gis_exercise/wlData/contour/wl_2023090903.json
{"header": {"refTime": "2023-09-09T03:00:00.000Z", "nx": 21, "ny": 33, "lo1": 113.509, "la1": 22.2235, "lo2": 113.5947, "la2": 22.1034, "dx": 0.0042850000000001385, "dy": 0.003753125000000024, "parameterCategory": 0, "parameterCategoryName": "Temperature", "parameterNumber": 0}, "z": [[0.39, 0.4, 0.42, 0.44, 0.46, 0.47, 0.47, 0.45, 0.42, 0.38, 0.35, 0.33, 0.32, 0.0, 0.0, 0.0, 0.0, 0.0, 0.0, 0.0], [0.39, 0.4, 0.42, 0.44, 0.48, 0.52, 0.53, 0.49, 0.43, 0.37, 0.33, 0.31, 0.0, 0.0, 0.0, 0.0, 0.0, 0.0, 0.0, 0.0], [0.38, 0.39, 0.41, 0.44, 0.49, 0.57, 0.64, 0.55, 0.42, 0.34, 0.3, 0.0, 0.0, 0.0, 0.0, 0.0, 0.0, 0.0, 0.0, 0.0], [0.37, 0.38, 0.39, 0.42, 0.47, 0.58, 0.91, 0.56, 0.36, 0.0, 0.0, 0.0, 0.0, 0.0, 0.0, 0.0, 0.0, 0.0, 0.0, 0.0], [0.36, 0.36, 0.37, 0.38, 0.4, 0.45, 0.49, 0.36, 0.0, 0.0, 0.0, 0.0, 0.0, 0.0, 0.0, 0.0, 0.0, 0.0, 0.0, 0.0], [0.34, 0.34, 0.34, 0.34, 0.33, 0.0, 0.0, 0.0, 0.0, 0.0, 0.0, 0.0, 0.0, 0.0, 0.0, 0.0, 0.0, 0.0, 0.0, 0.0], [0.0, 0.0, 0.0, 0.0, 0.0, 0.0, 0.0, 0.0, 0.0, 0.0, 0.0, 0.0, 0.0, 0.0, 0.0, 0.0, 0.0, 0.0, 0.0, 0.0], [0.33, 0.33, 0.33, 0.0, 0.0, 0.0, 0.0, 0.0, 0.0, 0.0, 0.0, 0.0, 0.0, 0.0, 0.0, 0.0, 0.0, 0.0, 0.0, 0.0], [0.34, 0.34, 0.35, 0.35, 0.35, 0.33, 0.07, 0.0, 0.0, 0.0, 0.0, 0.0, 0.0, 0.0, 0.0, 0.0, 0.0, 0.0, 0.0, 0.0], [0.35, 0.36, 0.36, 0.38, 0.41, 0.49, 0.87, 0.42, 0.35, 0.33, 0.0, 0.0, 0.0, 0.0, 0.0, 0.0, 0.0, 0.0, 0.0, 0.33], [0.36, 0.37, 0.38, 0.4, 0.43, 0.5, 0.56, 0.46, 0.39, 0.36, 0.34, 0.0, 0.0, 0.0, 0.0, 0.0, 0.34, 0.34, 0.35, 0.35], [0.36, 0.37, 0.38, 0.4, 0.43, 0.46, 0.47, 0.44, 0.4, 0.37, 0.35, 0.35, 0.33, 0.34, 0.35, 0.35, 0.35, 0.35, 0.35, 0.35], [0.37, 0.37, 0.38, 0.4, 0.41, 0.43, 0.43, 0.42, 0.39, 0.38, 0.35, 0.32, 0.34, 0.35, 0.35, 0.35, 0.35, 0.35, 0.35, 0.35], [0.37, 0.37, 0.38, 0.39, 0.4, 0.41, 0.4, 0.38, 0.35, 0.31, 0.3, 0.32, 0.34, 0.35, 0.36, 0.36, 0.35, 0.35, 0.35, 0.35], [0.37, 0.37, 0.38, 0.38, 0.38, 0.37, 0.34, 0.3, 0.26, 0.0, 0.29, 0.32, 0.35, 0.36, 0.36, 0.36, 0.36, 0.36, 0.35, 0.35], [0.36, 0.36, 0.36, 0.35, 0.33, 0.31, 0.27, 0.0, 0.0, 0.0, 0.27, 0.32, 0.36, 0.37, 0.37, 0.36, 0.36, 0.36, 0.35, 0.35], [0.35, 0.34, 0.33, 0.32, 0.29, 0.0, 0.0, 0.0, 0.0, 0.0, 0.0, 0.33, 0.38, 0.39, 0.38, 0.37, 0.36, 0.36, 0.35, 0.35], [0.33, 0.32, 0.31, 0.29, 0.0, 0.0, 0.0, 0.0, 0.0, 0.0, 0.0, 0.34, 0.43, 0.41, 0.39, 0.37, 0.36, 0.36, 0.35, 0.35], [0.31, 0.3, 0.0, 0.0, 0.0, 0.0, 0.0, 0.0, 0.0, 0.0, 0.0, 0.21, 0.65, 0.43, 0.39, 0.37, 0.36, 0.36, 0.35, 0.35], [0.0, 0.0, 0.0, 0.0, 0.0, 0.0, 0.0, 0.0, 0.0, 0.0, 0.0, 0.21, 0.35, 0.38, 0.37, 0.36, 0.36, 0.35, 0.35, 0.35], [0.0, 0.0, 0.0, 0.0, 0.0, 0.0, 0.0, 0.0, 0.0, 0.0, 0.0, 0.28, 0.32, 0.35, 0.36, 0.36, 0.35, 0.35, 1.65, 1.67], [0.0, 0.0, 0.0, 0.0, 0.0, 0.0, 0.0, 0.0, 0.0, 0.0, 0.0, 0.3, 0.32, 0.33, 1.68, 1.73, 1.74, 1.75, 1.75, 1.74], [0.0, 0.0, 0.0, 0.0, 0.0, 0.0, 0.0, 0.0, 0.0, 0.0, 1.38, 1.52, 1.7, 1.8, 2.05, 1.99, 1.93, 1.89, 1.85, 1.82], [0.0, 0.0, 0.0, 0.0, 0.0, 0.0, 0.0, 1.33, 1.43, 1.57, 1.76, 2.05, 2.4, 2.48, 2.47, 2.27, 2.12, 2.02, 1.95, 1.9], [0.0, 0.0, 0.0, 0.0, 0.0, 1.24, 1.28, 1.34, 1.44, 1.61, 1.89, 2.38, 3.12, 3.24, 2.64, 2.48, 2.27, 2.13, 2.03, 1.96], [0.0, 0.0, 0.0, 1.22, 1.22, 1.24, 1.26, 1.3, 1.37, 1.51, 1.79, 2.29, 3.05, 3.19, 2.64, 2.28, 2.28, 2.15, 2.07, 2.0], [0.0, 1.21, 1.21, 1.21, 1.21, 1.21, 1.21, 1.21, 1.22, 1.27, 1.46, 1.86, 2.33, 2.5, 2.35, 2.15, 2.0, 2.11, 2.04, 1.99], [1.22, 1.21, 1.21, 1.2, 1.19, 1.18, 1.15, 1.1, 1.02, 0.91, 0.95, 1.33, 1.75, 1.99, 2.03, 1.98, 1.89, 2.05, 2.0, 1.96], [1.22, 1.21, 1.21, 1.19, 1.18, 1.15, 1.1, 1.02, 0.86, 0.57, 0.29, 0.9, 1.37, 1.65, 1.78, 1.8, 1.78, 1.75, 1.95, 1.92], [1.22, 1.21, 1.2, 1.19, 1.17, 1.13, 1.08, 0.98, 0.83, 0.58, 0.45, 0.82, 1.2, 1.45, 1.6, 1.66, 1.68, 1.67, 1.89, 1.88], [1.22, 1.21, 1.2, 1.19, 1.16, 1.13, 1.08, 1.0, 0.89, 0.79, 0.77, 0.94, 1.17, 1.36, 1.49, 1.56, 1.6, 1.61, 1.6, 1.84], [1.22, 1.22, 1.2, 1.19, 1.17, 1.14, 1.09, 1.04, 0.98, 0.94, 0.96, 1.05, 1.19, 1.32, 1.42, 1.49, 1.53, 1.55, 1.56, 1.56]]}