gis_exercise/awsData/contour/humi_2023090607.json
{"header": {"refTime": "2023-09-06T07:00:00.000Z", "nx": 21, "ny": 33, "lo1": 113.509, "la1": 22.2235, "lo2": 113.5947, "la2": 22.1034, "dx": 0.0042850000000001385, "dy": 0.003753125000000024, "parameterCategory": 0, "parameterCategoryName": "Temperature", "parameterNumber": 0}, "z": [[76.27, 76.35, 76.46, 77.6, 77.67, 75.9, 76.1, 76.28, 76.26, 76.08, 75.52, 74.96, 73.11, 72.79, 72.86, 72.77, 70.6, 70.67, 70.72, 70.76], [76.21, 76.29, 76.4, 76.55, 77.65, 77.77, 76.34, 76.78, 77.0, 76.51, 75.54, 74.72, 72.78, 72.46, 72.6, 70.52, 70.63, 70.71, 70.77, 70.8], [76.13, 76.21, 76.31, 76.46, 77.61, 77.72, 77.92, 77.18, 78.52, 76.86, 75.36, 74.21, 72.21, 71.99, 70.36, 70.53, 70.68, 70.78, 70.84, 70.86], [76.04, 76.1, 76.19, 76.32, 76.5, 77.61, 77.77, 78.04, 78.29, 76.33, 74.83, 73.33, 71.31, 71.04, 70.33, 70.57, 70.76, 70.88, 70.93, 70.94], [75.93, 75.97, 76.03, 76.13, 76.28, 77.45, 77.51, 77.61, 77.66, 75.56, 74.32, 70.95, 69.81, 70.77, 70.35, 70.67, 70.92, 71.04, 71.07, 71.04], [75.8, 75.82, 75.85, 75.91, 76.01, 76.15, 77.23, 77.19, 77.18, 77.2, 72.61, 71.52, 70.57, 69.67, 70.48, 70.84, 71.16, 71.29, 71.23, 71.13], [74.34, 75.65, 75.64, 75.65, 75.71, 75.82, 75.5, 76.8, 76.74, 75.48, 75.28, 72.45, 70.14, 70.02, 70.65, 71.01, 71.48, 71.66, 71.45, 71.26], [74.28, 74.27, 74.26, 74.28, 74.35, 75.09, 75.38, 75.74, 75.82, 75.69, 76.22, 72.84, 72.81, 69.99, 71.63, 71.52, 71.74, 71.82, 71.69, 71.61], [74.72, 74.67, 74.14, 74.1, 74.08, 74.19, 74.56, 75.5, 76.32, 75.36, 74.69, 73.81, 73.38, 73.95, 71.6, 71.48, 71.61, 71.66, 71.63, 71.58], [73.0, 73.0, 73.0, 74.4, 74.21, 73.68, 74.05, 74.56, 76.57, 76.51, 73.35, 74.36, 74.04, 74.19, 71.6, 71.44, 71.52, 71.56, 71.56, 71.54], [73.0, 73.0, 73.0, 73.0, 73.0, 73.0, 73.0, 73.0, 74.06, 76.34, 77.0, 74.71, 74.44, 74.43, 71.61, 71.4, 71.46, 71.5, 71.51, 71.5], [73.0, 73.0, 73.0, 73.0, 73.0, 73.0, 73.0, 73.0, 73.0, -999.0, 77.0, 71.0, 71.0, 74.61, 71.62, 71.37, 71.41, 77.12, 76.99, 76.96], [73.0, 73.0, 73.0, 73.0, 73.0, 73.0, 73.0, 73.0, 73.0, 73.0, -999.0, 71.0, 71.0, 77.53, 74.66, 75.28, 75.21, 76.32, 76.16, 76.06], [73.0, 73.0, 73.0, 73.0, 73.0, 73.0, 73.0, 73.0, 73.0, 73.0, -999.0, 81.0, 81.0, 81.0, 75.5, 76.03, 75.88, 77.01, 76.77, 76.58], [73.0, 73.0, 73.0, 73.0, 73.0, 73.0, 73.0, 88.0, 88.0, 88.0, 88.0, 85.31, 81.0, 81.0, 81.0, 76.88, 76.61, 77.65, 77.33, 77.06], [73.0, 73.0, 82.44, 82.61, 82.9, 88.0, 88.0, 88.0, 88.0, 88.0, 83.6, 84.09, 83.42, 82.85, 83.49, 81.37, 81.42, 81.32, 78.94, 78.79], [82.63, 82.72, 78.29, 78.54, 88.0, 88.0, 88.0, 88.0, 88.0, 88.0, 84.99, 84.12, 83.21, 82.37, 81.95, 82.84, 83.5, 84.03, 84.42, 84.7], [78.35, 78.53, 78.8, 79.19, 88.0, 88.0, 88.0, 88.0, 88.0, 86.22, 85.28, 84.23, 83.14, 82.02, 81.13, 82.62, 83.55, 84.16, 84.57, 84.86], [78.65, 78.89, 79.23, 88.0, 88.0, 88.0, 88.0, 88.0, 87.37, 86.64, 86.17, 85.3, 83.1, 82.32, 82.48, 83.14, 83.91, 84.46, 84.83, 85.08], [78.86, 79.1, 88.57, 88.54, 88.51, 88.45, 88.37, 88.16, 87.45, 86.97, 86.33, 85.61, 83.31, 82.75, 83.65, 84.0, 84.49, 84.89, 85.18, 85.37], [88.61, 88.6, 88.58, 88.41, 88.39, 88.36, 88.33, 88.29, 87.15, 86.89, 86.46, 85.93, 83.45, 84.39, 84.5, 84.76, 85.07, 85.36, 85.57, 85.69], [88.47, 88.46, 88.46, 88.45, 88.44, 88.43, 88.42, 87.47, 87.14, 86.98, 86.69, 86.27, 83.93, 84.96, 85.11, 85.3, 85.5, 85.77, 85.99, 86.05], [88.48, 88.48, 88.48, 87.1, 87.17, 87.25, 87.35, 87.45, 87.53, 87.53, 87.43, 86.86, 87.85, 85.38, 85.55, 85.6, 85.47, 86.08, 86.48, 86.44], [86.91, 86.94, 86.98, 87.03, 87.09, 87.18, 87.3, 87.47, 87.69, 87.77, 87.54, 85.78, 87.93, 87.67, 87.36, 85.95, 84.28, 87.27, 87.21, 86.83], [86.85, 86.88, 86.91, 86.94, 87.0, 87.08, 87.22, 87.47, 87.94, 88.37, 87.67, 85.9, 85.18, 87.8, 87.61, 87.53, 87.97, 89.44, 87.74, 87.08], [86.8, 86.81, 86.82, 86.84, 86.88, 86.94, 87.05, 87.27, 87.74, 88.16, 86.65, 85.73, 85.11, 87.93, 87.84, 87.03, 87.76, 88.15, 87.56, 87.1], [86.73, 86.73, 86.73, 86.73, 86.74, 86.75, 86.78, 86.84, 86.93, 86.84, 85.72, 85.25, 84.9, 85.92, 86.38, 86.83, 87.26, 87.48, 87.42, 87.25], [86.67, 86.66, 86.64, 86.62, 86.58, 86.54, 86.47, 86.34, 86.07, 84.97, 84.62, 86.25, 86.97, 87.69, 86.15, 86.56, 86.88, 87.06, 87.09, 87.04], [86.61, 86.59, 86.55, 86.51, 86.44, 86.35, 86.19, 85.93, 85.43, 84.08, 83.9, 85.41, 86.5, 87.31, 85.93, 86.3, 86.58, 86.75, 86.83, 86.84], [86.56, 86.52, 86.48, 86.41, 86.33, 86.2, 86.01, 85.7, 85.81, 84.92, 84.39, 85.37, 86.34, 87.1, 85.76, 86.1, 86.35, 86.52, 86.62, 86.66], [86.51, 86.47, 86.41, 86.34, 86.24, 86.11, 85.91, 85.65, 85.99, 85.56, 85.42, 85.83, 86.45, 87.05, 85.66, 85.96, 86.18, 86.35, 86.45, 86.51], [86.47, 86.42, 86.36, 86.29, 86.19, 86.06, 85.89, 86.53, 86.27, 86.06, 86.04, 86.27, 86.66, 87.1, 85.62, 85.86, 86.06, 86.21, 86.32, 86.39]]}