gis_exercise/awsData/contour/humi_2023091209.json
{"header": {"refTime": "2023-09-12T09:00:00.000Z", "nx": 21, "ny": 33, "lo1": 113.509, "la1": 22.2235, "lo2": 113.5947, "la2": 22.1034, "dx": 0.0042850000000001385, "dy": 0.003753125000000024, "parameterCategory": 0, "parameterCategoryName": "Temperature", "parameterNumber": 0}, "z": [[89.4, 89.43, 89.46, 90.51, 90.49, 88.84, 88.9, 88.94, 88.91, 89.12, 88.89, 88.66, 87.05, 86.89, 87.65, 87.69, 86.69, 86.78, 86.85, 86.9], [89.39, 89.41, 89.45, 89.49, 90.49, 90.45, 89.01, 89.15, 89.21, 89.25, 88.88, 88.52, 86.89, 86.73, 87.52, 86.59, 86.74, 86.85, 86.93, 86.97], [89.36, 89.39, 89.42, 89.47, 90.49, 90.45, 90.39, 89.32, 89.81, 89.36, 88.79, 88.26, 86.61, 86.49, 86.39, 86.62, 86.81, 86.96, 87.04, 87.07], [89.33, 89.36, 89.39, 89.43, 89.49, 90.47, 90.42, 90.34, 90.27, 89.24, 88.6, 87.8, 86.15, 86.61, 86.35, 86.68, 86.95, 87.12, 87.2, 87.2], [89.3, 89.32, 89.34, 89.38, 89.44, 90.5, 90.48, 90.46, 90.49, 89.16, 88.53, 86.56, 85.64, 86.39, 86.38, 86.82, 87.19, 87.38, 87.41, 87.35], [89.26, 89.27, 89.28, 89.32, 89.37, 89.45, 90.51, 90.53, 90.61, 90.78, 87.96, 87.02, 86.23, 85.33, 86.5, 87.05, 87.57, 87.79, 87.68, 87.51], [88.89, 89.21, 89.21, 89.23, 89.27, 89.36, 90.01, 90.48, 90.56, 90.14, 90.08, 87.72, 85.57, 85.51, 86.66, 87.28, 88.1, 88.4, 88.26, 88.01], [88.86, 88.85, 88.84, 88.85, 88.9, 89.7, 89.88, 90.07, 89.99, 90.36, 91.14, 87.84, 87.81, 85.5, 87.88, 87.56, 88.21, 88.45, 88.08, 87.83], [89.15, 89.12, 88.76, 88.73, 88.72, 88.8, 89.04, 89.96, 90.64, 90.0, 89.69, 88.81, 88.38, 88.95, 87.81, 87.44, 87.82, 87.98, 87.89, 87.74], [88.0, 88.0, 88.0, 88.94, 88.8, 88.45, 88.7, 89.04, 91.14, 91.03, 88.35, 89.36, 89.04, 89.19, 87.8, 87.31, 87.55, 87.68, 87.69, 87.63], [88.0, 88.0, 88.0, 88.0, 88.0, 88.0, 88.0, 88.0, 88.71, 90.68, 92.0, 89.71, 89.44, 89.43, 87.83, 87.21, 87.39, 87.49, 87.52, 87.5], [88.0, 88.0, 88.0, 88.0, 88.0, 88.0, 88.0, 88.0, 88.0, -999.0, 92.0, 86.0, 86.0, 89.61, 87.87, 87.11, 87.22, 91.27, 91.22, 91.2], [88.0, 88.0, 88.0, 88.0, 88.0, 88.0, 88.0, 88.0, 88.0, 88.0, -999.0, 86.0, 86.0, 90.57, 88.56, 90.46, 90.43, 90.92, 90.85, 90.81], [88.0, 88.0, 88.0, 88.0, 88.0, 88.0, 88.0, 88.0, 88.0, 88.0, -999.0, 93.0, 93.0, 93.0, 89.15, 90.79, 90.73, 91.23, 91.12, 91.04], [88.0, 88.0, 88.0, 88.0, 88.0, 88.0, 88.0, 88.0, 88.0, 88.0, 88.0, 89.92, 93.0, 93.0, 93.0, 91.17, 91.05, 91.51, 91.37, 91.25], [88.0, 88.0, 88.0, 88.0, 88.0, 88.0, 88.0, 88.0, 88.0, 88.0, 91.15, 90.79, 91.27, 91.68, 91.22, 93.0, 93.0, 93.0, 91.97, 91.89], [88.0, 88.0, 88.0, 88.0, 88.0, 88.0, 88.0, 88.0, 88.0, 88.0, 90.15, 90.77, 91.42, 92.02, 92.4, 92.86, 92.81, 92.77, 92.74, 92.72], [88.0, 88.0, 88.0, 88.0, 88.0, 88.0, 88.0, 88.0, 88.0, 89.27, 89.94, 90.69, 91.47, 92.34, 92.92, 92.88, 92.81, 92.76, 92.73, 92.7], [88.0, 88.0, 88.0, 88.0, 88.0, 88.0, 88.0, 88.0, 88.45, 88.97, 90.18, 90.84, 91.63, 92.17, 92.89, 92.84, 92.78, 92.74, 92.71, 92.69], [88.0, 88.0, 90.29, 90.17, 90.03, 89.81, 89.49, 88.66, 88.91, 89.56, 90.23, 90.79, 91.51, 91.92, 92.8, 92.77, 92.74, 92.7, 92.68, 92.67], [90.44, 90.38, 90.31, 89.65, 89.57, 89.45, 89.3, 89.14, 89.72, 90.02, 90.44, 90.83, 91.45, 92.74, 92.73, 92.72, 92.69, 92.67, 92.65, 92.64], [89.86, 89.85, 89.82, 89.8, 89.76, 89.72, 89.69, 89.73, 90.31, 90.48, 90.71, 90.93, 92.67, 92.7, 92.69, 92.68, 92.66, 92.64, 92.62, 92.61], [89.94, 89.94, 89.94, 89.96, 89.97, 90.0, 90.06, 90.16, 90.29, 90.37, 90.36, 91.09, 92.33, 92.67, 92.66, 92.66, 92.68, 92.62, 92.58, 92.58], [90.0, 90.02, 90.04, 90.07, 90.11, 90.19, 90.32, 90.52, 90.76, 90.89, 90.74, 91.75, 92.32, 92.38, 92.44, 92.63, 92.79, 92.52, 92.52, 92.55], [90.05, 90.07, 90.1, 90.15, 90.22, 90.33, 90.49, 90.75, 91.18, 91.53, 91.05, 91.68, 91.73, 92.37, 92.42, 92.46, 92.45, 92.32, 92.47, 92.53], [90.09, 90.12, 90.16, 90.21, 90.29, 90.4, 90.56, 90.8, 91.18, 91.48, 91.62, 91.55, 91.61, 92.35, 92.39, 92.1, 92.17, 92.17, 92.48, 92.52], [90.12, 90.15, 90.19, 90.25, 90.32, 90.41, 90.54, 90.69, 90.85, 90.88, 91.33, 91.33, 91.44, 91.6, 91.81, 91.96, 92.05, 92.08, 92.08, 92.06], [90.14, 90.17, 90.21, 90.26, 90.32, 90.4, 90.47, 90.54, 90.56, 90.99, 90.89, 90.89, 91.04, 91.17, 91.67, 91.83, 91.93, 91.98, 92.0, 92.0], [90.16, 90.19, 90.22, 90.27, 90.31, 90.36, 90.41, 90.43, 90.39, 90.61, 90.25, 90.65, 90.91, 91.08, 91.55, 91.71, 91.82, 91.88, 91.92, 91.93], [90.17, 90.2, 90.23, 90.26, 90.3, 90.33, 90.35, 90.35, 90.78, 90.53, 90.38, 90.63, 90.86, 91.03, 91.46, 91.62, 91.73, 91.8, 91.84, 91.87], [90.17, 90.2, 90.23, 90.25, 90.28, 90.3, 90.32, 90.31, 90.81, 90.69, 90.65, 90.74, 90.89, 91.02, 91.41, 91.55, 91.66, 91.73, 91.78, 91.81], [90.18, 90.2, 90.22, 90.24, 90.27, 90.28, 90.29, 90.95, 90.88, 90.82, 90.8, 90.85, 90.94, 91.03, 91.39, 91.51, 91.61, 91.68, 91.73, 91.76]]}