gis_exercise/awsData/contour/humi_2023090117.json
{"header": {"refTime": "2023-09-01T17:00:00.000Z", "nx": 21, "ny": 33, "lo1": 113.509, "la1": 22.2235, "lo2": 113.5947, "la2": 22.1034, "dx": 0.0042850000000001385, "dy": 0.003753125000000024, "parameterCategory": 0, "parameterCategoryName": "Temperature", "parameterNumber": 0}, "z": [[73.57, 73.64, 73.73, 74.85, 74.91, 73.6, 73.76, 73.91, 73.91, 74.04, 73.65, 73.26, 72.26, 72.06, 71.96, 71.93, 70.87, 70.94, 70.99, 71.02], [73.51, 73.59, 73.68, 73.8, 74.89, 74.99, 73.94, 74.29, 74.48, 74.32, 73.66, 73.09, 72.02, 71.83, 71.78, 70.78, 70.89, 70.97, 71.02, 71.06], [73.45, 73.51, 73.6, 73.72, 74.85, 74.95, 75.11, 74.59, 75.63, 74.56, 73.53, 72.74, 71.61, 71.48, 70.62, 70.79, 70.93, 71.02, 71.08, 71.11], [73.37, 73.42, 73.5, 73.6, 73.75, 74.85, 74.98, 75.21, 75.43, 74.21, 73.17, 72.12, 70.93, 70.87, 70.58, 70.82, 71.0, 71.11, 71.16, 71.18], [73.28, 73.31, 73.36, 73.44, 73.56, 74.7, 74.75, 74.84, 74.91, 73.71, 72.84, 70.76, 69.75, 70.65, 70.6, 70.92, 71.14, 71.25, 71.27, 71.26], [73.17, 73.18, 73.21, 73.25, 73.33, 73.43, 74.49, 74.45, 74.48, 74.59, 72.12, 71.28, 70.48, 70.0, 70.76, 71.08, 71.34, 71.45, 71.41, 71.34], [71.89, 73.04, 73.03, 73.04, 73.07, 73.14, 73.01, 74.03, 74.02, 73.73, 73.85, 72.19, 70.71, 70.53, 70.98, 71.25, 71.61, 71.74, 71.45, 71.26], [71.86, 71.85, 71.84, 71.85, 71.9, 72.7, 72.88, 73.07, 73.17, 73.85, 74.49, 72.92, 72.9, 70.49, 72.0, 72.0, 72.0, 72.0, 72.0, 72.0], [72.15, 72.12, 71.76, 71.73, 71.72, 71.8, 72.04, 72.96, 73.64, 73.64, 73.85, 73.41, 73.19, 73.48, 72.0, 72.0, 72.0, 72.0, 72.0, 72.0], [71.0, 71.0, 71.0, 71.94, 71.8, 71.45, 71.7, 72.04, 74.14, 74.03, 73.18, 73.68, 73.52, 73.6, 72.0, 72.0, 72.0, 72.0, 72.0, 72.0], [71.0, 71.0, 71.0, 71.0, 71.0, 71.0, 71.0, 71.0, 71.71, 73.68, 75.0, 73.86, 73.72, 73.71, 72.0, 72.0, 72.0, 72.0, 72.0, 72.0], [71.0, 71.0, 71.0, 71.0, 71.0, 71.0, 71.0, 71.0, 71.0, -999.0, 75.0, 72.0, 72.0, 73.81, 72.0, 72.0, 72.0, 77.12, 76.99, 76.96], [71.0, 71.0, 71.0, 71.0, 71.0, 71.0, 71.0, 71.0, 71.0, 71.0, -999.0, 72.0, 72.0, 77.88, 75.29, 75.28, 75.21, 76.32, 76.16, 76.06], [71.0, 71.0, 71.0, 71.0, 71.0, 71.0, 71.0, 71.0, 71.0, 71.0, -999.0, 81.0, 81.0, 81.0, 76.05, 76.03, 75.88, 77.01, 76.77, 76.58], [71.0, 71.0, 71.0, 71.0, 71.0, 71.0, 71.0, 72.0, 72.0, 72.0, 72.0, 75.46, 81.0, 81.0, 81.0, 76.88, 76.61, 77.65, 77.33, 77.06], [71.0, 71.0, 71.63, 71.64, 71.66, 72.0, 72.0, 72.0, 72.0, 72.0, 77.66, 77.02, 77.89, 78.63, 77.79, 77.33, 76.78, 77.75, 75.94, 75.58], [71.64, 71.65, 71.35, 71.37, 72.0, 72.0, 72.0, 72.0, 72.0, 72.0, 75.87, 76.99, 78.16, 79.24, 78.81, 79.45, 78.9, 78.48, 78.18, 77.99], [71.36, 71.37, 71.39, 71.41, 72.0, 72.0, 72.0, 72.0, 72.0, 74.29, 75.49, 76.84, 78.25, 78.75, 80.68, 79.61, 78.83, 78.34, 78.03, 77.85], [71.38, 71.39, 71.42, 72.0, 72.0, 72.0, 72.0, 72.0, 72.81, 73.75, 74.78, 75.91, 76.73, 77.99, 79.71, 79.13, 78.48, 78.04, 77.79, 77.66], [71.39, 71.41, 72.57, 72.54, 72.51, 72.45, 72.37, 72.16, 72.96, 73.72, 74.65, 75.6, 76.08, 76.77, 78.65, 78.31, 77.89, 77.6, 77.47, 77.43], [72.61, 72.6, 72.58, 72.41, 72.39, 72.36, 72.33, 72.29, 73.63, 74.02, 74.62, 75.32, 75.46, 78.0, 77.81, 77.48, 77.19, 77.07, 77.11, 77.19], [72.47, 72.46, 72.46, 72.45, 72.44, 72.43, 72.42, 72.17, 73.93, 74.16, 74.55, 75.04, 75.2, 77.46, 77.14, 76.72, 76.41, 76.49, 76.77, 76.99], [72.48, 72.48, 72.48, 72.11, 72.13, 72.16, 72.2, 72.24, 72.29, 72.3, 72.27, 72.18, 74.7, 77.1, 76.68, 76.03, 75.32, 75.9, 76.61, 76.91], [72.07, 72.08, 72.09, 72.11, 72.14, 72.17, 72.23, 72.31, 72.42, 72.46, 72.37, 72.01, 74.67, 74.92, 75.06, 75.82, 73.41, 76.39, 76.87, 76.98], [72.06, 72.07, 72.08, 72.1, 72.13, 72.17, 72.24, 72.36, 72.56, 72.74, 72.46, 72.04, 71.83, 74.98, 75.24, 75.52, 77.04, 78.26, 77.27, 77.11], [72.05, 72.06, 72.07, 72.09, 72.11, 72.15, 72.2, 72.31, 72.51, 72.68, 72.26, 71.97, 71.79, 75.02, 75.35, 75.44, 76.14, 76.51, 77.28, 77.18], [72.04, 72.05, 72.05, 72.06, 72.08, 72.1, 72.13, 72.17, 72.23, 72.21, 71.95, 71.81, 71.71, 74.24, 74.73, 75.21, 75.63, 75.85, 75.79, 75.62], [72.03, 72.03, 72.03, 72.03, 72.04, 72.04, 72.03, 72.01, 71.94, 71.69, 71.58, 73.07, 73.76, 74.51, 74.47, 74.9, 75.24, 75.42, 75.46, 75.41], [72.01, 72.01, 72.01, 72.01, 72.0, 71.98, 71.94, 71.88, 71.73, 71.39, 71.56, 72.59, 73.45, 74.21, 74.23, 74.63, 74.92, 75.11, 75.19, 75.2], [72.0, 72.0, 71.99, 71.98, 71.96, 71.93, 71.88, 71.8, 72.73, 72.2, 71.9, 72.6, 73.37, 74.05, 74.05, 74.41, 74.68, 74.86, 74.97, 75.02], [71.99, 71.98, 71.97, 71.96, 71.94, 71.9, 71.85, 71.78, 72.91, 72.66, 72.62, 72.95, 73.47, 74.0, 73.94, 74.26, 74.5, 74.68, 74.79, 74.86], [71.98, 71.97, 71.96, 71.94, 71.92, 71.89, 71.84, 73.29, 73.14, 73.04, 73.07, 73.29, 73.64, 74.04, 73.89, 74.16, 74.37, 74.54, 74.65, 74.73]]}