gis_exercise/awsData/contour/humi_2023083123.json
{"header": {"refTime": "2023-08-31T23:00:00.000Z", "nx": 21, "ny": 33, "lo1": 113.509, "la1": 22.2235, "lo2": 113.5947, "la2": 22.1034, "dx": 0.0042850000000001385, "dy": 0.003753125000000024, "parameterCategory": 0, "parameterCategoryName": "Temperature", "parameterNumber": 0}, "z": [[84.2, 84.37, 84.58, 85.57, 85.79, 83.52, 83.96, 84.36, 84.37, 83.65, 82.49, 81.37, 79.09, 78.5, 77.57, 77.29, 73.41, 73.47, 73.52, 73.55], [84.09, 84.25, 84.46, 84.74, 85.76, 86.11, 84.43, 85.37, 85.89, 84.57, 82.58, 80.94, 78.46, 77.88, 77.06, 73.31, 73.41, 73.48, 73.54, 73.57], [83.94, 84.08, 84.28, 84.55, 85.63, 85.99, 86.6, 86.19, 89.01, 85.34, 82.22, 79.99, 77.38, 76.97, 73.13, 73.3, 73.43, 73.52, 73.57, 73.6], [83.76, 83.87, 84.04, 84.27, 84.61, 85.67, 86.16, 86.99, 87.76, 84.12, 81.1, 78.34, 75.62, 74.31, 73.08, 73.32, 73.48, 73.57, 73.62, 73.64], [83.55, 83.62, 83.73, 83.9, 84.14, 85.2, 85.4, 85.66, 85.77, 82.23, 79.9, 74.12, 72.33, 73.91, 73.11, 73.41, 73.58, 73.66, 73.69, 73.69], [83.33, 83.34, 83.39, 83.47, 83.61, 83.8, 84.59, 84.46, 84.33, 84.16, 76.58, 75.05, 73.61, 72.67, 73.32, 73.56, 73.71, 73.77, 73.76, 73.74], [80.34, 83.05, 83.01, 83.0, 83.04, 83.12, 81.25, 83.49, 83.23, 80.82, 80.47, 76.65, 73.85, 73.55, 73.64, 73.73, 73.86, 73.91, 73.45, 73.26], [80.28, 80.27, 80.26, 80.28, 80.35, 80.86, 81.15, 81.56, 81.65, 81.02, 81.3, 77.84, 77.81, 73.49, 74.74, 74.96, 74.52, 74.37, 74.61, 74.78], [80.72, 80.67, 80.14, 80.1, 80.08, 80.19, 80.56, 81.29, 82.0, 80.72, 79.69, 78.81, 78.38, 78.95, 74.8, 75.04, 74.79, 74.68, 74.74, 74.84], [79.0, 79.0, 79.0, 80.4, 80.21, 79.68, 80.05, 80.56, 82.0, 82.0, 78.35, 79.36, 79.04, 79.19, 74.8, 75.13, 74.96, 74.88, 74.88, 74.91], [79.0, 79.0, 79.0, 79.0, 79.0, 79.0, 79.0, 79.0, 80.06, 82.0, 82.0, 79.71, 79.44, 79.43, 74.78, 75.19, 75.07, 75.0, 74.99, 75.0], [79.0, 79.0, 79.0, 79.0, 79.0, 79.0, 79.0, 79.0, 79.0, -999.0, 82.0, 76.0, 76.0, 79.61, 74.76, 75.26, 75.19, 82.53, 82.32, 82.27], [79.0, 79.0, 79.0, 79.0, 79.0, 79.0, 79.0, 79.0, 79.0, 79.0, -999.0, 76.0, 76.0, 84.49, 80.75, 79.46, 79.35, 81.2, 80.94, 80.77], [79.0, 79.0, 79.0, 79.0, 79.0, 79.0, 79.0, 79.0, 79.0, 79.0, -999.0, 89.0, 89.0, 89.0, 81.85, 80.71, 80.47, 82.35, 81.95, 81.64], [79.0, 79.0, 79.0, 79.0, 79.0, 79.0, 79.0, 83.0, 83.0, 83.0, 83.0, 85.31, 89.0, 89.0, 89.0, 82.13, 81.68, 83.42, 82.88, 82.43], [79.0, 79.0, 81.52, 81.56, 81.64, 83.0, 83.0, 83.0, 83.0, 83.0, 86.78, 86.35, 86.93, 87.42, 86.86, 83.5, 82.66, 84.13, 81.02, 80.45], [81.57, 81.59, 80.41, 80.48, 83.0, 83.0, 83.0, 83.0, 83.0, 83.0, 85.58, 86.32, 87.11, 87.83, 86.61, 86.81, 86.04, 85.45, 85.04, 84.77], [80.43, 80.48, 80.55, 80.65, 83.0, 83.0, 83.0, 83.0, 83.0, 84.52, 85.33, 86.23, 87.17, 86.61, 88.64, 87.04, 85.94, 85.25, 84.82, 84.57], [80.51, 80.57, 80.66, 83.0, 83.0, 83.0, 83.0, 83.0, 83.54, 84.17, 83.99, 84.7, 84.64, 85.73, 87.18, 86.36, 85.43, 84.82, 84.48, 84.3], [80.56, 80.63, 80.71, 80.83, 80.97, 81.19, 81.51, 82.34, 83.12, 83.33, 83.74, 84.33, 83.87, 84.28, 85.68, 85.19, 84.59, 84.2, 84.02, 83.97], [80.56, 80.62, 80.69, 81.35, 81.43, 81.55, 81.7, 81.86, 82.99, 83.13, 83.42, 83.88, 83.02, 84.76, 84.48, 84.01, 83.59, 83.44, 83.51, 83.64], [81.14, 81.15, 81.18, 81.2, 81.24, 81.28, 81.31, 80.74, 82.61, 82.7, 82.95, 83.35, 80.95, 84.0, 83.52, 82.9, 82.45, 82.6, 83.04, 83.38], [81.06, 81.06, 81.06, 80.28, 80.3, 80.31, 80.3, 80.25, 80.15, 80.05, 80.0, 78.86, 80.59, 83.48, 82.86, 81.89, 80.81, 81.74, 82.84, 83.29], [80.13, 80.13, 80.13, 80.12, 80.1, 80.06, 79.98, 79.85, 79.69, 79.59, 79.63, 77.52, 80.59, 80.79, 80.83, 81.6, 77.83, 82.57, 83.29, 83.43], [80.05, 80.03, 80.01, 79.98, 79.93, 79.85, 79.74, 79.58, 79.35, 79.19, 79.36, 77.67, 77.21, 80.9, 81.14, 81.44, 83.61, 85.57, 83.94, 83.64], [79.97, 79.94, 79.91, 79.86, 79.79, 79.7, 79.57, 79.42, 79.24, 79.13, 78.15, 77.72, 77.31, 81.0, 81.36, 81.71, 82.64, 83.18, 83.94, 83.74], [79.9, 79.86, 79.82, 79.76, 79.68, 79.57, 79.45, 79.31, 79.18, 79.09, 77.96, 77.7, 77.39, 80.61, 81.06, 81.56, 82.06, 82.34, 82.26, 82.04], [79.84, 79.8, 79.74, 79.67, 79.59, 79.48, 79.35, 79.2, 79.03, 77.94, 77.87, 80.06, 80.88, 81.8, 80.87, 81.29, 81.64, 81.85, 81.88, 81.8], [79.79, 79.74, 79.68, 79.61, 79.52, 79.41, 79.28, 79.11, 78.89, 77.89, 78.55, 79.61, 80.58, 81.47, 80.67, 81.04, 81.33, 81.52, 81.59, 81.59], [79.75, 79.7, 79.64, 79.56, 79.47, 79.37, 79.24, 79.07, 79.69, 79.19, 78.9, 79.65, 80.5, 81.29, 80.52, 80.85, 81.1, 81.27, 81.37, 81.4], [79.72, 79.66, 79.6, 79.53, 79.45, 79.35, 79.23, 79.09, 79.91, 79.68, 79.66, 80.03, 80.62, 81.24, 80.43, 80.71, 80.93, 81.09, 81.19, 81.24], [79.69, 79.64, 79.58, 79.51, 79.44, 79.35, 79.25, 80.32, 80.18, 80.09, 80.15, 80.4, 80.81, 81.28, 80.38, 80.61, 80.81, 80.95, 81.05, 81.12]]}