gis_exercise/awsData/contour/humi_2023091320.json
{"header": {"refTime": "2023-09-13T20:00:00.000Z", "nx": 21, "ny": 33, "lo1": 113.509, "la1": 22.2235, "lo2": 113.5947, "la2": 22.1034, "dx": 0.0042850000000001385, "dy": 0.003753125000000024, "parameterCategory": 0, "parameterCategoryName": "Temperature", "parameterNumber": 0}, "z": [[89.02, 89.03, 89.04, 90.32, 90.26, 88.8, 88.79, 88.78, 88.75, 89.27, 89.24, 89.19, 88.45, 88.42, 88.46, 88.53, 88.87, 88.94, 88.99, 89.02], [89.01, 89.02, 89.03, 89.05, 90.26, 90.16, 88.83, 88.83, 88.82, 89.23, 89.2, 89.12, 88.37, 88.35, 88.41, 88.78, 88.89, 88.97, 89.02, 89.06], [89.0, 89.01, 89.03, 89.05, 90.28, 90.18, 90.01, 88.88, 88.96, 89.2, 89.17, 89.0, 88.23, 88.23, 88.62, 88.79, 88.93, 89.02, 89.08, 89.11], [88.99, 89.0, 89.02, 89.04, 89.07, 90.25, 90.11, 89.89, 89.68, 89.31, 89.18, 88.79, 87.97, 88.87, 88.58, 88.82, 89.0, 89.11, 89.16, 89.18], [88.97, 88.98, 89.0, 89.03, 89.07, 90.35, 90.29, 90.24, 90.27, 89.6, 89.33, 88.76, 87.75, 88.65, 88.6, 88.92, 89.14, 89.25, 89.27, 89.26], [88.95, 88.96, 88.98, 89.0, 89.05, 89.12, 90.45, 90.48, 90.62, 90.9, 90.12, 89.28, 88.48, 88.0, 88.76, 89.08, 89.34, 89.45, 89.41, 89.34], [88.89, 88.93, 88.94, 88.96, 89.01, 89.1, 90.26, 90.53, 90.68, 91.38, 91.65, 90.19, 88.71, 88.53, 88.98, 89.25, 89.61, 89.74, 89.45, 89.26], [88.86, 88.85, 88.84, 88.85, 88.9, 89.92, 90.11, 90.25, 90.34, 91.52, 92.41, 90.92, 90.9, 88.49, 90.0, 90.0, 90.0, 90.0, 90.0, 90.0], [89.15, 89.12, 88.76, 88.73, 88.72, 88.8, 89.04, 90.18, 90.96, 91.28, 91.85, 91.41, 91.19, 91.48, 90.0, 90.0, 90.0, 90.0, 90.0, 90.0], [88.0, 88.0, 88.0, 88.94, 88.8, 88.45, 88.7, 89.04, 91.71, 91.54, 91.18, 91.68, 91.52, 91.6, 90.0, 90.0, 90.0, 90.0, 90.0, 90.0], [88.0, 88.0, 88.0, 88.0, 88.0, 88.0, 88.0, 88.0, 88.71, 91.03, 93.0, 91.86, 91.72, 91.71, 90.0, 90.0, 90.0, 90.0, 90.0, 90.0], [88.0, 88.0, 88.0, 88.0, 88.0, 88.0, 88.0, 88.0, 88.0, -999.0, 93.0, 90.0, 90.0, 91.81, 90.0, 90.0, 90.0, 92.27, 92.22, 92.2], [88.0, 88.0, 88.0, 88.0, 88.0, 88.0, 88.0, 88.0, 88.0, 88.0, -999.0, 90.0, 90.0, 92.61, 91.46, 91.46, 91.43, 91.92, 91.85, 91.81], [88.0, 88.0, 88.0, 88.0, 88.0, 88.0, 88.0, 88.0, 88.0, 88.0, -999.0, 94.0, 94.0, 94.0, 91.8, 91.79, 91.73, 92.23, 92.12, 92.04], [88.0, 88.0, 88.0, 88.0, 88.0, 88.0, 88.0, 88.0, 88.0, 88.0, 88.0, 90.31, 94.0, 94.0, 94.0, 92.17, 92.05, 92.51, 92.37, 92.25], [88.0, 88.0, 88.0, 88.0, 88.0, 88.0, 88.0, 88.0, 88.0, 88.0, 91.78, 91.35, 91.93, 92.42, 91.86, 93.27, 93.16, 93.35, 92.42, 92.3], [88.0, 88.0, 88.0, 88.0, 88.0, 88.0, 88.0, 88.0, 88.0, 88.0, 90.58, 91.32, 92.11, 92.83, 93.06, 93.55, 93.39, 93.26, 93.18, 93.11], [88.0, 88.0, 88.0, 88.0, 88.0, 88.0, 88.0, 88.0, 88.0, 89.52, 90.33, 91.23, 92.17, 93.0, 93.87, 93.6, 93.37, 93.23, 93.13, 93.07], [88.0, 88.0, 88.0, 88.0, 88.0, 88.0, 88.0, 88.0, 88.54, 89.17, 90.29, 91.06, 91.99, 92.7, 93.63, 93.46, 93.27, 93.14, 93.07, 93.02], [88.0, 88.0, 89.71, 89.63, 89.52, 89.36, 89.12, 88.49, 88.9, 89.55, 90.28, 90.94, 91.76, 92.24, 93.33, 93.23, 93.11, 93.02, 92.97, 92.95], [89.83, 89.79, 89.73, 89.24, 89.18, 89.09, 88.98, 88.86, 89.64, 89.96, 90.41, 90.88, 91.59, 93.14, 93.1, 93.01, 92.93, 92.88, 92.87, 92.88], [89.4, 89.38, 89.37, 89.35, 89.32, 89.29, 89.27, 88.86, 90.12, 90.31, 90.57, 90.87, 92.38, 92.99, 92.92, 92.82, 92.74, 92.74, 92.77, 92.81], [89.45, 89.45, 89.45, 88.84, 88.88, 88.93, 89.01, 89.12, 89.24, 89.3, 89.25, 90.38, 91.93, 92.89, 92.79, 92.66, 92.54, 92.6, 92.7, 92.76], [88.78, 88.8, 88.83, 88.87, 88.93, 89.02, 89.16, 89.36, 89.62, 89.73, 89.54, 90.25, 91.9, 92.05, 92.18, 92.59, 92.27, 92.59, 92.69, 92.74], [88.78, 88.81, 88.84, 88.89, 88.96, 89.06, 89.23, 89.51, 90.0, 90.42, 89.79, 90.14, 90.17, 92.04, 92.19, 92.31, 92.66, 92.77, 92.72, 92.75], [88.78, 88.8, 88.84, 88.88, 88.95, 89.04, 89.19, 89.45, 89.91, 90.29, 90.12, 89.91, 89.95, 92.03, 92.17, 91.68, 91.99, 92.09, 92.74, 92.76], [88.77, 88.79, 88.82, 88.85, 88.9, 88.97, 89.06, 89.18, 89.33, 89.31, 89.53, 89.49, 89.64, 90.54, 91.01, 91.39, 91.65, 91.76, 91.74, 91.67], [88.76, 88.77, 88.79, 88.81, 88.84, 88.86, 88.88, 88.86, 88.75, 88.89, 88.67, 89.07, 89.51, 89.93, 90.71, 91.08, 91.34, 91.47, 91.52, 91.5], [88.74, 88.75, 88.76, 88.76, 88.77, 88.75, 88.71, 88.6, 88.35, 88.14, 87.58, 88.53, 89.2, 89.7, 90.44, 90.81, 91.07, 91.23, 91.31, 91.34], [88.72, 88.73, 88.72, 88.72, 88.7, 88.67, 88.59, 88.45, 88.79, 88.23, 87.88, 88.5, 89.1, 89.57, 90.25, 90.6, 90.86, 91.03, 91.13, 91.18], [88.71, 88.7, 88.69, 88.68, 88.65, 88.61, 88.53, 88.4, 88.9, 88.62, 88.54, 88.79, 89.17, 89.53, 90.14, 90.45, 90.69, 90.86, 90.98, 91.05], [88.69, 88.68, 88.67, 88.65, 88.62, 88.57, 88.5, 89.24, 89.07, 88.94, 88.92, 89.06, 89.3, 89.56, 90.09, 90.36, 90.58, 90.74, 90.85, 90.94]]}