gis_exercise/awsData/contour/humi_2023091104.json
{"header": {"refTime": "2023-09-11T04:00:00.000Z", "nx": 21, "ny": 33, "lo1": 113.509, "la1": 22.2235, "lo2": 113.5947, "la2": 22.1034, "dx": 0.0042850000000001385, "dy": 0.003753125000000024, "parameterCategory": 0, "parameterCategoryName": "Temperature", "parameterNumber": 0}, "z": [[93.7, 93.71, 93.73, 95.03, 94.98, 93.3, 93.34, 93.37, 93.35, 94.02, 93.93, 93.83, 92.57, 92.49, 91.9, 91.84, 91.54, 91.53, 91.53, 91.53], [93.69, 93.71, 93.72, 93.74, 94.97, 94.9, 93.4, 93.49, 93.53, 94.01, 93.89, 93.73, 92.46, 92.39, 91.82, 91.53, 91.52, 91.52, 91.51, 91.51], [93.68, 93.69, 93.71, 93.73, 94.98, 94.9, 94.78, 93.59, 93.89, 94.02, 93.84, 93.56, 92.28, 92.24, 91.51, 91.51, 91.5, 91.49, 91.49, 91.49], [93.67, 93.68, 93.69, 93.72, 93.74, 94.94, 94.85, 94.68, 94.54, 94.08, 93.81, 93.27, 91.97, 92.84, 91.5, 91.5, 91.48, 91.46, 91.46, 91.47], [93.65, 93.66, 93.67, 93.69, 93.72, 95.0, 94.96, 94.93, 94.98, 94.31, 93.92, 92.76, 91.74, 92.6, 91.51, 91.49, 91.44, 91.41, 91.41, 91.44], [93.63, 93.63, 93.64, 93.66, 93.68, 93.72, 95.03, 95.05, 95.22, 95.57, 94.23, 93.27, 92.42, 91.67, 91.56, 91.48, 91.37, 91.32, 91.36, 91.41], [93.45, 93.6, 93.6, 93.61, 93.64, 93.68, 94.76, 94.95, 95.12, 95.65, 95.95, 94.12, 92.14, 92.02, 91.66, 91.48, 91.25, 91.17, 91.0, 91.0], [93.43, 93.42, 93.42, 93.43, 93.45, 94.53, 94.62, 94.58, 94.39, 95.86, 97.1, 94.54, 94.51, 91.99, 91.74, 91.96, 91.52, 91.37, 91.61, 91.78], [93.57, 93.56, 93.38, 93.37, 93.36, 93.4, 93.52, 94.64, 95.27, 95.49, 96.08, 95.34, 94.98, 95.46, 91.8, 92.04, 91.79, 91.68, 91.74, 91.84], [93.0, 93.0, 93.0, 93.47, 93.4, 93.23, 93.35, 93.52, 96.27, 96.05, 94.96, 95.8, 95.53, 95.66, 91.8, 92.13, 91.96, 91.88, 91.88, 91.91], [93.0, 93.0, 93.0, 93.0, 93.0, 93.0, 93.0, 93.0, 93.35, 95.37, 98.0, 96.09, 95.87, 95.85, 91.78, 92.19, 92.07, 92.0, 91.99, 92.0], [93.0, 93.0, 93.0, 93.0, 93.0, 93.0, 93.0, 93.0, 93.0, -999.0, 98.0, 93.0, 93.0, 96.01, 91.76, 92.26, 92.19, 95.55, 95.44, 95.41], [93.0, 93.0, 93.0, 93.0, 93.0, 93.0, 93.0, 93.0, 93.0, 93.0, -999.0, 93.0, 93.0, 96.92, 95.19, 93.91, 93.85, 94.84, 94.7, 94.61], [93.0, 93.0, 93.0, 93.0, 93.0, 93.0, 93.0, 93.0, 93.0, 93.0, -999.0, 99.0, 99.0, 99.0, 95.7, 94.58, 94.45, 95.46, 95.24, 95.08], [93.0, 93.0, 93.0, 93.0, 93.0, 93.0, 93.0, 92.0, 92.0, 92.0, 92.0, 94.69, 99.0, 99.0, 99.0, 95.34, 95.1, 96.02, 95.73, 95.5], [93.0, 93.0, 92.37, 92.36, 92.34, 92.0, 92.0, 92.0, 92.0, 92.0, 96.4, 95.91, 96.58, 97.15, 96.51, 97.9, 97.73, 98.03, 96.11, 95.9], [92.36, 92.35, 92.65, 92.63, 92.0, 92.0, 92.0, 92.0, 92.0, 92.0, 95.01, 95.88, 96.79, 97.63, 97.83, 98.11, 97.8, 97.55, 97.37, 97.25], [92.64, 92.63, 92.61, 92.59, 92.0, 92.0, 92.0, 92.0, 92.0, 93.78, 94.72, 95.77, 96.86, 97.76, 98.83, 98.21, 97.77, 97.48, 97.29, 97.17], [92.62, 92.61, 92.58, 92.0, 92.0, 92.0, 92.0, 92.0, 92.63, 93.36, 94.76, 95.66, 96.54, 97.38, 98.28, 97.95, 97.58, 97.32, 97.16, 97.06], [92.61, 92.59, 94.29, 94.17, 94.03, 93.81, 93.49, 92.66, 93.1, 93.9, 94.78, 95.54, 96.24, 96.8, 97.69, 97.51, 97.27, 97.09, 96.98, 96.93], [94.44, 94.38, 94.31, 93.65, 93.57, 93.45, 93.3, 93.14, 94.03, 94.41, 94.96, 95.5, 96.0, 97.33, 97.25, 97.09, 96.93, 96.83, 96.79, 96.78], [93.86, 93.85, 93.82, 93.8, 93.76, 93.72, 93.69, 93.73, 94.65, 94.88, 95.19, 95.52, 97.06, 97.04, 96.91, 96.75, 96.61, 96.57, 96.59, 96.64], [93.94, 93.94, 93.94, 93.96, 93.97, 94.0, 94.06, 94.16, 94.29, 94.37, 94.36, 94.82, 96.0, 96.83, 96.68, 96.48, 96.32, 96.33, 96.42, 96.52], [94.0, 94.02, 94.04, 94.07, 94.11, 94.19, 94.32, 94.52, 94.76, 94.89, 94.74, 95.5, 96.0, 96.0, 96.0, 96.34, 96.09, 96.16, 96.31, 96.44], [94.05, 94.07, 94.1, 94.15, 94.22, 94.33, 94.49, 94.75, 95.18, 95.53, 95.05, 95.46, 95.43, 96.0, 96.0, 96.0, 96.17, 96.14, 96.29, 96.41], [94.09, 94.12, 94.16, 94.21, 94.29, 94.4, 94.56, 94.8, 95.18, 95.48, 95.5, 95.36, 95.34, 96.0, 96.0, 95.7, 95.79, 95.81, 96.34, 96.42], [94.12, 94.15, 94.19, 94.25, 94.32, 94.41, 94.54, 94.69, 94.85, 94.88, 95.2, 95.16, 95.2, 95.29, 95.45, 95.59, 95.67, 95.71, 95.7, 95.68], [94.14, 94.17, 94.21, 94.26, 94.32, 94.4, 94.47, 94.54, 94.56, 94.89, 94.78, 94.89, 95.04, 95.17, 95.34, 95.48, 95.57, 95.61, 95.63, 95.62], [94.16, 94.19, 94.22, 94.27, 94.31, 94.36, 94.41, 94.43, 94.39, 94.53, 94.25, 94.65, 94.91, 95.08, 95.25, 95.38, 95.47, 95.53, 95.56, 95.57], [94.17, 94.2, 94.23, 94.26, 94.3, 94.33, 94.35, 94.35, 94.78, 94.53, 94.38, 94.63, 94.86, 95.03, 95.18, 95.3, 95.4, 95.46, 95.49, 95.51], [94.17, 94.2, 94.23, 94.25, 94.28, 94.3, 94.32, 94.31, 94.81, 94.69, 94.65, 94.74, 94.89, 95.02, 95.14, 95.25, 95.34, 95.4, 95.44, 95.47], [94.18, 94.2, 94.22, 94.24, 94.27, 94.28, 94.29, 94.95, 94.88, 94.82, 94.8, 94.85, 94.94, 95.03, 95.12, 95.22, 95.3, 95.35, 95.4, 95.42]]}