gis_exercise/awsData/contour/humi_2023090817.json
{"header": {"refTime": "2023-09-08T17:00:00.000Z", "nx": 21, "ny": 33, "lo1": 113.509, "la1": 22.2235, "lo2": 113.5947, "la2": 22.1034, "dx": 0.0042850000000001385, "dy": 0.003753125000000024, "parameterCategory": 0, "parameterCategoryName": "Temperature", "parameterNumber": 0}, "z": [[93.11, 93.25, 93.42, 96.18, 96.28, 94.1, 94.4, 94.68, 94.73, 95.92, 95.46, 95.0, 92.98, 92.72, 91.42, 91.2, 89.45, 89.42, 89.4, 89.39], [93.02, 93.15, 93.32, 93.56, 96.23, 96.39, 94.64, 95.25, 95.6, 96.22, 95.45, 94.77, 92.68, 92.42, 91.17, 89.46, 89.41, 89.37, 89.35, 89.34], [92.9, 93.01, 93.18, 93.4, 96.14, 96.3, 96.58, 95.71, 97.42, 96.48, 95.29, 94.3, 92.16, 91.98, 89.49, 89.43, 89.36, 89.31, 89.29, 89.28], [92.75, 92.84, 92.97, 93.16, 93.44, 96.1, 96.33, 96.74, 97.12, 96.13, 94.89, 93.49, 91.31, 91.66, 89.47, 89.39, 89.29, 89.22, 89.2, 89.21], [92.58, 92.64, 92.72, 92.86, 93.05, 95.8, 95.89, 96.06, 96.27, 95.72, 94.6, 91.54, 90.06, 91.32, 89.48, 89.34, 89.17, 89.07, 89.07, 89.12], [92.39, 92.41, 92.44, 92.5, 92.6, 92.74, 95.33, 95.26, 95.47, 96.02, 93.65, 92.28, 91.06, 90.0, 89.54, 89.27, 88.96, 88.82, 88.91, 89.03], [89.89, 92.16, 92.13, 92.12, 92.14, 92.18, 92.53, 94.21, 94.31, 94.89, 95.66, 93.52, 90.71, 90.53, 89.65, 89.2, 88.63, 88.42, 88.18, 88.25], [89.86, 89.85, 89.84, 89.85, 89.9, 92.05, 92.24, 92.15, 91.96, 95.22, 97.54, 94.15, 94.11, 90.49, 89.49, 89.92, 89.05, 88.73, 89.23, 89.56], [90.15, 90.12, 89.76, 89.73, 89.72, 89.8, 90.04, 92.28, 93.55, 94.62, 96.31, 95.28, 94.78, 95.44, 89.59, 90.08, 89.57, 89.36, 89.48, 89.67], [89.0, 89.0, 89.0, 89.94, 89.8, 89.45, 89.7, 90.04, 95.55, 95.1, 94.74, 95.92, 95.54, 95.72, 89.6, 90.25, 89.93, 89.76, 89.75, 89.83], [89.0, 89.0, 89.0, 89.0, 89.0, 89.0, 89.0, 89.0, 89.71, 93.73, 99.0, 96.33, 96.02, 96.0, 89.55, 90.38, 90.15, 90.01, 89.98, 90.0], [89.0, 89.0, 89.0, 89.0, 89.0, 89.0, 89.0, 89.0, 89.0, -999.0, 99.0, 92.0, 92.0, 96.21, 89.51, 90.52, 90.38, 94.25, 94.1, 94.06], [89.0, 89.0, 89.0, 89.0, 89.0, 89.0, 89.0, 89.0, 89.0, 89.0, -999.0, 92.0, 92.0, 96.57, 94.56, 92.0, 91.92, 93.28, 93.09, 92.96], [89.0, 89.0, 89.0, 89.0, 89.0, 89.0, 89.0, 89.0, 89.0, 89.0, -999.0, 99.0, 99.0, 99.0, 95.15, 92.92, 92.75, 94.13, 93.83, 93.6], [89.0, 89.0, 89.0, 89.0, 89.0, 89.0, 89.0, 94.0, 94.0, 94.0, 94.0, 95.92, 99.0, 99.0, 99.0, 93.96, 93.63, 94.91, 94.51, 94.18], [89.0, 89.0, 92.15, 92.2, 92.3, 94.0, 94.0, 94.0, 94.0, 94.0, 97.15, 96.79, 97.27, 97.68, 97.22, 96.43, 96.04, 96.73, 94.24, 93.9], [92.21, 92.24, 90.76, 90.85, 94.0, 94.0, 94.0, 94.0, 94.0, 94.0, 96.15, 96.77, 97.42, 98.02, 97.62, 97.91, 97.53, 97.23, 97.03, 96.89], [90.78, 90.84, 90.93, 91.06, 94.0, 94.0, 94.0, 94.0, 94.0, 95.27, 95.94, 96.69, 97.47, 97.6, 98.8, 98.03, 97.48, 97.14, 96.92, 96.79], [90.88, 90.96, 91.08, 94.0, 94.0, 94.0, 94.0, 94.0, 94.45, 94.97, 96.0, 96.64, 96.36, 97.11, 98.1, 97.69, 97.23, 96.93, 96.75, 96.66], [90.95, 91.03, 95.71, 95.63, 95.52, 95.36, 95.12, 94.49, 94.8, 95.38, 96.01, 96.56, 95.95, 96.32, 97.35, 97.11, 96.82, 96.62, 96.53, 96.5], [95.83, 95.79, 95.73, 95.24, 95.18, 95.09, 94.98, 94.86, 95.48, 95.76, 96.15, 96.54, 95.53, 96.9, 96.76, 96.54, 96.33, 96.25, 96.27, 96.33], [95.4, 95.38, 95.37, 95.35, 95.32, 95.29, 95.27, 94.86, 95.95, 96.11, 96.33, 96.57, 96.11, 96.53, 96.3, 96.0, 95.78, 95.84, 96.04, 96.2], [95.45, 95.45, 95.45, 94.84, 94.88, 94.93, 95.01, 95.12, 95.24, 95.3, 95.25, 94.8, 95.93, 96.27, 95.98, 95.52, 95.03, 95.43, 95.93, 96.14], [94.78, 94.8, 94.83, 94.87, 94.93, 95.02, 95.16, 95.36, 95.62, 95.73, 95.54, 94.77, 95.99, 95.76, 95.52, 95.37, 93.69, 95.77, 96.11, 96.19], [94.78, 94.81, 94.84, 94.89, 94.96, 95.06, 95.23, 95.51, 96.0, 96.42, 95.79, 94.86, 94.35, 95.85, 95.68, 95.58, 96.23, 97.08, 96.39, 96.28], [94.78, 94.8, 94.84, 94.88, 94.95, 95.04, 95.19, 95.45, 95.91, 96.29, 95.4, 94.76, 94.32, 95.94, 95.84, 95.26, 95.7, 95.95, 96.4, 96.32], [94.77, 94.79, 94.82, 94.85, 94.9, 94.97, 95.06, 95.18, 95.33, 95.31, 94.77, 94.44, 94.19, 94.62, 94.88, 95.15, 95.4, 95.54, 95.5, 95.4], [94.76, 94.77, 94.79, 94.81, 94.84, 94.86, 94.88, 94.86, 94.75, 94.28, 94.05, 95.07, 95.51, 95.93, 94.76, 94.99, 95.18, 95.29, 95.31, 95.27], [94.74, 94.75, 94.76, 94.76, 94.77, 94.75, 94.71, 94.6, 94.35, 93.7, 93.58, 94.53, 95.2, 95.7, 94.64, 94.85, 95.01, 95.11, 95.16, 95.16], [94.72, 94.73, 94.72, 94.72, 94.7, 94.67, 94.59, 94.45, 94.79, 94.23, 93.88, 94.5, 95.1, 95.57, 94.54, 94.74, 94.88, 94.98, 95.03, 95.05], [94.71, 94.7, 94.69, 94.68, 94.65, 94.61, 94.53, 94.4, 94.9, 94.62, 94.54, 94.79, 95.17, 95.53, 94.49, 94.65, 94.78, 94.88, 94.94, 94.97], [94.69, 94.68, 94.67, 94.65, 94.62, 94.57, 94.5, 95.24, 95.07, 94.94, 94.92, 95.06, 95.3, 95.56, 94.46, 94.6, 94.71, 94.8, 94.86, 94.9]]}