gis_exercise/awsData/contour/humi_2023090411.json
{"header": {"refTime": "2023-09-04T11:00:00.000Z", "nx": 21, "ny": 33, "lo1": 113.509, "la1": 22.2235, "lo2": 113.5947, "la2": 22.1034, "dx": 0.0042850000000001385, "dy": 0.003753125000000024, "parameterCategory": 0, "parameterCategoryName": "Temperature", "parameterNumber": 0}, "z": [[61.07, 61.09, 61.12, 61.66, 61.68, 60.79, 60.88, 60.96, 60.97, 61.43, 61.29, 61.15, 60.57, 60.49, 61.33, 61.45, 61.31, 61.43, 61.52, 61.57], [61.06, 61.08, 61.1, 61.13, 61.67, 61.7, 60.96, 61.14, 61.25, 61.52, 61.29, 61.07, 60.46, 60.39, 61.26, 61.18, 61.36, 61.51, 61.61, 61.66], [61.04, 61.06, 61.08, 61.11, 61.64, 61.68, 61.73, 61.29, 61.82, 61.59, 61.23, 60.91, 60.28, 60.24, 60.93, 61.21, 61.46, 61.63, 61.73, 61.78], [61.02, 61.03, 61.04, 61.06, 61.1, 61.63, 61.67, 61.76, 61.84, 61.51, 61.12, 60.64, 59.97, 60.25, 60.88, 61.29, 61.62, 61.83, 61.92, 61.92], [61.0, 61.0, 61.01, 61.02, 61.03, 61.55, 61.57, 61.61, 61.68, 61.44, 61.06, 60.17, 59.5, 60.1, 60.91, 61.46, 61.9, 62.13, 62.17, 62.1], [60.98, 60.98, 60.97, 60.97, 60.95, 60.93, 61.42, 61.4, 61.49, 61.71, 61.08, 60.52, 59.98, 59.67, 61.08, 61.74, 62.35, 62.61, 62.48, 62.29], [60.55, 60.96, 60.94, 60.93, 60.9, 60.84, 61.01, 61.09, 61.14, 61.58, 61.91, 61.13, 60.14, 60.02, 61.32, 62.03, 62.97, 63.32, 63.08, 62.76], [60.57, 60.58, 60.58, 60.57, 60.55, 61.06, 60.96, 60.69, 60.4, 61.68, 62.53, 61.61, 61.6, 59.99, 62.88, 62.56, 63.21, 63.45, 63.08, 62.83], [60.43, 60.44, 60.62, 60.63, 60.64, 60.6, 60.48, 60.9, 60.96, 61.49, 62.23, 61.94, 61.79, 61.98, 62.81, 62.44, 62.82, 62.98, 62.89, 62.74], [61.0, 61.0, 61.0, 60.53, 60.6, 60.77, 60.65, 60.48, 61.71, 61.54, 61.78, 62.12, 62.01, 62.06, 62.8, 62.31, 62.55, 62.68, 62.69, 62.63], [61.0, 61.0, 61.0, 61.0, 61.0, 61.0, 61.0, 61.0, 60.65, 61.03, 63.0, 62.24, 62.15, 62.14, 62.83, 62.21, 62.39, 62.49, 62.52, 62.5], [61.0, 61.0, 61.0, 61.0, 61.0, 61.0, 61.0, 61.0, 61.0, -999.0, 63.0, 61.0, 61.0, 62.2, 62.87, 62.11, 62.22, 67.41, 67.33, 67.31], [61.0, 61.0, 61.0, 61.0, 61.0, 61.0, 61.0, 61.0, 61.0, 61.0, -999.0, 61.0, 61.0, 66.88, 64.29, 66.18, 66.14, 66.88, 66.77, 66.71], [61.0, 61.0, 61.0, 61.0, 61.0, 61.0, 61.0, 61.0, 61.0, 61.0, -999.0, 70.0, 70.0, 70.0, 65.05, 66.68, 66.59, 67.34, 67.18, 67.06], [61.0, 61.0, 61.0, 61.0, 61.0, 61.0, 61.0, 65.0, 65.0, 65.0, 65.0, 66.92, 70.0, 70.0, 70.0, 67.25, 67.07, 67.77, 67.55, 67.37], [61.0, 61.0, 63.52, 63.56, 63.64, 65.0, 65.0, 65.0, 65.0, 65.0, 68.15, 67.79, 68.27, 68.68, 68.22, 70.73, 70.84, 70.65, 68.99, 68.91], [63.57, 63.59, 62.41, 62.48, 65.0, 65.0, 65.0, 65.0, 65.0, 65.0, 67.15, 67.77, 68.42, 69.02, 69.63, 70.59, 70.8, 70.97, 71.09, 71.17], [62.43, 62.48, 62.55, 62.65, 65.0, 65.0, 65.0, 65.0, 65.0, 66.27, 66.94, 67.69, 68.47, 69.56, 69.95, 70.52, 70.82, 71.02, 71.14, 71.22], [62.51, 62.57, 62.66, 65.0, 65.0, 65.0, 65.0, 65.0, 65.45, 65.97, 66.63, 67.26, 68.99, 69.47, 70.48, 70.7, 70.95, 71.12, 71.23, 71.29], [62.56, 62.63, 65.57, 65.54, 65.51, 65.45, 65.37, 65.16, 65.58, 66.03, 66.57, 67.1, 68.95, 69.37, 70.87, 70.99, 71.15, 71.27, 71.34, 71.38], [65.61, 65.6, 65.58, 65.41, 65.39, 65.36, 65.33, 65.29, 66.01, 66.24, 66.58, 66.97, 68.99, 71.12, 71.17, 71.27, 71.38, 71.45, 71.48, 71.48], [65.47, 65.46, 65.46, 65.45, 65.44, 65.43, 65.42, 64.65, 66.23, 66.37, 66.58, 66.85, 69.33, 71.31, 71.39, 71.5, 71.59, 71.62, 71.61, 71.58], [65.48, 65.48, 65.48, 64.35, 64.41, 64.48, 64.56, 64.65, 64.72, 64.73, 64.64, 67.28, 69.78, 71.45, 71.55, 71.68, 71.79, 71.78, 71.72, 71.66], [64.2, 64.23, 64.26, 64.3, 64.35, 64.43, 64.53, 64.68, 64.87, 64.94, 64.75, 66.23, 69.64, 70.3, 70.88, 71.77, 71.94, 71.89, 71.79, 71.71], [64.16, 64.18, 64.2, 64.23, 64.28, 64.35, 64.47, 64.69, 65.1, 65.46, 64.87, 65.94, 66.39, 70.22, 70.81, 71.3, 71.89, 71.91, 71.81, 71.73], [64.11, 64.12, 64.13, 64.15, 64.19, 64.24, 64.34, 64.53, 64.93, 65.29, 65.47, 65.55, 65.97, 70.12, 70.67, 70.33, 70.84, 70.98, 71.77, 71.72], [64.06, 64.06, 64.06, 64.07, 64.07, 64.08, 64.11, 64.17, 64.25, 64.18, 64.77, 64.95, 65.45, 68.07, 69.0, 69.73, 70.21, 70.4, 70.38, 70.25], [64.01, 64.0, 63.99, 63.97, 63.95, 63.91, 63.86, 63.75, 63.54, 63.84, 63.59, 64.1, 64.88, 65.69, 68.39, 69.13, 69.61, 69.87, 69.95, 69.93], [63.96, 63.94, 63.92, 63.88, 63.83, 63.75, 63.63, 63.41, 63.01, 62.78, 61.86, 63.32, 64.43, 65.31, 67.86, 68.59, 69.1, 69.4, 69.56, 69.61], [63.92, 63.89, 63.85, 63.8, 63.73, 63.63, 63.48, 63.23, 63.66, 62.83, 62.33, 63.3, 64.28, 65.09, 67.48, 68.18, 68.68, 69.01, 69.21, 69.32], [63.88, 63.84, 63.8, 63.74, 63.66, 63.55, 63.4, 63.18, 63.86, 63.45, 63.34, 63.76, 64.4, 65.04, 67.26, 67.88, 68.35, 68.69, 68.92, 69.06], [63.84, 63.81, 63.76, 63.7, 63.62, 63.52, 63.38, 64.39, 64.15, 63.96, 63.96, 64.2, 64.62, 65.08, 67.17, 67.7, 68.12, 68.44, 68.68, 68.84]]}