gis_exercise/awsData/contour/humi_2023090403.json
{"header": {"refTime": "2023-09-04T03:00:00.000Z", "nx": 21, "ny": 33, "lo1": 113.509, "la1": 22.2235, "lo2": 113.5947, "la2": 22.1034, "dx": 0.0042850000000001385, "dy": 0.003753125000000024, "parameterCategory": 0, "parameterCategoryName": "Temperature", "parameterNumber": 0}, "z": [[79.5, 79.53, 79.58, 78.64, 78.81, 78.1, 78.4, 78.68, 78.73, 78.76, 78.19, 77.64, 76.74, 76.46, 76.56, 76.49, 74.6, 74.67, 74.72, 74.76], [79.48, 79.5, 79.54, 79.61, 78.77, 79.04, 78.64, 79.25, 79.6, 79.23, 78.24, 77.44, 76.45, 76.17, 76.32, 74.52, 74.63, 74.71, 74.77, 74.8], [79.45, 79.46, 79.49, 79.54, 78.66, 78.95, 79.42, 79.71, 81.42, 79.62, 78.07, 77.0, 75.94, 75.74, 74.36, 74.53, 74.68, 74.78, 74.84, 74.86], [79.41, 79.41, 79.42, 79.44, 79.48, 78.69, 79.06, 79.71, 80.31, 78.98, 77.51, 76.22, 75.11, 74.25, 74.33, 74.57, 74.76, 74.88, 74.93, 74.94], [79.39, 79.37, 79.35, 79.33, 79.3, 78.3, 78.45, 78.67, 78.79, 77.97, 76.87, 74.17, 73.5, 74.1, 74.35, 74.67, 74.92, 75.04, 75.07, 75.04], [79.37, 79.34, 79.3, 79.24, 79.13, 78.96, 77.78, 77.68, 77.64, 77.68, 75.08, 74.52, 73.98, 73.67, 74.48, 74.84, 75.16, 75.29, 75.23, 75.13], [78.32, 79.34, 79.29, 79.21, 79.04, 78.74, 77.01, 76.78, 76.64, 75.92, 76.1, 75.13, 74.14, 74.02, 74.65, 75.01, 75.48, 75.66, 75.45, 75.26], [78.43, 78.46, 78.48, 78.45, 78.31, 77.72, 77.15, 76.24, 75.23, 76.01, 76.61, 75.61, 75.6, 73.99, 75.63, 75.52, 75.74, 75.82, 75.69, 75.61], [77.56, 77.65, 78.71, 78.8, 78.84, 78.61, 77.88, 76.87, 75.64, 75.85, 76.23, 75.94, 75.79, 75.98, 75.6, 75.48, 75.61, 75.66, 75.63, 75.58], [81.0, 81.0, 81.0, 78.19, 78.59, 79.64, 78.91, 77.88, 76.14, 76.03, 75.78, 76.12, 76.01, 76.06, 75.6, 75.44, 75.52, 75.56, 75.56, 75.54], [81.0, 81.0, 81.0, 81.0, 81.0, 81.0, 81.0, 81.0, 78.87, 75.68, 77.0, 76.24, 76.15, 76.14, 75.61, 75.4, 75.46, 75.5, 75.51, 75.5], [81.0, 81.0, 81.0, 81.0, 81.0, 81.0, 81.0, 81.0, 81.0, -999.0, 77.0, 75.0, 75.0, 76.2, 75.62, 75.37, 75.41, 77.14, 77.11, 77.1], [81.0, 81.0, 81.0, 81.0, 81.0, 81.0, 81.0, 81.0, 81.0, 81.0, -999.0, 75.0, 75.0, 76.96, 76.1, 76.73, 76.71, 76.96, 76.92, 76.9], [81.0, 81.0, 81.0, 81.0, 81.0, 81.0, 81.0, 81.0, 81.0, 81.0, -999.0, 78.0, 78.0, 78.0, 76.35, 76.89, 76.86, 77.11, 77.06, 77.02], [81.0, 81.0, 81.0, 81.0, 81.0, 81.0, 81.0, 84.0, 84.0, 84.0, 84.0, 81.69, 78.0, 78.0, 78.0, 77.08, 77.02, 77.26, 77.18, 77.12], [81.0, 81.0, 82.89, 82.92, 82.98, 84.0, 84.0, 84.0, 84.0, 84.0, 80.22, 80.65, 80.07, 79.58, 80.14, 79.47, 79.69, 79.3, 78.58, 78.61], [82.93, 82.94, 82.06, 82.11, 84.0, 84.0, 84.0, 84.0, 84.0, 84.0, 81.42, 80.68, 79.89, 79.17, 79.16, 79.47, 79.99, 80.4, 80.69, 80.9], [82.07, 82.11, 82.16, 82.24, 84.0, 84.0, 84.0, 84.0, 84.0, 82.48, 81.67, 80.77, 79.83, 79.21, 78.17, 79.3, 80.03, 80.51, 80.83, 81.03], [82.13, 82.18, 82.25, 84.0, 84.0, 84.0, 84.0, 84.0, 83.46, 82.83, 82.46, 81.72, 80.37, 79.61, 79.19, 79.72, 80.34, 80.77, 81.04, 81.21], [82.17, 82.22, 84.57, 84.54, 84.51, 84.45, 84.37, 84.16, 83.55, 83.14, 82.6, 81.98, 80.68, 80.21, 80.15, 80.44, 80.83, 81.13, 81.33, 81.43], [84.61, 84.6, 84.58, 84.41, 84.39, 84.36, 84.33, 84.29, 83.3, 83.09, 82.72, 82.27, 80.96, 80.75, 80.87, 81.11, 81.37, 81.55, 81.65, 81.68], [84.47, 84.46, 84.46, 84.45, 84.44, 84.43, 84.42, 83.3, 83.31, 83.18, 82.93, 82.57, 81.56, 81.22, 81.41, 81.65, 81.86, 81.96, 81.97, 81.93], [84.48, 84.48, 84.48, 82.85, 82.93, 83.02, 83.13, 83.25, 83.34, 83.34, 83.22, 83.92, 83.7, 81.56, 81.79, 82.04, 82.22, 82.32, 82.28, 82.15], [82.62, 82.66, 82.7, 82.76, 82.83, 82.93, 83.07, 83.26, 83.5, 83.59, 83.33, 82.51, 83.76, 83.52, 83.3, 82.29, 82.3, 82.75, 82.55, 82.32], [82.55, 82.58, 82.61, 82.65, 82.71, 82.81, 82.96, 83.25, 83.79, 84.27, 83.47, 82.49, 82.1, 83.57, 83.36, 83.21, 82.87, 83.18, 82.68, 82.4], [82.48, 82.49, 82.51, 82.53, 82.57, 82.63, 82.76, 83.01, 83.55, 84.03, 82.89, 82.18, 81.87, 83.62, 83.44, 82.28, 82.61, 82.73, 82.58, 82.39], [82.41, 82.4, 82.4, 82.4, 82.4, 82.41, 82.44, 82.51, 82.61, 82.5, 81.83, 81.53, 81.47, 81.22, 81.66, 82.02, 82.27, 82.39, 82.37, 82.29], [82.33, 82.32, 82.29, 82.26, 82.22, 82.16, 82.08, 81.92, 81.6, 80.82, 80.43, 80.96, 81.42, 81.81, 81.38, 81.74, 81.98, 82.11, 82.15, 82.13], [82.26, 82.23, 82.19, 82.13, 82.05, 81.94, 81.75, 81.44, 80.86, 79.65, 78.83, 80.15, 80.99, 81.52, 81.14, 81.49, 81.73, 81.88, 81.95, 81.97], [82.2, 82.15, 82.1, 82.02, 81.92, 81.77, 81.54, 81.18, 80.61, 79.77, 79.25, 80.07, 80.83, 81.36, 80.96, 81.29, 81.53, 81.69, 81.78, 81.83], [82.14, 82.09, 82.02, 81.93, 81.82, 81.66, 81.43, 81.11, 80.72, 80.3, 80.14, 80.45, 80.91, 81.32, 80.86, 81.15, 81.37, 81.53, 81.64, 81.7], [82.09, 82.03, 81.96, 81.87, 81.75, 81.6, 81.4, 81.17, 80.92, 80.71, 80.65, 80.8, 81.07, 81.36, 80.82, 81.07, 81.26, 81.41, 81.52, 81.6]]}