gis_exercise/awsData/contour/humi_2023090502.json
{"header": {"refTime": "2023-09-05T02:00:00.000Z", "nx": 21, "ny": 33, "lo1": 113.509, "la1": 22.2235, "lo2": 113.5947, "la2": 22.1034, "dx": 0.0042850000000001385, "dy": 0.003753125000000024, "parameterCategory": 0, "parameterCategoryName": "Temperature", "parameterNumber": 0}, "z": [[68.43, 68.44, 68.47, 67.49, 67.61, 66.39, 66.64, 66.87, 66.89, 66.7, 66.09, 65.51, 64.59, 64.3, 63.86, 63.77, 62.14, 62.2, 62.25, 62.29], [68.42, 68.43, 68.44, 68.48, 67.59, 67.79, 66.89, 67.43, 67.73, 67.18, 66.14, 65.28, 64.25, 63.96, 63.6, 62.05, 62.15, 62.23, 62.28, 62.32], [68.4, 68.4, 68.41, 68.43, 67.51, 67.72, 68.07, 67.88, 69.45, 67.58, 65.95, 64.78, 63.66, 63.48, 61.87, 62.05, 62.18, 62.27, 62.33, 62.36], [68.39, 68.38, 68.38, 68.37, 68.39, 67.53, 67.81, 68.29, 68.74, 66.95, 65.36, 63.91, 62.7, 62.1, 61.83, 62.07, 62.24, 62.34, 62.39, 62.41], [68.38, 68.37, 68.34, 68.31, 68.27, 67.25, 67.36, 67.52, 67.6, 65.97, 64.75, 61.95, 60.84, 61.86, 61.86, 62.16, 62.36, 62.45, 62.48, 62.47], [68.39, 68.37, 68.33, 68.27, 68.17, 68.03, 66.88, 66.8, 66.76, 66.74, 63.39, 62.54, 61.68, 61.34, 62.04, 62.32, 62.53, 62.61, 62.59, 62.54], [67.76, 68.38, 68.35, 68.28, 68.15, 67.9, 66.51, 66.17, 66.05, 65.27, 65.3, 63.59, 62.28, 62.04, 62.31, 62.49, 62.73, 62.82, 62.45, 62.26], [67.86, 67.89, 67.9, 67.87, 67.76, 67.12, 66.64, 65.91, 65.06, 65.34, 65.69, 64.61, 64.6, 61.99, 63.37, 63.48, 63.26, 63.18, 63.31, 63.39], [67.14, 67.21, 68.09, 68.17, 68.2, 68.01, 67.4, 66.41, 65.32, 65.21, 65.23, 64.94, 64.79, 64.98, 63.4, 63.52, 63.39, 63.34, 63.37, 63.42], [70.0, 70.0, 70.0, 67.66, 67.99, 68.87, 68.26, 67.4, 65.57, 65.51, 64.78, 65.12, 65.01, 65.06, 63.4, 63.56, 63.48, 63.44, 63.44, 63.46], [70.0, 70.0, 70.0, 70.0, 70.0, 70.0, 70.0, 70.0, 68.23, 65.34, 66.0, 65.24, 65.15, 65.14, 63.39, 63.6, 63.54, 63.5, 63.49, 63.5], [70.0, 70.0, 70.0, 70.0, 70.0, 70.0, 70.0, 70.0, 70.0, -999.0, 66.0, 64.0, 64.0, 65.2, 63.38, 63.63, 63.59, 69.25, 69.1, 69.06], [70.0, 70.0, 70.0, 70.0, 70.0, 70.0, 70.0, 70.0, 70.0, 70.0, -999.0, 64.0, 64.0, 70.53, 67.66, 67.0, 66.92, 68.28, 68.09, 67.96], [70.0, 70.0, 70.0, 70.0, 70.0, 70.0, 70.0, 70.0, 70.0, 70.0, -999.0, 74.0, 74.0, 74.0, 68.5, 67.92, 67.75, 69.13, 68.83, 68.6], [70.0, 70.0, 70.0, 70.0, 70.0, 70.0, 70.0, 77.0, 77.0, 77.0, 77.0, 75.85, 74.0, 74.0, 74.0, 68.96, 68.63, 69.91, 69.51, 69.18], [70.0, 70.0, 74.4, 74.48, 74.62, 77.0, 77.0, 77.0, 77.0, 77.0, 75.11, 75.33, 75.04, 74.79, 75.07, 71.43, 71.04, 71.73, 69.24, 68.9], [74.49, 74.54, 72.47, 72.59, 77.0, 77.0, 77.0, 77.0, 77.0, 77.0, 75.71, 75.34, 74.95, 74.59, 73.58, 74.46, 74.63, 74.78, 74.9, 75.01], [72.5, 72.58, 72.71, 72.89, 77.0, 77.0, 77.0, 77.0, 77.0, 76.24, 75.84, 75.39, 74.92, 73.65, 73.93, 74.39, 74.62, 74.79, 74.93, 75.04], [72.64, 72.75, 72.91, 77.0, 77.0, 77.0, 77.0, 77.0, 76.73, 76.42, 76.32, 75.96, 73.56, 73.44, 74.34, 74.49, 74.67, 74.83, 74.97, 75.1], [72.73, 72.85, 77.57, 77.54, 77.51, 77.45, 77.37, 77.16, 76.83, 76.66, 76.41, 76.11, 73.33, 73.06, 74.57, 74.62, 74.73, 74.88, 75.03, 75.17], [77.61, 77.6, 77.58, 77.41, 77.39, 77.36, 77.33, 77.29, 76.77, 76.67, 76.5, 76.28, 73.01, 74.73, 74.68, 74.66, 74.72, 74.89, 75.11, 75.28], [77.47, 77.46, 77.46, 77.45, 77.44, 77.43, 77.42, 77.35, 76.84, 76.78, 76.65, 76.46, 73.07, 74.83, 74.71, 74.55, 74.49, 74.81, 75.23, 75.46], [77.48, 77.48, 77.48, 77.36, 77.37, 77.39, 77.41, 77.44, 77.48, 77.5, 77.49, 74.81, 76.41, 74.93, 74.75, 74.28, 73.6, 74.62, 75.55, 75.75], [77.36, 77.36, 77.37, 77.38, 77.4, 77.42, 77.46, 77.52, 77.6, 77.64, 77.58, 75.05, 76.52, 76.16, 75.69, 74.43, 71.0, 76.1, 76.42, 76.17], [77.36, 77.37, 77.38, 77.39, 77.41, 77.44, 77.49, 77.58, 77.72, 77.84, 77.66, 75.39, 74.39, 76.35, 76.09, 76.0, 77.25, 79.57, 77.23, 76.5], [77.37, 77.37, 77.38, 77.4, 77.42, 77.45, 77.49, 77.57, 77.7, 77.81, 76.42, 75.56, 74.68, 76.55, 76.46, 76.51, 77.3, 77.84, 77.07, 76.56], [77.37, 77.37, 77.38, 77.4, 77.41, 77.43, 77.47, 77.51, 77.55, 77.55, 76.2, 75.65, 74.94, 76.4, 76.44, 76.64, 76.97, 77.18, 77.1, 76.91], [77.37, 77.37, 77.38, 77.39, 77.4, 77.41, 77.42, 77.43, 77.41, 76.33, 76.24, 78.47, 79.02, 79.63, 76.53, 76.64, 76.79, 76.9, 76.89, 76.81], [77.36, 77.37, 77.37, 77.38, 77.38, 77.39, 77.38, 77.36, 77.31, 76.45, 77.4, 78.15, 78.81, 79.41, 76.58, 76.63, 76.7, 76.75, 76.76, 76.73], [77.36, 77.36, 77.37, 77.37, 77.37, 77.37, 77.35, 77.33, 78.22, 77.85, 77.64, 78.16, 78.75, 79.28, 76.6, 76.62, 76.65, 76.68, 76.68, 76.66], [77.36, 77.36, 77.36, 77.36, 77.36, 77.35, 77.34, 77.31, 78.36, 78.19, 78.17, 78.43, 78.83, 79.25, 76.6, 76.6, 76.62, 76.63, 76.63, 76.62], [77.36, 77.36, 77.36, 77.35, 77.35, 77.34, 77.33, 78.65, 78.55, 78.48, 78.51, 78.68, 78.96, 79.27, 76.6, 76.59, 76.59, 76.6, 76.6, 76.59]]}