gis_exercise/awsData/contour/humi_2023090603.json
{"header": {"refTime": "2023-09-06T03:00:00.000Z", "nx": 21, "ny": 33, "lo1": 113.509, "la1": 22.2235, "lo2": 113.5947, "la2": 22.1034, "dx": 0.0042850000000001385, "dy": 0.003753125000000024, "parameterCategory": 0, "parameterCategoryName": "Temperature", "parameterNumber": 0}, "z": [[80.05, 79.96, 79.85, 78.96, 78.86, 77.34, 77.26, 77.18, 77.09, 76.82, 76.72, 76.61, 76.53, 76.52, 75.76, 75.81, 76.68, 76.74, 76.78, 76.82], [80.11, 80.02, 79.91, 79.76, 78.88, 78.72, 77.3, 77.18, 77.08, 76.85, 76.69, 76.51, 76.4, 76.4, 75.68, 76.58, 76.67, 76.74, 76.79, 76.83], [80.19, 80.11, 80.0, 79.86, 78.94, 78.78, 78.5, 77.2, 77.03, 76.88, 76.64, 76.35, 76.18, 76.22, 76.39, 76.56, 76.68, 76.76, 76.82, 76.85], [80.29, 80.22, 80.14, 80.01, 79.83, 78.93, 78.71, 78.33, 77.99, 76.89, 76.58, 76.06, 75.75, 76.56, 76.33, 76.57, 76.72, 76.8, 76.85, 76.88], [80.4, 80.36, 80.3, 80.2, 80.07, 79.15, 79.06, 78.94, 78.87, 77.02, 76.64, 76.33, 75.02, 76.29, 76.37, 76.65, 76.8, 76.86, 76.89, 76.91], [80.52, 80.51, 80.49, 80.44, 80.35, 80.24, 79.45, 79.51, 79.53, 79.53, 77.93, 77.05, 76.07, 76.01, 76.6, 76.8, 76.9, 76.93, 76.94, 76.95], [82.11, 80.68, 80.69, 80.69, 80.66, 80.6, 81.25, 80.02, 80.1, 80.34, 80.19, 78.4, 77.42, 77.06, 76.97, 76.96, 76.98, 76.99, 76.45, 76.26], [82.14, 82.15, 82.16, 82.15, 82.1, 81.53, 81.34, 81.11, 80.83, 80.33, 80.08, 80.0, 80.0, 76.98, 78.12, 78.44, 77.79, 77.55, 77.92, 78.17], [81.85, 81.88, 82.24, 82.27, 82.28, 82.2, 81.96, 81.26, 80.68, 80.36, 80.0, 80.0, 80.0, 80.0, 78.19, 78.56, 78.18, 78.02, 78.11, 78.26], [83.0, 83.0, 83.0, 82.06, 82.2, 82.55, 82.3, 81.96, 80.43, 80.49, 80.0, 80.0, 80.0, 80.0, 78.2, 78.69, 78.45, 78.32, 78.31, 78.37], [83.0, 83.0, 83.0, 83.0, 83.0, 83.0, 83.0, 83.0, 82.29, 80.66, 80.0, 80.0, 80.0, 80.0, 78.17, 78.79, 78.61, 78.51, 78.48, 78.5], [83.0, 83.0, 83.0, 83.0, 83.0, 83.0, 83.0, 83.0, 83.0, -999.0, 80.0, 80.0, 80.0, 80.0, 78.13, 78.89, 78.78, 86.09, 85.88, 85.82], [83.0, 83.0, 83.0, 83.0, 83.0, 83.0, 83.0, 83.0, 83.0, 83.0, -999.0, 80.0, 80.0, 88.49, 84.75, 82.82, 82.71, 84.68, 84.4, 84.22], [83.0, 83.0, 83.0, 83.0, 83.0, 83.0, 83.0, 83.0, 83.0, 83.0, -999.0, 93.0, 93.0, 93.0, 85.85, 84.16, 83.9, 85.91, 85.48, 85.15], [83.0, 83.0, 83.0, 83.0, 83.0, 83.0, 83.0, 93.0, 93.0, 93.0, 93.0, 93.0, 93.0, 93.0, 93.0, 85.68, 85.19, 87.04, 86.47, 85.99], [83.0, 83.0, 89.29, 89.41, 89.6, 93.0, 93.0, 93.0, 93.0, 93.0, 93.0, 93.0, 93.0, 93.0, 93.0, 92.27, 92.16, 92.35, 88.31, 87.96], [89.42, 89.48, 86.53, 86.7, 93.0, 93.0, 93.0, 93.0, 93.0, 93.0, 93.0, 93.0, 93.0, 93.0, 92.78, 93.39, 93.54, 93.65, 93.74, 93.81], [86.57, 86.69, 86.87, 87.13, 93.0, 93.0, 93.0, 93.0, 93.0, 93.0, 93.0, 93.0, 93.0, 92.79, 92.97, 93.34, 93.54, 93.67, 93.77, 93.85], [86.77, 86.93, 87.15, 93.0, 93.0, 93.0, 93.0, 93.0, 93.0, 93.0, 93.56, 93.58, 92.64, 92.7, 93.31, 93.44, 93.6, 93.73, 93.82, 93.89], [86.9, 87.07, 94.71, 94.63, 94.52, 94.36, 94.12, 93.49, 93.33, 93.52, 93.66, 93.69, 92.55, 92.54, 93.54, 93.6, 93.7, 93.8, 93.89, 93.96], [94.83, 94.79, 94.73, 94.24, 94.18, 94.09, 93.98, 93.86, 93.71, 93.78, 93.85, 93.86, 92.45, 93.69, 93.69, 93.72, 93.78, 93.87, 93.96, 94.03], [94.4, 94.38, 94.37, 94.35, 94.32, 94.29, 94.27, 94.21, 94.08, 94.12, 94.12, 94.08, 93.34, 93.79, 93.78, 93.76, 93.76, 93.9, 94.06, 94.14], [94.45, 94.45, 94.45, 94.34, 94.36, 94.39, 94.44, 94.52, 94.62, 94.68, 94.67, 93.8, 94.93, 93.88, 93.85, 93.72, 93.49, 93.89, 94.22, 94.28], [94.36, 94.37, 94.39, 94.41, 94.45, 94.52, 94.62, 94.78, 94.98, 95.08, 94.95, 94.27, 94.99, 94.76, 94.52, 93.81, 92.53, 94.5, 94.59, 94.46], [94.39, 94.4, 94.43, 94.47, 94.52, 94.61, 94.74, 94.95, 95.31, 95.6, 95.19, 94.4, 93.92, 94.85, 94.68, 94.58, 94.95, 95.85, 94.91, 94.6], [94.41, 94.43, 94.46, 94.5, 94.56, 94.65, 94.77, 94.97, 95.29, 95.55, 94.9, 94.4, 93.98, 94.94, 94.84, 94.56, 94.91, 95.13, 94.83, 94.62], [94.43, 94.45, 94.48, 94.52, 94.57, 94.64, 94.73, 94.85, 94.97, 94.99, 94.57, 94.28, 93.99, 94.34, 94.43, 94.56, 94.73, 94.83, 94.8, 94.71], [94.44, 94.46, 94.49, 94.52, 94.56, 94.61, 94.66, 94.7, 94.69, 94.39, 94.26, 95.18, 95.47, 95.76, 94.42, 94.52, 94.62, 94.68, 94.68, 94.65], [94.44, 94.46, 94.49, 94.51, 94.54, 94.57, 94.59, 94.58, 94.5, 94.16, 94.33, 94.88, 95.29, 95.62, 94.39, 94.47, 94.54, 94.58, 94.6, 94.59], [94.45, 94.46, 94.48, 94.5, 94.52, 94.53, 94.53, 94.5, 95.02, 94.7, 94.51, 94.87, 95.24, 95.53, 94.37, 94.43, 94.48, 94.52, 94.54, 94.54], [94.45, 94.46, 94.47, 94.49, 94.5, 94.5, 94.5, 94.47, 95.09, 94.93, 94.89, 95.04, 95.28, 95.52, 94.35, 94.4, 94.45, 94.48, 94.5, 94.5], [94.44, 94.46, 94.47, 94.48, 94.48, 94.48, 94.47, 95.29, 95.2, 95.12, 95.12, 95.21, 95.36, 95.53, 94.34, 94.38, 94.42, 94.45, 94.46, 94.47]]}