gis_exercise/awsData/contour/humi_2023083109.json
{"header": {"refTime": "2023-08-31T09:00:00.000Z", "nx": 21, "ny": 33, "lo1": 113.509, "la1": 22.2235, "lo2": 113.5947, "la2": 22.1034, "dx": 0.0042850000000001385, "dy": 0.003753125000000024, "parameterCategory": 0, "parameterCategoryName": "Temperature", "parameterNumber": 0}, "z": [[66.02, 66.03, 66.04, 67.07, 67.02, 65.8, 65.79, 65.78, 65.75, 66.07, 66.02, 65.96, 65.21, 65.17, 65.17, 65.21, 65.25, 65.29, 65.32, 65.35], [66.01, 66.02, 66.03, 66.05, 67.02, 66.94, 65.83, 65.83, 65.82, 66.06, 65.99, 65.9, 65.13, 65.1, 65.12, 65.19, 65.26, 65.31, 65.35, 65.37], [66.0, 66.01, 66.03, 66.05, 67.04, 66.95, 66.81, 65.88, 65.96, 66.06, 65.96, 65.78, 65.0, 64.99, 65.08, 65.19, 65.28, 65.35, 65.39, 65.41], [65.99, 66.0, 66.02, 66.04, 66.07, 67.01, 66.9, 66.72, 66.55, 66.12, 65.95, 65.58, 64.78, 65.44, 65.05, 65.22, 65.33, 65.41, 65.44, 65.45], [65.97, 65.98, 66.0, 66.03, 66.07, 67.1, 67.05, 67.01, 67.02, 66.31, 66.05, 65.37, 64.58, 65.27, 65.07, 65.28, 65.42, 65.5, 65.52, 65.5], [65.95, 65.96, 65.98, 66.0, 66.05, 66.12, 67.19, 67.22, 67.32, 67.51, 66.46, 65.77, 65.13, 64.67, 65.17, 65.39, 65.56, 65.64, 65.61, 65.56], [65.89, 65.93, 65.94, 65.96, 66.01, 66.1, 67.01, 67.29, 67.4, 67.73, 67.85, 66.46, 65.14, 65.02, 65.32, 65.5, 65.74, 65.83, 65.63, 65.5], [65.86, 65.85, 65.84, 65.85, 65.9, 66.7, 66.88, 67.07, 67.17, 67.85, 68.49, 66.92, 66.9, 64.99, 66.0, 66.0, 66.0, 66.0, 66.0, 66.0], [66.15, 66.12, 65.76, 65.73, 65.72, 65.8, 66.04, 66.96, 67.64, 67.64, 67.85, 67.41, 67.19, 67.48, 66.0, 66.0, 66.0, 66.0, 66.0, 66.0], [65.0, 65.0, 65.0, 65.94, 65.8, 65.45, 65.7, 66.04, 68.14, 68.03, 67.18, 67.68, 67.52, 67.6, 66.0, 66.0, 66.0, 66.0, 66.0, 66.0], [65.0, 65.0, 65.0, 65.0, 65.0, 65.0, 65.0, 65.0, 65.71, 67.68, 69.0, 67.86, 67.72, 67.71, 66.0, 66.0, 66.0, 66.0, 66.0, 66.0], [65.0, 65.0, 65.0, 65.0, 65.0, 65.0, 65.0, 65.0, 65.0, -999.0, 69.0, 66.0, 66.0, 67.81, 66.0, 66.0, 66.0, 71.12, 70.99, 70.96], [65.0, 65.0, 65.0, 65.0, 65.0, 65.0, 65.0, 65.0, 65.0, 65.0, -999.0, 66.0, 66.0, 71.88, 69.29, 69.28, 69.21, 70.32, 70.16, 70.06], [65.0, 65.0, 65.0, 65.0, 65.0, 65.0, 65.0, 65.0, 65.0, 65.0, -999.0, 75.0, 75.0, 75.0, 70.05, 70.03, 69.88, 71.01, 70.77, 70.58], [65.0, 65.0, 65.0, 65.0, 65.0, 65.0, 65.0, 66.0, 66.0, 66.0, 66.0, 69.46, 75.0, 75.0, 75.0, 70.88, 70.61, 71.65, 71.33, 71.06], [65.0, 65.0, 65.63, 65.64, 65.66, 66.0, 66.0, 66.0, 66.0, 66.0, 71.66, 71.02, 71.89, 72.63, 71.79, 73.53, 73.31, 73.7, 71.58, 71.33], [65.64, 65.65, 65.35, 65.37, 66.0, 66.0, 66.0, 66.0, 66.0, 66.0, 69.87, 70.99, 72.16, 73.24, 73.48, 74.38, 74.16, 73.99, 73.87, 73.8], [65.36, 65.37, 65.39, 65.41, 66.0, 66.0, 66.0, 66.0, 66.0, 68.29, 69.49, 70.84, 72.25, 73.39, 74.78, 74.45, 74.13, 73.93, 73.81, 73.74], [65.38, 65.39, 65.42, 66.0, 66.0, 66.0, 66.0, 66.0, 66.81, 67.75, 68.96, 70.1, 71.81, 72.89, 74.49, 74.25, 73.99, 73.82, 73.72, 73.66], [65.39, 65.41, 67.14, 67.09, 67.01, 66.91, 66.75, 66.33, 67.07, 67.9, 68.88, 69.83, 71.42, 72.14, 74.06, 73.92, 73.75, 73.64, 73.59, 73.57], [67.22, 67.19, 67.15, 66.83, 66.79, 66.73, 66.65, 66.57, 67.87, 68.28, 68.91, 69.6, 71.11, 73.8, 73.72, 73.59, 73.48, 73.43, 73.44, 73.48], [66.93, 66.92, 66.91, 66.9, 66.88, 66.86, 66.84, 66.52, 68.29, 68.53, 68.92, 69.4, 71.44, 73.59, 73.46, 73.29, 73.16, 73.2, 73.31, 73.4], [66.97, 66.97, 66.97, 66.47, 66.51, 66.55, 66.61, 66.68, 66.76, 66.8, 66.76, 68.2, 71.08, 73.44, 73.27, 73.01, 72.73, 72.96, 73.24, 73.37], [66.42, 66.44, 66.46, 66.49, 66.53, 66.6, 66.69, 66.84, 67.02, 67.1, 66.96, 67.99, 70.98, 71.49, 71.91, 72.93, 71.97, 73.15, 73.35, 73.39], [66.42, 66.44, 66.46, 66.5, 66.54, 66.62, 66.73, 66.93, 67.28, 67.58, 67.13, 67.84, 68.05, 71.47, 71.94, 72.37, 73.42, 73.9, 73.51, 73.45], [66.42, 66.43, 66.45, 66.48, 66.53, 66.59, 66.7, 66.88, 67.21, 67.48, 67.61, 67.62, 67.82, 71.42, 71.9, 71.86, 72.42, 72.64, 73.51, 73.47], [66.41, 66.42, 66.44, 66.46, 66.49, 66.53, 66.59, 66.68, 66.78, 66.76, 67.19, 67.26, 67.52, 70.15, 70.86, 71.44, 71.87, 72.07, 72.03, 71.9], [66.39, 66.4, 66.41, 66.42, 66.44, 66.45, 66.45, 66.44, 66.35, 66.64, 66.49, 67.36, 68.06, 68.81, 70.42, 70.99, 71.39, 71.61, 71.67, 71.63], [66.38, 66.38, 66.38, 66.38, 66.38, 66.37, 66.33, 66.24, 66.04, 66.03, 65.65, 66.79, 67.72, 68.49, 70.03, 70.59, 70.99, 71.23, 71.35, 71.38], [66.36, 66.36, 66.36, 66.35, 66.33, 66.3, 66.24, 66.13, 67.0, 66.38, 66.02, 66.79, 67.61, 68.31, 69.75, 70.28, 70.66, 70.91, 71.07, 71.14], [66.35, 66.34, 66.33, 66.32, 66.29, 66.25, 66.19, 66.09, 67.18, 66.88, 66.82, 67.17, 67.71, 68.27, 69.59, 70.06, 70.41, 70.67, 70.84, 70.94], [66.33, 66.32, 66.31, 66.29, 66.27, 66.23, 66.17, 67.6, 67.43, 67.3, 67.31, 67.53, 67.89, 68.3, 69.52, 69.92, 70.23, 70.47, 70.65, 70.77]]}