gis_exercise/awsData/contour/humi_2023091319.json
{"header": {"refTime": "2023-09-13T19:00:00.000Z", "nx": 21, "ny": 33, "lo1": 113.509, "la1": 22.2235, "lo2": 113.5947, "la2": 22.1034, "dx": 0.0042850000000001385, "dy": 0.003753125000000024, "parameterCategory": 0, "parameterCategoryName": "Temperature", "parameterNumber": 0}, "z": [[87.02, 87.03, 87.04, 88.58, 88.51, 86.33, 86.35, 86.36, 86.31, 86.96, 86.84, 86.7, 85.17, 85.08, 85.06, 85.09, 84.87, 84.94, 84.99, 85.02], [87.01, 87.02, 87.03, 87.05, 88.5, 88.38, 86.43, 86.49, 86.51, 86.96, 86.79, 86.57, 85.03, 84.94, 84.96, 84.78, 84.89, 84.97, 85.02, 85.06], [87.0, 87.01, 87.03, 87.05, 88.53, 88.4, 88.2, 86.61, 86.89, 86.98, 86.73, 86.35, 84.78, 84.73, 84.62, 84.79, 84.93, 85.02, 85.08, 85.11], [86.99, 87.0, 87.02, 87.04, 87.07, 88.48, 88.33, 88.06, 87.82, 87.05, 86.67, 85.95, 84.35, 85.46, 84.58, 84.82, 85.0, 85.11, 85.16, 85.18], [86.97, 86.98, 87.0, 87.03, 87.07, 88.6, 88.53, 88.47, 88.51, 87.32, 86.8, 85.34, 83.99, 85.15, 84.6, 84.92, 85.14, 85.25, 85.27, 85.26], [86.95, 86.96, 86.98, 87.0, 87.05, 87.12, 88.7, 88.74, 88.93, 89.29, 87.27, 86.03, 84.92, 84.0, 84.76, 85.08, 85.34, 85.45, 85.41, 85.34], [86.89, 86.93, 86.94, 86.96, 87.01, 87.1, 88.51, 88.77, 88.96, 89.45, 89.69, 87.19, 84.71, 84.53, 84.98, 85.25, 85.61, 85.74, 85.45, 85.26], [86.86, 86.85, 86.84, 86.85, 86.9, 88.15, 88.34, 88.43, 88.34, 89.7, 90.98, 87.84, 87.81, 84.49, 86.0, 86.0, 86.0, 86.0, 86.0, 86.0], [87.15, 87.12, 86.76, 86.73, 86.72, 86.8, 87.04, 88.4, 89.27, 89.28, 89.69, 88.81, 88.38, 88.95, 86.0, 86.0, 86.0, 86.0, 86.0, 86.0], [86.0, 86.0, 86.0, 86.94, 86.8, 86.45, 86.7, 87.04, 90.27, 90.05, 88.35, 89.36, 89.04, 89.19, 86.0, 86.0, 86.0, 86.0, 86.0, 86.0], [86.0, 86.0, 86.0, 86.0, 86.0, 86.0, 86.0, 86.0, 86.71, 89.37, 92.0, 89.71, 89.44, 89.43, 86.0, 86.0, 86.0, 86.0, 86.0, 86.0], [86.0, 86.0, 86.0, 86.0, 86.0, 86.0, 86.0, 86.0, 86.0, -999.0, 92.0, 86.0, 86.0, 89.61, 86.0, 86.0, 86.0, 89.98, 89.88, 89.86], [86.0, 86.0, 86.0, 86.0, 86.0, 86.0, 86.0, 86.0, 86.0, 86.0, -999.0, 86.0, 86.0, 90.57, 88.56, 88.55, 88.5, 89.36, 89.24, 89.16], [86.0, 86.0, 86.0, 86.0, 86.0, 86.0, 86.0, 86.0, 86.0, 86.0, -999.0, 93.0, 93.0, 93.0, 89.15, 89.13, 89.02, 89.9, 89.71, 89.57], [86.0, 86.0, 86.0, 86.0, 86.0, 86.0, 86.0, 86.0, 86.0, 86.0, 86.0, 88.69, 93.0, 93.0, 93.0, 89.8, 89.59, 90.39, 90.14, 89.93], [86.0, 86.0, 86.0, 86.0, 86.0, 86.0, 86.0, 86.0, 86.0, 86.0, 90.4, 89.91, 90.58, 91.15, 90.51, 91.53, 91.31, 91.7, 90.1, 89.88], [86.0, 86.0, 86.0, 86.0, 86.0, 86.0, 86.0, 86.0, 86.0, 86.0, 89.01, 89.88, 90.79, 91.63, 91.72, 91.82, 91.4, 91.07, 90.83, 90.66], [86.0, 86.0, 86.0, 86.0, 86.0, 86.0, 86.0, 86.0, 86.0, 87.78, 88.72, 89.77, 90.86, 91.66, 92.81, 91.95, 91.35, 90.97, 90.72, 90.56], [86.0, 86.0, 86.0, 86.0, 86.0, 86.0, 86.0, 86.0, 86.63, 87.36, 88.94, 89.86, 90.36, 91.23, 92.03, 91.6, 91.1, 90.76, 90.55, 90.41], [86.0, 86.0, 88.86, 88.72, 88.53, 88.27, 87.86, 86.82, 87.21, 88.07, 89.0, 89.77, 90.02, 90.57, 91.26, 91.01, 90.7, 90.46, 90.31, 90.23], [89.05, 88.98, 88.88, 88.07, 87.96, 87.82, 87.63, 87.43, 88.26, 88.68, 89.24, 89.79, 89.73, 90.77, 90.66, 90.46, 90.25, 90.11, 90.05, 90.04], [88.33, 88.31, 88.28, 88.25, 88.2, 88.15, 88.11, 87.91, 89.01, 89.25, 89.56, 89.88, 91.07, 90.39, 90.21, 90.0, 89.82, 89.76, 89.79, 89.85], [88.42, 88.42, 88.42, 88.07, 88.11, 88.16, 88.26, 88.4, 88.57, 88.68, 88.64, 89.0, 89.74, 90.11, 89.9, 89.65, 89.43, 89.44, 89.56, 89.69], [88.07, 88.09, 88.13, 88.18, 88.25, 88.37, 88.55, 88.83, 89.18, 89.35, 89.12, 89.51, 89.79, 89.57, 89.37, 89.45, 89.12, 89.22, 89.42, 89.58], [88.11, 88.14, 88.19, 88.25, 88.35, 88.5, 88.73, 89.11, 89.75, 90.28, 89.51, 89.5, 89.26, 89.59, 89.4, 89.23, 89.23, 89.18, 89.39, 89.55], [88.14, 88.18, 88.23, 88.3, 88.4, 88.54, 88.76, 89.11, 89.69, 90.16, 89.76, 89.33, 89.13, 89.63, 89.44, 88.7, 88.79, 88.81, 89.45, 89.56], [88.16, 88.2, 88.25, 88.31, 88.4, 88.51, 88.66, 88.86, 89.07, 89.09, 89.15, 88.97, 88.91, 88.29, 88.45, 88.59, 88.67, 88.71, 88.7, 88.68], [88.17, 88.2, 88.25, 88.3, 88.36, 88.43, 88.5, 88.55, 88.5, 88.58, 88.36, 88.48, 88.65, 88.76, 88.34, 88.48, 88.57, 88.61, 88.63, 88.62], [88.17, 88.2, 88.23, 88.27, 88.31, 88.34, 88.35, 88.3, 88.12, 87.92, 87.42, 88.06, 88.43, 88.63, 88.25, 88.38, 88.47, 88.53, 88.56, 88.57], [88.17, 88.19, 88.22, 88.24, 88.26, 88.27, 88.24, 88.15, 88.32, 87.89, 87.62, 88.01, 88.35, 88.56, 88.18, 88.3, 88.4, 88.46, 88.49, 88.51], [88.16, 88.18, 88.2, 88.21, 88.22, 88.21, 88.17, 88.09, 88.36, 88.14, 88.05, 88.18, 88.38, 88.54, 88.14, 88.25, 88.34, 88.4, 88.44, 88.47], [88.15, 88.17, 88.18, 88.18, 88.18, 88.17, 88.13, 88.57, 88.44, 88.33, 88.29, 88.34, 88.45, 88.56, 88.12, 88.22, 88.3, 88.35, 88.4, 88.42]]}