gis_exercise/awsData/contour/humi_2023091102.json
{"header": {"refTime": "2023-09-11T02:00:00.000Z", "nx": 21, "ny": 33, "lo1": 113.509, "la1": 22.2235, "lo2": 113.5947, "la2": 22.1034, "dx": 0.0042850000000001385, "dy": 0.003753125000000024, "parameterCategory": 0, "parameterCategoryName": "Temperature", "parameterNumber": 0}, "z": [[92.11, 92.14, 92.19, 94.03, 93.98, 92.07, 92.12, 92.15, 92.13, 92.76, 92.63, 92.48, 91.17, 91.08, 90.49, 90.44, 90.16, 90.18, 90.19, 90.2], [92.08, 92.12, 92.17, 92.23, 93.97, 93.9, 92.2, 92.32, 92.37, 92.79, 92.59, 92.35, 91.03, 90.94, 90.38, 90.12, 90.15, 90.17, 90.19, 90.2], [92.04, 92.08, 92.13, 92.2, 93.98, 93.9, 93.78, 92.46, 92.85, 92.84, 92.52, 92.13, 90.78, 90.73, 90.05, 90.11, 90.15, 90.17, 90.18, 90.2], [92.0, 92.03, 92.08, 92.15, 92.23, 93.94, 93.85, 93.68, 93.54, 92.85, 92.44, 91.74, 90.35, 91.26, 90.03, 90.11, 90.15, 90.16, 90.18, 90.19], [91.95, 91.97, 92.01, 92.07, 92.16, 94.0, 93.96, 93.93, 93.98, 93.03, 92.51, 91.15, 89.91, 90.98, 90.04, 90.13, 90.15, 90.16, 90.17, 90.19], [91.88, 91.9, 91.93, 91.97, 92.05, 92.17, 94.03, 94.05, 94.22, 94.57, 92.88, 91.78, 90.77, 90.0, 90.15, 90.17, 90.15, 90.14, 90.16, 90.18], [91.34, 91.81, 91.81, 91.84, 91.91, 92.04, 93.26, 93.95, 94.12, 94.65, 94.95, 92.85, 90.71, 90.53, 90.32, 90.23, 90.12, 90.08, 89.82, 89.75], [91.28, 91.27, 91.26, 91.28, 91.35, 92.77, 93.05, 93.29, 93.39, 94.86, 96.1, 93.54, 93.51, 90.49, 90.74, 90.96, 90.52, 90.37, 90.61, 90.78], [91.72, 91.67, 91.14, 91.1, 91.08, 91.19, 91.56, 93.16, 94.27, 94.49, 95.08, 94.34, 93.98, 94.46, 90.8, 91.04, 90.79, 90.68, 90.74, 90.84], [90.0, 90.0, 90.0, 91.4, 91.21, 90.68, 91.05, 91.56, 95.27, 95.05, 93.96, 94.8, 94.53, 94.66, 90.8, 91.13, 90.96, 90.88, 90.88, 90.91], [90.0, 90.0, 90.0, 90.0, 90.0, 90.0, 90.0, 90.0, 91.06, 94.37, 97.0, 95.09, 94.87, 94.85, 90.78, 91.19, 91.07, 91.0, 90.99, 91.0], [90.0, 90.0, 90.0, 90.0, 90.0, 90.0, 90.0, 90.0, 90.0, -999.0, 97.0, 92.0, 92.0, 95.01, 90.76, 91.26, 91.19, 94.55, 94.44, 94.41], [90.0, 90.0, 90.0, 90.0, 90.0, 90.0, 90.0, 90.0, 90.0, 90.0, -999.0, 92.0, 92.0, 95.92, 94.19, 92.91, 92.85, 93.84, 93.7, 93.61], [90.0, 90.0, 90.0, 90.0, 90.0, 90.0, 90.0, 90.0, 90.0, 90.0, -999.0, 98.0, 98.0, 98.0, 94.7, 93.58, 93.45, 94.46, 94.24, 94.08], [90.0, 90.0, 90.0, 90.0, 90.0, 90.0, 90.0, 92.0, 92.0, 92.0, 92.0, 94.31, 98.0, 98.0, 98.0, 94.34, 94.1, 95.02, 94.73, 94.5], [90.0, 90.0, 91.26, 91.28, 91.32, 92.0, 92.0, 92.0, 92.0, 92.0, 95.78, 95.35, 95.93, 96.42, 95.86, 96.17, 95.89, 96.38, 94.56, 94.31], [91.28, 91.3, 90.71, 90.74, 92.0, 92.0, 92.0, 92.0, 92.0, 92.0, 94.58, 95.32, 96.11, 96.83, 96.73, 96.8, 96.38, 96.04, 95.81, 95.64], [90.71, 90.74, 90.77, 90.83, 92.0, 92.0, 92.0, 92.0, 92.0, 93.52, 94.33, 95.23, 96.17, 96.68, 97.81, 96.94, 96.33, 95.94, 95.7, 95.54], [90.75, 90.79, 90.83, 92.0, 92.0, 92.0, 92.0, 92.0, 92.54, 93.17, 94.1, 94.86, 95.45, 96.24, 97.02, 96.58, 96.07, 95.73, 95.52, 95.39], [90.78, 90.81, 93.14, 93.09, 93.01, 92.91, 92.75, 92.33, 92.79, 93.38, 94.06, 94.71, 95.09, 95.56, 96.22, 95.97, 95.65, 95.41, 95.28, 95.21], [93.22, 93.19, 93.15, 92.83, 92.79, 92.73, 92.65, 92.57, 93.4, 93.7, 94.13, 94.59, 94.76, 95.73, 95.61, 95.39, 95.17, 95.04, 95.01, 95.02], [92.93, 92.92, 92.91, 92.9, 92.88, 92.86, 92.84, 92.52, 93.76, 93.94, 94.2, 94.51, 95.1, 95.33, 95.14, 94.89, 94.69, 94.67, 94.74, 94.83], [92.97, 92.97, 92.97, 92.47, 92.51, 92.55, 92.61, 92.68, 92.76, 92.8, 92.76, 93.15, 93.96, 95.05, 94.81, 94.49, 94.19, 94.31, 94.54, 94.7], [92.42, 92.44, 92.46, 92.49, 92.53, 92.6, 92.69, 92.84, 93.02, 93.1, 92.96, 93.01, 93.97, 93.95, 93.92, 94.3, 93.58, 94.24, 94.49, 94.64], [92.42, 92.44, 92.46, 92.5, 92.54, 92.62, 92.73, 92.93, 93.28, 93.58, 93.13, 92.98, 92.85, 93.97, 93.97, 93.97, 94.38, 94.59, 94.54, 94.63], [92.42, 92.43, 92.45, 92.48, 92.53, 92.59, 92.7, 92.88, 93.21, 93.48, 93.13, 92.85, 92.73, 93.99, 94.0, 93.58, 93.82, 93.92, 94.59, 94.66], [92.41, 92.42, 92.44, 92.46, 92.49, 92.53, 92.59, 92.68, 92.78, 92.76, 92.68, 92.56, 92.56, 92.93, 93.2, 93.43, 93.6, 93.68, 93.66, 93.61], [92.39, 92.4, 92.41, 92.42, 92.44, 92.45, 92.45, 92.44, 92.35, 92.24, 92.07, 92.48, 92.77, 93.05, 93.04, 93.26, 93.41, 93.5, 93.52, 93.51], [92.38, 92.38, 92.38, 92.38, 92.38, 92.37, 92.33, 92.24, 92.04, 91.73, 91.41, 92.09, 92.56, 92.89, 92.89, 93.11, 93.26, 93.35, 93.39, 93.41], [92.36, 92.36, 92.36, 92.35, 92.33, 92.3, 92.24, 92.13, 92.29, 91.88, 91.63, 92.06, 92.48, 92.8, 92.79, 92.99, 93.13, 93.23, 93.29, 93.32], [92.35, 92.34, 92.33, 92.32, 92.29, 92.25, 92.19, 92.09, 92.36, 92.16, 92.09, 92.26, 92.53, 92.78, 92.73, 92.9, 93.04, 93.13, 93.2, 93.24], [92.33, 92.32, 92.31, 92.29, 92.27, 92.23, 92.17, 92.6, 92.48, 92.38, 92.36, 92.46, 92.62, 92.8, 92.7, 92.85, 92.97, 93.06, 93.13, 93.17]]}