gis_exercise/awsData/contour/humi_2023090701.json
{"header": {"refTime": "2023-09-07T01:00:00.000Z", "nx": 21, "ny": 33, "lo1": 113.509, "la1": 22.2235, "lo2": 113.5947, "la2": 22.1034, "dx": 0.0042850000000001385, "dy": 0.003753125000000024, "parameterCategory": 0, "parameterCategoryName": "Temperature", "parameterNumber": 0}, "z": [[82.76, 82.78, 82.81, 83.88, 83.89, 82.29, 82.42, 82.55, 82.57, 83.57, 83.41, 83.25, 82.41, 82.33, 81.49, 81.44, 81.43, 81.44, 81.46, 81.47], [82.74, 82.76, 82.79, 82.83, 83.87, 83.89, 82.53, 82.8, 82.95, 83.63, 83.38, 83.13, 82.26, 82.19, 81.38, 81.39, 81.41, 81.43, 81.44, 81.46], [82.72, 82.74, 82.76, 82.79, 83.83, 83.85, 83.89, 83.0, 83.74, 83.69, 83.32, 82.91, 82.01, 81.98, 81.31, 81.37, 81.4, 81.41, 81.43, 81.44], [82.7, 82.71, 82.72, 82.74, 82.78, 83.79, 83.83, 83.9, 83.97, 83.66, 83.21, 82.53, 81.55, 82.3, 81.28, 81.36, 81.39, 81.4, 81.41, 81.43], [82.68, 82.68, 82.68, 82.68, 82.68, 83.7, 83.71, 83.77, 83.89, 83.74, 83.23, 82.14, 80.92, 82.03, 81.3, 81.37, 81.37, 81.36, 81.38, 81.41], [82.66, 82.65, 82.64, 82.62, 82.59, 82.54, 83.52, 83.5, 83.7, 84.16, 83.77, 82.79, 81.82, 81.34, 81.43, 81.41, 81.33, 81.3, 81.34, 81.39], [82.11, 82.63, 82.61, 82.58, 82.52, 82.42, 83.02, 82.99, 83.14, 84.36, 85.07, 83.93, 82.28, 82.04, 81.64, 81.46, 81.24, 81.16, 80.82, 80.75], [82.14, 82.15, 82.16, 82.15, 82.1, 83.12, 82.92, 82.38, 81.85, 84.53, 86.17, 84.92, 84.9, 81.99, 82.12, 82.44, 81.79, 81.55, 81.92, 82.17], [81.85, 81.88, 82.24, 82.27, 82.28, 82.2, 81.96, 82.79, 82.91, 84.2, 85.85, 85.41, 85.19, 85.48, 82.19, 82.56, 82.18, 82.02, 82.11, 82.26], [83.0, 83.0, 83.0, 82.06, 82.2, 82.55, 82.3, 81.96, 84.41, 84.08, 85.18, 85.68, 85.52, 85.6, 82.2, 82.69, 82.45, 82.32, 82.31, 82.37], [83.0, 83.0, 83.0, 83.0, 83.0, 83.0, 83.0, 83.0, 82.29, 83.05, 87.0, 85.86, 85.72, 85.71, 82.17, 82.79, 82.61, 82.51, 82.48, 82.5], [83.0, 83.0, 83.0, 83.0, 83.0, 83.0, 83.0, 83.0, 83.0, -999.0, 87.0, 84.0, 84.0, 85.81, 82.13, 82.89, 82.78, 86.12, 85.99, 85.96], [83.0, 83.0, 83.0, 83.0, 83.0, 83.0, 83.0, 83.0, 83.0, 83.0, -999.0, 84.0, 84.0, 87.92, 86.19, 84.28, 84.21, 85.32, 85.16, 85.06], [83.0, 83.0, 83.0, 83.0, 83.0, 83.0, 83.0, 83.0, 83.0, 83.0, -999.0, 90.0, 90.0, 90.0, 86.7, 85.03, 84.88, 86.01, 85.77, 85.58], [83.0, 83.0, 83.0, 83.0, 83.0, 83.0, 83.0, 87.0, 87.0, 87.0, 87.0, 88.15, 90.0, 90.0, 90.0, 85.88, 85.61, 86.65, 86.33, 86.06], [83.0, 83.0, 85.52, 85.56, 85.64, 87.0, 87.0, 87.0, 87.0, 87.0, 88.89, 88.67, 88.96, 89.21, 88.93, 87.8, 87.47, 88.05, 86.03, 85.74], [85.57, 85.59, 84.41, 84.48, 87.0, 87.0, 87.0, 87.0, 87.0, 87.0, 88.29, 88.66, 89.05, 89.41, 88.97, 89.35, 89.12, 88.95, 88.83, 88.76], [84.43, 84.48, 84.55, 84.65, 87.0, 87.0, 87.0, 87.0, 87.0, 87.76, 88.16, 88.61, 89.08, 88.97, 89.85, 89.42, 89.09, 88.89, 88.77, 88.7], [84.51, 84.57, 84.66, 87.0, 87.0, 87.0, 87.0, 87.0, 87.27, 87.58, 88.24, 88.63, 88.09, 88.59, 89.45, 89.21, 88.93, 88.75, 88.66, 88.62], [84.56, 84.63, 88.14, 88.09, 88.01, 87.91, 87.75, 87.33, 87.5, 87.86, 88.25, 88.58, 87.77, 87.98, 88.99, 88.84, 88.66, 88.55, 88.52, 88.52], [88.22, 88.19, 88.15, 87.83, 87.79, 87.73, 87.65, 87.57, 87.94, 88.11, 88.35, 88.58, 87.42, 88.71, 88.61, 88.46, 88.33, 88.3, 88.36, 88.43], [87.93, 87.92, 87.91, 87.9, 87.88, 87.86, 87.84, 87.69, 88.24, 88.34, 88.47, 88.61, 87.76, 88.48, 88.31, 88.08, 87.92, 88.01, 88.22, 88.37], [87.97, 87.97, 87.97, 87.73, 87.75, 87.77, 87.82, 87.88, 87.95, 87.99, 87.97, 87.1, 88.22, 88.33, 88.09, 87.7, 87.24, 87.7, 88.21, 88.39], [87.71, 87.72, 87.74, 87.76, 87.8, 87.85, 87.93, 88.05, 88.2, 88.27, 88.16, 87.27, 88.28, 88.1, 87.88, 87.63, 85.87, 88.2, 88.49, 88.5], [87.72, 87.74, 87.76, 87.79, 87.83, 87.89, 87.99, 88.16, 88.44, 88.67, 88.32, 87.4, 86.92, 88.19, 88.06, 88.01, 88.72, 89.72, 88.82, 88.62], [87.73, 87.75, 87.77, 87.79, 87.84, 87.9, 87.99, 88.14, 88.4, 88.61, 87.9, 87.4, 86.98, 88.28, 88.23, 88.01, 88.43, 88.68, 88.8, 88.66], [87.73, 87.75, 87.77, 87.79, 87.82, 87.87, 87.93, 88.01, 88.1, 88.1, 87.57, 87.28, 86.99, 87.66, 87.8, 87.98, 88.19, 88.31, 88.28, 88.18], [87.73, 87.74, 87.76, 87.78, 87.8, 87.82, 87.85, 87.85, 87.81, 87.39, 87.26, 88.33, 88.68, 89.05, 87.76, 87.91, 88.04, 88.12, 88.13, 88.09], [87.73, 87.74, 87.75, 87.76, 87.77, 87.77, 87.77, 87.73, 87.62, 87.16, 87.37, 88.0, 88.49, 88.88, 87.71, 87.83, 87.93, 87.99, 88.02, 88.01], [87.72, 87.73, 87.74, 87.74, 87.74, 87.73, 87.71, 87.65, 88.13, 87.78, 87.57, 87.99, 88.43, 88.79, 87.67, 87.77, 87.85, 87.91, 87.94, 87.94], [87.72, 87.72, 87.72, 87.72, 87.72, 87.7, 87.67, 87.62, 88.22, 88.05, 88.01, 88.2, 88.48, 88.76, 87.64, 87.73, 87.8, 87.84, 87.88, 87.89], [87.71, 87.71, 87.71, 87.71, 87.7, 87.68, 87.66, 88.45, 88.35, 88.28, 88.28, 88.39, 88.57, 88.78, 87.63, 87.7, 87.76, 87.8, 87.83, 87.85]]}