gis_exercise/awsData/contour/humi_2023090713.json
{"header": {"refTime": "2023-09-07T13:00:00.000Z", "nx": 21, "ny": 33, "lo1": 113.509, "la1": 22.2235, "lo2": 113.5947, "la2": 22.1034, "dx": 0.0042850000000001385, "dy": 0.003753125000000024, "parameterCategory": 0, "parameterCategoryName": "Temperature", "parameterNumber": 0}, "z": [[85.18, 85.23, 85.31, 87.18, 87.17, 85.32, 85.44, 85.54, 85.54, 86.32, 86.11, 85.89, 84.29, 84.15, 84.36, 84.37, 83.6, 83.67, 83.72, 83.76], [85.14, 85.19, 85.27, 85.36, 87.15, 87.15, 85.56, 85.8, 85.93, 86.41, 86.08, 85.74, 84.12, 83.98, 84.23, 83.52, 83.63, 83.71, 83.77, 83.8], [85.09, 85.14, 85.21, 85.3, 87.13, 87.13, 87.12, 86.01, 86.74, 86.51, 85.99, 85.48, 83.83, 83.74, 83.36, 83.53, 83.68, 83.78, 83.84, 83.86], [85.02, 85.07, 85.13, 85.21, 85.33, 87.1, 87.1, 87.1, 87.11, 86.43, 85.83, 85.01, 83.35, 84.04, 83.33, 83.57, 83.76, 83.88, 83.93, 83.94], [84.95, 84.98, 85.02, 85.09, 85.19, 87.05, 87.05, 87.08, 87.17, 86.45, 85.82, 83.95, 82.81, 83.77, 83.35, 83.67, 83.92, 84.04, 84.07, 84.04], [84.87, 84.88, 84.9, 84.94, 85.01, 85.1, 86.93, 86.93, 87.1, 87.5, 85.61, 84.52, 83.57, 82.67, 83.48, 83.84, 84.16, 84.29, 84.23, 84.13], [83.89, 84.77, 84.76, 84.77, 84.81, 84.88, 85.77, 86.56, 86.7, 87.11, 87.5, 85.45, 83.14, 83.02, 83.65, 84.01, 84.48, 84.66, 84.45, 84.26], [83.86, 83.85, 83.84, 83.85, 83.9, 85.37, 85.56, 85.61, 85.51, 87.37, 88.9, 85.84, 85.81, 82.99, 84.63, 84.52, 84.74, 84.82, 84.69, 84.61], [84.15, 84.12, 83.76, 83.73, 83.72, 83.8, 84.04, 85.62, 86.59, 86.92, 87.69, 86.81, 86.38, 86.95, 84.6, 84.48, 84.61, 84.66, 84.63, 84.58], [83.0, 83.0, 83.0, 83.94, 83.8, 83.45, 83.7, 84.04, 87.84, 87.56, 86.35, 87.36, 87.04, 87.19, 84.6, 84.44, 84.52, 84.56, 84.56, 84.54], [83.0, 83.0, 83.0, 83.0, 83.0, 83.0, 83.0, 83.0, 83.71, 86.71, 90.0, 87.71, 87.44, 87.43, 84.61, 84.4, 84.46, 84.5, 84.51, 84.5], [83.0, 83.0, 83.0, 83.0, 83.0, 83.0, 83.0, 83.0, 83.0, -999.0, 90.0, 84.0, 84.0, 87.61, 84.62, 84.37, 84.41, 85.57, 85.55, 85.55], [83.0, 83.0, 83.0, 83.0, 83.0, 83.0, 83.0, 83.0, 83.0, 83.0, -999.0, 84.0, 84.0, 85.31, 84.73, 85.36, 85.36, 85.48, 85.46, 85.45], [83.0, 83.0, 83.0, 83.0, 83.0, 83.0, 83.0, 83.0, 83.0, 83.0, -999.0, 86.0, 86.0, 86.0, 84.9, 85.45, 85.43, 85.56, 85.53, 85.51], [83.0, 83.0, 83.0, 83.0, 83.0, 83.0, 83.0, 84.0, 84.0, 84.0, 84.0, 84.77, 86.0, 86.0, 86.0, 85.54, 85.51, 85.63, 85.59, 85.56], [83.0, 83.0, 83.63, 83.64, 83.66, 84.0, 84.0, 84.0, 84.0, 84.0, 85.26, 85.12, 85.31, 85.47, 85.29, 86.0, 86.0, 86.0, 85.74, 85.72], [83.64, 83.65, 83.35, 83.37, 84.0, 84.0, 84.0, 84.0, 84.0, 84.0, 84.86, 85.11, 85.37, 85.61, 85.76, 85.72, 85.62, 85.54, 85.48, 85.43], [83.36, 83.37, 83.39, 83.41, 84.0, 84.0, 84.0, 84.0, 84.0, 84.51, 84.78, 85.08, 85.39, 85.74, 85.97, 85.75, 85.61, 85.52, 85.45, 85.41], [83.38, 83.39, 83.42, 84.0, 84.0, 84.0, 84.0, 84.0, 84.18, 84.39, 84.58, 84.83, 85.45, 85.67, 85.77, 85.67, 85.56, 85.47, 85.41, 85.38], [83.39, 83.41, 84.0, 84.0, 84.0, 84.0, 84.0, 84.0, 84.19, 84.34, 84.54, 84.75, 85.4, 85.57, 85.6, 85.54, 85.47, 85.41, 85.36, 85.33], [84.0, 84.0, 84.0, 84.0, 84.0, 84.0, 84.0, 84.0, 84.31, 84.39, 84.52, 84.67, 85.38, 85.48, 85.47, 85.43, 85.38, 85.34, 85.3, 85.28], [84.0, 84.0, 84.0, 84.0, 84.0, 84.0, 84.0, 84.0, 84.35, 84.4, 84.48, 84.6, 85.35, 85.4, 85.38, 85.36, 85.33, 85.28, 85.24, 85.23], [84.0, 84.0, 84.0, 84.0, 84.0, 84.0, 84.0, 84.0, 84.0, 84.0, 84.0, 84.53, 84.67, 85.33, 85.31, 85.32, 85.35, 85.24, 85.16, 85.16], [84.0, 84.0, 84.0, 84.0, 84.0, 84.0, 84.0, 84.0, 84.0, 84.0, 84.0, 84.49, 84.64, 84.76, 84.89, 85.26, 85.58, 85.03, 85.03, 85.1], [84.0, 84.0, 84.0, 84.0, 84.0, 84.0, 84.0, 84.0, 84.0, 84.0, 84.0, 84.43, 84.6, 84.73, 84.84, 84.91, 84.9, 84.64, 84.94, 85.05], [84.0, 84.0, 84.0, 84.0, 84.0, 84.0, 84.0, 84.0, 84.0, 84.0, 84.24, 84.38, 84.54, 84.69, 84.78, 84.81, 84.76, 84.71, 84.97, 85.05], [84.0, 84.0, 84.0, 84.0, 84.0, 84.0, 84.0, 84.0, 84.0, 84.0, 84.26, 84.35, 84.48, 84.64, 84.71, 84.75, 84.75, 84.74, 84.75, 84.76], [84.0, 84.0, 84.0, 84.0, 84.0, 84.0, 84.0, 84.0, 84.0, 84.2, 84.21, 84.0, 84.0, 84.0, 84.65, 84.7, 84.72, 84.73, 84.74, 84.74], [84.0, 84.0, 84.0, 84.0, 84.0, 84.0, 84.0, 84.0, 84.0, 84.15, 84.0, 84.0, 84.0, 84.0, 84.6, 84.65, 84.69, 84.71, 84.72, 84.73], [84.0, 84.0, 84.0, 84.0, 84.0, 84.0, 84.0, 84.0, 84.0, 84.0, 84.0, 84.0, 84.0, 84.0, 84.57, 84.62, 84.66, 84.68, 84.7, 84.71], [84.0, 84.0, 84.0, 84.0, 84.0, 84.0, 84.0, 84.0, 84.0, 84.0, 84.0, 84.0, 84.0, 84.0, 84.55, 84.6, 84.64, 84.66, 84.68, 84.69], [84.0, 84.0, 84.0, 84.0, 84.0, 84.0, 84.0, 84.0, 84.0, 84.0, 84.0, 84.0, 84.0, 84.0, 84.54, 84.59, 84.62, 84.65, 84.67, 84.68]]}