gis_exercise/awsData/contour/humi_2023090110.json
{"header": {"refTime": "2023-09-01T10:00:00.000Z", "nx": 21, "ny": 33, "lo1": 113.509, "la1": 22.2235, "lo2": 113.5947, "la2": 22.1034, "dx": 0.0042850000000001385, "dy": 0.003753125000000024, "parameterCategory": 0, "parameterCategoryName": "Temperature", "parameterNumber": 0}, "z": [[67.48, 67.52, 67.58, 68.41, 68.44, 66.86, 66.99, 67.11, 67.1, 67.23, 66.86, 66.49, 65.02, 64.81, 64.96, 64.93, 63.6, 63.67, 63.72, 63.76], [67.45, 67.49, 67.55, 67.62, 68.43, 68.48, 67.16, 67.46, 67.62, 67.49, 66.86, 66.31, 64.79, 64.57, 64.78, 63.52, 63.63, 63.71, 63.77, 63.8], [67.41, 67.44, 67.5, 67.57, 68.4, 68.45, 68.54, 67.74, 68.67, 67.71, 66.74, 65.95, 64.38, 64.24, 63.36, 63.53, 63.68, 63.78, 63.84, 63.86], [67.36, 67.39, 67.43, 67.5, 67.59, 68.39, 68.46, 68.59, 68.71, 67.4, 66.4, 65.33, 63.73, 63.84, 63.33, 63.57, 63.76, 63.88, 63.93, 63.94], [67.3, 67.32, 67.35, 67.4, 67.47, 68.3, 68.33, 68.38, 68.43, 67.0, 66.13, 63.76, 62.74, 63.6, 63.35, 63.67, 63.92, 64.04, 64.07, 64.04], [67.24, 67.24, 67.26, 67.28, 67.32, 67.38, 68.16, 68.14, 68.19, 68.32, 65.23, 64.27, 63.42, 62.67, 63.48, 63.84, 64.16, 64.29, 64.23, 64.13], [66.45, 67.16, 67.15, 67.15, 67.17, 67.2, 67.26, 67.85, 67.87, 67.33, 67.34, 65.12, 63.14, 63.02, 63.65, 64.01, 64.48, 64.66, 64.45, 64.26], [66.43, 66.42, 66.42, 66.43, 66.45, 67.07, 67.17, 67.22, 67.05, 67.52, 68.25, 65.54, 65.51, 62.99, 64.63, 64.52, 64.74, 64.82, 64.69, 64.61], [66.57, 66.56, 66.38, 66.37, 66.36, 66.4, 66.52, 67.2, 67.64, 67.21, 67.08, 66.34, 65.98, 66.46, 64.6, 64.48, 64.61, 64.66, 64.63, 64.58], [66.0, 66.0, 66.0, 66.47, 66.4, 66.23, 66.35, 66.52, 68.14, 68.03, 65.96, 66.8, 66.53, 66.66, 64.6, 64.44, 64.52, 64.56, 64.56, 64.54], [66.0, 66.0, 66.0, 66.0, 66.0, 66.0, 66.0, 66.0, 66.35, 67.68, 69.0, 67.09, 66.87, 66.85, 64.61, 64.4, 64.46, 64.5, 64.51, 64.5], [66.0, 66.0, 66.0, 66.0, 66.0, 66.0, 66.0, 66.0, 66.0, -999.0, 69.0, 64.0, 64.0, 67.01, 64.62, 64.37, 64.41, 68.98, 68.88, 68.86], [66.0, 66.0, 66.0, 66.0, 66.0, 66.0, 66.0, 66.0, 66.0, 66.0, -999.0, 64.0, 64.0, 69.22, 66.93, 67.55, 67.5, 68.36, 68.24, 68.16], [66.0, 66.0, 66.0, 66.0, 66.0, 66.0, 66.0, 66.0, 66.0, 66.0, -999.0, 72.0, 72.0, 72.0, 67.6, 68.13, 68.02, 68.9, 68.71, 68.57], [66.0, 66.0, 66.0, 66.0, 66.0, 66.0, 66.0, 68.0, 68.0, 68.0, 68.0, 69.54, 72.0, 72.0, 72.0, 68.8, 68.59, 69.39, 69.14, 68.93], [66.0, 66.0, 67.26, 67.28, 67.32, 68.0, 68.0, 68.0, 68.0, 68.0, 70.52, 70.23, 70.62, 70.95, 70.57, 69.43, 69.04, 69.73, 68.28, 68.01], [67.28, 67.3, 66.71, 66.74, 68.0, 68.0, 68.0, 68.0, 68.0, 68.0, 69.72, 70.22, 70.74, 71.22, 70.74, 70.77, 70.34, 70.0, 69.77, 69.61], [66.71, 66.74, 66.77, 66.83, 68.0, 68.0, 68.0, 68.0, 68.0, 69.02, 69.55, 70.15, 70.78, 70.73, 71.81, 70.91, 70.29, 69.89, 69.65, 69.5], [66.75, 66.79, 66.83, 68.0, 68.0, 68.0, 68.0, 68.0, 68.36, 68.78, 68.78, 69.26, 69.64, 70.28, 70.99, 70.53, 70.01, 69.66, 69.46, 69.35], [66.78, 66.81, 66.86, 66.91, 66.99, 67.09, 67.25, 67.67, 68.15, 68.34, 68.64, 69.04, 69.25, 69.54, 70.15, 69.89, 69.56, 69.33, 69.21, 69.16], [66.78, 66.81, 66.85, 67.17, 67.21, 67.27, 67.35, 67.43, 68.15, 68.26, 68.47, 68.78, 68.84, 69.64, 69.5, 69.25, 69.03, 68.92, 68.93, 68.97], [67.07, 67.08, 67.09, 67.1, 67.12, 67.14, 67.16, 67.13, 67.98, 68.05, 68.22, 68.47, 67.81, 69.23, 68.99, 68.68, 68.45, 68.48, 68.66, 68.81], [67.03, 67.03, 67.03, 67.02, 67.01, 67.0, 66.97, 66.92, 66.86, 66.81, 66.82, 66.33, 67.15, 68.94, 68.63, 68.18, 67.7, 68.05, 68.51, 68.72], [67.0, 66.99, 66.98, 66.97, 66.94, 66.9, 66.84, 66.74, 66.62, 66.56, 66.63, 66.0, 67.13, 67.3, 67.4, 68.01, 66.48, 68.29, 68.63, 68.74], [66.98, 66.96, 66.95, 66.92, 66.89, 66.84, 66.75, 66.62, 66.41, 66.23, 66.48, 66.05, 65.98, 67.33, 67.5, 67.69, 68.68, 69.4, 68.86, 68.8], [66.96, 66.94, 66.92, 66.89, 66.86, 66.8, 66.72, 66.6, 66.41, 66.26, 66.13, 66.13, 66.06, 67.35, 67.56, 67.97, 68.29, 68.49, 68.88, 68.85], [66.94, 66.92, 66.9, 66.88, 66.84, 66.79, 66.73, 66.66, 66.58, 66.56, 66.27, 66.25, 66.16, 67.66, 67.78, 67.94, 68.1, 68.2, 68.17, 68.09], [66.93, 66.91, 66.89, 66.87, 66.84, 66.8, 66.76, 66.73, 66.72, 66.45, 66.5, 67.29, 67.55, 67.88, 67.74, 67.87, 67.98, 68.04, 68.05, 68.02], [66.92, 66.91, 66.89, 66.87, 66.84, 66.82, 66.8, 66.79, 66.81, 66.66, 67.07, 67.26, 67.51, 67.79, 67.69, 67.8, 67.88, 67.94, 67.96, 67.95], [66.92, 66.9, 66.89, 66.87, 66.85, 66.83, 66.82, 66.82, 67.2, 67.16, 67.14, 67.29, 67.51, 67.75, 67.65, 67.74, 67.81, 67.86, 67.89, 67.9], [66.91, 66.9, 66.89, 66.87, 66.86, 66.85, 66.84, 66.84, 67.28, 67.26, 67.28, 67.38, 67.55, 67.73, 67.63, 67.7, 67.76, 67.81, 67.84, 67.85], [66.91, 66.9, 66.89, 66.88, 66.87, 66.86, 66.85, 67.36, 67.35, 67.36, 67.39, 67.47, 67.59, 67.74, 67.61, 67.68, 67.73, 67.77, 67.8, 67.81]]}