gis_exercise/awsData/contour/humi_2023091408.json
{"header": {"refTime": "2023-09-14T08:00:00.000Z", "nx": 21, "ny": 33, "lo1": 113.509, "la1": 22.2235, "lo2": 113.5947, "la2": 22.1034, "dx": 0.0042850000000001385, "dy": 0.003753125000000024, "parameterCategory": 0, "parameterCategoryName": "Temperature", "parameterNumber": 0}, "z": [[92.79, 92.83, 92.88, 94.47, 94.45, 92.58, 92.67, 92.74, 92.72, 93.32, 93.11, 92.89, 91.29, 91.15, 91.08, 91.05, 90.25, 90.29, 90.32, 90.35], [92.76, 92.8, 92.86, 92.93, 94.44, 94.41, 92.78, 92.97, 93.07, 93.41, 93.08, 92.74, 91.12, 90.98, 90.94, 90.19, 90.26, 90.31, 90.35, 90.37], [92.73, 92.76, 92.82, 92.88, 94.43, 94.4, 94.35, 93.17, 93.78, 93.51, 92.99, 92.48, 90.83, 90.74, 90.08, 90.19, 90.28, 90.35, 90.39, 90.41], [92.68, 92.71, 92.76, 92.82, 92.91, 94.4, 94.37, 94.31, 94.26, 93.43, 92.83, 92.01, 90.35, 91.04, 90.05, 90.22, 90.33, 90.41, 90.44, 90.45], [92.62, 92.65, 92.68, 92.74, 92.81, 94.4, 94.38, 94.39, 94.46, 93.45, 92.82, 90.95, 89.81, 90.77, 90.07, 90.28, 90.42, 90.5, 90.52, 90.5], [92.56, 92.57, 92.59, 92.63, 92.69, 92.77, 94.35, 94.36, 94.51, 94.84, 92.61, 91.52, 90.57, 89.67, 90.17, 90.39, 90.56, 90.64, 90.61, 90.56], [91.89, 92.49, 92.48, 92.5, 92.54, 92.62, 93.51, 94.14, 94.27, 94.45, 94.69, 92.45, 90.14, 90.02, 90.32, 90.5, 90.74, 90.83, 90.63, 90.5], [91.86, 91.85, 91.84, 91.85, 91.9, 93.15, 93.34, 93.43, 93.34, 94.7, 95.98, 92.84, 92.81, 89.99, 91.0, 91.0, 91.0, 91.0, 91.0, 91.0], [92.15, 92.12, 91.76, 91.73, 91.72, 91.8, 92.04, 93.4, 94.27, 94.28, 94.69, 93.81, 93.38, 93.95, 91.0, 91.0, 91.0, 91.0, 91.0, 91.0], [91.0, 91.0, 91.0, 91.94, 91.8, 91.45, 91.7, 92.04, 95.27, 95.05, 93.35, 94.36, 94.04, 94.19, 91.0, 91.0, 91.0, 91.0, 91.0, 91.0], [91.0, 91.0, 91.0, 91.0, 91.0, 91.0, 91.0, 91.0, 91.71, 94.37, 97.0, 94.71, 94.44, 94.43, 91.0, 91.0, 91.0, 91.0, 91.0, 91.0], [91.0, 91.0, 91.0, 91.0, 91.0, 91.0, 91.0, 91.0, 91.0, -999.0, 97.0, 91.0, 91.0, 94.61, 91.0, 91.0, 91.0, 94.41, 94.33, 94.31], [91.0, 91.0, 91.0, 91.0, 91.0, 91.0, 91.0, 91.0, 91.0, 91.0, -999.0, 91.0, 91.0, 94.92, 93.19, 93.18, 93.14, 93.88, 93.77, 93.71], [91.0, 91.0, 91.0, 91.0, 91.0, 91.0, 91.0, 91.0, 91.0, 91.0, -999.0, 97.0, 97.0, 97.0, 93.7, 93.68, 93.59, 94.34, 94.18, 94.06], [91.0, 91.0, 91.0, 91.0, 91.0, 91.0, 91.0, 94.0, 94.0, 94.0, 94.0, 95.15, 97.0, 97.0, 97.0, 94.25, 94.07, 94.77, 94.55, 94.37], [91.0, 91.0, 92.89, 92.92, 92.98, 94.0, 94.0, 94.0, 94.0, 94.0, 95.89, 95.67, 95.96, 96.21, 95.93, 95.53, 95.31, 95.7, 94.35, 94.16], [92.93, 92.94, 92.06, 92.11, 94.0, 94.0, 94.0, 94.0, 94.0, 94.0, 95.29, 95.66, 96.05, 96.41, 96.2, 96.1, 95.78, 95.53, 95.35, 95.23], [92.07, 92.11, 92.16, 92.24, 94.0, 94.0, 94.0, 94.0, 94.0, 94.76, 95.16, 95.61, 96.08, 96.18, 96.88, 96.2, 95.74, 95.45, 95.27, 95.15], [92.13, 92.18, 92.25, 94.0, 94.0, 94.0, 94.0, 94.0, 94.27, 94.58, 95.05, 95.43, 95.45, 95.9, 96.26, 95.93, 95.55, 95.29, 95.13, 95.04], [92.17, 92.22, 94.57, 94.54, 94.51, 94.45, 94.37, 94.16, 94.39, 94.69, 95.03, 95.35, 95.21, 95.44, 95.66, 95.47, 95.23, 95.05, 94.95, 94.9], [94.61, 94.6, 94.58, 94.41, 94.39, 94.36, 94.33, 94.29, 94.7, 94.85, 95.06, 95.3, 94.97, 95.28, 95.19, 95.03, 94.86, 94.77, 94.75, 94.76], [94.47, 94.46, 94.46, 94.45, 94.44, 94.43, 94.42, 93.65, 94.88, 94.97, 95.1, 95.25, 95.07, 94.99, 94.84, 94.64, 94.49, 94.48, 94.55, 94.62], [94.48, 94.48, 94.48, 93.35, 93.41, 93.48, 93.56, 93.65, 93.72, 93.73, 93.64, 94.18, 94.33, 94.77, 94.59, 94.33, 94.08, 94.2, 94.4, 94.53], [93.2, 93.23, 93.26, 93.3, 93.35, 93.43, 93.53, 93.68, 93.87, 93.94, 93.75, 93.26, 94.36, 94.24, 94.11, 94.19, 93.54, 94.19, 94.38, 94.49], [93.16, 93.18, 93.2, 93.23, 93.28, 93.35, 93.47, 93.69, 94.1, 94.46, 93.87, 93.24, 92.98, 94.27, 94.16, 94.09, 94.32, 94.54, 94.45, 94.5], [93.11, 93.12, 93.13, 93.15, 93.19, 93.24, 93.34, 93.53, 93.93, 94.29, 93.51, 93.01, 92.8, 94.31, 94.22, 93.43, 93.71, 93.82, 94.48, 94.52], [93.06, 93.06, 93.06, 93.07, 93.07, 93.08, 93.11, 93.17, 93.25, 93.18, 92.75, 92.55, 92.51, 92.58, 92.93, 93.22, 93.44, 93.53, 93.52, 93.45], [93.01, 93.0, 92.99, 92.97, 92.95, 92.91, 92.86, 92.75, 92.54, 92.03, 91.75, 92.22, 92.6, 92.93, 92.71, 93.0, 93.2, 93.3, 93.33, 93.32], [92.96, 92.94, 92.92, 92.88, 92.83, 92.75, 92.63, 92.41, 92.01, 91.19, 90.62, 91.62, 92.27, 92.71, 92.52, 92.8, 92.99, 93.11, 93.17, 93.19], [92.92, 92.89, 92.85, 92.8, 92.73, 92.63, 92.48, 92.23, 91.95, 91.32, 90.94, 91.57, 92.15, 92.58, 92.38, 92.64, 92.83, 92.96, 93.03, 93.07], [92.88, 92.84, 92.8, 92.74, 92.66, 92.55, 92.4, 92.18, 92.04, 91.73, 91.62, 91.85, 92.22, 92.55, 92.29, 92.53, 92.71, 92.83, 92.92, 92.97], [92.84, 92.81, 92.76, 92.7, 92.62, 92.52, 92.38, 92.38, 92.2, 92.04, 92.01, 92.13, 92.34, 92.58, 92.26, 92.46, 92.62, 92.74, 92.82, 92.88]]}