gis_exercise/awsData/contour/humi_2023091306.json
{"header": {"refTime": "2023-09-13T06:00:00.000Z", "nx": 21, "ny": 33, "lo1": 113.509, "la1": 22.2235, "lo2": 113.5947, "la2": 22.1034, "dx": 0.0042850000000001385, "dy": 0.003753125000000024, "parameterCategory": 0, "parameterCategoryName": "Temperature", "parameterNumber": 0}, "z": [[94.49, 94.55, 94.61, 95.96, 95.96, 94.35, 94.45, 94.53, 94.51, 94.68, 94.38, 94.08, 92.9, 92.73, 92.38, 92.33, 91.52, 91.56, 91.59, 91.61], [94.46, 94.51, 94.58, 94.67, 95.96, 95.96, 94.58, 94.8, 94.91, 94.87, 94.37, 93.92, 92.69, 92.53, 92.21, 91.45, 91.52, 91.57, 91.61, 91.63], [94.41, 94.46, 94.53, 94.62, 95.94, 95.95, 95.96, 95.03, 95.74, 95.03, 94.26, 93.61, 92.33, 92.23, 91.34, 91.45, 91.54, 91.6, 91.63, 91.65], [94.35, 94.39, 94.45, 94.54, 94.65, 95.93, 95.94, 95.97, 95.99, 94.82, 94.0, 93.06, 91.74, 92.07, 91.3, 91.47, 91.57, 91.64, 91.67, 91.69], [94.27, 94.3, 94.35, 94.43, 94.53, 95.9, 95.9, 95.92, 95.96, 94.58, 93.83, 91.95, 90.83, 91.82, 91.32, 91.52, 91.64, 91.7, 91.72, 91.72], [94.19, 94.2, 94.23, 94.29, 94.37, 94.5, 95.84, 95.83, 95.9, 96.05, 93.5, 92.53, 91.62, 91.0, 91.45, 91.63, 91.75, 91.8, 91.78, 91.76], [93.34, 94.09, 94.09, 94.11, 94.18, 94.3, 94.75, 95.66, 95.71, 95.53, 95.59, 93.52, 91.71, 91.53, 91.65, 91.74, 91.86, 91.91, 91.63, 91.5], [93.28, 93.27, 93.26, 93.28, 93.35, 94.32, 94.6, 94.92, 95.11, 95.69, 96.37, 94.23, 94.21, 91.49, 92.37, 92.48, 92.26, 92.18, 92.31, 92.39], [93.72, 93.67, 93.14, 93.1, 93.08, 93.19, 93.56, 94.72, 95.64, 95.42, 95.46, 94.87, 94.59, 94.97, 92.4, 92.52, 92.39, 92.34, 92.37, 92.42], [92.0, 92.0, 92.0, 93.4, 93.21, 92.68, 93.05, 93.56, 96.14, 96.03, 94.57, 95.24, 95.02, 95.13, 92.4, 92.56, 92.48, 92.44, 92.44, 92.46], [92.0, 92.0, 92.0, 92.0, 92.0, 92.0, 92.0, 92.0, 93.06, 95.68, 97.0, 95.48, 95.3, 95.28, 92.39, 92.6, 92.54, 92.5, 92.49, 92.5], [92.0, 92.0, 92.0, 92.0, 92.0, 92.0, 92.0, 92.0, 92.0, -999.0, 97.0, 93.0, 93.0, 95.41, 92.38, 92.63, 92.59, 95.41, 95.33, 95.31], [92.0, 92.0, 92.0, 92.0, 92.0, 92.0, 92.0, 92.0, 92.0, 92.0, -999.0, 93.0, 93.0, 96.26, 94.83, 94.18, 94.14, 94.88, 94.77, 94.71], [92.0, 92.0, 92.0, 92.0, 92.0, 92.0, 92.0, 92.0, 92.0, 92.0, -999.0, 98.0, 98.0, 98.0, 95.25, 94.68, 94.59, 95.34, 95.18, 95.06], [92.0, 92.0, 92.0, 92.0, 92.0, 92.0, 92.0, 92.0, 92.0, 92.0, 92.0, 94.31, 98.0, 98.0, 98.0, 95.25, 95.07, 95.77, 95.55, 95.37], [92.0, 92.0, 92.0, 92.0, 92.0, 92.0, 92.0, 92.0, 92.0, 92.0, 95.78, 95.35, 95.93, 96.42, 95.86, 96.53, 96.31, 96.7, 95.35, 95.16], [92.0, 92.0, 92.0, 92.0, 92.0, 92.0, 92.0, 92.0, 92.0, 92.0, 94.58, 95.32, 96.11, 96.83, 96.84, 96.96, 96.59, 96.3, 96.09, 95.95], [92.0, 92.0, 92.0, 92.0, 92.0, 92.0, 92.0, 92.0, 92.0, 93.52, 94.33, 95.23, 96.17, 96.79, 97.83, 97.07, 96.55, 96.21, 95.99, 95.85], [92.0, 92.0, 92.0, 92.0, 92.0, 92.0, 92.0, 92.0, 92.54, 93.17, 94.1, 94.86, 95.63, 96.39, 97.15, 96.76, 96.33, 96.02, 95.84, 95.73], [92.0, 92.0, 93.14, 93.09, 93.01, 92.91, 92.75, 92.33, 92.79, 93.38, 94.06, 94.71, 95.32, 95.79, 96.46, 96.24, 95.96, 95.75, 95.63, 95.57], [93.22, 93.19, 93.15, 92.83, 92.79, 92.73, 92.65, 92.57, 93.4, 93.7, 94.13, 94.59, 95.04, 96.03, 95.93, 95.74, 95.55, 95.44, 95.4, 95.4], [92.93, 92.92, 92.91, 92.9, 92.88, 92.86, 92.84, 92.87, 93.76, 93.94, 94.2, 94.51, 95.42, 95.69, 95.53, 95.32, 95.15, 95.12, 95.17, 95.24], [92.97, 92.97, 92.97, 92.98, 92.99, 93.0, 93.03, 93.08, 93.14, 93.19, 93.18, 93.41, 94.3, 95.44, 95.24, 94.99, 94.75, 94.82, 94.98, 95.11], [93.0, 93.01, 93.02, 93.03, 93.06, 93.1, 93.16, 93.26, 93.38, 93.44, 93.37, 93.75, 94.29, 94.34, 94.37, 94.82, 94.33, 94.7, 94.9, 95.04], [93.02, 93.04, 93.05, 93.08, 93.11, 93.16, 93.25, 93.38, 93.59, 93.77, 93.52, 93.73, 93.72, 94.34, 94.38, 94.43, 94.77, 94.86, 94.92, 95.02], [93.04, 93.06, 93.08, 93.11, 93.14, 93.2, 93.28, 93.4, 93.59, 93.74, 93.75, 93.68, 93.67, 94.34, 94.39, 94.29, 94.41, 94.46, 94.97, 95.04], [93.06, 93.08, 93.1, 93.12, 93.16, 93.21, 93.27, 93.34, 93.42, 93.44, 93.6, 93.58, 93.6, 93.97, 94.1, 94.21, 94.3, 94.34, 94.33, 94.3], [93.07, 93.09, 93.11, 93.13, 93.16, 93.2, 93.24, 93.27, 93.28, 93.45, 93.39, 93.59, 93.73, 93.88, 94.02, 94.13, 94.21, 94.25, 94.26, 94.25], [93.08, 93.09, 93.11, 93.13, 93.16, 93.18, 93.2, 93.21, 93.19, 93.27, 93.16, 93.44, 93.65, 93.81, 93.95, 94.05, 94.13, 94.17, 94.2, 94.2], [93.08, 93.1, 93.11, 93.13, 93.15, 93.17, 93.18, 93.18, 93.51, 93.35, 93.25, 93.43, 93.62, 93.77, 93.89, 93.99, 94.07, 94.11, 94.14, 94.16], [93.09, 93.1, 93.11, 93.13, 93.14, 93.15, 93.16, 93.16, 93.54, 93.47, 93.44, 93.52, 93.64, 93.76, 93.86, 93.95, 94.02, 94.07, 94.1, 94.12], [93.09, 93.1, 93.11, 93.12, 93.13, 93.14, 93.15, 93.64, 93.6, 93.56, 93.56, 93.6, 93.68, 93.77, 93.85, 93.92, 93.98, 94.03, 94.06, 94.09]]}