gis_exercise/awsData/contour/humi_2023091006.json
{"header": {"refTime": "2023-09-10T06:00:00.000Z", "nx": 21, "ny": 33, "lo1": 113.509, "la1": 22.2235, "lo2": 113.5947, "la2": 22.1034, "dx": 0.0042850000000001385, "dy": 0.003753125000000024, "parameterCategory": 0, "parameterCategoryName": "Temperature", "parameterNumber": 0}, "z": [[97.39, 97.4, 97.42, 97.96, 97.96, 97.05, 97.11, 97.16, 97.16, 97.43, 97.29, 97.15, 96.33, 96.24, 96.47, 96.49, 95.98, 96.02, 96.06, 96.08], [97.38, 97.39, 97.41, 97.44, 97.96, 97.96, 97.18, 97.32, 97.39, 97.52, 97.29, 97.07, 96.23, 96.14, 96.39, 95.93, 96.0, 96.05, 96.09, 96.12], [97.36, 97.38, 97.39, 97.42, 97.94, 97.95, 97.96, 97.44, 97.85, 97.59, 97.23, 96.91, 96.05, 95.99, 95.82, 95.94, 96.03, 96.1, 96.14, 96.16], [97.35, 97.35, 97.37, 97.39, 97.42, 97.93, 97.94, 97.97, 97.99, 97.51, 97.12, 96.64, 95.77, 96.02, 95.8, 95.97, 96.1, 96.18, 96.21, 96.22], [97.33, 97.33, 97.34, 97.35, 97.37, 97.9, 97.9, 97.92, 97.96, 97.44, 97.06, 95.98, 95.41, 95.89, 95.82, 96.03, 96.2, 96.29, 96.31, 96.28], [97.31, 97.31, 97.31, 97.31, 97.32, 97.33, 97.84, 97.83, 97.9, 98.05, 96.81, 96.26, 95.79, 95.33, 95.89, 96.15, 96.38, 96.48, 96.43, 96.36], [97.0, 97.28, 97.27, 97.27, 97.27, 97.26, 97.51, 97.66, 97.71, 97.73, 97.85, 96.73, 95.57, 95.51, 95.99, 96.26, 96.61, 96.74, 96.63, 96.5], [97.0, 97.0, 97.0, 97.0, 97.0, 97.45, 97.45, 97.36, 97.17, 97.85, 98.49, 96.92, 96.9, 95.5, 96.63, 96.52, 96.74, 96.82, 96.69, 96.61], [97.0, 97.0, 97.0, 97.0, 97.0, 97.0, 97.0, 97.44, 97.64, 97.64, 97.85, 97.41, 97.19, 97.48, 96.6, 96.48, 96.61, 96.66, 96.63, 96.58], [97.0, 97.0, 97.0, 97.0, 97.0, 97.0, 97.0, 97.0, 98.14, 98.03, 97.18, 97.68, 97.52, 97.6, 96.6, 96.44, 96.52, 96.56, 96.56, 96.54], [97.0, 97.0, 97.0, 97.0, 97.0, 97.0, 97.0, 97.0, 97.0, 97.68, 99.0, 97.86, 97.72, 97.71, 96.61, 96.4, 96.46, 96.5, 96.51, 96.5], [97.0, 97.0, 97.0, 97.0, 97.0, 97.0, 97.0, 97.0, 97.0, -999.0, 99.0, 96.0, 96.0, 97.81, 96.62, 96.37, 96.41, 98.71, 98.66, 98.65], [97.0, 97.0, 97.0, 97.0, 97.0, 97.0, 97.0, 97.0, 97.0, 97.0, -999.0, 96.0, 96.0, 98.61, 97.46, 98.09, 98.07, 98.44, 98.39, 98.35], [97.0, 97.0, 97.0, 97.0, 97.0, 97.0, 97.0, 97.0, 97.0, 97.0, -999.0, 100.0, 100.0, 100.0, 97.8, 98.34, 98.29, 98.67, 98.59, 98.53], [97.0, 97.0, 97.0, 97.0, 97.0, 97.0, 97.0, 98.0, 98.0, 98.0, 98.0, 98.77, 100.0, 100.0, 100.0, 98.63, 98.54, 98.88, 98.78, 98.69], [97.0, 97.0, 97.63, 97.64, 97.66, 98.0, 98.0, 98.0, 98.0, 98.0, 99.26, 99.12, 99.31, 99.47, 99.29, 99.27, 99.16, 99.35, 98.68, 98.58], [97.64, 97.65, 97.35, 97.37, 98.0, 98.0, 98.0, 98.0, 98.0, 98.0, 98.86, 99.11, 99.37, 99.61, 99.54, 99.55, 99.39, 99.26, 99.18, 99.11], [97.36, 97.37, 97.39, 97.41, 98.0, 98.0, 98.0, 98.0, 98.0, 98.51, 98.78, 99.08, 99.39, 99.52, 99.93, 99.6, 99.37, 99.23, 99.13, 99.07], [97.38, 97.39, 97.42, 98.0, 98.0, 98.0, 98.0, 98.0, 98.18, 98.39, 98.95, 99.21, 99.09, 99.36, 99.63, 99.46, 99.27, 99.14, 99.07, 99.02], [97.39, 97.41, 99.14, 99.09, 99.01, 98.91, 98.75, 98.33, 98.41, 98.69, 98.98, 99.21, 98.96, 99.11, 99.33, 99.23, 99.11, 99.02, 98.97, 98.95], [99.22, 99.19, 99.15, 98.83, 98.79, 98.73, 98.65, 98.57, 98.78, 98.91, 99.09, 99.24, 98.83, 99.14, 99.1, 99.01, 98.93, 98.88, 98.87, 98.88], [98.93, 98.92, 98.91, 98.9, 98.88, 98.86, 98.84, 98.69, 99.07, 99.14, 99.23, 99.31, 99.36, 98.99, 98.92, 98.82, 98.74, 98.74, 98.77, 98.81], [98.97, 98.97, 98.97, 98.73, 98.75, 98.77, 98.82, 98.88, 98.95, 98.99, 98.97, 98.88, 99.04, 98.89, 98.79, 98.66, 98.54, 98.6, 98.7, 98.76], [98.71, 98.72, 98.74, 98.76, 98.8, 98.85, 98.93, 99.05, 99.2, 99.27, 99.16, 99.01, 99.07, 98.9, 98.74, 98.59, 98.27, 98.59, 98.69, 98.74], [98.72, 98.74, 98.76, 98.79, 98.83, 98.89, 98.99, 99.16, 99.44, 99.67, 99.32, 99.04, 98.83, 98.93, 98.78, 98.66, 98.66, 98.77, 98.72, 98.75], [98.73, 98.75, 98.77, 98.79, 98.84, 98.9, 98.99, 99.14, 99.4, 99.61, 99.26, 98.97, 98.79, 98.97, 98.83, 98.44, 98.51, 98.55, 98.74, 98.76], [98.73, 98.75, 98.77, 98.79, 98.82, 98.87, 98.93, 99.01, 99.1, 99.1, 98.95, 98.81, 98.71, 98.32, 98.37, 98.42, 98.46, 98.48, 98.48, 98.46], [98.73, 98.74, 98.76, 98.78, 98.8, 98.82, 98.85, 98.85, 98.81, 98.69, 98.58, 98.74, 98.82, 98.88, 98.35, 98.39, 98.42, 98.44, 98.45, 98.44], [98.73, 98.74, 98.75, 98.76, 98.77, 98.77, 98.77, 98.73, 98.62, 98.39, 98.21, 98.53, 98.72, 98.82, 98.32, 98.36, 98.39, 98.41, 98.42, 98.42], [98.72, 98.73, 98.74, 98.74, 98.74, 98.73, 98.71, 98.65, 98.66, 98.44, 98.31, 98.51, 98.67, 98.78, 98.3, 98.34, 98.37, 98.39, 98.4, 98.4], [98.72, 98.72, 98.72, 98.72, 98.72, 98.7, 98.67, 98.62, 98.68, 98.57, 98.53, 98.59, 98.69, 98.77, 98.29, 98.33, 98.35, 98.37, 98.38, 98.39], [98.71, 98.71, 98.71, 98.71, 98.7, 98.68, 98.66, 98.78, 98.72, 98.66, 98.64, 98.67, 98.72, 98.78, 98.29, 98.32, 98.34, 98.35, 98.37, 98.37]]}