gis_exercise/awsData/contour/humi_2023090412.json
{"header": {"refTime": "2023-09-04T12:00:00.000Z", "nx": 21, "ny": 33, "lo1": 113.509, "la1": 22.2235, "lo2": 113.5947, "la2": 22.1034, "dx": 0.0042850000000001385, "dy": 0.003753125000000024, "parameterCategory": 0, "parameterCategoryName": "Temperature", "parameterNumber": 0}, "z": [[58.73, 58.77, 58.8, 61.14, 61.03, 59.52, 59.46, 59.41, 59.37, 60.16, 60.27, 60.36, 59.0, 59.0, 60.43, 60.61, 60.78, 60.9, 60.99, 61.04], [58.71, 58.75, 58.79, 58.84, 61.03, 60.87, 59.45, 59.35, 59.28, 59.99, 60.21, 60.33, 59.0, 59.0, 60.44, 60.65, 60.84, 60.99, 61.09, 61.15], [58.68, 58.72, 58.77, 58.83, 61.07, 60.91, 60.63, 59.31, 59.07, 59.86, 60.22, 60.31, 59.0, 59.0, 60.41, 60.7, 60.95, 61.14, 61.24, 61.28], [58.65, 58.68, 58.73, 58.8, 58.88, 61.03, 60.81, 60.44, 60.1, 60.15, 60.38, 60.26, 59.0, 60.18, 60.38, 60.79, 61.14, 61.37, 61.46, 61.46], [58.59, 58.63, 58.68, 58.75, 58.85, 61.2, 61.11, 61.01, 61.04, 60.76, 60.73, 60.18, 59.47, 60.01, 60.4, 60.97, 61.46, 61.72, 61.75, 61.67], [58.53, 58.55, 58.59, 58.67, 58.79, 58.96, 61.38, 61.44, 61.64, 62.02, 61.3, 60.51, 59.88, 59.0, 60.52, 61.26, 61.99, 62.29, 62.13, 61.88], [58.24, 58.46, 58.48, 58.53, 58.65, 58.88, 60.76, 61.58, 61.81, 62.45, 62.69, 60.99, 59.0, 59.0, 60.66, 61.56, 62.72, 63.15, 63.08, 62.76], [58.14, 58.11, 58.1, 58.13, 58.24, 60.01, 60.49, 60.99, 61.34, 62.7, 63.98, 60.84, 60.81, 59.0, 62.14, 61.6, 62.69, 63.08, 62.46, 62.04], [58.86, 58.79, 57.91, 57.83, 57.8, 57.99, 58.6, 60.69, 62.27, 62.28, 62.69, 61.81, 61.38, 61.95, 62.01, 61.39, 62.03, 62.3, 62.15, 61.91], [56.0, 56.0, 56.0, 58.34, 58.01, 57.13, 57.74, 58.6, 63.27, 63.05, 61.35, 62.36, 62.04, 62.19, 62.0, 61.19, 61.59, 61.8, 61.81, 61.72], [56.0, 56.0, 56.0, 56.0, 56.0, 56.0, 56.0, 56.0, 57.77, 62.37, 65.0, 62.71, 62.44, 62.43, 62.06, 61.02, 61.32, 61.49, 61.53, 61.5], [56.0, 56.0, 56.0, 56.0, 56.0, 56.0, 56.0, 56.0, 56.0, -999.0, 65.0, 59.0, 59.0, 62.61, 62.11, 60.85, 61.03, 66.84, 66.77, 66.76], [56.0, 56.0, 56.0, 56.0, 56.0, 56.0, 56.0, 56.0, 56.0, 56.0, -999.0, 59.0, 59.0, 65.53, 62.66, 65.82, 65.78, 66.4, 66.31, 66.26], [56.0, 56.0, 56.0, 56.0, 56.0, 56.0, 56.0, 56.0, 56.0, 56.0, -999.0, 69.0, 69.0, 69.0, 63.5, 66.24, 66.16, 66.78, 66.65, 66.55], [56.0, 56.0, 56.0, 56.0, 56.0, 56.0, 56.0, 63.0, 63.0, 63.0, 63.0, 65.31, 69.0, 69.0, 69.0, 66.71, 66.56, 67.14, 66.96, 66.81], [56.0, 56.0, 60.4, 60.48, 60.62, 63.0, 63.0, 63.0, 63.0, 63.0, 66.78, 66.35, 66.93, 67.42, 66.86, 68.63, 68.58, 68.68, 67.43, 67.32], [60.49, 60.54, 58.47, 58.59, 63.0, 63.0, 63.0, 63.0, 63.0, 63.0, 65.58, 66.32, 67.11, 67.83, 68.17, 69.27, 69.36, 69.44, 69.5, 69.55], [58.5, 58.58, 58.71, 58.89, 63.0, 63.0, 63.0, 63.0, 63.0, 64.52, 65.33, 66.23, 67.17, 68.11, 68.88, 69.23, 69.37, 69.46, 69.52, 69.57], [58.64, 58.75, 58.91, 63.0, 63.0, 63.0, 63.0, 63.0, 63.54, 64.17, 65.29, 66.06, 67.18, 67.85, 69.21, 69.3, 69.41, 69.5, 69.56, 69.6], [58.73, 58.85, 64.71, 64.63, 64.52, 64.36, 64.12, 63.49, 63.9, 64.55, 65.28, 65.94, 66.99, 67.47, 69.37, 69.41, 69.48, 69.55, 69.6, 69.64], [64.83, 64.79, 64.73, 64.24, 64.18, 64.09, 63.98, 63.86, 64.64, 64.96, 65.41, 65.88, 66.86, 69.47, 69.48, 69.5, 69.54, 69.6, 69.66, 69.7], [64.4, 64.38, 64.37, 64.35, 64.32, 64.29, 64.27, 63.69, 65.12, 65.31, 65.57, 65.87, 67.7, 69.55, 69.55, 69.54, 69.55, 69.63, 69.72, 69.76], [64.45, 64.45, 64.45, 63.59, 63.64, 63.71, 63.8, 63.92, 64.05, 64.1, 64.03, 65.64, 68.45, 69.61, 69.6, 69.53, 69.41, 69.63, 69.82, 69.85], [63.49, 63.52, 63.55, 63.6, 63.67, 63.77, 63.92, 64.15, 64.43, 64.56, 64.33, 65.24, 68.37, 68.78, 69.1, 69.59, 68.87, 69.99, 70.04, 69.96], [63.48, 63.51, 63.55, 63.6, 63.67, 63.79, 63.97, 64.29, 64.85, 65.32, 64.59, 65.09, 65.18, 68.76, 69.14, 69.48, 70.25, 70.77, 70.22, 70.04], [63.47, 63.49, 63.52, 63.57, 63.64, 63.74, 63.9, 64.19, 64.72, 65.16, 64.99, 64.78, 64.89, 68.73, 69.12, 68.71, 69.32, 69.55, 70.17, 70.05], [63.45, 63.46, 63.49, 63.52, 63.57, 63.63, 63.72, 63.85, 64.0, 63.97, 64.26, 64.25, 64.48, 66.79, 67.58, 68.24, 68.71, 68.92, 68.88, 68.74], [63.42, 63.43, 63.44, 63.46, 63.47, 63.49, 63.49, 63.44, 63.29, 63.43, 63.17, 64.1, 64.88, 65.69, 67.09, 67.73, 68.18, 68.41, 68.48, 68.45], [63.39, 63.39, 63.39, 63.39, 63.38, 63.34, 63.27, 63.11, 62.78, 62.49, 61.86, 63.32, 64.43, 65.31, 66.65, 67.28, 67.72, 67.99, 68.12, 68.16], [63.36, 63.36, 63.35, 63.33, 63.29, 63.23, 63.12, 62.93, 63.66, 62.83, 62.33, 63.3, 64.28, 65.09, 66.34, 66.93, 67.36, 67.64, 67.81, 67.9], [63.33, 63.32, 63.3, 63.27, 63.23, 63.16, 63.04, 62.87, 63.86, 63.45, 63.34, 63.76, 64.4, 65.04, 66.16, 66.68, 67.08, 67.36, 67.56, 67.67], [63.31, 63.29, 63.27, 63.23, 63.18, 63.11, 63.01, 64.39, 64.15, 63.96, 63.96, 64.2, 64.62, 65.08, 66.08, 66.53, 66.88, 67.15, 67.35, 67.48]]}