gis_exercise/awsData/contour/humi_2023090309.json
{"header": {"refTime": "2023-09-03T09:00:00.000Z", "nx": 21, "ny": 33, "lo1": 113.509, "la1": 22.2235, "lo2": 113.5947, "la2": 22.1034, "dx": 0.0042850000000001385, "dy": 0.003753125000000024, "parameterCategory": 0, "parameterCategoryName": "Temperature", "parameterNumber": 0}, "z": [[83.63, 83.62, 83.61, 84.88, 84.79, 82.82, 82.8, 82.77, 82.72, 83.21, 83.14, 83.06, 82.05, 82.01, 82.33, 82.45, 82.85, 82.96, 83.05, 83.1], [83.63, 83.63, 83.62, 83.61, 84.79, 84.65, 82.85, 82.84, 82.81, 83.17, 83.09, 82.95, 81.93, 81.89, 82.26, 82.71, 82.89, 83.02, 83.12, 83.18], [83.64, 83.64, 83.64, 83.63, 84.83, 84.68, 84.43, 82.9, 82.96, 83.16, 83.05, 82.78, 81.73, 81.73, 82.44, 82.72, 82.96, 83.13, 83.22, 83.27], [83.64, 83.65, 83.65, 83.65, 83.65, 84.79, 84.59, 84.27, 83.96, 83.27, 83.04, 82.48, 81.36, 82.49, 82.38, 82.79, 83.1, 83.29, 83.37, 83.39], [83.65, 83.65, 83.66, 83.68, 83.69, 84.95, 84.87, 84.78, 84.8, 83.61, 83.21, 82.34, 81.0, 82.2, 82.42, 82.95, 83.34, 83.54, 83.58, 83.54], [83.65, 83.65, 83.67, 83.69, 83.73, 83.79, 85.12, 85.17, 85.33, 85.63, 84.16, 83.04, 81.97, 81.34, 82.65, 83.22, 83.72, 83.93, 83.84, 83.69], [83.89, 83.65, 83.66, 83.69, 83.74, 83.84, 85.26, 85.34, 85.53, 86.19, 86.4, 84.26, 82.28, 82.04, 82.97, 83.51, 84.22, 84.48, 84.08, 83.76], [83.86, 83.85, 83.84, 83.85, 83.9, 84.92, 85.11, 85.25, 85.28, 86.36, 87.29, 85.23, 85.21, 81.99, 84.63, 84.52, 84.74, 84.82, 84.69, 84.61], [84.15, 84.12, 83.76, 83.73, 83.72, 83.8, 84.04, 85.18, 85.96, 86.06, 86.46, 85.87, 85.59, 85.97, 84.6, 84.48, 84.61, 84.66, 84.63, 84.58], [83.0, 83.0, 83.0, 83.94, 83.8, 83.45, 83.7, 84.04, 86.71, 86.54, 85.57, 86.24, 86.02, 86.13, 84.6, 84.44, 84.52, 84.56, 84.56, 84.54], [83.0, 83.0, 83.0, 83.0, 83.0, 83.0, 83.0, 83.0, 83.71, 86.03, 88.0, 86.48, 86.3, 86.28, 84.61, 84.4, 84.46, 84.5, 84.51, 84.5], [83.0, 83.0, 83.0, 83.0, 83.0, 83.0, 83.0, 83.0, 83.0, -999.0, 88.0, 84.0, 84.0, 86.41, 84.62, 84.37, 84.41, 87.84, 87.77, 87.76], [83.0, 83.0, 83.0, 83.0, 83.0, 83.0, 83.0, 83.0, 83.0, 83.0, -999.0, 84.0, 84.0, 87.92, 86.19, 86.82, 86.78, 87.4, 87.31, 87.26], [83.0, 83.0, 83.0, 83.0, 83.0, 83.0, 83.0, 83.0, 83.0, 83.0, -999.0, 90.0, 90.0, 90.0, 86.7, 87.24, 87.16, 87.78, 87.65, 87.55], [83.0, 83.0, 83.0, 83.0, 83.0, 83.0, 83.0, 84.0, 84.0, 84.0, 84.0, 86.31, 90.0, 90.0, 90.0, 87.71, 87.56, 88.14, 87.96, 87.81], [83.0, 83.0, 83.63, 83.64, 83.66, 84.0, 84.0, 84.0, 84.0, 84.0, 87.78, 87.35, 87.93, 88.42, 87.86, 89.63, 89.58, 89.68, 88.43, 88.32], [83.64, 83.65, 83.35, 83.37, 84.0, 84.0, 84.0, 84.0, 84.0, 84.0, 86.58, 87.32, 88.11, 88.83, 89.17, 89.84, 89.79, 89.75, 89.72, 89.7], [83.36, 83.37, 83.39, 83.41, 84.0, 84.0, 84.0, 84.0, 84.0, 85.52, 86.33, 87.23, 88.17, 89.11, 89.88, 89.86, 89.78, 89.73, 89.7, 89.68], [83.38, 83.39, 83.42, 84.0, 84.0, 84.0, 84.0, 84.0, 84.54, 85.17, 85.91, 86.67, 88.18, 88.85, 89.87, 89.81, 89.75, 89.7, 89.68, 89.67], [83.39, 83.41, 84.57, 84.54, 84.51, 84.45, 84.37, 84.16, 84.67, 85.21, 85.84, 86.48, 87.99, 88.47, 89.76, 89.73, 89.69, 89.66, 89.65, 89.64], [84.61, 84.6, 84.58, 84.41, 84.39, 84.36, 84.33, 84.29, 85.17, 85.44, 85.84, 86.31, 87.86, 89.7, 89.68, 89.65, 89.62, 89.61, 89.61, 89.62], [84.47, 84.46, 84.46, 84.45, 84.44, 84.43, 84.42, 84.7, 85.4, 85.56, 85.82, 86.15, 88.05, 89.65, 89.61, 89.57, 89.54, 89.55, 89.58, 89.6], [84.48, 84.48, 84.48, 84.87, 84.85, 84.84, 84.83, 84.84, 84.86, 84.88, 84.91, 85.76, 87.82, 89.61, 89.57, 89.5, 89.43, 89.49, 89.56, 89.59], [84.94, 84.93, 84.93, 84.92, 84.92, 84.92, 84.93, 84.94, 84.97, 84.98, 85.0, 86.23, 87.72, 88.2, 88.62, 89.48, 89.24, 89.54, 89.59, 89.6], [84.96, 84.97, 84.97, 84.97, 84.98, 84.99, 85.01, 85.02, 85.03, 85.02, 85.06, 86.12, 86.49, 88.15, 88.59, 88.96, 89.6, 89.73, 89.63, 89.61], [84.99, 85.0, 85.01, 85.02, 85.03, 85.05, 85.07, 85.09, 85.08, 85.06, 85.73, 86.09, 86.42, 88.09, 88.51, 88.99, 89.2, 89.27, 89.63, 89.62], [85.02, 85.03, 85.04, 85.06, 85.08, 85.11, 85.14, 85.17, 85.2, 85.23, 85.91, 86.12, 86.37, 88.25, 88.56, 88.8, 88.97, 89.05, 89.04, 88.99], [85.04, 85.06, 85.08, 85.1, 85.13, 85.16, 85.21, 85.26, 85.34, 85.96, 86.03, 86.29, 86.55, 86.88, 88.36, 88.61, 88.77, 88.86, 88.89, 88.88], [85.07, 85.08, 85.1, 85.13, 85.16, 85.2, 85.26, 85.34, 85.46, 86.03, 86.07, 86.26, 86.51, 86.79, 88.19, 88.43, 88.6, 88.7, 88.75, 88.77], [85.08, 85.1, 85.12, 85.15, 85.19, 85.23, 85.29, 85.38, 86.2, 86.16, 86.14, 86.29, 86.51, 86.75, 88.07, 88.3, 88.46, 88.57, 88.64, 88.67], [85.1, 85.12, 85.14, 85.17, 85.21, 85.25, 85.31, 85.38, 86.28, 86.26, 86.28, 86.38, 86.55, 86.73, 88.0, 88.2, 88.36, 88.47, 88.54, 88.58], [85.11, 85.13, 85.15, 85.18, 85.22, 85.26, 85.3, 86.36, 86.35, 86.36, 86.39, 86.47, 86.59, 86.74, 87.97, 88.14, 88.28, 88.38, 88.46, 88.51]]}