gis_exercise/awsData/contour/humi_2023090213.json
{"header": {"refTime": "2023-09-02T13:00:00.000Z", "nx": 21, "ny": 33, "lo1": 113.509, "la1": 22.2235, "lo2": 113.5947, "la2": 22.1034, "dx": 0.0042850000000001385, "dy": 0.003753125000000024, "parameterCategory": 0, "parameterCategoryName": "Temperature", "parameterNumber": 0}, "z": [[89.49, 89.55, 89.61, 91.73, 91.7, 89.58, 89.67, 89.74, 89.72, 90.51, 90.32, 90.12, 88.29, 88.15, 88.08, 88.05, 87.25, 87.29, 87.32, 87.35], [89.46, 89.51, 89.58, 89.67, 91.69, 91.64, 89.78, 89.97, 90.07, 90.58, 90.28, 89.97, 88.12, 87.98, 87.94, 87.19, 87.26, 87.31, 87.35, 87.37], [89.41, 89.46, 89.53, 89.62, 91.68, 91.63, 91.55, 90.17, 90.78, 90.65, 90.2, 89.69, 87.83, 87.74, 87.08, 87.19, 87.28, 87.35, 87.39, 87.41], [89.35, 89.39, 89.45, 89.54, 89.65, 91.64, 91.58, 91.48, 91.39, 90.63, 90.06, 89.22, 87.35, 88.23, 87.05, 87.22, 87.33, 87.41, 87.44, 87.45], [89.27, 89.3, 89.35, 89.43, 89.53, 91.65, 91.62, 91.62, 91.7, 90.74, 90.1, 88.15, 86.89, 87.94, 87.07, 87.28, 87.42, 87.5, 87.52, 87.5], [89.19, 89.2, 89.23, 89.29, 89.37, 89.5, 91.61, 91.62, 91.81, 92.23, 90.0, 88.77, 87.72, 86.67, 87.17, 87.39, 87.56, 87.64, 87.61, 87.56], [88.34, 89.09, 89.09, 89.11, 89.18, 89.3, 90.52, 91.38, 91.55, 91.91, 92.24, 89.78, 87.14, 87.02, 87.32, 87.5, 87.74, 87.83, 87.63, 87.5], [88.28, 88.27, 88.26, 88.28, 88.35, 90.0, 90.28, 90.47, 90.45, 92.21, 93.78, 90.15, 90.11, 86.99, 88.0, 88.0, 88.0, 88.0, 88.0, 88.0], [88.72, 88.67, 88.14, 88.1, 88.08, 88.19, 88.56, 90.38, 91.59, 91.7, 92.31, 91.28, 90.78, 91.44, 88.0, 88.0, 88.0, 88.0, 88.0, 88.0], [87.0, 87.0, 87.0, 88.4, 88.21, 87.68, 88.05, 88.56, 92.84, 92.56, 90.74, 91.92, 91.54, 91.72, 88.0, 88.0, 88.0, 88.0, 88.0, 88.0], [87.0, 87.0, 87.0, 87.0, 87.0, 87.0, 87.0, 87.0, 88.06, 91.71, 95.0, 92.33, 92.02, 92.0, 88.0, 88.0, 88.0, 88.0, 88.0, 88.0], [87.0, 87.0, 87.0, 87.0, 87.0, 87.0, 87.0, 87.0, 87.0, -999.0, 95.0, 88.0, 88.0, 92.21, 88.0, 88.0, 88.0, 91.98, 91.88, 91.86], [87.0, 87.0, 87.0, 87.0, 87.0, 87.0, 87.0, 87.0, 87.0, 87.0, -999.0, 88.0, 88.0, 92.57, 90.56, 90.55, 90.5, 91.36, 91.24, 91.16], [87.0, 87.0, 87.0, 87.0, 87.0, 87.0, 87.0, 87.0, 87.0, 87.0, -999.0, 95.0, 95.0, 95.0, 91.15, 91.13, 91.02, 91.9, 91.71, 91.57], [87.0, 87.0, 87.0, 87.0, 87.0, 87.0, 87.0, 89.0, 89.0, 89.0, 89.0, 91.31, 95.0, 95.0, 95.0, 91.8, 91.59, 92.39, 92.14, 91.93], [87.0, 87.0, 88.26, 88.28, 88.32, 89.0, 89.0, 89.0, 89.0, 89.0, 92.78, 92.35, 92.93, 93.42, 92.86, 93.53, 93.31, 93.7, 92.1, 91.88], [88.28, 88.3, 87.71, 87.74, 89.0, 89.0, 89.0, 89.0, 89.0, 89.0, 91.58, 92.32, 93.11, 93.83, 93.84, 94.38, 94.16, 93.99, 93.87, 93.8], [87.71, 87.74, 87.77, 87.83, 89.0, 89.0, 89.0, 89.0, 89.0, 90.52, 91.33, 92.23, 93.17, 93.79, 94.83, 94.45, 94.13, 93.93, 93.81, 93.74], [87.75, 87.79, 87.83, 89.0, 89.0, 89.0, 89.0, 89.0, 89.54, 90.17, 91.47, 92.25, 92.63, 93.39, 94.49, 94.25, 93.99, 93.82, 93.72, 93.66], [87.78, 87.81, 91.29, 91.17, 91.03, 90.81, 90.49, 89.66, 90.01, 90.73, 91.5, 92.17, 92.32, 92.79, 94.06, 93.92, 93.75, 93.64, 93.59, 93.57], [91.44, 91.38, 91.31, 90.65, 90.57, 90.45, 90.3, 90.14, 90.87, 91.22, 91.7, 92.16, 92.04, 93.8, 93.72, 93.59, 93.48, 93.43, 93.44, 93.48], [90.86, 90.85, 90.82, 90.8, 90.76, 90.72, 90.69, 90.56, 91.48, 91.68, 91.95, 92.23, 93.07, 93.59, 93.46, 93.29, 93.16, 93.2, 93.31, 93.4], [90.94, 90.94, 90.94, 90.71, 90.73, 90.78, 90.85, 90.96, 91.1, 91.18, 91.15, 91.3, 92.93, 93.44, 93.27, 93.01, 92.73, 92.96, 93.24, 93.37], [90.71, 90.73, 90.76, 90.8, 90.85, 90.94, 91.09, 91.31, 91.58, 91.71, 91.54, 91.76, 92.94, 92.91, 92.85, 92.93, 91.97, 93.15, 93.35, 93.39], [90.75, 90.77, 90.81, 90.86, 90.94, 91.05, 91.24, 91.53, 92.03, 92.44, 91.85, 91.77, 91.54, 92.95, 92.93, 92.95, 93.42, 93.9, 93.51, 93.45], [90.77, 90.8, 90.84, 90.9, 90.98, 91.09, 91.27, 91.54, 91.99, 92.35, 92.01, 91.65, 91.46, 92.98, 93.0, 92.62, 92.95, 93.11, 93.51, 93.47], [90.79, 90.82, 90.86, 90.91, 90.98, 91.08, 91.2, 91.36, 91.52, 91.54, 91.55, 91.39, 91.31, 91.94, 92.22, 92.48, 92.69, 92.79, 92.77, 92.69], [90.8, 90.83, 90.87, 90.91, 90.96, 91.02, 91.08, 91.12, 91.1, 91.14, 90.97, 91.63, 91.99, 92.34, 92.06, 92.3, 92.48, 92.58, 92.6, 92.57], [90.81, 90.83, 90.86, 90.89, 90.93, 90.96, 90.97, 90.94, 90.81, 90.65, 90.45, 91.21, 91.75, 92.16, 91.91, 92.14, 92.31, 92.41, 92.45, 92.46], [90.81, 90.83, 90.85, 90.87, 90.89, 90.9, 90.89, 90.83, 91.4, 90.96, 90.69, 91.18, 91.67, 92.05, 91.81, 92.02, 92.17, 92.27, 92.33, 92.36], [90.8, 90.82, 90.84, 90.85, 90.86, 90.86, 90.83, 90.78, 91.5, 91.28, 91.21, 91.42, 91.73, 92.02, 91.74, 91.93, 92.07, 92.17, 92.24, 92.28], [90.8, 90.81, 90.82, 90.83, 90.83, 90.83, 90.8, 91.76, 91.63, 91.53, 91.52, 91.63, 91.83, 92.05, 91.72, 91.87, 92.0, 92.09, 92.16, 92.2]]}