gis_exercise/awsData/contour/humi_2023090718.json
{"header": {"refTime": "2023-09-07T18:00:00.000Z", "nx": 21, "ny": 33, "lo1": 113.509, "la1": 22.2235, "lo2": 113.5947, "la2": 22.1034, "dx": 0.0042850000000001385, "dy": 0.003753125000000024, "parameterCategory": 0, "parameterCategoryName": "Temperature", "parameterNumber": 0}, "z": [[94.55, 94.61, 94.69, 96.33, 96.37, 95.04, 95.19, 95.34, 95.38, 96.38, 96.2, 96.02, 94.69, 94.57, 93.63, 93.47, 92.56, 92.51, 92.47, 92.45], [94.51, 94.56, 94.65, 94.76, 96.34, 96.4, 95.31, 95.62, 95.81, 96.46, 96.18, 95.91, 94.56, 94.43, 93.52, 92.6, 92.52, 92.46, 92.42, 92.4], [94.45, 94.5, 94.57, 94.68, 96.28, 96.35, 96.47, 95.85, 96.71, 96.55, 96.11, 95.69, 94.33, 94.24, 92.69, 92.58, 92.47, 92.39, 92.35, 92.33], [94.38, 94.42, 94.48, 94.56, 94.69, 96.25, 96.35, 96.52, 96.69, 96.47, 95.97, 95.32, 93.96, 94.41, 92.7, 92.53, 92.38, 92.28, 92.25, 92.25], [94.3, 94.33, 94.36, 94.41, 94.49, 96.1, 96.13, 96.23, 96.36, 96.44, 95.94, 94.37, 93.57, 94.22, 92.69, 92.46, 92.24, 92.12, 92.11, 92.15], [94.22, 94.22, 94.23, 94.25, 94.28, 94.31, 95.84, 95.81, 95.99, 96.43, 95.57, 94.76, 94.08, 93.33, 92.67, 92.34, 91.99, 91.84, 91.93, 92.05], [93.0, 94.12, 94.1, 94.08, 94.06, 94.04, 94.52, 95.17, 95.29, 95.96, 96.56, 95.39, 93.57, 93.51, 92.66, 92.21, 91.64, 91.42, 91.37, 91.5], [93.0, 93.0, 93.0, 93.0, 93.0, 94.36, 94.36, 94.08, 93.74, 96.2, 97.94, 95.54, 95.51, 93.5, 92.12, 92.44, 91.79, 91.55, 91.92, 92.17], [93.0, 93.0, 93.0, 93.0, 93.0, 93.0, 93.0, 94.31, 94.91, 95.77, 97.08, 96.34, 95.98, 96.46, 92.19, 92.56, 92.18, 92.02, 92.11, 92.26], [93.0, 93.0, 93.0, 93.0, 93.0, 93.0, 93.0, 93.0, 96.41, 96.08, 95.96, 96.8, 96.53, 96.66, 92.2, 92.69, 92.45, 92.32, 92.31, 92.37], [93.0, 93.0, 93.0, 93.0, 93.0, 93.0, 93.0, 93.0, 93.0, 95.05, 99.0, 97.09, 96.87, 96.85, 92.17, 92.79, 92.61, 92.51, 92.48, 92.5], [93.0, 93.0, 93.0, 93.0, 93.0, 93.0, 93.0, 93.0, 93.0, -999.0, 99.0, 94.0, 94.0, 97.01, 92.13, 92.89, 92.78, 95.55, 95.44, 95.41], [93.0, 93.0, 93.0, 93.0, 93.0, 93.0, 93.0, 93.0, 93.0, 93.0, -999.0, 94.0, 94.0, 97.26, 95.83, 93.91, 93.85, 94.84, 94.7, 94.61], [93.0, 93.0, 93.0, 93.0, 93.0, 93.0, 93.0, 93.0, 93.0, 93.0, -999.0, 99.0, 99.0, 99.0, 96.25, 94.58, 94.45, 95.46, 95.24, 95.08], [93.0, 93.0, 93.0, 93.0, 93.0, 93.0, 93.0, 95.0, 95.0, 95.0, 95.0, 96.54, 99.0, 99.0, 99.0, 95.34, 95.1, 96.02, 95.73, 95.5], [93.0, 93.0, 94.26, 94.28, 94.32, 95.0, 95.0, 95.0, 95.0, 95.0, 97.52, 97.23, 97.62, 97.95, 97.57, 97.53, 97.31, 97.7, 95.84, 95.61], [94.28, 94.3, 93.71, 93.74, 95.0, 95.0, 95.0, 95.0, 95.0, 95.0, 96.72, 97.22, 97.74, 98.22, 98.08, 98.24, 97.97, 97.76, 97.61, 97.51], [93.71, 93.74, 93.77, 93.83, 95.0, 95.0, 95.0, 95.0, 95.0, 96.02, 96.55, 97.15, 97.78, 98.05, 98.86, 98.32, 97.94, 97.69, 97.54, 97.44], [93.75, 93.79, 93.83, 95.0, 95.0, 95.0, 95.0, 95.0, 95.36, 95.78, 96.71, 97.23, 97.18, 97.73, 98.37, 98.09, 97.77, 97.55, 97.42, 97.35], [93.78, 93.81, 96.71, 96.63, 96.52, 96.36, 96.12, 95.49, 95.71, 96.21, 96.74, 97.19, 96.91, 97.22, 97.86, 97.69, 97.49, 97.34, 97.27, 97.24], [96.83, 96.79, 96.73, 96.24, 96.18, 96.09, 95.98, 95.86, 96.33, 96.57, 96.89, 97.2, 96.66, 97.54, 97.46, 97.31, 97.17, 97.1, 97.09, 97.12], [96.4, 96.38, 96.37, 96.35, 96.32, 96.29, 96.27, 96.21, 96.77, 96.91, 97.09, 97.27, 97.4, 97.29, 97.15, 96.96, 96.83, 96.84, 96.93, 97.01], [96.45, 96.45, 96.45, 96.34, 96.36, 96.39, 96.44, 96.52, 96.62, 96.68, 96.67, 96.33, 97.0, 97.11, 96.93, 96.67, 96.4, 96.58, 96.82, 96.95], [96.36, 96.37, 96.39, 96.41, 96.45, 96.52, 96.62, 96.78, 96.98, 97.08, 96.95, 96.76, 97.05, 96.86, 96.67, 96.56, 95.76, 96.67, 96.87, 96.94], [96.39, 96.4, 96.43, 96.47, 96.52, 96.61, 96.74, 96.95, 97.31, 97.6, 97.19, 96.82, 96.53, 96.9, 96.75, 96.63, 96.87, 97.22, 96.98, 96.97], [96.41, 96.43, 96.46, 96.5, 96.56, 96.65, 96.77, 96.97, 97.29, 97.55, 97.14, 96.78, 96.52, 96.96, 96.84, 96.48, 96.65, 96.75, 97.0, 96.99], [96.43, 96.45, 96.48, 96.52, 96.57, 96.64, 96.73, 96.85, 96.97, 96.99, 96.82, 96.63, 96.47, 96.33, 96.39, 96.47, 96.55, 96.6, 96.59, 96.55], [96.44, 96.46, 96.49, 96.52, 96.56, 96.61, 96.66, 96.7, 96.69, 96.59, 96.47, 96.89, 97.04, 97.17, 96.37, 96.43, 96.49, 96.52, 96.52, 96.51], [96.44, 96.46, 96.49, 96.51, 96.54, 96.57, 96.59, 96.58, 96.5, 96.31, 96.25, 96.65, 96.91, 97.08, 96.35, 96.4, 96.44, 96.47, 96.48, 96.48], [96.45, 96.46, 96.48, 96.5, 96.52, 96.53, 96.53, 96.5, 96.78, 96.53, 96.38, 96.63, 96.86, 97.03, 96.33, 96.37, 96.41, 96.43, 96.44, 96.45], [96.45, 96.46, 96.47, 96.49, 96.5, 96.5, 96.5, 96.47, 96.81, 96.69, 96.65, 96.74, 96.89, 97.02, 96.31, 96.35, 96.38, 96.4, 96.42, 96.43], [96.44, 96.46, 96.47, 96.48, 96.48, 96.48, 96.47, 96.95, 96.88, 96.82, 96.8, 96.85, 96.94, 97.03, 96.31, 96.34, 96.36, 96.38, 96.4, 96.41]]}