gis_exercise/awsData/contour/humi_2023090215.json
{"header": {"refTime": "2023-09-02T15:00:00.000Z", "nx": 21, "ny": 33, "lo1": 113.509, "la1": 22.2235, "lo2": 113.5947, "la2": 22.1034, "dx": 0.0042850000000001385, "dy": 0.003753125000000024, "parameterCategory": 0, "parameterCategoryName": "Temperature", "parameterNumber": 0}, "z": [[88.33, 88.34, 88.34, 89.62, 89.54, 87.82, 87.8, 87.77, 87.72, 88.02, 87.93, 87.83, 86.57, 86.49, 86.76, 86.81, 86.6, 86.67, 86.72, 86.76], [88.33, 88.34, 88.35, 88.35, 89.55, 89.42, 87.85, 87.84, 87.81, 88.01, 87.89, 87.73, 86.46, 86.39, 86.68, 86.52, 86.63, 86.71, 86.77, 86.8], [88.32, 88.33, 88.35, 88.36, 89.58, 89.45, 89.24, 87.9, 87.96, 88.02, 87.84, 87.56, 86.28, 86.24, 86.36, 86.53, 86.68, 86.78, 86.84, 86.86], [88.31, 88.33, 88.34, 88.37, 88.39, 89.55, 89.38, 89.09, 88.83, 88.08, 87.81, 87.27, 85.97, 86.84, 86.33, 86.57, 86.76, 86.88, 86.93, 86.94], [88.3, 88.31, 88.33, 88.37, 88.41, 89.7, 89.63, 89.55, 89.55, 88.31, 87.92, 86.76, 85.74, 86.6, 86.35, 86.67, 86.92, 87.04, 87.07, 87.04], [88.27, 88.29, 88.31, 88.35, 88.42, 88.51, 89.87, 89.91, 90.03, 90.24, 88.23, 87.27, 86.42, 85.67, 86.48, 86.84, 87.16, 87.29, 87.23, 87.13], [88.34, 88.25, 88.27, 88.3, 88.38, 88.52, 89.75, 90.1, 90.25, 90.33, 90.34, 88.12, 86.14, 86.02, 86.65, 87.01, 87.48, 87.66, 87.45, 87.26], [88.28, 88.27, 88.26, 88.28, 88.35, 89.32, 89.6, 89.92, 90.05, 90.52, 91.25, 88.54, 88.51, 85.99, 87.63, 87.52, 87.74, 87.82, 87.69, 87.61], [88.72, 88.67, 88.14, 88.1, 88.08, 88.19, 88.56, 89.72, 90.64, 90.21, 90.08, 89.34, 88.98, 89.46, 87.6, 87.48, 87.61, 87.66, 87.63, 87.58], [87.0, 87.0, 87.0, 88.4, 88.21, 87.68, 88.05, 88.56, 91.14, 91.03, 88.96, 89.8, 89.53, 89.66, 87.6, 87.44, 87.52, 87.56, 87.56, 87.54], [87.0, 87.0, 87.0, 87.0, 87.0, 87.0, 87.0, 87.0, 88.06, 90.68, 92.0, 90.09, 89.87, 89.85, 87.61, 87.4, 87.46, 87.5, 87.51, 87.5], [87.0, 87.0, 87.0, 87.0, 87.0, 87.0, 87.0, 87.0, 87.0, -999.0, 92.0, 87.0, 87.0, 90.01, 87.62, 87.37, 87.41, 91.98, 91.88, 91.86], [87.0, 87.0, 87.0, 87.0, 87.0, 87.0, 87.0, 87.0, 87.0, 87.0, -999.0, 87.0, 87.0, 92.22, 89.93, 90.55, 90.5, 91.36, 91.24, 91.16], [87.0, 87.0, 87.0, 87.0, 87.0, 87.0, 87.0, 87.0, 87.0, 87.0, -999.0, 95.0, 95.0, 95.0, 90.6, 91.13, 91.02, 91.9, 91.71, 91.57], [87.0, 87.0, 87.0, 87.0, 87.0, 87.0, 87.0, 89.0, 89.0, 89.0, 89.0, 91.31, 95.0, 95.0, 95.0, 91.8, 91.59, 92.39, 92.14, 91.93], [87.0, 87.0, 88.26, 88.28, 88.32, 89.0, 89.0, 89.0, 89.0, 89.0, 92.78, 92.35, 92.93, 93.42, 92.86, 93.9, 93.73, 94.03, 92.37, 92.18], [88.28, 88.3, 87.71, 87.74, 89.0, 89.0, 89.0, 89.0, 89.0, 89.0, 91.58, 92.32, 93.11, 93.83, 93.95, 94.25, 93.99, 93.78, 93.63, 93.53], [87.71, 87.74, 87.77, 87.83, 89.0, 89.0, 89.0, 89.0, 89.0, 90.52, 91.33, 92.23, 93.17, 93.89, 94.85, 94.34, 93.96, 93.72, 93.56, 93.46], [87.75, 87.79, 87.83, 89.0, 89.0, 89.0, 89.0, 89.0, 89.54, 90.17, 91.29, 92.06, 92.81, 93.55, 94.39, 94.11, 93.8, 93.58, 93.45, 93.37], [87.78, 87.81, 90.71, 90.63, 90.52, 90.36, 90.12, 89.49, 89.9, 90.55, 91.28, 91.94, 92.54, 93.02, 93.89, 93.74, 93.54, 93.39, 93.3, 93.26], [90.83, 90.79, 90.73, 90.24, 90.18, 90.09, 89.98, 89.86, 90.64, 90.96, 91.41, 91.88, 92.31, 93.58, 93.51, 93.38, 93.24, 93.16, 93.13, 93.14], [90.4, 90.38, 90.37, 90.35, 90.32, 90.29, 90.27, 90.21, 91.12, 91.31, 91.57, 91.87, 93.06, 93.34, 93.22, 93.07, 92.95, 92.93, 92.97, 93.02], [90.45, 90.45, 90.45, 90.34, 90.36, 90.39, 90.44, 90.52, 90.62, 90.68, 90.67, 91.12, 92.3, 93.16, 93.02, 92.83, 92.65, 92.71, 92.84, 92.94], [90.36, 90.37, 90.39, 90.41, 90.45, 90.52, 90.62, 90.78, 90.98, 91.08, 90.95, 91.5, 92.29, 92.34, 92.37, 92.71, 92.3, 92.65, 92.8, 92.89], [90.39, 90.4, 90.43, 90.47, 90.52, 90.61, 90.74, 90.95, 91.31, 91.6, 91.19, 91.46, 91.43, 92.34, 92.38, 92.43, 92.72, 92.82, 92.82, 92.88], [90.41, 90.43, 90.46, 90.5, 90.56, 90.65, 90.77, 90.97, 91.29, 91.55, 91.5, 91.36, 91.34, 92.34, 92.39, 92.14, 92.3, 92.36, 92.85, 92.9], [90.43, 90.45, 90.48, 90.52, 90.57, 90.64, 90.73, 90.85, 90.97, 90.99, 91.2, 91.16, 91.2, 91.61, 91.83, 92.01, 92.14, 92.19, 92.18, 92.14], [90.44, 90.46, 90.49, 90.52, 90.56, 90.61, 90.66, 90.7, 90.69, 90.89, 90.78, 91.03, 91.25, 91.47, 91.69, 91.87, 91.99, 92.06, 92.07, 92.06], [90.44, 90.46, 90.49, 90.51, 90.54, 90.57, 90.59, 90.58, 90.5, 90.53, 90.29, 90.76, 91.1, 91.35, 91.57, 91.74, 91.86, 91.94, 91.98, 91.99], [90.45, 90.46, 90.48, 90.5, 90.52, 90.53, 90.53, 90.5, 90.9, 90.61, 90.44, 90.75, 91.05, 91.28, 91.48, 91.65, 91.76, 91.84, 91.89, 91.91], [90.45, 90.46, 90.47, 90.49, 90.5, 90.5, 90.5, 90.47, 90.95, 90.81, 90.77, 90.89, 91.08, 91.27, 91.43, 91.58, 91.69, 91.77, 91.82, 91.85], [90.44, 90.46, 90.47, 90.48, 90.48, 90.48, 90.47, 91.12, 91.04, 90.97, 90.96, 91.03, 91.15, 91.28, 91.41, 91.53, 91.63, 91.71, 91.76, 91.8]]}