gis_exercise/awsData/contour/humi_2023090621.json
{"header": {"refTime": "2023-09-06T21:00:00.000Z", "nx": 21, "ny": 33, "lo1": 113.509, "la1": 22.2235, "lo2": 113.5947, "la2": 22.1034, "dx": 0.0042850000000001385, "dy": 0.003753125000000024, "parameterCategory": 0, "parameterCategoryName": "Temperature", "parameterNumber": 0}, "z": [[82.64, 82.92, 83.27, 87.29, 87.64, 85.34, 86.07, 86.77, 87.0, 89.63, 88.77, 87.94, 85.64, 85.19, 84.08, 83.85, 81.05, 81.09, 81.12, 81.14], [82.45, 82.71, 83.06, 83.55, 87.52, 88.09, 86.54, 87.97, 88.85, 90.26, 88.81, 87.58, 85.14, 84.7, 83.68, 80.98, 81.04, 81.09, 81.12, 81.14], [82.2, 82.42, 82.73, 83.19, 87.24, 87.82, 88.81, 88.91, 92.73, 90.8, 88.54, 86.82, 84.27, 83.97, 80.85, 80.96, 81.04, 81.09, 81.12, 81.15], [81.9, 82.06, 82.3, 82.66, 83.2, 87.19, 88.0, 89.38, 90.69, 89.99, 87.74, 85.5, 82.85, 82.51, 80.8, 80.97, 81.05, 81.1, 81.13, 81.15], [81.57, 81.65, 81.79, 81.99, 82.31, 86.25, 86.56, 87.11, 87.6, 88.84, 86.98, 82.32, 80.41, 82.08, 80.83, 81.01, 81.08, 81.11, 81.14, 81.16], [81.22, 81.22, 81.23, 81.27, 81.33, 81.4, 84.85, 84.62, 84.99, 86.06, 84.96, 83.3, 81.75, 80.67, 81.02, 81.11, 81.11, 81.12, 81.14, 81.17], [75.66, 80.78, 80.68, 80.56, 80.41, 80.16, 79.06, 81.77, 81.82, 83.8, 85.9, 84.98, 81.85, 81.55, 81.3, 81.21, 81.11, 81.07, 80.63, 80.5], [75.72, 75.73, 75.74, 75.72, 75.65, 78.98, 78.69, 77.51, 76.51, 84.25, 88.83, 86.15, 86.11, 81.49, 82.12, 82.44, 81.79, 81.55, 81.92, 82.17], [75.28, 75.33, 75.86, 75.9, 75.92, 75.81, 75.44, 78.44, 79.42, 83.38, 88.31, 87.28, 86.78, 87.44, 82.19, 82.56, 82.18, 82.02, 82.11, 82.26], [77.0, 77.0, 77.0, 75.6, 75.79, 76.32, 75.95, 75.44, 83.67, 82.72, 86.74, 87.92, 87.54, 87.72, 82.2, 82.69, 82.45, 82.32, 82.31, 82.37], [77.0, 77.0, 77.0, 77.0, 77.0, 77.0, 77.0, 77.0, 75.94, 79.81, 91.0, 88.33, 88.02, 88.0, 82.17, 82.79, 82.61, 82.51, 82.48, 82.5], [77.0, 77.0, 77.0, 77.0, 77.0, 77.0, 77.0, 77.0, 77.0, -999.0, 91.0, 84.0, 84.0, 88.21, 82.13, 82.89, 82.78, 83.84, 83.77, 83.76], [77.0, 77.0, 77.0, 77.0, 77.0, 77.0, 77.0, 77.0, 77.0, 77.0, -999.0, 84.0, 84.0, 85.31, 84.73, 82.82, 82.78, 83.4, 83.31, 83.26], [77.0, 77.0, 77.0, 77.0, 77.0, 77.0, 77.0, 77.0, 77.0, 77.0, -999.0, 86.0, 86.0, 86.0, 84.9, 83.24, 83.16, 83.78, 83.65, 83.55], [77.0, 77.0, 77.0, 77.0, 77.0, 77.0, 77.0, 83.0, 83.0, 83.0, 83.0, 84.15, 86.0, 86.0, 86.0, 83.71, 83.56, 84.14, 83.96, 83.81], [77.0, 77.0, 80.78, 80.84, 80.96, 83.0, 83.0, 83.0, 83.0, 83.0, 84.89, 84.67, 84.96, 85.21, 84.93, 84.9, 84.73, 85.03, 83.89, 83.73], [80.85, 80.89, 79.12, 79.22, 83.0, 83.0, 83.0, 83.0, 83.0, 83.0, 84.29, 84.66, 85.05, 85.41, 85.31, 86.1, 86.13, 86.17, 86.2, 86.23], [79.14, 79.21, 79.32, 79.48, 83.0, 83.0, 83.0, 83.0, 83.0, 83.76, 84.16, 84.61, 85.08, 85.29, 85.9, 86.08, 86.13, 86.17, 86.2, 86.24], [79.26, 79.36, 79.49, 83.0, 83.0, 83.0, 83.0, 83.0, 83.27, 83.58, 85.53, 85.98, 84.64, 85.05, 86.07, 86.09, 86.13, 86.17, 86.21, 86.25], [79.34, 79.44, 88.14, 87.89, 87.56, 87.08, 86.35, 84.48, 84.28, 85.08, 85.8, 86.2, 84.44, 84.67, 86.1, 86.1, 86.12, 86.16, 86.22, 86.26], [88.49, 88.36, 88.19, 86.72, 86.53, 86.27, 85.93, 85.57, 85.58, 85.94, 86.34, 86.58, 84.25, 86.13, 86.1, 86.08, 86.09, 86.14, 86.23, 86.29], [87.19, 87.15, 87.1, 87.04, 86.97, 86.88, 86.8, 87.34, 86.75, 86.95, 87.1, 87.13, 87.0, 86.14, 86.08, 86.01, 85.97, 86.09, 86.25, 86.35], [87.35, 87.36, 87.36, 88.04, 88.04, 88.08, 88.17, 88.35, 88.62, 88.82, 88.85, 86.98, 88.41, 86.16, 86.08, 85.88, 85.6, 86.0, 86.36, 86.45], [88.23, 88.25, 88.28, 88.32, 88.41, 88.56, 88.8, 89.19, 89.68, 89.93, 89.7, 89.29, 88.56, 87.9, 87.26, 85.92, 84.57, 86.55, 86.69, 86.6], [88.37, 88.41, 88.47, 88.56, 88.7, 88.92, 89.24, 89.75, 90.55, 91.18, 90.35, 89.55, 88.71, 88.04, 87.47, 87.05, 87.0, 87.9, 87.0, 86.73], [88.48, 88.55, 88.63, 88.75, 88.92, 89.15, 89.48, 89.95, 90.64, 91.16, 90.41, 89.63, 88.89, 88.19, 87.72, 87.17, 87.33, 87.51, 86.95, 86.76], [88.58, 88.66, 88.76, 88.89, 89.06, 89.27, 89.55, 89.88, 90.22, 90.35, 90.06, 89.58, 89.02, 87.77, 87.52, 87.39, 87.38, 87.41, 87.39, 87.35], [88.67, 88.75, 88.85, 88.98, 89.14, 89.33, 89.54, 89.77, 89.94, 89.98, 89.84, 90.59, 90.61, 90.59, 87.73, 87.56, 87.48, 87.45, 87.43, 87.4], [88.73, 88.82, 88.92, 89.04, 89.18, 89.34, 89.51, 89.68, 89.81, 89.86, 90.17, 90.41, 90.52, 90.55, 87.9, 87.71, 87.59, 87.53, 87.49, 87.46], [88.78, 88.86, 88.96, 89.07, 89.19, 89.33, 89.47, 89.61, 90.54, 90.36, 90.24, 90.38, 90.49, 90.53, 88.01, 87.82, 87.69, 87.61, 87.55, 87.52], [88.82, 88.89, 88.98, 89.08, 89.19, 89.31, 89.43, 89.54, 90.54, 90.45, 90.4, 90.44, 90.49, 90.52, 88.07, 87.9, 87.77, 87.68, 87.62, 87.57], [88.84, 88.91, 88.99, 89.08, 89.18, 89.28, 89.37, 90.62, 90.56, 90.51, 90.48, 90.49, 90.51, 90.53, 88.1, 87.95, 87.83, 87.74, 87.67, 87.62]]}