gis_exercise/awsData/contour/humi_2023083119.json
{"header": {"refTime": "2023-08-31T19:00:00.000Z", "nx": 21, "ny": 33, "lo1": 113.509, "la1": 22.2235, "lo2": 113.5947, "la2": 22.1034, "dx": 0.0042850000000001385, "dy": 0.003753125000000024, "parameterCategory": 0, "parameterCategoryName": "Temperature", "parameterNumber": 0}, "z": [[69.18, 69.23, 69.31, 69.64, 69.7, 68.63, 68.77, 68.9, 68.88, 68.4, 67.92, 67.45, 66.62, 66.39, 65.69, 65.56, 64.16, 64.18, 64.19, 64.2], [69.14, 69.19, 69.27, 69.36, 69.7, 69.8, 68.96, 69.29, 69.46, 68.78, 67.95, 67.26, 66.35, 66.12, 65.47, 64.12, 64.15, 64.17, 64.19, 64.2], [69.09, 69.14, 69.21, 69.3, 69.66, 69.77, 69.96, 69.61, 70.63, 69.09, 67.8, 66.87, 65.89, 65.73, 64.05, 64.11, 64.15, 64.17, 64.18, 64.2], [69.02, 69.07, 69.13, 69.21, 69.33, 69.68, 69.83, 70.08, 70.31, 68.59, 67.34, 66.17, 65.12, 64.67, 64.03, 64.11, 64.15, 64.16, 64.18, 64.19], [68.95, 68.98, 69.02, 69.09, 69.19, 69.55, 69.61, 69.68, 69.7, 67.84, 66.85, 64.56, 63.67, 64.48, 64.04, 64.13, 64.15, 64.16, 64.17, 64.19], [68.87, 68.88, 68.9, 68.94, 69.01, 69.1, 69.39, 69.35, 69.28, 69.15, 65.73, 65.03, 64.33, 64.0, 64.15, 64.17, 64.15, 64.14, 64.16, 64.18], [67.89, 68.77, 68.76, 68.77, 68.81, 68.88, 68.24, 69.13, 69.03, 67.95, 67.68, 65.86, 64.71, 64.53, 64.32, 64.23, 64.12, 64.08, 63.82, 63.75], [67.86, 67.85, 67.84, 67.85, 67.9, 68.02, 68.21, 68.53, 68.71, 68.0, 67.84, 66.61, 66.6, 64.49, 64.74, 64.96, 64.52, 64.37, 64.61, 64.78], [68.15, 68.12, 67.76, 67.73, 67.72, 67.8, 68.04, 68.3, 68.68, 67.93, 67.23, 66.94, 66.79, 66.98, 64.8, 65.04, 64.79, 64.68, 64.74, 64.84], [67.0, 67.0, 67.0, 67.94, 67.8, 67.45, 67.7, 68.04, 68.43, 68.49, 66.78, 67.12, 67.01, 67.06, 64.8, 65.13, 64.96, 64.88, 64.88, 64.91], [67.0, 67.0, 67.0, 67.0, 67.0, 67.0, 67.0, 67.0, 67.71, 68.66, 68.0, 67.24, 67.15, 67.14, 64.78, 65.19, 65.07, 65.0, 64.99, 65.0], [67.0, 67.0, 67.0, 67.0, 67.0, 67.0, 67.0, 67.0, 67.0, -999.0, 68.0, 66.0, 66.0, 67.2, 64.76, 65.26, 65.19, 70.25, 70.1, 70.06], [67.0, 67.0, 67.0, 67.0, 67.0, 67.0, 67.0, 67.0, 67.0, 67.0, -999.0, 66.0, 66.0, 71.88, 69.29, 68.0, 67.92, 69.28, 69.09, 68.96], [67.0, 67.0, 67.0, 67.0, 67.0, 67.0, 67.0, 67.0, 67.0, 67.0, -999.0, 75.0, 75.0, 75.0, 70.05, 68.92, 68.75, 70.13, 69.83, 69.6], [67.0, 67.0, 67.0, 67.0, 67.0, 67.0, 67.0, 73.0, 73.0, 73.0, 73.0, 73.77, 75.0, 75.0, 75.0, 69.96, 69.63, 70.91, 70.51, 70.18], [67.0, 67.0, 70.78, 70.84, 70.96, 73.0, 73.0, 73.0, 73.0, 73.0, 74.26, 74.12, 74.31, 74.47, 74.29, 71.7, 71.2, 72.08, 69.69, 69.31], [70.85, 70.89, 69.12, 69.22, 73.0, 73.0, 73.0, 73.0, 73.0, 73.0, 73.86, 74.11, 74.37, 74.61, 73.76, 73.46, 72.92, 72.5, 72.2, 72.01], [69.14, 69.21, 69.32, 69.48, 73.0, 73.0, 73.0, 73.0, 73.0, 73.51, 73.78, 74.08, 74.39, 73.78, 74.81, 73.63, 72.85, 72.36, 72.06, 71.87], [69.26, 69.36, 69.49, 73.0, 73.0, 73.0, 73.0, 73.0, 73.18, 73.39, 73.76, 74.02, 72.82, 73.31, 73.73, 73.16, 72.51, 72.07, 71.82, 71.68], [69.34, 69.44, 73.57, 73.54, 73.51, 73.45, 73.37, 73.16, 73.3, 73.52, 73.76, 73.98, 72.4, 72.52, 72.68, 72.35, 71.93, 71.65, 71.5, 71.45], [73.61, 73.6, 73.58, 73.41, 73.39, 73.36, 73.33, 73.29, 73.55, 73.65, 73.8, 73.96, 71.91, 72.04, 71.86, 71.55, 71.26, 71.13, 71.15, 71.21], [73.47, 73.46, 73.46, 73.45, 73.44, 73.43, 73.42, 73.52, 73.71, 73.77, 73.86, 73.96, 71.8, 71.52, 71.22, 70.82, 70.53, 70.58, 70.81, 71.01], [73.48, 73.48, 73.48, 73.62, 73.61, 73.61, 73.62, 73.64, 73.67, 73.69, 73.7, 71.6, 71.33, 71.16, 70.77, 70.19, 69.57, 70.03, 70.63, 70.9], [73.65, 73.65, 73.65, 73.65, 73.66, 73.67, 73.7, 73.73, 73.78, 73.81, 73.79, 72.03, 71.45, 70.95, 70.45, 69.97, 67.96, 70.36, 70.8, 70.93], [73.66, 73.67, 73.67, 73.68, 73.7, 73.72, 73.75, 73.8, 73.87, 73.93, 73.86, 72.29, 71.58, 71.08, 70.66, 70.36, 70.89, 71.86, 71.11, 71.03], [73.68, 73.69, 73.7, 73.71, 73.73, 73.75, 73.78, 73.83, 73.89, 73.94, 73.04, 72.46, 71.83, 71.22, 70.89, 70.77, 70.95, 71.15, 71.14, 71.08], [73.69, 73.7, 73.71, 73.73, 73.75, 73.77, 73.8, 73.84, 73.87, 73.89, 72.98, 72.6, 72.06, 71.45, 71.17, 71.02, 71.01, 71.04, 71.01, 70.97], [73.7, 73.71, 73.73, 73.74, 73.76, 73.79, 73.81, 73.84, 73.87, 73.19, 73.16, 74.0, 74.0, 74.0, 71.41, 71.21, 71.12, 71.09, 71.06, 71.03], [73.71, 73.73, 73.74, 73.75, 73.77, 73.8, 73.82, 73.85, 73.88, 73.4, 74.0, 74.0, 74.0, 74.0, 71.6, 71.38, 71.25, 71.17, 71.13, 71.09], [73.72, 73.73, 73.75, 73.76, 73.78, 73.8, 73.82, 73.85, 74.0, 74.0, 74.0, 74.0, 74.0, 74.0, 71.73, 71.51, 71.36, 71.27, 71.2, 71.16], [73.73, 73.74, 73.75, 73.77, 73.78, 73.8, 73.82, 73.84, 74.0, 74.0, 74.0, 74.0, 74.0, 74.0, 71.8, 71.6, 71.45, 71.35, 71.28, 71.23], [73.73, 73.74, 73.75, 73.77, 73.78, 73.8, 73.82, 74.0, 74.0, 74.0, 74.0, 74.0, 74.0, 74.0, 71.83, 71.65, 71.52, 71.42, 71.34, 71.28]]}