gis_exercise/awsData/contour/humi_2023090120.json
{"header": {"refTime": "2023-09-01T20:00:00.000Z", "nx": 21, "ny": 33, "lo1": 113.509, "la1": 22.2235, "lo2": 113.5947, "la2": 22.1034, "dx": 0.0042850000000001385, "dy": 0.003753125000000024, "parameterCategory": 0, "parameterCategoryName": "Temperature", "parameterNumber": 0}, "z": [[85.58, 85.66, 85.77, 87.66, 87.68, 85.4, 85.55, 85.69, 85.67, 85.92, 85.46, 85.0, 83.47, 83.23, 82.28, 82.17, 81.05, 81.09, 81.12, 81.14], [85.52, 85.61, 85.71, 85.85, 87.67, 87.7, 85.76, 86.12, 86.3, 86.22, 85.45, 84.77, 83.15, 82.92, 82.03, 80.98, 81.04, 81.09, 81.12, 81.14], [85.45, 85.53, 85.63, 85.77, 87.64, 87.68, 87.73, 86.47, 87.59, 86.48, 85.29, 84.3, 82.61, 82.47, 80.85, 80.96, 81.04, 81.09, 81.12, 81.15], [85.36, 85.42, 85.51, 85.64, 85.82, 87.63, 87.67, 87.76, 87.84, 86.13, 84.89, 83.49, 81.7, 82.12, 80.8, 80.97, 81.05, 81.1, 81.13, 81.15], [85.25, 85.29, 85.36, 85.47, 85.62, 87.55, 87.57, 87.61, 87.68, 85.72, 84.6, 81.93, 80.25, 81.75, 80.83, 81.01, 81.08, 81.11, 81.14, 81.16], [85.12, 85.14, 85.18, 85.26, 85.38, 85.55, 87.42, 87.4, 87.49, 87.71, 84.2, 82.8, 81.46, 80.67, 81.02, 81.11, 81.11, 81.12, 81.14, 81.17], [83.79, 84.97, 84.97, 85.0, 85.08, 85.24, 85.76, 87.09, 87.14, 86.99, 87.14, 84.32, 81.85, 81.55, 81.3, 81.21, 81.11, 81.07, 80.63, 80.5], [83.71, 83.69, 83.68, 83.7, 83.79, 85.16, 85.54, 85.96, 86.22, 87.19, 88.17, 85.54, 85.51, 81.49, 82.12, 82.44, 81.79, 81.55, 81.92, 82.17], [84.29, 84.23, 83.52, 83.46, 83.44, 83.59, 84.08, 85.7, 86.96, 86.85, 87.08, 86.34, 85.98, 86.46, 82.19, 82.56, 82.18, 82.02, 82.11, 82.26], [82.0, 82.0, 82.0, 83.87, 83.61, 82.91, 83.39, 84.08, 87.71, 87.54, 85.96, 86.8, 86.53, 86.66, 82.2, 82.69, 82.45, 82.32, 82.31, 82.37], [82.0, 82.0, 82.0, 82.0, 82.0, 82.0, 82.0, 82.0, 83.42, 87.03, 89.0, 87.09, 86.87, 86.85, 82.17, 82.79, 82.61, 82.51, 82.48, 82.5], [82.0, 82.0, 82.0, 82.0, 82.0, 82.0, 82.0, 82.0, 82.0, -999.0, 89.0, 84.0, 84.0, 87.01, 82.13, 82.89, 82.78, 87.25, 87.1, 87.06], [82.0, 82.0, 82.0, 82.0, 82.0, 82.0, 82.0, 82.0, 82.0, 82.0, -999.0, 84.0, 84.0, 89.22, 86.93, 85.0, 84.92, 86.28, 86.09, 85.96], [82.0, 82.0, 82.0, 82.0, 82.0, 82.0, 82.0, 82.0, 82.0, 82.0, -999.0, 92.0, 92.0, 92.0, 87.6, 85.92, 85.75, 87.13, 86.83, 86.6], [82.0, 82.0, 82.0, 82.0, 82.0, 82.0, 82.0, 87.0, 87.0, 87.0, 87.0, 88.92, 92.0, 92.0, 92.0, 86.96, 86.63, 87.91, 87.51, 87.18], [82.0, 82.0, 85.15, 85.2, 85.3, 87.0, 87.0, 87.0, 87.0, 87.0, 90.15, 89.79, 90.27, 90.68, 90.22, 89.07, 88.62, 89.4, 86.97, 86.6], [85.21, 85.24, 83.76, 83.85, 87.0, 87.0, 87.0, 87.0, 87.0, 87.0, 89.15, 89.77, 90.42, 91.02, 90.51, 90.9, 90.51, 90.21, 90.01, 89.87], [83.78, 83.84, 83.93, 84.06, 87.0, 87.0, 87.0, 87.0, 87.0, 88.27, 88.94, 89.69, 90.47, 90.49, 91.78, 91.01, 90.46, 90.11, 89.9, 89.77], [83.88, 83.96, 84.08, 87.0, 87.0, 87.0, 87.0, 87.0, 87.45, 87.97, 87.88, 88.48, 89.18, 89.96, 91.08, 90.67, 90.2, 89.9, 89.72, 89.64], [83.95, 84.03, 85.29, 85.37, 85.48, 85.64, 85.88, 86.51, 87.14, 87.34, 87.69, 88.18, 88.72, 89.09, 90.32, 90.07, 89.77, 89.58, 89.49, 89.48], [85.17, 85.21, 85.27, 85.76, 85.82, 85.91, 86.02, 86.14, 87.07, 87.2, 87.45, 87.83, 88.25, 89.86, 89.71, 89.47, 89.26, 89.19, 89.23, 89.31], [85.6, 85.62, 85.63, 85.65, 85.68, 85.71, 85.73, 85.09, 86.79, 86.88, 87.08, 87.41, 86.84, 89.47, 89.22, 88.9, 88.66, 88.75, 89.0, 89.18], [85.55, 85.55, 85.55, 84.64, 84.68, 84.7, 84.71, 84.69, 84.62, 84.55, 84.49, 84.88, 86.67, 89.21, 88.89, 88.37, 87.78, 88.3, 88.91, 89.15], [84.48, 84.49, 84.5, 84.5, 84.5, 84.48, 84.45, 84.38, 84.29, 84.22, 84.21, 83.5, 86.6, 87.02, 87.32, 88.23, 86.14, 88.79, 89.18, 89.24], [84.41, 84.4, 84.39, 84.37, 84.34, 84.3, 84.24, 84.16, 84.07, 84.02, 84.02, 83.46, 83.43, 87.05, 87.46, 87.86, 89.38, 90.49, 89.55, 89.36], [84.33, 84.32, 84.29, 84.25, 84.21, 84.14, 84.07, 83.99, 83.94, 83.94, 83.5, 83.36, 83.34, 87.06, 87.52, 87.69, 88.41, 88.77, 89.54, 89.42], [84.27, 84.24, 84.2, 84.15, 84.09, 84.01, 83.92, 83.82, 83.73, 83.64, 83.2, 83.16, 83.2, 86.2, 86.81, 87.37, 87.84, 88.07, 88.02, 87.84], [84.21, 84.17, 84.12, 84.06, 83.99, 83.89, 83.78, 83.63, 83.44, 82.89, 82.78, 84.21, 84.97, 85.8, 86.47, 86.99, 87.38, 87.59, 87.64, 87.59], [84.15, 84.11, 84.06, 83.99, 83.9, 83.8, 83.66, 83.47, 83.2, 82.53, 82.6, 83.7, 84.65, 85.48, 86.15, 86.65, 87.0, 87.23, 87.33, 87.35], [84.11, 84.06, 84.0, 83.93, 83.84, 83.73, 83.59, 83.4, 83.84, 83.29, 82.96, 83.72, 84.55, 85.3, 85.92, 86.37, 86.71, 86.93, 87.07, 87.13], [84.07, 84.02, 83.97, 83.89, 83.81, 83.7, 83.57, 83.4, 84.04, 83.78, 83.74, 84.1, 84.67, 85.25, 85.78, 86.18, 86.49, 86.71, 86.85, 86.94], [84.05, 84.0, 83.94, 83.87, 83.79, 83.69, 83.58, 84.46, 84.3, 84.19, 84.23, 84.47, 84.85, 85.29, 85.72, 86.06, 86.33, 86.54, 86.68, 86.78]]}