gis_exercise/awsData/contour/humi_2023090906.json
{"header": {"refTime": "2023-09-09T06:00:00.000Z", "nx": 21, "ny": 33, "lo1": 113.509, "la1": 22.2235, "lo2": 113.5947, "la2": 22.1034, "dx": 0.0042850000000001385, "dy": 0.003753125000000024, "parameterCategory": 0, "parameterCategoryName": "Temperature", "parameterNumber": 0}, "z": [[95.4, 95.43, 95.46, 96.77, 96.74, 95.3, 95.34, 95.37, 95.35, 95.82, 95.72, 95.61, 94.57, 94.49, 93.9, 93.84, 93.54, 93.53, 93.53, 93.53], [95.39, 95.41, 95.45, 95.49, 96.73, 96.67, 95.4, 95.49, 95.53, 95.85, 95.69, 95.51, 94.46, 94.39, 93.82, 93.53, 93.52, 93.52, 93.51, 93.51], [95.36, 95.39, 95.42, 95.47, 96.74, 96.68, 96.58, 95.59, 95.89, 95.88, 95.64, 95.35, 94.28, 94.24, 93.51, 93.51, 93.5, 93.49, 93.49, 93.49], [95.33, 95.36, 95.39, 95.43, 95.49, 96.71, 96.63, 96.51, 96.4, 95.89, 95.58, 95.06, 93.97, 94.64, 93.5, 93.5, 93.48, 93.46, 93.46, 93.47], [95.3, 95.32, 95.34, 95.38, 95.44, 96.75, 96.72, 96.7, 96.74, 96.02, 95.64, 94.56, 93.66, 94.44, 93.51, 93.49, 93.44, 93.41, 93.41, 93.44], [95.26, 95.27, 95.28, 95.32, 95.37, 95.45, 96.77, 96.79, 96.91, 97.17, 95.85, 95.02, 94.28, 93.67, 93.56, 93.48, 93.37, 93.32, 93.36, 93.41], [94.89, 95.21, 95.21, 95.23, 95.27, 95.36, 96.26, 96.71, 96.84, 97.19, 97.4, 95.79, 94.14, 94.02, 93.66, 93.48, 93.25, 93.17, 93.0, 93.0], [94.86, 94.85, 94.84, 94.85, 94.9, 95.92, 96.11, 96.25, 96.28, 97.36, 98.29, 96.23, 96.21, 93.99, 93.74, 93.96, 93.52, 93.37, 93.61, 93.78], [95.15, 95.12, 94.76, 94.73, 94.72, 94.8, 95.04, 96.18, 96.96, 97.06, 97.46, 96.87, 96.59, 96.97, 93.8, 94.04, 93.79, 93.68, 93.74, 93.84], [94.0, 94.0, 94.0, 94.94, 94.8, 94.45, 94.7, 95.04, 97.71, 97.54, 96.57, 97.24, 97.02, 97.13, 93.8, 94.13, 93.96, 93.88, 93.88, 93.91], [94.0, 94.0, 94.0, 94.0, 94.0, 94.0, 94.0, 94.0, 94.71, 97.03, 99.0, 97.48, 97.3, 97.28, 93.78, 94.19, 94.07, 94.0, 93.99, 94.0], [94.0, 94.0, 94.0, 94.0, 94.0, 94.0, 94.0, 94.0, 94.0, -999.0, 99.0, 95.0, 95.0, 97.41, 93.76, 94.26, 94.19, 96.41, 96.33, 96.31], [94.0, 94.0, 94.0, 94.0, 94.0, 94.0, 94.0, 94.0, 94.0, 94.0, -999.0, 95.0, 95.0, 97.61, 96.46, 95.18, 95.14, 95.88, 95.77, 95.71], [94.0, 94.0, 94.0, 94.0, 94.0, 94.0, 94.0, 94.0, 94.0, 94.0, -999.0, 99.0, 99.0, 99.0, 96.8, 95.68, 95.59, 96.34, 96.18, 96.06], [94.0, 94.0, 94.0, 94.0, 94.0, 94.0, 94.0, 96.0, 96.0, 96.0, 96.0, 97.15, 99.0, 99.0, 99.0, 96.25, 96.07, 96.77, 96.55, 96.37], [94.0, 94.0, 95.26, 95.28, 95.32, 96.0, 96.0, 96.0, 96.0, 96.0, 97.89, 97.67, 97.96, 98.21, 97.93, 98.27, 98.16, 98.35, 96.9, 96.75], [95.28, 95.3, 94.71, 94.74, 96.0, 96.0, 96.0, 96.0, 96.0, 96.0, 97.29, 97.66, 98.05, 98.41, 98.42, 98.55, 98.39, 98.26, 98.18, 98.11], [94.71, 94.74, 94.77, 94.83, 96.0, 96.0, 96.0, 96.0, 96.0, 96.76, 97.16, 97.61, 98.08, 98.39, 98.92, 98.6, 98.37, 98.23, 98.13, 98.07], [94.75, 94.79, 94.83, 96.0, 96.0, 96.0, 96.0, 96.0, 96.27, 96.58, 97.42, 97.82, 97.82, 98.2, 98.63, 98.46, 98.27, 98.14, 98.07, 98.02], [94.78, 94.81, 97.71, 97.63, 97.52, 97.36, 97.12, 96.49, 96.61, 97.04, 97.47, 97.81, 97.66, 97.89, 98.33, 98.23, 98.11, 98.02, 97.97, 97.95], [97.83, 97.79, 97.73, 97.24, 97.18, 97.09, 96.98, 96.86, 97.17, 97.37, 97.63, 97.87, 97.52, 98.14, 98.1, 98.01, 97.93, 97.88, 97.87, 97.88], [97.4, 97.38, 97.37, 97.35, 97.32, 97.29, 97.27, 97.04, 97.6, 97.71, 97.85, 97.97, 98.36, 97.99, 97.92, 97.82, 97.74, 97.74, 97.77, 97.81], [97.45, 97.45, 97.45, 97.09, 97.12, 97.16, 97.23, 97.32, 97.43, 97.49, 97.46, 97.59, 98.04, 97.89, 97.79, 97.66, 97.54, 97.6, 97.7, 97.76], [97.07, 97.09, 97.11, 97.14, 97.19, 97.27, 97.39, 97.57, 97.8, 97.91, 97.75, 97.76, 98.07, 97.9, 97.74, 97.59, 97.27, 97.59, 97.69, 97.74], [97.09, 97.11, 97.14, 97.18, 97.24, 97.33, 97.48, 97.73, 98.15, 98.51, 97.99, 97.77, 97.54, 97.93, 97.78, 97.66, 97.66, 97.77, 97.72, 97.75], [97.1, 97.12, 97.15, 97.19, 97.25, 97.34, 97.48, 97.71, 98.1, 98.42, 98.01, 97.65, 97.46, 97.97, 97.83, 97.29, 97.41, 97.46, 97.74, 97.76], [97.1, 97.12, 97.15, 97.19, 97.24, 97.3, 97.4, 97.52, 97.65, 97.65, 97.55, 97.39, 97.31, 96.97, 97.1, 97.21, 97.3, 97.34, 97.33, 97.3], [97.1, 97.12, 97.14, 97.17, 97.2, 97.23, 97.27, 97.28, 97.22, 97.14, 96.97, 97.18, 97.34, 97.47, 97.02, 97.13, 97.21, 97.25, 97.26, 97.25], [97.09, 97.11, 97.12, 97.14, 97.15, 97.16, 97.15, 97.09, 96.93, 96.65, 96.33, 96.85, 97.17, 97.36, 96.95, 97.05, 97.13, 97.17, 97.2, 97.2], [97.08, 97.09, 97.1, 97.11, 97.11, 97.1, 97.06, 96.98, 97.05, 96.71, 96.5, 96.82, 97.1, 97.29, 96.89, 96.99, 97.07, 97.11, 97.14, 97.16], [97.08, 97.08, 97.08, 97.08, 97.08, 97.05, 97.01, 96.94, 97.09, 96.92, 96.85, 96.96, 97.13, 97.28, 96.86, 96.95, 97.02, 97.07, 97.1, 97.12], [97.07, 97.07, 97.07, 97.06, 97.05, 97.03, 96.99, 97.26, 97.16, 97.07, 97.04, 97.1, 97.19, 97.3, 96.85, 96.92, 96.98, 97.03, 97.06, 97.09]]}