gis_exercise/awsData/contour/humi_2023090804.json
{"header": {"refTime": "2023-09-08T04:00:00.000Z", "nx": 21, "ny": 33, "lo1": 113.509, "la1": 22.2235, "lo2": 113.5947, "la2": 22.1034, "dx": 0.0042850000000001385, "dy": 0.003753125000000024, "parameterCategory": 0, "parameterCategoryName": "Temperature", "parameterNumber": 0}, "z": [[98.0, 98.0, 98.0, 98.51, 98.49, 97.3, 97.34, 97.37, 97.35, 97.63, 97.51, 97.38, 96.57, 96.49, 96.47, 96.49, 96.25, 96.29, 96.32, 96.35], [98.0, 98.0, 98.0, 98.0, 98.49, 98.45, 97.4, 97.49, 97.53, 97.68, 97.49, 97.29, 96.46, 96.39, 96.39, 96.19, 96.26, 96.31, 96.35, 96.37], [98.0, 98.0, 98.0, 98.0, 98.49, 98.45, 98.39, 97.59, 97.89, 97.73, 97.44, 97.13, 96.28, 96.24, 96.08, 96.19, 96.28, 96.35, 96.39, 96.41], [98.0, 98.0, 98.0, 98.0, 98.0, 98.47, 98.42, 98.34, 98.27, 97.7, 97.35, 96.85, 95.97, 96.44, 96.05, 96.22, 96.33, 96.41, 96.44, 96.45], [98.0, 98.0, 98.0, 98.0, 98.0, 98.5, 98.48, 98.46, 98.49, 97.73, 97.35, 96.37, 95.58, 96.27, 96.07, 96.28, 96.42, 96.5, 96.52, 96.5], [98.0, 98.0, 98.0, 98.0, 98.0, 98.0, 98.51, 98.53, 98.61, 98.78, 97.46, 96.77, 96.13, 95.67, 96.17, 96.39, 96.56, 96.64, 96.61, 96.56], [98.0, 98.0, 98.0, 98.0, 98.0, 98.0, 98.51, 98.48, 98.56, 98.73, 98.85, 97.46, 96.14, 96.02, 96.32, 96.5, 96.74, 96.83, 96.63, 96.5], [98.0, 98.0, 98.0, 98.0, 98.0, 98.45, 98.45, 98.36, 98.17, 98.85, 99.49, 97.92, 97.9, 95.99, 97.0, 97.0, 97.0, 97.0, 97.0, 97.0], [98.0, 98.0, 98.0, 98.0, 98.0, 98.0, 98.0, 98.44, 98.64, 98.64, 98.85, 98.41, 98.19, 98.48, 97.0, 97.0, 97.0, 97.0, 97.0, 97.0], [98.0, 98.0, 98.0, 98.0, 98.0, 98.0, 98.0, 98.0, 99.14, 99.03, 98.18, 98.68, 98.52, 98.6, 97.0, 97.0, 97.0, 97.0, 97.0, 97.0], [98.0, 98.0, 98.0, 98.0, 98.0, 98.0, 98.0, 98.0, 98.0, 98.68, 100.0, 98.86, 98.72, 98.71, 97.0, 97.0, 97.0, 97.0, 97.0, 97.0], [98.0, 98.0, 98.0, 98.0, 98.0, 98.0, 98.0, 98.0, 98.0, -999.0, 100.0, 97.0, 97.0, 98.81, 97.0, 97.0, 97.0, 98.14, 98.11, 98.1], [98.0, 98.0, 98.0, 98.0, 98.0, 98.0, 98.0, 98.0, 98.0, 98.0, -999.0, 97.0, 97.0, 98.31, 97.73, 97.73, 97.71, 97.96, 97.92, 97.9], [98.0, 98.0, 98.0, 98.0, 98.0, 98.0, 98.0, 98.0, 98.0, 98.0, -999.0, 99.0, 99.0, 99.0, 97.9, 97.89, 97.86, 98.11, 98.06, 98.02], [98.0, 98.0, 98.0, 98.0, 98.0, 98.0, 98.0, 97.0, 97.0, 97.0, 97.0, 97.77, 99.0, 99.0, 99.0, 98.08, 98.02, 98.26, 98.18, 98.12], [98.0, 98.0, 97.37, 97.36, 97.34, 97.0, 97.0, 97.0, 97.0, 97.0, 98.26, 98.12, 98.31, 98.47, 98.29, 98.63, 98.58, 98.68, 98.21, 98.15], [97.36, 97.35, 97.65, 97.63, 97.0, 97.0, 97.0, 97.0, 97.0, 97.0, 97.86, 98.11, 98.37, 98.61, 98.65, 98.84, 98.79, 98.75, 98.72, 98.7], [97.64, 97.63, 97.61, 97.59, 97.0, 97.0, 97.0, 97.0, 97.0, 97.51, 97.78, 98.08, 98.39, 98.63, 98.95, 98.86, 98.78, 98.73, 98.7, 98.68], [97.62, 97.61, 97.58, 97.0, 97.0, 97.0, 97.0, 97.0, 97.18, 97.39, 97.95, 98.21, 98.27, 98.52, 98.87, 98.81, 98.75, 98.7, 98.68, 98.67], [97.61, 97.59, 98.14, 98.09, 98.01, 97.91, 97.75, 97.33, 97.41, 97.69, 97.98, 98.21, 98.18, 98.34, 98.76, 98.73, 98.69, 98.66, 98.65, 98.64], [98.22, 98.19, 98.15, 97.83, 97.79, 97.73, 97.65, 97.57, 97.78, 97.91, 98.09, 98.24, 98.1, 98.7, 98.68, 98.65, 98.62, 98.61, 98.61, 98.62], [97.93, 97.92, 97.91, 97.9, 97.88, 97.86, 97.84, 97.87, 98.07, 98.14, 98.23, 98.31, 98.68, 98.65, 98.61, 98.57, 98.54, 98.55, 98.58, 98.6], [97.97, 97.97, 97.97, 97.98, 97.99, 98.0, 98.03, 98.08, 98.14, 98.19, 98.18, 98.15, 98.67, 98.61, 98.57, 98.5, 98.43, 98.49, 98.56, 98.59], [98.0, 98.01, 98.02, 98.03, 98.06, 98.1, 98.16, 98.26, 98.38, 98.44, 98.37, 98.5, 98.68, 98.62, 98.56, 98.48, 98.24, 98.54, 98.59, 98.6], [98.02, 98.04, 98.05, 98.08, 98.11, 98.16, 98.25, 98.38, 98.59, 98.77, 98.52, 98.52, 98.41, 98.63, 98.58, 98.54, 98.6, 98.73, 98.63, 98.61], [98.04, 98.06, 98.08, 98.11, 98.14, 98.2, 98.28, 98.4, 98.59, 98.74, 98.63, 98.49, 98.4, 98.65, 98.61, 98.44, 98.51, 98.55, 98.63, 98.62], [98.06, 98.08, 98.1, 98.12, 98.16, 98.21, 98.27, 98.34, 98.42, 98.44, 98.47, 98.4, 98.36, 98.32, 98.37, 98.42, 98.46, 98.48, 98.48, 98.46], [98.07, 98.09, 98.11, 98.13, 98.16, 98.2, 98.24, 98.27, 98.28, 98.35, 98.29, 98.44, 98.52, 98.59, 98.35, 98.39, 98.42, 98.44, 98.45, 98.44], [98.08, 98.09, 98.11, 98.13, 98.16, 98.18, 98.2, 98.21, 98.19, 98.19, 98.12, 98.32, 98.45, 98.54, 98.32, 98.36, 98.39, 98.41, 98.42, 98.42], [98.08, 98.1, 98.11, 98.13, 98.15, 98.17, 98.18, 98.18, 98.39, 98.26, 98.19, 98.31, 98.43, 98.52, 98.3, 98.34, 98.37, 98.39, 98.4, 98.4], [98.09, 98.1, 98.11, 98.13, 98.14, 98.15, 98.16, 98.16, 98.41, 98.35, 98.32, 98.37, 98.44, 98.51, 98.29, 98.33, 98.35, 98.37, 98.38, 98.39], [98.09, 98.1, 98.11, 98.12, 98.13, 98.14, 98.15, 98.48, 98.44, 98.41, 98.4, 98.43, 98.47, 98.52, 98.29, 98.32, 98.34, 98.35, 98.37, 98.37]]}