gis_exercise/awsData/contour/humi_2023090218.json
{"header": {"refTime": "2023-09-02T18:00:00.000Z", "nx": 21, "ny": 33, "lo1": 113.509, "la1": 22.2235, "lo2": 113.5947, "la2": 22.1034, "dx": 0.0042850000000001385, "dy": 0.003753125000000024, "parameterCategory": 0, "parameterCategoryName": "Temperature", "parameterNumber": 0}, "z": [[87.02, 87.03, 87.04, 88.32, 88.26, 86.56, 86.57, 86.57, 86.53, 87.02, 86.93, 86.83, 85.57, 85.49, 85.47, 85.49, 85.25, 85.29, 85.32, 85.35], [87.01, 87.02, 87.03, 87.05, 88.26, 88.16, 86.63, 86.66, 86.67, 87.01, 86.89, 86.73, 85.46, 85.39, 85.39, 85.19, 85.26, 85.31, 85.35, 85.37], [87.0, 87.01, 87.03, 87.05, 88.28, 88.18, 88.01, 86.74, 86.92, 87.02, 86.84, 86.56, 85.28, 85.24, 85.08, 85.19, 85.28, 85.35, 85.39, 85.41], [86.99, 87.0, 87.02, 87.04, 87.07, 88.25, 88.11, 87.89, 87.68, 87.08, 86.81, 86.27, 84.97, 85.84, 85.05, 85.22, 85.33, 85.41, 85.44, 85.45], [86.97, 86.98, 87.0, 87.03, 87.07, 88.35, 88.29, 88.24, 88.27, 87.31, 86.92, 85.76, 84.74, 85.6, 85.07, 85.28, 85.42, 85.5, 85.52, 85.5], [86.95, 86.96, 86.98, 87.0, 87.05, 87.12, 88.45, 88.48, 88.62, 88.9, 87.23, 86.27, 85.42, 84.67, 85.17, 85.39, 85.56, 85.64, 85.61, 85.56], [86.89, 86.93, 86.94, 86.96, 87.01, 87.1, 88.26, 88.53, 88.68, 88.99, 89.14, 87.12, 85.14, 85.02, 85.32, 85.5, 85.74, 85.83, 85.63, 85.5], [86.86, 86.85, 86.84, 86.85, 86.9, 87.92, 88.11, 88.25, 88.22, 89.19, 90.17, 87.54, 87.51, 84.99, 86.0, 86.0, 86.0, 86.0, 86.0, 86.0], [87.15, 87.12, 86.76, 86.73, 86.72, 86.8, 87.04, 88.18, 88.96, 88.85, 89.08, 88.34, 87.98, 88.46, 86.0, 86.0, 86.0, 86.0, 86.0, 86.0], [86.0, 86.0, 86.0, 86.94, 86.8, 86.45, 86.7, 87.04, 89.71, 89.54, 87.96, 88.8, 88.53, 88.66, 86.0, 86.0, 86.0, 86.0, 86.0, 86.0], [86.0, 86.0, 86.0, 86.0, 86.0, 86.0, 86.0, 86.0, 86.71, 89.03, 91.0, 89.09, 88.87, 88.85, 86.0, 86.0, 86.0, 86.0, 86.0, 86.0], [86.0, 86.0, 86.0, 86.0, 86.0, 86.0, 86.0, 86.0, 86.0, -999.0, 91.0, 86.0, 86.0, 89.01, 86.0, 86.0, 86.0, 90.55, 90.44, 90.41], [86.0, 86.0, 86.0, 86.0, 86.0, 86.0, 86.0, 86.0, 86.0, 86.0, -999.0, 86.0, 86.0, 91.22, 88.93, 88.91, 88.85, 89.84, 89.7, 89.61], [86.0, 86.0, 86.0, 86.0, 86.0, 86.0, 86.0, 86.0, 86.0, 86.0, -999.0, 94.0, 94.0, 94.0, 89.6, 89.58, 89.45, 90.46, 90.24, 90.08], [86.0, 86.0, 86.0, 86.0, 86.0, 86.0, 86.0, 87.0, 87.0, 87.0, 87.0, 89.69, 94.0, 94.0, 94.0, 90.34, 90.1, 91.02, 90.73, 90.5], [86.0, 86.0, 86.63, 86.64, 86.66, 87.0, 87.0, 87.0, 87.0, 87.0, 91.4, 90.91, 91.58, 92.15, 91.51, 92.9, 92.73, 93.03, 91.11, 90.9], [86.64, 86.65, 86.35, 86.37, 87.0, 87.0, 87.0, 87.0, 87.0, 87.0, 90.01, 90.88, 91.79, 92.63, 92.83, 93.25, 92.99, 92.78, 92.63, 92.53], [86.36, 86.37, 86.39, 86.41, 87.0, 87.0, 87.0, 87.0, 87.0, 88.78, 89.72, 90.77, 91.86, 92.76, 93.83, 93.34, 92.96, 92.72, 92.56, 92.46], [86.38, 86.39, 86.42, 87.0, 87.0, 87.0, 87.0, 87.0, 87.63, 88.36, 89.57, 90.47, 91.54, 92.38, 93.39, 93.11, 92.8, 92.58, 92.45, 92.37], [86.39, 86.41, 88.71, 88.63, 88.52, 88.36, 88.12, 87.49, 87.99, 88.73, 89.55, 90.31, 91.24, 91.8, 92.89, 92.74, 92.54, 92.39, 92.3, 92.26], [88.83, 88.79, 88.73, 88.24, 88.18, 88.09, 87.98, 87.86, 88.79, 89.15, 89.67, 90.21, 91.0, 92.58, 92.51, 92.38, 92.24, 92.16, 92.13, 92.14], [88.4, 88.38, 88.37, 88.35, 88.32, 88.29, 88.27, 88.21, 89.3, 89.51, 89.81, 90.16, 91.74, 92.34, 92.22, 92.07, 91.95, 91.93, 91.97, 92.02], [88.45, 88.45, 88.45, 88.34, 88.36, 88.39, 88.44, 88.52, 88.62, 88.68, 88.67, 89.38, 90.93, 92.16, 92.02, 91.83, 91.65, 91.71, 91.84, 91.94], [88.36, 88.37, 88.39, 88.41, 88.45, 88.52, 88.62, 88.78, 88.98, 89.08, 88.95, 89.75, 90.9, 91.05, 91.18, 91.71, 91.3, 91.65, 91.8, 91.89], [88.39, 88.4, 88.43, 88.47, 88.52, 88.61, 88.74, 88.95, 89.31, 89.6, 89.19, 89.68, 89.73, 91.04, 91.19, 91.31, 91.72, 91.82, 91.82, 91.88], [88.41, 88.43, 88.46, 88.5, 88.56, 88.65, 88.77, 88.97, 89.29, 89.55, 89.62, 89.55, 89.61, 91.03, 91.17, 90.99, 91.2, 91.27, 91.85, 91.9], [88.43, 88.45, 88.48, 88.52, 88.57, 88.64, 88.73, 88.85, 88.97, 88.99, 89.33, 89.33, 89.44, 90.25, 90.56, 90.8, 90.97, 91.05, 91.04, 90.99], [88.44, 88.46, 88.49, 88.52, 88.56, 88.61, 88.66, 88.7, 88.69, 88.99, 88.89, 89.18, 89.47, 89.76, 90.36, 90.61, 90.77, 90.86, 90.89, 90.88], [88.44, 88.46, 88.49, 88.51, 88.54, 88.57, 88.59, 88.58, 88.5, 88.61, 88.33, 88.88, 89.29, 89.62, 90.19, 90.43, 90.6, 90.7, 90.75, 90.77], [88.45, 88.46, 88.48, 88.5, 88.52, 88.53, 88.53, 88.5, 89.02, 88.7, 88.51, 88.87, 89.24, 89.53, 90.07, 90.3, 90.46, 90.57, 90.64, 90.67], [88.45, 88.46, 88.47, 88.49, 88.5, 88.5, 88.5, 88.47, 89.09, 88.93, 88.89, 89.04, 89.28, 89.52, 90.0, 90.2, 90.36, 90.47, 90.54, 90.58], [88.44, 88.46, 88.47, 88.48, 88.48, 88.48, 88.47, 89.29, 89.2, 89.12, 89.12, 89.21, 89.36, 89.53, 89.97, 90.14, 90.28, 90.38, 90.46, 90.51]]}