gis_exercise/awsData/contour/humi_2023090202.json
{"header": {"refTime": "2023-09-02T02:00:00.000Z", "nx": 21, "ny": 33, "lo1": 113.509, "la1": 22.2235, "lo2": 113.5947, "la2": 22.1034, "dx": 0.0042850000000001385, "dy": 0.003753125000000024, "parameterCategory": 0, "parameterCategoryName": "Temperature", "parameterNumber": 0}, "z": [[96.72, 96.74, 96.77, 97.81, 97.77, 96.56, 96.57, 96.57, 96.53, 96.63, 96.51, 96.38, 95.57, 95.49, 95.76, 95.81, 95.6, 95.67, 95.72, 95.76], [96.7, 96.73, 96.76, 96.79, 97.77, 97.71, 96.63, 96.66, 96.67, 96.68, 96.49, 96.29, 95.46, 95.39, 95.68, 95.52, 95.63, 95.71, 95.77, 95.8], [96.68, 96.71, 96.74, 96.78, 97.79, 97.73, 97.62, 96.74, 96.92, 96.73, 96.44, 96.13, 95.28, 95.24, 95.36, 95.53, 95.68, 95.78, 95.84, 95.86], [96.66, 96.68, 96.71, 96.76, 96.81, 97.78, 97.69, 97.55, 97.41, 96.7, 96.35, 95.85, 94.97, 95.44, 95.33, 95.57, 95.76, 95.88, 95.93, 95.94], [96.62, 96.64, 96.67, 96.72, 96.78, 97.85, 97.81, 97.77, 97.78, 96.73, 96.35, 95.37, 94.58, 95.27, 95.35, 95.67, 95.92, 96.04, 96.07, 96.04], [96.58, 96.59, 96.62, 96.66, 96.74, 96.84, 97.93, 97.96, 98.01, 98.12, 96.46, 95.77, 95.13, 94.67, 95.48, 95.84, 96.16, 96.29, 96.23, 96.13], [96.34, 96.53, 96.54, 96.57, 96.64, 96.78, 97.5, 98.05, 98.12, 98.07, 98.04, 96.46, 95.14, 95.02, 95.65, 96.01, 96.48, 96.66, 96.45, 96.26], [96.28, 96.27, 96.26, 96.28, 96.35, 97.09, 97.38, 97.74, 98.0, 98.18, 98.57, 96.92, 96.9, 94.99, 96.63, 96.52, 96.74, 96.82, 96.69, 96.61], [96.72, 96.67, 96.14, 96.1, 96.08, 96.19, 96.56, 97.5, 98.32, 98.0, 97.85, 97.41, 97.19, 97.48, 96.6, 96.48, 96.61, 96.66, 96.63, 96.58], [95.0, 95.0, 95.0, 96.4, 96.21, 95.68, 96.05, 96.56, 98.57, 98.51, 97.18, 97.68, 97.52, 97.6, 96.6, 96.44, 96.52, 96.56, 96.56, 96.54], [95.0, 95.0, 95.0, 95.0, 95.0, 95.0, 95.0, 95.0, 96.06, 98.34, 99.0, 97.86, 97.72, 97.71, 96.61, 96.4, 96.46, 96.5, 96.51, 96.5], [95.0, 95.0, 95.0, 95.0, 95.0, 95.0, 95.0, 95.0, 95.0, -999.0, 99.0, 96.0, 96.0, 97.81, 96.62, 96.37, 96.41, 98.14, 98.11, 98.1], [95.0, 95.0, 95.0, 95.0, 95.0, 95.0, 95.0, 95.0, 95.0, 95.0, -999.0, 96.0, 96.0, 97.96, 97.1, 97.73, 97.71, 97.96, 97.92, 97.9], [95.0, 95.0, 95.0, 95.0, 95.0, 95.0, 95.0, 95.0, 95.0, 95.0, -999.0, 99.0, 99.0, 99.0, 97.35, 97.89, 97.86, 98.11, 98.06, 98.02], [95.0, 95.0, 95.0, 95.0, 95.0, 95.0, 95.0, 95.0, 95.0, 95.0, 95.0, 96.54, 99.0, 99.0, 99.0, 98.08, 98.02, 98.26, 98.18, 98.12], [95.0, 95.0, 95.0, 95.0, 95.0, 95.0, 95.0, 95.0, 95.0, 95.0, 97.52, 97.23, 97.62, 97.95, 97.57, 99.0, 99.0, 99.0, 98.48, 98.44], [95.0, 95.0, 95.0, 95.0, 95.0, 95.0, 95.0, 95.0, 95.0, 95.0, 96.72, 97.22, 97.74, 98.22, 98.52, 99.0, 99.0, 99.0, 99.0, 99.0], [95.0, 95.0, 95.0, 95.0, 95.0, 95.0, 95.0, 95.0, 95.0, 96.02, 96.55, 97.15, 97.78, 98.48, 98.93, 99.0, 99.0, 99.0, 99.0, 99.0], [95.0, 95.0, 95.0, 95.0, 95.0, 95.0, 95.0, 95.0, 95.36, 95.78, 96.89, 97.43, 97.9, 98.33, 99.0, 99.0, 99.0, 99.0, 99.0, 99.0], [95.0, 95.0, 97.29, 97.17, 97.03, 96.81, 96.49, 95.66, 95.82, 96.38, 96.96, 97.42, 97.81, 98.13, 99.0, 99.0, 99.0, 99.0, 99.0, 99.0], [97.44, 97.38, 97.31, 96.65, 96.57, 96.45, 96.3, 96.14, 96.56, 96.83, 97.18, 97.49, 97.76, 99.0, 99.0, 99.0, 99.0, 99.0, 99.0, 99.0], [96.86, 96.85, 96.82, 96.8, 96.76, 96.72, 96.69, 96.73, 97.13, 97.29, 97.46, 97.63, 99.0, 99.0, 99.0, 99.0, 99.0, 99.0, 99.0, 99.0], [96.94, 96.94, 96.94, 96.96, 96.97, 97.0, 97.06, 97.16, 97.29, 97.37, 97.36, 97.82, 99.0, 99.0, 99.0, 99.0, 99.0, 99.0, 99.0, 99.0], [97.0, 97.02, 97.04, 97.07, 97.11, 97.19, 97.32, 97.52, 97.76, 97.89, 97.74, 98.5, 99.0, 99.0, 99.0, 99.0, 99.0, 99.0, 99.0, 99.0], [97.05, 97.07, 97.1, 97.15, 97.22, 97.33, 97.49, 97.75, 98.18, 98.53, 98.05, 98.46, 98.43, 99.0, 99.0, 99.0, 99.0, 99.0, 99.0, 99.0], [97.09, 97.12, 97.16, 97.21, 97.29, 97.4, 97.56, 97.8, 98.18, 98.48, 98.5, 98.36, 98.34, 99.0, 99.0, 98.7, 98.79, 98.81, 99.0, 99.0], [97.12, 97.15, 97.19, 97.25, 97.32, 97.41, 97.54, 97.69, 97.85, 97.88, 98.2, 98.16, 98.2, 98.29, 98.45, 98.59, 98.67, 98.71, 98.7, 98.68], [97.14, 97.17, 97.21, 97.26, 97.32, 97.4, 97.47, 97.54, 97.56, 97.89, 97.78, 97.89, 98.04, 98.17, 98.34, 98.48, 98.57, 98.61, 98.63, 98.62], [97.16, 97.19, 97.22, 97.27, 97.31, 97.36, 97.41, 97.43, 97.39, 97.53, 97.25, 97.65, 97.91, 98.08, 98.25, 98.38, 98.47, 98.53, 98.56, 98.57], [97.17, 97.2, 97.23, 97.26, 97.3, 97.33, 97.35, 97.35, 97.78, 97.53, 97.38, 97.63, 97.86, 98.03, 98.18, 98.3, 98.4, 98.46, 98.49, 98.51], [97.17, 97.2, 97.23, 97.25, 97.28, 97.3, 97.32, 97.31, 97.81, 97.69, 97.65, 97.74, 97.89, 98.02, 98.14, 98.25, 98.34, 98.4, 98.44, 98.47], [97.18, 97.2, 97.22, 97.24, 97.27, 97.28, 97.29, 97.95, 97.88, 97.82, 97.8, 97.85, 97.94, 98.03, 98.12, 98.22, 98.3, 98.35, 98.4, 98.42]]}