gis_exercise/awsData/contour/humi_2023090816.json
{"header": {"refTime": "2023-09-08T16:00:00.000Z", "nx": 21, "ny": 33, "lo1": 113.509, "la1": 22.2235, "lo2": 113.5947, "la2": 22.1034, "dx": 0.0042850000000001385, "dy": 0.003753125000000024, "parameterCategory": 0, "parameterCategoryName": "Temperature", "parameterNumber": 0}, "z": [[95.86, 95.92, 96.0, 97.62, 97.65, 96.06, 96.2, 96.33, 96.35, 97.12, 96.89, 96.66, 95.05, 94.89, 94.22, 94.08, 92.91, 92.89, 92.87, 92.86], [95.82, 95.88, 95.96, 96.06, 97.62, 97.66, 96.33, 96.63, 96.79, 97.25, 96.88, 96.52, 94.89, 94.73, 94.08, 92.93, 92.89, 92.86, 92.84, 92.83], [95.77, 95.82, 95.89, 95.99, 97.59, 97.63, 97.7, 96.86, 97.71, 97.36, 96.79, 96.26, 94.61, 94.49, 92.97, 92.92, 92.86, 92.82, 92.8, 92.79], [95.7, 95.74, 95.8, 95.89, 96.01, 97.56, 97.62, 97.73, 97.83, 97.24, 96.6, 95.8, 94.15, 94.61, 92.97, 92.89, 92.81, 92.76, 92.74, 92.74], [95.63, 95.65, 95.69, 95.75, 95.84, 97.45, 97.47, 97.54, 97.64, 97.16, 96.53, 94.56, 93.64, 94.39, 92.97, 92.85, 92.73, 92.66, 92.66, 92.69], [95.54, 95.55, 95.56, 95.59, 95.64, 95.71, 97.26, 97.24, 97.39, 97.77, 95.96, 95.02, 94.23, 93.33, 92.98, 92.79, 92.59, 92.5, 92.55, 92.63], [94.45, 95.44, 95.43, 95.42, 95.44, 95.46, 96.02, 96.75, 96.86, 97.11, 97.5, 95.72, 93.57, 93.51, 93.0, 92.73, 92.38, 92.25, 92.18, 92.25], [94.43, 94.42, 94.42, 94.43, 94.45, 95.75, 95.85, 95.76, 95.51, 97.37, 98.9, 95.84, 95.81, 93.5, 92.74, 92.96, 92.52, 92.37, 92.61, 92.78], [94.57, 94.56, 94.38, 94.37, 94.36, 94.4, 94.52, 95.86, 96.59, 96.92, 97.69, 96.81, 96.38, 96.95, 92.8, 93.04, 92.79, 92.68, 92.74, 92.84], [94.0, 94.0, 94.0, 94.47, 94.4, 94.23, 94.35, 94.52, 97.84, 97.56, 96.35, 97.36, 97.04, 97.19, 92.8, 93.13, 92.96, 92.88, 92.88, 92.91], [94.0, 94.0, 94.0, 94.0, 94.0, 94.0, 94.0, 94.0, 94.35, 96.71, 100.0, 97.71, 97.44, 97.43, 92.78, 93.19, 93.07, 93.0, 92.99, 93.0], [94.0, 94.0, 94.0, 94.0, 94.0, 94.0, 94.0, 94.0, 94.0, -999.0, 100.0, 94.0, 94.0, 97.61, 92.76, 93.26, 93.19, 96.55, 96.44, 96.41], [94.0, 94.0, 94.0, 94.0, 94.0, 94.0, 94.0, 94.0, 94.0, 94.0, -999.0, 94.0, 94.0, 97.92, 96.19, 94.91, 94.85, 95.84, 95.7, 95.61], [94.0, 94.0, 94.0, 94.0, 94.0, 94.0, 94.0, 94.0, 94.0, 94.0, -999.0, 100.0, 100.0, 100.0, 96.7, 95.58, 95.45, 96.46, 96.24, 96.08], [94.0, 94.0, 94.0, 94.0, 94.0, 94.0, 94.0, 95.0, 95.0, 95.0, 95.0, 96.92, 100.0, 100.0, 100.0, 96.34, 96.1, 97.02, 96.73, 96.5], [94.0, 94.0, 94.63, 94.64, 94.66, 95.0, 95.0, 95.0, 95.0, 95.0, 98.15, 97.79, 98.27, 98.68, 98.22, 97.8, 97.47, 98.05, 96.29, 96.02], [94.64, 94.65, 94.35, 94.37, 95.0, 95.0, 95.0, 95.0, 95.0, 95.0, 97.15, 97.77, 98.42, 99.02, 98.73, 98.93, 98.55, 98.26, 98.05, 97.91], [94.36, 94.37, 94.39, 94.41, 95.0, 95.0, 95.0, 95.0, 95.0, 96.27, 96.94, 97.69, 98.47, 98.7, 99.81, 99.04, 98.5, 98.16, 97.95, 97.81], [94.38, 94.39, 94.42, 95.0, 95.0, 95.0, 95.0, 95.0, 95.45, 95.97, 96.81, 97.45, 97.54, 98.26, 99.11, 98.72, 98.26, 97.96, 97.78, 97.68], [94.39, 94.41, 96.14, 96.09, 96.01, 95.91, 95.75, 95.33, 95.69, 96.21, 96.79, 97.33, 97.17, 97.55, 98.39, 98.16, 97.87, 97.67, 97.56, 97.52], [96.22, 96.19, 96.15, 95.83, 95.79, 95.73, 95.65, 95.57, 96.25, 96.5, 96.87, 97.26, 96.8, 97.94, 97.82, 97.61, 97.41, 97.31, 97.32, 97.35], [95.93, 95.92, 95.91, 95.9, 95.88, 95.86, 95.84, 95.52, 96.59, 96.74, 96.96, 97.21, 97.11, 97.58, 97.37, 97.11, 96.91, 96.93, 97.08, 97.21], [95.97, 95.97, 95.97, 95.47, 95.51, 95.55, 95.61, 95.68, 95.76, 95.8, 95.76, 95.62, 96.59, 97.33, 97.07, 96.68, 96.27, 96.56, 96.95, 97.13], [95.42, 95.44, 95.46, 95.49, 95.53, 95.6, 95.69, 95.84, 96.02, 96.1, 95.96, 95.51, 96.62, 96.53, 96.4, 96.52, 95.24, 96.75, 97.04, 97.14], [95.42, 95.44, 95.46, 95.5, 95.54, 95.62, 95.73, 95.93, 96.28, 96.58, 96.13, 95.56, 95.24, 96.58, 96.51, 96.49, 97.08, 97.68, 97.23, 97.19], [95.42, 95.43, 95.45, 95.48, 95.53, 95.59, 95.7, 95.88, 96.21, 96.48, 95.89, 95.46, 95.19, 96.64, 96.62, 96.22, 96.57, 96.75, 97.25, 97.23], [95.41, 95.42, 95.44, 95.46, 95.49, 95.53, 95.59, 95.68, 95.78, 95.76, 95.42, 95.21, 95.07, 95.62, 95.87, 96.1, 96.32, 96.42, 96.4, 96.31], [95.39, 95.4, 95.41, 95.42, 95.44, 95.45, 95.45, 95.44, 95.35, 95.04, 94.86, 95.63, 95.99, 96.34, 95.74, 95.95, 96.12, 96.21, 96.23, 96.2], [95.38, 95.38, 95.38, 95.38, 95.38, 95.37, 95.33, 95.24, 95.04, 94.58, 94.45, 95.21, 95.75, 96.16, 95.61, 95.81, 95.96, 96.05, 96.1, 96.1], [95.36, 95.36, 95.36, 95.35, 95.33, 95.3, 95.24, 95.13, 95.4, 94.96, 94.69, 95.18, 95.67, 96.05, 95.52, 95.71, 95.84, 95.93, 95.99, 96.01], [95.35, 95.34, 95.33, 95.32, 95.29, 95.25, 95.19, 95.09, 95.5, 95.28, 95.21, 95.42, 95.73, 96.02, 95.47, 95.63, 95.75, 95.84, 95.9, 95.93], [95.33, 95.32, 95.31, 95.29, 95.27, 95.23, 95.17, 95.76, 95.63, 95.53, 95.52, 95.63, 95.83, 96.05, 95.44, 95.58, 95.69, 95.77, 95.83, 95.86]]}