gis_exercise/awsData/contour/humi_2023090421.json
{"header": {"refTime": "2023-09-04T21:00:00.000Z", "nx": 21, "ny": 33, "lo1": 113.509, "la1": 22.2235, "lo2": 113.5947, "la2": 22.1034, "dx": 0.0042850000000001385, "dy": 0.003753125000000024, "parameterCategory": 0, "parameterCategoryName": "Temperature", "parameterNumber": 0}, "z": [[62.77, 62.81, 62.85, 62.64, 62.7, 61.63, 61.77, 61.9, 61.88, 61.4, 60.92, 60.45, 59.38, 59.13, 58.98, 58.89, 57.25, 57.29, 57.32, 57.35], [62.75, 62.78, 62.82, 62.88, 62.7, 62.8, 61.96, 62.29, 62.46, 61.78, 60.95, 60.26, 59.12, 58.87, 58.76, 57.19, 57.26, 57.31, 57.35, 57.37], [62.72, 62.75, 62.79, 62.84, 62.66, 62.77, 62.96, 62.61, 63.63, 62.09, 60.8, 59.87, 58.66, 58.49, 57.08, 57.19, 57.28, 57.35, 57.39, 57.41], [62.69, 62.71, 62.74, 62.78, 62.84, 62.68, 62.83, 63.08, 63.31, 61.59, 60.34, 59.17, 57.92, 57.44, 57.05, 57.22, 57.33, 57.41, 57.44, 57.45], [62.65, 62.66, 62.68, 62.71, 62.75, 62.55, 62.61, 62.68, 62.7, 60.84, 59.85, 57.37, 56.58, 57.27, 57.07, 57.28, 57.42, 57.5, 57.52, 57.5], [62.61, 62.61, 62.62, 62.62, 62.64, 62.66, 62.39, 62.35, 62.28, 62.15, 58.46, 57.77, 57.13, 56.67, 57.17, 57.39, 57.56, 57.64, 57.61, 57.56], [62.0, 62.56, 62.55, 62.54, 62.53, 62.52, 61.75, 62.13, 62.03, 60.75, 60.43, 58.46, 57.14, 57.02, 57.32, 57.5, 57.74, 57.83, 57.63, 57.5], [62.0, 62.0, 62.0, 62.0, 62.0, 61.77, 61.77, 61.82, 61.65, 60.84, 60.73, 58.92, 58.9, 56.99, 58.0, 58.0, 58.0, 58.0, 58.0, 58.0], [62.0, 62.0, 62.0, 62.0, 62.0, 62.0, 62.0, 61.78, 61.68, 60.72, 59.85, 59.41, 59.19, 59.48, 58.0, 58.0, 58.0, 58.0, 58.0, 58.0], [62.0, 62.0, 62.0, 62.0, 62.0, 62.0, 62.0, 62.0, 61.43, 61.49, 59.18, 59.68, 59.52, 59.6, 58.0, 58.0, 58.0, 58.0, 58.0, 58.0], [62.0, 62.0, 62.0, 62.0, 62.0, 62.0, 62.0, 62.0, 62.0, 61.66, 61.0, 59.86, 59.72, 59.71, 58.0, 58.0, 58.0, 58.0, 58.0, 58.0], [62.0, 62.0, 62.0, 62.0, 62.0, 62.0, 62.0, 62.0, 62.0, -999.0, 61.0, 58.0, 58.0, 59.81, 58.0, 58.0, 58.0, 63.12, 62.99, 62.96], [62.0, 62.0, 62.0, 62.0, 62.0, 62.0, 62.0, 62.0, 62.0, 62.0, -999.0, 58.0, 58.0, 63.88, 61.29, 61.28, 61.21, 62.32, 62.16, 62.06], [62.0, 62.0, 62.0, 62.0, 62.0, 62.0, 62.0, 62.0, 62.0, 62.0, -999.0, 67.0, 67.0, 67.0, 62.05, 62.03, 61.88, 63.01, 62.77, 62.58], [62.0, 62.0, 62.0, 62.0, 62.0, 62.0, 62.0, 67.0, 67.0, 67.0, 67.0, 67.0, 67.0, 67.0, 67.0, 62.88, 62.61, 63.65, 63.33, 63.06], [62.0, 62.0, 65.15, 65.2, 65.3, 67.0, 67.0, 67.0, 67.0, 67.0, 67.0, 67.0, 67.0, 67.0, 67.0, 65.9, 65.73, 66.03, 63.85, 63.62], [65.21, 65.24, 63.76, 63.85, 67.0, 67.0, 67.0, 67.0, 67.0, 67.0, 67.0, 67.0, 67.0, 67.0, 66.67, 67.1, 67.13, 67.17, 67.2, 67.23], [63.78, 63.84, 63.93, 64.06, 67.0, 67.0, 67.0, 67.0, 67.0, 67.0, 67.0, 67.0, 67.0, 66.68, 66.95, 67.08, 67.13, 67.17, 67.2, 67.24], [63.88, 63.96, 64.08, 67.0, 67.0, 67.0, 67.0, 67.0, 67.0, 67.0, 68.11, 68.16, 66.46, 66.55, 67.07, 67.09, 67.13, 67.17, 67.21, 67.25], [63.95, 64.03, 70.43, 70.26, 70.04, 69.72, 69.24, 67.99, 67.67, 68.04, 68.32, 68.38, 66.33, 66.32, 67.1, 67.1, 67.12, 67.16, 67.22, 67.26], [70.66, 70.57, 70.46, 69.48, 69.36, 69.18, 68.95, 68.71, 68.41, 68.57, 68.71, 68.71, 66.18, 67.13, 67.1, 67.08, 67.09, 67.14, 67.23, 67.29], [69.8, 69.77, 69.74, 69.7, 69.64, 69.59, 69.53, 69.78, 69.15, 69.24, 69.25, 69.16, 68.0, 67.14, 67.08, 67.01, 66.97, 67.09, 67.25, 67.35], [69.9, 69.9, 69.91, 70.19, 70.2, 70.23, 70.3, 70.44, 70.62, 70.75, 70.76, 68.86, 69.41, 67.16, 67.08, 66.88, 66.6, 67.0, 67.36, 67.45], [70.3, 70.31, 70.33, 70.37, 70.43, 70.54, 70.71, 70.98, 71.33, 71.51, 71.32, 70.29, 69.56, 68.9, 68.26, 66.92, 65.57, 67.55, 67.69, 67.6], [70.38, 70.41, 70.45, 70.52, 70.61, 70.76, 70.99, 71.35, 71.93, 72.39, 71.77, 70.55, 69.71, 69.04, 68.47, 68.05, 68.0, 68.9, 68.0, 67.73], [70.45, 70.49, 70.55, 70.63, 70.74, 70.9, 71.12, 71.46, 71.96, 72.35, 71.41, 70.63, 69.89, 69.19, 68.72, 68.17, 68.33, 68.51, 67.95, 67.76], [70.51, 70.55, 70.62, 70.7, 70.81, 70.96, 71.14, 71.37, 71.59, 71.67, 71.06, 70.58, 70.02, 68.77, 68.52, 68.39, 68.38, 68.41, 68.39, 68.35], [70.55, 70.6, 70.67, 70.75, 70.85, 70.97, 71.1, 71.23, 71.31, 70.98, 70.84, 71.59, 71.61, 71.59, 68.73, 68.56, 68.48, 68.45, 68.43, 68.4], [70.59, 70.64, 70.7, 70.78, 70.86, 70.95, 71.05, 71.13, 71.16, 70.86, 71.17, 71.41, 71.52, 71.55, 68.9, 68.71, 68.59, 68.53, 68.49, 68.46], [70.61, 70.66, 70.72, 70.79, 70.86, 70.93, 71.0, 71.05, 71.54, 71.36, 71.24, 71.38, 71.49, 71.53, 69.01, 68.82, 68.69, 68.61, 68.55, 68.52], [70.63, 70.68, 70.73, 70.79, 70.85, 70.91, 70.96, 71.0, 71.54, 71.45, 71.4, 71.44, 71.49, 71.52, 69.07, 68.9, 68.77, 68.68, 68.62, 68.57], [70.64, 70.68, 70.73, 70.78, 70.83, 70.88, 70.92, 71.62, 71.56, 71.51, 71.48, 71.49, 71.51, 71.53, 69.1, 68.95, 68.83, 68.74, 68.67, 68.62]]}