gis_exercise/awsData/contour/humi_2023090707.json
{"header": {"refTime": "2023-09-07T07:00:00.000Z", "nx": 21, "ny": 33, "lo1": 113.509, "la1": 22.2235, "lo2": 113.5947, "la2": 22.1034, "dx": 0.0042850000000001385, "dy": 0.003753125000000024, "parameterCategory": 0, "parameterCategoryName": "Temperature", "parameterNumber": 0}, "z": [[81.77, 81.81, 81.85, 82.41, 82.44, 82.02, 82.1, 82.17, 82.19, 82.49, 82.39, 82.28, 81.48, 81.4, 81.89, 81.88, 81.09, 81.11, 81.13, 81.14], [81.75, 81.78, 81.82, 81.88, 82.43, 82.48, 82.15, 82.31, 82.41, 82.57, 82.39, 82.23, 81.43, 81.34, 81.83, 81.07, 81.11, 81.14, 81.16, 81.17], [81.72, 81.75, 81.79, 81.84, 82.4, 82.45, 82.54, 82.42, 82.85, 82.63, 82.35, 82.13, 81.33, 81.25, 81.03, 81.08, 81.14, 81.18, 81.2, 81.21], [81.69, 81.71, 81.74, 81.78, 81.84, 82.39, 82.46, 82.59, 82.71, 82.54, 82.26, 81.95, 81.19, 81.17, 81.03, 81.11, 81.19, 81.24, 81.26, 81.26], [81.65, 81.66, 81.68, 81.71, 81.75, 82.3, 82.33, 82.38, 82.43, 82.43, 82.18, 81.2, 81.07, 81.12, 81.03, 81.15, 81.27, 81.34, 81.34, 81.31], [81.61, 81.61, 81.62, 81.62, 81.64, 81.66, 82.16, 82.14, 82.19, 82.32, 81.5, 81.24, 81.09, 80.67, 81.02, 81.21, 81.41, 81.5, 81.45, 81.37], [81.0, 81.56, 81.55, 81.54, 81.53, 81.52, 81.51, 81.85, 81.87, 81.73, 81.85, 81.26, 80.43, 80.49, 81.0, 81.27, 81.62, 81.75, 81.82, 81.75], [81.0, 81.0, 81.0, 81.0, 81.0, 81.45, 81.45, 81.36, 81.17, 81.85, 82.49, 80.92, 80.9, 80.5, 81.26, 81.04, 81.48, 81.63, 81.39, 81.22], [81.0, 81.0, 81.0, 81.0, 81.0, 81.0, 81.0, 81.44, 81.64, 81.64, 81.85, 81.41, 81.19, 81.48, 81.2, 80.96, 81.21, 81.32, 81.26, 81.16], [81.0, 81.0, 81.0, 81.0, 81.0, 81.0, 81.0, 81.0, 82.14, 82.03, 81.18, 81.68, 81.52, 81.6, 81.2, 80.87, 81.04, 81.12, 81.12, 81.09], [81.0, 81.0, 81.0, 81.0, 81.0, 81.0, 81.0, 81.0, 81.0, 81.68, 83.0, 81.86, 81.72, 81.71, 81.22, 80.81, 80.93, 81.0, 81.01, 81.0], [81.0, 81.0, 81.0, 81.0, 81.0, 81.0, 81.0, 81.0, 81.0, -999.0, 83.0, 80.0, 80.0, 81.81, 81.24, 80.74, 80.81, 84.27, 84.22, 84.2], [81.0, 81.0, 81.0, 81.0, 81.0, 81.0, 81.0, 81.0, 81.0, 81.0, -999.0, 80.0, 80.0, 83.92, 82.19, 83.46, 83.43, 83.92, 83.85, 83.81], [81.0, 81.0, 81.0, 81.0, 81.0, 81.0, 81.0, 81.0, 81.0, 81.0, -999.0, 86.0, 86.0, 86.0, 82.7, 83.79, 83.73, 84.23, 84.12, 84.04], [81.0, 81.0, 81.0, 81.0, 81.0, 81.0, 81.0, 85.0, 85.0, 85.0, 85.0, 85.38, 86.0, 86.0, 86.0, 84.17, 84.05, 84.51, 84.37, 84.25], [81.0, 81.0, 83.52, 83.56, 83.64, 85.0, 85.0, 85.0, 85.0, 85.0, 85.63, 85.56, 85.65, 85.74, 85.64, 84.9, 84.73, 85.03, 84.14, 84.01], [83.57, 83.59, 82.41, 82.48, 85.0, 85.0, 85.0, 85.0, 85.0, 85.0, 85.43, 85.55, 85.68, 85.8, 85.55, 86.38, 86.52, 86.63, 86.72, 86.8], [82.43, 82.48, 82.55, 82.65, 85.0, 85.0, 85.0, 85.0, 85.0, 85.25, 85.39, 85.54, 85.69, 85.55, 85.93, 86.33, 86.52, 86.65, 86.75, 86.83], [82.51, 82.57, 82.66, 85.0, 85.0, 85.0, 85.0, 85.0, 85.09, 85.19, 85.29, 85.41, 85.18, 85.38, 86.29, 86.42, 86.57, 86.69, 86.79, 86.87], [82.56, 82.63, 85.0, 85.0, 85.0, 85.0, 85.0, 85.0, 85.09, 85.17, 85.27, 85.37, 85.03, 85.1, 86.5, 86.56, 86.65, 86.76, 86.85, 86.93], [85.0, 85.0, 85.0, 85.0, 85.0, 85.0, 85.0, 85.0, 85.16, 85.2, 85.26, 85.34, 84.87, 86.64, 86.63, 86.65, 86.7, 86.81, 86.92, 87.01], [85.0, 85.0, 85.0, 85.0, 85.0, 85.0, 85.0, 84.65, 85.17, 85.2, 85.24, 85.3, 84.72, 86.74, 86.71, 86.65, 86.64, 86.81, 87.01, 87.12], [85.0, 85.0, 85.0, 84.49, 84.52, 84.55, 84.57, 84.6, 84.62, 84.61, 84.58, 84.47, 86.41, 86.83, 86.76, 86.56, 86.25, 86.76, 87.2, 87.29], [84.42, 84.43, 84.44, 84.46, 84.48, 84.5, 84.53, 84.58, 84.63, 84.65, 84.58, 84.01, 86.39, 86.59, 86.69, 86.66, 84.99, 87.52, 87.66, 87.51], [84.4, 84.4, 84.41, 84.42, 84.43, 84.45, 84.49, 84.56, 84.69, 84.81, 84.6, 84.04, 83.83, 86.64, 86.85, 87.09, 88.1, 89.26, 88.07, 87.68], [84.37, 84.37, 84.38, 84.38, 84.38, 84.4, 84.42, 84.48, 84.62, 84.74, 84.26, 83.97, 83.79, 86.68, 86.96, 86.99, 87.62, 87.96, 87.98, 87.71], [84.35, 84.34, 84.34, 84.33, 84.33, 84.32, 84.32, 84.33, 84.35, 84.32, 83.95, 83.81, 83.71, 85.91, 86.36, 86.79, 87.17, 87.36, 87.31, 87.16], [84.32, 84.31, 84.3, 84.29, 84.27, 84.25, 84.22, 84.16, 84.06, 83.69, 83.58, 84.92, 85.54, 86.22, 86.13, 86.51, 86.81, 86.98, 87.02, 86.97], [84.3, 84.29, 84.27, 84.25, 84.22, 84.18, 84.12, 84.03, 83.85, 83.39, 83.52, 84.47, 85.26, 85.95, 85.91, 86.27, 86.53, 86.7, 86.77, 86.78], [84.28, 84.26, 84.24, 84.22, 84.18, 84.13, 84.06, 83.95, 84.61, 84.12, 83.83, 84.48, 85.18, 85.8, 85.74, 86.07, 86.31, 86.48, 86.57, 86.61], [84.26, 84.24, 84.22, 84.19, 84.15, 84.1, 84.03, 83.93, 84.77, 84.54, 84.49, 84.8, 85.27, 85.76, 85.64, 85.93, 86.15, 86.31, 86.41, 86.47], [84.24, 84.23, 84.2, 84.17, 84.13, 84.09, 84.03, 85.13, 84.99, 84.89, 84.91, 85.11, 85.43, 85.79, 85.6, 85.84, 86.04, 86.18, 86.29, 86.36]]}