gis_exercise/awsData/contour/humi_2023090612.json
{"header": {"refTime": "2023-09-06T12:00:00.000Z", "nx": 21, "ny": 33, "lo1": 113.509, "la1": 22.2235, "lo2": 113.5947, "la2": 22.1034, "dx": 0.0042850000000001385, "dy": 0.003753125000000024, "parameterCategory": 0, "parameterCategoryName": "Temperature", "parameterNumber": 0}, "z": [[72.62, 72.7, 72.81, 73.96, 74.07, 72.82, 73.07, 73.3, 73.36, 74.04, 73.65, 73.26, 70.82, 70.53, 73.11, 73.22, 70.68, 70.86, 70.98, 71.07], [72.56, 72.64, 72.75, 72.89, 74.03, 74.2, 73.26, 73.77, 74.06, 74.32, 73.66, 73.09, 70.61, 70.31, 72.92, 70.52, 70.8, 71.02, 71.16, 71.24], [72.49, 72.56, 72.65, 72.78, 73.95, 74.12, 74.42, 74.13, 75.53, 74.56, 73.53, 72.74, 70.26, 70.01, 70.21, 70.61, 70.98, 71.25, 71.41, 71.46], [72.4, 72.45, 72.52, 72.63, 72.78, 73.93, 74.18, 74.6, 74.99, 74.21, 73.17, 72.12, 69.75, 69.5, 70.18, 70.76, 71.28, 71.62, 71.75, 71.74], [72.31, 72.33, 72.37, 72.43, 72.52, 73.65, 73.74, 73.91, 74.06, 73.71, 72.84, 69.6, 69.2, 69.37, 70.2, 71.03, 71.78, 72.2, 72.23, 72.07], [72.2, 72.2, 72.2, 72.21, 72.23, 72.25, 73.23, 73.16, 73.27, 73.58, 70.49, 69.73, 69.28, 68.0, 70.28, 71.45, 72.63, 73.13, 72.84, 72.43], [70.55, 72.07, 72.04, 72.01, 71.96, 71.88, 71.52, 72.31, 72.32, 71.52, 71.73, 69.78, 67.29, 67.47, 70.34, 71.87, 73.83, 74.56, 74.71, 74.27], [70.57, 70.58, 70.58, 70.57, 70.55, 71.51, 71.41, 71.05, 70.33, 71.88, 73.55, 68.76, 68.71, 67.51, 72.28, 71.19, 73.38, 74.17, 72.93, 72.09], [70.43, 70.44, 70.62, 70.63, 70.64, 70.6, 70.48, 71.33, 71.59, 71.28, 71.54, 70.22, 69.57, 70.43, 72.02, 70.79, 72.07, 72.6, 72.29, 71.82], [71.0, 71.0, 71.0, 70.53, 70.6, 70.77, 70.65, 70.48, 72.84, 72.56, 69.53, 71.03, 70.55, 70.79, 72.01, 70.37, 71.18, 71.61, 71.62, 71.43], [71.0, 71.0, 71.0, 71.0, 71.0, 71.0, 71.0, 71.0, 70.65, 71.71, 75.0, 71.57, 71.16, 71.14, 72.12, 70.04, 70.63, 70.98, 71.06, 70.99], [71.0, 71.0, 71.0, 71.0, 71.0, 71.0, 71.0, 71.0, 71.0, -999.0, 75.0, 66.0, 66.0, 71.42, 72.22, 69.7, 70.06, 76.57, 76.55, 76.55], [71.0, 71.0, 71.0, 71.0, 71.0, 71.0, 71.0, 71.0, 71.0, 71.0, -999.0, 66.0, 66.0, 73.18, 70.02, 76.36, 76.36, 76.48, 76.46, 76.45], [71.0, 71.0, 71.0, 71.0, 71.0, 71.0, 71.0, 71.0, 71.0, 71.0, -999.0, 77.0, 77.0, 77.0, 70.95, 76.45, 76.43, 76.56, 76.53, 76.51], [71.0, 71.0, 71.0, 71.0, 71.0, 71.0, 71.0, 68.0, 68.0, 68.0, 68.0, 71.46, 77.0, 77.0, 77.0, 76.54, 76.51, 76.63, 76.59, 76.56], [71.0, 71.0, 69.11, 69.08, 69.02, 68.0, 68.0, 68.0, 68.0, 68.0, 73.66, 73.02, 73.89, 74.63, 73.79, 74.8, 74.47, 75.05, 75.1, 74.97], [69.07, 69.06, 69.94, 69.89, 68.0, 68.0, 68.0, 68.0, 68.0, 68.0, 71.87, 72.99, 74.16, 75.24, 75.26, 75.93, 75.55, 75.26, 75.05, 74.91], [69.93, 69.89, 69.84, 69.76, 68.0, 68.0, 68.0, 68.0, 68.0, 70.29, 71.49, 72.84, 74.25, 75.18, 76.75, 76.04, 75.5, 75.16, 74.95, 74.81], [69.87, 69.82, 69.75, 68.0, 68.0, 68.0, 68.0, 68.0, 68.81, 69.75, 71.71, 72.88, 73.45, 74.59, 76.11, 75.72, 75.26, 74.96, 74.78, 74.68], [69.83, 69.78, 71.43, 71.26, 71.04, 70.72, 70.24, 68.99, 69.51, 70.59, 71.76, 72.75, 72.98, 73.68, 75.39, 75.16, 74.87, 74.67, 74.56, 74.52], [71.66, 71.57, 71.46, 70.48, 70.36, 70.18, 69.95, 69.71, 70.81, 71.33, 72.05, 72.74, 72.56, 74.94, 74.82, 74.61, 74.41, 74.31, 74.32, 74.35], [70.8, 70.77, 70.74, 70.7, 70.64, 70.59, 70.53, 70.78, 71.72, 72.02, 72.42, 72.84, 74.11, 74.58, 74.37, 74.11, 73.91, 73.93, 74.08, 74.21], [70.9, 70.9, 70.91, 71.19, 71.2, 71.23, 71.3, 71.44, 71.62, 71.75, 71.76, 71.44, 73.59, 74.33, 74.07, 73.68, 73.27, 73.56, 73.95, 74.13], [71.3, 71.31, 71.33, 71.37, 71.43, 71.54, 71.71, 71.98, 72.33, 72.51, 72.32, 72.76, 73.62, 73.53, 73.4, 73.52, 72.24, 73.75, 74.04, 74.14], [71.38, 71.41, 71.45, 71.52, 71.61, 71.76, 71.99, 72.35, 72.93, 73.39, 72.77, 72.82, 72.53, 73.58, 73.51, 73.49, 74.08, 74.68, 74.23, 74.19], [71.45, 71.49, 71.55, 71.63, 71.74, 71.9, 72.12, 72.46, 72.96, 73.35, 73.14, 72.78, 72.52, 73.64, 73.62, 73.37, 73.67, 73.85, 74.25, 74.23], [71.51, 71.55, 71.62, 71.7, 71.81, 71.96, 72.14, 72.37, 72.59, 72.67, 72.82, 72.63, 72.47, 72.98, 73.14, 73.31, 73.48, 73.57, 73.54, 73.47], [71.55, 71.6, 71.67, 71.75, 71.85, 71.97, 72.1, 72.23, 72.31, 72.59, 72.47, 73.18, 73.47, 73.76, 73.06, 73.21, 73.33, 73.41, 73.42, 73.39], [71.59, 71.64, 71.7, 71.78, 71.86, 71.95, 72.05, 72.13, 72.16, 72.31, 72.33, 72.88, 73.29, 73.62, 72.99, 73.12, 73.23, 73.29, 73.32, 73.32], [71.61, 71.66, 71.72, 71.79, 71.86, 71.93, 72.0, 72.05, 73.02, 72.7, 72.51, 72.87, 73.24, 73.53, 72.93, 73.05, 73.14, 73.2, 73.24, 73.25], [71.63, 71.68, 71.73, 71.79, 71.85, 71.91, 71.96, 72.0, 73.09, 72.93, 72.89, 73.04, 73.28, 73.52, 72.9, 73.0, 73.08, 73.14, 73.18, 73.2], [71.64, 71.68, 71.73, 71.78, 71.83, 71.88, 71.92, 73.29, 73.2, 73.12, 73.12, 73.21, 73.36, 73.53, 72.88, 72.97, 73.04, 73.09, 73.13, 73.15]]}