gis_exercise/awsData/contour/humi_2023091112.json
{"header": {"refTime": "2023-09-11T12:00:00.000Z", "nx": 21, "ny": 33, "lo1": 113.509, "la1": 22.2235, "lo2": 113.5947, "la2": 22.1034, "dx": 0.0042850000000001385, "dy": 0.003753125000000024, "parameterCategory": 0, "parameterCategoryName": "Temperature", "parameterNumber": 0}, "z": [[97.11, 97.14, 97.19, 98.26, 98.25, 97.07, 97.12, 97.15, 97.13, 97.18, 96.99, 96.79, 95.93, 95.82, 94.34, 94.15, 93.47, 93.4, 93.34, 93.3], [97.08, 97.12, 97.17, 97.23, 98.24, 98.22, 97.2, 97.32, 97.37, 97.3, 96.98, 96.69, 95.79, 95.69, 94.23, 93.54, 93.42, 93.32, 93.26, 93.23], [97.04, 97.08, 97.13, 97.2, 98.25, 98.23, 98.19, 97.46, 97.85, 97.4, 96.91, 96.48, 95.56, 95.49, 93.67, 93.49, 93.33, 93.21, 93.14, 93.12], [97.0, 97.03, 97.08, 97.15, 97.23, 98.24, 98.21, 98.17, 98.13, 97.28, 96.74, 96.11, 95.16, 95.44, 93.67, 93.42, 93.19, 93.04, 92.98, 92.99], [96.95, 96.97, 97.01, 97.07, 97.16, 98.25, 98.24, 98.23, 98.25, 97.15, 96.65, 95.37, 94.58, 95.27, 93.67, 93.31, 92.96, 92.78, 92.76, 92.84], [96.88, 96.9, 96.93, 96.97, 97.05, 97.17, 98.26, 98.26, 98.3, 98.39, 96.46, 95.77, 95.13, 94.67, 93.65, 93.12, 92.58, 92.35, 92.48, 92.68], [96.34, 96.81, 96.81, 96.84, 96.91, 97.04, 97.5, 98.24, 98.28, 98.07, 98.04, 96.46, 95.14, 95.02, 93.66, 92.94, 92.02, 91.67, 91.55, 91.74], [96.28, 96.27, 96.26, 96.28, 96.35, 97.09, 97.38, 97.74, 98.0, 98.18, 98.57, 96.92, 96.9, 94.99, 92.86, 93.4, 92.31, 91.92, 92.54, 92.96], [96.72, 96.67, 96.14, 96.1, 96.08, 96.19, 96.56, 97.5, 98.32, 98.0, 97.85, 97.41, 97.19, 97.48, 92.99, 93.61, 92.97, 92.7, 92.85, 93.09], [95.0, 95.0, 95.0, 96.4, 96.21, 95.68, 96.05, 96.56, 98.57, 98.51, 97.18, 97.68, 97.52, 97.6, 93.0, 93.81, 93.41, 93.2, 93.19, 93.28], [95.0, 95.0, 95.0, 95.0, 95.0, 95.0, 95.0, 95.0, 96.06, 98.34, 99.0, 97.86, 97.72, 97.71, 92.94, 93.98, 93.68, 93.51, 93.47, 93.5], [95.0, 95.0, 95.0, 95.0, 95.0, 95.0, 95.0, 95.0, 95.0, -999.0, 99.0, 96.0, 96.0, 97.81, 92.89, 94.15, 93.97, 95.55, 95.44, 95.41], [95.0, 95.0, 95.0, 95.0, 95.0, 95.0, 95.0, 95.0, 95.0, 95.0, -999.0, 96.0, 96.0, 97.96, 97.1, 93.91, 93.85, 94.84, 94.7, 94.61], [95.0, 95.0, 95.0, 95.0, 95.0, 95.0, 95.0, 95.0, 95.0, 95.0, -999.0, 99.0, 99.0, 99.0, 97.35, 94.58, 94.45, 95.46, 95.24, 95.08], [95.0, 95.0, 95.0, 95.0, 95.0, 95.0, 95.0, 94.0, 94.0, 94.0, 94.0, 95.92, 99.0, 99.0, 99.0, 95.34, 95.1, 96.02, 95.73, 95.5], [95.0, 95.0, 94.37, 94.36, 94.34, 94.0, 94.0, 94.0, 94.0, 94.0, 97.15, 96.79, 97.27, 97.68, 97.22, 96.8, 96.47, 97.05, 95.29, 95.02], [94.36, 94.35, 94.65, 94.63, 94.0, 94.0, 94.0, 94.0, 94.0, 94.0, 96.15, 96.77, 97.42, 98.02, 97.73, 97.65, 97.17, 96.79, 96.53, 96.34], [94.64, 94.63, 94.61, 94.59, 94.0, 94.0, 94.0, 94.0, 94.0, 95.27, 95.94, 96.69, 97.47, 97.7, 98.81, 97.8, 97.11, 96.68, 96.4, 96.22], [94.62, 94.61, 94.58, 94.0, 94.0, 94.0, 94.0, 94.0, 94.45, 94.97, 96.0, 96.64, 96.54, 97.26, 97.89, 97.39, 96.82, 96.43, 96.2, 96.06], [94.61, 94.59, 95.71, 95.63, 95.52, 95.36, 95.12, 94.49, 94.8, 95.38, 96.01, 96.56, 96.17, 96.55, 96.99, 96.7, 96.34, 96.07, 95.92, 95.85], [95.83, 95.79, 95.73, 95.24, 95.18, 95.09, 94.98, 94.86, 95.48, 95.76, 96.15, 96.54, 95.8, 96.43, 96.29, 96.04, 95.79, 95.65, 95.62, 95.64], [95.4, 95.38, 95.37, 95.35, 95.32, 95.29, 95.27, 95.04, 95.95, 96.11, 96.33, 96.57, 96.43, 95.98, 95.75, 95.46, 95.23, 95.21, 95.32, 95.43], [95.45, 95.45, 95.45, 95.09, 95.12, 95.16, 95.23, 95.32, 95.43, 95.49, 95.46, 95.06, 95.37, 95.66, 95.38, 94.99, 94.62, 94.8, 95.11, 95.29], [95.07, 95.09, 95.11, 95.14, 95.19, 95.27, 95.39, 95.57, 95.8, 95.91, 95.75, 95.27, 95.44, 95.14, 94.85, 94.78, 93.82, 94.78, 95.07, 95.23], [95.09, 95.11, 95.14, 95.18, 95.24, 95.33, 95.48, 95.73, 96.15, 96.51, 95.99, 95.34, 94.94, 95.2, 94.94, 94.75, 94.98, 95.32, 95.17, 95.24], [95.1, 95.12, 95.15, 95.19, 95.25, 95.34, 95.48, 95.71, 96.1, 96.42, 95.77, 95.27, 94.92, 95.27, 95.06, 94.48, 94.65, 94.75, 95.22, 95.28], [95.1, 95.12, 95.15, 95.19, 95.24, 95.3, 95.4, 95.52, 95.65, 95.65, 95.3, 95.04, 94.83, 94.33, 94.39, 94.47, 94.55, 94.6, 94.59, 94.55], [95.1, 95.12, 95.14, 95.17, 95.2, 95.23, 95.27, 95.28, 95.22, 94.93, 94.76, 95.18, 95.34, 95.47, 94.37, 94.43, 94.49, 94.52, 94.52, 94.51], [95.09, 95.11, 95.12, 95.14, 95.15, 95.16, 95.15, 95.09, 94.93, 94.5, 94.33, 94.85, 95.17, 95.36, 94.35, 94.4, 94.44, 94.47, 94.48, 94.48], [95.08, 95.09, 95.1, 95.11, 95.11, 95.1, 95.06, 94.98, 95.05, 94.71, 94.5, 94.82, 95.1, 95.29, 94.33, 94.37, 94.41, 94.43, 94.44, 94.45], [95.08, 95.08, 95.08, 95.08, 95.08, 95.05, 95.01, 94.94, 95.09, 94.92, 94.85, 94.96, 95.13, 95.28, 94.31, 94.35, 94.38, 94.4, 94.42, 94.43], [95.07, 95.07, 95.07, 95.06, 95.05, 95.03, 94.99, 95.26, 95.16, 95.07, 95.04, 95.1, 95.19, 95.3, 94.31, 94.34, 94.36, 94.38, 94.4, 94.41]]}