gis_exercise/awsData/contour/humi_2023090510.json
{"header": {"refTime": "2023-09-05T10:00:00.000Z", "nx": 21, "ny": 33, "lo1": 113.509, "la1": 22.2235, "lo2": 113.5947, "la2": 22.1034, "dx": 0.0042850000000001385, "dy": 0.003753125000000024, "parameterCategory": 0, "parameterCategoryName": "Temperature", "parameterNumber": 0}, "z": [[58.7, 58.71, 58.73, 59.0, 59.0, 57.61, 57.68, 57.73, 57.69, 57.12, 56.67, 56.22, 55.42, 55.22, 55.09, 55.0, 53.62, 53.65, 53.66, 53.67], [58.69, 58.71, 58.72, 58.74, 59.0, 59.0, 57.81, 57.98, 58.05, 57.45, 56.7, 56.04, 55.22, 55.03, 54.93, 53.59, 53.63, 53.66, 53.67, 53.69], [58.68, 58.69, 58.71, 58.73, 59.0, 59.0, 59.0, 58.18, 58.78, 57.71, 56.56, 55.66, 54.88, 54.74, 53.54, 53.6, 53.64, 53.67, 53.69, 53.7], [58.67, 58.68, 58.69, 58.72, 58.74, 59.0, 59.0, 59.0, 59.0, 57.3, 56.1, 55.01, 54.34, 53.29, 53.53, 53.61, 53.67, 53.7, 53.72, 53.73], [58.65, 58.66, 58.67, 58.69, 58.72, 59.0, 59.0, 59.0, 59.0, 55.59, 55.54, 53.37, 53.1, 53.26, 53.53, 53.64, 53.71, 53.75, 53.76, 53.75], [58.63, 58.63, 58.64, 58.66, 58.68, 58.72, 59.0, 59.0, 59.0, 59.0, 53.6, 53.34, 53.23, 53.33, 53.59, 53.69, 53.78, 53.82, 53.8, 53.78], [58.45, 58.6, 58.6, 58.61, 58.64, 58.68, 58.5, 59.0, 59.0, 56.44, 57.02, 53.47, 53.57, 53.51, 53.66, 53.75, 53.87, 53.91, 53.82, 53.75], [58.43, 58.42, 58.42, 58.43, 58.45, 58.51, 58.63, 58.72, 58.42, 56.66, 56.84, 54.0, 54.0, 53.5, 54.0, 54.0, 54.0, 54.0, 54.0, 54.0], [58.57, 58.56, 58.38, 58.37, 58.36, 58.4, 58.52, 58.7, 59.0, 56.35, 54.0, 54.0, 54.0, 54.0, 54.0, 54.0, 54.0, 54.0, 54.0, 54.0], [58.0, 58.0, 58.0, 58.47, 58.4, 58.23, 58.35, 58.52, 59.0, 59.0, 54.0, 54.0, 54.0, 54.0, 54.0, 54.0, 54.0, 54.0, 54.0, 54.0], [58.0, 58.0, 58.0, 58.0, 58.0, 58.0, 58.0, 58.0, 58.35, 59.0, -999.0, 54.0, 54.0, 54.0, 54.0, 54.0, 54.0, 54.0, 54.0, 54.0], [58.0, 58.0, 58.0, 58.0, 58.0, 58.0, 58.0, 58.0, 58.0, -999.0, -999.0, 54.0, 54.0, 54.0, 54.0, 54.0, 54.0, 59.68, 59.55, 59.51], [58.0, 58.0, 58.0, 58.0, 58.0, 58.0, 58.0, 58.0, 58.0, 58.0, -999.0, 54.0, 54.0, 60.53, 57.66, 57.64, 57.57, 58.8, 58.62, 58.51], [58.0, 58.0, 58.0, 58.0, 58.0, 58.0, 58.0, 58.0, 58.0, 58.0, -999.0, 64.0, 64.0, 64.0, 58.5, 58.47, 58.31, 59.57, 59.3, 59.09], [58.0, 58.0, 58.0, 58.0, 58.0, 58.0, 58.0, 59.0, 59.0, 59.0, 59.0, 60.92, 64.0, 64.0, 64.0, 59.42, 59.12, 60.28, 59.92, 59.62], [58.0, 58.0, 58.63, 58.64, 58.66, 59.0, 59.0, 59.0, 59.0, 59.0, 62.15, 61.79, 62.27, 62.68, 62.22, 61.8, 61.47, 62.05, 59.77, 59.47], [58.64, 58.65, 58.35, 58.37, 59.0, 59.0, 59.0, 59.0, 59.0, 59.0, 61.15, 61.77, 62.42, 63.02, 62.73, 62.65, 62.17, 61.79, 61.53, 61.34], [58.36, 58.37, 58.39, 58.41, 59.0, 59.0, 59.0, 59.0, 59.0, 60.27, 60.94, 61.69, 62.47, 62.7, 63.81, 62.8, 62.11, 61.68, 61.4, 61.22], [58.38, 58.39, 58.42, 59.0, 59.0, 59.0, 59.0, 59.0, 59.45, 59.97, 60.63, 61.26, 61.54, 62.26, 62.89, 62.39, 61.82, 61.43, 61.2, 61.06], [58.39, 58.41, 59.57, 59.54, 59.51, 59.45, 59.37, 59.16, 59.58, 60.03, 60.57, 61.1, 61.17, 61.55, 61.99, 61.7, 61.34, 61.07, 60.92, 60.85], [59.61, 59.6, 59.58, 59.41, 59.39, 59.36, 59.33, 59.29, 60.01, 60.24, 60.58, 60.97, 60.8, 61.43, 61.29, 61.04, 60.79, 60.65, 60.62, 60.64], [59.47, 59.46, 59.46, 59.45, 59.44, 59.43, 59.42, 59.7, 60.23, 60.37, 60.58, 60.85, 60.78, 60.98, 60.75, 60.46, 60.23, 60.21, 60.32, 60.43], [59.48, 59.48, 59.48, 59.87, 59.85, 59.84, 59.83, 59.84, 59.86, 59.88, 59.91, 59.18, 59.63, 60.66, 60.38, 59.99, 59.62, 59.8, 60.11, 60.29], [59.94, 59.93, 59.93, 59.92, 59.92, 59.92, 59.93, 59.94, 59.97, 59.98, 60.0, 59.76, 59.65, 59.57, 59.48, 59.78, 58.82, 59.78, 60.07, 60.23], [59.96, 59.97, 59.97, 59.97, 59.98, 59.99, 60.01, 60.02, 60.03, 60.02, 60.06, 59.84, 59.68, 59.61, 59.55, 59.52, 59.98, 60.32, 60.17, 60.24], [59.99, 60.0, 60.01, 60.02, 60.03, 60.05, 60.07, 60.09, 60.08, 60.06, 60.01, 59.94, 59.79, 59.64, 59.61, 59.79, 59.86, 59.93, 60.22, 60.28], [60.02, 60.03, 60.04, 60.06, 60.08, 60.11, 60.14, 60.17, 60.2, 60.23, 60.14, 60.07, 59.92, 60.04, 59.94, 59.88, 59.88, 59.89, 59.88, 59.86], [60.04, 60.06, 60.08, 60.1, 60.13, 60.16, 60.21, 60.26, 60.34, 60.35, 60.4, 60.7, 60.7, 60.71, 60.03, 59.96, 59.92, 59.91, 59.9, 59.89], [60.07, 60.08, 60.1, 60.13, 60.16, 60.2, 60.26, 60.34, 60.46, 60.58, 60.91, 60.79, 60.74, 60.73, 60.1, 60.02, 59.97, 59.94, 59.92, 59.91], [60.08, 60.1, 60.12, 60.15, 60.19, 60.23, 60.29, 60.38, 60.73, 60.82, 60.88, 60.81, 60.76, 60.74, 60.15, 60.07, 60.01, 59.98, 59.95, 59.94], [60.1, 60.12, 60.14, 60.17, 60.21, 60.25, 60.31, 60.38, 60.73, 60.78, 60.8, 60.78, 60.75, 60.74, 60.17, 60.1, 60.04, 60.01, 59.98, 59.96], [60.11, 60.13, 60.15, 60.18, 60.22, 60.26, 60.3, 60.69, 60.72, 60.74, 60.76, 60.75, 60.74, 60.74, 60.19, 60.12, 60.07, 60.03, 60.0, 59.98]]}