gis_exercise/awsData/contour/humi_2023091022.json
{"header": {"refTime": "2023-09-10T22:00:00.000Z", "nx": 21, "ny": 33, "lo1": 113.509, "la1": 22.2235, "lo2": 113.5947, "la2": 22.1034, "dx": 0.0042850000000001385, "dy": 0.003753125000000024, "parameterCategory": 0, "parameterCategoryName": "Temperature", "parameterNumber": 0}, "z": [[92.4, 92.43, 92.46, 93.77, 93.74, 92.07, 92.12, 92.15, 92.13, 92.57, 92.41, 92.25, 90.93, 90.82, 90.77, 90.77, 90.25, 90.29, 90.32, 90.35], [92.39, 92.41, 92.45, 92.49, 93.73, 93.67, 92.2, 92.32, 92.37, 92.63, 92.38, 92.13, 90.79, 90.69, 90.67, 90.19, 90.26, 90.31, 90.35, 90.37], [92.36, 92.39, 92.42, 92.47, 93.74, 93.68, 93.58, 92.46, 92.85, 92.69, 92.32, 91.91, 90.56, 90.49, 90.08, 90.19, 90.28, 90.35, 90.39, 90.41], [92.33, 92.36, 92.39, 92.43, 92.49, 93.71, 93.63, 93.51, 93.4, 92.66, 92.21, 91.53, 90.16, 90.84, 90.05, 90.22, 90.33, 90.41, 90.44, 90.45], [92.3, 92.32, 92.34, 92.38, 92.44, 93.75, 93.72, 93.7, 93.74, 92.74, 92.23, 90.76, 89.74, 90.6, 90.07, 90.28, 90.42, 90.5, 90.52, 90.5], [92.26, 92.27, 92.28, 92.32, 92.37, 92.45, 93.77, 93.79, 93.91, 94.17, 92.23, 91.27, 90.42, 89.67, 90.17, 90.39, 90.56, 90.64, 90.61, 90.56], [91.89, 92.21, 92.21, 92.23, 92.27, 92.36, 93.26, 93.71, 93.84, 93.99, 94.14, 92.12, 90.14, 90.02, 90.32, 90.5, 90.74, 90.83, 90.63, 90.5], [91.86, 91.85, 91.84, 91.85, 91.9, 92.92, 93.11, 93.25, 93.22, 94.19, 95.17, 92.54, 92.51, 89.99, 91.0, 91.0, 91.0, 91.0, 91.0, 91.0], [92.15, 92.12, 91.76, 91.73, 91.72, 91.8, 92.04, 93.18, 93.96, 93.85, 94.08, 93.34, 92.98, 93.46, 91.0, 91.0, 91.0, 91.0, 91.0, 91.0], [91.0, 91.0, 91.0, 91.94, 91.8, 91.45, 91.7, 92.04, 94.71, 94.54, 92.96, 93.8, 93.53, 93.66, 91.0, 91.0, 91.0, 91.0, 91.0, 91.0], [91.0, 91.0, 91.0, 91.0, 91.0, 91.0, 91.0, 91.0, 91.71, 94.03, 96.0, 94.09, 93.87, 93.85, 91.0, 91.0, 91.0, 91.0, 91.0, 91.0], [91.0, 91.0, 91.0, 91.0, 91.0, 91.0, 91.0, 91.0, 91.0, -999.0, 96.0, 91.0, 91.0, 94.01, 91.0, 91.0, 91.0, 94.41, 94.33, 94.31], [91.0, 91.0, 91.0, 91.0, 91.0, 91.0, 91.0, 91.0, 91.0, 91.0, -999.0, 91.0, 91.0, 94.92, 93.19, 93.18, 93.14, 93.88, 93.77, 93.71], [91.0, 91.0, 91.0, 91.0, 91.0, 91.0, 91.0, 91.0, 91.0, 91.0, -999.0, 97.0, 97.0, 97.0, 93.7, 93.68, 93.59, 94.34, 94.18, 94.06], [91.0, 91.0, 91.0, 91.0, 91.0, 91.0, 91.0, 90.0, 90.0, 90.0, 90.0, 92.69, 97.0, 97.0, 97.0, 94.25, 94.07, 94.77, 94.55, 94.37], [91.0, 91.0, 90.37, 90.36, 90.34, 90.0, 90.0, 90.0, 90.0, 90.0, 94.4, 93.91, 94.58, 95.15, 94.51, 95.9, 95.73, 96.03, 94.63, 94.45], [90.36, 90.35, 90.65, 90.63, 90.0, 90.0, 90.0, 90.0, 90.0, 90.0, 93.01, 93.88, 94.79, 95.63, 95.83, 96.11, 95.8, 95.55, 95.37, 95.25], [90.64, 90.63, 90.61, 90.59, 90.0, 90.0, 90.0, 90.0, 90.0, 91.78, 92.72, 93.77, 94.86, 95.76, 96.83, 96.21, 95.77, 95.48, 95.29, 95.17], [90.62, 90.61, 90.58, 90.0, 90.0, 90.0, 90.0, 90.0, 90.63, 91.36, 92.57, 93.47, 94.54, 95.38, 96.28, 95.95, 95.58, 95.32, 95.16, 95.06], [90.61, 90.59, 91.71, 91.63, 91.52, 91.36, 91.12, 90.49, 90.99, 91.73, 92.55, 93.31, 94.24, 94.8, 95.69, 95.51, 95.27, 95.09, 94.98, 94.93], [91.83, 91.79, 91.73, 91.24, 91.18, 91.09, 90.98, 90.86, 91.79, 92.15, 92.67, 93.21, 94.0, 95.33, 95.25, 95.09, 94.93, 94.83, 94.79, 94.78], [91.4, 91.38, 91.37, 91.35, 91.32, 91.29, 91.27, 91.39, 92.3, 92.51, 92.81, 93.16, 94.74, 95.04, 94.91, 94.75, 94.61, 94.57, 94.59, 94.64], [91.45, 91.45, 91.45, 91.6, 91.6, 91.62, 91.65, 91.72, 91.81, 91.87, 91.88, 92.38, 93.63, 94.83, 94.68, 94.48, 94.32, 94.33, 94.42, 94.52], [91.65, 91.65, 91.67, 91.68, 91.72, 91.77, 91.86, 91.99, 92.16, 92.25, 92.16, 93.0, 93.61, 93.72, 93.81, 94.34, 94.09, 94.16, 94.31, 94.44], [91.69, 91.7, 91.73, 91.76, 91.81, 91.88, 92.0, 92.18, 92.46, 92.7, 92.38, 92.95, 93.02, 93.7, 93.8, 93.88, 94.17, 94.14, 94.29, 94.41], [91.72, 91.74, 91.77, 91.81, 91.87, 91.95, 92.06, 92.23, 92.48, 92.68, 92.87, 92.87, 92.94, 93.69, 93.78, 93.7, 93.79, 93.81, 94.34, 94.42], [91.75, 91.78, 91.81, 91.85, 91.91, 91.98, 92.07, 92.18, 92.3, 92.33, 92.73, 92.75, 92.84, 93.29, 93.45, 93.59, 93.67, 93.71, 93.7, 93.68], [91.78, 91.8, 91.83, 91.87, 91.92, 91.98, 92.05, 92.12, 92.16, 92.55, 92.5, 92.59, 92.73, 92.88, 93.34, 93.48, 93.57, 93.61, 93.63, 93.62], [91.79, 91.82, 91.85, 91.89, 91.93, 91.98, 92.02, 92.06, 92.08, 92.34, 92.16, 92.44, 92.65, 92.81, 93.25, 93.38, 93.47, 93.53, 93.56, 93.57], [91.81, 91.83, 91.86, 91.89, 91.93, 91.97, 92.0, 92.03, 92.51, 92.35, 92.25, 92.43, 92.62, 92.77, 93.18, 93.3, 93.4, 93.46, 93.49, 93.51], [91.82, 91.84, 91.86, 91.89, 91.92, 91.95, 91.98, 92.0, 92.54, 92.47, 92.44, 92.52, 92.64, 92.76, 93.14, 93.25, 93.34, 93.4, 93.44, 93.47], [91.82, 91.84, 91.87, 91.89, 91.92, 91.94, 91.96, 92.64, 92.6, 92.56, 92.56, 92.6, 92.68, 92.77, 93.12, 93.22, 93.3, 93.35, 93.4, 93.42]]}