gis_exercise/awsData/contour/humi_2023090814.json
{"header": {"refTime": "2023-09-08T14:00:00.000Z", "nx": 21, "ny": 33, "lo1": 113.509, "la1": 22.2235, "lo2": 113.5947, "la2": 22.1034, "dx": 0.0042850000000001385, "dy": 0.003753125000000024, "parameterCategory": 0, "parameterCategoryName": "Temperature", "parameterNumber": 0}, "z": [[96.57, 96.64, 96.73, 97.8, 97.88, 97.29, 97.42, 97.55, 97.57, 97.75, 97.45, 97.14, 96.45, 96.31, 95.92, 95.8, 94.64, 94.62, 94.6, 94.59], [96.51, 96.59, 96.68, 96.8, 97.86, 97.99, 97.53, 97.8, 97.95, 97.96, 97.47, 97.03, 96.32, 96.18, 95.81, 94.67, 94.63, 94.6, 94.58, 94.57], [96.45, 96.51, 96.6, 96.72, 97.8, 97.93, 98.14, 98.0, 98.74, 98.14, 97.37, 96.78, 96.11, 96.0, 94.72, 94.66, 94.61, 94.57, 94.55, 94.54], [96.37, 96.42, 96.5, 96.6, 96.75, 97.8, 97.98, 98.26, 98.5, 97.87, 97.07, 96.34, 95.77, 95.0, 94.72, 94.64, 94.57, 94.53, 94.51, 94.51], [96.28, 96.31, 96.36, 96.44, 96.56, 97.6, 97.67, 97.79, 97.87, 96.73, 96.69, 95.0, 95.0, 95.0, 94.72, 94.61, 94.51, 94.46, 94.45, 94.47], [96.17, 96.18, 96.21, 96.25, 96.33, 96.43, 97.31, 97.25, 97.64, 97.83, 95.0, 95.0, 95.0, 95.0, 94.7, 94.55, 94.4, 94.34, 94.37, 94.42], [94.89, 96.04, 96.03, 96.04, 96.07, 96.14, 95.01, 97.13, 97.05, 95.49, 95.6, 95.0, 95.0, 95.0, 94.67, 94.49, 94.26, 94.17, 94.18, 94.25], [94.86, 94.85, 94.84, 94.85, 94.9, 95.02, 95.27, 95.43, 95.88, 95.53, 95.57, 95.0, 95.0, 95.0, 94.37, 94.48, 94.26, 94.18, 94.31, 94.39], [95.15, 95.12, 94.76, 94.73, 94.72, 94.8, 95.04, 95.39, 96.0, 95.47, 95.0, 95.0, 95.0, 95.0, 94.4, 94.52, 94.39, 94.34, 94.37, 94.42], [94.0, 94.0, 94.0, 94.94, 94.8, 94.45, 94.7, 95.04, 96.0, 96.0, 95.0, 95.0, 95.0, 95.0, 94.4, 94.56, 94.48, 94.44, 94.44, 94.46], [94.0, 94.0, 94.0, 94.0, 94.0, 94.0, 94.0, 94.0, 94.71, 96.0, -999.0, 95.0, 95.0, 95.0, 94.39, 94.6, 94.54, 94.5, 94.49, 94.5], [94.0, 94.0, 94.0, 94.0, 94.0, 94.0, 94.0, 94.0, 94.0, -999.0, -999.0, 95.0, 95.0, 95.0, 94.38, 94.63, 94.59, 97.41, 97.33, 97.31], [94.0, 94.0, 94.0, 94.0, 94.0, 94.0, 94.0, 94.0, 94.0, 94.0, -999.0, 95.0, 95.0, 98.26, 96.83, 96.18, 96.14, 96.88, 96.77, 96.71], [94.0, 94.0, 94.0, 94.0, 94.0, 94.0, 94.0, 94.0, 94.0, 94.0, -999.0, 100.0, 100.0, 100.0, 97.25, 96.68, 96.59, 97.34, 97.18, 97.06], [94.0, 94.0, 94.0, 94.0, 94.0, 94.0, 94.0, 96.0, 96.0, 96.0, 96.0, 97.54, 100.0, 100.0, 100.0, 97.25, 97.07, 97.77, 97.55, 97.37], [94.0, 94.0, 95.26, 95.28, 95.32, 96.0, 96.0, 96.0, 96.0, 96.0, 98.52, 98.23, 98.62, 98.95, 98.57, 98.9, 98.73, 99.03, 97.63, 97.45], [95.28, 95.3, 94.71, 94.74, 96.0, 96.0, 96.0, 96.0, 96.0, 96.0, 97.72, 98.22, 98.74, 99.22, 99.19, 99.39, 99.18, 99.01, 98.89, 98.81], [94.71, 94.74, 94.77, 94.83, 96.0, 96.0, 96.0, 96.0, 96.0, 97.02, 97.55, 98.15, 98.78, 99.16, 99.88, 99.46, 99.15, 98.96, 98.84, 98.76], [94.75, 94.79, 94.83, 96.0, 96.0, 96.0, 96.0, 96.0, 96.36, 96.78, 97.89, 98.43, 98.36, 98.88, 99.5, 99.28, 99.02, 98.85, 98.74, 98.69], [94.78, 94.81, 98.29, 98.17, 98.03, 97.81, 97.49, 96.66, 96.82, 97.38, 97.96, 98.42, 98.14, 98.45, 99.09, 98.96, 98.8, 98.68, 98.62, 98.59], [98.44, 98.38, 98.31, 97.65, 97.57, 97.45, 97.3, 97.14, 97.56, 97.83, 98.18, 98.49, 97.93, 98.84, 98.78, 98.66, 98.55, 98.49, 98.48, 98.5], [97.86, 97.85, 97.82, 97.8, 97.76, 97.72, 97.69, 97.56, 98.13, 98.29, 98.46, 98.63, 99.04, 98.64, 98.53, 98.39, 98.29, 98.29, 98.35, 98.41], [97.94, 97.94, 97.94, 97.71, 97.73, 97.78, 97.85, 97.96, 98.1, 98.18, 98.15, 98.03, 98.7, 98.5, 98.36, 98.17, 97.97, 98.09, 98.26, 98.35], [97.71, 97.73, 97.76, 97.8, 97.85, 97.94, 98.09, 98.31, 98.58, 98.71, 98.54, 98.51, 98.76, 98.52, 98.3, 98.08, 97.51, 98.13, 98.28, 98.34], [97.75, 97.77, 97.81, 97.86, 97.94, 98.05, 98.24, 98.53, 99.03, 99.44, 98.85, 98.56, 98.24, 98.57, 98.36, 98.21, 98.27, 98.5, 98.35, 98.36], [97.77, 97.8, 97.84, 97.9, 97.98, 98.09, 98.27, 98.54, 98.99, 99.35, 98.89, 98.46, 98.19, 98.62, 98.44, 97.89, 98.03, 98.1, 98.37, 98.38], [97.79, 97.82, 97.86, 97.91, 97.98, 98.08, 98.2, 98.36, 98.52, 98.54, 98.42, 98.21, 98.07, 97.65, 97.75, 97.84, 97.93, 97.97, 97.96, 97.92], [97.8, 97.83, 97.87, 97.91, 97.96, 98.02, 98.08, 98.12, 98.1, 98.04, 97.86, 98.18, 98.34, 98.47, 97.69, 97.78, 97.85, 97.88, 97.89, 97.88], [97.81, 97.83, 97.86, 97.89, 97.93, 97.96, 97.97, 97.94, 97.81, 97.58, 97.33, 97.85, 98.17, 98.36, 97.65, 97.73, 97.78, 97.82, 97.84, 97.84], [97.81, 97.83, 97.85, 97.87, 97.89, 97.9, 97.89, 97.83, 98.05, 97.71, 97.5, 97.82, 98.1, 98.29, 97.61, 97.68, 97.74, 97.77, 97.79, 97.8], [97.8, 97.82, 97.84, 97.85, 97.86, 97.86, 97.83, 97.78, 98.09, 97.92, 97.85, 97.96, 98.13, 98.28, 97.59, 97.65, 97.7, 97.74, 97.76, 97.77], [97.8, 97.81, 97.82, 97.83, 97.83, 97.83, 97.8, 98.26, 98.16, 98.07, 98.04, 98.1, 98.19, 98.3, 97.58, 97.63, 97.67, 97.71, 97.73, 97.75]]}