gis_exercise/awsData/contour/humi_2023091403.json
{"header": {"refTime": "2023-09-14T03:00:00.000Z", "nx": 21, "ny": 33, "lo1": 113.509, "la1": 22.2235, "lo2": 113.5947, "la2": 22.1034, "dx": 0.0042850000000001385, "dy": 0.003753125000000024, "parameterCategory": 0, "parameterCategoryName": "Temperature", "parameterNumber": 0}, "z": [[94.79, 94.83, 94.88, 96.22, 96.21, 94.35, 94.45, 94.53, 94.51, 94.87, 94.59, 94.3, 92.9, 92.73, 92.38, 92.33, 91.52, 91.56, 91.59, 91.61], [94.76, 94.8, 94.86, 94.93, 96.2, 96.19, 94.58, 94.8, 94.91, 95.03, 94.57, 94.14, 92.69, 92.53, 92.21, 91.45, 91.52, 91.57, 91.61, 91.63], [94.73, 94.76, 94.82, 94.88, 96.19, 96.18, 96.16, 95.03, 95.74, 95.18, 94.47, 93.82, 92.33, 92.23, 91.34, 91.45, 91.54, 91.6, 91.63, 91.65], [94.68, 94.71, 94.76, 94.82, 94.91, 96.17, 96.15, 96.14, 96.12, 95.01, 94.23, 93.27, 91.74, 92.26, 91.3, 91.47, 91.57, 91.64, 91.67, 91.69], [94.62, 94.65, 94.68, 94.74, 94.81, 96.15, 96.14, 96.16, 96.21, 94.87, 94.12, 92.15, 90.91, 91.98, 91.32, 91.52, 91.64, 91.7, 91.72, 91.72], [94.56, 94.57, 94.59, 94.63, 94.69, 94.77, 96.1, 96.1, 96.2, 96.44, 93.88, 92.78, 91.77, 91.0, 91.45, 91.63, 91.75, 91.8, 91.78, 91.76], [93.89, 94.49, 94.48, 94.5, 94.54, 94.62, 95.26, 95.9, 95.99, 95.99, 96.14, 93.85, 91.71, 91.53, 91.65, 91.74, 91.86, 91.91, 91.63, 91.5], [93.86, 93.85, 93.84, 93.85, 93.9, 94.92, 95.11, 95.25, 95.22, 96.19, 97.17, 94.54, 94.51, 91.49, 92.37, 92.48, 92.26, 92.18, 92.31, 92.39], [94.15, 94.12, 93.76, 93.73, 93.72, 93.8, 94.04, 95.18, 95.96, 95.85, 96.08, 95.34, 94.98, 95.46, 92.4, 92.52, 92.39, 92.34, 92.37, 92.42], [93.0, 93.0, 93.0, 93.94, 93.8, 93.45, 93.7, 94.04, 96.71, 96.54, 94.96, 95.8, 95.53, 95.66, 92.4, 92.56, 92.48, 92.44, 92.44, 92.46], [93.0, 93.0, 93.0, 93.0, 93.0, 93.0, 93.0, 93.0, 93.71, 96.03, 98.0, 96.09, 95.87, 95.85, 92.39, 92.6, 92.54, 92.5, 92.49, 92.5], [93.0, 93.0, 93.0, 93.0, 93.0, 93.0, 93.0, 93.0, 93.0, -999.0, 98.0, 93.0, 93.0, 96.01, 92.38, 92.63, 92.59, 95.41, 95.33, 95.31], [93.0, 93.0, 93.0, 93.0, 93.0, 93.0, 93.0, 93.0, 93.0, 93.0, -999.0, 93.0, 93.0, 96.26, 94.83, 94.18, 94.14, 94.88, 94.77, 94.71], [93.0, 93.0, 93.0, 93.0, 93.0, 93.0, 93.0, 93.0, 93.0, 93.0, -999.0, 98.0, 98.0, 98.0, 95.25, 94.68, 94.59, 95.34, 95.18, 95.06], [93.0, 93.0, 93.0, 93.0, 93.0, 93.0, 93.0, 94.0, 94.0, 94.0, 94.0, 95.54, 98.0, 98.0, 98.0, 95.25, 95.07, 95.77, 95.55, 95.37], [93.0, 93.0, 93.63, 93.64, 93.66, 94.0, 94.0, 94.0, 94.0, 94.0, 96.52, 96.23, 96.62, 96.95, 96.57, 96.53, 96.31, 96.7, 95.35, 95.16], [93.64, 93.65, 93.35, 93.37, 94.0, 94.0, 94.0, 94.0, 94.0, 94.0, 95.72, 96.22, 96.74, 97.22, 97.08, 97.24, 96.97, 96.76, 96.61, 96.51], [93.36, 93.37, 93.39, 93.41, 94.0, 94.0, 94.0, 94.0, 94.0, 95.02, 95.55, 96.15, 96.78, 97.05, 97.86, 97.32, 96.94, 96.69, 96.54, 96.44], [93.38, 93.39, 93.42, 94.0, 94.0, 94.0, 94.0, 94.0, 94.36, 94.78, 95.71, 96.23, 96.18, 96.73, 97.37, 97.09, 96.77, 96.55, 96.42, 96.35], [93.39, 93.41, 95.71, 95.63, 95.52, 95.36, 95.12, 94.49, 94.71, 95.21, 95.74, 96.19, 95.91, 96.22, 96.86, 96.69, 96.49, 96.34, 96.27, 96.24], [95.83, 95.79, 95.73, 95.24, 95.18, 95.09, 94.98, 94.86, 95.33, 95.57, 95.89, 96.2, 95.66, 96.54, 96.46, 96.31, 96.17, 96.1, 96.09, 96.12], [95.4, 95.38, 95.37, 95.35, 95.32, 95.29, 95.27, 95.04, 95.77, 95.91, 96.09, 96.27, 96.4, 96.29, 96.15, 95.96, 95.83, 95.84, 95.93, 96.01], [95.45, 95.45, 95.45, 95.09, 95.12, 95.16, 95.23, 95.32, 95.43, 95.49, 95.46, 95.33, 96.0, 96.11, 95.93, 95.67, 95.4, 95.58, 95.82, 95.95], [95.07, 95.09, 95.11, 95.14, 95.19, 95.27, 95.39, 95.57, 95.8, 95.91, 95.75, 95.51, 96.05, 95.86, 95.67, 95.56, 94.76, 95.67, 95.87, 95.94], [95.09, 95.11, 95.14, 95.18, 95.24, 95.33, 95.48, 95.73, 96.15, 96.51, 95.99, 95.56, 95.24, 95.9, 95.75, 95.63, 95.87, 96.22, 95.98, 95.97], [95.1, 95.12, 95.15, 95.19, 95.25, 95.34, 95.48, 95.71, 96.1, 96.42, 95.89, 95.46, 95.19, 95.96, 95.84, 95.33, 95.54, 95.65, 96.0, 95.99], [95.1, 95.12, 95.15, 95.19, 95.24, 95.3, 95.4, 95.52, 95.65, 95.65, 95.42, 95.21, 95.07, 94.97, 95.12, 95.26, 95.39, 95.45, 95.44, 95.39], [95.1, 95.12, 95.14, 95.17, 95.2, 95.23, 95.27, 95.28, 95.22, 95.04, 94.86, 95.33, 95.56, 95.76, 95.04, 95.17, 95.27, 95.33, 95.34, 95.32], [95.09, 95.11, 95.12, 95.14, 95.15, 95.16, 95.15, 95.09, 94.93, 94.58, 94.37, 94.97, 95.36, 95.62, 94.97, 95.09, 95.18, 95.23, 95.26, 95.26], [95.08, 95.09, 95.1, 95.11, 95.11, 95.1, 95.06, 94.98, 95.17, 94.79, 94.56, 94.94, 95.29, 95.55, 94.91, 95.02, 95.1, 95.16, 95.19, 95.2], [95.08, 95.08, 95.08, 95.08, 95.08, 95.05, 95.01, 94.94, 95.22, 95.04, 94.97, 95.11, 95.33, 95.53, 94.88, 94.98, 95.05, 95.1, 95.14, 95.16], [95.07, 95.07, 95.07, 95.06, 95.05, 95.03, 94.99, 95.43, 95.32, 95.23, 95.2, 95.28, 95.41, 95.55, 94.87, 94.95, 95.01, 95.06, 95.1, 95.12]]}