gis_exercise/awsData/contour/humi_2023090704.json
{"header": {"refTime": "2023-09-07T04:00:00.000Z", "nx": 21, "ny": 33, "lo1": 113.509, "la1": 22.2235, "lo2": 113.5947, "la2": 22.1034, "dx": 0.0042850000000001385, "dy": 0.003753125000000024, "parameterCategory": 0, "parameterCategoryName": "Temperature", "parameterNumber": 0}, "z": [[79.18, 79.23, 79.31, 80.41, 80.44, 78.63, 78.77, 78.9, 78.88, 78.98, 78.55, 78.13, 76.86, 76.64, 77.41, 77.5, 76.56, 76.72, 76.84, 76.92], [79.14, 79.19, 79.27, 79.36, 80.43, 80.48, 78.96, 79.29, 79.46, 79.27, 78.56, 77.93, 76.59, 76.37, 77.2, 76.37, 76.62, 76.82, 76.95, 77.03], [79.09, 79.14, 79.21, 79.3, 80.4, 80.45, 80.54, 79.61, 80.63, 79.52, 78.41, 77.52, 76.11, 75.98, 76.0, 76.4, 76.74, 76.98, 77.12, 77.18], [79.02, 79.07, 79.13, 79.21, 79.33, 80.39, 80.46, 80.59, 80.71, 79.17, 78.03, 76.8, 75.32, 75.49, 75.93, 76.51, 76.95, 77.23, 77.36, 77.38], [78.95, 78.98, 79.02, 79.09, 79.19, 80.3, 80.33, 80.38, 80.43, 78.72, 77.72, 75.34, 74.0, 75.2, 75.98, 76.74, 77.32, 77.63, 77.68, 77.61], [78.87, 78.88, 78.9, 78.94, 79.01, 79.1, 80.16, 80.14, 80.19, 80.32, 77.16, 76.04, 74.97, 74.34, 76.26, 77.13, 77.92, 78.25, 78.09, 77.85], [77.89, 78.77, 78.76, 78.77, 78.81, 78.88, 79.01, 79.85, 79.87, 79.53, 79.59, 77.26, 75.28, 75.04, 76.64, 77.53, 78.71, 79.14, 78.71, 78.27], [77.86, 77.85, 77.84, 77.85, 77.9, 78.7, 78.88, 79.07, 79.11, 79.69, 80.37, 78.23, 78.21, 74.99, 78.88, 78.56, 79.21, 79.45, 79.08, 78.83], [78.15, 78.12, 77.76, 77.73, 77.72, 77.8, 78.04, 78.96, 79.64, 79.42, 79.46, 78.87, 78.59, 78.97, 78.81, 78.44, 78.82, 78.98, 78.89, 78.74], [77.0, 77.0, 77.0, 77.94, 77.8, 77.45, 77.7, 78.04, 80.14, 80.03, 78.57, 79.24, 79.02, 79.13, 78.8, 78.31, 78.55, 78.68, 78.69, 78.63], [77.0, 77.0, 77.0, 77.0, 77.0, 77.0, 77.0, 77.0, 77.71, 79.68, 81.0, 79.48, 79.3, 79.28, 78.83, 78.21, 78.39, 78.49, 78.52, 78.5], [77.0, 77.0, 77.0, 77.0, 77.0, 77.0, 77.0, 77.0, 77.0, -999.0, 81.0, 77.0, 77.0, 79.41, 78.87, 78.11, 78.22, 83.41, 83.33, 83.31], [77.0, 77.0, 77.0, 77.0, 77.0, 77.0, 77.0, 77.0, 77.0, 77.0, -999.0, 77.0, 77.0, 82.88, 80.29, 82.18, 82.14, 82.88, 82.77, 82.71], [77.0, 77.0, 77.0, 77.0, 77.0, 77.0, 77.0, 77.0, 77.0, 77.0, -999.0, 86.0, 86.0, 86.0, 81.05, 82.68, 82.59, 83.34, 83.18, 83.06], [77.0, 77.0, 77.0, 77.0, 77.0, 77.0, 77.0, 82.0, 82.0, 82.0, 82.0, 83.54, 86.0, 86.0, 86.0, 83.25, 83.07, 83.77, 83.55, 83.37], [77.0, 77.0, 80.15, 80.2, 80.3, 82.0, 82.0, 82.0, 82.0, 82.0, 84.52, 84.23, 84.62, 84.95, 84.57, 84.53, 84.31, 84.7, 83.35, 83.16], [80.21, 80.24, 78.76, 78.85, 82.0, 82.0, 82.0, 82.0, 82.0, 82.0, 83.72, 84.22, 84.74, 85.22, 85.08, 85.52, 85.35, 85.22, 85.14, 85.08], [78.78, 78.84, 78.93, 79.06, 82.0, 82.0, 82.0, 82.0, 82.0, 83.02, 83.55, 84.15, 84.78, 85.05, 85.86, 85.57, 85.33, 85.18, 85.09, 85.03], [78.88, 78.96, 79.08, 82.0, 82.0, 82.0, 82.0, 82.0, 82.36, 82.78, 83.34, 83.84, 84.18, 84.73, 85.6, 85.42, 85.21, 85.08, 85.01, 84.98], [78.95, 79.03, 82.57, 82.54, 82.51, 82.45, 82.37, 82.16, 82.49, 82.86, 83.3, 83.73, 83.91, 84.22, 85.26, 85.15, 85.02, 84.94, 84.91, 84.9], [82.61, 82.6, 82.58, 82.41, 82.39, 82.36, 82.33, 82.29, 82.86, 83.04, 83.32, 83.63, 83.66, 85.06, 84.99, 84.88, 84.78, 84.76, 84.79, 84.83], [82.47, 82.46, 82.46, 82.45, 82.44, 82.43, 82.42, 82.17, 83.06, 83.17, 83.34, 83.55, 83.74, 84.89, 84.77, 84.61, 84.5, 84.56, 84.69, 84.78], [82.48, 82.48, 82.48, 82.11, 82.13, 82.16, 82.2, 82.24, 82.29, 82.3, 82.27, 82.44, 83.85, 84.77, 84.62, 84.36, 84.05, 84.34, 84.66, 84.78], [82.07, 82.08, 82.09, 82.11, 82.14, 82.17, 82.23, 82.31, 82.42, 82.46, 82.37, 82.25, 83.84, 83.96, 84.03, 84.3, 83.18, 84.64, 84.83, 84.85], [82.06, 82.07, 82.08, 82.1, 82.13, 82.17, 82.24, 82.36, 82.56, 82.74, 82.46, 82.25, 82.13, 83.99, 84.12, 84.26, 84.97, 85.59, 85.04, 84.92], [82.05, 82.06, 82.07, 82.09, 82.11, 82.15, 82.2, 82.31, 82.51, 82.68, 82.38, 82.17, 82.07, 84.01, 84.17, 84.07, 84.46, 84.66, 85.03, 84.95], [82.04, 82.05, 82.05, 82.06, 82.08, 82.1, 82.13, 82.17, 82.23, 82.21, 82.08, 81.98, 81.96, 83.26, 83.59, 83.9, 84.15, 84.28, 84.25, 84.15], [82.03, 82.03, 82.03, 82.03, 82.04, 82.04, 82.03, 82.01, 81.94, 81.79, 81.68, 82.48, 82.9, 83.34, 83.41, 83.69, 83.9, 84.02, 84.04, 84.02], [82.01, 82.01, 82.01, 82.01, 82.0, 81.98, 81.94, 81.88, 81.73, 81.46, 81.4, 82.12, 82.68, 83.15, 83.24, 83.5, 83.7, 83.82, 83.87, 83.88], [82.0, 82.0, 81.99, 81.98, 81.96, 81.93, 81.88, 81.8, 82.25, 81.87, 81.64, 82.11, 82.61, 83.04, 83.11, 83.36, 83.54, 83.66, 83.73, 83.76], [81.99, 81.98, 81.97, 81.96, 81.94, 81.9, 81.85, 81.78, 82.36, 82.17, 82.13, 82.35, 82.68, 83.01, 83.04, 83.25, 83.42, 83.54, 83.62, 83.66], [81.98, 81.97, 81.96, 81.94, 81.92, 81.89, 81.84, 82.62, 82.51, 82.43, 82.44, 82.57, 82.79, 83.04, 83.01, 83.19, 83.33, 83.44, 83.52, 83.58]]}