gis_exercise/awsData/contour/humi_2023091308.json
{"header": {"refTime": "2023-09-13T08:00:00.000Z", "nx": 21, "ny": 33, "lo1": 113.509, "la1": 22.2235, "lo2": 113.5947, "la2": 22.1034, "dx": 0.0042850000000001385, "dy": 0.003753125000000024, "parameterCategory": 0, "parameterCategoryName": "Temperature", "parameterNumber": 0}, "z": [[92.4, 92.43, 92.46, 93.51, 93.49, 91.84, 91.9, 91.94, 91.91, 92.12, 91.89, 91.66, 90.29, 90.15, 89.79, 89.72, 88.89, 88.91, 88.93, 88.94], [92.39, 92.41, 92.45, 92.49, 93.49, 93.45, 92.01, 92.15, 92.21, 92.25, 91.88, 91.52, 90.12, 89.98, 89.65, 88.86, 88.89, 88.91, 88.93, 88.94], [92.36, 92.39, 92.42, 92.47, 93.49, 93.45, 93.39, 92.32, 92.81, 92.36, 91.79, 91.26, 89.83, 89.74, 88.8, 88.85, 88.89, 88.92, 88.94, 88.95], [92.33, 92.36, 92.39, 92.43, 92.49, 93.47, 93.42, 93.34, 93.27, 92.24, 91.6, 90.8, 89.35, 89.84, 88.78, 88.86, 88.91, 88.93, 88.95, 88.96], [92.3, 92.32, 92.34, 92.38, 92.44, 93.5, 93.48, 93.46, 93.49, 92.16, 91.53, 89.76, 88.74, 89.6, 88.79, 88.88, 88.93, 88.95, 88.96, 88.97], [92.26, 92.27, 92.28, 92.32, 92.37, 92.45, 93.51, 93.53, 93.61, 93.78, 91.23, 90.27, 89.42, 88.67, 88.87, 88.93, 88.97, 88.98, 88.98, 88.98], [91.89, 92.21, 92.21, 92.23, 92.27, 92.36, 93.01, 93.48, 93.56, 93.33, 93.34, 91.12, 89.14, 89.02, 88.99, 88.99, 88.99, 89.0, 88.82, 88.75], [91.86, 91.85, 91.84, 91.85, 91.9, 92.7, 92.88, 93.07, 93.05, 93.52, 94.25, 91.54, 91.51, 88.99, 89.37, 89.48, 89.26, 89.18, 89.31, 89.39], [92.15, 92.12, 91.76, 91.73, 91.72, 91.8, 92.04, 92.96, 93.64, 93.21, 93.08, 92.34, 91.98, 92.46, 89.4, 89.52, 89.39, 89.34, 89.37, 89.42], [91.0, 91.0, 91.0, 91.94, 91.8, 91.45, 91.7, 92.04, 94.14, 94.03, 91.96, 92.8, 92.53, 92.66, 89.4, 89.56, 89.48, 89.44, 89.44, 89.46], [91.0, 91.0, 91.0, 91.0, 91.0, 91.0, 91.0, 91.0, 91.71, 93.68, 95.0, 93.09, 92.87, 92.85, 89.39, 89.6, 89.54, 89.5, 89.49, 89.5], [91.0, 91.0, 91.0, 91.0, 91.0, 91.0, 91.0, 91.0, 91.0, -999.0, 95.0, 90.0, 90.0, 93.01, 89.38, 89.63, 89.59, 91.84, 91.77, 91.76], [91.0, 91.0, 91.0, 91.0, 91.0, 91.0, 91.0, 91.0, 91.0, 91.0, -999.0, 90.0, 90.0, 92.61, 91.46, 90.82, 90.78, 91.4, 91.31, 91.26], [91.0, 91.0, 91.0, 91.0, 91.0, 91.0, 91.0, 91.0, 91.0, 91.0, -999.0, 94.0, 94.0, 94.0, 91.8, 91.24, 91.16, 91.78, 91.65, 91.55], [91.0, 91.0, 91.0, 91.0, 91.0, 91.0, 91.0, 89.0, 89.0, 89.0, 89.0, 90.92, 94.0, 94.0, 94.0, 91.71, 91.56, 92.14, 91.96, 91.81], [91.0, 91.0, 89.74, 89.72, 89.68, 89.0, 89.0, 89.0, 89.0, 89.0, 92.15, 91.79, 92.27, 92.68, 92.22, 92.9, 92.73, 93.03, 91.89, 91.73], [89.72, 89.7, 90.29, 90.26, 89.0, 89.0, 89.0, 89.0, 89.0, 89.0, 91.15, 91.77, 92.42, 93.02, 93.07, 92.97, 92.61, 92.32, 92.11, 91.96], [90.29, 90.26, 90.23, 90.17, 89.0, 89.0, 89.0, 89.0, 89.0, 90.27, 90.94, 91.69, 92.47, 93.02, 93.86, 93.09, 92.57, 92.24, 92.02, 91.87], [90.25, 90.21, 90.17, 89.0, 89.0, 89.0, 89.0, 89.0, 89.45, 89.97, 91.18, 91.84, 92.09, 92.71, 93.16, 92.79, 92.36, 92.06, 91.87, 91.75], [90.22, 90.19, 91.29, 91.17, 91.03, 90.81, 90.49, 89.66, 89.91, 90.56, 91.23, 91.79, 91.84, 92.23, 92.49, 92.28, 92.01, 91.8, 91.67, 91.59], [91.44, 91.38, 91.31, 90.65, 90.57, 90.45, 90.3, 90.14, 90.72, 91.02, 91.44, 91.83, 91.62, 92.07, 91.98, 91.81, 91.63, 91.5, 91.44, 91.42], [90.86, 90.85, 90.82, 90.8, 90.76, 90.72, 90.69, 90.73, 91.31, 91.48, 91.71, 91.93, 92.72, 91.74, 91.6, 91.43, 91.28, 91.21, 91.21, 91.25], [90.94, 90.94, 90.94, 90.96, 90.97, 91.0, 91.06, 91.16, 91.29, 91.37, 91.36, 91.3, 91.44, 91.5, 91.33, 91.14, 91.0, 90.95, 91.0, 91.1], [91.0, 91.02, 91.04, 91.07, 91.11, 91.19, 91.32, 91.52, 91.76, 91.89, 91.74, 92.01, 91.5, 91.23, 91.01, 90.97, 90.88, 90.68, 90.83, 90.99], [91.05, 91.07, 91.1, 91.15, 91.22, 91.33, 91.49, 91.75, 92.18, 92.53, 92.05, 92.04, 91.83, 91.25, 91.01, 90.8, 90.62, 90.46, 90.76, 90.94], [91.09, 91.12, 91.16, 91.21, 91.29, 91.4, 91.56, 91.8, 92.18, 92.48, 92.26, 91.97, 91.79, 91.29, 91.05, 90.56, 90.49, 90.45, 90.82, 90.95], [91.12, 91.15, 91.19, 91.25, 91.32, 91.41, 91.54, 91.69, 91.85, 91.88, 91.95, 91.81, 91.71, 90.68, 90.63, 90.58, 90.54, 90.52, 90.52, 90.54], [91.14, 91.17, 91.21, 91.26, 91.32, 91.4, 91.47, 91.54, 91.56, 91.69, 91.58, 91.45, 91.39, 91.3, 90.65, 90.61, 90.58, 90.56, 90.55, 90.56], [91.16, 91.19, 91.22, 91.27, 91.31, 91.36, 91.41, 91.43, 91.39, 91.39, 91.13, 91.3, 91.33, 91.28, 90.68, 90.64, 90.61, 90.59, 90.58, 90.58], [91.17, 91.2, 91.23, 91.26, 91.3, 91.33, 91.35, 91.35, 91.42, 91.28, 91.18, 91.26, 91.3, 91.27, 90.7, 90.66, 90.63, 90.61, 90.6, 90.6], [91.17, 91.2, 91.23, 91.25, 91.28, 91.3, 91.32, 91.31, 91.41, 91.33, 91.28, 91.29, 91.29, 91.27, 90.71, 90.67, 90.65, 90.63, 90.62, 90.61], [91.18, 91.2, 91.22, 91.24, 91.27, 91.28, 91.29, 91.45, 91.4, 91.36, 91.33, 91.31, 91.3, 91.28, 90.71, 90.68, 90.66, 90.65, 90.63, 90.63]]}