gis_exercise/awsData/contour/humi_2023090418.json
{"header": {"refTime": "2023-09-04T18:00:00.000Z", "nx": 21, "ny": 33, "lo1": 113.509, "la1": 22.2235, "lo2": 113.5947, "la2": 22.1034, "dx": 0.0042850000000001385, "dy": 0.003753125000000024, "parameterCategory": 0, "parameterCategoryName": "Temperature", "parameterNumber": 0}, "z": [[57.48, 57.52, 57.58, 58.15, 58.19, 57.55, 57.66, 57.75, 57.76, 57.79, 57.56, 57.34, 55.97, 55.8, 56.49, 56.44, 54.82, 54.85, 54.87, 54.88], [57.45, 57.49, 57.55, 57.62, 58.18, 58.25, 57.76, 57.97, 58.09, 57.97, 57.58, 57.24, 55.85, 55.68, 56.38, 54.8, 54.85, 54.88, 54.91, 54.92], [57.41, 57.44, 57.5, 57.57, 58.15, 58.22, 58.35, 58.15, 58.78, 58.12, 57.5, 57.04, 55.65, 55.51, 54.77, 54.83, 54.89, 54.93, 54.96, 54.96], [57.36, 57.39, 57.43, 57.5, 57.59, 58.15, 58.25, 58.42, 58.57, 57.89, 57.28, 56.69, 55.37, 55.13, 54.78, 54.86, 54.95, 55.01, 55.03, 55.02], [57.3, 57.32, 57.35, 57.4, 57.47, 58.05, 58.09, 58.15, 58.19, 57.57, 57.07, 55.2, 55.05, 55.08, 54.77, 54.91, 55.05, 55.13, 55.14, 55.1], [57.24, 57.24, 57.26, 57.28, 57.32, 57.38, 57.91, 57.88, 57.89, 57.93, 55.61, 55.24, 55.04, 54.33, 54.74, 54.97, 55.23, 55.34, 55.27, 55.17], [56.45, 57.16, 57.15, 57.15, 57.17, 57.2, 57.0, 57.61, 57.59, 56.68, 56.53, 55.19, 53.86, 53.98, 54.68, 55.04, 55.49, 55.66, 55.82, 55.75], [56.43, 56.42, 56.42, 56.43, 56.45, 56.85, 56.94, 57.04, 56.88, 56.85, 57.33, 54.54, 54.51, 54.01, 54.88, 54.56, 55.21, 55.45, 55.08, 54.83], [56.57, 56.56, 56.38, 56.37, 56.36, 56.4, 56.52, 56.98, 57.32, 56.57, 56.08, 55.34, 54.98, 55.46, 54.81, 54.44, 54.82, 54.98, 54.89, 54.74], [56.0, 56.0, 56.0, 56.47, 56.4, 56.23, 56.35, 56.52, 57.57, 57.51, 54.96, 55.8, 55.53, 55.66, 54.8, 54.31, 54.55, 54.68, 54.69, 54.63], [56.0, 56.0, 56.0, 56.0, 56.0, 56.0, 56.0, 56.0, 56.35, 57.34, 58.0, 56.09, 55.87, 55.85, 54.83, 54.21, 54.39, 54.49, 54.52, 54.5], [56.0, 56.0, 56.0, 56.0, 56.0, 56.0, 56.0, 56.0, 56.0, -999.0, 58.0, 53.0, 53.0, 56.01, 54.87, 54.11, 54.22, 60.55, 60.44, 60.41], [56.0, 56.0, 56.0, 56.0, 56.0, 56.0, 56.0, 56.0, 56.0, 56.0, -999.0, 53.0, 53.0, 60.18, 57.02, 58.91, 58.85, 59.84, 59.7, 59.61], [56.0, 56.0, 56.0, 56.0, 56.0, 56.0, 56.0, 56.0, 56.0, 56.0, -999.0, 64.0, 64.0, 64.0, 57.95, 59.58, 59.45, 60.46, 60.24, 60.08], [56.0, 56.0, 56.0, 56.0, 56.0, 56.0, 56.0, 59.0, 59.0, 59.0, 59.0, 60.92, 64.0, 64.0, 64.0, 60.34, 60.1, 61.02, 60.73, 60.5], [56.0, 56.0, 57.89, 57.92, 57.98, 59.0, 59.0, 59.0, 59.0, 59.0, 62.15, 61.79, 62.27, 62.68, 62.22, 61.07, 60.62, 61.4, 59.74, 59.44], [57.93, 57.94, 57.06, 57.11, 59.0, 59.0, 59.0, 59.0, 59.0, 59.0, 61.15, 61.77, 62.42, 63.02, 62.51, 63.32, 63.08, 62.91, 62.79, 62.72], [57.07, 57.11, 57.16, 57.24, 59.0, 59.0, 59.0, 59.0, 59.0, 60.27, 60.94, 61.69, 62.47, 62.49, 63.78, 63.39, 63.04, 62.84, 62.72, 62.66], [57.13, 57.18, 57.25, 59.0, 59.0, 59.0, 59.0, 59.0, 59.45, 59.97, 60.07, 60.68, 61.18, 61.96, 63.42, 63.16, 62.87, 62.69, 62.6, 62.58], [57.17, 57.22, 57.86, 57.91, 57.99, 58.09, 58.25, 58.67, 59.25, 59.51, 59.91, 60.41, 60.72, 61.09, 62.92, 62.76, 62.57, 62.47, 62.45, 62.48], [57.78, 57.81, 57.85, 58.17, 58.21, 58.27, 58.35, 58.43, 59.31, 59.46, 59.73, 60.11, 60.25, 62.63, 62.51, 62.32, 62.18, 62.18, 62.28, 62.39], [58.07, 58.08, 58.09, 58.1, 58.12, 58.14, 58.16, 57.96, 59.15, 59.25, 59.46, 59.77, 59.16, 62.37, 62.16, 61.86, 61.67, 61.83, 62.14, 62.34], [58.03, 58.03, 58.03, 57.77, 57.77, 57.77, 57.76, 57.72, 57.67, 57.62, 57.61, 57.33, 59.93, 62.21, 61.92, 61.39, 60.76, 61.45, 62.17, 62.41], [57.71, 57.71, 57.7, 57.7, 57.68, 57.65, 57.61, 57.53, 57.44, 57.38, 57.42, 56.75, 59.86, 60.31, 60.61, 61.33, 58.77, 62.25, 62.63, 62.6], [57.67, 57.67, 57.65, 57.63, 57.61, 57.56, 57.5, 57.4, 57.25, 57.14, 57.28, 56.79, 56.7, 60.36, 60.81, 61.26, 63.03, 64.53, 63.14, 62.79], [57.64, 57.63, 57.61, 57.58, 57.55, 57.5, 57.43, 57.34, 57.22, 57.13, 56.88, 56.81, 56.73, 60.39, 60.91, 61.48, 62.27, 62.7, 63.09, 62.85], [57.61, 57.6, 57.57, 57.54, 57.51, 57.46, 57.39, 57.32, 57.25, 57.22, 56.87, 56.82, 56.76, 60.24, 60.75, 61.26, 61.72, 61.96, 61.9, 61.71], [57.59, 57.57, 57.55, 57.51, 57.47, 57.43, 57.37, 57.31, 57.25, 56.9, 56.9, 58.62, 59.36, 60.22, 60.5, 60.95, 61.3, 61.5, 61.54, 61.48], [57.57, 57.55, 57.52, 57.49, 57.45, 57.41, 57.36, 57.3, 57.23, 56.93, 57.43, 58.29, 59.13, 59.93, 60.25, 60.66, 60.97, 61.17, 61.25, 61.26], [57.55, 57.53, 57.51, 57.48, 57.44, 57.4, 57.35, 57.3, 58.3, 57.93, 57.72, 58.34, 59.07, 59.77, 60.07, 60.44, 60.72, 60.91, 61.02, 61.06], [57.54, 57.52, 57.5, 57.47, 57.44, 57.4, 57.36, 57.31, 58.5, 58.33, 58.33, 58.66, 59.18, 59.73, 59.96, 60.28, 60.53, 60.71, 60.83, 60.9], [57.53, 57.51, 57.49, 57.46, 57.43, 57.4, 57.37, 58.84, 58.74, 58.68, 58.74, 58.98, 59.34, 59.76, 59.91, 60.18, 60.4, 60.57, 60.69, 60.76]]}