gis_exercise/awsData/contour/humi_2023091323.json
{"header": {"refTime": "2023-09-13T23:00:00.000Z", "nx": 21, "ny": 33, "lo1": 113.509, "la1": 22.2235, "lo2": 113.5947, "la2": 22.1034, "dx": 0.0042850000000001385, "dy": 0.003753125000000024, "parameterCategory": 0, "parameterCategoryName": "Temperature", "parameterNumber": 0}, "z": [[89.02, 89.03, 89.04, 90.32, 90.26, 88.56, 88.57, 88.57, 88.53, 89.02, 88.93, 88.83, 87.81, 87.75, 87.76, 87.81, 87.87, 87.94, 87.99, 88.02], [89.01, 89.02, 89.03, 89.05, 90.26, 90.16, 88.63, 88.66, 88.67, 89.01, 88.89, 88.73, 87.7, 87.64, 87.68, 87.78, 87.89, 87.97, 88.02, 88.06], [89.0, 89.01, 89.03, 89.05, 90.28, 90.18, 90.01, 88.74, 88.92, 89.02, 88.84, 88.56, 87.5, 87.48, 87.62, 87.79, 87.93, 88.02, 88.08, 88.11], [88.99, 89.0, 89.02, 89.04, 89.07, 90.25, 90.11, 89.89, 89.68, 89.08, 88.81, 88.27, 87.16, 88.07, 87.58, 87.82, 88.0, 88.11, 88.16, 88.18], [88.97, 88.98, 89.0, 89.03, 89.07, 90.35, 90.29, 90.24, 90.27, 89.31, 88.92, 87.95, 86.83, 87.82, 87.6, 87.92, 88.14, 88.25, 88.27, 88.26], [88.95, 88.96, 88.98, 89.0, 89.05, 89.12, 90.45, 90.48, 90.62, 90.9, 89.5, 88.53, 87.62, 87.0, 87.76, 88.08, 88.34, 88.45, 88.41, 88.34], [88.89, 88.93, 88.94, 88.96, 89.01, 89.1, 90.26, 90.53, 90.68, 91.19, 91.4, 89.52, 87.71, 87.53, 87.98, 88.25, 88.61, 88.74, 88.45, 88.26], [88.86, 88.85, 88.84, 88.85, 88.9, 89.92, 90.11, 90.25, 90.28, 91.36, 92.29, 90.23, 90.21, 87.49, 89.0, 89.0, 89.0, 89.0, 89.0, 89.0], [89.15, 89.12, 88.76, 88.73, 88.72, 88.8, 89.04, 90.18, 90.96, 91.06, 91.46, 90.87, 90.59, 90.97, 89.0, 89.0, 89.0, 89.0, 89.0, 89.0], [88.0, 88.0, 88.0, 88.94, 88.8, 88.45, 88.7, 89.04, 91.71, 91.54, 90.57, 91.24, 91.02, 91.13, 89.0, 89.0, 89.0, 89.0, 89.0, 89.0], [88.0, 88.0, 88.0, 88.0, 88.0, 88.0, 88.0, 88.0, 88.71, 91.03, 93.0, 91.48, 91.3, 91.28, 89.0, 89.0, 89.0, 89.0, 89.0, 89.0], [88.0, 88.0, 88.0, 88.0, 88.0, 88.0, 88.0, 88.0, 88.0, -999.0, 93.0, 89.0, 89.0, 91.41, 89.0, 89.0, 89.0, 91.84, 91.77, 91.76], [88.0, 88.0, 88.0, 88.0, 88.0, 88.0, 88.0, 88.0, 88.0, 88.0, -999.0, 89.0, 89.0, 92.26, 90.83, 90.82, 90.78, 91.4, 91.31, 91.26], [88.0, 88.0, 88.0, 88.0, 88.0, 88.0, 88.0, 88.0, 88.0, 88.0, -999.0, 94.0, 94.0, 94.0, 91.25, 91.24, 91.16, 91.78, 91.65, 91.55], [88.0, 88.0, 88.0, 88.0, 88.0, 88.0, 88.0, 89.0, 89.0, 89.0, 89.0, 90.92, 94.0, 94.0, 94.0, 91.71, 91.56, 92.14, 91.96, 91.81], [88.0, 88.0, 88.63, 88.64, 88.66, 89.0, 89.0, 89.0, 89.0, 89.0, 92.15, 91.79, 92.27, 92.68, 92.22, 93.27, 93.16, 93.35, 92.16, 92.02], [88.64, 88.65, 88.35, 88.37, 89.0, 89.0, 89.0, 89.0, 89.0, 89.0, 91.15, 91.77, 92.42, 93.02, 93.18, 93.41, 93.2, 93.03, 92.91, 92.83], [88.36, 88.37, 88.39, 88.41, 89.0, 89.0, 89.0, 89.0, 89.0, 90.27, 90.94, 91.69, 92.47, 93.13, 93.88, 93.48, 93.18, 92.98, 92.86, 92.78], [88.38, 88.39, 88.42, 89.0, 89.0, 89.0, 89.0, 89.0, 89.45, 89.97, 91.0, 91.64, 92.27, 92.86, 93.52, 93.3, 93.05, 92.88, 92.77, 92.71], [88.39, 88.41, 90.71, 90.63, 90.52, 90.36, 90.12, 89.49, 89.8, 90.38, 91.01, 91.56, 92.06, 92.46, 93.13, 93.01, 92.85, 92.73, 92.66, 92.62], [90.83, 90.79, 90.73, 90.24, 90.18, 90.09, 89.98, 89.86, 90.48, 90.76, 91.15, 91.54, 91.9, 92.88, 92.83, 92.73, 92.62, 92.55, 92.52, 92.52], [90.4, 90.38, 90.37, 90.35, 90.32, 90.29, 90.27, 90.04, 90.95, 91.11, 91.33, 91.57, 92.71, 92.69, 92.61, 92.5, 92.41, 92.38, 92.39, 92.42], [90.45, 90.45, 90.45, 90.09, 90.12, 90.16, 90.23, 90.32, 90.43, 90.49, 90.46, 91.12, 92.0, 92.55, 92.45, 92.32, 92.21, 92.22, 92.28, 92.34], [90.07, 90.09, 90.11, 90.14, 90.19, 90.27, 90.39, 90.57, 90.8, 90.91, 90.75, 91.25, 92.0, 92.0, 92.0, 92.23, 92.06, 92.11, 92.21, 92.29], [90.09, 90.11, 90.14, 90.18, 90.24, 90.33, 90.48, 90.73, 91.15, 91.51, 90.99, 91.2, 91.15, 92.0, 92.0, 92.0, 92.11, 92.09, 92.19, 92.27], [90.1, 90.12, 90.15, 90.19, 90.25, 90.34, 90.48, 90.71, 91.1, 91.42, 91.25, 91.04, 91.01, 92.0, 92.0, 91.54, 91.68, 91.72, 92.23, 92.28], [90.1, 90.12, 90.15, 90.19, 90.24, 90.3, 90.4, 90.52, 90.65, 90.65, 90.81, 90.74, 90.8, 90.93, 91.18, 91.38, 91.51, 91.56, 91.56, 91.52], [90.1, 90.12, 90.14, 90.17, 90.2, 90.23, 90.27, 90.28, 90.22, 90.34, 90.18, 90.33, 90.56, 90.76, 91.02, 91.22, 91.35, 91.42, 91.44, 91.44], [90.09, 90.11, 90.12, 90.14, 90.15, 90.16, 90.15, 90.09, 89.93, 89.8, 89.37, 89.97, 90.36, 90.62, 90.87, 91.07, 91.21, 91.29, 91.33, 91.35], [90.08, 90.09, 90.1, 90.11, 90.11, 90.1, 90.06, 89.98, 90.17, 89.79, 89.56, 89.94, 90.29, 90.55, 90.77, 90.96, 91.09, 91.18, 91.24, 91.27], [90.08, 90.08, 90.08, 90.08, 90.08, 90.05, 90.01, 89.94, 90.22, 90.04, 89.97, 90.11, 90.33, 90.53, 90.71, 90.88, 91.01, 91.1, 91.16, 91.2], [90.07, 90.07, 90.07, 90.06, 90.05, 90.03, 89.99, 90.43, 90.32, 90.23, 90.2, 90.28, 90.41, 90.55, 90.68, 90.83, 90.94, 91.03, 91.09, 91.14]]}