gis_exercise/awsData/contour/humi_2023090608.json
{"header": {"refTime": "2023-09-06T08:00:00.000Z", "nx": 21, "ny": 33, "lo1": 113.509, "la1": 22.2235, "lo2": 113.5947, "la2": 22.1034, "dx": 0.0042850000000001385, "dy": 0.003753125000000024, "parameterCategory": 0, "parameterCategoryName": "Temperature", "parameterNumber": 0}, "z": [[72.73, 72.77, 72.8, 74.62, 74.54, 72.13, 72.14, 72.14, 72.06, 72.26, 72.01, 71.76, 70.14, 69.99, 69.38, 69.33, 68.79, 68.82, 68.85, 68.88], [72.71, 72.75, 72.79, 72.84, 74.55, 74.42, 72.25, 72.32, 72.33, 72.36, 71.98, 71.58, 69.93, 69.78, 69.21, 68.72, 68.78, 68.83, 68.86, 68.89], [72.68, 72.72, 72.77, 72.83, 74.58, 74.45, 74.24, 72.49, 72.85, 72.47, 71.87, 71.26, 69.56, 69.48, 68.59, 68.71, 68.79, 68.84, 68.88, 68.9], [72.65, 72.68, 72.73, 72.8, 72.88, 74.55, 74.38, 74.09, 73.83, 72.4, 71.69, 70.69, 68.93, 69.89, 68.55, 68.72, 68.81, 68.87, 68.9, 68.92], [72.59, 72.63, 72.68, 72.75, 72.85, 74.7, 74.63, 74.55, 74.55, 72.46, 71.69, 69.73, 68.16, 69.53, 68.58, 68.77, 68.86, 68.91, 68.93, 68.94], [72.53, 72.55, 72.59, 72.67, 72.79, 72.96, 74.87, 74.91, 75.03, 75.24, 71.92, 70.54, 69.26, 68.34, 68.74, 68.87, 68.93, 68.96, 68.96, 68.96], [72.24, 72.46, 72.48, 72.53, 72.65, 72.88, 74.25, 75.1, 75.25, 75.14, 75.08, 71.92, 69.28, 69.04, 68.98, 68.98, 68.99, 68.99, 68.63, 68.5], [72.14, 72.11, 72.1, 72.13, 72.24, 73.56, 74.03, 74.63, 74.99, 75.36, 76.14, 72.84, 72.81, 68.99, 69.74, 69.96, 69.52, 69.37, 69.61, 69.78], [72.86, 72.79, 71.91, 71.83, 71.8, 71.99, 72.6, 74.25, 75.64, 75.0, 74.69, 73.81, 73.38, 73.95, 69.8, 70.04, 69.79, 69.68, 69.74, 69.84], [70.0, 70.0, 70.0, 72.34, 72.01, 71.13, 71.74, 72.6, 76.14, 76.03, 73.35, 74.36, 74.04, 74.19, 69.8, 70.13, 69.96, 69.88, 69.88, 69.91], [70.0, 70.0, 70.0, 70.0, 70.0, 70.0, 70.0, 70.0, 71.77, 75.68, 77.0, 74.71, 74.44, 74.43, 69.78, 70.19, 70.07, 70.0, 69.99, 70.0], [70.0, 70.0, 70.0, 70.0, 70.0, 70.0, 70.0, 70.0, 70.0, -999.0, 77.0, 71.0, 71.0, 74.61, 69.76, 70.26, 70.19, 72.98, 72.88, 72.86], [70.0, 70.0, 70.0, 70.0, 70.0, 70.0, 70.0, 70.0, 70.0, 70.0, -999.0, 71.0, 71.0, 74.26, 72.83, 71.55, 71.5, 72.36, 72.24, 72.16], [70.0, 70.0, 70.0, 70.0, 70.0, 70.0, 70.0, 70.0, 70.0, 70.0, -999.0, 76.0, 76.0, 76.0, 73.25, 72.13, 72.02, 72.9, 72.71, 72.57], [70.0, 70.0, 70.0, 70.0, 70.0, 70.0, 70.0, 80.0, 80.0, 80.0, 80.0, 78.46, 76.0, 76.0, 76.0, 72.8, 72.59, 73.39, 73.14, 72.93], [70.0, 70.0, 76.29, 76.41, 76.6, 80.0, 80.0, 80.0, 80.0, 80.0, 77.48, 77.77, 77.38, 77.05, 77.43, 76.73, 76.84, 76.65, 74.74, 74.63], [76.42, 76.48, 73.53, 73.7, 80.0, 80.0, 80.0, 80.0, 80.0, 80.0, 78.28, 77.78, 77.26, 76.78, 76.7, 77.58, 78.14, 78.59, 78.91, 79.15], [73.57, 73.69, 73.87, 74.13, 80.0, 80.0, 80.0, 80.0, 80.0, 78.98, 78.45, 77.85, 77.22, 76.74, 76.1, 77.39, 78.18, 78.7, 79.05, 79.29], [73.77, 73.93, 74.15, 80.0, 80.0, 80.0, 80.0, 80.0, 79.64, 79.22, 79.03, 78.54, 77.46, 76.97, 77.27, 77.84, 78.5, 78.97, 79.28, 79.48], [73.9, 74.07, 80.57, 80.54, 80.51, 80.45, 80.37, 80.16, 79.74, 79.49, 79.14, 78.73, 77.64, 77.32, 78.28, 78.59, 79.0, 79.34, 79.58, 79.72], [80.61, 80.6, 80.58, 80.41, 80.39, 80.36, 80.33, 80.29, 79.61, 79.48, 79.24, 78.94, 77.79, 78.92, 79.03, 79.26, 79.53, 79.76, 79.92, 80.0], [80.47, 80.46, 80.46, 80.45, 80.44, 80.43, 80.42, 80.17, 79.66, 79.58, 79.41, 79.17, 78.27, 79.41, 79.57, 79.76, 79.95, 80.14, 80.27, 80.29], [80.48, 80.48, 80.48, 80.11, 80.13, 80.16, 80.2, 80.24, 80.29, 80.3, 80.27, 79.92, 81.19, 79.78, 79.95, 80.07, 80.06, 80.45, 80.66, 80.59], [80.07, 80.08, 80.09, 80.11, 80.14, 80.17, 80.23, 80.31, 80.42, 80.46, 80.37, 79.76, 81.2, 81.2, 81.14, 80.36, 79.41, 81.28, 81.17, 80.87], [80.06, 80.07, 80.08, 80.1, 80.13, 80.17, 80.24, 80.36, 80.56, 80.74, 80.46, 79.82, 79.53, 81.26, 81.28, 81.35, 81.72, 82.67, 81.52, 81.05], [80.05, 80.06, 80.07, 80.09, 80.11, 80.15, 80.2, 80.31, 80.51, 80.68, 80.14, 79.78, 79.52, 81.32, 81.4, 81.26, 81.7, 81.95, 81.38, 81.05], [80.04, 80.05, 80.05, 80.06, 80.08, 80.1, 80.13, 80.17, 80.23, 80.21, 79.82, 79.63, 79.47, 80.62, 80.88, 81.15, 81.4, 81.54, 81.5, 81.4], [80.03, 80.03, 80.03, 80.03, 80.04, 80.04, 80.03, 80.01, 79.94, 79.59, 79.47, 80.48, 80.9, 81.34, 80.76, 80.99, 81.18, 81.29, 81.31, 81.27], [80.01, 80.01, 80.01, 80.01, 80.0, 79.98, 79.94, 79.88, 79.73, 79.31, 79.4, 80.12, 80.68, 81.15, 80.64, 80.85, 81.01, 81.11, 81.16, 81.16], [80.0, 80.0, 79.99, 79.98, 79.96, 79.93, 79.88, 79.8, 80.25, 79.87, 79.64, 80.11, 80.61, 81.04, 80.54, 80.74, 80.88, 80.98, 81.03, 81.05], [79.99, 79.98, 79.97, 79.96, 79.94, 79.9, 79.85, 79.78, 80.36, 80.17, 80.13, 80.35, 80.68, 81.01, 80.49, 80.65, 80.78, 80.88, 80.94, 80.97], [79.98, 79.97, 79.96, 79.94, 79.92, 79.89, 79.84, 80.62, 80.51, 80.43, 80.44, 80.57, 80.79, 81.04, 80.46, 80.6, 80.71, 80.8, 80.86, 80.9]]}