gis_exercise/awsData/contour/humi_2023091415.json
{"header": {"refTime": "2023-09-14T15:00:00.000Z", "nx": 21, "ny": 33, "lo1": 113.509, "la1": 22.2235, "lo2": 113.5947, "la2": 22.1034, "dx": 0.0042850000000001385, "dy": 0.003753125000000024, "parameterCategory": 0, "parameterCategoryName": "Temperature", "parameterNumber": 0}, "z": [[90.73, 90.77, 90.8, 93.14, 93.03, 91.52, 91.46, 91.41, 91.37, 92.16, 92.27, 92.36, 91.72, 91.77, 91.57, 91.65, 92.52, 92.56, 92.59, 92.61], [90.71, 90.75, 90.79, 90.84, 93.03, 92.87, 91.45, 91.35, 91.28, 91.99, 92.21, 92.33, 91.7, 91.76, 91.57, 92.45, 92.52, 92.57, 92.61, 92.63], [90.68, 90.72, 90.77, 90.83, 93.07, 92.91, 92.63, 91.31, 91.07, 91.86, 92.22, 92.31, 91.68, 91.73, 92.34, 92.45, 92.54, 92.6, 92.63, 92.65], [90.65, 90.68, 90.73, 90.8, 90.88, 93.03, 92.81, 92.44, 92.1, 92.15, 92.38, 92.26, 91.59, 92.87, 92.3, 92.47, 92.57, 92.64, 92.67, 92.69], [90.59, 90.63, 90.68, 90.75, 90.85, 93.2, 93.11, 93.01, 93.04, 92.76, 92.73, 92.76, 91.75, 92.65, 92.32, 92.52, 92.64, 92.7, 92.72, 92.72], [90.53, 90.55, 90.59, 90.67, 90.79, 90.96, 93.38, 93.44, 93.64, 94.02, 94.12, 93.28, 92.48, 92.0, 92.45, 92.63, 92.75, 92.8, 92.78, 92.76], [90.24, 90.46, 90.48, 90.53, 90.65, 90.88, 92.76, 93.58, 93.81, 95.04, 95.46, 94.19, 92.71, 92.53, 92.65, 92.74, 92.86, 92.91, 92.63, 92.5], [90.14, 90.11, 90.1, 90.13, 90.24, 92.01, 92.49, 92.99, 93.51, 95.19, 96.33, 94.92, 94.9, 92.49, 93.37, 93.48, 93.26, 93.18, 93.31, 93.39], [90.86, 90.79, 89.91, 89.83, 89.8, 89.99, 90.6, 92.69, 94.27, 94.92, 95.85, 95.41, 95.19, 95.48, 93.4, 93.52, 93.39, 93.34, 93.37, 93.42], [88.0, 88.0, 88.0, 90.34, 90.01, 89.13, 89.74, 90.6, 95.27, 95.05, 95.18, 95.68, 95.52, 95.6, 93.4, 93.56, 93.48, 93.44, 93.44, 93.46], [88.0, 88.0, 88.0, 88.0, 88.0, 88.0, 88.0, 88.0, 89.77, 94.37, 97.0, 95.86, 95.72, 95.71, 93.39, 93.6, 93.54, 93.5, 93.49, 93.5], [88.0, 88.0, 88.0, 88.0, 88.0, 88.0, 88.0, 88.0, 88.0, -999.0, 97.0, 94.0, 94.0, 95.81, 93.38, 93.63, 93.59, 95.84, 95.77, 95.76], [88.0, 88.0, 88.0, 88.0, 88.0, 88.0, 88.0, 88.0, 88.0, 88.0, -999.0, 94.0, 94.0, 96.61, 95.46, 94.82, 94.78, 95.4, 95.31, 95.26], [88.0, 88.0, 88.0, 88.0, 88.0, 88.0, 88.0, 88.0, 88.0, 88.0, -999.0, 98.0, 98.0, 98.0, 95.8, 95.24, 95.16, 95.78, 95.65, 95.55], [88.0, 88.0, 88.0, 88.0, 88.0, 88.0, 88.0, 90.0, 90.0, 90.0, 90.0, 93.07, 98.0, 98.0, 98.0, 95.71, 95.56, 96.14, 95.96, 95.81], [88.0, 88.0, 89.26, 89.28, 89.32, 90.0, 90.0, 90.0, 90.0, 90.0, 95.03, 94.46, 95.24, 95.89, 95.15, 97.63, 97.58, 97.68, 96.43, 96.32], [89.28, 89.3, 88.71, 88.74, 90.0, 90.0, 90.0, 90.0, 90.0, 90.0, 93.44, 94.43, 95.48, 96.44, 96.93, 97.84, 97.79, 97.75, 97.72, 97.7], [88.71, 88.74, 88.77, 88.83, 90.0, 90.0, 90.0, 90.0, 90.0, 92.03, 93.11, 94.31, 95.56, 96.84, 97.85, 97.86, 97.78, 97.73, 97.7, 97.68], [88.75, 88.79, 88.83, 90.0, 90.0, 90.0, 90.0, 90.0, 90.72, 91.56, 92.86, 93.88, 95.63, 96.51, 97.87, 97.81, 97.75, 97.7, 97.68, 97.67], [88.78, 88.81, 91.71, 91.63, 91.52, 91.36, 91.12, 90.49, 91.08, 91.9, 92.83, 93.69, 95.39, 96.04, 97.76, 97.73, 97.69, 97.66, 97.65, 97.64], [91.83, 91.79, 91.73, 91.24, 91.18, 91.09, 90.98, 90.86, 91.95, 92.35, 92.93, 93.55, 95.24, 97.7, 97.68, 97.65, 97.62, 97.61, 97.61, 97.62], [91.4, 91.38, 91.37, 91.35, 91.32, 91.29, 91.27, 91.21, 92.47, 92.71, 93.06, 93.46, 96.05, 97.65, 97.61, 97.57, 97.54, 97.55, 97.58, 97.6], [91.45, 91.45, 91.45, 91.34, 91.36, 91.39, 91.44, 91.52, 91.62, 91.68, 91.67, 93.17, 95.82, 97.61, 97.57, 97.5, 97.43, 97.49, 97.56, 97.59], [91.36, 91.37, 91.39, 91.41, 91.45, 91.52, 91.62, 91.78, 91.98, 92.08, 91.95, 93.48, 95.72, 96.2, 96.62, 97.48, 97.24, 97.54, 97.59, 97.6], [91.39, 91.4, 91.43, 91.47, 91.52, 91.61, 91.74, 91.95, 92.31, 92.6, 92.19, 93.32, 93.64, 96.15, 96.59, 96.96, 97.6, 97.73, 97.63, 97.61], [91.41, 91.43, 91.46, 91.5, 91.56, 91.65, 91.77, 91.97, 92.29, 92.55, 92.98, 93.13, 93.42, 96.09, 96.51, 96.53, 96.88, 96.99, 97.63, 97.62], [91.43, 91.45, 91.48, 91.52, 91.57, 91.64, 91.73, 91.85, 91.97, 91.99, 92.71, 92.86, 93.17, 95.18, 95.74, 96.18, 96.48, 96.61, 96.59, 96.51], [91.44, 91.46, 91.49, 91.52, 91.56, 91.61, 91.66, 91.7, 91.69, 92.3, 92.2, 92.62, 93.11, 93.64, 95.38, 95.82, 96.12, 96.28, 96.33, 96.31], [91.44, 91.46, 91.49, 91.51, 91.54, 91.57, 91.59, 91.58, 91.5, 91.83, 91.44, 92.23, 92.87, 93.42, 95.06, 95.5, 95.81, 95.99, 96.09, 96.12], [91.45, 91.46, 91.48, 91.5, 91.52, 91.53, 91.53, 91.5, 92.37, 91.95, 91.7, 92.23, 92.8, 93.29, 94.84, 95.26, 95.56, 95.75, 95.88, 95.94], [91.45, 91.46, 91.47, 91.49, 91.5, 91.5, 91.5, 91.47, 92.5, 92.3, 92.25, 92.5, 92.88, 93.26, 94.71, 95.08, 95.36, 95.56, 95.7, 95.78], [91.44, 91.46, 91.47, 91.48, 91.48, 91.48, 91.47, 92.79, 92.67, 92.58, 92.59, 92.75, 93.0, 93.29, 94.65, 94.97, 95.22, 95.41, 95.55, 95.65]]}