gis_exercise/awsData/contour/humi_2023091012.json
{"header": {"refTime": "2023-09-10T12:00:00.000Z", "nx": 21, "ny": 33, "lo1": 113.509, "la1": 22.2235, "lo2": 113.5947, "la2": 22.1034, "dx": 0.0042850000000001385, "dy": 0.003753125000000024, "parameterCategory": 0, "parameterCategoryName": "Temperature", "parameterNumber": 0}, "z": [[96.02, 96.03, 96.04, 97.07, 97.02, 95.8, 95.79, 95.78, 95.75, 96.07, 96.02, 95.96, 95.21, 95.17, 95.17, 95.21, 95.25, 95.29, 95.32, 95.35], [96.01, 96.02, 96.03, 96.05, 97.02, 96.94, 95.83, 95.83, 95.82, 96.06, 95.99, 95.9, 95.13, 95.1, 95.12, 95.19, 95.26, 95.31, 95.35, 95.37], [96.0, 96.01, 96.03, 96.05, 97.04, 96.95, 96.81, 95.88, 95.96, 96.06, 95.96, 95.78, 95.0, 94.99, 95.08, 95.19, 95.28, 95.35, 95.39, 95.41], [95.99, 96.0, 96.02, 96.04, 96.07, 97.01, 96.9, 96.72, 96.55, 96.12, 95.95, 95.58, 94.78, 95.44, 95.05, 95.22, 95.33, 95.41, 95.44, 95.45], [95.97, 95.98, 96.0, 96.03, 96.07, 97.1, 97.05, 97.01, 97.02, 96.31, 96.05, 95.37, 94.58, 95.27, 95.07, 95.28, 95.42, 95.5, 95.52, 95.5], [95.95, 95.96, 95.98, 96.0, 96.05, 96.12, 97.19, 97.22, 97.32, 97.51, 96.46, 95.77, 95.13, 94.67, 95.17, 95.39, 95.56, 95.64, 95.61, 95.56], [95.89, 95.93, 95.94, 95.96, 96.01, 96.1, 97.01, 97.29, 97.4, 97.73, 97.85, 96.46, 95.14, 95.02, 95.32, 95.5, 95.74, 95.83, 95.63, 95.5], [95.86, 95.85, 95.84, 95.85, 95.9, 96.7, 96.88, 97.07, 97.17, 97.85, 98.49, 96.92, 96.9, 94.99, 96.0, 96.0, 96.0, 96.0, 96.0, 96.0], [96.15, 96.12, 95.76, 95.73, 95.72, 95.8, 96.04, 96.96, 97.64, 97.64, 97.85, 97.41, 97.19, 97.48, 96.0, 96.0, 96.0, 96.0, 96.0, 96.0], [95.0, 95.0, 95.0, 95.94, 95.8, 95.45, 95.7, 96.04, 98.14, 98.03, 97.18, 97.68, 97.52, 97.6, 96.0, 96.0, 96.0, 96.0, 96.0, 96.0], [95.0, 95.0, 95.0, 95.0, 95.0, 95.0, 95.0, 95.0, 95.71, 97.68, 99.0, 97.86, 97.72, 97.71, 96.0, 96.0, 96.0, 96.0, 96.0, 96.0], [95.0, 95.0, 95.0, 95.0, 95.0, 95.0, 95.0, 95.0, 95.0, -999.0, 99.0, 96.0, 96.0, 97.81, 96.0, 96.0, 96.0, 97.71, 97.66, 97.65], [95.0, 95.0, 95.0, 95.0, 95.0, 95.0, 95.0, 95.0, 95.0, 95.0, -999.0, 96.0, 96.0, 97.96, 97.1, 97.09, 97.07, 97.44, 97.39, 97.35], [95.0, 95.0, 95.0, 95.0, 95.0, 95.0, 95.0, 95.0, 95.0, 95.0, -999.0, 99.0, 99.0, 99.0, 97.35, 97.34, 97.29, 97.67, 97.59, 97.53], [95.0, 95.0, 95.0, 95.0, 95.0, 95.0, 95.0, 95.0, 95.0, 95.0, 95.0, 96.54, 99.0, 99.0, 99.0, 97.63, 97.54, 97.88, 97.78, 97.69], [95.0, 95.0, 95.0, 95.0, 95.0, 95.0, 95.0, 95.0, 95.0, 95.0, 97.52, 97.23, 97.62, 97.95, 97.57, 98.63, 98.58, 98.68, 97.95, 97.87], [95.0, 95.0, 95.0, 95.0, 95.0, 95.0, 95.0, 95.0, 95.0, 95.0, 96.72, 97.22, 97.74, 98.22, 98.41, 98.7, 98.6, 98.52, 98.46, 98.42], [95.0, 95.0, 95.0, 95.0, 95.0, 95.0, 95.0, 95.0, 95.0, 96.02, 96.55, 97.15, 97.78, 98.37, 98.92, 98.74, 98.59, 98.49, 98.43, 98.39], [95.0, 95.0, 95.0, 95.0, 95.0, 95.0, 95.0, 95.0, 95.36, 95.78, 96.71, 97.23, 97.72, 98.18, 98.76, 98.65, 98.53, 98.44, 98.39, 98.35], [95.0, 95.0, 96.71, 96.63, 96.52, 96.36, 96.12, 95.49, 95.71, 96.21, 96.74, 97.19, 97.58, 97.9, 98.56, 98.5, 98.42, 98.36, 98.33, 98.31], [96.83, 96.79, 96.73, 96.24, 96.18, 96.09, 95.98, 95.86, 96.33, 96.57, 96.89, 97.2, 97.48, 98.44, 98.42, 98.36, 98.31, 98.28, 98.26, 98.26], [96.4, 96.38, 96.37, 96.35, 96.32, 96.29, 96.27, 96.04, 96.77, 96.91, 97.09, 97.27, 98.35, 98.35, 98.3, 98.25, 98.2, 98.19, 98.2, 98.21], [96.45, 96.45, 96.45, 96.09, 96.12, 96.16, 96.23, 96.32, 96.43, 96.49, 96.46, 97.12, 98.0, 98.28, 98.23, 98.16, 98.11, 98.11, 98.14, 98.17], [96.07, 96.09, 96.11, 96.14, 96.19, 96.27, 96.39, 96.57, 96.8, 96.91, 96.75, 97.25, 98.0, 98.0, 98.0, 98.11, 98.03, 98.05, 98.1, 98.15], [96.09, 96.11, 96.14, 96.18, 96.24, 96.33, 96.48, 96.73, 97.15, 97.51, 96.99, 97.2, 97.15, 98.0, 98.0, 98.0, 98.06, 98.05, 98.1, 98.14], [96.1, 96.12, 96.15, 96.19, 96.25, 96.34, 96.48, 96.71, 97.1, 97.42, 97.25, 97.04, 97.01, 98.0, 98.0, 97.54, 97.68, 97.72, 98.11, 98.14], [96.1, 96.12, 96.15, 96.19, 96.24, 96.3, 96.4, 96.52, 96.65, 96.65, 96.81, 96.74, 96.8, 96.93, 97.18, 97.38, 97.51, 97.56, 97.56, 97.52], [96.1, 96.12, 96.14, 96.17, 96.2, 96.23, 96.27, 96.28, 96.22, 96.34, 96.18, 96.33, 96.56, 96.76, 97.02, 97.22, 97.35, 97.42, 97.44, 97.44], [96.09, 96.11, 96.12, 96.14, 96.15, 96.16, 96.15, 96.09, 95.93, 95.8, 95.37, 95.97, 96.36, 96.62, 96.87, 97.07, 97.21, 97.29, 97.33, 97.35], [96.08, 96.09, 96.1, 96.11, 96.11, 96.1, 96.06, 95.98, 96.17, 95.79, 95.56, 95.94, 96.29, 96.55, 96.77, 96.96, 97.09, 97.18, 97.24, 97.27], [96.08, 96.08, 96.08, 96.08, 96.08, 96.05, 96.01, 95.94, 96.22, 96.04, 95.97, 96.11, 96.33, 96.53, 96.71, 96.88, 97.01, 97.1, 97.16, 97.2], [96.07, 96.07, 96.07, 96.06, 96.05, 96.03, 95.99, 96.43, 96.32, 96.23, 96.2, 96.28, 96.41, 96.55, 96.68, 96.83, 96.94, 97.03, 97.09, 97.14]]}