gis_exercise/awsData/contour/humi_2023090301.json
{"header": {"refTime": "2023-09-03T01:00:00.000Z", "nx": 21, "ny": 33, "lo1": 113.509, "la1": 22.2235, "lo2": 113.5947, "la2": 22.1034, "dx": 0.0042850000000001385, "dy": 0.003753125000000024, "parameterCategory": 0, "parameterCategoryName": "Temperature", "parameterNumber": 0}, "z": [[88.94, 88.93, 88.92, 90.18, 90.07, 88.31, 88.25, 88.19, 88.12, 88.46, 88.45, 88.42, 87.69, 87.68, 87.46, 87.53, 88.14, 88.2, 88.25, 88.29], [88.95, 88.94, 88.93, 88.91, 90.08, 89.91, 88.27, 88.18, 88.1, 88.39, 88.4, 88.34, 87.6, 87.6, 87.41, 88.05, 88.15, 88.23, 88.28, 88.32], [88.96, 88.96, 88.95, 88.94, 90.13, 89.95, 89.66, 88.19, 88.03, 88.35, 88.37, 88.22, 87.45, 87.48, 87.87, 88.05, 88.18, 88.27, 88.33, 88.36], [88.97, 88.97, 88.97, 88.98, 88.97, 90.09, 89.86, 89.47, 89.11, 88.5, 88.41, 88.0, 87.17, 88.3, 87.83, 88.07, 88.24, 88.34, 88.39, 88.41], [88.97, 88.98, 88.99, 89.01, 89.04, 90.3, 90.21, 90.09, 90.08, 88.89, 88.62, 88.14, 86.92, 88.03, 87.86, 88.16, 88.36, 88.45, 88.48, 88.47], [88.97, 88.98, 89.0, 89.04, 89.1, 89.18, 90.54, 90.6, 90.74, 90.97, 89.77, 88.79, 87.82, 87.34, 88.04, 88.32, 88.53, 88.61, 88.59, 88.54], [89.34, 88.97, 88.99, 89.03, 89.11, 89.26, 90.75, 90.92, 91.1, 91.73, 91.85, 89.93, 88.28, 88.04, 88.31, 88.49, 88.73, 88.82, 88.45, 88.26], [89.28, 89.27, 89.26, 89.28, 89.35, 90.32, 90.6, 90.92, 91.17, 91.85, 92.49, 90.92, 90.9, 87.99, 89.37, 89.48, 89.26, 89.18, 89.31, 89.39], [89.72, 89.67, 89.14, 89.1, 89.08, 89.19, 89.56, 90.72, 91.64, 91.64, 91.85, 91.41, 91.19, 91.48, 89.4, 89.52, 89.39, 89.34, 89.37, 89.42], [88.0, 88.0, 88.0, 89.4, 89.21, 88.68, 89.05, 89.56, 92.14, 92.03, 91.18, 91.68, 91.52, 91.6, 89.4, 89.56, 89.48, 89.44, 89.44, 89.46], [88.0, 88.0, 88.0, 88.0, 88.0, 88.0, 88.0, 88.0, 89.06, 91.68, 93.0, 91.86, 91.72, 91.71, 89.39, 89.6, 89.54, 89.5, 89.49, 89.5], [88.0, 88.0, 88.0, 88.0, 88.0, 88.0, 88.0, 88.0, 88.0, -999.0, 93.0, 90.0, 90.0, 91.81, 89.38, 89.63, 89.59, 92.41, 92.33, 92.31], [88.0, 88.0, 88.0, 88.0, 88.0, 88.0, 88.0, 88.0, 88.0, 88.0, -999.0, 90.0, 90.0, 93.26, 91.83, 91.18, 91.14, 91.88, 91.77, 91.71], [88.0, 88.0, 88.0, 88.0, 88.0, 88.0, 88.0, 88.0, 88.0, 88.0, -999.0, 95.0, 95.0, 95.0, 92.25, 91.68, 91.59, 92.34, 92.18, 92.06], [88.0, 88.0, 88.0, 88.0, 88.0, 88.0, 88.0, 90.0, 90.0, 90.0, 90.0, 91.92, 95.0, 95.0, 95.0, 92.25, 92.07, 92.77, 92.55, 92.37], [88.0, 88.0, 89.26, 89.28, 89.32, 90.0, 90.0, 90.0, 90.0, 90.0, 93.15, 92.79, 93.27, 93.68, 93.22, 94.27, 94.16, 94.35, 92.9, 92.75], [89.28, 89.3, 88.71, 88.74, 90.0, 90.0, 90.0, 90.0, 90.0, 90.0, 92.15, 92.77, 93.42, 94.02, 94.18, 94.55, 94.39, 94.26, 94.18, 94.11], [88.71, 88.74, 88.77, 88.83, 90.0, 90.0, 90.0, 90.0, 90.0, 91.27, 91.94, 92.69, 93.47, 94.13, 94.88, 94.6, 94.37, 94.23, 94.13, 94.07], [88.75, 88.79, 88.83, 90.0, 90.0, 90.0, 90.0, 90.0, 90.45, 90.97, 91.81, 92.45, 93.27, 93.86, 94.63, 94.46, 94.27, 94.14, 94.07, 94.02], [88.78, 88.81, 91.14, 91.09, 91.01, 90.91, 90.75, 90.33, 90.69, 91.21, 91.79, 92.33, 93.06, 93.46, 94.33, 94.23, 94.11, 94.02, 93.97, 93.95], [91.22, 91.19, 91.15, 90.83, 90.79, 90.73, 90.65, 90.57, 91.25, 91.5, 91.87, 92.26, 92.9, 94.14, 94.1, 94.01, 93.93, 93.88, 93.87, 93.88], [90.93, 90.92, 90.91, 90.9, 90.88, 90.86, 90.84, 90.87, 91.59, 91.74, 91.96, 92.21, 93.38, 93.99, 93.92, 93.82, 93.74, 93.74, 93.77, 93.81], [90.97, 90.97, 90.97, 90.98, 90.99, 91.0, 91.03, 91.08, 91.14, 91.19, 91.18, 91.67, 92.93, 93.89, 93.79, 93.66, 93.54, 93.6, 93.7, 93.76], [91.0, 91.01, 91.02, 91.03, 91.06, 91.1, 91.16, 91.26, 91.38, 91.44, 91.37, 92.0, 92.9, 93.05, 93.18, 93.59, 93.27, 93.59, 93.69, 93.74], [91.02, 91.04, 91.05, 91.08, 91.11, 91.16, 91.25, 91.38, 91.59, 91.77, 91.52, 91.95, 92.02, 93.04, 93.19, 93.31, 93.66, 93.77, 93.72, 93.75], [91.04, 91.06, 91.08, 91.11, 91.14, 91.2, 91.28, 91.4, 91.59, 91.74, 91.87, 91.87, 91.94, 93.03, 93.17, 93.14, 93.3, 93.36, 93.74, 93.76], [91.06, 91.08, 91.1, 91.12, 91.16, 91.21, 91.27, 91.34, 91.42, 91.44, 91.73, 91.75, 91.84, 92.61, 92.83, 93.01, 93.14, 93.19, 93.18, 93.14], [91.07, 91.09, 91.11, 91.13, 91.16, 91.2, 91.24, 91.27, 91.28, 91.55, 91.5, 91.74, 91.95, 92.17, 92.69, 92.87, 92.99, 93.06, 93.07, 93.06], [91.08, 91.09, 91.11, 91.13, 91.16, 91.18, 91.2, 91.21, 91.19, 91.34, 91.2, 91.56, 91.84, 92.07, 92.57, 92.74, 92.86, 92.94, 92.98, 92.99], [91.08, 91.1, 91.11, 91.13, 91.15, 91.17, 91.18, 91.18, 91.63, 91.43, 91.32, 91.56, 91.81, 92.02, 92.48, 92.65, 92.76, 92.84, 92.89, 92.91], [91.09, 91.1, 91.11, 91.13, 91.14, 91.15, 91.16, 91.16, 91.68, 91.59, 91.57, 91.67, 91.84, 92.01, 92.43, 92.58, 92.69, 92.77, 92.82, 92.85], [91.09, 91.1, 91.11, 91.12, 91.13, 91.14, 91.15, 91.81, 91.76, 91.71, 91.72, 91.78, 91.89, 92.02, 92.41, 92.53, 92.63, 92.71, 92.76, 92.8]]}