gis_exercise/awsData/contour/humi_2023090919.json
{"header": {"refTime": "2023-09-09T19:00:00.000Z", "nx": 21, "ny": 33, "lo1": 113.509, "la1": 22.2235, "lo2": 113.5947, "la2": 22.1034, "dx": 0.0042850000000001385, "dy": 0.003753125000000024, "parameterCategory": 0, "parameterCategoryName": "Temperature", "parameterNumber": 0}, "z": [[92.48, 92.52, 92.58, 94.43, 94.42, 92.09, 92.22, 92.33, 92.32, 93.26, 93.01, 92.76, 90.9, 90.73, 89.8, 89.68, 88.81, 88.8, 88.8, 88.8], [92.45, 92.49, 92.55, 92.62, 94.4, 94.37, 92.36, 92.63, 92.77, 93.36, 92.98, 92.58, 90.69, 90.53, 89.64, 88.79, 88.78, 88.77, 88.77, 88.77], [92.41, 92.44, 92.5, 92.57, 94.38, 94.35, 94.32, 92.88, 93.7, 93.47, 92.87, 92.26, 90.33, 90.23, 88.77, 88.77, 88.75, 88.74, 88.73, 88.74], [92.36, 92.39, 92.43, 92.5, 92.59, 94.33, 94.31, 94.27, 94.25, 93.4, 92.69, 91.69, 89.74, 90.66, 88.75, 88.75, 88.72, 88.69, 88.69, 88.7], [92.3, 92.32, 92.35, 92.4, 92.47, 94.3, 94.29, 94.31, 94.42, 93.46, 92.69, 90.54, 89.06, 90.32, 88.76, 88.73, 88.66, 88.61, 88.62, 88.66], [92.24, 92.24, 92.26, 92.28, 92.32, 92.38, 94.19, 94.19, 94.41, 94.89, 92.65, 91.28, 90.06, 89.0, 88.85, 88.72, 88.55, 88.48, 88.53, 88.61], [91.45, 92.16, 92.15, 92.15, 92.17, 92.2, 93.27, 93.8, 93.98, 94.57, 95.05, 92.52, 89.71, 89.53, 88.98, 88.71, 88.37, 88.25, 88.0, 88.0], [91.43, 91.42, 91.42, 91.43, 91.45, 92.98, 93.07, 92.94, 92.62, 94.88, 96.7, 93.15, 93.11, 89.49, 89.12, 89.44, 88.79, 88.55, 88.92, 89.17], [91.57, 91.56, 91.38, 91.37, 91.36, 91.4, 91.52, 93.08, 93.91, 94.34, 95.31, 94.28, 93.78, 94.44, 89.19, 89.56, 89.18, 89.02, 89.11, 89.26], [91.0, 91.0, 91.0, 91.47, 91.4, 91.23, 91.35, 91.52, 95.41, 95.08, 93.74, 94.92, 94.54, 94.72, 89.2, 89.69, 89.45, 89.32, 89.31, 89.37], [91.0, 91.0, 91.0, 91.0, 91.0, 91.0, 91.0, 91.0, 91.35, 94.05, 98.0, 95.33, 95.02, 95.0, 89.17, 89.79, 89.61, 89.51, 89.48, 89.5], [91.0, 91.0, 91.0, 91.0, 91.0, 91.0, 91.0, 91.0, 91.0, -999.0, 98.0, 91.0, 91.0, 95.21, 89.13, 89.89, 89.78, 93.12, 92.99, 92.96], [91.0, 91.0, 91.0, 91.0, 91.0, 91.0, 91.0, 91.0, 91.0, 91.0, -999.0, 91.0, 91.0, 94.92, 93.19, 91.28, 91.21, 92.32, 92.16, 92.06], [91.0, 91.0, 91.0, 91.0, 91.0, 91.0, 91.0, 91.0, 91.0, 91.0, -999.0, 97.0, 97.0, 97.0, 93.7, 92.03, 91.88, 93.01, 92.77, 92.58], [91.0, 91.0, 91.0, 91.0, 91.0, 91.0, 91.0, 92.0, 92.0, 92.0, 92.0, 93.92, 97.0, 97.0, 97.0, 92.88, 92.61, 93.65, 93.33, 93.06], [91.0, 91.0, 91.63, 91.64, 91.66, 92.0, 92.0, 92.0, 92.0, 92.0, 95.15, 94.79, 95.27, 95.68, 95.22, 95.17, 94.89, 95.38, 93.3, 93.04], [91.64, 91.65, 91.35, 91.37, 92.0, 92.0, 92.0, 92.0, 92.0, 92.0, 94.15, 94.77, 95.42, 96.02, 95.85, 95.8, 95.38, 95.04, 94.81, 94.64], [91.36, 91.37, 91.39, 91.41, 92.0, 92.0, 92.0, 92.0, 92.0, 93.27, 93.94, 94.69, 95.47, 95.81, 96.83, 95.94, 95.33, 94.94, 94.7, 94.54], [91.38, 91.39, 91.42, 92.0, 92.0, 92.0, 92.0, 92.0, 92.45, 92.97, 94.0, 94.64, 94.73, 95.41, 96.02, 95.58, 95.07, 94.73, 94.52, 94.39], [91.39, 91.41, 93.71, 93.63, 93.52, 93.36, 93.12, 92.49, 92.8, 93.38, 94.01, 94.56, 94.39, 94.78, 95.22, 94.97, 94.65, 94.41, 94.28, 94.21], [93.83, 93.79, 93.73, 93.24, 93.18, 93.09, 92.98, 92.86, 93.48, 93.76, 94.15, 94.54, 94.08, 94.73, 94.61, 94.39, 94.17, 94.04, 94.01, 94.02], [93.4, 93.38, 93.37, 93.35, 93.32, 93.29, 93.27, 93.04, 93.95, 94.11, 94.33, 94.57, 94.75, 94.33, 94.14, 93.89, 93.69, 93.67, 93.74, 93.83], [93.45, 93.45, 93.45, 93.09, 93.12, 93.16, 93.23, 93.32, 93.43, 93.49, 93.46, 93.33, 93.7, 94.05, 93.81, 93.49, 93.19, 93.31, 93.54, 93.7], [93.07, 93.09, 93.11, 93.14, 93.19, 93.27, 93.39, 93.57, 93.8, 93.91, 93.75, 93.51, 93.76, 93.52, 93.3, 93.3, 92.58, 93.24, 93.49, 93.64], [93.09, 93.11, 93.14, 93.18, 93.24, 93.33, 93.48, 93.73, 94.15, 94.51, 93.99, 93.56, 93.24, 93.57, 93.36, 93.21, 93.38, 93.59, 93.54, 93.63], [93.1, 93.12, 93.15, 93.19, 93.25, 93.34, 93.48, 93.71, 94.1, 94.42, 93.89, 93.46, 93.19, 93.62, 93.44, 92.89, 93.03, 93.1, 93.59, 93.66], [93.1, 93.12, 93.15, 93.19, 93.24, 93.3, 93.4, 93.52, 93.65, 93.65, 93.42, 93.21, 93.07, 92.65, 92.75, 92.84, 92.93, 92.97, 92.96, 92.92], [93.1, 93.12, 93.14, 93.17, 93.2, 93.23, 93.27, 93.28, 93.22, 93.04, 92.86, 93.18, 93.34, 93.47, 92.69, 92.78, 92.85, 92.88, 92.89, 92.88], [93.09, 93.11, 93.12, 93.14, 93.15, 93.16, 93.15, 93.09, 92.93, 92.58, 92.33, 92.85, 93.17, 93.36, 92.65, 92.73, 92.78, 92.82, 92.84, 92.84], [93.08, 93.09, 93.1, 93.11, 93.11, 93.1, 93.06, 92.98, 93.05, 92.71, 92.5, 92.82, 93.1, 93.29, 92.61, 92.68, 92.74, 92.77, 92.79, 92.8], [93.08, 93.08, 93.08, 93.08, 93.08, 93.05, 93.01, 92.94, 93.09, 92.92, 92.85, 92.96, 93.13, 93.28, 92.59, 92.65, 92.7, 92.74, 92.76, 92.77], [93.07, 93.07, 93.07, 93.06, 93.05, 93.03, 92.99, 93.26, 93.16, 93.07, 93.04, 93.1, 93.19, 93.3, 92.58, 92.63, 92.67, 92.71, 92.73, 92.75]]}