gis_exercise/awsData/contour/humi_2023090520.json
{"header": {"refTime": "2023-09-05T20:00:00.000Z", "nx": 21, "ny": 33, "lo1": 113.509, "la1": 22.2235, "lo2": 113.5947, "la2": 22.1034, "dx": 0.0042850000000001385, "dy": 0.003753125000000024, "parameterCategory": 0, "parameterCategoryName": "Temperature", "parameterNumber": 0}, "z": [[60.18, 60.23, 60.31, 61.15, 61.19, 60.55, 60.66, 60.75, 60.76, 60.79, 60.56, 60.34, 59.93, 59.82, 59.2, 59.12, 58.54, 58.53, 58.53, 58.53], [60.14, 60.19, 60.27, 60.36, 61.18, 61.25, 60.76, 60.97, 61.09, 60.97, 60.58, 60.24, 59.79, 59.69, 59.09, 58.53, 58.52, 58.52, 58.51, 58.51], [60.09, 60.14, 60.21, 60.3, 61.15, 61.22, 61.35, 61.15, 61.78, 61.12, 60.5, 60.04, 59.56, 59.49, 58.51, 58.51, 58.5, 58.49, 58.49, 58.49], [60.02, 60.07, 60.13, 60.21, 60.33, 61.15, 61.25, 61.42, 61.57, 60.89, 60.28, 59.69, 59.16, 59.05, 58.5, 58.5, 58.48, 58.46, 58.46, 58.47], [59.95, 59.98, 60.02, 60.09, 60.19, 61.05, 61.09, 61.15, 61.19, 60.57, 60.07, 58.97, 58.42, 58.93, 58.51, 58.49, 58.44, 58.41, 58.41, 58.44], [59.87, 59.88, 59.9, 59.94, 60.01, 60.1, 60.91, 60.88, 60.89, 60.93, 59.69, 59.27, 58.84, 58.67, 58.56, 58.48, 58.37, 58.32, 58.36, 58.41], [58.89, 59.77, 59.76, 59.77, 59.81, 59.88, 59.75, 60.61, 60.59, 60.46, 60.55, 59.8, 59.14, 59.02, 58.66, 58.48, 58.25, 58.17, 58.0, 58.0], [58.86, 58.85, 58.84, 58.85, 58.9, 59.47, 59.66, 59.89, 60.11, 60.51, 60.8, 60.31, 60.3, 58.99, 58.74, 58.96, 58.52, 58.37, 58.61, 58.78], [59.15, 59.12, 58.76, 58.73, 58.72, 58.8, 59.04, 59.74, 60.32, 60.43, 60.62, 60.47, 60.4, 60.49, 58.8, 59.04, 58.79, 58.68, 58.74, 58.84], [58.0, 58.0, 58.0, 58.94, 58.8, 58.45, 58.7, 59.04, 60.57, 60.51, 60.39, 60.56, 60.51, 60.53, 58.8, 59.13, 58.96, 58.88, 58.88, 58.91], [58.0, 58.0, 58.0, 58.0, 58.0, 58.0, 58.0, 58.0, 58.71, 60.34, 61.0, 60.62, 60.57, 60.57, 58.78, 59.19, 59.07, 59.0, 58.99, 59.0], [58.0, 58.0, 58.0, 58.0, 58.0, 58.0, 58.0, 58.0, 58.0, -999.0, 61.0, 60.0, 60.0, 60.6, 58.76, 59.26, 59.19, 66.53, 66.32, 66.27], [58.0, 58.0, 58.0, 58.0, 58.0, 58.0, 58.0, 58.0, 58.0, 58.0, -999.0, 60.0, 60.0, 68.49, 64.75, 63.46, 63.35, 65.2, 64.94, 64.77], [58.0, 58.0, 58.0, 58.0, 58.0, 58.0, 58.0, 58.0, 58.0, 58.0, -999.0, 73.0, 73.0, 73.0, 65.85, 64.71, 64.47, 66.35, 65.95, 65.64], [58.0, 58.0, 58.0, 58.0, 58.0, 58.0, 58.0, 62.0, 62.0, 62.0, 62.0, 66.23, 73.0, 73.0, 73.0, 66.13, 65.68, 67.42, 66.88, 66.43], [58.0, 58.0, 60.52, 60.56, 60.64, 62.0, 62.0, 62.0, 62.0, 62.0, 68.92, 68.14, 69.2, 70.1, 69.08, 69.7, 69.2, 70.08, 66.66, 66.2], [60.57, 60.59, 59.41, 59.48, 62.0, 62.0, 62.0, 62.0, 62.0, 62.0, 66.73, 68.09, 69.53, 70.85, 70.68, 72.87, 72.83, 72.81, 72.82, 72.84], [59.43, 59.48, 59.55, 59.65, 62.0, 62.0, 62.0, 62.0, 62.0, 64.79, 66.27, 67.92, 69.64, 70.6, 72.66, 72.86, 72.8, 72.78, 72.79, 72.82], [59.51, 59.57, 59.66, 62.0, 62.0, 62.0, 62.0, 62.0, 62.99, 64.14, 64.98, 66.35, 68.36, 69.81, 72.86, 72.79, 72.72, 72.71, 72.75, 72.8], [59.56, 59.63, 61.43, 61.46, 61.49, 61.55, 61.63, 61.84, 62.92, 63.72, 64.75, 65.89, 67.71, 68.56, 72.69, 72.63, 72.58, 72.61, 72.69, 72.79], [61.39, 61.4, 61.42, 61.59, 61.61, 61.64, 61.67, 61.71, 63.47, 63.89, 64.57, 65.42, 67.11, 72.62, 72.51, 72.39, 72.34, 72.44, 72.63, 72.8], [61.53, 61.54, 61.54, 61.55, 61.56, 61.57, 61.58, 61.48, 63.56, 63.81, 64.28, 64.92, 66.21, 72.52, 72.32, 72.05, 71.89, 72.18, 72.62, 72.88], [61.52, 61.52, 61.52, 61.38, 61.39, 61.39, 61.38, 61.36, 61.33, 61.31, 61.3, 62.08, 68.22, 72.49, 72.2, 71.61, 70.81, 71.84, 72.83, 73.09], [61.35, 61.35, 61.35, 61.35, 61.34, 61.33, 61.3, 61.27, 61.22, 61.19, 61.21, 61.74, 68.02, 69.19, 70.07, 71.66, 68.06, 73.21, 73.63, 73.46], [61.34, 61.33, 61.33, 61.32, 61.3, 61.28, 61.25, 61.2, 61.13, 61.07, 61.14, 61.64, 61.91, 69.2, 70.33, 71.37, 74.37, 76.66, 74.42, 73.77], [61.32, 61.31, 61.3, 61.29, 61.27, 61.25, 61.22, 61.17, 61.11, 61.06, 61.36, 61.58, 61.82, 69.17, 70.37, 71.53, 72.93, 73.63, 74.29, 73.85], [61.31, 61.3, 61.29, 61.27, 61.25, 61.23, 61.2, 61.16, 61.13, 61.11, 61.38, 61.53, 61.73, 68.75, 69.9, 70.95, 71.85, 72.29, 72.18, 71.85], [61.3, 61.29, 61.27, 61.26, 61.24, 61.21, 61.19, 61.16, 61.13, 61.3, 61.31, 64.09, 65.51, 67.14, 69.27, 70.24, 70.97, 71.38, 71.47, 71.37], [61.29, 61.27, 61.26, 61.25, 61.23, 61.2, 61.18, 61.15, 61.12, 61.22, 61.81, 63.47, 65.06, 66.6, 68.68, 69.6, 70.27, 70.69, 70.88, 70.91], [61.28, 61.27, 61.25, 61.24, 61.22, 61.2, 61.18, 61.15, 63.48, 62.77, 62.37, 63.55, 64.95, 66.29, 68.25, 69.1, 69.72, 70.14, 70.39, 70.5], [61.27, 61.26, 61.25, 61.23, 61.22, 61.2, 61.18, 61.16, 63.87, 63.54, 63.54, 64.17, 65.15, 66.21, 68.0, 68.74, 69.31, 69.72, 69.99, 70.14], [61.27, 61.26, 61.25, 61.23, 61.22, 61.2, 61.18, 64.52, 64.32, 64.21, 64.33, 64.77, 65.46, 66.27, 67.88, 68.51, 69.01, 69.4, 69.67, 69.85]]}