gis_exercise/awsData/contour/humi_2023090405.json
{"header": {"refTime": "2023-09-04T05:00:00.000Z", "nx": 21, "ny": 33, "lo1": 113.509, "la1": 22.2235, "lo2": 113.5947, "la2": 22.1034, "dx": 0.0042850000000001385, "dy": 0.003753125000000024, "parameterCategory": 0, "parameterCategoryName": "Temperature", "parameterNumber": 0}, "z": [[81.65, 81.64, 81.62, 81.11, 81.16, 79.6, 79.76, 79.91, 79.91, 80.23, 79.86, 79.49, 78.02, 77.81, 77.68, 77.61, 76.25, 76.29, 76.32, 76.35], [81.66, 81.64, 81.62, 81.6, 81.14, 81.21, 79.94, 80.29, 80.48, 80.49, 79.86, 79.31, 77.79, 77.57, 77.49, 76.19, 76.26, 76.31, 76.35, 76.37], [81.68, 81.65, 81.63, 81.59, 81.1, 81.17, 81.31, 80.59, 81.63, 80.71, 79.74, 78.95, 77.38, 77.24, 76.08, 76.19, 76.28, 76.35, 76.39, 76.41], [81.7, 81.67, 81.64, 81.59, 81.54, 81.09, 81.19, 81.38, 81.56, 80.4, 79.4, 78.33, 76.73, 76.84, 76.05, 76.22, 76.33, 76.41, 76.44, 76.45], [81.73, 81.7, 81.66, 81.6, 81.52, 80.95, 80.99, 81.07, 81.15, 80.0, 79.13, 76.76, 75.74, 76.6, 76.07, 76.28, 76.42, 76.5, 76.52, 76.5], [81.78, 81.75, 81.71, 81.65, 81.53, 81.37, 80.74, 80.71, 80.79, 80.99, 78.23, 77.27, 76.42, 75.67, 76.17, 76.39, 76.56, 76.64, 76.61, 76.56], [81.76, 81.82, 81.8, 81.74, 81.61, 81.38, 81.01, 80.27, 80.3, 79.99, 80.14, 78.12, 76.14, 76.02, 76.32, 76.5, 76.74, 76.83, 76.63, 76.5], [81.86, 81.89, 81.9, 81.87, 81.76, 81.57, 81.1, 80.27, 79.22, 80.19, 81.17, 78.54, 78.51, 75.99, 77.0, 77.0, 77.0, 77.0, 77.0, 77.0], [81.14, 81.21, 82.09, 82.17, 82.2, 82.01, 81.4, 80.85, 79.96, 79.85, 80.08, 79.34, 78.98, 79.46, 77.0, 77.0, 77.0, 77.0, 77.0, 77.0], [84.0, 84.0, 84.0, 81.66, 81.99, 82.87, 82.26, 81.4, 80.71, 80.54, 78.96, 79.8, 79.53, 79.66, 77.0, 77.0, 77.0, 77.0, 77.0, 77.0], [84.0, 84.0, 84.0, 84.0, 84.0, 84.0, 84.0, 84.0, 82.23, 80.03, 82.0, 80.09, 79.87, 79.85, 77.0, 77.0, 77.0, 77.0, 77.0, 77.0], [84.0, 84.0, 84.0, 84.0, 84.0, 84.0, 84.0, 84.0, 84.0, -999.0, 82.0, 77.0, 77.0, 80.01, 77.0, 77.0, 77.0, 82.12, 81.99, 81.96], [84.0, 84.0, 84.0, 84.0, 84.0, 84.0, 84.0, 84.0, 84.0, 84.0, -999.0, 77.0, 77.0, 82.88, 80.29, 80.28, 80.21, 81.32, 81.16, 81.06], [84.0, 84.0, 84.0, 84.0, 84.0, 84.0, 84.0, 84.0, 84.0, 84.0, -999.0, 86.0, 86.0, 86.0, 81.05, 81.03, 80.88, 82.01, 81.77, 81.58], [84.0, 84.0, 84.0, 84.0, 84.0, 84.0, 84.0, 89.0, 89.0, 89.0, 89.0, 87.85, 86.0, 86.0, 86.0, 81.88, 81.61, 82.65, 82.33, 82.06], [84.0, 84.0, 87.15, 87.2, 87.3, 89.0, 89.0, 89.0, 89.0, 89.0, 87.11, 87.33, 87.04, 86.79, 87.07, 86.37, 86.42, 86.32, 83.94, 83.79], [87.21, 87.24, 85.76, 85.85, 89.0, 89.0, 89.0, 89.0, 89.0, 89.0, 87.71, 87.34, 86.95, 86.59, 86.47, 86.72, 86.97, 87.18, 87.33, 87.43], [85.78, 85.84, 85.93, 86.06, 89.0, 89.0, 89.0, 89.0, 89.0, 88.24, 87.84, 87.39, 86.92, 86.5, 86.07, 86.63, 86.99, 87.23, 87.39, 87.5], [85.88, 85.96, 86.08, 89.0, 89.0, 89.0, 89.0, 89.0, 88.73, 88.42, 88.32, 87.96, 87.0, 86.65, 86.58, 86.84, 87.14, 87.35, 87.49, 87.58], [85.95, 86.03, 89.57, 89.54, 89.51, 89.45, 89.37, 89.16, 88.83, 88.66, 88.41, 88.11, 87.12, 86.88, 87.04, 87.18, 87.37, 87.52, 87.63, 87.69], [89.61, 89.6, 89.58, 89.41, 89.39, 89.36, 89.33, 89.29, 88.77, 88.67, 88.5, 88.28, 87.21, 87.33, 87.38, 87.49, 87.61, 87.71, 87.78, 87.82], [89.47, 89.46, 89.46, 89.45, 89.44, 89.43, 89.42, 89.0, 88.84, 88.78, 88.65, 88.46, 87.62, 87.55, 87.63, 87.72, 87.81, 87.89, 87.94, 87.95], [89.48, 89.48, 89.48, 88.86, 88.89, 88.93, 88.98, 89.04, 89.1, 89.11, 89.06, 88.92, 89.0, 87.72, 87.8, 87.86, 87.87, 88.03, 88.12, 88.09], [88.78, 88.79, 88.81, 88.84, 88.88, 88.93, 89.0, 89.1, 89.23, 89.29, 89.17, 88.51, 89.05, 88.86, 88.67, 87.99, 87.6, 88.4, 88.34, 88.21], [88.76, 88.77, 88.79, 88.81, 88.85, 88.9, 88.98, 89.13, 89.41, 89.65, 89.26, 88.56, 88.24, 88.9, 88.75, 88.63, 88.59, 88.99, 88.5, 88.29], [88.74, 88.75, 88.76, 88.78, 88.8, 88.84, 88.92, 89.05, 89.32, 89.55, 88.89, 88.46, 88.19, 88.96, 88.84, 88.33, 88.54, 88.65, 88.43, 88.29], [88.71, 88.72, 88.72, 88.73, 88.74, 88.76, 88.79, 88.84, 88.9, 88.87, 88.42, 88.21, 88.07, 87.97, 88.12, 88.26, 88.39, 88.45, 88.44, 88.39], [88.69, 88.69, 88.68, 88.68, 88.67, 88.66, 88.64, 88.59, 88.47, 88.04, 87.86, 88.33, 88.56, 88.76, 88.04, 88.17, 88.27, 88.33, 88.34, 88.32], [88.66, 88.66, 88.65, 88.63, 88.61, 88.57, 88.51, 88.39, 88.16, 87.58, 87.37, 87.97, 88.36, 88.62, 87.97, 88.09, 88.18, 88.23, 88.26, 88.26], [88.64, 88.63, 88.61, 88.59, 88.55, 88.5, 88.41, 88.28, 88.17, 87.79, 87.56, 87.94, 88.29, 88.55, 87.91, 88.02, 88.1, 88.16, 88.19, 88.2], [88.62, 88.6, 88.58, 88.55, 88.51, 88.45, 88.37, 88.25, 88.22, 88.04, 87.97, 88.11, 88.33, 88.53, 87.88, 87.98, 88.05, 88.1, 88.14, 88.16], [88.6, 88.58, 88.56, 88.53, 88.48, 88.43, 88.35, 88.43, 88.32, 88.23, 88.2, 88.28, 88.41, 88.55, 87.87, 87.95, 88.01, 88.06, 88.1, 88.12]]}