gis_exercise/awsData/contour/humi_2023090300.json
{"header": {"refTime": "2023-09-03T00:00:00.000Z", "nx": 21, "ny": 33, "lo1": 113.509, "la1": 22.2235, "lo2": 113.5947, "la2": 22.1034, "dx": 0.0042850000000001385, "dy": 0.003753125000000024, "parameterCategory": 0, "parameterCategoryName": "Temperature", "parameterNumber": 0}, "z": [[88.94, 88.93, 88.92, 90.18, 90.07, 88.55, 88.47, 88.4, 88.34, 88.71, 88.76, 88.78, 88.08, 88.09, 87.87, 87.93, 88.52, 88.56, 88.59, 88.61], [88.95, 88.94, 88.93, 88.91, 90.08, 89.91, 88.47, 88.35, 88.26, 88.61, 88.7, 88.72, 88.04, 88.05, 87.85, 88.45, 88.52, 88.57, 88.61, 88.63], [88.96, 88.96, 88.95, 88.94, 90.13, 89.95, 89.66, 88.32, 88.07, 88.53, 88.7, 88.65, 87.95, 87.98, 88.34, 88.45, 88.54, 88.6, 88.63, 88.65], [88.97, 88.97, 88.97, 88.98, 88.97, 90.09, 89.86, 89.47, 89.11, 88.73, 88.78, 88.53, 87.78, 88.87, 88.3, 88.47, 88.57, 88.64, 88.67, 88.69], [88.97, 88.98, 88.99, 89.01, 89.04, 90.3, 90.21, 90.09, 90.08, 89.18, 89.03, 88.76, 87.75, 88.65, 88.32, 88.52, 88.64, 88.7, 88.72, 88.72], [88.97, 88.98, 89.0, 89.04, 89.1, 89.18, 90.54, 90.6, 90.74, 90.97, 90.12, 89.28, 88.48, 88.0, 88.45, 88.63, 88.75, 88.8, 88.78, 88.76], [89.34, 88.97, 88.99, 89.03, 89.11, 89.26, 90.75, 90.92, 91.1, 91.73, 91.85, 90.19, 88.71, 88.53, 88.65, 88.74, 88.86, 88.91, 88.63, 88.5], [89.28, 89.27, 89.26, 89.28, 89.35, 90.32, 90.6, 90.92, 91.17, 91.85, 92.49, 90.92, 90.9, 88.49, 89.37, 89.48, 89.26, 89.18, 89.31, 89.39], [89.72, 89.67, 89.14, 89.1, 89.08, 89.19, 89.56, 90.72, 91.64, 91.64, 91.85, 91.41, 91.19, 91.48, 89.4, 89.52, 89.39, 89.34, 89.37, 89.42], [88.0, 88.0, 88.0, 89.4, 89.21, 88.68, 89.05, 89.56, 92.14, 92.03, 91.18, 91.68, 91.52, 91.6, 89.4, 89.56, 89.48, 89.44, 89.44, 89.46], [88.0, 88.0, 88.0, 88.0, 88.0, 88.0, 88.0, 88.0, 89.06, 91.68, 93.0, 91.86, 91.72, 91.71, 89.39, 89.6, 89.54, 89.5, 89.49, 89.5], [88.0, 88.0, 88.0, 88.0, 88.0, 88.0, 88.0, 88.0, 88.0, -999.0, 93.0, 90.0, 90.0, 91.81, 89.38, 89.63, 89.59, 92.41, 92.33, 92.31], [88.0, 88.0, 88.0, 88.0, 88.0, 88.0, 88.0, 88.0, 88.0, 88.0, -999.0, 90.0, 90.0, 93.26, 91.83, 91.18, 91.14, 91.88, 91.77, 91.71], [88.0, 88.0, 88.0, 88.0, 88.0, 88.0, 88.0, 88.0, 88.0, 88.0, -999.0, 95.0, 95.0, 95.0, 92.25, 91.68, 91.59, 92.34, 92.18, 92.06], [88.0, 88.0, 88.0, 88.0, 88.0, 88.0, 88.0, 89.0, 89.0, 89.0, 89.0, 91.31, 95.0, 95.0, 95.0, 92.25, 92.07, 92.77, 92.55, 92.37], [88.0, 88.0, 88.63, 88.64, 88.66, 89.0, 89.0, 89.0, 89.0, 89.0, 92.78, 92.35, 92.93, 93.42, 92.86, 94.27, 94.16, 94.35, 92.9, 92.75], [88.64, 88.65, 88.35, 88.37, 89.0, 89.0, 89.0, 89.0, 89.0, 89.0, 91.58, 92.32, 93.11, 93.83, 94.06, 94.69, 94.58, 94.5, 94.44, 94.4], [88.36, 88.37, 88.39, 88.41, 89.0, 89.0, 89.0, 89.0, 89.0, 90.52, 91.33, 92.23, 93.17, 94.0, 94.87, 94.72, 94.57, 94.47, 94.41, 94.37], [88.38, 88.39, 88.42, 89.0, 89.0, 89.0, 89.0, 89.0, 89.54, 90.17, 91.29, 92.06, 92.99, 93.7, 94.74, 94.63, 94.5, 94.41, 94.36, 94.33], [88.39, 88.41, 90.71, 90.63, 90.52, 90.36, 90.12, 89.49, 89.9, 90.55, 91.28, 91.94, 92.76, 93.24, 94.53, 94.46, 94.38, 94.32, 94.29, 94.29], [90.83, 90.79, 90.73, 90.24, 90.18, 90.09, 89.98, 89.86, 90.64, 90.96, 91.41, 91.88, 92.59, 94.4, 94.36, 94.3, 94.24, 94.21, 94.22, 94.24], [90.4, 90.38, 90.37, 90.35, 90.32, 90.29, 90.27, 90.21, 91.12, 91.31, 91.57, 91.87, 93.38, 94.29, 94.23, 94.14, 94.08, 94.1, 94.15, 94.2], [90.45, 90.45, 90.45, 90.34, 90.36, 90.39, 90.44, 90.52, 90.62, 90.68, 90.67, 91.38, 93.22, 94.22, 94.14, 94.01, 93.86, 93.98, 94.12, 94.18], [90.36, 90.37, 90.39, 90.41, 90.45, 90.52, 90.62, 90.78, 90.98, 91.08, 90.95, 91.75, 93.18, 93.39, 93.55, 93.96, 93.48, 94.08, 94.17, 94.2], [90.39, 90.4, 90.43, 90.47, 90.52, 90.61, 90.74, 90.95, 91.31, 91.6, 91.19, 91.68, 91.73, 93.38, 93.57, 93.74, 94.21, 94.45, 94.25, 94.22], [90.41, 90.43, 90.46, 90.5, 90.56, 90.65, 90.77, 90.97, 91.29, 91.55, 91.62, 91.55, 91.61, 93.37, 93.56, 93.43, 93.71, 93.82, 94.26, 94.24], [90.43, 90.45, 90.48, 90.52, 90.57, 90.64, 90.73, 90.85, 90.97, 90.99, 91.33, 91.33, 91.44, 92.58, 92.93, 93.22, 93.44, 93.53, 93.52, 93.45], [90.44, 90.46, 90.49, 90.52, 90.56, 90.61, 90.66, 90.7, 90.69, 90.99, 90.89, 91.33, 91.68, 92.05, 92.71, 93.0, 93.2, 93.3, 93.33, 93.32], [90.44, 90.46, 90.49, 90.51, 90.54, 90.57, 90.59, 90.58, 90.5, 90.61, 90.37, 91.0, 91.49, 91.88, 92.52, 92.8, 92.99, 93.11, 93.17, 93.19], [90.45, 90.46, 90.48, 90.5, 90.52, 90.53, 90.53, 90.5, 91.13, 90.78, 90.57, 90.99, 91.43, 91.79, 92.38, 92.64, 92.83, 92.96, 93.03, 93.07], [90.45, 90.46, 90.47, 90.49, 90.5, 90.5, 90.5, 90.47, 91.22, 91.05, 91.01, 91.2, 91.48, 91.76, 92.29, 92.53, 92.71, 92.83, 92.92, 92.97], [90.44, 90.46, 90.47, 90.48, 90.48, 90.48, 90.47, 91.45, 91.35, 91.28, 91.28, 91.39, 91.57, 91.78, 92.26, 92.46, 92.62, 92.74, 92.82, 92.88]]}