gis_exercise/awsData/contour/humi_2023091411.json
{"header": {"refTime": "2023-09-14T11:00:00.000Z", "nx": 21, "ny": 33, "lo1": 113.509, "la1": 22.2235, "lo2": 113.5947, "la2": 22.1034, "dx": 0.0042850000000001385, "dy": 0.003753125000000024, "parameterCategory": 0, "parameterCategoryName": "Temperature", "parameterNumber": 0}, "z": [[90.49, 90.55, 90.61, 92.22, 92.21, 90.12, 90.23, 90.32, 90.29, 90.62, 90.28, 89.95, 87.78, 87.55, 88.25, 88.25, 86.69, 86.78, 86.85, 86.9], [90.46, 90.51, 90.58, 90.67, 92.2, 92.19, 90.38, 90.63, 90.76, 90.82, 90.27, 89.75, 87.55, 87.32, 88.06, 86.59, 86.74, 86.85, 86.93, 86.97], [90.41, 90.46, 90.53, 90.62, 92.19, 92.18, 92.16, 90.9, 91.7, 90.99, 90.14, 89.39, 87.16, 86.99, 86.39, 86.62, 86.81, 86.96, 87.04, 87.07], [90.35, 90.39, 90.45, 90.54, 90.65, 92.17, 92.15, 92.14, 92.12, 90.78, 89.86, 88.75, 86.54, 87.0, 86.35, 86.68, 86.95, 87.12, 87.2, 87.2], [90.27, 90.3, 90.35, 90.43, 90.53, 92.15, 92.14, 92.16, 92.21, 90.59, 89.71, 86.96, 85.8, 86.73, 86.38, 86.82, 87.19, 87.38, 87.41, 87.35], [90.19, 90.2, 90.23, 90.29, 90.37, 90.5, 92.1, 92.1, 92.2, 92.44, 88.72, 87.52, 86.52, 85.33, 86.5, 87.05, 87.57, 87.79, 87.68, 87.51], [89.34, 90.09, 90.09, 90.11, 90.18, 90.3, 91.01, 91.9, 91.99, 91.4, 91.38, 88.38, 85.57, 85.51, 86.66, 87.28, 88.1, 88.4, 88.26, 88.01], [89.28, 89.27, 89.26, 89.28, 89.35, 90.54, 90.83, 91.11, 91.05, 91.7, 92.82, 88.46, 88.41, 85.5, 87.88, 87.56, 88.21, 88.45, 88.08, 87.83], [89.72, 89.67, 89.14, 89.1, 89.08, 89.19, 89.56, 90.94, 91.96, 91.21, 90.93, 89.75, 89.17, 89.93, 87.81, 87.44, 87.82, 87.98, 87.89, 87.74], [88.0, 88.0, 88.0, 89.4, 89.21, 88.68, 89.05, 89.56, 92.71, 92.54, 89.14, 90.47, 90.05, 90.25, 87.8, 87.31, 87.55, 87.68, 87.69, 87.63], [88.0, 88.0, 88.0, 88.0, 88.0, 88.0, 88.0, 88.0, 89.06, 92.03, 94.0, 90.95, 90.59, 90.57, 87.83, 87.21, 87.39, 87.49, 87.52, 87.5], [88.0, 88.0, 88.0, 88.0, 88.0, 88.0, 88.0, 88.0, 88.0, -999.0, 94.0, 86.0, 86.0, 90.81, 87.87, 87.11, 87.22, 91.27, 91.22, 91.2], [88.0, 88.0, 88.0, 88.0, 88.0, 88.0, 88.0, 88.0, 88.0, 88.0, -999.0, 86.0, 86.0, 90.57, 88.56, 90.46, 90.43, 90.92, 90.85, 90.81], [88.0, 88.0, 88.0, 88.0, 88.0, 88.0, 88.0, 88.0, 88.0, 88.0, -999.0, 93.0, 93.0, 93.0, 89.15, 90.79, 90.73, 91.23, 91.12, 91.04], [88.0, 88.0, 88.0, 88.0, 88.0, 88.0, 88.0, 90.0, 90.0, 90.0, 90.0, 91.15, 93.0, 93.0, 93.0, 91.17, 91.05, 91.51, 91.37, 91.25], [88.0, 88.0, 89.26, 89.28, 89.32, 90.0, 90.0, 90.0, 90.0, 90.0, 91.89, 91.67, 91.96, 92.21, 91.93, 91.9, 91.73, 92.03, 91.14, 91.01], [89.28, 89.3, 88.71, 88.74, 90.0, 90.0, 90.0, 90.0, 90.0, 90.0, 91.29, 91.66, 92.05, 92.41, 92.31, 92.11, 91.8, 91.55, 91.37, 91.25], [88.71, 88.74, 88.77, 88.83, 90.0, 90.0, 90.0, 90.0, 90.0, 90.76, 91.16, 91.61, 92.08, 92.29, 92.9, 92.21, 91.77, 91.48, 91.29, 91.17], [88.75, 88.79, 88.83, 90.0, 90.0, 90.0, 90.0, 90.0, 90.27, 90.58, 90.68, 91.04, 91.64, 92.05, 92.28, 91.95, 91.58, 91.32, 91.16, 91.06], [88.78, 88.81, 89.43, 89.46, 89.49, 89.55, 89.63, 89.84, 90.17, 90.34, 90.59, 90.89, 91.44, 91.67, 91.69, 91.51, 91.27, 91.09, 90.98, 90.93], [89.39, 89.4, 89.42, 89.59, 89.61, 89.64, 89.67, 89.71, 90.23, 90.33, 90.5, 90.72, 91.25, 91.33, 91.25, 91.09, 90.93, 90.83, 90.79, 90.78], [89.53, 89.54, 89.54, 89.55, 89.56, 89.57, 89.58, 89.65, 90.16, 90.22, 90.35, 90.54, 90.74, 91.04, 90.91, 90.75, 90.61, 90.57, 90.59, 90.64], [89.52, 89.52, 89.52, 89.64, 89.63, 89.61, 89.59, 89.56, 89.52, 89.5, 89.51, 89.56, 89.63, 90.83, 90.68, 90.48, 90.32, 90.33, 90.42, 90.52], [89.64, 89.64, 89.63, 89.62, 89.6, 89.58, 89.54, 89.48, 89.4, 89.36, 89.42, 89.5, 89.61, 89.72, 89.81, 90.34, 90.09, 90.16, 90.31, 90.44], [89.64, 89.63, 89.62, 89.61, 89.59, 89.56, 89.51, 89.42, 89.28, 89.16, 89.34, 89.48, 89.59, 89.7, 89.8, 89.88, 90.17, 90.14, 90.29, 90.41], [89.63, 89.63, 89.62, 89.6, 89.58, 89.55, 89.51, 89.43, 89.3, 89.19, 89.37, 89.51, 89.6, 89.69, 89.78, 90.0, 90.0, 90.0, 90.34, 90.42], [89.63, 89.63, 89.62, 89.6, 89.59, 89.57, 89.53, 89.49, 89.45, 89.45, 89.53, 89.6, 89.64, 90.0, 90.0, 90.0, 90.0, 90.0, 90.0, 90.0], [89.63, 89.63, 89.62, 89.61, 89.6, 89.59, 89.58, 89.57, 89.59, 89.65, 89.71, 89.7, 89.7, 89.71, 90.0, 90.0, 90.0, 90.0, 90.0, 90.0], [89.64, 89.63, 89.63, 89.62, 89.62, 89.61, 89.62, 89.64, 89.69, 89.81, 89.91, 89.79, 89.74, 89.73, 90.0, 90.0, 90.0, 90.0, 90.0, 90.0], [89.64, 89.64, 89.63, 89.63, 89.63, 89.63, 89.65, 89.67, 89.73, 89.82, 89.88, 89.81, 89.76, 89.74, 90.0, 90.0, 90.0, 90.0, 90.0, 90.0], [89.64, 89.64, 89.64, 89.64, 89.64, 89.65, 89.66, 89.69, 89.73, 89.78, 89.8, 89.78, 89.75, 89.74, 90.0, 90.0, 90.0, 90.0, 90.0, 90.0], [89.64, 89.64, 89.64, 89.65, 89.65, 89.66, 89.67, 89.69, 89.72, 89.74, 89.76, 89.75, 89.74, 89.74, 90.0, 90.0, 90.0, 90.0, 90.0, 90.0]]}