gis_exercise/awsData/contour/humi_2023090914.json
{"header": {"refTime": "2023-09-09T14:00:00.000Z", "nx": 21, "ny": 33, "lo1": 113.509, "la1": 22.2235, "lo2": 113.5947, "la2": 22.1034, "dx": 0.0042850000000001385, "dy": 0.003753125000000024, "parameterCategory": 0, "parameterCategoryName": "Temperature", "parameterNumber": 0}, "z": [[96.31, 96.31, 96.31, 97.07, 97.02, 95.56, 95.57, 95.57, 95.53, 95.82, 95.72, 95.61, 94.57, 94.49, 93.9, 93.84, 93.54, 93.53, 93.53, 93.53], [96.32, 96.31, 96.31, 96.3, 97.02, 96.94, 95.63, 95.66, 95.67, 95.85, 95.69, 95.51, 94.46, 94.39, 93.82, 93.53, 93.52, 93.52, 93.51, 93.51], [96.32, 96.32, 96.32, 96.31, 97.04, 96.95, 96.81, 95.74, 95.92, 95.88, 95.64, 95.35, 94.28, 94.24, 93.51, 93.51, 93.5, 93.49, 93.49, 93.49], [96.32, 96.32, 96.32, 96.33, 96.32, 97.01, 96.9, 96.72, 96.55, 95.89, 95.58, 95.06, 93.97, 94.64, 93.5, 93.5, 93.48, 93.46, 93.46, 93.47], [96.32, 96.33, 96.33, 96.34, 96.35, 97.1, 97.05, 97.01, 97.02, 96.02, 95.64, 94.56, 93.66, 94.44, 93.51, 93.49, 93.44, 93.41, 93.41, 93.44], [96.32, 96.33, 96.33, 96.35, 96.37, 96.39, 97.19, 97.22, 97.32, 97.51, 95.85, 95.02, 94.28, 93.67, 93.56, 93.48, 93.37, 93.32, 93.36, 93.41], [96.45, 96.32, 96.33, 96.34, 96.37, 96.42, 97.26, 97.29, 97.4, 97.53, 97.59, 95.79, 94.14, 94.02, 93.66, 93.48, 93.25, 93.17, 93.0, 93.0], [96.43, 96.42, 96.42, 96.43, 96.45, 97.07, 97.17, 97.22, 97.11, 97.69, 98.37, 96.23, 96.21, 93.99, 93.74, 93.96, 93.52, 93.37, 93.61, 93.78], [96.57, 96.56, 96.38, 96.37, 96.36, 96.4, 96.52, 97.2, 97.64, 97.42, 97.46, 96.87, 96.59, 96.97, 93.8, 94.04, 93.79, 93.68, 93.74, 93.84], [96.0, 96.0, 96.0, 96.47, 96.4, 96.23, 96.35, 96.52, 98.14, 98.03, 96.57, 97.24, 97.02, 97.13, 93.8, 94.13, 93.96, 93.88, 93.88, 93.91], [96.0, 96.0, 96.0, 96.0, 96.0, 96.0, 96.0, 96.0, 96.35, 97.68, 99.0, 97.48, 97.3, 97.28, 93.78, 94.19, 94.07, 94.0, 93.99, 94.0], [96.0, 96.0, 96.0, 96.0, 96.0, 96.0, 96.0, 96.0, 96.0, -999.0, 99.0, 95.0, 95.0, 97.41, 93.76, 94.26, 94.19, 96.41, 96.33, 96.31], [96.0, 96.0, 96.0, 96.0, 96.0, 96.0, 96.0, 96.0, 96.0, 96.0, -999.0, 95.0, 95.0, 97.61, 96.46, 95.18, 95.14, 95.88, 95.77, 95.71], [96.0, 96.0, 96.0, 96.0, 96.0, 96.0, 96.0, 96.0, 96.0, 96.0, -999.0, 99.0, 99.0, 99.0, 96.8, 95.68, 95.59, 96.34, 96.18, 96.06], [96.0, 96.0, 96.0, 96.0, 96.0, 96.0, 96.0, 93.0, 93.0, 93.0, 93.0, 95.31, 99.0, 99.0, 99.0, 96.25, 96.07, 96.77, 96.55, 96.37], [96.0, 96.0, 94.11, 94.08, 94.02, 93.0, 93.0, 93.0, 93.0, 93.0, 96.78, 96.35, 96.93, 97.42, 96.86, 97.9, 97.73, 98.03, 96.63, 96.45], [94.07, 94.06, 94.94, 94.89, 93.0, 93.0, 93.0, 93.0, 93.0, 93.0, 95.58, 96.32, 97.11, 97.83, 97.95, 98.25, 97.99, 97.78, 97.63, 97.53], [94.93, 94.89, 94.84, 94.76, 93.0, 93.0, 93.0, 93.0, 93.0, 94.52, 95.33, 96.23, 97.17, 97.89, 98.85, 98.34, 97.96, 97.72, 97.56, 97.46], [94.87, 94.82, 94.75, 93.0, 93.0, 93.0, 93.0, 93.0, 93.54, 94.17, 95.47, 96.25, 96.81, 97.55, 98.39, 98.11, 97.8, 97.58, 97.45, 97.37], [94.83, 94.78, 95.29, 95.17, 95.03, 94.81, 94.49, 93.66, 94.01, 94.73, 95.5, 96.17, 96.54, 97.02, 97.89, 97.74, 97.54, 97.39, 97.3, 97.26], [95.44, 95.38, 95.31, 94.65, 94.57, 94.45, 94.3, 94.14, 94.87, 95.22, 95.7, 96.16, 96.31, 97.58, 97.51, 97.38, 97.24, 97.16, 97.13, 97.14], [94.86, 94.85, 94.82, 94.8, 94.76, 94.72, 94.69, 94.56, 95.48, 95.68, 95.95, 96.23, 97.39, 97.34, 97.22, 97.07, 96.95, 96.93, 96.97, 97.02], [94.94, 94.94, 94.94, 94.71, 94.73, 94.78, 94.85, 94.96, 95.1, 95.18, 95.15, 95.56, 96.67, 97.16, 97.02, 96.83, 96.65, 96.71, 96.84, 96.94], [94.71, 94.73, 94.76, 94.8, 94.85, 94.94, 95.09, 95.31, 95.58, 95.71, 95.54, 96.01, 96.68, 96.62, 96.56, 96.71, 96.3, 96.65, 96.8, 96.89], [94.75, 94.77, 94.81, 94.86, 94.94, 95.05, 95.24, 95.53, 96.03, 96.44, 95.85, 95.98, 95.85, 96.63, 96.58, 96.54, 96.72, 96.82, 96.82, 96.88], [94.77, 94.8, 94.84, 94.9, 94.98, 95.09, 95.27, 95.54, 95.99, 96.35, 96.13, 95.85, 95.73, 96.65, 96.61, 96.14, 96.3, 96.36, 96.85, 96.9], [94.79, 94.82, 94.86, 94.91, 94.98, 95.08, 95.2, 95.36, 95.52, 95.54, 95.68, 95.56, 95.56, 95.61, 95.83, 96.01, 96.14, 96.19, 96.18, 96.14], [94.8, 94.83, 94.87, 94.91, 94.96, 95.02, 95.08, 95.12, 95.1, 95.24, 95.07, 95.33, 95.56, 95.76, 95.69, 95.87, 95.99, 96.06, 96.07, 96.06], [94.81, 94.83, 94.86, 94.89, 94.93, 94.96, 94.97, 94.94, 94.81, 94.73, 94.37, 94.97, 95.36, 95.62, 95.57, 95.74, 95.86, 95.94, 95.98, 95.99], [94.81, 94.83, 94.85, 94.87, 94.89, 94.9, 94.89, 94.83, 95.17, 94.79, 94.56, 94.94, 95.29, 95.55, 95.48, 95.65, 95.76, 95.84, 95.89, 95.91], [94.8, 94.82, 94.84, 94.85, 94.86, 94.86, 94.83, 94.78, 95.22, 95.04, 94.97, 95.11, 95.33, 95.53, 95.43, 95.58, 95.69, 95.77, 95.82, 95.85], [94.8, 94.81, 94.82, 94.83, 94.83, 94.83, 94.8, 95.43, 95.32, 95.23, 95.2, 95.28, 95.41, 95.55, 95.41, 95.53, 95.63, 95.71, 95.76, 95.8]]}