gis_exercise/awsData/contour/humi_2023090702.json
{"header": {"refTime": "2023-09-07T02:00:00.000Z", "nx": 21, "ny": 33, "lo1": 113.509, "la1": 22.2235, "lo2": 113.5947, "la2": 22.1034, "dx": 0.0042850000000001385, "dy": 0.003753125000000024, "parameterCategory": 0, "parameterCategoryName": "Temperature", "parameterNumber": 0}, "z": [[82.85, 82.9, 82.96, 84.33, 84.37, 83.27, 83.41, 83.55, 83.6, 84.63, 84.51, 84.38, 83.81, 83.75, 84.33, 84.45, 84.58, 84.7, 84.78, 84.84], [82.81, 82.86, 82.92, 83.01, 84.34, 84.4, 83.51, 83.79, 83.97, 84.68, 84.49, 84.29, 83.7, 83.64, 84.26, 84.45, 84.63, 84.77, 84.86, 84.92], [82.77, 82.81, 82.86, 82.94, 84.28, 84.35, 84.47, 83.98, 84.75, 84.73, 84.44, 84.13, 83.5, 83.48, 84.18, 84.47, 84.71, 84.88, 84.98, 85.02], [82.71, 82.74, 82.78, 82.84, 82.94, 84.25, 84.35, 84.52, 84.69, 84.7, 84.35, 83.85, 83.16, 83.67, 84.13, 84.54, 84.86, 85.06, 85.15, 85.16], [82.65, 82.67, 82.69, 82.72, 82.77, 84.1, 84.13, 84.23, 84.36, 84.73, 84.35, 83.56, 82.67, 83.48, 84.17, 84.71, 85.12, 85.34, 85.37, 85.32], [82.59, 82.59, 82.59, 82.59, 82.59, 82.59, 83.84, 83.81, 83.99, 84.43, 84.73, 84.03, 83.33, 83.0, 84.37, 84.98, 85.54, 85.77, 85.66, 85.49], [81.55, 82.52, 82.49, 82.47, 82.43, 82.36, 82.77, 83.17, 83.29, 84.55, 85.32, 84.86, 83.71, 83.53, 84.65, 85.27, 86.09, 86.4, 86.08, 85.76], [81.57, 81.58, 81.58, 81.57, 81.55, 82.74, 82.64, 82.23, 81.91, 84.69, 86.29, 85.61, 85.6, 83.49, 86.26, 86.04, 86.48, 86.63, 86.39, 86.22], [81.43, 81.44, 81.62, 81.63, 81.64, 81.6, 81.48, 82.55, 82.91, 84.41, 86.23, 85.94, 85.79, 85.98, 86.2, 85.96, 86.21, 86.32, 86.26, 86.16], [82.0, 82.0, 82.0, 81.53, 81.6, 81.77, 81.65, 81.48, 84.41, 84.08, 85.78, 86.12, 86.01, 86.06, 86.2, 85.87, 86.04, 86.12, 86.12, 86.09], [82.0, 82.0, 82.0, 82.0, 82.0, 82.0, 82.0, 82.0, 81.65, 83.05, 87.0, 86.24, 86.15, 86.14, 86.22, 85.81, 85.93, 86.0, 86.01, 86.0], [82.0, 82.0, 82.0, 82.0, 82.0, 82.0, 82.0, 82.0, 82.0, -999.0, 87.0, 85.0, 85.0, 86.2, 86.24, 85.74, 85.81, 87.57, 87.55, 87.55], [82.0, 82.0, 82.0, 82.0, 82.0, 82.0, 82.0, 82.0, 82.0, 82.0, -999.0, 85.0, 85.0, 86.96, 86.1, 87.36, 87.36, 87.48, 87.46, 87.45], [82.0, 82.0, 82.0, 82.0, 82.0, 82.0, 82.0, 82.0, 82.0, 82.0, -999.0, 88.0, 88.0, 88.0, 86.35, 87.45, 87.43, 87.56, 87.53, 87.51], [82.0, 82.0, 82.0, 82.0, 82.0, 82.0, 82.0, 86.0, 86.0, 86.0, 86.0, 86.77, 88.0, 88.0, 88.0, 87.54, 87.51, 87.63, 87.59, 87.56], [82.0, 82.0, 84.52, 84.56, 84.64, 86.0, 86.0, 86.0, 86.0, 86.0, 87.26, 87.12, 87.31, 87.47, 87.29, 89.1, 89.27, 88.97, 88.56, 88.6], [84.57, 84.59, 83.41, 83.48, 86.0, 86.0, 86.0, 86.0, 86.0, 86.0, 86.86, 87.11, 87.37, 87.61, 88.1, 89.45, 89.97, 90.38, 90.67, 90.89], [83.43, 83.48, 83.55, 83.65, 86.0, 86.0, 86.0, 86.0, 86.0, 86.51, 86.78, 87.08, 87.39, 88.06, 88.02, 89.28, 90.01, 90.49, 90.8, 91.01], [83.51, 83.57, 83.66, 86.0, 86.0, 86.0, 86.0, 86.0, 86.18, 86.39, 87.32, 87.6, 87.99, 88.12, 89.18, 89.7, 90.31, 90.73, 91.01, 91.19], [83.56, 83.63, 88.29, 88.17, 88.03, 87.81, 87.49, 86.66, 86.63, 87.04, 87.42, 87.67, 88.07, 88.25, 90.11, 90.4, 90.79, 91.09, 91.29, 91.41], [88.44, 88.38, 88.31, 87.65, 87.57, 87.45, 87.3, 87.14, 87.25, 87.44, 87.66, 87.82, 88.2, 90.7, 90.81, 91.04, 91.3, 91.49, 91.61, 91.66], [87.86, 87.85, 87.82, 87.8, 87.76, 87.72, 87.69, 88.08, 87.78, 87.89, 87.98, 88.03, 89.61, 91.16, 91.33, 91.54, 91.73, 91.87, 91.93, 91.91], [87.94, 87.94, 87.94, 88.47, 88.46, 88.46, 88.49, 88.56, 88.66, 88.76, 88.79, 89.09, 91.82, 91.5, 91.7, 91.88, 91.98, 92.2, 92.26, 92.16], [88.58, 88.59, 88.59, 88.61, 88.64, 88.69, 88.79, 88.94, 89.13, 89.24, 89.16, 90.25, 91.76, 92.06, 92.29, 92.14, 91.75, 92.77, 92.62, 92.37], [88.65, 88.67, 88.69, 88.73, 88.79, 88.87, 89.0, 89.2, 89.49, 89.72, 89.44, 90.21, 90.3, 92.06, 92.34, 92.6, 93.02, 93.58, 92.83, 92.49], [88.72, 88.74, 88.78, 88.83, 88.9, 89.0, 89.14, 89.32, 89.56, 89.74, 90.12, 90.19, 90.27, 92.04, 92.34, 92.62, 92.95, 93.11, 92.72, 92.48], [88.77, 88.81, 88.85, 88.91, 88.99, 89.09, 89.21, 89.35, 89.5, 89.57, 90.13, 90.18, 90.24, 91.94, 92.22, 92.48, 92.69, 92.79, 92.77, 92.69], [88.82, 88.86, 88.91, 88.97, 89.05, 89.15, 89.26, 89.38, 89.5, 90.1, 90.1, 90.74, 91.07, 91.46, 92.06, 92.3, 92.48, 92.58, 92.6, 92.57], [88.86, 88.9, 88.95, 89.02, 89.09, 89.18, 89.28, 89.4, 89.54, 90.07, 90.19, 90.59, 90.97, 91.33, 91.91, 92.14, 92.31, 92.41, 92.45, 92.46], [88.89, 88.93, 88.98, 89.05, 89.12, 89.2, 89.29, 89.4, 90.59, 90.42, 90.33, 90.61, 90.94, 91.26, 91.81, 92.02, 92.17, 92.27, 92.33, 92.36], [88.91, 88.96, 89.01, 89.06, 89.13, 89.2, 89.29, 89.38, 90.68, 90.6, 90.61, 90.76, 90.99, 91.24, 91.74, 91.93, 92.07, 92.17, 92.24, 92.28], [88.93, 88.97, 89.02, 89.07, 89.13, 89.2, 89.27, 90.84, 90.79, 90.76, 90.79, 90.9, 91.06, 91.26, 91.72, 91.87, 92.0, 92.09, 92.16, 92.2]]}