gis_exercise/awsData/contour/humi_2023090312.json
{"header": {"refTime": "2023-09-03T12:00:00.000Z", "nx": 21, "ny": 33, "lo1": 113.509, "la1": 22.2235, "lo2": 113.5947, "la2": 22.1034, "dx": 0.0042850000000001385, "dy": 0.003753125000000024, "parameterCategory": 0, "parameterCategoryName": "Temperature", "parameterNumber": 0}, "z": [[73.93, 73.91, 73.88, 74.36, 74.3, 73.75, 73.68, 73.62, 73.59, 73.83, 73.94, 74.04, 73.4, 73.42, 75.7, 75.98, 76.22, 76.39, 76.51, 76.6], [73.94, 73.92, 73.9, 73.87, 74.3, 74.2, 73.65, 73.52, 73.44, 73.71, 73.91, 74.05, 73.43, 73.45, 75.74, 76.05, 76.32, 76.53, 76.67, 76.75], [73.96, 73.94, 73.92, 73.89, 74.34, 74.23, 74.04, 73.44, 73.11, 73.62, 73.93, 74.09, 73.5, 73.51, 75.72, 76.12, 76.48, 76.75, 76.9, 76.95], [73.98, 73.97, 73.96, 73.94, 73.9, 74.32, 74.17, 73.92, 73.69, 73.81, 74.06, 74.16, 73.61, 74.17, 75.68, 76.26, 76.76, 77.08, 77.21, 77.2], [74.0, 74.0, 73.99, 73.98, 73.97, 74.45, 74.39, 74.32, 74.3, 74.16, 74.28, 74.2, 74.07, 74.12, 75.71, 76.52, 77.22, 77.61, 77.65, 77.51], [74.02, 74.02, 74.03, 74.03, 74.05, 74.07, 74.61, 74.65, 74.72, 74.85, 74.5, 74.24, 74.09, 73.67, 75.85, 76.93, 78.0, 78.45, 78.2, 77.83], [74.45, 74.04, 74.06, 74.07, 74.1, 74.16, 75.0, 74.87, 74.97, 75.07, 75.04, 74.26, 73.43, 73.49, 76.0, 77.34, 79.08, 79.73, 79.71, 79.27], [74.43, 74.42, 74.42, 74.43, 74.45, 74.85, 74.94, 75.04, 75.0, 75.18, 75.57, 73.92, 73.9, 73.5, 78.02, 77.16, 78.9, 79.53, 78.54, 77.87], [74.57, 74.56, 74.38, 74.37, 74.36, 74.4, 74.52, 74.98, 75.32, 75.0, 74.85, 74.41, 74.19, 74.48, 77.81, 76.83, 77.85, 78.28, 78.03, 77.65], [74.0, 74.0, 74.0, 74.47, 74.4, 74.23, 74.35, 74.52, 75.57, 75.51, 74.18, 74.68, 74.52, 74.6, 77.81, 76.5, 77.14, 77.49, 77.5, 77.34], [74.0, 74.0, 74.0, 74.0, 74.0, 74.0, 74.0, 74.0, 74.35, 75.34, 76.0, 74.86, 74.72, 74.71, 77.89, 76.24, 76.71, 76.98, 77.05, 76.99], [74.0, 74.0, 74.0, 74.0, 74.0, 74.0, 74.0, 74.0, 74.0, -999.0, 76.0, 73.0, 73.0, 74.81, 77.98, 75.96, 76.25, 80.43, 80.45, 80.45], [74.0, 74.0, 74.0, 74.0, 74.0, 74.0, 74.0, 74.0, 74.0, 74.0, -999.0, 73.0, 73.0, 77.57, 75.56, 80.64, 80.64, 80.52, 80.54, 80.55], [74.0, 74.0, 74.0, 74.0, 74.0, 74.0, 74.0, 74.0, 74.0, 74.0, -999.0, 80.0, 80.0, 80.0, 76.15, 80.55, 80.57, 80.44, 80.47, 80.49], [74.0, 74.0, 74.0, 74.0, 74.0, 74.0, 74.0, 72.0, 72.0, 72.0, 72.0, 75.07, 80.0, 80.0, 80.0, 80.46, 80.49, 80.37, 80.41, 80.44], [74.0, 74.0, 72.74, 72.72, 72.68, 72.0, 72.0, 72.0, 72.0, 72.0, 77.03, 76.46, 77.24, 77.89, 77.15, 80.0, 80.0, 80.0, 80.26, 80.28], [72.72, 72.7, 73.29, 73.26, 72.0, 72.0, 72.0, 72.0, 72.0, 72.0, 75.44, 76.43, 77.48, 78.44, 79.05, 79.58, 79.43, 79.31, 79.22, 79.15], [73.29, 73.26, 73.23, 73.17, 72.0, 72.0, 72.0, 72.0, 72.0, 74.03, 75.11, 76.31, 77.56, 78.95, 79.87, 79.63, 79.42, 79.28, 79.18, 79.11], [73.25, 73.21, 73.17, 72.0, 72.0, 72.0, 72.0, 72.0, 72.72, 73.56, 75.23, 76.27, 77.81, 78.67, 79.66, 79.51, 79.34, 79.21, 79.12, 79.06], [73.22, 73.19, 74.86, 74.72, 74.53, 74.27, 73.86, 72.82, 73.31, 74.25, 75.27, 76.15, 77.61, 78.27, 79.4, 79.32, 79.21, 79.11, 79.04, 79.0], [75.05, 74.98, 74.88, 74.07, 73.96, 73.82, 73.63, 73.43, 74.42, 74.87, 75.5, 76.12, 77.51, 79.23, 79.2, 79.15, 79.08, 79.01, 78.95, 78.92], [74.33, 74.31, 74.28, 74.25, 74.2, 74.15, 74.11, 73.73, 75.19, 75.45, 75.81, 76.18, 79.02, 79.1, 79.07, 79.03, 78.99, 78.92, 78.86, 78.84], [74.42, 74.42, 74.42, 73.82, 73.87, 73.94, 74.04, 74.2, 74.38, 74.48, 74.43, 76.32, 78.0, 79.0, 78.97, 78.97, 79.03, 78.86, 78.74, 78.74], [73.78, 73.81, 73.85, 73.91, 73.99, 74.12, 74.32, 74.62, 75.0, 75.18, 74.91, 76.49, 77.95, 78.14, 78.33, 78.89, 79.37, 78.55, 78.55, 78.64], [73.81, 73.84, 73.89, 73.96, 74.07, 74.22, 74.47, 74.89, 75.59, 76.18, 75.31, 76.3, 76.48, 78.1, 78.25, 78.37, 78.36, 77.96, 78.41, 78.58], [73.83, 73.86, 73.91, 73.99, 74.09, 74.24, 74.47, 74.85, 75.5, 76.03, 76.11, 75.97, 76.16, 78.04, 78.16, 77.45, 77.61, 77.6, 78.45, 78.57], [73.83, 73.87, 73.92, 73.98, 74.06, 74.17, 74.33, 74.53, 74.75, 74.75, 75.39, 75.42, 75.72, 76.17, 76.7, 77.09, 77.31, 77.38, 77.38, 77.34], [73.83, 73.86, 73.9, 73.94, 74.0, 74.06, 74.11, 74.13, 74.04, 74.54, 74.28, 74.22, 74.6, 74.93, 76.33, 76.74, 76.99, 77.13, 77.17, 77.17], [73.82, 73.84, 73.87, 73.9, 73.92, 73.94, 73.91, 73.81, 73.55, 73.56, 72.62, 73.62, 74.27, 74.71, 76.02, 76.43, 76.71, 76.88, 76.97, 77.01], [73.81, 73.82, 73.84, 73.85, 73.85, 73.83, 73.77, 73.63, 73.95, 73.32, 72.94, 73.57, 74.15, 74.58, 75.8, 76.2, 76.48, 76.66, 76.78, 76.85], [73.79, 73.8, 73.81, 73.81, 73.79, 73.76, 73.69, 73.56, 74.04, 73.73, 73.62, 73.85, 74.22, 74.55, 75.67, 76.03, 76.3, 76.49, 76.62, 76.7], [73.78, 73.78, 73.78, 73.77, 73.75, 73.71, 73.64, 74.38, 74.2, 74.04, 74.01, 74.13, 74.34, 74.58, 75.62, 75.93, 76.17, 76.35, 76.49, 76.58]]}