gis_exercise/awsData/contour/humi_2023090101.json
{"header": {"refTime": "2023-09-01T01:00:00.000Z", "nx": 21, "ny": 33, "lo1": 113.509, "la1": 22.2235, "lo2": 113.5947, "la2": 22.1034, "dx": 0.0042850000000001385, "dy": 0.003753125000000024, "parameterCategory": 0, "parameterCategoryName": "Temperature", "parameterNumber": 0}, "z": [[77.5, 77.65, 77.85, 78.83, 79.04, 77.68, 78.06, 78.42, 78.46, 78.1, 77.23, 76.39, 75.04, 74.61, 74.35, 74.21, 71.5, 71.58, 71.65, 71.69], [77.4, 77.54, 77.74, 78.0, 79.0, 79.33, 78.42, 79.23, 79.68, 78.82, 77.31, 76.08, 74.57, 74.15, 73.98, 71.38, 71.52, 71.62, 71.7, 71.75], [77.26, 77.39, 77.57, 77.82, 78.87, 79.22, 79.8, 79.87, 82.19, 79.41, 77.04, 75.38, 73.77, 73.48, 71.16, 71.38, 71.57, 71.7, 71.77, 71.81], [77.1, 77.2, 77.34, 77.55, 77.86, 78.91, 79.37, 80.16, 80.9, 78.45, 76.19, 74.18, 72.46, 71.3, 71.1, 71.43, 71.67, 71.82, 71.88, 71.9], [76.91, 76.97, 77.06, 77.21, 77.43, 78.45, 78.64, 78.89, 79.01, 76.95, 75.24, 71.14, 69.92, 71.03, 71.14, 71.56, 71.85, 72.0, 72.03, 72.01], [76.7, 76.71, 76.75, 76.81, 76.92, 77.07, 77.85, 77.72, 77.63, 77.56, 72.77, 71.79, 70.82, 70.34, 71.34, 71.77, 72.12, 72.27, 72.21, 72.12], [73.89, 76.44, 76.41, 76.39, 76.4, 76.44, 74.75, 76.73, 76.51, 75.07, 75.04, 72.93, 71.28, 71.04, 71.64, 72.0, 72.48, 72.65, 72.26, 72.01], [73.86, 73.85, 73.84, 73.85, 73.9, 74.47, 74.66, 74.89, 75.0, 75.18, 75.57, 73.92, 73.9, 70.99, 73.0, 73.0, 73.0, 73.0, 73.0, 73.0], [74.15, 74.12, 73.76, 73.73, 73.72, 73.8, 74.04, 74.74, 75.32, 75.0, 74.85, 74.41, 74.19, 74.48, 73.0, 73.0, 73.0, 73.0, 73.0, 73.0], [73.0, 73.0, 73.0, 73.94, 73.8, 73.45, 73.7, 74.04, 75.57, 75.51, 74.18, 74.68, 74.52, 74.6, 73.0, 73.0, 73.0, 73.0, 73.0, 73.0], [73.0, 73.0, 73.0, 73.0, 73.0, 73.0, 73.0, 73.0, 73.71, 75.34, 76.0, 74.86, 74.72, 74.71, 73.0, 73.0, 73.0, 73.0, 73.0, 73.0], [73.0, 73.0, 73.0, 73.0, 73.0, 73.0, 73.0, 73.0, 73.0, -999.0, 76.0, 73.0, 73.0, 74.81, 73.0, 73.0, 73.0, 77.55, 77.44, 77.41], [73.0, 73.0, 73.0, 73.0, 73.0, 73.0, 73.0, 73.0, 73.0, 73.0, -999.0, 73.0, 73.0, 78.22, 75.93, 75.91, 75.85, 76.84, 76.7, 76.61], [73.0, 73.0, 73.0, 73.0, 73.0, 73.0, 73.0, 73.0, 73.0, 73.0, -999.0, 81.0, 81.0, 81.0, 76.6, 76.58, 76.45, 77.46, 77.24, 77.08], [73.0, 73.0, 73.0, 73.0, 73.0, 73.0, 73.0, 75.0, 75.0, 75.0, 75.0, 77.31, 81.0, 81.0, 81.0, 77.34, 77.1, 78.02, 77.73, 77.5], [73.0, 73.0, 74.26, 74.28, 74.32, 75.0, 75.0, 75.0, 75.0, 75.0, 78.78, 78.35, 78.93, 79.42, 78.86, 77.33, 76.78, 77.75, 76.2, 75.86], [74.28, 74.3, 73.71, 73.74, 75.0, 75.0, 75.0, 75.0, 75.0, 75.0, 77.58, 78.32, 79.11, 79.83, 79.17, 79.31, 78.71, 78.25, 77.92, 77.71], [73.71, 73.74, 73.77, 73.83, 75.0, 75.0, 75.0, 75.0, 75.0, 76.52, 77.33, 78.23, 79.17, 79.15, 80.73, 79.49, 78.64, 78.1, 77.76, 77.55], [73.75, 73.79, 73.83, 75.0, 75.0, 75.0, 75.0, 75.0, 75.54, 76.17, 76.36, 77.09, 77.55, 78.49, 79.6, 78.97, 78.25, 77.78, 77.5, 77.35], [73.78, 73.81, 73.86, 73.91, 73.99, 74.09, 74.25, 74.67, 75.34, 75.68, 76.18, 76.79, 76.98, 77.42, 78.45, 78.08, 77.62, 77.31, 77.15, 77.09], [73.78, 73.81, 73.85, 74.17, 74.21, 74.27, 74.35, 74.43, 75.46, 75.65, 75.99, 76.45, 76.39, 77.74, 77.54, 77.2, 76.88, 76.74, 76.76, 76.83], [74.07, 74.08, 74.09, 74.1, 74.12, 74.14, 74.16, 73.78, 75.33, 75.45, 75.7, 76.07, 75.2, 77.16, 76.83, 76.39, 76.07, 76.13, 76.39, 76.61], [74.03, 74.03, 74.03, 73.51, 73.53, 73.54, 73.54, 73.52, 73.48, 73.43, 73.4, 73.06, 74.41, 76.77, 76.34, 75.69, 75.0, 75.52, 76.19, 76.49], [73.42, 73.42, 73.43, 73.43, 73.42, 73.41, 73.37, 73.32, 73.25, 73.21, 73.21, 72.26, 74.39, 74.59, 74.69, 75.45, 73.2, 75.9, 76.39, 76.53], [73.37, 73.37, 73.36, 73.35, 73.32, 73.29, 73.24, 73.18, 73.1, 73.05, 73.08, 72.31, 72.11, 74.64, 74.85, 75.09, 76.5, 77.58, 76.74, 76.64], [73.33, 73.32, 73.3, 73.27, 73.24, 73.2, 73.14, 73.08, 73.03, 73.0, 72.51, 72.29, 72.13, 74.68, 74.96, 75.15, 75.73, 76.05, 76.77, 76.7], [73.29, 73.27, 73.24, 73.21, 73.17, 73.12, 73.06, 72.99, 72.93, 72.87, 72.35, 72.23, 72.12, 74.27, 74.63, 74.99, 75.33, 75.51, 75.46, 75.32], [73.25, 73.23, 73.2, 73.16, 73.11, 73.05, 72.98, 72.89, 72.78, 72.24, 72.18, 73.47, 74.02, 74.63, 74.45, 74.78, 75.03, 75.17, 75.2, 75.15], [73.22, 73.19, 73.16, 73.12, 73.07, 73.0, 72.92, 72.81, 72.66, 72.12, 72.4, 73.15, 73.81, 74.41, 74.28, 74.58, 74.79, 74.93, 74.99, 75.0], [73.19, 73.16, 73.13, 73.09, 73.03, 72.97, 72.88, 72.77, 73.22, 72.85, 72.64, 73.16, 73.75, 74.28, 74.15, 74.42, 74.62, 74.75, 74.83, 74.86], [73.17, 73.14, 73.11, 73.06, 73.01, 72.95, 72.87, 72.78, 73.36, 73.19, 73.17, 73.43, 73.83, 74.25, 74.08, 74.3, 74.48, 74.61, 74.69, 74.74], [73.16, 73.13, 73.09, 73.05, 73.0, 72.95, 72.88, 73.65, 73.55, 73.48, 73.51, 73.68, 73.96, 74.27, 74.04, 74.23, 74.39, 74.51, 74.59, 74.64]]}