gis_exercise/awsData/contour/humi_2023091221.json
{"header": {"refTime": "2023-09-12T21:00:00.000Z", "nx": 21, "ny": 33, "lo1": 113.509, "la1": 22.2235, "lo2": 113.5947, "la2": 22.1034, "dx": 0.0042850000000001385, "dy": 0.003753125000000024, "parameterCategory": 0, "parameterCategoryName": "Temperature", "parameterNumber": 0}, "z": [[91.42, 91.45, 91.5, 93.58, 93.51, 91.56, 91.57, 91.57, 91.53, 92.21, 92.14, 92.06, 90.81, 90.75, 89.9, 89.84, 89.81, 89.8, 89.8, 89.8], [91.4, 91.43, 91.48, 91.53, 93.5, 93.38, 91.63, 91.66, 91.67, 92.17, 92.09, 91.95, 90.7, 90.64, 89.82, 89.79, 89.78, 89.77, 89.77, 89.77], [91.36, 91.4, 91.45, 91.51, 93.53, 93.4, 93.2, 91.74, 91.92, 92.16, 92.05, 91.78, 90.5, 90.48, 89.77, 89.77, 89.75, 89.74, 89.73, 89.74], [91.32, 91.36, 91.41, 91.47, 91.56, 93.48, 93.33, 93.06, 92.82, 92.27, 92.04, 91.48, 90.16, 91.26, 89.75, 89.75, 89.72, 89.69, 89.69, 89.7], [91.27, 91.3, 91.35, 91.41, 91.5, 93.6, 93.53, 93.47, 93.51, 92.61, 92.21, 91.15, 89.91, 90.98, 89.76, 89.73, 89.66, 89.61, 89.62, 89.66], [91.21, 91.22, 91.26, 91.32, 91.42, 91.56, 93.7, 93.74, 93.93, 94.29, 92.88, 91.78, 90.77, 90.0, 89.85, 89.72, 89.55, 89.48, 89.53, 89.61], [90.79, 91.13, 91.15, 91.19, 91.28, 91.46, 93.01, 93.77, 93.96, 94.65, 94.95, 92.85, 90.71, 90.53, 89.98, 89.71, 89.37, 89.25, 89.0, 89.0], [90.71, 90.69, 90.68, 90.7, 90.79, 92.39, 92.77, 93.14, 93.39, 94.86, 96.1, 93.54, 93.51, 90.49, 90.12, 90.44, 89.79, 89.55, 89.92, 90.17], [91.29, 91.23, 90.52, 90.46, 90.44, 90.59, 91.08, 92.92, 94.27, 94.49, 95.08, 94.34, 93.98, 94.46, 90.19, 90.56, 90.18, 90.02, 90.11, 90.26], [89.0, 89.0, 89.0, 90.87, 90.61, 89.91, 90.39, 91.08, 95.27, 95.05, 93.96, 94.8, 94.53, 94.66, 90.2, 90.69, 90.45, 90.32, 90.31, 90.37], [89.0, 89.0, 89.0, 89.0, 89.0, 89.0, 89.0, 89.0, 90.42, 94.37, 97.0, 95.09, 94.87, 94.85, 90.17, 90.79, 90.61, 90.51, 90.48, 90.5], [89.0, 89.0, 89.0, 89.0, 89.0, 89.0, 89.0, 89.0, 89.0, -999.0, 97.0, 92.0, 92.0, 95.01, 90.13, 90.89, 90.78, 92.41, 92.33, 92.31], [89.0, 89.0, 89.0, 89.0, 89.0, 89.0, 89.0, 89.0, 89.0, 89.0, -999.0, 92.0, 92.0, 93.96, 93.1, 91.18, 91.14, 91.88, 91.77, 91.71], [89.0, 89.0, 89.0, 89.0, 89.0, 89.0, 89.0, 89.0, 89.0, 89.0, -999.0, 95.0, 95.0, 95.0, 93.35, 91.68, 91.59, 92.34, 92.18, 92.06], [89.0, 89.0, 89.0, 89.0, 89.0, 89.0, 89.0, 88.0, 88.0, 88.0, 88.0, 90.69, 95.0, 95.0, 95.0, 92.25, 92.07, 92.77, 92.55, 92.37], [89.0, 89.0, 88.37, 88.36, 88.34, 88.0, 88.0, 88.0, 88.0, 88.0, 92.4, 91.91, 92.58, 93.15, 92.51, 94.27, 94.16, 94.35, 92.9, 92.75], [88.36, 88.35, 88.65, 88.63, 88.0, 88.0, 88.0, 88.0, 88.0, 88.0, 91.01, 91.88, 92.79, 93.63, 93.94, 94.41, 94.2, 94.03, 93.91, 93.83], [88.64, 88.63, 88.61, 88.59, 88.0, 88.0, 88.0, 88.0, 88.0, 89.78, 90.72, 91.77, 92.86, 93.87, 94.85, 94.48, 94.18, 93.98, 93.86, 93.78], [88.62, 88.61, 88.58, 88.0, 88.0, 88.0, 88.0, 88.0, 88.63, 89.36, 90.94, 91.86, 92.72, 93.53, 94.52, 94.3, 94.05, 93.88, 93.77, 93.71], [88.61, 88.59, 90.86, 90.72, 90.53, 90.27, 89.86, 88.82, 89.21, 90.07, 91.0, 91.77, 92.47, 93.03, 94.13, 94.01, 93.85, 93.73, 93.66, 93.62], [91.05, 90.98, 90.88, 90.07, 89.96, 89.82, 89.63, 89.43, 90.26, 90.68, 91.24, 91.79, 92.28, 93.88, 93.83, 93.73, 93.62, 93.55, 93.52, 93.52], [90.33, 90.31, 90.28, 90.25, 90.2, 90.15, 90.11, 90.08, 91.01, 91.25, 91.56, 91.88, 93.71, 93.69, 93.61, 93.5, 93.41, 93.38, 93.39, 93.42], [90.42, 90.42, 90.42, 90.32, 90.35, 90.39, 90.47, 90.6, 90.76, 90.87, 90.85, 91.53, 93.0, 93.55, 93.45, 93.32, 93.21, 93.22, 93.28, 93.34], [90.36, 90.38, 90.41, 90.45, 90.51, 90.62, 90.78, 91.04, 91.36, 91.52, 91.33, 92.25, 93.0, 93.0, 93.0, 93.23, 93.06, 93.11, 93.21, 93.29], [90.41, 90.44, 90.48, 90.54, 90.63, 90.77, 90.99, 91.33, 91.9, 92.37, 91.71, 92.2, 92.15, 93.0, 93.0, 93.0, 93.11, 93.09, 93.19, 93.27], [90.45, 90.49, 90.54, 90.61, 90.7, 90.84, 91.05, 91.37, 91.88, 92.29, 92.25, 92.04, 92.01, 93.0, 93.0, 92.54, 92.68, 92.72, 93.23, 93.28], [90.49, 90.52, 90.58, 90.64, 90.73, 90.85, 91.0, 91.19, 91.4, 91.43, 91.81, 91.74, 91.8, 91.93, 92.18, 92.38, 92.51, 92.56, 92.56, 92.52], [90.51, 90.55, 90.59, 90.65, 90.72, 90.81, 90.9, 90.97, 90.97, 91.34, 91.18, 91.33, 91.56, 91.76, 92.02, 92.22, 92.35, 92.42, 92.44, 92.44], [90.52, 90.56, 90.6, 90.65, 90.7, 90.75, 90.79, 90.79, 90.7, 90.8, 90.37, 90.97, 91.36, 91.62, 91.87, 92.07, 92.21, 92.29, 92.33, 92.35], [90.53, 90.56, 90.6, 90.63, 90.67, 90.7, 90.71, 90.68, 91.17, 90.79, 90.56, 90.94, 91.29, 91.55, 91.77, 91.96, 92.09, 92.18, 92.24, 92.27], [90.53, 90.56, 90.59, 90.62, 90.64, 90.66, 90.65, 90.62, 91.22, 91.04, 90.97, 91.11, 91.33, 91.53, 91.71, 91.88, 92.01, 92.1, 92.16, 92.2], [90.53, 90.55, 90.58, 90.6, 90.62, 90.62, 90.62, 91.43, 91.32, 91.23, 91.2, 91.28, 91.41, 91.55, 91.68, 91.83, 91.94, 92.03, 92.09, 92.14]]}