gis_exercise/awsData/contour/humi_2023090204.json
{"header": {"refTime": "2023-09-02T04:00:00.000Z", "nx": 21, "ny": 33, "lo1": 113.509, "la1": 22.2235, "lo2": 113.5947, "la2": 22.1034, "dx": 0.0042850000000001385, "dy": 0.003753125000000024, "parameterCategory": 0, "parameterCategoryName": "Temperature", "parameterNumber": 0}, "z": [[97.02, 97.03, 97.04, 97.81, 97.77, 96.8, 96.79, 96.78, 96.75, 96.88, 96.81, 96.74, 96.21, 96.17, 96.46, 96.53, 96.6, 96.67, 96.72, 96.76], [97.01, 97.02, 97.03, 97.05, 97.77, 97.71, 96.83, 96.83, 96.82, 96.9, 96.79, 96.67, 96.13, 96.1, 96.41, 96.52, 96.63, 96.71, 96.77, 96.8], [97.0, 97.01, 97.03, 97.05, 97.79, 97.73, 97.62, 96.88, 96.96, 96.92, 96.76, 96.56, 96.0, 95.99, 96.36, 96.53, 96.68, 96.78, 96.84, 96.86], [96.99, 97.0, 97.02, 97.04, 97.07, 97.78, 97.69, 97.55, 97.41, 96.93, 96.72, 96.37, 95.78, 96.25, 96.33, 96.57, 96.76, 96.88, 96.93, 96.94], [96.97, 96.98, 97.0, 97.03, 97.07, 97.85, 97.81, 97.77, 97.78, 97.01, 96.76, 96.17, 95.5, 96.1, 96.35, 96.67, 96.92, 97.04, 97.07, 97.04], [96.95, 96.96, 96.98, 97.0, 97.05, 97.12, 97.93, 97.96, 98.01, 98.12, 97.08, 96.52, 95.98, 95.67, 96.48, 96.84, 97.16, 97.29, 97.23, 97.13], [96.89, 96.93, 96.94, 96.96, 97.01, 97.1, 97.75, 98.05, 98.12, 98.27, 98.3, 97.13, 96.14, 96.02, 96.65, 97.01, 97.48, 97.66, 97.45, 97.26], [96.86, 96.85, 96.84, 96.85, 96.9, 97.47, 97.66, 97.89, 98.06, 98.34, 98.69, 97.61, 97.6, 95.99, 97.63, 97.52, 97.74, 97.82, 97.69, 97.61], [97.15, 97.12, 96.76, 96.73, 96.72, 96.8, 97.04, 97.74, 98.32, 98.21, 98.23, 97.94, 97.79, 97.98, 97.6, 97.48, 97.61, 97.66, 97.63, 97.58], [96.0, 96.0, 96.0, 96.94, 96.8, 96.45, 96.7, 97.04, 98.57, 98.51, 97.78, 98.12, 98.01, 98.06, 97.6, 97.44, 97.52, 97.56, 97.56, 97.54], [96.0, 96.0, 96.0, 96.0, 96.0, 96.0, 96.0, 96.0, 96.71, 98.34, 99.0, 98.24, 98.15, 98.14, 97.61, 97.4, 97.46, 97.5, 97.51, 97.5], [96.0, 96.0, 96.0, 96.0, 96.0, 96.0, 96.0, 96.0, 96.0, -999.0, 99.0, 97.0, 97.0, 98.2, 97.62, 97.37, 97.41, 99.14, 99.11, 99.1], [96.0, 96.0, 96.0, 96.0, 96.0, 96.0, 96.0, 96.0, 96.0, 96.0, -999.0, 97.0, 97.0, 98.96, 98.1, 98.73, 98.71, 98.96, 98.92, 98.9], [96.0, 96.0, 96.0, 96.0, 96.0, 96.0, 96.0, 96.0, 96.0, 96.0, -999.0, 100.0, 100.0, 100.0, 98.35, 98.89, 98.86, 99.11, 99.06, 99.02], [96.0, 96.0, 96.0, 96.0, 96.0, 96.0, 96.0, 95.0, 95.0, 95.0, 95.0, 96.92, 100.0, 100.0, 100.0, 99.08, 99.02, 99.26, 99.18, 99.12], [96.0, 96.0, 95.37, 95.36, 95.34, 95.0, 95.0, 95.0, 95.0, 95.0, 98.15, 97.79, 98.27, 98.68, 98.22, 99.63, 99.58, 99.68, 99.21, 99.15], [95.36, 95.35, 95.65, 95.63, 95.0, 95.0, 95.0, 95.0, 95.0, 95.0, 97.15, 97.77, 98.42, 99.02, 99.29, 99.7, 99.6, 99.52, 99.46, 99.42], [95.64, 95.63, 95.61, 95.59, 95.0, 95.0, 95.0, 95.0, 95.0, 96.27, 96.94, 97.69, 98.47, 99.24, 99.9, 99.74, 99.59, 99.49, 99.43, 99.39], [95.62, 95.61, 95.58, 95.0, 95.0, 95.0, 95.0, 95.0, 95.45, 95.97, 97.0, 97.64, 98.45, 99.01, 99.76, 99.65, 99.53, 99.44, 99.39, 99.35], [95.61, 95.59, 96.71, 96.63, 96.52, 96.36, 96.12, 95.49, 95.8, 96.38, 97.01, 97.56, 98.28, 98.69, 99.56, 99.5, 99.42, 99.36, 99.33, 99.31], [96.83, 96.79, 96.73, 96.24, 96.18, 96.09, 95.98, 95.86, 96.48, 96.76, 97.15, 97.54, 98.17, 99.44, 99.42, 99.36, 99.31, 99.28, 99.26, 99.26], [96.4, 96.38, 96.37, 96.35, 96.32, 96.29, 96.27, 96.21, 96.95, 97.11, 97.33, 97.57, 99.03, 99.35, 99.3, 99.25, 99.2, 99.19, 99.2, 99.21], [96.45, 96.45, 96.45, 96.34, 96.36, 96.39, 96.44, 96.52, 96.62, 96.68, 96.67, 97.38, 98.63, 99.28, 99.23, 99.16, 99.11, 99.11, 99.14, 99.17], [96.36, 96.37, 96.39, 96.41, 96.45, 96.52, 96.62, 96.78, 96.98, 97.08, 96.95, 97.75, 98.61, 98.72, 98.81, 99.11, 99.03, 99.05, 99.1, 99.15], [96.39, 96.4, 96.43, 96.47, 96.52, 96.61, 96.74, 96.95, 97.31, 97.6, 97.19, 97.68, 97.73, 98.7, 98.8, 98.88, 99.06, 99.05, 99.1, 99.14], [96.41, 96.43, 96.46, 96.5, 96.56, 96.65, 96.77, 96.97, 97.29, 97.55, 97.62, 97.55, 97.61, 98.69, 98.78, 98.54, 98.68, 98.72, 99.11, 99.14], [96.43, 96.45, 96.48, 96.52, 96.57, 96.64, 96.73, 96.85, 96.97, 96.99, 97.33, 97.33, 97.44, 97.93, 98.18, 98.38, 98.51, 98.56, 98.56, 98.52], [96.44, 96.46, 96.49, 96.52, 96.56, 96.61, 96.66, 96.7, 96.69, 96.99, 96.89, 97.03, 97.25, 97.47, 98.02, 98.22, 98.35, 98.42, 98.44, 98.44], [96.44, 96.46, 96.49, 96.51, 96.54, 96.57, 96.59, 96.58, 96.5, 96.61, 96.29, 96.76, 97.1, 97.35, 97.87, 98.07, 98.21, 98.29, 98.33, 98.35], [96.45, 96.46, 96.48, 96.5, 96.52, 96.53, 96.53, 96.5, 96.9, 96.61, 96.44, 96.75, 97.05, 97.28, 97.77, 97.96, 98.09, 98.18, 98.24, 98.27], [96.45, 96.46, 96.47, 96.49, 96.5, 96.5, 96.5, 96.47, 96.95, 96.81, 96.77, 96.89, 97.08, 97.27, 97.71, 97.88, 98.01, 98.1, 98.16, 98.2], [96.44, 96.46, 96.47, 96.48, 96.48, 96.48, 96.47, 97.12, 97.04, 96.97, 96.96, 97.03, 97.15, 97.28, 97.68, 97.83, 97.94, 98.03, 98.09, 98.14]]}