gis_exercise/awsData/contour/humi.json
{"header": {"refTime": "2023-09-14T16:33:00.000Z", "nx": 21, "ny": 33, "lo1": 113.509, "la1": 22.2235, "lo2": 113.5947, "la2": 22.1034, "dx": 0.0042850000000001385, "dy": 0.003753125000000024, "parameterCategory": 0, "parameterCategoryName": "Temperature", "parameterNumber": 0}, "z": [[89.31, 89.31, 89.31, 91.1, 91.0, 89.03, 89.01, 88.99, 88.97, 90.1, 90.18, 90.23, 88.84, 88.84, 88.87, 88.93, 89.25, 89.29, 89.32, 89.35], [89.32, 89.31, 89.31, 89.3, 90.99, 90.83, 89.03, 89.0, 88.98, 89.94, 90.11, 90.16, 88.8, 88.8, 88.85, 89.19, 89.26, 89.31, 89.35, 89.37], [89.32, 89.32, 89.32, 89.31, 91.02, 90.86, 90.59, 89.02, 89.0, 89.82, 90.1, 90.09, 88.73, 88.74, 89.08, 89.19, 89.28, 89.35, 89.39, 89.41], [89.32, 89.32, 89.32, 89.33, 89.32, 90.96, 90.75, 90.4, 90.09, 90.12, 90.24, 89.95, 88.58, 90.04, 89.05, 89.22, 89.33, 89.41, 89.44, 89.45], [89.32, 89.33, 89.33, 89.34, 89.35, 91.1, 91.01, 90.94, 91.01, 90.76, 90.61, 89.95, 88.81, 89.77, 89.07, 89.28, 89.42, 89.5, 89.52, 89.5], [89.32, 89.33, 89.33, 89.35, 89.37, 89.39, 91.22, 91.27, 91.54, 92.08, 91.61, 90.52, 89.57, 88.67, 89.17, 89.39, 89.56, 89.64, 89.61, 89.56], [89.45, 89.32, 89.33, 89.34, 89.37, 89.42, 91.27, 91.24, 91.52, 92.77, 93.3, 91.45, 89.14, 89.02, 89.32, 89.5, 89.74, 89.83, 89.63, 89.5], [89.43, 89.42, 89.42, 89.43, 89.45, 90.98, 91.07, 90.94, 90.68, 93.04, 94.82, 91.84, 91.81, 88.99, 90.0, 90.0, 90.0, 90.0, 90.0, 90.0], [89.57, 89.56, 89.38, 89.37, 89.36, 89.4, 89.52, 91.08, 91.91, 92.56, 93.69, 92.81, 92.38, 92.95, 90.0, 90.0, 90.0, 90.0, 90.0, 90.0], [89.0, 89.0, 89.0, 89.47, 89.4, 89.23, 89.35, 89.52, 93.41, 93.08, 92.35, 93.36, 93.04, 93.19, 90.0, 90.0, 90.0, 90.0, 90.0, 90.0], [89.0, 89.0, 89.0, 89.0, 89.0, 89.0, 89.0, 89.0, 89.35, 92.05, 96.0, 93.71, 93.44, 93.43, 90.0, 90.0, 90.0, 90.0, 90.0, 90.0], [89.0, 89.0, 89.0, 89.0, 89.0, 89.0, 89.0, 89.0, 89.0, -999.0, 96.0, 90.0, 90.0, 93.61, 90.0, 90.0, 90.0, 93.41, 93.33, 93.31], [89.0, 89.0, 89.0, 89.0, 89.0, 89.0, 89.0, 89.0, 89.0, 89.0, -999.0, 90.0, 90.0, 93.92, 92.19, 92.18, 92.14, 92.88, 92.77, 92.71], [89.0, 89.0, 89.0, 89.0, 89.0, 89.0, 89.0, 89.0, 89.0, 89.0, -999.0, 96.0, 96.0, 96.0, 92.7, 92.68, 92.59, 93.34, 93.18, 93.06], [89.0, 89.0, 89.0, 89.0, 89.0, 89.0, 89.0, 90.0, 90.0, 90.0, 90.0, 92.31, 96.0, 96.0, 96.0, 93.25, 93.07, 93.77, 93.55, 93.37], [89.0, 89.0, 89.63, 89.64, 89.66, 90.0, 90.0, 90.0, 90.0, 90.0, 93.78, 93.35, 93.93, 94.42, 93.86, 95.27, 95.16, 95.35, 93.9, 93.75], [89.64, 89.65, 89.35, 89.37, 90.0, 90.0, 90.0, 90.0, 90.0, 90.0, 92.58, 93.32, 94.11, 94.83, 95.06, 95.41, 95.2, 95.03, 94.91, 94.83], [89.36, 89.37, 89.39, 89.41, 90.0, 90.0, 90.0, 90.0, 90.0, 91.52, 92.33, 93.23, 94.17, 95.0, 95.87, 95.48, 95.18, 94.98, 94.86, 94.78], [89.38, 89.39, 89.42, 90.0, 90.0, 90.0, 90.0, 90.0, 90.54, 91.17, 92.47, 93.25, 93.99, 94.7, 95.52, 95.3, 95.05, 94.88, 94.77, 94.71], [89.39, 89.41, 92.29, 92.17, 92.03, 91.81, 91.49, 90.66, 91.01, 91.73, 92.5, 93.17, 93.76, 94.24, 95.13, 95.01, 94.85, 94.73, 94.66, 94.62], [92.44, 92.38, 92.31, 91.65, 91.57, 91.45, 91.3, 91.14, 91.87, 92.22, 92.7, 93.16, 93.59, 94.88, 94.83, 94.73, 94.62, 94.55, 94.52, 94.52], [91.86, 91.85, 91.82, 91.8, 91.76, 91.72, 91.69, 91.39, 92.48, 92.68, 92.95, 93.23, 94.71, 94.69, 94.61, 94.5, 94.41, 94.38, 94.39, 94.42], [91.94, 91.94, 91.94, 91.46, 91.49, 91.55, 91.64, 91.76, 91.91, 91.99, 91.94, 92.82, 94.0, 94.55, 94.45, 94.32, 94.21, 94.22, 94.28, 94.34], [91.43, 91.45, 91.48, 91.52, 91.59, 91.69, 91.85, 92.09, 92.4, 92.54, 92.33, 93.0, 94.0, 94.0, 94.0, 94.23, 94.06, 94.11, 94.21, 94.29], [91.45, 91.48, 91.51, 91.57, 91.65, 91.78, 91.98, 92.31, 92.87, 93.35, 92.65, 92.93, 92.86, 94.0, 94.0, 94.0, 94.11, 94.09, 94.19, 94.27], [91.46, 91.49, 91.53, 91.59, 91.67, 91.79, 91.98, 92.28, 92.8, 93.22, 93.0, 92.72, 92.67, 94.0, 94.0, 93.39, 93.58, 93.63, 94.23, 94.28], [91.47, 91.49, 91.53, 91.58, 91.65, 91.74, 91.86, 92.02, 92.2, 92.2, 92.41, 92.32, 92.4, 92.57, 92.91, 93.17, 93.35, 93.42, 93.41, 93.36], [91.46, 91.49, 91.52, 91.56, 91.6, 91.65, 91.69, 91.71, 91.63, 91.79, 91.57, 91.77, 92.08, 92.35, 92.69, 92.95, 93.13, 93.23, 93.26, 93.25], [91.46, 91.48, 91.5, 91.52, 91.54, 91.55, 91.53, 91.45, 91.24, 91.07, 90.5, 91.29, 91.82, 92.16, 92.49, 92.76, 92.94, 93.06, 93.11, 93.13], [91.45, 91.46, 91.47, 91.48, 91.48, 91.47, 91.42, 91.3, 91.56, 91.06, 90.75, 91.25, 91.72, 92.06, 92.36, 92.61, 92.79, 92.91, 92.99, 93.03], [91.43, 91.44, 91.45, 91.44, 91.43, 91.41, 91.35, 91.25, 91.63, 91.38, 91.29, 91.48, 91.77, 92.04, 92.28, 92.5, 92.67, 92.8, 92.88, 92.93], [91.42, 91.42, 91.42, 91.42, 91.4, 91.37, 91.32, 91.9, 91.76, 91.63, 91.6, 91.7, 91.87, 92.06, 92.24, 92.44, 92.59, 92.71, 92.79, 92.85]]}