gis_exercise/awsData/contour/humi_2023090908.json
{"header": {"refTime": "2023-09-09T08:00:00.000Z", "nx": 21, "ny": 33, "lo1": 113.509, "la1": 22.2235, "lo2": 113.5947, "la2": 22.1034, "dx": 0.0042850000000001385, "dy": 0.003753125000000024, "parameterCategory": 0, "parameterCategoryName": "Temperature", "parameterNumber": 0}, "z": [[94.79, 94.83, 94.88, 96.47, 96.45, 94.58, 94.67, 94.74, 94.72, 95.32, 95.11, 94.89, 93.29, 93.15, 92.22, 92.08, 91.18, 91.15, 91.13, 91.12], [94.76, 94.8, 94.86, 94.93, 96.44, 96.41, 94.78, 94.97, 95.07, 95.41, 95.08, 94.74, 93.12, 92.98, 92.08, 91.2, 91.15, 91.12, 91.09, 91.08], [94.73, 94.76, 94.82, 94.88, 96.43, 96.4, 96.35, 95.17, 95.78, 95.51, 94.99, 94.48, 92.83, 92.74, 91.23, 91.17, 91.11, 91.07, 91.04, 91.04], [94.68, 94.71, 94.76, 94.82, 94.91, 96.4, 96.37, 96.31, 96.26, 95.43, 94.83, 94.01, 92.35, 93.04, 91.22, 91.14, 91.05, 90.99, 90.97, 90.98], [94.62, 94.65, 94.68, 94.74, 94.81, 96.4, 96.38, 96.39, 96.46, 95.45, 94.82, 92.95, 91.81, 92.77, 91.23, 91.09, 90.95, 90.87, 90.86, 90.9], [94.56, 94.57, 94.59, 94.63, 94.69, 94.77, 96.35, 96.36, 96.51, 96.84, 94.61, 93.52, 92.57, 91.67, 91.26, 91.03, 90.77, 90.66, 90.73, 90.83], [93.89, 94.49, 94.48, 94.5, 94.54, 94.62, 95.51, 96.14, 96.27, 96.45, 96.69, 94.45, 92.14, 92.02, 91.32, 90.96, 90.51, 90.34, 90.18, 90.25], [93.86, 93.85, 93.84, 93.85, 93.9, 95.15, 95.34, 95.43, 95.34, 96.7, 97.98, 94.84, 94.81, 91.99, 91.12, 91.44, 90.79, 90.55, 90.92, 91.17], [94.15, 94.12, 93.76, 93.73, 93.72, 93.8, 94.04, 95.4, 96.27, 96.28, 96.69, 95.81, 95.38, 95.95, 91.19, 91.56, 91.18, 91.02, 91.11, 91.26], [93.0, 93.0, 93.0, 93.94, 93.8, 93.45, 93.7, 94.04, 97.27, 97.05, 95.35, 96.36, 96.04, 96.19, 91.2, 91.69, 91.45, 91.32, 91.31, 91.37], [93.0, 93.0, 93.0, 93.0, 93.0, 93.0, 93.0, 93.0, 93.71, 96.37, 99.0, 96.71, 96.44, 96.43, 91.17, 91.79, 91.61, 91.51, 91.48, 91.5], [93.0, 93.0, 93.0, 93.0, 93.0, 93.0, 93.0, 93.0, 93.0, -999.0, 99.0, 93.0, 93.0, 96.61, 91.13, 91.89, 91.78, 95.12, 94.99, 94.96], [93.0, 93.0, 93.0, 93.0, 93.0, 93.0, 93.0, 93.0, 93.0, 93.0, -999.0, 93.0, 93.0, 96.92, 95.19, 93.28, 93.21, 94.32, 94.16, 94.06], [93.0, 93.0, 93.0, 93.0, 93.0, 93.0, 93.0, 93.0, 93.0, 93.0, -999.0, 99.0, 99.0, 99.0, 95.7, 94.03, 93.88, 95.01, 94.77, 94.58], [93.0, 93.0, 93.0, 93.0, 93.0, 93.0, 93.0, 94.0, 94.0, 94.0, 94.0, 95.92, 99.0, 99.0, 99.0, 94.88, 94.61, 95.65, 95.33, 95.06], [93.0, 93.0, 93.63, 93.64, 93.66, 94.0, 94.0, 94.0, 94.0, 94.0, 97.15, 96.79, 97.27, 97.68, 97.22, 96.8, 96.47, 97.05, 95.03, 94.74], [93.64, 93.65, 93.35, 93.37, 94.0, 94.0, 94.0, 94.0, 94.0, 94.0, 96.15, 96.77, 97.42, 98.02, 97.73, 97.79, 97.36, 97.02, 96.79, 96.63], [93.36, 93.37, 93.39, 93.41, 94.0, 94.0, 94.0, 94.0, 94.0, 95.27, 95.94, 96.69, 97.47, 97.7, 98.81, 97.92, 97.31, 96.92, 96.67, 96.52], [93.38, 93.39, 93.42, 94.0, 94.0, 94.0, 94.0, 94.0, 94.45, 94.97, 96.0, 96.64, 96.54, 97.26, 98.0, 97.55, 97.04, 96.7, 96.49, 96.37], [93.39, 93.41, 95.71, 95.63, 95.52, 95.36, 95.12, 94.49, 94.8, 95.38, 96.01, 96.56, 96.17, 96.55, 97.19, 96.93, 96.6, 96.37, 96.24, 96.19], [95.83, 95.79, 95.73, 95.24, 95.18, 95.09, 94.98, 94.86, 95.48, 95.76, 96.15, 96.54, 95.8, 96.68, 96.55, 96.32, 96.1, 95.98, 95.97, 95.99], [95.4, 95.38, 95.37, 95.35, 95.32, 95.29, 95.27, 95.04, 95.95, 96.11, 96.33, 96.57, 96.43, 96.28, 96.06, 95.79, 95.57, 95.57, 95.7, 95.82], [95.45, 95.45, 95.45, 95.09, 95.12, 95.16, 95.23, 95.32, 95.43, 95.49, 95.46, 95.06, 95.67, 95.99, 95.72, 95.34, 94.94, 95.18, 95.53, 95.71], [95.07, 95.09, 95.11, 95.14, 95.19, 95.27, 95.39, 95.57, 95.8, 95.91, 95.75, 95.27, 95.73, 95.47, 95.22, 95.15, 94.03, 95.26, 95.56, 95.69], [95.09, 95.11, 95.14, 95.18, 95.24, 95.33, 95.48, 95.73, 96.15, 96.51, 95.99, 95.34, 94.94, 95.54, 95.33, 95.18, 95.53, 96.0, 95.7, 95.72], [95.1, 95.12, 95.15, 95.19, 95.25, 95.34, 95.48, 95.71, 96.1, 96.42, 95.77, 95.27, 94.92, 95.61, 95.45, 94.93, 95.16, 95.3, 95.74, 95.75], [95.1, 95.12, 95.15, 95.19, 95.24, 95.3, 95.4, 95.52, 95.65, 95.65, 95.3, 95.04, 94.83, 94.65, 94.77, 94.89, 95.02, 95.08, 95.06, 95.01], [95.1, 95.12, 95.14, 95.17, 95.2, 95.23, 95.27, 95.28, 95.22, 94.93, 94.76, 95.33, 95.56, 95.76, 94.72, 94.82, 94.91, 94.96, 94.97, 94.95], [95.09, 95.11, 95.12, 95.14, 95.15, 95.16, 95.15, 95.09, 94.93, 94.5, 94.37, 94.97, 95.36, 95.62, 94.67, 94.76, 94.83, 94.88, 94.9, 94.9], [95.08, 95.09, 95.1, 95.11, 95.11, 95.1, 95.06, 94.98, 95.17, 94.79, 94.56, 94.94, 95.29, 95.55, 94.63, 94.71, 94.77, 94.82, 94.84, 94.85], [95.08, 95.08, 95.08, 95.08, 95.08, 95.05, 95.01, 94.94, 95.22, 95.04, 94.97, 95.11, 95.33, 95.53, 94.61, 94.68, 94.73, 94.77, 94.8, 94.81], [95.07, 95.07, 95.07, 95.06, 95.05, 95.03, 94.99, 95.43, 95.32, 95.23, 95.2, 95.28, 95.41, 95.55, 94.6, 94.65, 94.7, 94.74, 94.76, 94.78]]}