gis_exercise/awsData/contour/humi_2023083104.json
{"header": {"refTime": "2023-08-31T04:00:00.000Z", "nx": 21, "ny": 33, "lo1": 113.509, "la1": 22.2235, "lo2": 113.5947, "la2": 22.1034, "dx": 0.0042850000000001385, "dy": 0.003753125000000024, "parameterCategory": 0, "parameterCategoryName": "Temperature", "parameterNumber": 0}, "z": [[71.31, 71.31, 71.31, 71.55, 71.53, 70.33, 70.35, 70.36, 70.31, 70.18, 69.99, 69.79, 68.93, 68.82, 69.35, 69.41, 68.96, 69.05, 69.12, 69.16], [71.32, 71.31, 71.31, 71.3, 71.53, 71.49, 70.43, 70.49, 70.51, 70.3, 69.98, 69.69, 68.79, 68.69, 69.24, 68.85, 69.0, 69.11, 69.19, 69.23], [71.32, 71.32, 71.32, 71.31, 71.55, 71.5, 71.42, 70.61, 70.89, 70.4, 69.91, 69.48, 68.56, 68.49, 68.64, 68.87, 69.07, 69.2, 69.28, 69.32], [71.32, 71.32, 71.32, 71.33, 71.32, 71.54, 71.48, 71.38, 71.28, 70.28, 69.74, 69.11, 68.16, 68.44, 68.6, 68.93, 69.19, 69.35, 69.42, 69.43], [71.32, 71.33, 71.33, 71.34, 71.35, 71.6, 71.58, 71.54, 71.53, 70.15, 69.65, 68.37, 67.58, 68.27, 68.63, 69.07, 69.41, 69.59, 69.62, 69.57], [71.32, 71.33, 71.33, 71.35, 71.37, 71.39, 71.68, 71.69, 71.71, 71.73, 69.46, 68.77, 68.13, 67.67, 68.78, 69.29, 69.76, 69.95, 69.86, 69.71], [71.45, 71.32, 71.33, 71.34, 71.37, 71.42, 71.75, 71.81, 71.85, 71.41, 71.24, 69.46, 68.14, 68.02, 68.99, 69.52, 70.23, 70.49, 70.26, 70.01], [71.43, 71.42, 71.42, 71.43, 71.45, 71.62, 71.72, 71.85, 71.83, 71.51, 71.65, 69.92, 69.9, 67.99, 70.26, 70.04, 70.48, 70.63, 70.39, 70.22], [71.57, 71.56, 71.38, 71.37, 71.36, 71.4, 71.52, 71.76, 72.0, 71.36, 70.85, 70.41, 70.19, 70.48, 70.2, 69.96, 70.21, 70.32, 70.26, 70.16], [71.0, 71.0, 71.0, 71.47, 71.4, 71.23, 71.35, 71.52, 72.0, 72.0, 70.18, 70.68, 70.52, 70.6, 70.2, 69.87, 70.04, 70.12, 70.12, 70.09], [71.0, 71.0, 71.0, 71.0, 71.0, 71.0, 71.0, 71.0, 71.35, 72.0, 72.0, 70.86, 70.72, 70.71, 70.22, 69.81, 69.93, 70.0, 70.01, 70.0], [71.0, 71.0, 71.0, 71.0, 71.0, 71.0, 71.0, 71.0, 71.0, -999.0, 72.0, 69.0, 69.0, 70.81, 70.24, 69.74, 69.81, 75.55, 75.44, 75.41], [71.0, 71.0, 71.0, 71.0, 71.0, 71.0, 71.0, 71.0, 71.0, 71.0, -999.0, 69.0, 69.0, 75.53, 72.66, 73.91, 73.85, 74.84, 74.7, 74.61], [71.0, 71.0, 71.0, 71.0, 71.0, 71.0, 71.0, 71.0, 71.0, 71.0, -999.0, 79.0, 79.0, 79.0, 73.5, 74.58, 74.45, 75.46, 75.24, 75.08], [71.0, 71.0, 71.0, 71.0, 71.0, 71.0, 71.0, 72.0, 72.0, 72.0, 72.0, 74.69, 79.0, 79.0, 79.0, 75.34, 75.1, 76.02, 75.73, 75.5], [71.0, 71.0, 71.63, 71.64, 71.66, 72.0, 72.0, 72.0, 72.0, 72.0, 76.4, 75.91, 76.58, 77.15, 76.51, 76.43, 76.04, 76.73, 75.02, 74.73], [71.64, 71.65, 71.35, 71.37, 72.0, 72.0, 72.0, 72.0, 72.0, 72.0, 75.01, 75.88, 76.79, 77.63, 77.38, 78.05, 77.72, 77.47, 77.29, 77.18], [71.36, 71.37, 71.39, 71.41, 72.0, 72.0, 72.0, 72.0, 72.0, 73.78, 74.72, 75.77, 76.86, 77.34, 78.76, 78.15, 77.68, 77.38, 77.2, 77.09], [71.38, 71.39, 71.42, 72.0, 72.0, 72.0, 72.0, 72.0, 72.63, 73.36, 74.02, 74.89, 75.82, 76.77, 78.21, 77.86, 77.45, 77.19, 77.05, 76.97], [71.39, 71.41, 72.0, 72.0, 72.0, 72.0, 72.0, 72.0, 72.66, 73.2, 73.89, 74.62, 75.35, 75.89, 77.56, 77.34, 77.09, 76.92, 76.85, 76.83], [72.0, 72.0, 72.0, 72.0, 72.0, 72.0, 72.0, 72.0, 73.09, 73.37, 73.82, 74.36, 74.91, 77.16, 77.03, 76.82, 76.64, 76.58, 76.62, 76.69], [72.0, 72.0, 72.0, 72.0, 72.0, 72.0, 72.0, 71.65, 73.22, 73.39, 73.69, 74.09, 74.48, 76.83, 76.61, 76.32, 76.12, 76.2, 76.42, 76.58], [72.0, 72.0, 72.0, 71.49, 71.52, 71.55, 71.57, 71.6, 71.62, 71.61, 71.58, 72.0, 74.37, 76.6, 76.32, 75.86, 75.35, 75.81, 76.35, 76.56], [71.42, 71.43, 71.44, 71.46, 71.48, 71.5, 71.53, 71.58, 71.63, 71.65, 71.58, 71.5, 74.31, 74.69, 74.95, 75.74, 73.9, 76.26, 76.59, 76.64], [71.4, 71.4, 71.41, 71.42, 71.43, 71.45, 71.49, 71.56, 71.69, 71.81, 71.6, 71.46, 71.43, 74.71, 75.07, 75.43, 76.78, 77.76, 76.92, 76.75], [71.37, 71.37, 71.38, 71.38, 71.38, 71.4, 71.42, 71.48, 71.62, 71.74, 71.5, 71.36, 71.34, 74.72, 75.12, 75.25, 75.9, 76.22, 76.91, 76.8], [71.35, 71.34, 71.34, 71.33, 71.33, 71.32, 71.32, 71.33, 71.35, 71.32, 71.2, 71.16, 71.2, 73.87, 74.44, 74.95, 75.38, 75.59, 75.54, 75.38], [71.32, 71.31, 71.3, 71.29, 71.27, 71.25, 71.22, 71.16, 71.06, 70.89, 70.78, 72.07, 72.76, 73.51, 74.12, 74.6, 74.95, 75.15, 75.2, 75.15], [71.3, 71.29, 71.27, 71.25, 71.22, 71.18, 71.12, 71.03, 70.85, 70.53, 70.56, 71.59, 72.45, 73.21, 73.83, 74.28, 74.61, 74.81, 74.91, 74.93], [71.28, 71.26, 71.24, 71.22, 71.18, 71.13, 71.06, 70.95, 71.73, 71.2, 70.9, 71.6, 72.37, 73.05, 73.61, 74.03, 74.34, 74.55, 74.67, 74.73], [71.26, 71.24, 71.22, 71.19, 71.15, 71.1, 71.03, 70.93, 71.91, 71.66, 71.62, 71.95, 72.47, 73.0, 73.49, 73.86, 74.14, 74.34, 74.47, 74.55], [71.24, 71.23, 71.2, 71.17, 71.13, 71.09, 71.03, 72.29, 72.14, 72.04, 72.07, 72.29, 72.64, 73.04, 73.43, 73.74, 73.99, 74.18, 74.32, 74.41]]}