gis_exercise/awsData/contour/humi_2023091304.json
{"header": {"refTime": "2023-09-13T04:00:00.000Z", "nx": 21, "ny": 33, "lo1": 113.509, "la1": 22.2235, "lo2": 113.5947, "la2": 22.1034, "dx": 0.0042850000000001385, "dy": 0.003753125000000024, "parameterCategory": 0, "parameterCategoryName": "Temperature", "parameterNumber": 0}, "z": [[93.24, 93.22, 93.19, 93.92, 93.82, 91.85, 91.81, 91.76, 91.69, 91.76, 91.63, 91.48, 90.17, 90.08, 89.77, 89.77, 89.52, 89.56, 89.59, 89.61], [93.26, 93.24, 93.21, 93.17, 93.83, 93.68, 91.88, 91.84, 91.79, 91.79, 91.59, 91.35, 90.03, 89.94, 89.67, 89.45, 89.52, 89.57, 89.61, 89.63], [93.28, 93.26, 93.24, 93.21, 93.89, 93.73, 93.47, 91.91, 91.96, 91.84, 91.52, 91.13, 89.78, 89.73, 89.34, 89.45, 89.54, 89.6, 89.63, 89.65], [93.3, 93.29, 93.28, 93.26, 93.22, 93.86, 93.65, 93.3, 92.97, 91.85, 91.44, 90.74, 89.35, 90.26, 89.3, 89.47, 89.57, 89.64, 89.67, 89.69], [93.32, 93.32, 93.32, 93.32, 93.32, 94.05, 93.97, 93.86, 93.83, 92.03, 91.51, 90.15, 88.91, 89.98, 89.32, 89.52, 89.64, 89.7, 89.72, 89.72], [93.34, 93.35, 93.36, 93.38, 93.41, 93.46, 94.28, 94.34, 94.43, 94.58, 91.88, 90.78, 89.77, 89.0, 89.45, 89.63, 89.75, 89.8, 89.78, 89.76], [93.89, 93.37, 93.39, 93.42, 93.48, 93.58, 94.75, 94.68, 94.82, 94.68, 94.53, 91.85, 89.71, 89.53, 89.65, 89.74, 89.86, 89.91, 89.63, 89.5], [93.86, 93.85, 93.84, 93.85, 93.9, 94.47, 94.66, 94.89, 94.88, 94.85, 95.33, 92.54, 92.51, 89.49, 90.37, 90.48, 90.26, 90.18, 90.31, 90.39], [94.15, 94.12, 93.76, 93.73, 93.72, 93.8, 94.04, 94.74, 95.32, 94.57, 94.08, 93.34, 92.98, 93.46, 90.4, 90.52, 90.39, 90.34, 90.37, 90.42], [93.0, 93.0, 93.0, 93.94, 93.8, 93.45, 93.7, 94.04, 95.57, 95.51, 92.96, 93.8, 93.53, 93.66, 90.4, 90.56, 90.48, 90.44, 90.44, 90.46], [93.0, 93.0, 93.0, 93.0, 93.0, 93.0, 93.0, 93.0, 93.71, 95.34, 96.0, 94.09, 93.87, 93.85, 90.39, 90.6, 90.54, 90.5, 90.49, 90.5], [93.0, 93.0, 93.0, 93.0, 93.0, 93.0, 93.0, 93.0, 93.0, -999.0, 96.0, 91.0, 91.0, 94.01, 90.38, 90.63, 90.59, 93.98, 93.88, 93.86], [93.0, 93.0, 93.0, 93.0, 93.0, 93.0, 93.0, 93.0, 93.0, 93.0, -999.0, 91.0, 91.0, 94.92, 93.19, 92.55, 92.5, 93.36, 93.24, 93.16], [93.0, 93.0, 93.0, 93.0, 93.0, 93.0, 93.0, 93.0, 93.0, 93.0, -999.0, 97.0, 97.0, 97.0, 93.7, 93.13, 93.02, 93.9, 93.71, 93.57], [93.0, 93.0, 93.0, 93.0, 93.0, 93.0, 93.0, 91.0, 91.0, 91.0, 91.0, 93.31, 97.0, 97.0, 97.0, 93.8, 93.59, 94.39, 94.14, 93.93], [93.0, 93.0, 91.74, 91.72, 91.68, 91.0, 91.0, 91.0, 91.0, 91.0, 94.78, 94.35, 94.93, 95.42, 94.86, 95.53, 95.31, 95.7, 94.1, 93.88], [91.72, 91.7, 92.29, 92.26, 91.0, 91.0, 91.0, 91.0, 91.0, 91.0, 93.58, 94.32, 95.11, 95.83, 95.84, 95.96, 95.59, 95.3, 95.09, 94.95], [92.29, 92.26, 92.23, 92.17, 91.0, 91.0, 91.0, 91.0, 91.0, 92.52, 93.33, 94.23, 95.17, 95.79, 96.83, 96.07, 95.55, 95.21, 94.99, 94.85], [92.25, 92.21, 92.17, 91.0, 91.0, 91.0, 91.0, 91.0, 91.54, 92.17, 93.29, 94.06, 94.63, 95.39, 96.15, 95.76, 95.33, 95.02, 94.84, 94.73], [92.22, 92.19, 92.71, 92.63, 92.52, 92.36, 92.12, 91.49, 91.9, 92.55, 93.28, 93.94, 94.32, 94.79, 95.46, 95.24, 94.96, 94.75, 94.63, 94.57], [92.83, 92.79, 92.73, 92.24, 92.18, 92.09, 91.98, 91.86, 92.64, 92.96, 93.41, 93.88, 94.04, 95.03, 94.93, 94.74, 94.55, 94.44, 94.4, 94.4], [92.4, 92.38, 92.37, 92.35, 92.32, 92.29, 92.27, 92.39, 93.12, 93.31, 93.57, 93.87, 94.74, 94.69, 94.53, 94.32, 94.15, 94.12, 94.17, 94.24], [92.45, 92.45, 92.45, 92.6, 92.6, 92.62, 92.65, 92.72, 92.81, 92.87, 92.88, 92.85, 93.67, 94.44, 94.24, 93.99, 93.75, 93.82, 93.98, 94.11], [92.65, 92.65, 92.67, 92.68, 92.72, 92.77, 92.86, 92.99, 93.16, 93.25, 93.16, 93.5, 93.68, 93.62, 93.56, 93.82, 93.33, 93.7, 93.9, 94.04], [92.69, 92.7, 92.73, 92.76, 92.81, 92.88, 93.0, 93.18, 93.46, 93.7, 93.38, 93.52, 93.41, 93.63, 93.58, 93.54, 93.77, 93.86, 93.92, 94.02], [92.72, 92.74, 92.77, 92.81, 92.87, 92.95, 93.06, 93.23, 93.48, 93.68, 93.63, 93.49, 93.4, 93.65, 93.61, 93.44, 93.51, 93.55, 93.97, 94.04], [92.75, 92.78, 92.81, 92.85, 92.91, 92.98, 93.07, 93.18, 93.3, 93.33, 93.47, 93.4, 93.36, 93.32, 93.37, 93.42, 93.46, 93.48, 93.48, 93.46], [92.78, 92.8, 92.83, 92.87, 92.92, 92.98, 93.05, 93.12, 93.16, 93.35, 93.29, 93.44, 93.52, 93.59, 93.35, 93.39, 93.42, 93.44, 93.45, 93.44], [92.79, 92.82, 92.85, 92.89, 92.93, 92.98, 93.02, 93.06, 93.08, 93.19, 93.12, 93.32, 93.45, 93.54, 93.32, 93.36, 93.39, 93.41, 93.42, 93.42], [92.81, 92.83, 92.86, 92.89, 92.93, 92.97, 93.0, 93.03, 93.39, 93.26, 93.19, 93.31, 93.43, 93.52, 93.3, 93.34, 93.37, 93.39, 93.4, 93.4], [92.82, 92.84, 92.86, 92.89, 92.92, 92.95, 92.98, 93.0, 93.41, 93.35, 93.32, 93.37, 93.44, 93.51, 93.29, 93.33, 93.35, 93.37, 93.38, 93.39], [92.82, 92.84, 92.87, 92.89, 92.92, 92.94, 92.96, 93.48, 93.44, 93.41, 93.4, 93.43, 93.47, 93.52, 93.29, 93.32, 93.34, 93.35, 93.37, 93.37]]}