gis_exercise/awsData/contour/humi_2023091020.json
{"header": {"refTime": "2023-09-10T20:00:00.000Z", "nx": 21, "ny": 33, "lo1": 113.509, "la1": 22.2235, "lo2": 113.5947, "la2": 22.1034, "dx": 0.0042850000000001385, "dy": 0.003753125000000024, "parameterCategory": 0, "parameterCategoryName": "Temperature", "parameterNumber": 0}, "z": [[93.48, 93.52, 93.58, 95.18, 95.17, 93.09, 93.22, 93.33, 93.32, 94.06, 93.8, 93.53, 91.66, 91.48, 91.09, 91.0, 89.89, 89.91, 89.93, 89.94], [93.45, 93.49, 93.55, 93.62, 95.15, 95.15, 93.36, 93.63, 93.77, 94.2, 93.77, 93.36, 91.46, 91.28, 90.93, 89.86, 89.89, 89.91, 89.93, 89.94], [93.41, 93.44, 93.5, 93.57, 95.13, 95.13, 95.12, 93.88, 94.7, 94.32, 93.67, 93.04, 91.11, 90.99, 89.8, 89.85, 89.89, 89.92, 89.94, 89.95], [93.36, 93.39, 93.43, 93.5, 93.59, 95.1, 95.1, 95.1, 95.11, 94.2, 93.46, 92.48, 90.54, 91.23, 89.78, 89.86, 89.91, 89.93, 89.95, 89.96], [93.3, 93.32, 93.35, 93.4, 93.47, 95.05, 95.05, 95.08, 95.17, 94.16, 93.41, 91.15, 89.89, 90.94, 89.79, 89.88, 89.93, 89.95, 89.96, 89.97], [93.24, 93.24, 93.26, 93.28, 93.32, 93.38, 94.93, 94.93, 95.1, 95.5, 93.0, 91.77, 90.72, 89.67, 89.87, 89.93, 89.97, 89.98, 89.98, 89.98], [92.45, 93.16, 93.15, 93.15, 93.17, 93.2, 94.02, 94.56, 94.7, 94.91, 95.24, 92.78, 90.14, 90.02, 89.99, 89.99, 89.99, 90.0, 89.82, 89.75], [92.43, 92.42, 92.42, 92.43, 92.45, 93.75, 93.85, 93.76, 93.45, 95.21, 96.78, 93.15, 93.11, 89.99, 90.37, 90.48, 90.26, 90.18, 90.31, 90.39], [92.57, 92.56, 92.38, 92.37, 92.36, 92.4, 92.52, 93.86, 94.59, 94.7, 95.31, 94.28, 93.78, 94.44, 90.4, 90.52, 90.39, 90.34, 90.37, 90.42], [92.0, 92.0, 92.0, 92.47, 92.4, 92.23, 92.35, 92.52, 95.84, 95.56, 93.74, 94.92, 94.54, 94.72, 90.4, 90.56, 90.48, 90.44, 90.44, 90.46], [92.0, 92.0, 92.0, 92.0, 92.0, 92.0, 92.0, 92.0, 92.35, 94.71, 98.0, 95.33, 95.02, 95.0, 90.39, 90.6, 90.54, 90.5, 90.49, 90.5], [92.0, 92.0, 92.0, 92.0, 92.0, 92.0, 92.0, 92.0, 92.0, -999.0, 98.0, 91.0, 91.0, 95.21, 90.38, 90.63, 90.59, 93.98, 93.88, 93.86], [92.0, 92.0, 92.0, 92.0, 92.0, 92.0, 92.0, 92.0, 92.0, 92.0, -999.0, 91.0, 91.0, 94.92, 93.19, 92.55, 92.5, 93.36, 93.24, 93.16], [92.0, 92.0, 92.0, 92.0, 92.0, 92.0, 92.0, 92.0, 92.0, 92.0, -999.0, 97.0, 97.0, 97.0, 93.7, 93.13, 93.02, 93.9, 93.71, 93.57], [92.0, 92.0, 92.0, 92.0, 92.0, 92.0, 92.0, 92.0, 92.0, 92.0, 92.0, 93.92, 97.0, 97.0, 97.0, 93.8, 93.59, 94.39, 94.14, 93.93], [92.0, 92.0, 92.0, 92.0, 92.0, 92.0, 92.0, 92.0, 92.0, 92.0, 95.15, 94.79, 95.27, 95.68, 95.22, 95.53, 95.31, 95.7, 94.1, 93.88], [92.0, 92.0, 92.0, 92.0, 92.0, 92.0, 92.0, 92.0, 92.0, 92.0, 94.15, 94.77, 95.42, 96.02, 95.96, 96.1, 95.78, 95.53, 95.35, 95.23], [92.0, 92.0, 92.0, 92.0, 92.0, 92.0, 92.0, 92.0, 92.0, 93.27, 93.94, 94.69, 95.47, 95.92, 96.85, 96.2, 95.74, 95.45, 95.27, 95.15], [92.0, 92.0, 92.0, 92.0, 92.0, 92.0, 92.0, 92.0, 92.45, 92.97, 93.81, 94.45, 94.91, 95.56, 96.26, 95.93, 95.55, 95.29, 95.13, 95.04], [92.0, 92.0, 93.14, 93.09, 93.01, 92.91, 92.75, 92.33, 92.69, 93.21, 93.79, 94.33, 94.62, 95.0, 95.66, 95.47, 95.23, 95.05, 94.95, 94.9], [93.22, 93.19, 93.15, 92.83, 92.79, 92.73, 92.65, 92.57, 93.25, 93.5, 93.87, 94.26, 94.35, 95.28, 95.19, 95.03, 94.86, 94.77, 94.75, 94.76], [92.93, 92.92, 92.91, 92.9, 92.88, 92.86, 92.84, 92.69, 93.59, 93.74, 93.96, 94.21, 94.74, 94.99, 94.84, 94.64, 94.49, 94.48, 94.55, 94.62], [92.97, 92.97, 92.97, 92.73, 92.75, 92.77, 92.82, 92.88, 92.95, 92.99, 92.97, 93.15, 93.96, 94.77, 94.59, 94.33, 94.08, 94.2, 94.4, 94.53], [92.71, 92.72, 92.74, 92.76, 92.8, 92.85, 92.93, 93.05, 93.2, 93.27, 93.16, 93.25, 93.97, 93.95, 93.92, 94.19, 93.54, 94.19, 94.38, 94.49], [92.72, 92.74, 92.76, 92.79, 92.83, 92.89, 92.99, 93.16, 93.44, 93.67, 93.32, 93.25, 93.13, 93.97, 93.97, 93.97, 94.32, 94.54, 94.45, 94.5], [92.73, 92.75, 92.77, 92.79, 92.84, 92.9, 92.99, 93.14, 93.4, 93.61, 93.38, 93.17, 93.07, 93.99, 94.0, 93.74, 93.92, 94.01, 94.48, 94.52], [92.73, 92.75, 92.77, 92.79, 92.82, 92.87, 92.93, 93.01, 93.1, 93.1, 93.08, 92.98, 92.96, 93.29, 93.47, 93.64, 93.76, 93.82, 93.81, 93.77], [92.73, 92.74, 92.76, 92.78, 92.8, 92.82, 92.85, 92.85, 92.81, 92.79, 92.68, 93.03, 93.25, 93.47, 93.37, 93.52, 93.63, 93.69, 93.71, 93.69], [92.73, 92.74, 92.75, 92.76, 92.77, 92.77, 92.77, 92.73, 92.62, 92.46, 92.29, 92.76, 93.1, 93.35, 93.27, 93.42, 93.52, 93.59, 93.62, 93.62], [92.72, 92.73, 92.74, 92.74, 92.74, 92.73, 92.71, 92.65, 92.9, 92.61, 92.44, 92.75, 93.05, 93.28, 93.2, 93.33, 93.43, 93.5, 93.54, 93.56], [92.72, 92.72, 92.72, 92.72, 92.72, 92.7, 92.67, 92.62, 92.95, 92.81, 92.77, 92.89, 93.08, 93.27, 93.16, 93.28, 93.37, 93.43, 93.48, 93.5], [92.71, 92.71, 92.71, 92.71, 92.7, 92.68, 92.66, 93.12, 93.04, 92.97, 92.96, 93.03, 93.15, 93.28, 93.14, 93.24, 93.32, 93.38, 93.43, 93.46]]}