gis_exercise/awsData/contour/humi_2023090922.json
{"header": {"refTime": "2023-09-09T22:00:00.000Z", "nx": 21, "ny": 33, "lo1": 113.509, "la1": 22.2235, "lo2": 113.5947, "la2": 22.1034, "dx": 0.0042850000000001385, "dy": 0.003753125000000024, "parameterCategory": 0, "parameterCategoryName": "Temperature", "parameterNumber": 0}, "z": [[90.25, 90.33, 90.42, 93.1, 93.1, 90.34, 90.53, 90.71, 90.73, 92.2, 91.92, 91.63, 89.02, 88.81, 88.1, 87.96, 86.54, 86.53, 86.53, 86.53], [90.2, 90.27, 90.37, 90.5, 93.07, 93.08, 90.71, 91.11, 91.34, 92.31, 91.87, 91.42, 88.79, 88.57, 87.91, 86.53, 86.52, 86.52, 86.51, 86.51], [90.13, 90.19, 90.28, 90.41, 93.02, 93.03, 93.05, 91.44, 92.6, 92.42, 91.75, 91.04, 88.38, 88.24, 86.51, 86.51, 86.5, 86.49, 86.49, 86.49], [90.05, 90.1, 90.17, 90.28, 90.43, 92.96, 92.98, 93.04, 93.09, 92.36, 91.55, 90.38, 87.73, 88.82, 86.5, 86.5, 86.48, 86.46, 86.46, 86.47], [89.95, 89.98, 90.03, 90.1, 90.21, 92.85, 92.85, 92.92, 93.1, 92.46, 91.57, 88.74, 87.13, 88.45, 86.51, 86.49, 86.44, 86.41, 86.41, 86.44], [89.85, 89.86, 89.87, 89.91, 89.96, 90.04, 92.61, 92.6, 92.9, 93.6, 91.15, 89.53, 88.16, 86.67, 86.56, 86.48, 86.37, 86.32, 86.36, 86.41], [88.45, 89.72, 89.7, 89.7, 89.7, 89.72, 91.03, 91.89, 92.13, 92.96, 93.7, 90.78, 87.14, 87.02, 86.66, 86.48, 86.25, 86.17, 86.0, 86.0], [88.43, 88.42, 88.42, 88.43, 88.45, 90.66, 90.75, 90.48, 89.96, 93.4, 96.11, 91.07, 91.02, 86.99, 86.74, 86.96, 86.52, 86.37, 86.61, 86.78], [88.57, 88.56, 88.38, 88.37, 88.36, 88.4, 88.52, 90.73, 91.87, 92.62, 94.16, 92.69, 91.97, 92.92, 86.8, 87.04, 86.79, 86.68, 86.74, 86.84], [88.0, 88.0, 88.0, 88.47, 88.4, 88.23, 88.35, 88.52, 94.12, 93.61, 91.92, 93.59, 93.06, 93.32, 86.8, 87.13, 86.96, 86.88, 86.88, 86.91], [88.0, 88.0, 88.0, 88.0, 88.0, 88.0, 88.0, 88.0, 88.35, 92.08, 98.0, 94.19, 93.74, 93.71, 86.78, 87.19, 87.07, 87.0, 86.99, 87.0], [88.0, 88.0, 88.0, 88.0, 88.0, 88.0, 88.0, 88.0, 88.0, -999.0, 98.0, 88.0, 88.0, 94.02, 86.76, 87.26, 87.19, 90.55, 90.44, 90.41], [88.0, 88.0, 88.0, 88.0, 88.0, 88.0, 88.0, 88.0, 88.0, 88.0, -999.0, 88.0, 88.0, 91.92, 90.19, 88.91, 88.85, 89.84, 89.7, 89.61], [88.0, 88.0, 88.0, 88.0, 88.0, 88.0, 88.0, 88.0, 88.0, 88.0, -999.0, 94.0, 94.0, 94.0, 90.7, 89.58, 89.45, 90.46, 90.24, 90.08], [88.0, 88.0, 88.0, 88.0, 88.0, 88.0, 88.0, 90.0, 90.0, 90.0, 90.0, 91.54, 94.0, 94.0, 94.0, 90.34, 90.1, 91.02, 90.73, 90.5], [88.0, 88.0, 89.26, 89.28, 89.32, 90.0, 90.0, 90.0, 90.0, 90.0, 92.52, 92.23, 92.62, 92.95, 92.57, 92.53, 92.31, 92.7, 90.84, 90.61], [89.28, 89.3, 88.71, 88.74, 90.0, 90.0, 90.0, 90.0, 90.0, 90.0, 91.72, 92.22, 92.74, 93.22, 93.08, 93.38, 93.16, 92.99, 92.87, 92.8], [88.71, 88.74, 88.77, 88.83, 90.0, 90.0, 90.0, 90.0, 90.0, 91.02, 91.55, 92.15, 92.78, 93.05, 93.86, 93.45, 93.13, 92.93, 92.81, 92.74], [88.75, 88.79, 88.83, 90.0, 90.0, 90.0, 90.0, 90.0, 90.36, 90.78, 91.71, 92.23, 92.18, 92.73, 93.49, 93.25, 92.99, 92.82, 92.72, 92.66], [88.78, 88.81, 91.71, 91.63, 91.52, 91.36, 91.12, 90.49, 90.71, 91.21, 91.74, 92.19, 91.91, 92.22, 93.06, 92.92, 92.75, 92.64, 92.59, 92.57], [91.83, 91.79, 91.73, 91.24, 91.18, 91.09, 90.98, 90.86, 91.33, 91.57, 91.89, 92.2, 91.66, 92.8, 92.72, 92.59, 92.48, 92.43, 92.44, 92.48], [91.4, 91.38, 91.37, 91.35, 91.32, 91.29, 91.27, 91.21, 91.77, 91.91, 92.09, 92.27, 92.4, 92.59, 92.46, 92.29, 92.16, 92.2, 92.31, 92.4], [91.45, 91.45, 91.45, 91.34, 91.36, 91.39, 91.44, 91.52, 91.62, 91.68, 91.67, 91.33, 92.3, 92.44, 92.27, 92.01, 91.73, 91.96, 92.24, 92.37], [91.36, 91.37, 91.39, 91.41, 91.45, 91.52, 91.62, 91.78, 91.98, 92.08, 91.95, 91.76, 92.33, 92.19, 92.04, 91.93, 90.97, 92.15, 92.35, 92.39], [91.39, 91.4, 91.43, 91.47, 91.52, 91.61, 91.74, 91.95, 92.31, 92.6, 92.19, 91.82, 91.53, 92.24, 92.13, 92.06, 92.42, 92.9, 92.51, 92.45], [91.41, 91.43, 91.46, 91.5, 91.56, 91.65, 91.77, 91.97, 92.29, 92.55, 92.14, 91.78, 91.52, 92.3, 92.23, 91.93, 92.16, 92.3, 92.51, 92.47], [91.43, 91.45, 91.48, 91.52, 91.57, 91.64, 91.73, 91.85, 91.97, 91.99, 91.82, 91.63, 91.47, 91.65, 91.77, 91.89, 92.02, 92.08, 92.06, 92.01], [91.44, 91.46, 91.49, 91.52, 91.56, 91.61, 91.66, 91.7, 91.69, 91.59, 91.47, 92.03, 92.25, 92.47, 91.72, 91.82, 91.91, 91.96, 91.97, 91.95], [91.44, 91.46, 91.49, 91.51, 91.54, 91.57, 91.59, 91.58, 91.5, 91.31, 91.29, 91.76, 92.1, 92.35, 91.67, 91.76, 91.83, 91.88, 91.9, 91.9], [91.45, 91.46, 91.48, 91.5, 91.52, 91.53, 91.53, 91.5, 91.9, 91.61, 91.44, 91.75, 92.05, 92.28, 91.63, 91.71, 91.77, 91.82, 91.84, 91.85], [91.45, 91.46, 91.47, 91.49, 91.5, 91.5, 91.5, 91.47, 91.95, 91.81, 91.77, 91.89, 92.08, 92.27, 91.61, 91.68, 91.73, 91.77, 91.8, 91.81], [91.44, 91.46, 91.47, 91.48, 91.48, 91.48, 91.47, 92.12, 92.04, 91.97, 91.96, 92.03, 92.15, 92.28, 91.6, 91.65, 91.7, 91.74, 91.76, 91.78]]}