gis_exercise/awsData/contour/humi_2023090509.json
{"header": {"refTime": "2023-09-05T09:00:00.000Z", "nx": 21, "ny": 33, "lo1": 113.509, "la1": 22.2235, "lo2": 113.5947, "la2": 22.1034, "dx": 0.0042850000000001385, "dy": 0.003753125000000024, "parameterCategory": 0, "parameterCategoryName": "Temperature", "parameterNumber": 0}, "z": [[61.63, 61.62, 61.61, 62.11, 62.05, 60.36, 60.36, 60.35, 60.28, 60.12, 59.89, 59.66, 58.29, 58.15, 58.36, 58.37, 57.6, 57.67, 57.72, 57.76], [61.63, 61.63, 61.62, 61.61, 62.06, 61.97, 60.45, 60.49, 60.49, 60.25, 59.88, 59.52, 58.12, 57.98, 58.23, 57.52, 57.63, 57.71, 57.77, 57.8], [61.64, 61.64, 61.64, 61.63, 62.09, 62.0, 61.85, 60.63, 60.88, 60.36, 59.79, 59.26, 57.83, 57.74, 57.36, 57.53, 57.68, 57.78, 57.84, 57.86], [61.64, 61.65, 61.65, 61.65, 61.65, 62.08, 61.96, 61.75, 61.56, 60.24, 59.6, 58.8, 57.35, 57.84, 57.33, 57.57, 57.76, 57.88, 57.93, 57.94], [61.65, 61.65, 61.66, 61.68, 61.69, 62.2, 62.15, 62.08, 62.06, 60.16, 59.53, 57.76, 56.74, 57.6, 57.35, 57.67, 57.92, 58.04, 58.07, 58.04], [61.65, 61.65, 61.67, 61.69, 61.73, 61.79, 62.35, 62.38, 62.42, 62.46, 59.23, 58.27, 57.42, 56.67, 57.48, 57.84, 58.16, 58.29, 58.23, 58.13], [61.89, 61.65, 61.66, 61.69, 61.74, 61.84, 62.5, 62.63, 62.69, 62.02, 61.73, 59.12, 57.14, 57.02, 57.65, 58.01, 58.48, 58.66, 58.45, 58.26], [61.86, 61.85, 61.84, 61.85, 61.9, 62.24, 62.43, 62.71, 62.71, 62.18, 62.41, 59.54, 59.51, 56.99, 58.63, 58.52, 58.74, 58.82, 58.69, 58.61], [62.15, 62.12, 61.76, 61.73, 61.72, 61.8, 62.04, 62.52, 63.0, 61.93, 61.08, 60.34, 59.98, 60.46, 58.6, 58.48, 58.61, 58.66, 58.63, 58.58], [61.0, 61.0, 61.0, 61.94, 61.8, 61.45, 61.7, 62.04, 63.0, 63.0, 59.96, 60.8, 60.53, 60.66, 58.6, 58.44, 58.52, 58.56, 58.56, 58.54], [61.0, 61.0, 61.0, 61.0, 61.0, 61.0, 61.0, 61.0, 61.71, 63.0, 63.0, 61.09, 60.87, 60.85, 58.61, 58.4, 58.46, 58.5, 58.51, 58.5], [61.0, 61.0, 61.0, 61.0, 61.0, 61.0, 61.0, 61.0, 61.0, -999.0, 63.0, 58.0, 58.0, 61.01, 58.62, 58.37, 58.41, 64.68, 64.55, 64.51], [61.0, 61.0, 61.0, 61.0, 61.0, 61.0, 61.0, 61.0, 61.0, 61.0, -999.0, 58.0, 58.0, 65.18, 62.02, 62.64, 62.57, 63.8, 63.62, 63.51], [61.0, 61.0, 61.0, 61.0, 61.0, 61.0, 61.0, 61.0, 61.0, 61.0, -999.0, 69.0, 69.0, 69.0, 62.95, 63.47, 63.31, 64.57, 64.3, 64.09], [61.0, 61.0, 61.0, 61.0, 61.0, 61.0, 61.0, 62.0, 62.0, 62.0, 62.0, 64.69, 69.0, 69.0, 69.0, 64.42, 64.12, 65.28, 64.92, 64.62], [61.0, 61.0, 61.63, 61.64, 61.66, 62.0, 62.0, 62.0, 62.0, 62.0, 66.4, 65.91, 66.58, 67.15, 66.51, 66.43, 66.04, 66.73, 64.5, 64.17], [61.64, 61.65, 61.35, 61.37, 62.0, 62.0, 62.0, 62.0, 62.0, 62.0, 65.01, 65.88, 66.79, 67.63, 67.38, 68.05, 67.72, 67.47, 67.29, 67.18], [61.36, 61.37, 61.39, 61.41, 62.0, 62.0, 62.0, 62.0, 62.0, 63.78, 64.72, 65.77, 66.86, 67.34, 68.76, 68.15, 67.68, 67.38, 67.2, 67.09], [61.38, 61.39, 61.42, 62.0, 62.0, 62.0, 62.0, 62.0, 62.63, 63.36, 64.2, 65.08, 65.82, 66.77, 68.21, 67.86, 67.45, 67.19, 67.05, 66.97], [61.39, 61.41, 62.57, 62.54, 62.51, 62.45, 62.37, 62.16, 62.77, 63.38, 64.11, 64.85, 65.35, 65.89, 67.56, 67.34, 67.09, 66.92, 66.85, 66.83], [62.61, 62.6, 62.58, 62.41, 62.39, 62.36, 62.33, 62.29, 63.32, 63.63, 64.1, 64.64, 64.91, 67.16, 67.03, 66.82, 66.64, 66.58, 66.62, 66.69], [62.47, 62.46, 62.46, 62.45, 62.44, 62.43, 62.42, 62.7, 63.58, 63.76, 64.06, 64.45, 64.81, 66.83, 66.61, 66.32, 66.12, 66.2, 66.42, 66.58], [62.48, 62.48, 62.48, 62.87, 62.85, 62.84, 62.83, 62.84, 62.86, 62.88, 62.91, 62.44, 64.74, 66.6, 66.32, 65.86, 65.35, 65.81, 66.35, 66.56], [62.94, 62.93, 62.93, 62.92, 62.92, 62.92, 62.93, 62.94, 62.97, 62.98, 63.0, 63.0, 64.7, 64.97, 65.14, 65.74, 63.9, 66.26, 66.59, 66.64], [62.96, 62.97, 62.97, 62.97, 62.98, 62.99, 63.01, 63.02, 63.03, 63.02, 63.06, 63.05, 62.98, 65.0, 65.27, 65.55, 66.78, 67.76, 66.92, 66.75], [62.99, 63.0, 63.01, 63.02, 63.03, 63.05, 63.07, 63.09, 63.08, 63.06, 63.13, 63.13, 63.06, 65.03, 65.35, 65.85, 66.32, 66.59, 66.91, 66.8], [63.02, 63.03, 63.04, 63.06, 63.08, 63.11, 63.14, 63.17, 63.2, 63.23, 63.27, 63.25, 63.16, 65.3, 65.53, 65.78, 66.03, 66.17, 66.13, 66.02], [63.04, 63.06, 63.08, 63.1, 63.13, 63.16, 63.21, 63.26, 63.34, 63.45, 63.5, 64.59, 64.98, 65.46, 65.44, 65.65, 65.82, 65.93, 65.94, 65.9], [63.07, 63.08, 63.1, 63.13, 63.16, 63.2, 63.26, 63.34, 63.46, 63.66, 64.15, 64.5, 64.9, 65.32, 65.34, 65.52, 65.67, 65.76, 65.8, 65.79], [63.08, 63.1, 63.12, 63.15, 63.19, 63.23, 63.29, 63.38, 64.44, 64.33, 64.27, 64.54, 64.89, 65.25, 65.26, 65.42, 65.55, 65.64, 65.68, 65.7], [63.1, 63.12, 63.14, 63.17, 63.21, 63.25, 63.31, 63.38, 64.55, 64.5, 64.52, 64.69, 64.94, 65.23, 65.21, 65.35, 65.46, 65.54, 65.6, 65.62], [63.11, 63.13, 63.15, 63.18, 63.22, 63.26, 63.3, 64.7, 64.67, 64.66, 64.71, 64.83, 65.02, 65.24, 65.19, 65.31, 65.4, 65.48, 65.53, 65.56]]}