gis_exercise/awsData/contour/humi_2023091222.json
{"header": {"refTime": "2023-09-12T22:00:00.000Z", "nx": 21, "ny": 33, "lo1": 113.509, "la1": 22.2235, "lo2": 113.5947, "la2": 22.1034, "dx": 0.0042850000000001385, "dy": 0.003753125000000024, "parameterCategory": 0, "parameterCategoryName": "Temperature", "parameterNumber": 0}, "z": [[91.02, 91.03, 91.04, 92.84, 92.75, 90.56, 90.57, 90.57, 90.53, 91.4, 91.36, 91.29, 89.33, 89.24, 89.47, 89.49, 88.98, 89.02, 89.06, 89.08], [91.01, 91.02, 91.03, 91.05, 92.75, 92.61, 90.63, 90.66, 90.67, 91.34, 91.3, 91.18, 89.23, 89.14, 89.39, 88.93, 89.0, 89.05, 89.09, 89.12], [91.0, 91.01, 91.03, 91.05, 92.77, 92.63, 92.4, 90.74, 90.92, 91.31, 91.25, 91.0, 89.05, 88.99, 88.82, 88.94, 89.03, 89.1, 89.14, 89.16], [90.99, 91.0, 91.02, 91.04, 91.07, 92.72, 92.54, 92.23, 91.95, 91.47, 91.27, 90.69, 88.77, 90.0, 88.8, 88.97, 89.1, 89.18, 89.21, 89.22], [90.97, 90.98, 91.0, 91.03, 91.07, 92.85, 92.77, 92.7, 92.76, 91.9, 91.5, 89.96, 88.8, 89.73, 88.82, 89.03, 89.2, 89.29, 89.31, 89.28], [90.95, 90.96, 90.98, 91.0, 91.05, 91.12, 92.96, 93.01, 93.23, 93.69, 91.72, 90.52, 89.52, 88.33, 88.89, 89.15, 89.38, 89.48, 89.43, 89.36], [90.89, 90.93, 90.94, 90.96, 91.01, 91.1, 92.77, 93.0, 93.24, 93.72, 93.99, 91.38, 88.57, 88.51, 88.99, 89.26, 89.61, 89.74, 89.63, 89.5], [90.86, 90.85, 90.84, 90.85, 90.9, 92.37, 92.56, 92.61, 92.39, 94.04, 95.66, 91.46, 91.41, 88.5, 89.63, 89.52, 89.74, 89.82, 89.69, 89.61], [91.15, 91.12, 90.76, 90.73, 90.72, 90.8, 91.04, 92.62, 93.59, 93.49, 93.93, 92.75, 92.17, 92.93, 89.6, 89.48, 89.61, 89.66, 89.63, 89.58], [90.0, 90.0, 90.0, 90.94, 90.8, 90.45, 90.7, 91.04, 94.84, 94.56, 92.14, 93.47, 93.05, 93.25, 89.6, 89.44, 89.52, 89.56, 89.56, 89.54], [90.0, 90.0, 90.0, 90.0, 90.0, 90.0, 90.0, 90.0, 90.71, 93.71, 97.0, 93.95, 93.59, 93.57, 89.61, 89.4, 89.46, 89.5, 89.51, 89.5], [90.0, 90.0, 90.0, 90.0, 90.0, 90.0, 90.0, 90.0, 90.0, -999.0, 97.0, 89.0, 89.0, 93.81, 89.62, 89.37, 89.41, 92.84, 92.77, 92.76], [90.0, 90.0, 90.0, 90.0, 90.0, 90.0, 90.0, 90.0, 90.0, 90.0, -999.0, 89.0, 89.0, 92.92, 91.19, 91.82, 91.78, 92.4, 92.31, 92.26], [90.0, 90.0, 90.0, 90.0, 90.0, 90.0, 90.0, 90.0, 90.0, 90.0, -999.0, 95.0, 95.0, 95.0, 91.7, 92.24, 92.16, 92.78, 92.65, 92.55], [90.0, 90.0, 90.0, 90.0, 90.0, 90.0, 90.0, 89.0, 89.0, 89.0, 89.0, 91.31, 95.0, 95.0, 95.0, 92.71, 92.56, 93.14, 92.96, 92.81], [90.0, 90.0, 89.37, 89.36, 89.34, 89.0, 89.0, 89.0, 89.0, 89.0, 92.78, 92.35, 92.93, 93.42, 92.86, 93.9, 93.73, 94.03, 92.89, 92.73], [89.36, 89.35, 89.65, 89.63, 89.0, 89.0, 89.0, 89.0, 89.0, 89.0, 91.58, 92.32, 93.11, 93.83, 93.95, 94.25, 93.99, 93.78, 93.63, 93.53], [89.64, 89.63, 89.61, 89.59, 89.0, 89.0, 89.0, 89.0, 89.0, 90.52, 91.33, 92.23, 93.17, 93.89, 94.85, 94.34, 93.96, 93.72, 93.56, 93.46], [89.62, 89.61, 89.58, 89.0, 89.0, 89.0, 89.0, 89.0, 89.54, 90.17, 91.47, 92.25, 92.81, 93.55, 94.39, 94.11, 93.8, 93.58, 93.45, 93.37], [89.61, 89.59, 91.29, 91.17, 91.03, 90.81, 90.49, 89.66, 90.01, 90.73, 91.5, 92.17, 92.54, 93.02, 93.89, 93.74, 93.54, 93.39, 93.3, 93.26], [91.44, 91.38, 91.31, 90.65, 90.57, 90.45, 90.3, 90.14, 90.87, 91.22, 91.7, 92.16, 92.31, 93.58, 93.51, 93.38, 93.24, 93.16, 93.13, 93.14], [90.86, 90.85, 90.82, 90.8, 90.76, 90.72, 90.69, 90.39, 91.48, 91.68, 91.95, 92.23, 93.39, 93.34, 93.22, 93.07, 92.95, 92.93, 92.97, 93.02], [90.94, 90.94, 90.94, 90.46, 90.49, 90.55, 90.64, 90.76, 90.91, 90.99, 90.94, 91.56, 92.67, 93.16, 93.02, 92.83, 92.65, 92.71, 92.84, 92.94], [90.43, 90.45, 90.48, 90.52, 90.59, 90.69, 90.85, 91.09, 91.4, 91.54, 91.33, 91.76, 92.68, 92.62, 92.56, 92.71, 92.3, 92.65, 92.8, 92.89], [90.45, 90.48, 90.51, 90.57, 90.65, 90.78, 90.98, 91.31, 91.87, 92.35, 91.65, 91.72, 91.56, 92.63, 92.58, 92.54, 92.72, 92.82, 92.82, 92.88], [90.46, 90.49, 90.53, 90.59, 90.67, 90.79, 90.98, 91.28, 91.8, 92.22, 91.88, 91.53, 91.4, 92.65, 92.61, 91.99, 92.2, 92.27, 92.85, 92.9], [90.47, 90.49, 90.53, 90.58, 90.65, 90.74, 90.86, 91.02, 91.2, 91.2, 91.28, 91.14, 91.15, 91.25, 91.56, 91.8, 91.97, 92.05, 92.04, 91.99], [90.46, 90.49, 90.52, 90.56, 90.6, 90.65, 90.69, 90.71, 90.63, 90.68, 90.47, 90.77, 91.08, 91.35, 91.36, 91.61, 91.77, 91.86, 91.89, 91.88], [90.46, 90.48, 90.5, 90.52, 90.54, 90.55, 90.53, 90.45, 90.24, 90.0, 89.5, 90.29, 90.82, 91.16, 91.19, 91.43, 91.6, 91.7, 91.75, 91.77], [90.45, 90.46, 90.47, 90.48, 90.48, 90.47, 90.42, 90.3, 90.56, 90.06, 89.75, 90.25, 90.72, 91.06, 91.07, 91.3, 91.46, 91.57, 91.64, 91.67], [90.43, 90.44, 90.45, 90.44, 90.43, 90.41, 90.35, 90.25, 90.63, 90.38, 90.29, 90.48, 90.77, 91.04, 91.0, 91.2, 91.36, 91.47, 91.54, 91.58], [90.42, 90.42, 90.42, 90.42, 90.4, 90.37, 90.32, 90.9, 90.76, 90.63, 90.6, 90.7, 90.87, 91.06, 90.97, 91.14, 91.28, 91.38, 91.46, 91.51]]}