gis_exercise/awsData/contour/humi_2023091300.json
{"header": {"refTime": "2023-09-13T00:00:00.000Z", "nx": 21, "ny": 33, "lo1": 113.509, "la1": 22.2235, "lo2": 113.5947, "la2": 22.1034, "dx": 0.0042850000000001385, "dy": 0.003753125000000024, "parameterCategory": 0, "parameterCategoryName": "Temperature", "parameterNumber": 0}, "z": [[91.7, 91.71, 91.73, 93.28, 93.23, 91.3, 91.34, 91.37, 91.35, 92.21, 92.14, 92.06, 90.57, 90.49, 90.47, 90.49, 90.25, 90.29, 90.32, 90.35], [91.69, 91.71, 91.72, 91.74, 93.22, 93.12, 91.4, 91.49, 91.53, 92.17, 92.09, 91.95, 90.46, 90.39, 90.39, 90.19, 90.26, 90.31, 90.35, 90.37], [91.68, 91.69, 91.71, 91.73, 93.23, 93.13, 92.97, 91.59, 91.89, 92.16, 92.05, 91.78, 90.28, 90.24, 90.08, 90.19, 90.28, 90.35, 90.39, 90.41], [91.67, 91.68, 91.69, 91.72, 91.74, 93.18, 93.06, 92.86, 92.67, 92.27, 92.04, 91.48, 89.97, 91.04, 90.05, 90.22, 90.33, 90.41, 90.44, 90.45], [91.65, 91.66, 91.67, 91.69, 91.72, 93.25, 93.2, 93.16, 93.23, 92.61, 92.21, 90.95, 89.81, 90.77, 90.07, 90.28, 90.42, 90.5, 90.52, 90.5], [91.63, 91.63, 91.64, 91.66, 91.68, 91.72, 93.29, 93.32, 93.52, 93.96, 92.61, 91.52, 90.57, 89.67, 90.17, 90.39, 90.56, 90.64, 90.61, 90.56], [91.45, 91.6, 91.6, 91.61, 91.64, 91.68, 93.02, 93.19, 93.39, 94.11, 94.5, 92.45, 90.14, 90.02, 90.32, 90.5, 90.74, 90.83, 90.63, 90.5], [91.43, 91.42, 91.42, 91.43, 91.45, 92.75, 92.85, 92.76, 92.51, 94.37, 95.9, 92.84, 92.81, 89.99, 91.0, 91.0, 91.0, 91.0, 91.0, 91.0], [91.57, 91.56, 91.38, 91.37, 91.36, 91.4, 91.52, 92.86, 93.59, 93.92, 94.69, 93.81, 93.38, 93.95, 91.0, 91.0, 91.0, 91.0, 91.0, 91.0], [91.0, 91.0, 91.0, 91.47, 91.4, 91.23, 91.35, 91.52, 94.84, 94.56, 93.35, 94.36, 94.04, 94.19, 91.0, 91.0, 91.0, 91.0, 91.0, 91.0], [91.0, 91.0, 91.0, 91.0, 91.0, 91.0, 91.0, 91.0, 91.35, 93.71, 97.0, 94.71, 94.44, 94.43, 91.0, 91.0, 91.0, 91.0, 91.0, 91.0], [91.0, 91.0, 91.0, 91.0, 91.0, 91.0, 91.0, 91.0, 91.0, -999.0, 97.0, 91.0, 91.0, 94.61, 91.0, 91.0, 91.0, 93.84, 93.77, 93.76], [91.0, 91.0, 91.0, 91.0, 91.0, 91.0, 91.0, 91.0, 91.0, 91.0, -999.0, 91.0, 91.0, 94.26, 92.83, 92.82, 92.78, 93.4, 93.31, 93.26], [91.0, 91.0, 91.0, 91.0, 91.0, 91.0, 91.0, 91.0, 91.0, 91.0, -999.0, 96.0, 96.0, 96.0, 93.25, 93.24, 93.16, 93.78, 93.65, 93.55], [91.0, 91.0, 91.0, 91.0, 91.0, 91.0, 91.0, 91.0, 91.0, 91.0, 91.0, 92.92, 96.0, 96.0, 96.0, 93.71, 93.56, 94.14, 93.96, 93.81], [91.0, 91.0, 91.0, 91.0, 91.0, 91.0, 91.0, 91.0, 91.0, 91.0, 94.15, 93.79, 94.27, 94.68, 94.22, 94.9, 94.73, 95.03, 93.89, 93.73], [91.0, 91.0, 91.0, 91.0, 91.0, 91.0, 91.0, 91.0, 91.0, 91.0, 93.15, 93.77, 94.42, 95.02, 95.07, 95.25, 94.99, 94.78, 94.63, 94.53], [91.0, 91.0, 91.0, 91.0, 91.0, 91.0, 91.0, 91.0, 91.0, 92.27, 92.94, 93.69, 94.47, 95.02, 95.86, 95.34, 94.96, 94.72, 94.56, 94.46], [91.0, 91.0, 91.0, 91.0, 91.0, 91.0, 91.0, 91.0, 91.45, 91.97, 92.81, 93.45, 94.09, 94.71, 95.39, 95.11, 94.8, 94.58, 94.45, 94.37], [91.0, 91.0, 92.14, 92.09, 92.01, 91.91, 91.75, 91.33, 91.69, 92.21, 92.79, 93.33, 93.84, 94.23, 94.89, 94.74, 94.54, 94.39, 94.3, 94.26], [92.22, 92.19, 92.15, 91.83, 91.79, 91.73, 91.65, 91.57, 92.25, 92.5, 92.87, 93.26, 93.62, 94.58, 94.51, 94.38, 94.24, 94.16, 94.13, 94.14], [91.93, 91.92, 91.91, 91.9, 91.88, 91.86, 91.84, 91.69, 92.59, 92.74, 92.96, 93.21, 94.06, 94.34, 94.22, 94.07, 93.95, 93.93, 93.97, 94.02], [91.97, 91.97, 91.97, 91.73, 91.75, 91.77, 91.82, 91.88, 91.95, 91.99, 91.97, 92.41, 93.3, 94.16, 94.02, 93.83, 93.65, 93.71, 93.84, 93.94], [91.71, 91.72, 91.74, 91.76, 91.8, 91.85, 91.93, 92.05, 92.2, 92.27, 92.16, 92.5, 93.29, 93.34, 93.37, 93.71, 93.3, 93.65, 93.8, 93.89], [91.72, 91.74, 91.76, 91.79, 91.83, 91.89, 91.99, 92.16, 92.44, 92.67, 92.32, 92.46, 92.43, 93.34, 93.38, 93.43, 93.72, 93.82, 93.82, 93.88], [91.73, 91.75, 91.77, 91.79, 91.84, 91.9, 91.99, 92.14, 92.4, 92.61, 92.5, 92.36, 92.34, 93.34, 93.39, 93.14, 93.3, 93.36, 93.85, 93.9], [91.73, 91.75, 91.77, 91.79, 91.82, 91.87, 91.93, 92.01, 92.1, 92.1, 92.2, 92.16, 92.2, 92.61, 92.83, 93.01, 93.14, 93.19, 93.18, 93.14], [91.73, 91.74, 91.76, 91.78, 91.8, 91.82, 91.85, 91.85, 91.81, 91.89, 91.78, 92.03, 92.25, 92.47, 92.69, 92.87, 92.99, 93.06, 93.07, 93.06], [91.73, 91.74, 91.75, 91.76, 91.77, 91.77, 91.77, 91.73, 91.62, 91.53, 91.29, 91.76, 92.1, 92.35, 92.57, 92.74, 92.86, 92.94, 92.98, 92.99], [91.72, 91.73, 91.74, 91.74, 91.74, 91.73, 91.71, 91.65, 91.9, 91.61, 91.44, 91.75, 92.05, 92.28, 92.48, 92.65, 92.76, 92.84, 92.89, 92.91], [91.72, 91.72, 91.72, 91.72, 91.72, 91.7, 91.67, 91.62, 91.95, 91.81, 91.77, 91.89, 92.08, 92.27, 92.43, 92.58, 92.69, 92.77, 92.82, 92.85], [91.71, 91.71, 91.71, 91.71, 91.7, 91.68, 91.66, 92.12, 92.04, 91.97, 91.96, 92.03, 92.15, 92.28, 92.41, 92.53, 92.63, 92.71, 92.76, 92.8]]}