gis_exercise/awsData/contour/humi_2023091016.json
{"header": {"refTime": "2023-09-10T16:00:00.000Z", "nx": 21, "ny": 33, "lo1": 113.509, "la1": 22.2235, "lo2": 113.5947, "la2": 22.1034, "dx": 0.0042850000000001385, "dy": 0.003753125000000024, "parameterCategory": 0, "parameterCategoryName": "Temperature", "parameterNumber": 0}, "z": [[91.48, 91.52, 91.58, 93.69, 93.66, 91.09, 91.22, 91.33, 91.32, 92.45, 92.23, 91.99, 89.66, 89.48, 89.66, 89.65, 88.6, 88.67, 88.72, 88.76], [91.45, 91.49, 91.55, 91.62, 93.64, 93.6, 91.36, 91.63, 91.77, 92.53, 92.18, 91.8, 89.46, 89.28, 89.5, 88.52, 88.63, 88.71, 88.77, 88.8], [91.41, 91.44, 91.5, 91.57, 93.62, 93.58, 93.51, 91.88, 92.7, 92.61, 92.08, 91.48, 89.11, 88.99, 88.36, 88.53, 88.68, 88.78, 88.84, 88.86], [91.36, 91.39, 91.43, 91.5, 91.59, 93.57, 93.52, 93.45, 93.38, 92.59, 91.92, 90.9, 88.54, 89.63, 88.33, 88.57, 88.76, 88.88, 88.93, 88.94], [91.3, 91.32, 91.35, 91.4, 91.47, 93.55, 93.52, 93.54, 93.67, 92.75, 91.98, 89.54, 88.05, 89.28, 88.35, 88.67, 88.92, 89.04, 89.07, 89.04], [91.24, 91.24, 91.26, 91.28, 91.32, 91.38, 93.45, 93.46, 93.71, 94.28, 91.76, 90.28, 89.01, 87.67, 88.48, 88.84, 89.16, 89.29, 89.23, 89.13], [90.45, 91.16, 91.15, 91.15, 91.17, 91.2, 92.52, 93.04, 93.26, 93.84, 94.34, 91.44, 88.14, 88.02, 88.65, 89.01, 89.48, 89.66, 89.45, 89.26], [90.43, 90.42, 90.42, 90.43, 90.45, 92.21, 92.3, 92.12, 91.68, 94.22, 96.39, 91.76, 91.71, 87.99, 89.63, 89.52, 89.74, 89.82, 89.69, 89.61], [90.57, 90.56, 90.38, 90.37, 90.36, 90.4, 90.52, 92.29, 93.23, 93.55, 94.54, 93.22, 92.57, 93.43, 89.6, 89.48, 89.61, 89.66, 89.63, 89.58], [90.0, 90.0, 90.0, 90.47, 90.4, 90.23, 90.35, 90.52, 94.98, 94.59, 92.53, 94.03, 93.55, 93.79, 89.6, 89.44, 89.52, 89.56, 89.56, 89.54], [90.0, 90.0, 90.0, 90.0, 90.0, 90.0, 90.0, 90.0, 90.35, 93.39, 98.0, 94.57, 94.16, 94.14, 89.61, 89.4, 89.46, 89.5, 89.51, 89.5], [90.0, 90.0, 90.0, 90.0, 90.0, 90.0, 90.0, 90.0, 90.0, -999.0, 98.0, 89.0, 89.0, 94.42, 89.62, 89.37, 89.41, 92.84, 92.77, 92.76], [90.0, 90.0, 90.0, 90.0, 90.0, 90.0, 90.0, 90.0, 90.0, 90.0, -999.0, 89.0, 89.0, 92.92, 91.19, 91.82, 91.78, 92.4, 92.31, 92.26], [90.0, 90.0, 90.0, 90.0, 90.0, 90.0, 90.0, 90.0, 90.0, 90.0, -999.0, 95.0, 95.0, 95.0, 91.7, 92.24, 92.16, 92.78, 92.65, 92.55], [90.0, 90.0, 90.0, 90.0, 90.0, 90.0, 90.0, 90.0, 90.0, 90.0, 90.0, 91.92, 95.0, 95.0, 95.0, 92.71, 92.56, 93.14, 92.96, 92.81], [90.0, 90.0, 90.0, 90.0, 90.0, 90.0, 90.0, 90.0, 90.0, 90.0, 93.15, 92.79, 93.27, 93.68, 93.22, 93.9, 93.73, 94.03, 92.89, 92.73], [90.0, 90.0, 90.0, 90.0, 90.0, 90.0, 90.0, 90.0, 90.0, 90.0, 92.15, 92.77, 93.42, 94.02, 94.07, 94.25, 93.99, 93.78, 93.63, 93.53], [90.0, 90.0, 90.0, 90.0, 90.0, 90.0, 90.0, 90.0, 90.0, 91.27, 91.94, 92.69, 93.47, 94.02, 94.86, 94.34, 93.96, 93.72, 93.56, 93.46], [90.0, 90.0, 90.0, 90.0, 90.0, 90.0, 90.0, 90.0, 90.45, 90.97, 92.0, 92.64, 93.09, 93.71, 94.39, 94.11, 93.8, 93.58, 93.45, 93.37], [90.0, 90.0, 91.71, 91.63, 91.52, 91.36, 91.12, 90.49, 90.8, 91.38, 92.01, 92.56, 92.84, 93.23, 93.89, 93.74, 93.54, 93.39, 93.3, 93.26], [91.83, 91.79, 91.73, 91.24, 91.18, 91.09, 90.98, 90.86, 91.48, 91.76, 92.15, 92.54, 92.62, 93.58, 93.51, 93.38, 93.24, 93.16, 93.13, 93.14], [91.4, 91.38, 91.37, 91.35, 91.32, 91.29, 91.27, 91.21, 91.95, 92.11, 92.33, 92.57, 93.39, 93.34, 93.22, 93.07, 92.95, 92.93, 92.97, 93.02], [91.45, 91.45, 91.45, 91.34, 91.36, 91.39, 91.44, 91.52, 91.62, 91.68, 91.67, 91.85, 92.67, 93.16, 93.02, 92.83, 92.65, 92.71, 92.84, 92.94], [91.36, 91.37, 91.39, 91.41, 91.45, 91.52, 91.62, 91.78, 91.98, 92.08, 91.95, 92.25, 92.68, 92.62, 92.56, 92.71, 92.3, 92.65, 92.8, 92.89], [91.39, 91.4, 91.43, 91.47, 91.52, 91.61, 91.74, 91.95, 92.31, 92.6, 92.19, 92.25, 92.13, 92.63, 92.58, 92.54, 92.72, 92.82, 92.82, 92.88], [91.41, 91.43, 91.46, 91.5, 91.56, 91.65, 91.77, 91.97, 92.29, 92.55, 92.38, 92.17, 92.07, 92.65, 92.61, 92.29, 92.41, 92.46, 92.85, 92.9], [91.43, 91.45, 91.48, 91.52, 91.57, 91.64, 91.73, 91.85, 91.97, 91.99, 92.08, 91.98, 91.96, 91.97, 92.1, 92.21, 92.3, 92.34, 92.33, 92.3], [91.44, 91.46, 91.49, 91.52, 91.56, 91.61, 91.66, 91.7, 91.69, 91.79, 91.68, 91.89, 92.04, 92.17, 92.02, 92.13, 92.21, 92.25, 92.26, 92.25], [91.44, 91.46, 91.49, 91.51, 91.54, 91.57, 91.59, 91.58, 91.5, 91.46, 91.25, 91.65, 91.91, 92.08, 91.95, 92.05, 92.13, 92.17, 92.2, 92.2], [91.45, 91.46, 91.48, 91.5, 91.52, 91.53, 91.53, 91.5, 91.78, 91.53, 91.38, 91.63, 91.86, 92.03, 91.89, 91.99, 92.07, 92.11, 92.14, 92.16], [91.45, 91.46, 91.47, 91.49, 91.5, 91.5, 91.5, 91.47, 91.81, 91.69, 91.65, 91.74, 91.89, 92.02, 91.86, 91.95, 92.02, 92.07, 92.1, 92.12], [91.44, 91.46, 91.47, 91.48, 91.48, 91.48, 91.47, 91.95, 91.88, 91.82, 91.8, 91.85, 91.94, 92.03, 91.85, 91.92, 91.98, 92.03, 92.06, 92.09]]}