gis_exercise/awsData/contour/humi_2023091413.json
{"header": {"refTime": "2023-09-14T13:00:00.000Z", "nx": 21, "ny": 33, "lo1": 113.509, "la1": 22.2235, "lo2": 113.5947, "la2": 22.1034, "dx": 0.0042850000000001385, "dy": 0.003753125000000024, "parameterCategory": 0, "parameterCategoryName": "Temperature", "parameterNumber": 0}, "z": [[92.7, 92.71, 92.73, 94.03, 93.98, 92.54, 92.56, 92.58, 92.56, 93.27, 93.24, 93.19, 91.97, 91.91, 91.31, 91.24, 90.91, 90.89, 90.87, 90.86], [92.69, 92.71, 92.72, 92.74, 93.97, 93.9, 92.6, 92.66, 92.68, 93.23, 93.2, 93.12, 91.9, 91.84, 91.26, 90.93, 90.89, 90.86, 90.84, 90.83], [92.68, 92.69, 92.71, 92.73, 93.98, 93.9, 93.78, 92.73, 92.93, 93.2, 93.17, 93.0, 91.78, 91.74, 90.97, 90.92, 90.86, 90.82, 90.8, 90.79], [92.67, 92.68, 92.69, 92.72, 92.74, 93.94, 93.85, 93.68, 93.54, 93.31, 93.18, 92.79, 91.58, 92.41, 90.97, 90.89, 90.81, 90.76, 90.74, 90.74], [92.65, 92.66, 92.67, 92.69, 92.72, 94.0, 93.96, 93.93, 93.98, 93.6, 93.33, 92.37, 91.57, 92.22, 90.97, 90.85, 90.73, 90.66, 90.66, 90.69], [92.63, 92.63, 92.64, 92.66, 92.68, 92.72, 94.03, 94.05, 94.22, 94.57, 93.57, 92.76, 92.08, 91.33, 90.98, 90.79, 90.59, 90.5, 90.55, 90.63], [92.45, 92.6, 92.6, 92.61, 92.64, 92.68, 93.76, 93.95, 94.12, 94.65, 94.95, 93.39, 91.57, 91.51, 91.0, 90.73, 90.38, 90.25, 90.18, 90.25], [92.43, 92.42, 92.42, 92.43, 92.45, 93.53, 93.62, 93.58, 93.39, 94.86, 96.1, 93.54, 93.51, 91.5, 90.74, 90.96, 90.52, 90.37, 90.61, 90.78], [92.57, 92.56, 92.38, 92.37, 92.36, 92.4, 92.52, 93.64, 94.27, 94.49, 95.08, 94.34, 93.98, 94.46, 90.8, 91.04, 90.79, 90.68, 90.74, 90.84], [92.0, 92.0, 92.0, 92.47, 92.4, 92.23, 92.35, 92.52, 95.27, 95.05, 93.96, 94.8, 94.53, 94.66, 90.8, 91.13, 90.96, 90.88, 90.88, 90.91], [92.0, 92.0, 92.0, 92.0, 92.0, 92.0, 92.0, 92.0, 92.35, 94.37, 97.0, 95.09, 94.87, 94.85, 90.78, 91.19, 91.07, 91.0, 90.99, 91.0], [92.0, 92.0, 92.0, 92.0, 92.0, 92.0, 92.0, 92.0, 92.0, -999.0, 97.0, 92.0, 92.0, 95.01, 90.76, 91.26, 91.19, 93.98, 93.88, 93.86], [92.0, 92.0, 92.0, 92.0, 92.0, 92.0, 92.0, 92.0, 92.0, 92.0, -999.0, 92.0, 92.0, 95.26, 93.83, 92.55, 92.5, 93.36, 93.24, 93.16], [92.0, 92.0, 92.0, 92.0, 92.0, 92.0, 92.0, 92.0, 92.0, 92.0, -999.0, 97.0, 97.0, 97.0, 94.25, 93.13, 93.02, 93.9, 93.71, 93.57], [92.0, 92.0, 92.0, 92.0, 92.0, 92.0, 92.0, 92.0, 92.0, 92.0, 92.0, 93.92, 97.0, 97.0, 97.0, 93.8, 93.59, 94.39, 94.14, 93.93], [92.0, 92.0, 92.0, 92.0, 92.0, 92.0, 92.0, 92.0, 92.0, 92.0, 95.15, 94.79, 95.27, 95.68, 95.22, 95.9, 95.73, 96.03, 94.37, 94.18], [92.0, 92.0, 92.0, 92.0, 92.0, 92.0, 92.0, 92.0, 92.0, 92.0, 94.15, 94.77, 95.42, 96.02, 96.07, 96.39, 96.18, 96.01, 95.89, 95.81], [92.0, 92.0, 92.0, 92.0, 92.0, 92.0, 92.0, 92.0, 92.0, 93.27, 93.94, 94.69, 95.47, 96.02, 96.86, 96.46, 96.15, 95.96, 95.84, 95.76], [92.0, 92.0, 92.0, 92.0, 92.0, 92.0, 92.0, 92.0, 92.45, 92.97, 94.0, 94.64, 95.09, 95.71, 96.5, 96.28, 96.02, 95.85, 95.74, 95.69], [92.0, 92.0, 93.71, 93.63, 93.52, 93.36, 93.12, 92.49, 92.8, 93.38, 94.01, 94.56, 94.84, 95.23, 96.09, 95.96, 95.8, 95.68, 95.62, 95.59], [93.83, 93.79, 93.73, 93.24, 93.18, 93.09, 92.98, 92.86, 93.48, 93.76, 94.15, 94.54, 94.62, 95.84, 95.78, 95.66, 95.55, 95.49, 95.48, 95.5], [93.4, 93.38, 93.37, 93.35, 93.32, 93.29, 93.27, 93.21, 93.95, 94.11, 94.33, 94.57, 95.39, 95.64, 95.53, 95.39, 95.29, 95.29, 95.35, 95.41], [93.45, 93.45, 93.45, 93.34, 93.36, 93.39, 93.44, 93.52, 93.62, 93.68, 93.67, 93.85, 94.96, 95.5, 95.36, 95.17, 94.97, 95.09, 95.26, 95.35], [93.36, 93.37, 93.39, 93.41, 93.45, 93.52, 93.62, 93.78, 93.98, 94.08, 93.95, 94.25, 94.97, 94.95, 94.92, 95.08, 94.51, 95.13, 95.28, 95.34], [93.39, 93.4, 93.43, 93.47, 93.52, 93.61, 93.74, 93.95, 94.31, 94.6, 94.19, 94.25, 94.13, 94.97, 94.97, 94.97, 95.27, 95.5, 95.35, 95.36], [93.41, 93.43, 93.46, 93.5, 93.56, 93.65, 93.77, 93.97, 94.29, 94.55, 94.38, 94.17, 94.07, 94.99, 95.0, 94.74, 94.92, 95.01, 95.37, 95.38], [93.43, 93.45, 93.48, 93.52, 93.57, 93.64, 93.73, 93.85, 93.97, 93.99, 94.08, 93.98, 93.96, 94.29, 94.47, 94.64, 94.76, 94.82, 94.81, 94.77], [93.44, 93.46, 93.49, 93.52, 93.56, 93.61, 93.66, 93.7, 93.69, 93.79, 93.68, 94.03, 94.25, 94.47, 94.37, 94.52, 94.63, 94.69, 94.71, 94.69], [93.44, 93.46, 93.49, 93.51, 93.54, 93.57, 93.59, 93.58, 93.5, 93.46, 93.29, 93.76, 94.1, 94.35, 94.27, 94.42, 94.52, 94.59, 94.62, 94.62], [93.45, 93.46, 93.48, 93.5, 93.52, 93.53, 93.53, 93.5, 93.9, 93.61, 93.44, 93.75, 94.05, 94.28, 94.2, 94.33, 94.43, 94.5, 94.54, 94.56], [93.45, 93.46, 93.47, 93.49, 93.5, 93.5, 93.5, 93.47, 93.95, 93.81, 93.77, 93.89, 94.08, 94.27, 94.16, 94.28, 94.37, 94.43, 94.48, 94.5], [93.44, 93.46, 93.47, 93.48, 93.48, 93.48, 93.47, 94.12, 94.04, 93.97, 93.96, 94.03, 94.15, 94.28, 94.14, 94.24, 94.32, 94.38, 94.43, 94.46]]}