gis_exercise/awsData/contour/humi_2023090720.json
{"header": {"refTime": "2023-09-07T20:00:00.000Z", "nx": 21, "ny": 33, "lo1": 113.509, "la1": 22.2235, "lo2": 113.5947, "la2": 22.1034, "dx": 0.0042850000000001385, "dy": 0.003753125000000024, "parameterCategory": 0, "parameterCategoryName": "Temperature", "parameterNumber": 0}, "z": [[95.86, 95.92, 96.0, 97.37, 97.4, 96.53, 96.65, 96.76, 96.79, 97.43, 97.29, 97.15, 96.33, 96.24, 95.9, 95.84, 95.27, 95.27, 95.27, 95.27], [95.82, 95.88, 95.96, 96.06, 97.38, 97.44, 96.73, 96.97, 97.11, 97.52, 97.29, 97.07, 96.23, 96.14, 95.82, 95.26, 95.26, 95.26, 95.26, 95.26], [95.77, 95.82, 95.89, 95.99, 97.34, 97.4, 97.5, 97.13, 97.78, 97.59, 97.23, 96.91, 96.05, 95.99, 95.26, 95.26, 95.25, 95.25, 95.24, 95.25], [95.7, 95.74, 95.8, 95.89, 96.01, 97.32, 97.41, 97.56, 97.7, 97.51, 97.12, 96.64, 95.77, 96.02, 95.25, 95.25, 95.24, 95.23, 95.23, 95.23], [95.63, 95.65, 95.69, 95.75, 95.84, 97.2, 97.23, 97.3, 97.4, 97.44, 97.06, 95.98, 95.41, 95.89, 95.25, 95.24, 95.22, 95.2, 95.21, 95.22], [95.54, 95.55, 95.56, 95.59, 95.64, 95.71, 97.0, 96.98, 97.09, 97.38, 96.81, 96.26, 95.79, 95.33, 95.28, 95.24, 95.18, 95.16, 95.18, 95.2], [94.45, 95.44, 95.43, 95.42, 95.44, 95.46, 95.76, 96.51, 96.58, 97.04, 97.46, 96.73, 95.57, 95.51, 95.33, 95.24, 95.12, 95.08, 95.0, 95.0], [94.43, 94.42, 94.42, 94.43, 94.45, 95.53, 95.62, 95.58, 95.51, 97.19, 98.33, 96.92, 96.9, 95.5, 95.37, 95.48, 95.26, 95.18, 95.31, 95.39], [94.57, 94.56, 94.38, 94.37, 94.36, 94.4, 94.52, 95.64, 96.27, 96.92, 97.85, 97.41, 97.19, 97.48, 95.4, 95.52, 95.39, 95.34, 95.37, 95.42], [94.0, 94.0, 94.0, 94.47, 94.4, 94.23, 94.35, 94.52, 97.27, 97.05, 97.18, 97.68, 97.52, 97.6, 95.4, 95.56, 95.48, 95.44, 95.44, 95.46], [94.0, 94.0, 94.0, 94.0, 94.0, 94.0, 94.0, 94.0, 94.35, 96.37, 99.0, 97.86, 97.72, 97.71, 95.39, 95.6, 95.54, 95.5, 95.49, 95.5], [94.0, 94.0, 94.0, 94.0, 94.0, 94.0, 94.0, 94.0, 94.0, -999.0, 99.0, 96.0, 96.0, 97.81, 95.38, 95.63, 95.59, 97.27, 97.22, 97.2], [94.0, 94.0, 94.0, 94.0, 94.0, 94.0, 94.0, 94.0, 94.0, 94.0, -999.0, 96.0, 96.0, 97.96, 97.1, 96.46, 96.43, 96.92, 96.85, 96.81], [94.0, 94.0, 94.0, 94.0, 94.0, 94.0, 94.0, 94.0, 94.0, 94.0, -999.0, 99.0, 99.0, 99.0, 97.35, 96.79, 96.73, 97.23, 97.12, 97.04], [94.0, 94.0, 94.0, 94.0, 94.0, 94.0, 94.0, 95.0, 95.0, 95.0, 95.0, 96.54, 99.0, 99.0, 99.0, 97.17, 97.05, 97.51, 97.37, 97.25], [94.0, 94.0, 94.63, 94.64, 94.66, 95.0, 95.0, 95.0, 95.0, 95.0, 97.52, 97.23, 97.62, 97.95, 97.57, 98.27, 98.16, 98.35, 97.42, 97.3], [94.64, 94.65, 94.35, 94.37, 95.0, 95.0, 95.0, 95.0, 95.0, 95.0, 96.72, 97.22, 97.74, 98.22, 98.3, 98.55, 98.39, 98.26, 98.18, 98.11], [94.36, 94.37, 94.39, 94.41, 95.0, 95.0, 95.0, 95.0, 95.0, 96.02, 96.55, 97.15, 97.78, 98.26, 98.9, 98.6, 98.37, 98.23, 98.13, 98.07], [94.38, 94.39, 94.42, 95.0, 95.0, 95.0, 95.0, 95.0, 95.36, 95.78, 96.34, 96.84, 97.54, 98.03, 98.63, 98.46, 98.27, 98.14, 98.07, 98.02], [94.39, 94.41, 95.57, 95.54, 95.51, 95.45, 95.37, 95.16, 95.49, 95.86, 96.3, 96.73, 97.36, 97.68, 98.33, 98.23, 98.11, 98.02, 97.97, 97.95], [95.61, 95.6, 95.58, 95.41, 95.39, 95.36, 95.33, 95.29, 95.86, 96.04, 96.32, 96.63, 97.21, 98.14, 98.1, 98.01, 97.93, 97.88, 97.87, 97.88], [95.47, 95.46, 95.46, 95.45, 95.44, 95.43, 95.42, 95.17, 96.06, 96.17, 96.34, 96.55, 97.38, 97.99, 97.92, 97.82, 97.74, 97.74, 97.77, 97.81], [95.48, 95.48, 95.48, 95.11, 95.13, 95.16, 95.2, 95.24, 95.29, 95.3, 95.27, 95.97, 96.93, 97.89, 97.79, 97.66, 97.54, 97.6, 97.7, 97.76], [95.07, 95.08, 95.09, 95.11, 95.14, 95.17, 95.23, 95.31, 95.42, 95.46, 95.37, 95.75, 96.9, 97.05, 97.18, 97.59, 97.27, 97.59, 97.69, 97.74], [95.06, 95.07, 95.08, 95.1, 95.13, 95.17, 95.24, 95.36, 95.56, 95.74, 95.46, 95.68, 95.73, 97.04, 97.19, 97.31, 97.66, 97.77, 97.72, 97.75], [95.05, 95.06, 95.07, 95.09, 95.11, 95.15, 95.2, 95.31, 95.51, 95.68, 95.62, 95.55, 95.61, 97.03, 97.17, 96.99, 97.2, 97.27, 97.74, 97.76], [95.04, 95.05, 95.05, 95.06, 95.08, 95.1, 95.13, 95.17, 95.23, 95.21, 95.33, 95.33, 95.44, 96.25, 96.56, 96.8, 96.97, 97.05, 97.04, 96.99], [95.03, 95.03, 95.03, 95.03, 95.04, 95.04, 95.03, 95.01, 94.94, 94.99, 94.89, 95.18, 95.47, 95.76, 96.36, 96.61, 96.77, 96.86, 96.89, 96.88], [95.01, 95.01, 95.01, 95.01, 95.0, 94.98, 94.94, 94.88, 94.73, 94.61, 94.33, 94.88, 95.29, 95.62, 96.19, 96.43, 96.6, 96.7, 96.75, 96.77], [95.0, 95.0, 94.99, 94.98, 94.96, 94.93, 94.88, 94.8, 95.02, 94.7, 94.51, 94.87, 95.24, 95.53, 96.07, 96.3, 96.46, 96.57, 96.64, 96.67], [94.99, 94.98, 94.97, 94.96, 94.94, 94.9, 94.85, 94.78, 95.09, 94.93, 94.89, 95.04, 95.28, 95.52, 96.0, 96.2, 96.36, 96.47, 96.54, 96.58], [94.98, 94.97, 94.96, 94.94, 94.92, 94.89, 94.84, 95.29, 95.2, 95.12, 95.12, 95.21, 95.36, 95.53, 95.97, 96.14, 96.28, 96.38, 96.46, 96.51]]}