gis_exercise/awsData/contour/humi_2023090320.json
{"header": {"refTime": "2023-09-03T20:00:00.000Z", "nx": 21, "ny": 33, "lo1": 113.509, "la1": 22.2235, "lo2": 113.5947, "la2": 22.1034, "dx": 0.0042850000000001385, "dy": 0.003753125000000024, "parameterCategory": 0, "parameterCategoryName": "Temperature", "parameterNumber": 0}, "z": [[74.21, 74.17, 74.12, 75.35, 75.24, 72.8, 72.79, 72.78, 72.75, 74.04, 74.09, 74.1, 73.17, 73.19, 74.18, 74.47, 75.81, 76.01, 76.16, 76.27], [74.24, 74.2, 74.14, 74.07, 75.23, 75.06, 72.83, 72.83, 72.82, 73.89, 74.0, 74.0, 73.07, 73.1, 74.13, 75.56, 75.88, 76.13, 76.3, 76.41], [74.27, 74.24, 74.18, 74.12, 75.26, 75.08, 74.78, 72.88, 72.96, 73.78, 73.98, 73.87, 72.9, 72.97, 75.08, 75.6, 76.03, 76.33, 76.51, 76.59], [74.32, 74.29, 74.24, 74.18, 74.09, 75.19, 74.96, 74.57, 74.22, 74.08, 74.1, 73.64, 72.56, 74.35, 74.98, 75.72, 76.29, 76.64, 76.8, 76.83], [74.38, 74.35, 74.32, 74.26, 74.19, 75.35, 75.25, 75.17, 75.25, 74.77, 74.49, 74.12, 72.34, 73.96, 75.05, 76.02, 76.75, 77.13, 77.2, 77.11], [74.44, 74.43, 74.41, 74.37, 74.31, 74.23, 75.48, 75.53, 75.84, 76.47, 76.47, 75.06, 73.66, 73.01, 75.43, 76.52, 77.48, 77.88, 77.69, 77.4], [75.11, 74.51, 74.52, 74.5, 74.46, 74.38, 76.28, 75.48, 75.8, 77.82, 78.62, 76.72, 74.42, 74.06, 75.96, 77.03, 78.44, 78.97, 78.34, 77.77], [75.14, 75.15, 75.16, 75.15, 75.1, 76.34, 76.15, 75.56, 74.97, 78.04, 79.97, 78.23, 78.21, 73.98, 78.88, 78.56, 79.21, 79.45, 79.08, 78.83], [74.85, 74.88, 75.24, 75.27, 75.28, 75.2, 74.96, 76.01, 76.23, 77.62, 79.46, 78.87, 78.59, 78.97, 78.81, 78.44, 78.82, 78.98, 78.89, 78.74], [76.0, 76.0, 76.0, 75.06, 75.2, 75.55, 75.3, 74.96, 77.98, 77.59, 78.57, 79.24, 79.02, 79.13, 78.8, 78.31, 78.55, 78.68, 78.69, 78.63], [76.0, 76.0, 76.0, 76.0, 76.0, 76.0, 76.0, 76.0, 75.29, 76.39, 81.0, 79.48, 79.3, 79.28, 78.83, 78.21, 78.39, 78.49, 78.52, 78.5], [76.0, 76.0, 76.0, 76.0, 76.0, 76.0, 76.0, 76.0, 76.0, -999.0, 81.0, 77.0, 77.0, 79.41, 78.87, 78.11, 78.22, 80.0, 80.0, 80.0], [76.0, 76.0, 76.0, 76.0, 76.0, 76.0, 76.0, 76.0, 76.0, 76.0, -999.0, 77.0, 77.0, 78.96, 78.1, 80.0, 80.0, 80.0, 80.0, 80.0], [76.0, 76.0, 76.0, 76.0, 76.0, 76.0, 76.0, 76.0, 76.0, 76.0, -999.0, 80.0, 80.0, 80.0, 78.35, 80.0, 80.0, 80.0, 80.0, 80.0], [76.0, 76.0, 76.0, 76.0, 76.0, 76.0, 76.0, 79.0, 79.0, 79.0, 79.0, 79.38, 80.0, 80.0, 80.0, 80.0, 80.0, 80.0, 80.0, 80.0], [76.0, 76.0, 77.89, 77.92, 77.98, 79.0, 79.0, 79.0, 79.0, 79.0, 79.63, 79.56, 79.65, 79.74, 79.64, 80.73, 80.84, 80.65, 80.55, 80.58], [77.93, 77.94, 77.06, 77.11, 79.0, 79.0, 79.0, 79.0, 79.0, 79.0, 79.43, 79.55, 79.68, 79.8, 80.1, 82.14, 82.9, 83.51, 83.96, 84.28], [77.07, 77.11, 77.16, 77.24, 79.0, 79.0, 79.0, 79.0, 79.0, 79.25, 79.39, 79.54, 79.69, 80.08, 80.02, 81.89, 82.96, 83.67, 84.14, 84.47], [77.13, 77.18, 77.25, 79.0, 79.0, 79.0, 79.0, 79.0, 79.09, 79.19, 80.03, 80.19, 80.09, 80.14, 81.72, 82.49, 83.38, 84.02, 84.45, 84.73], [77.17, 77.22, 81.29, 81.17, 81.03, 80.81, 80.49, 79.66, 79.54, 79.87, 80.15, 80.3, 80.15, 80.24, 83.08, 83.5, 84.06, 84.53, 84.85, 85.06], [81.44, 81.38, 81.31, 80.65, 80.57, 80.45, 80.3, 80.14, 80.1, 80.24, 80.4, 80.48, 80.24, 83.95, 84.09, 84.4, 84.76, 85.08, 85.31, 85.43], [80.86, 80.85, 80.82, 80.8, 80.76, 80.72, 80.69, 80.56, 80.61, 80.69, 80.74, 80.74, 81.62, 84.61, 84.81, 85.05, 85.29, 85.58, 85.79, 85.84], [80.94, 80.94, 80.94, 80.71, 80.73, 80.78, 80.85, 80.96, 81.1, 81.18, 81.15, 81.56, 85.63, 85.11, 85.32, 85.44, 85.36, 85.97, 86.34, 86.27], [80.71, 80.73, 80.76, 80.8, 80.85, 80.94, 81.09, 81.31, 81.58, 81.71, 81.54, 82.01, 85.57, 85.98, 86.24, 85.83, 84.25, 87.22, 87.1, 86.68], [80.75, 80.77, 80.81, 80.86, 80.94, 81.05, 81.24, 81.53, 82.03, 82.44, 81.85, 81.98, 81.85, 86.02, 86.43, 86.83, 87.91, 89.39, 87.64, 86.95], [80.77, 80.8, 80.84, 80.9, 80.98, 81.09, 81.27, 81.54, 81.99, 82.35, 82.13, 81.85, 81.73, 86.05, 86.52, 86.58, 87.44, 87.87, 87.45, 86.96], [80.79, 80.82, 80.86, 80.91, 80.98, 81.08, 81.2, 81.36, 81.52, 81.54, 81.68, 81.56, 81.56, 84.84, 85.56, 86.22, 86.77, 87.04, 86.98, 86.77], [80.8, 80.83, 80.87, 80.91, 80.96, 81.02, 81.08, 81.12, 81.1, 81.24, 81.07, 82.8, 83.7, 84.68, 85.16, 85.77, 86.22, 86.48, 86.54, 86.47], [80.81, 80.83, 80.86, 80.89, 80.93, 80.96, 80.97, 80.94, 80.81, 80.73, 80.76, 82.14, 83.3, 84.29, 84.8, 85.37, 85.79, 86.05, 86.17, 86.18], [80.81, 80.83, 80.85, 80.87, 80.89, 80.9, 80.89, 80.83, 82.35, 81.64, 81.21, 82.15, 83.17, 84.07, 84.53, 85.06, 85.45, 85.71, 85.86, 85.93], [80.8, 80.82, 80.84, 80.85, 80.86, 80.86, 80.83, 80.78, 82.59, 82.25, 82.18, 82.62, 83.31, 84.01, 84.37, 84.83, 85.19, 85.44, 85.61, 85.71], [80.8, 80.81, 80.82, 80.83, 80.83, 80.83, 80.8, 83.1, 82.9, 82.75, 82.79, 83.07, 83.53, 84.06, 84.3, 84.69, 85.0, 85.24, 85.41, 85.53]]}