gis_exercise/awsData/contour/humi_2023091404.json
{"header": {"refTime": "2023-09-14T04:00:00.000Z", "nx": 21, "ny": 33, "lo1": 113.509, "la1": 22.2235, "lo2": 113.5947, "la2": 22.1034, "dx": 0.0042850000000001385, "dy": 0.003753125000000024, "parameterCategory": 0, "parameterCategoryName": "Temperature", "parameterNumber": 0}, "z": [[94.16, 94.21, 94.27, 95.62, 95.65, 93.6, 93.76, 93.91, 93.91, 94.62, 94.28, 93.95, 92.02, 91.81, 91.96, 91.93, 90.6, 90.67, 90.72, 90.76], [94.13, 94.17, 94.23, 94.32, 95.62, 95.66, 93.94, 94.29, 94.48, 94.82, 94.27, 93.75, 91.79, 91.57, 91.78, 90.52, 90.63, 90.71, 90.77, 90.8], [94.09, 94.13, 94.18, 94.26, 95.59, 95.63, 95.7, 94.59, 95.63, 94.99, 94.14, 93.39, 91.38, 91.24, 90.36, 90.53, 90.68, 90.78, 90.84, 90.86], [94.04, 94.06, 94.11, 94.17, 94.26, 95.56, 95.62, 95.73, 95.83, 94.78, 93.86, 92.75, 90.73, 91.23, 90.33, 90.57, 90.76, 90.88, 90.93, 90.94], [93.98, 93.99, 94.02, 94.06, 94.12, 95.45, 95.47, 95.54, 95.64, 94.59, 93.71, 91.15, 89.89, 90.94, 90.35, 90.67, 90.92, 91.04, 91.07, 91.04], [93.92, 93.92, 93.92, 93.94, 93.96, 93.99, 95.26, 95.24, 95.39, 95.77, 93.0, 91.77, 90.72, 89.67, 90.48, 90.84, 91.16, 91.29, 91.23, 91.13], [93.0, 93.84, 93.82, 93.81, 93.8, 93.78, 94.27, 94.75, 94.86, 94.91, 95.24, 92.78, 90.14, 90.02, 90.65, 91.01, 91.48, 91.66, 91.45, 91.26], [93.0, 93.0, 93.0, 93.0, 93.0, 94.13, 94.13, 93.9, 93.45, 95.21, 96.78, 93.15, 93.11, 89.99, 91.63, 91.52, 91.74, 91.82, 91.69, 91.61], [93.0, 93.0, 93.0, 93.0, 93.0, 93.0, 93.0, 94.1, 94.59, 94.7, 95.31, 94.28, 93.78, 94.44, 91.6, 91.48, 91.61, 91.66, 91.63, 91.58], [93.0, 93.0, 93.0, 93.0, 93.0, 93.0, 93.0, 93.0, 95.84, 95.56, 93.74, 94.92, 94.54, 94.72, 91.6, 91.44, 91.52, 91.56, 91.56, 91.54], [93.0, 93.0, 93.0, 93.0, 93.0, 93.0, 93.0, 93.0, 93.0, 94.71, 98.0, 95.33, 95.02, 95.0, 91.61, 91.4, 91.46, 91.5, 91.51, 91.5], [93.0, 93.0, 93.0, 93.0, 93.0, 93.0, 93.0, 93.0, 93.0, -999.0, 98.0, 91.0, 91.0, 95.21, 91.62, 91.37, 91.41, 95.41, 95.33, 95.31], [93.0, 93.0, 93.0, 93.0, 93.0, 93.0, 93.0, 93.0, 93.0, 93.0, -999.0, 91.0, 91.0, 95.57, 93.56, 94.18, 94.14, 94.88, 94.77, 94.71], [93.0, 93.0, 93.0, 93.0, 93.0, 93.0, 93.0, 93.0, 93.0, 93.0, -999.0, 98.0, 98.0, 98.0, 94.15, 94.68, 94.59, 95.34, 95.18, 95.06], [93.0, 93.0, 93.0, 93.0, 93.0, 93.0, 93.0, 94.0, 94.0, 94.0, 94.0, 95.54, 98.0, 98.0, 98.0, 95.25, 95.07, 95.77, 95.55, 95.37], [93.0, 93.0, 93.63, 93.64, 93.66, 94.0, 94.0, 94.0, 94.0, 94.0, 96.52, 96.23, 96.62, 96.95, 96.57, 96.53, 96.31, 96.7, 95.35, 95.16], [93.64, 93.65, 93.35, 93.37, 94.0, 94.0, 94.0, 94.0, 94.0, 94.0, 95.72, 96.22, 96.74, 97.22, 97.08, 97.1, 96.78, 96.53, 96.35, 96.23], [93.36, 93.37, 93.39, 93.41, 94.0, 94.0, 94.0, 94.0, 94.0, 95.02, 95.55, 96.15, 96.78, 97.05, 97.86, 97.2, 96.74, 96.45, 96.27, 96.15], [93.38, 93.39, 93.42, 94.0, 94.0, 94.0, 94.0, 94.0, 94.36, 94.78, 95.52, 96.04, 96.18, 96.73, 97.26, 96.93, 96.55, 96.29, 96.13, 96.04], [93.39, 93.41, 95.14, 95.09, 95.01, 94.91, 94.75, 94.33, 94.6, 95.04, 95.52, 95.96, 95.91, 96.22, 96.66, 96.47, 96.23, 96.05, 95.95, 95.9], [95.22, 95.19, 95.15, 94.83, 94.79, 94.73, 94.65, 94.57, 95.09, 95.31, 95.61, 95.92, 95.66, 96.28, 96.19, 96.03, 95.86, 95.77, 95.75, 95.76], [94.93, 94.92, 94.91, 94.9, 94.88, 94.86, 94.84, 94.52, 95.41, 95.54, 95.72, 95.91, 96.07, 95.99, 95.84, 95.64, 95.49, 95.48, 95.55, 95.62], [94.97, 94.97, 94.97, 94.47, 94.51, 94.55, 94.61, 94.68, 94.76, 94.8, 94.76, 94.88, 95.33, 95.77, 95.59, 95.33, 95.08, 95.2, 95.4, 95.53], [94.42, 94.44, 94.46, 94.49, 94.53, 94.6, 94.69, 94.84, 95.02, 95.1, 94.96, 94.76, 95.36, 95.24, 95.11, 95.19, 94.54, 95.19, 95.38, 95.49], [94.42, 94.44, 94.46, 94.5, 94.54, 94.62, 94.73, 94.93, 95.28, 95.58, 95.13, 94.77, 94.54, 95.27, 95.16, 95.09, 95.32, 95.54, 95.45, 95.5], [94.42, 94.43, 94.45, 94.48, 94.53, 94.59, 94.7, 94.88, 95.21, 95.48, 95.01, 94.65, 94.46, 95.31, 95.22, 94.74, 94.92, 95.01, 95.48, 95.52], [94.41, 94.42, 94.44, 94.46, 94.49, 94.53, 94.59, 94.68, 94.78, 94.76, 94.55, 94.39, 94.31, 94.29, 94.47, 94.64, 94.76, 94.82, 94.81, 94.77], [94.39, 94.4, 94.41, 94.42, 94.44, 94.45, 94.45, 94.44, 94.35, 94.14, 93.97, 94.33, 94.56, 94.76, 94.37, 94.52, 94.63, 94.69, 94.71, 94.69], [94.38, 94.38, 94.38, 94.38, 94.38, 94.37, 94.33, 94.24, 94.04, 93.65, 93.37, 93.97, 94.36, 94.62, 94.27, 94.42, 94.52, 94.59, 94.62, 94.62], [94.36, 94.36, 94.36, 94.35, 94.33, 94.3, 94.24, 94.13, 94.17, 93.79, 93.56, 93.94, 94.29, 94.55, 94.2, 94.33, 94.43, 94.5, 94.54, 94.56], [94.35, 94.34, 94.33, 94.32, 94.29, 94.25, 94.19, 94.09, 94.22, 94.04, 93.97, 94.11, 94.33, 94.53, 94.16, 94.28, 94.37, 94.43, 94.48, 94.5], [94.33, 94.32, 94.31, 94.29, 94.27, 94.23, 94.17, 94.43, 94.32, 94.23, 94.2, 94.28, 94.41, 94.55, 94.14, 94.24, 94.32, 94.38, 94.43, 94.46]]}