gis_exercise/awsData/contour/humi_2023091218.json
{"header": {"refTime": "2023-09-12T18:00:00.000Z", "nx": 21, "ny": 33, "lo1": 113.509, "la1": 22.2235, "lo2": 113.5947, "la2": 22.1034, "dx": 0.0042850000000001385, "dy": 0.003753125000000024, "parameterCategory": 0, "parameterCategoryName": "Temperature", "parameterNumber": 0}, "z": [[88.33, 88.34, 88.34, 89.88, 89.79, 88.06, 88.02, 87.98, 87.94, 88.46, 88.45, 88.42, 86.73, 86.66, 87.46, 87.53, 87.07, 87.14, 87.19, 87.23], [88.33, 88.34, 88.35, 88.35, 89.79, 89.65, 88.05, 88.01, 87.96, 88.39, 88.4, 88.34, 86.66, 86.59, 87.41, 86.99, 87.11, 87.2, 87.26, 87.29], [88.32, 88.33, 88.35, 88.36, 89.83, 89.68, 89.43, 88.03, 88.0, 88.35, 88.37, 88.22, 86.55, 86.5, 86.85, 87.02, 87.17, 87.28, 87.35, 87.37], [88.31, 88.33, 88.34, 88.37, 88.39, 89.79, 89.59, 89.27, 88.96, 88.5, 88.41, 88.0, 86.38, 87.38, 86.83, 87.08, 87.28, 87.42, 87.47, 87.47], [88.3, 88.31, 88.33, 88.37, 88.41, 89.95, 89.87, 89.78, 89.8, 88.89, 88.62, 87.37, 86.55, 87.18, 86.84, 87.18, 87.48, 87.63, 87.65, 87.6], [88.27, 88.29, 88.31, 88.35, 88.42, 88.51, 90.12, 90.17, 90.33, 90.63, 88.69, 87.76, 87.03, 86.0, 86.91, 87.36, 87.79, 87.97, 87.88, 87.73], [88.34, 88.25, 88.27, 88.3, 88.38, 88.52, 90.01, 90.34, 90.53, 90.6, 90.63, 88.32, 86.0, 86.0, 87.0, 87.54, 88.23, 88.49, 88.45, 88.26], [88.28, 88.27, 88.26, 88.28, 88.35, 89.54, 89.83, 90.11, 90.11, 90.87, 91.94, 88.15, 88.11, 86.0, 87.88, 87.56, 88.21, 88.45, 88.08, 87.83], [88.72, 88.67, 88.14, 88.1, 88.08, 88.19, 88.56, 89.94, 90.96, 90.42, 90.31, 89.28, 88.78, 89.44, 87.81, 87.44, 87.82, 87.98, 87.89, 87.74], [87.0, 87.0, 87.0, 88.4, 88.21, 87.68, 88.05, 88.56, 91.71, 91.54, 88.74, 89.92, 89.54, 89.72, 87.8, 87.31, 87.55, 87.68, 87.69, 87.63], [87.0, 87.0, 87.0, 87.0, 87.0, 87.0, 87.0, 87.0, 88.06, 91.03, 93.0, 90.33, 90.02, 90.0, 87.83, 87.21, 87.39, 87.49, 87.52, 87.5], [87.0, 87.0, 87.0, 87.0, 87.0, 87.0, 87.0, 87.0, 87.0, -999.0, 93.0, 86.0, 86.0, 90.21, 87.87, 87.11, 87.22, 91.27, 91.22, 91.2], [87.0, 87.0, 87.0, 87.0, 87.0, 87.0, 87.0, 87.0, 87.0, 87.0, -999.0, 86.0, 86.0, 90.57, 88.56, 90.46, 90.43, 90.92, 90.85, 90.81], [87.0, 87.0, 87.0, 87.0, 87.0, 87.0, 87.0, 87.0, 87.0, 87.0, -999.0, 93.0, 93.0, 93.0, 89.15, 90.79, 90.73, 91.23, 91.12, 91.04], [87.0, 87.0, 87.0, 87.0, 87.0, 87.0, 87.0, 86.0, 86.0, 86.0, 86.0, 88.69, 93.0, 93.0, 93.0, 91.17, 91.05, 91.51, 91.37, 91.25], [87.0, 87.0, 86.37, 86.36, 86.34, 86.0, 86.0, 86.0, 86.0, 86.0, 90.4, 89.91, 90.58, 91.15, 90.51, 92.63, 92.58, 92.68, 91.69, 91.59], [86.36, 86.35, 86.65, 86.63, 86.0, 86.0, 86.0, 86.0, 86.0, 86.0, 89.01, 89.88, 90.79, 91.63, 92.05, 92.56, 92.41, 92.28, 92.2, 92.13], [86.64, 86.63, 86.61, 86.59, 86.0, 86.0, 86.0, 86.0, 86.0, 87.78, 88.72, 89.77, 90.86, 91.98, 92.87, 92.61, 92.39, 92.25, 92.16, 92.09], [86.62, 86.61, 86.58, 86.0, 86.0, 86.0, 86.0, 86.0, 86.63, 87.36, 88.2, 89.08, 90.9, 91.68, 92.65, 92.49, 92.3, 92.18, 92.09, 92.04], [86.61, 86.59, 86.57, 86.54, 86.51, 86.45, 86.37, 86.16, 86.77, 87.38, 88.11, 88.85, 90.69, 91.25, 92.36, 92.28, 92.16, 92.07, 92.01, 91.97], [86.61, 86.6, 86.58, 86.41, 86.39, 86.36, 86.33, 86.29, 87.32, 87.63, 88.1, 88.64, 90.55, 92.18, 92.15, 92.08, 92.0, 91.95, 91.91, 91.9], [86.47, 86.46, 86.46, 86.45, 86.44, 86.43, 86.42, 85.82, 87.58, 87.76, 88.06, 88.45, 90.72, 92.05, 91.99, 91.93, 91.87, 91.83, 91.82, 91.82], [86.48, 86.48, 86.48, 85.61, 85.65, 85.71, 85.77, 85.84, 85.91, 85.92, 85.85, 88.02, 89.85, 91.94, 91.88, 91.82, 91.78, 91.73, 91.72, 91.75], [85.49, 85.51, 85.54, 85.57, 85.61, 85.68, 85.76, 85.89, 86.05, 86.11, 85.96, 87.23, 89.75, 90.25, 90.7, 91.74, 91.82, 91.57, 91.62, 91.69], [85.46, 85.47, 85.49, 85.52, 85.56, 85.63, 85.73, 85.91, 86.25, 86.56, 86.07, 87.0, 87.37, 90.18, 90.63, 90.99, 91.51, 91.37, 91.57, 91.66], [85.42, 85.43, 85.45, 85.47, 85.49, 85.54, 85.63, 85.79, 86.13, 86.42, 86.6, 86.68, 87.03, 90.1, 90.5, 90.19, 90.54, 90.61, 91.6, 91.66], [85.39, 85.39, 85.39, 85.4, 85.41, 85.42, 85.45, 85.51, 85.58, 85.52, 86.04, 86.19, 86.61, 88.46, 89.17, 89.72, 90.07, 90.21, 90.19, 90.11], [85.35, 85.34, 85.34, 85.33, 85.31, 85.29, 85.25, 85.17, 85.0, 85.29, 85.09, 85.36, 85.94, 86.52, 88.7, 89.26, 89.62, 89.82, 89.88, 89.87], [85.31, 85.3, 85.28, 85.26, 85.22, 85.16, 85.07, 84.9, 84.58, 84.44, 83.65, 84.76, 85.59, 86.23, 88.29, 88.85, 89.23, 89.46, 89.58, 89.63], [85.28, 85.26, 85.23, 85.2, 85.14, 85.07, 84.95, 84.75, 85.03, 84.4, 84.01, 84.74, 85.48, 86.07, 87.99, 88.53, 88.91, 89.17, 89.32, 89.41], [85.25, 85.22, 85.19, 85.15, 85.09, 85.0, 84.88, 84.71, 85.18, 84.87, 84.78, 85.09, 85.56, 86.03, 87.83, 88.31, 88.67, 88.92, 89.1, 89.21], [85.22, 85.19, 85.16, 85.11, 85.05, 84.97, 84.87, 85.57, 85.39, 85.25, 85.24, 85.42, 85.72, 86.07, 87.76, 88.17, 88.49, 88.74, 88.92, 89.04]]}