gis_exercise/awsData/contour/humi_2023090505.json
{"header": {"refTime": "2023-09-05T05:00:00.000Z", "nx": 21, "ny": 33, "lo1": 113.509, "la1": 22.2235, "lo2": 113.5947, "la2": 22.1034, "dx": 0.0042850000000001385, "dy": 0.003753125000000024, "parameterCategory": 0, "parameterCategoryName": "Temperature", "parameterNumber": 0}, "z": [[62.65, 62.75, 62.88, 63.53, 63.65, 62.88, 63.09, 63.29, 63.29, 62.76, 62.19, 61.64, 60.98, 60.72, 60.56, 60.49, 58.87, 58.94, 58.99, 59.02], [62.58, 62.68, 62.81, 62.99, 63.63, 63.83, 63.31, 63.77, 64.02, 63.23, 62.24, 61.44, 60.68, 60.42, 60.32, 58.78, 58.89, 58.97, 59.02, 59.06], [62.49, 62.58, 62.71, 62.88, 63.57, 63.77, 64.11, 64.17, 65.52, 63.62, 62.07, 61.0, 60.16, 59.98, 58.62, 58.79, 58.93, 59.02, 59.08, 59.11], [62.38, 62.45, 62.56, 62.71, 62.92, 63.6, 63.87, 64.32, 64.75, 62.98, 61.51, 60.22, 59.31, 58.48, 58.58, 58.82, 59.0, 59.11, 59.16, 59.18], [62.25, 62.3, 62.37, 62.49, 62.65, 63.35, 63.46, 63.6, 63.64, 61.97, 60.87, 58.36, 57.59, 58.31, 58.6, 58.92, 59.14, 59.25, 59.27, 59.26], [62.11, 62.12, 62.16, 62.22, 62.33, 62.48, 63.04, 62.97, 62.86, 62.69, 59.35, 58.78, 58.18, 58.0, 58.76, 59.08, 59.34, 59.45, 59.41, 59.34], [60.34, 61.93, 61.91, 61.92, 61.98, 62.08, 60.99, 62.51, 62.34, 61.15, 60.94, 59.53, 58.71, 58.53, 58.98, 59.25, 59.61, 59.74, 59.45, 59.26], [60.28, 60.27, 60.26, 60.28, 60.35, 60.64, 60.92, 61.38, 61.77, 61.17, 60.96, 60.31, 60.3, 58.49, 60.0, 60.0, 60.0, 60.0, 60.0, 60.0], [60.72, 60.67, 60.14, 60.1, 60.08, 60.19, 60.56, 61.07, 61.68, 61.15, 60.62, 60.47, 60.4, 60.49, 60.0, 60.0, 60.0, 60.0, 60.0, 60.0], [59.0, 59.0, 59.0, 60.4, 60.21, 59.68, 60.05, 60.56, 61.43, 61.49, 60.39, 60.56, 60.51, 60.53, 60.0, 60.0, 60.0, 60.0, 60.0, 60.0], [59.0, 59.0, 59.0, 59.0, 59.0, 59.0, 59.0, 59.0, 60.06, 61.66, 61.0, 60.62, 60.57, 60.57, 60.0, 60.0, 60.0, 60.0, 60.0, 60.0], [59.0, 59.0, 59.0, 59.0, 59.0, 59.0, 59.0, 59.0, 59.0, -999.0, 61.0, 60.0, 60.0, 60.6, 60.0, 60.0, 60.0, 65.68, 65.55, 65.51], [59.0, 59.0, 59.0, 59.0, 59.0, 59.0, 59.0, 59.0, 59.0, 59.0, -999.0, 60.0, 60.0, 66.53, 63.66, 63.64, 63.57, 64.8, 64.62, 64.51], [59.0, 59.0, 59.0, 59.0, 59.0, 59.0, 59.0, 59.0, 59.0, 59.0, -999.0, 70.0, 70.0, 70.0, 64.5, 64.47, 64.31, 65.57, 65.3, 65.09], [59.0, 59.0, 59.0, 59.0, 59.0, 59.0, 59.0, 67.0, 67.0, 67.0, 67.0, 68.15, 70.0, 70.0, 70.0, 65.42, 65.12, 66.28, 65.92, 65.62], [59.0, 59.0, 64.03, 64.13, 64.28, 67.0, 67.0, 67.0, 67.0, 67.0, 68.89, 68.67, 68.96, 69.21, 68.93, 66.7, 66.2, 67.08, 64.95, 64.59], [64.13, 64.19, 61.82, 61.96, 67.0, 67.0, 67.0, 67.0, 67.0, 67.0, 68.29, 68.66, 69.05, 69.41, 68.64, 68.74, 68.3, 67.96, 67.73, 67.57], [61.85, 61.95, 62.09, 62.3, 67.0, 67.0, 67.0, 67.0, 67.0, 67.76, 68.16, 68.61, 69.08, 68.65, 69.79, 68.88, 68.24, 67.85, 67.6, 67.46], [62.01, 62.14, 62.32, 67.0, 67.0, 67.0, 67.0, 67.0, 67.27, 67.58, 67.49, 67.85, 67.55, 68.14, 68.95, 68.48, 67.95, 67.6, 67.4, 67.3], [62.12, 62.25, 65.86, 65.91, 65.99, 66.09, 66.25, 66.67, 67.06, 67.17, 67.37, 67.66, 67.1, 67.3, 68.09, 67.8, 67.46, 67.24, 67.14, 67.12], [65.78, 65.81, 65.85, 66.17, 66.21, 66.27, 66.35, 66.43, 67.0, 67.06, 67.21, 67.44, 66.6, 67.56, 67.39, 67.12, 66.88, 66.8, 66.84, 66.93], [66.07, 66.08, 66.09, 66.1, 66.12, 66.14, 66.16, 66.31, 66.8, 66.85, 66.97, 67.18, 65.5, 67.12, 66.84, 66.47, 66.2, 66.3, 66.58, 66.78], [66.03, 66.03, 66.03, 66.27, 66.25, 66.23, 66.18, 66.12, 66.05, 66.01, 66.03, 64.54, 65.44, 66.82, 66.46, 65.87, 65.22, 65.79, 66.47, 66.74], [66.29, 66.28, 66.26, 66.24, 66.2, 66.15, 66.07, 65.95, 65.8, 65.73, 65.84, 64.52, 65.46, 65.49, 65.43, 65.71, 63.38, 66.33, 66.77, 66.84], [66.28, 66.26, 66.24, 66.21, 66.17, 66.11, 66.01, 65.84, 65.56, 65.33, 65.68, 64.68, 64.36, 65.57, 65.63, 65.75, 66.99, 68.22, 67.17, 66.98], [66.27, 66.25, 66.23, 66.21, 66.16, 66.1, 66.01, 65.86, 65.6, 65.39, 65.02, 64.87, 64.58, 65.65, 65.79, 66.35, 66.77, 67.07, 67.17, 67.04], [66.27, 66.25, 66.23, 66.21, 66.18, 66.13, 66.07, 65.99, 65.9, 65.9, 65.29, 65.14, 64.83, 66.38, 66.37, 66.45, 66.61, 66.72, 66.68, 66.58], [66.27, 66.26, 66.24, 66.22, 66.2, 66.18, 66.15, 66.15, 66.19, 65.7, 65.8, 67.0, 67.25, 67.58, 66.44, 66.47, 66.54, 66.58, 66.58, 66.53], [66.27, 66.26, 66.25, 66.24, 66.23, 66.23, 66.23, 66.27, 66.38, 66.17, 66.98, 67.06, 67.25, 67.52, 66.49, 66.49, 66.51, 66.52, 66.52, 66.5], [66.28, 66.27, 66.26, 66.26, 66.26, 66.27, 66.29, 66.35, 66.93, 66.98, 67.02, 67.1, 67.27, 67.48, 66.51, 66.5, 66.49, 66.5, 66.49, 66.48], [66.28, 66.28, 66.28, 66.28, 66.28, 66.3, 66.33, 66.38, 67.0, 67.03, 67.08, 67.16, 67.3, 67.47, 66.52, 66.5, 66.49, 66.48, 66.48, 66.46], [66.29, 66.29, 66.29, 66.29, 66.3, 66.32, 66.34, 67.05, 67.07, 67.1, 67.15, 67.23, 67.34, 67.47, 66.53, 66.5, 66.49, 66.48, 66.47, 66.45]]}