gis_exercise/awsData/contour/humi_2023090119.json
{"header": {"refTime": "2023-09-01T19:00:00.000Z", "nx": 21, "ny": 33, "lo1": 113.509, "la1": 22.2235, "lo2": 113.5947, "la2": 22.1034, "dx": 0.0042850000000001385, "dy": 0.003753125000000024, "parameterCategory": 0, "parameterCategoryName": "Temperature", "parameterNumber": 0}, "z": [[84.18, 84.23, 84.31, 85.66, 85.68, 83.63, 83.77, 83.9, 83.88, 84.17, 83.76, 83.36, 81.86, 81.64, 80.98, 80.89, 79.79, 79.82, 79.85, 79.88], [84.14, 84.19, 84.27, 84.36, 85.67, 85.7, 83.96, 84.29, 84.46, 84.43, 83.76, 83.15, 81.59, 81.37, 80.76, 79.72, 79.78, 79.83, 79.86, 79.89], [84.09, 84.14, 84.21, 84.3, 85.64, 85.68, 85.73, 84.61, 85.63, 84.67, 83.62, 82.74, 81.11, 80.98, 79.59, 79.71, 79.79, 79.84, 79.88, 79.9], [84.02, 84.07, 84.13, 84.21, 84.33, 85.63, 85.67, 85.76, 85.84, 84.36, 83.26, 82.01, 80.32, 80.69, 79.55, 79.72, 79.81, 79.87, 79.9, 79.92], [83.95, 83.98, 84.02, 84.09, 84.19, 85.55, 85.57, 85.61, 85.68, 84.01, 83.01, 80.54, 79.08, 80.37, 79.58, 79.77, 79.86, 79.91, 79.93, 79.94], [83.87, 83.88, 83.9, 83.94, 84.01, 84.1, 85.42, 85.4, 85.49, 85.71, 82.54, 81.29, 80.12, 79.34, 79.74, 79.87, 79.93, 79.96, 79.96, 79.96], [82.89, 83.77, 83.76, 83.77, 83.81, 83.88, 84.26, 85.09, 85.14, 84.99, 85.14, 82.59, 80.28, 80.04, 79.98, 79.98, 79.99, 79.99, 79.63, 79.5], [82.86, 82.85, 82.84, 82.85, 82.9, 83.92, 84.11, 84.25, 84.22, 85.19, 86.17, 83.54, 83.51, 79.99, 80.74, 80.96, 80.52, 80.37, 80.61, 80.78], [83.15, 83.12, 82.76, 82.73, 82.72, 82.8, 83.04, 84.18, 84.96, 84.85, 85.08, 84.34, 83.98, 84.46, 80.8, 81.04, 80.79, 80.68, 80.74, 80.84], [82.0, 82.0, 82.0, 82.94, 82.8, 82.45, 82.7, 83.04, 85.71, 85.54, 83.96, 84.8, 84.53, 84.66, 80.8, 81.13, 80.96, 80.88, 80.88, 80.91], [82.0, 82.0, 82.0, 82.0, 82.0, 82.0, 82.0, 82.0, 82.71, 85.03, 87.0, 85.09, 84.87, 84.85, 80.78, 81.19, 81.07, 81.0, 80.99, 81.0], [82.0, 82.0, 82.0, 82.0, 82.0, 82.0, 82.0, 82.0, 82.0, -999.0, 87.0, 82.0, 82.0, 85.01, 80.76, 81.26, 81.19, 86.82, 86.66, 86.61], [82.0, 82.0, 82.0, 82.0, 82.0, 82.0, 82.0, 82.0, 82.0, 82.0, -999.0, 82.0, 82.0, 88.53, 85.66, 84.37, 84.28, 85.76, 85.55, 85.42], [82.0, 82.0, 82.0, 82.0, 82.0, 82.0, 82.0, 82.0, 82.0, 82.0, -999.0, 92.0, 92.0, 92.0, 86.5, 85.37, 85.18, 86.68, 86.36, 86.11], [82.0, 82.0, 82.0, 82.0, 82.0, 82.0, 82.0, 85.0, 85.0, 85.0, 85.0, 87.69, 92.0, 92.0, 92.0, 86.51, 86.15, 87.53, 87.1, 86.74], [82.0, 82.0, 83.89, 83.92, 83.98, 85.0, 85.0, 85.0, 85.0, 85.0, 89.4, 88.91, 89.58, 90.15, 89.51, 88.33, 87.78, 88.75, 86.16, 85.74], [83.93, 83.94, 83.06, 83.11, 85.0, 85.0, 85.0, 85.0, 85.0, 85.0, 88.01, 88.88, 89.79, 90.63, 90.05, 90.59, 90.09, 89.71, 89.45, 89.27], [83.07, 83.11, 83.16, 83.24, 85.0, 85.0, 85.0, 85.0, 85.0, 86.78, 87.72, 88.77, 89.86, 90.02, 91.71, 90.74, 90.02, 89.58, 89.31, 89.14], [83.13, 83.18, 83.25, 85.0, 85.0, 85.0, 85.0, 85.0, 85.63, 86.36, 86.46, 87.31, 88.27, 89.32, 90.83, 90.3, 89.7, 89.3, 89.08, 88.97], [83.17, 83.22, 83.29, 83.37, 83.48, 83.64, 83.88, 84.51, 85.32, 85.68, 86.23, 86.93, 87.68, 88.2, 89.85, 89.53, 89.15, 88.9, 88.79, 88.76], [83.17, 83.21, 83.27, 83.76, 83.82, 83.91, 84.02, 84.14, 85.38, 85.59, 85.97, 86.5, 87.08, 89.26, 89.07, 88.77, 88.5, 88.4, 88.46, 88.55], [83.6, 83.62, 83.63, 83.65, 83.68, 83.71, 83.73, 83.26, 85.14, 85.27, 85.56, 86.01, 85.55, 88.77, 88.45, 88.04, 87.74, 87.85, 88.15, 88.38], [83.55, 83.55, 83.55, 82.9, 82.92, 82.93, 82.92, 82.88, 82.81, 82.74, 82.7, 82.88, 85.26, 88.43, 88.02, 87.37, 86.65, 87.29, 88.03, 88.33], [82.77, 82.78, 82.78, 82.77, 82.76, 82.73, 82.68, 82.59, 82.47, 82.4, 82.42, 81.75, 85.18, 85.69, 86.05, 87.19, 84.62, 87.87, 88.36, 88.44], [82.71, 82.7, 82.69, 82.66, 82.63, 82.57, 82.49, 82.38, 82.23, 82.12, 82.22, 81.73, 81.72, 85.72, 86.23, 86.72, 88.59, 89.94, 88.8, 88.59], [82.65, 82.63, 82.6, 82.57, 82.51, 82.45, 82.36, 82.25, 82.14, 82.06, 81.75, 81.68, 81.67, 85.73, 86.3, 86.73, 87.55, 87.96, 88.8, 88.65], [82.59, 82.57, 82.53, 82.48, 82.42, 82.35, 82.25, 82.15, 82.05, 81.98, 81.6, 81.58, 81.6, 85.2, 85.83, 86.42, 86.93, 87.19, 87.12, 86.93], [82.55, 82.51, 82.47, 82.42, 82.35, 82.27, 82.17, 82.05, 81.91, 81.45, 81.39, 83.06, 83.88, 84.8, 85.49, 86.03, 86.44, 86.67, 86.72, 86.66], [82.51, 82.47, 82.42, 82.36, 82.29, 82.21, 82.1, 81.96, 81.77, 81.27, 81.55, 82.61, 83.58, 84.47, 85.17, 85.68, 86.05, 86.28, 86.39, 86.4], [82.47, 82.43, 82.38, 82.32, 82.25, 82.17, 82.06, 81.92, 82.69, 82.19, 81.9, 82.65, 83.5, 84.29, 84.94, 85.4, 85.75, 85.98, 86.11, 86.17], [82.44, 82.4, 82.36, 82.3, 82.23, 82.15, 82.05, 81.93, 82.91, 82.68, 82.66, 83.03, 83.62, 84.24, 84.8, 85.21, 85.52, 85.74, 85.89, 85.98], [82.42, 82.38, 82.34, 82.28, 82.22, 82.15, 82.06, 83.32, 83.18, 83.09, 83.15, 83.4, 83.81, 84.28, 84.74, 85.08, 85.36, 85.57, 85.72, 85.82]]}