gis_exercise/awsData/contour/humi_2023090409.json
{"header": {"refTime": "2023-09-04T09:00:00.000Z", "nx": 21, "ny": 33, "lo1": 113.509, "la1": 22.2235, "lo2": 113.5947, "la2": 22.1034, "dx": 0.0042850000000001385, "dy": 0.003753125000000024, "parameterCategory": 0, "parameterCategoryName": "Temperature", "parameterNumber": 0}, "z": [[75.11, 75.14, 75.19, 76.0, 76.0, 74.15, 74.24, 74.31, 74.26, 73.98, 73.55, 73.13, 70.9, 70.62, 70.69, 70.56, 68.36, 68.38, 68.4, 68.41], [75.08, 75.12, 75.17, 75.23, 76.0, 76.0, 74.41, 74.64, 74.74, 74.27, 73.56, 72.93, 70.65, 70.37, 70.47, 68.33, 68.37, 68.4, 68.42, 68.43], [75.04, 75.08, 75.13, 75.2, 76.0, 76.0, 76.0, 74.91, 75.7, 74.52, 73.41, 72.52, 70.21, 70.0, 68.28, 68.34, 68.39, 68.43, 68.45, 68.46], [75.0, 75.03, 75.08, 75.15, 75.23, 76.0, 76.0, 76.0, 76.0, 74.17, 73.03, 71.8, 69.53, 69.58, 68.28, 68.36, 68.43, 68.47, 68.49, 68.49], [74.95, 74.97, 75.01, 75.07, 75.16, 76.0, 76.0, 76.0, 76.0, 73.72, 72.72, 69.57, 68.63, 69.35, 68.28, 68.39, 68.49, 68.54, 68.55, 68.53], [74.88, 74.9, 74.93, 74.97, 75.05, 75.17, 76.0, 76.0, 76.0, 76.0, 71.07, 70.01, 69.17, 68.0, 68.3, 68.45, 68.6, 68.66, 68.63, 68.58], [74.34, 74.81, 74.81, 74.84, 74.91, 75.04, 75.25, 76.0, 76.0, 74.43, 73.96, 70.65, 68.0, 68.0, 68.33, 68.51, 68.74, 68.83, 68.82, 68.75], [74.28, 74.27, 74.26, 74.28, 74.35, 74.86, 75.15, 75.56, 75.53, 74.69, 75.06, 70.46, 70.41, 68.0, 68.63, 68.52, 68.74, 68.82, 68.69, 68.61], [74.72, 74.67, 74.14, 74.1, 74.08, 74.19, 74.56, 75.29, 76.0, 74.29, 72.93, 71.75, 71.17, 71.93, 68.6, 68.48, 68.61, 68.66, 68.63, 68.58], [73.0, 73.0, 73.0, 74.4, 74.21, 73.68, 74.05, 74.56, 76.0, 76.0, 71.14, 72.47, 72.05, 72.25, 68.6, 68.44, 68.52, 68.56, 68.56, 68.54], [73.0, 73.0, 73.0, 73.0, 73.0, 73.0, 73.0, 73.0, 74.06, 76.0, 76.0, 72.95, 72.59, 72.57, 68.61, 68.4, 68.46, 68.5, 68.51, 68.5], [73.0, 73.0, 73.0, 73.0, 73.0, 73.0, 73.0, 73.0, 73.0, -999.0, 76.0, 68.0, 68.0, 72.81, 68.62, 68.37, 68.41, 72.41, 72.33, 72.31], [73.0, 73.0, 73.0, 73.0, 73.0, 73.0, 73.0, 73.0, 73.0, 73.0, -999.0, 68.0, 68.0, 72.57, 70.56, 71.18, 71.14, 71.88, 71.77, 71.71], [73.0, 73.0, 73.0, 73.0, 73.0, 73.0, 73.0, 73.0, 73.0, 73.0, -999.0, 75.0, 75.0, 75.0, 71.15, 71.68, 71.59, 72.34, 72.18, 72.06], [73.0, 73.0, 73.0, 73.0, 73.0, 73.0, 73.0, 73.0, 73.0, 73.0, 73.0, 73.77, 75.0, 75.0, 75.0, 72.25, 72.07, 72.77, 72.55, 72.37], [73.0, 73.0, 73.0, 73.0, 73.0, 73.0, 73.0, 73.0, 73.0, 73.0, 74.26, 74.12, 74.31, 74.47, 74.29, 73.9, 73.73, 74.03, 72.63, 72.45], [73.0, 73.0, 73.0, 73.0, 73.0, 73.0, 73.0, 73.0, 73.0, 73.0, 73.86, 74.11, 74.37, 74.61, 74.43, 74.39, 74.18, 74.01, 73.89, 73.81], [73.0, 73.0, 73.0, 73.0, 73.0, 73.0, 73.0, 73.0, 73.0, 73.51, 73.78, 74.08, 74.39, 74.42, 74.91, 74.46, 74.15, 73.96, 73.84, 73.76], [73.0, 73.0, 73.0, 73.0, 73.0, 73.0, 73.0, 73.0, 73.18, 73.39, 74.32, 74.6, 73.91, 74.21, 74.5, 74.28, 74.02, 73.85, 73.74, 73.69], [73.0, 73.0, 75.29, 75.17, 75.03, 74.81, 74.49, 73.66, 73.63, 74.04, 74.42, 74.67, 73.73, 73.88, 74.09, 73.96, 73.8, 73.68, 73.62, 73.59], [75.44, 75.38, 75.31, 74.65, 74.57, 74.45, 74.3, 74.14, 74.25, 74.44, 74.66, 74.82, 73.56, 73.84, 73.78, 73.66, 73.55, 73.49, 73.48, 73.5], [74.86, 74.85, 74.82, 74.8, 74.76, 74.72, 74.69, 75.26, 74.78, 74.89, 74.98, 75.03, 74.69, 73.64, 73.53, 73.39, 73.29, 73.29, 73.35, 73.41], [74.94, 74.94, 74.94, 75.72, 75.7, 75.69, 75.7, 75.75, 75.85, 75.95, 76.0, 74.51, 74.44, 73.5, 73.36, 73.17, 72.97, 73.09, 73.26, 73.35], [75.87, 75.87, 75.87, 75.88, 75.9, 75.94, 76.02, 76.15, 76.31, 76.41, 76.37, 76.02, 74.54, 74.09, 73.67, 73.08, 72.51, 73.13, 73.28, 73.34], [75.95, 75.97, 75.99, 76.02, 76.07, 76.15, 76.26, 76.42, 76.65, 76.81, 76.64, 76.2, 75.77, 74.16, 73.76, 73.44, 73.27, 73.5, 73.35, 73.36], [76.03, 76.06, 76.09, 76.14, 76.21, 76.3, 76.43, 76.58, 76.76, 76.87, 76.65, 76.36, 75.97, 74.24, 73.89, 73.8, 73.66, 73.66, 73.37, 73.38], [76.1, 76.14, 76.18, 76.24, 76.32, 76.43, 76.55, 76.69, 76.82, 76.91, 76.76, 76.54, 76.19, 74.79, 74.38, 74.08, 73.9, 73.84, 73.84, 73.88], [76.16, 76.2, 76.26, 76.33, 76.41, 76.52, 76.65, 76.8, 76.97, 77.05, 77.08, 77.11, 76.84, 76.54, 74.66, 74.35, 74.15, 74.05, 74.01, 74.01], [76.21, 76.26, 76.32, 76.39, 76.48, 76.59, 76.72, 76.89, 77.11, 77.36, 77.76, 77.32, 76.97, 76.66, 74.91, 74.58, 74.37, 74.24, 74.17, 74.14], [76.25, 76.3, 76.36, 76.44, 76.53, 76.63, 76.76, 76.93, 77.26, 77.48, 77.62, 77.32, 77.0, 76.73, 75.08, 74.77, 74.55, 74.4, 74.32, 74.27], [76.28, 76.34, 76.4, 76.47, 76.55, 76.65, 76.77, 76.91, 77.18, 77.29, 77.31, 77.18, 76.96, 76.75, 75.17, 74.9, 74.69, 74.54, 74.44, 74.38], [76.31, 76.36, 76.42, 76.49, 76.56, 76.65, 76.75, 77.02, 77.09, 77.13, 77.12, 77.04, 76.89, 76.73, 75.21, 74.98, 74.79, 74.65, 74.54, 74.47]]}