gis_exercise/awsData/contour/humi_2023091101.json
{"header": {"refTime": "2023-09-11T01:00:00.000Z", "nx": 21, "ny": 33, "lo1": 113.509, "la1": 22.2235, "lo2": 113.5947, "la2": 22.1034, "dx": 0.0042850000000001385, "dy": 0.003753125000000024, "parameterCategory": 0, "parameterCategoryName": "Temperature", "parameterNumber": 0}, "z": [[90.79, 90.83, 90.88, 92.73, 92.7, 90.81, 90.89, 90.95, 90.94, 91.76, 91.63, 91.48, 89.93, 89.82, 89.49, 89.44, 88.89, 88.91, 88.93, 88.94], [90.76, 90.8, 90.86, 90.93, 92.69, 92.64, 90.98, 91.14, 91.23, 91.79, 91.59, 91.35, 89.79, 89.69, 89.38, 88.86, 88.89, 88.91, 88.93, 88.94], [90.73, 90.76, 90.82, 90.88, 92.68, 92.63, 92.55, 91.3, 91.81, 91.84, 91.52, 91.13, 89.56, 89.49, 88.8, 88.85, 88.89, 88.92, 88.94, 88.95], [90.68, 90.71, 90.76, 90.82, 90.91, 92.64, 92.58, 92.48, 92.39, 91.85, 91.44, 90.74, 89.16, 90.04, 88.78, 88.86, 88.91, 88.93, 88.95, 88.96], [90.62, 90.65, 90.68, 90.74, 90.81, 92.65, 92.62, 92.62, 92.7, 92.03, 91.51, 89.95, 88.81, 89.77, 88.79, 88.88, 88.93, 88.95, 88.96, 88.97], [90.56, 90.57, 90.59, 90.63, 90.69, 90.77, 92.61, 92.62, 92.81, 93.23, 91.61, 90.52, 89.57, 88.67, 88.87, 88.93, 88.97, 88.98, 88.98, 88.98], [89.89, 90.49, 90.48, 90.5, 90.54, 90.62, 91.77, 92.38, 92.55, 93.11, 93.5, 91.45, 89.14, 89.02, 88.99, 88.99, 88.99, 89.0, 88.82, 88.75], [89.86, 89.85, 89.84, 89.85, 89.9, 91.37, 91.56, 91.61, 91.51, 93.37, 94.9, 91.84, 91.81, 88.99, 89.37, 89.48, 89.26, 89.18, 89.31, 89.39], [90.15, 90.12, 89.76, 89.73, 89.72, 89.8, 90.04, 91.62, 92.59, 92.92, 93.69, 92.81, 92.38, 92.95, 89.4, 89.52, 89.39, 89.34, 89.37, 89.42], [89.0, 89.0, 89.0, 89.94, 89.8, 89.45, 89.7, 90.04, 93.84, 93.56, 92.35, 93.36, 93.04, 93.19, 89.4, 89.56, 89.48, 89.44, 89.44, 89.46], [89.0, 89.0, 89.0, 89.0, 89.0, 89.0, 89.0, 89.0, 89.71, 92.71, 96.0, 93.71, 93.44, 93.43, 89.39, 89.6, 89.54, 89.5, 89.49, 89.5], [89.0, 89.0, 89.0, 89.0, 89.0, 89.0, 89.0, 89.0, 89.0, -999.0, 96.0, 90.0, 90.0, 93.61, 89.38, 89.63, 89.59, 93.55, 93.44, 93.41], [89.0, 89.0, 89.0, 89.0, 89.0, 89.0, 89.0, 89.0, 89.0, 89.0, -999.0, 90.0, 90.0, 94.57, 92.56, 91.91, 91.85, 92.84, 92.7, 92.61], [89.0, 89.0, 89.0, 89.0, 89.0, 89.0, 89.0, 89.0, 89.0, 89.0, -999.0, 97.0, 97.0, 97.0, 93.15, 92.58, 92.45, 93.46, 93.24, 93.08], [89.0, 89.0, 89.0, 89.0, 89.0, 89.0, 89.0, 91.0, 91.0, 91.0, 91.0, 93.31, 97.0, 97.0, 97.0, 93.34, 93.1, 94.02, 93.73, 93.5], [89.0, 89.0, 90.26, 90.28, 90.32, 91.0, 91.0, 91.0, 91.0, 91.0, 94.78, 94.35, 94.93, 95.42, 94.86, 96.27, 96.16, 96.35, 94.38, 94.19], [90.28, 90.3, 89.71, 89.74, 91.0, 91.0, 91.0, 91.0, 91.0, 91.0, 93.58, 94.32, 95.11, 95.83, 96.06, 96.41, 96.2, 96.03, 95.91, 95.83], [89.71, 89.74, 89.77, 89.83, 91.0, 91.0, 91.0, 91.0, 91.0, 92.52, 93.33, 94.23, 95.17, 96.0, 96.87, 96.48, 96.18, 95.98, 95.86, 95.78], [89.75, 89.79, 89.83, 91.0, 91.0, 91.0, 91.0, 91.0, 91.54, 92.17, 92.73, 93.48, 94.99, 95.7, 96.52, 96.3, 96.05, 95.88, 95.77, 95.71], [89.78, 89.81, 91.0, 91.0, 91.0, 91.0, 91.0, 91.0, 91.56, 92.03, 92.62, 93.25, 94.76, 95.24, 96.13, 96.01, 95.85, 95.73, 95.66, 95.62], [91.0, 91.0, 91.0, 91.0, 91.0, 91.0, 91.0, 91.0, 91.93, 92.17, 92.56, 93.02, 94.59, 95.88, 95.83, 95.73, 95.62, 95.55, 95.52, 95.52], [91.0, 91.0, 91.0, 91.0, 91.0, 91.0, 91.0, 91.0, 92.05, 92.19, 92.45, 92.79, 94.4, 95.69, 95.61, 95.5, 95.41, 95.38, 95.39, 95.42], [91.0, 91.0, 91.0, 91.0, 91.0, 91.0, 91.0, 91.0, 91.0, 91.0, 91.0, 92.05, 93.52, 95.55, 95.45, 95.32, 95.21, 95.22, 95.28, 95.34], [91.0, 91.0, 91.0, 91.0, 91.0, 91.0, 91.0, 91.0, 91.0, 91.0, 91.0, 91.98, 93.43, 93.87, 94.25, 95.23, 95.06, 95.11, 95.21, 95.29], [91.0, 91.0, 91.0, 91.0, 91.0, 91.0, 91.0, 91.0, 91.0, 91.0, 91.0, 91.85, 92.21, 93.81, 94.21, 94.54, 95.11, 95.09, 95.19, 95.27], [91.0, 91.0, 91.0, 91.0, 91.0, 91.0, 91.0, 91.0, 91.0, 91.0, 91.48, 91.77, 92.09, 93.75, 94.12, 94.39, 94.58, 94.63, 95.23, 95.28], [91.0, 91.0, 91.0, 91.0, 91.0, 91.0, 91.0, 91.0, 91.0, 91.0, 91.51, 91.7, 91.97, 93.57, 93.91, 94.17, 94.35, 94.42, 94.41, 94.36], [91.0, 91.0, 91.0, 91.0, 91.0, 91.0, 91.0, 91.0, 91.0, 91.4, 91.42, 91.59, 91.86, 92.17, 93.69, 93.95, 94.13, 94.23, 94.26, 94.25], [91.0, 91.0, 91.0, 91.0, 91.0, 91.0, 91.0, 91.0, 91.0, 91.3, 91.16, 91.47, 91.77, 92.07, 93.49, 93.76, 93.94, 94.06, 94.11, 94.13], [91.0, 91.0, 91.0, 91.0, 91.0, 91.0, 91.0, 91.0, 91.47, 91.34, 91.26, 91.49, 91.75, 92.01, 93.36, 93.61, 93.79, 93.91, 93.99, 94.03], [91.0, 91.0, 91.0, 91.0, 91.0, 91.0, 91.0, 91.0, 91.55, 91.48, 91.48, 91.6, 91.79, 91.99, 93.28, 93.5, 93.67, 93.8, 93.88, 93.93], [91.0, 91.0, 91.0, 91.0, 91.0, 91.0, 91.0, 91.67, 91.63, 91.61, 91.63, 91.72, 91.85, 92.0, 93.24, 93.44, 93.59, 93.71, 93.79, 93.85]]}