gis_exercise/awsData/contour/humi_2023091401.json
{"header": {"refTime": "2023-09-14T01:00:00.000Z", "nx": 21, "ny": 33, "lo1": 113.509, "la1": 22.2235, "lo2": 113.5947, "la2": 22.1034, "dx": 0.0042850000000001385, "dy": 0.003753125000000024, "parameterCategory": 0, "parameterCategoryName": "Temperature", "parameterNumber": 0}, "z": [[89.31, 89.31, 89.31, 90.32, 90.26, 88.8, 88.79, 88.78, 88.75, 89.27, 89.24, 89.19, 88.21, 88.17, 88.17, 88.21, 88.25, 88.29, 88.32, 88.35], [89.32, 89.31, 89.31, 89.3, 90.26, 90.16, 88.83, 88.83, 88.82, 89.23, 89.2, 89.12, 88.13, 88.1, 88.12, 88.19, 88.26, 88.31, 88.35, 88.37], [89.32, 89.32, 89.32, 89.31, 90.28, 90.18, 90.01, 88.88, 88.96, 89.2, 89.17, 89.0, 88.0, 87.99, 88.08, 88.19, 88.28, 88.35, 88.39, 88.41], [89.32, 89.32, 89.32, 89.33, 89.32, 90.25, 90.11, 89.89, 89.68, 89.31, 89.18, 88.79, 87.78, 88.64, 88.05, 88.22, 88.33, 88.41, 88.44, 88.45], [89.32, 89.33, 89.33, 89.34, 89.35, 90.35, 90.29, 90.24, 90.27, 89.6, 89.33, 88.56, 87.66, 88.44, 88.07, 88.28, 88.42, 88.5, 88.52, 88.5], [89.32, 89.33, 89.33, 89.35, 89.37, 89.39, 90.45, 90.48, 90.62, 90.9, 89.85, 89.02, 88.28, 87.67, 88.17, 88.39, 88.56, 88.64, 88.61, 88.56], [89.45, 89.32, 89.33, 89.34, 89.37, 89.42, 90.51, 90.53, 90.68, 91.19, 91.4, 89.79, 88.14, 88.02, 88.32, 88.5, 88.74, 88.83, 88.63, 88.5], [89.43, 89.42, 89.42, 89.43, 89.45, 90.3, 90.39, 90.4, 90.28, 91.36, 92.29, 90.23, 90.21, 87.99, 89.0, 89.0, 89.0, 89.0, 89.0, 89.0], [89.57, 89.56, 89.38, 89.37, 89.36, 89.4, 89.52, 90.42, 90.96, 91.06, 91.46, 90.87, 90.59, 90.97, 89.0, 89.0, 89.0, 89.0, 89.0, 89.0], [89.0, 89.0, 89.0, 89.47, 89.4, 89.23, 89.35, 89.52, 91.71, 91.54, 90.57, 91.24, 91.02, 91.13, 89.0, 89.0, 89.0, 89.0, 89.0, 89.0], [89.0, 89.0, 89.0, 89.0, 89.0, 89.0, 89.0, 89.0, 89.35, 91.03, 93.0, 91.48, 91.3, 91.28, 89.0, 89.0, 89.0, 89.0, 89.0, 89.0], [89.0, 89.0, 89.0, 89.0, 89.0, 89.0, 89.0, 89.0, 89.0, -999.0, 93.0, 89.0, 89.0, 91.41, 89.0, 89.0, 89.0, 92.41, 92.33, 92.31], [89.0, 89.0, 89.0, 89.0, 89.0, 89.0, 89.0, 89.0, 89.0, 89.0, -999.0, 89.0, 89.0, 92.92, 91.19, 91.18, 91.14, 91.88, 91.77, 91.71], [89.0, 89.0, 89.0, 89.0, 89.0, 89.0, 89.0, 89.0, 89.0, 89.0, -999.0, 95.0, 95.0, 95.0, 91.7, 91.68, 91.59, 92.34, 92.18, 92.06], [89.0, 89.0, 89.0, 89.0, 89.0, 89.0, 89.0, 90.0, 90.0, 90.0, 90.0, 91.92, 95.0, 95.0, 95.0, 92.25, 92.07, 92.77, 92.55, 92.37], [89.0, 89.0, 89.63, 89.64, 89.66, 90.0, 90.0, 90.0, 90.0, 90.0, 93.15, 92.79, 93.27, 93.68, 93.22, 93.9, 93.73, 94.03, 92.63, 92.45], [89.64, 89.65, 89.35, 89.37, 90.0, 90.0, 90.0, 90.0, 90.0, 90.0, 92.15, 92.77, 93.42, 94.02, 94.07, 94.25, 93.99, 93.78, 93.63, 93.53], [89.36, 89.37, 89.39, 89.41, 90.0, 90.0, 90.0, 90.0, 90.0, 91.27, 91.94, 92.69, 93.47, 94.02, 94.86, 94.34, 93.96, 93.72, 93.56, 93.46], [89.38, 89.39, 89.42, 90.0, 90.0, 90.0, 90.0, 90.0, 90.45, 90.97, 92.74, 93.42, 93.09, 93.71, 94.39, 94.11, 93.8, 93.58, 93.45, 93.37], [89.39, 89.41, 94.0, 93.81, 93.55, 93.17, 92.61, 91.15, 91.25, 92.08, 92.9, 93.48, 92.84, 93.23, 93.89, 93.74, 93.54, 93.39, 93.3, 93.26], [94.27, 94.17, 94.04, 92.9, 92.75, 92.54, 92.28, 92.0, 92.42, 92.81, 93.29, 93.68, 92.62, 93.58, 93.51, 93.38, 93.24, 93.16, 93.13, 93.14], [93.26, 93.23, 93.19, 93.14, 93.09, 93.02, 92.95, 93.65, 93.38, 93.6, 93.83, 94.01, 94.69, 93.34, 93.22, 93.07, 92.95, 92.93, 92.97, 93.02], [93.39, 93.39, 93.39, 94.32, 94.3, 94.3, 94.35, 94.47, 94.66, 94.82, 94.88, 93.62, 94.15, 93.16, 93.02, 92.83, 92.65, 92.71, 92.84, 92.94], [94.52, 94.52, 94.54, 94.56, 94.61, 94.71, 94.87, 95.14, 95.48, 95.66, 95.53, 95.77, 94.25, 93.75, 93.3, 92.71, 92.3, 92.65, 92.8, 92.89], [94.64, 94.67, 94.71, 94.78, 94.88, 95.03, 95.25, 95.6, 96.11, 96.51, 96.03, 95.93, 95.49, 93.82, 93.37, 93.01, 92.72, 92.82, 92.82, 92.88], [94.75, 94.8, 94.87, 94.96, 95.08, 95.25, 95.49, 95.81, 96.24, 96.55, 96.4, 96.04, 95.64, 93.9, 93.5, 93.2, 93.04, 93.02, 92.85, 92.9], [94.85, 94.91, 94.99, 95.1, 95.23, 95.4, 95.62, 95.87, 96.12, 96.24, 96.36, 96.12, 95.79, 94.11, 93.74, 93.45, 93.28, 93.21, 93.22, 93.26], [94.93, 95.0, 95.09, 95.2, 95.34, 95.5, 95.7, 95.91, 96.12, 96.49, 96.48, 96.41, 96.14, 95.83, 93.99, 93.7, 93.51, 93.41, 93.38, 93.38], [95.0, 95.08, 95.17, 95.28, 95.41, 95.57, 95.75, 95.95, 96.19, 96.63, 96.84, 96.53, 96.23, 95.93, 94.21, 93.91, 93.71, 93.59, 93.53, 93.5], [95.06, 95.13, 95.22, 95.33, 95.45, 95.6, 95.76, 95.96, 96.53, 96.66, 96.74, 96.51, 96.25, 95.99, 94.36, 94.08, 93.88, 93.75, 93.66, 93.62], [95.1, 95.17, 95.26, 95.36, 95.48, 95.61, 95.75, 95.91, 96.45, 96.52, 96.52, 96.4, 96.21, 96.01, 94.45, 94.2, 94.01, 93.87, 93.78, 93.72], [95.13, 95.2, 95.28, 95.37, 95.48, 95.59, 95.71, 96.33, 96.37, 96.39, 96.37, 96.28, 96.15, 96.0, 94.49, 94.27, 94.1, 93.97, 93.88, 93.81]]}