gis_exercise/awsData/contour/humi_2023090818.json
{"header": {"refTime": "2023-09-08T18:00:00.000Z", "nx": 21, "ny": 33, "lo1": 113.509, "la1": 22.2235, "lo2": 113.5947, "la2": 22.1034, "dx": 0.0042850000000001385, "dy": 0.003753125000000024, "parameterCategory": 0, "parameterCategoryName": "Temperature", "parameterNumber": 0}, "z": [[92.71, 92.82, 92.96, 95.44, 95.52, 92.87, 93.18, 93.47, 93.52, 94.86, 94.36, 93.87, 91.11, 90.79, 90.01, 89.8, 87.54, 87.53, 87.53, 87.53], [92.63, 92.74, 92.88, 93.07, 95.47, 95.62, 93.44, 94.08, 94.45, 95.17, 94.35, 93.6, 90.78, 90.46, 89.73, 87.53, 87.52, 87.52, 87.51, 87.51], [92.53, 92.63, 92.75, 92.93, 95.38, 95.53, 95.78, 94.57, 96.38, 95.44, 94.17, 93.08, 90.21, 89.99, 87.51, 87.51, 87.5, 87.49, 87.49, 87.49], [92.42, 92.48, 92.58, 92.73, 92.95, 95.34, 95.54, 95.91, 96.25, 95.1, 93.75, 92.17, 89.31, 89.82, 87.5, 87.5, 87.48, 87.46, 87.46, 87.47], [92.28, 92.32, 92.38, 92.47, 92.61, 95.05, 95.13, 95.3, 95.51, 94.73, 93.48, 89.74, 88.13, 89.45, 87.51, 87.49, 87.44, 87.41, 87.41, 87.44], [92.14, 92.14, 92.15, 92.18, 92.23, 92.3, 94.58, 94.52, 94.78, 95.41, 92.15, 90.53, 89.16, 87.67, 87.56, 87.48, 87.37, 87.32, 87.36, 87.41], [90.0, 91.96, 91.92, 91.89, 91.86, 91.82, 92.28, 93.45, 93.59, 93.96, 94.7, 91.78, 88.14, 88.02, 87.66, 87.48, 87.25, 87.17, 87.0, 87.0], [90.0, 90.0, 90.0, 90.0, 90.0, 92.04, 92.03, 91.63, 90.96, 94.4, 97.11, 92.07, 92.02, 87.99, 87.74, 87.96, 87.52, 87.37, 87.61, 87.78], [90.0, 90.0, 90.0, 90.0, 90.0, 90.0, 90.0, 91.97, 92.87, 93.62, 95.16, 93.69, 92.97, 93.92, 87.8, 88.04, 87.79, 87.68, 87.74, 87.84], [90.0, 90.0, 90.0, 90.0, 90.0, 90.0, 90.0, 90.0, 95.12, 94.61, 92.92, 94.59, 94.06, 94.32, 87.8, 88.13, 87.96, 87.88, 87.88, 87.91], [90.0, 90.0, 90.0, 90.0, 90.0, 90.0, 90.0, 90.0, 90.0, 93.08, 99.0, 95.19, 94.74, 94.71, 87.78, 88.19, 88.07, 88.0, 87.99, 88.0], [90.0, 90.0, 90.0, 90.0, 90.0, 90.0, 90.0, 90.0, 90.0, -999.0, 99.0, 89.0, 89.0, 95.02, 87.76, 88.26, 88.19, 93.25, 93.1, 93.06], [90.0, 90.0, 90.0, 90.0, 90.0, 90.0, 90.0, 90.0, 90.0, 90.0, -999.0, 89.0, 89.0, 94.88, 92.29, 91.0, 90.92, 92.28, 92.09, 91.96], [90.0, 90.0, 90.0, 90.0, 90.0, 90.0, 90.0, 90.0, 90.0, 90.0, -999.0, 98.0, 98.0, 98.0, 93.05, 91.92, 91.75, 93.13, 92.83, 92.6], [90.0, 90.0, 90.0, 90.0, 90.0, 90.0, 90.0, 92.0, 92.0, 92.0, 92.0, 94.31, 98.0, 98.0, 98.0, 92.96, 92.63, 93.91, 93.51, 93.18], [90.0, 90.0, 91.26, 91.28, 91.32, 92.0, 92.0, 92.0, 92.0, 92.0, 95.78, 95.35, 95.93, 96.42, 95.86, 94.33, 93.78, 94.75, 92.42, 92.02], [91.28, 91.3, 90.71, 90.74, 92.0, 92.0, 92.0, 92.0, 92.0, 92.0, 94.58, 95.32, 96.11, 96.83, 96.17, 96.31, 95.71, 95.25, 94.92, 94.71], [90.71, 90.74, 90.77, 90.83, 92.0, 92.0, 92.0, 92.0, 92.0, 93.52, 94.33, 95.23, 96.17, 96.15, 97.73, 96.49, 95.64, 95.1, 94.76, 94.55], [90.75, 90.79, 90.83, 92.0, 92.0, 92.0, 92.0, 92.0, 92.54, 93.17, 94.1, 94.86, 94.55, 95.49, 96.6, 95.97, 95.25, 94.78, 94.5, 94.35], [90.78, 90.81, 93.14, 93.09, 93.01, 92.91, 92.75, 92.33, 92.79, 93.38, 94.06, 94.71, 93.98, 94.42, 95.45, 95.08, 94.62, 94.31, 94.15, 94.09], [93.22, 93.19, 93.15, 92.83, 92.79, 92.73, 92.65, 92.57, 93.4, 93.7, 94.13, 94.59, 93.39, 94.74, 94.54, 94.2, 93.88, 93.74, 93.76, 93.83], [92.93, 92.92, 92.91, 92.9, 92.88, 92.86, 92.84, 92.34, 93.76, 93.94, 94.2, 94.51, 93.5, 94.16, 93.83, 93.39, 93.07, 93.13, 93.39, 93.61], [92.97, 92.97, 92.97, 92.22, 92.26, 92.32, 92.39, 92.48, 92.57, 92.61, 92.55, 91.83, 92.89, 93.77, 93.34, 92.69, 92.0, 92.52, 93.19, 93.49], [92.13, 92.16, 92.18, 92.22, 92.27, 92.35, 92.46, 92.63, 92.83, 92.92, 92.75, 91.53, 92.96, 92.72, 92.44, 92.45, 90.2, 92.9, 93.39, 93.53], [92.12, 92.14, 92.17, 92.21, 92.26, 92.34, 92.48, 92.71, 93.13, 93.49, 92.93, 91.65, 91.05, 92.82, 92.64, 92.56, 93.5, 94.58, 93.74, 93.64], [92.1, 92.12, 92.14, 92.17, 92.22, 92.29, 92.41, 92.62, 93.02, 93.35, 92.28, 91.56, 91.04, 92.93, 92.84, 92.3, 92.83, 93.14, 93.77, 93.7], [92.08, 92.09, 92.11, 92.13, 92.15, 92.19, 92.26, 92.35, 92.45, 92.42, 91.64, 91.27, 90.95, 91.63, 91.9, 92.2, 92.49, 92.65, 92.61, 92.48], [92.05, 92.06, 92.06, 92.07, 92.07, 92.07, 92.06, 92.02, 91.88, 91.18, 90.94, 92.22, 92.72, 93.22, 91.78, 92.04, 92.25, 92.37, 92.39, 92.34], [92.03, 92.02, 92.02, 92.01, 91.99, 91.96, 91.89, 91.75, 91.47, 90.62, 90.61, 91.65, 92.4, 92.96, 91.66, 91.89, 92.06, 92.17, 92.22, 92.21], [92.0, 91.99, 91.98, 91.96, 91.92, 91.87, 91.77, 91.6, 91.91, 91.31, 90.95, 91.62, 92.29, 92.82, 91.56, 91.76, 91.92, 92.02, 92.08, 92.1], [91.98, 91.96, 91.94, 91.91, 91.87, 91.8, 91.71, 91.56, 92.04, 91.74, 91.66, 91.94, 92.37, 92.78, 91.51, 91.68, 91.81, 91.91, 91.97, 92.01], [91.95, 91.94, 91.91, 91.88, 91.83, 91.77, 91.68, 92.41, 92.23, 92.09, 92.08, 92.24, 92.51, 92.82, 91.48, 91.62, 91.74, 91.83, 91.89, 91.93]]}