gis_exercise/awsData/contour/humi_2023090705.json
{"header": {"refTime": "2023-09-07T05:00:00.000Z", "nx": 21, "ny": 33, "lo1": 113.509, "la1": 22.2235, "lo2": 113.5947, "la2": 22.1034, "dx": 0.0042850000000001385, "dy": 0.003753125000000024, "parameterCategory": 0, "parameterCategoryName": "Temperature", "parameterNumber": 0}, "z": [[84.56, 84.72, 84.93, 86.19, 86.44, 85.6, 86.03, 86.44, 86.55, 87.06, 86.36, 85.69, 84.47, 84.12, 84.45, 84.37, 81.96, 82.05, 82.12, 82.16], [84.45, 84.6, 84.8, 85.08, 86.38, 86.77, 86.35, 87.22, 87.73, 87.63, 86.43, 85.45, 84.11, 83.76, 84.16, 81.85, 82.0, 82.11, 82.19, 82.23], [84.3, 84.43, 84.62, 84.88, 86.21, 86.62, 87.3, 87.82, 90.2, 88.11, 86.22, 84.91, 83.49, 83.24, 81.64, 81.87, 82.07, 82.2, 82.28, 82.32], [84.13, 84.23, 84.37, 84.58, 84.89, 86.23, 86.78, 87.72, 88.59, 87.33, 85.53, 83.96, 82.5, 81.44, 81.6, 81.93, 82.19, 82.35, 82.42, 82.43], [83.94, 83.99, 84.07, 84.2, 84.39, 85.65, 85.87, 86.2, 86.41, 86.1, 84.76, 81.37, 80.58, 81.27, 81.63, 82.07, 82.41, 82.59, 82.62, 82.57], [83.73, 83.73, 83.74, 83.77, 83.83, 83.89, 84.85, 84.7, 84.72, 84.93, 82.46, 81.77, 81.13, 80.67, 81.78, 82.29, 82.76, 82.95, 82.86, 82.71], [80.55, 83.47, 83.42, 83.36, 83.29, 83.18, 81.52, 83.24, 83.09, 82.7, 83.26, 82.46, 81.14, 81.02, 81.99, 82.52, 83.23, 83.49, 83.26, 83.01], [80.57, 80.58, 80.58, 80.57, 80.55, 81.51, 81.41, 81.05, 80.68, 82.86, 84.25, 82.92, 82.9, 80.99, 83.26, 83.04, 83.48, 83.63, 83.39, 83.22], [80.43, 80.44, 80.62, 80.63, 80.64, 80.6, 80.48, 81.33, 81.59, 82.56, 83.85, 83.41, 83.19, 83.48, 83.2, 82.96, 83.21, 83.32, 83.26, 83.16], [81.0, 81.0, 81.0, 80.53, 80.6, 80.77, 80.65, 80.48, 82.84, 82.56, 83.18, 83.68, 83.52, 83.6, 83.2, 82.87, 83.04, 83.12, 83.12, 83.09], [81.0, 81.0, 81.0, 81.0, 81.0, 81.0, 81.0, 81.0, 80.65, 81.71, 85.0, 83.86, 83.72, 83.71, 83.22, 82.81, 82.93, 83.0, 83.01, 83.0], [81.0, 81.0, 81.0, 81.0, 81.0, 81.0, 81.0, 81.0, 81.0, -999.0, 85.0, 82.0, 82.0, 83.81, 83.24, 82.74, 82.81, 89.12, 88.99, 88.96], [81.0, 81.0, 81.0, 81.0, 81.0, 81.0, 81.0, 81.0, 81.0, 81.0, -999.0, 82.0, 82.0, 89.18, 86.02, 87.28, 87.21, 88.32, 88.16, 88.06], [81.0, 81.0, 81.0, 81.0, 81.0, 81.0, 81.0, 81.0, 81.0, 81.0, -999.0, 93.0, 93.0, 93.0, 86.95, 88.03, 87.88, 89.01, 88.77, 88.58], [81.0, 81.0, 81.0, 81.0, 81.0, 81.0, 81.0, 86.0, 86.0, 86.0, 86.0, 88.69, 93.0, 93.0, 93.0, 88.88, 88.61, 89.65, 89.33, 89.06], [81.0, 81.0, 84.15, 84.2, 84.3, 86.0, 86.0, 86.0, 86.0, 86.0, 90.4, 89.91, 90.58, 91.15, 90.51, 91.17, 90.89, 91.38, 89.3, 89.04], [84.21, 84.24, 82.76, 82.85, 86.0, 86.0, 86.0, 86.0, 86.0, 86.0, 89.01, 89.88, 90.79, 91.63, 91.61, 91.94, 91.57, 91.28, 91.07, 90.93], [82.78, 82.84, 82.93, 83.06, 86.0, 86.0, 86.0, 86.0, 86.0, 87.78, 88.72, 89.77, 90.86, 91.55, 92.8, 92.06, 91.53, 91.19, 90.97, 90.83], [82.88, 82.96, 83.08, 86.0, 86.0, 86.0, 86.0, 86.0, 86.63, 87.36, 88.39, 89.28, 90.18, 91.08, 92.13, 91.74, 91.29, 90.99, 90.81, 90.7], [82.95, 83.03, 87.14, 87.09, 87.01, 86.91, 86.75, 86.33, 86.88, 87.55, 88.33, 89.08, 89.8, 90.34, 91.42, 91.2, 90.91, 90.71, 90.6, 90.55], [87.22, 87.19, 87.15, 86.83, 86.79, 86.73, 86.65, 86.57, 87.56, 87.89, 88.39, 88.93, 89.45, 90.98, 90.87, 90.67, 90.48, 90.38, 90.36, 90.38], [86.93, 86.92, 86.91, 86.9, 86.88, 86.86, 86.84, 86.52, 87.94, 88.14, 88.44, 88.81, 89.77, 90.63, 90.45, 90.21, 90.03, 90.03, 90.13, 90.22], [86.97, 86.97, 86.97, 86.47, 86.51, 86.55, 86.61, 86.68, 86.76, 86.8, 86.76, 87.41, 88.89, 90.38, 90.15, 89.83, 89.51, 89.69, 89.96, 90.12], [86.42, 86.44, 86.46, 86.49, 86.53, 86.6, 86.69, 86.84, 87.02, 87.1, 86.96, 87.25, 88.87, 89.01, 89.11, 89.67, 88.79, 89.72, 89.97, 90.09], [86.42, 86.44, 86.46, 86.5, 86.54, 86.62, 86.73, 86.93, 87.28, 87.58, 87.13, 87.2, 87.15, 89.02, 89.15, 89.29, 89.93, 90.27, 90.07, 90.11], [86.42, 86.43, 86.45, 86.48, 86.53, 86.59, 86.7, 86.88, 87.21, 87.48, 87.25, 87.04, 87.01, 89.02, 89.17, 88.88, 89.22, 89.37, 90.11, 90.14], [86.41, 86.42, 86.44, 86.46, 86.49, 86.53, 86.59, 86.68, 86.78, 86.76, 86.81, 86.74, 86.8, 87.9, 88.3, 88.64, 88.9, 89.02, 89.0, 88.91], [86.39, 86.4, 86.41, 86.42, 86.44, 86.45, 86.45, 86.44, 86.35, 86.34, 86.18, 86.77, 87.2, 87.64, 88.06, 88.39, 88.62, 88.75, 88.78, 88.76], [86.38, 86.38, 86.38, 86.38, 86.38, 86.37, 86.33, 86.24, 86.04, 85.8, 85.49, 86.32, 86.94, 87.42, 87.84, 88.16, 88.39, 88.52, 88.59, 88.61], [86.36, 86.36, 86.36, 86.35, 86.33, 86.3, 86.24, 86.13, 86.52, 86.05, 85.76, 86.3, 86.86, 87.3, 87.68, 87.98, 88.2, 88.34, 88.43, 88.47], [86.35, 86.34, 86.33, 86.32, 86.29, 86.25, 86.19, 86.09, 86.63, 86.4, 86.33, 86.57, 86.92, 87.27, 87.59, 87.85, 88.06, 88.2, 88.3, 88.36], [86.33, 86.32, 86.31, 86.29, 86.27, 86.23, 86.17, 86.93, 86.79, 86.68, 86.68, 86.81, 87.04, 87.3, 87.55, 87.77, 87.95, 88.09, 88.19, 88.26]]}