gis_exercise/awsData/contour/humi_2023091305.json
{"header": {"refTime": "2023-09-13T05:00:00.000Z", "nx": 21, "ny": 33, "lo1": 113.509, "la1": 22.2235, "lo2": 113.5947, "la2": 22.1034, "dx": 0.0042850000000001385, "dy": 0.003753125000000024, "parameterCategory": 0, "parameterCategoryName": "Temperature", "parameterNumber": 0}, "z": [[94.11, 94.14, 94.19, 95.51, 95.49, 93.84, 93.9, 93.94, 93.91, 94.12, 93.89, 93.66, 92.29, 92.15, 92.08, 92.05, 91.25, 91.29, 91.32, 91.35], [94.08, 94.12, 94.17, 94.23, 95.49, 95.45, 94.01, 94.15, 94.21, 94.25, 93.88, 93.52, 92.12, 91.98, 91.94, 91.19, 91.26, 91.31, 91.35, 91.37], [94.04, 94.08, 94.13, 94.2, 95.49, 95.45, 95.39, 94.32, 94.81, 94.36, 93.79, 93.26, 91.83, 91.74, 91.08, 91.19, 91.28, 91.35, 91.39, 91.41], [94.0, 94.03, 94.08, 94.15, 94.23, 95.47, 95.42, 95.34, 95.27, 94.24, 93.6, 92.8, 91.35, 91.84, 91.05, 91.22, 91.33, 91.41, 91.44, 91.45], [93.95, 93.97, 94.01, 94.07, 94.16, 95.5, 95.48, 95.46, 95.49, 94.16, 93.53, 91.76, 90.74, 91.6, 91.07, 91.28, 91.42, 91.5, 91.52, 91.5], [93.88, 93.9, 93.93, 93.97, 94.05, 94.17, 95.51, 95.53, 95.61, 95.78, 93.23, 92.27, 91.42, 90.67, 91.17, 91.39, 91.56, 91.64, 91.61, 91.56], [93.34, 93.81, 93.81, 93.84, 93.91, 94.04, 94.75, 95.48, 95.56, 95.33, 95.34, 93.12, 91.14, 91.02, 91.32, 91.5, 91.74, 91.83, 91.63, 91.5], [93.28, 93.27, 93.26, 93.28, 93.35, 94.32, 94.6, 94.92, 95.05, 95.52, 96.25, 93.54, 93.51, 90.99, 92.0, 92.0, 92.0, 92.0, 92.0, 92.0], [93.72, 93.67, 93.14, 93.1, 93.08, 93.19, 93.56, 94.72, 95.64, 95.21, 95.08, 94.34, 93.98, 94.46, 92.0, 92.0, 92.0, 92.0, 92.0, 92.0], [92.0, 92.0, 92.0, 93.4, 93.21, 92.68, 93.05, 93.56, 96.14, 96.03, 93.96, 94.8, 94.53, 94.66, 92.0, 92.0, 92.0, 92.0, 92.0, 92.0], [92.0, 92.0, 92.0, 92.0, 92.0, 92.0, 92.0, 92.0, 93.06, 95.68, 97.0, 95.09, 94.87, 94.85, 92.0, 92.0, 92.0, 92.0, 92.0, 92.0], [92.0, 92.0, 92.0, 92.0, 92.0, 92.0, 92.0, 92.0, 92.0, -999.0, 97.0, 92.0, 92.0, 95.01, 92.0, 92.0, 92.0, 95.41, 95.33, 95.31], [92.0, 92.0, 92.0, 92.0, 92.0, 92.0, 92.0, 92.0, 92.0, 92.0, -999.0, 92.0, 92.0, 95.92, 94.19, 94.18, 94.14, 94.88, 94.77, 94.71], [92.0, 92.0, 92.0, 92.0, 92.0, 92.0, 92.0, 92.0, 92.0, 92.0, -999.0, 98.0, 98.0, 98.0, 94.7, 94.68, 94.59, 95.34, 95.18, 95.06], [92.0, 92.0, 92.0, 92.0, 92.0, 92.0, 92.0, 92.0, 92.0, 92.0, 92.0, 94.31, 98.0, 98.0, 98.0, 95.25, 95.07, 95.77, 95.55, 95.37], [92.0, 92.0, 92.0, 92.0, 92.0, 92.0, 92.0, 92.0, 92.0, 92.0, 95.78, 95.35, 95.93, 96.42, 95.86, 96.53, 96.31, 96.7, 95.35, 95.16], [92.0, 92.0, 92.0, 92.0, 92.0, 92.0, 92.0, 92.0, 92.0, 92.0, 94.58, 95.32, 96.11, 96.83, 96.84, 96.96, 96.59, 96.3, 96.09, 95.95], [92.0, 92.0, 92.0, 92.0, 92.0, 92.0, 92.0, 92.0, 92.0, 93.52, 94.33, 95.23, 96.17, 96.79, 97.83, 97.07, 96.55, 96.21, 95.99, 95.85], [92.0, 92.0, 92.0, 92.0, 92.0, 92.0, 92.0, 92.0, 92.54, 93.17, 94.1, 94.86, 95.63, 96.39, 97.15, 96.76, 96.33, 96.02, 95.84, 95.73], [92.0, 92.0, 93.14, 93.09, 93.01, 92.91, 92.75, 92.33, 92.79, 93.38, 94.06, 94.71, 95.32, 95.79, 96.46, 96.24, 95.96, 95.75, 95.63, 95.57], [93.22, 93.19, 93.15, 92.83, 92.79, 92.73, 92.65, 92.57, 93.4, 93.7, 94.13, 94.59, 95.04, 96.03, 95.93, 95.74, 95.55, 95.44, 95.4, 95.4], [92.93, 92.92, 92.91, 92.9, 92.88, 92.86, 92.84, 92.69, 93.76, 93.94, 94.2, 94.51, 95.42, 95.69, 95.53, 95.32, 95.15, 95.12, 95.17, 95.24], [92.97, 92.97, 92.97, 92.73, 92.75, 92.77, 92.82, 92.88, 92.95, 92.99, 92.97, 93.41, 94.3, 95.44, 95.24, 94.99, 94.75, 94.82, 94.98, 95.11], [92.71, 92.72, 92.74, 92.76, 92.8, 92.85, 92.93, 93.05, 93.2, 93.27, 93.16, 93.5, 94.29, 94.34, 94.37, 94.82, 94.33, 94.7, 94.9, 95.04], [92.72, 92.74, 92.76, 92.79, 92.83, 92.89, 92.99, 93.16, 93.44, 93.67, 93.32, 93.46, 93.43, 94.34, 94.38, 94.43, 94.77, 94.86, 94.92, 95.02], [92.73, 92.75, 92.77, 92.79, 92.84, 92.9, 92.99, 93.14, 93.4, 93.61, 93.5, 93.36, 93.34, 94.34, 94.39, 94.14, 94.3, 94.36, 94.97, 95.04], [92.73, 92.75, 92.77, 92.79, 92.82, 92.87, 92.93, 93.01, 93.1, 93.1, 93.2, 93.16, 93.2, 93.61, 93.83, 94.01, 94.14, 94.19, 94.18, 94.14], [92.73, 92.74, 92.76, 92.78, 92.8, 92.82, 92.85, 92.85, 92.81, 92.89, 92.78, 93.03, 93.25, 93.47, 93.69, 93.87, 93.99, 94.06, 94.07, 94.06], [92.73, 92.74, 92.75, 92.76, 92.77, 92.77, 92.77, 92.73, 92.62, 92.53, 92.29, 92.76, 93.1, 93.35, 93.57, 93.74, 93.86, 93.94, 93.98, 93.99], [92.72, 92.73, 92.74, 92.74, 92.74, 92.73, 92.71, 92.65, 92.9, 92.61, 92.44, 92.75, 93.05, 93.28, 93.48, 93.65, 93.76, 93.84, 93.89, 93.91], [92.72, 92.72, 92.72, 92.72, 92.72, 92.7, 92.67, 92.62, 92.95, 92.81, 92.77, 92.89, 93.08, 93.27, 93.43, 93.58, 93.69, 93.77, 93.82, 93.85], [92.71, 92.71, 92.71, 92.71, 92.7, 92.68, 92.66, 93.12, 93.04, 92.97, 92.96, 93.03, 93.15, 93.28, 93.41, 93.53, 93.63, 93.71, 93.76, 93.8]]}