gis_exercise/awsData/contour/humi_2023090918.json
{"header": {"refTime": "2023-09-09T18:00:00.000Z", "nx": 21, "ny": 33, "lo1": 113.509, "la1": 22.2235, "lo2": 113.5947, "la2": 22.1034, "dx": 0.0042850000000001385, "dy": 0.003753125000000024, "parameterCategory": 0, "parameterCategoryName": "Temperature", "parameterNumber": 0}, "z": [[92.25, 92.33, 92.42, 94.84, 94.86, 93.04, 93.19, 93.34, 93.38, 94.76, 94.63, 94.48, 92.69, 92.57, 92.2, 92.12, 91.27, 91.27, 91.27, 91.27], [92.2, 92.27, 92.37, 92.5, 94.82, 94.85, 93.31, 93.62, 93.81, 94.79, 94.59, 94.35, 92.56, 92.43, 92.09, 91.26, 91.26, 91.26, 91.26, 91.26], [92.13, 92.19, 92.28, 92.41, 94.78, 94.8, 94.85, 93.85, 94.71, 94.84, 94.52, 94.13, 92.33, 92.24, 91.26, 91.26, 91.25, 91.25, 91.24, 91.25], [92.05, 92.1, 92.17, 92.28, 92.43, 94.72, 94.77, 94.86, 94.96, 94.85, 94.44, 93.74, 91.96, 92.81, 91.25, 91.25, 91.24, 91.23, 91.23, 91.23], [91.95, 91.98, 92.03, 92.1, 92.21, 94.6, 94.61, 94.69, 94.85, 95.03, 94.51, 92.76, 91.72, 92.56, 91.25, 91.24, 91.22, 91.2, 91.21, 91.22], [91.85, 91.86, 91.87, 91.91, 91.96, 92.04, 94.35, 94.34, 94.6, 95.21, 94.34, 93.27, 92.37, 91.33, 91.28, 91.24, 91.18, 91.16, 91.18, 91.2], [90.45, 91.72, 91.7, 91.7, 91.7, 91.72, 92.78, 93.65, 93.85, 94.89, 95.66, 94.05, 91.57, 91.51, 91.33, 91.24, 91.12, 91.08, 91.0, 91.0], [90.43, 90.42, 90.42, 90.43, 90.45, 92.43, 92.52, 92.3, 91.96, 95.22, 97.54, 94.15, 94.11, 91.5, 91.37, 91.48, 91.26, 91.18, 91.31, 91.39], [90.57, 90.56, 90.38, 90.37, 90.36, 90.4, 90.52, 92.51, 93.55, 94.62, 96.31, 95.28, 94.78, 95.44, 91.4, 91.52, 91.39, 91.34, 91.37, 91.42], [90.0, 90.0, 90.0, 90.47, 90.4, 90.23, 90.35, 90.52, 95.55, 95.1, 94.74, 95.92, 95.54, 95.72, 91.4, 91.56, 91.48, 91.44, 91.44, 91.46], [90.0, 90.0, 90.0, 90.0, 90.0, 90.0, 90.0, 90.0, 90.35, 93.73, 99.0, 96.33, 96.02, 96.0, 91.39, 91.6, 91.54, 91.5, 91.49, 91.5], [90.0, 90.0, 90.0, 90.0, 90.0, 90.0, 90.0, 90.0, 90.0, -999.0, 99.0, 92.0, 92.0, 96.21, 91.38, 91.63, 91.59, 93.84, 93.77, 93.76], [90.0, 90.0, 90.0, 90.0, 90.0, 90.0, 90.0, 90.0, 90.0, 90.0, -999.0, 92.0, 92.0, 94.61, 93.46, 92.82, 92.78, 93.4, 93.31, 93.26], [90.0, 90.0, 90.0, 90.0, 90.0, 90.0, 90.0, 90.0, 90.0, 90.0, -999.0, 96.0, 96.0, 96.0, 93.8, 93.24, 93.16, 93.78, 93.65, 93.55], [90.0, 90.0, 90.0, 90.0, 90.0, 90.0, 90.0, 91.0, 91.0, 91.0, 91.0, 92.92, 96.0, 96.0, 96.0, 93.71, 93.56, 94.14, 93.96, 93.81], [90.0, 90.0, 90.63, 90.64, 90.66, 91.0, 91.0, 91.0, 91.0, 91.0, 94.15, 93.79, 94.27, 94.68, 94.22, 94.17, 93.89, 94.38, 93.34, 93.15], [90.64, 90.65, 90.35, 90.37, 91.0, 91.0, 91.0, 91.0, 91.0, 91.0, 93.15, 93.77, 94.42, 95.02, 94.85, 94.94, 94.57, 94.28, 94.07, 93.93], [90.36, 90.37, 90.39, 90.41, 91.0, 91.0, 91.0, 91.0, 91.0, 92.27, 92.94, 93.69, 94.47, 94.81, 95.83, 95.06, 94.53, 94.19, 93.97, 93.83], [90.38, 90.39, 90.42, 91.0, 91.0, 91.0, 91.0, 91.0, 91.45, 91.97, 93.18, 93.84, 93.73, 94.41, 95.13, 94.74, 94.29, 93.99, 93.81, 93.7], [90.39, 90.41, 93.29, 93.17, 93.03, 92.81, 92.49, 91.66, 91.91, 92.56, 93.23, 93.79, 93.39, 93.78, 94.42, 94.2, 93.91, 93.71, 93.6, 93.55], [93.44, 93.38, 93.31, 92.65, 92.57, 92.45, 92.3, 92.14, 92.72, 93.02, 93.44, 93.83, 93.08, 93.98, 93.87, 93.67, 93.48, 93.38, 93.36, 93.38], [92.86, 92.85, 92.82, 92.8, 92.76, 92.72, 92.69, 92.39, 93.31, 93.48, 93.71, 93.93, 94.08, 93.63, 93.45, 93.21, 93.03, 93.03, 93.13, 93.22], [92.94, 92.94, 92.94, 92.46, 92.49, 92.55, 92.64, 92.76, 92.91, 92.99, 92.94, 92.77, 93.37, 93.38, 93.15, 92.83, 92.51, 92.69, 92.96, 93.12], [92.43, 92.45, 92.48, 92.52, 92.59, 92.69, 92.85, 93.09, 93.4, 93.54, 93.33, 93.02, 93.44, 93.14, 92.85, 92.67, 91.79, 92.72, 92.97, 93.09], [92.45, 92.48, 92.51, 92.57, 92.65, 92.78, 92.98, 93.31, 93.87, 94.35, 93.65, 93.08, 92.66, 93.2, 92.94, 92.75, 92.93, 93.27, 93.07, 93.11], [92.46, 92.49, 92.53, 92.59, 92.67, 92.79, 92.98, 93.28, 93.8, 94.22, 93.52, 92.95, 92.59, 93.27, 93.06, 92.33, 92.54, 92.65, 93.11, 93.14], [92.47, 92.49, 92.53, 92.58, 92.65, 92.74, 92.86, 93.02, 93.2, 93.2, 92.9, 92.62, 92.43, 91.97, 92.12, 92.26, 92.39, 92.45, 92.44, 92.39], [92.46, 92.49, 92.52, 92.56, 92.6, 92.65, 92.69, 92.71, 92.63, 92.38, 92.15, 92.63, 92.86, 93.05, 92.04, 92.17, 92.27, 92.33, 92.34, 92.32], [92.46, 92.48, 92.5, 92.52, 92.54, 92.55, 92.53, 92.45, 92.24, 91.77, 91.46, 92.18, 92.62, 92.9, 91.97, 92.09, 92.18, 92.23, 92.26, 92.26], [92.45, 92.46, 92.47, 92.48, 92.48, 92.47, 92.42, 92.3, 92.44, 91.97, 91.69, 92.13, 92.54, 92.81, 91.91, 92.02, 92.1, 92.16, 92.19, 92.2], [92.43, 92.44, 92.45, 92.44, 92.43, 92.41, 92.35, 92.25, 92.49, 92.26, 92.17, 92.33, 92.58, 92.79, 91.88, 91.98, 92.05, 92.1, 92.14, 92.16], [92.42, 92.42, 92.42, 92.42, 92.4, 92.37, 92.32, 92.74, 92.6, 92.48, 92.45, 92.52, 92.66, 92.81, 91.87, 91.95, 92.01, 92.06, 92.1, 92.12]]}