gis_exercise/awsData/contour/humi_2023091405.json
{"header": {"refTime": "2023-09-14T05:00:00.000Z", "nx": 21, "ny": 33, "lo1": 113.509, "la1": 22.2235, "lo2": 113.5947, "la2": 22.1034, "dx": 0.0042850000000001385, "dy": 0.003753125000000024, "parameterCategory": 0, "parameterCategoryName": "Temperature", "parameterNumber": 0}, "z": [[94.16, 94.21, 94.27, 95.62, 95.65, 93.83, 93.98, 94.12, 94.13, 94.87, 94.59, 94.3, 92.66, 92.48, 92.09, 92.0, 90.89, 90.91, 90.93, 90.94], [94.13, 94.17, 94.23, 94.32, 95.62, 95.66, 94.13, 94.46, 94.64, 95.03, 94.57, 94.14, 92.46, 92.28, 91.93, 90.86, 90.89, 90.91, 90.93, 90.94], [94.09, 94.13, 94.18, 94.26, 95.59, 95.63, 95.7, 94.73, 95.67, 95.18, 94.47, 93.82, 92.11, 91.99, 90.8, 90.85, 90.89, 90.92, 90.94, 90.95], [94.04, 94.06, 94.11, 94.17, 94.26, 95.56, 95.62, 95.73, 95.83, 95.01, 94.23, 93.27, 91.54, 92.04, 90.78, 90.86, 90.91, 90.93, 90.95, 90.96], [93.98, 93.99, 94.02, 94.06, 94.12, 95.45, 95.47, 95.54, 95.64, 94.87, 94.12, 91.95, 90.81, 91.77, 90.79, 90.88, 90.93, 90.95, 90.96, 90.97], [93.92, 93.92, 93.92, 93.94, 93.96, 93.99, 95.26, 95.24, 95.39, 95.77, 93.61, 92.52, 91.57, 90.67, 90.87, 90.93, 90.97, 90.98, 90.98, 90.98], [93.0, 93.84, 93.82, 93.81, 93.8, 93.78, 94.27, 94.75, 94.86, 95.11, 95.5, 93.45, 91.14, 91.02, 90.99, 90.99, 90.99, 91.0, 90.82, 90.75], [93.0, 93.0, 93.0, 93.0, 93.0, 94.13, 94.13, 93.9, 93.51, 95.37, 96.9, 93.84, 93.81, 90.99, 91.37, 91.48, 91.26, 91.18, 91.31, 91.39], [93.0, 93.0, 93.0, 93.0, 93.0, 93.0, 93.0, 94.1, 94.59, 94.92, 95.69, 94.81, 94.38, 94.95, 91.4, 91.52, 91.39, 91.34, 91.37, 91.42], [93.0, 93.0, 93.0, 93.0, 93.0, 93.0, 93.0, 93.0, 95.84, 95.56, 94.35, 95.36, 95.04, 95.19, 91.4, 91.56, 91.48, 91.44, 91.44, 91.46], [93.0, 93.0, 93.0, 93.0, 93.0, 93.0, 93.0, 93.0, 93.0, 94.71, 98.0, 95.71, 95.44, 95.43, 91.39, 91.6, 91.54, 91.5, 91.49, 91.5], [93.0, 93.0, 93.0, 93.0, 93.0, 93.0, 93.0, 93.0, 93.0, -999.0, 98.0, 92.0, 92.0, 95.61, 91.38, 91.63, 91.59, 94.98, 94.88, 94.86], [93.0, 93.0, 93.0, 93.0, 93.0, 93.0, 93.0, 93.0, 93.0, 93.0, -999.0, 92.0, 92.0, 95.92, 94.19, 93.55, 93.5, 94.36, 94.24, 94.16], [93.0, 93.0, 93.0, 93.0, 93.0, 93.0, 93.0, 93.0, 93.0, 93.0, -999.0, 98.0, 98.0, 98.0, 94.7, 94.13, 94.02, 94.9, 94.71, 94.57], [93.0, 93.0, 93.0, 93.0, 93.0, 93.0, 93.0, 94.0, 94.0, 94.0, 94.0, 95.54, 98.0, 98.0, 98.0, 94.8, 94.59, 95.39, 95.14, 94.93], [93.0, 93.0, 93.63, 93.64, 93.66, 94.0, 94.0, 94.0, 94.0, 94.0, 96.52, 96.23, 96.62, 96.95, 96.57, 96.9, 96.73, 97.03, 95.37, 95.18], [93.64, 93.65, 93.35, 93.37, 94.0, 94.0, 94.0, 94.0, 94.0, 94.0, 95.72, 96.22, 96.74, 97.22, 97.19, 97.39, 97.18, 97.01, 96.89, 96.81], [93.36, 93.37, 93.39, 93.41, 94.0, 94.0, 94.0, 94.0, 94.0, 95.02, 95.55, 96.15, 96.78, 97.16, 97.88, 97.46, 97.15, 96.96, 96.84, 96.76], [93.38, 93.39, 93.42, 94.0, 94.0, 94.0, 94.0, 94.0, 94.36, 94.78, 95.71, 96.23, 96.36, 96.88, 97.5, 97.28, 97.02, 96.85, 96.74, 96.69], [93.39, 93.41, 95.71, 95.63, 95.52, 95.36, 95.12, 94.49, 94.71, 95.21, 95.74, 96.19, 96.14, 96.45, 97.09, 96.96, 96.8, 96.68, 96.62, 96.59], [95.83, 95.79, 95.73, 95.24, 95.18, 95.09, 94.98, 94.86, 95.33, 95.57, 95.89, 96.2, 95.93, 96.84, 96.78, 96.66, 96.55, 96.49, 96.48, 96.5], [95.4, 95.38, 95.37, 95.35, 95.32, 95.29, 95.27, 95.04, 95.77, 95.91, 96.09, 96.27, 96.72, 96.64, 96.53, 96.39, 96.29, 96.29, 96.35, 96.41], [95.45, 95.45, 95.45, 95.09, 95.12, 95.16, 95.23, 95.32, 95.43, 95.49, 95.46, 95.59, 96.33, 96.5, 96.36, 96.17, 95.97, 96.09, 96.26, 96.35], [95.07, 95.09, 95.11, 95.14, 95.19, 95.27, 95.39, 95.57, 95.8, 95.91, 95.75, 95.76, 96.36, 96.24, 96.11, 96.08, 95.51, 96.13, 96.28, 96.34], [95.09, 95.11, 95.14, 95.18, 95.24, 95.33, 95.48, 95.73, 96.15, 96.51, 95.99, 95.77, 95.54, 96.27, 96.16, 96.09, 96.27, 96.5, 96.35, 96.36], [95.1, 95.12, 95.15, 95.19, 95.25, 95.34, 95.48, 95.71, 96.1, 96.42, 96.01, 95.65, 95.46, 96.31, 96.22, 95.74, 95.92, 96.01, 96.37, 96.38], [95.1, 95.12, 95.15, 95.19, 95.24, 95.3, 95.4, 95.52, 95.65, 95.65, 95.55, 95.39, 95.31, 95.29, 95.47, 95.64, 95.76, 95.82, 95.81, 95.77], [95.1, 95.12, 95.14, 95.17, 95.2, 95.23, 95.27, 95.28, 95.22, 95.14, 94.97, 95.33, 95.56, 95.76, 95.37, 95.52, 95.63, 95.69, 95.71, 95.69], [95.09, 95.11, 95.12, 95.14, 95.15, 95.16, 95.15, 95.09, 94.93, 94.65, 94.37, 94.97, 95.36, 95.62, 95.27, 95.42, 95.52, 95.59, 95.62, 95.62], [95.08, 95.09, 95.1, 95.11, 95.11, 95.1, 95.06, 94.98, 95.17, 94.79, 94.56, 94.94, 95.29, 95.55, 95.2, 95.33, 95.43, 95.5, 95.54, 95.56], [95.08, 95.08, 95.08, 95.08, 95.08, 95.05, 95.01, 94.94, 95.22, 95.04, 94.97, 95.11, 95.33, 95.53, 95.16, 95.28, 95.37, 95.43, 95.48, 95.5], [95.07, 95.07, 95.07, 95.06, 95.05, 95.03, 94.99, 95.43, 95.32, 95.23, 95.2, 95.28, 95.41, 95.55, 95.14, 95.24, 95.32, 95.38, 95.43, 95.46]]}