gis_exercise/awsData/contour/humi_2023090311.json
{"header": {"refTime": "2023-09-03T11:00:00.000Z", "nx": 21, "ny": 33, "lo1": 113.509, "la1": 22.2235, "lo2": 113.5947, "la2": 22.1034, "dx": 0.0042850000000001385, "dy": 0.003753125000000024, "parameterCategory": 0, "parameterCategoryName": "Temperature", "parameterNumber": 0}, "z": [[76.93, 76.91, 76.88, 77.36, 77.3, 76.06, 76.02, 75.98, 75.94, 76.07, 76.02, 75.96, 74.97, 74.91, 76.03, 76.17, 76.04, 76.16, 76.25, 76.31], [76.94, 76.92, 76.9, 76.87, 77.3, 77.2, 76.05, 76.01, 75.96, 76.06, 75.99, 75.9, 74.9, 74.84, 75.98, 75.92, 76.1, 76.25, 76.35, 76.4], [76.96, 76.94, 76.92, 76.89, 77.34, 77.23, 77.04, 76.03, 76.0, 76.06, 75.96, 75.78, 74.78, 74.74, 75.67, 75.96, 76.21, 76.39, 76.49, 76.53], [76.98, 76.97, 76.96, 76.94, 76.9, 77.32, 77.17, 76.92, 76.69, 76.12, 75.95, 75.58, 74.58, 75.22, 75.63, 76.04, 76.38, 76.6, 76.69, 76.69], [77.0, 77.0, 76.99, 76.98, 76.97, 77.45, 77.39, 77.32, 77.3, 76.31, 76.05, 75.17, 74.49, 75.05, 75.66, 76.22, 76.68, 76.93, 76.96, 76.88], [77.02, 77.02, 77.03, 77.03, 77.05, 77.07, 77.61, 77.65, 77.72, 77.85, 76.19, 75.51, 74.93, 74.33, 75.8, 76.5, 77.17, 77.45, 77.3, 77.09], [77.45, 77.04, 77.06, 77.07, 77.1, 77.16, 78.0, 77.87, 77.97, 77.87, 77.79, 76.06, 74.57, 74.51, 75.99, 76.8, 77.84, 78.23, 78.08, 77.76], [77.43, 77.42, 77.42, 77.43, 77.45, 77.85, 77.94, 78.04, 77.94, 78.02, 78.45, 76.23, 76.21, 74.5, 77.51, 77.08, 77.95, 78.27, 77.77, 77.44], [77.57, 77.56, 77.38, 77.37, 77.36, 77.4, 77.52, 77.98, 78.32, 77.79, 77.46, 76.87, 76.59, 76.97, 77.41, 76.92, 77.43, 77.64, 77.52, 77.33], [77.0, 77.0, 77.0, 77.47, 77.4, 77.23, 77.35, 77.52, 78.57, 78.51, 76.57, 77.24, 77.02, 77.13, 77.4, 76.75, 77.07, 77.24, 77.25, 77.17], [77.0, 77.0, 77.0, 77.0, 77.0, 77.0, 77.0, 77.0, 77.35, 78.34, 79.0, 77.48, 77.3, 77.28, 77.45, 76.62, 76.85, 76.99, 77.02, 77.0], [77.0, 77.0, 77.0, 77.0, 77.0, 77.0, 77.0, 77.0, 77.0, -999.0, 79.0, 75.0, 75.0, 77.41, 77.49, 76.48, 76.62, 81.84, 81.77, 81.76], [77.0, 77.0, 77.0, 77.0, 77.0, 77.0, 77.0, 77.0, 77.0, 77.0, -999.0, 75.0, 75.0, 80.88, 78.29, 80.82, 80.78, 81.4, 81.31, 81.26], [77.0, 77.0, 77.0, 77.0, 77.0, 77.0, 77.0, 77.0, 77.0, 77.0, -999.0, 84.0, 84.0, 84.0, 79.05, 81.24, 81.16, 81.78, 81.65, 81.55], [77.0, 77.0, 77.0, 77.0, 77.0, 77.0, 77.0, 77.0, 77.0, 77.0, 77.0, 79.69, 84.0, 84.0, 84.0, 81.71, 81.56, 82.14, 81.96, 81.81], [77.0, 77.0, 77.0, 77.0, 77.0, 77.0, 77.0, 77.0, 77.0, 77.0, 81.4, 80.91, 81.58, 82.15, 81.51, 83.63, 83.58, 83.68, 82.43, 82.32], [77.0, 77.0, 77.0, 77.0, 77.0, 77.0, 77.0, 77.0, 77.0, 77.0, 80.01, 80.88, 81.79, 82.63, 83.05, 83.56, 83.41, 83.28, 83.2, 83.13], [77.0, 77.0, 77.0, 77.0, 77.0, 77.0, 77.0, 77.0, 77.0, 78.78, 79.72, 80.77, 81.86, 82.98, 83.87, 83.61, 83.39, 83.25, 83.16, 83.09], [77.0, 77.0, 77.0, 77.0, 77.0, 77.0, 77.0, 77.0, 77.63, 78.36, 79.39, 80.28, 81.9, 82.68, 83.65, 83.49, 83.3, 83.18, 83.09, 83.04], [77.0, 77.0, 78.14, 78.09, 78.01, 77.91, 77.75, 77.33, 77.88, 78.55, 79.33, 80.08, 81.69, 82.25, 83.36, 83.28, 83.16, 83.07, 83.01, 82.97], [78.22, 78.19, 78.15, 77.83, 77.79, 77.73, 77.65, 77.57, 78.56, 78.89, 79.39, 79.93, 81.55, 83.18, 83.15, 83.08, 83.0, 82.95, 82.91, 82.9], [77.93, 77.92, 77.91, 77.9, 77.88, 77.86, 77.84, 77.17, 78.94, 79.14, 79.44, 79.81, 82.05, 83.05, 82.99, 82.93, 82.87, 82.83, 82.82, 82.82], [77.97, 77.97, 77.97, 76.97, 77.02, 77.09, 77.18, 77.28, 77.38, 77.42, 77.34, 79.46, 81.22, 82.94, 82.88, 82.82, 82.78, 82.73, 82.72, 82.75], [76.84, 76.87, 76.91, 76.95, 77.01, 77.1, 77.23, 77.42, 77.65, 77.75, 77.54, 78.73, 81.14, 81.53, 81.88, 82.74, 82.82, 82.57, 82.62, 82.69], [76.82, 76.84, 76.87, 76.92, 76.98, 77.07, 77.22, 77.49, 77.97, 78.39, 77.73, 78.51, 78.79, 81.48, 81.83, 82.11, 82.51, 82.37, 82.57, 82.66], [76.79, 76.81, 76.83, 76.86, 76.91, 76.99, 77.12, 77.36, 77.83, 78.22, 78.23, 78.17, 78.43, 81.41, 81.73, 81.19, 81.54, 81.61, 82.6, 82.66], [76.75, 76.76, 76.78, 76.79, 76.82, 76.86, 76.92, 77.01, 77.13, 77.07, 77.52, 77.6, 77.96, 79.46, 80.17, 80.72, 81.07, 81.21, 81.19, 81.11], [76.72, 76.72, 76.72, 76.71, 76.71, 76.7, 76.67, 76.6, 76.41, 76.64, 76.38, 76.66, 77.24, 77.81, 79.7, 80.26, 80.62, 80.82, 80.88, 80.87], [76.68, 76.67, 76.66, 76.64, 76.6, 76.55, 76.45, 76.26, 75.89, 75.64, 74.74, 75.97, 76.85, 77.51, 79.29, 79.85, 80.23, 80.46, 80.58, 80.63], [76.64, 76.62, 76.6, 76.57, 76.51, 76.43, 76.3, 76.08, 76.3, 75.58, 75.13, 75.93, 76.72, 77.33, 78.99, 79.53, 79.91, 80.17, 80.32, 80.41], [76.61, 76.58, 76.55, 76.51, 76.45, 76.36, 76.22, 76.02, 76.45, 76.09, 75.98, 76.31, 76.81, 77.29, 78.83, 79.31, 79.67, 79.92, 80.1, 80.21], [76.58, 76.55, 76.51, 76.47, 76.4, 76.31, 76.2, 76.88, 76.67, 76.5, 76.48, 76.67, 76.98, 77.33, 78.76, 79.17, 79.49, 79.74, 79.92, 80.04]]}