gis_exercise/awsData/contour/humi_2023090606.json
{"header": {"refTime": "2023-09-06T06:00:00.000Z", "nx": 21, "ny": 33, "lo1": 113.509, "la1": 22.2235, "lo2": 113.5947, "la2": 22.1034, "dx": 0.0042850000000001385, "dy": 0.003753125000000024, "parameterCategory": 0, "parameterCategoryName": "Temperature", "parameterNumber": 0}, "z": [[76.69, 76.69, 76.69, 77.22, 77.21, 77.2, 77.21, 77.22, 77.25, 77.89, 78.04, 78.17, 77.07, 77.07, 80.12, 80.38, 79.79, 79.94, 80.06, 80.13], [76.68, 76.69, 76.69, 76.7, 77.2, 77.19, 77.17, 77.17, 77.18, 77.76, 78.01, 78.21, 77.16, 77.15, 80.18, 79.66, 79.91, 80.1, 80.23, 80.29], [76.68, 76.68, 76.68, 76.69, 77.19, 77.18, 77.16, 77.12, 77.04, 77.66, 78.05, 78.31, 77.32, 77.28, 79.41, 79.76, 80.09, 80.33, 80.47, 80.51], [76.68, 76.68, 76.68, 76.67, 76.68, 77.17, 77.15, 77.14, 77.12, 77.84, 78.2, 78.47, 77.64, 77.86, 79.41, 79.9, 80.37, 80.69, 80.8, 80.78], [76.68, 76.67, 76.67, 76.66, 76.65, 77.15, 77.14, 77.16, 77.21, 78.16, 78.4, 78.03, 78.54, 77.94, 79.41, 80.14, 80.85, 81.24, 81.27, 81.1], [76.68, 76.67, 76.67, 76.65, 76.63, 76.61, 77.1, 77.1, 77.2, 77.44, 77.64, 77.71, 78.01, 77.33, 79.41, 80.51, 81.66, 82.15, 81.86, 81.45], [76.55, 76.68, 76.67, 76.66, 76.63, 76.58, 77.01, 76.9, 76.99, 76.99, 77.14, 76.99, 76.15, 76.45, 79.35, 80.88, 82.84, 83.57, 83.89, 83.51], [76.57, 76.58, 76.58, 76.57, 76.55, 77.06, 76.96, 76.69, 76.22, 77.19, 78.17, 75.54, 75.51, 76.51, 80.9, 79.71, 82.12, 82.98, 81.62, 80.7], [76.43, 76.44, 76.62, 76.63, 76.64, 76.6, 76.48, 76.9, 76.96, 76.85, 77.08, 76.34, 75.98, 76.46, 80.62, 79.27, 80.67, 81.26, 80.92, 80.4], [77.0, 77.0, 77.0, 76.53, 76.6, 76.77, 76.65, 76.48, 77.71, 77.54, 75.96, 76.8, 76.53, 76.66, 80.61, 78.81, 79.7, 80.17, 80.19, 79.97], [77.0, 77.0, 77.0, 77.0, 77.0, 77.0, 77.0, 77.0, 76.65, 77.03, 79.0, 77.09, 76.87, 76.85, 80.73, 78.45, 79.1, 79.47, 79.57, 79.49], [77.0, 77.0, 77.0, 77.0, 77.0, 77.0, 77.0, 77.0, 77.0, -999.0, 79.0, 74.0, 74.0, 77.01, 80.84, 78.07, 78.46, 85.0, 85.0, 85.0], [77.0, 77.0, 77.0, 77.0, 77.0, 77.0, 77.0, 77.0, 77.0, 77.0, -999.0, 74.0, 74.0, 81.18, 78.02, 85.0, 85.0, 85.0, 85.0, 85.0], [77.0, 77.0, 77.0, 77.0, 77.0, 77.0, 77.0, 77.0, 77.0, 77.0, -999.0, 85.0, 85.0, 85.0, 78.95, 85.0, 85.0, 85.0, 85.0, 85.0], [77.0, 77.0, 77.0, 77.0, 77.0, 77.0, 77.0, 93.0, 93.0, 93.0, 93.0, 89.93, 85.0, 85.0, 85.0, 85.0, 85.0, 85.0, 85.0, 85.0], [77.0, 77.0, 87.07, 87.25, 87.56, 93.0, 93.0, 93.0, 93.0, 93.0, 87.97, 88.54, 87.76, 87.11, 87.85, 84.27, 84.16, 84.35, 84.45, 84.42], [87.27, 87.37, 82.64, 82.91, 93.0, 93.0, 93.0, 93.0, 93.0, 93.0, 89.56, 88.57, 87.52, 86.56, 85.73, 86.52, 87.06, 87.5, 87.83, 88.08], [82.71, 82.9, 83.19, 83.6, 93.0, 93.0, 93.0, 93.0, 93.0, 90.97, 89.89, 88.69, 87.44, 85.83, 85.1, 86.33, 87.09, 87.6, 87.96, 88.21], [83.02, 83.28, 83.64, 93.0, 93.0, 93.0, 93.0, 93.0, 92.28, 91.44, 91.07, 90.09, 86.83, 86.03, 86.21, 86.74, 87.37, 87.84, 88.16, 88.39], [83.25, 83.51, 94.14, 94.09, 94.01, 93.91, 93.75, 93.33, 92.47, 91.97, 91.28, 90.46, 86.94, 86.28, 87.14, 87.42, 87.82, 88.17, 88.44, 88.63], [94.22, 94.19, 94.15, 93.83, 93.79, 93.73, 93.65, 93.57, 92.23, 91.96, 91.49, 90.88, 86.94, 87.75, 87.81, 87.99, 88.24, 88.51, 88.75, 88.91], [93.93, 93.92, 93.91, 93.9, 93.88, 93.86, 93.84, 93.52, 92.32, 92.16, 91.82, 91.33, 87.62, 88.2, 88.26, 88.34, 88.45, 88.78, 89.1, 89.23], [93.97, 93.97, 93.97, 93.47, 93.51, 93.55, 93.61, 93.68, 93.76, 93.8, 93.76, 91.25, 91.89, 88.55, 88.59, 88.45, 88.09, 88.93, 89.59, 89.63], [93.42, 93.44, 93.46, 93.49, 93.53, 93.6, 93.69, 93.84, 94.02, 94.1, 93.96, 91.3, 92.05, 91.43, 90.78, 88.76, 86.22, 90.37, 90.45, 90.08], [93.42, 93.44, 93.46, 93.5, 93.54, 93.62, 93.73, 93.93, 94.28, 94.58, 94.13, 91.64, 90.52, 91.63, 91.14, 90.82, 91.33, 93.29, 91.15, 90.39], [93.42, 93.43, 93.45, 93.48, 93.53, 93.59, 93.7, 93.88, 94.21, 94.48, 92.8, 91.73, 90.75, 91.85, 91.51, 91.02, 91.66, 92.1, 90.96, 90.43], [93.41, 93.42, 93.44, 93.46, 93.49, 93.53, 93.59, 93.68, 93.78, 93.76, 92.27, 91.64, 90.89, 91.07, 91.05, 91.17, 91.41, 91.58, 91.52, 91.37], [93.39, 93.4, 93.41, 93.42, 93.44, 93.45, 93.45, 93.44, 93.35, 92.12, 91.92, 93.77, 94.2, 94.64, 91.16, 91.21, 91.31, 91.38, 91.37, 91.3], [93.38, 93.38, 93.38, 93.38, 93.38, 93.37, 93.33, 93.24, 93.04, 91.91, 92.49, 93.32, 93.94, 94.42, 91.23, 91.23, 91.26, 91.29, 91.28, 91.25], [93.36, 93.36, 93.36, 93.35, 93.33, 93.3, 93.24, 93.13, 93.52, 93.05, 92.76, 93.3, 93.86, 94.3, 91.27, 91.24, 91.24, 91.24, 91.24, 91.22], [93.35, 93.34, 93.33, 93.32, 93.29, 93.25, 93.19, 93.09, 93.63, 93.4, 93.33, 93.57, 93.92, 94.27, 91.29, 91.25, 91.23, 91.22, 91.21, 91.2], [93.33, 93.32, 93.31, 93.29, 93.27, 93.23, 93.17, 93.93, 93.79, 93.68, 93.68, 93.81, 94.04, 94.3, 91.29, 91.25, 91.23, 91.21, 91.2, 91.18]]}