gis_exercise/awsData/contour/humi_2023090611.json
{"header": {"refTime": "2023-09-06T11:00:00.000Z", "nx": 21, "ny": 33, "lo1": 113.509, "la1": 22.2235, "lo2": 113.5947, "la2": 22.1034, "dx": 0.0042850000000001385, "dy": 0.003753125000000024, "parameterCategory": 0, "parameterCategoryName": "Temperature", "parameterNumber": 0}, "z": [[73.27, 73.35, 73.46, 74.6, 74.67, 74.06, 74.2, 74.33, 74.35, 74.35, 74.05, 73.75, 72.33, 72.13, 74.51, 74.66, 72.95, 73.12, 73.25, 73.33], [73.21, 73.29, 73.4, 73.55, 74.65, 74.77, 74.33, 74.63, 74.79, 74.59, 74.07, 73.64, 72.19, 71.98, 74.38, 72.79, 73.06, 73.27, 73.42, 73.49], [73.13, 73.21, 73.31, 73.46, 74.61, 74.72, 74.92, 74.86, 75.71, 74.79, 73.98, 73.39, 71.93, 71.76, 72.46, 72.87, 73.23, 73.5, 73.65, 73.7], [73.04, 73.1, 73.19, 73.32, 73.5, 74.61, 74.77, 75.04, 75.29, 74.47, 73.68, 72.95, 71.56, 71.13, 72.43, 73.01, 73.52, 73.85, 73.98, 73.97], [72.93, 72.97, 73.03, 73.13, 73.28, 74.45, 74.51, 74.61, 74.66, 73.99, 73.37, 71.2, 71.05, 71.08, 72.45, 73.27, 74.0, 74.4, 74.44, 74.29], [72.8, 72.82, 72.85, 72.91, 73.01, 73.15, 74.23, 74.19, 74.18, 74.2, 71.61, 71.24, 71.04, 70.33, 72.56, 73.69, 74.81, 75.29, 75.02, 74.63], [71.34, 72.65, 72.64, 72.65, 72.71, 72.82, 72.5, 73.8, 73.74, 72.68, 72.53, 71.19, 69.86, 69.98, 72.67, 74.11, 75.96, 76.65, 76.71, 76.27], [71.28, 71.27, 71.26, 71.28, 71.35, 72.09, 72.38, 72.74, 72.88, 72.85, 73.33, 70.54, 70.51, 70.01, 74.65, 73.67, 75.64, 76.35, 75.23, 74.48], [71.72, 71.67, 71.14, 71.1, 71.08, 71.19, 71.56, 72.5, 73.32, 72.57, 72.08, 71.34, 70.98, 71.46, 74.42, 73.31, 74.46, 74.94, 74.66, 74.23], [70.0, 70.0, 70.0, 71.4, 71.21, 70.68, 71.05, 71.56, 73.57, 73.51, 70.96, 71.8, 71.53, 71.66, 74.41, 72.93, 73.66, 74.05, 74.06, 73.89], [70.0, 70.0, 70.0, 70.0, 70.0, 70.0, 70.0, 70.0, 71.06, 73.34, 74.0, 72.09, 71.87, 71.85, 74.5, 72.64, 73.17, 73.48, 73.55, 73.49], [70.0, 70.0, 70.0, 70.0, 70.0, 70.0, 70.0, 70.0, 70.0, -999.0, 74.0, 69.0, 69.0, 72.01, 74.6, 72.33, 72.65, 75.73, 75.78, 75.8], [70.0, 70.0, 70.0, 70.0, 70.0, 70.0, 70.0, 70.0, 70.0, 70.0, -999.0, 69.0, 69.0, 72.26, 70.83, 76.54, 76.57, 76.08, 76.15, 76.19], [70.0, 70.0, 70.0, 70.0, 70.0, 70.0, 70.0, 70.0, 70.0, 70.0, -999.0, 74.0, 74.0, 74.0, 71.25, 76.21, 76.27, 75.77, 75.88, 75.96], [70.0, 70.0, 70.0, 70.0, 70.0, 70.0, 70.0, 69.0, 69.0, 69.0, 69.0, 70.92, 74.0, 74.0, 74.0, 75.83, 75.95, 75.49, 75.63, 75.75], [70.0, 70.0, 69.37, 69.36, 69.34, 69.0, 69.0, 69.0, 69.0, 69.0, 72.15, 71.79, 72.27, 72.68, 72.22, 75.83, 76.11, 75.62, 76.4, 76.57], [69.36, 69.35, 69.65, 69.63, 69.0, 69.0, 69.0, 69.0, 69.0, 69.0, 71.15, 71.77, 72.42, 73.02, 73.96, 75.48, 76.01, 76.42, 76.71, 76.92], [69.64, 69.63, 69.61, 69.59, 69.0, 69.0, 69.0, 69.0, 69.0, 70.27, 70.94, 71.69, 72.47, 73.88, 74.0, 75.31, 76.06, 76.54, 76.85, 77.05], [69.62, 69.61, 69.58, 69.0, 69.0, 69.0, 69.0, 69.0, 69.45, 69.97, 71.93, 72.61, 73.53, 73.92, 75.21, 75.75, 76.37, 76.8, 77.07, 77.23], [69.61, 69.59, 73.57, 73.35, 73.06, 72.63, 71.98, 70.32, 70.36, 71.25, 72.12, 72.71, 73.62, 74.06, 76.18, 76.49, 76.88, 77.18, 77.36, 77.46], [73.88, 73.76, 73.61, 72.31, 72.14, 71.91, 71.6, 71.28, 71.66, 72.07, 72.58, 72.97, 73.82, 76.79, 76.92, 77.18, 77.44, 77.62, 77.69, 77.7], [72.73, 72.69, 72.65, 72.59, 72.53, 72.45, 72.37, 72.99, 72.74, 72.98, 73.21, 73.36, 76.57, 77.27, 77.48, 77.75, 77.98, 78.06, 78.02, 77.94], [72.87, 72.87, 72.88, 73.68, 73.67, 73.69, 73.76, 73.91, 74.14, 74.32, 74.36, 75.17, 78.26, 77.61, 77.87, 78.19, 78.46, 78.45, 78.3, 78.14], [73.88, 73.89, 73.91, 73.94, 74.01, 74.13, 74.34, 74.66, 75.08, 75.3, 75.11, 77.24, 78.21, 78.43, 78.63, 78.44, 78.84, 78.73, 78.48, 78.27], [74.0, 74.04, 74.09, 74.17, 74.29, 74.47, 74.75, 75.17, 75.83, 76.35, 75.69, 77.16, 77.32, 78.41, 78.6, 78.77, 78.72, 78.77, 78.52, 78.32], [74.12, 74.17, 74.25, 74.35, 74.5, 74.7, 74.98, 75.38, 75.94, 76.35, 76.99, 77.06, 77.21, 78.37, 78.56, 78.54, 78.68, 78.72, 78.44, 78.29], [74.22, 74.29, 74.38, 74.49, 74.64, 74.84, 75.08, 75.38, 75.67, 75.79, 76.86, 76.93, 77.08, 77.93, 78.18, 78.38, 78.51, 78.56, 78.56, 78.52], [74.3, 74.38, 74.47, 74.59, 74.74, 74.92, 75.12, 75.34, 75.53, 76.65, 76.6, 76.74, 76.95, 77.17, 78.02, 78.22, 78.35, 78.42, 78.44, 78.44], [74.37, 74.45, 74.54, 74.66, 74.79, 74.95, 75.13, 75.31, 75.5, 76.42, 76.2, 76.56, 76.84, 77.07, 77.87, 78.07, 78.21, 78.29, 78.33, 78.35], [74.42, 74.5, 74.59, 74.7, 74.82, 74.96, 75.12, 75.28, 76.63, 76.43, 76.32, 76.56, 76.81, 77.02, 77.77, 77.96, 78.09, 78.18, 78.24, 78.27], [74.46, 74.53, 74.62, 74.72, 74.83, 74.96, 75.09, 75.22, 76.68, 76.59, 76.57, 76.67, 76.84, 77.01, 77.71, 77.88, 78.01, 78.1, 78.16, 78.2], [74.49, 74.56, 74.64, 74.73, 74.83, 74.93, 75.04, 76.81, 76.76, 76.71, 76.72, 76.78, 76.89, 77.02, 77.68, 77.83, 77.94, 78.03, 78.09, 78.14]]}