gis_exercise/awsData/contour/humi_2023090316.json
{"header": {"refTime": "2023-09-03T16:00:00.000Z", "nx": 21, "ny": 33, "lo1": 113.509, "la1": 22.2235, "lo2": 113.5947, "la2": 22.1034, "dx": 0.0042850000000001385, "dy": 0.003753125000000024, "parameterCategory": 0, "parameterCategoryName": "Temperature", "parameterNumber": 0}, "z": [[66.64, 66.65, 66.65, 68.69, 68.56, 66.78, 66.69, 66.61, 66.56, 67.35, 67.49, 67.59, 66.24, 66.26, 68.29, 68.58, 69.11, 69.3, 69.44, 69.53], [66.64, 66.65, 66.66, 66.66, 68.56, 68.36, 66.67, 66.52, 66.42, 67.15, 67.41, 67.55, 66.23, 66.25, 68.3, 68.91, 69.21, 69.45, 69.6, 69.69], [66.64, 66.65, 66.66, 66.67, 68.62, 68.41, 68.05, 66.46, 66.11, 67.01, 67.43, 67.52, 66.23, 66.24, 68.52, 68.97, 69.38, 69.67, 69.84, 69.9], [66.63, 66.65, 66.67, 66.69, 66.71, 68.57, 68.29, 67.81, 67.38, 67.35, 67.61, 67.48, 66.2, 67.61, 68.46, 69.12, 69.66, 70.02, 70.16, 70.16], [66.62, 66.64, 66.67, 66.71, 66.76, 68.8, 68.68, 68.56, 68.57, 68.05, 68.02, 67.56, 66.64, 67.39, 68.5, 69.4, 70.15, 70.56, 70.61, 70.48], [66.6, 66.61, 66.64, 66.7, 66.78, 66.91, 69.06, 69.13, 69.34, 69.75, 68.96, 68.02, 67.23, 66.33, 68.71, 69.86, 70.96, 71.42, 71.18, 70.81], [66.79, 66.57, 66.6, 66.65, 66.75, 66.94, 69.01, 69.39, 69.65, 70.45, 70.69, 68.72, 66.57, 66.51, 68.99, 70.33, 72.08, 72.72, 72.53, 72.02], [66.71, 66.69, 66.68, 66.7, 66.79, 68.39, 68.77, 69.14, 69.34, 70.7, 71.98, 68.84, 68.81, 66.5, 71.39, 70.64, 72.16, 72.72, 71.85, 71.26], [67.29, 67.23, 66.52, 66.46, 66.44, 66.59, 67.08, 68.92, 70.27, 70.28, 70.69, 69.81, 69.38, 69.95, 71.21, 70.35, 71.25, 71.62, 71.4, 71.07], [65.0, 65.0, 65.0, 66.87, 66.61, 65.91, 66.39, 67.08, 71.27, 71.05, 69.35, 70.36, 70.04, 70.19, 71.21, 70.06, 70.62, 70.92, 70.94, 70.8], [65.0, 65.0, 65.0, 65.0, 65.0, 65.0, 65.0, 65.0, 66.42, 70.37, 73.0, 70.71, 70.44, 70.43, 71.28, 69.83, 70.24, 70.48, 70.54, 70.5], [65.0, 65.0, 65.0, 65.0, 65.0, 65.0, 65.0, 65.0, 65.0, -999.0, 73.0, 67.0, 67.0, 70.61, 71.35, 69.59, 69.84, 74.0, 74.0, 74.0], [65.0, 65.0, 65.0, 65.0, 65.0, 65.0, 65.0, 65.0, 65.0, 65.0, -999.0, 67.0, 67.0, 71.57, 69.56, 74.0, 74.0, 74.0, 74.0, 74.0], [65.0, 65.0, 65.0, 65.0, 65.0, 65.0, 65.0, 65.0, 65.0, 65.0, -999.0, 74.0, 74.0, 74.0, 70.15, 74.0, 74.0, 74.0, 74.0, 74.0], [65.0, 65.0, 65.0, 65.0, 65.0, 65.0, 65.0, 67.0, 67.0, 67.0, 67.0, 69.69, 74.0, 74.0, 74.0, 74.0, 74.0, 74.0, 74.0, 74.0], [65.0, 65.0, 66.26, 66.28, 66.32, 67.0, 67.0, 67.0, 67.0, 67.0, 71.4, 70.91, 71.58, 72.15, 71.51, 74.37, 74.42, 74.32, 74.27, 74.29], [66.28, 66.3, 65.71, 65.74, 67.0, 67.0, 67.0, 67.0, 67.0, 67.0, 70.01, 70.88, 71.79, 72.63, 73.28, 74.16, 74.21, 74.25, 74.28, 74.3], [65.71, 65.74, 65.77, 65.83, 67.0, 67.0, 67.0, 67.0, 67.0, 68.78, 69.72, 70.77, 71.86, 73.19, 73.9, 74.14, 74.22, 74.27, 74.3, 74.32], [65.75, 65.79, 65.83, 67.0, 67.0, 67.0, 67.0, 67.0, 67.63, 68.36, 69.76, 70.66, 72.26, 72.98, 74.13, 74.19, 74.25, 74.3, 74.32, 74.33], [65.78, 65.81, 69.29, 69.17, 69.03, 68.81, 68.49, 67.66, 68.1, 68.9, 69.78, 70.54, 72.13, 72.71, 74.24, 74.27, 74.31, 74.34, 74.35, 74.36], [69.44, 69.38, 69.31, 68.65, 68.57, 68.45, 68.3, 68.14, 69.03, 69.41, 69.96, 70.5, 72.1, 74.3, 74.32, 74.35, 74.38, 74.39, 74.39, 74.38], [68.86, 68.85, 68.82, 68.8, 68.76, 68.72, 68.69, 69.08, 69.65, 69.88, 70.19, 70.52, 73.34, 74.35, 74.39, 74.43, 74.46, 74.45, 74.42, 74.4], [68.94, 68.94, 68.94, 69.47, 69.46, 69.46, 69.49, 69.56, 69.66, 69.76, 69.79, 70.88, 73.22, 74.39, 74.43, 74.5, 74.57, 74.51, 74.44, 74.41], [69.58, 69.59, 69.59, 69.61, 69.64, 69.69, 69.79, 69.94, 70.13, 70.24, 70.16, 71.98, 73.14, 73.53, 73.88, 74.52, 74.76, 74.46, 74.41, 74.4], [69.65, 69.67, 69.69, 69.73, 69.79, 69.87, 70.0, 70.2, 70.49, 70.72, 70.44, 71.85, 72.21, 73.48, 73.83, 74.11, 74.4, 74.27, 74.37, 74.39], [69.72, 69.74, 69.78, 69.83, 69.9, 70.0, 70.14, 70.32, 70.56, 70.74, 71.48, 71.77, 72.09, 73.41, 73.73, 73.95, 74.06, 74.08, 74.37, 74.38], [69.77, 69.81, 69.85, 69.91, 69.99, 70.09, 70.21, 70.35, 70.5, 70.57, 71.51, 71.7, 71.97, 73.25, 73.54, 73.75, 73.88, 73.93, 73.93, 73.9], [69.82, 69.86, 69.91, 69.97, 70.05, 70.15, 70.26, 70.38, 70.5, 71.4, 71.42, 71.44, 71.64, 71.88, 73.34, 73.56, 73.71, 73.78, 73.81, 73.81], [69.86, 69.9, 69.95, 70.02, 70.09, 70.18, 70.28, 70.4, 70.54, 71.3, 71.12, 71.35, 71.58, 71.8, 73.17, 73.4, 73.55, 73.65, 73.69, 73.71], [69.89, 69.93, 69.98, 70.05, 70.12, 70.2, 70.29, 70.4, 71.35, 71.25, 71.2, 71.36, 71.56, 71.76, 73.05, 73.27, 73.42, 73.53, 73.59, 73.62], [69.91, 69.96, 70.01, 70.06, 70.13, 70.2, 70.29, 70.38, 71.41, 71.36, 71.36, 71.45, 71.59, 71.74, 72.98, 73.18, 73.32, 73.43, 73.5, 73.54], [69.93, 69.97, 70.02, 70.07, 70.13, 70.2, 70.27, 71.5, 71.47, 71.46, 71.48, 71.54, 71.64, 71.75, 72.95, 73.12, 73.25, 73.35, 73.43, 73.48]]}