gis_exercise/awsData/contour/humi_2023090508.json
{"header": {"refTime": "2023-09-05T08:00:00.000Z", "nx": 21, "ny": 33, "lo1": 113.509, "la1": 22.2235, "lo2": 113.5947, "la2": 22.1034, "dx": 0.0042850000000001385, "dy": 0.003753125000000024, "parameterCategory": 0, "parameterCategoryName": "Temperature", "parameterNumber": 0}, "z": [[66.79, 66.83, 66.88, 67.7, 67.72, 65.89, 66.01, 66.11, 66.07, 65.98, 65.55, 65.13, 63.62, 63.39, 63.26, 63.21, 61.87, 61.94, 61.99, 62.02], [66.76, 66.8, 66.86, 66.93, 67.71, 67.74, 66.19, 66.46, 66.6, 66.27, 65.56, 64.93, 63.35, 63.12, 63.05, 61.78, 61.89, 61.97, 62.02, 62.06], [66.73, 66.76, 66.82, 66.88, 67.7, 67.72, 67.77, 66.76, 67.67, 66.52, 65.41, 64.52, 62.89, 62.73, 61.62, 61.79, 61.93, 62.02, 62.08, 62.11], [66.68, 66.71, 66.76, 66.82, 66.91, 67.7, 67.73, 67.79, 67.85, 66.17, 65.03, 63.8, 62.12, 62.26, 61.58, 61.82, 62.0, 62.11, 62.16, 62.18], [66.62, 66.65, 66.68, 66.74, 66.81, 67.65, 67.66, 67.69, 67.72, 65.72, 64.72, 62.15, 60.91, 61.98, 61.6, 61.92, 62.14, 62.25, 62.27, 62.26], [66.56, 66.57, 66.59, 66.63, 66.69, 66.77, 67.58, 67.57, 67.6, 67.66, 63.88, 62.78, 61.77, 61.0, 61.76, 62.08, 62.34, 62.45, 62.41, 62.34], [65.89, 66.49, 66.48, 66.5, 66.54, 66.62, 66.75, 67.42, 67.43, 66.68, 66.53, 63.85, 61.71, 61.53, 61.98, 62.25, 62.61, 62.74, 62.45, 62.26], [65.86, 65.85, 65.84, 65.85, 65.9, 66.47, 66.66, 66.89, 66.88, 66.85, 67.33, 64.54, 64.51, 61.49, 63.0, 63.0, 63.0, 63.0, 63.0, 63.0], [66.15, 66.12, 65.76, 65.73, 65.72, 65.8, 66.04, 66.74, 67.32, 66.57, 66.08, 65.34, 64.98, 65.46, 63.0, 63.0, 63.0, 63.0, 63.0, 63.0], [65.0, 65.0, 65.0, 65.94, 65.8, 65.45, 65.7, 66.04, 67.57, 67.51, 64.96, 65.8, 65.53, 65.66, 63.0, 63.0, 63.0, 63.0, 63.0, 63.0], [65.0, 65.0, 65.0, 65.0, 65.0, 65.0, 65.0, 65.0, 65.71, 67.34, 68.0, 66.09, 65.87, 65.85, 63.0, 63.0, 63.0, 63.0, 63.0, 63.0], [65.0, 65.0, 65.0, 65.0, 65.0, 65.0, 65.0, 65.0, 65.0, -999.0, 68.0, 63.0, 63.0, 66.01, 63.0, 63.0, 63.0, 68.68, 68.55, 68.51], [65.0, 65.0, 65.0, 65.0, 65.0, 65.0, 65.0, 65.0, 65.0, 65.0, -999.0, 63.0, 63.0, 69.53, 66.66, 66.64, 66.57, 67.8, 67.62, 67.51], [65.0, 65.0, 65.0, 65.0, 65.0, 65.0, 65.0, 65.0, 65.0, 65.0, -999.0, 73.0, 73.0, 73.0, 67.5, 67.47, 67.31, 68.57, 68.3, 68.09], [65.0, 65.0, 65.0, 65.0, 65.0, 65.0, 65.0, 67.0, 67.0, 67.0, 67.0, 69.31, 73.0, 73.0, 73.0, 68.42, 68.12, 69.28, 68.92, 68.62], [65.0, 65.0, 66.26, 66.28, 66.32, 67.0, 67.0, 67.0, 67.0, 67.0, 70.78, 70.35, 70.93, 71.42, 70.86, 70.07, 69.62, 70.4, 68.23, 67.88], [66.28, 66.3, 65.71, 65.74, 67.0, 67.0, 67.0, 67.0, 67.0, 67.0, 69.58, 70.32, 71.11, 71.83, 71.39, 71.9, 71.51, 71.21, 71.01, 70.87], [65.71, 65.74, 65.77, 65.83, 67.0, 67.0, 67.0, 67.0, 67.0, 68.52, 69.33, 70.23, 71.17, 71.36, 72.76, 72.01, 71.46, 71.11, 70.9, 70.77], [65.75, 65.79, 65.83, 67.0, 67.0, 67.0, 67.0, 67.0, 67.54, 68.17, 68.73, 69.48, 69.91, 70.79, 72.08, 71.67, 71.2, 70.9, 70.72, 70.64], [65.78, 65.81, 67.0, 67.0, 67.0, 67.0, 67.0, 67.0, 67.56, 68.03, 68.62, 69.25, 69.43, 69.88, 71.32, 71.07, 70.77, 70.58, 70.49, 70.48], [67.0, 67.0, 67.0, 67.0, 67.0, 67.0, 67.0, 67.0, 67.93, 68.17, 68.56, 69.02, 68.94, 70.86, 70.71, 70.47, 70.26, 70.19, 70.23, 70.31], [67.0, 67.0, 67.0, 67.0, 67.0, 67.0, 67.0, 67.35, 68.05, 68.19, 68.45, 68.79, 68.49, 70.47, 70.22, 69.9, 69.66, 69.75, 70.0, 70.18], [67.0, 67.0, 67.0, 67.51, 67.48, 67.45, 67.43, 67.4, 67.38, 67.39, 67.42, 66.47, 68.41, 70.21, 69.89, 69.37, 68.78, 69.3, 69.91, 70.15], [67.58, 67.57, 67.56, 67.54, 67.52, 67.5, 67.47, 67.42, 67.37, 67.35, 67.42, 67.01, 68.39, 68.59, 68.69, 69.23, 67.14, 69.79, 70.18, 70.24], [67.6, 67.6, 67.59, 67.58, 67.57, 67.55, 67.51, 67.44, 67.31, 67.19, 67.4, 67.11, 66.96, 68.64, 68.85, 69.09, 70.38, 71.49, 70.55, 70.36], [67.63, 67.63, 67.62, 67.62, 67.62, 67.6, 67.58, 67.52, 67.38, 67.26, 67.26, 67.26, 67.12, 68.68, 68.96, 69.6, 70.05, 70.33, 70.54, 70.42], [67.65, 67.66, 67.66, 67.67, 67.67, 67.68, 67.68, 67.67, 67.65, 67.68, 67.54, 67.49, 67.32, 69.34, 69.45, 69.61, 69.82, 69.94, 69.9, 69.8], [67.68, 67.69, 67.7, 67.71, 67.73, 67.75, 67.78, 67.84, 67.94, 67.9, 68.01, 69.14, 69.46, 69.87, 69.44, 69.56, 69.68, 69.75, 69.76, 69.72], [67.7, 67.71, 67.73, 67.75, 67.78, 67.82, 67.88, 67.97, 68.15, 68.32, 69.02, 69.17, 69.44, 69.78, 69.41, 69.5, 69.59, 69.64, 69.66, 69.65], [67.72, 67.74, 67.76, 67.78, 67.82, 67.87, 67.94, 68.05, 69.05, 69.06, 69.08, 69.22, 69.46, 69.73, 69.39, 69.46, 69.52, 69.57, 69.59, 69.59], [67.74, 67.76, 67.78, 67.81, 67.85, 67.9, 67.97, 68.07, 69.14, 69.16, 69.2, 69.32, 69.5, 69.72, 69.37, 69.43, 69.48, 69.51, 69.54, 69.54], [67.76, 67.77, 67.8, 67.83, 67.87, 67.91, 67.97, 69.22, 69.23, 69.25, 69.31, 69.41, 69.55, 69.73, 69.36, 69.4, 69.44, 69.48, 69.5, 69.51]]}