gis_exercise/awsData/contour/humi_2023083112.json
{"header": {"refTime": "2023-08-31T12:00:00.000Z", "nx": 21, "ny": 33, "lo1": 113.509, "la1": 22.2235, "lo2": 113.5947, "la2": 22.1034, "dx": 0.0042850000000001385, "dy": 0.003753125000000024, "parameterCategory": 0, "parameterCategoryName": "Temperature", "parameterNumber": 0}, "z": [[62.4, 62.43, 62.46, 63.26, 63.25, 61.61, 61.68, 61.73, 61.69, 61.68, 61.38, 61.08, 59.66, 59.48, 59.09, 59.0, 57.89, 57.91, 57.93, 57.94], [62.39, 62.41, 62.45, 62.49, 63.24, 63.22, 61.81, 61.98, 62.05, 61.87, 61.37, 60.92, 59.46, 59.28, 58.93, 57.86, 57.89, 57.91, 57.93, 57.94], [62.36, 62.39, 62.42, 62.47, 63.25, 63.23, 63.19, 62.18, 62.78, 62.03, 61.26, 60.61, 59.11, 58.99, 57.8, 57.85, 57.89, 57.92, 57.94, 57.95], [62.33, 62.36, 62.39, 62.43, 62.49, 63.24, 63.21, 63.17, 63.13, 61.82, 61.0, 60.06, 58.54, 58.84, 57.78, 57.86, 57.91, 57.93, 57.95, 57.96], [62.3, 62.32, 62.34, 62.38, 62.44, 63.25, 63.24, 63.23, 63.25, 61.58, 60.83, 58.76, 57.74, 58.6, 57.79, 57.88, 57.93, 57.95, 57.96, 57.97], [62.26, 62.27, 62.28, 62.32, 62.37, 62.45, 63.26, 63.26, 63.3, 63.39, 60.23, 59.27, 58.42, 57.67, 57.87, 57.93, 57.97, 57.98, 57.98, 57.98], [61.89, 62.21, 62.21, 62.23, 62.27, 62.36, 62.75, 63.24, 63.28, 62.68, 62.53, 60.12, 58.14, 58.02, 57.99, 57.99, 57.99, 58.0, 57.82, 57.75], [61.86, 61.85, 61.84, 61.85, 61.9, 62.47, 62.66, 62.89, 62.88, 62.85, 63.33, 60.54, 60.51, 57.99, 58.37, 58.48, 58.26, 58.18, 58.31, 58.39], [62.15, 62.12, 61.76, 61.73, 61.72, 61.8, 62.04, 62.74, 63.32, 62.57, 62.08, 61.34, 60.98, 61.46, 58.4, 58.52, 58.39, 58.34, 58.37, 58.42], [61.0, 61.0, 61.0, 61.94, 61.8, 61.45, 61.7, 62.04, 63.57, 63.51, 60.96, 61.8, 61.53, 61.66, 58.4, 58.56, 58.48, 58.44, 58.44, 58.46], [61.0, 61.0, 61.0, 61.0, 61.0, 61.0, 61.0, 61.0, 61.71, 63.34, 64.0, 62.09, 61.87, 61.85, 58.39, 58.6, 58.54, 58.5, 58.49, 58.5], [61.0, 61.0, 61.0, 61.0, 61.0, 61.0, 61.0, 61.0, 61.0, -999.0, 64.0, 59.0, 59.0, 62.01, 58.38, 58.63, 58.59, 67.09, 66.88, 66.82], [61.0, 61.0, 61.0, 61.0, 61.0, 61.0, 61.0, 61.0, 61.0, 61.0, -999.0, 59.0, 59.0, 68.79, 64.48, 63.82, 63.71, 65.68, 65.4, 65.22], [61.0, 61.0, 61.0, 61.0, 61.0, 61.0, 61.0, 61.0, 61.0, 61.0, -999.0, 74.0, 74.0, 74.0, 65.75, 65.16, 64.9, 66.91, 66.48, 66.15], [61.0, 61.0, 61.0, 61.0, 61.0, 61.0, 61.0, 65.0, 65.0, 65.0, 65.0, 68.46, 74.0, 74.0, 74.0, 66.68, 66.19, 68.04, 67.47, 66.99], [61.0, 61.0, 63.52, 63.56, 63.64, 65.0, 65.0, 65.0, 65.0, 65.0, 70.66, 70.02, 70.89, 71.63, 70.79, 71.8, 71.47, 72.05, 68.22, 67.8], [63.57, 63.59, 62.41, 62.48, 65.0, 65.0, 65.0, 65.0, 65.0, 65.0, 68.87, 69.99, 71.16, 72.24, 72.26, 73.07, 72.74, 72.49, 72.31, 72.19], [62.43, 62.48, 62.55, 62.65, 65.0, 65.0, 65.0, 65.0, 65.0, 67.29, 68.49, 69.84, 71.25, 72.18, 73.75, 73.17, 72.7, 72.4, 72.22, 72.11], [62.51, 62.57, 62.66, 65.0, 65.0, 65.0, 65.0, 65.0, 65.81, 66.75, 67.78, 68.91, 70.45, 71.59, 73.23, 72.88, 72.49, 72.22, 72.07, 71.99], [62.56, 62.63, 65.57, 65.54, 65.51, 65.45, 65.37, 65.16, 65.96, 66.72, 67.65, 68.6, 69.98, 70.68, 72.59, 72.38, 72.13, 71.96, 71.88, 71.86], [65.61, 65.6, 65.58, 65.41, 65.39, 65.36, 65.33, 65.29, 66.63, 67.02, 67.62, 68.32, 69.56, 72.2, 72.08, 71.89, 71.71, 71.64, 71.66, 71.71], [65.47, 65.46, 65.46, 65.45, 65.44, 65.43, 65.42, 65.0, 66.93, 67.16, 67.55, 68.04, 69.47, 71.88, 71.69, 71.43, 71.24, 71.29, 71.46, 71.6], [65.48, 65.48, 65.48, 64.86, 64.89, 64.93, 64.98, 65.04, 65.1, 65.11, 65.06, 66.23, 69.04, 71.66, 71.41, 71.02, 70.59, 70.94, 71.37, 71.55], [64.78, 64.79, 64.81, 64.84, 64.88, 64.93, 65.0, 65.1, 65.23, 65.29, 65.17, 65.74, 68.95, 69.45, 69.84, 70.89, 69.45, 71.23, 71.52, 71.59], [64.76, 64.77, 64.79, 64.81, 64.85, 64.9, 64.98, 65.13, 65.41, 65.65, 65.26, 65.62, 65.75, 69.44, 69.91, 70.34, 71.63, 72.36, 71.76, 71.67], [64.74, 64.75, 64.76, 64.78, 64.8, 64.84, 64.92, 65.05, 65.32, 65.55, 65.49, 65.42, 65.55, 69.41, 69.9, 69.9, 70.55, 70.84, 71.77, 71.71], [64.71, 64.72, 64.72, 64.73, 64.74, 64.76, 64.79, 64.84, 64.9, 64.87, 65.06, 65.09, 65.28, 68.15, 68.88, 69.49, 69.96, 70.18, 70.14, 69.98], [64.69, 64.69, 64.68, 64.68, 64.67, 64.66, 64.64, 64.59, 64.47, 64.54, 64.39, 65.51, 66.27, 67.1, 68.44, 69.04, 69.46, 69.69, 69.75, 69.7], [64.66, 64.66, 64.65, 64.63, 64.61, 64.57, 64.51, 64.39, 64.16, 63.95, 63.68, 64.91, 65.91, 66.76, 68.05, 68.63, 69.03, 69.28, 69.41, 69.43], [64.64, 64.63, 64.61, 64.59, 64.55, 64.5, 64.41, 64.28, 65.11, 64.47, 64.08, 64.91, 65.8, 66.56, 67.77, 68.31, 68.7, 68.96, 69.11, 69.19], [64.62, 64.6, 64.58, 64.55, 64.51, 64.45, 64.37, 64.25, 65.31, 65.0, 64.94, 65.32, 65.91, 66.51, 67.61, 68.08, 68.44, 68.7, 68.87, 68.98], [64.6, 64.58, 64.56, 64.53, 64.48, 64.43, 64.35, 65.77, 65.58, 65.45, 65.47, 65.71, 66.11, 66.55, 67.54, 67.94, 68.26, 68.51, 68.68, 68.8]]}