gis_exercise/awsData/contour/humi_2023091223.json
{"header": {"refTime": "2023-09-12T23:00:00.000Z", "nx": 21, "ny": 33, "lo1": 113.509, "la1": 22.2235, "lo2": 113.5947, "la2": 22.1034, "dx": 0.0042850000000001385, "dy": 0.003753125000000024, "parameterCategory": 0, "parameterCategoryName": "Temperature", "parameterNumber": 0}, "z": [[90.72, 90.74, 90.77, 92.84, 92.75, 90.56, 90.57, 90.57, 90.53, 91.4, 91.36, 91.29, 89.57, 89.49, 89.47, 89.49, 89.25, 89.29, 89.32, 89.35], [90.7, 90.73, 90.76, 90.79, 92.75, 92.61, 90.63, 90.66, 90.67, 91.34, 91.3, 91.18, 89.46, 89.39, 89.39, 89.19, 89.26, 89.31, 89.35, 89.37], [90.68, 90.71, 90.74, 90.78, 92.77, 92.63, 92.4, 90.74, 90.92, 91.31, 91.25, 91.0, 89.28, 89.24, 89.08, 89.19, 89.28, 89.35, 89.39, 89.41], [90.66, 90.68, 90.71, 90.76, 90.81, 92.72, 92.54, 92.23, 91.95, 91.47, 91.27, 90.69, 88.97, 90.23, 89.05, 89.22, 89.33, 89.41, 89.44, 89.45], [90.62, 90.64, 90.67, 90.72, 90.78, 92.85, 92.77, 92.7, 92.76, 91.9, 91.5, 90.15, 88.89, 89.94, 89.07, 89.28, 89.42, 89.5, 89.52, 89.5], [90.58, 90.59, 90.62, 90.66, 90.74, 90.84, 92.96, 93.01, 93.23, 93.69, 92.0, 90.77, 89.72, 88.67, 89.17, 89.39, 89.56, 89.64, 89.61, 89.56], [90.34, 90.53, 90.54, 90.57, 90.64, 90.78, 92.52, 93.0, 93.24, 93.91, 94.24, 91.78, 89.14, 89.02, 89.32, 89.5, 89.74, 89.83, 89.63, 89.5], [90.28, 90.27, 90.26, 90.28, 90.35, 92.0, 92.28, 92.47, 92.45, 94.21, 95.78, 92.15, 92.11, 88.99, 90.0, 90.0, 90.0, 90.0, 90.0, 90.0], [90.72, 90.67, 90.14, 90.1, 90.08, 90.19, 90.56, 92.38, 93.59, 93.7, 94.31, 93.28, 92.78, 93.44, 90.0, 90.0, 90.0, 90.0, 90.0, 90.0], [89.0, 89.0, 89.0, 90.4, 90.21, 89.68, 90.05, 90.56, 94.84, 94.56, 92.74, 93.92, 93.54, 93.72, 90.0, 90.0, 90.0, 90.0, 90.0, 90.0], [89.0, 89.0, 89.0, 89.0, 89.0, 89.0, 89.0, 89.0, 90.06, 93.71, 97.0, 94.33, 94.02, 94.0, 90.0, 90.0, 90.0, 90.0, 90.0, 90.0], [89.0, 89.0, 89.0, 89.0, 89.0, 89.0, 89.0, 89.0, 89.0, -999.0, 97.0, 90.0, 90.0, 94.21, 90.0, 90.0, 90.0, 92.84, 92.77, 92.76], [89.0, 89.0, 89.0, 89.0, 89.0, 89.0, 89.0, 89.0, 89.0, 89.0, -999.0, 90.0, 90.0, 93.26, 91.83, 91.82, 91.78, 92.4, 92.31, 92.26], [89.0, 89.0, 89.0, 89.0, 89.0, 89.0, 89.0, 89.0, 89.0, 89.0, -999.0, 95.0, 95.0, 95.0, 92.25, 92.24, 92.16, 92.78, 92.65, 92.55], [89.0, 89.0, 89.0, 89.0, 89.0, 89.0, 89.0, 89.0, 89.0, 89.0, 89.0, 91.31, 95.0, 95.0, 95.0, 92.71, 92.56, 93.14, 92.96, 92.81], [89.0, 89.0, 89.0, 89.0, 89.0, 89.0, 89.0, 89.0, 89.0, 89.0, 92.78, 92.35, 92.93, 93.42, 92.86, 93.9, 93.73, 94.03, 92.89, 92.73], [89.0, 89.0, 89.0, 89.0, 89.0, 89.0, 89.0, 89.0, 89.0, 89.0, 91.58, 92.32, 93.11, 93.83, 93.95, 94.25, 93.99, 93.78, 93.63, 93.53], [89.0, 89.0, 89.0, 89.0, 89.0, 89.0, 89.0, 89.0, 89.0, 90.52, 91.33, 92.23, 93.17, 93.89, 94.85, 94.34, 93.96, 93.72, 93.56, 93.46], [89.0, 89.0, 89.0, 89.0, 89.0, 89.0, 89.0, 89.0, 89.54, 90.17, 91.29, 92.06, 92.81, 93.55, 94.39, 94.11, 93.8, 93.58, 93.45, 93.37], [89.0, 89.0, 90.71, 90.63, 90.52, 90.36, 90.12, 89.49, 89.9, 90.55, 91.28, 91.94, 92.54, 93.02, 93.89, 93.74, 93.54, 93.39, 93.3, 93.26], [90.83, 90.79, 90.73, 90.24, 90.18, 90.09, 89.98, 89.86, 90.64, 90.96, 91.41, 91.88, 92.31, 93.58, 93.51, 93.38, 93.24, 93.16, 93.13, 93.14], [90.4, 90.38, 90.37, 90.35, 90.32, 90.29, 90.27, 90.21, 91.12, 91.31, 91.57, 91.87, 93.06, 93.34, 93.22, 93.07, 92.95, 92.93, 92.97, 93.02], [90.45, 90.45, 90.45, 90.34, 90.36, 90.39, 90.44, 90.52, 90.62, 90.68, 90.67, 91.12, 92.3, 93.16, 93.02, 92.83, 92.65, 92.71, 92.84, 92.94], [90.36, 90.37, 90.39, 90.41, 90.45, 90.52, 90.62, 90.78, 90.98, 91.08, 90.95, 91.5, 92.29, 92.34, 92.37, 92.71, 92.3, 92.65, 92.8, 92.89], [90.39, 90.4, 90.43, 90.47, 90.52, 90.61, 90.74, 90.95, 91.31, 91.6, 91.19, 91.46, 91.43, 92.34, 92.38, 92.43, 92.72, 92.82, 92.82, 92.88], [90.41, 90.43, 90.46, 90.5, 90.56, 90.65, 90.77, 90.97, 91.29, 91.55, 91.5, 91.36, 91.34, 92.34, 92.39, 92.14, 92.3, 92.36, 92.85, 92.9], [90.43, 90.45, 90.48, 90.52, 90.57, 90.64, 90.73, 90.85, 90.97, 90.99, 91.2, 91.16, 91.2, 91.61, 91.83, 92.01, 92.14, 92.19, 92.18, 92.14], [90.44, 90.46, 90.49, 90.52, 90.56, 90.61, 90.66, 90.7, 90.69, 90.89, 90.78, 91.03, 91.25, 91.47, 91.69, 91.87, 91.99, 92.06, 92.07, 92.06], [90.44, 90.46, 90.49, 90.51, 90.54, 90.57, 90.59, 90.58, 90.5, 90.53, 90.29, 90.76, 91.1, 91.35, 91.57, 91.74, 91.86, 91.94, 91.98, 91.99], [90.45, 90.46, 90.48, 90.5, 90.52, 90.53, 90.53, 90.5, 90.9, 90.61, 90.44, 90.75, 91.05, 91.28, 91.48, 91.65, 91.76, 91.84, 91.89, 91.91], [90.45, 90.46, 90.47, 90.49, 90.5, 90.5, 90.5, 90.47, 90.95, 90.81, 90.77, 90.89, 91.08, 91.27, 91.43, 91.58, 91.69, 91.77, 91.82, 91.85], [90.44, 90.46, 90.47, 90.48, 90.48, 90.48, 90.47, 91.12, 91.04, 90.97, 90.96, 91.03, 91.15, 91.28, 91.41, 91.53, 91.63, 91.71, 91.76, 91.8]]}