gis_exercise/awsData/contour/humi_2023090212.json
{"header": {"refTime": "2023-09-02T12:00:00.000Z", "nx": 21, "ny": 33, "lo1": 113.509, "la1": 22.2235, "lo2": 113.5947, "la2": 22.1034, "dx": 0.0042850000000001385, "dy": 0.003753125000000024, "parameterCategory": 0, "parameterCategoryName": "Temperature", "parameterNumber": 0}, "z": [[93.11, 93.14, 93.19, 95.03, 94.98, 92.84, 92.9, 92.94, 92.91, 93.51, 93.32, 93.12, 91.77, 91.66, 91.36, 91.37, 91.14, 91.2, 91.25, 91.29], [93.08, 93.12, 93.17, 93.23, 94.97, 94.9, 93.01, 93.15, 93.21, 93.58, 93.28, 92.97, 91.59, 91.49, 91.23, 91.05, 91.15, 91.23, 91.28, 91.32], [93.04, 93.08, 93.13, 93.2, 94.98, 94.9, 94.78, 93.32, 93.81, 93.65, 93.2, 92.69, 91.28, 91.23, 90.87, 91.05, 91.18, 91.27, 91.33, 91.36], [93.0, 93.03, 93.08, 93.15, 93.23, 94.94, 94.85, 94.68, 94.54, 93.63, 93.06, 92.22, 90.74, 91.69, 90.83, 91.07, 91.24, 91.34, 91.39, 91.41], [92.95, 92.97, 93.01, 93.07, 93.16, 95.0, 94.96, 94.93, 94.98, 93.74, 93.1, 91.54, 90.08, 91.37, 90.86, 91.16, 91.36, 91.45, 91.48, 91.47], [92.88, 92.9, 92.93, 92.97, 93.05, 93.17, 95.03, 95.05, 95.22, 95.57, 93.54, 92.29, 91.12, 90.34, 91.04, 91.32, 91.53, 91.61, 91.59, 91.54], [92.34, 92.81, 92.81, 92.84, 92.91, 93.04, 94.26, 94.95, 95.12, 95.65, 95.95, 93.59, 91.28, 91.04, 91.31, 91.49, 91.73, 91.82, 91.45, 91.26], [92.28, 92.27, 92.26, 92.28, 92.35, 93.77, 94.05, 94.29, 94.39, 95.86, 97.1, 94.54, 94.51, 90.99, 92.37, 92.48, 92.26, 92.18, 92.31, 92.39], [92.72, 92.67, 92.14, 92.1, 92.08, 92.19, 92.56, 94.16, 95.27, 95.49, 96.08, 95.34, 94.98, 95.46, 92.4, 92.52, 92.39, 92.34, 92.37, 92.42], [91.0, 91.0, 91.0, 92.4, 92.21, 91.68, 92.05, 92.56, 96.27, 96.05, 94.96, 95.8, 95.53, 95.66, 92.4, 92.56, 92.48, 92.44, 92.44, 92.46], [91.0, 91.0, 91.0, 91.0, 91.0, 91.0, 91.0, 91.0, 92.06, 95.37, 98.0, 96.09, 95.87, 95.85, 92.39, 92.6, 92.54, 92.5, 92.49, 92.5], [91.0, 91.0, 91.0, 91.0, 91.0, 91.0, 91.0, 91.0, 91.0, -999.0, 98.0, 93.0, 93.0, 96.01, 92.38, 92.63, 92.59, 95.41, 95.33, 95.31], [91.0, 91.0, 91.0, 91.0, 91.0, 91.0, 91.0, 91.0, 91.0, 91.0, -999.0, 93.0, 93.0, 96.26, 94.83, 94.18, 94.14, 94.88, 94.77, 94.71], [91.0, 91.0, 91.0, 91.0, 91.0, 91.0, 91.0, 91.0, 91.0, 91.0, -999.0, 98.0, 98.0, 98.0, 95.25, 94.68, 94.59, 95.34, 95.18, 95.06], [91.0, 91.0, 91.0, 91.0, 91.0, 91.0, 91.0, 93.0, 93.0, 93.0, 93.0, 94.92, 98.0, 98.0, 98.0, 95.25, 95.07, 95.77, 95.55, 95.37], [91.0, 91.0, 92.26, 92.28, 92.32, 93.0, 93.0, 93.0, 93.0, 93.0, 96.15, 95.79, 96.27, 96.68, 96.22, 96.9, 96.73, 97.03, 95.63, 95.45], [92.28, 92.3, 91.71, 91.74, 93.0, 93.0, 93.0, 93.0, 93.0, 93.0, 95.15, 95.77, 96.42, 97.02, 97.07, 97.39, 97.18, 97.01, 96.89, 96.81], [91.71, 91.74, 91.77, 91.83, 93.0, 93.0, 93.0, 93.0, 93.0, 94.27, 94.94, 95.69, 96.47, 97.02, 97.86, 97.46, 97.15, 96.96, 96.84, 96.76], [91.75, 91.79, 91.83, 93.0, 93.0, 93.0, 93.0, 93.0, 93.45, 93.97, 95.18, 95.84, 96.09, 96.71, 97.5, 97.28, 97.02, 96.85, 96.74, 96.69], [91.78, 91.81, 95.29, 95.17, 95.03, 94.81, 94.49, 93.66, 93.91, 94.56, 95.23, 95.79, 95.84, 96.23, 97.09, 96.96, 96.8, 96.68, 96.62, 96.59], [95.44, 95.38, 95.31, 94.65, 94.57, 94.45, 94.3, 94.14, 94.72, 95.02, 95.44, 95.83, 95.62, 96.84, 96.78, 96.66, 96.55, 96.49, 96.48, 96.5], [94.86, 94.85, 94.82, 94.8, 94.76, 94.72, 94.69, 94.56, 95.31, 95.48, 95.71, 95.93, 96.72, 96.64, 96.53, 96.39, 96.29, 96.29, 96.35, 96.41], [94.94, 94.94, 94.94, 94.71, 94.73, 94.78, 94.85, 94.96, 95.1, 95.18, 95.15, 95.3, 96.33, 96.5, 96.36, 96.17, 95.97, 96.09, 96.26, 96.35], [94.71, 94.73, 94.76, 94.8, 94.85, 94.94, 95.09, 95.31, 95.58, 95.71, 95.54, 95.76, 96.36, 96.24, 96.11, 96.08, 95.51, 96.13, 96.28, 96.34], [94.75, 94.77, 94.81, 94.86, 94.94, 95.05, 95.24, 95.53, 96.03, 96.44, 95.85, 95.77, 95.54, 96.27, 96.16, 96.09, 96.27, 96.5, 96.35, 96.36], [94.77, 94.8, 94.84, 94.9, 94.98, 95.09, 95.27, 95.54, 95.99, 96.35, 96.01, 95.65, 95.46, 96.31, 96.22, 95.74, 95.92, 96.01, 96.37, 96.38], [94.79, 94.82, 94.86, 94.91, 94.98, 95.08, 95.2, 95.36, 95.52, 95.54, 95.55, 95.39, 95.31, 95.29, 95.47, 95.64, 95.76, 95.82, 95.81, 95.77], [94.8, 94.83, 94.87, 94.91, 94.96, 95.02, 95.08, 95.12, 95.1, 95.14, 94.97, 95.33, 95.56, 95.76, 95.37, 95.52, 95.63, 95.69, 95.71, 95.69], [94.81, 94.83, 94.86, 94.89, 94.93, 94.96, 94.97, 94.94, 94.81, 94.65, 94.37, 94.97, 95.36, 95.62, 95.27, 95.42, 95.52, 95.59, 95.62, 95.62], [94.81, 94.83, 94.85, 94.87, 94.89, 94.9, 94.89, 94.83, 95.17, 94.79, 94.56, 94.94, 95.29, 95.55, 95.2, 95.33, 95.43, 95.5, 95.54, 95.56], [94.8, 94.82, 94.84, 94.85, 94.86, 94.86, 94.83, 94.78, 95.22, 95.04, 94.97, 95.11, 95.33, 95.53, 95.16, 95.28, 95.37, 95.43, 95.48, 95.5], [94.8, 94.81, 94.82, 94.83, 94.83, 94.83, 94.8, 95.43, 95.32, 95.23, 95.2, 95.28, 95.41, 95.55, 95.14, 95.24, 95.32, 95.38, 95.43, 95.46]]}