gis_exercise/awsData/contour/humi_2023083107.json
{"header": {"refTime": "2023-08-31T07:00:00.000Z", "nx": 21, "ny": 33, "lo1": 113.509, "la1": 22.2235, "lo2": 113.5947, "la2": 22.1034, "dx": 0.0042850000000001385, "dy": 0.003753125000000024, "parameterCategory": 0, "parameterCategoryName": "Temperature", "parameterNumber": 0}, "z": [[72.4, 72.43, 72.46, 73.26, 73.25, 71.84, 71.9, 71.94, 71.91, 71.93, 71.68, 71.43, 70.29, 70.15, 70.65, 70.69, 69.96, 70.05, 70.12, 70.16], [72.39, 72.41, 72.45, 72.49, 73.24, 73.22, 72.01, 72.15, 72.21, 72.08, 71.67, 71.3, 70.12, 69.98, 70.52, 69.85, 70.0, 70.11, 70.19, 70.23], [72.36, 72.39, 72.42, 72.47, 73.25, 73.23, 73.19, 72.32, 72.81, 72.22, 71.59, 71.04, 69.83, 69.74, 69.64, 69.87, 70.07, 70.2, 70.28, 70.32], [72.33, 72.36, 72.39, 72.43, 72.49, 73.24, 73.21, 73.17, 73.13, 72.05, 71.37, 70.59, 69.35, 69.64, 69.6, 69.93, 70.19, 70.35, 70.42, 70.43], [72.3, 72.32, 72.34, 72.38, 72.44, 73.25, 73.24, 73.23, 73.25, 71.86, 71.24, 69.56, 68.66, 69.44, 69.63, 70.07, 70.41, 70.59, 70.62, 70.57], [72.26, 72.27, 72.28, 72.32, 72.37, 72.45, 73.26, 73.26, 73.3, 73.39, 70.85, 70.02, 69.28, 68.67, 69.78, 70.29, 70.76, 70.95, 70.86, 70.71], [71.89, 72.21, 72.21, 72.23, 72.27, 72.36, 72.75, 73.24, 73.28, 72.87, 72.79, 70.79, 69.14, 69.02, 69.99, 70.52, 71.23, 71.49, 71.26, 71.01], [71.86, 71.85, 71.84, 71.85, 71.9, 72.47, 72.66, 72.89, 72.94, 73.02, 73.45, 71.23, 71.21, 68.99, 71.26, 71.04, 71.48, 71.63, 71.39, 71.22], [72.15, 72.12, 71.76, 71.73, 71.72, 71.8, 72.04, 72.74, 73.32, 72.79, 72.46, 71.87, 71.59, 71.97, 71.2, 70.96, 71.21, 71.32, 71.26, 71.16], [71.0, 71.0, 71.0, 71.94, 71.8, 71.45, 71.7, 72.04, 73.57, 73.51, 71.57, 72.24, 72.02, 72.13, 71.2, 70.87, 71.04, 71.12, 71.12, 71.09], [71.0, 71.0, 71.0, 71.0, 71.0, 71.0, 71.0, 71.0, 71.71, 73.34, 74.0, 72.48, 72.3, 72.28, 71.22, 70.81, 70.93, 71.0, 71.01, 71.0], [71.0, 71.0, 71.0, 71.0, 71.0, 71.0, 71.0, 71.0, 71.0, -999.0, 74.0, 70.0, 70.0, 72.41, 71.24, 70.74, 70.81, 77.68, 77.55, 77.51], [71.0, 71.0, 71.0, 71.0, 71.0, 71.0, 71.0, 71.0, 71.0, 71.0, -999.0, 70.0, 70.0, 77.83, 74.39, 75.64, 75.57, 76.8, 76.62, 76.51], [71.0, 71.0, 71.0, 71.0, 71.0, 71.0, 71.0, 71.0, 71.0, 71.0, -999.0, 82.0, 82.0, 82.0, 75.4, 76.47, 76.31, 77.57, 77.3, 77.09], [71.0, 71.0, 71.0, 71.0, 71.0, 71.0, 71.0, 73.0, 73.0, 73.0, 73.0, 76.46, 82.0, 82.0, 82.0, 77.42, 77.12, 78.28, 77.92, 77.62], [71.0, 71.0, 72.26, 72.28, 72.32, 73.0, 73.0, 73.0, 73.0, 73.0, 78.66, 78.02, 78.89, 79.63, 78.79, 78.7, 78.2, 79.08, 76.95, 76.59], [72.28, 72.3, 71.71, 71.74, 73.0, 73.0, 73.0, 73.0, 73.0, 73.0, 76.87, 77.99, 79.16, 80.24, 79.92, 80.32, 79.73, 79.27, 78.94, 78.72], [71.71, 71.74, 71.77, 71.83, 73.0, 73.0, 73.0, 73.0, 73.0, 75.29, 76.49, 77.84, 79.25, 79.86, 81.69, 80.5, 79.66, 79.12, 78.78, 78.57], [71.75, 71.79, 71.83, 73.0, 73.0, 73.0, 73.0, 73.0, 73.81, 74.75, 75.59, 76.71, 77.91, 79.14, 80.62, 79.99, 79.28, 78.81, 78.53, 78.37], [71.78, 71.81, 73.0, 73.0, 73.0, 73.0, 73.0, 73.0, 73.85, 74.55, 75.43, 76.37, 77.31, 78.0, 79.48, 79.12, 78.67, 78.35, 78.18, 78.12], [73.0, 73.0, 73.0, 73.0, 73.0, 73.0, 73.0, 73.0, 74.4, 74.76, 75.34, 76.03, 76.74, 78.78, 78.6, 78.27, 77.96, 77.8, 77.8, 77.85], [73.0, 73.0, 73.0, 73.0, 73.0, 73.0, 73.0, 73.0, 74.57, 74.79, 75.17, 75.68, 76.19, 78.22, 77.91, 77.5, 77.19, 77.22, 77.43, 77.62], [73.0, 73.0, 73.0, 73.0, 73.0, 73.0, 73.0, 73.0, 73.0, 73.0, 73.0, 73.0, 75.07, 77.82, 77.43, 76.85, 76.24, 76.65, 77.21, 77.48], [73.0, 73.0, 73.0, 73.0, 73.0, 73.0, 73.0, 73.0, 73.0, 73.0, 73.0, 73.0, 75.02, 75.35, 75.58, 76.6, 74.75, 76.88, 77.32, 77.48], [73.0, 73.0, 73.0, 73.0, 73.0, 73.0, 73.0, 73.0, 73.0, 73.0, 73.0, 73.0, 73.0, 75.37, 75.69, 76.0, 77.34, 78.18, 77.58, 77.55], [73.0, 73.0, 73.0, 73.0, 73.0, 73.0, 73.0, 73.0, 73.0, 73.0, 73.0, 73.0, 73.0, 75.38, 75.73, 76.11, 76.6, 76.85, 77.62, 77.61], [73.0, 73.0, 73.0, 73.0, 73.0, 73.0, 73.0, 73.0, 73.0, 73.0, 73.0, 73.0, 73.0, 75.27, 75.61, 75.95, 76.24, 76.39, 76.35, 76.24], [73.0, 73.0, 73.0, 73.0, 73.0, 73.0, 73.0, 73.0, 73.0, 73.0, 73.0, 74.03, 74.5, 75.05, 75.43, 75.73, 75.96, 76.1, 76.12, 76.08], [73.0, 73.0, 73.0, 73.0, 73.0, 73.0, 73.0, 73.0, 73.0, 73.0, 73.27, 73.82, 74.35, 74.87, 75.26, 75.54, 75.75, 75.88, 75.93, 75.94], [73.0, 73.0, 73.0, 73.0, 73.0, 73.0, 73.0, 73.0, 73.83, 73.59, 73.46, 73.85, 74.32, 74.76, 75.13, 75.39, 75.58, 75.71, 75.78, 75.81], [73.0, 73.0, 73.0, 73.0, 73.0, 73.0, 73.0, 73.0, 73.96, 73.85, 73.85, 74.06, 74.38, 74.74, 75.06, 75.28, 75.45, 75.57, 75.66, 75.7], [73.0, 73.0, 73.0, 73.0, 73.0, 73.0, 73.0, 74.17, 74.11, 74.07, 74.11, 74.26, 74.49, 74.76, 75.02, 75.21, 75.36, 75.48, 75.56, 75.61]]}