gis_exercise/awsData/contour/humi_2023090712.json
{"header": {"refTime": "2023-09-07T12:00:00.000Z", "nx": 21, "ny": 33, "lo1": 113.509, "la1": 22.2235, "lo2": 113.5947, "la2": 22.1034, "dx": 0.0042850000000001385, "dy": 0.003753125000000024, "parameterCategory": 0, "parameterCategoryName": "Temperature", "parameterNumber": 0}, "z": [[85.48, 85.52, 85.58, 86.2, 86.26, 85.79, 85.88, 85.96, 85.97, 86.06, 85.83, 85.61, 85.33, 85.24, 85.76, 85.81, 85.33, 85.4, 85.46, 85.49], [85.45, 85.49, 85.55, 85.62, 86.24, 86.32, 85.96, 86.14, 86.25, 86.22, 85.85, 85.52, 85.23, 85.14, 85.68, 85.26, 85.37, 85.45, 85.51, 85.55], [85.41, 85.44, 85.5, 85.57, 86.2, 86.29, 86.43, 86.29, 86.82, 86.35, 85.78, 85.33, 85.05, 84.99, 85.1, 85.28, 85.42, 85.53, 85.59, 85.62], [85.36, 85.39, 85.43, 85.5, 85.59, 86.2, 86.32, 86.51, 86.66, 86.15, 85.55, 85.01, 84.77, 84.29, 85.08, 85.32, 85.52, 85.65, 85.7, 85.71], [85.3, 85.32, 85.35, 85.4, 85.47, 86.07, 86.12, 86.19, 86.25, 85.3, 85.27, 84.37, 84.1, 84.26, 85.1, 85.43, 85.7, 85.84, 85.86, 85.82], [85.24, 85.24, 85.26, 85.28, 85.32, 85.38, 85.87, 85.83, 86.09, 86.22, 84.6, 84.34, 84.23, 84.33, 85.19, 85.6, 85.98, 86.13, 86.05, 85.93], [84.45, 85.16, 85.15, 85.15, 85.17, 85.2, 84.5, 85.75, 85.7, 85.0, 85.0, 84.47, 84.57, 84.51, 85.33, 85.77, 86.36, 86.57, 86.45, 86.26], [84.43, 84.42, 84.42, 84.43, 84.45, 84.51, 84.63, 84.72, 85.0, 85.0, 85.0, 85.0, 85.0, 84.5, 86.26, 86.04, 86.48, 86.63, 86.39, 86.22], [84.57, 84.56, 84.38, 84.37, 84.36, 84.4, 84.52, 84.7, 85.0, 85.0, 85.0, 85.0, 85.0, 85.0, 86.2, 85.96, 86.21, 86.32, 86.26, 86.16], [84.0, 84.0, 84.0, 84.47, 84.4, 84.23, 84.35, 84.52, 85.0, 85.0, 85.0, 85.0, 85.0, 85.0, 86.2, 85.87, 86.04, 86.12, 86.12, 86.09], [84.0, 84.0, 84.0, 84.0, 84.0, 84.0, 84.0, 84.0, 84.35, 85.0, -999.0, 85.0, 85.0, 85.0, 86.22, 85.81, 85.93, 86.0, 86.01, 86.0], [84.0, 84.0, 84.0, 84.0, 84.0, 84.0, 84.0, 84.0, 84.0, -999.0, -999.0, 85.0, 85.0, 85.0, 86.24, 85.74, 85.81, 90.41, 90.33, 90.31], [84.0, 84.0, 84.0, 84.0, 84.0, 84.0, 84.0, 84.0, 84.0, 84.0, -999.0, 85.0, 85.0, 90.22, 87.93, 89.18, 89.14, 89.88, 89.77, 89.71], [84.0, 84.0, 84.0, 84.0, 84.0, 84.0, 84.0, 84.0, 84.0, 84.0, -999.0, 93.0, 93.0, 93.0, 88.6, 89.68, 89.59, 90.34, 90.18, 90.06], [84.0, 84.0, 84.0, 84.0, 84.0, 84.0, 84.0, 85.0, 85.0, 85.0, 85.0, 88.07, 93.0, 93.0, 93.0, 90.25, 90.07, 90.77, 90.55, 90.37], [84.0, 84.0, 84.63, 84.64, 84.66, 85.0, 85.0, 85.0, 85.0, 85.0, 90.03, 89.46, 90.24, 90.89, 90.15, 91.9, 91.73, 92.03, 90.63, 90.45], [84.64, 84.65, 84.35, 84.37, 85.0, 85.0, 85.0, 85.0, 85.0, 85.0, 88.44, 89.43, 90.48, 91.44, 91.71, 92.39, 92.18, 92.01, 91.89, 91.81], [84.36, 84.37, 84.39, 84.41, 85.0, 85.0, 85.0, 85.0, 85.0, 87.03, 88.11, 89.31, 90.56, 91.63, 92.81, 92.46, 92.15, 91.96, 91.84, 91.76], [84.38, 84.39, 84.42, 85.0, 85.0, 85.0, 85.0, 85.0, 85.72, 86.56, 87.68, 88.69, 90.27, 91.21, 92.5, 92.28, 92.02, 91.85, 91.74, 91.69], [84.39, 84.41, 86.14, 86.09, 86.01, 85.91, 85.75, 85.33, 85.97, 86.72, 87.6, 88.46, 89.94, 90.58, 92.09, 91.96, 91.8, 91.68, 91.62, 91.59], [86.22, 86.19, 86.15, 85.83, 85.79, 85.73, 85.65, 85.57, 86.71, 87.09, 87.65, 88.27, 89.69, 91.84, 91.78, 91.66, 91.55, 91.49, 91.48, 91.5], [85.93, 85.92, 85.91, 85.9, 85.88, 85.86, 85.84, 85.52, 87.11, 87.33, 87.68, 88.1, 90.08, 91.64, 91.53, 91.39, 91.29, 91.29, 91.35, 91.41], [85.97, 85.97, 85.97, 85.47, 85.51, 85.55, 85.61, 85.68, 85.76, 85.8, 85.76, 87.2, 89.48, 91.5, 91.36, 91.17, 90.97, 91.09, 91.26, 91.35], [85.42, 85.44, 85.46, 85.49, 85.53, 85.6, 85.69, 85.84, 86.02, 86.1, 85.96, 86.99, 89.4, 89.82, 90.18, 91.08, 90.51, 91.13, 91.28, 91.34], [85.42, 85.44, 85.46, 85.5, 85.54, 85.62, 85.73, 85.93, 86.28, 86.58, 86.13, 86.84, 87.05, 89.79, 90.18, 90.51, 91.27, 91.5, 91.35, 91.36], [85.42, 85.43, 85.45, 85.48, 85.53, 85.59, 85.7, 85.88, 86.21, 86.48, 86.61, 86.62, 86.82, 89.74, 90.12, 89.98, 90.39, 90.54, 91.37, 91.38], [85.41, 85.42, 85.44, 85.46, 85.49, 85.53, 85.59, 85.68, 85.78, 85.76, 86.19, 86.26, 86.52, 88.5, 89.11, 89.6, 89.95, 90.1, 90.07, 89.97], [85.39, 85.4, 85.41, 85.42, 85.44, 85.45, 85.45, 85.44, 85.35, 85.64, 85.49, 86.07, 86.63, 87.22, 88.72, 89.21, 89.55, 89.72, 89.78, 89.75], [85.38, 85.38, 85.38, 85.38, 85.38, 85.37, 85.33, 85.24, 85.04, 85.03, 84.57, 85.56, 86.33, 86.96, 88.39, 88.87, 89.2, 89.41, 89.51, 89.54], [85.36, 85.36, 85.36, 85.35, 85.33, 85.3, 85.24, 85.13, 85.76, 85.21, 84.89, 85.55, 86.23, 86.81, 88.14, 88.6, 88.92, 89.14, 89.27, 89.34], [85.35, 85.34, 85.33, 85.32, 85.29, 85.25, 85.19, 85.09, 85.91, 85.64, 85.58, 85.87, 86.32, 86.77, 88.0, 88.41, 88.71, 88.93, 89.08, 89.17], [85.33, 85.32, 85.31, 85.29, 85.27, 85.23, 85.17, 86.27, 86.11, 85.99, 86.0, 86.17, 86.47, 86.8, 87.94, 88.29, 88.56, 88.77, 88.92, 89.02]]}