gis_exercise/awsData/contour/humi_2023090615.json
{"header": {"refTime": "2023-09-06T15:00:00.000Z", "nx": 21, "ny": 33, "lo1": 113.509, "la1": 22.2235, "lo2": 113.5947, "la2": 22.1034, "dx": 0.0042850000000001385, "dy": 0.003753125000000024, "parameterCategory": 0, "parameterCategoryName": "Temperature", "parameterNumber": 0}, "z": [[71.55, 71.61, 71.69, 72.81, 72.88, 71.34, 71.53, 71.71, 71.73, 72.23, 71.86, 71.49, 69.78, 69.55, 70.53, 70.57, 69.04, 69.16, 69.25, 69.31], [71.51, 71.56, 71.65, 71.76, 72.85, 72.95, 71.71, 72.11, 72.34, 72.49, 71.86, 71.31, 69.55, 69.32, 70.35, 68.92, 69.1, 69.25, 69.35, 69.4], [71.45, 71.5, 71.57, 71.68, 72.79, 72.9, 73.08, 72.44, 73.6, 72.71, 71.74, 70.95, 69.16, 68.99, 68.67, 68.96, 69.21, 69.39, 69.49, 69.53], [71.38, 71.42, 71.48, 71.56, 71.69, 72.78, 72.93, 73.18, 73.42, 72.4, 71.4, 70.33, 68.54, 68.61, 68.63, 69.04, 69.38, 69.6, 69.69, 69.69], [71.3, 71.33, 71.36, 71.41, 71.49, 72.6, 72.66, 72.76, 72.87, 72.0, 71.13, 68.56, 67.64, 68.39, 68.66, 69.22, 69.68, 69.93, 69.96, 69.88], [71.22, 71.22, 71.23, 71.25, 71.28, 71.31, 72.33, 72.28, 72.38, 72.65, 69.96, 69.02, 68.23, 67.33, 68.8, 69.5, 70.17, 70.45, 70.3, 70.09], [70.0, 71.12, 71.1, 71.08, 71.06, 71.04, 71.01, 71.7, 71.73, 71.45, 71.69, 69.72, 67.57, 67.51, 68.99, 69.8, 70.84, 71.23, 71.08, 70.76], [70.0, 70.0, 70.0, 70.0, 70.0, 70.91, 70.9, 70.72, 70.34, 71.7, 72.98, 69.84, 69.81, 67.5, 70.51, 70.08, 70.95, 71.27, 70.77, 70.44], [70.0, 70.0, 70.0, 70.0, 70.0, 70.0, 70.0, 70.88, 71.27, 71.28, 71.69, 70.81, 70.38, 70.95, 70.41, 69.92, 70.43, 70.64, 70.52, 70.33], [70.0, 70.0, 70.0, 70.0, 70.0, 70.0, 70.0, 70.0, 72.27, 72.05, 70.35, 71.36, 71.04, 71.19, 70.4, 69.75, 70.07, 70.24, 70.25, 70.17], [70.0, 70.0, 70.0, 70.0, 70.0, 70.0, 70.0, 70.0, 70.0, 71.37, 74.0, 71.71, 71.44, 71.43, 70.45, 69.62, 69.85, 69.99, 70.02, 70.0], [70.0, 70.0, 70.0, 70.0, 70.0, 70.0, 70.0, 70.0, 70.0, -999.0, 74.0, 68.0, 68.0, 71.61, 70.49, 69.48, 69.62, 72.57, 72.55, 72.55], [70.0, 70.0, 70.0, 70.0, 70.0, 70.0, 70.0, 70.0, 70.0, 70.0, -999.0, 68.0, 68.0, 71.26, 69.83, 72.36, 72.36, 72.48, 72.46, 72.45], [70.0, 70.0, 70.0, 70.0, 70.0, 70.0, 70.0, 70.0, 70.0, 70.0, -999.0, 73.0, 73.0, 73.0, 70.25, 72.45, 72.43, 72.56, 72.53, 72.51], [70.0, 70.0, 70.0, 70.0, 70.0, 70.0, 70.0, 66.0, 66.0, 66.0, 66.0, 68.69, 73.0, 73.0, 73.0, 72.54, 72.51, 72.63, 72.59, 72.56], [70.0, 70.0, 67.48, 67.44, 67.36, 66.0, 66.0, 66.0, 66.0, 66.0, 70.4, 69.91, 70.58, 71.15, 70.51, 71.17, 70.89, 71.38, 71.37, 71.26], [67.43, 67.41, 68.59, 68.52, 66.0, 66.0, 66.0, 66.0, 66.0, 66.0, 69.01, 69.88, 70.79, 71.63, 71.61, 71.94, 71.57, 71.28, 71.07, 70.93], [68.57, 68.52, 68.45, 68.35, 66.0, 66.0, 66.0, 66.0, 66.0, 67.78, 68.72, 69.77, 70.86, 71.55, 72.8, 72.06, 71.53, 71.19, 70.97, 70.83], [68.49, 68.43, 68.34, 66.0, 66.0, 66.0, 66.0, 66.0, 66.63, 67.36, 68.2, 69.08, 70.18, 71.08, 72.13, 71.74, 71.29, 70.99, 70.81, 70.7], [68.44, 68.37, 66.57, 66.54, 66.51, 66.45, 66.37, 66.16, 66.77, 67.38, 68.11, 68.85, 69.8, 70.34, 71.42, 71.2, 70.91, 70.71, 70.6, 70.55], [66.61, 66.6, 66.58, 66.41, 66.39, 66.36, 66.33, 66.29, 67.32, 67.63, 68.1, 68.64, 69.45, 70.98, 70.87, 70.67, 70.48, 70.38, 70.36, 70.38], [66.47, 66.46, 66.46, 66.45, 66.44, 66.43, 66.42, 65.47, 67.58, 67.76, 68.06, 68.45, 69.45, 70.63, 70.45, 70.21, 70.03, 70.03, 70.13, 70.22], [66.48, 66.48, 66.48, 65.1, 65.17, 65.25, 65.35, 65.45, 65.53, 65.53, 65.43, 66.97, 68.52, 70.38, 70.15, 69.83, 69.51, 69.69, 69.96, 70.12], [64.91, 64.94, 64.98, 65.03, 65.09, 65.18, 65.3, 65.47, 65.69, 65.77, 65.54, 65.75, 68.47, 68.72, 68.92, 69.67, 68.79, 69.72, 69.97, 70.09], [64.85, 64.88, 64.91, 64.94, 65.0, 65.08, 65.22, 65.47, 65.94, 66.37, 65.67, 65.61, 65.6, 68.72, 68.96, 69.17, 69.93, 70.27, 70.07, 70.11], [64.8, 64.81, 64.82, 64.84, 64.88, 64.94, 65.05, 65.27, 65.74, 66.16, 65.62, 65.27, 65.28, 68.71, 68.95, 68.27, 68.8, 69.0, 70.11, 70.14], [64.73, 64.73, 64.73, 64.73, 64.74, 64.75, 64.78, 64.84, 64.93, 64.84, 64.74, 64.65, 64.84, 66.47, 67.21, 67.82, 68.25, 68.44, 68.41, 68.27], [64.67, 64.66, 64.64, 64.62, 64.58, 64.54, 64.47, 64.34, 64.07, 63.78, 63.46, 64.25, 64.97, 65.69, 66.74, 67.34, 67.75, 67.97, 68.04, 68.01], [64.61, 64.59, 64.55, 64.51, 64.44, 64.35, 64.19, 63.93, 63.43, 62.68, 61.9, 63.41, 64.5, 65.31, 66.33, 66.92, 67.33, 67.58, 67.7, 67.74], [64.56, 64.52, 64.48, 64.41, 64.33, 64.2, 64.01, 63.7, 63.81, 62.92, 62.39, 63.37, 64.34, 65.1, 66.04, 66.59, 66.99, 67.26, 67.42, 67.5], [64.51, 64.47, 64.41, 64.34, 64.24, 64.11, 63.91, 63.65, 63.99, 63.56, 63.42, 63.83, 64.45, 65.05, 65.86, 66.36, 66.73, 67.0, 67.18, 67.29], [64.47, 64.42, 64.36, 64.29, 64.19, 64.06, 63.89, 64.53, 64.27, 64.06, 64.04, 64.27, 64.66, 65.1, 65.79, 66.21, 66.54, 66.8, 66.98, 67.11]]}