gis_exercise/awsData/contour/humi_2023090123.json
{"header": {"refTime": "2023-09-01T23:00:00.000Z", "nx": 21, "ny": 33, "lo1": 113.509, "la1": 22.2235, "lo2": 113.5947, "la2": 22.1034, "dx": 0.0042850000000001385, "dy": 0.003753125000000024, "parameterCategory": 0, "parameterCategoryName": "Temperature", "parameterNumber": 0}, "z": [[92.02, 92.03, 92.04, 93.32, 93.26, 90.41, 90.47, 90.51, 90.44, 90.75, 90.4, 90.04, 88.58, 88.41, 87.84, 87.85, 87.66, 87.76, 87.84, 87.9], [92.01, 92.02, 92.03, 92.05, 93.26, 93.16, 90.63, 90.81, 90.88, 90.93, 90.36, 89.81, 88.29, 88.13, 87.62, 87.5, 87.67, 87.8, 87.89, 87.95], [92.0, 92.01, 92.03, 92.05, 93.28, 93.18, 93.01, 91.06, 91.74, 91.1, 90.23, 89.39, 87.79, 87.71, 87.21, 87.49, 87.71, 87.87, 87.96, 88.01], [91.99, 92.0, 92.02, 92.04, 92.07, 93.25, 93.11, 92.89, 92.68, 90.94, 89.95, 88.64, 86.91, 87.97, 87.13, 87.54, 87.82, 87.98, 88.06, 88.1], [91.97, 91.98, 92.0, 92.03, 92.07, 93.35, 93.29, 93.24, 93.27, 90.89, 89.87, 87.7, 85.59, 87.51, 87.18, 87.69, 88.0, 88.16, 88.2, 88.2], [91.95, 91.96, 91.98, 92.0, 92.05, 92.12, 93.45, 93.48, 93.62, 93.9, 90.51, 88.82, 87.15, 86.34, 87.49, 87.95, 88.27, 88.41, 88.37, 88.3], [91.89, 91.93, 91.94, 91.96, 92.01, 92.1, 93.26, 93.53, 93.68, 93.99, 94.14, 90.79, 87.99, 87.57, 87.96, 88.22, 88.59, 88.73, 88.08, 87.76], [91.86, 91.85, 91.84, 91.85, 91.9, 92.92, 93.11, 93.25, 93.22, 94.19, 95.17, 92.54, 92.51, 87.48, 89.74, 89.96, 89.52, 89.37, 89.61, 89.78], [92.15, 92.12, 91.76, 91.73, 91.72, 91.8, 92.04, 93.18, 93.96, 93.85, 94.08, 93.34, 92.98, 93.46, 89.8, 90.04, 89.79, 89.68, 89.74, 89.84], [91.0, 91.0, 91.0, 91.94, 91.8, 91.45, 91.7, 92.04, 94.71, 94.54, 92.96, 93.8, 93.53, 93.66, 89.8, 90.13, 89.96, 89.88, 89.88, 89.91], [91.0, 91.0, 91.0, 91.0, 91.0, 91.0, 91.0, 91.0, 91.71, 94.03, 96.0, 94.09, 93.87, 93.85, 89.78, 90.19, 90.07, 90.0, 89.99, 90.0], [91.0, 91.0, 91.0, 91.0, 91.0, 91.0, 91.0, 91.0, 91.0, -999.0, 96.0, 91.0, 91.0, 94.01, 89.76, 90.26, 90.19, 93.55, 93.44, 93.41], [91.0, 91.0, 91.0, 91.0, 91.0, 91.0, 91.0, 91.0, 91.0, 91.0, -999.0, 91.0, 91.0, 94.92, 93.19, 91.91, 91.85, 92.84, 92.7, 92.61], [91.0, 91.0, 91.0, 91.0, 91.0, 91.0, 91.0, 91.0, 91.0, 91.0, -999.0, 97.0, 97.0, 97.0, 93.7, 92.58, 92.45, 93.46, 93.24, 93.08], [91.0, 91.0, 91.0, 91.0, 91.0, 91.0, 91.0, 91.0, 91.0, 91.0, 91.0, 93.31, 97.0, 97.0, 97.0, 93.34, 93.1, 94.02, 93.73, 93.5], [91.0, 91.0, 91.0, 91.0, 91.0, 91.0, 91.0, 91.0, 91.0, 91.0, 94.78, 94.35, 94.93, 95.42, 94.86, 97.73, 97.84, 97.65, 95.48, 95.36], [91.0, 91.0, 91.0, 91.0, 91.0, 91.0, 91.0, 91.0, 91.0, 91.0, 93.58, 94.32, 95.11, 95.83, 96.51, 97.45, 97.61, 97.74, 97.82, 97.89], [91.0, 91.0, 91.0, 91.0, 91.0, 91.0, 91.0, 91.0, 91.0, 92.52, 93.33, 94.23, 95.17, 96.43, 96.93, 97.4, 97.63, 97.77, 97.87, 97.93], [91.0, 91.0, 91.0, 91.0, 91.0, 91.0, 91.0, 91.0, 91.54, 92.17, 92.73, 93.48, 95.72, 96.3, 97.37, 97.54, 97.73, 97.86, 97.93, 97.98], [91.0, 91.0, 91.0, 91.0, 91.0, 91.0, 91.0, 91.0, 91.56, 92.03, 92.62, 93.25, 95.66, 96.15, 97.67, 97.77, 97.89, 97.98, 98.03, 98.05], [91.0, 91.0, 91.0, 91.0, 91.0, 91.0, 91.0, 91.0, 91.93, 92.17, 92.56, 93.02, 95.68, 97.86, 97.9, 97.99, 98.07, 98.12, 98.13, 98.12], [91.0, 91.0, 91.0, 91.0, 91.0, 91.0, 91.0, 90.65, 92.05, 92.19, 92.45, 92.79, 95.68, 98.01, 98.08, 98.18, 98.26, 98.26, 98.23, 98.19], [91.0, 91.0, 91.0, 90.49, 90.52, 90.55, 90.57, 90.6, 90.62, 90.61, 90.58, 93.11, 95.74, 98.11, 98.21, 98.34, 98.46, 98.4, 98.3, 98.24], [90.42, 90.43, 90.44, 90.46, 90.48, 90.5, 90.53, 90.58, 90.63, 90.65, 90.58, 92.47, 95.57, 96.4, 97.13, 98.41, 98.73, 98.41, 98.31, 98.26], [90.4, 90.4, 90.41, 90.42, 90.43, 90.45, 90.49, 90.56, 90.69, 90.81, 90.6, 92.17, 92.85, 96.29, 97.03, 97.64, 98.34, 98.23, 98.28, 98.25], [90.37, 90.37, 90.38, 90.38, 90.38, 90.4, 90.42, 90.48, 90.62, 90.74, 91.46, 91.9, 92.51, 96.16, 96.84, 97.04, 97.43, 97.52, 98.26, 98.24], [90.35, 90.34, 90.34, 90.33, 90.33, 90.32, 90.32, 90.33, 90.35, 90.32, 91.22, 91.56, 92.13, 95.1, 95.9, 96.52, 96.91, 97.06, 97.05, 96.95], [90.32, 90.31, 90.3, 90.29, 90.27, 90.25, 90.22, 90.16, 90.06, 90.7, 90.62, 90.92, 91.54, 92.22, 95.37, 96.0, 96.41, 96.62, 96.69, 96.68], [90.3, 90.29, 90.27, 90.25, 90.22, 90.18, 90.12, 90.03, 89.85, 90.13, 89.52, 90.47, 91.26, 91.95, 94.91, 95.54, 95.97, 96.23, 96.36, 96.41], [90.28, 90.26, 90.24, 90.22, 90.18, 90.13, 90.06, 89.95, 90.61, 90.12, 89.83, 90.48, 91.18, 91.8, 94.58, 95.18, 95.61, 95.89, 96.07, 96.16], [90.26, 90.24, 90.22, 90.19, 90.15, 90.1, 90.03, 89.93, 90.77, 90.54, 90.49, 90.8, 91.27, 91.76, 94.4, 94.93, 95.34, 95.62, 95.82, 95.94], [90.24, 90.23, 90.2, 90.17, 90.13, 90.09, 90.03, 91.13, 90.99, 90.89, 90.91, 91.11, 91.43, 91.79, 94.32, 94.77, 95.14, 95.41, 95.61, 95.75]]}