gis_exercise/awsData/contour/humi_2023091017.json
{"header": {"refTime": "2023-09-10T17:00:00.000Z", "nx": 21, "ny": 33, "lo1": 113.509, "la1": 22.2235, "lo2": 113.5947, "la2": 22.1034, "dx": 0.0042850000000001385, "dy": 0.003753125000000024, "parameterCategory": 0, "parameterCategoryName": "Temperature", "parameterNumber": 0}, "z": [[90.86, 90.92, 91.0, 93.14, 93.14, 90.83, 90.98, 91.12, 91.13, 92.26, 92.01, 91.76, 89.66, 89.48, 89.09, 89.0, 87.89, 87.91, 87.93, 87.94], [90.82, 90.88, 90.96, 91.06, 93.11, 93.11, 91.13, 91.46, 91.64, 92.36, 91.98, 91.58, 89.46, 89.28, 88.93, 87.86, 87.89, 87.91, 87.93, 87.94], [90.77, 90.82, 90.89, 90.99, 93.08, 93.08, 93.09, 91.73, 92.67, 92.47, 91.87, 91.26, 89.11, 88.99, 87.8, 87.85, 87.89, 87.92, 87.94, 87.95], [90.7, 90.74, 90.8, 90.89, 91.01, 93.03, 93.04, 93.07, 93.1, 92.4, 91.69, 90.69, 88.54, 89.43, 87.78, 87.86, 87.91, 87.93, 87.95, 87.96], [90.63, 90.65, 90.69, 90.75, 90.84, 92.95, 92.95, 93.0, 93.14, 92.46, 91.69, 89.35, 87.97, 89.11, 87.79, 87.88, 87.93, 87.95, 87.96, 87.97], [90.54, 90.55, 90.56, 90.59, 90.64, 90.71, 92.77, 92.76, 93.0, 93.55, 91.38, 90.03, 88.86, 87.67, 87.87, 87.93, 87.97, 87.98, 87.98, 87.98], [89.45, 90.44, 90.43, 90.42, 90.44, 90.46, 91.52, 92.22, 92.41, 93.03, 93.6, 91.11, 88.14, 88.02, 87.99, 87.99, 87.99, 88.0, 87.82, 87.75], [89.43, 89.42, 89.42, 89.43, 89.45, 91.21, 91.3, 91.12, 90.73, 93.39, 95.5, 91.46, 91.41, 87.99, 88.37, 88.48, 88.26, 88.18, 88.31, 88.39], [89.57, 89.56, 89.38, 89.37, 89.36, 89.4, 89.52, 91.29, 92.23, 92.77, 93.93, 92.75, 92.17, 92.93, 88.4, 88.52, 88.39, 88.34, 88.37, 88.42], [89.0, 89.0, 89.0, 89.47, 89.4, 89.23, 89.35, 89.52, 93.98, 93.59, 92.14, 93.47, 93.05, 93.25, 88.4, 88.56, 88.48, 88.44, 88.44, 88.46], [89.0, 89.0, 89.0, 89.0, 89.0, 89.0, 89.0, 89.0, 89.35, 92.39, 97.0, 93.95, 93.59, 93.57, 88.39, 88.6, 88.54, 88.5, 88.49, 88.5], [89.0, 89.0, 89.0, 89.0, 89.0, 89.0, 89.0, 89.0, 89.0, -999.0, 97.0, 89.0, 89.0, 93.81, 88.38, 88.63, 88.59, 92.55, 92.44, 92.41], [89.0, 89.0, 89.0, 89.0, 89.0, 89.0, 89.0, 89.0, 89.0, 89.0, -999.0, 89.0, 89.0, 93.57, 91.56, 90.91, 90.85, 91.84, 91.7, 91.61], [89.0, 89.0, 89.0, 89.0, 89.0, 89.0, 89.0, 89.0, 89.0, 89.0, -999.0, 96.0, 96.0, 96.0, 92.15, 91.58, 91.45, 92.46, 92.24, 92.08], [89.0, 89.0, 89.0, 89.0, 89.0, 89.0, 89.0, 90.0, 90.0, 90.0, 90.0, 92.31, 96.0, 96.0, 96.0, 92.34, 92.1, 93.02, 92.73, 92.5], [89.0, 89.0, 89.63, 89.64, 89.66, 90.0, 90.0, 90.0, 90.0, 90.0, 93.78, 93.35, 93.93, 94.42, 93.86, 94.9, 94.73, 95.03, 93.11, 92.9], [89.64, 89.65, 89.35, 89.37, 90.0, 90.0, 90.0, 90.0, 90.0, 90.0, 92.58, 93.32, 94.11, 94.83, 94.95, 95.25, 94.99, 94.78, 94.63, 94.53], [89.36, 89.37, 89.39, 89.41, 90.0, 90.0, 90.0, 90.0, 90.0, 91.52, 92.33, 93.23, 94.17, 94.89, 95.85, 95.34, 94.96, 94.72, 94.56, 94.46], [89.38, 89.39, 89.42, 90.0, 90.0, 90.0, 90.0, 90.0, 90.54, 91.17, 92.47, 93.25, 93.81, 94.55, 95.39, 95.11, 94.8, 94.58, 94.45, 94.37], [89.39, 89.41, 92.29, 92.17, 92.03, 91.81, 91.49, 90.66, 91.01, 91.73, 92.5, 93.17, 93.54, 94.02, 94.89, 94.74, 94.54, 94.39, 94.3, 94.26], [92.44, 92.38, 92.31, 91.65, 91.57, 91.45, 91.3, 91.14, 91.87, 92.22, 92.7, 93.16, 93.31, 94.58, 94.51, 94.38, 94.24, 94.16, 94.13, 94.14], [91.86, 91.85, 91.82, 91.8, 91.76, 91.72, 91.69, 91.39, 92.48, 92.68, 92.95, 93.23, 94.39, 94.34, 94.22, 94.07, 93.95, 93.93, 93.97, 94.02], [91.94, 91.94, 91.94, 91.46, 91.49, 91.55, 91.64, 91.76, 91.91, 91.99, 91.94, 92.56, 93.67, 94.16, 94.02, 93.83, 93.65, 93.71, 93.84, 93.94], [91.43, 91.45, 91.48, 91.52, 91.59, 91.69, 91.85, 92.09, 92.4, 92.54, 92.33, 92.76, 93.68, 93.62, 93.56, 93.71, 93.3, 93.65, 93.8, 93.89], [91.45, 91.48, 91.51, 91.57, 91.65, 91.78, 91.98, 92.31, 92.87, 93.35, 92.65, 92.72, 92.56, 93.63, 93.58, 93.54, 93.72, 93.82, 93.82, 93.88], [91.46, 91.49, 91.53, 91.59, 91.67, 91.79, 91.98, 92.28, 92.8, 93.22, 92.88, 92.53, 92.4, 93.65, 93.61, 92.99, 93.2, 93.27, 93.85, 93.9], [91.47, 91.49, 91.53, 91.58, 91.65, 91.74, 91.86, 92.02, 92.2, 92.2, 92.28, 92.14, 92.15, 92.25, 92.56, 92.8, 92.97, 93.05, 93.04, 92.99], [91.46, 91.49, 91.52, 91.56, 91.6, 91.65, 91.69, 91.71, 91.63, 91.68, 91.47, 91.77, 92.08, 92.35, 92.36, 92.61, 92.77, 92.86, 92.89, 92.88], [91.46, 91.48, 91.5, 91.52, 91.54, 91.55, 91.53, 91.45, 91.24, 91.0, 90.5, 91.29, 91.82, 92.16, 92.19, 92.43, 92.6, 92.7, 92.75, 92.77], [91.45, 91.46, 91.47, 91.48, 91.48, 91.47, 91.42, 91.3, 91.56, 91.06, 90.75, 91.25, 91.72, 92.06, 92.07, 92.3, 92.46, 92.57, 92.64, 92.67], [91.43, 91.44, 91.45, 91.44, 91.43, 91.41, 91.35, 91.25, 91.63, 91.38, 91.29, 91.48, 91.77, 92.04, 92.0, 92.2, 92.36, 92.47, 92.54, 92.58], [91.42, 91.42, 91.42, 91.42, 91.4, 91.37, 91.32, 91.9, 91.76, 91.63, 91.6, 91.7, 91.87, 92.06, 91.97, 92.14, 92.28, 92.38, 92.46, 92.51]]}