gis_exercise/awsData/contour/humi_2023090503.json
{"header": {"refTime": "2023-09-05T03:00:00.000Z", "nx": 21, "ny": 33, "lo1": 113.509, "la1": 22.2235, "lo2": 113.5947, "la2": 22.1034, "dx": 0.0042850000000001385, "dy": 0.003753125000000024, "parameterCategory": 0, "parameterCategoryName": "Temperature", "parameterNumber": 0}, "z": [[65.11, 65.14, 65.19, 65.49, 65.51, 64.38, 64.46, 64.52, 64.47, 63.84, 63.43, 63.04, 62.02, 61.81, 61.96, 61.93, 60.6, 60.67, 60.72, 60.76], [65.08, 65.12, 65.17, 65.23, 65.51, 65.55, 64.61, 64.81, 64.9, 64.16, 63.46, 62.87, 61.79, 61.57, 61.78, 60.52, 60.63, 60.71, 60.77, 60.8], [65.04, 65.08, 65.13, 65.2, 65.51, 65.55, 65.61, 65.05, 65.74, 64.42, 63.33, 62.52, 61.38, 61.24, 60.36, 60.53, 60.68, 60.78, 60.84, 60.86], [65.0, 65.03, 65.08, 65.15, 65.23, 65.53, 65.58, 65.66, 65.73, 64.02, 62.94, 61.9, 60.73, 60.44, 60.33, 60.57, 60.76, 60.88, 60.93, 60.94], [64.95, 64.97, 65.01, 65.07, 65.16, 65.5, 65.52, 65.54, 65.51, 63.42, 62.55, 60.37, 59.58, 60.27, 60.35, 60.67, 60.92, 61.04, 61.07, 61.04], [64.88, 64.9, 64.93, 64.97, 65.05, 65.17, 65.49, 65.47, 65.39, 65.22, 61.46, 60.77, 60.13, 59.67, 60.48, 60.84, 61.16, 61.29, 61.23, 61.13], [64.34, 64.81, 64.81, 64.84, 64.91, 65.04, 64.74, 65.52, 65.44, 64.1, 63.62, 61.46, 60.14, 60.02, 60.65, 61.01, 61.48, 61.66, 61.45, 61.26], [64.28, 64.27, 64.26, 64.28, 64.35, 64.41, 64.7, 65.2, 65.48, 64.17, 63.81, 61.92, 61.9, 59.99, 61.63, 61.52, 61.74, 61.82, 61.69, 61.61], [64.72, 64.67, 64.14, 64.1, 64.08, 64.19, 64.56, 64.85, 65.36, 64.08, 62.85, 62.41, 62.19, 62.48, 61.6, 61.48, 61.61, 61.66, 61.63, 61.58], [63.0, 63.0, 63.0, 64.4, 64.21, 63.68, 64.05, 64.56, 64.86, 64.97, 62.18, 62.68, 62.52, 62.6, 61.6, 61.44, 61.52, 61.56, 61.56, 61.54], [63.0, 63.0, 63.0, 63.0, 63.0, 63.0, 63.0, 63.0, 64.06, 65.32, 64.0, 62.86, 62.72, 62.71, 61.61, 61.4, 61.46, 61.5, 61.51, 61.5], [63.0, 63.0, 63.0, 63.0, 63.0, 63.0, 63.0, 63.0, 63.0, -999.0, 64.0, 61.0, 61.0, 62.81, 61.62, 61.37, 61.41, 66.55, 66.44, 66.41], [63.0, 63.0, 63.0, 63.0, 63.0, 63.0, 63.0, 63.0, 63.0, 63.0, -999.0, 61.0, 61.0, 66.88, 64.29, 64.91, 64.85, 65.84, 65.7, 65.61], [63.0, 63.0, 63.0, 63.0, 63.0, 63.0, 63.0, 63.0, 63.0, 63.0, -999.0, 70.0, 70.0, 70.0, 65.05, 65.58, 65.45, 66.46, 66.24, 66.08], [63.0, 63.0, 63.0, 63.0, 63.0, 63.0, 63.0, 76.0, 76.0, 76.0, 76.0, 73.69, 70.0, 70.0, 70.0, 66.34, 66.1, 67.02, 66.73, 66.5], [63.0, 63.0, 71.18, 71.33, 71.58, 76.0, 76.0, 76.0, 76.0, 76.0, 72.22, 72.65, 72.07, 71.58, 72.14, 68.53, 68.31, 68.7, 66.84, 66.61], [71.34, 71.43, 67.58, 67.8, 76.0, 76.0, 76.0, 76.0, 76.0, 76.0, 73.42, 72.68, 71.89, 71.17, 70.27, 70.08, 70.12, 70.15, 70.18, 70.21], [67.64, 67.8, 68.03, 68.36, 76.0, 76.0, 76.0, 76.0, 76.0, 74.48, 73.67, 72.77, 71.83, 70.36, 70.03, 70.06, 70.1, 70.14, 70.18, 70.22], [67.89, 68.1, 68.4, 76.0, 76.0, 76.0, 76.0, 76.0, 75.46, 74.83, 74.64, 73.91, 70.92, 70.4, 70.05, 70.07, 70.1, 70.14, 70.18, 70.22], [68.07, 68.29, 77.14, 77.09, 77.01, 76.91, 76.75, 76.33, 75.66, 75.32, 74.82, 74.21, 70.9, 70.39, 70.07, 70.06, 70.08, 70.12, 70.18, 70.24], [77.22, 77.19, 77.15, 76.83, 76.79, 76.73, 76.65, 76.57, 75.54, 75.35, 75.01, 74.55, 70.77, 70.09, 70.05, 70.01, 70.01, 70.08, 70.19, 70.27], [76.93, 76.92, 76.91, 76.9, 76.88, 76.86, 76.84, 75.99, 75.67, 75.55, 75.3, 74.93, 71.33, 70.09, 70.01, 69.9, 69.84, 70.0, 70.21, 70.33], [76.97, 76.97, 76.97, 75.72, 75.78, 75.87, 75.97, 76.09, 76.19, 76.22, 76.13, 74.25, 73.11, 70.1, 69.99, 69.72, 69.35, 69.87, 70.35, 70.46], [75.56, 75.59, 75.63, 75.68, 75.75, 75.85, 76.0, 76.21, 76.47, 76.57, 76.33, 73.55, 73.32, 72.42, 71.56, 69.77, 68.02, 70.58, 70.76, 70.66], [75.52, 75.54, 75.58, 75.63, 75.69, 75.8, 75.97, 76.27, 76.82, 77.3, 76.53, 73.84, 72.67, 72.6, 71.83, 71.25, 71.16, 72.31, 71.16, 70.82], [75.47, 75.49, 75.52, 75.55, 75.6, 75.69, 75.83, 76.1, 76.63, 77.09, 75.05, 73.77, 72.75, 72.81, 72.17, 70.91, 71.26, 71.51, 71.09, 70.85], [75.43, 75.43, 75.45, 75.46, 75.48, 75.52, 75.58, 75.68, 75.8, 75.73, 74.08, 73.37, 72.69, 71.06, 70.99, 71.02, 71.15, 71.23, 71.2, 71.12], [75.38, 75.37, 75.37, 75.36, 75.35, 75.32, 75.28, 75.18, 74.94, 73.46, 73.1, 74.22, 74.47, 74.64, 71.1, 71.08, 71.11, 71.14, 71.13, 71.09], [75.33, 75.31, 75.29, 75.26, 75.22, 75.14, 75.01, 74.78, 74.32, 72.71, 72.63, 73.59, 74.15, 74.45, 71.17, 71.12, 71.11, 71.11, 71.1, 71.08], [75.28, 75.25, 75.22, 75.17, 75.1, 75.0, 74.83, 74.55, 73.98, 73.33, 72.93, 73.52, 74.02, 74.34, 71.21, 71.16, 71.13, 71.11, 71.09, 71.08], [75.24, 75.2, 75.16, 75.1, 75.02, 74.91, 74.74, 74.49, 74.04, 73.71, 73.58, 73.77, 74.07, 74.31, 71.23, 71.18, 71.14, 71.12, 71.1, 71.08], [75.2, 75.16, 75.12, 75.05, 74.97, 74.86, 74.71, 74.35, 74.16, 73.99, 73.93, 74.01, 74.17, 74.34, 71.24, 71.19, 71.15, 71.12, 71.1, 71.08]]}