gis_exercise/awsData/contour/humi_2023090512.json
{"header": {"refTime": "2023-09-05T12:00:00.000Z", "nx": 21, "ny": 33, "lo1": 113.509, "la1": 22.2235, "lo2": 113.5947, "la2": 22.1034, "dx": 0.0042850000000001385, "dy": 0.003753125000000024, "parameterCategory": 0, "parameterCategoryName": "Temperature", "parameterNumber": 0}, "z": [[53.7, 53.71, 53.73, 54.0, 54.0, 54.0, 54.0, 54.0, 54.0, 54.0, 54.0, 54.0, 53.04, 52.98, 54.29, 54.32, 53.28, 53.31, 53.34, 53.35], [53.69, 53.71, 53.72, 53.74, 54.0, 54.0, 54.0, 54.0, 54.0, 54.0, 54.0, 54.0, 53.06, 52.99, 54.29, 53.27, 53.33, 53.37, 53.39, 53.4], [53.68, 53.69, 53.71, 53.73, 54.0, 54.0, 54.0, 54.0, 54.0, 54.0, 54.0, 54.0, 53.1, 53.02, 53.26, 53.31, 53.38, 53.44, 53.47, 53.47], [53.67, 53.68, 53.69, 53.72, 53.74, 54.0, 54.0, 54.0, 54.0, 54.0, 54.0, 54.0, 53.21, 53.08, 53.28, 53.36, 53.47, 53.55, 53.57, 53.55], [53.65, 53.66, 53.67, 53.69, 53.72, 54.0, 54.0, 54.0, 54.0, 54.0, 54.0, 53.23, 53.63, 53.15, 53.26, 53.42, 53.61, 53.72, 53.72, 53.66], [53.63, 53.63, 53.64, 53.66, 53.68, 53.72, 54.0, 54.0, 54.0, 54.0, 52.91, 52.97, 53.21, 52.66, 53.18, 53.49, 53.86, 54.02, 53.91, 53.77], [53.45, 53.6, 53.6, 53.61, 53.64, 53.68, 53.75, 54.0, 54.0, 53.22, 52.98, 52.39, 51.72, 51.96, 53.02, 53.56, 54.24, 54.5, 54.82, 54.75], [53.43, 53.42, 53.42, 53.43, 53.45, 53.62, 53.72, 53.85, 53.77, 53.35, 53.53, 51.23, 51.21, 52.01, 53.14, 52.6, 53.69, 54.08, 53.46, 53.04], [53.57, 53.56, 53.38, 53.37, 53.36, 53.4, 53.52, 53.76, 54.0, 53.15, 52.46, 51.87, 51.59, 51.97, 53.01, 52.39, 53.03, 53.3, 53.15, 52.91], [53.0, 53.0, 53.0, 53.47, 53.4, 53.23, 53.35, 53.52, 54.0, 54.0, 51.57, 52.24, 52.02, 52.13, 53.0, 52.19, 52.59, 52.8, 52.81, 52.72], [53.0, 53.0, 53.0, 53.0, 53.0, 53.0, 53.0, 53.0, 53.35, 54.0, 54.0, 52.48, 52.3, 52.28, 53.06, 52.02, 52.32, 52.49, 52.53, 52.5], [53.0, 53.0, 53.0, 53.0, 53.0, 53.0, 53.0, 53.0, 53.0, -999.0, 54.0, 50.0, 50.0, 52.41, 53.11, 51.85, 52.03, 58.41, 58.33, 58.31], [53.0, 53.0, 53.0, 53.0, 53.0, 53.0, 53.0, 53.0, 53.0, 53.0, -999.0, 50.0, 50.0, 57.18, 54.02, 57.18, 57.14, 57.88, 57.77, 57.71], [53.0, 53.0, 53.0, 53.0, 53.0, 53.0, 53.0, 53.0, 53.0, 53.0, -999.0, 61.0, 61.0, 61.0, 54.95, 57.68, 57.59, 58.34, 58.18, 58.06], [53.0, 53.0, 53.0, 53.0, 53.0, 53.0, 53.0, 57.0, 57.0, 57.0, 57.0, 58.54, 61.0, 61.0, 61.0, 58.25, 58.07, 58.77, 58.55, 58.37], [53.0, 53.0, 55.52, 55.56, 55.64, 57.0, 57.0, 57.0, 57.0, 57.0, 59.52, 59.23, 59.62, 59.95, 59.57, 58.8, 58.47, 59.05, 57.81, 57.58], [55.57, 55.59, 54.41, 54.48, 57.0, 57.0, 57.0, 57.0, 57.0, 57.0, 58.72, 59.22, 59.74, 60.22, 59.85, 59.5, 58.98, 58.56, 58.27, 58.06], [54.43, 54.48, 54.55, 54.65, 57.0, 57.0, 57.0, 57.0, 57.0, 58.02, 58.55, 59.15, 59.78, 59.84, 60.83, 59.67, 58.92, 58.44, 58.13, 57.93], [54.51, 54.57, 54.66, 57.0, 57.0, 57.0, 57.0, 57.0, 57.36, 57.78, 57.97, 58.46, 58.82, 59.43, 59.78, 59.23, 58.6, 58.17, 57.9, 57.75], [54.56, 54.63, 56.43, 56.46, 56.49, 56.55, 56.63, 56.84, 57.26, 57.51, 57.86, 58.27, 58.47, 58.77, 58.79, 58.47, 58.07, 57.78, 57.61, 57.52], [56.39, 56.4, 56.42, 56.59, 56.61, 56.64, 56.67, 56.71, 57.39, 57.52, 57.76, 58.06, 58.11, 58.17, 58.02, 57.75, 57.48, 57.32, 57.27, 57.28], [56.53, 56.54, 56.54, 56.55, 56.56, 56.57, 56.58, 56.48, 57.34, 57.42, 57.59, 57.83, 57.45, 57.68, 57.44, 57.14, 56.9, 56.85, 56.94, 57.05], [56.52, 56.52, 56.52, 56.38, 56.39, 56.39, 56.38, 56.36, 56.33, 56.31, 56.3, 56.03, 55.96, 57.33, 57.04, 56.65, 56.29, 56.42, 56.68, 56.87], [56.35, 56.35, 56.35, 56.35, 56.34, 56.33, 56.3, 56.27, 56.22, 56.19, 56.21, 55.75, 55.97, 55.95, 55.92, 56.42, 55.61, 56.29, 56.59, 56.78], [56.34, 56.33, 56.33, 56.32, 56.3, 56.28, 56.25, 56.2, 56.13, 56.07, 56.14, 55.79, 55.7, 55.97, 55.97, 55.97, 56.44, 56.64, 56.64, 56.77], [56.32, 56.31, 56.3, 56.29, 56.27, 56.25, 56.22, 56.17, 56.11, 56.06, 55.88, 55.81, 55.73, 55.99, 56.0, 56.04, 56.13, 56.19, 56.71, 56.8], [56.31, 56.3, 56.29, 56.27, 56.25, 56.23, 56.2, 56.16, 56.13, 56.11, 55.87, 55.82, 55.76, 56.0, 56.02, 56.05, 56.09, 56.11, 56.11, 56.08], [56.3, 56.29, 56.27, 56.26, 56.24, 56.21, 56.19, 56.16, 56.13, 55.9, 55.9, 56.15, 56.21, 56.29, 56.02, 56.04, 56.06, 56.08, 56.08, 56.07], [56.29, 56.27, 56.26, 56.25, 56.23, 56.2, 56.18, 56.15, 56.12, 55.93, 56.04, 56.12, 56.19, 56.27, 56.02, 56.04, 56.05, 56.06, 56.06, 56.06], [56.28, 56.27, 56.25, 56.24, 56.22, 56.2, 56.18, 56.15, 56.12, 56.08, 56.07, 56.12, 56.19, 56.25, 56.02, 56.03, 56.04, 56.04, 56.05, 56.05], [56.27, 56.26, 56.25, 56.23, 56.22, 56.2, 56.18, 56.16, 56.14, 56.12, 56.12, 56.15, 56.2, 56.25, 56.02, 56.03, 56.03, 56.04, 56.04, 56.04], [56.27, 56.26, 56.25, 56.23, 56.22, 56.2, 56.18, 56.17, 56.16, 56.15, 56.16, 56.18, 56.21, 56.25, 56.02, 56.02, 56.03, 56.03, 56.03, 56.03]]}