gis_exercise/awsData/contour/humi_2023091313.json
{"header": {"refTime": "2023-09-13T13:00:00.000Z", "nx": 21, "ny": 33, "lo1": 113.509, "la1": 22.2235, "lo2": 113.5947, "la2": 22.1034, "dx": 0.0042850000000001385, "dy": 0.003753125000000024, "parameterCategory": 0, "parameterCategoryName": "Temperature", "parameterNumber": 0}, "z": [[83.12, 83.17, 83.23, 84.3, 84.28, 83.8, 83.79, 83.78, 83.75, 83.49, 83.39, 83.28, 81.52, 81.38, 84.03, 84.17, 82.43, 82.56, 82.66, 82.72], [83.09, 83.14, 83.2, 83.28, 84.29, 84.26, 83.83, 83.83, 83.82, 83.57, 83.39, 83.23, 81.49, 81.33, 83.98, 82.33, 82.54, 82.7, 82.81, 82.86], [83.05, 83.1, 83.16, 83.24, 84.3, 84.28, 84.23, 83.88, 83.96, 83.63, 83.35, 83.13, 81.43, 81.28, 82.13, 82.42, 82.7, 82.91, 83.02, 83.05], [82.99, 83.04, 83.1, 83.19, 83.3, 84.3, 84.27, 84.21, 84.15, 83.54, 83.26, 82.95, 81.4, 81.25, 82.13, 82.54, 82.94, 83.21, 83.31, 83.29], [82.92, 82.96, 83.02, 83.1, 83.22, 84.35, 84.34, 84.31, 84.28, 83.43, 83.18, 81.43, 81.7, 81.27, 82.13, 82.75, 83.36, 83.7, 83.72, 83.57], [82.84, 82.86, 82.9, 82.98, 83.1, 83.29, 84.42, 84.43, 84.4, 84.34, 81.41, 81.22, 81.3, 80.33, 82.11, 83.06, 84.06, 84.49, 84.24, 83.87], [82.24, 82.73, 82.75, 82.8, 82.92, 83.14, 83.49, 84.58, 84.57, 82.97, 82.41, 80.65, 79.15, 79.45, 82.02, 83.37, 85.1, 85.74, 86.08, 85.76], [82.14, 82.11, 82.1, 82.13, 82.24, 82.88, 83.36, 84.09, 84.42, 83.19, 83.26, 79.15, 79.11, 79.51, 83.28, 82.19, 84.38, 85.17, 83.93, 83.09], [82.86, 82.79, 81.91, 81.83, 81.8, 81.99, 82.6, 83.59, 84.68, 82.86, 81.31, 80.28, 79.78, 80.44, 83.02, 81.79, 83.07, 83.6, 83.29, 82.82], [80.0, 80.0, 80.0, 82.34, 82.01, 81.13, 81.74, 82.6, 84.43, 84.49, 79.74, 80.92, 80.54, 80.72, 83.01, 81.37, 82.18, 82.61, 82.62, 82.43], [80.0, 80.0, 80.0, 80.0, 80.0, 80.0, 80.0, 80.0, 81.77, 84.66, 84.0, 81.33, 81.02, 81.0, 83.12, 81.04, 81.63, 81.98, 82.06, 81.99], [80.0, 80.0, 80.0, 80.0, 80.0, 80.0, 80.0, 80.0, 80.0, -999.0, 84.0, 77.0, 77.0, 81.21, 83.22, 80.7, 81.06, 84.73, 84.78, 84.8], [80.0, 80.0, 80.0, 80.0, 80.0, 80.0, 80.0, 80.0, 80.0, 80.0, -999.0, 77.0, 77.0, 80.92, 79.19, 85.54, 85.57, 85.08, 85.15, 85.19], [80.0, 80.0, 80.0, 80.0, 80.0, 80.0, 80.0, 80.0, 80.0, 80.0, -999.0, 83.0, 83.0, 83.0, 79.7, 85.21, 85.27, 84.77, 84.88, 84.96], [80.0, 80.0, 80.0, 80.0, 80.0, 80.0, 80.0, 79.0, 79.0, 79.0, 79.0, 80.54, 83.0, 83.0, 83.0, 84.83, 84.95, 84.49, 84.63, 84.75], [80.0, 80.0, 79.37, 79.36, 79.34, 79.0, 79.0, 79.0, 79.0, 79.0, 81.52, 81.23, 81.62, 81.95, 81.57, 85.2, 85.53, 84.95, 85.68, 85.86], [79.36, 79.35, 79.65, 79.63, 79.0, 79.0, 79.0, 79.0, 79.0, 79.0, 80.72, 81.22, 81.74, 82.22, 83.19, 84.07, 84.45, 84.74, 84.95, 85.09], [79.64, 79.63, 79.61, 79.59, 79.0, 79.0, 79.0, 79.0, 79.0, 80.02, 80.55, 81.15, 81.78, 83.12, 83.04, 83.96, 84.5, 84.84, 85.05, 85.19], [79.62, 79.61, 79.58, 79.0, 79.0, 79.0, 79.0, 79.0, 79.36, 79.78, 80.52, 81.04, 82.99, 83.24, 83.89, 84.28, 84.74, 85.04, 85.22, 85.32], [79.61, 79.59, 80.14, 80.09, 80.01, 79.91, 79.75, 79.33, 79.6, 80.04, 80.52, 80.96, 83.14, 83.5, 84.61, 84.84, 85.13, 85.33, 85.44, 85.48], [80.22, 80.19, 80.15, 79.83, 79.79, 79.73, 79.65, 79.57, 80.09, 80.31, 80.61, 80.92, 83.4, 85.06, 85.18, 85.39, 85.59, 85.69, 85.68, 85.65], [79.93, 79.92, 79.91, 79.9, 79.88, 79.86, 79.84, 78.99, 80.41, 80.54, 80.72, 80.91, 84.26, 85.42, 85.63, 85.89, 86.09, 86.07, 85.92, 85.79], [79.97, 79.97, 79.97, 78.72, 78.78, 78.87, 78.97, 79.09, 79.19, 79.22, 79.13, 82.52, 84.56, 85.67, 85.93, 86.32, 86.73, 86.44, 86.05, 85.87], [78.56, 78.59, 78.63, 78.68, 78.75, 78.85, 79.0, 79.21, 79.47, 79.57, 79.33, 81.47, 84.41, 85.06, 85.66, 86.48, 87.76, 86.25, 85.96, 85.86], [78.52, 78.54, 78.58, 78.63, 78.69, 78.8, 78.97, 79.27, 79.82, 80.3, 79.53, 81.1, 81.71, 84.94, 85.5, 85.93, 85.92, 85.32, 85.77, 85.81], [78.47, 78.49, 78.52, 78.55, 78.6, 78.69, 78.83, 79.1, 79.63, 80.09, 80.46, 80.62, 81.19, 84.8, 85.28, 84.65, 84.95, 84.94, 85.75, 85.77], [78.43, 78.43, 78.45, 78.46, 78.48, 78.52, 78.58, 78.68, 78.8, 78.73, 79.63, 79.88, 80.53, 82.38, 83.32, 84.01, 84.4, 84.54, 84.54, 84.46], [78.38, 78.37, 78.37, 78.36, 78.35, 78.32, 78.28, 78.18, 77.94, 78.49, 78.19, 78.1, 78.76, 79.4, 82.67, 83.39, 83.84, 84.08, 84.17, 84.16], [78.33, 78.31, 78.29, 78.26, 78.22, 78.14, 78.01, 77.78, 77.32, 77.2, 75.86, 77.29, 78.31, 79.05, 82.11, 82.85, 83.34, 83.64, 83.8, 83.86], [78.28, 78.25, 78.22, 78.17, 78.1, 78.0, 77.83, 77.55, 77.69, 76.84, 76.32, 77.24, 78.15, 78.85, 81.72, 82.43, 82.93, 83.26, 83.47, 83.58], [78.24, 78.2, 78.16, 78.1, 78.02, 77.91, 77.74, 77.49, 77.85, 77.43, 77.3, 77.68, 78.25, 78.8, 81.5, 82.13, 82.61, 82.95, 83.18, 83.33], [78.2, 78.16, 78.12, 78.05, 77.97, 77.86, 77.71, 78.36, 78.11, 77.91, 77.88, 78.09, 78.45, 78.85, 81.4, 81.95, 82.38, 82.71, 82.94, 83.11]]}