gis_exercise/awsData/contour/humi_2023091316.json
{"header": {"refTime": "2023-09-13T16:00:00.000Z", "nx": 21, "ny": 33, "lo1": 113.509, "la1": 22.2235, "lo2": 113.5947, "la2": 22.1034, "dx": 0.0042850000000001385, "dy": 0.003753125000000024, "parameterCategory": 0, "parameterCategoryName": "Temperature", "parameterNumber": 0}, "z": [[83.07, 83.09, 83.12, 83.92, 83.93, 82.32, 82.44, 82.54, 82.54, 83.12, 82.89, 82.66, 81.53, 81.41, 82.22, 82.34, 81.94, 82.07, 82.18, 82.25], [83.06, 83.08, 83.1, 83.13, 83.91, 83.93, 82.56, 82.8, 82.93, 83.25, 82.88, 82.52, 81.36, 81.23, 82.09, 81.78, 81.99, 82.16, 82.28, 82.35], [83.04, 83.06, 83.08, 83.11, 83.89, 83.9, 83.93, 83.01, 83.74, 83.36, 82.79, 82.26, 81.06, 80.98, 81.46, 81.81, 82.1, 82.31, 82.43, 82.48], [83.02, 83.03, 83.04, 83.06, 83.1, 83.86, 83.89, 83.93, 83.98, 83.24, 82.6, 81.8, 80.55, 81.07, 81.41, 81.9, 82.29, 82.53, 82.64, 82.65], [83.0, 83.0, 83.01, 83.02, 83.03, 83.8, 83.81, 83.85, 83.93, 83.16, 82.53, 80.95, 79.83, 80.82, 81.45, 82.1, 82.61, 82.88, 82.92, 82.85], [82.98, 82.98, 82.97, 82.97, 82.95, 82.93, 83.68, 83.67, 83.8, 84.11, 82.5, 81.53, 80.62, 80.0, 81.67, 82.44, 83.13, 83.43, 83.28, 83.07], [82.55, 82.96, 82.94, 82.93, 82.9, 82.84, 83.26, 83.32, 83.42, 83.84, 84.2, 82.52, 80.71, 80.53, 81.98, 82.78, 83.84, 84.23, 83.89, 83.51], [82.57, 82.58, 82.58, 82.57, 82.55, 83.28, 83.19, 82.87, 82.45, 84.03, 85.21, 83.23, 83.21, 80.49, 83.88, 83.56, 84.21, 84.45, 84.08, 83.83], [82.43, 82.44, 82.62, 82.63, 82.64, 82.6, 82.48, 83.11, 83.27, 83.7, 84.46, 83.87, 83.59, 83.97, 83.81, 83.44, 83.82, 83.98, 83.89, 83.74], [83.0, 83.0, 83.0, 82.53, 82.6, 82.77, 82.65, 82.48, 84.27, 84.05, 83.57, 84.24, 84.02, 84.13, 83.8, 83.31, 83.55, 83.68, 83.69, 83.63], [83.0, 83.0, 83.0, 83.0, 83.0, 83.0, 83.0, 83.0, 82.65, 83.37, 86.0, 84.48, 84.3, 84.28, 83.83, 83.21, 83.39, 83.49, 83.52, 83.5], [83.0, 83.0, 83.0, 83.0, 83.0, 83.0, 83.0, 83.0, 83.0, -999.0, 86.0, 82.0, 82.0, 84.41, 83.87, 83.11, 83.22, 86.71, 86.66, 86.65], [83.0, 83.0, 83.0, 83.0, 83.0, 83.0, 83.0, 83.0, 83.0, 83.0, -999.0, 82.0, 82.0, 85.92, 84.19, 86.09, 86.07, 86.44, 86.39, 86.35], [83.0, 83.0, 83.0, 83.0, 83.0, 83.0, 83.0, 83.0, 83.0, 83.0, -999.0, 88.0, 88.0, 88.0, 84.7, 86.34, 86.29, 86.67, 86.59, 86.53], [83.0, 83.0, 83.0, 83.0, 83.0, 83.0, 83.0, 80.0, 80.0, 80.0, 80.0, 83.07, 88.0, 88.0, 88.0, 86.63, 86.54, 86.88, 86.78, 86.69], [83.0, 83.0, 81.11, 81.08, 81.02, 80.0, 80.0, 80.0, 80.0, 80.0, 85.03, 84.46, 85.24, 85.89, 85.15, 88.0, 88.0, 88.0, 87.22, 87.16], [81.07, 81.06, 81.94, 81.89, 80.0, 80.0, 80.0, 80.0, 80.0, 80.0, 83.44, 84.43, 85.48, 86.44, 87.05, 87.58, 87.43, 87.31, 87.22, 87.15], [81.93, 81.89, 81.84, 81.76, 80.0, 80.0, 80.0, 80.0, 80.0, 82.03, 83.11, 84.31, 85.56, 86.95, 87.87, 87.63, 87.42, 87.28, 87.18, 87.11], [81.87, 81.82, 81.75, 80.0, 80.0, 80.0, 80.0, 80.0, 80.72, 81.56, 83.23, 84.27, 85.81, 86.67, 87.66, 87.51, 87.34, 87.21, 87.12, 87.06], [81.83, 81.78, 82.86, 82.72, 82.53, 82.27, 81.86, 80.82, 81.31, 82.25, 83.27, 84.15, 85.61, 86.27, 87.4, 87.32, 87.21, 87.11, 87.04, 87.0], [83.05, 82.98, 82.88, 82.07, 81.96, 81.82, 81.63, 81.43, 82.42, 82.87, 83.5, 84.12, 85.51, 87.23, 87.2, 87.15, 87.08, 87.01, 86.95, 86.92], [82.33, 82.31, 82.28, 82.25, 82.2, 82.15, 82.11, 82.08, 83.19, 83.45, 83.81, 84.18, 87.02, 87.1, 87.07, 87.03, 86.99, 86.92, 86.86, 86.84], [82.42, 82.42, 82.42, 82.32, 82.35, 82.39, 82.47, 82.6, 82.76, 82.87, 82.85, 84.32, 86.0, 87.0, 86.97, 86.97, 87.03, 86.86, 86.74, 86.74], [82.36, 82.38, 82.41, 82.45, 82.51, 82.62, 82.78, 83.04, 83.36, 83.52, 83.33, 84.99, 85.95, 86.14, 86.33, 86.89, 87.37, 86.55, 86.55, 86.64], [82.41, 82.44, 82.48, 82.54, 82.63, 82.77, 82.99, 83.33, 83.9, 84.37, 83.71, 84.84, 85.05, 86.1, 86.25, 86.37, 86.36, 85.96, 86.41, 86.58], [82.45, 82.49, 82.54, 82.61, 82.7, 82.84, 83.05, 83.37, 83.88, 84.29, 84.61, 84.62, 84.82, 86.04, 86.16, 85.76, 85.83, 85.79, 86.45, 86.57], [82.49, 82.52, 82.58, 82.64, 82.73, 82.85, 83.0, 83.19, 83.4, 83.43, 84.19, 84.26, 84.52, 84.89, 85.25, 85.5, 85.63, 85.67, 85.68, 85.66], [82.51, 82.55, 82.59, 82.65, 82.72, 82.81, 82.9, 82.97, 82.97, 83.64, 83.49, 83.33, 83.56, 83.76, 84.99, 85.26, 85.43, 85.51, 85.55, 85.55], [82.52, 82.56, 82.6, 82.65, 82.7, 82.75, 82.79, 82.79, 82.7, 83.03, 82.37, 82.97, 83.36, 83.62, 84.77, 85.05, 85.24, 85.35, 85.41, 85.44], [82.53, 82.56, 82.6, 82.63, 82.67, 82.7, 82.71, 82.68, 83.17, 82.79, 82.56, 82.94, 83.29, 83.55, 84.62, 84.89, 85.08, 85.21, 85.29, 85.33], [82.53, 82.56, 82.59, 82.62, 82.64, 82.66, 82.65, 82.62, 83.22, 83.04, 82.97, 83.11, 83.33, 83.53, 84.53, 84.78, 84.96, 85.09, 85.18, 85.24], [82.53, 82.55, 82.58, 82.6, 82.62, 82.62, 82.62, 83.43, 83.32, 83.23, 83.2, 83.28, 83.41, 83.55, 84.5, 84.71, 84.87, 85.0, 85.09, 85.16]]}