gis_exercise/awsData/contour/humi_2023091402.json
{"header": {"refTime": "2023-09-14T02:00:00.000Z", "nx": 21, "ny": 33, "lo1": 113.509, "la1": 22.2235, "lo2": 113.5947, "la2": 22.1034, "dx": 0.0042850000000001385, "dy": 0.003753125000000024, "parameterCategory": 0, "parameterCategoryName": "Temperature", "parameterNumber": 0}, "z": [[94.93, 94.91, 94.88, 95.62, 95.54, 94.06, 94.02, 93.98, 93.94, 94.27, 94.24, 94.19, 93.21, 93.17, 92.89, 92.88, 92.89, 92.91, 92.93, 92.94], [94.94, 94.92, 94.9, 94.87, 95.55, 95.42, 94.05, 94.01, 93.96, 94.23, 94.2, 94.12, 93.13, 93.1, 92.83, 92.86, 92.89, 92.91, 92.93, 92.94], [94.96, 94.94, 94.92, 94.89, 95.58, 95.45, 95.24, 94.03, 94.0, 94.2, 94.17, 94.0, 93.0, 92.99, 92.8, 92.85, 92.89, 92.92, 92.94, 92.95], [94.98, 94.97, 94.96, 94.94, 94.9, 95.55, 95.38, 95.09, 94.83, 94.31, 94.18, 93.79, 92.78, 93.64, 92.78, 92.86, 92.91, 92.93, 92.95, 92.96], [95.0, 95.0, 94.99, 94.98, 94.97, 95.7, 95.63, 95.55, 95.55, 94.6, 94.33, 93.56, 92.66, 93.44, 92.79, 92.88, 92.93, 92.95, 92.96, 92.97], [95.02, 95.02, 95.03, 95.03, 95.05, 95.07, 95.87, 95.91, 96.03, 96.24, 94.85, 94.02, 93.28, 92.67, 92.87, 92.93, 92.97, 92.98, 92.98, 92.98], [95.45, 95.04, 95.06, 95.07, 95.1, 95.16, 96.26, 96.1, 96.25, 96.53, 96.59, 94.79, 93.14, 93.02, 92.99, 92.99, 92.99, 93.0, 92.82, 92.75], [95.43, 95.42, 95.42, 95.43, 95.45, 96.07, 96.17, 96.22, 96.11, 96.69, 97.37, 95.23, 95.21, 92.99, 93.37, 93.48, 93.26, 93.18, 93.31, 93.39], [95.57, 95.56, 95.38, 95.37, 95.36, 95.4, 95.52, 96.2, 96.64, 96.42, 96.46, 95.87, 95.59, 95.97, 93.4, 93.52, 93.39, 93.34, 93.37, 93.42], [95.0, 95.0, 95.0, 95.47, 95.4, 95.23, 95.35, 95.52, 97.14, 97.03, 95.57, 96.24, 96.02, 96.13, 93.4, 93.56, 93.48, 93.44, 93.44, 93.46], [95.0, 95.0, 95.0, 95.0, 95.0, 95.0, 95.0, 95.0, 95.35, 96.68, 98.0, 96.48, 96.3, 96.28, 93.39, 93.6, 93.54, 93.5, 93.49, 93.5], [95.0, 95.0, 95.0, 95.0, 95.0, 95.0, 95.0, 95.0, 95.0, -999.0, 98.0, 94.0, 94.0, 96.41, 93.38, 93.63, 93.59, 96.41, 96.33, 96.31], [95.0, 95.0, 95.0, 95.0, 95.0, 95.0, 95.0, 95.0, 95.0, 95.0, -999.0, 94.0, 94.0, 97.26, 95.83, 95.18, 95.14, 95.88, 95.77, 95.71], [95.0, 95.0, 95.0, 95.0, 95.0, 95.0, 95.0, 95.0, 95.0, 95.0, -999.0, 99.0, 99.0, 99.0, 96.25, 95.68, 95.59, 96.34, 96.18, 96.06], [95.0, 95.0, 95.0, 95.0, 95.0, 95.0, 95.0, 95.0, 95.0, 95.0, 95.0, 96.54, 99.0, 99.0, 99.0, 96.25, 96.07, 96.77, 96.55, 96.37], [95.0, 95.0, 95.0, 95.0, 95.0, 95.0, 95.0, 95.0, 95.0, 95.0, 97.52, 97.23, 97.62, 97.95, 97.57, 97.9, 97.73, 98.03, 96.63, 96.45], [95.0, 95.0, 95.0, 95.0, 95.0, 95.0, 95.0, 95.0, 95.0, 95.0, 96.72, 97.22, 97.74, 98.22, 98.19, 98.25, 97.99, 97.78, 97.63, 97.53], [95.0, 95.0, 95.0, 95.0, 95.0, 95.0, 95.0, 95.0, 95.0, 96.02, 96.55, 97.15, 97.78, 98.16, 98.88, 98.34, 97.96, 97.72, 97.56, 97.46], [95.0, 95.0, 95.0, 95.0, 95.0, 95.0, 95.0, 95.0, 95.36, 95.78, 96.71, 97.23, 97.36, 97.88, 98.39, 98.11, 97.8, 97.58, 97.45, 97.37], [95.0, 95.0, 96.71, 96.63, 96.52, 96.36, 96.12, 95.49, 95.71, 96.21, 96.74, 97.19, 97.14, 97.45, 97.89, 97.74, 97.54, 97.39, 97.3, 97.26], [96.83, 96.79, 96.73, 96.24, 96.18, 96.09, 95.98, 95.86, 96.33, 96.57, 96.89, 97.2, 96.93, 97.58, 97.51, 97.38, 97.24, 97.16, 97.13, 97.14], [96.4, 96.38, 96.37, 96.35, 96.32, 96.29, 96.27, 96.21, 96.77, 96.91, 97.09, 97.27, 97.72, 97.34, 97.22, 97.07, 96.95, 96.93, 96.97, 97.02], [96.45, 96.45, 96.45, 96.34, 96.36, 96.39, 96.44, 96.52, 96.62, 96.68, 96.67, 96.59, 97.04, 97.16, 97.02, 96.83, 96.65, 96.71, 96.84, 96.94], [96.36, 96.37, 96.39, 96.41, 96.45, 96.52, 96.62, 96.78, 96.98, 97.08, 96.95, 97.01, 97.07, 96.9, 96.74, 96.71, 96.3, 96.65, 96.8, 96.89], [96.39, 96.4, 96.43, 96.47, 96.52, 96.61, 96.74, 96.95, 97.31, 97.6, 97.19, 97.04, 96.83, 96.93, 96.78, 96.66, 96.72, 96.82, 96.82, 96.88], [96.41, 96.43, 96.46, 96.5, 96.56, 96.65, 96.77, 96.97, 97.29, 97.55, 97.26, 96.97, 96.79, 96.97, 96.83, 96.44, 96.51, 96.55, 96.85, 96.9], [96.43, 96.45, 96.48, 96.52, 96.57, 96.64, 96.73, 96.85, 96.97, 96.99, 96.95, 96.81, 96.71, 96.32, 96.37, 96.42, 96.46, 96.48, 96.48, 96.46], [96.44, 96.46, 96.49, 96.52, 96.56, 96.61, 96.66, 96.7, 96.69, 96.69, 96.58, 96.74, 96.82, 96.88, 96.35, 96.39, 96.42, 96.44, 96.45, 96.44], [96.44, 96.46, 96.49, 96.51, 96.54, 96.57, 96.59, 96.58, 96.5, 96.39, 96.21, 96.53, 96.72, 96.82, 96.32, 96.36, 96.39, 96.41, 96.42, 96.42], [96.45, 96.46, 96.48, 96.5, 96.52, 96.53, 96.53, 96.5, 96.66, 96.44, 96.31, 96.51, 96.67, 96.78, 96.3, 96.34, 96.37, 96.39, 96.4, 96.4], [96.45, 96.46, 96.47, 96.49, 96.5, 96.5, 96.5, 96.47, 96.68, 96.57, 96.53, 96.59, 96.69, 96.77, 96.29, 96.33, 96.35, 96.37, 96.38, 96.39], [96.44, 96.46, 96.47, 96.48, 96.48, 96.48, 96.47, 96.78, 96.72, 96.66, 96.64, 96.67, 96.72, 96.78, 96.29, 96.32, 96.34, 96.35, 96.37, 96.37]]}