gis_exercise/awsData/contour/humi_2023090107.json
{"header": {"refTime": "2023-09-01T07:00:00.000Z", "nx": 21, "ny": 33, "lo1": 113.509, "la1": 22.2235, "lo2": 113.5947, "la2": 22.1034, "dx": 0.0042850000000001385, "dy": 0.003753125000000024, "parameterCategory": 0, "parameterCategoryName": "Temperature", "parameterNumber": 0}, "z": [[72.79, 72.83, 72.88, 73.7, 73.72, 72.35, 72.45, 72.53, 72.51, 72.48, 72.16, 71.85, 70.9, 70.73, 70.66, 70.65, 69.87, 69.94, 69.99, 70.02], [72.76, 72.8, 72.86, 72.93, 73.71, 73.74, 72.58, 72.8, 72.91, 72.7, 72.17, 71.7, 70.69, 70.53, 70.5, 69.78, 69.89, 69.97, 70.02, 70.06], [72.73, 72.76, 72.82, 72.88, 73.7, 73.72, 73.77, 73.03, 73.74, 72.89, 72.06, 71.39, 70.33, 70.23, 69.62, 69.79, 69.93, 70.02, 70.08, 70.11], [72.68, 72.71, 72.76, 72.82, 72.91, 73.7, 73.73, 73.79, 73.85, 72.63, 71.77, 70.85, 69.74, 69.87, 69.58, 69.82, 70.0, 70.11, 70.16, 70.18], [72.62, 72.65, 72.68, 72.74, 72.81, 73.65, 73.66, 73.69, 73.72, 72.29, 71.54, 69.76, 68.75, 69.65, 69.6, 69.92, 70.14, 70.25, 70.27, 70.26], [72.56, 72.57, 72.59, 72.63, 72.69, 72.77, 73.58, 73.57, 73.6, 73.66, 71.12, 70.28, 69.48, 69.0, 69.76, 70.08, 70.34, 70.45, 70.41, 70.34], [71.89, 72.49, 72.48, 72.5, 72.54, 72.62, 72.75, 73.42, 73.43, 73.07, 73.04, 71.19, 69.71, 69.53, 69.98, 70.25, 70.61, 70.74, 70.45, 70.26], [71.86, 71.85, 71.84, 71.85, 71.9, 72.47, 72.66, 72.89, 73.0, 73.18, 73.57, 71.92, 71.9, 69.49, 71.0, 71.0, 71.0, 71.0, 71.0, 71.0], [72.15, 72.12, 71.76, 71.73, 71.72, 71.8, 72.04, 72.74, 73.32, 73.0, 72.85, 72.41, 72.19, 72.48, 71.0, 71.0, 71.0, 71.0, 71.0, 71.0], [71.0, 71.0, 71.0, 71.94, 71.8, 71.45, 71.7, 72.04, 73.57, 73.51, 72.18, 72.68, 72.52, 72.6, 71.0, 71.0, 71.0, 71.0, 71.0, 71.0], [71.0, 71.0, 71.0, 71.0, 71.0, 71.0, 71.0, 71.0, 71.71, 73.34, 74.0, 72.86, 72.72, 72.71, 71.0, 71.0, 71.0, 71.0, 71.0, 71.0], [71.0, 71.0, 71.0, 71.0, 71.0, 71.0, 71.0, 71.0, 71.0, -999.0, 74.0, 71.0, 71.0, 72.81, 71.0, 71.0, 71.0, 76.12, 75.99, 75.96], [71.0, 71.0, 71.0, 71.0, 71.0, 71.0, 71.0, 71.0, 71.0, 71.0, -999.0, 71.0, 71.0, 76.88, 74.29, 74.28, 74.21, 75.32, 75.16, 75.06], [71.0, 71.0, 71.0, 71.0, 71.0, 71.0, 71.0, 71.0, 71.0, 71.0, -999.0, 80.0, 80.0, 80.0, 75.05, 75.03, 74.88, 76.01, 75.77, 75.58], [71.0, 71.0, 71.0, 71.0, 71.0, 71.0, 71.0, 73.0, 73.0, 73.0, 73.0, 75.69, 80.0, 80.0, 80.0, 75.88, 75.61, 76.65, 76.33, 76.06], [71.0, 71.0, 72.26, 72.28, 72.32, 73.0, 73.0, 73.0, 73.0, 73.0, 77.4, 76.91, 77.58, 78.15, 77.51, 76.7, 76.2, 77.08, 75.21, 74.87], [72.28, 72.3, 71.71, 71.74, 73.0, 73.0, 73.0, 73.0, 73.0, 73.0, 76.01, 76.88, 77.79, 78.63, 78.16, 78.32, 77.73, 77.27, 76.94, 76.72], [71.71, 71.74, 71.77, 71.83, 73.0, 73.0, 73.0, 73.0, 73.0, 74.78, 75.72, 76.77, 77.86, 78.12, 79.73, 78.5, 77.66, 77.12, 76.78, 76.57], [71.75, 71.79, 71.83, 73.0, 73.0, 73.0, 73.0, 73.0, 73.63, 74.36, 75.02, 75.89, 76.45, 77.47, 78.62, 77.99, 77.28, 76.81, 76.53, 76.37], [71.78, 71.81, 73.0, 73.0, 73.0, 73.0, 73.0, 73.0, 73.66, 74.2, 74.89, 75.62, 75.9, 76.43, 77.48, 77.12, 76.67, 76.35, 76.18, 76.12], [73.0, 73.0, 73.0, 73.0, 73.0, 73.0, 73.0, 73.0, 74.09, 74.37, 74.82, 75.36, 75.36, 76.78, 76.6, 76.27, 75.96, 75.8, 75.8, 75.85], [73.0, 73.0, 73.0, 73.0, 73.0, 73.0, 73.0, 72.83, 74.22, 74.39, 74.69, 75.09, 74.84, 76.22, 75.91, 75.5, 75.19, 75.22, 75.43, 75.62], [73.0, 73.0, 73.0, 72.75, 72.76, 72.77, 72.79, 72.8, 72.81, 72.81, 72.79, 72.47, 73.81, 75.82, 75.43, 74.85, 74.24, 74.65, 75.21, 75.48], [72.71, 72.72, 72.72, 72.73, 72.74, 72.75, 72.77, 72.79, 72.82, 72.83, 72.79, 72.26, 73.81, 73.92, 73.95, 74.6, 72.75, 74.88, 75.32, 75.48], [72.7, 72.7, 72.71, 72.71, 72.72, 72.73, 72.74, 72.78, 72.85, 72.91, 72.8, 72.31, 72.11, 73.96, 74.09, 74.23, 75.34, 76.18, 75.58, 75.55], [72.69, 72.69, 72.69, 72.69, 72.69, 72.7, 72.71, 72.74, 72.81, 72.87, 72.51, 72.29, 72.13, 74.0, 74.18, 74.26, 74.7, 74.95, 75.62, 75.61], [72.67, 72.67, 72.67, 72.67, 72.66, 72.66, 72.66, 72.67, 72.68, 72.66, 72.35, 72.23, 72.12, 73.62, 73.88, 74.15, 74.4, 74.54, 74.5, 74.4], [72.66, 72.66, 72.65, 72.65, 72.64, 72.63, 72.61, 72.58, 72.53, 72.24, 72.18, 73.18, 73.59, 74.05, 73.76, 73.99, 74.18, 74.29, 74.31, 74.27], [72.65, 72.64, 72.64, 72.63, 72.61, 72.59, 72.56, 72.51, 72.42, 72.12, 72.32, 72.91, 73.42, 73.87, 73.64, 73.85, 74.01, 74.11, 74.16, 74.16], [72.64, 72.63, 72.62, 72.61, 72.59, 72.57, 72.53, 72.48, 72.98, 72.69, 72.51, 72.92, 73.37, 73.78, 73.54, 73.74, 73.88, 73.98, 74.03, 74.05], [72.63, 72.62, 72.61, 72.6, 72.58, 72.55, 72.52, 72.47, 73.09, 72.95, 72.93, 73.13, 73.43, 73.75, 73.49, 73.65, 73.78, 73.88, 73.94, 73.97], [72.62, 72.61, 72.6, 72.59, 72.57, 72.54, 72.51, 73.31, 73.23, 73.17, 73.19, 73.32, 73.53, 73.77, 73.46, 73.6, 73.71, 73.8, 73.86, 73.9]]}