gis_exercise/awsData/contour/humi_2023090111.json
{"header": {"refTime": "2023-09-01T11:00:00.000Z", "nx": 21, "ny": 33, "lo1": 113.509, "la1": 22.2235, "lo2": 113.5947, "la2": 22.1034, "dx": 0.0042850000000001385, "dy": 0.003753125000000024, "parameterCategory": 0, "parameterCategoryName": "Temperature", "parameterNumber": 0}, "z": [[65.18, 65.23, 65.31, 66.66, 66.68, 65.09, 65.22, 65.33, 65.32, 65.68, 65.38, 65.08, 63.42, 63.22, 63.66, 63.65, 62.33, 62.4, 62.46, 62.49], [65.14, 65.19, 65.27, 65.36, 66.67, 66.7, 65.36, 65.63, 65.77, 65.87, 65.37, 64.92, 63.22, 63.03, 63.5, 62.26, 62.37, 62.45, 62.51, 62.55], [65.09, 65.14, 65.21, 65.3, 66.64, 66.68, 66.73, 65.88, 66.7, 66.03, 65.26, 64.61, 62.88, 62.74, 62.1, 62.28, 62.42, 62.53, 62.59, 62.62], [65.02, 65.07, 65.13, 65.21, 65.33, 66.63, 66.67, 66.76, 66.84, 65.82, 65.0, 64.06, 62.34, 62.61, 62.08, 62.32, 62.52, 62.65, 62.7, 62.71], [64.95, 64.98, 65.02, 65.09, 65.19, 66.55, 66.57, 66.61, 66.68, 65.58, 64.83, 62.56, 61.64, 62.39, 62.1, 62.43, 62.7, 62.84, 62.86, 62.82], [64.87, 64.88, 64.9, 64.94, 65.01, 65.1, 66.42, 66.4, 66.49, 66.71, 63.96, 63.02, 62.23, 61.33, 62.19, 62.6, 62.98, 63.13, 63.05, 62.93], [63.89, 64.77, 64.76, 64.77, 64.81, 64.88, 65.26, 66.09, 66.14, 65.8, 65.89, 63.72, 61.57, 61.51, 62.33, 62.77, 63.36, 63.57, 63.45, 63.26], [63.86, 63.85, 63.84, 63.85, 63.9, 64.92, 65.11, 65.25, 65.17, 66.03, 67.06, 63.84, 63.81, 61.5, 63.26, 63.04, 63.48, 63.63, 63.39, 63.22], [64.15, 64.12, 63.76, 63.73, 63.72, 63.8, 64.04, 65.18, 65.96, 65.64, 65.69, 64.81, 64.38, 64.95, 63.2, 62.96, 63.21, 63.32, 63.26, 63.16], [63.0, 63.0, 63.0, 63.94, 63.8, 63.45, 63.7, 64.04, 66.71, 66.54, 64.35, 65.36, 65.04, 65.19, 63.2, 62.87, 63.04, 63.12, 63.12, 63.09], [63.0, 63.0, 63.0, 63.0, 63.0, 63.0, 63.0, 63.0, 63.71, 66.03, 68.0, 65.71, 65.44, 65.43, 63.22, 62.81, 62.93, 63.0, 63.01, 63.0], [63.0, 63.0, 63.0, 63.0, 63.0, 63.0, 63.0, 63.0, 63.0, -999.0, 68.0, 62.0, 62.0, 65.61, 63.24, 62.74, 62.81, 68.55, 68.44, 68.41], [63.0, 63.0, 63.0, 63.0, 63.0, 63.0, 63.0, 63.0, 63.0, 63.0, -999.0, 62.0, 62.0, 68.53, 65.66, 66.91, 66.85, 67.84, 67.7, 67.61], [63.0, 63.0, 63.0, 63.0, 63.0, 63.0, 63.0, 63.0, 63.0, 63.0, -999.0, 72.0, 72.0, 72.0, 66.5, 67.58, 67.45, 68.46, 68.24, 68.08], [63.0, 63.0, 63.0, 63.0, 63.0, 63.0, 63.0, 68.0, 68.0, 68.0, 68.0, 69.54, 72.0, 72.0, 72.0, 68.34, 68.1, 69.02, 68.73, 68.5], [63.0, 63.0, 66.15, 66.2, 66.3, 68.0, 68.0, 68.0, 68.0, 68.0, 70.52, 70.23, 70.62, 70.95, 70.57, 69.07, 68.62, 69.4, 67.74, 67.44], [66.21, 66.24, 64.76, 64.85, 68.0, 68.0, 68.0, 68.0, 68.0, 68.0, 69.72, 70.22, 70.74, 71.22, 70.63, 70.9, 70.51, 70.21, 70.01, 69.87], [64.78, 64.84, 64.93, 65.06, 68.0, 68.0, 68.0, 68.0, 68.0, 69.02, 69.55, 70.15, 70.78, 70.62, 71.79, 71.01, 70.46, 70.11, 69.9, 69.77], [64.88, 64.96, 65.08, 68.0, 68.0, 68.0, 68.0, 68.0, 68.36, 68.78, 68.6, 69.07, 69.46, 70.12, 71.08, 70.67, 70.2, 69.9, 69.72, 69.64], [64.95, 65.03, 66.29, 66.37, 66.48, 66.64, 66.88, 67.51, 68.04, 68.17, 68.42, 68.81, 69.02, 69.31, 70.32, 70.07, 69.77, 69.58, 69.49, 69.48], [66.17, 66.21, 66.27, 66.76, 66.82, 66.91, 67.02, 67.14, 67.92, 68.0, 68.19, 68.49, 68.56, 69.86, 69.71, 69.47, 69.26, 69.19, 69.23, 69.31], [66.6, 66.62, 66.63, 66.65, 66.68, 66.71, 66.73, 66.79, 67.62, 67.68, 67.84, 68.11, 67.16, 69.47, 69.22, 68.9, 68.66, 68.75, 69.0, 69.18], [66.55, 66.55, 66.55, 66.66, 66.64, 66.61, 66.56, 66.48, 66.38, 66.32, 66.33, 65.62, 67.04, 69.21, 68.89, 68.37, 67.78, 68.3, 68.91, 69.15], [66.64, 66.63, 66.61, 66.59, 66.55, 66.48, 66.38, 66.22, 66.02, 65.92, 66.05, 65.25, 66.99, 67.3, 67.5, 68.23, 66.14, 68.79, 69.18, 69.24], [66.61, 66.6, 66.57, 66.53, 66.48, 66.39, 66.26, 66.05, 65.69, 65.4, 65.81, 65.32, 65.27, 67.34, 67.66, 67.98, 69.38, 70.49, 69.55, 69.36], [66.59, 66.57, 66.54, 66.5, 66.44, 66.35, 66.23, 66.03, 65.71, 65.45, 65.38, 65.45, 65.39, 67.37, 67.74, 68.45, 68.94, 69.24, 69.54, 69.42], [66.57, 66.55, 66.52, 66.48, 66.43, 66.36, 66.27, 66.15, 66.03, 66.01, 65.67, 65.67, 65.56, 67.98, 68.18, 68.41, 68.66, 68.8, 68.76, 68.64], [66.56, 66.54, 66.51, 66.48, 66.44, 66.39, 66.34, 66.3, 66.31, 66.01, 66.11, 67.29, 67.68, 68.17, 68.11, 68.3, 68.46, 68.56, 68.57, 68.53], [66.56, 66.54, 66.51, 66.49, 66.46, 66.43, 66.41, 66.42, 66.5, 66.39, 67.06, 67.29, 67.64, 68.05, 68.04, 68.19, 68.32, 68.41, 68.44, 68.43], [66.55, 66.54, 66.52, 66.5, 66.48, 66.47, 66.47, 66.5, 67.17, 67.15, 67.15, 67.34, 67.64, 67.99, 67.98, 68.11, 68.22, 68.29, 68.33, 68.34], [66.55, 66.54, 66.53, 66.51, 66.5, 66.5, 66.5, 66.53, 67.28, 67.28, 67.32, 67.47, 67.7, 67.97, 67.94, 68.05, 68.15, 68.21, 68.25, 68.28], [66.56, 66.54, 66.53, 66.52, 66.52, 66.52, 66.53, 67.39, 67.39, 67.41, 67.47, 67.59, 67.76, 67.98, 67.92, 68.01, 68.09, 68.15, 68.19, 68.22]]}