gis_exercise/awsData/contour/humi_2023090306.json
{"header": {"refTime": "2023-09-03T06:00:00.000Z", "nx": 21, "ny": 33, "lo1": 113.509, "la1": 22.2235, "lo2": 113.5947, "la2": 22.1034, "dx": 0.0042850000000001385, "dy": 0.003753125000000024, "parameterCategory": 0, "parameterCategoryName": "Temperature", "parameterNumber": 0}, "z": [[89.88, 89.95, 90.04, 91.66, 91.68, 90.55, 90.66, 90.75, 90.76, 91.18, 90.99, 90.79, 89.69, 89.57, 89.2, 89.12, 88.27, 88.27, 88.27, 88.27], [89.83, 89.9, 89.99, 90.11, 91.67, 91.7, 90.76, 90.97, 91.09, 91.3, 90.98, 90.69, 89.56, 89.43, 89.09, 88.26, 88.26, 88.26, 88.26, 88.26], [89.77, 89.83, 89.92, 90.04, 91.64, 91.68, 91.73, 91.15, 91.78, 91.4, 90.91, 90.48, 89.33, 89.24, 88.26, 88.26, 88.25, 88.25, 88.24, 88.25], [89.69, 89.74, 89.82, 89.93, 90.08, 91.63, 91.67, 91.76, 91.84, 91.28, 90.74, 90.11, 88.96, 89.22, 88.25, 88.25, 88.24, 88.23, 88.23, 88.23], [89.6, 89.64, 89.69, 89.78, 89.9, 91.55, 91.57, 91.61, 91.68, 91.15, 90.65, 89.17, 88.49, 89.05, 88.25, 88.24, 88.22, 88.2, 88.21, 88.22], [89.49, 89.51, 89.54, 89.6, 89.69, 89.83, 91.42, 91.4, 91.49, 91.71, 90.19, 89.51, 88.93, 88.33, 88.28, 88.24, 88.18, 88.16, 88.18, 88.2], [88.34, 89.37, 89.36, 89.38, 89.44, 89.56, 90.01, 91.09, 91.14, 91.19, 91.4, 90.06, 88.57, 88.51, 88.33, 88.24, 88.12, 88.08, 88.0, 88.0], [88.28, 88.27, 88.26, 88.28, 88.35, 89.54, 89.83, 90.11, 90.28, 91.36, 92.29, 90.23, 90.21, 88.5, 88.37, 88.48, 88.26, 88.18, 88.31, 88.39], [88.72, 88.67, 88.14, 88.1, 88.08, 88.19, 88.56, 89.94, 90.96, 91.06, 91.46, 90.87, 90.59, 90.97, 88.4, 88.52, 88.39, 88.34, 88.37, 88.42], [87.0, 87.0, 87.0, 88.4, 88.21, 87.68, 88.05, 88.56, 91.71, 91.54, 90.57, 91.24, 91.02, 91.13, 88.4, 88.56, 88.48, 88.44, 88.44, 88.46], [87.0, 87.0, 87.0, 87.0, 87.0, 87.0, 87.0, 87.0, 88.06, 91.03, 93.0, 91.48, 91.3, 91.28, 88.39, 88.6, 88.54, 88.5, 88.49, 88.5], [87.0, 87.0, 87.0, 87.0, 87.0, 87.0, 87.0, 87.0, 87.0, -999.0, 93.0, 89.0, 89.0, 91.41, 88.38, 88.63, 88.59, 91.98, 91.88, 91.86], [87.0, 87.0, 87.0, 87.0, 87.0, 87.0, 87.0, 87.0, 87.0, 87.0, -999.0, 89.0, 89.0, 92.92, 91.19, 90.55, 90.5, 91.36, 91.24, 91.16], [87.0, 87.0, 87.0, 87.0, 87.0, 87.0, 87.0, 87.0, 87.0, 87.0, -999.0, 95.0, 95.0, 95.0, 91.7, 91.13, 91.02, 91.9, 91.71, 91.57], [87.0, 87.0, 87.0, 87.0, 87.0, 87.0, 87.0, 90.0, 90.0, 90.0, 90.0, 91.92, 95.0, 95.0, 95.0, 91.8, 91.59, 92.39, 92.14, 91.93], [87.0, 87.0, 88.89, 88.92, 88.98, 90.0, 90.0, 90.0, 90.0, 90.0, 93.15, 92.79, 93.27, 93.68, 93.22, 94.27, 94.16, 94.35, 92.64, 92.47], [88.93, 88.94, 88.06, 88.11, 90.0, 90.0, 90.0, 90.0, 90.0, 90.0, 92.15, 92.77, 93.42, 94.02, 94.18, 95.11, 95.15, 95.19, 95.22, 95.25], [88.07, 88.11, 88.16, 88.24, 90.0, 90.0, 90.0, 90.0, 90.0, 91.27, 91.94, 92.69, 93.47, 94.13, 94.88, 95.09, 95.15, 95.19, 95.23, 95.26], [88.13, 88.18, 88.25, 90.0, 90.0, 90.0, 90.0, 90.0, 90.45, 90.97, 92.0, 92.64, 93.27, 93.86, 95.08, 95.12, 95.16, 95.2, 95.24, 95.27], [88.17, 88.22, 91.71, 91.63, 91.52, 91.36, 91.12, 90.49, 90.8, 91.38, 92.01, 92.56, 93.06, 93.46, 95.13, 95.14, 95.17, 95.21, 95.25, 95.29], [91.83, 91.79, 91.73, 91.24, 91.18, 91.09, 90.98, 90.86, 91.48, 91.76, 92.15, 92.54, 92.9, 95.17, 95.16, 95.15, 95.16, 95.21, 95.27, 95.32], [91.4, 91.38, 91.37, 91.35, 91.32, 91.29, 91.27, 91.21, 91.95, 92.11, 92.33, 92.57, 93.71, 95.19, 95.16, 95.11, 95.09, 95.18, 95.3, 95.36], [91.45, 91.45, 91.45, 91.34, 91.36, 91.39, 91.44, 91.52, 91.62, 91.68, 91.67, 92.12, 94.48, 95.22, 95.16, 95.03, 94.84, 95.12, 95.38, 95.44], [91.36, 91.37, 91.39, 91.41, 91.45, 91.52, 91.62, 91.78, 91.98, 92.08, 91.95, 92.5, 94.44, 94.68, 94.84, 95.07, 94.11, 95.53, 95.62, 95.55], [91.39, 91.4, 91.43, 91.47, 91.52, 91.61, 91.74, 91.95, 92.31, 92.6, 92.19, 92.46, 92.43, 94.69, 94.92, 95.14, 95.85, 96.49, 95.85, 95.65], [91.41, 91.43, 91.46, 91.5, 91.56, 91.65, 91.77, 91.97, 92.29, 92.55, 92.5, 92.36, 92.34, 94.7, 94.95, 94.92, 95.36, 95.57, 95.8, 95.66], [91.43, 91.45, 91.48, 91.52, 91.57, 91.64, 91.73, 91.85, 91.97, 91.99, 92.2, 92.16, 92.2, 93.9, 94.32, 94.69, 94.99, 95.13, 95.1, 94.99], [91.44, 91.46, 91.49, 91.52, 91.56, 91.61, 91.66, 91.7, 91.69, 91.89, 91.78, 92.62, 93.11, 93.64, 94.08, 94.43, 94.68, 94.82, 94.86, 94.83], [91.44, 91.46, 91.49, 91.51, 91.54, 91.57, 91.59, 91.58, 91.5, 91.53, 91.44, 92.23, 92.87, 93.42, 93.86, 94.19, 94.43, 94.58, 94.65, 94.67], [91.45, 91.46, 91.48, 91.5, 91.52, 91.53, 91.53, 91.5, 92.37, 91.95, 91.7, 92.23, 92.8, 93.29, 93.7, 94.01, 94.24, 94.39, 94.48, 94.52], [91.45, 91.46, 91.47, 91.49, 91.5, 91.5, 91.5, 91.47, 92.5, 92.3, 92.25, 92.5, 92.88, 93.26, 93.61, 93.88, 94.09, 94.24, 94.34, 94.39], [91.44, 91.46, 91.47, 91.48, 91.48, 91.48, 91.47, 92.79, 92.67, 92.58, 92.59, 92.75, 93.0, 93.29, 93.57, 93.8, 93.98, 94.12, 94.22, 94.29]]}