gis_exercise/awsData/contour/humi_2023090819.json
{"header": {"refTime": "2023-09-08T19:00:00.000Z", "nx": 21, "ny": 33, "lo1": 113.509, "la1": 22.2235, "lo2": 113.5947, "la2": 22.1034, "dx": 0.0042850000000001385, "dy": 0.003753125000000024, "parameterCategory": 0, "parameterCategoryName": "Temperature", "parameterNumber": 0}, "z": [[92.25, 92.33, 92.42, 94.33, 94.37, 92.11, 92.31, 92.5, 92.51, 93.36, 92.98, 92.59, 90.38, 90.13, 89.98, 89.89, 88.25, 88.29, 88.32, 88.35], [92.2, 92.27, 92.37, 92.5, 94.34, 94.4, 92.51, 92.94, 93.18, 93.6, 92.96, 92.37, 90.12, 89.87, 89.76, 88.19, 88.26, 88.31, 88.35, 88.37], [92.13, 92.19, 92.28, 92.41, 94.28, 94.35, 94.47, 93.3, 94.56, 93.81, 92.82, 91.95, 89.66, 89.49, 88.08, 88.19, 88.28, 88.35, 88.39, 88.41], [92.05, 92.1, 92.17, 92.28, 92.43, 94.25, 94.35, 94.52, 94.69, 93.56, 92.49, 91.22, 88.92, 89.43, 88.05, 88.22, 88.33, 88.41, 88.44, 88.45], [91.95, 91.98, 92.03, 92.1, 92.21, 94.1, 94.13, 94.23, 94.36, 93.3, 92.3, 89.35, 87.97, 89.11, 88.07, 88.28, 88.42, 88.5, 88.52, 88.5], [91.85, 91.86, 91.87, 91.91, 91.96, 92.04, 93.84, 93.81, 93.99, 94.43, 91.38, 90.03, 88.86, 87.67, 88.17, 88.39, 88.56, 88.64, 88.61, 88.56], [90.45, 91.72, 91.7, 91.7, 91.7, 91.72, 92.27, 93.17, 93.29, 93.38, 93.79, 91.11, 88.14, 88.02, 88.32, 88.5, 88.74, 88.83, 88.63, 88.5], [90.43, 90.42, 90.42, 90.43, 90.45, 91.98, 92.07, 91.94, 91.56, 93.71, 95.58, 91.46, 91.41, 87.99, 89.0, 89.0, 89.0, 89.0, 89.0, 89.0], [90.57, 90.56, 90.38, 90.37, 90.36, 90.4, 90.52, 92.08, 92.91, 93.13, 93.93, 92.75, 92.17, 92.93, 89.0, 89.0, 89.0, 89.0, 89.0, 89.0], [90.0, 90.0, 90.0, 90.47, 90.4, 90.23, 90.35, 90.52, 94.41, 94.08, 92.14, 93.47, 93.05, 93.25, 89.0, 89.0, 89.0, 89.0, 89.0, 89.0], [90.0, 90.0, 90.0, 90.0, 90.0, 90.0, 90.0, 90.0, 90.35, 93.05, 97.0, 93.95, 93.59, 93.57, 89.0, 89.0, 89.0, 89.0, 89.0, 89.0], [90.0, 90.0, 90.0, 90.0, 90.0, 90.0, 90.0, 90.0, 90.0, -999.0, 97.0, 89.0, 89.0, 93.81, 89.0, 89.0, 89.0, 92.98, 92.88, 92.86], [90.0, 90.0, 90.0, 90.0, 90.0, 90.0, 90.0, 90.0, 90.0, 90.0, -999.0, 89.0, 89.0, 93.57, 91.56, 91.55, 91.5, 92.36, 92.24, 92.16], [90.0, 90.0, 90.0, 90.0, 90.0, 90.0, 90.0, 90.0, 90.0, 90.0, -999.0, 96.0, 96.0, 96.0, 92.15, 92.13, 92.02, 92.9, 92.71, 92.57], [90.0, 90.0, 90.0, 90.0, 90.0, 90.0, 90.0, 90.0, 90.0, 90.0, 90.0, 92.31, 96.0, 96.0, 96.0, 92.8, 92.59, 93.39, 93.14, 92.93], [90.0, 90.0, 90.0, 90.0, 90.0, 90.0, 90.0, 90.0, 90.0, 90.0, 93.78, 93.35, 93.93, 94.42, 93.86, 94.17, 93.89, 94.38, 92.82, 92.59], [90.0, 90.0, 90.0, 90.0, 90.0, 90.0, 90.0, 90.0, 90.0, 90.0, 92.58, 93.32, 94.11, 94.83, 94.73, 94.94, 94.57, 94.28, 94.07, 93.93], [90.0, 90.0, 90.0, 90.0, 90.0, 90.0, 90.0, 90.0, 90.0, 91.52, 92.33, 93.23, 94.17, 94.68, 95.81, 95.06, 94.53, 94.19, 93.97, 93.83], [90.0, 90.0, 90.0, 90.0, 90.0, 90.0, 90.0, 90.0, 90.54, 91.17, 92.29, 93.06, 93.45, 94.24, 95.13, 94.74, 94.29, 93.99, 93.81, 93.7], [90.0, 90.0, 91.71, 91.63, 91.52, 91.36, 91.12, 90.49, 90.9, 91.55, 92.28, 92.94, 93.09, 93.56, 94.42, 94.2, 93.91, 93.71, 93.6, 93.55], [91.83, 91.79, 91.73, 91.24, 91.18, 91.09, 90.98, 90.86, 91.64, 91.96, 92.41, 92.88, 92.76, 93.98, 93.87, 93.67, 93.48, 93.38, 93.36, 93.38], [91.4, 91.38, 91.37, 91.35, 91.32, 91.29, 91.27, 91.04, 92.12, 92.31, 92.57, 92.87, 93.43, 93.63, 93.45, 93.21, 93.03, 93.03, 93.13, 93.22], [91.45, 91.45, 91.45, 91.09, 91.12, 91.16, 91.23, 91.32, 91.43, 91.49, 91.46, 91.59, 92.63, 93.38, 93.15, 92.83, 92.51, 92.69, 92.96, 93.12], [91.07, 91.09, 91.11, 91.14, 91.19, 91.27, 91.39, 91.57, 91.8, 91.91, 91.75, 91.76, 92.65, 92.57, 92.48, 92.67, 91.79, 92.72, 92.97, 93.09], [91.09, 91.11, 91.14, 91.18, 91.24, 91.33, 91.48, 91.73, 92.15, 92.51, 91.99, 91.77, 91.54, 92.61, 92.55, 92.52, 92.93, 93.27, 93.07, 93.11], [91.1, 91.12, 91.15, 91.19, 91.25, 91.34, 91.48, 91.71, 92.1, 92.42, 92.01, 91.65, 91.46, 92.64, 92.61, 92.18, 92.44, 92.56, 93.11, 93.14], [91.1, 91.12, 91.15, 91.19, 91.24, 91.3, 91.4, 91.52, 91.65, 91.65, 91.55, 91.39, 91.31, 91.61, 91.85, 92.06, 92.23, 92.31, 92.29, 92.23], [91.1, 91.12, 91.14, 91.17, 91.2, 91.23, 91.27, 91.28, 91.22, 91.14, 90.97, 91.48, 91.77, 92.05, 91.71, 91.91, 92.05, 92.13, 92.15, 92.13], [91.09, 91.11, 91.12, 91.14, 91.15, 91.16, 91.15, 91.09, 90.93, 90.65, 90.41, 91.09, 91.56, 91.89, 91.59, 91.78, 91.91, 92.0, 92.04, 92.04], [91.08, 91.09, 91.1, 91.11, 91.11, 91.1, 91.06, 90.98, 91.29, 90.88, 90.63, 91.06, 91.48, 91.8, 91.5, 91.68, 91.8, 91.89, 91.94, 91.96], [91.08, 91.08, 91.08, 91.08, 91.08, 91.05, 91.01, 90.94, 91.36, 91.16, 91.09, 91.26, 91.53, 91.78, 91.45, 91.6, 91.72, 91.8, 91.86, 91.89], [91.07, 91.07, 91.07, 91.06, 91.05, 91.03, 90.99, 91.6, 91.48, 91.38, 91.36, 91.46, 91.62, 91.8, 91.43, 91.56, 91.66, 91.74, 91.79, 91.83]]}