gis_exercise/awsData/contour/humi_2023083117.json
{"header": {"refTime": "2023-08-31T17:00:00.000Z", "nx": 21, "ny": 33, "lo1": 113.509, "la1": 22.2235, "lo2": 113.5947, "la2": 22.1034, "dx": 0.0042850000000001385, "dy": 0.003753125000000024, "parameterCategory": 0, "parameterCategoryName": "Temperature", "parameterNumber": 0}, "z": [[62.4, 62.43, 62.46, 63.26, 63.25, 61.84, 61.9, 61.94, 61.91, 61.93, 61.68, 61.43, 60.29, 60.15, 60.36, 60.37, 59.6, 59.67, 59.72, 59.76], [62.39, 62.41, 62.45, 62.49, 63.24, 63.22, 62.01, 62.15, 62.21, 62.08, 61.67, 61.3, 60.12, 59.98, 60.23, 59.52, 59.63, 59.71, 59.77, 59.8], [62.36, 62.39, 62.42, 62.47, 63.25, 63.23, 63.19, 62.32, 62.81, 62.22, 61.59, 61.04, 59.83, 59.74, 59.36, 59.53, 59.68, 59.78, 59.84, 59.86], [62.33, 62.36, 62.39, 62.43, 62.49, 63.24, 63.21, 63.17, 63.13, 62.05, 61.37, 60.59, 59.35, 59.64, 59.33, 59.57, 59.76, 59.88, 59.93, 59.94], [62.3, 62.32, 62.34, 62.38, 62.44, 63.25, 63.24, 63.23, 63.25, 61.86, 61.24, 59.56, 58.66, 59.44, 59.35, 59.67, 59.92, 60.04, 60.07, 60.04], [62.26, 62.27, 62.28, 62.32, 62.37, 62.45, 63.26, 63.26, 63.3, 63.39, 60.85, 60.02, 59.28, 58.67, 59.48, 59.84, 60.16, 60.29, 60.23, 60.13], [61.89, 62.21, 62.21, 62.23, 62.27, 62.36, 62.75, 63.24, 63.28, 62.87, 62.79, 60.79, 59.14, 59.02, 59.65, 60.01, 60.48, 60.66, 60.45, 60.26], [61.86, 61.85, 61.84, 61.85, 61.9, 62.47, 62.66, 62.89, 62.94, 63.02, 63.45, 61.23, 61.21, 58.99, 60.63, 60.52, 60.74, 60.82, 60.69, 60.61], [62.15, 62.12, 61.76, 61.73, 61.72, 61.8, 62.04, 62.74, 63.32, 62.79, 62.46, 61.87, 61.59, 61.97, 60.6, 60.48, 60.61, 60.66, 60.63, 60.58], [61.0, 61.0, 61.0, 61.94, 61.8, 61.45, 61.7, 62.04, 63.57, 63.51, 61.57, 62.24, 62.02, 62.13, 60.6, 60.44, 60.52, 60.56, 60.56, 60.54], [61.0, 61.0, 61.0, 61.0, 61.0, 61.0, 61.0, 61.0, 61.71, 63.34, 64.0, 62.48, 62.3, 62.28, 60.61, 60.4, 60.46, 60.5, 60.51, 60.5], [61.0, 61.0, 61.0, 61.0, 61.0, 61.0, 61.0, 61.0, 61.0, -999.0, 64.0, 60.0, 60.0, 62.41, 60.62, 60.37, 60.41, 67.25, 67.1, 67.06], [61.0, 61.0, 61.0, 61.0, 61.0, 61.0, 61.0, 61.0, 61.0, 61.0, -999.0, 60.0, 60.0, 67.83, 64.39, 65.0, 64.92, 66.28, 66.09, 65.96], [61.0, 61.0, 61.0, 61.0, 61.0, 61.0, 61.0, 61.0, 61.0, 61.0, -999.0, 72.0, 72.0, 72.0, 65.4, 65.92, 65.75, 67.13, 66.83, 66.6], [61.0, 61.0, 61.0, 61.0, 61.0, 61.0, 61.0, 66.0, 66.0, 66.0, 66.0, 68.31, 72.0, 72.0, 72.0, 66.96, 66.63, 67.91, 67.51, 67.18], [61.0, 61.0, 64.15, 64.2, 64.3, 66.0, 66.0, 66.0, 66.0, 66.0, 69.78, 69.35, 69.93, 70.42, 69.86, 68.7, 68.2, 69.08, 66.69, 66.31], [64.21, 64.24, 62.76, 62.85, 66.0, 66.0, 66.0, 66.0, 66.0, 66.0, 68.58, 69.32, 70.11, 70.83, 70.28, 71.16, 70.87, 70.66, 70.51, 70.42], [62.78, 62.84, 62.93, 63.06, 66.0, 66.0, 66.0, 66.0, 66.0, 67.52, 68.33, 69.23, 70.17, 70.25, 71.74, 71.25, 70.83, 70.57, 70.42, 70.35], [62.88, 62.96, 63.08, 66.0, 66.0, 66.0, 66.0, 66.0, 66.54, 67.17, 67.54, 68.28, 68.73, 69.64, 71.29, 70.97, 70.61, 70.39, 70.28, 70.24], [62.95, 63.03, 65.43, 65.46, 65.49, 65.55, 65.63, 65.84, 66.45, 66.86, 67.4, 68.02, 68.2, 68.65, 70.69, 70.49, 70.26, 70.13, 70.1, 70.12], [65.39, 65.4, 65.42, 65.59, 65.61, 65.64, 65.67, 65.71, 66.7, 66.91, 67.28, 67.73, 67.67, 70.33, 70.19, 69.97, 69.8, 69.79, 69.89, 70.01], [65.53, 65.54, 65.54, 65.55, 65.56, 65.57, 65.58, 65.65, 66.69, 66.82, 67.07, 67.43, 66.84, 70.02, 69.77, 69.44, 69.21, 69.38, 69.72, 69.94], [65.52, 65.52, 65.52, 65.64, 65.63, 65.61, 65.59, 65.56, 65.52, 65.5, 65.51, 64.77, 67.59, 69.82, 69.48, 68.9, 68.19, 68.94, 69.73, 70.0], [65.64, 65.64, 65.63, 65.62, 65.6, 65.58, 65.54, 65.48, 65.4, 65.36, 65.42, 64.76, 67.54, 67.93, 68.17, 68.81, 66.01, 69.79, 70.22, 70.2], [65.64, 65.63, 65.62, 65.61, 65.59, 65.56, 65.51, 65.42, 65.28, 65.16, 65.34, 64.84, 64.68, 67.99, 68.39, 68.81, 70.63, 72.26, 70.77, 70.4], [65.63, 65.63, 65.62, 65.6, 65.58, 65.55, 65.51, 65.43, 65.3, 65.19, 65.01, 64.94, 64.79, 68.04, 68.52, 69.23, 69.99, 70.44, 70.72, 70.46], [65.63, 65.63, 65.62, 65.6, 65.59, 65.57, 65.53, 65.49, 65.45, 65.45, 65.14, 65.07, 64.92, 68.28, 68.67, 69.09, 69.51, 69.74, 69.67, 69.49], [65.63, 65.63, 65.62, 65.61, 65.6, 65.59, 65.58, 65.57, 65.59, 65.35, 65.4, 67.18, 67.84, 68.63, 68.5, 68.86, 69.16, 69.33, 69.36, 69.29], [65.64, 65.63, 65.63, 65.62, 65.62, 65.61, 65.62, 65.64, 65.69, 65.58, 66.3, 66.97, 67.67, 68.39, 68.33, 68.65, 68.89, 69.05, 69.11, 69.11], [65.64, 65.64, 65.63, 65.63, 65.63, 65.63, 65.65, 65.67, 66.91, 66.66, 66.53, 67.02, 67.64, 68.26, 68.19, 68.48, 68.69, 68.84, 68.92, 68.95], [65.64, 65.64, 65.64, 65.64, 65.64, 65.65, 65.66, 65.69, 67.09, 66.98, 67.01, 67.29, 67.73, 68.22, 68.11, 68.36, 68.55, 68.68, 68.77, 68.82], [65.64, 65.64, 65.64, 65.65, 65.65, 65.66, 65.67, 67.37, 67.3, 67.27, 67.34, 67.55, 67.87, 68.25, 68.07, 68.28, 68.44, 68.57, 68.66, 68.71]]}