gis_exercise/awsData/contour/humi_2023091000.json
{"header": {"refTime": "2023-09-10T00:00:00.000Z", "nx": 21, "ny": 33, "lo1": 113.509, "la1": 22.2235, "lo2": 113.5947, "la2": 22.1034, "dx": 0.0042850000000001385, "dy": 0.003753125000000024, "parameterCategory": 0, "parameterCategoryName": "Temperature", "parameterNumber": 0}, "z": [[93.09, 93.12, 93.15, 94.47, 94.45, 92.81, 92.89, 92.95, 92.94, 93.57, 93.41, 93.25, 91.93, 91.82, 91.2, 91.12, 90.54, 90.53, 90.53, 90.53], [93.07, 93.1, 93.13, 93.18, 94.44, 94.41, 92.98, 93.14, 93.23, 93.63, 93.38, 93.13, 91.79, 91.69, 91.09, 90.53, 90.52, 90.52, 90.51, 90.51], [93.04, 93.07, 93.1, 93.15, 94.43, 94.4, 94.35, 93.3, 93.81, 93.69, 93.32, 92.91, 91.56, 91.49, 90.51, 90.51, 90.5, 90.49, 90.49, 90.49], [93.01, 93.03, 93.06, 93.11, 93.17, 94.4, 94.37, 94.31, 94.26, 93.66, 93.21, 92.53, 91.16, 91.84, 90.5, 90.5, 90.48, 90.46, 90.46, 90.47], [92.98, 92.99, 93.01, 93.04, 93.09, 94.4, 94.38, 94.39, 94.46, 93.74, 93.23, 91.76, 90.74, 91.6, 90.51, 90.49, 90.44, 90.41, 90.41, 90.44], [92.93, 92.94, 92.95, 92.97, 93.0, 93.05, 94.35, 94.36, 94.51, 94.84, 93.23, 92.27, 91.42, 90.67, 90.56, 90.48, 90.37, 90.32, 90.36, 90.41], [92.45, 92.88, 92.88, 92.88, 92.9, 92.94, 93.76, 94.14, 94.27, 94.65, 94.95, 93.12, 91.14, 91.02, 90.66, 90.48, 90.25, 90.17, 90.0, 90.0], [92.43, 92.42, 92.42, 92.43, 92.45, 93.53, 93.62, 93.58, 93.39, 94.86, 96.1, 93.54, 93.51, 90.99, 90.74, 90.96, 90.52, 90.37, 90.61, 90.78], [92.57, 92.56, 92.38, 92.37, 92.36, 92.4, 92.52, 93.64, 94.27, 94.49, 95.08, 94.34, 93.98, 94.46, 90.8, 91.04, 90.79, 90.68, 90.74, 90.84], [92.0, 92.0, 92.0, 92.47, 92.4, 92.23, 92.35, 92.52, 95.27, 95.05, 93.96, 94.8, 94.53, 94.66, 90.8, 91.13, 90.96, 90.88, 90.88, 90.91], [92.0, 92.0, 92.0, 92.0, 92.0, 92.0, 92.0, 92.0, 92.35, 94.37, 97.0, 95.09, 94.87, 94.85, 90.78, 91.19, 91.07, 91.0, 90.99, 91.0], [92.0, 92.0, 92.0, 92.0, 92.0, 92.0, 92.0, 92.0, 92.0, -999.0, 97.0, 92.0, 92.0, 95.01, 90.76, 91.26, 91.19, 93.98, 93.88, 93.86], [92.0, 92.0, 92.0, 92.0, 92.0, 92.0, 92.0, 92.0, 92.0, 92.0, -999.0, 92.0, 92.0, 95.26, 93.83, 92.55, 92.5, 93.36, 93.24, 93.16], [92.0, 92.0, 92.0, 92.0, 92.0, 92.0, 92.0, 92.0, 92.0, 92.0, -999.0, 97.0, 97.0, 97.0, 94.25, 93.13, 93.02, 93.9, 93.71, 93.57], [92.0, 92.0, 92.0, 92.0, 92.0, 92.0, 92.0, 91.0, 91.0, 91.0, 91.0, 93.31, 97.0, 97.0, 97.0, 93.8, 93.59, 94.39, 94.14, 93.93], [92.0, 92.0, 91.37, 91.36, 91.34, 91.0, 91.0, 91.0, 91.0, 91.0, 94.78, 94.35, 94.93, 95.42, 94.86, 95.53, 95.31, 95.7, 94.1, 93.88], [91.36, 91.35, 91.65, 91.63, 91.0, 91.0, 91.0, 91.0, 91.0, 91.0, 93.58, 94.32, 95.11, 95.83, 95.84, 95.82, 95.4, 95.07, 94.83, 94.66], [91.64, 91.63, 91.61, 91.59, 91.0, 91.0, 91.0, 91.0, 91.0, 92.52, 93.33, 94.23, 95.17, 95.79, 96.83, 95.95, 95.35, 94.97, 94.72, 94.56], [91.62, 91.61, 91.58, 91.0, 91.0, 91.0, 91.0, 91.0, 91.54, 92.17, 93.29, 94.06, 94.63, 95.39, 96.03, 95.6, 95.1, 94.76, 94.55, 94.41], [91.61, 91.59, 92.71, 92.63, 92.52, 92.36, 92.12, 91.49, 91.9, 92.55, 93.28, 93.94, 94.32, 94.79, 95.26, 95.01, 94.7, 94.46, 94.31, 94.23], [92.83, 92.79, 92.73, 92.24, 92.18, 92.09, 91.98, 91.86, 92.64, 92.96, 93.41, 93.88, 94.04, 94.77, 94.66, 94.46, 94.25, 94.11, 94.05, 94.04], [92.4, 92.38, 92.37, 92.35, 92.32, 92.29, 92.27, 91.69, 93.12, 93.31, 93.57, 93.87, 94.74, 94.39, 94.21, 94.0, 93.82, 93.76, 93.79, 93.85], [92.45, 92.45, 92.45, 91.59, 91.64, 91.71, 91.8, 91.92, 92.05, 92.1, 92.03, 92.85, 93.37, 94.11, 93.9, 93.65, 93.43, 93.44, 93.56, 93.69], [91.49, 91.52, 91.55, 91.6, 91.67, 91.77, 91.92, 92.15, 92.43, 92.56, 92.33, 92.51, 93.39, 93.28, 93.19, 93.45, 93.12, 93.22, 93.42, 93.58], [91.48, 91.51, 91.55, 91.6, 91.67, 91.79, 91.97, 92.29, 92.85, 93.32, 92.59, 92.45, 92.28, 93.3, 93.2, 93.12, 93.23, 93.18, 93.39, 93.55], [91.47, 91.49, 91.52, 91.57, 91.64, 91.74, 91.9, 92.19, 92.72, 93.16, 92.63, 92.21, 92.07, 93.31, 93.22, 92.39, 92.58, 92.63, 93.45, 93.56], [91.45, 91.46, 91.49, 91.52, 91.57, 91.63, 91.72, 91.85, 92.0, 91.97, 91.88, 91.72, 91.75, 91.57, 91.91, 92.17, 92.35, 92.42, 92.41, 92.36], [91.42, 91.43, 91.44, 91.46, 91.47, 91.49, 91.49, 91.44, 91.29, 91.13, 90.86, 91.07, 91.38, 91.64, 91.69, 91.95, 92.13, 92.23, 92.26, 92.25], [91.39, 91.39, 91.39, 91.39, 91.38, 91.34, 91.27, 91.11, 90.78, 90.26, 89.58, 90.5, 91.08, 91.44, 91.49, 91.76, 91.94, 92.06, 92.11, 92.13], [91.36, 91.36, 91.35, 91.33, 91.29, 91.23, 91.12, 90.93, 90.83, 90.24, 89.87, 90.44, 90.97, 91.32, 91.36, 91.61, 91.79, 91.91, 91.99, 92.03], [91.33, 91.32, 91.3, 91.27, 91.23, 91.16, 91.04, 90.87, 90.9, 90.61, 90.5, 90.7, 91.02, 91.3, 91.28, 91.5, 91.67, 91.8, 91.88, 91.93], [91.31, 91.29, 91.27, 91.23, 91.18, 91.11, 91.01, 91.21, 91.04, 90.89, 90.85, 90.95, 91.13, 91.33, 91.24, 91.44, 91.59, 91.71, 91.79, 91.85]]}