gis_exercise/awsData/contour/humi_2023090417.json
{"header": {"refTime": "2023-09-04T17:00:00.000Z", "nx": 21, "ny": 33, "lo1": 113.509, "la1": 22.2235, "lo2": 113.5947, "la2": 22.1034, "dx": 0.0042850000000001385, "dy": 0.003753125000000024, "parameterCategory": 0, "parameterCategoryName": "Temperature", "parameterNumber": 0}, "z": [[56.18, 56.23, 56.31, 57.15, 57.19, 56.55, 56.66, 56.75, 56.76, 56.79, 56.56, 56.34, 55.45, 55.31, 55.77, 55.77, 54.71, 54.76, 54.79, 54.82], [56.14, 56.19, 56.27, 56.36, 57.18, 57.25, 56.76, 56.97, 57.09, 56.97, 56.58, 56.24, 55.32, 55.18, 55.67, 54.66, 54.74, 54.8, 54.84, 54.86], [56.09, 56.14, 56.21, 56.3, 57.15, 57.22, 57.35, 57.15, 57.78, 57.12, 56.5, 56.04, 55.11, 55.0, 54.56, 54.68, 54.78, 54.86, 54.9, 54.91], [56.02, 56.07, 56.13, 56.21, 56.33, 57.15, 57.25, 57.42, 57.57, 56.89, 56.28, 55.69, 54.77, 54.59, 54.55, 54.72, 54.86, 54.95, 54.98, 54.98], [55.95, 55.98, 56.02, 56.09, 56.19, 57.05, 57.09, 57.15, 57.19, 56.57, 56.07, 54.59, 54.24, 54.5, 54.56, 54.79, 54.98, 55.09, 55.1, 55.07], [55.87, 55.88, 55.9, 55.94, 56.01, 56.1, 56.91, 56.88, 56.89, 56.93, 55.15, 54.75, 54.44, 54.0, 54.61, 54.91, 55.19, 55.32, 55.25, 55.15], [54.89, 55.77, 55.76, 55.77, 55.81, 55.88, 55.75, 56.61, 56.59, 56.07, 56.04, 54.99, 54.0, 54.0, 54.66, 55.02, 55.49, 55.66, 55.63, 55.5], [54.86, 54.85, 54.84, 54.85, 54.9, 55.47, 55.66, 55.89, 56.0, 56.18, 56.57, 54.92, 54.9, 54.0, 55.26, 55.04, 55.48, 55.63, 55.39, 55.22], [55.15, 55.12, 54.76, 54.73, 54.72, 54.8, 55.04, 55.74, 56.32, 56.0, 55.85, 55.41, 55.19, 55.48, 55.2, 54.96, 55.21, 55.32, 55.26, 55.16], [54.0, 54.0, 54.0, 54.94, 54.8, 54.45, 54.7, 55.04, 56.57, 56.51, 55.18, 55.68, 55.52, 55.6, 55.2, 54.87, 55.04, 55.12, 55.12, 55.09], [54.0, 54.0, 54.0, 54.0, 54.0, 54.0, 54.0, 54.0, 54.71, 56.34, 57.0, 55.86, 55.72, 55.71, 55.22, 54.81, 54.93, 55.0, 55.01, 55.0], [54.0, 54.0, 54.0, 54.0, 54.0, 54.0, 54.0, 54.0, 54.0, -999.0, 57.0, 54.0, 54.0, 55.81, 55.24, 54.74, 54.81, 59.98, 59.88, 59.86], [54.0, 54.0, 54.0, 54.0, 54.0, 54.0, 54.0, 54.0, 54.0, 54.0, -999.0, 54.0, 54.0, 59.88, 57.29, 58.55, 58.5, 59.36, 59.24, 59.16], [54.0, 54.0, 54.0, 54.0, 54.0, 54.0, 54.0, 54.0, 54.0, 54.0, -999.0, 63.0, 63.0, 63.0, 58.05, 59.13, 59.02, 59.9, 59.71, 59.57], [54.0, 54.0, 54.0, 54.0, 54.0, 54.0, 54.0, 55.0, 55.0, 55.0, 55.0, 58.07, 63.0, 63.0, 63.0, 59.8, 59.59, 60.39, 60.14, 59.93], [54.0, 54.0, 54.63, 54.64, 54.66, 55.0, 55.0, 55.0, 55.0, 55.0, 60.03, 59.46, 60.24, 60.89, 60.15, 61.17, 60.89, 61.38, 59.82, 59.59], [54.64, 54.65, 54.35, 54.37, 55.0, 55.0, 55.0, 55.0, 55.0, 55.0, 58.44, 59.43, 60.48, 61.44, 61.49, 63.07, 63.1, 63.13, 63.16, 63.19], [54.36, 54.37, 54.39, 54.41, 55.0, 55.0, 55.0, 55.0, 55.0, 57.03, 58.11, 59.31, 60.56, 61.42, 62.78, 63.05, 63.08, 63.12, 63.16, 63.2], [54.38, 54.39, 54.42, 55.0, 55.0, 55.0, 55.0, 55.0, 55.72, 56.56, 57.86, 58.88, 59.9, 60.91, 63.03, 63.04, 63.07, 63.1, 63.15, 63.2], [54.39, 54.41, 56.71, 56.63, 56.52, 56.36, 56.12, 55.49, 56.08, 56.9, 57.83, 58.69, 59.5, 60.13, 63.03, 63.02, 63.03, 63.08, 63.15, 63.22], [56.83, 56.79, 56.73, 56.24, 56.18, 56.09, 55.98, 55.86, 56.95, 57.35, 57.93, 58.55, 59.14, 63.04, 62.99, 62.95, 62.94, 63.02, 63.14, 63.25], [56.4, 56.38, 56.37, 56.35, 56.32, 56.29, 56.27, 55.52, 57.47, 57.71, 58.06, 58.46, 59.77, 63.03, 62.93, 62.79, 62.72, 62.91, 63.17, 63.32], [56.45, 56.45, 56.45, 55.33, 55.4, 55.48, 55.59, 55.73, 55.86, 55.91, 55.82, 57.12, 61.26, 63.05, 62.9, 62.57, 62.11, 62.74, 63.33, 63.47], [55.2, 55.23, 55.28, 55.33, 55.41, 55.52, 55.69, 55.94, 56.25, 56.38, 56.12, 56.5, 61.18, 61.69, 62.05, 62.62, 60.47, 63.6, 63.83, 63.71], [55.18, 55.21, 55.25, 55.31, 55.39, 55.52, 55.72, 56.07, 56.69, 57.23, 56.39, 56.39, 56.29, 61.72, 62.23, 62.72, 64.31, 65.71, 64.32, 63.9], [55.15, 55.18, 55.21, 55.26, 55.33, 55.44, 55.61, 55.93, 56.53, 57.03, 56.5, 56.08, 56.01, 61.73, 62.3, 61.97, 63.02, 63.5, 64.23, 63.95], [55.12, 55.14, 55.16, 55.19, 55.23, 55.29, 55.38, 55.52, 55.68, 55.62, 55.61, 55.48, 55.59, 59.42, 60.47, 61.39, 62.12, 62.46, 62.39, 62.13], [55.08, 55.09, 55.1, 55.1, 55.11, 55.11, 55.09, 55.03, 54.82, 54.68, 54.35, 56.28, 57.48, 58.74, 59.85, 60.73, 61.36, 61.7, 61.79, 61.72], [55.04, 55.04, 55.03, 55.02, 54.99, 54.94, 54.83, 54.63, 54.2, 53.6, 53.17, 55.23, 56.85, 58.18, 59.29, 60.13, 60.73, 61.1, 61.28, 61.32], [55.0, 54.99, 54.97, 54.94, 54.88, 54.8, 54.65, 54.4, 55.64, 54.51, 53.84, 55.22, 56.65, 57.86, 58.88, 59.67, 60.24, 60.62, 60.85, 60.95], [54.96, 54.94, 54.91, 54.87, 54.81, 54.71, 54.56, 54.34, 55.95, 55.4, 55.27, 55.89, 56.84, 57.79, 58.65, 59.34, 59.86, 60.24, 60.49, 60.64], [54.93, 54.91, 54.87, 54.82, 54.75, 54.66, 54.52, 56.7, 56.38, 56.13, 56.15, 56.53, 57.15, 57.85, 58.54, 59.13, 59.6, 59.95, 60.21, 60.38]]}