gis_exercise/awsData/contour/humi_2023090400.json
{"header": {"refTime": "2023-09-04T00:00:00.000Z", "nx": 21, "ny": 33, "lo1": 113.509, "la1": 22.2235, "lo2": 113.5947, "la2": 22.1034, "dx": 0.0042850000000001385, "dy": 0.003753125000000024, "parameterCategory": 0, "parameterCategoryName": "Temperature", "parameterNumber": 0}, "z": [[79.77, 79.81, 79.85, 80.15, 80.19, 78.63, 78.77, 78.9, 78.88, 78.78, 78.34, 77.9, 76.14, 75.88, 75.4, 75.24, 73.27, 73.27, 73.27, 73.27], [79.75, 79.78, 79.82, 79.88, 80.18, 80.25, 78.96, 79.29, 79.46, 79.11, 78.35, 77.71, 75.88, 75.62, 75.19, 73.26, 73.26, 73.26, 73.26, 73.26], [79.72, 79.75, 79.79, 79.84, 80.15, 80.22, 80.35, 79.61, 80.63, 79.38, 78.21, 77.3, 75.44, 75.24, 73.26, 73.26, 73.25, 73.25, 73.24, 73.25], [79.69, 79.71, 79.74, 79.78, 79.84, 80.15, 80.25, 80.42, 80.57, 78.98, 77.8, 76.59, 74.73, 74.61, 73.25, 73.25, 73.24, 73.23, 73.23, 73.23], [79.65, 79.66, 79.68, 79.71, 79.75, 80.05, 80.09, 80.15, 80.19, 78.42, 77.43, 74.56, 73.64, 74.39, 73.25, 73.24, 73.22, 73.2, 73.21, 73.22], [79.61, 79.61, 79.62, 79.62, 79.64, 79.66, 79.91, 79.88, 79.89, 79.93, 75.96, 75.02, 74.23, 73.33, 73.28, 73.24, 73.18, 73.16, 73.18, 73.2], [79.0, 79.56, 79.55, 79.54, 79.53, 79.52, 79.25, 79.61, 79.59, 78.48, 78.28, 75.72, 73.57, 73.51, 73.33, 73.24, 73.12, 73.08, 73.0, 73.0], [79.0, 79.0, 79.0, 79.0, 79.0, 79.23, 79.23, 79.18, 78.82, 78.69, 79.22, 75.84, 75.81, 73.5, 73.37, 73.48, 73.26, 73.18, 73.31, 73.39], [79.0, 79.0, 79.0, 79.0, 79.0, 79.0, 79.0, 79.22, 79.32, 78.36, 77.69, 76.81, 76.38, 76.95, 73.4, 73.52, 73.39, 73.34, 73.37, 73.42], [79.0, 79.0, 79.0, 79.0, 79.0, 79.0, 79.0, 79.0, 79.57, 79.51, 76.35, 77.36, 77.04, 77.19, 73.4, 73.56, 73.48, 73.44, 73.44, 73.46], [79.0, 79.0, 79.0, 79.0, 79.0, 79.0, 79.0, 79.0, 79.0, 79.34, 80.0, 77.71, 77.44, 77.43, 73.39, 73.6, 73.54, 73.5, 73.49, 73.5], [79.0, 79.0, 79.0, 79.0, 79.0, 79.0, 79.0, 79.0, 79.0, -999.0, 80.0, 74.0, 74.0, 77.61, 73.38, 73.63, 73.59, 78.12, 77.99, 77.96], [79.0, 79.0, 79.0, 79.0, 79.0, 79.0, 79.0, 79.0, 79.0, 79.0, -999.0, 74.0, 74.0, 79.22, 76.93, 76.28, 76.21, 77.32, 77.16, 77.06], [79.0, 79.0, 79.0, 79.0, 79.0, 79.0, 79.0, 79.0, 79.0, 79.0, -999.0, 82.0, 82.0, 82.0, 77.6, 77.03, 76.88, 78.01, 77.77, 77.58], [79.0, 79.0, 79.0, 79.0, 79.0, 79.0, 79.0, 86.0, 86.0, 86.0, 86.0, 84.46, 82.0, 82.0, 82.0, 77.88, 77.61, 78.65, 78.33, 78.06], [79.0, 79.0, 83.4, 83.48, 83.62, 86.0, 86.0, 86.0, 86.0, 86.0, 83.48, 83.77, 83.38, 83.05, 83.43, 82.0, 82.0, 82.0, 79.67, 79.49], [83.49, 83.54, 81.47, 81.59, 86.0, 86.0, 86.0, 86.0, 86.0, 86.0, 84.28, 83.78, 83.26, 82.78, 82.48, 82.42, 82.57, 82.69, 82.78, 82.85], [81.5, 81.58, 81.71, 81.89, 86.0, 86.0, 86.0, 86.0, 86.0, 84.98, 84.45, 83.85, 83.22, 82.52, 82.07, 82.37, 82.58, 82.72, 82.82, 82.89], [81.64, 81.75, 81.91, 86.0, 86.0, 86.0, 86.0, 86.0, 85.64, 85.22, 84.48, 83.96, 83.1, 82.67, 82.34, 82.49, 82.66, 82.79, 82.88, 82.94], [81.73, 81.85, 84.86, 84.91, 84.99, 85.09, 85.25, 85.67, 85.4, 84.96, 84.48, 84.04, 83.19, 82.87, 82.6, 82.68, 82.79, 82.89, 82.96, 83.0], [84.78, 84.81, 84.85, 85.17, 85.21, 85.27, 85.35, 85.43, 84.91, 84.69, 84.39, 84.08, 83.24, 82.77, 82.8, 82.85, 82.92, 82.99, 83.05, 83.08], [85.07, 85.08, 85.09, 85.1, 85.12, 85.14, 85.16, 84.26, 84.59, 84.46, 84.28, 84.09, 82.65, 82.9, 82.93, 82.97, 83.01, 83.08, 83.14, 83.16], [85.03, 85.03, 85.03, 83.76, 83.81, 83.86, 83.91, 83.93, 83.91, 83.85, 83.76, 84.06, 83.63, 83.0, 83.03, 83.03, 82.97, 83.14, 83.26, 83.26], [83.55, 83.57, 83.59, 83.61, 83.64, 83.66, 83.68, 83.69, 83.7, 83.69, 83.59, 82.51, 83.65, 83.57, 83.48, 83.11, 82.63, 83.45, 83.45, 83.36], [83.47, 83.47, 83.47, 83.48, 83.47, 83.47, 83.48, 83.51, 83.64, 83.77, 83.48, 82.5, 82.26, 83.61, 83.55, 83.52, 83.64, 84.04, 83.59, 83.42], [83.39, 83.38, 83.36, 83.34, 83.32, 83.29, 83.27, 83.3, 83.45, 83.61, 82.76, 82.33, 82.13, 83.64, 83.61, 83.03, 83.33, 83.47, 83.55, 83.43], [83.31, 83.28, 83.25, 83.21, 83.16, 83.11, 83.04, 82.99, 82.96, 82.85, 82.15, 81.97, 81.91, 82.26, 82.57, 82.85, 83.06, 83.16, 83.14, 83.07], [83.23, 83.2, 83.15, 83.1, 83.02, 82.93, 82.81, 82.64, 82.38, 81.58, 81.36, 81.92, 82.29, 82.64, 82.39, 82.65, 82.84, 82.94, 82.97, 82.95], [83.17, 83.12, 83.07, 82.99, 82.9, 82.78, 82.61, 82.35, 81.93, 80.92, 80.54, 81.41, 82.01, 82.43, 82.22, 82.47, 82.65, 82.76, 82.81, 82.83], [83.11, 83.06, 82.99, 82.91, 82.81, 82.67, 82.48, 82.2, 81.68, 81.14, 80.82, 81.37, 81.91, 82.31, 82.09, 82.33, 82.5, 82.62, 82.68, 82.72], [83.06, 83.01, 82.94, 82.85, 82.74, 82.6, 82.42, 82.18, 81.77, 81.5, 81.41, 81.63, 81.97, 82.29, 82.02, 82.23, 82.39, 82.5, 82.58, 82.62], [83.02, 82.96, 82.89, 82.81, 82.7, 82.58, 82.42, 82.07, 81.92, 81.79, 81.76, 81.88, 82.09, 82.31, 81.99, 82.17, 82.31, 82.41, 82.49, 82.54]]}