gis_exercise/awsData/contour/humi_2023090808.json
{"header": {"refTime": "2023-09-08T08:00:00.000Z", "nx": 21, "ny": 33, "lo1": 113.509, "la1": 22.2235, "lo2": 113.5947, "la2": 22.1034, "dx": 0.0042850000000001385, "dy": 0.003753125000000024, "parameterCategory": 0, "parameterCategoryName": "Temperature", "parameterNumber": 0}, "z": [[97.48, 97.52, 97.58, 98.66, 98.68, 97.55, 97.66, 97.75, 97.76, 98.18, 97.99, 97.79, 96.69, 96.57, 95.92, 95.8, 94.91, 94.89, 94.87, 94.86], [97.45, 97.49, 97.55, 97.62, 98.67, 98.7, 97.76, 97.97, 98.09, 98.3, 97.98, 97.69, 96.56, 96.43, 95.81, 94.93, 94.89, 94.86, 94.84, 94.83], [97.41, 97.44, 97.5, 97.57, 98.64, 98.68, 98.73, 98.15, 98.78, 98.4, 97.91, 97.48, 96.33, 96.24, 94.97, 94.92, 94.86, 94.82, 94.8, 94.79], [97.36, 97.39, 97.43, 97.5, 97.59, 98.63, 98.67, 98.76, 98.84, 98.28, 97.74, 97.11, 95.96, 96.22, 94.97, 94.89, 94.81, 94.76, 94.74, 94.74], [97.3, 97.32, 97.35, 97.4, 97.47, 98.55, 98.57, 98.61, 98.68, 98.15, 97.65, 96.17, 95.49, 96.05, 94.97, 94.85, 94.73, 94.66, 94.66, 94.69], [97.24, 97.24, 97.26, 97.28, 97.32, 97.38, 98.42, 98.4, 98.49, 98.71, 97.19, 96.51, 95.93, 95.33, 94.98, 94.79, 94.59, 94.5, 94.55, 94.63], [96.45, 97.16, 97.15, 97.15, 97.17, 97.2, 97.51, 98.09, 98.14, 98.19, 98.4, 97.06, 95.57, 95.51, 95.0, 94.73, 94.38, 94.25, 94.18, 94.25], [96.43, 96.42, 96.42, 96.43, 96.45, 97.3, 97.39, 97.4, 97.28, 98.36, 99.29, 97.23, 97.21, 95.5, 94.74, 94.96, 94.52, 94.37, 94.61, 94.78], [96.57, 96.56, 96.38, 96.37, 96.36, 96.4, 96.52, 97.42, 97.96, 98.06, 98.46, 97.87, 97.59, 97.97, 94.8, 95.04, 94.79, 94.68, 94.74, 94.84], [96.0, 96.0, 96.0, 96.47, 96.4, 96.23, 96.35, 96.52, 98.71, 98.54, 97.57, 98.24, 98.02, 98.13, 94.8, 95.13, 94.96, 94.88, 94.88, 94.91], [96.0, 96.0, 96.0, 96.0, 96.0, 96.0, 96.0, 96.0, 96.35, 98.03, 100.0, 98.48, 98.3, 98.28, 94.78, 95.19, 95.07, 95.0, 94.99, 95.0], [96.0, 96.0, 96.0, 96.0, 96.0, 96.0, 96.0, 96.0, 96.0, -999.0, 100.0, 96.0, 96.0, 98.41, 94.76, 95.26, 95.19, 97.41, 97.33, 97.31], [96.0, 96.0, 96.0, 96.0, 96.0, 96.0, 96.0, 96.0, 96.0, 96.0, -999.0, 96.0, 96.0, 98.61, 97.46, 96.18, 96.14, 96.88, 96.77, 96.71], [96.0, 96.0, 96.0, 96.0, 96.0, 96.0, 96.0, 96.0, 96.0, 96.0, -999.0, 100.0, 100.0, 100.0, 97.8, 96.68, 96.59, 97.34, 97.18, 97.06], [96.0, 96.0, 96.0, 96.0, 96.0, 96.0, 96.0, 96.0, 96.0, 96.0, 96.0, 97.54, 100.0, 100.0, 100.0, 97.25, 97.07, 97.77, 97.55, 97.37], [96.0, 96.0, 96.0, 96.0, 96.0, 96.0, 96.0, 96.0, 96.0, 96.0, 98.52, 98.23, 98.62, 98.95, 98.57, 98.9, 98.73, 99.03, 97.63, 97.45], [96.0, 96.0, 96.0, 96.0, 96.0, 96.0, 96.0, 96.0, 96.0, 96.0, 97.72, 98.22, 98.74, 99.22, 99.19, 99.39, 99.18, 99.01, 98.89, 98.81], [96.0, 96.0, 96.0, 96.0, 96.0, 96.0, 96.0, 96.0, 96.0, 97.02, 97.55, 98.15, 98.78, 99.16, 99.88, 99.46, 99.15, 98.96, 98.84, 98.76], [96.0, 96.0, 96.0, 96.0, 96.0, 96.0, 96.0, 96.0, 96.36, 96.78, 97.52, 98.04, 98.36, 98.88, 99.5, 99.28, 99.02, 98.85, 98.74, 98.69], [96.0, 96.0, 97.14, 97.09, 97.01, 96.91, 96.75, 96.33, 96.6, 97.04, 97.52, 97.96, 98.14, 98.45, 99.09, 98.96, 98.8, 98.68, 98.62, 98.59], [97.22, 97.19, 97.15, 96.83, 96.79, 96.73, 96.65, 96.57, 97.09, 97.31, 97.61, 97.92, 97.93, 98.84, 98.78, 98.66, 98.55, 98.49, 98.48, 98.5], [96.93, 96.92, 96.91, 96.9, 96.88, 96.86, 96.84, 96.87, 97.41, 97.54, 97.72, 97.91, 98.39, 98.64, 98.53, 98.39, 98.29, 98.29, 98.35, 98.41], [96.97, 96.97, 96.97, 96.98, 96.99, 97.0, 97.03, 97.08, 97.14, 97.19, 97.18, 97.15, 97.96, 98.5, 98.36, 98.17, 97.97, 98.09, 98.26, 98.35], [97.0, 97.01, 97.02, 97.03, 97.06, 97.1, 97.16, 97.26, 97.38, 97.44, 97.37, 97.5, 97.97, 97.95, 97.92, 98.08, 97.51, 98.13, 98.28, 98.34], [97.02, 97.04, 97.05, 97.08, 97.11, 97.16, 97.25, 97.38, 97.59, 97.77, 97.52, 97.52, 97.41, 97.97, 97.97, 97.97, 98.27, 98.5, 98.35, 98.36], [97.04, 97.06, 97.08, 97.11, 97.14, 97.2, 97.28, 97.4, 97.59, 97.74, 97.63, 97.49, 97.4, 97.99, 98.0, 97.89, 98.03, 98.1, 98.37, 98.38], [97.06, 97.08, 97.1, 97.12, 97.16, 97.21, 97.27, 97.34, 97.42, 97.44, 97.47, 97.4, 97.36, 97.65, 97.75, 97.84, 97.93, 97.97, 97.96, 97.92], [97.07, 97.09, 97.11, 97.13, 97.16, 97.2, 97.24, 97.27, 97.28, 97.35, 97.29, 97.59, 97.73, 97.88, 97.69, 97.78, 97.85, 97.88, 97.89, 97.88], [97.08, 97.09, 97.11, 97.13, 97.16, 97.18, 97.2, 97.21, 97.19, 97.19, 97.16, 97.44, 97.65, 97.81, 97.65, 97.73, 97.78, 97.82, 97.84, 97.84], [97.08, 97.1, 97.11, 97.13, 97.15, 97.17, 97.18, 97.18, 97.51, 97.35, 97.25, 97.43, 97.62, 97.77, 97.61, 97.68, 97.74, 97.77, 97.79, 97.8], [97.09, 97.1, 97.11, 97.13, 97.14, 97.15, 97.16, 97.16, 97.54, 97.47, 97.44, 97.52, 97.64, 97.76, 97.59, 97.65, 97.7, 97.74, 97.76, 97.77], [97.09, 97.1, 97.11, 97.12, 97.13, 97.14, 97.15, 97.64, 97.6, 97.56, 97.56, 97.6, 97.68, 97.77, 97.58, 97.63, 97.67, 97.71, 97.73, 97.75]]}