gis_exercise/awsData/contour/humi_2023090514.json
{"header": {"refTime": "2023-09-05T14:00:00.000Z", "nx": 21, "ny": 33, "lo1": 113.509, "la1": 22.2235, "lo2": 113.5947, "la2": 22.1034, "dx": 0.0042850000000001385, "dy": 0.003753125000000024, "parameterCategory": 0, "parameterCategoryName": "Temperature", "parameterNumber": 0}, "z": [[54.65, 54.75, 54.88, 56.56, 56.63, 54.88, 55.09, 55.29, 55.29, 55.53, 55.03, 54.55, 52.74, 52.46, 53.42, 53.46, 51.67, 51.81, 51.91, 51.98], [54.58, 54.68, 54.81, 54.99, 56.61, 56.73, 55.31, 55.77, 56.02, 55.89, 55.05, 54.32, 52.45, 52.17, 53.18, 51.51, 51.73, 51.91, 52.02, 52.09], [54.49, 54.58, 54.71, 54.88, 56.55, 56.67, 56.88, 56.17, 57.52, 56.19, 54.88, 53.87, 51.94, 51.74, 51.21, 51.55, 51.85, 52.06, 52.18, 52.23], [54.38, 54.45, 54.56, 54.71, 54.92, 56.54, 56.71, 57.01, 57.28, 55.75, 54.43, 53.07, 51.11, 51.04, 51.16, 51.65, 52.05, 52.3, 52.41, 52.42], [54.25, 54.3, 54.37, 54.49, 54.65, 56.35, 56.42, 56.53, 56.62, 55.14, 54.02, 50.95, 49.81, 50.77, 51.19, 51.86, 52.39, 52.68, 52.72, 52.64], [54.11, 54.12, 54.16, 54.22, 54.33, 54.48, 56.07, 56.02, 56.08, 56.26, 52.61, 51.52, 50.57, 49.67, 51.39, 52.2, 52.95, 53.27, 53.11, 52.86], [52.34, 53.93, 53.91, 53.92, 53.98, 54.08, 54.01, 55.46, 55.45, 54.8, 54.89, 52.45, 50.14, 50.02, 51.65, 52.55, 53.71, 54.15, 53.89, 53.51], [52.28, 52.27, 52.26, 52.28, 52.35, 53.54, 53.83, 54.11, 54.17, 55.03, 56.06, 52.84, 52.81, 49.99, 53.51, 53.08, 53.95, 54.27, 53.77, 53.44], [52.72, 52.67, 52.14, 52.1, 52.08, 52.19, 52.56, 53.94, 54.96, 54.64, 54.69, 53.81, 53.38, 53.95, 53.41, 52.92, 53.43, 53.64, 53.52, 53.33], [51.0, 51.0, 51.0, 52.4, 52.21, 51.68, 52.05, 52.56, 55.71, 55.54, 53.35, 54.36, 54.04, 54.19, 53.4, 52.75, 53.07, 53.24, 53.25, 53.17], [51.0, 51.0, 51.0, 51.0, 51.0, 51.0, 51.0, 51.0, 52.06, 55.03, 57.0, 54.71, 54.44, 54.43, 53.45, 52.62, 52.85, 52.99, 53.02, 53.0], [51.0, 51.0, 51.0, 51.0, 51.0, 51.0, 51.0, 51.0, 51.0, -999.0, 57.0, 51.0, 51.0, 54.61, 53.49, 52.48, 52.62, 61.25, 61.1, 61.06], [51.0, 51.0, 51.0, 51.0, 51.0, 51.0, 51.0, 51.0, 51.0, 51.0, -999.0, 51.0, 51.0, 60.79, 56.48, 59.0, 58.92, 60.28, 60.09, 59.96], [51.0, 51.0, 51.0, 51.0, 51.0, 51.0, 51.0, 51.0, 51.0, 51.0, -999.0, 66.0, 66.0, 66.0, 57.75, 59.92, 59.75, 61.13, 60.83, 60.6], [51.0, 51.0, 51.0, 51.0, 51.0, 51.0, 51.0, 55.0, 55.0, 55.0, 55.0, 59.23, 66.0, 66.0, 66.0, 60.96, 60.63, 61.91, 61.51, 61.18], [51.0, 51.0, 53.52, 53.56, 53.64, 55.0, 55.0, 55.0, 55.0, 55.0, 61.92, 61.14, 62.2, 63.1, 62.08, 63.8, 63.47, 64.05, 61.51, 61.19], [53.57, 53.59, 52.41, 52.48, 55.0, 55.0, 55.0, 55.0, 55.0, 55.0, 59.73, 61.09, 62.53, 63.85, 64.02, 65.49, 65.31, 65.18, 65.09, 65.04], [52.43, 52.48, 52.55, 52.65, 55.0, 55.0, 55.0, 55.0, 55.0, 57.79, 59.27, 60.92, 62.64, 63.92, 65.71, 65.54, 65.28, 65.13, 65.04, 65.0], [52.51, 52.57, 52.66, 55.0, 55.0, 55.0, 55.0, 55.0, 55.99, 57.14, 59.28, 60.7, 61.9, 63.26, 65.57, 65.37, 65.15, 65.02, 64.95, 64.93], [52.56, 52.63, 58.43, 58.26, 58.04, 57.72, 57.24, 55.99, 56.7, 57.94, 59.3, 60.5, 61.38, 62.25, 65.19, 65.07, 64.93, 64.85, 64.84, 64.86], [58.66, 58.57, 58.46, 57.48, 57.36, 57.18, 56.95, 56.71, 58.12, 58.72, 59.57, 60.42, 60.94, 64.97, 64.88, 64.74, 64.64, 64.64, 64.71, 64.79], [57.8, 57.77, 57.74, 57.7, 57.64, 57.59, 57.53, 57.25, 59.07, 59.42, 59.9, 60.43, 62.45, 64.78, 64.62, 64.4, 64.25, 64.38, 64.6, 64.76], [57.9, 57.9, 57.91, 57.44, 57.48, 57.55, 57.67, 57.84, 58.05, 58.17, 58.12, 58.97, 63.04, 64.66, 64.44, 64.05, 63.57, 64.09, 64.63, 64.81], [57.43, 57.46, 57.5, 57.56, 57.65, 57.79, 58.01, 58.35, 58.78, 58.98, 58.7, 59.51, 62.99, 63.3, 63.5, 64.0, 62.08, 64.69, 64.97, 64.95], [57.47, 57.51, 57.57, 57.65, 57.76, 57.94, 58.23, 58.69, 59.46, 60.11, 59.17, 59.45, 59.28, 63.34, 63.66, 63.98, 65.27, 66.4, 65.35, 65.09], [57.5, 57.55, 57.61, 57.69, 57.81, 57.99, 58.26, 58.68, 59.39, 59.96, 59.63, 59.21, 59.07, 63.37, 63.74, 63.39, 64.2, 64.58, 65.32, 65.14], [57.53, 57.57, 57.63, 57.71, 57.81, 57.94, 58.13, 58.37, 58.62, 58.64, 58.88, 58.72, 58.75, 61.48, 62.27, 62.96, 63.52, 63.78, 63.72, 63.53], [57.54, 57.58, 57.63, 57.69, 57.76, 57.84, 57.93, 57.98, 57.91, 58.13, 57.86, 59.4, 60.31, 61.27, 61.81, 62.47, 62.94, 63.21, 63.27, 63.21], [57.54, 57.57, 57.61, 57.65, 57.7, 57.73, 57.74, 57.66, 57.43, 57.26, 56.93, 58.56, 59.82, 60.84, 61.4, 62.03, 62.48, 62.75, 62.88, 62.91], [57.53, 57.56, 57.58, 57.61, 57.63, 57.63, 57.59, 57.48, 58.89, 58.0, 57.46, 58.54, 59.66, 60.59, 61.1, 61.68, 62.1, 62.39, 62.56, 62.64], [57.52, 57.54, 57.56, 57.57, 57.58, 57.56, 57.51, 57.4, 59.13, 58.69, 58.59, 59.06, 59.8, 60.53, 60.92, 61.43, 61.83, 62.11, 62.29, 62.4], [57.51, 57.52, 57.53, 57.54, 57.53, 57.51, 57.46, 59.72, 59.46, 59.27, 59.27, 59.56, 60.04, 60.59, 60.84, 61.28, 61.63, 61.89, 62.08, 62.21]]}