gis_exercise/awsData/contour/humi_2023091004.json
{"header": {"refTime": "2023-09-10T04:00:00.000Z", "nx": 21, "ny": 33, "lo1": 113.509, "la1": 22.2235, "lo2": 113.5947, "la2": 22.1034, "dx": 0.0042850000000001385, "dy": 0.003753125000000024, "parameterCategory": 0, "parameterCategoryName": "Temperature", "parameterNumber": 0}, "z": [[95.18, 95.23, 95.31, 97.18, 97.17, 95.55, 95.66, 95.75, 95.76, 96.57, 96.41, 96.25, 94.69, 94.57, 92.49, 92.18, 91.14, 90.99, 90.88, 90.81], [95.14, 95.19, 95.27, 95.36, 97.15, 97.15, 95.76, 95.97, 96.09, 96.63, 96.38, 96.13, 94.56, 94.43, 92.37, 91.28, 91.05, 90.87, 90.75, 90.68], [95.09, 95.14, 95.21, 95.3, 97.13, 97.13, 97.12, 96.15, 96.78, 96.69, 96.32, 95.91, 94.33, 94.24, 91.56, 91.22, 90.91, 90.68, 90.55, 90.51], [95.02, 95.07, 95.13, 95.21, 95.33, 97.1, 97.1, 97.1, 97.11, 96.66, 96.21, 95.53, 93.96, 94.61, 91.59, 91.1, 90.67, 90.39, 90.28, 90.29], [94.95, 94.98, 95.02, 95.09, 95.19, 97.05, 97.05, 97.08, 97.17, 96.74, 96.23, 94.56, 93.64, 94.39, 91.57, 90.88, 90.27, 89.94, 89.91, 90.02], [94.87, 94.88, 94.9, 94.94, 95.01, 95.1, 96.93, 96.93, 97.1, 97.5, 95.96, 95.02, 94.23, 93.33, 91.46, 90.52, 89.6, 89.21, 89.43, 89.74], [93.89, 94.77, 94.76, 94.77, 94.81, 94.88, 95.77, 96.56, 96.7, 97.11, 97.5, 95.72, 93.57, 93.51, 91.33, 90.17, 88.66, 88.1, 88.11, 88.49], [93.86, 93.85, 93.84, 93.85, 93.9, 95.37, 95.56, 95.61, 95.51, 97.37, 98.9, 95.84, 95.81, 93.5, 89.61, 90.36, 88.84, 88.28, 89.15, 89.74], [94.15, 94.12, 93.76, 93.73, 93.72, 93.8, 94.04, 95.62, 96.59, 96.92, 97.69, 96.81, 96.38, 96.95, 89.79, 90.65, 89.75, 89.38, 89.6, 89.93], [93.0, 93.0, 93.0, 93.94, 93.8, 93.45, 93.7, 94.04, 97.84, 97.56, 96.35, 97.36, 97.04, 97.19, 89.79, 90.94, 90.38, 90.08, 90.06, 90.2], [93.0, 93.0, 93.0, 93.0, 93.0, 93.0, 93.0, 93.0, 93.71, 96.71, 100.0, 97.71, 97.44, 97.43, 89.72, 91.17, 90.76, 90.52, 90.46, 90.5], [93.0, 93.0, 93.0, 93.0, 93.0, 93.0, 93.0, 93.0, 93.0, -999.0, 100.0, 94.0, 94.0, 97.61, 89.65, 91.41, 91.16, 93.25, 93.1, 93.06], [93.0, 93.0, 93.0, 93.0, 93.0, 93.0, 93.0, 93.0, 93.0, 93.0, -999.0, 94.0, 94.0, 96.61, 95.46, 91.0, 90.92, 92.28, 92.09, 91.96], [93.0, 93.0, 93.0, 93.0, 93.0, 93.0, 93.0, 93.0, 93.0, 93.0, -999.0, 98.0, 98.0, 98.0, 95.8, 91.92, 91.75, 93.13, 92.83, 92.6], [93.0, 93.0, 93.0, 93.0, 93.0, 93.0, 93.0, 93.0, 93.0, 93.0, 93.0, 94.92, 98.0, 98.0, 98.0, 92.96, 92.63, 93.91, 93.51, 93.18], [93.0, 93.0, 93.0, 93.0, 93.0, 93.0, 93.0, 93.0, 93.0, 93.0, 96.15, 95.79, 96.27, 96.68, 96.22, 96.17, 95.89, 96.38, 93.79, 93.48], [93.0, 93.0, 93.0, 93.0, 93.0, 93.0, 93.0, 93.0, 93.0, 93.0, 95.15, 95.77, 96.42, 97.02, 96.85, 97.22, 96.95, 96.74, 96.59, 96.49], [93.0, 93.0, 93.0, 93.0, 93.0, 93.0, 93.0, 93.0, 93.0, 94.27, 94.94, 95.69, 96.47, 96.81, 97.83, 97.31, 96.92, 96.67, 96.52, 96.42], [93.0, 93.0, 93.0, 93.0, 93.0, 93.0, 93.0, 93.0, 93.45, 93.97, 95.0, 95.64, 95.73, 96.41, 97.36, 97.07, 96.74, 96.52, 96.4, 96.33], [93.0, 93.0, 94.71, 94.63, 94.52, 94.36, 94.12, 93.49, 93.8, 94.38, 95.01, 95.56, 95.39, 95.78, 96.82, 96.65, 96.44, 96.3, 96.23, 96.21], [94.83, 94.79, 94.73, 94.24, 94.18, 94.09, 93.98, 93.86, 94.48, 94.76, 95.15, 95.54, 95.08, 96.5, 96.4, 96.24, 96.09, 96.04, 96.05, 96.09], [94.4, 94.38, 94.37, 94.35, 94.32, 94.29, 94.27, 94.21, 94.95, 95.11, 95.33, 95.57, 95.75, 96.23, 96.07, 95.86, 95.7, 95.75, 95.89, 96.0], [94.45, 94.45, 94.45, 94.34, 94.36, 94.39, 94.44, 94.52, 94.62, 94.68, 94.67, 94.33, 95.59, 96.05, 95.84, 95.52, 95.16, 95.45, 95.8, 95.96], [94.36, 94.37, 94.39, 94.41, 94.45, 94.52, 94.62, 94.78, 94.98, 95.08, 94.95, 94.76, 95.62, 95.53, 95.4, 95.41, 94.21, 95.69, 95.94, 95.99], [94.39, 94.4, 94.43, 94.47, 94.52, 94.61, 94.74, 94.95, 95.31, 95.6, 95.19, 94.82, 94.53, 95.58, 95.51, 95.49, 96.02, 96.63, 96.14, 96.06], [94.41, 94.43, 94.46, 94.5, 94.56, 94.65, 94.77, 94.97, 95.29, 95.55, 95.14, 94.78, 94.52, 95.64, 95.62, 95.37, 95.67, 95.85, 96.14, 96.09], [94.43, 94.45, 94.48, 94.52, 94.57, 94.64, 94.73, 94.85, 94.97, 94.99, 94.82, 94.63, 94.47, 94.98, 95.14, 95.31, 95.48, 95.57, 95.54, 95.47], [94.44, 94.46, 94.49, 94.52, 94.56, 94.61, 94.66, 94.7, 94.69, 94.59, 94.47, 95.18, 95.47, 95.76, 95.06, 95.21, 95.33, 95.41, 95.42, 95.39], [94.44, 94.46, 94.49, 94.51, 94.54, 94.57, 94.59, 94.58, 94.5, 94.31, 94.33, 94.88, 95.29, 95.62, 94.99, 95.12, 95.23, 95.29, 95.32, 95.32], [94.45, 94.46, 94.48, 94.5, 94.52, 94.53, 94.53, 94.5, 95.02, 94.7, 94.51, 94.87, 95.24, 95.53, 94.93, 95.05, 95.14, 95.2, 95.24, 95.25], [94.45, 94.46, 94.47, 94.49, 94.5, 94.5, 94.5, 94.47, 95.09, 94.93, 94.89, 95.04, 95.28, 95.52, 94.9, 95.0, 95.08, 95.14, 95.18, 95.2], [94.44, 94.46, 94.47, 94.48, 94.48, 94.48, 94.47, 95.29, 95.2, 95.12, 95.12, 95.21, 95.36, 95.53, 94.88, 94.97, 95.04, 95.09, 95.13, 95.15]]}