gis_exercise/awsData/contour/humi_2023091406.json
{"header": {"refTime": "2023-09-14T06:00:00.000Z", "nx": 21, "ny": 33, "lo1": 113.509, "la1": 22.2235, "lo2": 113.5947, "la2": 22.1034, "dx": 0.0042850000000001385, "dy": 0.003753125000000024, "parameterCategory": 0, "parameterCategoryName": "Temperature", "parameterNumber": 0}, "z": [[95.16, 95.21, 95.27, 96.37, 96.4, 94.6, 94.76, 94.91, 94.91, 95.42, 95.07, 94.72, 93.02, 92.81, 92.39, 92.28, 90.89, 90.91, 90.93, 90.94], [95.13, 95.17, 95.23, 95.32, 96.38, 96.44, 94.94, 95.29, 95.48, 95.65, 95.06, 94.53, 92.79, 92.57, 92.2, 90.86, 90.89, 90.91, 90.93, 90.94], [95.09, 95.13, 95.18, 95.26, 96.34, 96.4, 96.5, 95.59, 96.63, 95.85, 94.94, 94.17, 92.38, 92.24, 90.8, 90.85, 90.89, 90.92, 90.94, 90.95], [95.04, 95.06, 95.11, 95.17, 95.26, 96.32, 96.41, 96.56, 96.7, 95.59, 94.63, 93.54, 91.73, 92.04, 90.78, 90.86, 90.91, 90.93, 90.95, 90.96], [94.98, 94.99, 95.02, 95.06, 95.12, 96.2, 96.23, 96.3, 96.4, 95.29, 94.42, 91.95, 90.81, 91.77, 90.79, 90.88, 90.93, 90.95, 90.96, 90.97], [94.92, 94.92, 94.92, 94.94, 94.96, 94.99, 96.0, 95.98, 96.09, 96.38, 93.61, 92.52, 91.57, 90.67, 90.87, 90.93, 90.97, 90.98, 90.98, 90.98], [94.0, 94.84, 94.82, 94.81, 94.8, 94.78, 95.01, 95.51, 95.58, 95.45, 95.69, 93.45, 91.14, 91.02, 90.99, 90.99, 90.99, 91.0, 90.82, 90.75], [94.0, 94.0, 94.0, 94.0, 94.0, 94.91, 94.9, 94.72, 94.34, 95.7, 96.98, 93.84, 93.81, 90.99, 91.37, 91.48, 91.26, 91.18, 91.31, 91.39], [94.0, 94.0, 94.0, 94.0, 94.0, 94.0, 94.0, 94.88, 95.27, 95.28, 95.69, 94.81, 94.38, 94.95, 91.4, 91.52, 91.39, 91.34, 91.37, 91.42], [94.0, 94.0, 94.0, 94.0, 94.0, 94.0, 94.0, 94.0, 96.27, 96.05, 94.35, 95.36, 95.04, 95.19, 91.4, 91.56, 91.48, 91.44, 91.44, 91.46], [94.0, 94.0, 94.0, 94.0, 94.0, 94.0, 94.0, 94.0, 94.0, 95.37, 98.0, 95.71, 95.44, 95.43, 91.39, 91.6, 91.54, 91.5, 91.49, 91.5], [94.0, 94.0, 94.0, 94.0, 94.0, 94.0, 94.0, 94.0, 94.0, -999.0, 98.0, 92.0, 92.0, 95.61, 91.38, 91.63, 91.59, 94.98, 94.88, 94.86], [94.0, 94.0, 94.0, 94.0, 94.0, 94.0, 94.0, 94.0, 94.0, 94.0, -999.0, 92.0, 92.0, 95.92, 94.19, 93.55, 93.5, 94.36, 94.24, 94.16], [94.0, 94.0, 94.0, 94.0, 94.0, 94.0, 94.0, 94.0, 94.0, 94.0, -999.0, 98.0, 98.0, 98.0, 94.7, 94.13, 94.02, 94.9, 94.71, 94.57], [94.0, 94.0, 94.0, 94.0, 94.0, 94.0, 94.0, 95.0, 95.0, 95.0, 95.0, 96.15, 98.0, 98.0, 98.0, 94.8, 94.59, 95.39, 95.14, 94.93], [94.0, 94.0, 94.63, 94.64, 94.66, 95.0, 95.0, 95.0, 95.0, 95.0, 96.89, 96.67, 96.96, 97.21, 96.93, 96.9, 96.73, 97.03, 95.37, 95.18], [94.64, 94.65, 94.35, 94.37, 95.0, 95.0, 95.0, 95.0, 95.0, 95.0, 96.29, 96.66, 97.05, 97.41, 97.31, 97.39, 97.18, 97.01, 96.89, 96.81], [94.36, 94.37, 94.39, 94.41, 95.0, 95.0, 95.0, 95.0, 95.0, 95.76, 96.16, 96.61, 97.08, 97.29, 97.9, 97.46, 97.15, 96.96, 96.84, 96.76], [94.38, 94.39, 94.42, 95.0, 95.0, 95.0, 95.0, 95.0, 95.27, 95.58, 96.24, 96.63, 96.64, 97.05, 97.5, 97.28, 97.02, 96.85, 96.74, 96.69], [94.39, 94.41, 96.14, 96.09, 96.01, 95.91, 95.75, 95.33, 95.5, 95.86, 96.25, 96.58, 96.44, 96.67, 97.09, 96.96, 96.8, 96.68, 96.62, 96.59], [96.22, 96.19, 96.15, 95.83, 95.79, 95.73, 95.65, 95.57, 95.94, 96.11, 96.35, 96.58, 96.25, 96.84, 96.78, 96.66, 96.55, 96.49, 96.48, 96.5], [95.93, 95.92, 95.91, 95.9, 95.88, 95.86, 95.84, 95.52, 96.24, 96.34, 96.47, 96.61, 96.72, 96.64, 96.53, 96.39, 96.29, 96.29, 96.35, 96.41], [95.97, 95.97, 95.97, 95.47, 95.51, 95.55, 95.61, 95.68, 95.76, 95.8, 95.76, 95.88, 96.33, 96.5, 96.36, 96.17, 95.97, 96.09, 96.26, 96.35], [95.42, 95.44, 95.46, 95.49, 95.53, 95.6, 95.69, 95.84, 96.02, 96.1, 95.96, 95.76, 96.36, 96.24, 96.11, 96.08, 95.51, 96.13, 96.28, 96.34], [95.42, 95.44, 95.46, 95.5, 95.54, 95.62, 95.73, 95.93, 96.28, 96.58, 96.13, 95.77, 95.54, 96.27, 96.16, 96.09, 96.27, 96.5, 96.35, 96.36], [95.42, 95.43, 95.45, 95.48, 95.53, 95.59, 95.7, 95.88, 96.21, 96.48, 96.01, 95.65, 95.46, 96.31, 96.22, 95.74, 95.92, 96.01, 96.37, 96.38], [95.41, 95.42, 95.44, 95.46, 95.49, 95.53, 95.59, 95.68, 95.78, 95.76, 95.55, 95.39, 95.31, 95.29, 95.47, 95.64, 95.76, 95.82, 95.81, 95.77], [95.39, 95.4, 95.41, 95.42, 95.44, 95.45, 95.45, 95.44, 95.35, 95.14, 94.97, 95.33, 95.56, 95.76, 95.37, 95.52, 95.63, 95.69, 95.71, 95.69], [95.38, 95.38, 95.38, 95.38, 95.38, 95.37, 95.33, 95.24, 95.04, 94.65, 94.37, 94.97, 95.36, 95.62, 95.27, 95.42, 95.52, 95.59, 95.62, 95.62], [95.36, 95.36, 95.36, 95.35, 95.33, 95.3, 95.24, 95.13, 95.17, 94.79, 94.56, 94.94, 95.29, 95.55, 95.2, 95.33, 95.43, 95.5, 95.54, 95.56], [95.35, 95.34, 95.33, 95.32, 95.29, 95.25, 95.19, 95.09, 95.22, 95.04, 94.97, 95.11, 95.33, 95.53, 95.16, 95.28, 95.37, 95.43, 95.48, 95.5], [95.33, 95.32, 95.31, 95.29, 95.27, 95.23, 95.17, 95.43, 95.32, 95.23, 95.2, 95.28, 95.41, 95.55, 95.14, 95.24, 95.32, 95.38, 95.43, 95.46]]}