gis_exercise/awsData/contour/humi_2023090900.json
{"header": {"refTime": "2023-09-09T00:00:00.000Z", "nx": 21, "ny": 33, "lo1": 113.509, "la1": 22.2235, "lo2": 113.5947, "la2": 22.1034, "dx": 0.0042850000000001385, "dy": 0.003753125000000024, "parameterCategory": 0, "parameterCategoryName": "Temperature", "parameterNumber": 0}, "z": [[92.0, 92.0, 92.0, 93.28, 93.23, 91.07, 91.12, 91.15, 91.13, 91.96, 91.84, 91.7, 89.93, 89.82, 89.77, 89.77, 89.25, 89.29, 89.32, 89.35], [92.0, 92.0, 92.0, 92.0, 93.22, 93.12, 91.2, 91.32, 91.37, 91.96, 91.79, 91.57, 89.79, 89.69, 89.67, 89.19, 89.26, 89.31, 89.35, 89.37], [92.0, 92.0, 92.0, 92.0, 93.23, 93.13, 92.97, 91.46, 91.85, 91.98, 91.73, 91.35, 89.56, 89.49, 89.08, 89.19, 89.28, 89.35, 89.39, 89.41], [92.0, 92.0, 92.0, 92.0, 92.0, 93.18, 93.06, 92.86, 92.67, 92.05, 91.67, 90.95, 89.16, 90.23, 89.05, 89.22, 89.33, 89.41, 89.44, 89.45], [92.0, 92.0, 92.0, 92.0, 92.0, 93.25, 93.2, 93.16, 93.23, 92.32, 91.8, 90.15, 88.89, 89.94, 89.07, 89.28, 89.42, 89.5, 89.52, 89.5], [92.0, 92.0, 92.0, 92.0, 92.0, 92.0, 93.29, 93.32, 93.52, 93.96, 92.0, 90.77, 89.72, 88.67, 89.17, 89.39, 89.56, 89.64, 89.61, 89.56], [92.0, 92.0, 92.0, 92.0, 92.0, 92.0, 93.27, 93.19, 93.39, 93.91, 94.24, 91.78, 89.14, 89.02, 89.32, 89.5, 89.74, 89.83, 89.63, 89.5], [92.0, 92.0, 92.0, 92.0, 92.0, 93.13, 93.13, 92.9, 92.45, 94.21, 95.78, 92.15, 92.11, 88.99, 90.0, 90.0, 90.0, 90.0, 90.0, 90.0], [92.0, 92.0, 92.0, 92.0, 92.0, 92.0, 92.0, 93.1, 93.59, 93.7, 94.31, 93.28, 92.78, 93.44, 90.0, 90.0, 90.0, 90.0, 90.0, 90.0], [92.0, 92.0, 92.0, 92.0, 92.0, 92.0, 92.0, 92.0, 94.84, 94.56, 92.74, 93.92, 93.54, 93.72, 90.0, 90.0, 90.0, 90.0, 90.0, 90.0], [92.0, 92.0, 92.0, 92.0, 92.0, 92.0, 92.0, 92.0, 92.0, 93.71, 97.0, 94.33, 94.02, 94.0, 90.0, 90.0, 90.0, 90.0, 90.0, 90.0], [92.0, 92.0, 92.0, 92.0, 92.0, 92.0, 92.0, 92.0, 92.0, -999.0, 97.0, 90.0, 90.0, 94.21, 90.0, 90.0, 90.0, 94.55, 94.44, 94.41], [92.0, 92.0, 92.0, 92.0, 92.0, 92.0, 92.0, 92.0, 92.0, 92.0, -999.0, 90.0, 90.0, 95.22, 92.93, 92.91, 92.85, 93.84, 93.7, 93.61], [92.0, 92.0, 92.0, 92.0, 92.0, 92.0, 92.0, 92.0, 92.0, 92.0, -999.0, 98.0, 98.0, 98.0, 93.6, 93.58, 93.45, 94.46, 94.24, 94.08], [92.0, 92.0, 92.0, 92.0, 92.0, 92.0, 92.0, 92.0, 92.0, 92.0, 92.0, 94.31, 98.0, 98.0, 98.0, 94.34, 94.1, 95.02, 94.73, 94.5], [92.0, 92.0, 92.0, 92.0, 92.0, 92.0, 92.0, 92.0, 92.0, 92.0, 95.78, 95.35, 95.93, 96.42, 95.86, 96.9, 96.73, 97.03, 95.11, 94.9], [92.0, 92.0, 92.0, 92.0, 92.0, 92.0, 92.0, 92.0, 92.0, 92.0, 94.58, 95.32, 96.11, 96.83, 96.95, 97.25, 96.99, 96.78, 96.63, 96.53], [92.0, 92.0, 92.0, 92.0, 92.0, 92.0, 92.0, 92.0, 92.0, 93.52, 94.33, 95.23, 96.17, 96.89, 97.85, 97.34, 96.96, 96.72, 96.56, 96.46], [92.0, 92.0, 92.0, 92.0, 92.0, 92.0, 92.0, 92.0, 92.54, 93.17, 94.47, 95.25, 95.81, 96.55, 97.39, 97.11, 96.8, 96.58, 96.45, 96.37], [92.0, 92.0, 94.29, 94.17, 94.03, 93.81, 93.49, 92.66, 93.01, 93.73, 94.5, 95.17, 95.54, 96.02, 96.89, 96.74, 96.54, 96.39, 96.3, 96.26], [94.44, 94.38, 94.31, 93.65, 93.57, 93.45, 93.3, 93.14, 93.87, 94.22, 94.7, 95.16, 95.31, 96.58, 96.51, 96.38, 96.24, 96.16, 96.13, 96.14], [93.86, 93.85, 93.82, 93.8, 93.76, 93.72, 93.69, 93.73, 94.48, 94.68, 94.95, 95.23, 96.39, 96.34, 96.22, 96.07, 95.95, 95.93, 95.97, 96.02], [93.94, 93.94, 93.94, 93.96, 93.97, 94.0, 94.06, 94.16, 94.29, 94.37, 94.36, 94.56, 95.67, 96.16, 96.02, 95.83, 95.65, 95.71, 95.84, 95.94], [94.0, 94.02, 94.04, 94.07, 94.11, 94.19, 94.32, 94.52, 94.76, 94.89, 94.74, 95.25, 95.68, 95.62, 95.56, 95.71, 95.3, 95.65, 95.8, 95.89], [94.05, 94.07, 94.1, 94.15, 94.22, 94.33, 94.49, 94.75, 95.18, 95.53, 95.05, 95.25, 95.13, 95.63, 95.58, 95.54, 95.72, 95.82, 95.82, 95.88], [94.09, 94.12, 94.16, 94.21, 94.29, 94.4, 94.56, 94.8, 95.18, 95.48, 95.38, 95.17, 95.07, 95.65, 95.61, 95.29, 95.41, 95.46, 95.85, 95.9], [94.12, 94.15, 94.19, 94.25, 94.32, 94.41, 94.54, 94.69, 94.85, 94.88, 95.08, 94.98, 94.96, 94.97, 95.1, 95.21, 95.3, 95.34, 95.33, 95.3], [94.14, 94.17, 94.21, 94.26, 94.32, 94.4, 94.47, 94.54, 94.56, 94.79, 94.68, 94.89, 95.04, 95.17, 95.02, 95.13, 95.21, 95.25, 95.26, 95.25], [94.16, 94.19, 94.22, 94.27, 94.31, 94.36, 94.41, 94.43, 94.39, 94.46, 94.25, 94.65, 94.91, 95.08, 94.95, 95.05, 95.13, 95.17, 95.2, 95.2], [94.17, 94.2, 94.23, 94.26, 94.3, 94.33, 94.35, 94.35, 94.78, 94.53, 94.38, 94.63, 94.86, 95.03, 94.89, 94.99, 95.07, 95.11, 95.14, 95.16], [94.17, 94.2, 94.23, 94.25, 94.28, 94.3, 94.32, 94.31, 94.81, 94.69, 94.65, 94.74, 94.89, 95.02, 94.86, 94.95, 95.02, 95.07, 95.1, 95.12], [94.18, 94.2, 94.22, 94.24, 94.27, 94.28, 94.29, 94.95, 94.88, 94.82, 94.8, 94.85, 94.94, 95.03, 94.85, 94.92, 94.98, 95.03, 95.06, 95.09]]}