gis_exercise/awsData/contour/humi_2023083103.json
{"header": {"refTime": "2023-08-31T03:00:00.000Z", "nx": 21, "ny": 33, "lo1": 113.509, "la1": 22.2235, "lo2": 113.5947, "la2": 22.1034, "dx": 0.0042850000000001385, "dy": 0.003753125000000024, "parameterCategory": 0, "parameterCategoryName": "Temperature", "parameterNumber": 0}, "z": [[70.0, 70.0, 70.0, 70.26, 70.25, 69.3, 69.34, 69.37, 69.35, 69.43, 69.29, 69.15, 68.57, 68.49, 69.05, 69.13, 68.96, 69.05, 69.12, 69.16], [70.0, 70.0, 70.0, 70.0, 70.24, 70.22, 69.4, 69.49, 69.53, 69.52, 69.29, 69.07, 68.46, 68.39, 68.97, 68.85, 69.0, 69.11, 69.19, 69.23], [70.0, 70.0, 70.0, 70.0, 70.25, 70.23, 70.19, 69.59, 69.89, 69.59, 69.23, 68.91, 68.28, 68.24, 68.64, 68.87, 69.07, 69.2, 69.28, 69.32], [70.0, 70.0, 70.0, 70.0, 70.0, 70.24, 70.21, 70.17, 70.13, 69.51, 69.12, 68.64, 67.97, 68.25, 68.6, 68.93, 69.19, 69.35, 69.42, 69.43], [70.0, 70.0, 70.0, 70.0, 70.0, 70.25, 70.24, 70.23, 70.25, 69.44, 69.06, 68.17, 67.5, 68.1, 68.63, 69.07, 69.41, 69.59, 69.62, 69.57], [70.0, 70.0, 70.0, 70.0, 70.0, 70.0, 70.26, 70.26, 70.3, 70.39, 69.08, 68.52, 67.98, 67.67, 68.78, 69.29, 69.76, 69.95, 69.86, 69.71], [70.0, 70.0, 70.0, 70.0, 70.0, 70.0, 70.25, 70.24, 70.28, 70.27, 70.3, 69.13, 68.14, 68.02, 68.99, 69.52, 70.23, 70.49, 70.26, 70.01], [70.0, 70.0, 70.0, 70.0, 70.0, 70.23, 70.23, 70.18, 70.06, 70.34, 70.69, 69.61, 69.6, 67.99, 70.26, 70.04, 70.48, 70.63, 70.39, 70.22], [70.0, 70.0, 70.0, 70.0, 70.0, 70.0, 70.0, 70.22, 70.32, 70.21, 70.23, 69.94, 69.79, 69.98, 70.2, 69.96, 70.21, 70.32, 70.26, 70.16], [70.0, 70.0, 70.0, 70.0, 70.0, 70.0, 70.0, 70.0, 70.57, 70.51, 69.78, 70.12, 70.01, 70.06, 70.2, 69.87, 70.04, 70.12, 70.12, 70.09], [70.0, 70.0, 70.0, 70.0, 70.0, 70.0, 70.0, 70.0, 70.0, 70.34, 71.0, 70.24, 70.15, 70.14, 70.22, 69.81, 69.93, 70.0, 70.01, 70.0], [70.0, 70.0, 70.0, 70.0, 70.0, 70.0, 70.0, 70.0, 70.0, -999.0, 71.0, 69.0, 69.0, 70.2, 70.24, 69.74, 69.81, 76.68, 76.55, 76.51], [70.0, 70.0, 70.0, 70.0, 70.0, 70.0, 70.0, 70.0, 70.0, 70.0, -999.0, 69.0, 69.0, 76.83, 73.39, 74.64, 74.57, 75.8, 75.62, 75.51], [70.0, 70.0, 70.0, 70.0, 70.0, 70.0, 70.0, 70.0, 70.0, 70.0, -999.0, 81.0, 81.0, 81.0, 74.4, 75.47, 75.31, 76.57, 76.3, 76.09], [70.0, 70.0, 70.0, 70.0, 70.0, 70.0, 70.0, 70.0, 70.0, 70.0, 70.0, 74.23, 81.0, 81.0, 81.0, 76.42, 76.12, 77.28, 76.92, 76.62], [70.0, 70.0, 70.0, 70.0, 70.0, 70.0, 70.0, 70.0, 70.0, 70.0, 76.92, 76.14, 77.2, 78.1, 77.08, 77.7, 77.2, 78.08, 75.95, 75.59], [70.0, 70.0, 70.0, 70.0, 70.0, 70.0, 70.0, 70.0, 70.0, 70.0, 74.73, 76.09, 77.53, 78.85, 78.68, 79.32, 78.73, 78.27, 77.94, 77.72], [70.0, 70.0, 70.0, 70.0, 70.0, 70.0, 70.0, 70.0, 70.0, 72.79, 74.27, 75.92, 77.64, 78.6, 80.66, 79.5, 78.66, 78.12, 77.78, 77.57], [70.0, 70.0, 70.0, 70.0, 70.0, 70.0, 70.0, 70.0, 70.99, 72.14, 73.17, 74.54, 76.36, 77.81, 79.62, 78.99, 78.28, 77.81, 77.53, 77.37], [70.0, 70.0, 70.0, 70.0, 70.0, 70.0, 70.0, 70.0, 71.03, 71.89, 72.98, 74.12, 75.71, 76.56, 78.48, 78.12, 77.67, 77.35, 77.18, 77.12], [70.0, 70.0, 70.0, 70.0, 70.0, 70.0, 70.0, 70.0, 71.71, 72.15, 72.86, 73.7, 75.11, 77.78, 77.6, 77.27, 76.96, 76.8, 76.8, 76.85], [70.0, 70.0, 70.0, 70.0, 70.0, 70.0, 70.0, 70.0, 71.92, 72.19, 72.65, 73.28, 74.54, 77.22, 76.91, 76.5, 76.19, 76.22, 76.43, 76.62], [70.0, 70.0, 70.0, 70.0, 70.0, 70.0, 70.0, 70.0, 70.0, 70.0, 70.0, 70.53, 73.33, 76.82, 76.43, 75.85, 75.24, 75.65, 76.21, 76.48], [70.0, 70.0, 70.0, 70.0, 70.0, 70.0, 70.0, 70.0, 70.0, 70.0, 70.0, 70.49, 73.24, 73.78, 74.21, 75.6, 73.75, 75.88, 76.32, 76.48], [70.0, 70.0, 70.0, 70.0, 70.0, 70.0, 70.0, 70.0, 70.0, 70.0, 70.0, 70.43, 70.6, 73.78, 74.3, 74.77, 76.34, 77.18, 76.58, 76.55], [70.0, 70.0, 70.0, 70.0, 70.0, 70.0, 70.0, 70.0, 70.0, 70.0, 70.24, 70.38, 70.54, 73.75, 74.29, 74.8, 75.39, 75.67, 76.62, 76.61], [70.0, 70.0, 70.0, 70.0, 70.0, 70.0, 70.0, 70.0, 70.0, 70.0, 70.26, 70.35, 70.48, 73.55, 74.07, 74.53, 74.92, 75.1, 75.06, 74.92], [70.0, 70.0, 70.0, 70.0, 70.0, 70.0, 70.0, 70.0, 70.0, 70.2, 70.21, 71.33, 71.93, 72.63, 73.77, 74.21, 74.53, 74.71, 74.75, 74.71], [70.0, 70.0, 70.0, 70.0, 70.0, 70.0, 70.0, 70.0, 70.0, 70.15, 70.35, 71.06, 71.74, 72.4, 73.51, 73.92, 74.22, 74.4, 74.49, 74.51], [70.0, 70.0, 70.0, 70.0, 70.0, 70.0, 70.0, 70.0, 71.06, 70.76, 70.59, 71.09, 71.69, 72.27, 73.31, 73.69, 73.97, 74.16, 74.27, 74.32], [70.0, 70.0, 70.0, 70.0, 70.0, 70.0, 70.0, 70.0, 71.23, 71.09, 71.09, 71.36, 71.78, 72.23, 73.19, 73.53, 73.79, 73.97, 74.09, 74.17], [70.0, 70.0, 70.0, 70.0, 70.0, 70.0, 70.0, 71.51, 71.42, 71.38, 71.43, 71.62, 71.91, 72.26, 73.14, 73.43, 73.66, 73.83, 73.95, 74.04]]}