gis_exercise/awsData/contour/humi_2023091015.json
{"header": {"refTime": "2023-09-10T15:00:00.000Z", "nx": 21, "ny": 33, "lo1": 113.509, "la1": 22.2235, "lo2": 113.5947, "la2": 22.1034, "dx": 0.0042850000000001385, "dy": 0.003753125000000024, "parameterCategory": 0, "parameterCategoryName": "Temperature", "parameterNumber": 0}, "z": [[92.57, 92.64, 92.73, 94.88, 94.89, 92.83, 92.98, 93.12, 93.13, 94.06, 93.8, 93.53, 91.42, 91.22, 90.52, 90.36, 88.91, 88.89, 88.87, 88.86], [92.51, 92.59, 92.68, 92.8, 94.87, 94.89, 93.13, 93.46, 93.64, 94.2, 93.77, 93.36, 91.22, 91.03, 90.35, 88.93, 88.89, 88.86, 88.84, 88.83], [92.45, 92.51, 92.6, 92.72, 94.83, 94.85, 94.89, 93.73, 94.67, 94.32, 93.67, 93.04, 90.88, 90.74, 88.97, 88.92, 88.86, 88.82, 88.8, 88.79], [92.37, 92.42, 92.5, 92.6, 92.75, 94.79, 94.83, 94.9, 94.97, 94.2, 93.46, 92.48, 90.34, 91.0, 88.97, 88.89, 88.81, 88.76, 88.74, 88.74], [92.28, 92.31, 92.36, 92.44, 92.56, 94.7, 94.71, 94.77, 94.89, 94.16, 93.41, 90.96, 89.8, 90.73, 88.97, 88.85, 88.73, 88.66, 88.66, 88.69], [92.17, 92.18, 92.21, 92.25, 92.33, 92.43, 94.52, 94.5, 94.7, 95.16, 92.72, 91.52, 90.52, 89.33, 88.98, 88.79, 88.59, 88.5, 88.55, 88.63], [90.89, 92.04, 92.03, 92.04, 92.07, 92.14, 93.02, 93.99, 94.14, 94.38, 94.79, 92.38, 89.57, 89.51, 89.0, 88.73, 88.38, 88.25, 88.18, 88.25], [90.86, 90.85, 90.84, 90.85, 90.9, 92.6, 92.79, 92.79, 92.56, 94.71, 96.58, 92.46, 92.41, 89.5, 88.74, 88.96, 88.52, 88.37, 88.61, 88.78], [91.15, 91.12, 90.76, 90.73, 90.72, 90.8, 91.04, 92.84, 93.91, 94.13, 94.93, 93.75, 93.17, 93.93, 88.8, 89.04, 88.79, 88.68, 88.74, 88.84], [90.0, 90.0, 90.0, 90.94, 90.8, 90.45, 90.7, 91.04, 95.41, 95.08, 93.14, 94.47, 94.05, 94.25, 88.8, 89.13, 88.96, 88.88, 88.88, 88.91], [90.0, 90.0, 90.0, 90.0, 90.0, 90.0, 90.0, 90.0, 90.71, 94.05, 98.0, 94.95, 94.59, 94.57, 88.78, 89.19, 89.07, 89.0, 88.99, 89.0], [90.0, 90.0, 90.0, 90.0, 90.0, 90.0, 90.0, 90.0, 90.0, -999.0, 98.0, 90.0, 90.0, 94.81, 88.76, 89.26, 89.19, 92.55, 92.44, 92.41], [90.0, 90.0, 90.0, 90.0, 90.0, 90.0, 90.0, 90.0, 90.0, 90.0, -999.0, 90.0, 90.0, 93.92, 92.19, 90.91, 90.85, 91.84, 91.7, 91.61], [90.0, 90.0, 90.0, 90.0, 90.0, 90.0, 90.0, 90.0, 90.0, 90.0, -999.0, 96.0, 96.0, 96.0, 92.7, 91.58, 91.45, 92.46, 92.24, 92.08], [90.0, 90.0, 90.0, 90.0, 90.0, 90.0, 90.0, 91.0, 91.0, 91.0, 91.0, 92.92, 96.0, 96.0, 96.0, 92.34, 92.1, 93.02, 92.73, 92.5], [90.0, 90.0, 90.63, 90.64, 90.66, 91.0, 91.0, 91.0, 91.0, 91.0, 94.15, 93.79, 94.27, 94.68, 94.22, 95.27, 95.16, 95.35, 93.38, 93.19], [90.64, 90.65, 90.35, 90.37, 91.0, 91.0, 91.0, 91.0, 91.0, 91.0, 93.15, 93.77, 94.42, 95.02, 95.18, 95.41, 95.2, 95.03, 94.91, 94.83], [90.36, 90.37, 90.39, 90.41, 91.0, 91.0, 91.0, 91.0, 91.0, 92.27, 92.94, 93.69, 94.47, 95.13, 95.88, 95.48, 95.18, 94.98, 94.86, 94.78], [90.38, 90.39, 90.42, 91.0, 91.0, 91.0, 91.0, 91.0, 91.45, 91.97, 93.0, 93.64, 94.27, 94.86, 95.52, 95.3, 95.05, 94.88, 94.77, 94.71], [90.39, 90.41, 92.71, 92.63, 92.52, 92.36, 92.12, 91.49, 91.8, 92.38, 93.01, 93.56, 94.06, 94.46, 95.13, 95.01, 94.85, 94.73, 94.66, 94.62], [92.83, 92.79, 92.73, 92.24, 92.18, 92.09, 91.98, 91.86, 92.48, 92.76, 93.15, 93.54, 93.9, 94.88, 94.83, 94.73, 94.62, 94.55, 94.52, 94.52], [92.4, 92.38, 92.37, 92.35, 92.32, 92.29, 92.27, 91.86, 92.95, 93.11, 93.33, 93.57, 94.71, 94.69, 94.61, 94.5, 94.41, 94.38, 94.39, 94.42], [92.45, 92.45, 92.45, 91.84, 91.88, 91.93, 92.01, 92.12, 92.24, 92.3, 92.25, 93.12, 94.0, 94.55, 94.45, 94.32, 94.21, 94.22, 94.28, 94.34], [91.78, 91.8, 91.83, 91.87, 91.93, 92.02, 92.16, 92.36, 92.62, 92.73, 92.54, 93.0, 94.0, 94.0, 94.0, 94.23, 94.06, 94.11, 94.21, 94.29], [91.78, 91.81, 91.84, 91.89, 91.96, 92.06, 92.23, 92.51, 93.0, 93.42, 92.79, 92.93, 92.86, 94.0, 94.0, 94.0, 94.11, 94.09, 94.19, 94.27], [91.78, 91.8, 91.84, 91.88, 91.95, 92.04, 92.19, 92.45, 92.91, 93.29, 93.0, 92.72, 92.67, 94.0, 94.0, 93.39, 93.58, 93.63, 94.23, 94.28], [91.77, 91.79, 91.82, 91.85, 91.9, 91.97, 92.06, 92.18, 92.33, 92.31, 92.41, 92.32, 92.4, 92.57, 92.91, 93.17, 93.35, 93.42, 93.41, 93.36], [91.76, 91.77, 91.79, 91.81, 91.84, 91.86, 91.88, 91.86, 91.75, 91.79, 91.57, 91.77, 92.08, 92.35, 92.69, 92.95, 93.13, 93.23, 93.26, 93.25], [91.74, 91.75, 91.76, 91.76, 91.77, 91.75, 91.71, 91.6, 91.35, 91.07, 90.5, 91.29, 91.82, 92.16, 92.49, 92.76, 92.94, 93.06, 93.11, 93.13], [91.72, 91.73, 91.72, 91.72, 91.7, 91.67, 91.59, 91.45, 91.56, 91.06, 90.75, 91.25, 91.72, 92.06, 92.36, 92.61, 92.79, 92.91, 92.99, 93.03], [91.71, 91.7, 91.69, 91.68, 91.65, 91.61, 91.53, 91.4, 91.63, 91.38, 91.29, 91.48, 91.77, 92.04, 92.28, 92.5, 92.67, 92.8, 92.88, 92.93], [91.69, 91.68, 91.67, 91.65, 91.62, 91.57, 91.5, 91.9, 91.76, 91.63, 91.6, 91.7, 91.87, 92.06, 92.24, 92.44, 92.59, 92.71, 92.79, 92.85]]}