gis_exercise/awsData/contour/humi_2023091114.json
{"header": {"refTime": "2023-09-11T14:00:00.000Z", "nx": 21, "ny": 33, "lo1": 113.509, "la1": 22.2235, "lo2": 113.5947, "la2": 22.1034, "dx": 0.0042850000000001385, "dy": 0.003753125000000024, "parameterCategory": 0, "parameterCategoryName": "Temperature", "parameterNumber": 0}, "z": [[94.57, 94.64, 94.73, 96.62, 96.65, 94.6, 94.76, 94.91, 94.91, 95.62, 95.28, 94.95, 93.26, 93.06, 92.68, 92.61, 91.52, 91.56, 91.59, 91.61], [94.51, 94.59, 94.68, 94.8, 96.62, 96.66, 94.94, 95.29, 95.48, 95.82, 95.27, 94.75, 93.02, 92.83, 92.49, 91.45, 91.52, 91.57, 91.61, 91.63], [94.45, 94.51, 94.6, 94.72, 96.59, 96.63, 96.7, 95.59, 96.63, 95.99, 95.14, 94.39, 92.61, 92.48, 91.34, 91.45, 91.54, 91.6, 91.63, 91.65], [94.37, 94.42, 94.5, 94.6, 94.75, 96.56, 96.62, 96.73, 96.83, 95.78, 94.86, 93.75, 91.93, 92.46, 91.3, 91.47, 91.57, 91.64, 91.67, 91.69], [94.28, 94.31, 94.36, 94.44, 94.56, 96.45, 96.47, 96.54, 96.64, 95.59, 94.71, 92.34, 90.99, 92.15, 91.32, 91.52, 91.64, 91.7, 91.72, 91.72], [94.17, 94.18, 94.21, 94.25, 94.33, 94.43, 96.26, 96.24, 96.39, 96.77, 94.27, 93.03, 91.92, 91.0, 91.45, 91.63, 91.75, 91.8, 91.78, 91.76], [92.89, 94.04, 94.03, 94.04, 94.07, 94.14, 94.77, 95.75, 95.86, 96.11, 96.5, 94.19, 91.71, 91.53, 91.65, 91.74, 91.86, 91.91, 91.63, 91.5], [92.86, 92.85, 92.84, 92.85, 92.9, 94.37, 94.56, 94.61, 94.51, 96.37, 97.9, 94.84, 94.81, 91.49, 92.37, 92.48, 92.26, 92.18, 92.31, 92.39], [93.15, 93.12, 92.76, 92.73, 92.72, 92.8, 93.04, 94.62, 95.59, 95.92, 96.69, 95.81, 95.38, 95.95, 92.4, 92.52, 92.39, 92.34, 92.37, 92.42], [92.0, 92.0, 92.0, 92.94, 92.8, 92.45, 92.7, 93.04, 96.84, 96.56, 95.35, 96.36, 96.04, 96.19, 92.4, 92.56, 92.48, 92.44, 92.44, 92.46], [92.0, 92.0, 92.0, 92.0, 92.0, 92.0, 92.0, 92.0, 92.71, 95.71, 99.0, 96.71, 96.44, 96.43, 92.39, 92.6, 92.54, 92.5, 92.49, 92.5], [92.0, 92.0, 92.0, 92.0, 92.0, 92.0, 92.0, 92.0, 92.0, -999.0, 99.0, 93.0, 93.0, 96.61, 92.38, 92.63, 92.59, 95.41, 95.33, 95.31], [92.0, 92.0, 92.0, 92.0, 92.0, 92.0, 92.0, 92.0, 92.0, 92.0, -999.0, 93.0, 93.0, 96.26, 94.83, 94.18, 94.14, 94.88, 94.77, 94.71], [92.0, 92.0, 92.0, 92.0, 92.0, 92.0, 92.0, 92.0, 92.0, 92.0, -999.0, 98.0, 98.0, 98.0, 95.25, 94.68, 94.59, 95.34, 95.18, 95.06], [92.0, 92.0, 92.0, 92.0, 92.0, 92.0, 92.0, 93.0, 93.0, 93.0, 93.0, 94.92, 98.0, 98.0, 98.0, 95.25, 95.07, 95.77, 95.55, 95.37], [92.0, 92.0, 92.63, 92.64, 92.66, 93.0, 93.0, 93.0, 93.0, 93.0, 96.15, 95.79, 96.27, 96.68, 96.22, 96.53, 96.31, 96.7, 95.35, 95.16], [92.64, 92.65, 92.35, 92.37, 93.0, 93.0, 93.0, 93.0, 93.0, 93.0, 95.15, 95.77, 96.42, 97.02, 96.96, 96.96, 96.59, 96.3, 96.09, 95.95], [92.36, 92.37, 92.39, 92.41, 93.0, 93.0, 93.0, 93.0, 93.0, 94.27, 94.94, 95.69, 96.47, 96.92, 97.85, 97.07, 96.55, 96.21, 95.99, 95.85], [92.38, 92.39, 92.42, 93.0, 93.0, 93.0, 93.0, 93.0, 93.45, 93.97, 95.0, 95.64, 95.91, 96.56, 97.15, 96.76, 96.33, 96.02, 95.84, 95.73], [92.39, 92.41, 94.71, 94.63, 94.52, 94.36, 94.12, 93.49, 93.8, 94.38, 95.01, 95.56, 95.62, 96.0, 96.46, 96.24, 95.96, 95.75, 95.63, 95.57], [94.83, 94.79, 94.73, 94.24, 94.18, 94.09, 93.98, 93.86, 94.48, 94.76, 95.15, 95.54, 95.35, 96.03, 95.93, 95.74, 95.55, 95.44, 95.4, 95.4], [94.4, 94.38, 94.37, 94.35, 94.32, 94.29, 94.27, 94.39, 94.95, 95.11, 95.33, 95.57, 96.07, 95.69, 95.53, 95.32, 95.15, 95.12, 95.17, 95.24], [94.45, 94.45, 94.45, 94.6, 94.6, 94.62, 94.65, 94.72, 94.81, 94.87, 94.88, 94.59, 95.04, 95.44, 95.24, 94.99, 94.75, 94.82, 94.98, 95.11], [94.65, 94.65, 94.67, 94.68, 94.72, 94.77, 94.86, 94.99, 95.16, 95.25, 95.16, 95.26, 95.07, 94.9, 94.74, 94.82, 94.33, 94.7, 94.9, 95.04], [94.69, 94.7, 94.73, 94.76, 94.81, 94.88, 95.0, 95.18, 95.46, 95.7, 95.38, 95.31, 95.11, 94.93, 94.78, 94.66, 94.77, 94.86, 94.92, 95.02], [94.72, 94.74, 94.77, 94.81, 94.87, 94.95, 95.06, 95.23, 95.48, 95.68, 95.51, 95.29, 95.13, 94.97, 94.83, 94.6, 94.62, 94.64, 94.97, 95.04], [94.75, 94.78, 94.81, 94.85, 94.91, 94.98, 95.07, 95.18, 95.3, 95.33, 95.35, 95.23, 95.12, 94.68, 94.65, 94.63, 94.63, 94.63, 94.63, 94.62], [94.78, 94.8, 94.83, 94.87, 94.92, 94.98, 95.05, 95.12, 95.16, 95.24, 95.18, 95.3, 95.3, 95.29, 94.68, 94.65, 94.64, 94.64, 94.63, 94.63], [94.79, 94.82, 94.85, 94.89, 94.93, 94.98, 95.02, 95.06, 95.08, 95.12, 95.09, 95.21, 95.26, 95.27, 94.7, 94.67, 94.66, 94.65, 94.64, 94.64], [94.81, 94.83, 94.86, 94.89, 94.93, 94.97, 95.0, 95.03, 95.27, 95.18, 95.12, 95.19, 95.24, 95.26, 94.72, 94.69, 94.67, 94.66, 94.65, 94.65], [94.82, 94.84, 94.86, 94.89, 94.92, 94.95, 94.98, 95.0, 95.27, 95.22, 95.2, 95.22, 95.25, 95.26, 94.72, 94.7, 94.68, 94.67, 94.66, 94.65], [94.82, 94.84, 94.87, 94.89, 94.92, 94.94, 94.96, 95.31, 95.28, 95.26, 95.24, 95.25, 95.26, 95.26, 94.73, 94.71, 94.69, 94.68, 94.67, 94.66]]}