gis_exercise/awsData/contour/humi_2023090708.json
{"header": {"refTime": "2023-09-07T08:00:00.000Z", "nx": 21, "ny": 33, "lo1": 113.509, "la1": 22.2235, "lo2": 113.5947, "la2": 22.1034, "dx": 0.0042850000000001385, "dy": 0.003753125000000024, "parameterCategory": 0, "parameterCategoryName": "Temperature", "parameterNumber": 0}, "z": [[81.42, 81.45, 81.5, 82.81, 82.77, 81.1, 81.13, 81.15, 81.1, 81.12, 80.89, 80.66, 79.53, 79.41, 79.65, 79.69, 79.23, 79.32, 79.38, 79.43], [81.4, 81.43, 81.48, 81.53, 82.77, 82.71, 81.23, 81.32, 81.35, 81.25, 80.88, 80.52, 79.36, 79.23, 79.52, 79.12, 79.26, 79.37, 79.44, 79.49], [81.36, 81.4, 81.45, 81.51, 82.79, 82.73, 82.62, 81.47, 81.85, 81.36, 80.79, 80.26, 79.06, 78.98, 78.9, 79.13, 79.32, 79.45, 79.53, 79.57], [81.32, 81.36, 81.41, 81.47, 81.56, 82.78, 82.69, 82.55, 82.41, 81.24, 80.6, 79.8, 78.55, 79.07, 78.85, 79.18, 79.43, 79.58, 79.65, 79.67], [81.27, 81.3, 81.35, 81.41, 81.5, 82.85, 82.81, 82.77, 82.78, 81.16, 80.53, 78.95, 77.83, 78.82, 78.89, 79.31, 79.63, 79.79, 79.82, 79.79], [81.21, 81.22, 81.26, 81.32, 81.42, 81.56, 82.93, 82.96, 83.01, 83.12, 80.5, 79.53, 78.62, 78.0, 79.06, 79.53, 79.94, 80.11, 80.03, 79.91], [80.79, 81.13, 81.15, 81.19, 81.28, 81.46, 82.25, 83.05, 83.12, 82.87, 82.79, 80.52, 78.71, 78.53, 79.31, 79.76, 80.35, 80.57, 80.26, 80.01], [80.71, 80.69, 80.68, 80.7, 80.79, 81.71, 82.09, 82.6, 82.94, 83.02, 83.45, 81.23, 81.21, 78.49, 80.63, 80.52, 80.74, 80.82, 80.69, 80.61], [81.29, 81.23, 80.52, 80.46, 80.44, 80.59, 81.08, 82.27, 83.32, 82.79, 82.46, 81.87, 81.59, 81.97, 80.6, 80.48, 80.61, 80.66, 80.63, 80.58], [79.0, 79.0, 79.0, 80.87, 80.61, 79.91, 80.39, 81.08, 83.57, 83.51, 81.57, 82.24, 82.02, 82.13, 80.6, 80.44, 80.52, 80.56, 80.56, 80.54], [79.0, 79.0, 79.0, 79.0, 79.0, 79.0, 79.0, 79.0, 80.42, 83.34, 84.0, 82.48, 82.3, 82.28, 80.61, 80.4, 80.46, 80.5, 80.51, 80.5], [79.0, 79.0, 79.0, 79.0, 79.0, 79.0, 79.0, 79.0, 79.0, -999.0, 84.0, 80.0, 80.0, 82.41, 80.62, 80.37, 80.41, 83.27, 83.22, 83.2], [79.0, 79.0, 79.0, 79.0, 79.0, 79.0, 79.0, 79.0, 79.0, 79.0, -999.0, 80.0, 80.0, 83.26, 81.83, 82.46, 82.43, 82.92, 82.85, 82.81], [79.0, 79.0, 79.0, 79.0, 79.0, 79.0, 79.0, 79.0, 79.0, 79.0, -999.0, 85.0, 85.0, 85.0, 82.25, 82.79, 82.73, 83.23, 83.12, 83.04], [79.0, 79.0, 79.0, 79.0, 79.0, 79.0, 79.0, 84.0, 84.0, 84.0, 84.0, 84.38, 85.0, 85.0, 85.0, 83.17, 83.05, 83.51, 83.37, 83.25], [79.0, 79.0, 82.15, 82.2, 82.3, 84.0, 84.0, 84.0, 84.0, 84.0, 84.63, 84.56, 84.65, 84.74, 84.64, 83.9, 83.73, 84.03, 83.14, 83.01], [82.21, 82.24, 80.76, 80.85, 84.0, 84.0, 84.0, 84.0, 84.0, 84.0, 84.43, 84.55, 84.68, 84.8, 84.55, 84.82, 84.75, 84.71, 84.68, 84.66], [80.78, 80.84, 80.93, 81.06, 84.0, 84.0, 84.0, 84.0, 84.0, 84.25, 84.39, 84.54, 84.69, 84.55, 84.93, 84.83, 84.74, 84.68, 84.66, 84.65], [80.88, 80.96, 81.08, 84.0, 84.0, 84.0, 84.0, 84.0, 84.09, 84.19, 84.1, 84.22, 84.18, 84.38, 84.84, 84.77, 84.69, 84.64, 84.62, 84.62], [80.95, 81.03, 83.43, 83.46, 83.49, 83.55, 83.63, 83.84, 83.98, 84.0, 84.05, 84.14, 84.03, 84.1, 84.7, 84.65, 84.6, 84.57, 84.58, 84.6], [83.39, 83.4, 83.42, 83.59, 83.61, 83.64, 83.67, 83.71, 83.92, 83.93, 83.98, 84.05, 83.87, 84.61, 84.57, 84.51, 84.47, 84.48, 84.53, 84.57], [83.53, 83.54, 83.54, 83.55, 83.56, 83.57, 83.58, 83.83, 83.82, 83.83, 83.87, 83.94, 83.39, 84.54, 84.46, 84.36, 84.29, 84.37, 84.49, 84.57], [83.52, 83.52, 83.52, 83.89, 83.87, 83.84, 83.8, 83.76, 83.71, 83.7, 83.73, 83.03, 83.85, 84.5, 84.39, 84.19, 83.95, 84.23, 84.52, 84.61], [83.93, 83.92, 83.91, 83.89, 83.86, 83.83, 83.77, 83.69, 83.58, 83.54, 83.63, 83.25, 83.84, 83.96, 84.03, 84.18, 83.14, 84.58, 84.73, 84.7], [83.94, 83.93, 83.92, 83.9, 83.87, 83.83, 83.76, 83.64, 83.44, 83.26, 83.54, 83.32, 83.27, 83.99, 84.12, 84.26, 84.91, 85.54, 84.94, 84.78], [83.95, 83.94, 83.93, 83.91, 83.89, 83.85, 83.8, 83.69, 83.49, 83.32, 83.38, 83.45, 83.39, 84.01, 84.17, 84.67, 84.89, 85.03, 84.92, 84.81], [83.96, 83.95, 83.95, 83.94, 83.92, 83.9, 83.87, 83.83, 83.77, 83.79, 83.67, 83.67, 83.56, 84.69, 84.68, 84.72, 84.8, 84.86, 84.84, 84.79], [83.97, 83.97, 83.97, 83.97, 83.96, 83.96, 83.97, 83.99, 84.06, 84.01, 84.11, 84.7, 84.82, 85.0, 84.72, 84.74, 84.77, 84.79, 84.79, 84.77], [83.99, 83.99, 83.99, 83.99, 84.0, 84.02, 84.06, 84.12, 84.27, 84.39, 84.91, 84.82, 84.86, 84.98, 84.74, 84.74, 84.75, 84.76, 84.76, 84.75], [84.0, 84.0, 84.01, 84.02, 84.04, 84.07, 84.12, 84.2, 84.69, 84.81, 84.89, 84.86, 84.89, 84.98, 84.76, 84.75, 84.75, 84.75, 84.75, 84.74], [84.01, 84.02, 84.03, 84.04, 84.06, 84.1, 84.15, 84.22, 84.73, 84.79, 84.84, 84.86, 84.9, 84.97, 84.76, 84.75, 84.74, 84.74, 84.74, 84.73], [84.02, 84.03, 84.04, 84.06, 84.08, 84.11, 84.16, 84.72, 84.75, 84.79, 84.83, 84.87, 84.91, 84.97, 84.76, 84.75, 84.74, 84.74, 84.73, 84.73]]}