gis_exercise/awsData/contour/humi_2023083115.json
{"header": {"refTime": "2023-08-31T15:00:00.000Z", "nx": 21, "ny": 33, "lo1": 113.509, "la1": 22.2235, "lo2": 113.5947, "la2": 22.1034, "dx": 0.0042850000000001385, "dy": 0.003753125000000024, "parameterCategory": 0, "parameterCategoryName": "Temperature", "parameterNumber": 0}, "z": [[63.95, 64.04, 64.15, 65.3, 65.39, 64.11, 64.31, 64.5, 64.51, 64.59, 64.13, 63.68, 62.14, 61.88, 61.98, 61.89, 59.98, 60.02, 60.06, 60.08], [63.89, 63.98, 64.09, 64.24, 65.36, 65.5, 64.51, 64.94, 65.18, 64.94, 64.15, 63.49, 61.88, 61.62, 61.76, 59.93, 60.0, 60.05, 60.09, 60.12], [63.81, 63.89, 64.0, 64.14, 65.3, 65.45, 65.69, 65.3, 66.56, 65.23, 64.0, 63.08, 61.44, 61.24, 59.82, 59.94, 60.03, 60.1, 60.14, 60.16], [63.71, 63.78, 63.86, 63.99, 64.17, 65.31, 65.5, 65.84, 66.15, 64.79, 63.57, 62.38, 60.73, 60.41, 59.8, 59.97, 60.1, 60.18, 60.21, 60.22], [63.6, 63.64, 63.7, 63.8, 63.93, 65.1, 65.18, 65.3, 65.38, 64.13, 63.14, 60.37, 59.57, 60.22, 59.82, 60.03, 60.2, 60.29, 60.31, 60.28], [63.48, 63.49, 63.51, 63.56, 63.65, 63.76, 64.81, 64.76, 64.77, 64.86, 61.57, 60.76, 60.08, 59.33, 59.89, 60.15, 60.38, 60.48, 60.43, 60.36], [61.89, 63.32, 63.31, 63.31, 63.34, 63.4, 63.01, 64.22, 64.17, 63.33, 63.34, 61.39, 59.57, 59.51, 59.99, 60.26, 60.61, 60.74, 60.63, 60.5], [61.86, 61.85, 61.84, 61.85, 61.9, 62.7, 62.88, 63.07, 63.05, 63.52, 64.25, 61.54, 61.51, 59.5, 60.63, 60.52, 60.74, 60.82, 60.69, 60.61], [62.15, 62.12, 61.76, 61.73, 61.72, 61.8, 62.04, 62.96, 63.64, 63.21, 63.08, 62.34, 61.98, 62.46, 60.6, 60.48, 60.61, 60.66, 60.63, 60.58], [61.0, 61.0, 61.0, 61.94, 61.8, 61.45, 61.7, 62.04, 64.14, 64.03, 61.96, 62.8, 62.53, 62.66, 60.6, 60.44, 60.52, 60.56, 60.56, 60.54], [61.0, 61.0, 61.0, 61.0, 61.0, 61.0, 61.0, 61.0, 61.71, 63.68, 65.0, 63.09, 62.87, 62.85, 60.61, 60.4, 60.46, 60.5, 60.51, 60.5], [61.0, 61.0, 61.0, 61.0, 61.0, 61.0, 61.0, 61.0, 61.0, -999.0, 65.0, 60.0, 60.0, 63.01, 60.62, 60.37, 60.41, 69.53, 69.32, 69.27], [61.0, 61.0, 61.0, 61.0, 61.0, 61.0, 61.0, 61.0, 61.0, 61.0, -999.0, 60.0, 60.0, 70.44, 65.85, 66.46, 66.35, 68.2, 67.94, 67.77], [61.0, 61.0, 61.0, 61.0, 61.0, 61.0, 61.0, 61.0, 61.0, 61.0, -999.0, 76.0, 76.0, 76.0, 67.2, 67.71, 67.47, 69.35, 68.95, 68.64], [61.0, 61.0, 61.0, 61.0, 61.0, 61.0, 61.0, 64.0, 64.0, 64.0, 64.0, 68.61, 76.0, 76.0, 76.0, 69.13, 68.68, 70.42, 69.88, 69.43], [61.0, 61.0, 62.89, 62.92, 62.98, 64.0, 64.0, 64.0, 64.0, 64.0, 71.55, 70.69, 71.86, 72.84, 71.72, 72.7, 72.2, 73.08, 69.66, 69.2], [62.93, 62.94, 62.06, 62.11, 64.0, 64.0, 64.0, 64.0, 64.0, 64.0, 69.16, 70.65, 72.22, 73.66, 73.56, 74.6, 74.11, 73.73, 73.47, 73.29], [62.07, 62.11, 62.16, 62.24, 64.0, 64.0, 64.0, 64.0, 64.0, 67.05, 68.66, 70.46, 72.33, 73.47, 75.64, 74.75, 74.05, 73.6, 73.33, 73.16], [62.13, 62.18, 62.25, 64.0, 64.0, 64.0, 64.0, 64.0, 65.08, 66.34, 67.09, 68.57, 71.08, 72.64, 74.84, 74.32, 73.73, 73.34, 73.11, 72.99], [62.17, 62.22, 62.86, 62.91, 62.99, 63.09, 63.25, 63.67, 64.91, 65.71, 66.8, 68.04, 70.41, 71.35, 73.88, 73.58, 73.2, 72.94, 72.82, 72.78], [62.78, 62.81, 62.85, 63.17, 63.21, 63.27, 63.35, 63.43, 65.39, 65.83, 66.55, 67.47, 69.8, 73.3, 73.13, 72.84, 72.57, 72.47, 72.5, 72.57], [63.07, 63.08, 63.09, 63.1, 63.12, 63.14, 63.16, 63.13, 65.37, 65.64, 66.15, 66.86, 68.56, 72.82, 72.53, 72.15, 71.87, 71.94, 72.2, 72.39], [63.03, 63.03, 63.03, 63.02, 63.01, 63.0, 62.97, 62.92, 62.86, 62.81, 62.82, 63.9, 67.82, 72.49, 72.11, 71.53, 70.89, 71.41, 72.05, 72.32], [63.0, 62.99, 62.98, 62.97, 62.94, 62.9, 62.84, 62.74, 62.62, 62.56, 62.63, 63.48, 67.64, 68.61, 69.38, 71.34, 69.17, 71.85, 72.29, 72.39], [62.98, 62.96, 62.95, 62.92, 62.89, 62.84, 62.75, 62.62, 62.41, 62.23, 62.48, 63.33, 63.79, 68.57, 69.47, 70.28, 72.44, 73.54, 72.64, 72.5], [62.96, 62.94, 62.92, 62.89, 62.86, 62.8, 62.72, 62.6, 62.41, 62.26, 62.85, 63.28, 63.69, 68.49, 69.41, 70.39, 71.2, 71.58, 72.65, 72.56], [62.94, 62.92, 62.9, 62.88, 62.84, 62.79, 62.73, 62.66, 62.58, 62.56, 63.04, 63.3, 63.61, 68.48, 69.27, 69.96, 70.52, 70.78, 70.72, 70.53], [62.93, 62.91, 62.89, 62.87, 62.84, 62.8, 62.76, 62.73, 62.72, 63.06, 63.13, 64.62, 65.48, 66.51, 68.81, 69.47, 69.94, 70.21, 70.27, 70.21], [62.92, 62.91, 62.89, 62.87, 62.84, 62.82, 62.8, 62.79, 62.81, 63.11, 63.42, 64.32, 65.25, 66.19, 68.4, 69.03, 69.48, 69.75, 69.88, 69.91], [62.92, 62.9, 62.89, 62.87, 62.85, 62.83, 62.82, 62.82, 64.27, 63.92, 63.72, 64.39, 65.2, 66.01, 68.1, 68.68, 69.1, 69.39, 69.56, 69.64], [62.91, 62.9, 62.89, 62.87, 62.86, 62.85, 62.84, 62.84, 64.5, 64.35, 64.37, 64.74, 65.32, 65.97, 67.92, 68.43, 68.83, 69.11, 69.29, 69.4], [62.91, 62.9, 62.89, 62.88, 62.87, 62.86, 62.85, 64.87, 64.78, 64.73, 64.82, 65.09, 65.51, 66.0, 67.84, 68.28, 68.63, 68.89, 69.08, 69.21]]}