gis_exercise/awsData/contour/humi_2023090811.json
{"header": {"refTime": "2023-09-08T11:00:00.000Z", "nx": 21, "ny": 33, "lo1": 113.509, "la1": 22.2235, "lo2": 113.5947, "la2": 22.1034, "dx": 0.0042850000000001385, "dy": 0.003753125000000024, "parameterCategory": 0, "parameterCategoryName": "Temperature", "parameterNumber": 0}, "z": [[97.18, 97.23, 97.31, 98.66, 98.68, 97.32, 97.44, 97.54, 97.54, 97.93, 97.68, 97.43, 96.29, 96.15, 95.79, 95.72, 94.89, 94.91, 94.93, 94.94], [97.14, 97.19, 97.27, 97.36, 98.67, 98.7, 97.56, 97.8, 97.93, 98.08, 97.67, 97.3, 96.12, 95.98, 95.65, 94.86, 94.89, 94.91, 94.93, 94.94], [97.09, 97.14, 97.21, 97.3, 98.64, 98.68, 98.73, 98.01, 98.74, 98.22, 97.59, 97.04, 95.83, 95.74, 94.8, 94.85, 94.89, 94.92, 94.94, 94.95], [97.02, 97.07, 97.13, 97.21, 97.33, 98.63, 98.67, 98.76, 98.84, 98.05, 97.37, 96.59, 95.35, 95.64, 94.78, 94.86, 94.91, 94.93, 94.95, 94.96], [96.95, 96.98, 97.02, 97.09, 97.19, 98.55, 98.57, 98.61, 98.68, 97.86, 97.24, 95.56, 94.66, 95.44, 94.79, 94.88, 94.93, 94.95, 94.96, 94.97], [96.87, 96.88, 96.9, 96.94, 97.01, 97.1, 98.42, 98.4, 98.49, 98.71, 96.85, 96.02, 95.28, 94.67, 94.87, 94.93, 94.97, 94.98, 94.98, 94.98], [95.89, 96.77, 96.76, 96.77, 96.81, 96.88, 97.26, 98.09, 98.14, 98.19, 98.4, 96.79, 95.14, 95.02, 94.99, 94.99, 94.99, 95.0, 94.82, 94.75], [95.86, 95.85, 95.84, 95.85, 95.9, 96.92, 97.11, 97.25, 97.28, 98.36, 99.29, 97.23, 97.21, 94.99, 95.37, 95.48, 95.26, 95.18, 95.31, 95.39], [96.15, 96.12, 95.76, 95.73, 95.72, 95.8, 96.04, 97.18, 97.96, 98.06, 98.46, 97.87, 97.59, 97.97, 95.4, 95.52, 95.39, 95.34, 95.37, 95.42], [95.0, 95.0, 95.0, 95.94, 95.8, 95.45, 95.7, 96.04, 98.71, 98.54, 97.57, 98.24, 98.02, 98.13, 95.4, 95.56, 95.48, 95.44, 95.44, 95.46], [95.0, 95.0, 95.0, 95.0, 95.0, 95.0, 95.0, 95.0, 95.71, 98.03, 100.0, 98.48, 98.3, 98.28, 95.39, 95.6, 95.54, 95.5, 95.49, 95.5], [95.0, 95.0, 95.0, 95.0, 95.0, 95.0, 95.0, 95.0, 95.0, -999.0, 100.0, 96.0, 96.0, 98.41, 95.38, 95.63, 95.59, 97.84, 97.77, 97.76], [95.0, 95.0, 95.0, 95.0, 95.0, 95.0, 95.0, 95.0, 95.0, 95.0, -999.0, 96.0, 96.0, 98.61, 97.46, 96.82, 96.78, 97.4, 97.31, 97.26], [95.0, 95.0, 95.0, 95.0, 95.0, 95.0, 95.0, 95.0, 95.0, 95.0, -999.0, 100.0, 100.0, 100.0, 97.8, 97.24, 97.16, 97.78, 97.65, 97.55], [95.0, 95.0, 95.0, 95.0, 95.0, 95.0, 95.0, 96.0, 96.0, 96.0, 96.0, 97.54, 100.0, 100.0, 100.0, 97.71, 97.56, 98.14, 97.96, 97.81], [95.0, 95.0, 95.63, 95.64, 95.66, 96.0, 96.0, 96.0, 96.0, 96.0, 98.52, 98.23, 98.62, 98.95, 98.57, 99.27, 99.16, 99.35, 98.16, 98.02], [95.64, 95.65, 95.35, 95.37, 96.0, 96.0, 96.0, 96.0, 96.0, 96.0, 97.72, 98.22, 98.74, 99.22, 99.3, 99.55, 99.39, 99.26, 99.18, 99.11], [95.36, 95.37, 95.39, 95.41, 96.0, 96.0, 96.0, 96.0, 96.0, 97.02, 97.55, 98.15, 98.78, 99.26, 99.9, 99.6, 99.37, 99.23, 99.13, 99.07], [95.38, 95.39, 95.42, 96.0, 96.0, 96.0, 96.0, 96.0, 96.36, 96.78, 97.52, 98.04, 98.54, 99.03, 99.63, 99.46, 99.27, 99.14, 99.07, 99.02], [95.39, 95.41, 97.14, 97.09, 97.01, 96.91, 96.75, 96.33, 96.6, 97.04, 97.52, 97.96, 98.36, 98.68, 99.33, 99.23, 99.11, 99.02, 98.97, 98.95], [97.22, 97.19, 97.15, 96.83, 96.79, 96.73, 96.65, 96.57, 97.09, 97.31, 97.61, 97.92, 98.21, 99.14, 99.1, 99.01, 98.93, 98.88, 98.87, 98.88], [96.93, 96.92, 96.91, 96.9, 96.88, 96.86, 96.84, 96.87, 97.41, 97.54, 97.72, 97.91, 98.71, 98.99, 98.92, 98.82, 98.74, 98.74, 98.77, 98.81], [96.97, 96.97, 96.97, 96.98, 96.99, 97.0, 97.03, 97.08, 97.14, 97.19, 97.18, 97.41, 98.3, 98.89, 98.79, 98.66, 98.54, 98.6, 98.7, 98.76], [97.0, 97.01, 97.02, 97.03, 97.06, 97.1, 97.16, 97.26, 97.38, 97.44, 97.37, 97.75, 98.29, 98.34, 98.37, 98.59, 98.27, 98.59, 98.69, 98.74], [97.02, 97.04, 97.05, 97.08, 97.11, 97.16, 97.25, 97.38, 97.59, 97.77, 97.52, 97.73, 97.72, 98.34, 98.38, 98.43, 98.66, 98.77, 98.72, 98.75], [97.04, 97.06, 97.08, 97.11, 97.14, 97.2, 97.28, 97.4, 97.59, 97.74, 97.75, 97.68, 97.67, 98.34, 98.39, 98.29, 98.41, 98.46, 98.74, 98.76], [97.06, 97.08, 97.1, 97.12, 97.16, 97.21, 97.27, 97.34, 97.42, 97.44, 97.6, 97.58, 97.6, 97.97, 98.1, 98.21, 98.3, 98.34, 98.33, 98.3], [97.07, 97.09, 97.11, 97.13, 97.16, 97.2, 97.24, 97.27, 97.28, 97.45, 97.39, 97.59, 97.73, 97.88, 98.02, 98.13, 98.21, 98.25, 98.26, 98.25], [97.08, 97.09, 97.11, 97.13, 97.16, 97.18, 97.2, 97.21, 97.19, 97.27, 97.16, 97.44, 97.65, 97.81, 97.95, 98.05, 98.13, 98.17, 98.2, 98.2], [97.08, 97.1, 97.11, 97.13, 97.15, 97.17, 97.18, 97.18, 97.51, 97.35, 97.25, 97.43, 97.62, 97.77, 97.89, 97.99, 98.07, 98.11, 98.14, 98.16], [97.09, 97.1, 97.11, 97.13, 97.14, 97.15, 97.16, 97.16, 97.54, 97.47, 97.44, 97.52, 97.64, 97.76, 97.86, 97.95, 98.02, 98.07, 98.1, 98.12], [97.09, 97.1, 97.11, 97.12, 97.13, 97.14, 97.15, 97.64, 97.6, 97.56, 97.56, 97.6, 97.68, 97.77, 97.85, 97.92, 97.98, 98.03, 98.06, 98.09]]}