gis_exercise/awsData/contour/humi_2023091302.json
{"header": {"refTime": "2023-09-13T02:00:00.000Z", "nx": 21, "ny": 33, "lo1": 113.509, "la1": 22.2235, "lo2": 113.5947, "la2": 22.1034, "dx": 0.0042850000000001385, "dy": 0.003753125000000024, "parameterCategory": 0, "parameterCategoryName": "Temperature", "parameterNumber": 0}, "z": [[91.72, 91.74, 91.77, 93.58, 93.51, 91.33, 91.35, 91.36, 91.31, 91.96, 91.84, 91.7, 90.41, 90.33, 89.77, 89.77, 89.79, 89.82, 89.85, 89.88], [91.7, 91.73, 91.76, 91.79, 93.5, 93.38, 91.43, 91.49, 91.51, 91.96, 91.79, 91.57, 90.26, 90.19, 89.67, 89.72, 89.78, 89.83, 89.86, 89.89], [91.68, 91.71, 91.74, 91.78, 93.53, 93.4, 93.2, 91.61, 91.89, 91.98, 91.73, 91.35, 90.01, 89.98, 89.59, 89.71, 89.79, 89.84, 89.88, 89.9], [91.66, 91.68, 91.71, 91.76, 91.81, 93.48, 93.33, 93.06, 92.82, 92.05, 91.67, 90.95, 89.55, 90.69, 89.55, 89.72, 89.81, 89.87, 89.9, 89.92], [91.62, 91.64, 91.67, 91.72, 91.78, 93.6, 93.53, 93.47, 93.51, 92.32, 91.8, 90.54, 89.08, 90.37, 89.58, 89.77, 89.86, 89.91, 89.93, 89.94], [91.58, 91.59, 91.62, 91.66, 91.74, 91.84, 93.7, 93.74, 93.93, 94.29, 92.54, 91.29, 90.12, 89.34, 89.74, 89.87, 89.93, 89.96, 89.96, 89.96], [91.34, 91.53, 91.54, 91.57, 91.64, 91.78, 93.26, 93.77, 93.96, 94.65, 94.95, 92.59, 90.28, 90.04, 89.98, 89.98, 89.99, 89.99, 89.63, 89.5], [91.28, 91.27, 91.26, 91.28, 91.35, 92.77, 93.05, 93.29, 93.39, 94.86, 96.1, 93.54, 93.51, 89.99, 90.74, 90.96, 90.52, 90.37, 90.61, 90.78], [91.72, 91.67, 91.14, 91.1, 91.08, 91.19, 91.56, 93.16, 94.27, 94.49, 95.08, 94.34, 93.98, 94.46, 90.8, 91.04, 90.79, 90.68, 90.74, 90.84], [90.0, 90.0, 90.0, 91.4, 91.21, 90.68, 91.05, 91.56, 95.27, 95.05, 93.96, 94.8, 94.53, 94.66, 90.8, 91.13, 90.96, 90.88, 90.88, 90.91], [90.0, 90.0, 90.0, 90.0, 90.0, 90.0, 90.0, 90.0, 91.06, 94.37, 97.0, 95.09, 94.87, 94.85, 90.78, 91.19, 91.07, 91.0, 90.99, 91.0], [90.0, 90.0, 90.0, 90.0, 90.0, 90.0, 90.0, 90.0, 90.0, -999.0, 97.0, 92.0, 92.0, 95.01, 90.76, 91.26, 91.19, 93.98, 93.88, 93.86], [90.0, 90.0, 90.0, 90.0, 90.0, 90.0, 90.0, 90.0, 90.0, 90.0, -999.0, 92.0, 92.0, 95.26, 93.83, 92.55, 92.5, 93.36, 93.24, 93.16], [90.0, 90.0, 90.0, 90.0, 90.0, 90.0, 90.0, 90.0, 90.0, 90.0, -999.0, 97.0, 97.0, 97.0, 94.25, 93.13, 93.02, 93.9, 93.71, 93.57], [90.0, 90.0, 90.0, 90.0, 90.0, 90.0, 90.0, 89.0, 89.0, 89.0, 89.0, 92.07, 97.0, 97.0, 97.0, 93.8, 93.59, 94.39, 94.14, 93.93], [90.0, 90.0, 89.37, 89.36, 89.34, 89.0, 89.0, 89.0, 89.0, 89.0, 94.03, 93.46, 94.24, 94.89, 94.15, 95.17, 94.89, 95.38, 93.82, 93.59], [89.36, 89.35, 89.65, 89.63, 89.0, 89.0, 89.0, 89.0, 89.0, 89.0, 92.44, 93.43, 94.48, 95.44, 95.49, 95.66, 95.19, 94.81, 94.55, 94.36], [89.64, 89.63, 89.61, 89.59, 89.0, 89.0, 89.0, 89.0, 89.0, 91.03, 92.11, 93.31, 94.56, 95.42, 96.78, 95.81, 95.14, 94.7, 94.42, 94.24], [89.62, 89.61, 89.58, 89.0, 89.0, 89.0, 89.0, 89.0, 89.72, 90.56, 92.05, 93.08, 93.9, 94.91, 95.91, 95.41, 94.85, 94.46, 94.22, 94.08], [89.61, 89.59, 91.29, 91.17, 91.03, 90.81, 90.49, 89.66, 90.19, 91.07, 92.05, 92.92, 93.5, 94.13, 95.02, 94.74, 94.38, 94.12, 93.96, 93.88], [91.44, 91.38, 91.31, 90.65, 90.57, 90.45, 90.3, 90.14, 91.18, 91.61, 92.22, 92.84, 93.14, 94.47, 94.34, 94.11, 93.86, 93.71, 93.66, 93.66], [90.86, 90.85, 90.82, 90.8, 90.76, 90.72, 90.69, 91.08, 91.83, 92.08, 92.43, 92.82, 94.1, 94.03, 93.83, 93.57, 93.36, 93.3, 93.36, 93.45], [90.94, 90.94, 90.94, 91.47, 91.46, 91.46, 91.49, 91.56, 91.66, 91.76, 91.79, 91.56, 92.67, 93.72, 93.47, 93.15, 92.86, 92.93, 93.12, 93.28], [91.58, 91.59, 91.59, 91.61, 91.64, 91.69, 91.79, 91.94, 92.13, 92.24, 92.16, 92.75, 92.68, 92.62, 92.56, 92.93, 92.37, 92.76, 93.0, 93.18], [91.65, 91.67, 91.69, 91.73, 91.79, 91.87, 92.0, 92.2, 92.49, 92.72, 92.44, 92.79, 92.7, 92.63, 92.58, 92.54, 92.83, 92.91, 93.01, 93.16], [91.72, 91.74, 91.78, 91.83, 91.9, 92.0, 92.14, 92.32, 92.56, 92.74, 92.88, 92.81, 92.73, 92.65, 92.61, 92.6, 92.62, 92.64, 93.08, 93.18], [91.77, 91.81, 91.85, 91.91, 91.99, 92.09, 92.21, 92.35, 92.5, 92.57, 92.87, 92.82, 92.76, 92.68, 92.65, 92.63, 92.63, 92.63, 92.63, 92.62], [91.82, 91.86, 91.91, 91.97, 92.05, 92.15, 92.26, 92.38, 92.5, 92.9, 92.9, 93.0, 93.0, 93.0, 92.68, 92.65, 92.64, 92.64, 92.63, 92.63], [91.86, 91.9, 91.95, 92.02, 92.09, 92.18, 92.28, 92.4, 92.54, 92.93, 93.0, 93.0, 93.0, 93.0, 92.7, 92.67, 92.66, 92.65, 92.64, 92.64], [91.89, 91.93, 91.98, 92.05, 92.12, 92.2, 92.29, 92.4, 93.0, 93.0, 93.0, 93.0, 93.0, 93.0, 92.72, 92.69, 92.67, 92.66, 92.65, 92.65], [91.91, 91.96, 92.01, 92.06, 92.13, 92.2, 92.29, 92.38, 93.0, 93.0, 93.0, 93.0, 93.0, 93.0, 92.72, 92.7, 92.68, 92.67, 92.66, 92.65], [91.93, 91.97, 92.02, 92.07, 92.13, 92.2, 92.27, 93.0, 93.0, 93.0, 93.0, 93.0, 93.0, 93.0, 92.73, 92.71, 92.69, 92.68, 92.67, 92.66]]}