gis_exercise/awsData/contour/humi_2023091120.json
{"header": {"refTime": "2023-09-11T20:00:00.000Z", "nx": 21, "ny": 33, "lo1": 113.509, "la1": 22.2235, "lo2": 113.5947, "la2": 22.1034, "dx": 0.0042850000000001385, "dy": 0.003753125000000024, "parameterCategory": 0, "parameterCategoryName": "Temperature", "parameterNumber": 0}, "z": [[93.48, 93.52, 93.58, 95.43, 95.42, 93.32, 93.44, 93.54, 93.54, 94.51, 94.32, 94.12, 92.29, 92.15, 91.5, 91.4, 90.54, 90.53, 90.53, 90.53], [93.45, 93.49, 93.55, 93.62, 95.4, 95.37, 93.56, 93.8, 93.93, 94.58, 94.28, 93.97, 92.12, 91.98, 91.37, 90.53, 90.52, 90.52, 90.51, 90.51], [93.41, 93.44, 93.5, 93.57, 95.38, 95.35, 95.32, 94.01, 94.74, 94.65, 94.2, 93.69, 91.83, 91.74, 90.51, 90.51, 90.5, 90.49, 90.49, 90.49], [93.36, 93.39, 93.43, 93.5, 93.59, 95.33, 95.31, 95.27, 95.25, 94.63, 94.06, 93.22, 91.35, 92.23, 90.5, 90.5, 90.48, 90.46, 90.46, 90.47], [93.3, 93.32, 93.35, 93.4, 93.47, 95.3, 95.29, 95.31, 95.42, 94.74, 94.1, 92.15, 90.89, 91.94, 90.51, 90.49, 90.44, 90.41, 90.41, 90.44], [93.24, 93.24, 93.26, 93.28, 93.32, 93.38, 95.19, 95.19, 95.41, 95.89, 94.0, 92.77, 91.72, 90.67, 90.56, 90.48, 90.37, 90.32, 90.36, 90.41], [92.45, 93.16, 93.15, 93.15, 93.17, 93.2, 94.27, 94.8, 94.98, 95.57, 96.05, 93.78, 91.14, 91.02, 90.66, 90.48, 90.25, 90.17, 90.0, 90.0], [92.43, 92.42, 92.42, 92.43, 92.45, 93.98, 94.07, 93.94, 93.62, 95.88, 97.7, 94.15, 94.11, 90.99, 90.74, 90.96, 90.52, 90.37, 90.61, 90.78], [92.57, 92.56, 92.38, 92.37, 92.36, 92.4, 92.52, 94.08, 94.91, 95.34, 96.31, 95.28, 94.78, 95.44, 90.8, 91.04, 90.79, 90.68, 90.74, 90.84], [92.0, 92.0, 92.0, 92.47, 92.4, 92.23, 92.35, 92.52, 96.41, 96.08, 94.74, 95.92, 95.54, 95.72, 90.8, 91.13, 90.96, 90.88, 90.88, 90.91], [92.0, 92.0, 92.0, 92.0, 92.0, 92.0, 92.0, 92.0, 92.35, 95.05, 99.0, 96.33, 96.02, 96.0, 90.78, 91.19, 91.07, 91.0, 90.99, 91.0], [92.0, 92.0, 92.0, 92.0, 92.0, 92.0, 92.0, 92.0, 92.0, -999.0, 99.0, 92.0, 92.0, 96.21, 90.76, 91.26, 91.19, 95.12, 94.99, 94.96], [92.0, 92.0, 92.0, 92.0, 92.0, 92.0, 92.0, 92.0, 92.0, 92.0, -999.0, 92.0, 92.0, 96.57, 94.56, 93.28, 93.21, 94.32, 94.16, 94.06], [92.0, 92.0, 92.0, 92.0, 92.0, 92.0, 92.0, 92.0, 92.0, 92.0, -999.0, 99.0, 99.0, 99.0, 95.15, 94.03, 93.88, 95.01, 94.77, 94.58], [92.0, 92.0, 92.0, 92.0, 92.0, 92.0, 92.0, 93.0, 93.0, 93.0, 93.0, 95.31, 99.0, 99.0, 99.0, 94.88, 94.61, 95.65, 95.33, 95.06], [92.0, 92.0, 92.63, 92.64, 92.66, 93.0, 93.0, 93.0, 93.0, 93.0, 96.78, 96.35, 96.93, 97.42, 96.86, 97.53, 97.31, 97.7, 95.58, 95.33], [92.64, 92.65, 92.35, 92.37, 93.0, 93.0, 93.0, 93.0, 93.0, 93.0, 95.58, 96.32, 97.11, 97.83, 97.84, 97.96, 97.59, 97.3, 97.09, 96.95], [92.36, 92.37, 92.39, 92.41, 93.0, 93.0, 93.0, 93.0, 93.0, 94.52, 95.33, 96.23, 97.17, 97.79, 98.83, 98.07, 97.55, 97.21, 96.99, 96.85], [92.38, 92.39, 92.42, 93.0, 93.0, 93.0, 93.0, 93.0, 93.54, 94.17, 95.47, 96.25, 96.63, 97.39, 98.15, 97.76, 97.33, 97.02, 96.84, 96.73], [92.39, 92.41, 95.29, 95.17, 95.03, 94.81, 94.49, 93.66, 94.01, 94.73, 95.5, 96.17, 96.32, 96.79, 97.46, 97.24, 96.96, 96.75, 96.63, 96.57], [95.44, 95.38, 95.31, 94.65, 94.57, 94.45, 94.3, 94.14, 94.87, 95.22, 95.7, 96.16, 96.04, 97.03, 96.93, 96.74, 96.55, 96.44, 96.4, 96.4], [94.86, 94.85, 94.82, 94.8, 94.76, 94.72, 94.69, 94.39, 95.48, 95.68, 95.95, 96.23, 97.07, 96.69, 96.53, 96.32, 96.15, 96.12, 96.17, 96.24], [94.94, 94.94, 94.94, 94.46, 94.49, 94.55, 94.64, 94.76, 94.91, 94.99, 94.94, 95.3, 96.04, 96.44, 96.24, 95.99, 95.75, 95.82, 95.98, 96.11], [94.43, 94.45, 94.48, 94.52, 94.59, 94.69, 94.85, 95.09, 95.4, 95.54, 95.33, 95.51, 96.07, 95.9, 95.74, 95.82, 95.33, 95.7, 95.9, 96.04], [94.45, 94.48, 94.51, 94.57, 94.65, 94.78, 94.98, 95.31, 95.87, 96.35, 95.65, 95.5, 95.26, 95.93, 95.78, 95.66, 95.77, 95.86, 95.92, 96.02], [94.46, 94.49, 94.53, 94.59, 94.67, 94.79, 94.98, 95.28, 95.8, 96.22, 95.76, 95.33, 95.13, 95.97, 95.83, 95.14, 95.3, 95.36, 95.97, 96.04], [94.47, 94.49, 94.53, 94.58, 94.65, 94.74, 94.86, 95.02, 95.2, 95.2, 95.15, 94.97, 94.91, 94.61, 94.83, 95.01, 95.14, 95.19, 95.18, 95.14], [94.46, 94.49, 94.52, 94.56, 94.6, 94.65, 94.69, 94.71, 94.63, 94.58, 94.36, 94.63, 94.86, 95.05, 94.69, 94.87, 94.99, 95.06, 95.07, 95.06], [94.46, 94.48, 94.5, 94.52, 94.54, 94.55, 94.53, 94.45, 94.24, 93.92, 93.46, 94.18, 94.62, 94.9, 94.57, 94.74, 94.86, 94.94, 94.98, 94.99], [94.45, 94.46, 94.47, 94.48, 94.48, 94.47, 94.42, 94.3, 94.44, 93.97, 93.69, 94.13, 94.54, 94.81, 94.48, 94.65, 94.76, 94.84, 94.89, 94.91], [94.43, 94.44, 94.45, 94.44, 94.43, 94.41, 94.35, 94.25, 94.49, 94.26, 94.17, 94.33, 94.58, 94.79, 94.43, 94.58, 94.69, 94.77, 94.82, 94.85], [94.42, 94.42, 94.42, 94.42, 94.4, 94.37, 94.32, 94.74, 94.6, 94.48, 94.45, 94.52, 94.66, 94.81, 94.41, 94.53, 94.63, 94.71, 94.76, 94.8]]}