gis_exercise/awsData/contour/humi_2023091205.json
{"header": {"refTime": "2023-09-12T05:00:00.000Z", "nx": 21, "ny": 33, "lo1": 113.509, "la1": 22.2235, "lo2": 113.5947, "la2": 22.1034, "dx": 0.0042850000000001385, "dy": 0.003753125000000024, "parameterCategory": 0, "parameterCategoryName": "Temperature", "parameterNumber": 0}, "z": [[94.4, 94.43, 94.46, 95.77, 95.74, 94.3, 94.34, 94.37, 94.35, 94.82, 94.72, 94.61, 93.57, 93.49, 92.9, 92.84, 92.54, 92.53, 92.53, 92.53], [94.39, 94.41, 94.45, 94.49, 95.73, 95.67, 94.4, 94.49, 94.53, 94.85, 94.69, 94.51, 93.46, 93.39, 92.82, 92.53, 92.52, 92.52, 92.51, 92.51], [94.36, 94.39, 94.42, 94.47, 95.74, 95.68, 95.58, 94.59, 94.89, 94.88, 94.64, 94.35, 93.28, 93.24, 92.51, 92.51, 92.5, 92.49, 92.49, 92.49], [94.33, 94.36, 94.39, 94.43, 94.49, 95.71, 95.63, 95.51, 95.4, 94.89, 94.58, 94.06, 92.97, 93.64, 92.5, 92.5, 92.48, 92.46, 92.46, 92.47], [94.3, 94.32, 94.34, 94.38, 94.44, 95.75, 95.72, 95.7, 95.74, 95.02, 94.64, 93.56, 92.66, 93.44, 92.51, 92.49, 92.44, 92.41, 92.41, 92.44], [94.26, 94.27, 94.28, 94.32, 94.37, 94.45, 95.77, 95.79, 95.91, 96.17, 94.85, 94.02, 93.28, 92.67, 92.56, 92.48, 92.37, 92.32, 92.36, 92.41], [93.89, 94.21, 94.21, 94.23, 94.27, 94.36, 95.26, 95.71, 95.84, 96.19, 96.4, 94.79, 93.14, 93.02, 92.66, 92.48, 92.25, 92.17, 92.0, 92.0], [93.86, 93.85, 93.84, 93.85, 93.9, 94.92, 95.11, 95.25, 95.28, 96.36, 97.29, 95.23, 95.21, 92.99, 92.74, 92.96, 92.52, 92.37, 92.61, 92.78], [94.15, 94.12, 93.76, 93.73, 93.72, 93.8, 94.04, 95.18, 95.96, 96.06, 96.46, 95.87, 95.59, 95.97, 92.8, 93.04, 92.79, 92.68, 92.74, 92.84], [93.0, 93.0, 93.0, 93.94, 93.8, 93.45, 93.7, 94.04, 96.71, 96.54, 95.57, 96.24, 96.02, 96.13, 92.8, 93.13, 92.96, 92.88, 92.88, 92.91], [93.0, 93.0, 93.0, 93.0, 93.0, 93.0, 93.0, 93.0, 93.71, 96.03, 98.0, 96.48, 96.3, 96.28, 92.78, 93.19, 93.07, 93.0, 92.99, 93.0], [93.0, 93.0, 93.0, 93.0, 93.0, 93.0, 93.0, 93.0, 93.0, -999.0, 98.0, 94.0, 94.0, 96.41, 92.76, 93.26, 93.19, 95.98, 95.88, 95.86], [93.0, 93.0, 93.0, 93.0, 93.0, 93.0, 93.0, 93.0, 93.0, 93.0, -999.0, 94.0, 94.0, 97.26, 95.83, 94.55, 94.5, 95.36, 95.24, 95.16], [93.0, 93.0, 93.0, 93.0, 93.0, 93.0, 93.0, 93.0, 93.0, 93.0, -999.0, 99.0, 99.0, 99.0, 96.25, 95.13, 95.02, 95.9, 95.71, 95.57], [93.0, 93.0, 93.0, 93.0, 93.0, 93.0, 93.0, 94.0, 94.0, 94.0, 94.0, 95.92, 99.0, 99.0, 99.0, 95.8, 95.59, 96.39, 96.14, 95.93], [93.0, 93.0, 93.63, 93.64, 93.66, 94.0, 94.0, 94.0, 94.0, 94.0, 97.15, 96.79, 97.27, 97.68, 97.22, 97.53, 97.31, 97.7, 96.1, 95.88], [93.64, 93.65, 93.35, 93.37, 94.0, 94.0, 94.0, 94.0, 94.0, 94.0, 96.15, 96.77, 97.42, 98.02, 97.96, 98.1, 97.78, 97.53, 97.35, 97.23], [93.36, 93.37, 93.39, 93.41, 94.0, 94.0, 94.0, 94.0, 94.0, 95.27, 95.94, 96.69, 97.47, 97.92, 98.85, 98.2, 97.74, 97.45, 97.27, 97.15], [93.38, 93.39, 93.42, 94.0, 94.0, 94.0, 94.0, 94.0, 94.45, 94.97, 96.0, 96.64, 96.91, 97.56, 98.26, 97.93, 97.55, 97.29, 97.13, 97.04], [93.39, 93.41, 95.71, 95.63, 95.52, 95.36, 95.12, 94.49, 94.8, 95.38, 96.01, 96.56, 96.62, 97.0, 97.66, 97.47, 97.23, 97.05, 96.95, 96.9], [95.83, 95.79, 95.73, 95.24, 95.18, 95.09, 94.98, 94.86, 95.48, 95.76, 96.15, 96.54, 96.35, 97.28, 97.19, 97.03, 96.86, 96.77, 96.75, 96.76], [95.4, 95.38, 95.37, 95.35, 95.32, 95.29, 95.27, 95.04, 95.95, 96.11, 96.33, 96.57, 97.07, 96.99, 96.84, 96.64, 96.49, 96.48, 96.55, 96.62], [95.45, 95.45, 95.45, 95.09, 95.12, 95.16, 95.23, 95.32, 95.43, 95.49, 95.46, 95.59, 96.33, 96.77, 96.59, 96.33, 96.08, 96.2, 96.4, 96.53], [95.07, 95.09, 95.11, 95.14, 95.19, 95.27, 95.39, 95.57, 95.8, 95.91, 95.75, 95.76, 96.36, 96.24, 96.11, 96.19, 95.54, 96.19, 96.38, 96.49], [95.09, 95.11, 95.14, 95.18, 95.24, 95.33, 95.48, 95.73, 96.15, 96.51, 95.99, 95.77, 95.54, 96.27, 96.16, 96.09, 96.32, 96.54, 96.45, 96.5], [95.1, 95.12, 95.15, 95.19, 95.25, 95.34, 95.48, 95.71, 96.1, 96.42, 96.01, 95.65, 95.46, 96.31, 96.22, 95.74, 95.92, 96.01, 96.48, 96.52], [95.1, 95.12, 95.15, 95.19, 95.24, 95.3, 95.4, 95.52, 95.65, 95.65, 95.55, 95.39, 95.31, 95.29, 95.47, 95.64, 95.76, 95.82, 95.81, 95.77], [95.1, 95.12, 95.14, 95.17, 95.2, 95.23, 95.27, 95.28, 95.22, 95.14, 94.97, 95.33, 95.56, 95.76, 95.37, 95.52, 95.63, 95.69, 95.71, 95.69], [95.09, 95.11, 95.12, 95.14, 95.15, 95.16, 95.15, 95.09, 94.93, 94.65, 94.37, 94.97, 95.36, 95.62, 95.27, 95.42, 95.52, 95.59, 95.62, 95.62], [95.08, 95.09, 95.1, 95.11, 95.11, 95.1, 95.06, 94.98, 95.17, 94.79, 94.56, 94.94, 95.29, 95.55, 95.2, 95.33, 95.43, 95.5, 95.54, 95.56], [95.08, 95.08, 95.08, 95.08, 95.08, 95.05, 95.01, 94.94, 95.22, 95.04, 94.97, 95.11, 95.33, 95.53, 95.16, 95.28, 95.37, 95.43, 95.48, 95.5], [95.07, 95.07, 95.07, 95.06, 95.05, 95.03, 94.99, 95.43, 95.32, 95.23, 95.2, 95.28, 95.41, 95.55, 95.14, 95.24, 95.32, 95.38, 95.43, 95.46]]}