gis_exercise/awsData/contour/humi_2023083120.json
{"header": {"refTime": "2023-08-31T20:00:00.000Z", "nx": 21, "ny": 33, "lo1": 113.509, "la1": 22.2235, "lo2": 113.5947, "la2": 22.1034, "dx": 0.0042850000000001385, "dy": 0.003753125000000024, "parameterCategory": 0, "parameterCategoryName": "Temperature", "parameterNumber": 0}, "z": [[67.0, 67.0, 67.0, 67.26, 67.25, 66.3, 66.34, 66.37, 66.35, 66.43, 66.29, 66.15, 65.57, 65.49, 68.05, 68.39, 68.44, 68.7, 68.9, 69.03], [67.0, 67.0, 67.0, 67.0, 67.24, 67.22, 66.4, 66.49, 66.53, 66.52, 66.29, 66.07, 65.46, 65.39, 67.98, 68.17, 68.58, 68.9, 69.12, 69.24], [67.0, 67.0, 67.0, 67.0, 67.25, 67.23, 67.19, 66.59, 66.89, 66.59, 66.23, 65.91, 65.28, 65.24, 67.62, 68.25, 68.8, 69.2, 69.43, 69.52], [67.0, 67.0, 67.0, 67.0, 67.0, 67.24, 67.21, 67.17, 67.13, 66.51, 66.12, 65.64, 64.97, 65.25, 67.54, 68.44, 69.19, 69.67, 69.86, 69.87], [67.0, 67.0, 67.0, 67.0, 67.0, 67.25, 67.24, 67.23, 67.25, 66.44, 66.06, 65.17, 64.5, 65.1, 67.59, 68.83, 69.85, 70.4, 70.47, 70.3], [67.0, 67.0, 67.0, 67.0, 67.0, 67.0, 67.26, 67.26, 67.3, 67.39, 66.08, 65.52, 64.98, 64.67, 67.91, 69.46, 70.94, 71.56, 71.23, 70.75], [67.0, 67.0, 67.0, 67.0, 67.0, 67.0, 67.25, 67.24, 67.28, 67.27, 67.3, 66.13, 65.14, 65.02, 68.31, 70.1, 72.43, 73.3, 72.97, 72.27], [67.0, 67.0, 67.0, 67.0, 67.0, 67.23, 67.23, 67.18, 67.06, 67.34, 67.69, 66.61, 66.6, 64.99, 71.65, 70.67, 72.64, 73.35, 72.23, 71.48], [67.0, 67.0, 67.0, 67.0, 67.0, 67.0, 67.0, 67.22, 67.32, 67.21, 67.23, 66.94, 66.79, 66.98, 71.42, 70.31, 71.46, 71.94, 71.66, 71.23], [67.0, 67.0, 67.0, 67.0, 67.0, 67.0, 67.0, 67.0, 67.57, 67.51, 66.78, 67.12, 67.01, 67.06, 71.41, 69.93, 70.66, 71.05, 71.06, 70.89], [67.0, 67.0, 67.0, 67.0, 67.0, 67.0, 67.0, 67.0, 67.0, 67.34, 68.0, 67.24, 67.15, 67.14, 71.5, 69.64, 70.17, 70.48, 70.55, 70.49], [67.0, 67.0, 67.0, 67.0, 67.0, 67.0, 67.0, 67.0, 67.0, -999.0, 68.0, 66.0, 66.0, 67.2, 71.6, 69.33, 69.65, 76.14, 76.11, 76.1], [67.0, 67.0, 67.0, 67.0, 67.0, 67.0, 67.0, 67.0, 67.0, 67.0, -999.0, 66.0, 66.0, 73.18, 70.02, 75.73, 75.71, 75.96, 75.92, 75.9], [67.0, 67.0, 67.0, 67.0, 67.0, 67.0, 67.0, 67.0, 67.0, 67.0, -999.0, 77.0, 77.0, 77.0, 70.95, 75.89, 75.86, 76.11, 76.06, 76.02], [67.0, 67.0, 67.0, 67.0, 67.0, 67.0, 67.0, 68.0, 68.0, 68.0, 68.0, 71.46, 77.0, 77.0, 77.0, 76.08, 76.02, 76.26, 76.18, 76.12], [67.0, 67.0, 67.63, 67.64, 67.66, 68.0, 68.0, 68.0, 68.0, 68.0, 73.66, 73.02, 73.89, 74.63, 73.79, 73.33, 72.78, 73.75, 73.75, 73.53], [67.64, 67.65, 67.35, 67.37, 68.0, 68.0, 68.0, 68.0, 68.0, 68.0, 71.87, 72.99, 74.16, 75.24, 74.81, 75.45, 74.9, 74.48, 74.18, 73.99], [67.36, 67.37, 67.39, 67.41, 68.0, 68.0, 68.0, 68.0, 68.0, 70.29, 71.49, 72.84, 74.25, 74.75, 76.68, 75.61, 74.83, 74.34, 74.03, 73.85], [67.38, 67.39, 67.42, 68.0, 68.0, 68.0, 68.0, 68.0, 68.81, 69.75, 70.59, 71.71, 72.73, 73.99, 75.71, 75.13, 74.48, 74.04, 73.79, 73.66], [67.39, 67.41, 68.0, 68.0, 68.0, 68.0, 68.0, 68.0, 68.85, 69.55, 70.43, 71.37, 72.08, 72.77, 74.65, 74.31, 73.89, 73.6, 73.47, 73.43], [68.0, 68.0, 68.0, 68.0, 68.0, 68.0, 68.0, 68.0, 69.4, 69.76, 70.34, 71.03, 71.46, 74.0, 73.81, 73.48, 73.19, 73.07, 73.11, 73.19], [68.0, 68.0, 68.0, 68.0, 68.0, 68.0, 68.0, 68.52, 69.57, 69.79, 70.17, 70.68, 70.87, 73.46, 73.14, 72.72, 72.41, 72.49, 72.77, 72.99], [68.0, 68.0, 68.0, 68.76, 68.72, 68.68, 68.64, 68.6, 68.57, 68.58, 68.63, 67.74, 70.33, 73.1, 72.68, 72.03, 71.32, 71.9, 72.61, 72.91], [68.87, 68.85, 68.83, 68.81, 68.78, 68.75, 68.7, 68.63, 68.55, 68.52, 68.62, 68.5, 70.28, 70.64, 70.87, 71.82, 69.41, 72.39, 72.87, 72.98], [68.9, 68.9, 68.88, 68.87, 68.85, 68.82, 68.77, 68.67, 68.46, 68.28, 68.6, 68.59, 68.55, 70.68, 71.04, 71.4, 73.04, 74.26, 73.27, 73.11], [68.94, 68.94, 68.94, 68.93, 68.92, 68.91, 68.87, 68.78, 68.57, 68.39, 68.63, 68.77, 68.72, 70.71, 71.13, 72.05, 72.56, 72.88, 73.28, 73.18], [68.98, 68.98, 68.99, 69.0, 69.01, 69.01, 69.01, 69.0, 68.97, 69.03, 69.07, 69.09, 68.96, 71.67, 71.82, 72.03, 72.28, 72.43, 72.38, 72.26], [69.02, 69.03, 69.04, 69.06, 69.09, 69.12, 69.17, 69.25, 69.4, 69.56, 69.72, 71.0, 71.37, 71.87, 71.79, 71.95, 72.1, 72.2, 72.21, 72.16], [69.05, 69.07, 69.09, 69.12, 69.16, 69.22, 69.31, 69.46, 69.73, 70.12, 70.98, 71.09, 71.38, 71.78, 71.74, 71.87, 71.98, 72.05, 72.08, 72.07], [69.08, 69.11, 69.14, 69.17, 69.23, 69.3, 69.41, 69.57, 70.9, 70.97, 71.02, 71.15, 71.4, 71.72, 71.69, 71.8, 71.89, 71.95, 71.98, 71.99], [69.11, 69.14, 69.17, 69.21, 69.27, 69.35, 69.45, 69.6, 71.01, 71.05, 71.12, 71.25, 71.45, 71.71, 71.66, 71.75, 71.83, 71.88, 71.91, 71.93], [69.13, 69.16, 69.2, 69.24, 69.3, 69.37, 69.46, 71.08, 71.11, 71.15, 71.22, 71.34, 71.51, 71.71, 71.65, 71.72, 71.78, 71.83, 71.86, 71.88]]}