gis_exercise/awsData/contour/humi_2023090307.json
{"header": {"refTime": "2023-09-03T07:00:00.000Z", "nx": 21, "ny": 33, "lo1": 113.509, "la1": 22.2235, "lo2": 113.5947, "la2": 22.1034, "dx": 0.0042850000000001385, "dy": 0.003753125000000024, "parameterCategory": 0, "parameterCategoryName": "Temperature", "parameterNumber": 0}, "z": [[88.81, 88.86, 88.92, 90.77, 90.74, 89.07, 89.12, 89.15, 89.13, 89.57, 89.41, 89.25, 88.41, 88.33, 87.77, 87.77, 87.79, 87.82, 87.85, 87.88], [88.77, 88.82, 88.89, 88.97, 90.73, 90.67, 89.2, 89.32, 89.37, 89.63, 89.38, 89.13, 88.26, 88.19, 87.67, 87.72, 87.78, 87.83, 87.86, 87.89], [88.73, 88.78, 88.84, 88.93, 90.74, 90.68, 90.58, 89.46, 89.85, 89.69, 89.32, 88.91, 88.01, 87.98, 87.59, 87.71, 87.79, 87.84, 87.88, 87.9], [88.67, 88.71, 88.78, 88.86, 88.98, 90.71, 90.63, 90.51, 90.4, 89.66, 89.21, 88.53, 87.55, 88.3, 87.55, 87.72, 87.81, 87.87, 87.9, 87.92], [88.6, 88.63, 88.68, 88.77, 88.88, 90.75, 90.72, 90.7, 90.74, 89.74, 89.23, 88.14, 86.92, 88.03, 87.58, 87.77, 87.86, 87.91, 87.93, 87.94], [88.51, 88.53, 88.57, 88.63, 88.74, 88.89, 90.77, 90.79, 90.91, 91.17, 89.77, 88.79, 87.82, 87.34, 87.74, 87.87, 87.93, 87.96, 87.96, 87.96], [87.79, 88.41, 88.42, 88.46, 88.55, 88.72, 89.76, 90.71, 90.84, 91.38, 91.65, 89.93, 88.28, 88.04, 87.98, 87.98, 87.99, 87.99, 87.63, 87.5], [87.71, 87.69, 87.68, 87.7, 87.79, 89.16, 89.54, 89.96, 90.34, 91.52, 92.41, 90.92, 90.9, 87.99, 88.74, 88.96, 88.52, 88.37, 88.61, 88.78], [88.29, 88.23, 87.52, 87.46, 87.44, 87.59, 88.08, 89.7, 90.96, 91.28, 91.85, 91.41, 91.19, 91.48, 88.8, 89.04, 88.79, 88.68, 88.74, 88.84], [86.0, 86.0, 86.0, 87.87, 87.61, 86.91, 87.39, 88.08, 91.71, 91.54, 91.18, 91.68, 91.52, 91.6, 88.8, 89.13, 88.96, 88.88, 88.88, 88.91], [86.0, 86.0, 86.0, 86.0, 86.0, 86.0, 86.0, 86.0, 87.42, 91.03, 93.0, 91.86, 91.72, 91.71, 88.78, 89.19, 89.07, 89.0, 88.99, 89.0], [86.0, 86.0, 86.0, 86.0, 86.0, 86.0, 86.0, 86.0, 86.0, -999.0, 93.0, 90.0, 90.0, 91.81, 88.76, 89.26, 89.19, 91.98, 91.88, 91.86], [86.0, 86.0, 86.0, 86.0, 86.0, 86.0, 86.0, 86.0, 86.0, 86.0, -999.0, 90.0, 90.0, 93.26, 91.83, 90.55, 90.5, 91.36, 91.24, 91.16], [86.0, 86.0, 86.0, 86.0, 86.0, 86.0, 86.0, 86.0, 86.0, 86.0, -999.0, 95.0, 95.0, 95.0, 92.25, 91.13, 91.02, 91.9, 91.71, 91.57], [86.0, 86.0, 86.0, 86.0, 86.0, 86.0, 86.0, 88.0, 88.0, 88.0, 88.0, 90.69, 95.0, 95.0, 95.0, 91.8, 91.59, 92.39, 92.14, 91.93], [86.0, 86.0, 87.26, 87.28, 87.32, 88.0, 88.0, 88.0, 88.0, 88.0, 92.4, 91.91, 92.58, 93.15, 92.51, 93.9, 93.73, 94.03, 92.37, 92.18], [87.28, 87.3, 86.71, 86.74, 88.0, 88.0, 88.0, 88.0, 88.0, 88.0, 91.01, 91.88, 92.79, 93.63, 93.83, 94.82, 94.75, 94.71, 94.68, 94.66], [86.71, 86.74, 86.77, 86.83, 88.0, 88.0, 88.0, 88.0, 88.0, 89.78, 90.72, 91.77, 92.86, 93.76, 94.83, 94.83, 94.74, 94.68, 94.66, 94.65], [86.75, 86.79, 86.83, 88.0, 88.0, 88.0, 88.0, 88.0, 88.63, 89.36, 90.94, 91.86, 92.54, 93.38, 94.84, 94.77, 94.69, 94.64, 94.62, 94.62], [86.78, 86.81, 90.86, 90.72, 90.53, 90.27, 89.86, 88.82, 89.21, 90.07, 91.0, 91.77, 92.24, 92.8, 94.7, 94.65, 94.6, 94.57, 94.58, 94.6], [91.05, 90.98, 90.88, 90.07, 89.96, 89.82, 89.63, 89.43, 90.26, 90.68, 91.24, 91.79, 92.0, 94.61, 94.57, 94.51, 94.47, 94.48, 94.53, 94.57], [90.33, 90.31, 90.28, 90.25, 90.2, 90.15, 90.11, 90.08, 91.01, 91.25, 91.56, 91.88, 93.39, 94.54, 94.46, 94.36, 94.29, 94.37, 94.49, 94.57], [90.42, 90.42, 90.42, 90.32, 90.35, 90.39, 90.47, 90.6, 90.76, 90.87, 90.85, 91.26, 93.85, 94.5, 94.39, 94.19, 93.95, 94.23, 94.52, 94.61], [90.36, 90.38, 90.41, 90.45, 90.51, 90.62, 90.78, 91.04, 91.36, 91.52, 91.33, 92.01, 93.84, 93.96, 94.03, 94.18, 93.14, 94.58, 94.73, 94.7], [90.41, 90.44, 90.48, 90.54, 90.63, 90.77, 90.99, 91.33, 91.9, 92.37, 91.71, 91.98, 91.85, 93.99, 94.12, 94.26, 94.91, 95.54, 94.94, 94.78], [90.45, 90.49, 90.54, 90.61, 90.7, 90.84, 91.05, 91.37, 91.88, 92.29, 92.13, 91.85, 91.73, 94.01, 94.17, 93.92, 94.36, 94.57, 94.92, 94.81], [90.49, 90.52, 90.58, 90.64, 90.73, 90.85, 91.0, 91.19, 91.4, 91.43, 91.68, 91.56, 91.56, 92.9, 93.32, 93.69, 93.99, 94.13, 94.1, 93.99], [90.51, 90.55, 90.59, 90.65, 90.72, 90.81, 90.9, 90.97, 90.97, 91.24, 91.07, 91.92, 92.42, 92.93, 93.08, 93.43, 93.68, 93.82, 93.86, 93.83], [90.52, 90.56, 90.6, 90.65, 90.7, 90.75, 90.79, 90.79, 90.7, 90.73, 90.53, 91.44, 92.14, 92.69, 92.86, 93.19, 93.43, 93.58, 93.65, 93.67], [90.53, 90.56, 90.6, 90.63, 90.67, 90.7, 90.71, 90.68, 91.64, 91.13, 90.82, 91.43, 92.04, 92.55, 92.7, 93.01, 93.24, 93.39, 93.48, 93.52], [90.53, 90.56, 90.59, 90.62, 90.64, 90.66, 90.65, 90.62, 91.77, 91.52, 91.45, 91.72, 92.12, 92.52, 92.61, 92.88, 93.09, 93.24, 93.34, 93.39], [90.53, 90.55, 90.58, 90.6, 90.62, 90.62, 90.62, 92.1, 91.95, 91.84, 91.84, 91.99, 92.26, 92.55, 92.57, 92.8, 92.98, 93.12, 93.22, 93.29]]}