gis_exercise/awsData/contour/humi_2023090515.json
{"header": {"refTime": "2023-09-05T15:00:00.000Z", "nx": 21, "ny": 33, "lo1": 113.509, "la1": 22.2235, "lo2": 113.5947, "la2": 22.1034, "dx": 0.0042850000000001385, "dy": 0.003753125000000024, "parameterCategory": 0, "parameterCategoryName": "Temperature", "parameterNumber": 0}, "z": [[55.11, 55.14, 55.19, 56.26, 56.25, 56.23, 56.22, 56.21, 56.22, 56.45, 56.52, 56.59, 57.12, 57.18, 57.84, 58.01, 58.96, 59.05, 59.12, 59.16], [55.08, 55.12, 55.17, 55.23, 56.24, 56.22, 56.2, 56.17, 56.16, 56.38, 56.51, 56.61, 57.14, 57.21, 57.88, 58.85, 59.0, 59.11, 59.19, 59.23], [55.04, 55.08, 55.13, 55.2, 56.25, 56.23, 56.19, 56.14, 56.04, 56.33, 56.53, 56.65, 57.17, 57.24, 58.64, 58.87, 59.07, 59.2, 59.28, 59.32], [55.0, 55.03, 55.08, 55.15, 55.23, 56.24, 56.21, 56.17, 56.13, 56.42, 56.6, 56.74, 57.2, 57.46, 58.6, 58.93, 59.19, 59.35, 59.42, 59.43], [54.95, 54.97, 55.01, 55.07, 55.16, 56.25, 56.24, 56.23, 56.25, 56.58, 56.7, 57.39, 57.18, 57.43, 58.63, 59.07, 59.41, 59.59, 59.62, 59.57], [54.88, 54.9, 54.93, 54.97, 55.05, 55.17, 56.26, 56.26, 56.3, 56.39, 57.54, 57.51, 57.4, 57.67, 58.78, 59.29, 59.76, 59.95, 59.86, 59.71], [54.34, 54.81, 54.81, 54.84, 54.91, 55.04, 55.5, 56.24, 56.28, 57.05, 57.32, 57.8, 58.14, 58.02, 58.99, 59.52, 60.23, 60.49, 60.26, 60.01], [54.28, 54.27, 54.26, 54.28, 54.35, 55.09, 55.38, 55.74, 56.29, 57.0, 57.16, 58.39, 58.4, 57.99, 60.26, 60.04, 60.48, 60.63, 60.39, 60.22], [54.72, 54.67, 54.14, 54.1, 54.08, 54.19, 54.56, 55.5, 56.32, 57.07, 57.77, 58.06, 58.21, 58.02, 60.2, 59.96, 60.21, 60.32, 60.26, 60.16], [53.0, 53.0, 53.0, 54.4, 54.21, 53.68, 54.05, 54.56, 56.57, 56.51, 58.22, 57.88, 57.99, 57.94, 60.2, 59.87, 60.04, 60.12, 60.12, 60.09], [53.0, 53.0, 53.0, 53.0, 53.0, 53.0, 53.0, 53.0, 54.06, 56.34, 57.0, 57.76, 57.85, 57.86, 60.22, 59.81, 59.93, 60.0, 60.01, 60.0], [53.0, 53.0, 53.0, 53.0, 53.0, 53.0, 53.0, 53.0, 53.0, -999.0, 57.0, 59.0, 59.0, 57.8, 60.24, 59.74, 59.81, 69.53, 69.32, 69.27], [53.0, 53.0, 53.0, 53.0, 53.0, 53.0, 53.0, 53.0, 53.0, 53.0, -999.0, 59.0, 59.0, 70.1, 65.22, 66.46, 66.35, 68.2, 67.94, 67.77], [53.0, 53.0, 53.0, 53.0, 53.0, 53.0, 53.0, 53.0, 53.0, 53.0, -999.0, 76.0, 76.0, 76.0, 66.65, 67.71, 67.47, 69.35, 68.95, 68.64], [53.0, 53.0, 53.0, 53.0, 53.0, 53.0, 53.0, 63.0, 63.0, 63.0, 63.0, 67.99, 76.0, 76.0, 76.0, 69.13, 68.68, 70.42, 69.88, 69.43], [53.0, 53.0, 59.29, 59.41, 59.6, 63.0, 63.0, 63.0, 63.0, 63.0, 71.18, 70.25, 71.51, 72.57, 71.37, 73.43, 73.04, 73.73, 70.21, 69.78], [59.42, 59.48, 56.53, 56.7, 63.0, 63.0, 63.0, 63.0, 63.0, 63.0, 68.59, 70.2, 71.9, 73.46, 73.67, 75.33, 75.1, 74.93, 74.81, 74.74], [56.57, 56.69, 56.87, 57.13, 63.0, 63.0, 63.0, 63.0, 63.0, 66.3, 68.05, 70.0, 72.03, 73.55, 75.66, 75.4, 75.06, 74.86, 74.74, 74.68], [56.77, 56.93, 57.15, 63.0, 63.0, 63.0, 63.0, 63.0, 64.17, 65.53, 66.75, 68.37, 71.17, 72.77, 75.44, 75.18, 74.9, 74.72, 74.63, 74.6], [56.9, 57.07, 63.0, 63.0, 63.0, 63.0, 63.0, 63.0, 64.22, 65.23, 66.52, 67.87, 70.56, 71.59, 74.96, 74.8, 74.61, 74.51, 74.48, 74.5], [63.0, 63.0, 63.0, 63.0, 63.0, 63.0, 63.0, 63.0, 65.02, 65.54, 66.38, 67.38, 70.04, 74.67, 74.56, 74.39, 74.26, 74.24, 74.32, 74.41], [63.0, 63.0, 63.0, 63.0, 63.0, 63.0, 63.0, 62.65, 65.26, 65.58, 66.14, 66.88, 69.52, 74.43, 74.23, 73.97, 73.79, 73.92, 74.18, 74.36], [63.0, 63.0, 63.0, 62.49, 62.52, 62.55, 62.57, 62.6, 62.62, 62.61, 62.58, 64.58, 69.74, 74.27, 74.01, 73.55, 73.0, 73.58, 74.19, 74.4], [62.42, 62.43, 62.44, 62.46, 62.48, 62.5, 62.53, 62.58, 62.63, 62.65, 62.58, 63.98, 69.53, 70.66, 71.56, 73.48, 71.32, 74.22, 74.56, 74.55], [62.4, 62.4, 62.41, 62.42, 62.43, 62.45, 62.49, 62.56, 62.69, 62.81, 62.6, 63.74, 64.24, 70.61, 71.66, 72.59, 74.87, 76.12, 74.98, 74.7], [62.37, 62.37, 62.38, 62.38, 62.38, 62.4, 62.42, 62.48, 62.62, 62.74, 63.22, 63.51, 63.97, 70.52, 71.58, 72.22, 73.29, 73.76, 74.94, 74.75], [62.35, 62.34, 62.34, 62.33, 62.33, 62.32, 62.32, 62.33, 62.35, 62.32, 62.97, 63.21, 63.65, 69.38, 70.55, 71.56, 72.33, 72.69, 72.61, 72.35], [62.32, 62.31, 62.3, 62.29, 62.27, 62.25, 62.22, 62.16, 62.06, 62.5, 62.41, 64.24, 65.47, 66.85, 69.85, 70.81, 71.5, 71.88, 71.97, 71.9], [62.3, 62.29, 62.27, 62.25, 62.22, 62.18, 62.12, 62.03, 61.85, 61.98, 61.87, 63.53, 65.0, 66.35, 69.22, 70.15, 70.81, 71.22, 71.42, 71.46], [62.28, 62.26, 62.24, 62.22, 62.18, 62.13, 62.06, 61.95, 63.67, 62.88, 62.42, 63.57, 64.87, 66.06, 68.76, 69.63, 70.26, 70.69, 70.94, 71.07], [62.26, 62.24, 62.22, 62.19, 62.15, 62.1, 62.03, 61.93, 64.0, 63.63, 63.58, 64.16, 65.05, 65.99, 68.49, 69.26, 69.85, 70.27, 70.55, 70.72], [62.24, 62.23, 62.2, 62.17, 62.13, 62.09, 62.03, 64.63, 64.41, 64.26, 64.34, 64.72, 65.34, 66.05, 68.37, 69.03, 69.55, 69.95, 70.24, 70.43]]}