gis_exercise/awsData/contour/humi_2023090620.json
{"header": {"refTime": "2023-09-06T20:00:00.000Z", "nx": 21, "ny": 33, "lo1": 113.509, "la1": 22.2235, "lo2": 113.5947, "la2": 22.1034, "dx": 0.0042850000000001385, "dy": 0.003753125000000024, "parameterCategory": 0, "parameterCategoryName": "Temperature", "parameterNumber": 0}, "z": [[85.92, 86.19, 86.54, 90.78, 91.05, 88.86, 89.45, 90.0, 90.15, 91.88, 91.08, 90.3, 88.04, 87.61, 85.64, 85.28, 82.36, 82.31, 82.27, 82.24], [85.72, 85.99, 86.34, 86.81, 90.96, 91.4, 89.86, 91.01, 91.7, 92.48, 91.12, 89.96, 87.57, 87.15, 85.25, 82.39, 82.31, 82.23, 82.19, 82.17], [85.48, 85.71, 86.03, 86.49, 90.74, 91.2, 91.96, 91.81, 94.95, 92.98, 90.86, 89.25, 86.77, 86.48, 82.46, 82.35, 82.22, 82.13, 82.08, 82.07], [85.18, 85.36, 85.62, 86.0, 86.56, 90.72, 91.34, 92.41, 93.42, 92.22, 90.11, 88.02, 85.46, 85.09, 82.45, 82.28, 82.1, 81.98, 81.93, 81.95], [84.84, 84.94, 85.11, 85.37, 85.76, 90.0, 90.24, 90.66, 91.02, 91.12, 89.39, 84.93, 83.23, 84.7, 82.46, 82.19, 81.9, 81.73, 81.73, 81.81], [84.46, 84.48, 84.54, 84.66, 84.84, 85.09, 88.95, 88.77, 89.02, 89.75, 87.31, 85.79, 84.41, 83.34, 82.52, 82.06, 81.54, 81.32, 81.46, 81.66], [79.34, 84.0, 83.94, 83.9, 83.9, 83.94, 83.29, 86.65, 86.66, 87.51, 88.88, 87.25, 84.28, 84.04, 82.65, 81.93, 81.01, 80.67, 80.37, 80.5], [79.28, 79.27, 79.26, 79.28, 79.35, 82.58, 82.86, 82.73, 82.65, 87.9, 91.23, 88.15, 88.11, 83.99, 82.23, 82.88, 81.57, 81.1, 81.84, 82.35], [79.72, 79.67, 79.14, 79.1, 79.08, 79.19, 79.56, 82.91, 84.82, 87.18, 90.31, 89.28, 88.78, 89.44, 82.39, 83.13, 82.36, 82.04, 82.22, 82.51], [78.0, 78.0, 78.0, 79.4, 79.21, 78.68, 79.05, 79.56, 87.82, 87.15, 88.74, 89.92, 89.54, 89.72, 82.4, 83.38, 82.89, 82.64, 82.63, 82.74], [78.0, 78.0, 78.0, 78.0, 78.0, 78.0, 78.0, 78.0, 79.06, 85.1, 93.0, 90.33, 90.02, 90.0, 82.33, 83.57, 83.22, 83.01, 82.96, 83.0], [78.0, 78.0, 78.0, 78.0, 78.0, 78.0, 78.0, 78.0, 78.0, -999.0, 93.0, 86.0, 86.0, 90.21, 82.27, 83.78, 83.57, 83.41, 83.33, 83.31], [78.0, 78.0, 78.0, 78.0, 78.0, 78.0, 78.0, 78.0, 78.0, 78.0, -999.0, 86.0, 86.0, 86.0, 86.0, 82.18, 82.14, 82.88, 82.77, 82.71], [78.0, 78.0, 78.0, 78.0, 78.0, 78.0, 78.0, 78.0, 78.0, 78.0, -999.0, 86.0, 86.0, 86.0, 86.0, 82.68, 82.59, 83.34, 83.18, 83.06], [78.0, 78.0, 78.0, 78.0, 78.0, 78.0, 78.0, 80.0, 80.0, 80.0, 80.0, 82.31, 86.0, 86.0, 86.0, 83.25, 83.07, 83.77, 83.55, 83.37], [78.0, 78.0, 79.26, 79.28, 79.32, 80.0, 80.0, 80.0, 80.0, 80.0, 83.78, 83.35, 83.93, 84.42, 83.86, 84.53, 84.31, 84.7, 83.35, 83.16], [79.28, 79.3, 78.71, 78.74, 80.0, 80.0, 80.0, 80.0, 80.0, 80.0, 82.58, 83.32, 84.11, 84.83, 84.84, 85.8, 85.73, 85.69, 85.66, 85.64], [78.71, 78.74, 78.77, 78.83, 80.0, 80.0, 80.0, 80.0, 80.0, 81.52, 82.33, 83.23, 84.17, 84.79, 85.83, 85.82, 85.72, 85.66, 85.63, 85.63], [78.75, 78.79, 78.83, 80.0, 80.0, 80.0, 80.0, 80.0, 80.54, 81.17, 84.14, 84.99, 83.63, 84.39, 85.82, 85.74, 85.65, 85.61, 85.59, 85.6], [78.78, 78.81, 87.43, 87.07, 86.59, 85.89, 84.84, 82.14, 82.01, 83.3, 84.49, 85.24, 83.32, 83.79, 85.66, 85.61, 85.55, 85.53, 85.54, 85.57], [87.93, 87.74, 87.5, 85.38, 85.1, 84.73, 84.23, 83.71, 83.99, 84.57, 85.26, 85.73, 83.04, 85.57, 85.52, 85.45, 85.4, 85.42, 85.49, 85.55], [86.06, 86.0, 85.93, 85.84, 85.73, 85.6, 85.48, 86.25, 85.71, 86.04, 86.32, 86.46, 87.01, 85.49, 85.39, 85.25, 85.17, 85.28, 85.45, 85.56], [86.29, 86.29, 86.3, 87.26, 87.26, 87.31, 87.44, 87.71, 88.09, 88.38, 88.42, 86.28, 88.15, 85.44, 85.3, 85.04, 84.7, 85.1, 85.5, 85.62], [87.53, 87.55, 87.59, 87.66, 87.78, 88.0, 88.35, 88.91, 89.62, 90.0, 89.65, 89.55, 88.34, 87.46, 86.64, 85.04, 83.6, 85.61, 85.8, 85.75], [87.72, 87.78, 87.87, 88.0, 88.21, 88.51, 88.99, 89.73, 90.88, 91.81, 90.6, 89.85, 88.83, 87.63, 86.86, 86.28, 86.06, 86.95, 86.1, 85.87], [87.89, 87.98, 88.1, 88.27, 88.51, 88.85, 89.32, 90.01, 91.01, 91.77, 90.92, 89.92, 89.02, 87.82, 87.17, 86.32, 86.44, 86.6, 86.06, 85.9], [88.03, 88.14, 88.28, 88.47, 88.71, 89.02, 89.42, 89.9, 90.39, 90.57, 90.4, 89.81, 89.14, 87.12, 86.79, 86.6, 86.55, 86.56, 86.54, 86.51], [88.15, 88.27, 88.41, 88.6, 88.82, 89.1, 89.41, 89.73, 89.97, 90.23, 90.03, 90.74, 90.7, 90.59, 87.06, 86.82, 86.7, 86.64, 86.61, 86.59], [88.24, 88.36, 88.51, 88.68, 88.88, 89.11, 89.36, 89.59, 89.77, 89.98, 90.22, 90.5, 90.59, 90.56, 87.27, 87.02, 86.86, 86.76, 86.71, 86.67], [88.31, 88.43, 88.56, 88.72, 88.9, 89.1, 89.3, 89.49, 90.69, 90.46, 90.3, 90.45, 90.54, 90.54, 87.42, 87.17, 86.99, 86.88, 86.81, 86.76], [88.36, 88.47, 88.6, 88.74, 88.9, 89.06, 89.23, 89.38, 90.68, 90.55, 90.49, 90.51, 90.54, 90.53, 87.51, 87.27, 87.1, 86.98, 86.9, 86.84], [88.4, 88.5, 88.61, 88.74, 88.88, 89.01, 89.15, 90.76, 90.69, 90.61, 90.57, 90.56, 90.56, 90.54, 87.54, 87.34, 87.18, 87.06, 86.97, 86.91]]}