gis_exercise/awsData/contour/humi_2023090214.json
{"header": {"refTime": "2023-09-02T14:00:00.000Z", "nx": 21, "ny": 33, "lo1": 113.509, "la1": 22.2235, "lo2": 113.5947, "la2": 22.1034, "dx": 0.0042850000000001385, "dy": 0.003753125000000024, "parameterCategory": 0, "parameterCategoryName": "Temperature", "parameterNumber": 0}, "z": [[89.42, 89.45, 89.5, 91.32, 91.26, 89.33, 89.35, 89.36, 89.31, 89.76, 89.63, 89.48, 87.93, 87.82, 87.77, 87.77, 87.25, 87.29, 87.32, 87.35], [89.4, 89.43, 89.48, 89.53, 91.26, 91.16, 89.43, 89.49, 89.51, 89.79, 89.59, 89.35, 87.79, 87.69, 87.67, 87.19, 87.26, 87.31, 87.35, 87.37], [89.36, 89.4, 89.45, 89.51, 91.28, 91.18, 91.01, 89.61, 89.89, 89.84, 89.52, 89.13, 87.56, 87.49, 87.08, 87.19, 87.28, 87.35, 87.39, 87.41], [89.32, 89.36, 89.41, 89.47, 89.56, 91.25, 91.11, 90.89, 90.68, 89.85, 89.44, 88.74, 87.16, 88.04, 87.05, 87.22, 87.33, 87.41, 87.44, 87.45], [89.27, 89.3, 89.35, 89.41, 89.5, 91.35, 91.29, 91.24, 91.27, 90.03, 89.51, 87.95, 86.81, 87.77, 87.07, 87.28, 87.42, 87.5, 87.52, 87.5], [89.21, 89.22, 89.26, 89.32, 89.42, 89.56, 91.45, 91.48, 91.62, 91.9, 89.61, 88.52, 87.57, 86.67, 87.17, 87.39, 87.56, 87.64, 87.61, 87.56], [88.79, 89.13, 89.15, 89.19, 89.28, 89.46, 90.76, 91.53, 91.68, 91.8, 91.89, 89.45, 87.14, 87.02, 87.32, 87.5, 87.74, 87.83, 87.63, 87.5], [88.71, 88.69, 88.68, 88.7, 88.79, 90.16, 90.54, 90.96, 91.17, 92.03, 93.06, 89.84, 89.81, 86.99, 88.0, 88.0, 88.0, 88.0, 88.0, 88.0], [89.29, 89.23, 88.52, 88.46, 88.44, 88.59, 89.08, 90.7, 91.96, 91.64, 91.69, 90.81, 90.38, 90.95, 88.0, 88.0, 88.0, 88.0, 88.0, 88.0], [87.0, 87.0, 87.0, 88.87, 88.61, 87.91, 88.39, 89.08, 92.71, 92.54, 90.35, 91.36, 91.04, 91.19, 88.0, 88.0, 88.0, 88.0, 88.0, 88.0], [87.0, 87.0, 87.0, 87.0, 87.0, 87.0, 87.0, 87.0, 88.42, 92.03, 94.0, 91.71, 91.44, 91.43, 88.0, 88.0, 88.0, 88.0, 88.0, 88.0], [87.0, 87.0, 87.0, 87.0, 87.0, 87.0, 87.0, 87.0, 87.0, -999.0, 94.0, 88.0, 88.0, 91.61, 88.0, 88.0, 88.0, 91.98, 91.88, 91.86], [87.0, 87.0, 87.0, 87.0, 87.0, 87.0, 87.0, 87.0, 87.0, 87.0, -999.0, 88.0, 88.0, 92.57, 90.56, 90.55, 90.5, 91.36, 91.24, 91.16], [87.0, 87.0, 87.0, 87.0, 87.0, 87.0, 87.0, 87.0, 87.0, 87.0, -999.0, 95.0, 95.0, 95.0, 91.15, 91.13, 91.02, 91.9, 91.71, 91.57], [87.0, 87.0, 87.0, 87.0, 87.0, 87.0, 87.0, 90.0, 90.0, 90.0, 90.0, 91.92, 95.0, 95.0, 95.0, 91.8, 91.59, 92.39, 92.14, 91.93], [87.0, 87.0, 88.89, 88.92, 88.98, 90.0, 90.0, 90.0, 90.0, 90.0, 93.15, 92.79, 93.27, 93.68, 93.22, 93.9, 93.73, 94.03, 92.37, 92.18], [88.93, 88.94, 88.06, 88.11, 90.0, 90.0, 90.0, 90.0, 90.0, 90.0, 92.15, 92.77, 93.42, 94.02, 94.07, 94.39, 94.18, 94.01, 93.89, 93.81], [88.07, 88.11, 88.16, 88.24, 90.0, 90.0, 90.0, 90.0, 90.0, 91.27, 91.94, 92.69, 93.47, 94.02, 94.86, 94.46, 94.15, 93.96, 93.84, 93.76], [88.13, 88.18, 88.25, 90.0, 90.0, 90.0, 90.0, 90.0, 90.45, 90.97, 91.81, 92.45, 93.09, 93.71, 94.5, 94.28, 94.02, 93.85, 93.74, 93.69], [88.17, 88.22, 91.14, 91.09, 91.01, 90.91, 90.75, 90.33, 90.69, 91.21, 91.79, 92.33, 92.84, 93.23, 94.09, 93.96, 93.8, 93.68, 93.62, 93.59], [91.22, 91.19, 91.15, 90.83, 90.79, 90.73, 90.65, 90.57, 91.25, 91.5, 91.87, 92.26, 92.62, 93.84, 93.78, 93.66, 93.55, 93.49, 93.48, 93.5], [90.93, 90.92, 90.91, 90.9, 90.88, 90.86, 90.84, 90.87, 91.59, 91.74, 91.96, 92.21, 93.06, 93.64, 93.53, 93.39, 93.29, 93.29, 93.35, 93.41], [90.97, 90.97, 90.97, 90.98, 90.99, 91.0, 91.03, 91.08, 91.14, 91.19, 91.18, 91.41, 92.59, 93.5, 93.36, 93.17, 92.97, 93.09, 93.26, 93.35], [91.0, 91.01, 91.02, 91.03, 91.06, 91.1, 91.16, 91.26, 91.38, 91.44, 91.37, 91.75, 92.58, 92.67, 92.74, 93.08, 92.51, 93.13, 93.28, 93.34], [91.02, 91.04, 91.05, 91.08, 91.11, 91.16, 91.25, 91.38, 91.59, 91.77, 91.52, 91.73, 91.72, 92.68, 92.77, 92.86, 93.27, 93.5, 93.35, 93.36], [91.04, 91.06, 91.08, 91.11, 91.14, 91.2, 91.28, 91.4, 91.59, 91.74, 91.75, 91.68, 91.67, 92.68, 92.78, 92.74, 92.92, 93.01, 93.37, 93.38], [91.06, 91.08, 91.1, 91.12, 91.16, 91.21, 91.27, 91.34, 91.42, 91.44, 91.6, 91.58, 91.6, 92.29, 92.47, 92.64, 92.76, 92.82, 92.81, 92.77], [91.07, 91.09, 91.11, 91.13, 91.16, 91.2, 91.24, 91.27, 91.28, 91.45, 91.39, 91.74, 91.95, 92.17, 92.37, 92.52, 92.63, 92.69, 92.71, 92.69], [91.08, 91.09, 91.11, 91.13, 91.16, 91.18, 91.2, 91.21, 91.19, 91.27, 91.2, 91.56, 91.84, 92.07, 92.27, 92.42, 92.52, 92.59, 92.62, 92.62], [91.08, 91.1, 91.11, 91.13, 91.15, 91.17, 91.18, 91.18, 91.63, 91.43, 91.32, 91.56, 91.81, 92.02, 92.2, 92.33, 92.43, 92.5, 92.54, 92.56], [91.09, 91.1, 91.11, 91.13, 91.14, 91.15, 91.16, 91.16, 91.68, 91.59, 91.57, 91.67, 91.84, 92.01, 92.16, 92.28, 92.37, 92.43, 92.48, 92.5], [91.09, 91.1, 91.11, 91.12, 91.13, 91.14, 91.15, 91.81, 91.76, 91.71, 91.72, 91.78, 91.89, 92.02, 92.14, 92.24, 92.32, 92.38, 92.43, 92.46]]}