gis_exercise/awsData/contour/humi_2023090219.json
{"header": {"refTime": "2023-09-02T19:00:00.000Z", "nx": 21, "ny": 33, "lo1": 113.509, "la1": 22.2235, "lo2": 113.5947, "la2": 22.1034, "dx": 0.0042850000000001385, "dy": 0.003753125000000024, "parameterCategory": 0, "parameterCategoryName": "Temperature", "parameterNumber": 0}, "z": [[89.02, 89.03, 89.04, 90.07, 90.02, 88.56, 88.57, 88.57, 88.53, 88.82, 88.72, 88.61, 87.57, 87.49, 87.47, 87.49, 87.25, 87.29, 87.32, 87.35], [89.01, 89.02, 89.03, 89.05, 90.02, 89.94, 88.63, 88.66, 88.67, 88.85, 88.69, 88.51, 87.46, 87.39, 87.39, 87.19, 87.26, 87.31, 87.35, 87.37], [89.0, 89.01, 89.03, 89.05, 90.04, 89.95, 89.81, 88.74, 88.92, 88.88, 88.64, 88.35, 87.28, 87.24, 87.08, 87.19, 87.28, 87.35, 87.39, 87.41], [88.99, 89.0, 89.02, 89.04, 89.07, 90.01, 89.9, 89.72, 89.55, 88.89, 88.58, 88.06, 86.97, 87.64, 87.05, 87.22, 87.33, 87.41, 87.44, 87.45], [88.97, 88.98, 89.0, 89.03, 89.07, 90.1, 90.05, 90.01, 90.02, 89.02, 88.64, 87.56, 86.66, 87.44, 87.07, 87.28, 87.42, 87.5, 87.52, 87.5], [88.95, 88.96, 88.98, 89.0, 89.05, 89.12, 90.19, 90.22, 90.32, 90.51, 88.85, 88.02, 87.28, 86.67, 87.17, 87.39, 87.56, 87.64, 87.61, 87.56], [88.89, 88.93, 88.94, 88.96, 89.01, 89.1, 90.01, 90.29, 90.4, 90.53, 90.59, 88.79, 87.14, 87.02, 87.32, 87.5, 87.74, 87.83, 87.63, 87.5], [88.86, 88.85, 88.84, 88.85, 88.9, 89.7, 89.88, 90.07, 90.11, 90.69, 91.37, 89.23, 89.21, 86.99, 88.0, 88.0, 88.0, 88.0, 88.0, 88.0], [89.15, 89.12, 88.76, 88.73, 88.72, 88.8, 89.04, 89.96, 90.64, 90.42, 90.46, 89.87, 89.59, 89.97, 88.0, 88.0, 88.0, 88.0, 88.0, 88.0], [88.0, 88.0, 88.0, 88.94, 88.8, 88.45, 88.7, 89.04, 91.14, 91.03, 89.57, 90.24, 90.02, 90.13, 88.0, 88.0, 88.0, 88.0, 88.0, 88.0], [88.0, 88.0, 88.0, 88.0, 88.0, 88.0, 88.0, 88.0, 88.71, 90.68, 92.0, 90.48, 90.3, 90.28, 88.0, 88.0, 88.0, 88.0, 88.0, 88.0], [88.0, 88.0, 88.0, 88.0, 88.0, 88.0, 88.0, 88.0, 88.0, -999.0, 92.0, 88.0, 88.0, 90.41, 88.0, 88.0, 88.0, 91.98, 91.88, 91.86], [88.0, 88.0, 88.0, 88.0, 88.0, 88.0, 88.0, 88.0, 88.0, 88.0, -999.0, 88.0, 88.0, 92.57, 90.56, 90.55, 90.5, 91.36, 91.24, 91.16], [88.0, 88.0, 88.0, 88.0, 88.0, 88.0, 88.0, 88.0, 88.0, 88.0, -999.0, 95.0, 95.0, 95.0, 91.15, 91.13, 91.02, 91.9, 91.71, 91.57], [88.0, 88.0, 88.0, 88.0, 88.0, 88.0, 88.0, 90.0, 90.0, 90.0, 90.0, 91.92, 95.0, 95.0, 95.0, 91.8, 91.59, 92.39, 92.14, 91.93], [88.0, 88.0, 89.26, 89.28, 89.32, 90.0, 90.0, 90.0, 90.0, 90.0, 93.15, 92.79, 93.27, 93.68, 93.22, 93.9, 93.73, 94.03, 92.37, 92.18], [89.28, 89.3, 88.71, 88.74, 90.0, 90.0, 90.0, 90.0, 90.0, 90.0, 92.15, 92.77, 93.42, 94.02, 94.07, 94.39, 94.18, 94.01, 93.89, 93.81], [88.71, 88.74, 88.77, 88.83, 90.0, 90.0, 90.0, 90.0, 90.0, 91.27, 91.94, 92.69, 93.47, 94.02, 94.86, 94.46, 94.15, 93.96, 93.84, 93.76], [88.75, 88.79, 88.83, 90.0, 90.0, 90.0, 90.0, 90.0, 90.45, 90.97, 92.0, 92.64, 93.09, 93.71, 94.5, 94.28, 94.02, 93.85, 93.74, 93.69], [88.78, 88.81, 91.71, 91.63, 91.52, 91.36, 91.12, 90.49, 90.8, 91.38, 92.01, 92.56, 92.84, 93.23, 94.09, 93.96, 93.8, 93.68, 93.62, 93.59], [91.83, 91.79, 91.73, 91.24, 91.18, 91.09, 90.98, 90.86, 91.48, 91.76, 92.15, 92.54, 92.62, 93.84, 93.78, 93.66, 93.55, 93.49, 93.48, 93.5], [91.4, 91.38, 91.37, 91.35, 91.32, 91.29, 91.27, 91.04, 91.95, 92.11, 92.33, 92.57, 93.39, 93.64, 93.53, 93.39, 93.29, 93.29, 93.35, 93.41], [91.45, 91.45, 91.45, 91.09, 91.12, 91.16, 91.23, 91.32, 91.43, 91.49, 91.46, 91.85, 92.96, 93.5, 93.36, 93.17, 92.97, 93.09, 93.26, 93.35], [91.07, 91.09, 91.11, 91.14, 91.19, 91.27, 91.39, 91.57, 91.8, 91.91, 91.75, 92.01, 92.97, 92.95, 92.92, 93.08, 92.51, 93.13, 93.28, 93.34], [91.09, 91.11, 91.14, 91.18, 91.24, 91.33, 91.48, 91.73, 92.15, 92.51, 91.99, 91.98, 91.85, 92.97, 92.97, 92.97, 93.27, 93.5, 93.35, 93.36], [91.1, 91.12, 91.15, 91.19, 91.25, 91.34, 91.48, 91.71, 92.1, 92.42, 92.13, 91.85, 91.73, 92.99, 93.0, 92.58, 92.82, 92.92, 93.37, 93.38], [91.1, 91.12, 91.15, 91.19, 91.24, 91.3, 91.4, 91.52, 91.65, 91.65, 91.68, 91.56, 91.56, 91.93, 92.2, 92.43, 92.6, 92.68, 92.66, 92.61], [91.1, 91.12, 91.14, 91.17, 91.2, 91.23, 91.27, 91.28, 91.22, 91.24, 91.07, 91.48, 91.77, 92.05, 92.04, 92.26, 92.41, 92.5, 92.52, 92.51], [91.09, 91.11, 91.12, 91.14, 91.15, 91.16, 91.15, 91.09, 90.93, 90.73, 90.41, 91.09, 91.56, 91.89, 91.89, 92.11, 92.26, 92.35, 92.39, 92.41], [91.08, 91.09, 91.1, 91.11, 91.11, 91.1, 91.06, 90.98, 91.29, 90.88, 90.63, 91.06, 91.48, 91.8, 91.79, 91.99, 92.13, 92.23, 92.29, 92.32], [91.08, 91.08, 91.08, 91.08, 91.08, 91.05, 91.01, 90.94, 91.36, 91.16, 91.09, 91.26, 91.53, 91.78, 91.73, 91.9, 92.04, 92.13, 92.2, 92.24], [91.07, 91.07, 91.07, 91.06, 91.05, 91.03, 90.99, 91.6, 91.48, 91.38, 91.36, 91.46, 91.62, 91.8, 91.7, 91.85, 91.97, 92.06, 92.13, 92.17]]}