gis_exercise/awsData/contour/humi_2023090317.json
{"header": {"refTime": "2023-09-03T17:00:00.000Z", "nx": 21, "ny": 33, "lo1": 113.509, "la1": 22.2235, "lo2": 113.5947, "la2": 22.1034, "dx": 0.0042850000000001385, "dy": 0.003753125000000024, "parameterCategory": 0, "parameterCategoryName": "Temperature", "parameterNumber": 0}, "z": [[67.94, 67.93, 67.92, 70.72, 70.54, 68.47, 68.35, 68.24, 68.21, 69.89, 70.25, 70.58, 68.67, 68.76, 71.1, 71.42, 72.22, 72.39, 72.51, 72.6], [67.95, 67.94, 67.93, 67.91, 70.54, 70.26, 68.27, 68.03, 67.89, 69.46, 70.14, 70.59, 68.77, 68.86, 71.19, 72.05, 72.32, 72.53, 72.67, 72.75], [67.96, 67.96, 67.95, 67.94, 70.6, 70.31, 69.83, 67.87, 67.22, 69.13, 70.21, 70.7, 68.95, 69.01, 71.72, 72.12, 72.48, 72.75, 72.9, 72.95], [67.97, 67.97, 67.97, 67.98, 67.97, 70.51, 70.13, 69.5, 68.92, 69.8, 70.65, 70.89, 69.23, 71.35, 71.68, 72.26, 72.76, 73.08, 73.21, 73.2], [67.97, 67.98, 67.99, 68.01, 68.04, 70.8, 70.64, 70.49, 70.56, 71.08, 71.4, 71.37, 70.54, 71.13, 71.71, 72.52, 73.22, 73.61, 73.65, 73.51], [67.97, 67.98, 68.0, 68.04, 68.1, 68.18, 71.08, 71.18, 71.56, 72.32, 72.8, 71.75, 70.98, 69.67, 71.85, 72.93, 74.0, 74.45, 74.2, 73.83], [68.34, 67.97, 67.99, 68.03, 68.11, 68.26, 71.28, 71.35, 71.77, 73.49, 74.15, 72.24, 69.43, 69.49, 72.0, 73.34, 75.08, 75.73, 75.71, 75.27], [68.28, 68.27, 68.26, 68.28, 68.35, 70.67, 70.96, 71.01, 70.85, 73.89, 76.31, 71.76, 71.71, 69.5, 74.02, 73.16, 74.9, 75.53, 74.54, 73.87], [68.72, 68.67, 68.14, 68.1, 68.08, 68.19, 68.56, 71.04, 72.55, 73.19, 74.54, 73.22, 72.57, 73.43, 73.81, 72.83, 73.85, 74.28, 74.03, 73.65], [67.0, 67.0, 67.0, 68.4, 68.21, 67.68, 68.05, 68.56, 74.55, 74.1, 72.53, 74.03, 73.55, 73.79, 73.81, 72.5, 73.14, 73.49, 73.5, 73.34], [67.0, 67.0, 67.0, 67.0, 67.0, 67.0, 67.0, 67.0, 68.06, 72.73, 78.0, 74.57, 74.16, 74.14, 73.89, 72.24, 72.71, 72.98, 73.05, 72.99], [67.0, 67.0, 67.0, 67.0, 67.0, 67.0, 67.0, 67.0, 67.0, -999.0, 78.0, 69.0, 69.0, 74.42, 73.98, 71.96, 72.25, 76.43, 76.45, 76.45], [67.0, 67.0, 67.0, 67.0, 67.0, 67.0, 67.0, 67.0, 67.0, 67.0, -999.0, 69.0, 69.0, 73.57, 71.56, 76.64, 76.64, 76.52, 76.54, 76.55], [67.0, 67.0, 67.0, 67.0, 67.0, 67.0, 67.0, 67.0, 67.0, 67.0, -999.0, 76.0, 76.0, 76.0, 72.15, 76.55, 76.57, 76.44, 76.47, 76.49], [67.0, 67.0, 67.0, 67.0, 67.0, 67.0, 67.0, 67.0, 67.0, 67.0, 67.0, 70.46, 76.0, 76.0, 76.0, 76.46, 76.49, 76.37, 76.41, 76.44], [67.0, 67.0, 67.0, 67.0, 67.0, 67.0, 67.0, 67.0, 67.0, 67.0, 72.66, 72.02, 72.89, 73.63, 72.79, 76.0, 76.0, 76.0, 76.26, 76.28], [67.0, 67.0, 67.0, 67.0, 67.0, 67.0, 67.0, 67.0, 67.0, 67.0, 70.87, 71.99, 73.16, 74.24, 74.93, 75.86, 75.81, 75.77, 75.74, 75.72], [67.0, 67.0, 67.0, 67.0, 67.0, 67.0, 67.0, 67.0, 67.0, 69.29, 70.49, 71.84, 73.25, 74.82, 75.85, 75.88, 75.81, 75.76, 75.73, 75.7], [67.0, 67.0, 67.0, 67.0, 67.0, 67.0, 67.0, 67.0, 67.81, 68.75, 70.52, 71.68, 73.53, 74.5, 75.89, 75.84, 75.78, 75.74, 75.71, 75.69], [67.0, 67.0, 69.86, 69.72, 69.53, 69.27, 68.86, 67.82, 68.4, 69.42, 70.54, 71.52, 73.31, 74.05, 75.8, 75.77, 75.74, 75.7, 75.68, 75.67], [70.05, 69.98, 69.88, 69.07, 68.96, 68.82, 68.63, 68.43, 69.57, 70.07, 70.76, 71.46, 73.2, 75.74, 75.73, 75.72, 75.69, 75.67, 75.65, 75.64], [69.33, 69.31, 69.28, 69.25, 69.2, 69.15, 69.11, 69.43, 70.36, 70.65, 71.05, 71.48, 74.7, 75.7, 75.69, 75.68, 75.66, 75.64, 75.62, 75.61], [69.42, 69.42, 69.42, 69.83, 69.83, 69.85, 69.89, 70.0, 70.14, 70.25, 70.27, 71.58, 74.22, 75.67, 75.66, 75.66, 75.68, 75.62, 75.58, 75.58], [69.94, 69.95, 69.96, 69.99, 70.03, 70.11, 70.25, 70.46, 70.73, 70.87, 70.74, 72.73, 74.14, 74.53, 74.88, 75.63, 75.79, 75.52, 75.52, 75.55], [70.01, 70.04, 70.07, 70.12, 70.2, 70.32, 70.5, 70.78, 71.21, 71.56, 71.11, 72.59, 72.92, 74.48, 74.83, 75.11, 75.45, 75.32, 75.47, 75.53], [70.08, 70.12, 70.16, 70.23, 70.32, 70.45, 70.63, 70.89, 71.26, 71.55, 72.23, 72.45, 72.76, 74.41, 74.73, 74.8, 74.96, 74.98, 75.48, 75.52], [70.14, 70.18, 70.24, 70.31, 70.4, 70.52, 70.68, 70.86, 71.05, 71.12, 72.11, 72.28, 72.57, 73.89, 74.26, 74.55, 74.72, 74.79, 74.78, 74.74], [70.19, 70.23, 70.29, 70.36, 70.45, 70.56, 70.68, 70.8, 70.91, 71.85, 71.81, 71.89, 72.16, 72.46, 74.01, 74.3, 74.49, 74.59, 74.62, 74.62], [70.22, 70.27, 70.33, 70.4, 70.48, 70.57, 70.67, 70.76, 70.85, 71.57, 71.24, 71.68, 72.03, 72.34, 73.79, 74.09, 74.29, 74.41, 74.47, 74.5], [70.25, 70.3, 70.35, 70.42, 70.49, 70.57, 70.65, 70.73, 71.74, 71.52, 71.38, 71.68, 72.0, 72.27, 73.64, 73.92, 74.12, 74.25, 74.34, 74.38], [70.27, 70.32, 70.37, 70.42, 70.49, 70.55, 70.62, 70.69, 71.82, 71.71, 71.69, 71.82, 72.04, 72.25, 73.55, 73.8, 73.99, 74.13, 74.22, 74.28], [70.29, 70.33, 70.37, 70.43, 70.48, 70.54, 70.59, 71.98, 71.91, 71.87, 71.88, 71.96, 72.11, 72.27, 73.51, 73.73, 73.9, 74.03, 74.12, 74.19]]}