gis_exercise/awsData/contour/humi_2023090413.json
{"header": {"refTime": "2023-09-04T13:00:00.000Z", "nx": 21, "ny": 33, "lo1": 113.509, "la1": 22.2235, "lo2": 113.5947, "la2": 22.1034, "dx": 0.0042850000000001385, "dy": 0.003753125000000024, "parameterCategory": 0, "parameterCategoryName": "Temperature", "parameterNumber": 0}, "z": [[56.79, 56.83, 56.88, 58.47, 58.45, 57.51, 57.55, 57.59, 57.6, 58.33, 58.33, 58.32, 57.12, 57.07, 58.73, 58.89, 58.51, 58.63, 58.72, 58.78], [56.76, 56.8, 56.86, 56.93, 58.44, 58.41, 57.58, 57.66, 57.7, 58.28, 58.3, 58.28, 57.1, 57.04, 58.71, 58.39, 58.58, 58.73, 58.84, 58.89], [56.73, 56.76, 56.82, 56.88, 58.43, 58.4, 58.35, 57.71, 57.93, 58.25, 58.29, 58.22, 57.05, 57.01, 58.15, 58.44, 58.7, 58.89, 59.0, 59.04], [56.68, 56.71, 56.76, 56.82, 56.91, 58.4, 58.37, 58.31, 58.26, 58.35, 58.32, 58.11, 56.99, 57.56, 58.13, 58.54, 58.9, 59.14, 59.23, 59.22], [56.62, 56.65, 56.68, 56.74, 56.81, 58.4, 58.38, 58.39, 58.46, 58.59, 58.46, 57.59, 57.22, 57.46, 58.15, 58.73, 59.24, 59.52, 59.54, 59.45], [56.56, 56.57, 56.59, 56.63, 56.69, 56.77, 58.35, 58.36, 58.51, 58.84, 58.26, 57.75, 57.39, 56.67, 58.24, 59.02, 59.8, 60.13, 59.95, 59.68], [55.89, 56.49, 56.48, 56.5, 56.54, 56.62, 57.51, 58.14, 58.27, 58.65, 58.95, 57.92, 56.43, 56.49, 58.33, 59.32, 60.6, 61.07, 61.08, 60.76], [55.86, 55.85, 55.84, 55.85, 55.9, 57.15, 57.34, 57.43, 57.39, 58.86, 60.1, 57.54, 57.51, 56.5, 59.77, 59.12, 60.43, 60.9, 60.16, 59.65], [56.15, 56.12, 55.76, 55.73, 55.72, 55.8, 56.04, 57.4, 58.27, 58.49, 59.08, 58.34, 57.98, 58.46, 59.61, 58.87, 59.64, 59.96, 59.78, 59.49], [55.0, 55.0, 55.0, 55.94, 55.8, 55.45, 55.7, 56.04, 59.27, 59.05, 57.96, 58.8, 58.53, 58.66, 59.6, 58.62, 59.11, 59.36, 59.37, 59.26], [55.0, 55.0, 55.0, 55.0, 55.0, 55.0, 55.0, 55.0, 55.71, 58.37, 61.0, 59.09, 58.87, 58.85, 59.67, 58.43, 58.78, 58.99, 59.04, 59.0], [55.0, 55.0, 55.0, 55.0, 55.0, 55.0, 55.0, 55.0, 55.0, -999.0, 61.0, 56.0, 56.0, 59.01, 59.73, 58.22, 58.43, 64.27, 64.22, 64.2], [55.0, 55.0, 55.0, 55.0, 55.0, 55.0, 55.0, 55.0, 55.0, 55.0, -999.0, 56.0, 56.0, 62.53, 59.66, 63.46, 63.43, 63.92, 63.85, 63.81], [55.0, 55.0, 55.0, 55.0, 55.0, 55.0, 55.0, 55.0, 55.0, 55.0, -999.0, 66.0, 66.0, 66.0, 60.5, 63.79, 63.73, 64.23, 64.12, 64.04], [55.0, 55.0, 55.0, 55.0, 55.0, 55.0, 55.0, 62.0, 62.0, 62.0, 62.0, 63.54, 66.0, 66.0, 66.0, 64.17, 64.05, 64.51, 64.37, 64.25], [55.0, 55.0, 59.4, 59.48, 59.62, 62.0, 62.0, 62.0, 62.0, 62.0, 64.52, 64.23, 64.62, 64.95, 64.57, 65.63, 65.58, 65.68, 64.69, 64.59], [59.49, 59.54, 57.47, 57.59, 62.0, 62.0, 62.0, 62.0, 62.0, 62.0, 63.72, 64.22, 64.74, 65.22, 65.41, 66.13, 66.17, 66.21, 66.24, 66.27], [57.5, 57.58, 57.71, 57.89, 62.0, 62.0, 62.0, 62.0, 62.0, 63.02, 63.55, 64.15, 64.78, 65.37, 65.92, 66.11, 66.17, 66.22, 66.25, 66.28], [57.64, 57.75, 57.91, 62.0, 62.0, 62.0, 62.0, 62.0, 62.36, 62.78, 63.34, 63.84, 64.72, 65.18, 66.1, 66.14, 66.19, 66.23, 66.26, 66.29], [57.73, 57.85, 62.57, 62.54, 62.51, 62.45, 62.37, 62.16, 62.49, 62.86, 63.3, 63.73, 64.58, 64.9, 66.17, 66.19, 66.22, 66.25, 66.28, 66.31], [62.61, 62.6, 62.58, 62.41, 62.39, 62.36, 62.33, 62.29, 62.86, 63.04, 63.32, 63.63, 64.48, 66.21, 66.21, 66.22, 66.23, 66.27, 66.31, 66.34], [62.47, 62.46, 62.46, 62.45, 62.44, 62.43, 62.42, 61.47, 63.06, 63.17, 63.34, 63.55, 64.7, 66.25, 66.24, 66.22, 66.21, 66.27, 66.34, 66.37], [62.48, 62.48, 62.48, 61.1, 61.17, 61.25, 61.35, 61.45, 61.53, 61.53, 61.43, 63.23, 65.15, 66.28, 66.25, 66.19, 66.08, 66.25, 66.4, 66.43], [60.91, 60.94, 60.98, 61.03, 61.09, 61.18, 61.3, 61.47, 61.69, 61.77, 61.54, 61.99, 65.08, 65.44, 65.73, 66.22, 65.66, 66.51, 66.55, 66.5], [60.85, 60.88, 60.91, 60.94, 61.0, 61.08, 61.22, 61.47, 61.94, 62.37, 61.67, 61.82, 61.9, 65.42, 65.76, 66.05, 66.7, 67.09, 66.69, 66.56], [60.8, 60.81, 60.82, 60.84, 60.88, 60.94, 61.05, 61.27, 61.74, 62.16, 61.74, 61.46, 61.56, 65.39, 65.73, 65.12, 65.7, 65.91, 66.66, 66.57], [60.73, 60.73, 60.73, 60.73, 60.74, 60.75, 60.78, 60.84, 60.93, 60.84, 60.87, 60.83, 61.08, 63.11, 63.94, 64.61, 65.08, 65.29, 65.26, 65.12], [60.67, 60.66, 60.64, 60.62, 60.58, 60.54, 60.47, 60.34, 60.07, 59.88, 59.56, 60.4, 61.19, 61.98, 63.42, 64.08, 64.53, 64.78, 64.85, 64.82], [60.61, 60.59, 60.55, 60.51, 60.44, 60.35, 60.19, 59.93, 59.43, 58.75, 57.94, 59.53, 60.69, 61.58, 62.96, 63.61, 64.07, 64.34, 64.48, 64.52], [60.56, 60.52, 60.48, 60.41, 60.33, 60.2, 60.01, 59.7, 59.93, 59.01, 58.45, 59.49, 60.53, 61.35, 62.62, 63.24, 63.69, 63.98, 64.16, 64.26], [60.51, 60.47, 60.41, 60.34, 60.24, 60.11, 59.91, 59.65, 60.13, 59.68, 59.55, 59.98, 60.65, 61.3, 62.43, 62.98, 63.4, 63.7, 63.9, 64.02], [60.47, 60.42, 60.36, 60.29, 60.19, 60.06, 59.89, 60.69, 60.43, 60.22, 60.2, 60.45, 60.87, 61.35, 62.35, 62.82, 63.19, 63.47, 63.68, 63.82]]}