gis_exercise/awsData/contour/humi_2023091202.json
{"header": {"refTime": "2023-09-12T02:00:00.000Z", "nx": 21, "ny": 33, "lo1": 113.509, "la1": 22.2235, "lo2": 113.5947, "la2": 22.1034, "dx": 0.0042850000000001385, "dy": 0.003753125000000024, "parameterCategory": 0, "parameterCategoryName": "Temperature", "parameterNumber": 0}, "z": [[92.79, 92.83, 92.88, 94.73, 94.7, 92.81, 92.89, 92.95, 92.94, 93.76, 93.63, 93.48, 91.69, 91.57, 91.2, 91.12, 90.27, 90.27, 90.27, 90.27], [92.76, 92.8, 92.86, 92.93, 94.69, 94.64, 92.98, 93.14, 93.23, 93.79, 93.59, 93.35, 91.56, 91.43, 91.09, 90.26, 90.26, 90.26, 90.26, 90.26], [92.73, 92.76, 92.82, 92.88, 94.68, 94.63, 94.55, 93.3, 93.81, 93.84, 93.52, 93.13, 91.33, 91.24, 90.26, 90.26, 90.25, 90.25, 90.24, 90.25], [92.68, 92.71, 92.76, 92.82, 92.91, 94.64, 94.58, 94.48, 94.39, 93.85, 93.44, 92.74, 90.96, 91.81, 90.25, 90.25, 90.24, 90.23, 90.23, 90.23], [92.62, 92.65, 92.68, 92.74, 92.81, 94.65, 94.62, 94.62, 94.7, 94.03, 93.51, 91.76, 90.72, 91.56, 90.25, 90.24, 90.22, 90.2, 90.21, 90.22], [92.56, 92.57, 92.59, 92.63, 92.69, 92.77, 94.61, 94.62, 94.81, 95.23, 93.34, 92.27, 91.37, 90.33, 90.28, 90.24, 90.18, 90.16, 90.18, 90.2], [91.89, 92.49, 92.48, 92.5, 92.54, 92.62, 93.77, 94.38, 94.55, 94.91, 95.24, 93.05, 90.57, 90.51, 90.33, 90.24, 90.12, 90.08, 90.0, 90.0], [91.86, 91.85, 91.84, 91.85, 91.9, 93.37, 93.56, 93.61, 93.45, 95.21, 96.78, 93.15, 93.11, 90.5, 90.37, 90.48, 90.26, 90.18, 90.31, 90.39], [92.15, 92.12, 91.76, 91.73, 91.72, 91.8, 92.04, 93.62, 94.59, 94.7, 95.31, 94.28, 93.78, 94.44, 90.4, 90.52, 90.39, 90.34, 90.37, 90.42], [91.0, 91.0, 91.0, 91.94, 91.8, 91.45, 91.7, 92.04, 95.84, 95.56, 93.74, 94.92, 94.54, 94.72, 90.4, 90.56, 90.48, 90.44, 90.44, 90.46], [91.0, 91.0, 91.0, 91.0, 91.0, 91.0, 91.0, 91.0, 91.71, 94.71, 98.0, 95.33, 95.02, 95.0, 90.39, 90.6, 90.54, 90.5, 90.49, 90.5], [91.0, 91.0, 91.0, 91.0, 91.0, 91.0, 91.0, 91.0, 91.0, -999.0, 98.0, 91.0, 91.0, 95.21, 90.38, 90.63, 90.59, 94.55, 94.44, 94.41], [91.0, 91.0, 91.0, 91.0, 91.0, 91.0, 91.0, 91.0, 91.0, 91.0, -999.0, 91.0, 91.0, 95.57, 93.56, 92.91, 92.85, 93.84, 93.7, 93.61], [91.0, 91.0, 91.0, 91.0, 91.0, 91.0, 91.0, 91.0, 91.0, 91.0, -999.0, 98.0, 98.0, 98.0, 94.15, 93.58, 93.45, 94.46, 94.24, 94.08], [91.0, 91.0, 91.0, 91.0, 91.0, 91.0, 91.0, 92.0, 92.0, 92.0, 92.0, 94.31, 98.0, 98.0, 98.0, 94.34, 94.1, 95.02, 94.73, 94.5], [91.0, 91.0, 91.63, 91.64, 91.66, 92.0, 92.0, 92.0, 92.0, 92.0, 95.78, 95.35, 95.93, 96.42, 95.86, 96.53, 96.31, 96.7, 94.84, 94.61], [91.64, 91.65, 91.35, 91.37, 92.0, 92.0, 92.0, 92.0, 92.0, 92.0, 94.58, 95.32, 96.11, 96.83, 96.84, 97.1, 96.78, 96.53, 96.35, 96.23], [91.36, 91.37, 91.39, 91.41, 92.0, 92.0, 92.0, 92.0, 92.0, 93.52, 94.33, 95.23, 96.17, 96.79, 97.83, 97.2, 96.74, 96.45, 96.27, 96.15], [91.38, 91.39, 91.42, 92.0, 92.0, 92.0, 92.0, 92.0, 92.54, 93.17, 94.29, 95.06, 95.63, 96.39, 97.26, 96.93, 96.55, 96.29, 96.13, 96.04], [91.39, 91.41, 93.71, 93.63, 93.52, 93.36, 93.12, 92.49, 92.9, 93.55, 94.28, 94.94, 95.32, 95.79, 96.66, 96.47, 96.23, 96.05, 95.95, 95.9], [93.83, 93.79, 93.73, 93.24, 93.18, 93.09, 92.98, 92.86, 93.64, 93.96, 94.41, 94.88, 95.04, 96.28, 96.19, 96.03, 95.86, 95.77, 95.75, 95.76], [93.4, 93.38, 93.37, 93.35, 93.32, 93.29, 93.27, 93.39, 94.12, 94.31, 94.57, 94.87, 95.74, 95.99, 95.84, 95.64, 95.49, 95.48, 95.55, 95.62], [93.45, 93.45, 93.45, 93.6, 93.6, 93.62, 93.65, 93.72, 93.81, 93.87, 93.88, 93.85, 94.96, 95.77, 95.59, 95.33, 95.08, 95.2, 95.4, 95.53], [93.65, 93.65, 93.67, 93.68, 93.72, 93.77, 93.86, 93.99, 94.16, 94.25, 94.16, 94.5, 94.97, 94.95, 94.92, 95.19, 94.54, 95.19, 95.38, 95.49], [93.69, 93.7, 93.73, 93.76, 93.81, 93.88, 94.0, 94.18, 94.46, 94.7, 94.38, 94.52, 94.41, 94.97, 94.97, 94.97, 95.32, 95.54, 95.45, 95.5], [93.72, 93.74, 93.77, 93.81, 93.87, 93.95, 94.06, 94.23, 94.48, 94.68, 94.63, 94.49, 94.4, 94.99, 95.0, 94.89, 95.03, 95.1, 95.48, 95.52], [93.75, 93.78, 93.81, 93.85, 93.91, 93.98, 94.07, 94.18, 94.3, 94.33, 94.47, 94.4, 94.36, 94.65, 94.75, 94.84, 94.93, 94.97, 94.96, 94.92], [93.78, 93.8, 93.83, 93.87, 93.92, 93.98, 94.05, 94.12, 94.16, 94.35, 94.29, 94.59, 94.73, 94.88, 94.69, 94.78, 94.85, 94.88, 94.89, 94.88], [93.79, 93.82, 93.85, 93.89, 93.93, 93.98, 94.02, 94.06, 94.08, 94.19, 94.16, 94.44, 94.65, 94.81, 94.65, 94.73, 94.78, 94.82, 94.84, 94.84], [93.81, 93.83, 93.86, 93.89, 93.93, 93.97, 94.0, 94.03, 94.51, 94.35, 94.25, 94.43, 94.62, 94.77, 94.61, 94.68, 94.74, 94.77, 94.79, 94.8], [93.82, 93.84, 93.86, 93.89, 93.92, 93.95, 93.98, 94.0, 94.54, 94.47, 94.44, 94.52, 94.64, 94.76, 94.59, 94.65, 94.7, 94.74, 94.76, 94.77], [93.82, 93.84, 93.87, 93.89, 93.92, 93.94, 93.96, 94.64, 94.6, 94.56, 94.56, 94.6, 94.68, 94.77, 94.58, 94.63, 94.67, 94.71, 94.73, 94.75]]}