gis_exercise/awsData/contour/humi_2023091113.json
{"header": {"refTime": "2023-09-11T13:00:00.000Z", "nx": 21, "ny": 33, "lo1": 113.509, "la1": 22.2235, "lo2": 113.5947, "la2": 22.1034, "dx": 0.0042850000000001385, "dy": 0.003753125000000024, "parameterCategory": 0, "parameterCategoryName": "Temperature", "parameterNumber": 0}, "z": [[96.16, 96.21, 96.27, 97.37, 97.4, 95.6, 95.76, 95.91, 95.91, 96.42, 96.07, 95.72, 94.26, 94.06, 94.25, 94.25, 93.23, 93.32, 93.38, 93.43], [96.13, 96.17, 96.23, 96.32, 97.38, 97.44, 95.94, 96.29, 96.48, 96.65, 96.06, 95.53, 94.02, 93.83, 94.06, 93.12, 93.26, 93.37, 93.44, 93.49], [96.09, 96.13, 96.18, 96.26, 97.34, 97.4, 97.5, 96.59, 97.63, 96.85, 95.94, 95.17, 93.61, 93.48, 92.9, 93.13, 93.32, 93.45, 93.53, 93.57], [96.04, 96.06, 96.11, 96.17, 96.26, 97.32, 97.41, 97.56, 97.7, 96.59, 95.63, 94.54, 92.93, 93.26, 92.85, 93.18, 93.43, 93.58, 93.65, 93.67], [95.98, 95.99, 96.02, 96.06, 96.12, 97.2, 97.23, 97.3, 97.4, 96.29, 95.42, 93.15, 91.91, 92.98, 92.89, 93.31, 93.63, 93.79, 93.82, 93.79], [95.92, 95.92, 95.92, 95.94, 95.96, 95.99, 97.0, 96.98, 97.09, 97.38, 94.88, 93.78, 92.77, 92.0, 93.06, 93.53, 93.94, 94.11, 94.03, 93.91], [95.0, 95.84, 95.82, 95.81, 95.8, 95.78, 96.01, 96.51, 96.58, 96.65, 96.95, 94.85, 92.71, 92.53, 93.31, 93.76, 94.35, 94.57, 94.26, 94.01], [95.0, 95.0, 95.0, 95.0, 95.0, 95.91, 95.9, 95.72, 95.39, 96.86, 98.1, 95.54, 95.51, 92.49, 94.63, 94.52, 94.74, 94.82, 94.69, 94.61], [95.0, 95.0, 95.0, 95.0, 95.0, 95.0, 95.0, 95.88, 96.27, 96.49, 97.08, 96.34, 95.98, 96.46, 94.6, 94.48, 94.61, 94.66, 94.63, 94.58], [95.0, 95.0, 95.0, 95.0, 95.0, 95.0, 95.0, 95.0, 97.27, 97.05, 95.96, 96.8, 96.53, 96.66, 94.6, 94.44, 94.52, 94.56, 94.56, 94.54], [95.0, 95.0, 95.0, 95.0, 95.0, 95.0, 95.0, 95.0, 95.0, 96.37, 99.0, 97.09, 96.87, 96.85, 94.61, 94.4, 94.46, 94.5, 94.51, 94.5], [95.0, 95.0, 95.0, 95.0, 95.0, 95.0, 95.0, 95.0, 95.0, -999.0, 99.0, 94.0, 94.0, 97.01, 94.62, 94.37, 94.41, 96.71, 96.66, 96.65], [95.0, 95.0, 95.0, 95.0, 95.0, 95.0, 95.0, 95.0, 95.0, 95.0, -999.0, 94.0, 94.0, 96.61, 95.46, 96.09, 96.07, 96.44, 96.39, 96.35], [95.0, 95.0, 95.0, 95.0, 95.0, 95.0, 95.0, 95.0, 95.0, 95.0, -999.0, 98.0, 98.0, 98.0, 95.8, 96.34, 96.29, 96.67, 96.59, 96.53], [95.0, 95.0, 95.0, 95.0, 95.0, 95.0, 95.0, 94.0, 94.0, 94.0, 94.0, 95.54, 98.0, 98.0, 98.0, 96.63, 96.54, 96.88, 96.78, 96.69], [95.0, 95.0, 94.37, 94.36, 94.34, 94.0, 94.0, 94.0, 94.0, 94.0, 96.52, 96.23, 96.62, 96.95, 96.57, 97.27, 97.16, 97.35, 96.68, 96.58], [94.36, 94.35, 94.65, 94.63, 94.0, 94.0, 94.0, 94.0, 94.0, 94.0, 95.72, 96.22, 96.74, 97.22, 97.3, 97.41, 97.2, 97.03, 96.91, 96.83], [94.64, 94.63, 94.61, 94.59, 94.0, 94.0, 94.0, 94.0, 94.0, 95.02, 95.55, 96.15, 96.78, 97.26, 97.9, 97.48, 97.18, 96.98, 96.86, 96.78], [94.62, 94.61, 94.58, 94.0, 94.0, 94.0, 94.0, 94.0, 94.36, 94.78, 95.89, 96.43, 96.54, 97.03, 97.52, 97.3, 97.05, 96.88, 96.77, 96.71], [94.61, 94.59, 96.29, 96.17, 96.03, 95.81, 95.49, 94.66, 94.82, 95.38, 95.96, 96.42, 96.36, 96.68, 97.13, 97.01, 96.85, 96.73, 96.66, 96.62], [96.44, 96.38, 96.31, 95.65, 95.57, 95.45, 95.3, 95.14, 95.56, 95.83, 96.18, 96.49, 96.21, 96.88, 96.83, 96.73, 96.62, 96.55, 96.52, 96.52], [95.86, 95.85, 95.82, 95.8, 95.76, 95.72, 95.69, 95.39, 96.13, 96.29, 96.46, 96.63, 97.36, 96.69, 96.61, 96.5, 96.41, 96.38, 96.39, 96.42], [95.94, 95.94, 95.94, 95.46, 95.49, 95.55, 95.64, 95.76, 95.91, 95.99, 95.94, 96.3, 96.74, 96.55, 96.45, 96.32, 96.21, 96.22, 96.28, 96.34], [95.43, 95.45, 95.48, 95.52, 95.59, 95.69, 95.85, 96.09, 96.4, 96.54, 96.33, 96.51, 96.79, 96.57, 96.37, 96.23, 96.06, 96.11, 96.21, 96.29], [95.45, 95.48, 95.51, 95.57, 95.65, 95.78, 95.98, 96.31, 96.87, 97.35, 96.65, 96.5, 96.26, 96.59, 96.4, 96.23, 96.11, 96.09, 96.19, 96.27], [95.46, 95.49, 95.53, 95.59, 95.67, 95.79, 95.98, 96.28, 96.8, 97.22, 96.76, 96.33, 96.13, 96.63, 96.44, 95.7, 95.79, 95.81, 96.23, 96.28], [95.47, 95.49, 95.53, 95.58, 95.65, 95.74, 95.86, 96.02, 96.2, 96.2, 96.15, 95.97, 95.91, 95.29, 95.45, 95.59, 95.67, 95.71, 95.7, 95.68], [95.46, 95.49, 95.52, 95.56, 95.6, 95.65, 95.69, 95.71, 95.63, 95.58, 95.36, 95.48, 95.65, 95.76, 95.34, 95.48, 95.57, 95.61, 95.63, 95.62], [95.46, 95.48, 95.5, 95.52, 95.54, 95.55, 95.53, 95.45, 95.24, 94.92, 94.42, 95.06, 95.43, 95.63, 95.25, 95.38, 95.47, 95.53, 95.56, 95.57], [95.45, 95.46, 95.47, 95.48, 95.48, 95.47, 95.42, 95.3, 95.32, 94.89, 94.62, 95.01, 95.35, 95.56, 95.18, 95.3, 95.4, 95.46, 95.49, 95.51], [95.43, 95.44, 95.45, 95.44, 95.43, 95.41, 95.35, 95.25, 95.36, 95.14, 95.05, 95.18, 95.38, 95.54, 95.14, 95.25, 95.34, 95.4, 95.44, 95.47], [95.42, 95.42, 95.42, 95.42, 95.4, 95.37, 95.32, 95.57, 95.44, 95.33, 95.29, 95.34, 95.45, 95.56, 95.12, 95.22, 95.3, 95.35, 95.4, 95.42]]}