gis_exercise/awsData/contour/humi_2023090113.json
{"header": {"refTime": "2023-09-01T13:00:00.000Z", "nx": 21, "ny": 33, "lo1": 113.509, "la1": 22.2235, "lo2": 113.5947, "la2": 22.1034, "dx": 0.0042850000000001385, "dy": 0.003753125000000024, "parameterCategory": 0, "parameterCategoryName": "Temperature", "parameterNumber": 0}, "z": [[64.18, 64.23, 64.31, 65.41, 65.44, 63.86, 63.99, 64.11, 64.1, 64.23, 63.86, 63.49, 61.78, 61.55, 61.96, 61.93, 60.33, 60.4, 60.46, 60.49], [64.14, 64.19, 64.27, 64.36, 65.43, 65.48, 64.16, 64.46, 64.62, 64.49, 63.86, 63.31, 61.55, 61.32, 61.78, 60.26, 60.37, 60.45, 60.51, 60.55], [64.09, 64.14, 64.21, 64.3, 65.4, 65.45, 65.54, 64.74, 65.67, 64.71, 63.74, 62.95, 61.16, 60.99, 60.1, 60.28, 60.42, 60.53, 60.59, 60.62], [64.02, 64.07, 64.13, 64.21, 64.33, 65.39, 65.46, 65.59, 65.71, 64.4, 63.4, 62.33, 60.54, 60.61, 60.08, 60.32, 60.52, 60.65, 60.7, 60.71], [63.95, 63.98, 64.02, 64.09, 64.19, 65.3, 65.33, 65.38, 65.43, 64.0, 63.13, 60.56, 59.64, 60.39, 60.1, 60.43, 60.7, 60.84, 60.86, 60.82], [63.87, 63.88, 63.9, 63.94, 64.01, 64.1, 65.16, 65.14, 65.19, 65.32, 61.96, 61.02, 60.23, 59.33, 60.19, 60.6, 60.98, 61.13, 61.05, 60.93], [62.89, 63.77, 63.76, 63.77, 63.81, 63.88, 64.01, 64.85, 64.87, 64.14, 64.08, 61.72, 59.57, 59.51, 60.33, 60.77, 61.36, 61.57, 61.45, 61.26], [62.86, 62.85, 62.84, 62.85, 62.9, 63.7, 63.88, 64.07, 63.99, 64.36, 65.14, 61.84, 61.81, 59.5, 61.26, 61.04, 61.48, 61.63, 61.39, 61.22], [63.15, 63.12, 62.76, 62.73, 62.72, 62.8, 63.04, 63.96, 64.64, 64.0, 63.69, 62.81, 62.38, 62.95, 61.2, 60.96, 61.21, 61.32, 61.26, 61.16], [62.0, 62.0, 62.0, 62.94, 62.8, 62.45, 62.7, 63.04, 65.14, 65.03, 62.35, 63.36, 63.04, 63.19, 61.2, 60.87, 61.04, 61.12, 61.12, 61.09], [62.0, 62.0, 62.0, 62.0, 62.0, 62.0, 62.0, 62.0, 62.71, 64.68, 66.0, 63.71, 63.44, 63.43, 61.22, 60.81, 60.93, 61.0, 61.01, 61.0], [62.0, 62.0, 62.0, 62.0, 62.0, 62.0, 62.0, 62.0, 62.0, -999.0, 66.0, 60.0, 60.0, 63.61, 61.24, 60.74, 60.81, 65.98, 65.88, 65.86], [62.0, 62.0, 62.0, 62.0, 62.0, 62.0, 62.0, 62.0, 62.0, 62.0, -999.0, 60.0, 60.0, 65.88, 63.29, 64.55, 64.5, 65.36, 65.24, 65.16], [62.0, 62.0, 62.0, 62.0, 62.0, 62.0, 62.0, 62.0, 62.0, 62.0, -999.0, 69.0, 69.0, 69.0, 64.05, 65.13, 65.02, 65.9, 65.71, 65.57], [62.0, 62.0, 62.0, 62.0, 62.0, 62.0, 62.0, 64.0, 64.0, 64.0, 64.0, 65.92, 69.0, 69.0, 69.0, 65.8, 65.59, 66.39, 66.14, 65.93], [62.0, 62.0, 63.26, 63.28, 63.32, 64.0, 64.0, 64.0, 64.0, 64.0, 67.15, 66.79, 67.27, 67.68, 67.22, 66.8, 66.47, 67.05, 65.55, 65.3], [63.28, 63.3, 62.71, 62.74, 64.0, 64.0, 64.0, 64.0, 64.0, 64.0, 66.15, 66.77, 67.42, 68.02, 67.73, 68.07, 67.74, 67.49, 67.31, 67.19], [62.71, 62.74, 62.77, 62.83, 64.0, 64.0, 64.0, 64.0, 64.0, 65.27, 65.94, 66.69, 67.47, 67.7, 68.81, 68.17, 67.7, 67.4, 67.22, 67.11], [62.75, 62.79, 62.83, 64.0, 64.0, 64.0, 64.0, 64.0, 64.45, 64.97, 65.44, 66.06, 66.54, 67.26, 68.23, 67.88, 67.49, 67.22, 67.07, 66.99], [62.78, 62.81, 64.0, 64.0, 64.0, 64.0, 64.0, 64.0, 64.47, 64.86, 65.35, 65.87, 66.17, 66.55, 67.59, 67.38, 67.13, 66.96, 66.88, 66.86], [64.0, 64.0, 64.0, 64.0, 64.0, 64.0, 64.0, 64.0, 64.78, 64.98, 65.3, 65.68, 65.8, 67.2, 67.08, 66.89, 66.71, 66.64, 66.66, 66.71], [64.0, 64.0, 64.0, 64.0, 64.0, 64.0, 64.0, 64.17, 64.87, 64.99, 65.21, 65.49, 65.45, 66.88, 66.69, 66.43, 66.24, 66.29, 66.46, 66.6], [64.0, 64.0, 64.0, 64.25, 64.24, 64.23, 64.21, 64.2, 64.19, 64.19, 64.21, 63.74, 65.15, 66.66, 66.41, 66.02, 65.59, 65.94, 66.37, 66.55], [64.29, 64.28, 64.28, 64.27, 64.26, 64.25, 64.23, 64.21, 64.18, 64.17, 64.21, 64.0, 65.13, 65.3, 65.4, 65.89, 64.45, 66.23, 66.52, 66.59], [64.3, 64.3, 64.29, 64.29, 64.28, 64.27, 64.26, 64.22, 64.15, 64.09, 64.2, 64.05, 63.98, 65.33, 65.5, 65.69, 66.63, 67.36, 66.76, 66.67], [64.31, 64.31, 64.31, 64.31, 64.31, 64.3, 64.29, 64.26, 64.19, 64.13, 64.13, 64.13, 64.06, 65.35, 65.56, 65.97, 66.29, 66.49, 66.77, 66.71], [64.33, 64.33, 64.33, 64.33, 64.34, 64.34, 64.34, 64.33, 64.32, 64.34, 64.27, 64.25, 64.16, 65.66, 65.78, 65.94, 66.1, 66.2, 66.17, 66.09], [64.34, 64.34, 64.35, 64.35, 64.36, 64.37, 64.39, 64.42, 64.47, 64.45, 64.5, 65.29, 65.55, 65.88, 65.74, 65.87, 65.98, 66.04, 66.05, 66.02], [64.35, 64.36, 64.36, 64.37, 64.39, 64.41, 64.44, 64.49, 64.58, 64.66, 65.07, 65.26, 65.51, 65.79, 65.69, 65.8, 65.88, 65.94, 65.96, 65.95], [64.36, 64.37, 64.38, 64.39, 64.41, 64.43, 64.47, 64.52, 65.2, 65.16, 65.14, 65.29, 65.51, 65.75, 65.65, 65.74, 65.81, 65.86, 65.89, 65.9], [64.37, 64.38, 64.39, 64.4, 64.42, 64.45, 64.48, 64.53, 65.28, 65.26, 65.28, 65.38, 65.55, 65.73, 65.63, 65.7, 65.76, 65.81, 65.84, 65.85], [64.38, 64.39, 64.4, 64.41, 64.43, 64.46, 64.49, 65.36, 65.35, 65.36, 65.39, 65.47, 65.59, 65.74, 65.61, 65.68, 65.73, 65.77, 65.8, 65.81]]}