gis_exercise/awsData/contour/humi_2023090820.json
{"header": {"refTime": "2023-09-08T20:00:00.000Z", "nx": 21, "ny": 33, "lo1": 113.509, "la1": 22.2235, "lo2": 113.5947, "la2": 22.1034, "dx": 0.0042850000000001385, "dy": 0.003753125000000024, "parameterCategory": 0, "parameterCategoryName": "Temperature", "parameterNumber": 0}, "z": [[93.31, 93.31, 93.31, 94.58, 94.51, 92.56, 92.57, 92.57, 92.53, 93.21, 93.14, 93.06, 91.81, 91.75, 91.76, 91.81, 91.87, 91.94, 91.99, 92.02], [93.32, 93.31, 93.31, 93.3, 94.5, 94.38, 92.63, 92.66, 92.67, 93.17, 93.09, 92.95, 91.7, 91.64, 91.68, 91.78, 91.89, 91.97, 92.02, 92.06], [93.32, 93.32, 93.32, 93.31, 94.53, 94.4, 94.2, 92.74, 92.92, 93.16, 93.05, 92.78, 91.5, 91.48, 91.62, 91.79, 91.93, 92.02, 92.08, 92.11], [93.32, 93.32, 93.32, 93.33, 93.32, 94.48, 94.33, 94.06, 93.82, 93.27, 93.04, 92.48, 91.16, 92.26, 91.58, 91.82, 92.0, 92.11, 92.16, 92.18], [93.32, 93.33, 93.33, 93.34, 93.35, 94.6, 94.53, 94.47, 94.51, 93.61, 93.21, 92.15, 90.91, 91.98, 91.6, 91.92, 92.14, 92.25, 92.27, 92.26], [93.32, 93.33, 93.33, 93.35, 93.37, 93.39, 94.7, 94.74, 94.93, 95.29, 93.88, 92.78, 91.77, 91.0, 91.76, 92.08, 92.34, 92.45, 92.41, 92.34], [93.45, 93.32, 93.33, 93.34, 93.37, 93.42, 94.76, 94.77, 94.96, 95.65, 95.95, 93.85, 91.71, 91.53, 91.98, 92.25, 92.61, 92.74, 92.45, 92.26], [93.43, 93.42, 93.42, 93.43, 93.45, 94.53, 94.62, 94.58, 94.39, 95.86, 97.1, 94.54, 94.51, 91.49, 93.0, 93.0, 93.0, 93.0, 93.0, 93.0], [93.57, 93.56, 93.38, 93.37, 93.36, 93.4, 93.52, 94.64, 95.27, 95.49, 96.08, 95.34, 94.98, 95.46, 93.0, 93.0, 93.0, 93.0, 93.0, 93.0], [93.0, 93.0, 93.0, 93.47, 93.4, 93.23, 93.35, 93.52, 96.27, 96.05, 94.96, 95.8, 95.53, 95.66, 93.0, 93.0, 93.0, 93.0, 93.0, 93.0], [93.0, 93.0, 93.0, 93.0, 93.0, 93.0, 93.0, 93.0, 93.35, 95.37, 98.0, 96.09, 95.87, 95.85, 93.0, 93.0, 93.0, 93.0, 93.0, 93.0], [93.0, 93.0, 93.0, 93.0, 93.0, 93.0, 93.0, 93.0, 93.0, -999.0, 98.0, 93.0, 93.0, 96.01, 93.0, 93.0, 93.0, 95.84, 95.77, 95.76], [93.0, 93.0, 93.0, 93.0, 93.0, 93.0, 93.0, 93.0, 93.0, 93.0, -999.0, 93.0, 93.0, 96.26, 94.83, 94.82, 94.78, 95.4, 95.31, 95.26], [93.0, 93.0, 93.0, 93.0, 93.0, 93.0, 93.0, 93.0, 93.0, 93.0, -999.0, 98.0, 98.0, 98.0, 95.25, 95.24, 95.16, 95.78, 95.65, 95.55], [93.0, 93.0, 93.0, 93.0, 93.0, 93.0, 93.0, 93.0, 93.0, 93.0, 93.0, 94.92, 98.0, 98.0, 98.0, 95.71, 95.56, 96.14, 95.96, 95.81], [93.0, 93.0, 93.0, 93.0, 93.0, 93.0, 93.0, 93.0, 93.0, 93.0, 96.15, 95.79, 96.27, 96.68, 96.22, 96.9, 96.73, 97.03, 95.89, 95.73], [93.0, 93.0, 93.0, 93.0, 93.0, 93.0, 93.0, 93.0, 93.0, 93.0, 95.15, 95.77, 96.42, 97.02, 97.07, 97.11, 96.8, 96.55, 96.37, 96.25], [93.0, 93.0, 93.0, 93.0, 93.0, 93.0, 93.0, 93.0, 93.0, 94.27, 94.94, 95.69, 96.47, 97.02, 97.86, 97.21, 96.77, 96.48, 96.29, 96.17], [93.0, 93.0, 93.0, 93.0, 93.0, 93.0, 93.0, 93.0, 93.45, 93.97, 95.0, 95.64, 96.09, 96.71, 97.28, 96.95, 96.58, 96.32, 96.16, 96.06], [93.0, 93.0, 94.71, 94.63, 94.52, 94.36, 94.12, 93.49, 93.8, 94.38, 95.01, 95.56, 95.84, 96.23, 96.69, 96.51, 96.27, 96.09, 95.98, 95.93], [94.83, 94.79, 94.73, 94.24, 94.18, 94.09, 93.98, 93.86, 94.48, 94.76, 95.15, 95.54, 95.62, 96.33, 96.25, 96.09, 95.93, 95.83, 95.79, 95.78], [94.4, 94.38, 94.37, 94.35, 94.32, 94.29, 94.27, 94.39, 94.95, 95.11, 95.33, 95.57, 96.39, 96.04, 95.91, 95.75, 95.61, 95.57, 95.59, 95.64], [94.45, 94.45, 94.45, 94.6, 94.6, 94.62, 94.65, 94.72, 94.81, 94.87, 94.88, 94.85, 95.37, 95.83, 95.68, 95.48, 95.32, 95.33, 95.42, 95.52], [94.65, 94.65, 94.67, 94.68, 94.72, 94.77, 94.86, 94.99, 95.16, 95.25, 95.16, 95.5, 95.39, 95.28, 95.19, 95.34, 95.09, 95.16, 95.31, 95.44], [94.69, 94.7, 94.73, 94.76, 94.81, 94.88, 95.0, 95.18, 95.46, 95.7, 95.38, 95.52, 95.41, 95.3, 95.2, 95.12, 95.17, 95.14, 95.29, 95.41], [94.72, 94.74, 94.77, 94.81, 94.87, 94.95, 95.06, 95.23, 95.48, 95.68, 95.63, 95.49, 95.4, 95.31, 95.22, 95.0, 95.0, 95.0, 95.34, 95.42], [94.75, 94.78, 94.81, 94.85, 94.91, 94.98, 95.07, 95.18, 95.3, 95.33, 95.47, 95.4, 95.36, 95.0, 95.0, 95.0, 95.0, 95.0, 95.0, 95.0], [94.78, 94.8, 94.83, 94.87, 94.92, 94.98, 95.05, 95.12, 95.16, 95.35, 95.29, 95.3, 95.3, 95.29, 95.0, 95.0, 95.0, 95.0, 95.0, 95.0], [94.79, 94.82, 94.85, 94.89, 94.93, 94.98, 95.02, 95.06, 95.08, 95.19, 95.09, 95.21, 95.26, 95.27, 95.0, 95.0, 95.0, 95.0, 95.0, 95.0], [94.81, 94.83, 94.86, 94.89, 94.93, 94.97, 95.0, 95.03, 95.27, 95.18, 95.12, 95.19, 95.24, 95.26, 95.0, 95.0, 95.0, 95.0, 95.0, 95.0], [94.82, 94.84, 94.86, 94.89, 94.92, 94.95, 94.98, 95.0, 95.27, 95.22, 95.2, 95.22, 95.25, 95.26, 95.0, 95.0, 95.0, 95.0, 95.0, 95.0], [94.82, 94.84, 94.87, 94.89, 94.92, 94.94, 94.96, 95.31, 95.28, 95.26, 95.24, 95.25, 95.26, 95.26, 95.0, 95.0, 95.0, 95.0, 95.0, 95.0]]}