gis_exercise/awsData/contour/humi_2023090617.json
{"header": {"refTime": "2023-09-06T17:00:00.000Z", "nx": 21, "ny": 33, "lo1": 113.509, "la1": 22.2235, "lo2": 113.5947, "la2": 22.1034, "dx": 0.0042850000000001385, "dy": 0.003753125000000024, "parameterCategory": 0, "parameterCategoryName": "Temperature", "parameterNumber": 0}, "z": [[74.57, 74.64, 74.73, 75.85, 75.91, 74.6, 74.76, 74.91, 74.91, 75.04, 74.65, 74.26, 72.54, 72.29, 73.53, 73.57, 71.78, 71.9, 71.99, 72.04], [74.51, 74.59, 74.68, 74.8, 75.89, 75.99, 74.94, 75.29, 75.48, 75.32, 74.66, 74.09, 72.32, 72.07, 73.35, 71.65, 71.84, 71.99, 72.09, 72.15], [74.45, 74.51, 74.6, 74.72, 75.85, 75.95, 76.11, 75.59, 76.63, 75.56, 74.53, 73.74, 71.93, 71.75, 71.41, 71.7, 71.95, 72.14, 72.24, 72.28], [74.37, 74.42, 74.5, 74.6, 74.75, 75.85, 75.98, 76.21, 76.43, 75.21, 74.17, 73.12, 71.34, 71.18, 71.38, 71.79, 72.14, 72.37, 72.46, 72.46], [74.28, 74.31, 74.36, 74.44, 74.56, 75.7, 75.75, 75.84, 75.91, 74.71, 73.84, 71.18, 70.47, 71.01, 71.4, 71.97, 72.46, 72.72, 72.75, 72.67], [74.17, 74.18, 74.21, 74.25, 74.33, 74.43, 75.49, 75.45, 75.48, 75.59, 72.3, 71.51, 70.88, 70.0, 71.52, 72.26, 72.99, 73.29, 73.13, 72.88], [72.89, 74.04, 74.03, 74.04, 74.07, 74.14, 74.01, 75.03, 75.02, 74.14, 74.08, 71.99, 70.0, 70.0, 71.66, 72.56, 73.72, 74.15, 74.08, 73.76], [72.86, 72.85, 72.84, 72.85, 72.9, 73.7, 73.88, 74.07, 73.99, 74.36, 75.14, 71.84, 71.81, 70.0, 73.14, 72.6, 73.69, 74.08, 73.46, 73.04], [73.15, 73.12, 72.76, 72.73, 72.72, 72.8, 73.04, 73.96, 74.64, 74.0, 73.69, 72.81, 72.38, 72.95, 73.01, 72.39, 73.03, 73.3, 73.15, 72.91], [72.0, 72.0, 72.0, 72.94, 72.8, 72.45, 72.7, 73.04, 75.14, 75.03, 72.35, 73.36, 73.04, 73.19, 73.0, 72.19, 72.59, 72.8, 72.81, 72.72], [72.0, 72.0, 72.0, 72.0, 72.0, 72.0, 72.0, 72.0, 72.71, 74.68, 76.0, 73.71, 73.44, 73.43, 73.06, 72.02, 72.32, 72.49, 72.53, 72.5], [72.0, 72.0, 72.0, 72.0, 72.0, 72.0, 72.0, 72.0, 72.0, -999.0, 76.0, 70.0, 70.0, 73.61, 73.11, 71.85, 72.03, 77.27, 77.22, 77.2], [72.0, 72.0, 72.0, 72.0, 72.0, 72.0, 72.0, 72.0, 72.0, 72.0, -999.0, 70.0, 70.0, 75.88, 73.29, 76.46, 76.43, 76.92, 76.85, 76.81], [72.0, 72.0, 72.0, 72.0, 72.0, 72.0, 72.0, 72.0, 72.0, 72.0, -999.0, 79.0, 79.0, 79.0, 74.05, 76.79, 76.73, 77.23, 77.12, 77.04], [72.0, 72.0, 72.0, 72.0, 72.0, 72.0, 72.0, 73.0, 73.0, 73.0, 73.0, 75.31, 79.0, 79.0, 79.0, 77.17, 77.05, 77.51, 77.37, 77.25], [72.0, 72.0, 72.63, 72.64, 72.66, 73.0, 73.0, 73.0, 73.0, 73.0, 76.78, 76.35, 76.93, 77.42, 76.86, 77.17, 76.89, 77.38, 76.6, 76.43], [72.64, 72.65, 72.35, 72.37, 73.0, 73.0, 73.0, 73.0, 73.0, 73.0, 75.58, 76.32, 77.11, 77.83, 77.73, 79.21, 79.29, 79.36, 79.42, 79.48], [72.36, 72.37, 72.39, 72.41, 73.0, 73.0, 73.0, 73.0, 73.0, 74.52, 75.33, 76.23, 77.17, 77.68, 78.81, 79.17, 79.28, 79.36, 79.43, 79.49], [72.38, 72.39, 72.42, 73.0, 73.0, 73.0, 73.0, 73.0, 73.54, 74.17, 75.47, 76.25, 76.45, 77.24, 79.15, 79.21, 79.29, 79.37, 79.44, 79.51], [72.39, 72.41, 75.29, 75.17, 75.03, 74.81, 74.49, 73.66, 74.01, 74.73, 75.5, 76.17, 76.09, 76.56, 79.23, 79.25, 79.3, 79.37, 79.47, 79.55], [75.44, 75.38, 75.31, 74.65, 74.57, 74.45, 74.3, 74.14, 74.87, 75.22, 75.7, 76.16, 75.76, 79.3, 79.26, 79.23, 79.25, 79.35, 79.49, 79.61], [74.86, 74.85, 74.82, 74.8, 74.76, 74.72, 74.69, 74.56, 75.48, 75.68, 75.95, 76.23, 76.75, 79.33, 79.24, 79.12, 79.06, 79.27, 79.55, 79.71], [74.94, 74.94, 74.94, 74.71, 74.73, 74.78, 74.85, 74.96, 75.1, 75.18, 75.15, 75.03, 78.67, 79.38, 79.24, 78.91, 78.44, 79.12, 79.75, 79.89], [74.71, 74.73, 74.76, 74.8, 74.85, 74.94, 75.09, 75.31, 75.58, 75.71, 75.54, 75.51, 78.65, 78.88, 78.98, 78.99, 76.68, 80.08, 80.32, 80.16], [74.75, 74.77, 74.81, 74.86, 74.94, 75.05, 75.24, 75.53, 76.03, 76.44, 75.85, 75.56, 75.24, 78.95, 79.21, 79.49, 80.86, 82.39, 80.85, 80.38], [74.77, 74.8, 74.84, 74.9, 74.98, 75.09, 75.27, 75.54, 75.99, 76.35, 75.89, 75.46, 75.19, 79.01, 79.35, 79.33, 80.16, 80.61, 80.75, 80.42], [74.79, 74.82, 74.86, 74.91, 74.98, 75.08, 75.2, 75.36, 75.52, 75.54, 75.42, 75.21, 75.07, 77.88, 78.48, 79.05, 79.56, 79.82, 79.75, 79.55], [74.8, 74.83, 74.87, 74.91, 74.96, 75.02, 75.08, 75.12, 75.1, 75.04, 74.86, 76.66, 77.49, 78.39, 78.17, 78.69, 79.08, 79.31, 79.35, 79.29], [74.81, 74.83, 74.86, 74.89, 74.93, 74.96, 74.97, 74.94, 74.81, 74.58, 74.72, 76.03, 77.1, 78.02, 77.87, 78.35, 78.71, 78.93, 79.03, 79.04], [74.81, 74.83, 74.85, 74.87, 74.89, 74.9, 74.89, 74.83, 76.23, 75.55, 75.15, 76.03, 76.99, 77.81, 77.66, 78.09, 78.42, 78.64, 78.76, 78.82], [74.8, 74.82, 74.84, 74.85, 74.86, 74.86, 74.83, 74.78, 76.45, 76.12, 76.06, 76.47, 77.11, 77.76, 77.53, 77.91, 78.2, 78.41, 78.55, 78.63], [74.8, 74.81, 74.82, 74.83, 74.83, 74.83, 74.8, 76.94, 76.74, 76.6, 76.63, 76.89, 77.32, 77.81, 77.47, 77.79, 78.05, 78.24, 78.38, 78.48]]}