gis_exercise/awsData/contour/humi_2023090507.json
{"header": {"refTime": "2023-09-05T07:00:00.000Z", "nx": 21, "ny": 33, "lo1": 113.509, "la1": 22.2235, "lo2": 113.5947, "la2": 22.1034, "dx": 0.0042850000000001385, "dy": 0.003753125000000024, "parameterCategory": 0, "parameterCategoryName": "Temperature", "parameterNumber": 0}, "z": [[69.81, 69.86, 69.92, 71.51, 71.49, 69.38, 69.46, 69.52, 69.47, 69.62, 69.28, 68.95, 67.5, 67.32, 66.68, 66.61, 65.79, 65.82, 65.85, 65.88], [69.77, 69.82, 69.89, 69.97, 71.49, 71.45, 69.61, 69.81, 69.9, 69.82, 69.27, 68.75, 67.26, 67.08, 66.49, 65.72, 65.78, 65.83, 65.86, 65.89], [69.73, 69.78, 69.84, 69.93, 71.49, 71.45, 71.39, 70.05, 70.74, 69.99, 69.14, 68.39, 66.84, 66.73, 65.59, 65.71, 65.79, 65.84, 65.88, 65.9], [69.67, 69.71, 69.78, 69.86, 69.98, 71.47, 71.42, 71.34, 71.27, 69.78, 68.86, 67.75, 66.12, 66.69, 65.55, 65.72, 65.81, 65.87, 65.9, 65.92], [69.6, 69.63, 69.68, 69.77, 69.88, 71.5, 71.48, 71.46, 71.49, 69.59, 68.71, 66.54, 65.08, 66.37, 65.58, 65.77, 65.86, 65.91, 65.93, 65.94], [69.51, 69.53, 69.57, 69.63, 69.74, 69.89, 71.51, 71.53, 71.61, 71.78, 68.54, 67.29, 66.12, 65.34, 65.74, 65.87, 65.93, 65.96, 65.96, 65.96], [68.79, 69.41, 69.42, 69.46, 69.55, 69.72, 70.5, 71.48, 71.56, 71.33, 71.34, 68.59, 66.28, 66.04, 65.98, 65.98, 65.99, 65.99, 65.63, 65.5], [68.71, 68.69, 68.68, 68.7, 68.79, 69.94, 70.32, 70.78, 71.05, 71.52, 72.25, 69.54, 69.51, 65.99, 66.74, 66.96, 66.52, 66.37, 66.61, 66.78], [69.29, 69.23, 68.52, 68.46, 68.44, 68.59, 69.08, 70.49, 71.64, 71.21, 71.08, 70.34, 69.98, 70.46, 66.8, 67.04, 66.79, 66.68, 66.74, 66.84], [67.0, 67.0, 67.0, 68.87, 68.61, 67.91, 68.39, 69.08, 72.14, 72.03, 69.96, 70.8, 70.53, 70.66, 66.8, 67.13, 66.96, 66.88, 66.88, 66.91], [67.0, 67.0, 67.0, 67.0, 67.0, 67.0, 67.0, 67.0, 68.42, 71.68, 73.0, 71.09, 70.87, 70.85, 66.78, 67.19, 67.07, 67.0, 66.99, 67.0], [67.0, 67.0, 67.0, 67.0, 67.0, 67.0, 67.0, 67.0, 67.0, -999.0, 73.0, 68.0, 68.0, 71.01, 66.76, 67.26, 67.19, 71.68, 71.55, 71.51], [67.0, 67.0, 67.0, 67.0, 67.0, 67.0, 67.0, 67.0, 67.0, 67.0, -999.0, 68.0, 68.0, 73.22, 70.93, 69.64, 69.57, 70.8, 70.62, 70.51], [67.0, 67.0, 67.0, 67.0, 67.0, 67.0, 67.0, 67.0, 67.0, 67.0, -999.0, 76.0, 76.0, 76.0, 71.6, 70.47, 70.31, 71.57, 71.3, 71.09], [67.0, 67.0, 67.0, 67.0, 67.0, 67.0, 67.0, 76.0, 76.0, 76.0, 76.0, 76.0, 76.0, 76.0, 76.0, 71.42, 71.12, 72.28, 71.92, 71.62], [67.0, 67.0, 72.66, 72.77, 72.94, 76.0, 76.0, 76.0, 76.0, 76.0, 76.0, 76.0, 76.0, 76.0, 76.0, 74.17, 73.89, 74.38, 72.05, 71.76], [72.78, 72.83, 70.17, 70.33, 76.0, 76.0, 76.0, 76.0, 76.0, 76.0, 76.0, 76.0, 76.0, 76.0, 75.44, 75.5, 75.33, 75.2, 75.12, 75.06], [70.21, 70.32, 70.48, 70.71, 76.0, 76.0, 76.0, 76.0, 76.0, 76.0, 76.0, 76.0, 76.0, 75.47, 75.91, 75.55, 75.3, 75.15, 75.06, 75.02], [70.39, 70.53, 70.74, 76.0, 76.0, 76.0, 76.0, 76.0, 76.0, 76.0, 75.81, 75.81, 75.1, 75.24, 75.58, 75.39, 75.18, 75.05, 74.98, 74.95], [70.51, 70.66, 75.43, 75.46, 75.49, 75.55, 75.63, 75.84, 75.89, 75.83, 75.78, 75.77, 74.89, 74.86, 75.23, 75.11, 74.97, 74.89, 74.87, 74.88], [75.39, 75.4, 75.42, 75.59, 75.61, 75.64, 75.67, 75.71, 75.76, 75.74, 75.72, 75.71, 74.63, 75.01, 74.93, 74.81, 74.71, 74.7, 74.75, 74.81], [75.53, 75.54, 75.54, 75.55, 75.56, 75.57, 75.58, 75.48, 75.64, 75.63, 75.63, 75.64, 74.08, 74.83, 74.69, 74.5, 74.38, 74.47, 74.65, 74.77], [75.52, 75.52, 75.52, 75.38, 75.39, 75.39, 75.38, 75.36, 75.33, 75.31, 75.3, 74.24, 74.56, 74.72, 74.53, 74.2, 73.81, 74.21, 74.65, 74.79], [75.35, 75.35, 75.35, 75.35, 75.34, 75.33, 75.3, 75.27, 75.22, 75.19, 75.21, 74.02, 74.59, 74.48, 74.33, 74.15, 72.63, 74.66, 74.9, 74.9], [75.34, 75.33, 75.33, 75.32, 75.3, 75.28, 75.25, 75.2, 75.13, 75.07, 75.14, 74.15, 73.79, 74.56, 74.48, 74.47, 75.12, 75.99, 75.2, 75.01], [75.32, 75.31, 75.3, 75.29, 75.27, 75.25, 75.22, 75.17, 75.11, 75.06, 74.52, 74.23, 73.91, 74.63, 74.62, 74.71, 75.02, 75.23, 75.17, 75.04], [75.31, 75.3, 75.29, 75.27, 75.25, 75.23, 75.2, 75.16, 75.13, 75.11, 74.49, 74.3, 74.03, 74.69, 74.7, 74.77, 74.89, 74.97, 74.94, 74.87], [75.3, 75.29, 75.27, 75.26, 75.24, 75.21, 75.19, 75.16, 75.13, 74.6, 74.58, 75.44, 75.64, 75.88, 74.74, 74.78, 74.83, 74.87, 74.87, 74.84], [75.29, 75.27, 75.26, 75.25, 75.23, 75.2, 75.18, 75.15, 75.12, 74.7, 75.12, 75.35, 75.58, 75.8, 74.77, 74.78, 74.8, 74.82, 74.82, 74.81], [75.28, 75.27, 75.25, 75.24, 75.22, 75.2, 75.18, 75.15, 75.35, 75.25, 75.2, 75.36, 75.56, 75.76, 74.78, 74.78, 74.79, 74.79, 74.79, 74.79], [75.27, 75.26, 75.25, 75.23, 75.22, 75.2, 75.18, 75.16, 75.41, 75.36, 75.36, 75.45, 75.59, 75.74, 74.78, 74.78, 74.78, 74.78, 74.78, 74.77], [75.27, 75.26, 75.25, 75.23, 75.22, 75.2, 75.18, 75.5, 75.47, 75.46, 75.48, 75.54, 75.64, 75.75, 74.78, 74.77, 74.77, 74.77, 74.77, 74.76]]}