gis_exercise/awsData/contour/humi_2023090414.json
{"header": {"refTime": "2023-09-04T14:00:00.000Z", "nx": 21, "ny": 33, "lo1": 113.509, "la1": 22.2235, "lo2": 113.5947, "la2": 22.1034, "dx": 0.0042850000000001385, "dy": 0.003753125000000024, "parameterCategory": 0, "parameterCategoryName": "Temperature", "parameterNumber": 0}, "z": [[56.52, 56.6, 56.69, 59.32, 59.26, 58.26, 58.23, 58.2, 58.19, 58.77, 58.85, 58.91, 58.48, 58.51, 58.86, 58.97, 59.6, 59.67, 59.72, 59.76], [56.48, 56.55, 56.65, 56.76, 59.26, 59.16, 58.22, 58.17, 58.14, 58.66, 58.81, 58.88, 58.47, 58.5, 58.86, 59.52, 59.63, 59.71, 59.77, 59.8], [56.41, 56.48, 56.58, 56.71, 59.28, 59.18, 59.01, 58.15, 58.04, 58.57, 58.82, 58.87, 58.45, 58.49, 59.36, 59.53, 59.68, 59.78, 59.84, 59.86], [56.32, 56.39, 56.49, 56.62, 56.79, 59.25, 59.11, 58.89, 58.68, 58.77, 58.92, 58.84, 58.39, 59.25, 59.33, 59.57, 59.76, 59.88, 59.93, 59.94], [56.22, 56.27, 56.36, 56.49, 56.66, 59.35, 59.29, 59.24, 59.27, 59.17, 59.15, 59.17, 58.5, 59.1, 59.35, 59.67, 59.92, 60.04, 60.07, 60.04], [56.09, 56.12, 56.18, 56.29, 56.47, 56.73, 59.45, 59.48, 59.62, 59.9, 60.08, 59.52, 58.98, 58.67, 59.48, 59.84, 60.16, 60.29, 60.23, 60.13], [55.13, 55.94, 55.96, 56.03, 56.19, 56.5, 58.01, 59.53, 59.68, 60.58, 60.91, 60.13, 59.14, 59.02, 59.65, 60.01, 60.48, 60.66, 60.45, 60.26], [54.99, 54.96, 54.94, 54.98, 55.14, 57.03, 57.69, 58.52, 59.4, 60.68, 61.53, 60.61, 60.6, 58.99, 60.63, 60.52, 60.74, 60.82, 60.69, 60.61], [56.01, 55.91, 54.67, 54.56, 54.53, 54.79, 55.64, 57.99, 59.96, 60.49, 61.23, 60.94, 60.79, 60.98, 60.6, 60.48, 60.61, 60.66, 60.63, 60.58], [52.0, 52.0, 52.0, 55.28, 54.81, 53.59, 54.44, 55.64, 60.71, 60.54, 60.78, 61.12, 61.01, 61.06, 60.6, 60.44, 60.52, 60.56, 60.56, 60.54], [52.0, 52.0, 52.0, 52.0, 52.0, 52.0, 52.0, 52.0, 54.48, 60.03, 62.0, 61.24, 61.15, 61.14, 60.61, 60.4, 60.46, 60.5, 60.51, 60.5], [52.0, 52.0, 52.0, 52.0, 52.0, 52.0, 52.0, 52.0, 52.0, -999.0, 62.0, 60.0, 60.0, 61.2, 60.62, 60.37, 60.41, 64.98, 64.88, 64.86], [52.0, 52.0, 52.0, 52.0, 52.0, 52.0, 52.0, 52.0, 52.0, 52.0, -999.0, 60.0, 60.0, 65.22, 62.93, 63.55, 63.5, 64.36, 64.24, 64.16], [52.0, 52.0, 52.0, 52.0, 52.0, 52.0, 52.0, 52.0, 52.0, 52.0, -999.0, 68.0, 68.0, 68.0, 63.6, 64.13, 64.02, 64.9, 64.71, 64.57], [52.0, 52.0, 52.0, 52.0, 52.0, 52.0, 52.0, 58.0, 58.0, 58.0, 58.0, 61.84, 68.0, 68.0, 68.0, 64.8, 64.59, 65.39, 65.14, 64.93], [52.0, 52.0, 55.78, 55.84, 55.96, 58.0, 58.0, 58.0, 58.0, 58.0, 64.29, 63.58, 64.55, 65.36, 64.44, 66.9, 66.73, 67.03, 65.37, 65.18], [55.85, 55.89, 54.12, 54.22, 58.0, 58.0, 58.0, 58.0, 58.0, 58.0, 62.3, 63.54, 64.85, 66.05, 66.47, 67.67, 67.56, 67.47, 67.42, 67.38], [54.14, 54.21, 54.32, 54.48, 58.0, 58.0, 58.0, 58.0, 58.0, 60.54, 61.88, 63.38, 64.94, 66.37, 67.78, 67.71, 67.54, 67.44, 67.38, 67.35], [54.26, 54.36, 54.49, 58.0, 58.0, 58.0, 58.0, 58.0, 58.9, 59.95, 61.44, 62.71, 64.72, 65.88, 67.73, 67.6, 67.46, 67.38, 67.33, 67.31], [54.34, 54.44, 59.71, 59.63, 59.52, 59.36, 59.12, 58.49, 59.27, 60.24, 61.37, 62.44, 64.35, 65.15, 67.5, 67.42, 67.33, 67.28, 67.26, 67.26], [59.83, 59.79, 59.73, 59.24, 59.18, 59.09, 58.98, 58.86, 60.26, 60.74, 61.45, 62.22, 64.07, 67.36, 67.31, 67.23, 67.16, 67.15, 67.18, 67.22], [59.4, 59.38, 59.37, 59.35, 59.32, 59.29, 59.27, 58.69, 60.82, 61.1, 61.54, 62.06, 64.76, 67.24, 67.15, 67.04, 66.96, 67.01, 67.11, 67.19], [59.45, 59.45, 59.45, 58.59, 58.64, 58.71, 58.8, 58.92, 59.05, 59.1, 59.03, 61.17, 64.7, 67.16, 67.05, 66.85, 66.62, 66.85, 67.1, 67.19], [58.49, 58.52, 58.55, 58.6, 58.67, 58.77, 58.92, 59.15, 59.43, 59.56, 59.33, 60.73, 64.58, 65.21, 65.73, 66.82, 65.93, 67.1, 67.24, 67.25], [58.48, 58.51, 58.55, 58.6, 58.67, 58.79, 58.97, 59.29, 59.85, 60.32, 59.59, 60.51, 60.79, 65.17, 65.75, 66.25, 67.36, 67.86, 67.41, 67.31], [58.47, 58.49, 58.52, 58.57, 58.64, 58.74, 58.9, 59.19, 59.72, 60.16, 60.23, 60.17, 60.43, 65.11, 65.68, 65.41, 66.11, 66.36, 67.4, 67.33], [58.45, 58.46, 58.49, 58.52, 58.57, 58.63, 58.72, 58.85, 59.0, 58.97, 59.52, 59.6, 59.96, 63.08, 64.04, 64.83, 65.38, 65.63, 65.59, 65.42], [58.42, 58.43, 58.44, 58.46, 58.47, 58.49, 58.49, 58.44, 58.29, 58.64, 58.38, 59.4, 60.31, 61.27, 63.43, 64.21, 64.74, 65.03, 65.11, 65.07], [58.39, 58.39, 58.39, 58.39, 58.38, 58.34, 58.27, 58.11, 57.78, 57.64, 56.93, 58.56, 59.82, 60.84, 62.9, 63.66, 64.19, 64.52, 64.68, 64.73], [58.36, 58.36, 58.35, 58.33, 58.29, 58.23, 58.12, 57.93, 58.89, 58.0, 57.46, 58.54, 59.66, 60.59, 62.52, 63.24, 63.75, 64.1, 64.31, 64.41], [58.33, 58.32, 58.3, 58.27, 58.23, 58.16, 58.04, 57.87, 59.13, 58.69, 58.59, 59.06, 59.8, 60.53, 62.3, 62.94, 63.42, 63.76, 63.99, 64.14], [58.31, 58.29, 58.27, 58.23, 58.18, 58.11, 58.01, 59.72, 59.46, 59.27, 59.27, 59.56, 60.04, 60.59, 62.2, 62.74, 63.18, 63.51, 63.74, 63.9]]}