gis_exercise/awsData/contour/humi_2023091201.json
{"header": {"refTime": "2023-09-12T01:00:00.000Z", "nx": 21, "ny": 33, "lo1": 113.509, "la1": 22.2235, "lo2": 113.5947, "la2": 22.1034, "dx": 0.0042850000000001385, "dy": 0.003753125000000024, "parameterCategory": 0, "parameterCategoryName": "Temperature", "parameterNumber": 0}, "z": [[93.09, 93.12, 93.15, 94.73, 94.7, 92.81, 92.89, 92.95, 92.94, 93.76, 93.63, 93.48, 91.93, 91.82, 91.49, 91.44, 90.89, 90.91, 90.93, 90.94], [93.07, 93.1, 93.13, 93.18, 94.69, 94.64, 92.98, 93.14, 93.23, 93.79, 93.59, 93.35, 91.79, 91.69, 91.38, 90.86, 90.89, 90.91, 90.93, 90.94], [93.04, 93.07, 93.1, 93.15, 94.68, 94.63, 94.55, 93.3, 93.81, 93.84, 93.52, 93.13, 91.56, 91.49, 90.8, 90.85, 90.89, 90.92, 90.94, 90.95], [93.01, 93.03, 93.06, 93.11, 93.17, 94.64, 94.58, 94.48, 94.39, 93.85, 93.44, 92.74, 91.16, 92.04, 90.78, 90.86, 90.91, 90.93, 90.95, 90.96], [92.98, 92.99, 93.01, 93.04, 93.09, 94.65, 94.62, 94.62, 94.7, 94.03, 93.51, 91.95, 90.81, 91.77, 90.79, 90.88, 90.93, 90.95, 90.96, 90.97], [92.93, 92.94, 92.95, 92.97, 93.0, 93.05, 94.61, 94.62, 94.81, 95.23, 93.61, 92.52, 91.57, 90.67, 90.87, 90.93, 90.97, 90.98, 90.98, 90.98], [92.45, 92.88, 92.88, 92.88, 92.9, 92.94, 94.02, 94.38, 94.55, 95.11, 95.5, 93.45, 91.14, 91.02, 90.99, 90.99, 90.99, 91.0, 90.82, 90.75], [92.43, 92.42, 92.42, 92.43, 92.45, 93.75, 93.85, 93.76, 93.51, 95.37, 96.9, 93.84, 93.81, 90.99, 91.37, 91.48, 91.26, 91.18, 91.31, 91.39], [92.57, 92.56, 92.38, 92.37, 92.36, 92.4, 92.52, 93.86, 94.59, 94.92, 95.69, 94.81, 94.38, 94.95, 91.4, 91.52, 91.39, 91.34, 91.37, 91.42], [92.0, 92.0, 92.0, 92.47, 92.4, 92.23, 92.35, 92.52, 95.84, 95.56, 94.35, 95.36, 95.04, 95.19, 91.4, 91.56, 91.48, 91.44, 91.44, 91.46], [92.0, 92.0, 92.0, 92.0, 92.0, 92.0, 92.0, 92.0, 92.35, 94.71, 98.0, 95.71, 95.44, 95.43, 91.39, 91.6, 91.54, 91.5, 91.49, 91.5], [92.0, 92.0, 92.0, 92.0, 92.0, 92.0, 92.0, 92.0, 92.0, -999.0, 98.0, 92.0, 92.0, 95.61, 91.38, 91.63, 91.59, 94.98, 94.88, 94.86], [92.0, 92.0, 92.0, 92.0, 92.0, 92.0, 92.0, 92.0, 92.0, 92.0, -999.0, 92.0, 92.0, 95.92, 94.19, 93.55, 93.5, 94.36, 94.24, 94.16], [92.0, 92.0, 92.0, 92.0, 92.0, 92.0, 92.0, 92.0, 92.0, 92.0, -999.0, 98.0, 98.0, 98.0, 94.7, 94.13, 94.02, 94.9, 94.71, 94.57], [92.0, 92.0, 92.0, 92.0, 92.0, 92.0, 92.0, 93.0, 93.0, 93.0, 93.0, 94.92, 98.0, 98.0, 98.0, 94.8, 94.59, 95.39, 95.14, 94.93], [92.0, 92.0, 92.63, 92.64, 92.66, 93.0, 93.0, 93.0, 93.0, 93.0, 96.15, 95.79, 96.27, 96.68, 96.22, 96.9, 96.73, 97.03, 95.37, 95.18], [92.64, 92.65, 92.35, 92.37, 93.0, 93.0, 93.0, 93.0, 93.0, 93.0, 95.15, 95.77, 96.42, 97.02, 97.07, 97.25, 96.99, 96.78, 96.63, 96.53], [92.36, 92.37, 92.39, 92.41, 93.0, 93.0, 93.0, 93.0, 93.0, 94.27, 94.94, 95.69, 96.47, 97.02, 97.86, 97.34, 96.96, 96.72, 96.56, 96.46], [92.38, 92.39, 92.42, 93.0, 93.0, 93.0, 93.0, 93.0, 93.45, 93.97, 95.0, 95.64, 96.09, 96.71, 97.39, 97.11, 96.8, 96.58, 96.45, 96.37], [92.39, 92.41, 94.71, 94.63, 94.52, 94.36, 94.12, 93.49, 93.8, 94.38, 95.01, 95.56, 95.84, 96.23, 96.89, 96.74, 96.54, 96.39, 96.3, 96.26], [94.83, 94.79, 94.73, 94.24, 94.18, 94.09, 93.98, 93.86, 94.48, 94.76, 95.15, 95.54, 95.62, 96.58, 96.51, 96.38, 96.24, 96.16, 96.13, 96.14], [94.4, 94.38, 94.37, 94.35, 94.32, 94.29, 94.27, 94.21, 94.95, 95.11, 95.33, 95.57, 96.39, 96.34, 96.22, 96.07, 95.95, 95.93, 95.97, 96.02], [94.45, 94.45, 94.45, 94.34, 94.36, 94.39, 94.44, 94.52, 94.62, 94.68, 94.67, 94.85, 95.67, 96.16, 96.02, 95.83, 95.65, 95.71, 95.84, 95.94], [94.36, 94.37, 94.39, 94.41, 94.45, 94.52, 94.62, 94.78, 94.98, 95.08, 94.95, 95.25, 95.68, 95.62, 95.56, 95.71, 95.3, 95.65, 95.8, 95.89], [94.39, 94.4, 94.43, 94.47, 94.52, 94.61, 94.74, 94.95, 95.31, 95.6, 95.19, 95.25, 95.13, 95.63, 95.58, 95.54, 95.72, 95.82, 95.82, 95.88], [94.41, 94.43, 94.46, 94.5, 94.56, 94.65, 94.77, 94.97, 95.29, 95.55, 95.38, 95.17, 95.07, 95.65, 95.61, 95.29, 95.41, 95.46, 95.85, 95.9], [94.43, 94.45, 94.48, 94.52, 94.57, 94.64, 94.73, 94.85, 94.97, 94.99, 95.08, 94.98, 94.96, 94.97, 95.1, 95.21, 95.3, 95.34, 95.33, 95.3], [94.44, 94.46, 94.49, 94.52, 94.56, 94.61, 94.66, 94.7, 94.69, 94.79, 94.68, 94.89, 95.04, 95.17, 95.02, 95.13, 95.21, 95.25, 95.26, 95.25], [94.44, 94.46, 94.49, 94.51, 94.54, 94.57, 94.59, 94.58, 94.5, 94.46, 94.25, 94.65, 94.91, 95.08, 94.95, 95.05, 95.13, 95.17, 95.2, 95.2], [94.45, 94.46, 94.48, 94.5, 94.52, 94.53, 94.53, 94.5, 94.78, 94.53, 94.38, 94.63, 94.86, 95.03, 94.89, 94.99, 95.07, 95.11, 95.14, 95.16], [94.45, 94.46, 94.47, 94.49, 94.5, 94.5, 94.5, 94.47, 94.81, 94.69, 94.65, 94.74, 94.89, 95.02, 94.86, 94.95, 95.02, 95.07, 95.1, 95.12], [94.44, 94.46, 94.47, 94.48, 94.48, 94.48, 94.47, 94.95, 94.88, 94.82, 94.8, 94.85, 94.94, 95.03, 94.85, 94.92, 94.98, 95.03, 95.06, 95.09]]}