gis_exercise/awsData/contour/humi_2023090203.json
{"header": {"refTime": "2023-09-02T03:00:00.000Z", "nx": 21, "ny": 33, "lo1": 113.509, "la1": 22.2235, "lo2": 113.5947, "la2": 22.1034, "dx": 0.0042850000000001385, "dy": 0.003753125000000024, "parameterCategory": 0, "parameterCategoryName": "Temperature", "parameterNumber": 0}, "z": [[96.4, 96.43, 96.46, 97.51, 97.49, 96.3, 96.34, 96.37, 96.35, 96.63, 96.51, 96.38, 95.81, 95.75, 95.76, 95.81, 95.87, 95.94, 95.99, 96.02], [96.39, 96.41, 96.45, 96.49, 97.49, 97.45, 96.4, 96.49, 96.53, 96.68, 96.49, 96.29, 95.7, 95.64, 95.68, 95.78, 95.89, 95.97, 96.02, 96.06], [96.36, 96.39, 96.42, 96.47, 97.49, 97.45, 97.39, 96.59, 96.89, 96.73, 96.44, 96.13, 95.5, 95.48, 95.62, 95.79, 95.93, 96.02, 96.08, 96.11], [96.33, 96.36, 96.39, 96.43, 96.49, 97.47, 97.42, 97.34, 97.27, 96.7, 96.35, 95.85, 95.16, 95.67, 95.58, 95.82, 96.0, 96.11, 96.16, 96.18], [96.3, 96.32, 96.34, 96.38, 96.44, 97.5, 97.48, 97.46, 97.49, 96.73, 96.35, 95.56, 94.67, 95.48, 95.6, 95.92, 96.14, 96.25, 96.27, 96.26], [96.26, 96.27, 96.28, 96.32, 96.37, 96.45, 97.51, 97.53, 97.61, 97.78, 96.73, 96.03, 95.33, 95.0, 95.76, 96.08, 96.34, 96.45, 96.41, 96.34], [95.89, 96.21, 96.21, 96.23, 96.27, 96.36, 97.01, 97.48, 97.56, 97.92, 98.1, 96.86, 95.71, 95.53, 95.98, 96.25, 96.61, 96.74, 96.45, 96.26], [95.86, 95.85, 95.84, 95.85, 95.9, 96.7, 96.88, 97.07, 97.23, 98.01, 98.61, 97.61, 97.6, 95.49, 97.0, 97.0, 97.0, 97.0, 97.0, 97.0], [96.15, 96.12, 95.76, 95.73, 95.72, 95.8, 96.04, 96.96, 97.64, 97.85, 98.23, 97.94, 97.79, 97.98, 97.0, 97.0, 97.0, 97.0, 97.0, 97.0], [95.0, 95.0, 95.0, 95.94, 95.8, 95.45, 95.7, 96.04, 98.14, 98.03, 97.78, 98.12, 98.01, 98.06, 97.0, 97.0, 97.0, 97.0, 97.0, 97.0], [95.0, 95.0, 95.0, 95.0, 95.0, 95.0, 95.0, 95.0, 95.71, 97.68, 99.0, 98.24, 98.15, 98.14, 97.0, 97.0, 97.0, 97.0, 97.0, 97.0], [95.0, 95.0, 95.0, 95.0, 95.0, 95.0, 95.0, 95.0, 95.0, -999.0, 99.0, 97.0, 97.0, 98.2, 97.0, 97.0, 97.0, 98.14, 98.11, 98.1], [95.0, 95.0, 95.0, 95.0, 95.0, 95.0, 95.0, 95.0, 95.0, 95.0, -999.0, 97.0, 97.0, 98.31, 97.73, 97.73, 97.71, 97.96, 97.92, 97.9], [95.0, 95.0, 95.0, 95.0, 95.0, 95.0, 95.0, 95.0, 95.0, 95.0, -999.0, 99.0, 99.0, 99.0, 97.9, 97.89, 97.86, 98.11, 98.06, 98.02], [95.0, 95.0, 95.0, 95.0, 95.0, 95.0, 95.0, 96.0, 96.0, 96.0, 96.0, 97.15, 99.0, 99.0, 99.0, 98.08, 98.02, 98.26, 98.18, 98.12], [95.0, 95.0, 95.63, 95.64, 95.66, 96.0, 96.0, 96.0, 96.0, 96.0, 97.89, 97.67, 97.96, 98.21, 97.93, 99.0, 99.0, 99.0, 98.48, 98.44], [95.64, 95.65, 95.35, 95.37, 96.0, 96.0, 96.0, 96.0, 96.0, 96.0, 97.29, 97.66, 98.05, 98.41, 98.64, 99.0, 99.0, 99.0, 99.0, 99.0], [95.36, 95.37, 95.39, 95.41, 96.0, 96.0, 96.0, 96.0, 96.0, 96.76, 97.16, 97.61, 98.08, 98.61, 98.95, 99.0, 99.0, 99.0, 99.0, 99.0], [95.38, 95.39, 95.42, 96.0, 96.0, 96.0, 96.0, 96.0, 96.27, 96.58, 97.61, 98.01, 98.18, 98.5, 99.0, 99.0, 99.0, 99.0, 99.0, 99.0], [95.39, 95.41, 98.29, 98.17, 98.03, 97.81, 97.49, 96.66, 96.73, 97.21, 97.69, 98.04, 98.1, 98.35, 99.0, 99.0, 99.0, 99.0, 99.0, 99.0], [98.44, 98.38, 98.31, 97.65, 97.57, 97.45, 97.3, 97.14, 97.41, 97.63, 97.92, 98.15, 98.07, 99.0, 99.0, 99.0, 99.0, 99.0, 99.0, 99.0], [97.86, 97.85, 97.82, 97.8, 97.76, 97.72, 97.69, 97.39, 97.96, 98.09, 98.22, 98.33, 99.33, 99.0, 99.0, 99.0, 99.0, 99.0, 99.0, 99.0], [97.94, 97.94, 97.94, 97.46, 97.49, 97.55, 97.64, 97.76, 97.91, 97.99, 97.94, 98.56, 99.37, 99.0, 99.0, 99.0, 99.0, 99.0, 99.0, 99.0], [97.43, 97.45, 97.48, 97.52, 97.59, 97.69, 97.85, 98.09, 98.4, 98.54, 98.33, 98.76, 99.39, 99.28, 99.19, 99.0, 99.0, 99.0, 99.0, 99.0], [97.45, 97.48, 97.51, 97.57, 97.65, 97.78, 97.98, 98.31, 98.87, 99.35, 98.65, 98.72, 98.56, 99.3, 99.2, 99.12, 99.0, 99.0, 99.0, 99.0], [97.46, 97.49, 97.53, 97.59, 97.67, 97.79, 97.98, 98.28, 98.8, 99.22, 98.88, 98.53, 98.4, 99.31, 99.22, 98.54, 98.68, 98.72, 99.0, 99.0], [97.47, 97.49, 97.53, 97.58, 97.65, 97.74, 97.86, 98.02, 98.2, 98.2, 98.28, 98.14, 98.15, 97.93, 98.18, 98.38, 98.51, 98.56, 98.56, 98.52], [97.46, 97.49, 97.52, 97.56, 97.6, 97.65, 97.69, 97.71, 97.63, 97.68, 97.47, 97.63, 97.86, 98.05, 98.02, 98.22, 98.35, 98.42, 98.44, 98.44], [97.46, 97.48, 97.5, 97.52, 97.54, 97.55, 97.53, 97.45, 97.24, 97.0, 96.46, 97.18, 97.62, 97.9, 97.87, 98.07, 98.21, 98.29, 98.33, 98.35], [97.45, 97.46, 97.47, 97.48, 97.48, 97.47, 97.42, 97.3, 97.44, 96.97, 96.69, 97.13, 97.54, 97.81, 97.77, 97.96, 98.09, 98.18, 98.24, 98.27], [97.43, 97.44, 97.45, 97.44, 97.43, 97.41, 97.35, 97.25, 97.49, 97.26, 97.17, 97.33, 97.58, 97.79, 97.71, 97.88, 98.01, 98.1, 98.16, 98.2], [97.42, 97.42, 97.42, 97.42, 97.4, 97.37, 97.32, 97.74, 97.6, 97.48, 97.45, 97.52, 97.66, 97.81, 97.68, 97.83, 97.94, 98.03, 98.09, 98.14]]}