gis_exercise/awsData/contour/humi_2023090901.json
{"header": {"refTime": "2023-09-09T01:00:00.000Z", "nx": 21, "ny": 33, "lo1": 113.509, "la1": 22.2235, "lo2": 113.5947, "la2": 22.1034, "dx": 0.0042850000000001385, "dy": 0.003753125000000024, "parameterCategory": 0, "parameterCategoryName": "Temperature", "parameterNumber": 0}, "z": [[93.09, 93.12, 93.15, 94.47, 94.45, 92.58, 92.67, 92.74, 92.72, 93.32, 93.11, 92.89, 91.05, 90.89, 90.79, 90.72, 89.62, 89.65, 89.66, 89.67], [93.07, 93.1, 93.13, 93.18, 94.44, 94.41, 92.78, 92.97, 93.07, 93.41, 93.08, 92.74, 90.89, 90.73, 90.65, 89.59, 89.63, 89.66, 89.67, 89.69], [93.04, 93.07, 93.1, 93.15, 94.43, 94.4, 94.35, 93.17, 93.78, 93.51, 92.99, 92.48, 90.61, 90.49, 89.54, 89.6, 89.64, 89.67, 89.69, 89.7], [93.01, 93.03, 93.06, 93.11, 93.17, 94.4, 94.37, 94.31, 94.26, 93.43, 92.83, 92.01, 90.15, 90.81, 89.53, 89.61, 89.67, 89.7, 89.72, 89.73], [92.98, 92.99, 93.01, 93.04, 93.09, 94.4, 94.38, 94.39, 94.46, 93.45, 92.82, 90.76, 89.72, 90.56, 89.53, 89.64, 89.71, 89.75, 89.76, 89.75], [92.93, 92.94, 92.95, 92.97, 93.0, 93.05, 94.35, 94.36, 94.51, 94.84, 92.34, 91.27, 90.37, 89.33, 89.59, 89.69, 89.78, 89.82, 89.8, 89.78], [92.45, 92.88, 92.88, 92.88, 92.9, 92.94, 93.76, 94.14, 94.27, 94.26, 94.44, 92.05, 89.57, 89.51, 89.66, 89.75, 89.87, 89.91, 89.82, 89.75], [92.43, 92.42, 92.42, 92.43, 92.45, 93.53, 93.62, 93.58, 93.28, 94.54, 95.86, 92.15, 92.11, 89.5, 90.0, 90.0, 90.0, 90.0, 90.0, 90.0], [92.57, 92.56, 92.38, 92.37, 92.36, 92.4, 92.52, 93.64, 94.27, 94.06, 94.31, 93.28, 92.78, 93.44, 90.0, 90.0, 90.0, 90.0, 90.0, 90.0], [92.0, 92.0, 92.0, 92.47, 92.4, 92.23, 92.35, 92.52, 95.27, 95.05, 92.74, 93.92, 93.54, 93.72, 90.0, 90.0, 90.0, 90.0, 90.0, 90.0], [92.0, 92.0, 92.0, 92.0, 92.0, 92.0, 92.0, 92.0, 92.35, 94.37, 97.0, 94.33, 94.02, 94.0, 90.0, 90.0, 90.0, 90.0, 90.0, 90.0], [92.0, 92.0, 92.0, 92.0, 92.0, 92.0, 92.0, 92.0, 92.0, -999.0, 97.0, 90.0, 90.0, 94.21, 90.0, 90.0, 90.0, 94.55, 94.44, 94.41], [92.0, 92.0, 92.0, 92.0, 92.0, 92.0, 92.0, 92.0, 92.0, 92.0, -999.0, 90.0, 90.0, 95.22, 92.93, 92.91, 92.85, 93.84, 93.7, 93.61], [92.0, 92.0, 92.0, 92.0, 92.0, 92.0, 92.0, 92.0, 92.0, 92.0, -999.0, 98.0, 98.0, 98.0, 93.6, 93.58, 93.45, 94.46, 94.24, 94.08], [92.0, 92.0, 92.0, 92.0, 92.0, 92.0, 92.0, 93.0, 93.0, 93.0, 93.0, 94.92, 98.0, 98.0, 98.0, 94.34, 94.1, 95.02, 94.73, 94.5], [92.0, 92.0, 92.63, 92.64, 92.66, 93.0, 93.0, 93.0, 93.0, 93.0, 96.15, 95.79, 96.27, 96.68, 96.22, 96.53, 96.31, 96.7, 94.84, 94.61], [92.64, 92.65, 92.35, 92.37, 93.0, 93.0, 93.0, 93.0, 93.0, 93.0, 95.15, 95.77, 96.42, 97.02, 96.96, 97.1, 96.78, 96.53, 96.35, 96.23], [92.36, 92.37, 92.39, 92.41, 93.0, 93.0, 93.0, 93.0, 93.0, 94.27, 94.94, 95.69, 96.47, 96.92, 97.85, 97.2, 96.74, 96.45, 96.27, 96.15], [92.38, 92.39, 92.42, 93.0, 93.0, 93.0, 93.0, 93.0, 93.45, 93.97, 95.0, 95.64, 95.91, 96.56, 97.26, 96.93, 96.55, 96.29, 96.13, 96.04], [92.39, 92.41, 94.71, 94.63, 94.52, 94.36, 94.12, 93.49, 93.8, 94.38, 95.01, 95.56, 95.62, 96.0, 96.66, 96.47, 96.23, 96.05, 95.95, 95.9], [94.83, 94.79, 94.73, 94.24, 94.18, 94.09, 93.98, 93.86, 94.48, 94.76, 95.15, 95.54, 95.35, 96.28, 96.19, 96.03, 95.86, 95.77, 95.75, 95.76], [94.4, 94.38, 94.37, 94.35, 94.32, 94.29, 94.27, 94.39, 94.95, 95.11, 95.33, 95.57, 96.07, 95.99, 95.84, 95.64, 95.49, 95.48, 95.55, 95.62], [94.45, 94.45, 94.45, 94.6, 94.6, 94.62, 94.65, 94.72, 94.81, 94.87, 94.88, 94.59, 95.33, 95.77, 95.59, 95.33, 95.08, 95.2, 95.4, 95.53], [94.65, 94.65, 94.67, 94.68, 94.72, 94.77, 94.86, 94.99, 95.16, 95.25, 95.16, 95.26, 95.36, 95.24, 95.11, 95.19, 94.54, 95.19, 95.38, 95.49], [94.69, 94.7, 94.73, 94.76, 94.81, 94.88, 95.0, 95.18, 95.46, 95.7, 95.38, 95.31, 95.11, 95.27, 95.16, 95.09, 95.32, 95.54, 95.45, 95.5], [94.72, 94.74, 94.77, 94.81, 94.87, 94.95, 95.06, 95.23, 95.48, 95.68, 95.51, 95.29, 95.13, 95.31, 95.22, 95.04, 95.13, 95.19, 95.48, 95.52], [94.75, 94.78, 94.81, 94.85, 94.91, 94.98, 95.07, 95.18, 95.3, 95.33, 95.35, 95.23, 95.12, 95.0, 95.02, 95.05, 95.09, 95.11, 95.11, 95.08], [94.78, 94.8, 94.83, 94.87, 94.92, 94.98, 95.05, 95.12, 95.16, 95.24, 95.18, 95.44, 95.52, 95.59, 95.02, 95.04, 95.06, 95.08, 95.08, 95.07], [94.79, 94.82, 94.85, 94.89, 94.93, 94.98, 95.02, 95.06, 95.08, 95.12, 95.12, 95.32, 95.45, 95.54, 95.02, 95.04, 95.05, 95.06, 95.06, 95.06], [94.81, 94.83, 94.86, 94.89, 94.93, 94.97, 95.0, 95.03, 95.39, 95.26, 95.19, 95.31, 95.43, 95.52, 95.02, 95.03, 95.04, 95.04, 95.05, 95.05], [94.82, 94.84, 94.86, 94.89, 94.92, 94.95, 94.98, 95.0, 95.41, 95.35, 95.32, 95.37, 95.44, 95.51, 95.02, 95.03, 95.03, 95.04, 95.04, 95.04], [94.82, 94.84, 94.87, 94.89, 94.92, 94.94, 94.96, 95.48, 95.44, 95.41, 95.4, 95.43, 95.47, 95.52, 95.02, 95.02, 95.03, 95.03, 95.03, 95.03]]}