gis_exercise/awsData/contour/humi_2023091119.json
{"header": {"refTime": "2023-09-11T19:00:00.000Z", "nx": 21, "ny": 33, "lo1": 113.509, "la1": 22.2235, "lo2": 113.5947, "la2": 22.1034, "dx": 0.0042850000000001385, "dy": 0.003753125000000024, "parameterCategory": 0, "parameterCategoryName": "Temperature", "parameterNumber": 0}, "z": [[94.18, 94.23, 94.31, 96.18, 96.17, 94.09, 94.22, 94.33, 94.32, 95.06, 94.8, 94.53, 92.66, 92.48, 92.09, 92.0, 90.89, 90.91, 90.93, 90.94], [94.14, 94.19, 94.27, 94.36, 96.15, 96.15, 94.36, 94.63, 94.77, 95.2, 94.77, 94.36, 92.46, 92.28, 91.93, 90.86, 90.89, 90.91, 90.93, 90.94], [94.09, 94.14, 94.21, 94.3, 96.13, 96.13, 96.12, 94.88, 95.7, 95.32, 94.67, 94.04, 92.11, 91.99, 90.8, 90.85, 90.89, 90.92, 90.94, 90.95], [94.02, 94.07, 94.13, 94.21, 94.33, 96.1, 96.1, 96.1, 96.11, 95.2, 94.46, 93.48, 91.54, 92.23, 90.78, 90.86, 90.91, 90.93, 90.95, 90.96], [93.95, 93.98, 94.02, 94.09, 94.19, 96.05, 96.05, 96.08, 96.17, 95.16, 94.41, 92.15, 90.89, 91.94, 90.79, 90.88, 90.93, 90.95, 90.96, 90.97], [93.87, 93.88, 93.9, 93.94, 94.01, 94.1, 95.93, 95.93, 96.1, 96.5, 94.0, 92.77, 91.72, 90.67, 90.87, 90.93, 90.97, 90.98, 90.98, 90.98], [92.89, 93.77, 93.76, 93.77, 93.81, 93.88, 94.77, 95.56, 95.7, 95.91, 96.24, 93.78, 91.14, 91.02, 90.99, 90.99, 90.99, 91.0, 90.82, 90.75], [92.86, 92.85, 92.84, 92.85, 92.9, 94.37, 94.56, 94.61, 94.45, 96.21, 97.78, 94.15, 94.11, 90.99, 91.37, 91.48, 91.26, 91.18, 91.31, 91.39], [93.15, 93.12, 92.76, 92.73, 92.72, 92.8, 93.04, 94.62, 95.59, 95.7, 96.31, 95.28, 94.78, 95.44, 91.4, 91.52, 91.39, 91.34, 91.37, 91.42], [92.0, 92.0, 92.0, 92.94, 92.8, 92.45, 92.7, 93.04, 96.84, 96.56, 94.74, 95.92, 95.54, 95.72, 91.4, 91.56, 91.48, 91.44, 91.44, 91.46], [92.0, 92.0, 92.0, 92.0, 92.0, 92.0, 92.0, 92.0, 92.71, 95.71, 99.0, 96.33, 96.02, 96.0, 91.39, 91.6, 91.54, 91.5, 91.49, 91.5], [92.0, 92.0, 92.0, 92.0, 92.0, 92.0, 92.0, 92.0, 92.0, -999.0, 99.0, 92.0, 92.0, 96.21, 91.38, 91.63, 91.59, 95.55, 95.44, 95.41], [92.0, 92.0, 92.0, 92.0, 92.0, 92.0, 92.0, 92.0, 92.0, 92.0, -999.0, 92.0, 92.0, 96.57, 94.56, 93.91, 93.85, 94.84, 94.7, 94.61], [92.0, 92.0, 92.0, 92.0, 92.0, 92.0, 92.0, 92.0, 92.0, 92.0, -999.0, 99.0, 99.0, 99.0, 95.15, 94.58, 94.45, 95.46, 95.24, 95.08], [92.0, 92.0, 92.0, 92.0, 92.0, 92.0, 92.0, 94.0, 94.0, 94.0, 94.0, 95.92, 99.0, 99.0, 99.0, 95.34, 95.1, 96.02, 95.73, 95.5], [92.0, 92.0, 93.26, 93.28, 93.32, 94.0, 94.0, 94.0, 94.0, 94.0, 97.15, 96.79, 97.27, 97.68, 97.22, 97.17, 96.89, 97.38, 95.56, 95.31], [93.28, 93.3, 92.71, 92.74, 94.0, 94.0, 94.0, 94.0, 94.0, 94.0, 96.15, 96.77, 97.42, 98.02, 97.85, 97.94, 97.57, 97.28, 97.07, 96.93], [92.71, 92.74, 92.77, 92.83, 94.0, 94.0, 94.0, 94.0, 94.0, 95.27, 95.94, 96.69, 97.47, 97.81, 98.83, 98.06, 97.53, 97.19, 96.97, 96.83], [92.75, 92.79, 92.83, 94.0, 94.0, 94.0, 94.0, 94.0, 94.45, 94.97, 96.0, 96.64, 96.73, 97.41, 98.13, 97.74, 97.29, 96.99, 96.81, 96.7], [92.78, 92.81, 95.71, 95.63, 95.52, 95.36, 95.12, 94.49, 94.8, 95.38, 96.01, 96.56, 96.39, 96.78, 97.42, 97.2, 96.91, 96.71, 96.6, 96.55], [95.83, 95.79, 95.73, 95.24, 95.18, 95.09, 94.98, 94.86, 95.48, 95.76, 96.15, 96.54, 96.08, 96.98, 96.87, 96.67, 96.48, 96.38, 96.36, 96.38], [95.4, 95.38, 95.37, 95.35, 95.32, 95.29, 95.27, 95.04, 95.95, 96.11, 96.33, 96.57, 96.75, 96.63, 96.45, 96.21, 96.03, 96.03, 96.13, 96.22], [95.45, 95.45, 95.45, 95.09, 95.12, 95.16, 95.23, 95.32, 95.43, 95.49, 95.46, 95.33, 96.0, 96.38, 96.15, 95.83, 95.51, 95.69, 95.96, 96.12], [95.07, 95.09, 95.11, 95.14, 95.19, 95.27, 95.39, 95.57, 95.8, 95.91, 95.75, 95.51, 96.05, 95.86, 95.67, 95.67, 94.79, 95.72, 95.97, 96.09], [95.09, 95.11, 95.14, 95.18, 95.24, 95.33, 95.48, 95.73, 96.15, 96.51, 95.99, 95.56, 95.24, 95.9, 95.75, 95.63, 95.93, 96.27, 96.07, 96.11], [95.1, 95.12, 95.15, 95.19, 95.25, 95.34, 95.48, 95.71, 96.1, 96.42, 95.89, 95.46, 95.19, 95.96, 95.84, 95.33, 95.54, 95.65, 96.11, 96.14], [95.1, 95.12, 95.15, 95.19, 95.24, 95.3, 95.4, 95.52, 95.65, 95.65, 95.42, 95.21, 95.07, 94.97, 95.12, 95.26, 95.39, 95.45, 95.44, 95.39], [95.1, 95.12, 95.14, 95.17, 95.2, 95.23, 95.27, 95.28, 95.22, 95.04, 94.86, 95.33, 95.56, 95.76, 95.04, 95.17, 95.27, 95.33, 95.34, 95.32], [95.09, 95.11, 95.12, 95.14, 95.15, 95.16, 95.15, 95.09, 94.93, 94.58, 94.37, 94.97, 95.36, 95.62, 94.97, 95.09, 95.18, 95.23, 95.26, 95.26], [95.08, 95.09, 95.1, 95.11, 95.11, 95.1, 95.06, 94.98, 95.17, 94.79, 94.56, 94.94, 95.29, 95.55, 94.91, 95.02, 95.1, 95.16, 95.19, 95.2], [95.08, 95.08, 95.08, 95.08, 95.08, 95.05, 95.01, 94.94, 95.22, 95.04, 94.97, 95.11, 95.33, 95.53, 94.88, 94.98, 95.05, 95.1, 95.14, 95.16], [95.07, 95.07, 95.07, 95.06, 95.05, 95.03, 94.99, 95.43, 95.32, 95.23, 95.2, 95.28, 95.41, 95.55, 94.87, 94.95, 95.01, 95.06, 95.1, 95.12]]}