gis_exercise/awsData/contour/humi_2023090721.json
{"header": {"refTime": "2023-09-07T21:00:00.000Z", "nx": 21, "ny": 33, "lo1": 113.509, "la1": 22.2235, "lo2": 113.5947, "la2": 22.1034, "dx": 0.0042850000000001385, "dy": 0.003753125000000024, "parameterCategory": 0, "parameterCategoryName": "Temperature", "parameterNumber": 0}, "z": [[94.92, 94.99, 95.08, 96.48, 96.56, 95.29, 95.51, 95.73, 95.79, 96.93, 96.68, 96.43, 95.29, 95.15, 95.08, 95.05, 94.25, 94.29, 94.32, 94.35], [94.87, 94.93, 95.02, 95.15, 96.52, 96.65, 95.66, 96.11, 96.38, 97.08, 96.67, 96.3, 95.12, 94.98, 94.94, 94.19, 94.26, 94.31, 94.35, 94.37], [94.81, 94.86, 94.94, 95.05, 96.44, 96.58, 96.81, 96.4, 97.6, 97.22, 96.59, 96.04, 94.83, 94.74, 94.08, 94.19, 94.28, 94.35, 94.39, 94.41], [94.74, 94.77, 94.83, 94.91, 95.04, 96.41, 96.6, 96.94, 97.26, 97.05, 96.37, 95.59, 94.35, 94.64, 94.05, 94.22, 94.33, 94.41, 94.44, 94.45], [94.66, 94.67, 94.7, 94.74, 94.8, 96.15, 96.22, 96.37, 96.55, 96.86, 96.24, 94.56, 93.66, 94.44, 94.07, 94.28, 94.42, 94.5, 94.52, 94.5], [94.58, 94.57, 94.56, 94.56, 94.55, 94.52, 95.74, 95.69, 95.88, 96.36, 95.85, 95.02, 94.28, 93.67, 94.17, 94.39, 94.56, 94.64, 94.61, 94.56], [93.11, 94.47, 94.44, 94.39, 94.32, 94.2, 94.28, 94.78, 94.88, 95.82, 96.62, 95.79, 94.14, 94.02, 94.32, 94.5, 94.74, 94.83, 94.63, 94.5], [93.14, 93.15, 93.16, 93.15, 93.1, 94.34, 94.15, 93.56, 92.97, 96.04, 97.97, 96.23, 96.21, 93.99, 95.0, 95.0, 95.0, 95.0, 95.0, 95.0], [92.85, 92.88, 93.24, 93.27, 93.28, 93.2, 92.96, 94.01, 94.23, 95.62, 97.46, 96.87, 96.59, 96.97, 95.0, 95.0, 95.0, 95.0, 95.0, 95.0], [94.0, 94.0, 94.0, 93.06, 93.2, 93.55, 93.3, 92.96, 95.98, 95.59, 96.57, 97.24, 97.02, 97.13, 95.0, 95.0, 95.0, 95.0, 95.0, 95.0], [94.0, 94.0, 94.0, 94.0, 94.0, 94.0, 94.0, 94.0, 93.29, 94.39, 99.0, 97.48, 97.3, 97.28, 95.0, 95.0, 95.0, 95.0, 95.0, 95.0], [94.0, 94.0, 94.0, 94.0, 94.0, 94.0, 94.0, 94.0, 94.0, -999.0, 99.0, 95.0, 95.0, 97.41, 95.0, 95.0, 95.0, 97.27, 97.22, 97.2], [94.0, 94.0, 94.0, 94.0, 94.0, 94.0, 94.0, 94.0, 94.0, 94.0, -999.0, 95.0, 95.0, 97.61, 96.46, 96.46, 96.43, 96.92, 96.85, 96.81], [94.0, 94.0, 94.0, 94.0, 94.0, 94.0, 94.0, 94.0, 94.0, 94.0, -999.0, 99.0, 99.0, 99.0, 96.8, 96.79, 96.73, 97.23, 97.12, 97.04], [94.0, 94.0, 94.0, 94.0, 94.0, 94.0, 94.0, 95.0, 95.0, 95.0, 95.0, 96.54, 99.0, 99.0, 99.0, 97.17, 97.05, 97.51, 97.37, 97.25], [94.0, 94.0, 94.63, 94.64, 94.66, 95.0, 95.0, 95.0, 95.0, 95.0, 97.52, 97.23, 97.62, 97.95, 97.57, 98.27, 98.16, 98.35, 97.42, 97.3], [94.64, 94.65, 94.35, 94.37, 95.0, 95.0, 95.0, 95.0, 95.0, 95.0, 96.72, 97.22, 97.74, 98.22, 98.3, 98.69, 98.58, 98.5, 98.44, 98.4], [94.36, 94.37, 94.39, 94.41, 95.0, 95.0, 95.0, 95.0, 95.0, 96.02, 96.55, 97.15, 97.78, 98.26, 98.9, 98.72, 98.57, 98.47, 98.41, 98.37], [94.38, 94.39, 94.42, 95.0, 95.0, 95.0, 95.0, 95.0, 95.36, 95.78, 96.52, 97.04, 97.54, 98.03, 98.74, 98.63, 98.5, 98.41, 98.36, 98.33], [94.39, 94.41, 96.14, 96.09, 96.01, 95.91, 95.75, 95.33, 95.6, 96.04, 96.52, 96.96, 97.36, 97.68, 98.53, 98.46, 98.38, 98.32, 98.29, 98.29], [96.22, 96.19, 96.15, 95.83, 95.79, 95.73, 95.65, 95.57, 96.09, 96.31, 96.61, 96.92, 97.21, 98.4, 98.36, 98.3, 98.24, 98.21, 98.22, 98.24], [95.93, 95.92, 95.91, 95.9, 95.88, 95.86, 95.84, 95.69, 96.41, 96.54, 96.72, 96.91, 97.71, 98.29, 98.23, 98.14, 98.08, 98.1, 98.15, 98.2], [95.97, 95.97, 95.97, 95.73, 95.75, 95.77, 95.82, 95.88, 95.95, 95.99, 95.97, 96.41, 97.59, 98.22, 98.14, 98.01, 97.86, 97.98, 98.12, 98.18], [95.71, 95.72, 95.74, 95.76, 95.8, 95.85, 95.93, 96.05, 96.2, 96.27, 96.16, 96.5, 97.58, 97.67, 97.74, 97.96, 97.48, 98.08, 98.17, 98.2], [95.72, 95.74, 95.76, 95.79, 95.83, 95.89, 95.99, 96.16, 96.44, 96.67, 96.32, 96.46, 96.43, 97.68, 97.77, 97.86, 98.21, 98.45, 98.25, 98.22], [95.73, 95.75, 95.77, 95.79, 95.84, 95.9, 95.99, 96.14, 96.4, 96.61, 96.5, 96.36, 96.34, 97.68, 97.78, 97.58, 97.82, 97.92, 98.26, 98.24], [95.73, 95.75, 95.77, 95.79, 95.82, 95.87, 95.93, 96.01, 96.1, 96.1, 96.2, 96.16, 96.2, 96.93, 97.2, 97.43, 97.6, 97.68, 97.66, 97.61], [95.73, 95.74, 95.76, 95.78, 95.8, 95.82, 95.85, 95.85, 95.81, 95.89, 95.78, 96.18, 96.47, 96.76, 97.04, 97.26, 97.41, 97.5, 97.52, 97.51], [95.73, 95.74, 95.75, 95.76, 95.77, 95.77, 95.77, 95.73, 95.62, 95.53, 95.33, 95.88, 96.29, 96.62, 96.89, 97.11, 97.26, 97.35, 97.39, 97.41], [95.72, 95.73, 95.74, 95.74, 95.74, 95.73, 95.71, 95.65, 96.02, 95.7, 95.51, 95.87, 96.24, 96.53, 96.79, 96.99, 97.13, 97.23, 97.29, 97.32], [95.72, 95.72, 95.72, 95.72, 95.72, 95.7, 95.67, 95.62, 96.09, 95.93, 95.89, 96.04, 96.28, 96.52, 96.73, 96.9, 97.04, 97.13, 97.2, 97.24], [95.71, 95.71, 95.71, 95.71, 95.7, 95.68, 95.66, 96.29, 96.2, 96.12, 96.12, 96.21, 96.36, 96.53, 96.7, 96.85, 96.97, 97.06, 97.13, 97.17]]}