gis_exercise/awsData/contour/humi_2023090920.json
{"header": {"refTime": "2023-09-09T20:00:00.000Z", "nx": 21, "ny": 33, "lo1": 113.509, "la1": 22.2235, "lo2": 113.5947, "la2": 22.1034, "dx": 0.0042850000000001385, "dy": 0.003753125000000024, "parameterCategory": 0, "parameterCategoryName": "Temperature", "parameterNumber": 0}, "z": [[92.53, 92.59, 92.66, 94.29, 94.33, 92.08, 92.3, 92.51, 92.54, 93.81, 93.49, 93.17, 91.02, 90.81, 90.39, 90.28, 88.89, 88.91, 88.93, 88.94], [92.5, 92.54, 92.61, 92.71, 94.29, 94.36, 92.49, 92.94, 93.2, 93.98, 93.47, 92.98, 90.79, 90.57, 90.2, 88.86, 88.89, 88.91, 88.93, 88.94], [92.45, 92.49, 92.54, 92.63, 94.23, 94.3, 94.43, 93.28, 94.56, 94.14, 93.35, 92.61, 90.38, 90.24, 88.8, 88.85, 88.89, 88.92, 88.94, 88.95], [92.39, 92.42, 92.46, 92.52, 92.62, 94.18, 94.29, 94.49, 94.68, 93.98, 93.09, 91.96, 89.73, 90.43, 88.78, 88.86, 88.91, 88.93, 88.95, 88.96], [92.33, 92.34, 92.36, 92.38, 92.43, 94.0, 94.04, 94.15, 94.32, 93.88, 93.0, 90.35, 88.97, 90.11, 88.79, 88.88, 88.93, 88.95, 88.96, 88.97], [92.27, 92.26, 92.26, 92.24, 92.23, 92.2, 93.68, 93.64, 93.89, 94.48, 92.38, 91.03, 89.86, 88.67, 88.87, 88.93, 88.97, 88.98, 88.98, 88.98], [91.11, 92.19, 92.16, 92.12, 92.06, 91.94, 92.53, 92.84, 93.0, 93.69, 94.4, 92.11, 89.14, 89.02, 88.99, 88.99, 88.99, 89.0, 88.82, 88.75], [91.14, 91.15, 91.16, 91.15, 91.1, 92.57, 92.37, 91.74, 90.91, 94.06, 96.43, 92.46, 92.41, 88.99, 89.37, 89.48, 89.26, 89.18, 89.31, 89.39], [90.85, 90.88, 91.24, 91.27, 91.28, 91.2, 90.96, 92.23, 92.55, 93.41, 94.93, 93.75, 93.17, 93.93, 89.4, 89.52, 89.39, 89.34, 89.37, 89.42], [92.0, 92.0, 92.0, 91.06, 91.2, 91.55, 91.3, 90.96, 94.55, 94.1, 93.14, 94.47, 94.05, 94.25, 89.4, 89.56, 89.48, 89.44, 89.44, 89.46], [92.0, 92.0, 92.0, 92.0, 92.0, 92.0, 92.0, 92.0, 91.29, 92.73, 98.0, 94.95, 94.59, 94.57, 89.39, 89.6, 89.54, 89.5, 89.49, 89.5], [92.0, 92.0, 92.0, 92.0, 92.0, 92.0, 92.0, 92.0, 92.0, -999.0, 98.0, 90.0, 90.0, 94.81, 89.38, 89.63, 89.59, 92.41, 92.33, 92.31], [92.0, 92.0, 92.0, 92.0, 92.0, 92.0, 92.0, 92.0, 92.0, 92.0, -999.0, 90.0, 90.0, 93.26, 91.83, 91.18, 91.14, 91.88, 91.77, 91.71], [92.0, 92.0, 92.0, 92.0, 92.0, 92.0, 92.0, 92.0, 92.0, 92.0, -999.0, 95.0, 95.0, 95.0, 92.25, 91.68, 91.59, 92.34, 92.18, 92.06], [92.0, 92.0, 92.0, 92.0, 92.0, 92.0, 92.0, 91.0, 91.0, 91.0, 91.0, 92.54, 95.0, 95.0, 95.0, 92.25, 92.07, 92.77, 92.55, 92.37], [92.0, 92.0, 91.37, 91.36, 91.34, 91.0, 91.0, 91.0, 91.0, 91.0, 93.52, 93.23, 93.62, 93.95, 93.57, 93.17, 92.89, 93.38, 92.08, 91.87], [91.36, 91.35, 91.65, 91.63, 91.0, 91.0, 91.0, 91.0, 91.0, 91.0, 92.72, 93.22, 93.74, 94.22, 93.96, 93.94, 93.57, 93.28, 93.07, 92.93], [91.64, 91.63, 91.61, 91.59, 91.0, 91.0, 91.0, 91.0, 91.0, 92.02, 92.55, 93.15, 93.78, 93.94, 94.85, 94.06, 93.53, 93.19, 92.97, 92.83], [91.62, 91.61, 91.58, 91.0, 91.0, 91.0, 91.0, 91.0, 91.36, 91.78, 92.89, 93.43, 93.0, 93.58, 94.13, 93.74, 93.29, 92.99, 92.81, 92.7], [91.61, 91.59, 93.29, 93.17, 93.03, 92.81, 92.49, 91.66, 91.82, 92.38, 92.96, 93.42, 92.69, 92.99, 93.42, 93.2, 92.91, 92.71, 92.6, 92.55], [93.44, 93.38, 93.31, 92.65, 92.57, 92.45, 92.3, 92.14, 92.56, 92.83, 93.18, 93.49, 92.39, 92.98, 92.87, 92.67, 92.48, 92.38, 92.36, 92.38], [92.86, 92.85, 92.82, 92.8, 92.76, 92.72, 92.69, 92.56, 93.13, 93.29, 93.46, 93.63, 93.4, 92.63, 92.45, 92.21, 92.03, 92.03, 92.13, 92.22], [92.94, 92.94, 92.94, 92.71, 92.73, 92.78, 92.85, 92.96, 93.1, 93.18, 93.15, 92.51, 92.74, 92.38, 92.15, 91.83, 91.51, 91.69, 91.96, 92.12], [92.71, 92.73, 92.76, 92.8, 92.85, 92.94, 93.09, 93.31, 93.58, 93.71, 93.54, 93.02, 92.83, 92.42, 92.04, 91.67, 90.79, 91.72, 91.97, 92.09], [92.75, 92.77, 92.81, 92.86, 92.94, 93.05, 93.24, 93.53, 94.03, 94.44, 93.85, 93.13, 92.64, 92.5, 92.14, 91.87, 91.93, 92.27, 92.07, 92.11], [92.77, 92.8, 92.84, 92.9, 92.98, 93.09, 93.27, 93.54, 93.99, 94.35, 93.65, 93.08, 92.65, 92.58, 92.28, 91.64, 91.75, 91.84, 92.11, 92.14], [92.79, 92.82, 92.86, 92.91, 92.98, 93.08, 93.2, 93.36, 93.52, 93.54, 93.17, 92.86, 92.59, 91.69, 91.66, 91.67, 91.72, 91.74, 91.73, 91.71], [92.8, 92.83, 92.87, 92.91, 92.96, 93.02, 93.08, 93.12, 93.1, 92.83, 92.65, 93.04, 93.13, 93.18, 91.7, 91.69, 91.7, 91.71, 91.71, 91.7], [92.81, 92.83, 92.86, 92.89, 92.93, 92.96, 92.97, 92.94, 92.81, 92.43, 92.3, 92.74, 92.98, 93.09, 91.72, 91.71, 91.7, 91.7, 91.7, 91.69], [92.81, 92.83, 92.85, 92.87, 92.89, 92.9, 92.89, 92.83, 92.93, 92.62, 92.43, 92.7, 92.92, 93.04, 91.74, 91.72, 91.71, 91.7, 91.7, 91.69], [92.8, 92.82, 92.84, 92.85, 92.86, 92.86, 92.83, 92.78, 92.95, 92.79, 92.73, 92.81, 92.93, 93.03, 91.74, 91.73, 91.71, 91.71, 91.7, 91.69], [92.8, 92.81, 92.82, 92.83, 92.83, 92.83, 92.8, 93.09, 93.0, 92.92, 92.89, 92.92, 92.98, 93.04, 91.75, 91.73, 91.72, 91.71, 91.7, 91.69]]}