gis_exercise/awsData/contour/humi_2023091003.json
{"header": {"refTime": "2023-09-10T03:00:00.000Z", "nx": 21, "ny": 33, "lo1": 113.509, "la1": 22.2235, "lo2": 113.5947, "la2": 22.1034, "dx": 0.0042850000000001385, "dy": 0.003753125000000024, "parameterCategory": 0, "parameterCategoryName": "Temperature", "parameterNumber": 0}, "z": [[96.79, 96.83, 96.88, 97.96, 97.96, 97.28, 97.33, 97.37, 97.38, 97.69, 97.6, 97.51, 96.97, 96.91, 96.31, 96.24, 95.91, 95.89, 95.87, 95.86], [96.76, 96.8, 96.86, 96.93, 97.96, 97.96, 97.38, 97.49, 97.55, 97.73, 97.59, 97.45, 96.9, 96.84, 96.26, 95.93, 95.89, 95.86, 95.84, 95.83], [96.73, 96.76, 96.82, 96.88, 97.94, 97.95, 97.96, 97.58, 97.89, 97.77, 97.56, 97.35, 96.78, 96.74, 95.97, 95.92, 95.86, 95.82, 95.8, 95.79], [96.68, 96.71, 96.76, 96.82, 96.91, 97.93, 97.94, 97.97, 97.99, 97.73, 97.49, 97.16, 96.58, 96.82, 95.97, 95.89, 95.81, 95.76, 95.74, 95.74], [96.62, 96.65, 96.68, 96.74, 96.81, 97.9, 97.9, 97.92, 97.96, 97.72, 97.47, 96.78, 96.33, 96.72, 95.97, 95.85, 95.73, 95.66, 95.66, 95.69], [96.56, 96.57, 96.59, 96.63, 96.69, 96.77, 97.84, 97.83, 97.9, 98.05, 97.42, 97.01, 96.64, 96.33, 95.98, 95.79, 95.59, 95.5, 95.55, 95.63], [95.89, 96.49, 96.48, 96.5, 96.54, 96.62, 97.01, 97.66, 97.71, 97.92, 98.1, 97.4, 96.57, 96.51, 96.0, 95.73, 95.38, 95.25, 95.18, 95.25], [95.86, 95.85, 95.84, 95.85, 95.9, 96.7, 96.88, 97.07, 97.23, 98.01, 98.61, 97.61, 97.6, 96.5, 95.74, 95.96, 95.52, 95.37, 95.61, 95.78], [96.15, 96.12, 95.76, 95.73, 95.72, 95.8, 96.04, 96.96, 97.64, 97.85, 98.23, 97.94, 97.79, 97.98, 95.8, 96.04, 95.79, 95.68, 95.74, 95.84], [95.0, 95.0, 95.0, 95.94, 95.8, 95.45, 95.7, 96.04, 98.14, 98.03, 97.78, 98.12, 98.01, 98.06, 95.8, 96.13, 95.96, 95.88, 95.88, 95.91], [95.0, 95.0, 95.0, 95.0, 95.0, 95.0, 95.0, 95.0, 95.71, 97.68, 99.0, 98.24, 98.15, 98.14, 95.78, 96.19, 96.07, 96.0, 95.99, 96.0], [95.0, 95.0, 95.0, 95.0, 95.0, 95.0, 95.0, 95.0, 95.0, -999.0, 99.0, 97.0, 97.0, 98.2, 95.76, 96.26, 96.19, 97.84, 97.77, 97.76], [95.0, 95.0, 95.0, 95.0, 95.0, 95.0, 95.0, 95.0, 95.0, 95.0, -999.0, 97.0, 97.0, 98.96, 98.1, 96.82, 96.78, 97.4, 97.31, 97.26], [95.0, 95.0, 95.0, 95.0, 95.0, 95.0, 95.0, 95.0, 95.0, 95.0, -999.0, 100.0, 100.0, 100.0, 98.35, 97.24, 97.16, 97.78, 97.65, 97.55], [95.0, 95.0, 95.0, 95.0, 95.0, 95.0, 95.0, 95.0, 95.0, 95.0, 95.0, 96.92, 100.0, 100.0, 100.0, 97.71, 97.56, 98.14, 97.96, 97.81], [95.0, 95.0, 95.0, 95.0, 95.0, 95.0, 95.0, 95.0, 95.0, 95.0, 98.15, 97.79, 98.27, 98.68, 98.22, 98.9, 98.73, 99.03, 97.89, 97.73], [95.0, 95.0, 95.0, 95.0, 95.0, 95.0, 95.0, 95.0, 95.0, 95.0, 97.15, 97.77, 98.42, 99.02, 99.07, 99.25, 98.99, 98.78, 98.63, 98.53], [95.0, 95.0, 95.0, 95.0, 95.0, 95.0, 95.0, 95.0, 95.0, 96.27, 96.94, 97.69, 98.47, 99.02, 99.86, 99.34, 98.96, 98.72, 98.56, 98.46], [95.0, 95.0, 95.0, 95.0, 95.0, 95.0, 95.0, 95.0, 95.45, 95.97, 96.81, 97.45, 98.09, 98.71, 99.39, 99.11, 98.8, 98.58, 98.45, 98.37], [95.0, 95.0, 96.14, 96.09, 96.01, 95.91, 95.75, 95.33, 95.69, 96.21, 96.79, 97.33, 97.84, 98.23, 98.89, 98.74, 98.54, 98.39, 98.3, 98.26], [96.22, 96.19, 96.15, 95.83, 95.79, 95.73, 95.65, 95.57, 96.25, 96.5, 96.87, 97.26, 97.62, 98.58, 98.51, 98.38, 98.24, 98.16, 98.13, 98.14], [95.93, 95.92, 95.91, 95.9, 95.88, 95.86, 95.84, 95.87, 96.59, 96.74, 96.96, 97.21, 98.06, 98.34, 98.22, 98.07, 97.95, 97.93, 97.97, 98.02], [95.97, 95.97, 95.97, 95.98, 95.99, 96.0, 96.03, 96.08, 96.14, 96.19, 96.18, 96.41, 97.3, 98.16, 98.02, 97.83, 97.65, 97.71, 97.84, 97.94], [96.0, 96.01, 96.02, 96.03, 96.06, 96.1, 96.16, 96.26, 96.38, 96.44, 96.37, 96.75, 97.29, 97.34, 97.37, 97.71, 97.3, 97.65, 97.8, 97.89], [96.02, 96.04, 96.05, 96.08, 96.11, 96.16, 96.25, 96.38, 96.59, 96.77, 96.52, 96.73, 96.72, 97.34, 97.38, 97.43, 97.72, 97.82, 97.82, 97.88], [96.04, 96.06, 96.08, 96.11, 96.14, 96.2, 96.28, 96.4, 96.59, 96.74, 96.75, 96.68, 96.67, 97.34, 97.39, 97.29, 97.41, 97.46, 97.85, 97.9], [96.06, 96.08, 96.1, 96.12, 96.16, 96.21, 96.27, 96.34, 96.42, 96.44, 96.6, 96.58, 96.6, 96.97, 97.1, 97.21, 97.3, 97.34, 97.33, 97.3], [96.07, 96.09, 96.11, 96.13, 96.16, 96.2, 96.24, 96.27, 96.28, 96.45, 96.39, 96.59, 96.73, 96.88, 97.02, 97.13, 97.21, 97.25, 97.26, 97.25], [96.08, 96.09, 96.11, 96.13, 96.16, 96.18, 96.2, 96.21, 96.19, 96.27, 96.16, 96.44, 96.65, 96.81, 96.95, 97.05, 97.13, 97.17, 97.2, 97.2], [96.08, 96.1, 96.11, 96.13, 96.15, 96.17, 96.18, 96.18, 96.51, 96.35, 96.25, 96.43, 96.62, 96.77, 96.89, 96.99, 97.07, 97.11, 97.14, 97.16], [96.09, 96.1, 96.11, 96.13, 96.14, 96.15, 96.16, 96.16, 96.54, 96.47, 96.44, 96.52, 96.64, 96.76, 96.86, 96.95, 97.02, 97.07, 97.1, 97.12], [96.09, 96.1, 96.11, 96.12, 96.13, 96.14, 96.15, 96.64, 96.6, 96.56, 96.56, 96.6, 96.68, 96.77, 96.85, 96.92, 96.98, 97.03, 97.06, 97.09]]}