gis_exercise/awsData/contour/humi_2023091400.json
{"header": {"refTime": "2023-09-14T00:00:00.000Z", "nx": 21, "ny": 33, "lo1": 113.509, "la1": 22.2235, "lo2": 113.5947, "la2": 22.1034, "dx": 0.0042850000000001385, "dy": 0.003753125000000024, "parameterCategory": 0, "parameterCategoryName": "Temperature", "parameterNumber": 0}, "z": [[89.31, 89.31, 89.31, 90.32, 90.26, 88.56, 88.57, 88.57, 88.53, 89.02, 88.93, 88.83, 87.81, 87.75, 87.76, 87.81, 87.87, 87.94, 87.99, 88.02], [89.32, 89.31, 89.31, 89.3, 90.26, 90.16, 88.63, 88.66, 88.67, 89.01, 88.89, 88.73, 87.7, 87.64, 87.68, 87.78, 87.89, 87.97, 88.02, 88.06], [89.32, 89.32, 89.32, 89.31, 90.28, 90.18, 90.01, 88.74, 88.92, 89.02, 88.84, 88.56, 87.5, 87.48, 87.62, 87.79, 87.93, 88.02, 88.08, 88.11], [89.32, 89.32, 89.32, 89.33, 89.32, 90.25, 90.11, 89.89, 89.68, 89.08, 88.81, 88.27, 87.16, 88.07, 87.58, 87.82, 88.0, 88.11, 88.16, 88.18], [89.32, 89.33, 89.33, 89.34, 89.35, 90.35, 90.29, 90.24, 90.27, 89.31, 88.92, 87.95, 86.83, 87.82, 87.6, 87.92, 88.14, 88.25, 88.27, 88.26], [89.32, 89.33, 89.33, 89.35, 89.37, 89.39, 90.45, 90.48, 90.62, 90.9, 89.5, 88.53, 87.62, 87.0, 87.76, 88.08, 88.34, 88.45, 88.41, 88.34], [89.45, 89.32, 89.33, 89.34, 89.37, 89.42, 90.51, 90.53, 90.68, 91.19, 91.4, 89.52, 87.71, 87.53, 87.98, 88.25, 88.61, 88.74, 88.45, 88.26], [89.43, 89.42, 89.42, 89.43, 89.45, 90.3, 90.39, 90.4, 90.28, 91.36, 92.29, 90.23, 90.21, 87.49, 89.0, 89.0, 89.0, 89.0, 89.0, 89.0], [89.57, 89.56, 89.38, 89.37, 89.36, 89.4, 89.52, 90.42, 90.96, 91.06, 91.46, 90.87, 90.59, 90.97, 89.0, 89.0, 89.0, 89.0, 89.0, 89.0], [89.0, 89.0, 89.0, 89.47, 89.4, 89.23, 89.35, 89.52, 91.71, 91.54, 90.57, 91.24, 91.02, 91.13, 89.0, 89.0, 89.0, 89.0, 89.0, 89.0], [89.0, 89.0, 89.0, 89.0, 89.0, 89.0, 89.0, 89.0, 89.35, 91.03, 93.0, 91.48, 91.3, 91.28, 89.0, 89.0, 89.0, 89.0, 89.0, 89.0], [89.0, 89.0, 89.0, 89.0, 89.0, 89.0, 89.0, 89.0, 89.0, -999.0, 93.0, 89.0, 89.0, 91.41, 89.0, 89.0, 89.0, 92.41, 92.33, 92.31], [89.0, 89.0, 89.0, 89.0, 89.0, 89.0, 89.0, 89.0, 89.0, 89.0, -999.0, 89.0, 89.0, 92.92, 91.19, 91.18, 91.14, 91.88, 91.77, 91.71], [89.0, 89.0, 89.0, 89.0, 89.0, 89.0, 89.0, 89.0, 89.0, 89.0, -999.0, 95.0, 95.0, 95.0, 91.7, 91.68, 91.59, 92.34, 92.18, 92.06], [89.0, 89.0, 89.0, 89.0, 89.0, 89.0, 89.0, 89.0, 89.0, 89.0, 89.0, 91.31, 95.0, 95.0, 95.0, 92.25, 92.07, 92.77, 92.55, 92.37], [89.0, 89.0, 89.0, 89.0, 89.0, 89.0, 89.0, 89.0, 89.0, 89.0, 92.78, 92.35, 92.93, 93.42, 92.86, 93.53, 93.31, 93.7, 92.35, 92.16], [89.0, 89.0, 89.0, 89.0, 89.0, 89.0, 89.0, 89.0, 89.0, 89.0, 91.58, 92.32, 93.11, 93.83, 93.84, 94.1, 93.78, 93.53, 93.35, 93.23], [89.0, 89.0, 89.0, 89.0, 89.0, 89.0, 89.0, 89.0, 89.0, 90.52, 91.33, 92.23, 93.17, 93.79, 94.83, 94.2, 93.74, 93.45, 93.27, 93.15], [89.0, 89.0, 89.0, 89.0, 89.0, 89.0, 89.0, 89.0, 89.54, 90.17, 91.29, 92.06, 92.63, 93.39, 94.26, 93.93, 93.55, 93.29, 93.13, 93.04], [89.0, 89.0, 90.71, 90.63, 90.52, 90.36, 90.12, 89.49, 89.9, 90.55, 91.28, 91.94, 92.32, 92.79, 93.66, 93.47, 93.23, 93.05, 92.95, 92.9], [90.83, 90.79, 90.73, 90.24, 90.18, 90.09, 89.98, 89.86, 90.64, 90.96, 91.41, 91.88, 92.04, 93.28, 93.19, 93.03, 92.86, 92.77, 92.75, 92.76], [90.4, 90.38, 90.37, 90.35, 90.32, 90.29, 90.27, 90.21, 91.12, 91.31, 91.57, 91.87, 92.74, 92.99, 92.84, 92.64, 92.49, 92.48, 92.55, 92.62], [90.45, 90.45, 90.45, 90.34, 90.36, 90.39, 90.44, 90.52, 90.62, 90.68, 90.67, 90.85, 91.96, 92.77, 92.59, 92.33, 92.08, 92.2, 92.4, 92.53], [90.36, 90.37, 90.39, 90.41, 90.45, 90.52, 90.62, 90.78, 90.98, 91.08, 90.95, 91.25, 91.97, 91.95, 91.92, 92.19, 91.54, 92.19, 92.38, 92.49], [90.39, 90.4, 90.43, 90.47, 90.52, 90.61, 90.74, 90.95, 91.31, 91.6, 91.19, 91.25, 91.13, 91.97, 91.97, 91.97, 92.32, 92.54, 92.45, 92.5], [90.41, 90.43, 90.46, 90.5, 90.56, 90.65, 90.77, 90.97, 91.29, 91.55, 91.38, 91.17, 91.07, 91.99, 92.0, 91.74, 91.92, 92.01, 92.48, 92.52], [90.43, 90.45, 90.48, 90.52, 90.57, 90.64, 90.73, 90.85, 90.97, 90.99, 91.08, 90.98, 90.96, 91.29, 91.47, 91.64, 91.76, 91.82, 91.81, 91.77], [90.44, 90.46, 90.49, 90.52, 90.56, 90.61, 90.66, 90.7, 90.69, 90.79, 90.68, 91.03, 91.25, 91.47, 91.37, 91.52, 91.63, 91.69, 91.71, 91.69], [90.44, 90.46, 90.49, 90.51, 90.54, 90.57, 90.59, 90.58, 90.5, 90.46, 90.29, 90.76, 91.1, 91.35, 91.27, 91.42, 91.52, 91.59, 91.62, 91.62], [90.45, 90.46, 90.48, 90.5, 90.52, 90.53, 90.53, 90.5, 90.9, 90.61, 90.44, 90.75, 91.05, 91.28, 91.2, 91.33, 91.43, 91.5, 91.54, 91.56], [90.45, 90.46, 90.47, 90.49, 90.5, 90.5, 90.5, 90.47, 90.95, 90.81, 90.77, 90.89, 91.08, 91.27, 91.16, 91.28, 91.37, 91.43, 91.48, 91.5], [90.44, 90.46, 90.47, 90.48, 90.48, 90.48, 90.47, 91.12, 91.04, 90.97, 90.96, 91.03, 91.15, 91.28, 91.14, 91.24, 91.32, 91.38, 91.43, 91.46]]}