gis_exercise/awsData/contour/humi_2023083102.json
{"header": {"refTime": "2023-08-31T02:00:00.000Z", "nx": 21, "ny": 33, "lo1": 113.509, "la1": 22.2235, "lo2": 113.5947, "la2": 22.1034, "dx": 0.0042850000000001385, "dy": 0.003753125000000024, "parameterCategory": 0, "parameterCategoryName": "Temperature", "parameterNumber": 0}, "z": [[70.39, 70.4, 70.42, 70.45, 70.47, 69.58, 69.67, 69.74, 69.72, 69.54, 69.26, 68.98, 68.53, 68.41, 68.36, 68.37, 67.87, 67.94, 67.99, 68.02], [70.38, 70.39, 70.41, 70.44, 70.47, 70.51, 69.78, 69.97, 70.07, 69.75, 69.27, 68.86, 68.36, 68.23, 68.23, 67.78, 67.89, 67.97, 68.02, 68.06], [70.36, 70.38, 70.39, 70.42, 70.45, 70.5, 70.58, 70.17, 70.78, 69.93, 69.18, 68.61, 68.06, 67.98, 67.62, 67.79, 67.93, 68.02, 68.08, 68.11], [70.35, 70.35, 70.37, 70.39, 70.42, 70.46, 70.52, 70.62, 70.72, 69.66, 68.91, 68.17, 67.55, 67.48, 67.58, 67.82, 68.0, 68.11, 68.16, 68.18], [70.33, 70.33, 70.34, 70.35, 70.37, 70.4, 70.42, 70.46, 70.47, 69.28, 68.66, 67.36, 66.59, 67.31, 67.6, 67.92, 68.14, 68.25, 68.27, 68.26], [70.31, 70.31, 70.31, 70.31, 70.32, 70.33, 70.32, 70.31, 70.29, 70.27, 68.35, 67.78, 67.18, 67.0, 67.76, 68.08, 68.34, 68.45, 68.41, 68.34], [70.0, 70.28, 70.27, 70.27, 70.27, 70.26, 70.0, 70.19, 70.15, 69.8, 69.75, 68.53, 67.71, 67.53, 67.98, 68.25, 68.61, 68.74, 68.45, 68.26], [70.0, 70.0, 70.0, 70.0, 70.0, 70.0, 70.0, 70.0, 69.94, 69.84, 69.88, 69.31, 69.3, 67.49, 69.0, 69.0, 69.0, 69.0, 69.0, 69.0], [70.0, 70.0, 70.0, 70.0, 70.0, 70.0, 70.0, 70.0, 70.0, 69.79, 69.62, 69.47, 69.4, 69.49, 69.0, 69.0, 69.0, 69.0, 69.0, 69.0], [70.0, 70.0, 70.0, 70.0, 70.0, 70.0, 70.0, 70.0, 70.0, 70.0, 69.39, 69.56, 69.51, 69.53, 69.0, 69.0, 69.0, 69.0, 69.0, 69.0], [70.0, 70.0, 70.0, 70.0, 70.0, 70.0, 70.0, 70.0, 70.0, 70.0, 70.0, 69.62, 69.57, 69.57, 69.0, 69.0, 69.0, 69.0, 69.0, 69.0], [70.0, 70.0, 70.0, 70.0, 70.0, 70.0, 70.0, 70.0, 70.0, -999.0, 70.0, 69.0, 69.0, 69.6, 69.0, 69.0, 69.0, 75.25, 75.1, 75.06], [70.0, 70.0, 70.0, 70.0, 70.0, 70.0, 70.0, 70.0, 70.0, 70.0, -999.0, 69.0, 69.0, 76.18, 73.02, 73.0, 72.92, 74.28, 74.09, 73.96], [70.0, 70.0, 70.0, 70.0, 70.0, 70.0, 70.0, 70.0, 70.0, 70.0, -999.0, 80.0, 80.0, 80.0, 73.95, 73.92, 73.75, 75.13, 74.83, 74.6], [70.0, 70.0, 70.0, 70.0, 70.0, 70.0, 70.0, 70.0, 70.0, 70.0, 70.0, 73.84, 80.0, 80.0, 80.0, 74.96, 74.63, 75.91, 75.51, 75.18], [70.0, 70.0, 70.0, 70.0, 70.0, 70.0, 70.0, 70.0, 70.0, 70.0, 76.29, 75.58, 76.55, 77.36, 76.44, 76.33, 75.78, 76.75, 74.42, 74.02], [70.0, 70.0, 70.0, 70.0, 70.0, 70.0, 70.0, 70.0, 70.0, 70.0, 74.3, 75.54, 76.85, 78.05, 77.69, 78.02, 77.33, 76.78, 76.4, 76.14], [70.0, 70.0, 70.0, 70.0, 70.0, 70.0, 70.0, 70.0, 70.0, 72.54, 73.88, 75.38, 76.94, 77.62, 79.66, 78.24, 77.25, 76.61, 76.21, 75.96], [70.0, 70.0, 70.0, 70.0, 70.0, 70.0, 70.0, 70.0, 70.9, 71.95, 72.88, 74.13, 75.45, 76.82, 78.37, 77.64, 76.81, 76.25, 75.91, 75.72], [70.0, 70.0, 70.0, 70.0, 70.0, 70.0, 70.0, 70.0, 70.94, 71.72, 72.7, 73.75, 74.79, 75.55, 77.05, 76.62, 76.09, 75.71, 75.51, 75.42], [70.0, 70.0, 70.0, 70.0, 70.0, 70.0, 70.0, 70.0, 71.55, 71.96, 72.6, 73.37, 74.15, 76.23, 76.01, 75.63, 75.27, 75.08, 75.06, 75.11], [70.0, 70.0, 70.0, 70.0, 70.0, 70.0, 70.0, 69.83, 71.74, 71.99, 72.41, 72.98, 73.55, 75.56, 75.21, 74.75, 74.4, 74.41, 74.63, 74.83], [70.0, 70.0, 70.0, 69.75, 69.76, 69.77, 69.79, 69.8, 69.81, 69.81, 69.79, 70.0, 72.07, 75.1, 74.65, 74.01, 73.35, 73.76, 74.35, 74.66], [69.71, 69.72, 69.72, 69.73, 69.74, 69.75, 69.77, 69.79, 69.82, 69.83, 69.79, 69.75, 72.02, 72.35, 72.58, 73.71, 71.78, 73.93, 74.42, 74.63], [69.7, 69.7, 69.71, 69.71, 69.72, 69.73, 69.74, 69.78, 69.85, 69.91, 69.8, 69.73, 69.72, 72.37, 72.69, 73.0, 74.4, 75.22, 74.68, 74.69], [69.69, 69.69, 69.69, 69.69, 69.69, 69.7, 69.71, 69.74, 69.81, 69.87, 69.75, 69.68, 69.67, 72.38, 72.73, 72.95, 73.49, 73.76, 74.74, 74.75], [69.67, 69.67, 69.67, 69.67, 69.66, 69.66, 69.66, 69.67, 69.68, 69.66, 69.6, 69.58, 69.6, 71.91, 72.34, 72.74, 73.08, 73.25, 73.21, 73.08], [69.66, 69.66, 69.65, 69.65, 69.64, 69.63, 69.61, 69.58, 69.53, 69.45, 69.39, 70.47, 71.02, 71.63, 72.1, 72.47, 72.75, 72.9, 72.94, 72.9], [69.65, 69.64, 69.64, 69.63, 69.61, 69.59, 69.56, 69.51, 69.42, 69.27, 69.4, 70.15, 70.81, 71.41, 71.88, 72.23, 72.48, 72.64, 72.71, 72.72], [69.64, 69.63, 69.62, 69.61, 69.59, 69.57, 69.53, 69.48, 70.22, 69.85, 69.64, 70.16, 70.75, 71.28, 71.72, 72.04, 72.28, 72.43, 72.53, 72.57], [69.63, 69.62, 69.61, 69.6, 69.58, 69.55, 69.52, 69.47, 70.36, 70.19, 70.17, 70.43, 70.83, 71.25, 71.63, 71.91, 72.12, 72.27, 72.37, 72.43], [69.62, 69.61, 69.6, 69.59, 69.57, 69.54, 69.51, 70.65, 70.55, 70.48, 70.51, 70.68, 70.96, 71.27, 71.58, 71.82, 72.01, 72.15, 72.25, 72.32]]}