gis_exercise/awsData/contour/humi_2023090516.json
{"header": {"refTime": "2023-09-05T16:00:00.000Z", "nx": 21, "ny": 33, "lo1": 113.509, "la1": 22.2235, "lo2": 113.5947, "la2": 22.1034, "dx": 0.0042850000000001385, "dy": 0.003753125000000024, "parameterCategory": 0, "parameterCategoryName": "Temperature", "parameterNumber": 0}, "z": [[56.86, 56.92, 57.0, 57.85, 57.91, 56.83, 56.98, 57.12, 57.13, 57.29, 56.95, 56.62, 55.18, 54.97, 55.95, 55.97, 54.42, 54.52, 54.59, 54.63], [56.82, 56.88, 56.96, 57.06, 57.89, 57.99, 57.13, 57.46, 57.64, 57.54, 56.97, 56.48, 54.99, 54.77, 55.79, 54.32, 54.47, 54.59, 54.67, 54.72], [56.77, 56.82, 56.89, 56.99, 57.85, 57.95, 58.11, 57.73, 58.67, 57.75, 56.86, 56.17, 54.66, 54.5, 54.13, 54.36, 54.56, 54.71, 54.8, 54.83], [56.7, 56.74, 56.8, 56.89, 57.01, 57.85, 57.98, 58.21, 58.43, 57.44, 56.54, 55.64, 54.15, 53.99, 54.1, 54.43, 54.71, 54.89, 54.97, 54.97], [56.63, 56.65, 56.69, 56.75, 56.84, 57.7, 57.75, 57.84, 57.91, 56.99, 56.25, 53.98, 53.39, 53.84, 54.12, 54.58, 54.97, 55.18, 55.2, 55.13], [56.54, 56.55, 56.56, 56.59, 56.64, 56.71, 57.49, 57.45, 57.48, 57.59, 54.92, 54.26, 53.73, 53.0, 54.22, 54.81, 55.39, 55.63, 55.5, 55.31], [55.45, 56.44, 56.43, 56.42, 56.44, 56.46, 56.26, 57.03, 57.02, 56.33, 56.34, 54.65, 53.0, 53.0, 54.33, 55.05, 55.98, 56.32, 56.26, 56.01], [55.43, 55.42, 55.42, 55.43, 55.45, 56.07, 56.17, 56.22, 56.05, 56.52, 57.25, 54.54, 54.51, 53.0, 55.51, 55.08, 55.95, 56.27, 55.77, 55.44], [55.57, 55.56, 55.38, 55.37, 55.36, 55.4, 55.52, 56.2, 56.64, 56.21, 56.08, 55.34, 54.98, 55.46, 55.41, 54.92, 55.43, 55.64, 55.52, 55.33], [55.0, 55.0, 55.0, 55.47, 55.4, 55.23, 55.35, 55.52, 57.14, 57.03, 54.96, 55.8, 55.53, 55.66, 55.4, 54.75, 55.07, 55.24, 55.25, 55.17], [55.0, 55.0, 55.0, 55.0, 55.0, 55.0, 55.0, 55.0, 55.35, 56.68, 58.0, 56.09, 55.87, 55.85, 55.45, 54.62, 54.85, 54.99, 55.02, 55.0], [55.0, 55.0, 55.0, 55.0, 55.0, 55.0, 55.0, 55.0, 55.0, -999.0, 58.0, 53.0, 53.0, 56.01, 55.49, 54.48, 54.62, 62.12, 61.99, 61.96], [55.0, 55.0, 55.0, 55.0, 55.0, 55.0, 55.0, 55.0, 55.0, 55.0, -999.0, 53.0, 53.0, 61.49, 57.75, 60.28, 60.21, 61.32, 61.16, 61.06], [55.0, 55.0, 55.0, 55.0, 55.0, 55.0, 55.0, 55.0, 55.0, 55.0, -999.0, 66.0, 66.0, 66.0, 58.85, 61.03, 60.88, 62.01, 61.77, 61.58], [55.0, 55.0, 55.0, 55.0, 55.0, 55.0, 55.0, 59.0, 59.0, 59.0, 59.0, 61.69, 66.0, 66.0, 66.0, 61.88, 61.61, 62.65, 62.33, 62.06], [55.0, 55.0, 57.52, 57.56, 57.64, 59.0, 59.0, 59.0, 59.0, 59.0, 63.4, 62.91, 63.58, 64.15, 63.51, 64.17, 63.89, 64.38, 62.3, 62.04], [57.57, 57.59, 56.41, 56.48, 59.0, 59.0, 59.0, 59.0, 59.0, 59.0, 62.01, 62.88, 63.79, 64.63, 64.61, 65.5, 65.33, 65.2, 65.12, 65.06], [56.43, 56.48, 56.55, 56.65, 59.0, 59.0, 59.0, 59.0, 59.0, 60.78, 61.72, 62.77, 63.86, 64.55, 65.8, 65.55, 65.3, 65.15, 65.06, 65.02], [56.51, 56.57, 56.66, 59.0, 59.0, 59.0, 59.0, 59.0, 59.63, 60.36, 61.57, 62.47, 63.18, 64.08, 65.58, 65.39, 65.18, 65.05, 64.98, 64.95], [56.56, 56.63, 60.71, 60.63, 60.52, 60.36, 60.12, 59.49, 59.99, 60.73, 61.55, 62.31, 62.8, 63.34, 65.23, 65.11, 64.97, 64.89, 64.87, 64.88], [60.83, 60.79, 60.73, 60.24, 60.18, 60.09, 59.98, 59.86, 60.79, 61.15, 61.67, 62.21, 62.45, 65.01, 64.93, 64.81, 64.71, 64.7, 64.75, 64.81], [60.4, 60.38, 60.37, 60.35, 60.32, 60.29, 60.27, 60.04, 61.3, 61.51, 61.81, 62.16, 63.1, 64.83, 64.69, 64.5, 64.38, 64.47, 64.65, 64.77], [60.45, 60.45, 60.45, 60.09, 60.12, 60.16, 60.23, 60.32, 60.43, 60.49, 60.46, 60.85, 63.44, 64.72, 64.53, 64.2, 63.81, 64.21, 64.65, 64.79], [60.07, 60.09, 60.11, 60.14, 60.19, 60.27, 60.39, 60.57, 60.8, 60.91, 60.75, 61.01, 63.42, 63.63, 63.77, 64.15, 62.63, 64.66, 64.9, 64.9], [60.09, 60.11, 60.14, 60.18, 60.24, 60.33, 60.48, 60.73, 61.15, 61.51, 60.99, 60.98, 60.85, 63.67, 63.89, 64.12, 65.12, 65.99, 65.2, 65.01], [60.1, 60.12, 60.15, 60.19, 60.25, 60.34, 60.48, 60.71, 61.1, 61.42, 61.13, 60.85, 60.73, 63.69, 63.96, 63.8, 64.39, 64.67, 65.17, 65.04], [60.1, 60.12, 60.15, 60.19, 60.24, 60.3, 60.4, 60.52, 60.65, 60.65, 60.68, 60.56, 60.56, 62.55, 63.07, 63.53, 63.92, 64.1, 64.06, 63.92], [60.1, 60.12, 60.14, 60.17, 60.2, 60.23, 60.27, 60.28, 60.22, 60.24, 60.07, 61.21, 61.85, 62.51, 62.77, 63.21, 63.53, 63.71, 63.75, 63.71], [60.09, 60.11, 60.12, 60.14, 60.15, 60.16, 60.15, 60.09, 59.93, 59.73, 59.61, 60.68, 61.52, 62.22, 62.51, 62.92, 63.22, 63.4, 63.49, 63.51], [60.08, 60.09, 60.1, 60.11, 60.11, 60.1, 60.06, 59.98, 60.88, 60.3, 59.95, 60.67, 61.42, 62.06, 62.31, 62.69, 62.97, 63.16, 63.27, 63.32], [60.08, 60.08, 60.08, 60.08, 60.08, 60.05, 60.01, 59.94, 61.04, 60.76, 60.7, 61.02, 61.52, 62.02, 62.19, 62.53, 62.79, 62.97, 63.09, 63.17], [60.07, 60.07, 60.07, 60.06, 60.05, 60.03, 59.99, 61.43, 61.27, 61.14, 61.15, 61.35, 61.68, 62.05, 62.14, 62.43, 62.66, 62.83, 62.95, 63.04]]}