gis_exercise/awsData/contour/humi_2023091014.json
{"header": {"refTime": "2023-09-10T14:00:00.000Z", "nx": 21, "ny": 33, "lo1": 113.509, "la1": 22.2235, "lo2": 113.5947, "la2": 22.1034, "dx": 0.0042850000000001385, "dy": 0.003753125000000024, "parameterCategory": 0, "parameterCategoryName": "Temperature", "parameterNumber": 0}, "z": [[89.71, 89.82, 89.96, 92.95, 93.01, 90.56, 90.84, 91.1, 91.17, 93.0, 92.71, 92.4, 90.02, 89.81, 89.1, 88.96, 87.54, 87.53, 87.53, 87.53], [89.63, 89.74, 89.88, 90.07, 92.96, 93.07, 91.04, 91.59, 91.92, 93.15, 92.67, 92.2, 89.79, 89.57, 88.91, 87.53, 87.52, 87.52, 87.51, 87.51], [89.53, 89.63, 89.75, 89.93, 92.87, 92.98, 93.16, 91.98, 93.49, 93.28, 92.55, 91.82, 89.38, 89.24, 87.51, 87.51, 87.5, 87.49, 87.49, 87.49], [89.42, 89.48, 89.58, 89.73, 89.95, 92.81, 92.97, 93.25, 93.52, 93.17, 92.32, 91.17, 88.73, 89.63, 87.5, 87.5, 87.48, 87.46, 87.46, 87.47], [89.28, 89.32, 89.38, 89.47, 89.61, 92.55, 92.61, 92.76, 93.0, 93.17, 92.28, 89.54, 88.05, 89.28, 87.51, 87.49, 87.44, 87.41, 87.41, 87.44], [89.14, 89.14, 89.15, 89.18, 89.23, 89.3, 92.1, 92.05, 92.38, 93.2, 91.76, 90.28, 89.01, 87.67, 87.56, 87.48, 87.37, 87.32, 87.36, 87.41], [87.0, 88.96, 88.92, 88.89, 88.86, 88.82, 89.79, 90.92, 91.15, 92.47, 93.56, 91.44, 88.14, 88.02, 87.66, 87.48, 87.25, 87.17, 87.0, 87.0], [87.0, 87.0, 87.0, 87.0, 87.0, 89.49, 89.49, 88.99, 88.36, 92.9, 96.07, 91.76, 91.71, 87.99, 87.74, 87.96, 87.52, 87.37, 87.61, 87.78], [87.0, 87.0, 87.0, 87.0, 87.0, 87.0, 87.0, 89.41, 90.5, 92.11, 94.54, 93.22, 92.57, 93.43, 87.8, 88.04, 87.79, 87.68, 87.74, 87.84], [87.0, 87.0, 87.0, 87.0, 87.0, 87.0, 87.0, 87.0, 93.25, 92.64, 92.53, 94.03, 93.55, 93.79, 87.8, 88.13, 87.96, 87.88, 87.88, 87.91], [87.0, 87.0, 87.0, 87.0, 87.0, 87.0, 87.0, 87.0, 87.0, 90.76, 98.0, 94.57, 94.16, 94.14, 87.78, 88.19, 88.07, 88.0, 87.99, 88.0], [87.0, 87.0, 87.0, 87.0, 87.0, 87.0, 87.0, 87.0, 87.0, -999.0, 98.0, 89.0, 89.0, 94.42, 87.76, 88.26, 88.19, 92.12, 91.99, 91.96], [87.0, 87.0, 87.0, 87.0, 87.0, 87.0, 87.0, 87.0, 87.0, 87.0, -999.0, 89.0, 89.0, 93.57, 91.56, 90.28, 90.21, 91.32, 91.16, 91.06], [87.0, 87.0, 87.0, 87.0, 87.0, 87.0, 87.0, 87.0, 87.0, 87.0, -999.0, 96.0, 96.0, 96.0, 92.15, 91.03, 90.88, 92.01, 91.77, 91.58], [87.0, 87.0, 87.0, 87.0, 87.0, 87.0, 87.0, 90.0, 90.0, 90.0, 90.0, 92.31, 96.0, 96.0, 96.0, 91.88, 91.61, 92.65, 92.33, 92.06], [87.0, 87.0, 88.89, 88.92, 88.98, 90.0, 90.0, 90.0, 90.0, 90.0, 93.78, 93.35, 93.93, 94.42, 93.86, 96.0, 96.0, 96.0, 93.67, 93.49], [88.93, 88.94, 88.06, 88.11, 90.0, 90.0, 90.0, 90.0, 90.0, 90.0, 92.58, 93.32, 94.11, 94.83, 95.28, 96.0, 96.0, 96.0, 96.0, 96.0], [88.07, 88.11, 88.16, 88.24, 90.0, 90.0, 90.0, 90.0, 90.0, 91.52, 92.33, 93.23, 94.17, 95.21, 95.9, 96.0, 96.0, 96.0, 96.0, 96.0], [88.13, 88.18, 88.25, 90.0, 90.0, 90.0, 90.0, 90.0, 90.54, 91.17, 92.84, 93.64, 94.36, 95.0, 96.0, 96.0, 96.0, 96.0, 96.0, 96.0], [88.17, 88.22, 93.43, 93.26, 93.04, 92.72, 92.24, 90.99, 91.23, 92.08, 92.95, 93.63, 94.21, 94.7, 96.0, 96.0, 96.0, 96.0, 96.0, 96.0], [93.66, 93.57, 93.46, 92.48, 92.36, 92.18, 91.95, 91.71, 92.34, 92.74, 93.27, 93.73, 94.13, 96.0, 96.0, 96.0, 96.0, 96.0, 96.0, 96.0], [92.8, 92.77, 92.74, 92.7, 92.64, 92.59, 92.53, 92.43, 93.2, 93.43, 93.7, 93.94, 96.0, 96.0, 96.0, 96.0, 96.0, 96.0, 96.0, 96.0], [92.9, 92.9, 92.91, 92.69, 92.72, 92.78, 92.88, 93.04, 93.24, 93.36, 93.34, 94.23, 96.0, 96.0, 96.0, 96.0, 96.0, 96.0, 96.0, 96.0], [92.72, 92.74, 92.78, 92.83, 92.91, 93.04, 93.25, 93.56, 93.96, 94.16, 93.91, 95.0, 96.0, 96.0, 96.0, 96.0, 96.0, 96.0, 96.0, 96.0], [92.77, 92.81, 92.86, 92.94, 93.05, 93.22, 93.48, 93.91, 94.62, 95.21, 94.37, 94.93, 94.86, 96.0, 96.0, 96.0, 96.0, 96.0, 96.0, 96.0], [92.82, 92.86, 92.92, 93.01, 93.12, 93.29, 93.55, 93.94, 94.58, 95.09, 95.0, 94.72, 94.67, 96.0, 96.0, 95.39, 95.58, 95.63, 96.0, 96.0], [92.85, 92.9, 92.96, 93.04, 93.14, 93.28, 93.47, 93.7, 93.95, 93.99, 94.41, 94.32, 94.4, 94.57, 94.91, 95.17, 95.35, 95.42, 95.41, 95.36], [92.87, 92.92, 92.97, 93.04, 93.12, 93.22, 93.32, 93.4, 93.38, 93.79, 93.57, 93.77, 94.08, 94.35, 94.69, 94.95, 95.13, 95.23, 95.26, 95.25], [92.89, 92.93, 92.97, 93.03, 93.08, 93.14, 93.17, 93.15, 93.01, 93.07, 92.5, 93.29, 93.82, 94.16, 94.49, 94.76, 94.94, 95.06, 95.11, 95.13], [92.89, 92.93, 92.96, 93.0, 93.04, 93.06, 93.06, 93.01, 93.56, 93.06, 92.75, 93.25, 93.72, 94.06, 94.36, 94.61, 94.79, 94.91, 94.99, 95.03], [92.89, 92.92, 92.95, 92.98, 93.0, 93.01, 92.99, 92.94, 93.63, 93.38, 93.29, 93.48, 93.77, 94.04, 94.28, 94.5, 94.67, 94.8, 94.88, 94.93], [92.89, 92.91, 92.93, 92.95, 92.97, 92.97, 92.95, 93.9, 93.76, 93.63, 93.6, 93.7, 93.87, 94.06, 94.24, 94.44, 94.59, 94.71, 94.79, 94.85]]}