gis_exercise/awsData/contour/humi_2023091008.json
{"header": {"refTime": "2023-09-10T08:00:00.000Z", "nx": 21, "ny": 33, "lo1": 113.509, "la1": 22.2235, "lo2": 113.5947, "la2": 22.1034, "dx": 0.0042850000000001385, "dy": 0.003753125000000024, "parameterCategory": 0, "parameterCategoryName": "Temperature", "parameterNumber": 0}, "z": [[95.48, 95.52, 95.58, 96.2, 96.26, 95.32, 95.44, 95.54, 95.54, 95.43, 95.06, 94.68, 94.05, 93.89, 93.79, 93.72, 92.62, 92.65, 92.66, 92.67], [95.45, 95.49, 95.55, 95.62, 96.24, 96.32, 95.56, 95.8, 95.93, 95.71, 95.09, 94.54, 93.89, 93.73, 93.65, 92.59, 92.63, 92.66, 92.67, 92.69], [95.41, 95.44, 95.5, 95.57, 96.2, 96.29, 96.43, 96.01, 96.74, 95.92, 94.97, 94.22, 93.61, 93.49, 92.54, 92.6, 92.64, 92.67, 92.69, 92.7], [95.36, 95.39, 95.43, 95.5, 95.59, 96.2, 96.32, 96.51, 96.66, 95.58, 94.59, 93.68, 93.15, 92.29, 92.53, 92.61, 92.67, 92.7, 92.72, 92.73], [95.3, 95.32, 95.35, 95.4, 95.47, 96.07, 96.12, 96.19, 96.25, 94.16, 94.12, 92.37, 92.1, 92.26, 92.53, 92.64, 92.71, 92.75, 92.76, 92.75], [95.24, 95.24, 95.26, 95.28, 95.32, 95.38, 95.87, 95.83, 96.09, 96.22, 92.6, 92.34, 92.23, 92.33, 92.59, 92.69, 92.78, 92.82, 92.8, 92.78], [94.45, 95.16, 95.15, 95.15, 95.17, 95.2, 94.5, 95.75, 95.7, 93.98, 94.21, 92.47, 92.57, 92.51, 92.66, 92.75, 92.87, 92.91, 92.82, 92.75], [94.43, 94.42, 94.42, 94.43, 94.45, 94.51, 94.63, 94.72, 94.77, 94.06, 94.14, 93.0, 93.0, 92.5, 93.0, 93.0, 93.0, 93.0, 93.0, 93.0], [94.57, 94.56, 94.38, 94.37, 94.36, 94.4, 94.52, 94.7, 95.0, 93.94, 93.0, 93.0, 93.0, 93.0, 93.0, 93.0, 93.0, 93.0, 93.0, 93.0], [94.0, 94.0, 94.0, 94.47, 94.4, 94.23, 94.35, 94.52, 95.0, 95.0, 93.0, 93.0, 93.0, 93.0, 93.0, 93.0, 93.0, 93.0, 93.0, 93.0], [94.0, 94.0, 94.0, 94.0, 94.0, 94.0, 94.0, 94.0, 94.35, 95.0, -999.0, 93.0, 93.0, 93.0, 93.0, 93.0, 93.0, 93.0, 93.0, 93.0], [94.0, 94.0, 94.0, 94.0, 94.0, 94.0, 94.0, 94.0, 94.0, -999.0, -999.0, 93.0, 93.0, 93.0, 93.0, 93.0, 93.0, 96.98, 96.88, 96.86], [94.0, 94.0, 94.0, 94.0, 94.0, 94.0, 94.0, 94.0, 94.0, 94.0, -999.0, 93.0, 93.0, 97.57, 95.56, 95.55, 95.5, 96.36, 96.24, 96.16], [94.0, 94.0, 94.0, 94.0, 94.0, 94.0, 94.0, 94.0, 94.0, 94.0, -999.0, 100.0, 100.0, 100.0, 96.15, 96.13, 96.02, 96.9, 96.71, 96.57], [94.0, 94.0, 94.0, 94.0, 94.0, 94.0, 94.0, 94.0, 94.0, 94.0, 94.0, 96.31, 100.0, 100.0, 100.0, 96.8, 96.59, 97.39, 97.14, 96.93], [94.0, 94.0, 94.0, 94.0, 94.0, 94.0, 94.0, 94.0, 94.0, 94.0, 97.78, 97.35, 97.93, 98.42, 97.86, 98.17, 97.89, 98.38, 96.82, 96.59], [94.0, 94.0, 94.0, 94.0, 94.0, 94.0, 94.0, 94.0, 94.0, 94.0, 96.58, 97.32, 98.11, 98.83, 98.73, 98.94, 98.57, 98.28, 98.07, 97.93], [94.0, 94.0, 94.0, 94.0, 94.0, 94.0, 94.0, 94.0, 94.0, 95.52, 96.33, 97.23, 98.17, 98.68, 99.81, 99.06, 98.53, 98.19, 97.97, 97.83], [94.0, 94.0, 94.0, 94.0, 94.0, 94.0, 94.0, 94.0, 94.54, 95.17, 96.29, 97.06, 97.45, 98.24, 99.13, 98.74, 98.29, 97.99, 97.81, 97.7], [94.0, 94.0, 95.71, 95.63, 95.52, 95.36, 95.12, 94.49, 94.9, 95.55, 96.28, 96.94, 97.09, 97.56, 98.42, 98.2, 97.91, 97.71, 97.6, 97.55], [95.83, 95.79, 95.73, 95.24, 95.18, 95.09, 94.98, 94.86, 95.64, 95.96, 96.41, 96.88, 96.76, 97.98, 97.87, 97.67, 97.48, 97.38, 97.36, 97.38], [95.4, 95.38, 95.37, 95.35, 95.32, 95.29, 95.27, 95.21, 96.12, 96.31, 96.57, 96.87, 97.43, 97.63, 97.45, 97.21, 97.03, 97.03, 97.13, 97.22], [95.45, 95.45, 95.45, 95.34, 95.36, 95.39, 95.44, 95.52, 95.62, 95.68, 95.67, 95.59, 96.63, 97.38, 97.15, 96.83, 96.51, 96.69, 96.96, 97.12], [95.36, 95.37, 95.39, 95.41, 95.45, 95.52, 95.62, 95.78, 95.98, 96.08, 95.95, 96.01, 96.65, 96.57, 96.48, 96.67, 95.79, 96.72, 96.97, 97.09], [95.39, 95.4, 95.43, 95.47, 95.52, 95.61, 95.74, 95.95, 96.31, 96.6, 96.19, 96.04, 95.83, 96.61, 96.55, 96.52, 96.93, 97.27, 97.07, 97.11], [95.41, 95.43, 95.46, 95.5, 95.56, 95.65, 95.77, 95.97, 96.29, 96.55, 96.26, 95.97, 95.79, 96.64, 96.61, 96.33, 96.54, 96.65, 97.11, 97.14], [95.43, 95.45, 95.48, 95.52, 95.57, 95.64, 95.73, 95.85, 95.97, 95.99, 95.95, 95.81, 95.71, 95.97, 96.12, 96.26, 96.39, 96.45, 96.44, 96.39], [95.44, 95.46, 95.49, 95.52, 95.56, 95.61, 95.66, 95.7, 95.69, 95.69, 95.58, 96.03, 96.25, 96.47, 96.04, 96.17, 96.27, 96.33, 96.34, 96.32], [95.44, 95.46, 95.49, 95.51, 95.54, 95.57, 95.59, 95.58, 95.5, 95.39, 95.29, 95.76, 96.1, 96.35, 95.97, 96.09, 96.18, 96.23, 96.26, 96.26], [95.45, 95.46, 95.48, 95.5, 95.52, 95.53, 95.53, 95.5, 95.9, 95.61, 95.44, 95.75, 96.05, 96.28, 95.91, 96.02, 96.1, 96.16, 96.19, 96.2], [95.45, 95.46, 95.47, 95.49, 95.5, 95.5, 95.5, 95.47, 95.95, 95.81, 95.77, 95.89, 96.08, 96.27, 95.88, 95.98, 96.05, 96.1, 96.14, 96.16], [95.44, 95.46, 95.47, 95.48, 95.48, 95.48, 95.47, 96.12, 96.04, 95.97, 95.96, 96.03, 96.15, 96.28, 95.87, 95.95, 96.01, 96.06, 96.1, 96.12]]}