gis_exercise/awsData/contour/humi_2023090304.json
{"header": {"refTime": "2023-09-03T04:00:00.000Z", "nx": 21, "ny": 33, "lo1": 113.509, "la1": 22.2235, "lo2": 113.5947, "la2": 22.1034, "dx": 0.0042850000000001385, "dy": 0.003753125000000024, "parameterCategory": 0, "parameterCategoryName": "Temperature", "parameterNumber": 0}, "z": [[89.63, 89.62, 89.61, 91.14, 91.03, 89.06, 89.02, 88.98, 88.94, 89.66, 89.66, 89.65, 88.45, 88.42, 88.46, 88.53, 88.87, 88.94, 88.99, 89.02], [89.63, 89.63, 89.62, 89.61, 91.03, 90.87, 89.05, 89.01, 88.96, 89.56, 89.6, 89.56, 88.37, 88.35, 88.41, 88.78, 88.89, 88.97, 89.02, 89.06], [89.64, 89.64, 89.64, 89.63, 91.07, 90.91, 90.63, 89.03, 89.0, 89.49, 89.58, 89.43, 88.23, 88.23, 88.62, 88.79, 88.93, 89.02, 89.08, 89.11], [89.64, 89.65, 89.65, 89.65, 89.65, 91.03, 90.81, 90.44, 90.1, 89.7, 89.64, 89.21, 87.97, 89.26, 88.58, 88.82, 89.0, 89.11, 89.16, 89.18], [89.65, 89.65, 89.66, 89.68, 89.69, 91.2, 91.11, 91.01, 91.04, 90.18, 89.91, 89.15, 87.91, 88.98, 88.6, 88.92, 89.14, 89.25, 89.27, 89.26], [89.65, 89.65, 89.67, 89.69, 89.73, 89.79, 91.38, 91.44, 91.64, 92.02, 90.88, 89.78, 88.77, 88.0, 88.76, 89.08, 89.34, 89.45, 89.41, 89.34], [89.89, 89.65, 89.66, 89.69, 89.74, 89.84, 91.51, 91.58, 91.81, 92.65, 92.95, 90.85, 88.71, 88.53, 88.98, 89.25, 89.61, 89.74, 89.45, 89.26], [89.86, 89.85, 89.84, 89.85, 89.9, 91.15, 91.34, 91.43, 91.39, 92.86, 94.1, 91.54, 91.51, 88.49, 90.0, 90.0, 90.0, 90.0, 90.0, 90.0], [90.15, 90.12, 89.76, 89.73, 89.72, 89.8, 90.04, 91.4, 92.27, 92.49, 93.08, 92.34, 91.98, 92.46, 90.0, 90.0, 90.0, 90.0, 90.0, 90.0], [89.0, 89.0, 89.0, 89.94, 89.8, 89.45, 89.7, 90.04, 93.27, 93.05, 91.96, 92.8, 92.53, 92.66, 90.0, 90.0, 90.0, 90.0, 90.0, 90.0], [89.0, 89.0, 89.0, 89.0, 89.0, 89.0, 89.0, 89.0, 89.71, 92.37, 95.0, 93.09, 92.87, 92.85, 90.0, 90.0, 90.0, 90.0, 90.0, 90.0], [89.0, 89.0, 89.0, 89.0, 89.0, 89.0, 89.0, 89.0, 89.0, -999.0, 95.0, 90.0, 90.0, 93.01, 90.0, 90.0, 90.0, 93.98, 93.88, 93.86], [89.0, 89.0, 89.0, 89.0, 89.0, 89.0, 89.0, 89.0, 89.0, 89.0, -999.0, 90.0, 90.0, 94.57, 92.56, 92.55, 92.5, 93.36, 93.24, 93.16], [89.0, 89.0, 89.0, 89.0, 89.0, 89.0, 89.0, 89.0, 89.0, 89.0, -999.0, 97.0, 97.0, 97.0, 93.15, 93.13, 93.02, 93.9, 93.71, 93.57], [89.0, 89.0, 89.0, 89.0, 89.0, 89.0, 89.0, 91.0, 91.0, 91.0, 91.0, 93.31, 97.0, 97.0, 97.0, 93.8, 93.59, 94.39, 94.14, 93.93], [89.0, 89.0, 90.26, 90.28, 90.32, 91.0, 91.0, 91.0, 91.0, 91.0, 94.78, 94.35, 94.93, 95.42, 94.86, 95.53, 95.31, 95.7, 94.1, 93.88], [90.28, 90.3, 89.71, 89.74, 91.0, 91.0, 91.0, 91.0, 91.0, 91.0, 93.58, 94.32, 95.11, 95.83, 95.84, 96.24, 95.97, 95.76, 95.61, 95.51], [89.71, 89.74, 89.77, 89.83, 91.0, 91.0, 91.0, 91.0, 91.0, 92.52, 93.33, 94.23, 95.17, 95.79, 96.83, 96.32, 95.94, 95.69, 95.54, 95.44], [89.75, 89.79, 89.83, 91.0, 91.0, 91.0, 91.0, 91.0, 91.54, 92.17, 93.29, 94.06, 94.63, 95.39, 96.37, 96.09, 95.77, 95.55, 95.42, 95.35], [89.78, 89.81, 92.71, 92.63, 92.52, 92.36, 92.12, 91.49, 91.9, 92.55, 93.28, 93.94, 94.32, 94.79, 95.86, 95.69, 95.49, 95.34, 95.27, 95.24], [92.83, 92.79, 92.73, 92.24, 92.18, 92.09, 91.98, 91.86, 92.64, 92.96, 93.41, 93.88, 94.04, 95.54, 95.46, 95.31, 95.17, 95.1, 95.09, 95.12], [92.4, 92.38, 92.37, 92.35, 92.32, 92.29, 92.27, 92.21, 93.12, 93.31, 93.57, 93.87, 94.74, 95.29, 95.15, 94.96, 94.83, 94.84, 94.93, 95.01], [92.45, 92.45, 92.45, 92.34, 92.36, 92.39, 92.44, 92.52, 92.62, 92.68, 92.67, 92.85, 94.26, 95.11, 94.93, 94.67, 94.4, 94.58, 94.82, 94.95], [92.36, 92.37, 92.39, 92.41, 92.45, 92.52, 92.62, 92.78, 92.98, 93.08, 92.95, 93.25, 94.26, 94.29, 94.29, 94.56, 93.76, 94.67, 94.87, 94.94], [92.39, 92.4, 92.43, 92.47, 92.52, 92.61, 92.74, 92.95, 93.31, 93.6, 93.19, 93.25, 93.13, 94.31, 94.35, 94.4, 94.87, 95.22, 94.98, 94.97], [92.41, 92.43, 92.46, 92.5, 92.56, 92.65, 92.77, 92.97, 93.29, 93.55, 93.38, 93.17, 93.07, 94.33, 94.39, 94.18, 94.44, 94.56, 95.0, 94.99], [92.43, 92.45, 92.48, 92.52, 92.57, 92.64, 92.73, 92.85, 92.97, 92.99, 93.08, 92.98, 92.96, 93.61, 93.85, 94.06, 94.23, 94.31, 94.29, 94.23], [92.44, 92.46, 92.49, 92.52, 92.56, 92.61, 92.66, 92.7, 92.69, 92.79, 92.68, 93.18, 93.47, 93.76, 93.71, 93.91, 94.05, 94.13, 94.15, 94.13], [92.44, 92.46, 92.49, 92.51, 92.54, 92.57, 92.59, 92.58, 92.5, 92.46, 92.33, 92.88, 93.29, 93.62, 93.59, 93.78, 93.91, 94.0, 94.04, 94.04], [92.45, 92.46, 92.48, 92.5, 92.52, 92.53, 92.53, 92.5, 93.02, 92.7, 92.51, 92.87, 93.24, 93.53, 93.5, 93.68, 93.8, 93.89, 93.94, 93.96], [92.45, 92.46, 92.47, 92.49, 92.5, 92.5, 92.5, 92.47, 93.09, 92.93, 92.89, 93.04, 93.28, 93.52, 93.45, 93.6, 93.72, 93.8, 93.86, 93.89], [92.44, 92.46, 92.47, 92.48, 92.48, 92.48, 92.47, 93.29, 93.2, 93.12, 93.12, 93.21, 93.36, 93.53, 93.43, 93.56, 93.66, 93.74, 93.79, 93.83]]}