gis_exercise/awsData/contour/humi_2023090722.json
{"header": {"refTime": "2023-09-07T22:00:00.000Z", "nx": 21, "ny": 33, "lo1": 113.509, "la1": 22.2235, "lo2": 113.5947, "la2": 22.1034, "dx": 0.0042850000000001385, "dy": 0.003753125000000024, "parameterCategory": 0, "parameterCategoryName": "Temperature", "parameterNumber": 0}, "z": [[94.55, 94.61, 94.69, 96.33, 96.37, 94.8, 94.97, 95.13, 95.16, 96.12, 95.89, 95.66, 94.05, 93.89, 94.08, 94.05, 92.98, 93.02, 93.06, 93.08], [94.51, 94.56, 94.65, 94.76, 96.34, 96.4, 95.11, 95.45, 95.65, 96.25, 95.88, 95.52, 93.89, 93.73, 93.94, 92.93, 93.0, 93.05, 93.09, 93.12], [94.45, 94.5, 94.57, 94.68, 96.28, 96.35, 96.47, 95.71, 96.67, 96.36, 95.79, 95.26, 93.61, 93.49, 92.82, 92.94, 93.03, 93.1, 93.14, 93.16], [94.38, 94.42, 94.48, 94.56, 94.69, 96.25, 96.35, 96.52, 96.69, 96.24, 95.6, 94.8, 93.15, 93.61, 92.8, 92.97, 93.1, 93.18, 93.21, 93.22], [94.3, 94.33, 94.36, 94.41, 94.49, 96.1, 96.13, 96.23, 96.36, 96.16, 95.53, 93.56, 92.64, 93.39, 92.82, 93.03, 93.2, 93.29, 93.31, 93.28], [94.22, 94.22, 94.23, 94.25, 94.28, 94.31, 95.84, 95.81, 95.99, 96.43, 94.96, 94.02, 93.23, 92.33, 92.89, 93.15, 93.38, 93.48, 93.43, 93.36], [93.0, 94.12, 94.1, 94.08, 94.06, 94.04, 94.52, 95.17, 95.29, 95.77, 96.3, 94.72, 92.57, 92.51, 92.99, 93.26, 93.61, 93.74, 93.63, 93.5], [93.0, 93.0, 93.0, 93.0, 93.0, 94.36, 94.36, 94.08, 93.68, 96.04, 97.82, 94.84, 94.81, 92.5, 93.63, 93.52, 93.74, 93.82, 93.69, 93.61], [93.0, 93.0, 93.0, 93.0, 93.0, 93.0, 93.0, 94.31, 94.91, 95.56, 96.69, 95.81, 95.38, 95.95, 93.6, 93.48, 93.61, 93.66, 93.63, 93.58], [93.0, 93.0, 93.0, 93.0, 93.0, 93.0, 93.0, 93.0, 96.41, 96.08, 95.35, 96.36, 96.04, 96.19, 93.6, 93.44, 93.52, 93.56, 93.56, 93.54], [93.0, 93.0, 93.0, 93.0, 93.0, 93.0, 93.0, 93.0, 93.0, 95.05, 99.0, 96.71, 96.44, 96.43, 93.61, 93.4, 93.46, 93.5, 93.51, 93.5], [93.0, 93.0, 93.0, 93.0, 93.0, 93.0, 93.0, 93.0, 93.0, -999.0, 99.0, 93.0, 93.0, 96.61, 93.62, 93.37, 93.41, 96.84, 96.77, 96.76], [93.0, 93.0, 93.0, 93.0, 93.0, 93.0, 93.0, 93.0, 93.0, 93.0, -999.0, 93.0, 93.0, 96.92, 95.19, 95.82, 95.78, 96.4, 96.31, 96.26], [93.0, 93.0, 93.0, 93.0, 93.0, 93.0, 93.0, 93.0, 93.0, 93.0, -999.0, 99.0, 99.0, 99.0, 95.7, 96.24, 96.16, 96.78, 96.65, 96.55], [93.0, 93.0, 93.0, 93.0, 93.0, 93.0, 93.0, 94.0, 94.0, 94.0, 94.0, 95.92, 99.0, 99.0, 99.0, 96.71, 96.56, 97.14, 96.96, 96.81], [93.0, 93.0, 93.63, 93.64, 93.66, 94.0, 94.0, 94.0, 94.0, 94.0, 97.15, 96.79, 97.27, 97.68, 97.22, 98.27, 98.16, 98.35, 97.16, 97.02], [93.64, 93.65, 93.35, 93.37, 94.0, 94.0, 94.0, 94.0, 94.0, 94.0, 96.15, 96.77, 97.42, 98.02, 98.18, 98.55, 98.39, 98.26, 98.18, 98.11], [93.36, 93.37, 93.39, 93.41, 94.0, 94.0, 94.0, 94.0, 94.0, 95.27, 95.94, 96.69, 97.47, 98.13, 98.88, 98.6, 98.37, 98.23, 98.13, 98.07], [93.38, 93.39, 93.42, 94.0, 94.0, 94.0, 94.0, 94.0, 94.45, 94.97, 95.81, 96.45, 97.27, 97.86, 98.63, 98.46, 98.27, 98.14, 98.07, 98.02], [93.39, 93.41, 95.14, 95.09, 95.01, 94.91, 94.75, 94.33, 94.69, 95.21, 95.79, 96.33, 97.06, 97.46, 98.33, 98.23, 98.11, 98.02, 97.97, 97.95], [95.22, 95.19, 95.15, 94.83, 94.79, 94.73, 94.65, 94.57, 95.25, 95.5, 95.87, 96.26, 96.9, 98.14, 98.1, 98.01, 97.93, 97.88, 97.87, 97.88], [94.93, 94.92, 94.91, 94.9, 94.88, 94.86, 94.84, 94.69, 95.59, 95.74, 95.96, 96.21, 97.38, 97.99, 97.92, 97.82, 97.74, 97.74, 97.77, 97.81], [94.97, 94.97, 94.97, 94.73, 94.75, 94.77, 94.82, 94.88, 94.95, 94.99, 94.97, 95.67, 96.93, 97.89, 97.79, 97.66, 97.54, 97.6, 97.7, 97.76], [94.71, 94.72, 94.74, 94.76, 94.8, 94.85, 94.93, 95.05, 95.2, 95.27, 95.16, 95.75, 96.9, 97.05, 97.18, 97.59, 97.27, 97.59, 97.69, 97.74], [94.72, 94.74, 94.76, 94.79, 94.83, 94.89, 94.99, 95.16, 95.44, 95.67, 95.32, 95.68, 95.73, 97.04, 97.19, 97.31, 97.66, 97.77, 97.72, 97.75], [94.73, 94.75, 94.77, 94.79, 94.84, 94.9, 94.99, 95.14, 95.4, 95.61, 95.62, 95.55, 95.61, 97.03, 97.17, 96.99, 97.2, 97.27, 97.74, 97.76], [94.73, 94.75, 94.77, 94.79, 94.82, 94.87, 94.93, 95.01, 95.1, 95.1, 95.33, 95.33, 95.44, 96.25, 96.56, 96.8, 96.97, 97.05, 97.04, 96.99], [94.73, 94.74, 94.76, 94.78, 94.8, 94.82, 94.85, 94.85, 94.81, 94.99, 94.89, 95.18, 95.47, 95.76, 96.36, 96.61, 96.77, 96.86, 96.89, 96.88], [94.73, 94.74, 94.75, 94.76, 94.77, 94.77, 94.77, 94.73, 94.62, 94.61, 94.33, 94.88, 95.29, 95.62, 96.19, 96.43, 96.6, 96.7, 96.75, 96.77], [94.72, 94.73, 94.74, 94.74, 94.74, 94.73, 94.71, 94.65, 95.02, 94.7, 94.51, 94.87, 95.24, 95.53, 96.07, 96.3, 96.46, 96.57, 96.64, 96.67], [94.72, 94.72, 94.72, 94.72, 94.72, 94.7, 94.67, 94.62, 95.09, 94.93, 94.89, 95.04, 95.28, 95.52, 96.0, 96.2, 96.36, 96.47, 96.54, 96.58], [94.71, 94.71, 94.71, 94.71, 94.7, 94.68, 94.66, 95.29, 95.2, 95.12, 95.12, 95.21, 95.36, 95.53, 95.97, 96.14, 96.28, 96.38, 96.46, 96.51]]}