gis_exercise/awsData/contour/humi_2023090118.json
{"header": {"refTime": "2023-09-01T18:00:00.000Z", "nx": 21, "ny": 33, "lo1": 113.509, "la1": 22.2235, "lo2": 113.5947, "la2": 22.1034, "dx": 0.0042850000000001385, "dy": 0.003753125000000024, "parameterCategory": 0, "parameterCategoryName": "Temperature", "parameterNumber": 0}, "z": [[79.88, 79.95, 80.04, 81.92, 81.93, 79.86, 79.99, 80.11, 80.1, 80.62, 80.28, 79.95, 78.5, 78.32, 78.25, 78.25, 77.5, 77.58, 77.65, 77.69], [79.83, 79.9, 79.99, 80.11, 81.91, 81.93, 80.16, 80.46, 80.62, 80.82, 80.27, 79.75, 78.26, 78.08, 78.06, 77.38, 77.52, 77.62, 77.7, 77.75], [79.77, 79.83, 79.92, 80.04, 81.89, 81.9, 81.93, 80.74, 81.67, 80.99, 80.14, 79.39, 77.84, 77.73, 77.16, 77.38, 77.57, 77.7, 77.77, 77.81], [79.69, 79.74, 79.82, 79.93, 80.08, 81.86, 81.89, 81.93, 81.98, 80.78, 79.86, 78.75, 77.12, 77.69, 77.1, 77.43, 77.67, 77.82, 77.88, 77.9], [79.6, 79.64, 79.69, 79.78, 79.9, 81.8, 81.81, 81.85, 81.93, 80.59, 79.71, 77.54, 76.08, 77.37, 77.14, 77.56, 77.85, 78.0, 78.03, 78.01], [79.49, 79.51, 79.54, 79.6, 79.69, 79.83, 81.68, 81.67, 81.8, 82.11, 79.54, 78.29, 77.12, 76.34, 77.34, 77.77, 78.12, 78.27, 78.21, 78.12], [78.34, 79.37, 79.36, 79.38, 79.44, 79.56, 80.26, 81.32, 81.42, 81.65, 81.95, 79.59, 77.28, 77.04, 77.64, 78.0, 78.48, 78.65, 78.26, 78.01], [78.28, 78.27, 78.26, 78.28, 78.35, 79.77, 80.05, 80.29, 80.39, 81.86, 83.1, 80.54, 80.51, 76.99, 79.0, 79.0, 79.0, 79.0, 79.0, 79.0], [78.72, 78.67, 78.14, 78.1, 78.08, 78.19, 78.56, 80.16, 81.27, 81.49, 82.08, 81.34, 80.98, 81.46, 79.0, 79.0, 79.0, 79.0, 79.0, 79.0], [77.0, 77.0, 77.0, 78.4, 78.21, 77.68, 78.05, 78.56, 82.27, 82.05, 80.96, 81.8, 81.53, 81.66, 79.0, 79.0, 79.0, 79.0, 79.0, 79.0], [77.0, 77.0, 77.0, 77.0, 77.0, 77.0, 77.0, 77.0, 78.06, 81.37, 84.0, 82.09, 81.87, 81.85, 79.0, 79.0, 79.0, 79.0, 79.0, 79.0], [77.0, 77.0, 77.0, 77.0, 77.0, 77.0, 77.0, 77.0, 77.0, -999.0, 84.0, 79.0, 79.0, 82.01, 79.0, 79.0, 79.0, 84.12, 83.99, 83.96], [77.0, 77.0, 77.0, 77.0, 77.0, 77.0, 77.0, 77.0, 77.0, 77.0, -999.0, 79.0, 79.0, 84.88, 82.29, 82.28, 82.21, 83.32, 83.16, 83.06], [77.0, 77.0, 77.0, 77.0, 77.0, 77.0, 77.0, 77.0, 77.0, 77.0, -999.0, 88.0, 88.0, 88.0, 83.05, 83.03, 82.88, 84.01, 83.77, 83.58], [77.0, 77.0, 77.0, 77.0, 77.0, 77.0, 77.0, 81.0, 81.0, 81.0, 81.0, 83.69, 88.0, 88.0, 88.0, 83.88, 83.61, 84.65, 84.33, 84.06], [77.0, 77.0, 79.52, 79.56, 79.64, 81.0, 81.0, 81.0, 81.0, 81.0, 85.4, 84.91, 85.58, 86.15, 85.51, 83.97, 83.35, 84.43, 82.66, 82.29], [79.57, 79.59, 78.41, 78.48, 81.0, 81.0, 81.0, 81.0, 81.0, 81.0, 84.01, 84.88, 85.79, 86.63, 85.94, 86.43, 85.88, 85.46, 85.16, 84.97], [78.43, 78.48, 78.55, 78.65, 81.0, 81.0, 81.0, 81.0, 81.0, 82.78, 83.72, 84.77, 85.86, 85.91, 87.69, 86.6, 85.81, 85.31, 85.01, 84.83], [78.51, 78.57, 78.66, 81.0, 81.0, 81.0, 81.0, 81.0, 81.63, 82.36, 82.65, 83.5, 84.09, 85.17, 86.7, 86.11, 85.44, 85.01, 84.76, 84.64], [78.56, 78.63, 79.86, 79.91, 79.99, 80.09, 80.25, 80.67, 81.44, 81.86, 82.45, 83.16, 83.46, 83.98, 85.62, 85.27, 84.84, 84.56, 84.43, 84.4], [79.78, 79.81, 79.85, 80.17, 80.21, 80.27, 80.35, 80.43, 81.62, 81.85, 82.25, 82.79, 82.81, 84.96, 84.75, 84.42, 84.12, 84.01, 84.07, 84.17], [80.07, 80.08, 80.09, 80.1, 80.12, 80.14, 80.16, 79.61, 81.5, 81.65, 81.94, 82.37, 81.55, 84.41, 84.07, 83.61, 83.28, 83.4, 83.73, 83.98], [80.03, 80.03, 80.03, 79.26, 79.29, 79.32, 79.33, 79.32, 79.29, 79.24, 79.18, 79.06, 81.3, 84.04, 83.59, 82.88, 82.08, 82.78, 83.59, 83.92], [79.13, 79.14, 79.15, 79.16, 79.16, 79.16, 79.14, 79.11, 79.07, 79.03, 79.0, 78.01, 81.25, 81.59, 81.8, 82.67, 79.87, 83.41, 83.94, 84.04], [79.07, 79.07, 79.06, 79.06, 79.04, 79.02, 78.99, 78.96, 78.95, 78.95, 78.88, 78.04, 77.83, 81.66, 82.01, 82.38, 84.2, 85.67, 84.43, 84.2], [79.01, 79.0, 78.99, 78.96, 78.93, 78.89, 78.85, 78.82, 78.84, 78.87, 78.26, 77.97, 77.79, 81.7, 82.13, 82.33, 83.16, 83.61, 84.43, 84.27], [78.96, 78.94, 78.91, 78.88, 78.83, 78.78, 78.72, 78.66, 78.6, 78.53, 77.95, 77.81, 77.71, 80.88, 81.48, 82.05, 82.56, 82.82, 82.75, 82.55], [78.91, 78.88, 78.85, 78.81, 78.75, 78.68, 78.59, 78.47, 78.31, 77.69, 77.58, 79.36, 80.18, 81.1, 81.17, 81.69, 82.08, 82.31, 82.35, 82.29], [78.87, 78.84, 78.8, 78.74, 78.68, 78.59, 78.48, 78.32, 78.08, 77.39, 77.64, 78.82, 79.84, 80.75, 80.87, 81.35, 81.71, 81.93, 82.03, 82.04], [78.83, 78.8, 78.75, 78.69, 78.62, 78.53, 78.41, 78.25, 78.96, 78.37, 78.03, 78.84, 79.74, 80.55, 80.66, 81.09, 81.42, 81.64, 81.76, 81.82], [78.8, 78.76, 78.72, 78.66, 78.59, 78.5, 78.39, 78.24, 79.18, 78.9, 78.86, 79.25, 79.86, 80.5, 80.53, 80.91, 81.2, 81.41, 81.55, 81.63], [78.78, 78.74, 78.69, 78.64, 78.57, 78.49, 78.39, 79.63, 79.46, 79.35, 79.39, 79.65, 80.06, 80.54, 80.47, 80.79, 81.05, 81.24, 81.38, 81.48]]}