gis_exercise/awsData/contour/humi_2023090522.json
{"header": {"refTime": "2023-09-05T22:00:00.000Z", "nx": 21, "ny": 33, "lo1": 113.509, "la1": 22.2235, "lo2": 113.5947, "la2": 22.1034, "dx": 0.0042850000000001385, "dy": 0.003753125000000024, "parameterCategory": 0, "parameterCategoryName": "Temperature", "parameterNumber": 0}, "z": [[62.88, 62.83, 62.77, 61.45, 61.47, 60.35, 60.45, 60.53, 60.51, 60.29, 59.95, 59.62, 58.66, 58.48, 58.66, 58.65, 57.6, 57.67, 57.72, 57.76], [62.91, 62.86, 62.8, 62.72, 61.47, 61.51, 60.58, 60.8, 60.91, 60.54, 59.97, 59.48, 58.46, 58.28, 58.5, 57.52, 57.63, 57.71, 57.77, 57.8], [62.95, 62.9, 62.84, 62.76, 61.45, 61.5, 61.58, 61.03, 61.74, 60.75, 59.86, 59.17, 58.11, 57.99, 57.36, 57.53, 57.68, 57.78, 57.84, 57.86], [63.01, 62.96, 62.9, 62.81, 62.7, 61.46, 61.52, 61.62, 61.72, 60.44, 59.54, 58.64, 57.54, 57.44, 57.33, 57.57, 57.76, 57.88, 57.93, 57.94], [63.08, 63.04, 62.98, 62.9, 62.78, 61.4, 61.42, 61.46, 61.47, 59.99, 59.25, 57.37, 56.58, 57.27, 57.35, 57.67, 57.92, 58.04, 58.07, 58.04], [63.16, 63.14, 63.1, 63.02, 62.9, 62.71, 61.32, 61.31, 61.29, 61.27, 58.46, 57.77, 57.13, 56.67, 57.48, 57.84, 58.16, 58.29, 58.23, 58.13], [63.76, 63.27, 63.25, 63.2, 63.08, 62.86, 62.25, 61.19, 61.15, 60.41, 60.24, 58.46, 57.14, 57.02, 57.65, 58.01, 58.48, 58.66, 58.45, 58.26], [63.86, 63.89, 63.9, 63.87, 63.76, 62.89, 62.42, 61.73, 60.83, 60.51, 60.65, 58.92, 58.9, 56.99, 58.63, 58.52, 58.74, 58.82, 58.69, 58.61], [63.14, 63.21, 64.09, 64.17, 64.2, 64.01, 63.4, 62.19, 61.0, 60.36, 59.85, 59.41, 59.19, 59.48, 58.6, 58.48, 58.61, 58.66, 58.63, 58.58], [66.0, 66.0, 66.0, 63.66, 63.99, 64.87, 64.26, 63.4, 61.0, 61.0, 59.18, 59.68, 59.52, 59.6, 58.6, 58.44, 58.52, 58.56, 58.56, 58.54], [66.0, 66.0, 66.0, 66.0, 66.0, 66.0, 66.0, 66.0, 64.23, 61.0, 61.0, 59.86, 59.72, 59.71, 58.61, 58.4, 58.46, 58.5, 58.51, 58.5], [66.0, 66.0, 66.0, 66.0, 66.0, 66.0, 66.0, 66.0, 66.0, -999.0, 61.0, 58.0, 58.0, 59.81, 58.62, 58.37, 58.41, 62.41, 62.33, 62.31], [66.0, 66.0, 66.0, 66.0, 66.0, 66.0, 66.0, 66.0, 66.0, 66.0, -999.0, 58.0, 58.0, 62.57, 60.56, 61.18, 61.14, 61.88, 61.77, 61.71], [66.0, 66.0, 66.0, 66.0, 66.0, 66.0, 66.0, 66.0, 66.0, 66.0, -999.0, 65.0, 65.0, 65.0, 61.15, 61.68, 61.59, 62.34, 62.18, 62.06], [66.0, 66.0, 66.0, 66.0, 66.0, 66.0, 66.0, 67.0, 67.0, 67.0, 67.0, 66.23, 65.0, 65.0, 65.0, 62.25, 62.07, 62.77, 62.55, 62.37], [66.0, 66.0, 66.63, 66.64, 66.66, 67.0, 67.0, 67.0, 67.0, 67.0, 65.74, 65.88, 65.69, 65.53, 65.71, 63.9, 63.73, 64.03, 62.63, 62.45], [66.64, 66.65, 66.35, 66.37, 67.0, 67.0, 67.0, 67.0, 67.0, 67.0, 66.14, 65.89, 65.63, 65.39, 64.9, 66.36, 66.85, 67.25, 67.55, 67.78], [66.36, 66.37, 66.39, 66.41, 67.0, 67.0, 67.0, 67.0, 67.0, 66.49, 66.22, 65.92, 65.61, 64.94, 64.98, 66.19, 66.88, 67.34, 67.66, 67.89], [66.38, 66.39, 66.42, 67.0, 67.0, 67.0, 67.0, 67.0, 66.82, 66.61, 67.17, 66.95, 65.01, 64.88, 66.08, 66.56, 67.12, 67.54, 67.84, 68.06], [66.39, 66.41, 69.29, 69.17, 69.03, 68.81, 68.49, 67.66, 67.26, 67.35, 67.34, 67.17, 64.93, 64.75, 66.91, 67.15, 67.51, 67.83, 68.08, 68.27], [69.44, 69.38, 69.31, 68.65, 68.57, 68.45, 68.3, 68.14, 67.63, 67.65, 67.62, 67.47, 64.8, 67.45, 67.49, 67.64, 67.86, 68.12, 68.36, 68.53], [68.86, 68.85, 68.82, 68.8, 68.76, 68.72, 68.69, 69.61, 68.09, 68.09, 68.02, 67.84, 66.0, 67.84, 67.88, 67.91, 68.0, 68.33, 68.68, 68.83], [68.94, 68.94, 68.94, 70.22, 70.18, 70.14, 70.12, 70.15, 70.23, 70.33, 70.42, 67.45, 70.07, 68.16, 68.16, 67.95, 67.52, 68.42, 69.15, 69.22], [70.45, 70.44, 70.43, 70.42, 70.42, 70.44, 70.48, 70.57, 70.68, 70.76, 70.79, 69.54, 70.16, 69.92, 69.58, 68.24, 65.46, 69.91, 70.04, 69.68], [70.56, 70.56, 70.58, 70.6, 70.64, 70.69, 70.77, 70.86, 70.96, 71.0, 71.04, 69.88, 69.13, 70.08, 69.93, 69.91, 70.93, 73.02, 70.78, 70.0], [70.66, 70.68, 70.72, 70.76, 70.83, 70.91, 71.0, 71.1, 71.14, 71.13, 70.67, 70.23, 69.55, 70.25, 70.24, 70.92, 71.49, 71.93, 70.59, 70.05], [70.75, 70.79, 70.84, 70.91, 71.0, 71.1, 71.22, 71.35, 71.47, 71.59, 71.05, 70.69, 70.03, 71.47, 71.24, 71.21, 71.37, 71.5, 71.44, 71.31], [70.84, 70.89, 70.95, 71.04, 71.14, 71.27, 71.43, 71.63, 71.9, 71.75, 71.88, 73.7, 73.94, 74.29, 71.5, 71.38, 71.38, 71.4, 71.37, 71.31], [70.91, 70.97, 71.05, 71.14, 71.26, 71.41, 71.6, 71.86, 72.26, 72.53, 73.9, 73.85, 73.99, 74.24, 71.69, 71.52, 71.44, 71.41, 71.37, 71.32], [70.97, 71.04, 71.12, 71.22, 71.34, 71.5, 71.7, 71.98, 73.66, 73.8, 73.89, 73.91, 74.02, 74.22, 71.81, 71.63, 71.52, 71.45, 71.39, 71.35], [71.03, 71.09, 71.18, 71.28, 71.4, 71.55, 71.74, 71.98, 73.73, 73.81, 73.88, 73.94, 74.05, 74.21, 71.87, 71.7, 71.58, 71.5, 71.43, 71.38], [71.07, 71.13, 71.22, 71.31, 71.43, 71.57, 71.73, 73.74, 73.79, 73.85, 73.91, 73.98, 74.08, 74.21, 71.9, 71.74, 71.63, 71.54, 71.47, 71.42]]}