gis_exercise/awsData/contour/humi_2023091018.json
{"header": {"refTime": "2023-09-10T18:00:00.000Z", "nx": 21, "ny": 33, "lo1": 113.509, "la1": 22.2235, "lo2": 113.5947, "la2": 22.1034, "dx": 0.0042850000000001385, "dy": 0.003753125000000024, "parameterCategory": 0, "parameterCategoryName": "Temperature", "parameterNumber": 0}, "z": [[90.77, 90.81, 90.85, 92.69, 92.66, 90.55, 90.66, 90.75, 90.76, 91.96, 91.84, 91.7, 89.69, 89.57, 89.49, 89.44, 88.62, 88.65, 88.66, 88.67], [90.75, 90.78, 90.82, 90.88, 92.64, 92.6, 90.76, 90.97, 91.09, 91.96, 91.79, 91.57, 89.56, 89.43, 89.38, 88.59, 88.63, 88.66, 88.67, 88.69], [90.72, 90.75, 90.79, 90.84, 92.62, 92.58, 92.51, 91.15, 91.78, 91.98, 91.73, 91.35, 89.33, 89.24, 88.54, 88.6, 88.64, 88.67, 88.69, 88.7], [90.69, 90.71, 90.74, 90.78, 90.84, 92.57, 92.52, 92.45, 92.38, 92.05, 91.67, 90.95, 88.96, 90.0, 88.53, 88.61, 88.67, 88.7, 88.72, 88.73], [90.65, 90.66, 90.68, 90.71, 90.75, 92.55, 92.52, 92.54, 92.67, 92.32, 91.8, 89.96, 88.8, 89.73, 88.53, 88.64, 88.71, 88.75, 88.76, 88.75], [90.61, 90.61, 90.62, 90.62, 90.64, 90.66, 92.45, 92.46, 92.71, 93.28, 91.72, 90.52, 89.52, 88.33, 88.59, 88.69, 88.78, 88.82, 88.8, 88.78], [90.0, 90.56, 90.55, 90.54, 90.53, 90.52, 91.77, 92.04, 92.26, 93.03, 93.6, 91.38, 88.57, 88.51, 88.66, 88.75, 88.87, 88.91, 88.82, 88.75], [90.0, 90.0, 90.0, 90.0, 90.0, 91.58, 91.58, 91.27, 90.73, 93.39, 95.5, 91.46, 91.41, 88.5, 89.0, 89.0, 89.0, 89.0, 89.0, 89.0], [90.0, 90.0, 90.0, 90.0, 90.0, 90.0, 90.0, 91.53, 92.23, 92.77, 93.93, 92.75, 92.17, 92.93, 89.0, 89.0, 89.0, 89.0, 89.0, 89.0], [90.0, 90.0, 90.0, 90.0, 90.0, 90.0, 90.0, 90.0, 93.98, 93.59, 92.14, 93.47, 93.05, 93.25, 89.0, 89.0, 89.0, 89.0, 89.0, 89.0], [90.0, 90.0, 90.0, 90.0, 90.0, 90.0, 90.0, 90.0, 90.0, 92.39, 97.0, 93.95, 93.59, 93.57, 89.0, 89.0, 89.0, 89.0, 89.0, 89.0], [90.0, 90.0, 90.0, 90.0, 90.0, 90.0, 90.0, 90.0, 90.0, -999.0, 97.0, 89.0, 89.0, 93.81, 89.0, 89.0, 89.0, 93.55, 93.44, 93.41], [90.0, 90.0, 90.0, 90.0, 90.0, 90.0, 90.0, 90.0, 90.0, 90.0, -999.0, 89.0, 89.0, 94.22, 91.93, 91.91, 91.85, 92.84, 92.7, 92.61], [90.0, 90.0, 90.0, 90.0, 90.0, 90.0, 90.0, 90.0, 90.0, 90.0, -999.0, 97.0, 97.0, 97.0, 92.6, 92.58, 92.45, 93.46, 93.24, 93.08], [90.0, 90.0, 90.0, 90.0, 90.0, 90.0, 90.0, 91.0, 91.0, 91.0, 91.0, 93.31, 97.0, 97.0, 97.0, 93.34, 93.1, 94.02, 93.73, 93.5], [90.0, 90.0, 90.63, 90.64, 90.66, 91.0, 91.0, 91.0, 91.0, 91.0, 94.78, 94.35, 94.93, 95.42, 94.86, 95.53, 95.31, 95.7, 93.84, 93.61], [90.64, 90.65, 90.35, 90.37, 91.0, 91.0, 91.0, 91.0, 91.0, 91.0, 93.58, 94.32, 95.11, 95.83, 95.84, 96.1, 95.78, 95.53, 95.35, 95.23], [90.36, 90.37, 90.39, 90.41, 91.0, 91.0, 91.0, 91.0, 91.0, 92.52, 93.33, 94.23, 95.17, 95.79, 96.83, 96.2, 95.74, 95.45, 95.27, 95.15], [90.38, 90.39, 90.42, 91.0, 91.0, 91.0, 91.0, 91.0, 91.54, 92.17, 93.47, 94.25, 94.63, 95.39, 96.26, 95.93, 95.55, 95.29, 95.13, 95.04], [90.39, 90.41, 93.29, 93.17, 93.03, 92.81, 92.49, 91.66, 92.01, 92.73, 93.5, 94.17, 94.32, 94.79, 95.66, 95.47, 95.23, 95.05, 94.95, 94.9], [93.44, 93.38, 93.31, 92.65, 92.57, 92.45, 92.3, 92.14, 92.87, 93.22, 93.7, 94.16, 94.04, 95.28, 95.19, 95.03, 94.86, 94.77, 94.75, 94.76], [92.86, 92.85, 92.82, 92.8, 92.76, 92.72, 92.69, 92.39, 93.48, 93.68, 93.95, 94.23, 95.07, 94.99, 94.84, 94.64, 94.49, 94.48, 94.55, 94.62], [92.94, 92.94, 92.94, 92.46, 92.49, 92.55, 92.64, 92.76, 92.91, 92.99, 92.94, 93.3, 94.33, 94.77, 94.59, 94.33, 94.08, 94.2, 94.4, 94.53], [92.43, 92.45, 92.48, 92.52, 92.59, 92.69, 92.85, 93.09, 93.4, 93.54, 93.33, 93.51, 94.36, 94.24, 94.11, 94.19, 93.54, 94.19, 94.38, 94.49], [92.45, 92.48, 92.51, 92.57, 92.65, 92.78, 92.98, 93.31, 93.87, 94.35, 93.65, 93.5, 93.26, 94.27, 94.16, 94.09, 94.32, 94.54, 94.45, 94.5], [92.46, 92.49, 92.53, 92.59, 92.67, 92.79, 92.98, 93.28, 93.8, 94.22, 93.76, 93.33, 93.13, 94.31, 94.22, 93.58, 93.82, 93.92, 94.48, 94.52], [92.47, 92.49, 92.53, 92.58, 92.65, 92.74, 92.86, 93.02, 93.2, 93.2, 93.15, 92.97, 92.91, 92.93, 93.2, 93.43, 93.6, 93.68, 93.66, 93.61], [92.46, 92.49, 92.52, 92.56, 92.6, 92.65, 92.69, 92.71, 92.63, 92.58, 92.36, 92.77, 93.08, 93.35, 93.04, 93.26, 93.41, 93.5, 93.52, 93.51], [92.46, 92.48, 92.5, 92.52, 92.54, 92.55, 92.53, 92.45, 92.24, 91.92, 91.5, 92.29, 92.82, 93.16, 92.89, 93.11, 93.26, 93.35, 93.39, 93.41], [92.45, 92.46, 92.47, 92.48, 92.48, 92.47, 92.42, 92.3, 92.56, 92.06, 91.75, 92.25, 92.72, 93.06, 92.79, 92.99, 93.13, 93.23, 93.29, 93.32], [92.43, 92.44, 92.45, 92.44, 92.43, 92.41, 92.35, 92.25, 92.63, 92.38, 92.29, 92.48, 92.77, 93.04, 92.73, 92.9, 93.04, 93.13, 93.2, 93.24], [92.42, 92.42, 92.42, 92.42, 92.4, 92.37, 92.32, 92.9, 92.76, 92.63, 92.6, 92.7, 92.87, 93.06, 92.7, 92.85, 92.97, 93.06, 93.13, 93.17]]}