gis_exercise/awsData/contour/humi_2023090618.json
{"header": {"refTime": "2023-09-06T18:00:00.000Z", "nx": 21, "ny": 33, "lo1": 113.509, "la1": 22.2235, "lo2": 113.5947, "la2": 22.1034, "dx": 0.0042850000000001385, "dy": 0.003753125000000024, "parameterCategory": 0, "parameterCategoryName": "Temperature", "parameterNumber": 0}, "z": [[75.49, 75.55, 75.61, 77.47, 77.45, 75.58, 75.67, 75.74, 75.72, 76.32, 76.11, 75.89, 74.53, 74.41, 74.93, 75.01, 74.58, 74.7, 74.78, 74.84], [75.46, 75.51, 75.58, 75.67, 77.44, 77.41, 75.78, 75.97, 76.07, 76.41, 76.08, 75.74, 74.36, 74.23, 74.8, 74.45, 74.63, 74.77, 74.86, 74.92], [75.41, 75.46, 75.53, 75.62, 77.43, 77.4, 77.35, 76.17, 76.78, 76.51, 75.99, 75.48, 74.06, 73.98, 74.18, 74.47, 74.71, 74.88, 74.98, 75.02], [75.35, 75.39, 75.45, 75.54, 75.65, 77.4, 77.37, 77.31, 77.26, 76.43, 75.83, 75.01, 73.55, 74.26, 74.13, 74.54, 74.86, 75.06, 75.15, 75.16], [75.27, 75.3, 75.35, 75.43, 75.53, 77.4, 77.38, 77.39, 77.46, 76.45, 75.82, 74.15, 72.91, 73.98, 74.17, 74.71, 75.12, 75.34, 75.37, 75.32], [75.19, 75.2, 75.23, 75.29, 75.37, 75.5, 77.35, 77.36, 77.51, 77.84, 75.88, 74.78, 73.77, 73.0, 74.37, 74.98, 75.54, 75.77, 75.66, 75.49], [74.34, 75.09, 75.09, 75.11, 75.18, 75.3, 76.26, 77.14, 77.27, 77.65, 77.95, 75.85, 73.71, 73.53, 74.65, 75.27, 76.09, 76.4, 76.08, 75.76], [74.28, 74.27, 74.26, 74.28, 74.35, 75.77, 76.05, 76.29, 76.39, 77.86, 79.1, 76.54, 76.51, 73.49, 76.26, 76.04, 76.48, 76.63, 76.39, 76.22], [74.72, 74.67, 74.14, 74.1, 74.08, 74.19, 74.56, 76.16, 77.27, 77.49, 78.08, 77.34, 76.98, 77.46, 76.2, 75.96, 76.21, 76.32, 76.26, 76.16], [73.0, 73.0, 73.0, 74.4, 74.21, 73.68, 74.05, 74.56, 78.27, 78.05, 76.96, 77.8, 77.53, 77.66, 76.2, 75.87, 76.04, 76.12, 76.12, 76.09], [73.0, 73.0, 73.0, 73.0, 73.0, 73.0, 73.0, 73.0, 74.06, 77.37, 80.0, 78.09, 77.87, 77.85, 76.22, 75.81, 75.93, 76.0, 76.01, 76.0], [73.0, 73.0, 73.0, 73.0, 73.0, 73.0, 73.0, 73.0, 73.0, -999.0, 80.0, 75.0, 75.0, 78.01, 76.24, 75.74, 75.81, 79.84, 79.77, 79.76], [73.0, 73.0, 73.0, 73.0, 73.0, 73.0, 73.0, 73.0, 73.0, 73.0, -999.0, 75.0, 75.0, 79.57, 77.56, 78.82, 78.78, 79.4, 79.31, 79.26], [73.0, 73.0, 73.0, 73.0, 73.0, 73.0, 73.0, 73.0, 73.0, 73.0, -999.0, 82.0, 82.0, 82.0, 78.15, 79.24, 79.16, 79.78, 79.65, 79.55], [73.0, 73.0, 73.0, 73.0, 73.0, 73.0, 73.0, 72.0, 72.0, 72.0, 72.0, 75.84, 82.0, 82.0, 82.0, 79.71, 79.56, 80.14, 79.96, 79.81], [73.0, 73.0, 72.37, 72.36, 72.34, 72.0, 72.0, 72.0, 72.0, 72.0, 78.29, 77.58, 78.55, 79.36, 78.44, 80.17, 79.89, 80.38, 79.34, 79.15], [72.36, 72.35, 72.65, 72.63, 72.0, 72.0, 72.0, 72.0, 72.0, 72.0, 76.3, 77.54, 78.85, 80.05, 80.25, 81.79, 81.71, 81.66, 81.64, 81.63], [72.64, 72.63, 72.61, 72.59, 72.0, 72.0, 72.0, 72.0, 72.0, 74.54, 75.88, 77.38, 78.94, 80.16, 81.75, 81.8, 81.69, 81.63, 81.61, 81.61], [72.62, 72.61, 72.58, 72.0, 72.0, 72.0, 72.0, 72.0, 72.9, 73.95, 75.81, 77.1, 78.36, 79.58, 81.81, 81.72, 81.62, 81.58, 81.57, 81.58], [72.61, 72.59, 74.86, 74.72, 74.53, 74.27, 73.86, 72.82, 73.49, 74.59, 75.81, 76.9, 77.9, 78.69, 81.63, 81.56, 81.5, 81.48, 81.51, 81.55], [75.05, 74.98, 74.88, 74.07, 73.96, 73.82, 73.63, 73.43, 74.73, 75.26, 76.02, 76.8, 77.52, 81.53, 81.46, 81.38, 81.33, 81.36, 81.45, 81.53], [74.33, 74.31, 74.28, 74.25, 74.2, 74.15, 74.11, 74.26, 75.54, 75.85, 76.29, 76.78, 78.77, 81.43, 81.31, 81.15, 81.05, 81.19, 81.41, 81.55], [74.42, 74.42, 74.42, 74.58, 74.59, 74.62, 74.68, 74.8, 74.95, 75.06, 75.06, 75.53, 79.67, 81.38, 81.21, 80.88, 80.46, 80.98, 81.49, 81.63], [74.65, 74.66, 74.68, 74.72, 74.77, 74.86, 75.02, 75.25, 75.55, 75.7, 75.53, 76.5, 79.6, 80.02, 80.32, 80.89, 79.05, 81.63, 81.87, 81.8], [74.71, 74.74, 74.78, 74.83, 74.92, 75.04, 75.24, 75.55, 76.05, 76.46, 75.91, 76.46, 76.43, 80.05, 80.46, 80.86, 82.21, 83.35, 82.26, 81.95], [74.77, 74.8, 74.85, 74.92, 75.01, 75.15, 75.34, 75.63, 76.07, 76.42, 76.5, 76.36, 76.34, 80.06, 80.52, 80.69, 81.41, 81.77, 82.2, 81.99], [74.81, 74.85, 74.91, 74.97, 75.07, 75.19, 75.34, 75.53, 75.72, 75.78, 76.2, 76.16, 76.2, 79.2, 79.81, 80.37, 80.84, 81.07, 81.02, 80.84], [74.85, 74.89, 74.94, 75.01, 75.09, 75.18, 75.29, 75.39, 75.44, 75.89, 75.78, 77.21, 77.97, 78.8, 79.47, 79.99, 80.38, 80.59, 80.64, 80.59], [74.87, 74.91, 74.96, 75.02, 75.09, 75.16, 75.23, 75.28, 75.27, 75.53, 75.6, 76.7, 77.65, 78.48, 79.15, 79.65, 80.0, 80.23, 80.33, 80.35], [74.89, 74.93, 74.97, 75.02, 75.08, 75.13, 75.18, 75.2, 76.84, 76.29, 75.96, 76.72, 77.55, 78.3, 78.92, 79.37, 79.71, 79.93, 80.07, 80.13], [74.9, 74.94, 74.98, 75.02, 75.06, 75.11, 75.14, 75.16, 77.04, 76.78, 76.74, 77.1, 77.67, 78.25, 78.78, 79.18, 79.49, 79.71, 79.85, 79.94], [74.91, 74.94, 74.98, 75.01, 75.05, 75.08, 75.11, 77.46, 77.3, 77.19, 77.23, 77.47, 77.85, 78.29, 78.72, 79.06, 79.33, 79.54, 79.68, 79.78]]}