gis_exercise/awsData/contour/humi_2023091023.json
{"header": {"refTime": "2023-09-10T23:00:00.000Z", "nx": 21, "ny": 33, "lo1": 113.509, "la1": 22.2235, "lo2": 113.5947, "la2": 22.1034, "dx": 0.0042850000000001385, "dy": 0.003753125000000024, "parameterCategory": 0, "parameterCategoryName": "Temperature", "parameterNumber": 0}, "z": [[92.02, 92.03, 92.04, 93.32, 93.26, 91.33, 91.35, 91.36, 91.31, 91.76, 91.63, 91.48, 89.93, 89.82, 89.77, 89.77, 89.25, 89.29, 89.32, 89.35], [92.01, 92.02, 92.03, 92.05, 93.26, 93.16, 91.43, 91.49, 91.51, 91.79, 91.59, 91.35, 89.79, 89.69, 89.67, 89.19, 89.26, 89.31, 89.35, 89.37], [92.0, 92.01, 92.03, 92.05, 93.28, 93.18, 93.01, 91.61, 91.89, 91.84, 91.52, 91.13, 89.56, 89.49, 89.08, 89.19, 89.28, 89.35, 89.39, 89.41], [91.99, 92.0, 92.02, 92.04, 92.07, 93.25, 93.11, 92.89, 92.68, 91.85, 91.44, 90.74, 89.16, 90.04, 89.05, 89.22, 89.33, 89.41, 89.44, 89.45], [91.97, 91.98, 92.0, 92.03, 92.07, 93.35, 93.29, 93.24, 93.27, 92.03, 91.51, 89.95, 88.81, 89.77, 89.07, 89.28, 89.42, 89.5, 89.52, 89.5], [91.95, 91.96, 91.98, 92.0, 92.05, 92.12, 93.45, 93.48, 93.62, 93.9, 91.61, 90.52, 89.57, 88.67, 89.17, 89.39, 89.56, 89.64, 89.61, 89.56], [91.89, 91.93, 91.94, 91.96, 92.01, 92.1, 93.26, 93.53, 93.68, 93.8, 93.89, 91.45, 89.14, 89.02, 89.32, 89.5, 89.74, 89.83, 89.63, 89.5], [91.86, 91.85, 91.84, 91.85, 91.9, 92.92, 93.11, 93.25, 93.17, 94.03, 95.06, 91.84, 91.81, 88.99, 90.0, 90.0, 90.0, 90.0, 90.0, 90.0], [92.15, 92.12, 91.76, 91.73, 91.72, 91.8, 92.04, 93.18, 93.96, 93.64, 93.69, 92.81, 92.38, 92.95, 90.0, 90.0, 90.0, 90.0, 90.0, 90.0], [91.0, 91.0, 91.0, 91.94, 91.8, 91.45, 91.7, 92.04, 94.71, 94.54, 92.35, 93.36, 93.04, 93.19, 90.0, 90.0, 90.0, 90.0, 90.0, 90.0], [91.0, 91.0, 91.0, 91.0, 91.0, 91.0, 91.0, 91.0, 91.71, 94.03, 96.0, 93.71, 93.44, 93.43, 90.0, 90.0, 90.0, 90.0, 90.0, 90.0], [91.0, 91.0, 91.0, 91.0, 91.0, 91.0, 91.0, 91.0, 91.0, -999.0, 96.0, 90.0, 90.0, 93.61, 90.0, 90.0, 90.0, 93.41, 93.33, 93.31], [91.0, 91.0, 91.0, 91.0, 91.0, 91.0, 91.0, 91.0, 91.0, 91.0, -999.0, 90.0, 90.0, 93.92, 92.19, 92.18, 92.14, 92.88, 92.77, 92.71], [91.0, 91.0, 91.0, 91.0, 91.0, 91.0, 91.0, 91.0, 91.0, 91.0, -999.0, 96.0, 96.0, 96.0, 92.7, 92.68, 92.59, 93.34, 93.18, 93.06], [91.0, 91.0, 91.0, 91.0, 91.0, 91.0, 91.0, 91.0, 91.0, 91.0, 91.0, 92.92, 96.0, 96.0, 96.0, 93.25, 93.07, 93.77, 93.55, 93.37], [91.0, 91.0, 91.0, 91.0, 91.0, 91.0, 91.0, 91.0, 91.0, 91.0, 94.15, 93.79, 94.27, 94.68, 94.22, 94.9, 94.73, 95.03, 93.63, 93.45], [91.0, 91.0, 91.0, 91.0, 91.0, 91.0, 91.0, 91.0, 91.0, 91.0, 93.15, 93.77, 94.42, 95.02, 95.07, 95.25, 94.99, 94.78, 94.63, 94.53], [91.0, 91.0, 91.0, 91.0, 91.0, 91.0, 91.0, 91.0, 91.0, 92.27, 92.94, 93.69, 94.47, 95.02, 95.86, 95.34, 94.96, 94.72, 94.56, 94.46], [91.0, 91.0, 91.0, 91.0, 91.0, 91.0, 91.0, 91.0, 91.45, 91.97, 93.0, 93.64, 94.09, 94.71, 95.39, 95.11, 94.8, 94.58, 94.45, 94.37], [91.0, 91.0, 92.71, 92.63, 92.52, 92.36, 92.12, 91.49, 91.8, 92.38, 93.01, 93.56, 93.84, 94.23, 94.89, 94.74, 94.54, 94.39, 94.3, 94.26], [92.83, 92.79, 92.73, 92.24, 92.18, 92.09, 91.98, 91.86, 92.48, 92.76, 93.15, 93.54, 93.62, 94.58, 94.51, 94.38, 94.24, 94.16, 94.13, 94.14], [92.4, 92.38, 92.37, 92.35, 92.32, 92.29, 92.27, 92.21, 92.95, 93.11, 93.33, 93.57, 94.39, 94.34, 94.22, 94.07, 93.95, 93.93, 93.97, 94.02], [92.45, 92.45, 92.45, 92.34, 92.36, 92.39, 92.44, 92.52, 92.62, 92.68, 92.67, 92.85, 93.67, 94.16, 94.02, 93.83, 93.65, 93.71, 93.84, 93.94], [92.36, 92.37, 92.39, 92.41, 92.45, 92.52, 92.62, 92.78, 92.98, 93.08, 92.95, 93.25, 93.68, 93.62, 93.56, 93.71, 93.3, 93.65, 93.8, 93.89], [92.39, 92.4, 92.43, 92.47, 92.52, 92.61, 92.74, 92.95, 93.31, 93.6, 93.19, 93.25, 93.13, 93.63, 93.58, 93.54, 93.72, 93.82, 93.82, 93.88], [92.41, 92.43, 92.46, 92.5, 92.56, 92.65, 92.77, 92.97, 93.29, 93.55, 93.38, 93.17, 93.07, 93.65, 93.61, 93.29, 93.41, 93.46, 93.85, 93.9], [92.43, 92.45, 92.48, 92.52, 92.57, 92.64, 92.73, 92.85, 92.97, 92.99, 93.08, 92.98, 92.96, 92.97, 93.1, 93.21, 93.3, 93.34, 93.33, 93.3], [92.44, 92.46, 92.49, 92.52, 92.56, 92.61, 92.66, 92.7, 92.69, 92.79, 92.68, 92.89, 93.04, 93.17, 93.02, 93.13, 93.21, 93.25, 93.26, 93.25], [92.44, 92.46, 92.49, 92.51, 92.54, 92.57, 92.59, 92.58, 92.5, 92.46, 92.25, 92.65, 92.91, 93.08, 92.95, 93.05, 93.13, 93.17, 93.2, 93.2], [92.45, 92.46, 92.48, 92.5, 92.52, 92.53, 92.53, 92.5, 92.78, 92.53, 92.38, 92.63, 92.86, 93.03, 92.89, 92.99, 93.07, 93.11, 93.14, 93.16], [92.45, 92.46, 92.47, 92.49, 92.5, 92.5, 92.5, 92.47, 92.81, 92.69, 92.65, 92.74, 92.89, 93.02, 92.86, 92.95, 93.02, 93.07, 93.1, 93.12], [92.44, 92.46, 92.47, 92.48, 92.48, 92.48, 92.47, 92.95, 92.88, 92.82, 92.8, 92.85, 92.94, 93.03, 92.85, 92.92, 92.98, 93.03, 93.06, 93.09]]}