gis_exercise/awsData/contour/humi_2023090821.json
{"header": {"refTime": "2023-09-08T21:00:00.000Z", "nx": 21, "ny": 33, "lo1": 113.509, "la1": 22.2235, "lo2": 113.5947, "la2": 22.1034, "dx": 0.0042850000000001385, "dy": 0.003753125000000024, "parameterCategory": 0, "parameterCategoryName": "Temperature", "parameterNumber": 0}, "z": [[94.11, 94.14, 94.19, 96.03, 95.98, 94.07, 94.12, 94.15, 94.13, 94.76, 94.63, 94.48, 93.17, 93.08, 92.49, 92.44, 92.16, 92.18, 92.19, 92.2], [94.08, 94.12, 94.17, 94.23, 95.97, 95.9, 94.2, 94.32, 94.37, 94.79, 94.59, 94.35, 93.03, 92.94, 92.38, 92.12, 92.15, 92.17, 92.19, 92.2], [94.04, 94.08, 94.13, 94.2, 95.98, 95.9, 95.78, 94.46, 94.85, 94.84, 94.52, 94.13, 92.78, 92.73, 92.05, 92.11, 92.15, 92.17, 92.18, 92.2], [94.0, 94.03, 94.08, 94.15, 94.23, 95.94, 95.85, 95.68, 95.54, 94.85, 94.44, 93.74, 92.35, 93.26, 92.03, 92.11, 92.15, 92.16, 92.18, 92.19], [93.95, 93.97, 94.01, 94.07, 94.16, 96.0, 95.96, 95.93, 95.98, 95.03, 94.51, 93.15, 91.91, 92.98, 92.04, 92.13, 92.15, 92.16, 92.17, 92.19], [93.88, 93.9, 93.93, 93.97, 94.05, 94.17, 96.03, 96.05, 96.22, 96.57, 94.88, 93.78, 92.77, 92.0, 92.15, 92.17, 92.15, 92.14, 92.16, 92.18], [93.34, 93.81, 93.81, 93.84, 93.91, 94.04, 95.26, 95.95, 96.12, 96.65, 96.95, 94.85, 92.71, 92.53, 92.32, 92.23, 92.12, 92.08, 91.82, 91.75], [93.28, 93.27, 93.26, 93.28, 93.35, 94.77, 95.05, 95.29, 95.39, 96.86, 98.1, 95.54, 95.51, 92.49, 92.74, 92.96, 92.52, 92.37, 92.61, 92.78], [93.72, 93.67, 93.14, 93.1, 93.08, 93.19, 93.56, 95.16, 96.27, 96.49, 97.08, 96.34, 95.98, 96.46, 92.8, 93.04, 92.79, 92.68, 92.74, 92.84], [92.0, 92.0, 92.0, 93.4, 93.21, 92.68, 93.05, 93.56, 97.27, 97.05, 95.96, 96.8, 96.53, 96.66, 92.8, 93.13, 92.96, 92.88, 92.88, 92.91], [92.0, 92.0, 92.0, 92.0, 92.0, 92.0, 92.0, 92.0, 93.06, 96.37, 99.0, 97.09, 96.87, 96.85, 92.78, 93.19, 93.07, 93.0, 92.99, 93.0], [92.0, 92.0, 92.0, 92.0, 92.0, 92.0, 92.0, 92.0, 92.0, -999.0, 99.0, 94.0, 94.0, 97.01, 92.76, 93.26, 93.19, 95.41, 95.33, 95.31], [92.0, 92.0, 92.0, 92.0, 92.0, 92.0, 92.0, 92.0, 92.0, 92.0, -999.0, 94.0, 94.0, 96.61, 95.46, 94.18, 94.14, 94.88, 94.77, 94.71], [92.0, 92.0, 92.0, 92.0, 92.0, 92.0, 92.0, 92.0, 92.0, 92.0, -999.0, 98.0, 98.0, 98.0, 95.8, 94.68, 94.59, 95.34, 95.18, 95.06], [92.0, 92.0, 92.0, 92.0, 92.0, 92.0, 92.0, 93.0, 93.0, 93.0, 93.0, 94.92, 98.0, 98.0, 98.0, 95.25, 95.07, 95.77, 95.55, 95.37], [92.0, 92.0, 92.63, 92.64, 92.66, 93.0, 93.0, 93.0, 93.0, 93.0, 96.15, 95.79, 96.27, 96.68, 96.22, 96.17, 95.89, 96.38, 95.08, 94.87], [92.64, 92.65, 92.35, 92.37, 93.0, 93.0, 93.0, 93.0, 93.0, 93.0, 95.15, 95.77, 96.42, 97.02, 96.85, 97.08, 96.76, 96.51, 96.33, 96.21], [92.36, 92.37, 92.39, 92.41, 93.0, 93.0, 93.0, 93.0, 93.0, 94.27, 94.94, 95.69, 96.47, 96.81, 97.83, 97.18, 96.72, 96.43, 96.24, 96.13], [92.38, 92.39, 92.42, 93.0, 93.0, 93.0, 93.0, 93.0, 93.45, 93.97, 95.18, 95.84, 95.73, 96.41, 97.24, 96.9, 96.52, 96.26, 96.1, 96.02], [92.39, 92.41, 95.29, 95.17, 95.03, 94.81, 94.49, 93.66, 93.91, 94.56, 95.23, 95.79, 95.39, 95.78, 96.62, 96.43, 96.18, 96.0, 95.92, 95.88], [95.44, 95.38, 95.31, 94.65, 94.57, 94.45, 94.3, 94.14, 94.72, 95.02, 95.44, 95.83, 95.08, 96.24, 96.14, 95.96, 95.79, 95.71, 95.7, 95.73], [94.86, 94.85, 94.82, 94.8, 94.76, 94.72, 94.69, 94.56, 95.31, 95.48, 95.71, 95.93, 96.08, 95.93, 95.76, 95.54, 95.37, 95.39, 95.51, 95.61], [94.94, 94.94, 94.94, 94.71, 94.73, 94.78, 94.85, 94.96, 95.1, 95.18, 95.15, 94.77, 95.67, 95.72, 95.5, 95.17, 94.84, 95.07, 95.38, 95.54], [94.71, 94.73, 94.76, 94.8, 94.85, 94.94, 95.09, 95.31, 95.58, 95.71, 95.54, 95.27, 95.73, 95.47, 95.22, 95.04, 94.0, 95.21, 95.45, 95.54], [94.75, 94.77, 94.81, 94.86, 94.94, 95.05, 95.24, 95.53, 96.03, 96.44, 95.85, 95.34, 94.94, 95.54, 95.33, 95.18, 95.47, 95.95, 95.6, 95.58], [94.77, 94.8, 94.84, 94.9, 94.98, 95.09, 95.27, 95.54, 95.99, 96.35, 95.77, 95.27, 94.92, 95.61, 95.45, 94.93, 95.16, 95.3, 95.63, 95.61], [94.79, 94.82, 94.86, 94.91, 94.98, 95.08, 95.2, 95.36, 95.52, 95.54, 95.3, 95.04, 94.83, 94.65, 94.77, 94.89, 95.02, 95.08, 95.06, 95.01], [94.8, 94.83, 94.87, 94.91, 94.96, 95.02, 95.08, 95.12, 95.1, 94.93, 94.76, 95.33, 95.56, 95.76, 94.72, 94.82, 94.91, 94.96, 94.97, 94.95], [94.81, 94.83, 94.86, 94.89, 94.93, 94.96, 94.97, 94.94, 94.81, 94.5, 94.37, 94.97, 95.36, 95.62, 94.67, 94.76, 94.83, 94.88, 94.9, 94.9], [94.81, 94.83, 94.85, 94.87, 94.89, 94.9, 94.89, 94.83, 95.17, 94.79, 94.56, 94.94, 95.29, 95.55, 94.63, 94.71, 94.77, 94.82, 94.84, 94.85], [94.8, 94.82, 94.84, 94.85, 94.86, 94.86, 94.83, 94.78, 95.22, 95.04, 94.97, 95.11, 95.33, 95.53, 94.61, 94.68, 94.73, 94.77, 94.8, 94.81], [94.8, 94.81, 94.82, 94.83, 94.83, 94.83, 94.8, 95.43, 95.32, 95.23, 95.2, 95.28, 95.41, 95.55, 94.6, 94.65, 94.7, 94.74, 94.76, 94.78]]}