gis_exercise/awsData/contour/humi_2023090601.json
{"header": {"refTime": "2023-09-06T01:00:00.000Z", "nx": 21, "ny": 33, "lo1": 113.509, "la1": 22.2235, "lo2": 113.5947, "la2": 22.1034, "dx": 0.0042850000000001385, "dy": 0.003753125000000024, "parameterCategory": 0, "parameterCategoryName": "Temperature", "parameterNumber": 0}, "z": [[76.5, 76.53, 76.58, 75.64, 75.81, 74.4, 74.74, 75.04, 75.08, 75.0, 74.27, 73.56, 72.07, 71.7, 70.32, 70.04, 67.45, 67.42, 67.4, 67.39], [76.48, 76.5, 76.54, 76.61, 75.77, 76.04, 75.05, 75.74, 76.13, 75.58, 74.33, 73.29, 71.68, 71.3, 69.99, 67.46, 67.41, 67.37, 67.35, 67.34], [76.45, 76.46, 76.49, 76.54, 75.66, 75.95, 76.42, 76.3, 78.3, 76.06, 74.1, 72.69, 70.99, 70.73, 67.49, 67.43, 67.36, 67.31, 67.29, 67.28], [76.41, 76.41, 76.42, 76.44, 76.48, 75.69, 76.06, 76.71, 77.31, 75.3, 73.39, 71.65, 69.89, 69.07, 67.47, 67.39, 67.29, 67.22, 67.2, 67.21], [76.39, 76.37, 76.35, 76.33, 76.3, 75.3, 75.45, 75.67, 75.79, 74.11, 72.64, 68.95, 67.83, 68.82, 67.48, 67.34, 67.17, 67.07, 67.07, 67.12], [76.37, 76.34, 76.3, 76.24, 76.13, 75.96, 74.78, 74.68, 74.64, 74.68, 70.5, 69.53, 68.62, 68.0, 67.54, 67.27, 66.96, 66.82, 66.91, 67.03], [75.32, 76.34, 76.29, 76.21, 76.04, 75.74, 74.01, 73.78, 73.64, 72.53, 72.59, 70.52, 68.71, 68.53, 67.65, 67.2, 66.63, 66.42, 66.18, 66.25], [75.43, 75.46, 75.48, 75.45, 75.31, 74.72, 74.15, 73.24, 72.11, 72.69, 73.37, 71.23, 71.21, 68.49, 67.49, 67.92, 67.05, 66.73, 67.23, 67.56], [74.56, 74.65, 75.71, 75.8, 75.84, 75.61, 74.88, 73.87, 72.64, 72.42, 72.46, 71.87, 71.59, 71.97, 67.59, 68.08, 67.57, 67.36, 67.48, 67.67], [78.0, 78.0, 78.0, 75.19, 75.59, 76.64, 75.91, 74.88, 73.14, 73.03, 71.57, 72.24, 72.02, 72.13, 67.6, 68.25, 67.93, 67.76, 67.75, 67.83], [78.0, 78.0, 78.0, 78.0, 78.0, 78.0, 78.0, 78.0, 75.87, 72.68, 74.0, 72.48, 72.3, 72.28, 67.55, 68.38, 68.15, 68.01, 67.98, 68.0], [78.0, 78.0, 78.0, 78.0, 78.0, 78.0, 78.0, 78.0, 78.0, -999.0, 74.0, 70.0, 70.0, 72.41, 67.51, 68.52, 68.38, 76.23, 75.98, 75.92], [78.0, 78.0, 78.0, 78.0, 78.0, 78.0, 78.0, 78.0, 78.0, 78.0, -999.0, 70.0, 70.0, 79.14, 75.12, 72.55, 72.42, 74.63, 74.32, 74.12], [78.0, 78.0, 78.0, 78.0, 78.0, 78.0, 78.0, 78.0, 78.0, 78.0, -999.0, 84.0, 84.0, 84.0, 76.3, 74.05, 73.77, 76.02, 75.54, 75.17], [78.0, 78.0, 78.0, 78.0, 78.0, 78.0, 78.0, 81.0, 81.0, 81.0, 81.0, 82.15, 84.0, 84.0, 84.0, 75.76, 75.22, 77.3, 76.65, 76.12], [78.0, 78.0, 79.89, 79.92, 79.98, 81.0, 81.0, 81.0, 81.0, 81.0, 82.89, 82.67, 82.96, 83.21, 82.93, 82.53, 82.31, 82.7, 78.25, 77.82], [79.93, 79.94, 79.06, 79.11, 81.0, 81.0, 81.0, 81.0, 81.0, 81.0, 82.29, 82.66, 83.05, 83.41, 83.2, 84.79, 85.07, 85.31, 85.49, 85.63], [79.07, 79.11, 79.16, 79.24, 81.0, 81.0, 81.0, 81.0, 81.0, 81.76, 82.16, 82.61, 83.08, 83.18, 83.88, 84.68, 85.08, 85.35, 85.54, 85.69], [79.13, 79.18, 79.25, 81.0, 81.0, 81.0, 81.0, 81.0, 81.27, 81.58, 82.79, 83.21, 82.45, 82.9, 84.61, 84.88, 85.2, 85.45, 85.64, 85.79], [79.17, 79.22, 83.86, 83.72, 83.53, 83.27, 82.86, 81.82, 81.84, 82.39, 82.91, 83.27, 82.21, 82.44, 85.07, 85.2, 85.4, 85.6, 85.78, 85.91], [84.05, 83.98, 83.88, 83.07, 82.96, 82.82, 82.63, 82.43, 82.64, 82.89, 83.2, 83.44, 81.97, 85.37, 85.38, 85.43, 85.55, 85.73, 85.93, 86.07], [83.33, 83.31, 83.28, 83.25, 83.2, 83.15, 83.11, 84.48, 83.32, 83.46, 83.6, 83.69, 83.38, 85.59, 85.56, 85.51, 85.53, 85.8, 86.11, 86.27], [83.42, 83.42, 83.42, 85.35, 85.27, 85.21, 85.17, 85.19, 85.28, 85.41, 85.54, 82.95, 86.37, 85.77, 85.7, 85.43, 84.98, 85.77, 86.45, 86.56], [85.68, 85.65, 85.63, 85.61, 85.6, 85.61, 85.65, 85.72, 85.83, 85.92, 85.99, 85.77, 86.4, 86.4, 86.28, 85.62, 83.07, 87.0, 87.18, 86.92], [85.82, 85.83, 85.84, 85.86, 85.9, 85.96, 86.03, 86.11, 86.14, 86.12, 86.3, 86.06, 85.61, 86.52, 86.57, 86.7, 87.89, 89.71, 87.82, 87.19], [85.96, 85.99, 86.04, 86.09, 86.17, 86.26, 86.37, 86.45, 86.41, 86.32, 86.53, 86.45, 86.03, 86.63, 86.8, 87.88, 88.35, 88.73, 87.67, 87.24], [86.1, 86.15, 86.22, 86.3, 86.41, 86.55, 86.7, 86.86, 86.99, 87.17, 87.23, 87.05, 86.55, 88.46, 88.22, 88.16, 88.28, 88.39, 88.33, 88.22], [86.22, 86.29, 86.38, 86.49, 86.63, 86.8, 87.03, 87.31, 87.71, 88.16, 88.41, 89.96, 90.12, 90.41, 88.47, 88.34, 88.32, 88.32, 88.29, 88.24], [86.33, 86.41, 86.51, 86.64, 86.81, 87.02, 87.3, 87.69, 88.3, 89.22, 90.69, 90.32, 90.28, 90.43, 88.66, 88.49, 88.4, 88.35, 88.31, 88.26], [86.42, 86.51, 86.62, 86.76, 86.94, 87.17, 87.46, 87.88, 90.0, 90.35, 90.58, 90.41, 90.35, 90.44, 88.79, 88.6, 88.48, 88.4, 88.35, 88.3], [86.49, 86.59, 86.71, 86.85, 87.03, 87.25, 87.53, 87.89, 90.06, 90.24, 90.35, 90.35, 90.37, 90.44, 88.86, 88.67, 88.55, 88.46, 88.39, 88.34], [86.55, 86.65, 86.77, 86.91, 87.08, 87.28, 87.52, 89.96, 90.07, 90.18, 90.26, 90.31, 90.36, 90.43, 88.88, 88.72, 88.6, 88.51, 88.44, 88.38]]}