gis_exercise/awsData/contour/humi_2023091210.json
{"header": {"refTime": "2023-09-12T10:00:00.000Z", "nx": 21, "ny": 33, "lo1": 113.509, "la1": 22.2235, "lo2": 113.5947, "la2": 22.1034, "dx": 0.0042850000000001385, "dy": 0.003753125000000024, "parameterCategory": 0, "parameterCategoryName": "Temperature", "parameterNumber": 0}, "z": [[85.79, 85.83, 85.88, 86.19, 86.23, 85.58, 85.67, 85.74, 85.72, 85.35, 85.05, 84.75, 83.57, 83.38, 84.65, 84.69, 83.15, 83.25, 83.32, 83.37], [85.76, 85.8, 85.86, 85.93, 86.23, 86.29, 85.78, 85.97, 86.07, 85.59, 85.07, 84.64, 83.42, 83.23, 84.52, 83.06, 83.21, 83.34, 83.42, 83.46], [85.73, 85.76, 85.82, 85.88, 86.21, 86.27, 86.38, 86.17, 86.78, 85.79, 84.98, 84.39, 83.16, 83.0, 82.87, 83.1, 83.31, 83.46, 83.55, 83.58], [85.68, 85.71, 85.76, 85.82, 85.91, 86.22, 86.31, 86.45, 86.59, 85.47, 84.68, 83.95, 82.76, 82.36, 82.85, 83.18, 83.47, 83.66, 83.74, 83.73], [85.62, 85.65, 85.68, 85.74, 85.81, 86.15, 86.19, 86.23, 86.22, 84.99, 84.37, 82.39, 82.15, 82.29, 82.87, 83.33, 83.75, 83.97, 83.99, 83.91], [85.56, 85.57, 85.59, 85.63, 85.69, 85.77, 86.07, 86.04, 85.99, 85.88, 82.88, 82.5, 82.24, 81.67, 82.93, 83.57, 84.2, 84.47, 84.32, 84.1], [84.89, 85.49, 85.48, 85.5, 85.54, 85.62, 85.24, 85.95, 85.88, 84.56, 84.17, 82.59, 81.43, 81.49, 83.0, 83.81, 84.85, 85.24, 85.26, 85.01], [84.86, 84.85, 84.84, 84.85, 84.9, 85.02, 85.21, 85.53, 85.6, 84.68, 84.61, 82.23, 82.21, 81.5, 84.14, 83.6, 84.69, 85.08, 84.46, 84.04], [85.15, 85.12, 84.76, 84.73, 84.72, 84.8, 85.04, 85.3, 85.68, 84.51, 83.46, 82.87, 82.59, 82.97, 84.01, 83.39, 84.03, 84.3, 84.15, 83.91], [84.0, 84.0, 84.0, 84.94, 84.8, 84.45, 84.7, 85.04, 85.43, 85.49, 82.57, 83.24, 83.02, 83.13, 84.0, 83.19, 83.59, 83.8, 83.81, 83.72], [84.0, 84.0, 84.0, 84.0, 84.0, 84.0, 84.0, 84.0, 84.71, 85.66, 85.0, 83.48, 83.3, 83.28, 84.06, 83.02, 83.32, 83.49, 83.53, 83.5], [84.0, 84.0, 84.0, 84.0, 84.0, 84.0, 84.0, 84.0, 84.0, -999.0, 85.0, 81.0, 81.0, 83.41, 84.11, 82.85, 83.03, 87.14, 87.11, 87.1], [84.0, 84.0, 84.0, 84.0, 84.0, 84.0, 84.0, 84.0, 84.0, 84.0, -999.0, 81.0, 81.0, 85.57, 83.56, 86.73, 86.71, 86.96, 86.92, 86.9], [84.0, 84.0, 84.0, 84.0, 84.0, 84.0, 84.0, 84.0, 84.0, 84.0, -999.0, 88.0, 88.0, 88.0, 84.15, 86.89, 86.86, 87.11, 87.06, 87.02], [84.0, 84.0, 84.0, 84.0, 84.0, 84.0, 84.0, 84.0, 84.0, 84.0, 84.0, 85.54, 88.0, 88.0, 88.0, 87.08, 87.02, 87.26, 87.18, 87.12], [84.0, 84.0, 84.0, 84.0, 84.0, 84.0, 84.0, 84.0, 84.0, 84.0, 86.52, 86.23, 86.62, 86.95, 86.57, 88.37, 88.42, 88.32, 87.76, 87.73], [84.0, 84.0, 84.0, 84.0, 84.0, 84.0, 84.0, 84.0, 84.0, 84.0, 85.72, 86.22, 86.74, 87.22, 87.63, 88.3, 88.4, 88.48, 88.54, 88.58], [84.0, 84.0, 84.0, 84.0, 84.0, 84.0, 84.0, 84.0, 84.0, 85.02, 85.55, 86.15, 86.78, 87.58, 87.95, 88.26, 88.41, 88.51, 88.57, 88.61], [84.0, 84.0, 84.0, 84.0, 84.0, 84.0, 84.0, 84.0, 84.36, 84.78, 84.97, 85.46, 87.08, 87.48, 88.24, 88.35, 88.47, 88.56, 88.61, 88.65], [84.0, 84.0, 83.43, 83.46, 83.49, 83.55, 83.63, 83.84, 84.26, 84.51, 84.86, 85.27, 87.03, 87.36, 88.44, 88.5, 88.58, 88.64, 88.67, 88.69], [83.39, 83.4, 83.42, 83.59, 83.61, 83.64, 83.67, 83.71, 84.39, 84.52, 84.76, 85.06, 87.03, 88.56, 88.58, 88.64, 88.69, 88.72, 88.74, 88.74], [83.53, 83.54, 83.54, 83.55, 83.56, 83.57, 83.58, 84.0, 84.34, 84.42, 84.59, 84.83, 86.69, 88.65, 88.7, 88.75, 88.8, 88.81, 88.8, 88.79], [83.52, 83.52, 83.52, 84.14, 84.11, 84.07, 84.02, 83.96, 83.9, 83.89, 83.94, 84.87, 86.78, 88.72, 88.77, 88.84, 88.89, 88.89, 88.86, 88.83], [84.22, 84.21, 84.19, 84.16, 84.12, 84.07, 84.0, 83.9, 83.77, 83.71, 83.83, 85.22, 86.64, 87.3, 87.88, 88.89, 88.97, 88.95, 88.9, 88.85], [84.24, 84.23, 84.21, 84.19, 84.15, 84.1, 84.02, 83.87, 83.59, 83.35, 83.74, 85.08, 85.66, 87.22, 87.81, 88.3, 88.94, 88.95, 88.9, 88.86], [84.26, 84.25, 84.24, 84.22, 84.2, 84.16, 84.08, 83.95, 83.68, 83.45, 84.47, 85.12, 85.62, 87.12, 87.67, 88.54, 88.68, 88.72, 88.89, 88.86], [84.29, 84.28, 84.28, 84.27, 84.26, 84.24, 84.21, 84.16, 84.1, 84.13, 84.96, 85.31, 85.65, 87.93, 88.18, 88.38, 88.51, 88.56, 88.56, 88.52], [84.31, 84.31, 84.32, 84.32, 84.33, 84.34, 84.36, 84.41, 84.53, 85.27, 85.45, 85.55, 85.73, 85.99, 88.02, 88.22, 88.35, 88.42, 88.44, 88.44], [84.34, 84.34, 84.35, 84.37, 84.39, 84.43, 84.49, 84.61, 84.84, 85.64, 85.86, 85.73, 85.8, 85.98, 87.87, 88.07, 88.21, 88.29, 88.33, 88.35], [84.36, 84.37, 84.39, 84.41, 84.45, 84.5, 84.59, 84.72, 85.54, 85.71, 85.83, 85.79, 85.84, 85.97, 87.77, 87.96, 88.09, 88.18, 88.24, 88.27], [84.38, 84.4, 84.42, 84.45, 84.49, 84.55, 84.63, 84.75, 85.6, 85.69, 85.76, 85.79, 85.86, 85.96, 87.71, 87.88, 88.01, 88.1, 88.16, 88.2], [84.4, 84.42, 84.44, 84.47, 84.52, 84.57, 84.65, 85.58, 85.63, 85.69, 85.75, 85.8, 85.87, 85.96, 87.68, 87.83, 87.94, 88.03, 88.09, 88.14]]}