gis_exercise/awsData/contour/humi_2023090401.json
{"header": {"refTime": "2023-09-04T01:00:00.000Z", "nx": 21, "ny": 33, "lo1": 113.509, "la1": 22.2235, "lo2": 113.5947, "la2": 22.1034, "dx": 0.0042850000000001385, "dy": 0.003753125000000024, "parameterCategory": 0, "parameterCategoryName": "Temperature", "parameterNumber": 0}, "z": [[79.36, 79.35, 79.35, 78.85, 78.91, 77.37, 77.54, 77.7, 77.7, 77.78, 77.34, 76.9, 75.14, 74.88, 74.69, 74.56, 72.62, 72.65, 72.66, 72.67], [79.36, 79.35, 79.34, 79.34, 78.89, 78.99, 77.74, 78.12, 78.32, 78.11, 77.35, 76.71, 74.88, 74.62, 74.47, 72.59, 72.63, 72.66, 72.67, 72.69], [79.36, 79.35, 79.34, 79.33, 78.85, 78.95, 79.11, 78.45, 79.59, 78.38, 77.21, 76.3, 74.44, 74.24, 72.54, 72.6, 72.64, 72.67, 72.69, 72.7], [79.37, 79.35, 79.33, 79.31, 79.29, 78.85, 78.98, 79.21, 79.43, 77.98, 76.8, 75.59, 73.73, 73.61, 72.53, 72.61, 72.67, 72.7, 72.72, 72.73], [79.38, 79.36, 79.33, 79.29, 79.24, 78.7, 78.75, 78.84, 78.91, 77.42, 76.43, 73.56, 72.64, 73.39, 72.53, 72.64, 72.71, 72.75, 72.76, 72.75], [79.4, 79.39, 79.36, 79.3, 79.22, 79.09, 78.49, 78.45, 78.48, 78.59, 74.96, 74.02, 73.23, 72.33, 72.59, 72.69, 72.78, 72.82, 72.8, 72.78], [79.21, 79.43, 79.4, 79.35, 79.25, 79.06, 78.51, 78.03, 78.02, 77.14, 77.08, 74.72, 72.57, 72.51, 72.66, 72.75, 72.87, 72.91, 72.82, 72.75], [79.29, 79.31, 79.32, 79.3, 79.21, 78.97, 78.59, 77.94, 76.99, 77.36, 78.14, 74.84, 74.81, 72.5, 73.0, 73.0, 73.0, 73.0, 73.0, 73.0], [78.71, 78.77, 79.48, 79.54, 79.56, 79.41, 78.92, 78.39, 77.64, 77.0, 76.69, 75.81, 75.38, 75.95, 73.0, 73.0, 73.0, 73.0, 73.0, 73.0], [81.0, 81.0, 81.0, 79.13, 79.39, 80.09, 79.61, 78.92, 78.14, 78.03, 75.35, 76.36, 76.04, 76.19, 73.0, 73.0, 73.0, 73.0, 73.0, 73.0], [81.0, 81.0, 81.0, 81.0, 81.0, 81.0, 81.0, 81.0, 79.58, 77.68, 79.0, 76.71, 76.44, 76.43, 73.0, 73.0, 73.0, 73.0, 73.0, 73.0], [81.0, 81.0, 81.0, 81.0, 81.0, 81.0, 81.0, 81.0, 81.0, -999.0, 79.0, 73.0, 73.0, 76.61, 73.0, 73.0, 73.0, 78.68, 78.55, 78.51], [81.0, 81.0, 81.0, 81.0, 81.0, 81.0, 81.0, 81.0, 81.0, 81.0, -999.0, 73.0, 73.0, 79.53, 76.66, 76.64, 76.57, 77.8, 77.62, 77.51], [81.0, 81.0, 81.0, 81.0, 81.0, 81.0, 81.0, 81.0, 81.0, 81.0, -999.0, 83.0, 83.0, 83.0, 77.5, 77.47, 77.31, 78.57, 78.3, 78.09], [81.0, 81.0, 81.0, 81.0, 81.0, 81.0, 81.0, 87.0, 87.0, 87.0, 87.0, 85.46, 83.0, 83.0, 83.0, 78.42, 78.12, 79.28, 78.92, 78.62], [81.0, 81.0, 84.78, 84.84, 84.96, 87.0, 87.0, 87.0, 87.0, 87.0, 84.48, 84.77, 84.38, 84.05, 84.43, 84.1, 84.27, 83.97, 81.23, 81.09], [84.85, 84.89, 83.12, 83.22, 87.0, 87.0, 87.0, 87.0, 87.0, 87.0, 85.28, 84.78, 84.26, 83.78, 83.81, 84.31, 84.78, 85.15, 85.41, 85.6], [83.14, 83.21, 83.32, 83.48, 87.0, 87.0, 87.0, 87.0, 87.0, 85.98, 85.45, 84.85, 84.22, 83.84, 83.12, 84.16, 84.82, 85.25, 85.53, 85.72], [83.26, 83.36, 83.49, 87.0, 87.0, 87.0, 87.0, 87.0, 86.64, 86.22, 85.66, 85.16, 84.64, 84.12, 84.06, 84.54, 85.09, 85.47, 85.72, 85.88], [83.34, 83.44, 86.43, 86.46, 86.49, 86.55, 86.63, 86.84, 86.51, 86.14, 85.7, 85.27, 84.86, 84.55, 84.91, 85.17, 85.52, 85.8, 85.97, 86.08], [86.39, 86.4, 86.42, 86.59, 86.61, 86.64, 86.67, 86.71, 86.14, 85.96, 85.68, 85.37, 85.07, 85.45, 85.55, 85.76, 85.99, 86.16, 86.26, 86.3], [86.53, 86.54, 86.54, 86.55, 86.56, 86.57, 86.58, 85.61, 85.94, 85.83, 85.66, 85.45, 84.94, 85.86, 86.02, 86.22, 86.4, 86.51, 86.55, 86.53], [86.52, 86.52, 86.52, 85.12, 85.18, 85.25, 85.32, 85.37, 85.39, 85.35, 85.25, 86.29, 86.89, 86.17, 86.35, 86.54, 86.65, 86.81, 86.84, 86.74], [84.91, 84.93, 84.96, 85.0, 85.04, 85.08, 85.14, 85.21, 85.3, 85.32, 85.17, 84.75, 86.87, 87.01, 87.11, 86.77, 86.54, 87.29, 87.14, 86.92], [84.83, 84.84, 84.85, 84.87, 84.89, 84.92, 84.97, 85.09, 85.35, 85.6, 85.14, 84.66, 84.58, 87.02, 87.15, 87.29, 87.47, 87.9, 87.3, 87.01], [84.75, 84.75, 84.74, 84.74, 84.73, 84.74, 84.77, 84.87, 85.15, 85.42, 84.75, 84.4, 84.34, 87.02, 87.17, 86.57, 87.01, 87.19, 87.21, 87.01], [84.67, 84.66, 84.64, 84.61, 84.58, 84.54, 84.51, 84.5, 84.51, 84.4, 84.01, 83.9, 84.0, 85.18, 85.76, 86.23, 86.57, 86.73, 86.7, 86.59], [84.6, 84.57, 84.53, 84.49, 84.42, 84.34, 84.23, 84.07, 83.79, 83.23, 82.96, 83.66, 84.24, 84.81, 85.4, 85.86, 86.19, 86.36, 86.41, 86.38], [84.53, 84.49, 84.44, 84.37, 84.29, 84.16, 83.99, 83.71, 83.24, 82.34, 81.74, 82.97, 83.85, 84.51, 85.09, 85.54, 85.86, 86.05, 86.15, 86.18], [84.47, 84.42, 84.36, 84.28, 84.18, 84.03, 83.83, 83.53, 83.3, 82.58, 82.13, 82.93, 83.72, 84.33, 84.86, 85.29, 85.59, 85.8, 85.92, 85.99], [84.42, 84.37, 84.3, 84.21, 84.1, 83.95, 83.76, 83.49, 83.45, 83.09, 82.98, 83.31, 83.81, 84.29, 84.73, 85.11, 85.39, 85.6, 85.74, 85.82], [84.38, 84.32, 84.25, 84.16, 84.05, 83.92, 83.75, 83.88, 83.67, 83.5, 83.48, 83.67, 83.98, 84.33, 84.67, 84.99, 85.25, 85.44, 85.59, 85.68]]}