gis_exercise/awsData/contour/humi_2023090223.json
{"header": {"refTime": "2023-09-02T23:00:00.000Z", "nx": 21, "ny": 33, "lo1": 113.509, "la1": 22.2235, "lo2": 113.5947, "la2": 22.1034, "dx": 0.0042850000000001385, "dy": 0.003753125000000024, "parameterCategory": 0, "parameterCategoryName": "Temperature", "parameterNumber": 0}, "z": [[89.72, 89.74, 89.77, 91.32, 91.26, 89.56, 89.57, 89.57, 89.53, 90.02, 89.93, 89.83, 88.81, 88.75, 88.47, 88.49, 88.52, 88.56, 88.59, 88.61], [89.7, 89.73, 89.76, 89.79, 91.26, 91.16, 89.63, 89.66, 89.67, 90.01, 89.89, 89.73, 88.7, 88.64, 88.39, 88.45, 88.52, 88.57, 88.61, 88.63], [89.68, 89.71, 89.74, 89.78, 91.28, 91.18, 91.01, 89.74, 89.92, 90.02, 89.84, 89.56, 88.5, 88.48, 88.34, 88.45, 88.54, 88.6, 88.63, 88.65], [89.66, 89.68, 89.71, 89.76, 89.81, 91.25, 91.11, 90.89, 90.68, 90.08, 89.81, 89.27, 88.16, 89.07, 88.3, 88.47, 88.57, 88.64, 88.67, 88.69], [89.62, 89.64, 89.67, 89.72, 89.78, 91.35, 91.29, 91.24, 91.27, 90.31, 89.92, 88.95, 87.83, 88.82, 88.32, 88.52, 88.64, 88.7, 88.72, 88.72], [89.58, 89.59, 89.62, 89.66, 89.74, 89.84, 91.45, 91.48, 91.62, 91.9, 90.5, 89.53, 88.62, 88.0, 88.45, 88.63, 88.75, 88.8, 88.78, 88.76], [89.34, 89.53, 89.54, 89.57, 89.64, 89.78, 91.01, 91.53, 91.68, 92.19, 92.4, 90.52, 88.71, 88.53, 88.65, 88.74, 88.86, 88.91, 88.63, 88.5], [89.28, 89.27, 89.26, 89.28, 89.35, 90.54, 90.83, 91.11, 91.28, 92.36, 93.29, 91.23, 91.21, 88.49, 89.37, 89.48, 89.26, 89.18, 89.31, 89.39], [89.72, 89.67, 89.14, 89.1, 89.08, 89.19, 89.56, 90.94, 91.96, 92.06, 92.46, 91.87, 91.59, 91.97, 89.4, 89.52, 89.39, 89.34, 89.37, 89.42], [88.0, 88.0, 88.0, 89.4, 89.21, 88.68, 89.05, 89.56, 92.71, 92.54, 91.57, 92.24, 92.02, 92.13, 89.4, 89.56, 89.48, 89.44, 89.44, 89.46], [88.0, 88.0, 88.0, 88.0, 88.0, 88.0, 88.0, 88.0, 89.06, 92.03, 94.0, 92.48, 92.3, 92.28, 89.39, 89.6, 89.54, 89.5, 89.49, 89.5], [88.0, 88.0, 88.0, 88.0, 88.0, 88.0, 88.0, 88.0, 88.0, -999.0, 94.0, 90.0, 90.0, 92.41, 89.38, 89.63, 89.59, 92.41, 92.33, 92.31], [88.0, 88.0, 88.0, 88.0, 88.0, 88.0, 88.0, 88.0, 88.0, 88.0, -999.0, 90.0, 90.0, 93.26, 91.83, 91.18, 91.14, 91.88, 91.77, 91.71], [88.0, 88.0, 88.0, 88.0, 88.0, 88.0, 88.0, 88.0, 88.0, 88.0, -999.0, 95.0, 95.0, 95.0, 92.25, 91.68, 91.59, 92.34, 92.18, 92.06], [88.0, 88.0, 88.0, 88.0, 88.0, 88.0, 88.0, 89.0, 89.0, 89.0, 89.0, 91.31, 95.0, 95.0, 95.0, 92.25, 92.07, 92.77, 92.55, 92.37], [88.0, 88.0, 88.63, 88.64, 88.66, 89.0, 89.0, 89.0, 89.0, 89.0, 92.78, 92.35, 92.93, 93.42, 92.86, 93.9, 93.73, 94.03, 92.63, 92.45], [88.64, 88.65, 88.35, 88.37, 89.0, 89.0, 89.0, 89.0, 89.0, 89.0, 91.58, 92.32, 93.11, 93.83, 93.95, 94.39, 94.18, 94.01, 93.89, 93.81], [88.36, 88.37, 88.39, 88.41, 89.0, 89.0, 89.0, 89.0, 89.0, 90.52, 91.33, 92.23, 93.17, 93.89, 94.85, 94.46, 94.15, 93.96, 93.84, 93.76], [88.38, 88.39, 88.42, 89.0, 89.0, 89.0, 89.0, 89.0, 89.54, 90.17, 91.29, 92.06, 92.81, 93.55, 94.5, 94.28, 94.02, 93.85, 93.74, 93.69], [88.39, 88.41, 90.71, 90.63, 90.52, 90.36, 90.12, 89.49, 89.9, 90.55, 91.28, 91.94, 92.54, 93.02, 94.09, 93.96, 93.8, 93.68, 93.62, 93.59], [90.83, 90.79, 90.73, 90.24, 90.18, 90.09, 89.98, 89.86, 90.64, 90.96, 91.41, 91.88, 92.31, 93.84, 93.78, 93.66, 93.55, 93.49, 93.48, 93.5], [90.4, 90.38, 90.37, 90.35, 90.32, 90.29, 90.27, 90.21, 91.12, 91.31, 91.57, 91.87, 93.06, 93.64, 93.53, 93.39, 93.29, 93.29, 93.35, 93.41], [90.45, 90.45, 90.45, 90.34, 90.36, 90.39, 90.44, 90.52, 90.62, 90.68, 90.67, 91.12, 92.59, 93.5, 93.36, 93.17, 92.97, 93.09, 93.26, 93.35], [90.36, 90.37, 90.39, 90.41, 90.45, 90.52, 90.62, 90.78, 90.98, 91.08, 90.95, 91.5, 92.58, 92.67, 92.74, 93.08, 92.51, 93.13, 93.28, 93.34], [90.39, 90.4, 90.43, 90.47, 90.52, 90.61, 90.74, 90.95, 91.31, 91.6, 91.19, 91.46, 91.43, 92.68, 92.77, 92.86, 93.27, 93.5, 93.35, 93.36], [90.41, 90.43, 90.46, 90.5, 90.56, 90.65, 90.77, 90.97, 91.29, 91.55, 91.5, 91.36, 91.34, 92.68, 92.78, 92.58, 92.82, 92.92, 93.37, 93.38], [90.43, 90.45, 90.48, 90.52, 90.57, 90.64, 90.73, 90.85, 90.97, 90.99, 91.2, 91.16, 91.2, 91.93, 92.2, 92.43, 92.6, 92.68, 92.66, 92.61], [90.44, 90.46, 90.49, 90.52, 90.56, 90.61, 90.66, 90.7, 90.69, 90.89, 90.78, 91.18, 91.47, 91.76, 92.04, 92.26, 92.41, 92.5, 92.52, 92.51], [90.44, 90.46, 90.49, 90.51, 90.54, 90.57, 90.59, 90.58, 90.5, 90.53, 90.33, 90.88, 91.29, 91.62, 91.89, 92.11, 92.26, 92.35, 92.39, 92.41], [90.45, 90.46, 90.48, 90.5, 90.52, 90.53, 90.53, 90.5, 91.02, 90.7, 90.51, 90.87, 91.24, 91.53, 91.79, 91.99, 92.13, 92.23, 92.29, 92.32], [90.45, 90.46, 90.47, 90.49, 90.5, 90.5, 90.5, 90.47, 91.09, 90.93, 90.89, 91.04, 91.28, 91.52, 91.73, 91.9, 92.04, 92.13, 92.2, 92.24], [90.44, 90.46, 90.47, 90.48, 90.48, 90.48, 90.47, 91.29, 91.2, 91.12, 91.12, 91.21, 91.36, 91.53, 91.7, 91.85, 91.97, 92.06, 92.13, 92.17]]}