gis_exercise/awsData/contour/humi_2023083108.json
{"header": {"refTime": "2023-08-31T08:00:00.000Z", "nx": 21, "ny": 33, "lo1": 113.509, "la1": 22.2235, "lo2": 113.5947, "la2": 22.1034, "dx": 0.0042850000000001385, "dy": 0.003753125000000024, "parameterCategory": 0, "parameterCategoryName": "Temperature", "parameterNumber": 0}, "z": [[70.39, 70.4, 70.42, 70.7, 70.72, 69.12, 69.23, 69.32, 69.29, 69.23, 68.86, 68.49, 67.26, 67.06, 67.25, 67.25, 66.23, 66.32, 66.38, 66.43], [70.38, 70.39, 70.41, 70.44, 70.71, 70.74, 69.38, 69.63, 69.76, 69.49, 68.86, 68.31, 67.02, 66.83, 67.06, 66.12, 66.26, 66.37, 66.44, 66.49], [70.36, 70.38, 70.39, 70.42, 70.7, 70.72, 70.77, 69.9, 70.7, 69.71, 68.74, 67.95, 66.61, 66.48, 65.9, 66.13, 66.32, 66.45, 66.53, 66.57], [70.35, 70.35, 70.37, 70.39, 70.42, 70.7, 70.73, 70.79, 70.85, 69.4, 68.4, 67.33, 65.93, 66.07, 65.85, 66.18, 66.43, 66.58, 66.65, 66.67], [70.33, 70.33, 70.34, 70.35, 70.37, 70.65, 70.66, 70.69, 70.72, 69.0, 68.13, 65.95, 64.83, 65.82, 65.89, 66.31, 66.63, 66.79, 66.82, 66.79], [70.31, 70.31, 70.31, 70.31, 70.32, 70.33, 70.58, 70.57, 70.6, 70.66, 67.5, 66.53, 65.62, 65.0, 66.06, 66.53, 66.94, 67.11, 67.03, 66.91], [70.0, 70.28, 70.27, 70.27, 70.27, 70.26, 70.25, 70.42, 70.43, 69.87, 69.79, 67.52, 65.71, 65.53, 66.31, 66.76, 67.35, 67.57, 67.26, 67.01], [70.0, 70.0, 70.0, 70.0, 70.0, 70.23, 70.23, 70.18, 69.94, 70.02, 70.45, 68.23, 68.21, 65.49, 67.63, 67.52, 67.74, 67.82, 67.69, 67.61], [70.0, 70.0, 70.0, 70.0, 70.0, 70.0, 70.0, 70.22, 70.32, 69.79, 69.46, 68.87, 68.59, 68.97, 67.6, 67.48, 67.61, 67.66, 67.63, 67.58], [70.0, 70.0, 70.0, 70.0, 70.0, 70.0, 70.0, 70.0, 70.57, 70.51, 68.57, 69.24, 69.02, 69.13, 67.6, 67.44, 67.52, 67.56, 67.56, 67.54], [70.0, 70.0, 70.0, 70.0, 70.0, 70.0, 70.0, 70.0, 70.0, 70.34, 71.0, 69.48, 69.3, 69.28, 67.61, 67.4, 67.46, 67.5, 67.51, 67.5], [70.0, 70.0, 70.0, 70.0, 70.0, 70.0, 70.0, 70.0, 70.0, -999.0, 71.0, 67.0, 67.0, 69.41, 67.62, 67.37, 67.41, 73.68, 73.55, 73.51], [70.0, 70.0, 70.0, 70.0, 70.0, 70.0, 70.0, 70.0, 70.0, 70.0, -999.0, 67.0, 67.0, 74.18, 71.02, 71.64, 71.57, 72.8, 72.62, 72.51], [70.0, 70.0, 70.0, 70.0, 70.0, 70.0, 70.0, 70.0, 70.0, 70.0, -999.0, 78.0, 78.0, 78.0, 71.95, 72.47, 72.31, 73.57, 73.3, 73.09], [70.0, 70.0, 70.0, 70.0, 70.0, 70.0, 70.0, 72.0, 72.0, 72.0, 72.0, 74.31, 78.0, 78.0, 78.0, 73.42, 73.12, 74.28, 73.92, 73.62], [70.0, 70.0, 71.26, 71.28, 71.32, 72.0, 72.0, 72.0, 72.0, 72.0, 75.78, 75.35, 75.93, 76.42, 75.86, 75.43, 75.04, 75.73, 73.5, 73.17], [71.28, 71.3, 70.71, 70.74, 72.0, 72.0, 72.0, 72.0, 72.0, 72.0, 74.58, 75.32, 76.11, 76.83, 76.5, 76.77, 76.34, 76.0, 75.77, 75.61], [70.71, 70.74, 70.77, 70.83, 72.0, 72.0, 72.0, 72.0, 72.0, 73.52, 74.33, 75.23, 76.17, 76.47, 77.78, 76.91, 76.29, 75.89, 75.65, 75.5], [70.75, 70.79, 70.83, 72.0, 72.0, 72.0, 72.0, 72.0, 72.54, 73.17, 73.54, 74.28, 75.09, 75.94, 76.99, 76.53, 76.01, 75.66, 75.46, 75.35], [70.78, 70.81, 71.43, 71.46, 71.49, 71.55, 71.63, 71.84, 72.45, 72.86, 73.4, 74.02, 74.65, 75.1, 76.15, 75.89, 75.56, 75.33, 75.21, 75.16], [71.39, 71.4, 71.42, 71.59, 71.61, 71.64, 71.67, 71.71, 72.7, 72.91, 73.28, 73.73, 74.22, 75.64, 75.5, 75.25, 75.03, 74.92, 74.93, 74.97], [71.53, 71.54, 71.54, 71.55, 71.56, 71.57, 71.58, 71.65, 72.69, 72.82, 73.07, 73.43, 73.48, 75.23, 74.99, 74.68, 74.45, 74.48, 74.66, 74.81], [71.52, 71.52, 71.52, 71.64, 71.63, 71.61, 71.59, 71.56, 71.52, 71.5, 71.51, 71.29, 72.78, 74.94, 74.63, 74.18, 73.7, 74.05, 74.51, 74.72], [71.64, 71.64, 71.63, 71.62, 71.6, 71.58, 71.54, 71.48, 71.4, 71.36, 71.42, 71.25, 72.73, 73.01, 73.21, 74.01, 72.48, 74.29, 74.63, 74.74], [71.64, 71.63, 71.62, 71.61, 71.59, 71.56, 71.51, 71.42, 71.28, 71.16, 71.34, 71.27, 71.28, 73.03, 73.31, 73.57, 74.68, 75.4, 74.86, 74.8], [71.63, 71.63, 71.62, 71.6, 71.58, 71.55, 71.51, 71.43, 71.3, 71.19, 71.25, 71.32, 71.33, 73.04, 73.34, 73.81, 74.19, 74.4, 74.88, 74.85], [71.63, 71.63, 71.62, 71.6, 71.59, 71.57, 71.53, 71.49, 71.45, 71.45, 71.4, 71.42, 71.4, 73.3, 73.51, 73.73, 73.94, 74.05, 74.02, 73.93], [71.63, 71.63, 71.62, 71.61, 71.6, 71.59, 71.58, 71.57, 71.59, 71.55, 71.61, 72.44, 72.77, 73.17, 73.41, 73.6, 73.76, 73.85, 73.86, 73.83], [71.64, 71.63, 71.63, 71.62, 71.62, 71.61, 71.62, 71.64, 71.69, 71.73, 72.11, 72.38, 72.71, 73.06, 73.31, 73.49, 73.62, 73.7, 73.74, 73.74], [71.64, 71.64, 71.63, 71.63, 71.63, 71.63, 71.65, 71.67, 72.32, 72.24, 72.2, 72.42, 72.7, 73.0, 73.24, 73.39, 73.51, 73.59, 73.64, 73.65], [71.64, 71.64, 71.64, 71.64, 71.64, 71.65, 71.66, 71.69, 72.41, 72.38, 72.4, 72.54, 72.74, 72.98, 73.19, 73.33, 73.43, 73.51, 73.56, 73.58], [71.64, 71.64, 71.64, 71.65, 71.65, 71.66, 71.67, 72.53, 72.51, 72.51, 72.55, 72.65, 72.81, 72.99, 73.17, 73.28, 73.38, 73.45, 73.49, 73.53]]}