gis_exercise/awsData/contour/humi_2023090706.json
{"header": {"refTime": "2023-09-07T06:00:00.000Z", "nx": 21, "ny": 33, "lo1": 113.509, "la1": 22.2235, "lo2": 113.5947, "la2": 22.1034, "dx": 0.0042850000000001385, "dy": 0.003753125000000024, "parameterCategory": 0, "parameterCategoryName": "Temperature", "parameterNumber": 0}, "z": [[83.64, 83.73, 83.85, 84.49, 84.61, 84.08, 84.3, 84.51, 84.54, 84.46, 84.01, 83.58, 83.02, 82.81, 82.68, 82.61, 81.25, 81.29, 81.32, 81.35], [83.57, 83.66, 83.78, 83.94, 84.59, 84.79, 84.49, 84.94, 85.2, 84.83, 84.05, 83.43, 82.79, 82.57, 82.49, 81.19, 81.26, 81.31, 81.35, 81.37], [83.49, 83.57, 83.68, 83.83, 84.51, 84.72, 85.07, 85.28, 86.56, 85.13, 83.92, 83.08, 82.38, 82.24, 81.08, 81.19, 81.28, 81.35, 81.39, 81.41], [83.39, 83.45, 83.54, 83.67, 83.85, 84.53, 84.81, 85.29, 85.74, 84.63, 83.48, 82.48, 81.73, 81.05, 81.05, 81.22, 81.33, 81.41, 81.44, 81.45], [83.28, 83.31, 83.37, 83.46, 83.59, 84.25, 84.36, 84.52, 84.6, 83.83, 82.98, 80.97, 80.42, 80.93, 81.07, 81.28, 81.42, 81.5, 81.52, 81.5], [83.15, 83.16, 83.18, 83.22, 83.28, 83.36, 83.88, 83.8, 83.76, 83.74, 81.69, 81.27, 80.84, 80.67, 81.17, 81.39, 81.56, 81.64, 81.61, 81.56], [81.45, 83.0, 82.98, 82.97, 82.97, 82.98, 82.0, 83.17, 83.05, 82.46, 82.55, 81.8, 81.14, 81.02, 81.32, 81.5, 81.74, 81.83, 81.63, 81.5], [81.43, 81.42, 81.42, 81.43, 81.45, 81.85, 81.94, 82.04, 82.11, 82.51, 82.8, 82.31, 82.3, 80.99, 82.0, 82.0, 82.0, 82.0, 82.0, 82.0], [81.57, 81.56, 81.38, 81.37, 81.36, 81.4, 81.52, 81.98, 82.32, 82.43, 82.62, 82.47, 82.4, 82.49, 82.0, 82.0, 82.0, 82.0, 82.0, 82.0], [81.0, 81.0, 81.0, 81.47, 81.4, 81.23, 81.35, 81.52, 82.57, 82.51, 82.39, 82.56, 82.51, 82.53, 82.0, 82.0, 82.0, 82.0, 82.0, 82.0], [81.0, 81.0, 81.0, 81.0, 81.0, 81.0, 81.0, 81.0, 81.35, 82.34, 83.0, 82.62, 82.57, 82.57, 82.0, 82.0, 82.0, 82.0, 82.0, 82.0], [81.0, 81.0, 81.0, 81.0, 81.0, 81.0, 81.0, 81.0, 81.0, -999.0, 83.0, 82.0, 82.0, 82.6, 82.0, 82.0, 82.0, 86.55, 86.44, 86.41], [81.0, 81.0, 81.0, 81.0, 81.0, 81.0, 81.0, 81.0, 81.0, 81.0, -999.0, 82.0, 82.0, 87.22, 84.93, 84.91, 84.85, 85.84, 85.7, 85.61], [81.0, 81.0, 81.0, 81.0, 81.0, 81.0, 81.0, 81.0, 81.0, 81.0, -999.0, 90.0, 90.0, 90.0, 85.6, 85.58, 85.45, 86.46, 86.24, 86.08], [81.0, 81.0, 81.0, 81.0, 81.0, 81.0, 81.0, 86.0, 86.0, 86.0, 86.0, 87.54, 90.0, 90.0, 90.0, 86.34, 86.1, 87.02, 86.73, 86.5], [81.0, 81.0, 84.15, 84.2, 84.3, 86.0, 86.0, 86.0, 86.0, 86.0, 88.52, 88.23, 88.62, 88.95, 88.57, 87.8, 87.47, 88.05, 86.29, 86.02], [84.21, 84.24, 82.76, 82.85, 86.0, 86.0, 86.0, 86.0, 86.0, 86.0, 87.72, 88.22, 88.74, 89.22, 88.85, 89.07, 88.74, 88.49, 88.31, 88.19], [82.78, 82.84, 82.93, 83.06, 86.0, 86.0, 86.0, 86.0, 86.0, 87.02, 87.55, 88.15, 88.78, 88.84, 89.83, 89.17, 88.7, 88.4, 88.22, 88.11], [82.88, 82.96, 83.08, 86.0, 86.0, 86.0, 86.0, 86.0, 86.36, 86.78, 87.34, 87.84, 87.82, 88.43, 89.23, 88.88, 88.49, 88.22, 88.07, 87.99], [82.95, 83.03, 86.57, 86.54, 86.51, 86.45, 86.37, 86.16, 86.49, 86.86, 87.3, 87.73, 87.47, 87.77, 88.59, 88.38, 88.13, 87.96, 87.88, 87.86], [86.61, 86.6, 86.58, 86.41, 86.39, 86.36, 86.33, 86.29, 86.86, 87.04, 87.32, 87.63, 87.11, 88.2, 88.08, 87.89, 87.71, 87.64, 87.66, 87.71], [86.47, 86.46, 86.46, 86.45, 86.44, 86.43, 86.42, 86.7, 87.06, 87.17, 87.34, 87.55, 87.11, 87.88, 87.69, 87.43, 87.24, 87.29, 87.46, 87.6], [86.48, 86.48, 86.48, 86.87, 86.85, 86.84, 86.83, 86.84, 86.86, 86.88, 86.91, 85.92, 86.89, 87.66, 87.41, 87.02, 86.59, 86.94, 87.37, 87.55], [86.94, 86.93, 86.93, 86.92, 86.92, 86.92, 86.93, 86.94, 86.97, 86.98, 87.0, 86.51, 86.91, 86.86, 86.77, 86.89, 85.45, 87.23, 87.52, 87.59], [86.96, 86.97, 86.97, 86.97, 86.98, 86.99, 87.01, 87.02, 87.03, 87.02, 87.06, 86.63, 86.38, 86.92, 86.9, 86.92, 87.63, 88.36, 87.76, 87.67], [86.99, 87.0, 87.01, 87.02, 87.03, 87.05, 87.07, 87.09, 87.08, 87.06, 86.89, 86.74, 86.52, 86.98, 87.01, 87.27, 87.5, 87.68, 87.77, 87.71], [87.02, 87.03, 87.04, 87.06, 87.08, 87.11, 87.14, 87.17, 87.2, 87.23, 87.02, 86.9, 86.68, 87.37, 87.33, 87.35, 87.43, 87.49, 87.47, 87.41], [87.04, 87.06, 87.08, 87.1, 87.13, 87.16, 87.21, 87.26, 87.34, 87.25, 87.29, 88.0, 88.12, 88.29, 87.4, 87.39, 87.41, 87.43, 87.42, 87.4], [87.07, 87.08, 87.1, 87.13, 87.16, 87.2, 87.26, 87.34, 87.46, 87.51, 87.99, 88.03, 88.13, 88.26, 87.44, 87.42, 87.41, 87.41, 87.4, 87.39], [87.08, 87.1, 87.12, 87.15, 87.19, 87.23, 87.29, 87.38, 87.97, 87.99, 88.01, 88.05, 88.13, 88.24, 87.47, 87.44, 87.42, 87.41, 87.4, 87.38], [87.1, 87.12, 87.14, 87.17, 87.21, 87.25, 87.31, 87.38, 88.0, 88.02, 88.04, 88.08, 88.15, 88.24, 87.49, 87.45, 87.43, 87.41, 87.4, 87.39], [87.11, 87.13, 87.15, 87.18, 87.22, 87.26, 87.3, 88.03, 88.04, 88.05, 88.07, 88.11, 88.17, 88.24, 87.49, 87.46, 87.43, 87.41, 87.4, 87.39]]}