gis_exercise/awsData/contour/humi_2023090823.json
{"header": {"refTime": "2023-09-08T23:00:00.000Z", "nx": 21, "ny": 33, "lo1": 113.509, "la1": 22.2235, "lo2": 113.5947, "la2": 22.1034, "dx": 0.0042850000000001385, "dy": 0.003753125000000024, "parameterCategory": 0, "parameterCategoryName": "Temperature", "parameterNumber": 0}, "z": [[91.86, 91.92, 92.0, 93.88, 93.89, 91.83, 91.98, 92.12, 92.13, 93.06, 92.8, 92.53, 90.42, 90.22, 90.09, 90.0, 88.62, 88.65, 88.66, 88.67], [91.82, 91.88, 91.96, 92.06, 93.87, 93.89, 92.13, 92.46, 92.64, 93.2, 92.77, 92.36, 90.22, 90.03, 89.93, 88.59, 88.63, 88.66, 88.67, 88.69], [91.77, 91.82, 91.89, 91.99, 93.83, 93.85, 93.89, 92.73, 93.67, 93.32, 92.67, 92.04, 89.88, 89.74, 88.54, 88.6, 88.64, 88.67, 88.69, 88.7], [91.7, 91.74, 91.8, 91.89, 92.01, 93.79, 93.83, 93.9, 93.97, 93.2, 92.46, 91.48, 89.34, 90.0, 88.53, 88.61, 88.67, 88.7, 88.72, 88.73], [91.63, 91.65, 91.69, 91.75, 91.84, 93.7, 93.71, 93.77, 93.89, 93.16, 92.41, 89.96, 88.8, 89.73, 88.53, 88.64, 88.71, 88.75, 88.76, 88.75], [91.54, 91.55, 91.56, 91.59, 91.64, 91.71, 93.52, 93.5, 93.7, 94.16, 91.72, 90.52, 89.52, 88.33, 88.59, 88.69, 88.78, 88.82, 88.8, 88.78], [90.45, 91.44, 91.43, 91.42, 91.44, 91.46, 92.27, 92.99, 93.14, 93.38, 93.79, 91.38, 88.57, 88.51, 88.66, 88.75, 88.87, 88.91, 88.82, 88.75], [90.43, 90.42, 90.42, 90.43, 90.45, 91.98, 92.07, 91.94, 91.56, 93.71, 95.58, 91.46, 91.41, 88.5, 89.0, 89.0, 89.0, 89.0, 89.0, 89.0], [90.57, 90.56, 90.38, 90.37, 90.36, 90.4, 90.52, 92.08, 92.91, 93.13, 93.93, 92.75, 92.17, 92.93, 89.0, 89.0, 89.0, 89.0, 89.0, 89.0], [90.0, 90.0, 90.0, 90.47, 90.4, 90.23, 90.35, 90.52, 94.41, 94.08, 92.14, 93.47, 93.05, 93.25, 89.0, 89.0, 89.0, 89.0, 89.0, 89.0], [90.0, 90.0, 90.0, 90.0, 90.0, 90.0, 90.0, 90.0, 90.35, 93.05, 97.0, 93.95, 93.59, 93.57, 89.0, 89.0, 89.0, 89.0, 89.0, 89.0], [90.0, 90.0, 90.0, 90.0, 90.0, 90.0, 90.0, 90.0, 90.0, -999.0, 97.0, 89.0, 89.0, 93.81, 89.0, 89.0, 89.0, 93.55, 93.44, 93.41], [90.0, 90.0, 90.0, 90.0, 90.0, 90.0, 90.0, 90.0, 90.0, 90.0, -999.0, 89.0, 89.0, 94.22, 91.93, 91.91, 91.85, 92.84, 92.7, 92.61], [90.0, 90.0, 90.0, 90.0, 90.0, 90.0, 90.0, 90.0, 90.0, 90.0, -999.0, 97.0, 97.0, 97.0, 92.6, 92.58, 92.45, 93.46, 93.24, 93.08], [90.0, 90.0, 90.0, 90.0, 90.0, 90.0, 90.0, 92.0, 92.0, 92.0, 92.0, 93.92, 97.0, 97.0, 97.0, 93.34, 93.1, 94.02, 93.73, 93.5], [90.0, 90.0, 91.26, 91.28, 91.32, 92.0, 92.0, 92.0, 92.0, 92.0, 95.15, 94.79, 95.27, 95.68, 95.22, 95.17, 94.89, 95.38, 93.56, 93.31], [91.28, 91.3, 90.71, 90.74, 92.0, 92.0, 92.0, 92.0, 92.0, 92.0, 94.15, 94.77, 95.42, 96.02, 95.85, 95.8, 95.38, 95.04, 94.81, 94.64], [90.71, 90.74, 90.77, 90.83, 92.0, 92.0, 92.0, 92.0, 92.0, 93.27, 93.94, 94.69, 95.47, 95.81, 96.83, 95.94, 95.33, 94.94, 94.7, 94.54], [90.75, 90.79, 90.83, 92.0, 92.0, 92.0, 92.0, 92.0, 92.45, 92.97, 93.81, 94.45, 94.73, 95.41, 96.02, 95.58, 95.07, 94.73, 94.52, 94.39], [90.78, 90.81, 93.14, 93.09, 93.01, 92.91, 92.75, 92.33, 92.69, 93.21, 93.79, 94.33, 94.39, 94.78, 95.22, 94.97, 94.65, 94.41, 94.28, 94.21], [93.22, 93.19, 93.15, 92.83, 92.79, 92.73, 92.65, 92.57, 93.25, 93.5, 93.87, 94.26, 94.08, 94.73, 94.61, 94.39, 94.17, 94.04, 94.01, 94.02], [92.93, 92.92, 92.91, 92.9, 92.88, 92.86, 92.84, 92.87, 93.59, 93.74, 93.96, 94.21, 94.43, 94.33, 94.14, 93.89, 93.69, 93.67, 93.74, 93.83], [92.97, 92.97, 92.97, 92.98, 92.99, 93.0, 93.03, 93.08, 93.14, 93.19, 93.18, 92.88, 93.33, 94.05, 93.81, 93.49, 93.19, 93.31, 93.54, 93.7], [93.0, 93.01, 93.02, 93.03, 93.06, 93.1, 93.16, 93.26, 93.38, 93.44, 93.37, 93.26, 93.36, 93.24, 93.11, 93.3, 92.58, 93.24, 93.49, 93.64], [93.02, 93.04, 93.05, 93.08, 93.11, 93.16, 93.25, 93.38, 93.59, 93.77, 93.52, 93.31, 93.11, 93.27, 93.16, 93.09, 93.38, 93.59, 93.54, 93.63], [93.04, 93.06, 93.08, 93.11, 93.14, 93.2, 93.28, 93.4, 93.59, 93.74, 93.51, 93.29, 93.13, 93.31, 93.22, 93.04, 93.13, 93.19, 93.59, 93.66], [93.06, 93.08, 93.1, 93.12, 93.16, 93.21, 93.27, 93.34, 93.42, 93.44, 93.35, 93.23, 93.12, 93.0, 93.02, 93.05, 93.09, 93.11, 93.11, 93.08], [93.07, 93.09, 93.11, 93.13, 93.16, 93.2, 93.24, 93.27, 93.28, 93.24, 93.18, 93.44, 93.52, 93.59, 93.02, 93.04, 93.06, 93.08, 93.08, 93.07], [93.08, 93.09, 93.11, 93.13, 93.16, 93.18, 93.2, 93.21, 93.19, 93.12, 93.12, 93.32, 93.45, 93.54, 93.02, 93.04, 93.05, 93.06, 93.06, 93.06], [93.08, 93.1, 93.11, 93.13, 93.15, 93.17, 93.18, 93.18, 93.39, 93.26, 93.19, 93.31, 93.43, 93.52, 93.02, 93.03, 93.04, 93.04, 93.05, 93.05], [93.09, 93.1, 93.11, 93.13, 93.14, 93.15, 93.16, 93.16, 93.41, 93.35, 93.32, 93.37, 93.44, 93.51, 93.02, 93.03, 93.03, 93.04, 93.04, 93.04], [93.09, 93.1, 93.11, 93.12, 93.13, 93.14, 93.15, 93.48, 93.44, 93.41, 93.4, 93.43, 93.47, 93.52, 93.02, 93.02, 93.03, 93.03, 93.03, 93.03]]}