gis_exercise/awsData/contour/humi_2023091204.json
{"header": {"refTime": "2023-09-12T04:00:00.000Z", "nx": 21, "ny": 33, "lo1": 113.509, "la1": 22.2235, "lo2": 113.5947, "la2": 22.1034, "dx": 0.0042850000000001385, "dy": 0.003753125000000024, "parameterCategory": 0, "parameterCategoryName": "Temperature", "parameterNumber": 0}, "z": [[92.7, 92.71, 92.73, 94.03, 93.98, 92.07, 92.12, 92.15, 92.13, 92.76, 92.63, 92.48, 91.17, 91.08, 90.77, 90.77, 90.52, 90.56, 90.59, 90.61], [92.69, 92.71, 92.72, 92.74, 93.97, 93.9, 92.2, 92.32, 92.37, 92.79, 92.59, 92.35, 91.03, 90.94, 90.67, 90.45, 90.52, 90.57, 90.61, 90.63], [92.68, 92.69, 92.71, 92.73, 93.98, 93.9, 93.78, 92.46, 92.85, 92.84, 92.52, 92.13, 90.78, 90.73, 90.34, 90.45, 90.54, 90.6, 90.63, 90.65], [92.67, 92.68, 92.69, 92.72, 92.74, 93.94, 93.85, 93.68, 93.54, 92.85, 92.44, 91.74, 90.35, 91.26, 90.3, 90.47, 90.57, 90.64, 90.67, 90.69], [92.65, 92.66, 92.67, 92.69, 92.72, 94.0, 93.96, 93.93, 93.98, 93.03, 92.51, 91.15, 89.91, 90.98, 90.32, 90.52, 90.64, 90.7, 90.72, 90.72], [92.63, 92.63, 92.64, 92.66, 92.68, 92.72, 94.03, 94.05, 94.22, 94.57, 92.88, 91.78, 90.77, 90.0, 90.45, 90.63, 90.75, 90.8, 90.78, 90.76], [92.45, 92.6, 92.6, 92.61, 92.64, 92.68, 93.76, 93.95, 94.12, 94.65, 94.95, 92.85, 90.71, 90.53, 90.65, 90.74, 90.86, 90.91, 90.63, 90.5], [92.43, 92.42, 92.42, 92.43, 92.45, 93.53, 93.62, 93.58, 93.39, 94.86, 96.1, 93.54, 93.51, 90.49, 91.37, 91.48, 91.26, 91.18, 91.31, 91.39], [92.57, 92.56, 92.38, 92.37, 92.36, 92.4, 92.52, 93.64, 94.27, 94.49, 95.08, 94.34, 93.98, 94.46, 91.4, 91.52, 91.39, 91.34, 91.37, 91.42], [92.0, 92.0, 92.0, 92.47, 92.4, 92.23, 92.35, 92.52, 95.27, 95.05, 93.96, 94.8, 94.53, 94.66, 91.4, 91.56, 91.48, 91.44, 91.44, 91.46], [92.0, 92.0, 92.0, 92.0, 92.0, 92.0, 92.0, 92.0, 92.35, 94.37, 97.0, 95.09, 94.87, 94.85, 91.39, 91.6, 91.54, 91.5, 91.49, 91.5], [92.0, 92.0, 92.0, 92.0, 92.0, 92.0, 92.0, 92.0, 92.0, -999.0, 97.0, 92.0, 92.0, 95.01, 91.38, 91.63, 91.59, 94.98, 94.88, 94.86], [92.0, 92.0, 92.0, 92.0, 92.0, 92.0, 92.0, 92.0, 92.0, 92.0, -999.0, 92.0, 92.0, 95.92, 94.19, 93.55, 93.5, 94.36, 94.24, 94.16], [92.0, 92.0, 92.0, 92.0, 92.0, 92.0, 92.0, 92.0, 92.0, 92.0, -999.0, 98.0, 98.0, 98.0, 94.7, 94.13, 94.02, 94.9, 94.71, 94.57], [92.0, 92.0, 92.0, 92.0, 92.0, 92.0, 92.0, 93.0, 93.0, 93.0, 93.0, 94.92, 98.0, 98.0, 98.0, 94.8, 94.59, 95.39, 95.14, 94.93], [92.0, 92.0, 92.63, 92.64, 92.66, 93.0, 93.0, 93.0, 93.0, 93.0, 96.15, 95.79, 96.27, 96.68, 96.22, 96.9, 96.73, 97.03, 95.37, 95.18], [92.64, 92.65, 92.35, 92.37, 93.0, 93.0, 93.0, 93.0, 93.0, 93.0, 95.15, 95.77, 96.42, 97.02, 97.07, 97.39, 97.18, 97.01, 96.89, 96.81], [92.36, 92.37, 92.39, 92.41, 93.0, 93.0, 93.0, 93.0, 93.0, 94.27, 94.94, 95.69, 96.47, 97.02, 97.86, 97.46, 97.15, 96.96, 96.84, 96.76], [92.38, 92.39, 92.42, 93.0, 93.0, 93.0, 93.0, 93.0, 93.45, 93.97, 95.0, 95.64, 96.09, 96.71, 97.5, 97.28, 97.02, 96.85, 96.74, 96.69], [92.39, 92.41, 94.71, 94.63, 94.52, 94.36, 94.12, 93.49, 93.8, 94.38, 95.01, 95.56, 95.84, 96.23, 97.09, 96.96, 96.8, 96.68, 96.62, 96.59], [94.83, 94.79, 94.73, 94.24, 94.18, 94.09, 93.98, 93.86, 94.48, 94.76, 95.15, 95.54, 95.62, 96.84, 96.78, 96.66, 96.55, 96.49, 96.48, 96.5], [94.4, 94.38, 94.37, 94.35, 94.32, 94.29, 94.27, 94.21, 94.95, 95.11, 95.33, 95.57, 96.39, 96.64, 96.53, 96.39, 96.29, 96.29, 96.35, 96.41], [94.45, 94.45, 94.45, 94.34, 94.36, 94.39, 94.44, 94.52, 94.62, 94.68, 94.67, 94.85, 95.96, 96.5, 96.36, 96.17, 95.97, 96.09, 96.26, 96.35], [94.36, 94.37, 94.39, 94.41, 94.45, 94.52, 94.62, 94.78, 94.98, 95.08, 94.95, 95.25, 95.97, 95.95, 95.92, 96.08, 95.51, 96.13, 96.28, 96.34], [94.39, 94.4, 94.43, 94.47, 94.52, 94.61, 94.74, 94.95, 95.31, 95.6, 95.19, 95.25, 95.13, 95.97, 95.97, 95.97, 96.27, 96.5, 96.35, 96.36], [94.41, 94.43, 94.46, 94.5, 94.56, 94.65, 94.77, 94.97, 95.29, 95.55, 95.38, 95.17, 95.07, 95.99, 96.0, 95.74, 95.92, 96.01, 96.37, 96.38], [94.43, 94.45, 94.48, 94.52, 94.57, 94.64, 94.73, 94.85, 94.97, 94.99, 95.08, 94.98, 94.96, 95.29, 95.47, 95.64, 95.76, 95.82, 95.81, 95.77], [94.44, 94.46, 94.49, 94.52, 94.56, 94.61, 94.66, 94.7, 94.69, 94.79, 94.68, 95.03, 95.25, 95.47, 95.37, 95.52, 95.63, 95.69, 95.71, 95.69], [94.44, 94.46, 94.49, 94.51, 94.54, 94.57, 94.59, 94.58, 94.5, 94.46, 94.29, 94.76, 95.1, 95.35, 95.27, 95.42, 95.52, 95.59, 95.62, 95.62], [94.45, 94.46, 94.48, 94.5, 94.52, 94.53, 94.53, 94.5, 94.9, 94.61, 94.44, 94.75, 95.05, 95.28, 95.2, 95.33, 95.43, 95.5, 95.54, 95.56], [94.45, 94.46, 94.47, 94.49, 94.5, 94.5, 94.5, 94.47, 94.95, 94.81, 94.77, 94.89, 95.08, 95.27, 95.16, 95.28, 95.37, 95.43, 95.48, 95.5], [94.44, 94.46, 94.47, 94.48, 94.48, 94.48, 94.47, 95.12, 95.04, 94.97, 94.96, 95.03, 95.15, 95.28, 95.14, 95.24, 95.32, 95.38, 95.43, 95.46]]}