gis_exercise/awsData/contour/humi_2023090112.json
{"header": {"refTime": "2023-09-01T12:00:00.000Z", "nx": 21, "ny": 33, "lo1": 113.509, "la1": 22.2235, "lo2": 113.5947, "la2": 22.1034, "dx": 0.0042850000000001385, "dy": 0.003753125000000024, "parameterCategory": 0, "parameterCategoryName": "Temperature", "parameterNumber": 0}, "z": [[66.18, 66.23, 66.31, 68.18, 68.17, 66.09, 66.22, 66.33, 66.32, 67.06, 66.8, 66.53, 64.9, 64.73, 64.66, 64.65, 63.87, 63.94, 63.99, 64.02], [66.14, 66.19, 66.27, 66.36, 68.15, 68.15, 66.36, 66.63, 66.77, 67.2, 66.77, 66.36, 64.69, 64.53, 64.5, 63.78, 63.89, 63.97, 64.02, 64.06], [66.09, 66.14, 66.21, 66.3, 68.13, 68.13, 68.12, 66.88, 67.7, 67.32, 66.67, 66.04, 64.33, 64.23, 63.62, 63.79, 63.93, 64.02, 64.08, 64.11], [66.02, 66.07, 66.13, 66.21, 66.33, 68.1, 68.1, 68.1, 68.11, 67.2, 66.46, 65.48, 63.74, 64.46, 63.58, 63.82, 64.0, 64.11, 64.16, 64.18], [65.95, 65.98, 66.02, 66.09, 66.19, 68.05, 68.05, 68.08, 68.17, 67.16, 66.41, 64.34, 62.99, 64.15, 63.6, 63.92, 64.14, 64.25, 64.27, 64.26], [65.87, 65.88, 65.9, 65.94, 66.01, 66.1, 67.93, 67.93, 68.1, 68.5, 66.27, 65.03, 63.92, 63.0, 63.76, 64.08, 64.34, 64.45, 64.41, 64.34], [64.89, 65.77, 65.76, 65.77, 65.81, 65.88, 66.77, 67.56, 67.7, 68.11, 68.5, 66.19, 63.71, 63.53, 63.98, 64.25, 64.61, 64.74, 64.45, 64.26], [64.86, 64.85, 64.84, 64.85, 64.9, 66.37, 66.56, 66.61, 66.51, 68.37, 69.9, 66.84, 66.81, 63.49, 65.0, 65.0, 65.0, 65.0, 65.0, 65.0], [65.15, 65.12, 64.76, 64.73, 64.72, 64.8, 65.04, 66.62, 67.59, 67.92, 68.69, 67.81, 67.38, 67.95, 65.0, 65.0, 65.0, 65.0, 65.0, 65.0], [64.0, 64.0, 64.0, 64.94, 64.8, 64.45, 64.7, 65.04, 68.84, 68.56, 67.35, 68.36, 68.04, 68.19, 65.0, 65.0, 65.0, 65.0, 65.0, 65.0], [64.0, 64.0, 64.0, 64.0, 64.0, 64.0, 64.0, 64.0, 64.71, 67.71, 71.0, 68.71, 68.44, 68.43, 65.0, 65.0, 65.0, 65.0, 65.0, 65.0], [64.0, 64.0, 64.0, 64.0, 64.0, 64.0, 64.0, 64.0, 64.0, -999.0, 71.0, 65.0, 65.0, 68.61, 65.0, 65.0, 65.0, 69.55, 69.44, 69.41], [64.0, 64.0, 64.0, 64.0, 64.0, 64.0, 64.0, 64.0, 64.0, 64.0, -999.0, 65.0, 65.0, 70.22, 67.93, 67.91, 67.85, 68.84, 68.7, 68.61], [64.0, 64.0, 64.0, 64.0, 64.0, 64.0, 64.0, 64.0, 64.0, 64.0, -999.0, 73.0, 73.0, 73.0, 68.6, 68.58, 68.45, 69.46, 69.24, 69.08], [64.0, 64.0, 64.0, 64.0, 64.0, 64.0, 64.0, 66.0, 66.0, 66.0, 66.0, 68.69, 73.0, 73.0, 73.0, 69.34, 69.1, 70.02, 69.73, 69.5], [64.0, 64.0, 65.26, 65.28, 65.32, 66.0, 66.0, 66.0, 66.0, 66.0, 70.4, 69.91, 70.58, 71.15, 70.51, 69.7, 69.2, 70.08, 68.47, 68.15], [65.28, 65.3, 64.71, 64.74, 66.0, 66.0, 66.0, 66.0, 66.0, 66.0, 69.01, 69.88, 70.79, 71.63, 71.16, 71.6, 71.11, 70.73, 70.47, 70.29], [64.71, 64.74, 64.77, 64.83, 66.0, 66.0, 66.0, 66.0, 66.0, 67.78, 68.72, 69.77, 70.86, 71.12, 72.73, 71.75, 71.05, 70.6, 70.33, 70.16], [64.75, 64.79, 64.83, 66.0, 66.0, 66.0, 66.0, 66.0, 66.63, 67.36, 67.83, 68.7, 69.45, 70.47, 71.84, 71.32, 70.73, 70.34, 70.11, 69.99], [64.78, 64.81, 65.43, 65.46, 65.49, 65.55, 65.63, 65.84, 66.55, 67.03, 67.67, 68.39, 68.9, 69.43, 70.88, 70.58, 70.2, 69.94, 69.82, 69.78], [65.39, 65.4, 65.42, 65.59, 65.61, 65.64, 65.67, 65.71, 66.85, 67.11, 67.54, 68.07, 68.36, 70.3, 70.13, 69.84, 69.57, 69.47, 69.5, 69.57], [65.53, 65.54, 65.54, 65.55, 65.56, 65.57, 65.58, 65.65, 66.86, 67.02, 67.31, 67.73, 67.52, 69.82, 69.53, 69.15, 68.87, 68.94, 69.2, 69.39], [65.52, 65.52, 65.52, 65.64, 65.63, 65.61, 65.59, 65.56, 65.52, 65.5, 65.51, 65.03, 67.04, 69.49, 69.11, 68.53, 67.89, 68.41, 69.05, 69.32], [65.64, 65.64, 65.63, 65.62, 65.6, 65.58, 65.54, 65.48, 65.4, 65.36, 65.42, 65.0, 66.99, 67.3, 67.5, 68.34, 66.17, 68.85, 69.29, 69.39], [65.64, 65.63, 65.62, 65.61, 65.59, 65.56, 65.51, 65.42, 65.28, 65.16, 65.34, 65.05, 64.98, 67.34, 67.66, 67.98, 69.44, 70.54, 69.64, 69.5], [65.63, 65.63, 65.62, 65.6, 65.58, 65.55, 65.51, 65.43, 65.3, 65.19, 65.13, 65.13, 65.06, 67.37, 67.74, 68.3, 68.83, 69.14, 69.65, 69.56], [65.63, 65.63, 65.62, 65.6, 65.59, 65.57, 65.53, 65.49, 65.45, 65.45, 65.27, 65.25, 65.16, 67.63, 67.9, 68.2, 68.49, 68.65, 68.61, 68.48], [65.63, 65.63, 65.62, 65.61, 65.6, 65.59, 65.58, 65.57, 65.59, 65.45, 65.5, 66.74, 67.2, 67.75, 67.78, 68.04, 68.25, 68.37, 68.39, 68.34], [65.64, 65.63, 65.63, 65.62, 65.62, 65.61, 65.62, 65.64, 65.69, 65.66, 66.19, 66.62, 67.09, 67.59, 67.66, 67.89, 68.06, 68.17, 68.22, 68.21], [65.64, 65.64, 65.63, 65.63, 65.63, 65.63, 65.65, 65.67, 66.56, 66.41, 66.33, 66.66, 67.07, 67.5, 67.56, 67.76, 67.92, 68.02, 68.08, 68.1], [65.64, 65.64, 65.64, 65.64, 65.64, 65.65, 65.66, 65.69, 66.68, 66.62, 66.65, 66.84, 67.14, 67.48, 67.51, 67.68, 67.81, 67.91, 67.97, 68.01], [65.64, 65.64, 65.64, 65.65, 65.65, 65.66, 65.67, 66.86, 66.83, 66.81, 66.87, 67.01, 67.23, 67.49, 67.48, 67.62, 67.74, 67.83, 67.89, 67.93]]}