gis_exercise/awsData/contour/humi_2023090600.json
{"header": {"refTime": "2023-09-06T00:00:00.000Z", "nx": 21, "ny": 33, "lo1": 113.509, "la1": 22.2235, "lo2": 113.5947, "la2": 22.1034, "dx": 0.0042850000000001385, "dy": 0.003753125000000024, "parameterCategory": 0, "parameterCategoryName": "Temperature", "parameterNumber": 0}, "z": [[73.05, 73.26, 73.54, 76.41, 76.65, 73.95, 74.48, 74.97, 75.06, 75.93, 74.95, 74.0, 71.37, 70.85, 69.11, 68.76, 65.34, 65.33, 65.33, 65.33], [72.9, 73.11, 73.38, 73.75, 76.58, 76.96, 74.93, 76.02, 76.65, 76.66, 75.0, 73.59, 70.8, 70.29, 68.65, 65.32, 65.3, 65.29, 65.28, 65.28], [72.71, 72.89, 73.14, 73.5, 76.4, 76.8, 77.46, 76.86, 79.94, 77.28, 74.69, 72.73, 69.82, 69.47, 65.28, 65.28, 65.26, 65.23, 65.22, 65.23], [72.48, 72.62, 72.82, 73.11, 73.55, 76.4, 76.93, 77.85, 78.72, 76.34, 73.77, 71.23, 68.23, 67.71, 65.25, 65.25, 65.2, 65.15, 65.15, 65.17], [72.21, 72.29, 72.42, 72.62, 72.92, 75.8, 76.01, 76.35, 76.62, 74.98, 72.88, 67.51, 65.48, 67.25, 65.27, 65.22, 65.1, 65.02, 65.04, 65.09], [71.92, 71.93, 71.98, 72.06, 72.2, 72.39, 74.95, 74.8, 74.93, 75.38, 70.35, 68.55, 66.9, 65.67, 65.41, 65.2, 64.92, 64.8, 64.89, 65.01], [67.89, 71.56, 71.51, 71.47, 71.47, 71.48, 70.53, 73.14, 73.08, 72.69, 73.4, 70.31, 66.85, 66.55, 65.64, 65.19, 64.62, 64.41, 64.0, 64.0], [67.86, 67.85, 67.84, 67.85, 67.9, 70.05, 70.24, 70.15, 69.91, 73.06, 75.43, 71.46, 71.41, 66.49, 65.86, 66.4, 65.31, 64.92, 65.54, 65.96], [68.15, 68.12, 67.76, 67.73, 67.72, 67.8, 68.04, 70.28, 71.55, 72.41, 73.93, 72.75, 72.17, 72.93, 65.99, 66.61, 65.97, 65.7, 65.85, 66.09], [67.0, 67.0, 67.0, 67.94, 67.8, 67.45, 67.7, 68.04, 73.55, 73.1, 72.14, 73.47, 73.05, 73.25, 66.0, 66.81, 66.41, 66.2, 66.19, 66.28], [67.0, 67.0, 67.0, 67.0, 67.0, 67.0, 67.0, 67.0, 67.71, 71.73, 77.0, 73.95, 73.59, 73.57, 65.94, 66.98, 66.68, 66.51, 66.47, 66.5], [67.0, 67.0, 67.0, 67.0, 67.0, 67.0, 67.0, 67.0, 67.0, -999.0, 77.0, 69.0, 69.0, 73.81, 65.89, 67.15, 66.97, 76.51, 76.2, 76.13], [67.0, 67.0, 67.0, 67.0, 67.0, 67.0, 67.0, 67.0, 67.0, 67.0, -999.0, 69.0, 69.0, 80.1, 75.22, 72.01, 71.85, 74.55, 74.17, 73.93], [67.0, 67.0, 67.0, 67.0, 67.0, 67.0, 67.0, 67.0, 67.0, 67.0, -999.0, 86.0, 86.0, 86.0, 76.65, 73.84, 73.49, 76.25, 75.67, 75.21], [67.0, 67.0, 67.0, 67.0, 67.0, 67.0, 67.0, 77.0, 77.0, 77.0, 77.0, 80.46, 86.0, 86.0, 86.0, 75.93, 75.27, 77.81, 77.02, 76.36], [67.0, 67.0, 73.29, 73.41, 73.6, 77.0, 77.0, 77.0, 77.0, 77.0, 82.66, 82.02, 82.89, 83.63, 82.79, 81.23, 80.51, 81.78, 76.75, 76.08], [73.42, 73.48, 70.53, 70.7, 77.0, 77.0, 77.0, 77.0, 77.0, 77.0, 80.87, 81.99, 83.16, 84.24, 83.48, 84.68, 84.23, 83.88, 83.65, 83.5], [70.57, 70.69, 70.87, 71.13, 77.0, 77.0, 77.0, 77.0, 77.0, 79.29, 80.49, 81.84, 83.25, 83.43, 85.63, 84.82, 84.15, 83.75, 83.51, 83.38], [70.77, 70.93, 71.15, 77.0, 77.0, 77.0, 77.0, 77.0, 77.81, 78.75, 79.96, 81.1, 81.18, 82.53, 84.89, 84.39, 83.83, 83.47, 83.29, 83.22], [70.9, 71.07, 78.14, 78.09, 78.01, 77.91, 77.75, 77.33, 78.07, 78.9, 79.88, 80.83, 80.42, 81.09, 83.95, 83.64, 83.28, 83.06, 83.0, 83.02], [78.22, 78.19, 78.15, 77.83, 77.79, 77.73, 77.65, 77.57, 78.87, 79.28, 79.91, 80.6, 79.64, 83.39, 83.17, 82.85, 82.58, 82.55, 82.68, 82.84], [77.93, 77.92, 77.91, 77.9, 77.88, 77.86, 77.84, 78.04, 79.29, 79.53, 79.92, 80.4, 79.57, 82.91, 82.54, 82.04, 81.71, 81.94, 82.41, 82.73], [77.97, 77.97, 77.97, 78.23, 78.23, 78.23, 78.24, 78.28, 78.33, 78.38, 78.39, 76.83, 80.56, 82.59, 82.1, 81.25, 80.24, 81.28, 82.39, 82.78], [78.29, 78.29, 78.3, 78.3, 78.32, 78.35, 78.39, 78.47, 78.56, 78.62, 78.58, 77.53, 80.56, 80.74, 80.76, 81.11, 77.19, 82.43, 83.05, 83.04], [78.33, 78.33, 78.35, 78.37, 78.39, 78.44, 78.5, 78.6, 78.75, 78.86, 78.72, 77.72, 77.19, 80.87, 81.1, 81.42, 83.6, 85.84, 83.81, 83.32], [78.36, 78.37, 78.39, 78.42, 78.45, 78.5, 78.57, 78.66, 78.78, 78.87, 78.28, 77.85, 77.37, 80.99, 81.36, 81.9, 82.88, 83.47, 83.74, 83.41], [78.39, 78.4, 78.43, 78.46, 78.49, 78.54, 78.61, 78.68, 78.75, 78.78, 78.23, 77.95, 77.55, 80.97, 81.35, 81.81, 82.31, 82.6, 82.51, 82.28], [78.41, 78.43, 78.45, 78.49, 78.53, 78.57, 78.63, 78.69, 78.75, 78.39, 78.37, 80.77, 81.57, 82.51, 81.22, 81.6, 81.93, 82.12, 82.15, 82.06], [78.43, 78.45, 78.48, 78.51, 78.55, 78.59, 78.64, 78.7, 78.77, 78.55, 79.47, 80.41, 81.32, 82.2, 81.07, 81.39, 81.65, 81.81, 81.87, 81.86], [78.45, 78.47, 78.49, 78.52, 78.56, 78.6, 78.65, 78.7, 80.42, 80.01, 79.78, 80.46, 81.26, 82.02, 80.95, 81.22, 81.44, 81.59, 81.67, 81.69], [78.46, 78.48, 78.5, 78.53, 78.56, 78.6, 78.64, 78.69, 80.64, 80.45, 80.45, 80.81, 81.37, 81.98, 80.88, 81.11, 81.29, 81.43, 81.51, 81.55], [78.47, 78.49, 78.51, 78.54, 78.57, 78.6, 78.63, 81.01, 80.9, 80.84, 80.9, 81.16, 81.55, 82.01, 80.84, 81.03, 81.18, 81.31, 81.39, 81.44]]}