gis_exercise/awsData/contour/humi_2023083118.json
{"header": {"refTime": "2023-08-31T18:00:00.000Z", "nx": 21, "ny": 33, "lo1": 113.509, "la1": 22.2235, "lo2": 113.5947, "la2": 22.1034, "dx": 0.0042850000000001385, "dy": 0.003753125000000024, "parameterCategory": 0, "parameterCategoryName": "Temperature", "parameterNumber": 0}, "z": [[68.05, 68.08, 68.11, 68.89, 68.84, 67.39, 67.37, 67.34, 67.25, 66.48, 66.16, 65.85, 64.66, 64.48, 64.09, 64.0, 62.89, 62.91, 62.93, 62.94], [68.03, 68.06, 68.1, 68.14, 68.86, 68.79, 67.48, 67.5, 67.47, 66.7, 66.17, 65.7, 64.46, 64.28, 63.93, 62.86, 62.89, 62.91, 62.93, 62.94], [68.0, 68.04, 68.09, 68.14, 68.9, 68.83, 68.69, 67.64, 67.88, 66.89, 66.06, 65.39, 64.11, 63.99, 62.8, 62.85, 62.89, 62.92, 62.94, 62.95], [67.97, 68.0, 68.06, 68.12, 68.2, 68.91, 68.81, 68.62, 68.44, 66.63, 65.77, 64.85, 63.54, 63.64, 62.78, 62.86, 62.91, 62.93, 62.95, 62.96], [67.92, 67.95, 68.01, 68.09, 68.2, 69.05, 69.01, 68.93, 68.85, 66.29, 65.54, 63.56, 62.66, 63.44, 62.79, 62.88, 62.93, 62.95, 62.96, 62.97], [67.85, 67.88, 67.93, 68.01, 68.15, 68.35, 69.26, 69.29, 69.21, 69.01, 64.85, 64.02, 63.28, 62.67, 62.87, 62.93, 62.97, 62.98, 62.98, 62.98], [67.68, 67.78, 67.81, 67.88, 68.02, 68.3, 68.73, 69.73, 69.7, 68.24, 67.56, 64.79, 63.14, 63.02, 62.99, 62.99, 62.99, 63.0, 62.82, 62.75], [67.57, 67.54, 67.52, 67.55, 67.69, 68.05, 68.62, 69.58, 70.25, 68.34, 67.77, 65.23, 65.21, 62.99, 63.37, 63.48, 63.26, 63.18, 63.31, 63.39], [68.44, 68.35, 67.29, 67.2, 67.16, 67.39, 68.12, 68.91, 70.04, 68.23, 66.46, 65.87, 65.59, 65.97, 63.4, 63.52, 63.39, 63.34, 63.37, 63.42], [65.0, 65.0, 65.0, 67.81, 67.41, 66.36, 67.09, 68.12, 69.29, 69.46, 65.57, 66.24, 66.02, 66.13, 63.4, 63.56, 63.48, 63.44, 63.44, 63.46], [65.0, 65.0, 65.0, 65.0, 65.0, 65.0, 65.0, 65.0, 67.13, 69.97, 68.0, 66.48, 66.3, 66.28, 63.39, 63.6, 63.54, 63.5, 63.49, 63.5], [65.0, 65.0, 65.0, 65.0, 65.0, 65.0, 65.0, 65.0, 65.0, -999.0, 68.0, 64.0, 64.0, 66.41, 63.38, 63.63, 63.59, 68.68, 68.55, 68.51], [65.0, 65.0, 65.0, 65.0, 65.0, 65.0, 65.0, 65.0, 65.0, 65.0, -999.0, 64.0, 64.0, 69.88, 67.29, 66.64, 66.57, 67.8, 67.62, 67.51], [65.0, 65.0, 65.0, 65.0, 65.0, 65.0, 65.0, 65.0, 65.0, 65.0, -999.0, 73.0, 73.0, 73.0, 68.05, 67.47, 67.31, 68.57, 68.3, 68.09], [65.0, 65.0, 65.0, 65.0, 65.0, 65.0, 65.0, 70.0, 70.0, 70.0, 70.0, 71.15, 73.0, 73.0, 73.0, 68.42, 68.12, 69.28, 68.92, 68.62], [65.0, 65.0, 68.15, 68.2, 68.3, 70.0, 70.0, 70.0, 70.0, 70.0, 71.89, 71.67, 71.96, 72.21, 71.93, 69.7, 69.2, 70.08, 67.95, 67.59], [68.21, 68.24, 66.76, 66.85, 70.0, 70.0, 70.0, 70.0, 70.0, 70.0, 71.29, 71.66, 72.05, 72.41, 71.64, 71.32, 70.73, 70.27, 69.94, 69.72], [66.78, 66.84, 66.93, 67.06, 70.0, 70.0, 70.0, 70.0, 70.0, 70.76, 71.16, 71.61, 72.08, 71.65, 72.79, 71.5, 70.66, 70.12, 69.78, 69.57], [66.88, 66.96, 67.08, 70.0, 70.0, 70.0, 70.0, 70.0, 70.27, 70.58, 70.86, 71.24, 70.55, 71.14, 71.62, 70.99, 70.28, 69.81, 69.53, 69.37], [66.95, 67.03, 70.0, 70.0, 70.0, 70.0, 70.0, 70.0, 70.28, 70.52, 70.81, 71.12, 70.1, 70.3, 70.48, 70.12, 69.67, 69.35, 69.18, 69.12], [70.0, 70.0, 70.0, 70.0, 70.0, 70.0, 70.0, 70.0, 70.47, 70.59, 70.78, 71.01, 69.6, 69.78, 69.6, 69.27, 68.96, 68.8, 68.8, 68.85], [70.0, 70.0, 70.0, 70.0, 70.0, 70.0, 70.0, 70.17, 70.52, 70.6, 70.72, 70.89, 69.15, 69.22, 68.91, 68.5, 68.19, 68.22, 68.43, 68.62], [70.0, 70.0, 70.0, 70.25, 70.24, 70.23, 70.21, 70.2, 70.19, 70.19, 70.21, 68.42, 68.3, 68.82, 68.43, 67.85, 67.24, 67.65, 68.21, 68.48], [70.29, 70.28, 70.28, 70.27, 70.26, 70.25, 70.23, 70.21, 70.18, 70.17, 70.21, 68.78, 68.38, 68.05, 67.7, 67.6, 65.75, 67.88, 68.32, 68.48], [70.3, 70.3, 70.29, 70.29, 70.28, 70.27, 70.26, 70.22, 70.15, 70.09, 70.2, 68.99, 68.47, 68.15, 67.88, 67.7, 68.34, 69.18, 68.58, 68.55], [70.31, 70.31, 70.31, 70.31, 70.31, 70.3, 70.29, 70.26, 70.19, 70.13, 69.53, 69.17, 68.7, 68.25, 68.06, 68.17, 68.33, 68.51, 68.62, 68.61], [70.33, 70.33, 70.33, 70.33, 70.34, 70.34, 70.34, 70.33, 70.32, 70.34, 69.63, 69.37, 68.95, 68.77, 68.52, 68.39, 68.38, 68.41, 68.39, 68.35], [70.34, 70.34, 70.35, 70.35, 70.36, 70.37, 70.39, 70.42, 70.47, 69.95, 69.98, 70.7, 70.7, 70.71, 68.73, 68.56, 68.48, 68.45, 68.43, 68.4], [70.35, 70.36, 70.36, 70.37, 70.39, 70.41, 70.44, 70.49, 70.58, 70.29, 70.91, 70.79, 70.74, 70.73, 68.9, 68.71, 68.59, 68.53, 68.49, 68.46], [70.36, 70.37, 70.38, 70.39, 70.41, 70.43, 70.47, 70.52, 70.73, 70.82, 70.88, 70.81, 70.76, 70.74, 69.01, 68.82, 68.69, 68.61, 68.55, 68.52], [70.37, 70.38, 70.39, 70.4, 70.42, 70.45, 70.48, 70.53, 70.73, 70.78, 70.8, 70.78, 70.75, 70.74, 69.07, 68.9, 68.77, 68.68, 68.62, 68.57], [70.38, 70.39, 70.4, 70.41, 70.43, 70.46, 70.49, 70.69, 70.72, 70.74, 70.76, 70.75, 70.74, 70.74, 69.1, 68.95, 68.83, 68.74, 68.67, 68.62]]}