gis_exercise/awsData/contour/humi_2023091013.json
{"header": {"refTime": "2023-09-10T13:00:00.000Z", "nx": 21, "ny": 33, "lo1": 113.509, "la1": 22.2235, "lo2": 113.5947, "la2": 22.1034, "dx": 0.0042850000000001385, "dy": 0.003753125000000024, "parameterCategory": 0, "parameterCategoryName": "Temperature", "parameterNumber": 0}, "z": [[93.46, 93.49, 93.54, 95.14, 95.14, 93.29, 93.42, 93.55, 93.57, 94.76, 94.63, 94.48, 92.93, 92.82, 92.77, 92.77, 92.25, 92.29, 92.32, 92.35], [93.44, 93.47, 93.51, 93.57, 95.11, 95.11, 93.53, 93.8, 93.95, 94.79, 94.59, 94.35, 92.79, 92.69, 92.67, 92.19, 92.26, 92.31, 92.35, 92.37], [93.4, 93.43, 93.47, 93.52, 95.08, 95.08, 95.09, 94.0, 94.74, 94.84, 94.52, 94.13, 92.56, 92.49, 92.08, 92.19, 92.28, 92.35, 92.39, 92.41], [93.37, 93.39, 93.41, 93.45, 93.52, 95.03, 95.04, 95.07, 95.1, 94.85, 94.44, 93.74, 92.16, 93.04, 92.05, 92.22, 92.33, 92.41, 92.44, 92.45], [93.33, 93.34, 93.35, 93.37, 93.4, 94.95, 94.95, 95.0, 95.14, 95.03, 94.51, 92.95, 91.81, 92.77, 92.07, 92.28, 92.42, 92.5, 92.52, 92.5], [93.29, 93.28, 93.28, 93.28, 93.27, 93.26, 94.77, 94.76, 95.0, 95.55, 94.61, 93.52, 92.57, 91.67, 92.17, 92.39, 92.56, 92.64, 92.61, 92.56], [92.55, 93.24, 93.22, 93.2, 93.16, 93.1, 94.03, 94.22, 94.41, 95.42, 96.11, 94.45, 92.14, 92.02, 92.32, 92.5, 92.74, 92.83, 92.63, 92.5], [92.57, 92.58, 92.58, 92.57, 92.55, 93.96, 93.87, 93.41, 92.85, 95.71, 97.74, 94.84, 94.81, 91.99, 93.0, 93.0, 93.0, 93.0, 93.0, 93.0], [92.43, 92.44, 92.62, 92.63, 92.64, 92.6, 92.48, 93.77, 94.23, 95.2, 96.69, 95.81, 95.38, 95.95, 93.0, 93.0, 93.0, 93.0, 93.0, 93.0], [93.0, 93.0, 93.0, 92.53, 92.6, 92.77, 92.65, 92.48, 95.98, 95.59, 95.35, 96.36, 96.04, 96.19, 93.0, 93.0, 93.0, 93.0, 93.0, 93.0], [93.0, 93.0, 93.0, 93.0, 93.0, 93.0, 93.0, 93.0, 92.65, 94.39, 99.0, 96.71, 96.44, 96.43, 93.0, 93.0, 93.0, 93.0, 93.0, 93.0], [93.0, 93.0, 93.0, 93.0, 93.0, 93.0, 93.0, 93.0, 93.0, -999.0, 99.0, 93.0, 93.0, 96.61, 93.0, 93.0, 93.0, 96.41, 96.33, 96.31], [93.0, 93.0, 93.0, 93.0, 93.0, 93.0, 93.0, 93.0, 93.0, 93.0, -999.0, 93.0, 93.0, 96.92, 95.19, 95.18, 95.14, 95.88, 95.77, 95.71], [93.0, 93.0, 93.0, 93.0, 93.0, 93.0, 93.0, 93.0, 93.0, 93.0, -999.0, 99.0, 99.0, 99.0, 95.7, 95.68, 95.59, 96.34, 96.18, 96.06], [93.0, 93.0, 93.0, 93.0, 93.0, 93.0, 93.0, 94.0, 94.0, 94.0, 94.0, 95.92, 99.0, 99.0, 99.0, 96.25, 96.07, 96.77, 96.55, 96.37], [93.0, 93.0, 93.63, 93.64, 93.66, 94.0, 94.0, 94.0, 94.0, 94.0, 97.15, 96.79, 97.27, 97.68, 97.22, 98.27, 98.16, 98.35, 96.9, 96.75], [93.64, 93.65, 93.35, 93.37, 94.0, 94.0, 94.0, 94.0, 94.0, 94.0, 96.15, 96.77, 97.42, 98.02, 98.18, 98.55, 98.39, 98.26, 98.18, 98.11], [93.36, 93.37, 93.39, 93.41, 94.0, 94.0, 94.0, 94.0, 94.0, 95.27, 95.94, 96.69, 97.47, 98.13, 98.88, 98.6, 98.37, 98.23, 98.13, 98.07], [93.38, 93.39, 93.42, 94.0, 94.0, 94.0, 94.0, 94.0, 94.45, 94.97, 96.18, 96.84, 97.27, 97.86, 98.63, 98.46, 98.27, 98.14, 98.07, 98.02], [93.39, 93.41, 96.29, 96.17, 96.03, 95.81, 95.49, 94.66, 94.91, 95.56, 96.23, 96.79, 97.06, 97.46, 98.33, 98.23, 98.11, 98.02, 97.97, 97.95], [96.44, 96.38, 96.31, 95.65, 95.57, 95.45, 95.3, 95.14, 95.72, 96.02, 96.44, 96.83, 96.9, 98.14, 98.1, 98.01, 97.93, 97.88, 97.87, 97.88], [95.86, 95.85, 95.82, 95.8, 95.76, 95.72, 95.69, 95.21, 96.31, 96.48, 96.71, 96.93, 98.04, 97.99, 97.92, 97.82, 97.74, 97.74, 97.77, 97.81], [95.94, 95.94, 95.94, 95.2, 95.25, 95.32, 95.42, 95.56, 95.72, 95.79, 95.73, 96.56, 97.67, 97.89, 97.79, 97.66, 97.54, 97.6, 97.7, 97.76], [95.14, 95.16, 95.2, 95.25, 95.33, 95.45, 95.62, 95.88, 96.22, 96.37, 96.12, 96.51, 97.68, 97.62, 97.56, 97.59, 97.27, 97.59, 97.69, 97.74], [95.15, 95.18, 95.22, 95.28, 95.37, 95.51, 95.72, 96.09, 96.72, 97.25, 96.45, 96.45, 96.28, 97.63, 97.58, 97.54, 97.66, 97.77, 97.72, 97.75], [95.15, 95.18, 95.22, 95.28, 95.36, 95.49, 95.69, 96.02, 96.61, 97.09, 96.63, 96.21, 96.07, 97.65, 97.61, 96.84, 97.09, 97.18, 97.74, 97.76], [95.14, 95.17, 95.2, 95.25, 95.31, 95.4, 95.52, 95.69, 95.88, 95.86, 95.88, 95.72, 95.75, 95.89, 96.28, 96.6, 96.81, 96.9, 96.89, 96.83], [95.13, 95.15, 95.17, 95.2, 95.24, 95.27, 95.3, 95.29, 95.16, 95.13, 94.86, 95.22, 95.6, 95.93, 96.03, 96.35, 96.56, 96.67, 96.7, 96.69], [95.11, 95.12, 95.13, 95.14, 95.15, 95.14, 95.09, 94.96, 94.66, 94.26, 93.62, 94.62, 95.27, 95.71, 95.82, 96.12, 96.34, 96.47, 96.53, 96.55], [95.09, 95.09, 95.09, 95.09, 95.07, 95.03, 94.95, 94.78, 94.95, 94.32, 93.94, 94.57, 95.15, 95.58, 95.66, 95.95, 96.16, 96.3, 96.38, 96.43], [95.06, 95.06, 95.06, 95.04, 95.01, 94.96, 94.86, 94.71, 95.04, 94.73, 94.62, 94.85, 95.22, 95.55, 95.57, 95.83, 96.02, 96.16, 96.26, 96.32], [95.04, 95.04, 95.02, 95.0, 94.97, 94.91, 94.83, 95.38, 95.2, 95.04, 95.01, 95.13, 95.34, 95.58, 95.53, 95.75, 95.93, 96.06, 96.16, 96.22]]}