gis_exercise/awsData/contour/humi_2023090500.json
{"header": {"refTime": "2023-09-05T00:00:00.000Z", "nx": 21, "ny": 33, "lo1": 113.509, "la1": 22.2235, "lo2": 113.5947, "la2": 22.1034, "dx": 0.0042850000000001385, "dy": 0.003753125000000024, "parameterCategory": 0, "parameterCategoryName": "Temperature", "parameterNumber": 0}, "z": [[75.98, 75.94, 75.9, 71.8, 72.05, 71.45, 71.84, 72.21, 72.24, 71.08, 70.08, 69.12, 71.28, 71.01, 67.65, 67.49, 67.72, 67.78, 67.83, 67.88], [76.0, 75.95, 75.9, 75.85, 72.03, 72.44, 72.23, 73.06, 73.52, 71.94, 70.2, 68.81, 70.72, 70.47, 67.25, 67.55, 67.65, 67.72, 67.77, 67.83], [76.04, 75.98, 75.9, 75.83, 71.89, 72.32, 73.02, 73.74, 76.16, 72.65, 69.91, 68.08, 69.75, 69.67, 67.24, 67.46, 67.59, 67.66, 67.71, 67.78], [76.09, 76.02, 75.93, 75.82, 75.69, 71.97, 72.53, 73.48, 74.36, 71.46, 68.9, 66.81, 68.01, 66.45, 67.1, 67.43, 67.54, 67.58, 67.64, 67.71], [76.17, 76.1, 75.99, 75.84, 75.64, 71.45, 71.68, 71.96, 72.03, 69.5, 67.68, 65.88, 63.78, 66.07, 67.19, 67.5, 67.49, 67.46, 67.52, 67.63], [76.28, 76.22, 76.12, 75.94, 75.65, 75.23, 70.82, 70.67, 70.41, 69.99, 67.89, 67.12, 65.77, 67.35, 67.73, 67.66, 67.33, 67.19, 67.34, 67.55], [76.19, 76.4, 76.33, 76.18, 75.85, 75.24, 71.5, 69.78, 69.4, 69.38, 69.64, 69.76, 71.11, 70.16, 68.58, 67.86, 66.97, 66.65, 65.26, 65.01], [76.44, 76.5, 76.53, 76.47, 76.17, 73.24, 72.01, 70.35, 69.18, 68.95, 67.65, 74.31, 74.38, 69.96, 70.47, 71.77, 69.15, 68.2, 69.69, 70.69], [74.55, 74.74, 77.04, 77.24, 77.31, 76.82, 75.24, 71.44, 68.04, 69.64, 70.61, 72.38, 73.24, 72.1, 70.78, 72.25, 70.72, 70.08, 70.45, 71.02], [82.0, 82.0, 82.0, 75.92, 76.77, 79.05, 77.47, 75.25, 67.29, 67.46, 73.3, 71.29, 71.93, 71.62, 70.79, 72.76, 71.79, 71.27, 71.25, 71.48], [82.0, 82.0, 82.0, 82.0, 82.0, 82.0, 82.0, 82.0, 77.39, 67.97, 66.0, 70.57, 71.11, 71.15, 70.66, 73.15, 72.44, 72.03, 71.93, 72.01], [82.0, 82.0, 82.0, 82.0, 82.0, 82.0, 82.0, 82.0, 82.0, -999.0, 66.0, 78.0, 78.0, 70.78, 70.54, 73.56, 73.13, 69.98, 69.88, 69.86], [82.0, 82.0, 82.0, 82.0, 82.0, 82.0, 82.0, 82.0, 82.0, 82.0, -999.0, 78.0, 78.0, 74.74, 76.17, 68.55, 68.5, 69.36, 69.24, 69.16], [82.0, 82.0, 82.0, 82.0, 82.0, 82.0, 82.0, 82.0, 82.0, 82.0, -999.0, 73.0, 73.0, 73.0, 75.75, 69.13, 69.02, 69.9, 69.71, 69.57], [82.0, 82.0, 82.0, 82.0, 82.0, 82.0, 82.0, 78.0, 78.0, 78.0, 78.0, 76.08, 73.0, 73.0, 73.0, 69.8, 69.59, 70.39, 70.14, 69.93], [82.0, 82.0, 79.48, 79.44, 79.36, 78.0, 78.0, 78.0, 78.0, 78.0, 74.85, 75.21, 74.73, 74.32, 74.78, 73.37, 73.42, 73.32, 71.46, 71.34], [79.43, 79.41, 80.59, 80.52, 78.0, 78.0, 78.0, 78.0, 78.0, 78.0, 75.85, 75.23, 74.58, 73.98, 73.71, 74.99, 75.69, 76.26, 76.68, 76.98], [80.57, 80.52, 80.45, 80.35, 78.0, 78.0, 78.0, 78.0, 78.0, 76.73, 76.06, 75.31, 74.53, 73.76, 73.1, 74.75, 75.74, 76.4, 76.85, 77.15], [80.49, 80.43, 80.34, 78.0, 78.0, 78.0, 78.0, 78.0, 77.55, 77.03, 76.19, 75.55, 74.55, 73.99, 74.6, 75.3, 76.13, 76.73, 77.13, 77.39], [80.44, 80.37, 76.86, 76.91, 76.99, 77.09, 77.25, 77.67, 77.31, 76.79, 76.21, 75.67, 74.72, 74.31, 75.85, 76.23, 76.75, 77.19, 77.5, 77.7], [76.78, 76.81, 76.85, 77.17, 77.21, 77.27, 77.35, 77.43, 76.75, 76.5, 76.13, 75.74, 74.83, 76.65, 76.77, 77.04, 77.38, 77.69, 77.92, 78.05], [77.07, 77.08, 77.09, 77.1, 77.12, 77.14, 77.16, 76.78, 76.41, 76.26, 76.04, 75.79, 74.3, 77.26, 77.42, 77.62, 77.83, 78.13, 78.37, 78.44], [77.03, 77.03, 77.03, 76.51, 76.53, 76.54, 76.54, 76.52, 76.48, 76.43, 76.4, 76.06, 78.3, 77.72, 77.89, 77.94, 77.79, 78.46, 78.9, 78.86], [76.42, 76.42, 76.43, 76.43, 76.42, 76.41, 76.37, 76.32, 76.25, 76.21, 76.21, 75.26, 78.25, 78.59, 78.8, 78.32, 76.49, 79.76, 79.69, 79.28], [76.37, 76.37, 76.36, 76.35, 76.32, 76.29, 76.24, 76.18, 76.1, 76.05, 76.08, 75.31, 75.11, 78.66, 79.01, 79.38, 80.51, 82.12, 80.27, 79.56], [76.33, 76.32, 76.3, 76.27, 76.24, 76.2, 76.14, 76.08, 76.03, 76.0, 75.51, 75.29, 75.13, 78.7, 79.13, 79.48, 80.27, 80.7, 80.07, 79.58], [76.29, 76.27, 76.24, 76.21, 76.17, 76.12, 76.06, 75.99, 75.93, 75.87, 75.35, 75.23, 75.12, 78.24, 78.75, 79.26, 79.72, 79.96, 79.9, 79.71], [76.25, 76.23, 76.2, 76.16, 76.11, 76.05, 75.98, 75.89, 75.78, 75.24, 75.18, 76.92, 77.66, 78.51, 78.5, 78.95, 79.3, 79.5, 79.54, 79.48], [76.22, 76.19, 76.16, 76.12, 76.07, 76.0, 75.92, 75.81, 75.66, 75.12, 75.51, 76.5, 77.39, 78.21, 78.25, 78.66, 78.97, 79.17, 79.25, 79.26], [76.19, 76.16, 76.13, 76.09, 76.03, 75.97, 75.88, 75.77, 76.57, 76.11, 75.84, 76.53, 77.31, 78.04, 78.07, 78.44, 78.72, 78.91, 79.02, 79.06], [76.17, 76.14, 76.11, 76.06, 76.01, 75.95, 75.87, 75.78, 76.77, 76.55, 76.53, 76.88, 77.42, 77.99, 77.96, 78.28, 78.53, 78.71, 78.83, 78.9], [76.16, 76.13, 76.09, 76.05, 76.0, 75.95, 75.88, 77.15, 77.02, 76.94, 76.99, 77.22, 77.59, 78.03, 77.91, 78.18, 78.4, 78.57, 78.69, 78.76]]}