gis_exercise/awsData/contour/humi_2023091219.json
{"header": {"refTime": "2023-09-12T19:00:00.000Z", "nx": 21, "ny": 33, "lo1": 113.509, "la1": 22.2235, "lo2": 113.5947, "la2": 22.1034, "dx": 0.0042850000000001385, "dy": 0.003753125000000024, "parameterCategory": 0, "parameterCategoryName": "Temperature", "parameterNumber": 0}, "z": [[86.81, 86.86, 86.92, 89.28, 89.23, 87.3, 87.34, 87.37, 87.35, 88.21, 88.14, 88.06, 86.81, 86.75, 86.76, 86.81, 86.87, 86.94, 86.99, 87.02], [86.77, 86.82, 86.89, 86.97, 89.22, 89.12, 87.4, 87.49, 87.53, 88.17, 88.09, 87.95, 86.7, 86.64, 86.68, 86.78, 86.89, 86.97, 87.02, 87.06], [86.73, 86.78, 86.84, 86.93, 89.23, 89.13, 88.97, 87.59, 87.89, 88.16, 88.05, 87.78, 86.5, 86.48, 86.62, 86.79, 86.93, 87.02, 87.08, 87.11], [86.67, 86.71, 86.78, 86.86, 86.98, 89.18, 89.06, 88.86, 88.67, 88.27, 88.04, 87.48, 86.16, 87.26, 86.58, 86.82, 87.0, 87.11, 87.16, 87.18], [86.6, 86.63, 86.68, 86.77, 86.88, 89.25, 89.2, 89.16, 89.23, 88.61, 88.21, 87.15, 85.91, 86.98, 86.6, 86.92, 87.14, 87.25, 87.27, 87.26], [86.51, 86.53, 86.57, 86.63, 86.74, 86.89, 89.29, 89.32, 89.52, 89.96, 88.88, 87.78, 86.77, 86.0, 86.76, 87.08, 87.34, 87.45, 87.41, 87.34], [85.79, 86.41, 86.42, 86.46, 86.55, 86.72, 88.26, 89.19, 89.39, 90.31, 90.75, 88.85, 86.71, 86.53, 86.98, 87.25, 87.61, 87.74, 87.45, 87.26], [85.71, 85.69, 85.68, 85.7, 85.79, 87.62, 88.0, 88.32, 88.57, 90.53, 92.02, 89.54, 89.51, 86.49, 88.0, 88.0, 88.0, 88.0, 88.0, 88.0], [86.29, 86.23, 85.52, 85.46, 85.44, 85.59, 86.08, 88.14, 89.59, 90.13, 91.08, 90.34, 89.98, 90.46, 88.0, 88.0, 88.0, 88.0, 88.0, 88.0], [84.0, 84.0, 84.0, 85.87, 85.61, 84.91, 85.39, 86.08, 90.84, 90.56, 89.96, 90.8, 90.53, 90.66, 88.0, 88.0, 88.0, 88.0, 88.0, 88.0], [84.0, 84.0, 84.0, 84.0, 84.0, 84.0, 84.0, 84.0, 85.42, 89.71, 93.0, 91.09, 90.87, 90.85, 88.0, 88.0, 88.0, 88.0, 88.0, 88.0], [84.0, 84.0, 84.0, 84.0, 84.0, 84.0, 84.0, 84.0, 84.0, -999.0, 93.0, 88.0, 88.0, 91.01, 88.0, 88.0, 88.0, 89.71, 89.66, 89.65], [84.0, 84.0, 84.0, 84.0, 84.0, 84.0, 84.0, 84.0, 84.0, 84.0, -999.0, 88.0, 88.0, 89.96, 89.1, 89.09, 89.07, 89.44, 89.39, 89.35], [84.0, 84.0, 84.0, 84.0, 84.0, 84.0, 84.0, 84.0, 84.0, 84.0, -999.0, 91.0, 91.0, 91.0, 89.35, 89.34, 89.29, 89.67, 89.59, 89.53], [84.0, 84.0, 84.0, 84.0, 84.0, 84.0, 84.0, 85.0, 85.0, 85.0, 85.0, 87.31, 91.0, 91.0, 91.0, 89.63, 89.54, 89.88, 89.78, 89.69], [84.0, 84.0, 84.63, 84.64, 84.66, 85.0, 85.0, 85.0, 85.0, 85.0, 88.78, 88.35, 88.93, 89.42, 88.86, 90.63, 90.58, 90.68, 89.95, 89.87], [84.64, 84.65, 84.35, 84.37, 85.0, 85.0, 85.0, 85.0, 85.0, 85.0, 87.58, 88.32, 89.11, 89.83, 90.17, 90.7, 90.6, 90.52, 90.46, 90.42], [84.36, 84.37, 84.39, 84.41, 85.0, 85.0, 85.0, 85.0, 85.0, 86.52, 87.33, 88.23, 89.17, 90.11, 90.88, 90.74, 90.59, 90.49, 90.43, 90.39], [84.38, 84.39, 84.42, 85.0, 85.0, 85.0, 85.0, 85.0, 85.54, 86.17, 87.29, 88.06, 89.18, 89.85, 90.76, 90.65, 90.53, 90.44, 90.39, 90.35], [84.39, 84.41, 86.71, 86.63, 86.52, 86.36, 86.12, 85.49, 85.9, 86.55, 87.28, 87.94, 88.99, 89.47, 90.56, 90.5, 90.42, 90.36, 90.33, 90.31], [86.83, 86.79, 86.73, 86.24, 86.18, 86.09, 85.98, 85.86, 86.64, 86.96, 87.41, 87.88, 88.86, 90.44, 90.42, 90.36, 90.31, 90.28, 90.26, 90.26], [86.4, 86.38, 86.37, 86.35, 86.32, 86.29, 86.27, 85.86, 87.12, 87.31, 87.57, 87.87, 89.7, 90.35, 90.3, 90.25, 90.2, 90.19, 90.2, 90.21], [86.45, 86.45, 86.45, 85.84, 85.88, 85.93, 86.01, 86.12, 86.24, 86.3, 86.25, 87.64, 89.26, 90.28, 90.23, 90.16, 90.11, 90.11, 90.14, 90.17], [85.78, 85.8, 85.83, 85.87, 85.93, 86.02, 86.16, 86.36, 86.62, 86.73, 86.54, 87.49, 89.21, 89.43, 89.63, 90.11, 90.03, 90.05, 90.1, 90.15], [85.78, 85.81, 85.84, 85.89, 85.96, 86.06, 86.23, 86.51, 87.0, 87.42, 86.79, 87.36, 87.47, 89.41, 89.6, 89.77, 90.06, 90.05, 90.1, 90.14], [85.78, 85.8, 85.84, 85.88, 85.95, 86.04, 86.19, 86.45, 86.91, 87.29, 87.24, 87.1, 87.22, 89.37, 89.56, 89.09, 89.37, 89.44, 90.11, 90.14], [85.77, 85.79, 85.82, 85.85, 85.9, 85.97, 86.06, 86.18, 86.33, 86.31, 86.66, 86.67, 86.88, 87.86, 88.36, 88.76, 89.02, 89.13, 89.11, 89.05], [85.76, 85.77, 85.79, 85.81, 85.84, 85.86, 85.88, 85.86, 85.75, 85.99, 85.78, 86.07, 86.51, 86.93, 88.03, 88.43, 88.7, 88.84, 88.88, 88.87], [85.74, 85.75, 85.76, 85.76, 85.77, 85.75, 85.71, 85.6, 85.35, 85.22, 84.58, 85.53, 86.2, 86.7, 87.74, 88.14, 88.42, 88.58, 88.67, 88.7], [85.72, 85.73, 85.72, 85.72, 85.7, 85.67, 85.59, 85.45, 85.79, 85.23, 84.88, 85.5, 86.1, 86.57, 87.53, 87.91, 88.19, 88.37, 88.48, 88.54], [85.71, 85.7, 85.69, 85.68, 85.65, 85.61, 85.53, 85.4, 85.9, 85.62, 85.54, 85.79, 86.17, 86.53, 87.41, 87.76, 88.01, 88.19, 88.32, 88.4], [85.69, 85.68, 85.67, 85.65, 85.62, 85.57, 85.5, 86.24, 86.07, 85.94, 85.92, 86.06, 86.3, 86.56, 87.36, 87.65, 87.89, 88.06, 88.19, 88.27]]}