gis_exercise/awsData/contour/humi_2023090506.json
{"header": {"refTime": "2023-09-05T06:00:00.000Z", "nx": 21, "ny": 33, "lo1": 113.509, "la1": 22.2235, "lo2": 113.5947, "la2": 22.1034, "dx": 0.0042850000000001385, "dy": 0.003753125000000024, "parameterCategory": 0, "parameterCategoryName": "Temperature", "parameterNumber": 0}, "z": [[67.4, 67.43, 67.46, 67.74, 67.75, 66.38, 66.46, 66.52, 66.47, 66.04, 65.65, 65.26, 64.26, 64.06, 63.96, 63.93, 62.87, 62.94, 62.99, 63.02], [67.39, 67.41, 67.45, 67.49, 67.76, 67.78, 66.61, 66.81, 66.9, 66.32, 65.66, 65.09, 64.02, 63.83, 63.78, 62.78, 62.89, 62.97, 63.02, 63.06], [67.36, 67.39, 67.42, 67.47, 67.75, 67.77, 67.81, 67.05, 67.74, 66.56, 65.53, 64.74, 63.61, 63.48, 62.62, 62.79, 62.93, 63.02, 63.08, 63.11], [67.33, 67.36, 67.39, 67.43, 67.49, 67.76, 67.79, 67.83, 67.87, 66.21, 65.17, 64.12, 62.93, 62.87, 62.58, 62.82, 63.0, 63.11, 63.16, 63.18], [67.3, 67.32, 67.34, 67.38, 67.44, 67.75, 67.76, 67.77, 67.75, 65.71, 64.84, 62.76, 61.75, 62.65, 62.6, 62.92, 63.14, 63.25, 63.27, 63.26], [67.26, 67.27, 67.28, 67.32, 67.37, 67.45, 67.74, 67.74, 67.7, 67.61, 64.12, 63.28, 62.48, 62.0, 62.76, 63.08, 63.34, 63.45, 63.41, 63.34], [66.89, 67.21, 67.21, 67.23, 67.27, 67.36, 67.24, 67.76, 67.72, 66.75, 66.43, 64.19, 62.71, 62.53, 62.98, 63.25, 63.61, 63.74, 63.45, 63.26], [66.86, 66.85, 66.84, 66.85, 66.9, 67.02, 67.21, 67.53, 67.65, 66.84, 66.73, 64.92, 64.9, 62.49, 64.0, 64.0, 64.0, 64.0, 64.0, 64.0], [67.15, 67.12, 66.76, 66.73, 66.72, 66.8, 67.04, 67.3, 67.68, 66.72, 65.85, 65.41, 65.19, 65.48, 64.0, 64.0, 64.0, 64.0, 64.0, 64.0], [66.0, 66.0, 66.0, 66.94, 66.8, 66.45, 66.7, 67.04, 67.43, 67.49, 65.18, 65.68, 65.52, 65.6, 64.0, 64.0, 64.0, 64.0, 64.0, 64.0], [66.0, 66.0, 66.0, 66.0, 66.0, 66.0, 66.0, 66.0, 66.71, 67.66, 67.0, 65.86, 65.72, 65.71, 64.0, 64.0, 64.0, 64.0, 64.0, 64.0], [66.0, 66.0, 66.0, 66.0, 66.0, 66.0, 66.0, 66.0, 66.0, -999.0, 67.0, 64.0, 64.0, 65.81, 64.0, 64.0, 64.0, 69.12, 68.99, 68.96], [66.0, 66.0, 66.0, 66.0, 66.0, 66.0, 66.0, 66.0, 66.0, 66.0, -999.0, 64.0, 64.0, 69.88, 67.29, 67.28, 67.21, 68.32, 68.16, 68.06], [66.0, 66.0, 66.0, 66.0, 66.0, 66.0, 66.0, 66.0, 66.0, 66.0, -999.0, 73.0, 73.0, 73.0, 68.05, 68.03, 67.88, 69.01, 68.77, 68.58], [66.0, 66.0, 66.0, 66.0, 66.0, 66.0, 66.0, 70.0, 70.0, 70.0, 70.0, 71.15, 73.0, 73.0, 73.0, 68.88, 68.61, 69.65, 69.33, 69.06], [66.0, 66.0, 68.52, 68.56, 68.64, 70.0, 70.0, 70.0, 70.0, 70.0, 71.89, 71.67, 71.96, 72.21, 71.93, 69.7, 69.2, 70.08, 68.21, 67.87], [68.57, 68.59, 67.41, 67.48, 70.0, 70.0, 70.0, 70.0, 70.0, 70.0, 71.29, 71.66, 72.05, 72.41, 71.64, 71.32, 70.73, 70.27, 69.94, 69.72], [67.43, 67.48, 67.55, 67.65, 70.0, 70.0, 70.0, 70.0, 70.0, 70.76, 71.16, 71.61, 72.08, 71.65, 72.79, 71.5, 70.66, 70.12, 69.78, 69.57], [67.51, 67.57, 67.66, 70.0, 70.0, 70.0, 70.0, 70.0, 70.27, 70.58, 71.24, 71.63, 70.55, 71.14, 71.62, 70.99, 70.28, 69.81, 69.53, 69.37], [67.56, 67.63, 71.14, 71.09, 71.01, 70.91, 70.75, 70.33, 70.5, 70.86, 71.25, 71.58, 70.1, 70.3, 70.48, 70.12, 69.67, 69.35, 69.18, 69.12], [71.22, 71.19, 71.15, 70.83, 70.79, 70.73, 70.65, 70.57, 70.94, 71.11, 71.35, 71.58, 69.6, 69.78, 69.6, 69.27, 68.96, 68.8, 68.8, 68.85], [70.93, 70.92, 70.91, 70.9, 70.88, 70.86, 70.84, 71.04, 71.24, 71.34, 71.47, 71.61, 69.8, 69.22, 68.91, 68.5, 68.19, 68.22, 68.43, 68.62], [70.97, 70.97, 70.97, 71.23, 71.23, 71.23, 71.24, 71.28, 71.33, 71.38, 71.39, 69.31, 69.04, 68.82, 68.43, 67.85, 67.24, 67.65, 68.21, 68.48], [71.29, 71.29, 71.3, 71.3, 71.32, 71.35, 71.39, 71.47, 71.56, 71.62, 71.58, 70.03, 69.17, 68.61, 68.08, 67.6, 65.75, 67.88, 68.32, 68.48], [71.33, 71.33, 71.35, 71.37, 71.39, 71.44, 71.5, 71.6, 71.75, 71.86, 71.72, 70.29, 69.58, 68.74, 68.27, 67.93, 68.34, 69.18, 68.58, 68.55], [71.36, 71.37, 71.39, 71.42, 71.45, 71.5, 71.57, 71.66, 71.78, 71.87, 71.04, 70.46, 69.83, 68.88, 68.5, 68.32, 68.44, 68.6, 68.62, 68.61], [71.39, 71.4, 71.43, 71.46, 71.49, 71.54, 71.61, 71.68, 71.75, 71.78, 70.98, 70.6, 70.06, 69.12, 68.79, 68.6, 68.55, 68.56, 68.54, 68.51], [71.41, 71.43, 71.45, 71.49, 71.53, 71.57, 71.63, 71.69, 71.75, 71.19, 71.16, 71.85, 71.79, 71.71, 69.06, 68.82, 68.7, 68.64, 68.61, 68.59], [71.43, 71.45, 71.48, 71.51, 71.55, 71.59, 71.64, 71.7, 71.77, 71.4, 71.96, 71.88, 71.81, 71.73, 69.27, 69.02, 68.86, 68.76, 68.71, 68.67], [71.45, 71.47, 71.49, 71.52, 71.56, 71.6, 71.65, 71.7, 71.88, 71.92, 71.93, 71.88, 71.81, 71.75, 69.42, 69.17, 68.99, 68.88, 68.81, 68.76], [71.46, 71.48, 71.5, 71.53, 71.56, 71.6, 71.64, 71.69, 71.86, 71.88, 71.88, 71.85, 71.8, 71.75, 69.51, 69.27, 69.1, 68.98, 68.9, 68.84], [71.47, 71.49, 71.51, 71.54, 71.57, 71.6, 71.63, 71.83, 71.84, 71.85, 71.84, 71.82, 71.79, 71.75, 69.54, 69.34, 69.18, 69.06, 68.97, 68.91]]}