gis_exercise/awsData/contour/humi_2023083101.json
{"header": {"refTime": "2023-08-31T01:00:00.000Z", "nx": 21, "ny": 33, "lo1": 113.509, "la1": 22.2235, "lo2": 113.5947, "la2": 22.1034, "dx": 0.0042850000000001385, "dy": 0.003753125000000024, "parameterCategory": 0, "parameterCategoryName": "Temperature", "parameterNumber": 0}, "z": [[68.39, 68.4, 68.42, 69.22, 69.21, 68.28, 68.33, 68.37, 68.38, 68.88, 68.81, 68.74, 67.97, 67.91, 68.17, 68.21, 67.98, 68.02, 68.06, 68.08], [68.38, 68.39, 68.41, 68.44, 69.2, 69.19, 68.38, 68.49, 68.55, 68.9, 68.79, 68.67, 67.9, 67.84, 68.12, 67.93, 68.0, 68.05, 68.09, 68.12], [68.36, 68.38, 68.39, 68.42, 69.19, 69.18, 69.16, 68.58, 68.89, 68.92, 68.76, 68.56, 67.78, 67.74, 67.82, 67.94, 68.03, 68.1, 68.14, 68.16], [68.35, 68.35, 68.37, 68.39, 68.42, 69.17, 69.15, 69.14, 69.12, 68.93, 68.72, 68.37, 67.58, 68.02, 67.8, 67.97, 68.1, 68.18, 68.21, 68.22], [68.33, 68.33, 68.34, 68.35, 68.37, 69.15, 69.14, 69.16, 69.21, 69.01, 68.76, 67.98, 67.41, 67.89, 67.82, 68.03, 68.2, 68.29, 68.31, 68.28], [68.31, 68.31, 68.31, 68.31, 68.32, 68.33, 69.1, 69.1, 69.2, 69.44, 68.81, 68.26, 67.79, 67.33, 67.89, 68.15, 68.38, 68.48, 68.43, 68.36], [68.0, 68.28, 68.27, 68.27, 68.27, 68.26, 68.76, 68.9, 68.99, 69.38, 69.65, 68.73, 67.57, 67.51, 67.99, 68.26, 68.61, 68.74, 68.63, 68.5], [68.0, 68.0, 68.0, 68.0, 68.0, 68.68, 68.68, 68.54, 68.34, 69.52, 70.41, 68.92, 68.9, 67.5, 68.63, 68.52, 68.74, 68.82, 68.69, 68.61], [68.0, 68.0, 68.0, 68.0, 68.0, 68.0, 68.0, 68.66, 68.96, 69.28, 69.85, 69.41, 69.19, 69.48, 68.6, 68.48, 68.61, 68.66, 68.63, 68.58], [68.0, 68.0, 68.0, 68.0, 68.0, 68.0, 68.0, 68.0, 69.71, 69.54, 69.18, 69.68, 69.52, 69.6, 68.6, 68.44, 68.52, 68.56, 68.56, 68.54], [68.0, 68.0, 68.0, 68.0, 68.0, 68.0, 68.0, 68.0, 68.0, 69.03, 71.0, 69.86, 69.72, 69.71, 68.61, 68.4, 68.46, 68.5, 68.51, 68.5], [68.0, 68.0, 68.0, 68.0, 68.0, 68.0, 68.0, 68.0, 68.0, -999.0, 71.0, 68.0, 68.0, 69.81, 68.62, 68.37, 68.41, 75.25, 75.1, 75.06], [68.0, 68.0, 68.0, 68.0, 68.0, 68.0, 68.0, 68.0, 68.0, 68.0, -999.0, 68.0, 68.0, 75.83, 72.39, 73.0, 72.92, 74.28, 74.09, 73.96], [68.0, 68.0, 68.0, 68.0, 68.0, 68.0, 68.0, 68.0, 68.0, 68.0, -999.0, 80.0, 80.0, 80.0, 73.4, 73.92, 73.75, 75.13, 74.83, 74.6], [68.0, 68.0, 68.0, 68.0, 68.0, 68.0, 68.0, 70.0, 70.0, 70.0, 70.0, 73.84, 80.0, 80.0, 80.0, 74.96, 74.63, 75.91, 75.51, 75.18], [68.0, 68.0, 69.26, 69.28, 69.32, 70.0, 70.0, 70.0, 70.0, 70.0, 76.29, 75.58, 76.55, 77.36, 76.44, 76.7, 76.2, 77.08, 74.69, 74.31], [69.28, 69.3, 68.71, 68.74, 70.0, 70.0, 70.0, 70.0, 70.0, 70.0, 74.3, 75.54, 76.85, 78.05, 77.8, 78.32, 77.73, 77.27, 76.94, 76.72], [68.71, 68.74, 68.77, 68.83, 70.0, 70.0, 70.0, 70.0, 70.0, 72.54, 73.88, 75.38, 76.94, 77.73, 79.68, 78.5, 77.66, 77.12, 76.78, 76.57], [68.75, 68.79, 68.83, 70.0, 70.0, 70.0, 70.0, 70.0, 70.9, 71.95, 72.88, 74.13, 75.63, 76.97, 78.62, 77.99, 77.28, 76.81, 76.53, 76.37], [68.78, 68.81, 70.0, 70.0, 70.0, 70.0, 70.0, 70.0, 70.94, 71.72, 72.7, 73.75, 75.01, 75.78, 77.48, 77.12, 76.67, 76.35, 76.18, 76.12], [70.0, 70.0, 70.0, 70.0, 70.0, 70.0, 70.0, 70.0, 71.55, 71.96, 72.6, 73.37, 74.42, 76.78, 76.6, 76.27, 75.96, 75.8, 75.8, 75.85], [70.0, 70.0, 70.0, 70.0, 70.0, 70.0, 70.0, 69.83, 71.74, 71.99, 72.41, 72.98, 73.86, 76.22, 75.91, 75.5, 75.19, 75.22, 75.43, 75.62], [70.0, 70.0, 70.0, 69.75, 69.76, 69.77, 69.79, 69.8, 69.81, 69.81, 69.79, 70.26, 72.7, 75.82, 75.43, 74.85, 74.24, 74.65, 75.21, 75.48], [69.71, 69.72, 69.72, 69.73, 69.74, 69.75, 69.77, 69.79, 69.82, 69.83, 69.79, 70.0, 72.63, 73.07, 73.39, 74.6, 72.75, 74.88, 75.32, 75.48], [69.7, 69.7, 69.71, 69.71, 69.72, 69.73, 69.74, 69.78, 69.85, 69.91, 69.8, 69.95, 70.02, 73.07, 73.49, 73.89, 75.34, 76.18, 75.58, 75.55], [69.69, 69.69, 69.69, 69.69, 69.69, 69.7, 69.71, 69.74, 69.81, 69.87, 69.87, 69.87, 69.94, 73.06, 73.51, 73.8, 74.39, 74.67, 75.62, 75.61], [69.67, 69.67, 69.67, 69.67, 69.66, 69.66, 69.66, 69.67, 69.68, 69.66, 69.73, 69.75, 69.84, 72.55, 73.07, 73.53, 73.92, 74.1, 74.06, 73.92], [69.66, 69.66, 69.65, 69.65, 69.64, 69.63, 69.61, 69.58, 69.53, 69.55, 69.5, 70.62, 71.24, 71.93, 72.77, 73.21, 73.53, 73.71, 73.75, 73.71], [69.65, 69.64, 69.64, 69.63, 69.61, 69.59, 69.56, 69.51, 69.42, 69.34, 69.44, 70.26, 71.0, 71.67, 72.51, 72.92, 73.22, 73.4, 73.49, 73.51], [69.64, 69.63, 69.62, 69.61, 69.59, 69.57, 69.53, 69.48, 70.34, 69.94, 69.71, 70.28, 70.94, 71.53, 72.31, 72.69, 72.97, 73.16, 73.27, 73.32], [69.63, 69.62, 69.61, 69.6, 69.58, 69.55, 69.52, 69.47, 70.5, 70.31, 70.29, 70.58, 71.03, 71.5, 72.19, 72.53, 72.79, 72.97, 73.09, 73.17], [69.62, 69.61, 69.6, 69.59, 69.57, 69.54, 69.51, 70.82, 70.7, 70.63, 70.67, 70.86, 71.17, 71.52, 72.14, 72.43, 72.66, 72.83, 72.95, 73.04]]}