gis_exercise/awsData/contour/humi_2023090905.json
{"header": {"refTime": "2023-09-09T05:00:00.000Z", "nx": 21, "ny": 33, "lo1": 113.509, "la1": 22.2235, "lo2": 113.5947, "la2": 22.1034, "dx": 0.0042850000000001385, "dy": 0.003753125000000024, "parameterCategory": 0, "parameterCategoryName": "Temperature", "parameterNumber": 0}, "z": [[93.7, 93.71, 93.73, 95.03, 94.98, 92.84, 92.9, 92.94, 92.91, 93.51, 93.32, 93.12, 91.29, 91.15, 90.79, 90.72, 89.89, 89.91, 89.93, 89.94], [93.69, 93.71, 93.72, 93.74, 94.97, 94.9, 93.01, 93.15, 93.21, 93.58, 93.28, 92.97, 91.12, 90.98, 90.65, 89.86, 89.89, 89.91, 89.93, 89.94], [93.68, 93.69, 93.71, 93.73, 94.98, 94.9, 94.78, 93.32, 93.81, 93.65, 93.2, 92.69, 90.83, 90.74, 89.8, 89.85, 89.89, 89.92, 89.94, 89.95], [93.67, 93.68, 93.69, 93.72, 93.74, 94.94, 94.85, 94.68, 94.54, 93.63, 93.06, 92.22, 90.35, 91.23, 89.78, 89.86, 89.91, 89.93, 89.95, 89.96], [93.65, 93.66, 93.67, 93.69, 93.72, 95.0, 94.96, 94.93, 94.98, 93.74, 93.1, 91.15, 89.89, 90.94, 89.79, 89.88, 89.93, 89.95, 89.96, 89.97], [93.63, 93.63, 93.64, 93.66, 93.68, 93.72, 95.03, 95.05, 95.22, 95.57, 93.0, 91.77, 90.72, 89.67, 89.87, 89.93, 89.97, 89.98, 89.98, 89.98], [93.45, 93.6, 93.6, 93.61, 93.64, 93.68, 94.76, 94.95, 95.12, 95.26, 95.44, 92.78, 90.14, 90.02, 89.99, 89.99, 89.99, 90.0, 89.82, 89.75], [93.43, 93.42, 93.42, 93.43, 93.45, 94.53, 94.62, 94.58, 94.28, 95.54, 96.86, 93.15, 93.11, 89.99, 90.37, 90.48, 90.26, 90.18, 90.31, 90.39], [93.57, 93.56, 93.38, 93.37, 93.36, 93.4, 93.52, 94.64, 95.27, 95.06, 95.31, 94.28, 93.78, 94.44, 90.4, 90.52, 90.39, 90.34, 90.37, 90.42], [93.0, 93.0, 93.0, 93.47, 93.4, 93.23, 93.35, 93.52, 96.27, 96.05, 93.74, 94.92, 94.54, 94.72, 90.4, 90.56, 90.48, 90.44, 90.44, 90.46], [93.0, 93.0, 93.0, 93.0, 93.0, 93.0, 93.0, 93.0, 93.35, 95.37, 98.0, 95.33, 95.02, 95.0, 90.39, 90.6, 90.54, 90.5, 90.49, 90.5], [93.0, 93.0, 93.0, 93.0, 93.0, 93.0, 93.0, 93.0, 93.0, -999.0, 98.0, 91.0, 91.0, 95.21, 90.38, 90.63, 90.59, 94.55, 94.44, 94.41], [93.0, 93.0, 93.0, 93.0, 93.0, 93.0, 93.0, 93.0, 93.0, 93.0, -999.0, 91.0, 91.0, 95.57, 93.56, 92.91, 92.85, 93.84, 93.7, 93.61], [93.0, 93.0, 93.0, 93.0, 93.0, 93.0, 93.0, 93.0, 93.0, 93.0, -999.0, 98.0, 98.0, 98.0, 94.15, 93.58, 93.45, 94.46, 94.24, 94.08], [93.0, 93.0, 93.0, 93.0, 93.0, 93.0, 93.0, 92.0, 92.0, 92.0, 92.0, 94.31, 98.0, 98.0, 98.0, 94.34, 94.1, 95.02, 94.73, 94.5], [93.0, 93.0, 92.37, 92.36, 92.34, 92.0, 92.0, 92.0, 92.0, 92.0, 95.78, 95.35, 95.93, 96.42, 95.86, 96.53, 96.31, 96.7, 94.84, 94.61], [92.36, 92.35, 92.65, 92.63, 92.0, 92.0, 92.0, 92.0, 92.0, 92.0, 94.58, 95.32, 96.11, 96.83, 96.84, 96.96, 96.59, 96.3, 96.09, 95.95], [92.64, 92.63, 92.61, 92.59, 92.0, 92.0, 92.0, 92.0, 92.0, 93.52, 94.33, 95.23, 96.17, 96.79, 97.83, 97.07, 96.55, 96.21, 95.99, 95.85], [92.62, 92.61, 92.58, 92.0, 92.0, 92.0, 92.0, 92.0, 92.54, 93.17, 93.91, 94.67, 95.63, 96.39, 97.15, 96.76, 96.33, 96.02, 95.84, 95.73], [92.61, 92.59, 92.57, 92.54, 92.51, 92.45, 92.37, 92.16, 92.67, 93.21, 93.84, 94.48, 95.32, 95.79, 96.46, 96.24, 95.96, 95.75, 95.63, 95.57], [92.61, 92.6, 92.58, 92.41, 92.39, 92.36, 92.33, 92.29, 93.17, 93.44, 93.84, 94.31, 95.04, 96.03, 95.93, 95.74, 95.55, 95.44, 95.4, 95.4], [92.47, 92.46, 92.46, 92.45, 92.44, 92.43, 92.42, 92.87, 93.4, 93.56, 93.82, 94.15, 95.09, 95.69, 95.53, 95.32, 95.15, 95.12, 95.17, 95.24], [92.48, 92.48, 92.48, 93.12, 93.1, 93.07, 93.05, 93.04, 93.05, 93.07, 93.12, 92.97, 93.93, 95.44, 95.24, 94.99, 94.75, 94.82, 94.98, 95.11], [93.22, 93.21, 93.2, 93.19, 93.18, 93.17, 93.16, 93.15, 93.15, 93.16, 93.21, 93.75, 93.9, 94.05, 94.18, 94.82, 94.33, 94.7, 94.9, 95.04], [93.27, 93.26, 93.26, 93.26, 93.26, 93.26, 93.26, 93.24, 93.18, 93.12, 93.26, 93.75, 93.87, 94.04, 94.19, 94.31, 94.77, 94.86, 94.92, 95.02], [93.31, 93.31, 93.32, 93.33, 93.34, 93.36, 93.36, 93.35, 93.27, 93.19, 93.62, 93.83, 93.93, 94.03, 94.17, 94.6, 94.62, 94.64, 94.97, 95.04], [93.35, 93.36, 93.37, 93.39, 93.42, 93.45, 93.48, 93.5, 93.52, 93.58, 93.92, 94.02, 94.04, 94.68, 94.65, 94.63, 94.63, 94.63, 94.63, 94.62], [93.38, 93.4, 93.42, 93.45, 93.49, 93.54, 93.6, 93.68, 93.81, 94.21, 94.32, 94.41, 94.39, 94.41, 94.68, 94.65, 94.64, 94.64, 94.63, 94.63], [93.42, 93.44, 93.47, 93.5, 93.55, 93.61, 93.7, 93.83, 94.04, 94.54, 94.83, 94.59, 94.48, 94.45, 94.7, 94.67, 94.66, 94.65, 94.64, 94.64], [93.44, 93.47, 93.5, 93.54, 93.6, 93.67, 93.76, 93.9, 94.46, 94.64, 94.76, 94.62, 94.51, 94.47, 94.72, 94.69, 94.67, 94.66, 94.65, 94.65], [93.47, 93.5, 93.53, 93.57, 93.63, 93.7, 93.79, 93.91, 94.46, 94.55, 94.6, 94.56, 94.51, 94.48, 94.72, 94.7, 94.68, 94.67, 94.66, 94.65], [93.49, 93.52, 93.55, 93.6, 93.65, 93.71, 93.79, 94.38, 94.44, 94.49, 94.52, 94.51, 94.49, 94.47, 94.73, 94.71, 94.69, 94.68, 94.67, 94.66]]}