gis_exercise/awsData/contour/humi_2023090907.json
{"header": {"refTime": "2023-09-09T07:00:00.000Z", "nx": 21, "ny": 33, "lo1": 113.509, "la1": 22.2235, "lo2": 113.5947, "la2": 22.1034, "dx": 0.0042850000000001385, "dy": 0.003753125000000024, "parameterCategory": 0, "parameterCategoryName": "Temperature", "parameterNumber": 0}, "z": [[96.09, 96.12, 96.15, 97.22, 97.21, 95.81, 95.89, 95.95, 95.94, 96.38, 96.2, 96.02, 94.93, 94.82, 94.49, 94.44, 93.89, 93.91, 93.93, 93.94], [96.07, 96.1, 96.13, 96.18, 97.2, 97.19, 95.98, 96.14, 96.23, 96.46, 96.18, 95.91, 94.79, 94.69, 94.38, 93.86, 93.89, 93.91, 93.93, 93.94], [96.04, 96.07, 96.1, 96.15, 97.19, 97.18, 97.16, 96.3, 96.81, 96.55, 96.11, 95.69, 94.56, 94.49, 93.8, 93.85, 93.89, 93.92, 93.94, 93.95], [96.01, 96.03, 96.06, 96.11, 96.17, 97.17, 97.15, 97.14, 97.12, 96.47, 95.97, 95.32, 94.16, 94.64, 93.78, 93.86, 93.91, 93.93, 93.95, 93.96], [95.98, 95.99, 96.01, 96.04, 96.09, 97.15, 97.14, 97.16, 97.21, 96.44, 95.94, 94.56, 93.66, 94.44, 93.79, 93.88, 93.93, 93.95, 93.96, 93.97], [95.93, 95.94, 95.95, 95.97, 96.0, 96.05, 97.1, 97.1, 97.2, 97.44, 95.85, 95.02, 94.28, 93.67, 93.87, 93.93, 93.97, 93.98, 93.98, 93.98], [95.45, 95.88, 95.88, 95.88, 95.9, 95.94, 96.51, 96.9, 96.99, 97.19, 97.4, 95.79, 94.14, 94.02, 93.99, 93.99, 93.99, 94.0, 93.82, 93.75], [95.43, 95.42, 95.42, 95.43, 95.45, 96.3, 96.39, 96.4, 96.28, 97.36, 98.29, 96.23, 96.21, 93.99, 94.37, 94.48, 94.26, 94.18, 94.31, 94.39], [95.57, 95.56, 95.38, 95.37, 95.36, 95.4, 95.52, 96.42, 96.96, 97.06, 97.46, 96.87, 96.59, 96.97, 94.4, 94.52, 94.39, 94.34, 94.37, 94.42], [95.0, 95.0, 95.0, 95.47, 95.4, 95.23, 95.35, 95.52, 97.71, 97.54, 96.57, 97.24, 97.02, 97.13, 94.4, 94.56, 94.48, 94.44, 94.44, 94.46], [95.0, 95.0, 95.0, 95.0, 95.0, 95.0, 95.0, 95.0, 95.35, 97.03, 99.0, 97.48, 97.3, 97.28, 94.39, 94.6, 94.54, 94.5, 94.49, 94.5], [95.0, 95.0, 95.0, 95.0, 95.0, 95.0, 95.0, 95.0, 95.0, -999.0, 99.0, 95.0, 95.0, 97.41, 94.38, 94.63, 94.59, 97.41, 97.33, 97.31], [95.0, 95.0, 95.0, 95.0, 95.0, 95.0, 95.0, 95.0, 95.0, 95.0, -999.0, 95.0, 95.0, 98.26, 96.83, 96.18, 96.14, 96.88, 96.77, 96.71], [95.0, 95.0, 95.0, 95.0, 95.0, 95.0, 95.0, 95.0, 95.0, 95.0, -999.0, 100.0, 100.0, 100.0, 97.25, 96.68, 96.59, 97.34, 97.18, 97.06], [95.0, 95.0, 95.0, 95.0, 95.0, 95.0, 95.0, 95.0, 95.0, 95.0, 95.0, 96.92, 100.0, 100.0, 100.0, 97.25, 97.07, 97.77, 97.55, 97.37], [95.0, 95.0, 95.0, 95.0, 95.0, 95.0, 95.0, 95.0, 95.0, 95.0, 98.15, 97.79, 98.27, 98.68, 98.22, 98.53, 98.31, 98.7, 97.35, 97.16], [95.0, 95.0, 95.0, 95.0, 95.0, 95.0, 95.0, 95.0, 95.0, 95.0, 97.15, 97.77, 98.42, 99.02, 98.96, 99.1, 98.78, 98.53, 98.35, 98.23], [95.0, 95.0, 95.0, 95.0, 95.0, 95.0, 95.0, 95.0, 95.0, 96.27, 96.94, 97.69, 98.47, 98.92, 99.85, 99.2, 98.74, 98.45, 98.27, 98.15], [95.0, 95.0, 95.0, 95.0, 95.0, 95.0, 95.0, 95.0, 95.45, 95.97, 97.0, 97.64, 97.91, 98.56, 99.26, 98.93, 98.55, 98.29, 98.13, 98.04], [95.0, 95.0, 96.71, 96.63, 96.52, 96.36, 96.12, 95.49, 95.8, 96.38, 97.01, 97.56, 97.62, 98.0, 98.66, 98.47, 98.23, 98.05, 97.95, 97.9], [96.83, 96.79, 96.73, 96.24, 96.18, 96.09, 95.98, 95.86, 96.48, 96.76, 97.15, 97.54, 97.35, 98.28, 98.19, 98.03, 97.86, 97.77, 97.75, 97.76], [96.4, 96.38, 96.37, 96.35, 96.32, 96.29, 96.27, 96.04, 96.95, 97.11, 97.33, 97.57, 98.07, 97.99, 97.84, 97.64, 97.49, 97.48, 97.55, 97.62], [96.45, 96.45, 96.45, 96.09, 96.12, 96.16, 96.23, 96.32, 96.43, 96.49, 96.46, 96.59, 97.33, 97.77, 97.59, 97.33, 97.08, 97.2, 97.4, 97.53], [96.07, 96.09, 96.11, 96.14, 96.19, 96.27, 96.39, 96.57, 96.8, 96.91, 96.75, 96.76, 97.36, 97.24, 97.11, 97.19, 96.54, 97.19, 97.38, 97.49], [96.09, 96.11, 96.14, 96.18, 96.24, 96.33, 96.48, 96.73, 97.15, 97.51, 96.99, 96.77, 96.54, 97.27, 97.16, 97.09, 97.32, 97.54, 97.45, 97.5], [96.1, 96.12, 96.15, 96.19, 96.25, 96.34, 96.48, 96.71, 97.1, 97.42, 97.01, 96.65, 96.46, 97.31, 97.22, 96.74, 96.92, 97.01, 97.48, 97.52], [96.1, 96.12, 96.15, 96.19, 96.24, 96.3, 96.4, 96.52, 96.65, 96.65, 96.55, 96.39, 96.31, 96.29, 96.47, 96.64, 96.76, 96.82, 96.81, 96.77], [96.1, 96.12, 96.14, 96.17, 96.2, 96.23, 96.27, 96.28, 96.22, 96.14, 95.97, 96.33, 96.56, 96.76, 96.37, 96.52, 96.63, 96.69, 96.71, 96.69], [96.09, 96.11, 96.12, 96.14, 96.15, 96.16, 96.15, 96.09, 95.93, 95.65, 95.37, 95.97, 96.36, 96.62, 96.27, 96.42, 96.52, 96.59, 96.62, 96.62], [96.08, 96.09, 96.1, 96.11, 96.11, 96.1, 96.06, 95.98, 96.17, 95.79, 95.56, 95.94, 96.29, 96.55, 96.2, 96.33, 96.43, 96.5, 96.54, 96.56], [96.08, 96.08, 96.08, 96.08, 96.08, 96.05, 96.01, 95.94, 96.22, 96.04, 95.97, 96.11, 96.33, 96.53, 96.16, 96.28, 96.37, 96.43, 96.48, 96.5], [96.07, 96.07, 96.07, 96.06, 96.05, 96.03, 95.99, 96.43, 96.32, 96.23, 96.2, 96.28, 96.41, 96.55, 96.14, 96.24, 96.32, 96.38, 96.43, 96.46]]}