gis_exercise/awsData/contour/humi_2023091005.json
{"header": {"refTime": "2023-09-10T05:00:00.000Z", "nx": 21, "ny": 33, "lo1": 113.509, "la1": 22.2235, "lo2": 113.5947, "la2": 22.1034, "dx": 0.0042850000000001385, "dy": 0.003753125000000024, "parameterCategory": 0, "parameterCategoryName": "Temperature", "parameterNumber": 0}, "z": [[94.18, 94.23, 94.31, 96.18, 96.17, 93.86, 93.99, 94.11, 94.1, 94.81, 94.49, 94.17, 92.26, 92.06, 91.68, 91.61, 90.52, 90.56, 90.59, 90.61], [94.14, 94.19, 94.27, 94.36, 96.15, 96.15, 94.16, 94.46, 94.62, 94.98, 94.47, 93.98, 92.02, 91.83, 91.49, 90.45, 90.52, 90.57, 90.61, 90.63], [94.09, 94.14, 94.21, 94.3, 96.13, 96.13, 96.12, 94.74, 95.67, 95.14, 94.35, 93.61, 91.61, 91.48, 90.34, 90.45, 90.54, 90.6, 90.63, 90.65], [94.02, 94.07, 94.13, 94.21, 94.33, 96.1, 96.1, 96.1, 96.11, 94.98, 94.09, 92.96, 90.93, 91.66, 90.3, 90.47, 90.57, 90.64, 90.67, 90.69], [93.95, 93.98, 94.02, 94.09, 94.19, 96.05, 96.05, 96.08, 96.17, 94.88, 94.0, 91.54, 90.06, 91.32, 90.32, 90.52, 90.64, 90.7, 90.72, 90.72], [93.87, 93.88, 93.9, 93.94, 94.01, 94.1, 95.93, 95.93, 96.1, 96.5, 93.65, 92.28, 91.06, 90.0, 90.45, 90.63, 90.75, 90.8, 90.78, 90.76], [92.89, 93.77, 93.76, 93.77, 93.81, 93.88, 94.77, 95.56, 95.7, 95.91, 96.24, 93.52, 90.71, 90.53, 90.65, 90.74, 90.86, 90.91, 90.63, 90.5], [92.86, 92.85, 92.84, 92.85, 92.9, 94.37, 94.56, 94.61, 94.45, 96.21, 97.78, 94.15, 94.11, 90.49, 91.37, 91.48, 91.26, 91.18, 91.31, 91.39], [93.15, 93.12, 92.76, 92.73, 92.72, 92.8, 93.04, 94.62, 95.59, 95.7, 96.31, 95.28, 94.78, 95.44, 91.4, 91.52, 91.39, 91.34, 91.37, 91.42], [92.0, 92.0, 92.0, 92.94, 92.8, 92.45, 92.7, 93.04, 96.84, 96.56, 94.74, 95.92, 95.54, 95.72, 91.4, 91.56, 91.48, 91.44, 91.44, 91.46], [92.0, 92.0, 92.0, 92.0, 92.0, 92.0, 92.0, 92.0, 92.71, 95.71, 99.0, 96.33, 96.02, 96.0, 91.39, 91.6, 91.54, 91.5, 91.49, 91.5], [92.0, 92.0, 92.0, 92.0, 92.0, 92.0, 92.0, 92.0, 92.0, -999.0, 99.0, 92.0, 92.0, 96.21, 91.38, 91.63, 91.59, 94.98, 94.88, 94.86], [92.0, 92.0, 92.0, 92.0, 92.0, 92.0, 92.0, 92.0, 92.0, 92.0, -999.0, 92.0, 92.0, 95.92, 94.19, 93.55, 93.5, 94.36, 94.24, 94.16], [92.0, 92.0, 92.0, 92.0, 92.0, 92.0, 92.0, 92.0, 92.0, 92.0, -999.0, 98.0, 98.0, 98.0, 94.7, 94.13, 94.02, 94.9, 94.71, 94.57], [92.0, 92.0, 92.0, 92.0, 92.0, 92.0, 92.0, 94.0, 94.0, 94.0, 94.0, 95.54, 98.0, 98.0, 98.0, 94.8, 94.59, 95.39, 95.14, 94.93], [92.0, 92.0, 93.26, 93.28, 93.32, 94.0, 94.0, 94.0, 94.0, 94.0, 96.52, 96.23, 96.62, 96.95, 96.57, 96.53, 96.31, 96.7, 95.1, 94.88], [93.28, 93.3, 92.71, 92.74, 94.0, 94.0, 94.0, 94.0, 94.0, 94.0, 95.72, 96.22, 96.74, 97.22, 97.08, 97.1, 96.78, 96.53, 96.35, 96.23], [92.71, 92.74, 92.77, 92.83, 94.0, 94.0, 94.0, 94.0, 94.0, 95.02, 95.55, 96.15, 96.78, 97.05, 97.86, 97.2, 96.74, 96.45, 96.27, 96.15], [92.75, 92.79, 92.83, 94.0, 94.0, 94.0, 94.0, 94.0, 94.36, 94.78, 95.52, 96.04, 96.18, 96.73, 97.26, 96.93, 96.55, 96.29, 96.13, 96.04], [92.78, 92.81, 95.14, 95.09, 95.01, 94.91, 94.75, 94.33, 94.6, 95.04, 95.52, 95.96, 95.91, 96.22, 96.66, 96.47, 96.23, 96.05, 95.95, 95.9], [95.22, 95.19, 95.15, 94.83, 94.79, 94.73, 94.65, 94.57, 95.09, 95.31, 95.61, 95.92, 95.66, 96.28, 96.19, 96.03, 95.86, 95.77, 95.75, 95.76], [94.93, 94.92, 94.91, 94.9, 94.88, 94.86, 94.84, 94.69, 95.41, 95.54, 95.72, 95.91, 96.07, 95.99, 95.84, 95.64, 95.49, 95.48, 95.55, 95.62], [94.97, 94.97, 94.97, 94.73, 94.75, 94.77, 94.82, 94.88, 94.95, 94.99, 94.97, 94.88, 95.33, 95.77, 95.59, 95.33, 95.08, 95.2, 95.4, 95.53], [94.71, 94.72, 94.74, 94.76, 94.8, 94.85, 94.93, 95.05, 95.2, 95.27, 95.16, 95.01, 95.36, 95.24, 95.11, 95.19, 94.54, 95.19, 95.38, 95.49], [94.72, 94.74, 94.76, 94.79, 94.83, 94.89, 94.99, 95.16, 95.44, 95.67, 95.32, 95.04, 94.83, 95.27, 95.16, 95.09, 95.32, 95.54, 95.45, 95.5], [94.73, 94.75, 94.77, 94.79, 94.84, 94.9, 94.99, 95.14, 95.4, 95.61, 95.26, 94.97, 94.79, 95.31, 95.22, 94.89, 95.03, 95.1, 95.48, 95.52], [94.73, 94.75, 94.77, 94.79, 94.82, 94.87, 94.93, 95.01, 95.1, 95.1, 94.95, 94.81, 94.71, 94.65, 94.75, 94.84, 94.93, 94.97, 94.96, 94.92], [94.73, 94.74, 94.76, 94.78, 94.8, 94.82, 94.85, 94.85, 94.81, 94.69, 94.58, 94.89, 95.04, 95.17, 94.69, 94.78, 94.85, 94.88, 94.89, 94.88], [94.73, 94.74, 94.75, 94.76, 94.77, 94.77, 94.77, 94.73, 94.62, 94.39, 94.25, 94.65, 94.91, 95.08, 94.65, 94.73, 94.78, 94.82, 94.84, 94.84], [94.72, 94.73, 94.74, 94.74, 94.74, 94.73, 94.71, 94.65, 94.78, 94.53, 94.38, 94.63, 94.86, 95.03, 94.61, 94.68, 94.74, 94.77, 94.79, 94.8], [94.72, 94.72, 94.72, 94.72, 94.72, 94.7, 94.67, 94.62, 94.81, 94.69, 94.65, 94.74, 94.89, 95.02, 94.59, 94.65, 94.7, 94.74, 94.76, 94.77], [94.71, 94.71, 94.71, 94.71, 94.7, 94.68, 94.66, 94.95, 94.88, 94.82, 94.8, 94.85, 94.94, 95.03, 94.58, 94.63, 94.67, 94.71, 94.73, 94.75]]}