gis_exercise/awsData/contour/humi_2023091110.json
{"header": {"refTime": "2023-09-11T10:00:00.000Z", "nx": 21, "ny": 33, "lo1": 113.509, "la1": 22.2235, "lo2": 113.5947, "la2": 22.1034, "dx": 0.0042850000000001385, "dy": 0.003753125000000024, "parameterCategory": 0, "parameterCategoryName": "Temperature", "parameterNumber": 0}, "z": [[90.02, 90.03, 90.04, 91.07, 91.02, 89.1, 89.13, 89.15, 89.1, 89.32, 89.11, 88.89, 87.29, 87.15, 87.93, 88.01, 87.31, 87.43, 87.52, 87.57], [90.01, 90.02, 90.03, 90.05, 91.02, 90.94, 89.23, 89.32, 89.35, 89.41, 89.08, 88.74, 87.12, 86.98, 87.8, 87.18, 87.36, 87.51, 87.61, 87.66], [90.0, 90.01, 90.03, 90.05, 91.04, 90.95, 90.81, 89.47, 89.85, 89.51, 88.99, 88.48, 86.83, 86.74, 86.93, 87.21, 87.46, 87.63, 87.73, 87.78], [89.99, 90.0, 90.02, 90.04, 90.07, 91.01, 90.9, 90.72, 90.55, 89.43, 88.83, 88.01, 86.35, 87.04, 86.88, 87.29, 87.62, 87.83, 87.92, 87.92], [89.97, 89.98, 90.0, 90.03, 90.07, 91.1, 91.05, 91.01, 91.02, 89.45, 88.82, 86.95, 85.81, 86.77, 86.91, 87.46, 87.9, 88.13, 88.17, 88.1], [89.95, 89.96, 89.98, 90.0, 90.05, 90.12, 91.19, 91.22, 91.32, 91.51, 88.61, 87.52, 86.57, 85.67, 87.08, 87.74, 88.35, 88.61, 88.48, 88.29], [89.89, 89.93, 89.94, 89.96, 90.01, 90.1, 91.01, 91.29, 91.4, 91.14, 91.08, 88.45, 86.14, 86.02, 87.32, 88.03, 88.97, 89.32, 89.08, 88.76], [89.86, 89.85, 89.84, 89.85, 89.9, 90.7, 90.88, 91.07, 90.99, 91.36, 92.14, 88.84, 88.81, 85.99, 88.88, 88.56, 89.21, 89.45, 89.08, 88.83], [90.15, 90.12, 89.76, 89.73, 89.72, 89.8, 90.04, 90.96, 91.64, 91.0, 90.69, 89.81, 89.38, 89.95, 88.81, 88.44, 88.82, 88.98, 88.89, 88.74], [89.0, 89.0, 89.0, 89.94, 89.8, 89.45, 89.7, 90.04, 92.14, 92.03, 89.35, 90.36, 90.04, 90.19, 88.8, 88.31, 88.55, 88.68, 88.69, 88.63], [89.0, 89.0, 89.0, 89.0, 89.0, 89.0, 89.0, 89.0, 89.71, 91.68, 93.0, 90.71, 90.44, 90.43, 88.83, 88.21, 88.39, 88.49, 88.52, 88.5], [89.0, 89.0, 89.0, 89.0, 89.0, 89.0, 89.0, 89.0, 89.0, -999.0, 93.0, 87.0, 87.0, 90.61, 88.87, 88.11, 88.22, 90.57, 90.55, 90.55], [89.0, 89.0, 89.0, 89.0, 89.0, 89.0, 89.0, 89.0, 89.0, 89.0, -999.0, 87.0, 87.0, 89.61, 88.46, 90.36, 90.36, 90.48, 90.46, 90.45], [89.0, 89.0, 89.0, 89.0, 89.0, 89.0, 89.0, 89.0, 89.0, 89.0, -999.0, 91.0, 91.0, 91.0, 88.8, 90.45, 90.43, 90.56, 90.53, 90.51], [89.0, 89.0, 89.0, 89.0, 89.0, 89.0, 89.0, 85.0, 85.0, 85.0, 85.0, 87.31, 91.0, 91.0, 91.0, 90.54, 90.51, 90.63, 90.59, 90.56], [89.0, 89.0, 86.48, 86.44, 86.36, 85.0, 85.0, 85.0, 85.0, 85.0, 88.78, 88.35, 88.93, 89.42, 88.86, 91.0, 91.0, 91.0, 90.74, 90.72], [86.43, 86.41, 87.59, 87.52, 85.0, 85.0, 85.0, 85.0, 85.0, 85.0, 87.58, 88.32, 89.11, 89.83, 90.28, 90.58, 90.43, 90.31, 90.22, 90.15], [87.57, 87.52, 87.45, 87.35, 85.0, 85.0, 85.0, 85.0, 85.0, 86.52, 87.33, 88.23, 89.17, 90.21, 90.9, 90.63, 90.42, 90.28, 90.18, 90.11], [87.49, 87.43, 87.34, 85.0, 85.0, 85.0, 85.0, 85.0, 85.54, 86.17, 87.66, 88.45, 89.36, 90.0, 90.66, 90.51, 90.34, 90.21, 90.12, 90.06], [87.44, 87.37, 87.86, 87.72, 87.53, 87.27, 86.86, 85.82, 86.12, 86.9, 87.73, 88.4, 89.21, 89.7, 90.4, 90.32, 90.21, 90.11, 90.04, 90.0], [88.05, 87.98, 87.88, 87.07, 86.96, 86.82, 86.63, 86.43, 87.11, 87.48, 87.98, 88.45, 89.13, 90.23, 90.2, 90.15, 90.08, 90.01, 89.95, 89.92], [87.33, 87.31, 87.28, 87.25, 87.2, 87.15, 87.11, 87.26, 87.84, 88.06, 88.32, 88.58, 90.67, 90.1, 90.07, 90.03, 89.99, 89.92, 89.86, 89.84], [87.42, 87.42, 87.42, 87.58, 87.59, 87.62, 87.68, 87.8, 87.95, 88.06, 88.06, 88.79, 89.74, 90.0, 89.97, 89.97, 90.03, 89.86, 89.74, 89.74], [87.65, 87.66, 87.68, 87.72, 87.77, 87.86, 88.02, 88.25, 88.55, 88.7, 88.53, 89.75, 89.74, 89.71, 89.71, 89.89, 90.37, 89.55, 89.55, 89.64], [87.71, 87.74, 87.78, 87.83, 87.92, 88.04, 88.24, 88.55, 89.05, 89.46, 88.91, 89.68, 89.73, 89.69, 89.65, 89.6, 89.36, 88.96, 89.41, 89.58], [87.77, 87.8, 87.85, 87.92, 88.01, 88.15, 88.34, 88.63, 89.07, 89.42, 89.62, 89.55, 89.61, 89.67, 89.61, 89.21, 89.14, 89.07, 89.45, 89.57], [87.81, 87.85, 87.91, 87.97, 88.07, 88.19, 88.34, 88.53, 88.72, 88.78, 89.33, 89.33, 89.44, 88.96, 89.06, 89.12, 89.12, 89.11, 89.12, 89.14], [87.85, 87.89, 87.94, 88.01, 88.09, 88.18, 88.29, 88.39, 88.44, 88.99, 88.89, 88.59, 88.61, 88.59, 88.97, 89.04, 89.08, 89.09, 89.1, 89.11], [87.87, 87.91, 87.96, 88.02, 88.09, 88.16, 88.23, 88.28, 88.27, 88.61, 88.17, 88.41, 88.52, 88.55, 88.9, 88.98, 89.03, 89.06, 89.08, 89.09], [87.89, 87.93, 87.97, 88.02, 88.08, 88.13, 88.18, 88.2, 88.54, 88.36, 88.24, 88.38, 88.49, 88.53, 88.85, 88.93, 88.99, 89.02, 89.05, 89.06], [87.9, 87.94, 87.98, 88.02, 88.06, 88.11, 88.14, 88.16, 88.54, 88.45, 88.4, 88.44, 88.49, 88.52, 88.83, 88.9, 88.96, 88.99, 89.02, 89.04], [87.91, 87.94, 87.98, 88.01, 88.05, 88.08, 88.11, 88.62, 88.56, 88.51, 88.48, 88.49, 88.51, 88.53, 88.81, 88.88, 88.93, 88.97, 89.0, 89.02]]}