gis_exercise/awsData/contour/humi_2023090104.json
{"header": {"refTime": "2023-09-01T04:00:00.000Z", "nx": 21, "ny": 33, "lo1": 113.509, "la1": 22.2235, "lo2": 113.5947, "la2": 22.1034, "dx": 0.0042850000000001385, "dy": 0.003753125000000024, "parameterCategory": 0, "parameterCategoryName": "Temperature", "parameterNumber": 0}, "z": [[73.48, 73.52, 73.58, 74.15, 74.19, 72.86, 72.99, 73.11, 73.1, 73.04, 72.65, 72.26, 71.5, 71.32, 71.25, 71.25, 70.5, 70.58, 70.65, 70.69], [73.45, 73.49, 73.55, 73.62, 74.18, 74.25, 73.16, 73.46, 73.62, 73.32, 72.66, 72.09, 71.26, 71.08, 71.06, 70.38, 70.52, 70.62, 70.7, 70.75], [73.41, 73.44, 73.5, 73.57, 74.15, 74.22, 74.35, 73.74, 74.67, 73.56, 72.53, 71.74, 70.84, 70.73, 70.16, 70.38, 70.57, 70.7, 70.77, 70.81], [73.36, 73.39, 73.43, 73.5, 73.59, 74.15, 74.25, 74.42, 74.57, 73.21, 72.17, 71.12, 70.12, 70.1, 70.1, 70.43, 70.67, 70.82, 70.88, 70.9], [73.3, 73.32, 73.35, 73.4, 73.47, 74.05, 74.09, 74.15, 74.19, 72.71, 71.84, 69.95, 68.84, 69.86, 70.14, 70.56, 70.85, 71.0, 71.03, 71.01], [73.24, 73.24, 73.26, 73.28, 73.32, 73.38, 73.91, 73.88, 73.89, 73.93, 71.39, 70.54, 69.68, 69.34, 70.34, 70.77, 71.12, 71.27, 71.21, 71.12], [72.45, 73.16, 73.15, 73.15, 73.17, 73.2, 73.0, 73.61, 73.59, 73.27, 73.3, 71.59, 70.28, 70.04, 70.64, 71.0, 71.48, 71.65, 71.26, 71.01], [72.43, 72.42, 72.42, 72.43, 72.45, 72.85, 72.94, 73.04, 73.06, 73.34, 73.69, 72.61, 72.6, 69.99, 72.0, 72.0, 72.0, 72.0, 72.0, 72.0], [72.57, 72.56, 72.38, 72.37, 72.36, 72.4, 72.52, 72.98, 73.32, 73.21, 73.23, 72.94, 72.79, 72.98, 72.0, 72.0, 72.0, 72.0, 72.0, 72.0], [72.0, 72.0, 72.0, 72.47, 72.4, 72.23, 72.35, 72.52, 73.57, 73.51, 72.78, 73.12, 73.01, 73.06, 72.0, 72.0, 72.0, 72.0, 72.0, 72.0], [72.0, 72.0, 72.0, 72.0, 72.0, 72.0, 72.0, 72.0, 72.35, 73.34, 74.0, 73.24, 73.15, 73.14, 72.0, 72.0, 72.0, 72.0, 72.0, 72.0], [72.0, 72.0, 72.0, 72.0, 72.0, 72.0, 72.0, 72.0, 72.0, -999.0, 74.0, 72.0, 72.0, 73.2, 72.0, 72.0, 72.0, 77.12, 76.99, 76.96], [72.0, 72.0, 72.0, 72.0, 72.0, 72.0, 72.0, 72.0, 72.0, 72.0, -999.0, 72.0, 72.0, 77.88, 75.29, 75.28, 75.21, 76.32, 76.16, 76.06], [72.0, 72.0, 72.0, 72.0, 72.0, 72.0, 72.0, 72.0, 72.0, 72.0, -999.0, 81.0, 81.0, 81.0, 76.05, 76.03, 75.88, 77.01, 76.77, 76.58], [72.0, 72.0, 72.0, 72.0, 72.0, 72.0, 72.0, 73.0, 73.0, 73.0, 73.0, 76.07, 81.0, 81.0, 81.0, 76.88, 76.61, 77.65, 77.33, 77.06], [72.0, 72.0, 72.63, 72.64, 72.66, 73.0, 73.0, 73.0, 73.0, 73.0, 78.03, 77.46, 78.24, 78.89, 78.15, 77.33, 76.78, 77.75, 75.94, 75.58], [72.64, 72.65, 72.35, 72.37, 73.0, 73.0, 73.0, 73.0, 73.0, 73.0, 76.44, 77.43, 78.48, 79.44, 78.93, 79.02, 78.33, 77.78, 77.4, 77.14], [72.36, 72.37, 72.39, 72.41, 73.0, 73.0, 73.0, 73.0, 73.0, 75.03, 76.11, 77.31, 78.56, 78.88, 80.69, 79.24, 78.25, 77.61, 77.21, 76.96], [72.38, 72.39, 72.42, 73.0, 73.0, 73.0, 73.0, 73.0, 73.72, 74.56, 75.3, 76.3, 77.0, 78.15, 79.37, 78.64, 77.81, 77.25, 76.91, 76.72], [72.39, 72.41, 73.0, 73.0, 73.0, 73.0, 73.0, 73.0, 73.75, 74.38, 75.16, 76.0, 76.38, 76.99, 78.05, 77.62, 77.09, 76.71, 76.51, 76.42], [73.0, 73.0, 73.0, 73.0, 73.0, 73.0, 73.0, 73.0, 74.24, 74.57, 75.08, 75.69, 75.77, 77.23, 77.01, 76.63, 76.27, 76.08, 76.06, 76.11], [73.0, 73.0, 73.0, 73.0, 73.0, 73.0, 73.0, 72.83, 74.39, 74.59, 74.93, 75.38, 75.2, 76.56, 76.21, 75.75, 75.4, 75.41, 75.63, 75.83], [73.0, 73.0, 73.0, 72.75, 72.76, 72.77, 72.79, 72.8, 72.81, 72.81, 72.79, 72.47, 73.81, 76.1, 75.65, 75.01, 74.35, 74.76, 75.35, 75.66], [72.71, 72.72, 72.72, 72.73, 72.74, 72.75, 72.77, 72.79, 72.82, 72.83, 72.79, 72.26, 73.81, 73.92, 73.95, 74.71, 72.78, 74.93, 75.42, 75.63], [72.7, 72.7, 72.71, 72.71, 72.72, 72.73, 72.74, 72.78, 72.85, 72.91, 72.8, 72.31, 72.11, 73.96, 74.09, 74.23, 75.4, 76.22, 75.68, 75.69], [72.69, 72.69, 72.69, 72.69, 72.69, 72.7, 72.71, 72.74, 72.81, 72.87, 72.51, 72.29, 72.13, 74.0, 74.18, 74.26, 74.7, 74.95, 75.74, 75.75], [72.67, 72.67, 72.67, 72.67, 72.66, 72.66, 72.66, 72.67, 72.68, 72.66, 72.35, 72.23, 72.12, 73.62, 73.88, 74.15, 74.4, 74.54, 74.5, 74.4], [72.66, 72.66, 72.65, 72.65, 72.64, 72.63, 72.61, 72.58, 72.53, 72.24, 72.18, 73.18, 73.59, 74.05, 73.76, 73.99, 74.18, 74.29, 74.31, 74.27], [72.65, 72.64, 72.64, 72.63, 72.61, 72.59, 72.56, 72.51, 72.42, 72.12, 72.32, 72.91, 73.42, 73.87, 73.64, 73.85, 74.01, 74.11, 74.16, 74.16], [72.64, 72.63, 72.62, 72.61, 72.59, 72.57, 72.53, 72.48, 72.98, 72.69, 72.51, 72.92, 73.37, 73.78, 73.54, 73.74, 73.88, 73.98, 74.03, 74.05], [72.63, 72.62, 72.61, 72.6, 72.58, 72.55, 72.52, 72.47, 73.09, 72.95, 72.93, 73.13, 73.43, 73.75, 73.49, 73.65, 73.78, 73.88, 73.94, 73.97], [72.62, 72.61, 72.6, 72.59, 72.57, 72.54, 72.51, 73.31, 73.23, 73.17, 73.19, 73.32, 73.53, 73.77, 73.46, 73.6, 73.71, 73.8, 73.86, 73.9]]}