gis_exercise/awsData/contour/humi_2023090513.json
{"header": {"refTime": "2023-09-05T13:00:00.000Z", "nx": 21, "ny": 33, "lo1": 113.509, "la1": 22.2235, "lo2": 113.5947, "la2": 22.1034, "dx": 0.0042850000000001385, "dy": 0.003753125000000024, "parameterCategory": 0, "parameterCategoryName": "Temperature", "parameterNumber": 0}, "z": [[52.7, 52.71, 52.73, 53.0, 53.0, 51.84, 51.9, 51.94, 51.91, 51.74, 51.47, 51.21, 50.77, 50.66, 50.08, 50.05, 49.79, 49.82, 49.85, 49.88], [52.69, 52.71, 52.72, 52.74, 53.0, 53.0, 52.01, 52.15, 52.21, 51.92, 51.47, 51.08, 50.59, 50.49, 49.94, 49.72, 49.78, 49.83, 49.86, 49.89], [52.68, 52.69, 52.71, 52.73, 53.0, 53.0, 53.0, 52.32, 52.81, 52.08, 51.38, 50.82, 50.28, 50.23, 49.59, 49.71, 49.79, 49.84, 49.88, 49.9], [52.67, 52.68, 52.69, 52.72, 52.74, 53.0, 53.0, 53.0, 53.0, 51.86, 51.14, 50.38, 49.74, 49.9, 49.55, 49.72, 49.81, 49.87, 49.9, 49.92], [52.65, 52.66, 52.67, 52.69, 52.72, 53.0, 53.0, 53.0, 53.0, 51.57, 50.95, 49.75, 48.76, 49.69, 49.58, 49.77, 49.86, 49.91, 49.93, 49.94], [52.63, 52.63, 52.64, 52.66, 52.68, 52.72, 53.0, 53.0, 53.0, 53.0, 51.01, 50.29, 49.53, 49.34, 49.74, 49.87, 49.93, 49.96, 49.96, 49.96], [52.45, 52.6, 52.6, 52.61, 52.64, 52.68, 52.75, 53.0, 53.0, 52.8, 52.75, 51.26, 50.28, 50.04, 49.98, 49.98, 49.99, 49.99, 49.63, 49.5], [52.43, 52.42, 52.42, 52.43, 52.45, 52.62, 52.72, 52.85, 52.94, 52.84, 52.88, 52.31, 52.3, 49.99, 50.74, 50.96, 50.52, 50.37, 50.61, 50.78], [52.57, 52.56, 52.38, 52.37, 52.36, 52.4, 52.52, 52.76, 53.0, 52.79, 52.62, 52.47, 52.4, 52.49, 50.8, 51.04, 50.79, 50.68, 50.74, 50.84], [52.0, 52.0, 52.0, 52.47, 52.4, 52.23, 52.35, 52.52, 53.0, 53.0, 52.39, 52.56, 52.51, 52.53, 50.8, 51.13, 50.96, 50.88, 50.88, 50.91], [52.0, 52.0, 52.0, 52.0, 52.0, 52.0, 52.0, 52.0, 52.35, 53.0, 53.0, 52.62, 52.57, 52.57, 50.78, 51.19, 51.07, 51.0, 50.99, 51.0], [52.0, 52.0, 52.0, 52.0, 52.0, 52.0, 52.0, 52.0, 52.0, -999.0, 53.0, 52.0, 52.0, 52.6, 50.76, 51.26, 51.19, 54.55, 54.44, 54.41], [52.0, 52.0, 52.0, 52.0, 52.0, 52.0, 52.0, 52.0, 52.0, 52.0, -999.0, 52.0, 52.0, 55.92, 54.19, 52.91, 52.85, 53.84, 53.7, 53.61], [52.0, 52.0, 52.0, 52.0, 52.0, 52.0, 52.0, 52.0, 52.0, 52.0, -999.0, 58.0, 58.0, 58.0, 54.7, 53.58, 53.45, 54.46, 54.24, 54.08], [52.0, 52.0, 52.0, 52.0, 52.0, 52.0, 52.0, 56.0, 56.0, 56.0, 56.0, 56.77, 58.0, 58.0, 58.0, 54.34, 54.1, 55.02, 54.73, 54.5], [52.0, 52.0, 54.52, 54.56, 54.64, 56.0, 56.0, 56.0, 56.0, 56.0, 57.26, 57.12, 57.31, 57.47, 57.29, 58.0, 58.0, 58.0, 55.93, 55.77], [54.57, 54.59, 53.41, 53.48, 56.0, 56.0, 56.0, 56.0, 56.0, 56.0, 56.86, 57.11, 57.37, 57.61, 57.76, 58.42, 58.57, 58.69, 58.78, 58.85], [53.43, 53.48, 53.55, 53.65, 56.0, 56.0, 56.0, 56.0, 56.0, 56.51, 56.78, 57.08, 57.39, 57.74, 57.97, 58.37, 58.58, 58.72, 58.82, 58.89], [53.51, 53.57, 53.66, 56.0, 56.0, 56.0, 56.0, 56.0, 56.18, 56.39, 56.58, 56.83, 57.45, 57.67, 58.34, 58.49, 58.66, 58.79, 58.88, 58.94], [53.56, 53.63, 56.0, 56.0, 56.0, 56.0, 56.0, 56.0, 56.19, 56.34, 56.54, 56.75, 57.4, 57.57, 58.6, 58.68, 58.79, 58.89, 58.96, 59.0], [56.0, 56.0, 56.0, 56.0, 56.0, 56.0, 56.0, 56.0, 56.31, 56.39, 56.52, 56.67, 57.38, 58.77, 58.8, 58.85, 58.92, 58.99, 59.05, 59.08], [56.0, 56.0, 56.0, 56.0, 56.0, 56.0, 56.0, 55.3, 56.35, 56.4, 56.48, 56.6, 57.35, 58.9, 58.93, 58.97, 59.01, 59.08, 59.14, 59.16], [56.0, 56.0, 56.0, 54.99, 55.04, 55.09, 55.15, 55.21, 55.24, 55.23, 55.16, 56.53, 58.15, 59.0, 59.03, 59.03, 58.97, 59.14, 59.26, 59.26], [54.84, 54.86, 54.89, 54.92, 54.96, 55.0, 55.07, 55.16, 55.27, 55.3, 55.17, 55.49, 58.08, 58.44, 58.73, 59.11, 58.63, 59.45, 59.45, 59.36], [54.79, 54.81, 54.82, 54.84, 54.87, 54.91, 54.98, 55.11, 55.38, 55.63, 55.2, 55.36, 55.47, 58.42, 58.76, 59.05, 59.64, 60.04, 59.59, 59.42], [54.74, 54.75, 54.75, 54.76, 54.77, 54.79, 54.84, 54.96, 55.23, 55.48, 55.24, 55.1, 55.22, 58.39, 58.73, 58.42, 58.91, 59.09, 59.55, 59.43], [54.69, 54.69, 54.68, 54.67, 54.66, 54.65, 54.65, 54.67, 54.7, 54.63, 54.66, 54.67, 54.88, 56.83, 57.48, 58.02, 58.41, 58.58, 58.55, 58.43], [54.64, 54.63, 54.61, 54.58, 54.55, 54.5, 54.43, 54.33, 54.13, 53.99, 53.78, 54.51, 55.15, 55.81, 57.07, 57.6, 57.97, 58.17, 58.22, 58.19], [54.6, 54.57, 54.54, 54.5, 54.45, 54.37, 54.25, 54.05, 53.7, 53.22, 52.69, 53.88, 54.78, 55.5, 56.71, 57.23, 57.59, 57.82, 57.93, 57.96], [54.56, 54.53, 54.49, 54.43, 54.36, 54.27, 54.12, 53.9, 54.15, 53.48, 53.08, 53.86, 54.66, 55.32, 56.45, 56.94, 57.29, 57.53, 57.67, 57.74], [54.52, 54.48, 54.44, 54.38, 54.31, 54.2, 54.06, 53.87, 54.31, 53.99, 53.9, 54.24, 54.76, 55.28, 56.29, 56.73, 57.06, 57.3, 57.46, 57.55], [54.49, 54.45, 54.4, 54.35, 54.27, 54.17, 54.05, 54.74, 54.55, 54.4, 54.4, 54.6, 54.94, 55.32, 56.23, 56.6, 56.9, 57.12, 57.28, 57.39]]}