gis_exercise/awsData/contour/humi_2023090209.json
{"header": {"refTime": "2023-09-02T09:00:00.000Z", "nx": 21, "ny": 33, "lo1": 113.509, "la1": 22.2235, "lo2": 113.5947, "la2": 22.1034, "dx": 0.0042850000000001385, "dy": 0.003753125000000024, "parameterCategory": 0, "parameterCategoryName": "Temperature", "parameterNumber": 0}, "z": [[94.11, 94.14, 94.19, 96.03, 95.98, 94.07, 94.12, 94.15, 94.13, 94.76, 94.63, 94.48, 92.93, 92.82, 92.77, 92.77, 92.25, 92.29, 92.32, 92.35], [94.08, 94.12, 94.17, 94.23, 95.97, 95.9, 94.2, 94.32, 94.37, 94.79, 94.59, 94.35, 92.79, 92.69, 92.67, 92.19, 92.26, 92.31, 92.35, 92.37], [94.04, 94.08, 94.13, 94.2, 95.98, 95.9, 95.78, 94.46, 94.85, 94.84, 94.52, 94.13, 92.56, 92.49, 92.08, 92.19, 92.28, 92.35, 92.39, 92.41], [94.0, 94.03, 94.08, 94.15, 94.23, 95.94, 95.85, 95.68, 95.54, 94.85, 94.44, 93.74, 92.16, 93.04, 92.05, 92.22, 92.33, 92.41, 92.44, 92.45], [93.95, 93.97, 94.01, 94.07, 94.16, 96.0, 95.96, 95.93, 95.98, 95.03, 94.51, 92.95, 91.81, 92.77, 92.07, 92.28, 92.42, 92.5, 92.52, 92.5], [93.88, 93.9, 93.93, 93.97, 94.05, 94.17, 96.03, 96.05, 96.22, 96.57, 94.61, 93.52, 92.57, 91.67, 92.17, 92.39, 92.56, 92.64, 92.61, 92.56], [93.34, 93.81, 93.81, 93.84, 93.91, 94.04, 95.26, 95.95, 96.12, 96.45, 96.69, 94.45, 92.14, 92.02, 92.32, 92.5, 92.74, 92.83, 92.63, 92.5], [93.28, 93.27, 93.26, 93.28, 93.35, 94.77, 95.05, 95.29, 95.34, 96.7, 97.98, 94.84, 94.81, 91.99, 93.0, 93.0, 93.0, 93.0, 93.0, 93.0], [93.72, 93.67, 93.14, 93.1, 93.08, 93.19, 93.56, 95.16, 96.27, 96.28, 96.69, 95.81, 95.38, 95.95, 93.0, 93.0, 93.0, 93.0, 93.0, 93.0], [92.0, 92.0, 92.0, 93.4, 93.21, 92.68, 93.05, 93.56, 97.27, 97.05, 95.35, 96.36, 96.04, 96.19, 93.0, 93.0, 93.0, 93.0, 93.0, 93.0], [92.0, 92.0, 92.0, 92.0, 92.0, 92.0, 92.0, 92.0, 93.06, 96.37, 99.0, 96.71, 96.44, 96.43, 93.0, 93.0, 93.0, 93.0, 93.0, 93.0], [92.0, 92.0, 92.0, 92.0, 92.0, 92.0, 92.0, 92.0, 92.0, -999.0, 99.0, 93.0, 93.0, 96.61, 93.0, 93.0, 93.0, 96.41, 96.33, 96.31], [92.0, 92.0, 92.0, 92.0, 92.0, 92.0, 92.0, 92.0, 92.0, 92.0, -999.0, 93.0, 93.0, 96.92, 95.19, 95.18, 95.14, 95.88, 95.77, 95.71], [92.0, 92.0, 92.0, 92.0, 92.0, 92.0, 92.0, 92.0, 92.0, 92.0, -999.0, 99.0, 99.0, 99.0, 95.7, 95.68, 95.59, 96.34, 96.18, 96.06], [92.0, 92.0, 92.0, 92.0, 92.0, 92.0, 92.0, 92.0, 92.0, 92.0, 92.0, 94.69, 99.0, 99.0, 99.0, 96.25, 96.07, 96.77, 96.55, 96.37], [92.0, 92.0, 92.0, 92.0, 92.0, 92.0, 92.0, 92.0, 92.0, 92.0, 96.4, 95.91, 96.58, 97.15, 96.51, 97.53, 97.31, 97.7, 96.35, 96.16], [92.0, 92.0, 92.0, 92.0, 92.0, 92.0, 92.0, 92.0, 92.0, 92.0, 95.01, 95.88, 96.79, 97.63, 97.72, 98.1, 97.78, 97.53, 97.35, 97.23], [92.0, 92.0, 92.0, 92.0, 92.0, 92.0, 92.0, 92.0, 92.0, 93.78, 94.72, 95.77, 96.86, 97.66, 98.81, 98.2, 97.74, 97.45, 97.27, 97.15], [92.0, 92.0, 92.0, 92.0, 92.0, 92.0, 92.0, 92.0, 92.63, 93.36, 94.57, 95.47, 96.36, 97.23, 98.26, 97.93, 97.55, 97.29, 97.13, 97.04], [92.0, 92.0, 93.71, 93.63, 93.52, 93.36, 93.12, 92.49, 92.99, 93.73, 94.55, 95.31, 96.02, 96.57, 97.66, 97.47, 97.23, 97.05, 96.95, 96.9], [93.83, 93.79, 93.73, 93.24, 93.18, 93.09, 92.98, 92.86, 93.79, 94.15, 94.67, 95.21, 95.73, 97.28, 97.19, 97.03, 96.86, 96.77, 96.75, 96.76], [93.4, 93.38, 93.37, 93.35, 93.32, 93.29, 93.27, 93.56, 94.3, 94.51, 94.81, 95.16, 96.42, 96.99, 96.84, 96.64, 96.49, 96.48, 96.55, 96.62], [93.45, 93.45, 93.45, 93.85, 93.84, 93.84, 93.86, 93.92, 94.0, 94.07, 94.09, 94.12, 95.59, 96.77, 96.59, 96.33, 96.08, 96.2, 96.4, 96.53], [93.94, 93.94, 93.94, 93.96, 93.98, 94.02, 94.09, 94.2, 94.35, 94.43, 94.37, 95.0, 95.58, 95.67, 95.74, 96.19, 95.54, 96.19, 96.38, 96.49], [93.99, 94.0, 94.02, 94.05, 94.09, 94.15, 94.25, 94.4, 94.62, 94.79, 94.58, 95.0, 95.0, 95.68, 95.77, 95.86, 96.32, 96.54, 96.45, 96.5], [94.04, 94.06, 94.09, 94.12, 94.18, 94.25, 94.35, 94.49, 94.67, 94.81, 95.0, 95.0, 95.0, 95.68, 95.78, 95.89, 96.03, 96.1, 96.48, 96.52], [94.08, 94.11, 94.14, 94.18, 94.24, 94.32, 94.41, 94.52, 94.62, 94.68, 95.0, 95.0, 95.0, 95.65, 95.75, 95.84, 95.93, 95.97, 95.96, 95.92], [94.11, 94.14, 94.18, 94.23, 94.29, 94.36, 94.44, 94.53, 94.62, 95.0, 95.0, 95.29, 95.43, 95.58, 95.69, 95.78, 95.85, 95.88, 95.89, 95.88], [94.14, 94.18, 94.21, 94.26, 94.32, 94.39, 94.46, 94.55, 94.65, 95.0, 95.08, 95.23, 95.39, 95.53, 95.65, 95.73, 95.78, 95.82, 95.84, 95.84], [94.17, 94.2, 94.24, 94.28, 94.34, 94.4, 94.47, 94.55, 95.24, 95.17, 95.13, 95.24, 95.38, 95.5, 95.61, 95.68, 95.74, 95.77, 95.79, 95.8], [94.19, 94.22, 94.25, 94.3, 94.35, 94.4, 94.46, 94.53, 95.27, 95.24, 95.24, 95.3, 95.4, 95.5, 95.59, 95.65, 95.7, 95.74, 95.76, 95.77], [94.2, 94.23, 94.26, 94.3, 94.35, 94.4, 94.45, 95.34, 95.32, 95.31, 95.32, 95.36, 95.43, 95.5, 95.58, 95.63, 95.67, 95.71, 95.73, 95.75]]}