gis_exercise/awsData/contour/humi_2023091010.json
{"header": {"refTime": "2023-09-10T10:00:00.000Z", "nx": 21, "ny": 33, "lo1": 113.509, "la1": 22.2235, "lo2": 113.5947, "la2": 22.1034, "dx": 0.0042850000000001385, "dy": 0.003753125000000024, "parameterCategory": 0, "parameterCategoryName": "Temperature", "parameterNumber": 0}, "z": [[92.28, 92.38, 92.5, 95.43, 95.42, 92.86, 92.99, 93.11, 93.1, 94.0, 93.71, 93.4, 91.02, 90.81, 90.68, 90.61, 89.25, 89.29, 89.32, 89.35], [92.22, 92.31, 92.44, 92.59, 95.4, 95.37, 93.16, 93.46, 93.62, 94.15, 93.67, 93.2, 90.79, 90.57, 90.49, 89.19, 89.26, 89.31, 89.35, 89.37], [92.13, 92.22, 92.34, 92.5, 95.38, 95.35, 95.32, 93.74, 94.67, 94.28, 93.55, 92.82, 90.38, 90.24, 89.08, 89.19, 89.28, 89.35, 89.39, 89.41], [92.03, 92.1, 92.21, 92.36, 92.57, 95.33, 95.31, 95.27, 95.25, 94.17, 93.32, 92.17, 89.73, 90.63, 89.05, 89.22, 89.33, 89.41, 89.44, 89.45], [91.9, 91.95, 92.04, 92.16, 92.34, 95.3, 95.29, 95.31, 95.42, 94.17, 93.28, 90.54, 89.05, 90.28, 89.07, 89.28, 89.42, 89.5, 89.52, 89.5], [91.75, 91.77, 91.82, 91.91, 92.06, 92.27, 95.19, 95.19, 95.41, 95.89, 92.76, 91.28, 90.01, 88.67, 89.17, 89.39, 89.56, 89.64, 89.61, 89.56], [90.24, 91.57, 91.57, 91.61, 91.72, 91.92, 93.27, 94.8, 94.98, 95.18, 95.54, 92.44, 89.14, 89.02, 89.32, 89.5, 89.74, 89.83, 89.63, 89.5], [90.14, 90.11, 90.1, 90.13, 90.24, 92.46, 92.94, 93.36, 93.5, 95.55, 97.47, 92.76, 92.71, 88.99, 90.0, 90.0, 90.0, 90.0, 90.0, 90.0], [90.86, 90.79, 89.91, 89.83, 89.8, 89.99, 90.6, 93.12, 94.91, 94.91, 95.54, 94.22, 93.57, 94.43, 90.0, 90.0, 90.0, 90.0, 90.0, 90.0], [88.0, 88.0, 88.0, 90.34, 90.01, 89.13, 89.74, 90.6, 96.41, 96.08, 93.53, 95.03, 94.55, 94.79, 90.0, 90.0, 90.0, 90.0, 90.0, 90.0], [88.0, 88.0, 88.0, 88.0, 88.0, 88.0, 88.0, 88.0, 89.77, 95.05, 99.0, 95.57, 95.16, 95.14, 90.0, 90.0, 90.0, 90.0, 90.0, 90.0], [88.0, 88.0, 88.0, 88.0, 88.0, 88.0, 88.0, 88.0, 88.0, -999.0, 99.0, 90.0, 90.0, 95.42, 90.0, 90.0, 90.0, 93.98, 93.88, 93.86], [88.0, 88.0, 88.0, 88.0, 88.0, 88.0, 88.0, 88.0, 88.0, 88.0, -999.0, 90.0, 90.0, 94.57, 92.56, 92.55, 92.5, 93.36, 93.24, 93.16], [88.0, 88.0, 88.0, 88.0, 88.0, 88.0, 88.0, 88.0, 88.0, 88.0, -999.0, 97.0, 97.0, 97.0, 93.15, 93.13, 93.02, 93.9, 93.71, 93.57], [88.0, 88.0, 88.0, 88.0, 88.0, 88.0, 88.0, 88.0, 88.0, 88.0, 88.0, 91.46, 97.0, 97.0, 97.0, 93.8, 93.59, 94.39, 94.14, 93.93], [88.0, 88.0, 88.0, 88.0, 88.0, 88.0, 88.0, 88.0, 88.0, 88.0, 93.66, 93.02, 93.89, 94.63, 93.79, 95.17, 94.89, 95.38, 93.82, 93.59], [88.0, 88.0, 88.0, 88.0, 88.0, 88.0, 88.0, 88.0, 88.0, 88.0, 91.87, 92.99, 94.16, 95.24, 95.37, 95.38, 94.8, 94.35, 94.02, 93.8], [88.0, 88.0, 88.0, 88.0, 88.0, 88.0, 88.0, 88.0, 88.0, 90.29, 91.49, 92.84, 94.25, 95.29, 96.76, 95.56, 94.75, 94.22, 93.88, 93.65], [88.0, 88.0, 88.0, 88.0, 88.0, 88.0, 88.0, 88.0, 88.81, 89.75, 91.71, 92.88, 93.63, 94.74, 95.68, 95.09, 94.41, 93.94, 93.64, 93.46], [88.0, 88.0, 91.43, 91.26, 91.04, 90.72, 90.24, 88.99, 89.51, 90.59, 91.76, 92.75, 93.2, 93.91, 94.62, 94.29, 93.86, 93.53, 93.32, 93.21], [91.66, 91.57, 91.46, 90.48, 90.36, 90.18, 89.95, 89.71, 90.81, 91.33, 92.05, 92.74, 92.83, 93.95, 93.81, 93.54, 93.25, 93.05, 92.96, 92.94], [90.8, 90.77, 90.74, 90.7, 90.64, 90.59, 90.53, 90.78, 91.72, 92.02, 92.42, 92.84, 94.43, 93.43, 93.21, 92.92, 92.68, 92.58, 92.6, 92.67], [90.9, 90.9, 90.91, 91.19, 91.2, 91.23, 91.3, 91.44, 91.62, 91.75, 91.76, 91.71, 92.44, 93.05, 92.78, 92.47, 92.21, 92.17, 92.28, 92.44], [91.3, 91.31, 91.33, 91.37, 91.43, 91.54, 91.71, 91.98, 92.33, 92.51, 92.32, 93.01, 92.5, 92.23, 92.01, 92.2, 91.95, 91.79, 92.04, 92.28], [91.38, 91.41, 91.45, 91.52, 91.61, 91.76, 91.99, 92.35, 92.93, 93.39, 92.77, 93.04, 92.83, 92.25, 92.01, 91.8, 91.74, 91.55, 91.95, 92.21], [91.45, 91.49, 91.55, 91.63, 91.74, 91.9, 92.12, 92.46, 92.96, 93.35, 93.26, 92.97, 92.79, 92.29, 92.05, 91.56, 91.49, 91.45, 92.05, 92.23], [91.51, 91.55, 91.62, 91.7, 91.81, 91.96, 92.14, 92.37, 92.59, 92.67, 92.95, 92.81, 92.71, 91.68, 91.63, 91.58, 91.54, 91.52, 91.52, 91.54], [91.55, 91.6, 91.67, 91.75, 91.85, 91.97, 92.1, 92.23, 92.31, 92.69, 92.58, 92.45, 92.39, 92.3, 91.65, 91.61, 91.58, 91.56, 91.55, 91.56], [91.59, 91.64, 91.7, 91.78, 91.86, 91.95, 92.05, 92.13, 92.16, 92.39, 92.13, 92.3, 92.33, 92.28, 91.68, 91.64, 91.61, 91.59, 91.58, 91.58], [91.61, 91.66, 91.72, 91.79, 91.86, 91.93, 92.0, 92.05, 92.42, 92.28, 92.18, 92.26, 92.3, 92.27, 91.7, 91.66, 91.63, 91.61, 91.6, 91.6], [91.63, 91.68, 91.73, 91.79, 91.85, 91.91, 91.96, 92.0, 92.41, 92.33, 92.28, 92.29, 92.29, 92.27, 91.71, 91.67, 91.65, 91.63, 91.62, 91.61], [91.64, 91.68, 91.73, 91.78, 91.83, 91.88, 91.92, 92.45, 92.4, 92.36, 92.33, 92.31, 92.3, 92.28, 91.71, 91.68, 91.66, 91.65, 91.63, 91.63]]}