gis_exercise/awsData/contour/humi_2023091410.json
{"header": {"refTime": "2023-09-14T10:00:00.000Z", "nx": 21, "ny": 33, "lo1": 113.509, "la1": 22.2235, "lo2": 113.5947, "la2": 22.1034, "dx": 0.0042850000000001385, "dy": 0.003753125000000024, "parameterCategory": 0, "parameterCategoryName": "Temperature", "parameterNumber": 0}, "z": [[92.19, 92.26, 92.34, 94.47, 94.45, 92.81, 92.89, 92.95, 92.94, 93.57, 93.41, 93.25, 91.93, 91.82, 92.35, 92.41, 91.96, 92.05, 92.12, 92.16], [92.15, 92.22, 92.3, 92.41, 94.44, 94.41, 92.98, 93.14, 93.23, 93.63, 93.38, 93.13, 91.79, 91.69, 92.24, 91.85, 92.0, 92.11, 92.19, 92.23], [92.09, 92.15, 92.24, 92.35, 94.43, 94.4, 94.35, 93.3, 93.81, 93.69, 93.32, 92.91, 91.56, 91.49, 91.64, 91.87, 92.07, 92.2, 92.28, 92.32], [92.01, 92.07, 92.15, 92.25, 92.4, 94.4, 94.37, 94.31, 94.26, 93.66, 93.21, 92.53, 91.16, 91.84, 91.6, 91.93, 92.19, 92.35, 92.42, 92.43], [91.92, 91.96, 92.02, 92.12, 92.25, 94.4, 94.38, 94.39, 94.46, 93.74, 93.23, 91.76, 90.74, 91.6, 91.63, 92.07, 92.41, 92.59, 92.62, 92.57], [91.82, 91.84, 91.87, 91.94, 92.06, 92.22, 94.35, 94.36, 94.51, 94.84, 93.23, 92.27, 91.42, 90.67, 91.78, 92.29, 92.76, 92.95, 92.86, 92.71], [90.79, 91.69, 91.69, 91.73, 91.81, 91.98, 93.01, 94.14, 94.27, 94.65, 94.95, 93.12, 91.14, 91.02, 91.99, 92.52, 93.23, 93.49, 93.26, 93.01], [90.71, 90.69, 90.68, 90.7, 90.79, 92.39, 92.77, 93.14, 93.39, 94.86, 96.1, 93.54, 93.51, 90.99, 93.26, 93.04, 93.48, 93.63, 93.39, 93.22], [91.29, 91.23, 90.52, 90.46, 90.44, 90.59, 91.08, 92.92, 94.27, 94.49, 95.08, 94.34, 93.98, 94.46, 93.2, 92.96, 93.21, 93.32, 93.26, 93.16], [89.0, 89.0, 89.0, 90.87, 90.61, 89.91, 90.39, 91.08, 95.27, 95.05, 93.96, 94.8, 94.53, 94.66, 93.2, 92.87, 93.04, 93.12, 93.12, 93.09], [89.0, 89.0, 89.0, 89.0, 89.0, 89.0, 89.0, 89.0, 90.42, 94.37, 97.0, 95.09, 94.87, 94.85, 93.22, 92.81, 92.93, 93.0, 93.01, 93.0], [89.0, 89.0, 89.0, 89.0, 89.0, 89.0, 89.0, 89.0, 89.0, -999.0, 97.0, 92.0, 92.0, 95.01, 93.24, 92.74, 92.81, 96.27, 96.22, 96.2], [89.0, 89.0, 89.0, 89.0, 89.0, 89.0, 89.0, 89.0, 89.0, 89.0, -999.0, 92.0, 92.0, 95.92, 94.19, 95.46, 95.43, 95.92, 95.85, 95.81], [89.0, 89.0, 89.0, 89.0, 89.0, 89.0, 89.0, 89.0, 89.0, 89.0, -999.0, 98.0, 98.0, 98.0, 94.7, 95.79, 95.73, 96.23, 96.12, 96.04], [89.0, 89.0, 89.0, 89.0, 89.0, 89.0, 89.0, 94.0, 94.0, 94.0, 94.0, 95.54, 98.0, 98.0, 98.0, 96.17, 96.05, 96.51, 96.37, 96.25], [89.0, 89.0, 92.15, 92.2, 92.3, 94.0, 94.0, 94.0, 94.0, 94.0, 96.52, 96.23, 96.62, 96.95, 96.57, 97.27, 97.16, 97.35, 96.42, 96.3], [92.21, 92.24, 90.76, 90.85, 94.0, 94.0, 94.0, 94.0, 94.0, 94.0, 95.72, 96.22, 96.74, 97.22, 97.3, 97.41, 97.2, 97.03, 96.91, 96.83], [90.78, 90.84, 90.93, 91.06, 94.0, 94.0, 94.0, 94.0, 94.0, 95.02, 95.55, 96.15, 96.78, 97.26, 97.9, 97.48, 97.18, 96.98, 96.86, 96.78], [90.88, 90.96, 91.08, 94.0, 94.0, 94.0, 94.0, 94.0, 94.36, 94.78, 95.52, 96.04, 96.54, 97.03, 97.52, 97.3, 97.05, 96.88, 96.77, 96.71], [90.95, 91.03, 95.14, 95.09, 95.01, 94.91, 94.75, 94.33, 94.6, 95.04, 95.52, 95.96, 96.36, 96.68, 97.13, 97.01, 96.85, 96.73, 96.66, 96.62], [95.22, 95.19, 95.15, 94.83, 94.79, 94.73, 94.65, 94.57, 95.09, 95.31, 95.61, 95.92, 96.21, 96.88, 96.83, 96.73, 96.62, 96.55, 96.52, 96.52], [94.93, 94.92, 94.91, 94.9, 94.88, 94.86, 94.84, 94.69, 95.41, 95.54, 95.72, 95.91, 96.71, 96.69, 96.61, 96.5, 96.41, 96.38, 96.39, 96.42], [94.97, 94.97, 94.97, 94.73, 94.75, 94.77, 94.82, 94.88, 94.95, 94.99, 94.97, 95.41, 96.0, 96.55, 96.45, 96.32, 96.21, 96.22, 96.28, 96.34], [94.71, 94.72, 94.74, 94.76, 94.8, 94.85, 94.93, 95.05, 95.2, 95.27, 95.16, 95.5, 96.0, 96.0, 96.0, 96.23, 96.06, 96.11, 96.21, 96.29], [94.72, 94.74, 94.76, 94.79, 94.83, 94.89, 94.99, 95.16, 95.44, 95.67, 95.32, 95.46, 95.43, 96.0, 96.0, 96.0, 96.11, 96.09, 96.19, 96.27], [94.73, 94.75, 94.77, 94.79, 94.84, 94.9, 94.99, 95.14, 95.4, 95.61, 95.5, 95.36, 95.34, 96.0, 96.0, 95.7, 95.79, 95.81, 96.23, 96.28], [94.73, 94.75, 94.77, 94.79, 94.82, 94.87, 94.93, 95.01, 95.1, 95.1, 95.2, 95.16, 95.2, 95.29, 95.45, 95.59, 95.67, 95.71, 95.7, 95.68], [94.73, 94.74, 94.76, 94.78, 94.8, 94.82, 94.85, 94.85, 94.81, 94.89, 94.78, 94.89, 95.04, 95.17, 95.34, 95.48, 95.57, 95.61, 95.63, 95.62], [94.73, 94.74, 94.75, 94.76, 94.77, 94.77, 94.77, 94.73, 94.62, 94.53, 94.25, 94.65, 94.91, 95.08, 95.25, 95.38, 95.47, 95.53, 95.56, 95.57], [94.72, 94.73, 94.74, 94.74, 94.74, 94.73, 94.71, 94.65, 94.78, 94.53, 94.38, 94.63, 94.86, 95.03, 95.18, 95.3, 95.4, 95.46, 95.49, 95.51], [94.72, 94.72, 94.72, 94.72, 94.72, 94.7, 94.67, 94.62, 94.81, 94.69, 94.65, 94.74, 94.89, 95.02, 95.14, 95.25, 95.34, 95.4, 95.44, 95.47], [94.71, 94.71, 94.71, 94.71, 94.7, 94.68, 94.66, 94.95, 94.88, 94.82, 94.8, 94.85, 94.94, 95.03, 95.12, 95.22, 95.3, 95.35, 95.4, 95.42]]}