gis_exercise/awsData/contour/humi_2023091105.json
{"header": {"refTime": "2023-09-11T05:00:00.000Z", "nx": 21, "ny": 33, "lo1": 113.509, "la1": 22.2235, "lo2": 113.5947, "la2": 22.1034, "dx": 0.0042850000000001385, "dy": 0.003753125000000024, "parameterCategory": 0, "parameterCategoryName": "Temperature", "parameterNumber": 0}, "z": [[94.11, 94.14, 94.19, 95.51, 95.49, 94.07, 94.12, 94.15, 94.13, 94.38, 94.2, 94.02, 93.17, 93.08, 92.77, 92.77, 92.52, 92.56, 92.59, 92.61], [94.08, 94.12, 94.17, 94.23, 95.49, 95.45, 94.2, 94.32, 94.37, 94.46, 94.18, 93.91, 93.03, 92.94, 92.67, 92.45, 92.52, 92.57, 92.61, 92.63], [94.04, 94.08, 94.13, 94.2, 95.49, 95.45, 95.39, 94.46, 94.85, 94.55, 94.11, 93.69, 92.78, 92.73, 92.34, 92.45, 92.54, 92.6, 92.63, 92.65], [94.0, 94.03, 94.08, 94.15, 94.23, 95.47, 95.42, 95.34, 95.27, 94.47, 93.97, 93.32, 92.35, 92.87, 92.3, 92.47, 92.57, 92.64, 92.67, 92.69], [93.95, 93.97, 94.01, 94.07, 94.16, 95.5, 95.48, 95.46, 95.49, 94.44, 93.94, 92.76, 91.75, 92.65, 92.32, 92.52, 92.64, 92.7, 92.72, 92.72], [93.88, 93.9, 93.93, 93.97, 94.05, 94.17, 95.51, 95.53, 95.61, 95.78, 94.12, 93.28, 92.48, 92.0, 92.45, 92.63, 92.75, 92.8, 92.78, 92.76], [93.34, 93.81, 93.81, 93.84, 93.91, 94.04, 94.75, 95.48, 95.56, 95.73, 95.85, 94.19, 92.71, 92.53, 92.65, 92.74, 92.86, 92.91, 92.63, 92.5], [93.28, 93.27, 93.26, 93.28, 93.35, 94.32, 94.6, 94.92, 95.17, 95.85, 96.49, 94.92, 94.9, 92.49, 93.37, 93.48, 93.26, 93.18, 93.31, 93.39], [93.72, 93.67, 93.14, 93.1, 93.08, 93.19, 93.56, 94.72, 95.64, 95.64, 95.85, 95.41, 95.19, 95.48, 93.4, 93.52, 93.39, 93.34, 93.37, 93.42], [92.0, 92.0, 92.0, 93.4, 93.21, 92.68, 93.05, 93.56, 96.14, 96.03, 95.18, 95.68, 95.52, 95.6, 93.4, 93.56, 93.48, 93.44, 93.44, 93.46], [92.0, 92.0, 92.0, 92.0, 92.0, 92.0, 92.0, 92.0, 93.06, 95.68, 97.0, 95.86, 95.72, 95.71, 93.39, 93.6, 93.54, 93.5, 93.49, 93.5], [92.0, 92.0, 92.0, 92.0, 92.0, 92.0, 92.0, 92.0, 92.0, -999.0, 97.0, 94.0, 94.0, 95.81, 93.38, 93.63, 93.59, 95.84, 95.77, 95.76], [92.0, 92.0, 92.0, 92.0, 92.0, 92.0, 92.0, 92.0, 92.0, 92.0, -999.0, 94.0, 94.0, 96.61, 95.46, 94.82, 94.78, 95.4, 95.31, 95.26], [92.0, 92.0, 92.0, 92.0, 92.0, 92.0, 92.0, 92.0, 92.0, 92.0, -999.0, 98.0, 98.0, 98.0, 95.8, 95.24, 95.16, 95.78, 95.65, 95.55], [92.0, 92.0, 92.0, 92.0, 92.0, 92.0, 92.0, 93.0, 93.0, 93.0, 93.0, 94.92, 98.0, 98.0, 98.0, 95.71, 95.56, 96.14, 95.96, 95.81], [92.0, 92.0, 92.63, 92.64, 92.66, 93.0, 93.0, 93.0, 93.0, 93.0, 96.15, 95.79, 96.27, 96.68, 96.22, 96.53, 96.31, 96.7, 95.61, 95.44], [92.64, 92.65, 92.35, 92.37, 93.0, 93.0, 93.0, 93.0, 93.0, 93.0, 95.15, 95.77, 96.42, 97.02, 96.96, 97.1, 96.78, 96.53, 96.35, 96.23], [92.36, 92.37, 92.39, 92.41, 93.0, 93.0, 93.0, 93.0, 93.0, 94.27, 94.94, 95.69, 96.47, 96.92, 97.85, 97.2, 96.74, 96.45, 96.27, 96.15], [92.38, 92.39, 92.42, 93.0, 93.0, 93.0, 93.0, 93.0, 93.45, 93.97, 95.18, 95.84, 95.91, 96.56, 97.26, 96.93, 96.55, 96.29, 96.13, 96.04], [92.39, 92.41, 95.29, 95.17, 95.03, 94.81, 94.49, 93.66, 93.91, 94.56, 95.23, 95.79, 95.62, 96.0, 96.66, 96.47, 96.23, 96.05, 95.95, 95.9], [95.44, 95.38, 95.31, 94.65, 94.57, 94.45, 94.3, 94.14, 94.72, 95.02, 95.44, 95.83, 95.35, 96.28, 96.19, 96.03, 95.86, 95.77, 95.75, 95.76], [94.86, 94.85, 94.82, 94.8, 94.76, 94.72, 94.69, 94.73, 95.31, 95.48, 95.71, 95.93, 96.4, 95.99, 95.84, 95.64, 95.49, 95.48, 95.55, 95.62], [94.94, 94.94, 94.94, 94.96, 94.97, 95.0, 95.06, 95.16, 95.29, 95.37, 95.36, 95.03, 95.7, 95.77, 95.59, 95.33, 95.08, 95.2, 95.4, 95.53], [95.0, 95.02, 95.04, 95.07, 95.11, 95.19, 95.32, 95.52, 95.76, 95.89, 95.74, 95.76, 95.76, 95.52, 95.3, 95.19, 94.54, 95.19, 95.38, 95.49], [95.05, 95.07, 95.1, 95.15, 95.22, 95.33, 95.49, 95.75, 96.18, 96.53, 96.05, 95.82, 95.53, 95.57, 95.36, 95.21, 95.32, 95.54, 95.45, 95.5], [95.09, 95.12, 95.16, 95.21, 95.29, 95.4, 95.56, 95.8, 96.18, 96.48, 96.14, 95.78, 95.52, 95.62, 95.44, 95.04, 95.13, 95.19, 95.48, 95.52], [95.12, 95.15, 95.19, 95.25, 95.32, 95.41, 95.54, 95.69, 95.85, 95.88, 95.82, 95.63, 95.47, 95.0, 95.02, 95.05, 95.09, 95.11, 95.11, 95.08], [95.14, 95.17, 95.21, 95.26, 95.32, 95.4, 95.47, 95.54, 95.56, 95.59, 95.47, 95.74, 95.82, 95.88, 95.02, 95.04, 95.06, 95.08, 95.08, 95.07], [95.16, 95.19, 95.22, 95.27, 95.31, 95.36, 95.41, 95.43, 95.39, 95.31, 95.21, 95.53, 95.72, 95.82, 95.02, 95.04, 95.05, 95.06, 95.06, 95.06], [95.17, 95.2, 95.23, 95.26, 95.3, 95.33, 95.35, 95.35, 95.66, 95.44, 95.31, 95.51, 95.67, 95.78, 95.02, 95.03, 95.04, 95.04, 95.05, 95.05], [95.17, 95.2, 95.23, 95.25, 95.28, 95.3, 95.32, 95.31, 95.68, 95.57, 95.53, 95.59, 95.69, 95.77, 95.02, 95.03, 95.03, 95.04, 95.04, 95.04], [95.18, 95.2, 95.22, 95.24, 95.27, 95.28, 95.29, 95.78, 95.72, 95.66, 95.64, 95.67, 95.72, 95.78, 95.02, 95.02, 95.03, 95.03, 95.03, 95.03]]}