gis_exercise/awsData/contour/humi_2023090122.json
{"header": {"refTime": "2023-09-01T22:00:00.000Z", "nx": 21, "ny": 33, "lo1": 113.509, "la1": 22.2235, "lo2": 113.5947, "la2": 22.1034, "dx": 0.0042850000000001385, "dy": 0.003753125000000024, "parameterCategory": 0, "parameterCategoryName": "Temperature", "parameterNumber": 0}, "z": [[83.27, 83.35, 83.46, 85.62, 85.65, 83.6, 83.76, 83.91, 83.91, 84.62, 84.28, 83.95, 82.74, 82.57, 81.96, 81.93, 81.41, 81.47, 81.52, 81.55], [83.21, 83.29, 83.4, 83.55, 85.62, 85.66, 83.94, 84.29, 84.48, 84.82, 84.27, 83.75, 82.49, 82.33, 81.78, 81.31, 81.41, 81.48, 81.54, 81.57], [83.13, 83.21, 83.31, 83.46, 85.59, 85.63, 85.7, 84.59, 85.63, 84.99, 84.14, 83.39, 82.06, 81.97, 81.13, 81.3, 81.43, 81.52, 81.57, 81.6], [83.04, 83.1, 83.19, 83.32, 83.5, 85.56, 85.62, 85.73, 85.83, 84.78, 83.86, 82.75, 81.32, 81.92, 81.08, 81.32, 81.48, 81.57, 81.62, 81.64], [82.93, 82.97, 83.03, 83.13, 83.28, 85.45, 85.47, 85.54, 85.64, 84.59, 83.71, 81.73, 80.17, 81.58, 81.11, 81.41, 81.58, 81.66, 81.69, 81.69], [82.8, 82.82, 82.85, 82.91, 83.01, 83.15, 85.26, 85.24, 85.39, 85.77, 83.81, 82.55, 81.31, 80.67, 81.32, 81.56, 81.71, 81.77, 81.76, 81.74], [81.34, 82.65, 82.64, 82.65, 82.71, 82.82, 83.52, 84.75, 84.86, 85.5, 86.01, 83.99, 81.85, 81.55, 81.64, 81.73, 81.86, 81.91, 81.45, 81.26], [81.28, 81.27, 81.26, 81.28, 81.35, 83.0, 83.28, 83.47, 83.62, 85.7, 87.13, 85.23, 85.21, 81.49, 82.74, 82.96, 82.52, 82.37, 82.61, 82.78], [81.72, 81.67, 81.14, 81.1, 81.08, 81.19, 81.56, 83.38, 84.59, 85.34, 86.46, 85.87, 85.59, 85.97, 82.8, 83.04, 82.79, 82.68, 82.74, 82.84], [80.0, 80.0, 80.0, 81.4, 81.21, 80.68, 81.05, 81.56, 85.84, 85.56, 85.57, 86.24, 86.02, 86.13, 82.8, 83.13, 82.96, 82.88, 82.88, 82.91], [80.0, 80.0, 80.0, 80.0, 80.0, 80.0, 80.0, 80.0, 81.06, 84.71, 88.0, 86.48, 86.3, 86.28, 82.78, 83.19, 83.07, 83.0, 82.99, 83.0], [80.0, 80.0, 80.0, 80.0, 80.0, 80.0, 80.0, 80.0, 80.0, -999.0, 88.0, 84.0, 84.0, 86.41, 82.76, 83.26, 83.19, 87.68, 87.55, 87.51], [80.0, 80.0, 80.0, 80.0, 80.0, 80.0, 80.0, 80.0, 80.0, 80.0, -999.0, 84.0, 84.0, 89.22, 86.93, 85.64, 85.57, 86.8, 86.62, 86.51], [80.0, 80.0, 80.0, 80.0, 80.0, 80.0, 80.0, 80.0, 80.0, 80.0, -999.0, 92.0, 92.0, 92.0, 87.6, 86.47, 86.31, 87.57, 87.3, 87.09], [80.0, 80.0, 80.0, 80.0, 80.0, 80.0, 80.0, 84.0, 84.0, 84.0, 84.0, 87.07, 92.0, 92.0, 92.0, 87.42, 87.12, 88.28, 87.92, 87.62], [80.0, 80.0, 82.52, 82.56, 82.64, 84.0, 84.0, 84.0, 84.0, 84.0, 89.03, 88.46, 89.24, 89.89, 89.15, 91.27, 91.16, 91.35, 88.87, 88.63], [82.57, 82.59, 81.41, 81.48, 84.0, 84.0, 84.0, 84.0, 84.0, 84.0, 87.44, 88.43, 89.48, 90.44, 90.82, 91.83, 91.77, 91.73, 91.7, 91.68], [81.43, 81.48, 81.55, 81.65, 84.0, 84.0, 84.0, 84.0, 84.0, 86.03, 87.11, 88.31, 89.56, 90.74, 91.83, 91.85, 91.76, 91.71, 91.68, 91.67], [81.51, 81.57, 81.66, 84.0, 84.0, 84.0, 84.0, 84.0, 84.72, 85.56, 86.3, 87.3, 89.45, 90.36, 91.86, 91.79, 91.72, 91.67, 91.65, 91.64], [81.56, 81.63, 84.0, 84.0, 84.0, 84.0, 84.0, 84.0, 84.75, 85.38, 86.16, 87.0, 89.17, 89.81, 91.73, 91.69, 91.64, 91.62, 91.61, 91.62], [84.0, 84.0, 84.0, 84.0, 84.0, 84.0, 84.0, 84.0, 85.24, 85.57, 86.08, 86.69, 88.96, 91.66, 91.63, 91.58, 91.55, 91.55, 91.57, 91.6], [84.0, 84.0, 84.0, 84.0, 84.0, 84.0, 84.0, 83.3, 85.39, 85.59, 85.93, 86.38, 88.75, 91.59, 91.54, 91.47, 91.42, 91.46, 91.53, 91.59], [84.0, 84.0, 84.0, 82.99, 83.04, 83.09, 83.15, 83.21, 83.24, 83.23, 83.16, 85.58, 88.67, 91.55, 91.48, 91.35, 91.19, 91.36, 91.54, 91.6], [82.84, 82.86, 82.89, 82.92, 82.96, 83.0, 83.07, 83.16, 83.27, 83.3, 83.17, 84.48, 88.51, 89.31, 89.98, 91.33, 90.69, 91.56, 91.66, 91.65], [82.79, 82.81, 82.82, 82.84, 82.87, 82.91, 82.98, 83.11, 83.38, 83.63, 83.2, 84.21, 84.68, 89.24, 89.97, 90.59, 91.76, 92.13, 91.78, 91.7], [82.74, 82.75, 82.75, 82.76, 82.77, 82.79, 82.84, 82.96, 83.23, 83.48, 83.72, 83.87, 84.31, 89.14, 89.85, 89.81, 90.49, 90.72, 91.77, 91.71], [82.69, 82.69, 82.68, 82.67, 82.66, 82.65, 82.65, 82.67, 82.7, 82.63, 83.17, 83.37, 83.85, 87.4, 88.39, 89.2, 89.76, 90.0, 89.96, 89.8], [82.64, 82.63, 82.61, 82.58, 82.55, 82.5, 82.43, 82.33, 82.13, 82.39, 82.2, 83.1, 84.01, 84.98, 87.76, 88.56, 89.1, 89.39, 89.48, 89.44], [82.6, 82.57, 82.54, 82.5, 82.45, 82.37, 82.25, 82.05, 81.7, 81.52, 80.85, 82.35, 83.56, 84.56, 87.2, 87.99, 88.54, 88.87, 89.04, 89.09], [82.56, 82.53, 82.49, 82.43, 82.36, 82.27, 82.12, 81.9, 82.62, 81.82, 81.34, 82.35, 83.42, 84.33, 86.8, 87.55, 88.08, 88.44, 88.66, 88.77], [82.52, 82.48, 82.44, 82.38, 82.31, 82.2, 82.06, 81.87, 82.86, 82.47, 82.38, 82.84, 83.55, 84.27, 86.57, 87.24, 87.74, 88.09, 88.33, 88.48], [82.49, 82.45, 82.4, 82.35, 82.27, 82.17, 82.05, 83.41, 83.18, 83.01, 83.03, 83.32, 83.79, 84.32, 86.47, 87.04, 87.49, 87.83, 88.07, 88.24]]}