gis_exercise/awsData/contour/humi_2023091122.json
{"header": {"refTime": "2023-09-11T22:00:00.000Z", "nx": 21, "ny": 33, "lo1": 113.509, "la1": 22.2235, "lo2": 113.5947, "la2": 22.1034, "dx": 0.0042850000000001385, "dy": 0.003753125000000024, "parameterCategory": 0, "parameterCategoryName": "Temperature", "parameterNumber": 0}, "z": [[93.7, 93.71, 93.73, 95.28, 95.23, 93.07, 93.12, 93.15, 93.13, 93.96, 93.84, 93.7, 91.93, 91.82, 91.49, 91.44, 90.89, 90.91, 90.93, 90.94], [93.69, 93.71, 93.72, 93.74, 95.22, 95.12, 93.2, 93.32, 93.37, 93.96, 93.79, 93.57, 91.79, 91.69, 91.38, 90.86, 90.89, 90.91, 90.93, 90.94], [93.68, 93.69, 93.71, 93.73, 95.23, 95.13, 94.97, 93.46, 93.85, 93.98, 93.73, 93.35, 91.56, 91.49, 90.8, 90.85, 90.89, 90.92, 90.94, 90.95], [93.67, 93.68, 93.69, 93.72, 93.74, 95.18, 95.06, 94.86, 94.67, 94.05, 93.67, 92.95, 91.16, 92.23, 90.78, 90.86, 90.91, 90.93, 90.95, 90.96], [93.65, 93.66, 93.67, 93.69, 93.72, 95.25, 95.2, 95.16, 95.23, 94.32, 93.8, 92.15, 90.89, 91.94, 90.79, 90.88, 90.93, 90.95, 90.96, 90.97], [93.63, 93.63, 93.64, 93.66, 93.68, 93.72, 95.29, 95.32, 95.52, 95.96, 94.0, 92.77, 91.72, 90.67, 90.87, 90.93, 90.97, 90.98, 90.98, 90.98], [93.45, 93.6, 93.6, 93.61, 93.64, 93.68, 95.02, 95.19, 95.39, 95.91, 96.24, 93.78, 91.14, 91.02, 90.99, 90.99, 90.99, 91.0, 90.82, 90.75], [93.43, 93.42, 93.42, 93.43, 93.45, 94.75, 94.85, 94.76, 94.45, 96.21, 97.78, 94.15, 94.11, 90.99, 91.37, 91.48, 91.26, 91.18, 91.31, 91.39], [93.57, 93.56, 93.38, 93.37, 93.36, 93.4, 93.52, 94.86, 95.59, 95.7, 96.31, 95.28, 94.78, 95.44, 91.4, 91.52, 91.39, 91.34, 91.37, 91.42], [93.0, 93.0, 93.0, 93.47, 93.4, 93.23, 93.35, 93.52, 96.84, 96.56, 94.74, 95.92, 95.54, 95.72, 91.4, 91.56, 91.48, 91.44, 91.44, 91.46], [93.0, 93.0, 93.0, 93.0, 93.0, 93.0, 93.0, 93.0, 93.35, 95.71, 99.0, 96.33, 96.02, 96.0, 91.39, 91.6, 91.54, 91.5, 91.49, 91.5], [93.0, 93.0, 93.0, 93.0, 93.0, 93.0, 93.0, 93.0, 93.0, -999.0, 99.0, 92.0, 92.0, 96.21, 91.38, 91.63, 91.59, 94.98, 94.88, 94.86], [93.0, 93.0, 93.0, 93.0, 93.0, 93.0, 93.0, 93.0, 93.0, 93.0, -999.0, 92.0, 92.0, 95.92, 94.19, 93.55, 93.5, 94.36, 94.24, 94.16], [93.0, 93.0, 93.0, 93.0, 93.0, 93.0, 93.0, 93.0, 93.0, 93.0, -999.0, 98.0, 98.0, 98.0, 94.7, 94.13, 94.02, 94.9, 94.71, 94.57], [93.0, 93.0, 93.0, 93.0, 93.0, 93.0, 93.0, 93.0, 93.0, 93.0, 93.0, 94.92, 98.0, 98.0, 98.0, 94.8, 94.59, 95.39, 95.14, 94.93], [93.0, 93.0, 93.0, 93.0, 93.0, 93.0, 93.0, 93.0, 93.0, 93.0, 96.15, 95.79, 96.27, 96.68, 96.22, 96.53, 96.31, 96.7, 95.1, 94.88], [93.0, 93.0, 93.0, 93.0, 93.0, 93.0, 93.0, 93.0, 93.0, 93.0, 95.15, 95.77, 96.42, 97.02, 96.96, 97.1, 96.78, 96.53, 96.35, 96.23], [93.0, 93.0, 93.0, 93.0, 93.0, 93.0, 93.0, 93.0, 93.0, 94.27, 94.94, 95.69, 96.47, 96.92, 97.85, 97.2, 96.74, 96.45, 96.27, 96.15], [93.0, 93.0, 93.0, 93.0, 93.0, 93.0, 93.0, 93.0, 93.45, 93.97, 95.18, 95.84, 95.91, 96.56, 97.26, 96.93, 96.55, 96.29, 96.13, 96.04], [93.0, 93.0, 95.29, 95.17, 95.03, 94.81, 94.49, 93.66, 93.91, 94.56, 95.23, 95.79, 95.62, 96.0, 96.66, 96.47, 96.23, 96.05, 95.95, 95.9], [95.44, 95.38, 95.31, 94.65, 94.57, 94.45, 94.3, 94.14, 94.72, 95.02, 95.44, 95.83, 95.35, 96.28, 96.19, 96.03, 95.86, 95.77, 95.75, 95.76], [94.86, 94.85, 94.82, 94.8, 94.76, 94.72, 94.69, 94.39, 95.31, 95.48, 95.71, 95.93, 96.4, 95.99, 95.84, 95.64, 95.49, 95.48, 95.55, 95.62], [94.94, 94.94, 94.94, 94.46, 94.49, 94.55, 94.64, 94.76, 94.91, 94.99, 94.94, 95.03, 95.7, 95.77, 95.59, 95.33, 95.08, 95.2, 95.4, 95.53], [94.43, 94.45, 94.48, 94.52, 94.59, 94.69, 94.85, 95.09, 95.4, 95.54, 95.33, 95.26, 95.76, 95.52, 95.3, 95.19, 94.54, 95.19, 95.38, 95.49], [94.45, 94.48, 94.51, 94.57, 94.65, 94.78, 94.98, 95.31, 95.87, 96.35, 95.65, 95.29, 94.96, 95.57, 95.36, 95.21, 95.32, 95.54, 95.45, 95.5], [94.46, 94.49, 94.53, 94.59, 94.67, 94.79, 94.98, 95.28, 95.8, 96.22, 95.64, 95.14, 94.86, 95.62, 95.44, 94.74, 94.92, 95.01, 95.48, 95.52], [94.47, 94.49, 94.53, 94.58, 94.65, 94.74, 94.86, 95.02, 95.2, 95.2, 95.02, 94.79, 94.67, 94.29, 94.47, 94.64, 94.76, 94.82, 94.81, 94.77], [94.46, 94.49, 94.52, 94.56, 94.6, 94.65, 94.69, 94.71, 94.63, 94.48, 94.26, 94.63, 94.86, 95.05, 94.37, 94.52, 94.63, 94.69, 94.71, 94.69], [94.46, 94.48, 94.5, 94.52, 94.54, 94.55, 94.53, 94.45, 94.24, 93.85, 93.46, 94.18, 94.62, 94.9, 94.27, 94.42, 94.52, 94.59, 94.62, 94.62], [94.45, 94.46, 94.47, 94.48, 94.48, 94.47, 94.42, 94.3, 94.44, 93.97, 93.69, 94.13, 94.54, 94.81, 94.2, 94.33, 94.43, 94.5, 94.54, 94.56], [94.43, 94.44, 94.45, 94.44, 94.43, 94.41, 94.35, 94.25, 94.49, 94.26, 94.17, 94.33, 94.58, 94.79, 94.16, 94.28, 94.37, 94.43, 94.48, 94.5], [94.42, 94.42, 94.42, 94.42, 94.4, 94.37, 94.32, 94.74, 94.6, 94.48, 94.45, 94.52, 94.66, 94.81, 94.14, 94.24, 94.32, 94.38, 94.43, 94.46]]}