gis_exercise/awsData/contour/humi_2023091213.json
{"header": {"refTime": "2023-09-12T13:00:00.000Z", "nx": 21, "ny": 33, "lo1": 113.509, "la1": 22.2235, "lo2": 113.5947, "la2": 22.1034, "dx": 0.0042850000000001385, "dy": 0.003753125000000024, "parameterCategory": 0, "parameterCategoryName": "Temperature", "parameterNumber": 0}, "z": [[78.96, 78.96, 78.96, 79.96, 79.86, 78.57, 78.48, 78.39, 78.31, 78.07, 78.02, 77.96, 76.73, 76.66, 78.89, 79.14, 78.84, 79.03, 79.18, 79.27], [78.96, 78.97, 78.97, 78.96, 79.88, 79.72, 78.5, 78.35, 78.24, 78.06, 77.99, 77.9, 76.66, 76.59, 78.84, 78.65, 78.95, 79.19, 79.35, 79.44], [78.96, 78.97, 78.98, 78.99, 79.94, 79.78, 79.5, 78.34, 78.07, 78.06, 77.96, 77.78, 76.55, 76.5, 78.26, 78.72, 79.13, 79.42, 79.59, 79.65], [78.95, 78.97, 78.99, 79.02, 79.04, 79.93, 79.71, 79.33, 78.99, 78.12, 77.95, 77.58, 76.38, 76.99, 78.21, 78.87, 79.43, 79.79, 79.93, 79.93], [78.94, 78.96, 79.0, 79.04, 79.1, 80.15, 80.06, 79.94, 79.87, 78.31, 78.05, 76.98, 76.39, 76.84, 78.24, 79.16, 79.93, 80.36, 80.4, 80.26], [78.92, 78.94, 78.98, 79.04, 79.15, 79.3, 80.45, 80.51, 80.53, 80.53, 77.92, 77.26, 76.73, 76.0, 78.43, 79.62, 80.78, 81.26, 81.0, 80.61], [79.24, 78.9, 78.93, 78.99, 79.12, 79.36, 80.49, 81.02, 81.1, 80.36, 79.92, 77.65, 76.0, 76.0, 78.66, 80.09, 81.95, 82.64, 82.53, 82.02], [79.14, 79.11, 79.1, 79.13, 79.24, 79.88, 80.36, 81.09, 81.54, 80.51, 80.49, 77.54, 77.51, 76.0, 81.02, 80.16, 81.9, 82.53, 81.54, 80.87], [79.86, 79.79, 78.91, 78.83, 78.8, 78.99, 79.6, 80.59, 81.68, 80.29, 79.08, 78.34, 77.98, 78.46, 80.81, 79.83, 80.85, 81.28, 81.03, 80.65], [77.0, 77.0, 77.0, 79.34, 79.01, 78.13, 78.74, 79.6, 81.43, 81.49, 77.96, 78.8, 78.53, 78.66, 80.81, 79.5, 80.14, 80.49, 80.5, 80.34], [77.0, 77.0, 77.0, 77.0, 77.0, 77.0, 77.0, 77.0, 78.77, 81.66, 81.0, 79.09, 78.87, 78.85, 80.89, 79.24, 79.71, 79.98, 80.05, 79.99], [77.0, 77.0, 77.0, 77.0, 77.0, 77.0, 77.0, 77.0, 77.0, -999.0, 81.0, 76.0, 76.0, 79.01, 80.98, 78.96, 79.25, 85.71, 85.66, 85.65], [77.0, 77.0, 77.0, 77.0, 77.0, 77.0, 77.0, 77.0, 77.0, 77.0, -999.0, 76.0, 76.0, 83.18, 80.02, 85.09, 85.07, 85.44, 85.39, 85.35], [77.0, 77.0, 77.0, 77.0, 77.0, 77.0, 77.0, 77.0, 77.0, 77.0, -999.0, 87.0, 87.0, 87.0, 80.95, 85.34, 85.29, 85.67, 85.59, 85.53], [77.0, 77.0, 77.0, 77.0, 77.0, 77.0, 77.0, 78.0, 78.0, 78.0, 78.0, 81.46, 87.0, 87.0, 87.0, 85.63, 85.54, 85.88, 85.78, 85.69], [77.0, 77.0, 77.63, 77.64, 77.66, 78.0, 78.0, 78.0, 78.0, 78.0, 83.66, 83.02, 83.89, 84.63, 83.79, 86.27, 86.16, 86.35, 85.68, 85.58], [77.64, 77.65, 77.35, 77.37, 78.0, 78.0, 78.0, 78.0, 78.0, 78.0, 81.87, 82.99, 84.16, 85.24, 85.7, 85.56, 85.05, 84.64, 84.35, 84.13], [77.36, 77.37, 77.39, 77.41, 78.0, 78.0, 78.0, 78.0, 78.0, 80.29, 81.49, 82.84, 84.25, 85.61, 86.82, 85.73, 85.01, 84.54, 84.22, 84.01], [77.38, 77.39, 77.42, 78.0, 78.0, 78.0, 78.0, 78.0, 78.81, 79.75, 81.34, 82.49, 84.17, 85.2, 85.84, 85.32, 84.72, 84.3, 84.02, 83.83], [77.39, 77.41, 80.29, 80.17, 80.03, 79.81, 79.49, 78.66, 79.29, 80.24, 81.32, 82.29, 83.87, 84.59, 84.92, 84.64, 84.26, 83.95, 83.74, 83.61], [80.44, 80.38, 80.31, 79.65, 79.57, 79.45, 79.3, 79.14, 80.34, 80.81, 81.48, 82.17, 83.65, 84.34, 84.24, 84.02, 83.78, 83.57, 83.43, 83.36], [79.86, 79.85, 79.82, 79.8, 79.76, 79.72, 79.69, 78.86, 81.0, 81.28, 81.67, 82.12, 84.73, 83.89, 83.74, 83.56, 83.39, 83.22, 83.11, 83.1], [79.94, 79.94, 79.94, 78.7, 78.77, 78.87, 79.0, 79.17, 79.34, 79.41, 79.31, 81.61, 82.11, 83.56, 83.39, 83.27, 83.27, 82.93, 82.76, 82.83], [78.56, 78.6, 78.65, 78.71, 78.81, 78.95, 79.16, 79.46, 79.85, 80.02, 79.7, 80.99, 82.09, 82.14, 82.23, 83.01, 83.8, 82.2, 82.31, 82.58], [78.54, 78.58, 78.63, 78.7, 78.8, 78.96, 79.21, 79.65, 80.41, 81.06, 80.05, 80.77, 80.92, 82.08, 82.1, 82.08, 81.83, 81.01, 82.01, 82.43], [78.52, 78.55, 78.6, 78.66, 78.75, 78.88, 79.11, 79.5, 80.23, 80.83, 80.61, 80.33, 80.5, 82.02, 81.99, 80.82, 80.86, 80.76, 82.13, 82.42], [78.49, 78.51, 78.54, 78.58, 78.64, 78.73, 78.85, 79.02, 79.23, 79.18, 79.59, 79.58, 79.92, 79.49, 80.04, 80.41, 80.59, 80.64, 80.65, 80.64], [78.45, 78.46, 78.48, 78.49, 78.51, 78.52, 78.52, 78.45, 78.22, 78.43, 78.06, 77.66, 77.99, 78.23, 79.63, 80.04, 80.29, 80.41, 80.46, 80.48], [78.41, 78.41, 78.4, 78.4, 78.37, 78.32, 78.22, 77.99, 77.51, 77.1, 75.76, 76.91, 77.6, 77.99, 79.3, 79.73, 80.01, 80.17, 80.27, 80.31], [78.36, 78.35, 78.34, 78.31, 78.25, 78.16, 78.01, 77.73, 77.37, 76.6, 76.12, 76.83, 77.45, 77.85, 79.06, 79.48, 79.77, 79.96, 80.08, 80.15], [78.32, 78.3, 78.28, 78.23, 78.16, 78.06, 77.89, 77.65, 77.44, 77.05, 76.9, 77.14, 77.51, 77.82, 78.93, 79.3, 79.59, 79.78, 79.92, 80.01], [78.29, 78.26, 78.23, 78.18, 78.1, 78.0, 77.85, 77.83, 77.6, 77.4, 77.33, 77.44, 77.64, 77.86, 78.87, 79.2, 79.45, 79.65, 79.79, 79.89]]}