gis_exercise/awsData/contour/humi_2023091407.json
{"header": {"refTime": "2023-09-14T07:00:00.000Z", "nx": 21, "ny": 33, "lo1": 113.509, "la1": 22.2235, "lo2": 113.5947, "la2": 22.1034, "dx": 0.0042850000000001385, "dy": 0.003753125000000024, "parameterCategory": 0, "parameterCategoryName": "Temperature", "parameterNumber": 0}, "z": [[94.77, 94.81, 94.85, 95.92, 95.93, 94.09, 94.22, 94.33, 94.32, 94.87, 94.59, 94.3, 92.66, 92.48, 92.09, 92.0, 90.89, 90.91, 90.93, 90.94], [94.75, 94.78, 94.82, 94.88, 95.91, 95.93, 94.36, 94.63, 94.77, 95.03, 94.57, 94.14, 92.46, 92.28, 91.93, 90.86, 90.89, 90.91, 90.93, 90.94], [94.72, 94.75, 94.79, 94.84, 95.89, 95.9, 95.93, 94.88, 95.7, 95.18, 94.47, 93.82, 92.11, 91.99, 90.8, 90.85, 90.89, 90.92, 90.94, 90.95], [94.69, 94.71, 94.74, 94.78, 94.84, 95.86, 95.89, 95.93, 95.98, 95.01, 94.23, 93.27, 91.54, 92.04, 90.78, 90.86, 90.91, 90.93, 90.95, 90.96], [94.65, 94.66, 94.68, 94.71, 94.75, 95.8, 95.81, 95.85, 95.93, 94.87, 94.12, 91.95, 90.81, 91.77, 90.79, 90.88, 90.93, 90.95, 90.96, 90.97], [94.61, 94.61, 94.62, 94.62, 94.64, 94.66, 95.68, 95.67, 95.8, 96.11, 93.61, 92.52, 91.57, 90.67, 90.87, 90.93, 90.97, 90.98, 90.98, 90.98], [94.0, 94.56, 94.55, 94.54, 94.53, 94.52, 95.01, 95.32, 95.42, 95.45, 95.69, 93.45, 91.14, 91.02, 90.99, 90.99, 90.99, 91.0, 90.82, 90.75], [94.0, 94.0, 94.0, 94.0, 94.0, 94.91, 94.9, 94.72, 94.34, 95.7, 96.98, 93.84, 93.81, 90.99, 91.37, 91.48, 91.26, 91.18, 91.31, 91.39], [94.0, 94.0, 94.0, 94.0, 94.0, 94.0, 94.0, 94.88, 95.27, 95.28, 95.69, 94.81, 94.38, 94.95, 91.4, 91.52, 91.39, 91.34, 91.37, 91.42], [94.0, 94.0, 94.0, 94.0, 94.0, 94.0, 94.0, 94.0, 96.27, 96.05, 94.35, 95.36, 95.04, 95.19, 91.4, 91.56, 91.48, 91.44, 91.44, 91.46], [94.0, 94.0, 94.0, 94.0, 94.0, 94.0, 94.0, 94.0, 94.0, 95.37, 98.0, 95.71, 95.44, 95.43, 91.39, 91.6, 91.54, 91.5, 91.49, 91.5], [94.0, 94.0, 94.0, 94.0, 94.0, 94.0, 94.0, 94.0, 94.0, -999.0, 98.0, 92.0, 92.0, 95.61, 91.38, 91.63, 91.59, 94.98, 94.88, 94.86], [94.0, 94.0, 94.0, 94.0, 94.0, 94.0, 94.0, 94.0, 94.0, 94.0, -999.0, 92.0, 92.0, 95.92, 94.19, 93.55, 93.5, 94.36, 94.24, 94.16], [94.0, 94.0, 94.0, 94.0, 94.0, 94.0, 94.0, 94.0, 94.0, 94.0, -999.0, 98.0, 98.0, 98.0, 94.7, 94.13, 94.02, 94.9, 94.71, 94.57], [94.0, 94.0, 94.0, 94.0, 94.0, 94.0, 94.0, 96.0, 96.0, 96.0, 96.0, 96.77, 98.0, 98.0, 98.0, 94.8, 94.59, 95.39, 95.14, 94.93], [94.0, 94.0, 95.26, 95.28, 95.32, 96.0, 96.0, 96.0, 96.0, 96.0, 97.26, 97.12, 97.31, 97.47, 97.29, 96.9, 96.73, 97.03, 95.37, 95.18], [95.28, 95.3, 94.71, 94.74, 96.0, 96.0, 96.0, 96.0, 96.0, 96.0, 96.86, 97.11, 97.37, 97.61, 97.43, 97.39, 97.18, 97.01, 96.89, 96.81], [94.71, 94.74, 94.77, 94.83, 96.0, 96.0, 96.0, 96.0, 96.0, 96.51, 96.78, 97.08, 97.39, 97.42, 97.91, 97.46, 97.15, 96.96, 96.84, 96.76], [94.75, 94.79, 94.83, 96.0, 96.0, 96.0, 96.0, 96.0, 96.18, 96.39, 96.76, 97.02, 96.91, 97.21, 97.5, 97.28, 97.02, 96.85, 96.74, 96.69], [94.78, 94.81, 96.57, 96.54, 96.51, 96.45, 96.37, 96.16, 96.3, 96.52, 96.76, 96.98, 96.73, 96.88, 97.09, 96.96, 96.8, 96.68, 96.62, 96.59], [96.61, 96.6, 96.58, 96.41, 96.39, 96.36, 96.33, 96.29, 96.55, 96.65, 96.8, 96.96, 96.56, 96.84, 96.78, 96.66, 96.55, 96.49, 96.48, 96.5], [96.47, 96.46, 96.46, 96.45, 96.44, 96.43, 96.42, 96.0, 96.71, 96.77, 96.86, 96.96, 96.72, 96.64, 96.53, 96.39, 96.29, 96.29, 96.35, 96.41], [96.48, 96.48, 96.48, 95.86, 95.89, 95.93, 95.98, 96.04, 96.1, 96.11, 96.06, 96.18, 96.33, 96.5, 96.36, 96.17, 95.97, 96.09, 96.26, 96.35], [95.78, 95.79, 95.81, 95.84, 95.88, 95.93, 96.0, 96.1, 96.23, 96.29, 96.17, 95.76, 96.36, 96.24, 96.11, 96.08, 95.51, 96.13, 96.28, 96.34], [95.76, 95.77, 95.79, 95.81, 95.85, 95.9, 95.98, 96.13, 96.41, 96.65, 96.26, 95.77, 95.54, 96.27, 96.16, 96.09, 96.27, 96.5, 96.35, 96.36], [95.74, 95.75, 95.76, 95.78, 95.8, 95.84, 95.92, 96.05, 96.32, 96.55, 96.01, 95.65, 95.46, 96.31, 96.22, 95.74, 95.92, 96.01, 96.37, 96.38], [95.71, 95.72, 95.72, 95.73, 95.74, 95.76, 95.79, 95.84, 95.9, 95.87, 95.55, 95.39, 95.31, 95.29, 95.47, 95.64, 95.76, 95.82, 95.81, 95.77], [95.69, 95.69, 95.68, 95.68, 95.67, 95.66, 95.64, 95.59, 95.47, 95.14, 94.97, 95.33, 95.56, 95.76, 95.37, 95.52, 95.63, 95.69, 95.71, 95.69], [95.66, 95.66, 95.65, 95.63, 95.61, 95.57, 95.51, 95.39, 95.16, 94.65, 94.37, 94.97, 95.36, 95.62, 95.27, 95.42, 95.52, 95.59, 95.62, 95.62], [95.64, 95.63, 95.61, 95.59, 95.55, 95.5, 95.41, 95.28, 95.17, 94.79, 94.56, 94.94, 95.29, 95.55, 95.2, 95.33, 95.43, 95.5, 95.54, 95.56], [95.62, 95.6, 95.58, 95.55, 95.51, 95.45, 95.37, 95.25, 95.22, 95.04, 94.97, 95.11, 95.33, 95.53, 95.16, 95.28, 95.37, 95.43, 95.48, 95.5], [95.6, 95.58, 95.56, 95.53, 95.48, 95.43, 95.35, 95.43, 95.32, 95.23, 95.2, 95.28, 95.41, 95.55, 95.14, 95.24, 95.32, 95.38, 95.43, 95.46]]}