gis_exercise/awsData/contour/humi_2023090822.json
{"header": {"refTime": "2023-09-08T22:00:00.000Z", "nx": 21, "ny": 33, "lo1": 113.509, "la1": 22.2235, "lo2": 113.5947, "la2": 22.1034, "dx": 0.0042850000000001385, "dy": 0.003753125000000024, "parameterCategory": 0, "parameterCategoryName": "Temperature", "parameterNumber": 0}, "z": [[90.95, 91.04, 91.15, 93.58, 93.61, 91.34, 91.53, 91.71, 91.73, 92.81, 92.49, 92.17, 89.78, 89.55, 88.53, 88.32, 86.56, 86.51, 86.47, 86.45], [90.89, 90.98, 91.09, 91.24, 93.58, 93.63, 91.71, 92.11, 92.34, 92.98, 92.47, 91.98, 89.55, 89.32, 88.34, 86.6, 86.52, 86.46, 86.42, 86.4], [90.81, 90.89, 91.0, 91.14, 93.53, 93.58, 93.66, 92.44, 93.6, 93.14, 92.35, 91.61, 89.16, 88.99, 86.69, 86.58, 86.47, 86.39, 86.35, 86.33], [90.71, 90.78, 90.86, 90.99, 91.17, 93.49, 93.56, 93.69, 93.82, 92.98, 92.09, 90.96, 88.54, 89.2, 86.7, 86.53, 86.38, 86.28, 86.25, 86.25], [90.6, 90.64, 90.7, 90.8, 90.93, 93.35, 93.37, 93.46, 93.61, 92.88, 92.0, 89.15, 87.88, 88.9, 86.69, 86.46, 86.24, 86.12, 86.11, 86.15], [90.48, 90.49, 90.51, 90.56, 90.65, 90.76, 93.1, 93.07, 93.29, 93.82, 91.11, 89.77, 88.67, 87.33, 86.67, 86.34, 85.99, 85.84, 85.93, 86.05], [88.89, 90.32, 90.31, 90.31, 90.34, 90.4, 91.27, 92.41, 92.57, 92.84, 93.34, 90.71, 87.57, 87.51, 86.66, 86.21, 85.64, 85.42, 85.37, 85.5], [88.86, 88.85, 88.84, 88.85, 88.9, 90.83, 91.01, 90.97, 90.68, 93.22, 95.39, 90.76, 90.71, 87.5, 86.12, 86.44, 85.79, 85.55, 85.92, 86.17], [89.15, 89.12, 88.76, 88.73, 88.72, 88.8, 89.04, 91.06, 92.23, 92.55, 93.54, 92.22, 91.57, 92.43, 86.19, 86.56, 86.18, 86.02, 86.11, 86.26], [88.0, 88.0, 88.0, 88.94, 88.8, 88.45, 88.7, 89.04, 93.98, 93.59, 91.53, 93.03, 92.55, 92.79, 86.2, 86.69, 86.45, 86.32, 86.31, 86.37], [88.0, 88.0, 88.0, 88.0, 88.0, 88.0, 88.0, 88.0, 88.71, 92.39, 97.0, 93.57, 93.16, 93.14, 86.17, 86.79, 86.61, 86.51, 86.48, 86.5], [88.0, 88.0, 88.0, 88.0, 88.0, 88.0, 88.0, 88.0, 88.0, -999.0, 97.0, 88.0, 88.0, 93.42, 86.13, 86.89, 86.78, 90.68, 90.55, 90.51], [88.0, 88.0, 88.0, 88.0, 88.0, 88.0, 88.0, 88.0, 88.0, 88.0, -999.0, 88.0, 88.0, 92.57, 90.56, 88.64, 88.57, 89.8, 89.62, 89.51], [88.0, 88.0, 88.0, 88.0, 88.0, 88.0, 88.0, 88.0, 88.0, 88.0, -999.0, 95.0, 95.0, 95.0, 91.15, 89.47, 89.31, 90.57, 90.3, 90.09], [88.0, 88.0, 88.0, 88.0, 88.0, 88.0, 88.0, 89.0, 89.0, 89.0, 89.0, 91.31, 95.0, 95.0, 95.0, 90.42, 90.12, 91.28, 90.92, 90.62], [88.0, 88.0, 88.63, 88.64, 88.66, 89.0, 89.0, 89.0, 89.0, 89.0, 92.78, 92.35, 92.93, 93.42, 92.86, 92.8, 92.47, 93.05, 90.77, 90.47], [88.64, 88.65, 88.35, 88.37, 89.0, 89.0, 89.0, 89.0, 89.0, 89.0, 91.58, 92.32, 93.11, 93.83, 93.61, 93.79, 93.36, 93.02, 92.79, 92.63], [88.36, 88.37, 88.39, 88.41, 89.0, 89.0, 89.0, 89.0, 89.0, 90.52, 91.33, 92.23, 93.17, 93.57, 94.8, 93.92, 93.31, 92.92, 92.67, 92.52], [88.38, 88.39, 88.42, 89.0, 89.0, 89.0, 89.0, 89.0, 89.54, 90.17, 91.47, 92.25, 92.27, 93.09, 94.0, 93.55, 93.04, 92.7, 92.49, 92.37], [88.39, 88.41, 91.29, 91.17, 91.03, 90.81, 90.49, 89.66, 90.01, 90.73, 91.5, 92.17, 91.87, 92.33, 93.19, 92.93, 92.6, 92.37, 92.24, 92.19], [91.44, 91.38, 91.31, 90.65, 90.57, 90.45, 90.3, 90.14, 90.87, 91.22, 91.7, 92.16, 91.49, 92.68, 92.55, 92.32, 92.1, 91.98, 91.97, 91.99], [90.86, 90.85, 90.82, 90.8, 90.76, 90.72, 90.69, 90.39, 91.48, 91.68, 91.95, 92.23, 92.43, 92.28, 92.06, 91.79, 91.57, 91.57, 91.7, 91.82], [90.94, 90.94, 90.94, 90.46, 90.49, 90.55, 90.64, 90.76, 90.91, 90.99, 90.94, 90.77, 91.67, 91.99, 91.72, 91.34, 90.94, 91.18, 91.53, 91.71], [90.43, 90.45, 90.48, 90.52, 90.59, 90.69, 90.85, 91.09, 91.4, 91.54, 91.33, 91.02, 91.73, 91.47, 91.22, 91.15, 90.03, 91.26, 91.56, 91.69], [90.45, 90.48, 90.51, 90.57, 90.65, 90.78, 90.98, 91.31, 91.87, 92.35, 91.65, 91.08, 90.66, 91.54, 91.33, 91.18, 91.53, 92.0, 91.7, 91.72], [90.46, 90.49, 90.53, 90.59, 90.67, 90.79, 90.98, 91.28, 91.8, 92.22, 91.52, 90.95, 90.59, 91.61, 91.45, 90.78, 91.05, 91.2, 91.74, 91.75], [90.47, 90.49, 90.53, 90.58, 90.65, 90.74, 90.86, 91.02, 91.2, 91.2, 90.9, 90.62, 90.43, 90.29, 90.49, 90.68, 90.85, 90.94, 90.92, 90.85], [90.46, 90.49, 90.52, 90.56, 90.6, 90.65, 90.69, 90.71, 90.63, 90.38, 90.15, 90.77, 91.08, 91.35, 90.39, 90.56, 90.69, 90.77, 90.78, 90.76], [90.46, 90.48, 90.5, 90.52, 90.54, 90.55, 90.53, 90.45, 90.24, 89.77, 89.5, 90.29, 90.82, 91.16, 90.29, 90.45, 90.57, 90.64, 90.68, 90.68], [90.45, 90.46, 90.47, 90.48, 90.48, 90.47, 90.42, 90.3, 90.56, 90.06, 89.75, 90.25, 90.72, 91.06, 90.22, 90.36, 90.47, 90.55, 90.59, 90.61], [90.43, 90.44, 90.45, 90.44, 90.43, 90.41, 90.35, 90.25, 90.63, 90.38, 90.29, 90.48, 90.77, 91.04, 90.18, 90.3, 90.4, 90.47, 90.52, 90.54], [90.42, 90.42, 90.42, 90.42, 90.4, 90.37, 90.32, 90.9, 90.76, 90.63, 90.6, 90.7, 90.87, 91.06, 90.16, 90.26, 90.35, 90.41, 90.46, 90.49]]}