gis_exercise/awsData/contour/humi_2023091121.json
{"header": {"refTime": "2023-09-11T21:00:00.000Z", "nx": 21, "ny": 33, "lo1": 113.509, "la1": 22.2235, "lo2": 113.5947, "la2": 22.1034, "dx": 0.0042850000000001385, "dy": 0.003753125000000024, "parameterCategory": 0, "parameterCategoryName": "Temperature", "parameterNumber": 0}, "z": [[94.09, 94.12, 94.15, 95.73, 95.7, 93.58, 93.67, 93.74, 93.72, 94.51, 94.32, 94.12, 92.53, 92.41, 91.79, 91.72, 91.16, 91.18, 91.19, 91.2], [94.07, 94.1, 94.13, 94.18, 95.69, 95.64, 93.78, 93.97, 94.07, 94.58, 94.28, 93.97, 92.36, 92.23, 91.65, 91.12, 91.15, 91.17, 91.19, 91.2], [94.04, 94.07, 94.1, 94.15, 95.68, 95.63, 95.55, 94.17, 94.78, 94.65, 94.2, 93.69, 92.06, 91.98, 91.05, 91.11, 91.15, 91.17, 91.18, 91.2], [94.01, 94.03, 94.06, 94.11, 94.17, 95.64, 95.58, 95.48, 95.39, 94.63, 94.06, 93.22, 91.55, 92.46, 91.03, 91.11, 91.15, 91.16, 91.18, 91.19], [93.98, 93.99, 94.01, 94.04, 94.09, 95.65, 95.62, 95.62, 95.7, 94.74, 94.1, 92.34, 90.99, 92.15, 91.04, 91.13, 91.15, 91.16, 91.17, 91.19], [93.93, 93.94, 93.95, 93.97, 94.0, 94.05, 95.61, 95.62, 95.81, 96.23, 94.27, 93.03, 91.92, 91.0, 91.15, 91.17, 91.15, 91.14, 91.16, 91.18], [93.45, 93.88, 93.88, 93.88, 93.9, 93.94, 95.02, 95.38, 95.55, 96.11, 96.5, 94.19, 91.71, 91.53, 91.32, 91.23, 91.12, 91.08, 90.82, 90.75], [93.43, 93.42, 93.42, 93.43, 93.45, 94.75, 94.85, 94.76, 94.51, 96.37, 97.9, 94.84, 94.81, 91.49, 91.74, 91.96, 91.52, 91.37, 91.61, 91.78], [93.57, 93.56, 93.38, 93.37, 93.36, 93.4, 93.52, 94.86, 95.59, 95.92, 96.69, 95.81, 95.38, 95.95, 91.8, 92.04, 91.79, 91.68, 91.74, 91.84], [93.0, 93.0, 93.0, 93.47, 93.4, 93.23, 93.35, 93.52, 96.84, 96.56, 95.35, 96.36, 96.04, 96.19, 91.8, 92.13, 91.96, 91.88, 91.88, 91.91], [93.0, 93.0, 93.0, 93.0, 93.0, 93.0, 93.0, 93.0, 93.35, 95.71, 99.0, 96.71, 96.44, 96.43, 91.78, 92.19, 92.07, 92.0, 91.99, 92.0], [93.0, 93.0, 93.0, 93.0, 93.0, 93.0, 93.0, 93.0, 93.0, -999.0, 99.0, 93.0, 93.0, 96.61, 91.76, 92.26, 92.19, 94.98, 94.88, 94.86], [93.0, 93.0, 93.0, 93.0, 93.0, 93.0, 93.0, 93.0, 93.0, 93.0, -999.0, 93.0, 93.0, 96.26, 94.83, 93.55, 93.5, 94.36, 94.24, 94.16], [93.0, 93.0, 93.0, 93.0, 93.0, 93.0, 93.0, 93.0, 93.0, 93.0, -999.0, 98.0, 98.0, 98.0, 95.25, 94.13, 94.02, 94.9, 94.71, 94.57], [93.0, 93.0, 93.0, 93.0, 93.0, 93.0, 93.0, 93.0, 93.0, 93.0, 93.0, 94.92, 98.0, 98.0, 98.0, 94.8, 94.59, 95.39, 95.14, 94.93], [93.0, 93.0, 93.0, 93.0, 93.0, 93.0, 93.0, 93.0, 93.0, 93.0, 96.15, 95.79, 96.27, 96.68, 96.22, 96.9, 96.73, 97.03, 95.37, 95.18], [93.0, 93.0, 93.0, 93.0, 93.0, 93.0, 93.0, 93.0, 93.0, 93.0, 95.15, 95.77, 96.42, 97.02, 97.07, 97.25, 96.99, 96.78, 96.63, 96.53], [93.0, 93.0, 93.0, 93.0, 93.0, 93.0, 93.0, 93.0, 93.0, 94.27, 94.94, 95.69, 96.47, 97.02, 97.86, 97.34, 96.96, 96.72, 96.56, 96.46], [93.0, 93.0, 93.0, 93.0, 93.0, 93.0, 93.0, 93.0, 93.45, 93.97, 95.18, 95.84, 96.09, 96.71, 97.39, 97.11, 96.8, 96.58, 96.45, 96.37], [93.0, 93.0, 95.29, 95.17, 95.03, 94.81, 94.49, 93.66, 93.91, 94.56, 95.23, 95.79, 95.84, 96.23, 96.89, 96.74, 96.54, 96.39, 96.3, 96.26], [95.44, 95.38, 95.31, 94.65, 94.57, 94.45, 94.3, 94.14, 94.72, 95.02, 95.44, 95.83, 95.62, 96.58, 96.51, 96.38, 96.24, 96.16, 96.13, 96.14], [94.86, 94.85, 94.82, 94.8, 94.76, 94.72, 94.69, 94.56, 95.31, 95.48, 95.71, 95.93, 96.72, 96.34, 96.22, 96.07, 95.95, 95.93, 95.97, 96.02], [94.94, 94.94, 94.94, 94.71, 94.73, 94.78, 94.85, 94.96, 95.1, 95.18, 95.15, 95.3, 96.04, 96.16, 96.02, 95.83, 95.65, 95.71, 95.84, 95.94], [94.71, 94.73, 94.76, 94.8, 94.85, 94.94, 95.09, 95.31, 95.58, 95.71, 95.54, 95.76, 96.07, 95.9, 95.74, 95.71, 95.3, 95.65, 95.8, 95.89], [94.75, 94.77, 94.81, 94.86, 94.94, 95.05, 95.24, 95.53, 96.03, 96.44, 95.85, 95.77, 95.54, 95.93, 95.78, 95.66, 95.72, 95.82, 95.82, 95.88], [94.77, 94.8, 94.84, 94.9, 94.98, 95.09, 95.27, 95.54, 95.99, 96.35, 96.01, 95.65, 95.46, 95.97, 95.83, 95.29, 95.41, 95.46, 95.85, 95.9], [94.79, 94.82, 94.86, 94.91, 94.98, 95.08, 95.2, 95.36, 95.52, 95.54, 95.55, 95.39, 95.31, 94.97, 95.1, 95.21, 95.3, 95.34, 95.33, 95.3], [94.8, 94.83, 94.87, 94.91, 94.96, 95.02, 95.08, 95.12, 95.1, 95.14, 94.97, 95.18, 95.34, 95.47, 95.02, 95.13, 95.21, 95.25, 95.26, 95.25], [94.81, 94.83, 94.86, 94.89, 94.93, 94.96, 94.97, 94.94, 94.81, 94.65, 94.33, 94.85, 95.17, 95.36, 94.95, 95.05, 95.13, 95.17, 95.2, 95.2], [94.81, 94.83, 94.85, 94.87, 94.89, 94.9, 94.89, 94.83, 95.05, 94.71, 94.5, 94.82, 95.1, 95.29, 94.89, 94.99, 95.07, 95.11, 95.14, 95.16], [94.8, 94.82, 94.84, 94.85, 94.86, 94.86, 94.83, 94.78, 95.09, 94.92, 94.85, 94.96, 95.13, 95.28, 94.86, 94.95, 95.02, 95.07, 95.1, 95.12], [94.8, 94.81, 94.82, 94.83, 94.83, 94.83, 94.8, 95.26, 95.16, 95.07, 95.04, 95.1, 95.19, 95.3, 94.85, 94.92, 94.98, 95.03, 95.06, 95.09]]}