gis_exercise/awsData/contour/humi_2023091322.json
{"header": {"refTime": "2023-09-13T22:00:00.000Z", "nx": 21, "ny": 33, "lo1": 113.509, "la1": 22.2235, "lo2": 113.5947, "la2": 22.1034, "dx": 0.0042850000000001385, "dy": 0.003753125000000024, "parameterCategory": 0, "parameterCategoryName": "Temperature", "parameterNumber": 0}, "z": [[90.02, 90.03, 90.04, 91.07, 91.02, 89.56, 89.57, 89.57, 89.53, 89.82, 89.72, 89.61, 88.57, 88.49, 88.47, 88.49, 88.25, 88.29, 88.32, 88.35], [90.01, 90.02, 90.03, 90.05, 91.02, 90.94, 89.63, 89.66, 89.67, 89.85, 89.69, 89.51, 88.46, 88.39, 88.39, 88.19, 88.26, 88.31, 88.35, 88.37], [90.0, 90.01, 90.03, 90.05, 91.04, 90.95, 90.81, 89.74, 89.92, 89.88, 89.64, 89.35, 88.28, 88.24, 88.08, 88.19, 88.28, 88.35, 88.39, 88.41], [89.99, 90.0, 90.02, 90.04, 90.07, 91.01, 90.9, 90.72, 90.55, 89.89, 89.58, 89.06, 87.97, 88.64, 88.05, 88.22, 88.33, 88.41, 88.44, 88.45], [89.97, 89.98, 90.0, 90.03, 90.07, 91.1, 91.05, 91.01, 91.02, 90.02, 89.64, 88.56, 87.66, 88.44, 88.07, 88.28, 88.42, 88.5, 88.52, 88.5], [89.95, 89.96, 89.98, 90.0, 90.05, 90.12, 91.19, 91.22, 91.32, 91.51, 89.85, 89.02, 88.28, 87.67, 88.17, 88.39, 88.56, 88.64, 88.61, 88.56], [89.89, 89.93, 89.94, 89.96, 90.01, 90.1, 91.01, 91.29, 91.4, 91.53, 91.59, 89.79, 88.14, 88.02, 88.32, 88.5, 88.74, 88.83, 88.63, 88.5], [89.86, 89.85, 89.84, 89.85, 89.9, 90.7, 90.88, 91.07, 91.11, 91.69, 92.37, 90.23, 90.21, 87.99, 89.0, 89.0, 89.0, 89.0, 89.0, 89.0], [90.15, 90.12, 89.76, 89.73, 89.72, 89.8, 90.04, 90.96, 91.64, 91.42, 91.46, 90.87, 90.59, 90.97, 89.0, 89.0, 89.0, 89.0, 89.0, 89.0], [89.0, 89.0, 89.0, 89.94, 89.8, 89.45, 89.7, 90.04, 92.14, 92.03, 90.57, 91.24, 91.02, 91.13, 89.0, 89.0, 89.0, 89.0, 89.0, 89.0], [89.0, 89.0, 89.0, 89.0, 89.0, 89.0, 89.0, 89.0, 89.71, 91.68, 93.0, 91.48, 91.3, 91.28, 89.0, 89.0, 89.0, 89.0, 89.0, 89.0], [89.0, 89.0, 89.0, 89.0, 89.0, 89.0, 89.0, 89.0, 89.0, -999.0, 93.0, 89.0, 89.0, 91.41, 89.0, 89.0, 89.0, 92.41, 92.33, 92.31], [89.0, 89.0, 89.0, 89.0, 89.0, 89.0, 89.0, 89.0, 89.0, 89.0, -999.0, 89.0, 89.0, 92.92, 91.19, 91.18, 91.14, 91.88, 91.77, 91.71], [89.0, 89.0, 89.0, 89.0, 89.0, 89.0, 89.0, 89.0, 89.0, 89.0, -999.0, 95.0, 95.0, 95.0, 91.7, 91.68, 91.59, 92.34, 92.18, 92.06], [89.0, 89.0, 89.0, 89.0, 89.0, 89.0, 89.0, 89.0, 89.0, 89.0, 89.0, 91.31, 95.0, 95.0, 95.0, 92.25, 92.07, 92.77, 92.55, 92.37], [89.0, 89.0, 89.0, 89.0, 89.0, 89.0, 89.0, 89.0, 89.0, 89.0, 92.78, 92.35, 92.93, 93.42, 92.86, 93.9, 93.73, 94.03, 92.63, 92.45], [89.0, 89.0, 89.0, 89.0, 89.0, 89.0, 89.0, 89.0, 89.0, 89.0, 91.58, 92.32, 93.11, 93.83, 93.95, 94.11, 93.8, 93.55, 93.37, 93.25], [89.0, 89.0, 89.0, 89.0, 89.0, 89.0, 89.0, 89.0, 89.0, 90.52, 91.33, 92.23, 93.17, 93.89, 94.85, 94.21, 93.77, 93.48, 93.29, 93.17], [89.0, 89.0, 89.0, 89.0, 89.0, 89.0, 89.0, 89.0, 89.54, 90.17, 91.29, 92.06, 92.81, 93.55, 94.28, 93.95, 93.58, 93.32, 93.16, 93.06], [89.0, 89.0, 90.71, 90.63, 90.52, 90.36, 90.12, 89.49, 89.9, 90.55, 91.28, 91.94, 92.54, 93.02, 93.69, 93.51, 93.27, 93.09, 92.98, 92.93], [90.83, 90.79, 90.73, 90.24, 90.18, 90.09, 89.98, 89.86, 90.64, 90.96, 91.41, 91.88, 92.31, 93.33, 93.25, 93.09, 92.93, 92.83, 92.79, 92.78], [90.4, 90.38, 90.37, 90.35, 90.32, 90.29, 90.27, 90.04, 91.12, 91.31, 91.57, 91.87, 93.06, 93.04, 92.91, 92.75, 92.61, 92.57, 92.59, 92.64], [90.45, 90.45, 90.45, 90.09, 90.12, 90.16, 90.23, 90.32, 90.43, 90.49, 90.46, 91.12, 92.0, 92.83, 92.68, 92.48, 92.32, 92.33, 92.42, 92.52], [90.07, 90.09, 90.11, 90.14, 90.19, 90.27, 90.39, 90.57, 90.8, 90.91, 90.75, 91.25, 92.0, 92.0, 92.0, 92.34, 92.09, 92.16, 92.31, 92.44], [90.09, 90.11, 90.14, 90.18, 90.24, 90.33, 90.48, 90.73, 91.15, 91.51, 90.99, 91.2, 91.15, 92.0, 92.0, 92.0, 92.17, 92.14, 92.29, 92.41], [90.1, 90.12, 90.15, 90.19, 90.25, 90.34, 90.48, 90.71, 91.1, 91.42, 91.25, 91.04, 91.01, 92.0, 92.0, 91.54, 91.68, 91.72, 92.34, 92.42], [90.1, 90.12, 90.15, 90.19, 90.24, 90.3, 90.4, 90.52, 90.65, 90.65, 90.81, 90.74, 90.8, 90.93, 91.18, 91.38, 91.51, 91.56, 91.56, 91.52], [90.1, 90.12, 90.14, 90.17, 90.2, 90.23, 90.27, 90.28, 90.22, 90.34, 90.18, 90.33, 90.56, 90.76, 91.02, 91.22, 91.35, 91.42, 91.44, 91.44], [90.09, 90.11, 90.12, 90.14, 90.15, 90.16, 90.15, 90.09, 89.93, 89.8, 89.37, 89.97, 90.36, 90.62, 90.87, 91.07, 91.21, 91.29, 91.33, 91.35], [90.08, 90.09, 90.1, 90.11, 90.11, 90.1, 90.06, 89.98, 90.17, 89.79, 89.56, 89.94, 90.29, 90.55, 90.77, 90.96, 91.09, 91.18, 91.24, 91.27], [90.08, 90.08, 90.08, 90.08, 90.08, 90.05, 90.01, 89.94, 90.22, 90.04, 89.97, 90.11, 90.33, 90.53, 90.71, 90.88, 91.01, 91.1, 91.16, 91.2], [90.07, 90.07, 90.07, 90.06, 90.05, 90.03, 89.99, 90.43, 90.32, 90.23, 90.2, 90.28, 90.41, 90.55, 90.68, 90.83, 90.94, 91.03, 91.09, 91.14]]}