gis_exercise/awsData/contour/humi_2023090402.json
{"header": {"refTime": "2023-09-04T02:00:00.000Z", "nx": 21, "ny": 33, "lo1": 113.509, "la1": 22.2235, "lo2": 113.5947, "la2": 22.1034, "dx": 0.0042850000000001385, "dy": 0.003753125000000024, "parameterCategory": 0, "parameterCategoryName": "Temperature", "parameterNumber": 0}, "z": [[79.04, 79.04, 79.04, 77.78, 77.9, 76.88, 77.09, 77.29, 77.29, 76.95, 76.4, 75.86, 74.74, 74.46, 73.99, 73.84, 71.89, 71.91, 71.93, 71.94], [79.04, 79.03, 79.03, 79.04, 77.88, 78.05, 77.31, 77.77, 78.02, 77.39, 76.44, 75.66, 74.45, 74.17, 73.75, 71.86, 71.89, 71.91, 71.93, 71.94], [79.04, 79.03, 79.02, 79.01, 77.81, 78.0, 78.3, 78.17, 79.52, 77.76, 76.27, 75.21, 73.94, 73.74, 71.8, 71.85, 71.89, 71.92, 71.94, 71.95], [79.05, 79.03, 79.01, 78.98, 78.96, 77.84, 78.08, 78.49, 78.88, 77.17, 75.74, 74.43, 73.11, 72.44, 71.78, 71.86, 71.91, 71.93, 71.95, 71.96], [79.06, 79.04, 79.0, 78.96, 78.9, 77.6, 77.7, 77.83, 77.88, 76.26, 75.16, 72.37, 71.58, 72.27, 71.79, 71.88, 71.93, 71.95, 71.96, 71.97], [79.08, 79.06, 79.02, 78.96, 78.85, 78.7, 77.3, 77.23, 77.16, 77.08, 73.46, 72.77, 72.13, 71.67, 71.87, 71.93, 71.97, 71.98, 71.98, 71.98], [78.76, 79.1, 79.07, 79.01, 78.88, 78.64, 77.25, 76.74, 76.62, 75.41, 75.24, 73.46, 72.14, 72.02, 71.99, 71.99, 71.99, 72.0, 71.82, 71.75], [78.86, 78.89, 78.9, 78.87, 78.76, 77.89, 77.42, 76.73, 75.83, 75.51, 75.65, 73.92, 73.9, 71.99, 72.37, 72.48, 72.26, 72.18, 72.31, 72.39], [78.14, 78.21, 79.09, 79.17, 79.2, 79.01, 78.4, 77.19, 76.0, 75.36, 74.85, 74.41, 74.19, 74.48, 72.4, 72.52, 72.39, 72.34, 72.37, 72.42], [81.0, 81.0, 81.0, 78.66, 78.99, 79.87, 79.26, 78.4, 76.0, 76.0, 74.18, 74.68, 74.52, 74.6, 72.4, 72.56, 72.48, 72.44, 72.44, 72.46], [81.0, 81.0, 81.0, 81.0, 81.0, 81.0, 81.0, 81.0, 79.23, 76.0, 76.0, 74.86, 74.72, 74.71, 72.39, 72.6, 72.54, 72.5, 72.49, 72.5], [81.0, 81.0, 81.0, 81.0, 81.0, 81.0, 81.0, 81.0, 81.0, -999.0, 76.0, 73.0, 73.0, 74.81, 72.38, 72.63, 72.59, 75.98, 75.88, 75.86], [81.0, 81.0, 81.0, 81.0, 81.0, 81.0, 81.0, 81.0, 81.0, 81.0, -999.0, 73.0, 73.0, 76.92, 75.19, 74.55, 74.5, 75.36, 75.24, 75.16], [81.0, 81.0, 81.0, 81.0, 81.0, 81.0, 81.0, 81.0, 81.0, 81.0, -999.0, 79.0, 79.0, 79.0, 75.7, 75.13, 75.02, 75.9, 75.71, 75.57], [81.0, 81.0, 81.0, 81.0, 81.0, 81.0, 81.0, 85.0, 85.0, 85.0, 85.0, 82.69, 79.0, 79.0, 79.0, 75.8, 75.59, 76.39, 76.14, 75.93], [81.0, 81.0, 83.52, 83.56, 83.64, 85.0, 85.0, 85.0, 85.0, 85.0, 81.22, 81.65, 81.07, 80.58, 81.14, 80.83, 81.11, 80.62, 78.56, 78.51], [83.57, 83.59, 82.41, 82.48, 85.0, 85.0, 85.0, 85.0, 85.0, 85.0, 82.42, 81.68, 80.89, 80.17, 80.27, 80.9, 81.58, 82.11, 82.5, 82.77], [82.43, 82.48, 82.55, 82.65, 85.0, 85.0, 85.0, 85.0, 85.0, 83.48, 82.67, 81.77, 80.83, 80.32, 79.19, 80.68, 81.64, 82.26, 82.67, 82.94], [82.51, 82.57, 82.66, 85.0, 85.0, 85.0, 85.0, 85.0, 84.46, 83.83, 83.64, 82.91, 81.55, 80.76, 80.55, 81.24, 82.03, 82.59, 82.95, 83.17], [82.56, 82.63, 86.14, 86.09, 86.01, 85.91, 85.75, 85.33, 84.66, 84.32, 83.82, 83.21, 81.91, 81.44, 81.78, 82.17, 82.67, 83.07, 83.32, 83.46], [86.22, 86.19, 86.15, 85.83, 85.79, 85.73, 85.65, 85.57, 84.54, 84.35, 84.01, 83.55, 82.24, 82.56, 82.72, 83.03, 83.37, 83.61, 83.73, 83.78], [85.93, 85.92, 85.91, 85.9, 85.88, 85.86, 85.84, 84.99, 84.67, 84.55, 84.3, 83.93, 83.21, 83.17, 83.41, 83.72, 83.99, 84.14, 84.16, 84.1], [85.97, 85.97, 85.97, 84.72, 84.78, 84.87, 84.97, 85.09, 85.19, 85.22, 85.13, 85.62, 86.0, 83.61, 83.9, 84.22, 84.44, 84.6, 84.56, 84.4], [84.56, 84.59, 84.63, 84.68, 84.75, 84.85, 85.0, 85.21, 85.47, 85.57, 85.33, 84.76, 86.05, 85.86, 85.67, 84.54, 84.48, 85.18, 84.93, 84.63], [84.52, 84.54, 84.58, 84.63, 84.69, 84.8, 84.97, 85.27, 85.82, 86.3, 85.53, 84.75, 84.39, 85.9, 85.75, 85.63, 85.36, 85.81, 85.11, 84.74], [84.47, 84.49, 84.52, 84.55, 84.6, 84.69, 84.83, 85.1, 85.63, 86.09, 85.14, 84.5, 84.2, 85.96, 85.84, 84.88, 85.22, 85.37, 84.98, 84.72], [84.43, 84.43, 84.45, 84.46, 84.48, 84.52, 84.58, 84.68, 84.8, 84.73, 84.23, 83.95, 83.87, 83.9, 84.3, 84.64, 84.9, 85.02, 85.0, 84.91], [84.38, 84.37, 84.37, 84.36, 84.35, 84.32, 84.28, 84.18, 83.94, 83.37, 83.04, 83.66, 84.12, 84.52, 84.06, 84.39, 84.62, 84.75, 84.78, 84.76], [84.33, 84.31, 84.29, 84.26, 84.22, 84.14, 84.01, 83.78, 83.32, 82.38, 81.75, 82.94, 83.73, 84.25, 83.84, 84.16, 84.39, 84.52, 84.59, 84.61], [84.28, 84.25, 84.22, 84.17, 84.1, 84.0, 83.83, 83.55, 83.34, 82.59, 82.13, 82.88, 83.59, 84.09, 83.68, 83.98, 84.2, 84.34, 84.43, 84.47], [84.24, 84.2, 84.16, 84.1, 84.02, 83.91, 83.74, 83.49, 83.44, 83.07, 82.94, 83.23, 83.66, 84.06, 83.59, 83.85, 84.06, 84.2, 84.3, 84.36], [84.2, 84.16, 84.12, 84.05, 83.97, 83.86, 83.71, 83.86, 83.64, 83.45, 83.41, 83.55, 83.81, 84.09, 83.55, 83.77, 83.95, 84.09, 84.19, 84.26]]}