gis_exercise/awsData/contour/humi_2023091103.json
{"header": {"refTime": "2023-09-11T03:00:00.000Z", "nx": 21, "ny": 33, "lo1": 113.509, "la1": 22.2235, "lo2": 113.5947, "la2": 22.1034, "dx": 0.0042850000000001385, "dy": 0.003753125000000024, "parameterCategory": 0, "parameterCategoryName": "Temperature", "parameterNumber": 0}, "z": [[91.49, 91.55, 91.61, 93.73, 93.7, 92.28, 92.33, 92.37, 92.38, 93.27, 93.24, 93.19, 91.97, 91.91, 91.89, 91.88, 91.62, 91.65, 91.66, 91.67], [91.46, 91.51, 91.58, 91.67, 93.69, 93.64, 92.38, 92.49, 92.55, 93.23, 93.2, 93.12, 91.9, 91.84, 91.83, 91.59, 91.63, 91.66, 91.67, 91.69], [91.41, 91.46, 91.53, 91.62, 93.68, 93.63, 93.55, 92.58, 92.89, 93.2, 93.17, 93.0, 91.78, 91.74, 91.54, 91.6, 91.64, 91.67, 91.69, 91.7], [91.35, 91.39, 91.45, 91.54, 91.65, 93.64, 93.58, 93.48, 93.39, 93.31, 93.18, 92.79, 91.58, 92.41, 91.53, 91.61, 91.67, 91.7, 91.72, 91.73], [91.27, 91.3, 91.35, 91.43, 91.53, 93.65, 93.62, 93.62, 93.7, 93.6, 93.33, 92.37, 91.57, 92.22, 91.53, 91.64, 91.71, 91.75, 91.76, 91.75], [91.19, 91.2, 91.23, 91.29, 91.37, 91.5, 93.61, 93.62, 93.81, 94.23, 93.57, 92.76, 92.08, 91.33, 91.59, 91.69, 91.78, 91.82, 91.8, 91.78], [90.34, 91.09, 91.09, 91.11, 91.18, 91.3, 92.52, 93.38, 93.55, 94.31, 94.75, 93.39, 91.57, 91.51, 91.66, 91.75, 91.87, 91.91, 91.82, 91.75], [90.28, 90.27, 90.26, 90.28, 90.35, 92.0, 92.28, 92.47, 92.57, 94.53, 96.02, 93.54, 93.51, 91.5, 92.0, 92.0, 92.0, 92.0, 92.0, 92.0], [90.72, 90.67, 90.14, 90.1, 90.08, 90.19, 90.56, 92.38, 93.59, 94.13, 95.08, 94.34, 93.98, 94.46, 92.0, 92.0, 92.0, 92.0, 92.0, 92.0], [89.0, 89.0, 89.0, 90.4, 90.21, 89.68, 90.05, 90.56, 94.84, 94.56, 93.96, 94.8, 94.53, 94.66, 92.0, 92.0, 92.0, 92.0, 92.0, 92.0], [89.0, 89.0, 89.0, 89.0, 89.0, 89.0, 89.0, 89.0, 90.06, 93.71, 97.0, 95.09, 94.87, 94.85, 92.0, 92.0, 92.0, 92.0, 92.0, 92.0], [89.0, 89.0, 89.0, 89.0, 89.0, 89.0, 89.0, 89.0, 89.0, -999.0, 97.0, 92.0, 92.0, 95.01, 92.0, 92.0, 92.0, 95.41, 95.33, 95.31], [89.0, 89.0, 89.0, 89.0, 89.0, 89.0, 89.0, 89.0, 89.0, 89.0, -999.0, 92.0, 92.0, 95.92, 94.19, 94.18, 94.14, 94.88, 94.77, 94.71], [89.0, 89.0, 89.0, 89.0, 89.0, 89.0, 89.0, 89.0, 89.0, 89.0, -999.0, 98.0, 98.0, 98.0, 94.7, 94.68, 94.59, 95.34, 95.18, 95.06], [89.0, 89.0, 89.0, 89.0, 89.0, 89.0, 89.0, 88.0, 88.0, 88.0, 88.0, 91.84, 98.0, 98.0, 98.0, 95.25, 95.07, 95.77, 95.55, 95.37], [89.0, 89.0, 88.37, 88.36, 88.34, 88.0, 88.0, 88.0, 88.0, 88.0, 94.29, 93.58, 94.55, 95.36, 94.44, 96.17, 95.89, 96.38, 95.08, 94.87], [88.36, 88.35, 88.65, 88.63, 88.0, 88.0, 88.0, 88.0, 88.0, 88.0, 92.3, 93.54, 94.85, 96.05, 96.25, 96.66, 96.19, 95.81, 95.55, 95.36], [88.64, 88.63, 88.61, 88.59, 88.0, 88.0, 88.0, 88.0, 88.0, 90.54, 91.88, 93.38, 94.94, 96.16, 97.75, 96.81, 96.14, 95.7, 95.42, 95.24], [88.62, 88.61, 88.58, 88.0, 88.0, 88.0, 88.0, 88.0, 88.9, 89.95, 91.62, 92.9, 94.36, 95.58, 96.91, 96.41, 95.85, 95.46, 95.22, 95.08], [88.61, 88.59, 90.29, 90.17, 90.03, 89.81, 89.49, 88.66, 89.38, 90.42, 91.59, 92.67, 93.9, 94.69, 96.02, 95.74, 95.38, 95.12, 94.96, 94.88], [90.44, 90.38, 90.31, 89.65, 89.57, 89.45, 89.3, 89.14, 90.49, 91.0, 91.74, 92.51, 93.52, 95.47, 95.34, 95.11, 94.86, 94.71, 94.66, 94.66], [89.86, 89.85, 89.82, 89.8, 89.76, 89.72, 89.69, 90.08, 91.18, 91.48, 91.91, 92.42, 94.45, 95.03, 94.83, 94.57, 94.36, 94.3, 94.36, 94.45], [89.94, 89.94, 89.94, 90.47, 90.46, 90.46, 90.49, 90.56, 90.66, 90.76, 90.79, 91.09, 92.93, 94.72, 94.47, 94.15, 93.86, 93.93, 94.12, 94.28], [90.58, 90.59, 90.59, 90.61, 90.64, 90.69, 90.79, 90.94, 91.13, 91.24, 91.16, 92.25, 92.9, 93.05, 93.18, 93.93, 93.37, 93.76, 94.0, 94.18], [90.65, 90.67, 90.69, 90.73, 90.79, 90.87, 91.0, 91.2, 91.49, 91.72, 91.44, 92.21, 92.3, 93.04, 93.19, 93.31, 93.83, 93.91, 94.01, 94.16], [90.72, 90.74, 90.78, 90.83, 90.9, 91.0, 91.14, 91.32, 91.56, 91.74, 92.12, 92.19, 92.27, 93.03, 93.17, 93.29, 93.41, 93.46, 94.08, 94.18], [90.77, 90.81, 90.85, 90.91, 90.99, 91.09, 91.21, 91.35, 91.5, 91.57, 92.13, 92.18, 92.24, 92.97, 93.1, 93.21, 93.3, 93.34, 93.33, 93.3], [90.82, 90.86, 90.91, 90.97, 91.05, 91.15, 91.26, 91.38, 91.5, 92.1, 92.1, 92.29, 92.43, 92.58, 93.02, 93.13, 93.21, 93.25, 93.26, 93.25], [90.86, 90.9, 90.95, 91.02, 91.09, 91.18, 91.28, 91.4, 91.54, 92.07, 92.08, 92.23, 92.39, 92.53, 92.95, 93.05, 93.13, 93.17, 93.2, 93.2], [90.89, 90.93, 90.98, 91.05, 91.12, 91.2, 91.29, 91.4, 92.24, 92.17, 92.13, 92.24, 92.38, 92.5, 92.89, 92.99, 93.07, 93.11, 93.14, 93.16], [90.91, 90.96, 91.01, 91.06, 91.13, 91.2, 91.29, 91.38, 92.27, 92.24, 92.24, 92.3, 92.4, 92.5, 92.86, 92.95, 93.02, 93.07, 93.1, 93.12], [90.93, 90.97, 91.02, 91.07, 91.13, 91.2, 91.27, 92.34, 92.32, 92.31, 92.32, 92.36, 92.43, 92.5, 92.85, 92.92, 92.98, 93.03, 93.06, 93.09]]}