gis_exercise/awsData/contour/humi_2023090801.json
{"header": {"refTime": "2023-09-08T01:00:00.000Z", "nx": 21, "ny": 33, "lo1": 113.509, "la1": 22.2235, "lo2": 113.5947, "la2": 22.1034, "dx": 0.0042850000000001385, "dy": 0.003753125000000024, "parameterCategory": 0, "parameterCategoryName": "Temperature", "parameterNumber": 0}, "z": [[95.48, 95.52, 95.58, 96.92, 96.93, 95.55, 95.66, 95.75, 95.76, 96.38, 96.2, 96.02, 94.93, 94.82, 94.2, 94.12, 93.54, 93.53, 93.53, 93.53], [95.45, 95.49, 95.55, 95.62, 96.91, 96.93, 95.76, 95.97, 96.09, 96.46, 96.18, 95.91, 94.79, 94.69, 94.09, 93.53, 93.52, 93.52, 93.51, 93.51], [95.41, 95.44, 95.5, 95.57, 96.89, 96.9, 96.93, 96.15, 96.78, 96.55, 96.11, 95.69, 94.56, 94.49, 93.51, 93.51, 93.5, 93.49, 93.49, 93.49], [95.36, 95.39, 95.43, 95.5, 95.59, 96.86, 96.89, 96.93, 96.98, 96.47, 95.97, 95.32, 94.16, 94.64, 93.5, 93.5, 93.48, 93.46, 93.46, 93.47], [95.3, 95.32, 95.35, 95.4, 95.47, 96.8, 96.81, 96.85, 96.93, 96.44, 95.94, 94.56, 93.66, 94.44, 93.51, 93.49, 93.44, 93.41, 93.41, 93.44], [95.24, 95.24, 95.26, 95.28, 95.32, 95.38, 96.68, 96.67, 96.8, 97.11, 95.85, 95.02, 94.28, 93.67, 93.56, 93.48, 93.37, 93.32, 93.36, 93.41], [94.45, 95.16, 95.15, 95.15, 95.17, 95.2, 95.76, 96.32, 96.42, 96.84, 97.2, 95.79, 94.14, 94.02, 93.66, 93.48, 93.25, 93.17, 93.0, 93.0], [94.43, 94.42, 94.42, 94.43, 94.45, 95.53, 95.62, 95.58, 95.45, 97.03, 98.21, 96.23, 96.21, 93.99, 93.74, 93.96, 93.52, 93.37, 93.61, 93.78], [94.57, 94.56, 94.38, 94.37, 94.36, 94.4, 94.52, 95.64, 96.27, 96.7, 97.46, 96.87, 96.59, 96.97, 93.8, 94.04, 93.79, 93.68, 93.74, 93.84], [94.0, 94.0, 94.0, 94.47, 94.4, 94.23, 94.35, 94.52, 97.27, 97.05, 96.57, 97.24, 97.02, 97.13, 93.8, 94.13, 93.96, 93.88, 93.88, 93.91], [94.0, 94.0, 94.0, 94.0, 94.0, 94.0, 94.0, 94.0, 94.35, 96.37, 99.0, 97.48, 97.3, 97.28, 93.78, 94.19, 94.07, 94.0, 93.99, 94.0], [94.0, 94.0, 94.0, 94.0, 94.0, 94.0, 94.0, 94.0, 94.0, -999.0, 99.0, 95.0, 95.0, 97.41, 93.76, 94.26, 94.19, 96.41, 96.33, 96.31], [94.0, 94.0, 94.0, 94.0, 94.0, 94.0, 94.0, 94.0, 94.0, 94.0, -999.0, 95.0, 95.0, 97.61, 96.46, 95.18, 95.14, 95.88, 95.77, 95.71], [94.0, 94.0, 94.0, 94.0, 94.0, 94.0, 94.0, 94.0, 94.0, 94.0, -999.0, 99.0, 99.0, 99.0, 96.8, 95.68, 95.59, 96.34, 96.18, 96.06], [94.0, 94.0, 94.0, 94.0, 94.0, 94.0, 94.0, 94.0, 94.0, 94.0, 94.0, 95.92, 99.0, 99.0, 99.0, 96.25, 96.07, 96.77, 96.55, 96.37], [94.0, 94.0, 94.0, 94.0, 94.0, 94.0, 94.0, 94.0, 94.0, 94.0, 97.15, 96.79, 97.27, 97.68, 97.22, 97.9, 97.73, 98.03, 96.63, 96.45], [94.0, 94.0, 94.0, 94.0, 94.0, 94.0, 94.0, 94.0, 94.0, 94.0, 96.15, 96.77, 97.42, 98.02, 98.07, 98.25, 97.99, 97.78, 97.63, 97.53], [94.0, 94.0, 94.0, 94.0, 94.0, 94.0, 94.0, 94.0, 94.0, 95.27, 95.94, 96.69, 97.47, 98.02, 98.86, 98.34, 97.96, 97.72, 97.56, 97.46], [94.0, 94.0, 94.0, 94.0, 94.0, 94.0, 94.0, 94.0, 94.45, 94.97, 96.0, 96.64, 97.09, 97.71, 98.39, 98.11, 97.8, 97.58, 97.45, 97.37], [94.0, 94.0, 95.71, 95.63, 95.52, 95.36, 95.12, 94.49, 94.8, 95.38, 96.01, 96.56, 96.84, 97.23, 97.89, 97.74, 97.54, 97.39, 97.3, 97.26], [95.83, 95.79, 95.73, 95.24, 95.18, 95.09, 94.98, 94.86, 95.48, 95.76, 96.15, 96.54, 96.62, 97.58, 97.51, 97.38, 97.24, 97.16, 97.13, 97.14], [95.4, 95.38, 95.37, 95.35, 95.32, 95.29, 95.27, 95.21, 95.95, 96.11, 96.33, 96.57, 97.39, 97.34, 97.22, 97.07, 96.95, 96.93, 96.97, 97.02], [95.45, 95.45, 95.45, 95.34, 95.36, 95.39, 95.44, 95.52, 95.62, 95.68, 95.67, 95.85, 96.67, 97.16, 97.02, 96.83, 96.65, 96.71, 96.84, 96.94], [95.36, 95.37, 95.39, 95.41, 95.45, 95.52, 95.62, 95.78, 95.98, 96.08, 95.95, 96.25, 96.68, 96.62, 96.56, 96.71, 96.3, 96.65, 96.8, 96.89], [95.39, 95.4, 95.43, 95.47, 95.52, 95.61, 95.74, 95.95, 96.31, 96.6, 96.19, 96.25, 96.13, 96.63, 96.58, 96.54, 96.72, 96.82, 96.82, 96.88], [95.41, 95.43, 95.46, 95.5, 95.56, 95.65, 95.77, 95.97, 96.29, 96.55, 96.38, 96.17, 96.07, 96.65, 96.61, 96.29, 96.41, 96.46, 96.85, 96.9], [95.43, 95.45, 95.48, 95.52, 95.57, 95.64, 95.73, 95.85, 95.97, 95.99, 96.08, 95.98, 95.96, 95.97, 96.1, 96.21, 96.3, 96.34, 96.33, 96.3], [95.44, 95.46, 95.49, 95.52, 95.56, 95.61, 95.66, 95.7, 95.69, 95.79, 95.68, 95.89, 96.04, 96.17, 96.02, 96.13, 96.21, 96.25, 96.26, 96.25], [95.44, 95.46, 95.49, 95.51, 95.54, 95.57, 95.59, 95.58, 95.5, 95.46, 95.25, 95.65, 95.91, 96.08, 95.95, 96.05, 96.13, 96.17, 96.2, 96.2], [95.45, 95.46, 95.48, 95.5, 95.52, 95.53, 95.53, 95.5, 95.78, 95.53, 95.38, 95.63, 95.86, 96.03, 95.89, 95.99, 96.07, 96.11, 96.14, 96.16], [95.45, 95.46, 95.47, 95.49, 95.5, 95.5, 95.5, 95.47, 95.81, 95.69, 95.65, 95.74, 95.89, 96.02, 95.86, 95.95, 96.02, 96.07, 96.1, 96.12], [95.44, 95.46, 95.47, 95.48, 95.48, 95.48, 95.47, 95.95, 95.88, 95.82, 95.8, 95.85, 95.94, 96.03, 95.85, 95.92, 95.98, 96.03, 96.06, 96.09]]}