gis_exercise/awsData/contour/humi_2023091007.json
{"header": {"refTime": "2023-09-10T07:00:00.000Z", "nx": 21, "ny": 33, "lo1": 113.509, "la1": 22.2235, "lo2": 113.5947, "la2": 22.1034, "dx": 0.0042850000000001385, "dy": 0.003753125000000024, "parameterCategory": 0, "parameterCategoryName": "Temperature", "parameterNumber": 0}, "z": [[96.79, 96.83, 96.88, 98.22, 98.21, 97.05, 97.11, 97.16, 97.16, 97.63, 97.51, 97.38, 96.33, 96.24, 95.9, 95.84, 95.27, 95.27, 95.27, 95.27], [96.76, 96.8, 96.86, 96.93, 98.2, 98.19, 97.18, 97.32, 97.39, 97.68, 97.49, 97.29, 96.23, 96.14, 95.82, 95.26, 95.26, 95.26, 95.26, 95.26], [96.73, 96.76, 96.82, 96.88, 98.19, 98.18, 98.16, 97.44, 97.85, 97.73, 97.44, 97.13, 96.05, 95.99, 95.26, 95.26, 95.25, 95.25, 95.24, 95.25], [96.68, 96.71, 96.76, 96.82, 96.91, 98.17, 98.15, 98.14, 98.12, 97.7, 97.35, 96.85, 95.77, 96.22, 95.25, 95.25, 95.24, 95.23, 95.23, 95.23], [96.62, 96.65, 96.68, 96.74, 96.81, 98.15, 98.14, 98.16, 98.21, 97.73, 97.35, 96.17, 95.49, 96.05, 95.25, 95.24, 95.22, 95.2, 95.21, 95.22], [96.56, 96.57, 96.59, 96.63, 96.69, 96.77, 98.1, 98.1, 98.2, 98.44, 97.19, 96.51, 95.93, 95.33, 95.28, 95.24, 95.18, 95.16, 95.18, 95.2], [95.89, 96.49, 96.48, 96.5, 96.54, 96.62, 97.26, 97.9, 97.99, 98.19, 98.4, 97.06, 95.57, 95.51, 95.33, 95.24, 95.12, 95.08, 95.0, 95.0], [95.86, 95.85, 95.84, 95.85, 95.9, 96.92, 97.11, 97.25, 97.28, 98.36, 99.29, 97.23, 97.21, 95.5, 95.37, 95.48, 95.26, 95.18, 95.31, 95.39], [96.15, 96.12, 95.76, 95.73, 95.72, 95.8, 96.04, 97.18, 97.96, 98.06, 98.46, 97.87, 97.59, 97.97, 95.4, 95.52, 95.39, 95.34, 95.37, 95.42], [95.0, 95.0, 95.0, 95.94, 95.8, 95.45, 95.7, 96.04, 98.71, 98.54, 97.57, 98.24, 98.02, 98.13, 95.4, 95.56, 95.48, 95.44, 95.44, 95.46], [95.0, 95.0, 95.0, 95.0, 95.0, 95.0, 95.0, 95.0, 95.71, 98.03, 100.0, 98.48, 98.3, 98.28, 95.39, 95.6, 95.54, 95.5, 95.49, 95.5], [95.0, 95.0, 95.0, 95.0, 95.0, 95.0, 95.0, 95.0, 95.0, -999.0, 100.0, 96.0, 96.0, 98.41, 95.38, 95.63, 95.59, 97.84, 97.77, 97.76], [95.0, 95.0, 95.0, 95.0, 95.0, 95.0, 95.0, 95.0, 95.0, 95.0, -999.0, 96.0, 96.0, 98.61, 97.46, 96.82, 96.78, 97.4, 97.31, 97.26], [95.0, 95.0, 95.0, 95.0, 95.0, 95.0, 95.0, 95.0, 95.0, 95.0, -999.0, 100.0, 100.0, 100.0, 97.8, 97.24, 97.16, 97.78, 97.65, 97.55], [95.0, 95.0, 95.0, 95.0, 95.0, 95.0, 95.0, 97.0, 97.0, 97.0, 97.0, 98.15, 100.0, 100.0, 100.0, 97.71, 97.56, 98.14, 97.96, 97.81], [95.0, 95.0, 96.26, 96.28, 96.32, 97.0, 97.0, 97.0, 97.0, 97.0, 98.89, 98.67, 98.96, 99.21, 98.93, 98.53, 98.31, 98.7, 97.61, 97.44], [96.28, 96.3, 95.71, 95.74, 97.0, 97.0, 97.0, 97.0, 97.0, 97.0, 98.29, 98.66, 99.05, 99.41, 99.2, 99.24, 98.97, 98.76, 98.61, 98.51], [95.71, 95.74, 95.77, 95.83, 97.0, 97.0, 97.0, 97.0, 97.0, 97.76, 98.16, 98.61, 99.08, 99.18, 99.88, 99.32, 98.94, 98.69, 98.54, 98.44], [95.75, 95.79, 95.83, 97.0, 97.0, 97.0, 97.0, 97.0, 97.27, 97.58, 98.24, 98.63, 98.45, 98.9, 99.37, 99.09, 98.77, 98.55, 98.42, 98.35], [95.78, 95.81, 98.14, 98.09, 98.01, 97.91, 97.75, 97.33, 97.5, 97.86, 98.25, 98.58, 98.21, 98.44, 98.86, 98.69, 98.49, 98.34, 98.27, 98.24], [98.22, 98.19, 98.15, 97.83, 97.79, 97.73, 97.65, 97.57, 97.94, 98.11, 98.35, 98.58, 97.97, 98.54, 98.46, 98.31, 98.17, 98.1, 98.09, 98.12], [97.93, 97.92, 97.91, 97.9, 97.88, 97.86, 97.84, 97.52, 98.24, 98.34, 98.47, 98.61, 98.4, 98.29, 98.15, 97.96, 97.83, 97.84, 97.93, 98.01], [97.97, 97.97, 97.97, 97.47, 97.51, 97.55, 97.61, 97.68, 97.76, 97.8, 97.76, 97.62, 98.0, 98.11, 97.93, 97.67, 97.4, 97.58, 97.82, 97.95], [97.42, 97.44, 97.46, 97.49, 97.53, 97.6, 97.69, 97.84, 98.02, 98.1, 97.96, 97.51, 98.05, 97.86, 97.67, 97.56, 96.76, 97.67, 97.87, 97.94], [97.42, 97.44, 97.46, 97.5, 97.54, 97.62, 97.73, 97.93, 98.28, 98.58, 98.13, 97.56, 97.24, 97.9, 97.75, 97.63, 97.87, 98.22, 97.98, 97.97], [97.42, 97.43, 97.45, 97.48, 97.53, 97.59, 97.7, 97.88, 98.21, 98.48, 97.89, 97.46, 97.19, 97.96, 97.84, 97.33, 97.54, 97.65, 98.0, 97.99], [97.41, 97.42, 97.44, 97.46, 97.49, 97.53, 97.59, 97.68, 97.78, 97.76, 97.42, 97.21, 97.07, 96.97, 97.12, 97.26, 97.39, 97.45, 97.44, 97.39], [97.39, 97.4, 97.41, 97.42, 97.44, 97.45, 97.45, 97.44, 97.35, 97.04, 96.86, 97.33, 97.56, 97.76, 97.04, 97.17, 97.27, 97.33, 97.34, 97.32], [97.38, 97.38, 97.38, 97.38, 97.38, 97.37, 97.33, 97.24, 97.04, 96.58, 96.37, 96.97, 97.36, 97.62, 96.97, 97.09, 97.18, 97.23, 97.26, 97.26], [97.36, 97.36, 97.36, 97.35, 97.33, 97.3, 97.24, 97.13, 97.17, 96.79, 96.56, 96.94, 97.29, 97.55, 96.91, 97.02, 97.1, 97.16, 97.19, 97.2], [97.35, 97.34, 97.33, 97.32, 97.29, 97.25, 97.19, 97.09, 97.22, 97.04, 96.97, 97.11, 97.33, 97.53, 96.88, 96.98, 97.05, 97.1, 97.14, 97.16], [97.33, 97.32, 97.31, 97.29, 97.27, 97.23, 97.17, 97.43, 97.32, 97.23, 97.2, 97.28, 97.41, 97.55, 96.87, 96.95, 97.01, 97.06, 97.1, 97.12]]}