gis_exercise/awsData/contour/humi_2023090610.json
{"header": {"refTime": "2023-09-06T10:00:00.000Z", "nx": 21, "ny": 33, "lo1": 113.509, "la1": 22.2235, "lo2": 113.5947, "la2": 22.1034, "dx": 0.0042850000000001385, "dy": 0.003753125000000024, "parameterCategory": 0, "parameterCategoryName": "Temperature", "parameterNumber": 0}, "z": [[64.65, 64.75, 64.88, 66.04, 66.14, 66.96, 67.08, 67.19, 67.25, 67.42, 67.36, 67.32, 66.08, 65.96, 68.57, 68.65, 66.56, 66.63, 66.67, 66.7], [64.58, 64.68, 64.81, 64.99, 66.12, 66.28, 67.1, 67.31, 67.44, 67.51, 67.39, 67.34, 66.12, 65.99, 68.57, 66.55, 66.65, 66.73, 66.79, 66.8], [64.49, 64.58, 64.71, 64.88, 66.06, 66.22, 66.5, 67.39, 67.86, 67.57, 67.39, 67.35, 66.2, 66.04, 66.51, 66.63, 66.77, 66.88, 66.94, 66.94], [64.38, 64.45, 64.56, 64.71, 64.92, 66.07, 66.29, 66.67, 67.01, 67.42, 67.31, 67.37, 66.43, 65.58, 66.55, 66.72, 66.94, 67.1, 67.15, 67.11], [64.25, 64.3, 64.37, 64.49, 64.65, 65.85, 65.94, 66.06, 66.13, 67.12, 67.13, 65.87, 67.03, 65.79, 66.53, 66.83, 67.22, 67.45, 67.44, 67.32], [64.11, 64.12, 64.16, 64.22, 64.33, 64.48, 65.55, 65.49, 65.47, 65.47, 64.67, 65.19, 65.97, 65.33, 66.35, 66.98, 67.72, 68.04, 67.83, 67.53], [62.34, 63.93, 63.91, 63.92, 63.98, 64.08, 63.5, 64.98, 64.9, 63.68, 63.53, 63.79, 63.44, 63.92, 66.04, 67.12, 68.49, 69.0, 69.63, 69.5], [62.28, 62.27, 62.26, 62.28, 62.35, 63.09, 63.38, 63.74, 63.88, 63.85, 64.33, 61.54, 61.51, 64.02, 66.28, 65.19, 67.38, 68.17, 66.93, 66.09], [62.72, 62.67, 62.14, 62.1, 62.08, 62.19, 62.56, 63.5, 64.32, 63.57, 63.08, 62.34, 61.98, 62.46, 66.02, 64.79, 66.07, 66.6, 66.29, 65.82], [61.0, 61.0, 61.0, 62.4, 62.21, 61.68, 62.05, 62.56, 64.57, 64.51, 61.96, 62.8, 62.53, 62.66, 66.01, 64.37, 65.18, 65.61, 65.62, 65.43], [61.0, 61.0, 61.0, 61.0, 61.0, 61.0, 61.0, 61.0, 62.06, 64.34, 65.0, 63.09, 62.87, 62.85, 66.12, 64.04, 64.63, 64.98, 65.06, 64.99], [61.0, 61.0, 61.0, 61.0, 61.0, 61.0, 61.0, 61.0, 61.0, -999.0, 65.0, 60.0, 60.0, 63.01, 66.22, 63.7, 64.06, 68.29, 68.34, 68.35], [61.0, 61.0, 61.0, 61.0, 61.0, 61.0, 61.0, 61.0, 61.0, 61.0, -999.0, 60.0, 60.0, 64.57, 62.56, 68.91, 68.93, 68.56, 68.61, 68.65], [61.0, 61.0, 61.0, 61.0, 61.0, 61.0, 61.0, 61.0, 61.0, 61.0, -999.0, 67.0, 67.0, 67.0, 63.15, 68.66, 68.71, 68.33, 68.41, 68.47], [61.0, 61.0, 61.0, 61.0, 61.0, 61.0, 61.0, 65.0, 65.0, 65.0, 65.0, 65.77, 67.0, 67.0, 67.0, 68.37, 68.46, 68.12, 68.22, 68.31], [61.0, 61.0, 63.52, 63.56, 63.64, 65.0, 65.0, 65.0, 65.0, 65.0, 66.26, 66.12, 66.31, 66.47, 66.29, 66.63, 66.58, 66.68, 67.5, 67.54], [63.57, 63.59, 62.41, 62.48, 65.0, 65.0, 65.0, 65.0, 65.0, 65.0, 65.86, 66.11, 66.37, 66.61, 66.65, 66.99, 66.98, 66.98, 66.98, 66.98], [62.43, 62.48, 62.55, 62.65, 65.0, 65.0, 65.0, 65.0, 65.0, 65.51, 65.78, 66.08, 66.39, 66.63, 66.95, 66.98, 66.98, 66.98, 66.98, 66.98], [62.51, 62.57, 62.66, 65.0, 65.0, 65.0, 65.0, 65.0, 65.18, 65.39, 65.76, 66.02, 66.27, 66.52, 66.98, 66.98, 66.97, 66.97, 66.97, 66.98], [62.56, 62.63, 65.57, 65.54, 65.51, 65.45, 65.37, 65.16, 65.3, 65.52, 65.76, 65.98, 66.18, 66.34, 66.97, 66.96, 66.95, 66.96, 66.97, 66.98], [65.61, 65.6, 65.58, 65.41, 65.39, 65.36, 65.33, 65.29, 65.55, 65.65, 65.8, 65.96, 66.1, 66.96, 66.95, 66.93, 66.93, 66.94, 66.96, 66.98], [65.47, 65.46, 65.46, 65.45, 65.44, 65.43, 65.42, 65.87, 65.71, 65.77, 65.86, 65.96, 66.35, 66.95, 66.92, 66.89, 66.88, 66.91, 66.96, 66.99], [65.48, 65.48, 65.48, 66.12, 66.1, 66.07, 66.05, 66.04, 66.05, 66.07, 66.12, 65.71, 66.59, 66.94, 66.91, 66.85, 66.76, 66.87, 66.98, 67.01], [66.22, 66.21, 66.2, 66.19, 66.18, 66.17, 66.16, 66.15, 66.15, 66.16, 66.21, 66.5, 66.58, 66.67, 66.74, 66.85, 66.45, 67.02, 67.07, 67.05], [66.27, 66.26, 66.26, 66.26, 66.26, 66.26, 66.26, 66.24, 66.18, 66.12, 66.26, 66.54, 66.57, 66.68, 66.77, 66.86, 67.15, 67.41, 67.16, 67.09], [66.31, 66.31, 66.32, 66.33, 66.34, 66.36, 66.36, 66.35, 66.27, 66.19, 66.5, 66.64, 66.66, 66.68, 66.78, 67.19, 67.24, 67.29, 67.14, 67.09], [66.35, 66.36, 66.37, 66.39, 66.42, 66.45, 66.48, 66.5, 66.52, 66.58, 66.8, 66.84, 66.8, 67.36, 67.29, 67.25, 67.25, 67.26, 67.25, 67.24], [66.38, 66.4, 66.42, 66.45, 66.49, 66.54, 66.6, 66.68, 66.81, 67.11, 67.22, 67.41, 67.39, 67.41, 67.35, 67.3, 67.28, 67.27, 67.26, 67.26], [66.42, 66.44, 66.47, 66.5, 66.55, 66.61, 66.7, 66.83, 67.04, 67.47, 67.83, 67.59, 67.48, 67.45, 67.4, 67.35, 67.31, 67.29, 67.28, 67.27], [66.44, 66.47, 66.5, 66.54, 66.6, 66.67, 66.76, 66.9, 67.46, 67.64, 67.76, 67.62, 67.51, 67.47, 67.43, 67.38, 67.34, 67.32, 67.3, 67.29], [66.47, 66.5, 66.53, 66.57, 66.63, 66.7, 66.79, 66.91, 67.46, 67.55, 67.6, 67.56, 67.51, 67.48, 67.45, 67.4, 67.36, 67.34, 67.32, 67.31], [66.49, 66.52, 66.55, 66.6, 66.65, 66.71, 66.79, 67.38, 67.44, 67.49, 67.52, 67.51, 67.49, 67.47, 67.46, 67.41, 67.38, 67.35, 67.33, 67.32]]}