gis_exercise/awsData/contour/humi_2023090619.json
{"header": {"refTime": "2023-09-06T19:00:00.000Z", "nx": 21, "ny": 33, "lo1": 113.509, "la1": 22.2235, "lo2": 113.5947, "la2": 22.1034, "dx": 0.0042850000000001385, "dy": 0.003753125000000024, "parameterCategory": 0, "parameterCategoryName": "Temperature", "parameterNumber": 0}, "z": [[85.05, 85.38, 85.8, 91.11, 91.37, 90.31, 90.79, 91.25, 91.4, 92.7, 92.09, 91.51, 90.35, 90.04, 88.43, 88.16, 86.1, 86.04, 86.0, 85.98], [84.82, 85.15, 85.57, 86.14, 91.29, 91.7, 91.1, 92.04, 92.61, 93.18, 92.14, 91.28, 90.01, 89.71, 88.16, 86.13, 86.05, 85.98, 85.93, 85.91], [84.52, 84.82, 85.22, 85.78, 91.1, 91.52, 92.23, 92.66, 95.17, 93.58, 91.95, 90.78, 89.44, 89.23, 86.21, 86.09, 85.97, 85.88, 85.84, 85.83], [84.16, 84.4, 84.74, 85.23, 85.92, 91.09, 91.66, 92.65, 93.57, 92.95, 91.36, 89.91, 88.5, 87.87, 86.2, 86.03, 85.86, 85.75, 85.71, 85.72], [83.73, 83.89, 84.13, 84.51, 85.05, 90.45, 90.67, 91.04, 91.34, 91.97, 90.75, 87.76, 86.75, 87.65, 86.2, 85.95, 85.68, 85.53, 85.52, 85.59], [83.25, 83.3, 83.42, 83.64, 84.0, 84.5, 89.53, 89.37, 89.52, 90.04, 89.12, 88.28, 87.48, 87.0, 86.24, 85.82, 85.36, 85.16, 85.28, 85.46], [77.47, 82.66, 82.62, 82.66, 82.83, 83.18, 82.77, 87.56, 87.51, 88.33, 89.48, 89.19, 87.71, 87.53, 86.32, 85.69, 84.89, 84.59, 84.37, 84.5], [77.28, 77.23, 77.21, 77.25, 77.48, 81.25, 82.2, 83.17, 84.37, 88.54, 90.93, 89.92, 89.9, 87.49, 85.86, 86.4, 85.31, 84.92, 85.54, 85.96], [78.73, 78.58, 76.81, 76.66, 76.61, 76.98, 78.2, 82.59, 85.87, 88.12, 90.85, 90.41, 90.19, 90.48, 85.99, 86.61, 85.97, 85.7, 85.85, 86.09], [73.0, 73.0, 73.0, 77.68, 77.02, 75.27, 76.48, 78.19, 88.12, 87.61, 90.18, 90.68, 90.52, 90.6, 86.0, 86.81, 86.41, 86.2, 86.19, 86.28], [73.0, 73.0, 73.0, 73.0, 73.0, 73.0, 73.0, 73.0, 76.54, 86.08, 92.0, 90.86, 90.72, 90.71, 85.94, 86.98, 86.68, 86.51, 86.47, 86.5], [73.0, 73.0, 73.0, 73.0, 73.0, 73.0, 73.0, 73.0, 73.0, -999.0, 92.0, 89.0, 89.0, 90.81, 85.89, 87.15, 86.97, 83.43, 83.45, 83.45], [73.0, 73.0, 73.0, 73.0, 73.0, 73.0, 73.0, 73.0, 73.0, 73.0, -999.0, 89.0, 89.0, 85.08, 86.81, 83.64, 83.64, 83.52, 83.54, 83.55], [73.0, 73.0, 73.0, 73.0, 73.0, 73.0, 73.0, 73.0, 73.0, 73.0, -999.0, 83.0, 83.0, 83.0, 86.3, 83.55, 83.57, 83.44, 83.47, 83.49], [73.0, 73.0, 73.0, 73.0, 73.0, 73.0, 73.0, 76.0, 76.0, 76.0, 76.0, 78.69, 83.0, 83.0, 83.0, 83.46, 83.49, 83.37, 83.41, 83.44], [73.0, 73.0, 74.89, 74.92, 74.98, 76.0, 76.0, 76.0, 76.0, 76.0, 80.4, 79.91, 80.58, 81.15, 80.51, 82.63, 82.58, 82.68, 82.99, 82.99], [74.93, 74.94, 74.06, 74.11, 76.0, 76.0, 76.0, 76.0, 76.0, 76.0, 79.01, 79.88, 80.79, 81.63, 82.05, 83.27, 83.36, 83.44, 83.5, 83.55], [74.07, 74.11, 74.16, 74.24, 76.0, 76.0, 76.0, 76.0, 76.0, 77.78, 78.72, 79.77, 80.86, 81.98, 82.87, 83.23, 83.37, 83.46, 83.52, 83.57], [74.13, 74.18, 74.25, 76.0, 76.0, 76.0, 76.0, 76.0, 76.63, 77.36, 81.17, 82.18, 80.9, 81.68, 83.21, 83.3, 83.41, 83.5, 83.56, 83.6], [74.17, 74.22, 85.71, 85.24, 84.62, 83.7, 82.33, 78.8, 78.54, 80.16, 81.64, 82.53, 80.69, 81.25, 83.37, 83.41, 83.48, 83.55, 83.6, 83.64], [86.37, 86.12, 85.8, 83.03, 82.67, 82.18, 81.53, 80.85, 81.09, 81.81, 82.66, 83.21, 80.55, 83.47, 83.48, 83.5, 83.54, 83.6, 83.66, 83.7], [83.92, 83.85, 83.75, 83.64, 83.49, 83.33, 83.17, 84.16, 83.32, 83.73, 84.06, 84.19, 85.94, 83.55, 83.55, 83.54, 83.55, 83.63, 83.72, 83.76], [84.22, 84.23, 84.24, 85.47, 85.48, 85.54, 85.71, 86.07, 86.57, 86.95, 87.0, 85.1, 87.26, 83.61, 83.6, 83.53, 83.41, 83.63, 83.82, 83.85], [85.82, 85.85, 85.9, 86.0, 86.16, 86.44, 86.91, 87.64, 88.57, 89.06, 88.6, 89.3, 87.48, 86.46, 85.53, 83.59, 82.87, 83.99, 84.04, 83.96], [86.07, 86.15, 86.27, 86.44, 86.71, 87.11, 87.74, 88.7, 90.22, 91.43, 89.84, 89.58, 88.54, 86.61, 85.71, 84.99, 84.25, 84.77, 84.22, 84.04], [86.29, 86.41, 86.57, 86.79, 87.11, 87.55, 88.17, 89.07, 90.39, 91.38, 90.67, 89.6, 88.69, 86.8, 85.99, 84.84, 84.79, 84.85, 84.17, 84.05], [86.48, 86.62, 86.8, 87.05, 87.36, 87.77, 88.3, 88.92, 89.56, 89.8, 90.0, 89.39, 88.74, 85.8, 85.4, 85.13, 84.99, 84.96, 84.95, 84.96], [86.63, 86.78, 86.97, 87.22, 87.51, 87.87, 88.27, 88.69, 89.0, 89.67, 89.42, 89.74, 89.57, 89.3, 85.69, 85.39, 85.21, 85.12, 85.09, 85.08], [86.75, 86.91, 87.09, 87.32, 87.59, 87.89, 88.2, 88.5, 88.73, 89.25, 89.23, 89.47, 89.46, 89.3, 85.93, 85.62, 85.42, 85.3, 85.23, 85.2], [86.84, 86.99, 87.17, 87.38, 87.61, 87.86, 88.12, 88.36, 89.73, 89.47, 89.29, 89.4, 89.41, 89.3, 86.1, 85.8, 85.59, 85.45, 85.36, 85.31], [86.91, 87.05, 87.21, 87.4, 87.6, 87.82, 88.03, 88.23, 89.67, 89.53, 89.45, 89.43, 89.39, 89.3, 86.19, 85.92, 85.72, 85.58, 85.48, 85.42], [86.95, 87.08, 87.23, 87.4, 87.57, 87.75, 87.93, 89.73, 89.65, 89.56, 89.49, 89.44, 89.39, 89.31, 86.23, 86.0, 85.82, 85.68, 85.58, 85.5]]}