gis_exercise/awsData/contour/humi_2023091117.json
{"header": {"refTime": "2023-09-11T17:00:00.000Z", "nx": 21, "ny": 33, "lo1": 113.509, "la1": 22.2235, "lo2": 113.5947, "la2": 22.1034, "dx": 0.0042850000000001385, "dy": 0.003753125000000024, "parameterCategory": 0, "parameterCategoryName": "Temperature", "parameterNumber": 0}, "z": [[95.48, 95.52, 95.58, 96.92, 96.93, 95.32, 95.44, 95.54, 95.54, 96.12, 95.89, 95.66, 94.29, 94.15, 94.08, 94.05, 93.25, 93.29, 93.32, 93.35], [95.45, 95.49, 95.55, 95.62, 96.91, 96.93, 95.56, 95.8, 95.93, 96.25, 95.88, 95.52, 94.12, 93.98, 93.94, 93.19, 93.26, 93.31, 93.35, 93.37], [95.41, 95.44, 95.5, 95.57, 96.89, 96.9, 96.93, 96.01, 96.74, 96.36, 95.79, 95.26, 93.83, 93.74, 93.08, 93.19, 93.28, 93.35, 93.39, 93.41], [95.36, 95.39, 95.43, 95.5, 95.59, 96.86, 96.89, 96.93, 96.98, 96.24, 95.6, 94.8, 93.35, 93.84, 93.05, 93.22, 93.33, 93.41, 93.44, 93.45], [95.3, 95.32, 95.35, 95.4, 95.47, 96.8, 96.81, 96.85, 96.93, 96.16, 95.53, 93.76, 92.74, 93.6, 93.07, 93.28, 93.42, 93.5, 93.52, 93.5], [95.24, 95.24, 95.26, 95.28, 95.32, 95.38, 96.68, 96.67, 96.8, 97.11, 95.23, 94.27, 93.42, 92.67, 93.17, 93.39, 93.56, 93.64, 93.61, 93.56], [94.45, 95.16, 95.15, 95.15, 95.17, 95.2, 95.76, 96.32, 96.42, 96.65, 96.95, 95.12, 93.14, 93.02, 93.32, 93.5, 93.74, 93.83, 93.63, 93.5], [94.43, 94.42, 94.42, 94.43, 94.45, 95.53, 95.62, 95.58, 95.39, 96.86, 98.1, 95.54, 95.51, 92.99, 94.0, 94.0, 94.0, 94.0, 94.0, 94.0], [94.57, 94.56, 94.38, 94.37, 94.36, 94.4, 94.52, 95.64, 96.27, 96.49, 97.08, 96.34, 95.98, 96.46, 94.0, 94.0, 94.0, 94.0, 94.0, 94.0], [94.0, 94.0, 94.0, 94.47, 94.4, 94.23, 94.35, 94.52, 97.27, 97.05, 95.96, 96.8, 96.53, 96.66, 94.0, 94.0, 94.0, 94.0, 94.0, 94.0], [94.0, 94.0, 94.0, 94.0, 94.0, 94.0, 94.0, 94.0, 94.35, 96.37, 99.0, 97.09, 96.87, 96.85, 94.0, 94.0, 94.0, 94.0, 94.0, 94.0], [94.0, 94.0, 94.0, 94.0, 94.0, 94.0, 94.0, 94.0, 94.0, -999.0, 99.0, 94.0, 94.0, 97.01, 94.0, 94.0, 94.0, 96.84, 96.77, 96.76], [94.0, 94.0, 94.0, 94.0, 94.0, 94.0, 94.0, 94.0, 94.0, 94.0, -999.0, 94.0, 94.0, 97.26, 95.83, 95.82, 95.78, 96.4, 96.31, 96.26], [94.0, 94.0, 94.0, 94.0, 94.0, 94.0, 94.0, 94.0, 94.0, 94.0, -999.0, 99.0, 99.0, 99.0, 96.25, 96.24, 96.16, 96.78, 96.65, 96.55], [94.0, 94.0, 94.0, 94.0, 94.0, 94.0, 94.0, 94.0, 94.0, 94.0, 94.0, 95.92, 99.0, 99.0, 99.0, 96.71, 96.56, 97.14, 96.96, 96.81], [94.0, 94.0, 94.0, 94.0, 94.0, 94.0, 94.0, 94.0, 94.0, 94.0, 97.15, 96.79, 97.27, 97.68, 97.22, 98.63, 98.58, 98.68, 97.43, 97.32], [94.0, 94.0, 94.0, 94.0, 94.0, 94.0, 94.0, 94.0, 94.0, 94.0, 96.15, 96.77, 97.42, 98.02, 98.29, 98.7, 98.6, 98.52, 98.46, 98.42], [94.0, 94.0, 94.0, 94.0, 94.0, 94.0, 94.0, 94.0, 94.0, 95.27, 95.94, 96.69, 97.47, 98.24, 98.9, 98.74, 98.59, 98.49, 98.43, 98.39], [94.0, 94.0, 94.0, 94.0, 94.0, 94.0, 94.0, 94.0, 94.45, 94.97, 96.18, 96.84, 97.45, 98.01, 98.76, 98.65, 98.53, 98.44, 98.39, 98.35], [94.0, 94.0, 96.29, 96.17, 96.03, 95.81, 95.49, 94.66, 94.91, 95.56, 96.23, 96.79, 97.28, 97.69, 98.56, 98.5, 98.42, 98.36, 98.33, 98.31], [96.44, 96.38, 96.31, 95.65, 95.57, 95.45, 95.3, 95.14, 95.72, 96.02, 96.44, 96.83, 97.17, 98.44, 98.42, 98.36, 98.31, 98.28, 98.26, 98.26], [95.86, 95.85, 95.82, 95.8, 95.76, 95.72, 95.69, 95.73, 96.31, 96.48, 96.71, 96.93, 98.35, 98.35, 98.3, 98.25, 98.2, 98.19, 98.2, 98.21], [95.94, 95.94, 95.94, 95.96, 95.97, 96.0, 96.06, 96.16, 96.29, 96.37, 96.36, 96.82, 98.0, 98.28, 98.23, 98.16, 98.11, 98.11, 98.14, 98.17], [96.0, 96.02, 96.04, 96.07, 96.11, 96.19, 96.32, 96.52, 96.76, 96.89, 96.74, 97.5, 98.0, 98.0, 98.0, 98.11, 98.03, 98.05, 98.1, 98.15], [96.05, 96.07, 96.1, 96.15, 96.22, 96.33, 96.49, 96.75, 97.18, 97.53, 97.05, 97.46, 97.43, 98.0, 98.0, 98.0, 98.06, 98.05, 98.1, 98.14], [96.09, 96.12, 96.16, 96.21, 96.29, 96.4, 96.56, 96.8, 97.18, 97.48, 97.5, 97.36, 97.34, 98.0, 98.0, 97.7, 97.79, 97.81, 98.11, 98.14], [96.12, 96.15, 96.19, 96.25, 96.32, 96.41, 96.54, 96.69, 96.85, 96.88, 97.2, 97.16, 97.2, 97.29, 97.45, 97.59, 97.67, 97.71, 97.7, 97.68], [96.14, 96.17, 96.21, 96.26, 96.32, 96.4, 96.47, 96.54, 96.56, 96.89, 96.78, 96.89, 97.04, 97.17, 97.34, 97.48, 97.57, 97.61, 97.63, 97.62], [96.16, 96.19, 96.22, 96.27, 96.31, 96.36, 96.41, 96.43, 96.39, 96.53, 96.25, 96.65, 96.91, 97.08, 97.25, 97.38, 97.47, 97.53, 97.56, 97.57], [96.17, 96.2, 96.23, 96.26, 96.3, 96.33, 96.35, 96.35, 96.78, 96.53, 96.38, 96.63, 96.86, 97.03, 97.18, 97.3, 97.4, 97.46, 97.49, 97.51], [96.17, 96.2, 96.23, 96.25, 96.28, 96.3, 96.32, 96.31, 96.81, 96.69, 96.65, 96.74, 96.89, 97.02, 97.14, 97.25, 97.34, 97.4, 97.44, 97.47], [96.18, 96.2, 96.22, 96.24, 96.27, 96.28, 96.29, 96.95, 96.88, 96.82, 96.8, 96.85, 96.94, 97.03, 97.12, 97.22, 97.3, 97.35, 97.4, 97.42]]}