gis_exercise/awsData/contour/humi_2023090303.json
{"header": {"refTime": "2023-09-03T03:00:00.000Z", "nx": 21, "ny": 33, "lo1": 113.509, "la1": 22.2235, "lo2": 113.5947, "la2": 22.1034, "dx": 0.0042850000000001385, "dy": 0.003753125000000024, "parameterCategory": 0, "parameterCategoryName": "Temperature", "parameterNumber": 0}, "z": [[90.86, 90.92, 91.0, 92.37, 92.4, 91.06, 91.2, 91.33, 91.35, 91.93, 91.68, 91.43, 90.05, 89.89, 89.5, 89.4, 88.27, 88.27, 88.27, 88.27], [90.82, 90.88, 90.96, 91.06, 92.38, 92.44, 91.33, 91.63, 91.79, 92.08, 91.67, 91.3, 89.89, 89.73, 89.37, 88.26, 88.26, 88.26, 88.26, 88.26], [90.77, 90.82, 90.89, 90.99, 92.34, 92.4, 92.5, 91.86, 92.71, 92.22, 91.59, 91.04, 89.61, 89.49, 88.26, 88.26, 88.25, 88.25, 88.24, 88.25], [90.7, 90.74, 90.8, 90.89, 91.01, 92.32, 92.41, 92.56, 92.7, 92.05, 91.37, 90.59, 89.15, 89.41, 88.25, 88.25, 88.24, 88.23, 88.23, 88.23], [90.63, 90.65, 90.69, 90.75, 90.84, 92.2, 92.23, 92.3, 92.4, 91.86, 91.24, 89.37, 88.57, 89.22, 88.25, 88.24, 88.22, 88.2, 88.21, 88.22], [90.54, 90.55, 90.56, 90.59, 90.64, 90.71, 92.0, 91.98, 92.09, 92.38, 90.57, 89.76, 89.08, 88.33, 88.28, 88.24, 88.18, 88.16, 88.18, 88.2], [89.45, 90.44, 90.43, 90.42, 90.44, 90.46, 90.76, 91.51, 91.58, 91.65, 91.95, 90.39, 88.57, 88.51, 88.33, 88.24, 88.12, 88.08, 88.0, 88.0], [89.43, 89.42, 89.42, 89.43, 89.45, 90.53, 90.62, 90.58, 90.39, 91.86, 93.1, 90.54, 90.51, 88.5, 88.37, 88.48, 88.26, 88.18, 88.31, 88.39], [89.57, 89.56, 89.38, 89.37, 89.36, 89.4, 89.52, 90.64, 91.27, 91.49, 92.08, 91.34, 90.98, 91.46, 88.4, 88.52, 88.39, 88.34, 88.37, 88.42], [89.0, 89.0, 89.0, 89.47, 89.4, 89.23, 89.35, 89.52, 92.27, 92.05, 90.96, 91.8, 91.53, 91.66, 88.4, 88.56, 88.48, 88.44, 88.44, 88.46], [89.0, 89.0, 89.0, 89.0, 89.0, 89.0, 89.0, 89.0, 89.35, 91.37, 94.0, 92.09, 91.87, 91.85, 88.39, 88.6, 88.54, 88.5, 88.49, 88.5], [89.0, 89.0, 89.0, 89.0, 89.0, 89.0, 89.0, 89.0, 89.0, -999.0, 94.0, 89.0, 89.0, 92.01, 88.38, 88.63, 88.59, 92.55, 92.44, 92.41], [89.0, 89.0, 89.0, 89.0, 89.0, 89.0, 89.0, 89.0, 89.0, 89.0, -999.0, 89.0, 89.0, 93.57, 91.56, 90.91, 90.85, 91.84, 91.7, 91.61], [89.0, 89.0, 89.0, 89.0, 89.0, 89.0, 89.0, 89.0, 89.0, 89.0, -999.0, 96.0, 96.0, 96.0, 92.15, 91.58, 91.45, 92.46, 92.24, 92.08], [89.0, 89.0, 89.0, 89.0, 89.0, 89.0, 89.0, 92.0, 92.0, 92.0, 92.0, 93.54, 96.0, 96.0, 96.0, 92.34, 92.1, 93.02, 92.73, 92.5], [89.0, 89.0, 90.89, 90.92, 90.98, 92.0, 92.0, 92.0, 92.0, 92.0, 94.52, 94.23, 94.62, 94.95, 94.57, 94.53, 94.31, 94.7, 92.84, 92.61], [90.93, 90.94, 90.06, 90.11, 92.0, 92.0, 92.0, 92.0, 92.0, 92.0, 93.72, 94.22, 94.74, 95.22, 95.08, 95.38, 95.16, 94.99, 94.87, 94.8], [90.07, 90.11, 90.16, 90.24, 92.0, 92.0, 92.0, 92.0, 92.0, 93.02, 93.55, 94.15, 94.78, 95.05, 95.86, 95.45, 95.13, 94.93, 94.81, 94.74], [90.13, 90.18, 90.25, 92.0, 92.0, 92.0, 92.0, 92.0, 92.36, 92.78, 93.34, 93.84, 94.18, 94.73, 95.49, 95.25, 94.99, 94.82, 94.72, 94.66], [90.17, 90.22, 92.57, 92.54, 92.51, 92.45, 92.37, 92.16, 92.49, 92.86, 93.3, 93.73, 93.91, 94.22, 95.06, 94.92, 94.75, 94.64, 94.59, 94.57], [92.61, 92.6, 92.58, 92.41, 92.39, 92.36, 92.33, 92.29, 92.86, 93.04, 93.32, 93.63, 93.66, 94.8, 94.72, 94.59, 94.48, 94.43, 94.44, 94.48], [92.47, 92.46, 92.46, 92.45, 92.44, 92.43, 92.42, 92.17, 93.06, 93.17, 93.34, 93.55, 93.74, 94.59, 94.46, 94.29, 94.16, 94.2, 94.31, 94.4], [92.48, 92.48, 92.48, 92.11, 92.13, 92.16, 92.2, 92.24, 92.29, 92.3, 92.27, 92.44, 93.56, 94.44, 94.27, 94.01, 93.73, 93.96, 94.24, 94.37], [92.07, 92.08, 92.09, 92.11, 92.14, 92.17, 92.23, 92.31, 92.42, 92.46, 92.37, 92.25, 93.55, 93.63, 93.66, 93.93, 92.97, 94.15, 94.35, 94.39], [92.06, 92.07, 92.08, 92.1, 92.13, 92.17, 92.24, 92.36, 92.56, 92.74, 92.46, 92.25, 92.13, 93.65, 93.74, 93.83, 94.42, 94.9, 94.51, 94.45], [92.05, 92.06, 92.07, 92.09, 92.11, 92.15, 92.2, 92.31, 92.51, 92.68, 92.38, 92.17, 92.07, 93.67, 93.78, 93.62, 93.95, 94.11, 94.51, 94.47], [92.04, 92.05, 92.05, 92.06, 92.08, 92.1, 92.13, 92.17, 92.23, 92.21, 92.08, 91.98, 91.96, 92.94, 93.22, 93.48, 93.69, 93.79, 93.77, 93.69], [92.03, 92.03, 92.03, 92.03, 92.04, 92.04, 92.03, 92.01, 91.94, 91.79, 91.68, 92.33, 92.68, 93.05, 93.06, 93.3, 93.48, 93.58, 93.6, 93.57], [92.01, 92.01, 92.01, 92.01, 92.0, 91.98, 91.94, 91.88, 91.73, 91.46, 91.37, 92.0, 92.49, 92.88, 92.91, 93.14, 93.31, 93.41, 93.45, 93.46], [92.0, 92.0, 91.99, 91.98, 91.96, 91.93, 91.88, 91.8, 92.13, 91.78, 91.57, 91.99, 92.43, 92.79, 92.81, 93.02, 93.17, 93.27, 93.33, 93.36], [91.99, 91.98, 91.97, 91.96, 91.94, 91.9, 91.85, 91.78, 92.22, 92.05, 92.01, 92.2, 92.48, 92.76, 92.74, 92.93, 93.07, 93.17, 93.24, 93.28], [91.98, 91.97, 91.96, 91.94, 91.92, 91.89, 91.84, 92.45, 92.35, 92.28, 92.28, 92.39, 92.57, 92.78, 92.72, 92.87, 93.0, 93.09, 93.16, 93.2]]}