gis_exercise/awsData/contour/humi_2023083122.json
{"header": {"refTime": "2023-08-31T22:00:00.000Z", "nx": 21, "ny": 33, "lo1": 113.509, "la1": 22.2235, "lo2": 113.5947, "la2": 22.1034, "dx": 0.0042850000000001385, "dy": 0.003753125000000024, "parameterCategory": 0, "parameterCategoryName": "Temperature", "parameterNumber": 0}, "z": [[86.38, 86.6, 86.88, 88.98, 89.23, 87.7, 88.16, 88.59, 88.65, 88.41, 87.41, 86.45, 84.28, 83.75, 83.38, 83.13, 79.25, 79.29, 79.32, 79.35], [86.23, 86.44, 86.73, 87.11, 89.18, 89.59, 88.58, 89.54, 90.08, 89.22, 87.5, 86.09, 83.77, 83.24, 82.95, 79.19, 79.26, 79.31, 79.35, 79.37], [86.03, 86.22, 86.49, 86.86, 89.02, 89.44, 90.14, 90.3, 93.05, 89.89, 87.19, 85.3, 82.87, 82.49, 79.08, 79.19, 79.28, 79.35, 79.39, 79.41], [85.79, 85.94, 86.16, 86.48, 86.94, 89.06, 89.62, 90.58, 91.47, 88.8, 86.22, 83.92, 81.45, 80.04, 79.05, 79.22, 79.33, 79.41, 79.44, 79.45], [85.5, 85.6, 85.76, 85.99, 86.33, 88.5, 88.72, 89.04, 89.2, 87.09, 85.13, 79.95, 78.81, 79.77, 79.07, 79.28, 79.42, 79.5, 79.52, 79.5], [85.19, 85.22, 85.29, 85.41, 85.62, 85.9, 87.76, 87.6, 87.52, 87.49, 81.61, 80.52, 79.57, 78.67, 79.17, 79.39, 79.56, 79.64, 79.61, 79.56], [81.24, 84.81, 84.77, 84.77, 84.85, 85.0, 83.25, 86.34, 86.1, 84.14, 84.08, 81.45, 79.14, 79.02, 79.32, 79.5, 79.74, 79.83, 79.63, 79.5], [81.14, 81.11, 81.1, 81.13, 81.24, 82.56, 83.03, 83.63, 83.99, 84.36, 85.14, 81.84, 81.81, 78.99, 80.0, 80.0, 80.0, 80.0, 80.0, 80.0], [81.86, 81.79, 80.91, 80.83, 80.8, 80.99, 81.6, 83.25, 84.64, 84.0, 83.69, 82.81, 82.38, 82.95, 80.0, 80.0, 80.0, 80.0, 80.0, 80.0], [79.0, 79.0, 79.0, 81.34, 81.01, 80.13, 80.74, 81.6, 85.14, 85.03, 82.35, 83.36, 83.04, 83.19, 80.0, 80.0, 80.0, 80.0, 80.0, 80.0], [79.0, 79.0, 79.0, 79.0, 79.0, 79.0, 79.0, 79.0, 80.77, 84.68, 86.0, 83.71, 83.44, 83.43, 80.0, 80.0, 80.0, 80.0, 80.0, 80.0], [79.0, 79.0, 79.0, 79.0, 79.0, 79.0, 79.0, 79.0, 79.0, -999.0, 86.0, 80.0, 80.0, 83.61, 80.0, 80.0, 80.0, 86.82, 86.66, 86.61], [79.0, 79.0, 79.0, 79.0, 79.0, 79.0, 79.0, 79.0, 79.0, 79.0, -999.0, 80.0, 80.0, 87.83, 84.39, 84.37, 84.28, 85.76, 85.55, 85.42], [79.0, 79.0, 79.0, 79.0, 79.0, 79.0, 79.0, 79.0, 79.0, 79.0, -999.0, 92.0, 92.0, 92.0, 85.4, 85.37, 85.18, 86.68, 86.36, 86.11], [79.0, 79.0, 79.0, 79.0, 79.0, 79.0, 79.0, 83.0, 83.0, 83.0, 83.0, 86.46, 92.0, 92.0, 92.0, 86.51, 86.15, 87.53, 87.1, 86.74], [79.0, 79.0, 81.52, 81.56, 81.64, 83.0, 83.0, 83.0, 83.0, 83.0, 88.66, 88.02, 88.89, 89.63, 88.79, 86.14, 85.24, 86.8, 84.52, 83.99], [81.57, 81.59, 80.41, 80.48, 83.0, 83.0, 83.0, 83.0, 83.0, 83.0, 86.87, 87.99, 89.16, 90.24, 89.14, 89.23, 88.26, 87.5, 86.97, 86.62], [80.43, 80.48, 80.55, 80.65, 83.0, 83.0, 83.0, 83.0, 83.0, 85.29, 86.49, 87.84, 89.25, 89.11, 91.57, 89.53, 88.14, 87.26, 86.71, 86.37], [80.51, 80.57, 80.66, 83.0, 83.0, 83.0, 83.0, 83.0, 83.81, 84.75, 86.34, 87.49, 86.64, 88.08, 89.72, 88.69, 87.52, 86.74, 86.28, 86.03], [80.56, 80.63, 85.29, 85.17, 85.03, 84.81, 84.49, 83.66, 84.29, 85.24, 86.32, 87.29, 85.75, 86.4, 87.84, 87.24, 86.49, 85.97, 85.71, 85.61], [85.44, 85.38, 85.31, 84.65, 84.57, 84.45, 84.3, 84.14, 85.34, 85.81, 86.48, 87.17, 84.82, 86.68, 86.36, 85.81, 85.29, 85.06, 85.07, 85.18], [84.86, 84.85, 84.82, 84.8, 84.76, 84.72, 84.69, 84.73, 86.0, 86.28, 86.67, 87.12, 85.26, 85.74, 85.21, 84.5, 83.98, 84.07, 84.47, 84.82], [84.94, 84.94, 84.94, 84.96, 84.97, 85.0, 85.06, 85.16, 85.29, 85.37, 85.36, 82.93, 84.22, 85.09, 84.4, 83.37, 82.27, 83.08, 84.14, 84.62], [85.0, 85.02, 85.04, 85.07, 85.11, 85.19, 85.32, 85.52, 85.76, 85.89, 85.74, 83.8, 84.37, 83.81, 83.22, 82.97, 79.44, 83.65, 84.43, 84.67], [85.05, 85.07, 85.1, 85.15, 85.22, 85.33, 85.49, 85.75, 86.18, 86.53, 86.05, 84.12, 83.11, 84.0, 83.55, 83.28, 84.58, 86.26, 84.97, 84.83], [85.09, 85.12, 85.16, 85.21, 85.29, 85.4, 85.56, 85.8, 86.18, 86.48, 85.17, 84.24, 83.35, 84.2, 83.9, 83.58, 84.14, 84.55, 85.02, 84.93], [85.12, 85.15, 85.19, 85.25, 85.32, 85.41, 85.54, 85.69, 85.85, 85.88, 84.8, 84.23, 83.54, 83.75, 83.68, 83.75, 83.95, 84.09, 84.04, 83.91], [85.14, 85.17, 85.21, 85.26, 85.32, 85.4, 85.47, 85.54, 85.56, 84.78, 84.63, 86.33, 86.68, 87.05, 83.82, 83.82, 83.88, 83.93, 83.92, 83.86], [85.16, 85.19, 85.22, 85.27, 85.31, 85.36, 85.41, 85.43, 85.39, 84.72, 85.37, 86.0, 86.49, 86.88, 83.91, 83.87, 83.87, 83.88, 83.86, 83.83], [85.17, 85.2, 85.23, 85.26, 85.3, 85.33, 85.35, 85.35, 86.13, 85.78, 85.57, 85.99, 86.43, 86.79, 83.97, 83.9, 83.87, 83.86, 83.84, 83.81], [85.17, 85.2, 85.23, 85.25, 85.28, 85.3, 85.32, 85.31, 86.22, 86.05, 86.01, 86.2, 86.48, 86.76, 83.99, 83.93, 83.88, 83.86, 83.83, 83.81], [85.18, 85.2, 85.22, 85.24, 85.27, 85.28, 85.29, 86.45, 86.35, 86.28, 86.28, 86.39, 86.57, 86.78, 84.0, 83.94, 83.89, 83.86, 83.83, 83.81]]}