gis_exercise/awsData/contour/humi_2023090109.json
{"header": {"refTime": "2023-09-01T09:00:00.000Z", "nx": 21, "ny": 33, "lo1": 113.509, "la1": 22.2235, "lo2": 113.5947, "la2": 22.1034, "dx": 0.0042850000000001385, "dy": 0.003753125000000024, "parameterCategory": 0, "parameterCategoryName": "Temperature", "parameterNumber": 0}, "z": [[68.09, 68.12, 68.15, 68.96, 68.96, 67.58, 67.67, 67.74, 67.72, 67.93, 67.68, 67.43, 66.29, 66.15, 66.65, 66.69, 65.96, 66.05, 66.12, 66.16], [68.07, 68.1, 68.13, 68.18, 68.96, 68.96, 67.78, 67.97, 68.07, 68.08, 67.67, 67.3, 66.12, 65.98, 66.52, 65.85, 66.0, 66.11, 66.19, 66.23], [68.04, 68.07, 68.1, 68.15, 68.94, 68.95, 68.96, 68.17, 68.78, 68.22, 67.59, 67.04, 65.83, 65.74, 65.64, 65.87, 66.07, 66.2, 66.28, 66.32], [68.01, 68.03, 68.06, 68.11, 68.17, 68.93, 68.94, 68.97, 68.99, 68.05, 67.37, 66.59, 65.35, 65.64, 65.6, 65.93, 66.19, 66.35, 66.42, 66.43], [67.98, 67.99, 68.01, 68.04, 68.09, 68.9, 68.9, 68.92, 68.96, 67.86, 67.24, 65.56, 64.66, 65.44, 65.63, 66.07, 66.41, 66.59, 66.62, 66.57], [67.93, 67.94, 67.95, 67.97, 68.0, 68.05, 68.84, 68.83, 68.9, 69.05, 66.85, 66.02, 65.28, 64.67, 65.78, 66.29, 66.76, 66.95, 66.86, 66.71], [67.45, 67.88, 67.88, 67.88, 67.9, 67.94, 68.26, 68.66, 68.71, 68.53, 68.59, 66.79, 65.14, 65.02, 65.99, 66.52, 67.23, 67.49, 67.26, 67.01], [67.43, 67.42, 67.42, 67.43, 67.45, 68.07, 68.17, 68.22, 68.11, 68.69, 69.37, 67.23, 67.21, 64.99, 67.26, 67.04, 67.48, 67.63, 67.39, 67.22], [67.57, 67.56, 67.38, 67.37, 67.36, 67.4, 67.52, 68.2, 68.64, 68.42, 68.46, 67.87, 67.59, 67.97, 67.2, 66.96, 67.21, 67.32, 67.26, 67.16], [67.0, 67.0, 67.0, 67.47, 67.4, 67.23, 67.35, 67.52, 69.14, 69.03, 67.57, 68.24, 68.02, 68.13, 67.2, 66.87, 67.04, 67.12, 67.12, 67.09], [67.0, 67.0, 67.0, 67.0, 67.0, 67.0, 67.0, 67.0, 67.35, 68.68, 70.0, 68.48, 68.3, 68.28, 67.22, 66.81, 66.93, 67.0, 67.01, 67.0], [67.0, 67.0, 67.0, 67.0, 67.0, 67.0, 67.0, 67.0, 67.0, -999.0, 70.0, 66.0, 66.0, 68.41, 67.24, 66.74, 66.81, 72.55, 72.44, 72.41], [67.0, 67.0, 67.0, 67.0, 67.0, 67.0, 67.0, 67.0, 67.0, 67.0, -999.0, 66.0, 66.0, 72.53, 69.66, 70.91, 70.85, 71.84, 71.7, 71.61], [67.0, 67.0, 67.0, 67.0, 67.0, 67.0, 67.0, 67.0, 67.0, 67.0, -999.0, 76.0, 76.0, 76.0, 70.5, 71.58, 71.45, 72.46, 72.24, 72.08], [67.0, 67.0, 67.0, 67.0, 67.0, 67.0, 67.0, 68.0, 68.0, 68.0, 68.0, 71.07, 76.0, 76.0, 76.0, 72.34, 72.1, 73.02, 72.73, 72.5], [67.0, 67.0, 67.63, 67.64, 67.66, 68.0, 68.0, 68.0, 68.0, 68.0, 73.03, 72.46, 73.24, 73.89, 73.15, 73.07, 72.62, 73.4, 71.74, 71.44], [67.64, 67.65, 67.35, 67.37, 68.0, 68.0, 68.0, 68.0, 68.0, 68.0, 71.44, 72.43, 73.48, 74.44, 74.15, 74.48, 73.94, 73.52, 73.23, 73.02], [67.36, 67.37, 67.39, 67.41, 68.0, 68.0, 68.0, 68.0, 68.0, 70.03, 71.11, 72.31, 73.56, 74.1, 75.73, 74.64, 73.88, 73.39, 73.08, 72.89], [67.38, 67.39, 67.42, 68.0, 68.0, 68.0, 68.0, 68.0, 68.72, 69.56, 70.3, 71.3, 72.36, 73.46, 74.74, 74.18, 73.54, 73.1, 72.85, 72.7], [67.39, 67.41, 68.0, 68.0, 68.0, 68.0, 68.0, 68.0, 68.75, 69.38, 70.16, 71.0, 71.83, 72.44, 73.72, 73.39, 72.98, 72.69, 72.54, 72.47], [68.0, 68.0, 68.0, 68.0, 68.0, 68.0, 68.0, 68.0, 69.24, 69.57, 70.08, 70.69, 71.32, 73.08, 72.91, 72.62, 72.34, 72.2, 72.19, 72.23], [68.0, 68.0, 68.0, 68.0, 68.0, 68.0, 68.0, 68.17, 69.39, 69.59, 69.93, 70.38, 70.84, 72.57, 72.29, 71.93, 71.65, 71.67, 71.86, 72.02], [68.0, 68.0, 68.0, 68.25, 68.24, 68.23, 68.21, 68.2, 68.19, 68.19, 68.21, 68.0, 69.78, 72.21, 71.86, 71.34, 70.81, 71.16, 71.65, 71.89], [68.29, 68.28, 68.28, 68.27, 68.26, 68.25, 68.23, 68.21, 68.18, 68.17, 68.21, 68.25, 69.73, 70.01, 70.21, 71.12, 69.51, 71.34, 71.73, 71.88], [68.3, 68.3, 68.29, 68.29, 68.28, 68.27, 68.26, 68.22, 68.15, 68.09, 68.2, 68.27, 68.28, 70.03, 70.31, 70.57, 71.74, 72.45, 71.96, 71.94], [68.31, 68.31, 68.31, 68.31, 68.31, 68.3, 68.29, 68.26, 68.19, 68.13, 68.25, 68.32, 68.33, 70.04, 70.34, 70.81, 71.19, 71.4, 71.99, 71.99], [68.33, 68.33, 68.33, 68.33, 68.34, 68.34, 68.34, 68.33, 68.32, 68.34, 68.4, 68.42, 68.4, 70.3, 70.51, 70.73, 70.94, 71.05, 71.02, 70.93], [68.34, 68.34, 68.35, 68.35, 68.36, 68.37, 68.39, 68.42, 68.47, 68.55, 68.61, 69.44, 69.77, 70.17, 70.41, 70.6, 70.76, 70.85, 70.86, 70.83], [68.35, 68.36, 68.36, 68.37, 68.39, 68.41, 68.44, 68.49, 68.58, 68.73, 69.11, 69.38, 69.71, 70.06, 70.31, 70.49, 70.62, 70.7, 70.74, 70.74], [68.36, 68.37, 68.38, 68.39, 68.41, 68.43, 68.47, 68.52, 69.32, 69.24, 69.2, 69.42, 69.7, 70.0, 70.24, 70.39, 70.51, 70.59, 70.64, 70.65], [68.37, 68.38, 68.39, 68.4, 68.42, 68.45, 68.48, 68.53, 69.41, 69.38, 69.4, 69.54, 69.74, 69.98, 70.19, 70.33, 70.43, 70.51, 70.56, 70.58], [68.38, 68.39, 68.4, 68.41, 68.43, 68.46, 68.49, 69.53, 69.51, 69.51, 69.55, 69.65, 69.81, 69.99, 70.17, 70.28, 70.38, 70.45, 70.49, 70.53]]}