gis_exercise/awsData/contour/humi_2023091123.json
{"header": {"refTime": "2023-09-11T23:00:00.000Z", "nx": 21, "ny": 33, "lo1": 113.509, "la1": 22.2235, "lo2": 113.5947, "la2": 22.1034, "dx": 0.0042850000000001385, "dy": 0.003753125000000024, "parameterCategory": 0, "parameterCategoryName": "Temperature", "parameterNumber": 0}, "z": [[92.48, 92.52, 92.58, 94.43, 94.42, 91.86, 91.99, 92.11, 92.1, 93.0, 92.71, 92.4, 90.26, 90.06, 89.1, 88.96, 87.81, 87.8, 87.8, 87.8], [92.45, 92.49, 92.55, 92.62, 94.4, 94.37, 92.16, 92.46, 92.62, 93.15, 92.67, 92.2, 90.02, 89.83, 88.91, 87.79, 87.78, 87.77, 87.77, 87.77], [92.41, 92.44, 92.5, 92.57, 94.38, 94.35, 94.32, 92.74, 93.67, 93.28, 92.55, 91.82, 89.61, 89.48, 87.77, 87.77, 87.75, 87.74, 87.73, 87.74], [92.36, 92.39, 92.43, 92.5, 92.59, 94.33, 94.31, 94.27, 94.25, 93.17, 92.32, 91.17, 88.93, 89.86, 87.75, 87.75, 87.72, 87.69, 87.69, 87.7], [92.3, 92.32, 92.35, 92.4, 92.47, 94.3, 94.29, 94.31, 94.42, 93.17, 92.28, 89.73, 88.14, 89.49, 87.76, 87.73, 87.66, 87.61, 87.62, 87.66], [92.24, 92.24, 92.26, 92.28, 92.32, 92.38, 94.19, 94.19, 94.41, 94.89, 92.04, 90.53, 89.21, 88.0, 87.85, 87.72, 87.55, 87.48, 87.53, 87.61], [91.45, 92.16, 92.15, 92.15, 92.17, 92.2, 93.27, 93.8, 93.98, 94.38, 94.79, 91.85, 88.71, 88.53, 87.98, 87.71, 87.37, 87.25, 87.0, 87.0], [91.43, 91.42, 91.42, 91.43, 91.45, 92.98, 93.07, 92.94, 92.56, 94.71, 96.58, 92.46, 92.41, 88.49, 88.12, 88.44, 87.79, 87.55, 87.92, 88.17], [91.57, 91.56, 91.38, 91.37, 91.36, 91.4, 91.52, 93.08, 93.91, 94.13, 94.93, 93.75, 93.17, 93.93, 88.19, 88.56, 88.18, 88.02, 88.11, 88.26], [91.0, 91.0, 91.0, 91.47, 91.4, 91.23, 91.35, 91.52, 95.41, 95.08, 93.14, 94.47, 94.05, 94.25, 88.2, 88.69, 88.45, 88.32, 88.31, 88.37], [91.0, 91.0, 91.0, 91.0, 91.0, 91.0, 91.0, 91.0, 91.35, 94.05, 98.0, 94.95, 94.59, 94.57, 88.17, 88.79, 88.61, 88.51, 88.48, 88.5], [91.0, 91.0, 91.0, 91.0, 91.0, 91.0, 91.0, 91.0, 91.0, -999.0, 98.0, 90.0, 90.0, 94.81, 88.13, 88.89, 88.78, 92.12, 91.99, 91.96], [91.0, 91.0, 91.0, 91.0, 91.0, 91.0, 91.0, 91.0, 91.0, 91.0, -999.0, 90.0, 90.0, 93.92, 92.19, 90.28, 90.21, 91.32, 91.16, 91.06], [91.0, 91.0, 91.0, 91.0, 91.0, 91.0, 91.0, 91.0, 91.0, 91.0, -999.0, 96.0, 96.0, 96.0, 92.7, 91.03, 90.88, 92.01, 91.77, 91.58], [91.0, 91.0, 91.0, 91.0, 91.0, 91.0, 91.0, 91.0, 91.0, 91.0, 91.0, 92.92, 96.0, 96.0, 96.0, 91.88, 91.61, 92.65, 92.33, 92.06], [91.0, 91.0, 91.0, 91.0, 91.0, 91.0, 91.0, 91.0, 91.0, 91.0, 94.15, 93.79, 94.27, 94.68, 94.22, 94.53, 94.31, 94.7, 92.58, 92.33], [91.0, 91.0, 91.0, 91.0, 91.0, 91.0, 91.0, 91.0, 91.0, 91.0, 93.15, 93.77, 94.42, 95.02, 94.96, 95.24, 94.97, 94.76, 94.61, 94.51], [91.0, 91.0, 91.0, 91.0, 91.0, 91.0, 91.0, 91.0, 91.0, 92.27, 92.94, 93.69, 94.47, 94.92, 95.85, 95.32, 94.94, 94.69, 94.54, 94.44], [91.0, 91.0, 91.0, 91.0, 91.0, 91.0, 91.0, 91.0, 91.45, 91.97, 93.18, 93.84, 93.91, 94.56, 95.37, 95.09, 94.77, 94.55, 94.42, 94.35], [91.0, 91.0, 93.29, 93.17, 93.03, 92.81, 92.49, 91.66, 91.91, 92.56, 93.23, 93.79, 93.62, 94.0, 94.86, 94.69, 94.49, 94.34, 94.27, 94.24], [93.44, 93.38, 93.31, 92.65, 92.57, 92.45, 92.3, 92.14, 92.72, 93.02, 93.44, 93.83, 93.35, 94.54, 94.46, 94.31, 94.17, 94.1, 94.09, 94.12], [92.86, 92.85, 92.82, 92.8, 92.76, 92.72, 92.69, 92.73, 93.31, 93.48, 93.71, 93.93, 94.4, 94.29, 94.15, 93.96, 93.83, 93.84, 93.93, 94.01], [92.94, 92.94, 92.94, 92.96, 92.97, 93.0, 93.06, 93.16, 93.29, 93.37, 93.36, 93.03, 94.0, 94.11, 93.93, 93.67, 93.4, 93.58, 93.82, 93.95], [93.0, 93.02, 93.04, 93.07, 93.11, 93.19, 93.32, 93.52, 93.76, 93.89, 93.74, 93.76, 94.05, 93.86, 93.67, 93.56, 92.76, 93.67, 93.87, 93.94], [93.05, 93.07, 93.1, 93.15, 93.22, 93.33, 93.49, 93.75, 94.18, 94.53, 94.05, 93.82, 93.53, 93.9, 93.75, 93.63, 93.87, 94.22, 93.98, 93.97], [93.09, 93.12, 93.16, 93.21, 93.29, 93.4, 93.56, 93.8, 94.18, 94.48, 94.14, 93.78, 93.52, 93.96, 93.84, 93.48, 93.65, 93.75, 94.0, 93.99], [93.12, 93.15, 93.19, 93.25, 93.32, 93.41, 93.54, 93.69, 93.85, 93.88, 93.82, 93.63, 93.47, 93.33, 93.39, 93.47, 93.55, 93.6, 93.59, 93.55], [93.14, 93.17, 93.21, 93.26, 93.32, 93.4, 93.47, 93.54, 93.56, 93.59, 93.47, 93.89, 94.04, 94.17, 93.37, 93.43, 93.49, 93.52, 93.52, 93.51], [93.16, 93.19, 93.22, 93.27, 93.31, 93.36, 93.41, 93.43, 93.39, 93.31, 93.25, 93.65, 93.91, 94.08, 93.35, 93.4, 93.44, 93.47, 93.48, 93.48], [93.17, 93.2, 93.23, 93.26, 93.3, 93.33, 93.35, 93.35, 93.78, 93.53, 93.38, 93.63, 93.86, 94.03, 93.33, 93.37, 93.41, 93.43, 93.44, 93.45], [93.17, 93.2, 93.23, 93.25, 93.28, 93.3, 93.32, 93.31, 93.81, 93.69, 93.65, 93.74, 93.89, 94.02, 93.31, 93.35, 93.38, 93.4, 93.42, 93.43], [93.18, 93.2, 93.22, 93.24, 93.27, 93.28, 93.29, 93.95, 93.88, 93.82, 93.8, 93.85, 93.94, 94.03, 93.31, 93.34, 93.36, 93.38, 93.4, 93.41]]}