gis_exercise/awsData/contour/humi_2023090912.json
{"header": {"refTime": "2023-09-09T12:00:00.000Z", "nx": 21, "ny": 33, "lo1": 113.509, "la1": 22.2235, "lo2": 113.5947, "la2": 22.1034, "dx": 0.0042850000000001385, "dy": 0.003753125000000024, "parameterCategory": 0, "parameterCategoryName": "Temperature", "parameterNumber": 0}, "z": [[93.11, 93.14, 93.19, 95.03, 94.98, 93.07, 93.12, 93.15, 93.13, 93.76, 93.63, 93.48, 91.93, 91.82, 91.77, 91.77, 91.25, 91.29, 91.32, 91.35], [93.08, 93.12, 93.17, 93.23, 94.97, 94.9, 93.2, 93.32, 93.37, 93.79, 93.59, 93.35, 91.79, 91.69, 91.67, 91.19, 91.26, 91.31, 91.35, 91.37], [93.04, 93.08, 93.13, 93.2, 94.98, 94.9, 94.78, 93.46, 93.85, 93.84, 93.52, 93.13, 91.56, 91.49, 91.08, 91.19, 91.28, 91.35, 91.39, 91.41], [93.0, 93.03, 93.08, 93.15, 93.23, 94.94, 94.85, 94.68, 94.54, 93.85, 93.44, 92.74, 91.16, 92.04, 91.05, 91.22, 91.33, 91.41, 91.44, 91.45], [92.95, 92.97, 93.01, 93.07, 93.16, 95.0, 94.96, 94.93, 94.98, 94.03, 93.51, 91.95, 90.81, 91.77, 91.07, 91.28, 91.42, 91.5, 91.52, 91.5], [92.88, 92.9, 92.93, 92.97, 93.05, 93.17, 95.03, 95.05, 95.22, 95.57, 93.61, 92.52, 91.57, 90.67, 91.17, 91.39, 91.56, 91.64, 91.61, 91.56], [92.34, 92.81, 92.81, 92.84, 92.91, 93.04, 94.26, 94.95, 95.12, 95.45, 95.69, 93.45, 91.14, 91.02, 91.32, 91.5, 91.74, 91.83, 91.63, 91.5], [92.28, 92.27, 92.26, 92.28, 92.35, 93.77, 94.05, 94.29, 94.34, 95.7, 96.98, 93.84, 93.81, 90.99, 92.0, 92.0, 92.0, 92.0, 92.0, 92.0], [92.72, 92.67, 92.14, 92.1, 92.08, 92.19, 92.56, 94.16, 95.27, 95.28, 95.69, 94.81, 94.38, 94.95, 92.0, 92.0, 92.0, 92.0, 92.0, 92.0], [91.0, 91.0, 91.0, 92.4, 92.21, 91.68, 92.05, 92.56, 96.27, 96.05, 94.35, 95.36, 95.04, 95.19, 92.0, 92.0, 92.0, 92.0, 92.0, 92.0], [91.0, 91.0, 91.0, 91.0, 91.0, 91.0, 91.0, 91.0, 92.06, 95.37, 98.0, 95.71, 95.44, 95.43, 92.0, 92.0, 92.0, 92.0, 92.0, 92.0], [91.0, 91.0, 91.0, 91.0, 91.0, 91.0, 91.0, 91.0, 91.0, -999.0, 98.0, 92.0, 92.0, 95.61, 92.0, 92.0, 92.0, 95.41, 95.33, 95.31], [91.0, 91.0, 91.0, 91.0, 91.0, 91.0, 91.0, 91.0, 91.0, 91.0, -999.0, 92.0, 92.0, 95.92, 94.19, 94.18, 94.14, 94.88, 94.77, 94.71], [91.0, 91.0, 91.0, 91.0, 91.0, 91.0, 91.0, 91.0, 91.0, 91.0, -999.0, 98.0, 98.0, 98.0, 94.7, 94.68, 94.59, 95.34, 95.18, 95.06], [91.0, 91.0, 91.0, 91.0, 91.0, 91.0, 91.0, 93.0, 93.0, 93.0, 93.0, 94.92, 98.0, 98.0, 98.0, 95.25, 95.07, 95.77, 95.55, 95.37], [91.0, 91.0, 92.26, 92.28, 92.32, 93.0, 93.0, 93.0, 93.0, 93.0, 96.15, 95.79, 96.27, 96.68, 96.22, 96.53, 96.31, 96.7, 95.35, 95.16], [92.28, 92.3, 91.71, 91.74, 93.0, 93.0, 93.0, 93.0, 93.0, 93.0, 95.15, 95.77, 96.42, 97.02, 96.96, 97.1, 96.78, 96.53, 96.35, 96.23], [91.71, 91.74, 91.77, 91.83, 93.0, 93.0, 93.0, 93.0, 93.0, 94.27, 94.94, 95.69, 96.47, 96.92, 97.85, 97.2, 96.74, 96.45, 96.27, 96.15], [91.75, 91.79, 91.83, 93.0, 93.0, 93.0, 93.0, 93.0, 93.45, 93.97, 95.0, 95.64, 95.91, 96.56, 97.26, 96.93, 96.55, 96.29, 96.13, 96.04], [91.78, 91.81, 94.71, 94.63, 94.52, 94.36, 94.12, 93.49, 93.8, 94.38, 95.01, 95.56, 95.62, 96.0, 96.66, 96.47, 96.23, 96.05, 95.95, 95.9], [94.83, 94.79, 94.73, 94.24, 94.18, 94.09, 93.98, 93.86, 94.48, 94.76, 95.15, 95.54, 95.35, 96.28, 96.19, 96.03, 95.86, 95.77, 95.75, 95.76], [94.4, 94.38, 94.37, 94.35, 94.32, 94.29, 94.27, 94.04, 94.95, 95.11, 95.33, 95.57, 96.07, 95.99, 95.84, 95.64, 95.49, 95.48, 95.55, 95.62], [94.45, 94.45, 94.45, 94.09, 94.12, 94.16, 94.23, 94.32, 94.43, 94.49, 94.46, 94.59, 95.33, 95.77, 95.59, 95.33, 95.08, 95.2, 95.4, 95.53], [94.07, 94.09, 94.11, 94.14, 94.19, 94.27, 94.39, 94.57, 94.8, 94.91, 94.75, 94.76, 95.36, 95.24, 95.11, 95.19, 94.54, 95.19, 95.38, 95.49], [94.09, 94.11, 94.14, 94.18, 94.24, 94.33, 94.48, 94.73, 95.15, 95.51, 94.99, 94.77, 94.54, 95.27, 95.16, 95.09, 95.32, 95.54, 95.45, 95.5], [94.1, 94.12, 94.15, 94.19, 94.25, 94.34, 94.48, 94.71, 95.1, 95.42, 95.01, 94.65, 94.46, 95.31, 95.22, 94.74, 94.92, 95.01, 95.48, 95.52], [94.1, 94.12, 94.15, 94.19, 94.24, 94.3, 94.4, 94.52, 94.65, 94.65, 94.55, 94.39, 94.31, 94.29, 94.47, 94.64, 94.76, 94.82, 94.81, 94.77], [94.1, 94.12, 94.14, 94.17, 94.2, 94.23, 94.27, 94.28, 94.22, 94.14, 93.97, 94.33, 94.56, 94.76, 94.37, 94.52, 94.63, 94.69, 94.71, 94.69], [94.09, 94.11, 94.12, 94.14, 94.15, 94.16, 94.15, 94.09, 93.93, 93.65, 93.37, 93.97, 94.36, 94.62, 94.27, 94.42, 94.52, 94.59, 94.62, 94.62], [94.08, 94.09, 94.1, 94.11, 94.11, 94.1, 94.06, 93.98, 94.17, 93.79, 93.56, 93.94, 94.29, 94.55, 94.2, 94.33, 94.43, 94.5, 94.54, 94.56], [94.08, 94.08, 94.08, 94.08, 94.08, 94.05, 94.01, 93.94, 94.22, 94.04, 93.97, 94.11, 94.33, 94.53, 94.16, 94.28, 94.37, 94.43, 94.48, 94.5], [94.07, 94.07, 94.07, 94.06, 94.05, 94.03, 93.99, 94.43, 94.32, 94.23, 94.2, 94.28, 94.41, 94.55, 94.14, 94.24, 94.32, 94.38, 94.43, 94.46]]}