gis_exercise/awsData/contour/humi_2023091217.json
{"header": {"refTime": "2023-09-12T17:00:00.000Z", "nx": 21, "ny": 33, "lo1": 113.509, "la1": 22.2235, "lo2": 113.5947, "la2": 22.1034, "dx": 0.0042850000000001385, "dy": 0.003753125000000024, "parameterCategory": 0, "parameterCategoryName": "Temperature", "parameterNumber": 0}, "z": [[87.24, 87.22, 87.19, 88.18, 88.07, 86.31, 86.25, 86.19, 86.12, 86.46, 86.45, 86.42, 84.73, 84.66, 86.03, 86.17, 85.78, 85.9, 85.99, 86.04], [87.26, 87.24, 87.21, 87.17, 88.08, 87.91, 86.27, 86.18, 86.1, 86.39, 86.4, 86.34, 84.66, 84.59, 85.98, 85.65, 85.84, 85.99, 86.09, 86.15], [87.28, 87.26, 87.24, 87.21, 88.13, 87.95, 87.66, 86.19, 86.03, 86.35, 86.37, 86.22, 84.55, 84.5, 85.41, 85.7, 85.95, 86.14, 86.24, 86.28], [87.3, 87.29, 87.28, 87.26, 87.22, 88.09, 87.86, 87.47, 87.11, 86.5, 86.41, 86.0, 84.38, 85.38, 85.38, 85.79, 86.14, 86.37, 86.46, 86.46], [87.32, 87.32, 87.32, 87.32, 87.32, 88.3, 88.21, 88.09, 88.08, 86.89, 86.62, 85.37, 84.55, 85.18, 85.4, 85.97, 86.46, 86.72, 86.75, 86.67], [87.34, 87.35, 87.36, 87.38, 87.41, 87.46, 88.54, 88.6, 88.74, 88.97, 86.69, 85.76, 85.03, 84.0, 85.52, 86.26, 86.99, 87.29, 87.13, 86.88], [87.89, 87.37, 87.39, 87.42, 87.48, 87.58, 89.01, 88.92, 89.1, 88.94, 88.83, 86.32, 84.0, 84.0, 85.66, 86.56, 87.72, 88.15, 88.08, 87.76], [87.86, 87.85, 87.84, 87.85, 87.9, 88.7, 88.88, 89.07, 88.94, 89.2, 90.02, 86.15, 86.11, 84.0, 87.14, 86.6, 87.69, 88.08, 87.46, 87.04], [88.15, 88.12, 87.76, 87.73, 87.72, 87.8, 88.04, 88.96, 89.64, 88.78, 88.31, 87.28, 86.78, 87.44, 87.01, 86.39, 87.03, 87.3, 87.15, 86.91], [87.0, 87.0, 87.0, 87.94, 87.8, 87.45, 87.7, 88.04, 90.14, 90.03, 86.74, 87.92, 87.54, 87.72, 87.0, 86.19, 86.59, 86.8, 86.81, 86.72], [87.0, 87.0, 87.0, 87.0, 87.0, 87.0, 87.0, 87.0, 87.71, 89.68, 91.0, 88.33, 88.02, 88.0, 87.06, 86.02, 86.32, 86.49, 86.53, 86.5], [87.0, 87.0, 87.0, 87.0, 87.0, 87.0, 87.0, 87.0, 87.0, -999.0, 91.0, 84.0, 84.0, 88.21, 87.11, 85.85, 86.03, 90.14, 90.11, 90.1], [87.0, 87.0, 87.0, 87.0, 87.0, 87.0, 87.0, 87.0, 87.0, 87.0, -999.0, 84.0, 84.0, 88.57, 86.56, 89.73, 89.71, 89.96, 89.92, 89.9], [87.0, 87.0, 87.0, 87.0, 87.0, 87.0, 87.0, 87.0, 87.0, 87.0, -999.0, 91.0, 91.0, 91.0, 87.15, 89.89, 89.86, 90.11, 90.06, 90.02], [87.0, 87.0, 87.0, 87.0, 87.0, 87.0, 87.0, 83.0, 83.0, 83.0, 83.0, 86.07, 91.0, 91.0, 91.0, 90.08, 90.02, 90.26, 90.18, 90.12], [87.0, 87.0, 84.48, 84.44, 84.36, 83.0, 83.0, 83.0, 83.0, 83.0, 88.03, 87.46, 88.24, 88.89, 88.15, 91.0, 91.0, 91.0, 90.48, 90.44], [84.43, 84.41, 85.59, 85.52, 83.0, 83.0, 83.0, 83.0, 83.0, 83.0, 86.44, 87.43, 88.48, 89.44, 90.05, 90.3, 90.04, 89.84, 89.69, 89.58], [85.57, 85.52, 85.45, 85.35, 83.0, 83.0, 83.0, 83.0, 83.0, 85.03, 86.11, 87.31, 88.56, 89.95, 90.87, 90.38, 90.03, 89.79, 89.63, 89.52], [85.49, 85.43, 85.34, 83.0, 83.0, 83.0, 83.0, 83.0, 83.72, 84.56, 85.86, 86.88, 88.81, 89.67, 90.44, 90.19, 89.89, 89.68, 89.54, 89.44], [85.44, 85.37, 84.71, 84.63, 84.52, 84.36, 84.12, 83.49, 84.08, 84.9, 85.83, 86.69, 88.61, 89.27, 89.99, 89.86, 89.68, 89.52, 89.41, 89.33], [84.83, 84.79, 84.73, 84.24, 84.18, 84.09, 83.98, 83.86, 84.95, 85.35, 85.93, 86.55, 88.51, 89.71, 89.67, 89.58, 89.46, 89.35, 89.26, 89.2], [84.4, 84.38, 84.37, 84.35, 84.32, 84.29, 84.27, 83.52, 85.47, 85.71, 86.06, 86.46, 89.37, 89.5, 89.45, 89.39, 89.32, 89.2, 89.1, 89.06], [84.45, 84.45, 84.45, 83.33, 83.4, 83.48, 83.59, 83.73, 83.86, 83.91, 83.82, 86.43, 87.67, 89.34, 89.29, 89.29, 89.38, 89.09, 88.9, 88.9], [83.2, 83.23, 83.28, 83.33, 83.41, 83.52, 83.69, 83.94, 84.25, 84.38, 84.12, 85.73, 87.59, 87.91, 88.22, 89.15, 89.95, 88.58, 88.59, 88.74], [83.18, 83.21, 83.25, 83.31, 83.39, 83.52, 83.72, 84.07, 84.69, 85.23, 84.39, 85.46, 85.8, 87.83, 88.09, 88.28, 88.26, 87.6, 88.35, 88.63], [83.15, 83.18, 83.21, 83.26, 83.33, 83.44, 83.61, 83.93, 84.53, 85.03, 85.1, 85.04, 85.37, 87.74, 87.94, 87.11, 87.27, 87.22, 88.42, 88.62], [83.12, 83.14, 83.16, 83.19, 83.23, 83.29, 83.38, 83.52, 83.68, 83.62, 84.25, 84.35, 84.8, 85.45, 86.14, 86.63, 86.89, 86.98, 86.98, 86.94], [83.08, 83.09, 83.1, 83.1, 83.11, 83.11, 83.09, 83.03, 82.82, 83.18, 82.88, 82.66, 83.12, 83.52, 85.65, 86.17, 86.5, 86.66, 86.72, 86.73], [83.04, 83.04, 83.03, 83.02, 82.99, 82.94, 82.83, 82.63, 82.2, 81.98, 80.75, 81.94, 82.73, 83.25, 85.24, 85.78, 86.14, 86.35, 86.46, 86.51], [83.0, 82.99, 82.97, 82.94, 82.88, 82.8, 82.65, 82.4, 82.34, 81.59, 81.13, 81.88, 82.59, 83.09, 84.95, 85.47, 85.84, 86.08, 86.23, 86.31], [82.96, 82.94, 82.91, 82.87, 82.81, 82.71, 82.56, 82.34, 82.44, 82.07, 81.94, 82.23, 82.66, 83.06, 84.79, 85.26, 85.6, 85.85, 86.02, 86.13], [82.93, 82.91, 82.87, 82.82, 82.75, 82.66, 82.52, 82.86, 82.64, 82.45, 82.41, 82.55, 82.81, 83.09, 84.72, 85.12, 85.44, 85.68, 85.85, 85.97]]}