gis_exercise/awsData/contour/humi_2023090517.json
{"header": {"refTime": "2023-09-05T17:00:00.000Z", "nx": 21, "ny": 33, "lo1": 113.509, "la1": 22.2235, "lo2": 113.5947, "la2": 22.1034, "dx": 0.0042850000000001385, "dy": 0.003753125000000024, "parameterCategory": 0, "parameterCategoryName": "Temperature", "parameterNumber": 0}, "z": [[54.11, 54.14, 54.19, 56.03, 55.98, 55.46, 55.44, 55.42, 55.44, 56.28, 56.46, 56.63, 56.03, 56.09, 56.97, 57.09, 57.44, 57.49, 57.53, 57.55], [54.08, 54.12, 54.17, 54.23, 55.97, 55.9, 55.4, 55.34, 55.32, 56.09, 56.42, 56.65, 56.1, 56.16, 57.03, 57.4, 57.48, 57.54, 57.58, 57.6], [54.04, 54.08, 54.13, 54.2, 55.98, 55.9, 55.78, 55.27, 55.07, 55.94, 56.46, 56.74, 56.22, 56.26, 57.31, 57.42, 57.53, 57.61, 57.65, 57.67], [54.0, 54.03, 54.08, 54.15, 54.23, 55.94, 55.85, 55.68, 55.54, 56.23, 56.66, 56.89, 56.42, 57.17, 57.3, 57.47, 57.62, 57.72, 57.75, 57.75], [53.95, 53.97, 54.01, 54.07, 54.16, 56.0, 55.96, 55.93, 55.98, 56.74, 56.97, 57.2, 57.07, 57.12, 57.31, 57.54, 57.76, 57.88, 57.89, 57.85], [53.88, 53.9, 53.93, 53.97, 54.05, 54.17, 56.03, 56.05, 56.22, 56.57, 57.5, 57.24, 57.09, 56.67, 57.33, 57.66, 58.01, 58.16, 58.07, 57.95], [53.34, 53.81, 53.81, 53.84, 53.91, 54.04, 55.26, 55.95, 56.12, 57.04, 57.46, 57.26, 56.43, 56.49, 57.34, 57.79, 58.36, 58.58, 58.63, 58.5], [53.28, 53.27, 53.26, 53.28, 53.35, 54.77, 55.05, 55.29, 55.51, 57.19, 58.33, 56.92, 56.9, 56.5, 57.88, 57.56, 58.21, 58.45, 58.08, 57.83], [53.72, 53.67, 53.14, 53.1, 53.08, 53.19, 53.56, 55.16, 56.27, 56.92, 57.85, 57.41, 57.19, 57.48, 57.81, 57.44, 57.82, 57.98, 57.89, 57.74], [52.0, 52.0, 52.0, 53.4, 53.21, 52.68, 53.05, 53.56, 57.27, 57.05, 57.18, 57.68, 57.52, 57.6, 57.8, 57.31, 57.55, 57.68, 57.69, 57.63], [52.0, 52.0, 52.0, 52.0, 52.0, 52.0, 52.0, 52.0, 53.06, 56.37, 59.0, 57.86, 57.72, 57.71, 57.83, 57.21, 57.39, 57.49, 57.52, 57.5], [52.0, 52.0, 52.0, 52.0, 52.0, 52.0, 52.0, 52.0, 52.0, -999.0, 59.0, 56.0, 56.0, 57.81, 57.87, 57.11, 57.22, 65.25, 65.1, 65.06], [52.0, 52.0, 52.0, 52.0, 52.0, 52.0, 52.0, 52.0, 52.0, 52.0, -999.0, 56.0, 56.0, 65.14, 61.12, 63.0, 62.92, 64.28, 64.09, 63.96], [52.0, 52.0, 52.0, 52.0, 52.0, 52.0, 52.0, 52.0, 52.0, 52.0, -999.0, 70.0, 70.0, 70.0, 62.3, 63.92, 63.75, 65.13, 64.83, 64.6], [52.0, 52.0, 52.0, 52.0, 52.0, 52.0, 52.0, 57.0, 57.0, 57.0, 57.0, 61.99, 70.0, 70.0, 70.0, 64.96, 64.63, 65.91, 65.51, 65.18], [52.0, 52.0, 55.15, 55.2, 55.3, 57.0, 57.0, 57.0, 57.0, 57.0, 65.18, 64.25, 65.51, 66.57, 65.37, 69.27, 69.16, 69.35, 66.61, 66.35], [55.21, 55.24, 53.76, 53.85, 57.0, 57.0, 57.0, 57.0, 57.0, 57.0, 62.59, 64.2, 65.9, 67.46, 68.23, 70.39, 70.54, 70.65, 70.74, 70.81], [53.78, 53.84, 53.93, 54.06, 57.0, 57.0, 57.0, 57.0, 57.0, 60.3, 62.05, 64.0, 66.03, 68.08, 69.75, 70.34, 70.54, 70.67, 70.77, 70.85], [53.88, 53.96, 54.08, 57.0, 57.0, 57.0, 57.0, 57.0, 58.17, 59.53, 61.67, 63.33, 66.08, 67.53, 70.31, 70.44, 70.6, 70.73, 70.82, 70.89], [53.95, 54.03, 59.86, 59.72, 59.53, 59.27, 58.86, 57.82, 58.78, 60.11, 61.62, 63.02, 65.67, 66.73, 70.54, 70.6, 70.7, 70.8, 70.89, 70.96], [60.05, 59.98, 59.88, 59.07, 58.96, 58.82, 58.63, 58.43, 60.19, 60.85, 61.8, 62.81, 65.41, 70.69, 70.69, 70.72, 70.78, 70.87, 70.96, 71.03], [59.33, 59.31, 59.28, 59.25, 59.2, 59.15, 59.11, 59.43, 61.06, 61.45, 62.01, 62.67, 66.75, 70.79, 70.78, 70.76, 70.76, 70.9, 71.06, 71.14], [59.42, 59.42, 59.42, 59.83, 59.83, 59.85, 59.89, 60.0, 60.14, 60.25, 60.27, 62.11, 67.85, 70.88, 70.85, 70.72, 70.49, 70.89, 71.22, 71.28], [59.94, 59.95, 59.96, 59.99, 60.03, 60.11, 60.25, 60.46, 60.73, 60.87, 60.74, 63.22, 67.66, 68.65, 69.46, 70.81, 69.53, 71.5, 71.59, 71.46], [60.01, 60.04, 60.07, 60.12, 60.2, 60.32, 60.5, 60.78, 61.21, 61.56, 61.11, 63.01, 63.53, 68.59, 69.51, 70.31, 71.95, 72.85, 71.91, 71.6], [60.08, 60.12, 60.16, 60.23, 60.32, 60.45, 60.63, 60.89, 61.26, 61.55, 62.47, 62.83, 63.3, 68.5, 69.41, 70.04, 70.86, 71.2, 71.83, 71.62], [60.14, 60.18, 60.24, 60.31, 60.4, 60.52, 60.68, 60.86, 61.05, 61.12, 62.37, 62.63, 63.05, 67.76, 68.7, 69.5, 70.1, 70.38, 70.32, 70.12], [60.19, 60.23, 60.29, 60.36, 60.45, 60.56, 60.68, 60.8, 60.91, 62.05, 62.02, 63.36, 64.31, 65.39, 68.13, 68.9, 69.45, 69.74, 69.82, 69.77], [60.22, 60.27, 60.33, 60.4, 60.48, 60.57, 60.67, 60.76, 60.85, 61.71, 61.63, 62.85, 63.97, 65.01, 67.62, 68.37, 68.9, 69.22, 69.38, 69.42], [60.25, 60.3, 60.35, 60.42, 60.49, 60.57, 60.65, 60.73, 62.93, 62.36, 62.03, 62.89, 63.88, 64.79, 67.25, 67.95, 68.46, 68.8, 69.0, 69.11], [60.27, 60.32, 60.37, 60.42, 60.49, 60.55, 60.62, 60.69, 63.18, 62.92, 62.9, 63.33, 64.01, 64.74, 67.04, 67.66, 68.13, 68.47, 68.69, 68.83], [60.29, 60.33, 60.37, 60.43, 60.48, 60.54, 60.59, 63.65, 63.5, 63.4, 63.46, 63.76, 64.23, 64.78, 66.95, 67.47, 67.89, 68.21, 68.44, 68.6]]}