gis_exercise/awsData/contour/humi_2023091021.json
{"header": {"refTime": "2023-09-10T21:00:00.000Z", "nx": 21, "ny": 33, "lo1": 113.509, "la1": 22.2235, "lo2": 113.5947, "la2": 22.1034, "dx": 0.0042850000000001385, "dy": 0.003753125000000024, "parameterCategory": 0, "parameterCategoryName": "Temperature", "parameterNumber": 0}, "z": [[92.86, 92.92, 93.0, 94.62, 94.65, 92.6, 92.76, 92.91, 92.91, 93.62, 93.28, 92.95, 91.02, 90.81, 90.39, 90.28, 88.89, 88.91, 88.93, 88.94], [92.82, 92.88, 92.96, 93.06, 94.62, 94.66, 92.94, 93.29, 93.48, 93.82, 93.27, 92.75, 90.79, 90.57, 90.2, 88.86, 88.89, 88.91, 88.93, 88.94], [92.77, 92.82, 92.89, 92.99, 94.59, 94.63, 94.7, 93.59, 94.63, 93.99, 93.14, 92.39, 90.38, 90.24, 88.8, 88.85, 88.89, 88.92, 88.94, 88.95], [92.7, 92.74, 92.8, 92.89, 93.01, 94.56, 94.62, 94.73, 94.83, 93.78, 92.86, 91.75, 89.73, 90.23, 88.78, 88.86, 88.91, 88.93, 88.95, 88.96], [92.63, 92.65, 92.69, 92.75, 92.84, 94.45, 94.47, 94.54, 94.64, 93.59, 92.71, 90.15, 88.89, 89.94, 88.79, 88.88, 88.93, 88.95, 88.96, 88.97], [92.54, 92.55, 92.56, 92.59, 92.64, 92.71, 94.26, 94.24, 94.39, 94.77, 92.0, 90.77, 89.72, 88.67, 88.87, 88.93, 88.97, 88.98, 88.98, 88.98], [91.45, 92.44, 92.43, 92.42, 92.44, 92.46, 93.02, 93.75, 93.86, 93.91, 94.24, 91.78, 89.14, 89.02, 88.99, 88.99, 88.99, 89.0, 88.82, 88.75], [91.43, 91.42, 91.42, 91.43, 91.45, 92.75, 92.85, 92.76, 92.45, 94.21, 95.78, 92.15, 92.11, 88.99, 89.37, 89.48, 89.26, 89.18, 89.31, 89.39], [91.57, 91.56, 91.38, 91.37, 91.36, 91.4, 91.52, 92.86, 93.59, 93.7, 94.31, 93.28, 92.78, 93.44, 89.4, 89.52, 89.39, 89.34, 89.37, 89.42], [91.0, 91.0, 91.0, 91.47, 91.4, 91.23, 91.35, 91.52, 94.84, 94.56, 92.74, 93.92, 93.54, 93.72, 89.4, 89.56, 89.48, 89.44, 89.44, 89.46], [91.0, 91.0, 91.0, 91.0, 91.0, 91.0, 91.0, 91.0, 91.35, 93.71, 97.0, 94.33, 94.02, 94.0, 89.39, 89.6, 89.54, 89.5, 89.49, 89.5], [91.0, 91.0, 91.0, 91.0, 91.0, 91.0, 91.0, 91.0, 91.0, -999.0, 97.0, 90.0, 90.0, 94.21, 89.38, 89.63, 89.59, 93.55, 93.44, 93.41], [91.0, 91.0, 91.0, 91.0, 91.0, 91.0, 91.0, 91.0, 91.0, 91.0, -999.0, 90.0, 90.0, 94.57, 92.56, 91.91, 91.85, 92.84, 92.7, 92.61], [91.0, 91.0, 91.0, 91.0, 91.0, 91.0, 91.0, 91.0, 91.0, 91.0, -999.0, 97.0, 97.0, 97.0, 93.15, 92.58, 92.45, 93.46, 93.24, 93.08], [91.0, 91.0, 91.0, 91.0, 91.0, 91.0, 91.0, 90.0, 90.0, 90.0, 90.0, 92.69, 97.0, 97.0, 97.0, 93.34, 93.1, 94.02, 93.73, 93.5], [91.0, 91.0, 90.37, 90.36, 90.34, 90.0, 90.0, 90.0, 90.0, 90.0, 94.4, 93.91, 94.58, 95.15, 94.51, 95.17, 94.89, 95.38, 93.56, 93.31], [90.36, 90.35, 90.65, 90.63, 90.0, 90.0, 90.0, 90.0, 90.0, 90.0, 93.01, 93.88, 94.79, 95.63, 95.61, 95.8, 95.38, 95.04, 94.81, 94.64], [90.64, 90.63, 90.61, 90.59, 90.0, 90.0, 90.0, 90.0, 90.0, 91.78, 92.72, 93.77, 94.86, 95.55, 96.8, 95.94, 95.33, 94.94, 94.7, 94.54], [90.62, 90.61, 90.58, 90.0, 90.0, 90.0, 90.0, 90.0, 90.63, 91.36, 92.57, 93.47, 94.18, 95.08, 96.02, 95.58, 95.07, 94.73, 94.52, 94.39], [90.61, 90.59, 91.71, 91.63, 91.52, 91.36, 91.12, 90.49, 90.99, 91.73, 92.55, 93.31, 93.8, 94.34, 95.22, 94.97, 94.65, 94.41, 94.28, 94.21], [91.83, 91.79, 91.73, 91.24, 91.18, 91.09, 90.98, 90.86, 91.79, 92.15, 92.67, 93.21, 93.45, 94.73, 94.61, 94.39, 94.17, 94.04, 94.01, 94.02], [91.4, 91.38, 91.37, 91.35, 91.32, 91.29, 91.27, 91.21, 92.3, 92.51, 92.81, 93.16, 94.1, 94.33, 94.14, 93.89, 93.69, 93.67, 93.74, 93.83], [91.45, 91.45, 91.45, 91.34, 91.36, 91.39, 91.44, 91.52, 91.62, 91.68, 91.67, 91.85, 92.96, 94.05, 93.81, 93.49, 93.19, 93.31, 93.54, 93.7], [91.36, 91.37, 91.39, 91.41, 91.45, 91.52, 91.62, 91.78, 91.98, 92.08, 91.95, 92.25, 92.97, 92.95, 92.92, 93.3, 92.58, 93.24, 93.49, 93.64], [91.39, 91.4, 91.43, 91.47, 91.52, 91.61, 91.74, 91.95, 92.31, 92.6, 92.19, 92.25, 92.13, 92.97, 92.97, 92.97, 93.38, 93.59, 93.54, 93.63], [91.41, 91.43, 91.46, 91.5, 91.56, 91.65, 91.77, 91.97, 92.29, 92.55, 92.38, 92.17, 92.07, 92.99, 93.0, 92.74, 92.92, 93.01, 93.59, 93.66], [91.43, 91.45, 91.48, 91.52, 91.57, 91.64, 91.73, 91.85, 91.97, 91.99, 92.08, 91.98, 91.96, 92.29, 92.47, 92.64, 92.76, 92.82, 92.81, 92.77], [91.44, 91.46, 91.49, 91.52, 91.56, 91.61, 91.66, 91.7, 91.69, 91.79, 91.68, 92.03, 92.25, 92.47, 92.37, 92.52, 92.63, 92.69, 92.71, 92.69], [91.44, 91.46, 91.49, 91.51, 91.54, 91.57, 91.59, 91.58, 91.5, 91.46, 91.29, 91.76, 92.1, 92.35, 92.27, 92.42, 92.52, 92.59, 92.62, 92.62], [91.45, 91.46, 91.48, 91.5, 91.52, 91.53, 91.53, 91.5, 91.9, 91.61, 91.44, 91.75, 92.05, 92.28, 92.2, 92.33, 92.43, 92.5, 92.54, 92.56], [91.45, 91.46, 91.47, 91.49, 91.5, 91.5, 91.5, 91.47, 91.95, 91.81, 91.77, 91.89, 92.08, 92.27, 92.16, 92.28, 92.37, 92.43, 92.48, 92.5], [91.44, 91.46, 91.47, 91.48, 91.48, 91.48, 91.47, 92.12, 92.04, 91.97, 91.96, 92.03, 92.15, 92.28, 92.14, 92.24, 92.32, 92.38, 92.43, 92.46]]}