gis_exercise/awsData/contour/humi_2023090803.json
{"header": {"refTime": "2023-09-08T03:00:00.000Z", "nx": 21, "ny": 33, "lo1": 113.509, "la1": 22.2235, "lo2": 113.5947, "la2": 22.1034, "dx": 0.0042850000000001385, "dy": 0.003753125000000024, "parameterCategory": 0, "parameterCategoryName": "Temperature", "parameterNumber": 0}, "z": [[94.79, 94.83, 94.88, 96.47, 96.45, 94.81, 94.89, 94.95, 94.94, 95.57, 95.41, 95.25, 93.93, 93.82, 93.49, 93.44, 92.89, 92.91, 92.93, 92.94], [94.76, 94.8, 94.86, 94.93, 96.44, 96.41, 94.98, 95.14, 95.23, 95.63, 95.38, 95.13, 93.79, 93.69, 93.38, 92.86, 92.89, 92.91, 92.93, 92.94], [94.73, 94.76, 94.82, 94.88, 96.43, 96.4, 96.35, 95.3, 95.81, 95.69, 95.32, 94.91, 93.56, 93.49, 92.8, 92.85, 92.89, 92.92, 92.94, 92.95], [94.68, 94.71, 94.76, 94.82, 94.91, 96.4, 96.37, 96.31, 96.26, 95.66, 95.21, 94.53, 93.16, 93.84, 92.78, 92.86, 92.91, 92.93, 92.95, 92.96], [94.62, 94.65, 94.68, 94.74, 94.81, 96.4, 96.38, 96.39, 96.46, 95.74, 95.23, 93.76, 92.74, 93.6, 92.79, 92.88, 92.93, 92.95, 92.96, 92.97], [94.56, 94.57, 94.59, 94.63, 94.69, 94.77, 96.35, 96.36, 96.51, 96.84, 95.23, 94.27, 93.42, 92.67, 92.87, 92.93, 92.97, 92.98, 92.98, 92.98], [93.89, 94.49, 94.48, 94.5, 94.54, 94.62, 95.51, 96.14, 96.27, 96.65, 96.95, 95.12, 93.14, 93.02, 92.99, 92.99, 92.99, 93.0, 92.82, 92.75], [93.86, 93.85, 93.84, 93.85, 93.9, 95.15, 95.34, 95.43, 95.39, 96.86, 98.1, 95.54, 95.51, 92.99, 93.37, 93.48, 93.26, 93.18, 93.31, 93.39], [94.15, 94.12, 93.76, 93.73, 93.72, 93.8, 94.04, 95.4, 96.27, 96.49, 97.08, 96.34, 95.98, 96.46, 93.4, 93.52, 93.39, 93.34, 93.37, 93.42], [93.0, 93.0, 93.0, 93.94, 93.8, 93.45, 93.7, 94.04, 97.27, 97.05, 95.96, 96.8, 96.53, 96.66, 93.4, 93.56, 93.48, 93.44, 93.44, 93.46], [93.0, 93.0, 93.0, 93.0, 93.0, 93.0, 93.0, 93.0, 93.71, 96.37, 99.0, 97.09, 96.87, 96.85, 93.39, 93.6, 93.54, 93.5, 93.49, 93.5], [93.0, 93.0, 93.0, 93.0, 93.0, 93.0, 93.0, 93.0, 93.0, -999.0, 99.0, 94.0, 94.0, 97.01, 93.38, 93.63, 93.59, 96.41, 96.33, 96.31], [93.0, 93.0, 93.0, 93.0, 93.0, 93.0, 93.0, 93.0, 93.0, 93.0, -999.0, 94.0, 94.0, 97.26, 95.83, 95.18, 95.14, 95.88, 95.77, 95.71], [93.0, 93.0, 93.0, 93.0, 93.0, 93.0, 93.0, 93.0, 93.0, 93.0, -999.0, 99.0, 99.0, 99.0, 96.25, 95.68, 95.59, 96.34, 96.18, 96.06], [93.0, 93.0, 93.0, 93.0, 93.0, 93.0, 93.0, 95.0, 95.0, 95.0, 95.0, 96.54, 99.0, 99.0, 99.0, 96.25, 96.07, 96.77, 96.55, 96.37], [93.0, 93.0, 94.26, 94.28, 94.32, 95.0, 95.0, 95.0, 95.0, 95.0, 97.52, 97.23, 97.62, 97.95, 97.57, 97.9, 97.73, 98.03, 96.63, 96.45], [94.28, 94.3, 93.71, 93.74, 95.0, 95.0, 95.0, 95.0, 95.0, 95.0, 96.72, 97.22, 97.74, 98.22, 98.19, 98.25, 97.99, 97.78, 97.63, 97.53], [93.71, 93.74, 93.77, 93.83, 95.0, 95.0, 95.0, 95.0, 95.0, 96.02, 96.55, 97.15, 97.78, 98.16, 98.88, 98.34, 97.96, 97.72, 97.56, 97.46], [93.75, 93.79, 93.83, 95.0, 95.0, 95.0, 95.0, 95.0, 95.36, 95.78, 96.52, 97.04, 97.36, 97.88, 98.39, 98.11, 97.8, 97.58, 97.45, 97.37], [93.78, 93.81, 96.14, 96.09, 96.01, 95.91, 95.75, 95.33, 95.6, 96.04, 96.52, 96.96, 97.14, 97.45, 97.89, 97.74, 97.54, 97.39, 97.3, 97.26], [96.22, 96.19, 96.15, 95.83, 95.79, 95.73, 95.65, 95.57, 96.09, 96.31, 96.61, 96.92, 96.93, 97.58, 97.51, 97.38, 97.24, 97.16, 97.13, 97.14], [95.93, 95.92, 95.91, 95.9, 95.88, 95.86, 95.84, 95.87, 96.41, 96.54, 96.72, 96.91, 97.39, 97.34, 97.22, 97.07, 96.95, 96.93, 96.97, 97.02], [95.97, 95.97, 95.97, 95.98, 95.99, 96.0, 96.03, 96.08, 96.14, 96.19, 96.18, 96.15, 96.67, 97.16, 97.02, 96.83, 96.65, 96.71, 96.84, 96.94], [96.0, 96.01, 96.02, 96.03, 96.06, 96.1, 96.16, 96.26, 96.38, 96.44, 96.37, 96.5, 96.68, 96.62, 96.56, 96.71, 96.3, 96.65, 96.8, 96.89], [96.02, 96.04, 96.05, 96.08, 96.11, 96.16, 96.25, 96.38, 96.59, 96.77, 96.52, 96.52, 96.41, 96.63, 96.58, 96.54, 96.72, 96.82, 96.82, 96.88], [96.04, 96.06, 96.08, 96.11, 96.14, 96.2, 96.28, 96.4, 96.59, 96.74, 96.63, 96.49, 96.4, 96.65, 96.61, 96.44, 96.51, 96.55, 96.85, 96.9], [96.06, 96.08, 96.1, 96.12, 96.16, 96.21, 96.27, 96.34, 96.42, 96.44, 96.47, 96.4, 96.36, 96.32, 96.37, 96.42, 96.46, 96.48, 96.48, 96.46], [96.07, 96.09, 96.11, 96.13, 96.16, 96.2, 96.24, 96.27, 96.28, 96.35, 96.29, 96.44, 96.52, 96.59, 96.35, 96.39, 96.42, 96.44, 96.45, 96.44], [96.08, 96.09, 96.11, 96.13, 96.16, 96.18, 96.2, 96.21, 96.19, 96.19, 96.12, 96.32, 96.45, 96.54, 96.32, 96.36, 96.39, 96.41, 96.42, 96.42], [96.08, 96.1, 96.11, 96.13, 96.15, 96.17, 96.18, 96.18, 96.39, 96.26, 96.19, 96.31, 96.43, 96.52, 96.3, 96.34, 96.37, 96.39, 96.4, 96.4], [96.09, 96.1, 96.11, 96.13, 96.14, 96.15, 96.16, 96.16, 96.41, 96.35, 96.32, 96.37, 96.44, 96.51, 96.29, 96.33, 96.35, 96.37, 96.38, 96.39], [96.09, 96.1, 96.11, 96.12, 96.13, 96.14, 96.15, 96.48, 96.44, 96.41, 96.4, 96.43, 96.47, 96.52, 96.29, 96.32, 96.34, 96.35, 96.37, 96.37]]}