gis_exercise/awsData/contour/humi_2023090116.json
{"header": {"refTime": "2023-09-01T16:00:00.000Z", "nx": 21, "ny": 33, "lo1": 113.509, "la1": 22.2235, "lo2": 113.5947, "la2": 22.1034, "dx": 0.0042850000000001385, "dy": 0.003753125000000024, "parameterCategory": 0, "parameterCategoryName": "Temperature", "parameterNumber": 0}, "z": [[66.79, 66.83, 66.88, 67.7, 67.72, 66.58, 66.67, 66.74, 66.72, 66.74, 66.47, 66.21, 65.29, 65.15, 65.65, 65.69, 64.96, 65.05, 65.12, 65.16], [66.76, 66.8, 66.86, 66.93, 67.71, 67.74, 66.78, 66.97, 67.07, 66.92, 66.47, 66.08, 65.12, 64.98, 65.52, 64.85, 65.0, 65.11, 65.19, 65.23], [66.73, 66.76, 66.82, 66.88, 67.7, 67.72, 67.77, 67.17, 67.78, 67.08, 66.38, 65.82, 64.83, 64.74, 64.64, 64.87, 65.07, 65.2, 65.28, 65.32], [66.68, 66.71, 66.76, 66.82, 66.91, 67.7, 67.73, 67.79, 67.85, 66.86, 66.14, 65.38, 64.35, 64.44, 64.6, 64.93, 65.19, 65.35, 65.42, 65.43], [66.62, 66.65, 66.68, 66.74, 66.81, 67.65, 67.66, 67.69, 67.72, 66.57, 65.95, 64.37, 63.58, 64.27, 64.63, 65.07, 65.41, 65.59, 65.62, 65.57], [66.56, 66.57, 66.59, 66.63, 66.69, 66.77, 67.58, 67.57, 67.6, 67.66, 65.46, 64.77, 64.13, 63.67, 64.78, 65.29, 65.76, 65.95, 65.86, 65.71], [65.89, 66.49, 66.48, 66.5, 66.54, 66.62, 66.75, 67.42, 67.43, 67.07, 67.04, 65.46, 64.14, 64.02, 64.99, 65.52, 66.23, 66.49, 66.26, 66.01], [65.86, 65.85, 65.84, 65.85, 65.9, 66.47, 66.66, 66.89, 67.0, 67.18, 67.57, 65.92, 65.9, 63.99, 66.26, 66.04, 66.48, 66.63, 66.39, 66.22], [66.15, 66.12, 65.76, 65.73, 65.72, 65.8, 66.04, 66.74, 67.32, 67.0, 66.85, 66.41, 66.19, 66.48, 66.2, 65.96, 66.21, 66.32, 66.26, 66.16], [65.0, 65.0, 65.0, 65.94, 65.8, 65.45, 65.7, 66.04, 67.57, 67.51, 66.18, 66.68, 66.52, 66.6, 66.2, 65.87, 66.04, 66.12, 66.12, 66.09], [65.0, 65.0, 65.0, 65.0, 65.0, 65.0, 65.0, 65.0, 65.71, 67.34, 68.0, 66.86, 66.72, 66.71, 66.22, 65.81, 65.93, 66.0, 66.01, 66.0], [65.0, 65.0, 65.0, 65.0, 65.0, 65.0, 65.0, 65.0, 65.0, -999.0, 68.0, 65.0, 65.0, 66.81, 66.24, 65.74, 65.81, 70.98, 70.88, 70.86], [65.0, 65.0, 65.0, 65.0, 65.0, 65.0, 65.0, 65.0, 65.0, 65.0, -999.0, 65.0, 65.0, 70.88, 68.29, 69.55, 69.5, 70.36, 70.24, 70.16], [65.0, 65.0, 65.0, 65.0, 65.0, 65.0, 65.0, 65.0, 65.0, 65.0, -999.0, 74.0, 74.0, 74.0, 69.05, 70.13, 70.02, 70.9, 70.71, 70.57], [65.0, 65.0, 65.0, 65.0, 65.0, 65.0, 65.0, 67.0, 67.0, 67.0, 67.0, 69.69, 74.0, 74.0, 74.0, 70.8, 70.59, 71.39, 71.14, 70.93], [65.0, 65.0, 66.26, 66.28, 66.32, 67.0, 67.0, 67.0, 67.0, 67.0, 71.4, 70.91, 71.58, 72.15, 71.51, 71.07, 70.62, 71.4, 70.0, 69.72], [66.28, 66.3, 65.71, 65.74, 67.0, 67.0, 67.0, 67.0, 67.0, 67.0, 70.01, 70.88, 71.79, 72.63, 72.27, 72.76, 72.32, 71.98, 71.75, 71.59], [65.71, 65.74, 65.77, 65.83, 67.0, 67.0, 67.0, 67.0, 67.0, 68.78, 69.72, 70.77, 71.86, 72.23, 73.74, 72.89, 72.26, 71.87, 71.63, 71.48], [65.75, 65.79, 65.83, 67.0, 67.0, 67.0, 67.0, 67.0, 67.63, 68.36, 69.02, 69.89, 70.64, 71.62, 72.97, 72.51, 71.98, 71.63, 71.43, 71.33], [65.78, 65.81, 67.0, 67.0, 67.0, 67.0, 67.0, 67.0, 67.66, 68.2, 68.89, 69.62, 70.13, 70.66, 72.12, 71.85, 71.51, 71.28, 71.17, 71.14], [67.0, 67.0, 67.0, 67.0, 67.0, 67.0, 67.0, 67.0, 68.09, 68.37, 68.82, 69.36, 69.63, 71.6, 71.45, 71.19, 70.95, 70.86, 70.89, 70.95], [67.0, 67.0, 67.0, 67.0, 67.0, 67.0, 67.0, 67.0, 68.22, 68.39, 68.69, 69.09, 69.16, 71.17, 70.91, 70.57, 70.33, 70.39, 70.62, 70.8], [67.0, 67.0, 67.0, 67.0, 67.0, 67.0, 67.0, 67.0, 67.0, 67.0, 67.0, 66.74, 68.74, 70.88, 70.54, 70.03, 69.46, 69.92, 70.49, 70.73], [67.0, 67.0, 67.0, 67.0, 67.0, 67.0, 67.0, 67.0, 67.0, 67.0, 67.0, 66.75, 68.7, 68.97, 69.14, 69.86, 67.93, 70.31, 70.7, 70.79], [67.0, 67.0, 67.0, 67.0, 67.0, 67.0, 67.0, 67.0, 67.0, 67.0, 67.0, 66.79, 66.7, 69.0, 69.27, 69.55, 70.84, 71.81, 71.02, 70.89], [67.0, 67.0, 67.0, 67.0, 67.0, 67.0, 67.0, 67.0, 67.0, 67.0, 66.88, 66.81, 66.73, 69.03, 69.35, 69.7, 70.22, 70.5, 71.03, 70.94], [67.0, 67.0, 67.0, 67.0, 67.0, 67.0, 67.0, 67.0, 67.0, 67.0, 66.87, 66.82, 66.76, 68.95, 69.26, 69.57, 69.87, 70.02, 69.98, 69.86], [67.0, 67.0, 67.0, 67.0, 67.0, 67.0, 67.0, 67.0, 67.0, 66.9, 66.9, 68.03, 68.5, 69.05, 69.11, 69.39, 69.61, 69.73, 69.76, 69.71], [67.0, 67.0, 67.0, 67.0, 67.0, 67.0, 67.0, 67.0, 67.0, 66.93, 67.27, 67.82, 68.35, 68.87, 68.96, 69.21, 69.4, 69.52, 69.57, 69.58], [67.0, 67.0, 67.0, 67.0, 67.0, 67.0, 67.0, 67.0, 67.83, 67.59, 67.46, 67.85, 68.32, 68.76, 68.85, 69.08, 69.25, 69.36, 69.43, 69.46], [67.0, 67.0, 67.0, 67.0, 67.0, 67.0, 67.0, 67.0, 67.96, 67.85, 67.85, 68.06, 68.38, 68.74, 68.78, 68.98, 69.13, 69.24, 69.31, 69.35], [67.0, 67.0, 67.0, 67.0, 67.0, 67.0, 67.0, 68.17, 68.11, 68.07, 68.11, 68.26, 68.49, 68.76, 68.75, 68.92, 69.05, 69.15, 69.22, 69.27]]}