gis_exercise/awsData/contour/humi_2023090415.json
{"header": {"refTime": "2023-09-04T15:00:00.000Z", "nx": 21, "ny": 33, "lo1": 113.509, "la1": 22.2235, "lo2": 113.5947, "la2": 22.1034, "dx": 0.0042850000000001385, "dy": 0.003753125000000024, "parameterCategory": 0, "parameterCategoryName": "Temperature", "parameterNumber": 0}, "z": [[54.49, 54.55, 54.61, 56.22, 56.21, 55.74, 55.77, 55.8, 55.81, 56.39, 56.42, 56.45, 55.04, 54.98, 56.29, 56.32, 55.28, 55.31, 55.34, 55.35], [54.46, 54.51, 54.58, 54.67, 56.2, 56.19, 55.78, 55.83, 55.86, 56.33, 56.4, 56.44, 55.06, 54.99, 56.29, 55.27, 55.33, 55.37, 55.39, 55.4], [54.41, 54.46, 54.53, 54.62, 56.19, 56.18, 56.16, 55.85, 55.96, 56.29, 56.41, 56.44, 55.1, 55.02, 55.26, 55.31, 55.38, 55.44, 55.47, 55.47], [54.35, 54.39, 54.45, 54.54, 54.65, 56.17, 56.15, 56.14, 56.12, 56.38, 56.46, 56.42, 55.21, 55.48, 55.28, 55.36, 55.47, 55.55, 55.57, 55.55], [54.27, 54.3, 54.35, 54.43, 54.53, 56.15, 56.14, 56.16, 56.21, 56.59, 56.58, 55.62, 55.79, 55.49, 55.26, 55.42, 55.61, 55.72, 55.72, 55.66], [54.19, 54.2, 54.23, 54.29, 54.37, 54.5, 56.1, 56.1, 56.2, 56.44, 55.68, 55.47, 55.5, 54.66, 55.18, 55.49, 55.86, 56.02, 55.91, 55.77], [53.34, 54.09, 54.09, 54.11, 54.18, 54.3, 55.01, 55.9, 55.99, 55.8, 55.89, 55.05, 53.72, 53.96, 55.02, 55.56, 56.24, 56.5, 56.82, 56.75], [53.28, 53.27, 53.26, 53.28, 53.35, 54.54, 54.83, 55.11, 55.17, 56.03, 57.06, 53.84, 53.81, 54.01, 55.14, 54.6, 55.69, 56.08, 55.46, 55.04], [53.72, 53.67, 53.14, 53.1, 53.08, 53.19, 53.56, 54.94, 55.96, 55.64, 55.69, 54.81, 54.38, 54.95, 55.01, 54.39, 55.03, 55.3, 55.15, 54.91], [52.0, 52.0, 52.0, 53.4, 53.21, 52.68, 53.05, 53.56, 56.71, 56.54, 54.35, 55.36, 55.04, 55.19, 55.0, 54.19, 54.59, 54.8, 54.81, 54.72], [52.0, 52.0, 52.0, 52.0, 52.0, 52.0, 52.0, 52.0, 53.06, 56.03, 58.0, 55.71, 55.44, 55.43, 55.06, 54.02, 54.32, 54.49, 54.53, 54.5], [52.0, 52.0, 52.0, 52.0, 52.0, 52.0, 52.0, 52.0, 52.0, -999.0, 58.0, 52.0, 52.0, 55.61, 55.11, 53.85, 54.03, 59.27, 59.22, 59.2], [52.0, 52.0, 52.0, 52.0, 52.0, 52.0, 52.0, 52.0, 52.0, 52.0, -999.0, 52.0, 52.0, 57.88, 55.29, 58.46, 58.43, 58.92, 58.85, 58.81], [52.0, 52.0, 52.0, 52.0, 52.0, 52.0, 52.0, 52.0, 52.0, 52.0, -999.0, 61.0, 61.0, 61.0, 56.05, 58.79, 58.73, 59.23, 59.12, 59.04], [52.0, 52.0, 52.0, 52.0, 52.0, 52.0, 52.0, 57.0, 57.0, 57.0, 57.0, 58.54, 61.0, 61.0, 61.0, 59.17, 59.05, 59.51, 59.37, 59.25], [52.0, 52.0, 55.15, 55.2, 55.3, 57.0, 57.0, 57.0, 57.0, 57.0, 59.52, 59.23, 59.62, 59.95, 59.57, 61.0, 61.0, 61.0, 59.97, 59.89], [55.21, 55.24, 53.76, 53.85, 57.0, 57.0, 57.0, 57.0, 57.0, 57.0, 58.72, 59.22, 59.74, 60.22, 60.52, 61.84, 62.15, 62.39, 62.57, 62.7], [53.78, 53.84, 53.93, 54.06, 57.0, 57.0, 57.0, 57.0, 57.0, 58.02, 58.55, 59.15, 59.78, 60.48, 60.93, 61.74, 62.17, 62.45, 62.64, 62.77], [53.88, 53.96, 54.08, 57.0, 57.0, 57.0, 57.0, 57.0, 57.36, 57.78, 58.52, 59.04, 59.9, 60.33, 61.68, 61.98, 62.33, 62.58, 62.76, 62.87], [53.95, 54.03, 58.14, 58.09, 58.01, 57.91, 57.75, 57.33, 57.6, 58.04, 58.52, 58.96, 59.81, 60.13, 62.21, 62.37, 62.59, 62.78, 62.91, 63.0], [58.22, 58.19, 58.15, 57.83, 57.79, 57.73, 57.65, 57.57, 58.09, 58.31, 58.61, 58.92, 59.76, 62.55, 62.59, 62.7, 62.85, 62.98, 63.09, 63.16], [57.93, 57.92, 57.91, 57.9, 57.88, 57.86, 57.84, 57.17, 58.41, 58.54, 58.72, 58.91, 60.35, 62.8, 62.86, 62.93, 63.02, 63.16, 63.28, 63.32], [57.97, 57.97, 57.97, 56.97, 57.02, 57.09, 57.18, 57.28, 57.38, 57.42, 57.34, 58.94, 62.04, 63.0, 63.06, 63.05, 62.95, 63.29, 63.52, 63.51], [56.84, 56.87, 56.91, 56.95, 57.01, 57.1, 57.23, 57.42, 57.65, 57.75, 57.54, 58.24, 61.95, 62.45, 62.84, 63.21, 62.26, 63.91, 63.9, 63.71], [56.82, 56.84, 56.87, 56.92, 56.98, 57.07, 57.22, 57.49, 57.97, 58.39, 57.73, 58.09, 58.18, 62.44, 62.91, 63.34, 64.29, 65.08, 64.18, 63.85], [56.79, 56.81, 56.83, 56.86, 56.91, 56.99, 57.12, 57.36, 57.83, 58.22, 57.99, 57.78, 57.89, 62.41, 62.9, 62.6, 63.34, 63.65, 64.09, 63.86], [56.75, 56.76, 56.78, 56.79, 56.82, 56.86, 56.92, 57.01, 57.13, 57.07, 57.26, 57.25, 57.48, 60.44, 61.33, 62.08, 62.64, 62.89, 62.84, 62.66], [56.72, 56.72, 56.72, 56.71, 56.71, 56.7, 56.67, 56.6, 56.41, 56.43, 56.17, 57.4, 58.31, 59.27, 60.79, 61.51, 62.02, 62.3, 62.38, 62.33], [56.68, 56.67, 56.66, 56.64, 56.6, 56.55, 56.45, 56.26, 55.89, 55.49, 54.93, 56.56, 57.82, 58.84, 60.3, 61.01, 61.51, 61.81, 61.96, 62.0], [56.64, 56.62, 56.6, 56.57, 56.51, 56.43, 56.3, 56.08, 56.89, 56.0, 55.46, 56.54, 57.66, 58.59, 59.95, 60.61, 61.09, 61.42, 61.61, 61.7], [56.61, 56.58, 56.55, 56.51, 56.45, 56.36, 56.22, 56.02, 57.13, 56.69, 56.59, 57.06, 57.8, 58.53, 59.75, 60.33, 60.78, 61.1, 61.31, 61.44], [56.58, 56.55, 56.51, 56.47, 56.4, 56.31, 56.2, 57.72, 57.46, 57.27, 57.27, 57.56, 58.04, 58.59, 59.66, 60.16, 60.56, 60.86, 61.08, 61.23]]}