gis_exercise/awsData/contour/humi_2023090210.json
{"header": {"refTime": "2023-09-02T10:00:00.000Z", "nx": 21, "ny": 33, "lo1": 113.509, "la1": 22.2235, "lo2": 113.5947, "la2": 22.1034, "dx": 0.0042850000000001385, "dy": 0.003753125000000024, "parameterCategory": 0, "parameterCategoryName": "Temperature", "parameterNumber": 0}, "z": [[93.49, 93.55, 93.61, 95.47, 95.45, 93.35, 93.45, 93.53, 93.51, 94.06, 93.8, 93.53, 91.9, 91.73, 91.09, 91.0, 90.16, 90.18, 90.19, 90.2], [93.46, 93.51, 93.58, 93.67, 95.44, 95.41, 93.58, 93.8, 93.91, 94.2, 93.77, 93.36, 91.69, 91.53, 90.93, 90.12, 90.15, 90.17, 90.19, 90.2], [93.41, 93.46, 93.53, 93.62, 95.43, 95.4, 95.35, 94.03, 94.74, 94.32, 93.67, 93.04, 91.33, 91.23, 90.05, 90.11, 90.15, 90.17, 90.18, 90.2], [93.35, 93.39, 93.45, 93.54, 93.65, 95.4, 95.37, 95.31, 95.26, 94.2, 93.46, 92.48, 90.74, 91.46, 90.03, 90.11, 90.15, 90.16, 90.18, 90.19], [93.27, 93.3, 93.35, 93.43, 93.53, 95.4, 95.38, 95.39, 95.46, 94.16, 93.41, 91.34, 89.99, 91.15, 90.04, 90.13, 90.15, 90.16, 90.17, 90.19], [93.19, 93.2, 93.23, 93.29, 93.37, 93.5, 95.35, 95.36, 95.51, 95.84, 93.27, 92.03, 90.92, 90.0, 90.15, 90.17, 90.15, 90.14, 90.16, 90.18], [92.34, 93.09, 93.09, 93.11, 93.18, 93.3, 94.26, 95.14, 95.27, 95.45, 95.69, 93.19, 90.71, 90.53, 90.32, 90.23, 90.12, 90.08, 89.82, 89.75], [92.28, 92.27, 92.26, 92.28, 92.35, 93.77, 94.05, 94.29, 94.34, 95.7, 96.98, 93.84, 93.81, 90.49, 90.74, 90.96, 90.52, 90.37, 90.61, 90.78], [92.72, 92.67, 92.14, 92.1, 92.08, 92.19, 92.56, 94.16, 95.27, 95.28, 95.69, 94.81, 94.38, 94.95, 90.8, 91.04, 90.79, 90.68, 90.74, 90.84], [91.0, 91.0, 91.0, 92.4, 92.21, 91.68, 92.05, 92.56, 96.27, 96.05, 94.35, 95.36, 95.04, 95.19, 90.8, 91.13, 90.96, 90.88, 90.88, 90.91], [91.0, 91.0, 91.0, 91.0, 91.0, 91.0, 91.0, 91.0, 92.06, 95.37, 98.0, 95.71, 95.44, 95.43, 90.78, 91.19, 91.07, 91.0, 90.99, 91.0], [91.0, 91.0, 91.0, 91.0, 91.0, 91.0, 91.0, 91.0, 91.0, -999.0, 98.0, 92.0, 92.0, 95.61, 90.76, 91.26, 91.19, 94.55, 94.44, 94.41], [91.0, 91.0, 91.0, 91.0, 91.0, 91.0, 91.0, 91.0, 91.0, 91.0, -999.0, 92.0, 92.0, 95.92, 94.19, 92.91, 92.85, 93.84, 93.7, 93.61], [91.0, 91.0, 91.0, 91.0, 91.0, 91.0, 91.0, 91.0, 91.0, 91.0, -999.0, 98.0, 98.0, 98.0, 94.7, 93.58, 93.45, 94.46, 94.24, 94.08], [91.0, 91.0, 91.0, 91.0, 91.0, 91.0, 91.0, 93.0, 93.0, 93.0, 93.0, 94.92, 98.0, 98.0, 98.0, 94.34, 94.1, 95.02, 94.73, 94.5], [91.0, 91.0, 92.26, 92.28, 92.32, 93.0, 93.0, 93.0, 93.0, 93.0, 96.15, 95.79, 96.27, 96.68, 96.22, 96.53, 96.31, 96.7, 94.84, 94.61], [92.28, 92.3, 91.71, 91.74, 93.0, 93.0, 93.0, 93.0, 93.0, 93.0, 95.15, 95.77, 96.42, 97.02, 96.96, 97.24, 96.97, 96.76, 96.61, 96.51], [91.71, 91.74, 91.77, 91.83, 93.0, 93.0, 93.0, 93.0, 93.0, 94.27, 94.94, 95.69, 96.47, 96.92, 97.85, 97.32, 96.94, 96.69, 96.54, 96.44], [91.75, 91.79, 91.83, 93.0, 93.0, 93.0, 93.0, 93.0, 93.45, 93.97, 95.0, 95.64, 95.91, 96.56, 97.37, 97.09, 96.77, 96.55, 96.42, 96.35], [91.78, 91.81, 94.71, 94.63, 94.52, 94.36, 94.12, 93.49, 93.8, 94.38, 95.01, 95.56, 95.62, 96.0, 96.86, 96.69, 96.49, 96.34, 96.27, 96.24], [94.83, 94.79, 94.73, 94.24, 94.18, 94.09, 93.98, 93.86, 94.48, 94.76, 95.15, 95.54, 95.35, 96.54, 96.46, 96.31, 96.17, 96.1, 96.09, 96.12], [94.4, 94.38, 94.37, 94.35, 94.32, 94.29, 94.27, 94.21, 94.95, 95.11, 95.33, 95.57, 96.07, 96.29, 96.15, 95.96, 95.83, 95.84, 95.93, 96.01], [94.45, 94.45, 94.45, 94.34, 94.36, 94.39, 94.44, 94.52, 94.62, 94.68, 94.67, 94.59, 95.63, 96.11, 95.93, 95.67, 95.4, 95.58, 95.82, 95.95], [94.36, 94.37, 94.39, 94.41, 94.45, 94.52, 94.62, 94.78, 94.98, 95.08, 94.95, 95.01, 95.65, 95.57, 95.48, 95.56, 94.76, 95.67, 95.87, 95.94], [94.39, 94.4, 94.43, 94.47, 94.52, 94.61, 94.74, 94.95, 95.31, 95.6, 95.19, 95.04, 94.83, 95.61, 95.55, 95.52, 95.87, 96.22, 95.98, 95.97], [94.41, 94.43, 94.46, 94.5, 94.56, 94.65, 94.77, 94.97, 95.29, 95.55, 95.26, 94.97, 94.79, 95.64, 95.61, 95.33, 95.54, 95.65, 96.0, 95.99], [94.43, 94.45, 94.48, 94.52, 94.57, 94.64, 94.73, 94.85, 94.97, 94.99, 94.95, 94.81, 94.71, 94.97, 95.12, 95.26, 95.39, 95.45, 95.44, 95.39], [94.44, 94.46, 94.49, 94.52, 94.56, 94.61, 94.66, 94.7, 94.69, 94.69, 94.58, 95.03, 95.25, 95.47, 95.04, 95.17, 95.27, 95.33, 95.34, 95.32], [94.44, 94.46, 94.49, 94.51, 94.54, 94.57, 94.59, 94.58, 94.5, 94.39, 94.29, 94.76, 95.1, 95.35, 94.97, 95.09, 95.18, 95.23, 95.26, 95.26], [94.45, 94.46, 94.48, 94.5, 94.52, 94.53, 94.53, 94.5, 94.9, 94.61, 94.44, 94.75, 95.05, 95.28, 94.91, 95.02, 95.1, 95.16, 95.19, 95.2], [94.45, 94.46, 94.47, 94.49, 94.5, 94.5, 94.5, 94.47, 94.95, 94.81, 94.77, 94.89, 95.08, 95.27, 94.88, 94.98, 95.05, 95.1, 95.14, 95.16], [94.44, 94.46, 94.47, 94.48, 94.48, 94.48, 94.47, 95.12, 95.04, 94.97, 94.96, 95.03, 95.15, 95.28, 94.87, 94.95, 95.01, 95.06, 95.1, 95.12]]}