gis_exercise/awsData/contour/humi_2023090222.json
{"header": {"refTime": "2023-09-02T22:00:00.000Z", "nx": 21, "ny": 33, "lo1": 113.509, "la1": 22.2235, "lo2": 113.5947, "la2": 22.1034, "dx": 0.0042850000000001385, "dy": 0.003753125000000024, "parameterCategory": 0, "parameterCategoryName": "Temperature", "parameterNumber": 0}, "z": [[91.72, 91.74, 91.77, 93.32, 93.26, 91.8, 91.79, 91.78, 91.75, 92.27, 92.24, 92.19, 91.21, 91.17, 91.46, 91.53, 91.6, 91.67, 91.72, 91.76], [91.7, 91.73, 91.76, 91.79, 93.26, 93.16, 91.83, 91.83, 91.82, 92.23, 92.2, 92.12, 91.13, 91.1, 91.41, 91.52, 91.63, 91.71, 91.77, 91.8], [91.68, 91.71, 91.74, 91.78, 93.28, 93.18, 93.01, 91.88, 91.96, 92.2, 92.17, 92.0, 91.0, 90.99, 91.36, 91.53, 91.68, 91.78, 91.84, 91.86], [91.66, 91.68, 91.71, 91.76, 91.81, 93.25, 93.11, 92.89, 92.68, 92.31, 92.18, 91.79, 90.78, 91.64, 91.33, 91.57, 91.76, 91.88, 91.93, 91.94], [91.62, 91.64, 91.67, 91.72, 91.78, 93.35, 93.29, 93.24, 93.27, 92.6, 92.33, 91.56, 90.66, 91.44, 91.35, 91.67, 91.92, 92.04, 92.07, 92.04], [91.58, 91.59, 91.62, 91.66, 91.74, 91.84, 93.45, 93.48, 93.62, 93.9, 92.85, 92.02, 91.28, 90.67, 91.48, 91.84, 92.16, 92.29, 92.23, 92.13], [91.34, 91.53, 91.54, 91.57, 91.64, 91.78, 93.01, 93.53, 93.68, 94.19, 94.4, 92.79, 91.14, 91.02, 91.65, 92.01, 92.48, 92.66, 92.45, 92.26], [91.28, 91.27, 91.26, 91.28, 91.35, 92.54, 92.83, 93.11, 93.28, 94.36, 95.29, 93.23, 93.21, 90.99, 92.63, 92.52, 92.74, 92.82, 92.69, 92.61], [91.72, 91.67, 91.14, 91.1, 91.08, 91.19, 91.56, 92.94, 93.96, 94.06, 94.46, 93.87, 93.59, 93.97, 92.6, 92.48, 92.61, 92.66, 92.63, 92.58], [90.0, 90.0, 90.0, 91.4, 91.21, 90.68, 91.05, 91.56, 94.71, 94.54, 93.57, 94.24, 94.02, 94.13, 92.6, 92.44, 92.52, 92.56, 92.56, 92.54], [90.0, 90.0, 90.0, 90.0, 90.0, 90.0, 90.0, 90.0, 91.06, 94.03, 96.0, 94.48, 94.3, 94.28, 92.61, 92.4, 92.46, 92.5, 92.51, 92.5], [90.0, 90.0, 90.0, 90.0, 90.0, 90.0, 90.0, 90.0, 90.0, -999.0, 96.0, 92.0, 92.0, 94.41, 92.62, 92.37, 92.41, 95.27, 95.22, 95.2], [90.0, 90.0, 90.0, 90.0, 90.0, 90.0, 90.0, 90.0, 90.0, 90.0, -999.0, 92.0, 92.0, 95.26, 93.83, 94.46, 94.43, 94.92, 94.85, 94.81], [90.0, 90.0, 90.0, 90.0, 90.0, 90.0, 90.0, 90.0, 90.0, 90.0, -999.0, 97.0, 97.0, 97.0, 94.25, 94.79, 94.73, 95.23, 95.12, 95.04], [90.0, 90.0, 90.0, 90.0, 90.0, 90.0, 90.0, 91.0, 91.0, 91.0, 91.0, 93.31, 97.0, 97.0, 97.0, 95.17, 95.05, 95.51, 95.37, 95.25], [90.0, 90.0, 90.63, 90.64, 90.66, 91.0, 91.0, 91.0, 91.0, 91.0, 94.78, 94.35, 94.93, 95.42, 94.86, 95.53, 95.31, 95.7, 94.87, 94.72], [90.64, 90.65, 90.35, 90.37, 91.0, 91.0, 91.0, 91.0, 91.0, 91.0, 93.58, 94.32, 95.11, 95.83, 95.84, 96.1, 95.78, 95.53, 95.35, 95.23], [90.36, 90.37, 90.39, 90.41, 91.0, 91.0, 91.0, 91.0, 91.0, 92.52, 93.33, 94.23, 95.17, 95.79, 96.83, 96.2, 95.74, 95.45, 95.27, 95.15], [90.38, 90.39, 90.42, 91.0, 91.0, 91.0, 91.0, 91.0, 91.54, 92.17, 93.1, 93.86, 94.63, 95.39, 96.26, 95.93, 95.55, 95.29, 95.13, 95.04], [90.39, 90.41, 92.14, 92.09, 92.01, 91.91, 91.75, 91.33, 91.79, 92.38, 93.06, 93.71, 94.32, 94.79, 95.66, 95.47, 95.23, 95.05, 94.95, 94.9], [92.22, 92.19, 92.15, 91.83, 91.79, 91.73, 91.65, 91.57, 92.4, 92.7, 93.13, 93.59, 94.04, 95.28, 95.19, 95.03, 94.86, 94.77, 94.75, 94.76], [91.93, 91.92, 91.91, 91.9, 91.88, 91.86, 91.84, 91.69, 92.76, 92.94, 93.2, 93.51, 94.42, 94.99, 94.84, 94.64, 94.49, 94.48, 94.55, 94.62], [91.97, 91.97, 91.97, 91.73, 91.75, 91.77, 91.82, 91.88, 91.95, 91.99, 91.97, 92.41, 93.59, 94.77, 94.59, 94.33, 94.08, 94.2, 94.4, 94.53], [91.71, 91.72, 91.74, 91.76, 91.8, 91.85, 91.93, 92.05, 92.2, 92.27, 92.16, 92.5, 93.58, 93.67, 93.74, 94.19, 93.54, 94.19, 94.38, 94.49], [91.72, 91.74, 91.76, 91.79, 91.83, 91.89, 91.99, 92.16, 92.44, 92.67, 92.32, 92.46, 92.43, 93.68, 93.77, 93.86, 94.32, 94.54, 94.45, 94.5], [91.73, 91.75, 91.77, 91.79, 91.84, 91.9, 91.99, 92.14, 92.4, 92.61, 92.5, 92.36, 92.34, 93.68, 93.78, 93.58, 93.82, 93.92, 94.48, 94.52], [91.73, 91.75, 91.77, 91.79, 91.82, 91.87, 91.93, 92.01, 92.1, 92.1, 92.2, 92.16, 92.2, 92.93, 93.2, 93.43, 93.6, 93.68, 93.66, 93.61], [91.73, 91.74, 91.76, 91.78, 91.8, 91.82, 91.85, 91.85, 91.81, 91.89, 91.78, 92.18, 92.47, 92.76, 93.04, 93.26, 93.41, 93.5, 93.52, 93.51], [91.73, 91.74, 91.75, 91.76, 91.77, 91.77, 91.77, 91.73, 91.62, 91.53, 91.33, 91.88, 92.29, 92.62, 92.89, 93.11, 93.26, 93.35, 93.39, 93.41], [91.72, 91.73, 91.74, 91.74, 91.74, 91.73, 91.71, 91.65, 92.02, 91.7, 91.51, 91.87, 92.24, 92.53, 92.79, 92.99, 93.13, 93.23, 93.29, 93.32], [91.72, 91.72, 91.72, 91.72, 91.72, 91.7, 91.67, 91.62, 92.09, 91.93, 91.89, 92.04, 92.28, 92.52, 92.73, 92.9, 93.04, 93.13, 93.2, 93.24], [91.71, 91.71, 91.71, 91.71, 91.7, 91.68, 91.66, 92.29, 92.2, 92.12, 92.12, 92.21, 92.36, 92.53, 92.7, 92.85, 92.97, 93.06, 93.13, 93.17]]}