gis_exercise/awsData/contour/humi_2023090916.json
{"header": {"refTime": "2023-09-09T16:00:00.000Z", "nx": 21, "ny": 33, "lo1": 113.509, "la1": 22.2235, "lo2": 113.5947, "la2": 22.1034, "dx": 0.0042850000000001385, "dy": 0.003753125000000024, "parameterCategory": 0, "parameterCategoryName": "Temperature", "parameterNumber": 0}, "z": [[93.18, 93.23, 93.31, 95.43, 95.42, 93.32, 93.44, 93.54, 93.54, 94.51, 94.32, 94.12, 92.53, 92.41, 91.5, 91.4, 90.81, 90.8, 90.8, 90.8], [93.14, 93.19, 93.27, 93.36, 95.4, 95.37, 93.56, 93.8, 93.93, 94.58, 94.28, 93.97, 92.36, 92.23, 91.37, 90.79, 90.78, 90.77, 90.77, 90.77], [93.09, 93.14, 93.21, 93.3, 95.38, 95.35, 95.32, 94.01, 94.74, 94.65, 94.2, 93.69, 92.06, 91.98, 90.77, 90.77, 90.75, 90.74, 90.73, 90.74], [93.02, 93.07, 93.13, 93.21, 93.33, 95.33, 95.31, 95.27, 95.25, 94.63, 94.06, 93.22, 91.55, 92.46, 90.75, 90.75, 90.72, 90.69, 90.69, 90.7], [92.95, 92.98, 93.02, 93.09, 93.19, 95.3, 95.29, 95.31, 95.42, 94.74, 94.1, 92.34, 90.99, 92.15, 90.76, 90.73, 90.66, 90.61, 90.62, 90.66], [92.87, 92.88, 92.9, 92.94, 93.01, 93.1, 95.19, 95.19, 95.41, 95.89, 94.27, 93.03, 91.92, 91.0, 90.85, 90.72, 90.55, 90.48, 90.53, 90.61], [91.89, 92.77, 92.76, 92.77, 92.81, 92.88, 94.02, 94.8, 94.98, 95.77, 96.3, 94.19, 91.71, 91.53, 90.98, 90.71, 90.37, 90.25, 90.0, 90.0], [91.86, 91.85, 91.84, 91.85, 91.9, 93.6, 93.79, 93.79, 93.68, 96.04, 97.82, 94.84, 94.81, 91.49, 91.12, 91.44, 90.79, 90.55, 90.92, 91.17], [92.15, 92.12, 91.76, 91.73, 91.72, 91.8, 92.04, 93.84, 94.91, 95.56, 96.69, 95.81, 95.38, 95.95, 91.19, 91.56, 91.18, 91.02, 91.11, 91.26], [91.0, 91.0, 91.0, 91.94, 91.8, 91.45, 91.7, 92.04, 96.41, 96.08, 95.35, 96.36, 96.04, 96.19, 91.2, 91.69, 91.45, 91.32, 91.31, 91.37], [91.0, 91.0, 91.0, 91.0, 91.0, 91.0, 91.0, 91.0, 91.71, 95.05, 99.0, 96.71, 96.44, 96.43, 91.17, 91.79, 91.61, 91.51, 91.48, 91.5], [91.0, 91.0, 91.0, 91.0, 91.0, 91.0, 91.0, 91.0, 91.0, -999.0, 99.0, 93.0, 93.0, 96.61, 91.13, 91.89, 91.78, 94.55, 94.44, 94.41], [91.0, 91.0, 91.0, 91.0, 91.0, 91.0, 91.0, 91.0, 91.0, 91.0, -999.0, 93.0, 93.0, 96.26, 94.83, 92.91, 92.85, 93.84, 93.7, 93.61], [91.0, 91.0, 91.0, 91.0, 91.0, 91.0, 91.0, 91.0, 91.0, 91.0, -999.0, 98.0, 98.0, 98.0, 95.25, 93.58, 93.45, 94.46, 94.24, 94.08], [91.0, 91.0, 91.0, 91.0, 91.0, 91.0, 91.0, 90.0, 90.0, 90.0, 90.0, 93.07, 98.0, 98.0, 98.0, 94.34, 94.1, 95.02, 94.73, 94.5], [91.0, 91.0, 90.37, 90.36, 90.34, 90.0, 90.0, 90.0, 90.0, 90.0, 95.03, 94.46, 95.24, 95.89, 95.15, 96.53, 96.31, 96.7, 94.84, 94.61], [90.36, 90.35, 90.65, 90.63, 90.0, 90.0, 90.0, 90.0, 90.0, 90.0, 93.44, 94.43, 95.48, 96.44, 96.6, 96.96, 96.59, 96.3, 96.09, 95.95], [90.64, 90.63, 90.61, 90.59, 90.0, 90.0, 90.0, 90.0, 90.0, 92.03, 93.11, 94.31, 95.56, 96.52, 97.8, 97.07, 96.55, 96.21, 95.99, 95.85], [90.62, 90.61, 90.58, 90.0, 90.0, 90.0, 90.0, 90.0, 90.72, 91.56, 92.49, 93.5, 95.08, 96.06, 97.15, 96.76, 96.33, 96.02, 95.84, 95.73], [90.61, 90.59, 90.57, 90.54, 90.51, 90.45, 90.37, 90.16, 90.86, 91.55, 92.38, 93.23, 94.72, 95.35, 96.46, 96.24, 95.96, 95.75, 95.63, 95.57], [90.61, 90.6, 90.58, 90.41, 90.39, 90.36, 90.33, 90.29, 91.48, 91.83, 92.36, 92.98, 94.42, 96.03, 95.93, 95.74, 95.55, 95.44, 95.4, 95.4], [90.47, 90.46, 90.46, 90.45, 90.44, 90.43, 90.42, 90.17, 91.75, 91.96, 92.31, 92.74, 94.44, 95.69, 95.53, 95.32, 95.15, 95.12, 95.17, 95.24], [90.48, 90.48, 90.48, 90.11, 90.13, 90.16, 90.2, 90.24, 90.29, 90.3, 90.27, 91.5, 93.19, 95.44, 95.24, 94.99, 94.75, 94.82, 94.98, 95.11], [90.07, 90.08, 90.09, 90.11, 90.14, 90.17, 90.23, 90.31, 90.42, 90.46, 90.37, 91.24, 93.11, 93.49, 93.81, 94.82, 94.33, 94.7, 94.9, 95.04], [90.06, 90.07, 90.08, 90.1, 90.13, 90.17, 90.24, 90.36, 90.56, 90.74, 90.46, 91.1, 91.34, 93.45, 93.79, 94.08, 94.77, 94.86, 94.92, 95.02], [90.05, 90.06, 90.07, 90.09, 90.11, 90.15, 90.2, 90.31, 90.51, 90.68, 90.86, 90.94, 91.15, 93.4, 93.73, 93.68, 93.99, 94.09, 94.97, 95.04], [90.04, 90.05, 90.05, 90.06, 90.08, 90.1, 90.13, 90.17, 90.23, 90.21, 90.59, 90.68, 90.92, 92.54, 93.01, 93.39, 93.65, 93.76, 93.74, 93.67], [90.03, 90.03, 90.03, 90.03, 90.04, 90.04, 90.03, 90.01, 89.94, 90.2, 90.1, 90.48, 90.9, 91.34, 92.71, 93.08, 93.34, 93.47, 93.52, 93.5], [90.01, 90.01, 90.01, 90.01, 90.0, 89.98, 89.94, 89.88, 89.73, 89.76, 89.4, 90.12, 90.68, 91.15, 92.44, 92.81, 93.07, 93.23, 93.31, 93.34], [90.0, 90.0, 89.99, 89.98, 89.96, 89.93, 89.88, 89.8, 90.25, 89.87, 89.64, 90.11, 90.61, 91.04, 92.25, 92.6, 92.86, 93.03, 93.13, 93.18], [89.99, 89.98, 89.97, 89.96, 89.94, 89.9, 89.85, 89.78, 90.36, 90.17, 90.13, 90.35, 90.68, 91.01, 92.14, 92.45, 92.69, 92.86, 92.98, 93.05], [89.98, 89.97, 89.96, 89.94, 89.92, 89.89, 89.84, 90.62, 90.51, 90.43, 90.44, 90.57, 90.79, 91.04, 92.09, 92.36, 92.58, 92.74, 92.85, 92.94]]}