gis_exercise/awsData/contour/humi_2023090703.json
{"header": {"refTime": "2023-09-07T03:00:00.000Z", "nx": 21, "ny": 33, "lo1": 113.509, "la1": 22.2235, "lo2": 113.5947, "la2": 22.1034, "dx": 0.0042850000000001385, "dy": 0.003753125000000024, "parameterCategory": 0, "parameterCategoryName": "Temperature", "parameterNumber": 0}, "z": [[81.09, 81.12, 81.15, 81.96, 81.96, 80.12, 80.23, 80.32, 80.29, 80.42, 80.07, 79.72, 78.26, 78.06, 78.25, 78.25, 77.23, 77.32, 77.38, 77.43], [81.07, 81.1, 81.13, 81.18, 81.96, 81.96, 80.38, 80.63, 80.76, 80.65, 80.06, 79.53, 78.02, 77.83, 78.06, 77.12, 77.26, 77.37, 77.44, 77.49], [81.04, 81.07, 81.1, 81.15, 81.94, 81.95, 81.96, 80.9, 81.7, 80.85, 79.94, 79.17, 77.61, 77.48, 76.9, 77.13, 77.32, 77.45, 77.53, 77.57], [81.01, 81.03, 81.06, 81.11, 81.17, 81.93, 81.94, 81.97, 81.99, 80.59, 79.63, 78.54, 76.93, 77.26, 76.85, 77.18, 77.43, 77.58, 77.65, 77.67], [80.98, 80.99, 81.01, 81.04, 81.09, 81.9, 81.9, 81.92, 81.96, 80.29, 79.42, 77.15, 75.91, 76.98, 76.89, 77.31, 77.63, 77.79, 77.82, 77.79], [80.93, 80.94, 80.95, 80.97, 81.0, 81.05, 81.84, 81.83, 81.9, 82.05, 78.88, 77.78, 76.77, 76.0, 77.06, 77.53, 77.94, 78.11, 78.03, 77.91], [80.45, 80.88, 80.88, 80.88, 80.9, 80.94, 81.26, 81.66, 81.71, 81.33, 81.34, 78.85, 76.71, 76.53, 77.31, 77.76, 78.35, 78.57, 78.26, 78.01], [80.43, 80.42, 80.42, 80.43, 80.45, 81.07, 81.17, 81.22, 81.05, 81.52, 82.25, 79.54, 79.51, 76.49, 78.63, 78.52, 78.74, 78.82, 78.69, 78.61], [80.57, 80.56, 80.38, 80.37, 80.36, 80.4, 80.52, 81.2, 81.64, 81.21, 81.08, 80.34, 79.98, 80.46, 78.6, 78.48, 78.61, 78.66, 78.63, 78.58], [80.0, 80.0, 80.0, 80.47, 80.4, 80.23, 80.35, 80.52, 82.14, 82.03, 79.96, 80.8, 80.53, 80.66, 78.6, 78.44, 78.52, 78.56, 78.56, 78.54], [80.0, 80.0, 80.0, 80.0, 80.0, 80.0, 80.0, 80.0, 80.35, 81.68, 83.0, 81.09, 80.87, 80.85, 78.61, 78.4, 78.46, 78.5, 78.51, 78.5], [80.0, 80.0, 80.0, 80.0, 80.0, 80.0, 80.0, 80.0, 80.0, -999.0, 83.0, 78.0, 78.0, 81.01, 78.62, 78.37, 78.41, 84.68, 84.55, 84.51], [80.0, 80.0, 80.0, 80.0, 80.0, 80.0, 80.0, 80.0, 80.0, 80.0, -999.0, 78.0, 78.0, 85.18, 82.02, 82.64, 82.57, 83.8, 83.62, 83.51], [80.0, 80.0, 80.0, 80.0, 80.0, 80.0, 80.0, 80.0, 80.0, 80.0, -999.0, 89.0, 89.0, 89.0, 82.95, 83.47, 83.31, 84.57, 84.3, 84.09], [80.0, 80.0, 80.0, 80.0, 80.0, 80.0, 80.0, 87.0, 87.0, 87.0, 87.0, 87.77, 89.0, 89.0, 89.0, 84.42, 84.12, 85.28, 84.92, 84.62], [80.0, 80.0, 84.4, 84.48, 84.62, 87.0, 87.0, 87.0, 87.0, 87.0, 88.26, 88.12, 88.31, 88.47, 88.29, 88.63, 88.58, 88.68, 86.14, 85.92], [84.49, 84.54, 82.47, 82.59, 87.0, 87.0, 87.0, 87.0, 87.0, 87.0, 87.86, 88.11, 88.37, 88.61, 88.65, 89.69, 89.94, 90.14, 90.29, 90.4], [82.5, 82.58, 82.71, 82.89, 87.0, 87.0, 87.0, 87.0, 87.0, 87.51, 87.78, 88.08, 88.39, 88.63, 88.95, 89.6, 89.95, 90.18, 90.34, 90.46], [82.64, 82.75, 82.91, 87.0, 87.0, 87.0, 87.0, 87.0, 87.18, 87.39, 88.13, 88.41, 88.27, 88.52, 89.55, 89.79, 90.08, 90.29, 90.44, 90.54], [82.73, 82.85, 88.71, 88.63, 88.52, 88.36, 88.12, 87.49, 87.52, 87.87, 88.2, 88.44, 88.18, 88.34, 89.97, 90.1, 90.28, 90.44, 90.56, 90.65], [88.83, 88.79, 88.73, 88.24, 88.18, 88.09, 87.98, 87.86, 88.02, 88.17, 88.37, 88.53, 88.1, 90.24, 90.27, 90.35, 90.46, 90.59, 90.7, 90.77], [88.4, 88.38, 88.37, 88.35, 88.32, 88.29, 88.27, 88.74, 88.43, 88.52, 88.61, 88.67, 89.01, 90.45, 90.48, 90.51, 90.56, 90.71, 90.86, 90.92], [88.45, 88.45, 88.45, 89.1, 89.08, 89.07, 89.08, 89.12, 89.19, 89.26, 89.3, 88.59, 90.81, 90.61, 90.63, 90.55, 90.38, 90.78, 91.08, 91.11], [89.23, 89.22, 89.22, 89.23, 89.24, 89.27, 89.32, 89.41, 89.53, 89.6, 89.58, 89.76, 90.81, 90.92, 90.95, 90.7, 89.5, 91.44, 91.49, 91.31], [89.29, 89.3, 89.31, 89.34, 89.37, 89.43, 89.51, 89.62, 89.77, 89.88, 89.78, 89.84, 89.68, 90.96, 91.09, 91.23, 91.89, 92.81, 91.81, 91.46], [89.35, 89.37, 89.4, 89.43, 89.49, 89.55, 89.64, 89.75, 89.86, 89.94, 90.01, 89.94, 89.79, 91.0, 91.18, 91.56, 91.91, 92.13, 91.72, 91.48], [89.41, 89.43, 89.47, 89.52, 89.58, 89.65, 89.75, 89.85, 89.95, 90.02, 90.14, 90.07, 89.92, 91.34, 91.43, 91.56, 91.73, 91.83, 91.8, 91.71], [89.45, 89.49, 89.53, 89.58, 89.65, 89.73, 89.83, 89.95, 90.09, 90.35, 90.4, 91.29, 91.55, 91.88, 91.42, 91.52, 91.62, 91.68, 91.68, 91.65], [89.49, 89.53, 89.58, 89.64, 89.71, 89.79, 89.9, 90.04, 90.23, 90.58, 91.07, 91.26, 91.51, 91.79, 91.39, 91.47, 91.54, 91.58, 91.6, 91.59], [89.53, 89.57, 89.62, 89.68, 89.75, 89.83, 89.94, 90.08, 91.2, 91.16, 91.14, 91.29, 91.51, 91.75, 91.37, 91.43, 91.48, 91.52, 91.54, 91.54], [89.56, 89.6, 89.64, 89.7, 89.77, 89.85, 89.95, 90.07, 91.28, 91.26, 91.28, 91.38, 91.55, 91.73, 91.35, 91.4, 91.45, 91.48, 91.5, 91.5], [89.58, 89.62, 89.66, 89.72, 89.78, 89.85, 89.94, 91.36, 91.35, 91.36, 91.39, 91.47, 91.59, 91.74, 91.34, 91.38, 91.42, 91.45, 91.46, 91.47]]}