gis_exercise/awsData/contour/humi_2023090518.json
{"header": {"refTime": "2023-09-05T18:00:00.000Z", "nx": 21, "ny": 33, "lo1": 113.509, "la1": 22.2235, "lo2": 113.5947, "la2": 22.1034, "dx": 0.0042850000000001385, "dy": 0.003753125000000024, "parameterCategory": 0, "parameterCategoryName": "Temperature", "parameterNumber": 0}, "z": [[57.09, 57.12, 57.15, 58.22, 58.21, 57.51, 57.55, 57.59, 57.6, 58.13, 58.12, 58.1, 57.12, 57.07, 57.87, 57.93, 57.44, 57.49, 57.53, 57.55], [57.07, 57.1, 57.13, 57.18, 58.2, 58.19, 57.58, 57.66, 57.7, 58.11, 58.1, 58.06, 57.1, 57.04, 57.85, 57.4, 57.48, 57.54, 57.58, 57.6], [57.04, 57.07, 57.1, 57.15, 58.19, 58.18, 58.16, 57.71, 57.93, 58.1, 58.08, 58.0, 57.05, 57.01, 57.31, 57.42, 57.53, 57.61, 57.65, 57.67], [57.01, 57.03, 57.06, 57.11, 57.17, 58.17, 58.15, 58.14, 58.12, 58.16, 58.09, 57.9, 56.99, 57.36, 57.3, 57.47, 57.62, 57.72, 57.75, 57.75], [56.98, 56.99, 57.01, 57.04, 57.09, 58.15, 58.14, 58.16, 58.21, 58.3, 58.17, 57.39, 57.15, 57.29, 57.31, 57.54, 57.76, 57.88, 57.89, 57.85], [56.93, 56.94, 56.95, 56.97, 57.0, 57.05, 58.1, 58.1, 58.2, 58.44, 57.88, 57.5, 57.24, 56.67, 57.33, 57.66, 58.01, 58.16, 58.07, 57.95], [56.45, 56.88, 56.88, 56.88, 56.9, 56.94, 57.51, 57.9, 57.99, 58.19, 58.4, 57.59, 56.43, 56.49, 57.34, 57.79, 58.36, 58.58, 58.63, 58.5], [56.43, 56.42, 56.42, 56.43, 56.45, 57.3, 57.39, 57.4, 57.28, 58.36, 59.29, 57.23, 57.21, 56.5, 57.88, 57.56, 58.21, 58.45, 58.08, 57.83], [56.57, 56.56, 56.38, 56.37, 56.36, 56.4, 56.52, 57.42, 57.96, 58.06, 58.46, 57.87, 57.59, 57.97, 57.81, 57.44, 57.82, 57.98, 57.89, 57.74], [56.0, 56.0, 56.0, 56.47, 56.4, 56.23, 56.35, 56.52, 58.71, 58.54, 57.57, 58.24, 58.02, 58.13, 57.8, 57.31, 57.55, 57.68, 57.69, 57.63], [56.0, 56.0, 56.0, 56.0, 56.0, 56.0, 56.0, 56.0, 56.35, 58.03, 60.0, 58.48, 58.3, 58.28, 57.83, 57.21, 57.39, 57.49, 57.52, 57.5], [56.0, 56.0, 56.0, 56.0, 56.0, 56.0, 56.0, 56.0, 56.0, -999.0, 60.0, 56.0, 56.0, 58.41, 57.87, 57.11, 57.22, 65.82, 65.66, 65.61], [56.0, 56.0, 56.0, 56.0, 56.0, 56.0, 56.0, 56.0, 56.0, 56.0, -999.0, 56.0, 56.0, 65.79, 61.48, 63.37, 63.28, 64.76, 64.55, 64.42], [56.0, 56.0, 56.0, 56.0, 56.0, 56.0, 56.0, 56.0, 56.0, 56.0, -999.0, 71.0, 71.0, 71.0, 62.75, 64.37, 64.18, 65.68, 65.36, 65.11], [56.0, 56.0, 56.0, 56.0, 56.0, 56.0, 56.0, 58.0, 58.0, 58.0, 58.0, 62.99, 71.0, 71.0, 71.0, 65.51, 65.15, 66.53, 66.1, 65.74], [56.0, 56.0, 57.26, 57.28, 57.32, 58.0, 58.0, 58.0, 58.0, 58.0, 66.18, 65.25, 66.51, 67.57, 66.37, 67.7, 67.2, 68.08, 65.43, 65.03], [57.28, 57.3, 56.71, 56.74, 58.0, 58.0, 58.0, 58.0, 58.0, 58.0, 63.59, 65.2, 66.9, 68.46, 68.45, 70.31, 70.07, 69.89, 69.77, 69.71], [56.71, 56.74, 56.77, 56.83, 58.0, 58.0, 58.0, 58.0, 58.0, 61.3, 63.05, 65.0, 67.03, 68.34, 70.63, 70.37, 70.02, 69.81, 69.7, 69.64], [56.75, 56.79, 56.83, 58.0, 58.0, 58.0, 58.0, 58.0, 59.17, 60.53, 61.75, 63.37, 65.81, 67.47, 70.41, 70.13, 69.84, 69.66, 69.57, 69.55], [56.78, 56.81, 58.0, 58.0, 58.0, 58.0, 58.0, 58.0, 59.22, 60.23, 61.52, 62.87, 65.11, 66.13, 69.89, 69.72, 69.52, 69.42, 69.42, 69.45], [58.0, 58.0, 58.0, 58.0, 58.0, 58.0, 58.0, 58.0, 60.02, 60.54, 61.38, 62.38, 64.49, 69.59, 69.45, 69.26, 69.11, 69.12, 69.24, 69.37], [58.0, 58.0, 58.0, 58.0, 58.0, 58.0, 58.0, 57.83, 60.26, 60.58, 61.14, 61.88, 63.89, 69.32, 69.08, 68.76, 68.55, 68.74, 69.1, 69.33], [58.0, 58.0, 58.0, 57.75, 57.76, 57.77, 57.79, 57.8, 57.81, 57.81, 57.79, 59.05, 64.67, 69.15, 68.83, 68.24, 67.52, 68.32, 69.15, 69.42], [57.71, 57.72, 57.72, 57.73, 57.74, 57.75, 57.77, 57.79, 57.82, 57.83, 57.79, 58.73, 64.47, 65.57, 66.41, 68.18, 65.22, 69.27, 69.7, 69.65], [57.7, 57.7, 57.71, 57.71, 57.72, 57.73, 57.74, 57.78, 57.85, 57.91, 57.8, 58.59, 58.92, 65.55, 66.59, 67.54, 70.18, 71.94, 70.3, 69.87], [57.69, 57.69, 57.69, 57.69, 57.69, 57.7, 57.71, 57.74, 57.81, 57.87, 58.23, 58.45, 58.76, 65.5, 66.58, 67.45, 68.66, 69.24, 70.23, 69.94], [57.67, 57.67, 57.67, 57.67, 57.66, 57.66, 57.66, 57.67, 57.68, 57.66, 58.11, 58.28, 58.57, 64.74, 65.86, 66.86, 67.67, 68.06, 67.97, 67.68], [57.66, 57.66, 57.65, 57.65, 57.64, 57.63, 57.61, 57.58, 57.53, 57.85, 57.81, 60.1, 61.38, 62.85, 65.22, 66.16, 66.84, 67.23, 67.32, 67.23], [57.65, 57.64, 57.64, 57.63, 57.61, 57.59, 57.56, 57.51, 57.42, 57.57, 57.82, 59.44, 60.93, 62.34, 64.64, 65.53, 66.17, 66.57, 66.76, 66.79], [57.64, 57.63, 57.62, 57.61, 57.59, 57.57, 57.53, 57.48, 59.52, 58.78, 58.36, 59.5, 60.82, 62.05, 64.21, 65.04, 65.64, 66.05, 66.29, 66.4], [57.63, 57.62, 57.61, 57.6, 57.58, 57.55, 57.52, 57.47, 59.87, 59.52, 59.5, 60.09, 61.0, 61.98, 63.96, 64.69, 65.25, 65.64, 65.91, 66.07], [57.62, 57.61, 57.6, 57.59, 57.57, 57.54, 57.51, 60.49, 60.29, 60.16, 60.26, 60.66, 61.29, 62.03, 63.85, 64.46, 64.96, 65.33, 65.6, 65.78]]}