gis_exercise/awsData/contour/humi_2023090315.json
{"header": {"refTime": "2023-09-03T15:00:00.000Z", "nx": 21, "ny": 33, "lo1": 113.509, "la1": 22.2235, "lo2": 113.5947, "la2": 22.1034, "dx": 0.0042850000000001385, "dy": 0.003753125000000024, "parameterCategory": 0, "parameterCategoryName": "Temperature", "parameterNumber": 0}, "z": [[68.03, 68.05, 68.07, 69.11, 69.05, 68.52, 68.46, 68.41, 68.37, 68.39, 68.42, 68.45, 67.04, 66.98, 69.72, 69.94, 69.06, 69.21, 69.32, 69.39], [68.02, 68.04, 68.07, 68.1, 69.06, 68.97, 68.45, 68.35, 68.28, 68.33, 68.4, 68.44, 67.06, 66.99, 69.72, 68.93, 69.17, 69.36, 69.49, 69.55], [68.0, 68.03, 68.06, 68.09, 69.09, 69.0, 68.85, 68.31, 68.07, 68.29, 68.41, 68.44, 67.1, 67.02, 68.67, 69.01, 69.34, 69.58, 69.71, 69.75], [67.98, 68.0, 68.04, 68.08, 68.13, 69.08, 68.96, 68.75, 68.56, 68.38, 68.46, 68.42, 67.21, 67.48, 68.66, 69.15, 69.61, 69.92, 70.03, 70.01], [67.95, 67.97, 68.01, 68.06, 68.13, 69.2, 69.15, 69.08, 69.06, 68.59, 68.58, 67.62, 67.79, 67.49, 68.67, 69.39, 70.07, 70.45, 70.47, 70.32], [67.9, 67.92, 67.95, 68.01, 68.1, 68.24, 69.35, 69.38, 69.42, 69.46, 67.68, 67.47, 67.5, 66.66, 68.7, 69.75, 70.85, 71.31, 71.04, 70.65], [67.79, 67.85, 67.87, 67.92, 68.02, 68.2, 69.0, 69.63, 69.69, 68.82, 68.47, 67.05, 65.72, 65.96, 68.68, 70.12, 71.96, 72.65, 72.89, 72.51], [67.71, 67.69, 67.68, 67.7, 67.79, 68.49, 68.87, 69.42, 69.65, 69.02, 69.3, 65.84, 65.81, 66.01, 70.28, 69.19, 71.38, 72.17, 70.93, 70.09], [68.29, 68.23, 67.52, 67.46, 67.44, 67.59, 68.08, 69.05, 70.0, 68.72, 67.69, 66.81, 66.38, 66.95, 70.02, 68.79, 70.07, 70.6, 70.29, 69.82], [66.0, 66.0, 66.0, 67.87, 67.61, 66.91, 67.39, 68.08, 70.0, 70.0, 66.35, 67.36, 67.04, 67.19, 70.01, 68.37, 69.18, 69.61, 69.62, 69.43], [66.0, 66.0, 66.0, 66.0, 66.0, 66.0, 66.0, 66.0, 67.42, 70.0, 70.0, 67.71, 67.44, 67.43, 70.12, 68.04, 68.63, 68.98, 69.06, 68.99], [66.0, 66.0, 66.0, 66.0, 66.0, 66.0, 66.0, 66.0, 66.0, -999.0, 70.0, 64.0, 64.0, 67.61, 70.22, 67.7, 68.06, 74.0, 74.0, 74.0], [66.0, 66.0, 66.0, 66.0, 66.0, 66.0, 66.0, 66.0, 66.0, 66.0, -999.0, 64.0, 64.0, 70.53, 67.66, 74.0, 74.0, 74.0, 74.0, 74.0], [66.0, 66.0, 66.0, 66.0, 66.0, 66.0, 66.0, 66.0, 66.0, 66.0, -999.0, 74.0, 74.0, 74.0, 68.5, 74.0, 74.0, 74.0, 74.0, 74.0], [66.0, 66.0, 66.0, 66.0, 66.0, 66.0, 66.0, 65.0, 65.0, 65.0, 65.0, 68.46, 74.0, 74.0, 74.0, 74.0, 74.0, 74.0, 74.0, 74.0], [66.0, 66.0, 65.37, 65.36, 65.34, 65.0, 65.0, 65.0, 65.0, 65.0, 70.66, 70.02, 70.89, 71.63, 70.79, 74.0, 74.0, 74.0, 74.0, 74.0], [65.36, 65.35, 65.65, 65.63, 65.0, 65.0, 65.0, 65.0, 65.0, 65.0, 68.87, 69.99, 71.16, 72.24, 72.93, 73.44, 73.24, 73.07, 72.95, 72.87], [65.64, 65.63, 65.61, 65.59, 65.0, 65.0, 65.0, 65.0, 65.0, 67.29, 68.49, 69.84, 71.25, 72.82, 73.85, 73.51, 73.22, 73.03, 72.91, 72.82], [65.62, 65.61, 65.58, 65.0, 65.0, 65.0, 65.0, 65.0, 65.81, 66.75, 68.89, 70.07, 71.53, 72.5, 73.55, 73.35, 73.11, 72.94, 72.83, 72.75], [65.61, 65.59, 69.0, 68.81, 68.55, 68.17, 67.61, 66.15, 66.62, 67.77, 68.98, 69.98, 71.31, 72.05, 73.2, 73.09, 72.94, 72.82, 72.72, 72.66], [69.27, 69.17, 69.04, 67.9, 67.75, 67.54, 67.28, 67.0, 68.04, 68.59, 69.33, 70.03, 71.2, 72.97, 72.94, 72.86, 72.77, 72.68, 72.61, 72.56], [68.26, 68.23, 68.19, 68.14, 68.09, 68.02, 67.95, 68.12, 69.08, 69.4, 69.8, 70.2, 73.35, 72.8, 72.76, 72.71, 72.65, 72.56, 72.48, 72.45], [68.39, 68.39, 68.39, 68.56, 68.58, 68.62, 68.71, 68.88, 69.09, 69.25, 69.24, 70.47, 72.07, 72.67, 72.63, 72.63, 72.7, 72.48, 72.32, 72.32], [68.65, 68.67, 68.7, 68.75, 68.83, 68.96, 69.18, 69.51, 69.93, 70.14, 69.91, 71.74, 72.06, 72.09, 72.15, 72.52, 73.16, 72.06, 72.07, 72.19], [68.74, 68.78, 68.83, 68.91, 69.03, 69.21, 69.49, 69.93, 70.65, 71.23, 70.43, 71.62, 71.75, 72.05, 72.07, 72.05, 71.81, 71.28, 71.88, 72.1], [68.81, 68.86, 68.93, 69.02, 69.16, 69.35, 69.62, 70.03, 70.66, 71.16, 71.49, 71.42, 71.55, 72.02, 72.0, 71.47, 71.42, 71.33, 71.94, 72.09], [68.87, 68.93, 69.0, 69.1, 69.23, 69.39, 69.61, 69.87, 70.14, 70.22, 71.06, 71.09, 71.28, 70.92, 71.14, 71.29, 71.33, 71.33, 71.35, 71.36], [68.92, 68.98, 69.05, 69.14, 69.25, 69.38, 69.52, 69.66, 69.72, 70.54, 70.39, 70.04, 70.13, 70.18, 70.97, 71.13, 71.22, 71.26, 71.29, 71.3], [68.95, 69.01, 69.08, 69.15, 69.25, 69.34, 69.43, 69.49, 69.47, 69.95, 69.3, 69.74, 69.98, 70.09, 70.83, 71.0, 71.11, 71.18, 71.21, 71.24], [68.98, 69.03, 69.09, 69.16, 69.23, 69.3, 69.36, 69.38, 69.93, 69.62, 69.43, 69.7, 69.92, 70.04, 70.73, 70.9, 71.02, 71.09, 71.14, 71.18], [68.99, 69.04, 69.09, 69.15, 69.2, 69.26, 69.3, 69.31, 69.95, 69.79, 69.73, 69.81, 69.93, 70.03, 70.67, 70.83, 70.94, 71.02, 71.08, 71.12], [69.0, 69.04, 69.09, 69.13, 69.18, 69.22, 69.25, 70.09, 70.0, 69.92, 69.89, 69.92, 69.98, 70.04, 70.65, 70.78, 70.89, 70.97, 71.03, 71.07]]}