gis_exercise/awsData/contour/humi_2023090220.json
{"header": {"refTime": "2023-09-02T20:00:00.000Z", "nx": 21, "ny": 33, "lo1": 113.509, "la1": 22.2235, "lo2": 113.5947, "la2": 22.1034, "dx": 0.0042850000000001385, "dy": 0.003753125000000024, "parameterCategory": 0, "parameterCategoryName": "Temperature", "parameterNumber": 0}, "z": [[89.02, 89.03, 89.04, 90.07, 90.02, 88.8, 88.79, 88.78, 88.75, 89.07, 89.02, 88.96, 88.21, 88.17, 87.89, 87.88, 87.89, 87.91, 87.93, 87.94], [89.01, 89.02, 89.03, 89.05, 90.02, 89.94, 88.83, 88.83, 88.82, 89.06, 88.99, 88.9, 88.13, 88.1, 87.83, 87.86, 87.89, 87.91, 87.93, 87.94], [89.0, 89.01, 89.03, 89.05, 90.04, 89.95, 89.81, 88.88, 88.96, 89.06, 88.96, 88.78, 88.0, 87.99, 87.8, 87.85, 87.89, 87.92, 87.94, 87.95], [88.99, 89.0, 89.02, 89.04, 89.07, 90.01, 89.9, 89.72, 89.55, 89.12, 88.95, 88.58, 87.78, 88.44, 87.78, 87.86, 87.91, 87.93, 87.95, 87.96], [88.97, 88.98, 89.0, 89.03, 89.07, 90.1, 90.05, 90.01, 90.02, 89.31, 89.05, 88.37, 87.58, 88.27, 87.79, 87.88, 87.93, 87.95, 87.96, 87.97], [88.95, 88.96, 88.98, 89.0, 89.05, 89.12, 90.19, 90.22, 90.32, 90.51, 89.46, 88.77, 88.13, 87.67, 87.87, 87.93, 87.97, 87.98, 87.98, 87.98], [88.89, 88.93, 88.94, 88.96, 89.01, 89.1, 90.01, 90.29, 90.4, 90.73, 90.85, 89.46, 88.14, 88.02, 87.99, 87.99, 87.99, 88.0, 87.82, 87.75], [88.86, 88.85, 88.84, 88.85, 88.9, 89.7, 89.88, 90.07, 90.17, 90.85, 91.49, 89.92, 89.9, 87.99, 88.37, 88.48, 88.26, 88.18, 88.31, 88.39], [89.15, 89.12, 88.76, 88.73, 88.72, 88.8, 89.04, 89.96, 90.64, 90.64, 90.85, 90.41, 90.19, 90.48, 88.4, 88.52, 88.39, 88.34, 88.37, 88.42], [88.0, 88.0, 88.0, 88.94, 88.8, 88.45, 88.7, 89.04, 91.14, 91.03, 90.18, 90.68, 90.52, 90.6, 88.4, 88.56, 88.48, 88.44, 88.44, 88.46], [88.0, 88.0, 88.0, 88.0, 88.0, 88.0, 88.0, 88.0, 88.71, 90.68, 92.0, 90.86, 90.72, 90.71, 88.39, 88.6, 88.54, 88.5, 88.49, 88.5], [88.0, 88.0, 88.0, 88.0, 88.0, 88.0, 88.0, 88.0, 88.0, -999.0, 92.0, 89.0, 89.0, 90.81, 88.38, 88.63, 88.59, 92.55, 92.44, 92.41], [88.0, 88.0, 88.0, 88.0, 88.0, 88.0, 88.0, 88.0, 88.0, 88.0, -999.0, 89.0, 89.0, 93.57, 91.56, 90.91, 90.85, 91.84, 91.7, 91.61], [88.0, 88.0, 88.0, 88.0, 88.0, 88.0, 88.0, 88.0, 88.0, 88.0, -999.0, 96.0, 96.0, 96.0, 92.15, 91.58, 91.45, 92.46, 92.24, 92.08], [88.0, 88.0, 88.0, 88.0, 88.0, 88.0, 88.0, 90.0, 90.0, 90.0, 90.0, 92.31, 96.0, 96.0, 96.0, 92.34, 92.1, 93.02, 92.73, 92.5], [88.0, 88.0, 89.26, 89.28, 89.32, 90.0, 90.0, 90.0, 90.0, 90.0, 93.78, 93.35, 93.93, 94.42, 93.86, 94.9, 94.73, 95.03, 93.11, 92.9], [89.28, 89.3, 88.71, 88.74, 90.0, 90.0, 90.0, 90.0, 90.0, 90.0, 92.58, 93.32, 94.11, 94.83, 94.95, 95.25, 94.99, 94.78, 94.63, 94.53], [88.71, 88.74, 88.77, 88.83, 90.0, 90.0, 90.0, 90.0, 90.0, 91.52, 92.33, 93.23, 94.17, 94.89, 95.85, 95.34, 94.96, 94.72, 94.56, 94.46], [88.75, 88.79, 88.83, 90.0, 90.0, 90.0, 90.0, 90.0, 90.54, 91.17, 92.29, 93.06, 93.81, 94.55, 95.39, 95.11, 94.8, 94.58, 94.45, 94.37], [88.78, 88.81, 91.71, 91.63, 91.52, 91.36, 91.12, 90.49, 90.9, 91.55, 92.28, 92.94, 93.54, 94.02, 94.89, 94.74, 94.54, 94.39, 94.3, 94.26], [91.83, 91.79, 91.73, 91.24, 91.18, 91.09, 90.98, 90.86, 91.64, 91.96, 92.41, 92.88, 93.31, 94.58, 94.51, 94.38, 94.24, 94.16, 94.13, 94.14], [91.4, 91.38, 91.37, 91.35, 91.32, 91.29, 91.27, 91.04, 92.12, 92.31, 92.57, 92.87, 94.06, 94.34, 94.22, 94.07, 93.95, 93.93, 93.97, 94.02], [91.45, 91.45, 91.45, 91.09, 91.12, 91.16, 91.23, 91.32, 91.43, 91.49, 91.46, 92.12, 93.3, 94.16, 94.02, 93.83, 93.65, 93.71, 93.84, 93.94], [91.07, 91.09, 91.11, 91.14, 91.19, 91.27, 91.39, 91.57, 91.8, 91.91, 91.75, 92.25, 93.29, 93.34, 93.37, 93.71, 93.3, 93.65, 93.8, 93.89], [91.09, 91.11, 91.14, 91.18, 91.24, 91.33, 91.48, 91.73, 92.15, 92.51, 91.99, 92.2, 92.15, 93.34, 93.38, 93.43, 93.72, 93.82, 93.82, 93.88], [91.1, 91.12, 91.15, 91.19, 91.25, 91.34, 91.48, 91.71, 92.1, 92.42, 92.25, 92.04, 92.01, 93.34, 93.39, 92.99, 93.2, 93.27, 93.85, 93.9], [91.1, 91.12, 91.15, 91.19, 91.24, 91.3, 91.4, 91.52, 91.65, 91.65, 91.81, 91.74, 91.8, 92.25, 92.56, 92.8, 92.97, 93.05, 93.04, 92.99], [91.1, 91.12, 91.14, 91.17, 91.2, 91.23, 91.27, 91.28, 91.22, 91.34, 91.18, 91.48, 91.77, 92.05, 92.36, 92.61, 92.77, 92.86, 92.89, 92.88], [91.09, 91.11, 91.12, 91.14, 91.15, 91.16, 91.15, 91.09, 90.93, 90.8, 90.41, 91.09, 91.56, 91.89, 92.19, 92.43, 92.6, 92.7, 92.75, 92.77], [91.08, 91.09, 91.1, 91.11, 91.11, 91.1, 91.06, 90.98, 91.29, 90.88, 90.63, 91.06, 91.48, 91.8, 92.07, 92.3, 92.46, 92.57, 92.64, 92.67], [91.08, 91.08, 91.08, 91.08, 91.08, 91.05, 91.01, 90.94, 91.36, 91.16, 91.09, 91.26, 91.53, 91.78, 92.0, 92.2, 92.36, 92.47, 92.54, 92.58], [91.07, 91.07, 91.07, 91.06, 91.05, 91.03, 90.99, 91.6, 91.48, 91.38, 91.36, 91.46, 91.62, 91.8, 91.97, 92.14, 92.28, 92.38, 92.46, 92.51]]}