gis_exercise/awsData/contour/humi_2023091412.json
{"header": {"refTime": "2023-09-14T12:00:00.000Z", "nx": 21, "ny": 33, "lo1": 113.509, "la1": 22.2235, "lo2": 113.5947, "la2": 22.1034, "dx": 0.0042850000000001385, "dy": 0.003753125000000024, "parameterCategory": 0, "parameterCategoryName": "Temperature", "parameterNumber": 0}, "z": [[89.49, 89.55, 89.61, 91.47, 91.45, 89.81, 89.89, 89.95, 89.94, 90.57, 90.41, 90.25, 88.69, 88.57, 89.63, 89.73, 89.04, 89.16, 89.25, 89.31], [89.46, 89.51, 89.58, 89.67, 91.44, 91.41, 89.98, 90.14, 90.23, 90.63, 90.38, 90.13, 88.56, 88.43, 89.53, 88.92, 89.1, 89.25, 89.35, 89.4], [89.41, 89.46, 89.53, 89.62, 91.43, 91.4, 91.35, 90.3, 90.81, 90.69, 90.32, 89.91, 88.33, 88.24, 88.67, 88.96, 89.21, 89.39, 89.49, 89.53], [89.35, 89.39, 89.45, 89.54, 89.65, 91.4, 91.37, 91.31, 91.26, 90.66, 90.21, 89.53, 87.96, 88.61, 88.63, 89.04, 89.38, 89.6, 89.69, 89.69], [89.27, 89.3, 89.35, 89.43, 89.53, 91.4, 91.38, 91.39, 91.46, 90.74, 90.23, 88.56, 87.64, 88.39, 88.66, 89.22, 89.68, 89.93, 89.96, 89.88], [89.19, 89.2, 89.23, 89.29, 89.37, 89.5, 91.35, 91.36, 91.51, 91.84, 89.96, 89.02, 88.23, 87.33, 88.8, 89.5, 90.17, 90.45, 90.3, 90.09], [88.34, 89.09, 89.09, 89.11, 89.18, 89.3, 90.26, 91.14, 91.27, 91.45, 91.69, 89.72, 87.57, 87.51, 88.99, 89.8, 90.84, 91.23, 91.08, 90.76], [88.28, 88.27, 88.26, 88.28, 88.35, 89.77, 90.05, 90.29, 90.34, 91.7, 92.98, 89.84, 89.81, 87.5, 90.51, 90.08, 90.95, 91.27, 90.77, 90.44], [88.72, 88.67, 88.14, 88.1, 88.08, 88.19, 88.56, 90.16, 91.27, 91.28, 91.69, 90.81, 90.38, 90.95, 90.41, 89.92, 90.43, 90.64, 90.52, 90.33], [87.0, 87.0, 87.0, 88.4, 88.21, 87.68, 88.05, 88.56, 92.27, 92.05, 90.35, 91.36, 91.04, 91.19, 90.4, 89.75, 90.07, 90.24, 90.25, 90.17], [87.0, 87.0, 87.0, 87.0, 87.0, 87.0, 87.0, 87.0, 88.06, 91.37, 94.0, 91.71, 91.44, 91.43, 90.45, 89.62, 89.85, 89.99, 90.02, 90.0], [87.0, 87.0, 87.0, 87.0, 87.0, 87.0, 87.0, 87.0, 87.0, -999.0, 94.0, 88.0, 88.0, 91.61, 90.49, 89.48, 89.62, 94.27, 94.22, 94.2], [87.0, 87.0, 87.0, 87.0, 87.0, 87.0, 87.0, 87.0, 87.0, 87.0, -999.0, 88.0, 88.0, 93.22, 90.93, 93.46, 93.43, 93.92, 93.85, 93.81], [87.0, 87.0, 87.0, 87.0, 87.0, 87.0, 87.0, 87.0, 87.0, 87.0, -999.0, 96.0, 96.0, 96.0, 91.6, 93.79, 93.73, 94.23, 94.12, 94.04], [87.0, 87.0, 87.0, 87.0, 87.0, 87.0, 87.0, 90.0, 90.0, 90.0, 90.0, 92.31, 96.0, 96.0, 96.0, 94.17, 94.05, 94.51, 94.37, 94.25], [87.0, 87.0, 88.89, 88.92, 88.98, 90.0, 90.0, 90.0, 90.0, 90.0, 93.78, 93.35, 93.93, 94.42, 93.86, 96.37, 96.42, 96.32, 95.24, 95.18], [88.93, 88.94, 88.06, 88.11, 90.0, 90.0, 90.0, 90.0, 90.0, 90.0, 92.58, 93.32, 94.11, 94.83, 95.4, 96.3, 96.4, 96.48, 96.54, 96.58], [88.07, 88.11, 88.16, 88.24, 90.0, 90.0, 90.0, 90.0, 90.0, 91.52, 92.33, 93.23, 94.17, 95.32, 95.92, 96.26, 96.41, 96.51, 96.57, 96.61], [88.13, 88.18, 88.25, 90.0, 90.0, 90.0, 90.0, 90.0, 90.54, 91.17, 92.66, 93.45, 94.54, 95.15, 96.24, 96.35, 96.47, 96.56, 96.61, 96.65], [88.17, 88.22, 92.86, 92.72, 92.53, 92.27, 91.86, 90.82, 91.12, 91.9, 92.73, 93.4, 94.43, 94.93, 96.44, 96.5, 96.58, 96.64, 96.67, 96.69], [93.05, 92.98, 92.88, 92.07, 91.96, 91.82, 91.63, 91.43, 92.11, 92.48, 92.98, 93.45, 94.41, 96.56, 96.58, 96.64, 96.69, 96.72, 96.74, 96.74], [92.33, 92.31, 92.28, 92.25, 92.2, 92.15, 92.11, 92.6, 92.84, 93.06, 93.32, 93.58, 95.99, 96.65, 96.7, 96.75, 96.8, 96.81, 96.8, 96.79], [92.42, 92.42, 92.42, 93.08, 93.07, 93.07, 93.11, 93.2, 93.33, 93.45, 93.48, 94.05, 96.26, 96.72, 96.77, 96.84, 96.89, 96.89, 96.86, 96.83], [93.23, 93.23, 93.24, 93.26, 93.3, 93.36, 93.48, 93.67, 93.91, 94.05, 93.95, 95.49, 96.21, 96.43, 96.63, 96.89, 96.97, 96.95, 96.9, 96.85], [93.32, 93.34, 93.37, 93.41, 93.48, 93.59, 93.75, 94.0, 94.36, 94.65, 94.31, 95.43, 95.6, 96.41, 96.6, 96.77, 96.94, 96.95, 96.9, 96.86], [93.4, 93.43, 93.48, 93.54, 93.63, 93.75, 93.92, 94.15, 94.46, 94.68, 95.24, 95.38, 95.54, 96.37, 96.56, 96.7, 96.79, 96.81, 96.89, 96.86], [93.47, 93.51, 93.57, 93.64, 93.74, 93.86, 94.01, 94.19, 94.37, 94.46, 95.26, 95.35, 95.48, 96.29, 96.45, 96.59, 96.67, 96.71, 96.7, 96.68], [93.52, 93.57, 93.64, 93.72, 93.81, 93.93, 94.07, 94.22, 94.37, 95.2, 95.21, 95.29, 95.43, 95.58, 96.34, 96.48, 96.57, 96.61, 96.63, 96.62], [93.57, 93.63, 93.69, 93.77, 93.86, 93.98, 94.1, 94.25, 94.42, 95.15, 95.08, 95.23, 95.39, 95.53, 96.25, 96.38, 96.47, 96.53, 96.56, 96.57], [93.61, 93.67, 93.73, 93.81, 93.9, 94.0, 94.12, 94.25, 95.24, 95.17, 95.13, 95.24, 95.38, 95.5, 96.18, 96.3, 96.4, 96.46, 96.49, 96.51], [93.64, 93.7, 93.76, 93.83, 93.91, 94.0, 94.11, 94.22, 95.27, 95.24, 95.24, 95.3, 95.4, 95.5, 96.14, 96.25, 96.34, 96.4, 96.44, 96.47], [93.67, 93.72, 93.77, 93.84, 93.91, 93.99, 94.08, 95.34, 95.32, 95.31, 95.32, 95.36, 95.43, 95.5, 96.12, 96.22, 96.3, 96.35, 96.4, 96.42]]}