gis_exercise/awsData/contour/humi_2023090719.json
{"header": {"refTime": "2023-09-07T19:00:00.000Z", "nx": 21, "ny": 33, "lo1": 113.509, "la1": 22.2235, "lo2": 113.5947, "la2": 22.1034, "dx": 0.0042850000000001385, "dy": 0.003753125000000024, "parameterCategory": 0, "parameterCategoryName": "Temperature", "parameterNumber": 0}, "z": [[97.39, 97.4, 97.42, 97.96, 97.96, 97.05, 97.11, 97.16, 97.16, 97.43, 97.29, 97.15, 96.57, 96.49, 96.47, 96.49, 96.25, 96.29, 96.32, 96.35], [97.38, 97.39, 97.41, 97.44, 97.96, 97.96, 97.18, 97.32, 97.39, 97.52, 97.29, 97.07, 96.46, 96.39, 96.39, 96.19, 96.26, 96.31, 96.35, 96.37], [97.36, 97.38, 97.39, 97.42, 97.94, 97.95, 97.96, 97.44, 97.85, 97.59, 97.23, 96.91, 96.28, 96.24, 96.08, 96.19, 96.28, 96.35, 96.39, 96.41], [97.35, 97.35, 97.37, 97.39, 97.42, 97.93, 97.94, 97.97, 97.99, 97.51, 97.12, 96.64, 95.97, 96.25, 96.05, 96.22, 96.33, 96.41, 96.44, 96.45], [97.33, 97.33, 97.34, 97.35, 97.37, 97.9, 97.9, 97.92, 97.96, 97.44, 97.06, 96.17, 95.5, 96.1, 96.07, 96.28, 96.42, 96.5, 96.52, 96.5], [97.31, 97.31, 97.31, 97.31, 97.32, 97.33, 97.84, 97.83, 97.9, 98.05, 97.08, 96.52, 95.98, 95.67, 96.17, 96.39, 96.56, 96.64, 96.61, 96.56], [97.0, 97.28, 97.27, 97.27, 97.27, 97.26, 97.51, 97.66, 97.71, 97.92, 98.1, 97.13, 96.14, 96.02, 96.32, 96.5, 96.74, 96.83, 96.63, 96.5], [97.0, 97.0, 97.0, 97.0, 97.0, 97.45, 97.45, 97.36, 97.23, 98.01, 98.61, 97.61, 97.6, 95.99, 97.0, 97.0, 97.0, 97.0, 97.0, 97.0], [97.0, 97.0, 97.0, 97.0, 97.0, 97.0, 97.0, 97.44, 97.64, 97.85, 98.23, 97.94, 97.79, 97.98, 97.0, 97.0, 97.0, 97.0, 97.0, 97.0], [97.0, 97.0, 97.0, 97.0, 97.0, 97.0, 97.0, 97.0, 98.14, 98.03, 97.78, 98.12, 98.01, 98.06, 97.0, 97.0, 97.0, 97.0, 97.0, 97.0], [97.0, 97.0, 97.0, 97.0, 97.0, 97.0, 97.0, 97.0, 97.0, 97.68, 99.0, 98.24, 98.15, 98.14, 97.0, 97.0, 97.0, 97.0, 97.0, 97.0], [97.0, 97.0, 97.0, 97.0, 97.0, 97.0, 97.0, 97.0, 97.0, -999.0, 99.0, 97.0, 97.0, 98.2, 97.0, 97.0, 97.0, 98.14, 98.11, 98.1], [97.0, 97.0, 97.0, 97.0, 97.0, 97.0, 97.0, 97.0, 97.0, 97.0, -999.0, 97.0, 97.0, 98.31, 97.73, 97.73, 97.71, 97.96, 97.92, 97.9], [97.0, 97.0, 97.0, 97.0, 97.0, 97.0, 97.0, 97.0, 97.0, 97.0, -999.0, 99.0, 99.0, 99.0, 97.9, 97.89, 97.86, 98.11, 98.06, 98.02], [97.0, 97.0, 97.0, 97.0, 97.0, 97.0, 97.0, 97.0, 97.0, 97.0, 97.0, 97.77, 99.0, 99.0, 99.0, 98.08, 98.02, 98.26, 98.18, 98.12], [97.0, 97.0, 97.0, 97.0, 97.0, 97.0, 97.0, 97.0, 97.0, 97.0, 98.26, 98.12, 98.31, 98.47, 98.29, 98.27, 98.16, 98.35, 97.94, 97.86], [97.0, 97.0, 97.0, 97.0, 97.0, 97.0, 97.0, 97.0, 97.0, 97.0, 97.86, 98.11, 98.37, 98.61, 98.54, 98.55, 98.39, 98.26, 98.18, 98.11], [97.0, 97.0, 97.0, 97.0, 97.0, 97.0, 97.0, 97.0, 97.0, 97.51, 97.78, 98.08, 98.39, 98.52, 98.93, 98.6, 98.37, 98.23, 98.13, 98.07], [97.0, 97.0, 97.0, 97.0, 97.0, 97.0, 97.0, 97.0, 97.18, 97.39, 97.76, 98.02, 98.09, 98.36, 98.63, 98.46, 98.27, 98.14, 98.07, 98.02], [97.0, 97.0, 97.57, 97.54, 97.51, 97.45, 97.37, 97.16, 97.3, 97.52, 97.76, 97.98, 97.96, 98.11, 98.33, 98.23, 98.11, 98.02, 97.97, 97.95], [97.61, 97.6, 97.58, 97.41, 97.39, 97.36, 97.33, 97.29, 97.55, 97.65, 97.8, 97.96, 97.83, 98.14, 98.1, 98.01, 97.93, 97.88, 97.87, 97.88], [97.47, 97.46, 97.46, 97.45, 97.44, 97.43, 97.42, 97.17, 97.71, 97.77, 97.86, 97.96, 98.04, 97.99, 97.92, 97.82, 97.74, 97.74, 97.77, 97.81], [97.48, 97.48, 97.48, 97.11, 97.13, 97.16, 97.2, 97.24, 97.29, 97.3, 97.27, 97.44, 97.67, 97.89, 97.79, 97.66, 97.54, 97.6, 97.7, 97.76], [97.07, 97.08, 97.09, 97.11, 97.14, 97.17, 97.23, 97.31, 97.42, 97.46, 97.37, 97.25, 97.68, 97.62, 97.56, 97.59, 97.27, 97.59, 97.69, 97.74], [97.06, 97.07, 97.08, 97.1, 97.13, 97.17, 97.24, 97.36, 97.56, 97.74, 97.46, 97.25, 97.13, 97.63, 97.58, 97.54, 97.66, 97.77, 97.72, 97.75], [97.05, 97.06, 97.07, 97.09, 97.11, 97.15, 97.2, 97.31, 97.51, 97.68, 97.38, 97.17, 97.07, 97.65, 97.61, 97.29, 97.41, 97.46, 97.74, 97.76], [97.04, 97.05, 97.05, 97.06, 97.08, 97.1, 97.13, 97.17, 97.23, 97.21, 97.08, 96.98, 96.96, 96.97, 97.1, 97.21, 97.3, 97.34, 97.33, 97.3], [97.03, 97.03, 97.03, 97.03, 97.04, 97.04, 97.03, 97.01, 96.94, 96.79, 96.68, 96.89, 97.04, 97.17, 97.02, 97.13, 97.21, 97.25, 97.26, 97.25], [97.01, 97.01, 97.01, 97.01, 97.0, 96.98, 96.94, 96.88, 96.73, 96.46, 96.25, 96.65, 96.91, 97.08, 96.95, 97.05, 97.13, 97.17, 97.2, 97.2], [97.0, 97.0, 96.99, 96.98, 96.96, 96.93, 96.88, 96.8, 96.78, 96.53, 96.38, 96.63, 96.86, 97.03, 96.89, 96.99, 97.07, 97.11, 97.14, 97.16], [96.99, 96.98, 96.97, 96.96, 96.94, 96.9, 96.85, 96.78, 96.81, 96.69, 96.65, 96.74, 96.89, 97.02, 96.86, 96.95, 97.02, 97.07, 97.1, 97.12], [96.98, 96.97, 96.96, 96.94, 96.92, 96.89, 96.84, 96.95, 96.88, 96.82, 96.8, 96.85, 96.94, 97.03, 96.85, 96.92, 96.98, 97.03, 97.06, 97.09]]}