gis_exercise/awsData/contour/humi_2023090106.json
{"header": {"refTime": "2023-09-01T06:00:00.000Z", "nx": 21, "ny": 33, "lo1": 113.509, "la1": 22.2235, "lo2": 113.5947, "la2": 22.1034, "dx": 0.0042850000000001385, "dy": 0.003753125000000024, "parameterCategory": 0, "parameterCategoryName": "Temperature", "parameterNumber": 0}, "z": [[72.7, 72.71, 72.73, 73.51, 73.49, 72.07, 72.12, 72.15, 72.13, 72.38, 72.2, 72.02, 70.93, 70.82, 71.35, 71.41, 70.96, 71.05, 71.12, 71.16], [72.69, 72.71, 72.72, 72.74, 73.49, 73.45, 72.2, 72.32, 72.37, 72.46, 72.18, 71.91, 70.79, 70.69, 71.24, 70.85, 71.0, 71.11, 71.19, 71.23], [72.68, 72.69, 72.71, 72.73, 73.49, 73.45, 73.39, 72.46, 72.85, 72.55, 72.11, 71.69, 70.56, 70.49, 70.64, 70.87, 71.07, 71.2, 71.28, 71.32], [72.67, 72.68, 72.69, 72.72, 72.74, 73.47, 73.42, 73.34, 73.27, 72.47, 71.97, 71.32, 70.16, 70.64, 70.6, 70.93, 71.19, 71.35, 71.42, 71.43], [72.65, 72.66, 72.67, 72.69, 72.72, 73.5, 73.48, 73.46, 73.49, 72.44, 71.94, 70.56, 69.66, 70.44, 70.63, 71.07, 71.41, 71.59, 71.62, 71.57], [72.63, 72.63, 72.64, 72.66, 72.68, 72.72, 73.51, 73.53, 73.61, 73.78, 71.85, 71.02, 70.28, 69.67, 70.78, 71.29, 71.76, 71.95, 71.86, 71.71], [72.45, 72.6, 72.6, 72.61, 72.64, 72.68, 73.26, 73.48, 73.56, 73.53, 73.59, 71.79, 70.14, 70.02, 70.99, 71.52, 72.23, 72.49, 72.26, 72.01], [72.43, 72.42, 72.42, 72.43, 72.45, 73.07, 73.17, 73.22, 73.11, 73.69, 74.37, 72.23, 72.21, 69.99, 72.26, 72.04, 72.48, 72.63, 72.39, 72.22], [72.57, 72.56, 72.38, 72.37, 72.36, 72.4, 72.52, 73.2, 73.64, 73.42, 73.46, 72.87, 72.59, 72.97, 72.2, 71.96, 72.21, 72.32, 72.26, 72.16], [72.0, 72.0, 72.0, 72.47, 72.4, 72.23, 72.35, 72.52, 74.14, 74.03, 72.57, 73.24, 73.02, 73.13, 72.2, 71.87, 72.04, 72.12, 72.12, 72.09], [72.0, 72.0, 72.0, 72.0, 72.0, 72.0, 72.0, 72.0, 72.35, 73.68, 75.0, 73.48, 73.3, 73.28, 72.22, 71.81, 71.93, 72.0, 72.01, 72.0], [72.0, 72.0, 72.0, 72.0, 72.0, 72.0, 72.0, 72.0, 72.0, -999.0, 75.0, 71.0, 71.0, 73.41, 72.24, 71.74, 71.81, 76.98, 76.88, 76.86], [72.0, 72.0, 72.0, 72.0, 72.0, 72.0, 72.0, 72.0, 72.0, 72.0, -999.0, 71.0, 71.0, 76.88, 74.29, 75.55, 75.5, 76.36, 76.24, 76.16], [72.0, 72.0, 72.0, 72.0, 72.0, 72.0, 72.0, 72.0, 72.0, 72.0, -999.0, 80.0, 80.0, 80.0, 75.05, 76.13, 76.02, 76.9, 76.71, 76.57], [72.0, 72.0, 72.0, 72.0, 72.0, 72.0, 72.0, 75.0, 75.0, 75.0, 75.0, 76.92, 80.0, 80.0, 80.0, 76.8, 76.59, 77.39, 77.14, 76.93], [72.0, 72.0, 73.89, 73.92, 73.98, 75.0, 75.0, 75.0, 75.0, 75.0, 78.15, 77.79, 78.27, 78.68, 78.22, 76.7, 76.2, 77.08, 75.73, 75.43], [73.93, 73.94, 73.06, 73.11, 75.0, 75.0, 75.0, 75.0, 75.0, 75.0, 77.15, 77.77, 78.42, 79.02, 78.4, 78.18, 77.54, 77.04, 76.68, 76.44], [73.07, 73.11, 73.16, 73.24, 75.0, 75.0, 75.0, 75.0, 75.0, 76.27, 76.94, 77.69, 78.47, 78.38, 79.76, 78.38, 77.46, 76.88, 76.51, 76.28], [73.13, 73.18, 73.25, 75.0, 75.0, 75.0, 75.0, 75.0, 75.45, 75.97, 76.07, 76.68, 77.0, 77.81, 78.5, 77.83, 77.06, 76.54, 76.23, 76.06], [73.17, 73.22, 73.86, 73.91, 73.99, 74.09, 74.25, 74.67, 75.25, 75.51, 75.91, 76.41, 76.5, 76.86, 77.28, 76.89, 76.4, 76.05, 75.87, 75.78], [73.78, 73.81, 73.85, 74.17, 74.21, 74.27, 74.35, 74.43, 75.31, 75.46, 75.73, 76.11, 75.98, 76.53, 76.33, 75.98, 75.65, 75.47, 75.45, 75.49], [74.07, 74.08, 74.09, 74.1, 74.12, 74.14, 74.16, 73.96, 75.15, 75.25, 75.46, 75.77, 74.84, 75.92, 75.6, 75.18, 74.86, 74.86, 75.05, 75.23], [74.03, 74.03, 74.03, 73.77, 73.77, 73.77, 73.76, 73.72, 73.67, 73.62, 73.61, 73.06, 73.52, 75.49, 75.08, 74.5, 73.92, 74.27, 74.79, 75.06], [73.71, 73.71, 73.7, 73.7, 73.68, 73.65, 73.61, 73.53, 73.44, 73.38, 73.42, 72.51, 73.52, 73.58, 73.59, 74.23, 72.54, 74.4, 74.84, 75.03], [73.67, 73.67, 73.65, 73.63, 73.61, 73.56, 73.5, 73.4, 73.25, 73.14, 73.28, 72.57, 72.4, 73.62, 73.7, 73.81, 74.8, 75.5, 75.05, 75.08], [73.64, 73.63, 73.61, 73.58, 73.55, 73.5, 73.43, 73.34, 73.22, 73.13, 72.76, 72.62, 72.46, 73.66, 73.79, 73.97, 74.29, 74.49, 75.11, 75.13], [73.61, 73.6, 73.57, 73.54, 73.51, 73.46, 73.39, 73.32, 73.25, 73.22, 72.74, 72.65, 72.52, 73.66, 73.78, 73.94, 74.1, 74.2, 74.17, 74.09], [73.59, 73.57, 73.55, 73.51, 73.47, 73.43, 73.37, 73.31, 73.25, 72.8, 72.79, 73.59, 73.86, 74.17, 73.74, 73.87, 73.98, 74.04, 74.05, 74.02], [73.57, 73.55, 73.52, 73.49, 73.45, 73.41, 73.36, 73.3, 73.23, 72.85, 73.16, 73.47, 73.77, 74.07, 73.69, 73.8, 73.88, 73.94, 73.96, 73.95], [73.55, 73.53, 73.51, 73.48, 73.44, 73.4, 73.35, 73.3, 73.47, 73.34, 73.26, 73.49, 73.75, 74.01, 73.65, 73.74, 73.81, 73.86, 73.89, 73.9], [73.54, 73.52, 73.5, 73.47, 73.44, 73.4, 73.36, 73.31, 73.55, 73.48, 73.48, 73.6, 73.79, 73.99, 73.63, 73.7, 73.76, 73.81, 73.84, 73.85], [73.53, 73.51, 73.49, 73.46, 73.43, 73.4, 73.37, 73.67, 73.63, 73.61, 73.63, 73.72, 73.85, 74.0, 73.61, 73.68, 73.73, 73.77, 73.8, 73.81]]}