gis_exercise/awsData/contour/humi_2023090115.json
{"header": {"refTime": "2023-09-01T15:00:00.000Z", "nx": 21, "ny": 33, "lo1": 113.509, "la1": 22.2235, "lo2": 113.5947, "la2": 22.1034, "dx": 0.0042850000000001385, "dy": 0.003753125000000024, "parameterCategory": 0, "parameterCategoryName": "Temperature", "parameterNumber": 0}, "z": [[64.09, 64.12, 64.15, 64.96, 64.96, 63.58, 63.67, 63.74, 63.72, 63.93, 63.68, 63.43, 62.29, 62.15, 62.65, 62.69, 61.96, 62.05, 62.12, 62.16], [64.07, 64.1, 64.13, 64.18, 64.96, 64.96, 63.78, 63.97, 64.07, 64.08, 63.67, 63.3, 62.12, 61.98, 62.52, 61.85, 62.0, 62.11, 62.19, 62.23], [64.04, 64.07, 64.1, 64.15, 64.94, 64.95, 64.96, 64.17, 64.78, 64.22, 63.59, 63.04, 61.83, 61.74, 61.64, 61.87, 62.07, 62.2, 62.28, 62.32], [64.01, 64.03, 64.06, 64.11, 64.17, 64.93, 64.94, 64.97, 64.99, 64.05, 63.37, 62.59, 61.35, 61.64, 61.6, 61.93, 62.19, 62.35, 62.42, 62.43], [63.98, 63.99, 64.01, 64.04, 64.09, 64.9, 64.9, 64.92, 64.96, 63.86, 63.24, 61.56, 60.66, 61.44, 61.63, 62.07, 62.41, 62.59, 62.62, 62.57], [63.93, 63.94, 63.95, 63.97, 64.0, 64.05, 64.84, 64.83, 64.9, 65.05, 62.85, 62.02, 61.28, 60.67, 61.78, 62.29, 62.76, 62.95, 62.86, 62.71], [63.45, 63.88, 63.88, 63.88, 63.9, 63.94, 64.26, 64.66, 64.71, 64.53, 64.59, 62.79, 61.14, 61.02, 61.99, 62.52, 63.23, 63.49, 63.26, 63.01], [63.43, 63.42, 63.42, 63.43, 63.45, 64.07, 64.17, 64.22, 64.11, 64.69, 65.37, 63.23, 63.21, 60.99, 63.26, 63.04, 63.48, 63.63, 63.39, 63.22], [63.57, 63.56, 63.38, 63.37, 63.36, 63.4, 63.52, 64.2, 64.64, 64.42, 64.46, 63.87, 63.59, 63.97, 63.2, 62.96, 63.21, 63.32, 63.26, 63.16], [63.0, 63.0, 63.0, 63.47, 63.4, 63.23, 63.35, 63.52, 65.14, 65.03, 63.57, 64.24, 64.02, 64.13, 63.2, 62.87, 63.04, 63.12, 63.12, 63.09], [63.0, 63.0, 63.0, 63.0, 63.0, 63.0, 63.0, 63.0, 63.35, 64.68, 66.0, 64.48, 64.3, 64.28, 63.22, 62.81, 62.93, 63.0, 63.01, 63.0], [63.0, 63.0, 63.0, 63.0, 63.0, 63.0, 63.0, 63.0, 63.0, -999.0, 66.0, 62.0, 62.0, 64.41, 63.24, 62.74, 62.81, 67.41, 67.33, 67.31], [63.0, 63.0, 63.0, 63.0, 63.0, 63.0, 63.0, 63.0, 63.0, 63.0, -999.0, 62.0, 62.0, 67.22, 64.93, 66.18, 66.14, 66.88, 66.77, 66.71], [63.0, 63.0, 63.0, 63.0, 63.0, 63.0, 63.0, 63.0, 63.0, 63.0, -999.0, 70.0, 70.0, 70.0, 65.6, 66.68, 66.59, 67.34, 67.18, 67.06], [63.0, 63.0, 63.0, 63.0, 63.0, 63.0, 63.0, 65.0, 65.0, 65.0, 65.0, 66.92, 70.0, 70.0, 70.0, 67.25, 67.07, 67.77, 67.55, 67.37], [63.0, 63.0, 64.26, 64.28, 64.32, 65.0, 65.0, 65.0, 65.0, 65.0, 68.15, 67.79, 68.27, 68.68, 68.22, 67.07, 66.62, 67.4, 66.26, 66.0], [64.28, 64.3, 63.71, 63.74, 65.0, 65.0, 65.0, 65.0, 65.0, 65.0, 67.15, 67.77, 68.42, 69.02, 68.51, 68.48, 67.94, 67.52, 67.23, 67.02], [63.71, 63.74, 63.77, 63.83, 65.0, 65.0, 65.0, 65.0, 65.0, 66.27, 66.94, 67.69, 68.47, 68.49, 69.78, 68.64, 67.88, 67.39, 67.08, 66.89], [63.75, 63.79, 63.83, 65.0, 65.0, 65.0, 65.0, 65.0, 65.45, 65.97, 66.07, 66.68, 67.18, 67.96, 68.74, 68.18, 67.54, 67.1, 66.85, 66.7], [63.78, 63.81, 63.86, 63.91, 63.99, 64.09, 64.25, 64.67, 65.25, 65.51, 65.91, 66.41, 66.72, 67.09, 67.72, 67.39, 66.98, 66.69, 66.54, 66.47], [63.78, 63.81, 63.85, 64.17, 64.21, 64.27, 64.35, 64.43, 65.31, 65.46, 65.73, 66.11, 66.25, 67.08, 66.91, 66.62, 66.34, 66.2, 66.19, 66.23], [64.07, 64.08, 64.09, 64.1, 64.12, 64.14, 64.16, 63.96, 65.15, 65.25, 65.46, 65.77, 65.16, 66.57, 66.29, 65.93, 65.65, 65.67, 65.86, 66.02], [64.03, 64.03, 64.03, 63.77, 63.77, 63.77, 63.76, 63.72, 63.67, 63.62, 63.61, 63.33, 64.15, 66.21, 65.86, 65.34, 64.81, 65.16, 65.65, 65.89], [63.71, 63.71, 63.7, 63.7, 63.68, 63.65, 63.61, 63.53, 63.44, 63.38, 63.42, 62.75, 64.13, 64.3, 64.4, 65.12, 63.51, 65.34, 65.73, 65.88], [63.67, 63.67, 63.65, 63.63, 63.61, 63.56, 63.5, 63.4, 63.25, 63.14, 63.28, 62.79, 62.7, 64.33, 64.5, 64.69, 65.74, 66.45, 65.96, 65.94], [63.64, 63.63, 63.61, 63.58, 63.55, 63.5, 63.43, 63.34, 63.22, 63.13, 62.88, 62.81, 62.73, 64.35, 64.56, 64.81, 65.19, 65.4, 65.99, 65.99], [63.61, 63.6, 63.57, 63.54, 63.51, 63.46, 63.39, 63.32, 63.25, 63.22, 62.87, 62.82, 62.76, 64.3, 64.51, 64.73, 64.94, 65.05, 65.02, 64.93], [63.59, 63.57, 63.55, 63.51, 63.47, 63.43, 63.37, 63.31, 63.25, 62.9, 62.9, 63.74, 64.07, 64.46, 64.41, 64.6, 64.76, 64.85, 64.86, 64.83], [63.57, 63.55, 63.52, 63.49, 63.45, 63.41, 63.36, 63.3, 63.23, 62.93, 63.19, 63.59, 63.97, 64.33, 64.31, 64.49, 64.62, 64.7, 64.74, 64.74], [63.55, 63.53, 63.51, 63.48, 63.44, 63.4, 63.35, 63.3, 63.59, 63.42, 63.33, 63.61, 63.94, 64.26, 64.24, 64.39, 64.51, 64.59, 64.64, 64.65], [63.54, 63.52, 63.5, 63.47, 63.44, 63.4, 63.36, 63.31, 63.68, 63.6, 63.61, 63.76, 63.99, 64.24, 64.19, 64.33, 64.43, 64.51, 64.56, 64.58], [63.53, 63.51, 63.49, 63.46, 63.43, 63.4, 63.37, 63.84, 63.79, 63.76, 63.79, 63.9, 64.06, 64.26, 64.17, 64.28, 64.38, 64.45, 64.49, 64.53]]}