gis_exercise/awsData/contour/humi_2023083105.json
{"header": {"refTime": "2023-08-31T05:00:00.000Z", "nx": 21, "ny": 33, "lo1": 113.509, "la1": 22.2235, "lo2": 113.5947, "la2": 22.1034, "dx": 0.0042850000000001385, "dy": 0.003753125000000024, "parameterCategory": 0, "parameterCategoryName": "Temperature", "parameterNumber": 0}, "z": [[71.86, 71.92, 72.0, 72.8, 72.88, 71.6, 71.76, 71.91, 71.91, 71.8, 71.28, 70.75, 70.02, 69.81, 70.25, 70.25, 68.96, 69.05, 69.12, 69.16], [71.82, 71.88, 71.96, 72.06, 72.86, 72.99, 71.94, 72.29, 72.48, 72.19, 71.32, 70.55, 69.79, 69.57, 70.06, 68.85, 69.0, 69.11, 69.19, 69.23], [71.77, 71.82, 71.89, 71.99, 72.8, 72.93, 73.14, 72.59, 73.63, 72.49, 71.16, 70.11, 69.38, 69.24, 68.64, 68.87, 69.07, 69.2, 69.28, 69.32], [71.7, 71.74, 71.8, 71.89, 72.01, 72.8, 72.98, 73.26, 73.5, 72.02, 70.62, 69.35, 68.73, 67.57, 68.6, 68.93, 69.19, 69.35, 69.42, 69.43], [71.63, 71.65, 71.69, 71.75, 71.84, 72.6, 72.67, 72.79, 72.87, 70.03, 69.97, 67.75, 67.2, 67.51, 68.63, 69.07, 69.41, 69.59, 69.62, 69.57], [71.54, 71.55, 71.56, 71.59, 71.64, 71.71, 72.31, 72.25, 72.64, 72.83, 68.19, 67.69, 67.47, 67.67, 68.78, 69.29, 69.76, 69.95, 69.86, 69.71], [70.45, 71.44, 71.43, 71.42, 71.44, 71.46, 70.5, 72.13, 72.05, 69.98, 70.21, 67.93, 68.14, 68.02, 68.99, 69.52, 70.23, 70.49, 70.26, 70.01], [70.43, 70.42, 70.42, 70.43, 70.45, 70.51, 70.63, 70.72, 70.77, 70.06, 70.14, 69.0, 69.0, 67.99, 70.26, 70.04, 70.48, 70.63, 70.39, 70.22], [70.57, 70.56, 70.38, 70.37, 70.36, 70.4, 70.52, 70.7, 71.0, 69.94, 69.0, 69.0, 69.0, 69.0, 70.2, 69.96, 70.21, 70.32, 70.26, 70.16], [70.0, 70.0, 70.0, 70.47, 70.4, 70.23, 70.35, 70.52, 71.0, 71.0, 69.0, 69.0, 69.0, 69.0, 70.2, 69.87, 70.04, 70.12, 70.12, 70.09], [70.0, 70.0, 70.0, 70.0, 70.0, 70.0, 70.0, 70.0, 70.35, 71.0, -999.0, 69.0, 69.0, 69.0, 70.22, 69.81, 69.93, 70.0, 70.01, 70.0], [70.0, 70.0, 70.0, 70.0, 70.0, 70.0, 70.0, 70.0, 70.0, -999.0, -999.0, 69.0, 69.0, 69.0, 70.24, 69.74, 69.81, 76.68, 76.55, 76.51], [70.0, 70.0, 70.0, 70.0, 70.0, 70.0, 70.0, 70.0, 70.0, 70.0, -999.0, 69.0, 69.0, 76.83, 73.39, 74.64, 74.57, 75.8, 75.62, 75.51], [70.0, 70.0, 70.0, 70.0, 70.0, 70.0, 70.0, 70.0, 70.0, 70.0, -999.0, 81.0, 81.0, 81.0, 74.4, 75.47, 75.31, 76.57, 76.3, 76.09], [70.0, 70.0, 70.0, 70.0, 70.0, 70.0, 70.0, 72.0, 72.0, 72.0, 72.0, 75.46, 81.0, 81.0, 81.0, 76.42, 76.12, 77.28, 76.92, 76.62], [70.0, 70.0, 71.26, 71.28, 71.32, 72.0, 72.0, 72.0, 72.0, 72.0, 77.66, 77.02, 77.89, 78.63, 77.79, 77.7, 77.2, 78.08, 75.95, 75.59], [71.28, 71.3, 70.71, 70.74, 72.0, 72.0, 72.0, 72.0, 72.0, 72.0, 75.87, 76.99, 78.16, 79.24, 78.92, 79.46, 78.92, 78.5, 78.2, 78.01], [70.71, 70.74, 70.77, 70.83, 72.0, 72.0, 72.0, 72.0, 72.0, 74.29, 75.49, 76.84, 78.25, 78.86, 80.69, 79.63, 78.85, 78.36, 78.06, 77.87], [70.75, 70.79, 70.83, 72.0, 72.0, 72.0, 72.0, 72.0, 72.81, 73.75, 74.59, 75.71, 76.91, 78.14, 79.73, 79.16, 78.51, 78.07, 77.82, 77.68], [70.78, 70.81, 72.0, 72.0, 72.0, 72.0, 72.0, 72.0, 72.85, 73.55, 74.43, 75.37, 76.31, 77.0, 78.68, 78.35, 77.93, 77.65, 77.5, 77.45], [72.0, 72.0, 72.0, 72.0, 72.0, 72.0, 72.0, 72.0, 73.4, 73.76, 74.34, 75.03, 75.74, 78.04, 77.86, 77.55, 77.26, 77.13, 77.15, 77.21], [72.0, 72.0, 72.0, 72.0, 72.0, 72.0, 72.0, 71.65, 73.57, 73.79, 74.17, 74.68, 75.19, 77.52, 77.22, 76.82, 76.53, 76.58, 76.81, 77.01], [72.0, 72.0, 72.0, 71.49, 71.52, 71.55, 71.57, 71.6, 71.62, 71.61, 71.58, 72.0, 74.37, 77.16, 76.77, 76.19, 75.57, 76.03, 76.63, 76.9], [71.42, 71.43, 71.44, 71.46, 71.48, 71.5, 71.53, 71.58, 71.63, 71.65, 71.58, 71.5, 74.31, 74.69, 74.95, 75.97, 73.96, 76.36, 76.8, 76.93], [71.4, 71.4, 71.41, 71.42, 71.43, 71.45, 71.49, 71.56, 71.69, 71.81, 71.6, 71.46, 71.43, 74.71, 75.07, 75.43, 76.89, 77.86, 77.11, 77.03], [71.37, 71.37, 71.38, 71.38, 71.38, 71.4, 71.42, 71.48, 71.62, 71.74, 71.5, 71.36, 71.34, 74.72, 75.12, 75.25, 75.9, 76.22, 77.14, 77.08], [71.35, 71.34, 71.34, 71.33, 71.33, 71.32, 71.32, 71.33, 71.35, 71.32, 71.2, 71.16, 71.2, 73.87, 74.44, 74.95, 75.38, 75.59, 75.54, 75.38], [71.32, 71.31, 71.3, 71.29, 71.27, 71.25, 71.22, 71.16, 71.06, 70.89, 70.78, 72.07, 72.76, 73.51, 74.12, 74.6, 74.95, 75.15, 75.2, 75.15], [71.3, 71.29, 71.27, 71.25, 71.22, 71.18, 71.12, 71.03, 70.85, 70.53, 70.56, 71.59, 72.45, 73.21, 73.83, 74.28, 74.61, 74.81, 74.91, 74.93], [71.28, 71.26, 71.24, 71.22, 71.18, 71.13, 71.06, 70.95, 71.73, 71.2, 70.9, 71.6, 72.37, 73.05, 73.61, 74.03, 74.34, 74.55, 74.67, 74.73], [71.26, 71.24, 71.22, 71.19, 71.15, 71.1, 71.03, 70.93, 71.91, 71.66, 71.62, 71.95, 72.47, 73.0, 73.49, 73.86, 74.14, 74.34, 74.47, 74.55], [71.24, 71.23, 71.2, 71.17, 71.13, 71.09, 71.03, 72.29, 72.14, 72.04, 72.07, 72.29, 72.64, 73.04, 73.43, 73.74, 73.99, 74.18, 74.32, 74.41]]}