gis_exercise/awsData/contour/humi_2023091211.json
{"header": {"refTime": "2023-09-12T11:00:00.000Z", "nx": 21, "ny": 33, "lo1": 113.509, "la1": 22.2235, "lo2": 113.5947, "la2": 22.1034, "dx": 0.0042850000000001385, "dy": 0.003753125000000024, "parameterCategory": 0, "parameterCategoryName": "Temperature", "parameterNumber": 0}, "z": [[84.97, 85.07, 85.19, 86.34, 86.42, 85.37, 85.54, 85.7, 85.7, 85.4, 84.92, 84.45, 82.66, 82.37, 82.98, 82.89, 80.44, 80.49, 80.53, 80.55], [84.9, 85.0, 85.12, 85.29, 86.41, 86.54, 85.74, 86.12, 86.32, 85.78, 84.95, 84.26, 82.41, 82.11, 82.76, 80.4, 80.48, 80.54, 80.58, 80.6], [84.81, 84.9, 85.02, 85.19, 86.36, 86.5, 86.73, 86.45, 87.59, 86.09, 84.8, 83.87, 81.99, 81.75, 80.31, 80.42, 80.53, 80.61, 80.65, 80.67], [84.7, 84.78, 84.88, 85.03, 85.24, 86.38, 86.56, 86.87, 87.16, 85.59, 84.34, 83.17, 81.33, 80.76, 80.3, 80.47, 80.62, 80.72, 80.75, 80.75], [84.57, 84.63, 84.7, 84.82, 85.0, 86.2, 86.27, 86.37, 86.41, 84.84, 83.85, 80.79, 80.3, 80.63, 80.31, 80.54, 80.76, 80.88, 80.89, 80.85], [84.43, 84.45, 84.49, 84.57, 84.7, 84.88, 85.97, 85.92, 85.87, 85.81, 81.65, 81.0, 80.54, 79.67, 80.33, 80.66, 81.01, 81.16, 81.07, 80.95], [82.79, 84.25, 84.24, 84.27, 84.35, 84.5, 84.0, 85.56, 85.46, 83.82, 83.47, 81.25, 79.43, 79.49, 80.34, 80.79, 81.36, 81.58, 81.63, 81.5], [82.71, 82.69, 82.68, 82.7, 82.79, 83.49, 83.87, 84.42, 84.65, 84.02, 84.3, 80.84, 80.81, 79.5, 80.88, 80.56, 81.21, 81.45, 81.08, 80.83], [83.29, 83.23, 82.52, 82.46, 82.44, 82.59, 83.08, 84.05, 85.0, 83.72, 82.69, 81.81, 81.38, 81.95, 80.81, 80.44, 80.82, 80.98, 80.89, 80.74], [81.0, 81.0, 81.0, 82.87, 82.61, 81.91, 82.39, 83.08, 85.0, 85.0, 81.35, 82.36, 82.04, 82.19, 80.8, 80.31, 80.55, 80.68, 80.69, 80.63], [81.0, 81.0, 81.0, 81.0, 81.0, 81.0, 81.0, 81.0, 82.42, 85.0, 85.0, 82.71, 82.44, 82.43, 80.83, 80.21, 80.39, 80.49, 80.52, 80.5], [81.0, 81.0, 81.0, 81.0, 81.0, 81.0, 81.0, 81.0, 81.0, -999.0, 85.0, 79.0, 79.0, 82.61, 80.87, 80.11, 80.22, 83.71, 83.66, 83.65], [81.0, 81.0, 81.0, 81.0, 81.0, 81.0, 81.0, 81.0, 81.0, 81.0, -999.0, 79.0, 79.0, 82.92, 81.19, 83.09, 83.07, 83.44, 83.39, 83.35], [81.0, 81.0, 81.0, 81.0, 81.0, 81.0, 81.0, 81.0, 81.0, 81.0, -999.0, 85.0, 85.0, 85.0, 81.7, 83.34, 83.29, 83.67, 83.59, 83.53], [81.0, 81.0, 81.0, 81.0, 81.0, 81.0, 81.0, 82.0, 82.0, 82.0, 82.0, 83.15, 85.0, 85.0, 85.0, 83.63, 83.54, 83.88, 83.78, 83.69], [81.0, 81.0, 81.63, 81.64, 81.66, 82.0, 82.0, 82.0, 82.0, 82.0, 83.89, 83.67, 83.96, 84.21, 83.93, 85.37, 85.42, 85.32, 84.5, 84.46], [81.64, 81.65, 81.35, 81.37, 82.0, 82.0, 82.0, 82.0, 82.0, 82.0, 83.29, 83.66, 84.05, 84.41, 84.75, 84.59, 84.45, 84.33, 84.24, 84.17], [81.36, 81.37, 81.39, 81.41, 82.0, 82.0, 82.0, 82.0, 82.0, 82.76, 83.16, 83.61, 84.08, 84.71, 84.97, 84.64, 84.44, 84.3, 84.2, 84.13], [81.38, 81.39, 81.42, 82.0, 82.0, 82.0, 82.0, 82.0, 82.27, 82.58, 82.31, 82.66, 84.36, 84.65, 84.68, 84.53, 84.37, 84.24, 84.15, 84.09], [81.39, 81.41, 80.29, 80.37, 80.48, 80.64, 80.88, 81.51, 81.95, 81.99, 82.15, 82.43, 84.33, 84.58, 84.43, 84.36, 84.25, 84.16, 84.08, 84.02], [80.17, 80.21, 80.27, 80.76, 80.82, 80.91, 81.02, 81.14, 81.76, 81.8, 81.93, 82.15, 84.34, 84.27, 84.26, 84.22, 84.15, 84.07, 84.0, 83.94], [80.6, 80.62, 80.63, 80.65, 80.68, 80.71, 80.73, 81.14, 81.45, 81.48, 81.6, 81.82, 83.36, 84.15, 84.14, 84.14, 84.11, 84.01, 83.9, 83.85], [80.55, 80.55, 80.55, 81.16, 81.12, 81.07, 80.99, 80.88, 80.76, 80.7, 80.75, 81.73, 81.93, 84.06, 84.06, 84.13, 84.27, 83.99, 83.76, 83.73], [81.22, 81.2, 81.17, 81.13, 81.07, 80.98, 80.84, 80.64, 80.38, 80.27, 80.46, 81.72, 81.81, 82.34, 82.85, 84.04, 84.92, 83.52, 83.48, 83.59], [81.22, 81.19, 81.16, 81.11, 81.04, 80.94, 80.77, 80.49, 80.0, 79.58, 80.21, 81.56, 82.25, 82.23, 82.7, 83.04, 83.21, 82.55, 83.25, 83.49], [81.22, 81.2, 81.16, 81.12, 81.05, 80.96, 80.81, 80.55, 80.09, 79.71, 80.84, 81.63, 82.23, 82.11, 82.5, 83.33, 83.11, 82.97, 83.31, 83.48], [81.23, 81.21, 81.18, 81.15, 81.1, 81.03, 80.94, 80.82, 80.67, 80.69, 81.49, 81.91, 82.3, 83.31, 83.32, 83.28, 83.2, 83.14, 83.16, 83.21], [81.24, 81.23, 81.21, 81.19, 81.16, 81.14, 81.12, 81.14, 81.25, 81.92, 82.16, 81.52, 81.35, 81.24, 83.28, 83.26, 83.23, 83.21, 83.21, 83.23], [81.26, 81.25, 81.24, 81.24, 81.23, 81.25, 81.29, 81.4, 81.65, 82.45, 82.58, 81.94, 81.57, 81.37, 83.26, 83.26, 83.25, 83.24, 83.24, 83.25], [81.28, 81.27, 81.28, 81.28, 81.3, 81.33, 81.41, 81.55, 81.68, 82.11, 82.38, 81.99, 81.65, 81.44, 83.24, 83.25, 83.25, 83.25, 83.25, 83.26], [81.29, 81.3, 81.31, 81.32, 81.35, 81.39, 81.47, 81.6, 81.64, 81.86, 81.95, 81.82, 81.62, 81.46, 83.24, 83.25, 83.26, 83.26, 83.26, 83.27], [81.31, 81.32, 81.33, 81.35, 81.38, 81.43, 81.5, 81.43, 81.56, 81.67, 81.71, 81.66, 81.55, 81.44, 83.24, 83.25, 83.26, 83.26, 83.27, 83.27]]}