gis_exercise/awsData/contour/humi_2023091111.json
{"header": {"refTime": "2023-09-11T11:00:00.000Z", "nx": 21, "ny": 33, "lo1": 113.509, "la1": 22.2235, "lo2": 113.5947, "la2": 22.1034, "dx": 0.0042850000000001385, "dy": 0.003753125000000024, "parameterCategory": 0, "parameterCategoryName": "Temperature", "parameterNumber": 0}, "z": [[91.44, 91.48, 91.53, 93.62, 93.54, 91.59, 91.58, 91.56, 91.5, 91.76, 91.63, 91.48, 89.93, 89.82, 90.92, 91.06, 90.67, 90.81, 90.91, 90.98], [91.41, 91.45, 91.51, 91.58, 93.55, 93.42, 91.65, 91.67, 91.65, 91.79, 91.59, 91.35, 89.79, 89.69, 90.82, 90.51, 90.73, 90.91, 91.02, 91.09], [91.37, 91.42, 91.48, 91.56, 93.58, 93.45, 93.24, 91.76, 91.92, 91.84, 91.52, 91.13, 89.56, 89.49, 90.21, 90.55, 90.85, 91.06, 91.18, 91.23], [91.31, 91.36, 91.43, 91.51, 91.62, 93.55, 93.38, 93.09, 92.83, 91.85, 91.44, 90.74, 89.16, 90.04, 90.16, 90.65, 91.05, 91.3, 91.41, 91.42], [91.24, 91.28, 91.35, 91.44, 91.57, 93.7, 93.63, 93.55, 93.55, 92.03, 91.51, 89.95, 88.81, 89.77, 90.19, 90.86, 91.39, 91.68, 91.72, 91.64], [91.16, 91.18, 91.23, 91.32, 91.47, 91.68, 93.87, 93.91, 94.03, 94.24, 91.61, 90.52, 89.57, 88.67, 90.39, 91.2, 91.95, 92.27, 92.11, 91.86], [90.68, 91.06, 91.08, 91.15, 91.29, 91.56, 93.0, 94.1, 94.25, 94.14, 94.08, 91.45, 89.14, 89.02, 90.65, 91.55, 92.71, 93.15, 92.89, 92.51], [90.57, 90.54, 90.52, 90.55, 90.69, 92.18, 92.75, 93.49, 93.99, 94.36, 95.14, 91.84, 91.81, 88.99, 92.51, 92.08, 92.95, 93.27, 92.77, 92.44], [91.44, 91.35, 90.29, 90.2, 90.16, 90.39, 91.12, 93.01, 94.64, 94.0, 93.69, 92.81, 92.38, 92.95, 92.41, 91.92, 92.43, 92.64, 92.52, 92.33], [88.0, 88.0, 88.0, 90.81, 90.41, 89.36, 90.09, 91.12, 95.14, 95.03, 92.35, 93.36, 93.04, 93.19, 92.4, 91.75, 92.07, 92.24, 92.25, 92.17], [88.0, 88.0, 88.0, 88.0, 88.0, 88.0, 88.0, 88.0, 90.13, 94.68, 96.0, 93.71, 93.44, 93.43, 92.45, 91.62, 91.85, 91.99, 92.02, 92.0], [88.0, 88.0, 88.0, 88.0, 88.0, 88.0, 88.0, 88.0, 88.0, -999.0, 96.0, 90.0, 90.0, 93.61, 92.49, 91.48, 91.62, 95.71, 95.66, 95.65], [88.0, 88.0, 88.0, 88.0, 88.0, 88.0, 88.0, 88.0, 88.0, 88.0, -999.0, 90.0, 90.0, 94.57, 92.56, 95.09, 95.07, 95.44, 95.39, 95.35], [88.0, 88.0, 88.0, 88.0, 88.0, 88.0, 88.0, 88.0, 88.0, 88.0, -999.0, 97.0, 97.0, 97.0, 93.15, 95.34, 95.29, 95.67, 95.59, 95.53], [88.0, 88.0, 88.0, 88.0, 88.0, 88.0, 88.0, 91.0, 91.0, 91.0, 91.0, 93.31, 97.0, 97.0, 97.0, 95.63, 95.54, 95.88, 95.78, 95.69], [88.0, 88.0, 89.89, 89.92, 89.98, 91.0, 91.0, 91.0, 91.0, 91.0, 94.78, 94.35, 94.93, 95.42, 94.86, 97.0, 97.0, 97.0, 96.22, 96.16], [89.93, 89.94, 89.06, 89.11, 91.0, 91.0, 91.0, 91.0, 91.0, 91.0, 93.58, 94.32, 95.11, 95.83, 96.28, 96.72, 96.62, 96.54, 96.48, 96.43], [89.07, 89.11, 89.16, 89.24, 91.0, 91.0, 91.0, 91.0, 91.0, 92.52, 93.33, 94.23, 95.17, 96.21, 96.9, 96.75, 96.61, 96.52, 96.45, 96.41], [89.13, 89.18, 89.25, 91.0, 91.0, 91.0, 91.0, 91.0, 91.54, 92.17, 93.47, 94.25, 95.36, 96.0, 96.77, 96.67, 96.56, 96.47, 96.41, 96.38], [89.17, 89.22, 93.29, 93.17, 93.03, 92.81, 92.49, 91.66, 92.01, 92.73, 93.5, 94.17, 95.21, 95.7, 96.6, 96.54, 96.47, 96.41, 96.36, 96.33], [93.44, 93.38, 93.31, 92.65, 92.57, 92.45, 92.3, 92.14, 92.87, 93.22, 93.7, 94.16, 95.13, 96.48, 96.47, 96.43, 96.38, 96.34, 96.3, 96.28], [92.86, 92.85, 92.82, 92.8, 92.76, 92.72, 92.69, 92.73, 93.48, 93.68, 93.95, 94.23, 96.35, 96.4, 96.38, 96.36, 96.33, 96.28, 96.24, 96.23], [92.94, 92.94, 92.94, 92.96, 92.97, 93.0, 93.06, 93.16, 93.29, 93.37, 93.36, 94.35, 95.67, 96.33, 96.31, 96.32, 96.35, 96.24, 96.16, 96.16], [93.0, 93.02, 93.04, 93.07, 93.11, 93.19, 93.32, 93.52, 93.76, 93.89, 93.74, 94.99, 95.64, 95.76, 95.89, 96.26, 96.58, 96.03, 96.03, 96.1], [93.05, 93.07, 93.1, 93.15, 93.22, 93.33, 93.49, 93.75, 94.18, 94.53, 94.05, 94.89, 95.04, 95.73, 95.84, 95.91, 95.9, 95.64, 95.94, 96.05], [93.09, 93.12, 93.16, 93.21, 93.29, 93.4, 93.56, 93.8, 94.18, 94.48, 94.74, 94.74, 94.88, 95.69, 95.78, 95.5, 95.55, 95.53, 95.97, 96.05], [93.12, 93.15, 93.19, 93.25, 93.32, 93.41, 93.54, 93.69, 93.85, 93.88, 94.46, 94.51, 94.68, 94.92, 95.16, 95.33, 95.42, 95.45, 95.45, 95.44], [93.14, 93.17, 93.21, 93.26, 93.32, 93.4, 93.47, 93.54, 93.56, 94.1, 93.99, 93.89, 94.04, 94.17, 94.99, 95.17, 95.28, 95.34, 95.36, 95.37], [93.16, 93.19, 93.22, 93.27, 93.31, 93.36, 93.41, 93.43, 93.39, 93.68, 93.25, 93.65, 93.91, 94.08, 94.85, 95.04, 95.16, 95.23, 95.27, 95.29], [93.17, 93.2, 93.23, 93.26, 93.3, 93.33, 93.35, 93.35, 93.78, 93.53, 93.38, 93.63, 93.86, 94.03, 94.75, 94.93, 95.05, 95.14, 95.19, 95.22], [93.17, 93.2, 93.23, 93.25, 93.28, 93.3, 93.32, 93.31, 93.81, 93.69, 93.65, 93.74, 93.89, 94.02, 94.69, 94.85, 94.97, 95.06, 95.12, 95.16], [93.18, 93.2, 93.22, 93.24, 93.27, 93.28, 93.29, 93.95, 93.88, 93.82, 93.8, 93.85, 93.94, 94.03, 94.66, 94.8, 94.92, 95.0, 95.06, 95.1]]}