gis_exercise/awsData/contour/humi_2023090709.json
{"header": {"refTime": "2023-09-07T09:00:00.000Z", "nx": 21, "ny": 33, "lo1": 113.509, "la1": 22.2235, "lo2": 113.5947, "la2": 22.1034, "dx": 0.0042850000000001385, "dy": 0.003753125000000024, "parameterCategory": 0, "parameterCategoryName": "Temperature", "parameterNumber": 0}, "z": [[84.11, 84.14, 84.19, 85.77, 85.74, 83.61, 83.68, 83.73, 83.69, 84.06, 83.8, 83.53, 81.66, 81.48, 82.23, 82.29, 81.31, 81.43, 81.52, 81.57], [84.08, 84.12, 84.17, 84.23, 85.73, 85.67, 83.81, 83.98, 84.05, 84.2, 83.77, 83.36, 81.46, 81.28, 82.08, 81.18, 81.36, 81.51, 81.61, 81.66], [84.04, 84.08, 84.13, 84.2, 85.74, 85.68, 85.58, 84.18, 84.78, 84.32, 83.67, 83.04, 81.11, 80.99, 80.93, 81.21, 81.46, 81.63, 81.73, 81.78], [84.0, 84.03, 84.08, 84.15, 84.23, 85.71, 85.63, 85.51, 85.4, 84.2, 83.46, 82.48, 80.54, 81.23, 80.88, 81.29, 81.62, 81.83, 81.92, 81.92], [83.95, 83.97, 84.01, 84.07, 84.16, 85.75, 85.72, 85.7, 85.74, 84.16, 83.41, 81.15, 79.89, 80.94, 80.91, 81.46, 81.9, 82.13, 82.17, 82.1], [83.88, 83.9, 83.93, 83.97, 84.05, 84.17, 85.77, 85.79, 85.91, 86.17, 83.0, 81.77, 80.72, 79.67, 81.08, 81.74, 82.35, 82.61, 82.48, 82.29], [83.34, 83.81, 83.81, 83.84, 83.91, 84.04, 85.01, 85.71, 85.84, 85.6, 85.63, 82.78, 80.14, 80.02, 81.32, 82.03, 82.97, 83.32, 83.08, 82.76], [83.28, 83.27, 83.26, 83.28, 83.35, 84.54, 84.83, 85.11, 85.11, 85.87, 86.94, 83.15, 83.11, 79.99, 82.88, 82.56, 83.21, 83.45, 83.08, 82.83], [83.72, 83.67, 83.14, 83.1, 83.08, 83.19, 83.56, 84.94, 85.96, 85.42, 85.31, 84.28, 83.78, 84.44, 82.81, 82.44, 82.82, 82.98, 82.89, 82.74], [82.0, 82.0, 82.0, 83.4, 83.21, 82.68, 83.05, 83.56, 86.71, 86.54, 83.74, 84.92, 84.54, 84.72, 82.8, 82.31, 82.55, 82.68, 82.69, 82.63], [82.0, 82.0, 82.0, 82.0, 82.0, 82.0, 82.0, 82.0, 83.06, 86.03, 88.0, 85.33, 85.02, 85.0, 82.83, 82.21, 82.39, 82.49, 82.52, 82.5], [82.0, 82.0, 82.0, 82.0, 82.0, 82.0, 82.0, 82.0, 82.0, -999.0, 88.0, 81.0, 81.0, 85.21, 82.87, 82.11, 82.22, 84.0, 84.0, 84.0], [82.0, 82.0, 82.0, 82.0, 82.0, 82.0, 82.0, 82.0, 82.0, 82.0, -999.0, 81.0, 81.0, 82.96, 82.1, 84.0, 84.0, 84.0, 84.0, 84.0], [82.0, 82.0, 82.0, 82.0, 82.0, 82.0, 82.0, 82.0, 82.0, 82.0, -999.0, 84.0, 84.0, 84.0, 82.35, 84.0, 84.0, 84.0, 84.0, 84.0], [82.0, 82.0, 82.0, 82.0, 82.0, 82.0, 82.0, 81.0, 81.0, 81.0, 81.0, 82.15, 84.0, 84.0, 84.0, 84.0, 84.0, 84.0, 84.0, 84.0], [82.0, 82.0, 81.37, 81.36, 81.34, 81.0, 81.0, 81.0, 81.0, 81.0, 82.89, 82.67, 82.96, 83.21, 82.93, 82.53, 82.31, 82.7, 82.91, 82.83], [81.36, 81.35, 81.65, 81.63, 81.0, 81.0, 81.0, 81.0, 81.0, 81.0, 82.29, 82.66, 83.05, 83.41, 83.2, 83.24, 82.97, 82.76, 82.61, 82.51], [81.64, 81.63, 81.61, 81.59, 81.0, 81.0, 81.0, 81.0, 81.0, 81.76, 82.16, 82.61, 83.08, 83.18, 83.88, 83.32, 82.94, 82.69, 82.54, 82.44], [81.62, 81.61, 81.58, 81.0, 81.0, 81.0, 81.0, 81.0, 81.27, 81.58, 82.05, 82.43, 82.45, 82.9, 83.37, 83.09, 82.77, 82.55, 82.42, 82.35], [81.61, 81.59, 81.57, 81.54, 81.51, 81.45, 81.37, 81.16, 81.39, 81.69, 82.03, 82.35, 82.21, 82.44, 82.86, 82.69, 82.49, 82.34, 82.27, 82.24], [81.61, 81.6, 81.58, 81.41, 81.39, 81.36, 81.33, 81.29, 81.7, 81.85, 82.06, 82.3, 81.97, 82.54, 82.46, 82.31, 82.17, 82.1, 82.09, 82.12], [81.47, 81.46, 81.46, 81.45, 81.44, 81.43, 81.42, 81.35, 81.88, 81.97, 82.1, 82.25, 82.07, 82.29, 82.15, 81.96, 81.83, 81.84, 81.93, 82.01], [81.48, 81.48, 81.48, 81.36, 81.37, 81.39, 81.41, 81.44, 81.48, 81.5, 81.49, 81.18, 81.63, 82.11, 81.93, 81.67, 81.4, 81.58, 81.82, 81.95], [81.36, 81.36, 81.37, 81.38, 81.4, 81.42, 81.46, 81.52, 81.6, 81.64, 81.58, 81.26, 81.65, 81.57, 81.48, 81.56, 80.76, 81.67, 81.87, 81.94], [81.36, 81.37, 81.38, 81.39, 81.41, 81.44, 81.49, 81.58, 81.72, 81.84, 81.66, 81.31, 81.11, 81.61, 81.55, 81.52, 81.87, 82.22, 81.98, 81.97], [81.37, 81.37, 81.38, 81.4, 81.42, 81.45, 81.49, 81.57, 81.7, 81.81, 81.51, 81.29, 81.13, 81.64, 81.61, 81.48, 81.65, 81.75, 82.0, 81.99], [81.37, 81.37, 81.38, 81.4, 81.41, 81.43, 81.47, 81.51, 81.55, 81.55, 81.35, 81.23, 81.12, 81.33, 81.39, 81.47, 81.55, 81.6, 81.59, 81.55], [81.37, 81.37, 81.38, 81.39, 81.4, 81.41, 81.42, 81.43, 81.41, 81.24, 81.18, 81.59, 81.73, 81.88, 81.37, 81.43, 81.49, 81.52, 81.52, 81.51], [81.36, 81.37, 81.37, 81.38, 81.38, 81.39, 81.38, 81.36, 81.31, 81.12, 81.16, 81.44, 81.65, 81.81, 81.35, 81.4, 81.44, 81.47, 81.48, 81.48], [81.36, 81.36, 81.37, 81.37, 81.37, 81.37, 81.35, 81.33, 81.51, 81.35, 81.25, 81.43, 81.62, 81.77, 81.33, 81.37, 81.41, 81.43, 81.44, 81.45], [81.36, 81.36, 81.36, 81.36, 81.36, 81.35, 81.34, 81.31, 81.54, 81.47, 81.44, 81.52, 81.64, 81.76, 81.31, 81.35, 81.38, 81.4, 81.42, 81.43], [81.36, 81.36, 81.36, 81.35, 81.35, 81.34, 81.33, 81.64, 81.6, 81.56, 81.56, 81.6, 81.68, 81.77, 81.31, 81.34, 81.36, 81.38, 81.4, 81.41]]}