gis_exercise/awsData/contour/humi_2023090613.json
{"header": {"refTime": "2023-09-06T13:00:00.000Z", "nx": 21, "ny": 33, "lo1": 113.509, "la1": 22.2235, "lo2": 113.5947, "la2": 22.1034, "dx": 0.0042850000000001385, "dy": 0.003753125000000024, "parameterCategory": 0, "parameterCategoryName": "Temperature", "parameterNumber": 0}, "z": [[70.48, 70.52, 70.58, 70.64, 70.7, 69.86, 69.99, 70.11, 70.1, 69.65, 69.22, 68.81, 67.3, 67.04, 68.53, 68.57, 66.51, 66.63, 66.72, 66.78], [70.45, 70.49, 70.55, 70.62, 70.7, 70.8, 70.16, 70.46, 70.62, 69.99, 69.26, 68.65, 67.08, 66.82, 68.35, 66.39, 66.58, 66.73, 66.84, 66.89], [70.41, 70.44, 70.5, 70.57, 70.66, 70.77, 70.96, 70.74, 71.67, 70.28, 69.12, 68.3, 66.71, 66.5, 66.15, 66.44, 66.7, 66.89, 67.0, 67.04], [70.36, 70.39, 70.43, 70.5, 70.59, 70.68, 70.83, 71.08, 71.31, 69.82, 68.71, 67.69, 66.14, 65.56, 66.13, 66.54, 66.9, 67.14, 67.23, 67.22], [70.3, 70.32, 70.35, 70.4, 70.47, 70.55, 70.61, 70.68, 70.7, 69.12, 68.26, 65.59, 65.22, 65.46, 66.15, 66.73, 67.24, 67.52, 67.54, 67.45], [70.24, 70.24, 70.26, 70.28, 70.32, 70.38, 70.39, 70.35, 70.28, 70.15, 66.26, 65.75, 65.39, 64.67, 66.24, 67.02, 67.8, 68.13, 67.95, 67.68], [69.45, 70.16, 70.15, 70.15, 70.17, 70.2, 69.5, 70.13, 70.03, 68.36, 67.92, 65.92, 64.43, 64.49, 66.33, 67.32, 68.6, 69.07, 69.08, 68.76], [69.43, 69.42, 69.42, 69.43, 69.45, 69.4, 69.49, 69.67, 69.54, 68.51, 68.49, 65.54, 65.51, 64.5, 67.77, 67.12, 68.43, 68.9, 68.16, 67.65], [69.57, 69.56, 69.38, 69.37, 69.36, 69.4, 69.52, 69.54, 69.68, 68.29, 67.08, 66.34, 65.98, 66.46, 67.61, 66.87, 67.64, 67.96, 67.78, 67.49], [69.0, 69.0, 69.0, 69.47, 69.4, 69.23, 69.35, 69.52, 69.43, 69.49, 65.96, 66.8, 66.53, 66.66, 67.6, 66.62, 67.11, 67.36, 67.37, 67.26], [69.0, 69.0, 69.0, 69.0, 69.0, 69.0, 69.0, 69.0, 69.35, 69.66, 69.0, 67.09, 66.87, 66.85, 67.67, 66.43, 66.78, 66.99, 67.04, 67.0], [69.0, 69.0, 69.0, 69.0, 69.0, 69.0, 69.0, 69.0, 69.0, -999.0, 69.0, 64.0, 64.0, 67.01, 67.73, 66.22, 66.43, 70.57, 70.55, 70.55], [69.0, 69.0, 69.0, 69.0, 69.0, 69.0, 69.0, 69.0, 69.0, 69.0, -999.0, 64.0, 64.0, 68.57, 66.56, 70.36, 70.36, 70.48, 70.46, 70.45], [69.0, 69.0, 69.0, 69.0, 69.0, 69.0, 69.0, 69.0, 69.0, 69.0, -999.0, 71.0, 71.0, 71.0, 67.15, 70.45, 70.43, 70.56, 70.53, 70.51], [69.0, 69.0, 69.0, 69.0, 69.0, 69.0, 69.0, 68.0, 68.0, 68.0, 68.0, 69.15, 71.0, 71.0, 71.0, 70.54, 70.51, 70.63, 70.59, 70.56], [69.0, 69.0, 68.37, 68.36, 68.34, 68.0, 68.0, 68.0, 68.0, 68.0, 69.89, 69.67, 69.96, 70.21, 69.93, 72.83, 73.11, 72.62, 72.11, 72.18], [68.36, 68.35, 68.65, 68.63, 68.0, 68.0, 68.0, 68.0, 68.0, 68.0, 69.29, 69.66, 70.05, 70.41, 71.2, 72.48, 73.01, 73.42, 73.71, 73.92], [68.64, 68.63, 68.61, 68.59, 68.0, 68.0, 68.0, 68.0, 68.0, 68.76, 69.16, 69.61, 70.08, 71.14, 71.04, 72.31, 73.06, 73.54, 73.85, 74.05], [68.62, 68.61, 68.58, 68.0, 68.0, 68.0, 68.0, 68.0, 68.27, 68.58, 69.61, 70.01, 71.08, 71.26, 72.21, 72.75, 73.37, 73.8, 74.07, 74.23], [68.61, 68.59, 70.29, 70.17, 70.03, 69.81, 69.49, 68.66, 68.73, 69.21, 69.69, 70.04, 71.22, 71.49, 73.18, 73.49, 73.88, 74.18, 74.36, 74.46], [70.44, 70.38, 70.31, 69.65, 69.57, 69.45, 69.3, 69.14, 69.41, 69.63, 69.92, 70.15, 71.44, 73.79, 73.92, 74.18, 74.44, 74.62, 74.69, 74.7], [69.86, 69.85, 69.82, 69.8, 69.76, 69.72, 69.69, 69.21, 69.96, 70.09, 70.22, 70.33, 72.92, 74.27, 74.48, 74.75, 74.98, 75.06, 75.02, 74.94], [69.94, 69.94, 69.94, 69.2, 69.25, 69.32, 69.42, 69.56, 69.72, 69.79, 69.73, 71.88, 74.52, 74.61, 74.87, 75.19, 75.46, 75.45, 75.3, 75.14], [69.14, 69.16, 69.2, 69.25, 69.33, 69.45, 69.62, 69.88, 70.22, 70.37, 70.12, 71.73, 74.43, 74.87, 75.25, 75.44, 75.84, 75.73, 75.48, 75.27], [69.15, 69.18, 69.22, 69.28, 69.37, 69.51, 69.72, 70.09, 70.72, 71.25, 70.45, 71.51, 71.79, 74.81, 75.21, 75.54, 75.72, 75.77, 75.52, 75.32], [69.15, 69.18, 69.22, 69.28, 69.36, 69.49, 69.69, 70.02, 70.61, 71.09, 71.23, 71.17, 71.43, 74.75, 75.12, 74.63, 75.05, 75.16, 75.44, 75.29], [69.14, 69.17, 69.2, 69.25, 69.31, 69.4, 69.52, 69.69, 69.88, 69.86, 70.52, 70.6, 70.96, 72.78, 73.55, 74.14, 74.53, 74.69, 74.67, 74.57], [69.13, 69.15, 69.17, 69.2, 69.24, 69.27, 69.3, 69.29, 69.16, 69.64, 69.38, 69.81, 70.45, 71.1, 73.05, 73.65, 74.05, 74.26, 74.33, 74.31], [69.11, 69.12, 69.13, 69.14, 69.15, 69.14, 69.09, 68.96, 68.66, 68.64, 67.78, 69.09, 70.04, 70.77, 72.61, 73.21, 73.62, 73.88, 74.0, 74.05], [69.09, 69.09, 69.09, 69.09, 69.07, 69.03, 68.95, 68.78, 69.42, 68.66, 68.2, 69.05, 69.91, 70.58, 72.3, 72.87, 73.28, 73.55, 73.72, 73.81], [69.06, 69.06, 69.06, 69.04, 69.01, 68.96, 68.86, 68.71, 69.58, 69.21, 69.1, 69.46, 70.01, 70.54, 72.12, 72.63, 73.02, 73.29, 73.48, 73.59], [69.04, 69.04, 69.02, 69.0, 68.97, 68.91, 68.83, 70.05, 69.83, 69.65, 69.64, 69.84, 70.19, 70.58, 72.04, 72.48, 72.83, 73.09, 73.28, 73.41]]}