gis_exercise/awsData/contour/humi_2023091216.json
{"header": {"refTime": "2023-09-12T16:00:00.000Z", "nx": 21, "ny": 33, "lo1": 113.509, "la1": 22.2235, "lo2": 113.5947, "la2": 22.1034, "dx": 0.0042850000000001385, "dy": 0.003753125000000024, "parameterCategory": 0, "parameterCategoryName": "Temperature", "parameterNumber": 0}, "z": [[85.24, 85.22, 85.19, 86.18, 86.07, 84.31, 84.25, 84.19, 84.12, 84.46, 84.45, 84.42, 82.48, 82.4, 83.75, 83.85, 83.15, 83.25, 83.32, 83.37], [85.26, 85.24, 85.21, 85.17, 86.08, 85.91, 84.27, 84.18, 84.1, 84.39, 84.4, 84.34, 82.43, 82.34, 83.7, 83.06, 83.21, 83.34, 83.42, 83.46], [85.28, 85.26, 85.24, 85.21, 86.13, 85.95, 85.66, 84.19, 84.03, 84.35, 84.37, 84.22, 82.33, 82.25, 82.87, 83.1, 83.31, 83.46, 83.55, 83.58], [85.3, 85.29, 85.28, 85.26, 85.22, 86.09, 85.86, 85.47, 85.11, 84.5, 84.41, 84.0, 82.19, 83.15, 82.85, 83.18, 83.47, 83.66, 83.74, 83.73], [85.32, 85.32, 85.32, 85.32, 85.32, 86.3, 86.21, 86.09, 86.08, 84.89, 84.62, 83.18, 82.46, 82.97, 82.87, 83.33, 83.75, 83.97, 83.99, 83.91], [85.34, 85.35, 85.36, 85.38, 85.41, 85.46, 86.54, 86.6, 86.74, 86.97, 84.41, 83.5, 82.83, 81.67, 82.93, 83.57, 84.2, 84.47, 84.32, 84.1], [85.89, 85.37, 85.39, 85.42, 85.48, 85.58, 87.01, 86.92, 87.1, 86.75, 86.57, 83.91, 81.43, 81.49, 83.0, 83.81, 84.85, 85.24, 85.26, 85.01], [85.86, 85.85, 85.84, 85.85, 85.9, 86.7, 86.88, 87.07, 86.88, 87.03, 87.9, 83.46, 83.41, 81.5, 84.14, 83.6, 84.69, 85.08, 84.46, 84.04], [86.15, 86.12, 85.76, 85.73, 85.72, 85.8, 86.04, 86.96, 87.64, 86.57, 85.93, 84.75, 84.17, 84.93, 84.01, 83.39, 84.03, 84.3, 84.15, 83.91], [85.0, 85.0, 85.0, 85.94, 85.8, 85.45, 85.7, 86.04, 88.14, 88.03, 84.14, 85.47, 85.05, 85.25, 84.0, 83.19, 83.59, 83.8, 83.81, 83.72], [85.0, 85.0, 85.0, 85.0, 85.0, 85.0, 85.0, 85.0, 85.71, 87.68, 89.0, 85.95, 85.59, 85.57, 84.06, 83.02, 83.32, 83.49, 83.53, 83.5], [85.0, 85.0, 85.0, 85.0, 85.0, 85.0, 85.0, 85.0, 85.0, -999.0, 89.0, 81.0, 81.0, 85.81, 84.11, 82.85, 83.03, 88.27, 88.22, 88.2], [85.0, 85.0, 85.0, 85.0, 85.0, 85.0, 85.0, 85.0, 85.0, 85.0, -999.0, 81.0, 81.0, 86.88, 84.29, 87.46, 87.43, 87.92, 87.85, 87.81], [85.0, 85.0, 85.0, 85.0, 85.0, 85.0, 85.0, 85.0, 85.0, 85.0, -999.0, 90.0, 90.0, 90.0, 85.05, 87.79, 87.73, 88.23, 88.12, 88.04], [85.0, 85.0, 85.0, 85.0, 85.0, 85.0, 85.0, 82.0, 82.0, 82.0, 82.0, 85.07, 90.0, 90.0, 90.0, 88.17, 88.05, 88.51, 88.37, 88.25], [85.0, 85.0, 83.11, 83.08, 83.02, 82.0, 82.0, 82.0, 82.0, 82.0, 87.03, 86.46, 87.24, 87.89, 87.15, 89.63, 89.58, 89.68, 88.69, 88.59], [83.07, 83.06, 83.94, 83.89, 82.0, 82.0, 82.0, 82.0, 82.0, 82.0, 85.44, 86.43, 87.48, 88.44, 88.93, 89.42, 89.22, 89.05, 88.93, 88.85], [83.93, 83.89, 83.84, 83.76, 82.0, 82.0, 82.0, 82.0, 82.0, 84.03, 85.11, 86.31, 87.56, 88.84, 89.85, 89.49, 89.2, 89.01, 88.88, 88.8], [83.87, 83.82, 83.75, 82.0, 82.0, 82.0, 82.0, 82.0, 82.72, 83.56, 84.86, 85.88, 87.63, 88.51, 89.53, 89.32, 89.08, 88.91, 88.8, 88.73], [83.83, 83.78, 83.71, 83.63, 83.52, 83.36, 83.12, 82.49, 83.08, 83.9, 84.83, 85.69, 87.39, 88.04, 89.16, 89.05, 88.89, 88.77, 88.69, 88.64], [83.83, 83.79, 83.73, 83.24, 83.18, 83.09, 82.98, 82.86, 83.95, 84.35, 84.93, 85.55, 87.24, 88.93, 88.88, 88.8, 88.7, 88.62, 88.57, 88.54], [83.4, 83.38, 83.37, 83.35, 83.32, 83.29, 83.27, 83.04, 84.47, 84.71, 85.06, 85.46, 88.05, 88.75, 88.68, 88.6, 88.53, 88.47, 88.44, 88.44], [83.45, 83.45, 83.45, 83.09, 83.12, 83.16, 83.23, 83.32, 83.43, 83.49, 83.46, 85.17, 86.93, 88.61, 88.54, 88.48, 88.46, 88.35, 88.3, 88.33], [83.07, 83.09, 83.11, 83.14, 83.19, 83.27, 83.39, 83.57, 83.8, 83.91, 83.75, 85.23, 86.85, 87.2, 87.51, 88.37, 88.61, 88.09, 88.14, 88.24], [83.09, 83.11, 83.14, 83.18, 83.24, 83.33, 83.48, 83.73, 84.15, 84.51, 83.99, 85.05, 85.36, 87.14, 87.44, 87.68, 87.96, 87.69, 88.04, 88.19], [83.1, 83.12, 83.15, 83.19, 83.25, 83.34, 83.48, 83.71, 84.1, 84.42, 84.73, 84.81, 85.09, 87.07, 87.33, 87.05, 87.23, 87.25, 88.08, 88.19], [83.1, 83.12, 83.15, 83.19, 83.24, 83.3, 83.4, 83.52, 83.65, 83.65, 84.32, 84.44, 84.77, 85.85, 86.35, 86.71, 86.93, 87.01, 87.01, 86.96], [83.1, 83.12, 83.14, 83.17, 83.2, 83.23, 83.27, 83.28, 83.22, 83.74, 83.6, 83.63, 83.99, 84.34, 86.01, 86.39, 86.63, 86.76, 86.81, 86.8], [83.09, 83.11, 83.12, 83.14, 83.15, 83.16, 83.15, 83.09, 82.93, 83.1, 82.45, 83.21, 83.75, 84.16, 85.72, 86.11, 86.37, 86.53, 86.61, 86.64], [83.08, 83.09, 83.1, 83.11, 83.11, 83.1, 83.06, 82.98, 83.4, 82.96, 82.69, 83.18, 83.67, 84.05, 85.51, 85.88, 86.15, 86.32, 86.43, 86.49], [83.08, 83.08, 83.08, 83.08, 83.08, 83.05, 83.01, 82.94, 83.5, 83.28, 83.21, 83.42, 83.73, 84.02, 85.39, 85.73, 85.98, 86.16, 86.28, 86.36], [83.07, 83.07, 83.07, 83.06, 83.05, 83.03, 82.99, 83.76, 83.63, 83.53, 83.52, 83.63, 83.83, 84.05, 85.35, 85.63, 85.86, 86.03, 86.15, 86.24]]}