gis_exercise/awsData/contour/humi_2023091206.json
{"header": {"refTime": "2023-09-12T06:00:00.000Z", "nx": 21, "ny": 33, "lo1": 113.509, "la1": 22.2235, "lo2": 113.5947, "la2": 22.1034, "dx": 0.0042850000000001385, "dy": 0.003753125000000024, "parameterCategory": 0, "parameterCategoryName": "Temperature", "parameterNumber": 0}, "z": [[94.4, 94.43, 94.46, 95.77, 95.74, 94.07, 94.12, 94.15, 94.13, 94.57, 94.41, 94.25, 92.93, 92.82, 92.49, 92.44, 91.89, 91.91, 91.93, 91.94], [94.39, 94.41, 94.45, 94.49, 95.73, 95.67, 94.2, 94.32, 94.37, 94.63, 94.38, 94.13, 92.79, 92.69, 92.38, 91.86, 91.89, 91.91, 91.93, 91.94], [94.36, 94.39, 94.42, 94.47, 95.74, 95.68, 95.58, 94.46, 94.85, 94.69, 94.32, 93.91, 92.56, 92.49, 91.8, 91.85, 91.89, 91.92, 91.94, 91.95], [94.33, 94.36, 94.39, 94.43, 94.49, 95.71, 95.63, 95.51, 95.4, 94.66, 94.21, 93.53, 92.16, 92.84, 91.78, 91.86, 91.91, 91.93, 91.95, 91.96], [94.3, 94.32, 94.34, 94.38, 94.44, 95.75, 95.72, 95.7, 95.74, 94.74, 94.23, 92.76, 91.74, 92.6, 91.79, 91.88, 91.93, 91.95, 91.96, 91.97], [94.26, 94.27, 94.28, 94.32, 94.37, 94.45, 95.77, 95.79, 95.91, 96.17, 94.23, 93.27, 92.42, 91.67, 91.87, 91.93, 91.97, 91.98, 91.98, 91.98], [93.89, 94.21, 94.21, 94.23, 94.27, 94.36, 95.26, 95.71, 95.84, 95.99, 96.14, 94.12, 92.14, 92.02, 91.99, 91.99, 91.99, 92.0, 91.82, 91.75], [93.86, 93.85, 93.84, 93.85, 93.9, 94.92, 95.11, 95.25, 95.22, 96.19, 97.17, 94.54, 94.51, 91.99, 92.37, 92.48, 92.26, 92.18, 92.31, 92.39], [94.15, 94.12, 93.76, 93.73, 93.72, 93.8, 94.04, 95.18, 95.96, 95.85, 96.08, 95.34, 94.98, 95.46, 92.4, 92.52, 92.39, 92.34, 92.37, 92.42], [93.0, 93.0, 93.0, 93.94, 93.8, 93.45, 93.7, 94.04, 96.71, 96.54, 94.96, 95.8, 95.53, 95.66, 92.4, 92.56, 92.48, 92.44, 92.44, 92.46], [93.0, 93.0, 93.0, 93.0, 93.0, 93.0, 93.0, 93.0, 93.71, 96.03, 98.0, 96.09, 95.87, 95.85, 92.39, 92.6, 92.54, 92.5, 92.49, 92.5], [93.0, 93.0, 93.0, 93.0, 93.0, 93.0, 93.0, 93.0, 93.0, -999.0, 98.0, 93.0, 93.0, 96.01, 92.38, 92.63, 92.59, 95.98, 95.88, 95.86], [93.0, 93.0, 93.0, 93.0, 93.0, 93.0, 93.0, 93.0, 93.0, 93.0, -999.0, 93.0, 93.0, 96.92, 95.19, 94.55, 94.5, 95.36, 95.24, 95.16], [93.0, 93.0, 93.0, 93.0, 93.0, 93.0, 93.0, 93.0, 93.0, 93.0, -999.0, 99.0, 99.0, 99.0, 95.7, 95.13, 95.02, 95.9, 95.71, 95.57], [93.0, 93.0, 93.0, 93.0, 93.0, 93.0, 93.0, 91.0, 91.0, 91.0, 91.0, 94.07, 99.0, 99.0, 99.0, 95.8, 95.59, 96.39, 96.14, 95.93], [93.0, 93.0, 91.74, 91.72, 91.68, 91.0, 91.0, 91.0, 91.0, 91.0, 96.03, 95.46, 96.24, 96.89, 96.15, 97.9, 97.73, 98.03, 96.37, 96.18], [91.72, 91.7, 92.29, 92.26, 91.0, 91.0, 91.0, 91.0, 91.0, 91.0, 94.44, 95.43, 96.48, 97.44, 97.71, 98.11, 97.8, 97.55, 97.37, 97.25], [92.29, 92.26, 92.23, 92.17, 91.0, 91.0, 91.0, 91.0, 91.0, 93.03, 94.11, 95.31, 96.56, 97.63, 98.81, 98.21, 97.77, 97.48, 97.29, 97.17], [92.25, 92.21, 92.17, 91.0, 91.0, 91.0, 91.0, 91.0, 91.72, 92.56, 94.05, 95.08, 96.27, 97.21, 98.28, 97.95, 97.58, 97.32, 97.16, 97.06], [92.22, 92.19, 93.29, 93.17, 93.03, 92.81, 92.49, 91.66, 92.19, 93.07, 94.05, 94.92, 95.94, 96.58, 97.69, 97.51, 97.27, 97.09, 96.98, 96.93], [93.44, 93.38, 93.31, 92.65, 92.57, 92.45, 92.3, 92.14, 93.18, 93.61, 94.22, 94.84, 95.69, 97.33, 97.25, 97.09, 96.93, 96.83, 96.79, 96.78], [92.86, 92.85, 92.82, 92.8, 92.76, 92.72, 92.69, 93.08, 93.83, 94.08, 94.43, 94.82, 96.74, 97.04, 96.91, 96.75, 96.61, 96.57, 96.59, 96.64], [92.94, 92.94, 92.94, 93.47, 93.46, 93.46, 93.49, 93.56, 93.66, 93.76, 93.79, 94.09, 95.63, 96.83, 96.68, 96.48, 96.32, 96.33, 96.42, 96.52], [93.58, 93.59, 93.59, 93.61, 93.64, 93.69, 93.79, 93.94, 94.13, 94.24, 94.16, 95.25, 95.61, 95.72, 95.81, 96.34, 96.09, 96.16, 96.31, 96.44], [93.65, 93.67, 93.69, 93.73, 93.79, 93.87, 94.0, 94.2, 94.49, 94.72, 94.44, 95.21, 95.3, 95.7, 95.8, 95.88, 96.17, 96.14, 96.29, 96.41], [93.72, 93.74, 93.78, 93.83, 93.9, 94.0, 94.14, 94.32, 94.56, 94.74, 95.12, 95.19, 95.27, 95.69, 95.78, 95.85, 95.89, 95.91, 96.34, 96.42], [93.77, 93.81, 93.85, 93.91, 93.99, 94.09, 94.21, 94.35, 94.5, 94.57, 95.13, 95.18, 95.24, 95.64, 95.73, 95.79, 95.84, 95.85, 95.85, 95.84], [93.82, 93.86, 93.91, 93.97, 94.05, 94.15, 94.26, 94.38, 94.5, 95.1, 95.1, 95.15, 95.21, 95.29, 95.67, 95.74, 95.78, 95.81, 95.81, 95.81], [93.86, 93.9, 93.95, 94.02, 94.09, 94.18, 94.28, 94.4, 94.54, 95.07, 95.04, 95.12, 95.19, 95.27, 95.62, 95.69, 95.74, 95.76, 95.78, 95.78], [93.89, 93.93, 93.98, 94.05, 94.12, 94.2, 94.29, 94.4, 95.12, 95.08, 95.07, 95.12, 95.19, 95.25, 95.59, 95.65, 95.7, 95.73, 95.75, 95.76], [93.91, 93.96, 94.01, 94.06, 94.13, 94.2, 94.29, 94.38, 95.14, 95.12, 95.12, 95.15, 95.2, 95.25, 95.57, 95.63, 95.67, 95.7, 95.72, 95.73], [93.93, 93.97, 94.02, 94.07, 94.13, 94.2, 94.27, 95.17, 95.16, 95.15, 95.16, 95.18, 95.21, 95.25, 95.56, 95.61, 95.65, 95.68, 95.7, 95.71]]}