gis_exercise/awsData/contour/humi_2023091115.json
{"header": {"refTime": "2023-09-11T15:00:00.000Z", "nx": 21, "ny": 33, "lo1": 113.509, "la1": 22.2235, "lo2": 113.5947, "la2": 22.1034, "dx": 0.0042850000000001385, "dy": 0.003753125000000024, "parameterCategory": 0, "parameterCategoryName": "Temperature", "parameterNumber": 0}, "z": [[95.09, 95.12, 95.15, 96.47, 96.45, 94.58, 94.67, 94.74, 94.72, 95.32, 95.11, 94.89, 93.29, 93.15, 92.79, 92.72, 91.89, 91.91, 91.93, 91.94], [95.07, 95.1, 95.13, 95.18, 96.44, 96.41, 94.78, 94.97, 95.07, 95.41, 95.08, 94.74, 93.12, 92.98, 92.65, 91.86, 91.89, 91.91, 91.93, 91.94], [95.04, 95.07, 95.1, 95.15, 96.43, 96.4, 96.35, 95.17, 95.78, 95.51, 94.99, 94.48, 92.83, 92.74, 91.8, 91.85, 91.89, 91.92, 91.94, 91.95], [95.01, 95.03, 95.06, 95.11, 95.17, 96.4, 96.37, 96.31, 96.26, 95.43, 94.83, 94.01, 92.35, 93.04, 91.78, 91.86, 91.91, 91.93, 91.95, 91.96], [94.98, 94.99, 95.01, 95.04, 95.09, 96.4, 96.38, 96.39, 96.46, 95.45, 94.82, 92.95, 91.81, 92.77, 91.79, 91.88, 91.93, 91.95, 91.96, 91.97], [94.93, 94.94, 94.95, 94.97, 95.0, 95.05, 96.35, 96.36, 96.51, 96.84, 94.61, 93.52, 92.57, 91.67, 91.87, 91.93, 91.97, 91.98, 91.98, 91.98], [94.45, 94.88, 94.88, 94.88, 94.9, 94.94, 95.76, 96.14, 96.27, 96.45, 96.69, 94.45, 92.14, 92.02, 91.99, 91.99, 91.99, 92.0, 91.82, 91.75], [94.43, 94.42, 94.42, 94.43, 94.45, 95.53, 95.62, 95.58, 95.34, 96.7, 97.98, 94.84, 94.81, 91.99, 92.37, 92.48, 92.26, 92.18, 92.31, 92.39], [94.57, 94.56, 94.38, 94.37, 94.36, 94.4, 94.52, 95.64, 96.27, 96.28, 96.69, 95.81, 95.38, 95.95, 92.4, 92.52, 92.39, 92.34, 92.37, 92.42], [94.0, 94.0, 94.0, 94.47, 94.4, 94.23, 94.35, 94.52, 97.27, 97.05, 95.35, 96.36, 96.04, 96.19, 92.4, 92.56, 92.48, 92.44, 92.44, 92.46], [94.0, 94.0, 94.0, 94.0, 94.0, 94.0, 94.0, 94.0, 94.35, 96.37, 99.0, 96.71, 96.44, 96.43, 92.39, 92.6, 92.54, 92.5, 92.49, 92.5], [94.0, 94.0, 94.0, 94.0, 94.0, 94.0, 94.0, 94.0, 94.0, -999.0, 99.0, 93.0, 93.0, 96.61, 92.38, 92.63, 92.59, 95.41, 95.33, 95.31], [94.0, 94.0, 94.0, 94.0, 94.0, 94.0, 94.0, 94.0, 94.0, 94.0, -999.0, 93.0, 93.0, 96.26, 94.83, 94.18, 94.14, 94.88, 94.77, 94.71], [94.0, 94.0, 94.0, 94.0, 94.0, 94.0, 94.0, 94.0, 94.0, 94.0, -999.0, 98.0, 98.0, 98.0, 95.25, 94.68, 94.59, 95.34, 95.18, 95.06], [94.0, 94.0, 94.0, 94.0, 94.0, 94.0, 94.0, 94.0, 94.0, 94.0, 94.0, 95.54, 98.0, 98.0, 98.0, 95.25, 95.07, 95.77, 95.55, 95.37], [94.0, 94.0, 94.0, 94.0, 94.0, 94.0, 94.0, 94.0, 94.0, 94.0, 96.52, 96.23, 96.62, 96.95, 96.57, 96.9, 96.73, 97.03, 95.63, 95.45], [94.0, 94.0, 94.0, 94.0, 94.0, 94.0, 94.0, 94.0, 94.0, 94.0, 95.72, 96.22, 96.74, 97.22, 97.19, 97.25, 96.99, 96.78, 96.63, 96.53], [94.0, 94.0, 94.0, 94.0, 94.0, 94.0, 94.0, 94.0, 94.0, 95.02, 95.55, 96.15, 96.78, 97.16, 97.88, 97.34, 96.96, 96.72, 96.56, 96.46], [94.0, 94.0, 94.0, 94.0, 94.0, 94.0, 94.0, 94.0, 94.36, 94.78, 95.89, 96.43, 96.36, 96.88, 97.39, 97.11, 96.8, 96.58, 96.45, 96.37], [94.0, 94.0, 96.29, 96.17, 96.03, 95.81, 95.49, 94.66, 94.82, 95.38, 95.96, 96.42, 96.14, 96.45, 96.89, 96.74, 96.54, 96.39, 96.3, 96.26], [96.44, 96.38, 96.31, 95.65, 95.57, 95.45, 95.3, 95.14, 95.56, 95.83, 96.18, 96.49, 95.93, 96.58, 96.51, 96.38, 96.24, 96.16, 96.13, 96.14], [95.86, 95.85, 95.82, 95.8, 95.76, 95.72, 95.69, 95.73, 96.13, 96.29, 96.46, 96.63, 97.04, 96.34, 96.22, 96.07, 95.95, 95.93, 95.97, 96.02], [95.94, 95.94, 95.94, 95.96, 95.97, 96.0, 96.06, 96.16, 96.29, 96.37, 96.36, 96.03, 96.41, 96.16, 96.02, 95.83, 95.65, 95.71, 95.84, 95.94], [96.0, 96.02, 96.04, 96.07, 96.11, 96.19, 96.32, 96.52, 96.76, 96.89, 96.74, 96.76, 96.47, 96.18, 95.93, 95.71, 95.3, 95.65, 95.8, 95.89], [96.05, 96.07, 96.1, 96.15, 96.22, 96.33, 96.49, 96.75, 97.18, 97.53, 97.05, 96.82, 96.53, 96.23, 95.98, 95.78, 95.72, 95.82, 95.82, 95.88], [96.09, 96.12, 96.16, 96.21, 96.29, 96.4, 96.56, 96.8, 97.18, 97.48, 97.14, 96.78, 96.52, 96.28, 96.05, 95.6, 95.62, 95.64, 95.85, 95.9], [96.12, 96.15, 96.19, 96.25, 96.32, 96.41, 96.54, 96.69, 96.85, 96.88, 96.82, 96.63, 96.47, 95.68, 95.65, 95.63, 95.63, 95.63, 95.63, 95.62], [96.14, 96.17, 96.21, 96.26, 96.32, 96.4, 96.47, 96.54, 96.56, 96.59, 96.47, 96.59, 96.61, 96.59, 95.68, 95.65, 95.64, 95.64, 95.63, 95.63], [96.16, 96.19, 96.22, 96.27, 96.31, 96.36, 96.41, 96.43, 96.39, 96.31, 96.17, 96.41, 96.52, 96.55, 95.7, 95.67, 95.66, 95.65, 95.64, 95.64], [96.17, 96.2, 96.23, 96.26, 96.3, 96.33, 96.35, 96.35, 96.54, 96.36, 96.24, 96.38, 96.49, 96.53, 95.72, 95.69, 95.67, 95.66, 95.65, 95.65], [96.17, 96.2, 96.23, 96.25, 96.28, 96.3, 96.32, 96.31, 96.54, 96.45, 96.4, 96.44, 96.49, 96.52, 95.72, 95.7, 95.68, 95.67, 95.66, 95.65], [96.18, 96.2, 96.22, 96.24, 96.27, 96.28, 96.29, 96.62, 96.56, 96.51, 96.48, 96.49, 96.51, 96.53, 95.73, 95.71, 95.69, 95.68, 95.67, 95.66]]}