gis_exercise/awsData/contour/humi_2023091019.json
{"header": {"refTime": "2023-09-10T19:00:00.000Z", "nx": 21, "ny": 33, "lo1": 113.509, "la1": 22.2235, "lo2": 113.5947, "la2": 22.1034, "dx": 0.0042850000000001385, "dy": 0.003753125000000024, "parameterCategory": 0, "parameterCategoryName": "Temperature", "parameterNumber": 0}, "z": [[91.18, 91.23, 91.31, 93.43, 93.42, 91.55, 91.66, 91.75, 91.76, 92.76, 92.63, 92.48, 90.93, 90.82, 90.49, 90.44, 89.89, 89.91, 89.93, 89.94], [91.14, 91.19, 91.27, 91.36, 93.4, 93.37, 91.76, 91.97, 92.09, 92.79, 92.59, 92.35, 90.79, 90.69, 90.38, 89.86, 89.89, 89.91, 89.93, 89.94], [91.09, 91.14, 91.21, 91.3, 93.38, 93.35, 93.32, 92.15, 92.78, 92.84, 92.52, 92.13, 90.56, 90.49, 89.8, 89.85, 89.89, 89.92, 89.94, 89.95], [91.02, 91.07, 91.13, 91.21, 91.33, 93.33, 93.31, 93.27, 93.25, 92.85, 92.44, 91.74, 90.16, 91.04, 89.78, 89.86, 89.91, 89.93, 89.95, 89.96], [90.95, 90.98, 91.02, 91.09, 91.19, 93.3, 93.29, 93.31, 93.42, 93.03, 92.51, 90.95, 89.81, 90.77, 89.79, 89.88, 89.93, 89.95, 89.96, 89.97], [90.87, 90.88, 90.9, 90.94, 91.01, 91.1, 93.19, 93.19, 93.41, 93.89, 92.61, 91.52, 90.57, 89.67, 89.87, 89.93, 89.97, 89.98, 89.98, 89.98], [89.89, 90.77, 90.76, 90.77, 90.81, 90.88, 92.02, 92.8, 92.98, 93.77, 94.3, 92.45, 90.14, 90.02, 89.99, 89.99, 89.99, 90.0, 89.82, 89.75], [89.86, 89.85, 89.84, 89.85, 89.9, 91.6, 91.79, 91.79, 91.68, 94.04, 95.82, 92.84, 92.81, 89.99, 90.37, 90.48, 90.26, 90.18, 90.31, 90.39], [90.15, 90.12, 89.76, 89.73, 89.72, 89.8, 90.04, 91.84, 92.91, 93.56, 94.69, 93.81, 93.38, 93.95, 90.4, 90.52, 90.39, 90.34, 90.37, 90.42], [89.0, 89.0, 89.0, 89.94, 89.8, 89.45, 89.7, 90.04, 94.41, 94.08, 93.35, 94.36, 94.04, 94.19, 90.4, 90.56, 90.48, 90.44, 90.44, 90.46], [89.0, 89.0, 89.0, 89.0, 89.0, 89.0, 89.0, 89.0, 89.71, 93.05, 97.0, 94.71, 94.44, 94.43, 90.39, 90.6, 90.54, 90.5, 90.49, 90.5], [89.0, 89.0, 89.0, 89.0, 89.0, 89.0, 89.0, 89.0, 89.0, -999.0, 97.0, 91.0, 91.0, 94.61, 90.38, 90.63, 90.59, 93.98, 93.88, 93.86], [89.0, 89.0, 89.0, 89.0, 89.0, 89.0, 89.0, 89.0, 89.0, 89.0, -999.0, 91.0, 91.0, 94.92, 93.19, 92.55, 92.5, 93.36, 93.24, 93.16], [89.0, 89.0, 89.0, 89.0, 89.0, 89.0, 89.0, 89.0, 89.0, 89.0, -999.0, 97.0, 97.0, 97.0, 93.7, 93.13, 93.02, 93.9, 93.71, 93.57], [89.0, 89.0, 89.0, 89.0, 89.0, 89.0, 89.0, 91.0, 91.0, 91.0, 91.0, 93.31, 97.0, 97.0, 97.0, 93.8, 93.59, 94.39, 94.14, 93.93], [89.0, 89.0, 90.26, 90.28, 90.32, 91.0, 91.0, 91.0, 91.0, 91.0, 94.78, 94.35, 94.93, 95.42, 94.86, 95.9, 95.73, 96.03, 94.37, 94.18], [90.28, 90.3, 89.71, 89.74, 91.0, 91.0, 91.0, 91.0, 91.0, 91.0, 93.58, 94.32, 95.11, 95.83, 95.95, 96.11, 95.8, 95.55, 95.37, 95.25], [89.71, 89.74, 89.77, 89.83, 91.0, 91.0, 91.0, 91.0, 91.0, 92.52, 93.33, 94.23, 95.17, 95.89, 96.85, 96.21, 95.77, 95.48, 95.29, 95.17], [89.75, 89.79, 89.83, 91.0, 91.0, 91.0, 91.0, 91.0, 91.54, 92.17, 93.29, 94.06, 94.81, 95.55, 96.28, 95.95, 95.58, 95.32, 95.16, 95.06], [89.78, 89.81, 92.71, 92.63, 92.52, 92.36, 92.12, 91.49, 91.9, 92.55, 93.28, 93.94, 94.54, 95.02, 95.69, 95.51, 95.27, 95.09, 94.98, 94.93], [92.83, 92.79, 92.73, 92.24, 92.18, 92.09, 91.98, 91.86, 92.64, 92.96, 93.41, 93.88, 94.31, 95.33, 95.25, 95.09, 94.93, 94.83, 94.79, 94.78], [92.4, 92.38, 92.37, 92.35, 92.32, 92.29, 92.27, 92.04, 93.12, 93.31, 93.57, 93.87, 95.06, 95.04, 94.91, 94.75, 94.61, 94.57, 94.59, 94.64], [92.45, 92.45, 92.45, 92.09, 92.12, 92.16, 92.23, 92.32, 92.43, 92.49, 92.46, 93.12, 94.0, 94.83, 94.68, 94.48, 94.32, 94.33, 94.42, 94.52], [92.07, 92.09, 92.11, 92.14, 92.19, 92.27, 92.39, 92.57, 92.8, 92.91, 92.75, 93.25, 94.0, 94.0, 94.0, 94.34, 94.09, 94.16, 94.31, 94.44], [92.09, 92.11, 92.14, 92.18, 92.24, 92.33, 92.48, 92.73, 93.15, 93.51, 92.99, 93.2, 93.15, 94.0, 94.0, 94.0, 94.17, 94.14, 94.29, 94.41], [92.1, 92.12, 92.15, 92.19, 92.25, 92.34, 92.48, 92.71, 93.1, 93.42, 93.25, 93.04, 93.01, 94.0, 94.0, 93.54, 93.68, 93.72, 94.34, 94.42], [92.1, 92.12, 92.15, 92.19, 92.24, 92.3, 92.4, 92.52, 92.65, 92.65, 92.81, 92.74, 92.8, 92.93, 93.18, 93.38, 93.51, 93.56, 93.56, 93.52], [92.1, 92.12, 92.14, 92.17, 92.2, 92.23, 92.27, 92.28, 92.22, 92.34, 92.18, 92.33, 92.56, 92.76, 93.02, 93.22, 93.35, 93.42, 93.44, 93.44], [92.09, 92.11, 92.12, 92.14, 92.15, 92.16, 92.15, 92.09, 91.93, 91.8, 91.37, 91.97, 92.36, 92.62, 92.87, 93.07, 93.21, 93.29, 93.33, 93.35], [92.08, 92.09, 92.1, 92.11, 92.11, 92.1, 92.06, 91.98, 92.17, 91.79, 91.56, 91.94, 92.29, 92.55, 92.77, 92.96, 93.09, 93.18, 93.24, 93.27], [92.08, 92.08, 92.08, 92.08, 92.08, 92.05, 92.01, 91.94, 92.22, 92.04, 91.97, 92.11, 92.33, 92.53, 92.71, 92.88, 93.01, 93.1, 93.16, 93.2], [92.07, 92.07, 92.07, 92.06, 92.05, 92.03, 91.99, 92.43, 92.32, 92.23, 92.2, 92.28, 92.41, 92.55, 92.68, 92.83, 92.94, 93.03, 93.09, 93.14]]}