gis_exercise/awsData/contour/humi_2023090323.json
{"header": {"refTime": "2023-09-03T23:00:00.000Z", "nx": 21, "ny": 33, "lo1": 113.509, "la1": 22.2235, "lo2": 113.5947, "la2": 22.1034, "dx": 0.0042850000000001385, "dy": 0.003753125000000024, "parameterCategory": 0, "parameterCategoryName": "Temperature", "parameterNumber": 0}, "z": [[74.37, 74.38, 74.39, 74.41, 74.44, 72.86, 72.99, 73.11, 73.1, 73.23, 72.86, 72.49, 71.02, 70.81, 71.53, 71.57, 70.31, 70.43, 70.52, 70.57], [74.37, 74.37, 74.38, 74.39, 74.43, 74.48, 73.16, 73.46, 73.62, 73.49, 72.86, 72.31, 70.79, 70.57, 71.35, 70.18, 70.36, 70.51, 70.61, 70.66], [74.36, 74.36, 74.36, 74.37, 74.4, 74.45, 74.54, 73.74, 74.67, 73.71, 72.74, 71.95, 70.38, 70.24, 69.93, 70.21, 70.46, 70.63, 70.73, 70.78], [74.36, 74.35, 74.35, 74.35, 74.35, 74.39, 74.46, 74.59, 74.71, 73.4, 72.4, 71.33, 69.73, 69.84, 69.88, 70.29, 70.62, 70.83, 70.92, 70.92], [74.35, 74.35, 74.34, 74.32, 74.31, 74.3, 74.33, 74.38, 74.43, 73.0, 72.13, 69.76, 68.74, 69.6, 69.91, 70.46, 70.9, 71.13, 71.17, 71.1], [74.35, 74.35, 74.33, 74.31, 74.27, 74.21, 74.16, 74.14, 74.19, 74.32, 71.23, 70.27, 69.42, 68.67, 70.08, 70.74, 71.35, 71.61, 71.48, 71.29], [74.11, 74.35, 74.34, 74.31, 74.26, 74.16, 74.01, 73.85, 73.87, 73.33, 73.34, 71.12, 69.14, 69.02, 70.32, 71.03, 71.97, 72.32, 72.08, 71.76], [74.14, 74.15, 74.16, 74.15, 74.1, 74.21, 74.02, 73.65, 73.05, 73.52, 74.25, 71.54, 71.51, 68.99, 71.88, 71.56, 72.21, 72.45, 72.08, 71.83], [73.85, 73.88, 74.24, 74.27, 74.28, 74.2, 73.96, 73.91, 73.64, 73.21, 73.08, 72.34, 71.98, 72.46, 71.81, 71.44, 71.82, 71.98, 71.89, 71.74], [75.0, 75.0, 75.0, 74.06, 74.2, 74.55, 74.3, 73.96, 74.14, 74.03, 71.96, 72.8, 72.53, 72.66, 71.8, 71.31, 71.55, 71.68, 71.69, 71.63], [75.0, 75.0, 75.0, 75.0, 75.0, 75.0, 75.0, 75.0, 74.29, 73.68, 75.0, 73.09, 72.87, 72.85, 71.83, 71.21, 71.39, 71.49, 71.52, 71.5], [75.0, 75.0, 75.0, 75.0, 75.0, 75.0, 75.0, 75.0, 75.0, -999.0, 75.0, 70.0, 70.0, 73.01, 71.87, 71.11, 71.22, 75.27, 75.22, 75.2], [75.0, 75.0, 75.0, 75.0, 75.0, 75.0, 75.0, 75.0, 75.0, 75.0, -999.0, 70.0, 70.0, 74.57, 72.56, 74.46, 74.43, 74.92, 74.85, 74.81], [75.0, 75.0, 75.0, 75.0, 75.0, 75.0, 75.0, 75.0, 75.0, 75.0, -999.0, 77.0, 77.0, 77.0, 73.15, 74.79, 74.73, 75.23, 75.12, 75.04], [75.0, 75.0, 75.0, 75.0, 75.0, 75.0, 75.0, 81.0, 81.0, 81.0, 81.0, 79.46, 77.0, 77.0, 77.0, 75.17, 75.05, 75.51, 75.37, 75.25], [75.0, 75.0, 78.78, 78.84, 78.96, 81.0, 81.0, 81.0, 81.0, 81.0, 78.48, 78.77, 78.38, 78.05, 78.43, 77.37, 77.42, 77.32, 76.24, 76.18], [78.85, 78.89, 77.12, 77.22, 81.0, 81.0, 81.0, 81.0, 81.0, 81.0, 79.28, 78.78, 78.26, 77.78, 77.59, 78.0, 78.36, 78.64, 78.85, 79.0], [77.14, 77.21, 77.32, 77.48, 81.0, 81.0, 81.0, 81.0, 81.0, 79.98, 79.45, 78.85, 78.22, 77.63, 77.08, 77.88, 78.38, 78.71, 78.94, 79.09], [77.26, 77.36, 77.49, 81.0, 81.0, 81.0, 81.0, 81.0, 80.64, 80.22, 79.66, 79.16, 78.28, 77.82, 77.81, 78.16, 78.58, 78.88, 79.08, 79.21], [77.34, 77.44, 80.43, 80.46, 80.49, 80.55, 80.63, 80.84, 80.51, 80.14, 79.7, 79.27, 78.42, 78.1, 78.44, 78.64, 78.9, 79.12, 79.27, 79.36], [80.39, 80.4, 80.42, 80.59, 80.61, 80.64, 80.67, 80.71, 80.14, 79.96, 79.68, 79.37, 78.52, 78.85, 78.91, 79.06, 79.23, 79.38, 79.48, 79.54], [80.53, 80.54, 80.54, 80.55, 80.56, 80.57, 80.58, 80.65, 79.94, 79.83, 79.66, 79.45, 78.3, 79.15, 79.25, 79.36, 79.48, 79.61, 79.71, 79.72], [80.52, 80.52, 80.52, 80.64, 80.63, 80.61, 80.59, 80.56, 80.52, 80.5, 80.51, 79.77, 80.22, 79.39, 79.49, 79.55, 79.52, 79.8, 79.96, 79.92], [80.64, 80.64, 80.63, 80.62, 80.6, 80.58, 80.54, 80.48, 80.4, 80.36, 80.42, 79.76, 80.23, 80.24, 80.22, 79.73, 79.02, 80.37, 80.31, 80.12], [80.64, 80.63, 80.62, 80.61, 80.59, 80.56, 80.51, 80.42, 80.28, 80.16, 80.34, 79.84, 79.68, 80.29, 80.32, 80.38, 80.68, 81.35, 80.56, 80.24], [80.63, 80.63, 80.62, 80.6, 80.58, 80.55, 80.51, 80.43, 80.3, 80.19, 80.01, 79.94, 79.79, 80.32, 80.4, 80.67, 80.89, 81.03, 80.46, 80.24], [80.63, 80.63, 80.62, 80.6, 80.59, 80.57, 80.53, 80.49, 80.45, 80.45, 80.14, 80.07, 79.92, 80.69, 80.68, 80.72, 80.8, 80.86, 80.84, 80.79], [80.63, 80.63, 80.62, 80.61, 80.6, 80.59, 80.58, 80.57, 80.59, 80.35, 80.4, 81.0, 81.12, 81.29, 80.72, 80.74, 80.77, 80.79, 80.79, 80.77], [80.64, 80.63, 80.63, 80.62, 80.62, 80.61, 80.62, 80.64, 80.69, 80.58, 80.99, 81.03, 81.13, 81.26, 80.74, 80.74, 80.75, 80.76, 80.76, 80.75], [80.64, 80.64, 80.63, 80.63, 80.63, 80.63, 80.65, 80.67, 80.97, 80.99, 81.01, 81.05, 81.13, 81.24, 80.76, 80.75, 80.75, 80.75, 80.75, 80.74], [80.64, 80.64, 80.64, 80.64, 80.64, 80.65, 80.66, 80.69, 81.0, 81.02, 81.04, 81.08, 81.15, 81.24, 80.76, 80.75, 80.74, 80.74, 80.74, 80.73], [80.64, 80.64, 80.64, 80.65, 80.65, 80.66, 80.67, 81.03, 81.04, 81.05, 81.07, 81.11, 81.17, 81.24, 80.76, 80.75, 80.74, 80.74, 80.73, 80.73]]}