gis_exercise/awsData/contour/humi_2023090622.json
{"header": {"refTime": "2023-09-06T22:00:00.000Z", "nx": 21, "ny": 33, "lo1": 113.509, "la1": 22.2235, "lo2": 113.5947, "la2": 22.1034, "dx": 0.0042850000000001385, "dy": 0.003753125000000024, "parameterCategory": 0, "parameterCategoryName": "Temperature", "parameterNumber": 0}, "z": [[82.54, 82.69, 82.89, 86.47, 86.61, 84.27, 84.68, 85.09, 85.24, 88.0, 87.71, 87.4, 85.02, 84.81, 84.96, 84.93, 83.6, 83.67, 83.72, 83.76], [82.44, 82.58, 82.77, 83.04, 86.52, 86.76, 84.92, 85.73, 86.22, 88.15, 87.67, 87.2, 84.79, 84.57, 84.78, 83.52, 83.63, 83.71, 83.77, 83.8], [82.3, 82.42, 82.59, 82.83, 86.36, 86.6, 87.01, 86.22, 88.31, 88.28, 87.55, 86.82, 84.38, 84.24, 83.36, 83.53, 83.68, 83.78, 83.84, 83.86], [82.14, 82.22, 82.35, 82.53, 82.82, 86.28, 86.63, 87.22, 87.79, 88.17, 87.32, 86.17, 83.73, 84.63, 83.33, 83.57, 83.76, 83.88, 83.93, 83.94], [81.96, 82.0, 82.07, 82.17, 82.32, 85.8, 85.92, 86.21, 86.59, 88.17, 87.28, 84.54, 83.05, 84.28, 83.35, 83.67, 83.92, 84.04, 84.07, 84.04], [81.78, 81.77, 81.77, 81.77, 81.78, 81.77, 85.0, 84.9, 85.36, 86.51, 86.76, 85.28, 84.01, 82.67, 83.48, 83.84, 84.16, 84.29, 84.23, 84.13], [78.66, 81.55, 81.48, 81.4, 81.28, 81.08, 81.81, 83.04, 83.31, 85.75, 87.59, 86.44, 83.14, 83.02, 83.65, 84.01, 84.48, 84.66, 84.45, 84.26], [78.72, 78.73, 78.74, 78.72, 78.65, 81.76, 81.47, 80.33, 79.22, 86.25, 90.67, 86.76, 86.71, 82.99, 84.63, 84.52, 84.74, 84.82, 84.69, 84.61], [78.28, 78.33, 78.86, 78.9, 78.92, 78.81, 78.44, 81.22, 82.1, 85.31, 89.54, 88.22, 87.57, 88.43, 84.6, 84.48, 84.61, 84.66, 84.63, 84.58], [80.0, 80.0, 80.0, 78.6, 78.79, 79.32, 78.95, 78.44, 86.1, 85.2, 87.53, 89.03, 88.55, 88.79, 84.6, 84.44, 84.52, 84.56, 84.56, 84.54], [80.0, 80.0, 80.0, 80.0, 80.0, 80.0, 80.0, 80.0, 78.94, 82.47, 93.0, 89.57, 89.16, 89.14, 84.61, 84.4, 84.46, 84.5, 84.51, 84.5], [80.0, 80.0, 80.0, 80.0, 80.0, 80.0, 80.0, 80.0, 80.0, -999.0, 93.0, 84.0, 84.0, 89.42, 84.62, 84.37, 84.41, 87.27, 87.22, 87.2], [80.0, 80.0, 80.0, 80.0, 80.0, 80.0, 80.0, 80.0, 80.0, 80.0, -999.0, 84.0, 84.0, 87.26, 85.83, 86.46, 86.43, 86.92, 86.85, 86.81], [80.0, 80.0, 80.0, 80.0, 80.0, 80.0, 80.0, 80.0, 80.0, 80.0, -999.0, 89.0, 89.0, 89.0, 86.25, 86.79, 86.73, 87.23, 87.12, 87.04], [80.0, 80.0, 80.0, 80.0, 80.0, 80.0, 80.0, 87.0, 87.0, 87.0, 87.0, 87.77, 89.0, 89.0, 89.0, 87.17, 87.05, 87.51, 87.37, 87.25], [80.0, 80.0, 84.4, 84.48, 84.62, 87.0, 87.0, 87.0, 87.0, 87.0, 88.26, 88.12, 88.31, 88.47, 88.29, 87.53, 87.31, 87.7, 86.87, 86.72], [84.49, 84.54, 82.47, 82.59, 87.0, 87.0, 87.0, 87.0, 87.0, 87.0, 87.86, 88.11, 88.37, 88.61, 88.32, 88.66, 88.54, 88.45, 88.4, 88.36], [82.5, 82.58, 82.71, 82.89, 87.0, 87.0, 87.0, 87.0, 87.0, 87.51, 87.78, 88.08, 88.39, 88.31, 88.9, 88.69, 88.52, 88.42, 88.36, 88.33], [82.64, 82.75, 82.91, 87.0, 87.0, 87.0, 87.0, 87.0, 87.18, 87.39, 87.95, 88.21, 87.73, 88.06, 88.71, 88.58, 88.43, 88.34, 88.3, 88.29], [82.73, 82.85, 88.14, 88.09, 88.01, 87.91, 87.75, 87.33, 87.41, 87.69, 87.98, 88.21, 87.51, 87.65, 88.46, 88.38, 88.28, 88.23, 88.22, 88.24], [88.22, 88.19, 88.15, 87.83, 87.79, 87.73, 87.65, 87.57, 87.78, 87.91, 88.09, 88.24, 87.28, 88.31, 88.25, 88.16, 88.09, 88.09, 88.14, 88.19], [87.93, 87.92, 87.91, 87.9, 87.88, 87.86, 87.84, 87.87, 88.07, 88.14, 88.23, 88.31, 87.72, 88.19, 88.08, 87.93, 87.84, 87.92, 88.07, 88.17], [87.97, 87.97, 87.97, 87.98, 87.99, 88.0, 88.03, 88.08, 88.14, 88.19, 88.18, 87.36, 88.26, 88.11, 87.96, 87.7, 87.38, 87.72, 88.08, 88.2], [88.0, 88.01, 88.02, 88.03, 88.06, 88.1, 88.16, 88.26, 88.38, 88.44, 88.37, 87.77, 88.31, 88.15, 87.96, 87.67, 86.39, 88.12, 88.32, 88.3], [88.02, 88.04, 88.05, 88.08, 88.11, 88.16, 88.25, 88.38, 88.59, 88.77, 88.52, 87.88, 87.51, 88.22, 88.1, 88.04, 88.51, 89.27, 88.57, 88.39], [88.04, 88.06, 88.08, 88.11, 88.14, 88.2, 88.28, 88.4, 88.59, 88.74, 88.27, 87.91, 87.58, 88.29, 88.23, 88.12, 88.4, 88.58, 88.54, 88.42], [88.06, 88.08, 88.1, 88.12, 88.16, 88.21, 88.27, 88.34, 88.42, 88.44, 88.09, 87.88, 87.63, 88.01, 88.06, 88.14, 88.27, 88.34, 88.32, 88.25], [88.07, 88.09, 88.11, 88.13, 88.16, 88.2, 88.24, 88.27, 88.28, 88.04, 87.97, 88.74, 88.95, 89.17, 88.07, 88.13, 88.19, 88.23, 88.24, 88.21], [88.08, 88.09, 88.11, 88.13, 88.16, 88.18, 88.2, 88.21, 88.19, 87.97, 88.2, 88.56, 88.84, 89.07, 88.07, 88.11, 88.15, 88.17, 88.18, 88.17], [88.08, 88.1, 88.11, 88.13, 88.15, 88.17, 88.18, 88.18, 88.63, 88.43, 88.32, 88.56, 88.81, 89.02, 88.06, 88.09, 88.12, 88.13, 88.14, 88.14], [88.09, 88.1, 88.11, 88.13, 88.14, 88.15, 88.16, 88.16, 88.68, 88.59, 88.57, 88.67, 88.84, 89.01, 88.06, 88.08, 88.1, 88.11, 88.12, 88.12], [88.09, 88.1, 88.11, 88.12, 88.13, 88.14, 88.15, 88.81, 88.76, 88.71, 88.72, 88.78, 88.89, 89.02, 88.05, 88.07, 88.08, 88.09, 88.1, 88.1]]}