gis_exercise/awsData/contour/humi_2023091002.json
{"header": {"refTime": "2023-09-10T02:00:00.000Z", "nx": 21, "ny": 33, "lo1": 113.509, "la1": 22.2235, "lo2": 113.5947, "la2": 22.1034, "dx": 0.0042850000000001385, "dy": 0.003753125000000024, "parameterCategory": 0, "parameterCategoryName": "Temperature", "parameterNumber": 0}, "z": [[95.23, 95.19, 95.15, 95.62, 95.54, 93.82, 93.8, 93.77, 93.72, 94.02, 93.93, 93.83, 93.05, 93.01, 92.76, 92.81, 93.14, 93.2, 93.25, 93.29], [95.25, 95.22, 95.18, 95.12, 95.55, 95.42, 93.85, 93.84, 93.81, 94.01, 93.89, 93.73, 92.93, 92.89, 92.68, 93.05, 93.15, 93.23, 93.28, 93.32], [95.28, 95.25, 95.21, 95.16, 95.58, 95.45, 95.24, 93.9, 93.96, 94.02, 93.84, 93.56, 92.73, 92.73, 92.87, 93.05, 93.18, 93.27, 93.33, 93.36], [95.31, 95.29, 95.26, 95.22, 95.16, 95.55, 95.38, 95.09, 94.83, 94.08, 93.81, 93.27, 92.36, 93.3, 92.83, 93.07, 93.24, 93.34, 93.39, 93.41], [95.35, 95.34, 95.32, 95.29, 95.25, 95.7, 95.63, 95.55, 95.55, 94.31, 93.92, 93.14, 91.92, 93.03, 92.86, 93.16, 93.36, 93.45, 93.48, 93.47], [95.39, 95.39, 95.38, 95.38, 95.36, 95.34, 95.87, 95.91, 96.03, 96.24, 94.77, 93.79, 92.82, 92.34, 93.04, 93.32, 93.53, 93.61, 93.59, 93.54], [96.0, 95.44, 95.45, 95.46, 95.47, 95.48, 96.51, 96.1, 96.25, 96.73, 96.85, 94.93, 93.28, 93.04, 93.31, 93.49, 93.73, 93.82, 93.45, 93.26], [96.0, 96.0, 96.0, 96.0, 96.0, 96.45, 96.45, 96.36, 96.17, 96.85, 97.49, 95.92, 95.9, 92.99, 94.37, 94.48, 94.26, 94.18, 94.31, 94.39], [96.0, 96.0, 96.0, 96.0, 96.0, 96.0, 96.0, 96.44, 96.64, 96.64, 96.85, 96.41, 96.19, 96.48, 94.4, 94.52, 94.39, 94.34, 94.37, 94.42], [96.0, 96.0, 96.0, 96.0, 96.0, 96.0, 96.0, 96.0, 97.14, 97.03, 96.18, 96.68, 96.52, 96.6, 94.4, 94.56, 94.48, 94.44, 94.44, 94.46], [96.0, 96.0, 96.0, 96.0, 96.0, 96.0, 96.0, 96.0, 96.0, 96.68, 98.0, 96.86, 96.72, 96.71, 94.39, 94.6, 94.54, 94.5, 94.49, 94.5], [96.0, 96.0, 96.0, 96.0, 96.0, 96.0, 96.0, 96.0, 96.0, -999.0, 98.0, 95.0, 95.0, 96.81, 94.38, 94.63, 94.59, 96.84, 96.77, 96.76], [96.0, 96.0, 96.0, 96.0, 96.0, 96.0, 96.0, 96.0, 96.0, 96.0, -999.0, 95.0, 95.0, 97.61, 96.46, 95.82, 95.78, 96.4, 96.31, 96.26], [96.0, 96.0, 96.0, 96.0, 96.0, 96.0, 96.0, 96.0, 96.0, 96.0, -999.0, 99.0, 99.0, 99.0, 96.8, 96.24, 96.16, 96.78, 96.65, 96.55], [96.0, 96.0, 96.0, 96.0, 96.0, 96.0, 96.0, 96.0, 96.0, 96.0, 96.0, 97.15, 99.0, 99.0, 99.0, 96.71, 96.56, 97.14, 96.96, 96.81], [96.0, 96.0, 96.0, 96.0, 96.0, 96.0, 96.0, 96.0, 96.0, 96.0, 97.89, 97.67, 97.96, 98.21, 97.93, 98.27, 98.16, 98.35, 97.16, 97.02], [96.0, 96.0, 96.0, 96.0, 96.0, 96.0, 96.0, 96.0, 96.0, 96.0, 97.29, 97.66, 98.05, 98.41, 98.42, 98.41, 98.2, 98.03, 97.91, 97.83], [96.0, 96.0, 96.0, 96.0, 96.0, 96.0, 96.0, 96.0, 96.0, 96.76, 97.16, 97.61, 98.08, 98.39, 98.92, 98.48, 98.18, 97.98, 97.86, 97.78], [96.0, 96.0, 96.0, 96.0, 96.0, 96.0, 96.0, 96.0, 96.27, 96.58, 97.42, 97.82, 97.82, 98.2, 98.52, 98.3, 98.05, 97.88, 97.77, 97.71], [96.0, 96.0, 97.71, 97.63, 97.52, 97.36, 97.12, 96.49, 96.61, 97.04, 97.47, 97.81, 97.66, 97.89, 98.13, 98.01, 97.85, 97.73, 97.66, 97.62], [97.83, 97.79, 97.73, 97.24, 97.18, 97.09, 96.98, 96.86, 97.17, 97.37, 97.63, 97.87, 97.52, 97.88, 97.83, 97.73, 97.62, 97.55, 97.52, 97.52], [97.4, 97.38, 97.37, 97.35, 97.32, 97.29, 97.27, 97.21, 97.6, 97.71, 97.85, 97.97, 98.36, 97.69, 97.61, 97.5, 97.41, 97.38, 97.39, 97.42], [97.45, 97.45, 97.45, 97.34, 97.36, 97.39, 97.44, 97.52, 97.62, 97.68, 97.67, 97.59, 97.74, 97.55, 97.45, 97.32, 97.21, 97.22, 97.28, 97.34], [97.36, 97.37, 97.39, 97.41, 97.45, 97.52, 97.62, 97.78, 97.98, 98.08, 97.95, 98.01, 97.79, 97.57, 97.37, 97.23, 97.06, 97.11, 97.21, 97.29], [97.39, 97.4, 97.43, 97.47, 97.52, 97.61, 97.74, 97.95, 98.31, 98.6, 98.19, 98.04, 97.83, 97.59, 97.4, 97.23, 97.11, 97.09, 97.19, 97.27], [97.41, 97.43, 97.46, 97.5, 97.56, 97.65, 97.77, 97.97, 98.29, 98.55, 98.26, 97.97, 97.79, 97.63, 97.44, 97.0, 97.0, 97.0, 97.23, 97.28], [97.43, 97.45, 97.48, 97.52, 97.57, 97.64, 97.73, 97.85, 97.97, 97.99, 97.95, 97.81, 97.71, 97.0, 97.0, 97.0, 97.0, 97.0, 97.0, 97.0], [97.44, 97.46, 97.49, 97.52, 97.56, 97.61, 97.66, 97.7, 97.69, 97.69, 97.58, 97.59, 97.61, 97.59, 97.0, 97.0, 97.0, 97.0, 97.0, 97.0], [97.44, 97.46, 97.49, 97.51, 97.54, 97.57, 97.59, 97.58, 97.5, 97.39, 97.17, 97.41, 97.52, 97.55, 97.0, 97.0, 97.0, 97.0, 97.0, 97.0], [97.45, 97.46, 97.48, 97.5, 97.52, 97.53, 97.53, 97.5, 97.54, 97.36, 97.24, 97.38, 97.49, 97.53, 97.0, 97.0, 97.0, 97.0, 97.0, 97.0], [97.45, 97.46, 97.47, 97.49, 97.5, 97.5, 97.5, 97.47, 97.54, 97.45, 97.4, 97.44, 97.49, 97.52, 97.0, 97.0, 97.0, 97.0, 97.0, 97.0], [97.44, 97.46, 97.47, 97.48, 97.48, 97.48, 97.47, 97.62, 97.56, 97.51, 97.48, 97.49, 97.51, 97.53, 97.0, 97.0, 97.0, 97.0, 97.0, 97.0]]}