gis_exercise/awsData/contour/humi_2023083106.json
{"header": {"refTime": "2023-08-31T06:00:00.000Z", "nx": 21, "ny": 33, "lo1": 113.509, "la1": 22.2235, "lo2": 113.5947, "la2": 22.1034, "dx": 0.0042850000000001385, "dy": 0.003753125000000024, "parameterCategory": 0, "parameterCategoryName": "Temperature", "parameterNumber": 0}, "z": [[71.7, 71.71, 71.73, 72.26, 72.25, 71.07, 71.12, 71.15, 71.13, 71.18, 70.99, 70.79, 70.17, 70.08, 70.35, 70.41, 70.23, 70.32, 70.38, 70.43], [71.69, 71.71, 71.72, 71.74, 72.24, 72.22, 71.2, 71.32, 71.37, 71.3, 70.98, 70.69, 70.03, 69.94, 70.24, 70.12, 70.26, 70.37, 70.44, 70.49], [71.68, 71.69, 71.71, 71.73, 72.25, 72.23, 72.19, 71.46, 71.85, 71.4, 70.91, 70.48, 69.78, 69.73, 69.9, 70.13, 70.32, 70.45, 70.53, 70.57], [71.67, 71.68, 71.69, 71.72, 71.74, 72.24, 72.21, 72.17, 72.13, 71.28, 70.74, 70.11, 69.35, 69.67, 69.85, 70.18, 70.43, 70.58, 70.65, 70.67], [71.65, 71.66, 71.67, 71.69, 71.72, 72.25, 72.24, 72.23, 72.25, 71.15, 70.65, 69.56, 68.67, 69.48, 69.89, 70.31, 70.63, 70.79, 70.82, 70.79], [71.63, 71.63, 71.64, 71.66, 71.68, 71.72, 72.26, 72.26, 72.3, 72.39, 70.73, 70.03, 69.33, 69.0, 70.06, 70.53, 70.94, 71.11, 71.03, 70.91], [71.45, 71.6, 71.6, 71.61, 71.64, 71.68, 72.0, 72.24, 72.28, 72.27, 72.3, 70.86, 69.71, 69.53, 70.31, 70.76, 71.35, 71.57, 71.26, 71.01], [71.43, 71.42, 71.42, 71.43, 71.45, 71.85, 71.94, 72.04, 72.06, 72.34, 72.69, 71.61, 71.6, 69.49, 71.63, 71.52, 71.74, 71.82, 71.69, 71.61], [71.57, 71.56, 71.38, 71.37, 71.36, 71.4, 71.52, 71.98, 72.32, 72.21, 72.23, 71.94, 71.79, 71.98, 71.6, 71.48, 71.61, 71.66, 71.63, 71.58], [71.0, 71.0, 71.0, 71.47, 71.4, 71.23, 71.35, 71.52, 72.57, 72.51, 71.78, 72.12, 72.01, 72.06, 71.6, 71.44, 71.52, 71.56, 71.56, 71.54], [71.0, 71.0, 71.0, 71.0, 71.0, 71.0, 71.0, 71.0, 71.35, 72.34, 73.0, 72.24, 72.15, 72.14, 71.61, 71.4, 71.46, 71.5, 71.51, 71.5], [71.0, 71.0, 71.0, 71.0, 71.0, 71.0, 71.0, 71.0, 71.0, -999.0, 73.0, 71.0, 71.0, 72.2, 71.62, 71.37, 71.41, 77.68, 77.55, 77.51], [71.0, 71.0, 71.0, 71.0, 71.0, 71.0, 71.0, 71.0, 71.0, 71.0, -999.0, 71.0, 71.0, 78.18, 75.02, 75.64, 75.57, 76.8, 76.62, 76.51], [71.0, 71.0, 71.0, 71.0, 71.0, 71.0, 71.0, 71.0, 71.0, 71.0, -999.0, 82.0, 82.0, 82.0, 75.95, 76.47, 76.31, 77.57, 77.3, 77.09], [71.0, 71.0, 71.0, 71.0, 71.0, 71.0, 71.0, 71.0, 71.0, 71.0, 71.0, 75.23, 82.0, 82.0, 82.0, 77.42, 77.12, 78.28, 77.92, 77.62], [71.0, 71.0, 71.0, 71.0, 71.0, 71.0, 71.0, 71.0, 71.0, 71.0, 77.92, 77.14, 78.2, 79.1, 78.08, 78.7, 78.2, 79.08, 76.95, 76.59], [71.0, 71.0, 71.0, 71.0, 71.0, 71.0, 71.0, 71.0, 71.0, 71.0, 75.73, 77.09, 78.53, 79.85, 79.68, 80.32, 79.73, 79.27, 78.94, 78.72], [71.0, 71.0, 71.0, 71.0, 71.0, 71.0, 71.0, 71.0, 71.0, 73.79, 75.27, 76.92, 78.64, 79.6, 81.66, 80.5, 79.66, 79.12, 78.78, 78.57], [71.0, 71.0, 71.0, 71.0, 71.0, 71.0, 71.0, 71.0, 71.99, 73.14, 74.35, 75.73, 77.36, 78.81, 80.62, 79.99, 79.28, 78.81, 78.53, 78.37], [71.0, 71.0, 71.57, 71.54, 71.51, 71.45, 71.37, 71.16, 72.14, 73.07, 74.2, 75.35, 76.71, 77.56, 79.48, 79.12, 78.67, 78.35, 78.18, 78.12], [71.61, 71.6, 71.58, 71.41, 71.39, 71.36, 71.33, 71.29, 72.94, 73.41, 74.14, 74.99, 76.11, 78.78, 78.6, 78.27, 77.96, 77.8, 77.8, 77.85], [71.47, 71.46, 71.46, 71.45, 71.44, 71.43, 71.42, 71.35, 73.28, 73.56, 74.03, 74.64, 75.86, 78.22, 77.91, 77.5, 77.19, 77.22, 77.43, 77.62], [71.48, 71.48, 71.48, 71.36, 71.37, 71.39, 71.41, 71.44, 71.48, 71.5, 71.49, 71.97, 74.7, 77.82, 77.43, 76.85, 76.24, 76.65, 77.21, 77.48], [71.36, 71.36, 71.37, 71.38, 71.4, 71.42, 71.46, 71.52, 71.6, 71.64, 71.58, 72.0, 74.63, 75.07, 75.39, 76.6, 74.75, 76.88, 77.32, 77.48], [71.36, 71.37, 71.38, 71.39, 71.41, 71.44, 71.49, 71.58, 71.72, 71.84, 71.66, 71.95, 72.02, 75.07, 75.49, 75.89, 77.34, 78.18, 77.58, 77.55], [71.37, 71.37, 71.38, 71.4, 71.42, 71.45, 71.49, 71.57, 71.7, 71.81, 71.87, 71.87, 71.94, 75.06, 75.51, 75.8, 76.39, 76.67, 77.62, 77.61], [71.37, 71.37, 71.38, 71.4, 71.41, 71.43, 71.47, 71.51, 71.55, 71.55, 71.73, 71.75, 71.84, 74.55, 75.07, 75.53, 75.92, 76.1, 76.06, 75.92], [71.37, 71.37, 71.38, 71.39, 71.4, 71.41, 71.42, 71.43, 71.41, 71.55, 71.5, 72.62, 73.24, 73.93, 74.77, 75.21, 75.53, 75.71, 75.75, 75.71], [71.36, 71.37, 71.37, 71.38, 71.38, 71.39, 71.38, 71.36, 71.31, 71.34, 71.44, 72.26, 73.0, 73.67, 74.51, 74.92, 75.22, 75.4, 75.49, 75.51], [71.36, 71.36, 71.37, 71.37, 71.37, 71.37, 71.35, 71.33, 72.34, 71.94, 71.71, 72.28, 72.94, 73.53, 74.31, 74.69, 74.97, 75.16, 75.27, 75.32], [71.36, 71.36, 71.36, 71.36, 71.36, 71.35, 71.34, 71.31, 72.5, 72.31, 72.29, 72.58, 73.03, 73.5, 74.19, 74.53, 74.79, 74.97, 75.09, 75.17], [71.36, 71.36, 71.36, 71.35, 71.35, 71.34, 71.33, 72.82, 72.7, 72.63, 72.67, 72.86, 73.17, 73.52, 74.14, 74.43, 74.66, 74.83, 74.95, 75.04]]}