gis_exercise/awsData/contour/humi_2023090100.json
{"header": {"refTime": "2023-09-01T00:00:00.000Z", "nx": 21, "ny": 33, "lo1": 113.509, "la1": 22.2235, "lo2": 113.5947, "la2": 22.1034, "dx": 0.0042850000000001385, "dy": 0.003753125000000024, "parameterCategory": 0, "parameterCategoryName": "Temperature", "parameterNumber": 0}, "z": [[76.32, 76.42, 76.54, 77.45, 77.58, 76.36, 76.63, 76.88, 76.92, 77.14, 76.61, 76.09, 74.98, 74.72, 74.56, 74.49, 72.87, 72.94, 72.99, 73.02], [76.26, 76.35, 76.47, 76.63, 77.55, 77.76, 76.87, 77.43, 77.74, 77.56, 76.65, 75.88, 74.68, 74.42, 74.32, 72.78, 72.89, 72.97, 73.02, 73.06], [76.17, 76.25, 76.36, 76.52, 77.46, 77.67, 78.04, 77.86, 79.45, 77.91, 76.48, 75.43, 74.16, 73.98, 72.62, 72.79, 72.93, 73.02, 73.08, 73.11], [76.07, 76.13, 76.22, 76.34, 76.53, 77.46, 77.75, 78.26, 78.72, 77.37, 75.97, 74.64, 73.31, 72.87, 72.58, 72.82, 73.0, 73.11, 73.16, 73.18], [75.96, 75.99, 76.04, 76.12, 76.24, 77.15, 77.27, 77.44, 77.56, 76.55, 75.44, 72.76, 71.75, 72.65, 72.6, 72.92, 73.14, 73.25, 73.27, 73.26], [75.83, 75.83, 75.85, 75.87, 75.92, 75.97, 76.72, 76.63, 76.66, 76.8, 74.12, 73.28, 72.48, 72.0, 72.76, 73.08, 73.34, 73.45, 73.41, 73.34], [74.0, 75.68, 75.65, 75.62, 75.6, 75.56, 74.76, 75.83, 75.76, 75.38, 75.65, 74.19, 72.71, 72.53, 72.98, 73.25, 73.61, 73.74, 73.45, 73.26], [74.0, 74.0, 74.0, 74.0, 74.0, 74.68, 74.68, 74.54, 74.34, 75.52, 76.41, 74.92, 74.9, 72.49, 74.0, 74.0, 74.0, 74.0, 74.0, 74.0], [74.0, 74.0, 74.0, 74.0, 74.0, 74.0, 74.0, 74.66, 74.96, 75.28, 75.85, 75.41, 75.19, 75.48, 74.0, 74.0, 74.0, 74.0, 74.0, 74.0], [74.0, 74.0, 74.0, 74.0, 74.0, 74.0, 74.0, 74.0, 75.71, 75.54, 75.18, 75.68, 75.52, 75.6, 74.0, 74.0, 74.0, 74.0, 74.0, 74.0], [74.0, 74.0, 74.0, 74.0, 74.0, 74.0, 74.0, 74.0, 74.0, 75.03, 77.0, 75.86, 75.72, 75.71, 74.0, 74.0, 74.0, 74.0, 74.0, 74.0], [74.0, 74.0, 74.0, 74.0, 74.0, 74.0, 74.0, 74.0, 74.0, -999.0, 77.0, 74.0, 74.0, 75.81, 74.0, 74.0, 74.0, 80.82, 80.66, 80.61], [74.0, 74.0, 74.0, 74.0, 74.0, 74.0, 74.0, 74.0, 74.0, 74.0, -999.0, 74.0, 74.0, 81.83, 78.39, 78.37, 78.28, 79.76, 79.55, 79.42], [74.0, 74.0, 74.0, 74.0, 74.0, 74.0, 74.0, 74.0, 74.0, 74.0, -999.0, 86.0, 86.0, 86.0, 79.4, 79.37, 79.18, 80.68, 80.36, 80.11], [74.0, 74.0, 74.0, 74.0, 74.0, 74.0, 74.0, 76.0, 76.0, 76.0, 76.0, 79.84, 86.0, 86.0, 86.0, 80.51, 80.15, 81.53, 81.1, 80.74], [74.0, 74.0, 75.26, 75.28, 75.32, 76.0, 76.0, 76.0, 76.0, 76.0, 82.29, 81.58, 82.55, 83.36, 82.44, 80.87, 80.09, 81.45, 79.07, 78.58], [75.28, 75.3, 74.71, 74.74, 76.0, 76.0, 76.0, 76.0, 76.0, 76.0, 80.3, 81.54, 82.85, 84.05, 83.25, 83.54, 82.68, 82.01, 81.54, 81.22], [74.71, 74.74, 74.77, 74.83, 76.0, 76.0, 76.0, 76.0, 76.0, 78.54, 79.88, 81.38, 82.94, 83.2, 85.59, 83.81, 82.57, 81.79, 81.3, 81.0], [74.75, 74.79, 74.83, 76.0, 76.0, 76.0, 76.0, 76.0, 76.9, 77.95, 78.88, 80.13, 80.73, 82.22, 83.97, 83.06, 82.02, 81.33, 80.92, 80.7], [74.78, 74.81, 76.0, 76.0, 76.0, 76.0, 76.0, 76.0, 76.94, 77.72, 78.7, 79.75, 79.89, 80.64, 82.31, 81.77, 81.11, 80.65, 80.42, 80.33], [76.0, 76.0, 76.0, 76.0, 76.0, 76.0, 76.0, 76.0, 77.55, 77.96, 78.6, 79.37, 79.05, 81.28, 81.0, 80.51, 80.05, 79.84, 79.85, 79.94], [76.0, 76.0, 76.0, 76.0, 76.0, 76.0, 76.0, 75.48, 77.74, 77.99, 78.41, 78.98, 78.27, 80.45, 79.98, 79.36, 78.9, 78.97, 79.32, 79.62], [76.0, 76.0, 76.0, 75.24, 75.28, 75.32, 75.36, 75.4, 75.43, 75.42, 75.37, 74.95, 77.04, 79.87, 79.27, 78.36, 77.4, 78.1, 79.01, 79.44], [75.13, 75.15, 75.17, 75.19, 75.22, 75.25, 75.3, 75.37, 75.45, 75.48, 75.38, 74.27, 77.04, 77.16, 77.17, 78.01, 74.96, 78.57, 79.26, 79.47], [75.1, 75.1, 75.12, 75.13, 75.15, 75.18, 75.23, 75.33, 75.54, 75.72, 75.4, 74.34, 73.94, 77.25, 77.4, 77.61, 79.37, 80.81, 79.72, 79.61], [75.06, 75.06, 75.06, 75.07, 75.08, 75.09, 75.13, 75.22, 75.43, 75.61, 74.77, 74.27, 73.92, 77.33, 77.57, 77.48, 78.27, 78.7, 79.76, 79.69], [75.02, 75.02, 75.01, 75.0, 74.99, 74.99, 74.99, 75.0, 75.03, 74.97, 74.3, 74.04, 73.83, 76.24, 76.75, 77.26, 77.72, 77.96, 77.9, 77.71], [74.98, 74.97, 74.96, 74.94, 74.91, 74.88, 74.83, 74.75, 74.6, 73.93, 73.76, 75.51, 76.27, 77.1, 76.5, 76.95, 77.3, 77.5, 77.54, 77.48], [74.95, 74.93, 74.91, 74.88, 74.84, 74.78, 74.69, 74.54, 74.27, 73.5, 73.68, 74.91, 75.91, 76.76, 76.25, 76.66, 76.97, 77.17, 77.25, 77.26], [74.92, 74.89, 74.86, 74.83, 74.77, 74.7, 74.59, 74.43, 75.11, 74.47, 74.08, 74.91, 75.8, 76.56, 76.07, 76.44, 76.72, 76.91, 77.02, 77.06], [74.89, 74.86, 74.83, 74.79, 74.73, 74.65, 74.55, 74.4, 75.31, 75.0, 74.94, 75.32, 75.91, 76.51, 75.96, 76.28, 76.53, 76.71, 76.83, 76.9], [74.87, 74.84, 74.8, 74.76, 74.7, 74.63, 74.54, 75.77, 75.58, 75.45, 75.47, 75.71, 76.11, 76.55, 75.91, 76.18, 76.4, 76.57, 76.69, 76.76]]}