gis_exercise/awsData/contour/humi_2023090802.json
{"header": {"refTime": "2023-09-08T02:00:00.000Z", "nx": 21, "ny": 33, "lo1": 113.509, "la1": 22.2235, "lo2": 113.5947, "la2": 22.1034, "dx": 0.0042850000000001385, "dy": 0.003753125000000024, "parameterCategory": 0, "parameterCategoryName": "Temperature", "parameterNumber": 0}, "z": [[95.09, 95.12, 95.15, 95.6, 95.63, 95.05, 95.11, 95.16, 95.16, 95.06, 94.83, 94.61, 94.33, 94.24, 93.62, 93.52, 92.91, 92.89, 92.87, 92.86], [95.07, 95.1, 95.13, 95.18, 95.62, 95.66, 95.18, 95.32, 95.39, 95.22, 94.85, 94.52, 94.23, 94.14, 93.53, 92.93, 92.89, 92.86, 92.84, 92.83], [95.04, 95.07, 95.1, 95.15, 95.6, 95.64, 95.71, 95.44, 95.85, 95.35, 94.78, 94.33, 94.05, 93.99, 92.97, 92.92, 92.86, 92.82, 92.8, 92.79], [95.01, 95.03, 95.06, 95.11, 95.17, 95.6, 95.66, 95.75, 95.83, 95.15, 94.55, 94.01, 93.77, 93.29, 92.97, 92.89, 92.81, 92.76, 92.74, 92.74], [94.98, 94.99, 95.01, 95.04, 95.09, 95.53, 95.56, 95.6, 95.62, 94.3, 94.27, 93.37, 93.1, 93.26, 92.97, 92.85, 92.73, 92.66, 92.66, 92.69], [94.93, 94.94, 94.95, 94.97, 95.0, 95.05, 95.44, 95.42, 95.55, 95.61, 93.6, 93.34, 93.23, 93.33, 92.98, 92.79, 92.59, 92.5, 92.55, 92.63], [94.45, 94.88, 94.88, 94.88, 94.9, 94.94, 94.5, 95.38, 95.35, 94.49, 94.6, 93.47, 93.57, 93.51, 93.0, 92.73, 92.38, 92.25, 92.18, 92.25], [94.43, 94.42, 94.42, 94.43, 94.45, 94.51, 94.63, 94.72, 94.88, 94.53, 94.57, 94.0, 94.0, 93.5, 92.74, 92.96, 92.52, 92.37, 92.61, 92.78], [94.57, 94.56, 94.38, 94.37, 94.36, 94.4, 94.52, 94.7, 95.0, 94.47, 94.0, 94.0, 94.0, 94.0, 92.8, 93.04, 92.79, 92.68, 92.74, 92.84], [94.0, 94.0, 94.0, 94.47, 94.4, 94.23, 94.35, 94.52, 95.0, 95.0, 94.0, 94.0, 94.0, 94.0, 92.8, 93.13, 92.96, 92.88, 92.88, 92.91], [94.0, 94.0, 94.0, 94.0, 94.0, 94.0, 94.0, 94.0, 94.35, 95.0, -999.0, 94.0, 94.0, 94.0, 92.78, 93.19, 93.07, 93.0, 92.99, 93.0], [94.0, 94.0, 94.0, 94.0, 94.0, 94.0, 94.0, 94.0, 94.0, -999.0, -999.0, 94.0, 94.0, 94.0, 92.76, 93.26, 93.19, 95.98, 95.88, 95.86], [94.0, 94.0, 94.0, 94.0, 94.0, 94.0, 94.0, 94.0, 94.0, 94.0, -999.0, 94.0, 94.0, 97.26, 95.83, 94.55, 94.5, 95.36, 95.24, 95.16], [94.0, 94.0, 94.0, 94.0, 94.0, 94.0, 94.0, 94.0, 94.0, 94.0, -999.0, 99.0, 99.0, 99.0, 96.25, 95.13, 95.02, 95.9, 95.71, 95.57], [94.0, 94.0, 94.0, 94.0, 94.0, 94.0, 94.0, 94.0, 94.0, 94.0, 94.0, 95.92, 99.0, 99.0, 99.0, 95.8, 95.59, 96.39, 96.14, 95.93], [94.0, 94.0, 94.0, 94.0, 94.0, 94.0, 94.0, 94.0, 94.0, 94.0, 97.15, 96.79, 97.27, 97.68, 97.22, 97.9, 97.73, 98.03, 96.37, 96.18], [94.0, 94.0, 94.0, 94.0, 94.0, 94.0, 94.0, 94.0, 94.0, 94.0, 96.15, 96.77, 97.42, 98.02, 98.07, 98.25, 97.99, 97.78, 97.63, 97.53], [94.0, 94.0, 94.0, 94.0, 94.0, 94.0, 94.0, 94.0, 94.0, 95.27, 95.94, 96.69, 97.47, 98.02, 98.86, 98.34, 97.96, 97.72, 97.56, 97.46], [94.0, 94.0, 94.0, 94.0, 94.0, 94.0, 94.0, 94.0, 94.45, 94.97, 95.81, 96.45, 97.09, 97.71, 98.39, 98.11, 97.8, 97.58, 97.45, 97.37], [94.0, 94.0, 95.14, 95.09, 95.01, 94.91, 94.75, 94.33, 94.69, 95.21, 95.79, 96.33, 96.84, 97.23, 97.89, 97.74, 97.54, 97.39, 97.3, 97.26], [95.22, 95.19, 95.15, 94.83, 94.79, 94.73, 94.65, 94.57, 95.25, 95.5, 95.87, 96.26, 96.62, 97.58, 97.51, 97.38, 97.24, 97.16, 97.13, 97.14], [94.93, 94.92, 94.91, 94.9, 94.88, 94.86, 94.84, 94.69, 95.59, 95.74, 95.96, 96.21, 97.06, 97.34, 97.22, 97.07, 96.95, 96.93, 96.97, 97.02], [94.97, 94.97, 94.97, 94.73, 94.75, 94.77, 94.82, 94.88, 94.95, 94.99, 94.97, 95.41, 96.3, 97.16, 97.02, 96.83, 96.65, 96.71, 96.84, 96.94], [94.71, 94.72, 94.74, 94.76, 94.8, 94.85, 94.93, 95.05, 95.2, 95.27, 95.16, 95.5, 96.29, 96.34, 96.37, 96.71, 96.3, 96.65, 96.8, 96.89], [94.72, 94.74, 94.76, 94.79, 94.83, 94.89, 94.99, 95.16, 95.44, 95.67, 95.32, 95.46, 95.43, 96.34, 96.38, 96.43, 96.72, 96.82, 96.82, 96.88], [94.73, 94.75, 94.77, 94.79, 94.84, 94.9, 94.99, 95.14, 95.4, 95.61, 95.5, 95.36, 95.34, 96.34, 96.39, 96.14, 96.3, 96.36, 96.85, 96.9], [94.73, 94.75, 94.77, 94.79, 94.82, 94.87, 94.93, 95.01, 95.1, 95.1, 95.2, 95.16, 95.2, 95.61, 95.83, 96.01, 96.14, 96.19, 96.18, 96.14], [94.73, 94.74, 94.76, 94.78, 94.8, 94.82, 94.85, 94.85, 94.81, 94.89, 94.78, 95.03, 95.25, 95.47, 95.69, 95.87, 95.99, 96.06, 96.07, 96.06], [94.73, 94.74, 94.75, 94.76, 94.77, 94.77, 94.77, 94.73, 94.62, 94.53, 94.29, 94.76, 95.1, 95.35, 95.57, 95.74, 95.86, 95.94, 95.98, 95.99], [94.72, 94.73, 94.74, 94.74, 94.74, 94.73, 94.71, 94.65, 94.9, 94.61, 94.44, 94.75, 95.05, 95.28, 95.48, 95.65, 95.76, 95.84, 95.89, 95.91], [94.72, 94.72, 94.72, 94.72, 94.72, 94.7, 94.67, 94.62, 94.95, 94.81, 94.77, 94.89, 95.08, 95.27, 95.43, 95.58, 95.69, 95.77, 95.82, 95.85], [94.71, 94.71, 94.71, 94.71, 94.7, 94.68, 94.66, 95.12, 95.04, 94.97, 94.96, 95.03, 95.15, 95.28, 95.41, 95.53, 95.63, 95.71, 95.76, 95.8]]}