gis_exercise/awsData/contour/humi_2023091416.json
{"header": {"refTime": "2023-09-14T16:00:00.000Z", "nx": 21, "ny": 33, "lo1": 113.509, "la1": 22.2235, "lo2": 113.5947, "la2": 22.1034, "dx": 0.0042850000000001385, "dy": 0.003753125000000024, "parameterCategory": 0, "parameterCategoryName": "Temperature", "parameterNumber": 0}, "z": [[88.4, 88.43, 88.46, 90.8, 90.72, 88.77, 88.78, 88.79, 88.78, 90.1, 90.18, 90.23, 88.84, 88.84, 89.16, 89.25, 89.6, 89.67, 89.72, 89.76], [88.39, 88.41, 88.45, 88.49, 90.7, 90.57, 88.8, 88.83, 88.84, 89.94, 90.11, 90.16, 88.8, 88.8, 89.14, 89.52, 89.63, 89.71, 89.77, 89.8], [88.36, 88.39, 88.42, 88.47, 90.72, 90.58, 90.36, 88.86, 88.96, 89.82, 90.1, 90.09, 88.73, 88.74, 89.36, 89.53, 89.68, 89.78, 89.84, 89.86], [88.33, 88.36, 88.39, 88.43, 88.49, 90.65, 90.48, 90.2, 89.94, 90.12, 90.24, 89.95, 88.58, 90.04, 89.33, 89.57, 89.76, 89.88, 89.93, 89.94], [88.3, 88.32, 88.34, 88.38, 88.44, 90.75, 90.68, 90.63, 90.72, 90.76, 90.61, 89.95, 88.81, 89.77, 89.35, 89.67, 89.92, 90.04, 90.07, 90.04], [88.26, 88.27, 88.28, 88.32, 88.37, 88.45, 90.8, 90.84, 91.13, 91.74, 91.61, 90.52, 89.57, 88.67, 89.48, 89.84, 90.16, 90.29, 90.23, 90.13], [87.89, 88.21, 88.21, 88.23, 88.27, 88.36, 90.27, 90.67, 90.95, 92.42, 93.11, 91.45, 89.14, 89.02, 89.65, 90.01, 90.48, 90.66, 90.45, 90.26], [87.86, 87.85, 87.84, 87.85, 87.9, 89.83, 90.01, 89.97, 89.85, 92.71, 94.74, 91.84, 91.81, 88.99, 90.63, 90.52, 90.74, 90.82, 90.69, 90.61], [88.15, 88.12, 87.76, 87.73, 87.72, 87.8, 88.04, 90.06, 91.23, 92.2, 93.69, 92.81, 92.38, 92.95, 90.6, 90.48, 90.61, 90.66, 90.63, 90.58], [87.0, 87.0, 87.0, 87.94, 87.8, 87.45, 87.7, 88.04, 92.98, 92.59, 92.35, 93.36, 93.04, 93.19, 90.6, 90.44, 90.52, 90.56, 90.56, 90.54], [87.0, 87.0, 87.0, 87.0, 87.0, 87.0, 87.0, 87.0, 87.71, 91.39, 96.0, 93.71, 93.44, 93.43, 90.61, 90.4, 90.46, 90.5, 90.51, 90.5], [87.0, 87.0, 87.0, 87.0, 87.0, 87.0, 87.0, 87.0, 87.0, -999.0, 96.0, 90.0, 90.0, 93.61, 90.62, 90.37, 90.41, 93.84, 93.77, 93.76], [87.0, 87.0, 87.0, 87.0, 87.0, 87.0, 87.0, 87.0, 87.0, 87.0, -999.0, 90.0, 90.0, 93.92, 92.19, 92.82, 92.78, 93.4, 93.31, 93.26], [87.0, 87.0, 87.0, 87.0, 87.0, 87.0, 87.0, 87.0, 87.0, 87.0, -999.0, 96.0, 96.0, 96.0, 92.7, 93.24, 93.16, 93.78, 93.65, 93.55], [87.0, 87.0, 87.0, 87.0, 87.0, 87.0, 87.0, 89.0, 89.0, 89.0, 89.0, 91.69, 96.0, 96.0, 96.0, 93.71, 93.56, 94.14, 93.96, 93.81], [87.0, 87.0, 88.26, 88.28, 88.32, 89.0, 89.0, 89.0, 89.0, 89.0, 93.4, 92.91, 93.58, 94.15, 93.51, 94.9, 94.73, 95.03, 93.89, 93.73], [88.28, 88.3, 87.71, 87.74, 89.0, 89.0, 89.0, 89.0, 89.0, 89.0, 92.01, 92.88, 93.79, 94.63, 94.83, 95.25, 94.99, 94.78, 94.63, 94.53], [87.71, 87.74, 87.77, 87.83, 89.0, 89.0, 89.0, 89.0, 89.0, 90.78, 91.72, 92.77, 93.86, 94.76, 95.83, 95.34, 94.96, 94.72, 94.56, 94.46], [87.75, 87.79, 87.83, 89.0, 89.0, 89.0, 89.0, 89.0, 89.63, 90.36, 91.94, 92.86, 93.54, 94.38, 95.39, 95.11, 94.8, 94.58, 94.45, 94.37], [87.78, 87.81, 91.86, 91.72, 91.53, 91.27, 90.86, 89.82, 90.21, 91.07, 92.0, 92.77, 93.24, 93.8, 94.89, 94.74, 94.54, 94.39, 94.3, 94.26], [92.05, 91.98, 91.88, 91.07, 90.96, 90.82, 90.63, 90.43, 91.26, 91.68, 92.24, 92.79, 93.0, 94.58, 94.51, 94.38, 94.24, 94.16, 94.13, 94.14], [91.33, 91.31, 91.28, 91.25, 91.2, 91.15, 91.11, 90.91, 92.01, 92.25, 92.56, 92.88, 94.39, 94.34, 94.22, 94.07, 93.95, 93.93, 93.97, 94.02], [91.42, 91.42, 91.42, 91.07, 91.11, 91.16, 91.26, 91.4, 91.57, 91.68, 91.64, 92.26, 93.67, 94.16, 94.02, 93.83, 93.65, 93.71, 93.84, 93.94], [91.07, 91.09, 91.13, 91.18, 91.25, 91.37, 91.55, 91.83, 92.18, 92.35, 92.12, 92.76, 93.68, 93.62, 93.56, 93.71, 93.3, 93.65, 93.8, 93.89], [91.11, 91.14, 91.19, 91.25, 91.35, 91.5, 91.73, 92.11, 92.75, 93.28, 92.51, 92.72, 92.56, 93.63, 93.58, 93.54, 93.72, 93.82, 93.82, 93.88], [91.14, 91.18, 91.23, 91.3, 91.4, 91.54, 91.76, 92.11, 92.69, 93.16, 92.88, 92.53, 92.4, 93.65, 93.61, 92.99, 93.2, 93.27, 93.85, 93.9], [91.16, 91.2, 91.25, 91.31, 91.4, 91.51, 91.66, 91.86, 92.07, 92.09, 92.28, 92.14, 92.15, 92.25, 92.56, 92.8, 92.97, 93.05, 93.04, 92.99], [91.17, 91.2, 91.25, 91.3, 91.36, 91.43, 91.5, 91.55, 91.5, 91.68, 91.47, 91.77, 92.08, 92.35, 92.36, 92.61, 92.77, 92.86, 92.89, 92.88], [91.17, 91.2, 91.23, 91.27, 91.31, 91.34, 91.35, 91.3, 91.12, 91.0, 90.5, 91.29, 91.82, 92.16, 92.19, 92.43, 92.6, 92.7, 92.75, 92.77], [91.17, 91.19, 91.22, 91.24, 91.26, 91.27, 91.24, 91.15, 91.56, 91.06, 90.75, 91.25, 91.72, 92.06, 92.07, 92.3, 92.46, 92.57, 92.64, 92.67], [91.16, 91.18, 91.2, 91.21, 91.22, 91.21, 91.17, 91.09, 91.63, 91.38, 91.29, 91.48, 91.77, 92.04, 92.0, 92.2, 92.36, 92.47, 92.54, 92.58], [91.15, 91.17, 91.18, 91.18, 91.18, 91.17, 91.13, 91.9, 91.76, 91.63, 91.6, 91.7, 91.87, 92.06, 91.97, 92.14, 92.28, 92.38, 92.46, 92.51]]}