gis_exercise/awsData/contour/humi_2023090519.json
{"header": {"refTime": "2023-09-05T19:00:00.000Z", "nx": 21, "ny": 33, "lo1": 113.509, "la1": 22.2235, "lo2": 113.5947, "la2": 22.1034, "dx": 0.0042850000000001385, "dy": 0.003753125000000024, "parameterCategory": 0, "parameterCategoryName": "Temperature", "parameterNumber": 0}, "z": [[58.4, 58.43, 58.46, 59.26, 59.25, 58.3, 58.34, 58.37, 58.35, 58.43, 58.29, 58.15, 57.57, 57.49, 58.05, 58.13, 57.96, 58.05, 58.12, 58.16], [58.39, 58.41, 58.45, 58.49, 59.24, 59.22, 58.4, 58.49, 58.53, 58.52, 58.29, 58.07, 57.46, 57.39, 57.97, 57.85, 58.0, 58.11, 58.19, 58.23], [58.36, 58.39, 58.42, 58.47, 59.25, 59.23, 59.19, 58.59, 58.89, 58.59, 58.23, 57.91, 57.28, 57.24, 57.64, 57.87, 58.07, 58.2, 58.28, 58.32], [58.33, 58.36, 58.39, 58.43, 58.49, 59.24, 59.21, 59.17, 59.13, 58.51, 58.12, 57.64, 56.97, 57.25, 57.6, 57.93, 58.19, 58.35, 58.42, 58.43], [58.3, 58.32, 58.34, 58.38, 58.44, 59.25, 59.24, 59.23, 59.25, 58.44, 58.06, 57.17, 56.5, 57.1, 57.63, 58.07, 58.41, 58.59, 58.62, 58.57], [58.26, 58.27, 58.28, 58.32, 58.37, 58.45, 59.26, 59.26, 59.3, 59.39, 58.08, 57.52, 56.98, 56.67, 57.78, 58.29, 58.76, 58.95, 58.86, 58.71], [57.89, 58.21, 58.21, 58.23, 58.27, 58.36, 58.75, 59.24, 59.28, 59.27, 59.3, 58.13, 57.14, 57.02, 57.99, 58.52, 59.23, 59.49, 59.26, 59.01], [57.86, 57.85, 57.84, 57.85, 57.9, 58.47, 58.66, 58.89, 59.06, 59.34, 59.69, 58.61, 58.6, 56.99, 59.26, 59.04, 59.48, 59.63, 59.39, 59.22], [58.15, 58.12, 57.76, 57.73, 57.72, 57.8, 58.04, 58.74, 59.32, 59.21, 59.23, 58.94, 58.79, 58.98, 59.2, 58.96, 59.21, 59.32, 59.26, 59.16], [57.0, 57.0, 57.0, 57.94, 57.8, 57.45, 57.7, 58.04, 59.57, 59.51, 58.78, 59.12, 59.01, 59.06, 59.2, 58.87, 59.04, 59.12, 59.12, 59.09], [57.0, 57.0, 57.0, 57.0, 57.0, 57.0, 57.0, 57.0, 57.71, 59.34, 60.0, 59.24, 59.15, 59.14, 59.22, 58.81, 58.93, 59.0, 59.01, 59.0], [57.0, 57.0, 57.0, 57.0, 57.0, 57.0, 57.0, 57.0, 57.0, -999.0, 60.0, 58.0, 58.0, 59.2, 59.24, 58.74, 58.81, 67.39, 67.21, 67.17], [57.0, 57.0, 57.0, 57.0, 57.0, 57.0, 57.0, 57.0, 57.0, 57.0, -999.0, 58.0, 58.0, 67.79, 63.48, 64.73, 64.64, 66.24, 66.01, 65.87], [57.0, 57.0, 57.0, 57.0, 57.0, 57.0, 57.0, 57.0, 57.0, 57.0, -999.0, 73.0, 73.0, 73.0, 64.75, 65.82, 65.61, 67.24, 66.89, 66.62], [57.0, 57.0, 57.0, 57.0, 57.0, 57.0, 57.0, 60.0, 60.0, 60.0, 60.0, 64.99, 73.0, 73.0, 73.0, 67.05, 66.66, 68.16, 67.69, 67.31], [57.0, 57.0, 58.89, 58.92, 58.98, 60.0, 60.0, 60.0, 60.0, 60.0, 68.18, 67.25, 68.51, 69.57, 68.37, 69.7, 69.2, 70.08, 67.18, 66.76], [58.93, 58.94, 58.06, 58.11, 60.0, 60.0, 60.0, 60.0, 60.0, 60.0, 65.59, 67.2, 68.9, 70.46, 70.45, 72.59, 72.45, 72.35, 72.3, 72.27], [58.07, 58.11, 58.16, 58.24, 60.0, 60.0, 60.0, 60.0, 60.0, 63.3, 65.05, 67.0, 69.03, 70.34, 72.63, 72.62, 72.41, 72.29, 72.24, 72.23], [58.13, 58.18, 58.25, 60.0, 60.0, 60.0, 60.0, 60.0, 61.17, 62.53, 63.56, 65.17, 67.81, 69.47, 72.63, 72.46, 72.28, 72.18, 72.16, 72.18], [58.17, 58.22, 59.43, 59.46, 59.49, 59.55, 59.63, 59.84, 61.11, 62.06, 63.3, 64.64, 67.11, 68.13, 72.29, 72.17, 72.05, 72.01, 72.05, 72.12], [59.39, 59.4, 59.42, 59.59, 59.61, 59.64, 59.67, 59.71, 61.78, 62.28, 63.09, 64.09, 66.49, 72.1, 71.98, 71.82, 71.72, 71.78, 71.94, 72.08], [59.53, 59.54, 59.54, 59.55, 59.56, 59.57, 59.58, 59.48, 61.91, 62.21, 62.76, 63.52, 65.56, 71.92, 71.7, 71.4, 71.22, 71.46, 71.86, 72.11], [59.52, 59.52, 59.52, 59.38, 59.39, 59.39, 59.38, 59.36, 59.33, 59.31, 59.3, 60.61, 66.89, 71.82, 71.51, 70.92, 70.16, 71.08, 71.99, 72.26], [59.35, 59.35, 59.35, 59.35, 59.34, 59.33, 59.3, 59.27, 59.22, 59.19, 59.21, 60.23, 66.66, 67.95, 68.96, 70.92, 67.64, 72.24, 72.67, 72.55], [59.34, 59.33, 59.33, 59.32, 59.3, 59.28, 59.25, 59.2, 59.13, 59.07, 59.14, 60.07, 60.51, 67.93, 69.16, 70.28, 73.27, 75.3, 73.36, 72.82], [59.32, 59.31, 59.3, 59.29, 59.27, 59.25, 59.22, 59.17, 59.11, 59.06, 59.6, 59.96, 60.36, 67.87, 69.14, 70.34, 71.69, 72.34, 73.26, 72.89], [59.31, 59.3, 59.29, 59.27, 59.25, 59.23, 59.2, 59.16, 59.13, 59.11, 59.64, 59.88, 60.21, 67.39, 68.61, 69.7, 70.59, 71.03, 70.93, 70.6], [59.3, 59.29, 59.27, 59.26, 59.24, 59.21, 59.19, 59.16, 59.13, 59.51, 59.52, 62.09, 63.51, 65.14, 67.92, 68.94, 69.69, 70.11, 70.21, 70.11], [59.29, 59.27, 59.26, 59.25, 59.23, 59.2, 59.18, 59.15, 59.12, 59.37, 59.81, 61.47, 63.06, 64.6, 67.28, 68.26, 68.96, 69.39, 69.6, 69.63], [59.28, 59.27, 59.25, 59.24, 59.22, 59.2, 59.18, 59.15, 61.48, 60.77, 60.37, 61.55, 62.95, 64.29, 66.82, 67.72, 68.38, 68.82, 69.08, 69.21], [59.27, 59.26, 59.25, 59.23, 59.22, 59.2, 59.18, 59.16, 61.87, 61.54, 61.54, 62.17, 63.15, 64.21, 66.55, 67.34, 67.95, 68.38, 68.67, 68.84], [59.27, 59.26, 59.25, 59.23, 59.22, 59.2, 59.18, 62.52, 62.32, 62.21, 62.33, 62.77, 63.46, 64.27, 66.43, 67.1, 67.63, 68.04, 68.33, 68.53]]}