gis_exercise/awsData/contour/humi_2023090614.json
{"header": {"refTime": "2023-09-06T14:00:00.000Z", "nx": 21, "ny": 33, "lo1": 113.509, "la1": 22.2235, "lo2": 113.5947, "la2": 22.1034, "dx": 0.0042850000000001385, "dy": 0.003753125000000024, "parameterCategory": 0, "parameterCategoryName": "Temperature", "parameterNumber": 0}, "z": [[71.74, 71.87, 72.04, 73.75, 73.86, 72.39, 72.64, 72.87, 72.89, 72.89, 72.3, 71.73, 69.87, 69.53, 70.72, 70.74, 68.4, 68.54, 68.65, 68.72], [71.65, 71.78, 71.95, 72.17, 73.83, 74.02, 72.89, 73.43, 73.73, 73.34, 72.34, 71.5, 69.54, 69.21, 70.46, 68.25, 68.47, 68.65, 68.77, 68.83], [71.54, 71.65, 71.81, 72.03, 73.76, 73.95, 74.27, 73.88, 75.45, 73.72, 72.15, 71.0, 68.99, 68.74, 67.95, 68.29, 68.6, 68.81, 68.94, 68.99], [71.39, 71.49, 71.62, 71.81, 72.09, 73.77, 74.02, 74.46, 74.87, 73.14, 71.6, 70.12, 68.11, 67.61, 67.91, 68.4, 68.81, 69.07, 69.18, 69.18], [71.23, 71.29, 71.38, 71.53, 71.74, 73.5, 73.6, 73.75, 73.85, 72.27, 71.03, 67.56, 66.64, 67.39, 67.94, 68.61, 69.17, 69.47, 69.51, 69.42], [71.04, 71.06, 71.11, 71.19, 71.34, 71.53, 73.13, 73.06, 73.06, 73.13, 68.96, 68.02, 67.23, 66.33, 68.11, 68.96, 69.77, 70.11, 69.93, 69.66], [68.79, 70.81, 70.79, 70.81, 70.88, 71.02, 70.5, 72.41, 72.33, 71.14, 71.08, 68.72, 66.57, 66.51, 68.32, 69.31, 70.59, 71.06, 70.89, 70.51], [68.71, 68.69, 68.68, 68.7, 68.79, 69.94, 70.32, 70.78, 70.99, 71.36, 72.14, 68.84, 68.81, 66.5, 70.14, 69.6, 70.69, 71.08, 70.46, 70.04], [69.29, 69.23, 68.52, 68.46, 68.44, 68.59, 69.08, 70.49, 71.64, 71.0, 70.69, 69.81, 69.38, 69.95, 70.01, 69.39, 70.03, 70.3, 70.15, 69.91], [67.0, 67.0, 67.0, 68.87, 68.61, 67.91, 68.39, 69.08, 72.14, 72.03, 69.35, 70.36, 70.04, 70.19, 70.0, 69.19, 69.59, 69.8, 69.81, 69.72], [67.0, 67.0, 67.0, 67.0, 67.0, 67.0, 67.0, 67.0, 68.42, 71.68, 73.0, 70.71, 70.44, 70.43, 70.06, 69.02, 69.32, 69.49, 69.53, 69.5], [67.0, 67.0, 67.0, 67.0, 67.0, 67.0, 67.0, 67.0, 67.0, -999.0, 73.0, 67.0, 67.0, 70.61, 70.11, 68.85, 69.03, 71.43, 71.45, 71.45], [67.0, 67.0, 67.0, 67.0, 67.0, 67.0, 67.0, 67.0, 67.0, 67.0, -999.0, 67.0, 67.0, 69.61, 68.46, 71.64, 71.64, 71.52, 71.54, 71.55], [67.0, 67.0, 67.0, 67.0, 67.0, 67.0, 67.0, 67.0, 67.0, 67.0, -999.0, 71.0, 71.0, 71.0, 68.8, 71.55, 71.57, 71.44, 71.47, 71.49], [67.0, 67.0, 67.0, 67.0, 67.0, 67.0, 67.0, 66.0, 66.0, 66.0, 66.0, 67.92, 71.0, 71.0, 71.0, 71.46, 71.49, 71.37, 71.41, 71.44], [67.0, 67.0, 66.37, 66.36, 66.34, 66.0, 66.0, 66.0, 66.0, 66.0, 69.15, 68.79, 69.27, 69.68, 69.22, 70.27, 70.16, 70.35, 70.71, 70.7], [66.36, 66.35, 66.65, 66.63, 66.0, 66.0, 66.0, 66.0, 66.0, 66.0, 68.15, 68.77, 69.42, 70.02, 70.18, 71.11, 71.15, 71.19, 71.22, 71.25], [66.64, 66.63, 66.61, 66.59, 66.0, 66.0, 66.0, 66.0, 66.0, 67.27, 67.94, 68.69, 69.47, 70.13, 70.88, 71.09, 71.15, 71.19, 71.23, 71.26], [66.62, 66.61, 66.58, 66.0, 66.0, 66.0, 66.0, 66.0, 66.45, 66.97, 68.18, 68.84, 69.27, 69.86, 71.08, 71.12, 71.16, 71.2, 71.24, 71.27], [66.61, 66.59, 68.29, 68.17, 68.03, 67.81, 67.49, 66.66, 66.91, 67.56, 68.23, 68.79, 69.06, 69.46, 71.13, 71.14, 71.17, 71.21, 71.25, 71.29], [68.44, 68.38, 68.31, 67.65, 67.57, 67.45, 67.3, 67.14, 67.72, 68.02, 68.44, 68.83, 68.9, 71.17, 71.16, 71.15, 71.16, 71.21, 71.27, 71.32], [67.86, 67.85, 67.82, 67.8, 67.76, 67.72, 67.69, 67.56, 68.31, 68.48, 68.71, 68.93, 70.04, 71.19, 71.16, 71.11, 71.09, 71.18, 71.3, 71.36], [67.94, 67.94, 67.94, 67.71, 67.73, 67.78, 67.85, 67.96, 68.1, 68.18, 68.15, 68.56, 70.85, 71.22, 71.16, 71.03, 70.84, 71.12, 71.38, 71.44], [67.71, 67.73, 67.76, 67.8, 67.85, 67.94, 68.09, 68.31, 68.58, 68.71, 68.54, 69.01, 70.84, 70.96, 71.03, 71.07, 70.11, 71.53, 71.62, 71.55], [67.75, 67.77, 67.81, 67.86, 67.94, 68.05, 68.24, 68.53, 69.03, 69.44, 68.85, 68.98, 68.85, 70.99, 71.12, 71.26, 71.85, 72.49, 71.85, 71.65], [67.77, 67.8, 67.84, 67.9, 67.98, 68.09, 68.27, 68.54, 68.99, 69.35, 69.13, 68.85, 68.73, 71.01, 71.17, 70.92, 71.36, 71.57, 71.8, 71.66], [67.79, 67.82, 67.86, 67.91, 67.98, 68.08, 68.2, 68.36, 68.52, 68.54, 68.68, 68.56, 68.56, 69.9, 70.32, 70.69, 70.99, 71.13, 71.1, 70.99], [67.8, 67.83, 67.87, 67.91, 67.96, 68.02, 68.08, 68.12, 68.1, 68.24, 68.07, 68.92, 69.42, 69.93, 70.08, 70.43, 70.68, 70.82, 70.86, 70.83], [67.81, 67.83, 67.86, 67.89, 67.93, 67.96, 67.97, 67.94, 67.81, 67.73, 67.53, 68.44, 69.14, 69.69, 69.86, 70.19, 70.43, 70.58, 70.65, 70.67], [67.81, 67.83, 67.85, 67.87, 67.89, 67.9, 67.89, 67.83, 68.64, 68.13, 67.82, 68.43, 69.04, 69.55, 69.7, 70.01, 70.24, 70.39, 70.48, 70.52], [67.8, 67.82, 67.84, 67.85, 67.86, 67.86, 67.83, 67.78, 68.77, 68.52, 68.45, 68.72, 69.12, 69.52, 69.61, 69.88, 70.09, 70.24, 70.34, 70.39], [67.8, 67.81, 67.82, 67.83, 67.83, 67.83, 67.8, 69.1, 68.95, 68.84, 68.84, 68.99, 69.26, 69.55, 69.57, 69.8, 69.98, 70.12, 70.22, 70.29]]}