gis_exercise/awsData/contour/humi_2023091315.json
{"header": {"refTime": "2023-09-13T15:00:00.000Z", "nx": 21, "ny": 33, "lo1": 113.509, "la1": 22.2235, "lo2": 113.5947, "la2": 22.1034, "dx": 0.0042850000000001385, "dy": 0.003753125000000024, "parameterCategory": 0, "parameterCategoryName": "Temperature", "parameterNumber": 0}, "z": [[80.26, 80.25, 80.23, 80.96, 80.86, 79.34, 79.26, 79.18, 79.09, 78.82, 78.72, 78.61, 77.33, 77.24, 78.62, 78.78, 78.4, 78.54, 78.65, 78.72], [80.27, 80.26, 80.25, 80.22, 80.88, 80.72, 79.3, 79.18, 79.08, 78.85, 78.69, 78.51, 77.23, 77.14, 78.54, 78.25, 78.47, 78.65, 78.77, 78.83], [80.28, 80.28, 80.27, 80.25, 80.94, 80.78, 80.5, 79.2, 79.03, 78.88, 78.64, 78.35, 77.05, 76.99, 77.95, 78.29, 78.6, 78.81, 78.94, 78.99], [80.29, 80.29, 80.3, 80.3, 80.29, 80.93, 80.71, 80.33, 79.99, 78.89, 78.58, 78.06, 76.77, 77.41, 77.91, 78.4, 78.81, 79.07, 79.18, 79.18], [80.29, 80.31, 80.33, 80.35, 80.38, 81.15, 81.06, 80.94, 80.87, 79.02, 78.64, 77.37, 76.57, 77.22, 77.94, 78.61, 79.17, 79.47, 79.51, 79.42], [80.29, 80.31, 80.34, 80.38, 80.46, 80.58, 81.45, 81.51, 81.53, 81.53, 78.57, 77.76, 77.08, 76.33, 78.11, 78.96, 79.77, 80.11, 79.93, 79.66], [80.79, 80.29, 80.32, 80.38, 80.48, 80.68, 81.74, 82.02, 82.1, 81.36, 80.92, 78.39, 76.57, 76.51, 78.32, 79.31, 80.59, 81.06, 80.89, 80.51], [80.71, 80.69, 80.68, 80.7, 80.79, 81.26, 81.64, 82.24, 82.54, 81.51, 81.49, 78.54, 78.51, 76.5, 80.14, 79.6, 80.69, 81.08, 80.46, 80.04], [81.29, 81.23, 80.52, 80.46, 80.44, 80.59, 81.08, 81.83, 82.68, 81.29, 80.08, 79.34, 78.98, 79.46, 80.01, 79.39, 80.03, 80.3, 80.15, 79.91], [79.0, 79.0, 79.0, 80.87, 80.61, 79.91, 80.39, 81.08, 82.43, 82.49, 78.96, 79.8, 79.53, 79.66, 80.0, 79.19, 79.59, 79.8, 79.81, 79.72], [79.0, 79.0, 79.0, 79.0, 79.0, 79.0, 79.0, 79.0, 80.42, 82.66, 82.0, 80.09, 79.87, 79.85, 80.06, 79.02, 79.32, 79.49, 79.53, 79.5], [79.0, 79.0, 79.0, 79.0, 79.0, 79.0, 79.0, 79.0, 79.0, -999.0, 82.0, 77.0, 77.0, 80.01, 80.11, 78.85, 79.03, 84.84, 84.77, 84.76], [79.0, 79.0, 79.0, 79.0, 79.0, 79.0, 79.0, 79.0, 79.0, 79.0, -999.0, 77.0, 77.0, 83.53, 80.66, 83.82, 83.78, 84.4, 84.31, 84.26], [79.0, 79.0, 79.0, 79.0, 79.0, 79.0, 79.0, 79.0, 79.0, 79.0, -999.0, 87.0, 87.0, 87.0, 81.5, 84.24, 84.16, 84.78, 84.65, 84.55], [79.0, 79.0, 79.0, 79.0, 79.0, 79.0, 79.0, 77.0, 77.0, 77.0, 77.0, 80.84, 87.0, 87.0, 87.0, 84.71, 84.56, 85.14, 84.96, 84.81], [79.0, 79.0, 77.74, 77.72, 77.68, 77.0, 77.0, 77.0, 77.0, 77.0, 83.29, 82.58, 83.55, 84.36, 83.44, 86.63, 86.58, 86.68, 85.43, 85.32], [77.72, 77.7, 78.29, 78.26, 77.0, 77.0, 77.0, 77.0, 77.0, 77.0, 81.3, 82.54, 83.85, 85.05, 85.7, 85.72, 85.26, 84.9, 84.63, 84.43], [78.29, 78.26, 78.23, 78.17, 77.0, 77.0, 77.0, 77.0, 77.0, 79.54, 80.88, 82.38, 83.94, 85.58, 86.82, 85.87, 85.23, 84.8, 84.52, 84.32], [78.25, 78.21, 78.17, 77.0, 77.0, 77.0, 77.0, 77.0, 77.9, 78.95, 81.37, 82.68, 84.08, 85.18, 85.97, 85.51, 84.98, 84.59, 84.34, 84.17], [78.22, 78.19, 81.57, 81.35, 81.06, 80.63, 79.98, 78.32, 78.83, 80.11, 81.47, 82.59, 83.79, 84.6, 85.16, 84.91, 84.57, 84.29, 84.1, 83.97], [81.88, 81.76, 81.61, 80.31, 80.14, 79.91, 79.6, 79.28, 80.43, 81.05, 81.88, 82.65, 83.62, 84.64, 84.56, 84.38, 84.16, 83.96, 83.82, 83.75], [80.73, 80.69, 80.65, 80.59, 80.53, 80.45, 80.37, 79.77, 81.61, 81.97, 82.41, 82.85, 86.03, 84.24, 84.13, 83.99, 83.85, 83.67, 83.53, 83.5], [80.87, 80.87, 80.88, 79.91, 79.99, 80.1, 80.27, 80.52, 80.81, 80.97, 80.88, 82.91, 83.56, 83.95, 83.83, 83.77, 83.83, 83.44, 83.2, 83.24], [79.85, 79.9, 79.96, 80.05, 80.18, 80.39, 80.71, 81.19, 81.8, 82.08, 81.66, 83.25, 83.58, 83.37, 83.23, 83.53, 84.56, 82.66, 82.72, 82.98], [79.89, 79.95, 80.03, 80.14, 80.31, 80.56, 80.96, 81.62, 82.75, 83.69, 82.3, 83.07, 83.03, 83.33, 83.11, 82.88, 82.22, 81.28, 82.38, 82.81], [79.92, 79.98, 80.06, 80.18, 80.34, 80.58, 80.95, 81.56, 82.6, 83.44, 83.12, 82.63, 82.62, 83.31, 83.04, 81.53, 81.45, 81.31, 82.5, 82.81], [79.93, 79.99, 80.06, 80.16, 80.3, 80.48, 80.72, 81.05, 81.4, 81.4, 81.94, 81.81, 82.04, 80.52, 80.93, 81.2, 81.29, 81.3, 81.32, 81.33], [79.93, 79.98, 80.04, 80.11, 80.2, 80.29, 80.38, 80.41, 80.26, 80.67, 80.24, 79.66, 79.87, 79.94, 80.61, 80.92, 81.08, 81.16, 81.2, 81.22], [79.91, 79.95, 79.99, 80.04, 80.08, 80.1, 80.06, 79.9, 79.47, 79.21, 77.76, 78.88, 79.47, 79.73, 80.35, 80.67, 80.88, 81.0, 81.07, 81.11], [79.89, 79.92, 79.94, 79.96, 79.96, 79.93, 79.83, 79.61, 79.4, 78.61, 78.11, 78.78, 79.32, 79.61, 80.17, 80.48, 80.7, 80.85, 80.94, 81.0], [79.87, 79.88, 79.89, 79.89, 79.87, 79.81, 79.7, 79.49, 79.44, 79.04, 78.86, 79.06, 79.36, 79.58, 80.06, 80.35, 80.57, 80.72, 80.82, 80.89], [79.84, 79.85, 79.85, 79.83, 79.8, 79.74, 79.63, 79.8, 79.57, 79.35, 79.26, 79.32, 79.47, 79.62, 80.02, 80.27, 80.47, 80.62, 80.72, 80.8]]}