gis_exercise/awsData/contour/humi_2023090511.json
{"header": {"refTime": "2023-09-05T11:00:00.000Z", "nx": 21, "ny": 33, "lo1": 113.509, "la1": 22.2235, "lo2": 113.5947, "la2": 22.1034, "dx": 0.0042850000000001385, "dy": 0.003753125000000024, "parameterCategory": 0, "parameterCategoryName": "Temperature", "parameterNumber": 0}, "z": [[58.18, 58.23, 58.31, 59.2, 59.26, 58.09, 58.22, 58.33, 58.32, 58.12, 57.67, 57.22, 56.42, 56.22, 55.8, 55.68, 54.27, 54.27, 54.27, 54.27], [58.14, 58.19, 58.27, 58.36, 59.24, 59.32, 58.36, 58.63, 58.77, 58.45, 57.7, 57.04, 56.22, 56.03, 55.64, 54.26, 54.26, 54.26, 54.26, 54.26], [58.09, 58.14, 58.21, 58.3, 59.2, 59.29, 59.43, 58.88, 59.7, 58.71, 57.56, 56.66, 55.88, 55.74, 54.26, 54.26, 54.25, 54.25, 54.24, 54.25], [58.02, 58.07, 58.13, 58.21, 58.33, 59.2, 59.32, 59.51, 59.66, 58.3, 57.1, 56.01, 55.34, 54.29, 54.25, 54.25, 54.24, 54.23, 54.23, 54.23], [57.95, 57.98, 58.02, 58.09, 58.19, 59.07, 59.12, 59.19, 59.25, 56.59, 56.54, 54.37, 54.1, 54.26, 54.25, 54.24, 54.22, 54.2, 54.21, 54.22], [57.87, 57.88, 57.9, 57.94, 58.01, 58.1, 58.87, 58.83, 59.09, 59.22, 54.6, 54.34, 54.23, 54.33, 54.28, 54.24, 54.18, 54.16, 54.18, 54.2], [56.89, 57.77, 57.76, 57.77, 57.81, 57.88, 57.01, 58.75, 58.7, 56.47, 56.81, 54.47, 54.57, 54.51, 54.33, 54.24, 54.12, 54.08, 54.0, 54.0], [56.86, 56.85, 56.84, 56.85, 56.9, 57.02, 57.27, 57.43, 57.65, 56.59, 56.71, 55.0, 55.0, 54.5, 54.37, 54.48, 54.26, 54.18, 54.31, 54.39], [57.15, 57.12, 56.76, 56.73, 56.72, 56.8, 57.04, 57.39, 58.0, 56.41, 55.0, 55.0, 55.0, 55.0, 54.4, 54.52, 54.39, 54.34, 54.37, 54.42], [56.0, 56.0, 56.0, 56.94, 56.8, 56.45, 56.7, 57.04, 58.0, 58.0, 55.0, 55.0, 55.0, 55.0, 54.4, 54.56, 54.48, 54.44, 54.44, 54.46], [56.0, 56.0, 56.0, 56.0, 56.0, 56.0, 56.0, 56.0, 56.71, 58.0, -999.0, 55.0, 55.0, 55.0, 54.39, 54.6, 54.54, 54.5, 54.49, 54.5], [56.0, 56.0, 56.0, 56.0, 56.0, 56.0, 56.0, 56.0, 56.0, -999.0, -999.0, 55.0, 55.0, 55.0, 54.38, 54.63, 54.59, 58.55, 58.44, 58.41], [56.0, 56.0, 56.0, 56.0, 56.0, 56.0, 56.0, 56.0, 56.0, 56.0, -999.0, 55.0, 55.0, 59.57, 57.56, 56.91, 56.85, 57.84, 57.7, 57.61], [56.0, 56.0, 56.0, 56.0, 56.0, 56.0, 56.0, 56.0, 56.0, 56.0, -999.0, 62.0, 62.0, 62.0, 58.15, 57.58, 57.45, 58.46, 58.24, 58.08], [56.0, 56.0, 56.0, 56.0, 56.0, 56.0, 56.0, 56.0, 56.0, 56.0, 56.0, 58.31, 62.0, 62.0, 62.0, 58.34, 58.1, 59.02, 58.73, 58.5], [56.0, 56.0, 56.0, 56.0, 56.0, 56.0, 56.0, 56.0, 56.0, 56.0, 59.78, 59.35, 59.93, 60.42, 59.86, 59.8, 59.47, 60.05, 58.29, 58.02], [56.0, 56.0, 56.0, 56.0, 56.0, 56.0, 56.0, 56.0, 56.0, 56.0, 58.58, 59.32, 60.11, 60.83, 60.61, 60.65, 60.17, 59.79, 59.53, 59.34], [56.0, 56.0, 56.0, 56.0, 56.0, 56.0, 56.0, 56.0, 56.0, 57.52, 58.33, 59.23, 60.17, 60.57, 61.8, 60.8, 60.11, 59.68, 59.4, 59.22], [56.0, 56.0, 56.0, 56.0, 56.0, 56.0, 56.0, 56.0, 56.54, 57.17, 58.29, 59.06, 59.27, 60.09, 60.89, 60.39, 59.82, 59.43, 59.2, 59.06], [56.0, 56.0, 57.71, 57.63, 57.52, 57.36, 57.12, 56.49, 56.9, 57.55, 58.28, 58.94, 58.87, 59.33, 59.99, 59.7, 59.34, 59.07, 58.92, 58.85], [57.83, 57.79, 57.73, 57.24, 57.18, 57.09, 56.98, 56.86, 57.64, 57.96, 58.41, 58.88, 58.49, 59.43, 59.29, 59.04, 58.79, 58.65, 58.62, 58.64], [57.4, 57.38, 57.37, 57.35, 57.32, 57.29, 57.27, 57.21, 58.12, 58.31, 58.57, 58.87, 59.11, 58.98, 58.75, 58.46, 58.23, 58.21, 58.32, 58.43], [57.45, 57.45, 57.45, 57.34, 57.36, 57.39, 57.44, 57.52, 57.62, 57.68, 57.67, 57.33, 58.0, 58.66, 58.38, 57.99, 57.62, 57.8, 58.11, 58.29], [57.36, 57.37, 57.39, 57.41, 57.45, 57.52, 57.62, 57.78, 57.98, 58.08, 57.95, 57.76, 58.05, 57.86, 57.67, 57.78, 56.82, 57.78, 58.07, 58.23], [57.39, 57.4, 57.43, 57.47, 57.52, 57.61, 57.74, 57.95, 58.31, 58.6, 58.19, 57.82, 57.53, 57.9, 57.75, 57.63, 57.98, 58.32, 58.17, 58.24], [57.41, 57.43, 57.46, 57.5, 57.56, 57.65, 57.77, 57.97, 58.29, 58.55, 58.14, 57.78, 57.52, 57.96, 57.84, 57.48, 57.65, 57.75, 58.22, 58.28], [57.43, 57.45, 57.48, 57.52, 57.57, 57.64, 57.73, 57.85, 57.97, 57.99, 57.82, 57.63, 57.47, 57.33, 57.39, 57.47, 57.55, 57.6, 57.59, 57.55], [57.44, 57.46, 57.49, 57.52, 57.56, 57.61, 57.66, 57.7, 57.69, 57.59, 57.47, 57.89, 58.04, 58.17, 57.37, 57.43, 57.49, 57.52, 57.52, 57.51], [57.44, 57.46, 57.49, 57.51, 57.54, 57.57, 57.59, 57.58, 57.5, 57.31, 57.25, 57.65, 57.91, 58.08, 57.35, 57.4, 57.44, 57.47, 57.48, 57.48], [57.45, 57.46, 57.48, 57.5, 57.52, 57.53, 57.53, 57.5, 57.78, 57.53, 57.38, 57.63, 57.86, 58.03, 57.33, 57.37, 57.41, 57.43, 57.44, 57.45], [57.45, 57.46, 57.47, 57.49, 57.5, 57.5, 57.5, 57.47, 57.81, 57.69, 57.65, 57.74, 57.89, 58.02, 57.31, 57.35, 57.38, 57.4, 57.42, 57.43], [57.44, 57.46, 57.47, 57.48, 57.48, 57.48, 57.47, 57.95, 57.88, 57.82, 57.8, 57.85, 57.94, 58.03, 57.31, 57.34, 57.36, 57.38, 57.4, 57.41]]}