gis_exercise/awsData/contour/humi_2023090911.json
{"header": {"refTime": "2023-09-09T11:00:00.000Z", "nx": 21, "ny": 33, "lo1": 113.509, "la1": 22.2235, "lo2": 113.5947, "la2": 22.1034, "dx": 0.0042850000000001385, "dy": 0.003753125000000024, "parameterCategory": 0, "parameterCategoryName": "Temperature", "parameterNumber": 0}, "z": [[93.09, 93.12, 93.15, 94.47, 94.45, 92.58, 92.67, 92.74, 92.72, 93.32, 93.11, 92.89, 91.29, 91.15, 91.08, 91.05, 90.25, 90.29, 90.32, 90.35], [93.07, 93.1, 93.13, 93.18, 94.44, 94.41, 92.78, 92.97, 93.07, 93.41, 93.08, 92.74, 91.12, 90.98, 90.94, 90.19, 90.26, 90.31, 90.35, 90.37], [93.04, 93.07, 93.1, 93.15, 94.43, 94.4, 94.35, 93.17, 93.78, 93.51, 92.99, 92.48, 90.83, 90.74, 90.08, 90.19, 90.28, 90.35, 90.39, 90.41], [93.01, 93.03, 93.06, 93.11, 93.17, 94.4, 94.37, 94.31, 94.26, 93.43, 92.83, 92.01, 90.35, 91.04, 90.05, 90.22, 90.33, 90.41, 90.44, 90.45], [92.98, 92.99, 93.01, 93.04, 93.09, 94.4, 94.38, 94.39, 94.46, 93.45, 92.82, 90.95, 89.81, 90.77, 90.07, 90.28, 90.42, 90.5, 90.52, 90.5], [92.93, 92.94, 92.95, 92.97, 93.0, 93.05, 94.35, 94.36, 94.51, 94.84, 92.61, 91.52, 90.57, 89.67, 90.17, 90.39, 90.56, 90.64, 90.61, 90.56], [92.45, 92.88, 92.88, 92.88, 92.9, 92.94, 93.76, 94.14, 94.27, 94.45, 94.69, 92.45, 90.14, 90.02, 90.32, 90.5, 90.74, 90.83, 90.63, 90.5], [92.43, 92.42, 92.42, 92.43, 92.45, 93.53, 93.62, 93.58, 93.34, 94.7, 95.98, 92.84, 92.81, 89.99, 91.0, 91.0, 91.0, 91.0, 91.0, 91.0], [92.57, 92.56, 92.38, 92.37, 92.36, 92.4, 92.52, 93.64, 94.27, 94.28, 94.69, 93.81, 93.38, 93.95, 91.0, 91.0, 91.0, 91.0, 91.0, 91.0], [92.0, 92.0, 92.0, 92.47, 92.4, 92.23, 92.35, 92.52, 95.27, 95.05, 93.35, 94.36, 94.04, 94.19, 91.0, 91.0, 91.0, 91.0, 91.0, 91.0], [92.0, 92.0, 92.0, 92.0, 92.0, 92.0, 92.0, 92.0, 92.35, 94.37, 97.0, 94.71, 94.44, 94.43, 91.0, 91.0, 91.0, 91.0, 91.0, 91.0], [92.0, 92.0, 92.0, 92.0, 92.0, 92.0, 92.0, 92.0, 92.0, -999.0, 97.0, 91.0, 91.0, 94.61, 91.0, 91.0, 91.0, 94.98, 94.88, 94.86], [92.0, 92.0, 92.0, 92.0, 92.0, 92.0, 92.0, 92.0, 92.0, 92.0, -999.0, 91.0, 91.0, 95.57, 93.56, 93.55, 93.5, 94.36, 94.24, 94.16], [92.0, 92.0, 92.0, 92.0, 92.0, 92.0, 92.0, 92.0, 92.0, 92.0, -999.0, 98.0, 98.0, 98.0, 94.15, 94.13, 94.02, 94.9, 94.71, 94.57], [92.0, 92.0, 92.0, 92.0, 92.0, 92.0, 92.0, 92.0, 92.0, 92.0, 92.0, 94.31, 98.0, 98.0, 98.0, 94.8, 94.59, 95.39, 95.14, 94.93], [92.0, 92.0, 92.0, 92.0, 92.0, 92.0, 92.0, 92.0, 92.0, 92.0, 95.78, 95.35, 95.93, 96.42, 95.86, 96.9, 96.73, 97.03, 95.37, 95.18], [92.0, 92.0, 92.0, 92.0, 92.0, 92.0, 92.0, 92.0, 92.0, 92.0, 94.58, 95.32, 96.11, 96.83, 96.95, 97.25, 96.99, 96.78, 96.63, 96.53], [92.0, 92.0, 92.0, 92.0, 92.0, 92.0, 92.0, 92.0, 92.0, 93.52, 94.33, 95.23, 96.17, 96.89, 97.85, 97.34, 96.96, 96.72, 96.56, 96.46], [92.0, 92.0, 92.0, 92.0, 92.0, 92.0, 92.0, 92.0, 92.54, 93.17, 94.47, 95.25, 95.81, 96.55, 97.39, 97.11, 96.8, 96.58, 96.45, 96.37], [92.0, 92.0, 94.29, 94.17, 94.03, 93.81, 93.49, 92.66, 93.01, 93.73, 94.5, 95.17, 95.54, 96.02, 96.89, 96.74, 96.54, 96.39, 96.3, 96.26], [94.44, 94.38, 94.31, 93.65, 93.57, 93.45, 93.3, 93.14, 93.87, 94.22, 94.7, 95.16, 95.31, 96.58, 96.51, 96.38, 96.24, 96.16, 96.13, 96.14], [93.86, 93.85, 93.82, 93.8, 93.76, 93.72, 93.69, 93.91, 94.48, 94.68, 94.95, 95.23, 96.39, 96.34, 96.22, 96.07, 95.95, 95.93, 95.97, 96.02], [93.94, 93.94, 93.94, 94.21, 94.22, 94.23, 94.27, 94.36, 94.48, 94.56, 94.58, 94.56, 95.67, 96.16, 96.02, 95.83, 95.65, 95.71, 95.84, 95.94], [94.29, 94.3, 94.31, 94.34, 94.38, 94.44, 94.55, 94.73, 94.95, 95.06, 94.95, 95.5, 95.68, 95.62, 95.56, 95.71, 95.3, 95.65, 95.8, 95.89], [94.35, 94.37, 94.4, 94.44, 94.5, 94.6, 94.75, 94.98, 95.34, 95.63, 95.25, 95.52, 95.41, 95.63, 95.58, 95.54, 95.72, 95.82, 95.82, 95.88], [94.4, 94.43, 94.47, 94.52, 94.6, 94.7, 94.85, 95.06, 95.37, 95.61, 95.63, 95.49, 95.4, 95.65, 95.61, 95.44, 95.51, 95.55, 95.85, 95.9], [94.45, 94.48, 94.52, 94.58, 94.65, 94.75, 94.87, 95.02, 95.17, 95.23, 95.47, 95.4, 95.36, 95.32, 95.37, 95.42, 95.46, 95.48, 95.48, 95.46], [94.48, 94.52, 94.56, 94.62, 94.69, 94.77, 94.86, 94.96, 95.03, 95.35, 95.29, 95.44, 95.52, 95.59, 95.35, 95.39, 95.42, 95.44, 95.45, 95.44], [94.51, 94.54, 94.59, 94.64, 94.7, 94.77, 94.85, 94.91, 94.96, 95.19, 95.12, 95.32, 95.45, 95.54, 95.32, 95.36, 95.39, 95.41, 95.42, 95.42], [94.53, 94.56, 94.61, 94.65, 94.71, 94.77, 94.82, 94.88, 95.39, 95.26, 95.19, 95.31, 95.43, 95.52, 95.3, 95.34, 95.37, 95.39, 95.4, 95.4], [94.54, 94.58, 94.62, 94.66, 94.71, 94.75, 94.8, 94.85, 95.41, 95.35, 95.32, 95.37, 95.44, 95.51, 95.29, 95.33, 95.35, 95.37, 95.38, 95.39], [94.55, 94.59, 94.62, 94.66, 94.7, 94.74, 94.78, 95.48, 95.44, 95.41, 95.4, 95.43, 95.47, 95.52, 95.29, 95.32, 95.34, 95.35, 95.37, 95.37]]}