gis_exercise/awsData/contour/humi_2023091312.json
{"header": {"refTime": "2023-09-13T12:00:00.000Z", "nx": 21, "ny": 33, "lo1": 113.509, "la1": 22.2235, "lo2": 113.5947, "la2": 22.1034, "dx": 0.0042850000000001385, "dy": 0.003753125000000024, "parameterCategory": 0, "parameterCategoryName": "Temperature", "parameterNumber": 0}, "z": [[81.55, 81.61, 81.69, 82.81, 82.88, 82.96, 83.08, 83.19, 83.25, 84.0, 84.0, 84.0, 82.32, 82.21, 85.14, 85.29, 83.54, 83.65, 83.73, 83.78], [81.51, 81.56, 81.65, 81.76, 82.85, 82.95, 83.1, 83.31, 83.44, 84.0, 84.0, 84.0, 82.36, 82.24, 85.15, 83.47, 83.65, 83.79, 83.88, 83.92], [81.45, 81.5, 81.57, 81.68, 82.79, 82.9, 83.08, 83.39, 83.86, 84.0, 84.0, 84.0, 82.42, 82.29, 83.33, 83.56, 83.8, 83.99, 84.08, 84.1], [81.38, 81.42, 81.48, 81.56, 81.69, 82.78, 82.93, 83.18, 83.42, 84.0, 84.0, 84.0, 82.63, 82.4, 83.36, 83.69, 84.04, 84.28, 84.36, 84.33], [81.3, 81.33, 81.36, 81.41, 81.49, 82.6, 82.66, 82.76, 82.87, 84.0, 84.0, 82.65, 83.36, 82.51, 83.34, 83.86, 84.43, 84.74, 84.75, 84.6], [81.22, 81.22, 81.23, 81.25, 81.28, 81.31, 82.33, 82.28, 82.38, 82.65, 82.1, 82.2, 82.61, 81.66, 83.24, 84.13, 85.1, 85.51, 85.26, 84.89], [80.0, 81.12, 81.1, 81.08, 81.06, 81.04, 81.01, 81.7, 81.73, 81.26, 81.44, 81.18, 80.01, 80.43, 83.03, 84.38, 86.1, 86.74, 87.26, 87.01], [80.0, 80.0, 80.0, 80.0, 80.0, 80.91, 80.9, 80.72, 80.28, 81.54, 82.86, 79.15, 79.11, 80.52, 83.9, 82.71, 85.12, 85.98, 84.62, 83.7], [80.0, 80.0, 80.0, 80.0, 80.0, 80.0, 80.0, 80.88, 81.27, 81.06, 81.31, 80.28, 79.78, 80.44, 83.62, 82.27, 83.67, 84.26, 83.92, 83.4], [80.0, 80.0, 80.0, 80.0, 80.0, 80.0, 80.0, 80.0, 82.27, 82.05, 79.74, 80.92, 80.54, 80.72, 83.61, 81.81, 82.7, 83.17, 83.19, 82.97], [80.0, 80.0, 80.0, 80.0, 80.0, 80.0, 80.0, 80.0, 80.0, 81.37, 84.0, 81.33, 81.02, 81.0, 83.73, 81.45, 82.1, 82.47, 82.57, 82.49], [80.0, 80.0, 80.0, 80.0, 80.0, 80.0, 80.0, 80.0, 80.0, -999.0, 84.0, 77.0, 77.0, 81.21, 83.84, 81.07, 81.46, 86.29, 86.34, 86.35], [80.0, 80.0, 80.0, 80.0, 80.0, 80.0, 80.0, 80.0, 80.0, 80.0, -999.0, 77.0, 77.0, 82.22, 79.93, 86.91, 86.93, 86.56, 86.61, 86.65], [80.0, 80.0, 80.0, 80.0, 80.0, 80.0, 80.0, 80.0, 80.0, 80.0, -999.0, 85.0, 85.0, 85.0, 80.6, 86.66, 86.71, 86.33, 86.41, 86.47], [80.0, 80.0, 80.0, 80.0, 80.0, 80.0, 80.0, 77.0, 77.0, 77.0, 77.0, 80.07, 85.0, 85.0, 85.0, 86.37, 86.46, 86.12, 86.22, 86.31], [80.0, 80.0, 78.11, 78.08, 78.02, 77.0, 77.0, 77.0, 77.0, 77.0, 82.03, 81.46, 82.24, 82.89, 82.15, 86.1, 86.27, 85.97, 86.6, 86.71], [78.07, 78.06, 78.94, 78.89, 77.0, 77.0, 77.0, 77.0, 77.0, 77.0, 80.44, 81.43, 82.48, 83.44, 84.38, 84.48, 84.29, 84.14, 84.02, 83.92], [78.93, 78.89, 78.84, 78.76, 77.0, 77.0, 77.0, 77.0, 77.0, 79.03, 80.11, 81.31, 82.56, 84.27, 84.92, 84.55, 84.29, 84.11, 83.98, 83.88], [78.87, 78.82, 78.75, 77.0, 77.0, 77.0, 77.0, 77.0, 77.72, 78.56, 80.6, 81.66, 83.35, 84.12, 84.6, 84.42, 84.21, 84.04, 83.91, 83.82], [78.83, 78.78, 81.0, 80.81, 80.55, 80.17, 79.61, 78.15, 78.53, 79.59, 80.71, 81.61, 83.28, 83.95, 84.3, 84.21, 84.08, 83.95, 83.83, 83.73], [81.27, 81.17, 81.04, 79.9, 79.75, 79.54, 79.28, 79.0, 79.89, 80.39, 81.07, 81.69, 83.34, 84.1, 84.1, 84.07, 83.99, 83.86, 83.73, 83.63], [80.26, 80.23, 80.19, 80.14, 80.09, 80.02, 79.95, 79.95, 80.91, 81.2, 81.55, 81.9, 85.63, 83.96, 83.98, 84.03, 84.02, 83.83, 83.6, 83.49], [80.39, 80.39, 80.39, 80.31, 80.33, 80.39, 80.5, 80.68, 80.9, 81.05, 81.03, 82.99, 83.56, 83.84, 83.9, 84.1, 84.43, 83.86, 83.38, 83.29], [80.36, 80.39, 80.42, 80.48, 80.57, 80.71, 80.94, 81.3, 81.75, 81.97, 81.7, 83.98, 83.54, 83.51, 83.57, 83.97, 85.8, 82.99, 82.86, 83.04], [80.44, 80.48, 80.53, 80.62, 80.74, 80.93, 81.23, 81.71, 82.49, 83.14, 82.23, 83.78, 84.07, 83.43, 83.37, 83.25, 82.35, 81.06, 82.4, 82.84], [80.5, 80.55, 80.62, 80.71, 80.85, 81.04, 81.33, 81.77, 82.47, 83.03, 83.48, 83.49, 83.76, 83.35, 83.21, 82.35, 82.02, 81.75, 82.51, 82.81], [80.55, 80.6, 80.67, 80.77, 80.89, 81.05, 81.27, 81.54, 81.82, 81.88, 82.92, 83.02, 83.36, 81.91, 82.09, 82.14, 82.06, 81.99, 82.03, 82.1], [80.58, 80.63, 80.7, 80.78, 80.89, 81.01, 81.13, 81.24, 81.25, 82.19, 81.99, 80.89, 80.79, 80.59, 81.9, 82.0, 82.03, 82.03, 82.05, 82.09], [80.6, 80.65, 80.71, 80.78, 80.86, 80.93, 80.99, 81.0, 80.89, 81.37, 80.27, 80.59, 80.66, 80.57, 81.76, 81.89, 81.97, 82.0, 82.03, 82.07], [80.61, 80.66, 80.71, 80.76, 80.82, 80.86, 80.89, 80.86, 80.85, 80.55, 80.36, 80.52, 80.59, 80.55, 81.66, 81.81, 81.9, 81.96, 82.0, 82.04], [80.62, 80.66, 80.7, 80.74, 80.78, 80.81, 80.81, 80.78, 80.81, 80.66, 80.57, 80.58, 80.59, 80.55, 81.61, 81.75, 81.85, 81.92, 81.96, 82.0], [80.62, 80.65, 80.69, 80.72, 80.75, 80.76, 80.77, 80.9, 80.81, 80.72, 80.65, 80.62, 80.6, 80.56, 81.6, 81.72, 81.81, 81.88, 81.93, 81.97]]}