gis_exercise/awsData/contour/humi_2023090604.json
{"header": {"refTime": "2023-09-06T04:00:00.000Z", "nx": 21, "ny": 33, "lo1": 113.509, "la1": 22.2235, "lo2": 113.5947, "la2": 22.1034, "dx": 0.0042850000000001385, "dy": 0.003753125000000024, "parameterCategory": 0, "parameterCategoryName": "Temperature", "parameterNumber": 0}, "z": [[82.77, 82.69, 82.58, 81.99, 81.94, 79.12, 79.23, 79.32, 79.29, 80.2, 79.92, 79.63, 77.98, 77.83, 78.39, 78.54, 78.45, 78.63, 78.77, 78.86], [82.83, 82.74, 82.63, 82.49, 81.93, 81.86, 79.38, 79.63, 79.76, 80.31, 79.87, 79.42, 77.73, 77.58, 78.21, 78.23, 78.51, 78.73, 78.89, 78.98], [82.91, 82.82, 82.71, 82.56, 81.93, 81.85, 81.74, 79.9, 80.7, 80.42, 79.75, 79.04, 77.29, 77.22, 77.8, 78.26, 78.63, 78.9, 79.06, 79.13], [83.01, 82.93, 82.82, 82.66, 82.47, 81.87, 81.79, 81.65, 81.53, 80.36, 79.55, 78.38, 76.52, 77.74, 77.71, 78.37, 78.86, 79.17, 79.31, 79.34], [83.13, 83.07, 82.97, 82.82, 82.62, 81.9, 81.86, 81.85, 81.95, 80.46, 79.57, 77.51, 75.5, 77.3, 77.77, 78.63, 79.25, 79.59, 79.65, 79.58], [83.28, 83.24, 83.17, 83.05, 82.84, 82.54, 81.87, 81.89, 82.12, 82.62, 80.24, 78.56, 76.95, 76.01, 78.12, 79.06, 79.88, 80.22, 80.07, 79.83], [84.42, 83.46, 83.43, 83.36, 83.17, 82.82, 83.53, 81.61, 81.83, 82.77, 83.3, 80.38, 77.42, 77.06, 78.63, 79.52, 80.7, 81.14, 80.53, 80.02], [84.58, 84.62, 84.64, 84.6, 84.41, 84.39, 83.62, 82.25, 80.68, 83.04, 84.82, 81.84, 81.81, 76.98, 81.26, 81.04, 81.48, 81.63, 81.39, 81.22], [83.42, 83.54, 84.95, 85.07, 85.11, 84.81, 83.84, 83.22, 81.91, 82.56, 83.69, 82.81, 82.38, 82.95, 81.2, 80.96, 81.21, 81.32, 81.26, 81.16], [88.0, 88.0, 88.0, 84.26, 84.78, 86.18, 85.21, 83.84, 83.41, 83.08, 82.35, 83.36, 83.04, 83.19, 81.2, 80.87, 81.04, 81.12, 81.12, 81.09], [88.0, 88.0, 88.0, 88.0, 88.0, 88.0, 88.0, 88.0, 85.17, 82.05, 86.0, 83.71, 83.44, 83.43, 81.22, 80.81, 80.93, 81.0, 81.01, 81.0], [88.0, 88.0, 88.0, 88.0, 88.0, 88.0, 88.0, 88.0, 88.0, -999.0, 86.0, 80.0, 80.0, 83.61, 81.24, 80.74, 80.81, 87.12, 86.99, 86.96], [88.0, 88.0, 88.0, 88.0, 88.0, 88.0, 88.0, 88.0, 88.0, 88.0, -999.0, 80.0, 80.0, 87.18, 84.02, 85.28, 85.21, 86.32, 86.16, 86.06], [88.0, 88.0, 88.0, 88.0, 88.0, 88.0, 88.0, 88.0, 88.0, 88.0, -999.0, 91.0, 91.0, 91.0, 84.95, 86.03, 85.88, 87.01, 86.77, 86.58], [88.0, 88.0, 88.0, 88.0, 88.0, 88.0, 88.0, 93.0, 93.0, 93.0, 93.0, 92.23, 91.0, 91.0, 91.0, 86.88, 86.61, 87.65, 87.33, 87.06], [88.0, 88.0, 91.15, 91.2, 91.3, 93.0, 93.0, 93.0, 93.0, 93.0, 91.74, 91.88, 91.69, 91.53, 91.71, 89.9, 89.73, 90.03, 87.85, 87.62], [91.21, 91.24, 89.76, 89.85, 93.0, 93.0, 93.0, 93.0, 93.0, 93.0, 92.14, 91.89, 91.63, 91.39, 90.9, 91.52, 91.71, 91.86, 91.98, 92.08], [89.78, 89.84, 89.93, 90.06, 93.0, 93.0, 93.0, 93.0, 93.0, 92.49, 92.22, 91.92, 91.61, 90.94, 90.98, 91.45, 91.71, 91.89, 92.02, 92.12], [89.88, 89.96, 90.08, 93.0, 93.0, 93.0, 93.0, 93.0, 92.82, 92.61, 92.98, 92.76, 91.01, 90.88, 91.4, 91.58, 91.79, 91.96, 92.09, 92.18], [89.95, 90.03, 94.71, 94.63, 94.52, 94.36, 94.12, 93.49, 93.14, 93.18, 93.12, 92.94, 90.93, 90.75, 91.7, 91.79, 91.92, 92.05, 92.17, 92.27], [94.83, 94.79, 94.73, 94.24, 94.18, 94.09, 93.98, 93.86, 93.39, 93.39, 93.33, 93.18, 90.8, 91.9, 91.9, 91.93, 92.01, 92.14, 92.27, 92.37], [94.4, 94.38, 94.37, 94.35, 94.32, 94.29, 94.27, 94.04, 93.73, 93.72, 93.64, 93.48, 91.67, 92.04, 92.02, 91.97, 91.98, 92.17, 92.4, 92.51], [94.45, 94.45, 94.45, 94.09, 94.12, 94.16, 94.23, 94.32, 94.43, 94.49, 94.46, 93.01, 93.92, 92.16, 92.1, 91.9, 91.57, 92.14, 92.62, 92.71], [94.07, 94.09, 94.11, 94.14, 94.19, 94.27, 94.39, 94.57, 94.8, 94.91, 94.75, 93.28, 94.03, 93.62, 93.18, 92.03, 90.2, 93.01, 93.14, 92.96], [94.09, 94.11, 94.14, 94.18, 94.24, 94.33, 94.48, 94.73, 95.15, 95.51, 94.99, 93.49, 92.73, 93.76, 93.42, 93.22, 93.65, 94.94, 93.6, 93.16], [94.1, 94.12, 94.15, 94.19, 94.25, 94.34, 94.48, 94.71, 95.1, 95.42, 94.28, 93.5, 92.83, 93.9, 93.67, 93.2, 93.66, 93.97, 93.49, 93.19], [94.1, 94.12, 94.15, 94.19, 94.24, 94.3, 94.4, 94.52, 94.65, 94.65, 93.78, 93.34, 92.86, 93.02, 93.09, 93.24, 93.45, 93.57, 93.53, 93.42], [94.1, 94.12, 94.14, 94.17, 94.2, 94.23, 94.27, 94.28, 94.22, 93.53, 93.34, 94.63, 94.99, 95.34, 93.11, 93.21, 93.32, 93.39, 93.39, 93.35], [94.09, 94.11, 94.12, 94.14, 94.15, 94.16, 94.15, 94.09, 93.93, 93.21, 93.45, 94.21, 94.75, 95.16, 93.11, 93.18, 93.24, 93.29, 93.3, 93.28], [94.08, 94.09, 94.1, 94.11, 94.11, 94.1, 94.06, 93.98, 94.4, 93.96, 93.69, 94.18, 94.67, 95.05, 93.1, 93.15, 93.19, 93.22, 93.24, 93.23], [94.08, 94.08, 94.08, 94.08, 94.08, 94.05, 94.01, 93.94, 94.5, 94.28, 94.21, 94.42, 94.73, 95.02, 93.09, 93.13, 93.16, 93.18, 93.19, 93.2], [94.07, 94.07, 94.07, 94.06, 94.05, 94.03, 93.99, 94.76, 94.63, 94.53, 94.52, 94.63, 94.83, 95.05, 93.09, 93.11, 93.13, 93.15, 93.16, 93.17]]}