gis_exercise/awsData/contour/humi_2023090915.json
{"header": {"refTime": "2023-09-09T15:00:00.000Z", "nx": 21, "ny": 33, "lo1": 113.509, "la1": 22.2235, "lo2": 113.5947, "la2": 22.1034, "dx": 0.0042850000000001385, "dy": 0.003753125000000024, "parameterCategory": 0, "parameterCategoryName": "Temperature", "parameterNumber": 0}, "z": [[92.1, 92.22, 92.39, 95.14, 95.24, 93.53, 93.83, 94.11, 94.2, 95.87, 95.59, 95.3, 93.66, 93.48, 92.52, 92.36, 91.18, 91.15, 91.13, 91.12], [92.01, 92.13, 92.29, 92.51, 95.19, 95.35, 94.01, 94.59, 94.94, 96.03, 95.57, 95.14, 93.46, 93.28, 92.35, 91.2, 91.15, 91.12, 91.09, 91.08], [91.9, 92.0, 92.15, 92.35, 95.08, 95.25, 95.55, 94.96, 96.49, 96.18, 95.47, 94.82, 93.11, 92.99, 91.23, 91.17, 91.11, 91.07, 91.04, 91.04], [91.76, 91.84, 91.95, 92.12, 92.37, 95.03, 95.28, 95.7, 96.11, 96.01, 95.23, 94.27, 92.54, 93.04, 91.22, 91.14, 91.05, 90.99, 90.97, 90.98], [91.61, 91.65, 91.72, 91.83, 91.99, 94.7, 94.79, 94.99, 95.23, 95.87, 95.12, 92.95, 91.81, 92.77, 91.23, 91.09, 90.95, 90.87, 90.86, 90.9], [91.44, 91.45, 91.46, 91.5, 91.55, 91.63, 94.16, 94.09, 94.37, 95.08, 94.61, 93.52, 92.57, 91.67, 91.26, 91.03, 90.77, 90.66, 90.73, 90.83], [89.0, 91.24, 91.2, 91.16, 91.13, 91.08, 91.54, 92.87, 93.02, 94.4, 95.52, 94.45, 92.14, 92.02, 91.32, 90.96, 90.51, 90.34, 90.18, 90.25], [89.0, 89.0, 89.0, 89.0, 89.0, 91.26, 91.26, 90.81, 90.36, 94.72, 97.5, 94.84, 94.81, 91.99, 91.12, 91.44, 90.79, 90.55, 90.92, 91.17], [89.0, 89.0, 89.0, 89.0, 89.0, 89.0, 89.0, 91.19, 92.19, 94.11, 96.69, 95.81, 95.38, 95.95, 91.19, 91.56, 91.18, 91.02, 91.11, 91.26], [89.0, 89.0, 89.0, 89.0, 89.0, 89.0, 89.0, 89.0, 94.69, 94.13, 95.35, 96.36, 96.04, 96.19, 91.2, 91.69, 91.45, 91.32, 91.31, 91.37], [89.0, 89.0, 89.0, 89.0, 89.0, 89.0, 89.0, 89.0, 89.0, 92.42, 99.0, 96.71, 96.44, 96.43, 91.17, 91.79, 91.61, 91.51, 91.48, 91.5], [89.0, 89.0, 89.0, 89.0, 89.0, 89.0, 89.0, 89.0, 89.0, -999.0, 99.0, 93.0, 93.0, 96.61, 91.13, 91.89, 91.78, 93.98, 93.88, 93.86], [89.0, 89.0, 89.0, 89.0, 89.0, 89.0, 89.0, 89.0, 89.0, 89.0, -999.0, 93.0, 93.0, 95.61, 94.46, 92.55, 92.5, 93.36, 93.24, 93.16], [89.0, 89.0, 89.0, 89.0, 89.0, 89.0, 89.0, 89.0, 89.0, 89.0, -999.0, 97.0, 97.0, 97.0, 94.8, 93.13, 93.02, 93.9, 93.71, 93.57], [89.0, 89.0, 89.0, 89.0, 89.0, 89.0, 89.0, 90.0, 90.0, 90.0, 90.0, 92.69, 97.0, 97.0, 97.0, 93.8, 93.59, 94.39, 94.14, 93.93], [89.0, 89.0, 89.63, 89.64, 89.66, 90.0, 90.0, 90.0, 90.0, 90.0, 94.4, 93.91, 94.58, 95.15, 94.51, 95.53, 95.31, 95.7, 94.1, 93.88], [89.64, 89.65, 89.35, 89.37, 90.0, 90.0, 90.0, 90.0, 90.0, 90.0, 93.01, 93.88, 94.79, 95.63, 95.72, 95.96, 95.59, 95.3, 95.09, 94.95], [89.36, 89.37, 89.39, 89.41, 90.0, 90.0, 90.0, 90.0, 90.0, 91.78, 92.72, 93.77, 94.86, 95.66, 96.81, 96.07, 95.55, 95.21, 94.99, 94.85], [89.38, 89.39, 89.42, 90.0, 90.0, 90.0, 90.0, 90.0, 90.63, 91.36, 92.57, 93.47, 94.36, 95.23, 96.15, 95.76, 95.33, 95.02, 94.84, 94.73], [89.39, 89.41, 91.71, 91.63, 91.52, 91.36, 91.12, 90.49, 90.99, 91.73, 92.55, 93.31, 94.02, 94.57, 95.46, 95.24, 94.96, 94.75, 94.63, 94.57], [91.83, 91.79, 91.73, 91.24, 91.18, 91.09, 90.98, 90.86, 91.79, 92.15, 92.67, 93.21, 93.73, 95.03, 94.93, 94.74, 94.55, 94.44, 94.4, 94.4], [91.4, 91.38, 91.37, 91.35, 91.32, 91.29, 91.27, 91.21, 92.3, 92.51, 92.81, 93.16, 94.42, 94.69, 94.53, 94.32, 94.15, 94.12, 94.17, 94.24], [91.45, 91.45, 91.45, 91.34, 91.36, 91.39, 91.44, 91.52, 91.62, 91.68, 91.67, 92.12, 93.3, 94.44, 94.24, 93.99, 93.75, 93.82, 93.98, 94.11], [91.36, 91.37, 91.39, 91.41, 91.45, 91.52, 91.62, 91.78, 91.98, 92.08, 91.95, 92.5, 93.29, 93.34, 93.37, 93.82, 93.33, 93.7, 93.9, 94.04], [91.39, 91.4, 91.43, 91.47, 91.52, 91.61, 91.74, 91.95, 92.31, 92.6, 92.19, 92.46, 92.43, 93.34, 93.38, 93.43, 93.77, 93.86, 93.92, 94.02], [91.41, 91.43, 91.46, 91.5, 91.56, 91.65, 91.77, 91.97, 92.29, 92.55, 92.5, 92.36, 92.34, 93.34, 93.39, 93.14, 93.3, 93.36, 93.97, 94.04], [91.43, 91.45, 91.48, 91.52, 91.57, 91.64, 91.73, 91.85, 91.97, 91.99, 92.2, 92.16, 92.2, 92.61, 92.83, 93.01, 93.14, 93.19, 93.18, 93.14], [91.44, 91.46, 91.49, 91.52, 91.56, 91.61, 91.66, 91.7, 91.69, 91.89, 91.78, 92.03, 92.25, 92.47, 92.69, 92.87, 92.99, 93.06, 93.07, 93.06], [91.44, 91.46, 91.49, 91.51, 91.54, 91.57, 91.59, 91.58, 91.5, 91.53, 91.29, 91.76, 92.1, 92.35, 92.57, 92.74, 92.86, 92.94, 92.98, 92.99], [91.45, 91.46, 91.48, 91.5, 91.52, 91.53, 91.53, 91.5, 91.9, 91.61, 91.44, 91.75, 92.05, 92.28, 92.48, 92.65, 92.76, 92.84, 92.89, 92.91], [91.45, 91.46, 91.47, 91.49, 91.5, 91.5, 91.5, 91.47, 91.95, 91.81, 91.77, 91.89, 92.08, 92.27, 92.43, 92.58, 92.69, 92.77, 92.82, 92.85], [91.44, 91.46, 91.47, 91.48, 91.48, 91.48, 91.47, 92.12, 92.04, 91.97, 91.96, 92.03, 92.15, 92.28, 92.41, 92.53, 92.63, 92.71, 92.76, 92.8]]}