gis_exercise/awsData/contour/humi_2023090923.json
{"header": {"refTime": "2023-09-09T23:00:00.000Z", "nx": 21, "ny": 33, "lo1": 113.509, "la1": 22.2235, "lo2": 113.5947, "la2": 22.1034, "dx": 0.0042850000000001385, "dy": 0.003753125000000024, "parameterCategory": 0, "parameterCategoryName": "Temperature", "parameterNumber": 0}, "z": [[90.48, 90.52, 90.58, 92.18, 92.17, 89.86, 89.99, 90.11, 90.1, 90.81, 90.49, 90.17, 88.26, 88.06, 87.39, 87.28, 86.16, 86.18, 86.19, 86.2], [90.45, 90.49, 90.55, 90.62, 92.15, 92.15, 90.16, 90.46, 90.62, 90.98, 90.47, 89.98, 88.02, 87.83, 87.2, 86.12, 86.15, 86.17, 86.19, 86.2], [90.41, 90.44, 90.5, 90.57, 92.13, 92.13, 92.12, 90.74, 91.67, 91.14, 90.35, 89.61, 87.61, 87.48, 86.05, 86.11, 86.15, 86.17, 86.18, 86.2], [90.36, 90.39, 90.43, 90.5, 90.59, 92.1, 92.1, 92.1, 92.11, 90.98, 90.09, 88.96, 86.93, 87.66, 86.03, 86.11, 86.15, 86.16, 86.18, 86.19], [90.3, 90.32, 90.35, 90.4, 90.47, 92.05, 92.05, 92.08, 92.17, 90.88, 90.0, 87.54, 86.06, 87.32, 86.04, 86.13, 86.15, 86.16, 86.17, 86.19], [90.24, 90.24, 90.26, 90.28, 90.32, 90.38, 91.93, 91.93, 92.1, 92.5, 89.65, 88.28, 87.06, 86.0, 86.15, 86.17, 86.15, 86.14, 86.16, 86.18], [89.45, 90.16, 90.15, 90.15, 90.17, 90.2, 91.02, 91.56, 91.7, 91.91, 92.24, 89.52, 86.71, 86.53, 86.32, 86.23, 86.12, 86.08, 85.82, 85.75], [89.43, 89.42, 89.42, 89.43, 89.45, 90.75, 90.85, 90.76, 90.45, 92.21, 93.78, 90.15, 90.11, 86.49, 86.74, 86.96, 86.52, 86.37, 86.61, 86.78], [89.57, 89.56, 89.38, 89.37, 89.36, 89.4, 89.52, 90.86, 91.59, 91.7, 92.31, 91.28, 90.78, 91.44, 86.8, 87.04, 86.79, 86.68, 86.74, 86.84], [89.0, 89.0, 89.0, 89.47, 89.4, 89.23, 89.35, 89.52, 92.84, 92.56, 90.74, 91.92, 91.54, 91.72, 86.8, 87.13, 86.96, 86.88, 86.88, 86.91], [89.0, 89.0, 89.0, 89.0, 89.0, 89.0, 89.0, 89.0, 89.35, 91.71, 95.0, 92.33, 92.02, 92.0, 86.78, 87.19, 87.07, 87.0, 86.99, 87.0], [89.0, 89.0, 89.0, 89.0, 89.0, 89.0, 89.0, 89.0, 89.0, -999.0, 95.0, 88.0, 88.0, 92.21, 86.76, 87.26, 87.19, 91.68, 91.55, 91.51], [89.0, 89.0, 89.0, 89.0, 89.0, 89.0, 89.0, 89.0, 89.0, 89.0, -999.0, 88.0, 88.0, 93.22, 90.93, 89.64, 89.57, 90.8, 90.62, 90.51], [89.0, 89.0, 89.0, 89.0, 89.0, 89.0, 89.0, 89.0, 89.0, 89.0, -999.0, 96.0, 96.0, 96.0, 91.6, 90.47, 90.31, 91.57, 91.3, 91.09], [89.0, 89.0, 89.0, 89.0, 89.0, 89.0, 89.0, 90.0, 90.0, 90.0, 90.0, 92.31, 96.0, 96.0, 96.0, 91.42, 91.12, 92.28, 91.92, 91.62], [89.0, 89.0, 89.63, 89.64, 89.66, 90.0, 90.0, 90.0, 90.0, 90.0, 93.78, 93.35, 93.93, 94.42, 93.86, 94.53, 94.31, 94.7, 92.32, 92.05], [89.64, 89.65, 89.35, 89.37, 90.0, 90.0, 90.0, 90.0, 90.0, 90.0, 92.58, 93.32, 94.11, 94.83, 94.84, 94.96, 94.59, 94.3, 94.09, 93.95], [89.36, 89.37, 89.39, 89.41, 90.0, 90.0, 90.0, 90.0, 90.0, 91.52, 92.33, 93.23, 94.17, 94.79, 95.83, 95.07, 94.55, 94.21, 93.99, 93.85], [89.38, 89.39, 89.42, 90.0, 90.0, 90.0, 90.0, 90.0, 90.54, 91.17, 92.47, 93.25, 93.63, 94.39, 95.15, 94.76, 94.33, 94.02, 93.84, 93.73], [89.39, 89.41, 92.29, 92.17, 92.03, 91.81, 91.49, 90.66, 91.01, 91.73, 92.5, 93.17, 93.32, 93.79, 94.46, 94.24, 93.96, 93.75, 93.63, 93.57], [92.44, 92.38, 92.31, 91.65, 91.57, 91.45, 91.3, 91.14, 91.87, 92.22, 92.7, 93.16, 93.04, 94.03, 93.93, 93.74, 93.55, 93.44, 93.4, 93.4], [91.86, 91.85, 91.82, 91.8, 91.76, 91.72, 91.69, 91.91, 92.48, 92.68, 92.95, 93.23, 94.07, 93.69, 93.53, 93.32, 93.15, 93.12, 93.17, 93.24], [91.94, 91.94, 91.94, 92.21, 92.22, 92.23, 92.27, 92.36, 92.48, 92.56, 92.58, 92.3, 93.04, 93.44, 93.24, 92.99, 92.75, 92.82, 92.98, 93.11], [92.29, 92.3, 92.31, 92.34, 92.38, 92.44, 92.55, 92.73, 92.95, 93.06, 92.95, 93.26, 93.07, 92.9, 92.74, 92.82, 92.33, 92.7, 92.9, 93.04], [92.35, 92.37, 92.4, 92.44, 92.5, 92.6, 92.75, 92.98, 93.34, 93.63, 93.25, 93.31, 93.11, 92.93, 92.78, 92.66, 92.77, 92.86, 92.92, 93.02], [92.4, 92.43, 92.47, 92.52, 92.6, 92.7, 92.85, 93.06, 93.37, 93.61, 93.51, 93.29, 93.13, 92.97, 92.83, 92.6, 92.62, 92.64, 92.97, 93.04], [92.45, 92.48, 92.52, 92.58, 92.65, 92.75, 92.87, 93.02, 93.17, 93.23, 93.35, 93.23, 93.12, 92.68, 92.65, 92.63, 92.63, 92.63, 92.63, 92.62], [92.48, 92.52, 92.56, 92.62, 92.69, 92.77, 92.86, 92.96, 93.03, 93.24, 93.18, 93.3, 93.3, 93.29, 92.68, 92.65, 92.64, 92.64, 92.63, 92.63], [92.51, 92.54, 92.59, 92.64, 92.7, 92.77, 92.85, 92.91, 92.96, 93.12, 93.09, 93.21, 93.26, 93.27, 92.7, 92.67, 92.66, 92.65, 92.64, 92.64], [92.53, 92.56, 92.61, 92.65, 92.71, 92.77, 92.82, 92.88, 93.27, 93.18, 93.12, 93.19, 93.24, 93.26, 92.72, 92.69, 92.67, 92.66, 92.65, 92.65], [92.54, 92.58, 92.62, 92.66, 92.71, 92.75, 92.8, 92.85, 93.27, 93.22, 93.2, 93.22, 93.25, 93.26, 92.72, 92.7, 92.68, 92.67, 92.66, 92.65], [92.55, 92.59, 92.62, 92.66, 92.7, 92.74, 92.78, 93.31, 93.28, 93.26, 93.24, 93.25, 93.26, 93.26, 92.73, 92.71, 92.69, 92.68, 92.67, 92.66]]}