gis_exercise/awsData/contour/humi_2023091118.json
{"header": {"refTime": "2023-09-11T18:00:00.000Z", "nx": 21, "ny": 33, "lo1": 113.509, "la1": 22.2235, "lo2": 113.5947, "la2": 22.1034, "dx": 0.0042850000000001385, "dy": 0.003753125000000024, "parameterCategory": 0, "parameterCategoryName": "Temperature", "parameterNumber": 0}, "z": [[96.72, 96.74, 96.77, 98.07, 98.02, 96.33, 96.35, 96.36, 96.31, 96.57, 96.41, 96.25, 94.93, 94.82, 94.2, 94.12, 93.54, 93.53, 93.53, 93.53], [96.7, 96.73, 96.76, 96.79, 98.02, 97.94, 96.43, 96.49, 96.51, 96.63, 96.38, 96.13, 94.79, 94.69, 94.09, 93.53, 93.52, 93.52, 93.51, 93.51], [96.68, 96.71, 96.74, 96.78, 98.04, 97.95, 97.81, 96.61, 96.89, 96.69, 96.32, 95.91, 94.56, 94.49, 93.51, 93.51, 93.5, 93.49, 93.49, 93.49], [96.66, 96.68, 96.71, 96.76, 96.81, 98.01, 97.9, 97.72, 97.55, 96.66, 96.21, 95.53, 94.16, 94.84, 93.5, 93.5, 93.48, 93.46, 93.46, 93.47], [96.62, 96.64, 96.67, 96.72, 96.78, 98.1, 98.05, 98.01, 98.02, 96.74, 96.23, 94.76, 93.74, 94.6, 93.51, 93.49, 93.44, 93.41, 93.41, 93.44], [96.58, 96.59, 96.62, 96.66, 96.74, 96.84, 98.19, 98.22, 98.32, 98.51, 96.23, 95.27, 94.42, 93.67, 93.56, 93.48, 93.37, 93.32, 93.36, 93.41], [96.34, 96.53, 96.54, 96.57, 96.64, 96.78, 97.75, 98.29, 98.4, 98.33, 98.34, 96.12, 94.14, 94.02, 93.66, 93.48, 93.25, 93.17, 93.0, 93.0], [96.28, 96.27, 96.26, 96.28, 96.35, 97.32, 97.6, 97.92, 98.05, 98.52, 99.25, 96.54, 96.51, 93.99, 93.74, 93.96, 93.52, 93.37, 93.61, 93.78], [96.72, 96.67, 96.14, 96.1, 96.08, 96.19, 96.56, 97.72, 98.64, 98.21, 98.08, 97.34, 96.98, 97.46, 93.8, 94.04, 93.79, 93.68, 93.74, 93.84], [95.0, 95.0, 95.0, 96.4, 96.21, 95.68, 96.05, 96.56, 99.14, 99.03, 96.96, 97.8, 97.53, 97.66, 93.8, 94.13, 93.96, 93.88, 93.88, 93.91], [95.0, 95.0, 95.0, 95.0, 95.0, 95.0, 95.0, 95.0, 96.06, 98.68, 100.0, 98.09, 97.87, 97.85, 93.78, 94.19, 94.07, 94.0, 93.99, 94.0], [95.0, 95.0, 95.0, 95.0, 95.0, 95.0, 95.0, 95.0, 95.0, -999.0, 100.0, 95.0, 95.0, 98.01, 93.76, 94.26, 94.19, 96.98, 96.88, 96.86], [95.0, 95.0, 95.0, 95.0, 95.0, 95.0, 95.0, 95.0, 95.0, 95.0, -999.0, 95.0, 95.0, 98.26, 96.83, 95.55, 95.5, 96.36, 96.24, 96.16], [95.0, 95.0, 95.0, 95.0, 95.0, 95.0, 95.0, 95.0, 95.0, 95.0, -999.0, 100.0, 100.0, 100.0, 97.25, 96.13, 96.02, 96.9, 96.71, 96.57], [95.0, 95.0, 95.0, 95.0, 95.0, 95.0, 95.0, 95.0, 95.0, 95.0, 95.0, 96.92, 100.0, 100.0, 100.0, 96.8, 96.59, 97.39, 97.14, 96.93], [95.0, 95.0, 95.0, 95.0, 95.0, 95.0, 95.0, 95.0, 95.0, 95.0, 98.15, 97.79, 98.27, 98.68, 98.22, 98.17, 97.89, 98.38, 96.82, 96.59], [95.0, 95.0, 95.0, 95.0, 95.0, 95.0, 95.0, 95.0, 95.0, 95.0, 97.15, 97.77, 98.42, 99.02, 98.85, 98.94, 98.57, 98.28, 98.07, 97.93], [95.0, 95.0, 95.0, 95.0, 95.0, 95.0, 95.0, 95.0, 95.0, 96.27, 96.94, 97.69, 98.47, 98.81, 99.83, 99.06, 98.53, 98.19, 97.97, 97.83], [95.0, 95.0, 95.0, 95.0, 95.0, 95.0, 95.0, 95.0, 95.45, 95.97, 97.0, 97.64, 97.73, 98.41, 99.13, 98.74, 98.29, 97.99, 97.81, 97.7], [95.0, 95.0, 96.71, 96.63, 96.52, 96.36, 96.12, 95.49, 95.8, 96.38, 97.01, 97.56, 97.39, 97.78, 98.42, 98.2, 97.91, 97.71, 97.6, 97.55], [96.83, 96.79, 96.73, 96.24, 96.18, 96.09, 95.98, 95.86, 96.48, 96.76, 97.15, 97.54, 97.08, 97.98, 97.87, 97.67, 97.48, 97.38, 97.36, 97.38], [96.4, 96.38, 96.37, 96.35, 96.32, 96.29, 96.27, 96.04, 96.95, 97.11, 97.33, 97.57, 97.75, 97.63, 97.45, 97.21, 97.03, 97.03, 97.13, 97.22], [96.45, 96.45, 96.45, 96.09, 96.12, 96.16, 96.23, 96.32, 96.43, 96.49, 96.46, 96.33, 97.0, 97.38, 97.15, 96.83, 96.51, 96.69, 96.96, 97.12], [96.07, 96.09, 96.11, 96.14, 96.19, 96.27, 96.39, 96.57, 96.8, 96.91, 96.75, 96.51, 97.05, 96.86, 96.67, 96.67, 95.79, 96.72, 96.97, 97.09], [96.09, 96.11, 96.14, 96.18, 96.24, 96.33, 96.48, 96.73, 97.15, 97.51, 96.99, 96.56, 96.24, 96.9, 96.75, 96.63, 96.93, 97.27, 97.07, 97.11], [96.1, 96.12, 96.15, 96.19, 96.25, 96.34, 96.48, 96.71, 97.1, 97.42, 96.89, 96.46, 96.19, 96.96, 96.84, 96.33, 96.54, 96.65, 97.11, 97.14], [96.1, 96.12, 96.15, 96.19, 96.24, 96.3, 96.4, 96.52, 96.65, 96.65, 96.42, 96.21, 96.07, 95.97, 96.12, 96.26, 96.39, 96.45, 96.44, 96.39], [96.1, 96.12, 96.14, 96.17, 96.2, 96.23, 96.27, 96.28, 96.22, 96.04, 95.86, 96.33, 96.56, 96.76, 96.04, 96.17, 96.27, 96.33, 96.34, 96.32], [96.09, 96.11, 96.12, 96.14, 96.15, 96.16, 96.15, 96.09, 95.93, 95.58, 95.37, 95.97, 96.36, 96.62, 95.97, 96.09, 96.18, 96.23, 96.26, 96.26], [96.08, 96.09, 96.1, 96.11, 96.11, 96.1, 96.06, 95.98, 96.17, 95.79, 95.56, 95.94, 96.29, 96.55, 95.91, 96.02, 96.1, 96.16, 96.19, 96.2], [96.08, 96.08, 96.08, 96.08, 96.08, 96.05, 96.01, 95.94, 96.22, 96.04, 95.97, 96.11, 96.33, 96.53, 95.88, 95.98, 96.05, 96.1, 96.14, 96.16], [96.07, 96.07, 96.07, 96.06, 96.05, 96.03, 95.99, 96.43, 96.32, 96.23, 96.2, 96.28, 96.41, 96.55, 95.87, 95.95, 96.01, 96.06, 96.1, 96.12]]}