gis_exercise/awsData/contour/humi_2023090310.json
{"header": {"refTime": "2023-09-03T10:00:00.000Z", "nx": 21, "ny": 33, "lo1": 113.509, "la1": 22.2235, "lo2": 113.5947, "la2": 22.1034, "dx": 0.0042850000000001385, "dy": 0.003753125000000024, "parameterCategory": 0, "parameterCategoryName": "Temperature", "parameterNumber": 0}, "z": [[80.85, 80.82, 80.77, 81.47, 81.35, 79.81, 79.7, 79.6, 79.53, 79.71, 79.76, 79.78, 79.08, 79.09, 79.45, 79.57, 80.23, 80.32, 80.38, 80.43], [80.88, 80.85, 80.8, 80.73, 81.37, 81.17, 79.7, 79.52, 79.4, 79.61, 79.7, 79.72, 79.04, 79.05, 79.42, 80.12, 80.26, 80.37, 80.44, 80.49], [80.91, 80.89, 80.85, 80.79, 81.43, 81.23, 80.89, 79.47, 79.1, 79.53, 79.7, 79.65, 78.95, 78.98, 79.9, 80.13, 80.32, 80.45, 80.53, 80.57], [80.95, 80.94, 80.91, 80.87, 80.8, 81.4, 81.13, 80.68, 80.25, 79.73, 79.78, 79.53, 78.78, 79.87, 79.85, 80.18, 80.43, 80.58, 80.65, 80.67], [80.99, 80.99, 80.98, 80.97, 80.95, 81.65, 81.54, 81.4, 81.36, 80.18, 80.03, 79.76, 78.75, 79.65, 79.89, 80.31, 80.63, 80.79, 80.82, 80.79], [81.04, 81.04, 81.05, 81.07, 81.09, 81.13, 81.96, 82.03, 82.14, 82.31, 81.12, 80.28, 79.48, 79.0, 80.06, 80.53, 80.94, 81.11, 81.03, 80.91], [81.89, 81.09, 81.11, 81.15, 81.21, 81.32, 82.75, 82.49, 82.66, 83.07, 83.04, 81.19, 79.71, 79.53, 80.31, 80.76, 81.35, 81.57, 81.26, 81.01], [81.86, 81.85, 81.84, 81.85, 81.9, 82.47, 82.66, 82.89, 83.0, 83.18, 83.57, 81.92, 81.9, 79.49, 81.63, 81.52, 81.74, 81.82, 81.69, 81.61], [82.15, 82.12, 81.76, 81.73, 81.72, 81.8, 82.04, 82.74, 83.32, 83.0, 82.85, 82.41, 82.19, 82.48, 81.6, 81.48, 81.61, 81.66, 81.63, 81.58], [81.0, 81.0, 81.0, 81.94, 81.8, 81.45, 81.7, 82.04, 83.57, 83.51, 82.18, 82.68, 82.52, 82.6, 81.6, 81.44, 81.52, 81.56, 81.56, 81.54], [81.0, 81.0, 81.0, 81.0, 81.0, 81.0, 81.0, 81.0, 81.71, 83.34, 84.0, 82.86, 82.72, 82.71, 81.61, 81.4, 81.46, 81.5, 81.51, 81.5], [81.0, 81.0, 81.0, 81.0, 81.0, 81.0, 81.0, 81.0, 81.0, -999.0, 84.0, 81.0, 81.0, 82.81, 81.62, 81.37, 81.41, 85.98, 85.88, 85.86], [81.0, 81.0, 81.0, 81.0, 81.0, 81.0, 81.0, 81.0, 81.0, 81.0, -999.0, 81.0, 81.0, 86.22, 83.93, 84.55, 84.5, 85.36, 85.24, 85.16], [81.0, 81.0, 81.0, 81.0, 81.0, 81.0, 81.0, 81.0, 81.0, 81.0, -999.0, 89.0, 89.0, 89.0, 84.6, 85.13, 85.02, 85.9, 85.71, 85.57], [81.0, 81.0, 81.0, 81.0, 81.0, 81.0, 81.0, 82.0, 82.0, 82.0, 82.0, 84.69, 89.0, 89.0, 89.0, 85.8, 85.59, 86.39, 86.14, 85.93], [81.0, 81.0, 81.63, 81.64, 81.66, 82.0, 82.0, 82.0, 82.0, 82.0, 86.4, 85.91, 86.58, 87.15, 86.51, 87.9, 87.73, 88.03, 86.37, 86.18], [81.64, 81.65, 81.35, 81.37, 82.0, 82.0, 82.0, 82.0, 82.0, 82.0, 85.01, 85.88, 86.79, 87.63, 87.83, 87.83, 87.41, 87.09, 86.85, 86.68], [81.36, 81.37, 81.39, 81.41, 82.0, 82.0, 82.0, 82.0, 82.0, 83.78, 84.72, 85.77, 86.86, 87.76, 88.83, 87.97, 87.38, 86.99, 86.74, 86.58], [81.38, 81.39, 81.42, 82.0, 82.0, 82.0, 82.0, 82.0, 82.63, 83.36, 83.65, 84.5, 86.54, 87.38, 88.05, 87.63, 87.14, 86.79, 86.57, 86.44], [81.39, 81.41, 80.86, 80.91, 80.99, 81.09, 81.25, 81.67, 82.44, 82.86, 83.45, 84.16, 86.24, 86.8, 87.29, 87.05, 86.74, 86.5, 86.35, 86.26], [80.78, 80.81, 80.85, 81.17, 81.21, 81.27, 81.35, 81.43, 82.62, 82.85, 83.25, 83.79, 86.0, 86.81, 86.72, 86.53, 86.32, 86.17, 86.09, 86.06], [81.07, 81.08, 81.09, 81.1, 81.12, 81.14, 81.16, 81.13, 82.5, 82.65, 82.94, 83.37, 85.11, 86.44, 86.29, 86.1, 85.94, 85.85, 85.83, 85.86], [81.03, 81.03, 81.03, 81.02, 81.01, 81.0, 80.97, 80.92, 80.86, 80.81, 80.82, 82.17, 83.19, 86.17, 85.99, 85.8, 85.67, 85.57, 85.58, 85.68], [81.0, 80.99, 80.98, 80.97, 80.94, 80.9, 80.84, 80.74, 80.62, 80.56, 80.63, 81.72, 83.06, 83.63, 84.14, 85.6, 85.67, 85.19, 85.35, 85.53], [80.98, 80.96, 80.95, 80.92, 80.89, 80.84, 80.75, 80.62, 80.41, 80.23, 80.48, 81.55, 82.1, 83.54, 84.05, 84.45, 85.08, 84.78, 85.23, 85.46], [80.96, 80.94, 80.92, 80.89, 80.86, 80.8, 80.72, 80.6, 80.41, 80.26, 80.97, 81.47, 81.96, 83.44, 83.89, 84.35, 84.45, 84.43, 85.31, 85.47], [80.94, 80.92, 80.9, 80.88, 80.84, 80.79, 80.73, 80.66, 80.58, 80.56, 81.16, 81.47, 81.85, 83.57, 83.89, 84.13, 84.26, 84.3, 84.3, 84.28], [80.93, 80.91, 80.89, 80.87, 80.84, 80.8, 80.76, 80.73, 80.72, 81.16, 81.23, 81.15, 81.34, 81.58, 83.66, 83.91, 84.07, 84.15, 84.18, 84.18], [80.92, 80.91, 80.89, 80.87, 80.84, 80.82, 80.8, 80.79, 80.81, 81.18, 81.03, 81.15, 81.32, 81.52, 83.47, 83.73, 83.9, 84.0, 84.05, 84.08], [80.92, 80.9, 80.89, 80.87, 80.85, 80.83, 80.82, 80.82, 81.08, 81.07, 81.07, 81.17, 81.32, 81.49, 83.33, 83.58, 83.75, 83.87, 83.94, 83.98], [80.91, 80.9, 80.89, 80.87, 80.86, 80.85, 80.84, 80.84, 81.14, 81.14, 81.16, 81.23, 81.35, 81.48, 83.26, 83.48, 83.64, 83.76, 83.84, 83.89], [80.91, 80.9, 80.89, 80.88, 80.87, 80.86, 80.85, 81.19, 81.19, 81.2, 81.23, 81.29, 81.38, 81.49, 83.22, 83.41, 83.56, 83.68, 83.76, 83.82]]}