gis_exercise/awsData/contour/humi_2023091212.json
{"header": {"refTime": "2023-09-12T12:00:00.000Z", "nx": 21, "ny": 33, "lo1": 113.509, "la1": 22.2235, "lo2": 113.5947, "la2": 22.1034, "dx": 0.0042850000000001385, "dy": 0.003753125000000024, "parameterCategory": 0, "parameterCategoryName": "Temperature", "parameterNumber": 0}, "z": [[84.42, 84.45, 84.5, 86.07, 86.02, 83.87, 83.91, 83.93, 83.88, 84.06, 83.8, 83.53, 80.94, 80.71, 82.52, 82.62, 80.86, 81.01, 81.12, 81.19], [84.4, 84.43, 84.48, 84.53, 86.02, 85.94, 84.03, 84.15, 84.19, 84.2, 83.77, 83.36, 80.75, 80.52, 82.36, 80.72, 80.95, 81.13, 81.25, 81.32], [84.36, 84.4, 84.45, 84.51, 86.04, 85.95, 85.81, 84.34, 84.81, 84.32, 83.67, 83.04, 80.43, 80.25, 80.44, 80.78, 81.09, 81.32, 81.45, 81.49], [84.32, 84.36, 84.41, 84.47, 84.56, 86.01, 85.9, 85.72, 85.55, 84.2, 83.46, 82.48, 79.95, 80.55, 80.41, 80.9, 81.33, 81.61, 81.72, 81.71], [84.27, 84.3, 84.35, 84.41, 84.5, 86.1, 86.05, 86.01, 86.02, 84.16, 83.41, 80.57, 79.62, 80.3, 80.43, 81.12, 81.73, 82.06, 82.09, 81.98], [84.21, 84.22, 84.26, 84.32, 84.42, 84.56, 86.19, 86.22, 86.32, 86.51, 82.18, 81.0, 80.12, 78.67, 80.54, 81.48, 82.4, 82.79, 82.57, 82.26], [83.79, 84.13, 84.15, 84.19, 84.28, 84.46, 85.5, 86.29, 86.4, 85.35, 85.06, 81.58, 78.43, 78.49, 80.67, 81.83, 83.34, 83.9, 83.89, 83.51], [83.71, 83.69, 83.68, 83.7, 83.79, 84.94, 85.32, 85.78, 85.76, 85.71, 86.67, 81.07, 81.02, 78.5, 82.39, 81.64, 83.16, 83.72, 82.85, 82.26], [84.29, 84.23, 83.52, 83.46, 83.44, 83.59, 84.08, 85.49, 86.64, 85.14, 84.16, 82.69, 81.97, 82.92, 82.21, 81.35, 82.25, 82.62, 82.4, 82.07], [82.0, 82.0, 82.0, 83.87, 83.61, 82.91, 83.39, 84.08, 87.14, 87.03, 81.92, 83.59, 83.06, 83.32, 82.21, 81.06, 81.62, 81.92, 81.94, 81.8], [82.0, 82.0, 82.0, 82.0, 82.0, 82.0, 82.0, 82.0, 83.42, 86.68, 88.0, 84.19, 83.74, 83.71, 82.28, 80.83, 81.24, 81.48, 81.54, 81.5], [82.0, 82.0, 82.0, 82.0, 82.0, 82.0, 82.0, 82.0, 82.0, -999.0, 88.0, 78.0, 78.0, 84.02, 82.35, 80.59, 80.84, 86.14, 86.11, 86.1], [82.0, 82.0, 82.0, 82.0, 82.0, 82.0, 82.0, 82.0, 82.0, 82.0, -999.0, 78.0, 78.0, 83.88, 81.29, 85.73, 85.71, 85.96, 85.92, 85.9], [82.0, 82.0, 82.0, 82.0, 82.0, 82.0, 82.0, 82.0, 82.0, 82.0, -999.0, 87.0, 87.0, 87.0, 82.05, 85.89, 85.86, 86.11, 86.06, 86.02], [82.0, 82.0, 82.0, 82.0, 82.0, 82.0, 82.0, 79.0, 79.0, 79.0, 79.0, 82.07, 87.0, 87.0, 87.0, 86.08, 86.02, 86.26, 86.18, 86.12], [82.0, 82.0, 80.11, 80.08, 80.02, 79.0, 79.0, 79.0, 79.0, 79.0, 84.03, 83.46, 84.24, 84.89, 84.15, 86.27, 86.16, 86.35, 85.94, 85.86], [80.07, 80.06, 80.94, 80.89, 79.0, 79.0, 79.0, 79.0, 79.0, 79.0, 82.44, 83.43, 84.48, 85.44, 85.82, 85.84, 85.43, 85.11, 84.87, 84.7], [80.93, 80.89, 80.84, 80.76, 79.0, 79.0, 79.0, 79.0, 79.0, 81.03, 82.11, 83.31, 84.56, 85.74, 86.83, 85.98, 85.4, 85.02, 84.77, 84.6], [80.87, 80.82, 80.75, 79.0, 79.0, 79.0, 79.0, 79.0, 79.72, 80.56, 82.23, 83.27, 84.45, 85.36, 86.07, 85.65, 85.17, 84.83, 84.6, 84.46], [80.83, 80.78, 81.86, 81.72, 81.53, 81.27, 80.86, 79.82, 80.31, 81.25, 82.27, 83.15, 84.17, 84.81, 85.32, 85.09, 84.79, 84.54, 84.38, 84.28], [82.05, 81.98, 81.88, 81.07, 80.96, 80.82, 80.63, 80.43, 81.42, 81.87, 82.5, 83.12, 83.96, 84.85, 84.77, 84.59, 84.39, 84.23, 84.13, 84.08], [81.33, 81.31, 81.28, 81.25, 81.2, 81.15, 81.11, 80.56, 82.19, 82.45, 82.81, 83.18, 85.38, 84.49, 84.37, 84.21, 84.06, 83.94, 83.87, 83.87], [81.42, 81.42, 81.42, 80.57, 80.63, 80.71, 80.83, 81.0, 81.19, 81.29, 81.22, 82.79, 83.44, 84.22, 84.08, 83.96, 83.91, 83.69, 83.6, 83.67], [80.49, 80.53, 80.57, 80.64, 80.73, 80.87, 81.08, 81.41, 81.82, 82.0, 81.7, 82.75, 83.45, 83.37, 83.34, 83.75, 84.22, 83.17, 83.28, 83.48], [80.51, 80.55, 80.6, 80.67, 80.78, 80.95, 81.22, 81.67, 82.44, 83.09, 82.11, 82.61, 82.6, 83.35, 83.26, 83.17, 82.92, 82.37, 83.07, 83.37], [80.51, 80.55, 80.6, 80.68, 80.78, 80.94, 81.18, 81.59, 82.31, 82.9, 82.62, 82.27, 82.28, 83.33, 83.22, 82.16, 82.21, 82.15, 83.16, 83.38], [80.51, 80.54, 80.58, 80.64, 80.72, 80.84, 80.99, 81.2, 81.42, 81.41, 81.74, 81.65, 81.84, 81.2, 81.6, 81.87, 82.01, 82.04, 82.05, 82.04], [80.49, 80.52, 80.55, 80.59, 80.64, 80.68, 80.72, 80.71, 80.57, 80.78, 80.46, 80.22, 80.47, 80.64, 81.31, 81.61, 81.79, 81.88, 81.91, 81.92], [80.47, 80.49, 80.51, 80.52, 80.53, 80.53, 80.48, 80.33, 79.97, 79.68, 78.63, 79.59, 80.15, 80.45, 81.07, 81.38, 81.58, 81.7, 81.77, 81.8], [80.45, 80.45, 80.46, 80.46, 80.44, 80.4, 80.3, 80.11, 79.98, 79.33, 78.93, 79.52, 80.02, 80.34, 80.9, 81.2, 81.41, 81.55, 81.64, 81.69], [80.42, 80.42, 80.42, 80.4, 80.37, 80.31, 80.2, 80.03, 80.04, 79.71, 79.58, 79.77, 80.07, 80.31, 80.81, 81.08, 81.28, 81.42, 81.52, 81.58], [80.4, 80.39, 80.38, 80.36, 80.32, 80.25, 80.16, 80.35, 80.16, 79.99, 79.93, 80.01, 80.17, 80.34, 80.77, 81.0, 81.18, 81.32, 81.42, 81.5]]}