gis_exercise/awsData/contour/humi_2023090602.json
{"header": {"refTime": "2023-09-06T02:00:00.000Z", "nx": 21, "ny": 33, "lo1": 113.509, "la1": 22.2235, "lo2": 113.5947, "la2": 22.1034, "dx": 0.0042850000000001385, "dy": 0.003753125000000024, "parameterCategory": 0, "parameterCategoryName": "Temperature", "parameterNumber": 0}, "z": [[83.71, 83.7, 83.7, 84.76, 84.78, 80.89, 81.19, 81.46, 81.48, 83.38, 82.91, 82.42, 79.67, 79.39, 78.16, 78.05, 76.95, 77.0, 77.05, 77.08], [83.71, 83.7, 83.69, 83.69, 84.73, 84.78, 81.47, 82.08, 82.43, 83.61, 82.85, 82.1, 79.28, 79.02, 77.87, 76.84, 76.93, 77.0, 77.05, 77.09], [83.72, 83.7, 83.67, 83.65, 84.66, 84.7, 84.78, 82.59, 84.38, 83.83, 82.66, 81.52, 78.62, 78.46, 76.64, 76.81, 76.93, 77.01, 77.06, 77.1], [83.73, 83.7, 83.66, 83.62, 83.57, 84.59, 84.66, 84.8, 84.94, 83.64, 82.3, 80.49, 77.48, 78.96, 76.58, 76.82, 76.96, 77.03, 77.08, 77.11], [83.76, 83.73, 83.67, 83.59, 83.49, 84.4, 84.42, 84.54, 84.78, 83.61, 82.22, 78.68, 75.98, 78.35, 76.62, 76.9, 77.02, 77.07, 77.1, 77.13], [83.81, 83.77, 83.71, 83.61, 83.44, 83.19, 84.03, 84.0, 84.4, 85.32, 82.43, 80.07, 77.89, 76.34, 76.89, 77.04, 77.08, 77.09, 77.12, 77.15], [83.42, 83.85, 83.81, 83.71, 83.5, 83.12, 84.05, 82.97, 83.27, 84.93, 86.11, 82.44, 77.99, 77.57, 77.29, 77.2, 77.11, 77.07, 76.45, 76.26], [83.58, 83.62, 83.64, 83.6, 83.41, 84.75, 83.98, 82.33, 80.47, 85.41, 88.87, 84.07, 84.02, 77.48, 78.49, 78.92, 78.05, 77.73, 78.23, 78.56], [82.42, 82.54, 83.95, 84.07, 84.11, 83.81, 82.84, 83.53, 82.82, 84.54, 87.16, 85.69, 84.97, 85.92, 78.59, 79.08, 78.57, 78.36, 78.48, 78.67], [87.0, 87.0, 87.0, 83.26, 83.78, 85.18, 84.21, 82.84, 85.82, 85.15, 84.92, 86.59, 86.06, 86.32, 78.6, 79.25, 78.93, 78.76, 78.75, 78.83], [87.0, 87.0, 87.0, 87.0, 87.0, 87.0, 87.0, 87.0, 84.17, 83.1, 91.0, 87.19, 86.74, 86.71, 78.55, 79.38, 79.15, 79.01, 78.98, 79.0], [87.0, 87.0, 87.0, 87.0, 87.0, 87.0, 87.0, 87.0, 87.0, -999.0, 91.0, 81.0, 81.0, 87.02, 78.51, 79.52, 79.38, 83.25, 83.1, 83.06], [87.0, 87.0, 87.0, 87.0, 87.0, 87.0, 87.0, 87.0, 87.0, 87.0, -999.0, 81.0, 81.0, 85.57, 83.56, 81.0, 80.92, 82.28, 82.09, 81.96], [87.0, 87.0, 87.0, 87.0, 87.0, 87.0, 87.0, 87.0, 87.0, 87.0, -999.0, 88.0, 88.0, 88.0, 84.15, 81.92, 81.75, 83.13, 82.83, 82.6], [87.0, 87.0, 87.0, 87.0, 87.0, 87.0, 87.0, 90.0, 90.0, 90.0, 90.0, 89.23, 88.0, 88.0, 88.0, 82.96, 82.63, 83.91, 83.51, 83.18], [87.0, 87.0, 88.89, 88.92, 88.98, 90.0, 90.0, 90.0, 90.0, 90.0, 88.74, 88.88, 88.69, 88.53, 88.71, 89.83, 90.11, 89.62, 86.52, 86.39], [88.93, 88.94, 88.06, 88.11, 90.0, 90.0, 90.0, 90.0, 90.0, 90.0, 89.14, 88.89, 88.63, 88.39, 88.8, 89.9, 90.58, 91.11, 91.5, 91.77], [88.07, 88.11, 88.16, 88.24, 90.0, 90.0, 90.0, 90.0, 90.0, 89.49, 89.22, 88.92, 88.61, 88.8, 88.12, 89.68, 90.64, 91.26, 91.67, 91.94], [88.13, 88.18, 88.25, 90.0, 90.0, 90.0, 90.0, 90.0, 89.82, 89.61, 90.54, 90.34, 89.45, 89.09, 89.55, 90.24, 91.03, 91.59, 91.95, 92.17], [88.17, 88.22, 93.43, 93.26, 93.04, 92.72, 92.24, 90.99, 90.48, 90.7, 90.78, 90.63, 89.71, 89.57, 90.78, 91.17, 91.67, 92.07, 92.32, 92.46], [93.66, 93.57, 93.46, 92.48, 92.36, 92.18, 91.95, 91.71, 91.1, 91.18, 91.19, 91.04, 89.99, 91.56, 91.72, 92.03, 92.37, 92.61, 92.73, 92.78], [92.8, 92.77, 92.74, 92.7, 92.64, 92.59, 92.53, 92.95, 91.81, 91.84, 91.77, 91.56, 92.21, 92.17, 92.41, 92.72, 92.99, 93.14, 93.16, 93.1], [92.9, 92.9, 92.91, 93.45, 93.44, 93.46, 93.52, 93.64, 93.81, 93.94, 93.97, 93.44, 95.0, 92.61, 92.9, 93.22, 93.44, 93.6, 93.56, 93.4], [93.58, 93.59, 93.61, 93.64, 93.69, 93.79, 93.94, 94.19, 94.51, 94.68, 94.53, 95.01, 95.05, 94.86, 94.67, 93.54, 93.48, 94.18, 93.93, 93.63], [93.68, 93.7, 93.75, 93.81, 93.9, 94.03, 94.25, 94.58, 95.08, 95.49, 94.97, 95.09, 94.81, 94.9, 94.75, 94.63, 94.36, 94.81, 94.11, 93.74], [93.76, 93.8, 93.86, 93.94, 94.05, 94.2, 94.41, 94.72, 95.16, 95.48, 95.39, 95.1, 94.85, 94.96, 94.84, 94.64, 94.75, 94.84, 93.98, 93.72], [93.83, 93.88, 93.95, 94.04, 94.15, 94.29, 94.48, 94.7, 94.92, 95.01, 95.22, 95.05, 94.87, 94.69, 94.66, 94.67, 94.72, 94.74, 94.73, 94.71], [93.89, 93.95, 94.02, 94.1, 94.21, 94.34, 94.49, 94.65, 94.78, 95.14, 95.08, 95.44, 95.52, 95.59, 94.7, 94.69, 94.7, 94.71, 94.71, 94.7], [93.94, 94.0, 94.07, 94.15, 94.25, 94.36, 94.49, 94.61, 94.73, 95.04, 95.12, 95.32, 95.45, 95.54, 94.72, 94.71, 94.7, 94.7, 94.7, 94.69], [93.97, 94.03, 94.1, 94.18, 94.27, 94.37, 94.47, 94.58, 95.39, 95.26, 95.19, 95.31, 95.43, 95.52, 94.74, 94.72, 94.71, 94.7, 94.7, 94.69], [94.0, 94.06, 94.12, 94.19, 94.27, 94.36, 94.44, 94.54, 95.41, 95.35, 95.32, 95.37, 95.44, 95.51, 94.74, 94.73, 94.71, 94.71, 94.7, 94.69], [94.02, 94.07, 94.13, 94.19, 94.26, 94.34, 94.41, 95.48, 95.44, 95.41, 95.4, 95.43, 95.47, 95.52, 94.75, 94.73, 94.72, 94.71, 94.7, 94.69]]}