gis_exercise/awsData/contour/humi_2023090321.json
{"header": {"refTime": "2023-09-03T21:00:00.000Z", "nx": 21, "ny": 33, "lo1": 113.509, "la1": 22.2235, "lo2": 113.5947, "la2": 22.1034, "dx": 0.0042850000000001385, "dy": 0.003753125000000024, "parameterCategory": 0, "parameterCategoryName": "Temperature", "parameterNumber": 0}, "z": [[75.27, 75.23, 75.2, 74.66, 74.68, 74.94, 74.98, 75.02, 75.06, 75.7, 75.82, 75.94, 77.96, 78.13, 77.83, 78.05, 80.66, 80.76, 80.84, 80.9], [75.29, 75.25, 75.21, 75.16, 74.67, 74.7, 74.95, 74.99, 75.04, 75.6, 75.81, 75.99, 77.98, 78.17, 77.89, 80.5, 80.67, 80.8, 80.89, 80.95], [75.32, 75.28, 75.23, 75.17, 74.64, 74.68, 74.73, 74.97, 75.0, 75.51, 75.85, 76.09, 78.02, 78.21, 80.21, 80.49, 80.71, 80.87, 80.96, 81.01], [75.35, 75.32, 75.27, 75.2, 75.12, 74.63, 74.67, 74.76, 74.84, 75.65, 75.97, 76.26, 77.99, 78.41, 80.13, 80.54, 80.82, 80.98, 81.06, 81.1], [75.41, 75.37, 75.32, 75.25, 75.15, 74.55, 74.57, 74.61, 74.68, 75.86, 76.11, 78.16, 77.56, 78.32, 80.18, 80.69, 81.0, 81.16, 81.2, 81.2], [75.47, 75.45, 75.41, 75.33, 75.21, 75.04, 74.42, 74.4, 74.49, 74.71, 78.52, 78.55, 78.24, 79.34, 80.49, 80.95, 81.27, 81.41, 81.37, 81.3], [75.76, 75.54, 75.52, 75.47, 75.35, 75.12, 75.01, 74.09, 74.14, 76.54, 77.46, 79.49, 80.99, 80.57, 80.96, 81.22, 81.59, 81.73, 81.08, 80.76], [75.86, 75.89, 75.9, 75.87, 75.76, 75.57, 75.1, 74.27, 73.98, 76.32, 76.7, 81.54, 81.59, 80.48, 82.74, 82.96, 82.52, 82.37, 82.61, 82.78], [75.14, 75.21, 76.09, 76.17, 76.2, 76.01, 75.4, 74.85, 73.96, 76.63, 79.07, 80.25, 80.83, 80.07, 82.8, 83.04, 82.79, 82.68, 82.74, 82.84], [78.0, 78.0, 78.0, 75.66, 75.99, 76.87, 76.26, 75.4, 74.71, 74.54, 80.86, 79.53, 79.95, 79.75, 82.8, 83.13, 82.96, 82.88, 82.88, 82.91], [78.0, 78.0, 78.0, 78.0, 78.0, 78.0, 78.0, 78.0, 76.23, 74.03, 76.0, 79.05, 79.41, 79.43, 82.78, 83.19, 83.07, 83.0, 82.99, 83.0], [78.0, 78.0, 78.0, 78.0, 78.0, 78.0, 78.0, 78.0, 78.0, -999.0, 76.0, 84.0, 84.0, 79.19, 82.76, 83.26, 83.19, 80.29, 80.34, 80.35], [78.0, 78.0, 78.0, 78.0, 78.0, 78.0, 78.0, 78.0, 78.0, 78.0, -999.0, 84.0, 84.0, 80.74, 82.17, 80.91, 80.93, 80.56, 80.61, 80.65], [78.0, 78.0, 78.0, 78.0, 78.0, 78.0, 78.0, 78.0, 78.0, 78.0, -999.0, 79.0, 79.0, 79.0, 81.75, 80.66, 80.71, 80.33, 80.41, 80.47], [78.0, 78.0, 78.0, 78.0, 78.0, 78.0, 78.0, 79.0, 79.0, 79.0, 79.0, 79.0, 79.0, 79.0, 79.0, 80.37, 80.46, 80.12, 80.22, 80.31], [78.0, 78.0, 78.63, 78.64, 78.66, 79.0, 79.0, 79.0, 79.0, 79.0, 79.0, 79.0, 79.0, 79.0, 79.0, 78.63, 78.58, 78.68, 79.5, 79.54], [78.64, 78.65, 78.35, 78.37, 79.0, 79.0, 79.0, 79.0, 79.0, 79.0, 79.0, 79.0, 79.0, 79.0, 78.89, 80.39, 80.89, 81.29, 81.59, 81.81], [78.36, 78.37, 78.39, 78.41, 79.0, 79.0, 79.0, 79.0, 79.0, 79.0, 79.0, 79.0, 79.0, 78.89, 78.98, 80.22, 80.92, 81.39, 81.71, 81.93], [78.38, 78.39, 78.42, 79.0, 79.0, 79.0, 79.0, 79.0, 79.0, 79.0, 79.19, 79.19, 78.82, 78.85, 80.11, 80.61, 81.18, 81.61, 81.9, 82.1], [78.39, 78.41, 79.57, 79.54, 79.51, 79.45, 79.37, 79.16, 79.11, 79.17, 79.22, 79.23, 78.78, 78.77, 80.98, 81.24, 81.6, 81.92, 82.15, 82.32], [79.61, 79.6, 79.58, 79.41, 79.39, 79.36, 79.33, 79.29, 79.24, 79.26, 79.28, 79.29, 78.73, 81.53, 81.6, 81.77, 82.0, 82.24, 82.44, 82.57], [79.47, 79.46, 79.46, 79.45, 79.44, 79.43, 79.42, 80.39, 79.36, 79.37, 79.37, 79.36, 79.01, 81.95, 82.03, 82.12, 82.24, 82.51, 82.76, 82.86], [79.48, 79.48, 79.48, 80.88, 80.82, 80.75, 80.68, 80.63, 80.61, 80.65, 80.75, 79.18, 82.3, 82.27, 82.34, 82.26, 82.01, 82.68, 83.18, 83.2], [81.09, 81.07, 81.04, 81.0, 80.96, 80.92, 80.86, 80.79, 80.7, 80.68, 80.83, 80.76, 82.25, 82.59, 82.8, 82.54, 80.55, 83.87, 83.9, 83.57], [81.17, 81.16, 81.15, 81.13, 81.11, 81.08, 81.03, 80.91, 80.65, 80.4, 80.86, 80.91, 80.82, 82.66, 83.01, 83.38, 84.63, 86.21, 84.46, 83.83], [81.25, 81.25, 81.26, 81.26, 81.27, 81.26, 81.23, 81.13, 80.85, 80.58, 81.01, 81.22, 81.11, 82.7, 83.13, 84.39, 84.9, 85.26, 84.3, 83.86], [81.33, 81.34, 81.36, 81.39, 81.42, 81.46, 81.49, 81.5, 81.49, 81.6, 81.74, 81.75, 81.52, 84.38, 84.39, 84.49, 84.7, 84.83, 84.78, 84.66], [81.4, 81.43, 81.47, 81.51, 81.58, 81.66, 81.77, 81.93, 82.21, 82.57, 82.83, 84.26, 84.55, 84.99, 84.47, 84.51, 84.6, 84.66, 84.66, 84.6], [81.47, 81.51, 81.56, 81.63, 81.71, 81.84, 82.01, 82.29, 82.76, 83.51, 84.77, 84.56, 84.66, 84.96, 84.51, 84.52, 84.56, 84.58, 84.58, 84.56], [81.53, 81.58, 81.64, 81.72, 81.82, 81.97, 82.17, 82.47, 84.24, 84.52, 84.71, 84.65, 84.73, 84.94, 84.53, 84.53, 84.53, 84.54, 84.54, 84.52], [81.58, 81.63, 81.7, 81.79, 81.9, 82.05, 82.24, 82.51, 84.33, 84.48, 84.59, 84.66, 84.76, 84.94, 84.54, 84.53, 84.52, 84.52, 84.51, 84.5], [81.62, 81.68, 81.75, 81.84, 81.95, 82.08, 82.25, 84.29, 84.39, 84.49, 84.58, 84.67, 84.78, 84.93, 84.54, 84.52, 84.51, 84.51, 84.5, 84.49]]}