gis_exercise/awsData/contour/humi_2023090108.json
{"header": {"refTime": "2023-09-01T08:00:00.000Z", "nx": 21, "ny": 33, "lo1": 113.509, "la1": 22.2235, "lo2": 113.5947, "la2": 22.1034, "dx": 0.0042850000000001385, "dy": 0.003753125000000024, "parameterCategory": 0, "parameterCategoryName": "Temperature", "parameterNumber": 0}, "z": [[71.18, 71.23, 71.31, 72.41, 72.44, 71.09, 71.22, 71.33, 71.32, 71.48, 71.16, 70.85, 69.66, 69.48, 69.66, 69.65, 68.6, 68.67, 68.72, 68.76], [71.14, 71.19, 71.27, 71.36, 72.43, 72.48, 71.36, 71.63, 71.77, 71.7, 71.17, 70.7, 69.46, 69.28, 69.5, 68.52, 68.63, 68.71, 68.77, 68.8], [71.09, 71.14, 71.21, 71.3, 72.4, 72.45, 72.54, 71.88, 72.7, 71.89, 71.06, 70.39, 69.11, 68.99, 68.36, 68.53, 68.68, 68.78, 68.84, 68.86], [71.02, 71.07, 71.13, 71.21, 71.33, 72.39, 72.46, 72.59, 72.71, 71.63, 70.77, 69.85, 68.54, 68.64, 68.33, 68.57, 68.76, 68.88, 68.93, 68.94], [70.95, 70.98, 71.02, 71.09, 71.19, 72.3, 72.33, 72.38, 72.43, 71.29, 70.54, 68.56, 67.66, 68.44, 68.35, 68.67, 68.92, 69.04, 69.07, 69.04], [70.87, 70.88, 70.9, 70.94, 71.01, 71.1, 72.16, 72.14, 72.19, 72.32, 69.85, 69.02, 68.28, 67.67, 68.48, 68.84, 69.16, 69.29, 69.23, 69.13], [69.89, 70.77, 70.76, 70.77, 70.81, 70.88, 71.01, 71.85, 71.87, 71.53, 71.59, 69.79, 68.14, 68.02, 68.65, 69.01, 69.48, 69.66, 69.45, 69.26], [69.86, 69.85, 69.84, 69.85, 69.9, 70.7, 70.88, 71.07, 71.11, 71.69, 72.37, 70.23, 70.21, 67.99, 69.63, 69.52, 69.74, 69.82, 69.69, 69.61], [70.15, 70.12, 69.76, 69.73, 69.72, 69.8, 70.04, 70.96, 71.64, 71.42, 71.46, 70.87, 70.59, 70.97, 69.6, 69.48, 69.61, 69.66, 69.63, 69.58], [69.0, 69.0, 69.0, 69.94, 69.8, 69.45, 69.7, 70.04, 72.14, 72.03, 70.57, 71.24, 71.02, 71.13, 69.6, 69.44, 69.52, 69.56, 69.56, 69.54], [69.0, 69.0, 69.0, 69.0, 69.0, 69.0, 69.0, 69.0, 69.71, 71.68, 73.0, 71.48, 71.3, 71.28, 69.61, 69.4, 69.46, 69.5, 69.51, 69.5], [69.0, 69.0, 69.0, 69.0, 69.0, 69.0, 69.0, 69.0, 69.0, -999.0, 73.0, 69.0, 69.0, 71.41, 69.62, 69.37, 69.41, 74.55, 74.44, 74.41], [69.0, 69.0, 69.0, 69.0, 69.0, 69.0, 69.0, 69.0, 69.0, 69.0, -999.0, 69.0, 69.0, 74.88, 72.29, 72.91, 72.85, 73.84, 73.7, 73.61], [69.0, 69.0, 69.0, 69.0, 69.0, 69.0, 69.0, 69.0, 69.0, 69.0, -999.0, 78.0, 78.0, 78.0, 73.05, 73.58, 73.45, 74.46, 74.24, 74.08], [69.0, 69.0, 69.0, 69.0, 69.0, 69.0, 69.0, 71.0, 71.0, 71.0, 71.0, 73.69, 78.0, 78.0, 78.0, 74.34, 74.1, 75.02, 74.73, 74.5], [69.0, 69.0, 70.26, 70.28, 70.32, 71.0, 71.0, 71.0, 71.0, 71.0, 75.4, 74.91, 75.58, 76.15, 75.51, 75.07, 74.62, 75.4, 73.74, 73.44], [70.28, 70.3, 69.71, 69.74, 71.0, 71.0, 71.0, 71.0, 71.0, 71.0, 74.01, 74.88, 75.79, 76.63, 76.27, 76.62, 76.13, 75.75, 75.49, 75.31], [69.71, 69.74, 69.77, 69.83, 71.0, 71.0, 71.0, 71.0, 71.0, 72.78, 73.72, 74.77, 75.86, 76.23, 77.74, 76.77, 76.07, 75.63, 75.35, 75.18], [69.75, 69.79, 69.83, 71.0, 71.0, 71.0, 71.0, 71.0, 71.63, 72.36, 73.02, 73.89, 74.64, 75.62, 76.86, 76.34, 75.76, 75.37, 75.14, 75.01], [69.78, 69.81, 71.0, 71.0, 71.0, 71.0, 71.0, 71.0, 71.66, 72.2, 72.89, 73.62, 74.13, 74.66, 75.92, 75.62, 75.24, 74.99, 74.86, 74.81], [71.0, 71.0, 71.0, 71.0, 71.0, 71.0, 71.0, 71.0, 72.09, 72.37, 72.82, 73.36, 73.63, 75.34, 75.18, 74.9, 74.64, 74.53, 74.54, 74.59], [71.0, 71.0, 71.0, 71.0, 71.0, 71.0, 71.0, 70.83, 72.22, 72.39, 72.69, 73.09, 73.16, 74.87, 74.6, 74.25, 73.99, 74.03, 74.24, 74.41], [71.0, 71.0, 71.0, 70.75, 70.76, 70.77, 70.79, 70.8, 70.81, 70.81, 70.79, 70.74, 72.44, 74.55, 74.2, 73.68, 73.13, 73.54, 74.07, 74.31], [70.71, 70.72, 70.72, 70.73, 70.74, 70.75, 70.77, 70.79, 70.82, 70.83, 70.79, 70.5, 72.42, 72.63, 72.77, 73.49, 71.72, 73.83, 74.22, 74.34], [70.7, 70.7, 70.71, 70.71, 70.72, 70.73, 70.74, 70.78, 70.85, 70.91, 70.8, 70.52, 70.41, 72.67, 72.89, 73.12, 74.29, 75.13, 74.49, 74.42], [70.69, 70.69, 70.69, 70.69, 70.69, 70.7, 70.71, 70.74, 70.81, 70.87, 70.63, 70.49, 70.4, 72.69, 72.96, 73.11, 73.6, 73.85, 74.51, 74.46], [70.67, 70.67, 70.67, 70.67, 70.66, 70.66, 70.66, 70.67, 70.68, 70.66, 70.47, 70.4, 70.36, 72.27, 72.61, 72.95, 73.24, 73.39, 73.35, 73.24], [70.66, 70.66, 70.65, 70.65, 70.64, 70.63, 70.61, 70.58, 70.53, 70.35, 70.29, 71.33, 71.81, 72.34, 72.43, 72.73, 72.96, 73.1, 73.12, 73.08], [70.65, 70.64, 70.64, 70.63, 70.61, 70.59, 70.56, 70.51, 70.42, 70.19, 70.36, 71.03, 71.61, 72.14, 72.26, 72.54, 72.75, 72.88, 72.93, 72.94], [70.64, 70.63, 70.62, 70.61, 70.59, 70.57, 70.53, 70.48, 71.1, 70.77, 70.58, 71.04, 71.56, 72.03, 72.13, 72.39, 72.58, 72.71, 72.78, 72.81], [70.63, 70.62, 70.61, 70.6, 70.58, 70.55, 70.52, 70.47, 71.23, 71.07, 71.05, 71.28, 71.63, 72.0, 72.06, 72.28, 72.45, 72.57, 72.66, 72.7], [70.62, 70.61, 70.6, 70.59, 70.57, 70.54, 70.51, 71.48, 71.39, 71.33, 71.35, 71.5, 71.74, 72.02, 72.02, 72.21, 72.36, 72.48, 72.56, 72.61]]}