gis_exercise/awsData/contour/humi_2023090201.json
{"header": {"refTime": "2023-09-02T01:00:00.000Z", "nx": 21, "ny": 33, "lo1": 113.509, "la1": 22.2235, "lo2": 113.5947, "la2": 22.1034, "dx": 0.0042850000000001385, "dy": 0.003753125000000024, "parameterCategory": 0, "parameterCategoryName": "Temperature", "parameterNumber": 0}, "z": [[97.61, 97.6, 97.58, 97.81, 97.77, 96.33, 96.35, 96.36, 96.31, 96.38, 96.2, 96.02, 95.17, 95.08, 94.77, 94.77, 94.52, 94.56, 94.59, 94.61], [97.62, 97.61, 97.59, 97.56, 97.77, 97.71, 96.43, 96.49, 96.51, 96.46, 96.18, 95.91, 95.03, 94.94, 94.67, 94.45, 94.52, 94.57, 94.61, 94.63], [97.64, 97.62, 97.61, 97.58, 97.79, 97.73, 97.62, 96.61, 96.89, 96.55, 96.11, 95.69, 94.78, 94.73, 94.34, 94.45, 94.54, 94.6, 94.63, 94.65], [97.65, 97.65, 97.63, 97.61, 97.58, 97.78, 97.69, 97.55, 97.41, 96.47, 95.97, 95.32, 94.35, 94.87, 94.3, 94.47, 94.57, 94.64, 94.67, 94.69], [97.67, 97.67, 97.66, 97.65, 97.63, 97.85, 97.81, 97.77, 97.78, 96.44, 95.94, 94.76, 93.75, 94.65, 94.32, 94.52, 94.64, 94.7, 94.72, 94.72], [97.69, 97.69, 97.69, 97.69, 97.68, 97.67, 97.93, 97.96, 98.01, 98.12, 96.12, 95.28, 94.48, 94.0, 94.45, 94.63, 94.75, 94.8, 94.78, 94.76], [98.0, 97.72, 97.73, 97.73, 97.73, 97.74, 98.25, 98.05, 98.12, 98.07, 98.04, 96.19, 94.71, 94.53, 94.65, 94.74, 94.86, 94.91, 94.63, 94.5], [98.0, 98.0, 98.0, 98.0, 98.0, 98.23, 98.23, 98.18, 98.0, 98.18, 98.57, 96.92, 96.9, 94.49, 95.37, 95.48, 95.26, 95.18, 95.31, 95.39], [98.0, 98.0, 98.0, 98.0, 98.0, 98.0, 98.0, 98.22, 98.32, 98.0, 97.85, 97.41, 97.19, 97.48, 95.4, 95.52, 95.39, 95.34, 95.37, 95.42], [98.0, 98.0, 98.0, 98.0, 98.0, 98.0, 98.0, 98.0, 98.57, 98.51, 97.18, 97.68, 97.52, 97.6, 95.4, 95.56, 95.48, 95.44, 95.44, 95.46], [98.0, 98.0, 98.0, 98.0, 98.0, 98.0, 98.0, 98.0, 98.0, 98.34, 99.0, 97.86, 97.72, 97.71, 95.39, 95.6, 95.54, 95.5, 95.49, 95.5], [98.0, 98.0, 98.0, 98.0, 98.0, 98.0, 98.0, 98.0, 98.0, -999.0, 99.0, 96.0, 96.0, 97.81, 95.38, 95.63, 95.59, 97.27, 97.22, 97.2], [98.0, 98.0, 98.0, 98.0, 98.0, 98.0, 98.0, 98.0, 98.0, 98.0, -999.0, 96.0, 96.0, 97.96, 97.1, 96.46, 96.43, 96.92, 96.85, 96.81], [98.0, 98.0, 98.0, 98.0, 98.0, 98.0, 98.0, 98.0, 98.0, 98.0, -999.0, 99.0, 99.0, 99.0, 97.35, 96.79, 96.73, 97.23, 97.12, 97.04], [98.0, 98.0, 98.0, 98.0, 98.0, 98.0, 98.0, 97.0, 97.0, 97.0, 97.0, 97.77, 99.0, 99.0, 99.0, 97.17, 97.05, 97.51, 97.37, 97.25], [98.0, 98.0, 97.37, 97.36, 97.34, 97.0, 97.0, 97.0, 97.0, 97.0, 98.26, 98.12, 98.31, 98.47, 98.29, 99.0, 99.0, 99.0, 97.97, 97.89], [97.36, 97.35, 97.65, 97.63, 97.0, 97.0, 97.0, 97.0, 97.0, 97.0, 97.86, 98.11, 98.37, 98.61, 98.76, 99.0, 99.0, 99.0, 99.0, 99.0], [97.64, 97.63, 97.61, 97.59, 97.0, 97.0, 97.0, 97.0, 97.0, 97.51, 97.78, 98.08, 98.39, 98.74, 98.97, 99.0, 99.0, 99.0, 99.0, 99.0], [97.62, 97.61, 97.58, 97.0, 97.0, 97.0, 97.0, 97.0, 97.18, 97.39, 98.13, 98.41, 98.45, 98.67, 99.0, 99.0, 99.0, 99.0, 99.0, 99.0], [97.61, 97.59, 98.71, 98.63, 98.52, 98.36, 98.12, 97.49, 97.52, 97.87, 98.2, 98.44, 98.4, 98.57, 99.0, 99.0, 99.0, 99.0, 99.0, 99.0], [98.83, 98.79, 98.73, 98.24, 98.18, 98.09, 97.98, 97.86, 98.02, 98.17, 98.37, 98.53, 98.38, 99.0, 99.0, 99.0, 99.0, 99.0, 99.0, 99.0], [98.4, 98.38, 98.37, 98.35, 98.32, 98.29, 98.27, 98.21, 98.43, 98.52, 98.61, 98.67, 99.33, 99.0, 99.0, 99.0, 99.0, 99.0, 99.0, 99.0], [98.45, 98.45, 98.45, 98.34, 98.36, 98.39, 98.44, 98.52, 98.62, 98.68, 98.67, 98.85, 99.37, 99.0, 99.0, 99.0, 99.0, 99.0, 99.0, 99.0], [98.36, 98.37, 98.39, 98.41, 98.45, 98.52, 98.62, 98.78, 98.98, 99.08, 98.95, 99.25, 99.39, 99.28, 99.19, 99.0, 99.0, 99.0, 99.0, 99.0], [98.39, 98.4, 98.43, 98.47, 98.52, 98.61, 98.74, 98.95, 99.31, 99.6, 99.19, 99.25, 99.13, 99.3, 99.2, 99.12, 99.0, 99.0, 99.0, 99.0], [98.41, 98.43, 98.46, 98.5, 98.56, 98.65, 98.77, 98.97, 99.29, 99.55, 99.38, 99.17, 99.07, 99.31, 99.22, 98.85, 98.89, 98.91, 99.0, 99.0], [98.43, 98.45, 98.48, 98.52, 98.57, 98.64, 98.73, 98.85, 98.97, 98.99, 99.08, 98.98, 98.96, 98.64, 98.73, 98.79, 98.84, 98.85, 98.85, 98.84], [98.44, 98.46, 98.49, 98.52, 98.56, 98.61, 98.66, 98.7, 98.69, 98.79, 98.68, 98.74, 98.82, 98.88, 98.67, 98.74, 98.78, 98.81, 98.81, 98.81], [98.44, 98.46, 98.49, 98.51, 98.54, 98.57, 98.59, 98.58, 98.5, 98.46, 98.21, 98.53, 98.72, 98.82, 98.62, 98.69, 98.74, 98.76, 98.78, 98.78], [98.45, 98.46, 98.48, 98.5, 98.52, 98.53, 98.53, 98.5, 98.66, 98.44, 98.31, 98.51, 98.67, 98.78, 98.59, 98.65, 98.7, 98.73, 98.75, 98.76], [98.45, 98.46, 98.47, 98.49, 98.5, 98.5, 98.5, 98.47, 98.68, 98.57, 98.53, 98.59, 98.69, 98.77, 98.57, 98.63, 98.67, 98.7, 98.72, 98.73], [98.44, 98.46, 98.47, 98.48, 98.48, 98.48, 98.47, 98.78, 98.72, 98.66, 98.64, 98.67, 98.72, 98.78, 98.56, 98.61, 98.65, 98.68, 98.7, 98.71]]}