gis_exercise/awsData/contour/humi_2023091011.json
{"header": {"refTime": "2023-09-10T11:00:00.000Z", "nx": 21, "ny": 33, "lo1": 113.509, "la1": 22.2235, "lo2": 113.5947, "la2": 22.1034, "dx": 0.0042850000000001385, "dy": 0.003753125000000024, "parameterCategory": 0, "parameterCategoryName": "Temperature", "parameterNumber": 0}, "z": [[93.09, 93.12, 93.15, 94.73, 94.7, 92.81, 92.89, 92.95, 92.94, 93.76, 93.63, 93.48, 91.69, 91.57, 91.49, 91.44, 90.62, 90.65, 90.66, 90.67], [93.07, 93.1, 93.13, 93.18, 94.69, 94.64, 92.98, 93.14, 93.23, 93.79, 93.59, 93.35, 91.56, 91.43, 91.38, 90.59, 90.63, 90.66, 90.67, 90.69], [93.04, 93.07, 93.1, 93.15, 94.68, 94.63, 94.55, 93.3, 93.81, 93.84, 93.52, 93.13, 91.33, 91.24, 90.54, 90.6, 90.64, 90.67, 90.69, 90.7], [93.01, 93.03, 93.06, 93.11, 93.17, 94.64, 94.58, 94.48, 94.39, 93.85, 93.44, 92.74, 90.96, 91.81, 90.53, 90.61, 90.67, 90.7, 90.72, 90.73], [92.98, 92.99, 93.01, 93.04, 93.09, 94.65, 94.62, 94.62, 94.7, 94.03, 93.51, 91.76, 90.72, 91.56, 90.53, 90.64, 90.71, 90.75, 90.76, 90.75], [92.93, 92.94, 92.95, 92.97, 93.0, 93.05, 94.61, 94.62, 94.81, 95.23, 93.34, 92.27, 91.37, 90.33, 90.59, 90.69, 90.78, 90.82, 90.8, 90.78], [92.45, 92.88, 92.88, 92.88, 92.9, 92.94, 94.02, 94.38, 94.55, 94.91, 95.24, 93.05, 90.57, 90.51, 90.66, 90.75, 90.87, 90.91, 90.82, 90.75], [92.43, 92.42, 92.42, 92.43, 92.45, 93.75, 93.85, 93.76, 93.45, 95.21, 96.78, 93.15, 93.11, 90.5, 91.0, 91.0, 91.0, 91.0, 91.0, 91.0], [92.57, 92.56, 92.38, 92.37, 92.36, 92.4, 92.52, 93.86, 94.59, 94.7, 95.31, 94.28, 93.78, 94.44, 91.0, 91.0, 91.0, 91.0, 91.0, 91.0], [92.0, 92.0, 92.0, 92.47, 92.4, 92.23, 92.35, 92.52, 95.84, 95.56, 93.74, 94.92, 94.54, 94.72, 91.0, 91.0, 91.0, 91.0, 91.0, 91.0], [92.0, 92.0, 92.0, 92.0, 92.0, 92.0, 92.0, 92.0, 92.35, 94.71, 98.0, 95.33, 95.02, 95.0, 91.0, 91.0, 91.0, 91.0, 91.0, 91.0], [92.0, 92.0, 92.0, 92.0, 92.0, 92.0, 92.0, 92.0, 92.0, -999.0, 98.0, 91.0, 91.0, 95.21, 91.0, 91.0, 91.0, 93.84, 93.77, 93.76], [92.0, 92.0, 92.0, 92.0, 92.0, 92.0, 92.0, 92.0, 92.0, 92.0, -999.0, 91.0, 91.0, 94.26, 92.83, 92.82, 92.78, 93.4, 93.31, 93.26], [92.0, 92.0, 92.0, 92.0, 92.0, 92.0, 92.0, 92.0, 92.0, 92.0, -999.0, 96.0, 96.0, 96.0, 93.25, 93.24, 93.16, 93.78, 93.65, 93.55], [92.0, 92.0, 92.0, 92.0, 92.0, 92.0, 92.0, 90.0, 90.0, 90.0, 90.0, 92.31, 96.0, 96.0, 96.0, 93.71, 93.56, 94.14, 93.96, 93.81], [92.0, 92.0, 90.74, 90.72, 90.68, 90.0, 90.0, 90.0, 90.0, 90.0, 93.78, 93.35, 93.93, 94.42, 93.86, 94.53, 94.31, 94.7, 93.61, 93.44], [90.72, 90.7, 91.29, 91.26, 90.0, 90.0, 90.0, 90.0, 90.0, 90.0, 92.58, 93.32, 94.11, 94.83, 94.84, 94.96, 94.59, 94.3, 94.09, 93.95], [91.29, 91.26, 91.23, 91.17, 90.0, 90.0, 90.0, 90.0, 90.0, 91.52, 92.33, 93.23, 94.17, 94.79, 95.83, 95.07, 94.55, 94.21, 93.99, 93.85], [91.25, 91.21, 91.17, 90.0, 90.0, 90.0, 90.0, 90.0, 90.54, 91.17, 92.66, 93.45, 93.63, 94.39, 95.15, 94.76, 94.33, 94.02, 93.84, 93.73], [91.22, 91.19, 92.86, 92.72, 92.53, 92.27, 91.86, 90.82, 91.12, 91.9, 92.73, 93.4, 93.32, 93.79, 94.46, 94.24, 93.96, 93.75, 93.63, 93.57], [93.05, 92.98, 92.88, 92.07, 91.96, 91.82, 91.63, 91.43, 92.11, 92.48, 92.98, 93.45, 93.04, 94.03, 93.93, 93.74, 93.55, 93.44, 93.4, 93.4], [92.33, 92.31, 92.28, 92.25, 92.2, 92.15, 92.11, 91.91, 92.84, 93.06, 93.32, 93.58, 94.4, 93.69, 93.53, 93.32, 93.15, 93.12, 93.17, 93.24], [92.42, 92.42, 92.42, 92.07, 92.11, 92.16, 92.26, 92.4, 92.57, 92.68, 92.64, 92.74, 93.41, 93.44, 93.24, 92.99, 92.75, 92.82, 92.98, 93.11], [92.07, 92.09, 92.13, 92.18, 92.25, 92.37, 92.55, 92.83, 93.18, 93.35, 93.12, 93.26, 93.47, 93.18, 92.93, 92.82, 92.33, 92.7, 92.9, 93.04], [92.11, 92.14, 92.19, 92.25, 92.35, 92.5, 92.73, 93.11, 93.75, 94.28, 93.51, 93.29, 92.96, 93.23, 92.98, 92.78, 92.77, 92.86, 92.92, 93.02], [92.14, 92.18, 92.23, 92.3, 92.4, 92.54, 92.76, 93.11, 93.69, 94.16, 93.64, 93.14, 92.86, 93.28, 93.05, 92.29, 92.41, 92.46, 92.97, 93.04], [92.16, 92.2, 92.25, 92.31, 92.4, 92.51, 92.66, 92.86, 93.07, 93.09, 93.02, 92.79, 92.67, 91.97, 92.1, 92.21, 92.3, 92.34, 92.33, 92.3], [92.17, 92.2, 92.25, 92.3, 92.36, 92.43, 92.5, 92.55, 92.5, 92.48, 92.26, 92.48, 92.65, 92.76, 92.02, 92.13, 92.21, 92.25, 92.26, 92.25], [92.17, 92.2, 92.23, 92.27, 92.31, 92.34, 92.35, 92.3, 92.12, 91.85, 91.42, 92.06, 92.43, 92.63, 91.95, 92.05, 92.13, 92.17, 92.2, 92.2], [92.17, 92.19, 92.22, 92.24, 92.26, 92.27, 92.24, 92.15, 92.32, 91.89, 91.62, 92.01, 92.35, 92.56, 91.89, 91.99, 92.07, 92.11, 92.14, 92.16], [92.16, 92.18, 92.2, 92.21, 92.22, 92.21, 92.17, 92.09, 92.36, 92.14, 92.05, 92.18, 92.38, 92.54, 91.86, 91.95, 92.02, 92.07, 92.1, 92.12], [92.15, 92.17, 92.18, 92.18, 92.18, 92.17, 92.13, 92.57, 92.44, 92.33, 92.29, 92.34, 92.45, 92.56, 91.85, 91.92, 91.98, 92.03, 92.06, 92.09]]}