gis_exercise/awsData/contour/humi_2023090410.json
{"header": {"refTime": "2023-09-04T10:00:00.000Z", "nx": 21, "ny": 33, "lo1": 113.509, "la1": 22.2235, "lo2": 113.5947, "la2": 22.1034, "dx": 0.0042850000000001385, "dy": 0.003753125000000024, "parameterCategory": 0, "parameterCategoryName": "Temperature", "parameterNumber": 0}, "z": [[67.69, 67.69, 67.69, 67.19, 67.23, 66.12, 66.23, 66.32, 66.29, 65.84, 65.43, 65.04, 63.54, 63.29, 63.39, 63.28, 61.36, 61.38, 61.4, 61.41], [67.68, 67.69, 67.69, 67.7, 67.23, 67.29, 66.38, 66.63, 66.76, 66.16, 65.46, 64.87, 63.32, 63.07, 63.2, 61.33, 61.37, 61.4, 61.42, 61.43], [67.68, 67.68, 67.68, 67.69, 67.21, 67.27, 67.38, 66.9, 67.7, 66.42, 65.33, 64.52, 62.93, 62.75, 61.28, 61.34, 61.39, 61.43, 61.45, 61.46], [67.68, 67.68, 67.68, 67.67, 67.68, 67.22, 67.31, 67.45, 67.59, 66.02, 64.94, 63.9, 62.34, 61.99, 61.28, 61.36, 61.43, 61.47, 61.49, 61.49], [67.68, 67.67, 67.67, 67.66, 67.65, 67.15, 67.19, 67.23, 67.22, 65.42, 64.55, 61.98, 61.39, 61.84, 61.28, 61.39, 61.49, 61.54, 61.55, 61.53], [67.68, 67.67, 67.67, 67.65, 67.63, 67.61, 67.07, 67.04, 66.99, 66.88, 62.92, 62.26, 61.73, 61.0, 61.3, 61.45, 61.6, 61.66, 61.63, 61.58], [67.55, 67.68, 67.67, 67.66, 67.63, 67.58, 67.0, 66.95, 66.88, 65.36, 64.92, 62.65, 61.0, 61.0, 61.33, 61.51, 61.74, 61.83, 61.82, 61.75], [67.57, 67.58, 67.58, 67.57, 67.55, 67.15, 67.06, 66.96, 66.54, 65.51, 65.49, 62.54, 62.51, 61.0, 61.63, 61.52, 61.74, 61.82, 61.69, 61.61], [67.43, 67.44, 67.62, 67.63, 67.64, 67.6, 67.48, 67.02, 66.68, 65.29, 64.08, 63.34, 62.98, 63.46, 61.6, 61.48, 61.61, 61.66, 61.63, 61.58], [68.0, 68.0, 68.0, 67.53, 67.6, 67.77, 67.65, 67.48, 66.43, 66.49, 62.96, 63.8, 63.53, 63.66, 61.6, 61.44, 61.52, 61.56, 61.56, 61.54], [68.0, 68.0, 68.0, 68.0, 68.0, 68.0, 68.0, 68.0, 67.65, 66.66, 66.0, 64.09, 63.87, 63.85, 61.61, 61.4, 61.46, 61.5, 61.51, 61.5], [68.0, 68.0, 68.0, 68.0, 68.0, 68.0, 68.0, 68.0, 68.0, -999.0, 66.0, 61.0, 61.0, 64.01, 61.62, 61.37, 61.41, 67.68, 67.55, 67.51], [68.0, 68.0, 68.0, 68.0, 68.0, 68.0, 68.0, 68.0, 68.0, 68.0, -999.0, 61.0, 61.0, 68.18, 65.02, 65.64, 65.57, 66.8, 66.62, 66.51], [68.0, 68.0, 68.0, 68.0, 68.0, 68.0, 68.0, 68.0, 68.0, 68.0, -999.0, 72.0, 72.0, 72.0, 65.95, 66.47, 66.31, 67.57, 67.3, 67.09], [68.0, 68.0, 68.0, 68.0, 68.0, 68.0, 68.0, 70.0, 70.0, 70.0, 70.0, 70.77, 72.0, 72.0, 72.0, 67.42, 67.12, 68.28, 67.92, 67.62], [68.0, 68.0, 69.26, 69.28, 69.32, 70.0, 70.0, 70.0, 70.0, 70.0, 71.26, 71.12, 71.31, 71.47, 71.29, 70.53, 70.31, 70.7, 68.32, 68.05], [69.28, 69.3, 68.71, 68.74, 70.0, 70.0, 70.0, 70.0, 70.0, 70.0, 70.86, 71.11, 71.37, 71.61, 71.32, 71.38, 71.16, 70.99, 70.87, 70.8], [68.71, 68.74, 68.77, 68.83, 70.0, 70.0, 70.0, 70.0, 70.0, 70.51, 70.78, 71.08, 71.39, 71.31, 71.9, 71.45, 71.13, 70.93, 70.81, 70.74], [68.75, 68.79, 68.83, 70.0, 70.0, 70.0, 70.0, 70.0, 70.18, 70.39, 70.76, 71.02, 70.73, 71.06, 71.49, 71.25, 70.99, 70.82, 70.72, 70.66], [68.78, 68.81, 70.57, 70.54, 70.51, 70.45, 70.37, 70.16, 70.3, 70.52, 70.76, 70.98, 70.51, 70.65, 71.06, 70.92, 70.75, 70.64, 70.59, 70.57], [70.61, 70.6, 70.58, 70.41, 70.39, 70.36, 70.33, 70.29, 70.55, 70.65, 70.8, 70.96, 70.28, 70.8, 70.72, 70.59, 70.48, 70.43, 70.44, 70.48], [70.47, 70.46, 70.46, 70.45, 70.44, 70.43, 70.42, 70.35, 70.71, 70.77, 70.86, 70.96, 70.4, 70.59, 70.46, 70.29, 70.16, 70.2, 70.31, 70.4], [70.48, 70.48, 70.48, 70.36, 70.37, 70.39, 70.41, 70.44, 70.48, 70.5, 70.49, 69.92, 70.3, 70.44, 70.27, 70.01, 69.73, 69.96, 70.24, 70.37], [70.36, 70.36, 70.37, 70.38, 70.4, 70.42, 70.46, 70.52, 70.6, 70.64, 70.58, 70.01, 70.33, 70.19, 70.04, 69.93, 68.97, 70.15, 70.35, 70.39], [70.36, 70.37, 70.38, 70.39, 70.41, 70.44, 70.49, 70.58, 70.72, 70.84, 70.66, 70.09, 69.81, 70.24, 70.13, 70.06, 70.42, 70.9, 70.51, 70.45], [70.37, 70.37, 70.38, 70.4, 70.42, 70.45, 70.49, 70.57, 70.7, 70.81, 70.39, 70.1, 69.85, 70.3, 70.23, 70.08, 70.27, 70.39, 70.51, 70.47], [70.37, 70.37, 70.38, 70.4, 70.41, 70.43, 70.47, 70.51, 70.55, 70.55, 70.22, 70.05, 69.87, 70.01, 70.04, 70.1, 70.18, 70.23, 70.21, 70.17], [70.37, 70.37, 70.38, 70.39, 70.4, 70.41, 70.42, 70.43, 70.41, 70.14, 70.08, 70.59, 70.73, 70.88, 70.05, 70.08, 70.13, 70.16, 70.16, 70.14], [70.36, 70.37, 70.37, 70.38, 70.38, 70.39, 70.38, 70.36, 70.31, 70.04, 70.16, 70.44, 70.65, 70.81, 70.04, 70.07, 70.1, 70.12, 70.12, 70.11], [70.36, 70.36, 70.37, 70.37, 70.37, 70.37, 70.35, 70.33, 70.51, 70.35, 70.25, 70.43, 70.62, 70.77, 70.04, 70.06, 70.08, 70.09, 70.1, 70.09], [70.36, 70.36, 70.36, 70.36, 70.36, 70.35, 70.34, 70.31, 70.54, 70.47, 70.44, 70.52, 70.64, 70.76, 70.04, 70.05, 70.06, 70.07, 70.08, 70.08], [70.36, 70.36, 70.36, 70.35, 70.35, 70.34, 70.33, 70.64, 70.6, 70.56, 70.56, 70.6, 70.68, 70.77, 70.03, 70.04, 70.05, 70.06, 70.07, 70.07]]}