gis_exercise/awsData/contour/humi_2023090521.json
{"header": {"refTime": "2023-09-05T21:00:00.000Z", "nx": 21, "ny": 33, "lo1": 113.509, "la1": 22.2235, "lo2": 113.5947, "la2": 22.1034, "dx": 0.0042850000000001385, "dy": 0.003753125000000024, "parameterCategory": 0, "parameterCategoryName": "Temperature", "parameterNumber": 0}, "z": [[61.77, 61.81, 61.85, 61.89, 61.95, 61.32, 61.44, 61.54, 61.54, 61.35, 61.05, 60.75, 60.05, 59.89, 59.79, 59.72, 58.62, 58.65, 58.66, 58.67], [61.75, 61.78, 61.82, 61.88, 61.94, 62.03, 61.56, 61.8, 61.93, 61.59, 61.07, 60.64, 59.89, 59.73, 59.65, 58.59, 58.63, 58.66, 58.67, 58.69], [61.72, 61.75, 61.79, 61.84, 61.91, 62.0, 62.15, 62.01, 62.74, 61.79, 60.98, 60.39, 59.61, 59.49, 58.54, 58.6, 58.64, 58.67, 58.69, 58.7], [61.69, 61.71, 61.74, 61.78, 61.84, 61.92, 62.04, 62.25, 62.44, 61.47, 60.68, 59.95, 59.15, 58.82, 58.53, 58.61, 58.67, 58.7, 58.72, 58.73], [61.65, 61.66, 61.68, 61.71, 61.75, 61.8, 61.85, 61.92, 61.94, 60.99, 60.37, 58.78, 58.33, 58.72, 58.53, 58.64, 58.71, 58.75, 58.76, 58.75], [61.61, 61.61, 61.62, 61.62, 61.64, 61.66, 61.65, 61.62, 61.58, 61.54, 59.42, 59.01, 58.64, 58.33, 58.59, 58.69, 58.78, 58.82, 58.8, 58.78], [61.0, 61.56, 61.55, 61.54, 61.53, 61.52, 61.0, 61.37, 61.31, 60.61, 60.49, 59.4, 58.57, 58.51, 58.66, 58.75, 58.87, 58.91, 58.82, 58.75], [61.0, 61.0, 61.0, 61.0, 61.0, 61.0, 61.0, 61.0, 60.88, 60.67, 60.77, 59.61, 59.6, 58.5, 59.0, 59.0, 59.0, 59.0, 59.0, 59.0], [61.0, 61.0, 61.0, 61.0, 61.0, 61.0, 61.0, 61.0, 61.0, 60.57, 60.23, 59.94, 59.79, 59.98, 59.0, 59.0, 59.0, 59.0, 59.0, 59.0], [61.0, 61.0, 61.0, 61.0, 61.0, 61.0, 61.0, 61.0, 61.0, 61.0, 59.78, 60.12, 60.01, 60.06, 59.0, 59.0, 59.0, 59.0, 59.0, 59.0], [61.0, 61.0, 61.0, 61.0, 61.0, 61.0, 61.0, 61.0, 61.0, 61.0, 61.0, 60.24, 60.15, 60.14, 59.0, 59.0, 59.0, 59.0, 59.0, 59.0], [61.0, 61.0, 61.0, 61.0, 61.0, 61.0, 61.0, 61.0, 61.0, -999.0, 61.0, 59.0, 59.0, 60.2, 59.0, 59.0, 59.0, 66.39, 66.21, 66.17], [61.0, 61.0, 61.0, 61.0, 61.0, 61.0, 61.0, 61.0, 61.0, 61.0, -999.0, 59.0, 59.0, 67.49, 63.75, 63.73, 63.64, 65.24, 65.01, 64.87], [61.0, 61.0, 61.0, 61.0, 61.0, 61.0, 61.0, 61.0, 61.0, 61.0, -999.0, 72.0, 72.0, 72.0, 64.85, 64.82, 64.61, 66.24, 65.89, 65.62], [61.0, 61.0, 61.0, 61.0, 61.0, 61.0, 61.0, 69.0, 69.0, 69.0, 69.0, 70.15, 72.0, 72.0, 72.0, 66.05, 65.66, 67.16, 66.69, 66.31], [61.0, 61.0, 66.03, 66.13, 66.28, 69.0, 69.0, 69.0, 69.0, 69.0, 70.89, 70.67, 70.96, 71.21, 70.93, 69.43, 69.04, 69.73, 66.72, 66.34], [66.13, 66.19, 63.82, 63.96, 69.0, 69.0, 69.0, 69.0, 69.0, 69.0, 70.29, 70.66, 71.05, 71.41, 70.86, 71.33, 71.1, 70.93, 70.81, 70.74], [63.85, 63.95, 64.09, 64.3, 69.0, 69.0, 69.0, 69.0, 69.0, 69.76, 70.16, 70.61, 71.08, 70.86, 71.83, 71.4, 71.06, 70.86, 70.74, 70.68], [64.01, 64.14, 64.32, 69.0, 69.0, 69.0, 69.0, 69.0, 69.27, 69.58, 68.56, 68.88, 69.91, 70.44, 71.44, 71.18, 70.9, 70.72, 70.63, 70.6], [64.12, 64.25, 65.0, 65.19, 65.45, 65.83, 66.39, 67.85, 68.51, 68.3, 68.27, 68.51, 69.54, 69.75, 70.96, 70.8, 70.61, 70.51, 70.48, 70.5], [64.73, 64.83, 64.96, 66.1, 66.25, 66.46, 66.72, 67.0, 67.82, 67.76, 67.79, 68.01, 69.15, 70.67, 70.56, 70.39, 70.26, 70.24, 70.32, 70.41], [65.74, 65.77, 65.81, 65.86, 65.91, 65.98, 66.05, 66.05, 67.01, 66.99, 67.1, 67.38, 66.5, 70.43, 70.23, 69.97, 69.79, 69.92, 70.18, 70.36], [65.61, 65.61, 65.61, 65.69, 65.67, 65.61, 65.5, 65.32, 65.1, 64.95, 64.97, 64.85, 66.85, 70.27, 70.01, 69.55, 69.0, 69.58, 70.19, 70.4], [65.64, 65.61, 65.58, 65.52, 65.43, 65.29, 65.06, 64.7, 64.25, 64.03, 64.3, 63.74, 66.71, 67.51, 68.12, 69.48, 67.32, 70.22, 70.56, 70.55], [65.56, 65.52, 65.47, 65.38, 65.26, 65.07, 64.77, 64.29, 63.51, 62.86, 63.77, 63.71, 64.04, 67.5, 68.25, 68.94, 70.87, 72.12, 70.98, 70.7], [65.5, 65.45, 65.38, 65.29, 65.15, 64.96, 64.67, 64.23, 63.53, 62.97, 63.36, 63.86, 64.14, 67.46, 68.24, 69.59, 70.24, 70.6, 70.94, 70.75], [65.45, 65.4, 65.33, 65.23, 65.11, 64.95, 64.73, 64.46, 64.18, 64.12, 63.98, 64.21, 64.33, 68.59, 69.0, 69.41, 69.79, 69.99, 69.94, 69.78], [65.42, 65.37, 65.3, 65.22, 65.11, 64.99, 64.87, 64.76, 64.75, 64.52, 64.74, 66.14, 66.71, 67.45, 68.8, 69.17, 69.45, 69.62, 69.65, 69.59], [65.4, 65.35, 65.29, 65.22, 65.14, 65.07, 65.01, 65.0, 65.11, 65.15, 66.01, 66.23, 66.7, 67.3, 68.61, 68.94, 69.19, 69.34, 69.41, 69.42], [65.39, 65.34, 65.29, 65.24, 65.18, 65.14, 65.11, 65.14, 65.98, 66.04, 66.1, 66.33, 66.72, 67.22, 68.46, 68.76, 68.98, 69.14, 69.22, 69.26], [65.38, 65.34, 65.3, 65.26, 65.22, 65.19, 65.19, 65.22, 66.15, 66.19, 66.28, 66.48, 66.8, 67.19, 68.37, 68.63, 68.83, 68.98, 69.07, 69.13], [65.38, 65.35, 65.31, 65.28, 65.25, 65.24, 65.23, 66.27, 66.3, 66.35, 66.46, 66.63, 66.89, 67.2, 68.33, 68.55, 68.72, 68.86, 68.96, 69.02]]}