gis_exercise/awsData/contour/humi_2023090710.json
{"header": {"refTime": "2023-09-07T10:00:00.000Z", "nx": 21, "ny": 33, "lo1": 113.509, "la1": 22.2235, "lo2": 113.5947, "la2": 22.1034, "dx": 0.0042850000000001385, "dy": 0.003753125000000024, "parameterCategory": 0, "parameterCategoryName": "Temperature", "parameterNumber": 0}, "z": [[81.58, 81.66, 81.77, 83.41, 83.44, 82.55, 82.66, 82.75, 82.76, 82.99, 82.78, 82.57, 82.17, 82.08, 82.06, 82.09, 81.87, 81.94, 81.99, 82.02], [81.52, 81.61, 81.71, 81.85, 83.43, 83.48, 82.76, 82.97, 83.09, 83.13, 82.78, 82.46, 82.03, 81.94, 81.96, 81.78, 81.89, 81.97, 82.02, 82.06], [81.45, 81.53, 81.63, 81.77, 83.4, 83.45, 83.54, 83.15, 83.78, 83.26, 82.71, 82.26, 81.78, 81.73, 81.62, 81.79, 81.93, 82.02, 82.08, 82.11], [81.36, 81.42, 81.51, 81.64, 81.82, 83.39, 83.46, 83.59, 83.71, 83.09, 82.51, 81.9, 81.35, 81.48, 81.58, 81.82, 82.0, 82.11, 82.16, 82.18], [81.25, 81.29, 81.36, 81.47, 81.62, 83.3, 83.33, 83.38, 83.43, 82.86, 82.36, 81.36, 80.59, 81.31, 81.6, 81.92, 82.14, 82.25, 82.27, 82.26], [81.12, 81.14, 81.18, 81.26, 81.38, 81.55, 83.16, 83.14, 83.19, 83.32, 82.35, 81.78, 81.18, 81.0, 81.76, 82.08, 82.34, 82.45, 82.41, 82.34], [79.79, 80.97, 80.97, 81.0, 81.08, 81.24, 81.5, 82.85, 82.87, 83.12, 83.36, 82.53, 81.71, 81.53, 81.98, 82.25, 82.61, 82.74, 82.45, 82.26], [79.71, 79.69, 79.68, 79.7, 79.79, 80.94, 81.32, 81.78, 82.28, 83.18, 83.72, 83.31, 83.3, 81.49, 83.0, 83.0, 83.0, 83.0, 83.0, 83.0], [80.29, 80.23, 79.52, 79.46, 79.44, 79.59, 80.08, 81.49, 82.64, 83.07, 83.62, 83.47, 83.4, 83.49, 83.0, 83.0, 83.0, 83.0, 83.0, 83.0], [78.0, 78.0, 78.0, 79.87, 79.61, 78.91, 79.39, 80.08, 83.14, 83.03, 83.39, 83.56, 83.51, 83.53, 83.0, 83.0, 83.0, 83.0, 83.0, 83.0], [78.0, 78.0, 78.0, 78.0, 78.0, 78.0, 78.0, 78.0, 79.42, 82.68, 84.0, 83.62, 83.57, 83.57, 83.0, 83.0, 83.0, 83.0, 83.0, 83.0], [78.0, 78.0, 78.0, 78.0, 78.0, 78.0, 78.0, 78.0, 78.0, -999.0, 84.0, 83.0, 83.0, 83.6, 83.0, 83.0, 83.0, 84.71, 84.66, 84.65], [78.0, 78.0, 78.0, 78.0, 78.0, 78.0, 78.0, 78.0, 78.0, 78.0, -999.0, 83.0, 83.0, 84.96, 84.1, 84.09, 84.07, 84.44, 84.39, 84.35], [78.0, 78.0, 78.0, 78.0, 78.0, 78.0, 78.0, 78.0, 78.0, 78.0, -999.0, 86.0, 86.0, 86.0, 84.35, 84.34, 84.29, 84.67, 84.59, 84.53], [78.0, 78.0, 78.0, 78.0, 78.0, 78.0, 78.0, 81.0, 81.0, 81.0, 81.0, 82.92, 86.0, 86.0, 86.0, 84.63, 84.54, 84.88, 84.78, 84.69], [78.0, 78.0, 79.89, 79.92, 79.98, 81.0, 81.0, 81.0, 81.0, 81.0, 84.15, 83.79, 84.27, 84.68, 84.22, 86.37, 86.42, 86.32, 85.5, 85.46], [79.93, 79.94, 79.06, 79.11, 81.0, 81.0, 81.0, 81.0, 81.0, 81.0, 83.15, 83.77, 84.42, 85.02, 85.52, 86.72, 86.97, 87.18, 87.33, 87.43], [79.07, 79.11, 79.16, 79.24, 81.0, 81.0, 81.0, 81.0, 81.0, 82.27, 82.94, 83.69, 84.47, 85.45, 85.93, 86.63, 86.99, 87.23, 87.39, 87.5], [79.13, 79.18, 79.25, 81.0, 81.0, 81.0, 81.0, 81.0, 81.45, 81.97, 82.81, 83.45, 84.81, 85.32, 86.58, 86.84, 87.14, 87.35, 87.49, 87.58], [79.17, 79.22, 82.14, 82.09, 82.01, 81.91, 81.75, 81.33, 81.69, 82.21, 82.79, 83.33, 84.73, 85.14, 87.04, 87.18, 87.37, 87.52, 87.63, 87.69], [82.22, 82.19, 82.15, 81.83, 81.79, 81.73, 81.65, 81.57, 82.25, 82.5, 82.87, 83.26, 84.72, 87.33, 87.38, 87.49, 87.61, 87.71, 87.78, 87.82], [81.93, 81.92, 81.91, 81.9, 81.88, 81.86, 81.84, 81.69, 82.59, 82.74, 82.96, 83.21, 85.34, 87.55, 87.63, 87.72, 87.81, 87.89, 87.94, 87.95], [81.97, 81.97, 81.97, 81.73, 81.75, 81.77, 81.82, 81.88, 81.95, 81.99, 81.97, 83.46, 86.41, 87.72, 87.8, 87.86, 87.87, 88.03, 88.12, 88.09], [81.71, 81.72, 81.74, 81.76, 81.8, 81.85, 81.93, 82.05, 82.2, 82.27, 82.16, 83.48, 86.3, 86.87, 87.36, 87.99, 87.6, 88.4, 88.34, 88.21], [81.72, 81.74, 81.76, 81.79, 81.83, 81.89, 81.99, 82.16, 82.44, 82.67, 82.32, 83.32, 83.64, 86.83, 87.36, 87.82, 88.59, 88.99, 88.5, 88.29], [81.73, 81.75, 81.77, 81.79, 81.84, 81.9, 81.99, 82.14, 82.4, 82.61, 82.98, 83.13, 83.42, 86.77, 87.29, 87.42, 87.91, 88.09, 88.43, 88.29], [81.73, 81.75, 81.77, 81.79, 81.82, 81.87, 81.93, 82.01, 82.1, 82.1, 82.71, 82.86, 83.17, 85.83, 86.48, 87.02, 87.41, 87.58, 87.55, 87.43], [81.73, 81.74, 81.76, 81.78, 81.8, 81.82, 81.85, 81.85, 81.81, 82.3, 82.2, 82.92, 83.54, 84.22, 86.07, 86.6, 86.97, 87.17, 87.22, 87.19], [81.73, 81.74, 81.75, 81.76, 81.77, 81.77, 81.77, 81.73, 81.62, 81.83, 81.52, 82.47, 83.26, 83.95, 85.71, 86.23, 86.59, 86.82, 86.93, 86.96], [81.72, 81.73, 81.74, 81.74, 81.74, 81.73, 81.71, 81.65, 82.61, 82.12, 81.83, 82.48, 83.18, 83.8, 85.45, 85.94, 86.29, 86.53, 86.67, 86.74], [81.72, 81.72, 81.72, 81.72, 81.72, 81.7, 81.67, 81.62, 82.77, 82.54, 82.49, 82.8, 83.27, 83.76, 85.29, 85.73, 86.06, 86.3, 86.46, 86.55], [81.71, 81.71, 81.71, 81.71, 81.7, 81.68, 81.66, 83.13, 82.99, 82.89, 82.91, 83.11, 83.43, 83.79, 85.23, 85.6, 85.9, 86.12, 86.28, 86.39]]}