gis_exercise/awsData/contour/humi_2023090605.json
{"header": {"refTime": "2023-09-06T05:00:00.000Z", "nx": 21, "ny": 33, "lo1": 113.509, "la1": 22.2235, "lo2": 113.5947, "la2": 22.1034, "dx": 0.0042850000000001385, "dy": 0.003753125000000024, "parameterCategory": 0, "parameterCategoryName": "Temperature", "parameterNumber": 0}, "z": [[81.92, 81.87, 81.82, 80.26, 80.35, 79.78, 79.96, 80.14, 80.2, 80.79, 80.56, 80.34, 80.41, 80.33, 80.92, 81.06, 81.21, 81.34, 81.44, 81.51], [81.95, 81.9, 81.83, 81.76, 80.32, 80.47, 80.08, 80.45, 80.67, 80.97, 80.58, 80.24, 80.26, 80.19, 80.82, 81.04, 81.26, 81.42, 81.54, 81.6], [81.99, 81.93, 81.86, 81.77, 80.25, 80.4, 80.65, 80.69, 81.67, 81.12, 80.5, 80.04, 80.01, 79.98, 80.72, 81.06, 81.35, 81.55, 81.67, 81.73], [82.05, 81.99, 81.91, 81.79, 81.66, 80.24, 80.45, 80.8, 81.14, 80.89, 80.28, 79.69, 79.55, 79.51, 80.66, 81.15, 81.53, 81.76, 81.87, 81.88], [82.14, 82.08, 81.99, 81.85, 81.67, 80.0, 80.08, 80.22, 80.34, 80.57, 80.07, 79.36, 78.6, 79.36, 80.7, 81.35, 81.83, 82.09, 82.13, 82.07], [82.25, 82.2, 82.12, 81.98, 81.75, 81.41, 79.65, 79.59, 79.67, 79.92, 80.24, 79.78, 79.23, 79.34, 80.95, 81.68, 82.32, 82.59, 82.46, 82.27], [82.53, 82.37, 82.32, 82.21, 81.96, 81.5, 80.52, 78.88, 78.89, 79.83, 80.48, 80.6, 80.28, 80.04, 81.31, 82.02, 82.96, 83.31, 82.89, 82.51], [82.72, 82.77, 82.79, 82.75, 82.52, 81.69, 80.74, 79.18, 77.74, 79.84, 80.8, 81.69, 81.7, 79.99, 83.26, 83.04, 83.48, 83.63, 83.39, 83.22], [81.27, 81.42, 83.19, 83.34, 83.39, 83.02, 81.8, 80.26, 78.27, 79.77, 81.38, 81.53, 81.6, 81.51, 83.2, 82.96, 83.21, 83.32, 83.26, 83.16], [87.0, 87.0, 87.0, 82.32, 82.98, 84.73, 83.52, 81.81, 79.27, 79.05, 81.61, 81.44, 81.49, 81.47, 83.2, 82.87, 83.04, 83.12, 83.12, 83.09], [87.0, 87.0, 87.0, 87.0, 87.0, 87.0, 87.0, 87.0, 83.46, 78.37, 81.0, 81.38, 81.43, 81.43, 83.22, 82.81, 82.93, 83.0, 83.01, 83.0], [87.0, 87.0, 87.0, 87.0, 87.0, 87.0, 87.0, 87.0, 87.0, -999.0, 81.0, 82.0, 82.0, 81.4, 83.24, 82.74, 82.81, 87.98, 87.88, 87.86], [87.0, 87.0, 87.0, 87.0, 87.0, 87.0, 87.0, 87.0, 87.0, 87.0, -999.0, 82.0, 82.0, 87.88, 85.29, 86.55, 86.5, 87.36, 87.24, 87.16], [87.0, 87.0, 87.0, 87.0, 87.0, 87.0, 87.0, 87.0, 87.0, 87.0, -999.0, 91.0, 91.0, 91.0, 86.05, 87.13, 87.02, 87.9, 87.71, 87.57], [87.0, 87.0, 87.0, 87.0, 87.0, 87.0, 87.0, 93.0, 93.0, 93.0, 93.0, 92.23, 91.0, 91.0, 91.0, 87.8, 87.59, 88.39, 88.14, 87.93], [87.0, 87.0, 90.78, 90.84, 90.96, 93.0, 93.0, 93.0, 93.0, 93.0, 91.74, 91.88, 91.69, 91.53, 91.71, 90.63, 90.58, 90.68, 88.92, 88.76], [90.85, 90.89, 89.12, 89.22, 93.0, 93.0, 93.0, 93.0, 93.0, 93.0, 92.14, 91.89, 91.63, 91.39, 91.13, 91.83, 92.13, 92.37, 92.55, 92.68], [89.14, 89.21, 89.32, 89.48, 93.0, 93.0, 93.0, 93.0, 93.0, 92.49, 92.22, 91.92, 91.61, 91.16, 91.02, 91.73, 92.14, 92.42, 92.62, 92.75], [89.26, 89.36, 89.49, 93.0, 93.0, 93.0, 93.0, 93.0, 92.82, 92.61, 92.8, 92.56, 91.37, 91.18, 91.66, 91.95, 92.3, 92.55, 92.73, 92.85], [89.34, 89.44, 94.14, 94.09, 94.01, 93.91, 93.75, 93.33, 93.03, 93.0, 92.9, 92.71, 91.37, 91.21, 92.17, 92.33, 92.54, 92.73, 92.88, 92.98], [94.22, 94.19, 94.15, 93.83, 93.79, 93.73, 93.65, 93.57, 93.16, 93.13, 93.05, 92.9, 91.35, 92.5, 92.54, 92.64, 92.77, 92.92, 93.05, 93.13], [93.93, 93.92, 93.91, 93.9, 93.88, 93.86, 93.84, 93.34, 93.37, 93.35, 93.27, 93.12, 91.99, 92.75, 92.79, 92.83, 92.9, 93.07, 93.24, 93.31], [93.97, 93.97, 93.97, 93.22, 93.26, 93.32, 93.39, 93.48, 93.57, 93.61, 93.55, 93.1, 94.22, 92.94, 92.97, 92.9, 92.71, 93.16, 93.5, 93.53], [93.13, 93.16, 93.18, 93.22, 93.27, 93.35, 93.46, 93.63, 93.83, 93.92, 93.75, 92.77, 94.28, 94.1, 93.88, 93.07, 91.71, 93.93, 93.97, 93.77], [93.12, 93.14, 93.17, 93.21, 93.26, 93.34, 93.48, 93.71, 94.13, 94.49, 93.93, 92.86, 92.35, 94.19, 94.06, 94.01, 94.44, 95.49, 94.34, 93.93], [93.1, 93.12, 93.14, 93.17, 93.22, 93.29, 93.41, 93.62, 94.02, 94.35, 93.4, 92.76, 92.32, 94.28, 94.23, 93.7, 94.22, 94.5, 94.24, 93.95], [93.08, 93.09, 93.11, 93.13, 93.15, 93.19, 93.26, 93.35, 93.45, 93.42, 92.77, 92.44, 92.19, 92.95, 93.26, 93.57, 93.87, 94.02, 93.98, 93.86], [93.05, 93.06, 93.06, 93.07, 93.07, 93.07, 93.06, 93.02, 92.88, 92.28, 92.05, 93.22, 93.72, 94.22, 93.11, 93.39, 93.61, 93.73, 93.76, 93.71], [93.03, 93.02, 93.02, 93.01, 92.99, 92.96, 92.89, 92.75, 92.47, 91.7, 91.61, 92.65, 93.4, 93.96, 92.96, 93.21, 93.4, 93.52, 93.57, 93.58], [93.0, 92.99, 92.98, 92.96, 92.92, 92.87, 92.77, 92.6, 92.91, 92.31, 91.95, 92.62, 93.29, 93.82, 92.85, 93.08, 93.25, 93.36, 93.43, 93.46], [92.98, 92.96, 92.94, 92.91, 92.87, 92.8, 92.71, 92.56, 93.04, 92.74, 92.66, 92.94, 93.37, 93.78, 92.78, 92.98, 93.13, 93.24, 93.31, 93.35], [92.95, 92.94, 92.91, 92.88, 92.83, 92.77, 92.68, 93.41, 93.23, 93.09, 93.08, 93.24, 93.51, 93.82, 92.75, 92.92, 93.05, 93.15, 93.22, 93.27]]}