gis_exercise/awsData/contour/humi_2023091301.json
{"header": {"refTime": "2023-09-13T01:00:00.000Z", "nx": 21, "ny": 33, "lo1": 113.509, "la1": 22.2235, "lo2": 113.5947, "la2": 22.1034, "dx": 0.0042850000000001385, "dy": 0.003753125000000024, "parameterCategory": 0, "parameterCategoryName": "Temperature", "parameterNumber": 0}, "z": [[91.4, 91.43, 91.46, 93.03, 92.98, 91.3, 91.34, 91.37, 91.35, 92.02, 91.93, 91.83, 90.81, 90.75, 90.47, 90.49, 90.52, 90.56, 90.59, 90.61], [91.39, 91.41, 91.45, 91.49, 92.97, 92.9, 91.4, 91.49, 91.53, 92.01, 91.89, 91.73, 90.7, 90.64, 90.39, 90.45, 90.52, 90.57, 90.61, 90.63], [91.36, 91.39, 91.42, 91.47, 92.98, 92.9, 92.78, 91.59, 91.89, 92.02, 91.84, 91.56, 90.5, 90.48, 90.34, 90.45, 90.54, 90.6, 90.63, 90.65], [91.33, 91.36, 91.39, 91.43, 91.49, 92.94, 92.85, 92.68, 92.54, 92.08, 91.81, 91.27, 90.16, 91.07, 90.3, 90.47, 90.57, 90.64, 90.67, 90.69], [91.3, 91.32, 91.34, 91.38, 91.44, 93.0, 92.96, 92.93, 92.98, 92.31, 91.92, 90.95, 89.83, 90.82, 90.32, 90.52, 90.64, 90.7, 90.72, 90.72], [91.26, 91.27, 91.28, 91.32, 91.37, 91.45, 93.03, 93.05, 93.22, 93.57, 92.5, 91.53, 90.62, 90.0, 90.45, 90.63, 90.75, 90.8, 90.78, 90.76], [90.89, 91.21, 91.21, 91.23, 91.27, 91.36, 92.51, 92.95, 93.12, 93.84, 94.2, 92.52, 90.71, 90.53, 90.65, 90.74, 90.86, 90.91, 90.63, 90.5], [90.86, 90.85, 90.84, 90.85, 90.9, 92.15, 92.34, 92.43, 92.45, 94.03, 95.21, 93.23, 93.21, 90.49, 91.37, 91.48, 91.26, 91.18, 91.31, 91.39], [91.15, 91.12, 90.76, 90.73, 90.72, 90.8, 91.04, 92.4, 93.27, 93.7, 94.46, 93.87, 93.59, 93.97, 91.4, 91.52, 91.39, 91.34, 91.37, 91.42], [90.0, 90.0, 90.0, 90.94, 90.8, 90.45, 90.7, 91.04, 94.27, 94.05, 93.57, 94.24, 94.02, 94.13, 91.4, 91.56, 91.48, 91.44, 91.44, 91.46], [90.0, 90.0, 90.0, 90.0, 90.0, 90.0, 90.0, 90.0, 90.71, 93.37, 96.0, 94.48, 94.3, 94.28, 91.39, 91.6, 91.54, 91.5, 91.49, 91.5], [90.0, 90.0, 90.0, 90.0, 90.0, 90.0, 90.0, 90.0, 90.0, -999.0, 96.0, 92.0, 92.0, 94.41, 91.38, 91.63, 91.59, 93.84, 93.77, 93.76], [90.0, 90.0, 90.0, 90.0, 90.0, 90.0, 90.0, 90.0, 90.0, 90.0, -999.0, 92.0, 92.0, 94.61, 93.46, 92.82, 92.78, 93.4, 93.31, 93.26], [90.0, 90.0, 90.0, 90.0, 90.0, 90.0, 90.0, 90.0, 90.0, 90.0, -999.0, 96.0, 96.0, 96.0, 93.8, 93.24, 93.16, 93.78, 93.65, 93.55], [90.0, 90.0, 90.0, 90.0, 90.0, 90.0, 90.0, 89.0, 89.0, 89.0, 89.0, 91.69, 96.0, 96.0, 96.0, 93.71, 93.56, 94.14, 93.96, 93.81], [90.0, 90.0, 89.37, 89.36, 89.34, 89.0, 89.0, 89.0, 89.0, 89.0, 93.4, 92.91, 93.58, 94.15, 93.51, 94.9, 94.73, 95.03, 93.89, 93.73], [89.36, 89.35, 89.65, 89.63, 89.0, 89.0, 89.0, 89.0, 89.0, 89.0, 92.01, 92.88, 93.79, 94.63, 94.83, 95.11, 94.8, 94.55, 94.37, 94.25], [89.64, 89.63, 89.61, 89.59, 89.0, 89.0, 89.0, 89.0, 89.0, 90.78, 91.72, 92.77, 93.86, 94.76, 95.83, 95.21, 94.77, 94.48, 94.29, 94.17], [89.62, 89.61, 89.58, 89.0, 89.0, 89.0, 89.0, 89.0, 89.63, 90.36, 91.76, 92.66, 93.54, 94.38, 95.28, 94.95, 94.58, 94.32, 94.16, 94.06], [89.61, 89.59, 91.29, 91.17, 91.03, 90.81, 90.49, 89.66, 90.1, 90.9, 91.78, 92.54, 93.24, 93.8, 94.69, 94.51, 94.27, 94.09, 93.98, 93.93], [91.44, 91.38, 91.31, 90.65, 90.57, 90.45, 90.3, 90.14, 91.03, 91.41, 91.96, 92.5, 93.0, 94.33, 94.25, 94.09, 93.93, 93.83, 93.79, 93.78], [90.86, 90.85, 90.82, 90.8, 90.76, 90.72, 90.69, 91.08, 91.65, 91.88, 92.19, 92.52, 94.06, 94.04, 93.91, 93.75, 93.61, 93.57, 93.59, 93.64], [90.94, 90.94, 90.94, 91.47, 91.46, 91.46, 91.49, 91.56, 91.66, 91.76, 91.79, 91.82, 93.0, 93.83, 93.68, 93.48, 93.32, 93.33, 93.42, 93.52], [91.58, 91.59, 91.59, 91.61, 91.64, 91.69, 91.79, 91.94, 92.13, 92.24, 92.16, 93.0, 93.0, 93.0, 93.0, 93.34, 93.09, 93.16, 93.31, 93.44], [91.65, 91.67, 91.69, 91.73, 91.79, 91.87, 92.0, 92.2, 92.49, 92.72, 92.44, 93.0, 93.0, 93.0, 93.0, 93.0, 93.17, 93.14, 93.29, 93.41], [91.72, 91.74, 91.78, 91.83, 91.9, 92.0, 92.14, 92.32, 92.56, 92.74, 93.0, 93.0, 93.0, 93.0, 93.0, 93.0, 93.0, 93.0, 93.34, 93.42], [91.77, 91.81, 91.85, 91.91, 91.99, 92.09, 92.21, 92.35, 92.5, 92.57, 93.0, 93.0, 93.0, 93.0, 93.0, 93.0, 93.0, 93.0, 93.0, 93.0], [91.82, 91.86, 91.91, 91.97, 92.05, 92.15, 92.26, 92.38, 92.5, 93.0, 93.0, 93.0, 93.0, 93.0, 93.0, 93.0, 93.0, 93.0, 93.0, 93.0], [91.86, 91.9, 91.95, 92.02, 92.09, 92.18, 92.28, 92.4, 92.54, 93.0, 93.0, 93.0, 93.0, 93.0, 93.0, 93.0, 93.0, 93.0, 93.0, 93.0], [91.89, 91.93, 91.98, 92.05, 92.12, 92.2, 92.29, 92.4, 93.0, 93.0, 93.0, 93.0, 93.0, 93.0, 93.0, 93.0, 93.0, 93.0, 93.0, 93.0], [91.91, 91.96, 92.01, 92.06, 92.13, 92.2, 92.29, 92.38, 93.0, 93.0, 93.0, 93.0, 93.0, 93.0, 93.0, 93.0, 93.0, 93.0, 93.0, 93.0], [91.93, 91.97, 92.02, 92.07, 92.13, 92.2, 92.27, 93.0, 93.0, 93.0, 93.0, 93.0, 93.0, 93.0, 93.0, 93.0, 93.0, 93.0, 93.0, 93.0]]}