gis_exercise/awsData/contour/humi_2023090420.json
{"header": {"refTime": "2023-09-04T20:00:00.000Z", "nx": 21, "ny": 33, "lo1": 113.509, "la1": 22.2235, "lo2": 113.5947, "la2": 22.1034, "dx": 0.0042850000000001385, "dy": 0.003753125000000024, "parameterCategory": 0, "parameterCategoryName": "Temperature", "parameterNumber": 0}, "z": [[63.83, 63.87, 63.93, 63.23, 63.37, 63.54, 63.74, 63.93, 63.98, 63.77, 63.41, 63.07, 62.09, 61.87, 61.64, 61.43, 59.13, 59.06, 59.01, 58.98], [63.8, 63.84, 63.89, 63.96, 63.35, 63.57, 63.89, 64.28, 64.51, 64.1, 63.46, 62.97, 61.95, 61.72, 61.51, 59.22, 59.11, 59.03, 58.98, 58.94], [63.77, 63.79, 63.83, 63.9, 63.27, 63.5, 63.88, 64.56, 65.64, 64.36, 63.36, 62.74, 61.71, 61.52, 59.38, 59.21, 59.07, 58.98, 58.92, 58.89], [63.72, 63.74, 63.76, 63.8, 63.87, 63.3, 63.6, 64.12, 64.6, 63.9, 62.99, 62.32, 61.37, 60.31, 59.42, 59.18, 59.0, 58.89, 58.84, 58.82], [63.68, 63.68, 63.69, 63.69, 63.71, 63.0, 63.12, 63.29, 63.35, 63.11, 62.51, 60.42, 60.73, 60.36, 59.4, 59.08, 58.86, 58.75, 58.73, 58.74], [63.64, 63.63, 63.61, 63.59, 63.54, 63.47, 62.62, 62.54, 62.45, 62.35, 60.18, 60.23, 60.4, 60.0, 59.24, 58.92, 58.66, 58.55, 58.59, 58.66], [62.66, 63.59, 63.56, 63.51, 63.42, 63.26, 61.75, 61.93, 61.77, 60.41, 60.24, 59.79, 59.29, 59.47, 59.02, 58.75, 58.39, 58.26, 58.55, 58.74], [62.72, 62.73, 62.74, 62.72, 62.65, 62.14, 61.85, 61.44, 60.83, 60.51, 60.65, 58.92, 58.9, 59.51, 58.0, 58.0, 58.0, 58.0, 58.0, 58.0], [62.28, 62.33, 62.86, 62.9, 62.92, 62.81, 62.44, 61.71, 61.0, 60.36, 59.85, 59.41, 59.19, 59.48, 58.0, 58.0, 58.0, 58.0, 58.0, 58.0], [64.0, 64.0, 64.0, 62.6, 62.79, 63.32, 62.95, 62.44, 61.0, 61.0, 59.18, 59.68, 59.52, 59.6, 58.0, 58.0, 58.0, 58.0, 58.0, 58.0], [64.0, 64.0, 64.0, 64.0, 64.0, 64.0, 64.0, 64.0, 62.94, 61.0, 61.0, 59.86, 59.72, 59.71, 58.0, 58.0, 58.0, 58.0, 58.0, 58.0], [64.0, 64.0, 64.0, 64.0, 64.0, 64.0, 64.0, 64.0, 64.0, -999.0, 61.0, 58.0, 58.0, 59.81, 58.0, 58.0, 58.0, 62.55, 62.44, 62.41], [64.0, 64.0, 64.0, 64.0, 64.0, 64.0, 64.0, 64.0, 64.0, 64.0, -999.0, 58.0, 58.0, 63.22, 60.93, 60.91, 60.85, 61.84, 61.7, 61.61], [64.0, 64.0, 64.0, 64.0, 64.0, 64.0, 64.0, 64.0, 64.0, 64.0, -999.0, 66.0, 66.0, 66.0, 61.6, 61.58, 61.45, 62.46, 62.24, 62.08], [64.0, 64.0, 64.0, 64.0, 64.0, 64.0, 64.0, 65.0, 65.0, 65.0, 65.0, 65.38, 66.0, 66.0, 66.0, 62.34, 62.1, 63.02, 62.73, 62.5], [64.0, 64.0, 64.63, 64.64, 64.66, 65.0, 65.0, 65.0, 65.0, 65.0, 65.63, 65.56, 65.65, 65.74, 65.64, 64.9, 64.73, 65.03, 63.11, 62.9], [64.64, 64.65, 64.35, 64.37, 65.0, 65.0, 65.0, 65.0, 65.0, 65.0, 65.43, 65.55, 65.68, 65.8, 65.55, 66.94, 67.28, 67.56, 67.77, 67.93], [64.36, 64.37, 64.39, 64.41, 65.0, 65.0, 65.0, 65.0, 65.0, 65.25, 65.39, 65.54, 65.69, 65.55, 65.93, 66.82, 67.29, 67.61, 67.84, 68.01], [64.38, 64.39, 64.42, 65.0, 65.0, 65.0, 65.0, 65.0, 65.09, 65.19, 66.03, 66.19, 65.18, 65.38, 66.74, 67.07, 67.46, 67.75, 67.96, 68.12], [64.39, 64.41, 67.29, 67.17, 67.03, 66.81, 66.49, 65.66, 65.54, 65.87, 66.15, 66.3, 65.03, 65.1, 67.31, 67.47, 67.71, 67.94, 68.13, 68.27], [67.44, 67.38, 67.31, 66.65, 66.57, 66.45, 66.3, 66.14, 66.1, 66.24, 66.4, 66.48, 64.87, 67.67, 67.69, 67.79, 67.93, 68.13, 68.32, 68.45], [66.86, 66.85, 66.82, 66.8, 66.76, 66.72, 66.69, 66.91, 66.61, 66.69, 66.74, 66.74, 66.02, 67.94, 67.95, 67.94, 67.99, 68.25, 68.54, 68.67], [66.94, 66.94, 66.94, 67.21, 67.22, 67.23, 67.27, 67.36, 67.48, 67.56, 67.58, 66.24, 69.07, 68.16, 68.13, 67.93, 67.55, 68.28, 68.89, 68.97], [67.29, 67.3, 67.31, 67.34, 67.38, 67.44, 67.55, 67.73, 67.95, 68.06, 67.95, 67.28, 69.11, 69.06, 68.91, 68.14, 65.83, 69.46, 69.59, 69.32], [67.35, 67.37, 67.4, 67.44, 67.5, 67.6, 67.75, 67.98, 68.34, 68.63, 68.25, 67.45, 66.9, 69.18, 69.18, 69.27, 70.29, 71.98, 70.19, 69.58], [67.4, 67.43, 67.47, 67.52, 67.6, 67.7, 67.85, 68.06, 68.37, 68.61, 68.03, 67.53, 67.04, 69.29, 69.4, 69.53, 70.21, 70.62, 70.04, 69.62], [67.45, 67.48, 67.52, 67.58, 67.65, 67.75, 67.87, 68.02, 68.17, 68.23, 67.84, 67.53, 67.15, 68.99, 69.21, 69.5, 69.84, 70.03, 69.97, 69.81], [67.48, 67.52, 67.56, 67.62, 67.69, 67.77, 67.86, 67.96, 68.03, 67.84, 67.77, 69.47, 70.02, 70.63, 69.16, 69.38, 69.59, 69.72, 69.73, 69.67], [67.51, 67.54, 67.59, 67.64, 67.7, 67.77, 67.85, 67.91, 67.96, 67.82, 68.4, 69.15, 69.81, 70.41, 69.08, 69.27, 69.42, 69.52, 69.56, 69.54], [67.53, 67.56, 67.61, 67.65, 67.71, 67.77, 67.82, 67.88, 69.22, 68.85, 68.64, 69.16, 69.75, 70.28, 69.02, 69.17, 69.3, 69.38, 69.43, 69.44], [67.54, 67.58, 67.62, 67.66, 67.71, 67.75, 67.8, 67.85, 69.36, 69.19, 69.17, 69.43, 69.83, 70.25, 68.98, 69.1, 69.21, 69.29, 69.33, 69.35], [67.55, 67.59, 67.62, 67.66, 67.7, 67.74, 67.78, 69.65, 69.55, 69.48, 69.51, 69.68, 69.96, 70.27, 68.95, 69.06, 69.15, 69.21, 69.26, 69.29]]}