gis_exercise/awsData/contour/humi_2023090322.json
{"header": {"refTime": "2023-09-03T22:00:00.000Z", "nx": 21, "ny": 33, "lo1": 113.509, "la1": 22.2235, "lo2": 113.5947, "la2": 22.1034, "dx": 0.0042850000000001385, "dy": 0.003753125000000024, "parameterCategory": 0, "parameterCategoryName": "Temperature", "parameterNumber": 0}, "z": [[75.37, 75.38, 75.39, 75.15, 75.19, 75.71, 75.76, 75.81, 75.85, 76.06, 76.09, 76.13, 75.92, 75.91, 78.13, 78.33, 77.97, 78.1, 78.19, 78.25], [75.37, 75.37, 75.38, 75.39, 75.18, 75.25, 75.75, 75.82, 75.88, 76.05, 76.1, 76.16, 75.96, 75.95, 78.16, 77.86, 78.06, 78.22, 78.32, 78.38], [75.36, 75.36, 75.36, 75.37, 75.15, 75.22, 75.35, 75.83, 75.97, 76.04, 76.12, 76.22, 76.05, 76.02, 77.64, 77.93, 78.2, 78.4, 78.51, 78.54], [75.36, 75.35, 75.35, 75.35, 75.35, 75.15, 75.25, 75.42, 75.57, 76.04, 76.14, 76.31, 76.22, 75.92, 77.63, 78.04, 78.42, 78.67, 78.77, 78.75], [75.35, 75.35, 75.34, 75.32, 75.31, 75.05, 75.09, 75.15, 75.19, 75.99, 76.12, 76.03, 76.57, 76.03, 77.64, 78.24, 78.8, 79.11, 79.13, 79.01], [75.35, 75.35, 75.33, 75.31, 75.27, 75.21, 74.91, 74.88, 74.89, 74.93, 75.42, 75.73, 76.11, 76.0, 77.67, 78.54, 79.43, 79.81, 79.59, 79.27], [75.11, 75.35, 75.34, 75.31, 75.26, 75.16, 74.76, 74.61, 74.59, 74.46, 74.55, 75.13, 75.29, 75.47, 77.68, 78.84, 80.35, 80.9, 81.08, 80.76], [75.14, 75.15, 75.16, 75.15, 75.1, 74.98, 74.79, 74.47, 74.11, 74.51, 74.8, 74.31, 74.3, 75.51, 79.02, 78.16, 79.9, 80.53, 79.54, 78.87], [74.85, 74.88, 75.24, 75.27, 75.28, 75.2, 74.96, 74.7, 74.32, 74.43, 74.62, 74.47, 74.4, 74.49, 78.81, 77.83, 78.85, 79.28, 79.03, 78.65], [76.0, 76.0, 76.0, 75.06, 75.2, 75.55, 75.3, 74.96, 74.57, 74.51, 74.39, 74.56, 74.51, 74.53, 78.81, 77.5, 78.14, 78.49, 78.5, 78.34], [76.0, 76.0, 76.0, 76.0, 76.0, 76.0, 76.0, 76.0, 75.29, 74.34, 75.0, 74.62, 74.57, 74.57, 78.89, 77.24, 77.71, 77.98, 78.05, 77.99], [76.0, 76.0, 76.0, 76.0, 76.0, 76.0, 76.0, 76.0, 76.0, -999.0, 75.0, 74.0, 74.0, 74.6, 78.98, 76.96, 77.25, 78.59, 78.67, 78.69], [76.0, 76.0, 76.0, 76.0, 76.0, 76.0, 76.0, 76.0, 76.0, 76.0, -999.0, 74.0, 74.0, 75.31, 74.73, 79.82, 79.86, 79.12, 79.23, 79.29], [76.0, 76.0, 76.0, 76.0, 76.0, 76.0, 76.0, 76.0, 76.0, 76.0, -999.0, 76.0, 76.0, 76.0, 74.9, 79.32, 79.41, 78.66, 78.82, 78.94], [76.0, 76.0, 76.0, 76.0, 76.0, 76.0, 76.0, 79.0, 79.0, 79.0, 79.0, 77.85, 76.0, 76.0, 76.0, 78.75, 78.93, 78.23, 78.45, 78.63], [76.0, 76.0, 77.89, 77.92, 77.98, 79.0, 79.0, 79.0, 79.0, 79.0, 77.11, 77.33, 77.04, 76.79, 77.07, 75.63, 75.58, 75.68, 77.28, 77.38], [77.93, 77.94, 77.06, 77.11, 79.0, 79.0, 79.0, 79.0, 79.0, 79.0, 77.71, 77.34, 76.95, 76.59, 76.25, 78.1, 78.85, 79.45, 79.9, 80.23], [77.07, 77.11, 77.16, 77.24, 79.0, 79.0, 79.0, 79.0, 79.0, 78.24, 77.84, 77.39, 76.92, 76.29, 76.03, 77.84, 78.89, 79.59, 80.07, 80.41], [77.13, 77.18, 77.25, 79.0, 79.0, 79.0, 79.0, 79.0, 78.73, 78.42, 79.44, 79.12, 76.64, 76.35, 77.68, 78.42, 79.29, 79.92, 80.36, 80.66], [77.17, 77.22, 83.0, 82.81, 82.55, 82.17, 81.61, 80.15, 79.49, 79.7, 79.73, 79.49, 76.67, 76.42, 78.98, 79.38, 79.92, 80.4, 80.75, 80.99], [83.27, 83.17, 83.04, 81.9, 81.75, 81.54, 81.28, 81.0, 80.18, 80.24, 80.21, 79.99, 76.66, 79.82, 79.92, 80.19, 80.54, 80.9, 81.19, 81.37], [82.26, 82.23, 82.19, 82.14, 82.09, 82.02, 81.95, 82.12, 80.99, 81.01, 80.9, 80.62, 78.94, 80.45, 80.58, 80.73, 80.92, 81.31, 81.67, 81.8], [82.39, 82.39, 82.39, 82.56, 82.58, 82.62, 82.71, 82.88, 83.09, 83.25, 83.24, 81.04, 84.11, 80.94, 81.05, 80.97, 80.63, 81.59, 82.29, 82.3], [82.65, 82.67, 82.7, 82.75, 82.83, 82.96, 83.18, 83.51, 83.93, 84.14, 83.91, 82.55, 84.23, 83.82, 83.33, 81.39, 78.61, 83.29, 83.31, 82.84], [82.74, 82.78, 82.83, 82.91, 83.03, 83.21, 83.49, 83.93, 84.65, 85.23, 84.43, 82.85, 81.83, 84.01, 83.71, 83.57, 84.37, 86.61, 84.12, 83.21], [82.81, 82.86, 82.93, 83.02, 83.16, 83.35, 83.62, 84.03, 84.66, 85.16, 83.92, 82.92, 82.02, 84.21, 84.07, 83.76, 84.58, 85.11, 83.88, 83.24], [82.87, 82.93, 83.0, 83.1, 83.23, 83.39, 83.61, 83.87, 84.14, 84.22, 83.4, 82.81, 82.14, 83.36, 83.52, 83.8, 84.18, 84.4, 84.33, 84.13], [82.92, 82.98, 83.05, 83.14, 83.25, 83.38, 83.52, 83.66, 83.72, 83.23, 83.03, 85.21, 85.85, 86.51, 83.53, 83.73, 83.94, 84.07, 84.07, 84.0], [82.95, 83.01, 83.08, 83.15, 83.25, 83.34, 83.43, 83.49, 83.47, 82.98, 83.61, 84.68, 85.52, 86.22, 83.5, 83.65, 83.78, 83.87, 83.9, 83.87], [82.98, 83.03, 83.09, 83.16, 83.23, 83.3, 83.36, 83.38, 84.88, 84.3, 83.95, 84.67, 85.42, 86.06, 83.47, 83.58, 83.68, 83.75, 83.78, 83.78], [82.99, 83.04, 83.09, 83.15, 83.2, 83.26, 83.3, 83.31, 85.04, 84.76, 84.7, 85.02, 85.52, 86.02, 83.44, 83.53, 83.6, 83.66, 83.69, 83.7], [83.0, 83.04, 83.09, 83.13, 83.18, 83.22, 83.25, 85.43, 85.27, 85.14, 85.15, 85.35, 85.68, 86.05, 83.43, 83.49, 83.55, 83.6, 83.63, 83.64]]}