gis_exercise/awsData/contour/humi_2023091220.json
{"header": {"refTime": "2023-09-12T20:00:00.000Z", "nx": 21, "ny": 33, "lo1": 113.509, "la1": 22.2235, "lo2": 113.5947, "la2": 22.1034, "dx": 0.0042850000000001385, "dy": 0.003753125000000024, "parameterCategory": 0, "parameterCategoryName": "Temperature", "parameterNumber": 0}, "z": [[87.81, 87.86, 87.92, 90.03, 89.98, 88.54, 88.56, 88.58, 88.56, 89.27, 89.24, 89.19, 88.21, 88.17, 88.17, 88.21, 88.25, 88.29, 88.32, 88.35], [87.77, 87.82, 87.89, 87.97, 89.97, 89.9, 88.6, 88.66, 88.68, 89.23, 89.2, 89.12, 88.13, 88.1, 88.12, 88.19, 88.26, 88.31, 88.35, 88.37], [87.73, 87.78, 87.84, 87.93, 89.98, 89.9, 89.78, 88.73, 88.93, 89.2, 89.17, 89.0, 88.0, 87.99, 88.08, 88.19, 88.28, 88.35, 88.39, 88.41], [87.67, 87.71, 87.78, 87.86, 87.98, 89.94, 89.85, 89.68, 89.54, 89.31, 89.18, 88.79, 87.78, 88.64, 88.05, 88.22, 88.33, 88.41, 88.44, 88.45], [87.6, 87.63, 87.68, 87.77, 87.88, 90.0, 89.96, 89.93, 89.98, 89.6, 89.33, 88.56, 87.66, 88.44, 88.07, 88.28, 88.42, 88.5, 88.52, 88.5], [87.51, 87.53, 87.57, 87.63, 87.74, 87.89, 90.03, 90.05, 90.22, 90.57, 89.85, 89.02, 88.28, 87.67, 88.17, 88.39, 88.56, 88.64, 88.61, 88.56], [86.79, 87.41, 87.42, 87.46, 87.55, 87.72, 89.01, 89.95, 90.12, 90.84, 91.2, 89.79, 88.14, 88.02, 88.32, 88.5, 88.74, 88.83, 88.63, 88.5], [86.71, 86.69, 86.68, 86.7, 86.79, 88.39, 88.77, 89.14, 89.45, 91.03, 92.21, 90.23, 90.21, 87.99, 89.0, 89.0, 89.0, 89.0, 89.0, 89.0], [87.29, 87.23, 86.52, 86.46, 86.44, 86.59, 87.08, 88.92, 90.27, 90.7, 91.46, 90.87, 90.59, 90.97, 89.0, 89.0, 89.0, 89.0, 89.0, 89.0], [85.0, 85.0, 85.0, 86.87, 86.61, 85.91, 86.39, 87.08, 91.27, 91.05, 90.57, 91.24, 91.02, 91.13, 89.0, 89.0, 89.0, 89.0, 89.0, 89.0], [85.0, 85.0, 85.0, 85.0, 85.0, 85.0, 85.0, 85.0, 86.42, 90.37, 93.0, 91.48, 91.3, 91.28, 89.0, 89.0, 89.0, 89.0, 89.0, 89.0], [85.0, 85.0, 85.0, 85.0, 85.0, 85.0, 85.0, 85.0, 85.0, -999.0, 93.0, 89.0, 89.0, 91.41, 89.0, 89.0, 89.0, 92.41, 92.33, 92.31], [85.0, 85.0, 85.0, 85.0, 85.0, 85.0, 85.0, 85.0, 85.0, 85.0, -999.0, 89.0, 89.0, 92.92, 91.19, 91.18, 91.14, 91.88, 91.77, 91.71], [85.0, 85.0, 85.0, 85.0, 85.0, 85.0, 85.0, 85.0, 85.0, 85.0, -999.0, 95.0, 95.0, 95.0, 91.7, 91.68, 91.59, 92.34, 92.18, 92.06], [85.0, 85.0, 85.0, 85.0, 85.0, 85.0, 85.0, 85.0, 85.0, 85.0, 85.0, 88.84, 95.0, 95.0, 95.0, 92.25, 92.07, 92.77, 92.55, 92.37], [85.0, 85.0, 85.0, 85.0, 85.0, 85.0, 85.0, 85.0, 85.0, 85.0, 91.29, 90.58, 91.55, 92.36, 91.44, 93.9, 93.73, 94.03, 92.63, 92.45], [85.0, 85.0, 85.0, 85.0, 85.0, 85.0, 85.0, 85.0, 85.0, 85.0, 89.3, 90.54, 91.85, 93.05, 93.47, 94.11, 93.8, 93.55, 93.37, 93.25], [85.0, 85.0, 85.0, 85.0, 85.0, 85.0, 85.0, 85.0, 85.0, 87.54, 88.88, 90.38, 91.94, 93.37, 94.78, 94.21, 93.77, 93.48, 93.29, 93.17], [85.0, 85.0, 85.0, 85.0, 85.0, 85.0, 85.0, 85.0, 85.9, 86.95, 88.62, 89.9, 91.72, 92.88, 94.28, 93.95, 93.58, 93.32, 93.16, 93.06], [85.0, 85.0, 87.29, 87.17, 87.03, 86.81, 86.49, 85.66, 86.38, 87.42, 88.59, 89.67, 91.35, 92.15, 93.69, 93.51, 93.27, 93.09, 92.98, 92.93], [87.44, 87.38, 87.31, 86.65, 86.57, 86.45, 86.3, 86.14, 87.49, 88.0, 88.74, 89.51, 91.07, 93.33, 93.25, 93.09, 92.93, 92.83, 92.79, 92.78], [86.86, 86.85, 86.82, 86.8, 86.76, 86.72, 86.69, 86.73, 88.18, 88.48, 88.91, 89.42, 92.08, 93.04, 92.91, 92.75, 92.61, 92.57, 92.59, 92.64], [86.94, 86.94, 86.94, 86.96, 86.97, 87.0, 87.06, 87.16, 87.29, 87.37, 87.36, 88.61, 90.89, 92.83, 92.68, 92.48, 92.32, 92.33, 92.42, 92.52], [87.0, 87.02, 87.04, 87.07, 87.11, 87.19, 87.32, 87.52, 87.76, 87.89, 87.74, 89.24, 90.82, 91.15, 91.44, 92.34, 92.09, 92.16, 92.31, 92.44], [87.05, 87.07, 87.1, 87.15, 87.22, 87.33, 87.49, 87.75, 88.18, 88.53, 88.05, 89.1, 89.34, 91.11, 91.41, 91.65, 92.17, 92.14, 92.29, 92.41], [87.09, 87.12, 87.16, 87.21, 87.29, 87.4, 87.56, 87.8, 88.18, 88.48, 88.86, 88.94, 89.15, 91.06, 91.34, 91.24, 91.47, 91.53, 92.34, 92.42], [87.12, 87.15, 87.19, 87.25, 87.32, 87.41, 87.54, 87.69, 87.85, 87.88, 88.59, 88.68, 88.92, 90.21, 90.64, 90.97, 91.18, 91.27, 91.26, 91.2], [87.14, 87.17, 87.21, 87.26, 87.32, 87.4, 87.47, 87.54, 87.56, 88.2, 88.1, 88.33, 88.68, 89.05, 90.36, 90.69, 90.92, 91.03, 91.07, 91.06], [87.16, 87.19, 87.22, 87.27, 87.31, 87.36, 87.41, 87.43, 87.39, 87.76, 87.37, 88.0, 88.49, 88.88, 90.12, 90.45, 90.68, 90.82, 90.89, 90.92], [87.17, 87.2, 87.23, 87.26, 87.3, 87.33, 87.35, 87.35, 88.13, 87.78, 87.57, 87.99, 88.43, 88.79, 89.94, 90.26, 90.49, 90.64, 90.73, 90.78], [87.17, 87.2, 87.23, 87.25, 87.28, 87.3, 87.32, 87.31, 88.22, 88.05, 88.01, 88.2, 88.48, 88.76, 89.84, 90.13, 90.34, 90.5, 90.6, 90.66], [87.18, 87.2, 87.22, 87.24, 87.27, 87.28, 87.29, 88.45, 88.35, 88.28, 88.28, 88.39, 88.57, 88.78, 89.8, 90.05, 90.24, 90.38, 90.49, 90.56]]}