gis_exercise/awsData/contour/humi_2023090812.json
{"header": {"refTime": "2023-09-08T12:00:00.000Z", "nx": 21, "ny": 33, "lo1": 113.509, "la1": 22.2235, "lo2": 113.5947, "la2": 22.1034, "dx": 0.0042850000000001385, "dy": 0.003753125000000024, "parameterCategory": 0, "parameterCategoryName": "Temperature", "parameterNumber": 0}, "z": [[98.39, 98.4, 98.42, 98.96, 98.96, 98.05, 98.11, 98.16, 98.16, 98.43, 98.29, 98.15, 97.57, 97.49, 97.19, 97.16, 96.89, 96.91, 96.93, 96.94], [98.38, 98.39, 98.41, 98.44, 98.96, 98.96, 98.18, 98.32, 98.39, 98.52, 98.29, 98.07, 97.46, 97.39, 97.11, 96.86, 96.89, 96.91, 96.93, 96.94], [98.36, 98.38, 98.39, 98.42, 98.94, 98.95, 98.96, 98.44, 98.85, 98.59, 98.23, 97.91, 97.28, 97.24, 96.8, 96.85, 96.89, 96.92, 96.94, 96.95], [98.35, 98.35, 98.37, 98.39, 98.42, 98.93, 98.94, 98.97, 98.99, 98.51, 98.12, 97.64, 96.97, 97.25, 96.78, 96.86, 96.91, 96.93, 96.95, 96.96], [98.33, 98.33, 98.34, 98.35, 98.37, 98.9, 98.9, 98.92, 98.96, 98.44, 98.06, 97.17, 96.5, 97.1, 96.79, 96.88, 96.93, 96.95, 96.96, 96.97], [98.31, 98.31, 98.31, 98.31, 98.32, 98.33, 98.84, 98.83, 98.9, 99.05, 98.08, 97.52, 96.98, 96.67, 96.87, 96.93, 96.97, 96.98, 96.98, 96.98], [98.0, 98.28, 98.27, 98.27, 98.27, 98.26, 98.51, 98.66, 98.71, 98.92, 99.1, 98.13, 97.14, 97.02, 96.99, 96.99, 96.99, 97.0, 96.82, 96.75], [98.0, 98.0, 98.0, 98.0, 98.0, 98.45, 98.45, 98.36, 98.23, 99.01, 99.61, 98.61, 98.6, 96.99, 97.37, 97.48, 97.26, 97.18, 97.31, 97.39], [98.0, 98.0, 98.0, 98.0, 98.0, 98.0, 98.0, 98.44, 98.64, 98.85, 99.23, 98.94, 98.79, 98.98, 97.4, 97.52, 97.39, 97.34, 97.37, 97.42], [98.0, 98.0, 98.0, 98.0, 98.0, 98.0, 98.0, 98.0, 99.14, 99.03, 98.78, 99.12, 99.01, 99.06, 97.4, 97.56, 97.48, 97.44, 97.44, 97.46], [98.0, 98.0, 98.0, 98.0, 98.0, 98.0, 98.0, 98.0, 98.0, 98.68, 100.0, 99.24, 99.15, 99.14, 97.39, 97.6, 97.54, 97.5, 97.49, 97.5], [98.0, 98.0, 98.0, 98.0, 98.0, 98.0, 98.0, 98.0, 98.0, -999.0, 100.0, 98.0, 98.0, 99.2, 97.38, 97.63, 97.59, 98.71, 98.66, 98.65], [98.0, 98.0, 98.0, 98.0, 98.0, 98.0, 98.0, 98.0, 98.0, 98.0, -999.0, 98.0, 98.0, 99.31, 98.73, 98.09, 98.07, 98.44, 98.39, 98.35], [98.0, 98.0, 98.0, 98.0, 98.0, 98.0, 98.0, 98.0, 98.0, 98.0, -999.0, 100.0, 100.0, 100.0, 98.9, 98.34, 98.29, 98.67, 98.59, 98.53], [98.0, 98.0, 98.0, 98.0, 98.0, 98.0, 98.0, 98.0, 98.0, 98.0, 98.0, 98.77, 100.0, 100.0, 100.0, 98.63, 98.54, 98.88, 98.78, 98.69], [98.0, 98.0, 98.0, 98.0, 98.0, 98.0, 98.0, 98.0, 98.0, 98.0, 99.26, 99.12, 99.31, 99.47, 99.29, 99.27, 99.16, 99.35, 98.68, 98.58], [98.0, 98.0, 98.0, 98.0, 98.0, 98.0, 98.0, 98.0, 98.0, 98.0, 98.86, 99.11, 99.37, 99.61, 99.54, 99.55, 99.39, 99.26, 99.18, 99.11], [98.0, 98.0, 98.0, 98.0, 98.0, 98.0, 98.0, 98.0, 98.0, 98.51, 98.78, 99.08, 99.39, 99.52, 99.93, 99.6, 99.37, 99.23, 99.13, 99.07], [98.0, 98.0, 98.0, 98.0, 98.0, 98.0, 98.0, 98.0, 98.18, 98.39, 98.95, 99.21, 99.09, 99.36, 99.63, 99.46, 99.27, 99.14, 99.07, 99.02], [98.0, 98.0, 99.14, 99.09, 99.01, 98.91, 98.75, 98.33, 98.41, 98.69, 98.98, 99.21, 98.96, 99.11, 99.33, 99.23, 99.11, 99.02, 98.97, 98.95], [99.22, 99.19, 99.15, 98.83, 98.79, 98.73, 98.65, 98.57, 98.78, 98.91, 99.09, 99.24, 98.83, 99.14, 99.1, 99.01, 98.93, 98.88, 98.87, 98.88], [98.93, 98.92, 98.91, 98.9, 98.88, 98.86, 98.84, 98.69, 99.07, 99.14, 99.23, 99.31, 99.36, 98.99, 98.92, 98.82, 98.74, 98.74, 98.77, 98.81], [98.97, 98.97, 98.97, 98.73, 98.75, 98.77, 98.82, 98.88, 98.95, 98.99, 98.97, 98.88, 99.04, 98.89, 98.79, 98.66, 98.54, 98.6, 98.7, 98.76], [98.71, 98.72, 98.74, 98.76, 98.8, 98.85, 98.93, 99.05, 99.2, 99.27, 99.16, 99.01, 99.07, 98.9, 98.74, 98.59, 98.27, 98.59, 98.69, 98.74], [98.72, 98.74, 98.76, 98.79, 98.83, 98.89, 98.99, 99.16, 99.44, 99.67, 99.32, 99.04, 98.83, 98.93, 98.78, 98.66, 98.66, 98.77, 98.72, 98.75], [98.73, 98.75, 98.77, 98.79, 98.84, 98.9, 98.99, 99.14, 99.4, 99.61, 99.26, 98.97, 98.79, 98.97, 98.83, 98.44, 98.51, 98.55, 98.74, 98.76], [98.73, 98.75, 98.77, 98.79, 98.82, 98.87, 98.93, 99.01, 99.1, 99.1, 98.95, 98.81, 98.71, 98.32, 98.37, 98.42, 98.46, 98.48, 98.48, 98.46], [98.73, 98.74, 98.76, 98.78, 98.8, 98.82, 98.85, 98.85, 98.81, 98.69, 98.58, 98.74, 98.82, 98.88, 98.35, 98.39, 98.42, 98.44, 98.45, 98.44], [98.73, 98.74, 98.75, 98.76, 98.77, 98.77, 98.77, 98.73, 98.62, 98.39, 98.21, 98.53, 98.72, 98.82, 98.32, 98.36, 98.39, 98.41, 98.42, 98.42], [98.72, 98.73, 98.74, 98.74, 98.74, 98.73, 98.71, 98.65, 98.66, 98.44, 98.31, 98.51, 98.67, 98.78, 98.3, 98.34, 98.37, 98.39, 98.4, 98.4], [98.72, 98.72, 98.72, 98.72, 98.72, 98.7, 98.67, 98.62, 98.68, 98.57, 98.53, 98.59, 98.69, 98.77, 98.29, 98.33, 98.35, 98.37, 98.38, 98.39], [98.71, 98.71, 98.71, 98.71, 98.7, 98.68, 98.66, 98.78, 98.72, 98.66, 98.64, 98.67, 98.72, 98.78, 98.29, 98.32, 98.34, 98.35, 98.37, 98.37]]}