gis_exercise/awsData/contour/humi_2023091009.json
{"header": {"refTime": "2023-09-10T09:00:00.000Z", "nx": 21, "ny": 33, "lo1": 113.509, "la1": 22.2235, "lo2": 113.5947, "la2": 22.1034, "dx": 0.0042850000000001385, "dy": 0.003753125000000024, "parameterCategory": 0, "parameterCategoryName": "Temperature", "parameterNumber": 0}, "z": [[94.79, 94.83, 94.88, 96.73, 96.7, 94.81, 94.89, 94.95, 94.94, 95.76, 95.63, 95.48, 93.69, 93.57, 93.2, 93.12, 92.27, 92.27, 92.27, 92.27], [94.76, 94.8, 94.86, 94.93, 96.69, 96.64, 94.98, 95.14, 95.23, 95.79, 95.59, 95.35, 93.56, 93.43, 93.09, 92.26, 92.26, 92.26, 92.26, 92.26], [94.73, 94.76, 94.82, 94.88, 96.68, 96.63, 96.55, 95.3, 95.81, 95.84, 95.52, 95.13, 93.33, 93.24, 92.26, 92.26, 92.25, 92.25, 92.24, 92.25], [94.68, 94.71, 94.76, 94.82, 94.91, 96.64, 96.58, 96.48, 96.39, 95.85, 95.44, 94.74, 92.96, 93.81, 92.25, 92.25, 92.24, 92.23, 92.23, 92.23], [94.62, 94.65, 94.68, 94.74, 94.81, 96.65, 96.62, 96.62, 96.7, 96.03, 95.51, 93.76, 92.72, 93.56, 92.25, 92.24, 92.22, 92.2, 92.21, 92.22], [94.56, 94.57, 94.59, 94.63, 94.69, 94.77, 96.61, 96.62, 96.81, 97.23, 95.34, 94.27, 93.37, 92.33, 92.28, 92.24, 92.18, 92.16, 92.18, 92.2], [93.89, 94.49, 94.48, 94.5, 94.54, 94.62, 95.77, 96.38, 96.55, 96.91, 97.24, 95.05, 92.57, 92.51, 92.33, 92.24, 92.12, 92.08, 92.0, 92.0], [93.86, 93.85, 93.84, 93.85, 93.9, 95.37, 95.56, 95.61, 95.45, 97.21, 98.78, 95.15, 95.11, 92.5, 92.37, 92.48, 92.26, 92.18, 92.31, 92.39], [94.15, 94.12, 93.76, 93.73, 93.72, 93.8, 94.04, 95.62, 96.59, 96.7, 97.31, 96.28, 95.78, 96.44, 92.4, 92.52, 92.39, 92.34, 92.37, 92.42], [93.0, 93.0, 93.0, 93.94, 93.8, 93.45, 93.7, 94.04, 97.84, 97.56, 95.74, 96.92, 96.54, 96.72, 92.4, 92.56, 92.48, 92.44, 92.44, 92.46], [93.0, 93.0, 93.0, 93.0, 93.0, 93.0, 93.0, 93.0, 93.71, 96.71, 100.0, 97.33, 97.02, 97.0, 92.39, 92.6, 92.54, 92.5, 92.49, 92.5], [93.0, 93.0, 93.0, 93.0, 93.0, 93.0, 93.0, 93.0, 93.0, -999.0, 100.0, 93.0, 93.0, 97.21, 92.38, 92.63, 92.59, 96.55, 96.44, 96.41], [93.0, 93.0, 93.0, 93.0, 93.0, 93.0, 93.0, 93.0, 93.0, 93.0, -999.0, 93.0, 93.0, 97.57, 95.56, 94.91, 94.85, 95.84, 95.7, 95.61], [93.0, 93.0, 93.0, 93.0, 93.0, 93.0, 93.0, 93.0, 93.0, 93.0, -999.0, 100.0, 100.0, 100.0, 96.15, 95.58, 95.45, 96.46, 96.24, 96.08], [93.0, 93.0, 93.0, 93.0, 93.0, 93.0, 93.0, 93.0, 93.0, 93.0, 93.0, 95.69, 100.0, 100.0, 100.0, 96.34, 96.1, 97.02, 96.73, 96.5], [93.0, 93.0, 93.0, 93.0, 93.0, 93.0, 93.0, 93.0, 93.0, 93.0, 97.4, 96.91, 97.58, 98.15, 97.51, 97.8, 97.47, 98.05, 96.29, 96.02], [93.0, 93.0, 93.0, 93.0, 93.0, 93.0, 93.0, 93.0, 93.0, 93.0, 96.01, 96.88, 97.79, 98.63, 98.5, 98.65, 98.17, 97.79, 97.53, 97.34], [93.0, 93.0, 93.0, 93.0, 93.0, 93.0, 93.0, 93.0, 93.0, 94.78, 95.72, 96.77, 97.86, 98.44, 99.78, 98.8, 98.11, 97.68, 97.4, 97.22], [93.0, 93.0, 93.0, 93.0, 93.0, 93.0, 93.0, 93.0, 93.63, 94.36, 95.57, 96.47, 97.0, 97.93, 98.89, 98.39, 97.82, 97.43, 97.2, 97.06], [93.0, 93.0, 94.71, 94.63, 94.52, 94.36, 94.12, 93.49, 93.99, 94.73, 95.55, 96.31, 96.57, 97.11, 97.99, 97.7, 97.34, 97.07, 96.92, 96.85], [94.83, 94.79, 94.73, 94.24, 94.18, 94.09, 93.98, 93.86, 94.79, 95.15, 95.67, 96.21, 96.18, 97.43, 97.29, 97.04, 96.79, 96.65, 96.62, 96.64], [94.4, 94.38, 94.37, 94.35, 94.32, 94.29, 94.27, 93.86, 95.3, 95.51, 95.81, 96.16, 96.78, 96.98, 96.75, 96.46, 96.23, 96.21, 96.32, 96.43], [94.45, 94.45, 94.45, 93.84, 93.88, 93.93, 94.01, 94.12, 94.24, 94.3, 94.25, 94.59, 95.63, 96.66, 96.38, 95.99, 95.62, 95.8, 96.11, 96.29], [93.78, 93.8, 93.83, 93.87, 93.93, 94.02, 94.16, 94.36, 94.62, 94.73, 94.54, 94.51, 95.65, 95.57, 95.48, 95.78, 94.82, 95.78, 96.07, 96.23], [93.78, 93.81, 93.84, 93.89, 93.96, 94.06, 94.23, 94.51, 95.0, 95.42, 94.79, 94.5, 94.26, 95.61, 95.55, 95.52, 95.98, 96.32, 96.17, 96.24], [93.78, 93.8, 93.84, 93.88, 93.95, 94.04, 94.19, 94.45, 94.91, 95.29, 94.76, 94.33, 94.13, 95.64, 95.61, 95.03, 95.33, 95.47, 96.22, 96.28], [93.77, 93.79, 93.82, 93.85, 93.9, 93.97, 94.06, 94.18, 94.33, 94.31, 94.15, 93.97, 93.91, 94.26, 94.57, 94.85, 95.06, 95.16, 95.14, 95.07], [93.76, 93.77, 93.79, 93.81, 93.84, 93.86, 93.88, 93.86, 93.75, 93.58, 93.36, 93.92, 94.29, 94.64, 94.39, 94.65, 94.84, 94.94, 94.97, 94.95], [93.74, 93.75, 93.76, 93.76, 93.77, 93.75, 93.71, 93.6, 93.35, 92.92, 92.54, 93.41, 94.01, 94.43, 94.22, 94.47, 94.65, 94.76, 94.81, 94.83], [93.72, 93.73, 93.72, 93.72, 93.7, 93.67, 93.59, 93.45, 93.68, 93.14, 92.82, 93.37, 93.91, 94.31, 94.09, 94.33, 94.5, 94.62, 94.68, 94.72], [93.71, 93.7, 93.69, 93.68, 93.65, 93.61, 93.53, 93.4, 93.77, 93.5, 93.41, 93.63, 93.97, 94.29, 94.02, 94.23, 94.39, 94.5, 94.58, 94.62], [93.69, 93.68, 93.67, 93.65, 93.62, 93.57, 93.5, 94.07, 93.92, 93.79, 93.76, 93.88, 94.09, 94.31, 93.99, 94.17, 94.31, 94.41, 94.49, 94.54]]}