gis_exercise/awsData/contour/humi_2023090501.json
{"header": {"refTime": "2023-09-05T01:00:00.000Z", "nx": 21, "ny": 33, "lo1": 113.509, "la1": 22.2235, "lo2": 113.5947, "la2": 22.1034, "dx": 0.0042850000000001385, "dy": 0.003753125000000024, "parameterCategory": 0, "parameterCategoryName": "Temperature", "parameterNumber": 0}, "z": [[70.92, 70.87, 70.82, 68.23, 68.37, 67.15, 67.42, 67.66, 67.67, 67.25, 66.57, 65.92, 64.95, 64.63, 66.17, 66.31, 64.63, 64.86, 65.03, 65.15], [70.95, 70.9, 70.83, 70.76, 68.35, 68.57, 67.69, 68.26, 68.57, 67.8, 66.63, 65.67, 64.58, 64.26, 65.88, 64.36, 64.73, 65.02, 65.21, 65.32], [70.99, 70.93, 70.86, 70.77, 68.27, 68.5, 68.88, 68.74, 70.41, 68.25, 66.42, 65.12, 63.94, 63.73, 63.85, 64.42, 64.91, 65.26, 65.47, 65.55], [71.05, 70.99, 70.91, 70.79, 70.66, 68.3, 68.6, 69.12, 69.6, 67.52, 65.76, 64.17, 62.89, 62.1, 63.76, 64.58, 65.24, 65.65, 65.83, 65.85], [71.14, 71.08, 70.99, 70.85, 70.67, 68.0, 68.12, 68.29, 68.35, 66.4, 65.05, 61.95, 60.84, 61.86, 63.82, 64.93, 65.8, 66.27, 66.33, 66.21], [71.25, 71.2, 71.12, 70.98, 70.75, 70.41, 67.62, 67.54, 67.45, 67.35, 63.39, 62.54, 61.68, 61.34, 64.17, 65.49, 66.71, 67.22, 66.96, 66.58], [71.53, 71.37, 71.32, 71.21, 70.96, 70.5, 68.51, 66.93, 66.77, 65.61, 65.49, 63.59, 62.28, 62.04, 64.64, 66.07, 67.94, 68.63, 68.16, 67.52], [71.72, 71.77, 71.79, 71.75, 71.52, 69.79, 68.84, 67.46, 65.88, 65.67, 65.77, 64.61, 64.6, 61.99, 67.77, 67.12, 68.43, 68.9, 68.16, 67.65], [70.27, 70.42, 72.19, 72.34, 72.39, 72.02, 70.8, 68.38, 66.0, 65.57, 65.23, 64.94, 64.79, 64.98, 67.61, 66.87, 67.64, 67.96, 67.78, 67.49], [76.0, 76.0, 76.0, 71.32, 71.98, 73.73, 72.52, 70.81, 66.0, 66.0, 64.78, 65.12, 65.01, 65.06, 67.6, 66.62, 67.11, 67.36, 67.37, 67.26], [76.0, 76.0, 76.0, 76.0, 76.0, 76.0, 76.0, 76.0, 72.46, 66.0, 66.0, 65.24, 65.15, 65.14, 67.67, 66.43, 66.78, 66.99, 67.04, 67.0], [76.0, 76.0, 76.0, 76.0, 76.0, 76.0, 76.0, 76.0, 76.0, -999.0, 66.0, 64.0, 64.0, 65.2, 67.73, 66.22, 66.43, 76.25, 76.1, 76.06], [76.0, 76.0, 76.0, 76.0, 76.0, 76.0, 76.0, 76.0, 76.0, 76.0, -999.0, 64.0, 64.0, 75.1, 70.22, 74.0, 73.92, 75.28, 75.09, 74.96], [76.0, 76.0, 76.0, 76.0, 76.0, 76.0, 76.0, 76.0, 76.0, 76.0, -999.0, 81.0, 81.0, 81.0, 71.65, 74.92, 74.75, 76.13, 75.83, 75.6], [76.0, 76.0, 76.0, 76.0, 76.0, 76.0, 76.0, 77.0, 77.0, 77.0, 77.0, 78.54, 81.0, 81.0, 81.0, 75.96, 75.63, 76.91, 76.51, 76.18], [76.0, 76.0, 76.63, 76.64, 76.66, 77.0, 77.0, 77.0, 77.0, 77.0, 79.52, 79.23, 79.62, 79.95, 79.57, 78.07, 77.62, 78.4, 75.97, 75.6], [76.64, 76.65, 76.35, 76.37, 77.0, 77.0, 77.0, 77.0, 77.0, 77.0, 78.72, 79.22, 79.74, 80.22, 79.63, 80.6, 80.47, 80.37, 80.32, 80.29], [76.36, 76.37, 76.39, 76.41, 77.0, 77.0, 77.0, 77.0, 77.0, 78.02, 78.55, 79.15, 79.78, 79.62, 80.79, 80.63, 80.43, 80.32, 80.27, 80.25], [76.38, 76.39, 76.42, 77.0, 77.0, 77.0, 77.0, 77.0, 77.36, 77.78, 78.52, 79.04, 78.46, 79.12, 80.65, 80.48, 80.31, 80.22, 80.19, 80.2], [76.39, 76.41, 78.14, 78.09, 78.01, 77.91, 77.75, 77.33, 77.6, 78.04, 78.52, 78.96, 78.02, 78.31, 80.33, 80.21, 80.1, 80.06, 80.09, 80.15], [78.22, 78.19, 78.15, 77.83, 77.79, 77.73, 77.65, 77.57, 78.09, 78.31, 78.61, 78.92, 77.56, 80.14, 80.04, 79.89, 79.8, 79.84, 79.98, 80.11], [77.93, 77.92, 77.91, 77.9, 77.88, 77.86, 77.84, 77.52, 78.41, 78.54, 78.72, 78.91, 77.79, 79.97, 79.78, 79.51, 79.34, 79.55, 79.9, 80.12], [77.97, 77.97, 77.97, 77.47, 77.51, 77.55, 77.61, 77.68, 77.76, 77.8, 77.76, 76.83, 79.37, 79.88, 79.6, 79.08, 78.41, 79.21, 80.01, 80.25], [77.42, 77.44, 77.46, 77.49, 77.53, 77.6, 77.69, 77.84, 78.02, 78.1, 77.96, 76.78, 79.4, 79.4, 79.28, 79.07, 76.19, 80.22, 80.6, 80.5], [77.42, 77.44, 77.46, 77.5, 77.54, 77.62, 77.73, 77.93, 78.28, 78.58, 78.13, 76.92, 76.34, 79.52, 79.57, 79.7, 81.12, 82.89, 81.2, 80.74], [77.42, 77.43, 77.45, 77.48, 77.53, 77.59, 77.7, 77.88, 78.21, 78.48, 77.53, 76.88, 76.38, 79.63, 79.8, 79.67, 80.51, 80.99, 81.12, 80.8], [77.41, 77.42, 77.44, 77.46, 77.49, 77.53, 77.59, 77.68, 77.78, 77.76, 77.04, 76.69, 76.35, 78.6, 79.04, 79.51, 79.97, 80.22, 80.15, 79.95], [77.39, 77.4, 77.41, 77.42, 77.44, 77.45, 77.45, 77.44, 77.35, 76.73, 76.55, 78.51, 79.27, 80.1, 78.85, 79.25, 79.58, 79.77, 79.8, 79.73], [77.38, 77.38, 77.38, 77.38, 77.38, 77.37, 77.33, 77.24, 77.04, 76.36, 76.68, 77.91, 78.91, 79.76, 78.65, 79.01, 79.28, 79.46, 79.53, 79.53], [77.36, 77.36, 77.36, 77.35, 77.33, 77.3, 77.24, 77.13, 78.11, 77.47, 77.08, 77.91, 78.8, 79.56, 78.5, 78.82, 79.06, 79.23, 79.32, 79.35], [77.35, 77.34, 77.33, 77.32, 77.29, 77.25, 77.19, 77.09, 78.31, 78.0, 77.94, 78.32, 78.91, 79.51, 78.41, 78.68, 78.9, 79.05, 79.15, 79.21], [77.33, 77.32, 77.31, 77.29, 77.27, 77.23, 77.17, 78.77, 78.58, 78.45, 78.47, 78.71, 79.11, 79.55, 78.36, 78.59, 78.78, 78.92, 79.02, 79.08]]}