gis_exercise/awsData/contour/humi_2023090917.json
{"header": {"refTime": "2023-09-09T17:00:00.000Z", "nx": 21, "ny": 33, "lo1": 113.509, "la1": 22.2235, "lo2": 113.5947, "la2": 22.1034, "dx": 0.0042850000000001385, "dy": 0.003753125000000024, "parameterCategory": 0, "parameterCategoryName": "Temperature", "parameterNumber": 0}, "z": [[91.03, 91.13, 91.27, 94.25, 94.29, 92.29, 92.51, 92.73, 92.79, 94.51, 94.32, 94.12, 92.53, 92.41, 91.5, 91.4, 90.81, 90.8, 90.8, 90.8], [90.95, 91.05, 91.19, 91.38, 94.25, 94.33, 92.66, 93.11, 93.38, 94.58, 94.28, 93.97, 92.36, 92.23, 91.37, 90.79, 90.78, 90.77, 90.77, 90.77], [90.85, 90.94, 91.07, 91.25, 94.17, 94.25, 94.39, 93.4, 94.6, 94.65, 94.2, 93.69, 92.06, 91.98, 90.77, 90.77, 90.75, 90.74, 90.73, 90.74], [90.74, 90.81, 90.91, 91.06, 91.27, 94.11, 94.24, 94.45, 94.67, 94.63, 94.06, 93.22, 91.55, 92.46, 90.75, 90.75, 90.72, 90.69, 90.69, 90.7], [90.6, 90.65, 90.71, 90.81, 90.96, 93.9, 93.94, 94.07, 94.29, 94.74, 94.1, 92.34, 90.99, 92.15, 90.76, 90.73, 90.66, 90.61, 90.62, 90.66], [90.46, 90.47, 90.49, 90.53, 90.6, 90.69, 93.52, 93.48, 93.79, 94.54, 94.27, 93.03, 91.92, 91.0, 90.85, 90.72, 90.55, 90.48, 90.53, 90.61], [88.45, 90.28, 90.25, 90.24, 90.23, 90.24, 91.28, 92.5, 92.71, 94.4, 95.52, 94.19, 91.71, 91.53, 90.98, 90.71, 90.37, 90.25, 90.0, 90.0], [88.43, 88.42, 88.42, 88.43, 88.45, 90.88, 90.98, 90.66, 90.36, 94.72, 97.5, 94.84, 94.81, 91.49, 91.12, 91.44, 90.79, 90.55, 90.92, 91.17], [88.57, 88.56, 88.38, 88.37, 88.36, 88.4, 88.52, 90.95, 92.19, 94.11, 96.69, 95.81, 95.38, 95.95, 91.19, 91.56, 91.18, 91.02, 91.11, 91.26], [88.0, 88.0, 88.0, 88.47, 88.4, 88.23, 88.35, 88.52, 94.69, 94.13, 95.35, 96.36, 96.04, 96.19, 91.2, 91.69, 91.45, 91.32, 91.31, 91.37], [88.0, 88.0, 88.0, 88.0, 88.0, 88.0, 88.0, 88.0, 88.35, 92.42, 99.0, 96.71, 96.44, 96.43, 91.17, 91.79, 91.61, 91.51, 91.48, 91.5], [88.0, 88.0, 88.0, 88.0, 88.0, 88.0, 88.0, 88.0, 88.0, -999.0, 99.0, 93.0, 93.0, 96.61, 91.13, 91.89, 91.78, 93.98, 93.88, 93.86], [88.0, 88.0, 88.0, 88.0, 88.0, 88.0, 88.0, 88.0, 88.0, 88.0, -999.0, 93.0, 93.0, 95.61, 94.46, 92.55, 92.5, 93.36, 93.24, 93.16], [88.0, 88.0, 88.0, 88.0, 88.0, 88.0, 88.0, 88.0, 88.0, 88.0, -999.0, 97.0, 97.0, 97.0, 94.8, 93.13, 93.02, 93.9, 93.71, 93.57], [88.0, 88.0, 88.0, 88.0, 88.0, 88.0, 88.0, 90.0, 90.0, 90.0, 90.0, 92.69, 97.0, 97.0, 97.0, 93.8, 93.59, 94.39, 94.14, 93.93], [88.0, 88.0, 89.26, 89.28, 89.32, 90.0, 90.0, 90.0, 90.0, 90.0, 94.4, 93.91, 94.58, 95.15, 94.51, 95.17, 94.89, 95.38, 93.82, 93.59], [89.28, 89.3, 88.71, 88.74, 90.0, 90.0, 90.0, 90.0, 90.0, 90.0, 93.01, 93.88, 94.79, 95.63, 95.61, 95.8, 95.38, 95.04, 94.81, 94.64], [88.71, 88.74, 88.77, 88.83, 90.0, 90.0, 90.0, 90.0, 90.0, 91.78, 92.72, 93.77, 94.86, 95.55, 96.8, 95.94, 95.33, 94.94, 94.7, 94.54], [88.75, 88.79, 88.83, 90.0, 90.0, 90.0, 90.0, 90.0, 90.63, 91.36, 92.94, 93.86, 94.18, 95.08, 96.02, 95.58, 95.07, 94.73, 94.52, 94.39], [88.78, 88.81, 92.86, 92.72, 92.53, 92.27, 91.86, 90.82, 91.21, 92.07, 93.0, 93.77, 93.8, 94.34, 95.22, 94.97, 94.65, 94.41, 94.28, 94.21], [93.05, 92.98, 92.88, 92.07, 91.96, 91.82, 91.63, 91.43, 92.26, 92.68, 93.24, 93.79, 93.45, 94.73, 94.61, 94.39, 94.17, 94.04, 94.01, 94.02], [92.33, 92.31, 92.28, 92.25, 92.2, 92.15, 92.11, 91.91, 93.01, 93.25, 93.56, 93.88, 94.75, 94.33, 94.14, 93.89, 93.69, 93.67, 93.74, 93.83], [92.42, 92.42, 92.42, 92.07, 92.11, 92.16, 92.26, 92.4, 92.57, 92.68, 92.64, 92.74, 93.7, 94.05, 93.81, 93.49, 93.19, 93.31, 93.54, 93.7], [92.07, 92.09, 92.13, 92.18, 92.25, 92.37, 92.55, 92.83, 93.18, 93.35, 93.12, 93.26, 93.76, 93.52, 93.3, 93.3, 92.58, 93.24, 93.49, 93.64], [92.11, 92.14, 92.19, 92.25, 92.35, 92.5, 92.73, 93.11, 93.75, 94.28, 93.51, 93.29, 92.96, 93.57, 93.36, 93.21, 93.38, 93.59, 93.54, 93.63], [92.14, 92.18, 92.23, 92.3, 92.4, 92.54, 92.76, 93.11, 93.69, 94.16, 93.64, 93.14, 92.86, 93.62, 93.44, 92.74, 92.92, 93.01, 93.59, 93.66], [92.16, 92.2, 92.25, 92.31, 92.4, 92.51, 92.66, 92.86, 93.07, 93.09, 93.02, 92.79, 92.67, 92.29, 92.47, 92.64, 92.76, 92.82, 92.81, 92.77], [92.17, 92.2, 92.25, 92.3, 92.36, 92.43, 92.5, 92.55, 92.5, 92.48, 92.26, 92.63, 92.86, 93.05, 92.37, 92.52, 92.63, 92.69, 92.71, 92.69], [92.17, 92.2, 92.23, 92.27, 92.31, 92.34, 92.35, 92.3, 92.12, 91.85, 91.46, 92.18, 92.62, 92.9, 92.27, 92.42, 92.52, 92.59, 92.62, 92.62], [92.17, 92.19, 92.22, 92.24, 92.26, 92.27, 92.24, 92.15, 92.44, 91.97, 91.69, 92.13, 92.54, 92.81, 92.2, 92.33, 92.43, 92.5, 92.54, 92.56], [92.16, 92.18, 92.2, 92.21, 92.22, 92.21, 92.17, 92.09, 92.49, 92.26, 92.17, 92.33, 92.58, 92.79, 92.16, 92.28, 92.37, 92.43, 92.48, 92.5], [92.15, 92.17, 92.18, 92.18, 92.18, 92.17, 92.13, 92.74, 92.6, 92.48, 92.45, 92.52, 92.66, 92.81, 92.14, 92.24, 92.32, 92.38, 92.43, 92.46]]}