gis_exercise/awsData/contour/humi_2023091001.json
{"header": {"refTime": "2023-09-10T01:00:00.000Z", "nx": 21, "ny": 33, "lo1": 113.509, "la1": 22.2235, "lo2": 113.5947, "la2": 22.1034, "dx": 0.0042850000000001385, "dy": 0.003753125000000024, "parameterCategory": 0, "parameterCategoryName": "Temperature", "parameterNumber": 0}, "z": [[91.81, 91.86, 91.92, 93.77, 93.74, 91.84, 91.9, 91.94, 91.91, 92.32, 92.11, 91.89, 90.53, 90.41, 90.65, 90.69, 90.23, 90.32, 90.38, 90.43], [91.77, 91.82, 91.89, 91.97, 93.73, 93.67, 92.01, 92.15, 92.21, 92.41, 92.08, 91.74, 90.36, 90.23, 90.52, 90.12, 90.26, 90.37, 90.44, 90.49], [91.73, 91.78, 91.84, 91.93, 93.74, 93.68, 93.58, 92.32, 92.81, 92.51, 91.99, 91.48, 90.06, 89.98, 89.9, 90.13, 90.32, 90.45, 90.53, 90.57], [91.67, 91.71, 91.78, 91.86, 91.98, 93.71, 93.63, 93.51, 93.4, 92.43, 91.83, 91.01, 89.55, 90.26, 89.85, 90.18, 90.43, 90.58, 90.65, 90.67], [91.6, 91.63, 91.68, 91.77, 91.88, 93.75, 93.72, 93.7, 93.74, 92.45, 91.82, 90.15, 88.91, 89.98, 89.89, 90.31, 90.63, 90.79, 90.82, 90.79], [91.51, 91.53, 91.57, 91.63, 91.74, 91.89, 93.77, 93.79, 93.91, 94.17, 91.88, 90.78, 89.77, 89.0, 90.06, 90.53, 90.94, 91.11, 91.03, 90.91], [90.79, 91.41, 91.42, 91.46, 91.55, 91.72, 92.76, 93.71, 93.84, 93.99, 94.14, 91.85, 89.71, 89.53, 90.31, 90.76, 91.35, 91.57, 91.26, 91.01], [90.71, 90.69, 90.68, 90.7, 90.79, 92.16, 92.54, 92.96, 93.22, 94.19, 95.17, 92.54, 92.51, 89.49, 91.63, 91.52, 91.74, 91.82, 91.69, 91.61], [91.29, 91.23, 90.52, 90.46, 90.44, 90.59, 91.08, 92.7, 93.96, 93.85, 94.08, 93.34, 92.98, 93.46, 91.6, 91.48, 91.61, 91.66, 91.63, 91.58], [89.0, 89.0, 89.0, 90.87, 90.61, 89.91, 90.39, 91.08, 94.71, 94.54, 92.96, 93.8, 93.53, 93.66, 91.6, 91.44, 91.52, 91.56, 91.56, 91.54], [89.0, 89.0, 89.0, 89.0, 89.0, 89.0, 89.0, 89.0, 90.42, 94.03, 96.0, 94.09, 93.87, 93.85, 91.61, 91.4, 91.46, 91.5, 91.51, 91.5], [89.0, 89.0, 89.0, 89.0, 89.0, 89.0, 89.0, 89.0, 89.0, -999.0, 96.0, 91.0, 91.0, 94.01, 91.62, 91.37, 91.41, 93.14, 93.11, 93.1], [89.0, 89.0, 89.0, 89.0, 89.0, 89.0, 89.0, 89.0, 89.0, 89.0, -999.0, 91.0, 91.0, 92.96, 92.1, 92.73, 92.71, 92.96, 92.92, 92.9], [89.0, 89.0, 89.0, 89.0, 89.0, 89.0, 89.0, 89.0, 89.0, 89.0, -999.0, 94.0, 94.0, 94.0, 92.35, 92.89, 92.86, 93.11, 93.06, 93.02], [89.0, 89.0, 89.0, 89.0, 89.0, 89.0, 89.0, 89.0, 89.0, 89.0, 89.0, 90.92, 94.0, 94.0, 94.0, 93.08, 93.02, 93.26, 93.18, 93.12], [89.0, 89.0, 89.0, 89.0, 89.0, 89.0, 89.0, 89.0, 89.0, 89.0, 92.15, 91.79, 92.27, 92.68, 92.22, 91.43, 91.04, 91.73, 91.57, 91.4], [89.0, 89.0, 89.0, 89.0, 89.0, 89.0, 89.0, 89.0, 89.0, 89.0, 91.15, 91.77, 92.42, 93.02, 92.62, 92.35, 91.77, 91.31, 90.98, 90.76], [89.0, 89.0, 89.0, 89.0, 89.0, 89.0, 89.0, 89.0, 89.0, 90.27, 90.94, 91.69, 92.47, 92.6, 93.8, 92.53, 91.7, 91.17, 90.83, 90.61], [89.0, 89.0, 89.0, 89.0, 89.0, 89.0, 89.0, 89.0, 89.45, 89.97, 91.37, 92.03, 91.36, 92.11, 92.65, 92.04, 91.35, 90.87, 90.58, 90.41], [89.0, 89.0, 91.86, 91.72, 91.53, 91.27, 90.86, 89.82, 90.02, 90.73, 91.45, 92.02, 90.95, 91.32, 91.55, 91.2, 90.76, 90.44, 90.25, 90.16], [92.05, 91.98, 91.88, 91.07, 90.96, 90.82, 90.63, 90.43, 90.95, 91.28, 91.72, 92.11, 90.53, 90.87, 90.7, 90.4, 90.1, 89.93, 89.88, 89.89], [91.33, 91.31, 91.28, 91.25, 91.2, 91.15, 91.11, 91.26, 91.67, 91.86, 92.08, 92.29, 91.77, 90.32, 90.06, 89.71, 89.44, 89.4, 89.52, 89.65], [91.42, 91.42, 91.42, 91.58, 91.59, 91.62, 91.68, 91.8, 91.95, 92.06, 92.06, 90.69, 90.48, 89.94, 89.6, 89.16, 88.73, 88.91, 89.25, 89.46], [91.65, 91.66, 91.68, 91.72, 91.77, 91.86, 92.02, 92.25, 92.55, 92.7, 92.53, 91.78, 90.62, 89.99, 89.42, 88.9, 87.85, 88.83, 89.18, 89.38], [91.71, 91.74, 91.78, 91.83, 91.92, 92.04, 92.24, 92.55, 93.05, 93.46, 92.91, 91.97, 91.32, 90.09, 89.54, 89.1, 89.04, 89.36, 89.27, 89.38], [91.77, 91.8, 91.85, 91.92, 92.01, 92.15, 92.34, 92.63, 93.07, 93.42, 92.66, 92.01, 91.44, 90.21, 89.72, 89.09, 89.07, 89.12, 89.34, 89.42], [91.81, 91.85, 91.91, 91.97, 92.07, 92.19, 92.34, 92.53, 92.72, 92.78, 92.31, 91.93, 91.5, 89.76, 89.48, 89.29, 89.2, 89.18, 89.18, 89.18], [91.85, 91.89, 91.94, 92.01, 92.09, 92.18, 92.29, 92.39, 92.44, 92.18, 92.05, 92.3, 92.18, 92.0, 89.68, 89.48, 89.36, 89.29, 89.27, 89.26], [91.87, 91.91, 91.96, 92.02, 92.09, 92.16, 92.23, 92.28, 92.27, 92.01, 92.09, 92.18, 92.14, 92.02, 89.85, 89.64, 89.5, 89.41, 89.37, 89.34], [91.89, 91.93, 91.97, 92.02, 92.08, 92.13, 92.18, 92.2, 92.31, 92.19, 92.11, 92.14, 92.11, 92.02, 89.97, 89.76, 89.62, 89.52, 89.46, 89.42], [91.9, 91.94, 91.98, 92.02, 92.06, 92.11, 92.14, 92.16, 92.27, 92.21, 92.16, 92.14, 92.1, 92.03, 90.04, 89.85, 89.71, 89.61, 89.54, 89.49], [91.91, 91.94, 91.98, 92.01, 92.05, 92.08, 92.11, 92.28, 92.25, 92.21, 92.17, 92.13, 92.09, 92.03, 90.06, 89.9, 89.77, 89.68, 89.61, 89.56]]}