gis_exercise/awsData/contour/humi_2023083121.json
{"header": {"refTime": "2023-08-31T21:00:00.000Z", "nx": 21, "ny": 33, "lo1": 113.509, "la1": 22.2235, "lo2": 113.5947, "la2": 22.1034, "dx": 0.0042850000000001385, "dy": 0.003753125000000024, "parameterCategory": 0, "parameterCategoryName": "Temperature", "parameterNumber": 0}, "z": [[90.95, 91.04, 91.15, 92.56, 92.63, 90.65, 90.87, 91.08, 91.07, 91.28, 90.73, 90.19, 88.35, 88.04, 88.15, 88.09, 86.23, 86.32, 86.38, 86.43], [90.89, 90.98, 91.09, 91.24, 92.61, 92.73, 91.12, 91.6, 91.86, 91.67, 90.74, 89.94, 88.01, 87.71, 87.88, 86.12, 86.26, 86.37, 86.44, 86.49], [90.81, 90.89, 91.0, 91.14, 92.55, 92.67, 92.88, 92.03, 93.48, 92.01, 90.56, 89.43, 87.44, 87.23, 85.9, 86.13, 86.32, 86.45, 86.53, 86.57], [90.71, 90.78, 90.86, 90.99, 91.17, 92.54, 92.71, 93.01, 93.28, 91.52, 90.06, 88.54, 86.5, 86.46, 85.85, 86.18, 86.43, 86.58, 86.65, 86.67], [90.6, 90.64, 90.7, 90.8, 90.93, 92.35, 92.42, 92.53, 92.62, 90.85, 89.61, 86.34, 84.99, 86.15, 85.89, 86.31, 86.63, 86.79, 86.82, 86.79], [90.48, 90.49, 90.51, 90.56, 90.65, 90.76, 92.07, 92.02, 92.08, 92.26, 88.27, 87.03, 85.92, 85.0, 86.06, 86.53, 86.94, 87.11, 87.03, 86.91], [88.89, 90.32, 90.31, 90.31, 90.34, 90.4, 90.26, 91.46, 91.45, 90.8, 90.89, 88.19, 85.71, 85.53, 86.31, 86.76, 87.35, 87.57, 87.26, 87.01], [88.86, 88.85, 88.84, 88.85, 88.9, 89.92, 90.11, 90.25, 90.17, 91.03, 92.06, 88.84, 88.81, 85.49, 87.63, 87.52, 87.74, 87.82, 87.69, 87.61], [89.15, 89.12, 88.76, 88.73, 88.72, 88.8, 89.04, 90.18, 90.96, 90.64, 90.69, 89.81, 89.38, 89.95, 87.6, 87.48, 87.61, 87.66, 87.63, 87.58], [88.0, 88.0, 88.0, 88.94, 88.8, 88.45, 88.7, 89.04, 91.71, 91.54, 89.35, 90.36, 90.04, 90.19, 87.6, 87.44, 87.52, 87.56, 87.56, 87.54], [88.0, 88.0, 88.0, 88.0, 88.0, 88.0, 88.0, 88.0, 88.71, 91.03, 93.0, 90.71, 90.44, 90.43, 87.61, 87.4, 87.46, 87.5, 87.51, 87.5], [88.0, 88.0, 88.0, 88.0, 88.0, 88.0, 88.0, 88.0, 88.0, -999.0, 93.0, 87.0, 87.0, 90.61, 87.62, 87.37, 87.41, 92.55, 92.44, 92.41], [88.0, 88.0, 88.0, 88.0, 88.0, 88.0, 88.0, 88.0, 88.0, 88.0, -999.0, 87.0, 87.0, 92.88, 90.29, 90.91, 90.85, 91.84, 91.7, 91.61], [88.0, 88.0, 88.0, 88.0, 88.0, 88.0, 88.0, 88.0, 88.0, 88.0, -999.0, 96.0, 96.0, 96.0, 91.05, 91.58, 91.45, 92.46, 92.24, 92.08], [88.0, 88.0, 88.0, 88.0, 88.0, 88.0, 88.0, 91.0, 91.0, 91.0, 91.0, 92.92, 96.0, 96.0, 96.0, 92.34, 92.1, 93.02, 92.73, 92.5], [88.0, 88.0, 89.89, 89.92, 89.98, 91.0, 91.0, 91.0, 91.0, 91.0, 94.15, 93.79, 94.27, 94.68, 94.22, 92.7, 92.2, 93.08, 91.47, 91.15], [89.93, 89.94, 89.06, 89.11, 91.0, 91.0, 91.0, 91.0, 91.0, 91.0, 93.15, 93.77, 94.42, 95.02, 94.4, 94.46, 93.92, 93.5, 93.2, 93.01], [89.07, 89.11, 89.16, 89.24, 91.0, 91.0, 91.0, 91.0, 91.0, 92.27, 92.94, 93.69, 94.47, 94.38, 95.76, 94.63, 93.85, 93.36, 93.06, 92.87], [89.13, 89.18, 89.25, 91.0, 91.0, 91.0, 91.0, 91.0, 91.45, 91.97, 92.07, 92.68, 93.0, 93.81, 94.73, 94.16, 93.51, 93.07, 92.82, 92.68], [89.17, 89.22, 89.86, 89.91, 89.99, 90.09, 90.25, 90.67, 91.25, 91.51, 91.91, 92.41, 92.5, 92.86, 93.68, 93.35, 92.93, 92.65, 92.5, 92.45], [89.78, 89.81, 89.85, 90.17, 90.21, 90.27, 90.35, 90.43, 91.31, 91.46, 91.73, 92.11, 91.98, 93.04, 92.86, 92.55, 92.26, 92.13, 92.15, 92.21], [90.07, 90.08, 90.09, 90.1, 90.12, 90.14, 90.16, 89.61, 91.15, 91.25, 91.46, 91.77, 90.84, 92.52, 92.22, 91.82, 91.53, 91.58, 91.81, 92.01], [90.03, 90.03, 90.03, 89.26, 89.29, 89.32, 89.33, 89.32, 89.29, 89.24, 89.18, 89.06, 90.11, 92.16, 91.77, 91.19, 90.57, 91.03, 91.63, 91.9], [89.13, 89.14, 89.15, 89.16, 89.16, 89.16, 89.14, 89.11, 89.07, 89.03, 89.0, 88.01, 90.1, 90.25, 90.32, 90.97, 88.96, 91.36, 91.8, 91.93], [89.07, 89.07, 89.06, 89.06, 89.04, 89.02, 88.99, 88.96, 88.95, 88.95, 88.88, 88.04, 87.83, 90.3, 90.47, 90.66, 91.89, 92.86, 92.11, 92.03], [89.01, 89.0, 88.99, 88.96, 88.93, 88.89, 88.85, 88.82, 88.84, 88.87, 88.26, 87.97, 87.79, 90.34, 90.57, 90.55, 91.11, 91.41, 92.14, 92.08], [88.96, 88.94, 88.91, 88.88, 88.83, 88.78, 88.72, 88.66, 88.6, 88.53, 87.95, 87.81, 87.71, 89.59, 89.98, 90.37, 90.71, 90.88, 90.83, 90.7], [88.91, 88.88, 88.85, 88.81, 88.75, 88.68, 88.59, 88.47, 88.31, 87.69, 87.58, 88.77, 89.33, 89.93, 89.78, 90.12, 90.39, 90.54, 90.57, 90.53], [88.87, 88.84, 88.8, 88.74, 88.68, 88.59, 88.48, 88.32, 88.08, 87.39, 87.48, 88.35, 89.07, 89.68, 89.58, 89.9, 90.14, 90.29, 90.35, 90.36], [88.83, 88.8, 88.75, 88.69, 88.62, 88.53, 88.41, 88.25, 88.49, 88.03, 87.77, 88.36, 88.99, 89.54, 89.44, 89.73, 89.95, 90.09, 90.18, 90.21], [88.8, 88.76, 88.72, 88.66, 88.59, 88.5, 88.39, 88.24, 88.63, 88.42, 88.37, 88.65, 89.07, 89.51, 89.35, 89.61, 89.8, 89.94, 90.03, 90.09], [88.78, 88.74, 88.69, 88.64, 88.57, 88.49, 88.39, 88.96, 88.83, 88.73, 88.75, 88.93, 89.21, 89.54, 89.31, 89.53, 89.7, 89.83, 89.92, 89.98]]}