gis_exercise/awsData/contour/humi_2023083110.json
{"header": {"refTime": "2023-08-31T10:00:00.000Z", "nx": 21, "ny": 33, "lo1": 113.509, "la1": 22.2235, "lo2": 113.5947, "la2": 22.1034, "dx": 0.0042850000000001385, "dy": 0.003753125000000024, "parameterCategory": 0, "parameterCategoryName": "Temperature", "parameterNumber": 0}, "z": [[65.11, 65.14, 65.19, 66.51, 66.49, 65.07, 65.12, 65.15, 65.13, 65.38, 65.2, 65.02, 63.93, 63.82, 63.77, 63.77, 63.25, 63.29, 63.32, 63.35], [65.08, 65.12, 65.17, 65.23, 66.49, 66.45, 65.2, 65.32, 65.37, 65.46, 65.18, 64.91, 63.79, 63.69, 63.67, 63.19, 63.26, 63.31, 63.35, 63.37], [65.04, 65.08, 65.13, 65.2, 66.49, 66.45, 66.39, 65.46, 65.85, 65.55, 65.11, 64.69, 63.56, 63.49, 63.08, 63.19, 63.28, 63.35, 63.39, 63.41], [65.0, 65.03, 65.08, 65.15, 65.23, 66.47, 66.42, 66.34, 66.27, 65.47, 64.97, 64.32, 63.16, 63.64, 63.05, 63.22, 63.33, 63.41, 63.44, 63.45], [64.95, 64.97, 65.01, 65.07, 65.16, 66.5, 66.48, 66.46, 66.49, 65.44, 64.94, 63.56, 62.66, 63.44, 63.07, 63.28, 63.42, 63.5, 63.52, 63.5], [64.88, 64.9, 64.93, 64.97, 65.05, 65.17, 66.51, 66.53, 66.61, 66.78, 64.85, 64.02, 63.28, 62.67, 63.17, 63.39, 63.56, 63.64, 63.61, 63.56], [64.34, 64.81, 64.81, 64.84, 64.91, 65.04, 65.75, 66.48, 66.56, 66.53, 66.59, 64.79, 63.14, 63.02, 63.32, 63.5, 63.74, 63.83, 63.63, 63.5], [64.28, 64.27, 64.26, 64.28, 64.35, 65.32, 65.6, 65.92, 66.11, 66.69, 67.37, 65.23, 65.21, 62.99, 64.0, 64.0, 64.0, 64.0, 64.0, 64.0], [64.72, 64.67, 64.14, 64.1, 64.08, 64.19, 64.56, 65.72, 66.64, 66.42, 66.46, 65.87, 65.59, 65.97, 64.0, 64.0, 64.0, 64.0, 64.0, 64.0], [63.0, 63.0, 63.0, 64.4, 64.21, 63.68, 64.05, 64.56, 67.14, 67.03, 65.57, 66.24, 66.02, 66.13, 64.0, 64.0, 64.0, 64.0, 64.0, 64.0], [63.0, 63.0, 63.0, 63.0, 63.0, 63.0, 63.0, 63.0, 64.06, 66.68, 68.0, 66.48, 66.3, 66.28, 64.0, 64.0, 64.0, 64.0, 64.0, 64.0], [63.0, 63.0, 63.0, 63.0, 63.0, 63.0, 63.0, 63.0, 63.0, -999.0, 68.0, 64.0, 64.0, 66.41, 64.0, 64.0, 64.0, 70.82, 70.66, 70.61], [63.0, 63.0, 63.0, 63.0, 63.0, 63.0, 63.0, 63.0, 63.0, 63.0, -999.0, 64.0, 64.0, 71.83, 68.39, 68.37, 68.28, 69.76, 69.55, 69.42], [63.0, 63.0, 63.0, 63.0, 63.0, 63.0, 63.0, 63.0, 63.0, 63.0, -999.0, 76.0, 76.0, 76.0, 69.4, 69.37, 69.18, 70.68, 70.36, 70.11], [63.0, 63.0, 63.0, 63.0, 63.0, 63.0, 63.0, 68.0, 68.0, 68.0, 68.0, 71.07, 76.0, 76.0, 76.0, 70.51, 70.15, 71.53, 71.1, 70.74], [63.0, 63.0, 66.15, 66.2, 66.3, 68.0, 68.0, 68.0, 68.0, 68.0, 73.03, 72.46, 73.24, 73.89, 73.15, 73.8, 73.47, 74.05, 71.25, 70.91], [66.21, 66.24, 64.76, 64.85, 68.0, 68.0, 68.0, 68.0, 68.0, 68.0, 71.44, 72.43, 73.48, 74.44, 74.38, 74.5, 73.98, 73.56, 73.27, 73.06], [64.78, 64.84, 64.93, 65.06, 68.0, 68.0, 68.0, 68.0, 68.0, 70.03, 71.11, 72.31, 73.56, 74.31, 75.76, 74.67, 73.92, 73.44, 73.13, 72.93], [64.88, 64.96, 65.08, 68.0, 68.0, 68.0, 68.0, 68.0, 68.72, 69.56, 70.3, 71.3, 72.72, 73.76, 74.78, 74.23, 73.6, 73.17, 72.9, 72.75], [64.95, 65.03, 68.0, 68.0, 68.0, 68.0, 68.0, 68.0, 68.75, 69.38, 70.16, 71.0, 72.27, 72.9, 73.79, 73.47, 73.07, 72.78, 72.61, 72.52], [68.0, 68.0, 68.0, 68.0, 68.0, 68.0, 68.0, 68.0, 69.24, 69.57, 70.08, 70.69, 71.87, 73.17, 73.02, 72.75, 72.48, 72.32, 72.27, 72.28], [68.0, 68.0, 68.0, 68.0, 68.0, 68.0, 68.0, 67.3, 69.39, 69.59, 69.93, 70.38, 71.47, 72.68, 72.44, 72.14, 71.9, 71.85, 71.94, 72.05], [68.0, 68.0, 68.0, 66.99, 67.04, 67.09, 67.15, 67.21, 67.24, 67.23, 67.16, 68.53, 69.85, 72.33, 72.04, 71.65, 71.29, 71.42, 71.68, 71.87], [66.84, 66.86, 66.89, 66.92, 66.96, 67.0, 67.07, 67.16, 67.27, 67.3, 67.17, 67.49, 69.79, 70.11, 70.36, 71.42, 70.61, 71.29, 71.59, 71.78], [66.79, 66.81, 66.82, 66.84, 66.87, 66.91, 66.98, 67.11, 67.38, 67.63, 67.2, 67.36, 67.47, 70.08, 70.37, 70.63, 71.44, 71.64, 71.64, 71.77], [66.74, 66.75, 66.75, 66.76, 66.77, 66.79, 66.84, 66.96, 67.23, 67.48, 67.24, 67.1, 67.22, 70.05, 70.34, 69.98, 70.39, 70.54, 71.71, 71.8], [66.69, 66.69, 66.68, 66.67, 66.66, 66.65, 66.65, 66.67, 66.7, 66.63, 66.66, 66.67, 66.88, 68.5, 69.11, 69.6, 69.95, 70.1, 70.07, 69.97], [66.64, 66.63, 66.61, 66.58, 66.55, 66.5, 66.43, 66.33, 66.13, 65.99, 65.78, 66.36, 66.94, 67.52, 68.72, 69.21, 69.55, 69.72, 69.78, 69.75], [66.6, 66.57, 66.54, 66.5, 66.45, 66.37, 66.25, 66.05, 65.7, 65.22, 64.65, 65.76, 66.59, 67.23, 68.39, 68.87, 69.2, 69.41, 69.51, 69.54], [66.56, 66.53, 66.49, 66.43, 66.36, 66.27, 66.12, 65.9, 66.03, 65.4, 65.01, 65.74, 66.48, 67.07, 68.14, 68.6, 68.92, 69.14, 69.27, 69.34], [66.52, 66.48, 66.44, 66.38, 66.31, 66.2, 66.06, 65.87, 66.18, 65.87, 65.78, 66.09, 66.56, 67.03, 68.0, 68.41, 68.71, 68.93, 69.08, 69.17], [66.49, 66.45, 66.4, 66.35, 66.27, 66.17, 66.05, 66.57, 66.39, 66.25, 66.24, 66.42, 66.72, 67.07, 67.94, 68.29, 68.56, 68.77, 68.92, 69.02]]}