gis_exercise/awsData/contour/humi_2023090207.json
{"header": {"refTime": "2023-09-02T07:00:00.000Z", "nx": 21, "ny": 33, "lo1": 113.509, "la1": 22.2235, "lo2": 113.5947, "la2": 22.1034, "dx": 0.0042850000000001385, "dy": 0.003753125000000024, "parameterCategory": 0, "parameterCategoryName": "Temperature", "parameterNumber": 0}, "z": [[95.79, 95.83, 95.88, 97.47, 97.45, 95.58, 95.67, 95.74, 95.72, 96.32, 96.11, 95.89, 94.53, 94.41, 94.08, 94.05, 93.52, 93.56, 93.59, 93.61], [95.76, 95.8, 95.86, 95.93, 97.44, 97.41, 95.78, 95.97, 96.07, 96.41, 96.08, 95.74, 94.36, 94.23, 93.94, 93.45, 93.52, 93.57, 93.61, 93.63], [95.73, 95.76, 95.82, 95.88, 97.43, 97.4, 97.35, 96.17, 96.78, 96.51, 95.99, 95.48, 94.06, 93.98, 93.34, 93.45, 93.54, 93.6, 93.63, 93.65], [95.68, 95.71, 95.76, 95.82, 95.91, 97.4, 97.37, 97.31, 97.26, 96.43, 95.83, 95.01, 93.55, 94.26, 93.3, 93.47, 93.57, 93.64, 93.67, 93.69], [95.62, 95.65, 95.68, 95.74, 95.81, 97.4, 97.38, 97.39, 97.46, 96.45, 95.82, 94.15, 92.91, 93.98, 93.32, 93.52, 93.64, 93.7, 93.72, 93.72], [95.56, 95.57, 95.59, 95.63, 95.69, 95.77, 97.35, 97.36, 97.51, 97.84, 95.88, 94.78, 93.77, 93.0, 93.45, 93.63, 93.75, 93.8, 93.78, 93.76], [94.89, 95.49, 95.48, 95.5, 95.54, 95.62, 96.51, 97.14, 97.27, 97.65, 97.95, 95.85, 93.71, 93.53, 93.65, 93.74, 93.86, 93.91, 93.63, 93.5], [94.86, 94.85, 94.84, 94.85, 94.9, 96.15, 96.34, 96.43, 96.39, 97.86, 99.1, 96.54, 96.51, 93.49, 94.37, 94.48, 94.26, 94.18, 94.31, 94.39], [95.15, 95.12, 94.76, 94.73, 94.72, 94.8, 95.04, 96.4, 97.27, 97.49, 98.08, 97.34, 96.98, 97.46, 94.4, 94.52, 94.39, 94.34, 94.37, 94.42], [94.0, 94.0, 94.0, 94.94, 94.8, 94.45, 94.7, 95.04, 98.27, 98.05, 96.96, 97.8, 97.53, 97.66, 94.4, 94.56, 94.48, 94.44, 94.44, 94.46], [94.0, 94.0, 94.0, 94.0, 94.0, 94.0, 94.0, 94.0, 94.71, 97.37, 100.0, 98.09, 97.87, 97.85, 94.39, 94.6, 94.54, 94.5, 94.49, 94.5], [94.0, 94.0, 94.0, 94.0, 94.0, 94.0, 94.0, 94.0, 94.0, -999.0, 100.0, 95.0, 95.0, 98.01, 94.38, 94.63, 94.59, 97.41, 97.33, 97.31], [94.0, 94.0, 94.0, 94.0, 94.0, 94.0, 94.0, 94.0, 94.0, 94.0, -999.0, 95.0, 95.0, 98.26, 96.83, 96.18, 96.14, 96.88, 96.77, 96.71], [94.0, 94.0, 94.0, 94.0, 94.0, 94.0, 94.0, 94.0, 94.0, 94.0, -999.0, 100.0, 100.0, 100.0, 97.25, 96.68, 96.59, 97.34, 97.18, 97.06], [94.0, 94.0, 94.0, 94.0, 94.0, 94.0, 94.0, 94.0, 94.0, 94.0, 94.0, 96.31, 100.0, 100.0, 100.0, 97.25, 97.07, 97.77, 97.55, 97.37], [94.0, 94.0, 94.0, 94.0, 94.0, 94.0, 94.0, 94.0, 94.0, 94.0, 97.78, 97.35, 97.93, 98.42, 97.86, 98.53, 98.31, 98.7, 97.35, 97.16], [94.0, 94.0, 94.0, 94.0, 94.0, 94.0, 94.0, 94.0, 94.0, 94.0, 96.58, 97.32, 98.11, 98.83, 98.84, 99.24, 98.97, 98.76, 98.61, 98.51], [94.0, 94.0, 94.0, 94.0, 94.0, 94.0, 94.0, 94.0, 94.0, 95.52, 96.33, 97.23, 98.17, 98.79, 99.83, 99.32, 98.94, 98.69, 98.54, 98.44], [94.0, 94.0, 94.0, 94.0, 94.0, 94.0, 94.0, 94.0, 94.54, 95.17, 96.29, 97.06, 97.63, 98.39, 99.37, 99.09, 98.77, 98.55, 98.42, 98.35], [94.0, 94.0, 95.71, 95.63, 95.52, 95.36, 95.12, 94.49, 94.9, 95.55, 96.28, 96.94, 97.32, 97.79, 98.86, 98.69, 98.49, 98.34, 98.27, 98.24], [95.83, 95.79, 95.73, 95.24, 95.18, 95.09, 94.98, 94.86, 95.64, 95.96, 96.41, 96.88, 97.04, 98.54, 98.46, 98.31, 98.17, 98.1, 98.09, 98.12], [95.4, 95.38, 95.37, 95.35, 95.32, 95.29, 95.27, 95.21, 96.12, 96.31, 96.57, 96.87, 97.74, 98.29, 98.15, 97.96, 97.83, 97.84, 97.93, 98.01], [95.45, 95.45, 95.45, 95.34, 95.36, 95.39, 95.44, 95.52, 95.62, 95.68, 95.67, 95.85, 97.26, 98.11, 97.93, 97.67, 97.4, 97.58, 97.82, 97.95], [95.36, 95.37, 95.39, 95.41, 95.45, 95.52, 95.62, 95.78, 95.98, 96.08, 95.95, 96.25, 97.26, 97.29, 97.29, 97.56, 96.76, 97.67, 97.87, 97.94], [95.39, 95.4, 95.43, 95.47, 95.52, 95.61, 95.74, 95.95, 96.31, 96.6, 96.19, 96.25, 96.13, 97.31, 97.35, 97.4, 97.87, 98.22, 97.98, 97.97], [95.41, 95.43, 95.46, 95.5, 95.56, 95.65, 95.77, 95.97, 96.29, 96.55, 96.38, 96.17, 96.07, 97.33, 97.39, 97.18, 97.44, 97.56, 98.0, 97.99], [95.43, 95.45, 95.48, 95.52, 95.57, 95.64, 95.73, 95.85, 95.97, 95.99, 96.08, 95.98, 95.96, 96.61, 96.85, 97.06, 97.23, 97.31, 97.29, 97.23], [95.44, 95.46, 95.49, 95.52, 95.56, 95.61, 95.66, 95.7, 95.69, 95.79, 95.68, 96.18, 96.47, 96.76, 96.71, 96.91, 97.05, 97.13, 97.15, 97.13], [95.44, 95.46, 95.49, 95.51, 95.54, 95.57, 95.59, 95.58, 95.5, 95.46, 95.33, 95.88, 96.29, 96.62, 96.59, 96.78, 96.91, 97.0, 97.04, 97.04], [95.45, 95.46, 95.48, 95.5, 95.52, 95.53, 95.53, 95.5, 96.02, 95.7, 95.51, 95.87, 96.24, 96.53, 96.5, 96.68, 96.8, 96.89, 96.94, 96.96], [95.45, 95.46, 95.47, 95.49, 95.5, 95.5, 95.5, 95.47, 96.09, 95.93, 95.89, 96.04, 96.28, 96.52, 96.45, 96.6, 96.72, 96.8, 96.86, 96.89], [95.44, 95.46, 95.47, 95.48, 95.48, 95.48, 95.47, 96.29, 96.2, 96.12, 96.12, 96.21, 96.36, 96.53, 96.43, 96.56, 96.66, 96.74, 96.79, 96.83]]}