gis_exercise/awsData/contour/humi_2023090723.json
{"header": {"refTime": "2023-09-07T23:00:00.000Z", "nx": 21, "ny": 33, "lo1": 113.509, "la1": 22.2235, "lo2": 113.5947, "la2": 22.1034, "dx": 0.0042850000000001385, "dy": 0.003753125000000024, "parameterCategory": 0, "parameterCategoryName": "Temperature", "parameterNumber": 0}, "z": [[94.85, 94.9, 94.96, 96.33, 96.37, 94.57, 94.75, 94.92, 94.95, 95.87, 95.59, 95.3, 93.9, 93.73, 93.38, 93.33, 92.52, 92.56, 92.59, 92.61], [94.81, 94.86, 94.92, 95.01, 96.34, 96.4, 94.91, 95.28, 95.5, 96.03, 95.57, 95.14, 93.69, 93.53, 93.21, 92.45, 92.52, 92.57, 92.61, 92.63], [94.77, 94.81, 94.86, 94.94, 96.28, 96.35, 96.47, 95.57, 96.63, 96.18, 95.47, 94.82, 93.33, 93.23, 92.34, 92.45, 92.54, 92.6, 92.63, 92.65], [94.71, 94.74, 94.78, 94.84, 94.94, 96.25, 96.35, 96.52, 96.69, 96.01, 95.23, 94.27, 92.74, 93.26, 92.3, 92.47, 92.57, 92.64, 92.67, 92.69], [94.65, 94.67, 94.69, 94.72, 94.77, 96.1, 96.13, 96.23, 96.36, 95.87, 95.12, 93.15, 91.91, 92.98, 92.32, 92.52, 92.64, 92.7, 92.72, 92.72], [94.59, 94.59, 94.59, 94.59, 94.59, 94.59, 95.84, 95.81, 95.99, 96.43, 94.88, 93.78, 92.77, 92.0, 92.45, 92.63, 92.75, 92.8, 92.78, 92.76], [93.55, 94.52, 94.49, 94.47, 94.43, 94.36, 94.77, 95.17, 95.29, 95.96, 96.56, 94.85, 92.71, 92.53, 92.65, 92.74, 92.86, 92.91, 92.63, 92.5], [93.57, 93.58, 93.58, 93.57, 93.55, 94.74, 94.64, 94.23, 93.74, 96.2, 97.94, 95.54, 95.51, 92.49, 93.37, 93.48, 93.26, 93.18, 93.31, 93.39], [93.43, 93.44, 93.62, 93.63, 93.64, 93.6, 93.48, 94.55, 94.91, 95.77, 97.08, 96.34, 95.98, 96.46, 93.4, 93.52, 93.39, 93.34, 93.37, 93.42], [94.0, 94.0, 94.0, 93.53, 93.6, 93.77, 93.65, 93.48, 96.41, 96.08, 95.96, 96.8, 96.53, 96.66, 93.4, 93.56, 93.48, 93.44, 93.44, 93.46], [94.0, 94.0, 94.0, 94.0, 94.0, 94.0, 94.0, 94.0, 93.65, 95.05, 99.0, 97.09, 96.87, 96.85, 93.39, 93.6, 93.54, 93.5, 93.49, 93.5], [94.0, 94.0, 94.0, 94.0, 94.0, 94.0, 94.0, 94.0, 94.0, -999.0, 99.0, 94.0, 94.0, 97.01, 93.38, 93.63, 93.59, 96.41, 96.33, 96.31], [94.0, 94.0, 94.0, 94.0, 94.0, 94.0, 94.0, 94.0, 94.0, 94.0, -999.0, 94.0, 94.0, 97.26, 95.83, 95.18, 95.14, 95.88, 95.77, 95.71], [94.0, 94.0, 94.0, 94.0, 94.0, 94.0, 94.0, 94.0, 94.0, 94.0, -999.0, 99.0, 99.0, 99.0, 96.25, 95.68, 95.59, 96.34, 96.18, 96.06], [94.0, 94.0, 94.0, 94.0, 94.0, 94.0, 94.0, 94.0, 94.0, 94.0, 94.0, 95.92, 99.0, 99.0, 99.0, 96.25, 96.07, 96.77, 96.55, 96.37], [94.0, 94.0, 94.0, 94.0, 94.0, 94.0, 94.0, 94.0, 94.0, 94.0, 97.15, 96.79, 97.27, 97.68, 97.22, 98.27, 98.16, 98.35, 96.9, 96.75], [94.0, 94.0, 94.0, 94.0, 94.0, 94.0, 94.0, 94.0, 94.0, 94.0, 96.15, 96.77, 97.42, 98.02, 98.18, 98.55, 98.39, 98.26, 98.18, 98.11], [94.0, 94.0, 94.0, 94.0, 94.0, 94.0, 94.0, 94.0, 94.0, 95.27, 95.94, 96.69, 97.47, 98.13, 98.88, 98.6, 98.37, 98.23, 98.13, 98.07], [94.0, 94.0, 94.0, 94.0, 94.0, 94.0, 94.0, 94.0, 94.45, 94.97, 96.18, 96.84, 97.27, 97.86, 98.63, 98.46, 98.27, 98.14, 98.07, 98.02], [94.0, 94.0, 96.29, 96.17, 96.03, 95.81, 95.49, 94.66, 94.91, 95.56, 96.23, 96.79, 97.06, 97.46, 98.33, 98.23, 98.11, 98.02, 97.97, 97.95], [96.44, 96.38, 96.31, 95.65, 95.57, 95.45, 95.3, 95.14, 95.72, 96.02, 96.44, 96.83, 96.9, 98.14, 98.1, 98.01, 97.93, 97.88, 97.87, 97.88], [95.86, 95.85, 95.82, 95.8, 95.76, 95.72, 95.69, 95.73, 96.31, 96.48, 96.71, 96.93, 98.04, 97.99, 97.92, 97.82, 97.74, 97.74, 97.77, 97.81], [95.94, 95.94, 95.94, 95.96, 95.97, 96.0, 96.06, 96.16, 96.29, 96.37, 96.36, 96.56, 97.67, 97.89, 97.79, 97.66, 97.54, 97.6, 97.7, 97.76], [96.0, 96.02, 96.04, 96.07, 96.11, 96.19, 96.32, 96.52, 96.76, 96.89, 96.74, 97.25, 97.68, 97.62, 97.56, 97.59, 97.27, 97.59, 97.69, 97.74], [96.05, 96.07, 96.1, 96.15, 96.22, 96.33, 96.49, 96.75, 97.18, 97.53, 97.05, 97.25, 97.13, 97.63, 97.58, 97.54, 97.66, 97.77, 97.72, 97.75], [96.09, 96.12, 96.16, 96.21, 96.29, 96.4, 96.56, 96.8, 97.18, 97.48, 97.38, 97.17, 97.07, 97.65, 97.61, 97.29, 97.41, 97.46, 97.74, 97.76], [96.12, 96.15, 96.19, 96.25, 96.32, 96.41, 96.54, 96.69, 96.85, 96.88, 97.08, 96.98, 96.96, 96.97, 97.1, 97.21, 97.3, 97.34, 97.33, 97.3], [96.14, 96.17, 96.21, 96.26, 96.32, 96.4, 96.47, 96.54, 96.56, 96.79, 96.68, 96.89, 97.04, 97.17, 97.02, 97.13, 97.21, 97.25, 97.26, 97.25], [96.16, 96.19, 96.22, 96.27, 96.31, 96.36, 96.41, 96.43, 96.39, 96.46, 96.25, 96.65, 96.91, 97.08, 96.95, 97.05, 97.13, 97.17, 97.2, 97.2], [96.17, 96.2, 96.23, 96.26, 96.3, 96.33, 96.35, 96.35, 96.78, 96.53, 96.38, 96.63, 96.86, 97.03, 96.89, 96.99, 97.07, 97.11, 97.14, 97.16], [96.17, 96.2, 96.23, 96.25, 96.28, 96.3, 96.32, 96.31, 96.81, 96.69, 96.65, 96.74, 96.89, 97.02, 96.86, 96.95, 97.02, 97.07, 97.1, 97.12], [96.18, 96.2, 96.22, 96.24, 96.27, 96.28, 96.29, 96.95, 96.88, 96.82, 96.8, 96.85, 96.94, 97.03, 96.85, 96.92, 96.98, 97.03, 97.06, 97.09]]}