gis_exercise/awsData/contour/humi_2023091317.json
{"header": {"refTime": "2023-09-13T17:00:00.000Z", "nx": 21, "ny": 33, "lo1": 113.509, "la1": 22.2235, "lo2": 113.5947, "la2": 22.1034, "dx": 0.0042850000000001385, "dy": 0.003753125000000024, "parameterCategory": 0, "parameterCategoryName": "Temperature", "parameterNumber": 0}, "z": [[86.93, 86.91, 86.88, 87.88, 87.79, 86.29, 86.24, 86.19, 86.15, 86.71, 86.76, 86.78, 85.12, 85.07, 86.45, 86.57, 86.15, 86.25, 86.32, 86.37], [86.94, 86.92, 86.9, 86.87, 87.79, 87.65, 86.25, 86.18, 86.12, 86.61, 86.7, 86.72, 85.1, 85.04, 86.42, 86.06, 86.21, 86.34, 86.42, 86.46], [86.96, 86.94, 86.92, 86.89, 87.83, 87.68, 87.43, 86.17, 86.03, 86.53, 86.7, 86.65, 85.05, 85.01, 85.87, 86.1, 86.31, 86.46, 86.55, 86.58], [86.98, 86.97, 86.96, 86.94, 86.9, 87.79, 87.59, 87.27, 86.96, 86.73, 86.78, 86.53, 84.99, 85.95, 85.85, 86.18, 86.47, 86.66, 86.74, 86.73], [87.0, 87.0, 86.99, 86.98, 86.97, 87.95, 87.87, 87.78, 87.8, 87.18, 87.03, 85.98, 85.38, 85.8, 85.87, 86.33, 86.75, 86.97, 86.99, 86.91], [87.02, 87.02, 87.03, 87.03, 87.05, 87.07, 88.12, 88.17, 88.33, 88.63, 87.03, 86.25, 85.68, 84.67, 85.93, 86.57, 87.2, 87.47, 87.32, 87.1], [87.45, 87.04, 87.06, 87.07, 87.1, 87.16, 88.51, 88.34, 88.53, 88.6, 88.63, 86.58, 84.43, 84.49, 86.0, 86.81, 87.85, 88.24, 88.26, 88.01], [87.43, 87.42, 87.42, 87.43, 87.45, 88.3, 88.39, 88.4, 88.11, 88.87, 89.94, 86.15, 86.11, 84.5, 87.14, 86.6, 87.69, 88.08, 87.46, 87.04], [87.57, 87.56, 87.38, 87.37, 87.36, 87.4, 87.52, 88.42, 88.96, 88.42, 88.31, 87.28, 86.78, 87.44, 87.01, 86.39, 87.03, 87.3, 87.15, 86.91], [87.0, 87.0, 87.0, 87.47, 87.4, 87.23, 87.35, 87.52, 89.71, 89.54, 86.74, 87.92, 87.54, 87.72, 87.0, 86.19, 86.59, 86.8, 86.81, 86.72], [87.0, 87.0, 87.0, 87.0, 87.0, 87.0, 87.0, 87.0, 87.35, 89.03, 91.0, 88.33, 88.02, 88.0, 87.06, 86.02, 86.32, 86.49, 86.53, 86.5], [87.0, 87.0, 87.0, 87.0, 87.0, 87.0, 87.0, 87.0, 87.0, -999.0, 91.0, 84.0, 84.0, 88.21, 87.11, 85.85, 86.03, 90.71, 90.66, 90.65], [87.0, 87.0, 87.0, 87.0, 87.0, 87.0, 87.0, 87.0, 87.0, 87.0, -999.0, 84.0, 84.0, 89.22, 86.93, 90.09, 90.07, 90.44, 90.39, 90.35], [87.0, 87.0, 87.0, 87.0, 87.0, 87.0, 87.0, 87.0, 87.0, 87.0, -999.0, 92.0, 92.0, 92.0, 87.6, 90.34, 90.29, 90.67, 90.59, 90.53], [87.0, 87.0, 87.0, 87.0, 87.0, 87.0, 87.0, 84.0, 84.0, 84.0, 84.0, 87.07, 92.0, 92.0, 92.0, 90.63, 90.54, 90.88, 90.78, 90.69], [87.0, 87.0, 85.11, 85.08, 85.02, 84.0, 84.0, 84.0, 84.0, 84.0, 89.03, 88.46, 89.24, 89.89, 89.15, 92.0, 92.0, 92.0, 91.22, 91.16], [85.07, 85.06, 85.94, 85.89, 84.0, 84.0, 84.0, 84.0, 84.0, 84.0, 87.44, 88.43, 89.48, 90.44, 91.05, 91.44, 91.24, 91.07, 90.95, 90.87], [85.93, 85.89, 85.84, 85.76, 84.0, 84.0, 84.0, 84.0, 84.0, 86.03, 87.11, 88.31, 89.56, 90.95, 91.87, 91.51, 91.22, 91.03, 90.91, 90.82], [85.87, 85.82, 85.75, 84.0, 84.0, 84.0, 84.0, 84.0, 84.72, 85.56, 87.23, 88.27, 89.81, 90.67, 91.55, 91.35, 91.11, 90.94, 90.83, 90.75], [85.83, 85.78, 86.86, 86.72, 86.53, 86.27, 85.86, 84.82, 85.31, 86.25, 87.27, 88.15, 89.61, 90.27, 91.2, 91.09, 90.94, 90.82, 90.72, 90.66], [87.05, 86.98, 86.88, 86.07, 85.96, 85.82, 85.63, 85.43, 86.42, 86.87, 87.5, 88.12, 89.51, 90.97, 90.94, 90.86, 90.77, 90.68, 90.61, 90.56], [86.33, 86.31, 86.28, 86.25, 86.2, 86.15, 86.11, 86.26, 87.19, 87.45, 87.81, 88.18, 91.02, 90.8, 90.76, 90.71, 90.65, 90.56, 90.48, 90.45], [86.42, 86.42, 86.42, 86.58, 86.59, 86.62, 86.68, 86.8, 86.95, 87.06, 87.06, 88.32, 89.7, 90.67, 90.63, 90.63, 90.7, 90.48, 90.32, 90.32], [86.65, 86.66, 86.68, 86.72, 86.77, 86.86, 87.02, 87.25, 87.55, 87.7, 87.53, 89.24, 89.67, 89.81, 89.96, 90.52, 91.16, 90.06, 90.07, 90.19], [86.71, 86.74, 86.78, 86.83, 86.92, 87.04, 87.24, 87.55, 88.05, 88.46, 87.91, 89.1, 89.34, 89.76, 89.87, 89.94, 89.81, 89.28, 89.88, 90.1], [86.77, 86.8, 86.85, 86.92, 87.01, 87.15, 87.34, 87.63, 88.07, 88.42, 88.86, 88.94, 89.15, 89.7, 89.77, 89.47, 89.42, 89.33, 89.94, 90.09], [86.81, 86.85, 86.91, 86.97, 87.07, 87.19, 87.34, 87.53, 87.72, 87.78, 88.59, 88.68, 88.92, 88.92, 89.14, 89.29, 89.33, 89.33, 89.35, 89.36], [86.85, 86.89, 86.94, 87.01, 87.09, 87.18, 87.29, 87.39, 87.44, 88.2, 88.1, 87.74, 87.82, 87.88, 88.97, 89.13, 89.22, 89.26, 89.29, 89.3], [86.87, 86.91, 86.96, 87.02, 87.09, 87.16, 87.23, 87.28, 87.27, 87.76, 87.21, 87.53, 87.72, 87.82, 88.83, 89.0, 89.11, 89.18, 89.21, 89.24], [86.89, 86.93, 86.97, 87.02, 87.08, 87.13, 87.18, 87.2, 87.66, 87.44, 87.31, 87.51, 87.67, 87.78, 88.73, 88.9, 89.02, 89.09, 89.14, 89.18], [86.9, 86.94, 86.98, 87.02, 87.06, 87.11, 87.14, 87.16, 87.68, 87.57, 87.53, 87.59, 87.69, 87.77, 88.67, 88.83, 88.94, 89.02, 89.08, 89.12], [86.91, 86.94, 86.98, 87.01, 87.05, 87.08, 87.11, 87.78, 87.72, 87.66, 87.64, 87.67, 87.72, 87.78, 88.65, 88.78, 88.89, 88.97, 89.03, 89.07]]}