gis_exercise/awsData/contour/humi_2023090319.json
{"header": {"refTime": "2023-09-03T19:00:00.000Z", "nx": 21, "ny": 33, "lo1": 113.509, "la1": 22.2235, "lo2": 113.5947, "la2": 22.1034, "dx": 0.0042850000000001385, "dy": 0.003753125000000024, "parameterCategory": 0, "parameterCategoryName": "Temperature", "parameterNumber": 0}, "z": [[70.55, 70.61, 70.69, 73.1, 73.1, 71.5, 71.63, 71.77, 71.82, 73.46, 73.45, 73.42, 72.45, 72.42, 73.6, 73.82, 74.29, 74.45, 74.57, 74.66], [70.51, 70.56, 70.65, 70.76, 73.07, 73.08, 71.71, 71.97, 72.13, 73.39, 73.4, 73.34, 72.37, 72.35, 73.56, 74.11, 74.36, 74.56, 74.7, 74.78], [70.45, 70.5, 70.57, 70.68, 73.02, 73.03, 73.05, 72.12, 72.78, 73.35, 73.37, 73.22, 72.23, 72.23, 73.75, 74.15, 74.49, 74.73, 74.88, 74.94], [70.38, 70.42, 70.48, 70.56, 70.69, 72.96, 72.98, 73.04, 73.09, 73.5, 73.41, 73.0, 71.97, 73.07, 73.68, 74.26, 74.72, 75.0, 75.13, 75.14], [70.3, 70.33, 70.36, 70.41, 70.49, 72.85, 72.85, 72.92, 73.1, 73.89, 73.62, 72.95, 71.83, 72.82, 73.73, 74.5, 75.1, 75.43, 75.47, 75.39], [70.22, 70.22, 70.23, 70.25, 70.28, 70.31, 72.61, 72.6, 72.9, 73.6, 74.5, 73.53, 72.62, 72.0, 73.97, 74.89, 75.73, 76.09, 75.91, 75.64], [69.0, 70.12, 70.1, 70.08, 70.06, 70.04, 71.28, 71.89, 72.13, 74.13, 75.23, 74.52, 72.71, 72.53, 74.31, 75.3, 76.58, 77.06, 76.71, 76.27], [69.0, 69.0, 69.0, 69.0, 69.0, 71.04, 71.03, 70.63, 70.31, 74.38, 76.82, 75.23, 75.21, 72.49, 76.51, 76.08, 76.95, 77.27, 76.77, 76.44], [69.0, 69.0, 69.0, 69.0, 69.0, 69.0, 69.0, 70.97, 71.87, 73.9, 76.46, 75.87, 75.59, 75.97, 76.41, 75.92, 76.43, 76.64, 76.52, 76.33], [69.0, 69.0, 69.0, 69.0, 69.0, 69.0, 69.0, 69.0, 74.12, 73.61, 75.57, 76.24, 76.02, 76.13, 76.4, 75.75, 76.07, 76.24, 76.25, 76.17], [69.0, 69.0, 69.0, 69.0, 69.0, 69.0, 69.0, 69.0, 69.0, 72.08, 78.0, 76.48, 76.3, 76.28, 76.45, 75.62, 75.85, 75.99, 76.02, 76.0], [69.0, 69.0, 69.0, 69.0, 69.0, 69.0, 69.0, 69.0, 69.0, -999.0, 78.0, 74.0, 74.0, 76.41, 76.49, 75.48, 75.62, 78.57, 78.55, 78.55], [69.0, 69.0, 69.0, 69.0, 69.0, 69.0, 69.0, 69.0, 69.0, 69.0, -999.0, 74.0, 74.0, 77.26, 75.83, 78.36, 78.36, 78.48, 78.46, 78.45], [69.0, 69.0, 69.0, 69.0, 69.0, 69.0, 69.0, 69.0, 69.0, 69.0, -999.0, 79.0, 79.0, 79.0, 76.25, 78.45, 78.43, 78.56, 78.53, 78.51], [69.0, 69.0, 69.0, 69.0, 69.0, 69.0, 69.0, 76.0, 76.0, 76.0, 76.0, 77.15, 79.0, 79.0, 79.0, 78.54, 78.51, 78.63, 78.59, 78.56], [69.0, 69.0, 73.4, 73.48, 73.62, 76.0, 76.0, 76.0, 76.0, 76.0, 77.89, 77.67, 77.96, 78.21, 77.93, 80.83, 81.11, 80.62, 80.11, 80.18], [73.49, 73.54, 71.47, 71.59, 76.0, 76.0, 76.0, 76.0, 76.0, 76.0, 77.29, 77.66, 78.05, 78.41, 79.2, 81.47, 82.34, 83.04, 83.54, 83.9], [71.5, 71.58, 71.71, 71.89, 76.0, 76.0, 76.0, 76.0, 76.0, 76.76, 77.16, 77.61, 78.08, 79.14, 79.04, 81.18, 82.42, 83.23, 83.76, 84.12], [71.64, 71.75, 71.91, 76.0, 76.0, 76.0, 76.0, 76.0, 76.27, 76.58, 78.16, 78.59, 79.08, 79.26, 81.0, 81.89, 82.92, 83.65, 84.12, 84.42], [71.73, 71.85, 80.0, 79.81, 79.55, 79.17, 78.61, 77.15, 77.06, 77.73, 78.35, 78.73, 79.22, 79.49, 82.59, 83.08, 83.73, 84.25, 84.59, 84.79], [80.27, 80.17, 80.04, 78.9, 78.75, 78.54, 78.28, 78.0, 78.11, 78.41, 78.77, 79.01, 79.44, 83.59, 83.78, 84.17, 84.6, 84.93, 85.13, 85.22], [79.26, 79.23, 79.19, 79.14, 79.09, 79.02, 78.95, 78.77, 79.03, 79.21, 79.35, 79.41, 81.9, 84.37, 84.65, 85.01, 85.33, 85.58, 85.68, 85.65], [79.39, 79.39, 79.39, 79.05, 79.09, 79.17, 79.29, 79.48, 79.72, 79.86, 79.82, 81.2, 85.7, 84.94, 85.27, 85.59, 85.74, 86.12, 86.24, 86.07], [79.07, 79.1, 79.15, 79.21, 79.31, 79.46, 79.71, 80.09, 80.56, 80.79, 80.49, 82.0, 85.63, 86.07, 86.39, 86.02, 85.32, 87.12, 86.86, 86.44], [79.14, 79.18, 79.24, 79.33, 79.46, 79.66, 79.98, 80.49, 81.34, 82.04, 81.03, 81.87, 81.88, 86.07, 86.49, 86.89, 87.55, 88.53, 87.23, 86.64], [79.18, 79.24, 79.31, 79.4, 79.54, 79.74, 80.04, 80.51, 81.28, 81.9, 81.87, 81.59, 81.62, 86.06, 86.51, 86.19, 86.96, 87.3, 87.05, 86.63], [79.22, 79.27, 79.34, 79.43, 79.55, 79.72, 79.93, 80.21, 80.5, 80.54, 81.14, 81.07, 81.24, 84.12, 84.98, 85.71, 86.26, 86.52, 86.47, 86.28], [79.24, 79.29, 79.35, 79.43, 79.52, 79.63, 79.74, 79.82, 79.79, 80.33, 80.07, 81.4, 82.31, 83.27, 84.46, 85.17, 85.66, 85.94, 86.01, 85.96], [79.25, 79.3, 79.35, 79.41, 79.47, 79.53, 79.56, 79.51, 79.31, 79.41, 78.93, 80.56, 81.82, 82.84, 84.0, 84.68, 85.16, 85.46, 85.6, 85.64], [79.25, 79.29, 79.33, 79.37, 79.41, 79.43, 79.42, 79.33, 80.89, 80.0, 79.46, 80.54, 81.66, 82.59, 83.67, 84.3, 84.76, 85.07, 85.26, 85.35], [79.25, 79.28, 79.31, 79.34, 79.36, 79.36, 79.33, 79.25, 81.13, 80.69, 80.59, 81.06, 81.8, 82.53, 83.47, 84.03, 84.46, 84.77, 84.97, 85.1], [79.24, 79.27, 79.29, 79.31, 79.32, 79.31, 79.28, 81.72, 81.46, 81.27, 81.27, 81.56, 82.04, 82.59, 83.39, 83.86, 84.25, 84.54, 84.74, 84.89]]}