gis_exercise/awsData/contour/humi_2023083114.json
{"header": {"refTime": "2023-08-31T14:00:00.000Z", "nx": 21, "ny": 33, "lo1": 113.509, "la1": 22.2235, "lo2": 113.5947, "la2": 22.1034, "dx": 0.0042850000000001385, "dy": 0.003753125000000024, "parameterCategory": 0, "parameterCategoryName": "Temperature", "parameterNumber": 0}, "z": [[62.86, 62.92, 63.0, 64.11, 64.16, 62.83, 62.98, 63.12, 63.13, 63.48, 63.16, 62.85, 61.9, 61.73, 61.38, 61.33, 60.52, 60.56, 60.59, 60.61], [62.82, 62.88, 62.96, 63.06, 64.14, 64.21, 63.13, 63.46, 63.64, 63.7, 63.17, 62.7, 61.69, 61.53, 61.21, 60.45, 60.52, 60.57, 60.61, 60.63], [62.77, 62.82, 62.89, 62.99, 64.1, 64.17, 64.31, 63.73, 64.67, 63.89, 63.06, 62.39, 61.33, 61.23, 60.34, 60.45, 60.54, 60.6, 60.63, 60.65], [62.7, 62.74, 62.8, 62.89, 63.01, 64.09, 64.19, 64.38, 64.56, 63.63, 62.77, 61.85, 60.74, 60.87, 60.3, 60.47, 60.57, 60.64, 60.67, 60.69], [62.63, 62.65, 62.69, 62.75, 62.84, 63.95, 63.99, 64.07, 64.15, 63.29, 62.54, 60.76, 59.75, 60.65, 60.32, 60.52, 60.64, 60.7, 60.72, 60.72], [62.54, 62.55, 62.56, 62.59, 62.64, 62.71, 63.74, 63.71, 63.79, 63.99, 62.12, 61.28, 60.48, 60.0, 60.45, 60.63, 60.75, 60.8, 60.78, 60.76], [61.45, 62.44, 62.43, 62.42, 62.44, 62.46, 62.51, 63.27, 63.3, 63.38, 63.65, 62.19, 60.71, 60.53, 60.65, 60.74, 60.86, 60.91, 60.63, 60.5], [61.43, 61.42, 61.42, 61.43, 61.45, 62.3, 62.39, 62.4, 62.34, 63.52, 64.41, 62.92, 62.9, 60.49, 61.37, 61.48, 61.26, 61.18, 61.31, 61.39], [61.57, 61.56, 61.38, 61.37, 61.36, 61.4, 61.52, 62.42, 62.96, 63.28, 63.85, 63.41, 63.19, 63.48, 61.4, 61.52, 61.39, 61.34, 61.37, 61.42], [61.0, 61.0, 61.0, 61.47, 61.4, 61.23, 61.35, 61.52, 63.71, 63.54, 63.18, 63.68, 63.52, 63.6, 61.4, 61.56, 61.48, 61.44, 61.44, 61.46], [61.0, 61.0, 61.0, 61.0, 61.0, 61.0, 61.0, 61.0, 61.35, 63.03, 65.0, 63.86, 63.72, 63.71, 61.39, 61.6, 61.54, 61.5, 61.49, 61.5], [61.0, 61.0, 61.0, 61.0, 61.0, 61.0, 61.0, 61.0, 61.0, -999.0, 65.0, 62.0, 62.0, 63.81, 61.38, 61.63, 61.59, 68.96, 68.77, 68.72], [61.0, 61.0, 61.0, 61.0, 61.0, 61.0, 61.0, 61.0, 61.0, 61.0, -999.0, 62.0, 62.0, 70.49, 66.75, 66.1, 65.99, 67.72, 67.47, 67.32], [61.0, 61.0, 61.0, 61.0, 61.0, 61.0, 61.0, 61.0, 61.0, 61.0, -999.0, 75.0, 75.0, 75.0, 67.85, 67.26, 67.04, 68.8, 68.42, 68.13], [61.0, 61.0, 61.0, 61.0, 61.0, 61.0, 61.0, 64.0, 64.0, 64.0, 64.0, 68.23, 75.0, 75.0, 75.0, 68.59, 68.17, 69.79, 69.28, 68.87], [61.0, 61.0, 62.89, 62.92, 62.98, 64.0, 64.0, 64.0, 64.0, 64.0, 70.92, 70.14, 71.2, 72.1, 71.08, 72.07, 71.62, 72.4, 69.19, 68.77], [62.93, 62.94, 62.06, 62.11, 64.0, 64.0, 64.0, 64.0, 64.0, 64.0, 68.73, 70.09, 71.53, 72.85, 72.8, 73.62, 73.13, 72.75, 72.49, 72.31], [62.07, 62.11, 62.16, 62.24, 64.0, 64.0, 64.0, 64.0, 64.0, 66.79, 68.27, 69.92, 71.64, 72.7, 74.68, 73.77, 73.07, 72.63, 72.35, 72.18], [62.13, 62.18, 62.25, 64.0, 64.0, 64.0, 64.0, 64.0, 64.99, 66.14, 67.17, 68.54, 70.54, 71.96, 73.86, 73.34, 72.76, 72.37, 72.14, 72.01], [62.17, 62.22, 64.0, 64.0, 64.0, 64.0, 64.0, 64.0, 65.03, 65.89, 66.98, 68.12, 69.93, 70.79, 72.92, 72.62, 72.24, 71.99, 71.86, 71.81], [64.0, 64.0, 64.0, 64.0, 64.0, 64.0, 64.0, 64.0, 65.71, 66.15, 66.86, 67.7, 69.39, 72.34, 72.18, 71.9, 71.64, 71.53, 71.54, 71.59], [64.0, 64.0, 64.0, 64.0, 64.0, 64.0, 64.0, 63.65, 65.92, 66.19, 66.65, 67.28, 68.86, 71.87, 71.6, 71.25, 70.99, 71.03, 71.24, 71.41], [64.0, 64.0, 64.0, 63.49, 63.52, 63.55, 63.57, 63.6, 63.62, 63.61, 63.58, 64.79, 67.96, 71.55, 71.2, 70.68, 70.13, 70.54, 71.07, 71.31], [63.42, 63.43, 63.44, 63.46, 63.48, 63.5, 63.53, 63.58, 63.63, 63.65, 63.58, 64.24, 67.84, 68.5, 69.02, 70.49, 68.72, 70.83, 71.22, 71.34], [63.4, 63.4, 63.41, 63.42, 63.43, 63.45, 63.49, 63.56, 63.69, 63.81, 63.6, 64.1, 64.34, 68.48, 69.1, 69.65, 71.29, 72.13, 71.49, 71.42], [63.37, 63.37, 63.38, 63.38, 63.38, 63.4, 63.42, 63.48, 63.62, 63.74, 63.86, 63.94, 64.15, 68.44, 69.07, 69.35, 70.07, 70.39, 71.51, 71.46], [63.35, 63.34, 63.34, 63.33, 63.33, 63.32, 63.32, 63.33, 63.35, 63.32, 63.59, 63.68, 63.92, 67.48, 68.25, 68.91, 69.43, 69.67, 69.62, 69.44], [63.32, 63.31, 63.3, 63.29, 63.27, 63.25, 63.22, 63.16, 63.06, 63.2, 63.1, 64.36, 65.18, 66.1, 67.79, 68.43, 68.88, 69.13, 69.19, 69.14], [63.3, 63.29, 63.27, 63.25, 63.22, 63.18, 63.12, 63.03, 62.85, 62.76, 62.64, 63.82, 64.84, 65.75, 67.38, 67.99, 68.43, 68.7, 68.82, 68.85], [63.28, 63.26, 63.24, 63.22, 63.18, 63.13, 63.06, 62.95, 63.96, 63.37, 63.03, 63.84, 64.74, 65.55, 67.08, 67.65, 68.07, 68.35, 68.51, 68.59], [63.26, 63.24, 63.22, 63.19, 63.15, 63.1, 63.03, 62.93, 64.18, 63.9, 63.86, 64.25, 64.86, 65.5, 66.9, 67.41, 67.79, 68.07, 68.25, 68.36], [63.24, 63.23, 63.2, 63.17, 63.13, 63.09, 63.03, 64.63, 64.46, 64.35, 64.39, 64.65, 65.06, 65.54, 66.83, 67.26, 67.6, 67.86, 68.05, 68.17]]}