gis_exercise/awsData/contour/humi_2023091108.json
{"header": {"refTime": "2023-09-11T08:00:00.000Z", "nx": 21, "ny": 33, "lo1": 113.509, "la1": 22.2235, "lo2": 113.5947, "la2": 22.1034, "dx": 0.0042850000000001385, "dy": 0.003753125000000024, "parameterCategory": 0, "parameterCategoryName": "Temperature", "parameterNumber": 0}, "z": [[92.79, 92.83, 92.88, 94.73, 94.7, 92.81, 92.89, 92.95, 92.94, 93.76, 93.63, 93.48, 91.69, 91.57, 91.49, 91.44, 90.62, 90.65, 90.66, 90.67], [92.76, 92.8, 92.86, 92.93, 94.69, 94.64, 92.98, 93.14, 93.23, 93.79, 93.59, 93.35, 91.56, 91.43, 91.38, 90.59, 90.63, 90.66, 90.67, 90.69], [92.73, 92.76, 92.82, 92.88, 94.68, 94.63, 94.55, 93.3, 93.81, 93.84, 93.52, 93.13, 91.33, 91.24, 90.54, 90.6, 90.64, 90.67, 90.69, 90.7], [92.68, 92.71, 92.76, 92.82, 92.91, 94.64, 94.58, 94.48, 94.39, 93.85, 93.44, 92.74, 90.96, 91.81, 90.53, 90.61, 90.67, 90.7, 90.72, 90.73], [92.62, 92.65, 92.68, 92.74, 92.81, 94.65, 94.62, 94.62, 94.7, 94.03, 93.51, 91.76, 90.72, 91.56, 90.53, 90.64, 90.71, 90.75, 90.76, 90.75], [92.56, 92.57, 92.59, 92.63, 92.69, 92.77, 94.61, 94.62, 94.81, 95.23, 93.34, 92.27, 91.37, 90.33, 90.59, 90.69, 90.78, 90.82, 90.8, 90.78], [91.89, 92.49, 92.48, 92.5, 92.54, 92.62, 93.77, 94.38, 94.55, 94.91, 95.24, 93.05, 90.57, 90.51, 90.66, 90.75, 90.87, 90.91, 90.82, 90.75], [91.86, 91.85, 91.84, 91.85, 91.9, 93.37, 93.56, 93.61, 93.45, 95.21, 96.78, 93.15, 93.11, 90.5, 91.0, 91.0, 91.0, 91.0, 91.0, 91.0], [92.15, 92.12, 91.76, 91.73, 91.72, 91.8, 92.04, 93.62, 94.59, 94.7, 95.31, 94.28, 93.78, 94.44, 91.0, 91.0, 91.0, 91.0, 91.0, 91.0], [91.0, 91.0, 91.0, 91.94, 91.8, 91.45, 91.7, 92.04, 95.84, 95.56, 93.74, 94.92, 94.54, 94.72, 91.0, 91.0, 91.0, 91.0, 91.0, 91.0], [91.0, 91.0, 91.0, 91.0, 91.0, 91.0, 91.0, 91.0, 91.71, 94.71, 98.0, 95.33, 95.02, 95.0, 91.0, 91.0, 91.0, 91.0, 91.0, 91.0], [91.0, 91.0, 91.0, 91.0, 91.0, 91.0, 91.0, 91.0, 91.0, -999.0, 98.0, 91.0, 91.0, 95.21, 91.0, 91.0, 91.0, 94.98, 94.88, 94.86], [91.0, 91.0, 91.0, 91.0, 91.0, 91.0, 91.0, 91.0, 91.0, 91.0, -999.0, 91.0, 91.0, 95.57, 93.56, 93.55, 93.5, 94.36, 94.24, 94.16], [91.0, 91.0, 91.0, 91.0, 91.0, 91.0, 91.0, 91.0, 91.0, 91.0, -999.0, 98.0, 98.0, 98.0, 94.15, 94.13, 94.02, 94.9, 94.71, 94.57], [91.0, 91.0, 91.0, 91.0, 91.0, 91.0, 91.0, 91.0, 91.0, 91.0, 91.0, 93.69, 98.0, 98.0, 98.0, 94.8, 94.59, 95.39, 95.14, 94.93], [91.0, 91.0, 91.0, 91.0, 91.0, 91.0, 91.0, 91.0, 91.0, 91.0, 95.4, 94.91, 95.58, 96.15, 95.51, 96.53, 96.31, 96.7, 95.1, 94.88], [91.0, 91.0, 91.0, 91.0, 91.0, 91.0, 91.0, 91.0, 91.0, 91.0, 94.01, 94.88, 95.79, 96.63, 96.72, 96.67, 96.2, 95.83, 95.57, 95.38], [91.0, 91.0, 91.0, 91.0, 91.0, 91.0, 91.0, 91.0, 91.0, 92.78, 93.72, 94.77, 95.86, 96.66, 97.81, 96.83, 96.16, 95.73, 95.45, 95.26], [91.0, 91.0, 91.0, 91.0, 91.0, 91.0, 91.0, 91.0, 91.63, 92.36, 93.39, 94.28, 95.36, 96.23, 96.92, 96.44, 95.88, 95.5, 95.25, 95.1], [91.0, 91.0, 92.14, 92.09, 92.01, 91.91, 91.75, 91.33, 91.88, 92.55, 93.33, 94.08, 95.02, 95.57, 96.05, 95.78, 95.43, 95.16, 94.99, 94.9], [92.22, 92.19, 92.15, 91.83, 91.79, 91.73, 91.65, 91.57, 92.56, 92.89, 93.39, 93.93, 94.73, 95.51, 95.4, 95.17, 94.94, 94.78, 94.7, 94.68], [91.93, 91.92, 91.91, 91.9, 91.88, 91.86, 91.84, 91.69, 92.94, 93.14, 93.44, 93.81, 95.09, 95.08, 94.9, 94.67, 94.48, 94.4, 94.41, 94.46], [91.97, 91.97, 91.97, 91.73, 91.75, 91.77, 91.82, 91.88, 91.95, 91.99, 91.97, 92.67, 93.33, 94.78, 94.56, 94.3, 94.1, 94.06, 94.14, 94.27], [91.71, 91.72, 91.74, 91.76, 91.8, 91.85, 91.93, 92.05, 92.2, 92.27, 92.16, 92.75, 93.32, 93.38, 93.44, 94.08, 93.91, 93.73, 93.93, 94.13], [91.72, 91.74, 91.76, 91.79, 91.83, 91.89, 91.99, 92.16, 92.44, 92.67, 92.32, 92.68, 92.73, 93.37, 93.42, 93.46, 93.68, 93.5, 93.86, 94.07], [91.73, 91.75, 91.77, 91.79, 91.84, 91.9, 91.99, 92.14, 92.4, 92.61, 92.62, 92.55, 92.61, 93.35, 93.39, 93.1, 93.17, 93.17, 93.94, 94.09], [91.73, 91.75, 91.77, 91.79, 91.82, 91.87, 91.93, 92.01, 92.1, 92.1, 92.33, 92.33, 92.44, 92.6, 92.81, 92.96, 93.05, 93.08, 93.08, 93.06], [91.73, 91.74, 91.76, 91.78, 91.8, 91.82, 91.85, 91.85, 91.81, 91.99, 91.89, 91.89, 92.04, 92.17, 92.67, 92.83, 92.93, 92.98, 93.0, 93.0], [91.73, 91.74, 91.75, 91.76, 91.77, 91.77, 91.77, 91.73, 91.62, 91.61, 91.25, 91.65, 91.91, 92.08, 92.55, 92.71, 92.82, 92.88, 92.92, 92.93], [91.72, 91.73, 91.74, 91.74, 91.74, 91.73, 91.71, 91.65, 91.78, 91.53, 91.38, 91.63, 91.86, 92.03, 92.46, 92.62, 92.73, 92.8, 92.84, 92.87], [91.72, 91.72, 91.72, 91.72, 91.72, 91.7, 91.67, 91.62, 91.81, 91.69, 91.65, 91.74, 91.89, 92.02, 92.41, 92.55, 92.66, 92.73, 92.78, 92.81], [91.71, 91.71, 91.71, 91.71, 91.7, 91.68, 91.66, 91.95, 91.88, 91.82, 91.8, 91.85, 91.94, 92.03, 92.39, 92.51, 92.61, 92.68, 92.73, 92.76]]}