gis_exercise/awsData/contour/humi_2023090103.json
{"header": {"refTime": "2023-09-01T03:00:00.000Z", "nx": 21, "ny": 33, "lo1": 113.509, "la1": 22.2235, "lo2": 113.5947, "la2": 22.1034, "dx": 0.0042850000000001385, "dy": 0.003753125000000024, "parameterCategory": 0, "parameterCategoryName": "Temperature", "parameterNumber": 0}, "z": [[72.57, 72.64, 72.73, 73.6, 73.67, 72.37, 72.54, 72.7, 72.7, 72.59, 72.13, 71.68, 70.86, 70.64, 70.26, 70.21, 69.14, 69.2, 69.25, 69.29], [72.51, 72.59, 72.68, 72.8, 73.65, 73.77, 72.74, 73.12, 73.32, 72.94, 72.15, 71.49, 70.59, 70.37, 70.05, 69.05, 69.15, 69.23, 69.28, 69.32], [72.45, 72.51, 72.6, 72.72, 73.61, 73.72, 73.92, 73.45, 74.59, 73.23, 72.0, 71.08, 70.11, 69.98, 68.87, 69.05, 69.18, 69.27, 69.33, 69.36], [72.37, 72.42, 72.5, 72.6, 72.75, 73.61, 73.77, 74.04, 74.29, 72.79, 71.57, 70.38, 69.32, 69.1, 68.83, 69.07, 69.24, 69.34, 69.39, 69.41], [72.28, 72.31, 72.36, 72.44, 72.56, 73.45, 73.51, 73.61, 73.66, 72.13, 71.14, 68.95, 67.84, 68.86, 68.86, 69.16, 69.36, 69.45, 69.48, 69.47], [72.17, 72.18, 72.21, 72.25, 72.33, 72.43, 73.23, 73.19, 73.18, 73.2, 70.39, 69.54, 68.68, 68.34, 69.04, 69.32, 69.53, 69.61, 69.59, 69.54], [70.89, 72.04, 72.03, 72.04, 72.07, 72.14, 71.75, 72.8, 72.74, 72.27, 72.3, 70.59, 69.28, 69.04, 69.31, 69.49, 69.73, 69.82, 69.45, 69.26], [70.86, 70.85, 70.84, 70.85, 70.9, 71.47, 71.66, 71.89, 72.06, 72.34, 72.69, 71.61, 71.6, 68.99, 70.37, 70.48, 70.26, 70.18, 70.31, 70.39], [71.15, 71.12, 70.76, 70.73, 70.72, 70.8, 71.04, 71.74, 72.32, 72.21, 72.23, 71.94, 71.79, 71.98, 70.4, 70.52, 70.39, 70.34, 70.37, 70.42], [70.0, 70.0, 70.0, 70.94, 70.8, 70.45, 70.7, 71.04, 72.57, 72.51, 71.78, 72.12, 72.01, 72.06, 70.4, 70.56, 70.48, 70.44, 70.44, 70.46], [70.0, 70.0, 70.0, 70.0, 70.0, 70.0, 70.0, 70.0, 70.71, 72.34, 73.0, 72.24, 72.15, 72.14, 70.39, 70.6, 70.54, 70.5, 70.49, 70.5], [70.0, 70.0, 70.0, 70.0, 70.0, 70.0, 70.0, 70.0, 70.0, -999.0, 73.0, 71.0, 71.0, 72.2, 70.38, 70.63, 70.59, 76.25, 76.1, 76.06], [70.0, 70.0, 70.0, 70.0, 70.0, 70.0, 70.0, 70.0, 70.0, 70.0, -999.0, 71.0, 71.0, 77.53, 74.66, 74.0, 73.92, 75.28, 75.09, 74.96], [70.0, 70.0, 70.0, 70.0, 70.0, 70.0, 70.0, 70.0, 70.0, 70.0, -999.0, 81.0, 81.0, 81.0, 75.5, 74.92, 74.75, 76.13, 75.83, 75.6], [70.0, 70.0, 70.0, 70.0, 70.0, 70.0, 70.0, 73.0, 73.0, 73.0, 73.0, 76.07, 81.0, 81.0, 81.0, 75.96, 75.63, 76.91, 76.51, 76.18], [70.0, 70.0, 71.89, 71.92, 71.98, 73.0, 73.0, 73.0, 73.0, 73.0, 78.03, 77.46, 78.24, 78.89, 78.15, 76.97, 76.35, 77.43, 75.15, 74.73], [71.93, 71.94, 71.06, 71.11, 73.0, 73.0, 73.0, 73.0, 73.0, 73.0, 76.44, 77.43, 78.48, 79.44, 78.82, 78.87, 78.12, 77.53, 77.12, 76.84], [71.07, 71.11, 71.16, 71.24, 73.0, 73.0, 73.0, 73.0, 73.0, 75.03, 76.11, 77.31, 78.56, 78.78, 80.68, 79.1, 78.03, 77.35, 76.92, 76.65], [71.13, 71.18, 71.25, 73.0, 73.0, 73.0, 73.0, 73.0, 73.72, 74.56, 75.12, 76.11, 76.82, 78.0, 79.25, 78.46, 77.56, 76.95, 76.59, 76.39], [71.17, 71.22, 72.43, 72.46, 72.49, 72.55, 72.63, 72.84, 73.64, 74.2, 74.94, 75.77, 76.16, 76.76, 77.81, 77.35, 76.78, 76.37, 76.16, 76.07], [72.39, 72.4, 72.42, 72.59, 72.61, 72.64, 72.67, 72.71, 74.01, 74.3, 74.8, 75.41, 75.5, 76.93, 76.69, 76.28, 75.89, 75.69, 75.67, 75.73], [72.53, 72.54, 72.54, 72.55, 72.56, 72.57, 72.58, 72.48, 74.03, 74.22, 74.56, 75.03, 74.55, 76.21, 75.82, 75.32, 74.94, 74.96, 75.21, 75.43], [72.52, 72.52, 72.52, 72.38, 72.39, 72.39, 72.38, 72.36, 72.33, 72.31, 72.3, 71.77, 73.11, 75.71, 75.22, 74.51, 73.78, 74.25, 74.91, 75.25], [72.35, 72.35, 72.35, 72.35, 72.34, 72.33, 72.3, 72.27, 72.22, 72.19, 72.21, 71.51, 73.1, 73.25, 73.32, 74.19, 72.02, 74.47, 75.01, 75.23], [72.34, 72.33, 72.33, 72.32, 72.3, 72.28, 72.25, 72.2, 72.13, 72.07, 72.14, 71.57, 71.4, 73.3, 73.47, 73.66, 75.01, 75.95, 75.31, 75.3], [72.32, 72.31, 72.3, 72.29, 72.27, 72.25, 72.22, 72.17, 72.11, 72.06, 71.76, 71.62, 71.46, 73.34, 73.57, 73.85, 74.32, 74.59, 75.36, 75.37], [72.31, 72.3, 72.29, 72.27, 72.25, 72.23, 72.2, 72.16, 72.13, 72.11, 71.74, 71.65, 71.52, 73.3, 73.53, 73.78, 74.03, 74.17, 74.13, 74.02], [72.3, 72.29, 72.27, 72.26, 72.24, 72.21, 72.19, 72.16, 72.13, 71.8, 71.79, 72.88, 73.29, 73.75, 73.44, 73.65, 73.82, 73.93, 73.94, 73.9], [72.29, 72.27, 72.26, 72.25, 72.23, 72.2, 72.18, 72.15, 72.12, 71.85, 72.23, 72.7, 73.16, 73.6, 73.34, 73.52, 73.67, 73.76, 73.8, 73.79], [72.28, 72.27, 72.25, 72.24, 72.22, 72.2, 72.18, 72.15, 72.71, 72.51, 72.39, 72.73, 73.13, 73.51, 73.26, 73.42, 73.55, 73.64, 73.68, 73.7], [72.27, 72.26, 72.25, 72.23, 72.22, 72.2, 72.18, 72.16, 72.82, 72.73, 72.73, 72.91, 73.19, 73.49, 73.21, 73.35, 73.46, 73.54, 73.6, 73.62], [72.27, 72.26, 72.25, 72.23, 72.22, 72.2, 72.18, 73.01, 72.95, 72.92, 72.95, 73.08, 73.28, 73.51, 73.19, 73.31, 73.4, 73.48, 73.53, 73.56]]}