gis_exercise/awsData/contour/humi_2023090910.json
{"header": {"refTime": "2023-09-09T10:00:00.000Z", "nx": 21, "ny": 33, "lo1": 113.509, "la1": 22.2235, "lo2": 113.5947, "la2": 22.1034, "dx": 0.0042850000000001385, "dy": 0.003753125000000024, "parameterCategory": 0, "parameterCategoryName": "Temperature", "parameterNumber": 0}, "z": [[92.48, 92.52, 92.58, 94.43, 94.42, 92.55, 92.66, 92.75, 92.76, 93.76, 93.63, 93.48, 91.45, 91.31, 91.2, 91.12, 90.0, 90.0, 90.0, 90.0], [92.45, 92.49, 92.55, 92.62, 94.4, 94.37, 92.76, 92.97, 93.09, 93.79, 93.59, 93.35, 91.32, 91.18, 91.09, 90.0, 90.0, 90.0, 90.0, 90.0], [92.41, 92.44, 92.5, 92.57, 94.38, 94.35, 94.32, 93.15, 93.78, 93.84, 93.52, 93.13, 91.11, 91.0, 90.0, 90.0, 90.0, 90.0, 90.0, 90.0], [92.36, 92.39, 92.43, 92.5, 92.59, 94.33, 94.31, 94.27, 94.25, 93.85, 93.44, 92.74, 90.77, 91.58, 90.0, 90.0, 90.0, 90.0, 90.0, 90.0], [92.3, 92.32, 92.35, 92.4, 92.47, 94.3, 94.29, 94.31, 94.42, 94.03, 93.51, 91.57, 90.63, 91.35, 90.0, 90.0, 90.0, 90.0, 90.0, 90.0], [92.24, 92.24, 92.26, 92.28, 92.32, 92.38, 94.19, 94.19, 94.41, 94.89, 93.07, 92.01, 91.17, 90.0, 90.0, 90.0, 90.0, 90.0, 90.0, 90.0], [91.45, 92.16, 92.15, 92.15, 92.17, 92.2, 93.27, 93.8, 93.98, 94.38, 94.79, 92.65, 90.0, 90.0, 90.0, 90.0, 90.0, 90.0, 90.0, 90.0], [91.43, 91.42, 91.42, 91.43, 91.45, 92.98, 93.07, 92.94, 92.56, 94.71, 96.58, 92.46, 92.41, 90.0, 90.0, 90.0, 90.0, 90.0, 90.0, 90.0], [91.57, 91.56, 91.38, 91.37, 91.36, 91.4, 91.52, 93.08, 93.91, 94.13, 94.93, 93.75, 93.17, 93.93, 90.0, 90.0, 90.0, 90.0, 90.0, 90.0], [91.0, 91.0, 91.0, 91.47, 91.4, 91.23, 91.35, 91.52, 95.41, 95.08, 93.14, 94.47, 94.05, 94.25, 90.0, 90.0, 90.0, 90.0, 90.0, 90.0], [91.0, 91.0, 91.0, 91.0, 91.0, 91.0, 91.0, 91.0, 91.35, 94.05, 98.0, 94.95, 94.59, 94.57, 90.0, 90.0, 90.0, 90.0, 90.0, 90.0], [91.0, 91.0, 91.0, 91.0, 91.0, 91.0, 91.0, 91.0, 91.0, -999.0, 98.0, 90.0, 90.0, 94.81, 90.0, 90.0, 90.0, 93.98, 93.88, 93.86], [91.0, 91.0, 91.0, 91.0, 91.0, 91.0, 91.0, 91.0, 91.0, 91.0, -999.0, 90.0, 90.0, 94.57, 92.56, 92.55, 92.5, 93.36, 93.24, 93.16], [91.0, 91.0, 91.0, 91.0, 91.0, 91.0, 91.0, 91.0, 91.0, 91.0, -999.0, 97.0, 97.0, 97.0, 93.15, 93.13, 93.02, 93.9, 93.71, 93.57], [91.0, 91.0, 91.0, 91.0, 91.0, 91.0, 91.0, 89.0, 89.0, 89.0, 89.0, 92.07, 97.0, 97.0, 97.0, 93.8, 93.59, 94.39, 94.14, 93.93], [91.0, 91.0, 89.74, 89.72, 89.68, 89.0, 89.0, 89.0, 89.0, 89.0, 94.03, 93.46, 94.24, 94.89, 94.15, 95.53, 95.31, 95.7, 94.1, 93.88], [89.72, 89.7, 90.29, 90.26, 89.0, 89.0, 89.0, 89.0, 89.0, 89.0, 92.44, 93.43, 94.48, 95.44, 95.6, 96.1, 95.78, 95.53, 95.35, 95.23], [90.29, 90.26, 90.23, 90.17, 89.0, 89.0, 89.0, 89.0, 89.0, 91.03, 92.11, 93.31, 94.56, 95.52, 96.8, 96.2, 95.74, 95.45, 95.27, 95.15], [90.25, 90.21, 90.17, 89.0, 89.0, 89.0, 89.0, 89.0, 89.72, 90.56, 91.86, 92.88, 94.08, 95.06, 96.26, 95.93, 95.55, 95.29, 95.13, 95.04], [90.22, 90.19, 90.71, 90.63, 90.52, 90.36, 90.12, 89.49, 90.08, 90.9, 91.83, 92.69, 93.72, 94.35, 95.66, 95.47, 95.23, 95.05, 94.95, 94.9], [90.83, 90.79, 90.73, 90.24, 90.18, 90.09, 89.98, 89.86, 90.95, 91.35, 91.93, 92.55, 93.42, 95.28, 95.19, 95.03, 94.86, 94.77, 94.75, 94.76], [90.4, 90.38, 90.37, 90.35, 90.32, 90.29, 90.27, 90.56, 91.47, 91.71, 92.06, 92.46, 94.09, 94.99, 94.84, 94.64, 94.49, 94.48, 94.55, 94.62], [90.45, 90.45, 90.45, 90.85, 90.84, 90.84, 90.86, 90.92, 91.0, 91.07, 91.09, 91.38, 93.22, 94.77, 94.59, 94.33, 94.08, 94.2, 94.4, 94.53], [90.94, 90.94, 90.94, 90.96, 90.98, 91.02, 91.09, 91.2, 91.35, 91.43, 91.37, 92.25, 93.18, 93.39, 93.55, 94.19, 93.54, 94.19, 94.38, 94.49], [90.99, 91.0, 91.02, 91.05, 91.09, 91.15, 91.25, 91.4, 91.62, 91.79, 91.58, 92.21, 92.3, 93.38, 93.57, 93.74, 94.32, 94.54, 94.45, 94.5], [91.04, 91.06, 91.09, 91.12, 91.18, 91.25, 91.35, 91.49, 91.67, 91.81, 92.12, 92.19, 92.27, 93.37, 93.56, 93.74, 93.92, 94.01, 94.48, 94.52], [91.08, 91.11, 91.14, 91.18, 91.24, 91.32, 91.41, 91.52, 91.62, 91.68, 92.13, 92.18, 92.24, 93.29, 93.47, 93.64, 93.76, 93.82, 93.81, 93.77], [91.11, 91.14, 91.18, 91.23, 91.29, 91.36, 91.44, 91.53, 91.62, 92.1, 92.1, 92.44, 92.64, 92.88, 93.37, 93.52, 93.63, 93.69, 93.71, 93.69], [91.14, 91.18, 91.21, 91.26, 91.32, 91.39, 91.46, 91.55, 91.65, 92.07, 92.12, 92.35, 92.58, 92.8, 93.27, 93.42, 93.52, 93.59, 93.62, 93.62], [91.17, 91.2, 91.24, 91.28, 91.34, 91.4, 91.47, 91.55, 92.35, 92.25, 92.2, 92.36, 92.56, 92.76, 93.2, 93.33, 93.43, 93.5, 93.54, 93.56], [91.19, 91.22, 91.25, 91.3, 91.35, 91.4, 91.46, 91.53, 92.41, 92.36, 92.36, 92.45, 92.59, 92.74, 93.16, 93.28, 93.37, 93.43, 93.48, 93.5], [91.2, 91.23, 91.26, 91.3, 91.35, 91.4, 91.45, 92.5, 92.47, 92.46, 92.48, 92.54, 92.64, 92.75, 93.14, 93.24, 93.32, 93.38, 93.43, 93.46]]}