gis_exercise/awsData/contour/humi_2023091106.json
{"header": {"refTime": "2023-09-11T06:00:00.000Z", "nx": 21, "ny": 33, "lo1": 113.509, "la1": 22.2235, "lo2": 113.5947, "la2": 22.1034, "dx": 0.0042850000000001385, "dy": 0.003753125000000024, "parameterCategory": 0, "parameterCategoryName": "Temperature", "parameterNumber": 0}, "z": [[94.4, 94.43, 94.46, 95.77, 95.74, 94.54, 94.56, 94.58, 94.56, 95.07, 95.02, 94.96, 94.21, 94.17, 93.6, 93.56, 93.54, 93.53, 93.53, 93.53], [94.39, 94.41, 94.45, 94.49, 95.73, 95.67, 94.6, 94.66, 94.68, 95.06, 94.99, 94.9, 94.13, 94.1, 93.55, 93.53, 93.52, 93.52, 93.51, 93.51], [94.36, 94.39, 94.42, 94.47, 95.74, 95.68, 95.58, 94.73, 94.93, 95.06, 94.96, 94.78, 94.0, 93.99, 93.51, 93.51, 93.5, 93.49, 93.49, 93.49], [94.33, 94.36, 94.39, 94.43, 94.49, 95.71, 95.63, 95.51, 95.4, 95.12, 94.95, 94.58, 93.78, 94.44, 93.5, 93.5, 93.48, 93.46, 93.46, 93.47], [94.3, 94.32, 94.34, 94.38, 94.44, 95.75, 95.72, 95.7, 95.74, 95.31, 95.05, 94.37, 93.58, 94.27, 93.51, 93.49, 93.44, 93.41, 93.41, 93.44], [94.26, 94.27, 94.28, 94.32, 94.37, 94.45, 95.77, 95.79, 95.91, 96.17, 95.46, 94.77, 94.13, 93.67, 93.56, 93.48, 93.37, 93.32, 93.36, 93.41], [93.89, 94.21, 94.21, 94.23, 94.27, 94.36, 95.26, 95.71, 95.84, 96.38, 96.65, 95.46, 94.14, 94.02, 93.66, 93.48, 93.25, 93.17, 93.0, 93.0], [93.86, 93.85, 93.84, 93.85, 93.9, 94.92, 95.11, 95.25, 95.34, 96.52, 97.41, 95.92, 95.9, 93.99, 93.74, 93.96, 93.52, 93.37, 93.61, 93.78], [94.15, 94.12, 93.76, 93.73, 93.72, 93.8, 94.04, 95.18, 95.96, 96.28, 96.85, 96.41, 96.19, 96.48, 93.8, 94.04, 93.79, 93.68, 93.74, 93.84], [93.0, 93.0, 93.0, 93.94, 93.8, 93.45, 93.7, 94.04, 96.71, 96.54, 96.18, 96.68, 96.52, 96.6, 93.8, 94.13, 93.96, 93.88, 93.88, 93.91], [93.0, 93.0, 93.0, 93.0, 93.0, 93.0, 93.0, 93.0, 93.71, 96.03, 98.0, 96.86, 96.72, 96.71, 93.78, 94.19, 94.07, 94.0, 93.99, 94.0], [93.0, 93.0, 93.0, 93.0, 93.0, 93.0, 93.0, 93.0, 93.0, -999.0, 98.0, 95.0, 95.0, 96.81, 93.76, 94.26, 94.19, 96.41, 96.33, 96.31], [93.0, 93.0, 93.0, 93.0, 93.0, 93.0, 93.0, 93.0, 93.0, 93.0, -999.0, 95.0, 95.0, 97.61, 96.46, 95.18, 95.14, 95.88, 95.77, 95.71], [93.0, 93.0, 93.0, 93.0, 93.0, 93.0, 93.0, 93.0, 93.0, 93.0, -999.0, 99.0, 99.0, 99.0, 96.8, 95.68, 95.59, 96.34, 96.18, 96.06], [93.0, 93.0, 93.0, 93.0, 93.0, 93.0, 93.0, 92.0, 92.0, 92.0, 92.0, 94.69, 99.0, 99.0, 99.0, 96.25, 96.07, 96.77, 96.55, 96.37], [93.0, 93.0, 92.37, 92.36, 92.34, 92.0, 92.0, 92.0, 92.0, 92.0, 96.4, 95.91, 96.58, 97.15, 96.51, 97.53, 97.31, 97.7, 96.35, 96.16], [92.36, 92.35, 92.65, 92.63, 92.0, 92.0, 92.0, 92.0, 92.0, 92.0, 95.01, 95.88, 96.79, 97.63, 97.72, 97.96, 97.59, 97.3, 97.09, 96.95], [92.64, 92.63, 92.61, 92.59, 92.0, 92.0, 92.0, 92.0, 92.0, 93.78, 94.72, 95.77, 96.86, 97.66, 98.81, 98.07, 97.55, 97.21, 96.99, 96.85], [92.62, 92.61, 92.58, 92.0, 92.0, 92.0, 92.0, 92.0, 92.63, 93.36, 94.76, 95.66, 96.36, 97.23, 98.15, 97.76, 97.33, 97.02, 96.84, 96.73], [92.61, 92.59, 94.29, 94.17, 94.03, 93.81, 93.49, 92.66, 93.1, 93.9, 94.78, 95.54, 96.02, 96.57, 97.46, 97.24, 96.96, 96.75, 96.63, 96.57], [94.44, 94.38, 94.31, 93.65, 93.57, 93.45, 93.3, 93.14, 94.03, 94.41, 94.96, 95.5, 95.73, 97.03, 96.93, 96.74, 96.55, 96.44, 96.4, 96.4], [93.86, 93.85, 93.82, 93.8, 93.76, 93.72, 93.69, 93.91, 94.65, 94.88, 95.19, 95.52, 96.74, 96.69, 96.53, 96.32, 96.15, 96.12, 96.17, 96.24], [93.94, 93.94, 93.94, 94.21, 94.22, 94.23, 94.27, 94.36, 94.48, 94.56, 94.58, 94.56, 95.67, 96.44, 96.24, 95.99, 95.75, 95.82, 95.98, 96.11], [94.29, 94.3, 94.31, 94.34, 94.38, 94.44, 94.55, 94.73, 94.95, 95.06, 94.95, 95.5, 95.68, 95.62, 95.56, 95.82, 95.33, 95.7, 95.9, 96.04], [94.35, 94.37, 94.4, 94.44, 94.5, 94.6, 94.75, 94.98, 95.34, 95.63, 95.25, 95.52, 95.41, 95.63, 95.58, 95.54, 95.77, 95.86, 95.92, 96.02], [94.4, 94.43, 94.47, 94.52, 94.6, 94.7, 94.85, 95.06, 95.37, 95.61, 95.63, 95.49, 95.4, 95.65, 95.61, 95.44, 95.51, 95.55, 95.97, 96.04], [94.45, 94.48, 94.52, 94.58, 94.65, 94.75, 94.87, 95.02, 95.17, 95.23, 95.47, 95.4, 95.36, 95.32, 95.37, 95.42, 95.46, 95.48, 95.48, 95.46], [94.48, 94.52, 94.56, 94.62, 94.69, 94.77, 94.86, 94.96, 95.03, 95.35, 95.29, 95.44, 95.52, 95.59, 95.35, 95.39, 95.42, 95.44, 95.45, 95.44], [94.51, 94.54, 94.59, 94.64, 94.7, 94.77, 94.85, 94.91, 94.96, 95.19, 95.12, 95.32, 95.45, 95.54, 95.32, 95.36, 95.39, 95.41, 95.42, 95.42], [94.53, 94.56, 94.61, 94.65, 94.71, 94.77, 94.82, 94.88, 95.39, 95.26, 95.19, 95.31, 95.43, 95.52, 95.3, 95.34, 95.37, 95.39, 95.4, 95.4], [94.54, 94.58, 94.62, 94.66, 94.71, 94.75, 94.8, 94.85, 95.41, 95.35, 95.32, 95.37, 95.44, 95.51, 95.29, 95.33, 95.35, 95.37, 95.38, 95.39], [94.55, 94.59, 94.62, 94.66, 94.7, 94.74, 94.78, 95.48, 95.44, 95.41, 95.4, 95.43, 95.47, 95.52, 95.29, 95.32, 95.34, 95.35, 95.37, 95.37]]}