gis_exercise/awsData/contour/humi_2023083111.json
{"header": {"refTime": "2023-08-31T11:00:00.000Z", "nx": 21, "ny": 33, "lo1": 113.509, "la1": 22.2235, "lo2": 113.5947, "la2": 22.1034, "dx": 0.0042850000000001385, "dy": 0.003753125000000024, "parameterCategory": 0, "parameterCategoryName": "Temperature", "parameterNumber": 0}, "z": [[61.61, 61.6, 61.58, 62.07, 62.02, 61.03, 61.01, 60.99, 60.97, 61.33, 61.33, 61.32, 60.6, 60.58, 60.87, 60.93, 60.98, 61.02, 61.06, 61.08], [61.62, 61.61, 61.59, 61.56, 62.02, 61.94, 61.03, 61.0, 60.98, 61.28, 61.3, 61.28, 60.57, 60.55, 60.85, 60.93, 61.0, 61.05, 61.09, 61.12], [61.64, 61.62, 61.61, 61.58, 62.04, 61.95, 61.81, 61.02, 61.0, 61.25, 61.29, 61.22, 60.5, 60.49, 60.82, 60.94, 61.03, 61.1, 61.14, 61.16], [61.65, 61.65, 61.63, 61.61, 61.58, 62.01, 61.9, 61.72, 61.55, 61.35, 61.32, 61.11, 60.39, 61.02, 60.8, 60.97, 61.1, 61.18, 61.21, 61.22], [61.67, 61.67, 61.66, 61.65, 61.63, 62.1, 62.05, 62.01, 62.02, 61.59, 61.46, 60.98, 60.41, 60.89, 60.82, 61.03, 61.2, 61.29, 61.31, 61.28], [61.69, 61.69, 61.69, 61.69, 61.68, 61.67, 62.19, 62.22, 62.32, 62.51, 61.81, 61.26, 60.79, 60.33, 60.89, 61.15, 61.38, 61.48, 61.43, 61.36], [62.0, 61.72, 61.73, 61.73, 61.73, 61.74, 62.51, 62.29, 62.4, 62.73, 62.85, 61.73, 60.57, 60.51, 60.99, 61.26, 61.61, 61.74, 61.63, 61.5], [62.0, 62.0, 62.0, 62.0, 62.0, 62.45, 62.45, 62.36, 62.17, 62.85, 63.49, 61.92, 61.9, 60.5, 61.63, 61.52, 61.74, 61.82, 61.69, 61.61], [62.0, 62.0, 62.0, 62.0, 62.0, 62.0, 62.0, 62.44, 62.64, 62.64, 62.85, 62.41, 62.19, 62.48, 61.6, 61.48, 61.61, 61.66, 61.63, 61.58], [62.0, 62.0, 62.0, 62.0, 62.0, 62.0, 62.0, 62.0, 63.14, 63.03, 62.18, 62.68, 62.52, 62.6, 61.6, 61.44, 61.52, 61.56, 61.56, 61.54], [62.0, 62.0, 62.0, 62.0, 62.0, 62.0, 62.0, 62.0, 62.0, 62.68, 64.0, 62.86, 62.72, 62.71, 61.61, 61.4, 61.46, 61.5, 61.51, 61.5], [62.0, 62.0, 62.0, 62.0, 62.0, 62.0, 62.0, 62.0, 62.0, -999.0, 64.0, 61.0, 61.0, 62.81, 61.62, 61.37, 61.41, 68.82, 68.66, 68.61], [62.0, 62.0, 62.0, 62.0, 62.0, 62.0, 62.0, 62.0, 62.0, 62.0, -999.0, 61.0, 61.0, 69.49, 65.75, 66.37, 66.28, 67.76, 67.55, 67.42], [62.0, 62.0, 62.0, 62.0, 62.0, 62.0, 62.0, 62.0, 62.0, 62.0, -999.0, 74.0, 74.0, 74.0, 66.85, 67.37, 67.18, 68.68, 68.36, 68.11], [62.0, 62.0, 62.0, 62.0, 62.0, 62.0, 62.0, 66.0, 66.0, 66.0, 66.0, 69.07, 74.0, 74.0, 74.0, 68.51, 68.15, 69.53, 69.1, 68.74], [62.0, 62.0, 64.52, 64.56, 64.64, 66.0, 66.0, 66.0, 66.0, 66.0, 71.03, 70.46, 71.24, 71.89, 71.15, 72.53, 72.31, 72.7, 69.8, 69.49], [64.57, 64.59, 63.41, 63.48, 66.0, 66.0, 66.0, 66.0, 66.0, 66.0, 69.44, 70.43, 71.48, 72.44, 72.6, 73.38, 73.16, 72.99, 72.87, 72.8], [63.43, 63.48, 63.55, 63.65, 66.0, 66.0, 66.0, 66.0, 66.0, 68.03, 69.11, 70.31, 71.56, 72.52, 73.8, 73.45, 73.13, 72.93, 72.81, 72.74], [63.51, 63.57, 63.66, 66.0, 66.0, 66.0, 66.0, 66.0, 66.72, 67.56, 68.68, 69.69, 71.08, 72.06, 73.49, 73.25, 72.99, 72.82, 72.72, 72.66], [63.56, 63.63, 67.14, 67.09, 67.01, 66.91, 66.75, 66.33, 66.97, 67.72, 68.6, 69.46, 70.72, 71.35, 73.06, 72.92, 72.75, 72.64, 72.59, 72.57], [67.22, 67.19, 67.15, 66.83, 66.79, 66.73, 66.65, 66.57, 67.71, 68.09, 68.65, 69.27, 70.42, 72.8, 72.72, 72.59, 72.48, 72.43, 72.44, 72.48], [66.93, 66.92, 66.91, 66.9, 66.88, 66.86, 66.84, 66.69, 68.11, 68.33, 68.68, 69.1, 70.77, 72.59, 72.46, 72.29, 72.16, 72.2, 72.31, 72.4], [66.97, 66.97, 66.97, 66.73, 66.75, 66.77, 66.82, 66.88, 66.95, 66.99, 66.97, 67.94, 70.45, 72.44, 72.27, 72.01, 71.73, 71.96, 72.24, 72.37], [66.71, 66.72, 66.74, 66.76, 66.8, 66.85, 66.93, 67.05, 67.2, 67.27, 67.16, 67.99, 70.37, 70.78, 71.1, 71.93, 70.97, 72.15, 72.35, 72.39], [66.72, 66.74, 66.76, 66.79, 66.83, 66.89, 66.99, 67.16, 67.44, 67.67, 67.32, 67.89, 68.04, 70.76, 71.14, 71.48, 72.42, 72.9, 72.51, 72.45], [66.73, 66.75, 66.77, 66.79, 66.84, 66.9, 66.99, 67.14, 67.4, 67.61, 67.74, 67.74, 67.88, 70.73, 71.12, 71.17, 71.63, 71.83, 72.51, 72.47], [66.73, 66.75, 66.77, 66.79, 66.82, 66.87, 66.93, 67.01, 67.1, 67.1, 67.46, 67.51, 67.68, 69.87, 70.4, 70.86, 71.2, 71.36, 71.33, 71.21], [66.73, 66.74, 66.76, 66.78, 66.8, 66.82, 66.85, 66.85, 66.81, 67.1, 66.99, 67.77, 68.33, 68.93, 70.08, 70.52, 70.83, 71.0, 71.04, 71.01], [66.73, 66.74, 66.75, 66.76, 66.77, 66.77, 66.77, 66.73, 66.62, 66.68, 66.48, 67.35, 68.07, 68.68, 69.78, 70.21, 70.51, 70.7, 70.79, 70.81], [66.72, 66.73, 66.74, 66.74, 66.74, 66.73, 66.71, 66.65, 67.49, 67.03, 66.77, 67.36, 67.99, 68.54, 69.57, 69.97, 70.26, 70.46, 70.57, 70.63], [66.72, 66.72, 66.72, 66.72, 66.72, 66.7, 66.67, 66.62, 67.63, 67.42, 67.37, 67.65, 68.07, 68.51, 69.45, 69.81, 70.08, 70.27, 70.4, 70.47], [66.71, 66.71, 66.71, 66.71, 66.7, 66.68, 66.66, 67.96, 67.83, 67.73, 67.75, 67.93, 68.21, 68.54, 69.4, 69.7, 69.94, 70.12, 70.25, 70.34]]}