gis_exercise/awsData/contour/humi_2023090121.json
{"header": {"refTime": "2023-09-01T21:00:00.000Z", "nx": 21, "ny": 33, "lo1": 113.509, "la1": 22.2235, "lo2": 113.5947, "la2": 22.1034, "dx": 0.0042850000000001385, "dy": 0.003753125000000024, "parameterCategory": 0, "parameterCategoryName": "Temperature", "parameterNumber": 0}, "z": [[85.27, 85.35, 85.46, 87.88, 87.89, 85.6, 85.76, 85.91, 85.91, 86.81, 86.49, 86.17, 84.74, 84.57, 83.39, 83.28, 82.7, 82.71, 82.72, 82.73], [85.21, 85.29, 85.4, 85.55, 87.87, 87.89, 85.94, 86.29, 86.48, 86.98, 86.47, 85.98, 84.49, 84.33, 83.2, 82.65, 82.67, 82.69, 82.7, 82.71], [85.13, 85.21, 85.31, 85.46, 87.83, 87.85, 87.89, 86.59, 87.63, 87.14, 86.35, 85.61, 84.06, 83.97, 82.57, 82.62, 82.65, 82.66, 82.67, 82.69], [85.04, 85.1, 85.19, 85.32, 85.5, 87.79, 87.83, 87.9, 87.97, 86.98, 86.09, 84.96, 83.32, 84.12, 82.53, 82.61, 82.62, 82.63, 82.64, 82.66], [84.93, 84.97, 85.03, 85.13, 85.28, 87.7, 87.71, 87.77, 87.89, 86.88, 86.0, 83.93, 82.25, 83.75, 82.55, 82.62, 82.59, 82.57, 82.59, 82.63], [84.8, 84.82, 84.85, 84.91, 85.01, 85.15, 87.52, 87.5, 87.7, 88.16, 86.2, 84.8, 83.46, 82.67, 82.71, 82.65, 82.52, 82.46, 82.51, 82.59], [83.34, 84.65, 84.64, 84.65, 84.71, 84.82, 85.77, 86.99, 87.14, 87.96, 88.56, 86.32, 83.85, 83.55, 82.97, 82.7, 82.37, 82.24, 81.82, 81.75], [83.28, 83.27, 83.26, 83.28, 83.35, 85.22, 85.5, 85.65, 85.74, 88.2, 89.94, 87.54, 87.51, 83.49, 83.49, 83.92, 83.05, 82.73, 83.23, 83.56], [83.72, 83.67, 83.14, 83.1, 83.08, 83.19, 83.56, 85.6, 86.91, 87.77, 89.08, 88.34, 87.98, 88.46, 83.59, 84.08, 83.57, 83.36, 83.48, 83.67], [82.0, 82.0, 82.0, 83.4, 83.21, 82.68, 83.05, 83.56, 88.41, 88.08, 87.96, 88.8, 88.53, 88.66, 83.6, 84.25, 83.93, 83.76, 83.75, 83.83], [82.0, 82.0, 82.0, 82.0, 82.0, 82.0, 82.0, 82.0, 83.06, 87.05, 91.0, 89.09, 88.87, 88.85, 83.55, 84.38, 84.15, 84.01, 83.98, 84.0], [82.0, 82.0, 82.0, 82.0, 82.0, 82.0, 82.0, 82.0, 82.0, -999.0, 91.0, 86.0, 86.0, 89.01, 83.51, 84.52, 84.38, 88.25, 88.1, 88.06], [82.0, 82.0, 82.0, 82.0, 82.0, 82.0, 82.0, 82.0, 82.0, 82.0, -999.0, 86.0, 86.0, 90.57, 88.56, 86.0, 85.92, 87.28, 87.09, 86.96], [82.0, 82.0, 82.0, 82.0, 82.0, 82.0, 82.0, 82.0, 82.0, 82.0, -999.0, 93.0, 93.0, 93.0, 89.15, 86.92, 86.75, 88.13, 87.83, 87.6], [82.0, 82.0, 82.0, 82.0, 82.0, 82.0, 82.0, 86.0, 86.0, 86.0, 86.0, 88.69, 93.0, 93.0, 93.0, 87.96, 87.63, 88.91, 88.51, 88.18], [82.0, 82.0, 84.52, 84.56, 84.64, 86.0, 86.0, 86.0, 86.0, 86.0, 90.4, 89.91, 90.58, 91.15, 90.51, 90.43, 90.04, 90.73, 88.24, 87.9], [84.57, 84.59, 83.41, 83.48, 86.0, 86.0, 86.0, 86.0, 86.0, 86.0, 89.01, 89.88, 90.79, 91.63, 91.38, 92.19, 91.91, 91.7, 91.55, 91.46], [83.43, 83.48, 83.55, 83.65, 86.0, 86.0, 86.0, 86.0, 86.0, 87.78, 88.72, 89.77, 90.86, 91.34, 92.76, 92.28, 91.87, 91.62, 91.47, 91.38], [83.51, 83.57, 83.66, 86.0, 86.0, 86.0, 86.0, 86.0, 86.63, 87.36, 87.83, 88.7, 89.82, 90.77, 92.32, 92.02, 91.68, 91.46, 91.34, 91.28], [83.56, 83.63, 85.43, 85.46, 85.49, 85.55, 85.63, 85.84, 86.55, 87.03, 87.67, 88.39, 89.35, 89.89, 91.76, 91.57, 91.35, 91.21, 91.17, 91.17], [85.39, 85.4, 85.42, 85.59, 85.61, 85.64, 85.67, 85.71, 86.85, 87.11, 87.54, 88.07, 88.91, 91.41, 91.3, 91.11, 90.95, 90.91, 90.97, 91.05], [85.53, 85.54, 85.54, 85.55, 85.56, 85.57, 85.58, 84.96, 86.86, 87.02, 87.31, 87.73, 88.16, 91.13, 90.92, 90.65, 90.46, 90.56, 90.8, 90.97], [85.52, 85.52, 85.52, 84.63, 84.66, 84.7, 84.74, 84.76, 84.76, 84.73, 84.67, 85.56, 88.3, 90.94, 90.66, 90.21, 89.68, 90.19, 90.77, 90.98], [84.49, 84.5, 84.52, 84.54, 84.56, 84.58, 84.61, 84.63, 84.67, 84.67, 84.59, 84.5, 88.21, 88.74, 89.13, 90.11, 88.11, 90.74, 91.08, 91.09], [84.43, 84.44, 84.44, 84.45, 84.45, 84.46, 84.48, 84.53, 84.66, 84.79, 84.54, 84.41, 84.45, 88.75, 89.26, 89.74, 91.33, 92.44, 91.45, 91.23], [84.38, 84.37, 84.37, 84.36, 84.35, 84.34, 84.35, 84.39, 84.53, 84.68, 84.37, 84.23, 84.28, 88.74, 89.29, 89.39, 90.2, 90.58, 91.43, 91.28], [84.33, 84.31, 84.3, 84.27, 84.25, 84.22, 84.18, 84.16, 84.15, 84.08, 83.93, 83.91, 84.04, 87.48, 88.27, 88.96, 89.52, 89.78, 89.72, 89.53], [84.28, 84.26, 84.23, 84.19, 84.15, 84.09, 84.01, 83.9, 83.72, 83.44, 83.28, 84.8, 85.7, 86.68, 87.81, 88.47, 88.94, 89.21, 89.27, 89.21], [84.23, 84.21, 84.17, 84.12, 84.06, 83.98, 83.86, 83.69, 83.39, 82.88, 82.76, 84.14, 85.3, 86.29, 87.4, 88.03, 88.48, 88.75, 88.88, 88.91], [84.19, 84.16, 84.12, 84.06, 83.99, 83.9, 83.77, 83.58, 84.35, 83.64, 83.21, 84.15, 85.17, 86.07, 87.1, 87.68, 88.1, 88.39, 88.56, 88.64], [84.16, 84.12, 84.08, 84.02, 83.95, 83.85, 83.72, 83.56, 84.59, 84.25, 84.18, 84.62, 85.31, 86.01, 86.92, 87.43, 87.83, 88.11, 88.29, 88.4], [84.13, 84.1, 84.05, 83.99, 83.92, 83.83, 83.72, 85.1, 84.9, 84.75, 84.79, 85.07, 85.53, 86.06, 86.84, 87.28, 87.63, 87.89, 88.08, 88.21]]}