gis_exercise/awsData/contour/humi_2023090105.json
{"header": {"refTime": "2023-09-01T05:00:00.000Z", "nx": 21, "ny": 33, "lo1": 113.509, "la1": 22.2235, "lo2": 113.5947, "la2": 22.1034, "dx": 0.0042850000000001385, "dy": 0.003753125000000024, "parameterCategory": 0, "parameterCategoryName": "Temperature", "parameterNumber": 0}, "z": [[73.79, 73.83, 73.88, 74.45, 74.47, 73.35, 73.45, 73.53, 73.51, 73.29, 72.95, 72.62, 72.14, 71.99, 71.95, 71.97, 71.5, 71.58, 71.65, 71.69], [73.76, 73.8, 73.86, 73.93, 74.47, 74.51, 73.58, 73.8, 73.91, 73.54, 72.97, 72.48, 71.93, 71.78, 71.79, 71.38, 71.52, 71.62, 71.7, 71.75], [73.73, 73.76, 73.82, 73.88, 74.45, 74.5, 74.58, 74.03, 74.74, 73.75, 72.86, 72.17, 71.56, 71.48, 71.16, 71.38, 71.57, 71.7, 71.77, 71.81], [73.68, 73.71, 73.76, 73.82, 73.91, 74.46, 74.52, 74.62, 74.72, 73.44, 72.54, 71.64, 70.93, 70.9, 71.1, 71.43, 71.67, 71.82, 71.88, 71.9], [73.62, 73.65, 73.68, 73.74, 73.81, 74.4, 74.42, 74.46, 74.47, 72.99, 72.25, 70.75, 69.76, 70.69, 71.14, 71.56, 71.85, 72.0, 72.03, 72.01], [73.56, 73.57, 73.59, 73.63, 73.69, 73.77, 74.32, 74.31, 74.29, 74.27, 72.01, 71.29, 70.53, 70.34, 71.34, 71.77, 72.12, 72.27, 72.21, 72.12], [72.89, 73.49, 73.48, 73.5, 73.54, 73.62, 73.5, 74.19, 74.15, 73.8, 73.75, 72.26, 71.28, 71.04, 71.64, 72.0, 72.48, 72.65, 72.26, 72.01], [72.86, 72.85, 72.84, 72.85, 72.9, 73.24, 73.43, 73.71, 73.94, 73.84, 73.88, 73.31, 73.3, 70.99, 73.0, 73.0, 73.0, 73.0, 73.0, 73.0], [73.15, 73.12, 72.76, 72.73, 72.72, 72.8, 73.04, 73.52, 74.0, 73.79, 73.62, 73.47, 73.4, 73.49, 73.0, 73.0, 73.0, 73.0, 73.0, 73.0], [72.0, 72.0, 72.0, 72.94, 72.8, 72.45, 72.7, 73.04, 74.0, 74.0, 73.39, 73.56, 73.51, 73.53, 73.0, 73.0, 73.0, 73.0, 73.0, 73.0], [72.0, 72.0, 72.0, 72.0, 72.0, 72.0, 72.0, 72.0, 72.71, 74.0, 74.0, 73.62, 73.57, 73.57, 73.0, 73.0, 73.0, 73.0, 73.0, 73.0], [72.0, 72.0, 72.0, 72.0, 72.0, 72.0, 72.0, 72.0, 72.0, -999.0, 74.0, 73.0, 73.0, 73.6, 73.0, 73.0, 73.0, 76.98, 76.88, 76.86], [72.0, 72.0, 72.0, 72.0, 72.0, 72.0, 72.0, 72.0, 72.0, 72.0, -999.0, 73.0, 73.0, 77.57, 75.56, 75.55, 75.5, 76.36, 76.24, 76.16], [72.0, 72.0, 72.0, 72.0, 72.0, 72.0, 72.0, 72.0, 72.0, 72.0, -999.0, 80.0, 80.0, 80.0, 76.15, 76.13, 76.02, 76.9, 76.71, 76.57], [72.0, 72.0, 72.0, 72.0, 72.0, 72.0, 72.0, 74.0, 74.0, 74.0, 74.0, 76.31, 80.0, 80.0, 80.0, 76.8, 76.59, 77.39, 77.14, 76.93], [72.0, 72.0, 73.26, 73.28, 73.32, 74.0, 74.0, 74.0, 74.0, 74.0, 77.78, 77.35, 77.93, 78.42, 77.86, 77.07, 76.62, 77.4, 76.0, 75.72], [73.28, 73.3, 72.71, 72.74, 74.0, 74.0, 74.0, 74.0, 74.0, 74.0, 76.58, 77.32, 78.11, 78.83, 78.39, 78.62, 78.13, 77.75, 77.49, 77.31], [72.71, 72.74, 72.77, 72.83, 74.0, 74.0, 74.0, 74.0, 74.0, 75.52, 76.33, 77.23, 78.17, 78.36, 79.76, 78.77, 78.07, 77.63, 77.35, 77.18], [72.75, 72.79, 72.83, 74.0, 74.0, 74.0, 74.0, 74.0, 74.54, 75.17, 75.36, 76.09, 76.91, 77.79, 78.86, 78.34, 77.76, 77.37, 77.14, 77.01], [72.78, 72.81, 72.86, 72.91, 72.99, 73.09, 73.25, 73.67, 74.34, 74.68, 75.18, 75.79, 76.43, 76.88, 77.92, 77.62, 77.24, 76.99, 76.86, 76.81], [72.78, 72.81, 72.85, 73.17, 73.21, 73.27, 73.35, 73.43, 74.46, 74.65, 74.99, 75.45, 75.94, 77.34, 77.18, 76.9, 76.64, 76.53, 76.54, 76.59], [73.07, 73.08, 73.09, 73.1, 73.12, 73.14, 73.16, 72.96, 74.33, 74.45, 74.7, 75.07, 74.84, 76.87, 76.6, 76.25, 75.99, 76.03, 76.24, 76.41], [73.03, 73.03, 73.03, 72.77, 72.77, 72.77, 72.76, 72.72, 72.67, 72.62, 72.61, 72.59, 74.07, 76.55, 76.2, 75.68, 75.13, 75.54, 76.07, 76.31], [72.71, 72.71, 72.7, 72.7, 72.68, 72.65, 72.61, 72.53, 72.44, 72.38, 72.42, 72.0, 74.02, 74.35, 74.58, 75.49, 73.72, 75.83, 76.22, 76.34], [72.67, 72.67, 72.65, 72.63, 72.61, 72.56, 72.5, 72.4, 72.25, 72.14, 72.28, 72.0, 72.0, 74.37, 74.69, 75.0, 76.29, 77.13, 76.49, 76.42], [72.64, 72.63, 72.61, 72.58, 72.55, 72.5, 72.43, 72.34, 72.22, 72.13, 72.0, 72.0, 72.0, 74.38, 74.73, 75.11, 75.6, 75.85, 76.51, 76.46], [72.61, 72.6, 72.57, 72.54, 72.51, 72.46, 72.39, 72.32, 72.25, 72.22, 72.0, 72.0, 72.0, 74.27, 74.61, 74.95, 75.24, 75.39, 75.35, 75.24], [72.59, 72.57, 72.55, 72.51, 72.47, 72.43, 72.37, 72.31, 72.25, 72.0, 72.0, 73.03, 73.5, 74.05, 74.43, 74.73, 74.96, 75.1, 75.12, 75.08], [72.57, 72.55, 72.52, 72.49, 72.45, 72.41, 72.36, 72.3, 72.23, 72.0, 72.27, 72.82, 73.35, 73.87, 74.26, 74.54, 74.75, 74.88, 74.93, 74.94], [72.55, 72.53, 72.51, 72.48, 72.44, 72.4, 72.35, 72.3, 72.83, 72.59, 72.46, 72.85, 73.32, 73.76, 74.13, 74.39, 74.58, 74.71, 74.78, 74.81], [72.54, 72.52, 72.5, 72.47, 72.44, 72.4, 72.36, 72.31, 72.96, 72.85, 72.85, 73.06, 73.38, 73.74, 74.06, 74.28, 74.45, 74.57, 74.66, 74.7], [72.53, 72.51, 72.49, 72.46, 72.43, 72.4, 72.37, 73.17, 73.11, 73.07, 73.11, 73.26, 73.49, 73.76, 74.02, 74.21, 74.36, 74.48, 74.56, 74.61]]}