gis_exercise/awsData/contour/humi_2023090711.json
{"header": {"refTime": "2023-09-07T11:00:00.000Z", "nx": 21, "ny": 33, "lo1": 113.509, "la1": 22.2235, "lo2": 113.5947, "la2": 22.1034, "dx": 0.0042850000000001385, "dy": 0.003753125000000024, "parameterCategory": 0, "parameterCategoryName": "Temperature", "parameterNumber": 0}, "z": [[83.12, 83.17, 83.23, 85.84, 85.75, 84.03, 84.01, 83.99, 83.97, 84.91, 84.97, 85.01, 83.84, 83.84, 83.59, 83.6, 83.89, 83.91, 83.93, 83.94], [83.09, 83.14, 83.2, 83.28, 85.75, 85.61, 84.03, 84.0, 83.98, 84.77, 84.91, 84.94, 83.8, 83.8, 83.56, 83.86, 83.89, 83.91, 83.93, 83.94], [83.05, 83.1, 83.16, 83.24, 85.77, 85.63, 85.4, 84.02, 84.0, 84.68, 84.9, 84.87, 83.73, 83.74, 83.8, 83.85, 83.89, 83.92, 83.94, 83.95], [82.99, 83.04, 83.1, 83.19, 83.3, 85.72, 85.54, 85.23, 84.95, 84.92, 85.01, 84.74, 83.58, 84.84, 83.78, 83.86, 83.91, 83.93, 83.95, 83.96], [82.92, 82.96, 83.02, 83.1, 83.22, 85.85, 85.77, 85.7, 85.76, 85.47, 85.32, 84.76, 83.74, 84.6, 83.79, 83.88, 83.93, 83.95, 83.96, 83.97], [82.84, 82.86, 82.9, 82.98, 83.1, 83.29, 85.96, 86.01, 86.23, 86.69, 86.23, 85.27, 84.42, 83.67, 83.87, 83.93, 83.97, 83.98, 83.98, 83.98], [82.24, 82.73, 82.75, 82.8, 82.92, 83.14, 85.01, 86.0, 86.24, 87.31, 87.75, 86.12, 84.14, 84.02, 83.99, 83.99, 83.99, 84.0, 83.82, 83.75], [82.14, 82.11, 82.1, 82.13, 82.24, 84.24, 84.71, 85.18, 85.57, 87.53, 89.02, 86.54, 86.51, 83.99, 84.37, 84.48, 84.26, 84.18, 84.31, 84.39], [82.86, 82.79, 81.91, 81.83, 81.8, 81.99, 82.6, 84.9, 86.59, 87.13, 88.08, 87.34, 86.98, 87.46, 84.4, 84.52, 84.39, 84.34, 84.37, 84.42], [80.0, 80.0, 80.0, 82.34, 82.01, 81.13, 81.74, 82.6, 87.84, 87.56, 86.96, 87.8, 87.53, 87.66, 84.4, 84.56, 84.48, 84.44, 84.44, 84.46], [80.0, 80.0, 80.0, 80.0, 80.0, 80.0, 80.0, 80.0, 81.77, 86.71, 90.0, 88.09, 87.87, 87.85, 84.39, 84.6, 84.54, 84.5, 84.49, 84.5], [80.0, 80.0, 80.0, 80.0, 80.0, 80.0, 80.0, 80.0, 80.0, -999.0, 90.0, 85.0, 85.0, 88.01, 84.38, 84.63, 84.59, 87.41, 87.33, 87.31], [80.0, 80.0, 80.0, 80.0, 80.0, 80.0, 80.0, 80.0, 80.0, 80.0, -999.0, 85.0, 85.0, 88.26, 86.83, 86.18, 86.14, 86.88, 86.77, 86.71], [80.0, 80.0, 80.0, 80.0, 80.0, 80.0, 80.0, 80.0, 80.0, 80.0, -999.0, 90.0, 90.0, 90.0, 87.25, 86.68, 86.59, 87.34, 87.18, 87.06], [80.0, 80.0, 80.0, 80.0, 80.0, 80.0, 80.0, 81.0, 81.0, 81.0, 81.0, 84.46, 90.0, 90.0, 90.0, 87.25, 87.07, 87.77, 87.55, 87.37], [80.0, 80.0, 80.63, 80.64, 80.66, 81.0, 81.0, 81.0, 81.0, 81.0, 86.66, 86.02, 86.89, 87.63, 86.79, 90.0, 90.0, 90.0, 88.45, 88.33], [80.64, 80.65, 80.35, 80.37, 81.0, 81.0, 81.0, 81.0, 81.0, 81.0, 84.87, 85.99, 87.16, 88.24, 88.93, 90.42, 90.57, 90.69, 90.78, 90.85], [80.36, 80.37, 80.39, 80.41, 81.0, 81.0, 81.0, 81.0, 81.0, 83.29, 84.49, 85.84, 87.25, 88.82, 89.85, 90.37, 90.58, 90.72, 90.82, 90.89], [80.38, 80.39, 80.42, 81.0, 81.0, 81.0, 81.0, 81.0, 81.81, 82.75, 85.08, 86.26, 87.53, 88.5, 90.34, 90.49, 90.66, 90.79, 90.88, 90.94], [80.39, 80.41, 85.57, 85.35, 85.06, 84.63, 83.98, 82.32, 82.73, 83.94, 85.2, 86.21, 87.31, 88.05, 90.6, 90.68, 90.79, 90.89, 90.96, 91.0], [85.88, 85.76, 85.61, 84.31, 84.14, 83.91, 83.6, 83.28, 84.28, 84.85, 85.62, 86.32, 87.2, 90.77, 90.8, 90.85, 90.92, 90.99, 91.05, 91.08], [84.73, 84.69, 84.65, 84.59, 84.53, 84.45, 84.37, 85.17, 85.44, 85.77, 86.17, 86.56, 89.67, 90.9, 90.93, 90.97, 91.01, 91.08, 91.14, 91.16], [84.87, 84.87, 84.88, 85.93, 85.91, 85.92, 85.97, 86.11, 86.33, 86.51, 86.57, 86.91, 90.52, 91.0, 91.03, 91.03, 90.97, 91.14, 91.26, 91.26], [86.17, 86.17, 86.18, 86.21, 86.27, 86.38, 86.57, 86.87, 87.26, 87.47, 87.32, 89.25, 90.47, 90.72, 90.92, 91.11, 90.63, 91.45, 91.45, 91.36], [86.31, 86.34, 86.39, 86.46, 86.57, 86.74, 87.0, 87.4, 87.98, 88.44, 87.89, 89.21, 89.3, 90.72, 90.96, 91.17, 91.64, 92.04, 91.59, 91.42], [86.43, 86.49, 86.56, 86.66, 86.81, 87.0, 87.27, 87.64, 88.13, 88.48, 89.12, 89.19, 89.27, 90.71, 90.95, 91.18, 91.44, 91.56, 91.55, 91.43], [86.54, 86.61, 86.71, 86.82, 86.98, 87.18, 87.42, 87.71, 87.99, 88.14, 89.13, 89.18, 89.24, 90.61, 90.85, 91.06, 91.23, 91.31, 91.29, 91.23], [86.64, 86.72, 86.82, 86.94, 87.1, 87.29, 87.51, 87.76, 88.0, 89.1, 89.1, 89.59, 89.86, 90.17, 90.71, 90.91, 91.05, 91.13, 91.15, 91.13], [86.72, 86.8, 86.91, 87.03, 87.18, 87.36, 87.57, 87.8, 88.08, 89.07, 89.16, 89.47, 89.77, 90.07, 90.59, 90.78, 90.91, 91.0, 91.04, 91.04], [86.78, 86.87, 86.97, 87.09, 87.23, 87.4, 87.59, 87.81, 89.47, 89.34, 89.26, 89.49, 89.75, 90.01, 90.5, 90.68, 90.8, 90.89, 90.94, 90.96], [86.83, 86.91, 87.01, 87.13, 87.26, 87.41, 87.57, 87.76, 89.55, 89.48, 89.48, 89.6, 89.79, 89.99, 90.45, 90.6, 90.72, 90.8, 90.86, 90.89], [86.86, 86.95, 87.04, 87.14, 87.26, 87.39, 87.53, 89.67, 89.63, 89.61, 89.63, 89.72, 89.85, 90.0, 90.43, 90.56, 90.66, 90.74, 90.79, 90.83]]}