gis_exercise/awsData/contour/humi_2023091314.json
{"header": {"refTime": "2023-09-13T14:00:00.000Z", "nx": 21, "ny": 33, "lo1": 113.509, "la1": 22.2235, "lo2": 113.5947, "la2": 22.1034, "dx": 0.0042850000000001385, "dy": 0.003753125000000024, "parameterCategory": 0, "parameterCategoryName": "Temperature", "parameterNumber": 0}, "z": [[75.87, 75.84, 75.8, 77.28, 77.12, 75.07, 74.94, 74.8, 74.71, 75.1, 75.18, 75.23, 71.92, 71.79, 74.73, 74.89, 73.16, 73.3, 73.4, 73.45], [75.89, 75.87, 75.83, 75.78, 77.14, 76.88, 74.92, 74.7, 74.54, 74.94, 75.11, 75.16, 71.92, 71.78, 74.71, 73.07, 73.28, 73.45, 73.55, 73.61], [75.92, 75.9, 75.88, 75.83, 77.22, 76.96, 76.51, 74.63, 74.14, 74.82, 75.1, 75.09, 71.92, 71.78, 72.87, 73.16, 73.44, 73.66, 73.77, 73.8], [75.94, 75.94, 75.93, 75.91, 75.87, 77.18, 76.82, 76.22, 75.67, 75.12, 75.24, 74.95, 72.01, 73.2, 72.88, 73.29, 73.71, 73.98, 74.08, 74.05], [75.97, 75.97, 75.99, 76.0, 76.01, 77.5, 77.36, 77.18, 77.14, 75.76, 75.61, 73.41, 73.08, 73.07, 72.88, 73.5, 74.14, 74.49, 74.51, 74.35], [75.99, 76.0, 76.03, 76.07, 76.14, 76.25, 77.89, 77.99, 78.15, 78.43, 74.44, 73.46, 72.98, 70.99, 72.83, 73.82, 74.88, 75.33, 75.06, 74.67], [76.79, 76.01, 76.05, 76.11, 76.22, 76.42, 78.5, 78.55, 78.79, 77.57, 77.04, 73.23, 69.58, 69.94, 72.69, 74.13, 75.97, 76.65, 77.08, 76.76], [76.71, 76.69, 76.68, 76.7, 76.79, 77.94, 78.32, 78.78, 78.53, 78.05, 79.2, 71.3, 71.22, 70.02, 73.9, 72.71, 75.12, 75.98, 74.62, 73.7], [77.29, 77.23, 76.52, 76.46, 76.44, 76.59, 77.08, 78.49, 79.64, 77.29, 75.62, 73.56, 72.55, 73.89, 73.62, 72.27, 73.67, 74.26, 73.92, 73.4], [75.0, 75.0, 75.0, 76.87, 76.61, 75.91, 76.39, 77.08, 80.14, 80.03, 72.49, 74.83, 74.08, 74.44, 73.61, 71.81, 72.7, 73.17, 73.19, 72.97], [75.0, 75.0, 75.0, 75.0, 75.0, 75.0, 75.0, 75.0, 76.42, 79.68, 81.0, 75.66, 75.03, 74.99, 73.73, 71.45, 72.1, 72.47, 72.57, 72.49], [75.0, 75.0, 75.0, 75.0, 75.0, 75.0, 75.0, 75.0, 75.0, -999.0, 81.0, 67.0, 67.0, 75.43, 73.84, 71.07, 71.46, 80.84, 80.77, 80.76], [75.0, 75.0, 75.0, 75.0, 75.0, 75.0, 75.0, 75.0, 75.0, 75.0, -999.0, 67.0, 67.0, 77.44, 72.85, 79.82, 79.78, 80.4, 80.31, 80.26], [75.0, 75.0, 75.0, 75.0, 75.0, 75.0, 75.0, 75.0, 75.0, 75.0, -999.0, 83.0, 83.0, 83.0, 74.2, 80.24, 80.16, 80.78, 80.65, 80.55], [75.0, 75.0, 75.0, 75.0, 75.0, 75.0, 75.0, 74.0, 74.0, 74.0, 74.0, 77.46, 83.0, 83.0, 83.0, 80.71, 80.56, 81.14, 80.96, 80.81], [75.0, 75.0, 74.37, 74.36, 74.34, 74.0, 74.0, 74.0, 74.0, 74.0, 79.66, 79.02, 79.89, 80.63, 79.79, 81.53, 81.31, 81.7, 80.61, 80.44], [74.36, 74.35, 74.65, 74.63, 74.0, 74.0, 74.0, 74.0, 74.0, 74.0, 77.87, 78.99, 80.16, 81.24, 81.48, 81.82, 81.4, 81.07, 80.83, 80.66], [74.64, 74.63, 74.61, 74.59, 74.0, 74.0, 74.0, 74.0, 74.0, 76.29, 77.49, 78.84, 80.25, 81.39, 82.78, 81.95, 81.35, 80.97, 80.72, 80.56], [74.62, 74.61, 74.58, 74.0, 74.0, 74.0, 74.0, 74.0, 74.81, 75.75, 77.71, 78.88, 79.81, 80.89, 82.03, 81.6, 81.1, 80.76, 80.55, 80.41], [74.61, 74.59, 77.43, 77.26, 77.04, 76.72, 76.24, 74.99, 75.51, 76.59, 77.76, 78.75, 79.42, 80.14, 81.26, 81.01, 80.7, 80.46, 80.31, 80.23], [77.66, 77.57, 77.46, 76.48, 76.36, 76.18, 75.95, 75.71, 76.81, 77.33, 78.05, 78.74, 79.11, 80.77, 80.66, 80.46, 80.25, 80.11, 80.05, 80.04], [76.8, 76.77, 76.74, 76.7, 76.64, 76.59, 76.53, 75.9, 77.72, 78.02, 78.42, 78.84, 80.74, 80.39, 80.21, 80.0, 79.82, 79.76, 79.79, 79.85], [76.9, 76.9, 76.91, 75.93, 76.0, 76.1, 76.24, 76.44, 76.67, 76.79, 76.7, 77.97, 79.37, 80.11, 79.9, 79.65, 79.43, 79.44, 79.56, 79.69], [75.85, 75.89, 75.94, 76.02, 76.13, 76.29, 76.55, 76.93, 77.41, 77.64, 77.28, 78.01, 79.39, 79.28, 79.19, 79.45, 79.12, 79.22, 79.42, 79.58], [75.87, 75.91, 75.98, 76.07, 76.2, 76.4, 76.71, 77.24, 78.15, 78.92, 77.77, 77.91, 77.71, 79.3, 79.2, 79.12, 79.23, 79.18, 79.39, 79.55], [75.88, 75.92, 75.99, 76.07, 76.2, 76.38, 76.68, 77.16, 78.01, 78.7, 78.13, 77.56, 77.41, 79.31, 79.22, 78.09, 78.37, 78.44, 79.45, 79.56], [75.87, 75.91, 75.97, 76.04, 76.14, 76.27, 76.45, 76.7, 76.97, 76.96, 77.08, 76.88, 76.95, 76.86, 77.36, 77.76, 78.02, 78.13, 78.11, 78.05], [75.86, 75.89, 75.93, 75.98, 76.03, 76.1, 76.15, 76.14, 75.97, 76.02, 75.64, 75.96, 76.42, 76.81, 77.03, 77.43, 77.7, 77.84, 77.88, 77.87], [75.83, 75.86, 75.88, 75.9, 75.92, 75.91, 75.86, 75.69, 75.28, 74.8, 73.83, 75.15, 75.99, 76.52, 76.74, 77.14, 77.42, 77.58, 77.67, 77.7], [75.81, 75.82, 75.83, 75.83, 75.81, 75.76, 75.65, 75.43, 75.61, 74.77, 74.25, 75.07, 75.83, 76.36, 76.53, 76.91, 77.19, 77.37, 77.48, 77.54], [75.78, 75.78, 75.78, 75.76, 75.73, 75.66, 75.54, 75.34, 75.72, 75.3, 75.14, 75.45, 75.91, 76.32, 76.41, 76.76, 77.01, 77.19, 77.32, 77.4], [75.75, 75.75, 75.74, 75.71, 75.67, 75.6, 75.49, 76.17, 75.92, 75.71, 75.65, 75.8, 76.07, 76.36, 76.36, 76.65, 76.89, 77.06, 77.19, 77.27]]}