gis_exercise/awsData/contour/humi_2023090921.json
{"header": {"refTime": "2023-09-09T21:00:00.000Z", "nx": 21, "ny": 33, "lo1": 113.509, "la1": 22.2235, "lo2": 113.5947, "la2": 22.1034, "dx": 0.0042850000000001385, "dy": 0.003753125000000024, "parameterCategory": 0, "parameterCategoryName": "Temperature", "parameterNumber": 0}, "z": [[91.95, 92.04, 92.15, 94.84, 94.86, 92.57, 92.75, 92.92, 92.95, 94.26, 94.01, 93.76, 91.42, 91.22, 90.23, 90.04, 88.56, 88.51, 88.47, 88.45], [91.89, 91.98, 92.09, 92.24, 94.82, 94.85, 92.91, 93.28, 93.5, 94.36, 93.98, 93.58, 91.22, 91.03, 90.07, 88.6, 88.52, 88.46, 88.42, 88.4], [91.81, 91.89, 92.0, 92.14, 94.78, 94.8, 94.85, 93.57, 94.63, 94.47, 93.87, 93.26, 90.88, 90.74, 88.69, 88.58, 88.47, 88.39, 88.35, 88.33], [91.71, 91.78, 91.86, 91.99, 92.17, 94.72, 94.77, 94.86, 94.96, 94.4, 93.69, 92.69, 90.34, 91.2, 88.7, 88.53, 88.38, 88.28, 88.25, 88.25], [91.6, 91.64, 91.7, 91.8, 91.93, 94.6, 94.61, 94.69, 94.85, 94.46, 93.69, 91.15, 89.88, 90.9, 88.69, 88.46, 88.24, 88.12, 88.11, 88.15], [91.48, 91.49, 91.51, 91.56, 91.65, 91.76, 94.35, 94.34, 94.6, 95.21, 93.11, 91.77, 90.67, 89.33, 88.67, 88.34, 87.99, 87.84, 87.93, 88.05], [89.89, 91.32, 91.31, 91.31, 91.34, 91.4, 92.53, 93.65, 93.85, 94.49, 95.15, 92.71, 89.57, 89.51, 88.66, 88.21, 87.64, 87.42, 87.37, 87.5], [89.86, 89.85, 89.84, 89.85, 89.9, 92.05, 92.24, 92.15, 91.85, 94.89, 97.31, 92.76, 92.71, 89.5, 88.12, 88.44, 87.79, 87.55, 87.92, 88.17], [90.15, 90.12, 89.76, 89.73, 89.72, 89.8, 90.04, 92.28, 93.55, 94.19, 95.54, 94.22, 93.57, 94.43, 88.19, 88.56, 88.18, 88.02, 88.11, 88.26], [89.0, 89.0, 89.0, 89.94, 89.8, 89.45, 89.7, 90.04, 95.55, 95.1, 93.53, 95.03, 94.55, 94.79, 88.2, 88.69, 88.45, 88.32, 88.31, 88.37], [89.0, 89.0, 89.0, 89.0, 89.0, 89.0, 89.0, 89.0, 89.71, 93.73, 99.0, 95.57, 95.16, 95.14, 88.17, 88.79, 88.61, 88.51, 88.48, 88.5], [89.0, 89.0, 89.0, 89.0, 89.0, 89.0, 89.0, 89.0, 89.0, -999.0, 99.0, 90.0, 90.0, 95.42, 88.13, 88.89, 88.78, 92.12, 91.99, 91.96], [89.0, 89.0, 89.0, 89.0, 89.0, 89.0, 89.0, 89.0, 89.0, 89.0, -999.0, 90.0, 90.0, 93.92, 92.19, 90.28, 90.21, 91.32, 91.16, 91.06], [89.0, 89.0, 89.0, 89.0, 89.0, 89.0, 89.0, 89.0, 89.0, 89.0, -999.0, 96.0, 96.0, 96.0, 92.7, 91.03, 90.88, 92.01, 91.77, 91.58], [89.0, 89.0, 89.0, 89.0, 89.0, 89.0, 89.0, 90.0, 90.0, 90.0, 90.0, 92.31, 96.0, 96.0, 96.0, 91.88, 91.61, 92.65, 92.33, 92.06], [89.0, 89.0, 89.63, 89.64, 89.66, 90.0, 90.0, 90.0, 90.0, 90.0, 93.78, 93.35, 93.93, 94.42, 93.86, 93.8, 93.47, 94.05, 92.03, 91.74], [89.64, 89.65, 89.35, 89.37, 90.0, 90.0, 90.0, 90.0, 90.0, 90.0, 92.58, 93.32, 94.11, 94.83, 94.61, 94.5, 93.98, 93.56, 93.27, 93.06], [89.36, 89.37, 89.39, 89.41, 90.0, 90.0, 90.0, 90.0, 90.0, 91.52, 92.33, 93.23, 94.17, 94.57, 95.8, 94.67, 93.92, 93.44, 93.13, 92.93], [89.38, 89.39, 89.42, 90.0, 90.0, 90.0, 90.0, 90.0, 90.54, 91.17, 92.47, 93.25, 93.27, 94.09, 94.78, 94.23, 93.6, 93.17, 92.9, 92.75], [89.39, 89.41, 92.29, 92.17, 92.03, 91.81, 91.49, 90.66, 91.01, 91.73, 92.5, 93.17, 92.87, 93.33, 93.79, 93.47, 93.07, 92.78, 92.61, 92.52], [92.44, 92.38, 92.31, 91.65, 91.57, 91.45, 91.3, 91.14, 91.87, 92.22, 92.7, 93.16, 92.49, 93.17, 93.02, 92.75, 92.48, 92.32, 92.27, 92.28], [91.86, 91.85, 91.82, 91.8, 91.76, 91.72, 91.69, 91.39, 92.48, 92.68, 92.95, 93.23, 93.43, 92.68, 92.44, 92.14, 91.9, 91.85, 91.94, 92.05], [91.94, 91.94, 91.94, 91.46, 91.49, 91.55, 91.64, 91.76, 91.91, 91.99, 91.94, 91.77, 92.07, 92.33, 92.04, 91.65, 91.29, 91.42, 91.68, 91.87], [91.43, 91.45, 91.48, 91.52, 91.59, 91.69, 91.85, 92.09, 92.4, 92.54, 92.33, 92.02, 92.15, 91.8, 91.49, 91.42, 90.61, 91.29, 91.59, 91.78], [91.45, 91.48, 91.51, 91.57, 91.65, 91.78, 91.98, 92.31, 92.87, 93.35, 92.65, 92.08, 91.66, 91.86, 91.56, 91.32, 91.44, 91.64, 91.64, 91.77], [91.46, 91.49, 91.53, 91.59, 91.67, 91.79, 91.98, 92.28, 92.8, 93.22, 92.52, 91.95, 91.59, 91.93, 91.67, 90.89, 91.03, 91.1, 91.71, 91.8], [91.47, 91.49, 91.53, 91.58, 91.65, 91.74, 91.86, 92.02, 92.2, 92.2, 91.9, 91.62, 91.43, 90.65, 90.75, 90.84, 90.93, 90.97, 90.96, 90.92], [91.46, 91.49, 91.52, 91.56, 91.6, 91.65, 91.69, 91.71, 91.63, 91.38, 91.15, 91.48, 91.65, 91.76, 90.69, 90.78, 90.85, 90.88, 90.89, 90.88], [91.46, 91.48, 91.5, 91.52, 91.54, 91.55, 91.53, 91.45, 91.24, 90.77, 90.42, 91.06, 91.43, 91.63, 90.65, 90.73, 90.78, 90.82, 90.84, 90.84], [91.45, 91.46, 91.47, 91.48, 91.48, 91.47, 91.42, 91.3, 91.32, 90.89, 90.62, 91.01, 91.35, 91.56, 90.61, 90.68, 90.74, 90.77, 90.79, 90.8], [91.43, 91.44, 91.45, 91.44, 91.43, 91.41, 91.35, 91.25, 91.36, 91.14, 91.05, 91.18, 91.38, 91.54, 90.59, 90.65, 90.7, 90.74, 90.76, 90.77], [91.42, 91.42, 91.42, 91.42, 91.4, 91.37, 91.32, 91.57, 91.44, 91.33, 91.29, 91.34, 91.45, 91.56, 90.58, 90.63, 90.67, 90.71, 90.73, 90.75]]}