gis_exercise/awsData/contour/humi_2023090408.json
{"header": {"refTime": "2023-09-04T08:00:00.000Z", "nx": 21, "ny": 33, "lo1": 113.509, "la1": 22.2235, "lo2": 113.5947, "la2": 22.1034, "dx": 0.0042850000000001385, "dy": 0.003753125000000024, "parameterCategory": 0, "parameterCategoryName": "Temperature", "parameterNumber": 0}, "z": [[79.42, 79.45, 79.5, 80.81, 80.77, 78.87, 78.91, 78.93, 78.88, 78.87, 78.59, 78.3, 76.66, 76.48, 76.09, 76.0, 74.89, 74.91, 74.93, 74.94], [79.4, 79.43, 79.48, 79.53, 80.77, 80.71, 79.03, 79.15, 79.19, 79.03, 78.57, 78.14, 76.46, 76.28, 75.93, 74.86, 74.89, 74.91, 74.93, 74.94], [79.36, 79.4, 79.45, 79.51, 80.79, 80.73, 80.62, 79.34, 79.81, 79.18, 78.47, 77.82, 76.11, 75.99, 74.8, 74.85, 74.89, 74.92, 74.94, 74.95], [79.32, 79.36, 79.41, 79.47, 79.56, 80.78, 80.69, 80.55, 80.41, 79.01, 78.23, 77.27, 75.54, 76.04, 74.78, 74.86, 74.91, 74.93, 74.95, 74.96], [79.27, 79.3, 79.35, 79.41, 79.5, 80.85, 80.81, 80.77, 80.78, 78.87, 78.12, 75.95, 74.81, 75.77, 74.79, 74.88, 74.93, 74.95, 74.96, 74.97], [79.21, 79.22, 79.26, 79.32, 79.42, 79.56, 80.93, 80.96, 81.01, 81.12, 77.61, 76.52, 75.57, 74.67, 74.87, 74.93, 74.97, 74.98, 74.98, 74.98], [78.79, 79.13, 79.15, 79.19, 79.28, 79.46, 80.25, 81.05, 81.12, 80.48, 80.28, 77.45, 75.14, 75.02, 74.99, 74.99, 74.99, 75.0, 74.82, 74.75], [78.71, 78.69, 78.68, 78.7, 78.79, 79.71, 80.09, 80.6, 80.82, 80.69, 81.22, 77.84, 77.81, 74.99, 75.37, 75.48, 75.26, 75.18, 75.31, 75.39], [79.29, 79.23, 78.52, 78.46, 78.44, 78.59, 79.08, 80.27, 81.32, 80.36, 79.69, 78.81, 78.38, 78.95, 75.4, 75.52, 75.39, 75.34, 75.37, 75.42], [77.0, 77.0, 77.0, 78.87, 78.61, 77.91, 78.39, 79.08, 81.57, 81.51, 78.35, 79.36, 79.04, 79.19, 75.4, 75.56, 75.48, 75.44, 75.44, 75.46], [77.0, 77.0, 77.0, 77.0, 77.0, 77.0, 77.0, 77.0, 78.42, 81.34, 82.0, 79.71, 79.44, 79.43, 75.39, 75.6, 75.54, 75.5, 75.49, 75.5], [77.0, 77.0, 77.0, 77.0, 77.0, 77.0, 77.0, 77.0, 77.0, -999.0, 82.0, 76.0, 76.0, 79.61, 75.38, 75.63, 75.59, 78.98, 78.88, 78.86], [77.0, 77.0, 77.0, 77.0, 77.0, 77.0, 77.0, 77.0, 77.0, 77.0, -999.0, 76.0, 76.0, 79.92, 78.19, 77.55, 77.5, 78.36, 78.24, 78.16], [77.0, 77.0, 77.0, 77.0, 77.0, 77.0, 77.0, 77.0, 77.0, 77.0, -999.0, 82.0, 82.0, 82.0, 78.7, 78.13, 78.02, 78.9, 78.71, 78.57], [77.0, 77.0, 77.0, 77.0, 77.0, 77.0, 77.0, 81.0, 81.0, 81.0, 81.0, 81.38, 82.0, 82.0, 82.0, 78.8, 78.59, 79.39, 79.14, 78.93], [77.0, 77.0, 79.52, 79.56, 79.64, 81.0, 81.0, 81.0, 81.0, 81.0, 81.63, 81.56, 81.65, 81.74, 81.64, 80.53, 80.31, 80.7, 79.1, 78.88], [79.57, 79.59, 78.41, 78.48, 81.0, 81.0, 81.0, 81.0, 81.0, 81.0, 81.43, 81.55, 81.68, 81.8, 81.43, 81.52, 81.35, 81.22, 81.14, 81.08], [78.43, 78.48, 78.55, 78.65, 81.0, 81.0, 81.0, 81.0, 81.0, 81.25, 81.39, 81.54, 81.69, 81.44, 81.91, 81.57, 81.33, 81.18, 81.09, 81.03], [78.51, 78.57, 78.66, 81.0, 81.0, 81.0, 81.0, 81.0, 81.09, 81.19, 82.22, 82.38, 81.0, 81.23, 81.6, 81.42, 81.21, 81.08, 81.01, 80.98], [78.56, 78.63, 83.86, 83.72, 83.53, 83.27, 82.86, 81.82, 81.65, 82.04, 82.37, 82.53, 80.81, 80.87, 81.26, 81.15, 81.02, 80.94, 80.91, 80.9], [84.05, 83.98, 83.88, 83.07, 82.96, 82.82, 82.63, 82.43, 82.33, 82.5, 82.68, 82.77, 80.59, 81.06, 80.99, 80.88, 80.78, 80.76, 80.79, 80.83], [83.33, 83.31, 83.28, 83.25, 83.2, 83.15, 83.11, 83.6, 82.97, 83.06, 83.12, 83.09, 82.03, 80.89, 80.77, 80.61, 80.5, 80.56, 80.69, 80.78], [83.42, 83.42, 83.42, 84.08, 84.07, 84.07, 84.11, 84.2, 84.33, 84.45, 84.48, 82.42, 82.44, 80.77, 80.62, 80.36, 80.05, 80.34, 80.66, 80.78], [84.23, 84.23, 84.24, 84.26, 84.3, 84.36, 84.48, 84.67, 84.91, 85.05, 84.95, 84.03, 82.59, 81.94, 81.34, 80.3, 79.18, 80.64, 80.83, 80.85], [84.32, 84.34, 84.37, 84.41, 84.48, 84.59, 84.75, 85.0, 85.36, 85.65, 85.31, 84.29, 83.58, 82.06, 81.5, 81.07, 80.97, 81.59, 81.04, 80.92], [84.4, 84.43, 84.48, 84.54, 84.63, 84.75, 84.92, 85.15, 85.46, 85.68, 85.04, 84.46, 83.83, 82.2, 81.72, 81.43, 81.41, 81.5, 81.03, 80.95], [84.47, 84.51, 84.57, 84.64, 84.74, 84.86, 85.01, 85.19, 85.37, 85.46, 84.98, 84.6, 84.06, 82.48, 82.05, 81.75, 81.62, 81.59, 81.58, 81.58], [84.52, 84.57, 84.64, 84.72, 84.81, 84.93, 85.07, 85.22, 85.37, 85.19, 85.16, 85.56, 85.36, 85.12, 82.36, 82.04, 81.85, 81.76, 81.72, 81.71], [84.57, 84.63, 84.69, 84.77, 84.86, 84.98, 85.1, 85.25, 85.42, 85.4, 85.88, 85.65, 85.42, 85.2, 82.63, 82.29, 82.07, 81.94, 81.87, 81.83], [84.61, 84.67, 84.73, 84.81, 84.9, 85.0, 85.12, 85.25, 85.65, 85.75, 85.8, 85.64, 85.44, 85.24, 82.81, 82.49, 82.26, 82.11, 82.01, 81.96], [84.64, 84.7, 84.76, 84.83, 84.91, 85.0, 85.11, 85.22, 85.59, 85.64, 85.64, 85.55, 85.41, 85.26, 82.92, 82.62, 82.4, 82.25, 82.14, 82.07], [84.67, 84.72, 84.77, 84.84, 84.91, 84.99, 85.08, 85.5, 85.53, 85.54, 85.52, 85.46, 85.36, 85.25, 82.96, 82.71, 82.51, 82.35, 82.24, 82.17]]}