gis_exercise/awsData/contour/humi_2023090314.json
{"header": {"refTime": "2023-09-03T14:00:00.000Z", "nx": 21, "ny": 33, "lo1": 113.509, "la1": 22.2235, "lo2": 113.5947, "la2": 22.1034, "dx": 0.0042850000000001385, "dy": 0.003753125000000024, "parameterCategory": 0, "parameterCategoryName": "Temperature", "parameterNumber": 0}, "z": [[70.54, 70.51, 70.46, 71.18, 71.07, 69.55, 69.47, 69.4, 69.34, 69.71, 69.76, 69.78, 68.6, 68.58, 70.59, 70.86, 71.11, 71.3, 71.44, 71.53], [70.56, 70.53, 70.49, 70.43, 71.08, 70.91, 69.47, 69.35, 69.26, 69.61, 69.7, 69.72, 68.57, 68.55, 70.57, 70.91, 71.21, 71.45, 71.6, 71.69], [70.6, 70.57, 70.53, 70.48, 71.13, 70.95, 70.66, 69.32, 69.07, 69.53, 69.7, 69.65, 68.5, 68.49, 70.52, 70.97, 71.38, 71.67, 71.84, 71.9], [70.63, 70.61, 70.59, 70.55, 70.48, 71.09, 70.86, 70.47, 70.11, 69.73, 69.78, 69.53, 68.39, 69.41, 70.46, 71.12, 71.66, 72.02, 72.16, 72.16], [70.67, 70.66, 70.65, 70.63, 70.6, 71.3, 71.21, 71.09, 71.08, 70.18, 70.03, 69.37, 68.57, 69.22, 70.5, 71.4, 72.15, 72.56, 72.61, 72.48], [70.71, 70.72, 70.72, 70.72, 70.73, 70.74, 71.54, 71.6, 71.74, 71.97, 70.57, 69.76, 69.08, 68.33, 70.71, 71.86, 72.96, 73.42, 73.18, 72.81], [71.45, 70.76, 70.78, 70.8, 70.84, 70.9, 72.26, 71.92, 72.1, 72.33, 72.34, 70.39, 68.57, 68.51, 70.99, 72.33, 74.08, 74.72, 74.53, 74.02], [71.43, 71.42, 71.42, 71.43, 71.45, 72.07, 72.17, 72.22, 72.05, 72.52, 73.25, 70.54, 70.51, 68.5, 73.39, 72.64, 74.16, 74.72, 73.85, 73.26], [71.57, 71.56, 71.38, 71.37, 71.36, 71.4, 71.52, 72.2, 72.64, 72.21, 72.08, 71.34, 70.98, 71.46, 73.21, 72.35, 73.25, 73.62, 73.4, 73.07], [71.0, 71.0, 71.0, 71.47, 71.4, 71.23, 71.35, 71.52, 73.14, 73.03, 70.96, 71.8, 71.53, 71.66, 73.21, 72.06, 72.62, 72.92, 72.94, 72.8], [71.0, 71.0, 71.0, 71.0, 71.0, 71.0, 71.0, 71.0, 71.35, 72.68, 74.0, 72.09, 71.87, 71.85, 73.28, 71.83, 72.24, 72.48, 72.54, 72.5], [71.0, 71.0, 71.0, 71.0, 71.0, 71.0, 71.0, 71.0, 71.0, -999.0, 74.0, 69.0, 69.0, 72.01, 73.35, 71.59, 71.84, 75.43, 75.45, 75.45], [71.0, 71.0, 71.0, 71.0, 71.0, 71.0, 71.0, 71.0, 71.0, 71.0, -999.0, 69.0, 69.0, 72.92, 71.19, 75.64, 75.64, 75.52, 75.54, 75.55], [71.0, 71.0, 71.0, 71.0, 71.0, 71.0, 71.0, 71.0, 71.0, 71.0, -999.0, 75.0, 75.0, 75.0, 71.7, 75.55, 75.57, 75.44, 75.47, 75.49], [71.0, 71.0, 71.0, 71.0, 71.0, 71.0, 71.0, 67.0, 67.0, 67.0, 67.0, 70.07, 75.0, 75.0, 75.0, 75.46, 75.49, 75.37, 75.41, 75.44], [71.0, 71.0, 68.48, 68.44, 68.36, 67.0, 67.0, 67.0, 67.0, 67.0, 72.03, 71.46, 72.24, 72.89, 72.15, 75.37, 75.42, 75.32, 75.53, 75.57], [68.43, 68.41, 69.59, 69.52, 67.0, 67.0, 67.0, 67.0, 67.0, 67.0, 70.44, 71.43, 72.48, 73.44, 74.16, 74.73, 74.64, 74.56, 74.5, 74.45], [69.57, 69.52, 69.45, 69.35, 67.0, 67.0, 67.0, 67.0, 67.0, 69.03, 70.11, 71.31, 72.56, 74.06, 74.88, 74.77, 74.63, 74.54, 74.48, 74.43], [69.49, 69.43, 69.34, 67.0, 67.0, 67.0, 67.0, 67.0, 67.72, 68.56, 70.42, 71.46, 72.99, 73.82, 74.79, 74.7, 74.59, 74.5, 74.44, 74.4], [69.44, 69.37, 70.43, 70.26, 70.04, 69.72, 69.24, 67.99, 68.42, 69.42, 70.49, 71.38, 72.84, 73.49, 74.63, 74.59, 74.52, 74.45, 74.4, 74.36], [70.66, 70.57, 70.46, 69.48, 69.36, 69.18, 68.95, 68.71, 69.65, 70.13, 70.79, 71.41, 72.79, 74.53, 74.52, 74.5, 74.46, 74.4, 74.34, 74.3], [69.8, 69.77, 69.74, 69.7, 69.64, 69.59, 69.53, 69.08, 70.55, 70.83, 71.18, 71.54, 74.67, 74.45, 74.45, 74.46, 74.45, 74.37, 74.28, 74.24], [69.9, 69.9, 69.91, 69.18, 69.24, 69.32, 69.45, 69.64, 69.86, 69.98, 69.91, 72.02, 73.7, 74.39, 74.4, 74.47, 74.59, 74.37, 74.18, 74.15], [69.14, 69.17, 69.22, 69.29, 69.39, 69.54, 69.78, 70.14, 70.6, 70.81, 70.49, 72.24, 73.67, 73.81, 73.96, 74.41, 75.13, 74.01, 73.96, 74.04], [69.17, 69.21, 69.27, 69.36, 69.48, 69.67, 69.97, 70.47, 71.31, 72.02, 70.97, 72.03, 72.2, 73.76, 73.87, 73.94, 73.75, 73.23, 73.78, 73.96], [69.19, 69.24, 69.3, 69.38, 69.51, 69.69, 69.97, 70.42, 71.2, 71.83, 71.86, 71.65, 71.83, 73.7, 73.77, 72.86, 73.0, 72.96, 73.83, 73.95], [69.2, 69.24, 69.3, 69.37, 69.47, 69.61, 69.79, 70.03, 70.3, 70.3, 70.99, 71.0, 71.32, 71.49, 72.05, 72.46, 72.68, 72.75, 72.76, 72.72], [69.2, 69.23, 69.28, 69.33, 69.4, 69.47, 69.54, 69.56, 69.44, 69.98, 69.67, 69.51, 69.9, 70.23, 71.66, 72.09, 72.35, 72.49, 72.54, 72.55], [69.19, 69.21, 69.24, 69.28, 69.31, 69.32, 69.3, 69.18, 68.85, 68.83, 67.71, 68.82, 69.53, 69.98, 71.32, 71.76, 72.06, 72.23, 72.33, 72.37], [69.17, 69.19, 69.21, 69.22, 69.22, 69.2, 69.12, 68.96, 69.22, 68.5, 68.06, 68.76, 69.4, 69.84, 71.08, 71.51, 71.81, 72.01, 72.13, 72.2], [69.15, 69.16, 69.17, 69.17, 69.15, 69.11, 69.02, 68.87, 69.31, 68.95, 68.82, 69.07, 69.46, 69.81, 70.94, 71.33, 71.62, 71.82, 71.96, 72.05], [69.13, 69.14, 69.13, 69.12, 69.1, 69.05, 68.97, 69.69, 69.48, 69.3, 69.25, 69.37, 69.6, 69.84, 70.89, 71.22, 71.48, 71.68, 71.82, 71.92]]}