gis_exercise/awsData/contour/humi_2023090423.json
{"header": {"refTime": "2023-09-04T23:00:00.000Z", "nx": 21, "ny": 33, "lo1": 113.509, "la1": 22.2235, "lo2": 113.5947, "la2": 22.1034, "dx": 0.0042850000000001385, "dy": 0.003753125000000024, "parameterCategory": 0, "parameterCategoryName": "Temperature", "parameterNumber": 0}, "z": [[74.87, 74.79, 74.71, 70.31, 70.55, 70.38, 70.73, 71.05, 71.11, 70.48, 69.72, 69.01, 67.99, 67.6, 68.45, 68.37, 65.42, 65.52, 65.59, 65.63], [74.92, 74.83, 74.73, 74.62, 70.51, 70.88, 71.02, 71.74, 72.15, 71.14, 69.82, 68.79, 67.64, 67.25, 68.16, 65.32, 65.47, 65.59, 65.67, 65.72], [74.99, 74.89, 74.77, 74.63, 70.38, 70.77, 71.41, 72.28, 74.31, 71.67, 69.61, 68.25, 67.04, 66.75, 65.13, 65.36, 65.56, 65.71, 65.8, 65.83], [75.09, 74.99, 74.85, 74.67, 74.46, 70.44, 70.95, 71.82, 72.63, 70.76, 68.84, 67.33, 66.1, 64.39, 65.1, 65.43, 65.71, 65.89, 65.97, 65.97], [75.22, 75.13, 74.98, 74.77, 74.48, 69.95, 70.16, 70.43, 70.52, 69.23, 67.89, 64.39, 64.16, 64.34, 65.12, 65.58, 65.97, 66.18, 66.2, 66.13], [75.39, 75.32, 75.19, 74.97, 74.6, 74.06, 69.34, 69.2, 69.02, 68.77, 64.77, 64.5, 64.29, 64.0, 65.22, 65.81, 66.39, 66.63, 66.5, 66.31], [75.85, 75.59, 75.52, 75.33, 74.94, 74.2, 70.76, 68.25, 67.95, 65.95, 65.68, 64.66, 64.0, 64.0, 65.33, 66.05, 66.98, 67.32, 67.26, 67.01], [76.16, 76.23, 76.27, 76.2, 75.83, 72.83, 71.31, 69.15, 66.71, 66.0, 65.84, 64.61, 64.6, 64.0, 66.51, 66.08, 66.95, 67.27, 66.77, 66.44], [73.83, 74.07, 76.9, 77.14, 77.23, 76.63, 74.68, 70.59, 66.68, 65.93, 65.23, 64.94, 64.79, 64.98, 66.41, 65.92, 66.43, 66.64, 66.52, 66.33], [83.0, 83.0, 83.0, 75.51, 76.57, 79.37, 77.43, 74.69, 66.43, 66.49, 64.78, 65.12, 65.01, 65.06, 66.4, 65.75, 66.07, 66.24, 66.25, 66.17], [83.0, 83.0, 83.0, 83.0, 83.0, 83.0, 83.0, 83.0, 77.33, 66.66, 66.0, 65.24, 65.15, 65.14, 66.45, 65.62, 65.85, 65.99, 66.02, 66.0], [83.0, 83.0, 83.0, 83.0, 83.0, 83.0, 83.0, 83.0, 83.0, -999.0, 66.0, 64.0, 64.0, 65.2, 66.49, 65.48, 65.62, 70.84, 70.77, 70.76], [83.0, 83.0, 83.0, 83.0, 83.0, 83.0, 83.0, 83.0, 83.0, 83.0, -999.0, 64.0, 64.0, 69.88, 67.29, 69.82, 69.78, 70.4, 70.31, 70.26], [83.0, 83.0, 83.0, 83.0, 83.0, 83.0, 83.0, 83.0, 83.0, 83.0, -999.0, 73.0, 73.0, 73.0, 68.05, 70.24, 70.16, 70.78, 70.65, 70.55], [83.0, 83.0, 83.0, 83.0, 83.0, 83.0, 83.0, 76.0, 76.0, 76.0, 76.0, 74.85, 73.0, 73.0, 73.0, 70.71, 70.56, 71.14, 70.96, 70.81], [83.0, 83.0, 78.6, 78.52, 78.38, 76.0, 76.0, 76.0, 76.0, 76.0, 74.11, 74.33, 74.04, 73.79, 74.07, 72.27, 72.16, 72.35, 71.16, 71.02], [78.51, 78.46, 80.53, 80.41, 76.0, 76.0, 76.0, 76.0, 76.0, 76.0, 74.71, 74.34, 73.95, 73.59, 73.13, 74.24, 74.68, 75.04, 75.31, 75.51], [80.5, 80.42, 80.29, 80.11, 76.0, 76.0, 76.0, 76.0, 76.0, 75.24, 74.84, 74.39, 73.92, 73.18, 73.02, 74.08, 74.7, 75.12, 75.41, 75.62], [80.36, 80.25, 80.09, 76.0, 76.0, 76.0, 76.0, 76.0, 75.73, 75.42, 74.76, 74.37, 73.46, 73.2, 73.98, 74.42, 74.93, 75.31, 75.58, 75.77], [80.27, 80.15, 74.86, 74.91, 74.99, 75.09, 75.25, 75.67, 75.5, 75.14, 74.75, 74.42, 73.45, 73.19, 74.74, 74.97, 75.29, 75.58, 75.8, 75.96], [74.78, 74.81, 74.85, 75.17, 75.21, 75.27, 75.35, 75.43, 75.06, 74.89, 74.65, 74.42, 73.38, 75.23, 75.28, 75.42, 75.62, 75.85, 76.06, 76.19], [75.07, 75.08, 75.09, 75.1, 75.12, 75.14, 75.16, 74.61, 74.76, 74.66, 74.53, 74.39, 72.69, 75.6, 75.64, 75.69, 75.78, 76.06, 76.34, 76.46], [75.03, 75.03, 75.03, 74.26, 74.29, 74.32, 74.33, 74.32, 74.29, 74.24, 74.18, 73.8, 75.96, 75.88, 75.91, 75.77, 75.44, 76.17, 76.74, 76.79], [74.13, 74.14, 74.15, 74.16, 74.16, 74.16, 74.14, 74.11, 74.07, 74.03, 74.0, 72.76, 75.93, 76.21, 76.35, 76.02, 73.8, 77.41, 77.49, 77.17], [74.07, 74.07, 74.06, 74.06, 74.04, 74.02, 73.99, 73.96, 73.95, 73.95, 73.88, 72.82, 72.53, 76.29, 76.59, 76.92, 78.23, 79.93, 78.09, 77.44], [74.01, 74.0, 73.99, 73.96, 73.93, 73.89, 73.85, 73.82, 73.84, 73.87, 73.14, 72.78, 72.52, 76.35, 76.74, 76.92, 77.78, 78.25, 77.93, 77.48], [73.96, 73.94, 73.91, 73.88, 73.83, 73.78, 73.72, 73.66, 73.6, 73.53, 72.82, 72.63, 72.47, 75.56, 76.12, 76.68, 77.18, 77.45, 77.38, 77.17], [73.91, 73.88, 73.85, 73.81, 73.75, 73.68, 73.59, 73.47, 73.31, 72.59, 72.47, 74.36, 75.18, 76.1, 75.84, 76.34, 76.72, 76.94, 76.99, 76.92], [73.87, 73.84, 73.8, 73.74, 73.68, 73.59, 73.48, 73.32, 73.08, 72.31, 72.64, 73.82, 74.84, 75.75, 75.57, 76.03, 76.36, 76.58, 76.67, 76.68], [73.83, 73.8, 73.75, 73.69, 73.62, 73.53, 73.41, 73.25, 73.96, 73.37, 73.03, 73.84, 74.74, 75.55, 75.37, 75.78, 76.09, 76.3, 76.41, 76.46], [73.8, 73.76, 73.72, 73.66, 73.59, 73.5, 73.39, 73.24, 74.18, 73.9, 73.86, 74.25, 74.86, 75.5, 75.25, 75.61, 75.88, 76.08, 76.21, 76.28], [73.78, 73.74, 73.69, 73.64, 73.57, 73.49, 73.39, 74.63, 74.46, 74.35, 74.39, 74.65, 75.06, 75.54, 75.2, 75.49, 75.74, 75.92, 76.05, 76.14]]}