gis_exercise/awsData/contour/humi_2023091207.json
{"header": {"refTime": "2023-09-12T07:00:00.000Z", "nx": 21, "ny": 33, "lo1": 113.509, "la1": 22.2235, "lo2": 113.5947, "la2": 22.1034, "dx": 0.0042850000000001385, "dy": 0.003753125000000024, "parameterCategory": 0, "parameterCategoryName": "Temperature", "parameterNumber": 0}, "z": [[94.18, 94.23, 94.31, 95.92, 95.93, 94.32, 94.44, 94.54, 94.54, 95.12, 94.89, 94.66, 93.29, 93.15, 92.5, 92.4, 91.54, 91.53, 91.53, 91.53], [94.14, 94.19, 94.27, 94.36, 95.91, 95.93, 94.56, 94.8, 94.93, 95.25, 94.88, 94.52, 93.12, 92.98, 92.37, 91.53, 91.52, 91.52, 91.51, 91.51], [94.09, 94.14, 94.21, 94.3, 95.89, 95.9, 95.93, 95.01, 95.74, 95.36, 94.79, 94.26, 92.83, 92.74, 91.51, 91.51, 91.5, 91.49, 91.49, 91.49], [94.02, 94.07, 94.13, 94.21, 94.33, 95.86, 95.89, 95.93, 95.98, 95.24, 94.6, 93.8, 92.35, 92.84, 91.5, 91.5, 91.48, 91.46, 91.46, 91.47], [93.95, 93.98, 94.02, 94.09, 94.19, 95.8, 95.81, 95.85, 95.93, 95.16, 94.53, 92.76, 91.74, 92.6, 91.51, 91.49, 91.44, 91.41, 91.41, 91.44], [93.87, 93.88, 93.9, 93.94, 94.01, 94.1, 95.68, 95.67, 95.8, 96.11, 94.23, 93.27, 92.42, 91.67, 91.56, 91.48, 91.37, 91.32, 91.36, 91.41], [92.89, 93.77, 93.76, 93.77, 93.81, 93.88, 94.51, 95.32, 95.42, 95.65, 95.95, 94.12, 92.14, 92.02, 91.66, 91.48, 91.25, 91.17, 91.0, 91.0], [92.86, 92.85, 92.84, 92.85, 92.9, 94.15, 94.34, 94.43, 94.39, 95.86, 97.1, 94.54, 94.51, 91.99, 91.74, 91.96, 91.52, 91.37, 91.61, 91.78], [93.15, 93.12, 92.76, 92.73, 92.72, 92.8, 93.04, 94.4, 95.27, 95.49, 96.08, 95.34, 94.98, 95.46, 91.8, 92.04, 91.79, 91.68, 91.74, 91.84], [92.0, 92.0, 92.0, 92.94, 92.8, 92.45, 92.7, 93.04, 96.27, 96.05, 94.96, 95.8, 95.53, 95.66, 91.8, 92.13, 91.96, 91.88, 91.88, 91.91], [92.0, 92.0, 92.0, 92.0, 92.0, 92.0, 92.0, 92.0, 92.71, 95.37, 98.0, 96.09, 95.87, 95.85, 91.78, 92.19, 92.07, 92.0, 91.99, 92.0], [92.0, 92.0, 92.0, 92.0, 92.0, 92.0, 92.0, 92.0, 92.0, -999.0, 98.0, 93.0, 93.0, 96.01, 91.76, 92.26, 92.19, 95.55, 95.44, 95.41], [92.0, 92.0, 92.0, 92.0, 92.0, 92.0, 92.0, 92.0, 92.0, 92.0, -999.0, 93.0, 93.0, 96.92, 95.19, 93.91, 93.85, 94.84, 94.7, 94.61], [92.0, 92.0, 92.0, 92.0, 92.0, 92.0, 92.0, 92.0, 92.0, 92.0, -999.0, 99.0, 99.0, 99.0, 95.7, 94.58, 94.45, 95.46, 95.24, 95.08], [92.0, 92.0, 92.0, 92.0, 92.0, 92.0, 92.0, 91.0, 91.0, 91.0, 91.0, 94.07, 99.0, 99.0, 99.0, 95.34, 95.1, 96.02, 95.73, 95.5], [92.0, 92.0, 91.37, 91.36, 91.34, 91.0, 91.0, 91.0, 91.0, 91.0, 96.03, 95.46, 96.24, 96.89, 96.15, 97.53, 97.31, 97.7, 95.84, 95.61], [91.36, 91.35, 91.65, 91.63, 91.0, 91.0, 91.0, 91.0, 91.0, 91.0, 94.44, 95.43, 96.48, 97.44, 97.6, 98.1, 97.78, 97.53, 97.35, 97.23], [91.64, 91.63, 91.61, 91.59, 91.0, 91.0, 91.0, 91.0, 91.0, 93.03, 94.11, 95.31, 96.56, 97.52, 98.8, 98.2, 97.74, 97.45, 97.27, 97.15], [91.62, 91.61, 91.58, 91.0, 91.0, 91.0, 91.0, 91.0, 91.72, 92.56, 94.23, 95.27, 96.08, 97.06, 98.26, 97.93, 97.55, 97.29, 97.13, 97.04], [91.61, 91.59, 93.86, 93.72, 93.53, 93.27, 92.86, 91.82, 92.31, 93.25, 94.27, 95.15, 95.72, 96.35, 97.66, 97.47, 97.23, 97.05, 96.95, 96.9], [94.05, 93.98, 93.88, 93.07, 92.96, 92.82, 92.63, 92.43, 93.42, 93.87, 94.5, 95.12, 95.42, 97.28, 97.19, 97.03, 96.86, 96.77, 96.75, 96.76], [93.33, 93.31, 93.28, 93.25, 93.2, 93.15, 93.11, 93.08, 94.19, 94.45, 94.81, 95.18, 96.74, 96.99, 96.84, 96.64, 96.49, 96.48, 96.55, 96.62], [93.42, 93.42, 93.42, 93.32, 93.35, 93.39, 93.47, 93.6, 93.76, 93.87, 93.85, 94.26, 95.96, 96.77, 96.59, 96.33, 96.08, 96.2, 96.4, 96.53], [93.36, 93.38, 93.41, 93.45, 93.51, 93.62, 93.78, 94.04, 94.36, 94.52, 94.33, 95.01, 95.97, 95.95, 95.92, 96.19, 95.54, 96.19, 96.38, 96.49], [93.41, 93.44, 93.48, 93.54, 93.63, 93.77, 93.99, 94.33, 94.9, 95.37, 94.71, 94.98, 94.85, 95.97, 95.97, 95.97, 96.32, 96.54, 96.45, 96.5], [93.45, 93.49, 93.54, 93.61, 93.7, 93.84, 94.05, 94.37, 94.88, 95.29, 95.13, 94.85, 94.73, 95.99, 96.0, 95.58, 95.82, 95.92, 96.48, 96.52], [93.49, 93.52, 93.58, 93.64, 93.73, 93.85, 94.0, 94.19, 94.4, 94.43, 94.68, 94.56, 94.56, 94.93, 95.2, 95.43, 95.6, 95.68, 95.66, 95.61], [93.51, 93.55, 93.59, 93.65, 93.72, 93.81, 93.9, 93.97, 93.97, 94.24, 94.07, 94.48, 94.77, 95.05, 95.04, 95.26, 95.41, 95.5, 95.52, 95.51], [93.52, 93.56, 93.6, 93.65, 93.7, 93.75, 93.79, 93.79, 93.7, 93.73, 93.41, 94.09, 94.56, 94.89, 94.89, 95.11, 95.26, 95.35, 95.39, 95.41], [93.53, 93.56, 93.6, 93.63, 93.67, 93.7, 93.71, 93.68, 94.29, 93.88, 93.63, 94.06, 94.48, 94.8, 94.79, 94.99, 95.13, 95.23, 95.29, 95.32], [93.53, 93.56, 93.59, 93.62, 93.64, 93.66, 93.65, 93.62, 94.36, 94.16, 94.09, 94.26, 94.53, 94.78, 94.73, 94.9, 95.04, 95.13, 95.2, 95.24], [93.53, 93.55, 93.58, 93.6, 93.62, 93.62, 93.62, 94.6, 94.48, 94.38, 94.36, 94.46, 94.62, 94.8, 94.7, 94.85, 94.97, 95.06, 95.13, 95.17]]}