gis_exercise/awsData/contour/humi_2023090404.json
{"header": {"refTime": "2023-09-04T04:00:00.000Z", "nx": 21, "ny": 33, "lo1": 113.509, "la1": 22.2235, "lo2": 113.5947, "la2": 22.1034, "dx": 0.0042850000000001385, "dy": 0.003753125000000024, "parameterCategory": 0, "parameterCategoryName": "Temperature", "parameterNumber": 0}, "z": [[79.74, 79.75, 79.77, 79.04, 79.14, 78.11, 78.31, 78.5, 78.51, 78.4, 77.92, 77.45, 76.14, 75.88, 76.26, 76.21, 74.33, 74.4, 74.46, 74.49], [79.73, 79.74, 79.75, 79.78, 79.12, 79.28, 78.51, 78.94, 79.18, 78.78, 77.95, 77.26, 75.88, 75.62, 76.05, 74.26, 74.37, 74.45, 74.51, 74.55], [79.72, 79.72, 79.73, 79.75, 79.06, 79.22, 79.5, 79.3, 80.56, 79.09, 77.8, 76.87, 75.44, 75.24, 74.1, 74.28, 74.42, 74.53, 74.59, 74.62], [79.71, 79.71, 79.7, 79.7, 79.71, 79.07, 79.29, 79.67, 80.01, 78.59, 77.34, 76.17, 74.73, 74.22, 74.08, 74.32, 74.52, 74.65, 74.7, 74.71], [79.71, 79.69, 79.67, 79.65, 79.62, 78.85, 78.94, 79.06, 79.13, 77.84, 76.85, 74.17, 73.49, 74.05, 74.1, 74.43, 74.7, 74.84, 74.86, 74.82], [79.71, 79.69, 79.66, 79.62, 79.54, 79.42, 78.55, 78.49, 78.47, 78.47, 75.19, 74.51, 73.93, 73.33, 74.19, 74.6, 74.98, 75.13, 75.05, 74.93], [79.21, 79.71, 79.68, 79.62, 79.52, 79.32, 78.26, 77.98, 77.9, 76.87, 76.79, 75.06, 73.57, 73.51, 74.33, 74.77, 75.36, 75.57, 75.45, 75.26], [79.29, 79.31, 79.32, 79.3, 79.21, 78.74, 78.36, 77.76, 76.94, 77.02, 77.45, 75.23, 75.21, 73.5, 75.26, 75.04, 75.48, 75.63, 75.39, 75.22], [78.71, 78.77, 79.48, 79.54, 79.56, 79.41, 78.92, 78.17, 77.32, 76.79, 76.46, 75.87, 75.59, 75.97, 75.2, 74.96, 75.21, 75.32, 75.26, 75.16], [81.0, 81.0, 81.0, 79.13, 79.39, 80.09, 79.61, 78.92, 77.57, 77.51, 75.57, 76.24, 76.02, 76.13, 75.2, 74.87, 75.04, 75.12, 75.12, 75.09], [81.0, 81.0, 81.0, 81.0, 81.0, 81.0, 81.0, 81.0, 79.58, 77.34, 78.0, 76.48, 76.3, 76.28, 75.22, 74.81, 74.93, 75.0, 75.01, 75.0], [81.0, 81.0, 81.0, 81.0, 81.0, 81.0, 81.0, 81.0, 81.0, -999.0, 78.0, 74.0, 74.0, 76.41, 75.24, 74.74, 74.81, 78.27, 78.22, 78.2], [81.0, 81.0, 81.0, 81.0, 81.0, 81.0, 81.0, 81.0, 81.0, 81.0, -999.0, 74.0, 74.0, 77.92, 76.19, 77.46, 77.43, 77.92, 77.85, 77.81], [81.0, 81.0, 81.0, 81.0, 81.0, 81.0, 81.0, 81.0, 81.0, 81.0, -999.0, 80.0, 80.0, 80.0, 76.7, 77.79, 77.73, 78.23, 78.12, 78.04], [81.0, 81.0, 81.0, 81.0, 81.0, 81.0, 81.0, 83.0, 83.0, 83.0, 83.0, 81.85, 80.0, 80.0, 80.0, 78.17, 78.05, 78.51, 78.37, 78.25], [81.0, 81.0, 82.26, 82.28, 82.32, 83.0, 83.0, 83.0, 83.0, 83.0, 81.11, 81.33, 81.04, 80.79, 81.07, 80.73, 80.84, 80.65, 79.51, 79.47], [82.28, 82.3, 81.71, 81.74, 83.0, 83.0, 83.0, 83.0, 83.0, 83.0, 81.71, 81.34, 80.95, 80.59, 80.58, 81.16, 81.57, 81.89, 82.13, 82.3], [81.71, 81.74, 81.77, 81.83, 83.0, 83.0, 83.0, 83.0, 83.0, 82.24, 81.84, 81.39, 80.92, 80.61, 80.08, 81.02, 81.6, 81.98, 82.23, 82.4], [81.75, 81.79, 81.83, 83.0, 83.0, 83.0, 83.0, 83.0, 82.73, 82.42, 82.32, 81.96, 81.18, 80.8, 80.93, 81.35, 81.83, 82.17, 82.4, 82.54], [81.78, 81.81, 83.57, 83.54, 83.51, 83.45, 83.37, 83.16, 82.83, 82.66, 82.41, 82.11, 81.34, 81.11, 81.68, 81.91, 82.21, 82.46, 82.62, 82.72], [83.61, 83.6, 83.58, 83.41, 83.39, 83.36, 83.33, 83.29, 82.77, 82.67, 82.5, 82.28, 81.48, 82.15, 82.23, 82.41, 82.61, 82.77, 82.87, 82.92], [83.47, 83.46, 83.46, 83.45, 83.44, 83.43, 83.42, 82.65, 82.84, 82.78, 82.65, 82.46, 81.94, 82.51, 82.63, 82.79, 82.94, 83.06, 83.13, 83.13], [83.48, 83.48, 83.48, 82.35, 82.41, 82.48, 82.56, 82.65, 82.72, 82.73, 82.64, 83.18, 83.93, 82.78, 82.92, 83.04, 83.09, 83.31, 83.4, 83.33], [82.2, 82.23, 82.26, 82.3, 82.35, 82.43, 82.53, 82.68, 82.87, 82.94, 82.75, 82.26, 83.94, 83.91, 83.85, 83.25, 82.78, 83.83, 83.72, 83.52], [82.16, 82.18, 82.2, 82.23, 82.28, 82.35, 82.47, 82.69, 83.1, 83.46, 82.87, 82.24, 81.98, 83.95, 83.93, 83.95, 84.08, 84.63, 83.93, 83.63], [82.11, 82.12, 82.13, 82.15, 82.19, 82.24, 82.34, 82.53, 82.93, 83.29, 82.51, 82.01, 81.8, 83.98, 84.0, 83.32, 83.74, 83.92, 83.84, 83.62], [82.06, 82.06, 82.06, 82.07, 82.07, 82.08, 82.11, 82.17, 82.25, 82.18, 81.75, 81.55, 81.51, 82.22, 82.67, 83.06, 83.36, 83.5, 83.47, 83.37], [82.01, 82.0, 81.99, 81.97, 81.95, 81.91, 81.86, 81.75, 81.54, 81.03, 80.75, 81.51, 82.03, 82.52, 82.4, 82.78, 83.04, 83.19, 83.23, 83.2], [81.96, 81.94, 81.92, 81.88, 81.83, 81.75, 81.63, 81.41, 81.01, 80.19, 79.7, 80.85, 81.66, 82.24, 82.16, 82.52, 82.78, 82.94, 83.01, 83.03], [81.92, 81.89, 81.85, 81.8, 81.73, 81.63, 81.48, 81.23, 81.18, 80.49, 80.07, 80.81, 81.53, 82.08, 81.98, 82.32, 82.57, 82.73, 82.83, 82.88], [81.88, 81.84, 81.8, 81.74, 81.66, 81.55, 81.4, 81.18, 81.31, 80.97, 80.86, 81.16, 81.61, 82.04, 81.88, 82.18, 82.41, 82.57, 82.68, 82.74], [81.84, 81.81, 81.76, 81.7, 81.62, 81.52, 81.38, 81.72, 81.51, 81.35, 81.32, 81.49, 81.77, 82.08, 81.84, 82.09, 82.29, 82.44, 82.55, 82.63]]}