gis_exercise/awsData/contour/humi_2023090800.json
{"header": {"refTime": "2023-09-08T00:00:00.000Z", "nx": 21, "ny": 33, "lo1": 113.509, "la1": 22.2235, "lo2": 113.5947, "la2": 22.1034, "dx": 0.0042850000000001385, "dy": 0.003753125000000024, "parameterCategory": 0, "parameterCategoryName": "Temperature", "parameterNumber": 0}, "z": [[95.77, 95.81, 95.85, 96.92, 96.93, 95.79, 95.88, 95.96, 95.97, 96.63, 96.51, 96.38, 95.33, 95.24, 95.19, 95.16, 94.62, 94.65, 94.66, 94.67], [95.75, 95.78, 95.82, 95.88, 96.91, 96.93, 95.96, 96.14, 96.25, 96.68, 96.49, 96.29, 95.23, 95.14, 95.11, 94.59, 94.63, 94.66, 94.67, 94.69], [95.72, 95.75, 95.79, 95.84, 96.89, 96.9, 96.93, 96.29, 96.82, 96.73, 96.44, 96.13, 95.05, 94.99, 94.54, 94.6, 94.64, 94.67, 94.69, 94.7], [95.69, 95.71, 95.74, 95.78, 95.84, 96.86, 96.89, 96.93, 96.98, 96.7, 96.35, 95.85, 94.77, 95.22, 94.53, 94.61, 94.67, 94.7, 94.72, 94.73], [95.65, 95.66, 95.68, 95.71, 95.75, 96.8, 96.81, 96.85, 96.93, 96.73, 96.35, 95.17, 94.49, 95.05, 94.53, 94.64, 94.71, 94.75, 94.76, 94.75], [95.61, 95.61, 95.62, 95.62, 95.64, 95.66, 96.68, 96.67, 96.8, 97.11, 96.19, 95.51, 94.93, 94.33, 94.59, 94.69, 94.78, 94.82, 94.8, 94.78], [95.0, 95.56, 95.55, 95.54, 95.53, 95.52, 96.01, 96.32, 96.42, 96.84, 97.2, 96.06, 94.57, 94.51, 94.66, 94.75, 94.87, 94.91, 94.82, 94.75], [95.0, 95.0, 95.0, 95.0, 95.0, 95.91, 95.9, 95.72, 95.45, 97.03, 98.21, 96.23, 96.21, 94.5, 95.0, 95.0, 95.0, 95.0, 95.0, 95.0], [95.0, 95.0, 95.0, 95.0, 95.0, 95.0, 95.0, 95.88, 96.27, 96.7, 97.46, 96.87, 96.59, 96.97, 95.0, 95.0, 95.0, 95.0, 95.0, 95.0], [95.0, 95.0, 95.0, 95.0, 95.0, 95.0, 95.0, 95.0, 97.27, 97.05, 96.57, 97.24, 97.02, 97.13, 95.0, 95.0, 95.0, 95.0, 95.0, 95.0], [95.0, 95.0, 95.0, 95.0, 95.0, 95.0, 95.0, 95.0, 95.0, 96.37, 99.0, 97.48, 97.3, 97.28, 95.0, 95.0, 95.0, 95.0, 95.0, 95.0], [95.0, 95.0, 95.0, 95.0, 95.0, 95.0, 95.0, 95.0, 95.0, -999.0, 99.0, 95.0, 95.0, 97.41, 95.0, 95.0, 95.0, 97.27, 97.22, 97.2], [95.0, 95.0, 95.0, 95.0, 95.0, 95.0, 95.0, 95.0, 95.0, 95.0, -999.0, 95.0, 95.0, 97.61, 96.46, 96.46, 96.43, 96.92, 96.85, 96.81], [95.0, 95.0, 95.0, 95.0, 95.0, 95.0, 95.0, 95.0, 95.0, 95.0, -999.0, 99.0, 99.0, 99.0, 96.8, 96.79, 96.73, 97.23, 97.12, 97.04], [95.0, 95.0, 95.0, 95.0, 95.0, 95.0, 95.0, 95.0, 95.0, 95.0, 95.0, 96.54, 99.0, 99.0, 99.0, 97.17, 97.05, 97.51, 97.37, 97.25], [95.0, 95.0, 95.0, 95.0, 95.0, 95.0, 95.0, 95.0, 95.0, 95.0, 97.52, 97.23, 97.62, 97.95, 97.57, 98.27, 98.16, 98.35, 97.42, 97.3], [95.0, 95.0, 95.0, 95.0, 95.0, 95.0, 95.0, 95.0, 95.0, 95.0, 96.72, 97.22, 97.74, 98.22, 98.3, 98.55, 98.39, 98.26, 98.18, 98.11], [95.0, 95.0, 95.0, 95.0, 95.0, 95.0, 95.0, 95.0, 95.0, 96.02, 96.55, 97.15, 97.78, 98.26, 98.9, 98.6, 98.37, 98.23, 98.13, 98.07], [95.0, 95.0, 95.0, 95.0, 95.0, 95.0, 95.0, 95.0, 95.36, 95.78, 96.52, 97.04, 97.54, 98.03, 98.63, 98.46, 98.27, 98.14, 98.07, 98.02], [95.0, 95.0, 96.14, 96.09, 96.01, 95.91, 95.75, 95.33, 95.6, 96.04, 96.52, 96.96, 97.36, 97.68, 98.33, 98.23, 98.11, 98.02, 97.97, 97.95], [96.22, 96.19, 96.15, 95.83, 95.79, 95.73, 95.65, 95.57, 96.09, 96.31, 96.61, 96.92, 97.21, 98.14, 98.1, 98.01, 97.93, 97.88, 97.87, 97.88], [95.93, 95.92, 95.91, 95.9, 95.88, 95.86, 95.84, 95.69, 96.41, 96.54, 96.72, 96.91, 97.71, 97.99, 97.92, 97.82, 97.74, 97.74, 97.77, 97.81], [95.97, 95.97, 95.97, 95.73, 95.75, 95.77, 95.82, 95.88, 95.95, 95.99, 95.97, 96.41, 97.3, 97.89, 97.79, 97.66, 97.54, 97.6, 97.7, 97.76], [95.71, 95.72, 95.74, 95.76, 95.8, 95.85, 95.93, 96.05, 96.2, 96.27, 96.16, 96.5, 97.29, 97.34, 97.37, 97.59, 97.27, 97.59, 97.69, 97.74], [95.72, 95.74, 95.76, 95.79, 95.83, 95.89, 95.99, 96.16, 96.44, 96.67, 96.32, 96.46, 96.43, 97.34, 97.38, 97.43, 97.66, 97.77, 97.72, 97.75], [95.73, 95.75, 95.77, 95.79, 95.84, 95.9, 95.99, 96.14, 96.4, 96.61, 96.5, 96.36, 96.34, 97.34, 97.39, 97.14, 97.3, 97.36, 97.74, 97.76], [95.73, 95.75, 95.77, 95.79, 95.82, 95.87, 95.93, 96.01, 96.1, 96.1, 96.2, 96.16, 96.2, 96.61, 96.83, 97.01, 97.14, 97.19, 97.18, 97.14], [95.73, 95.74, 95.76, 95.78, 95.8, 95.82, 95.85, 95.85, 95.81, 95.89, 95.78, 96.03, 96.25, 96.47, 96.69, 96.87, 96.99, 97.06, 97.07, 97.06], [95.73, 95.74, 95.75, 95.76, 95.77, 95.77, 95.77, 95.73, 95.62, 95.53, 95.29, 95.76, 96.1, 96.35, 96.57, 96.74, 96.86, 96.94, 96.98, 96.99], [95.72, 95.73, 95.74, 95.74, 95.74, 95.73, 95.71, 95.65, 95.9, 95.61, 95.44, 95.75, 96.05, 96.28, 96.48, 96.65, 96.76, 96.84, 96.89, 96.91], [95.72, 95.72, 95.72, 95.72, 95.72, 95.7, 95.67, 95.62, 95.95, 95.81, 95.77, 95.89, 96.08, 96.27, 96.43, 96.58, 96.69, 96.77, 96.82, 96.85], [95.71, 95.71, 95.71, 95.71, 95.7, 95.68, 95.66, 96.12, 96.04, 95.97, 95.96, 96.03, 96.15, 96.28, 96.41, 96.53, 96.63, 96.71, 96.76, 96.8]]}