gis_exercise/awsData/contour/humi_2023090806.json
{"header": {"refTime": "2023-09-08T06:00:00.000Z", "nx": 21, "ny": 33, "lo1": 113.509, "la1": 22.2235, "lo2": 113.5947, "la2": 22.1034, "dx": 0.0042850000000001385, "dy": 0.003753125000000024, "parameterCategory": 0, "parameterCategoryName": "Temperature", "parameterNumber": 0}, "z": [[98.09, 98.12, 98.15, 98.96, 98.96, 98.05, 98.11, 98.16, 98.16, 98.43, 98.29, 98.15, 97.33, 97.24, 96.04, 95.87, 95.2, 95.13, 95.07, 95.04], [98.07, 98.1, 98.13, 98.18, 98.96, 98.96, 98.18, 98.32, 98.39, 98.52, 98.29, 98.07, 97.23, 97.14, 95.96, 95.27, 95.16, 95.06, 95.0, 94.97], [98.04, 98.07, 98.1, 98.15, 98.94, 98.95, 98.96, 98.44, 98.85, 98.59, 98.23, 97.91, 97.05, 96.99, 95.41, 95.24, 95.08, 94.96, 94.9, 94.88], [98.01, 98.03, 98.06, 98.11, 98.17, 98.93, 98.94, 98.97, 98.99, 98.51, 98.12, 97.64, 96.77, 97.02, 95.42, 95.17, 94.95, 94.81, 94.76, 94.76], [97.98, 97.99, 98.01, 98.04, 98.09, 98.9, 98.9, 98.92, 98.96, 98.44, 98.06, 96.98, 96.41, 96.89, 95.41, 95.06, 94.74, 94.57, 94.56, 94.62], [97.93, 97.94, 97.95, 97.97, 98.0, 98.05, 98.84, 98.83, 98.9, 99.05, 97.81, 97.26, 96.79, 96.33, 95.37, 94.88, 94.39, 94.19, 94.3, 94.47], [97.45, 97.88, 97.88, 97.88, 97.9, 97.94, 98.26, 98.66, 98.71, 98.73, 98.85, 97.73, 96.57, 96.51, 95.33, 94.7, 93.89, 93.59, 93.55, 93.74], [97.43, 97.42, 97.42, 97.43, 97.45, 98.07, 98.17, 98.22, 98.17, 98.85, 99.49, 97.92, 97.9, 96.5, 94.49, 94.92, 94.05, 93.73, 94.23, 94.56], [97.57, 97.56, 97.38, 97.37, 97.36, 97.4, 97.52, 98.2, 98.64, 98.64, 98.85, 98.41, 98.19, 98.48, 94.59, 95.08, 94.57, 94.36, 94.48, 94.67], [97.0, 97.0, 97.0, 97.47, 97.4, 97.23, 97.35, 97.52, 99.14, 99.03, 98.18, 98.68, 98.52, 98.6, 94.6, 95.25, 94.93, 94.76, 94.75, 94.83], [97.0, 97.0, 97.0, 97.0, 97.0, 97.0, 97.0, 97.0, 97.35, 98.68, 100.0, 98.86, 98.72, 98.71, 94.55, 95.38, 95.15, 95.01, 94.98, 95.0], [97.0, 97.0, 97.0, 97.0, 97.0, 97.0, 97.0, 97.0, 97.0, -999.0, 100.0, 97.0, 97.0, 98.81, 94.51, 95.52, 95.38, 96.98, 96.88, 96.86], [97.0, 97.0, 97.0, 97.0, 97.0, 97.0, 97.0, 97.0, 97.0, 97.0, -999.0, 97.0, 97.0, 98.96, 98.1, 95.55, 95.5, 96.36, 96.24, 96.16], [97.0, 97.0, 97.0, 97.0, 97.0, 97.0, 97.0, 97.0, 97.0, 97.0, -999.0, 100.0, 100.0, 100.0, 98.35, 96.13, 96.02, 96.9, 96.71, 96.57], [97.0, 97.0, 97.0, 97.0, 97.0, 97.0, 97.0, 96.0, 96.0, 96.0, 96.0, 97.54, 100.0, 100.0, 100.0, 96.8, 96.59, 97.39, 97.14, 96.93], [97.0, 97.0, 96.37, 96.36, 96.34, 96.0, 96.0, 96.0, 96.0, 96.0, 98.52, 98.23, 98.62, 98.95, 98.57, 98.53, 98.31, 98.7, 97.1, 96.88], [96.36, 96.35, 96.65, 96.63, 96.0, 96.0, 96.0, 96.0, 96.0, 96.0, 97.72, 98.22, 98.74, 99.22, 99.08, 99.1, 98.78, 98.53, 98.35, 98.23], [96.64, 96.63, 96.61, 96.59, 96.0, 96.0, 96.0, 96.0, 96.0, 97.02, 97.55, 98.15, 98.78, 99.05, 99.86, 99.2, 98.74, 98.45, 98.27, 98.15], [96.62, 96.61, 96.58, 96.0, 96.0, 96.0, 96.0, 96.0, 96.36, 96.78, 97.52, 98.04, 98.18, 98.73, 99.26, 98.93, 98.55, 98.29, 98.13, 98.04], [96.61, 96.59, 97.14, 97.09, 97.01, 96.91, 96.75, 96.33, 96.6, 97.04, 97.52, 97.96, 97.91, 98.22, 98.66, 98.47, 98.23, 98.05, 97.95, 97.9], [97.22, 97.19, 97.15, 96.83, 96.79, 96.73, 96.65, 96.57, 97.09, 97.31, 97.61, 97.92, 97.66, 98.28, 98.19, 98.03, 97.86, 97.77, 97.75, 97.76], [96.93, 96.92, 96.91, 96.9, 96.88, 96.86, 96.84, 96.87, 97.41, 97.54, 97.72, 97.91, 98.07, 97.99, 97.84, 97.64, 97.49, 97.48, 97.55, 97.62], [96.97, 96.97, 96.97, 96.98, 96.99, 97.0, 97.03, 97.08, 97.14, 97.19, 97.18, 96.88, 97.33, 97.77, 97.59, 97.33, 97.08, 97.2, 97.4, 97.53], [97.0, 97.01, 97.02, 97.03, 97.06, 97.1, 97.16, 97.26, 97.38, 97.44, 97.37, 97.26, 97.36, 97.24, 97.11, 97.19, 96.54, 97.19, 97.38, 97.49], [97.02, 97.04, 97.05, 97.08, 97.11, 97.16, 97.25, 97.38, 97.59, 97.77, 97.52, 97.31, 97.11, 97.27, 97.16, 97.09, 97.32, 97.54, 97.45, 97.5], [97.04, 97.06, 97.08, 97.11, 97.14, 97.2, 97.28, 97.4, 97.59, 97.74, 97.51, 97.29, 97.13, 97.31, 97.22, 97.04, 97.13, 97.19, 97.48, 97.52], [97.06, 97.08, 97.1, 97.12, 97.16, 97.21, 97.27, 97.34, 97.42, 97.44, 97.35, 97.23, 97.12, 97.0, 97.02, 97.05, 97.09, 97.11, 97.11, 97.08], [97.07, 97.09, 97.11, 97.13, 97.16, 97.2, 97.24, 97.27, 97.28, 97.24, 97.18, 97.44, 97.52, 97.59, 97.02, 97.04, 97.06, 97.08, 97.08, 97.07], [97.08, 97.09, 97.11, 97.13, 97.16, 97.18, 97.2, 97.21, 97.19, 97.12, 97.12, 97.32, 97.45, 97.54, 97.02, 97.04, 97.05, 97.06, 97.06, 97.06], [97.08, 97.1, 97.11, 97.13, 97.15, 97.17, 97.18, 97.18, 97.39, 97.26, 97.19, 97.31, 97.43, 97.52, 97.02, 97.03, 97.04, 97.04, 97.05, 97.05], [97.09, 97.1, 97.11, 97.13, 97.14, 97.15, 97.16, 97.16, 97.41, 97.35, 97.32, 97.37, 97.44, 97.51, 97.02, 97.03, 97.03, 97.04, 97.04, 97.04], [97.09, 97.1, 97.11, 97.12, 97.13, 97.14, 97.15, 97.48, 97.44, 97.41, 97.4, 97.43, 97.47, 97.52, 97.02, 97.02, 97.03, 97.03, 97.03, 97.03]]}