gis_exercise/awsData/contour/humi_2023091303.json
{"header": {"refTime": "2023-09-13T03:00:00.000Z", "nx": 21, "ny": 33, "lo1": 113.509, "la1": 22.2235, "lo2": 113.5947, "la2": 22.1034, "dx": 0.0042850000000001385, "dy": 0.003753125000000024, "parameterCategory": 0, "parameterCategoryName": "Temperature", "parameterNumber": 0}, "z": [[91.4, 91.43, 91.46, 93.03, 92.98, 91.07, 91.12, 91.15, 91.13, 91.76, 91.63, 91.48, 89.93, 89.82, 90.35, 90.41, 89.96, 90.05, 90.12, 90.16], [91.39, 91.41, 91.45, 91.49, 92.97, 92.9, 91.2, 91.32, 91.37, 91.79, 91.59, 91.35, 89.79, 89.69, 90.24, 89.85, 90.0, 90.11, 90.19, 90.23], [91.36, 91.39, 91.42, 91.47, 92.98, 92.9, 92.78, 91.46, 91.85, 91.84, 91.52, 91.13, 89.56, 89.49, 89.64, 89.87, 90.07, 90.2, 90.28, 90.32], [91.33, 91.36, 91.39, 91.43, 91.49, 92.94, 92.85, 92.68, 92.54, 91.85, 91.44, 90.74, 89.16, 90.04, 89.6, 89.93, 90.19, 90.35, 90.42, 90.43], [91.3, 91.32, 91.34, 91.38, 91.44, 93.0, 92.96, 92.93, 92.98, 92.03, 91.51, 89.95, 88.81, 89.77, 89.63, 90.07, 90.41, 90.59, 90.62, 90.57], [91.26, 91.27, 91.28, 91.32, 91.37, 91.45, 93.03, 93.05, 93.22, 93.57, 91.61, 90.52, 89.57, 88.67, 89.78, 90.29, 90.76, 90.95, 90.86, 90.71], [90.89, 91.21, 91.21, 91.23, 91.27, 91.36, 92.51, 92.95, 93.12, 93.45, 93.69, 91.45, 89.14, 89.02, 89.99, 90.52, 91.23, 91.49, 91.26, 91.01], [90.86, 90.85, 90.84, 90.85, 90.9, 92.15, 92.34, 92.43, 92.34, 93.7, 94.98, 91.84, 91.81, 88.99, 91.26, 91.04, 91.48, 91.63, 91.39, 91.22], [91.15, 91.12, 90.76, 90.73, 90.72, 90.8, 91.04, 92.4, 93.27, 93.28, 93.69, 92.81, 92.38, 92.95, 91.2, 90.96, 91.21, 91.32, 91.26, 91.16], [90.0, 90.0, 90.0, 90.94, 90.8, 90.45, 90.7, 91.04, 94.27, 94.05, 92.35, 93.36, 93.04, 93.19, 91.2, 90.87, 91.04, 91.12, 91.12, 91.09], [90.0, 90.0, 90.0, 90.0, 90.0, 90.0, 90.0, 90.0, 90.71, 93.37, 96.0, 93.71, 93.44, 93.43, 91.22, 90.81, 90.93, 91.0, 91.01, 91.0], [90.0, 90.0, 90.0, 90.0, 90.0, 90.0, 90.0, 90.0, 90.0, -999.0, 96.0, 90.0, 90.0, 93.61, 91.24, 90.74, 90.81, 94.84, 94.77, 94.76], [90.0, 90.0, 90.0, 90.0, 90.0, 90.0, 90.0, 90.0, 90.0, 90.0, -999.0, 90.0, 90.0, 94.57, 92.56, 93.82, 93.78, 94.4, 94.31, 94.26], [90.0, 90.0, 90.0, 90.0, 90.0, 90.0, 90.0, 90.0, 90.0, 90.0, -999.0, 97.0, 97.0, 97.0, 93.15, 94.24, 94.16, 94.78, 94.65, 94.55], [90.0, 90.0, 90.0, 90.0, 90.0, 90.0, 90.0, 88.0, 88.0, 88.0, 88.0, 91.46, 97.0, 97.0, 97.0, 94.71, 94.56, 95.14, 94.96, 94.81], [90.0, 90.0, 88.74, 88.72, 88.68, 88.0, 88.0, 88.0, 88.0, 88.0, 93.66, 93.02, 93.89, 94.63, 93.79, 95.53, 95.31, 95.7, 94.61, 94.44], [88.72, 88.7, 89.29, 89.26, 88.0, 88.0, 88.0, 88.0, 88.0, 88.0, 91.87, 92.99, 94.16, 95.24, 95.48, 95.82, 95.4, 95.07, 94.83, 94.66], [89.29, 89.26, 89.23, 89.17, 88.0, 88.0, 88.0, 88.0, 88.0, 90.29, 91.49, 92.84, 94.25, 95.39, 96.78, 95.95, 95.35, 94.97, 94.72, 94.56], [89.25, 89.21, 89.17, 88.0, 88.0, 88.0, 88.0, 88.0, 88.81, 89.75, 91.71, 92.88, 93.81, 94.89, 96.03, 95.6, 95.1, 94.76, 94.55, 94.41], [89.22, 89.19, 91.43, 91.26, 91.04, 90.72, 90.24, 88.99, 89.51, 90.59, 91.76, 92.75, 93.42, 94.14, 95.26, 95.01, 94.7, 94.46, 94.31, 94.23], [91.66, 91.57, 91.46, 90.48, 90.36, 90.18, 89.95, 89.71, 90.81, 91.33, 92.05, 92.74, 93.11, 94.77, 94.66, 94.46, 94.25, 94.11, 94.05, 94.04], [90.8, 90.77, 90.74, 90.7, 90.64, 90.59, 90.53, 90.78, 91.72, 92.02, 92.42, 92.84, 94.74, 94.39, 94.21, 94.0, 93.82, 93.76, 93.79, 93.85], [90.9, 90.9, 90.91, 91.19, 91.2, 91.23, 91.3, 91.44, 91.62, 91.75, 91.76, 91.97, 93.37, 94.11, 93.9, 93.65, 93.43, 93.44, 93.56, 93.69], [91.3, 91.31, 91.33, 91.37, 91.43, 91.54, 91.71, 91.98, 92.33, 92.51, 92.32, 93.25, 93.39, 93.28, 93.19, 93.45, 93.12, 93.22, 93.42, 93.58], [91.38, 91.41, 91.45, 91.52, 91.61, 91.76, 91.99, 92.35, 92.93, 93.39, 92.77, 93.25, 93.13, 93.3, 93.2, 93.12, 93.23, 93.18, 93.39, 93.55], [91.45, 91.49, 91.55, 91.63, 91.74, 91.9, 92.12, 92.46, 92.96, 93.35, 93.38, 93.17, 93.07, 93.31, 93.22, 92.85, 92.89, 92.91, 93.45, 93.56], [91.51, 91.55, 91.62, 91.7, 91.81, 91.96, 92.14, 92.37, 92.59, 92.67, 93.08, 92.98, 92.96, 92.64, 92.73, 92.79, 92.84, 92.85, 92.85, 92.84], [91.55, 91.6, 91.67, 91.75, 91.85, 91.97, 92.1, 92.23, 92.31, 92.79, 92.68, 92.74, 92.82, 92.88, 92.67, 92.74, 92.78, 92.81, 92.81, 92.81], [91.59, 91.64, 91.7, 91.78, 91.86, 91.95, 92.05, 92.13, 92.16, 92.46, 92.21, 92.53, 92.72, 92.82, 92.62, 92.69, 92.74, 92.76, 92.78, 92.78], [91.61, 91.66, 91.72, 91.79, 91.86, 91.93, 92.0, 92.05, 92.66, 92.44, 92.31, 92.51, 92.67, 92.78, 92.59, 92.65, 92.7, 92.73, 92.75, 92.76], [91.63, 91.68, 91.73, 91.79, 91.85, 91.91, 91.96, 92.0, 92.68, 92.57, 92.53, 92.59, 92.69, 92.77, 92.57, 92.63, 92.67, 92.7, 92.72, 92.73], [91.64, 91.68, 91.73, 91.78, 91.83, 91.88, 91.92, 92.78, 92.72, 92.66, 92.64, 92.67, 92.72, 92.78, 92.56, 92.61, 92.65, 92.68, 92.7, 92.71]]}