gis_exercise/awsData/contour/humi_2023090902.json
{"header": {"refTime": "2023-09-09T02:00:00.000Z", "nx": 21, "ny": 33, "lo1": 113.509, "la1": 22.2235, "lo2": 113.5947, "la2": 22.1034, "dx": 0.0042850000000001385, "dy": 0.003753125000000024, "parameterCategory": 0, "parameterCategoryName": "Temperature", "parameterNumber": 0}, "z": [[93.48, 93.52, 93.58, 95.18, 95.17, 93.32, 93.44, 93.54, 93.54, 94.32, 94.11, 93.89, 92.29, 92.15, 91.5, 91.4, 90.54, 90.53, 90.53, 90.53], [93.45, 93.49, 93.55, 93.62, 95.15, 95.15, 93.56, 93.8, 93.93, 94.41, 94.08, 93.74, 92.12, 91.98, 91.37, 90.53, 90.52, 90.52, 90.51, 90.51], [93.41, 93.44, 93.5, 93.57, 95.13, 95.13, 95.12, 94.01, 94.74, 94.51, 93.99, 93.48, 91.83, 91.74, 90.51, 90.51, 90.5, 90.49, 90.49, 90.49], [93.36, 93.39, 93.43, 93.5, 93.59, 95.1, 95.1, 95.1, 95.11, 94.43, 93.83, 93.01, 91.35, 92.04, 90.5, 90.5, 90.48, 90.46, 90.46, 90.47], [93.3, 93.32, 93.35, 93.4, 93.47, 95.05, 95.05, 95.08, 95.17, 94.45, 93.82, 91.95, 90.81, 91.77, 90.51, 90.49, 90.44, 90.41, 90.41, 90.44], [93.24, 93.24, 93.26, 93.28, 93.32, 93.38, 94.93, 94.93, 95.1, 95.5, 93.61, 92.52, 91.57, 90.67, 90.56, 90.48, 90.37, 90.32, 90.36, 90.41], [92.45, 93.16, 93.15, 93.15, 93.17, 93.2, 94.02, 94.56, 94.7, 95.11, 95.5, 93.45, 91.14, 91.02, 90.66, 90.48, 90.25, 90.17, 90.0, 90.0], [92.43, 92.42, 92.42, 92.43, 92.45, 93.75, 93.85, 93.76, 93.51, 95.37, 96.9, 93.84, 93.81, 90.99, 90.74, 90.96, 90.52, 90.37, 90.61, 90.78], [92.57, 92.56, 92.38, 92.37, 92.36, 92.4, 92.52, 93.86, 94.59, 94.92, 95.69, 94.81, 94.38, 94.95, 90.8, 91.04, 90.79, 90.68, 90.74, 90.84], [92.0, 92.0, 92.0, 92.47, 92.4, 92.23, 92.35, 92.52, 95.84, 95.56, 94.35, 95.36, 95.04, 95.19, 90.8, 91.13, 90.96, 90.88, 90.88, 90.91], [92.0, 92.0, 92.0, 92.0, 92.0, 92.0, 92.0, 92.0, 92.35, 94.71, 98.0, 95.71, 95.44, 95.43, 90.78, 91.19, 91.07, 91.0, 90.99, 91.0], [92.0, 92.0, 92.0, 92.0, 92.0, 92.0, 92.0, 92.0, 92.0, -999.0, 98.0, 92.0, 92.0, 95.61, 90.76, 91.26, 91.19, 94.55, 94.44, 94.41], [92.0, 92.0, 92.0, 92.0, 92.0, 92.0, 92.0, 92.0, 92.0, 92.0, -999.0, 92.0, 92.0, 95.92, 94.19, 92.91, 92.85, 93.84, 93.7, 93.61], [92.0, 92.0, 92.0, 92.0, 92.0, 92.0, 92.0, 92.0, 92.0, 92.0, -999.0, 98.0, 98.0, 98.0, 94.7, 93.58, 93.45, 94.46, 94.24, 94.08], [92.0, 92.0, 92.0, 92.0, 92.0, 92.0, 92.0, 93.0, 93.0, 93.0, 93.0, 94.92, 98.0, 98.0, 98.0, 94.34, 94.1, 95.02, 94.73, 94.5], [92.0, 92.0, 92.63, 92.64, 92.66, 93.0, 93.0, 93.0, 93.0, 93.0, 96.15, 95.79, 96.27, 96.68, 96.22, 96.53, 96.31, 96.7, 94.84, 94.61], [92.64, 92.65, 92.35, 92.37, 93.0, 93.0, 93.0, 93.0, 93.0, 93.0, 95.15, 95.77, 96.42, 97.02, 96.96, 97.1, 96.78, 96.53, 96.35, 96.23], [92.36, 92.37, 92.39, 92.41, 93.0, 93.0, 93.0, 93.0, 93.0, 94.27, 94.94, 95.69, 96.47, 96.92, 97.85, 97.2, 96.74, 96.45, 96.27, 96.15], [92.38, 92.39, 92.42, 93.0, 93.0, 93.0, 93.0, 93.0, 93.45, 93.97, 95.0, 95.64, 95.91, 96.56, 97.26, 96.93, 96.55, 96.29, 96.13, 96.04], [92.39, 92.41, 94.71, 94.63, 94.52, 94.36, 94.12, 93.49, 93.8, 94.38, 95.01, 95.56, 95.62, 96.0, 96.66, 96.47, 96.23, 96.05, 95.95, 95.9], [94.83, 94.79, 94.73, 94.24, 94.18, 94.09, 93.98, 93.86, 94.48, 94.76, 95.15, 95.54, 95.35, 96.28, 96.19, 96.03, 95.86, 95.77, 95.75, 95.76], [94.4, 94.38, 94.37, 94.35, 94.32, 94.29, 94.27, 94.39, 94.95, 95.11, 95.33, 95.57, 96.07, 95.99, 95.84, 95.64, 95.49, 95.48, 95.55, 95.62], [94.45, 94.45, 94.45, 94.6, 94.6, 94.62, 94.65, 94.72, 94.81, 94.87, 94.88, 94.59, 95.33, 95.77, 95.59, 95.33, 95.08, 95.2, 95.4, 95.53], [94.65, 94.65, 94.67, 94.68, 94.72, 94.77, 94.86, 94.99, 95.16, 95.25, 95.16, 95.26, 95.36, 95.24, 95.11, 95.19, 94.54, 95.19, 95.38, 95.49], [94.69, 94.7, 94.73, 94.76, 94.81, 94.88, 95.0, 95.18, 95.46, 95.7, 95.38, 95.31, 95.11, 95.27, 95.16, 95.09, 95.32, 95.54, 95.45, 95.5], [94.72, 94.74, 94.77, 94.81, 94.87, 94.95, 95.06, 95.23, 95.48, 95.68, 95.51, 95.29, 95.13, 95.31, 95.22, 95.04, 95.13, 95.19, 95.48, 95.52], [94.75, 94.78, 94.81, 94.85, 94.91, 94.98, 95.07, 95.18, 95.3, 95.33, 95.35, 95.23, 95.12, 95.0, 95.02, 95.05, 95.09, 95.11, 95.11, 95.08], [94.78, 94.8, 94.83, 94.87, 94.92, 94.98, 95.05, 95.12, 95.16, 95.24, 95.18, 95.44, 95.52, 95.59, 95.02, 95.04, 95.06, 95.08, 95.08, 95.07], [94.79, 94.82, 94.85, 94.89, 94.93, 94.98, 95.02, 95.06, 95.08, 95.12, 95.12, 95.32, 95.45, 95.54, 95.02, 95.04, 95.05, 95.06, 95.06, 95.06], [94.81, 94.83, 94.86, 94.89, 94.93, 94.97, 95.0, 95.03, 95.39, 95.26, 95.19, 95.31, 95.43, 95.52, 95.02, 95.03, 95.04, 95.04, 95.05, 95.05], [94.82, 94.84, 94.86, 94.89, 94.92, 94.95, 94.98, 95.0, 95.41, 95.35, 95.32, 95.37, 95.44, 95.51, 95.02, 95.03, 95.03, 95.04, 95.04, 95.04], [94.82, 94.84, 94.87, 94.89, 94.92, 94.94, 94.96, 95.48, 95.44, 95.41, 95.4, 95.43, 95.47, 95.52, 95.02, 95.02, 95.03, 95.03, 95.03, 95.03]]}