gis_exercise/awsData/contour/humi_2023090504.json
{"header": {"refTime": "2023-09-05T04:00:00.000Z", "nx": 21, "ny": 33, "lo1": 113.509, "la1": 22.2235, "lo2": 113.5947, "la2": 22.1034, "dx": 0.0042850000000001385, "dy": 0.003753125000000024, "parameterCategory": 0, "parameterCategoryName": "Temperature", "parameterNumber": 0}, "z": [[63.25, 63.33, 63.42, 63.78, 63.9, 63.11, 63.31, 63.5, 63.51, 63.2, 62.7, 62.22, 61.38, 61.13, 61.26, 61.21, 59.6, 59.67, 59.72, 59.76], [63.2, 63.27, 63.37, 63.5, 63.88, 64.05, 63.51, 63.94, 64.18, 63.61, 62.75, 62.04, 61.12, 60.87, 61.05, 59.52, 59.63, 59.71, 59.77, 59.8], [63.13, 63.19, 63.28, 63.41, 63.81, 64.0, 64.3, 64.3, 65.56, 63.95, 62.6, 61.65, 60.66, 60.49, 59.36, 59.53, 59.68, 59.78, 59.84, 59.86], [63.05, 63.1, 63.17, 63.28, 63.43, 63.84, 64.08, 64.49, 64.88, 63.4, 62.11, 60.96, 59.92, 59.25, 59.33, 59.57, 59.76, 59.88, 59.93, 59.94], [62.95, 62.98, 63.03, 63.1, 63.21, 63.6, 63.7, 63.83, 63.88, 62.55, 61.57, 59.17, 58.5, 59.1, 59.35, 59.67, 59.92, 60.04, 60.07, 60.04], [62.85, 62.86, 62.87, 62.91, 62.96, 63.04, 63.3, 63.23, 63.16, 63.08, 60.08, 59.52, 58.98, 58.67, 59.48, 59.84, 60.16, 60.29, 60.23, 60.13], [61.45, 62.72, 62.7, 62.7, 62.7, 62.72, 61.75, 62.74, 62.62, 61.61, 61.49, 60.13, 59.14, 59.02, 59.65, 60.01, 60.48, 60.66, 60.45, 60.26], [61.43, 61.42, 61.42, 61.43, 61.45, 61.62, 61.72, 61.85, 61.88, 61.67, 61.77, 60.61, 60.6, 58.99, 60.63, 60.52, 60.74, 60.82, 60.69, 60.61], [61.57, 61.56, 61.38, 61.37, 61.36, 61.4, 61.52, 61.76, 62.0, 61.57, 61.23, 60.94, 60.79, 60.98, 60.6, 60.48, 60.61, 60.66, 60.63, 60.58], [61.0, 61.0, 61.0, 61.47, 61.4, 61.23, 61.35, 61.52, 62.0, 62.0, 60.78, 61.12, 61.01, 61.06, 60.6, 60.44, 60.52, 60.56, 60.56, 60.54], [61.0, 61.0, 61.0, 61.0, 61.0, 61.0, 61.0, 61.0, 61.35, 62.0, 62.0, 61.24, 61.15, 61.14, 60.61, 60.4, 60.46, 60.5, 60.51, 60.5], [61.0, 61.0, 61.0, 61.0, 61.0, 61.0, 61.0, 61.0, 61.0, -999.0, 62.0, 60.0, 60.0, 61.2, 60.62, 60.37, 60.41, 66.12, 65.99, 65.96], [61.0, 61.0, 61.0, 61.0, 61.0, 61.0, 61.0, 61.0, 61.0, 61.0, -999.0, 60.0, 60.0, 66.53, 63.66, 64.28, 64.21, 65.32, 65.16, 65.06], [61.0, 61.0, 61.0, 61.0, 61.0, 61.0, 61.0, 61.0, 61.0, 61.0, -999.0, 70.0, 70.0, 70.0, 64.5, 65.03, 64.88, 66.01, 65.77, 65.58], [61.0, 61.0, 61.0, 61.0, 61.0, 61.0, 61.0, 69.0, 69.0, 69.0, 69.0, 69.38, 70.0, 70.0, 70.0, 65.88, 65.61, 66.65, 66.33, 66.06], [61.0, 61.0, 66.03, 66.13, 66.28, 69.0, 69.0, 69.0, 69.0, 69.0, 69.63, 69.56, 69.65, 69.74, 69.64, 67.43, 67.04, 67.73, 65.76, 65.45], [66.13, 66.19, 63.82, 63.96, 69.0, 69.0, 69.0, 69.0, 69.0, 69.0, 69.43, 69.55, 69.68, 69.8, 69.1, 69.19, 68.91, 68.7, 68.55, 68.46], [63.85, 63.95, 64.09, 64.3, 69.0, 69.0, 69.0, 69.0, 69.0, 69.25, 69.39, 69.54, 69.69, 69.12, 69.86, 69.28, 68.87, 68.62, 68.47, 68.38], [64.01, 64.14, 64.32, 69.0, 69.0, 69.0, 69.0, 69.0, 69.09, 69.19, 68.92, 69.03, 68.46, 68.78, 69.32, 69.02, 68.68, 68.46, 68.34, 68.28], [64.12, 64.25, 67.86, 67.91, 67.99, 68.09, 68.25, 68.67, 68.87, 68.82, 68.83, 68.91, 68.14, 68.19, 68.76, 68.57, 68.35, 68.21, 68.17, 68.17], [67.78, 67.81, 67.85, 68.17, 68.21, 68.27, 68.35, 68.43, 68.68, 68.67, 68.69, 68.77, 67.77, 68.41, 68.3, 68.11, 67.95, 67.91, 67.97, 68.05], [68.07, 68.08, 68.09, 68.1, 68.12, 68.14, 68.16, 67.96, 68.46, 68.45, 68.49, 68.58, 66.79, 68.13, 67.92, 67.65, 67.46, 67.56, 67.8, 67.97], [68.03, 68.03, 68.03, 67.77, 67.77, 67.77, 67.76, 67.72, 67.67, 67.62, 67.61, 66.54, 67.15, 67.94, 67.66, 67.21, 66.68, 67.19, 67.77, 67.98], [67.71, 67.71, 67.7, 67.7, 67.68, 67.65, 67.61, 67.53, 67.44, 67.38, 67.42, 66.02, 67.17, 67.15, 67.07, 67.11, 65.11, 67.74, 68.08, 68.09], [67.67, 67.67, 67.65, 67.63, 67.61, 67.56, 67.5, 67.4, 67.25, 67.14, 67.28, 66.15, 65.79, 67.23, 67.25, 67.32, 68.33, 69.44, 68.45, 68.23], [67.64, 67.63, 67.61, 67.58, 67.55, 67.5, 67.43, 67.34, 67.22, 67.13, 66.52, 66.23, 65.91, 67.31, 67.4, 67.6, 68.05, 68.33, 68.43, 68.28], [67.61, 67.6, 67.57, 67.54, 67.51, 67.46, 67.39, 67.32, 67.25, 67.22, 66.49, 66.3, 66.03, 67.34, 67.45, 67.61, 67.82, 67.94, 67.9, 67.8], [67.59, 67.57, 67.55, 67.51, 67.47, 67.43, 67.37, 67.31, 67.25, 66.6, 66.58, 67.74, 68.07, 68.46, 67.44, 67.56, 67.68, 67.75, 67.76, 67.72], [67.57, 67.55, 67.52, 67.49, 67.45, 67.41, 67.36, 67.3, 67.23, 66.7, 67.19, 67.59, 67.97, 68.33, 67.41, 67.5, 67.59, 67.64, 67.66, 67.65], [67.55, 67.53, 67.51, 67.48, 67.44, 67.4, 67.35, 67.3, 67.59, 67.42, 67.33, 67.61, 67.94, 68.26, 67.39, 67.46, 67.52, 67.57, 67.59, 67.59], [67.54, 67.52, 67.5, 67.47, 67.44, 67.4, 67.36, 67.31, 67.68, 67.6, 67.61, 67.76, 67.99, 68.24, 67.37, 67.43, 67.48, 67.51, 67.54, 67.54], [67.53, 67.51, 67.49, 67.46, 67.43, 67.4, 67.37, 67.84, 67.79, 67.76, 67.79, 67.9, 68.06, 68.26, 67.36, 67.4, 67.44, 67.48, 67.5, 67.51]]}