gis_exercise/awsData/contour/humi_2023090813.json
{"header": {"refTime": "2023-09-08T13:00:00.000Z", "nx": 21, "ny": 33, "lo1": 113.509, "la1": 22.2235, "lo2": 113.5947, "la2": 22.1034, "dx": 0.0042850000000001385, "dy": 0.003753125000000024, "parameterCategory": 0, "parameterCategoryName": "Temperature", "parameterNumber": 0}, "z": [[98.09, 98.12, 98.15, 98.96, 98.96, 98.05, 98.11, 98.16, 98.16, 98.43, 98.29, 98.15, 97.33, 97.24, 97.19, 97.16, 96.62, 96.65, 96.66, 96.67], [98.07, 98.1, 98.13, 98.18, 98.96, 98.96, 98.18, 98.32, 98.39, 98.52, 98.29, 98.07, 97.23, 97.14, 97.11, 96.59, 96.63, 96.66, 96.67, 96.69], [98.04, 98.07, 98.1, 98.15, 98.94, 98.95, 98.96, 98.44, 98.85, 98.59, 98.23, 97.91, 97.05, 96.99, 96.54, 96.6, 96.64, 96.67, 96.69, 96.7], [98.01, 98.03, 98.06, 98.11, 98.17, 98.93, 98.94, 98.97, 98.99, 98.51, 98.12, 97.64, 96.77, 97.02, 96.53, 96.61, 96.67, 96.7, 96.72, 96.73], [97.98, 97.99, 98.01, 98.04, 98.09, 98.9, 98.9, 98.92, 98.96, 98.44, 98.06, 96.98, 96.41, 96.89, 96.53, 96.64, 96.71, 96.75, 96.76, 96.75], [97.93, 97.94, 97.95, 97.97, 98.0, 98.05, 98.84, 98.83, 98.9, 99.05, 97.81, 97.26, 96.79, 96.33, 96.59, 96.69, 96.78, 96.82, 96.8, 96.78], [97.45, 97.88, 97.88, 97.88, 97.9, 97.94, 98.26, 98.66, 98.71, 98.73, 98.85, 97.73, 96.57, 96.51, 96.66, 96.75, 96.87, 96.91, 96.82, 96.75], [97.43, 97.42, 97.42, 97.43, 97.45, 98.07, 98.17, 98.22, 98.17, 98.85, 99.49, 97.92, 97.9, 96.5, 97.0, 97.0, 97.0, 97.0, 97.0, 97.0], [97.57, 97.56, 97.38, 97.37, 97.36, 97.4, 97.52, 98.2, 98.64, 98.64, 98.85, 98.41, 98.19, 98.48, 97.0, 97.0, 97.0, 97.0, 97.0, 97.0], [97.0, 97.0, 97.0, 97.47, 97.4, 97.23, 97.35, 97.52, 99.14, 99.03, 98.18, 98.68, 98.52, 98.6, 97.0, 97.0, 97.0, 97.0, 97.0, 97.0], [97.0, 97.0, 97.0, 97.0, 97.0, 97.0, 97.0, 97.0, 97.35, 98.68, 100.0, 98.86, 98.72, 98.71, 97.0, 97.0, 97.0, 97.0, 97.0, 97.0], [97.0, 97.0, 97.0, 97.0, 97.0, 97.0, 97.0, 97.0, 97.0, -999.0, 100.0, 97.0, 97.0, 98.81, 97.0, 97.0, 97.0, 98.71, 98.66, 98.65], [97.0, 97.0, 97.0, 97.0, 97.0, 97.0, 97.0, 97.0, 97.0, 97.0, -999.0, 97.0, 97.0, 98.96, 98.1, 98.09, 98.07, 98.44, 98.39, 98.35], [97.0, 97.0, 97.0, 97.0, 97.0, 97.0, 97.0, 97.0, 97.0, 97.0, -999.0, 100.0, 100.0, 100.0, 98.35, 98.34, 98.29, 98.67, 98.59, 98.53], [97.0, 97.0, 97.0, 97.0, 97.0, 97.0, 97.0, 98.0, 98.0, 98.0, 98.0, 98.77, 100.0, 100.0, 100.0, 98.63, 98.54, 98.88, 98.78, 98.69], [97.0, 97.0, 97.63, 97.64, 97.66, 98.0, 98.0, 98.0, 98.0, 98.0, 99.26, 99.12, 99.31, 99.47, 99.29, 99.63, 99.58, 99.68, 98.95, 98.87], [97.64, 97.65, 97.35, 97.37, 98.0, 98.0, 98.0, 98.0, 98.0, 98.0, 98.86, 99.11, 99.37, 99.61, 99.65, 99.7, 99.6, 99.52, 99.46, 99.42], [97.36, 97.37, 97.39, 97.41, 98.0, 98.0, 98.0, 98.0, 98.0, 98.51, 98.78, 99.08, 99.39, 99.63, 99.95, 99.74, 99.59, 99.49, 99.43, 99.39], [97.38, 97.39, 97.42, 98.0, 98.0, 98.0, 98.0, 98.0, 98.18, 98.39, 98.95, 99.21, 99.27, 99.52, 99.76, 99.65, 99.53, 99.44, 99.39, 99.35], [97.39, 97.41, 99.14, 99.09, 99.01, 98.91, 98.75, 98.33, 98.41, 98.69, 98.98, 99.21, 99.18, 99.34, 99.56, 99.5, 99.42, 99.36, 99.33, 99.31], [99.22, 99.19, 99.15, 98.83, 98.79, 98.73, 98.65, 98.57, 98.78, 98.91, 99.09, 99.24, 99.1, 99.44, 99.42, 99.36, 99.31, 99.28, 99.26, 99.26], [98.93, 98.92, 98.91, 98.9, 98.88, 98.86, 98.84, 98.69, 99.07, 99.14, 99.23, 99.31, 99.68, 99.35, 99.3, 99.25, 99.2, 99.19, 99.2, 99.21], [98.97, 98.97, 98.97, 98.73, 98.75, 98.77, 98.82, 98.88, 98.95, 98.99, 98.97, 99.15, 99.37, 99.28, 99.23, 99.16, 99.11, 99.11, 99.14, 99.17], [98.71, 98.72, 98.74, 98.76, 98.8, 98.85, 98.93, 99.05, 99.2, 99.27, 99.16, 99.25, 99.39, 99.28, 99.19, 99.11, 99.03, 99.05, 99.1, 99.15], [98.72, 98.74, 98.76, 98.79, 98.83, 98.89, 98.99, 99.16, 99.44, 99.67, 99.32, 99.25, 99.13, 99.3, 99.2, 99.12, 99.06, 99.05, 99.1, 99.14], [98.73, 98.75, 98.77, 98.79, 98.84, 98.9, 98.99, 99.14, 99.4, 99.61, 99.38, 99.17, 99.07, 99.31, 99.22, 98.85, 98.89, 98.91, 99.11, 99.14], [98.73, 98.75, 98.77, 98.79, 98.82, 98.87, 98.93, 99.01, 99.1, 99.1, 99.08, 98.98, 98.96, 98.64, 98.73, 98.79, 98.84, 98.85, 98.85, 98.84], [98.73, 98.74, 98.76, 98.78, 98.8, 98.82, 98.85, 98.85, 98.81, 98.79, 98.68, 98.74, 98.82, 98.88, 98.67, 98.74, 98.78, 98.81, 98.81, 98.81], [98.73, 98.74, 98.75, 98.76, 98.77, 98.77, 98.77, 98.73, 98.62, 98.46, 98.21, 98.53, 98.72, 98.82, 98.62, 98.69, 98.74, 98.76, 98.78, 98.78], [98.72, 98.73, 98.74, 98.74, 98.74, 98.73, 98.71, 98.65, 98.66, 98.44, 98.31, 98.51, 98.67, 98.78, 98.59, 98.65, 98.7, 98.73, 98.75, 98.76], [98.72, 98.72, 98.72, 98.72, 98.72, 98.7, 98.67, 98.62, 98.68, 98.57, 98.53, 98.59, 98.69, 98.77, 98.57, 98.63, 98.67, 98.7, 98.72, 98.73], [98.71, 98.71, 98.71, 98.71, 98.7, 98.68, 98.66, 98.78, 98.72, 98.66, 98.64, 98.67, 98.72, 98.78, 98.56, 98.61, 98.65, 98.68, 98.7, 98.71]]}