gis_exercise/awsData/contour/humi_2023091310.json
{"header": {"refTime": "2023-09-13T10:00:00.000Z", "nx": 21, "ny": 33, "lo1": 113.509, "la1": 22.2235, "lo2": 113.5947, "la2": 22.1034, "dx": 0.0042850000000001385, "dy": 0.003753125000000024, "parameterCategory": 0, "parameterCategoryName": "Temperature", "parameterNumber": 0}, "z": [[90.27, 90.35, 90.46, 91.85, 91.91, 91.29, 91.42, 91.55, 91.57, 91.79, 91.56, 91.34, 89.73, 89.54, 90.77, 90.77, 88.9, 88.96, 89.0, 89.02], [90.21, 90.29, 90.4, 90.55, 91.89, 91.99, 91.53, 91.8, 91.95, 91.97, 91.58, 91.24, 89.62, 89.43, 90.67, 88.87, 88.95, 89.02, 89.07, 89.09], [90.13, 90.21, 90.31, 90.46, 91.85, 91.95, 92.11, 92.0, 92.74, 92.12, 91.5, 91.04, 89.43, 89.27, 88.79, 88.91, 89.03, 89.12, 89.16, 89.17], [90.04, 90.1, 90.19, 90.32, 90.5, 91.85, 91.98, 92.21, 92.43, 91.89, 91.28, 90.69, 89.18, 88.9, 88.8, 88.97, 89.14, 89.25, 89.29, 89.28], [89.93, 89.97, 90.03, 90.13, 90.28, 91.7, 91.75, 91.84, 91.91, 91.57, 91.07, 89.01, 88.96, 88.87, 88.8, 89.05, 89.32, 89.47, 89.48, 89.41], [89.8, 89.82, 89.85, 89.91, 90.01, 90.15, 91.49, 91.45, 91.48, 91.59, 89.33, 88.98, 88.84, 88.0, 88.76, 89.18, 89.64, 89.84, 89.72, 89.54], [88.34, 89.65, 89.64, 89.65, 89.71, 89.82, 89.75, 91.03, 91.02, 90.14, 90.08, 88.79, 87.29, 87.47, 88.68, 89.31, 90.11, 90.41, 90.63, 90.5], [88.28, 88.27, 88.26, 88.28, 88.35, 89.32, 89.6, 89.92, 89.99, 90.36, 91.14, 87.84, 87.81, 87.51, 89.14, 88.6, 89.69, 90.08, 89.46, 89.04], [88.72, 88.67, 88.14, 88.1, 88.08, 88.19, 88.56, 89.72, 90.64, 90.0, 89.69, 88.81, 88.38, 88.95, 89.01, 88.39, 89.03, 89.3, 89.15, 88.91], [87.0, 87.0, 87.0, 88.4, 88.21, 87.68, 88.05, 88.56, 91.14, 91.03, 88.35, 89.36, 89.04, 89.19, 89.0, 88.19, 88.59, 88.8, 88.81, 88.72], [87.0, 87.0, 87.0, 87.0, 87.0, 87.0, 87.0, 87.0, 88.06, 90.68, 92.0, 89.71, 89.44, 89.43, 89.06, 88.02, 88.32, 88.49, 88.53, 88.5], [87.0, 87.0, 87.0, 87.0, 87.0, 87.0, 87.0, 87.0, 87.0, -999.0, 92.0, 86.0, 86.0, 89.61, 89.11, 87.85, 88.03, 91.57, 91.55, 91.55], [87.0, 87.0, 87.0, 87.0, 87.0, 87.0, 87.0, 87.0, 87.0, 87.0, -999.0, 86.0, 86.0, 89.92, 88.19, 91.36, 91.36, 91.48, 91.46, 91.45], [87.0, 87.0, 87.0, 87.0, 87.0, 87.0, 87.0, 87.0, 87.0, 87.0, -999.0, 92.0, 92.0, 92.0, 88.7, 91.45, 91.43, 91.56, 91.53, 91.51], [87.0, 87.0, 87.0, 87.0, 87.0, 87.0, 87.0, 84.0, 84.0, 84.0, 84.0, 87.07, 92.0, 92.0, 92.0, 91.54, 91.51, 91.63, 91.59, 91.56], [87.0, 87.0, 85.11, 85.08, 85.02, 84.0, 84.0, 84.0, 84.0, 84.0, 89.03, 88.46, 89.24, 89.89, 89.15, 91.63, 91.58, 91.68, 91.47, 91.43], [85.07, 85.06, 85.94, 85.89, 84.0, 84.0, 84.0, 84.0, 84.0, 84.0, 87.44, 88.43, 89.48, 90.44, 90.93, 91.14, 90.83, 90.59, 90.41, 90.28], [85.93, 85.89, 85.84, 85.76, 84.0, 84.0, 84.0, 84.0, 84.0, 86.03, 87.11, 88.31, 89.56, 90.84, 91.85, 91.24, 90.81, 90.53, 90.34, 90.21], [85.87, 85.82, 85.75, 84.0, 84.0, 84.0, 84.0, 84.0, 84.72, 85.56, 86.12, 87.11, 89.63, 90.51, 91.31, 91.0, 90.64, 90.39, 90.22, 90.1], [85.83, 85.78, 83.43, 83.46, 83.49, 83.55, 83.63, 83.84, 84.64, 85.2, 85.94, 86.77, 89.39, 90.04, 90.76, 90.59, 90.37, 90.18, 90.05, 89.97], [83.39, 83.4, 83.42, 83.59, 83.61, 83.64, 83.67, 83.71, 85.01, 85.3, 85.8, 86.41, 89.24, 90.41, 90.35, 90.23, 90.08, 89.95, 89.87, 89.82], [83.53, 83.54, 83.54, 83.55, 83.56, 83.57, 83.58, 84.0, 85.03, 85.22, 85.56, 86.03, 88.74, 90.15, 90.06, 89.96, 89.86, 89.75, 89.67, 89.66], [83.52, 83.52, 83.52, 84.14, 84.11, 84.07, 84.02, 83.96, 83.9, 83.89, 83.94, 85.4, 86.85, 89.95, 89.85, 89.79, 89.81, 89.59, 89.46, 89.5], [84.22, 84.21, 84.19, 84.16, 84.12, 84.07, 84.0, 83.9, 83.77, 83.71, 83.83, 85.72, 86.7, 87.39, 88.03, 89.64, 90.19, 89.12, 89.17, 89.34], [84.24, 84.23, 84.21, 84.19, 84.15, 84.1, 84.02, 83.87, 83.59, 83.35, 83.74, 85.51, 86.27, 87.28, 87.88, 88.36, 88.87, 88.33, 88.97, 89.24], [84.26, 84.25, 84.24, 84.22, 84.2, 84.16, 84.08, 83.95, 83.68, 83.45, 84.72, 85.5, 86.17, 87.14, 87.67, 88.47, 88.42, 88.33, 89.05, 89.24], [84.29, 84.28, 84.28, 84.27, 84.26, 84.24, 84.21, 84.16, 84.1, 84.13, 85.22, 85.66, 86.14, 87.92, 88.14, 88.29, 88.33, 88.33, 88.35, 88.36], [84.31, 84.31, 84.32, 84.32, 84.33, 84.34, 84.36, 84.41, 84.53, 85.47, 85.66, 85.26, 85.3, 85.41, 87.97, 88.13, 88.22, 88.26, 88.29, 88.3], [84.34, 84.34, 84.35, 84.37, 84.39, 84.43, 84.49, 84.61, 84.84, 85.79, 85.78, 85.5, 85.41, 85.44, 87.83, 88.0, 88.11, 88.18, 88.21, 88.24], [84.36, 84.37, 84.39, 84.41, 84.45, 84.5, 84.59, 84.72, 85.31, 85.54, 85.7, 85.55, 85.46, 85.46, 87.73, 87.9, 88.02, 88.09, 88.14, 88.18], [84.38, 84.4, 84.42, 84.45, 84.49, 84.55, 84.63, 84.75, 85.32, 85.45, 85.51, 85.49, 85.46, 85.47, 87.67, 87.83, 87.94, 88.02, 88.08, 88.12], [84.4, 84.42, 84.44, 84.47, 84.52, 84.57, 84.65, 85.24, 85.31, 85.39, 85.43, 85.44, 85.44, 85.46, 87.65, 87.78, 87.89, 87.97, 88.03, 88.07]]}