gis_exercise/awsData/contour/humi_2023090313.json
{"header": {"refTime": "2023-09-03T13:00:00.000Z", "nx": 21, "ny": 33, "lo1": 113.509, "la1": 22.2235, "lo2": 113.5947, "la2": 22.1034, "dx": 0.0042850000000001385, "dy": 0.003753125000000024, "parameterCategory": 0, "parameterCategoryName": "Temperature", "parameterNumber": 0}, "z": [[73.44, 73.48, 73.53, 75.62, 75.54, 73.36, 73.36, 73.35, 73.28, 73.51, 73.32, 73.12, 71.29, 71.15, 74.22, 74.6, 74.15, 74.46, 74.69, 74.84], [73.41, 73.45, 73.51, 73.58, 75.55, 75.42, 73.45, 73.49, 73.49, 73.58, 73.28, 72.97, 71.12, 70.98, 74.1, 73.83, 74.31, 74.7, 74.95, 75.1], [73.37, 73.42, 73.48, 73.56, 75.58, 75.45, 75.24, 73.63, 73.88, 73.65, 73.2, 72.69, 70.83, 70.74, 73.18, 73.93, 74.58, 75.05, 75.32, 75.43], [73.31, 73.36, 73.43, 73.51, 73.62, 75.55, 75.38, 75.09, 74.83, 73.63, 73.06, 72.22, 70.35, 71.23, 73.09, 74.16, 75.04, 75.61, 75.85, 75.86], [73.24, 73.28, 73.35, 73.44, 73.57, 75.7, 75.63, 75.55, 75.55, 73.74, 73.1, 71.15, 69.89, 70.94, 73.16, 74.62, 75.83, 76.49, 76.57, 76.37], [73.16, 73.18, 73.23, 73.32, 73.47, 73.68, 75.87, 75.91, 76.03, 76.24, 73.0, 71.77, 70.72, 69.67, 73.52, 75.36, 77.13, 77.87, 77.48, 76.9], [72.68, 73.06, 73.08, 73.15, 73.29, 73.56, 75.0, 76.1, 76.25, 75.94, 75.83, 72.78, 70.14, 70.02, 73.98, 76.13, 78.92, 79.96, 79.6, 78.78], [72.57, 72.54, 72.52, 72.55, 72.69, 74.18, 74.75, 75.49, 75.94, 76.2, 77.02, 73.15, 73.11, 69.99, 77.9, 76.71, 79.12, 79.98, 78.62, 77.7], [73.44, 73.35, 72.29, 72.2, 72.16, 72.39, 73.12, 75.01, 76.64, 75.78, 75.31, 74.28, 73.78, 74.44, 77.62, 76.27, 77.67, 78.26, 77.92, 77.4], [70.0, 70.0, 70.0, 72.81, 72.41, 71.36, 72.09, 73.12, 77.14, 77.03, 73.74, 74.92, 74.54, 74.72, 77.61, 75.81, 76.7, 77.17, 77.19, 76.97], [70.0, 70.0, 70.0, 70.0, 70.0, 70.0, 70.0, 70.0, 72.13, 76.68, 78.0, 75.33, 75.02, 75.0, 77.73, 75.45, 76.1, 76.47, 76.57, 76.49], [70.0, 70.0, 70.0, 70.0, 70.0, 70.0, 70.0, 70.0, 70.0, -999.0, 78.0, 71.0, 71.0, 75.21, 77.84, 75.07, 75.46, 80.86, 80.89, 80.9], [70.0, 70.0, 70.0, 70.0, 70.0, 70.0, 70.0, 70.0, 70.0, 70.0, -999.0, 71.0, 71.0, 76.88, 74.29, 81.27, 81.29, 81.04, 81.08, 81.1], [70.0, 70.0, 70.0, 70.0, 70.0, 70.0, 70.0, 70.0, 70.0, 70.0, -999.0, 80.0, 80.0, 80.0, 75.05, 81.11, 81.14, 80.89, 80.94, 80.98], [70.0, 70.0, 70.0, 70.0, 70.0, 70.0, 70.0, 70.0, 70.0, 70.0, 70.0, 73.84, 80.0, 80.0, 80.0, 80.92, 80.98, 80.74, 80.82, 80.88], [70.0, 70.0, 70.0, 70.0, 70.0, 70.0, 70.0, 70.0, 70.0, 70.0, 76.29, 75.58, 76.55, 77.36, 76.44, 80.0, 80.0, 80.0, 80.52, 80.56], [70.0, 70.0, 70.0, 70.0, 70.0, 70.0, 70.0, 70.0, 70.0, 70.0, 74.3, 75.54, 76.85, 78.05, 78.81, 79.16, 78.85, 78.61, 78.43, 78.3], [70.0, 70.0, 70.0, 70.0, 70.0, 70.0, 70.0, 70.0, 70.0, 72.54, 73.88, 75.38, 76.94, 78.69, 79.83, 79.26, 78.83, 78.55, 78.36, 78.23], [70.0, 70.0, 70.0, 70.0, 70.0, 70.0, 70.0, 70.0, 70.9, 71.95, 73.44, 74.71, 77.26, 78.33, 79.32, 79.02, 78.67, 78.42, 78.24, 78.13], [70.0, 70.0, 71.71, 71.63, 71.52, 71.36, 71.12, 70.49, 71.27, 72.24, 73.37, 74.44, 77.02, 77.83, 78.79, 78.63, 78.41, 78.22, 78.09, 78.0], [71.83, 71.79, 71.73, 71.24, 71.18, 71.09, 70.98, 70.86, 72.26, 72.74, 73.45, 74.22, 76.89, 78.45, 78.41, 78.3, 78.15, 78.02, 77.91, 77.84], [71.4, 71.38, 71.37, 71.35, 71.32, 71.29, 71.27, 70.86, 72.82, 73.1, 73.54, 74.06, 77.72, 78.2, 78.14, 78.07, 77.98, 77.84, 77.72, 77.68], [71.45, 71.45, 71.45, 70.84, 70.88, 70.93, 71.01, 71.12, 71.24, 71.3, 71.25, 73.96, 75.63, 78.0, 77.94, 77.95, 78.05, 77.71, 77.48, 77.49], [70.78, 70.8, 70.83, 70.87, 70.93, 71.02, 71.16, 71.36, 71.62, 71.73, 71.54, 73.72, 75.52, 76.0, 76.48, 77.79, 78.74, 77.09, 77.1, 77.29], [70.78, 70.81, 70.84, 70.89, 70.96, 71.06, 71.23, 71.51, 72.0, 72.42, 71.79, 73.42, 73.98, 75.89, 76.31, 76.61, 76.71, 75.92, 76.82, 77.15], [70.78, 70.8, 70.84, 70.88, 70.95, 71.04, 71.19, 71.45, 71.91, 72.29, 72.84, 73.06, 73.58, 75.77, 76.11, 75.67, 75.76, 75.67, 76.91, 77.14], [70.77, 70.79, 70.82, 70.85, 70.9, 70.97, 71.06, 71.18, 71.33, 71.31, 72.3, 72.54, 73.09, 74.13, 74.76, 75.21, 75.43, 75.49, 75.5, 75.48], [70.76, 70.77, 70.79, 70.81, 70.84, 70.86, 70.88, 70.86, 70.75, 71.49, 71.3, 70.92, 71.29, 71.64, 74.3, 74.78, 75.07, 75.22, 75.28, 75.29], [70.74, 70.75, 70.76, 70.76, 70.77, 70.75, 70.71, 70.6, 70.35, 70.59, 69.54, 70.41, 71.01, 71.43, 73.92, 74.42, 74.74, 74.94, 75.05, 75.09], [70.72, 70.73, 70.72, 70.72, 70.7, 70.67, 70.59, 70.45, 70.68, 70.14, 69.82, 70.37, 70.91, 71.31, 73.65, 74.13, 74.47, 74.69, 74.83, 74.91], [70.71, 70.7, 70.69, 70.68, 70.65, 70.61, 70.53, 70.4, 70.77, 70.5, 70.41, 70.63, 70.97, 71.29, 73.49, 73.93, 74.25, 74.48, 74.64, 74.74], [70.69, 70.68, 70.67, 70.65, 70.62, 70.57, 70.5, 71.07, 70.92, 70.79, 70.76, 70.88, 71.09, 71.31, 73.43, 73.81, 74.1, 74.32, 74.48, 74.6]]}