gis_exercise/awsData/contour/humi_2023091307.json
{"header": {"refTime": "2023-09-13T07:00:00.000Z", "nx": 21, "ny": 33, "lo1": 113.509, "la1": 22.2235, "lo2": 113.5947, "la2": 22.1034, "dx": 0.0042850000000001385, "dy": 0.003753125000000024, "parameterCategory": 0, "parameterCategoryName": "Temperature", "parameterNumber": 0}, "z": [[92.88, 92.95, 93.04, 94.92, 94.93, 93.09, 93.22, 93.33, 93.32, 93.87, 93.59, 93.3, 91.9, 91.73, 91.38, 91.33, 90.52, 90.56, 90.59, 90.61], [92.83, 92.9, 92.99, 93.11, 94.91, 94.93, 93.36, 93.63, 93.77, 94.03, 93.57, 93.14, 91.69, 91.53, 91.21, 90.45, 90.52, 90.57, 90.61, 90.63], [92.77, 92.83, 92.92, 93.04, 94.89, 94.9, 94.93, 93.88, 94.7, 94.18, 93.47, 92.82, 91.33, 91.23, 90.34, 90.45, 90.54, 90.6, 90.63, 90.65], [92.69, 92.74, 92.82, 92.93, 93.08, 94.86, 94.89, 94.93, 94.98, 94.01, 93.23, 92.27, 90.74, 91.26, 90.3, 90.47, 90.57, 90.64, 90.67, 90.69], [92.6, 92.64, 92.69, 92.78, 92.9, 94.8, 94.81, 94.85, 94.93, 93.87, 93.12, 91.15, 89.91, 90.98, 90.32, 90.52, 90.64, 90.7, 90.72, 90.72], [92.49, 92.51, 92.54, 92.6, 92.69, 92.83, 94.68, 94.67, 94.8, 95.11, 92.88, 91.78, 90.77, 90.0, 90.45, 90.63, 90.75, 90.8, 90.78, 90.76], [91.34, 92.37, 92.36, 92.38, 92.44, 92.56, 93.26, 94.32, 94.42, 94.65, 94.95, 92.85, 90.71, 90.53, 90.65, 90.74, 90.86, 90.91, 90.63, 90.5], [91.28, 91.27, 91.26, 91.28, 91.35, 92.77, 93.05, 93.29, 93.39, 94.86, 96.1, 93.54, 93.51, 90.49, 91.37, 91.48, 91.26, 91.18, 91.31, 91.39], [91.72, 91.67, 91.14, 91.1, 91.08, 91.19, 91.56, 93.16, 94.27, 94.49, 95.08, 94.34, 93.98, 94.46, 91.4, 91.52, 91.39, 91.34, 91.37, 91.42], [90.0, 90.0, 90.0, 91.4, 91.21, 90.68, 91.05, 91.56, 95.27, 95.05, 93.96, 94.8, 94.53, 94.66, 91.4, 91.56, 91.48, 91.44, 91.44, 91.46], [90.0, 90.0, 90.0, 90.0, 90.0, 90.0, 90.0, 90.0, 91.06, 94.37, 97.0, 95.09, 94.87, 94.85, 91.39, 91.6, 91.54, 91.5, 91.49, 91.5], [90.0, 90.0, 90.0, 90.0, 90.0, 90.0, 90.0, 90.0, 90.0, -999.0, 97.0, 92.0, 92.0, 95.01, 91.38, 91.63, 91.59, 93.84, 93.77, 93.76], [90.0, 90.0, 90.0, 90.0, 90.0, 90.0, 90.0, 90.0, 90.0, 90.0, -999.0, 92.0, 92.0, 94.61, 93.46, 92.82, 92.78, 93.4, 93.31, 93.26], [90.0, 90.0, 90.0, 90.0, 90.0, 90.0, 90.0, 90.0, 90.0, 90.0, -999.0, 96.0, 96.0, 96.0, 93.8, 93.24, 93.16, 93.78, 93.65, 93.55], [90.0, 90.0, 90.0, 90.0, 90.0, 90.0, 90.0, 89.0, 89.0, 89.0, 89.0, 91.69, 96.0, 96.0, 96.0, 93.71, 93.56, 94.14, 93.96, 93.81], [90.0, 90.0, 89.37, 89.36, 89.34, 89.0, 89.0, 89.0, 89.0, 89.0, 93.4, 92.91, 93.58, 94.15, 93.51, 94.17, 93.89, 94.38, 93.34, 93.15], [89.36, 89.35, 89.65, 89.63, 89.0, 89.0, 89.0, 89.0, 89.0, 89.0, 92.01, 92.88, 93.79, 94.63, 94.61, 94.52, 93.99, 93.58, 93.29, 93.08], [89.64, 89.63, 89.61, 89.59, 89.0, 89.0, 89.0, 89.0, 89.0, 90.78, 91.72, 92.77, 93.86, 94.55, 95.8, 94.69, 93.94, 93.46, 93.15, 92.95], [89.62, 89.61, 89.58, 89.0, 89.0, 89.0, 89.0, 89.0, 89.63, 90.36, 91.39, 92.28, 93.18, 94.08, 94.79, 94.25, 93.63, 93.2, 92.93, 92.77], [89.61, 89.59, 90.14, 90.09, 90.01, 89.91, 89.75, 89.33, 89.88, 90.55, 91.33, 92.08, 92.8, 93.34, 93.82, 93.51, 93.12, 92.82, 92.64, 92.54], [90.22, 90.19, 90.15, 89.83, 89.79, 89.73, 89.65, 89.57, 90.56, 90.89, 91.39, 91.93, 92.45, 93.21, 93.08, 92.82, 92.56, 92.38, 92.31, 92.3], [89.93, 89.92, 89.91, 89.9, 89.88, 89.86, 89.84, 90.04, 90.94, 91.14, 91.44, 91.81, 92.77, 92.73, 92.52, 92.25, 92.02, 91.94, 91.98, 92.06], [89.97, 89.97, 89.97, 90.23, 90.23, 90.23, 90.24, 90.28, 90.33, 90.38, 90.39, 90.41, 91.0, 92.39, 92.13, 91.81, 91.54, 91.55, 91.7, 91.86], [90.29, 90.29, 90.3, 90.3, 90.32, 90.35, 90.39, 90.47, 90.56, 90.62, 90.58, 91.0, 91.0, 91.0, 91.0, 91.56, 91.16, 91.27, 91.52, 91.73], [90.33, 90.33, 90.35, 90.37, 90.39, 90.44, 90.5, 90.6, 90.75, 90.86, 90.72, 91.0, 91.0, 91.0, 91.0, 91.0, 91.28, 91.23, 91.48, 91.68], [90.36, 90.37, 90.39, 90.42, 90.45, 90.5, 90.57, 90.66, 90.78, 90.87, 91.0, 91.0, 91.0, 91.0, 91.0, 91.0, 91.0, 91.0, 91.56, 91.71], [90.39, 90.4, 90.43, 90.46, 90.49, 90.54, 90.61, 90.68, 90.75, 90.78, 91.0, 91.0, 91.0, 91.0, 91.0, 91.0, 91.0, 91.0, 91.0, 91.0], [90.41, 90.43, 90.45, 90.49, 90.53, 90.57, 90.63, 90.69, 90.75, 91.0, 91.0, 91.0, 91.0, 91.0, 91.0, 91.0, 91.0, 91.0, 91.0, 91.0], [90.43, 90.45, 90.48, 90.51, 90.55, 90.59, 90.64, 90.7, 90.77, 91.0, 91.0, 91.0, 91.0, 91.0, 91.0, 91.0, 91.0, 91.0, 91.0, 91.0], [90.45, 90.47, 90.49, 90.52, 90.56, 90.6, 90.65, 90.7, 91.0, 91.0, 91.0, 91.0, 91.0, 91.0, 91.0, 91.0, 91.0, 91.0, 91.0, 91.0], [90.46, 90.48, 90.5, 90.53, 90.56, 90.6, 90.64, 90.69, 91.0, 91.0, 91.0, 91.0, 91.0, 91.0, 91.0, 91.0, 91.0, 91.0, 91.0, 91.0], [90.47, 90.49, 90.51, 90.54, 90.57, 90.6, 90.63, 91.0, 91.0, 91.0, 91.0, 91.0, 91.0, 91.0, 91.0, 91.0, 91.0, 91.0, 91.0, 91.0]]}