gis_exercise/awsData/contour/humi_2023091409.json
{"header": {"refTime": "2023-09-14T09:00:00.000Z", "nx": 21, "ny": 33, "lo1": 113.509, "la1": 22.2235, "lo2": 113.5947, "la2": 22.1034, "dx": 0.0042850000000001385, "dy": 0.003753125000000024, "parameterCategory": 0, "parameterCategoryName": "Temperature", "parameterNumber": 0}, "z": [[87.85, 87.9, 87.96, 90.1, 90.1, 88.04, 88.19, 88.34, 88.38, 89.96, 89.84, 89.7, 87.69, 87.57, 87.77, 87.77, 86.98, 87.02, 87.06, 87.08], [87.81, 87.86, 87.92, 88.01, 90.07, 90.08, 88.31, 88.62, 88.81, 89.96, 89.79, 89.57, 87.56, 87.43, 87.67, 86.93, 87.0, 87.05, 87.09, 87.12], [87.77, 87.81, 87.86, 87.94, 90.02, 90.03, 90.05, 88.85, 89.71, 89.98, 89.73, 89.35, 87.33, 87.24, 86.82, 86.94, 87.03, 87.1, 87.14, 87.16], [87.71, 87.74, 87.78, 87.84, 87.94, 89.96, 89.98, 90.04, 90.09, 90.05, 89.67, 88.95, 86.96, 88.0, 86.8, 86.97, 87.1, 87.18, 87.21, 87.22], [87.65, 87.67, 87.69, 87.72, 87.77, 89.85, 89.85, 89.92, 90.1, 90.32, 89.8, 87.96, 86.8, 87.73, 86.82, 87.03, 87.2, 87.29, 87.31, 87.28], [87.59, 87.59, 87.59, 87.59, 87.59, 87.59, 89.61, 89.6, 89.9, 90.6, 89.72, 88.52, 87.52, 86.33, 86.89, 87.15, 87.38, 87.48, 87.43, 87.36], [86.55, 87.52, 87.49, 87.47, 87.43, 87.36, 88.53, 88.89, 89.13, 90.35, 91.21, 89.38, 86.57, 86.51, 86.99, 87.26, 87.61, 87.74, 87.63, 87.5], [86.57, 86.58, 86.58, 86.57, 86.55, 88.42, 88.32, 87.77, 87.08, 90.73, 93.35, 89.46, 89.41, 86.5, 87.63, 87.52, 87.74, 87.82, 87.69, 87.61], [86.43, 86.44, 86.62, 86.63, 86.64, 86.6, 86.48, 88.21, 88.87, 90.05, 91.93, 90.75, 90.17, 90.93, 87.6, 87.48, 87.61, 87.66, 87.63, 87.58], [87.0, 87.0, 87.0, 86.53, 86.6, 86.77, 86.65, 86.48, 91.12, 90.61, 90.14, 91.47, 91.05, 91.25, 87.6, 87.44, 87.52, 87.56, 87.56, 87.54], [87.0, 87.0, 87.0, 87.0, 87.0, 87.0, 87.0, 87.0, 86.65, 89.08, 95.0, 91.95, 91.59, 91.57, 87.61, 87.4, 87.46, 87.5, 87.51, 87.5], [87.0, 87.0, 87.0, 87.0, 87.0, 87.0, 87.0, 87.0, 87.0, -999.0, 95.0, 87.0, 87.0, 91.81, 87.62, 87.37, 87.41, 90.84, 90.77, 90.76], [87.0, 87.0, 87.0, 87.0, 87.0, 87.0, 87.0, 87.0, 87.0, 87.0, -999.0, 87.0, 87.0, 90.92, 89.19, 89.82, 89.78, 90.4, 90.31, 90.26], [87.0, 87.0, 87.0, 87.0, 87.0, 87.0, 87.0, 87.0, 87.0, 87.0, -999.0, 93.0, 93.0, 93.0, 89.7, 90.24, 90.16, 90.78, 90.65, 90.55], [87.0, 87.0, 87.0, 87.0, 87.0, 87.0, 87.0, 88.0, 88.0, 88.0, 88.0, 89.92, 93.0, 93.0, 93.0, 90.71, 90.56, 91.14, 90.96, 90.81], [87.0, 87.0, 87.63, 87.64, 87.66, 88.0, 88.0, 88.0, 88.0, 88.0, 91.15, 90.79, 91.27, 91.68, 91.22, 92.27, 92.16, 92.35, 91.16, 91.02], [87.64, 87.65, 87.35, 87.37, 88.0, 88.0, 88.0, 88.0, 88.0, 88.0, 90.15, 90.77, 91.42, 92.02, 92.18, 92.41, 92.2, 92.03, 91.91, 91.83], [87.36, 87.37, 87.39, 87.41, 88.0, 88.0, 88.0, 88.0, 88.0, 89.27, 89.94, 90.69, 91.47, 92.13, 92.88, 92.48, 92.18, 91.98, 91.86, 91.78], [87.38, 87.39, 87.42, 88.0, 88.0, 88.0, 88.0, 88.0, 88.45, 88.97, 89.63, 90.26, 91.27, 91.86, 92.52, 92.3, 92.05, 91.88, 91.77, 91.71], [87.39, 87.41, 88.57, 88.54, 88.51, 88.45, 88.37, 88.16, 88.58, 89.03, 89.57, 90.1, 91.06, 91.46, 92.13, 92.01, 91.85, 91.73, 91.66, 91.62], [88.61, 88.6, 88.58, 88.41, 88.39, 88.36, 88.33, 88.29, 89.01, 89.24, 89.58, 89.97, 90.9, 91.88, 91.83, 91.73, 91.62, 91.55, 91.52, 91.52], [88.47, 88.46, 88.46, 88.45, 88.44, 88.43, 88.42, 88.35, 89.23, 89.37, 89.58, 89.85, 91.06, 91.69, 91.61, 91.5, 91.41, 91.38, 91.39, 91.42], [88.48, 88.48, 88.48, 88.36, 88.37, 88.39, 88.41, 88.44, 88.48, 88.5, 88.49, 89.23, 90.26, 91.55, 91.45, 91.32, 91.21, 91.22, 91.28, 91.34], [88.36, 88.36, 88.37, 88.38, 88.4, 88.42, 88.46, 88.52, 88.6, 88.64, 88.58, 89.24, 90.21, 90.43, 90.63, 91.23, 91.06, 91.11, 91.21, 91.29], [88.36, 88.37, 88.38, 88.39, 88.41, 88.44, 88.49, 88.58, 88.72, 88.84, 88.66, 89.16, 89.32, 90.41, 90.6, 90.77, 91.11, 91.09, 91.19, 91.27], [88.37, 88.37, 88.38, 88.4, 88.42, 88.45, 88.49, 88.57, 88.7, 88.81, 88.99, 89.06, 89.21, 90.37, 90.56, 90.54, 90.68, 90.72, 91.23, 91.28], [88.37, 88.37, 88.38, 88.4, 88.41, 88.43, 88.47, 88.51, 88.55, 88.55, 88.86, 88.93, 89.08, 89.93, 90.18, 90.38, 90.51, 90.56, 90.56, 90.52], [88.37, 88.37, 88.38, 88.39, 88.4, 88.41, 88.42, 88.43, 88.41, 88.65, 88.6, 88.74, 88.95, 89.17, 90.02, 90.22, 90.35, 90.42, 90.44, 90.44], [88.36, 88.37, 88.37, 88.38, 88.38, 88.39, 88.38, 88.36, 88.31, 88.42, 88.2, 88.56, 88.84, 89.07, 89.87, 90.07, 90.21, 90.29, 90.33, 90.35], [88.36, 88.36, 88.37, 88.37, 88.37, 88.37, 88.35, 88.33, 88.63, 88.43, 88.32, 88.56, 88.81, 89.02, 89.77, 89.96, 90.09, 90.18, 90.24, 90.27], [88.36, 88.36, 88.36, 88.36, 88.36, 88.35, 88.34, 88.31, 88.68, 88.59, 88.57, 88.67, 88.84, 89.01, 89.71, 89.88, 90.01, 90.1, 90.16, 90.2], [88.36, 88.36, 88.36, 88.35, 88.35, 88.34, 88.33, 88.81, 88.76, 88.71, 88.72, 88.78, 88.89, 89.02, 89.68, 89.83, 89.94, 90.03, 90.09, 90.14]]}