gis_exercise/awsData/contour/humi_2023090715.json
{"header": {"refTime": "2023-09-07T15:00:00.000Z", "nx": 21, "ny": 33, "lo1": 113.509, "la1": 22.2235, "lo2": 113.5947, "la2": 22.1034, "dx": 0.0042850000000001385, "dy": 0.003753125000000024, "parameterCategory": 0, "parameterCategoryName": "Temperature", "parameterNumber": 0}, "z": [[83.18, 83.23, 83.31, 84.66, 84.68, 82.86, 82.99, 83.11, 83.1, 83.42, 83.07, 82.72, 80.78, 80.55, 81.25, 81.25, 79.69, 79.78, 79.85, 79.9], [83.14, 83.19, 83.27, 83.36, 84.67, 84.7, 83.16, 83.46, 83.62, 83.65, 83.06, 82.53, 80.55, 80.32, 81.06, 79.59, 79.74, 79.85, 79.93, 79.97], [83.09, 83.14, 83.21, 83.3, 84.64, 84.68, 84.73, 83.74, 84.67, 83.85, 82.94, 82.17, 80.16, 79.99, 79.39, 79.62, 79.81, 79.96, 80.04, 80.07], [83.02, 83.07, 83.13, 83.21, 83.33, 84.63, 84.67, 84.76, 84.84, 83.59, 82.63, 81.54, 79.54, 79.81, 79.35, 79.68, 79.95, 80.12, 80.2, 80.2], [82.95, 82.98, 83.02, 83.09, 83.19, 84.55, 84.57, 84.61, 84.68, 83.29, 82.42, 79.76, 78.72, 79.56, 79.38, 79.82, 80.19, 80.38, 80.41, 80.35], [82.87, 82.88, 82.9, 82.94, 83.01, 83.1, 84.42, 84.4, 84.49, 84.71, 81.34, 80.27, 79.37, 78.33, 79.5, 80.05, 80.57, 80.79, 80.68, 80.51], [81.89, 82.77, 82.76, 82.77, 82.81, 82.88, 83.26, 84.09, 84.14, 83.6, 83.63, 81.05, 78.57, 78.51, 79.66, 80.28, 81.1, 81.4, 81.26, 81.01], [81.86, 81.85, 81.84, 81.85, 81.9, 82.92, 83.11, 83.25, 83.11, 83.87, 84.94, 81.15, 81.11, 78.5, 80.88, 80.56, 81.21, 81.45, 81.08, 80.83], [82.15, 82.12, 81.76, 81.73, 81.72, 81.8, 82.04, 83.18, 83.96, 83.42, 83.31, 82.28, 81.78, 82.44, 80.81, 80.44, 80.82, 80.98, 80.89, 80.74], [81.0, 81.0, 81.0, 81.94, 81.8, 81.45, 81.7, 82.04, 84.71, 84.54, 81.74, 82.92, 82.54, 82.72, 80.8, 80.31, 80.55, 80.68, 80.69, 80.63], [81.0, 81.0, 81.0, 81.0, 81.0, 81.0, 81.0, 81.0, 81.71, 84.03, 86.0, 83.33, 83.02, 83.0, 80.83, 80.21, 80.39, 80.49, 80.52, 80.5], [81.0, 81.0, 81.0, 81.0, 81.0, 81.0, 81.0, 81.0, 81.0, -999.0, 86.0, 79.0, 79.0, 83.21, 80.87, 80.11, 80.22, 84.84, 84.77, 84.76], [81.0, 81.0, 81.0, 81.0, 81.0, 81.0, 81.0, 81.0, 81.0, 81.0, -999.0, 79.0, 79.0, 84.22, 81.93, 83.82, 83.78, 84.4, 84.31, 84.26], [81.0, 81.0, 81.0, 81.0, 81.0, 81.0, 81.0, 81.0, 81.0, 81.0, -999.0, 87.0, 87.0, 87.0, 82.6, 84.24, 84.16, 84.78, 84.65, 84.55], [81.0, 81.0, 81.0, 81.0, 81.0, 81.0, 81.0, 80.0, 80.0, 80.0, 80.0, 82.69, 87.0, 87.0, 87.0, 84.71, 84.56, 85.14, 84.96, 84.81], [81.0, 81.0, 80.37, 80.36, 80.34, 80.0, 80.0, 80.0, 80.0, 80.0, 84.4, 83.91, 84.58, 85.15, 84.51, 86.27, 86.16, 86.35, 85.16, 85.02], [80.36, 80.35, 80.65, 80.63, 80.0, 80.0, 80.0, 80.0, 80.0, 80.0, 83.01, 83.88, 84.79, 85.63, 85.94, 85.99, 85.62, 85.34, 85.13, 84.98], [80.64, 80.63, 80.61, 80.59, 80.0, 80.0, 80.0, 80.0, 80.0, 81.78, 82.72, 83.77, 84.86, 85.87, 86.85, 86.1, 85.59, 85.26, 85.04, 84.89], [80.62, 80.61, 80.58, 80.0, 80.0, 80.0, 80.0, 80.0, 80.63, 81.36, 82.57, 83.47, 84.72, 85.53, 86.18, 85.81, 85.39, 85.09, 84.89, 84.77], [80.61, 80.59, 81.71, 81.63, 81.52, 81.36, 81.12, 80.49, 80.99, 81.73, 82.55, 83.31, 84.47, 85.03, 85.52, 85.32, 85.05, 84.84, 84.7, 84.62], [81.83, 81.79, 81.73, 81.24, 81.18, 81.09, 80.98, 80.86, 81.79, 82.15, 82.67, 83.21, 84.28, 85.11, 85.04, 84.88, 84.7, 84.56, 84.48, 84.44], [81.4, 81.38, 81.37, 81.35, 81.32, 81.29, 81.27, 81.04, 82.3, 82.51, 82.81, 83.16, 85.06, 84.79, 84.68, 84.53, 84.4, 84.3, 84.25, 84.26], [81.45, 81.45, 81.45, 81.09, 81.12, 81.16, 81.23, 81.32, 81.43, 81.49, 81.46, 82.64, 83.37, 84.56, 84.42, 84.3, 84.24, 84.08, 84.02, 84.09], [81.07, 81.09, 81.11, 81.14, 81.19, 81.27, 81.39, 81.57, 81.8, 81.91, 81.75, 82.74, 83.35, 83.43, 83.52, 84.12, 84.43, 83.66, 83.76, 83.94], [81.09, 81.11, 81.14, 81.18, 81.24, 81.33, 81.48, 81.73, 82.15, 82.51, 81.99, 82.62, 82.75, 83.39, 83.45, 83.48, 83.47, 83.05, 83.6, 83.85], [81.1, 81.12, 81.15, 81.19, 81.25, 81.34, 81.48, 81.71, 82.1, 82.42, 82.49, 82.42, 82.55, 83.36, 83.39, 82.91, 82.93, 82.88, 83.68, 83.85], [81.1, 81.12, 81.15, 81.19, 81.24, 81.3, 81.4, 81.52, 81.65, 81.65, 82.06, 82.09, 82.28, 82.24, 82.52, 82.71, 82.8, 82.82, 82.82, 82.82], [81.1, 81.12, 81.14, 81.17, 81.2, 81.23, 81.27, 81.28, 81.22, 81.54, 81.39, 81.18, 81.34, 81.47, 82.32, 82.52, 82.64, 82.71, 82.73, 82.74], [81.09, 81.11, 81.12, 81.14, 81.15, 81.16, 81.15, 81.09, 80.93, 80.95, 80.33, 80.85, 81.17, 81.36, 82.15, 82.36, 82.5, 82.59, 82.63, 82.66], [81.08, 81.09, 81.1, 81.11, 81.11, 81.1, 81.06, 80.98, 81.05, 80.71, 80.5, 80.82, 81.1, 81.29, 82.03, 82.24, 82.38, 82.48, 82.54, 82.58], [81.08, 81.08, 81.08, 81.08, 81.08, 81.05, 81.01, 80.94, 81.09, 80.92, 80.85, 80.96, 81.13, 81.28, 81.96, 82.15, 82.29, 82.39, 82.46, 82.51], [81.07, 81.07, 81.07, 81.06, 81.05, 81.03, 80.99, 81.26, 81.16, 81.07, 81.04, 81.1, 81.19, 81.3, 81.94, 82.1, 82.23, 82.32, 82.39, 82.44]]}