gis_exercise/awsData/contour/humi_2023090422.json
{"header": {"refTime": "2023-09-04T22:00:00.000Z", "nx": 21, "ny": 33, "lo1": 113.509, "la1": 22.2235, "lo2": 113.5947, "la2": 22.1034, "dx": 0.0042850000000001385, "dy": 0.003753125000000024, "parameterCategory": 0, "parameterCategoryName": "Temperature", "parameterNumber": 0}, "z": [[69.25, 69.33, 69.42, 70.56, 70.63, 70.04, 70.19, 70.34, 70.38, 70.79, 70.56, 70.34, 69.45, 69.31, 70.35, 70.41, 69.42, 69.52, 69.59, 69.63], [69.2, 69.27, 69.37, 69.5, 70.61, 70.73, 70.31, 70.62, 70.81, 70.97, 70.58, 70.24, 69.32, 69.18, 70.24, 69.32, 69.47, 69.59, 69.67, 69.72], [69.13, 69.19, 69.28, 69.41, 70.55, 70.67, 70.88, 70.85, 71.71, 71.12, 70.5, 70.04, 69.11, 69.0, 69.13, 69.36, 69.56, 69.71, 69.8, 69.83], [69.05, 69.1, 69.17, 69.28, 69.43, 70.54, 70.71, 71.01, 71.28, 70.89, 70.28, 69.69, 68.77, 68.59, 69.1, 69.43, 69.71, 69.89, 69.97, 69.97], [68.95, 68.98, 69.03, 69.1, 69.21, 70.35, 70.42, 70.53, 70.62, 70.57, 70.07, 68.59, 68.24, 68.5, 69.12, 69.58, 69.97, 70.18, 70.2, 70.13], [68.85, 68.86, 68.87, 68.91, 68.96, 69.04, 70.07, 70.02, 70.08, 70.26, 69.15, 68.75, 68.44, 68.0, 69.22, 69.81, 70.39, 70.63, 70.5, 70.31], [67.45, 68.72, 68.7, 68.7, 68.7, 68.72, 68.51, 69.46, 69.45, 69.38, 69.65, 68.99, 68.0, 68.0, 69.33, 70.05, 70.98, 71.32, 71.26, 71.01], [67.43, 67.42, 67.42, 67.43, 67.45, 68.3, 68.39, 68.4, 68.34, 69.52, 70.41, 68.92, 68.9, 68.0, 70.51, 70.08, 70.95, 71.27, 70.77, 70.44], [67.57, 67.56, 67.38, 67.37, 67.36, 67.4, 67.52, 68.42, 68.96, 69.28, 69.85, 69.41, 69.19, 69.48, 70.41, 69.92, 70.43, 70.64, 70.52, 70.33], [67.0, 67.0, 67.0, 67.47, 67.4, 67.23, 67.35, 67.52, 69.71, 69.54, 69.18, 69.68, 69.52, 69.6, 70.4, 69.75, 70.07, 70.24, 70.25, 70.17], [67.0, 67.0, 67.0, 67.0, 67.0, 67.0, 67.0, 67.0, 67.35, 69.03, 71.0, 69.86, 69.72, 69.71, 70.45, 69.62, 69.85, 69.99, 70.02, 70.0], [67.0, 67.0, 67.0, 67.0, 67.0, 67.0, 67.0, 67.0, 67.0, -999.0, 71.0, 68.0, 68.0, 69.81, 70.49, 69.48, 69.62, 77.68, 77.55, 77.51], [67.0, 67.0, 67.0, 67.0, 67.0, 67.0, 67.0, 67.0, 67.0, 67.0, -999.0, 68.0, 68.0, 77.14, 73.12, 75.64, 75.57, 76.8, 76.62, 76.51], [67.0, 67.0, 67.0, 67.0, 67.0, 67.0, 67.0, 67.0, 67.0, 67.0, -999.0, 82.0, 82.0, 82.0, 74.3, 76.47, 76.31, 77.57, 77.3, 77.09], [67.0, 67.0, 67.0, 67.0, 67.0, 67.0, 67.0, 74.0, 74.0, 74.0, 74.0, 77.07, 82.0, 82.0, 82.0, 77.42, 77.12, 78.28, 77.92, 77.62], [67.0, 67.0, 71.4, 71.48, 71.62, 74.0, 74.0, 74.0, 74.0, 74.0, 79.03, 78.46, 79.24, 79.89, 79.15, 80.53, 80.31, 80.7, 78.32, 78.05], [71.49, 71.54, 69.47, 69.59, 74.0, 74.0, 74.0, 74.0, 74.0, 74.0, 77.44, 78.43, 79.48, 80.44, 80.6, 81.66, 81.54, 81.45, 81.4, 81.36], [69.5, 69.58, 69.71, 69.89, 74.0, 74.0, 74.0, 74.0, 74.0, 76.03, 77.11, 78.31, 79.56, 80.52, 81.8, 81.69, 81.52, 81.42, 81.36, 81.33], [69.64, 69.75, 69.91, 74.0, 74.0, 74.0, 74.0, 74.0, 74.72, 75.56, 76.3, 77.3, 79.08, 80.06, 81.71, 81.58, 81.43, 81.34, 81.3, 81.29], [69.73, 69.85, 74.0, 74.0, 74.0, 74.0, 74.0, 74.0, 74.75, 75.38, 76.16, 77.0, 78.72, 79.35, 81.46, 81.38, 81.28, 81.23, 81.22, 81.24], [74.0, 74.0, 74.0, 74.0, 74.0, 74.0, 74.0, 74.0, 75.24, 75.57, 76.08, 76.69, 78.42, 81.31, 81.25, 81.16, 81.09, 81.09, 81.14, 81.19], [74.0, 74.0, 74.0, 74.0, 74.0, 74.0, 74.0, 73.3, 75.39, 75.59, 75.93, 76.38, 78.11, 81.19, 81.08, 80.93, 80.84, 80.92, 81.07, 81.17], [74.0, 74.0, 74.0, 72.99, 73.04, 73.09, 73.15, 73.21, 73.24, 73.23, 73.16, 75.05, 78.3, 81.11, 80.96, 80.7, 80.38, 80.72, 81.08, 81.2], [72.84, 72.86, 72.89, 72.92, 72.96, 73.0, 73.07, 73.16, 73.27, 73.3, 73.17, 73.98, 78.16, 78.88, 79.46, 80.67, 79.39, 81.12, 81.32, 81.3], [72.79, 72.81, 72.82, 72.84, 72.87, 72.91, 72.98, 73.11, 73.38, 73.63, 73.2, 73.78, 74.07, 78.85, 79.52, 80.11, 81.51, 82.27, 81.57, 81.39], [72.74, 72.75, 72.75, 72.76, 72.77, 72.79, 72.84, 72.96, 73.23, 73.48, 73.48, 73.49, 73.76, 78.78, 79.46, 79.45, 80.24, 80.56, 81.54, 81.42], [72.69, 72.69, 72.68, 72.67, 72.66, 72.65, 72.65, 72.67, 72.7, 72.63, 72.92, 73.02, 73.36, 77.08, 78.06, 78.87, 79.47, 79.75, 79.7, 79.5], [72.64, 72.63, 72.61, 72.58, 72.55, 72.5, 72.43, 72.33, 72.13, 72.19, 71.99, 73.25, 74.22, 75.27, 77.46, 78.25, 78.81, 79.11, 79.19, 79.14], [72.6, 72.57, 72.54, 72.5, 72.45, 72.37, 72.25, 72.05, 71.7, 71.37, 70.89, 72.47, 73.75, 74.83, 76.92, 77.7, 78.24, 78.58, 78.74, 78.78], [72.56, 72.53, 72.49, 72.43, 72.36, 72.27, 72.12, 71.9, 72.74, 71.9, 71.4, 72.47, 73.6, 74.58, 76.54, 77.27, 77.79, 78.14, 78.35, 78.46], [72.52, 72.48, 72.44, 72.38, 72.31, 72.2, 72.06, 71.87, 73.0, 72.59, 72.5, 72.99, 73.75, 74.52, 76.31, 76.96, 77.45, 77.8, 78.03, 78.18], [72.49, 72.45, 72.4, 72.35, 72.27, 72.17, 72.05, 73.58, 73.34, 73.16, 73.19, 73.5, 74.0, 74.57, 76.22, 76.77, 77.2, 77.54, 77.77, 77.94]]}