gis_exercise/awsData/contour/humi_2023090616.json
{"header": {"refTime": "2023-09-06T16:00:00.000Z", "nx": 21, "ny": 33, "lo1": 113.509, "la1": 22.2235, "lo2": 113.5947, "la2": 22.1034, "dx": 0.0042850000000001385, "dy": 0.003753125000000024, "parameterCategory": 0, "parameterCategoryName": "Temperature", "parameterNumber": 0}, "z": [[73.88, 73.95, 74.04, 75.92, 75.93, 73.86, 73.99, 74.11, 74.1, 74.62, 74.28, 73.95, 72.02, 71.81, 72.25, 72.25, 70.96, 71.05, 71.12, 71.16], [73.83, 73.9, 73.99, 74.11, 75.91, 75.93, 74.16, 74.46, 74.62, 74.82, 74.27, 73.75, 71.79, 71.57, 72.06, 70.85, 71.0, 71.11, 71.19, 71.23], [73.77, 73.83, 73.92, 74.04, 75.89, 75.9, 75.93, 74.74, 75.67, 74.99, 74.14, 73.39, 71.38, 71.24, 70.64, 70.87, 71.07, 71.2, 71.28, 71.32], [73.69, 73.74, 73.82, 73.93, 74.08, 75.86, 75.89, 75.93, 75.98, 74.78, 73.86, 72.75, 70.73, 71.23, 70.6, 70.93, 71.19, 71.35, 71.42, 71.43], [73.6, 73.64, 73.69, 73.78, 73.9, 75.8, 75.81, 75.85, 75.93, 74.59, 73.71, 71.15, 69.89, 70.94, 70.63, 71.07, 71.41, 71.59, 71.62, 71.57], [73.49, 73.51, 73.54, 73.6, 73.69, 73.83, 75.68, 75.67, 75.8, 76.11, 73.0, 71.77, 70.72, 69.67, 70.78, 71.29, 71.76, 71.95, 71.86, 71.71], [72.34, 73.37, 73.36, 73.38, 73.44, 73.56, 74.26, 75.32, 75.42, 75.26, 75.44, 72.78, 70.14, 70.02, 70.99, 71.52, 72.23, 72.49, 72.26, 72.01], [72.28, 72.27, 72.26, 72.28, 72.35, 73.77, 74.05, 74.29, 74.28, 75.54, 76.86, 73.15, 73.11, 69.99, 72.26, 72.04, 72.48, 72.63, 72.39, 72.22], [72.72, 72.67, 72.14, 72.1, 72.08, 72.19, 72.56, 74.16, 75.27, 75.06, 75.31, 74.28, 73.78, 74.44, 72.2, 71.96, 72.21, 72.32, 72.26, 72.16], [71.0, 71.0, 71.0, 72.4, 72.21, 71.68, 72.05, 72.56, 76.27, 76.05, 73.74, 74.92, 74.54, 74.72, 72.2, 71.87, 72.04, 72.12, 72.12, 72.09], [71.0, 71.0, 71.0, 71.0, 71.0, 71.0, 71.0, 71.0, 72.06, 75.37, 78.0, 75.33, 75.02, 75.0, 72.22, 71.81, 71.93, 72.0, 72.01, 72.0], [71.0, 71.0, 71.0, 71.0, 71.0, 71.0, 71.0, 71.0, 71.0, -999.0, 78.0, 71.0, 71.0, 75.21, 72.24, 71.74, 71.81, 74.14, 74.11, 74.1], [71.0, 71.0, 71.0, 71.0, 71.0, 71.0, 71.0, 71.0, 71.0, 71.0, -999.0, 71.0, 71.0, 73.61, 72.46, 73.73, 73.71, 73.96, 73.92, 73.9], [71.0, 71.0, 71.0, 71.0, 71.0, 71.0, 71.0, 71.0, 71.0, 71.0, -999.0, 75.0, 75.0, 75.0, 72.8, 73.89, 73.86, 74.11, 74.06, 74.02], [71.0, 71.0, 71.0, 71.0, 71.0, 71.0, 71.0, 71.0, 71.0, 71.0, 71.0, 72.54, 75.0, 75.0, 75.0, 74.08, 74.02, 74.26, 74.18, 74.12], [71.0, 71.0, 71.0, 71.0, 71.0, 71.0, 71.0, 71.0, 71.0, 71.0, 73.52, 73.23, 73.62, 73.95, 73.57, 73.9, 73.73, 74.03, 73.66, 73.57], [71.0, 71.0, 71.0, 71.0, 71.0, 71.0, 71.0, 71.0, 71.0, 71.0, 72.72, 73.22, 73.74, 74.22, 74.19, 74.82, 74.75, 74.71, 74.68, 74.66], [71.0, 71.0, 71.0, 71.0, 71.0, 71.0, 71.0, 71.0, 71.0, 72.02, 72.55, 73.15, 73.78, 74.16, 74.88, 74.83, 74.74, 74.68, 74.66, 74.65], [71.0, 71.0, 71.0, 71.0, 71.0, 71.0, 71.0, 71.0, 71.36, 71.78, 72.52, 73.04, 73.36, 73.88, 74.84, 74.77, 74.69, 74.64, 74.62, 74.62], [71.0, 71.0, 72.14, 72.09, 72.01, 71.91, 71.75, 71.33, 71.6, 72.04, 72.52, 72.96, 73.14, 73.45, 74.7, 74.65, 74.6, 74.57, 74.58, 74.6], [72.22, 72.19, 72.15, 71.83, 71.79, 71.73, 71.65, 71.57, 72.09, 72.31, 72.61, 72.92, 72.93, 74.61, 74.57, 74.51, 74.47, 74.48, 74.53, 74.57], [71.93, 71.92, 71.91, 71.9, 71.88, 71.86, 71.84, 71.17, 72.41, 72.54, 72.72, 72.91, 73.39, 74.54, 74.46, 74.36, 74.29, 74.37, 74.49, 74.57], [71.97, 71.97, 71.97, 70.97, 71.02, 71.09, 71.18, 71.28, 71.38, 71.42, 71.34, 72.15, 73.85, 74.5, 74.39, 74.19, 73.95, 74.23, 74.52, 74.61], [70.84, 70.87, 70.91, 70.95, 71.01, 71.1, 71.23, 71.42, 71.65, 71.75, 71.54, 71.51, 73.84, 73.96, 74.03, 74.18, 73.14, 74.58, 74.73, 74.7], [70.82, 70.84, 70.87, 70.92, 70.98, 71.07, 71.22, 71.49, 71.97, 72.39, 71.73, 71.45, 71.28, 73.99, 74.12, 74.26, 74.91, 75.54, 74.94, 74.78], [70.79, 70.81, 70.83, 70.86, 70.91, 70.99, 71.12, 71.36, 71.83, 72.22, 71.63, 71.21, 71.07, 74.01, 74.17, 73.61, 74.15, 74.38, 74.92, 74.81], [70.75, 70.76, 70.78, 70.79, 70.82, 70.86, 70.92, 71.01, 71.13, 71.07, 70.88, 70.72, 70.75, 72.19, 72.78, 73.28, 73.66, 73.84, 73.81, 73.68], [70.72, 70.72, 70.72, 70.71, 70.71, 70.7, 70.67, 70.6, 70.41, 70.13, 69.86, 70.81, 71.45, 72.1, 72.42, 72.91, 73.25, 73.44, 73.49, 73.45], [70.68, 70.67, 70.66, 70.64, 70.6, 70.55, 70.45, 70.26, 69.89, 69.26, 68.78, 70.09, 71.04, 71.77, 72.11, 72.58, 72.91, 73.11, 73.21, 73.23], [70.64, 70.62, 70.6, 70.57, 70.51, 70.43, 70.3, 70.08, 70.42, 69.66, 69.2, 70.05, 70.91, 71.58, 71.88, 72.32, 72.63, 72.84, 72.97, 73.03], [70.61, 70.58, 70.55, 70.51, 70.45, 70.36, 70.22, 70.02, 70.58, 70.21, 70.1, 70.46, 71.01, 71.54, 71.74, 72.13, 72.43, 72.64, 72.78, 72.86], [70.58, 70.55, 70.51, 70.47, 70.4, 70.31, 70.2, 71.05, 70.83, 70.65, 70.64, 70.84, 71.19, 71.58, 71.69, 72.01, 72.28, 72.48, 72.62, 72.71]]}