gis_exercise/awsData/contour/humi_2023090623.json
{"header": {"refTime": "2023-09-06T23:00:00.000Z", "nx": 21, "ny": 33, "lo1": 113.509, "la1": 22.2235, "lo2": 113.5947, "la2": 22.1034, "dx": 0.0042850000000001385, "dy": 0.003753125000000024, "parameterCategory": 0, "parameterCategoryName": "Temperature", "parameterNumber": 0}, "z": [[84.85, 84.9, 84.96, 86.33, 86.37, 84.57, 84.75, 84.92, 84.95, 85.87, 85.59, 85.3, 84.14, 83.99, 84.23, 84.29, 83.85, 83.96, 84.05, 84.1], [84.81, 84.86, 84.92, 85.01, 86.34, 86.4, 84.91, 85.28, 85.5, 86.03, 85.57, 85.14, 83.93, 83.78, 84.08, 83.71, 83.89, 84.02, 84.12, 84.18], [84.77, 84.81, 84.86, 84.94, 86.28, 86.35, 86.47, 85.57, 86.63, 86.18, 85.47, 84.82, 83.56, 83.48, 83.44, 83.72, 83.96, 84.13, 84.22, 84.27], [84.71, 84.74, 84.78, 84.84, 84.94, 86.25, 86.35, 86.52, 86.69, 86.01, 85.23, 84.27, 82.93, 83.49, 83.38, 83.79, 84.1, 84.29, 84.37, 84.39], [84.65, 84.67, 84.69, 84.72, 84.77, 86.1, 86.13, 86.23, 86.36, 85.87, 85.12, 83.34, 82.0, 83.2, 83.42, 83.95, 84.34, 84.54, 84.58, 84.54], [84.59, 84.59, 84.59, 84.59, 84.59, 84.59, 85.84, 85.81, 85.99, 86.43, 85.16, 84.04, 82.97, 82.34, 83.65, 84.22, 84.72, 84.93, 84.84, 84.69], [83.55, 84.52, 84.49, 84.47, 84.43, 84.36, 84.77, 85.17, 85.29, 86.16, 86.81, 85.26, 83.28, 83.04, 83.97, 84.51, 85.22, 85.48, 85.08, 84.76], [83.57, 83.58, 83.58, 83.57, 83.55, 84.74, 84.64, 84.23, 83.8, 86.37, 88.05, 86.23, 86.21, 82.99, 85.63, 85.52, 85.74, 85.82, 85.69, 85.61], [83.43, 83.44, 83.62, 83.63, 83.64, 83.6, 83.48, 84.55, 84.91, 85.98, 87.46, 86.87, 86.59, 86.97, 85.6, 85.48, 85.61, 85.66, 85.63, 85.58], [84.0, 84.0, 84.0, 83.53, 83.6, 83.77, 83.65, 83.48, 86.41, 86.08, 86.57, 87.24, 87.02, 87.13, 85.6, 85.44, 85.52, 85.56, 85.56, 85.54], [84.0, 84.0, 84.0, 84.0, 84.0, 84.0, 84.0, 84.0, 83.65, 85.05, 89.0, 87.48, 87.3, 87.28, 85.61, 85.4, 85.46, 85.5, 85.51, 85.5], [84.0, 84.0, 84.0, 84.0, 84.0, 84.0, 84.0, 84.0, 84.0, -999.0, 89.0, 85.0, 85.0, 87.41, 85.62, 85.37, 85.41, 88.84, 88.77, 88.76], [84.0, 84.0, 84.0, 84.0, 84.0, 84.0, 84.0, 84.0, 84.0, 84.0, -999.0, 85.0, 85.0, 88.92, 87.19, 87.82, 87.78, 88.4, 88.31, 88.26], [84.0, 84.0, 84.0, 84.0, 84.0, 84.0, 84.0, 84.0, 84.0, 84.0, -999.0, 91.0, 91.0, 91.0, 87.7, 88.24, 88.16, 88.78, 88.65, 88.55], [84.0, 84.0, 84.0, 84.0, 84.0, 84.0, 84.0, 86.0, 86.0, 86.0, 86.0, 87.92, 91.0, 91.0, 91.0, 88.71, 88.56, 89.14, 88.96, 88.81], [84.0, 84.0, 85.26, 85.28, 85.32, 86.0, 86.0, 86.0, 86.0, 86.0, 89.15, 88.79, 89.27, 89.68, 89.22, 89.9, 89.73, 90.03, 88.89, 88.73], [85.28, 85.3, 84.71, 84.74, 86.0, 86.0, 86.0, 86.0, 86.0, 86.0, 88.15, 88.77, 89.42, 90.02, 90.07, 90.53, 90.37, 90.24, 90.16, 90.1], [84.71, 84.74, 84.77, 84.83, 86.0, 86.0, 86.0, 86.0, 86.0, 87.27, 87.94, 88.69, 89.47, 90.02, 90.86, 90.58, 90.35, 90.2, 90.11, 90.05], [84.75, 84.79, 84.83, 86.0, 86.0, 86.0, 86.0, 86.0, 86.45, 86.97, 88.55, 89.23, 89.09, 89.71, 90.61, 90.44, 90.24, 90.11, 90.04, 90.0], [84.78, 84.81, 89.43, 89.26, 89.04, 88.72, 88.24, 86.99, 87.13, 87.9, 88.68, 89.25, 88.84, 89.23, 90.29, 90.19, 90.07, 89.98, 89.94, 89.93], [89.66, 89.57, 89.46, 88.48, 88.36, 88.18, 87.95, 87.71, 88.19, 88.55, 89.01, 89.4, 88.62, 90.1, 90.04, 89.95, 89.86, 89.82, 89.83, 89.86], [88.8, 88.77, 88.74, 88.7, 88.64, 88.59, 88.53, 88.6, 89.02, 89.23, 89.46, 89.65, 90.37, 89.94, 89.84, 89.72, 89.62, 89.65, 89.73, 89.8], [88.9, 88.9, 88.91, 88.94, 88.96, 89.01, 89.09, 89.24, 89.43, 89.56, 89.55, 89.18, 90.37, 89.83, 89.7, 89.51, 89.3, 89.47, 89.68, 89.77], [89.01, 89.02, 89.05, 89.1, 89.17, 89.29, 89.48, 89.77, 90.15, 90.33, 90.12, 90.27, 90.44, 90.14, 89.85, 89.45, 88.72, 89.62, 89.76, 89.8], [89.07, 89.11, 89.16, 89.23, 89.33, 89.49, 89.74, 90.13, 90.77, 91.3, 90.57, 90.34, 89.94, 90.2, 89.94, 89.75, 89.81, 90.18, 89.88, 89.83], [89.13, 89.18, 89.23, 89.32, 89.43, 89.59, 89.84, 90.2, 90.77, 91.22, 90.77, 90.27, 89.92, 90.27, 90.06, 89.48, 89.65, 89.75, 89.88, 89.85], [89.18, 89.23, 89.29, 89.37, 89.48, 89.62, 89.8, 90.03, 90.27, 90.33, 90.3, 90.04, 89.83, 89.33, 89.39, 89.47, 89.55, 89.6, 89.59, 89.55], [89.21, 89.26, 89.32, 89.4, 89.49, 89.59, 89.71, 89.81, 89.85, 89.93, 89.76, 90.18, 90.34, 90.47, 89.37, 89.43, 89.49, 89.52, 89.52, 89.51], [89.24, 89.28, 89.34, 89.4, 89.47, 89.55, 89.61, 89.64, 89.58, 89.5, 89.33, 89.85, 90.17, 90.36, 89.35, 89.4, 89.44, 89.47, 89.48, 89.48], [89.25, 89.29, 89.34, 89.39, 89.45, 89.5, 89.53, 89.53, 90.05, 89.71, 89.5, 89.82, 90.1, 90.29, 89.33, 89.37, 89.41, 89.43, 89.44, 89.45], [89.26, 89.3, 89.34, 89.38, 89.42, 89.46, 89.48, 89.47, 90.09, 89.92, 89.85, 89.96, 90.13, 90.28, 89.31, 89.35, 89.38, 89.4, 89.42, 89.43], [89.26, 89.3, 89.33, 89.37, 89.4, 89.42, 89.44, 90.26, 90.16, 90.07, 90.04, 90.1, 90.19, 90.3, 89.31, 89.34, 89.36, 89.38, 89.4, 89.41]]}