gis_exercise/awsData/contour/humi_2023091109.json
{"header": {"refTime": "2023-09-11T09:00:00.000Z", "nx": 21, "ny": 33, "lo1": 113.509, "la1": 22.2235, "lo2": 113.5947, "la2": 22.1034, "dx": 0.0042850000000001385, "dy": 0.003753125000000024, "parameterCategory": 0, "parameterCategoryName": "Temperature", "parameterNumber": 0}, "z": [[90.4, 90.43, 90.46, 91.51, 91.49, 89.84, 89.9, 89.94, 89.91, 90.12, 89.89, 89.66, 87.81, 87.64, 88.36, 88.37, 87.07, 87.14, 87.19, 87.23], [90.39, 90.41, 90.45, 90.49, 91.49, 91.45, 90.01, 90.15, 90.21, 90.25, 89.88, 89.52, 87.65, 87.48, 88.23, 86.99, 87.11, 87.2, 87.26, 87.29], [90.36, 90.39, 90.42, 90.47, 91.49, 91.45, 91.39, 90.32, 90.81, 90.36, 89.79, 89.26, 87.38, 87.25, 86.85, 87.02, 87.17, 87.28, 87.35, 87.37], [90.33, 90.36, 90.39, 90.43, 90.49, 91.47, 91.42, 91.34, 91.27, 90.24, 89.6, 88.8, 86.96, 87.38, 86.83, 87.08, 87.28, 87.42, 87.47, 87.47], [90.3, 90.32, 90.34, 90.38, 90.44, 91.5, 91.48, 91.46, 91.49, 90.16, 89.53, 87.37, 86.55, 87.18, 86.84, 87.18, 87.48, 87.63, 87.65, 87.6], [90.26, 90.27, 90.28, 90.32, 90.37, 90.45, 91.51, 91.53, 91.61, 91.78, 88.69, 87.76, 87.03, 86.0, 86.91, 87.36, 87.79, 87.97, 87.88, 87.73], [89.89, 90.21, 90.21, 90.23, 90.27, 90.36, 91.01, 91.48, 91.56, 90.94, 90.83, 88.32, 86.0, 86.0, 87.0, 87.54, 88.23, 88.49, 88.45, 88.26], [89.86, 89.85, 89.84, 89.85, 89.9, 90.7, 90.88, 91.07, 90.94, 91.2, 92.02, 88.15, 88.11, 86.0, 87.88, 87.56, 88.21, 88.45, 88.08, 87.83], [90.15, 90.12, 89.76, 89.73, 89.72, 89.8, 90.04, 90.96, 91.64, 90.78, 90.31, 89.28, 88.78, 89.44, 87.81, 87.44, 87.82, 87.98, 87.89, 87.74], [89.0, 89.0, 89.0, 89.94, 89.8, 89.45, 89.7, 90.04, 92.14, 92.03, 88.74, 89.92, 89.54, 89.72, 87.8, 87.31, 87.55, 87.68, 87.69, 87.63], [89.0, 89.0, 89.0, 89.0, 89.0, 89.0, 89.0, 89.0, 89.71, 91.68, 93.0, 90.33, 90.02, 90.0, 87.83, 87.21, 87.39, 87.49, 87.52, 87.5], [89.0, 89.0, 89.0, 89.0, 89.0, 89.0, 89.0, 89.0, 89.0, -999.0, 93.0, 86.0, 86.0, 90.21, 87.87, 87.11, 87.22, 91.84, 91.77, 91.76], [89.0, 89.0, 89.0, 89.0, 89.0, 89.0, 89.0, 89.0, 89.0, 89.0, -999.0, 86.0, 86.0, 91.22, 88.93, 90.82, 90.78, 91.4, 91.31, 91.26], [89.0, 89.0, 89.0, 89.0, 89.0, 89.0, 89.0, 89.0, 89.0, 89.0, -999.0, 94.0, 94.0, 94.0, 89.6, 91.24, 91.16, 91.78, 91.65, 91.55], [89.0, 89.0, 89.0, 89.0, 89.0, 89.0, 89.0, 87.0, 87.0, 87.0, 87.0, 89.69, 94.0, 94.0, 94.0, 91.71, 91.56, 92.14, 91.96, 91.81], [89.0, 89.0, 87.74, 87.72, 87.68, 87.0, 87.0, 87.0, 87.0, 87.0, 91.4, 90.91, 91.58, 92.15, 91.51, 92.9, 92.73, 93.03, 91.89, 91.73], [87.72, 87.7, 88.29, 88.26, 87.0, 87.0, 87.0, 87.0, 87.0, 87.0, 90.01, 90.88, 91.79, 92.63, 92.83, 92.69, 92.22, 91.85, 91.59, 91.4], [88.29, 88.26, 88.23, 88.17, 87.0, 87.0, 87.0, 87.0, 87.0, 88.78, 89.72, 90.77, 91.86, 92.76, 93.83, 92.84, 92.18, 91.75, 91.47, 91.28], [88.25, 88.21, 88.17, 87.0, 87.0, 87.0, 87.0, 87.0, 87.63, 88.36, 89.94, 90.86, 91.54, 92.38, 92.94, 92.46, 91.91, 91.53, 91.28, 91.12], [88.22, 88.19, 89.86, 89.72, 89.53, 89.27, 88.86, 87.82, 88.21, 89.07, 90.0, 90.77, 91.24, 91.8, 92.09, 91.83, 91.48, 91.2, 91.03, 90.92], [90.05, 89.98, 89.88, 89.07, 88.96, 88.82, 88.63, 88.43, 89.26, 89.68, 90.24, 90.79, 91.0, 91.55, 91.45, 91.24, 91.01, 90.84, 90.74, 90.7], [89.33, 89.31, 89.28, 89.25, 89.2, 89.15, 89.11, 88.91, 90.01, 90.25, 90.56, 90.88, 92.39, 91.14, 90.98, 90.78, 90.6, 90.49, 90.45, 90.47], [89.42, 89.42, 89.42, 89.07, 89.11, 89.16, 89.26, 89.4, 89.57, 89.68, 89.64, 90.26, 90.48, 90.83, 90.65, 90.46, 90.35, 90.19, 90.16, 90.26], [89.07, 89.09, 89.13, 89.18, 89.25, 89.37, 89.55, 89.83, 90.18, 90.35, 90.12, 90.76, 90.53, 90.28, 90.08, 90.23, 90.46, 89.71, 89.86, 90.08], [89.11, 89.14, 89.19, 89.25, 89.35, 89.5, 89.73, 90.11, 90.75, 91.28, 90.51, 90.72, 90.56, 90.28, 90.04, 89.83, 89.53, 89.1, 89.7, 89.99], [89.14, 89.18, 89.23, 89.3, 89.4, 89.54, 89.76, 90.11, 90.69, 91.16, 90.88, 90.53, 90.4, 90.29, 90.05, 89.21, 89.14, 89.07, 89.79, 89.99], [89.16, 89.2, 89.25, 89.31, 89.4, 89.51, 89.66, 89.86, 90.07, 90.09, 90.28, 90.14, 90.15, 88.96, 89.06, 89.12, 89.12, 89.11, 89.12, 89.14], [89.17, 89.2, 89.25, 89.3, 89.36, 89.43, 89.5, 89.55, 89.5, 89.68, 89.47, 89.18, 89.22, 89.18, 88.97, 89.04, 89.08, 89.09, 89.1, 89.11], [89.17, 89.2, 89.23, 89.27, 89.31, 89.34, 89.35, 89.3, 89.12, 89.0, 88.34, 88.83, 89.04, 89.1, 88.9, 88.98, 89.03, 89.06, 89.08, 89.09], [89.17, 89.19, 89.22, 89.24, 89.26, 89.27, 89.24, 89.15, 89.08, 88.72, 88.49, 88.77, 88.97, 89.05, 88.85, 88.93, 88.99, 89.02, 89.05, 89.06], [89.16, 89.18, 89.2, 89.21, 89.22, 89.21, 89.17, 89.09, 89.08, 88.9, 88.81, 88.88, 88.98, 89.04, 88.83, 88.9, 88.96, 88.99, 89.02, 89.04], [89.15, 89.17, 89.18, 89.18, 89.18, 89.17, 89.13, 89.23, 89.12, 89.02, 88.97, 88.98, 89.02, 89.06, 88.81, 88.88, 88.93, 88.97, 89.0, 89.02]]}