gis_exercise/awsData/contour/humi_2023090216.json
{"header": {"refTime": "2023-09-02T16:00:00.000Z", "nx": 21, "ny": 33, "lo1": 113.509, "la1": 22.2235, "lo2": 113.5947, "la2": 22.1034, "dx": 0.0042850000000001385, "dy": 0.003753125000000024, "parameterCategory": 0, "parameterCategoryName": "Temperature", "parameterNumber": 0}, "z": [[86.4, 86.43, 86.46, 87.77, 87.74, 86.07, 86.12, 86.15, 86.13, 86.57, 86.41, 86.25, 84.93, 84.82, 85.06, 85.09, 84.6, 84.67, 84.72, 84.76], [86.39, 86.41, 86.45, 86.49, 87.73, 87.67, 86.2, 86.32, 86.37, 86.63, 86.38, 86.13, 84.79, 84.69, 84.96, 84.52, 84.63, 84.71, 84.77, 84.8], [86.36, 86.39, 86.42, 86.47, 87.74, 87.68, 87.58, 86.46, 86.85, 86.69, 86.32, 85.91, 84.56, 84.49, 84.36, 84.53, 84.68, 84.78, 84.84, 84.86], [86.33, 86.36, 86.39, 86.43, 86.49, 87.71, 87.63, 87.51, 87.4, 86.66, 86.21, 85.53, 84.16, 84.84, 84.33, 84.57, 84.76, 84.88, 84.93, 84.94], [86.3, 86.32, 86.34, 86.38, 86.44, 87.75, 87.72, 87.7, 87.74, 86.74, 86.23, 84.76, 83.74, 84.6, 84.35, 84.67, 84.92, 85.04, 85.07, 85.04], [86.26, 86.27, 86.28, 86.32, 86.37, 86.45, 87.77, 87.79, 87.91, 88.17, 86.23, 85.27, 84.42, 83.67, 84.48, 84.84, 85.16, 85.29, 85.23, 85.13], [85.89, 86.21, 86.21, 86.23, 86.27, 86.36, 87.26, 87.71, 87.84, 87.99, 88.14, 86.12, 84.14, 84.02, 84.65, 85.01, 85.48, 85.66, 85.45, 85.26], [85.86, 85.85, 85.84, 85.85, 85.9, 86.92, 87.11, 87.25, 87.22, 88.19, 89.17, 86.54, 86.51, 83.99, 85.63, 85.52, 85.74, 85.82, 85.69, 85.61], [86.15, 86.12, 85.76, 85.73, 85.72, 85.8, 86.04, 87.18, 87.96, 87.85, 88.08, 87.34, 86.98, 87.46, 85.6, 85.48, 85.61, 85.66, 85.63, 85.58], [85.0, 85.0, 85.0, 85.94, 85.8, 85.45, 85.7, 86.04, 88.71, 88.54, 86.96, 87.8, 87.53, 87.66, 85.6, 85.44, 85.52, 85.56, 85.56, 85.54], [85.0, 85.0, 85.0, 85.0, 85.0, 85.0, 85.0, 85.0, 85.71, 88.03, 90.0, 88.09, 87.87, 87.85, 85.61, 85.4, 85.46, 85.5, 85.51, 85.5], [85.0, 85.0, 85.0, 85.0, 85.0, 85.0, 85.0, 85.0, 85.0, -999.0, 90.0, 85.0, 85.0, 88.01, 85.62, 85.37, 85.41, 89.98, 89.88, 89.86], [85.0, 85.0, 85.0, 85.0, 85.0, 85.0, 85.0, 85.0, 85.0, 85.0, -999.0, 85.0, 85.0, 90.22, 87.93, 88.55, 88.5, 89.36, 89.24, 89.16], [85.0, 85.0, 85.0, 85.0, 85.0, 85.0, 85.0, 85.0, 85.0, 85.0, -999.0, 93.0, 93.0, 93.0, 88.6, 89.13, 89.02, 89.9, 89.71, 89.57], [85.0, 85.0, 85.0, 85.0, 85.0, 85.0, 85.0, 87.0, 87.0, 87.0, 87.0, 89.31, 93.0, 93.0, 93.0, 89.8, 89.59, 90.39, 90.14, 89.93], [85.0, 85.0, 86.26, 86.28, 86.32, 87.0, 87.0, 87.0, 87.0, 87.0, 90.78, 90.35, 90.93, 91.42, 90.86, 91.53, 91.31, 91.7, 90.1, 89.88], [86.28, 86.3, 85.71, 85.74, 87.0, 87.0, 87.0, 87.0, 87.0, 87.0, 89.58, 90.32, 91.11, 91.83, 91.84, 92.24, 91.97, 91.76, 91.61, 91.51], [85.71, 85.74, 85.77, 85.83, 87.0, 87.0, 87.0, 87.0, 87.0, 88.52, 89.33, 90.23, 91.17, 91.79, 92.83, 92.32, 91.94, 91.69, 91.54, 91.44], [85.75, 85.79, 85.83, 87.0, 87.0, 87.0, 87.0, 87.0, 87.54, 88.17, 89.29, 90.06, 90.63, 91.39, 92.37, 92.09, 91.77, 91.55, 91.42, 91.35], [85.78, 85.81, 88.71, 88.63, 88.52, 88.36, 88.12, 87.49, 87.9, 88.55, 89.28, 89.94, 90.32, 90.79, 91.86, 91.69, 91.49, 91.34, 91.27, 91.24], [88.83, 88.79, 88.73, 88.24, 88.18, 88.09, 87.98, 87.86, 88.64, 88.96, 89.41, 89.88, 90.04, 91.54, 91.46, 91.31, 91.17, 91.1, 91.09, 91.12], [88.4, 88.38, 88.37, 88.35, 88.32, 88.29, 88.27, 88.21, 89.12, 89.31, 89.57, 89.87, 90.74, 91.29, 91.15, 90.96, 90.83, 90.84, 90.93, 91.01], [88.45, 88.45, 88.45, 88.34, 88.36, 88.39, 88.44, 88.52, 88.62, 88.68, 88.67, 88.85, 90.26, 91.11, 90.93, 90.67, 90.4, 90.58, 90.82, 90.95], [88.36, 88.37, 88.39, 88.41, 88.45, 88.52, 88.62, 88.78, 88.98, 89.08, 88.95, 89.25, 90.26, 90.29, 90.29, 90.56, 89.76, 90.67, 90.87, 90.94], [88.39, 88.4, 88.43, 88.47, 88.52, 88.61, 88.74, 88.95, 89.31, 89.6, 89.19, 89.25, 89.13, 90.31, 90.35, 90.4, 90.87, 91.22, 90.98, 90.97], [88.41, 88.43, 88.46, 88.5, 88.56, 88.65, 88.77, 88.97, 89.29, 89.55, 89.38, 89.17, 89.07, 90.33, 90.39, 90.18, 90.44, 90.56, 91.0, 90.99], [88.43, 88.45, 88.48, 88.52, 88.57, 88.64, 88.73, 88.85, 88.97, 88.99, 89.08, 88.98, 88.96, 89.61, 89.85, 90.06, 90.23, 90.31, 90.29, 90.23], [88.44, 88.46, 88.49, 88.52, 88.56, 88.61, 88.66, 88.7, 88.69, 88.79, 88.68, 89.18, 89.47, 89.76, 89.71, 89.91, 90.05, 90.13, 90.15, 90.13], [88.44, 88.46, 88.49, 88.51, 88.54, 88.57, 88.59, 88.58, 88.5, 88.46, 88.33, 88.88, 89.29, 89.62, 89.59, 89.78, 89.91, 90.0, 90.04, 90.04], [88.45, 88.46, 88.48, 88.5, 88.52, 88.53, 88.53, 88.5, 89.02, 88.7, 88.51, 88.87, 89.24, 89.53, 89.5, 89.68, 89.8, 89.89, 89.94, 89.96], [88.45, 88.46, 88.47, 88.49, 88.5, 88.5, 88.5, 88.47, 89.09, 88.93, 88.89, 89.04, 89.28, 89.52, 89.45, 89.6, 89.72, 89.8, 89.86, 89.89], [88.44, 88.46, 88.47, 88.48, 88.48, 88.48, 88.47, 89.29, 89.2, 89.12, 89.12, 89.21, 89.36, 89.53, 89.43, 89.56, 89.66, 89.74, 89.79, 89.83]]}