gis_exercise/awsData/contour/humi_2023090717.json
{"header": {"refTime": "2023-09-07T17:00:00.000Z", "nx": 21, "ny": 33, "lo1": 113.509, "la1": 22.2235, "lo2": 113.5947, "la2": 22.1034, "dx": 0.0042850000000001385, "dy": 0.003753125000000024, "parameterCategory": 0, "parameterCategoryName": "Temperature", "parameterNumber": 0}, "z": [[95.48, 95.52, 95.58, 96.92, 96.93, 95.55, 95.66, 95.75, 95.76, 96.38, 96.2, 96.02, 94.93, 94.82, 95.06, 95.09, 94.6, 94.67, 94.72, 94.76], [95.45, 95.49, 95.55, 95.62, 96.91, 96.93, 95.76, 95.97, 96.09, 96.46, 96.18, 95.91, 94.79, 94.69, 94.96, 94.52, 94.63, 94.71, 94.77, 94.8], [95.41, 95.44, 95.5, 95.57, 96.89, 96.9, 96.93, 96.15, 96.78, 96.55, 96.11, 95.69, 94.56, 94.49, 94.36, 94.53, 94.68, 94.78, 94.84, 94.86], [95.36, 95.39, 95.43, 95.5, 95.59, 96.86, 96.89, 96.93, 96.98, 96.47, 95.97, 95.32, 94.16, 94.64, 94.33, 94.57, 94.76, 94.88, 94.93, 94.94], [95.3, 95.32, 95.35, 95.4, 95.47, 96.8, 96.81, 96.85, 96.93, 96.44, 95.94, 94.56, 93.66, 94.44, 94.35, 94.67, 94.92, 95.04, 95.07, 95.04], [95.24, 95.24, 95.26, 95.28, 95.32, 95.38, 96.68, 96.67, 96.8, 97.11, 95.85, 95.02, 94.28, 93.67, 94.48, 94.84, 95.16, 95.29, 95.23, 95.13], [94.45, 95.16, 95.15, 95.15, 95.17, 95.2, 95.76, 96.32, 96.42, 96.84, 97.2, 95.79, 94.14, 94.02, 94.65, 95.01, 95.48, 95.66, 95.45, 95.26], [94.43, 94.42, 94.42, 94.43, 94.45, 95.53, 95.62, 95.58, 95.45, 97.03, 98.21, 96.23, 96.21, 93.99, 95.63, 95.52, 95.74, 95.82, 95.69, 95.61], [94.57, 94.56, 94.38, 94.37, 94.36, 94.4, 94.52, 95.64, 96.27, 96.7, 97.46, 96.87, 96.59, 96.97, 95.6, 95.48, 95.61, 95.66, 95.63, 95.58], [94.0, 94.0, 94.0, 94.47, 94.4, 94.23, 94.35, 94.52, 97.27, 97.05, 96.57, 97.24, 97.02, 97.13, 95.6, 95.44, 95.52, 95.56, 95.56, 95.54], [94.0, 94.0, 94.0, 94.0, 94.0, 94.0, 94.0, 94.0, 94.35, 96.37, 99.0, 97.48, 97.3, 97.28, 95.61, 95.4, 95.46, 95.5, 95.51, 95.5], [94.0, 94.0, 94.0, 94.0, 94.0, 94.0, 94.0, 94.0, 94.0, -999.0, 99.0, 95.0, 95.0, 97.41, 95.62, 95.37, 95.41, 97.71, 97.66, 97.65], [94.0, 94.0, 94.0, 94.0, 94.0, 94.0, 94.0, 94.0, 94.0, 94.0, -999.0, 95.0, 95.0, 97.61, 96.46, 97.09, 97.07, 97.44, 97.39, 97.35], [94.0, 94.0, 94.0, 94.0, 94.0, 94.0, 94.0, 94.0, 94.0, 94.0, -999.0, 99.0, 99.0, 99.0, 96.8, 97.34, 97.29, 97.67, 97.59, 97.53], [94.0, 94.0, 94.0, 94.0, 94.0, 94.0, 94.0, 95.0, 95.0, 95.0, 95.0, 96.54, 99.0, 99.0, 99.0, 97.63, 97.54, 97.88, 97.78, 97.69], [94.0, 94.0, 94.63, 94.64, 94.66, 95.0, 95.0, 95.0, 95.0, 95.0, 97.52, 97.23, 97.62, 97.95, 97.57, 97.17, 96.89, 97.38, 96.86, 96.71], [94.64, 94.65, 94.35, 94.37, 95.0, 95.0, 95.0, 95.0, 95.0, 95.0, 96.72, 97.22, 97.74, 98.22, 97.96, 97.94, 97.57, 97.28, 97.07, 96.93], [94.36, 94.37, 94.39, 94.41, 95.0, 95.0, 95.0, 95.0, 95.0, 96.02, 96.55, 97.15, 97.78, 97.94, 98.85, 98.06, 97.53, 97.19, 96.97, 96.83], [94.38, 94.39, 94.42, 95.0, 95.0, 95.0, 95.0, 95.0, 95.36, 95.78, 96.71, 97.23, 97.0, 97.58, 98.13, 97.74, 97.29, 96.99, 96.81, 96.7], [94.39, 94.41, 96.71, 96.63, 96.52, 96.36, 96.12, 95.49, 95.71, 96.21, 96.74, 97.19, 96.69, 96.99, 97.42, 97.2, 96.91, 96.71, 96.6, 96.55], [96.83, 96.79, 96.73, 96.24, 96.18, 96.09, 95.98, 95.86, 96.33, 96.57, 96.89, 97.2, 96.39, 96.98, 96.87, 96.67, 96.48, 96.38, 96.36, 96.38], [96.4, 96.38, 96.37, 96.35, 96.32, 96.29, 96.27, 95.52, 96.77, 96.91, 97.09, 97.27, 97.08, 96.63, 96.45, 96.21, 96.03, 96.03, 96.13, 96.22], [96.45, 96.45, 96.45, 95.33, 95.4, 95.48, 95.59, 95.73, 95.86, 95.91, 95.82, 96.06, 96.37, 96.38, 96.15, 95.83, 95.51, 95.69, 95.96, 96.12], [95.2, 95.23, 95.28, 95.33, 95.41, 95.52, 95.69, 95.94, 96.25, 96.38, 96.12, 95.52, 96.44, 96.14, 95.85, 95.67, 94.79, 95.72, 95.97, 96.09], [95.18, 95.21, 95.25, 95.31, 95.39, 95.52, 95.72, 96.07, 96.69, 97.23, 96.39, 95.54, 95.09, 96.2, 95.94, 95.75, 95.93, 96.27, 96.07, 96.11], [95.15, 95.18, 95.21, 95.26, 95.33, 95.44, 95.61, 95.93, 96.53, 97.03, 96.02, 95.31, 94.93, 96.27, 96.06, 95.03, 95.33, 95.47, 96.11, 96.14], [95.12, 95.14, 95.16, 95.19, 95.23, 95.29, 95.38, 95.52, 95.68, 95.62, 95.1, 94.77, 94.63, 94.26, 94.57, 94.85, 95.06, 95.16, 95.14, 95.07], [95.08, 95.09, 95.1, 95.1, 95.11, 95.11, 95.09, 95.03, 94.82, 94.27, 93.94, 94.51, 94.9, 95.23, 94.39, 94.65, 94.84, 94.94, 94.97, 94.95], [95.04, 95.04, 95.03, 95.02, 94.99, 94.94, 94.83, 94.63, 94.2, 93.31, 92.71, 93.82, 94.53, 94.98, 94.22, 94.47, 94.65, 94.76, 94.81, 94.83], [95.0, 94.99, 94.97, 94.94, 94.88, 94.8, 94.65, 94.4, 94.22, 93.5, 93.06, 93.76, 94.4, 94.84, 94.09, 94.33, 94.5, 94.62, 94.68, 94.72], [94.96, 94.94, 94.91, 94.87, 94.81, 94.71, 94.56, 94.34, 94.31, 93.95, 93.82, 94.07, 94.46, 94.81, 94.02, 94.23, 94.39, 94.5, 94.58, 94.62], [94.93, 94.91, 94.87, 94.82, 94.75, 94.66, 94.52, 94.69, 94.48, 94.3, 94.25, 94.37, 94.6, 94.84, 93.99, 94.17, 94.31, 94.41, 94.49, 94.54]]}