gis_exercise/awsData/contour/humi_2023091100.json
{"header": {"refTime": "2023-09-11T00:00:00.000Z", "nx": 21, "ny": 33, "lo1": 113.509, "la1": 22.2235, "lo2": 113.5947, "la2": 22.1034, "dx": 0.0042850000000001385, "dy": 0.003753125000000024, "parameterCategory": 0, "parameterCategoryName": "Temperature", "parameterNumber": 0}, "z": [[92.18, 92.23, 92.31, 94.18, 94.17, 92.55, 92.66, 92.75, 92.76, 93.57, 93.41, 93.25, 91.69, 91.57, 91.2, 91.12, 90.27, 90.27, 90.27, 90.27], [92.14, 92.19, 92.27, 92.36, 94.15, 94.15, 92.76, 92.97, 93.09, 93.63, 93.38, 93.13, 91.56, 91.43, 91.09, 90.26, 90.26, 90.26, 90.26, 90.26], [92.09, 92.14, 92.21, 92.3, 94.13, 94.13, 94.12, 93.15, 93.78, 93.69, 93.32, 92.91, 91.33, 91.24, 90.26, 90.26, 90.25, 90.25, 90.24, 90.25], [92.02, 92.07, 92.13, 92.21, 92.33, 94.1, 94.1, 94.1, 94.11, 93.66, 93.21, 92.53, 90.96, 91.61, 90.25, 90.25, 90.24, 90.23, 90.23, 90.23], [91.95, 91.98, 92.02, 92.09, 92.19, 94.05, 94.05, 94.08, 94.17, 93.74, 93.23, 91.56, 90.64, 91.39, 90.25, 90.24, 90.22, 90.2, 90.21, 90.22], [91.87, 91.88, 91.9, 91.94, 92.01, 92.1, 93.93, 93.93, 94.1, 94.5, 92.96, 92.02, 91.23, 90.33, 90.28, 90.24, 90.18, 90.16, 90.18, 90.2], [90.89, 91.77, 91.76, 91.77, 91.81, 91.88, 92.77, 93.56, 93.7, 94.11, 94.5, 92.72, 90.57, 90.51, 90.33, 90.24, 90.12, 90.08, 90.0, 90.0], [90.86, 90.85, 90.84, 90.85, 90.9, 92.37, 92.56, 92.61, 92.51, 94.37, 95.9, 92.84, 92.81, 90.5, 90.37, 90.48, 90.26, 90.18, 90.31, 90.39], [91.15, 91.12, 90.76, 90.73, 90.72, 90.8, 91.04, 92.62, 93.59, 93.92, 94.69, 93.81, 93.38, 93.95, 90.4, 90.52, 90.39, 90.34, 90.37, 90.42], [90.0, 90.0, 90.0, 90.94, 90.8, 90.45, 90.7, 91.04, 94.84, 94.56, 93.35, 94.36, 94.04, 94.19, 90.4, 90.56, 90.48, 90.44, 90.44, 90.46], [90.0, 90.0, 90.0, 90.0, 90.0, 90.0, 90.0, 90.0, 90.71, 93.71, 97.0, 94.71, 94.44, 94.43, 90.39, 90.6, 90.54, 90.5, 90.49, 90.5], [90.0, 90.0, 90.0, 90.0, 90.0, 90.0, 90.0, 90.0, 90.0, -999.0, 97.0, 91.0, 91.0, 94.61, 90.38, 90.63, 90.59, 93.41, 93.33, 93.31], [90.0, 90.0, 90.0, 90.0, 90.0, 90.0, 90.0, 90.0, 90.0, 90.0, -999.0, 91.0, 91.0, 94.26, 92.83, 92.18, 92.14, 92.88, 92.77, 92.71], [90.0, 90.0, 90.0, 90.0, 90.0, 90.0, 90.0, 90.0, 90.0, 90.0, -999.0, 96.0, 96.0, 96.0, 93.25, 92.68, 92.59, 93.34, 93.18, 93.06], [90.0, 90.0, 90.0, 90.0, 90.0, 90.0, 90.0, 91.0, 91.0, 91.0, 91.0, 92.92, 96.0, 96.0, 96.0, 93.25, 93.07, 93.77, 93.55, 93.37], [90.0, 90.0, 90.63, 90.64, 90.66, 91.0, 91.0, 91.0, 91.0, 91.0, 94.15, 93.79, 94.27, 94.68, 94.22, 94.9, 94.73, 95.03, 93.63, 93.45], [90.64, 90.65, 90.35, 90.37, 91.0, 91.0, 91.0, 91.0, 91.0, 91.0, 93.15, 93.77, 94.42, 95.02, 95.07, 95.25, 94.99, 94.78, 94.63, 94.53], [90.36, 90.37, 90.39, 90.41, 91.0, 91.0, 91.0, 91.0, 91.0, 92.27, 92.94, 93.69, 94.47, 95.02, 95.86, 95.34, 94.96, 94.72, 94.56, 94.46], [90.38, 90.39, 90.42, 91.0, 91.0, 91.0, 91.0, 91.0, 91.45, 91.97, 92.81, 93.45, 94.09, 94.71, 95.39, 95.11, 94.8, 94.58, 94.45, 94.37], [90.39, 90.41, 92.14, 92.09, 92.01, 91.91, 91.75, 91.33, 91.69, 92.21, 92.79, 93.33, 93.84, 94.23, 94.89, 94.74, 94.54, 94.39, 94.3, 94.26], [92.22, 92.19, 92.15, 91.83, 91.79, 91.73, 91.65, 91.57, 92.25, 92.5, 92.87, 93.26, 93.62, 94.58, 94.51, 94.38, 94.24, 94.16, 94.13, 94.14], [91.93, 91.92, 91.91, 91.9, 91.88, 91.86, 91.84, 91.87, 92.59, 92.74, 92.96, 93.21, 94.06, 94.34, 94.22, 94.07, 93.95, 93.93, 93.97, 94.02], [91.97, 91.97, 91.97, 91.98, 91.99, 92.0, 92.03, 92.08, 92.14, 92.19, 92.18, 92.41, 93.3, 94.16, 94.02, 93.83, 93.65, 93.71, 93.84, 93.94], [92.0, 92.01, 92.02, 92.03, 92.06, 92.1, 92.16, 92.26, 92.38, 92.44, 92.37, 92.75, 93.29, 93.34, 93.37, 93.71, 93.3, 93.65, 93.8, 93.89], [92.02, 92.04, 92.05, 92.08, 92.11, 92.16, 92.25, 92.38, 92.59, 92.77, 92.52, 92.73, 92.72, 93.34, 93.38, 93.43, 93.72, 93.82, 93.82, 93.88], [92.04, 92.06, 92.08, 92.11, 92.14, 92.2, 92.28, 92.4, 92.59, 92.74, 92.75, 92.68, 92.67, 93.34, 93.39, 93.29, 93.41, 93.46, 93.85, 93.9], [92.06, 92.08, 92.1, 92.12, 92.16, 92.21, 92.27, 92.34, 92.42, 92.44, 92.6, 92.58, 92.6, 92.97, 93.1, 93.21, 93.3, 93.34, 93.33, 93.3], [92.07, 92.09, 92.11, 92.13, 92.16, 92.2, 92.24, 92.27, 92.28, 92.45, 92.39, 92.59, 92.73, 92.88, 93.02, 93.13, 93.21, 93.25, 93.26, 93.25], [92.08, 92.09, 92.11, 92.13, 92.16, 92.18, 92.2, 92.21, 92.19, 92.27, 92.16, 92.44, 92.65, 92.81, 92.95, 93.05, 93.13, 93.17, 93.2, 93.2], [92.08, 92.1, 92.11, 92.13, 92.15, 92.17, 92.18, 92.18, 92.51, 92.35, 92.25, 92.43, 92.62, 92.77, 92.89, 92.99, 93.07, 93.11, 93.14, 93.16], [92.09, 92.1, 92.11, 92.13, 92.14, 92.15, 92.16, 92.16, 92.54, 92.47, 92.44, 92.52, 92.64, 92.76, 92.86, 92.95, 93.02, 93.07, 93.1, 93.12], [92.09, 92.1, 92.11, 92.12, 92.13, 92.14, 92.15, 92.64, 92.6, 92.56, 92.56, 92.6, 92.68, 92.77, 92.85, 92.92, 92.98, 93.03, 93.06, 93.09]]}