gis_exercise/awsData/contour/humi_2023090208.json
{"header": {"refTime": "2023-09-02T08:00:00.000Z", "nx": 21, "ny": 33, "lo1": 113.509, "la1": 22.2235, "lo2": 113.5947, "la2": 22.1034, "dx": 0.0042850000000001385, "dy": 0.003753125000000024, "parameterCategory": 0, "parameterCategoryName": "Temperature", "parameterNumber": 0}, "z": [[95.49, 95.55, 95.61, 97.47, 97.45, 95.58, 95.67, 95.74, 95.72, 96.32, 96.11, 95.89, 94.29, 94.15, 93.79, 93.72, 92.89, 92.91, 92.93, 92.94], [95.46, 95.51, 95.58, 95.67, 97.44, 97.41, 95.78, 95.97, 96.07, 96.41, 96.08, 95.74, 94.12, 93.98, 93.65, 92.86, 92.89, 92.91, 92.93, 92.94], [95.41, 95.46, 95.53, 95.62, 97.43, 97.4, 97.35, 96.17, 96.78, 96.51, 95.99, 95.48, 93.83, 93.74, 92.8, 92.85, 92.89, 92.92, 92.94, 92.95], [95.35, 95.39, 95.45, 95.54, 95.65, 97.4, 97.37, 97.31, 97.26, 96.43, 95.83, 95.01, 93.35, 94.04, 92.78, 92.86, 92.91, 92.93, 92.95, 92.96], [95.27, 95.3, 95.35, 95.43, 95.53, 97.4, 97.38, 97.39, 97.46, 96.45, 95.82, 93.95, 92.81, 93.77, 92.79, 92.88, 92.93, 92.95, 92.96, 92.97], [95.19, 95.2, 95.23, 95.29, 95.37, 95.5, 97.35, 97.36, 97.51, 97.84, 95.61, 94.52, 93.57, 92.67, 92.87, 92.93, 92.97, 92.98, 92.98, 92.98], [94.34, 95.09, 95.09, 95.11, 95.18, 95.3, 96.26, 97.14, 97.27, 97.45, 97.69, 95.45, 93.14, 93.02, 92.99, 92.99, 92.99, 93.0, 92.82, 92.75], [94.28, 94.27, 94.26, 94.28, 94.35, 95.77, 96.05, 96.29, 96.34, 97.7, 98.98, 95.84, 95.81, 92.99, 93.37, 93.48, 93.26, 93.18, 93.31, 93.39], [94.72, 94.67, 94.14, 94.1, 94.08, 94.19, 94.56, 96.16, 97.27, 97.28, 97.69, 96.81, 96.38, 96.95, 93.4, 93.52, 93.39, 93.34, 93.37, 93.42], [93.0, 93.0, 93.0, 94.4, 94.21, 93.68, 94.05, 94.56, 98.27, 98.05, 96.35, 97.36, 97.04, 97.19, 93.4, 93.56, 93.48, 93.44, 93.44, 93.46], [93.0, 93.0, 93.0, 93.0, 93.0, 93.0, 93.0, 93.0, 94.06, 97.37, 100.0, 97.71, 97.44, 97.43, 93.39, 93.6, 93.54, 93.5, 93.49, 93.5], [93.0, 93.0, 93.0, 93.0, 93.0, 93.0, 93.0, 93.0, 93.0, -999.0, 100.0, 94.0, 94.0, 97.61, 93.38, 93.63, 93.59, 96.98, 96.88, 96.86], [93.0, 93.0, 93.0, 93.0, 93.0, 93.0, 93.0, 93.0, 93.0, 93.0, -999.0, 94.0, 94.0, 97.92, 96.19, 95.55, 95.5, 96.36, 96.24, 96.16], [93.0, 93.0, 93.0, 93.0, 93.0, 93.0, 93.0, 93.0, 93.0, 93.0, -999.0, 100.0, 100.0, 100.0, 96.7, 96.13, 96.02, 96.9, 96.71, 96.57], [93.0, 93.0, 93.0, 93.0, 93.0, 93.0, 93.0, 93.0, 93.0, 93.0, 93.0, 95.69, 100.0, 100.0, 100.0, 96.8, 96.59, 97.39, 97.14, 96.93], [93.0, 93.0, 93.0, 93.0, 93.0, 93.0, 93.0, 93.0, 93.0, 93.0, 97.4, 96.91, 97.58, 98.15, 97.51, 98.17, 97.89, 98.38, 96.82, 96.59], [93.0, 93.0, 93.0, 93.0, 93.0, 93.0, 93.0, 93.0, 93.0, 93.0, 96.01, 96.88, 97.79, 98.63, 98.61, 98.94, 98.57, 98.28, 98.07, 97.93], [93.0, 93.0, 93.0, 93.0, 93.0, 93.0, 93.0, 93.0, 93.0, 94.78, 95.72, 96.77, 97.86, 98.55, 99.8, 99.06, 98.53, 98.19, 97.97, 97.83], [93.0, 93.0, 93.0, 93.0, 93.0, 93.0, 93.0, 93.0, 93.63, 94.36, 95.57, 96.47, 97.18, 98.08, 99.13, 98.74, 98.29, 97.99, 97.81, 97.7], [93.0, 93.0, 94.71, 94.63, 94.52, 94.36, 94.12, 93.49, 93.99, 94.73, 95.55, 96.31, 96.8, 97.34, 98.42, 98.2, 97.91, 97.71, 97.6, 97.55], [94.83, 94.79, 94.73, 94.24, 94.18, 94.09, 93.98, 93.86, 94.79, 95.15, 95.67, 96.21, 96.45, 97.98, 97.87, 97.67, 97.48, 97.38, 97.36, 97.38], [94.4, 94.38, 94.37, 94.35, 94.32, 94.29, 94.27, 94.39, 95.3, 95.51, 95.81, 96.16, 97.1, 97.63, 97.45, 97.21, 97.03, 97.03, 97.13, 97.22], [94.45, 94.45, 94.45, 94.6, 94.6, 94.62, 94.65, 94.72, 94.81, 94.87, 94.88, 94.85, 96.26, 97.38, 97.15, 96.83, 96.51, 96.69, 96.96, 97.12], [94.65, 94.65, 94.67, 94.68, 94.72, 94.77, 94.86, 94.99, 95.16, 95.25, 95.16, 95.5, 96.26, 96.29, 96.29, 96.67, 95.79, 96.72, 96.97, 97.09], [94.69, 94.7, 94.73, 94.76, 94.81, 94.88, 95.0, 95.18, 95.46, 95.7, 95.38, 95.52, 95.41, 96.31, 96.35, 96.4, 96.93, 97.27, 97.07, 97.11], [94.72, 94.74, 94.77, 94.81, 94.87, 94.95, 95.06, 95.23, 95.48, 95.68, 95.63, 95.49, 95.4, 96.33, 96.39, 96.33, 96.54, 96.65, 97.11, 97.14], [94.75, 94.78, 94.81, 94.85, 94.91, 94.98, 95.07, 95.18, 95.3, 95.33, 95.47, 95.4, 95.36, 95.97, 96.12, 96.26, 96.39, 96.45, 96.44, 96.39], [94.78, 94.8, 94.83, 94.87, 94.92, 94.98, 95.05, 95.12, 95.16, 95.35, 95.29, 95.74, 95.95, 96.17, 96.04, 96.17, 96.27, 96.33, 96.34, 96.32], [94.79, 94.82, 94.85, 94.89, 94.93, 94.98, 95.02, 95.06, 95.08, 95.19, 95.2, 95.56, 95.84, 96.07, 95.97, 96.09, 96.18, 96.23, 96.26, 96.26], [94.81, 94.83, 94.86, 94.89, 94.93, 94.97, 95.0, 95.03, 95.63, 95.43, 95.32, 95.56, 95.81, 96.02, 95.91, 96.02, 96.1, 96.16, 96.19, 96.2], [94.82, 94.84, 94.86, 94.89, 94.92, 94.95, 94.98, 95.0, 95.68, 95.59, 95.57, 95.67, 95.84, 96.01, 95.88, 95.98, 96.05, 96.1, 96.14, 96.16], [94.82, 94.84, 94.87, 94.89, 94.92, 94.94, 94.96, 95.81, 95.76, 95.71, 95.72, 95.78, 95.89, 96.02, 95.87, 95.95, 96.01, 96.06, 96.1, 96.12]]}