gis_exercise/awsData/contour/humi_2023091116.json
{"header": {"refTime": "2023-09-11T16:00:00.000Z", "nx": 21, "ny": 33, "lo1": 113.509, "la1": 22.2235, "lo2": 113.5947, "la2": 22.1034, "dx": 0.0042850000000001385, "dy": 0.003753125000000024, "parameterCategory": 0, "parameterCategoryName": "Temperature", "parameterNumber": 0}, "z": [[95.79, 95.83, 95.88, 97.22, 97.21, 95.81, 95.89, 95.95, 95.94, 96.38, 96.2, 96.02, 94.93, 94.82, 95.35, 95.41, 94.96, 95.05, 95.12, 95.16], [95.76, 95.8, 95.86, 95.93, 97.2, 97.19, 95.98, 96.14, 96.23, 96.46, 96.18, 95.91, 94.79, 94.69, 95.24, 94.85, 95.0, 95.11, 95.19, 95.23], [95.73, 95.76, 95.82, 95.88, 97.19, 97.18, 97.16, 96.3, 96.81, 96.55, 96.11, 95.69, 94.56, 94.49, 94.64, 94.87, 95.07, 95.2, 95.28, 95.32], [95.68, 95.71, 95.76, 95.82, 95.91, 97.17, 97.15, 97.14, 97.12, 96.47, 95.97, 95.32, 94.16, 94.64, 94.6, 94.93, 95.19, 95.35, 95.42, 95.43], [95.62, 95.65, 95.68, 95.74, 95.81, 97.15, 97.14, 97.16, 97.21, 96.44, 95.94, 94.56, 93.66, 94.44, 94.63, 95.07, 95.41, 95.59, 95.62, 95.57], [95.56, 95.57, 95.59, 95.63, 95.69, 95.77, 97.1, 97.1, 97.2, 97.44, 95.85, 95.02, 94.28, 93.67, 94.78, 95.29, 95.76, 95.95, 95.86, 95.71], [94.89, 95.49, 95.48, 95.5, 95.54, 95.62, 96.26, 96.9, 96.99, 97.19, 97.4, 95.79, 94.14, 94.02, 94.99, 95.52, 96.23, 96.49, 96.26, 96.01], [94.86, 94.85, 94.84, 94.85, 94.9, 95.92, 96.11, 96.25, 96.28, 97.36, 98.29, 96.23, 96.21, 93.99, 96.26, 96.04, 96.48, 96.63, 96.39, 96.22], [95.15, 95.12, 94.76, 94.73, 94.72, 94.8, 95.04, 96.18, 96.96, 97.06, 97.46, 96.87, 96.59, 96.97, 96.2, 95.96, 96.21, 96.32, 96.26, 96.16], [94.0, 94.0, 94.0, 94.94, 94.8, 94.45, 94.7, 95.04, 97.71, 97.54, 96.57, 97.24, 97.02, 97.13, 96.2, 95.87, 96.04, 96.12, 96.12, 96.09], [94.0, 94.0, 94.0, 94.0, 94.0, 94.0, 94.0, 94.0, 94.71, 97.03, 99.0, 97.48, 97.3, 97.28, 96.22, 95.81, 95.93, 96.0, 96.01, 96.0], [94.0, 94.0, 94.0, 94.0, 94.0, 94.0, 94.0, 94.0, 94.0, -999.0, 99.0, 95.0, 95.0, 97.41, 96.24, 95.74, 95.81, 98.14, 98.11, 98.1], [94.0, 94.0, 94.0, 94.0, 94.0, 94.0, 94.0, 94.0, 94.0, 94.0, -999.0, 95.0, 95.0, 97.61, 96.46, 97.73, 97.71, 97.96, 97.92, 97.9], [94.0, 94.0, 94.0, 94.0, 94.0, 94.0, 94.0, 94.0, 94.0, 94.0, -999.0, 99.0, 99.0, 99.0, 96.8, 97.89, 97.86, 98.11, 98.06, 98.02], [94.0, 94.0, 94.0, 94.0, 94.0, 94.0, 94.0, 93.0, 93.0, 93.0, 93.0, 95.31, 99.0, 99.0, 99.0, 98.08, 98.02, 98.26, 98.18, 98.12], [94.0, 94.0, 93.37, 93.36, 93.34, 93.0, 93.0, 93.0, 93.0, 93.0, 96.78, 96.35, 96.93, 97.42, 96.86, 98.27, 98.16, 98.35, 97.94, 97.86], [93.36, 93.35, 93.65, 93.63, 93.0, 93.0, 93.0, 93.0, 93.0, 93.0, 95.58, 96.32, 97.11, 97.83, 98.06, 98.55, 98.39, 98.26, 98.18, 98.11], [93.64, 93.63, 93.61, 93.59, 93.0, 93.0, 93.0, 93.0, 93.0, 94.52, 95.33, 96.23, 97.17, 98.0, 98.87, 98.6, 98.37, 98.23, 98.13, 98.07], [93.62, 93.61, 93.58, 93.0, 93.0, 93.0, 93.0, 93.0, 93.54, 94.17, 95.47, 96.25, 96.99, 97.7, 98.63, 98.46, 98.27, 98.14, 98.07, 98.02], [93.61, 93.59, 95.29, 95.17, 95.03, 94.81, 94.49, 93.66, 94.01, 94.73, 95.5, 96.17, 96.76, 97.24, 98.33, 98.23, 98.11, 98.02, 97.97, 97.95], [95.44, 95.38, 95.31, 94.65, 94.57, 94.45, 94.3, 94.14, 94.87, 95.22, 95.7, 96.16, 96.59, 98.14, 98.1, 98.01, 97.93, 97.88, 97.87, 97.88], [94.86, 94.85, 94.82, 94.8, 94.76, 94.72, 94.69, 94.56, 95.48, 95.68, 95.95, 96.23, 97.71, 97.99, 97.92, 97.82, 97.74, 97.74, 97.77, 97.81], [94.94, 94.94, 94.94, 94.71, 94.73, 94.78, 94.85, 94.96, 95.1, 95.18, 95.15, 95.82, 97.3, 97.89, 97.79, 97.66, 97.54, 97.6, 97.7, 97.76], [94.71, 94.73, 94.76, 94.8, 94.85, 94.94, 95.09, 95.31, 95.58, 95.71, 95.54, 96.25, 97.29, 97.34, 97.37, 97.59, 97.27, 97.59, 97.69, 97.74], [94.75, 94.77, 94.81, 94.86, 94.94, 95.05, 95.24, 95.53, 96.03, 96.44, 95.85, 96.2, 96.15, 97.34, 97.38, 97.43, 97.66, 97.77, 97.72, 97.75], [94.77, 94.8, 94.84, 94.9, 94.98, 95.09, 95.27, 95.54, 95.99, 96.35, 96.25, 96.04, 96.01, 97.34, 97.39, 96.99, 97.2, 97.27, 97.74, 97.76], [94.79, 94.82, 94.86, 94.91, 94.98, 95.08, 95.2, 95.36, 95.52, 95.54, 95.81, 95.74, 95.8, 96.25, 96.56, 96.8, 96.97, 97.05, 97.04, 96.99], [94.8, 94.83, 94.87, 94.91, 94.96, 95.02, 95.08, 95.12, 95.1, 95.34, 95.18, 95.48, 95.77, 96.05, 96.36, 96.61, 96.77, 96.86, 96.89, 96.88], [94.81, 94.83, 94.86, 94.89, 94.93, 94.96, 94.97, 94.94, 94.81, 94.8, 94.41, 95.09, 95.56, 95.89, 96.19, 96.43, 96.6, 96.7, 96.75, 96.77], [94.81, 94.83, 94.85, 94.87, 94.89, 94.9, 94.89, 94.83, 95.29, 94.88, 94.63, 95.06, 95.48, 95.8, 96.07, 96.3, 96.46, 96.57, 96.64, 96.67], [94.8, 94.82, 94.84, 94.85, 94.86, 94.86, 94.83, 94.78, 95.36, 95.16, 95.09, 95.26, 95.53, 95.78, 96.0, 96.2, 96.36, 96.47, 96.54, 96.58], [94.8, 94.81, 94.82, 94.83, 94.83, 94.83, 94.8, 95.6, 95.48, 95.38, 95.36, 95.46, 95.62, 95.8, 95.97, 96.14, 96.28, 96.38, 96.46, 96.51]]}