gis_exercise/awsData/contour/humi_2023090523.json
{"header": {"refTime": "2023-09-05T23:00:00.000Z", "nx": 21, "ny": 33, "lo1": 113.509, "la1": 22.2235, "lo2": 113.5947, "la2": 22.1034, "dx": 0.0042850000000001385, "dy": 0.003753125000000024, "parameterCategory": 0, "parameterCategoryName": "Temperature", "parameterNumber": 0}, "z": [[70.91, 70.88, 70.85, 71.07, 71.02, 68.64, 68.69, 68.72, 68.66, 68.81, 68.49, 68.17, 67.46, 67.34, 67.68, 67.87, 68.35, 68.54, 68.69, 68.8], [70.93, 70.9, 70.87, 70.82, 71.02, 70.94, 68.83, 68.98, 69.03, 68.98, 68.47, 67.98, 67.2, 67.08, 67.5, 68.09, 68.4, 68.65, 68.82, 68.92], [70.96, 70.93, 70.9, 70.85, 71.04, 70.95, 70.81, 69.2, 69.77, 69.14, 68.35, 67.61, 66.74, 66.71, 67.6, 68.11, 68.53, 68.82, 69.0, 69.08], [70.99, 70.97, 70.94, 70.89, 70.83, 71.01, 70.9, 70.72, 70.55, 68.98, 68.09, 66.96, 65.91, 66.8, 67.48, 68.22, 68.77, 69.1, 69.26, 69.29], [71.02, 71.01, 70.99, 70.96, 70.91, 71.1, 71.05, 71.01, 71.02, 68.88, 68.0, 66.51, 64.52, 66.38, 67.56, 68.51, 69.19, 69.54, 69.61, 69.55], [71.07, 71.06, 71.05, 71.03, 71.0, 70.95, 71.19, 71.22, 71.32, 71.51, 69.01, 67.57, 66.06, 65.67, 67.99, 69.0, 69.85, 70.2, 70.05, 69.81], [71.55, 71.12, 71.12, 71.12, 71.1, 71.06, 71.76, 71.29, 71.4, 71.92, 72.1, 69.53, 67.56, 67.08, 68.62, 69.51, 70.69, 71.14, 70.34, 69.77], [71.57, 71.58, 71.58, 71.57, 71.55, 71.83, 71.74, 71.51, 71.23, 72.01, 72.61, 71.61, 71.6, 66.98, 71.63, 71.52, 71.74, 71.82, 71.69, 71.61], [71.43, 71.44, 71.62, 71.63, 71.64, 71.6, 71.48, 71.68, 71.64, 71.85, 72.23, 71.94, 71.79, 71.98, 71.6, 71.48, 71.61, 71.66, 71.63, 71.58], [72.0, 72.0, 72.0, 71.53, 71.6, 71.77, 71.65, 71.48, 72.14, 72.03, 71.78, 72.12, 72.01, 72.06, 71.6, 71.44, 71.52, 71.56, 71.56, 71.54], [72.0, 72.0, 72.0, 72.0, 72.0, 72.0, 72.0, 72.0, 71.65, 71.68, 73.0, 72.24, 72.15, 72.14, 71.61, 71.4, 71.46, 71.5, 71.51, 71.5], [72.0, 72.0, 72.0, 72.0, 72.0, 72.0, 72.0, 72.0, 72.0, -999.0, 73.0, 71.0, 71.0, 72.2, 71.62, 71.37, 71.41, 74.27, 74.22, 74.2], [72.0, 72.0, 72.0, 72.0, 72.0, 72.0, 72.0, 72.0, 72.0, 72.0, -999.0, 71.0, 71.0, 74.26, 72.83, 73.46, 73.43, 73.92, 73.85, 73.81], [72.0, 72.0, 72.0, 72.0, 72.0, 72.0, 72.0, 72.0, 72.0, 72.0, -999.0, 76.0, 76.0, 76.0, 73.25, 73.79, 73.73, 74.23, 74.12, 74.04], [72.0, 72.0, 72.0, 72.0, 72.0, 72.0, 72.0, 75.0, 75.0, 75.0, 75.0, 75.38, 76.0, 76.0, 76.0, 74.17, 74.05, 74.51, 74.37, 74.25], [72.0, 72.0, 73.89, 73.92, 73.98, 75.0, 75.0, 75.0, 75.0, 75.0, 75.63, 75.56, 75.65, 75.74, 75.64, 76.37, 76.42, 76.32, 75.24, 75.18], [73.93, 73.94, 73.06, 73.11, 75.0, 75.0, 75.0, 75.0, 75.0, 75.0, 75.43, 75.55, 75.68, 75.8, 75.99, 76.86, 77.17, 77.41, 77.59, 77.72], [73.07, 73.11, 73.16, 73.24, 75.0, 75.0, 75.0, 75.0, 75.0, 75.25, 75.39, 75.54, 75.69, 75.98, 76.0, 76.76, 77.19, 77.47, 77.66, 77.79], [73.13, 73.18, 73.25, 75.0, 75.0, 75.0, 75.0, 75.0, 75.09, 75.19, 75.29, 75.41, 75.91, 75.98, 76.69, 77.0, 77.36, 77.61, 77.78, 77.9], [73.17, 73.22, 75.0, 75.0, 75.0, 75.0, 75.0, 75.0, 75.09, 75.17, 75.27, 75.37, 75.92, 76.01, 77.24, 77.41, 77.63, 77.82, 77.95, 78.03], [75.0, 75.0, 75.0, 75.0, 75.0, 75.0, 75.0, 75.0, 75.16, 75.2, 75.26, 75.34, 75.96, 77.59, 77.65, 77.77, 77.92, 78.05, 78.13, 78.18], [75.0, 75.0, 75.0, 75.0, 75.0, 75.0, 75.0, 75.7, 75.17, 75.2, 75.24, 75.3, 75.99, 77.85, 77.94, 78.04, 78.14, 78.25, 78.33, 78.34], [75.0, 75.0, 75.0, 76.01, 75.96, 75.91, 75.85, 75.79, 75.76, 75.77, 75.84, 75.53, 77.45, 78.05, 78.15, 78.21, 78.19, 78.41, 78.54, 78.5], [76.16, 76.14, 76.11, 76.08, 76.04, 76.0, 75.93, 75.84, 75.73, 75.7, 75.83, 76.49, 77.37, 77.78, 78.1, 78.36, 77.81, 78.88, 78.83, 78.66], [76.21, 76.19, 76.18, 76.16, 76.13, 76.09, 76.02, 75.89, 75.62, 75.37, 75.8, 76.5, 76.74, 77.76, 78.14, 78.48, 79.13, 79.67, 79.03, 78.76], [76.26, 76.25, 76.25, 76.24, 76.23, 76.21, 76.16, 76.04, 75.77, 75.52, 76.24, 76.67, 76.87, 77.73, 78.12, 79.08, 79.27, 79.39, 78.95, 78.76], [76.31, 76.31, 76.32, 76.33, 76.34, 76.35, 76.35, 76.33, 76.3, 76.37, 76.85, 77.03, 77.09, 79.01, 79.04, 79.1, 79.18, 79.23, 79.21, 79.17], [76.36, 76.37, 76.39, 76.42, 76.45, 76.5, 76.57, 76.67, 76.87, 77.42, 77.64, 78.11, 78.21, 78.41, 79.05, 79.08, 79.13, 79.16, 79.16, 79.14], [76.4, 76.43, 76.46, 76.5, 76.55, 76.63, 76.75, 76.95, 77.3, 78.08, 78.73, 78.41, 78.34, 78.43, 79.04, 79.07, 79.1, 79.12, 79.12, 79.11], [76.44, 76.47, 76.51, 76.57, 76.64, 76.73, 76.88, 77.1, 78.15, 78.45, 78.64, 78.48, 78.41, 78.45, 79.04, 79.06, 79.08, 79.09, 79.1, 79.09], [76.48, 76.52, 76.56, 76.62, 76.69, 76.8, 76.94, 77.13, 78.19, 78.34, 78.43, 78.42, 78.41, 78.45, 79.04, 79.05, 79.06, 79.07, 79.08, 79.08], [76.51, 76.55, 76.6, 76.65, 76.73, 76.83, 76.95, 78.1, 78.19, 78.28, 78.35, 78.38, 78.4, 78.44, 79.03, 79.04, 79.05, 79.06, 79.07, 79.07]]}