gis_exercise/awsData/contour/humi_2023090305.json
{"header": {"refTime": "2023-09-03T05:00:00.000Z", "nx": 21, "ny": 33, "lo1": 113.509, "la1": 22.2235, "lo2": 113.5947, "la2": 22.1034, "dx": 0.0042850000000001385, "dy": 0.003753125000000024, "parameterCategory": 0, "parameterCategoryName": "Temperature", "parameterNumber": 0}, "z": [[89.11, 89.14, 89.19, 90.77, 90.74, 89.3, 89.34, 89.37, 89.35, 89.82, 89.72, 89.61, 88.81, 88.75, 88.19, 88.16, 88.16, 88.18, 88.19, 88.2], [89.08, 89.12, 89.17, 89.23, 90.73, 90.67, 89.4, 89.49, 89.53, 89.85, 89.69, 89.51, 88.7, 88.64, 88.11, 88.12, 88.15, 88.17, 88.19, 88.2], [89.04, 89.08, 89.13, 89.2, 90.74, 90.68, 90.58, 89.59, 89.89, 89.88, 89.64, 89.35, 88.5, 88.48, 88.05, 88.11, 88.15, 88.17, 88.18, 88.2], [89.0, 89.03, 89.08, 89.15, 89.23, 90.71, 90.63, 90.51, 90.4, 89.89, 89.58, 89.06, 88.16, 88.87, 88.03, 88.11, 88.15, 88.16, 88.18, 88.19], [88.95, 88.97, 89.01, 89.07, 89.16, 90.75, 90.72, 90.7, 90.74, 90.02, 89.64, 88.76, 87.75, 88.65, 88.04, 88.13, 88.15, 88.16, 88.17, 88.19], [88.88, 88.9, 88.93, 88.97, 89.05, 89.17, 90.77, 90.79, 90.91, 91.17, 90.12, 89.28, 88.48, 88.0, 88.15, 88.17, 88.15, 88.14, 88.16, 88.18], [88.34, 88.81, 88.81, 88.84, 88.91, 89.04, 90.01, 90.71, 90.84, 91.38, 91.65, 90.19, 88.71, 88.53, 88.32, 88.23, 88.12, 88.08, 87.82, 87.75], [88.28, 88.27, 88.26, 88.28, 88.35, 89.54, 89.83, 90.11, 90.34, 91.52, 92.41, 90.92, 90.9, 88.49, 88.74, 88.96, 88.52, 88.37, 88.61, 88.78], [88.72, 88.67, 88.14, 88.1, 88.08, 88.19, 88.56, 89.94, 90.96, 91.28, 91.85, 91.41, 91.19, 91.48, 88.8, 89.04, 88.79, 88.68, 88.74, 88.84], [87.0, 87.0, 87.0, 88.4, 88.21, 87.68, 88.05, 88.56, 91.71, 91.54, 91.18, 91.68, 91.52, 91.6, 88.8, 89.13, 88.96, 88.88, 88.88, 88.91], [87.0, 87.0, 87.0, 87.0, 87.0, 87.0, 87.0, 87.0, 88.06, 91.03, 93.0, 91.86, 91.72, 91.71, 88.78, 89.19, 89.07, 89.0, 88.99, 89.0], [87.0, 87.0, 87.0, 87.0, 87.0, 87.0, 87.0, 87.0, 87.0, -999.0, 93.0, 90.0, 90.0, 91.81, 88.76, 89.26, 89.19, 92.55, 92.44, 92.41], [87.0, 87.0, 87.0, 87.0, 87.0, 87.0, 87.0, 87.0, 87.0, 87.0, -999.0, 90.0, 90.0, 93.92, 92.19, 90.91, 90.85, 91.84, 91.7, 91.61], [87.0, 87.0, 87.0, 87.0, 87.0, 87.0, 87.0, 87.0, 87.0, 87.0, -999.0, 96.0, 96.0, 96.0, 92.7, 91.58, 91.45, 92.46, 92.24, 92.08], [87.0, 87.0, 87.0, 87.0, 87.0, 87.0, 87.0, 91.0, 91.0, 91.0, 91.0, 92.92, 96.0, 96.0, 96.0, 92.34, 92.1, 93.02, 92.73, 92.5], [87.0, 87.0, 89.52, 89.56, 89.64, 91.0, 91.0, 91.0, 91.0, 91.0, 94.15, 93.79, 94.27, 94.68, 94.22, 94.9, 94.73, 95.03, 93.11, 92.9], [89.57, 89.59, 88.41, 88.48, 91.0, 91.0, 91.0, 91.0, 91.0, 91.0, 93.15, 93.77, 94.42, 95.02, 95.07, 95.67, 95.56, 95.47, 95.42, 95.38], [88.43, 88.48, 88.55, 88.65, 91.0, 91.0, 91.0, 91.0, 91.0, 92.27, 92.94, 93.69, 94.47, 95.02, 95.86, 95.71, 95.54, 95.44, 95.38, 95.35], [88.51, 88.57, 88.66, 91.0, 91.0, 91.0, 91.0, 91.0, 91.45, 91.97, 92.81, 93.45, 94.09, 94.71, 95.73, 95.6, 95.46, 95.38, 95.33, 95.31], [88.56, 88.63, 92.14, 92.09, 92.01, 91.91, 91.75, 91.33, 91.69, 92.21, 92.79, 93.33, 93.84, 94.23, 95.5, 95.42, 95.33, 95.28, 95.26, 95.26], [92.22, 92.19, 92.15, 91.83, 91.79, 91.73, 91.65, 91.57, 92.25, 92.5, 92.87, 93.26, 93.62, 95.36, 95.31, 95.23, 95.16, 95.15, 95.18, 95.22], [91.93, 91.92, 91.91, 91.9, 91.88, 91.86, 91.84, 91.87, 92.59, 92.74, 92.96, 93.21, 94.06, 95.24, 95.15, 95.04, 94.96, 95.01, 95.11, 95.19], [91.97, 91.97, 91.97, 91.98, 91.99, 92.0, 92.03, 92.08, 92.14, 92.19, 92.18, 92.41, 94.19, 95.16, 95.05, 94.85, 94.62, 94.85, 95.1, 95.19], [92.0, 92.01, 92.02, 92.03, 92.06, 92.1, 92.16, 92.26, 92.38, 92.44, 92.37, 92.75, 94.16, 94.34, 94.47, 94.82, 93.93, 95.1, 95.24, 95.25], [92.02, 92.04, 92.05, 92.08, 92.11, 92.16, 92.25, 92.38, 92.59, 92.77, 92.52, 92.73, 92.72, 94.35, 94.54, 94.72, 95.36, 95.86, 95.41, 95.31], [92.04, 92.06, 92.08, 92.11, 92.14, 92.2, 92.28, 92.4, 92.59, 92.74, 92.75, 92.68, 92.67, 94.36, 94.56, 94.62, 94.95, 95.11, 95.4, 95.33], [92.06, 92.08, 92.1, 92.12, 92.16, 92.21, 92.27, 92.34, 92.42, 92.44, 92.6, 92.58, 92.6, 93.94, 94.22, 94.48, 94.69, 94.79, 94.77, 94.69], [92.07, 92.09, 92.11, 92.13, 92.16, 92.2, 92.24, 92.27, 92.28, 92.45, 92.39, 93.03, 93.38, 93.76, 94.06, 94.3, 94.48, 94.58, 94.6, 94.57], [92.08, 92.09, 92.11, 92.13, 92.16, 92.18, 92.2, 92.21, 92.19, 92.27, 92.28, 92.79, 93.23, 93.61, 93.91, 94.14, 94.31, 94.41, 94.45, 94.46], [92.08, 92.1, 92.11, 92.13, 92.15, 92.17, 92.18, 92.18, 92.86, 92.6, 92.45, 92.8, 93.18, 93.52, 93.81, 94.02, 94.17, 94.27, 94.33, 94.36], [92.09, 92.1, 92.11, 92.13, 92.14, 92.15, 92.16, 92.16, 92.95, 92.83, 92.81, 92.98, 93.23, 93.5, 93.74, 93.93, 94.07, 94.17, 94.24, 94.28], [92.09, 92.1, 92.11, 92.12, 92.13, 92.14, 92.15, 93.15, 93.07, 93.02, 93.04, 93.14, 93.32, 93.52, 93.72, 93.87, 94.0, 94.09, 94.16, 94.2]]}