gis_exercise/awsData/contour/humi_2023090419.json
{"header": {"refTime": "2023-09-04T19:00:00.000Z", "nx": 21, "ny": 33, "lo1": 113.509, "la1": 22.2235, "lo2": 113.5947, "la2": 22.1034, "dx": 0.0042850000000001385, "dy": 0.003753125000000024, "parameterCategory": 0, "parameterCategoryName": "Temperature", "parameterNumber": 0}, "z": [[59.18, 59.23, 59.31, 59.89, 59.95, 59.09, 59.22, 59.33, 59.32, 59.1, 58.74, 58.39, 57.66, 57.48, 57.66, 57.65, 56.6, 56.67, 56.72, 56.76], [59.14, 59.19, 59.27, 59.36, 59.94, 60.03, 59.36, 59.63, 59.77, 59.37, 58.76, 58.25, 57.46, 57.28, 57.5, 56.52, 56.63, 56.71, 56.77, 56.8], [59.09, 59.14, 59.21, 59.3, 59.91, 60.0, 60.15, 59.88, 60.7, 59.6, 58.65, 57.95, 57.11, 56.99, 56.36, 56.53, 56.68, 56.78, 56.84, 56.86], [59.02, 59.07, 59.13, 59.21, 59.33, 59.92, 60.04, 60.25, 60.44, 59.24, 58.31, 57.43, 56.54, 56.25, 56.33, 56.57, 56.76, 56.88, 56.93, 56.94], [58.95, 58.98, 59.02, 59.09, 59.19, 59.8, 59.85, 59.92, 59.94, 58.7, 57.96, 56.17, 55.5, 56.1, 56.35, 56.67, 56.92, 57.04, 57.07, 57.04], [58.87, 58.88, 58.9, 58.94, 59.01, 59.1, 59.65, 59.62, 59.58, 59.54, 57.08, 56.52, 55.98, 55.67, 56.48, 56.84, 57.16, 57.29, 57.23, 57.13], [57.89, 58.77, 58.76, 58.77, 58.81, 58.88, 58.5, 59.37, 59.31, 58.61, 58.49, 57.13, 56.14, 56.02, 56.65, 57.01, 57.48, 57.66, 57.45, 57.26], [57.86, 57.85, 57.84, 57.85, 57.9, 58.24, 58.43, 58.71, 58.88, 58.67, 58.77, 57.61, 57.6, 55.99, 57.63, 57.52, 57.74, 57.82, 57.69, 57.61], [58.15, 58.12, 57.76, 57.73, 57.72, 57.8, 58.04, 58.52, 59.0, 58.57, 58.23, 57.94, 57.79, 57.98, 57.6, 57.48, 57.61, 57.66, 57.63, 57.58], [57.0, 57.0, 57.0, 57.94, 57.8, 57.45, 57.7, 58.04, 59.0, 59.0, 57.78, 58.12, 58.01, 58.06, 57.6, 57.44, 57.52, 57.56, 57.56, 57.54], [57.0, 57.0, 57.0, 57.0, 57.0, 57.0, 57.0, 57.0, 57.71, 59.0, 59.0, 58.24, 58.15, 58.14, 57.61, 57.4, 57.46, 57.5, 57.51, 57.5], [57.0, 57.0, 57.0, 57.0, 57.0, 57.0, 57.0, 57.0, 57.0, -999.0, 59.0, 57.0, 57.0, 58.2, 57.62, 57.37, 57.41, 65.39, 65.21, 65.17], [57.0, 57.0, 57.0, 57.0, 57.0, 57.0, 57.0, 57.0, 57.0, 57.0, -999.0, 57.0, 57.0, 66.14, 62.12, 62.73, 62.64, 64.24, 64.01, 63.87], [57.0, 57.0, 57.0, 57.0, 57.0, 57.0, 57.0, 57.0, 57.0, 57.0, -999.0, 71.0, 71.0, 71.0, 63.3, 63.82, 63.61, 65.24, 64.89, 64.62], [57.0, 57.0, 57.0, 57.0, 57.0, 57.0, 57.0, 64.0, 64.0, 64.0, 64.0, 66.69, 71.0, 71.0, 71.0, 65.05, 64.66, 66.16, 65.69, 65.31], [57.0, 57.0, 61.4, 61.48, 61.62, 64.0, 64.0, 64.0, 64.0, 64.0, 68.4, 67.91, 68.58, 69.15, 68.51, 65.87, 65.09, 66.45, 63.81, 63.3], [61.49, 61.54, 59.47, 59.59, 64.0, 64.0, 64.0, 64.0, 64.0, 64.0, 67.01, 67.88, 68.79, 69.63, 68.6, 68.26, 67.3, 66.54, 66.01, 65.65], [59.5, 59.58, 59.71, 59.89, 64.0, 64.0, 64.0, 64.0, 64.0, 65.78, 66.72, 67.77, 68.86, 68.59, 70.64, 68.56, 67.18, 66.31, 65.75, 65.41], [59.64, 59.75, 59.91, 64.0, 64.0, 64.0, 64.0, 64.0, 64.63, 65.36, 65.65, 66.5, 66.55, 67.72, 68.75, 67.73, 66.58, 65.8, 65.34, 65.07], [59.73, 59.85, 62.86, 62.91, 62.99, 63.09, 63.25, 63.67, 64.44, 64.86, 65.45, 66.16, 65.79, 66.29, 66.9, 66.32, 65.58, 65.06, 64.78, 64.66], [62.78, 62.81, 62.85, 63.17, 63.21, 63.27, 63.35, 63.43, 64.62, 64.85, 65.25, 65.79, 64.99, 65.77, 65.47, 64.94, 64.43, 64.18, 64.16, 64.23], [63.07, 63.08, 63.09, 63.1, 63.12, 63.14, 63.16, 63.31, 64.5, 64.65, 64.94, 65.37, 63.59, 64.85, 64.36, 63.71, 63.22, 63.25, 63.56, 63.84], [63.03, 63.03, 63.03, 63.27, 63.25, 63.23, 63.18, 63.12, 63.05, 63.01, 63.03, 61.27, 61.81, 64.21, 63.58, 62.68, 61.75, 62.34, 63.17, 63.6], [63.29, 63.28, 63.26, 63.24, 63.2, 63.15, 63.07, 62.95, 62.8, 62.73, 62.84, 61.27, 61.85, 61.77, 61.62, 62.27, 59.54, 62.6, 63.29, 63.57], [63.28, 63.26, 63.24, 63.21, 63.17, 63.11, 63.01, 62.84, 62.56, 62.33, 62.68, 61.47, 61.06, 61.87, 61.83, 61.87, 63.27, 64.45, 63.66, 63.66], [63.27, 63.25, 63.23, 63.21, 63.16, 63.1, 63.01, 62.86, 62.6, 62.39, 61.9, 61.68, 61.3, 61.96, 62.01, 62.5, 62.88, 63.16, 63.73, 63.74], [63.27, 63.25, 63.23, 63.21, 63.18, 63.13, 63.07, 62.99, 62.9, 62.9, 62.16, 61.97, 61.59, 62.74, 62.64, 62.65, 62.77, 62.87, 62.83, 62.74], [63.27, 63.26, 63.24, 63.22, 63.2, 63.18, 63.15, 63.15, 63.19, 62.6, 62.69, 63.85, 64.03, 64.29, 62.77, 62.73, 62.75, 62.78, 62.76, 62.72], [63.27, 63.26, 63.25, 63.24, 63.23, 63.23, 63.23, 63.27, 63.38, 63.09, 63.94, 63.94, 64.06, 64.25, 62.87, 62.8, 62.77, 62.76, 62.74, 62.72], [63.28, 63.27, 63.26, 63.26, 63.26, 63.27, 63.29, 63.35, 63.81, 63.89, 63.95, 63.98, 64.08, 64.23, 62.93, 62.84, 62.8, 62.77, 62.75, 62.72], [63.28, 63.28, 63.28, 63.28, 63.28, 63.3, 63.33, 63.38, 63.87, 63.91, 63.96, 64.01, 64.1, 64.22, 62.96, 62.88, 62.82, 62.78, 62.76, 62.73], [63.29, 63.29, 63.29, 63.29, 63.3, 63.32, 63.34, 63.89, 63.91, 63.95, 63.99, 64.05, 64.13, 64.22, 62.97, 62.89, 62.84, 62.8, 62.77, 62.74]]}