gis_exercise/awsData/contour/humi_2023090217.json
{"header": {"refTime": "2023-09-02T17:00:00.000Z", "nx": 21, "ny": 33, "lo1": 113.509, "la1": 22.2235, "lo2": 113.5947, "la2": 22.1034, "dx": 0.0042850000000001385, "dy": 0.003753125000000024, "parameterCategory": 0, "parameterCategoryName": "Temperature", "parameterNumber": 0}, "z": [[85.72, 85.74, 85.77, 87.32, 87.26, 85.56, 85.57, 85.57, 85.53, 86.02, 85.93, 85.83, 84.57, 84.49, 84.47, 84.49, 84.25, 84.29, 84.32, 84.35], [85.7, 85.73, 85.76, 85.79, 87.26, 87.16, 85.63, 85.66, 85.67, 86.01, 85.89, 85.73, 84.46, 84.39, 84.39, 84.19, 84.26, 84.31, 84.35, 84.37], [85.68, 85.71, 85.74, 85.78, 87.28, 87.18, 87.01, 85.74, 85.92, 86.02, 85.84, 85.56, 84.28, 84.24, 84.08, 84.19, 84.28, 84.35, 84.39, 84.41], [85.66, 85.68, 85.71, 85.76, 85.81, 87.25, 87.11, 86.89, 86.68, 86.08, 85.81, 85.27, 83.97, 84.84, 84.05, 84.22, 84.33, 84.41, 84.44, 84.45], [85.62, 85.64, 85.67, 85.72, 85.78, 87.35, 87.29, 87.24, 87.27, 86.31, 85.92, 84.76, 83.74, 84.6, 84.07, 84.28, 84.42, 84.5, 84.52, 84.5], [85.58, 85.59, 85.62, 85.66, 85.74, 85.84, 87.45, 87.48, 87.62, 87.9, 86.23, 85.27, 84.42, 83.67, 84.17, 84.39, 84.56, 84.64, 84.61, 84.56], [85.34, 85.53, 85.54, 85.57, 85.64, 85.78, 87.01, 87.53, 87.68, 87.99, 88.14, 86.12, 84.14, 84.02, 84.32, 84.5, 84.74, 84.83, 84.63, 84.5], [85.28, 85.27, 85.26, 85.28, 85.35, 86.54, 86.83, 87.11, 87.22, 88.19, 89.17, 86.54, 86.51, 83.99, 85.0, 85.0, 85.0, 85.0, 85.0, 85.0], [85.72, 85.67, 85.14, 85.1, 85.08, 85.19, 85.56, 86.94, 87.96, 87.85, 88.08, 87.34, 86.98, 87.46, 85.0, 85.0, 85.0, 85.0, 85.0, 85.0], [84.0, 84.0, 84.0, 85.4, 85.21, 84.68, 85.05, 85.56, 88.71, 88.54, 86.96, 87.8, 87.53, 87.66, 85.0, 85.0, 85.0, 85.0, 85.0, 85.0], [84.0, 84.0, 84.0, 84.0, 84.0, 84.0, 84.0, 84.0, 85.06, 88.03, 90.0, 88.09, 87.87, 87.85, 85.0, 85.0, 85.0, 85.0, 85.0, 85.0], [84.0, 84.0, 84.0, 84.0, 84.0, 84.0, 84.0, 84.0, 84.0, -999.0, 90.0, 85.0, 85.0, 88.01, 85.0, 85.0, 85.0, 88.98, 88.88, 88.86], [84.0, 84.0, 84.0, 84.0, 84.0, 84.0, 84.0, 84.0, 84.0, 84.0, -999.0, 85.0, 85.0, 89.57, 87.56, 87.55, 87.5, 88.36, 88.24, 88.16], [84.0, 84.0, 84.0, 84.0, 84.0, 84.0, 84.0, 84.0, 84.0, 84.0, -999.0, 92.0, 92.0, 92.0, 88.15, 88.13, 88.02, 88.9, 88.71, 88.57], [84.0, 84.0, 84.0, 84.0, 84.0, 84.0, 84.0, 86.0, 86.0, 86.0, 86.0, 88.31, 92.0, 92.0, 92.0, 88.8, 88.59, 89.39, 89.14, 88.93], [84.0, 84.0, 85.26, 85.28, 85.32, 86.0, 86.0, 86.0, 86.0, 86.0, 89.78, 89.35, 89.93, 90.42, 89.86, 91.27, 91.16, 91.35, 89.64, 89.47], [85.28, 85.3, 84.71, 84.74, 86.0, 86.0, 86.0, 86.0, 86.0, 86.0, 88.58, 89.32, 90.11, 90.83, 91.06, 91.55, 91.39, 91.26, 91.18, 91.11], [84.71, 84.74, 84.77, 84.83, 86.0, 86.0, 86.0, 86.0, 86.0, 87.52, 88.33, 89.23, 90.17, 91.0, 91.87, 91.6, 91.37, 91.23, 91.13, 91.07], [84.75, 84.79, 84.83, 86.0, 86.0, 86.0, 86.0, 86.0, 86.54, 87.17, 88.1, 88.86, 89.99, 90.7, 91.63, 91.46, 91.27, 91.14, 91.07, 91.02], [84.78, 84.81, 87.14, 87.09, 87.01, 86.91, 86.75, 86.33, 86.79, 87.38, 88.06, 88.71, 89.76, 90.24, 91.33, 91.23, 91.11, 91.02, 90.97, 90.95], [87.22, 87.19, 87.15, 86.83, 86.79, 86.73, 86.65, 86.57, 87.4, 87.7, 88.13, 88.59, 89.59, 91.14, 91.1, 91.01, 90.93, 90.88, 90.87, 90.88], [86.93, 86.92, 86.91, 86.9, 86.88, 86.86, 86.84, 87.04, 87.76, 87.94, 88.2, 88.51, 90.06, 90.99, 90.92, 90.82, 90.74, 90.74, 90.77, 90.81], [86.97, 86.97, 86.97, 87.23, 87.23, 87.23, 87.24, 87.28, 87.33, 87.38, 87.39, 87.94, 89.56, 90.89, 90.79, 90.66, 90.54, 90.6, 90.7, 90.76], [87.29, 87.29, 87.3, 87.3, 87.32, 87.35, 87.39, 87.47, 87.56, 87.62, 87.58, 88.49, 89.5, 89.77, 89.99, 90.59, 90.27, 90.59, 90.69, 90.74], [87.33, 87.33, 87.35, 87.37, 87.39, 87.44, 87.5, 87.6, 87.75, 87.86, 87.72, 88.43, 88.6, 89.75, 89.99, 90.2, 90.66, 90.77, 90.72, 90.75], [87.36, 87.37, 87.39, 87.42, 87.45, 87.5, 87.57, 87.66, 87.78, 87.87, 88.24, 88.38, 88.54, 89.71, 89.95, 90.14, 90.3, 90.36, 90.74, 90.76], [87.39, 87.4, 87.43, 87.46, 87.49, 87.54, 87.61, 87.68, 87.75, 87.78, 88.26, 88.35, 88.48, 89.61, 89.83, 90.01, 90.14, 90.19, 90.18, 90.14], [87.41, 87.43, 87.45, 87.49, 87.53, 87.57, 87.63, 87.69, 87.75, 88.2, 88.21, 88.44, 88.64, 88.88, 89.69, 89.87, 89.99, 90.06, 90.07, 90.06], [87.43, 87.45, 87.48, 87.51, 87.55, 87.59, 87.64, 87.7, 87.77, 88.15, 88.12, 88.35, 88.58, 88.8, 89.57, 89.74, 89.86, 89.94, 89.98, 89.99], [87.45, 87.47, 87.49, 87.52, 87.56, 87.6, 87.65, 87.7, 88.35, 88.25, 88.2, 88.36, 88.56, 88.76, 89.48, 89.65, 89.76, 89.84, 89.89, 89.91], [87.46, 87.48, 87.5, 87.53, 87.56, 87.6, 87.64, 87.69, 88.41, 88.36, 88.36, 88.45, 88.59, 88.74, 89.43, 89.58, 89.69, 89.77, 89.82, 89.85], [87.47, 87.49, 87.51, 87.54, 87.57, 87.6, 87.63, 88.5, 88.47, 88.46, 88.48, 88.54, 88.64, 88.75, 89.41, 89.53, 89.63, 89.71, 89.76, 89.8]]}