gis_exercise/awsData/contour/humi_2023090700.json
{"header": {"refTime": "2023-09-07T00:00:00.000Z", "nx": 21, "ny": 33, "lo1": 113.509, "la1": 22.2235, "lo2": 113.5947, "la2": 22.1034, "dx": 0.0042850000000001385, "dy": 0.003753125000000024, "parameterCategory": 0, "parameterCategoryName": "Temperature", "parameterNumber": 0}, "z": [[85.74, 85.87, 86.04, 88.0, 88.1, 86.39, 86.64, 86.87, 86.89, 87.08, 86.52, 85.96, 84.35, 84.04, 83.01, 82.8, 80.81, 80.8, 80.8, 80.8], [85.65, 85.78, 85.95, 86.17, 88.08, 88.24, 86.89, 87.43, 87.73, 87.51, 86.54, 85.72, 84.01, 83.71, 82.73, 80.79, 80.78, 80.77, 80.77, 80.77], [85.54, 85.65, 85.81, 86.03, 88.0, 88.17, 88.46, 87.88, 89.45, 87.86, 86.36, 85.21, 83.44, 83.23, 80.77, 80.77, 80.75, 80.74, 80.73, 80.74], [85.39, 85.49, 85.62, 85.81, 86.09, 88.0, 88.23, 88.63, 89.0, 87.33, 85.83, 84.33, 82.5, 82.26, 80.75, 80.75, 80.72, 80.69, 80.69, 80.7], [85.23, 85.29, 85.38, 85.53, 85.74, 87.75, 87.84, 87.99, 88.09, 86.56, 85.32, 82.15, 80.91, 81.98, 80.76, 80.73, 80.66, 80.61, 80.62, 80.66], [85.04, 85.06, 85.11, 85.19, 85.34, 85.53, 87.39, 87.33, 87.37, 87.53, 83.88, 82.78, 81.77, 81.0, 80.85, 80.72, 80.55, 80.48, 80.53, 80.61], [82.79, 84.81, 84.79, 84.81, 84.88, 85.02, 84.76, 86.65, 86.61, 85.99, 86.14, 83.85, 81.71, 81.53, 80.98, 80.71, 80.37, 80.25, 80.0, 80.0], [82.71, 82.69, 82.68, 82.7, 82.79, 84.16, 84.54, 84.96, 85.22, 86.19, 87.17, 84.54, 84.51, 81.49, 81.12, 81.44, 80.79, 80.55, 80.92, 81.17], [83.29, 83.23, 82.52, 82.46, 82.44, 82.59, 83.08, 84.7, 85.96, 85.85, 86.08, 85.34, 84.98, 85.46, 81.19, 81.56, 81.18, 81.02, 81.11, 81.26], [81.0, 81.0, 81.0, 82.87, 82.61, 81.91, 82.39, 83.08, 86.71, 86.54, 84.96, 85.8, 85.53, 85.66, 81.2, 81.69, 81.45, 81.32, 81.31, 81.37], [81.0, 81.0, 81.0, 81.0, 81.0, 81.0, 81.0, 81.0, 82.42, 86.03, 88.0, 86.09, 85.87, 85.85, 81.17, 81.79, 81.61, 81.51, 81.48, 81.5], [81.0, 81.0, 81.0, 81.0, 81.0, 81.0, 81.0, 81.0, 81.0, -999.0, 88.0, 83.0, 83.0, 86.01, 81.13, 81.89, 81.78, 82.84, 82.77, 82.76], [81.0, 81.0, 81.0, 81.0, 81.0, 81.0, 81.0, 81.0, 81.0, 81.0, -999.0, 83.0, 83.0, 84.31, 83.73, 81.82, 81.78, 82.4, 82.31, 82.26], [81.0, 81.0, 81.0, 81.0, 81.0, 81.0, 81.0, 81.0, 81.0, 81.0, -999.0, 85.0, 85.0, 85.0, 83.9, 82.24, 82.16, 82.78, 82.65, 82.55], [81.0, 81.0, 81.0, 81.0, 81.0, 81.0, 81.0, 86.0, 86.0, 86.0, 86.0, 85.62, 85.0, 85.0, 85.0, 82.71, 82.56, 83.14, 82.96, 82.81], [81.0, 81.0, 84.15, 84.2, 84.3, 86.0, 86.0, 86.0, 86.0, 86.0, 85.37, 85.44, 85.35, 85.26, 85.36, 83.53, 83.31, 83.7, 82.61, 82.44], [84.21, 84.24, 82.76, 82.85, 86.0, 86.0, 86.0, 86.0, 86.0, 86.0, 85.57, 85.45, 85.32, 85.2, 84.67, 84.8, 84.73, 84.69, 84.66, 84.64], [82.78, 82.84, 82.93, 83.06, 86.0, 86.0, 86.0, 86.0, 86.0, 85.75, 85.61, 85.46, 85.31, 84.7, 84.95, 84.82, 84.72, 84.66, 84.63, 84.63], [82.88, 82.96, 83.08, 86.0, 86.0, 86.0, 86.0, 86.0, 85.91, 85.81, 86.45, 86.36, 84.55, 84.56, 84.82, 84.74, 84.65, 84.61, 84.59, 84.6], [82.95, 83.03, 88.29, 88.17, 88.03, 87.81, 87.49, 86.66, 86.35, 86.52, 86.61, 86.55, 84.41, 84.31, 84.66, 84.61, 84.55, 84.53, 84.54, 84.57], [88.44, 88.38, 88.31, 87.65, 87.57, 87.45, 87.3, 87.14, 86.79, 86.85, 86.88, 86.81, 84.21, 84.57, 84.52, 84.45, 84.4, 84.42, 84.49, 84.55], [87.86, 87.85, 87.82, 87.8, 87.76, 87.72, 87.69, 87.91, 87.26, 87.29, 87.26, 87.14, 85.35, 84.49, 84.39, 84.25, 84.17, 84.28, 84.45, 84.56], [87.94, 87.94, 87.94, 88.21, 88.22, 88.23, 88.27, 88.36, 88.48, 88.56, 88.58, 86.45, 86.41, 84.44, 84.3, 84.04, 83.7, 84.1, 84.5, 84.62], [88.29, 88.3, 88.31, 88.34, 88.38, 88.44, 88.55, 88.73, 88.95, 89.06, 88.95, 87.54, 86.56, 85.9, 85.26, 84.04, 82.6, 84.61, 84.8, 84.75], [88.35, 88.37, 88.4, 88.44, 88.5, 88.6, 88.75, 88.98, 89.34, 89.63, 89.25, 87.81, 87.0, 86.04, 85.47, 85.05, 85.06, 85.95, 85.1, 84.87], [88.4, 88.43, 88.47, 88.52, 88.6, 88.7, 88.85, 89.06, 89.37, 89.61, 88.67, 87.95, 87.22, 86.19, 85.72, 85.32, 85.44, 85.6, 85.06, 84.9], [88.45, 88.48, 88.52, 88.58, 88.65, 88.75, 88.87, 89.02, 89.17, 89.23, 88.45, 88.0, 87.42, 86.12, 85.79, 85.6, 85.55, 85.56, 85.54, 85.51], [88.48, 88.52, 88.56, 88.62, 88.69, 88.77, 88.86, 88.96, 89.03, 88.54, 88.45, 89.15, 89.09, 89.0, 86.06, 85.82, 85.7, 85.64, 85.61, 85.59], [88.51, 88.54, 88.59, 88.64, 88.7, 88.77, 88.85, 88.91, 88.96, 88.6, 89.05, 89.09, 89.07, 89.01, 86.27, 86.02, 85.86, 85.76, 85.71, 85.67], [88.53, 88.56, 88.61, 88.65, 88.71, 88.77, 88.82, 88.88, 89.15, 89.1, 89.06, 89.07, 89.05, 89.01, 86.42, 86.17, 85.99, 85.88, 85.81, 85.76], [88.54, 88.58, 88.62, 88.66, 88.71, 88.75, 88.8, 88.85, 89.13, 89.1, 89.08, 89.07, 89.05, 89.01, 86.51, 86.27, 86.1, 85.98, 85.9, 85.84], [88.55, 88.59, 88.62, 88.66, 88.7, 88.74, 88.78, 89.14, 89.12, 89.1, 89.08, 89.07, 89.04, 89.01, 86.54, 86.34, 86.18, 86.06, 85.97, 85.91]]}