gis_exercise/awsData/contour/humi_2023090200.json
{"header": {"refTime": "2023-09-02T00:00:00.000Z", "nx": 21, "ny": 33, "lo1": 113.509, "la1": 22.2235, "lo2": 113.5947, "la2": 22.1034, "dx": 0.0042850000000001385, "dy": 0.003753125000000024, "parameterCategory": 0, "parameterCategoryName": "Temperature", "parameterNumber": 0}, "z": [[95.75, 95.67, 95.58, 95.73, 95.6, 93.34, 93.26, 93.18, 93.09, 93.4, 93.36, 93.29, 92.53, 92.52, 92.05, 92.13, 93.03, 93.11, 93.18, 93.23], [95.8, 95.73, 95.63, 95.5, 95.61, 95.39, 93.3, 93.18, 93.08, 93.34, 93.3, 93.18, 92.4, 92.4, 91.97, 92.91, 93.04, 93.14, 93.21, 93.26], [95.87, 95.81, 95.72, 95.59, 95.68, 95.46, 95.09, 93.2, 93.03, 93.31, 93.25, 93.0, 92.18, 92.22, 92.67, 92.9, 93.07, 93.19, 93.26, 93.31], [95.95, 95.9, 95.83, 95.72, 95.57, 95.63, 95.34, 94.85, 94.39, 93.47, 93.27, 92.69, 91.75, 93.15, 92.6, 92.93, 93.15, 93.28, 93.34, 93.37], [96.05, 96.02, 95.97, 95.9, 95.79, 95.9, 95.78, 95.63, 95.61, 93.9, 93.5, 92.92, 91.26, 92.79, 92.65, 93.05, 93.29, 93.41, 93.45, 93.44], [96.15, 96.14, 96.13, 96.09, 96.04, 95.96, 96.22, 96.3, 96.45, 96.7, 95.08, 93.8, 92.51, 92.01, 92.91, 93.25, 93.49, 93.59, 93.57, 93.52], [97.55, 96.28, 96.3, 96.3, 96.3, 96.28, 97.76, 96.73, 96.94, 97.73, 97.85, 95.39, 93.42, 93.06, 93.3, 93.48, 93.72, 93.82, 93.26, 93.01], [97.57, 97.58, 97.58, 97.57, 97.55, 97.83, 97.74, 97.51, 97.17, 97.85, 98.49, 96.92, 96.9, 92.98, 94.74, 94.96, 94.52, 94.37, 94.61, 94.78], [97.43, 97.44, 97.62, 97.63, 97.64, 97.6, 97.48, 97.68, 97.64, 97.64, 97.85, 97.41, 97.19, 97.48, 94.8, 95.04, 94.79, 94.68, 94.74, 94.84], [98.0, 98.0, 98.0, 97.53, 97.6, 97.77, 97.65, 97.48, 98.14, 98.03, 97.18, 97.68, 97.52, 97.6, 94.8, 95.13, 94.96, 94.88, 94.88, 94.91], [98.0, 98.0, 98.0, 98.0, 98.0, 98.0, 98.0, 98.0, 97.65, 97.68, 99.0, 97.86, 97.72, 97.71, 94.78, 95.19, 95.07, 95.0, 94.99, 95.0], [98.0, 98.0, 98.0, 98.0, 98.0, 98.0, 98.0, 98.0, 98.0, -999.0, 99.0, 96.0, 96.0, 97.81, 94.76, 95.26, 95.19, 96.84, 96.77, 96.76], [98.0, 98.0, 98.0, 98.0, 98.0, 98.0, 98.0, 98.0, 98.0, 98.0, -999.0, 96.0, 96.0, 97.96, 97.1, 95.82, 95.78, 96.4, 96.31, 96.26], [98.0, 98.0, 98.0, 98.0, 98.0, 98.0, 98.0, 98.0, 98.0, 98.0, -999.0, 99.0, 99.0, 99.0, 97.35, 96.24, 96.16, 96.78, 96.65, 96.55], [98.0, 98.0, 98.0, 98.0, 98.0, 98.0, 98.0, 95.0, 95.0, 95.0, 95.0, 96.54, 99.0, 99.0, 99.0, 96.71, 96.56, 97.14, 96.96, 96.81], [98.0, 98.0, 96.11, 96.08, 96.02, 95.0, 95.0, 95.0, 95.0, 95.0, 97.52, 97.23, 97.62, 97.95, 97.57, 99.0, 99.0, 99.0, 97.71, 97.61], [96.07, 96.06, 96.94, 96.89, 95.0, 95.0, 95.0, 95.0, 95.0, 95.0, 96.72, 97.22, 97.74, 98.22, 98.52, 99.0, 99.0, 99.0, 99.0, 99.0], [96.93, 96.89, 96.84, 96.76, 95.0, 95.0, 95.0, 95.0, 95.0, 96.02, 96.55, 97.15, 97.78, 98.48, 98.93, 99.0, 99.0, 99.0, 99.0, 99.0], [96.87, 96.82, 96.75, 95.0, 95.0, 95.0, 95.0, 95.0, 95.36, 95.78, 96.71, 97.23, 97.9, 98.33, 99.0, 99.0, 99.0, 99.0, 99.0, 99.0], [96.83, 96.78, 96.71, 96.63, 96.52, 96.36, 96.12, 95.49, 95.71, 96.21, 96.74, 97.19, 97.81, 98.13, 99.0, 99.0, 99.0, 99.0, 99.0, 99.0], [96.83, 96.79, 96.73, 96.24, 96.18, 96.09, 95.98, 95.86, 96.33, 96.57, 96.89, 97.2, 97.76, 99.0, 99.0, 99.0, 99.0, 99.0, 99.0, 99.0], [96.4, 96.38, 96.37, 96.35, 96.32, 96.29, 96.27, 96.39, 96.77, 96.91, 97.09, 97.27, 98.67, 99.0, 99.0, 99.0, 99.0, 99.0, 99.0, 99.0], [96.45, 96.45, 96.45, 96.6, 96.6, 96.62, 96.65, 96.72, 96.81, 96.87, 96.88, 97.38, 98.63, 99.0, 99.0, 99.0, 99.0, 99.0, 99.0, 99.0], [96.65, 96.65, 96.67, 96.68, 96.72, 96.77, 96.86, 96.99, 97.16, 97.25, 97.16, 98.0, 98.61, 98.72, 98.81, 99.0, 99.0, 99.0, 99.0, 99.0], [96.69, 96.7, 96.73, 96.76, 96.81, 96.88, 97.0, 97.18, 97.46, 97.7, 97.38, 97.95, 98.02, 98.7, 98.8, 98.88, 99.0, 99.0, 99.0, 99.0], [96.72, 96.74, 96.77, 96.81, 96.87, 96.95, 97.06, 97.23, 97.48, 97.68, 97.87, 97.87, 97.94, 98.69, 98.78, 98.7, 98.79, 98.81, 99.0, 99.0], [96.75, 96.78, 96.81, 96.85, 96.91, 96.98, 97.07, 97.18, 97.3, 97.33, 97.73, 97.75, 97.84, 98.29, 98.45, 98.59, 98.67, 98.71, 98.7, 98.68], [96.78, 96.8, 96.83, 96.87, 96.92, 96.98, 97.05, 97.12, 97.16, 97.55, 97.5, 97.59, 97.73, 97.88, 98.34, 98.48, 98.57, 98.61, 98.63, 98.62], [96.79, 96.82, 96.85, 96.89, 96.93, 96.98, 97.02, 97.06, 97.08, 97.34, 97.16, 97.44, 97.65, 97.81, 98.25, 98.38, 98.47, 98.53, 98.56, 98.57], [96.81, 96.83, 96.86, 96.89, 96.93, 96.97, 97.0, 97.03, 97.51, 97.35, 97.25, 97.43, 97.62, 97.77, 98.18, 98.3, 98.4, 98.46, 98.49, 98.51], [96.82, 96.84, 96.86, 96.89, 96.92, 96.95, 96.98, 97.0, 97.54, 97.47, 97.44, 97.52, 97.64, 97.76, 98.14, 98.25, 98.34, 98.4, 98.44, 98.47], [96.82, 96.84, 96.87, 96.89, 96.92, 96.94, 96.96, 97.64, 97.6, 97.56, 97.56, 97.6, 97.68, 97.77, 98.12, 98.22, 98.3, 98.35, 98.4, 98.42]]}