gis_exercise/awsData/contour/humi_2023090206.json
{"header": {"refTime": "2023-09-02T06:00:00.000Z", "nx": 21, "ny": 33, "lo1": 113.509, "la1": 22.2235, "lo2": 113.5947, "la2": 22.1034, "dx": 0.0042850000000001385, "dy": 0.003753125000000024, "parameterCategory": 0, "parameterCategoryName": "Temperature", "parameterNumber": 0}, "z": [[96.11, 96.14, 96.19, 97.0, 97.0, 96.07, 96.12, 96.15, 96.13, 95.75, 95.45, 95.14, 95.17, 95.08, 95.06, 95.09, 94.87, 94.94, 94.99, 95.02], [96.08, 96.12, 96.17, 96.23, 97.0, 97.0, 96.2, 96.32, 96.37, 95.96, 95.47, 95.03, 95.03, 94.94, 94.96, 94.78, 94.89, 94.97, 95.02, 95.06], [96.04, 96.08, 96.13, 96.2, 97.0, 97.0, 97.0, 96.46, 96.85, 96.14, 95.37, 94.78, 94.78, 94.73, 94.62, 94.79, 94.93, 95.02, 95.08, 95.11], [96.0, 96.03, 96.08, 96.15, 96.23, 97.0, 97.0, 97.0, 97.0, 95.87, 95.07, 94.34, 94.35, 93.86, 94.58, 94.82, 95.0, 95.11, 95.16, 95.18], [95.95, 95.97, 96.01, 96.07, 96.16, 97.0, 97.0, 97.0, 97.0, 94.73, 94.69, 94.12, 93.3, 93.77, 94.6, 94.92, 95.14, 95.25, 95.27, 95.26], [95.88, 95.9, 95.93, 95.97, 96.05, 96.17, 97.0, 97.0, 97.0, 97.0, 94.79, 94.03, 93.7, 94.0, 94.76, 95.08, 95.34, 95.45, 95.41, 95.34], [95.34, 95.81, 95.81, 95.84, 95.91, 96.04, 95.51, 97.0, 97.0, 96.49, 96.6, 94.4, 94.71, 94.53, 94.98, 95.25, 95.61, 95.74, 95.45, 95.26], [95.28, 95.27, 95.26, 95.28, 95.35, 95.53, 95.9, 96.15, 96.88, 96.53, 96.57, 96.0, 96.0, 94.49, 96.0, 96.0, 96.0, 96.0, 96.0, 96.0], [95.72, 95.67, 95.14, 95.1, 95.08, 95.19, 95.56, 96.09, 97.0, 96.47, 96.0, 96.0, 96.0, 96.0, 96.0, 96.0, 96.0, 96.0, 96.0, 96.0], [94.0, 94.0, 94.0, 95.4, 95.21, 94.68, 95.05, 95.56, 97.0, 97.0, 96.0, 96.0, 96.0, 96.0, 96.0, 96.0, 96.0, 96.0, 96.0, 96.0], [94.0, 94.0, 94.0, 94.0, 94.0, 94.0, 94.0, 94.0, 95.06, 97.0, -999.0, 96.0, 96.0, 96.0, 96.0, 96.0, 96.0, 96.0, 96.0, 96.0], [94.0, 94.0, 94.0, 94.0, 94.0, 94.0, 94.0, 94.0, 94.0, -999.0, -999.0, 96.0, 96.0, 96.0, 96.0, 96.0, 96.0, 98.27, 98.22, 98.2], [94.0, 94.0, 94.0, 94.0, 94.0, 94.0, 94.0, 94.0, 94.0, 94.0, -999.0, 96.0, 96.0, 98.61, 97.46, 97.46, 97.43, 97.92, 97.85, 97.81], [94.0, 94.0, 94.0, 94.0, 94.0, 94.0, 94.0, 94.0, 94.0, 94.0, -999.0, 100.0, 100.0, 100.0, 97.8, 97.79, 97.73, 98.23, 98.12, 98.04], [94.0, 94.0, 94.0, 94.0, 94.0, 94.0, 94.0, 95.0, 95.0, 95.0, 95.0, 96.92, 100.0, 100.0, 100.0, 98.17, 98.05, 98.51, 98.37, 98.25], [94.0, 94.0, 94.63, 94.64, 94.66, 95.0, 95.0, 95.0, 95.0, 95.0, 98.15, 97.79, 98.27, 98.68, 98.22, 99.63, 99.58, 99.68, 98.69, 98.59], [94.64, 94.65, 94.35, 94.37, 95.0, 95.0, 95.0, 95.0, 95.0, 95.0, 97.15, 97.77, 98.42, 99.02, 99.29, 99.7, 99.6, 99.52, 99.46, 99.42], [94.36, 94.37, 94.39, 94.41, 95.0, 95.0, 95.0, 95.0, 95.0, 96.27, 96.94, 97.69, 98.47, 99.24, 99.9, 99.74, 99.59, 99.49, 99.43, 99.39], [94.38, 94.39, 94.42, 95.0, 95.0, 95.0, 95.0, 95.0, 95.45, 95.97, 97.18, 97.84, 98.45, 99.01, 99.76, 99.65, 99.53, 99.44, 99.39, 99.35], [94.39, 94.41, 97.29, 97.17, 97.03, 96.81, 96.49, 95.66, 95.91, 96.56, 97.23, 97.79, 98.28, 98.69, 99.56, 99.5, 99.42, 99.36, 99.33, 99.31], [97.44, 97.38, 97.31, 96.65, 96.57, 96.45, 96.3, 96.14, 96.72, 97.02, 97.44, 97.83, 98.17, 99.44, 99.42, 99.36, 99.31, 99.28, 99.26, 99.26], [96.86, 96.85, 96.82, 96.8, 96.76, 96.72, 96.69, 96.73, 97.31, 97.48, 97.71, 97.93, 99.35, 99.35, 99.3, 99.25, 99.2, 99.19, 99.2, 99.21], [96.94, 96.94, 96.94, 96.96, 96.97, 97.0, 97.06, 97.16, 97.29, 97.37, 97.36, 97.82, 99.0, 99.28, 99.23, 99.16, 99.11, 99.11, 99.14, 99.17], [97.0, 97.02, 97.04, 97.07, 97.11, 97.19, 97.32, 97.52, 97.76, 97.89, 97.74, 98.5, 99.0, 99.0, 99.0, 99.11, 99.03, 99.05, 99.1, 99.15], [97.05, 97.07, 97.1, 97.15, 97.22, 97.33, 97.49, 97.75, 98.18, 98.53, 98.05, 98.46, 98.43, 99.0, 99.0, 99.0, 99.06, 99.05, 99.1, 99.14], [97.09, 97.12, 97.16, 97.21, 97.29, 97.4, 97.56, 97.8, 98.18, 98.48, 98.5, 98.36, 98.34, 99.0, 99.0, 98.7, 98.79, 98.81, 99.11, 99.14], [97.12, 97.15, 97.19, 97.25, 97.32, 97.41, 97.54, 97.69, 97.85, 97.88, 98.2, 98.16, 98.2, 98.29, 98.45, 98.59, 98.67, 98.71, 98.7, 98.68], [97.14, 97.17, 97.21, 97.26, 97.32, 97.4, 97.47, 97.54, 97.56, 97.89, 97.78, 97.89, 98.04, 98.17, 98.34, 98.48, 98.57, 98.61, 98.63, 98.62], [97.16, 97.19, 97.22, 97.27, 97.31, 97.36, 97.41, 97.43, 97.39, 97.53, 97.25, 97.65, 97.91, 98.08, 98.25, 98.38, 98.47, 98.53, 98.56, 98.57], [97.17, 97.2, 97.23, 97.26, 97.3, 97.33, 97.35, 97.35, 97.78, 97.53, 97.38, 97.63, 97.86, 98.03, 98.18, 98.3, 98.4, 98.46, 98.49, 98.51], [97.17, 97.2, 97.23, 97.25, 97.28, 97.3, 97.32, 97.31, 97.81, 97.69, 97.65, 97.74, 97.89, 98.02, 98.14, 98.25, 98.34, 98.4, 98.44, 98.47], [97.18, 97.2, 97.22, 97.24, 97.27, 97.28, 97.29, 97.95, 97.88, 97.82, 97.8, 97.85, 97.94, 98.03, 98.12, 98.22, 98.3, 98.35, 98.4, 98.42]]}