gis_exercise/awsData/contour/humi_2023090805.json
{"header": {"refTime": "2023-09-08T05:00:00.000Z", "nx": 21, "ny": 33, "lo1": 113.509, "la1": 22.2235, "lo2": 113.5947, "la2": 22.1034, "dx": 0.0042850000000001385, "dy": 0.003753125000000024, "parameterCategory": 0, "parameterCategoryName": "Temperature", "parameterNumber": 0}, "z": [[98.0, 98.0, 98.0, 98.51, 98.49, 97.3, 97.34, 97.37, 97.35, 97.63, 97.51, 97.38, 96.57, 96.49, 95.9, 95.84, 95.54, 95.53, 95.53, 95.53], [98.0, 98.0, 98.0, 98.0, 98.49, 98.45, 97.4, 97.49, 97.53, 97.68, 97.49, 97.29, 96.46, 96.39, 95.82, 95.53, 95.52, 95.52, 95.51, 95.51], [98.0, 98.0, 98.0, 98.0, 98.49, 98.45, 98.39, 97.59, 97.89, 97.73, 97.44, 97.13, 96.28, 96.24, 95.51, 95.51, 95.5, 95.49, 95.49, 95.49], [98.0, 98.0, 98.0, 98.0, 98.0, 98.47, 98.42, 98.34, 98.27, 97.7, 97.35, 96.85, 95.97, 96.44, 95.5, 95.5, 95.48, 95.46, 95.46, 95.47], [98.0, 98.0, 98.0, 98.0, 98.0, 98.5, 98.48, 98.46, 98.49, 97.73, 97.35, 96.37, 95.58, 96.27, 95.51, 95.49, 95.44, 95.41, 95.41, 95.44], [98.0, 98.0, 98.0, 98.0, 98.0, 98.0, 98.51, 98.53, 98.61, 98.78, 97.46, 96.77, 96.13, 95.67, 95.56, 95.48, 95.37, 95.32, 95.36, 95.41], [98.0, 98.0, 98.0, 98.0, 98.0, 98.0, 98.51, 98.48, 98.56, 98.73, 98.85, 97.46, 96.14, 96.02, 95.66, 95.48, 95.25, 95.17, 95.0, 95.0], [98.0, 98.0, 98.0, 98.0, 98.0, 98.45, 98.45, 98.36, 98.17, 98.85, 99.49, 97.92, 97.9, 95.99, 95.74, 95.96, 95.52, 95.37, 95.61, 95.78], [98.0, 98.0, 98.0, 98.0, 98.0, 98.0, 98.0, 98.44, 98.64, 98.64, 98.85, 98.41, 98.19, 98.48, 95.8, 96.04, 95.79, 95.68, 95.74, 95.84], [98.0, 98.0, 98.0, 98.0, 98.0, 98.0, 98.0, 98.0, 99.14, 99.03, 98.18, 98.68, 98.52, 98.6, 95.8, 96.13, 95.96, 95.88, 95.88, 95.91], [98.0, 98.0, 98.0, 98.0, 98.0, 98.0, 98.0, 98.0, 98.0, 98.68, 100.0, 98.86, 98.72, 98.71, 95.78, 96.19, 96.07, 96.0, 95.99, 96.0], [98.0, 98.0, 98.0, 98.0, 98.0, 98.0, 98.0, 98.0, 98.0, -999.0, 100.0, 97.0, 97.0, 98.81, 95.76, 96.26, 96.19, 97.84, 97.77, 97.76], [98.0, 98.0, 98.0, 98.0, 98.0, 98.0, 98.0, 98.0, 98.0, 98.0, -999.0, 97.0, 97.0, 98.96, 98.1, 96.82, 96.78, 97.4, 97.31, 97.26], [98.0, 98.0, 98.0, 98.0, 98.0, 98.0, 98.0, 98.0, 98.0, 98.0, -999.0, 100.0, 100.0, 100.0, 98.35, 97.24, 97.16, 97.78, 97.65, 97.55], [98.0, 98.0, 98.0, 98.0, 98.0, 98.0, 98.0, 96.0, 96.0, 96.0, 96.0, 97.54, 100.0, 100.0, 100.0, 97.71, 97.56, 98.14, 97.96, 97.81], [98.0, 98.0, 96.74, 96.72, 96.68, 96.0, 96.0, 96.0, 96.0, 96.0, 98.52, 98.23, 98.62, 98.95, 98.57, 99.27, 99.16, 99.35, 98.16, 98.02], [96.72, 96.7, 97.29, 97.26, 96.0, 96.0, 96.0, 96.0, 96.0, 96.0, 97.72, 98.22, 98.74, 99.22, 99.3, 99.55, 99.39, 99.26, 99.18, 99.11], [97.29, 97.26, 97.23, 97.17, 96.0, 96.0, 96.0, 96.0, 96.0, 97.02, 97.55, 98.15, 98.78, 99.26, 99.9, 99.6, 99.37, 99.23, 99.13, 99.07], [97.25, 97.21, 97.17, 96.0, 96.0, 96.0, 96.0, 96.0, 96.36, 96.78, 97.71, 98.23, 98.54, 99.03, 99.63, 99.46, 99.27, 99.14, 99.07, 99.02], [97.22, 97.19, 97.71, 97.63, 97.52, 97.36, 97.12, 96.49, 96.71, 97.21, 97.74, 98.19, 98.36, 98.68, 99.33, 99.23, 99.11, 99.02, 98.97, 98.95], [97.83, 97.79, 97.73, 97.24, 97.18, 97.09, 96.98, 96.86, 97.33, 97.57, 97.89, 98.2, 98.21, 99.14, 99.1, 99.01, 98.93, 98.88, 98.87, 98.88], [97.4, 97.38, 97.37, 97.35, 97.32, 97.29, 97.27, 97.21, 97.77, 97.91, 98.09, 98.27, 99.04, 98.99, 98.92, 98.82, 98.74, 98.74, 98.77, 98.81], [97.45, 97.45, 97.45, 97.34, 97.36, 97.39, 97.44, 97.52, 97.62, 97.68, 97.67, 97.85, 98.67, 98.89, 98.79, 98.66, 98.54, 98.6, 98.7, 98.76], [97.36, 97.37, 97.39, 97.41, 97.45, 97.52, 97.62, 97.78, 97.98, 98.08, 97.95, 98.25, 98.68, 98.62, 98.56, 98.59, 98.27, 98.59, 98.69, 98.74], [97.39, 97.4, 97.43, 97.47, 97.52, 97.61, 97.74, 97.95, 98.31, 98.6, 98.19, 98.25, 98.13, 98.63, 98.58, 98.54, 98.66, 98.77, 98.72, 98.75], [97.41, 97.43, 97.46, 97.5, 97.56, 97.65, 97.77, 97.97, 98.29, 98.55, 98.38, 98.17, 98.07, 98.65, 98.61, 98.29, 98.41, 98.46, 98.74, 98.76], [97.43, 97.45, 97.48, 97.52, 97.57, 97.64, 97.73, 97.85, 97.97, 97.99, 98.08, 97.98, 97.96, 97.97, 98.1, 98.21, 98.3, 98.34, 98.33, 98.3], [97.44, 97.46, 97.49, 97.52, 97.56, 97.61, 97.66, 97.7, 97.69, 97.79, 97.68, 97.89, 98.04, 98.17, 98.02, 98.13, 98.21, 98.25, 98.26, 98.25], [97.44, 97.46, 97.49, 97.51, 97.54, 97.57, 97.59, 97.58, 97.5, 97.46, 97.25, 97.65, 97.91, 98.08, 97.95, 98.05, 98.13, 98.17, 98.2, 98.2], [97.45, 97.46, 97.48, 97.5, 97.52, 97.53, 97.53, 97.5, 97.78, 97.53, 97.38, 97.63, 97.86, 98.03, 97.89, 97.99, 98.07, 98.11, 98.14, 98.16], [97.45, 97.46, 97.47, 97.49, 97.5, 97.5, 97.5, 97.47, 97.81, 97.69, 97.65, 97.74, 97.89, 98.02, 97.86, 97.95, 98.02, 98.07, 98.1, 98.12], [97.44, 97.46, 97.47, 97.48, 97.48, 97.48, 97.47, 97.95, 97.88, 97.82, 97.8, 97.85, 97.94, 98.03, 97.85, 97.92, 97.98, 98.03, 98.06, 98.09]]}