gis_exercise/awsData/contour/humi_2023090407.json
{"header": {"refTime": "2023-09-04T07:00:00.000Z", "nx": 21, "ny": 33, "lo1": 113.509, "la1": 22.2235, "lo2": 113.5947, "la2": 22.1034, "dx": 0.0042850000000001385, "dy": 0.003753125000000024, "parameterCategory": 0, "parameterCategoryName": "Temperature", "parameterNumber": 0}, "z": [[84.88, 84.95, 85.04, 86.41, 86.44, 85.09, 85.22, 85.33, 85.32, 85.48, 85.16, 84.85, 83.42, 83.22, 83.09, 83.0, 81.62, 81.65, 81.66, 81.67], [84.83, 84.9, 84.99, 85.11, 86.43, 86.48, 85.36, 85.63, 85.77, 85.7, 85.17, 84.7, 83.22, 83.03, 82.93, 81.59, 81.63, 81.66, 81.67, 81.69], [84.77, 84.83, 84.92, 85.04, 86.4, 86.45, 86.54, 85.88, 86.7, 85.89, 85.06, 84.39, 82.88, 82.74, 81.54, 81.6, 81.64, 81.67, 81.69, 81.7], [84.69, 84.74, 84.82, 84.93, 85.08, 86.39, 86.46, 86.59, 86.71, 85.63, 84.77, 83.85, 82.34, 82.41, 81.53, 81.61, 81.67, 81.7, 81.72, 81.73], [84.6, 84.64, 84.69, 84.78, 84.9, 86.3, 86.33, 86.38, 86.43, 85.29, 84.54, 82.37, 81.57, 82.22, 81.53, 81.64, 81.71, 81.75, 81.76, 81.75], [84.49, 84.51, 84.54, 84.6, 84.69, 84.83, 86.16, 86.14, 86.19, 86.32, 83.57, 82.76, 82.08, 81.33, 81.59, 81.69, 81.78, 81.82, 81.8, 81.78], [83.34, 84.37, 84.36, 84.38, 84.44, 84.56, 84.75, 85.85, 85.87, 85.33, 85.34, 83.39, 81.57, 81.51, 81.66, 81.75, 81.87, 81.91, 81.82, 81.75], [83.28, 83.27, 83.26, 83.28, 83.35, 84.32, 84.6, 84.92, 85.05, 85.52, 86.25, 83.54, 83.51, 81.5, 82.0, 82.0, 82.0, 82.0, 82.0, 82.0], [83.72, 83.67, 83.14, 83.1, 83.08, 83.19, 83.56, 84.72, 85.64, 85.21, 85.08, 84.34, 83.98, 84.46, 82.0, 82.0, 82.0, 82.0, 82.0, 82.0], [82.0, 82.0, 82.0, 83.4, 83.21, 82.68, 83.05, 83.56, 86.14, 86.03, 83.96, 84.8, 84.53, 84.66, 82.0, 82.0, 82.0, 82.0, 82.0, 82.0], [82.0, 82.0, 82.0, 82.0, 82.0, 82.0, 82.0, 82.0, 83.06, 85.68, 87.0, 85.09, 84.87, 84.85, 82.0, 82.0, 82.0, 82.0, 82.0, 82.0], [82.0, 82.0, 82.0, 82.0, 82.0, 82.0, 82.0, 82.0, 82.0, -999.0, 87.0, 82.0, 82.0, 85.01, 82.0, 82.0, 82.0, 86.55, 86.44, 86.41], [82.0, 82.0, 82.0, 82.0, 82.0, 82.0, 82.0, 82.0, 82.0, 82.0, -999.0, 82.0, 82.0, 87.22, 84.93, 84.91, 84.85, 85.84, 85.7, 85.61], [82.0, 82.0, 82.0, 82.0, 82.0, 82.0, 82.0, 82.0, 82.0, 82.0, -999.0, 90.0, 90.0, 90.0, 85.6, 85.58, 85.45, 86.46, 86.24, 86.08], [82.0, 82.0, 82.0, 82.0, 82.0, 82.0, 82.0, 90.0, 90.0, 90.0, 90.0, 90.0, 90.0, 90.0, 90.0, 86.34, 86.1, 87.02, 86.73, 86.5], [82.0, 82.0, 87.03, 87.13, 87.28, 90.0, 90.0, 90.0, 90.0, 90.0, 90.0, 90.0, 90.0, 90.0, 90.0, 88.9, 88.73, 89.03, 87.11, 86.9], [87.13, 87.19, 84.82, 84.96, 90.0, 90.0, 90.0, 90.0, 90.0, 90.0, 90.0, 90.0, 90.0, 90.0, 89.67, 89.39, 89.18, 89.01, 88.89, 88.81], [84.85, 84.95, 85.09, 85.3, 90.0, 90.0, 90.0, 90.0, 90.0, 90.0, 90.0, 90.0, 90.0, 89.68, 89.95, 89.46, 89.15, 88.96, 88.84, 88.76], [85.01, 85.14, 85.32, 90.0, 90.0, 90.0, 90.0, 90.0, 90.0, 90.0, 90.37, 90.39, 89.46, 89.55, 89.5, 89.28, 89.02, 88.85, 88.74, 88.69], [85.12, 85.25, 91.14, 91.09, 91.01, 90.91, 90.75, 90.33, 90.22, 90.35, 90.44, 90.46, 89.33, 89.32, 89.09, 88.96, 88.8, 88.68, 88.62, 88.59], [91.22, 91.19, 91.15, 90.83, 90.79, 90.73, 90.65, 90.57, 90.47, 90.52, 90.57, 90.57, 89.18, 88.84, 88.78, 88.66, 88.55, 88.49, 88.48, 88.5], [90.93, 90.92, 90.91, 90.9, 90.88, 90.86, 90.84, 90.34, 90.72, 90.75, 90.75, 90.72, 89.69, 88.64, 88.53, 88.39, 88.29, 88.29, 88.35, 88.41], [90.97, 90.97, 90.97, 90.22, 90.26, 90.32, 90.39, 90.48, 90.57, 90.61, 90.55, 90.1, 89.44, 88.5, 88.36, 88.17, 87.97, 88.09, 88.26, 88.35], [90.13, 90.16, 90.18, 90.22, 90.27, 90.35, 90.46, 90.63, 90.83, 90.92, 90.75, 89.77, 89.54, 89.09, 88.67, 88.08, 87.51, 88.13, 88.28, 88.34], [90.12, 90.14, 90.17, 90.21, 90.26, 90.34, 90.48, 90.71, 91.13, 91.49, 90.93, 89.86, 89.35, 89.16, 88.76, 88.44, 88.27, 88.5, 88.35, 88.36], [90.1, 90.12, 90.14, 90.17, 90.22, 90.29, 90.41, 90.62, 91.02, 91.35, 90.4, 89.76, 89.32, 89.24, 88.89, 88.04, 88.13, 88.19, 88.37, 88.38], [90.08, 90.09, 90.11, 90.13, 90.15, 90.19, 90.26, 90.35, 90.45, 90.42, 89.77, 89.44, 89.19, 88.0, 88.02, 88.05, 88.09, 88.11, 88.11, 88.08], [90.05, 90.06, 90.06, 90.07, 90.07, 90.07, 90.06, 90.02, 89.88, 89.28, 89.05, 89.33, 89.43, 89.47, 88.02, 88.04, 88.06, 88.08, 88.08, 88.07], [90.03, 90.02, 90.02, 90.01, 89.99, 89.96, 89.89, 89.75, 89.47, 88.7, 88.38, 88.94, 89.24, 89.37, 88.02, 88.04, 88.05, 88.06, 88.06, 88.06], [90.0, 89.99, 89.98, 89.96, 89.92, 89.87, 89.77, 89.6, 89.2, 88.8, 88.55, 88.89, 89.16, 89.31, 88.02, 88.03, 88.04, 88.04, 88.05, 88.05], [89.98, 89.96, 89.94, 89.91, 89.87, 89.8, 89.71, 89.56, 89.22, 89.02, 88.93, 89.03, 89.18, 89.29, 88.02, 88.03, 88.03, 88.04, 88.04, 88.04], [89.95, 89.94, 89.91, 89.88, 89.83, 89.77, 89.68, 89.4, 89.28, 89.18, 89.13, 89.16, 89.24, 89.31, 88.02, 88.02, 88.03, 88.03, 88.03, 88.03]]}