gis_exercise/awsData/contour/humi_2023091200.json
{"header": {"refTime": "2023-09-12T00:00:00.000Z", "nx": 21, "ny": 33, "lo1": 113.509, "la1": 22.2235, "lo2": 113.5947, "la2": 22.1034, "dx": 0.0042850000000001385, "dy": 0.003753125000000024, "parameterCategory": 0, "parameterCategoryName": "Temperature", "parameterNumber": 0}, "z": [[91.79, 91.83, 91.88, 93.47, 93.45, 91.58, 91.67, 91.74, 91.72, 92.32, 92.11, 91.89, 90.53, 90.41, 90.08, 90.05, 89.52, 89.56, 89.59, 89.61], [91.76, 91.8, 91.86, 91.93, 93.44, 93.41, 91.78, 91.97, 92.07, 92.41, 92.08, 91.74, 90.36, 90.23, 89.94, 89.45, 89.52, 89.57, 89.61, 89.63], [91.73, 91.76, 91.82, 91.88, 93.43, 93.4, 93.35, 92.17, 92.78, 92.51, 91.99, 91.48, 90.06, 89.98, 89.34, 89.45, 89.54, 89.6, 89.63, 89.65], [91.68, 91.71, 91.76, 91.82, 91.91, 93.4, 93.37, 93.31, 93.26, 92.43, 91.83, 91.01, 89.55, 90.26, 89.3, 89.47, 89.57, 89.64, 89.67, 89.69], [91.62, 91.65, 91.68, 91.74, 91.81, 93.4, 93.38, 93.39, 93.46, 92.45, 91.82, 90.15, 88.91, 89.98, 89.32, 89.52, 89.64, 89.7, 89.72, 89.72], [91.56, 91.57, 91.59, 91.63, 91.69, 91.77, 93.35, 93.36, 93.51, 93.84, 91.88, 90.78, 89.77, 89.0, 89.45, 89.63, 89.75, 89.8, 89.78, 89.76], [90.89, 91.49, 91.48, 91.5, 91.54, 91.62, 92.51, 93.14, 93.27, 93.65, 93.95, 91.85, 89.71, 89.53, 89.65, 89.74, 89.86, 89.91, 89.63, 89.5], [90.86, 90.85, 90.84, 90.85, 90.9, 92.15, 92.34, 92.43, 92.39, 93.86, 95.1, 92.54, 92.51, 89.49, 90.37, 90.48, 90.26, 90.18, 90.31, 90.39], [91.15, 91.12, 90.76, 90.73, 90.72, 90.8, 91.04, 92.4, 93.27, 93.49, 94.08, 93.34, 92.98, 93.46, 90.4, 90.52, 90.39, 90.34, 90.37, 90.42], [90.0, 90.0, 90.0, 90.94, 90.8, 90.45, 90.7, 91.04, 94.27, 94.05, 92.96, 93.8, 93.53, 93.66, 90.4, 90.56, 90.48, 90.44, 90.44, 90.46], [90.0, 90.0, 90.0, 90.0, 90.0, 90.0, 90.0, 90.0, 90.71, 93.37, 96.0, 94.09, 93.87, 93.85, 90.39, 90.6, 90.54, 90.5, 90.49, 90.5], [90.0, 90.0, 90.0, 90.0, 90.0, 90.0, 90.0, 90.0, 90.0, -999.0, 96.0, 91.0, 91.0, 94.01, 90.38, 90.63, 90.59, 93.98, 93.88, 93.86], [90.0, 90.0, 90.0, 90.0, 90.0, 90.0, 90.0, 90.0, 90.0, 90.0, -999.0, 91.0, 91.0, 94.92, 93.19, 92.55, 92.5, 93.36, 93.24, 93.16], [90.0, 90.0, 90.0, 90.0, 90.0, 90.0, 90.0, 90.0, 90.0, 90.0, -999.0, 97.0, 97.0, 97.0, 93.7, 93.13, 93.02, 93.9, 93.71, 93.57], [90.0, 90.0, 90.0, 90.0, 90.0, 90.0, 90.0, 91.0, 91.0, 91.0, 91.0, 93.31, 97.0, 97.0, 97.0, 93.8, 93.59, 94.39, 94.14, 93.93], [90.0, 90.0, 90.63, 90.64, 90.66, 91.0, 91.0, 91.0, 91.0, 91.0, 94.78, 94.35, 94.93, 95.42, 94.86, 95.53, 95.31, 95.7, 94.1, 93.88], [90.64, 90.65, 90.35, 90.37, 91.0, 91.0, 91.0, 91.0, 91.0, 91.0, 93.58, 94.32, 95.11, 95.83, 95.84, 96.24, 95.97, 95.76, 95.61, 95.51], [90.36, 90.37, 90.39, 90.41, 91.0, 91.0, 91.0, 91.0, 91.0, 92.52, 93.33, 94.23, 95.17, 95.79, 96.83, 96.32, 95.94, 95.69, 95.54, 95.44], [90.38, 90.39, 90.42, 91.0, 91.0, 91.0, 91.0, 91.0, 91.54, 92.17, 93.66, 94.45, 94.63, 95.39, 96.37, 96.09, 95.77, 95.55, 95.42, 95.35], [90.39, 90.41, 93.86, 93.72, 93.53, 93.27, 92.86, 91.82, 92.12, 92.9, 93.73, 94.4, 94.32, 94.79, 95.86, 95.69, 95.49, 95.34, 95.27, 95.24], [94.05, 93.98, 93.88, 93.07, 92.96, 92.82, 92.63, 92.43, 93.11, 93.48, 93.98, 94.45, 94.04, 95.54, 95.46, 95.31, 95.17, 95.1, 95.09, 95.12], [93.33, 93.31, 93.28, 93.25, 93.2, 93.15, 93.11, 93.08, 93.84, 94.06, 94.32, 94.58, 95.4, 95.29, 95.15, 94.96, 94.83, 94.84, 94.93, 95.01], [93.42, 93.42, 93.42, 93.32, 93.35, 93.39, 93.47, 93.6, 93.76, 93.87, 93.85, 93.74, 95.0, 95.11, 94.93, 94.67, 94.4, 94.58, 94.82, 94.95], [93.36, 93.38, 93.41, 93.45, 93.51, 93.62, 93.78, 94.04, 94.36, 94.52, 94.33, 94.51, 95.05, 94.86, 94.67, 94.56, 93.76, 94.67, 94.87, 94.94], [93.41, 93.44, 93.48, 93.54, 93.63, 93.77, 93.99, 94.33, 94.9, 95.37, 94.71, 94.56, 94.24, 94.9, 94.75, 94.63, 94.87, 95.22, 94.98, 94.97], [93.45, 93.49, 93.54, 93.61, 93.7, 93.84, 94.05, 94.37, 94.88, 95.29, 94.89, 94.46, 94.19, 94.96, 94.84, 94.33, 94.54, 94.65, 95.0, 94.99], [93.49, 93.52, 93.58, 93.64, 93.73, 93.85, 94.0, 94.19, 94.4, 94.43, 94.42, 94.21, 94.07, 93.97, 94.12, 94.26, 94.39, 94.45, 94.44, 94.39], [93.51, 93.55, 93.59, 93.65, 93.72, 93.81, 93.9, 93.97, 93.97, 94.04, 93.86, 94.33, 94.56, 94.76, 94.04, 94.17, 94.27, 94.33, 94.34, 94.32], [93.52, 93.56, 93.6, 93.65, 93.7, 93.75, 93.79, 93.79, 93.7, 93.58, 93.37, 93.97, 94.36, 94.62, 93.97, 94.09, 94.18, 94.23, 94.26, 94.26], [93.53, 93.56, 93.6, 93.63, 93.67, 93.7, 93.71, 93.68, 94.17, 93.79, 93.56, 93.94, 94.29, 94.55, 93.91, 94.02, 94.1, 94.16, 94.19, 94.2], [93.53, 93.56, 93.59, 93.62, 93.64, 93.66, 93.65, 93.62, 94.22, 94.04, 93.97, 94.11, 94.33, 94.53, 93.88, 93.98, 94.05, 94.1, 94.14, 94.16], [93.53, 93.55, 93.58, 93.6, 93.62, 93.62, 93.62, 94.43, 94.32, 94.23, 94.2, 94.28, 94.41, 94.55, 93.87, 93.95, 94.01, 94.06, 94.1, 94.12]]}