gis_exercise/awsData/contour/humi_2023090302.json
{"header": {"refTime": "2023-09-03T02:00:00.000Z", "nx": 21, "ny": 33, "lo1": 113.509, "la1": 22.2235, "lo2": 113.5947, "la2": 22.1034, "dx": 0.0042850000000001385, "dy": 0.003753125000000024, "parameterCategory": 0, "parameterCategoryName": "Temperature", "parameterNumber": 0}, "z": [[90.24, 90.22, 90.19, 91.69, 91.56, 89.55, 89.47, 89.4, 89.34, 90.1, 90.18, 90.23, 89.08, 89.09, 88.59, 88.6, 89.16, 89.18, 89.19, 89.2], [90.26, 90.24, 90.21, 90.17, 91.56, 91.36, 89.47, 89.35, 89.26, 89.94, 90.11, 90.16, 89.04, 89.05, 88.56, 89.12, 89.15, 89.17, 89.19, 89.2], [90.28, 90.26, 90.24, 90.21, 91.62, 91.41, 91.05, 89.32, 89.07, 89.82, 90.1, 90.09, 88.95, 88.98, 89.05, 89.11, 89.15, 89.17, 89.18, 89.2], [90.3, 90.29, 90.28, 90.26, 90.22, 91.57, 91.29, 90.81, 90.38, 90.12, 90.24, 89.95, 88.78, 90.26, 89.03, 89.11, 89.15, 89.16, 89.18, 89.19], [90.32, 90.32, 90.32, 90.32, 90.32, 91.8, 91.68, 91.56, 91.57, 90.76, 90.61, 90.15, 88.91, 89.98, 89.04, 89.13, 89.15, 89.16, 89.17, 89.19], [90.34, 90.35, 90.36, 90.38, 90.41, 90.46, 92.06, 92.13, 92.34, 92.75, 91.88, 90.78, 89.77, 89.0, 89.15, 89.17, 89.15, 89.14, 89.16, 89.18], [90.89, 90.37, 90.39, 90.42, 90.48, 90.58, 92.51, 92.39, 92.65, 93.65, 93.95, 91.85, 89.71, 89.53, 89.32, 89.23, 89.12, 89.08, 88.82, 88.75], [90.86, 90.85, 90.84, 90.85, 90.9, 92.15, 92.34, 92.43, 92.39, 93.86, 95.1, 92.54, 92.51, 89.49, 89.74, 89.96, 89.52, 89.37, 89.61, 89.78], [91.15, 91.12, 90.76, 90.73, 90.72, 90.8, 91.04, 92.4, 93.27, 93.49, 94.08, 93.34, 92.98, 93.46, 89.8, 90.04, 89.79, 89.68, 89.74, 89.84], [90.0, 90.0, 90.0, 90.94, 90.8, 90.45, 90.7, 91.04, 94.27, 94.05, 92.96, 93.8, 93.53, 93.66, 89.8, 90.13, 89.96, 89.88, 89.88, 89.91], [90.0, 90.0, 90.0, 90.0, 90.0, 90.0, 90.0, 90.0, 90.71, 93.37, 96.0, 94.09, 93.87, 93.85, 89.78, 90.19, 90.07, 90.0, 89.99, 90.0], [90.0, 90.0, 90.0, 90.0, 90.0, 90.0, 90.0, 90.0, 90.0, -999.0, 96.0, 91.0, 91.0, 94.01, 89.76, 90.26, 90.19, 93.55, 93.44, 93.41], [90.0, 90.0, 90.0, 90.0, 90.0, 90.0, 90.0, 90.0, 90.0, 90.0, -999.0, 91.0, 91.0, 94.92, 93.19, 91.91, 91.85, 92.84, 92.7, 92.61], [90.0, 90.0, 90.0, 90.0, 90.0, 90.0, 90.0, 90.0, 90.0, 90.0, -999.0, 97.0, 97.0, 97.0, 93.7, 92.58, 92.45, 93.46, 93.24, 93.08], [90.0, 90.0, 90.0, 90.0, 90.0, 90.0, 90.0, 92.0, 92.0, 92.0, 92.0, 93.92, 97.0, 97.0, 97.0, 93.34, 93.1, 94.02, 93.73, 93.5], [90.0, 90.0, 91.26, 91.28, 91.32, 92.0, 92.0, 92.0, 92.0, 92.0, 95.15, 94.79, 95.27, 95.68, 95.22, 95.53, 95.31, 95.7, 93.84, 93.61], [91.28, 91.3, 90.71, 90.74, 92.0, 92.0, 92.0, 92.0, 92.0, 92.0, 94.15, 94.77, 95.42, 96.02, 95.96, 96.38, 96.16, 95.99, 95.87, 95.8], [90.71, 90.74, 90.77, 90.83, 92.0, 92.0, 92.0, 92.0, 92.0, 93.27, 93.94, 94.69, 95.47, 95.92, 96.85, 96.45, 96.13, 95.93, 95.81, 95.74], [90.75, 90.79, 90.83, 92.0, 92.0, 92.0, 92.0, 92.0, 92.45, 92.97, 93.81, 94.45, 94.91, 95.56, 96.49, 96.25, 95.99, 95.82, 95.72, 95.66], [90.78, 90.81, 93.14, 93.09, 93.01, 92.91, 92.75, 92.33, 92.69, 93.21, 93.79, 94.33, 94.62, 95.0, 96.06, 95.92, 95.75, 95.64, 95.59, 95.57], [93.22, 93.19, 93.15, 92.83, 92.79, 92.73, 92.65, 92.57, 93.25, 93.5, 93.87, 94.26, 94.35, 95.8, 95.72, 95.59, 95.48, 95.43, 95.44, 95.48], [92.93, 92.92, 92.91, 92.9, 92.88, 92.86, 92.84, 92.69, 93.59, 93.74, 93.96, 94.21, 94.74, 95.59, 95.46, 95.29, 95.16, 95.2, 95.31, 95.4], [92.97, 92.97, 92.97, 92.73, 92.75, 92.77, 92.82, 92.88, 92.95, 92.99, 92.97, 93.15, 94.56, 95.44, 95.27, 95.01, 94.73, 94.96, 95.24, 95.37], [92.71, 92.72, 92.74, 92.76, 92.8, 92.85, 92.93, 93.05, 93.2, 93.27, 93.16, 93.25, 94.55, 94.63, 94.66, 94.93, 93.97, 95.15, 95.35, 95.39], [92.72, 92.74, 92.76, 92.79, 92.83, 92.89, 92.99, 93.16, 93.44, 93.67, 93.32, 93.25, 93.13, 94.65, 94.74, 94.83, 95.42, 95.9, 95.51, 95.45], [92.73, 92.75, 92.77, 92.79, 92.84, 92.9, 92.99, 93.14, 93.4, 93.61, 93.38, 93.17, 93.07, 94.67, 94.78, 94.62, 94.95, 95.11, 95.51, 95.47], [92.73, 92.75, 92.77, 92.79, 92.82, 92.87, 92.93, 93.01, 93.1, 93.1, 93.08, 92.98, 92.96, 93.94, 94.22, 94.48, 94.69, 94.79, 94.77, 94.69], [92.73, 92.74, 92.76, 92.78, 92.8, 92.82, 92.85, 92.85, 92.81, 92.79, 92.68, 93.33, 93.68, 94.05, 94.06, 94.3, 94.48, 94.58, 94.6, 94.57], [92.73, 92.74, 92.75, 92.76, 92.77, 92.77, 92.77, 92.73, 92.62, 92.46, 92.37, 93.0, 93.49, 93.88, 93.91, 94.14, 94.31, 94.41, 94.45, 94.46], [92.72, 92.73, 92.74, 92.74, 92.74, 92.73, 92.71, 92.65, 93.13, 92.78, 92.57, 92.99, 93.43, 93.79, 93.81, 94.02, 94.17, 94.27, 94.33, 94.36], [92.72, 92.72, 92.72, 92.72, 92.72, 92.7, 92.67, 92.62, 93.22, 93.05, 93.01, 93.2, 93.48, 93.76, 93.74, 93.93, 94.07, 94.17, 94.24, 94.28], [92.71, 92.71, 92.71, 92.71, 92.7, 92.68, 92.66, 93.45, 93.35, 93.28, 93.28, 93.39, 93.57, 93.78, 93.72, 93.87, 94.0, 94.09, 94.16, 94.2]]}