gis_exercise/awsData/contour/humi_2023090904.json
{"header": {"refTime": "2023-09-09T04:00:00.000Z", "nx": 21, "ny": 33, "lo1": 113.509, "la1": 22.2235, "lo2": 113.5947, "la2": 22.1034, "dx": 0.0042850000000001385, "dy": 0.003753125000000024, "parameterCategory": 0, "parameterCategoryName": "Temperature", "parameterNumber": 0}, "z": [[92.39, 92.4, 92.42, 93.73, 93.7, 91.35, 91.45, 91.53, 91.51, 92.26, 92.01, 91.76, 89.9, 89.73, 89.09, 89.0, 88.16, 88.18, 88.19, 88.2], [92.38, 92.39, 92.41, 92.44, 93.69, 93.64, 91.58, 91.8, 91.91, 92.36, 91.98, 91.58, 89.69, 89.53, 88.93, 88.12, 88.15, 88.17, 88.19, 88.2], [92.36, 92.38, 92.39, 92.42, 93.68, 93.63, 93.55, 92.03, 92.74, 92.47, 91.87, 91.26, 89.33, 89.23, 88.05, 88.11, 88.15, 88.17, 88.18, 88.2], [92.35, 92.35, 92.37, 92.39, 92.42, 93.64, 93.58, 93.48, 93.39, 92.4, 91.69, 90.69, 88.74, 89.66, 88.03, 88.11, 88.15, 88.16, 88.18, 88.19], [92.33, 92.33, 92.34, 92.35, 92.37, 93.65, 93.62, 93.62, 93.7, 92.46, 91.69, 89.54, 88.06, 89.32, 88.04, 88.13, 88.15, 88.16, 88.17, 88.19], [92.31, 92.31, 92.31, 92.31, 92.32, 92.33, 93.61, 93.62, 93.81, 94.23, 91.65, 90.28, 89.06, 88.0, 88.15, 88.17, 88.15, 88.14, 88.16, 88.18], [92.0, 92.28, 92.27, 92.27, 92.27, 92.26, 93.27, 93.38, 93.55, 93.91, 94.24, 91.52, 88.71, 88.53, 88.32, 88.23, 88.12, 88.08, 87.82, 87.75], [92.0, 92.0, 92.0, 92.0, 92.0, 93.13, 93.13, 92.9, 92.45, 94.21, 95.78, 92.15, 92.11, 88.49, 88.74, 88.96, 88.52, 88.37, 88.61, 88.78], [92.0, 92.0, 92.0, 92.0, 92.0, 92.0, 92.0, 93.1, 93.59, 93.7, 94.31, 93.28, 92.78, 93.44, 88.8, 89.04, 88.79, 88.68, 88.74, 88.84], [92.0, 92.0, 92.0, 92.0, 92.0, 92.0, 92.0, 92.0, 94.84, 94.56, 92.74, 93.92, 93.54, 93.72, 88.8, 89.13, 88.96, 88.88, 88.88, 88.91], [92.0, 92.0, 92.0, 92.0, 92.0, 92.0, 92.0, 92.0, 92.0, 93.71, 97.0, 94.33, 94.02, 94.0, 88.78, 89.19, 89.07, 89.0, 88.99, 89.0], [92.0, 92.0, 92.0, 92.0, 92.0, 92.0, 92.0, 92.0, 92.0, -999.0, 97.0, 90.0, 90.0, 94.21, 88.76, 89.26, 89.19, 93.68, 93.55, 93.51], [92.0, 92.0, 92.0, 92.0, 92.0, 92.0, 92.0, 92.0, 92.0, 92.0, -999.0, 90.0, 90.0, 95.22, 92.93, 91.64, 91.57, 92.8, 92.62, 92.51], [92.0, 92.0, 92.0, 92.0, 92.0, 92.0, 92.0, 92.0, 92.0, 92.0, -999.0, 98.0, 98.0, 98.0, 93.6, 92.47, 92.31, 93.57, 93.3, 93.09], [92.0, 92.0, 92.0, 92.0, 92.0, 92.0, 92.0, 92.0, 92.0, 92.0, 92.0, 94.31, 98.0, 98.0, 98.0, 93.42, 93.12, 94.28, 93.92, 93.62], [92.0, 92.0, 92.0, 92.0, 92.0, 92.0, 92.0, 92.0, 92.0, 92.0, 95.78, 95.35, 95.93, 96.42, 95.86, 96.53, 96.31, 96.7, 94.32, 94.05], [92.0, 92.0, 92.0, 92.0, 92.0, 92.0, 92.0, 92.0, 92.0, 92.0, 94.58, 95.32, 96.11, 96.83, 96.84, 96.96, 96.59, 96.3, 96.09, 95.95], [92.0, 92.0, 92.0, 92.0, 92.0, 92.0, 92.0, 92.0, 92.0, 93.52, 94.33, 95.23, 96.17, 96.79, 97.83, 97.07, 96.55, 96.21, 95.99, 95.85], [92.0, 92.0, 92.0, 92.0, 92.0, 92.0, 92.0, 92.0, 92.54, 93.17, 94.47, 95.25, 95.63, 96.39, 97.15, 96.76, 96.33, 96.02, 95.84, 95.73], [92.0, 92.0, 94.29, 94.17, 94.03, 93.81, 93.49, 92.66, 93.01, 93.73, 94.5, 95.17, 95.32, 95.79, 96.46, 96.24, 95.96, 95.75, 95.63, 95.57], [94.44, 94.38, 94.31, 93.65, 93.57, 93.45, 93.3, 93.14, 93.87, 94.22, 94.7, 95.16, 95.04, 96.03, 95.93, 95.74, 95.55, 95.44, 95.4, 95.4], [93.86, 93.85, 93.82, 93.8, 93.76, 93.72, 93.69, 93.73, 94.48, 94.68, 94.95, 95.23, 96.07, 95.69, 95.53, 95.32, 95.15, 95.12, 95.17, 95.24], [93.94, 93.94, 93.94, 93.96, 93.97, 94.0, 94.06, 94.16, 94.29, 94.37, 94.36, 94.3, 95.04, 95.44, 95.24, 94.99, 94.75, 94.82, 94.98, 95.11], [94.0, 94.02, 94.04, 94.07, 94.11, 94.19, 94.32, 94.52, 94.76, 94.89, 94.74, 95.01, 95.07, 94.9, 94.74, 94.82, 94.33, 94.7, 94.9, 95.04], [94.05, 94.07, 94.1, 94.15, 94.22, 94.33, 94.49, 94.75, 95.18, 95.53, 95.05, 95.04, 94.83, 94.93, 94.78, 94.66, 94.77, 94.86, 94.92, 95.02], [94.09, 94.12, 94.16, 94.21, 94.29, 94.4, 94.56, 94.8, 95.18, 95.48, 95.26, 94.97, 94.79, 94.97, 94.83, 94.44, 94.51, 94.55, 94.97, 95.04], [94.12, 94.15, 94.19, 94.25, 94.32, 94.41, 94.54, 94.69, 94.85, 94.88, 94.95, 94.81, 94.71, 94.32, 94.37, 94.42, 94.46, 94.48, 94.48, 94.46], [94.14, 94.17, 94.21, 94.26, 94.32, 94.4, 94.47, 94.54, 94.56, 94.69, 94.58, 94.74, 94.82, 94.88, 94.35, 94.39, 94.42, 94.44, 94.45, 94.44], [94.16, 94.19, 94.22, 94.27, 94.31, 94.36, 94.41, 94.43, 94.39, 94.39, 94.21, 94.53, 94.72, 94.82, 94.32, 94.36, 94.39, 94.41, 94.42, 94.42], [94.17, 94.2, 94.23, 94.26, 94.3, 94.33, 94.35, 94.35, 94.66, 94.44, 94.31, 94.51, 94.67, 94.78, 94.3, 94.34, 94.37, 94.39, 94.4, 94.4], [94.17, 94.2, 94.23, 94.25, 94.28, 94.3, 94.32, 94.31, 94.68, 94.57, 94.53, 94.59, 94.69, 94.77, 94.29, 94.33, 94.35, 94.37, 94.38, 94.39], [94.18, 94.2, 94.22, 94.24, 94.27, 94.28, 94.29, 94.78, 94.72, 94.66, 94.64, 94.67, 94.72, 94.78, 94.29, 94.32, 94.34, 94.35, 94.37, 94.37]]}