gis_exercise/awsData/contour/humi_2023090406.json
{"header": {"refTime": "2023-09-04T06:00:00.000Z", "nx": 21, "ny": 33, "lo1": 113.509, "la1": 22.2235, "lo2": 113.5947, "la2": 22.1034, "dx": 0.0042850000000001385, "dy": 0.003753125000000024, "parameterCategory": 0, "parameterCategoryName": "Temperature", "parameterNumber": 0}, "z": [[84.88, 84.95, 85.04, 86.15, 86.19, 84.4, 84.55, 84.69, 84.67, 84.53, 84.03, 83.55, 81.98, 81.72, 81.56, 81.49, 79.87, 79.94, 79.99, 80.02], [84.83, 84.9, 84.99, 85.11, 86.18, 86.25, 84.76, 85.12, 85.3, 84.89, 84.05, 83.32, 81.68, 81.42, 81.32, 79.78, 79.89, 79.97, 80.02, 80.06], [84.77, 84.83, 84.92, 85.04, 86.15, 86.22, 86.35, 85.47, 86.59, 85.19, 83.88, 82.87, 81.16, 80.98, 79.62, 79.79, 79.93, 80.02, 80.08, 80.11], [84.69, 84.74, 84.82, 84.93, 85.08, 86.15, 86.25, 86.42, 86.57, 84.75, 83.43, 82.07, 80.31, 80.26, 79.58, 79.82, 80.0, 80.11, 80.16, 80.18], [84.6, 84.64, 84.69, 84.78, 84.9, 86.05, 86.09, 86.15, 86.19, 84.14, 83.02, 80.15, 78.91, 79.98, 79.6, 79.92, 80.14, 80.25, 80.27, 80.26], [84.49, 84.51, 84.54, 84.6, 84.69, 84.83, 85.91, 85.88, 85.89, 85.93, 81.88, 80.78, 79.77, 79.0, 79.76, 80.08, 80.34, 80.45, 80.41, 80.34], [83.34, 84.37, 84.36, 84.38, 84.44, 84.56, 84.5, 85.61, 85.59, 84.68, 84.53, 81.85, 79.71, 79.53, 79.98, 80.25, 80.61, 80.74, 80.45, 80.26], [83.28, 83.27, 83.26, 83.28, 83.35, 84.09, 84.38, 84.74, 84.88, 84.85, 85.33, 82.54, 82.51, 79.49, 81.0, 81.0, 81.0, 81.0, 81.0, 81.0], [83.72, 83.67, 83.14, 83.1, 83.08, 83.19, 83.56, 84.5, 85.32, 84.57, 84.08, 83.34, 82.98, 83.46, 81.0, 81.0, 81.0, 81.0, 81.0, 81.0], [82.0, 82.0, 82.0, 83.4, 83.21, 82.68, 83.05, 83.56, 85.57, 85.51, 82.96, 83.8, 83.53, 83.66, 81.0, 81.0, 81.0, 81.0, 81.0, 81.0], [82.0, 82.0, 82.0, 82.0, 82.0, 82.0, 82.0, 82.0, 83.06, 85.34, 86.0, 84.09, 83.87, 83.85, 81.0, 81.0, 81.0, 81.0, 81.0, 81.0], [82.0, 82.0, 82.0, 82.0, 82.0, 82.0, 82.0, 82.0, 82.0, -999.0, 86.0, 81.0, 81.0, 84.01, 81.0, 81.0, 81.0, 85.55, 85.44, 85.41], [82.0, 82.0, 82.0, 82.0, 82.0, 82.0, 82.0, 82.0, 82.0, 82.0, -999.0, 81.0, 81.0, 86.22, 83.93, 83.91, 83.85, 84.84, 84.7, 84.61], [82.0, 82.0, 82.0, 82.0, 82.0, 82.0, 82.0, 82.0, 82.0, 82.0, -999.0, 89.0, 89.0, 89.0, 84.6, 84.58, 84.45, 85.46, 85.24, 85.08], [82.0, 82.0, 82.0, 82.0, 82.0, 82.0, 82.0, 91.0, 91.0, 91.0, 91.0, 90.23, 89.0, 89.0, 89.0, 85.34, 85.1, 86.02, 85.73, 85.5], [82.0, 82.0, 87.66, 87.77, 87.94, 91.0, 91.0, 91.0, 91.0, 91.0, 89.74, 89.88, 89.69, 89.53, 89.71, 88.27, 88.16, 88.35, 86.38, 86.19], [87.78, 87.83, 85.17, 85.33, 91.0, 91.0, 91.0, 91.0, 91.0, 91.0, 90.14, 89.89, 89.63, 89.39, 89.02, 89.11, 89.15, 89.19, 89.22, 89.25], [85.21, 85.32, 85.48, 85.71, 91.0, 91.0, 91.0, 91.0, 91.0, 90.49, 90.22, 89.92, 89.61, 89.05, 89.0, 89.09, 89.15, 89.19, 89.23, 89.26], [85.39, 85.53, 85.74, 91.0, 91.0, 91.0, 91.0, 91.0, 90.82, 90.61, 90.8, 90.56, 89.19, 89.03, 89.08, 89.12, 89.16, 89.2, 89.24, 89.27], [85.51, 85.66, 92.14, 92.09, 92.01, 91.91, 91.75, 91.33, 91.03, 91.0, 90.9, 90.71, 89.15, 88.98, 89.13, 89.14, 89.17, 89.21, 89.25, 89.29], [92.22, 92.19, 92.15, 91.83, 91.79, 91.73, 91.65, 91.57, 91.16, 91.13, 91.05, 90.9, 89.07, 89.17, 89.16, 89.15, 89.16, 89.21, 89.27, 89.32], [91.93, 91.92, 91.91, 91.9, 91.88, 91.86, 91.84, 91.52, 91.37, 91.35, 91.27, 91.12, 89.67, 89.19, 89.16, 89.11, 89.09, 89.18, 89.3, 89.36], [91.97, 91.97, 91.97, 91.47, 91.51, 91.55, 91.61, 91.68, 91.76, 91.8, 91.76, 90.83, 90.7, 89.22, 89.16, 89.03, 88.84, 89.12, 89.38, 89.44], [91.42, 91.44, 91.46, 91.49, 91.53, 91.6, 91.69, 91.84, 92.02, 92.1, 91.96, 90.78, 90.8, 90.38, 89.97, 89.07, 88.11, 89.53, 89.62, 89.55], [91.42, 91.44, 91.46, 91.5, 91.54, 91.62, 91.73, 91.93, 92.28, 92.58, 92.13, 90.92, 90.34, 90.47, 90.11, 89.84, 89.85, 90.49, 89.85, 89.65], [91.42, 91.43, 91.45, 91.48, 91.53, 91.59, 91.7, 91.88, 92.21, 92.48, 91.53, 90.88, 90.38, 90.58, 90.28, 89.67, 89.89, 90.03, 89.8, 89.66], [91.41, 91.42, 91.44, 91.46, 91.49, 91.53, 91.59, 91.68, 91.78, 91.76, 91.04, 90.69, 90.35, 89.69, 89.68, 89.72, 89.8, 89.86, 89.84, 89.79], [91.39, 91.4, 91.41, 91.42, 91.44, 91.45, 91.45, 91.44, 91.35, 90.73, 90.55, 91.18, 91.34, 91.47, 89.72, 89.74, 89.77, 89.79, 89.79, 89.77], [91.38, 91.38, 91.38, 91.38, 91.38, 91.37, 91.33, 91.24, 91.04, 90.36, 90.33, 90.85, 91.17, 91.36, 89.74, 89.74, 89.75, 89.76, 89.76, 89.75], [91.36, 91.36, 91.36, 91.35, 91.33, 91.3, 91.24, 91.13, 91.05, 90.71, 90.5, 90.82, 91.1, 91.29, 89.76, 89.75, 89.75, 89.75, 89.75, 89.74], [91.35, 91.34, 91.33, 91.32, 91.29, 91.25, 91.19, 91.09, 91.09, 90.92, 90.85, 90.96, 91.13, 91.28, 89.76, 89.75, 89.74, 89.74, 89.74, 89.73], [91.33, 91.32, 91.31, 91.29, 91.27, 91.23, 91.17, 91.26, 91.16, 91.07, 91.04, 91.1, 91.19, 91.3, 89.76, 89.75, 89.74, 89.74, 89.73, 89.73]]}