gis_exercise/awsData/contour/humi_2023091214.json
{"header": {"refTime": "2023-09-12T14:00:00.000Z", "nx": 21, "ny": 33, "lo1": 113.509, "la1": 22.2235, "lo2": 113.5947, "la2": 22.1034, "dx": 0.0042850000000001385, "dy": 0.003753125000000024, "parameterCategory": 0, "parameterCategoryName": "Temperature", "parameterNumber": 0}, "z": [[80.56, 80.53, 80.5, 82.24, 82.09, 78.88, 78.82, 78.75, 78.65, 79.28, 79.17, 79.03, 76.29, 76.15, 77.79, 77.98, 77.38, 77.57, 77.71, 77.8], [80.57, 80.55, 80.52, 80.47, 82.09, 81.84, 78.9, 78.84, 78.77, 79.24, 79.09, 78.85, 76.12, 75.98, 77.66, 77.17, 77.47, 77.7, 77.86, 77.95], [80.6, 80.58, 80.56, 80.52, 82.17, 81.91, 81.47, 78.93, 78.95, 79.22, 79.01, 78.56, 75.83, 75.74, 76.77, 77.23, 77.63, 77.92, 78.08, 78.15], [80.62, 80.62, 80.61, 80.59, 80.55, 82.11, 81.77, 81.19, 80.66, 79.39, 78.99, 78.06, 75.35, 77.02, 76.71, 77.37, 77.9, 78.25, 78.39, 78.4], [80.64, 80.65, 80.65, 80.66, 80.66, 82.4, 82.26, 82.1, 82.1, 79.91, 79.26, 76.93, 75.21, 76.61, 76.75, 77.65, 78.37, 78.77, 78.82, 78.7], [80.66, 80.67, 80.69, 80.73, 80.78, 80.86, 82.73, 82.82, 83.05, 83.48, 79.53, 77.78, 76.31, 74.67, 77.0, 78.1, 79.14, 79.58, 79.36, 79.02], [81.34, 80.69, 80.72, 80.76, 80.85, 81.0, 83.26, 83.21, 83.5, 83.47, 83.42, 79.11, 75.14, 75.02, 77.32, 78.57, 80.2, 80.81, 80.53, 80.02], [81.28, 81.27, 81.26, 81.28, 81.35, 82.77, 83.05, 83.29, 83.05, 83.88, 85.39, 79.38, 79.32, 74.99, 79.77, 79.12, 80.43, 80.9, 80.16, 79.65], [81.72, 81.67, 81.14, 81.1, 81.08, 81.19, 81.56, 83.16, 84.27, 83.21, 82.77, 81.15, 80.36, 81.41, 79.61, 78.87, 79.64, 79.96, 79.78, 79.49], [80.0, 80.0, 80.0, 81.4, 81.21, 80.68, 81.05, 81.56, 85.27, 85.05, 80.31, 82.15, 81.57, 81.85, 79.6, 78.62, 79.11, 79.36, 79.37, 79.26], [80.0, 80.0, 80.0, 80.0, 80.0, 80.0, 80.0, 80.0, 81.06, 84.37, 87.0, 82.81, 82.31, 82.28, 79.67, 78.43, 78.78, 78.99, 79.04, 79.0], [80.0, 80.0, 80.0, 80.0, 80.0, 80.0, 80.0, 80.0, 80.0, -999.0, 87.0, 76.0, 76.0, 82.62, 79.73, 78.22, 78.43, 84.27, 84.22, 84.2], [80.0, 80.0, 80.0, 80.0, 80.0, 80.0, 80.0, 80.0, 80.0, 80.0, -999.0, 76.0, 76.0, 82.53, 79.66, 83.46, 83.43, 83.92, 83.85, 83.81], [80.0, 80.0, 80.0, 80.0, 80.0, 80.0, 80.0, 80.0, 80.0, 80.0, -999.0, 86.0, 86.0, 86.0, 80.5, 83.79, 83.73, 84.23, 84.12, 84.04], [80.0, 80.0, 80.0, 80.0, 80.0, 80.0, 80.0, 76.0, 76.0, 76.0, 76.0, 79.84, 86.0, 86.0, 86.0, 84.17, 84.05, 84.51, 84.37, 84.25], [80.0, 80.0, 77.48, 77.44, 77.36, 76.0, 76.0, 76.0, 76.0, 76.0, 82.29, 81.58, 82.55, 83.36, 82.44, 85.27, 85.16, 85.35, 84.42, 84.3], [77.43, 77.41, 78.59, 78.52, 76.0, 76.0, 76.0, 76.0, 76.0, 76.0, 80.3, 81.54, 82.85, 84.05, 84.58, 84.56, 84.05, 83.64, 83.35, 83.13], [78.57, 78.52, 78.45, 78.35, 76.0, 76.0, 76.0, 76.0, 76.0, 78.54, 79.88, 81.38, 82.94, 84.48, 85.8, 84.73, 84.01, 83.54, 83.22, 83.01], [78.49, 78.43, 78.34, 76.0, 76.0, 76.0, 76.0, 76.0, 76.9, 77.95, 79.62, 80.9, 82.9, 84.03, 84.84, 84.32, 83.72, 83.3, 83.02, 82.83], [78.44, 78.37, 78.29, 78.17, 78.03, 77.81, 77.49, 76.66, 77.38, 78.42, 79.59, 80.67, 82.57, 83.38, 83.92, 83.64, 83.26, 82.95, 82.74, 82.61], [78.44, 78.38, 78.31, 77.65, 77.57, 77.45, 77.3, 77.14, 78.49, 79.0, 79.74, 80.51, 82.34, 83.34, 83.24, 83.02, 82.78, 82.57, 82.43, 82.36], [77.86, 77.85, 77.82, 77.8, 77.76, 77.72, 77.69, 76.86, 79.18, 79.48, 79.91, 80.42, 83.4, 82.89, 82.74, 82.56, 82.39, 82.22, 82.11, 82.1], [77.94, 77.94, 77.94, 76.7, 76.77, 76.87, 77.0, 77.17, 77.34, 77.41, 77.31, 79.88, 80.74, 82.56, 82.39, 82.27, 82.27, 81.93, 81.76, 81.83], [76.56, 76.6, 76.65, 76.71, 76.81, 76.95, 77.16, 77.46, 77.85, 78.02, 77.7, 79.24, 80.69, 80.85, 81.04, 82.01, 82.8, 81.2, 81.31, 81.58], [76.54, 76.58, 76.63, 76.7, 76.8, 76.96, 77.21, 77.65, 78.41, 79.06, 78.05, 78.98, 79.22, 80.78, 80.9, 80.96, 80.83, 80.01, 81.01, 81.43], [76.52, 76.55, 76.6, 76.66, 76.75, 76.88, 77.11, 77.5, 78.23, 78.83, 78.73, 78.53, 78.77, 80.71, 80.77, 79.67, 79.76, 79.67, 81.13, 81.42], [76.49, 76.51, 76.54, 76.58, 76.64, 76.73, 76.85, 77.02, 77.23, 77.18, 77.72, 77.76, 78.16, 78.13, 78.76, 79.21, 79.43, 79.49, 79.5, 79.48], [76.45, 76.46, 76.48, 76.49, 76.51, 76.52, 76.52, 76.45, 76.22, 76.53, 76.17, 75.81, 76.21, 76.52, 78.3, 78.78, 79.07, 79.22, 79.28, 79.29], [76.41, 76.41, 76.4, 76.4, 76.37, 76.32, 76.22, 75.99, 75.51, 75.17, 73.79, 75.03, 75.79, 76.26, 77.92, 78.42, 78.74, 78.94, 79.05, 79.09], [76.36, 76.35, 76.34, 76.31, 76.25, 76.16, 76.01, 75.73, 75.49, 74.68, 74.18, 74.95, 75.64, 76.1, 77.65, 78.13, 78.47, 78.69, 78.83, 78.91], [76.32, 76.3, 76.28, 76.23, 76.16, 76.06, 75.89, 75.65, 75.58, 75.18, 75.02, 75.29, 75.71, 76.07, 77.49, 77.93, 78.25, 78.48, 78.64, 78.74], [76.29, 76.26, 76.23, 76.18, 76.1, 76.0, 75.85, 76.0, 75.76, 75.55, 75.49, 75.62, 75.86, 76.11, 77.43, 77.81, 78.1, 78.32, 78.48, 78.6]]}