gis_exercise/awsData/contour/humi_2023090716.json
{"header": {"refTime": "2023-09-07T16:00:00.000Z", "nx": 21, "ny": 33, "lo1": 113.509, "la1": 22.2235, "lo2": 113.5947, "la2": 22.1034, "dx": 0.0042850000000001385, "dy": 0.003753125000000024, "parameterCategory": 0, "parameterCategoryName": "Temperature", "parameterNumber": 0}, "z": [[95.39, 95.4, 95.42, 95.96, 95.96, 94.58, 94.67, 94.74, 94.72, 94.93, 94.68, 94.43, 92.81, 92.64, 92.79, 92.72, 91.36, 91.38, 91.4, 91.41], [95.38, 95.39, 95.41, 95.44, 95.96, 95.96, 94.78, 94.97, 95.07, 95.08, 94.67, 94.3, 92.65, 92.48, 92.65, 91.33, 91.37, 91.4, 91.42, 91.43], [95.36, 95.38, 95.39, 95.42, 95.94, 95.95, 95.96, 95.17, 95.78, 95.22, 94.59, 94.04, 92.38, 92.25, 91.28, 91.34, 91.39, 91.43, 91.45, 91.46], [95.35, 95.35, 95.37, 95.39, 95.42, 95.93, 95.94, 95.97, 95.99, 95.05, 94.37, 93.59, 91.96, 92.18, 91.28, 91.36, 91.43, 91.47, 91.49, 91.49], [95.33, 95.33, 95.34, 95.35, 95.37, 95.9, 95.9, 95.92, 95.96, 94.86, 94.24, 92.18, 91.47, 92.01, 91.28, 91.39, 91.49, 91.54, 91.55, 91.53], [95.31, 95.31, 95.31, 95.31, 95.32, 95.33, 95.84, 95.83, 95.9, 96.05, 93.3, 92.51, 91.88, 91.0, 91.3, 91.45, 91.6, 91.66, 91.63, 91.58], [95.0, 95.28, 95.27, 95.27, 95.27, 95.26, 95.51, 95.66, 95.71, 95.14, 95.08, 92.99, 91.0, 91.0, 91.33, 91.51, 91.74, 91.83, 91.82, 91.75], [95.0, 95.0, 95.0, 95.0, 95.0, 95.45, 95.45, 95.36, 94.99, 95.36, 96.14, 92.84, 92.81, 91.0, 91.63, 91.52, 91.74, 91.82, 91.69, 91.61], [95.0, 95.0, 95.0, 95.0, 95.0, 95.0, 95.0, 95.44, 95.64, 95.0, 94.69, 93.81, 93.38, 93.95, 91.6, 91.48, 91.61, 91.66, 91.63, 91.58], [95.0, 95.0, 95.0, 95.0, 95.0, 95.0, 95.0, 95.0, 96.14, 96.03, 93.35, 94.36, 94.04, 94.19, 91.6, 91.44, 91.52, 91.56, 91.56, 91.54], [95.0, 95.0, 95.0, 95.0, 95.0, 95.0, 95.0, 95.0, 95.0, 95.68, 97.0, 94.71, 94.44, 94.43, 91.61, 91.4, 91.46, 91.5, 91.51, 91.5], [95.0, 95.0, 95.0, 95.0, 95.0, 95.0, 95.0, 95.0, 95.0, -999.0, 97.0, 91.0, 91.0, 94.61, 91.62, 91.37, 91.41, 93.71, 93.66, 93.65], [95.0, 95.0, 95.0, 95.0, 95.0, 95.0, 95.0, 95.0, 95.0, 95.0, -999.0, 91.0, 91.0, 93.61, 92.46, 93.09, 93.07, 93.44, 93.39, 93.35], [95.0, 95.0, 95.0, 95.0, 95.0, 95.0, 95.0, 95.0, 95.0, 95.0, -999.0, 95.0, 95.0, 95.0, 92.8, 93.34, 93.29, 93.67, 93.59, 93.53], [95.0, 95.0, 95.0, 95.0, 95.0, 95.0, 95.0, 93.0, 93.0, 93.0, 93.0, 93.77, 95.0, 95.0, 95.0, 93.63, 93.54, 93.88, 93.78, 93.69], [95.0, 95.0, 93.74, 93.72, 93.68, 93.0, 93.0, 93.0, 93.0, 93.0, 94.26, 94.12, 94.31, 94.47, 94.29, 92.8, 92.47, 93.05, 92.58, 92.42], [93.72, 93.7, 94.29, 94.26, 93.0, 93.0, 93.0, 93.0, 93.0, 93.0, 93.86, 94.11, 94.37, 94.61, 94.09, 93.79, 93.36, 93.02, 92.79, 92.63], [94.29, 94.26, 94.23, 94.17, 93.0, 93.0, 93.0, 93.0, 93.0, 93.51, 93.78, 94.08, 94.39, 94.1, 94.86, 93.92, 93.31, 92.92, 92.67, 92.52], [94.25, 94.21, 94.17, 93.0, 93.0, 93.0, 93.0, 93.0, 93.18, 93.39, 93.39, 93.63, 93.37, 93.76, 94.0, 93.55, 93.04, 92.7, 92.49, 92.37], [94.22, 94.19, 92.43, 92.46, 92.49, 92.55, 92.63, 92.84, 93.08, 93.17, 93.32, 93.52, 93.07, 93.2, 93.19, 92.93, 92.6, 92.37, 92.24, 92.19], [92.39, 92.4, 92.42, 92.59, 92.61, 92.64, 92.67, 92.71, 93.08, 93.13, 93.24, 93.39, 92.73, 92.68, 92.55, 92.32, 92.1, 91.98, 91.97, 91.99], [92.53, 92.54, 92.54, 92.55, 92.56, 92.57, 92.58, 91.61, 92.99, 93.02, 93.11, 93.24, 92.11, 92.28, 92.06, 91.79, 91.57, 91.57, 91.7, 91.82], [92.52, 92.52, 92.52, 91.12, 91.18, 91.25, 91.32, 91.37, 91.39, 91.35, 91.25, 91.5, 91.3, 91.99, 91.72, 91.34, 90.94, 91.18, 91.53, 91.71], [90.91, 90.93, 90.96, 91.0, 91.04, 91.08, 91.14, 91.21, 91.3, 91.32, 91.17, 90.01, 91.33, 91.19, 91.04, 91.15, 90.03, 91.26, 91.56, 91.69], [90.83, 90.84, 90.85, 90.87, 90.89, 90.92, 90.97, 91.09, 91.35, 91.6, 91.14, 90.02, 89.67, 91.24, 91.13, 91.06, 91.53, 92.0, 91.7, 91.72], [90.75, 90.75, 90.74, 90.74, 90.73, 90.74, 90.77, 90.87, 91.15, 91.42, 90.39, 89.82, 89.53, 91.3, 91.23, 90.47, 90.84, 91.02, 91.74, 91.75], [90.67, 90.66, 90.64, 90.61, 90.58, 90.54, 90.51, 90.5, 90.51, 90.4, 89.63, 89.37, 89.27, 89.58, 89.95, 90.27, 90.53, 90.65, 90.62, 90.53], [90.6, 90.57, 90.53, 90.49, 90.42, 90.34, 90.23, 90.07, 89.79, 88.93, 88.65, 89.36, 89.81, 90.23, 89.73, 90.04, 90.26, 90.38, 90.41, 90.39], [90.53, 90.49, 90.44, 90.37, 90.29, 90.16, 89.99, 89.71, 89.24, 88.11, 87.66, 88.74, 89.46, 89.97, 89.54, 89.83, 90.04, 90.17, 90.23, 90.25], [90.47, 90.42, 90.36, 90.28, 90.18, 90.03, 89.83, 89.53, 89.06, 88.41, 88.0, 88.69, 89.34, 89.83, 89.4, 89.67, 89.87, 90.0, 90.08, 90.12], [90.42, 90.37, 90.3, 90.21, 90.1, 89.95, 89.76, 89.49, 89.17, 88.85, 88.74, 89.01, 89.41, 89.79, 89.31, 89.55, 89.74, 89.87, 89.96, 90.01], [90.38, 90.32, 90.25, 90.16, 90.05, 89.92, 89.75, 89.55, 89.35, 89.2, 89.16, 89.31, 89.56, 89.83, 89.28, 89.48, 89.64, 89.77, 89.86, 89.92]]}