gis_exercise/awsData/contour/humi_2023090714.json
{"header": {"refTime": "2023-09-07T14:00:00.000Z", "nx": 21, "ny": 33, "lo1": 113.509, "la1": 22.2235, "lo2": 113.5947, "la2": 22.1034, "dx": 0.0042850000000001385, "dy": 0.003753125000000024, "parameterCategory": 0, "parameterCategoryName": "Temperature", "parameterNumber": 0}, "z": [[83.18, 83.23, 83.31, 84.66, 84.68, 83.32, 83.44, 83.54, 83.54, 83.93, 83.68, 83.43, 81.81, 81.64, 82.08, 82.05, 80.71, 80.76, 80.79, 80.82], [83.14, 83.19, 83.27, 83.36, 84.67, 84.7, 83.56, 83.8, 83.93, 84.08, 83.67, 83.3, 81.65, 81.48, 81.94, 80.66, 80.74, 80.8, 80.84, 80.86], [83.09, 83.14, 83.21, 83.3, 84.64, 84.68, 84.73, 84.01, 84.74, 84.22, 83.59, 83.04, 81.38, 81.25, 80.56, 80.68, 80.78, 80.86, 80.9, 80.91], [83.02, 83.07, 83.13, 83.21, 83.33, 84.63, 84.67, 84.76, 84.84, 84.05, 83.37, 82.59, 80.96, 81.18, 80.55, 80.72, 80.86, 80.95, 80.98, 80.98], [82.95, 82.98, 83.02, 83.09, 83.19, 84.55, 84.57, 84.61, 84.68, 83.86, 83.24, 81.18, 80.47, 81.01, 80.56, 80.79, 80.98, 81.09, 81.1, 81.07], [82.87, 82.88, 82.9, 82.94, 83.01, 83.1, 84.42, 84.4, 84.49, 84.71, 82.3, 81.51, 80.88, 80.0, 80.61, 80.91, 81.19, 81.32, 81.25, 81.15], [81.89, 82.77, 82.76, 82.77, 82.81, 82.88, 83.26, 84.09, 84.14, 83.8, 83.89, 81.99, 80.0, 80.0, 80.66, 81.02, 81.49, 81.66, 81.63, 81.5], [81.86, 81.85, 81.84, 81.85, 81.9, 82.92, 83.11, 83.25, 83.17, 84.03, 85.06, 81.84, 81.81, 80.0, 81.26, 81.04, 81.48, 81.63, 81.39, 81.22], [82.15, 82.12, 81.76, 81.73, 81.72, 81.8, 82.04, 83.18, 83.96, 83.64, 83.69, 82.81, 82.38, 82.95, 81.2, 80.96, 81.21, 81.32, 81.26, 81.16], [81.0, 81.0, 81.0, 81.94, 81.8, 81.45, 81.7, 82.04, 84.71, 84.54, 82.35, 83.36, 83.04, 83.19, 81.2, 80.87, 81.04, 81.12, 81.12, 81.09], [81.0, 81.0, 81.0, 81.0, 81.0, 81.0, 81.0, 81.0, 81.71, 84.03, 86.0, 83.71, 83.44, 83.43, 81.22, 80.81, 80.93, 81.0, 81.01, 81.0], [81.0, 81.0, 81.0, 81.0, 81.0, 81.0, 81.0, 81.0, 81.0, -999.0, 86.0, 80.0, 80.0, 83.61, 81.24, 80.74, 80.81, 84.84, 84.77, 84.76], [81.0, 81.0, 81.0, 81.0, 81.0, 81.0, 81.0, 81.0, 81.0, 81.0, -999.0, 80.0, 80.0, 84.57, 82.56, 83.82, 83.78, 84.4, 84.31, 84.26], [81.0, 81.0, 81.0, 81.0, 81.0, 81.0, 81.0, 81.0, 81.0, 81.0, -999.0, 87.0, 87.0, 87.0, 83.15, 84.24, 84.16, 84.78, 84.65, 84.55], [81.0, 81.0, 81.0, 81.0, 81.0, 81.0, 81.0, 81.0, 81.0, 81.0, 81.0, 83.31, 87.0, 87.0, 87.0, 84.71, 84.56, 85.14, 84.96, 84.81], [81.0, 81.0, 81.0, 81.0, 81.0, 81.0, 81.0, 81.0, 81.0, 81.0, 84.78, 84.35, 84.93, 85.42, 84.86, 86.27, 86.16, 86.35, 85.16, 85.02], [81.0, 81.0, 81.0, 81.0, 81.0, 81.0, 81.0, 81.0, 81.0, 81.0, 83.58, 84.32, 85.11, 85.83, 86.06, 86.13, 85.82, 85.57, 85.39, 85.27], [81.0, 81.0, 81.0, 81.0, 81.0, 81.0, 81.0, 81.0, 81.0, 82.52, 83.33, 84.23, 85.17, 86.0, 86.87, 86.23, 85.79, 85.5, 85.31, 85.19], [81.0, 81.0, 81.0, 81.0, 81.0, 81.0, 81.0, 81.0, 81.54, 82.17, 83.84, 84.64, 84.99, 85.7, 86.29, 85.97, 85.61, 85.35, 85.19, 85.08], [81.0, 81.0, 84.43, 84.26, 84.04, 83.72, 83.24, 81.99, 82.23, 83.08, 83.95, 84.63, 84.76, 85.24, 85.73, 85.55, 85.32, 85.14, 85.02, 84.95], [84.66, 84.57, 84.46, 83.48, 83.36, 83.18, 82.95, 82.71, 83.34, 83.74, 84.27, 84.73, 84.59, 85.37, 85.3, 85.16, 85.01, 84.89, 84.83, 84.8], [83.8, 83.77, 83.74, 83.7, 83.64, 83.59, 83.53, 83.08, 84.2, 84.43, 84.7, 84.94, 86.36, 85.09, 84.99, 84.85, 84.74, 84.66, 84.63, 84.65], [83.9, 83.9, 83.91, 83.18, 83.24, 83.32, 83.45, 83.64, 83.86, 83.98, 83.91, 84.71, 85.15, 84.89, 84.76, 84.64, 84.56, 84.46, 84.44, 84.51], [83.14, 83.17, 83.22, 83.29, 83.39, 83.54, 83.78, 84.14, 84.6, 84.81, 84.49, 85.01, 85.21, 84.89, 84.64, 84.49, 84.64, 84.14, 84.24, 84.39], [83.17, 83.21, 83.27, 83.36, 83.48, 83.67, 83.97, 84.47, 85.31, 86.02, 84.97, 84.97, 84.69, 84.92, 84.63, 84.37, 84.02, 83.73, 84.13, 84.32], [83.19, 83.24, 83.3, 83.38, 83.51, 83.69, 83.97, 84.42, 85.2, 85.83, 85.26, 84.69, 84.47, 84.95, 84.66, 83.5, 83.55, 83.53, 84.19, 84.33], [83.2, 83.24, 83.3, 83.37, 83.47, 83.61, 83.79, 84.03, 84.3, 84.3, 84.36, 84.12, 84.11, 82.92, 83.16, 83.33, 83.42, 83.45, 83.45, 83.44], [83.2, 83.23, 83.28, 83.33, 83.4, 83.47, 83.54, 83.56, 83.44, 83.48, 83.15, 83.07, 83.26, 83.35, 82.99, 83.17, 83.28, 83.34, 83.36, 83.37], [83.19, 83.21, 83.24, 83.28, 83.31, 83.32, 83.3, 83.18, 82.85, 82.46, 81.59, 82.47, 82.95, 83.18, 82.85, 83.04, 83.16, 83.23, 83.27, 83.29], [83.17, 83.19, 83.21, 83.22, 83.22, 83.2, 83.12, 82.96, 82.86, 82.25, 81.86, 82.39, 82.83, 83.08, 82.75, 82.93, 83.05, 83.14, 83.19, 83.22], [83.15, 83.16, 83.17, 83.17, 83.15, 83.11, 83.02, 82.87, 82.9, 82.59, 82.46, 82.62, 82.87, 83.06, 82.69, 82.85, 82.97, 83.06, 83.12, 83.16], [83.13, 83.14, 83.13, 83.12, 83.1, 83.05, 82.97, 83.19, 83.0, 82.84, 82.77, 82.83, 82.96, 83.09, 82.66, 82.8, 82.92, 83.0, 83.06, 83.1]]}