gis_exercise/awsData/contour/humi_2023090114.json
{"header": {"refTime": "2023-09-01T14:00:00.000Z", "nx": 21, "ny": 33, "lo1": 113.509, "la1": 22.2235, "lo2": 113.5947, "la2": 22.1034, "dx": 0.0042850000000001385, "dy": 0.003753125000000024, "parameterCategory": 0, "parameterCategoryName": "Temperature", "parameterNumber": 0}, "z": [[63.11, 63.14, 63.19, 64.0, 64.0, 62.84, 62.9, 62.94, 62.91, 62.74, 62.47, 62.21, 61.05, 60.89, 61.36, 61.37, 60.33, 60.4, 60.46, 60.49], [63.08, 63.12, 63.17, 63.23, 64.0, 64.0, 63.01, 63.15, 63.21, 62.92, 62.47, 62.08, 60.89, 60.73, 61.23, 60.26, 60.37, 60.45, 60.51, 60.55], [63.04, 63.08, 63.13, 63.2, 64.0, 64.0, 64.0, 63.32, 63.81, 63.08, 62.38, 61.82, 60.61, 60.49, 60.1, 60.28, 60.42, 60.53, 60.59, 60.62], [63.0, 63.03, 63.08, 63.15, 63.23, 64.0, 64.0, 64.0, 64.0, 62.86, 62.14, 61.38, 60.15, 60.22, 60.08, 60.32, 60.52, 60.65, 60.7, 60.71], [62.95, 62.97, 63.01, 63.07, 63.16, 64.0, 64.0, 64.0, 64.0, 62.57, 61.95, 60.17, 59.49, 60.05, 60.1, 60.43, 60.7, 60.84, 60.86, 60.82], [62.88, 62.9, 62.93, 62.97, 63.05, 63.17, 64.0, 64.0, 64.0, 64.0, 61.19, 60.51, 59.93, 59.33, 60.19, 60.6, 60.98, 61.13, 61.05, 60.93], [62.34, 62.81, 62.81, 62.84, 62.91, 63.04, 63.25, 64.0, 64.0, 63.22, 62.98, 61.06, 59.57, 59.51, 60.33, 60.77, 61.36, 61.57, 61.45, 61.26], [62.28, 62.27, 62.26, 62.28, 62.35, 62.86, 63.15, 63.56, 63.77, 63.35, 63.53, 61.23, 61.21, 59.5, 61.26, 61.04, 61.48, 61.63, 61.39, 61.22], [62.72, 62.67, 62.14, 62.1, 62.08, 62.19, 62.56, 63.29, 64.0, 63.15, 62.46, 61.87, 61.59, 61.97, 61.2, 60.96, 61.21, 61.32, 61.26, 61.16], [61.0, 61.0, 61.0, 62.4, 62.21, 61.68, 62.05, 62.56, 64.0, 64.0, 61.57, 62.24, 62.02, 62.13, 61.2, 60.87, 61.04, 61.12, 61.12, 61.09], [61.0, 61.0, 61.0, 61.0, 61.0, 61.0, 61.0, 61.0, 62.06, 64.0, 64.0, 62.48, 62.3, 62.28, 61.22, 60.81, 60.93, 61.0, 61.01, 61.0], [61.0, 61.0, 61.0, 61.0, 61.0, 61.0, 61.0, 61.0, 61.0, -999.0, 64.0, 60.0, 60.0, 62.41, 61.24, 60.74, 60.81, 67.12, 66.99, 66.96], [61.0, 61.0, 61.0, 61.0, 61.0, 61.0, 61.0, 61.0, 61.0, 61.0, -999.0, 60.0, 60.0, 67.18, 64.02, 65.28, 65.21, 66.32, 66.16, 66.06], [61.0, 61.0, 61.0, 61.0, 61.0, 61.0, 61.0, 61.0, 61.0, 61.0, -999.0, 71.0, 71.0, 71.0, 64.95, 66.03, 65.88, 67.01, 66.77, 66.58], [61.0, 61.0, 61.0, 61.0, 61.0, 61.0, 61.0, 65.0, 65.0, 65.0, 65.0, 67.31, 71.0, 71.0, 71.0, 66.88, 66.61, 67.65, 67.33, 67.06], [61.0, 61.0, 63.52, 63.56, 63.64, 65.0, 65.0, 65.0, 65.0, 65.0, 68.78, 68.35, 68.93, 69.42, 68.86, 67.7, 67.2, 68.08, 66.21, 65.87], [63.57, 63.59, 62.41, 62.48, 65.0, 65.0, 65.0, 65.0, 65.0, 65.0, 67.58, 68.32, 69.11, 69.83, 69.28, 69.46, 68.92, 68.5, 68.2, 68.01], [62.43, 62.48, 62.55, 62.65, 65.0, 65.0, 65.0, 65.0, 65.0, 66.52, 67.33, 68.23, 69.17, 69.25, 70.74, 69.63, 68.85, 68.36, 68.06, 67.87], [62.51, 62.57, 62.66, 65.0, 65.0, 65.0, 65.0, 65.0, 65.54, 66.17, 66.36, 67.09, 67.73, 68.64, 69.73, 69.16, 68.51, 68.07, 67.82, 67.68], [62.56, 62.63, 63.86, 63.91, 63.99, 64.09, 64.25, 64.67, 65.34, 65.68, 66.18, 66.79, 67.2, 67.65, 68.68, 68.35, 67.93, 67.65, 67.5, 67.45], [63.78, 63.81, 63.85, 64.17, 64.21, 64.27, 64.35, 64.43, 65.46, 65.65, 65.99, 66.45, 66.67, 68.04, 67.86, 67.55, 67.26, 67.13, 67.15, 67.21], [64.07, 64.08, 64.09, 64.1, 64.12, 64.14, 64.16, 64.13, 65.33, 65.45, 65.7, 66.07, 65.52, 67.52, 67.22, 66.82, 66.53, 66.58, 66.81, 67.01], [64.03, 64.03, 64.03, 64.02, 64.01, 64.0, 63.97, 63.92, 63.86, 63.81, 63.82, 63.33, 64.74, 67.16, 66.77, 66.19, 65.57, 66.03, 66.63, 66.9], [64.0, 63.99, 63.98, 63.97, 63.94, 63.9, 63.84, 63.74, 63.62, 63.56, 63.63, 63.0, 64.7, 64.97, 65.14, 65.97, 63.96, 66.36, 66.8, 66.93], [63.98, 63.96, 63.95, 63.92, 63.89, 63.84, 63.75, 63.62, 63.41, 63.23, 63.48, 63.05, 62.98, 65.0, 65.27, 65.55, 66.89, 67.86, 67.11, 67.03], [63.96, 63.94, 63.92, 63.89, 63.86, 63.8, 63.72, 63.6, 63.41, 63.26, 63.13, 63.13, 63.06, 65.03, 65.35, 65.85, 66.32, 66.59, 67.14, 67.08], [63.94, 63.92, 63.9, 63.88, 63.84, 63.79, 63.73, 63.66, 63.58, 63.56, 63.27, 63.25, 63.16, 65.3, 65.53, 65.78, 66.03, 66.17, 66.13, 66.02], [63.93, 63.91, 63.89, 63.87, 63.84, 63.8, 63.76, 63.73, 63.72, 63.45, 63.5, 64.59, 64.98, 65.46, 65.44, 65.65, 65.82, 65.93, 65.94, 65.9], [63.92, 63.91, 63.89, 63.87, 63.84, 63.82, 63.8, 63.79, 63.81, 63.66, 64.15, 64.5, 64.9, 65.32, 65.34, 65.52, 65.67, 65.76, 65.8, 65.79], [63.92, 63.9, 63.89, 63.87, 63.85, 63.83, 63.82, 63.82, 64.44, 64.33, 64.27, 64.54, 64.89, 65.25, 65.26, 65.42, 65.55, 65.64, 65.68, 65.7], [63.91, 63.9, 63.89, 63.87, 63.86, 63.85, 63.84, 63.84, 64.55, 64.5, 64.52, 64.69, 64.94, 65.23, 65.21, 65.35, 65.46, 65.54, 65.6, 65.62], [63.91, 63.9, 63.89, 63.88, 63.87, 63.86, 63.85, 64.7, 64.67, 64.66, 64.71, 64.83, 65.02, 65.24, 65.19, 65.31, 65.4, 65.48, 65.53, 65.56]]}