gis_exercise/awsData/contour/humi_2023090205.json
{"header": {"refTime": "2023-09-02T05:00:00.000Z", "nx": 21, "ny": 33, "lo1": 113.509, "la1": 22.2235, "lo2": 113.5947, "la2": 22.1034, "dx": 0.0042850000000001385, "dy": 0.003753125000000024, "parameterCategory": 0, "parameterCategoryName": "Temperature", "parameterNumber": 0}, "z": [[97.4, 97.43, 97.46, 98.51, 98.49, 97.3, 97.34, 97.37, 97.35, 97.63, 97.51, 97.38, 96.57, 96.49, 96.76, 96.81, 96.6, 96.67, 96.72, 96.76], [97.39, 97.41, 97.45, 97.49, 98.49, 98.45, 97.4, 97.49, 97.53, 97.68, 97.49, 97.29, 96.46, 96.39, 96.68, 96.52, 96.63, 96.71, 96.77, 96.8], [97.36, 97.39, 97.42, 97.47, 98.49, 98.45, 98.39, 97.59, 97.89, 97.73, 97.44, 97.13, 96.28, 96.24, 96.36, 96.53, 96.68, 96.78, 96.84, 96.86], [97.33, 97.36, 97.39, 97.43, 97.49, 98.47, 98.42, 98.34, 98.27, 97.7, 97.35, 96.85, 95.97, 96.44, 96.33, 96.57, 96.76, 96.88, 96.93, 96.94], [97.3, 97.32, 97.34, 97.38, 97.44, 98.5, 98.48, 98.46, 98.49, 97.73, 97.35, 96.37, 95.58, 96.27, 96.35, 96.67, 96.92, 97.04, 97.07, 97.04], [97.26, 97.27, 97.28, 97.32, 97.37, 97.45, 98.51, 98.53, 98.61, 98.78, 97.46, 96.77, 96.13, 95.67, 96.48, 96.84, 97.16, 97.29, 97.23, 97.13], [96.89, 97.21, 97.21, 97.23, 97.27, 97.36, 98.01, 98.48, 98.56, 98.73, 98.85, 97.46, 96.14, 96.02, 96.65, 97.01, 97.48, 97.66, 97.45, 97.26], [96.86, 96.85, 96.84, 96.85, 96.9, 97.7, 97.88, 98.07, 98.17, 98.85, 99.49, 97.92, 97.9, 95.99, 97.63, 97.52, 97.74, 97.82, 97.69, 97.61], [97.15, 97.12, 96.76, 96.73, 96.72, 96.8, 97.04, 97.96, 98.64, 98.64, 98.85, 98.41, 98.19, 98.48, 97.6, 97.48, 97.61, 97.66, 97.63, 97.58], [96.0, 96.0, 96.0, 96.94, 96.8, 96.45, 96.7, 97.04, 99.14, 99.03, 98.18, 98.68, 98.52, 98.6, 97.6, 97.44, 97.52, 97.56, 97.56, 97.54], [96.0, 96.0, 96.0, 96.0, 96.0, 96.0, 96.0, 96.0, 96.71, 98.68, 100.0, 98.86, 98.72, 98.71, 97.61, 97.4, 97.46, 97.5, 97.51, 97.5], [96.0, 96.0, 96.0, 96.0, 96.0, 96.0, 96.0, 96.0, 96.0, -999.0, 100.0, 97.0, 97.0, 98.81, 97.62, 97.37, 97.41, 99.14, 99.11, 99.1], [96.0, 96.0, 96.0, 96.0, 96.0, 96.0, 96.0, 96.0, 96.0, 96.0, -999.0, 97.0, 97.0, 98.96, 98.1, 98.73, 98.71, 98.96, 98.92, 98.9], [96.0, 96.0, 96.0, 96.0, 96.0, 96.0, 96.0, 96.0, 96.0, 96.0, -999.0, 100.0, 100.0, 100.0, 98.35, 98.89, 98.86, 99.11, 99.06, 99.02], [96.0, 96.0, 96.0, 96.0, 96.0, 96.0, 96.0, 97.0, 97.0, 97.0, 97.0, 98.15, 100.0, 100.0, 100.0, 99.08, 99.02, 99.26, 99.18, 99.12], [96.0, 96.0, 96.63, 96.64, 96.66, 97.0, 97.0, 97.0, 97.0, 97.0, 98.89, 98.67, 98.96, 99.21, 98.93, 99.63, 99.58, 99.68, 99.21, 99.15], [96.64, 96.65, 96.35, 96.37, 97.0, 97.0, 97.0, 97.0, 97.0, 97.0, 98.29, 98.66, 99.05, 99.41, 99.53, 99.7, 99.6, 99.52, 99.46, 99.42], [96.36, 96.37, 96.39, 96.41, 97.0, 97.0, 97.0, 97.0, 97.0, 97.76, 98.16, 98.61, 99.08, 99.5, 99.93, 99.74, 99.59, 99.49, 99.43, 99.39], [96.38, 96.39, 96.42, 97.0, 97.0, 97.0, 97.0, 97.0, 97.27, 97.58, 98.24, 98.63, 99.0, 99.35, 99.76, 99.65, 99.53, 99.44, 99.39, 99.35], [96.39, 96.41, 98.14, 98.09, 98.01, 97.91, 97.75, 97.33, 97.5, 97.86, 98.25, 98.58, 98.88, 99.12, 99.56, 99.5, 99.42, 99.36, 99.33, 99.31], [98.22, 98.19, 98.15, 97.83, 97.79, 97.73, 97.65, 97.57, 97.94, 98.11, 98.35, 98.58, 98.79, 99.44, 99.42, 99.36, 99.31, 99.28, 99.26, 99.26], [97.93, 97.92, 97.91, 97.9, 97.88, 97.86, 97.84, 97.69, 98.24, 98.34, 98.47, 98.61, 99.35, 99.35, 99.3, 99.25, 99.2, 99.19, 99.2, 99.21], [97.97, 97.97, 97.97, 97.73, 97.75, 97.77, 97.82, 97.88, 97.95, 97.99, 97.97, 98.41, 99.0, 99.28, 99.23, 99.16, 99.11, 99.11, 99.14, 99.17], [97.71, 97.72, 97.74, 97.76, 97.8, 97.85, 97.93, 98.05, 98.2, 98.27, 98.16, 98.5, 99.0, 99.0, 99.0, 99.11, 99.03, 99.05, 99.1, 99.15], [97.72, 97.74, 97.76, 97.79, 97.83, 97.89, 97.99, 98.16, 98.44, 98.67, 98.32, 98.46, 98.43, 99.0, 99.0, 99.0, 99.06, 99.05, 99.1, 99.14], [97.73, 97.75, 97.77, 97.79, 97.84, 97.9, 97.99, 98.14, 98.4, 98.61, 98.5, 98.36, 98.34, 99.0, 99.0, 98.7, 98.79, 98.81, 99.11, 99.14], [97.73, 97.75, 97.77, 97.79, 97.82, 97.87, 97.93, 98.01, 98.1, 98.1, 98.2, 98.16, 98.2, 98.29, 98.45, 98.59, 98.67, 98.71, 98.7, 98.68], [97.73, 97.74, 97.76, 97.78, 97.8, 97.82, 97.85, 97.85, 97.81, 97.89, 97.78, 97.89, 98.04, 98.17, 98.34, 98.48, 98.57, 98.61, 98.63, 98.62], [97.73, 97.74, 97.75, 97.76, 97.77, 97.77, 97.77, 97.73, 97.62, 97.53, 97.25, 97.65, 97.91, 98.08, 98.25, 98.38, 98.47, 98.53, 98.56, 98.57], [97.72, 97.73, 97.74, 97.74, 97.74, 97.73, 97.71, 97.65, 97.78, 97.53, 97.38, 97.63, 97.86, 98.03, 98.18, 98.3, 98.4, 98.46, 98.49, 98.51], [97.72, 97.72, 97.72, 97.72, 97.72, 97.7, 97.67, 97.62, 97.81, 97.69, 97.65, 97.74, 97.89, 98.02, 98.14, 98.25, 98.34, 98.4, 98.44, 98.47], [97.71, 97.71, 97.71, 97.71, 97.7, 97.68, 97.66, 97.95, 97.88, 97.82, 97.8, 97.85, 97.94, 98.03, 98.12, 98.22, 98.3, 98.35, 98.4, 98.42]]}