gis_exercise/awsData/contour/humi_2023090308.json
{"header": {"refTime": "2023-09-03T08:00:00.000Z", "nx": 21, "ny": 33, "lo1": 113.509, "la1": 22.2235, "lo2": 113.5947, "la2": 22.1034, "dx": 0.0042850000000001385, "dy": 0.003753125000000024, "parameterCategory": 0, "parameterCategoryName": "Temperature", "parameterNumber": 0}, "z": [[86.11, 86.14, 86.19, 88.03, 87.98, 86.3, 86.34, 86.37, 86.35, 87.02, 86.93, 86.83, 85.81, 85.75, 85.47, 85.49, 85.52, 85.56, 85.59, 85.61], [86.08, 86.12, 86.17, 86.23, 87.97, 87.9, 86.4, 86.49, 86.53, 87.01, 86.89, 86.73, 85.7, 85.64, 85.39, 85.45, 85.52, 85.57, 85.61, 85.63], [86.04, 86.08, 86.13, 86.2, 87.98, 87.9, 87.78, 86.59, 86.89, 87.02, 86.84, 86.56, 85.5, 85.48, 85.34, 85.45, 85.54, 85.6, 85.63, 85.65], [86.0, 86.03, 86.08, 86.15, 86.23, 87.94, 87.85, 87.68, 87.54, 87.08, 86.81, 86.27, 85.16, 86.07, 85.3, 85.47, 85.57, 85.64, 85.67, 85.69], [85.95, 85.97, 86.01, 86.07, 86.16, 88.0, 87.96, 87.93, 87.98, 87.31, 86.92, 85.95, 84.83, 85.82, 85.32, 85.52, 85.64, 85.7, 85.72, 85.72], [85.88, 85.9, 85.93, 85.97, 86.05, 86.17, 88.03, 88.05, 88.22, 88.57, 87.5, 86.53, 85.62, 85.0, 85.45, 85.63, 85.75, 85.8, 85.78, 85.76], [85.34, 85.81, 85.81, 85.84, 85.91, 86.04, 87.26, 87.95, 88.12, 88.84, 89.2, 87.52, 85.71, 85.53, 85.65, 85.74, 85.86, 85.91, 85.63, 85.5], [85.28, 85.27, 85.26, 85.28, 85.35, 86.77, 87.05, 87.29, 87.45, 89.03, 90.21, 88.23, 88.21, 85.49, 86.37, 86.48, 86.26, 86.18, 86.31, 86.39], [85.72, 85.67, 85.14, 85.1, 85.08, 85.19, 85.56, 87.16, 88.27, 88.7, 89.46, 88.87, 88.59, 88.97, 86.4, 86.52, 86.39, 86.34, 86.37, 86.42], [84.0, 84.0, 84.0, 85.4, 85.21, 84.68, 85.05, 85.56, 89.27, 89.05, 88.57, 89.24, 89.02, 89.13, 86.4, 86.56, 86.48, 86.44, 86.44, 86.46], [84.0, 84.0, 84.0, 84.0, 84.0, 84.0, 84.0, 84.0, 85.06, 88.37, 91.0, 89.48, 89.3, 89.28, 86.39, 86.6, 86.54, 86.5, 86.49, 86.5], [84.0, 84.0, 84.0, 84.0, 84.0, 84.0, 84.0, 84.0, 84.0, -999.0, 91.0, 87.0, 87.0, 89.41, 86.38, 86.63, 86.59, 90.55, 90.44, 90.41], [84.0, 84.0, 84.0, 84.0, 84.0, 84.0, 84.0, 84.0, 84.0, 84.0, -999.0, 87.0, 87.0, 91.57, 89.56, 88.91, 88.85, 89.84, 89.7, 89.61], [84.0, 84.0, 84.0, 84.0, 84.0, 84.0, 84.0, 84.0, 84.0, 84.0, -999.0, 94.0, 94.0, 94.0, 90.15, 89.58, 89.45, 90.46, 90.24, 90.08], [84.0, 84.0, 84.0, 84.0, 84.0, 84.0, 84.0, 87.0, 87.0, 87.0, 87.0, 89.69, 94.0, 94.0, 94.0, 90.34, 90.1, 91.02, 90.73, 90.5], [84.0, 84.0, 85.89, 85.92, 85.98, 87.0, 87.0, 87.0, 87.0, 87.0, 91.4, 90.91, 91.58, 92.15, 91.51, 92.53, 92.31, 92.7, 90.84, 90.61], [85.93, 85.94, 85.06, 85.11, 87.0, 87.0, 87.0, 87.0, 87.0, 87.0, 90.01, 90.88, 91.79, 92.63, 92.72, 93.52, 93.35, 93.22, 93.14, 93.08], [85.07, 85.11, 85.16, 85.24, 87.0, 87.0, 87.0, 87.0, 87.0, 88.78, 89.72, 90.77, 91.86, 92.66, 93.81, 93.57, 93.33, 93.18, 93.09, 93.03], [85.13, 85.18, 85.25, 87.0, 87.0, 87.0, 87.0, 87.0, 87.63, 88.36, 89.57, 90.47, 91.36, 92.23, 93.6, 93.42, 93.21, 93.08, 93.01, 92.98], [85.17, 85.22, 88.71, 88.63, 88.52, 88.36, 88.12, 87.49, 87.99, 88.73, 89.55, 90.31, 91.02, 91.57, 93.26, 93.15, 93.02, 92.94, 92.91, 92.9], [88.83, 88.79, 88.73, 88.24, 88.18, 88.09, 87.98, 87.86, 88.79, 89.15, 89.67, 90.21, 90.73, 93.06, 92.99, 92.88, 92.78, 92.76, 92.79, 92.83], [88.4, 88.38, 88.37, 88.35, 88.32, 88.29, 88.27, 88.39, 89.3, 89.51, 89.81, 90.16, 91.42, 92.89, 92.77, 92.61, 92.5, 92.56, 92.69, 92.78], [88.45, 88.45, 88.45, 88.6, 88.6, 88.62, 88.65, 88.72, 88.81, 88.87, 88.88, 89.12, 91.48, 92.77, 92.62, 92.36, 92.05, 92.34, 92.66, 92.78], [88.65, 88.65, 88.67, 88.68, 88.72, 88.77, 88.86, 88.99, 89.16, 89.25, 89.16, 89.75, 91.44, 91.68, 91.84, 92.3, 91.18, 92.64, 92.83, 92.85], [88.69, 88.7, 88.73, 88.76, 88.81, 88.88, 89.0, 89.18, 89.46, 89.7, 89.38, 89.73, 89.72, 91.69, 91.92, 92.14, 92.97, 93.59, 93.04, 92.92], [88.72, 88.74, 88.77, 88.81, 88.87, 88.95, 89.06, 89.23, 89.48, 89.68, 89.75, 89.68, 89.67, 91.7, 91.95, 92.07, 92.46, 92.66, 93.03, 92.95], [88.75, 88.78, 88.81, 88.85, 88.91, 88.98, 89.07, 89.18, 89.3, 89.33, 89.6, 89.58, 89.6, 91.26, 91.59, 91.9, 92.15, 92.28, 92.25, 92.15], [88.78, 88.8, 88.83, 88.87, 88.92, 88.98, 89.05, 89.12, 89.16, 89.45, 89.39, 90.18, 90.59, 91.05, 91.41, 91.69, 91.9, 92.02, 92.04, 92.02], [88.79, 88.82, 88.85, 88.89, 88.93, 88.98, 89.02, 89.06, 89.08, 89.27, 89.32, 89.91, 90.42, 90.87, 91.24, 91.5, 91.7, 91.82, 91.87, 91.88], [88.81, 88.83, 88.86, 88.89, 88.93, 88.97, 89.0, 89.03, 89.98, 89.69, 89.51, 89.92, 90.37, 90.78, 91.11, 91.36, 91.54, 91.66, 91.73, 91.76], [88.82, 88.84, 88.86, 88.89, 88.92, 88.95, 88.98, 89.0, 90.09, 89.95, 89.93, 90.13, 90.43, 90.75, 91.04, 91.25, 91.42, 91.54, 91.62, 91.66], [88.82, 88.84, 88.87, 88.89, 88.92, 88.94, 88.96, 90.31, 90.23, 90.17, 90.19, 90.32, 90.53, 90.77, 91.01, 91.19, 91.33, 91.44, 91.52, 91.58]]}