gis_exercise/awsData/contour/humi_2023090815.json
{"header": {"refTime": "2023-09-08T15:00:00.000Z", "nx": 21, "ny": 33, "lo1": 113.509, "la1": 22.2235, "lo2": 113.5947, "la2": 22.1034, "dx": 0.0042850000000001385, "dy": 0.003753125000000024, "parameterCategory": 0, "parameterCategoryName": "Temperature", "parameterNumber": 0}, "z": [[96.25, 96.33, 96.42, 98.07, 98.12, 96.8, 96.97, 97.13, 97.16, 97.93, 97.68, 97.43, 95.81, 95.64, 95.22, 95.08, 93.64, 93.62, 93.6, 93.59], [96.2, 96.27, 96.37, 96.5, 98.09, 98.18, 97.11, 97.45, 97.65, 98.08, 97.67, 97.3, 95.65, 95.48, 95.08, 93.67, 93.63, 93.6, 93.58, 93.57], [96.13, 96.19, 96.28, 96.41, 98.04, 98.13, 98.27, 97.71, 98.67, 98.22, 97.59, 97.04, 95.38, 95.25, 93.72, 93.66, 93.61, 93.57, 93.55, 93.54], [96.05, 96.1, 96.17, 96.28, 96.43, 98.02, 98.14, 98.35, 98.55, 98.05, 97.37, 96.59, 94.96, 95.18, 93.72, 93.64, 93.57, 93.53, 93.51, 93.51], [95.95, 95.98, 96.03, 96.1, 96.21, 97.85, 97.9, 97.99, 98.11, 97.86, 97.24, 95.18, 94.47, 95.01, 93.72, 93.61, 93.51, 93.46, 93.45, 93.47], [95.85, 95.86, 95.87, 95.91, 95.96, 96.04, 97.58, 97.55, 97.69, 98.04, 96.3, 95.51, 94.88, 94.0, 93.7, 93.55, 93.4, 93.34, 93.37, 93.42], [94.45, 95.72, 95.7, 95.7, 95.7, 95.72, 96.02, 96.93, 97.01, 97.11, 97.5, 95.99, 94.0, 94.0, 93.67, 93.49, 93.26, 93.17, 93.18, 93.25], [94.43, 94.42, 94.42, 94.43, 94.45, 95.75, 95.85, 95.76, 95.51, 97.37, 98.9, 95.84, 95.81, 94.0, 93.37, 93.48, 93.26, 93.18, 93.31, 93.39], [94.57, 94.56, 94.38, 94.37, 94.36, 94.4, 94.52, 95.86, 96.59, 96.92, 97.69, 96.81, 96.38, 96.95, 93.4, 93.52, 93.39, 93.34, 93.37, 93.42], [94.0, 94.0, 94.0, 94.47, 94.4, 94.23, 94.35, 94.52, 97.84, 97.56, 96.35, 97.36, 97.04, 97.19, 93.4, 93.56, 93.48, 93.44, 93.44, 93.46], [94.0, 94.0, 94.0, 94.0, 94.0, 94.0, 94.0, 94.0, 94.35, 96.71, 100.0, 97.71, 97.44, 97.43, 93.39, 93.6, 93.54, 93.5, 93.49, 93.5], [94.0, 94.0, 94.0, 94.0, 94.0, 94.0, 94.0, 94.0, 94.0, -999.0, 100.0, 94.0, 94.0, 97.61, 93.38, 93.63, 93.59, 96.98, 96.88, 96.86], [94.0, 94.0, 94.0, 94.0, 94.0, 94.0, 94.0, 94.0, 94.0, 94.0, -999.0, 94.0, 94.0, 97.92, 96.19, 95.55, 95.5, 96.36, 96.24, 96.16], [94.0, 94.0, 94.0, 94.0, 94.0, 94.0, 94.0, 94.0, 94.0, 94.0, -999.0, 100.0, 100.0, 100.0, 96.7, 96.13, 96.02, 96.9, 96.71, 96.57], [94.0, 94.0, 94.0, 94.0, 94.0, 94.0, 94.0, 95.0, 95.0, 95.0, 95.0, 96.92, 100.0, 100.0, 100.0, 96.8, 96.59, 97.39, 97.14, 96.93], [94.0, 94.0, 94.63, 94.64, 94.66, 95.0, 95.0, 95.0, 95.0, 95.0, 98.15, 97.79, 98.27, 98.68, 98.22, 98.17, 97.89, 98.38, 96.82, 96.59], [94.64, 94.65, 94.35, 94.37, 95.0, 95.0, 95.0, 95.0, 95.0, 95.0, 97.15, 97.77, 98.42, 99.02, 98.85, 99.08, 98.76, 98.51, 98.33, 98.21], [94.36, 94.37, 94.39, 94.41, 95.0, 95.0, 95.0, 95.0, 95.0, 96.27, 96.94, 97.69, 98.47, 98.81, 99.83, 99.18, 98.72, 98.43, 98.24, 98.13], [94.38, 94.39, 94.42, 95.0, 95.0, 95.0, 95.0, 95.0, 95.45, 95.97, 97.0, 97.64, 97.73, 98.41, 99.24, 98.9, 98.52, 98.26, 98.1, 98.02], [94.39, 94.41, 96.71, 96.63, 96.52, 96.36, 96.12, 95.49, 95.8, 96.38, 97.01, 97.56, 97.39, 97.78, 98.62, 98.43, 98.18, 98.0, 97.92, 97.88], [96.83, 96.79, 96.73, 96.24, 96.18, 96.09, 95.98, 95.86, 96.48, 96.76, 97.15, 97.54, 97.08, 98.24, 98.14, 97.96, 97.79, 97.71, 97.7, 97.73], [96.4, 96.38, 96.37, 96.35, 96.32, 96.29, 96.27, 96.04, 96.95, 97.11, 97.33, 97.57, 97.75, 97.93, 97.76, 97.54, 97.37, 97.39, 97.51, 97.61], [96.45, 96.45, 96.45, 96.09, 96.12, 96.16, 96.23, 96.32, 96.43, 96.49, 96.46, 96.33, 97.3, 97.72, 97.5, 97.17, 96.84, 97.07, 97.38, 97.54], [96.07, 96.09, 96.11, 96.14, 96.19, 96.27, 96.39, 96.57, 96.8, 96.91, 96.75, 96.51, 97.33, 97.19, 97.04, 97.04, 96.0, 97.21, 97.45, 97.54], [96.09, 96.11, 96.14, 96.18, 96.24, 96.33, 96.48, 96.73, 97.15, 97.51, 96.99, 96.56, 96.24, 97.24, 97.13, 97.06, 97.47, 97.95, 97.6, 97.58], [96.1, 96.12, 96.15, 96.19, 96.25, 96.34, 96.48, 96.71, 97.1, 97.42, 96.89, 96.46, 96.19, 97.3, 97.23, 96.78, 97.05, 97.2, 97.63, 97.61], [96.1, 96.12, 96.15, 96.19, 96.24, 96.3, 96.4, 96.52, 96.65, 96.65, 96.42, 96.21, 96.07, 96.29, 96.49, 96.68, 96.85, 96.94, 96.92, 96.85], [96.1, 96.12, 96.14, 96.17, 96.2, 96.23, 96.27, 96.28, 96.22, 96.04, 95.86, 96.48, 96.77, 97.05, 96.39, 96.56, 96.69, 96.77, 96.78, 96.76], [96.09, 96.11, 96.12, 96.14, 96.15, 96.16, 96.15, 96.09, 95.93, 95.58, 95.41, 96.09, 96.56, 96.89, 96.29, 96.45, 96.57, 96.64, 96.68, 96.68], [96.08, 96.09, 96.1, 96.11, 96.11, 96.1, 96.06, 95.98, 96.29, 95.88, 95.63, 96.06, 96.48, 96.8, 96.22, 96.36, 96.47, 96.55, 96.59, 96.61], [96.08, 96.08, 96.08, 96.08, 96.08, 96.05, 96.01, 95.94, 96.36, 96.16, 96.09, 96.26, 96.53, 96.78, 96.18, 96.3, 96.4, 96.47, 96.52, 96.54], [96.07, 96.07, 96.07, 96.06, 96.05, 96.03, 95.99, 96.6, 96.48, 96.38, 96.36, 96.46, 96.62, 96.8, 96.16, 96.26, 96.35, 96.41, 96.46, 96.49]]}