gis_exercise/awsData/contour/humi_2023090221.json
{"header": {"refTime": "2023-09-02T21:00:00.000Z", "nx": 21, "ny": 33, "lo1": 113.509, "la1": 22.2235, "lo2": 113.5947, "la2": 22.1034, "dx": 0.0042850000000001385, "dy": 0.003753125000000024, "parameterCategory": 0, "parameterCategoryName": "Temperature", "parameterNumber": 0}, "z": [[89.02, 89.03, 89.04, 90.32, 90.26, 88.8, 88.79, 88.78, 88.75, 89.27, 89.24, 89.19, 88.21, 88.17, 88.17, 88.21, 88.25, 88.29, 88.32, 88.35], [89.01, 89.02, 89.03, 89.05, 90.26, 90.16, 88.83, 88.83, 88.82, 89.23, 89.2, 89.12, 88.13, 88.1, 88.12, 88.19, 88.26, 88.31, 88.35, 88.37], [89.0, 89.01, 89.03, 89.05, 90.28, 90.18, 90.01, 88.88, 88.96, 89.2, 89.17, 89.0, 88.0, 87.99, 88.08, 88.19, 88.28, 88.35, 88.39, 88.41], [88.99, 89.0, 89.02, 89.04, 89.07, 90.25, 90.11, 89.89, 89.68, 89.31, 89.18, 88.79, 87.78, 88.64, 88.05, 88.22, 88.33, 88.41, 88.44, 88.45], [88.97, 88.98, 89.0, 89.03, 89.07, 90.35, 90.29, 90.24, 90.27, 89.6, 89.33, 88.56, 87.66, 88.44, 88.07, 88.28, 88.42, 88.5, 88.52, 88.5], [88.95, 88.96, 88.98, 89.0, 89.05, 89.12, 90.45, 90.48, 90.62, 90.9, 89.85, 89.02, 88.28, 87.67, 88.17, 88.39, 88.56, 88.64, 88.61, 88.56], [88.89, 88.93, 88.94, 88.96, 89.01, 89.1, 90.26, 90.53, 90.68, 91.19, 91.4, 89.79, 88.14, 88.02, 88.32, 88.5, 88.74, 88.83, 88.63, 88.5], [88.86, 88.85, 88.84, 88.85, 88.9, 89.92, 90.11, 90.25, 90.28, 91.36, 92.29, 90.23, 90.21, 87.99, 89.0, 89.0, 89.0, 89.0, 89.0, 89.0], [89.15, 89.12, 88.76, 88.73, 88.72, 88.8, 89.04, 90.18, 90.96, 91.06, 91.46, 90.87, 90.59, 90.97, 89.0, 89.0, 89.0, 89.0, 89.0, 89.0], [88.0, 88.0, 88.0, 88.94, 88.8, 88.45, 88.7, 89.04, 91.71, 91.54, 90.57, 91.24, 91.02, 91.13, 89.0, 89.0, 89.0, 89.0, 89.0, 89.0], [88.0, 88.0, 88.0, 88.0, 88.0, 88.0, 88.0, 88.0, 88.71, 91.03, 93.0, 91.48, 91.3, 91.28, 89.0, 89.0, 89.0, 89.0, 89.0, 89.0], [88.0, 88.0, 88.0, 88.0, 88.0, 88.0, 88.0, 88.0, 88.0, -999.0, 93.0, 89.0, 89.0, 91.41, 89.0, 89.0, 89.0, 92.41, 92.33, 92.31], [88.0, 88.0, 88.0, 88.0, 88.0, 88.0, 88.0, 88.0, 88.0, 88.0, -999.0, 89.0, 89.0, 92.92, 91.19, 91.18, 91.14, 91.88, 91.77, 91.71], [88.0, 88.0, 88.0, 88.0, 88.0, 88.0, 88.0, 88.0, 88.0, 88.0, -999.0, 95.0, 95.0, 95.0, 91.7, 91.68, 91.59, 92.34, 92.18, 92.06], [88.0, 88.0, 88.0, 88.0, 88.0, 88.0, 88.0, 89.0, 89.0, 89.0, 89.0, 91.31, 95.0, 95.0, 95.0, 92.25, 92.07, 92.77, 92.55, 92.37], [88.0, 88.0, 88.63, 88.64, 88.66, 89.0, 89.0, 89.0, 89.0, 89.0, 92.78, 92.35, 92.93, 93.42, 92.86, 94.27, 94.16, 94.35, 92.9, 92.75], [88.64, 88.65, 88.35, 88.37, 89.0, 89.0, 89.0, 89.0, 89.0, 89.0, 91.58, 92.32, 93.11, 93.83, 94.06, 94.55, 94.39, 94.26, 94.18, 94.11], [88.36, 88.37, 88.39, 88.41, 89.0, 89.0, 89.0, 89.0, 89.0, 90.52, 91.33, 92.23, 93.17, 94.0, 94.87, 94.6, 94.37, 94.23, 94.13, 94.07], [88.38, 88.39, 88.42, 89.0, 89.0, 89.0, 89.0, 89.0, 89.54, 90.17, 91.47, 92.25, 92.99, 93.7, 94.63, 94.46, 94.27, 94.14, 94.07, 94.02], [88.39, 88.41, 91.29, 91.17, 91.03, 90.81, 90.49, 89.66, 90.01, 90.73, 91.5, 92.17, 92.76, 93.24, 94.33, 94.23, 94.11, 94.02, 93.97, 93.95], [91.44, 91.38, 91.31, 90.65, 90.57, 90.45, 90.3, 90.14, 90.87, 91.22, 91.7, 92.16, 92.59, 94.14, 94.1, 94.01, 93.93, 93.88, 93.87, 93.88], [90.86, 90.85, 90.82, 90.8, 90.76, 90.72, 90.69, 90.56, 91.48, 91.68, 91.95, 92.23, 93.71, 93.99, 93.92, 93.82, 93.74, 93.74, 93.77, 93.81], [90.94, 90.94, 90.94, 90.71, 90.73, 90.78, 90.85, 90.96, 91.1, 91.18, 91.15, 91.82, 93.3, 93.89, 93.79, 93.66, 93.54, 93.6, 93.7, 93.76], [90.71, 90.73, 90.76, 90.8, 90.85, 90.94, 91.09, 91.31, 91.58, 91.71, 91.54, 92.25, 93.29, 93.34, 93.37, 93.59, 93.27, 93.59, 93.69, 93.74], [90.75, 90.77, 90.81, 90.86, 90.94, 91.05, 91.24, 91.53, 92.03, 92.44, 91.85, 92.2, 92.15, 93.34, 93.38, 93.43, 93.66, 93.77, 93.72, 93.75], [90.77, 90.8, 90.84, 90.9, 90.98, 91.09, 91.27, 91.54, 91.99, 92.35, 92.25, 92.04, 92.01, 93.34, 93.39, 92.99, 93.2, 93.27, 93.74, 93.76], [90.79, 90.82, 90.86, 90.91, 90.98, 91.08, 91.2, 91.36, 91.52, 91.54, 91.81, 91.74, 91.8, 92.25, 92.56, 92.8, 92.97, 93.05, 93.04, 92.99], [90.8, 90.83, 90.87, 90.91, 90.96, 91.02, 91.08, 91.12, 91.1, 91.34, 91.18, 91.48, 91.77, 92.05, 92.36, 92.61, 92.77, 92.86, 92.89, 92.88], [90.81, 90.83, 90.86, 90.89, 90.93, 90.96, 90.97, 90.94, 90.81, 90.8, 90.41, 91.09, 91.56, 91.89, 92.19, 92.43, 92.6, 92.7, 92.75, 92.77], [90.81, 90.83, 90.85, 90.87, 90.89, 90.9, 90.89, 90.83, 91.29, 90.88, 90.63, 91.06, 91.48, 91.8, 92.07, 92.3, 92.46, 92.57, 92.64, 92.67], [90.8, 90.82, 90.84, 90.85, 90.86, 90.86, 90.83, 90.78, 91.36, 91.16, 91.09, 91.26, 91.53, 91.78, 92.0, 92.2, 92.36, 92.47, 92.54, 92.58], [90.8, 90.81, 90.82, 90.83, 90.83, 90.83, 90.8, 91.6, 91.48, 91.38, 91.36, 91.46, 91.62, 91.8, 91.97, 92.14, 92.28, 92.38, 92.46, 92.51]]}