gis_exercise/awsData/contour/humi_2023090909.json
{"header": {"refTime": "2023-09-09T09:00:00.000Z", "nx": 21, "ny": 33, "lo1": 113.509, "la1": 22.2235, "lo2": 113.5947, "la2": 22.1034, "dx": 0.0042850000000001385, "dy": 0.003753125000000024, "parameterCategory": 0, "parameterCategoryName": "Temperature", "parameterNumber": 0}, "z": [[93.79, 93.83, 93.88, 95.73, 95.7, 93.58, 93.67, 93.74, 93.72, 94.51, 94.32, 94.12, 92.53, 92.41, 92.08, 92.05, 91.52, 91.56, 91.59, 91.61], [93.76, 93.8, 93.86, 93.93, 95.69, 95.64, 93.78, 93.97, 94.07, 94.58, 94.28, 93.97, 92.36, 92.23, 91.94, 91.45, 91.52, 91.57, 91.61, 91.63], [93.73, 93.76, 93.82, 93.88, 95.68, 95.63, 95.55, 94.17, 94.78, 94.65, 94.2, 93.69, 92.06, 91.98, 91.34, 91.45, 91.54, 91.6, 91.63, 91.65], [93.68, 93.71, 93.76, 93.82, 93.91, 95.64, 95.58, 95.48, 95.39, 94.63, 94.06, 93.22, 91.55, 92.46, 91.3, 91.47, 91.57, 91.64, 91.67, 91.69], [93.62, 93.65, 93.68, 93.74, 93.81, 95.65, 95.62, 95.62, 95.7, 94.74, 94.1, 92.34, 90.99, 92.15, 91.32, 91.52, 91.64, 91.7, 91.72, 91.72], [93.56, 93.57, 93.59, 93.63, 93.69, 93.77, 95.61, 95.62, 95.81, 96.23, 94.27, 93.03, 91.92, 91.0, 91.45, 91.63, 91.75, 91.8, 91.78, 91.76], [92.89, 93.49, 93.48, 93.5, 93.54, 93.62, 94.77, 95.38, 95.55, 96.11, 96.5, 94.19, 91.71, 91.53, 91.65, 91.74, 91.86, 91.91, 91.63, 91.5], [92.86, 92.85, 92.84, 92.85, 92.9, 94.37, 94.56, 94.61, 94.51, 96.37, 97.9, 94.84, 94.81, 91.49, 92.37, 92.48, 92.26, 92.18, 92.31, 92.39], [93.15, 93.12, 92.76, 92.73, 92.72, 92.8, 93.04, 94.62, 95.59, 95.92, 96.69, 95.81, 95.38, 95.95, 92.4, 92.52, 92.39, 92.34, 92.37, 92.42], [92.0, 92.0, 92.0, 92.94, 92.8, 92.45, 92.7, 93.04, 96.84, 96.56, 95.35, 96.36, 96.04, 96.19, 92.4, 92.56, 92.48, 92.44, 92.44, 92.46], [92.0, 92.0, 92.0, 92.0, 92.0, 92.0, 92.0, 92.0, 92.71, 95.71, 99.0, 96.71, 96.44, 96.43, 92.39, 92.6, 92.54, 92.5, 92.49, 92.5], [92.0, 92.0, 92.0, 92.0, 92.0, 92.0, 92.0, 92.0, 92.0, -999.0, 99.0, 93.0, 93.0, 96.61, 92.38, 92.63, 92.59, 95.98, 95.88, 95.86], [92.0, 92.0, 92.0, 92.0, 92.0, 92.0, 92.0, 92.0, 92.0, 92.0, -999.0, 93.0, 93.0, 96.92, 95.19, 94.55, 94.5, 95.36, 95.24, 95.16], [92.0, 92.0, 92.0, 92.0, 92.0, 92.0, 92.0, 92.0, 92.0, 92.0, -999.0, 99.0, 99.0, 99.0, 95.7, 95.13, 95.02, 95.9, 95.71, 95.57], [92.0, 92.0, 92.0, 92.0, 92.0, 92.0, 92.0, 93.0, 93.0, 93.0, 93.0, 95.31, 99.0, 99.0, 99.0, 95.8, 95.59, 96.39, 96.14, 95.93], [92.0, 92.0, 92.63, 92.64, 92.66, 93.0, 93.0, 93.0, 93.0, 93.0, 96.78, 96.35, 96.93, 97.42, 96.86, 97.53, 97.31, 97.7, 96.1, 95.88], [92.64, 92.65, 92.35, 92.37, 93.0, 93.0, 93.0, 93.0, 93.0, 93.0, 95.58, 96.32, 97.11, 97.83, 97.84, 97.96, 97.59, 97.3, 97.09, 96.95], [92.36, 92.37, 92.39, 92.41, 93.0, 93.0, 93.0, 93.0, 93.0, 94.52, 95.33, 96.23, 97.17, 97.79, 98.83, 98.07, 97.55, 97.21, 96.99, 96.85], [92.38, 92.39, 92.42, 93.0, 93.0, 93.0, 93.0, 93.0, 93.54, 94.17, 95.29, 96.06, 96.63, 97.39, 98.15, 97.76, 97.33, 97.02, 96.84, 96.73], [92.39, 92.41, 94.71, 94.63, 94.52, 94.36, 94.12, 93.49, 93.9, 94.55, 95.28, 95.94, 96.32, 96.79, 97.46, 97.24, 96.96, 96.75, 96.63, 96.57], [94.83, 94.79, 94.73, 94.24, 94.18, 94.09, 93.98, 93.86, 94.64, 94.96, 95.41, 95.88, 96.04, 97.03, 96.93, 96.74, 96.55, 96.44, 96.4, 96.4], [94.4, 94.38, 94.37, 94.35, 94.32, 94.29, 94.27, 94.21, 95.12, 95.31, 95.57, 95.87, 96.74, 96.69, 96.53, 96.32, 96.15, 96.12, 96.17, 96.24], [94.45, 94.45, 94.45, 94.34, 94.36, 94.39, 94.44, 94.52, 94.62, 94.68, 94.67, 94.85, 95.67, 96.44, 96.24, 95.99, 95.75, 95.82, 95.98, 96.11], [94.36, 94.37, 94.39, 94.41, 94.45, 94.52, 94.62, 94.78, 94.98, 95.08, 94.95, 95.25, 95.68, 95.62, 95.56, 95.82, 95.33, 95.7, 95.9, 96.04], [94.39, 94.4, 94.43, 94.47, 94.52, 94.61, 94.74, 94.95, 95.31, 95.6, 95.19, 95.25, 95.13, 95.63, 95.58, 95.54, 95.77, 95.86, 95.92, 96.02], [94.41, 94.43, 94.46, 94.5, 94.56, 94.65, 94.77, 94.97, 95.29, 95.55, 95.38, 95.17, 95.07, 95.65, 95.61, 95.29, 95.41, 95.46, 95.97, 96.04], [94.43, 94.45, 94.48, 94.52, 94.57, 94.64, 94.73, 94.85, 94.97, 94.99, 95.08, 94.98, 94.96, 94.97, 95.1, 95.21, 95.3, 95.34, 95.33, 95.3], [94.44, 94.46, 94.49, 94.52, 94.56, 94.61, 94.66, 94.7, 94.69, 94.79, 94.68, 94.89, 95.04, 95.17, 95.02, 95.13, 95.21, 95.25, 95.26, 95.25], [94.44, 94.46, 94.49, 94.51, 94.54, 94.57, 94.59, 94.58, 94.5, 94.46, 94.25, 94.65, 94.91, 95.08, 94.95, 95.05, 95.13, 95.17, 95.2, 95.2], [94.45, 94.46, 94.48, 94.5, 94.52, 94.53, 94.53, 94.5, 94.78, 94.53, 94.38, 94.63, 94.86, 95.03, 94.89, 94.99, 95.07, 95.11, 95.14, 95.16], [94.45, 94.46, 94.47, 94.49, 94.5, 94.5, 94.5, 94.47, 94.81, 94.69, 94.65, 94.74, 94.89, 95.02, 94.86, 94.95, 95.02, 95.07, 95.1, 95.12], [94.44, 94.46, 94.47, 94.48, 94.48, 94.48, 94.47, 94.95, 94.88, 94.82, 94.8, 94.85, 94.94, 95.03, 94.85, 94.92, 94.98, 95.03, 95.06, 95.09]]}