gis_exercise/awsData/contour/humi_2023083116.json
{"header": {"refTime": "2023-08-31T16:00:00.000Z", "nx": 21, "ny": 33, "lo1": 113.509, "la1": 22.2235, "lo2": 113.5947, "la2": 22.1034, "dx": 0.0042850000000001385, "dy": 0.003753125000000024, "parameterCategory": 0, "parameterCategoryName": "Temperature", "parameterNumber": 0}, "z": [[62.86, 62.92, 63.0, 64.11, 64.16, 62.83, 62.98, 63.12, 63.13, 63.48, 63.16, 62.85, 61.9, 61.73, 61.09, 61.0, 60.16, 60.18, 60.19, 60.2], [62.82, 62.88, 62.96, 63.06, 64.14, 64.21, 63.13, 63.46, 63.64, 63.7, 63.17, 62.7, 61.69, 61.53, 60.93, 60.12, 60.15, 60.17, 60.19, 60.2], [62.77, 62.82, 62.89, 62.99, 64.1, 64.17, 64.31, 63.73, 64.67, 63.89, 63.06, 62.39, 61.33, 61.23, 60.05, 60.11, 60.15, 60.17, 60.18, 60.2], [62.7, 62.74, 62.8, 62.89, 63.01, 64.09, 64.19, 64.38, 64.56, 63.63, 62.77, 61.85, 60.74, 60.87, 60.03, 60.11, 60.15, 60.16, 60.18, 60.19], [62.63, 62.65, 62.69, 62.75, 62.84, 63.95, 63.99, 64.07, 64.15, 63.29, 62.54, 60.76, 59.75, 60.65, 60.04, 60.13, 60.15, 60.16, 60.17, 60.19], [62.54, 62.55, 62.56, 62.59, 62.64, 62.71, 63.74, 63.71, 63.79, 63.99, 62.12, 61.28, 60.48, 60.0, 60.15, 60.17, 60.15, 60.14, 60.16, 60.18], [61.45, 62.44, 62.43, 62.42, 62.44, 62.46, 62.51, 63.27, 63.3, 63.38, 63.65, 62.19, 60.71, 60.53, 60.32, 60.23, 60.12, 60.08, 59.82, 59.75], [61.43, 61.42, 61.42, 61.43, 61.45, 62.3, 62.39, 62.4, 62.34, 63.52, 64.41, 62.92, 62.9, 60.49, 60.74, 60.96, 60.52, 60.37, 60.61, 60.78], [61.57, 61.56, 61.38, 61.37, 61.36, 61.4, 61.52, 62.42, 62.96, 63.28, 63.85, 63.41, 63.19, 63.48, 60.8, 61.04, 60.79, 60.68, 60.74, 60.84], [61.0, 61.0, 61.0, 61.47, 61.4, 61.23, 61.35, 61.52, 63.71, 63.54, 63.18, 63.68, 63.52, 63.6, 60.8, 61.13, 60.96, 60.88, 60.88, 60.91], [61.0, 61.0, 61.0, 61.0, 61.0, 61.0, 61.0, 61.0, 61.35, 63.03, 65.0, 63.86, 63.72, 63.71, 60.78, 61.19, 61.07, 61.0, 60.99, 61.0], [61.0, 61.0, 61.0, 61.0, 61.0, 61.0, 61.0, 61.0, 61.0, -999.0, 65.0, 62.0, 62.0, 63.81, 60.76, 61.26, 61.19, 69.66, 69.43, 69.37], [61.0, 61.0, 61.0, 61.0, 61.0, 61.0, 61.0, 61.0, 61.0, 61.0, -999.0, 62.0, 62.0, 71.79, 67.48, 66.19, 66.06, 68.16, 67.86, 67.67], [61.0, 61.0, 61.0, 61.0, 61.0, 61.0, 61.0, 61.0, 61.0, 61.0, -999.0, 77.0, 77.0, 77.0, 68.75, 67.6, 67.33, 69.47, 69.01, 68.66], [61.0, 61.0, 61.0, 61.0, 61.0, 61.0, 61.0, 63.0, 63.0, 63.0, 63.0, 68.38, 77.0, 77.0, 77.0, 69.22, 68.71, 70.67, 70.06, 69.55], [61.0, 61.0, 62.26, 62.28, 62.32, 63.0, 63.0, 63.0, 63.0, 63.0, 71.81, 70.81, 72.17, 73.31, 72.01, 72.6, 71.93, 73.1, 69.32, 68.77], [62.28, 62.3, 61.71, 61.74, 63.0, 63.0, 63.0, 63.0, 63.0, 63.0, 69.02, 70.76, 72.58, 74.27, 73.99, 75.42, 74.86, 74.44, 74.14, 73.95], [61.71, 61.74, 61.77, 61.83, 63.0, 63.0, 63.0, 63.0, 63.0, 66.56, 68.43, 70.54, 72.72, 73.88, 76.56, 75.58, 74.79, 74.29, 73.99, 73.81], [61.75, 61.79, 61.83, 63.0, 63.0, 63.0, 63.0, 63.0, 64.26, 65.72, 67.03, 68.78, 70.99, 72.85, 75.68, 75.09, 74.41, 73.98, 73.73, 73.61], [61.78, 61.81, 63.0, 63.0, 63.0, 63.0, 63.0, 63.0, 64.32, 65.41, 66.79, 68.25, 70.15, 71.23, 74.58, 74.22, 73.79, 73.51, 73.4, 73.38], [63.0, 63.0, 63.0, 63.0, 63.0, 63.0, 63.0, 63.0, 65.17, 65.74, 66.64, 67.71, 69.36, 73.91, 73.7, 73.35, 73.04, 72.95, 73.03, 73.14], [63.0, 63.0, 63.0, 63.0, 63.0, 63.0, 63.0, 63.35, 65.44, 65.78, 66.38, 67.17, 68.6, 73.36, 72.99, 72.51, 72.16, 72.31, 72.69, 72.97], [63.0, 63.0, 63.0, 63.51, 63.48, 63.45, 63.43, 63.4, 63.38, 63.39, 63.42, 63.53, 68.41, 72.99, 72.5, 71.72, 70.84, 71.65, 72.57, 72.93], [63.58, 63.57, 63.56, 63.54, 63.52, 63.5, 63.47, 63.42, 63.37, 63.35, 63.42, 63.99, 68.26, 69.13, 69.79, 71.52, 68.32, 72.43, 73.01, 73.09], [63.6, 63.6, 63.59, 63.58, 63.57, 63.55, 63.51, 63.44, 63.31, 63.19, 63.4, 63.96, 64.17, 69.15, 69.99, 70.77, 73.35, 75.07, 73.59, 73.28], [63.63, 63.63, 63.62, 63.62, 63.62, 63.6, 63.58, 63.52, 63.38, 63.26, 63.74, 64.03, 64.21, 69.13, 70.03, 71.21, 72.19, 72.71, 73.57, 73.37], [63.65, 63.66, 63.66, 63.67, 63.67, 63.68, 63.68, 63.67, 63.65, 63.68, 64.05, 64.19, 64.29, 69.53, 70.22, 70.89, 71.48, 71.79, 71.71, 71.47], [63.68, 63.69, 63.7, 63.71, 63.73, 63.75, 63.78, 63.84, 63.94, 64.31, 64.42, 66.47, 67.39, 68.5, 69.86, 70.47, 70.93, 71.19, 71.25, 71.17], [63.7, 63.71, 63.73, 63.75, 63.78, 63.82, 63.88, 63.97, 64.15, 64.61, 65.37, 66.23, 67.18, 68.18, 69.52, 70.08, 70.49, 70.75, 70.87, 70.88], [63.72, 63.74, 63.76, 63.78, 63.82, 63.87, 63.94, 64.05, 66.11, 65.82, 65.67, 66.32, 67.15, 68.0, 69.27, 69.78, 70.15, 70.41, 70.56, 70.62], [63.74, 63.76, 63.78, 63.81, 63.85, 63.9, 63.97, 64.07, 66.37, 66.24, 66.29, 66.67, 67.28, 67.95, 69.11, 69.56, 69.9, 70.15, 70.31, 70.4], [63.76, 63.77, 63.8, 63.83, 63.87, 63.91, 63.97, 66.73, 66.65, 66.63, 66.73, 67.02, 67.46, 67.99, 69.04, 69.42, 69.72, 69.95, 70.11, 70.22]]}