gis_exercise/awsData/contour/humi_2023091414.json
{"header": {"refTime": "2023-09-14T14:00:00.000Z", "nx": 21, "ny": 33, "lo1": 113.509, "la1": 22.2235, "lo2": 113.5947, "la2": 22.1034, "dx": 0.0042850000000001385, "dy": 0.003753125000000024, "parameterCategory": 0, "parameterCategoryName": "Temperature", "parameterNumber": 0}, "z": [[89.4, 89.43, 89.46, 90.0, 90.0, 89.77, 89.78, 89.79, 89.78, 89.69, 89.61, 89.54, 89.6, 89.58, 90.16, 90.25, 90.33, 90.4, 90.46, 90.49], [89.39, 89.41, 89.45, 89.49, 90.0, 90.0, 89.8, 89.83, 89.84, 89.74, 89.62, 89.51, 89.57, 89.55, 90.14, 90.26, 90.37, 90.45, 90.51, 90.55], [89.36, 89.39, 89.42, 89.47, 90.0, 90.0, 90.0, 89.86, 89.96, 89.78, 89.59, 89.44, 89.5, 89.49, 90.1, 90.28, 90.42, 90.53, 90.59, 90.62], [89.33, 89.36, 89.39, 89.43, 89.49, 90.0, 90.0, 90.0, 90.0, 89.72, 89.52, 89.34, 89.39, 89.29, 90.08, 90.32, 90.52, 90.65, 90.7, 90.71], [89.3, 89.32, 89.34, 89.38, 89.44, 90.0, 90.0, 90.0, 90.0, 89.43, 89.42, 89.37, 89.1, 89.26, 90.1, 90.43, 90.7, 90.84, 90.86, 90.82], [89.26, 89.27, 89.28, 89.32, 89.37, 89.45, 90.0, 90.0, 90.0, 90.0, 89.6, 89.34, 89.23, 89.33, 90.19, 90.6, 90.98, 91.13, 91.05, 90.93], [88.89, 89.21, 89.21, 89.23, 89.27, 89.36, 89.01, 90.0, 90.0, 90.0, 90.0, 89.47, 89.57, 89.51, 90.33, 90.77, 91.36, 91.57, 91.45, 91.26], [88.86, 88.85, 88.84, 88.85, 88.9, 89.02, 89.27, 89.43, 90.0, 90.0, 90.0, 90.0, 90.0, 89.5, 91.26, 91.04, 91.48, 91.63, 91.39, 91.22], [89.15, 89.12, 88.76, 88.73, 88.72, 88.8, 89.04, 89.39, 90.0, 90.0, 90.0, 90.0, 90.0, 90.0, 91.2, 90.96, 91.21, 91.32, 91.26, 91.16], [88.0, 88.0, 88.0, 88.94, 88.8, 88.45, 88.7, 89.04, 90.0, 90.0, 90.0, 90.0, 90.0, 90.0, 91.2, 90.87, 91.04, 91.12, 91.12, 91.09], [88.0, 88.0, 88.0, 88.0, 88.0, 88.0, 88.0, 88.0, 88.71, 90.0, -999.0, 90.0, 90.0, 90.0, 91.22, 90.81, 90.93, 91.0, 91.01, 91.0], [88.0, 88.0, 88.0, 88.0, 88.0, 88.0, 88.0, 88.0, 88.0, -999.0, -999.0, 90.0, 90.0, 90.0, 91.24, 90.74, 90.81, 94.84, 94.77, 94.76], [88.0, 88.0, 88.0, 88.0, 88.0, 88.0, 88.0, 88.0, 88.0, 88.0, -999.0, 90.0, 90.0, 94.57, 92.56, 93.82, 93.78, 94.4, 94.31, 94.26], [88.0, 88.0, 88.0, 88.0, 88.0, 88.0, 88.0, 88.0, 88.0, 88.0, -999.0, 97.0, 97.0, 97.0, 93.15, 94.24, 94.16, 94.78, 94.65, 94.55], [88.0, 88.0, 88.0, 88.0, 88.0, 88.0, 88.0, 90.0, 90.0, 90.0, 90.0, 92.69, 97.0, 97.0, 97.0, 94.71, 94.56, 95.14, 94.96, 94.81], [88.0, 88.0, 89.26, 89.28, 89.32, 90.0, 90.0, 90.0, 90.0, 90.0, 94.4, 93.91, 94.58, 95.15, 94.51, 96.63, 96.58, 96.68, 95.43, 95.32], [89.28, 89.3, 88.71, 88.74, 90.0, 90.0, 90.0, 90.0, 90.0, 90.0, 93.01, 93.88, 94.79, 95.63, 96.05, 96.7, 96.6, 96.52, 96.46, 96.42], [88.71, 88.74, 88.77, 88.83, 90.0, 90.0, 90.0, 90.0, 90.0, 91.78, 92.72, 93.77, 94.86, 95.98, 96.87, 96.74, 96.59, 96.49, 96.43, 96.39], [88.75, 88.79, 88.83, 90.0, 90.0, 90.0, 90.0, 90.0, 90.63, 91.36, 92.57, 93.47, 94.9, 95.68, 96.76, 96.65, 96.53, 96.44, 96.39, 96.35], [88.78, 88.81, 91.71, 91.63, 91.52, 91.36, 91.12, 90.49, 90.99, 91.73, 92.55, 93.31, 94.69, 95.25, 96.56, 96.5, 96.42, 96.36, 96.33, 96.31], [91.83, 91.79, 91.73, 91.24, 91.18, 91.09, 90.98, 90.86, 91.79, 92.15, 92.67, 93.21, 94.55, 96.44, 96.42, 96.36, 96.31, 96.28, 96.26, 96.26], [91.4, 91.38, 91.37, 91.35, 91.32, 91.29, 91.27, 91.56, 92.3, 92.51, 92.81, 93.16, 95.38, 96.35, 96.3, 96.25, 96.2, 96.19, 96.2, 96.21], [91.45, 91.45, 91.45, 91.85, 91.84, 91.84, 91.86, 91.92, 92.0, 92.07, 92.09, 92.91, 94.89, 96.28, 96.23, 96.16, 96.11, 96.11, 96.14, 96.17], [91.94, 91.94, 91.94, 91.96, 91.98, 92.02, 92.09, 92.2, 92.35, 92.43, 92.37, 93.74, 94.82, 95.15, 95.44, 96.11, 96.03, 96.05, 96.1, 96.15], [91.99, 92.0, 92.02, 92.05, 92.09, 92.15, 92.25, 92.4, 92.62, 92.79, 92.58, 93.64, 93.91, 95.11, 95.41, 95.65, 96.06, 96.05, 96.1, 96.14], [92.04, 92.06, 92.09, 92.12, 92.18, 92.25, 92.35, 92.49, 92.67, 92.81, 93.36, 93.58, 93.82, 95.06, 95.34, 95.54, 95.68, 95.72, 96.11, 96.14], [92.08, 92.11, 92.14, 92.18, 92.24, 92.32, 92.41, 92.52, 92.62, 92.68, 93.38, 93.53, 93.73, 94.93, 95.18, 95.38, 95.51, 95.56, 95.56, 95.52], [92.11, 92.14, 92.18, 92.23, 92.29, 92.36, 92.44, 92.53, 92.62, 93.3, 93.31, 93.44, 93.64, 93.88, 95.02, 95.22, 95.35, 95.42, 95.44, 95.44], [92.14, 92.18, 92.21, 92.26, 92.32, 92.39, 92.46, 92.55, 92.65, 93.22, 93.12, 93.35, 93.58, 93.8, 94.87, 95.07, 95.21, 95.29, 95.33, 95.35], [92.17, 92.2, 92.24, 92.28, 92.34, 92.4, 92.47, 92.55, 93.35, 93.25, 93.2, 93.36, 93.56, 93.76, 94.77, 94.96, 95.09, 95.18, 95.24, 95.27], [92.19, 92.22, 92.25, 92.3, 92.35, 92.4, 92.46, 92.53, 93.41, 93.36, 93.36, 93.45, 93.59, 93.74, 94.71, 94.88, 95.01, 95.1, 95.16, 95.2], [92.2, 92.23, 92.26, 92.3, 92.35, 92.4, 92.45, 93.5, 93.47, 93.46, 93.48, 93.54, 93.64, 93.75, 94.68, 94.83, 94.94, 95.03, 95.09, 95.14]]}