gis_exercise/awsData/contour/humi_2023090609.json
{"header": {"refTime": "2023-09-06T09:00:00.000Z", "nx": 21, "ny": 33, "lo1": 113.509, "la1": 22.2235, "lo2": 113.5947, "la2": 22.1034, "dx": 0.0042850000000001385, "dy": 0.003753125000000024, "parameterCategory": 0, "parameterCategoryName": "Temperature", "parameterNumber": 0}, "z": [[70.03, 70.05, 70.07, 71.36, 71.3, 69.36, 69.36, 69.35, 69.28, 69.32, 69.11, 68.89, 67.05, 66.89, 66.79, 66.72, 65.62, 65.65, 65.66, 65.67], [70.02, 70.04, 70.07, 70.1, 71.3, 71.2, 69.45, 69.49, 69.49, 69.41, 69.08, 68.74, 66.89, 66.73, 66.65, 65.59, 65.63, 65.66, 65.67, 65.69], [70.0, 70.03, 70.06, 70.09, 71.34, 71.23, 71.04, 69.63, 69.88, 69.51, 68.99, 68.48, 66.61, 66.49, 65.54, 65.6, 65.64, 65.67, 65.69, 65.7], [69.98, 70.0, 70.04, 70.08, 70.13, 71.32, 71.17, 70.92, 70.69, 69.43, 68.83, 68.01, 66.15, 66.81, 65.53, 65.61, 65.67, 65.7, 65.72, 65.73], [69.95, 69.97, 70.01, 70.06, 70.13, 71.45, 71.39, 71.32, 71.3, 69.45, 68.82, 66.76, 65.72, 66.56, 65.53, 65.64, 65.71, 65.75, 65.76, 65.75], [69.9, 69.92, 69.95, 70.01, 70.1, 70.24, 71.61, 71.65, 71.72, 71.85, 68.34, 67.27, 66.37, 65.33, 65.59, 65.69, 65.78, 65.82, 65.8, 65.78], [69.79, 69.85, 69.87, 69.92, 70.02, 70.2, 71.25, 71.87, 71.97, 71.29, 71.02, 68.05, 65.57, 65.51, 65.66, 65.75, 65.87, 65.91, 65.82, 65.75], [69.71, 69.69, 69.68, 69.7, 69.79, 70.71, 71.09, 71.6, 71.76, 71.53, 72.1, 68.15, 68.11, 65.5, 66.0, 66.0, 66.0, 66.0, 66.0, 66.0], [70.29, 70.23, 69.52, 69.46, 69.44, 69.59, 70.08, 71.27, 72.32, 71.14, 70.31, 69.28, 68.78, 69.44, 66.0, 66.0, 66.0, 66.0, 66.0, 66.0], [68.0, 68.0, 68.0, 69.87, 69.61, 68.91, 69.39, 70.08, 72.57, 72.51, 68.74, 69.92, 69.54, 69.72, 66.0, 66.0, 66.0, 66.0, 66.0, 66.0], [68.0, 68.0, 68.0, 68.0, 68.0, 68.0, 68.0, 68.0, 69.42, 72.34, 73.0, 70.33, 70.02, 70.0, 66.0, 66.0, 66.0, 66.0, 66.0, 66.0], [68.0, 68.0, 68.0, 68.0, 68.0, 68.0, 68.0, 68.0, 68.0, -999.0, 73.0, 66.0, 66.0, 70.21, 66.0, 66.0, 66.0, 71.12, 70.99, 70.96], [68.0, 68.0, 68.0, 68.0, 68.0, 68.0, 68.0, 68.0, 68.0, 68.0, -999.0, 66.0, 66.0, 71.88, 69.29, 69.28, 69.21, 70.32, 70.16, 70.06], [68.0, 68.0, 68.0, 68.0, 68.0, 68.0, 68.0, 68.0, 68.0, 68.0, -999.0, 75.0, 75.0, 75.0, 70.05, 70.03, 69.88, 71.01, 70.77, 70.58], [68.0, 68.0, 68.0, 68.0, 68.0, 68.0, 68.0, 71.0, 71.0, 71.0, 71.0, 72.54, 75.0, 75.0, 75.0, 70.88, 70.61, 71.65, 71.33, 71.06], [68.0, 68.0, 69.89, 69.92, 69.98, 71.0, 71.0, 71.0, 71.0, 71.0, 73.52, 73.23, 73.62, 73.95, 73.57, 74.27, 74.16, 74.35, 72.12, 71.91], [69.93, 69.94, 69.06, 69.11, 71.0, 71.0, 71.0, 71.0, 71.0, 71.0, 72.72, 73.22, 73.74, 74.22, 74.3, 75.11, 75.15, 75.19, 75.22, 75.25], [69.07, 69.11, 69.16, 69.24, 71.0, 71.0, 71.0, 71.0, 71.0, 72.02, 72.55, 73.15, 73.78, 74.26, 74.9, 75.09, 75.15, 75.19, 75.23, 75.26], [69.13, 69.18, 69.25, 71.0, 71.0, 71.0, 71.0, 71.0, 71.36, 71.78, 72.34, 72.84, 73.54, 74.03, 75.08, 75.12, 75.16, 75.2, 75.24, 75.27], [69.17, 69.22, 71.57, 71.54, 71.51, 71.45, 71.37, 71.16, 71.49, 71.86, 72.3, 72.73, 73.36, 73.68, 75.13, 75.14, 75.17, 75.21, 75.25, 75.29], [71.61, 71.6, 71.58, 71.41, 71.39, 71.36, 71.33, 71.29, 71.86, 72.04, 72.32, 72.63, 73.21, 75.17, 75.16, 75.15, 75.16, 75.21, 75.27, 75.32], [71.47, 71.46, 71.46, 71.45, 71.44, 71.43, 71.42, 72.04, 72.06, 72.17, 72.34, 72.55, 73.38, 75.19, 75.16, 75.11, 75.09, 75.18, 75.3, 75.36], [71.48, 71.48, 71.48, 72.37, 72.34, 72.3, 72.26, 72.24, 72.24, 72.27, 72.33, 71.97, 74.11, 75.22, 75.16, 75.03, 74.84, 75.12, 75.38, 75.44], [72.51, 72.5, 72.48, 72.46, 72.44, 72.42, 72.39, 72.37, 72.33, 72.33, 72.41, 72.99, 74.05, 74.4, 74.66, 75.07, 74.11, 75.53, 75.62, 75.55], [72.57, 72.56, 72.56, 72.55, 72.55, 72.54, 72.52, 72.47, 72.34, 72.21, 72.46, 73.02, 73.15, 74.4, 74.72, 75.03, 75.85, 76.49, 75.85, 75.65], [72.62, 72.63, 72.63, 72.64, 72.65, 72.66, 72.65, 72.61, 72.47, 72.32, 72.87, 73.15, 73.27, 74.38, 74.73, 75.52, 75.78, 75.94, 75.8, 75.66], [72.67, 72.69, 72.7, 72.73, 72.75, 72.78, 72.82, 72.84, 72.85, 72.92, 73.32, 73.44, 73.44, 75.33, 75.41, 75.52, 75.64, 75.71, 75.69, 75.63], [72.72, 72.74, 72.77, 72.81, 72.85, 72.91, 72.99, 73.1, 73.28, 73.76, 73.93, 74.55, 74.73, 74.99, 75.39, 75.47, 75.55, 75.6, 75.6, 75.58], [72.77, 72.79, 72.83, 72.88, 72.94, 73.02, 73.14, 73.31, 73.61, 74.27, 74.86, 74.73, 74.8, 74.98, 75.37, 75.43, 75.49, 75.53, 75.54, 75.53], [72.81, 72.84, 72.88, 72.94, 73.01, 73.1, 73.23, 73.42, 74.54, 74.71, 74.83, 74.79, 74.84, 74.97, 75.35, 75.4, 75.45, 75.48, 75.49, 75.5], [72.84, 72.88, 72.92, 72.98, 73.05, 73.15, 73.28, 73.44, 74.6, 74.69, 74.76, 74.79, 74.86, 74.96, 75.33, 75.38, 75.41, 75.44, 75.46, 75.46], [72.87, 72.9, 72.95, 73.01, 73.08, 73.17, 73.28, 74.58, 74.63, 74.69, 74.75, 74.8, 74.87, 74.96, 75.32, 75.36, 75.39, 75.41, 75.43, 75.44]]}