gis_exercise/awsData/contour/humi_2023091208.json
{"header": {"refTime": "2023-09-12T08:00:00.000Z", "nx": 21, "ny": 33, "lo1": 113.509, "la1": 22.2235, "lo2": 113.5947, "la2": 22.1034, "dx": 0.0042850000000001385, "dy": 0.003753125000000024, "parameterCategory": 0, "parameterCategoryName": "Temperature", "parameterNumber": 0}, "z": [[90.72, 90.74, 90.77, 92.07, 92.02, 89.87, 89.91, 89.93, 89.88, 90.06, 89.8, 89.53, 88.14, 87.99, 87.95, 87.97, 87.5, 87.58, 87.65, 87.69], [90.7, 90.73, 90.76, 90.79, 92.02, 91.94, 90.03, 90.15, 90.19, 90.2, 89.77, 89.36, 87.93, 87.78, 87.79, 87.38, 87.52, 87.62, 87.7, 87.75], [90.68, 90.71, 90.74, 90.78, 92.04, 91.95, 91.81, 90.34, 90.81, 90.32, 89.67, 89.04, 87.56, 87.48, 87.16, 87.38, 87.57, 87.7, 87.77, 87.81], [90.66, 90.68, 90.71, 90.76, 90.81, 92.01, 91.9, 91.72, 91.55, 90.2, 89.46, 88.48, 86.93, 87.69, 87.1, 87.43, 87.67, 87.82, 87.88, 87.9], [90.62, 90.64, 90.67, 90.72, 90.78, 92.1, 92.05, 92.01, 92.02, 90.16, 89.41, 87.54, 86.08, 87.37, 87.14, 87.56, 87.85, 88.0, 88.03, 88.01], [90.58, 90.59, 90.62, 90.66, 90.74, 90.84, 92.19, 92.22, 92.32, 92.51, 89.54, 88.29, 87.12, 86.34, 87.34, 87.77, 88.12, 88.27, 88.21, 88.12], [90.34, 90.53, 90.54, 90.57, 90.64, 90.78, 91.75, 92.29, 92.4, 92.33, 92.34, 89.59, 87.28, 87.04, 87.64, 88.0, 88.48, 88.65, 88.26, 88.01], [90.28, 90.27, 90.26, 90.28, 90.35, 91.32, 91.6, 91.92, 92.05, 92.52, 93.25, 90.54, 90.51, 86.99, 89.0, 89.0, 89.0, 89.0, 89.0, 89.0], [90.72, 90.67, 90.14, 90.1, 90.08, 90.19, 90.56, 91.72, 92.64, 92.21, 92.08, 91.34, 90.98, 91.46, 89.0, 89.0, 89.0, 89.0, 89.0, 89.0], [89.0, 89.0, 89.0, 90.4, 90.21, 89.68, 90.05, 90.56, 93.14, 93.03, 90.96, 91.8, 91.53, 91.66, 89.0, 89.0, 89.0, 89.0, 89.0, 89.0], [89.0, 89.0, 89.0, 89.0, 89.0, 89.0, 89.0, 89.0, 90.06, 92.68, 94.0, 92.09, 91.87, 91.85, 89.0, 89.0, 89.0, 89.0, 89.0, 89.0], [89.0, 89.0, 89.0, 89.0, 89.0, 89.0, 89.0, 89.0, 89.0, -999.0, 94.0, 89.0, 89.0, 92.01, 89.0, 89.0, 89.0, 92.98, 92.88, 92.86], [89.0, 89.0, 89.0, 89.0, 89.0, 89.0, 89.0, 89.0, 89.0, 89.0, -999.0, 89.0, 89.0, 93.57, 91.56, 91.55, 91.5, 92.36, 92.24, 92.16], [89.0, 89.0, 89.0, 89.0, 89.0, 89.0, 89.0, 89.0, 89.0, 89.0, -999.0, 96.0, 96.0, 96.0, 92.15, 92.13, 92.02, 92.9, 92.71, 92.57], [89.0, 89.0, 89.0, 89.0, 89.0, 89.0, 89.0, 90.0, 90.0, 90.0, 90.0, 92.31, 96.0, 96.0, 96.0, 92.8, 92.59, 93.39, 93.14, 92.93], [89.0, 89.0, 89.63, 89.64, 89.66, 90.0, 90.0, 90.0, 90.0, 90.0, 93.78, 93.35, 93.93, 94.42, 93.86, 94.53, 94.31, 94.7, 93.1, 92.88], [89.64, 89.65, 89.35, 89.37, 90.0, 90.0, 90.0, 90.0, 90.0, 90.0, 92.58, 93.32, 94.11, 94.83, 94.84, 95.1, 94.78, 94.53, 94.35, 94.23], [89.36, 89.37, 89.39, 89.41, 90.0, 90.0, 90.0, 90.0, 90.0, 91.52, 92.33, 93.23, 94.17, 94.79, 95.83, 95.2, 94.74, 94.45, 94.27, 94.15], [89.38, 89.39, 89.42, 90.0, 90.0, 90.0, 90.0, 90.0, 90.54, 91.17, 92.1, 92.86, 93.63, 94.39, 95.26, 94.93, 94.55, 94.29, 94.13, 94.04], [89.39, 89.41, 91.14, 91.09, 91.01, 90.91, 90.75, 90.33, 90.79, 91.38, 92.06, 92.71, 93.32, 93.79, 94.66, 94.47, 94.23, 94.05, 93.95, 93.9], [91.22, 91.19, 91.15, 90.83, 90.79, 90.73, 90.65, 90.57, 91.4, 91.7, 92.13, 92.59, 93.04, 94.28, 94.19, 94.03, 93.86, 93.77, 93.75, 93.76], [90.93, 90.92, 90.91, 90.9, 90.88, 90.86, 90.84, 91.04, 91.76, 91.94, 92.2, 92.51, 93.42, 93.99, 93.84, 93.64, 93.49, 93.48, 93.55, 93.62], [90.97, 90.97, 90.97, 91.23, 91.23, 91.23, 91.24, 91.28, 91.33, 91.38, 91.39, 91.41, 92.59, 93.77, 93.59, 93.33, 93.08, 93.2, 93.4, 93.53], [91.29, 91.29, 91.3, 91.3, 91.32, 91.35, 91.39, 91.47, 91.56, 91.62, 91.58, 92.0, 92.58, 92.67, 92.74, 93.19, 92.54, 93.19, 93.38, 93.49], [91.33, 91.33, 91.35, 91.37, 91.39, 91.44, 91.5, 91.6, 91.75, 91.86, 91.72, 92.0, 92.0, 92.68, 92.77, 92.86, 93.32, 93.54, 93.45, 93.5], [91.36, 91.37, 91.39, 91.42, 91.45, 91.5, 91.57, 91.66, 91.78, 91.87, 92.0, 92.0, 92.0, 92.68, 92.78, 92.89, 93.03, 93.1, 93.48, 93.52], [91.39, 91.4, 91.43, 91.46, 91.49, 91.54, 91.61, 91.68, 91.75, 91.78, 92.0, 92.0, 92.0, 92.65, 92.75, 92.84, 92.93, 92.97, 92.96, 92.92], [91.41, 91.43, 91.45, 91.49, 91.53, 91.57, 91.63, 91.69, 91.75, 92.0, 92.0, 92.29, 92.43, 92.58, 92.69, 92.78, 92.85, 92.88, 92.89, 92.88], [91.43, 91.45, 91.48, 91.51, 91.55, 91.59, 91.64, 91.7, 91.77, 92.0, 92.08, 92.23, 92.39, 92.53, 92.65, 92.73, 92.78, 92.82, 92.84, 92.84], [91.45, 91.47, 91.49, 91.52, 91.56, 91.6, 91.65, 91.7, 92.24, 92.17, 92.13, 92.24, 92.38, 92.5, 92.61, 92.68, 92.74, 92.77, 92.79, 92.8], [91.46, 91.48, 91.5, 91.53, 91.56, 91.6, 91.64, 91.69, 92.27, 92.24, 92.24, 92.3, 92.4, 92.5, 92.59, 92.65, 92.7, 92.74, 92.76, 92.77], [91.47, 91.49, 91.51, 91.54, 91.57, 91.6, 91.63, 92.34, 92.32, 92.31, 92.32, 92.36, 92.43, 92.5, 92.58, 92.63, 92.67, 92.71, 92.73, 92.75]]}