gis_exercise/awsData/contour/humi_2023091203.json
{"header": {"refTime": "2023-09-12T03:00:00.000Z", "nx": 21, "ny": 33, "lo1": 113.509, "la1": 22.2235, "lo2": 113.5947, "la2": 22.1034, "dx": 0.0042850000000001385, "dy": 0.003753125000000024, "parameterCategory": 0, "parameterCategoryName": "Temperature", "parameterNumber": 0}, "z": [[93.4, 93.43, 93.46, 94.77, 94.74, 93.07, 93.12, 93.15, 93.13, 93.57, 93.41, 93.25, 91.93, 91.82, 91.2, 91.12, 90.54, 90.53, 90.53, 90.53], [93.39, 93.41, 93.45, 93.49, 94.73, 94.67, 93.2, 93.32, 93.37, 93.63, 93.38, 93.13, 91.79, 91.69, 91.09, 90.53, 90.52, 90.52, 90.51, 90.51], [93.36, 93.39, 93.42, 93.47, 94.74, 94.68, 94.58, 93.46, 93.85, 93.69, 93.32, 92.91, 91.56, 91.49, 90.51, 90.51, 90.5, 90.49, 90.49, 90.49], [93.33, 93.36, 93.39, 93.43, 93.49, 94.71, 94.63, 94.51, 94.4, 93.66, 93.21, 92.53, 91.16, 91.84, 90.5, 90.5, 90.48, 90.46, 90.46, 90.47], [93.3, 93.32, 93.34, 93.38, 93.44, 94.75, 94.72, 94.7, 94.74, 93.74, 93.23, 91.76, 90.74, 91.6, 90.51, 90.49, 90.44, 90.41, 90.41, 90.44], [93.26, 93.27, 93.28, 93.32, 93.37, 93.45, 94.77, 94.79, 94.91, 95.17, 93.23, 92.27, 91.42, 90.67, 90.56, 90.48, 90.37, 90.32, 90.36, 90.41], [92.89, 93.21, 93.21, 93.23, 93.27, 93.36, 94.26, 94.71, 94.84, 94.99, 95.14, 93.12, 91.14, 91.02, 90.66, 90.48, 90.25, 90.17, 90.0, 90.0], [92.86, 92.85, 92.84, 92.85, 92.9, 93.92, 94.11, 94.25, 94.22, 95.19, 96.17, 93.54, 93.51, 90.99, 90.74, 90.96, 90.52, 90.37, 90.61, 90.78], [93.15, 93.12, 92.76, 92.73, 92.72, 92.8, 93.04, 94.18, 94.96, 94.85, 95.08, 94.34, 93.98, 94.46, 90.8, 91.04, 90.79, 90.68, 90.74, 90.84], [92.0, 92.0, 92.0, 92.94, 92.8, 92.45, 92.7, 93.04, 95.71, 95.54, 93.96, 94.8, 94.53, 94.66, 90.8, 91.13, 90.96, 90.88, 90.88, 90.91], [92.0, 92.0, 92.0, 92.0, 92.0, 92.0, 92.0, 92.0, 92.71, 95.03, 97.0, 95.09, 94.87, 94.85, 90.78, 91.19, 91.07, 91.0, 90.99, 91.0], [92.0, 92.0, 92.0, 92.0, 92.0, 92.0, 92.0, 92.0, 92.0, -999.0, 97.0, 92.0, 92.0, 95.01, 90.76, 91.26, 91.19, 95.12, 94.99, 94.96], [92.0, 92.0, 92.0, 92.0, 92.0, 92.0, 92.0, 92.0, 92.0, 92.0, -999.0, 92.0, 92.0, 96.57, 94.56, 93.28, 93.21, 94.32, 94.16, 94.06], [92.0, 92.0, 92.0, 92.0, 92.0, 92.0, 92.0, 92.0, 92.0, 92.0, -999.0, 99.0, 99.0, 99.0, 95.15, 94.03, 93.88, 95.01, 94.77, 94.58], [92.0, 92.0, 92.0, 92.0, 92.0, 92.0, 92.0, 93.0, 93.0, 93.0, 93.0, 95.31, 99.0, 99.0, 99.0, 94.88, 94.61, 95.65, 95.33, 95.06], [92.0, 92.0, 92.63, 92.64, 92.66, 93.0, 93.0, 93.0, 93.0, 93.0, 96.78, 96.35, 96.93, 97.42, 96.86, 97.53, 97.31, 97.7, 95.58, 95.33], [92.64, 92.65, 92.35, 92.37, 93.0, 93.0, 93.0, 93.0, 93.0, 93.0, 95.58, 96.32, 97.11, 97.83, 97.84, 98.1, 97.78, 97.53, 97.35, 97.23], [92.36, 92.37, 92.39, 92.41, 93.0, 93.0, 93.0, 93.0, 93.0, 94.52, 95.33, 96.23, 97.17, 97.79, 98.83, 98.2, 97.74, 97.45, 97.27, 97.15], [92.38, 92.39, 92.42, 93.0, 93.0, 93.0, 93.0, 93.0, 93.54, 94.17, 95.29, 96.06, 96.63, 97.39, 98.26, 97.93, 97.55, 97.29, 97.13, 97.04], [92.39, 92.41, 94.71, 94.63, 94.52, 94.36, 94.12, 93.49, 93.9, 94.55, 95.28, 95.94, 96.32, 96.79, 97.66, 97.47, 97.23, 97.05, 96.95, 96.9], [94.83, 94.79, 94.73, 94.24, 94.18, 94.09, 93.98, 93.86, 94.64, 94.96, 95.41, 95.88, 96.04, 97.28, 97.19, 97.03, 96.86, 96.77, 96.75, 96.76], [94.4, 94.38, 94.37, 94.35, 94.32, 94.29, 94.27, 94.21, 95.12, 95.31, 95.57, 95.87, 96.74, 96.99, 96.84, 96.64, 96.49, 96.48, 96.55, 96.62], [94.45, 94.45, 94.45, 94.34, 94.36, 94.39, 94.44, 94.52, 94.62, 94.68, 94.67, 94.85, 95.96, 96.77, 96.59, 96.33, 96.08, 96.2, 96.4, 96.53], [94.36, 94.37, 94.39, 94.41, 94.45, 94.52, 94.62, 94.78, 94.98, 95.08, 94.95, 95.25, 95.97, 95.95, 95.92, 96.19, 95.54, 96.19, 96.38, 96.49], [94.39, 94.4, 94.43, 94.47, 94.52, 94.61, 94.74, 94.95, 95.31, 95.6, 95.19, 95.25, 95.13, 95.97, 95.97, 95.97, 96.32, 96.54, 96.45, 96.5], [94.41, 94.43, 94.46, 94.5, 94.56, 94.65, 94.77, 94.97, 95.29, 95.55, 95.38, 95.17, 95.07, 95.99, 96.0, 95.74, 95.92, 96.01, 96.48, 96.52], [94.43, 94.45, 94.48, 94.52, 94.57, 94.64, 94.73, 94.85, 94.97, 94.99, 95.08, 94.98, 94.96, 95.29, 95.47, 95.64, 95.76, 95.82, 95.81, 95.77], [94.44, 94.46, 94.49, 94.52, 94.56, 94.61, 94.66, 94.7, 94.69, 94.79, 94.68, 95.03, 95.25, 95.47, 95.37, 95.52, 95.63, 95.69, 95.71, 95.69], [94.44, 94.46, 94.49, 94.51, 94.54, 94.57, 94.59, 94.58, 94.5, 94.46, 94.29, 94.76, 95.1, 95.35, 95.27, 95.42, 95.52, 95.59, 95.62, 95.62], [94.45, 94.46, 94.48, 94.5, 94.52, 94.53, 94.53, 94.5, 94.9, 94.61, 94.44, 94.75, 95.05, 95.28, 95.2, 95.33, 95.43, 95.5, 95.54, 95.56], [94.45, 94.46, 94.47, 94.49, 94.5, 94.5, 94.5, 94.47, 94.95, 94.81, 94.77, 94.89, 95.08, 95.27, 95.16, 95.28, 95.37, 95.43, 95.48, 95.5], [94.44, 94.46, 94.47, 94.48, 94.48, 94.48, 94.47, 95.12, 95.04, 94.97, 94.96, 95.03, 95.15, 95.28, 95.14, 95.24, 95.32, 95.38, 95.43, 95.46]]}