gis_exercise/awsData/contour/humi_2023083100.json
{"header": {"refTime": "2023-08-31T00:00:00.000Z", "nx": 21, "ny": 33, "lo1": 113.509, "la1": 22.2235, "lo2": 113.5947, "la2": 22.1034, "dx": 0.0042850000000001385, "dy": 0.003753125000000024, "parameterCategory": 0, "parameterCategoryName": "Temperature", "parameterNumber": 0}, "z": [[67.7, 67.71, 67.73, 68.51, 68.49, 67.54, 67.56, 67.58, 67.56, 67.88, 67.81, 67.74, 67.21, 67.17, 67.46, 67.53, 67.6, 67.67, 67.72, 67.76], [67.69, 67.71, 67.72, 67.74, 68.49, 68.45, 67.6, 67.66, 67.68, 67.9, 67.79, 67.67, 67.13, 67.1, 67.41, 67.52, 67.63, 67.71, 67.77, 67.8], [67.68, 67.69, 67.71, 67.73, 68.49, 68.45, 68.39, 67.73, 67.93, 67.92, 67.76, 67.56, 67.0, 66.99, 67.36, 67.53, 67.68, 67.78, 67.84, 67.86], [67.67, 67.68, 67.69, 67.72, 67.74, 68.47, 68.42, 68.34, 68.27, 67.93, 67.72, 67.37, 66.78, 67.25, 67.33, 67.57, 67.76, 67.88, 67.93, 67.94], [67.65, 67.66, 67.67, 67.69, 67.72, 68.5, 68.48, 68.46, 68.49, 68.01, 67.76, 67.17, 66.5, 67.1, 67.35, 67.67, 67.92, 68.04, 68.07, 68.04], [67.63, 67.63, 67.64, 67.66, 67.68, 67.72, 68.51, 68.53, 68.61, 68.78, 68.08, 67.52, 66.98, 66.67, 67.48, 67.84, 68.16, 68.29, 68.23, 68.13], [67.45, 67.6, 67.6, 67.61, 67.64, 67.68, 68.26, 68.48, 68.56, 68.92, 69.1, 68.13, 67.14, 67.02, 67.65, 68.01, 68.48, 68.66, 68.45, 68.26], [67.43, 67.42, 67.42, 67.43, 67.45, 68.07, 68.17, 68.22, 68.23, 69.01, 69.61, 68.61, 68.6, 66.99, 68.63, 68.52, 68.74, 68.82, 68.69, 68.61], [67.57, 67.56, 67.38, 67.37, 67.36, 67.4, 67.52, 68.2, 68.64, 68.85, 69.23, 68.94, 68.79, 68.98, 68.6, 68.48, 68.61, 68.66, 68.63, 68.58], [67.0, 67.0, 67.0, 67.47, 67.4, 67.23, 67.35, 67.52, 69.14, 69.03, 68.78, 69.12, 69.01, 69.06, 68.6, 68.44, 68.52, 68.56, 68.56, 68.54], [67.0, 67.0, 67.0, 67.0, 67.0, 67.0, 67.0, 67.0, 67.35, 68.68, 70.0, 69.24, 69.15, 69.14, 68.61, 68.4, 68.46, 68.5, 68.51, 68.5], [67.0, 67.0, 67.0, 67.0, 67.0, 67.0, 67.0, 67.0, 67.0, -999.0, 70.0, 68.0, 68.0, 69.2, 68.62, 68.37, 68.41, 75.25, 75.1, 75.06], [67.0, 67.0, 67.0, 67.0, 67.0, 67.0, 67.0, 67.0, 67.0, 67.0, -999.0, 68.0, 68.0, 75.83, 72.39, 73.0, 72.92, 74.28, 74.09, 73.96], [67.0, 67.0, 67.0, 67.0, 67.0, 67.0, 67.0, 67.0, 67.0, 67.0, -999.0, 80.0, 80.0, 80.0, 73.4, 73.92, 73.75, 75.13, 74.83, 74.6], [67.0, 67.0, 67.0, 67.0, 67.0, 67.0, 67.0, 69.0, 69.0, 69.0, 69.0, 73.23, 80.0, 80.0, 80.0, 74.96, 74.63, 75.91, 75.51, 75.18], [67.0, 67.0, 68.26, 68.28, 68.32, 69.0, 69.0, 69.0, 69.0, 69.0, 75.92, 75.14, 76.2, 77.1, 76.08, 76.7, 76.2, 77.08, 74.69, 74.31], [68.28, 68.3, 67.71, 67.74, 69.0, 69.0, 69.0, 69.0, 69.0, 69.0, 73.73, 75.09, 76.53, 77.85, 77.68, 78.6, 78.11, 77.73, 77.47, 77.29], [67.71, 67.74, 67.77, 67.83, 69.0, 69.0, 69.0, 69.0, 69.0, 71.79, 73.27, 74.92, 76.64, 77.6, 79.66, 78.75, 78.05, 77.6, 77.33, 77.16], [67.75, 67.79, 67.83, 69.0, 69.0, 69.0, 69.0, 69.0, 69.99, 71.14, 72.35, 73.73, 75.36, 76.81, 78.84, 78.32, 77.73, 77.34, 77.11, 76.99], [67.78, 67.81, 69.57, 69.54, 69.51, 69.45, 69.37, 69.16, 70.14, 71.07, 72.2, 73.35, 74.71, 75.56, 77.88, 77.58, 77.2, 76.94, 76.82, 76.78], [69.61, 69.6, 69.58, 69.41, 69.39, 69.36, 69.33, 69.29, 70.94, 71.41, 72.14, 72.99, 74.11, 77.3, 77.13, 76.84, 76.57, 76.47, 76.5, 76.57], [69.47, 69.46, 69.46, 69.45, 69.44, 69.43, 69.42, 69.35, 71.28, 71.56, 72.03, 72.64, 73.86, 76.82, 76.53, 76.15, 75.87, 75.94, 76.2, 76.39], [69.48, 69.48, 69.48, 69.36, 69.37, 69.39, 69.41, 69.44, 69.48, 69.5, 69.49, 69.97, 73.3, 76.49, 76.11, 75.53, 74.89, 75.41, 76.05, 76.32], [69.36, 69.36, 69.37, 69.38, 69.4, 69.42, 69.46, 69.52, 69.6, 69.64, 69.58, 70.0, 73.21, 73.74, 74.13, 75.34, 73.17, 75.85, 76.29, 76.39], [69.36, 69.37, 69.38, 69.39, 69.41, 69.44, 69.49, 69.58, 69.72, 69.84, 69.66, 69.95, 70.02, 73.75, 74.26, 74.74, 76.44, 77.54, 76.64, 76.5], [69.37, 69.37, 69.38, 69.4, 69.42, 69.45, 69.49, 69.57, 69.7, 69.81, 69.87, 69.87, 69.94, 73.74, 74.29, 74.69, 75.41, 75.77, 76.65, 76.56], [69.37, 69.37, 69.38, 69.4, 69.41, 69.43, 69.47, 69.51, 69.55, 69.55, 69.73, 69.75, 69.84, 73.2, 73.81, 74.37, 74.84, 75.07, 75.02, 74.84], [69.37, 69.37, 69.38, 69.39, 69.4, 69.41, 69.42, 69.43, 69.41, 69.55, 69.5, 70.92, 71.66, 72.51, 73.47, 73.99, 74.38, 74.59, 74.64, 74.59], [69.36, 69.37, 69.37, 69.38, 69.38, 69.39, 69.38, 69.36, 69.31, 69.34, 69.51, 70.5, 71.39, 72.21, 73.15, 73.65, 74.0, 74.23, 74.33, 74.35], [69.36, 69.36, 69.37, 69.37, 69.37, 69.37, 69.35, 69.33, 70.57, 70.11, 69.84, 70.53, 71.31, 72.04, 72.92, 73.37, 73.71, 73.93, 74.07, 74.13], [69.36, 69.36, 69.36, 69.36, 69.36, 69.35, 69.34, 69.31, 70.77, 70.55, 70.53, 70.88, 71.42, 71.99, 72.78, 73.18, 73.49, 73.71, 73.85, 73.94], [69.36, 69.36, 69.36, 69.35, 69.35, 69.34, 69.33, 71.15, 71.02, 70.94, 70.99, 71.22, 71.59, 72.03, 72.72, 73.06, 73.33, 73.54, 73.68, 73.78]]}