gis_exercise/awsData/contour/humi_2023090903.json
{"header": {"refTime": "2023-09-09T03:00:00.000Z", "nx": 21, "ny": 33, "lo1": 113.509, "la1": 22.2235, "lo2": 113.5947, "la2": 22.1034, "dx": 0.0042850000000001385, "dy": 0.003753125000000024, "parameterCategory": 0, "parameterCategoryName": "Temperature", "parameterNumber": 0}, "z": [[92.48, 92.52, 92.58, 94.18, 94.17, 92.32, 92.44, 92.54, 92.54, 93.32, 93.11, 92.89, 91.05, 90.89, 90.5, 90.4, 89.27, 89.27, 89.27, 89.27], [92.45, 92.49, 92.55, 92.62, 94.15, 94.15, 92.56, 92.8, 92.93, 93.41, 93.08, 92.74, 90.89, 90.73, 90.37, 89.26, 89.26, 89.26, 89.26, 89.26], [92.41, 92.44, 92.5, 92.57, 94.13, 94.13, 94.12, 93.01, 93.74, 93.51, 92.99, 92.48, 90.61, 90.49, 89.26, 89.26, 89.25, 89.25, 89.24, 89.25], [92.36, 92.39, 92.43, 92.5, 92.59, 94.1, 94.1, 94.1, 94.11, 93.43, 92.83, 92.01, 90.15, 90.81, 89.25, 89.25, 89.24, 89.23, 89.23, 89.23], [92.3, 92.32, 92.35, 92.4, 92.47, 94.05, 94.05, 94.08, 94.17, 93.45, 92.82, 90.76, 89.72, 90.56, 89.25, 89.24, 89.22, 89.2, 89.21, 89.22], [92.24, 92.24, 92.26, 92.28, 92.32, 92.38, 93.93, 93.93, 94.1, 94.5, 92.34, 91.27, 90.37, 89.33, 89.28, 89.24, 89.18, 89.16, 89.18, 89.2], [91.45, 92.16, 92.15, 92.15, 92.17, 92.2, 93.02, 93.56, 93.7, 93.91, 94.24, 92.05, 89.57, 89.51, 89.33, 89.24, 89.12, 89.08, 89.0, 89.0], [91.43, 91.42, 91.42, 91.43, 91.45, 92.75, 92.85, 92.76, 92.45, 94.21, 95.78, 92.15, 92.11, 89.5, 89.37, 89.48, 89.26, 89.18, 89.31, 89.39], [91.57, 91.56, 91.38, 91.37, 91.36, 91.4, 91.52, 92.86, 93.59, 93.7, 94.31, 93.28, 92.78, 93.44, 89.4, 89.52, 89.39, 89.34, 89.37, 89.42], [91.0, 91.0, 91.0, 91.47, 91.4, 91.23, 91.35, 91.52, 94.84, 94.56, 92.74, 93.92, 93.54, 93.72, 89.4, 89.56, 89.48, 89.44, 89.44, 89.46], [91.0, 91.0, 91.0, 91.0, 91.0, 91.0, 91.0, 91.0, 91.35, 93.71, 97.0, 94.33, 94.02, 94.0, 89.39, 89.6, 89.54, 89.5, 89.49, 89.5], [91.0, 91.0, 91.0, 91.0, 91.0, 91.0, 91.0, 91.0, 91.0, -999.0, 97.0, 90.0, 90.0, 94.21, 89.38, 89.63, 89.59, 93.55, 93.44, 93.41], [91.0, 91.0, 91.0, 91.0, 91.0, 91.0, 91.0, 91.0, 91.0, 91.0, -999.0, 90.0, 90.0, 94.57, 92.56, 91.91, 91.85, 92.84, 92.7, 92.61], [91.0, 91.0, 91.0, 91.0, 91.0, 91.0, 91.0, 91.0, 91.0, 91.0, -999.0, 97.0, 97.0, 97.0, 93.15, 92.58, 92.45, 93.46, 93.24, 93.08], [91.0, 91.0, 91.0, 91.0, 91.0, 91.0, 91.0, 91.0, 91.0, 91.0, 91.0, 93.31, 97.0, 97.0, 97.0, 93.34, 93.1, 94.02, 93.73, 93.5], [91.0, 91.0, 91.0, 91.0, 91.0, 91.0, 91.0, 91.0, 91.0, 91.0, 94.78, 94.35, 94.93, 95.42, 94.86, 95.17, 94.89, 95.38, 93.56, 93.31], [91.0, 91.0, 91.0, 91.0, 91.0, 91.0, 91.0, 91.0, 91.0, 91.0, 93.58, 94.32, 95.11, 95.83, 95.73, 95.94, 95.57, 95.28, 95.07, 94.93], [91.0, 91.0, 91.0, 91.0, 91.0, 91.0, 91.0, 91.0, 91.0, 92.52, 93.33, 94.23, 95.17, 95.68, 96.81, 96.06, 95.53, 95.19, 94.97, 94.83], [91.0, 91.0, 91.0, 91.0, 91.0, 91.0, 91.0, 91.0, 91.54, 92.17, 93.47, 94.25, 94.45, 95.24, 96.13, 95.74, 95.29, 94.99, 94.81, 94.7], [91.0, 91.0, 93.29, 93.17, 93.03, 92.81, 92.49, 91.66, 92.01, 92.73, 93.5, 94.17, 94.09, 94.56, 95.42, 95.2, 94.91, 94.71, 94.6, 94.55], [93.44, 93.38, 93.31, 92.65, 92.57, 92.45, 92.3, 92.14, 92.87, 93.22, 93.7, 94.16, 93.76, 94.98, 94.87, 94.67, 94.48, 94.38, 94.36, 94.38], [92.86, 92.85, 92.82, 92.8, 92.76, 92.72, 92.69, 92.73, 93.48, 93.68, 93.95, 94.23, 94.75, 94.63, 94.45, 94.21, 94.03, 94.03, 94.13, 94.22], [92.94, 92.94, 92.94, 92.96, 92.97, 93.0, 93.06, 93.16, 93.29, 93.37, 93.36, 93.03, 94.0, 94.38, 94.15, 93.83, 93.51, 93.69, 93.96, 94.12], [93.0, 93.02, 93.04, 93.07, 93.11, 93.19, 93.32, 93.52, 93.76, 93.89, 93.74, 93.76, 94.05, 93.86, 93.67, 93.67, 92.79, 93.72, 93.97, 94.09], [93.05, 93.07, 93.1, 93.15, 93.22, 93.33, 93.49, 93.75, 94.18, 94.53, 94.05, 93.82, 93.53, 93.9, 93.75, 93.63, 93.93, 94.27, 94.07, 94.11], [93.09, 93.12, 93.16, 93.21, 93.29, 93.4, 93.56, 93.8, 94.18, 94.48, 94.14, 93.78, 93.52, 93.96, 93.84, 93.48, 93.65, 93.75, 94.11, 94.14], [93.12, 93.15, 93.19, 93.25, 93.32, 93.41, 93.54, 93.69, 93.85, 93.88, 93.82, 93.63, 93.47, 93.33, 93.39, 93.47, 93.55, 93.6, 93.59, 93.55], [93.14, 93.17, 93.21, 93.26, 93.32, 93.4, 93.47, 93.54, 93.56, 93.59, 93.47, 93.89, 94.04, 94.17, 93.37, 93.43, 93.49, 93.52, 93.52, 93.51], [93.16, 93.19, 93.22, 93.27, 93.31, 93.36, 93.41, 93.43, 93.39, 93.31, 93.25, 93.65, 93.91, 94.08, 93.35, 93.4, 93.44, 93.47, 93.48, 93.48], [93.17, 93.2, 93.23, 93.26, 93.3, 93.33, 93.35, 93.35, 93.78, 93.53, 93.38, 93.63, 93.86, 94.03, 93.33, 93.37, 93.41, 93.43, 93.44, 93.45], [93.17, 93.2, 93.23, 93.25, 93.28, 93.3, 93.32, 93.31, 93.81, 93.69, 93.65, 93.74, 93.89, 94.02, 93.31, 93.35, 93.38, 93.4, 93.42, 93.43], [93.18, 93.2, 93.22, 93.24, 93.27, 93.28, 93.29, 93.95, 93.88, 93.82, 93.8, 93.85, 93.94, 94.03, 93.31, 93.34, 93.36, 93.38, 93.4, 93.41]]}