gis_exercise/awsData/contour/humi_2023090211.json
{"header": {"refTime": "2023-09-02T11:00:00.000Z", "nx": 21, "ny": 33, "lo1": 113.509, "la1": 22.2235, "lo2": 113.5947, "la2": 22.1034, "dx": 0.0042850000000001385, "dy": 0.003753125000000024, "parameterCategory": 0, "parameterCategoryName": "Temperature", "parameterNumber": 0}, "z": [[93.11, 93.14, 93.19, 95.03, 94.98, 92.84, 92.9, 92.94, 92.91, 93.51, 93.32, 93.12, 91.53, 91.41, 91.08, 91.05, 90.52, 90.56, 90.59, 90.61], [93.08, 93.12, 93.17, 93.23, 94.97, 94.9, 93.01, 93.15, 93.21, 93.58, 93.28, 92.97, 91.36, 91.23, 90.94, 90.45, 90.52, 90.57, 90.61, 90.63], [93.04, 93.08, 93.13, 93.2, 94.98, 94.9, 94.78, 93.32, 93.81, 93.65, 93.2, 92.69, 91.06, 90.98, 90.34, 90.45, 90.54, 90.6, 90.63, 90.65], [93.0, 93.03, 93.08, 93.15, 93.23, 94.94, 94.85, 94.68, 94.54, 93.63, 93.06, 92.22, 90.55, 91.46, 90.3, 90.47, 90.57, 90.64, 90.67, 90.69], [92.95, 92.97, 93.01, 93.07, 93.16, 95.0, 94.96, 94.93, 94.98, 93.74, 93.1, 91.34, 89.99, 91.15, 90.32, 90.52, 90.64, 90.7, 90.72, 90.72], [92.88, 92.9, 92.93, 92.97, 93.05, 93.17, 95.03, 95.05, 95.22, 95.57, 93.27, 92.03, 90.92, 90.0, 90.45, 90.63, 90.75, 90.8, 90.78, 90.76], [92.34, 92.81, 92.81, 92.84, 92.91, 93.04, 94.26, 94.95, 95.12, 95.45, 95.69, 93.19, 90.71, 90.53, 90.65, 90.74, 90.86, 90.91, 90.63, 90.5], [92.28, 92.27, 92.26, 92.28, 92.35, 93.77, 94.05, 94.29, 94.34, 95.7, 96.98, 93.84, 93.81, 90.49, 91.37, 91.48, 91.26, 91.18, 91.31, 91.39], [92.72, 92.67, 92.14, 92.1, 92.08, 92.19, 92.56, 94.16, 95.27, 95.28, 95.69, 94.81, 94.38, 94.95, 91.4, 91.52, 91.39, 91.34, 91.37, 91.42], [91.0, 91.0, 91.0, 92.4, 92.21, 91.68, 92.05, 92.56, 96.27, 96.05, 94.35, 95.36, 95.04, 95.19, 91.4, 91.56, 91.48, 91.44, 91.44, 91.46], [91.0, 91.0, 91.0, 91.0, 91.0, 91.0, 91.0, 91.0, 92.06, 95.37, 98.0, 95.71, 95.44, 95.43, 91.39, 91.6, 91.54, 91.5, 91.49, 91.5], [91.0, 91.0, 91.0, 91.0, 91.0, 91.0, 91.0, 91.0, 91.0, -999.0, 98.0, 92.0, 92.0, 95.61, 91.38, 91.63, 91.59, 95.55, 95.44, 95.41], [91.0, 91.0, 91.0, 91.0, 91.0, 91.0, 91.0, 91.0, 91.0, 91.0, -999.0, 92.0, 92.0, 96.57, 94.56, 93.91, 93.85, 94.84, 94.7, 94.61], [91.0, 91.0, 91.0, 91.0, 91.0, 91.0, 91.0, 91.0, 91.0, 91.0, -999.0, 99.0, 99.0, 99.0, 95.15, 94.58, 94.45, 95.46, 95.24, 95.08], [91.0, 91.0, 91.0, 91.0, 91.0, 91.0, 91.0, 94.0, 94.0, 94.0, 94.0, 95.92, 99.0, 99.0, 99.0, 95.34, 95.1, 96.02, 95.73, 95.5], [91.0, 91.0, 92.89, 92.92, 92.98, 94.0, 94.0, 94.0, 94.0, 94.0, 97.15, 96.79, 97.27, 97.68, 97.22, 97.9, 97.73, 98.03, 96.11, 95.9], [92.93, 92.94, 92.06, 92.11, 94.0, 94.0, 94.0, 94.0, 94.0, 94.0, 96.15, 96.77, 97.42, 98.02, 98.07, 98.25, 97.99, 97.78, 97.63, 97.53], [92.07, 92.11, 92.16, 92.24, 94.0, 94.0, 94.0, 94.0, 94.0, 95.27, 95.94, 96.69, 97.47, 98.02, 98.86, 98.34, 97.96, 97.72, 97.56, 97.46], [92.13, 92.18, 92.25, 94.0, 94.0, 94.0, 94.0, 94.0, 94.45, 94.97, 95.81, 96.45, 97.09, 97.71, 98.39, 98.11, 97.8, 97.58, 97.45, 97.37], [92.17, 92.22, 95.14, 95.09, 95.01, 94.91, 94.75, 94.33, 94.69, 95.21, 95.79, 96.33, 96.84, 97.23, 97.89, 97.74, 97.54, 97.39, 97.3, 97.26], [95.22, 95.19, 95.15, 94.83, 94.79, 94.73, 94.65, 94.57, 95.25, 95.5, 95.87, 96.26, 96.62, 97.58, 97.51, 97.38, 97.24, 97.16, 97.13, 97.14], [94.93, 94.92, 94.91, 94.9, 94.88, 94.86, 94.84, 94.69, 95.59, 95.74, 95.96, 96.21, 97.06, 97.34, 97.22, 97.07, 96.95, 96.93, 96.97, 97.02], [94.97, 94.97, 94.97, 94.73, 94.75, 94.77, 94.82, 94.88, 94.95, 94.99, 94.97, 95.41, 96.3, 97.16, 97.02, 96.83, 96.65, 96.71, 96.84, 96.94], [94.71, 94.72, 94.74, 94.76, 94.8, 94.85, 94.93, 95.05, 95.2, 95.27, 95.16, 95.5, 96.29, 96.34, 96.37, 96.71, 96.3, 96.65, 96.8, 96.89], [94.72, 94.74, 94.76, 94.79, 94.83, 94.89, 94.99, 95.16, 95.44, 95.67, 95.32, 95.46, 95.43, 96.34, 96.38, 96.43, 96.72, 96.82, 96.82, 96.88], [94.73, 94.75, 94.77, 94.79, 94.84, 94.9, 94.99, 95.14, 95.4, 95.61, 95.5, 95.36, 95.34, 96.34, 96.39, 96.14, 96.3, 96.36, 96.85, 96.9], [94.73, 94.75, 94.77, 94.79, 94.82, 94.87, 94.93, 95.01, 95.1, 95.1, 95.2, 95.16, 95.2, 95.61, 95.83, 96.01, 96.14, 96.19, 96.18, 96.14], [94.73, 94.74, 94.76, 94.78, 94.8, 94.82, 94.85, 94.85, 94.81, 94.89, 94.78, 95.03, 95.25, 95.47, 95.69, 95.87, 95.99, 96.06, 96.07, 96.06], [94.73, 94.74, 94.75, 94.76, 94.77, 94.77, 94.77, 94.73, 94.62, 94.53, 94.29, 94.76, 95.1, 95.35, 95.57, 95.74, 95.86, 95.94, 95.98, 95.99], [94.72, 94.73, 94.74, 94.74, 94.74, 94.73, 94.71, 94.65, 94.9, 94.61, 94.44, 94.75, 95.05, 95.28, 95.48, 95.65, 95.76, 95.84, 95.89, 95.91], [94.72, 94.72, 94.72, 94.72, 94.72, 94.7, 94.67, 94.62, 94.95, 94.81, 94.77, 94.89, 95.08, 95.27, 95.43, 95.58, 95.69, 95.77, 95.82, 95.85], [94.71, 94.71, 94.71, 94.71, 94.7, 94.68, 94.66, 95.12, 95.04, 94.97, 94.96, 95.03, 95.15, 95.28, 95.41, 95.53, 95.63, 95.71, 95.76, 95.8]]}