gis_exercise/awsData/contour/humi_2023090809.json
{"header": {"refTime": "2023-09-08T09:00:00.000Z", "nx": 21, "ny": 33, "lo1": 113.509, "la1": 22.2235, "lo2": 113.5947, "la2": 22.1034, "dx": 0.0042850000000001385, "dy": 0.003753125000000024, "parameterCategory": 0, "parameterCategoryName": "Temperature", "parameterNumber": 0}, "z": [[98.39, 98.4, 98.42, 98.96, 98.96, 97.81, 97.89, 97.95, 97.94, 98.18, 97.99, 97.79, 96.93, 96.82, 96.49, 96.44, 95.89, 95.91, 95.93, 95.94], [98.38, 98.39, 98.41, 98.44, 98.96, 98.96, 97.98, 98.14, 98.23, 98.3, 97.98, 97.69, 96.79, 96.69, 96.38, 95.86, 95.89, 95.91, 95.93, 95.94], [98.36, 98.38, 98.39, 98.42, 98.94, 98.95, 98.96, 98.3, 98.81, 98.4, 97.91, 97.48, 96.56, 96.49, 95.8, 95.85, 95.89, 95.92, 95.94, 95.95], [98.35, 98.35, 98.37, 98.39, 98.42, 98.93, 98.94, 98.97, 98.99, 98.28, 97.74, 97.11, 96.16, 96.44, 95.78, 95.86, 95.91, 95.93, 95.95, 95.96], [98.33, 98.33, 98.34, 98.35, 98.37, 98.9, 98.9, 98.92, 98.96, 98.15, 97.65, 96.37, 95.58, 96.27, 95.79, 95.88, 95.93, 95.95, 95.96, 95.97], [98.31, 98.31, 98.31, 98.31, 98.32, 98.33, 98.84, 98.83, 98.9, 99.05, 97.46, 96.77, 96.13, 95.67, 95.87, 95.93, 95.97, 95.98, 95.98, 95.98], [98.0, 98.28, 98.27, 98.27, 98.27, 98.26, 98.51, 98.66, 98.71, 98.73, 98.85, 97.46, 96.14, 96.02, 95.99, 95.99, 95.99, 96.0, 95.82, 95.75], [98.0, 98.0, 98.0, 98.0, 98.0, 98.45, 98.45, 98.36, 98.17, 98.85, 99.49, 97.92, 97.9, 95.99, 96.37, 96.48, 96.26, 96.18, 96.31, 96.39], [98.0, 98.0, 98.0, 98.0, 98.0, 98.0, 98.0, 98.44, 98.64, 98.64, 98.85, 98.41, 98.19, 98.48, 96.4, 96.52, 96.39, 96.34, 96.37, 96.42], [98.0, 98.0, 98.0, 98.0, 98.0, 98.0, 98.0, 98.0, 99.14, 99.03, 98.18, 98.68, 98.52, 98.6, 96.4, 96.56, 96.48, 96.44, 96.44, 96.46], [98.0, 98.0, 98.0, 98.0, 98.0, 98.0, 98.0, 98.0, 98.0, 98.68, 100.0, 98.86, 98.72, 98.71, 96.39, 96.6, 96.54, 96.5, 96.49, 96.5], [98.0, 98.0, 98.0, 98.0, 98.0, 98.0, 98.0, 98.0, 98.0, -999.0, 100.0, 97.0, 97.0, 98.81, 96.38, 96.63, 96.59, 98.27, 98.22, 98.2], [98.0, 98.0, 98.0, 98.0, 98.0, 98.0, 98.0, 98.0, 98.0, 98.0, -999.0, 97.0, 97.0, 98.96, 98.1, 97.46, 97.43, 97.92, 97.85, 97.81], [98.0, 98.0, 98.0, 98.0, 98.0, 98.0, 98.0, 98.0, 98.0, 98.0, -999.0, 100.0, 100.0, 100.0, 98.35, 97.79, 97.73, 98.23, 98.12, 98.04], [98.0, 98.0, 98.0, 98.0, 98.0, 98.0, 98.0, 97.0, 97.0, 97.0, 97.0, 98.15, 100.0, 100.0, 100.0, 98.17, 98.05, 98.51, 98.37, 98.25], [98.0, 98.0, 97.37, 97.36, 97.34, 97.0, 97.0, 97.0, 97.0, 97.0, 98.89, 98.67, 98.96, 99.21, 98.93, 99.27, 99.16, 99.35, 98.42, 98.3], [97.36, 97.35, 97.65, 97.63, 97.0, 97.0, 97.0, 97.0, 97.0, 97.0, 98.29, 98.66, 99.05, 99.41, 99.42, 99.55, 99.39, 99.26, 99.18, 99.11], [97.64, 97.63, 97.61, 97.59, 97.0, 97.0, 97.0, 97.0, 97.0, 97.76, 98.16, 98.61, 99.08, 99.39, 99.92, 99.6, 99.37, 99.23, 99.13, 99.07], [97.62, 97.61, 97.58, 97.0, 97.0, 97.0, 97.0, 97.0, 97.27, 97.58, 98.24, 98.63, 98.82, 99.2, 99.63, 99.46, 99.27, 99.14, 99.07, 99.02], [97.61, 97.59, 98.14, 98.09, 98.01, 97.91, 97.75, 97.33, 97.5, 97.86, 98.25, 98.58, 98.66, 98.89, 99.33, 99.23, 99.11, 99.02, 98.97, 98.95], [98.22, 98.19, 98.15, 97.83, 97.79, 97.73, 97.65, 97.57, 97.94, 98.11, 98.35, 98.58, 98.52, 99.14, 99.1, 99.01, 98.93, 98.88, 98.87, 98.88], [97.93, 97.92, 97.91, 97.9, 97.88, 97.86, 97.84, 97.87, 98.24, 98.34, 98.47, 98.61, 99.04, 98.99, 98.92, 98.82, 98.74, 98.74, 98.77, 98.81], [97.97, 97.97, 97.97, 97.98, 97.99, 98.0, 98.03, 98.08, 98.14, 98.19, 98.18, 98.15, 98.67, 98.89, 98.79, 98.66, 98.54, 98.6, 98.7, 98.76], [98.0, 98.01, 98.02, 98.03, 98.06, 98.1, 98.16, 98.26, 98.38, 98.44, 98.37, 98.5, 98.68, 98.62, 98.56, 98.59, 98.27, 98.59, 98.69, 98.74], [98.02, 98.04, 98.05, 98.08, 98.11, 98.16, 98.25, 98.38, 98.59, 98.77, 98.52, 98.52, 98.41, 98.63, 98.58, 98.54, 98.66, 98.77, 98.72, 98.75], [98.04, 98.06, 98.08, 98.11, 98.14, 98.2, 98.28, 98.4, 98.59, 98.74, 98.63, 98.49, 98.4, 98.65, 98.61, 98.44, 98.51, 98.55, 98.74, 98.76], [98.06, 98.08, 98.1, 98.12, 98.16, 98.21, 98.27, 98.34, 98.42, 98.44, 98.47, 98.4, 98.36, 98.32, 98.37, 98.42, 98.46, 98.48, 98.48, 98.46], [98.07, 98.09, 98.11, 98.13, 98.16, 98.2, 98.24, 98.27, 98.28, 98.35, 98.29, 98.44, 98.52, 98.59, 98.35, 98.39, 98.42, 98.44, 98.45, 98.44], [98.08, 98.09, 98.11, 98.13, 98.16, 98.18, 98.2, 98.21, 98.19, 98.19, 98.12, 98.32, 98.45, 98.54, 98.32, 98.36, 98.39, 98.41, 98.42, 98.42], [98.08, 98.1, 98.11, 98.13, 98.15, 98.17, 98.18, 98.18, 98.39, 98.26, 98.19, 98.31, 98.43, 98.52, 98.3, 98.34, 98.37, 98.39, 98.4, 98.4], [98.09, 98.1, 98.11, 98.13, 98.14, 98.15, 98.16, 98.16, 98.41, 98.35, 98.32, 98.37, 98.44, 98.51, 98.29, 98.33, 98.35, 98.37, 98.38, 98.39], [98.09, 98.1, 98.11, 98.12, 98.13, 98.14, 98.15, 98.48, 98.44, 98.41, 98.4, 98.43, 98.47, 98.52, 98.29, 98.32, 98.34, 98.35, 98.37, 98.37]]}