gis_exercise/awsData/contour/humi_2023091215.json
{"header": {"refTime": "2023-09-12T15:00:00.000Z", "nx": 21, "ny": 33, "lo1": 113.509, "la1": 22.2235, "lo2": 113.5947, "la2": 22.1034, "dx": 0.0042850000000001385, "dy": 0.003753125000000024, "parameterCategory": 0, "parameterCategoryName": "Temperature", "parameterNumber": 0}, "z": [[77.94, 77.93, 77.92, 78.92, 78.82, 77.31, 77.25, 77.19, 77.12, 77.27, 77.24, 77.19, 75.48, 75.4, 77.6, 77.82, 77.22, 77.39, 77.51, 77.6], [77.95, 77.94, 77.93, 77.91, 78.83, 78.68, 77.27, 77.18, 77.1, 77.23, 77.2, 77.12, 75.43, 75.34, 77.56, 77.05, 77.32, 77.53, 77.67, 77.75], [77.96, 77.96, 77.95, 77.94, 78.89, 78.73, 78.47, 77.19, 77.03, 77.2, 77.17, 77.0, 75.33, 75.25, 76.72, 77.12, 77.48, 77.75, 77.9, 77.95], [77.97, 77.97, 77.97, 77.98, 77.97, 78.86, 78.65, 78.3, 77.97, 77.31, 77.18, 76.79, 75.19, 75.95, 76.68, 77.26, 77.76, 78.08, 78.21, 78.2], [77.97, 77.98, 77.99, 78.01, 78.04, 79.05, 78.97, 78.86, 78.83, 77.6, 77.33, 75.98, 75.38, 75.8, 76.71, 77.52, 78.22, 78.61, 78.65, 78.51], [77.97, 77.98, 78.0, 78.04, 78.1, 78.18, 79.28, 79.34, 79.43, 79.58, 77.03, 76.25, 75.68, 74.67, 76.85, 77.93, 79.0, 79.45, 79.2, 78.83], [78.34, 77.97, 77.99, 78.03, 78.11, 78.26, 79.5, 79.68, 79.82, 79.29, 79.02, 76.58, 74.43, 74.49, 77.0, 78.34, 80.08, 80.73, 80.71, 80.27], [78.28, 78.27, 78.26, 78.28, 78.35, 79.09, 79.38, 79.74, 79.76, 79.53, 80.1, 76.15, 76.11, 74.5, 79.02, 78.16, 79.9, 80.53, 79.54, 78.87], [78.72, 78.67, 78.14, 78.1, 78.08, 78.19, 78.56, 79.5, 80.32, 79.14, 78.31, 77.28, 76.78, 77.44, 78.81, 77.83, 78.85, 79.28, 79.03, 78.65], [77.0, 77.0, 77.0, 78.4, 78.21, 77.68, 78.05, 78.56, 80.57, 80.51, 76.74, 77.92, 77.54, 77.72, 78.81, 77.5, 78.14, 78.49, 78.5, 78.34], [77.0, 77.0, 77.0, 77.0, 77.0, 77.0, 77.0, 77.0, 78.06, 80.34, 81.0, 78.33, 78.02, 78.0, 78.89, 77.24, 77.71, 77.98, 78.05, 77.99], [77.0, 77.0, 77.0, 77.0, 77.0, 77.0, 77.0, 77.0, 77.0, -999.0, 81.0, 74.0, 74.0, 78.21, 78.98, 76.96, 77.25, 83.14, 83.11, 83.1], [77.0, 77.0, 77.0, 77.0, 77.0, 77.0, 77.0, 77.0, 77.0, 77.0, -999.0, 74.0, 74.0, 80.53, 77.66, 82.73, 82.71, 82.96, 82.92, 82.9], [77.0, 77.0, 77.0, 77.0, 77.0, 77.0, 77.0, 77.0, 77.0, 77.0, -999.0, 84.0, 84.0, 84.0, 78.5, 82.89, 82.86, 83.11, 83.06, 83.02], [77.0, 77.0, 77.0, 77.0, 77.0, 77.0, 77.0, 77.0, 77.0, 77.0, 77.0, 79.69, 84.0, 84.0, 84.0, 83.08, 83.02, 83.26, 83.18, 83.12], [77.0, 77.0, 77.0, 77.0, 77.0, 77.0, 77.0, 77.0, 77.0, 77.0, 81.4, 80.91, 81.58, 82.15, 81.51, 84.37, 84.42, 84.32, 83.76, 83.73], [77.0, 77.0, 77.0, 77.0, 77.0, 77.0, 77.0, 77.0, 77.0, 77.0, 80.01, 80.88, 81.79, 82.63, 83.28, 83.59, 83.45, 83.33, 83.24, 83.17], [77.0, 77.0, 77.0, 77.0, 77.0, 77.0, 77.0, 77.0, 77.0, 78.78, 79.72, 80.77, 81.86, 83.19, 83.9, 83.64, 83.44, 83.3, 83.2, 83.13], [77.0, 77.0, 77.0, 77.0, 77.0, 77.0, 77.0, 77.0, 77.63, 78.36, 80.13, 81.05, 82.26, 82.98, 83.68, 83.53, 83.37, 83.24, 83.15, 83.09], [77.0, 77.0, 80.43, 80.26, 80.04, 79.72, 79.24, 77.99, 78.32, 79.25, 80.22, 81.0, 82.13, 82.71, 83.43, 83.36, 83.25, 83.16, 83.08, 83.02], [80.66, 80.57, 80.46, 79.48, 79.36, 79.18, 78.95, 78.71, 79.5, 79.94, 80.53, 81.07, 82.1, 83.27, 83.26, 83.22, 83.15, 83.07, 83.0, 82.94], [79.8, 79.77, 79.74, 79.7, 79.64, 79.59, 79.53, 79.25, 80.37, 80.63, 80.94, 81.24, 83.99, 83.15, 83.14, 83.14, 83.11, 83.01, 82.9, 82.85], [79.9, 79.9, 79.91, 79.44, 79.48, 79.55, 79.67, 79.84, 80.05, 80.17, 80.12, 81.76, 82.78, 83.06, 83.06, 83.13, 83.27, 82.99, 82.76, 82.73], [79.43, 79.46, 79.5, 79.56, 79.65, 79.79, 80.01, 80.35, 80.78, 80.98, 80.7, 82.24, 82.77, 82.76, 82.78, 83.04, 83.92, 82.52, 82.48, 82.59], [79.47, 79.51, 79.57, 79.65, 79.76, 79.94, 80.23, 80.69, 81.46, 82.11, 81.17, 82.09, 82.18, 82.71, 82.68, 82.62, 82.21, 81.55, 82.25, 82.49], [79.5, 79.55, 79.61, 79.69, 79.81, 79.99, 80.26, 80.68, 81.39, 81.96, 81.99, 81.78, 81.89, 82.68, 82.6, 81.72, 81.69, 81.59, 82.31, 82.48], [79.53, 79.57, 79.63, 79.71, 79.81, 79.94, 80.13, 80.37, 80.62, 80.64, 81.26, 81.25, 81.48, 80.88, 81.23, 81.45, 81.54, 81.56, 81.57, 81.57], [79.54, 79.58, 79.63, 79.69, 79.76, 79.84, 79.93, 79.98, 79.91, 80.43, 80.17, 79.78, 79.95, 80.06, 80.97, 81.22, 81.36, 81.43, 81.47, 81.48], [79.54, 79.57, 79.61, 79.65, 79.7, 79.73, 79.74, 79.66, 79.43, 79.49, 78.51, 79.27, 79.69, 79.91, 80.75, 81.02, 81.19, 81.29, 81.35, 81.38], [79.53, 79.56, 79.58, 79.61, 79.63, 79.63, 79.59, 79.48, 79.59, 79.07, 78.74, 79.2, 79.59, 79.82, 80.6, 80.86, 81.04, 81.16, 81.24, 81.29], [79.52, 79.54, 79.56, 79.57, 79.58, 79.56, 79.51, 79.4, 79.63, 79.36, 79.25, 79.4, 79.62, 79.8, 80.51, 80.75, 80.93, 81.05, 81.14, 81.2], [79.51, 79.52, 79.53, 79.54, 79.53, 79.51, 79.46, 79.88, 79.72, 79.58, 79.53, 79.59, 79.71, 79.82, 80.48, 80.69, 80.85, 80.97, 81.06, 81.12]]}