gis_exercise/awsData/contour/humi_2023090318.json
{"header": {"refTime": "2023-09-03T18:00:00.000Z", "nx": 21, "ny": 33, "lo1": 113.509, "la1": 22.2235, "lo2": 113.5947, "la2": 22.1034, "dx": 0.0042850000000001385, "dy": 0.003753125000000024, "parameterCategory": 0, "parameterCategoryName": "Temperature", "parameterNumber": 0}, "z": [[69.81, 69.86, 69.92, 71.0, 71.0, 70.77, 70.78, 70.79, 70.78, 70.69, 70.61, 70.54, 70.84, 70.84, 72.02, 72.22, 72.67, 72.81, 72.91, 72.98], [69.77, 69.82, 69.89, 69.97, 71.0, 71.0, 70.8, 70.83, 70.84, 70.74, 70.62, 70.51, 70.8, 70.8, 72.0, 72.51, 72.73, 72.91, 73.02, 73.09], [69.73, 69.78, 69.84, 69.93, 71.0, 71.0, 71.0, 70.86, 70.96, 70.78, 70.59, 70.44, 70.73, 70.74, 72.21, 72.55, 72.85, 73.06, 73.18, 73.23], [69.67, 69.71, 69.78, 69.86, 69.98, 71.0, 71.0, 71.0, 71.0, 70.72, 70.52, 70.34, 70.58, 70.57, 72.16, 72.65, 73.05, 73.3, 73.41, 73.42], [69.6, 69.63, 69.68, 69.77, 69.88, 71.0, 71.0, 71.0, 71.0, 70.43, 70.42, 70.75, 70.2, 70.51, 72.19, 72.86, 73.39, 73.68, 73.72, 73.64], [69.51, 69.53, 69.57, 69.63, 69.74, 69.89, 71.0, 71.0, 71.0, 71.0, 71.19, 70.69, 70.47, 70.67, 72.39, 73.2, 73.95, 74.27, 74.11, 73.86], [68.79, 69.41, 69.42, 69.46, 69.55, 69.72, 69.01, 71.0, 71.0, 71.51, 71.4, 70.93, 71.14, 71.02, 72.65, 73.55, 74.71, 75.15, 74.89, 74.51], [68.71, 68.69, 68.68, 68.7, 68.79, 69.04, 69.53, 69.86, 71.12, 71.47, 71.43, 72.0, 72.0, 70.99, 74.51, 74.08, 74.95, 75.27, 74.77, 74.44], [69.29, 69.23, 68.52, 68.46, 68.44, 68.59, 69.08, 69.78, 71.0, 71.53, 72.0, 72.0, 72.0, 72.0, 74.41, 73.92, 74.43, 74.64, 74.52, 74.33], [67.0, 67.0, 67.0, 68.87, 68.61, 67.91, 68.39, 69.08, 71.0, 71.0, 72.0, 72.0, 72.0, 72.0, 74.4, 73.75, 74.07, 74.24, 74.25, 74.17], [67.0, 67.0, 67.0, 67.0, 67.0, 67.0, 67.0, 67.0, 68.42, 71.0, -999.0, 72.0, 72.0, 72.0, 74.45, 73.62, 73.85, 73.99, 74.02, 74.0], [67.0, 67.0, 67.0, 67.0, 67.0, 67.0, 67.0, 67.0, 67.0, -999.0, -999.0, 72.0, 72.0, 72.0, 74.49, 73.48, 73.62, 77.71, 77.66, 77.65], [67.0, 67.0, 67.0, 67.0, 67.0, 67.0, 67.0, 67.0, 67.0, 67.0, -999.0, 72.0, 72.0, 76.57, 74.56, 77.09, 77.07, 77.44, 77.39, 77.35], [67.0, 67.0, 67.0, 67.0, 67.0, 67.0, 67.0, 67.0, 67.0, 67.0, -999.0, 79.0, 79.0, 79.0, 75.15, 77.34, 77.29, 77.67, 77.59, 77.53], [67.0, 67.0, 67.0, 67.0, 67.0, 67.0, 67.0, 72.0, 72.0, 72.0, 72.0, 74.69, 79.0, 79.0, 79.0, 77.63, 77.54, 77.88, 77.78, 77.69], [67.0, 67.0, 70.15, 70.2, 70.3, 72.0, 72.0, 72.0, 72.0, 72.0, 76.4, 75.91, 76.58, 77.15, 76.51, 79.73, 79.84, 79.65, 78.77, 78.75], [70.21, 70.24, 68.76, 68.85, 72.0, 72.0, 72.0, 72.0, 72.0, 72.0, 75.01, 75.88, 76.79, 77.63, 78.39, 79.73, 79.99, 80.2, 80.35, 80.45], [68.78, 68.84, 68.93, 69.06, 72.0, 72.0, 72.0, 72.0, 72.0, 73.78, 74.72, 75.77, 76.86, 78.3, 78.92, 79.65, 80.02, 80.26, 80.41, 80.52], [68.88, 68.96, 69.08, 72.0, 72.0, 72.0, 72.0, 72.0, 72.63, 73.36, 74.76, 75.66, 77.44, 78.13, 79.6, 79.86, 80.17, 80.38, 80.52, 80.61], [68.95, 69.03, 74.29, 74.17, 74.03, 73.81, 73.49, 72.66, 73.1, 73.9, 74.78, 75.54, 77.36, 77.94, 80.07, 80.22, 80.42, 80.57, 80.66, 80.72], [74.44, 74.38, 74.31, 73.65, 73.57, 73.45, 73.3, 73.14, 74.03, 74.41, 74.96, 75.5, 77.37, 80.37, 80.43, 80.56, 80.68, 80.78, 80.82, 80.84], [73.86, 73.85, 73.82, 73.8, 73.76, 73.72, 73.69, 73.56, 74.65, 74.88, 75.19, 75.52, 78.66, 80.61, 80.7, 80.82, 80.93, 80.98, 80.99, 80.96], [73.94, 73.94, 73.94, 73.71, 73.73, 73.78, 73.85, 73.96, 74.1, 74.18, 74.15, 76.14, 79.45, 80.78, 80.89, 81.02, 81.11, 81.16, 81.14, 81.07], [73.71, 73.73, 73.76, 73.8, 73.85, 73.94, 74.09, 74.31, 74.58, 74.71, 74.54, 76.48, 79.32, 79.92, 80.43, 81.14, 81.15, 81.38, 81.27, 81.16], [73.75, 73.77, 73.81, 73.86, 73.94, 74.05, 74.24, 74.53, 75.03, 75.44, 74.85, 76.26, 76.66, 79.86, 80.4, 80.85, 81.43, 81.59, 81.34, 81.2], [73.77, 73.8, 73.84, 73.9, 73.98, 74.09, 74.27, 74.54, 74.99, 75.35, 75.85, 76.0, 76.36, 79.77, 80.29, 80.23, 80.67, 80.81, 81.29, 81.19], [73.79, 73.82, 73.86, 73.91, 73.98, 74.08, 74.2, 74.36, 74.52, 74.54, 75.44, 75.61, 76.01, 78.47, 79.19, 79.77, 80.16, 80.32, 80.3, 80.19], [73.8, 73.83, 73.87, 73.91, 73.96, 74.02, 74.08, 74.12, 74.1, 74.85, 74.7, 75.21, 75.85, 76.51, 78.72, 79.3, 79.69, 79.89, 79.96, 79.94], [73.81, 73.83, 73.86, 73.89, 73.93, 73.96, 73.97, 73.94, 73.81, 74.17, 73.61, 74.68, 75.52, 76.22, 78.31, 78.89, 79.28, 79.52, 79.64, 79.68], [73.81, 73.83, 73.85, 73.87, 73.89, 73.9, 73.89, 73.83, 74.88, 74.3, 73.95, 74.67, 75.42, 76.06, 78.01, 78.56, 78.95, 79.21, 79.37, 79.45], [73.8, 73.82, 73.84, 73.85, 73.86, 73.86, 73.83, 73.78, 75.04, 74.76, 74.7, 75.02, 75.52, 76.02, 77.84, 78.33, 78.7, 78.96, 79.14, 79.25], [73.8, 73.81, 73.82, 73.83, 73.83, 73.83, 73.8, 75.43, 75.27, 75.14, 75.15, 75.35, 75.68, 76.05, 77.77, 78.19, 78.52, 78.77, 78.95, 79.07]]}