gis_exercise/awsData/contour/humi_2023091311.json
{"header": {"refTime": "2023-09-13T11:00:00.000Z", "nx": 21, "ny": 33, "lo1": 113.509, "la1": 22.2235, "lo2": 113.5947, "la2": 22.1034, "dx": 0.0042850000000001385, "dy": 0.003753125000000024, "parameterCategory": 0, "parameterCategoryName": "Temperature", "parameterNumber": 0}, "z": [[87.49, 87.55, 87.61, 88.96, 88.96, 87.35, 87.45, 87.53, 87.51, 87.68, 87.38, 87.08, 85.18, 84.97, 85.66, 85.65, 84.07, 84.14, 84.19, 84.23], [87.46, 87.51, 87.58, 87.67, 88.96, 88.96, 87.58, 87.8, 87.91, 87.87, 87.37, 86.92, 84.99, 84.77, 85.5, 83.99, 84.11, 84.2, 84.26, 84.29], [87.41, 87.46, 87.53, 87.62, 88.94, 88.95, 88.96, 88.03, 88.74, 88.03, 87.26, 86.61, 84.66, 84.5, 83.85, 84.02, 84.17, 84.28, 84.35, 84.37], [87.35, 87.39, 87.45, 87.54, 87.65, 88.93, 88.94, 88.97, 88.99, 87.82, 87.0, 86.06, 84.15, 84.38, 83.83, 84.08, 84.28, 84.42, 84.47, 84.47], [87.27, 87.3, 87.35, 87.43, 87.53, 88.9, 88.9, 88.92, 88.96, 87.58, 86.83, 84.37, 83.55, 84.18, 83.84, 84.18, 84.48, 84.63, 84.65, 84.6], [87.19, 87.2, 87.23, 87.29, 87.37, 87.5, 88.84, 88.83, 88.9, 89.05, 85.69, 84.76, 84.03, 83.0, 83.91, 84.36, 84.79, 84.97, 84.88, 84.73], [86.34, 87.09, 87.09, 87.11, 87.18, 87.3, 87.75, 88.66, 88.71, 87.94, 87.83, 85.32, 83.0, 83.0, 84.0, 84.54, 85.23, 85.49, 85.45, 85.26], [86.28, 86.27, 86.26, 86.28, 86.35, 87.32, 87.6, 87.92, 87.94, 88.2, 89.02, 85.15, 85.11, 83.0, 84.88, 84.56, 85.21, 85.45, 85.08, 84.83], [86.72, 86.67, 86.14, 86.1, 86.08, 86.19, 86.56, 87.72, 88.64, 87.78, 87.31, 86.28, 85.78, 86.44, 84.81, 84.44, 84.82, 84.98, 84.89, 84.74], [85.0, 85.0, 85.0, 86.4, 86.21, 85.68, 86.05, 86.56, 89.14, 89.03, 85.74, 86.92, 86.54, 86.72, 84.8, 84.31, 84.55, 84.68, 84.69, 84.63], [85.0, 85.0, 85.0, 85.0, 85.0, 85.0, 85.0, 85.0, 86.06, 88.68, 90.0, 87.33, 87.02, 87.0, 84.83, 84.21, 84.39, 84.49, 84.52, 84.5], [85.0, 85.0, 85.0, 85.0, 85.0, 85.0, 85.0, 85.0, 85.0, -999.0, 90.0, 83.0, 83.0, 87.21, 84.87, 84.11, 84.22, 86.0, 86.0, 86.0], [85.0, 85.0, 85.0, 85.0, 85.0, 85.0, 85.0, 85.0, 85.0, 85.0, -999.0, 83.0, 83.0, 84.96, 84.1, 86.0, 86.0, 86.0, 86.0, 86.0], [85.0, 85.0, 85.0, 85.0, 85.0, 85.0, 85.0, 85.0, 85.0, 85.0, -999.0, 86.0, 86.0, 86.0, 84.35, 86.0, 86.0, 86.0, 86.0, 86.0], [85.0, 85.0, 85.0, 85.0, 85.0, 85.0, 85.0, 81.0, 81.0, 81.0, 81.0, 82.92, 86.0, 86.0, 86.0, 86.0, 86.0, 86.0, 86.0, 86.0], [85.0, 85.0, 82.48, 82.44, 82.36, 81.0, 81.0, 81.0, 81.0, 81.0, 84.15, 83.79, 84.27, 84.68, 84.22, 86.73, 86.84, 86.65, 86.55, 86.58], [82.43, 82.41, 83.59, 83.52, 81.0, 81.0, 81.0, 81.0, 81.0, 81.0, 83.15, 83.77, 84.42, 85.02, 85.63, 85.75, 85.66, 85.58, 85.52, 85.47], [83.57, 83.52, 83.45, 83.35, 81.0, 81.0, 81.0, 81.0, 81.0, 82.27, 82.94, 83.69, 84.47, 85.56, 85.95, 85.78, 85.66, 85.57, 85.5, 85.45], [83.49, 83.43, 83.34, 81.0, 81.0, 81.0, 81.0, 81.0, 81.45, 81.97, 83.18, 83.84, 84.99, 85.47, 85.81, 85.72, 85.62, 85.54, 85.47, 85.42], [83.44, 83.37, 83.29, 83.17, 83.03, 82.81, 82.49, 81.66, 81.91, 82.56, 83.23, 83.79, 84.95, 85.37, 85.67, 85.63, 85.56, 85.5, 85.43, 85.38], [83.44, 83.38, 83.31, 82.65, 82.57, 82.45, 82.3, 82.14, 82.72, 83.02, 83.44, 83.83, 84.99, 85.57, 85.58, 85.57, 85.53, 85.46, 85.38, 85.33], [82.86, 82.85, 82.82, 82.8, 82.76, 82.72, 82.69, 82.56, 83.31, 83.48, 83.71, 83.93, 86.31, 85.51, 85.53, 85.57, 85.57, 85.46, 85.32, 85.25], [82.94, 82.94, 82.94, 82.71, 82.73, 82.78, 82.85, 82.96, 83.1, 83.18, 83.15, 84.61, 85.11, 85.45, 85.49, 85.63, 85.84, 85.5, 85.2, 85.14], [82.71, 82.73, 82.76, 82.8, 82.85, 82.94, 83.09, 83.31, 83.58, 83.71, 83.54, 84.99, 85.09, 85.14, 85.23, 85.56, 86.68, 84.99, 84.89, 84.99], [82.75, 82.77, 82.81, 82.86, 82.94, 83.05, 83.24, 83.53, 84.03, 84.44, 83.85, 84.84, 85.05, 85.08, 85.1, 85.08, 84.6, 83.83, 84.62, 84.88], [82.77, 82.8, 82.84, 82.9, 82.98, 83.09, 83.27, 83.54, 83.99, 84.35, 84.61, 84.62, 84.82, 85.02, 84.99, 84.43, 84.28, 84.14, 84.68, 84.86], [82.79, 82.82, 82.86, 82.91, 82.98, 83.08, 83.2, 83.36, 83.52, 83.54, 84.19, 84.26, 84.52, 83.91, 84.13, 84.24, 84.24, 84.22, 84.24, 84.27], [82.8, 82.83, 82.87, 82.91, 82.96, 83.02, 83.08, 83.12, 83.1, 83.64, 83.49, 82.89, 82.91, 82.88, 83.95, 84.09, 84.16, 84.19, 84.21, 84.23], [82.81, 82.83, 82.86, 82.89, 82.93, 82.96, 82.97, 82.94, 82.81, 83.03, 82.26, 82.62, 82.78, 82.82, 83.8, 83.96, 84.06, 84.12, 84.15, 84.18], [82.81, 82.83, 82.85, 82.87, 82.89, 82.9, 82.89, 82.83, 82.81, 82.54, 82.37, 82.58, 82.73, 82.79, 83.7, 83.87, 83.98, 84.05, 84.1, 84.13], [82.8, 82.82, 82.84, 82.85, 82.86, 82.86, 82.83, 82.78, 82.81, 82.67, 82.61, 82.66, 82.74, 82.78, 83.65, 83.8, 83.91, 83.99, 84.04, 84.08], [82.8, 82.81, 82.82, 82.83, 82.83, 82.83, 82.8, 82.93, 82.84, 82.77, 82.73, 82.74, 82.77, 82.79, 83.63, 83.76, 83.86, 83.94, 84.0, 84.04]]}