gis_exercise/awsData/contour/humi_2023083113.json
{"header": {"refTime": "2023-08-31T13:00:00.000Z", "nx": 21, "ny": 33, "lo1": 113.509, "la1": 22.2235, "lo2": 113.5947, "la2": 22.1034, "dx": 0.0042850000000001385, "dy": 0.003753125000000024, "parameterCategory": 0, "parameterCategoryName": "Temperature", "parameterNumber": 0}, "z": [[62.4, 62.43, 62.46, 63.26, 63.25, 61.61, 61.68, 61.73, 61.69, 61.68, 61.38, 61.08, 59.9, 59.73, 59.66, 59.65, 58.87, 58.94, 58.99, 59.02], [62.39, 62.41, 62.45, 62.49, 63.24, 63.22, 61.81, 61.98, 62.05, 61.87, 61.37, 60.92, 59.69, 59.53, 59.5, 58.78, 58.89, 58.97, 59.02, 59.06], [62.36, 62.39, 62.42, 62.47, 63.25, 63.23, 63.19, 62.18, 62.78, 62.03, 61.26, 60.61, 59.33, 59.23, 58.62, 58.79, 58.93, 59.02, 59.08, 59.11], [62.33, 62.36, 62.39, 62.43, 62.49, 63.24, 63.21, 63.17, 63.13, 61.82, 61.0, 60.06, 58.74, 59.07, 58.58, 58.82, 59.0, 59.11, 59.16, 59.18], [62.3, 62.32, 62.34, 62.38, 62.44, 63.25, 63.24, 63.23, 63.25, 61.58, 60.83, 58.95, 57.83, 58.82, 58.6, 58.92, 59.14, 59.25, 59.27, 59.26], [62.26, 62.27, 62.28, 62.32, 62.37, 62.45, 63.26, 63.26, 63.3, 63.39, 60.5, 59.53, 58.62, 58.0, 58.76, 59.08, 59.34, 59.45, 59.41, 59.34], [61.89, 62.21, 62.21, 62.23, 62.27, 62.36, 62.75, 63.24, 63.28, 62.87, 62.79, 60.52, 58.71, 58.53, 58.98, 59.25, 59.61, 59.74, 59.45, 59.26], [61.86, 61.85, 61.84, 61.85, 61.9, 62.47, 62.66, 62.89, 62.94, 63.02, 63.45, 61.23, 61.21, 58.49, 60.0, 60.0, 60.0, 60.0, 60.0, 60.0], [62.15, 62.12, 61.76, 61.73, 61.72, 61.8, 62.04, 62.74, 63.32, 62.79, 62.46, 61.87, 61.59, 61.97, 60.0, 60.0, 60.0, 60.0, 60.0, 60.0], [61.0, 61.0, 61.0, 61.94, 61.8, 61.45, 61.7, 62.04, 63.57, 63.51, 61.57, 62.24, 62.02, 62.13, 60.0, 60.0, 60.0, 60.0, 60.0, 60.0], [61.0, 61.0, 61.0, 61.0, 61.0, 61.0, 61.0, 61.0, 61.71, 63.34, 64.0, 62.48, 62.3, 62.28, 60.0, 60.0, 60.0, 60.0, 60.0, 60.0], [61.0, 61.0, 61.0, 61.0, 61.0, 61.0, 61.0, 61.0, 61.0, -999.0, 64.0, 60.0, 60.0, 62.41, 60.0, 60.0, 60.0, 66.82, 66.66, 66.61], [61.0, 61.0, 61.0, 61.0, 61.0, 61.0, 61.0, 61.0, 61.0, 61.0, -999.0, 60.0, 60.0, 67.83, 64.39, 64.37, 64.28, 65.76, 65.55, 65.42], [61.0, 61.0, 61.0, 61.0, 61.0, 61.0, 61.0, 61.0, 61.0, 61.0, -999.0, 72.0, 72.0, 72.0, 65.4, 65.37, 65.18, 66.68, 66.36, 66.11], [61.0, 61.0, 61.0, 61.0, 61.0, 61.0, 61.0, 64.0, 64.0, 64.0, 64.0, 67.07, 72.0, 72.0, 72.0, 66.51, 66.15, 67.53, 67.1, 66.74], [61.0, 61.0, 62.89, 62.92, 62.98, 64.0, 64.0, 64.0, 64.0, 64.0, 69.03, 68.46, 69.24, 69.89, 69.15, 69.8, 69.47, 70.05, 67.25, 66.91], [62.93, 62.94, 62.06, 62.11, 64.0, 64.0, 64.0, 64.0, 64.0, 64.0, 67.44, 68.43, 69.48, 70.44, 70.38, 71.63, 71.5, 71.41, 71.36, 71.33], [62.07, 62.11, 62.16, 62.24, 64.0, 64.0, 64.0, 64.0, 64.0, 66.03, 67.11, 68.31, 69.56, 70.31, 71.76, 71.66, 71.48, 71.37, 71.31, 71.29], [62.13, 62.18, 62.25, 64.0, 64.0, 64.0, 64.0, 64.0, 64.72, 65.56, 66.3, 67.3, 68.72, 69.76, 71.68, 71.53, 71.37, 71.28, 71.25, 71.24], [62.17, 62.22, 64.0, 64.0, 64.0, 64.0, 64.0, 64.0, 64.75, 65.38, 66.16, 67.0, 68.27, 68.9, 71.39, 71.3, 71.19, 71.14, 71.16, 71.19], [64.0, 64.0, 64.0, 64.0, 64.0, 64.0, 64.0, 64.0, 65.24, 65.57, 66.08, 66.69, 67.87, 71.23, 71.14, 71.03, 70.94, 70.97, 71.06, 71.15], [64.0, 64.0, 64.0, 64.0, 64.0, 64.0, 64.0, 63.83, 65.39, 65.59, 65.93, 66.38, 67.47, 71.08, 70.93, 70.72, 70.59, 70.74, 70.99, 71.15], [64.0, 64.0, 64.0, 63.75, 63.76, 63.77, 63.79, 63.8, 63.81, 63.81, 63.79, 64.53, 68.22, 70.99, 70.78, 70.39, 69.89, 70.47, 71.05, 71.22], [63.71, 63.72, 63.72, 63.73, 63.74, 63.75, 63.77, 63.79, 63.82, 63.83, 63.79, 64.24, 68.1, 68.79, 69.31, 70.37, 68.29, 71.17, 71.46, 71.4], [63.7, 63.7, 63.71, 63.71, 63.72, 63.73, 63.74, 63.78, 63.85, 63.91, 63.8, 64.16, 64.32, 68.79, 69.45, 70.06, 71.82, 73.08, 71.89, 71.57], [63.69, 63.69, 63.69, 63.69, 63.69, 63.7, 63.71, 63.74, 63.81, 63.87, 63.99, 64.06, 64.21, 68.77, 69.46, 69.98, 70.82, 71.23, 71.83, 71.61], [63.67, 63.67, 63.67, 63.67, 63.66, 63.66, 63.66, 63.67, 63.68, 63.66, 63.86, 63.93, 64.08, 68.16, 68.91, 69.59, 70.14, 70.41, 70.35, 70.15], [63.66, 63.66, 63.65, 63.65, 63.64, 63.63, 63.61, 63.58, 63.53, 63.65, 63.6, 65.21, 66.09, 67.1, 68.49, 69.12, 69.58, 69.84, 69.9, 69.84], [63.65, 63.64, 63.64, 63.63, 63.61, 63.59, 63.56, 63.51, 63.42, 63.42, 63.59, 64.73, 65.77, 66.74, 68.1, 68.7, 69.13, 69.4, 69.53, 69.55], [63.64, 63.63, 63.62, 63.61, 63.59, 63.57, 63.53, 63.48, 64.81, 64.28, 63.97, 64.77, 65.69, 66.54, 67.81, 68.37, 68.78, 69.05, 69.21, 69.28], [63.63, 63.62, 63.61, 63.6, 63.58, 63.55, 63.52, 63.47, 65.05, 64.8, 64.78, 65.18, 65.82, 66.49, 67.64, 68.13, 68.51, 68.78, 68.95, 69.06], [63.62, 63.61, 63.6, 63.59, 63.57, 63.54, 63.51, 65.49, 65.34, 65.24, 65.3, 65.58, 66.02, 66.53, 67.57, 67.98, 68.32, 68.57, 68.75, 68.87]]}