gis_exercise/awsData/contour/humi_2023091321.json
{"header": {"refTime": "2023-09-13T21:00:00.000Z", "nx": 21, "ny": 33, "lo1": 113.509, "la1": 22.2235, "lo2": 113.5947, "la2": 22.1034, "dx": 0.0042850000000001385, "dy": 0.003753125000000024, "parameterCategory": 0, "parameterCategoryName": "Temperature", "parameterNumber": 0}, "z": [[90.02, 90.03, 90.04, 91.07, 91.02, 89.56, 89.57, 89.57, 89.53, 89.82, 89.72, 89.61, 88.81, 88.75, 88.47, 88.49, 88.52, 88.56, 88.59, 88.61], [90.01, 90.02, 90.03, 90.05, 91.02, 90.94, 89.63, 89.66, 89.67, 89.85, 89.69, 89.51, 88.7, 88.64, 88.39, 88.45, 88.52, 88.57, 88.61, 88.63], [90.0, 90.01, 90.03, 90.05, 91.04, 90.95, 90.81, 89.74, 89.92, 89.88, 89.64, 89.35, 88.5, 88.48, 88.34, 88.45, 88.54, 88.6, 88.63, 88.65], [89.99, 90.0, 90.02, 90.04, 90.07, 91.01, 90.9, 90.72, 90.55, 89.89, 89.58, 89.06, 88.16, 88.87, 88.3, 88.47, 88.57, 88.64, 88.67, 88.69], [89.97, 89.98, 90.0, 90.03, 90.07, 91.1, 91.05, 91.01, 91.02, 90.02, 89.64, 88.76, 87.75, 88.65, 88.32, 88.52, 88.64, 88.7, 88.72, 88.72], [89.95, 89.96, 89.98, 90.0, 90.05, 90.12, 91.19, 91.22, 91.32, 91.51, 90.12, 89.28, 88.48, 88.0, 88.45, 88.63, 88.75, 88.8, 88.78, 88.76], [89.89, 89.93, 89.94, 89.96, 90.01, 90.1, 91.01, 91.29, 91.4, 91.73, 91.85, 90.19, 88.71, 88.53, 88.65, 88.74, 88.86, 88.91, 88.63, 88.5], [89.86, 89.85, 89.84, 89.85, 89.9, 90.7, 90.88, 91.07, 91.17, 91.85, 92.49, 90.92, 90.9, 88.49, 89.37, 89.48, 89.26, 89.18, 89.31, 89.39], [90.15, 90.12, 89.76, 89.73, 89.72, 89.8, 90.04, 90.96, 91.64, 91.64, 91.85, 91.41, 91.19, 91.48, 89.4, 89.52, 89.39, 89.34, 89.37, 89.42], [89.0, 89.0, 89.0, 89.94, 89.8, 89.45, 89.7, 90.04, 92.14, 92.03, 91.18, 91.68, 91.52, 91.6, 89.4, 89.56, 89.48, 89.44, 89.44, 89.46], [89.0, 89.0, 89.0, 89.0, 89.0, 89.0, 89.0, 89.0, 89.71, 91.68, 93.0, 91.86, 91.72, 91.71, 89.39, 89.6, 89.54, 89.5, 89.49, 89.5], [89.0, 89.0, 89.0, 89.0, 89.0, 89.0, 89.0, 89.0, 89.0, -999.0, 93.0, 90.0, 90.0, 91.81, 89.38, 89.63, 89.59, 92.41, 92.33, 92.31], [89.0, 89.0, 89.0, 89.0, 89.0, 89.0, 89.0, 89.0, 89.0, 89.0, -999.0, 90.0, 90.0, 93.26, 91.83, 91.18, 91.14, 91.88, 91.77, 91.71], [89.0, 89.0, 89.0, 89.0, 89.0, 89.0, 89.0, 89.0, 89.0, 89.0, -999.0, 95.0, 95.0, 95.0, 92.25, 91.68, 91.59, 92.34, 92.18, 92.06], [89.0, 89.0, 89.0, 89.0, 89.0, 89.0, 89.0, 88.0, 88.0, 88.0, 88.0, 90.69, 95.0, 95.0, 95.0, 92.25, 92.07, 92.77, 92.55, 92.37], [89.0, 89.0, 88.37, 88.36, 88.34, 88.0, 88.0, 88.0, 88.0, 88.0, 92.4, 91.91, 92.58, 93.15, 92.51, 93.9, 93.73, 94.03, 92.63, 92.45], [88.36, 88.35, 88.65, 88.63, 88.0, 88.0, 88.0, 88.0, 88.0, 88.0, 91.01, 91.88, 92.79, 93.63, 93.83, 94.11, 93.8, 93.55, 93.37, 93.25], [88.64, 88.63, 88.61, 88.59, 88.0, 88.0, 88.0, 88.0, 88.0, 89.78, 90.72, 91.77, 92.86, 93.76, 94.83, 94.21, 93.77, 93.48, 93.29, 93.17], [88.62, 88.61, 88.58, 88.0, 88.0, 88.0, 88.0, 88.0, 88.63, 89.36, 90.76, 91.66, 92.54, 93.38, 94.28, 93.95, 93.58, 93.32, 93.16, 93.06], [88.61, 88.59, 90.29, 90.17, 90.03, 89.81, 89.49, 88.66, 89.1, 89.9, 90.78, 91.54, 92.24, 92.8, 93.69, 93.51, 93.27, 93.09, 92.98, 92.93], [90.44, 90.38, 90.31, 89.65, 89.57, 89.45, 89.3, 89.14, 90.03, 90.41, 90.96, 91.5, 92.0, 93.33, 93.25, 93.09, 92.93, 92.83, 92.79, 92.78], [89.86, 89.85, 89.82, 89.8, 89.76, 89.72, 89.69, 89.73, 90.65, 90.88, 91.19, 91.52, 93.06, 93.04, 92.91, 92.75, 92.61, 92.57, 92.59, 92.64], [89.94, 89.94, 89.94, 89.96, 89.97, 90.0, 90.06, 90.16, 90.29, 90.37, 90.36, 90.82, 92.0, 92.83, 92.68, 92.48, 92.32, 92.33, 92.42, 92.52], [90.0, 90.02, 90.04, 90.07, 90.11, 90.19, 90.32, 90.52, 90.76, 90.89, 90.74, 91.5, 92.0, 92.0, 92.0, 92.34, 92.09, 92.16, 92.31, 92.44], [90.05, 90.07, 90.1, 90.15, 90.22, 90.33, 90.49, 90.75, 91.18, 91.53, 91.05, 91.46, 91.43, 92.0, 92.0, 92.0, 92.17, 92.14, 92.29, 92.41], [90.09, 90.12, 90.16, 90.21, 90.29, 90.4, 90.56, 90.8, 91.18, 91.48, 91.5, 91.36, 91.34, 92.0, 92.0, 91.7, 91.79, 91.81, 92.34, 92.42], [90.12, 90.15, 90.19, 90.25, 90.32, 90.41, 90.54, 90.69, 90.85, 90.88, 91.2, 91.16, 91.2, 91.29, 91.45, 91.59, 91.67, 91.71, 91.7, 91.68], [90.14, 90.17, 90.21, 90.26, 90.32, 90.4, 90.47, 90.54, 90.56, 90.89, 90.78, 90.89, 91.04, 91.17, 91.34, 91.48, 91.57, 91.61, 91.63, 91.62], [90.16, 90.19, 90.22, 90.27, 90.31, 90.36, 90.41, 90.43, 90.39, 90.53, 90.25, 90.65, 90.91, 91.08, 91.25, 91.38, 91.47, 91.53, 91.56, 91.57], [90.17, 90.2, 90.23, 90.26, 90.3, 90.33, 90.35, 90.35, 90.78, 90.53, 90.38, 90.63, 90.86, 91.03, 91.18, 91.3, 91.4, 91.46, 91.49, 91.51], [90.17, 90.2, 90.23, 90.25, 90.28, 90.3, 90.32, 90.31, 90.81, 90.69, 90.65, 90.74, 90.89, 91.02, 91.14, 91.25, 91.34, 91.4, 91.44, 91.47], [90.18, 90.2, 90.22, 90.24, 90.27, 90.28, 90.29, 90.95, 90.88, 90.82, 90.8, 90.85, 90.94, 91.03, 91.12, 91.22, 91.3, 91.35, 91.4, 91.42]]}