gis_exercise/awsData/contour/humi_2023091318.json
{"header": {"refTime": "2023-09-13T18:00:00.000Z", "nx": 21, "ny": 33, "lo1": 113.509, "la1": 22.2235, "lo2": 113.5947, "la2": 22.1034, "dx": 0.0042850000000001385, "dy": 0.003753125000000024, "parameterCategory": 0, "parameterCategoryName": "Temperature", "parameterNumber": 0}, "z": [[85.93, 85.91, 85.88, 87.14, 87.03, 84.82, 84.8, 84.77, 84.72, 85.4, 85.36, 85.29, 83.57, 83.49, 84.05, 84.13, 83.96, 84.05, 84.12, 84.16], [85.94, 85.92, 85.9, 85.87, 87.03, 86.87, 84.85, 84.84, 84.81, 85.34, 85.3, 85.18, 83.46, 83.39, 83.97, 83.85, 84.0, 84.11, 84.19, 84.23], [85.96, 85.94, 85.92, 85.89, 87.07, 86.91, 86.63, 84.9, 84.96, 85.31, 85.25, 85.0, 83.28, 83.24, 83.64, 83.87, 84.07, 84.2, 84.28, 84.32], [85.98, 85.97, 85.96, 85.94, 85.9, 87.03, 86.81, 86.44, 86.1, 85.47, 85.27, 84.69, 82.97, 84.23, 83.6, 83.93, 84.19, 84.35, 84.42, 84.43], [86.0, 86.0, 85.99, 85.98, 85.97, 87.2, 87.11, 87.01, 87.04, 85.9, 85.5, 84.15, 82.89, 83.94, 83.63, 84.07, 84.41, 84.59, 84.62, 84.57], [86.02, 86.02, 86.03, 86.03, 86.05, 86.07, 87.38, 87.44, 87.64, 88.02, 86.0, 84.77, 83.72, 82.67, 83.78, 84.29, 84.76, 84.95, 84.86, 84.71], [86.45, 86.04, 86.06, 86.07, 86.1, 86.16, 87.76, 87.58, 87.81, 88.26, 88.44, 85.78, 83.14, 83.02, 83.99, 84.52, 85.23, 85.49, 85.26, 85.01], [86.43, 86.42, 86.42, 86.43, 86.45, 87.53, 87.62, 87.58, 87.28, 88.54, 89.86, 86.15, 86.11, 82.99, 85.26, 85.04, 85.48, 85.63, 85.39, 85.22], [86.57, 86.56, 86.38, 86.37, 86.36, 86.4, 86.52, 87.64, 88.27, 88.06, 88.31, 87.28, 86.78, 87.44, 85.2, 84.96, 85.21, 85.32, 85.26, 85.16], [86.0, 86.0, 86.0, 86.47, 86.4, 86.23, 86.35, 86.52, 89.27, 89.05, 86.74, 87.92, 87.54, 87.72, 85.2, 84.87, 85.04, 85.12, 85.12, 85.09], [86.0, 86.0, 86.0, 86.0, 86.0, 86.0, 86.0, 86.0, 86.35, 88.37, 91.0, 88.33, 88.02, 88.0, 85.22, 84.81, 84.93, 85.0, 85.01, 85.0], [86.0, 86.0, 86.0, 86.0, 86.0, 86.0, 86.0, 86.0, 86.0, -999.0, 91.0, 84.0, 84.0, 88.21, 85.24, 84.74, 84.81, 88.84, 88.77, 88.76], [86.0, 86.0, 86.0, 86.0, 86.0, 86.0, 86.0, 86.0, 86.0, 86.0, -999.0, 84.0, 84.0, 88.57, 86.56, 87.82, 87.78, 88.4, 88.31, 88.26], [86.0, 86.0, 86.0, 86.0, 86.0, 86.0, 86.0, 86.0, 86.0, 86.0, -999.0, 91.0, 91.0, 91.0, 87.15, 88.24, 88.16, 88.78, 88.65, 88.55], [86.0, 86.0, 86.0, 86.0, 86.0, 86.0, 86.0, 86.0, 86.0, 86.0, 86.0, 87.92, 91.0, 91.0, 91.0, 88.71, 88.56, 89.14, 88.96, 88.81], [86.0, 86.0, 86.0, 86.0, 86.0, 86.0, 86.0, 86.0, 86.0, 86.0, 89.15, 88.79, 89.27, 89.68, 89.22, 90.27, 90.16, 90.35, 89.16, 89.02], [86.0, 86.0, 86.0, 86.0, 86.0, 86.0, 86.0, 86.0, 86.0, 86.0, 88.15, 88.77, 89.42, 90.02, 90.18, 90.41, 90.2, 90.03, 89.91, 89.83], [86.0, 86.0, 86.0, 86.0, 86.0, 86.0, 86.0, 86.0, 86.0, 87.27, 87.94, 88.69, 89.47, 90.13, 90.88, 90.48, 90.18, 89.98, 89.86, 89.78], [86.0, 86.0, 86.0, 86.0, 86.0, 86.0, 86.0, 86.0, 86.45, 86.97, 88.18, 88.84, 89.27, 89.86, 90.52, 90.3, 90.05, 89.88, 89.77, 89.71], [86.0, 86.0, 88.29, 88.17, 88.03, 87.81, 87.49, 86.66, 86.91, 87.56, 88.23, 88.79, 89.06, 89.46, 90.13, 90.01, 89.85, 89.73, 89.66, 89.62], [88.44, 88.38, 88.31, 87.65, 87.57, 87.45, 87.3, 87.14, 87.72, 88.02, 88.44, 88.83, 88.9, 89.88, 89.83, 89.73, 89.62, 89.55, 89.52, 89.52], [87.86, 87.85, 87.82, 87.8, 87.76, 87.72, 87.69, 87.56, 88.31, 88.48, 88.71, 88.93, 90.04, 89.69, 89.61, 89.5, 89.41, 89.38, 89.39, 89.42], [87.94, 87.94, 87.94, 87.71, 87.73, 87.78, 87.85, 87.96, 88.1, 88.18, 88.15, 88.56, 89.37, 89.55, 89.45, 89.32, 89.21, 89.22, 89.28, 89.34], [87.71, 87.73, 87.76, 87.8, 87.85, 87.94, 88.09, 88.31, 88.58, 88.71, 88.54, 89.01, 89.39, 89.28, 89.19, 89.23, 89.06, 89.11, 89.21, 89.29], [87.75, 87.77, 87.81, 87.86, 87.94, 88.05, 88.24, 88.53, 89.03, 89.44, 88.85, 88.98, 88.85, 89.3, 89.2, 89.12, 89.11, 89.09, 89.19, 89.27], [87.77, 87.8, 87.84, 87.9, 87.98, 88.09, 88.27, 88.54, 88.99, 89.35, 89.13, 88.85, 88.73, 89.31, 89.22, 88.7, 88.79, 88.81, 89.23, 89.28], [87.79, 87.82, 87.86, 87.91, 87.98, 88.08, 88.2, 88.36, 88.52, 88.54, 88.68, 88.56, 88.56, 88.29, 88.45, 88.59, 88.67, 88.71, 88.7, 88.68], [87.8, 87.83, 87.87, 87.91, 87.96, 88.02, 88.08, 88.12, 88.1, 88.24, 88.07, 88.18, 88.34, 88.47, 88.34, 88.48, 88.57, 88.61, 88.63, 88.62], [87.81, 87.83, 87.86, 87.89, 87.93, 87.96, 87.97, 87.94, 87.81, 87.73, 87.33, 87.85, 88.17, 88.36, 88.25, 88.38, 88.47, 88.53, 88.56, 88.57], [87.81, 87.83, 87.85, 87.87, 87.89, 87.9, 87.89, 87.83, 88.05, 87.71, 87.5, 87.82, 88.1, 88.29, 88.18, 88.3, 88.4, 88.46, 88.49, 88.51], [87.8, 87.82, 87.84, 87.85, 87.86, 87.86, 87.83, 87.78, 88.09, 87.92, 87.85, 87.96, 88.13, 88.28, 88.14, 88.25, 88.34, 88.4, 88.44, 88.47], [87.8, 87.81, 87.82, 87.83, 87.83, 87.83, 87.8, 88.26, 88.16, 88.07, 88.04, 88.1, 88.19, 88.3, 88.12, 88.22, 88.3, 88.35, 88.4, 88.42]]}