gis_exercise/awsData/contour/humi_2023090102.json
{"header": {"refTime": "2023-09-01T02:00:00.000Z", "nx": 21, "ny": 33, "lo1": 113.509, "la1": 22.2235, "lo2": 113.5947, "la2": 22.1034, "dx": 0.0042850000000001385, "dy": 0.003753125000000024, "parameterCategory": 0, "parameterCategoryName": "Temperature", "parameterNumber": 0}, "z": [[75.11, 75.25, 75.42, 76.64, 76.81, 75.4, 75.74, 76.04, 76.08, 76.0, 75.27, 74.56, 73.07, 72.7, 72.47, 72.33, 69.87, 69.94, 69.99, 70.02], [75.02, 75.15, 75.32, 75.56, 76.77, 77.04, 76.05, 76.74, 77.13, 76.58, 75.33, 74.29, 72.68, 72.3, 72.14, 69.78, 69.89, 69.97, 70.02, 70.06], [74.9, 75.01, 75.18, 75.4, 76.66, 76.95, 77.42, 77.3, 79.3, 77.06, 75.1, 73.69, 71.99, 71.73, 69.62, 69.79, 69.93, 70.02, 70.08, 70.11], [74.75, 74.84, 74.97, 75.16, 75.44, 76.69, 77.06, 77.71, 78.31, 76.3, 74.39, 72.65, 70.89, 70.07, 69.58, 69.82, 70.0, 70.11, 70.16, 70.18], [74.58, 74.64, 74.72, 74.86, 75.05, 76.3, 76.45, 76.67, 76.79, 75.11, 73.64, 69.95, 68.83, 69.82, 69.6, 69.92, 70.14, 70.25, 70.27, 70.26], [74.39, 74.41, 74.44, 74.5, 74.6, 74.74, 75.78, 75.68, 75.64, 75.68, 71.5, 70.53, 69.62, 69.0, 69.76, 70.08, 70.34, 70.45, 70.41, 70.34], [71.89, 74.16, 74.13, 74.12, 74.14, 74.18, 73.01, 74.78, 74.64, 73.53, 73.59, 71.52, 69.71, 69.53, 69.98, 70.25, 70.61, 70.74, 70.45, 70.26], [71.86, 71.85, 71.84, 71.85, 71.9, 72.7, 72.88, 73.07, 73.11, 73.69, 74.37, 72.23, 72.21, 69.49, 71.0, 71.0, 71.0, 71.0, 71.0, 71.0], [72.15, 72.12, 71.76, 71.73, 71.72, 71.8, 72.04, 72.96, 73.64, 73.42, 73.46, 72.87, 72.59, 72.97, 71.0, 71.0, 71.0, 71.0, 71.0, 71.0], [71.0, 71.0, 71.0, 71.94, 71.8, 71.45, 71.7, 72.04, 74.14, 74.03, 72.57, 73.24, 73.02, 73.13, 71.0, 71.0, 71.0, 71.0, 71.0, 71.0], [71.0, 71.0, 71.0, 71.0, 71.0, 71.0, 71.0, 71.0, 71.71, 73.68, 75.0, 73.48, 73.3, 73.28, 71.0, 71.0, 71.0, 71.0, 71.0, 71.0], [71.0, 71.0, 71.0, 71.0, 71.0, 71.0, 71.0, 71.0, 71.0, -999.0, 75.0, 71.0, 71.0, 73.41, 71.0, 71.0, 71.0, 76.68, 76.55, 76.51], [71.0, 71.0, 71.0, 71.0, 71.0, 71.0, 71.0, 71.0, 71.0, 71.0, -999.0, 71.0, 71.0, 77.53, 74.66, 74.64, 74.57, 75.8, 75.62, 75.51], [71.0, 71.0, 71.0, 71.0, 71.0, 71.0, 71.0, 71.0, 71.0, 71.0, -999.0, 81.0, 81.0, 81.0, 75.5, 75.47, 75.31, 76.57, 76.3, 76.09], [71.0, 71.0, 71.0, 71.0, 71.0, 71.0, 71.0, 73.0, 73.0, 73.0, 73.0, 76.07, 81.0, 81.0, 81.0, 76.42, 76.12, 77.28, 76.92, 76.62], [71.0, 71.0, 72.26, 72.28, 72.32, 73.0, 73.0, 73.0, 73.0, 73.0, 78.03, 77.46, 78.24, 78.89, 78.15, 76.97, 76.35, 77.43, 75.41, 75.01], [72.28, 72.3, 71.71, 71.74, 73.0, 73.0, 73.0, 73.0, 73.0, 73.0, 76.44, 77.43, 78.48, 79.44, 78.82, 79.01, 78.31, 77.76, 77.38, 77.12], [71.71, 71.74, 71.77, 71.83, 73.0, 73.0, 73.0, 73.0, 73.0, 75.03, 76.11, 77.31, 78.56, 78.78, 80.68, 79.23, 78.22, 77.59, 77.19, 76.94], [71.75, 71.79, 71.83, 73.0, 73.0, 73.0, 73.0, 73.0, 73.72, 74.56, 75.49, 76.5, 76.82, 78.0, 79.36, 78.62, 77.78, 77.22, 76.88, 76.7], [71.78, 71.81, 73.57, 73.54, 73.51, 73.45, 73.37, 73.16, 73.86, 74.55, 75.38, 76.23, 76.16, 76.76, 78.01, 77.58, 77.05, 76.67, 76.48, 76.4], [73.61, 73.6, 73.58, 73.41, 73.39, 73.36, 73.33, 73.29, 74.48, 74.83, 75.36, 75.98, 75.5, 77.18, 76.96, 76.56, 76.19, 76.02, 76.02, 76.09], [73.47, 73.46, 73.46, 73.45, 73.44, 73.43, 73.42, 73.35, 74.75, 74.96, 75.31, 75.74, 75.2, 76.51, 76.14, 75.64, 75.27, 75.32, 75.59, 75.82], [73.48, 73.48, 73.48, 73.36, 73.37, 73.39, 73.41, 73.44, 73.48, 73.5, 73.49, 72.65, 74.15, 76.04, 75.56, 74.85, 74.11, 74.63, 75.33, 75.67], [73.36, 73.36, 73.37, 73.38, 73.4, 73.42, 73.46, 73.52, 73.6, 73.64, 73.58, 72.77, 74.17, 74.15, 74.07, 74.56, 72.23, 74.96, 75.49, 75.68], [73.36, 73.37, 73.38, 73.39, 73.41, 73.44, 73.49, 73.58, 73.72, 73.84, 73.66, 72.88, 72.51, 74.23, 74.25, 74.32, 75.55, 76.63, 75.84, 75.77], [73.37, 73.37, 73.38, 73.4, 73.42, 73.45, 73.49, 73.57, 73.7, 73.81, 73.27, 72.91, 72.58, 74.31, 74.4, 74.45, 74.94, 75.24, 75.88, 75.84], [73.37, 73.37, 73.38, 73.4, 73.41, 73.43, 73.47, 73.51, 73.55, 73.55, 73.09, 72.88, 72.63, 73.98, 74.18, 74.41, 74.66, 74.8, 74.76, 74.64], [73.37, 73.37, 73.38, 73.39, 73.4, 73.41, 73.42, 73.43, 73.41, 73.04, 72.97, 74.18, 74.59, 75.05, 74.11, 74.3, 74.46, 74.56, 74.57, 74.53], [73.36, 73.37, 73.37, 73.38, 73.38, 73.39, 73.38, 73.36, 73.31, 72.97, 73.32, 73.91, 74.42, 74.87, 74.04, 74.19, 74.32, 74.41, 74.44, 74.43], [73.36, 73.36, 73.37, 73.37, 73.37, 73.37, 73.35, 73.33, 73.98, 73.69, 73.51, 73.92, 74.37, 74.78, 73.98, 74.11, 74.22, 74.29, 74.33, 74.34], [73.36, 73.36, 73.36, 73.36, 73.36, 73.35, 73.34, 73.31, 74.09, 73.95, 73.93, 74.13, 74.43, 74.75, 73.94, 74.05, 74.15, 74.21, 74.25, 74.28], [73.36, 73.36, 73.36, 73.35, 73.35, 73.34, 73.33, 74.31, 74.23, 74.17, 74.19, 74.32, 74.53, 74.77, 73.92, 74.01, 74.09, 74.15, 74.19, 74.22]]}