gis_exercise/awsData/contour/humi_2023090416.json
{"header": {"refTime": "2023-09-04T16:00:00.000Z", "nx": 21, "ny": 33, "lo1": 113.509, "la1": 22.2235, "lo2": 113.5947, "la2": 22.1034, "dx": 0.0042850000000001385, "dy": 0.003753125000000024, "parameterCategory": 0, "parameterCategoryName": "Temperature", "parameterNumber": 0}, "z": [[55.18, 55.23, 55.31, 56.92, 56.93, 56.02, 56.1, 56.17, 56.19, 56.88, 56.81, 56.74, 55.24, 55.14, 56.46, 56.53, 55.53, 55.6, 55.66, 55.7], [55.14, 55.19, 55.27, 55.36, 56.91, 56.93, 56.15, 56.31, 56.41, 56.9, 56.79, 56.67, 55.19, 55.09, 56.41, 55.46, 55.58, 55.68, 55.74, 55.77], [55.09, 55.14, 55.21, 55.3, 56.89, 56.9, 56.93, 56.42, 56.85, 56.92, 56.76, 56.56, 55.1, 55.01, 55.33, 55.51, 55.67, 55.79, 55.86, 55.88], [55.02, 55.07, 55.13, 55.21, 55.33, 56.86, 56.89, 56.93, 56.98, 56.93, 56.72, 56.37, 54.99, 55.33, 55.33, 55.58, 55.81, 55.96, 56.02, 56.01], [54.95, 54.98, 55.02, 55.09, 55.19, 56.8, 56.81, 56.85, 56.93, 57.01, 56.76, 55.4, 55.13, 55.25, 55.33, 55.69, 56.04, 56.22, 56.24, 56.16], [54.87, 54.88, 54.9, 54.94, 55.01, 55.1, 56.68, 56.67, 56.8, 57.11, 55.99, 55.49, 55.19, 54.33, 55.35, 55.88, 56.42, 56.65, 56.52, 56.32], [53.89, 54.77, 54.76, 54.77, 54.81, 54.88, 55.51, 56.32, 56.42, 56.45, 56.69, 55.52, 53.86, 53.98, 55.34, 56.06, 56.98, 57.33, 57.45, 57.26], [53.86, 53.85, 53.84, 53.85, 53.9, 55.15, 55.34, 55.43, 55.34, 56.7, 57.98, 54.84, 54.81, 54.01, 56.14, 55.6, 56.69, 57.08, 56.46, 56.04], [54.15, 54.12, 53.76, 53.73, 53.72, 53.8, 54.04, 55.4, 56.27, 56.28, 56.69, 55.81, 55.38, 55.95, 56.01, 55.39, 56.03, 56.3, 56.15, 55.91], [53.0, 53.0, 53.0, 53.94, 53.8, 53.45, 53.7, 54.04, 57.27, 57.05, 55.35, 56.36, 56.04, 56.19, 56.0, 55.19, 55.59, 55.8, 55.81, 55.72], [53.0, 53.0, 53.0, 53.0, 53.0, 53.0, 53.0, 53.0, 53.71, 56.37, 59.0, 56.71, 56.44, 56.43, 56.06, 55.02, 55.32, 55.49, 55.53, 55.5], [53.0, 53.0, 53.0, 53.0, 53.0, 53.0, 53.0, 53.0, 53.0, -999.0, 59.0, 53.0, 53.0, 56.61, 56.11, 54.85, 55.03, 58.57, 58.55, 58.55], [53.0, 53.0, 53.0, 53.0, 53.0, 53.0, 53.0, 53.0, 53.0, 53.0, -999.0, 53.0, 53.0, 56.92, 55.19, 58.36, 58.36, 58.48, 58.46, 58.45], [53.0, 53.0, 53.0, 53.0, 53.0, 53.0, 53.0, 53.0, 53.0, 53.0, -999.0, 59.0, 59.0, 59.0, 55.7, 58.45, 58.43, 58.56, 58.53, 58.51], [53.0, 53.0, 53.0, 53.0, 53.0, 53.0, 53.0, 56.0, 56.0, 56.0, 56.0, 57.15, 59.0, 59.0, 59.0, 58.54, 58.51, 58.63, 58.59, 58.56], [53.0, 53.0, 54.89, 54.92, 54.98, 56.0, 56.0, 56.0, 56.0, 56.0, 57.89, 57.67, 57.96, 58.21, 57.93, 58.63, 58.58, 58.68, 58.47, 58.43], [54.93, 54.94, 54.06, 54.11, 56.0, 56.0, 56.0, 56.0, 56.0, 56.0, 57.29, 57.66, 58.05, 58.41, 58.53, 59.83, 60.13, 60.37, 60.55, 60.68], [54.07, 54.11, 54.16, 54.24, 56.0, 56.0, 56.0, 56.0, 56.0, 56.76, 57.16, 57.61, 58.08, 58.5, 58.93, 59.73, 60.14, 60.42, 60.62, 60.75], [54.13, 54.18, 54.25, 56.0, 56.0, 56.0, 56.0, 56.0, 56.27, 56.58, 57.05, 57.43, 58.0, 58.35, 59.66, 59.95, 60.3, 60.55, 60.73, 60.85], [54.17, 54.22, 56.57, 56.54, 56.51, 56.45, 56.37, 56.16, 56.39, 56.69, 57.03, 57.35, 57.88, 58.12, 60.17, 60.33, 60.54, 60.73, 60.88, 60.98], [56.61, 56.6, 56.58, 56.41, 56.39, 56.36, 56.33, 56.29, 56.7, 56.85, 57.06, 57.3, 57.79, 60.5, 60.54, 60.64, 60.77, 60.92, 61.05, 61.13], [56.47, 56.46, 56.46, 56.45, 56.44, 56.43, 56.42, 55.82, 56.88, 56.97, 57.1, 57.25, 58.03, 60.75, 60.79, 60.83, 60.9, 61.07, 61.24, 61.31], [56.48, 56.48, 56.48, 55.61, 55.65, 55.71, 55.77, 55.84, 55.91, 55.92, 55.85, 56.97, 60.0, 60.94, 60.97, 60.9, 60.71, 61.16, 61.5, 61.53], [55.49, 55.51, 55.54, 55.57, 55.61, 55.68, 55.76, 55.89, 56.05, 56.11, 55.96, 56.25, 59.92, 60.4, 60.76, 61.07, 59.71, 61.93, 61.97, 61.77], [55.46, 55.47, 55.49, 55.52, 55.56, 55.63, 55.73, 55.91, 56.25, 56.56, 56.07, 56.14, 56.17, 60.41, 60.88, 61.31, 62.44, 63.49, 62.34, 61.93], [55.42, 55.43, 55.45, 55.47, 55.49, 55.54, 55.63, 55.79, 56.13, 56.42, 56.12, 55.91, 55.95, 60.4, 60.9, 60.79, 61.58, 61.94, 62.24, 61.95], [55.39, 55.39, 55.39, 55.4, 55.41, 55.42, 55.45, 55.51, 55.58, 55.52, 55.53, 55.49, 55.64, 58.8, 59.62, 60.33, 60.89, 61.15, 61.1, 60.9], [55.35, 55.34, 55.34, 55.33, 55.31, 55.29, 55.25, 55.17, 55.0, 54.89, 54.67, 56.1, 57.01, 57.98, 59.14, 59.82, 60.3, 60.57, 60.64, 60.59], [55.31, 55.3, 55.28, 55.26, 55.22, 55.16, 55.07, 54.9, 54.58, 54.14, 53.85, 55.35, 56.56, 57.56, 58.7, 59.35, 59.82, 60.11, 60.24, 60.27], [55.28, 55.26, 55.23, 55.2, 55.14, 55.07, 54.95, 54.75, 55.62, 54.82, 54.34, 55.35, 56.42, 57.33, 58.38, 58.99, 59.43, 59.73, 59.91, 59.99], [55.25, 55.22, 55.19, 55.15, 55.09, 55.0, 54.88, 54.71, 55.86, 55.47, 55.38, 55.84, 56.55, 57.27, 58.19, 58.73, 59.14, 59.44, 59.63, 59.75], [55.22, 55.19, 55.16, 55.11, 55.05, 54.97, 54.87, 56.41, 56.18, 56.01, 56.03, 56.32, 56.79, 57.32, 58.11, 58.57, 58.94, 59.21, 59.41, 59.55]]}