gis_exercise/awsData/contour/humi_2023091309.json
{"header": {"refTime": "2023-09-13T09:00:00.000Z", "nx": 21, "ny": 33, "lo1": 113.509, "la1": 22.2235, "lo2": 113.5947, "la2": 22.1034, "dx": 0.0042850000000001385, "dy": 0.003753125000000024, "parameterCategory": 0, "parameterCategoryName": "Temperature", "parameterNumber": 0}, "z": [[90.02, 90.03, 90.04, 91.32, 91.26, 89.33, 89.35, 89.36, 89.31, 89.76, 89.63, 89.48, 88.17, 88.08, 88.35, 88.41, 88.23, 88.32, 88.38, 88.43], [90.01, 90.02, 90.03, 90.05, 91.26, 91.16, 89.43, 89.49, 89.51, 89.79, 89.59, 89.35, 88.03, 87.94, 88.24, 88.12, 88.26, 88.37, 88.44, 88.49], [90.0, 90.01, 90.03, 90.05, 91.28, 91.18, 91.01, 89.61, 89.89, 89.84, 89.52, 89.13, 87.78, 87.73, 87.9, 88.13, 88.32, 88.45, 88.53, 88.57], [89.99, 90.0, 90.02, 90.04, 90.07, 91.25, 91.11, 90.89, 90.68, 89.85, 89.44, 88.74, 87.35, 88.26, 87.85, 88.18, 88.43, 88.58, 88.65, 88.67], [89.97, 89.98, 90.0, 90.03, 90.07, 91.35, 91.29, 91.24, 91.27, 90.03, 89.51, 88.15, 86.91, 87.98, 87.89, 88.31, 88.63, 88.79, 88.82, 88.79], [89.95, 89.96, 89.98, 90.0, 90.05, 90.12, 91.45, 91.48, 91.62, 91.9, 89.88, 88.78, 87.77, 87.0, 88.06, 88.53, 88.94, 89.11, 89.03, 88.91], [89.89, 89.93, 89.94, 89.96, 90.01, 90.1, 91.26, 91.53, 91.68, 91.99, 92.14, 89.85, 87.71, 87.53, 88.31, 88.76, 89.35, 89.57, 89.26, 89.01], [89.86, 89.85, 89.84, 89.85, 89.9, 90.92, 91.11, 91.25, 91.22, 92.19, 93.17, 90.54, 90.51, 87.49, 89.63, 89.52, 89.74, 89.82, 89.69, 89.61], [90.15, 90.12, 89.76, 89.73, 89.72, 89.8, 90.04, 91.18, 91.96, 91.85, 92.08, 91.34, 90.98, 91.46, 89.6, 89.48, 89.61, 89.66, 89.63, 89.58], [89.0, 89.0, 89.0, 89.94, 89.8, 89.45, 89.7, 90.04, 92.71, 92.54, 90.96, 91.8, 91.53, 91.66, 89.6, 89.44, 89.52, 89.56, 89.56, 89.54], [89.0, 89.0, 89.0, 89.0, 89.0, 89.0, 89.0, 89.0, 89.71, 92.03, 94.0, 92.09, 91.87, 91.85, 89.61, 89.4, 89.46, 89.5, 89.51, 89.5], [89.0, 89.0, 89.0, 89.0, 89.0, 89.0, 89.0, 89.0, 89.0, -999.0, 94.0, 89.0, 89.0, 92.01, 89.62, 89.37, 89.41, 91.71, 91.66, 91.65], [89.0, 89.0, 89.0, 89.0, 89.0, 89.0, 89.0, 89.0, 89.0, 89.0, -999.0, 89.0, 89.0, 91.61, 90.46, 91.09, 91.07, 91.44, 91.39, 91.35], [89.0, 89.0, 89.0, 89.0, 89.0, 89.0, 89.0, 89.0, 89.0, 89.0, -999.0, 93.0, 93.0, 93.0, 90.8, 91.34, 91.29, 91.67, 91.59, 91.53], [89.0, 89.0, 89.0, 89.0, 89.0, 89.0, 89.0, 87.0, 87.0, 87.0, 87.0, 89.31, 93.0, 93.0, 93.0, 91.63, 91.54, 91.88, 91.78, 91.69], [89.0, 89.0, 87.74, 87.72, 87.68, 87.0, 87.0, 87.0, 87.0, 87.0, 90.78, 90.35, 90.93, 91.42, 90.86, 91.9, 91.73, 92.03, 91.4, 91.29], [87.72, 87.7, 88.29, 88.26, 87.0, 87.0, 87.0, 87.0, 87.0, 87.0, 89.58, 90.32, 91.11, 91.83, 91.95, 91.97, 91.61, 91.32, 91.11, 90.96], [88.29, 88.26, 88.23, 88.17, 87.0, 87.0, 87.0, 87.0, 87.0, 88.52, 89.33, 90.23, 91.17, 91.89, 92.85, 92.09, 91.57, 91.24, 91.02, 90.87], [88.25, 88.21, 88.17, 87.0, 87.0, 87.0, 87.0, 87.0, 87.54, 88.17, 89.47, 90.25, 90.81, 91.55, 92.16, 91.79, 91.36, 91.06, 90.87, 90.75], [88.22, 88.19, 89.29, 89.17, 89.03, 88.81, 88.49, 87.66, 88.01, 88.73, 89.5, 90.17, 90.54, 91.02, 91.49, 91.28, 91.01, 90.8, 90.67, 90.59], [89.44, 89.38, 89.31, 88.65, 88.57, 88.45, 88.3, 88.14, 88.87, 89.22, 89.7, 90.16, 90.31, 91.07, 90.98, 90.81, 90.63, 90.5, 90.44, 90.42], [88.86, 88.85, 88.82, 88.8, 88.76, 88.72, 88.69, 88.91, 89.48, 89.68, 89.95, 90.23, 91.39, 90.74, 90.6, 90.43, 90.28, 90.21, 90.21, 90.25], [88.94, 88.94, 88.94, 89.21, 89.22, 89.23, 89.27, 89.36, 89.48, 89.56, 89.58, 89.56, 90.07, 90.5, 90.33, 90.14, 90.0, 89.95, 90.0, 90.1], [89.29, 89.3, 89.31, 89.34, 89.38, 89.44, 89.55, 89.73, 89.95, 90.06, 89.95, 90.5, 90.1, 89.95, 89.82, 89.97, 89.88, 89.68, 89.83, 89.99], [89.35, 89.37, 89.4, 89.44, 89.5, 89.6, 89.75, 89.98, 90.34, 90.63, 90.25, 90.52, 90.41, 89.96, 89.81, 89.69, 89.62, 89.46, 89.76, 89.94], [89.4, 89.43, 89.47, 89.52, 89.6, 89.7, 89.85, 90.06, 90.37, 90.61, 90.63, 90.49, 90.4, 89.97, 89.83, 89.56, 89.49, 89.45, 89.82, 89.95], [89.45, 89.48, 89.52, 89.58, 89.65, 89.75, 89.87, 90.02, 90.17, 90.23, 90.47, 90.4, 90.36, 89.68, 89.63, 89.58, 89.54, 89.52, 89.52, 89.54], [89.48, 89.52, 89.56, 89.62, 89.69, 89.77, 89.86, 89.96, 90.03, 90.35, 90.29, 90.15, 90.09, 90.0, 89.65, 89.61, 89.58, 89.56, 89.55, 89.56], [89.51, 89.54, 89.59, 89.64, 89.7, 89.77, 89.85, 89.91, 89.96, 90.19, 90.05, 90.09, 90.07, 90.01, 89.68, 89.64, 89.61, 89.59, 89.58, 89.58], [89.53, 89.56, 89.61, 89.65, 89.71, 89.77, 89.82, 89.88, 90.15, 90.1, 90.06, 90.07, 90.05, 90.01, 89.7, 89.66, 89.63, 89.61, 89.6, 89.6], [89.54, 89.58, 89.62, 89.66, 89.71, 89.75, 89.8, 89.85, 90.13, 90.1, 90.08, 90.07, 90.05, 90.01, 89.71, 89.67, 89.65, 89.63, 89.62, 89.61], [89.55, 89.59, 89.62, 89.66, 89.7, 89.74, 89.78, 90.14, 90.12, 90.1, 90.08, 90.07, 90.04, 90.01, 89.71, 89.68, 89.66, 89.65, 89.63, 89.63]]}