gis_exercise/awsData/contour/temp_2023083122.json
{"header": {"refTime": "2023-08-31T22:00:00.000Z", "nx": 21, "ny": 33, "lo1": 113.509, "la1": 22.2235, "lo2": 113.5947, "la2": 22.1034, "dx": 0.0042850000000001385, "dy": 0.003753125000000024, "parameterCategory": 0, "parameterCategoryName": "Temperature", "parameterNumber": 0}, "z": [[26.71, 26.69, 26.65, 26.33, 26.31, 26.6, 26.54, 26.49, 26.48, 26.51, 26.64, 26.77, 27.11, 27.18, 27.28, 27.32, 27.82, 27.82, 27.81, 27.81], [26.73, 26.7, 26.67, 26.62, 26.31, 26.27, 26.48, 26.37, 26.3, 26.41, 26.63, 26.82, 27.18, 27.25, 27.34, 27.83, 27.82, 27.82, 27.81, 27.81], [26.76, 26.73, 26.7, 26.65, 26.33, 26.28, 26.21, 26.27, 25.92, 26.32, 26.67, 26.93, 27.3, 27.35, 27.84, 27.83, 27.82, 27.82, 27.81, 27.81], [26.79, 26.77, 26.74, 26.7, 26.64, 26.32, 26.26, 26.16, 26.07, 26.46, 26.8, 27.12, 27.5, 27.63, 27.84, 27.83, 27.82, 27.81, 27.81, 27.81], [26.82, 26.81, 26.79, 26.76, 26.71, 26.39, 26.36, 26.33, 26.31, 26.66, 26.93, 27.65, 27.85, 27.68, 27.84, 27.82, 27.81, 27.81, 27.81, 27.81], [26.86, 26.86, 26.85, 26.83, 26.8, 26.76, 26.47, 26.48, 26.49, 26.49, 27.35, 27.55, 27.72, 27.87, 27.83, 27.81, 27.81, 27.8, 27.8, 27.8], [27.34, 26.91, 26.91, 26.91, 26.9, 26.87, 27.02, 26.62, 26.65, 26.9, 26.91, 27.38, 27.77, 27.8, 27.8, 27.8, 27.8, 27.8, 27.84, 27.85], [27.36, 27.36, 27.36, 27.36, 27.34, 27.14, 27.06, 26.96, 26.91, 26.86, 26.74, 27.29, 27.3, 27.8, 27.73, 27.7, 27.75, 27.76, 27.74, 27.72], [27.24, 27.25, 27.4, 27.41, 27.41, 27.38, 27.28, 27.02, 26.8, 26.92, 26.98, 27.13, 27.2, 27.11, 27.72, 27.7, 27.72, 27.73, 27.73, 27.72], [27.7, 27.7, 27.7, 27.33, 27.38, 27.52, 27.42, 27.28, 26.73, 26.75, 27.21, 27.04, 27.09, 27.07, 27.72, 27.69, 27.7, 27.71, 27.71, 27.71], [27.7, 27.7, 27.7, 27.7, 27.7, 27.7, 27.7, 27.7, 27.42, 26.8, 26.6, 26.98, 27.03, 27.03, 27.72, 27.68, 27.69, 27.7, 27.7, 27.7], [27.7, 27.7, 27.7, 27.7, 27.7, 27.7, 27.7, 27.7, 27.7, -999.0, 26.6, 27.6, 27.6, 27.0, 27.72, 27.67, 27.68, 26.55, 26.58, 26.59], [27.7, 27.7, 27.7, 27.7, 27.7, 27.7, 27.7, 27.7, 27.7, 27.7, -999.0, 27.6, 27.6, 26.29, 26.87, 27.0, 27.02, 26.74, 26.78, 26.81], [27.7, 27.7, 27.7, 27.7, 27.7, 27.7, 27.7, 27.7, 27.7, 27.7, -999.0, 25.6, 25.6, 25.6, 26.7, 26.82, 26.85, 26.57, 26.63, 26.68], [27.7, 27.7, 27.7, 27.7, 27.7, 27.7, 27.7, 27.3, 27.3, 27.3, 27.3, 26.65, 25.6, 25.6, 25.6, 26.61, 26.67, 26.42, 26.5, 26.56], [27.7, 27.7, 27.45, 27.44, 27.44, 27.3, 27.3, 27.3, 27.3, 27.3, 26.23, 26.35, 26.19, 26.05, 26.21, 26.55, 26.7, 26.44, 26.88, 26.97], [27.44, 27.44, 27.56, 27.55, 27.3, 27.3, 27.3, 27.3, 27.3, 27.3, 26.57, 26.36, 26.14, 25.93, 26.09, 26.07, 26.24, 26.37, 26.46, 26.52], [27.56, 27.55, 27.55, 27.53, 27.3, 27.3, 27.3, 27.3, 27.3, 26.87, 26.64, 26.38, 26.12, 26.1, 25.67, 26.02, 26.26, 26.41, 26.51, 26.57], [27.55, 27.54, 27.53, 27.3, 27.3, 27.3, 27.3, 27.3, 27.15, 26.97, 26.75, 26.54, 26.54, 26.28, 25.99, 26.17, 26.37, 26.5, 26.58, 26.63], [27.54, 27.54, 27.13, 27.14, 27.15, 27.16, 27.19, 27.25, 27.11, 26.96, 26.77, 26.59, 26.69, 26.56, 26.31, 26.41, 26.54, 26.63, 26.68, 26.7], [27.12, 27.12, 27.13, 27.18, 27.18, 27.19, 27.2, 27.21, 26.97, 26.89, 26.77, 26.64, 26.84, 26.51, 26.56, 26.66, 26.74, 26.79, 26.79, 26.77], [27.16, 27.16, 27.16, 27.17, 27.17, 27.17, 27.17, 27.2, 26.9, 26.85, 26.78, 26.69, 26.89, 26.67, 26.76, 26.87, 26.96, 26.95, 26.89, 26.84], [27.15, 27.15, 27.15, 27.19, 27.19, 27.18, 27.18, 27.17, 27.16, 27.15, 27.15, 27.4, 27.13, 26.78, 26.89, 27.06, 27.24, 27.12, 26.95, 26.87], [27.19, 27.19, 27.19, 27.19, 27.18, 27.17, 27.16, 27.14, 27.12, 27.11, 27.13, 27.37, 27.12, 27.16, 27.2, 27.13, 27.68, 27.04, 26.91, 26.87], [27.19, 27.19, 27.19, 27.18, 27.18, 27.17, 27.15, 27.13, 27.08, 27.05, 27.1, 27.34, 27.45, 27.13, 27.16, 27.16, 26.9, 26.65, 26.83, 26.85], [27.19, 27.19, 27.19, 27.18, 27.17, 27.17, 27.15, 27.13, 27.09, 27.06, 27.22, 27.33, 27.43, 27.11, 27.11, 27.13, 27.03, 26.96, 26.82, 26.83], [27.19, 27.19, 27.19, 27.18, 27.18, 27.17, 27.16, 27.15, 27.14, 27.13, 27.27, 27.34, 27.41, 27.2, 27.17, 27.13, 27.08, 27.05, 27.06, 27.09], [27.19, 27.19, 27.19, 27.18, 27.18, 27.18, 27.17, 27.17, 27.18, 27.29, 27.31, 27.03, 26.95, 26.86, 27.18, 27.14, 27.12, 27.1, 27.1, 27.11], [27.19, 27.19, 27.19, 27.19, 27.18, 27.18, 27.19, 27.19, 27.21, 27.31, 27.23, 27.1, 26.99, 26.9, 27.18, 27.16, 27.14, 27.12, 27.12, 27.12], [27.19, 27.19, 27.19, 27.19, 27.19, 27.19, 27.19, 27.2, 27.08, 27.14, 27.19, 27.1, 27.0, 26.92, 27.19, 27.17, 27.15, 27.14, 27.14, 27.14], [27.19, 27.19, 27.19, 27.19, 27.19, 27.19, 27.2, 27.21, 27.05, 27.09, 27.09, 27.05, 26.99, 26.92, 27.19, 27.18, 27.17, 27.16, 27.15, 27.15], [27.19, 27.19, 27.19, 27.19, 27.2, 27.2, 27.2, 27.01, 27.03, 27.04, 27.04, 27.01, 26.97, 26.92, 27.2, 27.19, 27.17, 27.17, 27.16, 27.16]]}