gis_exercise/awsData/contour/temp_2023091006.json
{"header": {"refTime": "2023-09-10T06:00:00.000Z", "nx": 21, "ny": 33, "lo1": 113.509, "la1": 22.2235, "lo2": 113.5947, "la2": 22.1034, "dx": 0.0042850000000001385, "dy": 0.003753125000000024, "parameterCategory": 0, "parameterCategoryName": "Temperature", "parameterNumber": 0}, "z": [[24.35, 24.35, 24.35, 24.26, 24.27, 24.4, 24.41, 24.42, 24.42, 24.36, 24.34, 24.33, 24.46, 24.46, 24.37, 24.36, 24.36, 24.35, 24.35, 24.34], [24.34, 24.35, 24.35, 24.36, 24.27, 24.29, 24.41, 24.43, 24.44, 24.38, 24.35, 24.33, 24.46, 24.45, 24.37, 24.36, 24.35, 24.35, 24.34, 24.34], [24.34, 24.34, 24.35, 24.35, 24.26, 24.28, 24.31, 24.44, 24.49, 24.4, 24.35, 24.33, 24.45, 24.45, 24.37, 24.36, 24.35, 24.34, 24.33, 24.33], [24.34, 24.34, 24.34, 24.35, 24.35, 24.27, 24.29, 24.34, 24.38, 24.36, 24.32, 24.32, 24.44, 24.32, 24.37, 24.35, 24.34, 24.33, 24.32, 24.33], [24.33, 24.33, 24.33, 24.34, 24.34, 24.24, 24.26, 24.27, 24.27, 24.3, 24.29, 24.32, 24.37, 24.34, 24.37, 24.35, 24.32, 24.31, 24.31, 24.32], [24.33, 24.33, 24.33, 24.33, 24.33, 24.33, 24.22, 24.21, 24.2, 24.16, 24.24, 24.3, 24.35, 24.43, 24.37, 24.33, 24.3, 24.28, 24.29, 24.3], [24.26, 24.32, 24.32, 24.32, 24.32, 24.31, 24.15, 24.18, 24.16, 24.12, 24.11, 24.27, 24.46, 24.45, 24.37, 24.32, 24.26, 24.24, 24.24, 24.25], [24.26, 24.26, 24.26, 24.26, 24.26, 24.17, 24.16, 24.16, 24.18, 24.1, 23.99, 24.32, 24.32, 24.45, 24.31, 24.34, 24.28, 24.25, 24.29, 24.32], [24.24, 24.24, 24.26, 24.26, 24.26, 24.26, 24.25, 24.16, 24.1, 24.14, 24.13, 24.22, 24.26, 24.2, 24.32, 24.36, 24.32, 24.3, 24.31, 24.33], [24.3, 24.3, 24.3, 24.25, 24.26, 24.28, 24.27, 24.25, 24.03, 24.05, 24.26, 24.16, 24.2, 24.18, 24.32, 24.37, 24.34, 24.33, 24.33, 24.34], [24.3, 24.3, 24.3, 24.3, 24.3, 24.3, 24.3, 24.3, 24.26, 24.1, 23.9, 24.13, 24.16, 24.16, 24.32, 24.38, 24.36, 24.35, 24.35, 24.35], [24.3, 24.3, 24.3, 24.3, 24.3, 24.3, 24.3, 24.3, 24.3, -999.0, 23.9, 24.5, 24.5, 24.14, 24.31, 24.39, 24.38, 23.86, 23.87, 23.87], [24.3, 24.3, 24.3, 24.3, 24.3, 24.3, 24.3, 24.3, 24.3, 24.3, -999.0, 24.5, 24.5, 23.91, 24.17, 23.98, 23.99, 23.91, 23.92, 23.93], [24.3, 24.3, 24.3, 24.3, 24.3, 24.3, 24.3, 24.3, 24.3, 24.3, -999.0, 23.6, 23.6, 23.6, 24.09, 23.93, 23.94, 23.87, 23.88, 23.89], [24.3, 24.3, 24.3, 24.3, 24.3, 24.3, 24.3, 24.2, 24.2, 24.2, 24.2, 23.97, 23.6, 23.6, 23.6, 23.87, 23.89, 23.82, 23.84, 23.86], [24.3, 24.3, 24.24, 24.24, 24.23, 24.2, 24.2, 24.2, 24.2, 24.2, 23.82, 23.87, 23.81, 23.76, 23.81, 23.82, 23.85, 23.79, 23.92, 23.94], [24.24, 24.24, 24.26, 24.26, 24.2, 24.2, 24.2, 24.2, 24.2, 24.2, 23.94, 23.87, 23.79, 23.72, 23.74, 23.78, 23.84, 23.89, 23.93, 23.95], [24.26, 24.26, 24.26, 24.26, 24.2, 24.2, 24.2, 24.2, 24.2, 24.05, 23.97, 23.88, 23.78, 23.74, 23.62, 23.76, 23.85, 23.9, 23.94, 23.97], [24.26, 24.26, 24.26, 24.2, 24.2, 24.2, 24.2, 24.2, 24.15, 24.08, 24.01, 23.93, 23.87, 23.79, 23.74, 23.81, 23.88, 23.94, 23.97, 23.99], [24.26, 24.26, 24.14, 24.15, 24.15, 24.15, 24.16, 24.18, 24.13, 24.08, 24.02, 23.95, 23.91, 23.87, 23.86, 23.9, 23.95, 23.98, 24.0, 24.01], [24.14, 24.14, 24.14, 24.16, 24.16, 24.16, 24.17, 24.17, 24.08, 24.06, 24.02, 23.97, 23.95, 23.93, 23.95, 23.98, 24.01, 24.03, 24.04, 24.04], [24.15, 24.15, 24.15, 24.16, 24.16, 24.16, 24.16, 24.17, 24.06, 24.04, 24.02, 23.99, 23.95, 23.99, 24.02, 24.05, 24.08, 24.09, 24.08, 24.07], [24.15, 24.15, 24.15, 24.16, 24.16, 24.16, 24.16, 24.16, 24.15, 24.15, 24.15, 24.16, 24.16, 24.03, 24.06, 24.1, 24.14, 24.13, 24.12, 24.1], [24.16, 24.16, 24.16, 24.16, 24.16, 24.16, 24.15, 24.15, 24.14, 24.14, 24.14, 24.15, 24.16, 24.17, 24.18, 24.13, 24.18, 24.17, 24.14, 24.11], [24.16, 24.16, 24.16, 24.16, 24.16, 24.16, 24.15, 24.14, 24.13, 24.12, 24.13, 24.15, 24.16, 24.17, 24.18, 24.19, 24.17, 24.17, 24.14, 24.12], [24.16, 24.16, 24.16, 24.16, 24.16, 24.16, 24.15, 24.14, 24.13, 24.12, 24.14, 24.15, 24.16, 24.17, 24.18, 24.2, 24.2, 24.2, 24.13, 24.12], [24.16, 24.16, 24.16, 24.16, 24.16, 24.16, 24.15, 24.15, 24.15, 24.14, 24.15, 24.16, 24.16, 24.2, 24.2, 24.2, 24.2, 24.2, 24.2, 24.2], [24.16, 24.16, 24.16, 24.16, 24.16, 24.16, 24.16, 24.16, 24.16, 24.17, 24.17, 24.17, 24.17, 24.17, 24.2, 24.2, 24.2, 24.2, 24.2, 24.2], [24.16, 24.16, 24.16, 24.16, 24.16, 24.16, 24.16, 24.16, 24.17, 24.18, 24.19, 24.18, 24.17, 24.17, 24.2, 24.2, 24.2, 24.2, 24.2, 24.2], [24.16, 24.16, 24.16, 24.16, 24.16, 24.16, 24.16, 24.17, 24.17, 24.18, 24.19, 24.18, 24.18, 24.17, 24.2, 24.2, 24.2, 24.2, 24.2, 24.2], [24.16, 24.16, 24.16, 24.16, 24.16, 24.16, 24.17, 24.17, 24.17, 24.18, 24.18, 24.18, 24.18, 24.17, 24.2, 24.2, 24.2, 24.2, 24.2, 24.2], [24.16, 24.16, 24.16, 24.16, 24.17, 24.17, 24.17, 24.17, 24.17, 24.17, 24.18, 24.18, 24.17, 24.17, 24.2, 24.2, 24.2, 24.2, 24.2, 24.2]]}