gis_exercise/awsData/contour/temp_2023091312.json
{"header": {"refTime": "2023-09-13T12:00:00.000Z", "nx": 21, "ny": 33, "lo1": 113.509, "la1": 22.2235, "lo2": 113.5947, "la2": 22.1034, "dx": 0.0042850000000001385, "dy": 0.003753125000000024, "parameterCategory": 0, "parameterCategoryName": "Temperature", "parameterNumber": 0}, "z": [[29.21, 29.2, 29.2, 29.39, 29.37, 29.06, 29.04, 29.02, 29.01, 29.09, 29.1, 29.11, 29.22, 29.24, 28.57, 28.54, 28.91, 28.88, 28.87, 28.86], [29.21, 29.21, 29.2, 29.19, 29.37, 29.33, 29.04, 29.0, 28.98, 29.06, 29.09, 29.1, 29.21, 29.23, 28.57, 28.92, 28.89, 28.85, 28.83, 28.82], [29.22, 29.22, 29.21, 29.2, 29.38, 29.34, 29.27, 28.99, 28.92, 29.04, 29.09, 29.1, 29.19, 29.22, 28.96, 28.9, 28.85, 28.81, 28.79, 28.78], [29.23, 29.22, 29.22, 29.21, 29.2, 29.37, 29.32, 29.23, 29.15, 29.09, 29.12, 29.08, 29.13, 29.4, 28.95, 28.88, 28.8, 28.74, 28.72, 28.73], [29.23, 29.23, 29.23, 29.23, 29.23, 29.42, 29.4, 29.37, 29.37, 29.19, 29.18, 29.34, 29.04, 29.34, 28.95, 28.84, 28.71, 28.64, 28.64, 28.67], [29.24, 29.24, 29.24, 29.24, 29.25, 29.26, 29.48, 29.49, 29.52, 29.57, 29.7, 29.51, 29.29, 29.33, 28.98, 28.78, 28.56, 28.46, 28.52, 28.61], [29.38, 29.25, 29.25, 29.26, 29.27, 29.29, 29.6, 29.56, 29.6, 29.94, 30.02, 29.84, 29.71, 29.62, 29.03, 28.72, 28.33, 28.19, 28.07, 28.12], [29.37, 29.37, 29.37, 29.37, 29.38, 29.54, 29.58, 29.61, 29.69, 29.93, 30.02, 30.28, 30.28, 29.6, 28.83, 29.1, 28.56, 28.36, 28.67, 28.88], [29.43, 29.42, 29.35, 29.35, 29.34, 29.36, 29.41, 29.59, 29.73, 29.94, 30.15, 30.21, 30.24, 30.2, 28.9, 29.2, 28.88, 28.75, 28.83, 28.95], [29.2, 29.2, 29.2, 29.39, 29.36, 29.29, 29.34, 29.41, 29.83, 29.81, 30.24, 30.18, 30.2, 30.19, 28.9, 29.31, 29.11, 29.0, 28.99, 29.04], [29.2, 29.2, 29.2, 29.2, 29.2, 29.2, 29.2, 29.2, 29.34, 29.74, 30.0, 30.15, 30.17, 30.17, 28.87, 29.39, 29.24, 29.16, 29.14, 29.15], [29.2, 29.2, 29.2, 29.2, 29.2, 29.2, 29.2, 29.2, 29.2, -999.0, 30.0, 30.4, 30.4, 30.16, 28.85, 29.47, 29.39, 28.87, 28.84, 28.84], [29.2, 29.2, 29.2, 29.2, 29.2, 29.2, 29.2, 29.2, 29.2, 29.2, -999.0, 30.4, 30.4, 29.88, 30.11, 28.52, 28.51, 28.72, 28.69, 28.67], [29.2, 29.2, 29.2, 29.2, 29.2, 29.2, 29.2, 29.2, 29.2, 29.2, -999.0, 29.6, 29.6, 29.6, 30.04, 28.66, 28.63, 28.85, 28.8, 28.77], [29.2, 29.2, 29.2, 29.2, 29.2, 29.2, 29.2, 29.8, 29.8, 29.8, 29.8, 29.72, 29.6, 29.6, 29.6, 28.82, 28.77, 28.97, 28.91, 28.86], [29.2, 29.2, 29.58, 29.58, 29.6, 29.8, 29.8, 29.8, 29.8, 29.8, 29.67, 29.69, 29.67, 29.65, 29.67, 29.09, 29.01, 29.15, 28.78, 28.72], [29.59, 29.59, 29.41, 29.42, 29.8, 29.8, 29.8, 29.8, 29.8, 29.8, 29.71, 29.69, 29.66, 29.64, 29.47, 29.61, 29.61, 29.62, 29.62, 29.63], [29.41, 29.42, 29.43, 29.45, 29.8, 29.8, 29.8, 29.8, 29.8, 29.75, 29.72, 29.69, 29.66, 29.48, 29.58, 29.6, 29.61, 29.61, 29.62, 29.63], [29.43, 29.44, 29.45, 29.8, 29.8, 29.8, 29.8, 29.8, 29.78, 29.76, 29.61, 29.58, 29.4, 29.42, 29.6, 29.6, 29.6, 29.61, 29.62, 29.63], [29.43, 29.44, 29.4, 29.42, 29.45, 29.48, 29.54, 29.68, 29.7, 29.64, 29.59, 29.56, 29.35, 29.32, 29.59, 29.59, 29.59, 29.6, 29.62, 29.63], [29.37, 29.38, 29.4, 29.51, 29.53, 29.55, 29.57, 29.6, 29.6, 29.58, 29.55, 29.53, 29.28, 29.59, 29.58, 29.56, 29.56, 29.58, 29.61, 29.64], [29.47, 29.48, 29.48, 29.49, 29.49, 29.5, 29.5, 29.61, 29.51, 29.5, 29.49, 29.49, 28.99, 29.59, 29.56, 29.52, 29.5, 29.54, 29.62, 29.66], [29.46, 29.46, 29.46, 29.62, 29.61, 29.6, 29.58, 29.55, 29.52, 29.51, 29.52, 29.07, 29.42, 29.59, 29.54, 29.45, 29.33, 29.5, 29.66, 29.7], [29.64, 29.63, 29.62, 29.61, 29.6, 29.58, 29.55, 29.5, 29.44, 29.41, 29.46, 29.13, 29.42, 29.46, 29.47, 29.47, 28.87, 29.73, 29.79, 29.76], [29.64, 29.63, 29.62, 29.61, 29.6, 29.57, 29.53, 29.46, 29.34, 29.24, 29.4, 29.18, 29.11, 29.48, 29.53, 29.59, 29.92, 30.3, 29.93, 29.82], [29.64, 29.63, 29.63, 29.62, 29.6, 29.58, 29.54, 29.48, 29.37, 29.28, 29.24, 29.25, 29.19, 29.5, 29.57, 29.82, 29.94, 30.03, 29.9, 29.83], [29.64, 29.64, 29.63, 29.62, 29.61, 29.6, 29.58, 29.55, 29.51, 29.52, 29.38, 29.36, 29.28, 29.85, 29.84, 29.85, 29.9, 29.93, 29.92, 29.89], [29.65, 29.64, 29.64, 29.63, 29.63, 29.62, 29.62, 29.63, 29.66, 29.56, 29.61, 29.97, 30.03, 30.13, 29.87, 29.87, 29.88, 29.89, 29.89, 29.88], [29.65, 29.65, 29.65, 29.65, 29.65, 29.65, 29.66, 29.69, 29.76, 29.77, 30.06, 30.02, 30.05, 30.12, 29.88, 29.88, 29.88, 29.88, 29.88, 29.87], [29.66, 29.66, 29.66, 29.66, 29.66, 29.67, 29.69, 29.73, 29.96, 30.01, 30.05, 30.04, 30.06, 30.11, 29.9, 29.88, 29.88, 29.88, 29.87, 29.87], [29.66, 29.66, 29.66, 29.67, 29.68, 29.69, 29.71, 29.74, 29.98, 30.01, 30.03, 30.05, 30.07, 30.11, 29.9, 29.89, 29.88, 29.88, 29.87, 29.87], [29.66, 29.67, 29.67, 29.68, 29.68, 29.7, 29.72, 29.98, 29.99, 30.01, 30.03, 30.05, 30.08, 30.11, 29.9, 29.89, 29.88, 29.88, 29.87, 29.87]]}