gis_exercise/awsData/contour/temp_2023090119.json
{"header": {"refTime": "2023-09-01T19:00:00.000Z", "nx": 21, "ny": 33, "lo1": 113.509, "la1": 22.2235, "lo2": 113.5947, "la2": 22.1034, "dx": 0.0042850000000001385, "dy": 0.003753125000000024, "parameterCategory": 0, "parameterCategoryName": "Temperature", "parameterNumber": 0}, "z": [[26.11, 26.1, 26.09, 25.83, 25.83, 26.16, 26.14, 26.13, 26.14, 26.08, 26.12, 26.17, 26.42, 26.44, 26.48, 26.49, 26.62, 26.62, 26.61, 26.6], [26.12, 26.11, 26.1, 26.08, 25.83, 25.84, 26.12, 26.09, 26.07, 26.05, 26.12, 26.2, 26.45, 26.48, 26.51, 26.64, 26.62, 26.61, 26.6, 26.6], [26.12, 26.12, 26.11, 26.09, 25.83, 25.84, 25.85, 26.05, 25.94, 26.03, 26.14, 26.25, 26.51, 26.53, 26.66, 26.64, 26.62, 26.61, 26.6, 26.59], [26.13, 26.13, 26.12, 26.1, 26.09, 25.84, 25.84, 25.85, 25.86, 26.05, 26.18, 26.34, 26.61, 26.51, 26.66, 26.63, 26.61, 26.6, 26.59, 26.59], [26.14, 26.14, 26.13, 26.12, 26.1, 25.83, 25.84, 25.84, 25.83, 26.07, 26.19, 26.53, 26.74, 26.56, 26.66, 26.62, 26.59, 26.58, 26.58, 26.58], [26.16, 26.15, 26.15, 26.14, 26.13, 26.11, 25.84, 25.84, 25.82, 25.78, 26.23, 26.42, 26.6, 26.73, 26.64, 26.6, 26.57, 26.56, 26.56, 26.57], [26.28, 26.17, 26.17, 26.17, 26.15, 26.13, 26.0, 25.86, 25.85, 25.85, 25.83, 26.24, 26.62, 26.64, 26.6, 26.58, 26.54, 26.53, 26.57, 26.6], [26.29, 26.29, 26.29, 26.29, 26.28, 26.08, 26.03, 25.98, 25.97, 25.81, 25.65, 26.12, 26.13, 26.65, 26.46, 26.45, 26.47, 26.48, 26.47, 26.46], [26.21, 26.22, 26.31, 26.32, 26.32, 26.3, 26.24, 26.01, 25.84, 25.87, 25.85, 25.98, 26.04, 25.96, 26.46, 26.45, 26.46, 26.47, 26.46, 26.46], [26.5, 26.5, 26.5, 26.27, 26.3, 26.39, 26.33, 26.24, 25.72, 25.74, 26.05, 25.9, 25.94, 25.92, 26.46, 26.44, 26.45, 26.46, 26.46, 26.45], [26.5, 26.5, 26.5, 26.5, 26.5, 26.5, 26.5, 26.5, 26.32, 25.83, 25.5, 25.84, 25.88, 25.89, 26.46, 26.44, 26.45, 26.45, 26.45, 26.45], [26.5, 26.5, 26.5, 26.5, 26.5, 26.5, 26.5, 26.5, 26.5, -999.0, 25.5, 26.4, 26.4, 25.86, 26.46, 26.44, 26.44, 25.59, 25.61, 25.62], [26.5, 26.5, 26.5, 26.5, 26.5, 26.5, 26.5, 26.5, 26.5, 26.5, -999.0, 26.4, 26.4, 25.42, 25.85, 25.92, 25.93, 25.73, 25.76, 25.78], [26.5, 26.5, 26.5, 26.5, 26.5, 26.5, 26.5, 26.5, 26.5, 26.5, -999.0, 24.9, 24.9, 24.9, 25.72, 25.78, 25.81, 25.61, 25.65, 25.68], [26.5, 26.5, 26.5, 26.5, 26.5, 26.5, 26.5, 26.4, 26.4, 26.4, 26.4, 25.82, 24.9, 24.9, 24.9, 25.63, 25.68, 25.5, 25.55, 25.6], [26.5, 26.5, 26.44, 26.44, 26.43, 26.4, 26.4, 26.4, 26.4, 26.4, 25.46, 25.56, 25.42, 25.3, 25.43, 25.45, 25.53, 25.39, 25.72, 25.78], [26.44, 26.44, 26.46, 26.46, 26.4, 26.4, 26.4, 26.4, 26.4, 26.4, 25.75, 25.57, 25.37, 25.19, 25.25, 25.13, 25.22, 25.28, 25.32, 25.35], [26.46, 26.46, 26.46, 26.46, 26.4, 26.4, 26.4, 26.4, 26.4, 26.02, 25.82, 25.59, 25.36, 25.26, 24.95, 25.11, 25.23, 25.3, 25.35, 25.37], [26.46, 26.46, 26.46, 26.4, 26.4, 26.4, 26.4, 26.4, 26.27, 26.11, 26.0, 25.82, 25.58, 25.38, 25.09, 25.18, 25.28, 25.34, 25.38, 25.4], [26.46, 26.46, 26.51, 26.51, 26.5, 26.49, 26.47, 26.43, 26.28, 26.18, 26.04, 25.88, 25.68, 25.57, 25.25, 25.3, 25.37, 25.41, 25.43, 25.44], [26.52, 26.52, 26.52, 26.48, 26.48, 26.47, 26.47, 26.46, 26.21, 26.16, 26.07, 25.95, 25.78, 25.35, 25.38, 25.43, 25.47, 25.49, 25.48, 25.47], [26.49, 26.49, 26.49, 26.49, 26.49, 26.49, 26.48, 26.52, 26.21, 26.18, 26.11, 26.02, 25.93, 25.43, 25.48, 25.54, 25.59, 25.58, 25.53, 25.5], [26.5, 26.5, 26.5, 26.55, 26.55, 26.55, 26.55, 26.55, 26.55, 26.56, 26.56, 26.49, 26.03, 25.48, 25.55, 25.65, 25.75, 25.66, 25.56, 25.51], [26.56, 26.56, 26.56, 26.56, 26.56, 26.56, 26.56, 26.57, 26.57, 26.58, 26.58, 26.58, 26.05, 25.95, 25.88, 25.68, 26.04, 25.59, 25.52, 25.5], [26.56, 26.56, 26.56, 26.57, 26.57, 26.57, 26.58, 26.58, 26.59, 26.6, 26.59, 26.58, 26.57, 25.95, 25.86, 25.78, 25.49, 25.31, 25.46, 25.48], [26.57, 26.57, 26.57, 26.57, 26.58, 26.58, 26.59, 26.59, 26.6, 26.6, 26.6, 26.59, 26.58, 25.95, 25.86, 25.78, 25.66, 25.6, 25.46, 25.47], [26.57, 26.57, 26.58, 26.58, 26.58, 26.59, 26.59, 26.6, 26.61, 26.61, 26.61, 26.61, 26.59, 26.02, 25.92, 25.83, 25.75, 25.72, 25.73, 25.75], [26.57, 26.58, 26.58, 26.58, 26.59, 26.59, 26.6, 26.61, 26.62, 26.64, 26.64, 26.41, 26.28, 26.14, 25.98, 25.89, 25.83, 25.79, 25.79, 25.8], [26.58, 26.58, 26.58, 26.59, 26.59, 26.6, 26.61, 26.62, 26.63, 26.66, 26.62, 26.47, 26.33, 26.19, 26.03, 25.95, 25.89, 25.85, 25.84, 25.84], [26.58, 26.58, 26.59, 26.59, 26.6, 26.6, 26.61, 26.62, 26.46, 26.53, 26.57, 26.46, 26.34, 26.22, 26.07, 25.99, 25.94, 25.9, 25.88, 25.87], [26.58, 26.59, 26.59, 26.59, 26.6, 26.61, 26.61, 26.62, 26.43, 26.46, 26.46, 26.41, 26.32, 26.23, 26.09, 26.02, 25.97, 25.94, 25.92, 25.9], [26.58, 26.59, 26.59, 26.59, 26.6, 26.61, 26.61, 26.37, 26.39, 26.4, 26.39, 26.35, 26.29, 26.22, 26.1, 26.04, 26.0, 25.97, 25.94, 25.93]]}