gis_exercise/awsData/contour/temp_2023090800.json
{"header": {"refTime": "2023-09-08T00:00:00.000Z", "nx": 21, "ny": 33, "lo1": 113.509, "la1": 22.2235, "lo2": 113.5947, "la2": 22.1034, "dx": 0.0042850000000001385, "dy": 0.003753125000000024, "parameterCategory": 0, "parameterCategoryName": "Temperature", "parameterNumber": 0}, "z": [[26.32, 26.32, 26.31, 26.1, 26.11, 26.27, 26.27, 26.26, 26.26, 26.15, 26.16, 26.16, 26.3, 26.31, 26.23, 26.21, 26.23, 26.22, 26.21, 26.21], [26.32, 26.32, 26.31, 26.31, 26.11, 26.11, 26.26, 26.25, 26.25, 26.16, 26.16, 26.17, 26.31, 26.32, 26.23, 26.24, 26.23, 26.21, 26.21, 26.2], [26.33, 26.32, 26.32, 26.31, 26.11, 26.11, 26.13, 26.24, 26.21, 26.17, 26.16, 26.18, 26.32, 26.33, 26.26, 26.24, 26.22, 26.2, 26.2, 26.19], [26.33, 26.33, 26.32, 26.32, 26.31, 26.11, 26.12, 26.13, 26.15, 26.15, 26.16, 26.2, 26.34, 26.24, 26.26, 26.23, 26.2, 26.19, 26.18, 26.18], [26.34, 26.34, 26.33, 26.33, 26.32, 26.11, 26.11, 26.11, 26.11, 26.11, 26.14, 26.24, 26.34, 26.26, 26.26, 26.22, 26.18, 26.16, 26.16, 26.16], [26.34, 26.34, 26.34, 26.34, 26.33, 26.32, 26.11, 26.11, 26.09, 26.04, 26.1, 26.2, 26.28, 26.37, 26.25, 26.19, 26.14, 26.12, 26.13, 26.15], [26.41, 26.35, 26.35, 26.35, 26.35, 26.34, 26.2, 26.14, 26.12, 26.02, 25.97, 26.13, 26.34, 26.35, 26.23, 26.17, 26.09, 26.06, 26.07, 26.1], [26.41, 26.42, 26.42, 26.41, 26.41, 26.24, 26.22, 26.22, 26.23, 26.0, 25.82, 26.12, 26.12, 26.35, 26.11, 26.14, 26.08, 26.05, 26.09, 26.12], [26.39, 26.39, 26.42, 26.43, 26.43, 26.42, 26.4, 26.22, 26.11, 26.04, 25.93, 26.02, 26.06, 26.0, 26.12, 26.16, 26.12, 26.1, 26.11, 26.13], [26.5, 26.5, 26.5, 26.41, 26.42, 26.45, 26.43, 26.4, 25.96, 25.99, 26.06, 25.96, 26.0, 25.98, 26.12, 26.17, 26.14, 26.13, 26.13, 26.14], [26.5, 26.5, 26.5, 26.5, 26.5, 26.5, 26.5, 26.5, 26.43, 26.09, 25.7, 25.93, 25.96, 25.96, 26.12, 26.18, 26.16, 26.15, 26.15, 26.15], [26.5, 26.5, 26.5, 26.5, 26.5, 26.5, 26.5, 26.5, 26.5, -999.0, 25.7, 26.3, 26.3, 25.94, 26.11, 26.19, 26.18, 25.66, 25.67, 25.67], [26.5, 26.5, 26.5, 26.5, 26.5, 26.5, 26.5, 26.5, 26.5, 26.5, -999.0, 26.3, 26.3, 25.71, 25.97, 25.78, 25.79, 25.71, 25.72, 25.73], [26.5, 26.5, 26.5, 26.5, 26.5, 26.5, 26.5, 26.5, 26.5, 26.5, -999.0, 25.4, 25.4, 25.4, 25.89, 25.73, 25.74, 25.67, 25.68, 25.69], [26.5, 26.5, 26.5, 26.5, 26.5, 26.5, 26.5, 26.3, 26.3, 26.3, 26.3, 25.95, 25.4, 25.4, 25.4, 25.67, 25.69, 25.62, 25.64, 25.66], [26.5, 26.5, 26.37, 26.37, 26.37, 26.3, 26.3, 26.3, 26.3, 26.3, 25.73, 25.8, 25.71, 25.64, 25.72, 25.55, 25.57, 25.53, 25.66, 25.68], [26.37, 26.37, 26.43, 26.43, 26.3, 26.3, 26.3, 26.3, 26.3, 26.3, 25.91, 25.8, 25.68, 25.58, 25.55, 25.5, 25.54, 25.57, 25.59, 25.61], [26.43, 26.43, 26.42, 26.42, 26.3, 26.3, 26.3, 26.3, 26.3, 26.07, 25.95, 25.82, 25.68, 25.56, 25.42, 25.49, 25.55, 25.58, 25.6, 25.61], [26.42, 26.42, 26.42, 26.3, 26.3, 26.3, 26.3, 26.3, 26.22, 26.12, 26.04, 25.93, 25.72, 25.61, 25.49, 25.52, 25.57, 25.6, 25.62, 25.63], [26.42, 26.42, 26.3, 26.3, 26.3, 26.3, 26.3, 26.3, 26.22, 26.15, 26.06, 25.96, 25.76, 25.69, 25.55, 25.58, 25.6, 25.62, 25.64, 25.64], [26.3, 26.3, 26.3, 26.3, 26.3, 26.3, 26.3, 26.3, 26.16, 26.12, 26.07, 26.0, 25.79, 25.6, 25.61, 25.63, 25.64, 25.66, 25.66, 25.66], [26.3, 26.3, 26.3, 26.3, 26.3, 26.3, 26.3, 26.32, 26.14, 26.12, 26.08, 26.03, 25.82, 25.63, 25.65, 25.67, 25.68, 25.69, 25.68, 25.68], [26.3, 26.3, 26.3, 26.33, 26.32, 26.32, 26.32, 26.32, 26.32, 26.32, 26.32, 26.17, 25.96, 25.66, 25.68, 25.7, 25.72, 25.72, 25.7, 25.69], [26.33, 26.33, 26.33, 26.33, 26.33, 26.32, 26.32, 26.32, 26.32, 26.32, 26.32, 26.2, 25.97, 25.91, 25.86, 25.72, 25.77, 25.73, 25.71, 25.7], [26.33, 26.33, 26.33, 26.33, 26.33, 26.33, 26.33, 26.32, 26.32, 26.31, 26.32, 26.22, 26.18, 25.91, 25.86, 25.82, 25.72, 25.71, 25.71, 25.7], [26.33, 26.33, 26.33, 26.33, 26.33, 26.33, 26.33, 26.33, 26.32, 26.31, 26.26, 26.24, 26.2, 25.92, 25.87, 25.85, 25.81, 25.8, 25.7, 25.7], [26.33, 26.33, 26.33, 26.33, 26.33, 26.33, 26.33, 26.33, 26.33, 26.33, 26.28, 26.25, 26.22, 25.98, 25.93, 25.88, 25.85, 25.84, 25.84, 25.85], [26.33, 26.33, 26.33, 26.34, 26.34, 26.34, 26.34, 26.34, 26.35, 26.3, 26.31, 26.27, 26.22, 26.17, 25.96, 25.92, 25.89, 25.87, 25.87, 25.87], [26.34, 26.34, 26.34, 26.34, 26.34, 26.34, 26.34, 26.35, 26.36, 26.34, 26.36, 26.3, 26.24, 26.19, 25.99, 25.95, 25.92, 25.9, 25.89, 25.89], [26.34, 26.34, 26.34, 26.34, 26.34, 26.34, 26.35, 26.35, 26.29, 26.32, 26.34, 26.3, 26.24, 26.2, 26.02, 25.97, 25.94, 25.92, 25.91, 25.91], [26.34, 26.34, 26.34, 26.34, 26.34, 26.34, 26.35, 26.35, 26.28, 26.29, 26.3, 26.27, 26.24, 26.2, 26.03, 25.99, 25.96, 25.94, 25.93, 25.92], [26.34, 26.34, 26.34, 26.34, 26.34, 26.35, 26.35, 26.25, 26.26, 26.27, 26.26, 26.25, 26.23, 26.2, 26.03, 26.0, 25.98, 25.96, 25.94, 25.94]]}