gis_exercise/awsData/contour/temp_2023090719.json
{"header": {"refTime": "2023-09-07T19:00:00.000Z", "nx": 21, "ny": 33, "lo1": 113.509, "la1": 22.2235, "lo2": 113.5947, "la2": 22.1034, "dx": 0.0042850000000001385, "dy": 0.003753125000000024, "parameterCategory": 0, "parameterCategoryName": "Temperature", "parameterNumber": 0}, "z": [[26.07, 26.07, 26.07, 25.99, 26.0, 26.14, 26.14, 26.14, 26.15, 26.12, 26.13, 26.14, 26.24, 26.25, 26.37, 26.38, 26.42, 26.42, 26.43, 26.43], [26.07, 26.07, 26.07, 26.07, 26.0, 26.01, 26.14, 26.13, 26.13, 26.12, 26.13, 26.15, 26.25, 26.26, 26.38, 26.41, 26.42, 26.43, 26.43, 26.43], [26.07, 26.07, 26.07, 26.07, 26.0, 26.0, 26.02, 26.13, 26.11, 26.11, 26.14, 26.17, 26.27, 26.28, 26.41, 26.42, 26.43, 26.44, 26.44, 26.44], [26.07, 26.07, 26.07, 26.07, 26.07, 26.0, 26.01, 26.03, 26.05, 26.11, 26.14, 26.19, 26.3, 26.24, 26.41, 26.42, 26.44, 26.45, 26.45, 26.45], [26.07, 26.07, 26.07, 26.07, 26.07, 25.99, 25.99, 26.0, 26.0, 26.1, 26.14, 26.24, 26.33, 26.26, 26.41, 26.43, 26.45, 26.47, 26.47, 26.46], [26.07, 26.07, 26.07, 26.07, 26.06, 26.06, 25.98, 25.98, 25.97, 25.95, 26.12, 26.2, 26.27, 26.33, 26.4, 26.44, 26.48, 26.5, 26.49, 26.47], [26.06, 26.07, 26.07, 26.07, 26.06, 26.06, 25.97, 25.97, 25.96, 25.95, 25.94, 26.12, 26.29, 26.3, 26.4, 26.45, 26.52, 26.55, 26.56, 26.55], [26.06, 26.06, 26.06, 26.06, 26.06, 25.99, 25.98, 25.98, 25.99, 25.93, 25.86, 26.08, 26.08, 26.3, 26.45, 26.41, 26.5, 26.53, 26.48, 26.44], [26.04, 26.04, 26.06, 26.06, 26.06, 26.06, 26.05, 25.98, 25.94, 25.96, 25.95, 26.01, 26.04, 26.0, 26.44, 26.39, 26.44, 26.46, 26.45, 26.43], [26.1, 26.1, 26.1, 26.05, 26.06, 26.08, 26.07, 26.05, 25.89, 25.9, 26.04, 25.98, 26.0, 25.99, 26.44, 26.37, 26.41, 26.42, 26.42, 26.42], [26.1, 26.1, 26.1, 26.1, 26.1, 26.1, 26.1, 26.1, 26.06, 25.93, 25.8, 25.95, 25.97, 25.97, 26.44, 26.36, 26.39, 26.4, 26.4, 26.4], [26.1, 26.1, 26.1, 26.1, 26.1, 26.1, 26.1, 26.1, 26.1, -999.0, 25.8, 26.2, 26.2, 25.96, 26.45, 26.35, 26.36, 26.2, 26.21, 26.21], [26.1, 26.1, 26.1, 26.1, 26.1, 26.1, 26.1, 26.1, 26.1, 26.1, -999.0, 26.2, 26.2, 26.0, 26.09, 26.35, 26.35, 26.26, 26.28, 26.28], [26.1, 26.1, 26.1, 26.1, 26.1, 26.1, 26.1, 26.1, 26.1, 26.1, -999.0, 25.9, 25.9, 25.9, 26.06, 26.29, 26.3, 26.21, 26.23, 26.24], [26.1, 26.1, 26.1, 26.1, 26.1, 26.1, 26.1, 26.3, 26.3, 26.3, 26.3, 26.15, 25.9, 25.9, 25.9, 26.22, 26.24, 26.16, 26.19, 26.21], [26.1, 26.1, 26.23, 26.23, 26.23, 26.3, 26.3, 26.3, 26.3, 26.3, 26.05, 26.08, 26.04, 26.01, 26.04, 26.19, 26.24, 26.16, 26.3, 26.33], [26.23, 26.23, 26.17, 26.17, 26.3, 26.3, 26.3, 26.3, 26.3, 26.3, 26.13, 26.08, 26.03, 25.98, 26.04, 26.11, 26.18, 26.24, 26.28, 26.31], [26.17, 26.17, 26.18, 26.18, 26.3, 26.3, 26.3, 26.3, 26.3, 26.2, 26.14, 26.08, 26.02, 26.04, 25.92, 26.09, 26.19, 26.26, 26.3, 26.33], [26.18, 26.18, 26.18, 26.3, 26.3, 26.3, 26.3, 26.3, 26.26, 26.22, 26.2, 26.15, 26.15, 26.09, 26.07, 26.15, 26.23, 26.3, 26.33, 26.35], [26.18, 26.18, 26.36, 26.35, 26.35, 26.35, 26.34, 26.32, 26.27, 26.25, 26.21, 26.17, 26.2, 26.17, 26.21, 26.25, 26.31, 26.35, 26.37, 26.39], [26.36, 26.36, 26.36, 26.34, 26.34, 26.34, 26.33, 26.33, 26.26, 26.25, 26.22, 26.19, 26.24, 26.29, 26.31, 26.35, 26.39, 26.41, 26.42, 26.42], [26.35, 26.35, 26.35, 26.34, 26.34, 26.34, 26.34, 26.46, 26.27, 26.26, 26.24, 26.22, 26.32, 26.36, 26.39, 26.44, 26.47, 26.48, 26.47, 26.45], [26.35, 26.35, 26.35, 26.51, 26.51, 26.5, 26.49, 26.48, 26.48, 26.48, 26.5, 26.45, 26.53, 26.41, 26.45, 26.5, 26.55, 26.54, 26.5, 26.48], [26.54, 26.54, 26.53, 26.53, 26.52, 26.52, 26.51, 26.5, 26.49, 26.49, 26.5, 26.62, 26.52, 26.55, 26.57, 26.54, 26.63, 26.56, 26.52, 26.49], [26.55, 26.55, 26.54, 26.54, 26.54, 26.54, 26.53, 26.51, 26.48, 26.45, 26.51, 26.62, 26.66, 26.54, 26.56, 26.58, 26.55, 26.53, 26.52, 26.5], [26.56, 26.56, 26.56, 26.56, 26.56, 26.56, 26.55, 26.54, 26.5, 26.47, 26.59, 26.65, 26.68, 26.54, 26.56, 26.66, 26.63, 26.62, 26.51, 26.49], [26.57, 26.57, 26.57, 26.57, 26.58, 26.58, 26.58, 26.58, 26.58, 26.59, 26.68, 26.71, 26.71, 26.74, 26.71, 26.68, 26.66, 26.65, 26.65, 26.66], [26.57, 26.58, 26.58, 26.59, 26.59, 26.6, 26.62, 26.64, 26.67, 26.76, 26.8, 26.75, 26.71, 26.68, 26.73, 26.7, 26.68, 26.67, 26.67, 26.67], [26.58, 26.59, 26.59, 26.6, 26.61, 26.62, 26.64, 26.68, 26.73, 26.86, 26.93, 26.82, 26.75, 26.7, 26.75, 26.72, 26.7, 26.69, 26.68, 26.68], [26.59, 26.59, 26.6, 26.61, 26.62, 26.64, 26.66, 26.7, 26.78, 26.85, 26.89, 26.82, 26.76, 26.72, 26.76, 26.74, 26.72, 26.7, 26.7, 26.69], [26.59, 26.6, 26.61, 26.62, 26.63, 26.65, 26.67, 26.7, 26.77, 26.8, 26.82, 26.79, 26.75, 26.72, 26.77, 26.75, 26.73, 26.72, 26.71, 26.7], [26.6, 26.61, 26.61, 26.63, 26.64, 26.65, 26.67, 26.73, 26.75, 26.77, 26.78, 26.76, 26.74, 26.72, 26.77, 26.75, 26.74, 26.73, 26.72, 26.71]]}