gis_exercise/awsData/contour/temp_2023083110.json
{"header": {"refTime": "2023-08-31T10:00:00.000Z", "nx": 21, "ny": 33, "lo1": 113.509, "la1": 22.2235, "lo2": 113.5947, "la2": 22.1034, "dx": 0.0042850000000001385, "dy": 0.003753125000000024, "parameterCategory": 0, "parameterCategoryName": "Temperature", "parameterNumber": 0}, "z": [[29.26, 29.26, 29.25, 28.95, 28.96, 29.33, 29.34, 29.35, 29.36, 29.32, 29.34, 29.37, 29.63, 29.64, 29.7, 29.71, 29.76, 29.75, 29.75, 29.74], [29.26, 29.26, 29.26, 29.25, 28.96, 28.99, 29.33, 29.33, 29.34, 29.32, 29.35, 29.39, 29.65, 29.67, 29.72, 29.77, 29.76, 29.75, 29.75, 29.74], [29.27, 29.26, 29.26, 29.25, 28.95, 28.98, 29.03, 29.32, 29.31, 29.31, 29.36, 29.43, 29.69, 29.7, 29.79, 29.77, 29.76, 29.75, 29.74, 29.74], [29.27, 29.27, 29.26, 29.25, 29.24, 28.96, 29.0, 29.06, 29.12, 29.31, 29.38, 29.5, 29.77, 29.59, 29.79, 29.77, 29.75, 29.74, 29.74, 29.74], [29.28, 29.27, 29.27, 29.25, 29.24, 28.92, 28.94, 28.96, 28.96, 29.27, 29.36, 29.61, 29.84, 29.64, 29.79, 29.76, 29.74, 29.73, 29.73, 29.73], [29.29, 29.28, 29.28, 29.26, 29.24, 29.21, 28.88, 28.87, 28.85, 28.82, 29.29, 29.49, 29.68, 29.83, 29.77, 29.74, 29.73, 29.72, 29.72, 29.73], [29.3, 29.3, 29.29, 29.28, 29.26, 29.22, 28.95, 28.82, 28.79, 28.8, 28.81, 29.3, 29.72, 29.74, 29.74, 29.73, 29.71, 29.71, 29.76, 29.77], [29.32, 29.32, 29.32, 29.32, 29.3, 29.07, 28.99, 28.88, 28.81, 28.76, 28.64, 29.19, 29.2, 29.75, 29.63, 29.6, 29.65, 29.66, 29.64, 29.62], [29.18, 29.2, 29.36, 29.37, 29.38, 29.34, 29.23, 28.95, 28.7, 28.82, 28.88, 29.03, 29.1, 29.01, 29.62, 29.6, 29.62, 29.63, 29.63, 29.62], [29.7, 29.7, 29.7, 29.28, 29.34, 29.5, 29.39, 29.23, 28.63, 28.65, 29.11, 28.94, 28.99, 28.97, 29.62, 29.59, 29.6, 29.61, 29.61, 29.61], [29.7, 29.7, 29.7, 29.7, 29.7, 29.7, 29.7, 29.7, 29.38, 28.7, 28.5, 28.88, 28.93, 28.93, 29.62, 29.58, 29.59, 29.6, 29.6, 29.6], [29.7, 29.7, 29.7, 29.7, 29.7, 29.7, 29.7, 29.7, 29.7, -999.0, 28.5, 29.5, 29.5, 28.9, 29.62, 29.57, 29.58, 28.79, 28.81, 28.82], [29.7, 29.7, 29.7, 29.7, 29.7, 29.7, 29.7, 29.7, 29.7, 29.7, -999.0, 29.5, 29.5, 28.59, 28.99, 29.12, 29.13, 28.93, 28.96, 28.98], [29.7, 29.7, 29.7, 29.7, 29.7, 29.7, 29.7, 29.7, 29.7, 29.7, -999.0, 28.1, 28.1, 28.1, 28.87, 28.98, 29.01, 28.81, 28.85, 28.88], [29.7, 29.7, 29.7, 29.7, 29.7, 29.7, 29.7, 29.3, 29.3, 29.3, 29.3, 28.84, 28.1, 28.1, 28.1, 28.83, 28.88, 28.7, 28.75, 28.8], [29.7, 29.7, 29.45, 29.44, 29.44, 29.3, 29.3, 29.3, 29.3, 29.3, 28.54, 28.63, 28.51, 28.42, 28.53, 28.17, 28.18, 28.16, 28.57, 28.6], [29.44, 29.44, 29.56, 29.55, 29.3, 29.3, 29.3, 29.3, 29.3, 29.3, 28.78, 28.64, 28.48, 28.33, 28.27, 28.3, 28.37, 28.43, 28.47, 28.5], [29.56, 29.55, 29.55, 29.53, 29.3, 29.3, 29.3, 29.3, 29.3, 29.0, 28.83, 28.65, 28.47, 28.28, 28.12, 28.28, 28.38, 28.44, 28.49, 28.52], [29.55, 29.54, 29.53, 29.3, 29.3, 29.3, 29.3, 29.3, 29.19, 29.07, 29.03, 28.88, 28.46, 28.33, 28.26, 28.33, 28.42, 28.48, 28.52, 28.54], [29.54, 29.54, 29.53, 29.52, 29.5, 29.48, 29.45, 29.37, 29.23, 29.16, 29.06, 28.94, 28.5, 28.41, 28.39, 28.43, 28.48, 28.52, 28.55, 28.57], [29.54, 29.54, 29.53, 29.47, 29.46, 29.45, 29.43, 29.41, 29.21, 29.17, 29.1, 29.01, 28.53, 28.47, 28.48, 28.51, 28.55, 28.58, 28.6, 28.61], [29.49, 29.48, 29.48, 29.48, 29.48, 29.47, 29.47, 29.58, 29.23, 29.21, 29.16, 29.09, 28.69, 28.53, 28.55, 28.57, 28.6, 28.62, 28.64, 28.64], [29.49, 29.49, 29.49, 29.65, 29.64, 29.64, 29.63, 29.64, 29.64, 29.65, 29.66, 29.21, 29.11, 28.58, 28.6, 28.61, 28.6, 28.66, 28.69, 28.68], [29.67, 29.67, 29.67, 29.67, 29.67, 29.67, 29.67, 29.68, 29.69, 29.69, 29.7, 29.46, 29.14, 29.03, 28.93, 28.65, 28.5, 28.77, 28.76, 28.72], [29.69, 29.69, 29.69, 29.69, 29.69, 29.7, 29.7, 29.71, 29.71, 29.71, 29.72, 29.51, 29.39, 29.05, 28.96, 28.89, 28.84, 28.97, 28.81, 28.75], [29.7, 29.7, 29.7, 29.71, 29.71, 29.72, 29.73, 29.74, 29.73, 29.73, 29.63, 29.56, 29.45, 29.08, 29.0, 29.02, 29.0, 29.02, 28.79, 28.75], [29.71, 29.71, 29.72, 29.72, 29.73, 29.74, 29.76, 29.77, 29.78, 29.79, 29.68, 29.62, 29.52, 29.27, 29.16, 29.09, 29.06, 29.05, 29.04, 29.05], [29.72, 29.72, 29.73, 29.74, 29.75, 29.76, 29.78, 29.81, 29.84, 29.78, 29.8, 29.86, 29.81, 29.75, 29.24, 29.16, 29.11, 29.09, 29.08, 29.08], [29.73, 29.73, 29.74, 29.75, 29.76, 29.78, 29.8, 29.84, 29.88, 29.89, 30.03, 29.92, 29.84, 29.78, 29.3, 29.22, 29.17, 29.14, 29.12, 29.11], [29.73, 29.74, 29.75, 29.76, 29.78, 29.79, 29.82, 29.85, 29.9, 29.96, 30.0, 29.93, 29.85, 29.79, 29.34, 29.27, 29.21, 29.18, 29.15, 29.14], [29.74, 29.75, 29.76, 29.77, 29.78, 29.8, 29.82, 29.85, 29.88, 29.91, 29.92, 29.89, 29.84, 29.8, 29.37, 29.3, 29.25, 29.21, 29.18, 29.17], [29.74, 29.75, 29.76, 29.77, 29.79, 29.8, 29.82, 29.84, 29.86, 29.88, 29.88, 29.86, 29.83, 29.79, 29.38, 29.32, 29.27, 29.24, 29.21, 29.19]]}