gis_exercise/awsData/contour/temp_2023090709.json
{"header": {"refTime": "2023-09-07T09:00:00.000Z", "nx": 21, "ny": 33, "lo1": 113.509, "la1": 22.2235, "lo2": 113.5947, "la2": 22.1034, "dx": 0.0042850000000001385, "dy": 0.003753125000000024, "parameterCategory": 0, "parameterCategoryName": "Temperature", "parameterNumber": 0}, "z": [[27.91, 27.9, 27.89, 27.62, 27.62, 27.84, 27.83, 27.83, 27.83, 27.84, 27.87, 27.91, 28.12, 28.15, 28.16, 28.17, 28.34, 28.34, 28.33, 28.33], [27.91, 27.9, 27.89, 27.87, 27.62, 27.63, 27.82, 27.8, 27.8, 27.82, 27.87, 27.92, 28.14, 28.17, 28.18, 28.34, 28.34, 28.33, 28.33, 28.33], [27.92, 27.91, 27.9, 27.88, 27.62, 27.63, 27.64, 27.78, 27.72, 27.8, 27.89, 27.96, 28.18, 28.2, 28.35, 28.34, 28.34, 28.33, 28.33, 28.33], [27.93, 27.93, 27.91, 27.89, 27.87, 27.62, 27.63, 27.65, 27.66, 27.82, 27.91, 28.03, 28.25, 28.2, 28.35, 28.34, 28.33, 28.33, 28.33, 28.33], [27.95, 27.94, 27.93, 27.91, 27.89, 27.61, 27.62, 27.62, 27.62, 27.84, 27.93, 28.2, 28.32, 28.23, 28.35, 28.34, 28.33, 28.33, 28.32, 28.32], [27.97, 27.96, 27.95, 27.94, 27.92, 27.88, 27.61, 27.6, 27.6, 27.59, 28.03, 28.15, 28.25, 28.37, 28.34, 28.33, 28.32, 28.32, 28.32, 28.32], [28.1, 27.99, 27.98, 27.97, 27.95, 27.91, 27.8, 27.59, 27.59, 27.69, 27.72, 28.06, 28.34, 28.35, 28.33, 28.33, 28.31, 28.31, 28.32, 28.32], [28.12, 28.12, 28.12, 28.12, 28.1, 27.92, 27.83, 27.71, 27.63, 27.66, 27.6, 28.05, 28.06, 28.35, 28.3, 28.3, 28.3, 28.3, 28.3, 28.3], [27.98, 28.0, 28.16, 28.17, 28.18, 28.14, 28.03, 27.79, 27.57, 27.71, 27.81, 27.93, 27.98, 27.91, 28.3, 28.3, 28.3, 28.3, 28.3, 28.3], [28.5, 28.5, 28.5, 28.08, 28.14, 28.3, 28.19, 28.03, 27.54, 27.55, 27.99, 27.85, 27.9, 27.87, 28.3, 28.3, 28.3, 28.3, 28.3, 28.3], [28.5, 28.5, 28.5, 28.5, 28.5, 28.5, 28.5, 28.5, 28.18, 27.57, 27.5, 27.8, 27.84, 27.84, 28.3, 28.3, 28.3, 28.3, 28.3, 28.3], [28.5, 28.5, 28.5, 28.5, 28.5, 28.5, 28.5, 28.5, 28.5, -999.0, 27.5, 28.3, 28.3, 27.82, 28.3, 28.3, 28.3, 28.07, 28.08, 28.08], [28.5, 28.5, 28.5, 28.5, 28.5, 28.5, 28.5, 28.5, 28.5, 28.5, -999.0, 28.3, 28.3, 28.04, 28.15, 28.15, 28.16, 28.11, 28.12, 28.12], [28.5, 28.5, 28.5, 28.5, 28.5, 28.5, 28.5, 28.5, 28.5, 28.5, -999.0, 27.9, 27.9, 27.9, 28.12, 28.12, 28.13, 28.08, 28.09, 28.1], [28.5, 28.5, 28.5, 28.5, 28.5, 28.5, 28.5, 28.7, 28.7, 28.7, 28.7, 28.39, 27.9, 27.9, 27.9, 28.08, 28.1, 28.05, 28.06, 28.08], [28.5, 28.5, 28.63, 28.63, 28.63, 28.7, 28.7, 28.7, 28.7, 28.7, 28.2, 28.25, 28.18, 28.11, 28.19, 28.23, 28.28, 28.19, 28.25, 28.27], [28.63, 28.63, 28.57, 28.57, 28.7, 28.7, 28.7, 28.7, 28.7, 28.7, 28.36, 28.26, 28.15, 28.06, 28.1, 28.17, 28.26, 28.34, 28.39, 28.43], [28.57, 28.57, 28.58, 28.58, 28.7, 28.7, 28.7, 28.7, 28.7, 28.5, 28.39, 28.27, 28.14, 28.1, 27.93, 28.14, 28.27, 28.36, 28.41, 28.45], [28.58, 28.58, 28.58, 28.7, 28.7, 28.7, 28.7, 28.7, 28.63, 28.54, 28.51, 28.41, 28.28, 28.17, 28.12, 28.21, 28.33, 28.4, 28.45, 28.48], [28.58, 28.58, 28.81, 28.81, 28.8, 28.79, 28.77, 28.73, 28.65, 28.6, 28.53, 28.45, 28.34, 28.28, 28.29, 28.35, 28.42, 28.47, 28.5, 28.52], [28.82, 28.82, 28.82, 28.78, 28.78, 28.77, 28.77, 28.76, 28.62, 28.6, 28.55, 28.49, 28.4, 28.4, 28.43, 28.47, 28.52, 28.55, 28.56, 28.57], [28.79, 28.79, 28.79, 28.79, 28.79, 28.79, 28.78, 28.8, 28.63, 28.62, 28.58, 28.53, 28.51, 28.49, 28.53, 28.58, 28.62, 28.63, 28.62, 28.61], [28.8, 28.8, 28.8, 28.82, 28.82, 28.82, 28.82, 28.83, 28.83, 28.84, 28.84, 28.81, 28.84, 28.55, 28.6, 28.65, 28.7, 28.7, 28.67, 28.65], [28.83, 28.83, 28.83, 28.83, 28.83, 28.83, 28.84, 28.85, 28.86, 28.86, 28.86, 28.88, 28.84, 28.83, 28.82, 28.7, 28.77, 28.75, 28.71, 28.67], [28.83, 28.83, 28.83, 28.84, 28.84, 28.84, 28.85, 28.86, 28.87, 28.89, 28.87, 28.88, 28.87, 28.83, 28.82, 28.81, 28.75, 28.76, 28.71, 28.68], [28.84, 28.84, 28.84, 28.84, 28.85, 28.85, 28.86, 28.87, 28.88, 28.89, 28.89, 28.88, 28.87, 28.83, 28.82, 28.82, 28.81, 28.81, 28.7, 28.67], [28.84, 28.84, 28.84, 28.85, 28.85, 28.85, 28.86, 28.87, 28.87, 28.88, 28.89, 28.88, 28.88, 28.84, 28.83, 28.82, 28.82, 28.81, 28.81, 28.82], [28.84, 28.84, 28.85, 28.85, 28.85, 28.86, 28.86, 28.87, 28.87, 28.89, 28.89, 28.89, 28.88, 28.87, 28.83, 28.83, 28.82, 28.82, 28.82, 28.82], [28.84, 28.85, 28.85, 28.85, 28.85, 28.86, 28.86, 28.87, 28.88, 28.89, 28.9, 28.89, 28.88, 28.87, 28.84, 28.83, 28.83, 28.82, 28.82, 28.82], [28.84, 28.85, 28.85, 28.85, 28.86, 28.86, 28.86, 28.87, 28.89, 28.89, 28.89, 28.89, 28.88, 28.87, 28.84, 28.83, 28.83, 28.83, 28.83, 28.82], [28.85, 28.85, 28.85, 28.85, 28.86, 28.86, 28.86, 28.87, 28.89, 28.89, 28.89, 28.88, 28.88, 28.88, 28.84, 28.84, 28.83, 28.83, 28.83, 28.83], [28.85, 28.85, 28.85, 28.85, 28.86, 28.86, 28.86, 28.88, 28.88, 28.88, 28.88, 28.88, 28.88, 28.87, 28.84, 28.84, 28.84, 28.83, 28.83, 28.83]]}