gis_exercise/awsData/contour/temp_2023090723.json
{"header": {"refTime": "2023-09-07T23:00:00.000Z", "nx": 21, "ny": 33, "lo1": 113.509, "la1": 22.2235, "lo2": 113.5947, "la2": 22.1034, "dx": 0.0042850000000001385, "dy": 0.003753125000000024, "parameterCategory": 0, "parameterCategoryName": "Temperature", "parameterNumber": 0}, "z": [[26.43, 26.43, 26.42, 26.19, 26.2, 26.44, 26.44, 26.44, 26.45, 26.34, 26.34, 26.35, 26.5, 26.5, 26.58, 26.58, 26.56, 26.56, 26.55, 26.55], [26.43, 26.43, 26.42, 26.42, 26.2, 26.22, 26.44, 26.43, 26.43, 26.35, 26.35, 26.36, 26.51, 26.51, 26.59, 26.56, 26.56, 26.56, 26.56, 26.55], [26.43, 26.43, 26.43, 26.42, 26.2, 26.21, 26.24, 26.43, 26.41, 26.35, 26.35, 26.38, 26.53, 26.53, 26.57, 26.56, 26.56, 26.56, 26.56, 26.56], [26.43, 26.43, 26.43, 26.42, 26.42, 26.2, 26.23, 26.26, 26.29, 26.33, 26.35, 26.41, 26.56, 26.41, 26.57, 26.56, 26.56, 26.56, 26.56, 26.56], [26.44, 26.44, 26.43, 26.43, 26.42, 26.19, 26.2, 26.21, 26.2, 26.28, 26.32, 26.43, 26.58, 26.45, 26.57, 26.56, 26.56, 26.56, 26.56, 26.56], [26.44, 26.44, 26.44, 26.43, 26.43, 26.42, 26.18, 26.17, 26.15, 26.09, 26.21, 26.35, 26.47, 26.57, 26.56, 26.56, 26.57, 26.57, 26.57, 26.56], [26.47, 26.45, 26.45, 26.44, 26.44, 26.42, 26.22, 26.18, 26.15, 26.02, 25.97, 26.21, 26.47, 26.5, 26.54, 26.55, 26.58, 26.58, 26.62, 26.62], [26.47, 26.47, 26.47, 26.47, 26.47, 26.28, 26.25, 26.24, 26.23, 26.0, 25.82, 26.12, 26.12, 26.5, 26.49, 26.46, 26.52, 26.55, 26.51, 26.48], [26.43, 26.43, 26.49, 26.49, 26.49, 26.48, 26.44, 26.24, 26.11, 26.04, 25.93, 26.02, 26.06, 26.0, 26.48, 26.44, 26.48, 26.5, 26.49, 26.47], [26.6, 26.6, 26.6, 26.46, 26.48, 26.53, 26.5, 26.44, 25.96, 25.99, 26.06, 25.96, 26.0, 25.98, 26.48, 26.43, 26.46, 26.47, 26.47, 26.46], [26.6, 26.6, 26.6, 26.6, 26.6, 26.6, 26.6, 26.6, 26.49, 26.09, 25.7, 25.93, 25.96, 25.96, 26.48, 26.42, 26.44, 26.45, 26.45, 26.45], [26.6, 26.6, 26.6, 26.6, 26.6, 26.6, 26.6, 26.6, 26.6, -999.0, 25.7, 26.3, 26.3, 25.94, 26.49, 26.41, 26.42, 25.97, 25.99, 25.99], [26.6, 26.6, 26.6, 26.6, 26.6, 26.6, 26.6, 26.6, 26.6, 26.6, -999.0, 26.3, 26.3, 25.78, 26.01, 26.2, 26.21, 26.07, 26.09, 26.1], [26.6, 26.6, 26.6, 26.6, 26.6, 26.6, 26.6, 26.6, 26.6, 26.6, -999.0, 25.5, 25.5, 25.5, 25.94, 26.11, 26.13, 25.99, 26.02, 26.04], [26.6, 26.6, 26.6, 26.6, 26.6, 26.6, 26.6, 26.5, 26.5, 26.5, 26.5, 26.12, 25.5, 25.5, 25.5, 26.0, 26.04, 25.91, 25.95, 25.98], [26.6, 26.6, 26.54, 26.54, 26.53, 26.5, 26.5, 26.5, 26.5, 26.5, 25.87, 25.94, 25.85, 25.76, 25.86, 25.72, 25.75, 25.69, 25.95, 25.98], [26.54, 26.54, 26.56, 26.56, 26.5, 26.5, 26.5, 26.5, 26.5, 26.5, 26.07, 25.95, 25.82, 25.7, 25.69, 25.66, 25.72, 25.77, 25.8, 25.82], [26.56, 26.56, 26.56, 26.56, 26.5, 26.5, 26.5, 26.5, 26.5, 26.25, 26.11, 25.96, 25.81, 25.7, 25.53, 25.65, 25.73, 25.78, 25.81, 25.84], [26.56, 26.56, 26.56, 26.5, 26.5, 26.5, 26.5, 26.5, 26.41, 26.31, 26.19, 26.07, 25.88, 25.76, 25.63, 25.69, 25.76, 25.81, 25.84, 25.86], [26.56, 26.56, 26.44, 26.45, 26.45, 26.45, 26.46, 26.48, 26.39, 26.31, 26.21, 26.1, 25.93, 25.85, 25.74, 25.78, 25.82, 25.85, 25.87, 25.88], [26.44, 26.44, 26.44, 26.46, 26.46, 26.46, 26.47, 26.47, 26.32, 26.28, 26.21, 26.13, 25.98, 25.81, 25.82, 25.85, 25.88, 25.9, 25.91, 25.91], [26.45, 26.45, 26.45, 26.46, 26.46, 26.46, 26.46, 26.5, 26.29, 26.26, 26.22, 26.17, 25.99, 25.86, 25.89, 25.92, 25.94, 25.95, 25.94, 25.93], [26.45, 26.45, 26.45, 26.51, 26.51, 26.51, 26.5, 26.5, 26.49, 26.49, 26.49, 26.35, 26.18, 25.9, 25.93, 25.97, 26.0, 26.0, 25.97, 25.95], [26.52, 26.52, 26.52, 26.52, 26.51, 26.51, 26.5, 26.49, 26.48, 26.47, 26.48, 26.4, 26.19, 26.15, 26.12, 26.0, 26.06, 26.02, 25.99, 25.97], [26.52, 26.52, 26.52, 26.52, 26.52, 26.51, 26.5, 26.49, 26.46, 26.44, 26.47, 26.42, 26.39, 26.16, 26.12, 26.09, 26.01, 26.0, 25.99, 25.97], [26.53, 26.53, 26.52, 26.52, 26.52, 26.52, 26.51, 26.49, 26.47, 26.45, 26.44, 26.44, 26.42, 26.16, 26.13, 26.15, 26.11, 26.1, 25.98, 25.97], [26.53, 26.53, 26.53, 26.53, 26.53, 26.52, 26.52, 26.52, 26.51, 26.51, 26.48, 26.47, 26.45, 26.28, 26.23, 26.18, 26.15, 26.14, 26.14, 26.15], [26.53, 26.53, 26.53, 26.53, 26.53, 26.53, 26.54, 26.54, 26.55, 26.54, 26.55, 26.51, 26.46, 26.41, 26.26, 26.22, 26.19, 26.17, 26.17, 26.17], [26.53, 26.53, 26.54, 26.54, 26.54, 26.54, 26.55, 26.56, 26.58, 26.6, 26.65, 26.56, 26.49, 26.43, 26.29, 26.25, 26.22, 26.2, 26.19, 26.19], [26.54, 26.54, 26.54, 26.54, 26.54, 26.55, 26.56, 26.57, 26.54, 26.59, 26.62, 26.56, 26.5, 26.44, 26.32, 26.27, 26.24, 26.22, 26.21, 26.21], [26.54, 26.54, 26.54, 26.54, 26.55, 26.55, 26.56, 26.58, 26.52, 26.55, 26.55, 26.53, 26.49, 26.45, 26.33, 26.29, 26.26, 26.24, 26.23, 26.22], [26.54, 26.54, 26.54, 26.55, 26.55, 26.56, 26.56, 26.49, 26.5, 26.52, 26.52, 26.5, 26.47, 26.44, 26.33, 26.3, 26.28, 26.26, 26.24, 26.24]]}