gis_exercise/awsData/contour/temp_2023090317.json
{"header": {"refTime": "2023-09-03T17:00:00.000Z", "nx": 21, "ny": 33, "lo1": 113.509, "la1": 22.2235, "lo2": 113.5947, "la2": 22.1034, "dx": 0.0042850000000001385, "dy": 0.003753125000000024, "parameterCategory": 0, "parameterCategoryName": "Temperature", "parameterNumber": 0}, "z": [[30.35, 30.36, 30.36, 30.09, 30.11, 30.35, 30.37, 30.39, 30.4, 30.25, 30.2, 30.16, 30.47, 30.46, 30.15, 30.12, 30.12, 30.11, 30.09, 30.09], [30.35, 30.35, 30.36, 30.37, 30.11, 30.15, 30.39, 30.43, 30.45, 30.3, 30.22, 30.16, 30.45, 30.44, 30.14, 30.13, 30.11, 30.09, 30.08, 30.07], [30.34, 30.35, 30.35, 30.36, 30.1, 30.14, 30.21, 30.45, 30.56, 30.34, 30.21, 30.14, 30.42, 30.42, 30.16, 30.12, 30.09, 30.07, 30.05, 30.05], [30.34, 30.34, 30.34, 30.35, 30.36, 30.11, 30.16, 30.25, 30.34, 30.26, 30.15, 30.12, 30.37, 30.14, 30.16, 30.11, 30.06, 30.03, 30.02, 30.02], [30.34, 30.34, 30.34, 30.34, 30.34, 30.06, 30.09, 30.11, 30.11, 30.11, 30.06, 30.12, 30.17, 30.15, 30.16, 30.09, 30.01, 29.98, 29.97, 29.99], [30.33, 30.33, 30.33, 30.32, 30.32, 30.31, 30.01, 30.0, 29.96, 29.89, 29.99, 30.1, 30.17, 30.37, 30.16, 30.05, 29.93, 29.89, 29.91, 29.96], [30.22, 30.33, 30.32, 30.32, 30.3, 30.28, 29.92, 29.95, 29.9, 29.81, 29.79, 30.1, 30.48, 30.46, 30.16, 30.01, 29.82, 29.74, 29.71, 29.75], [30.23, 30.23, 30.23, 30.23, 30.22, 29.99, 29.96, 29.93, 29.96, 29.76, 29.52, 30.27, 30.28, 30.45, 30.01, 30.13, 29.89, 29.8, 29.94, 30.03], [30.17, 30.18, 30.25, 30.25, 30.26, 30.24, 30.19, 29.94, 29.78, 29.85, 29.84, 30.04, 30.14, 30.01, 30.04, 30.17, 30.03, 29.97, 30.01, 30.06], [30.4, 30.4, 30.4, 30.21, 30.24, 30.31, 30.26, 30.19, 29.6, 29.64, 30.15, 29.92, 29.99, 29.96, 30.04, 30.22, 30.13, 30.08, 30.08, 30.1], [30.4, 30.4, 30.4, 30.4, 30.4, 30.4, 30.4, 30.4, 30.26, 29.76, 29.3, 29.83, 29.9, 29.9, 30.03, 30.26, 30.19, 30.15, 30.14, 30.15], [30.4, 30.4, 30.4, 30.4, 30.4, 30.4, 30.4, 30.4, 30.4, -999.0, 29.3, 30.7, 30.7, 29.86, 30.02, 30.29, 30.25, 29.26, 29.27, 29.27], [30.4, 30.4, 30.4, 30.4, 30.4, 30.4, 30.4, 30.4, 30.4, 30.4, -999.0, 30.7, 30.7, 29.59, 30.08, 29.38, 29.39, 29.31, 29.32, 29.33], [30.4, 30.4, 30.4, 30.4, 30.4, 30.4, 30.4, 30.4, 30.4, 30.4, -999.0, 29.0, 29.0, 29.0, 29.93, 29.33, 29.34, 29.27, 29.28, 29.29], [30.4, 30.4, 30.4, 30.4, 30.4, 30.4, 30.4, 30.5, 30.5, 30.5, 30.5, 29.92, 29.0, 29.0, 29.0, 29.27, 29.29, 29.22, 29.24, 29.26], [30.4, 30.4, 30.46, 30.46, 30.47, 30.5, 30.5, 30.5, 30.5, 30.5, 29.56, 29.66, 29.52, 29.4, 29.53, 28.96, 28.96, 28.97, 29.13, 29.14], [30.46, 30.46, 30.44, 30.44, 30.5, 30.5, 30.5, 30.5, 30.5, 30.5, 29.85, 29.67, 29.47, 29.29, 29.17, 29.1, 29.13, 29.16, 29.18, 29.2], [30.44, 30.44, 30.44, 30.44, 30.5, 30.5, 30.5, 30.5, 30.5, 30.12, 29.92, 29.69, 29.46, 29.19, 29.02, 29.09, 29.13, 29.17, 29.19, 29.2], [30.44, 30.44, 30.44, 30.5, 30.5, 30.5, 30.5, 30.5, 30.37, 30.21, 29.94, 29.75, 29.39, 29.24, 29.08, 29.11, 29.15, 29.18, 29.2, 29.22], [30.44, 30.44, 30.1, 30.12, 30.15, 30.18, 30.24, 30.38, 30.28, 30.12, 29.94, 29.78, 29.43, 29.3, 29.14, 29.16, 29.18, 29.2, 29.22, 29.23], [30.07, 30.08, 30.1, 30.21, 30.23, 30.25, 30.27, 30.3, 30.1, 30.02, 29.91, 29.79, 29.44, 29.18, 29.18, 29.19, 29.21, 29.23, 29.24, 29.25], [30.17, 30.18, 30.18, 30.19, 30.19, 30.2, 30.2, 30.29, 29.99, 29.94, 29.88, 29.8, 29.23, 29.2, 29.21, 29.22, 29.22, 29.24, 29.26, 29.27], [30.16, 30.16, 30.16, 30.3, 30.29, 30.27, 30.26, 30.23, 30.2, 30.19, 30.2, 29.77, 29.5, 29.23, 29.23, 29.22, 29.2, 29.25, 29.29, 29.29], [30.31, 30.3, 30.3, 30.29, 30.27, 30.25, 30.22, 30.18, 30.12, 30.09, 30.13, 29.8, 29.51, 29.46, 29.4, 29.24, 29.09, 29.34, 29.35, 29.32], [30.31, 30.3, 30.29, 30.28, 30.27, 30.24, 30.2, 30.14, 30.03, 29.93, 30.08, 29.85, 29.78, 29.47, 29.42, 29.39, 29.4, 29.52, 29.39, 29.34], [30.31, 30.3, 30.29, 30.28, 30.27, 30.25, 30.21, 30.15, 30.05, 29.96, 29.92, 29.92, 29.85, 29.49, 29.45, 29.57, 29.55, 29.56, 29.38, 29.34], [30.31, 30.3, 30.3, 30.29, 30.28, 30.26, 30.24, 30.21, 30.18, 30.18, 30.04, 30.02, 29.94, 29.83, 29.73, 29.65, 29.61, 29.6, 29.6, 29.6], [30.31, 30.31, 30.3, 30.3, 30.29, 30.29, 30.28, 30.29, 30.31, 30.21, 30.25, 30.3, 30.23, 30.17, 29.8, 29.72, 29.67, 29.65, 29.64, 29.64], [30.32, 30.31, 30.31, 30.31, 30.31, 30.31, 30.32, 30.34, 30.4, 30.39, 30.59, 30.41, 30.29, 30.21, 29.87, 29.78, 29.73, 29.69, 29.68, 29.67], [30.32, 30.32, 30.32, 30.32, 30.32, 30.33, 30.35, 30.38, 30.35, 30.46, 30.53, 30.42, 30.31, 30.24, 29.91, 29.83, 29.78, 29.74, 29.71, 29.7], [30.32, 30.32, 30.33, 30.33, 30.33, 30.34, 30.36, 30.39, 30.33, 30.39, 30.41, 30.37, 30.3, 30.24, 29.94, 29.87, 29.81, 29.77, 29.75, 29.73], [30.33, 30.33, 30.33, 30.33, 30.34, 30.35, 30.37, 30.27, 30.3, 30.33, 30.34, 30.32, 30.28, 30.24, 29.95, 29.89, 29.84, 29.8, 29.77, 29.75]]}