gis_exercise/awsData/contour/temp_2023090207.json
{"header": {"refTime": "2023-09-02T07:00:00.000Z", "nx": 21, "ny": 33, "lo1": 113.509, "la1": 22.2235, "lo2": 113.5947, "la2": 22.1034, "dx": 0.0042850000000001385, "dy": 0.003753125000000024, "parameterCategory": 0, "parameterCategoryName": "Temperature", "parameterNumber": 0}, "z": [[25.83, 25.82, 25.82, 25.59, 25.6, 25.84, 25.84, 25.84, 25.85, 25.79, 25.8, 25.81, 25.98, 25.99, 25.99, 25.99, 26.01, 26.01, 26.0, 26.0], [25.83, 25.83, 25.82, 25.82, 25.6, 25.61, 25.83, 25.83, 25.84, 25.79, 25.8, 25.82, 26.0, 26.01, 26.0, 26.02, 26.01, 26.0, 26.0, 25.99], [25.83, 25.83, 25.82, 25.82, 25.59, 25.61, 25.64, 25.82, 25.81, 25.79, 25.81, 25.84, 26.02, 26.03, 26.04, 26.02, 26.01, 26.0, 25.99, 25.99], [25.84, 25.83, 25.83, 25.82, 25.81, 25.6, 25.62, 25.66, 25.69, 25.78, 25.81, 25.88, 26.06, 25.93, 26.04, 26.02, 26.0, 25.99, 25.98, 25.98], [25.84, 25.84, 25.83, 25.83, 25.81, 25.58, 25.59, 25.6, 25.6, 25.74, 25.79, 25.95, 26.09, 25.97, 26.04, 26.01, 25.99, 25.98, 25.97, 25.97], [25.85, 25.84, 25.84, 25.83, 25.82, 25.8, 25.56, 25.56, 25.54, 25.5, 25.73, 25.87, 25.99, 26.1, 26.02, 25.99, 25.97, 25.95, 25.96, 25.97], [25.88, 25.85, 25.85, 25.85, 25.83, 25.81, 25.62, 25.54, 25.52, 25.47, 25.46, 25.75, 26.03, 26.05, 26.0, 25.98, 25.94, 25.93, 25.96, 25.97], [25.89, 25.89, 25.89, 25.89, 25.88, 25.7, 25.65, 25.6, 25.57, 25.45, 25.31, 25.68, 25.69, 26.05, 25.9, 25.9, 25.9, 25.9, 25.9, 25.9], [25.81, 25.82, 25.91, 25.92, 25.92, 25.9, 25.84, 25.63, 25.47, 25.49, 25.47, 25.57, 25.62, 25.56, 25.9, 25.9, 25.9, 25.9, 25.9, 25.9], [26.1, 26.1, 26.1, 25.87, 25.9, 25.99, 25.93, 25.84, 25.37, 25.39, 25.63, 25.51, 25.55, 25.53, 25.9, 25.9, 25.9, 25.9, 25.9, 25.9], [26.1, 26.1, 26.1, 26.1, 26.1, 26.1, 26.1, 26.1, 25.92, 25.46, 25.2, 25.47, 25.5, 25.5, 25.9, 25.9, 25.9, 25.9, 25.9, 25.9], [26.1, 26.1, 26.1, 26.1, 26.1, 26.1, 26.1, 26.1, 26.1, -999.0, 25.2, 25.9, 25.9, 25.48, 25.9, 25.9, 25.9, 25.45, 25.46, 25.46], [26.1, 26.1, 26.1, 26.1, 26.1, 26.1, 26.1, 26.1, 26.1, 26.1, -999.0, 25.9, 25.9, 25.38, 25.61, 25.61, 25.61, 25.52, 25.53, 25.54], [26.1, 26.1, 26.1, 26.1, 26.1, 26.1, 26.1, 26.1, 26.1, 26.1, -999.0, 25.1, 25.1, 25.1, 25.54, 25.54, 25.55, 25.45, 25.48, 25.49], [26.1, 26.1, 26.1, 26.1, 26.1, 26.1, 26.1, 26.0, 26.0, 26.0, 26.0, 25.65, 25.1, 25.1, 25.1, 25.47, 25.49, 25.4, 25.43, 25.45], [26.1, 26.1, 26.04, 26.04, 26.03, 26.0, 26.0, 26.0, 26.0, 26.0, 25.43, 25.5, 25.41, 25.34, 25.42, 25.32, 25.35, 25.29, 25.47, 25.5], [26.04, 26.04, 26.06, 26.06, 26.0, 26.0, 26.0, 26.0, 26.0, 26.0, 25.61, 25.5, 25.38, 25.28, 25.27, 25.24, 25.28, 25.32, 25.35, 25.37], [26.06, 26.06, 26.06, 26.06, 26.0, 26.0, 26.0, 26.0, 26.0, 25.77, 25.65, 25.52, 25.38, 25.28, 25.13, 25.22, 25.29, 25.33, 25.36, 25.38], [26.06, 26.06, 26.06, 26.0, 26.0, 26.0, 26.0, 26.0, 25.92, 25.82, 25.72, 25.61, 25.46, 25.34, 25.21, 25.26, 25.32, 25.36, 25.38, 25.39], [26.06, 26.06, 25.94, 25.95, 25.95, 25.95, 25.96, 25.98, 25.9, 25.83, 25.73, 25.64, 25.5, 25.43, 25.3, 25.33, 25.37, 25.39, 25.41, 25.41], [25.94, 25.94, 25.94, 25.96, 25.96, 25.96, 25.97, 25.97, 25.84, 25.8, 25.74, 25.67, 25.54, 25.36, 25.37, 25.4, 25.42, 25.43, 25.44, 25.44], [25.95, 25.95, 25.95, 25.96, 25.96, 25.96, 25.96, 25.95, 25.81, 25.78, 25.75, 25.7, 25.55, 25.4, 25.42, 25.45, 25.48, 25.48, 25.47, 25.46], [25.95, 25.95, 25.95, 25.94, 25.94, 25.94, 25.94, 25.94, 25.93, 25.93, 25.93, 25.88, 25.69, 25.43, 25.46, 25.5, 25.54, 25.52, 25.49, 25.47], [25.94, 25.94, 25.94, 25.93, 25.93, 25.93, 25.93, 25.93, 25.92, 25.92, 25.92, 25.85, 25.69, 25.66, 25.63, 25.52, 25.62, 25.52, 25.49, 25.48], [25.93, 25.93, 25.93, 25.93, 25.93, 25.93, 25.92, 25.92, 25.91, 25.91, 25.91, 25.86, 25.84, 25.66, 25.62, 25.59, 25.5, 25.47, 25.48, 25.48], [25.93, 25.93, 25.93, 25.93, 25.93, 25.92, 25.92, 25.92, 25.91, 25.91, 25.88, 25.86, 25.85, 25.66, 25.63, 25.6, 25.57, 25.55, 25.48, 25.47], [25.93, 25.93, 25.93, 25.93, 25.93, 25.92, 25.92, 25.92, 25.91, 25.91, 25.87, 25.86, 25.85, 25.67, 25.64, 25.62, 25.59, 25.58, 25.59, 25.59], [25.93, 25.93, 25.93, 25.93, 25.92, 25.92, 25.92, 25.92, 25.91, 25.88, 25.88, 25.83, 25.79, 25.75, 25.66, 25.64, 25.62, 25.61, 25.6, 25.61], [25.93, 25.93, 25.93, 25.92, 25.92, 25.92, 25.92, 25.91, 25.91, 25.89, 25.88, 25.84, 25.8, 25.77, 25.68, 25.65, 25.64, 25.62, 25.62, 25.62], [25.93, 25.93, 25.93, 25.92, 25.92, 25.92, 25.92, 25.91, 25.84, 25.86, 25.87, 25.84, 25.81, 25.77, 25.69, 25.67, 25.65, 25.64, 25.63, 25.63], [25.93, 25.93, 25.92, 25.92, 25.92, 25.92, 25.92, 25.92, 25.83, 25.84, 25.84, 25.82, 25.8, 25.78, 25.7, 25.68, 25.66, 25.65, 25.64, 25.64], [25.93, 25.93, 25.92, 25.92, 25.92, 25.92, 25.92, 25.82, 25.82, 25.82, 25.82, 25.81, 25.79, 25.77, 25.7, 25.68, 25.67, 25.66, 25.65, 25.65]]}