gis_exercise/awsData/contour/temp_2023091313.json
{"header": {"refTime": "2023-09-13T13:00:00.000Z", "nx": 21, "ny": 33, "lo1": 113.509, "la1": 22.2235, "lo2": 113.5947, "la2": 22.1034, "dx": 0.0042850000000001385, "dy": 0.003753125000000024, "parameterCategory": 0, "parameterCategoryName": "Temperature", "parameterNumber": 0}, "z": [[29.27, 29.27, 29.27, 29.35, 29.35, 29.22, 29.24, 29.26, 29.27, 29.47, 29.48, 29.48, 29.67, 29.69, 29.04, 29.01, 29.32, 29.29, 29.27, 29.26], [29.27, 29.27, 29.27, 29.27, 29.35, 29.36, 29.25, 29.28, 29.3, 29.46, 29.47, 29.47, 29.66, 29.68, 29.04, 29.34, 29.3, 29.26, 29.24, 29.23], [29.27, 29.27, 29.27, 29.27, 29.34, 29.35, 29.36, 29.29, 29.38, 29.45, 29.47, 29.47, 29.64, 29.67, 29.38, 29.32, 29.26, 29.22, 29.19, 29.19], [29.27, 29.27, 29.27, 29.26, 29.26, 29.33, 29.34, 29.36, 29.38, 29.47, 29.48, 29.45, 29.59, 29.74, 29.37, 29.29, 29.21, 29.15, 29.13, 29.14], [29.28, 29.27, 29.27, 29.26, 29.25, 29.32, 29.32, 29.33, 29.35, 29.52, 29.5, 29.69, 29.48, 29.7, 29.38, 29.25, 29.12, 29.04, 29.04, 29.07], [29.28, 29.28, 29.27, 29.26, 29.24, 29.22, 29.28, 29.27, 29.31, 29.39, 29.91, 29.81, 29.67, 29.77, 29.39, 29.18, 28.96, 28.87, 28.92, 29.01], [29.24, 29.29, 29.28, 29.27, 29.25, 29.21, 29.28, 29.17, 29.2, 29.68, 29.89, 30.06, 30.1, 30.01, 29.43, 29.12, 28.73, 28.59, 28.48, 28.55], [29.26, 29.26, 29.26, 29.26, 29.24, 29.35, 29.28, 29.12, 29.04, 29.67, 29.91, 30.45, 30.46, 30.0, 29.19, 29.45, 28.93, 28.74, 29.04, 29.24], [29.14, 29.15, 29.3, 29.31, 29.31, 29.28, 29.18, 29.23, 29.15, 29.67, 30.21, 30.33, 30.38, 30.31, 29.26, 29.55, 29.24, 29.12, 29.19, 29.3], [29.6, 29.6, 29.6, 29.23, 29.28, 29.42, 29.32, 29.18, 29.43, 29.36, 30.39, 30.25, 30.3, 30.27, 29.26, 29.65, 29.46, 29.35, 29.35, 29.4], [29.6, 29.6, 29.6, 29.6, 29.6, 29.6, 29.6, 29.6, 29.32, 29.18, 29.9, 30.2, 30.24, 30.24, 29.23, 29.73, 29.59, 29.51, 29.49, 29.5], [29.6, 29.6, 29.6, 29.6, 29.6, 29.6, 29.6, 29.6, 29.6, -999.0, 29.9, 30.7, 30.7, 30.22, 29.21, 29.81, 29.73, 28.93, 28.91, 28.91], [29.6, 29.6, 29.6, 29.6, 29.6, 29.6, 29.6, 29.6, 29.6, 29.6, -999.0, 30.7, 30.7, 29.85, 30.22, 28.7, 28.69, 28.83, 28.81, 28.8], [29.6, 29.6, 29.6, 29.6, 29.6, 29.6, 29.6, 29.6, 29.6, 29.6, -999.0, 29.4, 29.4, 29.4, 30.11, 28.79, 28.77, 28.91, 28.88, 28.86], [29.6, 29.6, 29.6, 29.6, 29.6, 29.6, 29.6, 29.7, 29.7, 29.7, 29.7, 29.58, 29.4, 29.4, 29.4, 28.9, 28.86, 28.99, 28.95, 28.92], [29.6, 29.6, 29.66, 29.66, 29.67, 29.7, 29.7, 29.7, 29.7, 29.7, 29.51, 29.53, 29.5, 29.48, 29.51, 29.0, 28.94, 29.04, 28.81, 28.77], [29.66, 29.66, 29.64, 29.64, 29.7, 29.7, 29.7, 29.7, 29.7, 29.7, 29.57, 29.53, 29.49, 29.46, 29.31, 29.34, 29.32, 29.31, 29.3, 29.3], [29.64, 29.64, 29.64, 29.64, 29.7, 29.7, 29.7, 29.7, 29.7, 29.62, 29.58, 29.54, 29.49, 29.32, 29.39, 29.35, 29.32, 29.3, 29.29, 29.29], [29.64, 29.64, 29.64, 29.7, 29.7, 29.7, 29.7, 29.7, 29.67, 29.64, 29.74, 29.71, 29.28, 29.28, 29.35, 29.32, 29.3, 29.29, 29.28, 29.28], [29.64, 29.64, 30.1, 30.08, 30.05, 30.02, 29.96, 29.82, 29.75, 29.77, 29.77, 29.75, 29.24, 29.21, 29.3, 29.29, 29.27, 29.26, 29.27, 29.27], [30.13, 30.12, 30.1, 29.99, 29.97, 29.95, 29.93, 29.9, 29.82, 29.82, 29.82, 29.8, 29.19, 29.28, 29.26, 29.24, 29.23, 29.23, 29.25, 29.27], [30.03, 30.02, 30.02, 30.01, 30.01, 30.0, 30.0, 30.22, 29.9, 29.9, 29.89, 29.86, 29.38, 29.25, 29.22, 29.19, 29.16, 29.19, 29.24, 29.27], [30.04, 30.04, 30.04, 30.36, 30.35, 30.33, 30.33, 30.33, 30.34, 30.36, 30.38, 29.64, 29.64, 29.24, 29.2, 29.13, 29.04, 29.14, 29.25, 29.29], [30.41, 30.41, 30.4, 30.4, 30.4, 30.39, 30.4, 30.4, 30.41, 30.42, 30.44, 30.11, 29.67, 29.53, 29.39, 29.13, 28.73, 29.28, 29.33, 29.32], [30.44, 30.44, 30.44, 30.44, 30.44, 30.45, 30.46, 30.46, 30.45, 30.44, 30.48, 30.19, 30.02, 29.57, 29.45, 29.36, 29.4, 29.64, 29.41, 29.35], [30.46, 30.46, 30.47, 30.48, 30.49, 30.5, 30.51, 30.51, 30.5, 30.47, 30.37, 30.28, 30.13, 29.6, 29.51, 29.6, 29.59, 29.63, 29.4, 29.36], [30.48, 30.49, 30.5, 30.51, 30.52, 30.54, 30.57, 30.59, 30.6, 30.63, 30.49, 30.41, 30.25, 29.99, 29.83, 29.72, 29.67, 29.66, 29.65, 29.66], [30.5, 30.51, 30.52, 30.54, 30.56, 30.59, 30.62, 30.67, 30.73, 30.69, 30.73, 30.87, 30.79, 30.71, 29.94, 29.83, 29.76, 29.72, 29.71, 29.7], [30.52, 30.53, 30.54, 30.56, 30.59, 30.62, 30.67, 30.73, 30.84, 30.9, 31.18, 30.99, 30.85, 30.76, 30.04, 29.92, 29.84, 29.79, 29.76, 29.75], [30.53, 30.55, 30.56, 30.59, 30.61, 30.65, 30.7, 30.77, 30.93, 31.05, 31.12, 30.99, 30.87, 30.79, 30.11, 29.99, 29.91, 29.85, 29.81, 29.79], [30.54, 30.56, 30.58, 30.6, 30.63, 30.66, 30.71, 30.77, 30.91, 30.97, 30.98, 30.94, 30.86, 30.79, 30.15, 30.04, 29.96, 29.9, 29.86, 29.84], [30.55, 30.57, 30.59, 30.61, 30.64, 30.67, 30.71, 30.84, 30.87, 30.9, 30.91, 30.88, 30.84, 30.79, 30.17, 30.07, 30.0, 29.94, 29.9, 29.87]]}