gis_exercise/awsData/contour/temp_2023090215.json
{"header": {"refTime": "2023-09-02T15:00:00.000Z", "nx": 21, "ny": 33, "lo1": 113.509, "la1": 22.2235, "lo2": 113.5947, "la2": 22.1034, "dx": 0.0042850000000001385, "dy": 0.003753125000000024, "parameterCategory": 0, "parameterCategoryName": "Temperature", "parameterNumber": 0}, "z": [[26.87, 26.87, 26.87, 26.67, 26.69, 26.89, 26.91, 26.92, 26.93, 26.89, 26.88, 26.88, 27.09, 27.09, 26.98, 26.98, 27.02, 27.01, 27.01, 27.0], [26.87, 26.87, 26.87, 26.87, 26.69, 26.71, 26.91, 26.93, 26.95, 26.91, 26.89, 26.88, 27.09, 27.1, 26.99, 27.03, 27.02, 27.01, 27.0, 27.0], [26.87, 26.87, 26.87, 26.87, 26.68, 26.7, 26.75, 26.94, 26.99, 26.92, 26.89, 26.89, 27.09, 27.1, 27.04, 27.02, 27.01, 27.0, 26.99, 26.99], [26.87, 26.87, 26.87, 26.87, 26.86, 26.68, 26.72, 26.78, 26.83, 26.89, 26.88, 26.9, 27.1, 26.97, 27.04, 27.02, 27.0, 26.98, 26.98, 26.98], [26.87, 26.87, 26.87, 26.86, 26.86, 26.65, 26.66, 26.68, 26.69, 26.82, 26.84, 26.96, 27.05, 26.99, 27.04, 27.01, 26.97, 26.96, 26.96, 26.96], [26.88, 26.87, 26.87, 26.86, 26.85, 26.83, 26.61, 26.6, 26.58, 26.56, 26.82, 26.92, 27.0, 27.13, 27.04, 26.99, 26.94, 26.92, 26.93, 26.95], [26.83, 26.88, 26.87, 26.87, 26.85, 26.82, 26.6, 26.55, 26.52, 26.54, 26.57, 26.88, 27.16, 27.15, 27.03, 26.97, 26.89, 26.86, 26.86, 26.87], [26.84, 26.85, 26.85, 26.84, 26.83, 26.68, 26.62, 26.55, 26.52, 26.51, 26.42, 26.92, 26.93, 27.15, 26.95, 26.99, 26.9, 26.87, 26.92, 26.96], [26.76, 26.77, 26.87, 26.88, 26.88, 26.86, 26.79, 26.6, 26.44, 26.56, 26.65, 26.78, 26.84, 26.76, 26.96, 27.01, 26.96, 26.94, 26.95, 26.97], [27.1, 27.1, 27.1, 26.82, 26.86, 26.96, 26.89, 26.79, 26.39, 26.4, 26.85, 26.7, 26.74, 26.72, 26.96, 27.03, 26.99, 26.98, 26.98, 26.98], [27.1, 27.1, 27.1, 27.1, 27.1, 27.1, 27.1, 27.1, 26.89, 26.43, 26.3, 26.64, 26.68, 26.69, 26.96, 27.04, 27.01, 27.0, 27.0, 27.0], [27.1, 27.1, 27.1, 27.1, 27.1, 27.1, 27.1, 27.1, 27.1, -999.0, 26.3, 27.2, 27.2, 26.66, 26.95, 27.05, 27.04, 26.29, 26.3, 26.3], [27.1, 27.1, 27.1, 27.1, 27.1, 27.1, 27.1, 27.1, 27.1, 27.1, -999.0, 27.2, 27.2, 26.35, 26.72, 26.47, 26.48, 26.37, 26.38, 26.39], [27.1, 27.1, 27.1, 27.1, 27.1, 27.1, 27.1, 27.1, 27.1, 27.1, -999.0, 25.9, 25.9, 25.9, 26.61, 26.4, 26.41, 26.3, 26.32, 26.34], [27.1, 27.1, 27.1, 27.1, 27.1, 27.1, 27.1, 26.9, 26.9, 26.9, 26.9, 26.52, 25.9, 25.9, 25.9, 26.31, 26.34, 26.24, 26.27, 26.29], [27.1, 27.1, 26.97, 26.97, 26.97, 26.9, 26.9, 26.9, 26.9, 26.9, 26.27, 26.34, 26.25, 26.16, 26.26, 26.16, 26.2, 26.13, 26.32, 26.35], [26.97, 26.97, 27.03, 27.03, 26.9, 26.9, 26.9, 26.9, 26.9, 26.9, 26.47, 26.35, 26.22, 26.1, 26.1, 26.11, 26.18, 26.24, 26.28, 26.31], [27.03, 27.03, 27.02, 27.02, 26.9, 26.9, 26.9, 26.9, 26.9, 26.65, 26.51, 26.36, 26.21, 26.11, 25.93, 26.08, 26.19, 26.26, 26.3, 26.33], [27.02, 27.02, 27.02, 26.9, 26.9, 26.9, 26.9, 26.9, 26.81, 26.71, 26.61, 26.49, 26.3, 26.17, 26.07, 26.14, 26.23, 26.29, 26.33, 26.35], [27.02, 27.02, 26.9, 26.9, 26.9, 26.9, 26.9, 26.9, 26.81, 26.73, 26.63, 26.53, 26.35, 26.28, 26.21, 26.25, 26.3, 26.35, 26.37, 26.38], [26.9, 26.9, 26.9, 26.9, 26.9, 26.9, 26.9, 26.9, 26.74, 26.7, 26.64, 26.56, 26.4, 26.29, 26.31, 26.34, 26.38, 26.41, 26.42, 26.42], [26.9, 26.9, 26.9, 26.9, 26.9, 26.9, 26.9, 26.9, 26.73, 26.7, 26.66, 26.6, 26.45, 26.36, 26.39, 26.43, 26.46, 26.47, 26.46, 26.45], [26.9, 26.9, 26.9, 26.9, 26.9, 26.9, 26.9, 26.9, 26.9, 26.9, 26.9, 26.82, 26.71, 26.41, 26.44, 26.49, 26.52, 26.52, 26.5, 26.48], [26.9, 26.9, 26.9, 26.9, 26.9, 26.9, 26.9, 26.9, 26.9, 26.9, 26.9, 26.83, 26.72, 26.68, 26.66, 26.52, 26.58, 26.56, 26.53, 26.5], [26.9, 26.9, 26.9, 26.9, 26.9, 26.9, 26.9, 26.9, 26.9, 26.9, 26.9, 26.84, 26.81, 26.69, 26.66, 26.63, 26.56, 26.57, 26.53, 26.5], [26.9, 26.9, 26.9, 26.9, 26.9, 26.9, 26.9, 26.9, 26.9, 26.9, 26.86, 26.84, 26.82, 26.69, 26.67, 26.65, 26.63, 26.63, 26.52, 26.5], [26.9, 26.9, 26.9, 26.9, 26.9, 26.9, 26.9, 26.9, 26.9, 26.9, 26.86, 26.85, 26.83, 26.71, 26.68, 26.66, 26.65, 26.64, 26.64, 26.65], [26.9, 26.9, 26.9, 26.9, 26.9, 26.9, 26.9, 26.9, 26.9, 26.87, 26.87, 26.86, 26.84, 26.81, 26.7, 26.68, 26.67, 26.66, 26.66, 26.66], [26.9, 26.9, 26.9, 26.9, 26.9, 26.9, 26.9, 26.9, 26.9, 26.88, 26.89, 26.86, 26.84, 26.82, 26.71, 26.69, 26.68, 26.67, 26.67, 26.67], [26.9, 26.9, 26.9, 26.9, 26.9, 26.9, 26.9, 26.9, 26.86, 26.87, 26.88, 26.86, 26.84, 26.82, 26.72, 26.7, 26.69, 26.68, 26.68, 26.67], [26.9, 26.9, 26.9, 26.9, 26.9, 26.9, 26.9, 26.9, 26.86, 26.86, 26.86, 26.85, 26.84, 26.83, 26.73, 26.71, 26.7, 26.69, 26.68, 26.68], [26.9, 26.9, 26.9, 26.9, 26.9, 26.9, 26.9, 26.85, 26.85, 26.85, 26.85, 26.85, 26.84, 26.82, 26.73, 26.72, 26.71, 26.7, 26.69, 26.69]]}