gis_exercise/awsData/contour/temp_2023090604.json
{"header": {"refTime": "2023-09-06T04:00:00.000Z", "nx": 21, "ny": 33, "lo1": 113.509, "la1": 22.2235, "lo2": 113.5947, "la2": 22.1034, "dx": 0.0042850000000001385, "dy": 0.003753125000000024, "parameterCategory": 0, "parameterCategoryName": "Temperature", "parameterNumber": 0}, "z": [[28.33, 28.34, 28.35, 28.34, 28.35, 28.78, 28.77, 28.77, 28.78, 28.7, 28.74, 28.78, 29.05, 29.07, 29.01, 29.0, 29.03, 29.01, 28.99, 28.98], [28.32, 28.33, 28.34, 28.36, 28.35, 28.37, 28.75, 28.74, 28.73, 28.68, 28.74, 28.81, 29.08, 29.1, 29.04, 29.06, 29.02, 29.0, 28.98, 28.96], [28.31, 28.32, 28.33, 28.35, 28.34, 28.36, 28.4, 28.71, 28.63, 28.67, 28.76, 28.86, 29.14, 29.15, 29.11, 29.06, 29.01, 28.97, 28.96, 28.95], [28.3, 28.31, 28.32, 28.34, 28.36, 28.35, 28.38, 28.42, 28.46, 28.67, 28.79, 28.96, 29.25, 29.06, 29.12, 29.04, 28.98, 28.94, 28.93, 28.92], [28.29, 28.3, 28.3, 28.32, 28.33, 28.33, 28.34, 28.35, 28.35, 28.65, 28.78, 29.09, 29.38, 29.13, 29.12, 29.01, 28.93, 28.89, 28.88, 28.89], [28.28, 28.28, 28.28, 28.29, 28.31, 28.33, 28.31, 28.3, 28.28, 28.22, 28.69, 28.94, 29.18, 29.33, 29.07, 28.96, 28.86, 28.81, 28.83, 28.86], [28.12, 28.26, 28.26, 28.26, 28.27, 28.29, 28.12, 28.29, 28.26, 28.2, 28.17, 28.68, 29.14, 29.19, 29.01, 28.9, 28.76, 28.7, 28.78, 28.85], [28.11, 28.11, 28.11, 28.11, 28.12, 28.07, 28.12, 28.22, 28.36, 28.16, 27.97, 28.49, 28.5, 29.2, 28.67, 28.7, 28.65, 28.64, 28.66, 28.68], [28.19, 28.18, 28.09, 28.08, 28.08, 28.1, 28.16, 28.15, 28.21, 28.23, 28.18, 28.33, 28.4, 28.31, 28.68, 28.7, 28.68, 28.67, 28.67, 28.68], [27.9, 27.9, 27.9, 28.13, 28.1, 28.01, 28.07, 28.16, 28.06, 28.09, 28.41, 28.24, 28.29, 28.27, 28.68, 28.71, 28.7, 28.69, 28.69, 28.69], [27.9, 27.9, 27.9, 27.9, 27.9, 27.9, 27.9, 27.9, 28.08, 28.19, 27.8, 28.18, 28.23, 28.23, 28.68, 28.72, 28.71, 28.7, 28.7, 28.7], [27.9, 27.9, 27.9, 27.9, 27.9, 27.9, 27.9, 27.9, 27.9, -999.0, 27.8, 28.8, 28.8, 28.2, 28.68, 28.73, 28.72, 27.8, 27.82, 27.83], [27.9, 27.9, 27.9, 27.9, 27.9, 27.9, 27.9, 27.9, 27.9, 27.9, -999.0, 28.8, 28.8, 27.76, 28.21, 28.09, 28.1, 27.93, 27.95, 27.97], [27.9, 27.9, 27.9, 27.9, 27.9, 27.9, 27.9, 27.9, 27.9, 27.9, -999.0, 27.2, 27.2, 27.2, 28.08, 27.97, 28.0, 27.82, 27.86, 27.89], [27.9, 27.9, 27.9, 27.9, 27.9, 27.9, 27.9, 27.3, 27.3, 27.3, 27.3, 27.26, 27.2, 27.2, 27.2, 27.84, 27.88, 27.72, 27.77, 27.81], [27.9, 27.9, 27.52, 27.52, 27.5, 27.3, 27.3, 27.3, 27.3, 27.3, 27.24, 27.24, 27.23, 27.23, 27.24, 27.35, 27.37, 27.33, 27.67, 27.71], [27.51, 27.51, 27.69, 27.68, 27.3, 27.3, 27.3, 27.3, 27.3, 27.3, 27.26, 27.24, 27.23, 27.22, 27.26, 27.11, 27.07, 27.05, 27.03, 27.01], [27.69, 27.68, 27.67, 27.65, 27.3, 27.3, 27.3, 27.3, 27.3, 27.27, 27.26, 27.25, 27.23, 27.26, 27.21, 27.12, 27.07, 27.04, 27.02, 27.0], [27.67, 27.66, 27.65, 27.3, 27.3, 27.3, 27.3, 27.3, 27.29, 27.28, 27.2, 27.18, 27.3, 27.28, 27.13, 27.1, 27.06, 27.03, 27.01, 26.99], [27.67, 27.66, 27.07, 27.08, 27.1, 27.12, 27.15, 27.23, 27.25, 27.21, 27.18, 27.17, 27.32, 27.31, 27.07, 27.06, 27.03, 27.01, 26.99, 26.98], [27.06, 27.06, 27.07, 27.13, 27.14, 27.15, 27.17, 27.19, 27.19, 27.18, 27.16, 27.15, 27.34, 27.04, 27.04, 27.03, 27.01, 26.99, 26.97, 26.96], [27.11, 27.12, 27.12, 27.12, 27.12, 27.13, 27.13, 27.14, 27.14, 27.13, 27.13, 27.13, 27.23, 27.01, 27.01, 27.02, 27.01, 26.98, 26.95, 26.93], [27.11, 27.11, 27.11, 27.13, 27.13, 27.12, 27.12, 27.1, 27.09, 27.08, 27.08, 27.2, 26.9, 26.99, 27.0, 27.02, 27.07, 26.98, 26.91, 26.9], [27.13, 27.13, 27.12, 27.12, 27.11, 27.11, 27.09, 27.07, 27.04, 27.03, 27.05, 27.15, 26.89, 26.9, 26.92, 27.0, 27.27, 26.85, 26.83, 26.86], [27.13, 27.12, 27.12, 27.11, 27.11, 27.09, 27.08, 27.05, 27.0, 26.96, 27.02, 27.13, 27.2, 26.88, 26.89, 26.88, 26.76, 26.56, 26.77, 26.83], [27.12, 27.12, 27.12, 27.11, 27.1, 27.09, 27.07, 27.05, 27.0, 26.96, 27.06, 27.13, 27.19, 26.87, 26.86, 26.87, 26.79, 26.74, 26.78, 26.83], [27.12, 27.12, 27.11, 27.11, 27.1, 27.09, 27.08, 27.06, 27.05, 27.05, 27.11, 27.15, 27.19, 26.97, 26.93, 26.89, 26.84, 26.81, 26.82, 26.84], [27.12, 27.12, 27.11, 27.11, 27.1, 27.1, 27.09, 27.09, 27.09, 27.14, 27.16, 26.95, 26.87, 26.79, 26.95, 26.91, 26.88, 26.86, 26.86, 26.86], [27.12, 27.12, 27.11, 27.11, 27.11, 27.1, 27.1, 27.11, 27.12, 27.17, 27.13, 27.01, 26.91, 26.82, 26.97, 26.93, 26.91, 26.89, 26.88, 26.88], [27.12, 27.12, 27.12, 27.11, 27.11, 27.11, 27.11, 27.12, 26.99, 27.05, 27.09, 27.01, 26.92, 26.84, 26.98, 26.95, 26.93, 26.91, 26.9, 26.9], [27.12, 27.12, 27.12, 27.12, 27.11, 27.11, 27.12, 27.12, 26.97, 27.0, 27.01, 26.97, 26.91, 26.85, 26.99, 26.96, 26.94, 26.93, 26.92, 26.91], [27.12, 27.12, 27.12, 27.12, 27.12, 27.12, 27.12, 26.92, 26.94, 26.96, 26.95, 26.93, 26.89, 26.84, 26.99, 26.97, 26.95, 26.94, 26.93, 26.93]]}