gis_exercise/awsData/contour/temp_2023090702.json
{"header": {"refTime": "2023-09-07T02:00:00.000Z", "nx": 21, "ny": 33, "lo1": 113.509, "la1": 22.2235, "lo2": 113.5947, "la2": 22.1034, "dx": 0.0042850000000001385, "dy": 0.003753125000000024, "parameterCategory": 0, "parameterCategoryName": "Temperature", "parameterNumber": 0}, "z": [[28.52, 28.51, 28.5, 28.29, 28.29, 28.5, 28.48, 28.47, 28.46, 28.3, 28.32, 28.33, 28.41, 28.42, 28.41, 28.39, 28.33, 28.31, 28.3, 28.3], [28.52, 28.51, 28.51, 28.5, 28.29, 28.29, 28.47, 28.44, 28.42, 28.3, 28.32, 28.34, 28.43, 28.43, 28.42, 28.34, 28.32, 28.31, 28.3, 28.29], [28.52, 28.52, 28.51, 28.51, 28.3, 28.3, 28.3, 28.42, 28.33, 28.3, 28.33, 28.37, 28.45, 28.45, 28.38, 28.34, 28.31, 28.3, 28.28, 28.28], [28.53, 28.53, 28.52, 28.52, 28.51, 28.3, 28.3, 28.3, 28.29, 28.3, 28.33, 28.4, 28.51, 28.39, 28.38, 28.34, 28.3, 28.28, 28.27, 28.26], [28.53, 28.53, 28.53, 28.53, 28.52, 28.31, 28.31, 28.31, 28.29, 28.27, 28.32, 28.41, 28.57, 28.42, 28.38, 28.32, 28.27, 28.25, 28.25, 28.25], [28.54, 28.54, 28.54, 28.54, 28.54, 28.54, 28.34, 28.34, 28.31, 28.24, 28.19, 28.32, 28.45, 28.5, 28.35, 28.28, 28.23, 28.21, 28.22, 28.23], [28.64, 28.55, 28.55, 28.55, 28.56, 28.56, 28.45, 28.41, 28.39, 28.17, 28.05, 28.16, 28.36, 28.39, 28.3, 28.25, 28.18, 28.15, 28.21, 28.25], [28.64, 28.64, 28.64, 28.64, 28.64, 28.46, 28.47, 28.52, 28.56, 28.15, 27.91, 28.01, 28.01, 28.4, 28.1, 28.1, 28.1, 28.1, 28.1, 28.1], [28.66, 28.66, 28.64, 28.64, 28.64, 28.64, 28.65, 28.48, 28.41, 28.19, 27.92, 27.96, 27.98, 27.95, 28.1, 28.1, 28.1, 28.1, 28.1, 28.1], [28.6, 28.6, 28.6, 28.65, 28.64, 28.62, 28.63, 28.65, 28.19, 28.24, 27.98, 27.93, 27.95, 27.94, 28.1, 28.1, 28.1, 28.1, 28.1, 28.1], [28.6, 28.6, 28.6, 28.6, 28.6, 28.6, 28.6, 28.6, 28.64, 28.39, 27.8, 27.91, 27.93, 27.93, 28.1, 28.1, 28.1, 28.1, 28.1, 28.1], [28.6, 28.6, 28.6, 28.6, 28.6, 28.6, 28.6, 28.6, 28.6, -999.0, 27.8, 28.1, 28.1, 27.92, 28.1, 28.1, 28.1, 27.53, 27.55, 27.55], [28.6, 28.6, 28.6, 28.6, 28.6, 28.6, 28.6, 28.6, 28.6, 28.6, -999.0, 28.1, 28.1, 27.45, 27.73, 27.74, 27.74, 27.62, 27.64, 27.65], [28.6, 28.6, 28.6, 28.6, 28.6, 28.6, 28.6, 28.6, 28.6, 28.6, -999.0, 27.1, 27.1, 27.1, 27.65, 27.65, 27.67, 27.54, 27.57, 27.59], [28.6, 28.6, 28.6, 28.6, 28.6, 28.6, 28.6, 28.1, 28.1, 28.1, 28.1, 27.72, 27.1, 27.1, 27.1, 27.56, 27.59, 27.47, 27.51, 27.54], [28.6, 28.6, 28.29, 28.28, 28.27, 28.1, 28.1, 28.1, 28.1, 28.1, 27.47, 27.54, 27.45, 27.36, 27.46, 27.32, 27.35, 27.29, 27.52, 27.55], [28.28, 28.28, 28.42, 28.42, 28.1, 28.1, 28.1, 28.1, 28.1, 28.1, 27.67, 27.55, 27.42, 27.3, 27.29, 27.14, 27.15, 27.16, 27.16, 27.17], [28.42, 28.42, 28.41, 28.39, 28.1, 28.1, 28.1, 28.1, 28.1, 27.85, 27.71, 27.56, 27.41, 27.3, 27.13, 27.13, 27.15, 27.16, 27.17, 27.17], [28.41, 28.4, 28.39, 28.1, 28.1, 28.1, 28.1, 28.1, 28.01, 27.91, 27.7, 27.57, 27.48, 27.36, 27.13, 27.15, 27.16, 27.17, 27.18, 27.18], [28.4, 28.4, 27.76, 27.77, 27.8, 27.83, 27.88, 28.0, 27.94, 27.82, 27.7, 27.59, 27.53, 27.45, 27.16, 27.17, 27.18, 27.19, 27.18, 27.18], [27.73, 27.74, 27.75, 27.85, 27.86, 27.88, 27.9, 27.93, 27.8, 27.75, 27.67, 27.59, 27.58, 27.18, 27.19, 27.2, 27.21, 27.2, 27.19, 27.19], [27.82, 27.82, 27.83, 27.83, 27.84, 27.84, 27.85, 27.79, 27.71, 27.68, 27.63, 27.59, 27.42, 27.19, 27.21, 27.23, 27.24, 27.23, 27.2, 27.19], [27.81, 27.81, 27.81, 27.73, 27.73, 27.73, 27.73, 27.72, 27.7, 27.69, 27.68, 27.73, 27.33, 27.2, 27.22, 27.26, 27.31, 27.25, 27.2, 27.18], [27.71, 27.71, 27.71, 27.71, 27.7, 27.7, 27.68, 27.66, 27.63, 27.61, 27.63, 27.55, 27.33, 27.31, 27.29, 27.26, 27.47, 27.18, 27.15, 27.16], [27.7, 27.7, 27.7, 27.69, 27.68, 27.67, 27.65, 27.62, 27.58, 27.54, 27.58, 27.54, 27.56, 27.3, 27.28, 27.25, 27.12, 26.99, 27.11, 27.14], [27.69, 27.69, 27.68, 27.68, 27.66, 27.65, 27.63, 27.6, 27.57, 27.54, 27.52, 27.54, 27.55, 27.3, 27.27, 27.23, 27.17, 27.13, 27.12, 27.14], [27.68, 27.68, 27.67, 27.66, 27.65, 27.64, 27.62, 27.6, 27.58, 27.56, 27.53, 27.54, 27.55, 27.3, 27.27, 27.24, 27.2, 27.19, 27.19, 27.21], [27.68, 27.67, 27.66, 27.65, 27.64, 27.63, 27.61, 27.59, 27.58, 27.52, 27.52, 27.38, 27.33, 27.27, 27.29, 27.26, 27.23, 27.22, 27.22, 27.22], [27.67, 27.66, 27.66, 27.65, 27.64, 27.62, 27.61, 27.59, 27.57, 27.51, 27.47, 27.41, 27.35, 27.29, 27.3, 27.28, 27.25, 27.24, 27.24, 27.24], [27.67, 27.66, 27.65, 27.64, 27.63, 27.62, 27.61, 27.59, 27.41, 27.43, 27.45, 27.4, 27.35, 27.3, 27.31, 27.29, 27.27, 27.26, 27.25, 27.25], [27.66, 27.66, 27.65, 27.64, 27.63, 27.62, 27.61, 27.59, 27.39, 27.4, 27.4, 27.38, 27.34, 27.3, 27.32, 27.3, 27.28, 27.27, 27.26, 27.26], [27.66, 27.65, 27.65, 27.64, 27.63, 27.62, 27.61, 27.37, 27.37, 27.38, 27.37, 27.36, 27.33, 27.3, 27.32, 27.31, 27.29, 27.28, 27.27, 27.27]]}