gis_exercise/awsData/contour/temp_2023091210.json
{"header": {"refTime": "2023-09-12T10:00:00.000Z", "nx": 21, "ny": 33, "lo1": 113.509, "la1": 22.2235, "lo2": 113.5947, "la2": 22.1034, "dx": 0.0042850000000001385, "dy": 0.003753125000000024, "parameterCategory": 0, "parameterCategoryName": "Temperature", "parameterNumber": 0}, "z": [[27.96, 27.95, 27.95, 28.05, 28.04, 27.99, 27.99, 27.99, 27.99, 28.21, 28.25, 28.3, 28.38, 28.41, 28.12, 28.11, 28.36, 28.34, 28.33, 28.32], [27.96, 27.95, 27.95, 27.94, 28.04, 28.03, 27.97, 27.97, 27.97, 28.16, 28.24, 28.31, 28.4, 28.42, 28.13, 28.37, 28.35, 28.32, 28.31, 28.3], [27.96, 27.96, 27.95, 27.94, 28.04, 28.03, 28.01, 27.95, 27.92, 28.13, 28.26, 28.34, 28.42, 28.45, 28.41, 28.36, 28.33, 28.3, 28.28, 28.28], [27.97, 27.96, 27.96, 27.95, 27.94, 28.03, 28.02, 28.0, 27.98, 28.19, 28.31, 28.38, 28.46, 28.63, 28.41, 28.35, 28.3, 28.26, 28.25, 28.25], [27.98, 27.97, 27.97, 27.96, 27.94, 28.03, 28.02, 28.02, 28.04, 28.31, 28.38, 28.62, 28.55, 28.62, 28.41, 28.32, 28.24, 28.2, 28.2, 28.21], [27.98, 27.98, 27.98, 27.97, 27.95, 27.93, 28.02, 28.02, 28.06, 28.15, 28.69, 28.65, 28.61, 28.63, 28.4, 28.28, 28.16, 28.1, 28.13, 28.18], [28.03, 27.99, 27.99, 27.99, 27.97, 27.94, 28.1, 27.98, 28.01, 28.4, 28.56, 28.73, 28.73, 28.7, 28.4, 28.24, 28.03, 27.95, 27.93, 27.97], [28.04, 28.05, 28.05, 28.04, 28.03, 28.15, 28.1, 27.97, 27.88, 28.4, 28.64, 28.84, 28.84, 28.7, 28.21, 28.33, 28.09, 28.0, 28.14, 28.23], [27.96, 27.97, 28.07, 28.08, 28.08, 28.06, 27.99, 28.06, 28.02, 28.38, 28.78, 28.81, 28.82, 28.8, 28.24, 28.37, 28.23, 28.17, 28.21, 28.26], [28.3, 28.3, 28.3, 28.02, 28.06, 28.16, 28.09, 27.99, 28.27, 28.21, 28.82, 28.79, 28.8, 28.79, 28.24, 28.42, 28.33, 28.28, 28.28, 28.3], [28.3, 28.3, 28.3, 28.3, 28.3, 28.3, 28.3, 28.3, 28.09, 28.04, 28.7, 28.78, 28.79, 28.79, 28.23, 28.46, 28.39, 28.35, 28.34, 28.35], [28.3, 28.3, 28.3, 28.3, 28.3, 28.3, 28.3, 28.3, 28.3, -999.0, 28.7, 28.9, 28.9, 28.78, 28.22, 28.49, 28.45, 28.03, 28.02, 28.02], [28.3, 28.3, 28.3, 28.3, 28.3, 28.3, 28.3, 28.3, 28.3, 28.3, -999.0, 28.9, 28.9, 28.44, 28.64, 27.95, 27.94, 27.99, 27.98, 27.98], [28.3, 28.3, 28.3, 28.3, 28.3, 28.3, 28.3, 28.3, 28.3, 28.3, -999.0, 28.2, 28.2, 28.2, 28.58, 27.98, 27.97, 28.02, 28.01, 28.0], [28.3, 28.3, 28.3, 28.3, 28.3, 28.3, 28.3, 28.5, 28.5, 28.5, 28.5, 28.38, 28.2, 28.2, 28.2, 28.02, 28.0, 28.05, 28.04, 28.02], [28.3, 28.3, 28.43, 28.43, 28.43, 28.5, 28.5, 28.5, 28.5, 28.5, 28.31, 28.33, 28.3, 28.28, 28.31, 27.94, 27.9, 27.97, 27.91, 27.88], [28.43, 28.43, 28.37, 28.37, 28.5, 28.5, 28.5, 28.5, 28.5, 28.5, 28.37, 28.33, 28.29, 28.26, 28.16, 28.23, 28.24, 28.25, 28.26, 28.27], [28.37, 28.37, 28.38, 28.38, 28.5, 28.5, 28.5, 28.5, 28.5, 28.42, 28.38, 28.34, 28.29, 28.16, 28.19, 28.23, 28.24, 28.25, 28.27, 28.27], [28.38, 28.38, 28.38, 28.5, 28.5, 28.5, 28.5, 28.5, 28.47, 28.44, 28.65, 28.63, 28.16, 28.14, 28.22, 28.23, 28.24, 28.26, 28.27, 28.28], [28.38, 28.38, 29.24, 29.21, 29.16, 29.09, 28.98, 28.71, 28.62, 28.67, 28.71, 28.69, 28.13, 28.11, 28.24, 28.24, 28.25, 28.26, 28.27, 28.28], [29.29, 29.27, 29.25, 29.04, 29.01, 28.97, 28.92, 28.87, 28.76, 28.78, 28.79, 28.77, 28.1, 28.25, 28.24, 28.24, 28.24, 28.26, 28.28, 28.29], [29.11, 29.1, 29.09, 29.08, 29.07, 29.06, 29.05, 28.99, 28.91, 28.92, 28.91, 28.88, 28.5, 28.25, 28.24, 28.22, 28.21, 28.24, 28.28, 28.31], [29.13, 29.13, 29.13, 29.02, 29.03, 29.05, 29.07, 29.11, 29.16, 29.18, 29.17, 28.81, 28.86, 28.26, 28.24, 28.19, 28.13, 28.22, 28.31, 28.33], [29.02, 29.03, 29.04, 29.05, 29.07, 29.1, 29.15, 29.22, 29.32, 29.36, 29.3, 28.96, 28.89, 28.72, 28.56, 28.21, 27.88, 28.36, 28.39, 28.37], [29.03, 29.04, 29.05, 29.07, 29.09, 29.13, 29.19, 29.3, 29.46, 29.61, 29.4, 29.02, 28.79, 28.76, 28.61, 28.5, 28.47, 28.69, 28.47, 28.4], [29.04, 29.05, 29.06, 29.08, 29.1, 29.14, 29.2, 29.29, 29.45, 29.57, 29.25, 29.01, 28.81, 28.8, 28.67, 28.44, 28.5, 28.55, 28.46, 28.41], [29.04, 29.05, 29.06, 29.08, 29.1, 29.13, 29.17, 29.22, 29.28, 29.28, 29.07, 28.93, 28.8, 28.48, 28.46, 28.46, 28.48, 28.5, 28.49, 28.48], [29.04, 29.05, 29.06, 29.08, 29.09, 29.11, 29.13, 29.14, 29.12, 28.96, 28.89, 29.1, 29.14, 29.17, 28.48, 28.48, 28.48, 28.48, 28.48, 28.47], [29.04, 29.05, 29.06, 29.07, 29.08, 29.08, 29.09, 29.07, 29.02, 28.82, 28.81, 28.99, 29.08, 29.14, 28.5, 28.49, 28.48, 28.48, 28.48, 28.47], [29.04, 29.05, 29.05, 29.06, 29.06, 29.06, 29.05, 29.03, 29.06, 28.94, 28.87, 28.97, 29.06, 29.12, 28.51, 28.5, 28.49, 28.48, 28.48, 28.48], [29.04, 29.04, 29.05, 29.05, 29.05, 29.05, 29.04, 29.01, 29.07, 29.01, 28.98, 29.02, 29.07, 29.11, 28.52, 28.5, 28.49, 28.49, 28.48, 28.48], [29.04, 29.04, 29.04, 29.04, 29.04, 29.04, 29.03, 29.12, 29.09, 29.06, 29.05, 29.06, 29.09, 29.12, 28.52, 28.51, 28.5, 28.49, 28.48, 28.48]]}