gis_exercise/awsData/contour/temp_2023091416.json
{"header": {"refTime": "2023-09-14T16:00:00.000Z", "nx": 21, "ny": 33, "lo1": 113.509, "la1": 22.2235, "lo2": 113.5947, "la2": 22.1034, "dx": 0.0042850000000001385, "dy": 0.003753125000000024, "parameterCategory": 0, "parameterCategoryName": "Temperature", "parameterNumber": 0}, "z": [[27.37, 27.38, 27.38, 27.12, 27.14, 27.4, 27.41, 27.42, 27.43, 27.31, 27.29, 27.27, 27.43, 27.42, 27.36, 27.34, 27.24, 27.23, 27.22, 27.22], [27.37, 27.37, 27.38, 27.38, 27.14, 27.17, 27.41, 27.43, 27.44, 27.34, 27.3, 27.28, 27.43, 27.42, 27.36, 27.26, 27.24, 27.22, 27.21, 27.21], [27.37, 27.37, 27.37, 27.37, 27.13, 27.16, 27.21, 27.44, 27.49, 27.36, 27.3, 27.28, 27.43, 27.43, 27.28, 27.25, 27.23, 27.21, 27.2, 27.2], [27.37, 27.37, 27.37, 27.37, 27.37, 27.14, 27.18, 27.25, 27.31, 27.31, 27.27, 27.29, 27.44, 27.23, 27.29, 27.25, 27.21, 27.19, 27.19, 27.18], [27.37, 27.37, 27.37, 27.36, 27.36, 27.11, 27.13, 27.14, 27.14, 27.21, 27.21, 27.25, 27.39, 27.27, 27.28, 27.23, 27.19, 27.17, 27.16, 27.17], [27.37, 27.37, 27.37, 27.36, 27.35, 27.34, 27.08, 27.07, 27.03, 26.97, 27.03, 27.17, 27.29, 27.4, 27.26, 27.2, 27.15, 27.12, 27.13, 27.15], [27.32, 27.37, 27.37, 27.36, 27.35, 27.33, 27.05, 27.03, 26.99, 26.84, 26.8, 27.05, 27.33, 27.35, 27.24, 27.17, 27.09, 27.06, 27.09, 27.12], [27.33, 27.33, 27.33, 27.33, 27.32, 27.12, 27.08, 27.05, 27.04, 26.81, 26.63, 26.98, 26.99, 27.35, 27.07, 27.1, 27.05, 27.04, 27.06, 27.08], [27.27, 27.28, 27.35, 27.35, 27.36, 27.34, 27.29, 27.06, 26.91, 26.87, 26.77, 26.87, 26.92, 26.86, 27.08, 27.1, 27.08, 27.07, 27.07, 27.08], [27.5, 27.5, 27.5, 27.31, 27.34, 27.41, 27.36, 27.29, 26.76, 26.79, 26.93, 26.81, 26.85, 26.83, 27.08, 27.11, 27.1, 27.09, 27.09, 27.09], [27.5, 27.5, 27.5, 27.5, 27.5, 27.5, 27.5, 27.5, 27.36, 26.89, 26.5, 26.77, 26.8, 26.8, 27.08, 27.12, 27.11, 27.1, 27.1, 27.1], [27.5, 27.5, 27.5, 27.5, 27.5, 27.5, 27.5, 27.5, 27.5, -999.0, 26.5, 27.2, 27.2, 26.78, 27.08, 27.13, 27.12, 26.66, 26.67, 26.67], [27.5, 27.5, 27.5, 27.5, 27.5, 27.5, 27.5, 27.5, 27.5, 27.5, -999.0, 27.2, 27.2, 26.68, 26.91, 26.78, 26.79, 26.71, 26.72, 26.73], [27.5, 27.5, 27.5, 27.5, 27.5, 27.5, 27.5, 27.5, 27.5, 27.5, -999.0, 26.4, 26.4, 26.4, 26.84, 26.73, 26.74, 26.67, 26.68, 26.69], [27.5, 27.5, 27.5, 27.5, 27.5, 27.5, 27.5, 27.8, 27.8, 27.8, 27.8, 27.26, 26.4, 26.4, 26.4, 26.67, 26.69, 26.62, 26.64, 26.66], [27.5, 27.5, 27.69, 27.69, 27.7, 27.8, 27.8, 27.8, 27.8, 27.8, 26.92, 27.02, 26.88, 26.77, 26.9, 26.58, 26.61, 26.56, 26.69, 26.71], [27.69, 27.69, 27.61, 27.61, 27.8, 27.8, 27.8, 27.8, 27.8, 27.8, 27.2, 27.02, 26.84, 26.67, 26.62, 26.59, 26.66, 26.71, 26.75, 26.78], [27.61, 27.61, 27.62, 27.62, 27.8, 27.8, 27.8, 27.8, 27.8, 27.44, 27.26, 27.05, 26.83, 26.64, 26.43, 26.57, 26.66, 26.73, 26.77, 26.79], [27.61, 27.62, 27.62, 27.8, 27.8, 27.8, 27.8, 27.8, 27.67, 27.53, 27.4, 27.22, 26.87, 26.71, 26.55, 26.62, 26.7, 26.76, 26.79, 26.82], [27.62, 27.62, 27.8, 27.8, 27.8, 27.8, 27.8, 27.8, 27.67, 27.56, 27.42, 27.28, 26.93, 26.82, 26.68, 26.72, 26.77, 26.81, 26.83, 26.85], [27.8, 27.8, 27.8, 27.8, 27.8, 27.8, 27.8, 27.8, 27.58, 27.53, 27.44, 27.33, 26.97, 26.76, 26.77, 26.8, 26.84, 26.86, 26.87, 26.88], [27.8, 27.8, 27.8, 27.8, 27.8, 27.8, 27.8, 27.83, 27.56, 27.52, 27.46, 27.38, 27.02, 26.82, 26.84, 26.87, 26.9, 26.91, 26.92, 26.91], [27.8, 27.8, 27.8, 27.85, 27.85, 27.85, 27.84, 27.84, 27.84, 27.84, 27.84, 27.56, 27.32, 26.86, 26.89, 26.92, 26.94, 26.96, 26.96, 26.94], [27.86, 27.86, 27.86, 27.85, 27.85, 27.85, 27.85, 27.84, 27.84, 27.83, 27.84, 27.63, 27.34, 27.26, 27.18, 26.95, 26.95, 27.02, 26.99, 26.96], [27.86, 27.86, 27.86, 27.86, 27.86, 27.85, 27.85, 27.84, 27.83, 27.82, 27.84, 27.66, 27.59, 27.27, 27.19, 27.13, 27.04, 27.08, 27.01, 26.97], [27.86, 27.86, 27.86, 27.86, 27.86, 27.86, 27.86, 27.85, 27.84, 27.83, 27.74, 27.69, 27.62, 27.28, 27.22, 27.2, 27.17, 27.17, 27.0, 26.97], [27.87, 27.87, 27.87, 27.87, 27.87, 27.87, 27.87, 27.87, 27.86, 27.87, 27.76, 27.73, 27.66, 27.39, 27.31, 27.25, 27.22, 27.21, 27.21, 27.21], [27.87, 27.87, 27.87, 27.87, 27.87, 27.87, 27.88, 27.88, 27.89, 27.82, 27.83, 27.82, 27.77, 27.71, 27.37, 27.3, 27.27, 27.25, 27.24, 27.24], [27.87, 27.87, 27.87, 27.87, 27.88, 27.88, 27.89, 27.9, 27.92, 27.88, 27.95, 27.86, 27.79, 27.73, 27.41, 27.35, 27.31, 27.28, 27.27, 27.26], [27.87, 27.87, 27.88, 27.88, 27.88, 27.89, 27.89, 27.9, 27.85, 27.9, 27.92, 27.86, 27.8, 27.75, 27.44, 27.38, 27.34, 27.32, 27.3, 27.29], [27.87, 27.88, 27.88, 27.88, 27.88, 27.89, 27.9, 27.91, 27.84, 27.86, 27.86, 27.84, 27.79, 27.75, 27.46, 27.41, 27.37, 27.34, 27.32, 27.31], [27.88, 27.88, 27.88, 27.88, 27.89, 27.89, 27.9, 27.8, 27.82, 27.83, 27.82, 27.81, 27.78, 27.75, 27.47, 27.42, 27.39, 27.36, 27.34, 27.33]]}