gis_exercise/awsData/contour/temp_2023090108.json
{"header": {"refTime": "2023-09-01T08:00:00.000Z", "nx": 21, "ny": 33, "lo1": 113.509, "la1": 22.2235, "lo2": 113.5947, "la2": 22.1034, "dx": 0.0042850000000001385, "dy": 0.003753125000000024, "parameterCategory": 0, "parameterCategoryName": "Temperature", "parameterNumber": 0}, "z": [[27.62, 27.61, 27.61, 27.42, 27.43, 27.62, 27.61, 27.61, 27.61, 27.57, 27.59, 27.61, 27.84, 27.86, 27.74, 27.73, 27.88, 27.87, 27.87, 27.86], [27.62, 27.62, 27.61, 27.6, 27.43, 27.43, 27.6, 27.59, 27.58, 27.56, 27.59, 27.63, 27.86, 27.88, 27.75, 27.89, 27.88, 27.87, 27.86, 27.85], [27.63, 27.62, 27.62, 27.61, 27.43, 27.43, 27.44, 27.57, 27.52, 27.55, 27.6, 27.65, 27.88, 27.9, 27.91, 27.89, 27.87, 27.85, 27.84, 27.84], [27.63, 27.63, 27.62, 27.61, 27.6, 27.43, 27.44, 27.45, 27.46, 27.56, 27.62, 27.7, 27.92, 27.87, 27.91, 27.88, 27.85, 27.83, 27.83, 27.83], [27.64, 27.64, 27.63, 27.62, 27.61, 27.42, 27.43, 27.43, 27.43, 27.55, 27.62, 27.86, 27.95, 27.89, 27.91, 27.87, 27.83, 27.8, 27.8, 27.81], [27.65, 27.65, 27.64, 27.64, 27.63, 27.61, 27.42, 27.42, 27.41, 27.38, 27.72, 27.82, 27.9, 28.03, 27.91, 27.84, 27.78, 27.75, 27.77, 27.79], [27.72, 27.66, 27.66, 27.65, 27.65, 27.63, 27.52, 27.43, 27.42, 27.48, 27.49, 27.78, 28.06, 28.05, 27.9, 27.82, 27.71, 27.68, 27.67, 27.7], [27.73, 27.73, 27.73, 27.73, 27.72, 27.58, 27.55, 27.5, 27.5, 27.45, 27.33, 27.82, 27.83, 28.05, 27.79, 27.84, 27.73, 27.69, 27.75, 27.8], [27.67, 27.68, 27.75, 27.75, 27.76, 27.74, 27.69, 27.53, 27.4, 27.5, 27.55, 27.68, 27.74, 27.66, 27.8, 27.86, 27.8, 27.77, 27.79, 27.81], [27.9, 27.9, 27.9, 27.71, 27.74, 27.81, 27.76, 27.69, 27.33, 27.35, 27.75, 27.6, 27.64, 27.62, 27.8, 27.88, 27.84, 27.82, 27.82, 27.83], [27.9, 27.9, 27.9, 27.9, 27.9, 27.9, 27.9, 27.9, 27.76, 27.4, 27.2, 27.54, 27.58, 27.59, 27.79, 27.9, 27.87, 27.85, 27.85, 27.85], [27.9, 27.9, 27.9, 27.9, 27.9, 27.9, 27.9, 27.9, 27.9, -999.0, 27.2, 28.1, 28.1, 27.56, 27.79, 27.91, 27.9, 27.03, 27.05, 27.05], [27.9, 27.9, 27.9, 27.9, 27.9, 27.9, 27.9, 27.9, 27.9, 27.9, -999.0, 28.1, 28.1, 27.12, 27.55, 27.24, 27.24, 27.12, 27.14, 27.15], [27.9, 27.9, 27.9, 27.9, 27.9, 27.9, 27.9, 27.9, 27.9, 27.9, -999.0, 26.6, 26.6, 26.6, 27.42, 27.15, 27.17, 27.04, 27.07, 27.09], [27.9, 27.9, 27.9, 27.9, 27.9, 27.9, 27.9, 28.0, 28.0, 28.0, 28.0, 27.46, 26.6, 26.6, 26.6, 27.06, 27.09, 26.97, 27.01, 27.04], [27.9, 27.9, 27.96, 27.96, 27.97, 28.0, 28.0, 28.0, 28.0, 28.0, 27.12, 27.22, 27.08, 26.97, 27.1, 26.97, 27.02, 26.92, 27.13, 27.17], [27.96, 27.96, 27.94, 27.94, 28.0, 28.0, 28.0, 28.0, 28.0, 28.0, 27.4, 27.22, 27.04, 26.87, 26.88, 26.83, 26.91, 26.97, 27.01, 27.04], [27.94, 27.94, 27.94, 27.94, 28.0, 28.0, 28.0, 28.0, 28.0, 27.64, 27.46, 27.25, 27.03, 26.89, 26.64, 26.8, 26.91, 26.99, 27.03, 27.06], [27.94, 27.94, 27.94, 28.0, 28.0, 28.0, 28.0, 28.0, 27.87, 27.73, 27.58, 27.4, 27.16, 26.98, 26.79, 26.87, 26.96, 27.03, 27.07, 27.09], [27.94, 27.94, 27.94, 27.95, 27.95, 27.95, 27.96, 27.98, 27.86, 27.74, 27.6, 27.45, 27.24, 27.13, 26.94, 26.98, 27.04, 27.09, 27.11, 27.12], [27.94, 27.94, 27.94, 27.96, 27.96, 27.96, 27.97, 27.97, 27.76, 27.7, 27.61, 27.5, 27.31, 27.03, 27.05, 27.09, 27.13, 27.16, 27.16, 27.16], [27.95, 27.95, 27.95, 27.96, 27.96, 27.96, 27.96, 27.97, 27.72, 27.68, 27.62, 27.55, 27.34, 27.1, 27.14, 27.19, 27.23, 27.23, 27.21, 27.19], [27.95, 27.95, 27.95, 27.96, 27.96, 27.96, 27.96, 27.96, 27.95, 27.95, 27.95, 27.85, 27.56, 27.16, 27.2, 27.27, 27.33, 27.3, 27.25, 27.22], [27.96, 27.96, 27.96, 27.96, 27.96, 27.96, 27.95, 27.95, 27.94, 27.94, 27.94, 27.85, 27.57, 27.52, 27.47, 27.3, 27.46, 27.3, 27.25, 27.23], [27.96, 27.96, 27.96, 27.96, 27.96, 27.96, 27.95, 27.94, 27.93, 27.92, 27.93, 27.86, 27.84, 27.52, 27.47, 27.42, 27.27, 27.21, 27.24, 27.23], [27.96, 27.96, 27.96, 27.96, 27.96, 27.96, 27.95, 27.94, 27.93, 27.92, 27.89, 27.87, 27.85, 27.52, 27.47, 27.44, 27.39, 27.36, 27.23, 27.22], [27.96, 27.96, 27.96, 27.96, 27.96, 27.96, 27.95, 27.95, 27.95, 27.94, 27.9, 27.89, 27.87, 27.58, 27.52, 27.47, 27.43, 27.42, 27.42, 27.43], [27.96, 27.96, 27.96, 27.96, 27.96, 27.96, 27.96, 27.96, 27.96, 27.92, 27.93, 27.84, 27.78, 27.71, 27.56, 27.51, 27.48, 27.46, 27.45, 27.45], [27.96, 27.96, 27.96, 27.96, 27.96, 27.96, 27.96, 27.96, 27.97, 27.95, 27.96, 27.87, 27.8, 27.73, 27.59, 27.54, 27.51, 27.49, 27.48, 27.48], [27.96, 27.96, 27.96, 27.96, 27.96, 27.96, 27.96, 27.97, 27.87, 27.91, 27.93, 27.87, 27.81, 27.75, 27.61, 27.57, 27.54, 27.52, 27.5, 27.5], [27.96, 27.96, 27.96, 27.96, 27.96, 27.96, 27.97, 27.97, 27.85, 27.87, 27.87, 27.84, 27.8, 27.75, 27.63, 27.59, 27.56, 27.54, 27.52, 27.51], [27.96, 27.96, 27.96, 27.96, 27.97, 27.97, 27.97, 27.82, 27.83, 27.84, 27.83, 27.81, 27.78, 27.75, 27.63, 27.6, 27.57, 27.55, 27.54, 27.53]]}