gis_exercise/awsData/contour/temp_2023091201.json
{"header": {"refTime": "2023-09-12T01:00:00.000Z", "nx": 21, "ny": 33, "lo1": 113.509, "la1": 22.2235, "lo2": 113.5947, "la2": 22.1034, "dx": 0.0042850000000001385, "dy": 0.003753125000000024, "parameterCategory": 0, "parameterCategoryName": "Temperature", "parameterNumber": 0}, "z": [[26.26, 26.25, 26.25, 26.02, 26.02, 26.27, 26.27, 26.26, 26.27, 26.19, 26.2, 26.21, 26.41, 26.42, 26.45, 26.46, 26.51, 26.51, 26.51, 26.51], [26.26, 26.26, 26.25, 26.25, 26.03, 26.04, 26.26, 26.25, 26.25, 26.19, 26.2, 26.22, 26.42, 26.43, 26.46, 26.51, 26.51, 26.51, 26.51, 26.51], [26.26, 26.26, 26.25, 26.25, 26.02, 26.04, 26.06, 26.24, 26.21, 26.19, 26.21, 26.24, 26.44, 26.45, 26.52, 26.51, 26.51, 26.51, 26.51, 26.5], [26.27, 26.26, 26.26, 26.25, 26.24, 26.03, 26.05, 26.08, 26.1, 26.18, 26.21, 26.28, 26.48, 26.36, 26.52, 26.51, 26.51, 26.51, 26.5, 26.5], [26.27, 26.27, 26.27, 26.26, 26.25, 26.01, 26.02, 26.03, 26.02, 26.14, 26.19, 26.37, 26.5, 26.39, 26.52, 26.51, 26.51, 26.5, 26.5, 26.5], [26.28, 26.28, 26.27, 26.27, 26.26, 26.24, 26.0, 26.0, 25.98, 25.93, 26.16, 26.3, 26.41, 26.53, 26.51, 26.51, 26.5, 26.5, 26.5, 26.5], [26.32, 26.29, 26.29, 26.28, 26.27, 26.25, 26.07, 26.0, 25.98, 25.93, 25.9, 26.19, 26.49, 26.5, 26.5, 26.5, 26.5, 26.5, 26.52, 26.52], [26.33, 26.33, 26.33, 26.33, 26.32, 26.14, 26.1, 26.07, 26.06, 25.9, 25.73, 26.15, 26.16, 26.5, 26.46, 26.45, 26.47, 26.48, 26.47, 26.46], [26.27, 26.28, 26.35, 26.35, 26.36, 26.34, 26.29, 26.09, 25.94, 25.95, 25.91, 26.03, 26.08, 26.01, 26.46, 26.45, 26.46, 26.47, 26.46, 26.46], [26.5, 26.5, 26.5, 26.31, 26.34, 26.41, 26.36, 26.29, 25.82, 25.84, 26.09, 25.95, 26.0, 25.97, 26.46, 26.44, 26.45, 26.46, 26.46, 26.45], [26.5, 26.5, 26.5, 26.5, 26.5, 26.5, 26.5, 26.5, 26.36, 25.93, 25.6, 25.9, 25.94, 25.94, 26.46, 26.44, 26.45, 26.45, 26.45, 26.45], [26.5, 26.5, 26.5, 26.5, 26.5, 26.5, 26.5, 26.5, 26.5, -999.0, 25.6, 26.4, 26.4, 25.92, 26.46, 26.44, 26.44, 25.93, 25.95, 25.95], [26.5, 26.5, 26.5, 26.5, 26.5, 26.5, 26.5, 26.5, 26.5, 26.5, -999.0, 26.4, 26.4, 25.81, 26.07, 26.14, 26.14, 26.02, 26.04, 26.05], [26.5, 26.5, 26.5, 26.5, 26.5, 26.5, 26.5, 26.5, 26.5, 26.5, -999.0, 25.5, 25.5, 25.5, 25.99, 26.05, 26.07, 25.94, 25.97, 25.99], [26.5, 26.5, 26.5, 26.5, 26.5, 26.5, 26.5, 26.4, 26.4, 26.4, 26.4, 26.05, 25.5, 25.5, 25.5, 25.96, 25.99, 25.87, 25.91, 25.94], [26.5, 26.5, 26.44, 26.44, 26.43, 26.4, 26.4, 26.4, 26.4, 26.4, 25.83, 25.9, 25.81, 25.74, 25.82, 25.76, 25.8, 25.73, 25.95, 25.98], [26.44, 26.44, 26.46, 26.46, 26.4, 26.4, 26.4, 26.4, 26.4, 26.4, 26.01, 25.9, 25.78, 25.68, 25.69, 25.68, 25.74, 25.79, 25.83, 25.85], [26.46, 26.46, 26.46, 26.46, 26.4, 26.4, 26.4, 26.4, 26.4, 26.17, 26.05, 25.92, 25.78, 25.69, 25.53, 25.66, 25.75, 25.81, 25.84, 25.87], [26.46, 26.46, 26.46, 26.4, 26.4, 26.4, 26.4, 26.4, 26.32, 26.22, 26.14, 26.03, 25.87, 25.76, 25.65, 25.71, 25.79, 25.84, 25.87, 25.89], [26.46, 26.46, 26.4, 26.4, 26.4, 26.4, 26.4, 26.4, 26.32, 26.25, 26.16, 26.06, 25.92, 25.85, 25.77, 25.8, 25.85, 25.89, 25.91, 25.92], [26.4, 26.4, 26.4, 26.4, 26.4, 26.4, 26.4, 26.4, 26.26, 26.22, 26.17, 26.1, 25.97, 25.84, 25.86, 25.89, 25.92, 25.94, 25.95, 25.95], [26.4, 26.4, 26.4, 26.4, 26.4, 26.4, 26.4, 26.42, 26.24, 26.22, 26.18, 26.13, 26.02, 25.9, 25.93, 25.96, 25.99, 26.0, 25.99, 25.97], [26.4, 26.4, 26.4, 26.43, 26.42, 26.42, 26.42, 26.42, 26.42, 26.42, 26.42, 26.35, 26.21, 25.94, 25.97, 26.02, 26.06, 26.05, 26.02, 26.0], [26.43, 26.43, 26.43, 26.43, 26.43, 26.42, 26.42, 26.42, 26.42, 26.42, 26.42, 26.38, 26.22, 26.19, 26.16, 26.05, 26.14, 26.07, 26.03, 26.01], [26.43, 26.43, 26.43, 26.43, 26.43, 26.43, 26.43, 26.42, 26.42, 26.41, 26.42, 26.38, 26.37, 26.19, 26.16, 26.14, 26.05, 26.03, 26.03, 26.01], [26.43, 26.43, 26.43, 26.43, 26.43, 26.43, 26.43, 26.43, 26.42, 26.41, 26.4, 26.39, 26.38, 26.19, 26.17, 26.16, 26.13, 26.12, 26.02, 26.01], [26.43, 26.43, 26.43, 26.43, 26.43, 26.43, 26.43, 26.43, 26.43, 26.43, 26.41, 26.41, 26.39, 26.24, 26.21, 26.18, 26.16, 26.15, 26.15, 26.16], [26.43, 26.43, 26.43, 26.44, 26.44, 26.44, 26.44, 26.44, 26.45, 26.44, 26.44, 26.4, 26.36, 26.32, 26.23, 26.2, 26.18, 26.17, 26.17, 26.17], [26.44, 26.44, 26.44, 26.44, 26.44, 26.44, 26.44, 26.45, 26.46, 26.46, 26.47, 26.42, 26.38, 26.34, 26.25, 26.22, 26.2, 26.19, 26.18, 26.18], [26.44, 26.44, 26.44, 26.44, 26.44, 26.44, 26.45, 26.45, 26.41, 26.44, 26.46, 26.42, 26.38, 26.35, 26.26, 26.24, 26.22, 26.2, 26.2, 26.19], [26.44, 26.44, 26.44, 26.44, 26.44, 26.44, 26.45, 26.45, 26.4, 26.42, 26.42, 26.4, 26.38, 26.35, 26.27, 26.25, 26.23, 26.22, 26.21, 26.2], [26.44, 26.44, 26.44, 26.44, 26.44, 26.45, 26.45, 26.39, 26.39, 26.4, 26.4, 26.39, 26.37, 26.35, 26.27, 26.25, 26.24, 26.23, 26.22, 26.21]]}