gis_exercise/awsData/contour/temp_2023090112.json
{"header": {"refTime": "2023-09-01T12:00:00.000Z", "nx": 21, "ny": 33, "lo1": 113.509, "la1": 22.2235, "lo2": 113.5947, "la2": 22.1034, "dx": 0.0042850000000001385, "dy": 0.003753125000000024, "parameterCategory": 0, "parameterCategoryName": "Temperature", "parameterNumber": 0}, "z": [[29.25, 29.24, 29.24, 28.92, 28.93, 29.29, 29.28, 29.27, 29.27, 29.17, 29.2, 29.23, 29.54, 29.56, 29.52, 29.51, 29.64, 29.63, 29.62, 29.62], [29.25, 29.25, 29.24, 29.23, 28.93, 28.94, 29.26, 29.24, 29.23, 29.16, 29.2, 29.25, 29.56, 29.59, 29.54, 29.66, 29.64, 29.62, 29.61, 29.61], [29.26, 29.25, 29.24, 29.23, 28.93, 28.94, 28.96, 29.21, 29.13, 29.15, 29.22, 29.3, 29.61, 29.63, 29.68, 29.65, 29.63, 29.61, 29.6, 29.6], [29.27, 29.26, 29.25, 29.24, 29.23, 28.93, 28.95, 28.98, 29.01, 29.15, 29.24, 29.37, 29.69, 29.54, 29.69, 29.65, 29.61, 29.59, 29.59, 29.58], [29.28, 29.27, 29.26, 29.25, 29.24, 28.92, 28.93, 28.94, 28.93, 29.12, 29.23, 29.55, 29.75, 29.58, 29.68, 29.63, 29.59, 29.57, 29.56, 29.57], [29.29, 29.28, 29.28, 29.27, 29.26, 29.24, 28.92, 28.92, 28.89, 28.83, 29.24, 29.45, 29.62, 29.8, 29.66, 29.6, 29.55, 29.52, 29.53, 29.55], [29.38, 29.3, 29.3, 29.29, 29.28, 29.26, 29.05, 28.93, 28.9, 28.88, 28.84, 29.28, 29.73, 29.75, 29.64, 29.57, 29.49, 29.46, 29.49, 29.52], [29.39, 29.39, 29.39, 29.39, 29.38, 29.13, 29.08, 29.05, 29.05, 28.83, 28.6, 29.23, 29.24, 29.75, 29.47, 29.5, 29.45, 29.44, 29.46, 29.48], [29.31, 29.32, 29.41, 29.42, 29.42, 29.4, 29.34, 29.07, 28.88, 28.91, 28.86, 29.04, 29.12, 29.01, 29.48, 29.5, 29.48, 29.47, 29.47, 29.48], [29.6, 29.6, 29.6, 29.37, 29.4, 29.49, 29.43, 29.34, 28.7, 28.74, 29.13, 28.93, 28.99, 28.96, 29.48, 29.51, 29.5, 29.49, 29.49, 29.49], [29.6, 29.6, 29.6, 29.6, 29.6, 29.6, 29.6, 29.6, 29.42, 28.86, 28.4, 28.86, 28.91, 28.91, 29.48, 29.52, 29.51, 29.5, 29.5, 29.5], [29.6, 29.6, 29.6, 29.6, 29.6, 29.6, 29.6, 29.6, 29.6, -999.0, 28.4, 29.6, 29.6, 28.88, 29.48, 29.53, 29.52, 28.72, 28.73, 28.74], [29.6, 29.6, 29.6, 29.6, 29.6, 29.6, 29.6, 29.6, 29.6, 29.6, -999.0, 29.6, 29.6, 28.69, 29.09, 28.96, 28.97, 28.82, 28.85, 28.86], [29.6, 29.6, 29.6, 29.6, 29.6, 29.6, 29.6, 29.6, 29.6, 29.6, -999.0, 28.2, 28.2, 28.2, 28.97, 28.86, 28.88, 28.73, 28.76, 28.79], [29.6, 29.6, 29.6, 29.6, 29.6, 29.6, 29.6, 29.8, 29.8, 29.8, 29.8, 29.19, 28.2, 28.2, 28.2, 28.75, 28.79, 28.65, 28.69, 28.73], [29.6, 29.6, 29.73, 29.73, 29.73, 29.8, 29.8, 29.8, 29.8, 29.8, 28.79, 28.91, 28.75, 28.62, 28.77, 28.64, 28.71, 28.59, 28.84, 28.88], [29.73, 29.73, 29.67, 29.67, 29.8, 29.8, 29.8, 29.8, 29.8, 29.8, 29.11, 28.91, 28.7, 28.51, 28.52, 28.46, 28.55, 28.62, 28.67, 28.7], [29.67, 29.67, 29.68, 29.68, 29.8, 29.8, 29.8, 29.8, 29.8, 29.39, 29.18, 28.94, 28.69, 28.54, 28.25, 28.43, 28.56, 28.64, 28.69, 28.73], [29.68, 29.68, 29.68, 29.8, 29.8, 29.8, 29.8, 29.8, 29.66, 29.49, 29.38, 29.18, 28.86, 28.65, 28.41, 28.51, 28.61, 28.69, 28.73, 28.76], [29.68, 29.68, 29.91, 29.91, 29.9, 29.89, 29.87, 29.83, 29.67, 29.56, 29.41, 29.25, 28.95, 28.82, 28.58, 28.64, 28.71, 28.76, 28.78, 28.8], [29.92, 29.92, 29.92, 29.88, 29.88, 29.87, 29.87, 29.86, 29.6, 29.54, 29.44, 29.32, 29.03, 28.69, 28.72, 28.76, 28.81, 28.84, 28.84, 28.84], [29.89, 29.89, 29.89, 29.89, 29.89, 29.89, 29.88, 29.85, 29.59, 29.56, 29.49, 29.39, 29.17, 28.77, 28.82, 28.88, 28.92, 28.92, 28.9, 28.87], [29.9, 29.9, 29.9, 29.85, 29.85, 29.85, 29.86, 29.87, 29.88, 29.88, 29.88, 29.78, 29.41, 28.83, 28.89, 28.97, 29.04, 29.0, 28.94, 28.9], [29.84, 29.84, 29.85, 29.85, 29.85, 29.86, 29.87, 29.88, 29.9, 29.91, 29.9, 29.78, 29.43, 29.33, 29.25, 29.01, 29.22, 29.0, 28.94, 28.91], [29.84, 29.84, 29.85, 29.85, 29.85, 29.86, 29.87, 29.89, 29.93, 29.96, 29.91, 29.79, 29.73, 29.34, 29.25, 29.17, 28.95, 28.87, 28.91, 28.9], [29.84, 29.84, 29.85, 29.85, 29.85, 29.86, 29.87, 29.89, 29.92, 29.95, 29.85, 29.79, 29.74, 29.35, 29.26, 29.13, 29.07, 29.04, 28.9, 28.9], [29.84, 29.84, 29.84, 29.85, 29.85, 29.85, 29.86, 29.87, 29.88, 29.88, 29.8, 29.77, 29.73, 29.28, 29.22, 29.17, 29.12, 29.1, 29.11, 29.12], [29.84, 29.84, 29.84, 29.84, 29.84, 29.84, 29.85, 29.84, 29.83, 29.77, 29.76, 29.64, 29.58, 29.5, 29.26, 29.21, 29.17, 29.15, 29.14, 29.15], [29.84, 29.84, 29.84, 29.84, 29.84, 29.84, 29.83, 29.82, 29.8, 29.74, 29.69, 29.64, 29.59, 29.52, 29.29, 29.24, 29.2, 29.18, 29.17, 29.17], [29.84, 29.84, 29.84, 29.83, 29.83, 29.83, 29.82, 29.81, 29.66, 29.67, 29.67, 29.64, 29.58, 29.53, 29.31, 29.27, 29.23, 29.21, 29.2, 29.19], [29.83, 29.83, 29.83, 29.83, 29.83, 29.83, 29.82, 29.81, 29.64, 29.65, 29.64, 29.61, 29.58, 29.53, 29.32, 29.28, 29.25, 29.23, 29.22, 29.21], [29.83, 29.83, 29.83, 29.83, 29.83, 29.82, 29.82, 29.63, 29.63, 29.62, 29.61, 29.59, 29.56, 29.53, 29.33, 29.3, 29.27, 29.25, 29.23, 29.23]]}