gis_exercise/awsData/contour/temp_2023090322.json
{"header": {"refTime": "2023-09-03T22:00:00.000Z", "nx": 21, "ny": 33, "lo1": 113.509, "la1": 22.2235, "lo2": 113.5947, "la2": 22.1034, "dx": 0.0042850000000001385, "dy": 0.003753125000000024, "parameterCategory": 0, "parameterCategoryName": "Temperature", "parameterNumber": 0}, "z": [[28.65, 28.65, 28.66, 28.77, 28.77, 28.77, 28.78, 28.78, 28.78, 28.8, 28.8, 28.8, 28.87, 28.88, 28.74, 28.74, 28.81, 28.8, 28.8, 28.8], [28.65, 28.65, 28.66, 28.67, 28.77, 28.77, 28.78, 28.78, 28.79, 28.8, 28.8, 28.8, 28.87, 28.88, 28.74, 28.81, 28.8, 28.8, 28.79, 28.79], [28.64, 28.65, 28.65, 28.66, 28.77, 28.77, 28.78, 28.78, 28.8, 28.8, 28.8, 28.8, 28.87, 28.87, 28.82, 28.81, 28.8, 28.79, 28.78, 28.78], [28.63, 28.64, 28.65, 28.65, 28.67, 28.77, 28.77, 28.78, 28.79, 28.8, 28.8, 28.8, 28.86, 28.87, 28.82, 28.8, 28.79, 28.77, 28.77, 28.77], [28.63, 28.63, 28.64, 28.64, 28.65, 28.77, 28.77, 28.77, 28.77, 28.8, 28.8, 28.86, 28.83, 28.86, 28.82, 28.79, 28.77, 28.75, 28.75, 28.76], [28.62, 28.62, 28.62, 28.63, 28.64, 28.65, 28.76, 28.76, 28.76, 28.77, 28.88, 28.88, 28.86, 28.9, 28.82, 28.78, 28.74, 28.72, 28.73, 28.75], [28.53, 28.61, 28.61, 28.61, 28.62, 28.63, 28.65, 28.74, 28.74, 28.82, 28.86, 28.92, 28.97, 28.95, 28.83, 28.77, 28.69, 28.66, 28.64, 28.65], [28.53, 28.53, 28.53, 28.53, 28.53, 28.61, 28.64, 28.67, 28.73, 28.82, 28.83, 29.01, 29.01, 28.95, 28.79, 28.84, 28.73, 28.69, 28.75, 28.8], [28.57, 28.57, 28.51, 28.51, 28.51, 28.52, 28.56, 28.65, 28.73, 28.83, 28.92, 28.96, 28.98, 28.95, 28.8, 28.86, 28.8, 28.77, 28.79, 28.81], [28.4, 28.4, 28.4, 28.54, 28.52, 28.47, 28.5, 28.56, 28.76, 28.75, 28.98, 28.93, 28.95, 28.94, 28.8, 28.88, 28.84, 28.82, 28.82, 28.83], [28.4, 28.4, 28.4, 28.4, 28.4, 28.4, 28.4, 28.4, 28.51, 28.73, 28.8, 28.91, 28.93, 28.93, 28.79, 28.9, 28.87, 28.85, 28.85, 28.85], [28.4, 28.4, 28.4, 28.4, 28.4, 28.4, 28.4, 28.4, 28.4, -999.0, 28.8, 29.1, 29.1, 28.92, 28.79, 28.91, 28.9, 28.32, 28.32, 28.32], [28.4, 28.4, 28.4, 28.4, 28.4, 28.4, 28.4, 28.4, 28.4, 28.4, -999.0, 29.1, 29.1, 28.45, 28.73, 28.42, 28.42, 28.36, 28.37, 28.37], [28.4, 28.4, 28.4, 28.4, 28.4, 28.4, 28.4, 28.4, 28.4, 28.4, -999.0, 28.1, 28.1, 28.1, 28.65, 28.38, 28.38, 28.32, 28.33, 28.35], [28.4, 28.4, 28.4, 28.4, 28.4, 28.4, 28.4, 28.4, 28.4, 28.4, 28.4, 28.28, 28.1, 28.1, 28.1, 28.33, 28.34, 28.29, 28.3, 28.32], [28.4, 28.4, 28.4, 28.4, 28.4, 28.4, 28.4, 28.4, 28.4, 28.4, 28.21, 28.23, 28.2, 28.18, 28.21, 28.25, 28.27, 28.23, 28.34, 28.36], [28.4, 28.4, 28.4, 28.4, 28.4, 28.4, 28.4, 28.4, 28.4, 28.4, 28.27, 28.23, 28.19, 28.16, 28.18, 27.94, 27.88, 27.83, 27.79, 27.77], [28.4, 28.4, 28.4, 28.4, 28.4, 28.4, 28.4, 28.4, 28.4, 28.32, 28.28, 28.24, 28.19, 28.18, 28.11, 27.96, 27.88, 27.82, 27.78, 27.75], [28.4, 28.4, 28.4, 28.4, 28.4, 28.4, 28.4, 28.4, 28.37, 28.34, 28.18, 28.14, 28.25, 28.21, 27.97, 27.91, 27.85, 27.8, 27.76, 27.73], [28.4, 28.4, 28.0, 28.02, 28.05, 28.08, 28.14, 28.28, 28.29, 28.23, 28.16, 28.13, 28.28, 28.26, 27.87, 27.84, 27.8, 27.76, 27.73, 27.71], [27.97, 27.98, 28.0, 28.11, 28.13, 28.15, 28.17, 28.2, 28.19, 28.16, 28.12, 28.1, 28.3, 27.81, 27.8, 27.79, 27.76, 27.73, 27.7, 27.68], [28.07, 28.08, 28.08, 28.09, 28.09, 28.1, 28.1, 28.11, 28.1, 28.08, 28.07, 28.06, 28.1, 27.76, 27.76, 27.76, 27.75, 27.7, 27.66, 27.64], [28.06, 28.06, 28.06, 28.07, 28.07, 28.06, 28.05, 28.03, 28.01, 27.99, 28.0, 28.12, 27.61, 27.72, 27.72, 27.75, 27.81, 27.69, 27.6, 27.59], [28.06, 28.06, 28.06, 28.05, 28.04, 28.03, 28.01, 27.97, 27.93, 27.9, 27.93, 28.0, 27.61, 27.6, 27.61, 27.72, 28.07, 27.51, 27.49, 27.54], [28.06, 28.05, 28.05, 28.04, 28.03, 28.01, 27.98, 27.93, 27.85, 27.79, 27.88, 27.98, 28.06, 27.59, 27.57, 27.55, 27.38, 27.12, 27.4, 27.5], [28.05, 28.05, 28.04, 28.03, 28.02, 28.0, 27.97, 27.92, 27.85, 27.8, 27.9, 27.98, 28.05, 27.57, 27.54, 27.55, 27.43, 27.36, 27.42, 27.49], [28.05, 28.04, 28.03, 28.02, 28.01, 27.99, 27.97, 27.95, 27.92, 27.91, 27.96, 28.01, 28.05, 27.71, 27.64, 27.58, 27.51, 27.47, 27.48, 27.51], [28.04, 28.04, 28.03, 28.02, 28.01, 28.0, 27.99, 27.98, 27.97, 28.0, 28.03, 27.75, 27.63, 27.51, 27.67, 27.61, 27.57, 27.54, 27.53, 27.54], [28.04, 28.03, 28.03, 28.02, 28.01, 28.01, 28.0, 28.0, 28.01, 28.05, 28.0, 27.83, 27.69, 27.56, 27.7, 27.65, 27.61, 27.58, 27.57, 27.57], [28.04, 28.03, 28.03, 28.02, 28.02, 28.01, 28.01, 28.01, 27.8, 27.89, 27.95, 27.83, 27.7, 27.59, 27.73, 27.68, 27.64, 27.62, 27.6, 27.6], [28.04, 28.03, 28.03, 28.03, 28.02, 28.02, 28.02, 28.02, 27.77, 27.82, 27.83, 27.77, 27.69, 27.6, 27.74, 27.7, 27.67, 27.64, 27.63, 27.62], [28.04, 28.03, 28.03, 28.03, 28.03, 28.02, 28.02, 27.71, 27.73, 27.75, 27.75, 27.71, 27.66, 27.59, 27.75, 27.71, 27.68, 27.66, 27.65, 27.64]]}