gis_exercise/awsData/contour/temp_2023090313.json
{"header": {"refTime": "2023-09-03T13:00:00.000Z", "nx": 21, "ny": 33, "lo1": 113.509, "la1": 22.2235, "lo2": 113.5947, "la2": 22.1034, "dx": 0.0042850000000001385, "dy": 0.003753125000000024, "parameterCategory": 0, "parameterCategoryName": "Temperature", "parameterNumber": 0}, "z": [[30.08, 30.09, 30.09, 30.1, 30.12, 30.18, 30.21, 30.24, 30.26, 30.5, 30.51, 30.53, 30.66, 30.68, 29.92, 29.84, 29.93, 29.87, 29.83, 29.8], [30.08, 30.08, 30.09, 30.09, 30.11, 30.13, 30.21, 30.26, 30.29, 30.48, 30.51, 30.54, 30.67, 30.69, 29.93, 29.99, 29.89, 29.82, 29.77, 29.75], [30.08, 30.08, 30.08, 30.08, 30.09, 30.12, 30.17, 30.27, 30.37, 30.47, 30.52, 30.55, 30.68, 30.7, 30.1, 29.96, 29.84, 29.75, 29.7, 29.68], [30.08, 30.08, 30.07, 30.07, 30.07, 30.09, 30.13, 30.19, 30.25, 30.49, 30.53, 30.58, 30.7, 30.73, 30.11, 29.91, 29.74, 29.63, 29.59, 29.59], [30.08, 30.08, 30.07, 30.06, 30.05, 30.04, 30.05, 30.08, 30.11, 30.51, 30.55, 30.72, 30.71, 30.73, 30.1, 29.83, 29.59, 29.45, 29.44, 29.49], [30.08, 30.08, 30.07, 30.05, 30.03, 29.99, 29.97, 29.95, 29.99, 30.07, 30.7, 30.73, 30.73, 30.8, 30.05, 29.69, 29.32, 29.17, 29.25, 29.38], [29.96, 30.08, 30.08, 30.06, 30.03, 29.97, 29.91, 29.79, 29.8, 30.19, 30.39, 30.75, 30.87, 30.85, 30.0, 29.54, 28.95, 28.73, 28.74, 28.89], [29.99, 29.99, 30.0, 29.99, 29.96, 30.03, 29.91, 29.69, 29.53, 30.19, 30.46, 30.85, 30.85, 30.85, 29.31, 29.6, 29.01, 28.79, 29.13, 29.36], [29.81, 29.83, 30.04, 30.06, 30.07, 30.02, 29.88, 29.85, 29.68, 30.17, 30.69, 30.77, 30.8, 30.75, 29.38, 29.71, 29.36, 29.22, 29.3, 29.43], [30.5, 30.5, 30.5, 29.94, 30.02, 30.23, 30.08, 29.88, 29.98, 29.92, 30.8, 30.72, 30.75, 30.73, 29.38, 29.82, 29.6, 29.49, 29.48, 29.53], [30.5, 30.5, 30.5, 30.5, 30.5, 30.5, 30.5, 30.5, 30.07, 29.71, 30.5, 30.69, 30.71, 30.71, 29.35, 29.91, 29.75, 29.66, 29.63, 29.65], [30.5, 30.5, 30.5, 30.5, 30.5, 30.5, 30.5, 30.5, 30.5, -999.0, 30.5, 31.0, 31.0, 30.7, 29.32, 30.0, 29.9, 28.98, 28.97, 28.96], [30.5, 30.5, 30.5, 30.5, 30.5, 30.5, 30.5, 30.5, 30.5, 30.5, -999.0, 31.0, 31.0, 30.02, 30.45, 28.74, 28.73, 28.88, 28.85, 28.84], [30.5, 30.5, 30.5, 30.5, 30.5, 30.5, 30.5, 30.5, 30.5, 30.5, -999.0, 29.5, 29.5, 29.5, 30.32, 28.84, 28.82, 28.97, 28.94, 28.91], [30.5, 30.5, 30.5, 30.5, 30.5, 30.5, 30.5, 31.1, 31.1, 31.1, 31.1, 30.49, 29.5, 29.5, 29.5, 28.95, 28.91, 29.05, 29.01, 28.97], [30.5, 30.5, 30.88, 30.88, 30.9, 31.1, 31.1, 31.1, 31.1, 31.1, 30.09, 30.21, 30.05, 29.92, 30.07, 29.17, 29.12, 29.21, 28.94, 28.9], [30.89, 30.89, 30.71, 30.72, 31.1, 31.1, 31.1, 31.1, 31.1, 31.1, 30.41, 30.21, 30.0, 29.81, 29.59, 29.63, 29.67, 29.71, 29.74, 29.77], [30.71, 30.72, 30.73, 30.75, 31.1, 31.1, 31.1, 31.1, 31.1, 30.69, 30.48, 30.24, 29.99, 29.61, 29.51, 29.61, 29.67, 29.72, 29.75, 29.78], [30.73, 30.74, 30.75, 31.1, 31.1, 31.1, 31.1, 31.1, 30.96, 30.79, 30.56, 30.36, 29.78, 29.63, 29.6, 29.64, 29.69, 29.73, 29.77, 29.79], [30.73, 30.74, 30.87, 30.88, 30.9, 30.92, 30.95, 31.03, 30.91, 30.76, 30.58, 30.41, 29.78, 29.64, 29.67, 29.69, 29.72, 29.76, 29.79, 29.81], [30.86, 30.86, 30.87, 30.93, 30.94, 30.95, 30.97, 30.99, 30.76, 30.68, 30.57, 30.45, 29.75, 29.72, 29.72, 29.72, 29.74, 29.77, 29.81, 29.84], [30.91, 30.92, 30.92, 30.92, 30.92, 30.93, 30.93, 31.05, 30.68, 30.63, 30.56, 30.48, 29.6, 29.75, 29.74, 29.73, 29.73, 29.78, 29.84, 29.88], [30.91, 30.91, 30.91, 31.08, 31.07, 31.06, 31.04, 31.02, 31.0, 31.0, 31.01, 30.27, 30.21, 29.78, 29.76, 29.7, 29.61, 29.77, 29.9, 29.93], [31.1, 31.1, 31.09, 31.08, 31.07, 31.06, 31.03, 31.0, 30.95, 30.93, 30.97, 30.41, 30.23, 30.13, 30.03, 29.74, 29.22, 30.01, 30.05, 30.0], [31.11, 31.1, 31.1, 31.09, 31.08, 31.06, 31.03, 30.98, 30.89, 30.81, 30.93, 30.49, 30.32, 30.17, 30.09, 30.04, 30.18, 30.55, 30.17, 30.05], [31.11, 31.11, 31.1, 31.1, 31.09, 31.07, 31.05, 31.0, 30.92, 30.84, 30.67, 30.58, 30.43, 30.21, 30.16, 30.3, 30.35, 30.42, 30.14, 30.06], [31.12, 31.11, 31.11, 31.11, 31.1, 31.09, 31.08, 31.06, 31.04, 31.05, 30.79, 30.71, 30.55, 30.58, 30.46, 30.4, 30.39, 30.39, 30.38, 30.37], [31.12, 31.12, 31.12, 31.12, 31.12, 31.12, 31.13, 31.14, 31.17, 30.99, 31.03, 31.3, 31.28, 31.28, 30.56, 30.48, 30.44, 30.42, 30.41, 30.4], [31.13, 31.13, 31.13, 31.14, 31.14, 31.15, 31.17, 31.2, 31.26, 31.2, 31.52, 31.39, 31.33, 31.3, 30.63, 30.54, 30.49, 30.46, 30.44, 30.43], [31.14, 31.14, 31.14, 31.15, 31.16, 31.17, 31.19, 31.23, 31.33, 31.42, 31.48, 31.4, 31.34, 31.31, 30.69, 30.6, 30.54, 30.5, 30.47, 30.46], [31.14, 31.15, 31.15, 31.16, 31.17, 31.18, 31.21, 31.24, 31.33, 31.37, 31.39, 31.37, 31.34, 31.32, 30.72, 30.63, 30.57, 30.53, 30.5, 30.48], [31.15, 31.15, 31.16, 31.17, 31.18, 31.19, 31.21, 31.29, 31.32, 31.34, 31.35, 31.34, 31.33, 31.31, 30.73, 30.66, 30.6, 30.56, 30.53, 30.51]]}