gis_exercise/awsData/contour/temp_2023090114.json
{"header": {"refTime": "2023-09-01T14:00:00.000Z", "nx": 21, "ny": 33, "lo1": 113.509, "la1": 22.2235, "lo2": 113.5947, "la2": 22.1034, "dx": 0.0042850000000001385, "dy": 0.003753125000000024, "parameterCategory": 0, "parameterCategoryName": "Temperature", "parameterNumber": 0}, "z": [[29.92, 29.91, 29.9, 29.64, 29.65, 29.89, 29.89, 29.89, 29.89, 29.83, 29.85, 29.87, 30.17, 30.19, 30.06, 30.06, 30.25, 30.24, 30.23, 30.23], [29.92, 29.92, 29.91, 29.9, 29.65, 29.66, 29.88, 29.87, 29.86, 29.83, 29.85, 29.88, 30.18, 30.2, 30.08, 30.25, 30.24, 30.23, 30.23, 30.22], [29.93, 29.92, 29.91, 29.9, 29.65, 29.66, 29.68, 29.85, 29.82, 29.82, 29.86, 29.91, 30.21, 30.22, 30.27, 30.25, 30.23, 30.22, 30.21, 30.21], [29.93, 29.93, 29.92, 29.91, 29.9, 29.65, 29.67, 29.69, 29.72, 29.82, 29.87, 29.96, 30.24, 30.15, 30.27, 30.24, 30.22, 30.2, 30.2, 30.2], [29.94, 29.94, 29.93, 29.92, 29.91, 29.64, 29.65, 29.65, 29.65, 29.8, 29.86, 30.14, 30.24, 30.17, 30.27, 30.23, 30.2, 30.18, 30.18, 30.18], [29.95, 29.95, 29.95, 29.94, 29.92, 29.9, 29.63, 29.63, 29.61, 29.57, 29.97, 30.1, 30.19, 30.37, 30.27, 30.21, 30.16, 30.13, 30.15, 30.17], [30.03, 29.97, 29.96, 29.96, 29.94, 29.92, 29.75, 29.62, 29.6, 29.67, 29.68, 30.05, 30.41, 30.4, 30.27, 30.19, 30.1, 30.07, 30.06, 30.07], [30.04, 30.05, 30.05, 30.04, 30.03, 29.84, 29.78, 29.72, 29.7, 29.63, 29.47, 30.13, 30.14, 30.4, 30.19, 30.24, 30.13, 30.09, 30.15, 30.2], [29.96, 29.97, 30.07, 30.08, 30.08, 30.06, 29.99, 29.76, 29.57, 29.7, 29.76, 29.94, 30.02, 29.91, 30.2, 30.26, 30.2, 30.17, 30.19, 30.21], [30.3, 30.3, 30.3, 30.02, 30.06, 30.16, 30.09, 29.99, 29.47, 29.49, 30.03, 29.83, 29.89, 29.86, 30.2, 30.28, 30.24, 30.22, 30.22, 30.23], [30.3, 30.3, 30.3, 30.3, 30.3, 30.3, 30.3, 30.3, 30.09, 29.56, 29.3, 29.76, 29.81, 29.81, 30.19, 30.3, 30.27, 30.25, 30.25, 30.25], [30.3, 30.3, 30.3, 30.3, 30.3, 30.3, 30.3, 30.3, 30.3, -999.0, 29.3, 30.5, 30.5, 29.78, 30.19, 30.31, 30.3, 29.2, 29.22, 29.23], [30.3, 30.3, 30.3, 30.3, 30.3, 30.3, 30.3, 30.3, 30.3, 30.3, -999.0, 30.5, 30.5, 29.26, 29.81, 29.49, 29.5, 29.33, 29.35, 29.37], [30.3, 30.3, 30.3, 30.3, 30.3, 30.3, 30.3, 30.3, 30.3, 30.3, -999.0, 28.6, 28.6, 28.6, 29.64, 29.37, 29.4, 29.22, 29.26, 29.29], [30.3, 30.3, 30.3, 30.3, 30.3, 30.3, 30.3, 30.2, 30.2, 30.2, 30.2, 29.59, 28.6, 28.6, 28.6, 29.24, 29.28, 29.12, 29.17, 29.21], [30.3, 30.3, 30.24, 30.24, 30.23, 30.2, 30.2, 30.2, 30.2, 30.2, 29.19, 29.31, 29.15, 29.02, 29.17, 29.04, 29.11, 28.99, 29.29, 29.34], [30.24, 30.24, 30.26, 30.26, 30.2, 30.2, 30.2, 30.2, 30.2, 30.2, 29.51, 29.31, 29.1, 28.91, 28.92, 28.84, 28.93, 29.0, 29.04, 29.07], [30.26, 30.26, 30.26, 30.26, 30.2, 30.2, 30.2, 30.2, 30.2, 29.79, 29.58, 29.34, 29.09, 28.94, 28.65, 28.82, 28.94, 29.02, 29.07, 29.1], [30.26, 30.26, 30.26, 30.2, 30.2, 30.2, 30.2, 30.2, 30.06, 29.89, 29.76, 29.56, 29.26, 29.05, 28.8, 28.89, 28.99, 29.06, 29.1, 29.13], [30.26, 30.26, 30.26, 30.25, 30.25, 30.25, 30.24, 30.22, 30.06, 29.94, 29.79, 29.62, 29.35, 29.22, 28.96, 29.01, 29.08, 29.13, 29.15, 29.16], [30.26, 30.26, 30.26, 30.24, 30.24, 30.24, 30.23, 30.23, 29.98, 29.91, 29.81, 29.69, 29.43, 29.06, 29.09, 29.14, 29.18, 29.2, 29.21, 29.2], [30.25, 30.25, 30.25, 30.24, 30.24, 30.24, 30.24, 30.23, 29.96, 29.92, 29.85, 29.76, 29.54, 29.14, 29.19, 29.24, 29.29, 29.29, 29.26, 29.24], [30.25, 30.25, 30.25, 30.24, 30.24, 30.24, 30.24, 30.24, 30.25, 30.25, 30.25, 30.14, 29.75, 29.2, 29.26, 29.33, 29.41, 29.36, 29.29, 29.26], [30.24, 30.24, 30.24, 30.24, 30.24, 30.24, 30.25, 30.25, 30.26, 30.26, 30.26, 30.15, 29.77, 29.67, 29.6, 29.37, 29.59, 29.35, 29.29, 29.26], [30.24, 30.24, 30.24, 30.24, 30.24, 30.24, 30.25, 30.26, 30.27, 30.28, 30.27, 30.17, 30.12, 29.68, 29.59, 29.51, 29.29, 29.2, 29.26, 29.26], [30.24, 30.24, 30.24, 30.24, 30.24, 30.24, 30.25, 30.26, 30.27, 30.28, 30.21, 30.17, 30.13, 29.68, 29.6, 29.51, 29.43, 29.4, 29.25, 29.25], [30.24, 30.24, 30.24, 30.24, 30.24, 30.24, 30.25, 30.25, 30.25, 30.26, 30.2, 30.17, 30.14, 29.68, 29.61, 29.55, 29.49, 29.47, 29.48, 29.49], [30.24, 30.24, 30.24, 30.24, 30.24, 30.24, 30.24, 30.24, 30.24, 30.19, 30.19, 30.05, 29.97, 29.88, 29.65, 29.59, 29.55, 29.52, 29.52, 29.52], [30.24, 30.24, 30.24, 30.24, 30.24, 30.24, 30.24, 30.24, 30.23, 30.19, 30.16, 30.08, 29.99, 29.91, 29.69, 29.63, 29.59, 29.57, 29.55, 29.55], [30.24, 30.24, 30.24, 30.24, 30.24, 30.24, 30.24, 30.23, 30.09, 30.12, 30.13, 30.07, 30.0, 29.92, 29.72, 29.67, 29.63, 29.6, 29.58, 29.58], [30.24, 30.24, 30.24, 30.24, 30.24, 30.24, 30.23, 30.23, 30.06, 30.08, 30.07, 30.04, 29.99, 29.93, 29.74, 29.69, 29.65, 29.63, 29.61, 29.6], [30.24, 30.24, 30.24, 30.24, 30.23, 30.23, 30.23, 30.03, 30.04, 30.04, 30.03, 30.01, 29.97, 29.93, 29.74, 29.7, 29.67, 29.65, 29.63, 29.62]]}