gis_exercise/awsData/contour/temp_2023091316.json
{"header": {"refTime": "2023-09-13T16:00:00.000Z", "nx": 21, "ny": 33, "lo1": 113.509, "la1": 22.2235, "lo2": 113.5947, "la2": 22.1034, "dx": 0.0042850000000001385, "dy": 0.003753125000000024, "parameterCategory": 0, "parameterCategoryName": "Temperature", "parameterNumber": 0}, "z": [[28.84, 28.84, 28.85, 28.85, 28.85, 28.99, 28.99, 28.98, 28.99, 28.96, 28.98, 29.0, 29.13, 29.14, 28.89, 28.87, 28.92, 28.89, 28.88, 28.86], [28.84, 28.84, 28.84, 28.85, 28.85, 28.86, 28.98, 28.97, 28.96, 28.95, 28.98, 29.01, 29.14, 29.16, 28.9, 28.94, 28.91, 28.88, 28.86, 28.84], [28.84, 28.84, 28.84, 28.85, 28.85, 28.85, 28.86, 28.95, 28.91, 28.95, 28.99, 29.03, 29.17, 29.18, 28.99, 28.93, 28.88, 28.85, 28.83, 28.82], [28.83, 28.84, 28.84, 28.84, 28.85, 28.85, 28.86, 28.87, 28.87, 28.95, 29.0, 29.07, 29.2, 29.16, 29.0, 28.92, 28.85, 28.8, 28.79, 28.79], [28.83, 28.83, 28.83, 28.84, 28.84, 28.85, 28.85, 28.85, 28.85, 28.96, 29.01, 29.16, 29.24, 29.18, 28.99, 28.88, 28.79, 28.73, 28.73, 28.75], [28.83, 28.83, 28.83, 28.83, 28.84, 28.84, 28.85, 28.85, 28.84, 28.82, 29.04, 29.12, 29.19, 29.27, 28.97, 28.82, 28.68, 28.63, 28.66, 28.7], [28.79, 28.82, 28.82, 28.82, 28.83, 28.84, 28.8, 28.85, 28.84, 28.87, 28.87, 29.06, 29.24, 29.25, 28.93, 28.76, 28.54, 28.46, 28.48, 28.55], [28.79, 28.78, 28.78, 28.79, 28.79, 28.78, 28.8, 28.83, 28.89, 28.85, 28.77, 29.05, 29.05, 29.25, 28.64, 28.73, 28.54, 28.46, 28.58, 28.65], [28.81, 28.81, 28.78, 28.77, 28.77, 28.78, 28.8, 28.81, 28.84, 28.88, 28.89, 28.97, 29.0, 28.95, 28.66, 28.77, 28.65, 28.61, 28.63, 28.68], [28.7, 28.7, 28.7, 28.79, 28.78, 28.75, 28.77, 28.8, 28.79, 28.8, 29.0, 28.92, 28.95, 28.93, 28.66, 28.81, 28.73, 28.7, 28.69, 28.71], [28.7, 28.7, 28.7, 28.7, 28.7, 28.7, 28.7, 28.7, 28.77, 28.83, 28.7, 28.89, 28.91, 28.91, 28.65, 28.84, 28.78, 28.75, 28.74, 28.75], [28.7, 28.7, 28.7, 28.7, 28.7, 28.7, 28.7, 28.7, 28.7, -999.0, 28.7, 29.2, 29.2, 28.9, 28.64, 28.87, 28.83, 28.13, 28.13, 28.13], [28.7, 28.7, 28.7, 28.7, 28.7, 28.7, 28.7, 28.7, 28.7, 28.7, -999.0, 29.2, 29.2, 28.42, 28.76, 28.19, 28.19, 28.16, 28.16, 28.16], [28.7, 28.7, 28.7, 28.7, 28.7, 28.7, 28.7, 28.7, 28.7, 28.7, -999.0, 28.0, 28.0, 28.0, 28.66, 28.17, 28.17, 28.13, 28.14, 28.15], [28.7, 28.7, 28.7, 28.7, 28.7, 28.7, 28.7, 29.5, 29.5, 29.5, 29.5, 28.92, 28.0, 28.0, 28.0, 28.14, 28.15, 28.11, 28.12, 28.13], [28.7, 28.7, 29.2, 29.21, 29.23, 29.5, 29.5, 29.5, 29.5, 29.5, 28.56, 28.66, 28.52, 28.4, 28.53, 28.04, 28.04, 28.03, 28.1, 28.11], [29.21, 29.22, 28.98, 29.0, 29.5, 29.5, 29.5, 29.5, 29.5, 29.5, 28.85, 28.67, 28.47, 28.29, 28.19, 28.14, 28.19, 28.23, 28.26, 28.28], [28.99, 29.0, 29.01, 29.03, 29.5, 29.5, 29.5, 29.5, 29.5, 29.12, 28.92, 28.69, 28.46, 28.21, 28.03, 28.13, 28.2, 28.24, 28.28, 28.3], [29.0, 29.01, 29.03, 29.5, 29.5, 29.5, 29.5, 29.5, 29.37, 29.21, 28.96, 28.76, 28.43, 28.27, 28.11, 28.17, 28.22, 28.27, 28.3, 28.31], [29.01, 29.03, 29.16, 29.17, 29.2, 29.23, 29.28, 29.4, 29.29, 29.14, 28.96, 28.8, 28.47, 28.35, 28.2, 28.23, 28.27, 28.3, 28.32, 28.34], [29.13, 29.14, 29.15, 29.25, 29.26, 29.28, 29.3, 29.33, 29.13, 29.05, 28.94, 28.82, 28.49, 28.26, 28.27, 28.29, 28.31, 28.34, 28.35, 28.36], [29.22, 29.22, 29.23, 29.23, 29.24, 29.24, 29.25, 29.29, 29.02, 28.98, 28.91, 28.84, 28.33, 28.31, 28.32, 28.33, 28.35, 28.37, 28.38, 28.39], [29.21, 29.21, 29.21, 29.28, 29.28, 29.27, 29.25, 29.24, 29.21, 29.2, 29.21, 28.87, 28.63, 28.34, 28.35, 28.36, 28.35, 28.39, 28.42, 28.42], [29.29, 29.28, 29.28, 29.27, 29.26, 29.25, 29.22, 29.19, 29.14, 29.12, 29.15, 28.85, 28.65, 28.59, 28.54, 28.38, 28.27, 28.48, 28.48, 28.45], [29.28, 29.28, 29.27, 29.26, 29.25, 29.23, 29.2, 29.15, 29.07, 29.0, 29.1, 28.89, 28.83, 28.61, 28.57, 28.54, 28.53, 28.64, 28.51, 28.47], [29.28, 29.28, 29.27, 29.26, 29.25, 29.23, 29.2, 29.16, 29.08, 29.02, 28.95, 28.94, 28.88, 28.62, 28.59, 28.67, 28.66, 28.67, 28.5, 28.47], [29.28, 29.28, 29.27, 29.26, 29.25, 29.24, 29.22, 29.2, 29.17, 29.17, 29.04, 29.01, 28.95, 28.86, 28.78, 28.73, 28.7, 28.69, 28.69, 28.69], [29.28, 29.28, 29.27, 29.27, 29.26, 29.25, 29.25, 29.24, 29.26, 29.15, 29.18, 29.23, 29.19, 29.15, 28.84, 28.78, 28.74, 28.72, 28.72, 28.72], [29.28, 29.28, 29.28, 29.27, 29.27, 29.27, 29.27, 29.28, 29.31, 29.28, 29.43, 29.31, 29.23, 29.18, 28.89, 28.82, 28.78, 28.76, 28.75, 28.74], [29.28, 29.28, 29.28, 29.28, 29.28, 29.28, 29.29, 29.3, 29.27, 29.34, 29.39, 29.31, 29.24, 29.19, 28.92, 28.86, 28.82, 28.79, 28.77, 28.76], [29.28, 29.28, 29.28, 29.28, 29.28, 29.29, 29.3, 29.31, 29.26, 29.29, 29.31, 29.28, 29.23, 29.19, 28.94, 28.88, 28.84, 28.82, 28.8, 28.78], [29.29, 29.29, 29.29, 29.29, 29.29, 29.29, 29.3, 29.21, 29.24, 29.25, 29.26, 29.24, 29.22, 29.19, 28.95, 28.9, 28.86, 28.84, 28.82, 28.8]]}