gis_exercise/awsData/contour/temp_2023090419.json
{"header": {"refTime": "2023-09-04T19:00:00.000Z", "nx": 21, "ny": 33, "lo1": 113.509, "la1": 22.2235, "lo2": 113.5947, "la2": 22.1034, "dx": 0.0042850000000001385, "dy": 0.003753125000000024, "parameterCategory": 0, "parameterCategoryName": "Temperature", "parameterNumber": 0}, "z": [[32.71, 32.7, 32.69, 32.48, 32.48, 32.71, 32.7, 32.69, 32.69, 32.66, 32.7, 32.74, 32.99, 33.01, 33.03, 33.04, 33.24, 33.24, 33.23, 33.23], [32.72, 32.71, 32.7, 32.68, 32.48, 32.48, 32.68, 32.65, 32.64, 32.64, 32.7, 32.76, 33.01, 33.04, 33.05, 33.24, 33.24, 33.23, 33.23, 33.23], [32.72, 32.72, 32.71, 32.69, 32.48, 32.48, 32.48, 32.62, 32.53, 32.62, 32.72, 32.8, 33.06, 33.08, 33.25, 33.24, 33.24, 33.23, 33.23, 33.23], [32.73, 32.73, 32.72, 32.7, 32.69, 32.48, 32.48, 32.49, 32.49, 32.64, 32.75, 32.88, 33.13, 33.08, 33.25, 33.24, 33.23, 33.23, 33.23, 33.23], [32.74, 32.74, 32.73, 32.72, 32.7, 32.48, 32.49, 32.48, 32.48, 32.67, 32.77, 33.08, 33.21, 33.11, 33.25, 33.24, 33.23, 33.23, 33.22, 33.22], [32.76, 32.75, 32.75, 32.74, 32.73, 32.71, 32.49, 32.49, 32.48, 32.46, 32.89, 33.02, 33.13, 33.27, 33.24, 33.23, 33.22, 33.22, 33.22, 33.22], [32.88, 32.77, 32.77, 32.77, 32.75, 32.73, 32.65, 32.51, 32.5, 32.58, 32.59, 32.93, 33.24, 33.25, 33.23, 33.23, 33.21, 33.21, 33.22, 33.22], [32.89, 32.89, 32.89, 32.89, 32.88, 32.72, 32.67, 32.62, 32.6, 32.55, 32.43, 32.92, 32.93, 33.25, 33.2, 33.2, 33.2, 33.2, 33.2, 33.2], [32.81, 32.82, 32.91, 32.92, 32.92, 32.9, 32.84, 32.65, 32.5, 32.6, 32.65, 32.78, 32.84, 32.76, 33.2, 33.2, 33.2, 33.2, 33.2, 33.2], [33.1, 33.1, 33.1, 32.87, 32.9, 32.99, 32.93, 32.84, 32.43, 32.45, 32.85, 32.7, 32.74, 32.72, 33.2, 33.2, 33.2, 33.2, 33.2, 33.2], [33.1, 33.1, 33.1, 33.1, 33.1, 33.1, 33.1, 33.1, 32.92, 32.5, 32.3, 32.64, 32.68, 32.69, 33.2, 33.2, 33.2, 33.2, 33.2, 33.2], [33.1, 33.1, 33.1, 33.1, 33.1, 33.1, 33.1, 33.1, 33.1, -999.0, 32.3, 33.2, 33.2, 32.66, 33.2, 33.2, 33.2, 31.55, 31.59, 31.6], [33.1, 33.1, 33.1, 33.1, 33.1, 33.1, 33.1, 33.1, 33.1, 33.1, -999.0, 33.2, 33.2, 31.31, 32.14, 32.14, 32.17, 31.81, 31.86, 31.89], [33.1, 33.1, 33.1, 33.1, 33.1, 33.1, 33.1, 33.1, 33.1, 33.1, -999.0, 30.3, 30.3, 30.3, 31.89, 31.9, 31.95, 31.58, 31.66, 31.72], [33.1, 33.1, 33.1, 33.1, 33.1, 33.1, 33.1, 32.3, 32.3, 32.3, 32.3, 31.53, 30.3, 30.3, 30.3, 31.63, 31.71, 31.38, 31.48, 31.57], [33.1, 33.1, 32.6, 32.59, 32.57, 32.3, 32.3, 32.3, 32.3, 32.3, 31.04, 31.18, 30.99, 30.83, 31.01, 31.22, 31.36, 31.11, 31.73, 31.84], [32.59, 32.58, 32.82, 32.8, 32.3, 32.3, 32.3, 32.3, 32.3, 32.3, 31.44, 31.19, 30.93, 30.69, 30.82, 30.79, 30.96, 31.09, 31.19, 31.25], [32.81, 32.8, 32.79, 32.77, 32.3, 32.3, 32.3, 32.3, 32.3, 31.79, 31.52, 31.22, 30.91, 30.83, 30.38, 30.73, 30.98, 31.13, 31.23, 31.29], [32.8, 32.79, 32.77, 32.3, 32.3, 32.3, 32.3, 32.3, 32.12, 31.91, 31.74, 31.49, 31.3, 31.01, 30.7, 30.88, 31.09, 31.22, 31.31, 31.35], [32.79, 32.77, 32.36, 32.35, 32.35, 32.35, 32.34, 32.32, 32.12, 31.97, 31.78, 31.57, 31.45, 31.3, 31.03, 31.13, 31.26, 31.36, 31.41, 31.43], [32.36, 32.36, 32.36, 32.34, 32.34, 32.34, 32.33, 32.33, 32.01, 31.93, 31.81, 31.66, 31.61, 31.23, 31.28, 31.38, 31.47, 31.51, 31.52, 31.5], [32.35, 32.35, 32.35, 32.34, 32.34, 32.34, 32.34, 32.35, 31.99, 31.94, 31.85, 31.74, 31.78, 31.39, 31.48, 31.6, 31.68, 31.68, 31.62, 31.57], [32.35, 32.35, 32.35, 32.36, 32.36, 32.36, 32.36, 32.36, 32.37, 32.37, 32.37, 32.48, 32.12, 31.51, 31.62, 31.78, 31.95, 31.84, 31.69, 31.62], [32.36, 32.36, 32.36, 32.37, 32.37, 32.37, 32.37, 32.37, 32.38, 32.38, 32.38, 32.5, 32.12, 32.08, 32.06, 31.85, 32.34, 31.79, 31.67, 31.62], [32.37, 32.37, 32.37, 32.37, 32.37, 32.37, 32.38, 32.38, 32.39, 32.39, 32.39, 32.49, 32.52, 32.07, 32.03, 31.98, 31.67, 31.46, 31.6, 31.6], [32.37, 32.37, 32.37, 32.37, 32.37, 32.38, 32.38, 32.38, 32.39, 32.39, 32.45, 32.48, 32.51, 32.06, 32.01, 31.94, 31.83, 31.77, 31.59, 31.59], [32.37, 32.37, 32.37, 32.37, 32.37, 32.38, 32.38, 32.38, 32.39, 32.39, 32.45, 32.47, 32.5, 32.07, 32.02, 31.96, 31.9, 31.87, 31.88, 31.9], [32.37, 32.37, 32.37, 32.37, 32.38, 32.38, 32.38, 32.38, 32.39, 32.44, 32.44, 32.19, 32.1, 31.99, 32.04, 31.99, 31.95, 31.93, 31.92, 31.93], [32.37, 32.37, 32.37, 32.38, 32.38, 32.38, 32.38, 32.39, 32.39, 32.43, 32.35, 32.24, 32.13, 32.03, 32.07, 32.02, 31.99, 31.97, 31.96, 31.96], [32.37, 32.37, 32.37, 32.38, 32.38, 32.38, 32.38, 32.39, 32.23, 32.28, 32.31, 32.23, 32.14, 32.05, 32.09, 32.05, 32.02, 32.0, 31.98, 31.98], [32.37, 32.37, 32.38, 32.38, 32.38, 32.38, 32.38, 32.38, 32.21, 32.23, 32.23, 32.19, 32.12, 32.05, 32.1, 32.06, 32.04, 32.02, 32.01, 32.0], [32.37, 32.37, 32.38, 32.38, 32.38, 32.38, 32.38, 32.17, 32.18, 32.19, 32.18, 32.15, 32.1, 32.05, 32.1, 32.08, 32.05, 32.03, 32.02, 32.01]]}