gis_exercise/awsData/contour/temp_2023090401.json
{"header": {"refTime": "2023-09-04T01:00:00.000Z", "nx": 21, "ny": 33, "lo1": 113.509, "la1": 22.2235, "lo2": 113.5947, "la2": 22.1034, "dx": 0.0042850000000001385, "dy": 0.003753125000000024, "parameterCategory": 0, "parameterCategoryName": "Temperature", "parameterNumber": 0}, "z": [[28.08, 28.08, 28.09, 28.07, 28.07, 28.43, 28.42, 28.41, 28.42, 28.4, 28.45, 28.5, 28.8, 28.84, 28.85, 28.86, 29.05, 29.04, 29.04, 29.03], [28.08, 28.08, 28.09, 28.09, 28.07, 28.08, 28.4, 28.37, 28.36, 28.37, 28.46, 28.53, 28.84, 28.87, 28.88, 29.06, 29.05, 29.04, 29.03, 29.03], [28.07, 28.08, 28.08, 28.09, 28.07, 28.08, 28.1, 28.33, 28.24, 28.35, 28.47, 28.59, 28.91, 28.93, 29.08, 29.06, 29.04, 29.03, 29.02, 29.02], [28.07, 28.07, 28.08, 28.08, 28.09, 28.08, 28.09, 28.11, 28.13, 28.37, 28.52, 28.69, 29.01, 28.91, 29.09, 29.06, 29.03, 29.02, 29.01, 29.01], [28.06, 28.06, 28.07, 28.07, 28.08, 28.06, 28.07, 28.08, 28.07, 28.4, 28.54, 28.93, 29.14, 28.96, 29.09, 29.04, 29.02, 29.0, 29.0, 29.0], [28.06, 28.06, 28.06, 28.06, 28.07, 28.08, 28.06, 28.05, 28.04, 28.01, 28.62, 28.82, 29.0, 29.17, 29.07, 29.02, 28.99, 28.97, 28.98, 28.99], [27.99, 28.05, 28.05, 28.05, 28.05, 28.06, 27.97, 28.05, 28.03, 28.12, 28.14, 28.64, 29.07, 29.1, 29.04, 29.0, 28.95, 28.93, 28.97, 29.0], [27.99, 27.98, 27.98, 27.99, 27.99, 27.96, 27.98, 28.02, 28.11, 28.08, 27.95, 28.56, 28.57, 29.1, 28.9, 28.9, 28.9, 28.9, 28.9, 28.9], [28.01, 28.01, 27.98, 27.97, 27.97, 27.98, 28.0, 27.99, 28.0, 28.14, 28.22, 28.38, 28.46, 28.36, 28.9, 28.9, 28.9, 28.9, 28.9, 28.9], [27.9, 27.9, 27.9, 27.99, 27.98, 27.95, 27.97, 28.0, 27.93, 27.95, 28.47, 28.28, 28.34, 28.32, 28.9, 28.9, 28.9, 28.9, 28.9, 28.9], [27.9, 27.9, 27.9, 27.9, 27.9, 27.9, 27.9, 27.9, 27.97, 28.0, 27.8, 28.22, 28.27, 28.27, 28.9, 28.9, 28.9, 28.9, 28.9, 28.9], [27.9, 27.9, 27.9, 27.9, 27.9, 27.9, 27.9, 27.9, 27.9, -999.0, 27.8, 28.9, 28.9, 28.24, 28.9, 28.9, 28.9, 27.93, 27.96, 27.96], [27.9, 27.9, 27.9, 27.9, 27.9, 27.9, 27.9, 27.9, 27.9, 27.9, -999.0, 28.9, 28.9, 27.79, 28.28, 28.28, 28.29, 28.08, 28.11, 28.13], [27.9, 27.9, 27.9, 27.9, 27.9, 27.9, 27.9, 27.9, 27.9, 27.9, -999.0, 27.2, 27.2, 27.2, 28.13, 28.14, 28.17, 27.95, 28.0, 28.03], [27.9, 27.9, 27.9, 27.9, 27.9, 27.9, 27.9, 27.5, 27.5, 27.5, 27.5, 27.38, 27.2, 27.2, 27.2, 27.98, 28.03, 27.83, 27.89, 27.94], [27.9, 27.9, 27.65, 27.64, 27.64, 27.5, 27.5, 27.5, 27.5, 27.5, 27.31, 27.33, 27.3, 27.28, 27.31, 27.35, 27.37, 27.33, 27.75, 27.79], [27.64, 27.64, 27.76, 27.75, 27.5, 27.5, 27.5, 27.5, 27.5, 27.5, 27.37, 27.33, 27.29, 27.26, 27.28, 27.25, 27.26, 27.28, 27.29, 27.29], [27.76, 27.75, 27.75, 27.73, 27.5, 27.5, 27.5, 27.5, 27.5, 27.42, 27.38, 27.34, 27.29, 27.28, 27.21, 27.24, 27.27, 27.28, 27.29, 27.3], [27.75, 27.74, 27.73, 27.5, 27.5, 27.5, 27.5, 27.5, 27.47, 27.44, 27.43, 27.4, 27.35, 27.31, 27.24, 27.26, 27.28, 27.29, 27.3, 27.3], [27.74, 27.74, 27.56, 27.55, 27.55, 27.55, 27.54, 27.52, 27.48, 27.47, 27.44, 27.41, 27.38, 27.36, 27.27, 27.28, 27.3, 27.31, 27.31, 27.31], [27.56, 27.56, 27.56, 27.54, 27.54, 27.54, 27.53, 27.53, 27.48, 27.47, 27.45, 27.43, 27.4, 27.29, 27.3, 27.31, 27.32, 27.32, 27.32, 27.32], [27.55, 27.55, 27.55, 27.54, 27.54, 27.54, 27.54, 27.64, 27.48, 27.48, 27.47, 27.45, 27.46, 27.31, 27.32, 27.34, 27.35, 27.34, 27.33, 27.32], [27.55, 27.55, 27.55, 27.69, 27.68, 27.68, 27.67, 27.66, 27.66, 27.67, 27.68, 27.57, 27.45, 27.32, 27.34, 27.36, 27.39, 27.37, 27.33, 27.32], [27.71, 27.71, 27.7, 27.7, 27.7, 27.69, 27.69, 27.68, 27.67, 27.67, 27.68, 27.72, 27.46, 27.43, 27.42, 27.37, 27.48, 27.34, 27.32, 27.32], [27.72, 27.72, 27.71, 27.71, 27.71, 27.71, 27.7, 27.69, 27.66, 27.64, 27.69, 27.73, 27.74, 27.43, 27.41, 27.39, 27.3, 27.24, 27.3, 27.31], [27.72, 27.73, 27.73, 27.73, 27.73, 27.73, 27.72, 27.71, 27.68, 27.66, 27.73, 27.76, 27.77, 27.43, 27.4, 27.45, 27.4, 27.37, 27.3, 27.31], [27.73, 27.73, 27.74, 27.74, 27.74, 27.75, 27.75, 27.75, 27.75, 27.76, 27.8, 27.81, 27.8, 27.62, 27.55, 27.49, 27.45, 27.43, 27.43, 27.45], [27.74, 27.74, 27.75, 27.75, 27.76, 27.77, 27.78, 27.79, 27.82, 27.88, 27.9, 27.8, 27.73, 27.66, 27.59, 27.54, 27.5, 27.48, 27.47, 27.47], [27.75, 27.75, 27.76, 27.76, 27.77, 27.78, 27.8, 27.83, 27.88, 27.97, 28.02, 27.88, 27.78, 27.7, 27.63, 27.57, 27.54, 27.51, 27.5, 27.5], [27.75, 27.76, 27.76, 27.77, 27.78, 27.8, 27.82, 27.85, 27.85, 27.93, 27.97, 27.88, 27.79, 27.72, 27.65, 27.6, 27.57, 27.54, 27.53, 27.52], [27.76, 27.76, 27.77, 27.78, 27.79, 27.8, 27.82, 27.85, 27.83, 27.87, 27.88, 27.84, 27.78, 27.72, 27.67, 27.62, 27.59, 27.57, 27.55, 27.54], [27.76, 27.77, 27.77, 27.78, 27.79, 27.81, 27.83, 27.78, 27.8, 27.82, 27.82, 27.8, 27.76, 27.72, 27.68, 27.64, 27.61, 27.58, 27.57, 27.56]]}