gis_exercise/awsData/contour/temp_2023090707.json
{"header": {"refTime": "2023-09-07T07:00:00.000Z", "nx": 21, "ny": 33, "lo1": 113.509, "la1": 22.2235, "lo2": 113.5947, "la2": 22.1034, "dx": 0.0042850000000001385, "dy": 0.003753125000000024, "parameterCategory": 0, "parameterCategoryName": "Temperature", "parameterNumber": 0}, "z": [[27.85, 27.85, 27.84, 27.68, 27.68, 27.89, 27.88, 27.87, 27.87, 27.84, 27.87, 27.91, 28.07, 28.09, 28.05, 28.04, 28.14, 28.13, 28.12, 28.12], [27.85, 27.85, 27.84, 27.83, 27.68, 27.68, 27.86, 27.84, 27.82, 27.82, 27.87, 27.92, 28.1, 28.12, 28.07, 28.16, 28.14, 28.12, 28.11, 28.11], [27.86, 27.85, 27.85, 27.84, 27.68, 27.68, 27.68, 27.81, 27.73, 27.8, 27.89, 27.96, 28.14, 28.15, 28.18, 28.15, 28.13, 28.11, 28.1, 28.1], [27.87, 27.86, 27.85, 27.85, 27.83, 27.68, 27.68, 27.69, 27.69, 27.82, 27.91, 28.03, 28.21, 28.15, 28.19, 28.15, 28.11, 28.09, 28.09, 28.08], [27.87, 27.87, 27.86, 27.86, 27.85, 27.68, 27.69, 27.68, 27.68, 27.84, 27.93, 28.17, 28.3, 28.18, 28.18, 28.13, 28.09, 28.07, 28.06, 28.07], [27.88, 27.88, 27.88, 27.87, 27.86, 27.85, 27.69, 27.69, 27.68, 27.66, 27.97, 28.1, 28.21, 28.3, 28.16, 28.1, 28.05, 28.02, 28.03, 28.05], [27.97, 27.89, 27.89, 27.89, 27.88, 27.87, 27.8, 27.71, 27.7, 27.72, 27.71, 27.98, 28.23, 28.25, 28.14, 28.07, 27.99, 27.96, 27.99, 28.02], [27.97, 27.97, 27.97, 27.97, 27.97, 27.85, 27.82, 27.79, 27.78, 27.7, 27.59, 27.92, 27.92, 28.25, 27.97, 28.0, 27.95, 27.94, 27.96, 27.98], [27.93, 27.93, 27.99, 27.99, 27.99, 27.98, 27.94, 27.81, 27.7, 27.74, 27.73, 27.82, 27.86, 27.8, 27.98, 28.0, 27.98, 27.97, 27.97, 27.98], [28.1, 28.1, 28.1, 27.96, 27.98, 28.03, 28.0, 27.94, 27.63, 27.65, 27.86, 27.76, 27.8, 27.78, 27.98, 28.01, 28.0, 27.99, 27.99, 27.99], [28.1, 28.1, 28.1, 28.1, 28.1, 28.1, 28.1, 28.1, 27.99, 27.7, 27.5, 27.73, 27.76, 27.76, 27.98, 28.02, 28.01, 28.0, 28.0, 28.0], [28.1, 28.1, 28.1, 28.1, 28.1, 28.1, 28.1, 28.1, 28.1, -999.0, 27.5, 28.1, 28.1, 27.74, 27.98, 28.03, 28.02, 27.33, 27.35, 27.35], [28.1, 28.1, 28.1, 28.1, 28.1, 28.1, 28.1, 28.1, 28.1, 28.1, -999.0, 28.1, 28.1, 27.32, 27.66, 27.54, 27.54, 27.42, 27.44, 27.45], [28.1, 28.1, 28.1, 28.1, 28.1, 28.1, 28.1, 28.1, 28.1, 28.1, -999.0, 26.9, 26.9, 26.9, 27.56, 27.45, 27.47, 27.34, 27.37, 27.39], [28.1, 28.1, 28.1, 28.1, 28.1, 28.1, 28.1, 27.9, 27.9, 27.9, 27.9, 27.52, 26.9, 26.9, 26.9, 27.36, 27.39, 27.27, 27.31, 27.34], [28.1, 28.1, 27.97, 27.97, 27.97, 27.9, 27.9, 27.9, 27.9, 27.9, 27.27, 27.34, 27.25, 27.16, 27.26, 27.23, 27.28, 27.19, 27.4, 27.44], [27.97, 27.97, 28.03, 28.03, 27.9, 27.9, 27.9, 27.9, 27.9, 27.9, 27.47, 27.35, 27.22, 27.1, 27.12, 27.07, 27.13, 27.17, 27.21, 27.23], [28.03, 28.03, 28.02, 28.02, 27.9, 27.9, 27.9, 27.9, 27.9, 27.65, 27.51, 27.36, 27.21, 27.13, 26.93, 27.05, 27.13, 27.19, 27.22, 27.24], [28.02, 28.02, 28.02, 27.9, 27.9, 27.9, 27.9, 27.9, 27.81, 27.71, 27.59, 27.47, 27.34, 27.2, 27.04, 27.1, 27.17, 27.22, 27.25, 27.26], [28.02, 28.02, 27.84, 27.85, 27.85, 27.85, 27.86, 27.88, 27.79, 27.71, 27.61, 27.5, 27.4, 27.32, 27.15, 27.19, 27.23, 27.27, 27.28, 27.29], [27.84, 27.84, 27.84, 27.86, 27.86, 27.86, 27.87, 27.87, 27.72, 27.68, 27.61, 27.53, 27.46, 27.22, 27.24, 27.27, 27.3, 27.32, 27.32, 27.31], [27.85, 27.85, 27.85, 27.86, 27.86, 27.86, 27.86, 27.88, 27.69, 27.66, 27.62, 27.57, 27.48, 27.28, 27.31, 27.35, 27.38, 27.38, 27.36, 27.34], [27.85, 27.85, 27.85, 27.89, 27.89, 27.88, 27.88, 27.88, 27.87, 27.87, 27.87, 27.83, 27.59, 27.32, 27.36, 27.42, 27.48, 27.43, 27.38, 27.35], [27.89, 27.89, 27.89, 27.89, 27.89, 27.88, 27.88, 27.87, 27.86, 27.85, 27.86, 27.85, 27.6, 27.57, 27.54, 27.44, 27.62, 27.41, 27.37, 27.35], [27.89, 27.89, 27.89, 27.89, 27.89, 27.88, 27.88, 27.86, 27.84, 27.83, 27.85, 27.85, 27.86, 27.56, 27.53, 27.5, 27.37, 27.28, 27.34, 27.34], [27.89, 27.89, 27.89, 27.89, 27.89, 27.89, 27.88, 27.87, 27.85, 27.83, 27.85, 27.86, 27.87, 27.56, 27.53, 27.52, 27.46, 27.43, 27.34, 27.34], [27.9, 27.9, 27.89, 27.89, 27.89, 27.89, 27.89, 27.88, 27.88, 27.88, 27.88, 27.88, 27.88, 27.64, 27.59, 27.55, 27.51, 27.49, 27.49, 27.51], [27.9, 27.9, 27.9, 27.9, 27.9, 27.9, 27.9, 27.9, 27.91, 27.91, 27.92, 27.81, 27.75, 27.68, 27.62, 27.58, 27.55, 27.53, 27.52, 27.53], [27.9, 27.9, 27.9, 27.9, 27.9, 27.9, 27.91, 27.91, 27.93, 27.95, 27.95, 27.85, 27.77, 27.71, 27.65, 27.61, 27.58, 27.56, 27.55, 27.55], [27.9, 27.9, 27.9, 27.9, 27.9, 27.91, 27.91, 27.92, 27.84, 27.89, 27.92, 27.85, 27.78, 27.72, 27.67, 27.63, 27.6, 27.58, 27.57, 27.57], [27.9, 27.9, 27.9, 27.9, 27.91, 27.91, 27.91, 27.92, 27.82, 27.85, 27.85, 27.82, 27.77, 27.72, 27.68, 27.65, 27.62, 27.6, 27.59, 27.58], [27.9, 27.9, 27.9, 27.91, 27.91, 27.91, 27.92, 27.79, 27.8, 27.81, 27.81, 27.79, 27.76, 27.72, 27.69, 27.66, 27.63, 27.62, 27.6, 27.6]]}