gis_exercise/awsData/contour/temp_2023090610.json
{"header": {"refTime": "2023-09-06T10:00:00.000Z", "nx": 21, "ny": 33, "lo1": 113.509, "la1": 22.2235, "lo2": 113.5947, "la2": 22.1034, "dx": 0.0042850000000001385, "dy": 0.003753125000000024, "parameterCategory": 0, "parameterCategoryName": "Temperature", "parameterNumber": 0}, "z": [[31.87, 31.86, 31.84, 31.5, 31.5, 31.48, 31.49, 31.49, 31.49, 31.4, 31.36, 31.33, 31.59, 31.6, 31.02, 30.98, 31.17, 31.14, 31.13, 31.12], [31.88, 31.86, 31.85, 31.83, 31.5, 31.51, 31.5, 31.51, 31.52, 31.43, 31.37, 31.32, 31.57, 31.58, 31.01, 31.18, 31.14, 31.12, 31.1, 31.09], [31.89, 31.88, 31.86, 31.84, 31.5, 31.51, 31.52, 31.53, 31.58, 31.45, 31.36, 31.3, 31.53, 31.54, 31.21, 31.16, 31.11, 31.08, 31.06, 31.06], [31.9, 31.89, 31.88, 31.86, 31.83, 31.51, 31.52, 31.53, 31.55, 31.41, 31.32, 31.25, 31.45, 31.42, 31.2, 31.14, 31.07, 31.02, 31.0, 31.01], [31.92, 31.91, 31.9, 31.88, 31.85, 31.5, 31.5, 31.51, 31.5, 31.34, 31.28, 31.37, 31.23, 31.39, 31.21, 31.1, 30.99, 30.93, 30.93, 30.96], [31.93, 31.93, 31.92, 31.91, 31.88, 31.85, 31.5, 31.49, 31.48, 31.44, 31.49, 31.46, 31.37, 31.53, 31.22, 31.05, 30.86, 30.78, 30.83, 30.9], [32.1, 31.96, 31.96, 31.95, 31.93, 31.89, 31.72, 31.5, 31.49, 31.57, 31.58, 31.66, 31.84, 31.76, 31.26, 31.0, 30.67, 30.54, 30.45, 30.5], [32.12, 32.12, 32.12, 32.12, 32.1, 31.85, 31.76, 31.66, 31.6, 31.53, 31.37, 32.03, 32.04, 31.75, 31.08, 31.31, 30.85, 30.68, 30.95, 31.12], [31.98, 32.0, 32.16, 32.17, 32.18, 32.14, 32.03, 31.73, 31.47, 31.6, 31.66, 31.84, 31.92, 31.81, 31.14, 31.39, 31.13, 31.01, 31.08, 31.18], [32.5, 32.5, 32.5, 32.08, 32.14, 32.3, 32.19, 32.03, 31.37, 31.39, 31.93, 31.73, 31.79, 31.76, 31.14, 31.48, 31.31, 31.22, 31.22, 31.26], [32.5, 32.5, 32.5, 32.5, 32.5, 32.5, 32.5, 32.5, 32.18, 31.46, 31.2, 31.66, 31.71, 31.71, 31.12, 31.55, 31.43, 31.36, 31.34, 31.35], [32.5, 32.5, 32.5, 32.5, 32.5, 32.5, 32.5, 32.5, 32.5, -999.0, 31.2, 32.4, 32.4, 31.68, 31.09, 31.62, 31.55, 31.1, 31.08, 31.07], [32.5, 32.5, 32.5, 32.5, 32.5, 32.5, 32.5, 32.5, 32.5, 32.5, -999.0, 32.4, 32.4, 31.94, 32.14, 30.81, 30.8, 30.97, 30.95, 30.93], [32.5, 32.5, 32.5, 32.5, 32.5, 32.5, 32.5, 32.5, 32.5, 32.5, -999.0, 31.7, 31.7, 31.7, 32.08, 30.93, 30.9, 31.08, 31.04, 31.01], [32.5, 32.5, 32.5, 32.5, 32.5, 32.5, 32.5, 32.0, 32.0, 32.0, 32.0, 31.88, 31.7, 31.7, 31.7, 31.06, 31.02, 31.18, 31.13, 31.09], [32.5, 32.5, 32.19, 32.18, 32.17, 32.0, 32.0, 32.0, 32.0, 32.0, 31.81, 31.83, 31.8, 31.78, 31.81, 31.44, 31.4, 31.47, 31.15, 31.11], [32.18, 32.18, 32.32, 32.32, 32.0, 32.0, 32.0, 32.0, 32.0, 32.0, 31.87, 31.83, 31.79, 31.76, 31.66, 31.72, 31.73, 31.73, 31.74, 31.74], [32.32, 32.32, 32.31, 32.29, 32.0, 32.0, 32.0, 32.0, 32.0, 31.92, 31.88, 31.84, 31.79, 31.66, 31.69, 31.71, 31.72, 31.73, 31.74, 31.75], [32.31, 32.3, 32.29, 32.0, 32.0, 32.0, 32.0, 32.0, 31.97, 31.94, 31.9, 31.86, 31.66, 31.64, 31.71, 31.72, 31.72, 31.73, 31.74, 31.75], [32.3, 32.3, 31.94, 31.95, 31.95, 31.95, 31.96, 31.98, 31.96, 31.93, 31.9, 31.86, 31.63, 31.61, 31.72, 31.72, 31.72, 31.73, 31.74, 31.75], [31.94, 31.94, 31.94, 31.96, 31.96, 31.96, 31.97, 31.97, 31.93, 31.92, 31.89, 31.87, 31.6, 31.72, 31.72, 31.71, 31.71, 31.72, 31.74, 31.76], [31.95, 31.95, 31.95, 31.96, 31.96, 31.96, 31.96, 31.86, 31.91, 31.9, 31.89, 31.87, 31.54, 31.72, 31.71, 31.69, 31.68, 31.71, 31.75, 31.77], [31.95, 31.95, 31.95, 31.81, 31.82, 31.82, 31.83, 31.84, 31.84, 31.83, 31.82, 31.69, 31.81, 31.73, 31.71, 31.66, 31.6, 31.69, 31.77, 31.79], [31.79, 31.79, 31.8, 31.8, 31.8, 31.81, 31.81, 31.82, 31.83, 31.83, 31.82, 31.55, 31.82, 31.79, 31.76, 31.67, 31.36, 31.81, 31.85, 31.83], [31.78, 31.78, 31.79, 31.79, 31.79, 31.79, 31.8, 31.81, 31.84, 31.86, 31.81, 31.57, 31.49, 31.81, 31.79, 31.79, 31.92, 32.12, 31.92, 31.86], [31.78, 31.77, 31.77, 31.77, 31.77, 31.77, 31.78, 31.79, 31.82, 31.84, 31.67, 31.57, 31.49, 31.82, 31.82, 31.77, 31.86, 31.92, 31.9, 31.86], [31.77, 31.77, 31.76, 31.76, 31.76, 31.75, 31.75, 31.75, 31.75, 31.74, 31.59, 31.53, 31.48, 31.66, 31.71, 31.76, 31.81, 31.83, 31.83, 31.8], [31.76, 31.76, 31.75, 31.75, 31.74, 31.73, 31.72, 31.71, 31.68, 31.53, 31.5, 31.72, 31.81, 31.9, 31.69, 31.73, 31.76, 31.79, 31.79, 31.78], [31.75, 31.75, 31.74, 31.74, 31.73, 31.72, 31.7, 31.67, 31.62, 31.47, 31.49, 31.64, 31.76, 31.86, 31.67, 31.7, 31.73, 31.75, 31.76, 31.76], [31.75, 31.74, 31.74, 31.73, 31.72, 31.7, 31.68, 31.65, 31.68, 31.59, 31.54, 31.64, 31.75, 31.83, 31.65, 31.68, 31.71, 31.73, 31.74, 31.74], [31.74, 31.74, 31.73, 31.72, 31.71, 31.7, 31.68, 31.65, 31.7, 31.66, 31.65, 31.69, 31.76, 31.83, 31.64, 31.67, 31.69, 31.71, 31.72, 31.72], [31.74, 31.73, 31.73, 31.72, 31.71, 31.69, 31.67, 31.76, 31.73, 31.71, 31.71, 31.74, 31.78, 31.83, 31.64, 31.66, 31.68, 31.7, 31.71, 31.71]]}