gis_exercise/awsData/contour/temp_2023090203.json
{"header": {"refTime": "2023-09-02T03:00:00.000Z", "nx": 21, "ny": 33, "lo1": 113.509, "la1": 22.2235, "lo2": 113.5947, "la2": 22.1034, "dx": 0.0042850000000001385, "dy": 0.003753125000000024, "parameterCategory": 0, "parameterCategoryName": "Temperature", "parameterNumber": 0}, "z": [[25.07, 25.07, 25.07, 24.92, 24.94, 25.07, 25.08, 25.1, 25.11, 25.1, 25.09, 25.09, 25.15, 25.15, 25.11, 25.1, 25.04, 25.03, 25.03, 25.02], [25.07, 25.07, 25.07, 25.07, 24.93, 24.96, 25.09, 25.11, 25.13, 25.12, 25.1, 25.09, 25.15, 25.15, 25.11, 25.05, 25.04, 25.03, 25.02, 25.02], [25.07, 25.07, 25.07, 25.07, 24.93, 24.95, 24.99, 25.12, 25.18, 25.13, 25.1, 25.09, 25.15, 25.15, 25.06, 25.05, 25.03, 25.02, 25.02, 25.01], [25.07, 25.07, 25.07, 25.07, 25.06, 24.93, 24.96, 25.01, 25.06, 25.1, 25.08, 25.09, 25.16, 25.06, 25.07, 25.04, 25.02, 25.01, 25.01, 25.01], [25.07, 25.07, 25.07, 25.06, 25.06, 24.9, 24.91, 24.93, 24.94, 25.05, 25.06, 25.06, 25.14, 25.07, 25.06, 25.03, 25.01, 25.0, 24.99, 25.0], [25.08, 25.07, 25.07, 25.06, 25.05, 25.03, 24.86, 24.85, 24.85, 24.84, 24.95, 25.02, 25.09, 25.13, 25.05, 25.02, 24.98, 24.97, 24.98, 24.99], [25.03, 25.08, 25.07, 25.07, 25.05, 25.02, 24.85, 24.79, 24.78, 24.76, 24.78, 24.95, 25.09, 25.1, 25.03, 25.0, 24.95, 24.93, 24.96, 24.97], [25.04, 25.05, 25.05, 25.04, 25.03, 24.93, 24.87, 24.79, 24.72, 24.75, 24.74, 24.91, 24.91, 25.1, 24.94, 24.95, 24.93, 24.92, 24.93, 24.94], [24.96, 24.97, 25.07, 25.08, 25.08, 25.06, 24.99, 24.84, 24.7, 24.76, 24.82, 24.86, 24.88, 24.85, 24.94, 24.95, 24.94, 24.93, 24.94, 24.94], [25.3, 25.3, 25.3, 25.02, 25.06, 25.16, 25.09, 24.99, 24.7, 24.7, 24.88, 24.83, 24.85, 24.84, 24.94, 24.96, 24.95, 24.94, 24.94, 24.95], [25.3, 25.3, 25.3, 25.3, 25.3, 25.3, 25.3, 25.3, 25.09, 24.7, 24.7, 24.81, 24.83, 24.83, 24.94, 24.96, 24.95, 24.95, 24.95, 24.95], [25.3, 25.3, 25.3, 25.3, 25.3, 25.3, 25.3, 25.3, 25.3, -999.0, 24.7, 25.0, 25.0, 24.82, 24.94, 24.96, 24.96, 24.67, 24.68, 24.68], [25.3, 25.3, 25.3, 25.3, 25.3, 25.3, 25.3, 25.3, 25.3, 25.3, -999.0, 25.0, 25.0, 24.67, 24.82, 24.75, 24.76, 24.71, 24.72, 24.72], [25.3, 25.3, 25.3, 25.3, 25.3, 25.3, 25.3, 25.3, 25.3, 25.3, -999.0, 24.5, 24.5, 24.5, 24.77, 24.72, 24.73, 24.68, 24.69, 24.7], [25.3, 25.3, 25.3, 25.3, 25.3, 25.3, 25.3, 25.3, 25.3, 25.3, 25.3, 24.99, 24.5, 24.5, 24.5, 24.68, 24.7, 24.65, 24.66, 24.68], [25.3, 25.3, 25.3, 25.3, 25.3, 25.3, 25.3, 25.3, 25.3, 25.3, 24.8, 24.85, 24.78, 24.71, 24.79, 24.61, 24.63, 24.6, 24.69, 24.7], [25.3, 25.3, 25.3, 25.3, 25.3, 25.3, 25.3, 25.3, 25.3, 25.3, 24.96, 24.86, 24.75, 24.66, 24.63, 24.6, 24.64, 24.67, 24.69, 24.7], [25.3, 25.3, 25.3, 25.3, 25.3, 25.3, 25.3, 25.3, 25.3, 25.1, 24.99, 24.87, 24.74, 24.64, 24.52, 24.59, 24.64, 24.68, 24.7, 24.71], [25.3, 25.3, 25.3, 25.3, 25.3, 25.3, 25.3, 25.3, 25.23, 25.14, 25.03, 24.93, 24.77, 24.68, 24.58, 24.62, 24.66, 24.69, 24.71, 24.73], [25.3, 25.3, 25.19, 25.19, 25.2, 25.21, 25.23, 25.27, 25.2, 25.13, 25.04, 24.95, 24.81, 24.74, 24.65, 24.67, 24.7, 24.72, 24.73, 24.74], [25.18, 25.18, 25.18, 25.22, 25.22, 25.23, 25.23, 25.24, 25.13, 25.09, 25.04, 24.97, 24.83, 24.69, 24.7, 24.72, 24.74, 24.75, 24.76, 24.76], [25.21, 25.21, 25.21, 25.21, 25.21, 25.21, 25.22, 25.23, 25.09, 25.07, 25.03, 24.99, 24.79, 24.73, 24.74, 24.76, 24.77, 24.78, 24.78, 24.78], [25.2, 25.2, 25.2, 25.23, 25.23, 25.22, 25.22, 25.21, 25.2, 25.2, 25.2, 25.08, 24.94, 24.75, 24.77, 24.79, 24.8, 24.81, 24.8, 24.79], [25.23, 25.23, 25.23, 25.22, 25.22, 25.22, 25.21, 25.2, 25.18, 25.17, 25.18, 25.08, 24.95, 24.92, 24.89, 24.8, 24.81, 24.83, 24.82, 24.8], [25.23, 25.23, 25.22, 25.22, 25.22, 25.21, 25.2, 25.18, 25.16, 25.13, 25.17, 25.09, 25.07, 24.92, 24.9, 24.88, 24.84, 24.85, 24.82, 24.81], [25.23, 25.23, 25.22, 25.22, 25.22, 25.21, 25.2, 25.19, 25.16, 25.14, 25.11, 25.11, 25.08, 24.93, 24.91, 24.92, 24.9, 24.9, 24.82, 24.81], [25.23, 25.23, 25.22, 25.22, 25.22, 25.21, 25.21, 25.2, 25.19, 25.19, 25.14, 25.13, 25.11, 25.01, 24.97, 24.95, 24.93, 24.92, 24.92, 24.93], [25.23, 25.23, 25.22, 25.22, 25.22, 25.22, 25.22, 25.21, 25.22, 25.18, 25.19, 25.18, 25.15, 25.12, 25.0, 24.97, 24.95, 24.94, 24.94, 24.94], [25.23, 25.23, 25.23, 25.22, 25.22, 25.22, 25.22, 25.23, 25.24, 25.22, 25.27, 25.21, 25.17, 25.14, 25.02, 24.99, 24.97, 24.96, 24.95, 24.95], [25.23, 25.23, 25.23, 25.23, 25.23, 25.23, 25.23, 25.23, 25.2, 25.23, 25.25, 25.21, 25.18, 25.15, 25.04, 25.01, 24.99, 24.97, 24.97, 24.96], [25.23, 25.23, 25.23, 25.23, 25.23, 25.23, 25.23, 25.24, 25.19, 25.21, 25.21, 25.2, 25.17, 25.15, 25.04, 25.02, 25.0, 24.99, 24.98, 24.97], [25.23, 25.23, 25.23, 25.23, 25.23, 25.23, 25.23, 25.17, 25.18, 25.19, 25.19, 25.18, 25.16, 25.15, 25.05, 25.03, 25.01, 25.0, 24.99, 24.98]]}