gis_exercise/awsData/contour/temp_2023083105.json
{"header": {"refTime": "2023-08-31T05:00:00.000Z", "nx": 21, "ny": 33, "lo1": 113.509, "la1": 22.2235, "lo2": 113.5947, "la2": 22.1034, "dx": 0.0042850000000001385, "dy": 0.003753125000000024, "parameterCategory": 0, "parameterCategoryName": "Temperature", "parameterNumber": 0}, "z": [[26.98, 26.97, 26.97, 26.84, 26.84, 27.01, 27.0, 26.99, 26.99, 27.05, 27.11, 27.17, 27.26, 27.29, 27.25, 27.25, 27.4, 27.4, 27.39, 27.38], [26.99, 26.98, 26.97, 26.96, 26.84, 26.83, 26.98, 26.95, 26.94, 27.01, 27.11, 27.19, 27.29, 27.31, 27.27, 27.41, 27.4, 27.39, 27.38, 27.38], [26.99, 26.98, 26.98, 26.96, 26.84, 26.84, 26.83, 26.92, 26.83, 26.97, 27.13, 27.24, 27.33, 27.35, 27.44, 27.41, 27.39, 27.38, 27.37, 27.37], [27.0, 26.99, 26.99, 26.97, 26.96, 26.84, 26.83, 26.82, 26.82, 27.03, 27.19, 27.33, 27.41, 27.54, 27.44, 27.41, 27.38, 27.36, 27.36, 27.36], [27.01, 27.0, 27.0, 26.99, 26.97, 26.85, 26.84, 26.84, 26.84, 27.25, 27.26, 27.53, 27.58, 27.55, 27.44, 27.39, 27.36, 27.34, 27.34, 27.34], [27.02, 27.02, 27.01, 27.01, 26.99, 26.98, 26.86, 26.86, 26.85, 26.84, 27.48, 27.53, 27.55, 27.53, 27.42, 27.37, 27.32, 27.3, 27.31, 27.33], [27.12, 27.03, 27.03, 27.03, 27.02, 27.0, 27.1, 26.86, 26.87, 27.16, 27.1, 27.51, 27.49, 27.5, 27.4, 27.35, 27.28, 27.25, 27.27, 27.3], [27.13, 27.13, 27.13, 27.13, 27.12, 27.1, 27.05, 27.01, 26.96, 27.13, 27.12, 27.4, 27.4, 27.5, 27.27, 27.3, 27.25, 27.24, 27.26, 27.28], [27.07, 27.08, 27.15, 27.15, 27.16, 27.14, 27.09, 27.02, 26.9, 27.16, 27.4, 27.4, 27.4, 27.4, 27.28, 27.3, 27.28, 27.27, 27.27, 27.28], [27.3, 27.3, 27.3, 27.11, 27.14, 27.21, 27.16, 27.09, 26.9, 26.9, 27.4, 27.4, 27.4, 27.4, 27.28, 27.31, 27.3, 27.29, 27.29, 27.29], [27.3, 27.3, 27.3, 27.3, 27.3, 27.3, 27.3, 27.3, 27.16, 26.9, -999.0, 27.4, 27.4, 27.4, 27.28, 27.32, 27.31, 27.3, 27.3, 27.3], [27.3, 27.3, 27.3, 27.3, 27.3, 27.3, 27.3, 27.3, 27.3, -999.0, -999.0, 27.4, 27.4, 27.4, 27.28, 27.33, 27.32, 26.18, 26.2, 26.21], [27.3, 27.3, 27.3, 27.3, 27.3, 27.3, 27.3, 27.3, 27.3, 27.3, -999.0, 27.4, 27.4, 26.09, 26.67, 26.54, 26.56, 26.34, 26.37, 26.39], [27.3, 27.3, 27.3, 27.3, 27.3, 27.3, 27.3, 27.3, 27.3, 27.3, -999.0, 25.4, 25.4, 25.4, 26.5, 26.39, 26.42, 26.2, 26.25, 26.28], [27.3, 27.3, 27.3, 27.3, 27.3, 27.3, 27.3, 27.2, 27.2, 27.2, 27.2, 26.51, 25.4, 25.4, 25.4, 26.22, 26.28, 26.07, 26.13, 26.19], [27.3, 27.3, 27.24, 27.24, 27.23, 27.2, 27.2, 27.2, 27.2, 27.2, 26.07, 26.2, 26.02, 25.87, 26.04, 26.02, 26.12, 25.95, 26.33, 26.4], [27.24, 27.24, 27.26, 27.26, 27.2, 27.2, 27.2, 27.2, 27.2, 27.2, 26.43, 26.2, 25.97, 25.75, 25.8, 25.8, 25.95, 26.06, 26.14, 26.2], [27.26, 27.26, 27.26, 27.26, 27.2, 27.2, 27.2, 27.2, 27.2, 26.74, 26.5, 26.23, 25.95, 25.82, 25.46, 25.76, 25.96, 26.09, 26.18, 26.23], [27.26, 27.26, 27.26, 27.2, 27.2, 27.2, 27.2, 27.2, 27.04, 26.85, 26.72, 26.5, 26.2, 25.96, 25.73, 25.88, 26.05, 26.17, 26.24, 26.28], [27.26, 27.26, 27.31, 27.31, 27.3, 27.29, 27.27, 27.23, 27.05, 26.93, 26.76, 26.57, 26.32, 26.18, 26.0, 26.09, 26.19, 26.27, 26.32, 26.34], [27.32, 27.32, 27.32, 27.28, 27.28, 27.27, 27.27, 27.26, 26.97, 26.9, 26.79, 26.65, 26.43, 26.17, 26.21, 26.28, 26.36, 26.4, 26.41, 26.41], [27.29, 27.29, 27.29, 27.29, 27.29, 27.29, 27.28, 27.32, 26.96, 26.92, 26.84, 26.74, 26.6, 26.3, 26.37, 26.45, 26.52, 26.53, 26.5, 26.47], [27.3, 27.3, 27.3, 27.35, 27.35, 27.35, 27.35, 27.35, 27.35, 27.36, 27.36, 27.26, 27.0, 26.4, 26.48, 26.59, 26.69, 26.65, 26.57, 26.51], [27.36, 27.36, 27.36, 27.36, 27.36, 27.36, 27.36, 27.37, 27.37, 27.38, 27.38, 27.35, 27.02, 26.95, 26.9, 26.65, 26.9, 26.67, 26.58, 26.54], [27.36, 27.36, 27.36, 27.37, 27.37, 27.37, 27.38, 27.38, 27.39, 27.4, 27.39, 27.36, 27.34, 26.95, 26.89, 26.83, 26.62, 26.55, 26.56, 26.54], [27.37, 27.37, 27.37, 27.37, 27.38, 27.38, 27.39, 27.39, 27.4, 27.4, 27.39, 27.37, 27.35, 26.96, 26.89, 26.85, 26.78, 26.75, 26.55, 26.53], [27.37, 27.37, 27.38, 27.38, 27.38, 27.39, 27.39, 27.4, 27.41, 27.41, 27.4, 27.39, 27.37, 27.02, 26.95, 26.89, 26.84, 26.82, 26.82, 26.84], [27.37, 27.38, 27.38, 27.38, 27.39, 27.39, 27.4, 27.41, 27.42, 27.42, 27.43, 27.31, 27.23, 27.15, 26.99, 26.93, 26.89, 26.87, 26.86, 26.87], [27.38, 27.38, 27.38, 27.39, 27.39, 27.4, 27.41, 27.42, 27.43, 27.45, 27.45, 27.35, 27.26, 27.18, 27.02, 26.97, 26.93, 26.91, 26.9, 26.89], [27.38, 27.38, 27.39, 27.39, 27.4, 27.4, 27.41, 27.42, 27.34, 27.39, 27.42, 27.35, 27.27, 27.2, 27.05, 27.0, 26.96, 26.94, 26.92, 26.92], [27.38, 27.39, 27.39, 27.39, 27.4, 27.41, 27.41, 27.42, 27.32, 27.34, 27.35, 27.31, 27.26, 27.2, 27.07, 27.02, 26.99, 26.96, 26.95, 26.94], [27.38, 27.39, 27.39, 27.39, 27.4, 27.41, 27.41, 27.28, 27.3, 27.31, 27.3, 27.28, 27.24, 27.2, 27.07, 27.04, 27.0, 26.98, 26.97, 26.95]]}