gis_exercise/awsData/contour/temp_2023090309.json
{"header": {"refTime": "2023-09-03T09:00:00.000Z", "nx": 21, "ny": 33, "lo1": 113.509, "la1": 22.2235, "lo2": 113.5947, "la2": 22.1034, "dx": 0.0042850000000001385, "dy": 0.003753125000000024, "parameterCategory": 0, "parameterCategoryName": "Temperature", "parameterNumber": 0}, "z": [[28.08, 28.08, 28.09, 27.92, 27.94, 28.19, 28.21, 28.22, 28.23, 28.2, 28.19, 28.19, 28.36, 28.36, 28.18, 28.15, 28.1, 28.08, 28.06, 28.05], [28.08, 28.08, 28.09, 28.09, 27.93, 27.96, 28.21, 28.23, 28.25, 28.21, 28.2, 28.2, 28.36, 28.37, 28.19, 28.12, 28.09, 28.06, 28.05, 28.04], [28.08, 28.08, 28.08, 28.09, 27.92, 27.95, 28.01, 28.24, 28.29, 28.22, 28.2, 28.21, 28.38, 28.38, 28.17, 28.12, 28.07, 28.04, 28.02, 28.01], [28.07, 28.07, 28.07, 28.08, 28.08, 27.93, 27.97, 28.04, 28.11, 28.19, 28.19, 28.24, 28.4, 28.23, 28.18, 28.1, 28.04, 28.0, 27.99, 27.99], [28.07, 28.07, 28.07, 28.07, 28.06, 27.89, 27.91, 27.93, 27.93, 28.12, 28.15, 28.25, 28.39, 28.27, 28.17, 28.07, 27.99, 27.95, 27.94, 27.95], [28.07, 28.07, 28.06, 28.06, 28.05, 28.04, 27.84, 27.83, 27.81, 27.78, 28.03, 28.17, 28.29, 28.4, 28.14, 28.02, 27.91, 27.86, 27.88, 27.92], [27.98, 28.07, 28.06, 28.05, 28.04, 28.02, 27.77, 27.76, 27.74, 27.71, 27.72, 28.05, 28.33, 28.35, 28.1, 27.97, 27.79, 27.73, 27.77, 27.82], [27.99, 27.99, 27.99, 27.99, 27.98, 27.84, 27.8, 27.74, 27.71, 27.68, 27.6, 27.98, 27.99, 28.35, 27.82, 27.89, 27.76, 27.71, 27.78, 27.83], [27.91, 27.92, 28.01, 28.02, 28.02, 28.0, 27.94, 27.78, 27.64, 27.72, 27.77, 27.87, 27.92, 27.86, 27.84, 27.91, 27.84, 27.8, 27.82, 27.85], [28.2, 28.2, 28.2, 27.97, 28.0, 28.09, 28.03, 27.94, 27.59, 27.6, 27.93, 27.81, 27.85, 27.83, 27.84, 27.94, 27.89, 27.86, 27.86, 27.87], [28.2, 28.2, 28.2, 28.2, 28.2, 28.2, 28.2, 28.2, 28.02, 27.63, 27.5, 27.77, 27.8, 27.8, 27.83, 27.96, 27.92, 27.9, 27.9, 27.9], [28.2, 28.2, 28.2, 28.2, 28.2, 28.2, 28.2, 28.2, 28.2, -999.0, 27.5, 28.2, 28.2, 27.78, 27.83, 27.98, 27.96, 27.71, 27.71, 27.71], [28.2, 28.2, 28.2, 28.2, 28.2, 28.2, 28.2, 28.2, 28.2, 28.2, -999.0, 28.2, 28.2, 27.94, 28.05, 27.67, 27.67, 27.7, 27.69, 27.69], [28.2, 28.2, 28.2, 28.2, 28.2, 28.2, 28.2, 28.2, 28.2, 28.2, -999.0, 27.8, 27.8, 27.8, 28.02, 27.69, 27.69, 27.71, 27.71, 27.7], [28.2, 28.2, 28.2, 28.2, 28.2, 28.2, 28.2, 28.5, 28.5, 28.5, 28.5, 28.23, 27.8, 27.8, 27.8, 27.71, 27.7, 27.73, 27.72, 27.71], [28.2, 28.2, 28.39, 28.39, 28.4, 28.5, 28.5, 28.5, 28.5, 28.5, 28.06, 28.11, 28.04, 27.98, 28.05, 27.76, 27.76, 27.77, 27.72, 27.72], [28.39, 28.39, 28.31, 28.31, 28.5, 28.5, 28.5, 28.5, 28.5, 28.5, 28.2, 28.11, 28.02, 27.94, 27.87, 27.85, 27.87, 27.89, 27.9, 27.91], [28.31, 28.31, 28.32, 28.32, 28.5, 28.5, 28.5, 28.5, 28.5, 28.32, 28.23, 28.12, 28.01, 27.88, 27.81, 27.85, 27.88, 27.89, 27.91, 27.92], [28.31, 28.32, 28.32, 28.5, 28.5, 28.5, 28.5, 28.5, 28.44, 28.36, 28.35, 28.27, 27.97, 27.9, 27.84, 27.86, 27.89, 27.9, 27.91, 27.92], [28.32, 28.32, 28.67, 28.66, 28.65, 28.64, 28.61, 28.55, 28.47, 28.43, 28.38, 28.31, 27.99, 27.93, 27.88, 27.89, 27.9, 27.91, 27.92, 27.93], [28.68, 28.68, 28.67, 28.62, 28.62, 28.61, 28.6, 28.59, 28.46, 28.44, 28.4, 28.35, 27.99, 27.9, 27.9, 27.91, 27.92, 27.93, 27.94, 27.94], [28.64, 28.64, 28.64, 28.63, 28.63, 28.63, 28.63, 28.53, 28.49, 28.47, 28.44, 28.4, 28.09, 27.91, 27.92, 27.92, 27.92, 27.93, 27.95, 27.95], [28.65, 28.65, 28.65, 28.51, 28.52, 28.53, 28.54, 28.55, 28.57, 28.57, 28.56, 28.42, 28.28, 27.93, 27.93, 27.92, 27.91, 27.94, 27.97, 27.97], [28.49, 28.49, 28.5, 28.51, 28.51, 28.53, 28.55, 28.57, 28.61, 28.62, 28.59, 28.35, 28.31, 28.21, 28.13, 27.93, 27.83, 28.0, 28.0, 27.99], [28.49, 28.49, 28.5, 28.5, 28.51, 28.52, 28.55, 28.58, 28.65, 28.71, 28.62, 28.38, 28.27, 28.23, 28.15, 28.08, 28.03, 28.11, 28.03, 28.0], [28.48, 28.49, 28.49, 28.49, 28.5, 28.51, 28.53, 28.57, 28.63, 28.69, 28.49, 28.36, 28.27, 28.25, 28.18, 28.03, 28.05, 28.07, 28.02, 28.0], [28.48, 28.48, 28.48, 28.49, 28.49, 28.5, 28.5, 28.52, 28.54, 28.53, 28.38, 28.31, 28.25, 28.04, 28.03, 28.03, 28.04, 28.05, 28.05, 28.04], [28.47, 28.47, 28.47, 28.47, 28.47, 28.47, 28.47, 28.46, 28.43, 28.3, 28.26, 28.34, 28.36, 28.36, 28.04, 28.04, 28.04, 28.04, 28.04, 28.04], [28.47, 28.47, 28.47, 28.46, 28.46, 28.45, 28.44, 28.41, 28.36, 28.21, 28.17, 28.27, 28.32, 28.35, 28.04, 28.04, 28.04, 28.04, 28.04, 28.04], [28.46, 28.46, 28.46, 28.45, 28.45, 28.44, 28.42, 28.39, 28.31, 28.24, 28.2, 28.26, 28.31, 28.33, 28.05, 28.04, 28.04, 28.04, 28.04, 28.04], [28.46, 28.46, 28.45, 28.45, 28.44, 28.43, 28.41, 28.38, 28.32, 28.28, 28.27, 28.28, 28.31, 28.33, 28.05, 28.05, 28.04, 28.04, 28.04, 28.04], [28.46, 28.45, 28.45, 28.44, 28.43, 28.42, 28.4, 28.35, 28.33, 28.31, 28.3, 28.31, 28.32, 28.34, 28.05, 28.05, 28.04, 28.04, 28.04, 28.04]]}