gis_exercise/awsData/contour/temp_2023090418.json
{"header": {"refTime": "2023-09-04T18:00:00.000Z", "nx": 21, "ny": 33, "lo1": 113.509, "la1": 22.2235, "lo2": 113.5947, "la2": 22.1034, "dx": 0.0042850000000001385, "dy": 0.003753125000000024, "parameterCategory": 0, "parameterCategoryName": "Temperature", "parameterNumber": 0}, "z": [[33.17, 33.16, 33.15, 32.91, 32.91, 33.14, 33.12, 33.11, 33.11, 33.06, 33.1, 33.14, 33.48, 33.51, 33.52, 33.54, 33.85, 33.86, 33.86, 33.86], [33.18, 33.17, 33.16, 33.14, 32.91, 32.91, 33.1, 33.07, 33.05, 33.04, 33.1, 33.16, 33.51, 33.54, 33.54, 33.85, 33.85, 33.86, 33.86, 33.86], [33.19, 33.18, 33.17, 33.15, 32.91, 32.91, 32.91, 33.04, 32.94, 33.02, 33.12, 33.2, 33.55, 33.57, 33.83, 33.84, 33.85, 33.86, 33.86, 33.87], [33.2, 33.19, 33.18, 33.16, 33.14, 32.91, 32.91, 32.91, 32.9, 33.04, 33.15, 33.28, 33.61, 33.57, 33.83, 33.85, 33.86, 33.86, 33.87, 33.87], [33.21, 33.2, 33.2, 33.18, 33.17, 32.92, 32.92, 32.92, 32.91, 33.07, 33.17, 33.56, 33.65, 33.6, 33.83, 33.85, 33.86, 33.87, 33.87, 33.87], [33.22, 33.22, 33.22, 33.21, 33.19, 33.17, 32.93, 32.93, 32.92, 32.89, 33.4, 33.53, 33.61, 33.8, 33.85, 33.86, 33.87, 33.88, 33.88, 33.88], [33.38, 33.24, 33.24, 33.24, 33.23, 33.21, 33.12, 32.97, 32.96, 33.09, 33.11, 33.49, 33.87, 33.85, 33.86, 33.87, 33.89, 33.89, 33.86, 33.85], [33.39, 33.39, 33.39, 33.39, 33.38, 33.2, 33.15, 33.1, 33.11, 33.04, 32.88, 33.6, 33.61, 33.85, 33.94, 33.95, 33.93, 33.92, 33.93, 33.94], [33.31, 33.32, 33.41, 33.42, 33.42, 33.4, 33.34, 33.13, 32.97, 33.12, 33.2, 33.39, 33.48, 33.36, 33.94, 33.95, 33.94, 33.93, 33.94, 33.94], [33.6, 33.6, 33.6, 33.37, 33.4, 33.49, 33.43, 33.34, 32.87, 32.89, 33.49, 33.27, 33.34, 33.31, 33.94, 33.96, 33.95, 33.94, 33.94, 33.95], [33.6, 33.6, 33.6, 33.6, 33.6, 33.6, 33.6, 33.6, 33.42, 32.96, 32.7, 33.2, 33.25, 33.26, 33.94, 33.96, 33.95, 33.95, 33.95, 33.95], [33.6, 33.6, 33.6, 33.6, 33.6, 33.6, 33.6, 33.6, 33.6, -999.0, 32.7, 34.0, 34.0, 33.22, 33.94, 33.96, 33.96, 32.76, 32.79, 32.8], [33.6, 33.6, 33.6, 33.6, 33.6, 33.6, 33.6, 33.6, 33.6, 33.6, -999.0, 34.0, 34.0, 32.63, 33.23, 33.17, 33.19, 32.94, 32.98, 33.0], [33.6, 33.6, 33.6, 33.6, 33.6, 33.6, 33.6, 33.6, 33.6, 33.6, -999.0, 31.9, 31.9, 31.9, 33.05, 33.01, 33.04, 32.79, 32.84, 32.88], [33.6, 33.6, 33.6, 33.6, 33.6, 33.6, 33.6, 33.2, 33.2, 33.2, 33.2, 32.7, 31.9, 31.9, 31.9, 32.82, 32.88, 32.64, 32.72, 32.78], [33.6, 33.6, 33.35, 33.34, 33.34, 33.2, 33.2, 33.2, 33.2, 33.2, 32.38, 32.47, 32.35, 32.24, 32.36, 32.41, 32.49, 32.35, 32.8, 32.87], [33.34, 33.34, 33.46, 33.45, 33.2, 33.2, 33.2, 33.2, 33.2, 33.2, 32.64, 32.48, 32.31, 32.15, 32.21, 32.08, 32.14, 32.18, 32.22, 32.24], [33.46, 33.45, 33.45, 33.43, 33.2, 33.2, 33.2, 33.2, 33.2, 32.87, 32.7, 32.5, 32.3, 32.22, 31.95, 32.06, 32.15, 32.2, 32.23, 32.25], [33.45, 33.44, 33.43, 33.2, 33.2, 33.2, 33.2, 33.2, 33.08, 32.95, 32.9, 32.74, 32.51, 32.33, 32.05, 32.11, 32.19, 32.24, 32.26, 32.27], [33.44, 33.44, 33.43, 33.42, 33.4, 33.38, 33.35, 33.27, 33.12, 33.05, 32.94, 32.8, 32.6, 32.5, 32.17, 32.21, 32.26, 32.29, 32.3, 32.3], [33.44, 33.44, 33.43, 33.37, 33.36, 33.35, 33.33, 33.31, 33.09, 33.05, 32.98, 32.88, 32.69, 32.24, 32.27, 32.31, 32.34, 32.35, 32.34, 32.33], [33.39, 33.38, 33.38, 33.38, 33.38, 33.37, 33.37, 33.43, 33.12, 33.09, 33.04, 32.96, 32.9, 32.3, 32.35, 32.4, 32.44, 32.42, 32.38, 32.34], [33.39, 33.39, 33.39, 33.47, 33.47, 33.47, 33.47, 33.48, 33.49, 33.49, 33.5, 33.4, 32.91, 32.35, 32.4, 32.49, 32.6, 32.5, 32.39, 32.35], [33.49, 33.49, 33.49, 33.49, 33.49, 33.49, 33.5, 33.51, 33.53, 33.54, 33.54, 33.55, 32.93, 32.81, 32.73, 32.51, 32.9, 32.4, 32.33, 32.33], [33.5, 33.5, 33.5, 33.5, 33.51, 33.51, 33.53, 33.54, 33.56, 33.58, 33.56, 33.56, 33.54, 32.81, 32.71, 32.61, 32.29, 32.08, 32.26, 32.3], [33.5, 33.51, 33.51, 33.51, 33.52, 33.53, 33.54, 33.56, 33.58, 33.59, 33.59, 33.57, 33.55, 32.82, 32.7, 32.61, 32.47, 32.4, 32.27, 32.29], [33.51, 33.51, 33.52, 33.52, 33.53, 33.54, 33.55, 33.57, 33.58, 33.59, 33.6, 33.59, 33.57, 32.89, 32.77, 32.67, 32.58, 32.53, 32.54, 32.58], [33.52, 33.52, 33.53, 33.53, 33.54, 33.55, 33.56, 33.58, 33.6, 33.62, 33.63, 33.36, 33.22, 33.06, 32.84, 32.74, 32.67, 32.63, 32.62, 32.63], [33.52, 33.53, 33.53, 33.54, 33.55, 33.56, 33.57, 33.59, 33.61, 33.65, 33.61, 33.43, 33.27, 33.11, 32.9, 32.81, 32.74, 32.7, 32.68, 32.67], [33.53, 33.53, 33.54, 33.54, 33.55, 33.56, 33.58, 33.59, 33.42, 33.5, 33.55, 33.43, 33.28, 33.14, 32.95, 32.86, 32.79, 32.75, 32.73, 32.71], [33.53, 33.53, 33.54, 33.55, 33.56, 33.57, 33.58, 33.59, 33.39, 33.42, 33.43, 33.36, 33.26, 33.15, 32.97, 32.9, 32.84, 32.8, 32.77, 32.75], [33.53, 33.54, 33.54, 33.55, 33.56, 33.57, 33.58, 33.32, 33.34, 33.35, 33.34, 33.3, 33.23, 33.15, 32.98, 32.92, 32.87, 32.83, 32.8, 32.78]]}