gis_exercise/awsData/contour/temp_2023091217.json
{"header": {"refTime": "2023-09-12T17:00:00.000Z", "nx": 21, "ny": 33, "lo1": 113.509, "la1": 22.2235, "lo2": 113.5947, "la2": 22.1034, "dx": 0.0042850000000001385, "dy": 0.003753125000000024, "parameterCategory": 0, "parameterCategoryName": "Temperature", "parameterNumber": 0}, "z": [[27.96, 27.97, 27.97, 27.86, 27.88, 28.14, 28.16, 28.18, 28.19, 28.2, 28.19, 28.19, 28.48, 28.49, 28.07, 28.02, 28.09, 28.06, 28.04, 28.02], [27.95, 27.96, 27.97, 27.98, 27.88, 27.91, 28.16, 28.2, 28.22, 28.21, 28.2, 28.2, 28.48, 28.49, 28.07, 28.12, 28.07, 28.03, 28.01, 27.99], [27.95, 27.95, 27.96, 27.97, 27.86, 27.9, 27.96, 28.21, 28.28, 28.22, 28.2, 28.21, 28.49, 28.5, 28.18, 28.11, 28.04, 27.99, 27.97, 27.96], [27.94, 27.94, 27.95, 27.95, 27.96, 27.87, 27.92, 28.0, 28.08, 28.19, 28.19, 28.24, 28.5, 28.35, 28.19, 28.08, 27.99, 27.93, 27.91, 27.91], [27.94, 27.94, 27.94, 27.94, 27.94, 27.82, 27.84, 27.87, 27.88, 28.12, 28.15, 28.34, 28.44, 28.37, 28.19, 28.04, 27.9, 27.83, 27.83, 27.85], [27.93, 27.93, 27.93, 27.92, 27.91, 27.9, 27.76, 27.75, 27.73, 27.72, 28.17, 28.3, 28.39, 28.57, 28.16, 27.96, 27.76, 27.68, 27.72, 27.79], [27.78, 27.92, 27.92, 27.91, 27.89, 27.87, 27.63, 27.65, 27.62, 27.74, 27.81, 28.25, 28.61, 28.6, 28.13, 27.88, 27.56, 27.44, 27.44, 27.52], [27.79, 27.79, 27.79, 27.79, 27.78, 27.69, 27.64, 27.57, 27.57, 27.7, 27.64, 28.33, 28.34, 28.6, 27.76, 27.92, 27.59, 27.47, 27.66, 27.79], [27.71, 27.72, 27.81, 27.82, 27.82, 27.8, 27.74, 27.62, 27.5, 27.76, 27.96, 28.14, 28.22, 28.11, 27.8, 27.98, 27.79, 27.71, 27.76, 27.83], [28.0, 28.0, 28.0, 27.77, 27.8, 27.89, 27.83, 27.74, 27.5, 27.5, 28.23, 28.03, 28.09, 28.06, 27.8, 28.04, 27.92, 27.86, 27.86, 27.89], [28.0, 28.0, 28.0, 28.0, 28.0, 28.0, 28.0, 28.0, 27.82, 27.5, 27.5, 27.96, 28.01, 28.01, 27.78, 28.09, 28.01, 27.95, 27.94, 27.95], [28.0, 28.0, 28.0, 28.0, 28.0, 28.0, 28.0, 28.0, 28.0, -999.0, 27.5, 28.7, 28.7, 27.98, 27.77, 28.14, 28.09, 27.26, 27.26, 27.26], [28.0, 28.0, 28.0, 28.0, 28.0, 28.0, 28.0, 28.0, 28.0, 28.0, -999.0, 28.7, 28.7, 27.79, 28.19, 27.24, 27.24, 27.25, 27.25, 27.25], [28.0, 28.0, 28.0, 28.0, 28.0, 28.0, 28.0, 28.0, 28.0, 28.0, -999.0, 27.3, 27.3, 27.3, 28.07, 27.24, 27.24, 27.26, 27.25, 27.25], [28.0, 28.0, 28.0, 28.0, 28.0, 28.0, 28.0, 28.5, 28.5, 28.5, 28.5, 28.04, 27.3, 27.3, 27.3, 27.25, 27.25, 27.26, 27.26, 27.26], [28.0, 28.0, 28.31, 28.32, 28.33, 28.5, 28.5, 28.5, 28.5, 28.5, 27.74, 27.83, 27.71, 27.62, 27.73, 27.37, 27.38, 27.36, 27.33, 27.33], [28.32, 28.32, 28.18, 28.18, 28.5, 28.5, 28.5, 28.5, 28.5, 28.5, 27.98, 27.84, 27.68, 27.53, 27.47, 27.57, 27.67, 27.74, 27.8, 27.84], [28.18, 28.18, 28.19, 28.21, 28.5, 28.5, 28.5, 28.5, 28.5, 28.2, 28.03, 27.85, 27.67, 27.48, 27.32, 27.54, 27.67, 27.76, 27.82, 27.86], [28.19, 28.2, 28.21, 28.5, 28.5, 28.5, 28.5, 28.5, 28.39, 28.27, 28.17, 28.02, 27.66, 27.53, 27.52, 27.61, 27.73, 27.81, 27.86, 27.9], [28.2, 28.2, 28.56, 28.55, 28.55, 28.55, 28.54, 28.52, 28.4, 28.31, 28.2, 28.07, 27.7, 27.61, 27.69, 27.74, 27.81, 27.87, 27.91, 27.94], [28.56, 28.56, 28.56, 28.54, 28.54, 28.54, 28.53, 28.53, 28.34, 28.29, 28.22, 28.12, 27.73, 27.8, 27.81, 27.85, 27.9, 27.94, 27.97, 27.99], [28.55, 28.55, 28.55, 28.54, 28.54, 28.54, 28.54, 28.76, 28.33, 28.3, 28.25, 28.18, 27.79, 27.88, 27.91, 27.93, 27.96, 28.0, 28.03, 28.04], [28.55, 28.55, 28.55, 28.86, 28.85, 28.83, 28.82, 28.8, 28.79, 28.8, 28.82, 28.28, 28.35, 27.94, 27.97, 27.98, 27.97, 28.05, 28.1, 28.09], [28.91, 28.91, 28.9, 28.89, 28.88, 28.87, 28.85, 28.83, 28.8, 28.79, 28.83, 28.63, 28.37, 28.31, 28.26, 28.03, 27.81, 28.22, 28.2, 28.15], [28.93, 28.92, 28.92, 28.92, 28.91, 28.9, 28.88, 28.85, 28.77, 28.71, 28.82, 28.69, 28.61, 28.33, 28.29, 28.27, 28.31, 28.51, 28.28, 28.18], [28.94, 28.94, 28.94, 28.94, 28.94, 28.94, 28.93, 28.89, 28.82, 28.75, 28.77, 28.77, 28.7, 28.35, 28.33, 28.52, 28.51, 28.54, 28.25, 28.19], [28.96, 28.96, 28.97, 28.97, 28.98, 28.98, 28.99, 28.98, 28.98, 29.0, 28.94, 28.91, 28.81, 28.81, 28.69, 28.61, 28.57, 28.56, 28.56, 28.56], [28.98, 28.98, 28.99, 29.0, 29.01, 29.03, 29.05, 29.09, 29.15, 29.15, 29.21, 29.33, 29.26, 29.21, 28.78, 28.69, 28.63, 28.61, 28.6, 28.59], [28.99, 29.0, 29.01, 29.02, 29.04, 29.07, 29.11, 29.17, 29.28, 29.4, 29.67, 29.46, 29.33, 29.26, 28.85, 28.76, 28.7, 28.66, 28.64, 28.63], [29.01, 29.02, 29.03, 29.05, 29.07, 29.1, 29.15, 29.21, 29.38, 29.52, 29.6, 29.47, 29.36, 29.28, 28.9, 28.81, 28.75, 28.71, 28.68, 28.66], [29.02, 29.03, 29.04, 29.06, 29.09, 29.12, 29.16, 29.22, 29.37, 29.43, 29.46, 29.42, 29.35, 29.29, 28.93, 28.85, 28.79, 28.74, 28.71, 28.69], [29.03, 29.04, 29.05, 29.07, 29.1, 29.13, 29.17, 29.3, 29.34, 29.37, 29.38, 29.36, 29.32, 29.28, 28.94, 28.87, 28.82, 28.77, 28.74, 28.72]]}