gis_exercise/awsData/contour/temp_2023091402.json
{"header": {"refTime": "2023-09-14T02:00:00.000Z", "nx": 21, "ny": 33, "lo1": 113.509, "la1": 22.2235, "lo2": 113.5947, "la2": 22.1034, "dx": 0.0042850000000001385, "dy": 0.003753125000000024, "parameterCategory": 0, "parameterCategoryName": "Temperature", "parameterNumber": 0}, "z": [[26.54, 26.55, 26.55, 26.43, 26.44, 26.64, 26.65, 26.66, 26.67, 26.63, 26.63, 26.64, 26.78, 26.78, 26.84, 26.84, 26.85, 26.85, 26.85, 26.85], [26.54, 26.54, 26.55, 26.55, 26.44, 26.46, 26.65, 26.66, 26.68, 26.64, 26.64, 26.64, 26.79, 26.79, 26.85, 26.85, 26.85, 26.85, 26.85, 26.85], [26.54, 26.54, 26.54, 26.55, 26.43, 26.45, 26.49, 26.67, 26.69, 26.65, 26.64, 26.66, 26.8, 26.8, 26.85, 26.85, 26.85, 26.85, 26.85, 26.85], [26.54, 26.54, 26.54, 26.54, 26.55, 26.44, 26.47, 26.52, 26.56, 26.63, 26.64, 26.68, 26.82, 26.7, 26.85, 26.85, 26.85, 26.85, 26.85, 26.85], [26.54, 26.54, 26.53, 26.53, 26.53, 26.41, 26.42, 26.44, 26.44, 26.58, 26.61, 26.7, 26.82, 26.72, 26.85, 26.85, 26.86, 26.86, 26.86, 26.86], [26.53, 26.53, 26.53, 26.53, 26.52, 26.51, 26.38, 26.37, 26.36, 26.33, 26.54, 26.65, 26.74, 26.83, 26.84, 26.85, 26.86, 26.87, 26.86, 26.86], [26.47, 26.53, 26.53, 26.52, 26.52, 26.5, 26.32, 26.33, 26.31, 26.29, 26.29, 26.55, 26.79, 26.8, 26.83, 26.85, 26.88, 26.88, 26.9, 26.9], [26.47, 26.47, 26.47, 26.47, 26.47, 26.37, 26.34, 26.31, 26.3, 26.26, 26.19, 26.52, 26.52, 26.8, 26.83, 26.8, 26.85, 26.86, 26.84, 26.82], [26.43, 26.43, 26.49, 26.49, 26.49, 26.48, 26.44, 26.33, 26.24, 26.3, 26.33, 26.42, 26.46, 26.4, 26.82, 26.8, 26.82, 26.83, 26.83, 26.82], [26.6, 26.6, 26.6, 26.46, 26.48, 26.53, 26.5, 26.44, 26.19, 26.2, 26.46, 26.36, 26.4, 26.38, 26.82, 26.79, 26.8, 26.81, 26.81, 26.81], [26.6, 26.6, 26.6, 26.6, 26.6, 26.6, 26.6, 26.6, 26.49, 26.23, 26.1, 26.33, 26.36, 26.36, 26.82, 26.78, 26.79, 26.8, 26.8, 26.8], [26.6, 26.6, 26.6, 26.6, 26.6, 26.6, 26.6, 26.6, 26.6, -999.0, 26.1, 26.7, 26.7, 26.34, 26.82, 26.77, 26.78, 26.22, 26.23, 26.24], [26.6, 26.6, 26.6, 26.6, 26.6, 26.6, 26.6, 26.6, 26.6, 26.6, -999.0, 26.7, 26.7, 26.05, 26.33, 26.46, 26.47, 26.32, 26.35, 26.36], [26.6, 26.6, 26.6, 26.6, 26.6, 26.6, 26.6, 26.6, 26.6, 26.6, -999.0, 25.7, 25.7, 25.7, 26.25, 26.36, 26.38, 26.23, 26.26, 26.29], [26.6, 26.6, 26.6, 26.6, 26.6, 26.6, 26.6, 26.5, 26.5, 26.5, 26.5, 26.19, 25.7, 25.7, 25.7, 26.25, 26.29, 26.15, 26.19, 26.23], [26.6, 26.6, 26.54, 26.54, 26.53, 26.5, 26.5, 26.5, 26.5, 26.5, 26.0, 26.05, 25.98, 25.91, 25.99, 25.96, 26.0, 25.93, 26.2, 26.24], [26.54, 26.54, 26.56, 26.56, 26.5, 26.5, 26.5, 26.5, 26.5, 26.5, 26.16, 26.06, 25.95, 25.86, 25.87, 25.87, 25.92, 25.97, 26.0, 26.02], [26.56, 26.56, 26.56, 26.56, 26.5, 26.5, 26.5, 26.5, 26.5, 26.3, 26.19, 26.07, 25.94, 25.88, 25.73, 25.85, 25.93, 25.98, 26.02, 26.04], [26.56, 26.56, 26.56, 26.5, 26.5, 26.5, 26.5, 26.5, 26.43, 26.34, 26.25, 26.15, 26.05, 25.94, 25.84, 25.9, 25.97, 26.01, 26.04, 26.06], [26.56, 26.56, 26.44, 26.45, 26.45, 26.45, 26.46, 26.48, 26.41, 26.35, 26.26, 26.18, 26.09, 26.03, 25.94, 25.98, 26.02, 26.06, 26.07, 26.08], [26.44, 26.44, 26.44, 26.46, 26.46, 26.46, 26.47, 26.47, 26.35, 26.32, 26.26, 26.2, 26.14, 26.01, 26.03, 26.06, 26.09, 26.11, 26.11, 26.11], [26.45, 26.45, 26.45, 26.46, 26.46, 26.46, 26.46, 26.47, 26.32, 26.3, 26.27, 26.23, 26.15, 26.07, 26.09, 26.13, 26.16, 26.16, 26.15, 26.14], [26.45, 26.45, 26.45, 26.46, 26.46, 26.46, 26.46, 26.46, 26.45, 26.45, 26.45, 26.43, 26.31, 26.11, 26.14, 26.18, 26.23, 26.21, 26.18, 26.15], [26.46, 26.46, 26.46, 26.46, 26.46, 26.46, 26.45, 26.45, 26.44, 26.44, 26.44, 26.42, 26.31, 26.3, 26.29, 26.21, 26.32, 26.22, 26.18, 26.16], [26.46, 26.46, 26.46, 26.46, 26.46, 26.46, 26.45, 26.44, 26.43, 26.42, 26.43, 26.43, 26.43, 26.3, 26.28, 26.27, 26.2, 26.16, 26.17, 26.16], [26.46, 26.46, 26.46, 26.46, 26.46, 26.46, 26.45, 26.44, 26.43, 26.42, 26.43, 26.43, 26.43, 26.3, 26.28, 26.28, 26.26, 26.24, 26.17, 26.16], [26.46, 26.46, 26.46, 26.46, 26.46, 26.46, 26.45, 26.45, 26.45, 26.44, 26.44, 26.44, 26.44, 26.34, 26.32, 26.29, 26.28, 26.27, 26.27, 26.28], [26.46, 26.46, 26.46, 26.46, 26.46, 26.46, 26.46, 26.46, 26.46, 26.46, 26.46, 26.41, 26.38, 26.35, 26.33, 26.31, 26.29, 26.29, 26.28, 26.29], [26.46, 26.46, 26.46, 26.46, 26.46, 26.46, 26.46, 26.46, 26.47, 26.47, 26.48, 26.43, 26.4, 26.37, 26.34, 26.32, 26.31, 26.3, 26.3, 26.3], [26.46, 26.46, 26.46, 26.46, 26.46, 26.46, 26.46, 26.47, 26.43, 26.45, 26.46, 26.43, 26.4, 26.37, 26.35, 26.33, 26.32, 26.31, 26.31, 26.3], [26.46, 26.46, 26.46, 26.46, 26.46, 26.46, 26.47, 26.47, 26.42, 26.43, 26.43, 26.42, 26.4, 26.37, 26.35, 26.34, 26.33, 26.32, 26.31, 26.31], [26.46, 26.46, 26.46, 26.46, 26.47, 26.47, 26.47, 26.4, 26.41, 26.41, 26.41, 26.4, 26.39, 26.37, 26.36, 26.34, 26.33, 26.33, 26.32, 26.32]]}