gis_exercise/awsData/contour/temp_2023091206.json
{"header": {"refTime": "2023-09-12T06:00:00.000Z", "nx": 21, "ny": 33, "lo1": 113.509, "la1": 22.2235, "lo2": 113.5947, "la2": 22.1034, "dx": 0.0042850000000001385, "dy": 0.003753125000000024, "parameterCategory": 0, "parameterCategoryName": "Temperature", "parameterNumber": 0}, "z": [[26.17, 26.16, 26.16, 25.96, 25.97, 26.19, 26.2, 26.2, 26.21, 26.16, 26.16, 26.17, 26.34, 26.35, 26.35, 26.35, 26.38, 26.37, 26.37, 26.37], [26.17, 26.16, 26.16, 26.16, 25.97, 25.99, 26.19, 26.2, 26.21, 26.17, 26.17, 26.18, 26.35, 26.36, 26.36, 26.38, 26.37, 26.37, 26.37, 26.36], [26.17, 26.17, 26.16, 26.16, 25.96, 25.98, 26.01, 26.2, 26.2, 26.17, 26.17, 26.2, 26.37, 26.38, 26.39, 26.38, 26.37, 26.37, 26.36, 26.36], [26.17, 26.17, 26.16, 26.16, 26.15, 25.97, 25.99, 26.04, 26.08, 26.15, 26.17, 26.23, 26.4, 26.28, 26.39, 26.38, 26.37, 26.36, 26.36, 26.35], [26.17, 26.17, 26.17, 26.16, 26.15, 25.94, 25.96, 25.97, 25.97, 26.11, 26.15, 26.29, 26.41, 26.31, 26.39, 26.37, 26.36, 26.35, 26.35, 26.35], [26.18, 26.18, 26.17, 26.16, 26.15, 26.14, 25.92, 25.91, 25.9, 25.86, 26.1, 26.22, 26.33, 26.43, 26.38, 26.36, 26.34, 26.34, 26.34, 26.34], [26.18, 26.18, 26.18, 26.17, 26.16, 26.14, 25.95, 25.88, 25.86, 25.84, 25.84, 26.12, 26.39, 26.4, 26.37, 26.35, 26.33, 26.32, 26.34, 26.35], [26.19, 26.19, 26.19, 26.19, 26.18, 26.02, 25.97, 25.92, 25.89, 25.81, 25.71, 26.08, 26.09, 26.4, 26.3, 26.3, 26.3, 26.3, 26.3, 26.3], [26.11, 26.12, 26.21, 26.22, 26.22, 26.2, 26.14, 25.95, 25.8, 25.86, 25.87, 25.97, 26.02, 25.96, 26.3, 26.3, 26.3, 26.3, 26.3, 26.3], [26.4, 26.4, 26.4, 26.17, 26.2, 26.29, 26.23, 26.14, 25.73, 25.75, 26.03, 25.91, 25.95, 25.93, 26.3, 26.3, 26.3, 26.3, 26.3, 26.3], [26.4, 26.4, 26.4, 26.4, 26.4, 26.4, 26.4, 26.4, 26.22, 25.8, 25.6, 25.87, 25.9, 25.9, 26.3, 26.3, 26.3, 26.3, 26.3, 26.3], [26.4, 26.4, 26.4, 26.4, 26.4, 26.4, 26.4, 26.4, 26.4, -999.0, 25.6, 26.3, 26.3, 25.88, 26.3, 26.3, 26.3, 25.79, 25.8, 25.8], [26.4, 26.4, 26.4, 26.4, 26.4, 26.4, 26.4, 26.4, 26.4, 26.4, -999.0, 26.3, 26.3, 25.71, 25.97, 25.97, 25.98, 25.87, 25.88, 25.89], [26.4, 26.4, 26.4, 26.4, 26.4, 26.4, 26.4, 26.4, 26.4, 26.4, -999.0, 25.4, 25.4, 25.4, 25.89, 25.9, 25.91, 25.8, 25.82, 25.84], [26.4, 26.4, 26.4, 26.4, 26.4, 26.4, 26.4, 26.6, 26.6, 26.6, 26.6, 26.14, 25.4, 25.4, 25.4, 25.81, 25.84, 25.74, 25.77, 25.79], [26.4, 26.4, 26.53, 26.53, 26.53, 26.6, 26.6, 26.6, 26.6, 26.6, 25.84, 25.93, 25.81, 25.72, 25.83, 25.66, 25.7, 25.63, 25.82, 25.85], [26.53, 26.53, 26.47, 26.47, 26.6, 26.6, 26.6, 26.6, 26.6, 26.6, 26.08, 25.94, 25.78, 25.63, 25.62, 25.59, 25.66, 25.72, 25.75, 25.78], [26.47, 26.47, 26.48, 26.48, 26.6, 26.6, 26.6, 26.6, 26.6, 26.3, 26.13, 25.95, 25.77, 25.63, 25.43, 25.57, 25.67, 25.73, 25.77, 25.8], [26.48, 26.48, 26.48, 26.6, 26.6, 26.6, 26.6, 26.6, 26.49, 26.37, 26.22, 26.07, 25.86, 25.71, 25.56, 25.63, 25.71, 25.77, 25.8, 25.82], [26.48, 26.48, 26.49, 26.49, 26.5, 26.51, 26.53, 26.57, 26.47, 26.36, 26.23, 26.1, 25.91, 25.82, 25.69, 25.73, 25.78, 25.82, 25.84, 25.85], [26.48, 26.48, 26.48, 26.52, 26.52, 26.53, 26.53, 26.54, 26.37, 26.31, 26.23, 26.14, 25.96, 25.76, 25.78, 25.82, 25.85, 25.87, 25.88, 25.88], [26.51, 26.51, 26.51, 26.51, 26.51, 26.51, 26.52, 26.51, 26.32, 26.29, 26.24, 26.17, 25.95, 25.83, 25.86, 25.89, 25.92, 25.93, 25.92, 25.91], [26.5, 26.5, 26.5, 26.5, 26.5, 26.5, 26.5, 26.49, 26.49, 26.48, 26.48, 26.38, 26.18, 25.87, 25.91, 25.95, 25.99, 25.99, 25.96, 25.94], [26.5, 26.5, 26.5, 26.5, 26.49, 26.49, 26.48, 26.47, 26.46, 26.46, 26.46, 26.35, 26.19, 26.15, 26.12, 25.98, 26.06, 26.01, 25.98, 25.95], [26.5, 26.5, 26.49, 26.49, 26.49, 26.48, 26.48, 26.46, 26.44, 26.42, 26.45, 26.36, 26.34, 26.16, 26.12, 26.09, 26.01, 26.0, 25.98, 25.96], [26.5, 26.49, 26.49, 26.49, 26.49, 26.48, 26.47, 26.46, 26.44, 26.43, 26.39, 26.37, 26.35, 26.16, 26.13, 26.12, 26.09, 26.08, 25.97, 25.95], [26.49, 26.49, 26.49, 26.49, 26.48, 26.48, 26.47, 26.47, 26.46, 26.46, 26.4, 26.39, 26.37, 26.21, 26.17, 26.14, 26.12, 26.11, 26.11, 26.12], [26.49, 26.49, 26.49, 26.49, 26.48, 26.48, 26.48, 26.47, 26.47, 26.42, 26.43, 26.4, 26.36, 26.32, 26.2, 26.17, 26.14, 26.13, 26.13, 26.13], [26.49, 26.49, 26.49, 26.49, 26.48, 26.48, 26.48, 26.48, 26.48, 26.45, 26.47, 26.42, 26.38, 26.34, 26.22, 26.19, 26.17, 26.15, 26.15, 26.14], [26.49, 26.49, 26.49, 26.49, 26.49, 26.48, 26.48, 26.48, 26.41, 26.44, 26.46, 26.42, 26.38, 26.35, 26.23, 26.2, 26.18, 26.17, 26.16, 26.16], [26.49, 26.49, 26.49, 26.49, 26.49, 26.48, 26.48, 26.48, 26.4, 26.42, 26.42, 26.4, 26.38, 26.35, 26.24, 26.22, 26.2, 26.18, 26.17, 26.17], [26.49, 26.49, 26.49, 26.49, 26.49, 26.49, 26.49, 26.39, 26.39, 26.4, 26.4, 26.39, 26.37, 26.35, 26.25, 26.22, 26.21, 26.19, 26.18, 26.18]]}