gis_exercise/awsData/contour/temp_2023090713.json
{"header": {"refTime": "2023-09-07T13:00:00.000Z", "nx": 21, "ny": 33, "lo1": 113.509, "la1": 22.2235, "lo2": 113.5947, "la2": 22.1034, "dx": 0.0042850000000001385, "dy": 0.003753125000000024, "parameterCategory": 0, "parameterCategoryName": "Temperature", "parameterNumber": 0}, "z": [[28.37, 28.37, 28.37, 28.21, 28.22, 28.39, 28.4, 28.4, 28.41, 28.35, 28.36, 28.36, 28.46, 28.46, 28.34, 28.32, 28.27, 28.25, 28.24, 28.23], [28.37, 28.37, 28.37, 28.36, 28.22, 28.24, 28.39, 28.4, 28.4, 28.36, 28.36, 28.37, 28.46, 28.47, 28.34, 28.29, 28.26, 28.24, 28.23, 28.22], [28.37, 28.37, 28.37, 28.36, 28.22, 28.23, 28.26, 28.4, 28.4, 28.37, 28.36, 28.38, 28.48, 28.48, 28.33, 28.29, 28.25, 28.23, 28.21, 28.21], [28.37, 28.37, 28.37, 28.36, 28.36, 28.22, 28.24, 28.27, 28.3, 28.35, 28.36, 28.4, 28.5, 28.39, 28.33, 28.27, 28.23, 28.2, 28.19, 28.19], [28.37, 28.37, 28.37, 28.36, 28.36, 28.2, 28.21, 28.22, 28.22, 28.31, 28.34, 28.4, 28.52, 28.42, 28.33, 28.25, 28.19, 28.16, 28.15, 28.16], [28.37, 28.37, 28.37, 28.36, 28.36, 28.35, 28.19, 28.18, 28.17, 28.14, 28.25, 28.35, 28.44, 28.5, 28.3, 28.21, 28.13, 28.09, 28.11, 28.14], [28.37, 28.38, 28.37, 28.37, 28.36, 28.35, 28.2, 28.17, 28.15, 28.08, 28.06, 28.25, 28.43, 28.45, 28.27, 28.17, 28.04, 27.99, 28.03, 28.07], [28.37, 28.37, 28.37, 28.37, 28.37, 28.25, 28.22, 28.19, 28.17, 28.06, 27.97, 28.18, 28.18, 28.45, 28.05, 28.09, 28.0, 27.97, 28.02, 28.06], [28.33, 28.33, 28.39, 28.39, 28.39, 28.38, 28.34, 28.21, 28.1, 28.09, 28.05, 28.11, 28.14, 28.1, 28.06, 28.11, 28.06, 28.04, 28.05, 28.07], [28.5, 28.5, 28.5, 28.36, 28.38, 28.43, 28.4, 28.34, 28.03, 28.05, 28.14, 28.08, 28.1, 28.09, 28.06, 28.13, 28.09, 28.08, 28.08, 28.08], [28.5, 28.5, 28.5, 28.5, 28.5, 28.5, 28.5, 28.5, 28.39, 28.1, 27.9, 28.05, 28.07, 28.07, 28.06, 28.14, 28.11, 28.1, 28.1, 28.1], [28.5, 28.5, 28.5, 28.5, 28.5, 28.5, 28.5, 28.5, 28.5, -999.0, 27.9, 28.3, 28.3, 28.06, 28.05, 28.15, 28.14, 27.9, 27.9, 27.9], [28.5, 28.5, 28.5, 28.5, 28.5, 28.5, 28.5, 28.5, 28.5, 28.5, -999.0, 28.3, 28.3, 28.04, 28.15, 27.9, 27.9, 27.9, 27.9, 27.9], [28.5, 28.5, 28.5, 28.5, 28.5, 28.5, 28.5, 28.5, 28.5, 28.5, -999.0, 27.9, 27.9, 27.9, 28.12, 27.9, 27.9, 27.9, 27.9, 27.9], [28.5, 28.5, 28.5, 28.5, 28.5, 28.5, 28.5, 29.3, 29.3, 29.3, 29.3, 28.76, 27.9, 27.9, 27.9, 27.9, 27.9, 27.9, 27.9, 27.9], [28.5, 28.5, 29.0, 29.01, 29.03, 29.3, 29.3, 29.3, 29.3, 29.3, 28.42, 28.52, 28.38, 28.27, 28.4, 27.9, 27.9, 27.9, 27.9, 27.9], [29.01, 29.02, 28.78, 28.8, 29.3, 29.3, 29.3, 29.3, 29.3, 29.3, 28.7, 28.52, 28.34, 28.17, 28.07, 28.04, 28.09, 28.13, 28.16, 28.18], [28.79, 28.8, 28.81, 28.83, 29.3, 29.3, 29.3, 29.3, 29.3, 28.94, 28.76, 28.55, 28.33, 28.08, 27.92, 28.02, 28.09, 28.14, 28.17, 28.2], [28.8, 28.81, 28.83, 29.3, 29.3, 29.3, 29.3, 29.3, 29.17, 29.03, 28.88, 28.7, 28.28, 28.13, 28.01, 28.06, 28.12, 28.16, 28.19, 28.21], [28.81, 28.83, 29.24, 29.25, 29.25, 29.25, 29.26, 29.28, 29.16, 29.04, 28.9, 28.75, 28.32, 28.2, 28.1, 28.13, 28.16, 28.2, 28.22, 28.23], [29.24, 29.24, 29.24, 29.26, 29.26, 29.26, 29.27, 29.27, 29.06, 29.0, 28.91, 28.8, 28.34, 28.16, 28.17, 28.18, 28.21, 28.23, 28.25, 28.26], [29.25, 29.25, 29.25, 29.26, 29.26, 29.26, 29.26, 29.23, 29.02, 28.98, 28.92, 28.85, 28.32, 28.2, 28.21, 28.22, 28.24, 28.26, 28.28, 28.29], [29.25, 29.25, 29.25, 29.21, 29.21, 29.22, 29.22, 29.22, 29.21, 29.21, 29.21, 28.89, 28.68, 28.23, 28.24, 28.24, 28.22, 28.28, 28.32, 28.32], [29.21, 29.21, 29.21, 29.21, 29.21, 29.21, 29.21, 29.21, 29.2, 29.2, 29.2, 28.86, 28.7, 28.6, 28.51, 28.27, 28.11, 28.38, 28.38, 28.35], [29.2, 29.2, 29.2, 29.2, 29.2, 29.2, 29.2, 29.2, 29.2, 29.2, 29.19, 28.9, 28.78, 28.62, 28.54, 28.48, 28.45, 28.58, 28.43, 28.37], [29.2, 29.2, 29.2, 29.2, 29.2, 29.19, 29.19, 29.19, 29.19, 29.19, 29.02, 28.92, 28.81, 28.65, 28.58, 28.53, 28.54, 28.56, 28.42, 28.38], [29.2, 29.2, 29.2, 29.19, 29.19, 29.19, 29.19, 29.18, 29.18, 29.18, 28.99, 28.93, 28.85, 28.65, 28.6, 28.57, 28.56, 28.56, 28.56, 28.55], [29.2, 29.19, 29.19, 29.19, 29.19, 29.18, 29.18, 29.17, 29.17, 29.01, 29.0, 29.1, 29.09, 29.07, 28.64, 28.6, 28.58, 28.57, 28.57, 28.57], [29.19, 29.19, 29.19, 29.19, 29.18, 29.18, 29.17, 29.17, 29.15, 29.03, 29.1, 29.1, 29.09, 29.07, 28.67, 28.63, 28.61, 28.59, 28.59, 28.58], [29.19, 29.19, 29.19, 29.18, 29.18, 29.18, 29.17, 29.16, 29.1, 29.1, 29.1, 29.09, 29.09, 29.08, 28.7, 28.66, 28.63, 28.61, 28.6, 28.59], [29.19, 29.19, 29.19, 29.18, 29.18, 29.18, 29.17, 29.16, 29.1, 29.1, 29.1, 29.09, 29.09, 29.08, 28.71, 28.67, 28.65, 28.63, 28.62, 28.61], [29.19, 29.19, 29.18, 29.18, 29.18, 29.17, 29.17, 29.1, 29.1, 29.09, 29.09, 29.09, 29.08, 29.08, 28.72, 28.68, 28.66, 28.64, 28.63, 28.62]]}