gis_exercise/awsData/contour/temp_2023090615.json
{"header": {"refTime": "2023-09-06T15:00:00.000Z", "nx": 21, "ny": 33, "lo1": 113.509, "la1": 22.2235, "lo2": 113.5947, "la2": 22.1034, "dx": 0.0042850000000001385, "dy": 0.003753125000000024, "parameterCategory": 0, "parameterCategoryName": "Temperature", "parameterNumber": 0}, "z": [[30.39, 30.37, 30.35, 30.16, 30.14, 30.26, 30.24, 30.21, 30.21, 30.19, 30.24, 30.29, 30.52, 30.56, 30.36, 30.35, 30.64, 30.63, 30.61, 30.61], [30.4, 30.38, 30.36, 30.34, 30.15, 30.12, 30.21, 30.16, 30.13, 30.14, 30.24, 30.31, 30.55, 30.58, 30.38, 30.65, 30.63, 30.61, 30.6, 30.59], [30.41, 30.4, 30.38, 30.36, 30.15, 30.13, 30.1, 30.11, 29.95, 30.11, 30.25, 30.36, 30.6, 30.62, 30.68, 30.65, 30.62, 30.59, 30.58, 30.58], [30.43, 30.42, 30.4, 30.38, 30.35, 30.15, 30.12, 30.07, 30.03, 30.16, 30.3, 30.44, 30.67, 30.73, 30.68, 30.63, 30.59, 30.56, 30.55, 30.55], [30.44, 30.44, 30.43, 30.41, 30.39, 30.19, 30.17, 30.16, 30.14, 30.24, 30.36, 30.72, 30.77, 30.74, 30.68, 30.61, 30.55, 30.51, 30.51, 30.52], [30.47, 30.46, 30.46, 30.45, 30.43, 30.41, 30.23, 30.24, 30.23, 30.22, 30.62, 30.7, 30.75, 30.87, 30.67, 30.58, 30.48, 30.44, 30.46, 30.49], [30.72, 30.49, 30.49, 30.49, 30.49, 30.47, 30.52, 30.32, 30.32, 30.46, 30.46, 30.68, 30.91, 30.9, 30.67, 30.54, 30.38, 30.32, 30.31, 30.35], [30.73, 30.73, 30.73, 30.73, 30.72, 30.58, 30.55, 30.5, 30.5, 30.43, 30.32, 30.75, 30.76, 30.9, 30.5, 30.58, 30.41, 30.35, 30.45, 30.51], [30.67, 30.68, 30.75, 30.75, 30.76, 30.74, 30.69, 30.53, 30.4, 30.48, 30.51, 30.63, 30.68, 30.61, 30.52, 30.62, 30.51, 30.47, 30.5, 30.53], [30.9, 30.9, 30.9, 30.71, 30.74, 30.81, 30.76, 30.69, 30.33, 30.35, 30.69, 30.55, 30.6, 30.57, 30.52, 30.65, 30.59, 30.55, 30.55, 30.57], [30.9, 30.9, 30.9, 30.9, 30.9, 30.9, 30.9, 30.9, 30.76, 30.4, 30.2, 30.5, 30.54, 30.54, 30.51, 30.68, 30.63, 30.6, 30.6, 30.6], [30.9, 30.9, 30.9, 30.9, 30.9, 30.9, 30.9, 30.9, 30.9, -999.0, 30.2, 31.0, 31.0, 30.52, 30.5, 30.7, 30.68, 29.97, 29.98, 29.98], [30.9, 30.9, 30.9, 30.9, 30.9, 30.9, 30.9, 30.9, 30.9, 30.9, -999.0, 31.0, 31.0, 30.22, 30.56, 30.05, 30.06, 30.01, 30.02, 30.02], [30.9, 30.9, 30.9, 30.9, 30.9, 30.9, 30.9, 30.9, 30.9, 30.9, -999.0, 29.8, 29.8, 29.8, 30.46, 30.02, 30.03, 29.98, 29.99, 30.0], [30.9, 30.9, 30.9, 30.9, 30.9, 30.9, 30.9, 32.0, 32.0, 32.0, 32.0, 31.15, 29.8, 29.8, 29.8, 29.98, 30.0, 29.95, 29.96, 29.98], [30.9, 30.9, 31.59, 31.6, 31.63, 32.0, 32.0, 32.0, 32.0, 32.0, 30.62, 30.77, 30.56, 30.38, 30.58, 30.13, 30.18, 30.09, 30.15, 30.17], [31.61, 31.61, 31.29, 31.31, 32.0, 32.0, 32.0, 32.0, 32.0, 32.0, 31.05, 30.78, 30.49, 30.23, 30.16, 30.36, 30.56, 30.72, 30.84, 30.92], [31.29, 31.31, 31.33, 31.35, 32.0, 32.0, 32.0, 32.0, 32.0, 31.44, 31.15, 30.82, 30.47, 30.18, 29.85, 30.3, 30.58, 30.76, 30.89, 30.97], [31.31, 31.33, 31.36, 32.0, 32.0, 32.0, 32.0, 32.0, 31.8, 31.57, 31.46, 31.19, 30.57, 30.3, 30.25, 30.46, 30.69, 30.86, 30.97, 31.04], [31.33, 31.35, 32.29, 32.27, 32.25, 32.23, 32.19, 32.08, 31.85, 31.71, 31.52, 31.29, 30.66, 30.48, 30.61, 30.73, 30.87, 30.99, 31.07, 31.12], [32.3, 32.3, 32.29, 32.21, 32.2, 32.18, 32.16, 32.14, 31.78, 31.7, 31.57, 31.4, 30.73, 30.84, 30.88, 30.97, 31.07, 31.15, 31.2, 31.22], [32.23, 32.23, 32.23, 32.22, 32.22, 32.22, 32.21, 32.37, 31.8, 31.75, 31.66, 31.52, 30.97, 31.02, 31.08, 31.15, 31.22, 31.29, 31.32, 31.32], [32.24, 32.24, 32.24, 32.46, 32.45, 32.44, 32.44, 32.44, 32.45, 32.46, 32.48, 31.88, 31.99, 31.15, 31.22, 31.27, 31.29, 31.4, 31.46, 31.43], [32.5, 32.49, 32.49, 32.49, 32.49, 32.49, 32.49, 32.49, 32.5, 32.51, 32.52, 32.21, 32.01, 31.91, 31.81, 31.37, 31.11, 31.67, 31.62, 31.52], [32.51, 32.51, 32.51, 32.52, 32.52, 32.52, 32.53, 32.53, 32.53, 32.52, 32.55, 32.28, 32.13, 31.94, 31.86, 31.81, 31.8, 32.09, 31.73, 31.57], [32.53, 32.53, 32.53, 32.54, 32.55, 32.56, 32.57, 32.57, 32.56, 32.55, 32.43, 32.35, 32.21, 31.98, 31.92, 32.0, 32.03, 32.08, 31.68, 31.57], [32.54, 32.55, 32.55, 32.56, 32.57, 32.59, 32.6, 32.62, 32.63, 32.65, 32.51, 32.44, 32.31, 32.24, 32.14, 32.08, 32.06, 32.07, 32.06, 32.05], [32.56, 32.56, 32.57, 32.58, 32.6, 32.62, 32.64, 32.67, 32.72, 32.65, 32.68, 32.88, 32.85, 32.84, 32.22, 32.15, 32.11, 32.09, 32.08, 32.08], [32.57, 32.58, 32.59, 32.6, 32.62, 32.64, 32.67, 32.72, 32.79, 32.81, 33.04, 32.94, 32.89, 32.86, 32.28, 32.21, 32.16, 32.13, 32.11, 32.1], [32.58, 32.59, 32.6, 32.62, 32.63, 32.66, 32.69, 32.74, 32.9, 32.97, 33.01, 32.95, 32.9, 32.87, 32.33, 32.25, 32.2, 32.16, 32.14, 32.13], [32.59, 32.6, 32.61, 32.63, 32.65, 32.67, 32.7, 32.74, 32.9, 32.93, 32.94, 32.92, 32.89, 32.87, 32.35, 32.28, 32.23, 32.19, 32.17, 32.15], [32.59, 32.6, 32.62, 32.63, 32.65, 32.67, 32.7, 32.86, 32.88, 32.9, 32.91, 32.9, 32.88, 32.87, 32.36, 32.3, 32.25, 32.22, 32.19, 32.17]]}