gis_exercise/awsData/contour/temp_2023091009.json
{"header": {"refTime": "2023-09-10T09:00:00.000Z", "nx": 21, "ny": 33, "lo1": 113.509, "la1": 22.2235, "lo2": 113.5947, "la2": 22.1034, "dx": 0.0042850000000001385, "dy": 0.003753125000000024, "parameterCategory": 0, "parameterCategoryName": "Temperature", "parameterNumber": 0}, "z": [[25.26, 25.25, 25.25, 25.02, 25.02, 25.27, 25.27, 25.26, 25.27, 25.19, 25.2, 25.21, 25.41, 25.42, 25.42, 25.42, 25.48, 25.47, 25.47, 25.47], [25.26, 25.26, 25.25, 25.25, 25.03, 25.04, 25.26, 25.25, 25.25, 25.19, 25.2, 25.22, 25.42, 25.43, 25.43, 25.48, 25.47, 25.47, 25.47, 25.46], [25.26, 25.26, 25.25, 25.25, 25.02, 25.04, 25.06, 25.24, 25.21, 25.19, 25.21, 25.24, 25.44, 25.45, 25.49, 25.48, 25.47, 25.47, 25.46, 25.46], [25.27, 25.26, 25.26, 25.25, 25.24, 25.03, 25.05, 25.08, 25.1, 25.18, 25.21, 25.28, 25.48, 25.36, 25.49, 25.48, 25.47, 25.46, 25.46, 25.45], [25.27, 25.27, 25.27, 25.26, 25.25, 25.01, 25.02, 25.03, 25.02, 25.14, 25.19, 25.37, 25.5, 25.39, 25.49, 25.47, 25.46, 25.45, 25.45, 25.45], [25.28, 25.28, 25.27, 25.27, 25.26, 25.24, 25.0, 25.0, 24.98, 24.93, 25.16, 25.3, 25.41, 25.53, 25.48, 25.46, 25.44, 25.44, 25.44, 25.44], [25.32, 25.29, 25.29, 25.28, 25.27, 25.25, 25.07, 25.0, 24.98, 24.93, 24.9, 25.19, 25.49, 25.5, 25.47, 25.45, 25.43, 25.42, 25.44, 25.45], [25.33, 25.33, 25.33, 25.33, 25.32, 25.14, 25.1, 25.07, 25.06, 24.9, 24.73, 25.15, 25.16, 25.5, 25.4, 25.4, 25.4, 25.4, 25.4, 25.4], [25.27, 25.28, 25.35, 25.35, 25.36, 25.34, 25.29, 25.09, 24.94, 24.95, 24.91, 25.03, 25.08, 25.01, 25.4, 25.4, 25.4, 25.4, 25.4, 25.4], [25.5, 25.5, 25.5, 25.31, 25.34, 25.41, 25.36, 25.29, 24.82, 24.84, 25.09, 24.95, 25.0, 24.97, 25.4, 25.4, 25.4, 25.4, 25.4, 25.4], [25.5, 25.5, 25.5, 25.5, 25.5, 25.5, 25.5, 25.5, 25.36, 24.93, 24.6, 24.9, 24.94, 24.94, 25.4, 25.4, 25.4, 25.4, 25.4, 25.4], [25.5, 25.5, 25.5, 25.5, 25.5, 25.5, 25.5, 25.5, 25.5, -999.0, 24.6, 25.4, 25.4, 24.92, 25.4, 25.4, 25.4, 24.89, 24.9, 24.9], [25.5, 25.5, 25.5, 25.5, 25.5, 25.5, 25.5, 25.5, 25.5, 25.5, -999.0, 25.4, 25.4, 24.81, 25.07, 25.07, 25.08, 24.97, 24.98, 24.99], [25.5, 25.5, 25.5, 25.5, 25.5, 25.5, 25.5, 25.5, 25.5, 25.5, -999.0, 24.5, 24.5, 24.5, 24.99, 25.0, 25.01, 24.9, 24.92, 24.94], [25.5, 25.5, 25.5, 25.5, 25.5, 25.5, 25.5, 25.7, 25.7, 25.7, 25.7, 25.24, 24.5, 24.5, 24.5, 24.91, 24.94, 24.84, 24.87, 24.89], [25.5, 25.5, 25.63, 25.63, 25.63, 25.7, 25.7, 25.7, 25.7, 25.7, 24.94, 25.03, 24.91, 24.82, 24.93, 24.83, 24.88, 24.79, 24.98, 25.01], [25.63, 25.63, 25.57, 25.57, 25.7, 25.7, 25.7, 25.7, 25.7, 25.7, 25.18, 25.04, 24.88, 24.73, 24.74, 24.75, 24.84, 24.91, 24.96, 25.0], [25.57, 25.57, 25.58, 25.58, 25.7, 25.7, 25.7, 25.7, 25.7, 25.4, 25.23, 25.05, 24.87, 24.75, 24.54, 24.72, 24.85, 24.93, 24.99, 25.02], [25.58, 25.58, 25.58, 25.7, 25.7, 25.7, 25.7, 25.7, 25.59, 25.47, 25.35, 25.2, 24.99, 24.84, 24.71, 24.8, 24.9, 24.98, 25.02, 25.05], [25.58, 25.58, 25.7, 25.7, 25.7, 25.7, 25.7, 25.7, 25.59, 25.49, 25.38, 25.25, 25.06, 24.97, 24.87, 24.92, 24.99, 25.04, 25.07, 25.09], [25.7, 25.7, 25.7, 25.7, 25.7, 25.7, 25.7, 25.7, 25.51, 25.47, 25.39, 25.3, 25.12, 24.98, 25.0, 25.04, 25.09, 25.12, 25.13, 25.13], [25.7, 25.7, 25.7, 25.7, 25.7, 25.7, 25.7, 25.73, 25.49, 25.46, 25.41, 25.34, 25.18, 25.06, 25.1, 25.14, 25.18, 25.19, 25.18, 25.17], [25.7, 25.7, 25.7, 25.75, 25.75, 25.75, 25.74, 25.74, 25.74, 25.74, 25.74, 25.62, 25.48, 25.12, 25.16, 25.22, 25.27, 25.26, 25.23, 25.2], [25.76, 25.76, 25.76, 25.75, 25.75, 25.75, 25.75, 25.74, 25.74, 25.73, 25.74, 25.68, 25.49, 25.45, 25.42, 25.26, 25.35, 25.3, 25.26, 25.22], [25.76, 25.76, 25.76, 25.76, 25.76, 25.75, 25.75, 25.74, 25.73, 25.72, 25.74, 25.69, 25.67, 25.46, 25.42, 25.39, 25.29, 25.29, 25.26, 25.23], [25.76, 25.76, 25.76, 25.76, 25.76, 25.76, 25.76, 25.75, 25.74, 25.73, 25.71, 25.71, 25.68, 25.46, 25.43, 25.43, 25.4, 25.39, 25.25, 25.23], [25.77, 25.77, 25.77, 25.77, 25.77, 25.77, 25.77, 25.77, 25.76, 25.77, 25.74, 25.73, 25.71, 25.55, 25.5, 25.46, 25.44, 25.42, 25.43, 25.43], [25.77, 25.77, 25.77, 25.77, 25.77, 25.77, 25.78, 25.78, 25.79, 25.78, 25.79, 25.75, 25.71, 25.67, 25.53, 25.49, 25.47, 25.45, 25.45, 25.45], [25.77, 25.77, 25.77, 25.77, 25.78, 25.78, 25.79, 25.8, 25.82, 25.82, 25.86, 25.79, 25.73, 25.69, 25.56, 25.52, 25.49, 25.48, 25.47, 25.47], [25.77, 25.77, 25.78, 25.78, 25.78, 25.79, 25.79, 25.8, 25.77, 25.81, 25.84, 25.79, 25.74, 25.7, 25.58, 25.54, 25.51, 25.5, 25.49, 25.48], [25.77, 25.78, 25.78, 25.78, 25.78, 25.79, 25.8, 25.81, 25.76, 25.78, 25.79, 25.77, 25.73, 25.7, 25.59, 25.55, 25.53, 25.51, 25.5, 25.5], [25.78, 25.78, 25.78, 25.78, 25.79, 25.79, 25.8, 25.74, 25.75, 25.76, 25.76, 25.74, 25.72, 25.7, 25.59, 25.56, 25.54, 25.53, 25.51, 25.51]]}