gis_exercise/awsData/contour/temp_2023090905.json
{"header": {"refTime": "2023-09-09T05:00:00.000Z", "nx": 21, "ny": 33, "lo1": 113.509, "la1": 22.2235, "lo2": 113.5947, "la2": 22.1034, "dx": 0.0042850000000001385, "dy": 0.003753125000000024, "parameterCategory": 0, "parameterCategoryName": "Temperature", "parameterNumber": 0}, "z": [[25.98, 25.97, 25.97, 25.7, 25.71, 25.96, 25.96, 25.95, 25.95, 25.85, 25.88, 25.9, 26.16, 26.18, 26.19, 26.2, 26.34, 26.34, 26.33, 26.33], [25.99, 25.98, 25.97, 25.96, 25.71, 25.71, 25.94, 25.92, 25.91, 25.85, 25.88, 25.92, 26.18, 26.2, 26.21, 26.34, 26.34, 26.33, 26.33, 26.33], [25.99, 25.98, 25.98, 25.96, 25.71, 25.71, 25.73, 25.9, 25.83, 25.84, 25.89, 25.95, 26.21, 26.23, 26.35, 26.34, 26.34, 26.33, 26.33, 26.33], [26.0, 25.99, 25.99, 25.97, 25.96, 25.71, 25.72, 25.73, 25.75, 25.84, 25.91, 26.01, 26.27, 26.16, 26.35, 26.34, 26.33, 26.33, 26.33, 26.33], [26.01, 26.0, 26.0, 25.99, 25.97, 25.71, 25.71, 25.71, 25.71, 25.83, 25.9, 26.17, 26.3, 26.19, 26.35, 26.34, 26.33, 26.33, 26.32, 26.32], [26.02, 26.02, 26.01, 26.01, 25.99, 25.98, 25.71, 25.71, 25.69, 25.64, 25.95, 26.1, 26.22, 26.37, 26.34, 26.33, 26.32, 26.32, 26.32, 26.32], [26.12, 26.03, 26.03, 26.03, 26.02, 26.0, 25.85, 25.74, 25.72, 25.7, 25.67, 26.0, 26.34, 26.35, 26.33, 26.33, 26.31, 26.31, 26.32, 26.32], [26.13, 26.13, 26.13, 26.13, 26.12, 25.92, 25.88, 25.85, 25.86, 25.66, 25.47, 25.99, 26.0, 26.35, 26.3, 26.3, 26.3, 26.3, 26.3, 26.3], [26.07, 26.08, 26.15, 26.15, 26.16, 26.14, 26.09, 25.86, 25.71, 25.73, 25.68, 25.83, 25.9, 25.81, 26.3, 26.3, 26.3, 26.3, 26.3, 26.3], [26.3, 26.3, 26.3, 26.11, 26.14, 26.21, 26.16, 26.09, 25.56, 25.59, 25.91, 25.74, 25.79, 25.77, 26.3, 26.3, 26.3, 26.3, 26.3, 26.3], [26.3, 26.3, 26.3, 26.3, 26.3, 26.3, 26.3, 26.3, 26.16, 25.69, 25.3, 25.68, 25.73, 25.73, 26.3, 26.3, 26.3, 26.3, 26.3, 26.3], [26.3, 26.3, 26.3, 26.3, 26.3, 26.3, 26.3, 26.3, 26.3, -999.0, 25.3, 26.3, 26.3, 25.7, 26.3, 26.3, 26.3, 25.67, 25.69, 25.69], [26.3, 26.3, 26.3, 26.3, 26.3, 26.3, 26.3, 26.3, 26.3, 26.3, -999.0, 26.3, 26.3, 25.58, 25.9, 25.9, 25.91, 25.77, 25.79, 25.8], [26.3, 26.3, 26.3, 26.3, 26.3, 26.3, 26.3, 26.3, 26.3, 26.3, -999.0, 25.2, 25.2, 25.2, 25.8, 25.81, 25.83, 25.69, 25.72, 25.74], [26.3, 26.3, 26.3, 26.3, 26.3, 26.3, 26.3, 26.2, 26.2, 26.2, 26.2, 25.82, 25.2, 25.2, 25.2, 25.7, 25.74, 25.61, 25.65, 25.68], [26.3, 26.3, 26.24, 26.24, 26.23, 26.2, 26.2, 26.2, 26.2, 26.2, 25.57, 25.64, 25.55, 25.46, 25.56, 25.09, 25.07, 25.1, 25.4, 25.42], [26.24, 26.24, 26.26, 26.26, 26.2, 26.2, 26.2, 26.2, 26.2, 26.2, 25.77, 25.65, 25.52, 25.4, 25.29, 25.11, 25.08, 25.05, 25.04, 25.02], [26.26, 26.26, 26.26, 26.26, 26.2, 26.2, 26.2, 26.2, 26.2, 25.95, 25.81, 25.66, 25.51, 25.3, 25.21, 25.12, 25.08, 25.05, 25.03, 25.02], [26.26, 26.26, 26.26, 26.2, 26.2, 26.2, 26.2, 26.2, 26.11, 26.01, 25.84, 25.71, 25.42, 25.32, 25.13, 25.1, 25.06, 25.03, 25.02, 25.01], [26.26, 26.26, 25.97, 25.98, 26.0, 26.02, 26.05, 26.13, 26.06, 25.96, 25.84, 25.73, 25.43, 25.35, 25.07, 25.05, 25.03, 25.01, 25.0, 24.99], [25.96, 25.96, 25.97, 26.03, 26.04, 26.05, 26.07, 26.09, 25.95, 25.9, 25.83, 25.75, 25.43, 25.03, 25.02, 25.01, 24.99, 24.98, 24.98, 24.98], [26.01, 26.02, 26.02, 26.02, 26.02, 26.03, 26.03, 25.92, 25.88, 25.85, 25.81, 25.76, 25.3, 25.0, 24.99, 24.97, 24.96, 24.96, 24.96, 24.96], [26.01, 26.01, 26.01, 25.85, 25.86, 25.86, 25.87, 25.86, 25.86, 25.85, 25.84, 25.68, 25.23, 24.98, 24.97, 24.95, 24.93, 24.93, 24.94, 24.95], [25.83, 25.83, 25.83, 25.83, 25.83, 25.83, 25.83, 25.82, 25.81, 25.81, 25.8, 25.48, 25.25, 25.15, 25.07, 24.93, 24.91, 24.92, 24.93, 24.94], [25.81, 25.81, 25.81, 25.81, 25.81, 25.8, 25.8, 25.79, 25.79, 25.79, 25.78, 25.5, 25.41, 25.17, 25.08, 25.0, 24.92, 24.91, 24.93, 24.94], [25.8, 25.8, 25.8, 25.79, 25.79, 25.78, 25.77, 25.76, 25.77, 25.77, 25.59, 25.5, 25.42, 25.18, 25.1, 24.98, 24.95, 24.95, 24.93, 24.94], [25.79, 25.79, 25.78, 25.78, 25.77, 25.76, 25.74, 25.73, 25.72, 25.71, 25.53, 25.47, 25.42, 25.08, 25.04, 25.0, 24.98, 24.97, 24.97, 24.98], [25.78, 25.78, 25.77, 25.76, 25.75, 25.74, 25.72, 25.69, 25.66, 25.49, 25.46, 25.44, 25.41, 25.37, 25.06, 25.03, 25.01, 25.0, 24.99, 24.99], [25.77, 25.77, 25.76, 25.75, 25.74, 25.72, 25.7, 25.66, 25.62, 25.44, 25.41, 25.42, 25.41, 25.38, 25.09, 25.05, 25.03, 25.02, 25.01, 25.01], [25.77, 25.76, 25.75, 25.74, 25.72, 25.71, 25.68, 25.65, 25.45, 25.43, 25.42, 25.42, 25.4, 25.38, 25.11, 25.07, 25.05, 25.04, 25.03, 25.02], [25.76, 25.75, 25.74, 25.73, 25.72, 25.7, 25.68, 25.65, 25.44, 25.43, 25.42, 25.41, 25.4, 25.38, 25.12, 25.09, 25.07, 25.05, 25.04, 25.03], [25.76, 25.75, 25.74, 25.73, 25.71, 25.7, 25.68, 25.44, 25.43, 25.43, 25.42, 25.41, 25.4, 25.38, 25.12, 25.1, 25.08, 25.06, 25.05, 25.04]]}