gis_exercise/awsData/contour/temp_2023090113.json
{"header": {"refTime": "2023-09-01T13:00:00.000Z", "nx": 21, "ny": 33, "lo1": 113.509, "la1": 22.2235, "lo2": 113.5947, "la2": 22.1034, "dx": 0.0042850000000001385, "dy": 0.003753125000000024, "parameterCategory": 0, "parameterCategoryName": "Temperature", "parameterNumber": 0}, "z": [[29.75, 29.74, 29.74, 29.5, 29.5, 29.79, 29.78, 29.77, 29.77, 29.72, 29.76, 29.8, 30.16, 30.19, 30.02, 30.01, 30.28, 30.26, 30.25, 30.25], [29.75, 29.75, 29.74, 29.73, 29.5, 29.51, 29.76, 29.74, 29.73, 29.71, 29.76, 29.82, 30.18, 30.21, 30.04, 30.29, 30.27, 30.25, 30.24, 30.24], [29.76, 29.75, 29.74, 29.73, 29.5, 29.51, 29.52, 29.71, 29.63, 29.69, 29.78, 29.86, 30.22, 30.25, 30.31, 30.28, 30.25, 30.24, 30.22, 30.22], [29.77, 29.76, 29.75, 29.74, 29.73, 29.51, 29.52, 29.53, 29.55, 29.71, 29.81, 29.94, 30.29, 30.21, 30.31, 30.27, 30.23, 30.21, 30.2, 30.2], [29.78, 29.77, 29.76, 29.75, 29.74, 29.5, 29.5, 29.51, 29.5, 29.71, 29.81, 30.2, 30.32, 30.24, 30.31, 30.25, 30.2, 30.17, 30.17, 30.18], [29.79, 29.78, 29.78, 29.77, 29.76, 29.74, 29.5, 29.49, 29.48, 29.44, 29.99, 30.15, 30.26, 30.47, 30.3, 30.22, 30.14, 30.1, 30.12, 30.15], [29.88, 29.8, 29.8, 29.79, 29.78, 29.76, 29.62, 29.5, 29.49, 29.61, 29.63, 30.08, 30.51, 30.5, 30.3, 30.19, 30.05, 30.0, 29.99, 30.02], [29.89, 29.89, 29.89, 29.89, 29.88, 29.7, 29.65, 29.6, 29.61, 29.56, 29.4, 30.17, 30.18, 30.5, 30.16, 30.24, 30.08, 30.03, 30.12, 30.17], [29.81, 29.82, 29.91, 29.92, 29.92, 29.9, 29.84, 29.63, 29.47, 29.64, 29.74, 29.94, 30.04, 29.91, 30.18, 30.26, 30.18, 30.14, 30.16, 30.19], [30.1, 30.1, 30.1, 29.87, 29.9, 29.99, 29.93, 29.84, 29.37, 29.39, 30.05, 29.82, 29.89, 29.86, 30.18, 30.29, 30.24, 30.21, 30.21, 30.22], [30.1, 30.1, 30.1, 30.1, 30.1, 30.1, 30.1, 30.1, 29.92, 29.46, 29.2, 29.73, 29.8, 29.8, 30.17, 30.32, 30.28, 30.25, 30.25, 30.25], [30.1, 30.1, 30.1, 30.1, 30.1, 30.1, 30.1, 30.1, 30.1, -999.0, 29.2, 30.6, 30.6, 29.76, 30.16, 30.34, 30.32, 29.33, 29.35, 29.35], [30.1, 30.1, 30.1, 30.1, 30.1, 30.1, 30.1, 30.1, 30.1, 30.1, -999.0, 30.6, 30.6, 29.49, 29.98, 29.54, 29.54, 29.42, 29.44, 29.45], [30.1, 30.1, 30.1, 30.1, 30.1, 30.1, 30.1, 30.1, 30.1, 30.1, -999.0, 28.9, 28.9, 28.9, 29.83, 29.45, 29.47, 29.34, 29.37, 29.39], [30.1, 30.1, 30.1, 30.1, 30.1, 30.1, 30.1, 30.3, 30.3, 30.3, 30.3, 29.76, 28.9, 28.9, 28.9, 29.36, 29.39, 29.27, 29.31, 29.34], [30.1, 30.1, 30.23, 30.23, 30.23, 30.3, 30.3, 30.3, 30.3, 30.3, 29.42, 29.52, 29.38, 29.27, 29.4, 29.16, 29.2, 29.13, 29.35, 29.38], [30.23, 30.23, 30.17, 30.17, 30.3, 30.3, 30.3, 30.3, 30.3, 30.3, 29.7, 29.52, 29.34, 29.17, 29.15, 29.08, 29.14, 29.19, 29.23, 29.25], [30.17, 30.17, 30.18, 30.18, 30.3, 30.3, 30.3, 30.3, 30.3, 29.94, 29.76, 29.55, 29.33, 29.16, 28.94, 29.06, 29.15, 29.21, 29.24, 29.27], [30.18, 30.18, 30.18, 30.3, 30.3, 30.3, 30.3, 30.3, 30.17, 30.03, 29.9, 29.72, 29.41, 29.24, 29.05, 29.11, 29.19, 29.24, 29.27, 29.29], [30.18, 30.18, 30.3, 30.3, 30.3, 30.3, 30.3, 30.3, 30.17, 30.06, 29.92, 29.78, 29.47, 29.36, 29.17, 29.2, 29.25, 29.29, 29.31, 29.32], [30.3, 30.3, 30.3, 30.3, 30.3, 30.3, 30.3, 30.3, 30.08, 30.03, 29.94, 29.83, 29.53, 29.24, 29.26, 29.29, 29.32, 29.34, 29.35, 29.35], [30.3, 30.3, 30.3, 30.3, 30.3, 30.3, 30.3, 30.25, 30.06, 30.02, 29.96, 29.88, 29.58, 29.3, 29.33, 29.36, 29.39, 29.4, 29.39, 29.37], [30.3, 30.3, 30.3, 30.22, 30.23, 30.23, 30.24, 30.24, 30.24, 30.24, 30.24, 30.12, 29.8, 29.34, 29.37, 29.42, 29.46, 29.45, 29.42, 29.4], [30.21, 30.21, 30.22, 30.22, 30.22, 30.23, 30.23, 30.24, 30.25, 30.25, 30.24, 30.05, 29.82, 29.73, 29.66, 29.45, 29.54, 29.47, 29.43, 29.41], [30.21, 30.21, 30.21, 30.21, 30.22, 30.22, 30.22, 30.23, 30.25, 30.27, 30.24, 30.07, 30.0, 29.74, 29.66, 29.6, 29.45, 29.43, 29.43, 29.41], [30.21, 30.21, 30.21, 30.21, 30.21, 30.21, 30.21, 30.22, 30.24, 30.26, 30.14, 30.07, 30.01, 29.75, 29.68, 29.57, 29.54, 29.53, 29.42, 29.41], [30.2, 30.2, 30.2, 30.2, 30.2, 30.2, 30.2, 30.2, 30.2, 30.2, 30.09, 30.05, 30.01, 29.68, 29.63, 29.6, 29.57, 29.56, 29.56, 29.57], [30.2, 30.2, 30.2, 30.19, 30.19, 30.19, 30.18, 30.17, 30.16, 30.06, 30.04, 30.0, 29.96, 29.91, 29.66, 29.63, 29.6, 29.59, 29.59, 29.59], [30.19, 30.19, 30.19, 30.19, 30.18, 30.18, 30.17, 30.15, 30.13, 30.03, 30.0, 29.99, 29.96, 29.92, 29.69, 29.65, 29.63, 29.61, 29.6, 29.6], [30.19, 30.19, 30.19, 30.18, 30.18, 30.17, 30.16, 30.14, 30.01, 30.0, 30.0, 29.98, 29.96, 29.93, 29.7, 29.67, 29.65, 29.63, 29.62, 29.62], [30.19, 30.19, 30.18, 30.18, 30.17, 30.17, 30.15, 30.14, 30.0, 29.99, 29.99, 29.98, 29.96, 29.93, 29.71, 29.68, 29.66, 29.65, 29.64, 29.63], [30.19, 30.18, 30.18, 30.18, 30.17, 30.16, 30.15, 29.99, 29.99, 29.98, 29.98, 29.97, 29.95, 29.93, 29.72, 29.69, 29.67, 29.66, 29.65, 29.64]]}