gis_exercise/awsData/contour/temp_2023090704.json
{"header": {"refTime": "2023-09-07T04:00:00.000Z", "nx": 21, "ny": 33, "lo1": 113.509, "la1": 22.2235, "lo2": 113.5947, "la2": 22.1034, "dx": 0.0042850000000001385, "dy": 0.003753125000000024, "parameterCategory": 0, "parameterCategoryName": "Temperature", "parameterNumber": 0}, "z": [[28.11, 28.1, 28.09, 27.9, 27.9, 28.18, 28.17, 28.15, 28.16, 28.16, 28.22, 28.27, 28.46, 28.49, 28.5, 28.5, 28.63, 28.61, 28.6, 28.6], [28.12, 28.11, 28.1, 28.08, 27.9, 27.9, 28.14, 28.1, 28.09, 28.12, 28.22, 28.3, 28.5, 28.52, 28.53, 28.64, 28.62, 28.61, 28.6, 28.59], [28.12, 28.12, 28.11, 28.09, 27.91, 27.9, 27.9, 28.06, 27.94, 28.09, 28.24, 28.36, 28.56, 28.58, 28.68, 28.64, 28.61, 28.6, 28.58, 28.58], [28.13, 28.13, 28.12, 28.1, 28.09, 27.91, 27.91, 27.9, 27.9, 28.13, 28.29, 28.46, 28.67, 28.63, 28.68, 28.64, 28.6, 28.58, 28.57, 28.56], [28.14, 28.14, 28.13, 28.12, 28.1, 27.91, 27.91, 27.91, 27.9, 28.18, 28.32, 28.65, 28.85, 28.67, 28.68, 28.62, 28.57, 28.55, 28.55, 28.55], [28.16, 28.15, 28.15, 28.14, 28.13, 28.11, 27.92, 27.92, 27.91, 27.89, 28.38, 28.54, 28.7, 28.8, 28.65, 28.58, 28.53, 28.51, 28.52, 28.53], [28.28, 28.17, 28.17, 28.17, 28.15, 28.13, 28.07, 27.93, 27.93, 27.99, 27.99, 28.36, 28.66, 28.69, 28.6, 28.55, 28.48, 28.45, 28.51, 28.55], [28.29, 28.29, 28.29, 28.29, 28.28, 28.14, 28.1, 28.04, 28.0, 27.96, 27.89, 28.22, 28.22, 28.7, 28.4, 28.4, 28.4, 28.4, 28.4, 28.4], [28.21, 28.22, 28.31, 28.32, 28.32, 28.3, 28.24, 28.08, 27.94, 28.0, 28.03, 28.12, 28.16, 28.1, 28.4, 28.4, 28.4, 28.4, 28.4, 28.4], [28.5, 28.5, 28.5, 28.27, 28.3, 28.39, 28.33, 28.24, 27.89, 27.9, 28.16, 28.06, 28.1, 28.08, 28.4, 28.4, 28.4, 28.4, 28.4, 28.4], [28.5, 28.5, 28.5, 28.5, 28.5, 28.5, 28.5, 28.5, 28.32, 27.93, 27.8, 28.03, 28.06, 28.06, 28.4, 28.4, 28.4, 28.4, 28.4, 28.4], [28.5, 28.5, 28.5, 28.5, 28.5, 28.5, 28.5, 28.5, 28.5, -999.0, 27.8, 28.4, 28.4, 28.04, 28.4, 28.4, 28.4, 27.6, 27.62, 27.63], [28.5, 28.5, 28.5, 28.5, 28.5, 28.5, 28.5, 28.5, 28.5, 28.5, -999.0, 28.4, 28.4, 27.49, 27.89, 27.89, 27.9, 27.73, 27.75, 27.77], [28.5, 28.5, 28.5, 28.5, 28.5, 28.5, 28.5, 28.5, 28.5, 28.5, -999.0, 27.0, 27.0, 27.0, 27.77, 27.77, 27.8, 27.62, 27.66, 27.69], [28.5, 28.5, 28.5, 28.5, 28.5, 28.5, 28.5, 28.2, 28.2, 28.2, 28.2, 27.74, 27.0, 27.0, 27.0, 27.64, 27.68, 27.52, 27.57, 27.61], [28.5, 28.5, 28.31, 28.31, 28.3, 28.2, 28.2, 28.2, 28.2, 28.2, 27.44, 27.53, 27.41, 27.32, 27.43, 27.33, 27.38, 27.29, 27.61, 27.65], [28.31, 28.31, 28.39, 28.39, 28.2, 28.2, 28.2, 28.2, 28.2, 28.2, 27.68, 27.54, 27.38, 27.23, 27.24, 27.17, 27.23, 27.27, 27.31, 27.33], [28.39, 28.39, 28.38, 28.38, 28.2, 28.2, 28.2, 28.2, 28.2, 27.9, 27.73, 27.55, 27.37, 27.25, 27.04, 27.15, 27.23, 27.29, 27.32, 27.34], [28.39, 28.38, 28.38, 28.2, 28.2, 28.2, 28.2, 28.2, 28.09, 27.97, 27.8, 27.65, 27.49, 27.34, 27.14, 27.2, 27.27, 27.32, 27.35, 27.36], [28.38, 28.38, 28.03, 28.04, 28.05, 28.06, 28.09, 28.15, 28.05, 27.94, 27.81, 27.68, 27.56, 27.47, 27.25, 27.29, 27.33, 27.37, 27.38, 27.39], [28.02, 28.02, 28.03, 28.08, 28.08, 28.09, 28.1, 28.11, 27.94, 27.89, 27.8, 27.71, 27.62, 27.32, 27.34, 27.37, 27.4, 27.42, 27.42, 27.41], [28.06, 28.06, 28.06, 28.07, 28.07, 28.07, 28.07, 28.11, 27.88, 27.85, 27.8, 27.73, 27.58, 27.38, 27.41, 27.45, 27.48, 27.48, 27.46, 27.44], [28.05, 28.05, 28.05, 28.12, 28.11, 28.11, 28.1, 28.09, 28.08, 28.07, 28.08, 27.99, 27.69, 27.42, 27.46, 27.52, 27.58, 27.53, 27.48, 27.45], [28.12, 28.12, 28.12, 28.11, 28.11, 28.1, 28.08, 28.06, 28.04, 28.03, 28.05, 28.0, 27.7, 27.67, 27.64, 27.54, 27.72, 27.51, 27.47, 27.45], [28.12, 28.12, 28.12, 28.11, 28.1, 28.09, 28.08, 28.05, 28.0, 27.96, 28.02, 28.01, 28.01, 27.66, 27.63, 27.6, 27.47, 27.38, 27.44, 27.44], [28.12, 28.12, 28.12, 28.11, 28.11, 28.1, 28.08, 28.05, 28.01, 27.97, 28.0, 28.03, 28.03, 27.66, 27.63, 27.65, 27.58, 27.55, 27.44, 27.44], [28.12, 28.12, 28.12, 28.11, 28.11, 28.1, 28.09, 28.08, 28.07, 28.07, 28.06, 28.07, 28.06, 27.82, 27.75, 27.69, 27.64, 27.62, 27.62, 27.64], [28.12, 28.12, 28.12, 28.12, 28.12, 28.11, 28.11, 28.11, 28.12, 28.12, 28.14, 28.02, 27.94, 27.86, 27.79, 27.73, 27.69, 27.67, 27.66, 27.67], [28.13, 28.12, 28.12, 28.12, 28.12, 28.12, 28.13, 28.14, 28.16, 28.19, 28.22, 28.09, 27.98, 27.9, 27.82, 27.77, 27.73, 27.71, 27.7, 27.69], [28.13, 28.13, 28.13, 28.13, 28.13, 28.13, 28.14, 28.15, 28.06, 28.14, 28.18, 28.09, 28.0, 27.92, 27.85, 27.8, 27.76, 27.74, 27.72, 27.72], [28.13, 28.13, 28.13, 28.13, 28.13, 28.14, 28.15, 28.16, 28.04, 28.08, 28.09, 28.05, 27.98, 27.92, 27.87, 27.82, 27.79, 27.76, 27.75, 27.74], [28.13, 28.13, 28.13, 28.14, 28.14, 28.14, 28.15, 27.99, 28.01, 28.03, 28.03, 28.0, 27.96, 27.92, 27.87, 27.84, 27.8, 27.78, 27.77, 27.75]]}