gis_exercise/awsData/contour/temp_2023090901.json
{"header": {"refTime": "2023-09-09T01:00:00.000Z", "nx": 21, "ny": 33, "lo1": 113.509, "la1": 22.2235, "lo2": 113.5947, "la2": 22.1034, "dx": 0.0042850000000001385, "dy": 0.003753125000000024, "parameterCategory": 0, "parameterCategoryName": "Temperature", "parameterNumber": 0}, "z": [[25.9, 25.89, 25.89, 25.66, 25.67, 25.94, 25.94, 25.94, 25.95, 25.87, 25.87, 25.88, 26.13, 26.14, 26.18, 26.19, 26.27, 26.27, 26.27, 26.27], [25.9, 25.9, 25.89, 25.89, 25.67, 25.69, 25.93, 25.93, 25.94, 25.87, 25.88, 25.9, 26.14, 26.16, 26.19, 26.27, 26.27, 26.27, 26.27, 26.27], [25.9, 25.9, 25.89, 25.89, 25.67, 25.69, 25.72, 25.92, 25.91, 25.87, 25.89, 25.92, 26.17, 26.18, 26.27, 26.27, 26.27, 26.28, 26.28, 26.28], [25.9, 25.9, 25.9, 25.89, 25.89, 25.67, 25.7, 25.74, 25.78, 25.86, 25.89, 25.96, 26.2, 26.06, 26.28, 26.28, 26.28, 26.28, 26.28, 26.28], [25.91, 25.9, 25.9, 25.89, 25.89, 25.65, 25.67, 25.68, 25.67, 25.81, 25.86, 26.07, 26.2, 26.09, 26.27, 26.28, 26.28, 26.28, 26.28, 26.28], [25.91, 25.91, 25.9, 25.9, 25.89, 25.88, 25.64, 25.63, 25.61, 25.56, 25.85, 26.0, 26.12, 26.27, 26.27, 26.28, 26.28, 26.28, 26.28, 26.28], [25.92, 25.91, 25.91, 25.91, 25.9, 25.88, 25.67, 25.62, 25.59, 25.57, 25.55, 25.9, 26.24, 26.25, 26.27, 26.28, 26.29, 26.29, 26.3, 26.3], [25.93, 25.93, 25.93, 25.93, 25.92, 25.74, 25.7, 25.67, 25.67, 25.53, 25.36, 25.89, 25.9, 26.25, 26.26, 26.25, 26.27, 26.28, 26.27, 26.26], [25.87, 25.88, 25.95, 25.95, 25.96, 25.94, 25.89, 25.69, 25.54, 25.59, 25.58, 25.73, 25.8, 25.71, 26.26, 26.25, 26.26, 26.27, 26.26, 26.26], [26.1, 26.1, 26.1, 25.91, 25.94, 26.01, 25.96, 25.89, 25.42, 25.44, 25.81, 25.64, 25.69, 25.67, 26.26, 26.24, 26.25, 26.26, 26.26, 26.25], [26.1, 26.1, 26.1, 26.1, 26.1, 26.1, 26.1, 26.1, 25.96, 25.53, 25.2, 25.58, 25.63, 25.63, 26.26, 26.24, 26.25, 26.25, 26.25, 26.25], [26.1, 26.1, 26.1, 26.1, 26.1, 26.1, 26.1, 26.1, 26.1, -999.0, 25.2, 26.2, 26.2, 25.6, 26.26, 26.24, 26.24, 25.56, 25.58, 25.58], [26.1, 26.1, 26.1, 26.1, 26.1, 26.1, 26.1, 26.1, 26.1, 26.1, -999.0, 26.2, 26.2, 25.42, 25.76, 25.83, 25.84, 25.68, 25.7, 25.71], [26.1, 26.1, 26.1, 26.1, 26.1, 26.1, 26.1, 26.1, 26.1, 26.1, -999.0, 25.0, 25.0, 25.0, 25.66, 25.72, 25.74, 25.58, 25.61, 25.64], [26.1, 26.1, 26.1, 26.1, 26.1, 26.1, 26.1, 26.0, 26.0, 26.0, 26.0, 25.62, 25.0, 25.0, 25.0, 25.6, 25.63, 25.48, 25.53, 25.57], [26.1, 26.1, 26.04, 26.04, 26.03, 26.0, 26.0, 26.0, 26.0, 26.0, 25.37, 25.44, 25.35, 25.26, 25.36, 25.29, 25.34, 25.26, 25.56, 25.6], [26.04, 26.04, 26.06, 26.06, 26.0, 26.0, 26.0, 26.0, 26.0, 26.0, 25.57, 25.45, 25.32, 25.2, 25.21, 25.21, 25.28, 25.34, 25.38, 25.41], [26.06, 26.06, 26.06, 26.06, 26.0, 26.0, 26.0, 26.0, 26.0, 25.75, 25.61, 25.46, 25.31, 25.22, 25.03, 25.19, 25.29, 25.36, 25.4, 25.43], [26.06, 26.06, 26.06, 26.0, 26.0, 26.0, 26.0, 26.0, 25.91, 25.81, 25.73, 25.61, 25.42, 25.29, 25.17, 25.25, 25.33, 25.4, 25.43, 25.45], [26.06, 26.06, 26.06, 26.05, 26.05, 26.05, 26.04, 26.02, 25.92, 25.85, 25.75, 25.65, 25.48, 25.4, 25.31, 25.35, 25.41, 25.45, 25.47, 25.49], [26.06, 26.06, 26.06, 26.04, 26.04, 26.04, 26.03, 26.03, 25.87, 25.83, 25.77, 25.69, 25.53, 25.39, 25.41, 25.45, 25.49, 25.51, 25.52, 25.52], [26.05, 26.05, 26.05, 26.04, 26.04, 26.04, 26.04, 26.03, 25.86, 25.84, 25.8, 25.74, 25.61, 25.46, 25.49, 25.54, 25.57, 25.58, 25.57, 25.55], [26.05, 26.05, 26.05, 26.04, 26.04, 26.04, 26.04, 26.04, 26.05, 26.05, 26.05, 25.99, 25.85, 25.51, 25.55, 25.6, 25.65, 25.64, 25.6, 25.58], [26.04, 26.04, 26.04, 26.04, 26.04, 26.04, 26.05, 26.05, 26.06, 26.06, 26.06, 26.0, 25.86, 25.82, 25.78, 25.64, 25.73, 25.66, 25.62, 25.59], [26.04, 26.04, 26.04, 26.04, 26.04, 26.04, 26.05, 26.06, 26.07, 26.08, 26.07, 26.01, 25.98, 25.82, 25.78, 25.75, 25.65, 25.63, 25.62, 25.6], [26.04, 26.04, 26.04, 26.04, 26.04, 26.04, 26.05, 26.06, 26.07, 26.08, 26.04, 26.01, 25.99, 25.83, 25.79, 25.74, 25.72, 25.71, 25.61, 25.59], [26.04, 26.04, 26.04, 26.04, 26.04, 26.04, 26.05, 26.05, 26.05, 26.06, 26.02, 26.01, 25.99, 25.81, 25.78, 25.76, 25.74, 25.73, 25.73, 25.74], [26.04, 26.04, 26.04, 26.04, 26.04, 26.04, 26.04, 26.04, 26.04, 26.01, 26.01, 25.97, 25.94, 25.91, 25.8, 25.77, 25.76, 25.75, 25.75, 25.75], [26.04, 26.04, 26.04, 26.04, 26.04, 26.04, 26.04, 26.04, 26.03, 26.0, 25.99, 25.97, 25.95, 25.92, 25.81, 25.79, 25.77, 25.77, 25.76, 25.76], [26.04, 26.04, 26.04, 26.04, 26.04, 26.04, 26.04, 26.03, 25.98, 25.98, 25.99, 25.97, 25.95, 25.93, 25.82, 25.8, 25.79, 25.78, 25.77, 25.77], [26.04, 26.04, 26.04, 26.04, 26.04, 26.04, 26.03, 26.03, 25.97, 25.97, 25.97, 25.96, 25.95, 25.93, 25.83, 25.81, 25.8, 25.79, 25.78, 25.78], [26.04, 26.04, 26.04, 26.04, 26.03, 26.03, 26.03, 25.96, 25.96, 25.96, 25.96, 25.95, 25.94, 25.93, 25.83, 25.82, 25.8, 25.79, 25.79, 25.78]]}