gis_exercise/awsData/contour/temp_2023091111.json
{"header": {"refTime": "2023-09-11T11:00:00.000Z", "nx": 21, "ny": 33, "lo1": 113.509, "la1": 22.2235, "lo2": 113.5947, "la2": 22.1034, "dx": 0.0042850000000001385, "dy": 0.003753125000000024, "parameterCategory": 0, "parameterCategoryName": "Temperature", "parameterNumber": 0}, "z": [[27.37, 27.37, 27.37, 27.12, 27.14, 27.37, 27.38, 27.4, 27.41, 27.37, 27.36, 27.35, 27.54, 27.54, 27.28, 27.25, 27.22, 27.19, 27.18, 27.16], [27.37, 27.37, 27.37, 27.37, 27.13, 27.16, 27.39, 27.41, 27.43, 27.39, 27.37, 27.36, 27.54, 27.55, 27.29, 27.24, 27.21, 27.18, 27.16, 27.14], [27.37, 27.37, 27.37, 27.37, 27.12, 27.15, 27.21, 27.42, 27.48, 27.4, 27.37, 27.37, 27.55, 27.55, 27.29, 27.23, 27.18, 27.15, 27.13, 27.12], [27.37, 27.37, 27.37, 27.36, 27.36, 27.13, 27.17, 27.24, 27.31, 27.37, 27.35, 27.38, 27.56, 27.4, 27.3, 27.22, 27.15, 27.1, 27.09, 27.09], [27.38, 27.37, 27.37, 27.36, 27.35, 27.09, 27.11, 27.13, 27.13, 27.29, 27.31, 27.4, 27.52, 27.43, 27.29, 27.18, 27.09, 27.03, 27.03, 27.05], [27.38, 27.38, 27.37, 27.36, 27.34, 27.32, 27.04, 27.03, 27.01, 26.98, 27.23, 27.35, 27.45, 27.57, 27.27, 27.12, 26.98, 26.93, 26.96, 27.0], [27.34, 27.39, 27.38, 27.37, 27.35, 27.31, 27.05, 26.96, 26.94, 26.93, 26.94, 27.26, 27.54, 27.55, 27.23, 27.06, 26.84, 26.76, 26.78, 26.85], [27.36, 27.36, 27.36, 27.36, 27.34, 27.16, 27.08, 26.98, 26.91, 26.9, 26.81, 27.25, 27.26, 27.55, 26.94, 27.03, 26.84, 26.76, 26.88, 26.95], [27.24, 27.25, 27.4, 27.41, 27.41, 27.38, 27.28, 27.05, 26.84, 26.94, 27.01, 27.13, 27.18, 27.11, 26.96, 27.07, 26.95, 26.91, 26.93, 26.98], [27.7, 27.7, 27.7, 27.33, 27.38, 27.52, 27.42, 27.28, 26.79, 26.8, 27.19, 27.05, 27.1, 27.07, 26.96, 27.11, 27.03, 27.0, 26.99, 27.01], [27.7, 27.7, 27.7, 27.7, 27.7, 27.7, 27.7, 27.7, 27.42, 26.83, 26.7, 27.0, 27.04, 27.04, 26.95, 27.14, 27.08, 27.05, 27.04, 27.05], [27.7, 27.7, 27.7, 27.7, 27.7, 27.7, 27.7, 27.7, 27.7, -999.0, 26.7, 27.5, 27.5, 27.02, 26.94, 27.17, 27.13, 26.43, 26.43, 26.43], [27.7, 27.7, 27.7, 27.7, 27.7, 27.7, 27.7, 27.7, 27.7, 27.7, -999.0, 27.5, 27.5, 26.72, 27.06, 26.49, 26.49, 26.46, 26.46, 26.46], [27.7, 27.7, 27.7, 27.7, 27.7, 27.7, 27.7, 27.7, 27.7, 27.7, -999.0, 26.3, 26.3, 26.3, 26.96, 26.47, 26.47, 26.43, 26.44, 26.45], [27.7, 27.7, 27.7, 27.7, 27.7, 27.7, 27.7, 27.7, 27.7, 27.7, 27.7, 27.16, 26.3, 26.3, 26.3, 26.44, 26.45, 26.41, 26.42, 26.43], [27.7, 27.7, 27.7, 27.7, 27.7, 27.7, 27.7, 27.7, 27.7, 27.7, 26.82, 26.92, 26.78, 26.67, 26.8, 26.26, 26.26, 26.27, 26.35, 26.35], [27.7, 27.7, 27.7, 27.7, 27.7, 27.7, 27.7, 27.7, 27.7, 27.7, 27.1, 26.92, 26.74, 26.57, 26.46, 26.35, 26.37, 26.39, 26.4, 26.41], [27.7, 27.7, 27.7, 27.7, 27.7, 27.7, 27.7, 27.7, 27.7, 27.34, 27.16, 26.95, 26.73, 26.47, 26.32, 26.35, 26.38, 26.39, 26.41, 26.42], [27.7, 27.7, 27.7, 27.7, 27.7, 27.7, 27.7, 27.7, 27.57, 27.43, 27.07, 26.89, 26.67, 26.52, 26.34, 26.36, 26.39, 26.4, 26.41, 26.42], [27.7, 27.7, 27.01, 27.05, 27.09, 27.16, 27.25, 27.5, 27.44, 27.25, 27.06, 26.9, 26.7, 26.58, 26.38, 26.39, 26.4, 26.41, 26.42, 26.43], [26.97, 26.99, 27.01, 27.2, 27.23, 27.26, 27.31, 27.36, 27.2, 27.11, 26.99, 26.89, 26.71, 26.4, 26.4, 26.41, 26.42, 26.43, 26.44, 26.44], [27.14, 27.15, 27.15, 27.16, 27.17, 27.18, 27.19, 27.14, 27.03, 26.97, 26.91, 26.85, 26.33, 26.41, 26.42, 26.42, 26.42, 26.43, 26.45, 26.45], [27.12, 27.12, 27.12, 27.06, 27.06, 27.05, 27.04, 27.01, 26.98, 26.95, 26.95, 26.77, 26.49, 26.43, 26.43, 26.42, 26.41, 26.44, 26.47, 26.47], [27.04, 27.04, 27.03, 27.03, 27.01, 26.99, 26.96, 26.9, 26.83, 26.8, 26.84, 26.53, 26.49, 26.49, 26.48, 26.43, 26.33, 26.5, 26.5, 26.49], [27.02, 27.02, 27.01, 27.0, 26.98, 26.95, 26.9, 26.83, 26.71, 26.62, 26.75, 26.54, 26.52, 26.49, 26.49, 26.49, 26.53, 26.61, 26.53, 26.5], [27.01, 27.0, 26.99, 26.97, 26.95, 26.92, 26.88, 26.81, 26.71, 26.63, 26.56, 26.57, 26.55, 26.5, 26.5, 26.57, 26.58, 26.6, 26.52, 26.5], [27.0, 26.99, 26.98, 26.96, 26.94, 26.91, 26.87, 26.83, 26.78, 26.77, 26.62, 26.62, 26.59, 26.64, 26.61, 26.6, 26.59, 26.59, 26.59, 26.59], [26.99, 26.98, 26.97, 26.95, 26.93, 26.91, 26.88, 26.85, 26.84, 26.69, 26.71, 26.77, 26.76, 26.75, 26.64, 26.62, 26.61, 26.6, 26.6, 26.6], [26.98, 26.97, 26.96, 26.94, 26.93, 26.91, 26.89, 26.87, 26.87, 26.77, 26.86, 26.81, 26.78, 26.76, 26.66, 26.63, 26.62, 26.61, 26.61, 26.6], [26.98, 26.97, 26.96, 26.94, 26.93, 26.91, 26.9, 26.89, 26.78, 26.82, 26.84, 26.81, 26.78, 26.77, 26.67, 26.65, 26.63, 26.62, 26.62, 26.61], [26.97, 26.96, 26.95, 26.94, 26.93, 26.92, 26.91, 26.9, 26.78, 26.8, 26.81, 26.8, 26.78, 26.77, 26.68, 26.66, 26.64, 26.63, 26.62, 26.62], [26.97, 26.96, 26.95, 26.94, 26.93, 26.92, 26.92, 26.76, 26.77, 26.78, 26.79, 26.78, 26.78, 26.77, 26.68, 26.66, 26.65, 26.64, 26.63, 26.63]]}