gis_exercise/awsData/contour/temp_2023091221.json
{"header": {"refTime": "2023-09-12T21:00:00.000Z", "nx": 21, "ny": 33, "lo1": 113.509, "la1": 22.2235, "lo2": 113.5947, "la2": 22.1034, "dx": 0.0042850000000001385, "dy": 0.003753125000000024, "parameterCategory": 0, "parameterCategoryName": "Temperature", "parameterNumber": 0}, "z": [[26.95, 26.95, 26.94, 26.61, 26.62, 26.85, 26.85, 26.86, 26.87, 26.77, 26.76, 26.75, 26.94, 26.94, 26.94, 26.94, 26.94, 26.94, 26.93, 26.93], [26.96, 26.95, 26.95, 26.94, 26.62, 26.64, 26.85, 26.86, 26.87, 26.79, 26.77, 26.76, 26.94, 26.95, 26.94, 26.94, 26.94, 26.93, 26.93, 26.93], [26.96, 26.96, 26.95, 26.94, 26.61, 26.64, 26.68, 26.87, 26.89, 26.8, 26.77, 26.77, 26.95, 26.95, 26.95, 26.94, 26.94, 26.93, 26.93, 26.93], [26.97, 26.96, 26.96, 26.94, 26.93, 26.62, 26.65, 26.7, 26.75, 26.77, 26.75, 26.78, 26.96, 26.8, 26.95, 26.94, 26.93, 26.93, 26.93, 26.93], [26.98, 26.97, 26.96, 26.95, 26.94, 26.59, 26.61, 26.62, 26.62, 26.69, 26.71, 26.8, 26.92, 26.83, 26.95, 26.94, 26.93, 26.93, 26.92, 26.92], [26.99, 26.99, 26.98, 26.97, 26.95, 26.92, 26.57, 26.56, 26.54, 26.49, 26.63, 26.75, 26.85, 26.97, 26.94, 26.93, 26.92, 26.92, 26.92, 26.92], [27.04, 27.0, 27.0, 26.99, 26.97, 26.93, 26.67, 26.54, 26.51, 26.43, 26.4, 26.66, 26.94, 26.95, 26.93, 26.93, 26.91, 26.91, 26.92, 26.92], [27.06, 27.06, 27.06, 27.06, 27.04, 26.79, 26.71, 26.63, 26.56, 26.4, 26.23, 26.65, 26.66, 26.95, 26.9, 26.9, 26.9, 26.9, 26.9, 26.9], [26.94, 26.95, 27.1, 27.11, 27.11, 27.08, 26.98, 26.68, 26.44, 26.45, 26.41, 26.53, 26.58, 26.51, 26.9, 26.9, 26.9, 26.9, 26.9, 26.9], [27.4, 27.4, 27.4, 27.03, 27.08, 27.22, 27.12, 26.98, 26.32, 26.34, 26.59, 26.45, 26.5, 26.47, 26.9, 26.9, 26.9, 26.9, 26.9, 26.9], [27.4, 27.4, 27.4, 27.4, 27.4, 27.4, 27.4, 27.4, 27.12, 26.43, 26.1, 26.4, 26.44, 26.44, 26.9, 26.9, 26.9, 26.9, 26.9, 26.9], [27.4, 27.4, 27.4, 27.4, 27.4, 27.4, 27.4, 27.4, 27.4, -999.0, 26.1, 26.9, 26.9, 26.42, 26.9, 26.9, 26.9, 26.45, 26.46, 26.46], [27.4, 27.4, 27.4, 27.4, 27.4, 27.4, 27.4, 27.4, 27.4, 27.4, -999.0, 26.9, 26.9, 26.38, 26.61, 26.61, 26.61, 26.52, 26.53, 26.54], [27.4, 27.4, 27.4, 27.4, 27.4, 27.4, 27.4, 27.4, 27.4, 27.4, -999.0, 26.1, 26.1, 26.1, 26.54, 26.54, 26.55, 26.45, 26.48, 26.49], [27.4, 27.4, 27.4, 27.4, 27.4, 27.4, 27.4, 27.5, 27.5, 27.5, 27.5, 26.96, 26.1, 26.1, 26.1, 26.47, 26.49, 26.4, 26.43, 26.45], [27.4, 27.4, 27.46, 27.46, 27.47, 27.5, 27.5, 27.5, 27.5, 27.5, 26.62, 26.72, 26.58, 26.47, 26.6, 26.36, 26.4, 26.33, 26.5, 26.53], [27.46, 27.46, 27.44, 27.44, 27.5, 27.5, 27.5, 27.5, 27.5, 27.5, 26.9, 26.72, 26.54, 26.37, 26.35, 26.31, 26.38, 26.44, 26.48, 26.51], [27.44, 27.44, 27.44, 27.44, 27.5, 27.5, 27.5, 27.5, 27.5, 27.14, 26.96, 26.75, 26.53, 26.36, 26.14, 26.28, 26.39, 26.46, 26.5, 26.53], [27.44, 27.44, 27.44, 27.5, 27.5, 27.5, 27.5, 27.5, 27.37, 27.23, 27.04, 26.86, 26.61, 26.44, 26.27, 26.34, 26.43, 26.49, 26.53, 26.55], [27.44, 27.44, 27.33, 27.34, 27.35, 27.36, 27.39, 27.45, 27.34, 27.21, 27.06, 26.91, 26.67, 26.56, 26.41, 26.45, 26.5, 26.55, 26.57, 26.58], [27.32, 27.32, 27.33, 27.38, 27.38, 27.39, 27.4, 27.41, 27.21, 27.15, 27.05, 26.94, 26.73, 26.49, 26.51, 26.54, 26.58, 26.61, 26.62, 26.62], [27.36, 27.36, 27.36, 27.37, 27.37, 27.37, 27.37, 27.4, 27.15, 27.11, 27.05, 26.97, 26.68, 26.56, 26.59, 26.63, 26.66, 26.67, 26.66, 26.65], [27.35, 27.35, 27.35, 27.39, 27.39, 27.38, 27.38, 27.37, 27.36, 27.35, 27.35, 27.18, 26.95, 26.61, 26.64, 26.69, 26.72, 26.72, 26.7, 26.68], [27.39, 27.39, 27.39, 27.39, 27.38, 27.37, 27.36, 27.34, 27.32, 27.31, 27.33, 27.18, 26.96, 26.91, 26.87, 26.72, 26.78, 26.76, 26.73, 26.7], [27.39, 27.39, 27.39, 27.38, 27.38, 27.37, 27.35, 27.33, 27.28, 27.25, 27.3, 27.2, 27.16, 26.92, 26.88, 26.85, 26.76, 26.77, 26.73, 26.7], [27.39, 27.39, 27.39, 27.38, 27.37, 27.37, 27.35, 27.33, 27.29, 27.26, 27.23, 27.22, 27.19, 26.93, 26.89, 26.91, 26.87, 26.87, 26.72, 26.7], [27.39, 27.39, 27.39, 27.38, 27.38, 27.37, 27.36, 27.35, 27.34, 27.33, 27.27, 27.26, 27.22, 27.05, 26.99, 26.94, 26.91, 26.9, 26.9, 26.91], [27.39, 27.39, 27.39, 27.38, 27.38, 27.38, 27.37, 27.37, 27.38, 27.33, 27.34, 27.31, 27.26, 27.21, 27.03, 26.98, 26.95, 26.94, 26.93, 26.93], [27.39, 27.39, 27.39, 27.39, 27.38, 27.38, 27.39, 27.39, 27.41, 27.39, 27.45, 27.36, 27.29, 27.23, 27.06, 27.02, 26.98, 26.97, 26.96, 26.95], [27.39, 27.39, 27.39, 27.39, 27.39, 27.39, 27.39, 27.4, 27.34, 27.39, 27.42, 27.36, 27.3, 27.24, 27.09, 27.04, 27.01, 26.99, 26.98, 26.97], [27.39, 27.39, 27.39, 27.39, 27.39, 27.39, 27.4, 27.41, 27.32, 27.35, 27.35, 27.33, 27.29, 27.25, 27.1, 27.06, 27.03, 27.01, 27.0, 26.99], [27.39, 27.39, 27.39, 27.39, 27.4, 27.4, 27.4, 27.29, 27.3, 27.32, 27.32, 27.3, 27.27, 27.24, 27.11, 27.07, 27.05, 27.03, 27.01, 27.0]]}