gis_exercise/awsData/contour/temp_2023083114.json
{"header": {"refTime": "2023-08-31T14:00:00.000Z", "nx": 21, "ny": 33, "lo1": 113.509, "la1": 22.2235, "lo2": 113.5947, "la2": 22.1034, "dx": 0.0042850000000001385, "dy": 0.003753125000000024, "parameterCategory": 0, "parameterCategoryName": "Temperature", "parameterNumber": 0}, "z": [[30.83, 30.81, 30.8, 30.5, 30.49, 30.78, 30.76, 30.73, 30.73, 30.64, 30.69, 30.75, 31.05, 31.09, 31.2, 31.22, 31.48, 31.48, 31.49, 31.49], [30.83, 30.82, 30.81, 30.78, 30.5, 30.49, 30.73, 30.67, 30.64, 30.6, 30.7, 30.78, 31.09, 31.12, 31.23, 31.48, 31.48, 31.49, 31.49, 31.49], [30.85, 30.83, 30.82, 30.8, 30.5, 30.49, 30.48, 30.63, 30.46, 30.57, 30.72, 30.84, 31.15, 31.18, 31.48, 31.48, 31.49, 31.49, 31.5, 31.5], [30.86, 30.85, 30.84, 30.82, 30.79, 30.51, 30.49, 30.47, 30.45, 30.61, 30.76, 30.94, 31.25, 31.2, 31.48, 31.49, 31.49, 31.5, 31.5, 31.5], [30.88, 30.87, 30.86, 30.85, 30.83, 30.52, 30.52, 30.51, 30.49, 30.66, 30.79, 31.21, 31.38, 31.24, 31.48, 31.49, 31.51, 31.51, 31.51, 31.51], [30.9, 30.89, 30.89, 30.88, 30.87, 30.85, 30.56, 30.56, 30.54, 30.49, 30.95, 31.12, 31.27, 31.43, 31.47, 31.5, 31.52, 31.53, 31.53, 31.52], [31.12, 30.92, 30.92, 30.92, 30.91, 30.9, 30.82, 30.64, 30.63, 30.66, 30.62, 30.99, 31.39, 31.4, 31.47, 31.5, 31.55, 31.57, 31.58, 31.58], [31.13, 31.13, 31.13, 31.13, 31.12, 30.89, 30.86, 30.83, 30.84, 30.61, 30.38, 30.96, 30.97, 31.4, 31.49, 31.46, 31.52, 31.55, 31.51, 31.48], [31.07, 31.08, 31.15, 31.15, 31.16, 31.14, 31.09, 30.84, 30.68, 30.69, 30.62, 30.78, 30.86, 30.76, 31.48, 31.44, 31.48, 31.5, 31.49, 31.47], [31.3, 31.3, 31.3, 31.11, 31.14, 31.21, 31.16, 31.09, 30.5, 30.54, 30.87, 30.68, 30.74, 30.72, 31.48, 31.43, 31.46, 31.47, 31.47, 31.46], [31.3, 31.3, 31.3, 31.3, 31.3, 31.3, 31.3, 31.3, 31.16, 30.66, 30.2, 30.62, 30.67, 30.67, 31.48, 31.42, 31.44, 31.45, 31.45, 31.45], [31.3, 31.3, 31.3, 31.3, 31.3, 31.3, 31.3, 31.3, 31.3, -999.0, 30.2, 31.3, 31.3, 30.64, 31.49, 31.41, 31.42, 30.8, 30.82, 30.83], [31.3, 31.3, 31.3, 31.3, 31.3, 31.3, 31.3, 31.3, 31.3, 31.3, -999.0, 31.3, 31.3, 30.58, 30.9, 31.09, 31.1, 30.93, 30.95, 30.97], [31.3, 31.3, 31.3, 31.3, 31.3, 31.3, 31.3, 31.3, 31.3, 31.3, -999.0, 30.2, 30.2, 30.2, 30.8, 30.97, 31.0, 30.82, 30.86, 30.89], [31.3, 31.3, 31.3, 31.3, 31.3, 31.3, 31.3, 31.4, 31.4, 31.4, 31.4, 30.94, 30.2, 30.2, 30.2, 30.84, 30.88, 30.72, 30.77, 30.81], [31.3, 31.3, 31.36, 31.36, 31.37, 31.4, 31.4, 31.4, 31.4, 31.4, 30.64, 30.73, 30.61, 30.52, 30.63, 30.24, 30.24, 30.23, 30.59, 30.62], [31.36, 31.36, 31.34, 31.34, 31.4, 31.4, 31.4, 31.4, 31.4, 31.4, 30.88, 30.74, 30.58, 30.43, 30.35, 30.26, 30.28, 30.29, 30.31, 30.32], [31.34, 31.34, 31.34, 31.34, 31.4, 31.4, 31.4, 31.4, 31.4, 31.1, 30.93, 30.75, 30.57, 30.37, 30.22, 30.25, 30.28, 30.3, 30.31, 30.32], [31.34, 31.34, 31.34, 31.4, 31.4, 31.4, 31.4, 31.4, 31.29, 31.17, 30.96, 30.81, 30.55, 30.42, 30.25, 30.27, 30.29, 30.31, 30.32, 30.33], [31.34, 31.34, 31.11, 31.13, 31.15, 31.17, 31.21, 31.32, 31.23, 31.11, 30.97, 30.84, 30.58, 30.48, 30.28, 30.3, 30.31, 30.32, 30.33, 30.34], [31.1, 31.1, 31.11, 31.19, 31.2, 31.22, 31.24, 31.26, 31.1, 31.03, 30.95, 30.85, 30.6, 30.31, 30.31, 30.32, 30.33, 30.34, 30.34, 30.35], [31.17, 31.17, 31.17, 31.18, 31.18, 31.18, 31.19, 31.24, 31.01, 30.98, 30.92, 30.86, 30.46, 30.33, 30.33, 30.34, 30.35, 30.35, 30.36, 30.36], [31.16, 31.16, 31.16, 31.24, 31.24, 31.23, 31.22, 31.2, 31.18, 31.17, 31.18, 30.89, 30.58, 30.34, 30.35, 30.35, 30.35, 30.37, 30.37, 30.37], [31.25, 31.25, 31.24, 31.24, 31.23, 31.21, 31.19, 31.16, 31.12, 31.1, 31.13, 30.9, 30.59, 30.54, 30.49, 30.36, 30.34, 30.39, 30.39, 30.38], [31.25, 31.25, 31.24, 31.23, 31.22, 31.2, 31.18, 31.13, 31.06, 30.99, 31.09, 30.93, 30.89, 30.55, 30.5, 30.46, 30.4, 30.43, 30.4, 30.38], [31.25, 31.24, 31.24, 31.23, 31.22, 31.21, 31.18, 31.14, 31.07, 31.01, 30.98, 30.98, 30.94, 30.56, 30.51, 30.57, 30.53, 30.52, 30.39, 30.38], [31.25, 31.25, 31.24, 31.24, 31.23, 31.22, 31.2, 31.18, 31.16, 31.16, 31.06, 31.05, 31.0, 30.79, 30.7, 30.63, 30.59, 30.57, 30.57, 30.58], [31.25, 31.25, 31.24, 31.24, 31.24, 31.23, 31.23, 31.23, 31.24, 31.17, 31.2, 31.17, 31.1, 31.03, 30.76, 30.69, 30.65, 30.62, 30.61, 30.61], [31.25, 31.25, 31.25, 31.25, 31.25, 31.25, 31.25, 31.27, 31.3, 31.29, 31.41, 31.26, 31.15, 31.07, 30.82, 30.74, 30.7, 30.67, 30.65, 30.64], [31.26, 31.25, 31.25, 31.25, 31.26, 31.26, 31.27, 31.29, 31.22, 31.31, 31.36, 31.26, 31.17, 31.09, 30.85, 30.79, 30.74, 30.7, 30.68, 30.67], [31.26, 31.26, 31.26, 31.26, 31.26, 31.27, 31.28, 31.3, 31.2, 31.24, 31.26, 31.22, 31.15, 31.1, 30.88, 30.81, 30.77, 30.73, 30.71, 30.7], [31.26, 31.26, 31.26, 31.26, 31.27, 31.27, 31.28, 31.15, 31.17, 31.19, 31.2, 31.17, 31.13, 31.09, 30.89, 30.83, 30.79, 30.76, 30.74, 30.72]]}