gis_exercise/awsData/contour/temp_2023091213.json
{"header": {"refTime": "2023-09-12T13:00:00.000Z", "nx": 21, "ny": 33, "lo1": 113.509, "la1": 22.2235, "lo2": 113.5947, "la2": 22.1034, "dx": 0.0042850000000001385, "dy": 0.003753125000000024, "parameterCategory": 0, "parameterCategoryName": "Temperature", "parameterNumber": 0}, "z": [[29.49, 29.5, 29.51, 29.49, 29.52, 29.62, 29.67, 29.73, 29.76, 29.94, 29.9, 29.86, 30.0, 29.99, 29.45, 29.39, 29.34, 29.3, 29.28, 29.26], [29.48, 29.49, 29.5, 29.52, 29.51, 29.57, 29.7, 29.8, 29.87, 29.98, 29.91, 29.85, 29.98, 29.97, 29.43, 29.37, 29.31, 29.27, 29.24, 29.23], [29.47, 29.47, 29.48, 29.5, 29.49, 29.55, 29.65, 29.86, 30.12, 30.01, 29.9, 29.83, 29.95, 29.95, 29.43, 29.35, 29.28, 29.22, 29.19, 29.18], [29.45, 29.46, 29.46, 29.47, 29.49, 29.49, 29.57, 29.71, 29.84, 29.95, 29.85, 29.79, 29.89, 29.78, 29.44, 29.32, 29.22, 29.15, 29.13, 29.13], [29.44, 29.44, 29.44, 29.44, 29.44, 29.39, 29.43, 29.48, 29.52, 29.85, 29.79, 29.76, 29.73, 29.77, 29.43, 29.27, 29.12, 29.04, 29.03, 29.06], [29.43, 29.43, 29.42, 29.41, 29.38, 29.35, 29.27, 29.24, 29.26, 29.32, 29.76, 29.78, 29.77, 29.87, 29.42, 29.19, 28.96, 28.86, 28.91, 28.99], [29.12, 29.42, 29.41, 29.39, 29.35, 29.28, 29.0, 29.0, 28.98, 29.26, 29.46, 29.83, 29.98, 29.96, 29.4, 29.1, 28.72, 28.58, 28.56, 28.65], [29.14, 29.15, 29.15, 29.15, 29.12, 29.14, 29.02, 28.79, 28.63, 29.25, 29.49, 29.98, 29.99, 29.95, 29.01, 29.21, 28.8, 28.65, 28.88, 29.04], [28.96, 28.97, 29.2, 29.22, 29.23, 29.18, 29.02, 28.95, 28.75, 29.25, 29.77, 29.87, 29.92, 29.86, 29.06, 29.29, 29.05, 28.95, 29.0, 29.09], [29.7, 29.7, 29.7, 29.09, 29.18, 29.4, 29.25, 29.02, 29.03, 28.96, 29.93, 29.81, 29.85, 29.83, 29.06, 29.37, 29.22, 29.13, 29.13, 29.17], [29.7, 29.7, 29.7, 29.7, 29.7, 29.7, 29.7, 29.7, 29.24, 28.78, 29.5, 29.77, 29.8, 29.8, 29.04, 29.43, 29.32, 29.25, 29.24, 29.25], [29.7, 29.7, 29.7, 29.7, 29.7, 29.7, 29.7, 29.7, 29.7, -999.0, 29.5, 30.2, 30.2, 29.78, 29.02, 29.5, 29.43, 28.3, 28.3, 28.3], [29.7, 29.7, 29.7, 29.7, 29.7, 29.7, 29.7, 29.7, 29.7, 29.7, -999.0, 30.2, 30.2, 28.96, 29.51, 28.3, 28.3, 28.3, 28.3, 28.3], [29.7, 29.7, 29.7, 29.7, 29.7, 29.7, 29.7, 29.7, 29.7, 29.7, -999.0, 28.3, 28.3, 28.3, 29.34, 28.3, 28.3, 28.3, 28.3, 28.3], [29.7, 29.7, 29.7, 29.7, 29.7, 29.7, 29.7, 29.4, 29.4, 29.4, 29.4, 28.98, 28.3, 28.3, 28.3, 28.3, 28.3, 28.3, 28.3, 28.3], [29.7, 29.7, 29.51, 29.51, 29.5, 29.4, 29.4, 29.4, 29.4, 29.4, 28.71, 28.79, 28.68, 28.59, 28.69, 28.19, 28.17, 28.2, 28.22, 28.21], [29.51, 29.51, 29.59, 29.59, 29.4, 29.4, 29.4, 29.4, 29.4, 29.4, 28.93, 28.79, 28.65, 28.51, 28.4, 28.58, 28.68, 28.76, 28.82, 28.86], [29.59, 29.59, 29.58, 29.58, 29.4, 29.4, 29.4, 29.4, 29.4, 29.12, 28.97, 28.81, 28.64, 28.41, 28.31, 28.54, 28.68, 28.78, 28.84, 28.88], [29.59, 29.58, 29.58, 29.4, 29.4, 29.4, 29.4, 29.4, 29.3, 29.19, 29.12, 28.98, 28.55, 28.44, 28.52, 28.62, 28.73, 28.82, 28.88, 28.92], [29.58, 29.58, 29.51, 29.51, 29.5, 29.49, 29.47, 29.43, 29.32, 29.25, 29.15, 29.03, 28.56, 28.47, 28.69, 28.74, 28.82, 28.88, 28.93, 28.96], [29.52, 29.52, 29.52, 29.48, 29.48, 29.47, 29.47, 29.46, 29.28, 29.24, 29.17, 29.09, 28.56, 28.8, 28.81, 28.85, 28.89, 28.94, 28.98, 29.01], [29.49, 29.49, 29.49, 29.49, 29.49, 29.49, 29.48, 29.66, 29.28, 29.26, 29.21, 29.14, 28.63, 28.88, 28.9, 28.91, 28.94, 28.99, 29.05, 29.07], [29.5, 29.5, 29.5, 29.75, 29.74, 29.73, 29.72, 29.71, 29.7, 29.71, 29.73, 29.12, 29.36, 28.95, 28.96, 28.94, 28.88, 29.02, 29.13, 29.14], [29.79, 29.79, 29.78, 29.77, 29.77, 29.76, 29.75, 29.74, 29.72, 29.72, 29.75, 29.43, 29.38, 29.33, 29.26, 28.99, 28.56, 29.28, 29.29, 29.22], [29.8, 29.8, 29.8, 29.8, 29.79, 29.79, 29.78, 29.76, 29.71, 29.67, 29.75, 29.5, 29.37, 29.35, 29.32, 29.3, 29.44, 29.78, 29.41, 29.28], [29.82, 29.82, 29.82, 29.82, 29.82, 29.82, 29.82, 29.8, 29.75, 29.7, 29.63, 29.58, 29.46, 29.38, 29.37, 29.53, 29.6, 29.66, 29.37, 29.28], [29.83, 29.84, 29.84, 29.84, 29.85, 29.86, 29.86, 29.87, 29.87, 29.89, 29.75, 29.7, 29.57, 29.73, 29.65, 29.61, 29.61, 29.62, 29.61, 29.6], [29.85, 29.85, 29.86, 29.87, 29.88, 29.89, 29.91, 29.95, 30.0, 29.94, 29.98, 30.25, 30.25, 30.26, 29.72, 29.67, 29.64, 29.63, 29.62, 29.62], [29.86, 29.87, 29.88, 29.89, 29.9, 29.93, 29.96, 30.01, 30.09, 30.14, 30.43, 30.33, 30.28, 30.28, 29.78, 29.72, 29.68, 29.66, 29.64, 29.63], [29.87, 29.88, 29.89, 29.9, 29.92, 29.95, 29.99, 30.04, 30.27, 30.35, 30.4, 30.34, 30.3, 30.29, 29.82, 29.76, 29.71, 29.68, 29.67, 29.65], [29.88, 29.89, 29.9, 29.92, 29.94, 29.96, 30.0, 30.05, 30.27, 30.31, 30.33, 30.32, 30.3, 30.29, 29.84, 29.78, 29.74, 29.71, 29.69, 29.67], [29.89, 29.9, 29.91, 29.93, 29.95, 29.97, 30.0, 30.24, 30.26, 30.29, 30.3, 30.3, 30.29, 30.29, 29.85, 29.8, 29.76, 29.73, 29.71, 29.69]]}