gis_exercise/awsData/contour/temp_2023090123.json
{"header": {"refTime": "2023-09-01T23:00:00.000Z", "nx": 21, "ny": 33, "lo1": 113.509, "la1": 22.2235, "lo2": 113.5947, "la2": 22.1034, "dx": 0.0042850000000001385, "dy": 0.003753125000000024, "parameterCategory": 0, "parameterCategoryName": "Temperature", "parameterNumber": 0}, "z": [[24.93, 24.92, 24.92, 24.71, 24.72, 25.08, 25.07, 25.07, 25.08, 25.06, 25.1, 25.14, 25.32, 25.34, 25.4, 25.39, 25.41, 25.39, 25.38, 25.38], [24.93, 24.93, 24.92, 24.92, 24.72, 24.74, 25.05, 25.04, 25.03, 25.03, 25.1, 25.17, 25.36, 25.38, 25.43, 25.43, 25.41, 25.39, 25.38, 25.37], [24.93, 24.93, 24.92, 24.92, 24.72, 24.73, 24.76, 25.01, 24.93, 25.01, 25.12, 25.23, 25.42, 25.43, 25.47, 25.43, 25.4, 25.38, 25.37, 25.36], [24.94, 24.93, 24.93, 24.92, 24.91, 24.72, 24.74, 24.77, 24.8, 25.03, 25.16, 25.32, 25.53, 25.4, 25.48, 25.42, 25.38, 25.36, 25.35, 25.35], [24.94, 24.94, 24.93, 24.93, 24.91, 24.7, 24.71, 24.72, 24.72, 25.04, 25.17, 25.43, 25.7, 25.46, 25.47, 25.4, 25.36, 25.33, 25.33, 25.33], [24.95, 24.94, 24.94, 24.93, 24.92, 24.9, 24.69, 24.68, 24.67, 24.64, 25.08, 25.29, 25.5, 25.6, 25.43, 25.37, 25.32, 25.3, 25.3, 25.31], [24.98, 24.95, 24.95, 24.95, 24.93, 24.91, 24.75, 24.67, 24.65, 24.62, 24.61, 25.04, 25.39, 25.44, 25.37, 25.33, 25.27, 25.24, 25.33, 25.37], [24.99, 24.99, 24.99, 24.99, 24.98, 24.82, 24.77, 24.72, 24.68, 24.6, 24.49, 24.82, 24.82, 25.45, 25.13, 25.1, 25.15, 25.16, 25.14, 25.12], [24.91, 24.92, 25.01, 25.02, 25.02, 25.0, 24.94, 24.75, 24.6, 24.64, 24.63, 24.72, 24.76, 24.7, 25.12, 25.1, 25.12, 25.13, 25.13, 25.12], [25.2, 25.2, 25.2, 24.97, 25.0, 25.09, 25.03, 24.94, 24.53, 24.55, 24.76, 24.66, 24.7, 24.68, 25.12, 25.09, 25.1, 25.11, 25.11, 25.11], [25.2, 25.2, 25.2, 25.2, 25.2, 25.2, 25.2, 25.2, 25.02, 24.6, 24.4, 24.63, 24.66, 24.66, 25.12, 25.08, 25.09, 25.1, 25.1, 25.1], [25.2, 25.2, 25.2, 25.2, 25.2, 25.2, 25.2, 25.2, 25.2, -999.0, 24.4, 25.0, 25.0, 24.64, 25.12, 25.07, 25.08, 24.57, 24.59, 24.59], [25.2, 25.2, 25.2, 25.2, 25.2, 25.2, 25.2, 25.2, 25.2, 25.2, -999.0, 25.0, 25.0, 24.41, 24.67, 24.8, 24.81, 24.67, 24.69, 24.7], [25.2, 25.2, 25.2, 25.2, 25.2, 25.2, 25.2, 25.2, 25.2, 25.2, -999.0, 24.1, 24.1, 24.1, 24.59, 24.71, 24.73, 24.59, 24.62, 24.64], [25.2, 25.2, 25.2, 25.2, 25.2, 25.2, 25.2, 25.3, 25.3, 25.3, 25.3, 24.84, 24.1, 24.1, 24.1, 24.6, 24.64, 24.51, 24.55, 24.58], [25.2, 25.2, 25.26, 25.26, 25.27, 25.3, 25.3, 25.3, 25.3, 25.3, 24.54, 24.63, 24.51, 24.42, 24.53, 24.06, 24.06, 24.07, 24.36, 24.38], [25.26, 25.26, 25.24, 25.24, 25.3, 25.3, 25.3, 25.3, 25.3, 25.3, 24.78, 24.64, 24.48, 24.33, 24.23, 24.11, 24.12, 24.12, 24.12, 24.13], [25.24, 25.24, 25.24, 25.24, 25.3, 25.3, 25.3, 25.3, 25.3, 25.0, 24.83, 24.65, 24.47, 24.25, 24.12, 24.11, 24.12, 24.12, 24.12, 24.13], [25.24, 25.24, 25.24, 25.3, 25.3, 25.3, 25.3, 25.3, 25.19, 25.07, 24.97, 24.82, 24.41, 24.29, 24.11, 24.11, 24.12, 24.12, 24.13, 24.13], [25.24, 25.24, 25.36, 25.35, 25.35, 25.35, 25.34, 25.32, 25.2, 25.11, 25.0, 24.87, 24.44, 24.34, 24.12, 24.12, 24.12, 24.13, 24.13, 24.13], [25.36, 25.36, 25.36, 25.34, 25.34, 25.34, 25.33, 25.33, 25.14, 25.09, 25.02, 24.92, 24.45, 24.12, 24.12, 24.12, 24.12, 24.13, 24.13, 24.13], [25.35, 25.35, 25.35, 25.34, 25.34, 25.34, 25.34, 25.35, 25.13, 25.1, 25.05, 24.98, 24.49, 24.12, 24.12, 24.12, 24.12, 24.13, 24.13, 24.14], [25.35, 25.35, 25.35, 25.36, 25.36, 25.36, 25.36, 25.36, 25.37, 25.37, 25.37, 25.0, 24.61, 24.13, 24.13, 24.12, 24.11, 24.13, 24.14, 24.14], [25.36, 25.36, 25.36, 25.37, 25.37, 25.37, 25.37, 25.37, 25.38, 25.38, 25.38, 25.06, 24.64, 24.5, 24.37, 24.12, 24.07, 24.15, 24.16, 24.15], [25.37, 25.37, 25.37, 25.37, 25.37, 25.37, 25.38, 25.38, 25.39, 25.39, 25.39, 25.1, 24.98, 24.52, 24.39, 24.29, 24.17, 24.21, 24.17, 24.16], [25.37, 25.37, 25.37, 25.37, 25.37, 25.38, 25.38, 25.38, 25.39, 25.39, 25.23, 25.13, 25.02, 24.54, 24.43, 24.35, 24.3, 24.3, 24.17, 24.16], [25.37, 25.37, 25.37, 25.37, 25.37, 25.38, 25.38, 25.38, 25.39, 25.39, 25.22, 25.15, 25.06, 24.6, 24.49, 24.42, 24.37, 24.35, 24.35, 24.36], [25.37, 25.37, 25.37, 25.37, 25.38, 25.38, 25.38, 25.38, 25.39, 25.26, 25.25, 25.24, 25.16, 25.08, 24.56, 24.48, 24.43, 24.4, 24.39, 24.4], [25.37, 25.37, 25.37, 25.38, 25.38, 25.38, 25.38, 25.39, 25.39, 25.3, 25.36, 25.27, 25.19, 25.11, 24.62, 24.54, 24.49, 24.45, 24.44, 24.43], [25.37, 25.37, 25.37, 25.38, 25.38, 25.38, 25.38, 25.39, 25.27, 25.31, 25.33, 25.27, 25.19, 25.12, 24.67, 24.59, 24.53, 24.5, 24.47, 24.46], [25.37, 25.37, 25.38, 25.38, 25.38, 25.38, 25.38, 25.38, 25.25, 25.27, 25.27, 25.23, 25.18, 25.13, 24.69, 24.62, 24.57, 24.53, 24.51, 24.49], [25.37, 25.37, 25.38, 25.38, 25.38, 25.38, 25.38, 25.22, 25.23, 25.23, 25.23, 25.2, 25.17, 25.12, 24.7, 24.64, 24.59, 24.56, 24.53, 24.51]]}