gis_exercise/awsData/contour/temp_2023090121.json
{"header": {"refTime": "2023-09-01T21:00:00.000Z", "nx": 21, "ny": 33, "lo1": 113.509, "la1": 22.2235, "lo2": 113.5947, "la2": 22.1034, "dx": 0.0042850000000001385, "dy": 0.003753125000000024, "parameterCategory": 0, "parameterCategoryName": "Temperature", "parameterNumber": 0}, "z": [[25.93, 25.92, 25.9, 25.53, 25.53, 25.84, 25.82, 25.81, 25.81, 25.71, 25.74, 25.77, 25.94, 25.96, 26.07, 26.08, 26.11, 26.1, 26.1, 26.09], [25.94, 25.93, 25.91, 25.89, 25.54, 25.54, 25.8, 25.77, 25.75, 25.69, 25.74, 25.8, 25.97, 25.99, 26.1, 26.12, 26.11, 26.1, 26.1, 26.09], [25.95, 25.94, 25.92, 25.9, 25.54, 25.54, 25.55, 25.74, 25.64, 25.68, 25.76, 25.84, 26.02, 26.03, 26.14, 26.12, 26.11, 26.1, 26.09, 26.09], [25.96, 25.95, 25.94, 25.92, 25.89, 25.54, 25.55, 25.56, 25.56, 25.69, 25.78, 25.91, 26.11, 25.98, 26.14, 26.12, 26.1, 26.1, 26.09, 26.09], [25.98, 25.97, 25.96, 25.95, 25.92, 25.54, 25.55, 25.55, 25.53, 25.68, 25.78, 26.01, 26.23, 26.03, 26.14, 26.11, 26.1, 26.09, 26.09, 26.09], [26.0, 26.0, 25.99, 25.98, 25.96, 25.93, 25.56, 25.55, 25.53, 25.47, 25.71, 25.89, 26.07, 26.17, 26.11, 26.1, 26.09, 26.09, 26.09, 26.09], [26.19, 26.02, 26.02, 26.02, 26.0, 25.97, 25.8, 25.6, 25.57, 25.46, 25.39, 25.69, 26.0, 26.04, 26.07, 26.08, 26.09, 26.09, 26.16, 26.17], [26.2, 26.2, 26.21, 26.2, 26.19, 25.91, 25.84, 25.78, 25.71, 25.43, 25.23, 25.52, 25.52, 26.05, 25.95, 25.91, 26.0, 26.03, 25.98, 25.94], [26.1, 26.11, 26.23, 26.24, 26.25, 26.22, 26.14, 25.81, 25.58, 25.48, 25.33, 25.42, 25.46, 25.4, 25.94, 25.89, 25.94, 25.96, 25.95, 25.93], [26.5, 26.5, 26.5, 26.17, 26.22, 26.34, 26.26, 26.14, 25.4, 25.44, 25.46, 25.36, 25.4, 25.38, 25.94, 25.87, 25.91, 25.92, 25.92, 25.92], [26.5, 26.5, 26.5, 26.5, 26.5, 26.5, 26.5, 26.5, 26.25, 25.56, 25.1, 25.33, 25.36, 25.36, 25.94, 25.86, 25.89, 25.9, 25.9, 25.9], [26.5, 26.5, 26.5, 26.5, 26.5, 26.5, 26.5, 26.5, 26.5, -999.0, 25.1, 25.7, 25.7, 25.34, 25.95, 25.85, 25.86, 25.25, 25.27, 25.27], [26.5, 26.5, 26.5, 26.5, 26.5, 26.5, 26.5, 26.5, 26.5, 26.5, -999.0, 25.7, 25.7, 24.98, 25.3, 25.55, 25.57, 25.38, 25.41, 25.42], [26.5, 26.5, 26.5, 26.5, 26.5, 26.5, 26.5, 26.5, 26.5, 26.5, -999.0, 24.6, 24.6, 24.6, 25.2, 25.43, 25.45, 25.26, 25.3, 25.34], [26.5, 26.5, 26.5, 26.5, 26.5, 26.5, 26.5, 26.3, 26.3, 26.3, 26.3, 25.65, 24.6, 24.6, 24.6, 25.29, 25.33, 25.16, 25.21, 25.26], [26.5, 26.5, 26.37, 26.37, 26.37, 26.3, 26.3, 26.3, 26.3, 26.3, 25.23, 25.35, 25.19, 25.05, 25.21, 25.11, 25.19, 25.05, 25.37, 25.43], [26.37, 26.37, 26.43, 26.43, 26.3, 26.3, 26.3, 26.3, 26.3, 26.3, 25.57, 25.36, 25.14, 24.93, 24.96, 24.83, 24.91, 24.98, 25.02, 25.05], [26.43, 26.43, 26.42, 26.42, 26.3, 26.3, 26.3, 26.3, 26.3, 25.87, 25.64, 25.38, 25.12, 24.97, 24.65, 24.81, 24.92, 25.0, 25.04, 25.07], [26.42, 26.42, 26.42, 26.3, 26.3, 26.3, 26.3, 26.3, 26.15, 25.97, 25.79, 25.58, 25.32, 25.1, 24.79, 24.88, 24.98, 25.04, 25.08, 25.1], [26.42, 26.42, 26.24, 26.25, 26.25, 26.25, 26.26, 26.28, 26.13, 25.99, 25.82, 25.64, 25.42, 25.29, 24.95, 25.0, 25.06, 25.11, 25.13, 25.13], [26.24, 26.24, 26.24, 26.26, 26.26, 26.26, 26.27, 26.27, 26.01, 25.94, 25.83, 25.7, 25.51, 25.05, 25.07, 25.12, 25.16, 25.18, 25.18, 25.17], [26.25, 26.25, 26.25, 26.26, 26.26, 26.26, 26.26, 26.34, 25.97, 25.93, 25.85, 25.76, 25.57, 25.12, 25.17, 25.23, 25.28, 25.27, 25.23, 25.2], [26.25, 26.25, 26.25, 26.36, 26.36, 26.35, 26.34, 26.34, 26.33, 26.33, 26.34, 26.18, 25.69, 25.18, 25.24, 25.33, 25.43, 25.35, 25.26, 25.21], [26.38, 26.38, 26.37, 26.37, 26.36, 26.36, 26.35, 26.33, 26.31, 26.31, 26.33, 26.28, 25.7, 25.62, 25.56, 25.36, 25.68, 25.29, 25.23, 25.21], [26.38, 26.38, 26.38, 26.38, 26.37, 26.36, 26.35, 26.33, 26.29, 26.25, 26.31, 26.29, 26.28, 25.62, 25.54, 25.47, 25.21, 25.05, 25.18, 25.19], [26.39, 26.39, 26.39, 26.38, 26.38, 26.38, 26.37, 26.35, 26.31, 26.27, 26.3, 26.32, 26.31, 25.62, 25.54, 25.53, 25.41, 25.35, 25.17, 25.18], [26.39, 26.39, 26.39, 26.39, 26.39, 26.39, 26.39, 26.38, 26.37, 26.38, 26.37, 26.38, 26.35, 25.83, 25.71, 25.6, 25.51, 25.47, 25.48, 25.51], [26.4, 26.4, 26.4, 26.4, 26.41, 26.41, 26.41, 26.42, 26.45, 26.46, 26.48, 26.26, 26.12, 25.97, 25.78, 25.68, 25.6, 25.56, 25.55, 25.56], [26.4, 26.41, 26.41, 26.41, 26.42, 26.42, 26.44, 26.46, 26.5, 26.55, 26.58, 26.36, 26.18, 26.03, 25.84, 25.75, 25.67, 25.63, 25.61, 25.61], [26.41, 26.41, 26.41, 26.42, 26.43, 26.44, 26.45, 26.48, 26.33, 26.44, 26.51, 26.36, 26.2, 26.06, 25.89, 25.8, 25.73, 25.69, 25.66, 25.65], [26.41, 26.42, 26.42, 26.43, 26.43, 26.44, 26.46, 26.48, 26.29, 26.35, 26.36, 26.29, 26.18, 26.07, 25.92, 25.84, 25.78, 25.73, 25.7, 25.69], [26.42, 26.42, 26.42, 26.43, 26.44, 26.45, 26.46, 26.21, 26.24, 26.27, 26.26, 26.22, 26.15, 26.07, 25.93, 25.86, 25.81, 25.77, 25.74, 25.72]]}