gis_exercise/awsData/contour/temp_2023083111.json
{"header": {"refTime": "2023-08-31T11:00:00.000Z", "nx": 21, "ny": 33, "lo1": 113.509, "la1": 22.2235, "lo2": 113.5947, "la2": 22.1034, "dx": 0.0042850000000001385, "dy": 0.003753125000000024, "parameterCategory": 0, "parameterCategoryName": "Temperature", "parameterNumber": 0}, "z": [[30.68, 30.69, 30.71, 30.6, 30.63, 30.85, 30.88, 30.91, 30.92, 30.82, 30.77, 30.73, 30.88, 30.86, 30.85, 30.84, 30.7, 30.7, 30.7, 30.7], [30.67, 30.68, 30.7, 30.72, 30.63, 30.67, 30.9, 30.96, 31.0, 30.88, 30.78, 30.72, 30.87, 30.85, 30.84, 30.7, 30.7, 30.7, 30.7, 30.7], [30.66, 30.67, 30.68, 30.7, 30.61, 30.66, 30.74, 30.99, 31.15, 30.92, 30.77, 30.7, 30.84, 30.82, 30.7, 30.7, 30.7, 30.7, 30.7, 30.7], [30.64, 30.65, 30.66, 30.68, 30.7, 30.62, 30.68, 30.79, 30.89, 30.84, 30.71, 30.66, 30.8, 30.54, 30.7, 30.7, 30.7, 30.7, 30.7, 30.7], [30.63, 30.63, 30.64, 30.65, 30.66, 30.56, 30.59, 30.62, 30.63, 30.68, 30.62, 30.54, 30.64, 30.57, 30.7, 30.7, 30.7, 30.7, 30.7, 30.7], [30.61, 30.61, 30.61, 30.62, 30.62, 30.62, 30.49, 30.47, 30.44, 30.39, 30.39, 30.5, 30.58, 30.7, 30.7, 30.7, 30.7, 30.7, 30.7, 30.7], [30.36, 30.59, 30.59, 30.58, 30.58, 30.57, 30.22, 30.37, 30.33, 30.19, 30.18, 30.44, 30.7, 30.7, 30.7, 30.7, 30.7, 30.7, 30.7, 30.7], [30.36, 30.36, 30.36, 30.36, 30.36, 30.25, 30.24, 30.24, 30.28, 30.16, 30.03, 30.45, 30.46, 30.7, 30.7, 30.7, 30.7, 30.7, 30.7, 30.7], [30.34, 30.34, 30.36, 30.36, 30.36, 30.36, 30.35, 30.24, 30.17, 30.22, 30.21, 30.33, 30.38, 30.31, 30.7, 30.7, 30.7, 30.7, 30.7, 30.7], [30.4, 30.4, 30.4, 30.35, 30.36, 30.38, 30.37, 30.35, 30.07, 30.09, 30.39, 30.25, 30.3, 30.27, 30.7, 30.7, 30.7, 30.7, 30.7, 30.7], [30.4, 30.4, 30.4, 30.4, 30.4, 30.4, 30.4, 30.4, 30.36, 30.16, 29.9, 30.2, 30.24, 30.24, 30.7, 30.7, 30.7, 30.7, 30.7, 30.7], [30.4, 30.4, 30.4, 30.4, 30.4, 30.4, 30.4, 30.4, 30.4, -999.0, 29.9, 30.7, 30.7, 30.22, 30.7, 30.7, 30.7, 29.73, 29.76, 29.76], [30.4, 30.4, 30.4, 30.4, 30.4, 30.4, 30.4, 30.4, 30.4, 30.4, -999.0, 30.7, 30.7, 29.59, 30.08, 30.08, 30.09, 29.88, 29.91, 29.93], [30.4, 30.4, 30.4, 30.4, 30.4, 30.4, 30.4, 30.4, 30.4, 30.4, -999.0, 29.0, 29.0, 29.0, 29.93, 29.94, 29.97, 29.75, 29.8, 29.83], [30.4, 30.4, 30.4, 30.4, 30.4, 30.4, 30.4, 29.6, 29.6, 29.6, 29.6, 29.37, 29.0, 29.0, 29.0, 29.78, 29.83, 29.63, 29.69, 29.74], [30.4, 30.4, 29.9, 29.89, 29.87, 29.6, 29.6, 29.6, 29.6, 29.6, 29.22, 29.27, 29.21, 29.16, 29.21, 28.93, 28.92, 28.94, 29.39, 29.42], [29.89, 29.88, 30.12, 30.1, 29.6, 29.6, 29.6, 29.6, 29.6, 29.6, 29.34, 29.27, 29.19, 29.12, 29.05, 28.94, 28.92, 28.9, 28.89, 28.88], [30.11, 30.1, 30.09, 30.07, 29.6, 29.6, 29.6, 29.6, 29.6, 29.45, 29.37, 29.28, 29.18, 29.06, 29.01, 28.95, 28.92, 28.9, 28.89, 28.88], [30.1, 30.09, 30.07, 29.6, 29.6, 29.6, 29.6, 29.6, 29.55, 29.48, 29.41, 29.33, 29.13, 29.07, 28.95, 28.93, 28.91, 28.89, 28.88, 28.87], [30.09, 30.07, 29.54, 29.55, 29.55, 29.55, 29.56, 29.58, 29.53, 29.48, 29.42, 29.35, 29.13, 29.08, 28.91, 28.9, 28.88, 28.87, 28.87, 28.86], [29.54, 29.54, 29.54, 29.56, 29.56, 29.56, 29.57, 29.57, 29.48, 29.46, 29.42, 29.37, 29.13, 28.89, 28.88, 28.87, 28.86, 28.86, 28.85, 28.85], [29.55, 29.55, 29.55, 29.56, 29.56, 29.56, 29.56, 29.6, 29.46, 29.44, 29.42, 29.39, 29.1, 28.87, 28.86, 28.85, 28.84, 28.84, 28.84, 28.84], [29.55, 29.55, 29.55, 29.61, 29.61, 29.61, 29.6, 29.6, 29.59, 29.59, 29.59, 29.35, 29.06, 28.86, 28.85, 28.83, 28.82, 28.82, 28.83, 28.83], [29.62, 29.62, 29.62, 29.62, 29.61, 29.61, 29.6, 29.59, 29.58, 29.57, 29.58, 29.4, 29.08, 29.0, 28.93, 28.82, 28.81, 28.81, 28.82, 28.83], [29.62, 29.62, 29.62, 29.62, 29.62, 29.61, 29.6, 29.59, 29.56, 29.54, 29.57, 29.43, 29.37, 29.01, 28.94, 28.88, 28.81, 28.81, 28.82, 28.83], [29.63, 29.63, 29.62, 29.62, 29.62, 29.62, 29.61, 29.59, 29.57, 29.55, 29.49, 29.46, 29.41, 29.02, 28.95, 28.95, 28.91, 28.89, 28.82, 28.83], [29.63, 29.63, 29.63, 29.63, 29.63, 29.62, 29.62, 29.62, 29.61, 29.61, 29.53, 29.5, 29.45, 29.16, 29.07, 29.01, 28.96, 28.95, 28.95, 28.96], [29.63, 29.63, 29.63, 29.63, 29.63, 29.63, 29.64, 29.64, 29.65, 29.6, 29.61, 29.56, 29.49, 29.42, 29.13, 29.06, 29.02, 28.99, 28.99, 28.99], [29.63, 29.63, 29.64, 29.64, 29.64, 29.64, 29.65, 29.66, 29.68, 29.67, 29.74, 29.62, 29.53, 29.45, 29.18, 29.11, 29.06, 29.04, 29.02, 29.02], [29.64, 29.64, 29.64, 29.64, 29.64, 29.65, 29.66, 29.67, 29.6, 29.66, 29.7, 29.62, 29.54, 29.47, 29.21, 29.15, 29.1, 29.07, 29.05, 29.04], [29.64, 29.64, 29.64, 29.64, 29.65, 29.65, 29.66, 29.68, 29.58, 29.61, 29.62, 29.58, 29.53, 29.47, 29.23, 29.17, 29.13, 29.1, 29.08, 29.07], [29.64, 29.64, 29.64, 29.65, 29.65, 29.66, 29.66, 29.54, 29.56, 29.57, 29.57, 29.55, 29.51, 29.47, 29.24, 29.19, 29.15, 29.12, 29.1, 29.09]]}