gis_exercise/awsData/contour/temp_2023090521.json
{"header": {"refTime": "2023-09-05T21:00:00.000Z", "nx": 21, "ny": 33, "lo1": 113.509, "la1": 22.2235, "lo2": 113.5947, "la2": 22.1034, "dx": 0.0042850000000001385, "dy": 0.003753125000000024, "parameterCategory": 0, "parameterCategoryName": "Temperature", "parameterNumber": 0}, "z": [[30.94, 30.94, 30.93, 30.76, 30.76, 30.94, 30.92, 30.91, 30.91, 30.86, 30.89, 30.93, 31.15, 31.17, 31.19, 31.2, 31.4, 31.4, 31.4, 31.4], [30.95, 30.94, 30.93, 30.92, 30.76, 30.76, 30.91, 30.87, 30.85, 30.83, 30.89, 30.95, 31.17, 31.19, 31.21, 31.4, 31.4, 31.4, 31.4, 31.4], [30.96, 30.95, 30.94, 30.93, 30.77, 30.76, 30.75, 30.84, 30.74, 30.81, 30.91, 30.98, 31.21, 31.23, 31.4, 31.4, 31.4, 31.4, 31.4, 31.4], [30.96, 30.96, 30.95, 30.94, 30.92, 30.77, 30.76, 30.74, 30.73, 30.84, 30.94, 31.05, 31.27, 31.24, 31.4, 31.4, 31.4, 31.4, 31.4, 31.4], [30.97, 30.97, 30.96, 30.96, 30.94, 30.78, 30.78, 30.77, 30.76, 30.87, 30.96, 31.24, 31.34, 31.27, 31.4, 31.4, 31.4, 31.4, 31.4, 31.4], [30.98, 30.98, 30.98, 30.97, 30.97, 30.96, 30.8, 30.8, 30.79, 30.76, 31.09, 31.2, 31.28, 31.4, 31.4, 31.4, 31.4, 31.4, 31.4, 31.4], [31.11, 31.0, 31.0, 31.0, 30.99, 30.99, 30.95, 30.85, 30.84, 30.89, 30.88, 31.14, 31.4, 31.4, 31.4, 31.4, 31.4, 31.4, 31.4, 31.4], [31.11, 31.12, 31.12, 31.11, 31.11, 30.99, 30.97, 30.96, 30.98, 30.86, 30.73, 31.15, 31.16, 31.4, 31.4, 31.4, 31.4, 31.4, 31.4, 31.4], [31.09, 31.09, 31.12, 31.13, 31.13, 31.12, 31.1, 30.96, 30.87, 30.92, 30.91, 31.03, 31.08, 31.01, 31.4, 31.4, 31.4, 31.4, 31.4, 31.4], [31.2, 31.2, 31.2, 31.11, 31.12, 31.15, 31.13, 31.1, 30.77, 30.79, 31.09, 30.95, 31.0, 30.97, 31.4, 31.4, 31.4, 31.4, 31.4, 31.4], [31.2, 31.2, 31.2, 31.2, 31.2, 31.2, 31.2, 31.2, 31.13, 30.86, 30.6, 30.9, 30.94, 30.94, 31.4, 31.4, 31.4, 31.4, 31.4, 31.4], [31.2, 31.2, 31.2, 31.2, 31.2, 31.2, 31.2, 31.2, 31.2, -999.0, 30.6, 31.4, 31.4, 30.92, 31.4, 31.4, 31.4, 29.98, 30.01, 30.02], [31.2, 31.2, 31.2, 31.2, 31.2, 31.2, 31.2, 31.2, 31.2, 31.2, -999.0, 31.4, 31.4, 29.77, 30.49, 30.49, 30.51, 30.2, 30.24, 30.27], [31.2, 31.2, 31.2, 31.2, 31.2, 31.2, 31.2, 31.2, 31.2, 31.2, -999.0, 28.9, 28.9, 28.9, 30.27, 30.28, 30.32, 30.01, 30.07, 30.13], [31.2, 31.2, 31.2, 31.2, 31.2, 31.2, 31.2, 30.6, 30.6, 30.6, 30.6, 29.95, 28.9, 28.9, 28.9, 30.04, 30.12, 29.83, 29.92, 30.0], [31.2, 31.2, 30.82, 30.82, 30.8, 30.6, 30.6, 30.6, 30.6, 30.6, 29.53, 29.65, 29.49, 29.35, 29.51, 29.49, 29.58, 29.42, 29.98, 30.06], [30.81, 30.81, 30.99, 30.98, 30.6, 30.6, 30.6, 30.6, 30.6, 30.6, 29.87, 29.66, 29.44, 29.23, 29.28, 29.2, 29.31, 29.4, 29.45, 29.5], [30.99, 30.98, 30.97, 30.95, 30.6, 30.6, 30.6, 30.6, 30.6, 30.17, 29.94, 29.68, 29.42, 29.29, 28.96, 29.17, 29.32, 29.42, 29.48, 29.52], [30.97, 30.96, 30.95, 30.6, 30.6, 30.6, 30.6, 30.6, 30.45, 30.27, 30.17, 29.96, 29.66, 29.43, 29.15, 29.26, 29.39, 29.48, 29.53, 29.56], [30.97, 30.96, 30.77, 30.76, 30.75, 30.74, 30.71, 30.65, 30.47, 30.36, 30.21, 30.03, 29.76, 29.63, 29.36, 29.42, 29.5, 29.56, 29.59, 29.61], [30.78, 30.78, 30.77, 30.72, 30.72, 30.71, 30.7, 30.69, 30.41, 30.35, 30.24, 30.11, 29.87, 29.48, 29.52, 29.58, 29.63, 29.66, 29.66, 29.65], [30.74, 30.74, 30.74, 30.73, 30.73, 30.73, 30.73, 30.74, 30.41, 30.37, 30.3, 30.2, 30.06, 29.59, 29.64, 29.71, 29.77, 29.77, 29.73, 29.7], [30.75, 30.75, 30.75, 30.76, 30.76, 30.76, 30.77, 30.77, 30.78, 30.79, 30.79, 30.71, 30.29, 29.66, 29.73, 29.83, 29.94, 29.87, 29.77, 29.72], [30.76, 30.77, 30.77, 30.77, 30.77, 30.78, 30.79, 30.8, 30.82, 30.83, 30.82, 30.78, 30.31, 30.21, 30.13, 29.88, 30.2, 29.83, 29.75, 29.72], [30.77, 30.77, 30.77, 30.78, 30.78, 30.79, 30.8, 30.82, 30.85, 30.87, 30.84, 30.79, 30.75, 30.21, 30.12, 30.03, 29.75, 29.61, 29.71, 29.71], [30.77, 30.77, 30.78, 30.78, 30.79, 30.79, 30.81, 30.82, 30.85, 30.87, 30.83, 30.79, 30.76, 30.22, 30.12, 30.01, 29.92, 29.87, 29.7, 29.7], [30.78, 30.78, 30.78, 30.79, 30.79, 30.8, 30.81, 30.82, 30.83, 30.83, 30.81, 30.79, 30.76, 30.22, 30.13, 30.06, 29.99, 29.96, 29.97, 29.99], [30.78, 30.78, 30.78, 30.79, 30.79, 30.8, 30.81, 30.81, 30.82, 30.8, 30.8, 30.61, 30.51, 30.39, 30.18, 30.11, 30.06, 30.03, 30.02, 30.03], [30.78, 30.78, 30.79, 30.79, 30.79, 30.8, 30.8, 30.81, 30.81, 30.8, 30.75, 30.64, 30.54, 30.43, 30.23, 30.16, 30.11, 30.08, 30.06, 30.06], [30.78, 30.78, 30.79, 30.79, 30.79, 30.8, 30.8, 30.8, 30.65, 30.69, 30.71, 30.64, 30.54, 30.45, 30.26, 30.19, 30.15, 30.12, 30.1, 30.09], [30.78, 30.78, 30.79, 30.79, 30.79, 30.8, 30.8, 30.8, 30.62, 30.64, 30.64, 30.6, 30.53, 30.45, 30.28, 30.22, 30.18, 30.15, 30.13, 30.12], [30.78, 30.78, 30.79, 30.79, 30.79, 30.79, 30.8, 30.58, 30.59, 30.6, 30.59, 30.56, 30.51, 30.45, 30.29, 30.24, 30.2, 30.17, 30.15, 30.14]]}