gis_exercise/awsData/contour/temp_2023090602.json
{"header": {"refTime": "2023-09-06T02:00:00.000Z", "nx": 21, "ny": 33, "lo1": 113.509, "la1": 22.2235, "lo2": 113.5947, "la2": 22.1034, "dx": 0.0042850000000001385, "dy": 0.003753125000000024, "parameterCategory": 0, "parameterCategoryName": "Temperature", "parameterNumber": 0}, "z": [[27.59, 27.59, 27.59, 27.35, 27.36, 28.07, 28.03, 27.98, 27.99, 27.69, 27.78, 27.87, 28.39, 28.44, 28.63, 28.65, 28.86, 28.85, 28.84, 28.84], [27.59, 27.59, 27.59, 27.59, 27.36, 27.36, 27.98, 27.88, 27.83, 27.65, 27.79, 27.92, 28.46, 28.51, 28.68, 28.88, 28.87, 28.85, 28.84, 28.83], [27.59, 27.59, 27.6, 27.6, 27.37, 27.37, 27.37, 27.79, 27.5, 27.61, 27.82, 28.03, 28.58, 28.61, 28.92, 28.89, 28.86, 28.85, 28.84, 28.83], [27.59, 27.59, 27.6, 27.6, 27.61, 27.38, 27.38, 27.38, 27.37, 27.65, 27.89, 28.22, 28.78, 28.51, 28.93, 28.89, 28.86, 28.84, 28.83, 28.82], [27.59, 27.59, 27.6, 27.61, 27.62, 27.4, 27.41, 27.39, 27.36, 27.65, 27.9, 28.56, 29.05, 28.62, 28.93, 28.87, 28.84, 28.83, 28.82, 28.82], [27.58, 27.59, 27.6, 27.61, 27.63, 27.66, 27.45, 27.45, 27.39, 27.24, 27.88, 28.31, 28.71, 29.0, 28.88, 28.84, 28.82, 28.81, 28.81, 28.81], [27.65, 27.58, 27.59, 27.6, 27.62, 27.67, 27.47, 27.6, 27.55, 27.32, 27.15, 27.89, 28.72, 28.79, 28.81, 28.81, 28.8, 28.8, 28.91, 28.95], [27.63, 27.62, 27.62, 27.63, 27.65, 27.39, 27.49, 27.71, 27.98, 27.24, 26.67, 27.62, 27.63, 28.8, 28.58, 28.51, 28.64, 28.69, 28.62, 28.57], [27.77, 27.76, 27.58, 27.57, 27.56, 27.6, 27.72, 27.55, 27.59, 27.39, 27.03, 27.31, 27.45, 27.27, 28.56, 28.49, 28.56, 28.6, 28.58, 28.55], [27.2, 27.2, 27.2, 27.67, 27.6, 27.43, 27.55, 27.72, 27.12, 27.23, 27.46, 27.14, 27.24, 27.19, 28.56, 28.46, 28.51, 28.54, 28.54, 28.53], [27.2, 27.2, 27.2, 27.2, 27.2, 27.2, 27.2, 27.2, 27.55, 27.55, 26.3, 27.02, 27.11, 27.12, 28.57, 28.44, 28.48, 28.5, 28.5, 28.5], [27.2, 27.2, 27.2, 27.2, 27.2, 27.2, 27.2, 27.2, 27.2, -999.0, 26.3, 28.2, 28.2, 27.06, 28.57, 28.42, 28.44, 27.49, 27.52, 27.53], [27.2, 27.2, 27.2, 27.2, 27.2, 27.2, 27.2, 27.2, 27.2, 27.2, -999.0, 28.2, 28.2, 27.09, 27.58, 27.96, 27.98, 27.7, 27.74, 27.76], [27.2, 27.2, 27.2, 27.2, 27.2, 27.2, 27.2, 27.2, 27.2, 27.2, -999.0, 26.5, 26.5, 26.5, 27.43, 27.77, 27.81, 27.52, 27.58, 27.63], [27.2, 27.2, 27.2, 27.2, 27.2, 27.2, 27.2, 26.6, 26.6, 26.6, 26.6, 26.56, 26.5, 26.5, 26.5, 27.55, 27.62, 27.36, 27.44, 27.51], [27.2, 27.2, 26.82, 26.82, 26.8, 26.6, 26.6, 26.6, 26.6, 26.6, 26.54, 26.54, 26.53, 26.53, 26.54, 26.5, 26.5, 26.5, 27.1, 27.14], [26.81, 26.81, 26.99, 26.98, 26.6, 26.6, 26.6, 26.6, 26.6, 26.6, 26.56, 26.54, 26.53, 26.52, 26.51, 26.44, 26.42, 26.41, 26.4, 26.39], [26.99, 26.98, 26.97, 26.95, 26.6, 26.6, 26.6, 26.6, 26.6, 26.57, 26.56, 26.55, 26.53, 26.51, 26.5, 26.45, 26.42, 26.4, 26.39, 26.38], [26.97, 26.96, 26.95, 26.6, 26.6, 26.6, 26.6, 26.6, 26.59, 26.58, 26.5, 26.48, 26.53, 26.52, 26.45, 26.43, 26.41, 26.39, 26.38, 26.38], [26.97, 26.96, 26.37, 26.38, 26.4, 26.42, 26.45, 26.53, 26.55, 26.51, 26.48, 26.47, 26.53, 26.52, 26.42, 26.41, 26.39, 26.38, 26.37, 26.37], [26.36, 26.36, 26.37, 26.43, 26.44, 26.45, 26.47, 26.49, 26.49, 26.48, 26.46, 26.45, 26.53, 26.4, 26.39, 26.39, 26.38, 26.37, 26.36, 26.36], [26.41, 26.42, 26.42, 26.42, 26.42, 26.43, 26.43, 26.37, 26.44, 26.43, 26.43, 26.43, 26.4, 26.38, 26.38, 26.37, 26.37, 26.36, 26.35, 26.35], [26.41, 26.41, 26.41, 26.33, 26.33, 26.33, 26.33, 26.32, 26.31, 26.31, 26.3, 26.4, 26.27, 26.37, 26.36, 26.36, 26.37, 26.35, 26.33, 26.33], [26.31, 26.31, 26.31, 26.31, 26.31, 26.31, 26.3, 26.29, 26.27, 26.26, 26.26, 26.25, 26.27, 26.28, 26.3, 26.35, 26.42, 26.31, 26.31, 26.32], [26.3, 26.3, 26.3, 26.3, 26.29, 26.29, 26.27, 26.26, 26.24, 26.22, 26.24, 26.24, 26.26, 26.28, 26.29, 26.29, 26.28, 26.23, 26.29, 26.31], [26.3, 26.29, 26.29, 26.29, 26.28, 26.27, 26.26, 26.24, 26.22, 26.21, 26.21, 26.23, 26.25, 26.27, 26.28, 26.26, 26.25, 26.24, 26.29, 26.31], [26.29, 26.29, 26.28, 26.28, 26.27, 26.26, 26.25, 26.23, 26.22, 26.21, 26.2, 26.21, 26.23, 26.23, 26.24, 26.25, 26.25, 26.25, 26.25, 26.25], [26.28, 26.28, 26.27, 26.27, 26.26, 26.25, 26.24, 26.22, 26.2, 26.18, 26.17, 26.13, 26.13, 26.13, 26.23, 26.24, 26.24, 26.25, 26.25, 26.25], [26.28, 26.27, 26.27, 26.26, 26.25, 26.24, 26.23, 26.21, 26.19, 26.15, 26.11, 26.12, 26.13, 26.13, 26.22, 26.23, 26.24, 26.24, 26.24, 26.25], [26.27, 26.27, 26.26, 26.26, 26.25, 26.24, 26.22, 26.21, 26.13, 26.12, 26.11, 26.12, 26.12, 26.13, 26.21, 26.22, 26.23, 26.24, 26.24, 26.24], [26.27, 26.27, 26.26, 26.25, 26.24, 26.23, 26.22, 26.21, 26.13, 26.12, 26.12, 26.12, 26.12, 26.13, 26.21, 26.22, 26.23, 26.23, 26.24, 26.24], [26.27, 26.26, 26.26, 26.25, 26.24, 26.23, 26.22, 26.13, 26.13, 26.13, 26.12, 26.12, 26.13, 26.13, 26.21, 26.22, 26.22, 26.23, 26.23, 26.24]]}