gis_exercise/awsData/contour/temp_2023091321.json
{"header": {"refTime": "2023-09-13T21:00:00.000Z", "nx": 21, "ny": 33, "lo1": 113.509, "la1": 22.2235, "lo2": 113.5947, "la2": 22.1034, "dx": 0.0042850000000001385, "dy": 0.003753125000000024, "parameterCategory": 0, "parameterCategoryName": "Temperature", "parameterNumber": 0}, "z": [[27.67, 27.68, 27.68, 27.5, 27.52, 27.72, 27.73, 27.74, 27.75, 27.69, 27.68, 27.68, 27.82, 27.82, 27.78, 27.78, 27.74, 27.73, 27.73, 27.72], [27.67, 27.67, 27.68, 27.68, 27.51, 27.54, 27.73, 27.75, 27.76, 27.71, 27.69, 27.68, 27.82, 27.82, 27.79, 27.75, 27.74, 27.73, 27.72, 27.72], [27.67, 27.67, 27.67, 27.67, 27.51, 27.53, 27.57, 27.75, 27.79, 27.72, 27.69, 27.69, 27.83, 27.83, 27.76, 27.75, 27.73, 27.72, 27.72, 27.71], [27.67, 27.67, 27.67, 27.67, 27.67, 27.51, 27.54, 27.6, 27.65, 27.69, 27.68, 27.7, 27.84, 27.7, 27.77, 27.74, 27.72, 27.71, 27.71, 27.71], [27.67, 27.67, 27.67, 27.66, 27.66, 27.48, 27.5, 27.51, 27.51, 27.62, 27.64, 27.7, 27.82, 27.72, 27.76, 27.73, 27.71, 27.7, 27.69, 27.7], [27.67, 27.67, 27.67, 27.66, 27.65, 27.64, 27.45, 27.44, 27.43, 27.39, 27.54, 27.65, 27.74, 27.83, 27.75, 27.72, 27.68, 27.67, 27.68, 27.69], [27.62, 27.67, 27.67, 27.66, 27.65, 27.63, 27.42, 27.4, 27.38, 27.32, 27.31, 27.55, 27.79, 27.8, 27.73, 27.7, 27.65, 27.63, 27.66, 27.67], [27.63, 27.63, 27.63, 27.63, 27.62, 27.48, 27.45, 27.4, 27.38, 27.3, 27.19, 27.52, 27.52, 27.8, 27.64, 27.65, 27.63, 27.62, 27.63, 27.64], [27.57, 27.58, 27.65, 27.65, 27.66, 27.64, 27.59, 27.43, 27.3, 27.34, 27.33, 27.42, 27.46, 27.4, 27.64, 27.65, 27.64, 27.63, 27.64, 27.64], [27.8, 27.8, 27.8, 27.61, 27.64, 27.71, 27.66, 27.59, 27.23, 27.25, 27.46, 27.36, 27.4, 27.38, 27.64, 27.66, 27.65, 27.64, 27.64, 27.65], [27.8, 27.8, 27.8, 27.8, 27.8, 27.8, 27.8, 27.8, 27.66, 27.3, 27.1, 27.33, 27.36, 27.36, 27.64, 27.66, 27.65, 27.65, 27.65, 27.65], [27.8, 27.8, 27.8, 27.8, 27.8, 27.8, 27.8, 27.8, 27.8, -999.0, 27.1, 27.7, 27.7, 27.34, 27.64, 27.66, 27.66, 27.15, 27.16, 27.16], [27.8, 27.8, 27.8, 27.8, 27.8, 27.8, 27.8, 27.8, 27.8, 27.8, -999.0, 27.7, 27.7, 27.11, 27.37, 27.31, 27.31, 27.22, 27.23, 27.24], [27.8, 27.8, 27.8, 27.8, 27.8, 27.8, 27.8, 27.8, 27.8, 27.8, -999.0, 26.8, 26.8, 26.8, 27.29, 27.24, 27.25, 27.15, 27.18, 27.19], [27.8, 27.8, 27.8, 27.8, 27.8, 27.8, 27.8, 27.9, 27.9, 27.9, 27.9, 27.48, 26.8, 26.8, 26.8, 27.17, 27.19, 27.1, 27.13, 27.15], [27.8, 27.8, 27.86, 27.86, 27.87, 27.9, 27.9, 27.9, 27.9, 27.9, 27.21, 27.29, 27.18, 27.09, 27.19, 27.06, 27.1, 27.03, 27.2, 27.23], [27.86, 27.86, 27.84, 27.84, 27.9, 27.9, 27.9, 27.9, 27.9, 27.9, 27.43, 27.29, 27.15, 27.01, 27.01, 26.99, 27.06, 27.12, 27.15, 27.18], [27.84, 27.84, 27.84, 27.84, 27.9, 27.9, 27.9, 27.9, 27.9, 27.62, 27.47, 27.31, 27.14, 27.02, 26.83, 26.97, 27.07, 27.13, 27.17, 27.2], [27.84, 27.84, 27.84, 27.9, 27.9, 27.9, 27.9, 27.9, 27.8, 27.69, 27.56, 27.43, 27.23, 27.09, 26.96, 27.03, 27.11, 27.17, 27.2, 27.22], [27.84, 27.84, 27.84, 27.85, 27.85, 27.85, 27.86, 27.88, 27.79, 27.69, 27.58, 27.46, 27.28, 27.2, 27.09, 27.13, 27.18, 27.22, 27.24, 27.25], [27.84, 27.84, 27.84, 27.86, 27.86, 27.86, 27.87, 27.87, 27.71, 27.66, 27.59, 27.5, 27.33, 27.16, 27.18, 27.22, 27.25, 27.27, 27.28, 27.28], [27.85, 27.85, 27.85, 27.86, 27.86, 27.86, 27.86, 27.9, 27.67, 27.64, 27.6, 27.54, 27.35, 27.23, 27.26, 27.29, 27.32, 27.33, 27.32, 27.31], [27.85, 27.85, 27.85, 27.91, 27.91, 27.91, 27.9, 27.9, 27.89, 27.89, 27.89, 27.75, 27.58, 27.27, 27.31, 27.35, 27.39, 27.39, 27.36, 27.34], [27.92, 27.92, 27.92, 27.92, 27.91, 27.91, 27.9, 27.89, 27.88, 27.87, 27.88, 27.8, 27.59, 27.55, 27.52, 27.38, 27.46, 27.41, 27.38, 27.35], [27.92, 27.92, 27.92, 27.92, 27.92, 27.91, 27.9, 27.89, 27.86, 27.84, 27.87, 27.82, 27.79, 27.56, 27.52, 27.49, 27.41, 27.4, 27.38, 27.36], [27.93, 27.93, 27.92, 27.92, 27.92, 27.92, 27.91, 27.89, 27.87, 27.85, 27.84, 27.84, 27.82, 27.56, 27.53, 27.55, 27.51, 27.5, 27.37, 27.35], [27.93, 27.93, 27.93, 27.93, 27.93, 27.92, 27.92, 27.92, 27.91, 27.91, 27.88, 27.87, 27.85, 27.68, 27.63, 27.58, 27.55, 27.54, 27.54, 27.55], [27.93, 27.93, 27.93, 27.93, 27.93, 27.93, 27.94, 27.94, 27.95, 27.94, 27.95, 27.91, 27.86, 27.81, 27.66, 27.62, 27.59, 27.57, 27.57, 27.57], [27.93, 27.93, 27.94, 27.94, 27.94, 27.94, 27.95, 27.96, 27.98, 28.0, 28.05, 27.96, 27.89, 27.83, 27.69, 27.65, 27.62, 27.6, 27.59, 27.59], [27.94, 27.94, 27.94, 27.94, 27.94, 27.95, 27.96, 27.97, 27.94, 27.99, 28.02, 27.96, 27.9, 27.84, 27.72, 27.67, 27.64, 27.62, 27.61, 27.61], [27.94, 27.94, 27.94, 27.94, 27.95, 27.95, 27.96, 27.98, 27.92, 27.95, 27.95, 27.93, 27.89, 27.85, 27.73, 27.69, 27.66, 27.64, 27.63, 27.62], [27.94, 27.94, 27.94, 27.95, 27.95, 27.96, 27.96, 27.89, 27.9, 27.92, 27.92, 27.9, 27.87, 27.84, 27.73, 27.7, 27.68, 27.66, 27.64, 27.64]]}