gis_exercise/awsData/contour/temp_2023091008.json
{"header": {"refTime": "2023-09-10T08:00:00.000Z", "nx": 21, "ny": 33, "lo1": 113.509, "la1": 22.2235, "lo2": 113.5947, "la2": 22.1034, "dx": 0.0042850000000001385, "dy": 0.003753125000000024, "parameterCategory": 0, "parameterCategoryName": "Temperature", "parameterNumber": 0}, "z": [[25.02, 25.01, 25.01, 24.9, 24.9, 24.99, 24.99, 24.98, 24.99, 25.03, 25.06, 25.09, 25.15, 25.17, 25.21, 25.22, 25.34, 25.34, 25.34, 25.34], [25.02, 25.02, 25.01, 25.0, 24.9, 24.9, 24.98, 24.97, 24.96, 25.0, 25.05, 25.1, 25.17, 25.18, 25.22, 25.33, 25.34, 25.34, 25.34, 25.34], [25.03, 25.02, 25.02, 25.01, 24.9, 24.9, 24.9, 24.95, 24.91, 24.99, 25.06, 25.12, 25.19, 25.2, 25.33, 25.33, 25.34, 25.34, 25.34, 25.35], [25.03, 25.03, 25.02, 25.01, 25.0, 24.9, 24.9, 24.9, 24.9, 25.01, 25.09, 25.17, 25.22, 25.3, 25.33, 25.34, 25.34, 25.35, 25.35, 25.35], [25.04, 25.04, 25.03, 25.02, 25.01, 24.9, 24.9, 24.9, 24.9, 25.13, 25.13, 25.3, 25.3, 25.3, 25.33, 25.34, 25.35, 25.35, 25.36, 25.35], [25.05, 25.05, 25.04, 25.04, 25.03, 25.01, 24.9, 24.9, 24.9, 24.9, 25.3, 25.3, 25.3, 25.3, 25.33, 25.35, 25.36, 25.37, 25.36, 25.36], [25.12, 25.06, 25.06, 25.05, 25.05, 25.03, 25.1, 24.9, 24.9, 25.1, 25.06, 25.3, 25.3, 25.3, 25.33, 25.35, 25.37, 25.38, 25.38, 25.38], [25.13, 25.13, 25.13, 25.13, 25.12, 25.1, 25.05, 25.01, 24.95, 25.09, 25.07, 25.3, 25.3, 25.3, 25.36, 25.35, 25.37, 25.38, 25.37, 25.36], [25.07, 25.08, 25.15, 25.15, 25.16, 25.14, 25.09, 25.02, 24.9, 25.11, 25.3, 25.3, 25.3, 25.3, 25.36, 25.35, 25.36, 25.37, 25.36, 25.36], [25.3, 25.3, 25.3, 25.11, 25.14, 25.21, 25.16, 25.09, 24.9, 24.9, 25.3, 25.3, 25.3, 25.3, 25.36, 25.34, 25.35, 25.36, 25.36, 25.35], [25.3, 25.3, 25.3, 25.3, 25.3, 25.3, 25.3, 25.3, 25.16, 24.9, -999.0, 25.3, 25.3, 25.3, 25.36, 25.34, 25.35, 25.35, 25.35, 25.35], [25.3, 25.3, 25.3, 25.3, 25.3, 25.3, 25.3, 25.3, 25.3, -999.0, -999.0, 25.3, 25.3, 25.3, 25.36, 25.34, 25.34, 24.72, 24.73, 24.74], [25.3, 25.3, 25.3, 25.3, 25.3, 25.3, 25.3, 25.3, 25.3, 25.3, -999.0, 25.3, 25.3, 24.58, 24.9, 24.96, 24.97, 24.82, 24.85, 24.86], [25.3, 25.3, 25.3, 25.3, 25.3, 25.3, 25.3, 25.3, 25.3, 25.3, -999.0, 24.2, 24.2, 24.2, 24.8, 24.86, 24.88, 24.73, 24.76, 24.79], [25.3, 25.3, 25.3, 25.3, 25.3, 25.3, 25.3, 25.2, 25.2, 25.2, 25.2, 24.82, 24.2, 24.2, 24.2, 24.75, 24.79, 24.65, 24.69, 24.73], [25.3, 25.3, 25.24, 25.24, 25.23, 25.2, 25.2, 25.2, 25.2, 25.2, 24.57, 24.64, 24.55, 24.46, 24.56, 24.57, 24.62, 24.52, 24.78, 24.83], [25.24, 25.24, 25.26, 25.26, 25.2, 25.2, 25.2, 25.2, 25.2, 25.2, 24.77, 24.65, 24.52, 24.4, 24.43, 24.43, 24.51, 24.57, 24.61, 24.64], [25.26, 25.26, 25.26, 25.26, 25.2, 25.2, 25.2, 25.2, 25.2, 24.95, 24.81, 24.66, 24.51, 24.44, 24.23, 24.4, 24.51, 24.59, 24.63, 24.66], [25.26, 25.26, 25.26, 25.2, 25.2, 25.2, 25.2, 25.2, 25.11, 25.01, 24.91, 24.79, 24.65, 24.52, 24.39, 24.47, 24.56, 24.63, 24.67, 24.69], [25.26, 25.26, 25.2, 25.2, 25.2, 25.2, 25.2, 25.2, 25.11, 25.03, 24.93, 24.83, 24.72, 24.64, 24.54, 24.58, 24.64, 24.69, 24.71, 24.72], [25.2, 25.2, 25.2, 25.2, 25.2, 25.2, 25.2, 25.2, 25.04, 25.0, 24.94, 24.86, 24.78, 24.63, 24.65, 24.69, 24.73, 24.76, 24.76, 24.76], [25.2, 25.2, 25.2, 25.2, 25.2, 25.2, 25.2, 25.23, 25.03, 25.0, 24.96, 24.9, 24.85, 24.7, 24.74, 24.79, 24.83, 24.83, 24.81, 24.79], [25.2, 25.2, 25.2, 25.25, 25.25, 25.25, 25.24, 25.24, 25.24, 25.24, 25.24, 25.2, 25.05, 24.76, 24.8, 24.87, 24.93, 24.9, 24.85, 24.82], [25.26, 25.26, 25.26, 25.25, 25.25, 25.25, 25.25, 25.24, 25.24, 25.23, 25.24, 25.25, 25.06, 25.03, 25.02, 24.9, 25.06, 24.9, 24.85, 24.83], [25.26, 25.26, 25.26, 25.26, 25.26, 25.25, 25.25, 25.24, 25.23, 25.22, 25.24, 25.25, 25.26, 25.03, 25.01, 24.99, 24.87, 24.81, 24.84, 24.83], [25.26, 25.26, 25.26, 25.26, 25.26, 25.26, 25.26, 25.25, 25.24, 25.23, 25.25, 25.26, 25.27, 25.03, 25.0, 25.01, 24.96, 24.94, 24.83, 24.82], [25.27, 25.27, 25.27, 25.27, 25.27, 25.27, 25.27, 25.27, 25.26, 25.27, 25.28, 25.28, 25.28, 25.11, 25.07, 25.03, 25.0, 24.99, 24.99, 25.0], [25.27, 25.27, 25.27, 25.27, 25.27, 25.27, 25.28, 25.28, 25.29, 25.31, 25.32, 25.24, 25.19, 25.14, 25.09, 25.06, 25.03, 25.02, 25.01, 25.02], [25.27, 25.27, 25.27, 25.27, 25.28, 25.28, 25.29, 25.3, 25.32, 25.35, 25.36, 25.28, 25.21, 25.16, 25.11, 25.08, 25.06, 25.04, 25.03, 25.03], [25.27, 25.27, 25.28, 25.28, 25.28, 25.29, 25.29, 25.3, 25.26, 25.3, 25.33, 25.28, 25.22, 25.17, 25.13, 25.1, 25.08, 25.06, 25.05, 25.05], [25.27, 25.28, 25.28, 25.28, 25.28, 25.29, 25.3, 25.31, 25.25, 25.27, 25.27, 25.25, 25.21, 25.17, 25.14, 25.11, 25.09, 25.08, 25.07, 25.06], [25.28, 25.28, 25.28, 25.28, 25.29, 25.29, 25.3, 25.22, 25.23, 25.24, 25.24, 25.23, 25.2, 25.17, 25.14, 25.12, 25.1, 25.09, 25.08, 25.07]]}