gis_exercise/awsData/contour/temp_2023091216.json
{"header": {"refTime": "2023-09-12T16:00:00.000Z", "nx": 21, "ny": 33, "lo1": 113.509, "la1": 22.2235, "lo2": 113.5947, "la2": 22.1034, "dx": 0.0042850000000001385, "dy": 0.003753125000000024, "parameterCategory": 0, "parameterCategoryName": "Temperature", "parameterNumber": 0}, "z": [[28.47, 28.47, 28.49, 28.4, 28.42, 28.66, 28.69, 28.72, 28.74, 28.77, 28.76, 28.75, 29.01, 29.02, 28.66, 28.62, 28.66, 28.64, 28.62, 28.6], [28.46, 28.47, 28.48, 28.49, 28.42, 28.46, 28.7, 28.74, 28.78, 28.79, 28.77, 28.76, 29.01, 29.02, 28.66, 28.69, 28.65, 28.61, 28.59, 28.58], [28.45, 28.46, 28.47, 28.48, 28.4, 28.44, 28.51, 28.76, 28.87, 28.8, 28.77, 28.77, 29.02, 29.02, 28.74, 28.68, 28.62, 28.58, 28.56, 28.55], [28.44, 28.45, 28.45, 28.46, 28.47, 28.41, 28.46, 28.56, 28.65, 28.77, 28.75, 28.78, 29.02, 28.87, 28.75, 28.66, 28.58, 28.53, 28.51, 28.51], [28.44, 28.44, 28.44, 28.44, 28.44, 28.35, 28.37, 28.4, 28.42, 28.69, 28.71, 28.86, 28.95, 28.89, 28.74, 28.61, 28.5, 28.44, 28.44, 28.46], [28.43, 28.43, 28.42, 28.42, 28.41, 28.39, 28.28, 28.26, 28.25, 28.25, 28.71, 28.83, 28.91, 29.07, 28.72, 28.55, 28.38, 28.31, 28.35, 28.41], [28.23, 28.42, 28.41, 28.4, 28.38, 28.35, 28.1, 28.13, 28.11, 28.25, 28.34, 28.78, 29.11, 29.1, 28.7, 28.48, 28.21, 28.1, 28.1, 28.17], [28.24, 28.25, 28.25, 28.24, 28.23, 28.17, 28.12, 28.02, 28.0, 28.21, 28.21, 28.86, 28.87, 29.1, 28.38, 28.52, 28.24, 28.14, 28.3, 28.41], [28.16, 28.17, 28.27, 28.28, 28.28, 28.26, 28.19, 28.09, 27.96, 28.26, 28.52, 28.68, 28.76, 28.66, 28.42, 28.58, 28.41, 28.34, 28.38, 28.44], [28.5, 28.5, 28.5, 28.22, 28.26, 28.36, 28.29, 28.19, 28.01, 28.0, 28.77, 28.58, 28.64, 28.62, 28.42, 28.63, 28.53, 28.47, 28.47, 28.49], [28.5, 28.5, 28.5, 28.5, 28.5, 28.5, 28.5, 28.5, 28.29, 27.97, 28.1, 28.52, 28.57, 28.57, 28.4, 28.67, 28.6, 28.55, 28.54, 28.55], [28.5, 28.5, 28.5, 28.5, 28.5, 28.5, 28.5, 28.5, 28.5, -999.0, 28.1, 29.2, 29.2, 28.54, 28.39, 28.72, 28.67, 27.56, 27.57, 27.57], [28.5, 28.5, 28.5, 28.5, 28.5, 28.5, 28.5, 28.5, 28.5, 28.5, -999.0, 29.2, 29.2, 27.96, 28.51, 27.68, 27.69, 27.61, 27.62, 27.63], [28.5, 28.5, 28.5, 28.5, 28.5, 28.5, 28.5, 28.5, 28.5, 28.5, -999.0, 27.3, 27.3, 27.3, 28.34, 27.63, 27.64, 27.57, 27.58, 27.59], [28.5, 28.5, 28.5, 28.5, 28.5, 28.5, 28.5, 28.8, 28.8, 28.8, 28.8, 28.22, 27.3, 27.3, 27.3, 27.57, 27.59, 27.52, 27.54, 27.56], [28.5, 28.5, 28.69, 28.69, 28.7, 28.8, 28.8, 28.8, 28.8, 28.8, 27.86, 27.96, 27.82, 27.7, 27.83, 27.41, 27.43, 27.4, 27.54, 27.55], [28.69, 28.69, 28.61, 28.61, 28.8, 28.8, 28.8, 28.8, 28.8, 28.8, 28.15, 27.97, 27.77, 27.59, 27.51, 27.53, 27.61, 27.68, 27.72, 27.76], [28.61, 28.61, 28.62, 28.62, 28.8, 28.8, 28.8, 28.8, 28.8, 28.42, 28.22, 27.99, 27.76, 27.53, 27.33, 27.5, 27.62, 27.69, 27.74, 27.78], [28.61, 28.62, 28.62, 28.8, 28.8, 28.8, 28.8, 28.8, 28.67, 28.51, 28.35, 28.16, 27.77, 27.6, 27.49, 27.57, 27.66, 27.73, 27.78, 27.81], [28.62, 28.62, 28.74, 28.75, 28.75, 28.75, 28.76, 28.78, 28.65, 28.52, 28.37, 28.21, 27.81, 27.69, 27.63, 27.68, 27.74, 27.79, 27.82, 27.84], [28.74, 28.74, 28.74, 28.76, 28.76, 28.76, 28.77, 28.77, 28.54, 28.48, 28.38, 28.27, 27.85, 27.72, 27.74, 27.77, 27.81, 27.85, 27.87, 27.88], [28.75, 28.75, 28.75, 28.76, 28.76, 28.76, 28.76, 28.87, 28.5, 28.46, 28.4, 28.32, 27.85, 27.8, 27.82, 27.85, 27.88, 27.9, 27.92, 27.92], [28.75, 28.75, 28.75, 28.92, 28.91, 28.9, 28.89, 28.88, 28.87, 28.87, 28.88, 28.44, 28.3, 27.85, 27.88, 27.89, 27.89, 27.95, 27.98, 27.97], [28.94, 28.93, 28.93, 28.92, 28.92, 28.91, 28.89, 28.87, 28.85, 28.84, 28.87, 28.6, 28.32, 28.25, 28.17, 27.94, 27.8, 28.07, 28.05, 28.01], [28.94, 28.94, 28.94, 28.93, 28.93, 28.92, 28.9, 28.88, 28.82, 28.77, 28.85, 28.65, 28.57, 28.26, 28.2, 28.16, 28.13, 28.27, 28.1, 28.03], [28.95, 28.95, 28.95, 28.95, 28.94, 28.94, 28.92, 28.9, 28.84, 28.8, 28.74, 28.71, 28.63, 28.28, 28.23, 28.32, 28.3, 28.32, 28.08, 28.03], [28.96, 28.96, 28.96, 28.96, 28.96, 28.96, 28.96, 28.95, 28.94, 28.95, 28.84, 28.8, 28.71, 28.57, 28.46, 28.39, 28.36, 28.35, 28.34, 28.35], [28.97, 28.97, 28.97, 28.97, 28.98, 28.98, 28.99, 29.01, 29.04, 28.98, 29.01, 29.07, 29.02, 28.96, 28.54, 28.46, 28.41, 28.39, 28.38, 28.38], [28.97, 28.98, 28.98, 28.99, 28.99, 29.01, 29.02, 29.06, 29.11, 29.13, 29.31, 29.16, 29.06, 28.99, 28.6, 28.52, 28.47, 28.44, 28.42, 28.41], [28.98, 28.98, 28.99, 29.0, 29.01, 29.02, 29.05, 29.08, 29.12, 29.21, 29.26, 29.17, 29.08, 29.01, 28.64, 28.57, 28.51, 28.48, 28.45, 28.44], [28.99, 28.99, 29.0, 29.01, 29.02, 29.03, 29.06, 29.09, 29.1, 29.15, 29.16, 29.13, 29.07, 29.02, 28.67, 28.6, 28.55, 28.51, 28.48, 28.47], [28.99, 29.0, 29.0, 29.01, 29.02, 29.04, 29.06, 29.05, 29.08, 29.1, 29.1, 29.08, 29.05, 29.01, 28.68, 28.62, 28.57, 28.54, 28.51, 28.49]]}