gis_exercise/awsData/contour/temp_2023091123.json
{"header": {"refTime": "2023-09-11T23:00:00.000Z", "nx": 21, "ny": 33, "lo1": 113.509, "la1": 22.2235, "lo2": 113.5947, "la2": 22.1034, "dx": 0.0042850000000001385, "dy": 0.003753125000000024, "parameterCategory": 0, "parameterCategoryName": "Temperature", "parameterNumber": 0}, "z": [[26.25, 26.25, 26.24, 25.98, 25.98, 26.29, 26.28, 26.27, 26.27, 26.16, 26.19, 26.21, 26.47, 26.49, 26.59, 26.6, 26.72, 26.72, 26.72, 26.72], [26.25, 26.25, 26.24, 26.23, 25.98, 25.99, 26.26, 26.24, 26.22, 26.15, 26.19, 26.24, 26.5, 26.52, 26.61, 26.72, 26.72, 26.72, 26.72, 26.72], [26.26, 26.25, 26.25, 26.24, 25.98, 25.99, 26.01, 26.21, 26.13, 26.14, 26.2, 26.27, 26.54, 26.55, 26.72, 26.72, 26.72, 26.73, 26.73, 26.73], [26.27, 26.26, 26.25, 26.25, 26.23, 25.99, 26.0, 26.02, 26.03, 26.14, 26.22, 26.34, 26.61, 26.47, 26.73, 26.73, 26.73, 26.73, 26.73, 26.73], [26.27, 26.27, 26.26, 26.26, 26.25, 25.98, 25.99, 25.99, 25.98, 26.12, 26.21, 26.49, 26.67, 26.52, 26.72, 26.73, 26.73, 26.74, 26.74, 26.73], [26.28, 26.28, 26.28, 26.27, 26.26, 26.25, 25.99, 25.99, 25.96, 25.9, 26.22, 26.4, 26.55, 26.7, 26.72, 26.73, 26.74, 26.75, 26.75, 26.74], [26.37, 26.29, 26.29, 26.29, 26.28, 26.27, 26.1, 26.01, 25.99, 25.94, 25.89, 26.25, 26.63, 26.65, 26.7, 26.73, 26.76, 26.78, 26.8, 26.8], [26.37, 26.37, 26.37, 26.37, 26.37, 26.16, 26.13, 26.12, 26.14, 25.89, 25.67, 26.19, 26.2, 26.65, 26.69, 26.66, 26.72, 26.75, 26.71, 26.68], [26.33, 26.33, 26.39, 26.39, 26.39, 26.38, 26.34, 26.12, 25.98, 25.97, 25.88, 26.03, 26.1, 26.01, 26.68, 26.64, 26.68, 26.7, 26.69, 26.67], [26.5, 26.5, 26.5, 26.36, 26.38, 26.43, 26.4, 26.34, 25.8, 25.84, 26.11, 25.94, 25.99, 25.97, 26.68, 26.63, 26.66, 26.67, 26.67, 26.66], [26.5, 26.5, 26.5, 26.5, 26.5, 26.5, 26.5, 26.5, 26.39, 25.96, 25.5, 25.88, 25.93, 25.93, 26.68, 26.62, 26.64, 26.65, 26.65, 26.65], [26.5, 26.5, 26.5, 26.5, 26.5, 26.5, 26.5, 26.5, 26.5, -999.0, 25.5, 26.5, 26.5, 25.9, 26.69, 26.61, 26.62, 26.0, 26.02, 26.03], [26.5, 26.5, 26.5, 26.5, 26.5, 26.5, 26.5, 26.5, 26.5, 26.5, -999.0, 26.5, 26.5, 25.78, 26.1, 26.29, 26.3, 26.13, 26.15, 26.17], [26.5, 26.5, 26.5, 26.5, 26.5, 26.5, 26.5, 26.5, 26.5, 26.5, -999.0, 25.4, 25.4, 25.4, 26.0, 26.17, 26.2, 26.02, 26.06, 26.09], [26.5, 26.5, 26.5, 26.5, 26.5, 26.5, 26.5, 26.5, 26.5, 26.5, 26.5, 26.08, 25.4, 25.4, 25.4, 26.04, 26.08, 25.92, 25.97, 26.01], [26.5, 26.5, 26.5, 26.5, 26.5, 26.5, 26.5, 26.5, 26.5, 26.5, 25.81, 25.89, 25.78, 25.69, 25.79, 25.8, 25.86, 25.76, 26.06, 26.11], [26.5, 26.5, 26.5, 26.5, 26.5, 26.5, 26.5, 26.5, 26.5, 26.5, 26.03, 25.89, 25.75, 25.61, 25.65, 25.64, 25.73, 25.79, 25.84, 25.87], [26.5, 26.5, 26.5, 26.5, 26.5, 26.5, 26.5, 26.5, 26.5, 26.22, 26.07, 25.91, 25.74, 25.66, 25.44, 25.61, 25.74, 25.81, 25.86, 25.89], [26.5, 26.5, 26.5, 26.5, 26.5, 26.5, 26.5, 26.5, 26.4, 26.29, 26.16, 26.03, 25.9, 25.75, 25.6, 25.69, 25.79, 25.86, 25.9, 25.92], [26.5, 26.5, 26.44, 26.45, 26.45, 26.45, 26.46, 26.48, 26.39, 26.29, 26.18, 26.06, 25.97, 25.89, 25.76, 25.81, 25.87, 25.92, 25.95, 25.96], [26.44, 26.44, 26.44, 26.46, 26.46, 26.46, 26.47, 26.47, 26.31, 26.26, 26.19, 26.1, 26.04, 25.86, 25.88, 25.93, 25.97, 26.0, 26.0, 26.0], [26.45, 26.45, 26.45, 26.46, 26.46, 26.46, 26.46, 26.47, 26.27, 26.24, 26.2, 26.14, 26.08, 25.94, 25.98, 26.03, 26.07, 26.08, 26.06, 26.03], [26.45, 26.45, 26.45, 26.46, 26.46, 26.46, 26.46, 26.46, 26.45, 26.45, 26.45, 26.46, 26.29, 26.0, 26.05, 26.12, 26.19, 26.15, 26.09, 26.06], [26.46, 26.46, 26.46, 26.46, 26.46, 26.46, 26.45, 26.45, 26.44, 26.44, 26.44, 26.45, 26.29, 26.27, 26.26, 26.15, 26.34, 26.15, 26.1, 26.07], [26.46, 26.46, 26.46, 26.46, 26.46, 26.46, 26.45, 26.44, 26.43, 26.42, 26.43, 26.45, 26.46, 26.27, 26.25, 26.23, 26.11, 26.04, 26.08, 26.06], [26.46, 26.46, 26.46, 26.46, 26.46, 26.46, 26.45, 26.44, 26.43, 26.42, 26.44, 26.45, 26.46, 26.27, 26.24, 26.23, 26.19, 26.17, 26.07, 26.06], [26.46, 26.46, 26.46, 26.46, 26.46, 26.46, 26.45, 26.45, 26.45, 26.44, 26.45, 26.46, 26.46, 26.31, 26.28, 26.25, 26.22, 26.21, 26.21, 26.22], [26.46, 26.46, 26.46, 26.46, 26.46, 26.46, 26.46, 26.46, 26.46, 26.47, 26.47, 26.38, 26.34, 26.3, 26.29, 26.27, 26.25, 26.23, 26.23, 26.24], [26.46, 26.46, 26.46, 26.46, 26.46, 26.46, 26.46, 26.46, 26.47, 26.48, 26.47, 26.41, 26.36, 26.31, 26.31, 26.28, 26.26, 26.25, 26.25, 26.25], [26.46, 26.46, 26.46, 26.46, 26.46, 26.46, 26.46, 26.47, 26.4, 26.43, 26.45, 26.41, 26.36, 26.32, 26.32, 26.3, 26.28, 26.27, 26.26, 26.26], [26.46, 26.46, 26.46, 26.46, 26.46, 26.46, 26.47, 26.47, 26.39, 26.41, 26.41, 26.39, 26.36, 26.32, 26.32, 26.3, 26.29, 26.28, 26.27, 26.27], [26.46, 26.46, 26.46, 26.46, 26.47, 26.47, 26.47, 26.37, 26.38, 26.38, 26.38, 26.37, 26.35, 26.32, 26.33, 26.31, 26.3, 26.29, 26.28, 26.28]]}