gis_exercise/awsData/contour/temp_2023090712.json
{"header": {"refTime": "2023-09-07T12:00:00.000Z", "nx": 21, "ny": 33, "lo1": 113.509, "la1": 22.2235, "lo2": 113.5947, "la2": 22.1034, "dx": 0.0042850000000001385, "dy": 0.003753125000000024, "parameterCategory": 0, "parameterCategoryName": "Temperature", "parameterNumber": 0}, "z": [[28.23, 28.22, 28.22, 28.12, 28.13, 28.19, 28.2, 28.2, 28.21, 28.26, 28.28, 28.29, 28.28, 28.28, 28.14, 28.12, 28.1, 28.08, 28.07, 28.06], [28.23, 28.23, 28.22, 28.22, 28.12, 28.13, 28.19, 28.2, 28.2, 28.25, 28.28, 28.3, 28.29, 28.29, 28.14, 28.12, 28.09, 28.07, 28.06, 28.05], [28.23, 28.23, 28.22, 28.22, 28.12, 28.13, 28.14, 28.2, 28.2, 28.24, 28.28, 28.31, 28.3, 28.3, 28.15, 28.11, 28.08, 28.05, 28.04, 28.03], [28.24, 28.23, 28.23, 28.22, 28.21, 28.12, 28.13, 28.15, 28.17, 28.26, 28.3, 28.33, 28.32, 28.34, 28.16, 28.1, 28.05, 28.02, 28.01, 28.01], [28.24, 28.24, 28.23, 28.23, 28.21, 28.11, 28.11, 28.12, 28.12, 28.31, 28.32, 28.33, 28.38, 28.35, 28.15, 28.07, 28.01, 27.98, 27.97, 27.98], [28.25, 28.24, 28.24, 28.23, 28.22, 28.2, 28.09, 28.08, 28.11, 28.12, 28.28, 28.33, 28.35, 28.33, 28.13, 28.04, 27.95, 27.91, 27.93, 27.96], [28.28, 28.25, 28.25, 28.25, 28.23, 28.21, 28.25, 28.08, 28.07, 28.1, 28.08, 28.31, 28.29, 28.3, 28.1, 27.99, 27.85, 27.8, 27.83, 27.87], [28.29, 28.29, 28.29, 28.29, 28.28, 28.24, 28.18, 28.14, 28.02, 28.09, 28.09, 28.2, 28.2, 28.3, 27.89, 27.94, 27.83, 27.79, 27.85, 27.9], [28.21, 28.22, 28.31, 28.32, 28.32, 28.3, 28.24, 28.15, 28.0, 28.11, 28.2, 28.2, 28.2, 28.2, 27.9, 27.96, 27.9, 27.87, 27.89, 27.91], [28.5, 28.5, 28.5, 28.27, 28.3, 28.39, 28.33, 28.24, 28.0, 28.0, 28.2, 28.2, 28.2, 28.2, 27.9, 27.98, 27.94, 27.92, 27.92, 27.93], [28.5, 28.5, 28.5, 28.5, 28.5, 28.5, 28.5, 28.5, 28.32, 28.0, -999.0, 28.2, 28.2, 28.2, 27.89, 28.0, 27.97, 27.95, 27.95, 27.95], [28.5, 28.5, 28.5, 28.5, 28.5, 28.5, 28.5, 28.5, 28.5, -999.0, -999.0, 28.2, 28.2, 28.2, 27.89, 28.01, 28.0, 27.3, 27.31, 27.31], [28.5, 28.5, 28.5, 28.5, 28.5, 28.5, 28.5, 28.5, 28.5, 28.5, -999.0, 28.2, 28.2, 27.42, 27.76, 27.45, 27.45, 27.36, 27.38, 27.38], [28.5, 28.5, 28.5, 28.5, 28.5, 28.5, 28.5, 28.5, 28.5, 28.5, -999.0, 27.0, 27.0, 27.0, 27.66, 27.39, 27.4, 27.31, 27.33, 27.34], [28.5, 28.5, 28.5, 28.5, 28.5, 28.5, 28.5, 28.6, 28.6, 28.6, 28.6, 27.99, 27.0, 27.0, 27.0, 27.32, 27.34, 27.26, 27.29, 27.31], [28.5, 28.5, 28.56, 28.56, 28.57, 28.6, 28.6, 28.6, 28.6, 28.6, 27.59, 27.71, 27.55, 27.42, 27.57, 27.22, 27.25, 27.19, 27.35, 27.37], [28.56, 28.56, 28.54, 28.54, 28.6, 28.6, 28.6, 28.6, 28.6, 28.6, 27.91, 27.71, 27.5, 27.31, 27.26, 27.18, 27.24, 27.29, 27.33, 27.35], [28.54, 28.54, 28.54, 28.54, 28.6, 28.6, 28.6, 28.6, 28.6, 28.19, 27.98, 27.74, 27.49, 27.27, 27.04, 27.16, 27.25, 27.3, 27.34, 27.37], [28.54, 28.54, 28.54, 28.6, 28.6, 28.6, 28.6, 28.6, 28.46, 28.29, 28.12, 27.92, 27.55, 27.36, 27.14, 27.21, 27.28, 27.34, 27.37, 27.39], [28.54, 28.54, 28.54, 28.55, 28.55, 28.55, 28.56, 28.58, 28.44, 28.31, 28.15, 27.98, 27.61, 27.48, 27.26, 27.3, 27.35, 27.38, 27.4, 27.41], [28.54, 28.54, 28.54, 28.56, 28.56, 28.56, 28.57, 28.57, 28.33, 28.26, 28.16, 28.03, 27.66, 27.33, 27.35, 27.38, 27.41, 27.43, 27.44, 27.44], [28.55, 28.55, 28.55, 28.56, 28.56, 28.56, 28.56, 28.62, 28.29, 28.24, 28.18, 28.09, 27.68, 27.39, 27.42, 27.45, 27.48, 27.49, 27.48, 27.47], [28.55, 28.55, 28.55, 28.64, 28.63, 28.63, 28.62, 28.62, 28.61, 28.61, 28.61, 28.29, 27.93, 27.43, 27.46, 27.5, 27.54, 27.53, 27.52, 27.5], [28.65, 28.65, 28.65, 28.64, 28.64, 28.63, 28.62, 28.61, 28.59, 28.59, 28.6, 28.38, 27.95, 27.85, 27.77, 27.53, 27.58, 27.57, 27.54, 27.51], [28.65, 28.65, 28.65, 28.65, 28.64, 28.64, 28.63, 28.61, 28.57, 28.54, 28.59, 28.42, 28.34, 27.87, 27.78, 27.7, 27.57, 27.57, 27.54, 27.52], [28.66, 28.66, 28.66, 28.65, 28.65, 28.65, 28.64, 28.62, 28.59, 28.56, 28.49, 28.46, 28.39, 27.88, 27.8, 27.8, 27.74, 27.72, 27.53, 27.52], [28.66, 28.66, 28.66, 28.66, 28.66, 28.66, 28.65, 28.65, 28.64, 28.65, 28.54, 28.51, 28.44, 28.06, 27.95, 27.87, 27.81, 27.79, 27.79, 27.81], [28.67, 28.67, 28.67, 28.67, 28.67, 28.67, 28.68, 28.68, 28.7, 28.63, 28.65, 28.59, 28.5, 28.4, 28.03, 27.94, 27.88, 27.85, 27.84, 27.84], [28.67, 28.67, 28.67, 28.67, 28.68, 28.68, 28.69, 28.71, 28.74, 28.73, 28.82, 28.66, 28.54, 28.44, 28.09, 28.0, 27.94, 27.91, 27.89, 27.88], [28.67, 28.67, 28.68, 28.68, 28.69, 28.69, 28.71, 28.72, 28.64, 28.72, 28.77, 28.67, 28.56, 28.47, 28.13, 28.05, 27.99, 27.95, 27.93, 27.92], [28.68, 28.68, 28.68, 28.69, 28.69, 28.7, 28.71, 28.73, 28.61, 28.65, 28.66, 28.62, 28.54, 28.47, 28.16, 28.09, 28.03, 27.99, 27.96, 27.95], [28.68, 28.68, 28.68, 28.69, 28.69, 28.7, 28.71, 28.56, 28.58, 28.6, 28.6, 28.57, 28.52, 28.47, 28.17, 28.11, 28.06, 28.02, 27.99, 27.97]]}