gis_exercise/awsData/contour/temp_2023090202.json
{"header": {"refTime": "2023-09-02T02:00:00.000Z", "nx": 21, "ny": 33, "lo1": 113.509, "la1": 22.2235, "lo2": 113.5947, "la2": 22.1034, "dx": 0.0042850000000001385, "dy": 0.003753125000000024, "parameterCategory": 0, "parameterCategoryName": "Temperature", "parameterNumber": 0}, "z": [[25.23, 25.22, 25.22, 25.01, 25.02, 25.21, 25.22, 25.22, 25.23, 25.22, 25.24, 25.25, 25.36, 25.37, 25.34, 25.33, 25.31, 25.3, 25.3, 25.29], [25.23, 25.22, 25.22, 25.21, 25.02, 25.03, 25.21, 25.22, 25.22, 25.22, 25.24, 25.27, 25.37, 25.38, 25.35, 25.33, 25.31, 25.3, 25.29, 25.28], [25.23, 25.23, 25.22, 25.21, 25.01, 25.03, 25.05, 25.21, 25.2, 25.22, 25.25, 25.29, 25.4, 25.4, 25.36, 25.33, 25.3, 25.29, 25.28, 25.27], [25.24, 25.23, 25.22, 25.22, 25.21, 25.01, 25.03, 25.07, 25.1, 25.21, 25.26, 25.33, 25.44, 25.35, 25.36, 25.32, 25.29, 25.27, 25.26, 25.26], [25.24, 25.24, 25.23, 25.22, 25.21, 24.99, 25.0, 25.01, 25.02, 25.2, 25.25, 25.37, 25.5, 25.38, 25.36, 25.3, 25.27, 25.25, 25.24, 25.25], [25.25, 25.25, 25.24, 25.23, 25.22, 25.19, 24.97, 24.97, 24.96, 24.94, 25.18, 25.3, 25.4, 25.47, 25.34, 25.28, 25.23, 25.21, 25.22, 25.23], [25.29, 25.26, 25.26, 25.25, 25.23, 25.2, 25.05, 24.93, 24.92, 24.91, 24.92, 25.17, 25.37, 25.4, 25.3, 25.25, 25.18, 25.15, 25.19, 25.22], [25.3, 25.3, 25.31, 25.3, 25.29, 25.14, 25.08, 24.98, 24.91, 24.9, 24.85, 25.08, 25.08, 25.4, 25.14, 25.15, 25.13, 25.12, 25.13, 25.14], [25.2, 25.21, 25.33, 25.34, 25.35, 25.32, 25.24, 25.04, 24.87, 24.92, 24.95, 25.01, 25.04, 25.0, 25.14, 25.15, 25.14, 25.13, 25.14, 25.14], [25.6, 25.6, 25.6, 25.27, 25.32, 25.44, 25.36, 25.24, 24.84, 24.85, 25.04, 24.98, 25.0, 24.99, 25.14, 25.16, 25.15, 25.14, 25.14, 25.15], [25.6, 25.6, 25.6, 25.6, 25.6, 25.6, 25.6, 25.6, 25.35, 24.87, 24.8, 24.95, 24.97, 24.97, 25.14, 25.16, 25.15, 25.15, 25.15, 25.15], [25.6, 25.6, 25.6, 25.6, 25.6, 25.6, 25.6, 25.6, 25.6, -999.0, 24.8, 25.2, 25.2, 24.96, 25.14, 25.16, 25.16, 24.93, 24.93, 24.93], [25.6, 25.6, 25.6, 25.6, 25.6, 25.6, 25.6, 25.6, 25.6, 25.6, -999.0, 25.2, 25.2, 24.94, 25.05, 24.99, 24.99, 24.96, 24.96, 24.96], [25.6, 25.6, 25.6, 25.6, 25.6, 25.6, 25.6, 25.6, 25.6, 25.6, -999.0, 24.8, 24.8, 24.8, 25.02, 24.97, 24.97, 24.93, 24.94, 24.95], [25.6, 25.6, 25.6, 25.6, 25.6, 25.6, 25.6, 25.5, 25.5, 25.5, 25.5, 25.23, 24.8, 24.8, 24.8, 24.94, 24.95, 24.91, 24.92, 24.93], [25.6, 25.6, 25.54, 25.54, 25.53, 25.5, 25.5, 25.5, 25.5, 25.5, 25.06, 25.11, 25.04, 24.98, 25.05, 24.87, 24.88, 24.86, 24.93, 24.94], [25.54, 25.54, 25.56, 25.56, 25.5, 25.5, 25.5, 25.5, 25.5, 25.5, 25.2, 25.11, 25.02, 24.94, 24.91, 24.87, 24.9, 24.92, 24.93, 24.95], [25.56, 25.56, 25.56, 25.56, 25.5, 25.5, 25.5, 25.5, 25.5, 25.32, 25.23, 25.12, 25.01, 24.91, 24.82, 24.86, 24.9, 24.93, 24.94, 24.95], [25.56, 25.56, 25.56, 25.5, 25.5, 25.5, 25.5, 25.5, 25.44, 25.36, 25.26, 25.17, 25.03, 24.95, 24.86, 24.89, 24.92, 24.94, 24.95, 24.96], [25.56, 25.56, 25.39, 25.39, 25.4, 25.41, 25.43, 25.47, 25.41, 25.34, 25.27, 25.19, 25.05, 25.0, 24.91, 24.92, 24.94, 24.96, 24.97, 24.97], [25.38, 25.38, 25.38, 25.42, 25.42, 25.43, 25.43, 25.44, 25.34, 25.31, 25.26, 25.21, 25.07, 24.94, 24.94, 24.96, 24.97, 24.98, 24.98, 24.98], [25.41, 25.41, 25.41, 25.41, 25.41, 25.41, 25.42, 25.38, 25.31, 25.29, 25.26, 25.22, 25.03, 24.96, 24.97, 24.98, 24.99, 25.0, 25.0, 25.0], [25.4, 25.4, 25.4, 25.35, 25.35, 25.35, 25.35, 25.35, 25.35, 25.34, 25.34, 25.28, 25.14, 24.98, 24.99, 25.0, 25.01, 25.02, 25.01, 25.01], [25.34, 25.34, 25.34, 25.34, 25.34, 25.34, 25.34, 25.33, 25.33, 25.32, 25.32, 25.2, 25.15, 25.12, 25.09, 25.01, 25.01, 25.04, 25.03, 25.02], [25.34, 25.34, 25.34, 25.33, 25.33, 25.33, 25.32, 25.32, 25.31, 25.3, 25.31, 25.21, 25.18, 25.12, 25.1, 25.08, 25.04, 25.06, 25.03, 25.02], [25.33, 25.33, 25.33, 25.33, 25.32, 25.32, 25.31, 25.31, 25.3, 25.3, 25.24, 25.21, 25.19, 25.13, 25.11, 25.07, 25.07, 25.07, 25.03, 25.02], [25.33, 25.33, 25.32, 25.32, 25.32, 25.31, 25.31, 25.3, 25.29, 25.29, 25.22, 25.21, 25.19, 25.1, 25.09, 25.08, 25.08, 25.08, 25.08, 25.08], [25.33, 25.32, 25.32, 25.32, 25.31, 25.31, 25.3, 25.29, 25.28, 25.21, 25.21, 25.21, 25.21, 25.2, 25.1, 25.09, 25.09, 25.08, 25.08, 25.08], [25.32, 25.32, 25.32, 25.31, 25.31, 25.3, 25.29, 25.28, 25.27, 25.2, 25.2, 25.21, 25.21, 25.2, 25.11, 25.1, 25.09, 25.09, 25.09, 25.09], [25.32, 25.32, 25.31, 25.31, 25.3, 25.3, 25.29, 25.28, 25.22, 25.21, 25.21, 25.21, 25.21, 25.2, 25.11, 25.1, 25.1, 25.09, 25.09, 25.09], [25.32, 25.31, 25.31, 25.31, 25.3, 25.29, 25.29, 25.28, 25.21, 25.21, 25.21, 25.21, 25.2, 25.2, 25.12, 25.11, 25.1, 25.1, 25.09, 25.09], [25.32, 25.31, 25.31, 25.31, 25.3, 25.29, 25.29, 25.21, 25.21, 25.21, 25.21, 25.21, 25.2, 25.2, 25.12, 25.11, 25.1, 25.1, 25.1, 25.09]]}