gis_exercise/awsData/contour/temp_2023090912.json
{"header": {"refTime": "2023-09-09T12:00:00.000Z", "nx": 21, "ny": 33, "lo1": 113.509, "la1": 22.2235, "lo2": 113.5947, "la2": 22.1034, "dx": 0.0042850000000001385, "dy": 0.003753125000000024, "parameterCategory": 0, "parameterCategoryName": "Temperature", "parameterNumber": 0}, "z": [[25.89, 25.88, 25.88, 25.64, 25.65, 25.87, 25.87, 25.86, 25.87, 25.8, 25.82, 25.83, 26.03, 26.04, 26.02, 26.02, 26.1, 26.1, 26.09, 26.09], [25.89, 25.89, 25.88, 25.87, 25.65, 25.66, 25.86, 25.85, 25.85, 25.8, 25.82, 25.84, 26.04, 26.06, 26.03, 26.11, 26.1, 26.09, 26.09, 26.09], [25.9, 25.89, 25.88, 25.88, 25.65, 25.66, 25.68, 25.84, 25.81, 25.8, 25.83, 25.87, 26.07, 26.08, 26.12, 26.11, 26.1, 26.09, 26.09, 26.08], [25.9, 25.9, 25.89, 25.88, 25.87, 25.65, 25.67, 25.69, 25.72, 25.8, 25.83, 25.9, 26.1, 26.0, 26.12, 26.1, 26.09, 26.08, 26.08, 26.08], [25.91, 25.9, 25.9, 25.89, 25.88, 25.64, 25.65, 25.65, 25.65, 25.77, 25.82, 26.0, 26.12, 26.03, 26.12, 26.1, 26.08, 26.07, 26.07, 26.07], [25.92, 25.91, 25.91, 25.9, 25.89, 25.87, 25.63, 25.63, 25.61, 25.57, 25.83, 25.95, 26.05, 26.17, 26.11, 26.09, 26.06, 26.05, 26.06, 26.06], [25.98, 25.93, 25.92, 25.92, 25.91, 25.89, 25.72, 25.62, 25.6, 25.59, 25.58, 25.86, 26.14, 26.15, 26.1, 26.07, 26.04, 26.03, 26.04, 26.05], [25.99, 25.99, 25.99, 25.99, 25.98, 25.8, 25.75, 25.7, 25.68, 25.56, 25.43, 25.85, 25.86, 26.15, 26.04, 26.05, 26.03, 26.02, 26.03, 26.04], [25.91, 25.92, 26.01, 26.02, 26.02, 26.0, 25.94, 25.73, 25.57, 25.62, 25.61, 25.73, 25.78, 25.71, 26.04, 26.05, 26.04, 26.03, 26.04, 26.04], [26.2, 26.2, 26.2, 25.97, 26.0, 26.09, 26.03, 25.94, 25.47, 25.49, 25.79, 25.65, 25.7, 25.67, 26.04, 26.06, 26.05, 26.04, 26.04, 26.05], [26.2, 26.2, 26.2, 26.2, 26.2, 26.2, 26.2, 26.2, 26.02, 25.56, 25.3, 25.6, 25.64, 25.64, 26.04, 26.06, 26.05, 26.05, 26.05, 26.05], [26.2, 26.2, 26.2, 26.2, 26.2, 26.2, 26.2, 26.2, 26.2, -999.0, 25.3, 26.1, 26.1, 25.62, 26.04, 26.06, 26.06, 25.43, 25.45, 25.45], [26.2, 26.2, 26.2, 26.2, 26.2, 26.2, 26.2, 26.2, 26.2, 26.2, -999.0, 26.1, 26.1, 25.38, 25.7, 25.64, 25.64, 25.52, 25.54, 25.55], [26.2, 26.2, 26.2, 26.2, 26.2, 26.2, 26.2, 26.2, 26.2, 26.2, -999.0, 25.0, 25.0, 25.0, 25.6, 25.55, 25.57, 25.44, 25.47, 25.49], [26.2, 26.2, 26.2, 26.2, 26.2, 26.2, 26.2, 26.1, 26.1, 26.1, 26.1, 25.68, 25.0, 25.0, 25.0, 25.46, 25.49, 25.37, 25.41, 25.44], [26.2, 26.2, 26.14, 26.14, 26.13, 26.1, 26.1, 26.1, 26.1, 26.1, 25.41, 25.49, 25.38, 25.29, 25.39, 25.29, 25.34, 25.26, 25.48, 25.51], [26.14, 26.14, 26.16, 26.16, 26.1, 26.1, 26.1, 26.1, 26.1, 26.1, 25.63, 25.49, 25.35, 25.21, 25.22, 25.22, 25.3, 25.36, 25.41, 25.44], [26.16, 26.16, 26.16, 26.16, 26.1, 26.1, 26.1, 26.1, 26.1, 25.82, 25.67, 25.51, 25.34, 25.23, 25.03, 25.2, 25.31, 25.38, 25.43, 25.46], [26.16, 26.16, 26.16, 26.1, 26.1, 26.1, 26.1, 26.1, 26.0, 25.89, 25.78, 25.65, 25.45, 25.3, 25.18, 25.26, 25.36, 25.42, 25.46, 25.49], [26.16, 26.16, 26.1, 26.1, 26.1, 26.1, 26.1, 26.1, 26.0, 25.91, 25.8, 25.69, 25.51, 25.42, 25.33, 25.37, 25.43, 25.48, 25.51, 25.52], [26.1, 26.1, 26.1, 26.1, 26.1, 26.1, 26.1, 26.1, 25.93, 25.88, 25.81, 25.73, 25.56, 25.42, 25.44, 25.48, 25.52, 25.55, 25.56, 25.56], [26.1, 26.1, 26.1, 26.1, 26.1, 26.1, 26.1, 26.12, 25.91, 25.88, 25.83, 25.77, 25.61, 25.49, 25.53, 25.57, 25.6, 25.61, 25.6, 25.59], [26.1, 26.1, 26.1, 26.13, 26.12, 26.12, 26.12, 26.12, 26.12, 26.12, 26.12, 26.02, 25.88, 25.55, 25.59, 25.64, 25.68, 25.67, 25.65, 25.62], [26.13, 26.13, 26.13, 26.13, 26.13, 26.12, 26.12, 26.12, 26.12, 26.12, 26.12, 26.05, 25.89, 25.85, 25.82, 25.67, 25.75, 25.71, 25.67, 25.64], [26.13, 26.13, 26.13, 26.13, 26.13, 26.13, 26.13, 26.12, 26.12, 26.11, 26.12, 26.06, 26.04, 25.86, 25.82, 25.79, 25.7, 25.7, 25.67, 25.64], [26.13, 26.13, 26.13, 26.13, 26.13, 26.13, 26.13, 26.13, 26.12, 26.11, 26.09, 26.07, 26.05, 25.86, 25.83, 25.82, 25.79, 25.78, 25.66, 25.64], [26.13, 26.13, 26.13, 26.13, 26.13, 26.13, 26.13, 26.13, 26.13, 26.13, 26.1, 26.09, 26.07, 25.91, 25.87, 25.84, 25.82, 25.81, 25.81, 25.82], [26.13, 26.13, 26.13, 26.14, 26.14, 26.14, 26.14, 26.14, 26.15, 26.12, 26.13, 26.1, 26.06, 26.02, 25.9, 25.87, 25.84, 25.83, 25.83, 25.83], [26.14, 26.14, 26.14, 26.14, 26.14, 26.14, 26.14, 26.15, 26.16, 26.15, 26.17, 26.12, 26.08, 26.04, 25.92, 25.89, 25.87, 25.85, 25.85, 25.84], [26.14, 26.14, 26.14, 26.14, 26.14, 26.14, 26.15, 26.15, 26.11, 26.14, 26.16, 26.12, 26.08, 26.05, 25.93, 25.9, 25.88, 25.87, 25.86, 25.86], [26.14, 26.14, 26.14, 26.14, 26.14, 26.14, 26.15, 26.15, 26.1, 26.12, 26.12, 26.1, 26.08, 26.05, 25.94, 25.92, 25.9, 25.88, 25.87, 25.87], [26.14, 26.14, 26.14, 26.14, 26.14, 26.15, 26.15, 26.09, 26.09, 26.1, 26.1, 26.09, 26.07, 26.05, 25.95, 25.92, 25.91, 25.89, 25.88, 25.88]]}