gis_exercise/awsData/contour/temp_2023090607.json
{"header": {"refTime": "2023-09-06T07:00:00.000Z", "nx": 21, "ny": 33, "lo1": 113.509, "la1": 22.2235, "lo2": 113.5947, "la2": 22.1034, "dx": 0.0042850000000001385, "dy": 0.003753125000000024, "parameterCategory": 0, "parameterCategoryName": "Temperature", "parameterNumber": 0}, "z": [[29.04, 29.03, 29.02, 28.8, 28.8, 29.1, 29.09, 29.07, 29.08, 29.08, 29.15, 29.21, 29.49, 29.53, 29.55, 29.57, 29.81, 29.81, 29.8, 29.8], [29.05, 29.04, 29.03, 29.01, 28.8, 28.8, 29.06, 29.02, 29.0, 29.04, 29.15, 29.24, 29.53, 29.57, 29.59, 29.82, 29.81, 29.8, 29.8, 29.79], [29.05, 29.05, 29.03, 29.02, 28.81, 28.8, 28.8, 28.98, 28.85, 29.01, 29.17, 29.3, 29.6, 29.63, 29.84, 29.82, 29.81, 29.8, 29.79, 29.79], [29.07, 29.06, 29.05, 29.03, 29.01, 28.81, 28.81, 28.8, 28.8, 29.06, 29.22, 29.41, 29.71, 29.67, 29.84, 29.82, 29.8, 29.79, 29.78, 29.78], [29.08, 29.07, 29.06, 29.05, 29.03, 28.81, 28.81, 28.81, 28.8, 29.11, 29.26, 29.69, 29.87, 29.72, 29.84, 29.81, 29.79, 29.78, 29.77, 29.77], [29.09, 29.09, 29.08, 29.07, 29.06, 29.03, 28.82, 28.82, 28.81, 28.79, 29.42, 29.6, 29.75, 29.9, 29.82, 29.79, 29.77, 29.75, 29.76, 29.77], [29.23, 29.11, 29.11, 29.1, 29.09, 29.07, 29.0, 28.83, 28.83, 28.96, 28.99, 29.45, 29.83, 29.85, 29.8, 29.78, 29.74, 29.73, 29.76, 29.77], [29.24, 29.25, 29.25, 29.24, 29.23, 29.08, 29.02, 28.95, 28.92, 28.93, 28.83, 29.39, 29.4, 29.85, 29.7, 29.7, 29.7, 29.7, 29.7, 29.7], [29.16, 29.17, 29.27, 29.28, 29.28, 29.26, 29.19, 29.0, 28.84, 28.99, 29.08, 29.23, 29.3, 29.21, 29.7, 29.7, 29.7, 29.7, 29.7, 29.7], [29.5, 29.5, 29.5, 29.22, 29.26, 29.36, 29.29, 29.19, 28.79, 28.8, 29.31, 29.14, 29.19, 29.17, 29.7, 29.7, 29.7, 29.7, 29.7, 29.7], [29.5, 29.5, 29.5, 29.5, 29.5, 29.5, 29.5, 29.5, 29.29, 28.83, 28.7, 29.08, 29.13, 29.13, 29.7, 29.7, 29.7, 29.7, 29.7, 29.7], [29.5, 29.5, 29.5, 29.5, 29.5, 29.5, 29.5, 29.5, 29.5, -999.0, 28.7, 29.7, 29.7, 29.1, 29.7, 29.7, 29.7, 28.68, 28.7, 28.71], [29.5, 29.5, 29.5, 29.5, 29.5, 29.5, 29.5, 29.5, 29.5, 29.5, -999.0, 29.7, 29.7, 28.52, 29.04, 29.04, 29.06, 28.84, 28.87, 28.89], [29.5, 29.5, 29.5, 29.5, 29.5, 29.5, 29.5, 29.5, 29.5, 29.5, -999.0, 27.9, 27.9, 27.9, 28.89, 28.89, 28.92, 28.7, 28.75, 28.78], [29.5, 29.5, 29.5, 29.5, 29.5, 29.5, 29.5, 28.2, 28.2, 28.2, 28.2, 28.08, 27.9, 27.9, 27.9, 28.72, 28.78, 28.57, 28.63, 28.69], [29.5, 29.5, 28.68, 28.67, 28.64, 28.2, 28.2, 28.2, 28.2, 28.2, 28.01, 28.03, 28.0, 27.98, 28.01, 28.08, 28.11, 28.06, 28.5, 28.55], [28.67, 28.66, 29.04, 29.02, 28.2, 28.2, 28.2, 28.2, 28.2, 28.2, 28.07, 28.03, 27.99, 27.96, 27.99, 27.85, 27.83, 27.82, 27.81, 27.8], [29.04, 29.02, 29.0, 28.96, 28.2, 28.2, 28.2, 28.2, 28.2, 28.12, 28.08, 28.04, 27.99, 27.99, 27.91, 27.86, 27.83, 27.82, 27.8, 27.79], [29.01, 28.99, 28.96, 28.2, 28.2, 28.2, 28.2, 28.2, 28.17, 28.14, 28.1, 28.06, 28.07, 28.03, 27.86, 27.85, 27.83, 27.81, 27.8, 27.79], [28.99, 28.97, 28.14, 28.15, 28.15, 28.15, 28.16, 28.18, 28.16, 28.13, 28.1, 28.06, 28.1, 28.08, 27.84, 27.83, 27.82, 27.8, 27.79, 27.78], [28.14, 28.14, 28.14, 28.16, 28.16, 28.16, 28.17, 28.17, 28.13, 28.12, 28.09, 28.07, 28.13, 27.82, 27.82, 27.82, 27.81, 27.8, 27.78, 27.77], [28.15, 28.15, 28.15, 28.16, 28.16, 28.16, 28.16, 28.22, 28.11, 28.1, 28.09, 28.07, 28.12, 27.81, 27.81, 27.82, 27.83, 27.8, 27.77, 27.75], [28.15, 28.15, 28.15, 28.24, 28.23, 28.23, 28.22, 28.22, 28.21, 28.21, 28.21, 28.21, 27.87, 27.8, 27.81, 27.84, 27.89, 27.81, 27.74, 27.73], [28.25, 28.25, 28.25, 28.24, 28.24, 28.23, 28.22, 28.21, 28.19, 28.19, 28.2, 28.27, 27.88, 27.85, 27.83, 27.83, 28.09, 27.69, 27.67, 27.69], [28.25, 28.25, 28.25, 28.25, 28.24, 28.24, 28.23, 28.21, 28.17, 28.14, 28.19, 28.27, 28.3, 27.84, 27.8, 27.76, 27.6, 27.42, 27.61, 27.67], [28.26, 28.26, 28.26, 28.25, 28.25, 28.25, 28.24, 28.22, 28.19, 28.16, 28.24, 28.29, 28.31, 27.83, 27.79, 27.79, 27.69, 27.64, 27.62, 27.66], [28.26, 28.26, 28.26, 28.26, 28.26, 28.26, 28.25, 28.25, 28.24, 28.25, 28.3, 28.32, 28.33, 27.98, 27.9, 27.83, 27.77, 27.74, 27.74, 27.77], [28.27, 28.27, 28.27, 28.27, 28.27, 28.27, 28.28, 28.28, 28.3, 28.35, 28.37, 28.16, 28.06, 27.94, 27.95, 27.88, 27.83, 27.8, 27.79, 27.8], [28.27, 28.27, 28.27, 28.27, 28.28, 28.28, 28.29, 28.31, 28.34, 28.42, 28.41, 28.24, 28.11, 27.99, 27.99, 27.92, 27.88, 27.85, 27.84, 27.83], [28.27, 28.27, 28.28, 28.28, 28.29, 28.29, 28.31, 28.32, 28.21, 28.3, 28.35, 28.24, 28.12, 28.02, 28.01, 27.96, 27.91, 27.89, 27.87, 27.86], [28.28, 28.28, 28.28, 28.29, 28.29, 28.3, 28.31, 28.33, 28.19, 28.23, 28.24, 28.19, 28.11, 28.02, 28.03, 27.98, 27.94, 27.92, 27.9, 27.89], [28.28, 28.28, 28.28, 28.29, 28.29, 28.3, 28.31, 28.13, 28.15, 28.17, 28.17, 28.13, 28.08, 28.02, 28.04, 28.0, 27.96, 27.94, 27.92, 27.91]]}