gis_exercise/awsData/contour/temp_2023091307.json
{"header": {"refTime": "2023-09-13T07:00:00.000Z", "nx": 21, "ny": 33, "lo1": 113.509, "la1": 22.2235, "lo2": 113.5947, "la2": 22.1034, "dx": 0.0042850000000001385, "dy": 0.003753125000000024, "parameterCategory": 0, "parameterCategoryName": "Temperature", "parameterNumber": 0}, "z": [[26.89, 26.89, 26.88, 26.7, 26.7, 26.92, 26.91, 26.91, 26.91, 26.85, 26.87, 26.89, 27.07, 27.09, 27.06, 27.06, 27.14, 27.13, 27.13, 27.12], [26.89, 26.89, 26.88, 26.88, 26.7, 26.71, 26.9, 26.89, 26.88, 26.84, 26.87, 26.9, 27.09, 27.1, 27.08, 27.15, 27.14, 27.13, 27.12, 27.12], [26.9, 26.89, 26.89, 26.88, 26.7, 26.71, 26.72, 26.87, 26.82, 26.83, 26.88, 26.93, 27.12, 27.13, 27.16, 27.15, 27.13, 27.12, 27.12, 27.11], [26.9, 26.9, 26.89, 26.89, 26.88, 26.71, 26.72, 26.73, 26.75, 26.84, 26.89, 26.98, 27.17, 27.08, 27.17, 27.14, 27.12, 27.11, 27.11, 27.11], [26.91, 26.9, 26.9, 26.89, 26.88, 26.7, 26.7, 26.71, 26.7, 26.83, 26.89, 27.09, 27.21, 27.11, 27.16, 27.13, 27.11, 27.1, 27.09, 27.1], [26.91, 26.91, 26.91, 26.9, 26.89, 26.88, 26.7, 26.69, 26.68, 26.64, 26.9, 27.02, 27.13, 27.23, 27.15, 27.12, 27.08, 27.07, 27.08, 27.09], [26.97, 26.92, 26.92, 26.92, 26.91, 26.9, 26.77, 26.7, 26.69, 26.67, 26.66, 26.92, 27.19, 27.2, 27.13, 27.1, 27.05, 27.03, 27.06, 27.07], [26.97, 26.97, 26.97, 26.97, 26.97, 26.82, 26.79, 26.77, 26.77, 26.65, 26.51, 26.88, 26.89, 27.2, 27.04, 27.05, 27.03, 27.02, 27.03, 27.04], [26.93, 26.93, 26.99, 26.99, 26.99, 26.98, 26.94, 26.78, 26.67, 26.69, 26.67, 26.77, 26.82, 26.76, 27.04, 27.05, 27.04, 27.03, 27.04, 27.04], [27.1, 27.1, 27.1, 26.96, 26.98, 27.03, 27.0, 26.94, 26.57, 26.59, 26.83, 26.71, 26.75, 26.73, 27.04, 27.06, 27.05, 27.04, 27.04, 27.05], [27.1, 27.1, 27.1, 27.1, 27.1, 27.1, 27.1, 27.1, 26.99, 26.66, 26.4, 26.67, 26.7, 26.7, 27.04, 27.06, 27.05, 27.05, 27.05, 27.05], [27.1, 27.1, 27.1, 27.1, 27.1, 27.1, 27.1, 27.1, 27.1, -999.0, 26.4, 27.1, 27.1, 26.68, 27.04, 27.06, 27.06, 26.49, 26.5, 26.5], [27.1, 27.1, 27.1, 27.1, 27.1, 27.1, 27.1, 27.1, 27.1, 27.1, -999.0, 27.1, 27.1, 26.45, 26.73, 26.67, 26.68, 26.57, 26.58, 26.59], [27.1, 27.1, 27.1, 27.1, 27.1, 27.1, 27.1, 27.1, 27.1, 27.1, -999.0, 26.1, 26.1, 26.1, 26.65, 26.6, 26.61, 26.5, 26.52, 26.54], [27.1, 27.1, 27.1, 27.1, 27.1, 27.1, 27.1, 27.2, 27.2, 27.2, 27.2, 26.78, 26.1, 26.1, 26.1, 26.51, 26.54, 26.44, 26.47, 26.49], [27.1, 27.1, 27.16, 27.16, 27.17, 27.2, 27.2, 27.2, 27.2, 27.2, 26.51, 26.59, 26.48, 26.39, 26.49, 26.43, 26.48, 26.39, 26.58, 26.61], [27.16, 27.16, 27.14, 27.14, 27.2, 27.2, 27.2, 27.2, 27.2, 27.2, 26.73, 26.59, 26.45, 26.31, 26.33, 26.35, 26.44, 26.51, 26.56, 26.6], [27.14, 27.14, 27.14, 27.14, 27.2, 27.2, 27.2, 27.2, 27.2, 26.92, 26.77, 26.61, 26.44, 26.34, 26.13, 26.32, 26.45, 26.53, 26.59, 26.62], [27.14, 27.14, 27.14, 27.2, 27.2, 27.2, 27.2, 27.2, 27.1, 26.99, 26.86, 26.73, 26.56, 26.42, 26.31, 26.4, 26.5, 26.58, 26.62, 26.65], [27.14, 27.14, 27.14, 27.15, 27.15, 27.15, 27.16, 27.18, 27.09, 26.99, 26.88, 26.76, 26.63, 26.54, 26.47, 26.52, 26.59, 26.64, 26.67, 26.69], [27.14, 27.14, 27.14, 27.16, 27.16, 27.16, 27.17, 27.17, 27.01, 26.96, 26.89, 26.8, 26.69, 26.58, 26.6, 26.64, 26.69, 26.72, 26.73, 26.73], [27.15, 27.15, 27.15, 27.16, 27.16, 27.16, 27.16, 27.15, 26.97, 26.94, 26.9, 26.84, 26.71, 26.66, 26.7, 26.74, 26.78, 26.79, 26.78, 26.77], [27.15, 27.15, 27.15, 27.14, 27.14, 27.14, 27.14, 27.14, 27.13, 27.13, 27.13, 27.1, 27.01, 26.72, 26.76, 26.82, 26.87, 26.86, 26.83, 26.8], [27.14, 27.14, 27.14, 27.13, 27.13, 27.13, 27.13, 27.13, 27.12, 27.12, 27.12, 27.08, 27.01, 26.99, 26.98, 26.86, 26.95, 26.9, 26.86, 26.82], [27.13, 27.13, 27.13, 27.13, 27.13, 27.13, 27.12, 27.12, 27.11, 27.11, 27.11, 27.08, 27.07, 27.0, 26.98, 26.97, 26.89, 26.89, 26.86, 26.83], [27.13, 27.13, 27.13, 27.13, 27.13, 27.12, 27.12, 27.12, 27.11, 27.11, 27.09, 27.08, 27.07, 27.0, 26.98, 26.97, 26.96, 26.95, 26.85, 26.83], [27.13, 27.13, 27.13, 27.13, 27.13, 27.12, 27.12, 27.12, 27.11, 27.11, 27.09, 27.08, 27.08, 27.0, 26.99, 26.98, 26.97, 26.97, 26.97, 26.97], [27.13, 27.13, 27.13, 27.13, 27.12, 27.12, 27.12, 27.12, 27.11, 27.09, 27.09, 27.07, 27.06, 27.04, 27.0, 26.99, 26.98, 26.98, 26.97, 26.97], [27.13, 27.13, 27.13, 27.12, 27.12, 27.12, 27.12, 27.11, 27.11, 27.09, 27.09, 27.08, 27.06, 27.05, 27.01, 26.99, 26.99, 26.98, 26.98, 26.98], [27.13, 27.13, 27.13, 27.12, 27.12, 27.12, 27.12, 27.11, 27.08, 27.08, 27.09, 27.08, 27.06, 27.05, 27.01, 27.0, 26.99, 26.99, 26.99, 26.98], [27.13, 27.13, 27.12, 27.12, 27.12, 27.12, 27.12, 27.12, 27.07, 27.08, 27.08, 27.07, 27.06, 27.05, 27.01, 27.0, 27.0, 26.99, 26.99, 26.99], [27.13, 27.13, 27.12, 27.12, 27.12, 27.12, 27.12, 27.07, 27.07, 27.07, 27.07, 27.06, 27.06, 27.05, 27.02, 27.01, 27.0, 27.0, 26.99, 26.99]]}