gis_exercise/awsData/contour/temp_2023090416.json
{"header": {"refTime": "2023-09-04T16:00:00.000Z", "nx": 21, "ny": 33, "lo1": 113.509, "la1": 22.2235, "lo2": 113.5947, "la2": 22.1034, "dx": 0.0042850000000001385, "dy": 0.003753125000000024, "parameterCategory": 0, "parameterCategoryName": "Temperature", "parameterNumber": 0}, "z": [[33.62, 33.61, 33.61, 33.35, 33.35, 33.57, 33.57, 33.56, 33.57, 33.46, 33.46, 33.47, 33.76, 33.78, 33.71, 33.72, 33.88, 33.88, 33.88, 33.88], [33.62, 33.62, 33.61, 33.6, 33.35, 33.37, 33.56, 33.55, 33.55, 33.47, 33.47, 33.48, 33.77, 33.79, 33.72, 33.88, 33.88, 33.88, 33.88, 33.88], [33.63, 33.62, 33.62, 33.61, 33.35, 33.36, 33.38, 33.54, 33.51, 33.47, 33.47, 33.5, 33.78, 33.8, 33.88, 33.88, 33.88, 33.87, 33.87, 33.87], [33.63, 33.63, 33.62, 33.61, 33.6, 33.36, 33.37, 33.4, 33.42, 33.45, 33.47, 33.53, 33.8, 33.69, 33.87, 33.87, 33.87, 33.87, 33.87, 33.87], [33.64, 33.64, 33.63, 33.62, 33.61, 33.35, 33.36, 33.36, 33.35, 33.41, 33.45, 33.68, 33.76, 33.71, 33.88, 33.87, 33.87, 33.86, 33.86, 33.87], [33.65, 33.65, 33.64, 33.64, 33.63, 33.61, 33.35, 33.34, 33.32, 33.27, 33.54, 33.65, 33.73, 33.9, 33.88, 33.87, 33.86, 33.85, 33.85, 33.86], [33.72, 33.66, 33.66, 33.65, 33.65, 33.63, 33.45, 33.36, 33.33, 33.34, 33.32, 33.62, 33.97, 33.95, 33.9, 33.87, 33.84, 33.82, 33.8, 33.8], [33.73, 33.73, 33.73, 33.73, 33.72, 33.52, 33.48, 33.45, 33.47, 33.29, 33.09, 33.73, 33.74, 33.95, 33.91, 33.94, 33.88, 33.85, 33.89, 33.92], [33.67, 33.68, 33.75, 33.75, 33.76, 33.74, 33.69, 33.46, 33.31, 33.37, 33.36, 33.54, 33.62, 33.51, 33.92, 33.96, 33.92, 33.9, 33.91, 33.93], [33.9, 33.9, 33.9, 33.71, 33.74, 33.81, 33.76, 33.69, 33.16, 33.19, 33.63, 33.43, 33.49, 33.46, 33.92, 33.97, 33.94, 33.93, 33.93, 33.94], [33.9, 33.9, 33.9, 33.9, 33.9, 33.9, 33.9, 33.9, 33.76, 33.29, 32.9, 33.36, 33.41, 33.41, 33.92, 33.98, 33.96, 33.95, 33.95, 33.95], [33.9, 33.9, 33.9, 33.9, 33.9, 33.9, 33.9, 33.9, 33.9, -999.0, 32.9, 34.1, 34.1, 33.38, 33.91, 33.99, 33.98, 33.97, 33.97, 33.97], [33.9, 33.9, 33.9, 33.9, 33.9, 33.9, 33.9, 33.9, 33.9, 33.9, -999.0, 34.1, 34.1, 34.1, 34.1, 33.91, 33.91, 33.94, 33.94, 33.94], [33.9, 33.9, 33.9, 33.9, 33.9, 33.9, 33.9, 33.9, 33.9, 33.9, -999.0, 34.1, 34.1, 34.1, 34.1, 33.93, 33.93, 33.97, 33.96, 33.95], [33.9, 33.9, 33.9, 33.9, 33.9, 33.9, 33.9, 34.2, 34.2, 34.2, 34.2, 34.16, 34.1, 34.1, 34.1, 33.96, 33.95, 33.99, 33.98, 33.97], [33.9, 33.9, 34.09, 34.09, 34.1, 34.2, 34.2, 34.2, 34.2, 34.2, 34.14, 34.14, 34.13, 34.13, 34.14, 33.73, 33.68, 33.78, 33.75, 33.72], [34.09, 34.09, 34.01, 34.01, 34.2, 34.2, 34.2, 34.2, 34.2, 34.2, 34.16, 34.14, 34.13, 34.12, 34.0, 33.83, 33.74, 33.66, 33.61, 33.57], [34.01, 34.01, 34.02, 34.02, 34.2, 34.2, 34.2, 34.2, 34.2, 34.17, 34.16, 34.15, 34.13, 34.01, 34.08, 33.86, 33.73, 33.64, 33.58, 33.55], [34.01, 34.02, 34.02, 34.2, 34.2, 34.2, 34.2, 34.2, 34.19, 34.18, 34.08, 34.06, 33.95, 33.97, 33.88, 33.78, 33.67, 33.59, 33.54, 33.52], [34.02, 34.02, 33.91, 33.93, 33.95, 33.97, 34.01, 34.12, 34.14, 34.1, 34.06, 34.05, 33.91, 33.89, 33.7, 33.65, 33.58, 33.52, 33.49, 33.48], [33.9, 33.9, 33.91, 33.99, 34.0, 34.02, 34.04, 34.06, 34.07, 34.05, 34.03, 34.02, 33.86, 33.59, 33.57, 33.52, 33.47, 33.44, 33.43, 33.43], [33.97, 33.97, 33.97, 33.98, 33.98, 33.98, 33.99, 34.18, 34.0, 33.99, 33.99, 33.99, 33.65, 33.51, 33.47, 33.41, 33.37, 33.36, 33.37, 33.39], [33.96, 33.96, 33.96, 34.25, 34.23, 34.21, 34.19, 34.16, 34.13, 34.13, 34.15, 33.69, 33.38, 33.44, 33.39, 33.33, 33.27, 33.29, 33.32, 33.36], [34.28, 34.27, 34.27, 34.25, 34.24, 34.21, 34.18, 34.13, 34.06, 34.04, 34.1, 33.9, 33.39, 33.34, 33.29, 33.29, 33.17, 33.25, 33.3, 33.34], [34.29, 34.28, 34.28, 34.26, 34.25, 34.22, 34.18, 34.11, 33.98, 33.87, 34.05, 33.95, 33.92, 33.35, 33.3, 33.26, 33.27, 33.28, 33.3, 33.33], [34.3, 34.3, 34.29, 34.28, 34.27, 34.25, 34.21, 34.15, 34.02, 33.91, 33.98, 34.03, 34.0, 33.36, 33.31, 33.49, 33.41, 33.4, 33.32, 33.34], [34.31, 34.31, 34.31, 34.3, 34.3, 34.29, 34.27, 34.25, 34.22, 34.23, 34.18, 34.18, 34.12, 33.88, 33.72, 33.6, 33.52, 33.49, 33.49, 33.51], [34.32, 34.32, 34.32, 34.32, 34.33, 34.33, 34.34, 34.36, 34.42, 34.41, 34.49, 34.42, 34.29, 34.16, 33.83, 33.7, 33.62, 33.58, 33.56, 33.56], [34.33, 34.34, 34.34, 34.35, 34.36, 34.37, 34.4, 34.46, 34.56, 34.68, 34.91, 34.6, 34.39, 34.24, 33.92, 33.79, 33.71, 33.65, 33.63, 33.62], [34.34, 34.35, 34.36, 34.37, 34.38, 34.41, 34.45, 34.51, 34.51, 34.7, 34.81, 34.61, 34.42, 34.28, 33.98, 33.86, 33.78, 33.72, 33.69, 33.67], [34.35, 34.36, 34.37, 34.38, 34.4, 34.43, 34.47, 34.52, 34.47, 34.57, 34.6, 34.52, 34.4, 34.29, 34.02, 33.91, 33.83, 33.78, 33.74, 33.71], [34.36, 34.37, 34.38, 34.4, 34.41, 34.44, 34.47, 34.37, 34.42, 34.47, 34.48, 34.43, 34.36, 34.28, 34.04, 33.95, 33.87, 33.82, 33.78, 33.75]]}