gis_exercise/awsData/contour/temp_2023091212.json
{"header": {"refTime": "2023-09-12T12:00:00.000Z", "nx": 21, "ny": 33, "lo1": 113.509, "la1": 22.2235, "lo2": 113.5947, "la2": 22.1034, "dx": 0.0042850000000001385, "dy": 0.003753125000000024, "parameterCategory": 0, "parameterCategoryName": "Temperature", "parameterNumber": 0}, "z": [[28.09, 28.09, 28.09, 28.01, 28.01, 28.16, 28.16, 28.17, 28.18, 28.3, 28.34, 28.37, 28.71, 28.75, 28.27, 28.25, 28.6, 28.57, 28.55, 28.54], [28.1, 28.09, 28.09, 28.08, 28.01, 28.02, 28.15, 28.15, 28.15, 28.27, 28.33, 28.39, 28.73, 28.77, 28.29, 28.62, 28.58, 28.54, 28.52, 28.51], [28.1, 28.09, 28.09, 28.08, 28.0, 28.01, 28.03, 28.13, 28.11, 28.24, 28.35, 28.43, 28.76, 28.8, 28.67, 28.61, 28.55, 28.5, 28.48, 28.47], [28.1, 28.1, 28.09, 28.08, 28.07, 28.0, 28.01, 28.04, 28.06, 28.28, 28.38, 28.49, 28.8, 28.84, 28.67, 28.58, 28.5, 28.44, 28.42, 28.42], [28.11, 28.11, 28.1, 28.09, 28.07, 27.99, 27.99, 28.0, 28.01, 28.33, 28.42, 28.82, 28.82, 28.85, 28.67, 28.54, 28.41, 28.34, 28.34, 28.37], [28.12, 28.12, 28.11, 28.1, 28.08, 28.05, 27.96, 27.95, 27.97, 28.0, 28.76, 28.83, 28.85, 29.03, 28.66, 28.47, 28.27, 28.19, 28.24, 28.31], [28.14, 28.13, 28.13, 28.12, 28.1, 28.06, 28.03, 27.89, 27.9, 28.28, 28.43, 28.88, 29.2, 29.16, 28.66, 28.4, 28.07, 27.94, 27.9, 27.97], [28.16, 28.16, 28.16, 28.16, 28.14, 28.12, 28.04, 27.91, 27.86, 28.25, 28.31, 29.1, 29.11, 29.15, 28.37, 28.57, 28.17, 28.03, 28.25, 28.4], [28.04, 28.05, 28.2, 28.21, 28.21, 28.18, 28.08, 28.0, 27.86, 28.3, 28.7, 28.89, 28.98, 28.86, 28.42, 28.64, 28.41, 28.31, 28.37, 28.45], [28.5, 28.5, 28.5, 28.13, 28.18, 28.32, 28.22, 28.08, 27.98, 27.96, 28.99, 28.77, 28.84, 28.81, 28.42, 28.71, 28.57, 28.49, 28.49, 28.52], [28.5, 28.5, 28.5, 28.5, 28.5, 28.5, 28.5, 28.5, 28.22, 27.87, 28.2, 28.7, 28.75, 28.76, 28.4, 28.77, 28.67, 28.6, 28.59, 28.6], [28.5, 28.5, 28.5, 28.5, 28.5, 28.5, 28.5, 28.5, 28.5, -999.0, 28.2, 29.5, 29.5, 28.72, 28.38, 28.83, 28.77, 27.7, 27.7, 27.7], [28.5, 28.5, 28.5, 28.5, 28.5, 28.5, 28.5, 28.5, 28.5, 28.5, -999.0, 29.5, 29.5, 28.32, 28.84, 27.7, 27.7, 27.7, 27.7, 27.7], [28.5, 28.5, 28.5, 28.5, 28.5, 28.5, 28.5, 28.5, 28.5, 28.5, -999.0, 27.7, 27.7, 27.7, 28.69, 27.7, 27.7, 27.7, 27.7, 27.7], [28.5, 28.5, 28.5, 28.5, 28.5, 28.5, 28.5, 29.1, 29.1, 29.1, 29.1, 28.56, 27.7, 27.7, 27.7, 27.7, 27.7, 27.7, 27.7, 27.7], [28.5, 28.5, 28.88, 28.88, 28.9, 29.1, 29.1, 29.1, 29.1, 29.1, 28.22, 28.32, 28.18, 28.07, 28.2, 27.77, 27.78, 27.76, 27.75, 27.76], [28.89, 28.89, 28.71, 28.72, 29.1, 29.1, 29.1, 29.1, 29.1, 29.1, 28.5, 28.32, 28.14, 27.97, 27.89, 28.03, 28.14, 28.24, 28.31, 28.35], [28.71, 28.72, 28.73, 28.75, 29.1, 29.1, 29.1, 29.1, 29.1, 28.74, 28.56, 28.35, 28.13, 27.9, 27.73, 27.99, 28.15, 28.26, 28.33, 28.38], [28.73, 28.74, 28.75, 29.1, 29.1, 29.1, 29.1, 29.1, 28.97, 28.83, 28.75, 28.58, 28.12, 27.96, 27.96, 28.08, 28.22, 28.31, 28.38, 28.42], [28.73, 28.74, 29.27, 29.26, 29.25, 29.24, 29.21, 29.15, 29.0, 28.91, 28.79, 28.64, 28.16, 28.05, 28.17, 28.23, 28.32, 28.39, 28.44, 28.47], [29.28, 29.28, 29.27, 29.22, 29.22, 29.21, 29.2, 29.19, 28.95, 28.9, 28.82, 28.71, 28.19, 28.3, 28.32, 28.37, 28.42, 28.47, 28.51, 28.53], [29.24, 29.24, 29.24, 29.23, 29.23, 29.23, 29.23, 29.33, 28.96, 28.93, 28.87, 28.79, 28.32, 28.4, 28.43, 28.46, 28.5, 28.55, 28.58, 28.59], [29.25, 29.25, 29.25, 29.39, 29.38, 29.38, 29.37, 29.37, 29.38, 29.38, 29.39, 28.92, 29.02, 28.48, 28.51, 28.52, 28.5, 28.6, 28.67, 28.66], [29.41, 29.41, 29.41, 29.4, 29.4, 29.4, 29.4, 29.4, 29.41, 29.41, 29.42, 29.13, 29.04, 28.96, 28.88, 28.58, 28.29, 28.81, 28.8, 28.73], [29.42, 29.42, 29.42, 29.42, 29.42, 29.42, 29.43, 29.43, 29.42, 29.42, 29.44, 29.19, 29.06, 28.99, 28.93, 28.89, 28.93, 29.18, 28.89, 28.77], [29.43, 29.43, 29.43, 29.44, 29.44, 29.45, 29.45, 29.45, 29.44, 29.43, 29.32, 29.24, 29.12, 29.01, 28.97, 29.03, 29.08, 29.12, 28.86, 28.78], [29.44, 29.44, 29.45, 29.45, 29.46, 29.47, 29.48, 29.48, 29.49, 29.5, 29.37, 29.31, 29.2, 29.19, 29.13, 29.09, 29.09, 29.1, 29.09, 29.08], [29.45, 29.45, 29.46, 29.46, 29.47, 29.49, 29.5, 29.52, 29.55, 29.47, 29.49, 29.68, 29.68, 29.68, 29.18, 29.14, 29.12, 29.11, 29.1, 29.09], [29.45, 29.46, 29.47, 29.48, 29.49, 29.5, 29.52, 29.55, 29.6, 29.58, 29.77, 29.72, 29.7, 29.69, 29.23, 29.18, 29.15, 29.13, 29.12, 29.11], [29.46, 29.47, 29.48, 29.48, 29.5, 29.51, 29.53, 29.57, 29.69, 29.73, 29.75, 29.72, 29.7, 29.69, 29.26, 29.21, 29.17, 29.15, 29.14, 29.13], [29.47, 29.47, 29.48, 29.49, 29.5, 29.52, 29.54, 29.57, 29.69, 29.71, 29.72, 29.71, 29.7, 29.7, 29.28, 29.23, 29.19, 29.17, 29.15, 29.14], [29.47, 29.48, 29.49, 29.5, 29.51, 29.52, 29.54, 29.68, 29.69, 29.7, 29.7, 29.7, 29.7, 29.69, 29.28, 29.24, 29.21, 29.19, 29.17, 29.15]]}