gis_exercise/awsData/contour/temp_2023083101.json
{"header": {"refTime": "2023-08-31T01:00:00.000Z", "nx": 21, "ny": 33, "lo1": 113.509, "la1": 22.2235, "lo2": 113.5947, "la2": 22.1034, "dx": 0.0042850000000001385, "dy": 0.003753125000000024, "parameterCategory": 0, "parameterCategoryName": "Temperature", "parameterNumber": 0}, "z": [[28.05, 28.05, 28.04, 27.78, 27.78, 28.04, 28.03, 28.03, 28.03, 27.91, 27.93, 27.94, 28.15, 28.16, 28.14, 28.13, 28.18, 28.17, 28.16, 28.16], [28.05, 28.05, 28.04, 28.03, 27.78, 27.79, 28.02, 28.0, 27.99, 27.91, 27.93, 27.96, 28.16, 28.18, 28.15, 28.19, 28.17, 28.16, 28.16, 28.15], [28.06, 28.05, 28.05, 28.04, 27.78, 27.79, 27.81, 27.98, 27.92, 27.91, 27.94, 27.99, 28.19, 28.2, 28.21, 28.19, 28.17, 28.15, 28.15, 28.14], [28.07, 28.06, 28.05, 28.05, 28.03, 27.79, 27.8, 27.82, 27.83, 27.9, 27.95, 28.04, 28.25, 28.11, 28.21, 28.18, 28.16, 28.14, 28.13, 28.13], [28.07, 28.07, 28.06, 28.06, 28.05, 27.78, 27.79, 27.79, 27.78, 27.87, 27.93, 28.13, 28.29, 28.15, 28.21, 28.17, 28.14, 28.12, 28.12, 28.12], [28.08, 28.08, 28.08, 28.07, 28.06, 28.05, 27.79, 27.79, 27.76, 27.7, 27.9, 28.05, 28.18, 28.3, 28.19, 28.15, 28.11, 28.09, 28.1, 28.11], [28.17, 28.09, 28.09, 28.09, 28.08, 28.07, 27.9, 27.81, 27.79, 27.7, 27.64, 27.92, 28.23, 28.25, 28.17, 28.12, 28.06, 28.04, 28.07, 28.1], [28.17, 28.17, 28.17, 28.17, 28.17, 27.96, 27.93, 27.92, 27.93, 27.66, 27.45, 27.85, 27.86, 28.25, 28.04, 28.05, 28.03, 28.02, 28.03, 28.04], [28.13, 28.13, 28.19, 28.19, 28.19, 28.18, 28.14, 27.92, 27.78, 27.72, 27.61, 27.73, 27.78, 27.71, 28.04, 28.05, 28.04, 28.03, 28.04, 28.04], [28.3, 28.3, 28.3, 28.16, 28.18, 28.23, 28.2, 28.14, 27.6, 27.64, 27.79, 27.65, 27.7, 27.67, 28.04, 28.06, 28.05, 28.04, 28.04, 28.05], [28.3, 28.3, 28.3, 28.3, 28.3, 28.3, 28.3, 28.3, 28.19, 27.76, 27.3, 27.6, 27.64, 27.64, 28.04, 28.06, 28.05, 28.05, 28.05, 28.05], [28.3, 28.3, 28.3, 28.3, 28.3, 28.3, 28.3, 28.3, 28.3, -999.0, 27.3, 28.1, 28.1, 27.62, 28.04, 28.06, 28.06, 26.92, 26.95, 26.95], [28.3, 28.3, 28.3, 28.3, 28.3, 28.3, 28.3, 28.3, 28.3, 28.3, -999.0, 28.1, 28.1, 26.79, 27.37, 27.31, 27.32, 27.09, 27.12, 27.14], [28.3, 28.3, 28.3, 28.3, 28.3, 28.3, 28.3, 28.3, 28.3, 28.3, -999.0, 26.1, 26.1, 26.1, 27.2, 27.15, 27.18, 26.94, 26.99, 27.03], [28.3, 28.3, 28.3, 28.3, 28.3, 28.3, 28.3, 28.0, 28.0, 28.0, 28.0, 27.27, 26.1, 26.1, 26.1, 26.97, 27.03, 26.81, 26.88, 26.93], [28.3, 28.3, 28.11, 28.11, 28.1, 28.0, 28.0, 28.0, 28.0, 28.0, 26.8, 26.94, 26.76, 26.6, 26.78, 26.8, 26.9, 26.72, 27.11, 27.18], [28.11, 28.11, 28.19, 28.19, 28.0, 28.0, 28.0, 28.0, 28.0, 28.0, 27.18, 26.95, 26.7, 26.47, 26.54, 26.55, 26.71, 26.83, 26.92, 26.98], [28.19, 28.19, 28.18, 28.18, 28.0, 28.0, 28.0, 28.0, 28.0, 27.52, 27.26, 26.98, 26.68, 26.55, 26.16, 26.5, 26.73, 26.87, 26.96, 27.02], [28.19, 28.18, 28.18, 28.0, 28.0, 28.0, 28.0, 28.0, 27.83, 27.63, 27.47, 27.24, 26.96, 26.7, 26.47, 26.63, 26.82, 26.95, 27.03, 27.08], [28.18, 28.18, 28.06, 28.05, 28.05, 28.05, 28.04, 28.02, 27.83, 27.69, 27.51, 27.31, 27.09, 26.95, 26.77, 26.86, 26.98, 27.07, 27.12, 27.15], [28.06, 28.06, 28.06, 28.04, 28.04, 28.04, 28.03, 28.03, 27.73, 27.65, 27.53, 27.39, 27.21, 26.95, 27.0, 27.08, 27.16, 27.21, 27.22, 27.22], [28.05, 28.05, 28.05, 28.04, 28.04, 28.04, 28.04, 28.09, 27.7, 27.66, 27.58, 27.47, 27.36, 27.1, 27.17, 27.27, 27.34, 27.35, 27.32, 27.29], [28.05, 28.05, 28.05, 28.11, 28.11, 28.11, 28.1, 28.1, 28.1, 28.11, 28.11, 28.04, 27.8, 27.21, 27.3, 27.42, 27.54, 27.49, 27.4, 27.34], [28.12, 28.12, 28.12, 28.12, 28.12, 28.12, 28.12, 28.12, 28.11, 28.12, 28.12, 28.13, 27.81, 27.76, 27.72, 27.49, 27.77, 27.51, 27.42, 27.36], [28.13, 28.13, 28.13, 28.13, 28.13, 28.13, 28.13, 28.12, 28.12, 28.11, 28.13, 28.13, 28.13, 27.76, 27.71, 27.67, 27.45, 27.37, 27.39, 27.36], [28.13, 28.13, 28.13, 28.13, 28.13, 28.14, 28.14, 28.13, 28.13, 28.12, 28.14, 28.14, 28.14, 27.76, 27.71, 27.69, 27.62, 27.59, 27.37, 27.35], [28.13, 28.14, 28.14, 28.14, 28.14, 28.14, 28.15, 28.15, 28.15, 28.16, 28.17, 28.17, 28.16, 27.85, 27.78, 27.73, 27.68, 27.66, 27.66, 27.68], [28.14, 28.14, 28.14, 28.15, 28.15, 28.15, 28.16, 28.17, 28.18, 28.2, 28.21, 28.08, 28.0, 27.92, 27.82, 27.77, 27.73, 27.7, 27.7, 27.7], [28.14, 28.14, 28.15, 28.15, 28.15, 28.16, 28.17, 28.18, 28.2, 28.24, 28.24, 28.13, 28.04, 27.95, 27.85, 27.8, 27.77, 27.74, 27.73, 27.73], [28.14, 28.15, 28.15, 28.15, 28.16, 28.17, 28.18, 28.19, 28.12, 28.17, 28.2, 28.13, 28.04, 27.97, 27.88, 27.83, 27.8, 27.77, 27.76, 27.75], [28.15, 28.15, 28.15, 28.16, 28.16, 28.17, 28.18, 28.19, 28.1, 28.12, 28.13, 28.09, 28.03, 27.97, 27.89, 27.85, 27.82, 27.8, 27.78, 27.77], [28.15, 28.15, 28.16, 28.16, 28.16, 28.17, 28.18, 28.05, 28.07, 28.08, 28.08, 28.05, 28.01, 27.97, 27.9, 27.86, 27.84, 27.81, 27.8, 27.79]]}