gis_exercise/awsData/contour/temp_2023091105.json
{"header": {"refTime": "2023-09-11T05:00:00.000Z", "nx": 21, "ny": 33, "lo1": 113.509, "la1": 22.2235, "lo2": 113.5947, "la2": 22.1034, "dx": 0.0042850000000001385, "dy": 0.003753125000000024, "parameterCategory": 0, "parameterCategoryName": "Temperature", "parameterNumber": 0}, "z": [[26.23, 26.22, 26.22, 26.01, 26.02, 26.19, 26.2, 26.2, 26.21, 26.15, 26.16, 26.16, 26.3, 26.31, 26.28, 26.28, 26.3, 26.3, 26.29, 26.29], [26.23, 26.23, 26.22, 26.22, 26.02, 26.04, 26.19, 26.2, 26.2, 26.16, 26.16, 26.17, 26.31, 26.32, 26.29, 26.31, 26.3, 26.29, 26.29, 26.29], [26.23, 26.23, 26.22, 26.22, 26.02, 26.03, 26.06, 26.2, 26.2, 26.17, 26.16, 26.18, 26.32, 26.33, 26.32, 26.31, 26.3, 26.29, 26.29, 26.28], [26.24, 26.23, 26.23, 26.22, 26.21, 26.02, 26.04, 26.07, 26.1, 26.15, 26.16, 26.2, 26.34, 26.24, 26.32, 26.3, 26.29, 26.28, 26.28, 26.28], [26.24, 26.24, 26.23, 26.23, 26.21, 26.0, 26.01, 26.02, 26.02, 26.11, 26.14, 26.24, 26.34, 26.26, 26.32, 26.3, 26.28, 26.27, 26.27, 26.27], [26.25, 26.24, 26.24, 26.23, 26.22, 26.2, 25.99, 25.98, 25.97, 25.94, 26.1, 26.2, 26.28, 26.37, 26.31, 26.29, 26.26, 26.25, 26.26, 26.26], [26.28, 26.25, 26.25, 26.25, 26.23, 26.21, 26.05, 25.97, 25.95, 25.92, 25.91, 26.13, 26.34, 26.35, 26.3, 26.27, 26.24, 26.23, 26.24, 26.25], [26.29, 26.29, 26.29, 26.29, 26.28, 26.12, 26.07, 26.02, 25.98, 25.9, 25.79, 26.12, 26.12, 26.35, 26.24, 26.25, 26.23, 26.22, 26.23, 26.24], [26.21, 26.22, 26.31, 26.32, 26.32, 26.3, 26.24, 26.05, 25.9, 25.94, 25.93, 26.02, 26.06, 26.0, 26.24, 26.25, 26.24, 26.23, 26.24, 26.24], [26.5, 26.5, 26.5, 26.27, 26.3, 26.39, 26.33, 26.24, 25.83, 25.85, 26.06, 25.96, 26.0, 25.98, 26.24, 26.26, 26.25, 26.24, 26.24, 26.25], [26.5, 26.5, 26.5, 26.5, 26.5, 26.5, 26.5, 26.5, 26.32, 25.9, 25.7, 25.93, 25.96, 25.96, 26.24, 26.26, 26.25, 26.25, 26.25, 26.25], [26.5, 26.5, 26.5, 26.5, 26.5, 26.5, 26.5, 26.5, 26.5, -999.0, 25.7, 26.3, 26.3, 25.94, 26.24, 26.26, 26.26, 25.75, 25.76, 25.76], [26.5, 26.5, 26.5, 26.5, 26.5, 26.5, 26.5, 26.5, 26.5, 26.5, -999.0, 26.3, 26.3, 25.71, 25.97, 25.91, 25.91, 25.82, 25.83, 25.84], [26.5, 26.5, 26.5, 26.5, 26.5, 26.5, 26.5, 26.5, 26.5, 26.5, -999.0, 25.4, 25.4, 25.4, 25.89, 25.84, 25.85, 25.75, 25.78, 25.79], [26.5, 26.5, 26.5, 26.5, 26.5, 26.5, 26.5, 26.5, 26.5, 26.5, 26.5, 26.08, 25.4, 25.4, 25.4, 25.77, 25.79, 25.7, 25.73, 25.75], [26.5, 26.5, 26.5, 26.5, 26.5, 26.5, 26.5, 26.5, 26.5, 26.5, 25.81, 25.89, 25.78, 25.69, 25.79, 25.77, 25.82, 25.72, 25.88, 25.91], [26.5, 26.5, 26.5, 26.5, 26.5, 26.5, 26.5, 26.5, 26.5, 26.5, 26.03, 25.89, 25.75, 25.61, 25.64, 25.64, 25.72, 25.79, 25.84, 25.87], [26.5, 26.5, 26.5, 26.5, 26.5, 26.5, 26.5, 26.5, 26.5, 26.22, 26.07, 25.91, 25.74, 25.65, 25.44, 25.61, 25.73, 25.81, 25.86, 25.89], [26.5, 26.5, 26.5, 26.5, 26.5, 26.5, 26.5, 26.5, 26.4, 26.29, 26.15, 26.01, 25.88, 25.73, 25.6, 25.68, 25.79, 25.85, 25.9, 25.92], [26.5, 26.5, 26.39, 26.39, 26.4, 26.41, 26.43, 26.47, 26.37, 26.28, 26.16, 26.04, 25.95, 25.87, 25.76, 25.81, 25.87, 25.92, 25.94, 25.96], [26.38, 26.38, 26.38, 26.42, 26.42, 26.43, 26.43, 26.44, 26.28, 26.23, 26.16, 26.07, 26.02, 25.85, 25.88, 25.92, 25.97, 25.99, 26.0, 26.0], [26.41, 26.41, 26.41, 26.41, 26.41, 26.41, 26.42, 26.41, 26.24, 26.21, 26.16, 26.1, 26.01, 25.93, 25.97, 26.02, 26.06, 26.07, 26.05, 26.03], [26.4, 26.4, 26.4, 26.4, 26.4, 26.4, 26.4, 26.39, 26.39, 26.38, 26.38, 26.39, 26.24, 25.99, 26.04, 26.1, 26.16, 26.14, 26.09, 26.06], [26.4, 26.4, 26.4, 26.4, 26.39, 26.39, 26.38, 26.37, 26.36, 26.36, 26.36, 26.35, 26.25, 26.24, 26.23, 26.14, 26.28, 26.15, 26.1, 26.07], [26.4, 26.4, 26.39, 26.39, 26.39, 26.38, 26.38, 26.36, 26.34, 26.32, 26.35, 26.35, 26.36, 26.23, 26.23, 26.22, 26.12, 26.08, 26.09, 26.07], [26.4, 26.39, 26.39, 26.39, 26.39, 26.38, 26.37, 26.36, 26.34, 26.33, 26.34, 26.35, 26.36, 26.23, 26.22, 26.22, 26.19, 26.18, 26.08, 26.07], [26.39, 26.39, 26.39, 26.39, 26.38, 26.38, 26.37, 26.37, 26.36, 26.36, 26.35, 26.36, 26.36, 26.27, 26.25, 26.23, 26.21, 26.21, 26.21, 26.22], [26.39, 26.39, 26.39, 26.39, 26.38, 26.38, 26.38, 26.37, 26.37, 26.37, 26.37, 26.31, 26.28, 26.25, 26.26, 26.24, 26.23, 26.22, 26.22, 26.22], [26.39, 26.39, 26.39, 26.39, 26.38, 26.38, 26.38, 26.38, 26.38, 26.38, 26.38, 26.33, 26.3, 26.27, 26.27, 26.25, 26.24, 26.24, 26.23, 26.23], [26.39, 26.39, 26.39, 26.39, 26.39, 26.38, 26.38, 26.38, 26.33, 26.35, 26.36, 26.33, 26.3, 26.27, 26.28, 26.26, 26.25, 26.25, 26.24, 26.24], [26.39, 26.39, 26.39, 26.39, 26.39, 26.38, 26.38, 26.38, 26.32, 26.33, 26.33, 26.32, 26.3, 26.27, 26.28, 26.27, 26.26, 26.25, 26.25, 26.25], [26.39, 26.39, 26.39, 26.39, 26.39, 26.39, 26.39, 26.3, 26.31, 26.31, 26.31, 26.3, 26.29, 26.27, 26.28, 26.27, 26.27, 26.26, 26.25, 26.25]]}