gis_exercise/awsData/contour/temp_2023090118.json
{"header": {"refTime": "2023-09-01T18:00:00.000Z", "nx": 21, "ny": 33, "lo1": 113.509, "la1": 22.2235, "lo2": 113.5947, "la2": 22.1034, "dx": 0.0042850000000001385, "dy": 0.003753125000000024, "parameterCategory": 0, "parameterCategoryName": "Temperature", "parameterNumber": 0}, "z": [[26.8, 26.79, 26.78, 26.43, 26.43, 26.74, 26.72, 26.71, 26.71, 26.61, 26.64, 26.67, 26.91, 26.94, 26.92, 26.91, 27.01, 27.0, 27.0, 26.99], [26.81, 26.8, 26.78, 26.77, 26.44, 26.44, 26.7, 26.67, 26.65, 26.59, 26.64, 26.7, 26.94, 26.96, 26.94, 27.03, 27.01, 27.0, 26.99, 26.98], [26.82, 26.81, 26.79, 26.78, 26.44, 26.44, 26.45, 26.64, 26.54, 26.58, 26.66, 26.74, 26.99, 27.0, 27.06, 27.03, 27.0, 26.99, 26.98, 26.97], [26.83, 26.82, 26.81, 26.79, 26.77, 26.44, 26.45, 26.46, 26.46, 26.59, 26.68, 26.81, 27.07, 26.95, 27.06, 27.02, 26.99, 26.97, 26.96, 26.96], [26.85, 26.84, 26.83, 26.81, 26.79, 26.44, 26.45, 26.45, 26.43, 26.58, 26.68, 26.97, 27.16, 27.0, 27.06, 27.0, 26.97, 26.95, 26.94, 26.95], [26.86, 26.86, 26.85, 26.84, 26.83, 26.8, 26.46, 26.45, 26.43, 26.37, 26.69, 26.87, 27.03, 27.17, 27.04, 26.98, 26.93, 26.91, 26.92, 26.93], [27.03, 26.88, 26.88, 26.88, 26.86, 26.84, 26.67, 26.5, 26.47, 26.42, 26.37, 26.71, 27.07, 27.1, 27.0, 26.95, 26.88, 26.85, 26.89, 26.92], [27.04, 27.05, 27.05, 27.04, 27.03, 26.77, 26.71, 26.66, 26.63, 26.38, 26.16, 26.62, 26.63, 27.1, 26.84, 26.85, 26.83, 26.82, 26.83, 26.84], [26.96, 26.97, 27.07, 27.08, 27.08, 27.06, 26.99, 26.69, 26.48, 26.44, 26.35, 26.48, 26.54, 26.46, 26.84, 26.85, 26.84, 26.83, 26.84, 26.84], [27.3, 27.3, 27.3, 27.02, 27.06, 27.16, 27.09, 26.99, 26.3, 26.34, 26.55, 26.4, 26.44, 26.42, 26.84, 26.86, 26.85, 26.84, 26.84, 26.85], [27.3, 27.3, 27.3, 27.3, 27.3, 27.3, 27.3, 27.3, 27.09, 26.46, 26.0, 26.34, 26.38, 26.39, 26.84, 26.86, 26.85, 26.85, 26.85, 26.85], [27.3, 27.3, 27.3, 27.3, 27.3, 27.3, 27.3, 27.3, 27.3, -999.0, 26.0, 26.9, 26.9, 26.36, 26.84, 26.86, 26.86, 26.0, 26.02, 26.03], [27.3, 27.3, 27.3, 27.3, 27.3, 27.3, 27.3, 27.3, 27.3, 27.3, -999.0, 26.9, 26.9, 25.92, 26.35, 26.29, 26.3, 26.13, 26.15, 26.17], [27.3, 27.3, 27.3, 27.3, 27.3, 27.3, 27.3, 27.3, 27.3, 27.3, -999.0, 25.4, 25.4, 25.4, 26.22, 26.17, 26.2, 26.02, 26.06, 26.09], [27.3, 27.3, 27.3, 27.3, 27.3, 27.3, 27.3, 27.0, 27.0, 27.0, 27.0, 26.39, 25.4, 25.4, 25.4, 26.04, 26.08, 25.92, 25.97, 26.01], [27.3, 27.3, 27.11, 27.11, 27.1, 27.0, 27.0, 27.0, 27.0, 27.0, 25.99, 26.11, 25.95, 25.82, 25.97, 26.02, 26.12, 25.95, 26.23, 26.29], [27.11, 27.11, 27.19, 27.19, 27.0, 27.0, 27.0, 27.0, 27.0, 27.0, 26.31, 26.11, 25.9, 25.71, 25.78, 25.69, 25.8, 25.88, 25.93, 25.97], [27.19, 27.19, 27.18, 27.18, 27.0, 27.0, 27.0, 27.0, 27.0, 26.59, 26.38, 26.14, 25.89, 25.79, 25.46, 25.66, 25.81, 25.9, 25.96, 25.99], [27.19, 27.18, 27.18, 27.0, 27.0, 27.0, 27.0, 27.0, 26.86, 26.69, 26.56, 26.36, 26.15, 25.92, 25.64, 25.75, 25.87, 25.96, 26.0, 26.03], [27.18, 27.18, 27.06, 27.05, 27.05, 27.05, 27.04, 27.02, 26.86, 26.74, 26.59, 26.42, 26.26, 26.13, 25.84, 25.9, 25.98, 26.04, 26.06, 26.07], [27.06, 27.06, 27.06, 27.04, 27.04, 27.04, 27.03, 27.03, 26.78, 26.71, 26.61, 26.49, 26.36, 25.96, 26.0, 26.05, 26.11, 26.13, 26.13, 26.12], [27.05, 27.05, 27.05, 27.04, 27.04, 27.04, 27.04, 27.1, 26.76, 26.72, 26.65, 26.56, 26.5, 26.06, 26.12, 26.19, 26.25, 26.24, 26.19, 26.16], [27.05, 27.05, 27.05, 27.14, 27.13, 27.13, 27.13, 27.12, 27.12, 27.13, 27.13, 27.07, 26.66, 26.13, 26.2, 26.31, 26.43, 26.34, 26.23, 26.18], [27.15, 27.15, 27.15, 27.15, 27.14, 27.14, 27.14, 27.14, 27.13, 27.13, 27.14, 27.17, 26.67, 26.6, 26.55, 26.35, 26.73, 26.28, 26.2, 26.17], [27.16, 27.16, 27.16, 27.16, 27.15, 27.15, 27.15, 27.15, 27.13, 27.12, 27.15, 27.18, 27.19, 26.59, 26.52, 26.46, 26.18, 26.0, 26.14, 26.16], [27.16, 27.16, 27.16, 27.16, 27.17, 27.17, 27.17, 27.16, 27.15, 27.13, 27.18, 27.2, 27.2, 26.59, 26.51, 26.48, 26.36, 26.3, 26.14, 26.15], [27.17, 27.17, 27.17, 27.17, 27.18, 27.18, 27.18, 27.18, 27.18, 27.19, 27.22, 27.23, 27.22, 26.72, 26.62, 26.53, 26.45, 26.42, 26.43, 26.45], [27.17, 27.17, 27.18, 27.18, 27.19, 27.19, 27.2, 27.21, 27.23, 27.27, 27.28, 27.05, 26.92, 26.79, 26.68, 26.59, 26.53, 26.49, 26.49, 26.5], [27.18, 27.18, 27.18, 27.19, 27.19, 27.2, 27.21, 27.23, 27.26, 27.32, 27.3, 27.13, 26.97, 26.84, 26.73, 26.65, 26.59, 26.55, 26.54, 26.54], [27.18, 27.18, 27.19, 27.19, 27.2, 27.21, 27.22, 27.24, 27.11, 27.19, 27.25, 27.12, 26.99, 26.87, 26.77, 26.69, 26.64, 26.6, 26.58, 26.57], [27.18, 27.19, 27.19, 27.2, 27.21, 27.21, 27.23, 27.24, 27.07, 27.12, 27.12, 27.06, 26.97, 26.87, 26.79, 26.72, 26.67, 26.64, 26.62, 26.6], [27.19, 27.19, 27.2, 27.2, 27.21, 27.22, 27.23, 27.01, 27.03, 27.05, 27.04, 27.0, 26.94, 26.87, 26.8, 26.74, 26.7, 26.67, 26.64, 26.63]]}