gis_exercise/awsData/contour/temp_2023091209.json
{"header": {"refTime": "2023-09-12T09:00:00.000Z", "nx": 21, "ny": 33, "lo1": 113.509, "la1": 22.2235, "lo2": 113.5947, "la2": 22.1034, "dx": 0.0042850000000001385, "dy": 0.003753125000000024, "parameterCategory": 0, "parameterCategoryName": "Temperature", "parameterNumber": 0}, "z": [[27.21, 27.21, 27.21, 27.16, 27.17, 27.31, 27.32, 27.32, 27.33, 27.36, 27.38, 27.4, 27.55, 27.57, 27.32, 27.3, 27.38, 27.36, 27.34, 27.33], [27.2, 27.21, 27.21, 27.21, 27.17, 27.18, 27.31, 27.32, 27.32, 27.35, 27.38, 27.41, 27.57, 27.58, 27.33, 27.4, 27.37, 27.34, 27.32, 27.31], [27.2, 27.2, 27.2, 27.21, 27.16, 27.17, 27.19, 27.31, 27.3, 27.35, 27.39, 27.43, 27.59, 27.6, 27.45, 27.39, 27.35, 27.31, 27.3, 27.29], [27.2, 27.2, 27.2, 27.2, 27.2, 27.16, 27.18, 27.2, 27.23, 27.35, 27.4, 27.47, 27.62, 27.58, 27.45, 27.38, 27.31, 27.27, 27.26, 27.26], [27.2, 27.2, 27.2, 27.2, 27.2, 27.14, 27.15, 27.16, 27.17, 27.36, 27.41, 27.58, 27.65, 27.6, 27.45, 27.34, 27.26, 27.21, 27.2, 27.22], [27.2, 27.2, 27.2, 27.2, 27.19, 27.18, 27.12, 27.12, 27.12, 27.12, 27.47, 27.55, 27.61, 27.7, 27.43, 27.29, 27.16, 27.11, 27.14, 27.18], [27.17, 27.2, 27.2, 27.2, 27.19, 27.17, 27.1, 27.08, 27.07, 27.18, 27.23, 27.5, 27.7, 27.7, 27.4, 27.24, 27.03, 26.95, 26.97, 27.02], [27.17, 27.17, 27.17, 27.17, 27.17, 27.14, 27.11, 27.06, 27.05, 27.17, 27.16, 27.52, 27.52, 27.7, 27.14, 27.23, 27.04, 26.96, 27.08, 27.15], [27.13, 27.13, 27.19, 27.19, 27.19, 27.18, 27.14, 27.09, 27.03, 27.19, 27.33, 27.42, 27.46, 27.4, 27.16, 27.27, 27.15, 27.11, 27.13, 27.18], [27.3, 27.3, 27.3, 27.16, 27.18, 27.23, 27.2, 27.14, 27.06, 27.05, 27.46, 27.36, 27.4, 27.38, 27.16, 27.31, 27.23, 27.2, 27.19, 27.21], [27.3, 27.3, 27.3, 27.3, 27.3, 27.3, 27.3, 27.3, 27.19, 27.03, 27.1, 27.33, 27.36, 27.36, 27.15, 27.34, 27.28, 27.25, 27.24, 27.25], [27.3, 27.3, 27.3, 27.3, 27.3, 27.3, 27.3, 27.3, 27.3, -999.0, 27.1, 27.7, 27.7, 27.34, 27.14, 27.37, 27.33, 26.86, 26.86, 26.86], [27.3, 27.3, 27.3, 27.3, 27.3, 27.3, 27.3, 27.3, 27.3, 27.3, -999.0, 27.7, 27.7, 27.18, 27.41, 26.84, 26.84, 26.85, 26.85, 26.85], [27.3, 27.3, 27.3, 27.3, 27.3, 27.3, 27.3, 27.3, 27.3, 27.3, -999.0, 26.9, 26.9, 26.9, 27.34, 26.84, 26.84, 26.86, 26.85, 26.85], [27.3, 27.3, 27.3, 27.3, 27.3, 27.3, 27.3, 27.6, 27.6, 27.6, 27.6, 27.33, 26.9, 26.9, 26.9, 26.85, 26.85, 26.86, 26.86, 26.86], [27.3, 27.3, 27.49, 27.49, 27.5, 27.6, 27.6, 27.6, 27.6, 27.6, 27.16, 27.21, 27.14, 27.08, 27.15, 26.79, 26.77, 26.8, 26.79, 26.78], [27.49, 27.49, 27.41, 27.41, 27.6, 27.6, 27.6, 27.6, 27.6, 27.6, 27.3, 27.21, 27.12, 27.04, 26.95, 26.91, 26.91, 26.92, 26.92, 26.92], [27.41, 27.41, 27.42, 27.42, 27.6, 27.6, 27.6, 27.6, 27.6, 27.42, 27.33, 27.22, 27.11, 26.96, 26.91, 26.91, 26.91, 26.92, 26.92, 26.92], [27.41, 27.42, 27.42, 27.6, 27.6, 27.6, 27.6, 27.6, 27.54, 27.46, 27.38, 27.29, 27.04, 26.97, 26.91, 26.91, 26.91, 26.92, 26.92, 26.92], [27.42, 27.42, 27.54, 27.55, 27.55, 27.55, 27.56, 27.58, 27.52, 27.46, 27.39, 27.31, 27.04, 26.98, 26.91, 26.91, 26.91, 26.92, 26.92, 26.93], [27.54, 27.54, 27.54, 27.56, 27.56, 27.56, 27.57, 27.57, 27.47, 27.44, 27.39, 27.34, 27.04, 26.91, 26.91, 26.91, 26.91, 26.91, 26.92, 26.93], [27.55, 27.55, 27.55, 27.56, 27.56, 27.56, 27.56, 27.57, 27.44, 27.42, 27.39, 27.36, 27.0, 26.91, 26.91, 26.9, 26.9, 26.91, 26.93, 26.93], [27.55, 27.55, 27.55, 27.56, 27.56, 27.56, 27.56, 27.56, 27.55, 27.55, 27.55, 27.29, 27.14, 26.92, 26.91, 26.89, 26.86, 26.9, 26.94, 26.95], [27.56, 27.56, 27.56, 27.56, 27.56, 27.56, 27.55, 27.55, 27.54, 27.54, 27.54, 27.3, 27.16, 27.09, 27.03, 26.89, 26.76, 26.96, 26.97, 26.96], [27.56, 27.56, 27.56, 27.56, 27.56, 27.56, 27.55, 27.54, 27.53, 27.52, 27.53, 27.33, 27.26, 27.1, 27.05, 27.0, 27.0, 27.09, 27.0, 26.97], [27.56, 27.56, 27.56, 27.56, 27.56, 27.56, 27.55, 27.54, 27.53, 27.52, 27.42, 27.36, 27.29, 27.12, 27.07, 27.06, 27.07, 27.08, 26.99, 26.98], [27.56, 27.56, 27.56, 27.56, 27.56, 27.56, 27.55, 27.55, 27.55, 27.54, 27.43, 27.38, 27.32, 27.18, 27.13, 27.1, 27.09, 27.08, 27.08, 27.08], [27.56, 27.56, 27.56, 27.56, 27.56, 27.56, 27.56, 27.56, 27.56, 27.46, 27.47, 27.53, 27.51, 27.48, 27.17, 27.13, 27.11, 27.1, 27.1, 27.1], [27.56, 27.56, 27.56, 27.56, 27.56, 27.56, 27.56, 27.56, 27.57, 27.51, 27.58, 27.54, 27.52, 27.49, 27.2, 27.16, 27.14, 27.12, 27.12, 27.11], [27.56, 27.56, 27.56, 27.56, 27.56, 27.56, 27.56, 27.57, 27.54, 27.56, 27.57, 27.54, 27.52, 27.5, 27.22, 27.19, 27.16, 27.14, 27.13, 27.12], [27.56, 27.56, 27.56, 27.56, 27.56, 27.56, 27.57, 27.57, 27.53, 27.54, 27.54, 27.53, 27.52, 27.5, 27.24, 27.2, 27.18, 27.16, 27.15, 27.14], [27.56, 27.56, 27.56, 27.56, 27.57, 27.57, 27.57, 27.52, 27.52, 27.53, 27.53, 27.52, 27.51, 27.5, 27.24, 27.21, 27.19, 27.17, 27.16, 27.15]]}