gis_exercise/awsData/contour/temp_2023090502.json
{"header": {"refTime": "2023-09-05T02:00:00.000Z", "nx": 21, "ny": 33, "lo1": 113.509, "la1": 22.2235, "lo2": 113.5947, "la2": 22.1034, "dx": 0.0042850000000001385, "dy": 0.003753125000000024, "parameterCategory": 0, "parameterCategoryName": "Temperature", "parameterNumber": 0}, "z": [[29.81, 29.8, 29.8, 29.81, 29.79, 30.05, 30.01, 29.98, 29.98, 29.98, 30.07, 30.16, 30.42, 30.47, 30.5, 30.52, 30.85, 30.84, 30.84, 30.83], [29.81, 29.81, 29.8, 29.79, 29.8, 29.77, 29.97, 29.89, 29.85, 29.91, 30.07, 30.2, 30.48, 30.53, 30.55, 30.86, 30.85, 30.84, 30.83, 30.83], [29.82, 29.82, 29.81, 29.8, 29.81, 29.78, 29.74, 29.82, 29.58, 29.85, 30.1, 30.28, 30.57, 30.6, 30.88, 30.86, 30.84, 30.83, 30.82, 30.82], [29.83, 29.82, 29.82, 29.81, 29.8, 29.81, 29.77, 29.71, 29.66, 29.94, 30.19, 30.42, 30.72, 30.77, 30.89, 30.86, 30.83, 30.82, 30.81, 30.81], [29.83, 29.83, 29.83, 29.83, 29.83, 29.85, 29.83, 29.81, 29.8, 30.07, 30.27, 30.79, 30.97, 30.81, 30.89, 30.84, 30.82, 30.8, 30.8, 30.8], [29.84, 29.84, 29.84, 29.84, 29.85, 29.86, 29.9, 29.91, 29.91, 29.89, 30.53, 30.7, 30.84, 30.97, 30.87, 30.82, 30.79, 30.77, 30.78, 30.79], [29.98, 29.85, 29.85, 29.86, 29.87, 29.89, 30.02, 30.0, 30.01, 30.16, 30.16, 30.54, 30.87, 30.9, 30.84, 30.8, 30.75, 30.73, 30.77, 30.8], [29.97, 29.97, 29.97, 29.97, 29.98, 29.98, 30.02, 30.09, 30.2, 30.13, 30.02, 30.45, 30.46, 30.9, 30.7, 30.7, 30.7, 30.7, 30.7, 30.7], [30.03, 30.02, 29.95, 29.95, 29.94, 29.96, 30.01, 30.04, 30.1, 30.18, 30.21, 30.33, 30.38, 30.31, 30.7, 30.7, 30.7, 30.7, 30.7, 30.7], [29.8, 29.8, 29.8, 29.99, 29.96, 29.89, 29.94, 30.01, 30.03, 30.05, 30.39, 30.25, 30.3, 30.27, 30.7, 30.7, 30.7, 30.7, 30.7, 30.7], [29.8, 29.8, 29.8, 29.8, 29.8, 29.8, 29.8, 29.8, 29.94, 30.1, 29.9, 30.2, 30.24, 30.24, 30.7, 30.7, 30.7, 30.7, 30.7, 30.7], [29.8, 29.8, 29.8, 29.8, 29.8, 29.8, 29.8, 29.8, 29.8, -999.0, 29.9, 30.7, 30.7, 30.22, 30.7, 30.7, 30.7, 29.56, 29.59, 29.6], [29.8, 29.8, 29.8, 29.8, 29.8, 29.8, 29.8, 29.8, 29.8, 29.8, -999.0, 30.7, 30.7, 29.39, 29.97, 29.97, 29.99, 29.74, 29.78, 29.8], [29.8, 29.8, 29.8, 29.8, 29.8, 29.8, 29.8, 29.8, 29.8, 29.8, -999.0, 28.7, 28.7, 28.7, 29.8, 29.81, 29.84, 29.59, 29.64, 29.68], [29.8, 29.8, 29.8, 29.8, 29.8, 29.8, 29.8, 29.2, 29.2, 29.2, 29.2, 29.01, 28.7, 28.7, 28.7, 29.62, 29.68, 29.44, 29.52, 29.58], [29.8, 29.8, 29.42, 29.42, 29.4, 29.2, 29.2, 29.2, 29.2, 29.2, 28.89, 28.92, 28.87, 28.83, 28.88, 29.29, 29.38, 29.22, 29.65, 29.72], [29.41, 29.41, 29.59, 29.58, 29.2, 29.2, 29.2, 29.2, 29.2, 29.2, 28.98, 28.92, 28.86, 28.8, 28.94, 28.91, 28.98, 29.03, 29.07, 29.1], [29.59, 29.58, 29.57, 29.55, 29.2, 29.2, 29.2, 29.2, 29.2, 29.07, 29.01, 28.93, 28.85, 28.94, 28.74, 28.88, 28.99, 29.05, 29.09, 29.12], [29.57, 29.56, 29.55, 29.2, 29.2, 29.2, 29.2, 29.2, 29.16, 29.1, 29.09, 29.03, 29.13, 29.03, 28.87, 28.95, 29.04, 29.09, 29.13, 29.14], [29.57, 29.56, 29.31, 29.31, 29.3, 29.29, 29.27, 29.23, 29.18, 29.15, 29.11, 29.06, 29.21, 29.17, 29.02, 29.06, 29.12, 29.15, 29.17, 29.17], [29.32, 29.32, 29.32, 29.28, 29.28, 29.27, 29.27, 29.26, 29.17, 29.15, 29.13, 29.09, 29.29, 29.1, 29.13, 29.18, 29.22, 29.23, 29.22, 29.2], [29.29, 29.29, 29.29, 29.29, 29.29, 29.29, 29.28, 29.29, 29.18, 29.18, 29.15, 29.12, 29.44, 29.18, 29.22, 29.29, 29.33, 29.31, 29.26, 29.22], [29.3, 29.3, 29.3, 29.3, 29.3, 29.3, 29.3, 29.31, 29.31, 29.32, 29.32, 29.58, 29.4, 29.22, 29.29, 29.39, 29.51, 29.4, 29.28, 29.23], [29.3, 29.3, 29.3, 29.3, 29.31, 29.31, 29.32, 29.33, 29.34, 29.34, 29.34, 29.6, 29.4, 29.41, 29.43, 29.42, 29.85, 29.29, 29.22, 29.21], [29.3, 29.3, 29.31, 29.31, 29.31, 29.32, 29.32, 29.34, 29.36, 29.38, 29.35, 29.57, 29.64, 29.39, 29.39, 29.38, 29.17, 28.93, 29.14, 29.18], [29.3, 29.31, 29.31, 29.31, 29.31, 29.32, 29.33, 29.34, 29.36, 29.37, 29.48, 29.54, 29.61, 29.37, 29.36, 29.3, 29.22, 29.16, 29.14, 29.17], [29.31, 29.31, 29.31, 29.31, 29.32, 29.32, 29.33, 29.33, 29.34, 29.34, 29.47, 29.52, 29.58, 29.33, 29.32, 29.29, 29.26, 29.23, 29.24, 29.26], [29.31, 29.31, 29.31, 29.31, 29.32, 29.32, 29.32, 29.33, 29.33, 29.44, 29.43, 29.2, 29.14, 29.07, 29.31, 29.3, 29.28, 29.27, 29.27, 29.27], [29.31, 29.31, 29.31, 29.31, 29.32, 29.32, 29.32, 29.32, 29.32, 29.39, 29.27, 29.21, 29.15, 29.09, 29.31, 29.3, 29.29, 29.28, 29.28, 29.29], [29.31, 29.31, 29.31, 29.31, 29.31, 29.32, 29.32, 29.32, 29.22, 29.24, 29.25, 29.21, 29.15, 29.1, 29.31, 29.3, 29.3, 29.29, 29.29, 29.29], [29.31, 29.31, 29.31, 29.31, 29.31, 29.32, 29.32, 29.32, 29.2, 29.21, 29.21, 29.19, 29.15, 29.1, 29.31, 29.31, 29.3, 29.3, 29.3, 29.3], [29.31, 29.31, 29.31, 29.31, 29.31, 29.31, 29.31, 29.18, 29.19, 29.19, 29.18, 29.16, 29.13, 29.1, 29.31, 29.31, 29.31, 29.3, 29.3, 29.3]]}