gis_exercise/awsData/contour/temp_2023090116.json
{"header": {"refTime": "2023-09-01T16:00:00.000Z", "nx": 21, "ny": 33, "lo1": 113.509, "la1": 22.2235, "lo2": 113.5947, "la2": 22.1034, "dx": 0.0042850000000001385, "dy": 0.003753125000000024, "parameterCategory": 0, "parameterCategoryName": "Temperature", "parameterNumber": 0}, "z": [[29.12, 29.11, 29.1, 28.84, 28.85, 29.11, 29.11, 29.11, 29.11, 29.05, 29.08, 29.1, 29.36, 29.38, 29.28, 29.27, 29.4, 29.38, 29.37, 29.37], [29.12, 29.12, 29.11, 29.1, 28.85, 28.86, 29.1, 29.08, 29.08, 29.05, 29.08, 29.12, 29.38, 29.4, 29.29, 29.41, 29.39, 29.37, 29.37, 29.36], [29.13, 29.12, 29.11, 29.1, 28.85, 28.86, 28.88, 29.07, 29.02, 29.04, 29.09, 29.15, 29.41, 29.43, 29.43, 29.4, 29.38, 29.36, 29.35, 29.35], [29.13, 29.13, 29.12, 29.11, 29.1, 28.85, 28.87, 28.89, 28.92, 29.04, 29.11, 29.21, 29.47, 29.36, 29.44, 29.4, 29.36, 29.34, 29.33, 29.33], [29.14, 29.14, 29.13, 29.12, 29.11, 28.84, 28.85, 28.85, 28.85, 29.03, 29.1, 29.37, 29.5, 29.39, 29.43, 29.38, 29.33, 29.31, 29.3, 29.31], [29.15, 29.15, 29.15, 29.14, 29.12, 29.1, 28.83, 28.83, 28.81, 28.77, 29.15, 29.3, 29.42, 29.57, 29.42, 29.35, 29.28, 29.25, 29.27, 29.29], [29.23, 29.17, 29.16, 29.16, 29.14, 29.12, 28.95, 28.82, 28.8, 28.83, 28.83, 29.2, 29.54, 29.55, 29.4, 29.32, 29.22, 29.18, 29.19, 29.22], [29.24, 29.25, 29.25, 29.24, 29.23, 29.04, 28.98, 28.92, 28.89, 28.8, 28.65, 29.19, 29.2, 29.55, 29.25, 29.29, 29.2, 29.17, 29.22, 29.26], [29.16, 29.17, 29.27, 29.28, 29.28, 29.26, 29.19, 28.96, 28.77, 28.86, 28.88, 29.03, 29.1, 29.01, 29.26, 29.31, 29.26, 29.24, 29.25, 29.27], [29.5, 29.5, 29.5, 29.22, 29.26, 29.36, 29.29, 29.19, 28.67, 28.69, 29.11, 28.94, 28.99, 28.97, 29.26, 29.33, 29.29, 29.28, 29.28, 29.28], [29.5, 29.5, 29.5, 29.5, 29.5, 29.5, 29.5, 29.5, 29.29, 28.76, 28.5, 28.88, 28.93, 28.93, 29.26, 29.34, 29.31, 29.3, 29.3, 29.3], [29.5, 29.5, 29.5, 29.5, 29.5, 29.5, 29.5, 29.5, 29.5, -999.0, 28.5, 29.5, 29.5, 28.9, 29.25, 29.35, 29.34, 28.3, 28.32, 28.33], [29.5, 29.5, 29.5, 29.5, 29.5, 29.5, 29.5, 29.5, 29.5, 29.5, -999.0, 29.5, 29.5, 28.32, 28.84, 28.59, 28.6, 28.43, 28.45, 28.47], [29.5, 29.5, 29.5, 29.5, 29.5, 29.5, 29.5, 29.5, 29.5, 29.5, -999.0, 27.7, 27.7, 27.7, 28.69, 28.47, 28.5, 28.32, 28.36, 28.39], [29.5, 29.5, 29.5, 29.5, 29.5, 29.5, 29.5, 29.2, 29.2, 29.2, 29.2, 28.62, 27.7, 27.7, 27.7, 28.34, 28.38, 28.22, 28.27, 28.31], [29.5, 29.5, 29.31, 29.31, 29.3, 29.2, 29.2, 29.2, 29.2, 29.2, 28.26, 28.36, 28.22, 28.1, 28.23, 28.18, 28.25, 28.12, 28.42, 28.47], [29.31, 29.31, 29.39, 29.39, 29.2, 29.2, 29.2, 29.2, 29.2, 29.2, 28.55, 28.37, 28.17, 27.99, 28.02, 27.94, 28.03, 28.1, 28.14, 28.18], [29.39, 29.39, 29.38, 29.38, 29.2, 29.2, 29.2, 29.2, 29.2, 28.82, 28.62, 28.39, 28.16, 28.04, 27.75, 27.92, 28.04, 28.12, 28.17, 28.2], [29.39, 29.38, 29.38, 29.2, 29.2, 29.2, 29.2, 29.2, 29.07, 28.91, 28.77, 28.58, 28.35, 28.15, 27.9, 27.99, 28.09, 28.16, 28.21, 28.23], [29.38, 29.38, 29.2, 29.2, 29.2, 29.2, 29.2, 29.2, 29.06, 28.94, 28.79, 28.64, 28.44, 28.32, 28.07, 28.12, 28.18, 28.23, 28.25, 28.26], [29.2, 29.2, 29.2, 29.2, 29.2, 29.2, 29.2, 29.2, 28.97, 28.91, 28.81, 28.69, 28.52, 28.17, 28.19, 28.24, 28.29, 28.31, 28.31, 28.3], [29.2, 29.2, 29.2, 29.2, 29.2, 29.2, 29.2, 29.22, 28.94, 28.9, 28.84, 28.75, 28.6, 28.25, 28.29, 28.35, 28.4, 28.39, 28.36, 28.34], [29.2, 29.2, 29.2, 29.23, 29.22, 29.22, 29.22, 29.22, 29.22, 29.22, 29.22, 29.15, 28.78, 28.31, 28.36, 28.45, 28.54, 28.48, 28.4, 28.36], [29.23, 29.23, 29.23, 29.23, 29.23, 29.22, 29.22, 29.22, 29.22, 29.22, 29.22, 29.18, 28.79, 28.72, 28.67, 28.48, 28.75, 28.44, 28.38, 28.36], [29.23, 29.23, 29.23, 29.23, 29.23, 29.23, 29.23, 29.22, 29.22, 29.21, 29.22, 29.18, 29.17, 28.72, 28.66, 28.59, 28.38, 28.26, 28.34, 28.35], [29.23, 29.23, 29.23, 29.23, 29.23, 29.23, 29.23, 29.23, 29.22, 29.21, 29.2, 29.19, 29.18, 28.72, 28.65, 28.6, 28.52, 28.48, 28.34, 28.34], [29.23, 29.23, 29.23, 29.23, 29.23, 29.23, 29.23, 29.23, 29.23, 29.23, 29.21, 29.21, 29.19, 28.78, 28.71, 28.64, 28.59, 28.56, 28.56, 28.59], [29.23, 29.23, 29.23, 29.24, 29.24, 29.24, 29.24, 29.24, 29.25, 29.24, 29.24, 29.08, 28.99, 28.89, 28.75, 28.69, 28.64, 28.62, 28.61, 28.62], [29.24, 29.24, 29.24, 29.24, 29.24, 29.24, 29.24, 29.25, 29.26, 29.26, 29.24, 29.13, 29.02, 28.93, 28.79, 28.73, 28.69, 28.66, 28.65, 28.65], [29.24, 29.24, 29.24, 29.24, 29.24, 29.24, 29.25, 29.25, 29.12, 29.17, 29.2, 29.12, 29.03, 28.95, 28.82, 28.76, 28.72, 28.7, 28.68, 28.67], [29.24, 29.24, 29.24, 29.24, 29.24, 29.24, 29.25, 29.25, 29.1, 29.12, 29.12, 29.08, 29.02, 28.95, 28.84, 28.79, 28.75, 28.72, 28.7, 28.69], [29.24, 29.24, 29.24, 29.24, 29.24, 29.25, 29.25, 29.05, 29.07, 29.08, 29.07, 29.04, 29.0, 28.95, 28.84, 28.8, 28.77, 28.74, 28.73, 28.71]]}