gis_exercise/awsData/contour/temp_2023090721.json
{"header": {"refTime": "2023-09-07T21:00:00.000Z", "nx": 21, "ny": 33, "lo1": 113.509, "la1": 22.2235, "lo2": 113.5947, "la2": 22.1034, "dx": 0.0042850000000001385, "dy": 0.003753125000000024, "parameterCategory": 0, "parameterCategoryName": "Temperature", "parameterNumber": 0}, "z": [[26.34, 26.33, 26.32, 26.07, 26.07, 26.29, 26.27, 26.25, 26.25, 26.12, 26.15, 26.18, 26.37, 26.39, 26.46, 26.47, 26.58, 26.58, 26.58, 26.58], [26.34, 26.33, 26.32, 26.31, 26.07, 26.06, 26.25, 26.21, 26.18, 26.1, 26.15, 26.2, 26.4, 26.42, 26.48, 26.59, 26.58, 26.58, 26.58, 26.58], [26.35, 26.34, 26.33, 26.32, 26.08, 26.07, 26.06, 26.17, 26.04, 26.09, 26.17, 26.24, 26.44, 26.45, 26.59, 26.59, 26.59, 26.58, 26.58, 26.58], [26.36, 26.35, 26.35, 26.33, 26.31, 26.08, 26.07, 26.05, 26.03, 26.1, 26.19, 26.3, 26.51, 26.43, 26.6, 26.59, 26.59, 26.58, 26.58, 26.58], [26.37, 26.37, 26.36, 26.35, 26.34, 26.1, 26.1, 26.09, 26.07, 26.11, 26.2, 26.45, 26.59, 26.47, 26.6, 26.59, 26.58, 26.58, 26.58, 26.58], [26.38, 26.38, 26.38, 26.38, 26.37, 26.36, 26.13, 26.14, 26.11, 26.05, 26.23, 26.37, 26.49, 26.6, 26.58, 26.58, 26.59, 26.59, 26.58, 26.58], [26.56, 26.4, 26.4, 26.4, 26.4, 26.4, 26.32, 26.22, 26.2, 26.11, 26.03, 26.25, 26.53, 26.55, 26.57, 26.58, 26.59, 26.59, 26.62, 26.62], [26.56, 26.56, 26.56, 26.56, 26.56, 26.36, 26.35, 26.37, 26.4, 26.08, 25.85, 26.18, 26.19, 26.55, 26.53, 26.5, 26.55, 26.56, 26.54, 26.52], [26.54, 26.54, 26.56, 26.56, 26.56, 26.56, 26.55, 26.35, 26.25, 26.14, 25.97, 26.07, 26.12, 26.06, 26.52, 26.5, 26.52, 26.53, 26.53, 26.52], [26.6, 26.6, 26.6, 26.55, 26.56, 26.58, 26.57, 26.55, 26.05, 26.09, 26.13, 26.01, 26.05, 26.03, 26.52, 26.49, 26.5, 26.51, 26.51, 26.51], [26.6, 26.6, 26.6, 26.6, 26.6, 26.6, 26.6, 26.6, 26.56, 26.23, 25.7, 25.97, 26.0, 26.0, 26.52, 26.48, 26.49, 26.5, 26.5, 26.5], [26.6, 26.6, 26.6, 26.6, 26.6, 26.6, 26.6, 26.6, 26.6, -999.0, 25.7, 26.4, 26.4, 25.98, 26.52, 26.47, 26.48, 26.15, 26.16, 26.16], [26.6, 26.6, 26.6, 26.6, 26.6, 26.6, 26.6, 26.6, 26.6, 26.6, -999.0, 26.4, 26.4, 26.01, 26.18, 26.31, 26.31, 26.22, 26.23, 26.24], [26.6, 26.6, 26.6, 26.6, 26.6, 26.6, 26.6, 26.6, 26.6, 26.6, -999.0, 25.8, 25.8, 25.8, 26.13, 26.24, 26.25, 26.15, 26.18, 26.19], [26.6, 26.6, 26.6, 26.6, 26.6, 26.6, 26.6, 26.7, 26.7, 26.7, 26.7, 26.35, 25.8, 25.8, 25.8, 26.17, 26.19, 26.1, 26.13, 26.15], [26.6, 26.6, 26.66, 26.66, 26.67, 26.7, 26.7, 26.7, 26.7, 26.7, 26.13, 26.2, 26.11, 26.04, 26.12, 26.02, 26.05, 25.99, 26.17, 26.2], [26.66, 26.66, 26.64, 26.64, 26.7, 26.7, 26.7, 26.7, 26.7, 26.7, 26.31, 26.2, 26.08, 25.98, 25.97, 25.96, 26.02, 26.07, 26.1, 26.12], [26.64, 26.64, 26.64, 26.64, 26.7, 26.7, 26.7, 26.7, 26.7, 26.47, 26.35, 26.22, 26.08, 25.98, 25.83, 25.95, 26.03, 26.08, 26.11, 26.14], [26.64, 26.64, 26.64, 26.7, 26.7, 26.7, 26.7, 26.7, 26.62, 26.52, 26.4, 26.29, 26.16, 26.04, 25.93, 25.99, 26.06, 26.11, 26.14, 26.16], [26.64, 26.64, 26.59, 26.59, 26.6, 26.61, 26.63, 26.67, 26.59, 26.51, 26.41, 26.32, 26.2, 26.13, 26.04, 26.08, 26.12, 26.15, 26.17, 26.18], [26.58, 26.58, 26.58, 26.62, 26.62, 26.63, 26.63, 26.64, 26.51, 26.47, 26.41, 26.34, 26.24, 26.11, 26.12, 26.15, 26.18, 26.2, 26.21, 26.21], [26.61, 26.61, 26.61, 26.61, 26.61, 26.61, 26.62, 26.68, 26.47, 26.45, 26.41, 26.36, 26.22, 26.16, 26.19, 26.22, 26.24, 26.25, 26.24, 26.23], [26.6, 26.6, 26.6, 26.7, 26.7, 26.69, 26.68, 26.67, 26.66, 26.66, 26.67, 26.53, 26.41, 26.2, 26.23, 26.27, 26.3, 26.3, 26.27, 26.25], [26.72, 26.71, 26.71, 26.7, 26.7, 26.69, 26.68, 26.66, 26.63, 26.63, 26.65, 26.6, 26.41, 26.39, 26.38, 26.3, 26.36, 26.32, 26.29, 26.27], [26.72, 26.72, 26.71, 26.71, 26.7, 26.69, 26.68, 26.65, 26.6, 26.56, 26.63, 26.61, 26.61, 26.4, 26.38, 26.37, 26.31, 26.3, 26.29, 26.27], [26.72, 26.72, 26.72, 26.71, 26.71, 26.7, 26.69, 26.66, 26.62, 26.58, 26.61, 26.64, 26.64, 26.4, 26.38, 26.45, 26.41, 26.4, 26.28, 26.27], [26.72, 26.72, 26.72, 26.72, 26.72, 26.71, 26.71, 26.7, 26.69, 26.69, 26.69, 26.69, 26.68, 26.58, 26.53, 26.48, 26.45, 26.44, 26.44, 26.45], [26.73, 26.73, 26.73, 26.73, 26.73, 26.73, 26.73, 26.74, 26.76, 26.77, 26.79, 26.75, 26.7, 26.65, 26.56, 26.52, 26.49, 26.47, 26.47, 26.47], [26.73, 26.73, 26.73, 26.74, 26.74, 26.75, 26.75, 26.77, 26.81, 26.86, 26.93, 26.81, 26.73, 26.68, 26.59, 26.55, 26.52, 26.5, 26.49, 26.49], [26.74, 26.74, 26.74, 26.74, 26.75, 26.76, 26.77, 26.79, 26.78, 26.85, 26.89, 26.82, 26.75, 26.69, 26.62, 26.57, 26.54, 26.52, 26.51, 26.51], [26.74, 26.74, 26.74, 26.75, 26.76, 26.76, 26.78, 26.8, 26.77, 26.8, 26.81, 26.78, 26.74, 26.7, 26.63, 26.59, 26.56, 26.54, 26.53, 26.52], [26.74, 26.74, 26.75, 26.75, 26.76, 26.77, 26.78, 26.73, 26.75, 26.77, 26.77, 26.75, 26.72, 26.69, 26.63, 26.6, 26.58, 26.56, 26.54, 26.54]]}