gis_exercise/awsData/contour/temp_2023091118.json
{"header": {"refTime": "2023-09-11T18:00:00.000Z", "nx": 21, "ny": 33, "lo1": 113.509, "la1": 22.2235, "lo2": 113.5947, "la2": 22.1034, "dx": 0.0042850000000001385, "dy": 0.003753125000000024, "parameterCategory": 0, "parameterCategoryName": "Temperature", "parameterNumber": 0}, "z": [[25.9, 25.89, 25.89, 25.73, 25.74, 25.91, 25.92, 25.92, 25.93, 25.94, 25.96, 25.98, 26.13, 26.14, 26.21, 26.22, 26.31, 26.31, 26.31, 26.31], [25.9, 25.89, 25.89, 25.89, 25.74, 25.75, 25.91, 25.92, 25.92, 25.94, 25.96, 25.99, 26.14, 26.16, 26.22, 26.31, 26.31, 26.31, 26.32, 26.32], [25.9, 25.9, 25.89, 25.89, 25.74, 25.75, 25.77, 25.91, 25.9, 25.93, 25.97, 26.01, 26.17, 26.18, 26.3, 26.31, 26.31, 26.32, 26.32, 26.32], [25.9, 25.9, 25.89, 25.89, 25.88, 25.74, 25.76, 25.79, 25.82, 25.93, 25.98, 26.05, 26.2, 26.14, 26.3, 26.31, 26.32, 26.32, 26.33, 26.33], [25.91, 25.9, 25.9, 25.89, 25.88, 25.72, 25.73, 25.74, 25.74, 25.93, 25.98, 26.14, 26.24, 26.16, 26.3, 26.31, 26.33, 26.33, 26.33, 26.33], [25.91, 25.91, 25.91, 25.9, 25.88, 25.86, 25.7, 25.69, 25.69, 25.68, 26.0, 26.1, 26.18, 26.27, 26.3, 26.32, 26.34, 26.35, 26.34, 26.34], [25.93, 25.92, 25.92, 25.91, 25.9, 25.87, 25.75, 25.66, 25.65, 25.72, 25.75, 26.03, 26.24, 26.25, 26.3, 26.33, 26.36, 26.37, 26.38, 26.38], [25.94, 25.95, 25.95, 25.94, 25.93, 25.83, 25.77, 25.69, 25.63, 25.7, 25.67, 26.02, 26.02, 26.25, 26.33, 26.3, 26.35, 26.36, 26.34, 26.32], [25.86, 25.87, 25.97, 25.98, 25.98, 25.96, 25.89, 25.74, 25.6, 25.73, 25.83, 25.92, 25.96, 25.9, 26.32, 26.3, 26.32, 26.33, 26.33, 26.32], [26.2, 26.2, 26.2, 25.92, 25.96, 26.06, 25.99, 25.89, 25.6, 25.6, 25.96, 25.86, 25.9, 25.88, 26.32, 26.29, 26.3, 26.31, 26.31, 26.31], [26.2, 26.2, 26.2, 26.2, 26.2, 26.2, 26.2, 26.2, 25.99, 25.6, 25.6, 25.83, 25.86, 25.86, 26.32, 26.28, 26.29, 26.3, 26.3, 26.3], [26.2, 26.2, 26.2, 26.2, 26.2, 26.2, 26.2, 26.2, 26.2, -999.0, 25.6, 26.2, 26.2, 25.84, 26.32, 26.27, 26.28, 25.77, 25.79, 25.79], [26.2, 26.2, 26.2, 26.2, 26.2, 26.2, 26.2, 26.2, 26.2, 26.2, -999.0, 26.2, 26.2, 25.61, 25.87, 26.0, 26.01, 25.87, 25.89, 25.9], [26.2, 26.2, 26.2, 26.2, 26.2, 26.2, 26.2, 26.2, 26.2, 26.2, -999.0, 25.3, 25.3, 25.3, 25.79, 25.91, 25.93, 25.79, 25.82, 25.84], [26.2, 26.2, 26.2, 26.2, 26.2, 26.2, 26.2, 26.2, 26.2, 26.2, 26.2, 25.85, 25.3, 25.3, 25.3, 25.8, 25.84, 25.71, 25.75, 25.78], [26.2, 26.2, 26.2, 26.2, 26.2, 26.2, 26.2, 26.2, 26.2, 26.2, 25.63, 25.7, 25.61, 25.54, 25.62, 25.67, 25.72, 25.62, 25.86, 25.9], [26.2, 26.2, 26.2, 26.2, 26.2, 26.2, 26.2, 26.2, 26.2, 26.2, 25.81, 25.7, 25.58, 25.48, 25.52, 25.54, 25.62, 25.69, 25.74, 25.77], [26.2, 26.2, 26.2, 26.2, 26.2, 26.2, 26.2, 26.2, 26.2, 25.97, 25.85, 25.72, 25.58, 25.52, 25.33, 25.51, 25.63, 25.71, 25.76, 25.79], [26.2, 26.2, 26.2, 26.2, 26.2, 26.2, 26.2, 26.2, 26.12, 26.02, 25.94, 25.83, 25.73, 25.6, 25.5, 25.58, 25.69, 25.75, 25.8, 25.82], [26.2, 26.2, 26.2, 26.2, 26.2, 26.2, 26.2, 26.2, 26.12, 26.05, 25.96, 25.86, 25.79, 25.72, 25.66, 25.71, 25.77, 25.82, 25.84, 25.86], [26.2, 26.2, 26.2, 26.2, 26.2, 26.2, 26.2, 26.2, 26.06, 26.02, 25.97, 25.9, 25.85, 25.75, 25.78, 25.82, 25.87, 25.89, 25.9, 25.9], [26.2, 26.2, 26.2, 26.2, 26.2, 26.2, 26.2, 26.25, 26.04, 26.02, 25.98, 25.93, 25.91, 25.83, 25.87, 25.92, 25.96, 25.97, 25.95, 25.93], [26.2, 26.2, 26.2, 26.28, 26.27, 26.27, 26.26, 26.26, 26.26, 26.26, 26.26, 26.23, 26.14, 25.89, 25.94, 26.0, 26.06, 26.04, 25.99, 25.96], [26.29, 26.29, 26.28, 26.28, 26.28, 26.27, 26.27, 26.26, 26.25, 26.25, 26.26, 26.3, 26.15, 26.14, 26.13, 26.04, 26.18, 26.05, 26.0, 25.97], [26.29, 26.29, 26.29, 26.29, 26.28, 26.28, 26.28, 26.27, 26.25, 26.23, 26.26, 26.3, 26.32, 26.13, 26.13, 26.12, 26.02, 25.98, 25.99, 25.97], [26.29, 26.29, 26.29, 26.29, 26.29, 26.29, 26.29, 26.28, 26.26, 26.24, 26.29, 26.32, 26.33, 26.13, 26.12, 26.15, 26.12, 26.1, 25.98, 25.97], [26.3, 26.3, 26.3, 26.3, 26.3, 26.3, 26.3, 26.3, 26.3, 26.3, 26.33, 26.34, 26.34, 26.24, 26.21, 26.17, 26.15, 26.14, 26.14, 26.15], [26.3, 26.3, 26.3, 26.31, 26.31, 26.31, 26.32, 26.33, 26.34, 26.38, 26.39, 26.32, 26.28, 26.24, 26.23, 26.2, 26.17, 26.16, 26.16, 26.16], [26.31, 26.31, 26.31, 26.31, 26.32, 26.32, 26.33, 26.35, 26.37, 26.43, 26.45, 26.37, 26.31, 26.26, 26.25, 26.22, 26.2, 26.18, 26.18, 26.18], [26.31, 26.31, 26.31, 26.32, 26.32, 26.33, 26.34, 26.36, 26.35, 26.4, 26.42, 26.37, 26.31, 26.27, 26.26, 26.23, 26.21, 26.2, 26.19, 26.19], [26.31, 26.31, 26.32, 26.32, 26.33, 26.33, 26.35, 26.36, 26.34, 26.36, 26.37, 26.34, 26.31, 26.27, 26.27, 26.24, 26.23, 26.21, 26.2, 26.2], [26.31, 26.32, 26.32, 26.32, 26.33, 26.34, 26.35, 26.31, 26.32, 26.33, 26.33, 26.32, 26.3, 26.27, 26.27, 26.25, 26.24, 26.22, 26.21, 26.21]]}