gis_exercise/awsData/contour/temp_2023090802.json
{"header": {"refTime": "2023-09-08T02:00:00.000Z", "nx": 21, "ny": 33, "lo1": 113.509, "la1": 22.2235, "lo2": 113.5947, "la2": 22.1034, "dx": 0.0042850000000001385, "dy": 0.003753125000000024, "parameterCategory": 0, "parameterCategoryName": "Temperature", "parameterNumber": 0}, "z": [[26.22, 26.21, 26.21, 26.1, 26.1, 26.19, 26.19, 26.18, 26.19, 26.23, 26.26, 26.29, 26.31, 26.32, 26.38, 26.39, 26.45, 26.45, 26.45, 26.45], [26.22, 26.22, 26.21, 26.2, 26.1, 26.1, 26.18, 26.17, 26.16, 26.2, 26.25, 26.3, 26.32, 26.33, 26.39, 26.45, 26.45, 26.45, 26.45, 26.45], [26.23, 26.22, 26.22, 26.21, 26.1, 26.1, 26.1, 26.15, 26.11, 26.19, 26.26, 26.32, 26.34, 26.35, 26.45, 26.45, 26.45, 26.45, 26.45, 26.45], [26.23, 26.23, 26.22, 26.21, 26.2, 26.1, 26.1, 26.1, 26.1, 26.21, 26.29, 26.37, 26.38, 26.44, 26.45, 26.45, 26.45, 26.45, 26.45, 26.45], [26.24, 26.24, 26.23, 26.22, 26.21, 26.1, 26.1, 26.1, 26.1, 26.33, 26.33, 26.43, 26.48, 26.45, 26.45, 26.45, 26.46, 26.46, 26.46, 26.46], [26.25, 26.25, 26.24, 26.24, 26.23, 26.21, 26.1, 26.1, 26.1, 26.1, 26.38, 26.43, 26.45, 26.43, 26.44, 26.45, 26.46, 26.47, 26.46, 26.46], [26.32, 26.26, 26.26, 26.25, 26.25, 26.23, 26.3, 26.1, 26.1, 26.2, 26.18, 26.41, 26.39, 26.4, 26.43, 26.45, 26.48, 26.48, 26.5, 26.5], [26.33, 26.33, 26.33, 26.33, 26.32, 26.3, 26.25, 26.21, 26.12, 26.19, 26.19, 26.3, 26.3, 26.4, 26.43, 26.4, 26.45, 26.46, 26.44, 26.42], [26.27, 26.28, 26.35, 26.35, 26.36, 26.34, 26.29, 26.22, 26.1, 26.21, 26.3, 26.3, 26.3, 26.3, 26.42, 26.4, 26.42, 26.43, 26.43, 26.42], [26.5, 26.5, 26.5, 26.31, 26.34, 26.41, 26.36, 26.29, 26.1, 26.1, 26.3, 26.3, 26.3, 26.3, 26.42, 26.39, 26.4, 26.41, 26.41, 26.41], [26.5, 26.5, 26.5, 26.5, 26.5, 26.5, 26.5, 26.5, 26.36, 26.1, -999.0, 26.3, 26.3, 26.3, 26.42, 26.38, 26.39, 26.4, 26.4, 26.4], [26.5, 26.5, 26.5, 26.5, 26.5, 26.5, 26.5, 26.5, 26.5, -999.0, -999.0, 26.3, 26.3, 26.3, 26.42, 26.37, 26.38, 25.82, 25.83, 25.84], [26.5, 26.5, 26.5, 26.5, 26.5, 26.5, 26.5, 26.5, 26.5, 26.5, -999.0, 26.3, 26.3, 25.65, 25.93, 26.06, 26.07, 25.92, 25.95, 25.96], [26.5, 26.5, 26.5, 26.5, 26.5, 26.5, 26.5, 26.5, 26.5, 26.5, -999.0, 25.3, 25.3, 25.3, 25.85, 25.96, 25.98, 25.83, 25.86, 25.89], [26.5, 26.5, 26.5, 26.5, 26.5, 26.5, 26.5, 26.5, 26.5, 26.5, 26.5, 26.04, 25.3, 25.3, 25.3, 25.85, 25.89, 25.75, 25.79, 25.83], [26.5, 26.5, 26.5, 26.5, 26.5, 26.5, 26.5, 26.5, 26.5, 26.5, 25.74, 25.83, 25.71, 25.62, 25.73, 25.56, 25.6, 25.53, 25.8, 25.84], [26.5, 26.5, 26.5, 26.5, 26.5, 26.5, 26.5, 26.5, 26.5, 26.5, 25.98, 25.84, 25.68, 25.53, 25.52, 25.49, 25.56, 25.62, 25.65, 25.68], [26.5, 26.5, 26.5, 26.5, 26.5, 26.5, 26.5, 26.5, 26.5, 26.2, 26.03, 25.85, 25.67, 25.53, 25.33, 25.47, 25.57, 25.63, 25.67, 25.7], [26.5, 26.5, 26.5, 26.5, 26.5, 26.5, 26.5, 26.5, 26.39, 26.27, 26.15, 26.0, 25.76, 25.61, 25.46, 25.53, 25.61, 25.67, 25.7, 25.72], [26.5, 26.5, 26.5, 26.5, 26.5, 26.5, 26.5, 26.5, 26.39, 26.29, 26.18, 26.05, 25.81, 25.72, 25.59, 25.63, 25.68, 25.72, 25.74, 25.75], [26.5, 26.5, 26.5, 26.5, 26.5, 26.5, 26.5, 26.5, 26.31, 26.27, 26.19, 26.1, 25.86, 25.66, 25.68, 25.72, 25.75, 25.77, 25.78, 25.78], [26.5, 26.5, 26.5, 26.5, 26.5, 26.5, 26.5, 26.52, 26.29, 26.26, 26.21, 26.14, 25.91, 25.73, 25.76, 25.79, 25.82, 25.83, 25.82, 25.81], [26.5, 26.5, 26.5, 26.53, 26.52, 26.52, 26.52, 26.52, 26.52, 26.52, 26.52, 26.37, 26.16, 25.77, 25.81, 25.85, 25.89, 25.89, 25.86, 25.84], [26.53, 26.53, 26.53, 26.53, 26.53, 26.52, 26.52, 26.52, 26.52, 26.52, 26.52, 26.4, 26.17, 26.11, 26.06, 25.88, 25.96, 25.91, 25.88, 25.85], [26.53, 26.53, 26.53, 26.53, 26.53, 26.53, 26.53, 26.52, 26.52, 26.51, 26.52, 26.42, 26.38, 26.11, 26.06, 26.02, 25.91, 25.9, 25.88, 25.86], [26.53, 26.53, 26.53, 26.53, 26.53, 26.53, 26.53, 26.53, 26.52, 26.51, 26.46, 26.44, 26.4, 26.12, 26.07, 26.05, 26.01, 26.0, 25.87, 25.85], [26.53, 26.53, 26.53, 26.53, 26.53, 26.53, 26.53, 26.53, 26.53, 26.53, 26.48, 26.45, 26.42, 26.18, 26.13, 26.08, 26.05, 26.04, 26.04, 26.05], [26.53, 26.53, 26.53, 26.54, 26.54, 26.54, 26.54, 26.54, 26.55, 26.5, 26.51, 26.47, 26.42, 26.37, 26.16, 26.12, 26.09, 26.07, 26.07, 26.07], [26.54, 26.54, 26.54, 26.54, 26.54, 26.54, 26.54, 26.55, 26.56, 26.54, 26.56, 26.5, 26.44, 26.39, 26.19, 26.15, 26.12, 26.1, 26.09, 26.09], [26.54, 26.54, 26.54, 26.54, 26.54, 26.54, 26.55, 26.55, 26.49, 26.52, 26.54, 26.5, 26.44, 26.4, 26.22, 26.17, 26.14, 26.12, 26.11, 26.11], [26.54, 26.54, 26.54, 26.54, 26.54, 26.54, 26.55, 26.55, 26.48, 26.49, 26.5, 26.47, 26.44, 26.4, 26.23, 26.19, 26.16, 26.14, 26.13, 26.12], [26.54, 26.54, 26.54, 26.54, 26.54, 26.55, 26.55, 26.45, 26.46, 26.47, 26.46, 26.45, 26.43, 26.4, 26.23, 26.2, 26.18, 26.16, 26.14, 26.14]]}