gis_exercise/awsData/contour/temp_2023090612.json
{"header": {"refTime": "2023-09-06T12:00:00.000Z", "nx": 21, "ny": 33, "lo1": 113.509, "la1": 22.2235, "lo2": 113.5947, "la2": 22.1034, "dx": 0.0042850000000001385, "dy": 0.003753125000000024, "parameterCategory": 0, "parameterCategoryName": "Temperature", "parameterNumber": 0}, "z": [[30.42, 30.41, 30.4, 30.48, 30.45, 30.39, 30.35, 30.31, 30.3, 30.32, 30.39, 30.45, 30.74, 30.79, 30.19, 30.16, 30.67, 30.64, 30.62, 30.6], [30.43, 30.42, 30.41, 30.39, 30.46, 30.41, 30.33, 30.24, 30.2, 30.26, 30.38, 30.47, 30.76, 30.81, 30.21, 30.69, 30.64, 30.61, 30.58, 30.57], [30.44, 30.43, 30.42, 30.41, 30.48, 30.43, 30.35, 30.19, 29.97, 30.21, 30.39, 30.51, 30.8, 30.84, 30.74, 30.67, 30.61, 30.56, 30.53, 30.52], [30.45, 30.45, 30.44, 30.43, 30.41, 30.47, 30.41, 30.3, 30.19, 30.3, 30.46, 30.58, 30.84, 31.07, 30.74, 30.64, 30.55, 30.49, 30.46, 30.47], [30.47, 30.46, 30.46, 30.46, 30.45, 30.54, 30.51, 30.47, 30.46, 30.45, 30.56, 31.03, 30.91, 31.05, 30.74, 30.6, 30.45, 30.37, 30.37, 30.4], [30.48, 30.48, 30.48, 30.49, 30.49, 30.5, 30.62, 30.64, 30.65, 30.66, 31.14, 31.11, 31.03, 31.17, 30.75, 30.52, 30.29, 30.19, 30.25, 30.33], [30.72, 30.49, 30.5, 30.51, 30.53, 30.55, 30.85, 30.77, 30.8, 31.13, 31.17, 31.28, 31.43, 31.36, 30.76, 30.45, 30.04, 29.89, 29.82, 29.9], [30.71, 30.71, 30.71, 30.71, 30.72, 30.79, 30.84, 30.91, 31.04, 31.1, 31.03, 31.59, 31.6, 31.35, 30.46, 30.71, 30.2, 30.02, 30.31, 30.5], [30.79, 30.78, 30.69, 30.68, 30.68, 30.7, 30.76, 30.86, 30.97, 31.15, 31.28, 31.43, 31.5, 31.41, 30.52, 30.8, 30.5, 30.38, 30.45, 30.56], [30.5, 30.5, 30.5, 30.73, 30.7, 30.61, 30.67, 30.76, 30.94, 30.95, 31.51, 31.34, 31.39, 31.37, 30.52, 30.89, 30.71, 30.61, 30.61, 30.65], [30.5, 30.5, 30.5, 30.5, 30.5, 30.5, 30.5, 30.5, 30.68, 30.97, 30.9, 31.28, 31.33, 31.33, 30.49, 30.97, 30.83, 30.76, 30.74, 30.75], [30.5, 30.5, 30.5, 30.5, 30.5, 30.5, 30.5, 30.5, 30.5, -999.0, 30.9, 31.9, 31.9, 31.3, 30.47, 31.05, 30.97, 29.49, 29.49, 29.49], [30.5, 30.5, 30.5, 30.5, 30.5, 30.5, 30.5, 30.5, 30.5, 30.5, -999.0, 31.9, 31.9, 30.27, 30.99, 29.53, 29.53, 29.5, 29.51, 29.51], [30.5, 30.5, 30.5, 30.5, 30.5, 30.5, 30.5, 30.5, 30.5, 30.5, -999.0, 29.4, 29.4, 29.4, 30.77, 29.51, 29.51, 29.49, 29.49, 29.5], [30.5, 30.5, 30.5, 30.5, 30.5, 30.5, 30.5, 32.3, 32.3, 32.3, 32.3, 31.19, 29.4, 29.4, 29.4, 29.49, 29.5, 29.47, 29.48, 29.49], [30.5, 30.5, 31.63, 31.65, 31.69, 32.3, 32.3, 32.3, 32.3, 32.3, 30.48, 30.68, 30.4, 30.16, 30.43, 29.84, 29.91, 29.79, 29.78, 29.81], [31.66, 31.67, 31.13, 31.17, 32.3, 32.3, 32.3, 32.3, 32.3, 32.3, 31.05, 30.69, 30.31, 29.97, 29.88, 29.95, 30.15, 30.3, 30.42, 30.5], [31.14, 31.16, 31.2, 31.24, 32.3, 32.3, 32.3, 32.3, 32.3, 31.56, 31.17, 30.74, 30.29, 29.91, 29.47, 29.89, 30.17, 30.35, 30.47, 30.55], [31.18, 31.21, 31.25, 32.3, 32.3, 32.3, 32.3, 32.3, 32.04, 31.74, 31.32, 30.95, 30.41, 30.07, 29.85, 30.05, 30.28, 30.44, 30.55, 30.61], [31.2, 31.23, 31.84, 31.87, 31.89, 31.94, 32.0, 32.17, 31.94, 31.66, 31.34, 31.03, 30.53, 30.3, 30.2, 30.32, 30.46, 30.58, 30.65, 30.7], [31.81, 31.82, 31.84, 31.97, 31.99, 32.01, 32.04, 32.07, 31.66, 31.52, 31.32, 31.09, 30.63, 30.43, 30.47, 30.56, 30.66, 30.73, 30.77, 30.79], [31.93, 31.93, 31.94, 31.94, 31.95, 31.96, 31.96, 31.88, 31.51, 31.43, 31.3, 31.15, 30.47, 30.6, 30.67, 30.75, 30.83, 30.88, 30.9, 30.89], [31.91, 31.91, 31.91, 31.81, 31.81, 31.81, 31.8, 31.79, 31.77, 31.75, 31.74, 31.5, 31.35, 30.73, 30.81, 30.88, 30.93, 31.0, 31.02, 30.98], [31.78, 31.78, 31.78, 31.78, 31.77, 31.76, 31.74, 31.71, 31.67, 31.65, 31.67, 31.28, 31.36, 31.32, 31.28, 30.98, 30.86, 31.21, 31.15, 31.06], [31.77, 31.77, 31.76, 31.75, 31.74, 31.73, 31.7, 31.66, 31.6, 31.56, 31.61, 31.31, 31.23, 31.34, 31.32, 31.3, 31.3, 31.5, 31.23, 31.1], [31.76, 31.75, 31.74, 31.73, 31.72, 31.7, 31.67, 31.64, 31.59, 31.55, 31.39, 31.33, 31.26, 31.36, 31.35, 31.36, 31.41, 31.45, 31.19, 31.1], [31.75, 31.74, 31.73, 31.72, 31.7, 31.68, 31.66, 31.63, 31.6, 31.59, 31.39, 31.34, 31.28, 31.37, 31.37, 31.37, 31.4, 31.41, 31.4, 31.39], [31.74, 31.73, 31.72, 31.71, 31.69, 31.67, 31.65, 31.62, 31.6, 31.41, 31.41, 31.57, 31.61, 31.65, 31.38, 31.38, 31.39, 31.39, 31.39, 31.39], [31.73, 31.72, 31.71, 31.7, 31.68, 31.66, 31.64, 31.62, 31.59, 31.43, 31.52, 31.56, 31.6, 31.63, 31.39, 31.39, 31.39, 31.39, 31.39, 31.38], [31.72, 31.71, 31.7, 31.69, 31.68, 31.66, 31.64, 31.62, 31.56, 31.54, 31.53, 31.56, 31.59, 31.63, 31.4, 31.39, 31.39, 31.39, 31.38, 31.38], [31.72, 31.71, 31.7, 31.69, 31.67, 31.66, 31.64, 31.62, 31.57, 31.56, 31.56, 31.58, 31.6, 31.62, 31.4, 31.39, 31.39, 31.39, 31.38, 31.38], [31.71, 31.71, 31.7, 31.69, 31.67, 31.66, 31.65, 31.58, 31.58, 31.58, 31.58, 31.59, 31.61, 31.63, 31.4, 31.39, 31.39, 31.39, 31.38, 31.38]]}