gis_exercise/awsData/contour/temp_2023090904.json
{"header": {"refTime": "2023-09-09T04:00:00.000Z", "nx": 21, "ny": 33, "lo1": 113.509, "la1": 22.2235, "lo2": 113.5947, "la2": 22.1034, "dx": 0.0042850000000001385, "dy": 0.003753125000000024, "parameterCategory": 0, "parameterCategoryName": "Temperature", "parameterNumber": 0}, "z": [[25.97, 25.97, 25.97, 25.74, 25.75, 26.04, 26.04, 26.04, 26.05, 25.95, 25.95, 25.96, 26.25, 26.27, 26.34, 26.35, 26.47, 26.48, 26.48, 26.48], [25.97, 25.97, 25.97, 25.96, 25.75, 25.77, 26.03, 26.03, 26.04, 25.95, 25.96, 25.98, 26.27, 26.28, 26.35, 26.47, 26.47, 26.48, 26.48, 26.49], [25.97, 25.97, 25.97, 25.96, 25.74, 25.76, 25.8, 26.02, 26.01, 25.96, 25.97, 26.0, 26.29, 26.3, 26.46, 26.47, 26.48, 26.49, 26.49, 26.49], [25.97, 25.97, 25.97, 25.96, 25.96, 25.75, 25.78, 25.82, 25.86, 25.94, 25.96, 26.04, 26.32, 26.16, 26.46, 26.47, 26.49, 26.49, 26.5, 26.5], [25.97, 25.97, 25.97, 25.96, 25.96, 25.73, 25.74, 25.75, 25.75, 25.88, 25.93, 26.16, 26.31, 26.2, 26.46, 26.48, 26.5, 26.51, 26.51, 26.51], [25.97, 25.97, 25.97, 25.96, 25.96, 25.95, 25.71, 25.7, 25.68, 25.62, 25.94, 26.1, 26.22, 26.4, 26.46, 26.49, 26.52, 26.53, 26.53, 26.52], [25.97, 25.98, 25.97, 25.97, 25.96, 25.95, 25.72, 25.69, 25.66, 25.64, 25.62, 26.0, 26.4, 26.4, 26.47, 26.5, 26.55, 26.57, 26.56, 26.55], [25.97, 25.97, 25.97, 25.97, 25.97, 25.78, 25.75, 25.74, 25.77, 25.59, 25.39, 26.03, 26.04, 26.4, 26.53, 26.5, 26.55, 26.56, 26.54, 26.52], [25.93, 25.93, 25.99, 25.99, 25.99, 25.98, 25.94, 25.74, 25.61, 25.67, 25.66, 25.84, 25.92, 25.81, 26.52, 26.5, 26.52, 26.53, 26.53, 26.52], [26.1, 26.1, 26.1, 25.96, 25.98, 26.03, 26.0, 25.94, 25.46, 25.49, 25.93, 25.73, 25.79, 25.76, 26.52, 26.49, 26.5, 26.51, 26.51, 26.51], [26.1, 26.1, 26.1, 26.1, 26.1, 26.1, 26.1, 26.1, 25.99, 25.59, 25.2, 25.66, 25.71, 25.71, 26.52, 26.48, 26.49, 26.5, 26.5, 26.5], [26.1, 26.1, 26.1, 26.1, 26.1, 26.1, 26.1, 26.1, 26.1, -999.0, 25.2, 26.4, 26.4, 25.68, 26.52, 26.47, 26.48, 25.8, 25.82, 25.83], [26.1, 26.1, 26.1, 26.1, 26.1, 26.1, 26.1, 26.1, 26.1, 26.1, -999.0, 26.4, 26.4, 25.62, 25.96, 26.09, 26.1, 25.93, 25.95, 25.97], [26.1, 26.1, 26.1, 26.1, 26.1, 26.1, 26.1, 26.1, 26.1, 26.1, -999.0, 25.2, 25.2, 25.2, 25.86, 25.97, 26.0, 25.82, 25.86, 25.89], [26.1, 26.1, 26.1, 26.1, 26.1, 26.1, 26.1, 26.2, 26.2, 26.2, 26.2, 25.82, 25.2, 25.2, 25.2, 25.84, 25.88, 25.72, 25.77, 25.81], [26.1, 26.1, 26.16, 26.16, 26.17, 26.2, 26.2, 26.2, 26.2, 26.2, 25.57, 25.64, 25.55, 25.46, 25.56, 25.46, 25.5, 25.43, 25.75, 25.79], [26.16, 26.16, 26.14, 26.14, 26.2, 26.2, 26.2, 26.2, 26.2, 26.2, 25.77, 25.65, 25.52, 25.4, 25.4, 25.39, 25.46, 25.52, 25.55, 25.58], [26.14, 26.14, 26.14, 26.14, 26.2, 26.2, 26.2, 26.2, 26.2, 25.95, 25.81, 25.66, 25.51, 25.41, 25.23, 25.37, 25.47, 25.53, 25.57, 25.6], [26.14, 26.14, 26.14, 26.2, 26.2, 26.2, 26.2, 26.2, 26.11, 26.01, 25.91, 25.79, 25.6, 25.47, 25.36, 25.43, 25.51, 25.57, 25.6, 25.62], [26.14, 26.14, 26.2, 26.2, 26.2, 26.2, 26.2, 26.2, 26.11, 26.03, 25.93, 25.83, 25.65, 25.58, 25.49, 25.53, 25.58, 25.62, 25.64, 25.65], [26.2, 26.2, 26.2, 26.2, 26.2, 26.2, 26.2, 26.2, 26.04, 26.0, 25.94, 25.86, 25.7, 25.56, 25.58, 25.62, 25.65, 25.67, 25.68, 25.68], [26.2, 26.2, 26.2, 26.2, 26.2, 26.2, 26.2, 26.2, 26.03, 26.0, 25.96, 25.9, 25.75, 25.63, 25.66, 25.69, 25.72, 25.73, 25.72, 25.71], [26.2, 26.2, 26.2, 26.2, 26.2, 26.2, 26.2, 26.2, 26.2, 26.2, 26.2, 26.12, 25.98, 25.67, 25.71, 25.75, 25.79, 25.79, 25.76, 25.74], [26.2, 26.2, 26.2, 26.2, 26.2, 26.2, 26.2, 26.2, 26.2, 26.2, 26.2, 26.13, 25.99, 25.95, 25.92, 25.78, 25.86, 25.81, 25.78, 25.75], [26.2, 26.2, 26.2, 26.2, 26.2, 26.2, 26.2, 26.2, 26.2, 26.2, 26.2, 26.14, 26.11, 25.96, 25.92, 25.89, 25.81, 25.8, 25.78, 25.76], [26.2, 26.2, 26.2, 26.2, 26.2, 26.2, 26.2, 26.2, 26.2, 26.2, 26.16, 26.14, 26.12, 25.96, 25.93, 25.9, 25.88, 25.87, 25.77, 25.75], [26.2, 26.2, 26.2, 26.2, 26.2, 26.2, 26.2, 26.2, 26.2, 26.2, 26.16, 26.15, 26.13, 25.97, 25.94, 25.92, 25.9, 25.9, 25.9, 25.9], [26.2, 26.2, 26.2, 26.2, 26.2, 26.2, 26.2, 26.2, 26.2, 26.17, 26.17, 26.14, 26.11, 26.08, 25.96, 25.94, 25.92, 25.91, 25.91, 25.91], [26.2, 26.2, 26.2, 26.2, 26.2, 26.2, 26.2, 26.2, 26.2, 26.18, 26.18, 26.15, 26.12, 26.09, 25.98, 25.96, 25.94, 25.93, 25.92, 25.92], [26.2, 26.2, 26.2, 26.2, 26.2, 26.2, 26.2, 26.2, 26.15, 26.17, 26.17, 26.15, 26.12, 26.1, 25.99, 25.97, 25.95, 25.94, 25.94, 25.93], [26.2, 26.2, 26.2, 26.2, 26.2, 26.2, 26.2, 26.2, 26.15, 26.15, 26.15, 26.14, 26.12, 26.1, 26.0, 25.98, 25.96, 25.95, 25.95, 25.94], [26.2, 26.2, 26.2, 26.2, 26.2, 26.2, 26.2, 26.13, 26.14, 26.14, 26.14, 26.13, 26.11, 26.1, 26.0, 25.99, 25.97, 25.96, 25.95, 25.95]]}