gis_exercise/awsData/contour/temp_2023091120.json
{"header": {"refTime": "2023-09-11T20:00:00.000Z", "nx": 21, "ny": 33, "lo1": 113.509, "la1": 22.2235, "lo2": 113.5947, "la2": 22.1034, "dx": 0.0042850000000001385, "dy": 0.003753125000000024, "parameterCategory": 0, "parameterCategoryName": "Temperature", "parameterNumber": 0}, "z": [[26.19, 26.19, 26.18, 25.95, 25.95, 26.22, 26.21, 26.21, 26.21, 26.11, 26.13, 26.14, 26.39, 26.41, 26.45, 26.46, 26.57, 26.57, 26.57, 26.57], [26.19, 26.19, 26.18, 26.18, 25.95, 25.97, 26.2, 26.19, 26.18, 26.11, 26.13, 26.16, 26.41, 26.43, 26.46, 26.57, 26.57, 26.57, 26.57, 26.57], [26.2, 26.19, 26.19, 26.18, 25.95, 25.96, 25.98, 26.17, 26.12, 26.11, 26.14, 26.19, 26.44, 26.45, 26.57, 26.57, 26.57, 26.58, 26.58, 26.58], [26.2, 26.2, 26.19, 26.19, 26.18, 25.96, 25.97, 26.0, 26.02, 26.1, 26.15, 26.24, 26.48, 26.36, 26.58, 26.58, 26.58, 26.58, 26.58, 26.58], [26.21, 26.2, 26.2, 26.19, 26.18, 25.95, 25.96, 25.96, 25.95, 26.07, 26.13, 26.37, 26.5, 26.39, 26.57, 26.58, 26.58, 26.58, 26.58, 26.58], [26.21, 26.21, 26.21, 26.2, 26.19, 26.18, 25.95, 25.94, 25.92, 25.87, 26.15, 26.3, 26.42, 26.57, 26.57, 26.58, 26.58, 26.58, 26.58, 26.58], [26.27, 26.22, 26.22, 26.22, 26.21, 26.2, 26.02, 25.96, 25.93, 25.9, 25.87, 26.2, 26.54, 26.55, 26.57, 26.58, 26.59, 26.59, 26.6, 26.6], [26.27, 26.27, 26.27, 26.27, 26.27, 26.08, 26.05, 26.04, 26.06, 25.86, 25.67, 26.19, 26.2, 26.55, 26.56, 26.55, 26.57, 26.58, 26.57, 26.56], [26.23, 26.23, 26.29, 26.29, 26.29, 26.28, 26.24, 26.04, 25.91, 25.93, 25.88, 26.03, 26.1, 26.01, 26.56, 26.55, 26.56, 26.57, 26.56, 26.56], [26.4, 26.4, 26.4, 26.26, 26.28, 26.33, 26.3, 26.24, 25.76, 25.79, 26.11, 25.94, 25.99, 25.97, 26.56, 26.54, 26.55, 26.56, 26.56, 26.55], [26.4, 26.4, 26.4, 26.4, 26.4, 26.4, 26.4, 26.4, 26.29, 25.89, 25.5, 25.88, 25.93, 25.93, 26.56, 26.54, 26.55, 26.55, 26.55, 26.55], [26.4, 26.4, 26.4, 26.4, 26.4, 26.4, 26.4, 26.4, 26.4, -999.0, 25.5, 26.5, 26.5, 25.9, 26.56, 26.54, 26.54, 25.92, 25.93, 25.94], [26.4, 26.4, 26.4, 26.4, 26.4, 26.4, 26.4, 26.4, 26.4, 26.4, -999.0, 26.5, 26.5, 25.78, 26.1, 26.16, 26.17, 26.02, 26.05, 26.06], [26.4, 26.4, 26.4, 26.4, 26.4, 26.4, 26.4, 26.4, 26.4, 26.4, -999.0, 25.4, 25.4, 25.4, 26.0, 26.06, 26.08, 25.93, 25.96, 25.99], [26.4, 26.4, 26.4, 26.4, 26.4, 26.4, 26.4, 26.5, 26.5, 26.5, 26.5, 26.08, 25.4, 25.4, 25.4, 25.95, 25.99, 25.85, 25.89, 25.93], [26.4, 26.4, 26.46, 26.46, 26.47, 26.5, 26.5, 26.5, 26.5, 26.5, 25.81, 25.89, 25.78, 25.69, 25.79, 25.66, 25.7, 25.63, 25.9, 25.94], [26.46, 26.46, 26.44, 26.44, 26.5, 26.5, 26.5, 26.5, 26.5, 26.5, 26.03, 25.89, 25.75, 25.61, 25.61, 25.58, 25.64, 25.69, 25.73, 25.75], [26.44, 26.44, 26.44, 26.44, 26.5, 26.5, 26.5, 26.5, 26.5, 26.22, 26.07, 25.91, 25.74, 25.62, 25.43, 25.56, 25.65, 25.71, 25.74, 25.77], [26.44, 26.44, 26.44, 26.5, 26.5, 26.5, 26.5, 26.5, 26.4, 26.29, 26.15, 26.01, 25.83, 25.69, 25.55, 25.61, 25.69, 25.74, 25.77, 25.79], [26.44, 26.44, 26.39, 26.39, 26.4, 26.41, 26.43, 26.47, 26.37, 26.28, 26.16, 26.04, 25.88, 25.8, 25.67, 25.7, 25.75, 25.79, 25.81, 25.82], [26.38, 26.38, 26.38, 26.42, 26.42, 26.43, 26.43, 26.44, 26.28, 26.23, 26.16, 26.07, 25.93, 25.74, 25.76, 25.79, 25.82, 25.84, 25.85, 25.85], [26.41, 26.41, 26.41, 26.41, 26.41, 26.41, 26.42, 26.47, 26.24, 26.21, 26.16, 26.1, 25.92, 25.8, 25.83, 25.86, 25.89, 25.9, 25.89, 25.87], [26.4, 26.4, 26.4, 26.48, 26.47, 26.47, 26.46, 26.45, 26.44, 26.44, 26.45, 26.31, 26.11, 25.84, 25.87, 25.92, 25.96, 25.95, 25.92, 25.9], [26.49, 26.48, 26.48, 26.48, 26.47, 26.47, 26.45, 26.44, 26.42, 26.41, 26.43, 26.35, 26.12, 26.09, 26.06, 25.95, 26.04, 25.97, 25.93, 25.91], [26.49, 26.49, 26.48, 26.48, 26.47, 26.47, 26.45, 26.43, 26.39, 26.35, 26.41, 26.36, 26.35, 26.09, 26.06, 26.04, 25.95, 25.93, 25.93, 25.91], [26.49, 26.49, 26.49, 26.48, 26.48, 26.47, 26.46, 26.44, 26.4, 26.36, 26.38, 26.39, 26.38, 26.09, 26.07, 26.1, 26.06, 26.05, 25.92, 25.91], [26.49, 26.49, 26.49, 26.49, 26.48, 26.48, 26.47, 26.47, 26.45, 26.46, 26.43, 26.43, 26.41, 26.25, 26.19, 26.14, 26.11, 26.09, 26.09, 26.1], [26.49, 26.49, 26.49, 26.49, 26.49, 26.49, 26.49, 26.5, 26.51, 26.5, 26.52, 26.46, 26.41, 26.35, 26.23, 26.18, 26.15, 26.13, 26.12, 26.12], [26.5, 26.5, 26.5, 26.5, 26.5, 26.5, 26.51, 26.52, 26.55, 26.58, 26.63, 26.52, 26.44, 26.38, 26.26, 26.21, 26.18, 26.16, 26.15, 26.15], [26.5, 26.5, 26.5, 26.5, 26.51, 26.51, 26.52, 26.54, 26.5, 26.56, 26.6, 26.53, 26.45, 26.39, 26.29, 26.24, 26.21, 26.19, 26.17, 26.17], [26.5, 26.5, 26.51, 26.51, 26.51, 26.52, 26.53, 26.54, 26.48, 26.51, 26.52, 26.49, 26.44, 26.4, 26.3, 26.26, 26.23, 26.21, 26.19, 26.18], [26.5, 26.51, 26.51, 26.51, 26.52, 26.52, 26.53, 26.44, 26.46, 26.48, 26.48, 26.46, 26.43, 26.39, 26.31, 26.27, 26.24, 26.22, 26.21, 26.2]]}