gis_exercise/awsData/contour/temp_2023090221.json
{"header": {"refTime": "2023-09-02T21:00:00.000Z", "nx": 21, "ny": 33, "lo1": 113.509, "la1": 22.2235, "lo2": 113.5947, "la2": 22.1034, "dx": 0.0042850000000001385, "dy": 0.003753125000000024, "parameterCategory": 0, "parameterCategoryName": "Temperature", "parameterNumber": 0}, "z": [[26.87, 26.86, 26.86, 26.66, 26.67, 26.85, 26.85, 26.86, 26.87, 26.81, 26.8, 26.8, 26.94, 26.94, 26.91, 26.91, 26.9, 26.9, 26.89, 26.89], [26.87, 26.86, 26.86, 26.86, 26.67, 26.69, 26.85, 26.86, 26.87, 26.82, 26.81, 26.81, 26.94, 26.95, 26.92, 26.91, 26.9, 26.89, 26.89, 26.89], [26.87, 26.87, 26.86, 26.86, 26.66, 26.68, 26.71, 26.87, 26.89, 26.83, 26.81, 26.81, 26.95, 26.95, 26.92, 26.91, 26.9, 26.89, 26.89, 26.88], [26.87, 26.87, 26.86, 26.86, 26.85, 26.67, 26.69, 26.74, 26.78, 26.81, 26.8, 26.83, 26.96, 26.84, 26.92, 26.9, 26.89, 26.88, 26.88, 26.88], [26.87, 26.87, 26.87, 26.86, 26.85, 26.64, 26.66, 26.67, 26.67, 26.75, 26.77, 26.84, 26.94, 26.86, 26.92, 26.9, 26.88, 26.87, 26.87, 26.87], [26.88, 26.88, 26.87, 26.86, 26.85, 26.84, 26.62, 26.61, 26.6, 26.56, 26.7, 26.8, 26.88, 26.97, 26.91, 26.89, 26.86, 26.85, 26.86, 26.86], [26.88, 26.88, 26.88, 26.87, 26.86, 26.84, 26.65, 26.58, 26.56, 26.52, 26.51, 26.73, 26.94, 26.95, 26.9, 26.87, 26.84, 26.83, 26.84, 26.85], [26.89, 26.89, 26.89, 26.89, 26.88, 26.72, 26.67, 26.62, 26.58, 26.5, 26.39, 26.72, 26.72, 26.95, 26.84, 26.85, 26.83, 26.82, 26.83, 26.84], [26.81, 26.82, 26.91, 26.92, 26.92, 26.9, 26.84, 26.65, 26.5, 26.54, 26.53, 26.62, 26.66, 26.6, 26.84, 26.85, 26.84, 26.83, 26.84, 26.84], [27.1, 27.1, 27.1, 26.87, 26.9, 26.99, 26.93, 26.84, 26.43, 26.45, 26.66, 26.56, 26.6, 26.58, 26.84, 26.86, 26.85, 26.84, 26.84, 26.85], [27.1, 27.1, 27.1, 27.1, 27.1, 27.1, 27.1, 27.1, 26.92, 26.5, 26.3, 26.53, 26.56, 26.56, 26.84, 26.86, 26.85, 26.85, 26.85, 26.85], [27.1, 27.1, 27.1, 27.1, 27.1, 27.1, 27.1, 27.1, 27.1, -999.0, 26.3, 26.9, 26.9, 26.54, 26.84, 26.86, 26.86, 26.23, 26.25, 26.25], [27.1, 27.1, 27.1, 27.1, 27.1, 27.1, 27.1, 27.1, 27.1, 27.1, -999.0, 26.9, 26.9, 26.18, 26.5, 26.44, 26.44, 26.32, 26.34, 26.35], [27.1, 27.1, 27.1, 27.1, 27.1, 27.1, 27.1, 27.1, 27.1, 27.1, -999.0, 25.8, 25.8, 25.8, 26.4, 26.35, 26.37, 26.24, 26.27, 26.29], [27.1, 27.1, 27.1, 27.1, 27.1, 27.1, 27.1, 27.0, 27.0, 27.0, 27.0, 26.54, 25.8, 25.8, 25.8, 26.26, 26.29, 26.17, 26.21, 26.24], [27.1, 27.1, 27.04, 27.04, 27.03, 27.0, 27.0, 27.0, 27.0, 27.0, 26.24, 26.33, 26.21, 26.12, 26.23, 26.13, 26.18, 26.09, 26.3, 26.34], [27.04, 27.04, 27.06, 27.06, 27.0, 27.0, 27.0, 27.0, 27.0, 27.0, 26.48, 26.34, 26.18, 26.03, 26.04, 26.01, 26.08, 26.14, 26.18, 26.21], [27.06, 27.06, 27.06, 27.06, 27.0, 27.0, 27.0, 27.0, 27.0, 26.7, 26.53, 26.35, 26.17, 26.05, 25.84, 25.99, 26.09, 26.16, 26.2, 26.23], [27.06, 27.06, 27.06, 27.0, 27.0, 27.0, 27.0, 27.0, 26.89, 26.77, 26.62, 26.47, 26.29, 26.14, 25.97, 26.05, 26.14, 26.2, 26.24, 26.26], [27.06, 27.06, 26.89, 26.89, 26.9, 26.91, 26.93, 26.97, 26.87, 26.76, 26.63, 26.5, 26.36, 26.27, 26.11, 26.16, 26.21, 26.25, 26.28, 26.29], [26.88, 26.88, 26.88, 26.92, 26.92, 26.93, 26.93, 26.94, 26.77, 26.71, 26.63, 26.54, 26.42, 26.2, 26.22, 26.26, 26.3, 26.32, 26.32, 26.32], [26.91, 26.91, 26.91, 26.91, 26.91, 26.91, 26.92, 26.93, 26.72, 26.69, 26.64, 26.57, 26.41, 26.27, 26.3, 26.35, 26.38, 26.39, 26.37, 26.35], [26.9, 26.9, 26.9, 26.93, 26.93, 26.92, 26.92, 26.91, 26.9, 26.9, 26.9, 26.83, 26.62, 26.32, 26.36, 26.42, 26.47, 26.45, 26.41, 26.38], [26.93, 26.93, 26.93, 26.92, 26.92, 26.92, 26.91, 26.9, 26.88, 26.87, 26.88, 26.83, 26.62, 26.59, 26.57, 26.45, 26.59, 26.46, 26.41, 26.39], [26.93, 26.93, 26.92, 26.92, 26.92, 26.91, 26.9, 26.88, 26.86, 26.83, 26.87, 26.83, 26.83, 26.59, 26.57, 26.54, 26.43, 26.39, 26.4, 26.39], [26.93, 26.93, 26.92, 26.92, 26.92, 26.91, 26.9, 26.89, 26.86, 26.84, 26.84, 26.84, 26.84, 26.6, 26.57, 26.57, 26.53, 26.51, 26.39, 26.38], [26.93, 26.93, 26.92, 26.92, 26.92, 26.91, 26.91, 26.9, 26.89, 26.89, 26.87, 26.87, 26.86, 26.68, 26.63, 26.59, 26.56, 26.55, 26.55, 26.56], [26.93, 26.93, 26.92, 26.92, 26.92, 26.92, 26.92, 26.91, 26.92, 26.9, 26.91, 26.84, 26.79, 26.74, 26.66, 26.62, 26.6, 26.58, 26.58, 26.58], [26.93, 26.93, 26.93, 26.92, 26.92, 26.92, 26.92, 26.93, 26.94, 26.94, 26.96, 26.88, 26.81, 26.76, 26.68, 26.65, 26.62, 26.61, 26.6, 26.6], [26.93, 26.93, 26.93, 26.93, 26.93, 26.93, 26.93, 26.93, 26.86, 26.9, 26.93, 26.88, 26.82, 26.77, 26.7, 26.67, 26.64, 26.63, 26.62, 26.61], [26.93, 26.93, 26.93, 26.93, 26.93, 26.93, 26.93, 26.94, 26.85, 26.87, 26.87, 26.85, 26.81, 26.77, 26.71, 26.68, 26.66, 26.64, 26.63, 26.63], [26.93, 26.93, 26.93, 26.93, 26.93, 26.93, 26.93, 26.82, 26.83, 26.84, 26.84, 26.83, 26.8, 26.77, 26.72, 26.69, 26.67, 26.66, 26.64, 26.64]]}