gis_exercise/awsData/contour/temp_2023083112.json
{"header": {"refTime": "2023-08-31T12:00:00.000Z", "nx": 21, "ny": 33, "lo1": 113.509, "la1": 22.2235, "lo2": 113.5947, "la2": 22.1034, "dx": 0.0042850000000001385, "dy": 0.003753125000000024, "parameterCategory": 0, "parameterCategoryName": "Temperature", "parameterNumber": 0}, "z": [[30.54, 30.54, 30.53, 30.33, 30.34, 30.73, 30.73, 30.73, 30.74, 30.69, 30.73, 30.76, 31.13, 31.15, 31.29, 31.31, 31.52, 31.52, 31.53, 31.53], [30.54, 30.53, 30.53, 30.53, 30.34, 30.36, 30.71, 30.7, 30.7, 30.68, 30.73, 30.79, 31.16, 31.18, 31.31, 31.51, 31.52, 31.53, 31.53, 31.53], [30.54, 30.53, 30.53, 30.53, 30.34, 30.36, 30.39, 30.68, 30.62, 30.67, 30.75, 30.84, 31.21, 31.23, 31.51, 31.52, 31.53, 31.54, 31.54, 31.54], [30.54, 30.54, 30.53, 30.53, 30.53, 30.34, 30.37, 30.42, 30.46, 30.67, 30.77, 30.92, 31.29, 31.14, 31.51, 31.52, 31.54, 31.55, 31.55, 31.55], [30.54, 30.54, 30.53, 30.53, 30.52, 30.32, 30.33, 30.34, 30.34, 30.65, 30.77, 31.15, 31.36, 31.19, 31.51, 31.53, 31.55, 31.57, 31.57, 31.56], [30.54, 30.54, 30.54, 30.53, 30.52, 30.51, 30.29, 30.29, 30.27, 30.22, 30.83, 31.05, 31.23, 31.43, 31.5, 31.54, 31.58, 31.6, 31.59, 31.57], [30.52, 30.54, 30.54, 30.54, 30.53, 30.51, 30.3, 30.26, 30.23, 30.31, 30.33, 30.89, 31.39, 31.4, 31.5, 31.55, 31.62, 31.65, 31.66, 31.65], [30.53, 30.53, 30.53, 30.53, 30.52, 30.36, 30.32, 30.29, 30.31, 30.26, 30.1, 30.87, 30.88, 31.4, 31.55, 31.51, 31.6, 31.63, 31.58, 31.54], [30.47, 30.48, 30.55, 30.55, 30.56, 30.54, 30.49, 30.31, 30.17, 30.34, 30.44, 30.64, 30.74, 30.61, 31.54, 31.49, 31.54, 31.56, 31.55, 31.53], [30.7, 30.7, 30.7, 30.51, 30.54, 30.61, 30.56, 30.49, 30.07, 30.09, 30.75, 30.52, 30.59, 30.56, 31.54, 31.47, 31.51, 31.52, 31.52, 31.52], [30.7, 30.7, 30.7, 30.7, 30.7, 30.7, 30.7, 30.7, 30.56, 30.16, 29.9, 30.43, 30.5, 30.5, 31.54, 31.46, 31.49, 31.5, 31.5, 31.5], [30.7, 30.7, 30.7, 30.7, 30.7, 30.7, 30.7, 30.7, 30.7, -999.0, 29.9, 31.3, 31.3, 30.46, 31.55, 31.45, 31.46, 30.05, 30.09, 30.1], [30.7, 30.7, 30.7, 30.7, 30.7, 30.7, 30.7, 30.7, 30.7, 30.7, -999.0, 31.3, 31.3, 29.67, 30.39, 30.64, 30.67, 30.31, 30.36, 30.39], [30.7, 30.7, 30.7, 30.7, 30.7, 30.7, 30.7, 30.7, 30.7, 30.7, -999.0, 28.8, 28.8, 28.8, 30.17, 30.4, 30.45, 30.08, 30.16, 30.22], [30.7, 30.7, 30.7, 30.7, 30.7, 30.7, 30.7, 30.6, 30.6, 30.6, 30.6, 29.91, 28.8, 28.8, 28.8, 30.13, 30.21, 29.88, 29.98, 30.07], [30.7, 30.7, 30.64, 30.64, 30.63, 30.6, 30.6, 30.6, 30.6, 30.6, 29.47, 29.6, 29.42, 29.27, 29.44, 29.02, 29.05, 28.99, 29.71, 29.78], [30.64, 30.64, 30.66, 30.66, 30.6, 30.6, 30.6, 30.6, 30.6, 30.6, 29.83, 29.6, 29.37, 29.15, 29.08, 28.95, 29.0, 29.04, 29.07, 29.09], [30.66, 30.66, 30.66, 30.66, 30.6, 30.6, 30.6, 30.6, 30.6, 30.14, 29.9, 29.63, 29.35, 29.1, 28.84, 28.93, 29.01, 29.06, 29.09, 29.11], [30.66, 30.66, 30.66, 30.6, 30.6, 30.6, 30.6, 30.6, 30.44, 30.25, 29.97, 29.74, 29.4, 29.19, 28.92, 28.98, 29.04, 29.08, 29.11, 29.13], [30.66, 30.66, 30.26, 30.27, 30.3, 30.33, 30.38, 30.5, 30.36, 30.19, 29.98, 29.79, 29.47, 29.33, 29.02, 29.05, 29.09, 29.12, 29.14, 29.15], [30.23, 30.24, 30.25, 30.35, 30.36, 30.38, 30.4, 30.43, 30.18, 30.09, 29.96, 29.82, 29.52, 29.08, 29.1, 29.12, 29.15, 29.17, 29.17, 29.17], [30.32, 30.32, 30.33, 30.33, 30.34, 30.34, 30.35, 30.37, 30.07, 30.02, 29.94, 29.85, 29.38, 29.13, 29.16, 29.19, 29.21, 29.21, 29.21, 29.2], [30.31, 30.31, 30.31, 30.36, 30.35, 30.34, 30.33, 30.32, 30.3, 30.28, 30.29, 30.02, 29.56, 29.17, 29.2, 29.23, 29.27, 29.26, 29.23, 29.21], [30.36, 30.35, 30.35, 30.34, 30.34, 30.32, 30.3, 30.26, 30.22, 30.2, 30.23, 29.98, 29.58, 29.5, 29.44, 29.26, 29.34, 29.27, 29.24, 29.22], [30.35, 30.35, 30.34, 30.34, 30.32, 30.31, 30.28, 30.23, 30.15, 30.09, 30.18, 30.01, 29.96, 29.51, 29.44, 29.38, 29.26, 29.24, 29.24, 29.22], [30.35, 30.35, 30.34, 30.33, 30.32, 30.3, 30.27, 30.23, 30.16, 30.1, 30.05, 30.04, 30.0, 29.52, 29.45, 29.48, 29.41, 29.39, 29.23, 29.22], [30.35, 30.34, 30.34, 30.33, 30.32, 30.31, 30.29, 30.26, 30.24, 30.24, 30.12, 30.11, 30.06, 29.73, 29.63, 29.54, 29.49, 29.46, 29.47, 29.48], [30.35, 30.34, 30.34, 30.33, 30.32, 30.32, 30.31, 30.3, 30.31, 30.22, 30.24, 30.16, 30.07, 29.97, 29.69, 29.61, 29.55, 29.52, 29.52, 29.52], [30.35, 30.34, 30.34, 30.33, 30.33, 30.33, 30.33, 30.33, 30.36, 30.32, 30.41, 30.24, 30.12, 30.02, 29.75, 29.67, 29.61, 29.58, 29.56, 29.55], [30.35, 30.34, 30.34, 30.34, 30.34, 30.34, 30.34, 30.35, 30.21, 30.3, 30.35, 30.25, 30.13, 30.04, 29.79, 29.71, 29.66, 29.62, 29.6, 29.59], [30.35, 30.35, 30.34, 30.34, 30.34, 30.34, 30.35, 30.36, 30.19, 30.23, 30.24, 30.19, 30.12, 30.05, 29.82, 29.75, 29.69, 29.66, 29.63, 29.62], [30.35, 30.35, 30.35, 30.35, 30.35, 30.35, 30.35, 30.13, 30.15, 30.17, 30.17, 30.14, 30.1, 30.04, 29.83, 29.77, 29.72, 29.68, 29.66, 29.64]]}