gis_exercise/awsData/contour/temp_2023090219.json
{"header": {"refTime": "2023-09-02T19:00:00.000Z", "nx": 21, "ny": 33, "lo1": 113.509, "la1": 22.2235, "lo2": 113.5947, "la2": 22.1034, "dx": 0.0042850000000001385, "dy": 0.003753125000000024, "parameterCategory": 0, "parameterCategoryName": "Temperature", "parameterNumber": 0}, "z": [[26.77, 26.77, 26.77, 26.59, 26.6, 26.77, 26.78, 26.78, 26.78, 26.71, 26.7, 26.7, 26.86, 26.87, 26.84, 26.84, 26.86, 26.86, 26.86, 26.86], [26.77, 26.77, 26.77, 26.76, 26.6, 26.61, 26.78, 26.78, 26.79, 26.72, 26.71, 26.71, 26.87, 26.87, 26.84, 26.87, 26.86, 26.86, 26.86, 26.86], [26.77, 26.77, 26.77, 26.76, 26.59, 26.61, 26.64, 26.78, 26.8, 26.73, 26.71, 26.71, 26.87, 26.88, 26.87, 26.87, 26.86, 26.86, 26.86, 26.85], [26.77, 26.77, 26.77, 26.76, 26.76, 26.6, 26.62, 26.66, 26.69, 26.71, 26.7, 26.73, 26.88, 26.76, 26.87, 26.86, 26.86, 26.85, 26.85, 26.85], [26.77, 26.77, 26.77, 26.76, 26.76, 26.58, 26.59, 26.6, 26.6, 26.65, 26.67, 26.76, 26.84, 26.78, 26.87, 26.86, 26.85, 26.85, 26.84, 26.85], [26.77, 26.77, 26.77, 26.76, 26.76, 26.75, 26.56, 26.56, 26.54, 26.5, 26.63, 26.72, 26.8, 26.9, 26.87, 26.85, 26.84, 26.83, 26.84, 26.84], [26.77, 26.78, 26.77, 26.77, 26.76, 26.75, 26.57, 26.54, 26.52, 26.47, 26.46, 26.67, 26.9, 26.9, 26.87, 26.85, 26.83, 26.82, 26.82, 26.82], [26.77, 26.77, 26.77, 26.77, 26.77, 26.62, 26.59, 26.57, 26.57, 26.45, 26.31, 26.68, 26.69, 26.9, 26.84, 26.85, 26.83, 26.82, 26.83, 26.84], [26.73, 26.73, 26.79, 26.79, 26.79, 26.78, 26.74, 26.58, 26.47, 26.49, 26.47, 26.57, 26.62, 26.56, 26.84, 26.85, 26.84, 26.83, 26.84, 26.84], [26.9, 26.9, 26.9, 26.76, 26.78, 26.83, 26.8, 26.74, 26.37, 26.39, 26.63, 26.51, 26.55, 26.53, 26.84, 26.86, 26.85, 26.84, 26.84, 26.85], [26.9, 26.9, 26.9, 26.9, 26.9, 26.9, 26.9, 26.9, 26.79, 26.46, 26.2, 26.47, 26.5, 26.5, 26.84, 26.86, 26.85, 26.85, 26.85, 26.85], [26.9, 26.9, 26.9, 26.9, 26.9, 26.9, 26.9, 26.9, 26.9, -999.0, 26.2, 26.9, 26.9, 26.48, 26.84, 26.86, 26.86, 26.12, 26.13, 26.14], [26.9, 26.9, 26.9, 26.9, 26.9, 26.9, 26.9, 26.9, 26.9, 26.9, -999.0, 26.9, 26.9, 26.05, 26.42, 26.36, 26.37, 26.22, 26.25, 26.26], [26.9, 26.9, 26.9, 26.9, 26.9, 26.9, 26.9, 26.9, 26.9, 26.9, -999.0, 25.6, 25.6, 25.6, 26.31, 26.26, 26.28, 26.13, 26.16, 26.19], [26.9, 26.9, 26.9, 26.9, 26.9, 26.9, 26.9, 26.8, 26.8, 26.8, 26.8, 26.34, 25.6, 25.6, 25.6, 26.15, 26.19, 26.05, 26.09, 26.13], [26.9, 26.9, 26.84, 26.84, 26.83, 26.8, 26.8, 26.8, 26.8, 26.8, 26.04, 26.13, 26.01, 25.92, 26.03, 25.97, 26.02, 25.92, 26.18, 26.23], [26.84, 26.84, 26.86, 26.86, 26.8, 26.8, 26.8, 26.8, 26.8, 26.8, 26.28, 26.14, 25.98, 25.83, 25.85, 25.84, 25.92, 25.99, 26.04, 26.07], [26.86, 26.86, 26.86, 26.86, 26.8, 26.8, 26.8, 26.8, 26.8, 26.5, 26.33, 26.15, 25.97, 25.86, 25.64, 25.81, 25.93, 26.01, 26.06, 26.09], [26.86, 26.86, 26.86, 26.8, 26.8, 26.8, 26.8, 26.8, 26.69, 26.57, 26.44, 26.29, 26.11, 25.95, 25.8, 25.88, 25.99, 26.05, 26.1, 26.12], [26.86, 26.86, 26.74, 26.75, 26.75, 26.75, 26.76, 26.78, 26.68, 26.58, 26.45, 26.33, 26.18, 26.09, 25.96, 26.01, 26.07, 26.12, 26.14, 26.16], [26.74, 26.74, 26.74, 26.76, 26.76, 26.76, 26.77, 26.77, 26.59, 26.54, 26.46, 26.37, 26.25, 26.05, 26.08, 26.12, 26.17, 26.19, 26.2, 26.2], [26.75, 26.75, 26.75, 26.76, 26.76, 26.76, 26.76, 26.8, 26.56, 26.52, 26.47, 26.41, 26.28, 26.13, 26.17, 26.22, 26.26, 26.27, 26.25, 26.23], [26.75, 26.75, 26.75, 26.81, 26.81, 26.81, 26.8, 26.8, 26.79, 26.79, 26.79, 26.7, 26.52, 26.19, 26.24, 26.3, 26.36, 26.34, 26.29, 26.26], [26.82, 26.82, 26.82, 26.82, 26.81, 26.81, 26.8, 26.79, 26.78, 26.77, 26.78, 26.75, 26.52, 26.49, 26.47, 26.34, 26.48, 26.35, 26.3, 26.27], [26.82, 26.82, 26.82, 26.82, 26.82, 26.81, 26.8, 26.79, 26.76, 26.74, 26.77, 26.76, 26.76, 26.49, 26.47, 26.44, 26.32, 26.28, 26.29, 26.27], [26.83, 26.83, 26.82, 26.82, 26.82, 26.82, 26.81, 26.79, 26.77, 26.75, 26.76, 26.78, 26.77, 26.5, 26.47, 26.48, 26.44, 26.42, 26.28, 26.27], [26.83, 26.83, 26.83, 26.83, 26.83, 26.82, 26.82, 26.82, 26.81, 26.81, 26.81, 26.81, 26.8, 26.61, 26.56, 26.51, 26.48, 26.46, 26.47, 26.48], [26.83, 26.83, 26.83, 26.83, 26.83, 26.83, 26.84, 26.84, 26.85, 26.86, 26.87, 26.79, 26.74, 26.68, 26.59, 26.55, 26.52, 26.5, 26.5, 26.5], [26.83, 26.83, 26.84, 26.84, 26.84, 26.84, 26.85, 26.86, 26.88, 26.91, 26.94, 26.84, 26.77, 26.7, 26.62, 26.58, 26.55, 26.53, 26.52, 26.52], [26.84, 26.84, 26.84, 26.84, 26.84, 26.85, 26.86, 26.87, 26.82, 26.88, 26.91, 26.85, 26.78, 26.72, 26.64, 26.6, 26.57, 26.55, 26.54, 26.54], [26.84, 26.84, 26.84, 26.84, 26.85, 26.85, 26.86, 26.88, 26.81, 26.84, 26.84, 26.81, 26.77, 26.72, 26.65, 26.62, 26.59, 26.57, 26.56, 26.55], [26.84, 26.84, 26.84, 26.85, 26.85, 26.86, 26.86, 26.77, 26.79, 26.8, 26.8, 26.78, 26.75, 26.72, 26.66, 26.63, 26.61, 26.59, 26.57, 26.57]]}