gis_exercise/awsData/contour/temp_2023090220.json
{"header": {"refTime": "2023-09-02T20:00:00.000Z", "nx": 21, "ny": 33, "lo1": 113.509, "la1": 22.2235, "lo2": 113.5947, "la2": 22.1034, "dx": 0.0042850000000001385, "dy": 0.003753125000000024, "parameterCategory": 0, "parameterCategoryName": "Temperature", "parameterNumber": 0}, "z": [[26.84, 26.84, 26.83, 26.63, 26.64, 26.85, 26.85, 26.86, 26.87, 26.79, 26.78, 26.78, 26.94, 26.94, 26.91, 26.91, 26.9, 26.9, 26.89, 26.89], [26.84, 26.83, 26.83, 26.83, 26.64, 26.66, 26.85, 26.86, 26.87, 26.81, 26.79, 26.78, 26.94, 26.95, 26.92, 26.91, 26.9, 26.89, 26.89, 26.89], [26.84, 26.83, 26.83, 26.83, 26.64, 26.66, 26.69, 26.87, 26.89, 26.82, 26.79, 26.79, 26.95, 26.95, 26.92, 26.91, 26.9, 26.89, 26.89, 26.88], [26.84, 26.84, 26.83, 26.83, 26.83, 26.64, 26.67, 26.72, 26.76, 26.79, 26.78, 26.8, 26.96, 26.82, 26.92, 26.9, 26.89, 26.88, 26.88, 26.88], [26.84, 26.84, 26.83, 26.83, 26.82, 26.62, 26.63, 26.64, 26.64, 26.72, 26.74, 26.82, 26.93, 26.84, 26.92, 26.9, 26.88, 26.87, 26.87, 26.87], [26.84, 26.84, 26.84, 26.83, 26.82, 26.81, 26.59, 26.59, 26.57, 26.52, 26.67, 26.77, 26.86, 26.97, 26.91, 26.89, 26.86, 26.85, 26.86, 26.86], [26.82, 26.84, 26.84, 26.84, 26.83, 26.81, 26.6, 26.56, 26.53, 26.47, 26.46, 26.7, 26.94, 26.95, 26.9, 26.87, 26.84, 26.83, 26.84, 26.85], [26.83, 26.83, 26.83, 26.83, 26.82, 26.66, 26.62, 26.59, 26.57, 26.45, 26.31, 26.68, 26.69, 26.95, 26.84, 26.85, 26.83, 26.82, 26.83, 26.84], [26.77, 26.78, 26.85, 26.85, 26.86, 26.84, 26.79, 26.61, 26.47, 26.49, 26.47, 26.57, 26.62, 26.56, 26.84, 26.85, 26.84, 26.83, 26.84, 26.84], [27.0, 27.0, 27.0, 26.81, 26.84, 26.91, 26.86, 26.79, 26.37, 26.39, 26.63, 26.51, 26.55, 26.53, 26.84, 26.86, 26.85, 26.84, 26.84, 26.85], [27.0, 27.0, 27.0, 27.0, 27.0, 27.0, 27.0, 27.0, 26.86, 26.46, 26.2, 26.47, 26.5, 26.5, 26.84, 26.86, 26.85, 26.85, 26.85, 26.85], [27.0, 27.0, 27.0, 27.0, 27.0, 27.0, 27.0, 27.0, 27.0, -999.0, 26.2, 26.9, 26.9, 26.48, 26.84, 26.86, 26.86, 26.12, 26.13, 26.14], [27.0, 27.0, 27.0, 27.0, 27.0, 27.0, 27.0, 27.0, 27.0, 27.0, -999.0, 26.9, 26.9, 26.05, 26.42, 26.36, 26.37, 26.22, 26.25, 26.26], [27.0, 27.0, 27.0, 27.0, 27.0, 27.0, 27.0, 27.0, 27.0, 27.0, -999.0, 25.6, 25.6, 25.6, 26.31, 26.26, 26.28, 26.13, 26.16, 26.19], [27.0, 27.0, 27.0, 27.0, 27.0, 27.0, 27.0, 26.8, 26.8, 26.8, 26.8, 26.34, 25.6, 25.6, 25.6, 26.15, 26.19, 26.05, 26.09, 26.13], [27.0, 27.0, 26.87, 26.87, 26.87, 26.8, 26.8, 26.8, 26.8, 26.8, 26.04, 26.13, 26.01, 25.92, 26.03, 25.93, 25.98, 25.89, 26.16, 26.2], [26.87, 26.87, 26.93, 26.93, 26.8, 26.8, 26.8, 26.8, 26.8, 26.8, 26.28, 26.14, 25.98, 25.83, 25.84, 25.82, 25.9, 25.97, 26.01, 26.04], [26.93, 26.93, 26.92, 26.92, 26.8, 26.8, 26.8, 26.8, 26.8, 26.5, 26.33, 26.15, 25.97, 25.85, 25.64, 25.8, 25.91, 25.98, 26.03, 26.06], [26.92, 26.92, 26.92, 26.8, 26.8, 26.8, 26.8, 26.8, 26.69, 26.57, 26.44, 26.29, 26.09, 25.94, 25.78, 25.87, 25.96, 26.02, 26.06, 26.09], [26.92, 26.92, 26.74, 26.75, 26.75, 26.75, 26.76, 26.78, 26.68, 26.58, 26.45, 26.33, 26.16, 26.07, 25.93, 25.98, 26.04, 26.08, 26.11, 26.12], [26.74, 26.74, 26.74, 26.76, 26.76, 26.76, 26.77, 26.77, 26.59, 26.54, 26.46, 26.37, 26.22, 26.02, 26.05, 26.09, 26.13, 26.15, 26.16, 26.16], [26.75, 26.75, 26.75, 26.76, 26.76, 26.76, 26.76, 26.8, 26.56, 26.52, 26.47, 26.41, 26.25, 26.1, 26.13, 26.18, 26.22, 26.22, 26.21, 26.19], [26.75, 26.75, 26.75, 26.81, 26.81, 26.81, 26.8, 26.8, 26.79, 26.79, 26.79, 26.68, 26.49, 26.15, 26.19, 26.25, 26.31, 26.29, 26.25, 26.22], [26.82, 26.82, 26.82, 26.82, 26.81, 26.81, 26.8, 26.79, 26.78, 26.77, 26.78, 26.73, 26.49, 26.46, 26.43, 26.29, 26.41, 26.31, 26.26, 26.23], [26.82, 26.82, 26.82, 26.82, 26.82, 26.81, 26.8, 26.79, 26.76, 26.74, 26.77, 26.74, 26.72, 26.46, 26.42, 26.39, 26.28, 26.25, 26.25, 26.23], [26.83, 26.83, 26.82, 26.82, 26.82, 26.82, 26.81, 26.79, 26.77, 26.75, 26.75, 26.76, 26.75, 26.46, 26.43, 26.44, 26.4, 26.38, 26.24, 26.23], [26.83, 26.83, 26.83, 26.83, 26.83, 26.82, 26.82, 26.82, 26.81, 26.81, 26.79, 26.79, 26.77, 26.58, 26.52, 26.48, 26.44, 26.43, 26.43, 26.44], [26.83, 26.83, 26.83, 26.83, 26.83, 26.83, 26.84, 26.84, 26.85, 26.85, 26.86, 26.79, 26.74, 26.68, 26.56, 26.51, 26.48, 26.46, 26.46, 26.46], [26.83, 26.83, 26.84, 26.84, 26.84, 26.84, 26.85, 26.86, 26.88, 26.9, 26.94, 26.84, 26.77, 26.7, 26.59, 26.55, 26.51, 26.49, 26.49, 26.48], [26.84, 26.84, 26.84, 26.84, 26.84, 26.85, 26.86, 26.87, 26.82, 26.88, 26.91, 26.85, 26.78, 26.72, 26.61, 26.57, 26.54, 26.52, 26.51, 26.5], [26.84, 26.84, 26.84, 26.84, 26.85, 26.85, 26.86, 26.88, 26.81, 26.84, 26.84, 26.81, 26.77, 26.72, 26.63, 26.59, 26.56, 26.54, 26.53, 26.52], [26.84, 26.84, 26.84, 26.85, 26.85, 26.86, 26.86, 26.77, 26.79, 26.8, 26.8, 26.78, 26.75, 26.72, 26.63, 26.6, 26.58, 26.56, 26.54, 26.53]]}