gis_exercise/awsData/contour/temp_2023091315.json
{"header": {"refTime": "2023-09-13T15:00:00.000Z", "nx": 21, "ny": 33, "lo1": 113.509, "la1": 22.2235, "lo2": 113.5947, "la2": 22.1034, "dx": 0.0042850000000001385, "dy": 0.003753125000000024, "parameterCategory": 0, "parameterCategoryName": "Temperature", "parameterNumber": 0}, "z": [[29.29, 29.3, 29.3, 29.34, 29.36, 29.46, 29.49, 29.52, 29.54, 29.78, 29.79, 29.81, 29.89, 29.9, 29.51, 29.46, 29.5, 29.47, 29.44, 29.43], [29.29, 29.29, 29.3, 29.31, 29.36, 29.39, 29.49, 29.54, 29.58, 29.76, 29.79, 29.82, 29.9, 29.91, 29.52, 29.54, 29.48, 29.44, 29.41, 29.4], [29.28, 29.29, 29.29, 29.3, 29.34, 29.37, 29.42, 29.56, 29.67, 29.76, 29.8, 29.83, 29.92, 29.93, 29.6, 29.52, 29.45, 29.4, 29.37, 29.36], [29.28, 29.28, 29.28, 29.28, 29.29, 29.33, 29.38, 29.45, 29.53, 29.77, 29.81, 29.86, 29.94, 29.94, 29.61, 29.5, 29.4, 29.34, 29.31, 29.31], [29.28, 29.27, 29.27, 29.26, 29.26, 29.28, 29.3, 29.33, 29.36, 29.79, 29.82, 29.94, 29.98, 29.95, 29.61, 29.45, 29.31, 29.24, 29.23, 29.25], [29.28, 29.27, 29.26, 29.25, 29.23, 29.2, 29.2, 29.18, 29.21, 29.29, 29.88, 29.92, 29.96, 30.0, 29.57, 29.37, 29.16, 29.08, 29.12, 29.19], [29.11, 29.27, 29.26, 29.25, 29.22, 29.16, 29.08, 29.01, 29.02, 29.35, 29.54, 29.9, 30.0, 30.0, 29.53, 29.28, 28.96, 28.84, 28.86, 28.95], [29.13, 29.13, 29.14, 29.13, 29.11, 29.19, 29.08, 28.88, 28.72, 29.35, 29.64, 29.91, 29.91, 30.0, 29.12, 29.27, 28.97, 28.86, 29.03, 29.15], [28.97, 28.99, 29.18, 29.2, 29.2, 29.16, 29.03, 29.02, 28.88, 29.33, 29.82, 29.86, 29.88, 29.85, 29.16, 29.33, 29.15, 29.08, 29.12, 29.19], [29.6, 29.6, 29.6, 29.09, 29.16, 29.35, 29.22, 29.03, 29.18, 29.12, 29.88, 29.83, 29.85, 29.84, 29.16, 29.39, 29.28, 29.22, 29.21, 29.24], [29.6, 29.6, 29.6, 29.6, 29.6, 29.6, 29.6, 29.6, 29.21, 28.91, 29.7, 29.81, 29.83, 29.83, 29.14, 29.43, 29.35, 29.3, 29.29, 29.3], [29.6, 29.6, 29.6, 29.6, 29.6, 29.6, 29.6, 29.6, 29.6, -999.0, 29.7, 30.0, 30.0, 29.82, 29.13, 29.48, 29.43, 28.54, 28.54, 28.54], [29.6, 29.6, 29.6, 29.6, 29.6, 29.6, 29.6, 29.6, 29.6, 29.6, -999.0, 30.0, 30.0, 29.02, 29.45, 28.56, 28.56, 28.55, 28.55, 28.55], [29.6, 29.6, 29.6, 29.6, 29.6, 29.6, 29.6, 29.6, 29.6, 29.6, -999.0, 28.5, 28.5, 28.5, 29.32, 28.56, 28.56, 28.54, 28.55, 28.55], [29.6, 29.6, 29.6, 29.6, 29.6, 29.6, 29.6, 30.3, 30.3, 30.3, 30.3, 29.61, 28.5, 28.5, 28.5, 28.55, 28.55, 28.54, 28.54, 28.54], [29.6, 29.6, 30.04, 30.05, 30.06, 30.3, 30.3, 30.3, 30.3, 30.3, 29.17, 29.3, 29.12, 28.97, 29.14, 28.46, 28.46, 28.47, 28.5, 28.5], [30.05, 30.05, 29.85, 29.86, 30.3, 30.3, 30.3, 30.3, 30.3, 30.3, 29.53, 29.3, 29.07, 28.85, 28.7, 28.72, 28.8, 28.87, 28.92, 28.95], [29.85, 29.86, 29.87, 29.89, 30.3, 30.3, 30.3, 30.3, 30.3, 29.84, 29.6, 29.33, 29.05, 28.73, 28.53, 28.7, 28.81, 28.88, 28.93, 28.97], [29.86, 29.87, 29.89, 30.3, 30.3, 30.3, 30.3, 30.3, 30.14, 29.95, 29.58, 29.34, 28.98, 28.79, 28.68, 28.76, 28.85, 28.92, 28.97, 29.0], [29.87, 29.88, 29.67, 29.7, 29.74, 29.8, 29.89, 30.12, 30.01, 29.8, 29.57, 29.37, 29.01, 28.87, 28.82, 28.86, 28.92, 28.97, 29.01, 29.03], [29.63, 29.65, 29.67, 29.85, 29.87, 29.9, 29.94, 29.99, 29.76, 29.66, 29.52, 29.38, 29.03, 28.91, 28.92, 28.95, 28.98, 29.02, 29.05, 29.07], [29.79, 29.79, 29.8, 29.81, 29.82, 29.83, 29.84, 29.94, 29.59, 29.53, 29.45, 29.37, 28.7, 28.97, 28.99, 29.01, 29.03, 29.07, 29.1, 29.12], [29.77, 29.77, 29.77, 29.93, 29.91, 29.9, 29.87, 29.84, 29.79, 29.77, 29.79, 29.31, 29.23, 29.03, 29.04, 29.03, 29.0, 29.1, 29.17, 29.17], [29.94, 29.93, 29.92, 29.91, 29.89, 29.86, 29.81, 29.74, 29.66, 29.62, 29.68, 29.3, 29.23, 29.23, 29.21, 29.08, 28.78, 29.28, 29.28, 29.23], [29.93, 29.92, 29.91, 29.9, 29.87, 29.84, 29.78, 29.69, 29.53, 29.39, 29.59, 29.35, 29.3, 29.25, 29.25, 29.26, 29.39, 29.63, 29.36, 29.27], [29.93, 29.92, 29.91, 29.89, 29.87, 29.84, 29.79, 29.7, 29.55, 29.43, 29.4, 29.43, 29.38, 29.26, 29.28, 29.5, 29.54, 29.58, 29.34, 29.27], [29.93, 29.92, 29.91, 29.9, 29.88, 29.86, 29.82, 29.78, 29.73, 29.73, 29.58, 29.56, 29.49, 29.7, 29.62, 29.57, 29.56, 29.56, 29.56, 29.55], [29.93, 29.92, 29.92, 29.91, 29.9, 29.88, 29.87, 29.87, 29.9, 29.78, 29.85, 30.02, 29.99, 29.99, 29.68, 29.63, 29.6, 29.58, 29.58, 29.57], [29.93, 29.93, 29.92, 29.92, 29.92, 29.92, 29.92, 29.95, 30.02, 30.02, 30.29, 30.13, 30.05, 30.02, 29.73, 29.67, 29.63, 29.61, 29.6, 29.59], [29.94, 29.94, 29.93, 29.93, 29.93, 29.94, 29.96, 29.99, 30.05, 30.17, 30.24, 30.15, 30.07, 30.03, 29.77, 29.71, 29.67, 29.64, 29.62, 29.61], [29.94, 29.94, 29.94, 29.94, 29.95, 29.96, 29.98, 30.01, 30.05, 30.11, 30.13, 30.11, 30.07, 30.04, 29.79, 29.73, 29.69, 29.66, 29.64, 29.63], [29.95, 29.95, 29.95, 29.95, 29.96, 29.97, 29.99, 30.0, 30.03, 30.06, 30.08, 30.07, 30.05, 30.03, 29.8, 29.75, 29.71, 29.68, 29.66, 29.65]]}