gis_exercise/awsData/contour/temp_2023090122.json
{"header": {"refTime": "2023-09-01T22:00:00.000Z", "nx": 21, "ny": 33, "lo1": 113.509, "la1": 22.2235, "lo2": 113.5947, "la2": 22.1034, "dx": 0.0042850000000001385, "dy": 0.003753125000000024, "parameterCategory": 0, "parameterCategoryName": "Temperature", "parameterNumber": 0}, "z": [[26.26, 26.25, 26.23, 25.83, 25.83, 26.14, 26.12, 26.11, 26.11, 26.01, 26.04, 26.07, 26.24, 26.26, 26.32, 26.31, 26.33, 26.32, 26.32, 26.31], [26.27, 26.26, 26.24, 26.22, 25.84, 25.84, 26.1, 26.07, 26.05, 25.99, 26.04, 26.1, 26.27, 26.29, 26.34, 26.35, 26.33, 26.32, 26.31, 26.31], [26.28, 26.27, 26.25, 26.23, 25.84, 25.84, 25.85, 26.04, 25.94, 25.98, 26.06, 26.14, 26.32, 26.33, 26.38, 26.35, 26.33, 26.31, 26.3, 26.3], [26.3, 26.29, 26.27, 26.25, 26.22, 25.84, 25.85, 25.86, 25.86, 25.99, 26.08, 26.21, 26.41, 26.28, 26.39, 26.35, 26.32, 26.3, 26.29, 26.29], [26.32, 26.31, 26.3, 26.28, 26.25, 25.84, 25.85, 25.85, 25.83, 25.98, 26.08, 26.31, 26.53, 26.33, 26.38, 26.33, 26.3, 26.28, 26.28, 26.28], [26.34, 26.33, 26.33, 26.31, 26.29, 26.26, 25.86, 25.85, 25.83, 25.77, 26.01, 26.19, 26.37, 26.47, 26.35, 26.31, 26.27, 26.26, 26.26, 26.27], [26.54, 26.36, 26.36, 26.35, 26.34, 26.3, 26.12, 25.9, 25.87, 25.76, 25.69, 25.99, 26.3, 26.34, 26.3, 26.28, 26.24, 26.23, 26.29, 26.32], [26.56, 26.56, 26.56, 26.56, 26.54, 26.24, 26.17, 26.09, 26.01, 25.73, 25.53, 25.82, 25.82, 26.35, 26.13, 26.1, 26.15, 26.16, 26.14, 26.12], [26.44, 26.45, 26.6, 26.61, 26.61, 26.58, 26.48, 26.14, 25.88, 25.78, 25.63, 25.72, 25.76, 25.7, 26.12, 26.1, 26.12, 26.13, 26.13, 26.12], [26.9, 26.9, 26.9, 26.53, 26.58, 26.72, 26.62, 26.48, 25.7, 25.74, 25.76, 25.66, 25.7, 25.68, 26.12, 26.09, 26.1, 26.11, 26.11, 26.11], [26.9, 26.9, 26.9, 26.9, 26.9, 26.9, 26.9, 26.9, 26.62, 25.86, 25.4, 25.63, 25.66, 25.66, 26.12, 26.08, 26.09, 26.1, 26.1, 26.1], [26.9, 26.9, 26.9, 26.9, 26.9, 26.9, 26.9, 26.9, 26.9, -999.0, 25.4, 26.0, 26.0, 25.64, 26.12, 26.07, 26.08, 25.4, 25.42, 25.43], [26.9, 26.9, 26.9, 26.9, 26.9, 26.9, 26.9, 26.9, 26.9, 26.9, -999.0, 26.0, 26.0, 25.22, 25.56, 25.69, 25.7, 25.53, 25.55, 25.57], [26.9, 26.9, 26.9, 26.9, 26.9, 26.9, 26.9, 26.9, 26.9, 26.9, -999.0, 24.8, 24.8, 24.8, 25.46, 25.57, 25.6, 25.42, 25.46, 25.49], [26.9, 26.9, 26.9, 26.9, 26.9, 26.9, 26.9, 26.6, 26.6, 26.6, 26.6, 25.91, 24.8, 24.8, 24.8, 25.44, 25.48, 25.32, 25.37, 25.41], [26.9, 26.9, 26.71, 26.71, 26.7, 26.6, 26.6, 26.6, 26.6, 26.6, 25.47, 25.6, 25.42, 25.27, 25.44, 25.06, 25.1, 25.03, 25.35, 25.39], [26.71, 26.71, 26.79, 26.79, 26.6, 26.6, 26.6, 26.6, 26.6, 26.6, 25.83, 25.6, 25.37, 25.15, 25.09, 24.94, 24.99, 25.02, 25.05, 25.07], [26.79, 26.79, 26.78, 26.78, 26.6, 26.6, 26.6, 26.6, 26.6, 26.14, 25.9, 25.63, 25.35, 25.11, 24.84, 24.92, 24.99, 25.03, 25.06, 25.08], [26.79, 26.78, 26.78, 26.6, 26.6, 26.6, 26.6, 26.6, 26.44, 26.25, 26.06, 25.84, 25.42, 25.21, 24.91, 24.96, 25.02, 25.06, 25.08, 25.1], [26.78, 26.78, 26.54, 26.55, 26.55, 26.55, 26.56, 26.58, 26.42, 26.27, 26.09, 25.9, 25.49, 25.35, 25.0, 25.03, 25.07, 25.1, 25.11, 25.12], [26.54, 26.54, 26.54, 26.56, 26.56, 26.56, 26.57, 26.57, 26.3, 26.22, 26.1, 25.97, 25.55, 25.06, 25.08, 25.1, 25.13, 25.14, 25.14, 25.14], [26.55, 26.55, 26.55, 26.56, 26.56, 26.56, 26.56, 26.64, 26.25, 26.21, 26.13, 26.03, 25.58, 25.11, 25.13, 25.16, 25.19, 25.19, 25.17, 25.16], [26.55, 26.55, 26.55, 26.66, 26.66, 26.65, 26.64, 26.64, 26.63, 26.63, 26.64, 26.27, 25.72, 25.14, 25.17, 25.22, 25.26, 25.23, 25.19, 25.17], [26.68, 26.68, 26.67, 26.67, 26.66, 26.66, 26.65, 26.63, 26.61, 26.61, 26.63, 26.38, 25.75, 25.62, 25.5, 25.24, 25.37, 25.22, 25.19, 25.17], [26.68, 26.68, 26.68, 26.68, 26.67, 26.66, 26.65, 26.63, 26.59, 26.55, 26.61, 26.42, 26.34, 25.63, 25.51, 25.4, 25.19, 25.13, 25.17, 25.17], [26.69, 26.69, 26.69, 26.68, 26.68, 26.68, 26.67, 26.65, 26.61, 26.57, 26.5, 26.47, 26.39, 25.64, 25.53, 25.51, 25.4, 25.36, 25.16, 25.16], [26.69, 26.69, 26.69, 26.69, 26.69, 26.69, 26.69, 26.68, 26.67, 26.68, 26.57, 26.54, 26.46, 25.87, 25.72, 25.6, 25.51, 25.48, 25.48, 25.51], [26.7, 26.7, 26.7, 26.7, 26.71, 26.71, 26.71, 26.72, 26.75, 26.68, 26.7, 26.56, 26.42, 26.27, 25.82, 25.7, 25.61, 25.57, 25.56, 25.56], [26.7, 26.71, 26.71, 26.71, 26.72, 26.72, 26.74, 26.76, 26.8, 26.79, 26.88, 26.66, 26.48, 26.33, 25.9, 25.78, 25.7, 25.65, 25.62, 25.62], [26.71, 26.71, 26.71, 26.72, 26.73, 26.74, 26.75, 26.78, 26.63, 26.74, 26.81, 26.66, 26.5, 26.36, 25.96, 25.85, 25.77, 25.71, 25.68, 25.66], [26.71, 26.72, 26.72, 26.73, 26.73, 26.74, 26.76, 26.78, 26.59, 26.65, 26.66, 26.59, 26.48, 26.37, 26.0, 25.9, 25.82, 25.77, 25.73, 25.71], [26.72, 26.72, 26.72, 26.73, 26.74, 26.75, 26.76, 26.51, 26.54, 26.57, 26.56, 26.52, 26.45, 26.37, 26.01, 25.93, 25.86, 25.81, 25.77, 25.74]]}