gis_exercise/awsData/contour/temp_2023090710.json
{"header": {"refTime": "2023-09-07T10:00:00.000Z", "nx": 21, "ny": 33, "lo1": 113.509, "la1": 22.2235, "lo2": 113.5947, "la2": 22.1034, "dx": 0.0042850000000001385, "dy": 0.003753125000000024, "parameterCategory": 0, "parameterCategoryName": "Temperature", "parameterNumber": 0}, "z": [[28.28, 28.27, 28.26, 28.02, 28.02, 28.19, 28.19, 28.19, 28.19, 28.19, 28.21, 28.23, 28.39, 28.41, 28.31, 28.3, 28.4, 28.38, 28.37, 28.37], [28.28, 28.27, 28.26, 28.25, 28.02, 28.03, 28.18, 28.17, 28.16, 28.18, 28.21, 28.25, 28.41, 28.43, 28.32, 28.41, 28.39, 28.37, 28.37, 28.36], [28.29, 28.28, 28.27, 28.26, 28.02, 28.03, 28.04, 28.15, 28.12, 28.16, 28.22, 28.27, 28.44, 28.45, 28.43, 28.4, 28.38, 28.36, 28.35, 28.35], [28.3, 28.29, 28.28, 28.27, 28.25, 28.02, 28.03, 28.05, 28.06, 28.18, 28.24, 28.32, 28.48, 28.44, 28.44, 28.4, 28.36, 28.34, 28.33, 28.33], [28.31, 28.31, 28.3, 28.28, 28.26, 28.01, 28.02, 28.02, 28.02, 28.18, 28.25, 28.44, 28.54, 28.46, 28.43, 28.38, 28.33, 28.31, 28.3, 28.31], [28.33, 28.32, 28.32, 28.3, 28.28, 28.25, 28.01, 28.0, 28.0, 27.99, 28.3, 28.4, 28.48, 28.57, 28.42, 28.35, 28.28, 28.25, 28.27, 28.29], [28.44, 28.35, 28.34, 28.34, 28.32, 28.28, 28.18, 27.99, 27.99, 28.05, 28.07, 28.33, 28.54, 28.55, 28.4, 28.32, 28.22, 28.18, 28.19, 28.22], [28.46, 28.46, 28.46, 28.46, 28.44, 28.28, 28.2, 28.1, 28.02, 28.03, 27.98, 28.32, 28.32, 28.55, 28.25, 28.29, 28.2, 28.17, 28.22, 28.26], [28.34, 28.35, 28.5, 28.51, 28.51, 28.48, 28.38, 28.17, 27.97, 28.06, 28.13, 28.22, 28.26, 28.2, 28.26, 28.31, 28.26, 28.24, 28.25, 28.27], [28.8, 28.8, 28.8, 28.43, 28.48, 28.62, 28.52, 28.38, 27.94, 27.95, 28.26, 28.16, 28.2, 28.18, 28.26, 28.33, 28.29, 28.28, 28.28, 28.28], [28.8, 28.8, 28.8, 28.8, 28.8, 28.8, 28.8, 28.8, 28.52, 27.97, 27.9, 28.13, 28.16, 28.16, 28.26, 28.34, 28.31, 28.3, 28.3, 28.3], [28.8, 28.8, 28.8, 28.8, 28.8, 28.8, 28.8, 28.8, 28.8, -999.0, 27.9, 28.5, 28.5, 28.14, 28.25, 28.35, 28.34, 27.93, 27.93, 27.93], [28.8, 28.8, 28.8, 28.8, 28.8, 28.8, 28.8, 28.8, 28.8, 28.8, -999.0, 28.5, 28.5, 28.04, 28.24, 27.99, 27.99, 27.96, 27.96, 27.96], [28.8, 28.8, 28.8, 28.8, 28.8, 28.8, 28.8, 28.8, 28.8, 28.8, -999.0, 27.8, 27.8, 27.8, 28.18, 27.97, 27.97, 27.93, 27.94, 27.95], [28.8, 28.8, 28.8, 28.8, 28.8, 28.8, 28.8, 28.8, 28.8, 28.8, 28.8, 28.42, 27.8, 27.8, 27.8, 27.94, 27.95, 27.91, 27.92, 27.93], [28.8, 28.8, 28.8, 28.8, 28.8, 28.8, 28.8, 28.8, 28.8, 28.8, 28.17, 28.24, 28.15, 28.06, 28.16, 27.91, 27.93, 27.9, 27.96, 27.97], [28.8, 28.8, 28.8, 28.8, 28.8, 28.8, 28.8, 28.8, 28.8, 28.8, 28.37, 28.25, 28.12, 28.0, 27.95, 27.87, 27.9, 27.92, 27.94, 27.95], [28.8, 28.8, 28.8, 28.8, 28.8, 28.8, 28.8, 28.8, 28.8, 28.55, 28.41, 28.26, 28.11, 27.96, 27.82, 27.87, 27.9, 27.93, 27.94, 27.95], [28.8, 28.8, 28.8, 28.8, 28.8, 28.8, 28.8, 28.8, 28.71, 28.61, 28.49, 28.37, 28.13, 28.01, 27.86, 27.89, 27.92, 27.94, 27.95, 27.96], [28.8, 28.8, 28.74, 28.75, 28.75, 28.75, 28.76, 28.78, 28.69, 28.61, 28.51, 28.4, 28.17, 28.09, 27.91, 27.93, 27.95, 27.96, 27.97, 27.97], [28.74, 28.74, 28.74, 28.76, 28.76, 28.76, 28.77, 28.77, 28.62, 28.58, 28.51, 28.43, 28.19, 27.94, 27.95, 27.96, 27.98, 27.98, 27.99, 27.99], [28.75, 28.75, 28.75, 28.76, 28.76, 28.76, 28.76, 28.78, 28.59, 28.56, 28.52, 28.47, 28.19, 27.97, 27.98, 27.99, 28.01, 28.01, 28.0, 28.0], [28.75, 28.75, 28.75, 28.79, 28.79, 28.78, 28.78, 28.78, 28.77, 28.77, 28.77, 28.57, 28.29, 27.98, 28.0, 28.02, 28.04, 28.03, 28.02, 28.01], [28.79, 28.79, 28.79, 28.79, 28.79, 28.78, 28.78, 28.77, 28.76, 28.75, 28.76, 28.6, 28.31, 28.24, 28.18, 28.03, 28.07, 28.04, 28.02, 28.01], [28.79, 28.79, 28.79, 28.79, 28.79, 28.78, 28.78, 28.76, 28.74, 28.73, 28.75, 28.63, 28.58, 28.24, 28.18, 28.13, 28.03, 28.02, 28.02, 28.01], [28.79, 28.79, 28.79, 28.79, 28.79, 28.79, 28.78, 28.77, 28.75, 28.73, 28.68, 28.65, 28.6, 28.25, 28.19, 28.18, 28.13, 28.12, 28.01, 28.01], [28.8, 28.8, 28.79, 28.79, 28.79, 28.79, 28.79, 28.78, 28.78, 28.78, 28.7, 28.68, 28.64, 28.35, 28.28, 28.22, 28.18, 28.17, 28.17, 28.18], [28.8, 28.8, 28.8, 28.8, 28.8, 28.8, 28.8, 28.8, 28.81, 28.75, 28.76, 28.71, 28.65, 28.58, 28.33, 28.27, 28.23, 28.21, 28.2, 28.21], [28.8, 28.8, 28.8, 28.8, 28.8, 28.8, 28.81, 28.81, 28.83, 28.8, 28.85, 28.75, 28.67, 28.61, 28.37, 28.31, 28.27, 28.25, 28.24, 28.23], [28.8, 28.8, 28.8, 28.8, 28.8, 28.81, 28.81, 28.82, 28.74, 28.79, 28.82, 28.75, 28.68, 28.62, 28.4, 28.34, 28.3, 28.28, 28.26, 28.25], [28.8, 28.8, 28.8, 28.8, 28.81, 28.81, 28.81, 28.82, 28.72, 28.75, 28.75, 28.72, 28.67, 28.62, 28.42, 28.37, 28.33, 28.3, 28.29, 28.28], [28.8, 28.8, 28.8, 28.81, 28.81, 28.81, 28.82, 28.69, 28.7, 28.71, 28.71, 28.69, 28.66, 28.62, 28.42, 28.38, 28.35, 28.32, 28.31, 28.29]]}