gis_exercise/awsData/contour/temp_2023091320.json
{"header": {"refTime": "2023-09-13T20:00:00.000Z", "nx": 21, "ny": 33, "lo1": 113.509, "la1": 22.2235, "lo2": 113.5947, "la2": 22.1034, "dx": 0.0042850000000001385, "dy": 0.003753125000000024, "parameterCategory": 0, "parameterCategoryName": "Temperature", "parameterNumber": 0}, "z": [[27.6, 27.59, 27.59, 27.41, 27.42, 27.59, 27.6, 27.6, 27.61, 27.55, 27.56, 27.56, 27.68, 27.68, 27.63, 27.61, 27.6, 27.6, 27.59, 27.58], [27.6, 27.6, 27.59, 27.59, 27.42, 27.44, 27.59, 27.6, 27.6, 27.56, 27.56, 27.57, 27.69, 27.69, 27.63, 27.61, 27.6, 27.59, 27.58, 27.58], [27.6, 27.6, 27.59, 27.59, 27.42, 27.43, 27.46, 27.6, 27.6, 27.57, 27.56, 27.58, 27.7, 27.7, 27.64, 27.61, 27.59, 27.58, 27.57, 27.57], [27.6, 27.6, 27.6, 27.59, 27.59, 27.42, 27.44, 27.47, 27.5, 27.55, 27.56, 27.6, 27.72, 27.62, 27.64, 27.61, 27.58, 27.56, 27.56, 27.56], [27.61, 27.6, 27.6, 27.59, 27.59, 27.4, 27.41, 27.42, 27.42, 27.51, 27.54, 27.62, 27.73, 27.64, 27.64, 27.59, 27.56, 27.54, 27.54, 27.54], [27.61, 27.61, 27.6, 27.6, 27.59, 27.58, 27.39, 27.38, 27.37, 27.34, 27.48, 27.57, 27.66, 27.73, 27.62, 27.57, 27.52, 27.5, 27.51, 27.53], [27.62, 27.61, 27.61, 27.61, 27.6, 27.58, 27.42, 27.37, 27.35, 27.3, 27.29, 27.49, 27.69, 27.7, 27.6, 27.55, 27.48, 27.45, 27.47, 27.5], [27.63, 27.63, 27.63, 27.63, 27.62, 27.48, 27.45, 27.4, 27.38, 27.28, 27.18, 27.45, 27.45, 27.7, 27.47, 27.5, 27.45, 27.44, 27.46, 27.48], [27.57, 27.58, 27.65, 27.65, 27.66, 27.64, 27.59, 27.43, 27.3, 27.31, 27.29, 27.37, 27.4, 27.35, 27.48, 27.5, 27.48, 27.47, 27.47, 27.48], [27.8, 27.8, 27.8, 27.61, 27.64, 27.71, 27.66, 27.59, 27.23, 27.25, 27.4, 27.32, 27.35, 27.33, 27.48, 27.51, 27.5, 27.49, 27.49, 27.49], [27.8, 27.8, 27.8, 27.8, 27.8, 27.8, 27.8, 27.8, 27.66, 27.3, 27.1, 27.29, 27.31, 27.31, 27.48, 27.52, 27.51, 27.5, 27.5, 27.5], [27.8, 27.8, 27.8, 27.8, 27.8, 27.8, 27.8, 27.8, 27.8, -999.0, 27.1, 27.6, 27.6, 27.3, 27.48, 27.53, 27.52, 26.89, 26.9, 26.9], [27.8, 27.8, 27.8, 27.8, 27.8, 27.8, 27.8, 27.8, 27.8, 27.8, -999.0, 27.6, 27.6, 26.88, 27.2, 27.07, 27.08, 26.97, 26.98, 26.99], [27.8, 27.8, 27.8, 27.8, 27.8, 27.8, 27.8, 27.8, 27.8, 27.8, -999.0, 26.5, 26.5, 26.5, 27.1, 27.0, 27.01, 26.9, 26.92, 26.94], [27.8, 27.8, 27.8, 27.8, 27.8, 27.8, 27.8, 27.9, 27.9, 27.9, 27.9, 27.36, 26.5, 26.5, 26.5, 26.91, 26.94, 26.84, 26.87, 26.89], [27.8, 27.8, 27.86, 27.86, 27.87, 27.9, 27.9, 27.9, 27.9, 27.9, 27.02, 27.12, 26.98, 26.87, 27.0, 26.83, 26.88, 26.79, 26.98, 27.01], [27.86, 27.86, 27.84, 27.84, 27.9, 27.9, 27.9, 27.9, 27.9, 27.9, 27.3, 27.12, 26.94, 26.77, 26.77, 26.75, 26.84, 26.91, 26.96, 27.0], [27.84, 27.84, 27.84, 27.84, 27.9, 27.9, 27.9, 27.9, 27.9, 27.54, 27.36, 27.15, 26.93, 26.78, 26.54, 26.72, 26.85, 26.93, 26.99, 27.02], [27.84, 27.84, 27.84, 27.9, 27.9, 27.9, 27.9, 27.9, 27.77, 27.63, 27.44, 27.26, 27.05, 26.87, 26.71, 26.8, 26.9, 26.98, 27.02, 27.05], [27.84, 27.84, 27.73, 27.74, 27.75, 27.76, 27.79, 27.85, 27.74, 27.61, 27.46, 27.31, 27.12, 27.01, 26.87, 26.92, 26.99, 27.04, 27.07, 27.09], [27.72, 27.72, 27.73, 27.78, 27.78, 27.79, 27.8, 27.81, 27.61, 27.55, 27.45, 27.34, 27.18, 26.98, 27.0, 27.04, 27.09, 27.12, 27.13, 27.13], [27.76, 27.76, 27.76, 27.77, 27.77, 27.77, 27.77, 27.85, 27.55, 27.51, 27.45, 27.37, 27.15, 27.06, 27.1, 27.14, 27.18, 27.19, 27.18, 27.17], [27.75, 27.75, 27.75, 27.87, 27.86, 27.85, 27.84, 27.83, 27.81, 27.81, 27.82, 27.64, 27.44, 27.12, 27.16, 27.22, 27.27, 27.26, 27.23, 27.2], [27.88, 27.88, 27.87, 27.87, 27.86, 27.85, 27.83, 27.81, 27.77, 27.76, 27.79, 27.7, 27.45, 27.42, 27.4, 27.26, 27.35, 27.3, 27.26, 27.22], [27.88, 27.88, 27.87, 27.87, 27.86, 27.85, 27.83, 27.79, 27.73, 27.68, 27.76, 27.72, 27.71, 27.43, 27.4, 27.38, 27.29, 27.29, 27.26, 27.23], [27.88, 27.88, 27.88, 27.87, 27.87, 27.86, 27.84, 27.81, 27.75, 27.7, 27.73, 27.75, 27.74, 27.43, 27.41, 27.48, 27.43, 27.42, 27.25, 27.23], [27.89, 27.89, 27.88, 27.88, 27.88, 27.87, 27.86, 27.85, 27.83, 27.84, 27.81, 27.82, 27.79, 27.65, 27.58, 27.52, 27.48, 27.47, 27.47, 27.48], [27.89, 27.89, 27.89, 27.89, 27.89, 27.89, 27.89, 27.9, 27.92, 27.91, 27.94, 27.89, 27.82, 27.76, 27.63, 27.57, 27.53, 27.51, 27.5, 27.51], [27.9, 27.9, 27.9, 27.9, 27.9, 27.91, 27.92, 27.94, 27.98, 28.02, 28.11, 27.97, 27.87, 27.8, 27.67, 27.61, 27.57, 27.55, 27.54, 27.53], [27.9, 27.9, 27.9, 27.91, 27.91, 27.92, 27.93, 27.96, 27.93, 28.02, 28.07, 27.98, 27.89, 27.82, 27.7, 27.64, 27.6, 27.58, 27.56, 27.55], [27.9, 27.91, 27.91, 27.91, 27.92, 27.93, 27.94, 27.97, 27.91, 27.96, 27.97, 27.93, 27.87, 27.82, 27.72, 27.67, 27.63, 27.6, 27.59, 27.58], [27.91, 27.91, 27.91, 27.92, 27.92, 27.93, 27.95, 27.86, 27.89, 27.91, 27.91, 27.89, 27.86, 27.82, 27.72, 27.68, 27.65, 27.62, 27.61, 27.59]]}