gis_exercise/awsData/contour/temp_2023090410.json
{"header": {"refTime": "2023-09-04T10:00:00.000Z", "nx": 21, "ny": 33, "lo1": 113.509, "la1": 22.2235, "lo2": 113.5947, "la2": 22.1034, "dx": 0.0042850000000001385, "dy": 0.003753125000000024, "parameterCategory": 0, "parameterCategoryName": "Temperature", "parameterNumber": 0}, "z": [[31.28, 31.29, 31.3, 31.28, 31.28, 31.5, 31.49, 31.48, 31.48, 31.36, 31.36, 31.37, 31.62, 31.63, 31.72, 31.75, 31.87, 31.88, 31.89, 31.89], [31.28, 31.28, 31.29, 31.3, 31.28, 31.29, 31.48, 31.47, 31.46, 31.37, 31.37, 31.38, 31.62, 31.64, 31.73, 31.86, 31.87, 31.89, 31.89, 31.9], [31.27, 31.28, 31.29, 31.3, 31.28, 31.29, 31.31, 31.46, 31.41, 31.37, 31.37, 31.4, 31.64, 31.65, 31.84, 31.86, 31.88, 31.9, 31.9, 31.91], [31.27, 31.27, 31.28, 31.29, 31.3, 31.29, 31.3, 31.32, 31.33, 31.35, 31.37, 31.43, 31.66, 31.55, 31.84, 31.87, 31.9, 31.91, 31.92, 31.92], [31.26, 31.26, 31.27, 31.28, 31.29, 31.28, 31.29, 31.29, 31.28, 31.31, 31.35, 31.54, 31.64, 31.57, 31.84, 31.88, 31.92, 31.94, 31.94, 31.94], [31.25, 31.25, 31.25, 31.26, 31.28, 31.3, 31.29, 31.29, 31.26, 31.2, 31.38, 31.5, 31.59, 31.73, 31.85, 31.91, 31.96, 31.98, 31.97, 31.95], [31.17, 31.23, 31.24, 31.24, 31.26, 31.28, 31.17, 31.31, 31.29, 31.24, 31.19, 31.44, 31.76, 31.75, 31.87, 31.93, 32.01, 32.04, 32.03, 32.0], [31.16, 31.15, 31.15, 31.16, 31.17, 31.11, 31.17, 31.29, 31.44, 31.19, 30.97, 31.49, 31.5, 31.75, 31.99, 31.96, 32.02, 32.05, 32.01, 31.98], [31.24, 31.23, 31.13, 31.12, 31.12, 31.14, 31.21, 31.2, 31.28, 31.27, 31.18, 31.33, 31.4, 31.31, 31.98, 31.94, 31.98, 32.0, 31.99, 31.97], [30.9, 30.9, 30.9, 31.18, 31.14, 31.04, 31.11, 31.21, 31.1, 31.14, 31.41, 31.24, 31.29, 31.27, 31.98, 31.93, 31.96, 31.97, 31.97, 31.96], [30.9, 30.9, 30.9, 30.9, 30.9, 30.9, 30.9, 30.9, 31.11, 31.26, 30.8, 31.18, 31.23, 31.23, 31.98, 31.92, 31.94, 31.95, 31.95, 31.95], [30.9, 30.9, 30.9, 30.9, 30.9, 30.9, 30.9, 30.9, 30.9, -999.0, 30.8, 31.8, 31.8, 31.2, 31.99, 31.91, 31.92, 32.1, 32.1, 32.1], [30.9, 30.9, 30.9, 30.9, 30.9, 30.9, 30.9, 30.9, 30.9, 30.9, -999.0, 31.8, 31.8, 32.0, 31.91, 32.1, 32.1, 32.1, 32.1, 32.1], [30.9, 30.9, 30.9, 30.9, 30.9, 30.9, 30.9, 30.9, 30.9, 30.9, -999.0, 32.1, 32.1, 32.1, 31.94, 32.1, 32.1, 32.1, 32.1, 32.1], [30.9, 30.9, 30.9, 30.9, 30.9, 30.9, 30.9, 31.6, 31.6, 31.6, 31.6, 31.79, 32.1, 32.1, 32.1, 32.1, 32.1, 32.1, 32.1, 32.1], [30.9, 30.9, 31.34, 31.35, 31.36, 31.6, 31.6, 31.6, 31.6, 31.6, 31.91, 31.88, 31.93, 31.97, 31.92, 31.48, 31.38, 31.55, 31.64, 31.6], [31.35, 31.35, 31.15, 31.16, 31.6, 31.6, 31.6, 31.6, 31.6, 31.6, 31.82, 31.88, 31.94, 32.0, 31.85, 31.74, 31.61, 31.51, 31.44, 31.39], [31.15, 31.16, 31.17, 31.19, 31.6, 31.6, 31.6, 31.6, 31.6, 31.73, 31.79, 31.87, 31.95, 31.85, 32.06, 31.78, 31.6, 31.48, 31.4, 31.36], [31.16, 31.17, 31.19, 31.6, 31.6, 31.6, 31.6, 31.6, 31.64, 31.7, 31.74, 31.81, 31.66, 31.76, 31.8, 31.67, 31.52, 31.41, 31.35, 31.31], [31.17, 31.18, 31.6, 31.6, 31.6, 31.6, 31.6, 31.6, 31.65, 31.69, 31.74, 31.79, 31.57, 31.6, 31.56, 31.48, 31.39, 31.32, 31.28, 31.26], [31.6, 31.6, 31.6, 31.6, 31.6, 31.6, 31.6, 31.6, 31.68, 31.7, 31.73, 31.77, 31.48, 31.41, 31.37, 31.3, 31.24, 31.2, 31.19, 31.2], [31.6, 31.6, 31.6, 31.6, 31.6, 31.6, 31.6, 31.5, 31.69, 31.7, 31.72, 31.75, 31.39, 31.29, 31.23, 31.15, 31.08, 31.08, 31.11, 31.15], [31.6, 31.6, 31.6, 31.45, 31.46, 31.46, 31.47, 31.48, 31.49, 31.48, 31.47, 31.28, 31.14, 31.2, 31.13, 31.02, 30.91, 30.97, 31.06, 31.11], [31.43, 31.43, 31.43, 31.44, 31.44, 31.45, 31.46, 31.47, 31.49, 31.5, 31.48, 31.16, 31.16, 31.08, 30.99, 30.96, 30.66, 30.98, 31.06, 31.1], [31.42, 31.42, 31.42, 31.43, 31.43, 31.44, 31.45, 31.47, 31.51, 31.54, 31.48, 31.18, 31.07, 31.09, 31.02, 30.97, 31.04, 31.16, 31.09, 31.11], [31.41, 31.41, 31.41, 31.41, 31.42, 31.42, 31.43, 31.44, 31.49, 31.52, 31.31, 31.18, 31.08, 31.12, 31.06, 30.93, 30.98, 31.01, 31.11, 31.12], [31.4, 31.4, 31.4, 31.4, 31.4, 31.4, 31.4, 31.4, 31.41, 31.39, 31.21, 31.14, 31.07, 30.94, 30.94, 30.94, 30.96, 30.97, 30.97, 30.96], [31.4, 31.39, 31.39, 31.39, 31.38, 31.38, 31.37, 31.35, 31.32, 31.15, 31.11, 31.24, 31.27, 31.29, 30.94, 30.95, 30.95, 30.96, 30.96, 30.95], [31.39, 31.39, 31.38, 31.38, 31.37, 31.36, 31.34, 31.31, 31.25, 31.07, 31.07, 31.17, 31.23, 31.27, 30.95, 30.95, 30.95, 30.95, 30.95, 30.95], [31.38, 31.38, 31.37, 31.37, 31.35, 31.34, 31.32, 31.29, 31.21, 31.14, 31.1, 31.16, 31.22, 31.26, 30.95, 30.95, 30.95, 30.95, 30.95, 30.95], [31.38, 31.37, 31.37, 31.36, 31.35, 31.33, 31.31, 31.28, 31.22, 31.18, 31.17, 31.19, 31.23, 31.26, 30.95, 30.95, 30.95, 30.95, 30.95, 30.95], [31.37, 31.37, 31.36, 31.35, 31.34, 31.33, 31.31, 31.25, 31.23, 31.21, 31.21, 31.22, 31.24, 31.26, 30.95, 30.95, 30.95, 30.95, 30.95, 30.95]]}