gis_exercise/awsData/contour/temp_2023090212.json
{"header": {"refTime": "2023-09-02T12:00:00.000Z", "nx": 21, "ny": 33, "lo1": 113.509, "la1": 22.2235, "lo2": 113.5947, "la2": 22.1034, "dx": 0.0042850000000001385, "dy": 0.003753125000000024, "parameterCategory": 0, "parameterCategoryName": "Temperature", "parameterNumber": 0}, "z": [[26.1, 26.09, 26.09, 25.89, 25.9, 26.12, 26.12, 26.12, 26.13, 26.06, 26.06, 26.07, 26.27, 26.28, 26.22, 26.22, 26.27, 26.26, 26.25, 26.25], [26.1, 26.1, 26.09, 26.09, 25.9, 25.91, 26.11, 26.12, 26.12, 26.07, 26.07, 26.08, 26.28, 26.29, 26.23, 26.27, 26.26, 26.25, 26.25, 26.25], [26.1, 26.1, 26.09, 26.09, 25.89, 25.91, 25.94, 26.11, 26.1, 26.07, 26.07, 26.1, 26.29, 26.3, 26.29, 26.27, 26.26, 26.25, 26.24, 26.24], [26.1, 26.1, 26.1, 26.09, 26.09, 25.9, 25.92, 25.96, 25.99, 26.05, 26.07, 26.13, 26.32, 26.2, 26.29, 26.27, 26.25, 26.23, 26.23, 26.23], [26.11, 26.1, 26.1, 26.09, 26.09, 25.88, 25.89, 25.9, 25.9, 26.01, 26.05, 26.2, 26.32, 26.23, 26.29, 26.26, 26.23, 26.22, 26.21, 26.22], [26.11, 26.11, 26.1, 26.1, 26.09, 26.08, 25.86, 25.86, 25.84, 25.8, 26.03, 26.15, 26.25, 26.37, 26.28, 26.24, 26.2, 26.19, 26.19, 26.21], [26.12, 26.11, 26.11, 26.11, 26.1, 26.08, 25.9, 25.84, 25.82, 25.79, 25.78, 26.06, 26.34, 26.35, 26.27, 26.22, 26.16, 26.14, 26.16, 26.17], [26.13, 26.13, 26.13, 26.13, 26.12, 25.96, 25.92, 25.89, 25.88, 25.76, 25.63, 26.05, 26.06, 26.35, 26.17, 26.2, 26.15, 26.14, 26.16, 26.18], [26.07, 26.08, 26.15, 26.15, 26.16, 26.14, 26.09, 25.91, 25.77, 25.82, 25.81, 25.93, 25.98, 25.91, 26.18, 26.2, 26.18, 26.17, 26.17, 26.18], [26.3, 26.3, 26.3, 26.11, 26.14, 26.21, 26.16, 26.09, 25.67, 25.69, 25.99, 25.85, 25.9, 25.87, 26.18, 26.21, 26.2, 26.19, 26.19, 26.19], [26.3, 26.3, 26.3, 26.3, 26.3, 26.3, 26.3, 26.3, 26.16, 25.76, 25.5, 25.8, 25.84, 25.84, 26.18, 26.22, 26.21, 26.2, 26.2, 26.2], [26.3, 26.3, 26.3, 26.3, 26.3, 26.3, 26.3, 26.3, 26.3, -999.0, 25.5, 26.3, 26.3, 25.82, 26.18, 26.23, 26.22, 25.59, 25.6, 25.6], [26.3, 26.3, 26.3, 26.3, 26.3, 26.3, 26.3, 26.3, 26.3, 26.3, -999.0, 26.3, 26.3, 25.58, 25.9, 25.77, 25.78, 25.67, 25.68, 25.69], [26.3, 26.3, 26.3, 26.3, 26.3, 26.3, 26.3, 26.3, 26.3, 26.3, -999.0, 25.2, 25.2, 25.2, 25.8, 25.7, 25.71, 25.6, 25.62, 25.64], [26.3, 26.3, 26.3, 26.3, 26.3, 26.3, 26.3, 26.2, 26.2, 26.2, 26.2, 25.82, 25.2, 25.2, 25.2, 25.61, 25.64, 25.54, 25.57, 25.59], [26.3, 26.3, 26.24, 26.24, 26.23, 26.2, 26.2, 26.2, 26.2, 26.2, 25.57, 25.64, 25.55, 25.46, 25.56, 25.49, 25.54, 25.46, 25.65, 25.68], [26.24, 26.24, 26.26, 26.26, 26.2, 26.2, 26.2, 26.2, 26.2, 26.2, 25.77, 25.65, 25.52, 25.4, 25.41, 25.42, 25.5, 25.56, 25.61, 25.64], [26.26, 26.26, 26.26, 26.26, 26.2, 26.2, 26.2, 26.2, 26.2, 25.95, 25.81, 25.66, 25.51, 25.42, 25.23, 25.4, 25.51, 25.58, 25.63, 25.66], [26.26, 26.26, 26.26, 26.2, 26.2, 26.2, 26.2, 26.2, 26.11, 26.01, 25.91, 25.79, 25.62, 25.49, 25.38, 25.46, 25.56, 25.62, 25.66, 25.69], [26.26, 26.26, 26.2, 26.2, 26.2, 26.2, 26.2, 26.2, 26.11, 26.03, 25.93, 25.83, 25.68, 25.6, 25.53, 25.57, 25.63, 25.68, 25.71, 25.72], [26.2, 26.2, 26.2, 26.2, 26.2, 26.2, 26.2, 26.2, 26.04, 26.0, 25.94, 25.86, 25.73, 25.62, 25.64, 25.68, 25.72, 25.75, 25.76, 25.76], [26.2, 26.2, 26.2, 26.2, 26.2, 26.2, 26.2, 26.18, 26.03, 26.0, 25.96, 25.9, 25.78, 25.69, 25.73, 25.77, 25.8, 25.81, 25.8, 25.79], [26.2, 26.2, 26.2, 26.17, 26.18, 26.18, 26.18, 26.18, 26.18, 26.18, 26.18, 26.15, 26.04, 25.75, 25.79, 25.84, 25.88, 25.87, 25.85, 25.82], [26.17, 26.17, 26.17, 26.17, 26.17, 26.18, 26.18, 26.18, 26.18, 26.18, 26.18, 26.13, 26.05, 26.02, 26.0, 25.87, 25.95, 25.91, 25.87, 25.84], [26.17, 26.17, 26.17, 26.17, 26.17, 26.17, 26.17, 26.18, 26.18, 26.19, 26.18, 26.13, 26.11, 26.03, 26.0, 25.98, 25.9, 25.9, 25.87, 25.84], [26.17, 26.17, 26.17, 26.17, 26.17, 26.17, 26.17, 26.17, 26.18, 26.19, 26.15, 26.13, 26.11, 26.03, 26.01, 25.97, 25.96, 25.95, 25.86, 25.84], [26.17, 26.17, 26.17, 26.17, 26.17, 26.17, 26.17, 26.17, 26.17, 26.17, 26.13, 26.12, 26.11, 26.0, 25.99, 25.98, 25.97, 25.97, 25.97, 25.97], [26.17, 26.17, 26.17, 26.16, 26.16, 26.16, 26.16, 26.16, 26.15, 26.12, 26.12, 26.1, 26.09, 26.07, 26.0, 25.99, 25.98, 25.98, 25.97, 25.97], [26.16, 26.16, 26.16, 26.16, 26.16, 26.16, 26.16, 26.15, 26.14, 26.11, 26.1, 26.1, 26.09, 26.07, 26.01, 25.99, 25.99, 25.98, 25.98, 25.98], [26.16, 26.16, 26.16, 26.16, 26.16, 26.16, 26.15, 26.15, 26.1, 26.1, 26.1, 26.09, 26.09, 26.08, 26.01, 26.0, 25.99, 25.99, 25.99, 25.98], [26.16, 26.16, 26.16, 26.16, 26.16, 26.16, 26.15, 26.15, 26.1, 26.1, 26.1, 26.09, 26.09, 26.08, 26.01, 26.0, 26.0, 25.99, 25.99, 25.99], [26.16, 26.16, 26.16, 26.16, 26.16, 26.15, 26.15, 26.1, 26.1, 26.09, 26.09, 26.09, 26.08, 26.08, 26.02, 26.01, 26.0, 26.0, 25.99, 25.99]]}