gis_exercise/awsData/contour/temp_2023091303.json
{"header": {"refTime": "2023-09-13T03:00:00.000Z", "nx": 21, "ny": 33, "lo1": 113.509, "la1": 22.2235, "lo2": 113.5947, "la2": 22.1034, "dx": 0.0042850000000001385, "dy": 0.003753125000000024, "parameterCategory": 0, "parameterCategoryName": "Temperature", "parameterNumber": 0}, "z": [[26.87, 26.86, 26.86, 26.61, 26.62, 26.91, 26.92, 26.92, 26.93, 26.85, 26.85, 26.86, 27.08, 27.09, 27.07, 27.06, 27.08, 27.07, 27.06, 27.06], [26.87, 26.86, 26.86, 26.86, 26.62, 26.64, 26.91, 26.92, 26.92, 26.85, 26.86, 26.88, 27.1, 27.11, 27.08, 27.09, 27.07, 27.06, 27.06, 27.05], [26.87, 26.87, 26.86, 26.86, 26.61, 26.64, 26.68, 26.91, 26.9, 26.86, 26.87, 26.9, 27.12, 27.13, 27.11, 27.09, 27.07, 27.05, 27.05, 27.04], [26.87, 26.87, 26.86, 26.86, 26.85, 26.62, 26.65, 26.7, 26.75, 26.84, 26.86, 26.94, 27.16, 26.99, 27.11, 27.08, 27.06, 27.04, 27.03, 27.03], [26.87, 26.87, 26.87, 26.86, 26.85, 26.59, 26.61, 26.62, 26.62, 26.78, 26.83, 27.01, 27.18, 27.03, 27.11, 27.07, 27.04, 27.02, 27.02, 27.02], [26.88, 26.88, 26.87, 26.86, 26.85, 26.84, 26.57, 26.56, 26.54, 26.49, 26.76, 26.92, 27.06, 27.2, 27.09, 27.05, 27.01, 26.99, 27.0, 27.01], [26.88, 26.88, 26.88, 26.87, 26.86, 26.84, 26.6, 26.54, 26.51, 26.45, 26.43, 26.78, 27.13, 27.15, 27.07, 27.02, 26.96, 26.94, 26.97, 27.0], [26.89, 26.89, 26.89, 26.89, 26.88, 26.68, 26.63, 26.58, 26.57, 26.41, 26.25, 26.72, 26.73, 27.15, 26.94, 26.95, 26.93, 26.92, 26.93, 26.94], [26.81, 26.82, 26.91, 26.92, 26.92, 26.9, 26.84, 26.61, 26.44, 26.47, 26.45, 26.58, 26.64, 26.56, 26.94, 26.95, 26.94, 26.93, 26.94, 26.94], [27.1, 27.1, 27.1, 26.87, 26.9, 26.99, 26.93, 26.84, 26.32, 26.34, 26.65, 26.5, 26.54, 26.52, 26.94, 26.96, 26.95, 26.94, 26.94, 26.95], [27.1, 27.1, 27.1, 27.1, 27.1, 27.1, 27.1, 27.1, 26.92, 26.43, 26.1, 26.44, 26.48, 26.49, 26.94, 26.96, 26.95, 26.95, 26.95, 26.95], [27.1, 27.1, 27.1, 27.1, 27.1, 27.1, 27.1, 27.1, 27.1, -999.0, 26.1, 27.0, 27.0, 26.46, 26.94, 26.96, 26.96, 26.39, 26.4, 26.4], [27.1, 27.1, 27.1, 27.1, 27.1, 27.1, 27.1, 27.1, 27.1, 27.1, -999.0, 27.0, 27.0, 26.35, 26.63, 26.57, 26.58, 26.47, 26.48, 26.49], [27.1, 27.1, 27.1, 27.1, 27.1, 27.1, 27.1, 27.1, 27.1, 27.1, -999.0, 26.0, 26.0, 26.0, 26.55, 26.5, 26.51, 26.4, 26.42, 26.44], [27.1, 27.1, 27.1, 27.1, 27.1, 27.1, 27.1, 27.2, 27.2, 27.2, 27.2, 26.74, 26.0, 26.0, 26.0, 26.41, 26.44, 26.34, 26.37, 26.39], [27.1, 27.1, 27.16, 27.16, 27.17, 27.2, 27.2, 27.2, 27.2, 27.2, 26.44, 26.53, 26.41, 26.32, 26.43, 26.26, 26.3, 26.23, 26.42, 26.45], [27.16, 27.16, 27.14, 27.14, 27.2, 27.2, 27.2, 27.2, 27.2, 27.2, 26.68, 26.54, 26.38, 26.23, 26.22, 26.21, 26.28, 26.34, 26.38, 26.41], [27.14, 27.14, 27.14, 27.14, 27.2, 27.2, 27.2, 27.2, 27.2, 26.9, 26.73, 26.55, 26.37, 26.23, 26.03, 26.18, 26.29, 26.36, 26.4, 26.43], [27.14, 27.14, 27.14, 27.2, 27.2, 27.2, 27.2, 27.2, 27.09, 26.97, 26.84, 26.69, 26.46, 26.31, 26.17, 26.24, 26.33, 26.39, 26.43, 26.45], [27.14, 27.14, 27.14, 27.15, 27.15, 27.15, 27.16, 27.18, 27.08, 26.98, 26.85, 26.73, 26.51, 26.42, 26.31, 26.35, 26.4, 26.45, 26.47, 26.48], [27.14, 27.14, 27.14, 27.16, 27.16, 27.16, 27.17, 27.17, 26.99, 26.94, 26.86, 26.77, 26.56, 26.39, 26.41, 26.44, 26.48, 26.51, 26.52, 26.52], [27.15, 27.15, 27.15, 27.16, 27.16, 27.16, 27.16, 27.17, 26.96, 26.92, 26.87, 26.81, 26.58, 26.46, 26.49, 26.53, 26.56, 26.57, 26.56, 26.55], [27.15, 27.15, 27.15, 27.16, 27.16, 27.16, 27.16, 27.16, 27.15, 27.15, 27.15, 27.02, 26.85, 26.51, 26.54, 26.59, 26.62, 26.62, 26.6, 26.58], [27.16, 27.16, 27.16, 27.16, 27.16, 27.16, 27.15, 27.15, 27.14, 27.14, 27.14, 27.03, 26.86, 26.81, 26.77, 26.62, 26.68, 26.66, 26.63, 26.6], [27.16, 27.16, 27.16, 27.16, 27.16, 27.16, 27.15, 27.14, 27.13, 27.12, 27.13, 27.04, 27.01, 26.82, 26.78, 26.75, 26.66, 26.67, 26.63, 26.6], [27.16, 27.16, 27.16, 27.16, 27.16, 27.16, 27.15, 27.14, 27.13, 27.12, 27.08, 27.06, 27.02, 26.83, 26.79, 26.78, 26.75, 26.75, 26.62, 26.6], [27.16, 27.16, 27.16, 27.16, 27.16, 27.16, 27.15, 27.15, 27.15, 27.14, 27.09, 27.07, 27.04, 26.88, 26.84, 26.8, 26.78, 26.77, 26.77, 26.78], [27.16, 27.16, 27.16, 27.16, 27.16, 27.16, 27.16, 27.16, 27.16, 27.11, 27.12, 27.1, 27.06, 27.02, 26.86, 26.83, 26.81, 26.8, 26.79, 26.79], [27.16, 27.16, 27.16, 27.16, 27.16, 27.16, 27.16, 27.16, 27.17, 27.14, 27.17, 27.12, 27.08, 27.04, 26.89, 26.85, 26.83, 26.82, 26.81, 26.81], [27.16, 27.16, 27.16, 27.16, 27.16, 27.16, 27.16, 27.17, 27.11, 27.14, 27.16, 27.12, 27.08, 27.05, 26.91, 26.87, 26.85, 26.84, 26.83, 26.82], [27.16, 27.16, 27.16, 27.16, 27.16, 27.16, 27.17, 27.17, 27.1, 27.12, 27.12, 27.1, 27.08, 27.05, 26.92, 26.89, 26.87, 26.85, 26.84, 26.83], [27.16, 27.16, 27.16, 27.16, 27.17, 27.17, 27.17, 27.09, 27.09, 27.1, 27.1, 27.09, 27.07, 27.05, 26.92, 26.9, 26.88, 26.86, 26.85, 26.84]]}