gis_exercise/awsData/contour/temp_2023091012.json
{"header": {"refTime": "2023-09-10T12:00:00.000Z", "nx": 21, "ny": 33, "lo1": 113.509, "la1": 22.2235, "lo2": 113.5947, "la2": 22.1034, "dx": 0.0042850000000001385, "dy": 0.003753125000000024, "parameterCategory": 0, "parameterCategoryName": "Temperature", "parameterNumber": 0}, "z": [[25.26, 25.25, 25.25, 25.09, 25.1, 25.27, 25.27, 25.26, 25.27, 25.24, 25.26, 25.28, 25.41, 25.42, 25.34, 25.33, 25.37, 25.36, 25.35, 25.34], [25.26, 25.26, 25.25, 25.25, 25.1, 25.11, 25.26, 25.25, 25.25, 25.24, 25.26, 25.29, 25.42, 25.43, 25.35, 25.38, 25.36, 25.35, 25.34, 25.33], [25.26, 25.26, 25.25, 25.25, 25.1, 25.1, 25.12, 25.24, 25.21, 25.23, 25.27, 25.31, 25.44, 25.45, 25.41, 25.38, 25.35, 25.34, 25.33, 25.32], [25.27, 25.26, 25.26, 25.25, 25.24, 25.1, 25.11, 25.13, 25.15, 25.23, 25.28, 25.35, 25.48, 25.42, 25.41, 25.37, 25.34, 25.32, 25.31, 25.31], [25.27, 25.27, 25.27, 25.26, 25.25, 25.09, 25.09, 25.1, 25.1, 25.23, 25.28, 25.42, 25.53, 25.44, 25.41, 25.35, 25.31, 25.29, 25.28, 25.29], [25.28, 25.28, 25.27, 25.27, 25.26, 25.24, 25.08, 25.08, 25.07, 25.05, 25.28, 25.37, 25.46, 25.53, 25.39, 25.33, 25.26, 25.24, 25.25, 25.27], [25.32, 25.29, 25.29, 25.28, 25.27, 25.25, 25.15, 25.07, 25.06, 25.07, 25.07, 25.29, 25.49, 25.5, 25.37, 25.3, 25.2, 25.17, 25.19, 25.22], [25.33, 25.33, 25.33, 25.33, 25.32, 25.21, 25.17, 25.12, 25.09, 25.05, 24.97, 25.25, 25.25, 25.5, 25.21, 25.24, 25.18, 25.15, 25.19, 25.22], [25.27, 25.28, 25.35, 25.35, 25.36, 25.34, 25.29, 25.15, 25.04, 25.08, 25.09, 25.17, 25.2, 25.15, 25.22, 25.26, 25.22, 25.2, 25.21, 25.23], [25.5, 25.5, 25.5, 25.31, 25.34, 25.41, 25.36, 25.29, 24.99, 25.0, 25.2, 25.12, 25.15, 25.13, 25.22, 25.27, 25.24, 25.23, 25.23, 25.24], [25.5, 25.5, 25.5, 25.5, 25.5, 25.5, 25.5, 25.5, 25.36, 25.03, 24.9, 25.09, 25.11, 25.11, 25.22, 25.28, 25.26, 25.25, 25.25, 25.25], [25.5, 25.5, 25.5, 25.5, 25.5, 25.5, 25.5, 25.5, 25.5, -999.0, 24.9, 25.4, 25.4, 25.1, 25.21, 25.29, 25.28, 24.99, 24.99, 24.99], [25.5, 25.5, 25.5, 25.5, 25.5, 25.5, 25.5, 25.5, 25.5, 25.5, -999.0, 25.4, 25.4, 25.07, 25.22, 25.03, 25.03, 25.0, 25.01, 25.01], [25.5, 25.5, 25.5, 25.5, 25.5, 25.5, 25.5, 25.5, 25.5, 25.5, -999.0, 24.9, 24.9, 24.9, 25.17, 25.01, 25.01, 24.99, 24.99, 25.0], [25.5, 25.5, 25.5, 25.5, 25.5, 25.5, 25.5, 25.6, 25.6, 25.6, 25.6, 25.33, 24.9, 24.9, 24.9, 24.99, 25.0, 24.97, 24.98, 24.99], [25.5, 25.5, 25.56, 25.56, 25.57, 25.6, 25.6, 25.6, 25.6, 25.6, 25.16, 25.21, 25.14, 25.08, 25.15, 24.94, 24.94, 24.93, 24.98, 24.98], [25.56, 25.56, 25.54, 25.54, 25.6, 25.6, 25.6, 25.6, 25.6, 25.6, 25.3, 25.21, 25.12, 25.04, 24.99, 24.96, 24.98, 24.99, 25.01, 25.02], [25.54, 25.54, 25.54, 25.54, 25.6, 25.6, 25.6, 25.6, 25.6, 25.42, 25.33, 25.22, 25.11, 25.0, 24.91, 24.95, 24.98, 25.0, 25.01, 25.02], [25.54, 25.54, 25.54, 25.6, 25.6, 25.6, 25.6, 25.6, 25.54, 25.46, 25.34, 25.25, 25.11, 25.03, 24.95, 24.97, 24.99, 25.01, 25.02, 25.03], [25.54, 25.54, 25.43, 25.44, 25.45, 25.46, 25.49, 25.55, 25.5, 25.43, 25.34, 25.27, 25.13, 25.07, 24.98, 25.0, 25.01, 25.02, 25.03, 25.04], [25.42, 25.42, 25.43, 25.48, 25.48, 25.49, 25.5, 25.51, 25.42, 25.38, 25.33, 25.28, 25.15, 25.01, 25.01, 25.02, 25.03, 25.04, 25.04, 25.05], [25.46, 25.46, 25.46, 25.47, 25.47, 25.47, 25.47, 25.46, 25.37, 25.35, 25.32, 25.28, 25.06, 25.03, 25.03, 25.04, 25.05, 25.05, 25.06, 25.06], [25.45, 25.45, 25.45, 25.44, 25.44, 25.44, 25.43, 25.43, 25.42, 25.41, 25.41, 25.31, 25.17, 25.04, 25.05, 25.05, 25.05, 25.07, 25.07, 25.07], [25.44, 25.43, 25.43, 25.43, 25.43, 25.42, 25.41, 25.4, 25.38, 25.37, 25.38, 25.25, 25.18, 25.15, 25.13, 25.06, 25.04, 25.09, 25.09, 25.08], [25.43, 25.43, 25.43, 25.42, 25.42, 25.41, 25.4, 25.38, 25.35, 25.33, 25.36, 25.26, 25.24, 25.16, 25.14, 25.12, 25.1, 25.13, 25.1, 25.08], [25.43, 25.43, 25.42, 25.42, 25.41, 25.41, 25.39, 25.38, 25.35, 25.33, 25.29, 25.27, 25.25, 25.16, 25.14, 25.15, 25.14, 25.15, 25.09, 25.08], [25.42, 25.42, 25.42, 25.41, 25.41, 25.4, 25.39, 25.38, 25.37, 25.37, 25.3, 25.29, 25.27, 25.21, 25.18, 25.17, 25.16, 25.16, 25.15, 25.16], [25.42, 25.42, 25.42, 25.41, 25.41, 25.4, 25.39, 25.39, 25.38, 25.32, 25.33, 25.34, 25.33, 25.31, 25.2, 25.18, 25.17, 25.17, 25.16, 25.16], [25.42, 25.42, 25.41, 25.41, 25.41, 25.4, 25.4, 25.39, 25.39, 25.35, 25.38, 25.36, 25.34, 25.32, 25.22, 25.2, 25.18, 25.18, 25.17, 25.17], [25.42, 25.42, 25.41, 25.41, 25.41, 25.4, 25.4, 25.4, 25.35, 25.37, 25.37, 25.36, 25.34, 25.32, 25.23, 25.21, 25.19, 25.19, 25.18, 25.18], [25.42, 25.42, 25.41, 25.41, 25.41, 25.4, 25.4, 25.4, 25.35, 25.35, 25.36, 25.35, 25.34, 25.32, 25.23, 25.21, 25.2, 25.19, 25.19, 25.18], [25.42, 25.42, 25.41, 25.41, 25.41, 25.41, 25.4, 25.34, 25.34, 25.34, 25.34, 25.34, 25.33, 25.32, 25.23, 25.22, 25.21, 25.2, 25.19, 25.19]]}