gis_exercise/awsData/contour/temp_2023090814.json
{"header": {"refTime": "2023-09-08T14:00:00.000Z", "nx": 21, "ny": 33, "lo1": 113.509, "la1": 22.2235, "lo2": 113.5947, "la2": 22.1034, "dx": 0.0042850000000001385, "dy": 0.003753125000000024, "parameterCategory": 0, "parameterCategoryName": "Temperature", "parameterNumber": 0}, "z": [[24.95, 24.93, 24.91, 24.64, 24.62, 24.76, 24.74, 24.71, 24.71, 24.68, 24.75, 24.82, 25.0, 25.03, 25.06, 25.08, 25.36, 25.36, 25.37, 25.37], [24.96, 24.94, 24.92, 24.89, 24.63, 24.6, 24.71, 24.66, 24.63, 24.63, 24.74, 24.84, 25.03, 25.06, 25.08, 25.36, 25.36, 25.37, 25.37, 25.37], [24.97, 24.96, 24.94, 24.91, 24.64, 24.61, 24.57, 24.61, 24.45, 24.59, 24.77, 24.9, 25.07, 25.1, 25.35, 25.36, 25.36, 25.37, 25.37, 25.37], [24.99, 24.98, 24.96, 24.94, 24.9, 24.64, 24.6, 24.55, 24.5, 24.65, 24.83, 25.0, 25.15, 25.33, 25.35, 25.36, 25.37, 25.37, 25.37, 25.37], [25.01, 25.01, 24.99, 24.97, 24.94, 24.68, 24.67, 24.64, 24.63, 24.91, 24.92, 25.34, 25.31, 25.33, 25.35, 25.36, 25.37, 25.37, 25.38, 25.38], [25.04, 25.04, 25.03, 25.02, 25.0, 24.97, 24.74, 24.75, 24.67, 24.63, 25.36, 25.33, 25.32, 25.33, 25.36, 25.37, 25.38, 25.38, 25.38, 25.38], [25.33, 25.07, 25.07, 25.07, 25.06, 25.04, 25.3, 24.77, 24.79, 25.2, 25.16, 25.35, 25.36, 25.35, 25.37, 25.37, 25.39, 25.39, 25.38, 25.38], [25.34, 25.35, 25.35, 25.34, 25.33, 25.29, 25.22, 25.17, 25.05, 25.19, 25.17, 25.4, 25.4, 25.35, 25.4, 25.4, 25.4, 25.4, 25.4, 25.4], [25.26, 25.27, 25.37, 25.38, 25.38, 25.36, 25.29, 25.18, 25.0, 25.21, 25.4, 25.4, 25.4, 25.4, 25.4, 25.4, 25.4, 25.4, 25.4, 25.4], [25.6, 25.6, 25.6, 25.32, 25.36, 25.46, 25.39, 25.29, 25.0, 25.0, 25.4, 25.4, 25.4, 25.4, 25.4, 25.4, 25.4, 25.4, 25.4, 25.4], [25.6, 25.6, 25.6, 25.6, 25.6, 25.6, 25.6, 25.6, 25.39, 25.0, -999.0, 25.4, 25.4, 25.4, 25.4, 25.4, 25.4, 25.4, 25.4, 25.4], [25.6, 25.6, 25.6, 25.6, 25.6, 25.6, 25.6, 25.6, 25.6, -999.0, -999.0, 25.4, 25.4, 25.4, 25.4, 25.4, 25.4, 24.95, 24.96, 24.96], [25.6, 25.6, 25.6, 25.6, 25.6, 25.6, 25.6, 25.6, 25.6, 25.6, -999.0, 25.4, 25.4, 24.88, 25.11, 25.11, 25.11, 25.02, 25.03, 25.04], [25.6, 25.6, 25.6, 25.6, 25.6, 25.6, 25.6, 25.6, 25.6, 25.6, -999.0, 24.6, 24.6, 24.6, 25.04, 25.04, 25.05, 24.95, 24.98, 24.99], [25.6, 25.6, 25.6, 25.6, 25.6, 25.6, 25.6, 25.4, 25.4, 25.4, 25.4, 25.09, 24.6, 24.6, 24.6, 24.97, 24.99, 24.9, 24.93, 24.95], [25.6, 25.6, 25.47, 25.47, 25.47, 25.4, 25.4, 25.4, 25.4, 25.4, 24.9, 24.95, 24.88, 24.81, 24.89, 24.82, 24.85, 24.79, 24.97, 25.0], [25.47, 25.47, 25.53, 25.53, 25.4, 25.4, 25.4, 25.4, 25.4, 25.4, 25.06, 24.96, 24.85, 24.76, 24.76, 24.79, 24.86, 24.91, 24.95, 24.98], [25.53, 25.53, 25.52, 25.52, 25.4, 25.4, 25.4, 25.4, 25.4, 25.2, 25.09, 24.97, 24.84, 24.77, 24.62, 24.77, 24.87, 24.93, 24.97, 25.0], [25.52, 25.52, 25.52, 25.4, 25.4, 25.4, 25.4, 25.4, 25.33, 25.24, 25.19, 25.09, 24.93, 24.82, 24.76, 24.83, 24.91, 24.96, 25.0, 25.02], [25.52, 25.52, 25.46, 25.45, 25.45, 25.45, 25.44, 25.42, 25.34, 25.28, 25.21, 25.12, 24.97, 24.91, 24.88, 24.92, 24.97, 25.01, 25.04, 25.05], [25.46, 25.46, 25.46, 25.44, 25.44, 25.44, 25.43, 25.43, 25.3, 25.27, 25.22, 25.16, 25.01, 24.96, 24.98, 25.01, 25.04, 25.07, 25.08, 25.08], [25.45, 25.45, 25.45, 25.44, 25.44, 25.44, 25.44, 25.45, 25.3, 25.28, 25.24, 25.2, 25.09, 25.02, 25.05, 25.08, 25.11, 25.12, 25.12, 25.11], [25.45, 25.45, 25.45, 25.46, 25.46, 25.46, 25.46, 25.46, 25.47, 25.47, 25.47, 25.39, 25.34, 25.07, 25.1, 25.14, 25.17, 25.17, 25.16, 25.14], [25.46, 25.46, 25.46, 25.47, 25.47, 25.47, 25.47, 25.47, 25.48, 25.48, 25.48, 25.43, 25.35, 25.32, 25.29, 25.17, 25.2, 25.22, 25.19, 25.16], [25.47, 25.47, 25.47, 25.47, 25.47, 25.47, 25.48, 25.48, 25.49, 25.49, 25.49, 25.44, 25.41, 25.32, 25.3, 25.28, 25.22, 25.24, 25.2, 25.17], [25.47, 25.47, 25.47, 25.47, 25.47, 25.48, 25.48, 25.48, 25.49, 25.49, 25.46, 25.44, 25.42, 25.33, 25.31, 25.29, 25.28, 25.28, 25.18, 25.16], [25.47, 25.47, 25.47, 25.47, 25.47, 25.48, 25.48, 25.48, 25.49, 25.49, 25.46, 25.45, 25.43, 25.34, 25.32, 25.3, 25.3, 25.29, 25.29, 25.29], [25.47, 25.47, 25.47, 25.47, 25.48, 25.48, 25.48, 25.48, 25.49, 25.47, 25.47, 25.47, 25.46, 25.44, 25.33, 25.32, 25.31, 25.3, 25.3, 25.3], [25.47, 25.47, 25.47, 25.48, 25.48, 25.48, 25.48, 25.49, 25.49, 25.48, 25.49, 25.48, 25.46, 25.45, 25.35, 25.33, 25.32, 25.31, 25.31, 25.31], [25.47, 25.47, 25.47, 25.48, 25.48, 25.48, 25.48, 25.49, 25.48, 25.48, 25.49, 25.48, 25.46, 25.45, 25.35, 25.34, 25.33, 25.32, 25.32, 25.31], [25.47, 25.47, 25.48, 25.48, 25.48, 25.48, 25.48, 25.48, 25.47, 25.48, 25.48, 25.47, 25.46, 25.45, 25.36, 25.34, 25.33, 25.33, 25.32, 25.32], [25.47, 25.47, 25.48, 25.48, 25.48, 25.48, 25.48, 25.47, 25.47, 25.47, 25.47, 25.46, 25.46, 25.45, 25.36, 25.35, 25.34, 25.33, 25.33, 25.32]]}