gis_exercise/awsData/contour/temp_2023090813.json
{"header": {"refTime": "2023-09-08T13:00:00.000Z", "nx": 21, "ny": 33, "lo1": 113.509, "la1": 22.2235, "lo2": 113.5947, "la2": 22.1034, "dx": 0.0042850000000001385, "dy": 0.003753125000000024, "parameterCategory": 0, "parameterCategoryName": "Temperature", "parameterNumber": 0}, "z": [[24.35, 24.34, 24.34, 24.2, 24.2, 24.27, 24.27, 24.26, 24.27, 24.28, 24.29, 24.31, 24.44, 24.45, 24.5, 24.51, 24.66, 24.67, 24.67, 24.68], [24.35, 24.35, 24.34, 24.33, 24.2, 24.2, 24.26, 24.25, 24.25, 24.26, 24.29, 24.32, 24.45, 24.46, 24.5, 24.65, 24.66, 24.67, 24.68, 24.68], [24.36, 24.35, 24.34, 24.33, 24.2, 24.2, 24.2, 24.24, 24.21, 24.26, 24.3, 24.33, 24.46, 24.47, 24.64, 24.65, 24.67, 24.68, 24.68, 24.69], [24.37, 24.36, 24.35, 24.34, 24.33, 24.2, 24.2, 24.2, 24.2, 24.27, 24.31, 24.36, 24.48, 24.49, 24.63, 24.66, 24.68, 24.69, 24.69, 24.69], [24.38, 24.37, 24.36, 24.35, 24.34, 24.2, 24.2, 24.2, 24.2, 24.29, 24.32, 24.48, 24.49, 24.49, 24.64, 24.67, 24.69, 24.7, 24.71, 24.7], [24.39, 24.38, 24.38, 24.37, 24.36, 24.34, 24.2, 24.2, 24.2, 24.2, 24.44, 24.48, 24.5, 24.57, 24.65, 24.68, 24.72, 24.73, 24.72, 24.71], [24.48, 24.4, 24.4, 24.39, 24.38, 24.36, 24.33, 24.2, 24.2, 24.3, 24.33, 24.48, 24.61, 24.6, 24.67, 24.7, 24.75, 24.77, 24.74, 24.73], [24.49, 24.49, 24.49, 24.49, 24.48, 24.39, 24.34, 24.27, 24.23, 24.28, 24.26, 24.55, 24.55, 24.6, 24.76, 24.75, 24.77, 24.78, 24.77, 24.76], [24.41, 24.42, 24.51, 24.52, 24.52, 24.5, 24.44, 24.32, 24.2, 24.31, 24.39, 24.47, 24.5, 24.45, 24.76, 24.75, 24.76, 24.77, 24.76, 24.76], [24.7, 24.7, 24.7, 24.47, 24.5, 24.59, 24.53, 24.44, 24.2, 24.2, 24.5, 24.42, 24.45, 24.43, 24.76, 24.74, 24.75, 24.76, 24.76, 24.75], [24.7, 24.7, 24.7, 24.7, 24.7, 24.7, 24.7, 24.7, 24.52, 24.2, 24.2, 24.39, 24.41, 24.41, 24.76, 24.74, 24.75, 24.75, 24.75, 24.75], [24.7, 24.7, 24.7, 24.7, 24.7, 24.7, 24.7, 24.7, 24.7, -999.0, 24.2, 24.7, 24.7, 24.4, 24.76, 24.74, 24.74, 24.23, 24.25, 24.25], [24.7, 24.7, 24.7, 24.7, 24.7, 24.7, 24.7, 24.7, 24.7, 24.7, -999.0, 24.7, 24.7, 24.11, 24.37, 24.44, 24.44, 24.32, 24.34, 24.35], [24.7, 24.7, 24.7, 24.7, 24.7, 24.7, 24.7, 24.7, 24.7, 24.7, -999.0, 23.8, 23.8, 23.8, 24.29, 24.35, 24.37, 24.24, 24.27, 24.29], [24.7, 24.7, 24.7, 24.7, 24.7, 24.7, 24.7, 24.7, 24.7, 24.7, 24.7, 24.35, 23.8, 23.8, 23.8, 24.26, 24.29, 24.17, 24.21, 24.24], [24.7, 24.7, 24.7, 24.7, 24.7, 24.7, 24.7, 24.7, 24.7, 24.7, 24.13, 24.2, 24.11, 24.04, 24.12, 23.95, 23.97, 23.93, 24.17, 24.2], [24.7, 24.7, 24.7, 24.7, 24.7, 24.7, 24.7, 24.7, 24.7, 24.7, 24.31, 24.2, 24.08, 23.98, 23.95, 23.96, 24.02, 24.06, 24.1, 24.12], [24.7, 24.7, 24.7, 24.7, 24.7, 24.7, 24.7, 24.7, 24.7, 24.47, 24.35, 24.22, 24.08, 23.96, 23.82, 23.94, 24.02, 24.08, 24.11, 24.13], [24.7, 24.7, 24.7, 24.7, 24.7, 24.7, 24.7, 24.7, 24.62, 24.52, 24.46, 24.35, 24.12, 24.01, 23.93, 23.99, 24.06, 24.1, 24.13, 24.15], [24.7, 24.7, 24.76, 24.75, 24.75, 24.75, 24.74, 24.72, 24.63, 24.56, 24.48, 24.39, 24.16, 24.09, 24.03, 24.07, 24.11, 24.14, 24.16, 24.18], [24.76, 24.76, 24.76, 24.74, 24.74, 24.74, 24.73, 24.73, 24.58, 24.55, 24.49, 24.43, 24.19, 24.1, 24.11, 24.14, 24.17, 24.19, 24.2, 24.2], [24.75, 24.75, 24.75, 24.74, 24.74, 24.74, 24.74, 24.75, 24.58, 24.56, 24.52, 24.47, 24.25, 24.15, 24.17, 24.2, 24.22, 24.23, 24.24, 24.23], [24.75, 24.75, 24.75, 24.76, 24.76, 24.76, 24.76, 24.76, 24.77, 24.77, 24.77, 24.61, 24.51, 24.19, 24.21, 24.24, 24.25, 24.27, 24.27, 24.26], [24.76, 24.76, 24.76, 24.77, 24.77, 24.77, 24.77, 24.77, 24.78, 24.78, 24.78, 24.65, 24.52, 24.47, 24.42, 24.27, 24.25, 24.32, 24.3, 24.28], [24.77, 24.77, 24.77, 24.77, 24.77, 24.77, 24.78, 24.78, 24.79, 24.79, 24.79, 24.67, 24.62, 24.48, 24.43, 24.4, 24.34, 24.39, 24.32, 24.29], [24.77, 24.77, 24.77, 24.77, 24.77, 24.78, 24.78, 24.78, 24.79, 24.79, 24.73, 24.68, 24.64, 24.49, 24.45, 24.42, 24.42, 24.42, 24.31, 24.29], [24.77, 24.77, 24.77, 24.77, 24.77, 24.78, 24.78, 24.78, 24.79, 24.79, 24.72, 24.69, 24.65, 24.51, 24.48, 24.45, 24.44, 24.43, 24.43, 24.43], [24.77, 24.77, 24.77, 24.77, 24.78, 24.78, 24.78, 24.78, 24.79, 24.74, 24.74, 24.76, 24.74, 24.71, 24.5, 24.47, 24.46, 24.45, 24.45, 24.45], [24.77, 24.77, 24.77, 24.78, 24.78, 24.78, 24.78, 24.79, 24.79, 24.76, 24.79, 24.76, 24.74, 24.72, 24.52, 24.49, 24.48, 24.46, 24.46, 24.46], [24.77, 24.77, 24.77, 24.78, 24.78, 24.78, 24.78, 24.79, 24.76, 24.77, 24.78, 24.76, 24.74, 24.72, 24.54, 24.51, 24.49, 24.48, 24.47, 24.47], [24.77, 24.77, 24.78, 24.78, 24.78, 24.78, 24.78, 24.78, 24.76, 24.76, 24.76, 24.75, 24.74, 24.73, 24.55, 24.52, 24.5, 24.49, 24.48, 24.48], [24.77, 24.77, 24.78, 24.78, 24.78, 24.78, 24.78, 24.75, 24.75, 24.75, 24.75, 24.75, 24.74, 24.72, 24.55, 24.53, 24.51, 24.5, 24.49, 24.48]]}