gis_exercise/awsData/contour/temp_2023091114.json
{"header": {"refTime": "2023-09-11T14:00:00.000Z", "nx": 21, "ny": 33, "lo1": 113.509, "la1": 22.2235, "lo2": 113.5947, "la2": 22.1034, "dx": 0.0042850000000001385, "dy": 0.003753125000000024, "parameterCategory": 0, "parameterCategoryName": "Temperature", "parameterNumber": 0}, "z": [[26.65, 26.64, 26.64, 26.37, 26.38, 26.66, 26.65, 26.65, 26.65, 26.58, 26.61, 26.64, 26.9, 26.92, 26.85, 26.84, 26.97, 26.96, 26.95, 26.94], [26.65, 26.65, 26.64, 26.63, 26.38, 26.39, 26.64, 26.62, 26.61, 26.57, 26.61, 26.66, 26.92, 26.94, 26.87, 26.98, 26.96, 26.95, 26.94, 26.93], [26.66, 26.65, 26.64, 26.63, 26.38, 26.39, 26.4, 26.6, 26.53, 26.56, 26.62, 26.7, 26.96, 26.98, 27.01, 26.98, 26.95, 26.94, 26.93, 26.92], [26.67, 26.66, 26.65, 26.64, 26.63, 26.38, 26.39, 26.41, 26.43, 26.56, 26.64, 26.76, 27.03, 26.92, 27.01, 26.97, 26.94, 26.92, 26.91, 26.91], [26.68, 26.67, 26.66, 26.65, 26.64, 26.37, 26.38, 26.38, 26.38, 26.55, 26.64, 26.93, 27.09, 26.96, 27.01, 26.95, 26.91, 26.89, 26.88, 26.89], [26.69, 26.68, 26.68, 26.67, 26.66, 26.64, 26.37, 26.37, 26.35, 26.3, 26.69, 26.85, 26.98, 27.13, 26.99, 26.93, 26.86, 26.84, 26.85, 26.87], [26.78, 26.7, 26.7, 26.69, 26.68, 26.66, 26.5, 26.38, 26.36, 26.37, 26.35, 26.72, 27.09, 27.1, 26.97, 26.9, 26.8, 26.77, 26.79, 26.82], [26.79, 26.79, 26.79, 26.79, 26.78, 26.58, 26.53, 26.48, 26.47, 26.33, 26.16, 26.69, 26.7, 27.1, 26.81, 26.84, 26.78, 26.75, 26.79, 26.82], [26.71, 26.72, 26.81, 26.82, 26.82, 26.8, 26.74, 26.51, 26.34, 26.39, 26.38, 26.53, 26.6, 26.51, 26.82, 26.86, 26.82, 26.8, 26.81, 26.83], [27.0, 27.0, 27.0, 26.77, 26.8, 26.89, 26.83, 26.74, 26.22, 26.24, 26.61, 26.44, 26.49, 26.47, 26.82, 26.87, 26.84, 26.83, 26.83, 26.84], [27.0, 27.0, 27.0, 27.0, 27.0, 27.0, 27.0, 27.0, 26.82, 26.33, 26.0, 26.38, 26.43, 26.43, 26.82, 26.88, 26.86, 26.85, 26.85, 26.85], [27.0, 27.0, 27.0, 27.0, 27.0, 27.0, 27.0, 27.0, 27.0, -999.0, 26.0, 27.0, 27.0, 26.4, 26.81, 26.89, 26.88, 26.42, 26.42, 26.42], [27.0, 27.0, 27.0, 27.0, 27.0, 27.0, 27.0, 27.0, 27.0, 27.0, -999.0, 27.0, 27.0, 26.48, 26.71, 26.52, 26.52, 26.46, 26.47, 26.47], [27.0, 27.0, 27.0, 27.0, 27.0, 27.0, 27.0, 27.0, 27.0, 27.0, -999.0, 26.2, 26.2, 26.2, 26.64, 26.48, 26.48, 26.42, 26.43, 26.45], [27.0, 27.0, 27.0, 27.0, 27.0, 27.0, 27.0, 27.3, 27.3, 27.3, 27.3, 26.88, 26.2, 26.2, 26.2, 26.43, 26.44, 26.39, 26.4, 26.42], [27.0, 27.0, 27.19, 27.19, 27.2, 27.3, 27.3, 27.3, 27.3, 27.3, 26.61, 26.69, 26.58, 26.49, 26.59, 26.38, 26.41, 26.36, 26.47, 26.48], [27.19, 27.19, 27.11, 27.11, 27.3, 27.3, 27.3, 27.3, 27.3, 27.3, 26.83, 26.69, 26.55, 26.41, 26.39, 26.38, 26.44, 26.49, 26.52, 26.55], [27.11, 27.11, 27.12, 27.12, 27.3, 27.3, 27.3, 27.3, 27.3, 27.02, 26.87, 26.71, 26.54, 26.4, 26.23, 26.36, 26.44, 26.5, 26.54, 26.56], [27.11, 27.12, 27.12, 27.3, 27.3, 27.3, 27.3, 27.3, 27.2, 27.09, 26.93, 26.79, 26.59, 26.46, 26.34, 26.41, 26.48, 26.53, 26.57, 26.59], [27.12, 27.12, 27.13, 27.14, 27.15, 27.16, 27.19, 27.25, 27.16, 27.06, 26.94, 26.82, 26.64, 26.55, 26.46, 26.49, 26.54, 26.58, 26.6, 26.61], [27.12, 27.12, 27.13, 27.18, 27.18, 27.19, 27.2, 27.21, 27.06, 27.01, 26.93, 26.84, 26.68, 26.53, 26.55, 26.57, 26.61, 26.63, 26.64, 26.64], [27.16, 27.16, 27.16, 27.17, 27.17, 27.17, 27.17, 27.18, 27.0, 26.97, 26.92, 26.86, 26.62, 26.59, 26.61, 26.64, 26.67, 26.68, 26.68, 26.67], [27.15, 27.15, 27.15, 27.17, 27.16, 27.16, 27.16, 27.15, 27.14, 27.13, 27.13, 27.01, 26.87, 26.63, 26.66, 26.69, 26.71, 26.72, 26.71, 26.7], [27.16, 27.16, 27.16, 27.16, 27.15, 27.15, 27.14, 27.12, 27.1, 27.09, 27.1, 26.98, 26.88, 26.85, 26.83, 26.72, 26.73, 26.77, 26.74, 26.72], [27.16, 27.16, 27.16, 27.15, 27.15, 27.14, 27.13, 27.1, 27.07, 27.04, 27.08, 26.99, 26.97, 26.86, 26.84, 26.82, 26.78, 26.81, 26.76, 26.73], [27.16, 27.16, 27.15, 27.15, 27.14, 27.14, 27.12, 27.1, 27.07, 27.05, 27.01, 27.01, 26.98, 26.86, 26.84, 26.86, 26.86, 26.86, 26.75, 26.72], [27.16, 27.16, 27.15, 27.15, 27.14, 27.14, 27.13, 27.11, 27.1, 27.1, 27.04, 27.03, 27.01, 26.94, 26.91, 26.89, 26.87, 26.87, 26.87, 26.87], [27.16, 27.15, 27.15, 27.15, 27.14, 27.14, 27.13, 27.13, 27.13, 27.08, 27.09, 27.1, 27.07, 27.05, 26.93, 26.91, 26.89, 26.89, 26.88, 26.88], [27.16, 27.15, 27.15, 27.15, 27.15, 27.14, 27.14, 27.14, 27.15, 27.12, 27.17, 27.12, 27.09, 27.07, 26.95, 26.93, 26.91, 26.9, 26.89, 26.89], [27.16, 27.15, 27.15, 27.15, 27.15, 27.15, 27.15, 27.15, 27.11, 27.14, 27.16, 27.13, 27.1, 27.07, 26.97, 26.94, 26.92, 26.91, 26.91, 26.9], [27.16, 27.15, 27.15, 27.15, 27.15, 27.15, 27.15, 27.15, 27.1, 27.12, 27.12, 27.11, 27.09, 27.07, 26.97, 26.95, 26.94, 26.92, 26.92, 26.91], [27.16, 27.15, 27.15, 27.15, 27.15, 27.15, 27.15, 27.09, 27.1, 27.1, 27.1, 27.1, 27.09, 27.07, 26.98, 26.96, 26.94, 26.93, 26.92, 26.92]]}