gis_exercise/awsData/contour/temp_2023091311.json
{"header": {"refTime": "2023-09-13T11:00:00.000Z", "nx": 21, "ny": 33, "lo1": 113.509, "la1": 22.2235, "lo2": 113.5947, "la2": 22.1034, "dx": 0.0042850000000001385, "dy": 0.003753125000000024, "parameterCategory": 0, "parameterCategoryName": "Temperature", "parameterNumber": 0}, "z": [[28.18, 28.18, 28.17, 27.96, 27.97, 28.14, 28.14, 28.14, 28.15, 28.19, 28.21, 28.23, 28.44, 28.46, 28.22, 28.2, 28.34, 28.32, 28.31, 28.3], [28.19, 28.18, 28.17, 28.16, 27.97, 27.98, 28.13, 28.13, 28.14, 28.18, 28.21, 28.25, 28.46, 28.48, 28.23, 28.36, 28.33, 28.31, 28.29, 28.28], [28.2, 28.19, 28.18, 28.17, 27.96, 27.97, 27.99, 28.12, 28.11, 28.16, 28.22, 28.27, 28.48, 28.5, 28.4, 28.35, 28.31, 28.28, 28.27, 28.26], [28.2, 28.2, 28.19, 28.17, 28.16, 27.96, 27.98, 28.0, 28.03, 28.18, 28.24, 28.32, 28.52, 28.48, 28.4, 28.34, 28.28, 28.24, 28.23, 28.23], [28.21, 28.21, 28.2, 28.18, 28.16, 27.94, 27.95, 27.96, 27.97, 28.18, 28.25, 28.48, 28.55, 28.5, 28.4, 28.31, 28.23, 28.18, 28.18, 28.2], [28.23, 28.22, 28.21, 28.2, 28.18, 28.15, 27.92, 27.92, 27.92, 27.92, 28.36, 28.45, 28.52, 28.63, 28.38, 28.26, 28.14, 28.09, 28.12, 28.16], [28.3, 28.24, 28.24, 28.23, 28.21, 28.17, 28.05, 27.88, 27.87, 28.02, 28.08, 28.41, 28.66, 28.65, 28.37, 28.21, 28.02, 27.94, 27.95, 28.0], [28.32, 28.32, 28.32, 28.32, 28.3, 28.16, 28.08, 27.95, 27.86, 28.0, 27.99, 28.45, 28.46, 28.65, 28.14, 28.23, 28.04, 27.96, 28.08, 28.15], [28.18, 28.2, 28.36, 28.37, 28.38, 28.34, 28.23, 28.04, 27.83, 28.03, 28.21, 28.33, 28.38, 28.31, 28.16, 28.27, 28.15, 28.11, 28.13, 28.18], [28.7, 28.7, 28.7, 28.28, 28.34, 28.5, 28.39, 28.23, 27.86, 27.85, 28.39, 28.25, 28.3, 28.27, 28.16, 28.31, 28.23, 28.2, 28.19, 28.21], [28.7, 28.7, 28.7, 28.7, 28.7, 28.7, 28.7, 28.7, 28.38, 27.83, 27.9, 28.2, 28.24, 28.24, 28.15, 28.34, 28.28, 28.25, 28.24, 28.25], [28.7, 28.7, 28.7, 28.7, 28.7, 28.7, 28.7, 28.7, 28.7, -999.0, 27.9, 28.7, 28.7, 28.22, 28.14, 28.37, 28.33, 28.08, 28.08, 28.08], [28.7, 28.7, 28.7, 28.7, 28.7, 28.7, 28.7, 28.7, 28.7, 28.7, -999.0, 28.7, 28.7, 28.44, 28.55, 27.98, 27.98, 28.04, 28.03, 28.03], [28.7, 28.7, 28.7, 28.7, 28.7, 28.7, 28.7, 28.7, 28.7, 28.7, -999.0, 28.3, 28.3, 28.3, 28.52, 28.02, 28.02, 28.08, 28.07, 28.05], [28.7, 28.7, 28.7, 28.7, 28.7, 28.7, 28.7, 29.6, 29.6, 29.6, 29.6, 29.1, 28.3, 28.3, 28.3, 28.07, 28.06, 28.11, 28.1, 28.08], [28.7, 28.7, 29.27, 29.28, 29.29, 29.6, 29.6, 29.6, 29.6, 29.6, 28.78, 28.87, 28.75, 28.64, 28.76, 28.08, 28.05, 28.11, 28.01, 27.99], [29.28, 29.28, 29.02, 29.03, 29.6, 29.6, 29.6, 29.6, 29.6, 29.6, 29.04, 28.88, 28.71, 28.55, 28.39, 28.39, 28.42, 28.45, 28.47, 28.49], [29.02, 29.03, 29.05, 29.07, 29.6, 29.6, 29.6, 29.6, 29.6, 29.27, 29.1, 28.9, 28.7, 28.41, 28.31, 28.38, 28.42, 28.45, 28.48, 28.49], [29.04, 29.05, 29.07, 29.6, 29.6, 29.6, 29.6, 29.6, 29.48, 29.35, 29.21, 29.04, 28.55, 28.43, 28.37, 28.4, 28.44, 28.47, 28.49, 28.51], [29.05, 29.07, 29.54, 29.55, 29.55, 29.55, 29.56, 29.58, 29.47, 29.36, 29.23, 29.09, 28.55, 28.45, 28.42, 28.43, 28.46, 28.48, 28.5, 28.52], [29.54, 29.54, 29.54, 29.56, 29.56, 29.56, 29.57, 29.57, 29.37, 29.32, 29.23, 29.13, 28.54, 28.45, 28.45, 28.46, 28.47, 28.49, 28.52, 28.54], [29.55, 29.55, 29.55, 29.56, 29.56, 29.56, 29.56, 29.55, 29.34, 29.3, 29.25, 29.18, 28.5, 28.48, 28.47, 28.46, 28.46, 28.5, 28.54, 28.56], [29.55, 29.55, 29.55, 29.54, 29.54, 29.54, 29.54, 29.54, 29.53, 29.53, 29.53, 29.06, 28.93, 28.5, 28.49, 28.45, 28.38, 28.49, 28.58, 28.6], [29.54, 29.54, 29.54, 29.53, 29.53, 29.53, 29.53, 29.53, 29.52, 29.52, 29.52, 29.06, 28.96, 28.85, 28.74, 28.47, 28.12, 28.65, 28.68, 28.65], [29.53, 29.53, 29.53, 29.53, 29.53, 29.53, 29.52, 29.52, 29.51, 29.51, 29.51, 29.12, 28.96, 28.88, 28.79, 28.72, 28.77, 29.02, 28.77, 28.68], [29.53, 29.53, 29.53, 29.53, 29.53, 29.52, 29.52, 29.52, 29.51, 29.51, 29.28, 29.15, 29.01, 28.91, 28.84, 28.82, 28.87, 28.91, 28.75, 28.69], [29.53, 29.53, 29.53, 29.53, 29.53, 29.52, 29.52, 29.52, 29.51, 29.51, 29.27, 29.18, 29.06, 28.96, 28.9, 28.87, 28.87, 28.88, 28.88, 28.86], [29.53, 29.53, 29.53, 29.53, 29.52, 29.52, 29.52, 29.52, 29.51, 29.32, 29.31, 29.51, 29.52, 29.53, 28.95, 28.91, 28.9, 28.89, 28.88, 28.88], [29.53, 29.53, 29.53, 29.52, 29.52, 29.52, 29.52, 29.51, 29.51, 29.37, 29.5, 29.51, 29.52, 29.53, 28.99, 28.95, 28.92, 28.91, 28.9, 28.89], [29.53, 29.53, 29.53, 29.52, 29.52, 29.52, 29.52, 29.51, 29.51, 29.51, 29.51, 29.51, 29.52, 29.53, 29.02, 28.97, 28.94, 28.92, 28.91, 28.9], [29.53, 29.53, 29.52, 29.52, 29.52, 29.52, 29.52, 29.52, 29.51, 29.51, 29.51, 29.52, 29.52, 29.52, 29.03, 28.99, 28.96, 28.94, 28.93, 28.91], [29.53, 29.53, 29.52, 29.52, 29.52, 29.52, 29.52, 29.52, 29.52, 29.52, 29.52, 29.52, 29.52, 29.53, 29.04, 29.0, 28.98, 28.95, 28.94, 28.93]]}