gis_exercise/awsData/contour/temp_2023091204.json
{"header": {"refTime": "2023-09-12T04:00:00.000Z", "nx": 21, "ny": 33, "lo1": 113.509, "la1": 22.2235, "lo2": 113.5947, "la2": 22.1034, "dx": 0.0042850000000001385, "dy": 0.003753125000000024, "parameterCategory": 0, "parameterCategoryName": "Temperature", "parameterNumber": 0}, "z": [[26.13, 26.12, 26.12, 25.89, 25.9, 26.14, 26.14, 26.14, 26.15, 26.09, 26.1, 26.11, 26.31, 26.32, 26.32, 26.32, 26.38, 26.37, 26.37, 26.37], [26.13, 26.13, 26.12, 26.12, 25.9, 25.91, 26.13, 26.13, 26.14, 26.09, 26.1, 26.12, 26.32, 26.33, 26.33, 26.38, 26.37, 26.37, 26.37, 26.36], [26.13, 26.13, 26.12, 26.12, 25.89, 25.91, 25.94, 26.12, 26.11, 26.09, 26.11, 26.14, 26.34, 26.35, 26.39, 26.38, 26.37, 26.37, 26.36, 26.36], [26.14, 26.13, 26.13, 26.12, 26.11, 25.9, 25.92, 25.96, 25.99, 26.08, 26.11, 26.18, 26.38, 26.26, 26.39, 26.38, 26.37, 26.36, 26.36, 26.35], [26.14, 26.14, 26.13, 26.13, 26.11, 25.88, 25.89, 25.9, 25.9, 26.04, 26.09, 26.27, 26.4, 26.29, 26.39, 26.37, 26.36, 26.35, 26.35, 26.35], [26.15, 26.14, 26.14, 26.13, 26.12, 26.1, 25.86, 25.86, 25.84, 25.8, 26.06, 26.2, 26.31, 26.43, 26.38, 26.36, 26.34, 26.34, 26.34, 26.34], [26.18, 26.15, 26.15, 26.15, 26.13, 26.11, 25.92, 25.84, 25.82, 25.79, 25.78, 26.09, 26.39, 26.4, 26.37, 26.35, 26.33, 26.32, 26.34, 26.35], [26.19, 26.19, 26.19, 26.19, 26.18, 26.0, 25.95, 25.9, 25.88, 25.76, 25.63, 26.05, 26.06, 26.4, 26.3, 26.3, 26.3, 26.3, 26.3, 26.3], [26.11, 26.12, 26.21, 26.22, 26.22, 26.2, 26.14, 25.93, 25.77, 25.82, 25.81, 25.93, 25.98, 25.91, 26.3, 26.3, 26.3, 26.3, 26.3, 26.3], [26.4, 26.4, 26.4, 26.17, 26.2, 26.29, 26.23, 26.14, 25.67, 25.69, 25.99, 25.85, 25.9, 25.87, 26.3, 26.3, 26.3, 26.3, 26.3, 26.3], [26.4, 26.4, 26.4, 26.4, 26.4, 26.4, 26.4, 26.4, 26.22, 25.76, 25.5, 25.8, 25.84, 25.84, 26.3, 26.3, 26.3, 26.3, 26.3, 26.3], [26.4, 26.4, 26.4, 26.4, 26.4, 26.4, 26.4, 26.4, 26.4, -999.0, 25.5, 26.3, 26.3, 25.82, 26.3, 26.3, 26.3, 25.73, 25.75, 25.75], [26.4, 26.4, 26.4, 26.4, 26.4, 26.4, 26.4, 26.4, 26.4, 26.4, -999.0, 26.3, 26.3, 25.65, 25.93, 25.94, 25.94, 25.82, 25.84, 25.85], [26.4, 26.4, 26.4, 26.4, 26.4, 26.4, 26.4, 26.4, 26.4, 26.4, -999.0, 25.3, 25.3, 25.3, 25.85, 25.85, 25.87, 25.74, 25.77, 25.79], [26.4, 26.4, 26.4, 26.4, 26.4, 26.4, 26.4, 26.3, 26.3, 26.3, 26.3, 25.92, 25.3, 25.3, 25.3, 25.76, 25.79, 25.67, 25.71, 25.74], [26.4, 26.4, 26.34, 26.34, 26.33, 26.3, 26.3, 26.3, 26.3, 26.3, 25.67, 25.74, 25.65, 25.56, 25.66, 25.67, 25.72, 25.62, 25.83, 25.87], [26.34, 26.34, 26.36, 26.36, 26.3, 26.3, 26.3, 26.3, 26.3, 26.3, 25.87, 25.75, 25.62, 25.5, 25.53, 25.51, 25.59, 25.64, 25.69, 25.71], [26.36, 26.36, 26.36, 26.36, 26.3, 26.3, 26.3, 26.3, 26.3, 26.05, 25.91, 25.76, 25.61, 25.54, 25.33, 25.49, 25.59, 25.66, 25.71, 25.73], [26.36, 26.36, 26.36, 26.3, 26.3, 26.3, 26.3, 26.3, 26.21, 26.11, 25.99, 25.87, 25.75, 25.62, 25.47, 25.55, 25.64, 25.7, 25.74, 25.76], [26.36, 26.36, 26.24, 26.25, 26.25, 26.25, 26.26, 26.28, 26.19, 26.11, 26.01, 25.9, 25.82, 25.74, 25.62, 25.66, 25.72, 25.76, 25.78, 25.79], [26.24, 26.24, 26.24, 26.26, 26.26, 26.26, 26.27, 26.27, 26.12, 26.08, 26.01, 25.93, 25.88, 25.7, 25.73, 25.77, 25.8, 25.82, 25.83, 25.82], [26.25, 26.25, 26.25, 26.26, 26.26, 26.26, 26.26, 26.27, 26.09, 26.06, 26.02, 25.97, 25.91, 25.77, 25.81, 25.86, 25.89, 25.89, 25.87, 25.86], [26.25, 26.25, 26.25, 26.26, 26.26, 26.26, 26.26, 26.26, 26.25, 26.25, 26.25, 26.26, 26.09, 25.82, 25.87, 25.93, 26.0, 25.96, 25.91, 25.88], [26.26, 26.26, 26.26, 26.26, 26.26, 26.26, 26.25, 26.25, 26.24, 26.24, 26.24, 26.25, 26.09, 26.07, 26.06, 25.97, 26.14, 25.96, 25.91, 25.88], [26.26, 26.26, 26.26, 26.26, 26.26, 26.26, 26.25, 26.24, 26.23, 26.22, 26.23, 26.25, 26.26, 26.07, 26.05, 26.03, 25.91, 25.85, 25.89, 25.88], [26.26, 26.26, 26.26, 26.26, 26.26, 26.26, 26.25, 26.24, 26.23, 26.22, 26.24, 26.25, 26.26, 26.07, 26.04, 26.03, 25.99, 25.97, 25.88, 25.87], [26.26, 26.26, 26.26, 26.26, 26.26, 26.26, 26.25, 26.25, 26.25, 26.24, 26.25, 26.26, 26.26, 26.11, 26.08, 26.05, 26.02, 26.01, 26.01, 26.02], [26.26, 26.26, 26.26, 26.26, 26.26, 26.26, 26.26, 26.26, 26.26, 26.27, 26.27, 26.18, 26.14, 26.1, 26.09, 26.07, 26.05, 26.03, 26.03, 26.04], [26.26, 26.26, 26.26, 26.26, 26.26, 26.26, 26.26, 26.26, 26.27, 26.28, 26.27, 26.21, 26.16, 26.11, 26.11, 26.08, 26.06, 26.05, 26.05, 26.05], [26.26, 26.26, 26.26, 26.26, 26.26, 26.26, 26.26, 26.27, 26.2, 26.23, 26.25, 26.21, 26.16, 26.12, 26.12, 26.1, 26.08, 26.07, 26.06, 26.06], [26.26, 26.26, 26.26, 26.26, 26.26, 26.26, 26.27, 26.27, 26.19, 26.21, 26.21, 26.19, 26.16, 26.12, 26.12, 26.1, 26.09, 26.08, 26.07, 26.07], [26.26, 26.26, 26.26, 26.26, 26.27, 26.27, 26.27, 26.17, 26.18, 26.18, 26.18, 26.17, 26.15, 26.12, 26.13, 26.11, 26.1, 26.09, 26.08, 26.08]]}