gis_exercise/awsData/contour/temp_2023091305.json
{"header": {"refTime": "2023-09-13T05:00:00.000Z", "nx": 21, "ny": 33, "lo1": 113.509, "la1": 22.2235, "lo2": 113.5947, "la2": 22.1034, "dx": 0.0042850000000001385, "dy": 0.003753125000000024, "parameterCategory": 0, "parameterCategoryName": "Temperature", "parameterNumber": 0}, "z": [[26.52, 26.51, 26.51, 26.32, 26.33, 26.52, 26.51, 26.51, 26.51, 26.47, 26.49, 26.51, 26.67, 26.69, 26.66, 26.66, 26.74, 26.73, 26.73, 26.72], [26.52, 26.52, 26.51, 26.5, 26.33, 26.33, 26.5, 26.49, 26.48, 26.46, 26.49, 26.53, 26.69, 26.7, 26.68, 26.75, 26.74, 26.73, 26.72, 26.72], [26.53, 26.52, 26.52, 26.51, 26.33, 26.33, 26.34, 26.47, 26.42, 26.45, 26.5, 26.55, 26.72, 26.73, 26.76, 26.75, 26.73, 26.72, 26.72, 26.71], [26.53, 26.53, 26.52, 26.51, 26.5, 26.33, 26.34, 26.35, 26.36, 26.46, 26.52, 26.6, 26.77, 26.7, 26.77, 26.74, 26.72, 26.71, 26.71, 26.71], [26.54, 26.54, 26.53, 26.52, 26.51, 26.32, 26.33, 26.33, 26.33, 26.45, 26.52, 26.7, 26.82, 26.72, 26.76, 26.73, 26.71, 26.7, 26.69, 26.7], [26.55, 26.55, 26.54, 26.54, 26.53, 26.51, 26.32, 26.32, 26.31, 26.28, 26.54, 26.65, 26.74, 26.83, 26.75, 26.72, 26.68, 26.67, 26.68, 26.69], [26.62, 26.56, 26.56, 26.55, 26.55, 26.53, 26.42, 26.33, 26.32, 26.32, 26.31, 26.55, 26.79, 26.8, 26.73, 26.7, 26.65, 26.63, 26.66, 26.67], [26.63, 26.63, 26.63, 26.63, 26.62, 26.48, 26.45, 26.4, 26.38, 26.3, 26.19, 26.52, 26.52, 26.8, 26.64, 26.65, 26.63, 26.62, 26.63, 26.64], [26.57, 26.58, 26.65, 26.65, 26.66, 26.64, 26.59, 26.43, 26.3, 26.34, 26.33, 26.42, 26.46, 26.4, 26.64, 26.65, 26.64, 26.63, 26.64, 26.64], [26.8, 26.8, 26.8, 26.61, 26.64, 26.71, 26.66, 26.59, 26.23, 26.25, 26.46, 26.36, 26.4, 26.38, 26.64, 26.66, 26.65, 26.64, 26.64, 26.65], [26.8, 26.8, 26.8, 26.8, 26.8, 26.8, 26.8, 26.8, 26.66, 26.3, 26.1, 26.33, 26.36, 26.36, 26.64, 26.66, 26.65, 26.65, 26.65, 26.65], [26.8, 26.8, 26.8, 26.8, 26.8, 26.8, 26.8, 26.8, 26.8, -999.0, 26.1, 26.7, 26.7, 26.34, 26.64, 26.66, 26.66, 26.15, 26.16, 26.16], [26.8, 26.8, 26.8, 26.8, 26.8, 26.8, 26.8, 26.8, 26.8, 26.8, -999.0, 26.7, 26.7, 26.11, 26.37, 26.31, 26.31, 26.22, 26.23, 26.24], [26.8, 26.8, 26.8, 26.8, 26.8, 26.8, 26.8, 26.8, 26.8, 26.8, -999.0, 25.8, 25.8, 25.8, 26.29, 26.24, 26.25, 26.15, 26.18, 26.19], [26.8, 26.8, 26.8, 26.8, 26.8, 26.8, 26.8, 27.1, 27.1, 27.1, 27.1, 26.6, 25.8, 25.8, 25.8, 26.17, 26.19, 26.1, 26.13, 26.15], [26.8, 26.8, 26.99, 26.99, 27.0, 27.1, 27.1, 27.1, 27.1, 27.1, 26.28, 26.37, 26.25, 26.14, 26.26, 26.13, 26.18, 26.09, 26.25, 26.29], [26.99, 26.99, 26.91, 26.91, 27.1, 27.1, 27.1, 27.1, 27.1, 27.1, 26.54, 26.38, 26.21, 26.05, 26.06, 26.05, 26.14, 26.21, 26.26, 26.3], [26.91, 26.91, 26.92, 26.92, 27.1, 27.1, 27.1, 27.1, 27.1, 26.77, 26.6, 26.4, 26.2, 26.07, 25.84, 26.02, 26.15, 26.23, 26.29, 26.32], [26.91, 26.92, 26.92, 27.1, 27.1, 27.1, 27.1, 27.1, 26.98, 26.85, 26.73, 26.56, 26.32, 26.15, 26.01, 26.1, 26.2, 26.28, 26.32, 26.35], [26.92, 26.92, 27.1, 27.1, 27.1, 27.1, 27.1, 27.1, 26.98, 26.88, 26.75, 26.61, 26.39, 26.29, 26.17, 26.22, 26.29, 26.34, 26.37, 26.39], [27.1, 27.1, 27.1, 27.1, 27.1, 27.1, 27.1, 27.1, 26.9, 26.85, 26.76, 26.66, 26.45, 26.28, 26.3, 26.34, 26.39, 26.42, 26.43, 26.43], [27.1, 27.1, 27.1, 27.1, 27.1, 27.1, 27.1, 27.13, 26.87, 26.84, 26.79, 26.71, 26.51, 26.36, 26.4, 26.44, 26.48, 26.49, 26.48, 26.47], [27.1, 27.1, 27.1, 27.15, 27.15, 27.15, 27.14, 27.14, 27.14, 27.14, 27.14, 26.99, 26.82, 26.42, 26.46, 26.52, 26.57, 26.56, 26.53, 26.5], [27.16, 27.16, 27.16, 27.15, 27.15, 27.15, 27.15, 27.14, 27.14, 27.13, 27.14, 27.05, 26.83, 26.78, 26.74, 26.56, 26.65, 26.6, 26.56, 26.52], [27.16, 27.16, 27.16, 27.16, 27.16, 27.15, 27.15, 27.14, 27.13, 27.12, 27.14, 27.07, 27.04, 26.78, 26.74, 26.7, 26.59, 26.59, 26.56, 26.53], [27.16, 27.16, 27.16, 27.16, 27.16, 27.16, 27.16, 27.15, 27.14, 27.13, 27.1, 27.09, 27.06, 26.79, 26.75, 26.75, 26.71, 26.7, 26.55, 26.53], [27.17, 27.17, 27.17, 27.17, 27.17, 27.17, 27.17, 27.17, 27.16, 27.17, 27.13, 27.11, 27.08, 26.88, 26.83, 26.78, 26.75, 26.74, 26.74, 26.75], [27.17, 27.17, 27.17, 27.17, 27.17, 27.17, 27.18, 27.18, 27.19, 27.17, 27.18, 27.14, 27.09, 27.04, 26.86, 26.82, 26.79, 26.77, 26.77, 26.77], [27.17, 27.17, 27.17, 27.17, 27.18, 27.18, 27.19, 27.2, 27.22, 27.22, 27.26, 27.18, 27.11, 27.06, 26.89, 26.85, 26.82, 26.8, 26.79, 26.79], [27.17, 27.17, 27.18, 27.18, 27.18, 27.19, 27.19, 27.2, 27.16, 27.2, 27.23, 27.18, 27.12, 27.07, 26.92, 26.87, 26.84, 26.82, 26.81, 26.81], [27.17, 27.18, 27.18, 27.18, 27.18, 27.19, 27.2, 27.21, 27.15, 27.17, 27.17, 27.15, 27.11, 27.07, 26.93, 26.89, 26.86, 26.84, 26.83, 26.82], [27.18, 27.18, 27.18, 27.18, 27.19, 27.19, 27.2, 27.12, 27.13, 27.14, 27.14, 27.13, 27.1, 27.07, 26.93, 26.9, 26.88, 26.86, 26.84, 26.84]]}