gis_exercise/awsData/contour/temp_2023090716.json
{"header": {"refTime": "2023-09-07T16:00:00.000Z", "nx": 21, "ny": 33, "lo1": 113.509, "la1": 22.2235, "lo2": 113.5947, "la2": 22.1034, "dx": 0.0042850000000001385, "dy": 0.003753125000000024, "parameterCategory": 0, "parameterCategoryName": "Temperature", "parameterNumber": 0}, "z": [[26.82, 26.81, 26.8, 26.54, 26.55, 26.81, 26.81, 26.81, 26.81, 26.75, 26.78, 26.8, 27.06, 27.08, 27.15, 27.16, 27.31, 27.31, 27.31, 27.31], [26.82, 26.82, 26.81, 26.8, 26.55, 26.56, 26.8, 26.78, 26.78, 26.75, 26.78, 26.82, 27.08, 27.1, 27.16, 27.31, 27.31, 27.31, 27.32, 27.32], [26.83, 26.82, 26.81, 26.8, 26.55, 26.56, 26.58, 26.77, 26.72, 26.74, 26.79, 26.85, 27.11, 27.13, 27.3, 27.31, 27.31, 27.32, 27.32, 27.32], [26.83, 26.83, 26.82, 26.81, 26.8, 26.55, 26.57, 26.59, 26.62, 26.74, 26.81, 26.91, 27.17, 27.06, 27.3, 27.31, 27.32, 27.32, 27.33, 27.33], [26.84, 26.84, 26.83, 26.82, 26.81, 26.54, 26.55, 26.55, 26.55, 26.73, 26.8, 27.07, 27.2, 27.09, 27.3, 27.31, 27.33, 27.33, 27.33, 27.33], [26.85, 26.85, 26.85, 26.84, 26.82, 26.8, 26.53, 26.53, 26.51, 26.47, 26.85, 27.0, 27.12, 27.27, 27.3, 27.32, 27.34, 27.35, 27.34, 27.34], [26.93, 26.87, 26.86, 26.86, 26.84, 26.82, 26.65, 26.52, 26.5, 26.53, 26.53, 26.9, 27.24, 27.25, 27.3, 27.33, 27.36, 27.37, 27.38, 27.38], [26.94, 26.95, 26.95, 26.94, 26.93, 26.74, 26.68, 26.62, 26.59, 26.5, 26.35, 26.89, 26.9, 27.25, 27.33, 27.3, 27.35, 27.36, 27.34, 27.32], [26.86, 26.87, 26.97, 26.98, 26.98, 26.96, 26.89, 26.66, 26.47, 26.56, 26.58, 26.73, 26.8, 26.71, 27.32, 27.3, 27.32, 27.33, 27.33, 27.32], [27.2, 27.2, 27.2, 26.92, 26.96, 27.06, 26.99, 26.89, 26.37, 26.39, 26.81, 26.64, 26.69, 26.67, 27.32, 27.29, 27.3, 27.31, 27.31, 27.31], [27.2, 27.2, 27.2, 27.2, 27.2, 27.2, 27.2, 27.2, 26.99, 26.46, 26.2, 26.58, 26.63, 26.63, 27.32, 27.28, 27.29, 27.3, 27.3, 27.3], [27.2, 27.2, 27.2, 27.2, 27.2, 27.2, 27.2, 27.2, 27.2, -999.0, 26.2, 27.2, 27.2, 26.6, 27.32, 27.27, 27.28, 26.89, 26.9, 26.9], [27.2, 27.2, 27.2, 27.2, 27.2, 27.2, 27.2, 27.2, 27.2, 27.2, -999.0, 27.2, 27.2, 26.74, 26.94, 27.07, 27.08, 26.97, 26.98, 26.99], [27.2, 27.2, 27.2, 27.2, 27.2, 27.2, 27.2, 27.2, 27.2, 27.2, -999.0, 26.5, 26.5, 26.5, 26.88, 27.0, 27.01, 26.9, 26.92, 26.94], [27.2, 27.2, 27.2, 27.2, 27.2, 27.2, 27.2, 27.1, 27.1, 27.1, 27.1, 26.87, 26.5, 26.5, 26.5, 26.91, 26.94, 26.84, 26.87, 26.89], [27.2, 27.2, 27.14, 27.14, 27.13, 27.1, 27.1, 27.1, 27.1, 27.1, 26.72, 26.77, 26.71, 26.66, 26.71, 26.87, 26.92, 26.82, 27.01, 27.04], [27.14, 27.14, 27.16, 27.16, 27.1, 27.1, 27.1, 27.1, 27.1, 27.1, 26.84, 26.77, 26.69, 26.62, 26.68, 26.78, 26.88, 26.96, 27.02, 27.06], [27.16, 27.16, 27.16, 27.16, 27.1, 27.1, 27.1, 27.1, 27.1, 26.95, 26.87, 26.78, 26.68, 26.69, 26.53, 26.75, 26.89, 26.98, 27.04, 27.08], [27.16, 27.16, 27.16, 27.1, 27.1, 27.1, 27.1, 27.1, 27.05, 26.98, 27.06, 26.99, 26.85, 26.75, 26.73, 26.83, 26.95, 27.03, 27.08, 27.12], [27.16, 27.16, 27.5, 27.48, 27.45, 27.42, 27.36, 27.22, 27.12, 27.12, 27.09, 27.04, 26.9, 26.86, 26.92, 26.97, 27.05, 27.11, 27.14, 27.16], [27.53, 27.52, 27.5, 27.39, 27.37, 27.35, 27.33, 27.3, 27.17, 27.17, 27.14, 27.1, 26.96, 27.03, 27.06, 27.11, 27.16, 27.19, 27.2, 27.2], [27.43, 27.42, 27.42, 27.41, 27.41, 27.4, 27.4, 27.59, 27.25, 27.24, 27.22, 27.17, 27.24, 27.12, 27.17, 27.22, 27.26, 27.28, 27.27, 27.25], [27.44, 27.44, 27.44, 27.71, 27.7, 27.69, 27.68, 27.69, 27.7, 27.72, 27.74, 27.51, 27.58, 27.19, 27.24, 27.3, 27.36, 27.35, 27.32, 27.29], [27.75, 27.75, 27.75, 27.75, 27.74, 27.75, 27.75, 27.76, 27.78, 27.79, 27.8, 27.9, 27.59, 27.55, 27.52, 27.35, 27.45, 27.4, 27.35, 27.31], [27.78, 27.78, 27.78, 27.78, 27.79, 27.79, 27.8, 27.82, 27.82, 27.82, 27.84, 27.92, 27.91, 27.56, 27.52, 27.49, 27.39, 27.39, 27.35, 27.32], [27.8, 27.8, 27.81, 27.81, 27.82, 27.84, 27.85, 27.86, 27.86, 27.85, 27.94, 27.97, 27.95, 27.56, 27.53, 27.61, 27.55, 27.54, 27.34, 27.31], [27.81, 27.82, 27.83, 27.84, 27.86, 27.88, 27.9, 27.92, 27.94, 27.96, 28.04, 28.04, 28.01, 27.82, 27.74, 27.66, 27.62, 27.6, 27.6, 27.61], [27.83, 27.84, 27.85, 27.87, 27.89, 27.91, 27.94, 27.98, 28.04, 28.16, 28.19, 28.13, 28.05, 27.97, 27.79, 27.72, 27.67, 27.65, 27.64, 27.64], [27.85, 27.86, 27.87, 27.89, 27.91, 27.94, 27.98, 28.04, 28.12, 28.29, 28.4, 28.23, 28.1, 28.01, 27.84, 27.77, 27.72, 27.69, 27.68, 27.67], [27.86, 27.87, 27.89, 27.91, 27.93, 27.96, 28.01, 28.06, 28.18, 28.28, 28.34, 28.23, 28.12, 28.04, 27.88, 27.81, 27.77, 27.73, 27.71, 27.7], [27.87, 27.88, 27.9, 27.92, 27.94, 27.97, 28.01, 28.06, 28.16, 28.21, 28.23, 28.18, 28.11, 28.04, 27.9, 27.84, 27.8, 27.76, 27.74, 27.73], [27.88, 27.89, 27.91, 27.93, 27.95, 27.98, 28.01, 28.1, 28.13, 28.15, 28.16, 28.13, 28.09, 28.04, 27.91, 27.86, 27.82, 27.79, 27.77, 27.75]]}