gis_exercise/awsData/contour/temp_2023090915.json
{"header": {"refTime": "2023-09-09T15:00:00.000Z", "nx": 21, "ny": 33, "lo1": 113.509, "la1": 22.2235, "lo2": 113.5947, "la2": 22.1034, "dx": 0.0042850000000001385, "dy": 0.003753125000000024, "parameterCategory": 0, "parameterCategoryName": "Temperature", "parameterNumber": 0}, "z": [[26.16, 26.15, 26.13, 25.89, 25.88, 26.09, 26.06, 26.03, 26.02, 25.86, 25.9, 25.94, 26.21, 26.24, 26.2, 26.21, 26.43, 26.42, 26.42, 26.42], [26.17, 26.16, 26.14, 26.12, 25.88, 25.86, 26.04, 25.98, 25.94, 25.84, 25.9, 25.96, 26.24, 26.26, 26.22, 26.43, 26.43, 26.42, 26.42, 26.41], [26.18, 26.17, 26.16, 26.14, 25.89, 25.87, 25.85, 25.93, 25.76, 25.82, 25.92, 26.0, 26.28, 26.3, 26.44, 26.43, 26.42, 26.41, 26.41, 26.41], [26.19, 26.18, 26.17, 26.16, 26.14, 25.9, 25.87, 25.83, 25.79, 25.84, 25.95, 26.08, 26.35, 26.3, 26.44, 26.43, 26.41, 26.41, 26.4, 26.4], [26.2, 26.2, 26.2, 26.19, 26.17, 25.93, 25.92, 25.9, 25.88, 25.87, 25.97, 26.3, 26.42, 26.33, 26.44, 26.42, 26.4, 26.39, 26.39, 26.39], [26.22, 26.22, 26.22, 26.22, 26.21, 26.21, 25.98, 25.99, 25.96, 25.89, 26.12, 26.25, 26.35, 26.5, 26.44, 26.41, 26.38, 26.37, 26.37, 26.38], [26.44, 26.24, 26.24, 26.25, 26.25, 26.26, 26.22, 26.11, 26.1, 26.04, 25.95, 26.17, 26.5, 26.5, 26.43, 26.4, 26.35, 26.33, 26.34, 26.35], [26.44, 26.44, 26.44, 26.44, 26.44, 26.24, 26.25, 26.3, 26.39, 25.99, 25.7, 26.19, 26.2, 26.5, 26.37, 26.4, 26.35, 26.34, 26.36, 26.38], [26.46, 26.46, 26.44, 26.44, 26.44, 26.44, 26.45, 26.26, 26.18, 26.07, 25.88, 26.03, 26.1, 26.01, 26.38, 26.4, 26.38, 26.37, 26.37, 26.38], [26.4, 26.4, 26.4, 26.45, 26.44, 26.42, 26.43, 26.45, 25.93, 25.99, 26.11, 25.94, 25.99, 25.97, 26.38, 26.41, 26.4, 26.39, 26.39, 26.39], [26.4, 26.4, 26.4, 26.4, 26.4, 26.4, 26.4, 26.4, 26.44, 26.16, 25.5, 25.88, 25.93, 25.93, 26.38, 26.42, 26.41, 26.4, 26.4, 26.4], [26.4, 26.4, 26.4, 26.4, 26.4, 26.4, 26.4, 26.4, 26.4, -999.0, 25.5, 26.5, 26.5, 25.9, 26.38, 26.43, 26.42, 25.79, 25.8, 25.8], [26.4, 26.4, 26.4, 26.4, 26.4, 26.4, 26.4, 26.4, 26.4, 26.4, -999.0, 26.5, 26.5, 25.78, 26.1, 25.97, 25.98, 25.87, 25.88, 25.89], [26.4, 26.4, 26.4, 26.4, 26.4, 26.4, 26.4, 26.4, 26.4, 26.4, -999.0, 25.4, 25.4, 25.4, 26.0, 25.9, 25.91, 25.8, 25.82, 25.84], [26.4, 26.4, 26.4, 26.4, 26.4, 26.4, 26.4, 26.6, 26.6, 26.6, 26.6, 26.14, 25.4, 25.4, 25.4, 25.81, 25.84, 25.74, 25.77, 25.79], [26.4, 26.4, 26.53, 26.53, 26.53, 26.6, 26.6, 26.6, 26.6, 26.6, 25.84, 25.93, 25.81, 25.72, 25.83, 25.69, 25.74, 25.66, 25.85, 25.88], [26.53, 26.53, 26.47, 26.47, 26.6, 26.6, 26.6, 26.6, 26.6, 26.6, 26.08, 25.94, 25.78, 25.63, 25.63, 25.65, 25.74, 25.81, 25.86, 25.9], [26.47, 26.47, 26.48, 26.48, 26.6, 26.6, 26.6, 26.6, 26.6, 26.3, 26.13, 25.95, 25.77, 25.64, 25.43, 25.62, 25.75, 25.83, 25.88, 25.92], [26.48, 26.48, 26.48, 26.6, 26.6, 26.6, 26.6, 26.6, 26.49, 26.37, 26.27, 26.12, 25.87, 25.72, 25.6, 25.7, 25.8, 25.87, 25.92, 25.95], [26.48, 26.48, 26.66, 26.65, 26.65, 26.65, 26.64, 26.62, 26.5, 26.41, 26.3, 26.17, 25.94, 25.84, 25.77, 25.82, 25.89, 25.94, 25.97, 25.99], [26.66, 26.66, 26.66, 26.64, 26.64, 26.64, 26.63, 26.63, 26.44, 26.39, 26.32, 26.22, 25.99, 25.87, 25.89, 25.94, 25.98, 26.01, 26.03, 26.03], [26.65, 26.65, 26.65, 26.64, 26.64, 26.64, 26.64, 26.69, 26.43, 26.4, 26.35, 26.28, 26.08, 25.95, 25.99, 26.03, 26.07, 26.08, 26.08, 26.07], [26.65, 26.65, 26.65, 26.71, 26.71, 26.71, 26.7, 26.7, 26.7, 26.71, 26.71, 26.54, 26.41, 26.01, 26.05, 26.11, 26.15, 26.15, 26.13, 26.1], [26.72, 26.72, 26.72, 26.72, 26.72, 26.72, 26.72, 26.72, 26.71, 26.72, 26.72, 26.63, 26.43, 26.38, 26.33, 26.15, 26.2, 26.2, 26.16, 26.13], [26.73, 26.73, 26.73, 26.73, 26.73, 26.73, 26.73, 26.72, 26.72, 26.71, 26.73, 26.65, 26.61, 26.38, 26.34, 26.3, 26.21, 26.23, 26.18, 26.14], [26.73, 26.73, 26.73, 26.73, 26.73, 26.74, 26.74, 26.73, 26.73, 26.72, 26.69, 26.67, 26.63, 26.39, 26.35, 26.35, 26.33, 26.32, 26.16, 26.13], [26.73, 26.74, 26.74, 26.74, 26.74, 26.74, 26.75, 26.75, 26.75, 26.76, 26.72, 26.7, 26.66, 26.48, 26.43, 26.39, 26.36, 26.35, 26.35, 26.36], [26.74, 26.74, 26.74, 26.75, 26.75, 26.75, 26.76, 26.77, 26.78, 26.76, 26.77, 26.75, 26.71, 26.67, 26.46, 26.42, 26.39, 26.38, 26.37, 26.38], [26.74, 26.74, 26.75, 26.75, 26.75, 26.76, 26.77, 26.78, 26.8, 26.81, 26.86, 26.79, 26.73, 26.69, 26.5, 26.45, 26.42, 26.41, 26.4, 26.39], [26.74, 26.75, 26.75, 26.75, 26.76, 26.77, 26.78, 26.79, 26.77, 26.81, 26.84, 26.79, 26.74, 26.7, 26.52, 26.48, 26.45, 26.43, 26.42, 26.41], [26.75, 26.75, 26.75, 26.76, 26.76, 26.77, 26.78, 26.79, 26.76, 26.78, 26.79, 26.77, 26.73, 26.7, 26.53, 26.49, 26.47, 26.45, 26.43, 26.43], [26.75, 26.75, 26.76, 26.76, 26.76, 26.77, 26.78, 26.74, 26.75, 26.76, 26.76, 26.74, 26.72, 26.7, 26.54, 26.51, 26.48, 26.46, 26.45, 26.44]]}