gis_exercise/awsData/contour/temp_2023090318.json
{"header": {"refTime": "2023-09-03T18:00:00.000Z", "nx": 21, "ny": 33, "lo1": 113.509, "la1": 22.2235, "lo2": 113.5947, "la2": 22.1034, "dx": 0.0042850000000001385, "dy": 0.003753125000000024, "parameterCategory": 0, "parameterCategoryName": "Temperature", "parameterNumber": 0}, "z": [[29.61, 29.61, 29.6, 29.38, 29.39, 29.49, 29.5, 29.5, 29.51, 29.59, 29.62, 29.64, 29.69, 29.7, 29.6, 29.59, 29.66, 29.65, 29.64, 29.64], [29.62, 29.61, 29.6, 29.59, 29.39, 29.4, 29.49, 29.5, 29.51, 29.58, 29.61, 29.65, 29.7, 29.71, 29.6, 29.67, 29.65, 29.64, 29.63, 29.63], [29.63, 29.62, 29.61, 29.59, 29.38, 29.39, 29.41, 29.5, 29.5, 29.56, 29.62, 29.67, 29.72, 29.73, 29.69, 29.66, 29.64, 29.63, 29.62, 29.62], [29.64, 29.63, 29.62, 29.6, 29.58, 29.38, 29.4, 29.43, 29.45, 29.58, 29.64, 29.7, 29.74, 29.8, 29.69, 29.66, 29.63, 29.61, 29.6, 29.6], [29.65, 29.64, 29.63, 29.61, 29.59, 29.36, 29.37, 29.38, 29.39, 29.67, 29.67, 29.8, 29.8, 29.8, 29.69, 29.64, 29.6, 29.58, 29.58, 29.59], [29.66, 29.66, 29.65, 29.64, 29.61, 29.58, 29.33, 29.33, 29.36, 29.38, 29.8, 29.8, 29.8, 29.8, 29.68, 29.62, 29.56, 29.54, 29.55, 29.57], [29.75, 29.68, 29.68, 29.67, 29.64, 29.6, 29.7, 29.31, 29.3, 29.51, 29.44, 29.8, 29.8, 29.8, 29.67, 29.6, 29.5, 29.47, 29.47, 29.5], [29.77, 29.78, 29.78, 29.77, 29.75, 29.69, 29.57, 29.48, 29.27, 29.48, 29.46, 29.8, 29.8, 29.8, 29.55, 29.59, 29.5, 29.47, 29.52, 29.56], [29.63, 29.64, 29.82, 29.83, 29.84, 29.8, 29.68, 29.5, 29.2, 29.52, 29.8, 29.8, 29.8, 29.8, 29.56, 29.61, 29.56, 29.54, 29.55, 29.57], [30.2, 30.2, 30.2, 29.73, 29.8, 29.97, 29.85, 29.68, 29.2, 29.2, 29.8, 29.8, 29.8, 29.8, 29.56, 29.63, 29.59, 29.58, 29.58, 29.58], [30.2, 30.2, 30.2, 30.2, 30.2, 30.2, 30.2, 30.2, 29.85, 29.2, -999.0, 29.8, 29.8, 29.8, 29.56, 29.64, 29.61, 29.6, 29.6, 29.6], [30.2, 30.2, 30.2, 30.2, 30.2, 30.2, 30.2, 30.2, 30.2, -999.0, -999.0, 29.8, 29.8, 29.8, 29.55, 29.65, 29.64, 28.83, 28.85, 28.85], [30.2, 30.2, 30.2, 30.2, 30.2, 30.2, 30.2, 30.2, 30.2, 30.2, -999.0, 29.8, 29.8, 28.89, 29.29, 29.04, 29.04, 28.92, 28.94, 28.95], [30.2, 30.2, 30.2, 30.2, 30.2, 30.2, 30.2, 30.2, 30.2, 30.2, -999.0, 28.4, 28.4, 28.4, 29.17, 28.95, 28.97, 28.84, 28.87, 28.89], [30.2, 30.2, 30.2, 30.2, 30.2, 30.2, 30.2, 29.7, 29.7, 29.7, 29.7, 29.2, 28.4, 28.4, 28.4, 28.86, 28.89, 28.77, 28.81, 28.84], [30.2, 30.2, 29.89, 29.88, 29.87, 29.7, 29.7, 29.7, 29.7, 29.7, 28.88, 28.97, 28.85, 28.74, 28.86, 28.4, 28.4, 28.4, 28.66, 28.68], [29.88, 29.88, 30.02, 30.02, 29.7, 29.7, 29.7, 29.7, 29.7, 29.7, 29.14, 28.98, 28.81, 28.65, 28.55, 28.41, 28.42, 28.42, 28.43, 28.43], [30.02, 30.02, 30.01, 29.99, 29.7, 29.7, 29.7, 29.7, 29.7, 29.37, 29.2, 29.0, 28.8, 28.57, 28.42, 28.41, 28.42, 28.42, 28.43, 28.43], [30.01, 30.0, 29.99, 29.7, 29.7, 29.7, 29.7, 29.7, 29.58, 29.45, 29.23, 29.07, 28.76, 28.62, 28.41, 28.42, 28.42, 28.43, 28.43, 28.43], [30.0, 30.0, 29.41, 29.43, 29.45, 29.47, 29.51, 29.62, 29.52, 29.39, 29.24, 29.1, 28.79, 28.68, 28.42, 28.42, 28.43, 28.43, 28.43, 28.43], [29.4, 29.4, 29.41, 29.49, 29.5, 29.52, 29.54, 29.56, 29.38, 29.31, 29.22, 29.12, 28.8, 28.43, 28.43, 28.43, 28.43, 28.43, 28.43, 28.44], [29.47, 29.47, 29.47, 29.48, 29.48, 29.48, 29.49, 29.65, 29.29, 29.26, 29.2, 29.13, 28.66, 28.43, 28.43, 28.43, 28.43, 28.44, 28.44, 28.44], [29.46, 29.46, 29.46, 29.7, 29.68, 29.67, 29.64, 29.62, 29.59, 29.59, 29.61, 29.14, 28.73, 28.43, 28.43, 28.43, 28.43, 28.44, 28.44, 28.44], [29.72, 29.72, 29.71, 29.7, 29.68, 29.66, 29.63, 29.59, 29.53, 29.5, 29.55, 29.3, 28.74, 28.66, 28.59, 28.44, 28.42, 28.45, 28.45, 28.45], [29.73, 29.72, 29.72, 29.71, 29.69, 29.67, 29.63, 29.57, 29.45, 29.35, 29.51, 29.35, 29.3, 28.67, 28.6, 28.54, 28.45, 28.47, 28.45, 28.45], [29.74, 29.73, 29.73, 29.72, 29.71, 29.69, 29.66, 29.6, 29.48, 29.39, 29.4, 29.43, 29.38, 28.68, 28.62, 28.75, 28.66, 28.64, 28.45, 28.45], [29.75, 29.74, 29.74, 29.74, 29.73, 29.72, 29.7, 29.68, 29.65, 29.66, 29.58, 29.56, 29.49, 29.15, 28.98, 28.85, 28.77, 28.74, 28.74, 28.76], [29.75, 29.75, 29.75, 29.75, 29.75, 29.76, 29.76, 29.78, 29.82, 29.78, 29.85, 29.76, 29.63, 29.49, 29.09, 28.96, 28.88, 28.83, 28.82, 28.82], [29.76, 29.77, 29.77, 29.77, 29.78, 29.79, 29.82, 29.86, 29.95, 30.02, 30.22, 29.93, 29.72, 29.56, 29.19, 29.06, 28.97, 28.91, 28.89, 28.88], [29.77, 29.78, 29.78, 29.79, 29.8, 29.82, 29.85, 29.9, 29.85, 30.02, 30.13, 29.94, 29.75, 29.61, 29.25, 29.13, 29.04, 28.98, 28.95, 28.93], [29.78, 29.79, 29.79, 29.8, 29.82, 29.84, 29.87, 29.92, 29.82, 29.9, 29.93, 29.85, 29.73, 29.62, 29.29, 29.18, 29.1, 29.04, 29.0, 28.97], [29.79, 29.79, 29.8, 29.81, 29.83, 29.85, 29.88, 29.71, 29.76, 29.8, 29.81, 29.76, 29.69, 29.61, 29.31, 29.21, 29.14, 29.08, 29.04, 29.01]]}