gis_exercise/awsData/contour/temp_2023091013.json
{"header": {"refTime": "2023-09-10T13:00:00.000Z", "nx": 21, "ny": 33, "lo1": 113.509, "la1": 22.2235, "lo2": 113.5947, "la2": 22.1034, "dx": 0.0042850000000001385, "dy": 0.003753125000000024, "parameterCategory": 0, "parameterCategoryName": "Temperature", "parameterNumber": 0}, "z": [[25.23, 25.23, 25.23, 25.02, 25.03, 25.27, 25.27, 25.26, 25.27, 25.14, 25.14, 25.15, 25.34, 25.35, 25.27, 25.25, 25.27, 25.26, 25.25, 25.24], [25.23, 25.23, 25.23, 25.23, 25.03, 25.04, 25.26, 25.25, 25.25, 25.15, 25.15, 25.16, 25.35, 25.36, 25.27, 25.28, 25.26, 25.25, 25.24, 25.23], [25.23, 25.23, 25.23, 25.23, 25.03, 25.04, 25.06, 25.24, 25.21, 25.15, 25.15, 25.18, 25.37, 25.38, 25.31, 25.28, 25.25, 25.24, 25.23, 25.22], [25.23, 25.23, 25.23, 25.23, 25.23, 25.03, 25.05, 25.08, 25.11, 25.13, 25.15, 25.21, 25.4, 25.26, 25.31, 25.27, 25.24, 25.22, 25.21, 25.21], [25.24, 25.23, 25.23, 25.23, 25.23, 25.02, 25.03, 25.04, 25.03, 25.08, 25.12, 25.27, 25.4, 25.29, 25.31, 25.25, 25.21, 25.19, 25.18, 25.19], [25.24, 25.24, 25.24, 25.23, 25.23, 25.23, 25.02, 25.02, 24.99, 24.93, 25.06, 25.2, 25.31, 25.43, 25.29, 25.23, 25.16, 25.14, 25.15, 25.17], [25.26, 25.24, 25.24, 25.24, 25.24, 25.23, 25.05, 25.03, 25.0, 24.9, 24.84, 25.09, 25.39, 25.4, 25.27, 25.2, 25.1, 25.07, 25.09, 25.12], [25.26, 25.26, 25.26, 25.26, 25.26, 25.08, 25.07, 25.09, 25.13, 24.86, 24.65, 25.05, 25.06, 25.4, 25.11, 25.14, 25.08, 25.05, 25.09, 25.12], [25.24, 25.24, 25.26, 25.26, 25.26, 25.26, 25.25, 25.07, 24.98, 24.92, 24.81, 24.93, 24.98, 24.91, 25.12, 25.16, 25.12, 25.1, 25.11, 25.13], [25.3, 25.3, 25.3, 25.25, 25.26, 25.28, 25.27, 25.25, 24.8, 24.84, 24.99, 24.85, 24.9, 24.87, 25.12, 25.17, 25.14, 25.13, 25.13, 25.14], [25.3, 25.3, 25.3, 25.3, 25.3, 25.3, 25.3, 25.3, 25.26, 24.96, 24.5, 24.8, 24.84, 24.84, 25.12, 25.18, 25.16, 25.15, 25.15, 25.15], [25.3, 25.3, 25.3, 25.3, 25.3, 25.3, 25.3, 25.3, 25.3, -999.0, 24.5, 25.3, 25.3, 24.82, 25.11, 25.19, 25.18, 24.6, 24.61, 24.61], [25.3, 25.3, 25.3, 25.3, 25.3, 25.3, 25.3, 25.3, 25.3, 25.3, -999.0, 25.3, 25.3, 24.65, 24.93, 24.75, 24.75, 24.66, 24.68, 24.68], [25.3, 25.3, 25.3, 25.3, 25.3, 25.3, 25.3, 25.3, 25.3, 25.3, -999.0, 24.3, 24.3, 24.3, 24.85, 24.69, 24.7, 24.61, 24.63, 24.64], [25.3, 25.3, 25.3, 25.3, 25.3, 25.3, 25.3, 25.2, 25.2, 25.2, 25.2, 24.85, 24.3, 24.3, 24.3, 24.62, 24.64, 24.56, 24.59, 24.61], [25.3, 25.3, 25.24, 25.24, 25.23, 25.2, 25.2, 25.2, 25.2, 25.2, 24.63, 24.7, 24.61, 24.54, 24.62, 24.34, 24.34, 24.33, 24.51, 24.52], [25.24, 25.24, 25.26, 25.26, 25.2, 25.2, 25.2, 25.2, 25.2, 25.2, 24.81, 24.7, 24.58, 24.48, 24.42, 24.34, 24.36, 24.37, 24.38, 24.39], [25.26, 25.26, 25.26, 25.26, 25.2, 25.2, 25.2, 25.2, 25.2, 24.97, 24.85, 24.72, 24.58, 24.43, 24.32, 24.34, 24.36, 24.37, 24.38, 24.39], [25.26, 25.26, 25.26, 25.2, 25.2, 25.2, 25.2, 25.2, 25.12, 25.02, 24.89, 24.77, 24.56, 24.47, 24.34, 24.35, 24.37, 24.38, 24.39, 24.4], [25.26, 25.26, 25.03, 25.04, 25.05, 25.06, 25.09, 25.15, 25.08, 24.99, 24.89, 24.79, 24.59, 24.52, 24.36, 24.37, 24.38, 24.39, 24.4, 24.4], [25.02, 25.02, 25.03, 25.08, 25.08, 25.09, 25.1, 25.11, 24.99, 24.95, 24.88, 24.81, 24.61, 24.38, 24.38, 24.39, 24.4, 24.41, 24.41, 24.41], [25.06, 25.06, 25.06, 25.07, 25.07, 25.07, 25.07, 25.11, 24.94, 24.91, 24.87, 24.82, 24.53, 24.4, 24.4, 24.41, 24.41, 24.42, 24.42, 24.42], [25.05, 25.05, 25.05, 25.12, 25.11, 25.11, 25.1, 25.09, 25.08, 25.07, 25.08, 24.86, 24.61, 24.41, 24.41, 24.42, 24.42, 24.43, 24.43, 24.42], [25.12, 25.12, 25.12, 25.11, 25.11, 25.1, 25.08, 25.06, 25.04, 25.03, 25.05, 24.88, 24.63, 24.58, 24.53, 24.43, 24.42, 24.44, 24.44, 24.43], [25.12, 25.12, 25.12, 25.11, 25.1, 25.09, 25.08, 25.05, 25.0, 24.96, 25.02, 24.9, 24.86, 24.58, 24.54, 24.5, 24.45, 24.46, 24.44, 24.43], [25.12, 25.12, 25.12, 25.11, 25.11, 25.1, 25.08, 25.05, 25.01, 24.97, 24.94, 24.93, 24.9, 24.59, 24.55, 24.58, 24.55, 24.54, 24.44, 24.43], [25.12, 25.12, 25.12, 25.11, 25.11, 25.1, 25.09, 25.08, 25.07, 25.07, 25.0, 24.98, 24.94, 24.75, 24.68, 24.63, 24.59, 24.58, 24.58, 24.59], [25.12, 25.12, 25.12, 25.12, 25.12, 25.11, 25.11, 25.11, 25.12, 25.07, 25.09, 25.06, 25.01, 24.95, 24.73, 24.67, 24.64, 24.62, 24.61, 24.61], [25.13, 25.12, 25.12, 25.12, 25.12, 25.12, 25.13, 25.14, 25.16, 25.16, 25.23, 25.12, 25.04, 24.98, 24.77, 24.71, 24.68, 24.65, 24.64, 24.64], [25.13, 25.13, 25.13, 25.13, 25.13, 25.13, 25.14, 25.15, 25.1, 25.16, 25.2, 25.13, 25.05, 24.99, 24.8, 24.75, 24.71, 24.68, 24.67, 24.66], [25.13, 25.13, 25.13, 25.13, 25.13, 25.14, 25.15, 25.16, 25.08, 25.11, 25.12, 25.09, 25.04, 25.0, 24.82, 24.77, 24.73, 24.71, 24.69, 24.68], [25.13, 25.13, 25.13, 25.14, 25.14, 25.14, 25.15, 25.04, 25.06, 25.08, 25.08, 25.06, 25.03, 24.99, 24.82, 24.78, 24.75, 24.73, 24.71, 24.7]]}