gis_exercise/awsData/contour/temp_2023090214.json
{"header": {"refTime": "2023-09-02T14:00:00.000Z", "nx": 21, "ny": 33, "lo1": 113.509, "la1": 22.2235, "lo2": 113.5947, "la2": 22.1034, "dx": 0.0042850000000001385, "dy": 0.003753125000000024, "parameterCategory": 0, "parameterCategoryName": "Temperature", "parameterNumber": 0}, "z": [[26.7, 26.7, 26.7, 26.47, 26.49, 26.67, 26.68, 26.7, 26.71, 26.66, 26.65, 26.64, 26.82, 26.83, 26.74, 26.74, 26.76, 26.75, 26.75, 26.74], [26.7, 26.7, 26.7, 26.7, 26.49, 26.51, 26.69, 26.71, 26.73, 26.68, 26.66, 26.65, 26.82, 26.83, 26.74, 26.76, 26.75, 26.75, 26.74, 26.74], [26.7, 26.7, 26.7, 26.7, 26.48, 26.5, 26.55, 26.72, 26.78, 26.7, 26.66, 26.65, 26.82, 26.82, 26.77, 26.76, 26.75, 26.74, 26.73, 26.73], [26.71, 26.7, 26.7, 26.69, 26.69, 26.48, 26.52, 26.58, 26.63, 26.67, 26.64, 26.65, 26.82, 26.68, 26.77, 26.75, 26.74, 26.73, 26.72, 26.73], [26.71, 26.71, 26.7, 26.69, 26.68, 26.45, 26.46, 26.48, 26.49, 26.6, 26.6, 26.68, 26.75, 26.7, 26.77, 26.75, 26.72, 26.71, 26.71, 26.72], [26.71, 26.71, 26.7, 26.7, 26.68, 26.66, 26.41, 26.4, 26.38, 26.36, 26.56, 26.65, 26.72, 26.83, 26.77, 26.73, 26.7, 26.68, 26.69, 26.7], [26.69, 26.72, 26.71, 26.71, 26.69, 26.65, 26.42, 26.35, 26.32, 26.33, 26.34, 26.61, 26.86, 26.85, 26.77, 26.72, 26.66, 26.64, 26.64, 26.65], [26.7, 26.7, 26.71, 26.7, 26.69, 26.52, 26.45, 26.37, 26.31, 26.3, 26.21, 26.65, 26.66, 26.85, 26.71, 26.74, 26.68, 26.65, 26.69, 26.72], [26.6, 26.61, 26.73, 26.74, 26.75, 26.72, 26.64, 26.42, 26.24, 26.34, 26.41, 26.53, 26.58, 26.51, 26.72, 26.76, 26.72, 26.7, 26.71, 26.73], [27.0, 27.0, 27.0, 26.67, 26.72, 26.84, 26.76, 26.64, 26.19, 26.2, 26.59, 26.45, 26.5, 26.47, 26.72, 26.77, 26.74, 26.73, 26.73, 26.74], [27.0, 27.0, 27.0, 27.0, 27.0, 27.0, 27.0, 27.0, 26.75, 26.23, 26.1, 26.4, 26.44, 26.44, 26.72, 26.78, 26.76, 26.75, 26.75, 26.75], [27.0, 27.0, 27.0, 27.0, 27.0, 27.0, 27.0, 27.0, 27.0, -999.0, 26.1, 26.9, 26.9, 26.42, 26.71, 26.79, 26.78, 26.09, 26.1, 26.1], [27.0, 27.0, 27.0, 27.0, 27.0, 27.0, 27.0, 27.0, 27.0, 27.0, -999.0, 26.9, 26.9, 26.12, 26.46, 26.27, 26.28, 26.17, 26.18, 26.19], [27.0, 27.0, 27.0, 27.0, 27.0, 27.0, 27.0, 27.0, 27.0, 27.0, -999.0, 25.7, 25.7, 25.7, 26.36, 26.2, 26.21, 26.1, 26.12, 26.14], [27.0, 27.0, 27.0, 27.0, 27.0, 27.0, 27.0, 26.7, 26.7, 26.7, 26.7, 26.32, 25.7, 25.7, 25.7, 26.11, 26.14, 26.04, 26.07, 26.09], [27.0, 27.0, 26.81, 26.81, 26.8, 26.7, 26.7, 26.7, 26.7, 26.7, 26.07, 26.14, 26.05, 25.96, 26.06, 26.03, 26.08, 25.99, 26.18, 26.21], [26.81, 26.81, 26.89, 26.89, 26.7, 26.7, 26.7, 26.7, 26.7, 26.7, 26.27, 26.15, 26.02, 25.9, 25.92, 25.95, 26.04, 26.11, 26.16, 26.2], [26.89, 26.89, 26.88, 26.88, 26.7, 26.7, 26.7, 26.7, 26.7, 26.45, 26.31, 26.16, 26.01, 25.93, 25.73, 25.92, 26.05, 26.13, 26.19, 26.22], [26.89, 26.88, 26.88, 26.7, 26.7, 26.7, 26.7, 26.7, 26.61, 26.51, 26.43, 26.31, 26.14, 26.0, 25.91, 26.0, 26.1, 26.18, 26.22, 26.25], [26.88, 26.88, 26.76, 26.75, 26.75, 26.75, 26.74, 26.72, 26.62, 26.55, 26.45, 26.35, 26.2, 26.12, 26.07, 26.12, 26.19, 26.24, 26.27, 26.29], [26.76, 26.76, 26.76, 26.74, 26.74, 26.74, 26.73, 26.73, 26.57, 26.53, 26.47, 26.39, 26.26, 26.18, 26.2, 26.24, 26.29, 26.32, 26.33, 26.33], [26.75, 26.75, 26.75, 26.74, 26.74, 26.74, 26.74, 26.75, 26.56, 26.54, 26.5, 26.44, 26.35, 26.26, 26.3, 26.34, 26.38, 26.39, 26.38, 26.37], [26.75, 26.75, 26.75, 26.76, 26.76, 26.76, 26.76, 26.76, 26.77, 26.77, 26.77, 26.72, 26.64, 26.32, 26.36, 26.42, 26.47, 26.46, 26.43, 26.4], [26.76, 26.76, 26.76, 26.77, 26.77, 26.77, 26.77, 26.77, 26.78, 26.78, 26.78, 26.75, 26.65, 26.62, 26.6, 26.46, 26.55, 26.5, 26.46, 26.42], [26.77, 26.77, 26.77, 26.77, 26.77, 26.77, 26.78, 26.78, 26.79, 26.79, 26.79, 26.76, 26.74, 26.63, 26.6, 26.58, 26.49, 26.49, 26.46, 26.43], [26.77, 26.77, 26.77, 26.77, 26.77, 26.78, 26.78, 26.78, 26.79, 26.79, 26.78, 26.76, 26.75, 26.63, 26.61, 26.59, 26.57, 26.56, 26.45, 26.43], [26.77, 26.77, 26.77, 26.77, 26.77, 26.78, 26.78, 26.78, 26.79, 26.79, 26.77, 26.76, 26.75, 26.64, 26.62, 26.6, 26.59, 26.58, 26.58, 26.59], [26.77, 26.77, 26.77, 26.77, 26.78, 26.78, 26.78, 26.78, 26.79, 26.78, 26.78, 26.76, 26.74, 26.71, 26.63, 26.61, 26.6, 26.59, 26.59, 26.59], [26.77, 26.77, 26.77, 26.78, 26.78, 26.78, 26.78, 26.79, 26.79, 26.79, 26.79, 26.76, 26.74, 26.72, 26.64, 26.63, 26.61, 26.61, 26.6, 26.6], [26.77, 26.77, 26.77, 26.78, 26.78, 26.78, 26.78, 26.79, 26.76, 26.77, 26.78, 26.76, 26.74, 26.72, 26.65, 26.64, 26.62, 26.62, 26.61, 26.61], [26.77, 26.77, 26.78, 26.78, 26.78, 26.78, 26.78, 26.78, 26.76, 26.76, 26.76, 26.75, 26.74, 26.73, 26.66, 26.64, 26.63, 26.62, 26.62, 26.61], [26.77, 26.77, 26.78, 26.78, 26.78, 26.78, 26.78, 26.75, 26.75, 26.75, 26.75, 26.75, 26.74, 26.72, 26.66, 26.65, 26.64, 26.63, 26.62, 26.62]]}