gis_exercise/awsData/contour/temp_2023091414.json
{"header": {"refTime": "2023-09-14T14:00:00.000Z", "nx": 21, "ny": 33, "lo1": 113.509, "la1": 22.2235, "lo2": 113.5947, "la2": 22.1034, "dx": 0.0042850000000001385, "dy": 0.003753125000000024, "parameterCategory": 0, "parameterCategoryName": "Temperature", "parameterNumber": 0}, "z": [[27.35, 27.36, 27.36, 27.36, 27.38, 27.42, 27.44, 27.46, 27.47, 27.57, 27.56, 27.55, 27.46, 27.46, 27.3, 27.27, 27.14, 27.12, 27.1, 27.09], [27.35, 27.35, 27.36, 27.37, 27.37, 27.4, 27.45, 27.48, 27.5, 27.57, 27.56, 27.55, 27.46, 27.45, 27.3, 27.16, 27.13, 27.1, 27.09, 27.08], [27.34, 27.35, 27.35, 27.36, 27.36, 27.39, 27.43, 27.49, 27.58, 27.58, 27.56, 27.54, 27.46, 27.45, 27.2, 27.15, 27.11, 27.08, 27.07, 27.06], [27.34, 27.34, 27.34, 27.35, 27.36, 27.36, 27.4, 27.45, 27.5, 27.57, 27.55, 27.53, 27.46, 27.41, 27.2, 27.14, 27.09, 27.05, 27.04, 27.04], [27.34, 27.34, 27.34, 27.34, 27.34, 27.32, 27.33, 27.36, 27.37, 27.54, 27.54, 27.39, 27.47, 27.42, 27.2, 27.11, 27.04, 27.0, 27.0, 27.01], [27.33, 27.33, 27.33, 27.32, 27.32, 27.31, 27.26, 27.25, 27.33, 27.37, 27.32, 27.4, 27.43, 27.4, 27.17, 27.07, 26.97, 26.93, 26.95, 26.98], [27.22, 27.33, 27.32, 27.32, 27.3, 27.28, 27.2, 27.23, 27.21, 27.1, 27.08, 27.36, 27.33, 27.35, 27.14, 27.02, 26.87, 26.81, 26.85, 26.9], [27.23, 27.23, 27.23, 27.23, 27.22, 27.2, 27.15, 27.11, 27.02, 27.09, 27.09, 27.2, 27.2, 27.35, 26.89, 26.94, 26.83, 26.79, 26.85, 26.9], [27.17, 27.18, 27.25, 27.25, 27.26, 27.24, 27.19, 27.12, 27.0, 27.11, 27.2, 27.2, 27.2, 27.2, 26.9, 26.96, 26.9, 26.87, 26.89, 26.91], [27.4, 27.4, 27.4, 27.21, 27.24, 27.31, 27.26, 27.19, 27.0, 27.0, 27.2, 27.2, 27.2, 27.2, 26.9, 26.98, 26.94, 26.92, 26.92, 26.93], [27.4, 27.4, 27.4, 27.4, 27.4, 27.4, 27.4, 27.4, 27.26, 27.0, -999.0, 27.2, 27.2, 27.2, 26.89, 27.0, 26.97, 26.95, 26.95, 26.95], [27.4, 27.4, 27.4, 27.4, 27.4, 27.4, 27.4, 27.4, 27.4, -999.0, -999.0, 27.2, 27.2, 27.2, 26.89, 27.01, 27.0, 26.42, 26.42, 26.42], [27.4, 27.4, 27.4, 27.4, 27.4, 27.4, 27.4, 27.4, 27.4, 27.4, -999.0, 27.2, 27.2, 26.55, 26.83, 26.52, 26.52, 26.46, 26.47, 26.47], [27.4, 27.4, 27.4, 27.4, 27.4, 27.4, 27.4, 27.4, 27.4, 27.4, -999.0, 26.2, 26.2, 26.2, 26.75, 26.48, 26.48, 26.42, 26.43, 26.45], [27.4, 27.4, 27.4, 27.4, 27.4, 27.4, 27.4, 27.5, 27.5, 27.5, 27.5, 27.0, 26.2, 26.2, 26.2, 26.43, 26.44, 26.39, 26.4, 26.42], [27.4, 27.4, 27.46, 27.46, 27.47, 27.5, 27.5, 27.5, 27.5, 27.5, 26.68, 26.77, 26.65, 26.54, 26.66, 26.16, 26.16, 26.17, 26.3, 26.31], [27.46, 27.46, 27.44, 27.44, 27.5, 27.5, 27.5, 27.5, 27.5, 27.5, 26.94, 26.78, 26.61, 26.45, 26.34, 26.21, 26.22, 26.22, 26.22, 26.23], [27.44, 27.44, 27.44, 27.44, 27.5, 27.5, 27.5, 27.5, 27.5, 27.17, 27.0, 26.8, 26.6, 26.36, 26.22, 26.21, 26.22, 26.22, 26.22, 26.23], [27.44, 27.44, 27.44, 27.5, 27.5, 27.5, 27.5, 27.5, 27.38, 27.25, 27.11, 26.94, 26.54, 26.4, 26.21, 26.21, 26.22, 26.22, 26.23, 26.23], [27.44, 27.44, 27.44, 27.45, 27.45, 27.45, 27.46, 27.48, 27.37, 27.26, 27.13, 26.99, 26.57, 26.46, 26.22, 26.22, 26.22, 26.23, 26.23, 26.23], [27.44, 27.44, 27.44, 27.46, 27.46, 27.46, 27.47, 27.47, 27.27, 27.22, 27.13, 27.03, 26.58, 26.22, 26.22, 26.22, 26.22, 26.23, 26.23, 26.23], [27.45, 27.45, 27.45, 27.46, 27.46, 27.46, 27.46, 27.45, 27.24, 27.2, 27.15, 27.08, 26.56, 26.22, 26.22, 26.22, 26.22, 26.23, 26.23, 26.24], [27.45, 27.45, 27.45, 27.44, 27.44, 27.44, 27.44, 27.44, 27.43, 27.43, 27.43, 27.09, 26.67, 26.23, 26.23, 26.22, 26.21, 26.23, 26.24, 26.24], [27.44, 27.44, 27.44, 27.43, 27.43, 27.43, 27.43, 27.43, 27.42, 27.42, 27.42, 27.08, 26.7, 26.57, 26.45, 26.22, 26.17, 26.25, 26.26, 26.25], [27.43, 27.43, 27.43, 27.43, 27.43, 27.43, 27.42, 27.42, 27.41, 27.41, 27.41, 27.12, 27.01, 26.59, 26.47, 26.38, 26.27, 26.31, 26.27, 26.26], [27.43, 27.43, 27.43, 27.43, 27.43, 27.42, 27.42, 27.42, 27.41, 27.41, 27.24, 27.15, 27.05, 26.61, 26.5, 26.43, 26.39, 26.39, 26.27, 26.26], [27.43, 27.43, 27.43, 27.43, 27.43, 27.42, 27.42, 27.42, 27.41, 27.41, 27.23, 27.17, 27.09, 26.66, 26.57, 26.49, 26.45, 26.43, 26.44, 26.45], [27.43, 27.43, 27.43, 27.43, 27.42, 27.42, 27.42, 27.42, 27.41, 27.27, 27.26, 27.25, 27.19, 27.11, 26.63, 26.56, 26.51, 26.48, 26.48, 26.48], [27.43, 27.43, 27.43, 27.42, 27.42, 27.42, 27.42, 27.41, 27.41, 27.3, 27.36, 27.28, 27.21, 27.13, 26.69, 26.61, 26.56, 26.53, 26.51, 26.51], [27.43, 27.43, 27.43, 27.42, 27.42, 27.42, 27.42, 27.41, 27.28, 27.32, 27.33, 27.28, 27.21, 27.15, 26.73, 26.65, 26.6, 26.57, 26.55, 26.54], [27.43, 27.43, 27.42, 27.42, 27.42, 27.42, 27.42, 27.42, 27.26, 27.28, 27.28, 27.25, 27.2, 27.15, 26.75, 26.68, 26.64, 26.6, 26.58, 26.56], [27.43, 27.43, 27.42, 27.42, 27.42, 27.42, 27.42, 27.23, 27.24, 27.25, 27.24, 27.22, 27.19, 27.15, 26.76, 26.7, 26.66, 26.63, 26.6, 26.59]]}