gis_exercise/awsData/contour/temp_2023090400.json
{"header": {"refTime": "2023-09-04T00:00:00.000Z", "nx": 21, "ny": 33, "lo1": 113.509, "la1": 22.2235, "lo2": 113.5947, "la2": 22.1034, "dx": 0.0042850000000001385, "dy": 0.003753125000000024, "parameterCategory": 0, "parameterCategoryName": "Temperature", "parameterNumber": 0}, "z": [[28.31, 28.31, 28.31, 28.24, 28.25, 28.56, 28.55, 28.55, 28.56, 28.55, 28.59, 28.63, 28.9, 28.93, 28.97, 28.98, 29.15, 29.14, 29.14, 29.14], [28.31, 28.31, 28.31, 28.31, 28.25, 28.26, 28.53, 28.52, 28.51, 28.53, 28.59, 28.66, 28.93, 28.96, 29.0, 29.15, 29.15, 29.14, 29.14, 29.14], [28.3, 28.31, 28.31, 28.31, 28.24, 28.25, 28.28, 28.49, 28.43, 28.51, 28.61, 28.7, 28.98, 29.0, 29.17, 29.16, 29.15, 29.14, 29.14, 29.13], [28.3, 28.3, 28.3, 28.31, 28.31, 28.24, 28.26, 28.29, 28.32, 28.53, 28.64, 28.79, 29.07, 28.97, 29.17, 29.15, 29.14, 29.14, 29.13, 29.13], [28.3, 28.3, 28.3, 28.3, 28.3, 28.23, 28.24, 28.25, 28.24, 28.54, 28.65, 28.99, 29.17, 29.02, 29.17, 29.15, 29.14, 29.13, 29.13, 29.13], [28.3, 28.3, 28.3, 28.3, 28.3, 28.29, 28.21, 28.21, 28.2, 28.18, 28.72, 28.9, 29.05, 29.2, 29.15, 29.14, 29.13, 29.12, 29.12, 29.12], [28.26, 28.3, 28.29, 28.29, 28.29, 28.28, 28.17, 28.19, 28.18, 28.26, 28.29, 28.75, 29.13, 29.15, 29.14, 29.13, 29.11, 29.11, 29.14, 29.15], [28.26, 28.26, 28.26, 28.26, 28.26, 28.19, 28.18, 28.18, 28.22, 28.23, 28.13, 28.69, 28.7, 29.15, 29.06, 29.05, 29.07, 29.08, 29.07, 29.06], [28.24, 28.24, 28.26, 28.26, 28.26, 28.26, 28.25, 28.18, 28.14, 28.29, 28.38, 28.53, 28.6, 28.51, 29.06, 29.05, 29.06, 29.07, 29.06, 29.06], [28.3, 28.3, 28.3, 28.25, 28.26, 28.28, 28.27, 28.25, 28.09, 28.1, 28.61, 28.44, 28.49, 28.47, 29.06, 29.04, 29.05, 29.06, 29.06, 29.05], [28.3, 28.3, 28.3, 28.3, 28.3, 28.3, 28.3, 28.3, 28.26, 28.13, 28.0, 28.38, 28.43, 28.43, 29.06, 29.04, 29.05, 29.05, 29.05, 29.05], [28.3, 28.3, 28.3, 28.3, 28.3, 28.3, 28.3, 28.3, 28.3, -999.0, 28.0, 29.0, 29.0, 28.4, 29.06, 29.04, 29.04, 28.3, 28.32, 28.33], [28.3, 28.3, 28.3, 28.3, 28.3, 28.3, 28.3, 28.3, 28.3, 28.3, -999.0, 29.0, 29.0, 28.15, 28.52, 28.59, 28.6, 28.43, 28.45, 28.47], [28.3, 28.3, 28.3, 28.3, 28.3, 28.3, 28.3, 28.3, 28.3, 28.3, -999.0, 27.7, 27.7, 27.7, 28.41, 28.47, 28.5, 28.32, 28.36, 28.39], [28.3, 28.3, 28.3, 28.3, 28.3, 28.3, 28.3, 27.9, 27.9, 27.9, 27.9, 27.82, 27.7, 27.7, 27.7, 28.34, 28.38, 28.22, 28.27, 28.31], [28.3, 28.3, 28.05, 28.04, 28.04, 27.9, 27.9, 27.9, 27.9, 27.9, 27.77, 27.79, 27.77, 27.75, 27.77, 27.81, 27.83, 27.8, 28.14, 28.18], [28.04, 28.04, 28.16, 28.15, 27.9, 27.9, 27.9, 27.9, 27.9, 27.9, 27.81, 27.79, 27.76, 27.74, 27.76, 27.7, 27.71, 27.71, 27.71, 27.71], [28.16, 28.15, 28.15, 28.13, 27.9, 27.9, 27.9, 27.9, 27.9, 27.85, 27.82, 27.79, 27.76, 27.76, 27.71, 27.7, 27.71, 27.71, 27.71, 27.71], [28.15, 28.14, 28.13, 27.9, 27.9, 27.9, 27.9, 27.9, 27.88, 27.86, 27.81, 27.78, 27.81, 27.78, 27.7, 27.71, 27.71, 27.71, 27.71, 27.71], [28.14, 28.14, 27.79, 27.79, 27.8, 27.81, 27.83, 27.87, 27.86, 27.83, 27.8, 27.78, 27.83, 27.81, 27.71, 27.71, 27.71, 27.71, 27.71, 27.71], [27.78, 27.78, 27.78, 27.82, 27.82, 27.83, 27.83, 27.84, 27.82, 27.81, 27.79, 27.78, 27.84, 27.71, 27.72, 27.72, 27.72, 27.72, 27.71, 27.71], [27.81, 27.81, 27.81, 27.81, 27.81, 27.81, 27.82, 27.87, 27.79, 27.79, 27.78, 27.77, 27.8, 27.72, 27.72, 27.73, 27.74, 27.73, 27.71, 27.7], [27.8, 27.8, 27.8, 27.88, 27.87, 27.87, 27.86, 27.85, 27.84, 27.84, 27.85, 27.84, 27.71, 27.72, 27.73, 27.75, 27.77, 27.74, 27.71, 27.7], [27.89, 27.88, 27.88, 27.88, 27.87, 27.87, 27.85, 27.84, 27.82, 27.81, 27.83, 27.87, 27.71, 27.71, 27.72, 27.74, 27.86, 27.69, 27.68, 27.68], [27.89, 27.89, 27.88, 27.88, 27.87, 27.87, 27.85, 27.83, 27.79, 27.75, 27.81, 27.87, 27.9, 27.71, 27.71, 27.71, 27.65, 27.58, 27.65, 27.67], [27.89, 27.89, 27.89, 27.88, 27.88, 27.87, 27.86, 27.84, 27.8, 27.76, 27.84, 27.89, 27.91, 27.7, 27.7, 27.75, 27.7, 27.68, 27.66, 27.67], [27.89, 27.89, 27.89, 27.89, 27.88, 27.88, 27.87, 27.87, 27.85, 27.86, 27.9, 27.92, 27.93, 27.84, 27.8, 27.77, 27.74, 27.72, 27.73, 27.74], [27.89, 27.89, 27.89, 27.89, 27.89, 27.89, 27.89, 27.9, 27.91, 27.95, 27.97, 27.88, 27.83, 27.78, 27.82, 27.79, 27.77, 27.75, 27.75, 27.75], [27.9, 27.9, 27.9, 27.9, 27.9, 27.9, 27.91, 27.92, 27.95, 28.02, 28.04, 27.94, 27.86, 27.8, 27.84, 27.81, 27.79, 27.78, 27.77, 27.77], [27.9, 27.9, 27.9, 27.9, 27.91, 27.91, 27.92, 27.94, 27.91, 27.97, 28.01, 27.94, 27.87, 27.82, 27.86, 27.83, 27.81, 27.8, 27.79, 27.78], [27.9, 27.9, 27.91, 27.91, 27.91, 27.92, 27.93, 27.94, 27.9, 27.93, 27.93, 27.91, 27.86, 27.82, 27.87, 27.84, 27.82, 27.81, 27.8, 27.8], [27.9, 27.91, 27.91, 27.91, 27.92, 27.92, 27.93, 27.86, 27.88, 27.89, 27.89, 27.88, 27.85, 27.82, 27.87, 27.85, 27.83, 27.82, 27.81, 27.8]]}