gis_exercise/awsData/contour/temp_2023090422.json
{"header": {"refTime": "2023-09-04T22:00:00.000Z", "nx": 21, "ny": 33, "lo1": 113.509, "la1": 22.2235, "lo2": 113.5947, "la2": 22.1034, "dx": 0.0042850000000001385, "dy": 0.003753125000000024, "parameterCategory": 0, "parameterCategoryName": "Temperature", "parameterNumber": 0}, "z": [[30.46, 30.44, 30.42, 30.1, 30.09, 30.22, 30.2, 30.19, 30.18, 30.06, 30.08, 30.1, 30.25, 30.27, 30.14, 30.13, 30.22, 30.21, 30.2, 30.2], [30.47, 30.45, 30.43, 30.41, 30.1, 30.09, 30.19, 30.15, 30.13, 30.05, 30.08, 30.11, 30.27, 30.28, 30.15, 30.23, 30.22, 30.2, 30.19, 30.19], [30.48, 30.47, 30.45, 30.42, 30.1, 30.09, 30.08, 30.13, 30.03, 30.05, 30.09, 30.13, 30.29, 30.3, 30.26, 30.23, 30.2, 30.19, 30.18, 30.17], [30.49, 30.48, 30.47, 30.45, 30.42, 30.11, 30.09, 30.07, 30.05, 30.05, 30.1, 30.17, 30.32, 30.28, 30.26, 30.22, 30.19, 30.16, 30.15, 30.15], [30.51, 30.51, 30.49, 30.48, 30.45, 30.12, 30.12, 30.11, 30.09, 30.06, 30.11, 30.28, 30.35, 30.3, 30.26, 30.2, 30.15, 30.13, 30.12, 30.13], [30.53, 30.53, 30.53, 30.51, 30.5, 30.47, 30.16, 30.16, 30.14, 30.09, 30.17, 30.25, 30.31, 30.4, 30.25, 30.17, 30.1, 30.07, 30.09, 30.11], [30.78, 30.56, 30.56, 30.56, 30.55, 30.53, 30.45, 30.24, 30.23, 30.16, 30.09, 30.2, 30.4, 30.4, 30.23, 30.14, 30.03, 29.98, 29.99, 30.02], [30.79, 30.79, 30.79, 30.79, 30.78, 30.53, 30.48, 30.45, 30.41, 30.13, 29.93, 30.22, 30.22, 30.4, 30.09, 30.14, 30.03, 29.99, 30.05, 30.1], [30.71, 30.72, 30.81, 30.82, 30.82, 30.8, 30.74, 30.47, 30.28, 30.18, 30.03, 30.12, 30.16, 30.1, 30.1, 30.16, 30.1, 30.07, 30.09, 30.11], [31.0, 31.0, 31.0, 30.77, 30.8, 30.89, 30.83, 30.74, 30.1, 30.14, 30.16, 30.06, 30.1, 30.08, 30.1, 30.18, 30.14, 30.12, 30.12, 30.13], [31.0, 31.0, 31.0, 31.0, 31.0, 31.0, 31.0, 31.0, 30.82, 30.26, 29.8, 30.03, 30.06, 30.06, 30.09, 30.2, 30.17, 30.15, 30.15, 30.15], [31.0, 31.0, 31.0, 31.0, 31.0, 31.0, 31.0, 31.0, 31.0, -999.0, 29.8, 30.4, 30.4, 30.04, 30.09, 30.21, 30.2, 28.93, 28.96, 28.96], [31.0, 31.0, 31.0, 31.0, 31.0, 31.0, 31.0, 31.0, 31.0, 31.0, -999.0, 30.4, 30.4, 28.96, 29.6, 29.28, 29.29, 29.08, 29.11, 29.13], [31.0, 31.0, 31.0, 31.0, 31.0, 31.0, 31.0, 31.0, 31.0, 31.0, -999.0, 28.2, 28.2, 28.2, 29.41, 29.14, 29.17, 28.95, 29.0, 29.03], [31.0, 31.0, 31.0, 31.0, 31.0, 31.0, 31.0, 30.0, 30.0, 30.0, 30.0, 29.31, 28.2, 28.2, 28.2, 28.98, 29.03, 28.83, 28.89, 28.94], [31.0, 31.0, 30.37, 30.36, 30.34, 30.0, 30.0, 30.0, 30.0, 30.0, 28.87, 29.0, 28.82, 28.67, 28.84, 28.53, 28.58, 28.49, 28.89, 28.94], [30.36, 30.35, 30.65, 30.63, 30.0, 30.0, 30.0, 30.0, 30.0, 30.0, 29.23, 29.0, 28.77, 28.55, 28.52, 28.35, 28.41, 28.45, 28.48, 28.5], [30.64, 30.63, 30.61, 30.59, 30.0, 30.0, 30.0, 30.0, 30.0, 29.54, 29.3, 29.03, 28.75, 28.53, 28.25, 28.34, 28.41, 28.46, 28.49, 28.51], [30.62, 30.61, 30.58, 30.0, 30.0, 30.0, 30.0, 30.0, 29.84, 29.65, 29.48, 29.26, 28.86, 28.64, 28.33, 28.38, 28.45, 28.49, 28.52, 28.53], [30.61, 30.59, 30.0, 30.0, 30.0, 30.0, 30.0, 30.0, 29.83, 29.69, 29.51, 29.33, 28.94, 28.8, 28.43, 28.47, 28.51, 28.54, 28.55, 28.55], [30.0, 30.0, 30.0, 30.0, 30.0, 30.0, 30.0, 30.0, 29.72, 29.65, 29.53, 29.39, 29.01, 28.5, 28.51, 28.54, 28.57, 28.59, 28.59, 28.58], [30.0, 30.0, 30.0, 30.0, 30.0, 30.0, 30.0, 30.09, 29.69, 29.64, 29.57, 29.46, 29.07, 28.55, 28.58, 28.62, 28.65, 28.64, 28.62, 28.6], [30.0, 30.0, 30.0, 30.13, 30.12, 30.11, 30.11, 30.1, 30.09, 30.1, 30.11, 29.76, 29.2, 28.58, 28.62, 28.68, 28.74, 28.7, 28.64, 28.61], [30.14, 30.14, 30.14, 30.14, 30.13, 30.12, 30.12, 30.11, 30.09, 30.09, 30.1, 29.9, 29.22, 29.09, 28.97, 28.7, 28.9, 28.66, 28.62, 28.61], [30.15, 30.15, 30.15, 30.14, 30.14, 30.14, 30.13, 30.11, 30.08, 30.05, 30.1, 29.94, 29.87, 29.1, 28.97, 28.86, 28.61, 28.51, 28.59, 28.6], [30.16, 30.16, 30.16, 30.16, 30.15, 30.15, 30.14, 30.13, 30.1, 30.06, 30.02, 29.99, 29.92, 29.11, 28.99, 28.96, 28.84, 28.79, 28.59, 28.59], [30.16, 30.16, 30.17, 30.17, 30.17, 30.17, 30.17, 30.17, 30.16, 30.17, 30.08, 30.05, 29.98, 29.34, 29.18, 29.05, 28.96, 28.92, 28.92, 28.95], [30.17, 30.17, 30.17, 30.18, 30.18, 30.19, 30.2, 30.21, 30.23, 30.19, 30.21, 30.03, 29.88, 29.71, 29.28, 29.15, 29.06, 29.02, 29.0, 29.01], [30.18, 30.18, 30.18, 30.19, 30.19, 30.2, 30.22, 30.24, 30.29, 30.3, 30.37, 30.14, 29.94, 29.78, 29.37, 29.24, 29.16, 29.1, 29.08, 29.07], [30.18, 30.18, 30.19, 30.2, 30.2, 30.22, 30.23, 30.26, 30.1, 30.22, 30.3, 30.14, 29.96, 29.81, 29.43, 29.31, 29.23, 29.17, 29.14, 29.12], [30.19, 30.19, 30.2, 30.2, 30.21, 30.22, 30.24, 30.27, 30.06, 30.12, 30.13, 30.06, 29.94, 29.82, 29.47, 29.36, 29.28, 29.23, 29.19, 29.17], [30.19, 30.19, 30.2, 30.21, 30.22, 30.23, 30.24, 29.98, 30.01, 30.04, 30.03, 29.98, 29.9, 29.82, 29.48, 29.39, 29.32, 29.27, 29.23, 29.2]]}