gis_exercise/awsData/contour/temp_2023091115.json
{"header": {"refTime": "2023-09-11T15:00:00.000Z", "nx": 21, "ny": 33, "lo1": 113.509, "la1": 22.2235, "lo2": 113.5947, "la2": 22.1034, "dx": 0.0042850000000001385, "dy": 0.003753125000000024, "parameterCategory": 0, "parameterCategoryName": "Temperature", "parameterNumber": 0}, "z": [[26.54, 26.54, 26.53, 26.36, 26.37, 26.61, 26.62, 26.62, 26.63, 26.59, 26.6, 26.61, 26.81, 26.82, 26.77, 26.76, 26.8, 26.8, 26.79, 26.78], [26.54, 26.53, 26.53, 26.53, 26.37, 26.39, 26.61, 26.62, 26.62, 26.59, 26.6, 26.62, 26.82, 26.83, 26.78, 26.81, 26.8, 26.79, 26.78, 26.78], [26.54, 26.53, 26.53, 26.53, 26.36, 26.38, 26.41, 26.61, 26.6, 26.59, 26.61, 26.64, 26.84, 26.85, 26.84, 26.81, 26.79, 26.78, 26.77, 26.77], [26.54, 26.54, 26.53, 26.53, 26.53, 26.37, 26.39, 26.44, 26.48, 26.58, 26.61, 26.68, 26.88, 26.76, 26.84, 26.81, 26.78, 26.76, 26.76, 26.76], [26.54, 26.54, 26.53, 26.53, 26.52, 26.34, 26.36, 26.37, 26.37, 26.54, 26.59, 26.77, 26.9, 26.79, 26.84, 26.79, 26.76, 26.74, 26.74, 26.74], [26.54, 26.54, 26.54, 26.53, 26.52, 26.51, 26.32, 26.31, 26.3, 26.26, 26.56, 26.7, 26.81, 26.93, 26.82, 26.77, 26.72, 26.7, 26.71, 26.73], [26.52, 26.54, 26.54, 26.54, 26.53, 26.51, 26.32, 26.28, 26.26, 26.26, 26.26, 26.59, 26.89, 26.9, 26.8, 26.75, 26.68, 26.65, 26.67, 26.7], [26.53, 26.53, 26.53, 26.53, 26.52, 26.38, 26.35, 26.3, 26.3, 26.23, 26.12, 26.55, 26.56, 26.9, 26.67, 26.7, 26.65, 26.64, 26.66, 26.68], [26.47, 26.48, 26.55, 26.55, 26.56, 26.54, 26.49, 26.33, 26.2, 26.28, 26.31, 26.43, 26.48, 26.41, 26.68, 26.7, 26.68, 26.67, 26.67, 26.68], [26.7, 26.7, 26.7, 26.51, 26.54, 26.61, 26.56, 26.49, 26.13, 26.15, 26.49, 26.35, 26.4, 26.37, 26.68, 26.71, 26.7, 26.69, 26.69, 26.69], [26.7, 26.7, 26.7, 26.7, 26.7, 26.7, 26.7, 26.7, 26.56, 26.2, 26.0, 26.3, 26.34, 26.34, 26.68, 26.72, 26.71, 26.7, 26.7, 26.7], [26.7, 26.7, 26.7, 26.7, 26.7, 26.7, 26.7, 26.7, 26.7, -999.0, 26.0, 26.8, 26.8, 26.32, 26.68, 26.73, 26.72, 26.2, 26.21, 26.21], [26.7, 26.7, 26.7, 26.7, 26.7, 26.7, 26.7, 26.7, 26.7, 26.7, -999.0, 26.8, 26.8, 26.21, 26.47, 26.35, 26.35, 26.26, 26.28, 26.28], [26.7, 26.7, 26.7, 26.7, 26.7, 26.7, 26.7, 26.7, 26.7, 26.7, -999.0, 25.9, 25.9, 25.9, 26.39, 26.29, 26.3, 26.21, 26.23, 26.24], [26.7, 26.7, 26.7, 26.7, 26.7, 26.7, 26.7, 26.9, 26.9, 26.9, 26.9, 26.52, 25.9, 25.9, 25.9, 26.22, 26.24, 26.16, 26.19, 26.21], [26.7, 26.7, 26.83, 26.83, 26.83, 26.9, 26.9, 26.9, 26.9, 26.9, 26.27, 26.34, 26.25, 26.16, 26.26, 26.05, 26.07, 26.03, 26.19, 26.21], [26.83, 26.83, 26.77, 26.77, 26.9, 26.9, 26.9, 26.9, 26.9, 26.9, 26.47, 26.35, 26.22, 26.1, 26.06, 26.06, 26.12, 26.16, 26.2, 26.22], [26.77, 26.77, 26.78, 26.78, 26.9, 26.9, 26.9, 26.9, 26.9, 26.65, 26.51, 26.36, 26.21, 26.07, 25.92, 26.04, 26.12, 26.18, 26.21, 26.23], [26.78, 26.78, 26.78, 26.9, 26.9, 26.9, 26.9, 26.9, 26.81, 26.71, 26.54, 26.41, 26.25, 26.13, 26.03, 26.09, 26.16, 26.2, 26.23, 26.25], [26.78, 26.78, 26.67, 26.68, 26.7, 26.72, 26.75, 26.83, 26.76, 26.66, 26.54, 26.43, 26.29, 26.21, 26.13, 26.17, 26.21, 26.24, 26.26, 26.28], [26.66, 26.66, 26.67, 26.73, 26.74, 26.75, 26.77, 26.79, 26.65, 26.6, 26.53, 26.45, 26.32, 26.2, 26.21, 26.24, 26.27, 26.29, 26.3, 26.3], [26.71, 26.72, 26.72, 26.72, 26.72, 26.73, 26.73, 26.76, 26.58, 26.55, 26.51, 26.46, 26.22, 26.25, 26.27, 26.3, 26.32, 26.33, 26.34, 26.33], [26.71, 26.71, 26.71, 26.75, 26.75, 26.75, 26.74, 26.72, 26.71, 26.7, 26.71, 26.57, 26.46, 26.29, 26.31, 26.34, 26.35, 26.37, 26.37, 26.36], [26.76, 26.76, 26.75, 26.75, 26.74, 26.73, 26.71, 26.69, 26.66, 26.65, 26.67, 26.55, 26.47, 26.46, 26.45, 26.37, 26.35, 26.42, 26.4, 26.38], [26.76, 26.75, 26.75, 26.74, 26.73, 26.72, 26.7, 26.67, 26.61, 26.57, 26.64, 26.56, 26.55, 26.46, 26.45, 26.45, 26.44, 26.49, 26.42, 26.39], [26.75, 26.75, 26.75, 26.74, 26.73, 26.72, 26.7, 26.67, 26.62, 26.58, 26.58, 26.59, 26.58, 26.46, 26.46, 26.52, 26.52, 26.52, 26.41, 26.39], [26.75, 26.75, 26.75, 26.74, 26.74, 26.73, 26.71, 26.7, 26.68, 26.68, 26.63, 26.63, 26.61, 26.61, 26.58, 26.55, 26.54, 26.53, 26.53, 26.53], [26.75, 26.75, 26.75, 26.74, 26.74, 26.74, 26.73, 26.73, 26.74, 26.7, 26.72, 26.74, 26.71, 26.69, 26.6, 26.57, 26.56, 26.55, 26.55, 26.55], [26.75, 26.75, 26.75, 26.75, 26.75, 26.75, 26.75, 26.75, 26.78, 26.78, 26.85, 26.78, 26.74, 26.71, 26.62, 26.59, 26.58, 26.56, 26.56, 26.56], [26.76, 26.75, 26.75, 26.75, 26.75, 26.75, 26.76, 26.77, 26.76, 26.8, 26.83, 26.79, 26.75, 26.72, 26.64, 26.61, 26.59, 26.58, 26.57, 26.57], [26.76, 26.76, 26.76, 26.76, 26.76, 26.76, 26.77, 26.78, 26.75, 26.77, 26.78, 26.77, 26.74, 26.72, 26.65, 26.62, 26.6, 26.59, 26.58, 26.58], [26.76, 26.76, 26.76, 26.76, 26.76, 26.76, 26.77, 26.73, 26.74, 26.75, 26.76, 26.75, 26.73, 26.72, 26.65, 26.63, 26.61, 26.6, 26.59, 26.58]]}