gis_exercise/awsData/contour/temp_2023091113.json
{"header": {"refTime": "2023-09-11T13:00:00.000Z", "nx": 21, "ny": 33, "lo1": 113.509, "la1": 22.2235, "lo2": 113.5947, "la2": 22.1034, "dx": 0.0042850000000001385, "dy": 0.003753125000000024, "parameterCategory": 0, "parameterCategoryName": "Temperature", "parameterNumber": 0}, "z": [[26.57, 26.56, 26.56, 26.36, 26.37, 26.59, 26.6, 26.6, 26.61, 26.56, 26.56, 26.57, 26.74, 26.75, 26.7, 26.69, 26.7, 26.7, 26.69, 26.68], [26.57, 26.56, 26.56, 26.56, 26.37, 26.39, 26.59, 26.6, 26.61, 26.57, 26.57, 26.58, 26.75, 26.76, 26.7, 26.71, 26.7, 26.69, 26.68, 26.68], [26.57, 26.57, 26.56, 26.56, 26.36, 26.38, 26.41, 26.6, 26.6, 26.57, 26.57, 26.6, 26.77, 26.78, 26.74, 26.71, 26.69, 26.68, 26.67, 26.67], [26.57, 26.57, 26.56, 26.56, 26.55, 26.37, 26.39, 26.44, 26.48, 26.55, 26.57, 26.63, 26.8, 26.68, 26.74, 26.71, 26.68, 26.66, 26.66, 26.66], [26.57, 26.57, 26.57, 26.56, 26.55, 26.34, 26.36, 26.37, 26.37, 26.51, 26.55, 26.69, 26.81, 26.71, 26.74, 26.69, 26.66, 26.64, 26.64, 26.64], [26.58, 26.58, 26.57, 26.56, 26.55, 26.54, 26.32, 26.31, 26.3, 26.26, 26.5, 26.62, 26.73, 26.83, 26.72, 26.67, 26.62, 26.6, 26.61, 26.63], [26.58, 26.58, 26.58, 26.57, 26.56, 26.54, 26.35, 26.28, 26.26, 26.24, 26.24, 26.52, 26.79, 26.8, 26.7, 26.65, 26.58, 26.55, 26.57, 26.6], [26.59, 26.59, 26.59, 26.59, 26.58, 26.42, 26.37, 26.32, 26.29, 26.21, 26.11, 26.48, 26.49, 26.8, 26.57, 26.6, 26.55, 26.54, 26.56, 26.58], [26.51, 26.52, 26.61, 26.62, 26.62, 26.6, 26.54, 26.35, 26.2, 26.26, 26.27, 26.37, 26.42, 26.36, 26.58, 26.6, 26.58, 26.57, 26.57, 26.58], [26.8, 26.8, 26.8, 26.57, 26.6, 26.69, 26.63, 26.54, 26.13, 26.15, 26.43, 26.31, 26.35, 26.33, 26.58, 26.61, 26.6, 26.59, 26.59, 26.59], [26.8, 26.8, 26.8, 26.8, 26.8, 26.8, 26.8, 26.8, 26.62, 26.2, 26.0, 26.27, 26.3, 26.3, 26.58, 26.62, 26.61, 26.6, 26.6, 26.6], [26.8, 26.8, 26.8, 26.8, 26.8, 26.8, 26.8, 26.8, 26.8, -999.0, 26.0, 26.7, 26.7, 26.28, 26.58, 26.63, 26.62, 26.27, 26.28, 26.28], [26.8, 26.8, 26.8, 26.8, 26.8, 26.8, 26.8, 26.8, 26.8, 26.8, -999.0, 26.7, 26.7, 26.31, 26.48, 26.35, 26.36, 26.31, 26.32, 26.32], [26.8, 26.8, 26.8, 26.8, 26.8, 26.8, 26.8, 26.8, 26.8, 26.8, -999.0, 26.1, 26.1, 26.1, 26.43, 26.32, 26.33, 26.28, 26.29, 26.3], [26.8, 26.8, 26.8, 26.8, 26.8, 26.8, 26.8, 26.8, 26.8, 26.8, 26.8, 26.53, 26.1, 26.1, 26.1, 26.28, 26.3, 26.25, 26.26, 26.28], [26.8, 26.8, 26.8, 26.8, 26.8, 26.8, 26.8, 26.8, 26.8, 26.8, 26.36, 26.41, 26.34, 26.28, 26.35, 26.28, 26.31, 26.26, 26.34, 26.36], [26.8, 26.8, 26.8, 26.8, 26.8, 26.8, 26.8, 26.8, 26.8, 26.8, 26.5, 26.41, 26.32, 26.24, 26.24, 26.28, 26.34, 26.39, 26.42, 26.45], [26.8, 26.8, 26.8, 26.8, 26.8, 26.8, 26.8, 26.8, 26.8, 26.62, 26.53, 26.42, 26.31, 26.25, 26.12, 26.26, 26.34, 26.4, 26.44, 26.46], [26.8, 26.8, 26.8, 26.8, 26.8, 26.8, 26.8, 26.8, 26.74, 26.66, 26.62, 26.53, 26.38, 26.29, 26.24, 26.31, 26.38, 26.43, 26.47, 26.49], [26.8, 26.8, 26.86, 26.85, 26.85, 26.85, 26.84, 26.82, 26.75, 26.7, 26.63, 26.56, 26.42, 26.37, 26.36, 26.39, 26.44, 26.48, 26.5, 26.51], [26.86, 26.86, 26.86, 26.84, 26.84, 26.84, 26.83, 26.83, 26.71, 26.69, 26.65, 26.59, 26.45, 26.43, 26.45, 26.47, 26.51, 26.53, 26.54, 26.54], [26.85, 26.85, 26.85, 26.84, 26.84, 26.84, 26.84, 26.9, 26.71, 26.7, 26.67, 26.63, 26.52, 26.49, 26.51, 26.54, 26.57, 26.58, 26.58, 26.57], [26.85, 26.85, 26.85, 26.94, 26.93, 26.93, 26.93, 26.92, 26.92, 26.93, 26.93, 26.79, 26.77, 26.53, 26.56, 26.59, 26.61, 26.62, 26.61, 26.6], [26.95, 26.95, 26.95, 26.95, 26.94, 26.94, 26.94, 26.94, 26.93, 26.93, 26.94, 26.9, 26.78, 26.75, 26.73, 26.62, 26.63, 26.67, 26.64, 26.62], [26.96, 26.96, 26.96, 26.96, 26.95, 26.95, 26.95, 26.95, 26.93, 26.92, 26.95, 26.92, 26.89, 26.76, 26.74, 26.72, 26.68, 26.71, 26.66, 26.63], [26.96, 26.96, 26.96, 26.96, 26.97, 26.97, 26.97, 26.96, 26.95, 26.93, 26.94, 26.94, 26.92, 26.76, 26.74, 26.78, 26.77, 26.77, 26.65, 26.62], [26.97, 26.97, 26.97, 26.97, 26.98, 26.98, 26.98, 26.98, 26.98, 26.99, 26.98, 26.97, 26.95, 26.88, 26.84, 26.81, 26.79, 26.78, 26.78, 26.79], [26.97, 26.97, 26.98, 26.98, 26.99, 26.99, 27.0, 27.01, 27.03, 27.04, 27.05, 27.05, 27.02, 26.99, 26.87, 26.83, 26.81, 26.8, 26.8, 26.8], [26.98, 26.98, 26.98, 26.99, 26.99, 27.0, 27.01, 27.03, 27.06, 27.1, 27.16, 27.09, 27.04, 27.01, 26.89, 26.86, 26.84, 26.82, 26.82, 26.81], [26.98, 26.98, 26.99, 26.99, 27.0, 27.01, 27.02, 27.04, 27.07, 27.11, 27.14, 27.09, 27.05, 27.02, 26.91, 26.88, 26.85, 26.84, 26.83, 26.83], [26.98, 26.99, 26.99, 27.0, 27.01, 27.01, 27.03, 27.04, 27.06, 27.08, 27.09, 27.07, 27.05, 27.02, 26.92, 26.89, 26.87, 26.85, 26.84, 26.84], [26.99, 26.99, 27.0, 27.0, 27.01, 27.02, 27.03, 27.04, 27.05, 27.06, 27.06, 27.05, 27.04, 27.02, 26.92, 26.9, 26.88, 26.86, 26.85, 26.85]]}