gis_exercise/awsData/contour/temp_2023091400.json
{"header": {"refTime": "2023-09-14T00:00:00.000Z", "nx": 21, "ny": 33, "lo1": 113.509, "la1": 22.2235, "lo2": 113.5947, "la2": 22.1034, "dx": 0.0042850000000001385, "dy": 0.003753125000000024, "parameterCategory": 0, "parameterCategoryName": "Temperature", "parameterNumber": 0}, "z": [[27.5, 27.49, 27.49, 27.31, 27.32, 27.52, 27.52, 27.52, 27.53, 27.48, 27.49, 27.49, 27.62, 27.63, 27.62, 27.62, 27.61, 27.61, 27.6, 27.6], [27.5, 27.5, 27.49, 27.49, 27.32, 27.34, 27.51, 27.52, 27.52, 27.48, 27.49, 27.5, 27.63, 27.64, 27.63, 27.62, 27.61, 27.6, 27.6, 27.59], [27.5, 27.5, 27.49, 27.49, 27.32, 27.33, 27.36, 27.51, 27.5, 27.48, 27.5, 27.52, 27.65, 27.65, 27.64, 27.62, 27.61, 27.6, 27.59, 27.59], [27.5, 27.5, 27.5, 27.49, 27.49, 27.32, 27.34, 27.37, 27.4, 27.47, 27.5, 27.55, 27.68, 27.57, 27.64, 27.62, 27.6, 27.59, 27.58, 27.58], [27.51, 27.5, 27.5, 27.49, 27.49, 27.3, 27.31, 27.32, 27.32, 27.44, 27.48, 27.59, 27.71, 27.6, 27.64, 27.61, 27.59, 27.58, 27.57, 27.57], [27.51, 27.51, 27.5, 27.5, 27.49, 27.48, 27.29, 27.28, 27.27, 27.24, 27.41, 27.52, 27.62, 27.7, 27.62, 27.59, 27.57, 27.55, 27.56, 27.57], [27.52, 27.51, 27.51, 27.51, 27.5, 27.48, 27.32, 27.27, 27.25, 27.2, 27.19, 27.41, 27.63, 27.65, 27.6, 27.58, 27.54, 27.53, 27.56, 27.57], [27.53, 27.53, 27.53, 27.53, 27.52, 27.38, 27.35, 27.3, 27.28, 27.18, 27.08, 27.35, 27.35, 27.65, 27.5, 27.5, 27.5, 27.5, 27.5, 27.5], [27.47, 27.48, 27.55, 27.55, 27.56, 27.54, 27.49, 27.33, 27.2, 27.21, 27.19, 27.27, 27.3, 27.25, 27.5, 27.5, 27.5, 27.5, 27.5, 27.5], [27.7, 27.7, 27.7, 27.51, 27.54, 27.61, 27.56, 27.49, 27.13, 27.15, 27.3, 27.22, 27.25, 27.23, 27.5, 27.5, 27.5, 27.5, 27.5, 27.5], [27.7, 27.7, 27.7, 27.7, 27.7, 27.7, 27.7, 27.7, 27.56, 27.2, 27.0, 27.19, 27.21, 27.21, 27.5, 27.5, 27.5, 27.5, 27.5, 27.5], [27.7, 27.7, 27.7, 27.7, 27.7, 27.7, 27.7, 27.7, 27.7, -999.0, 27.0, 27.5, 27.5, 27.2, 27.5, 27.5, 27.5, 26.93, 26.95, 26.95], [27.7, 27.7, 27.7, 27.7, 27.7, 27.7, 27.7, 27.7, 27.7, 27.7, -999.0, 27.5, 27.5, 26.85, 27.13, 27.14, 27.14, 27.02, 27.04, 27.05], [27.7, 27.7, 27.7, 27.7, 27.7, 27.7, 27.7, 27.7, 27.7, 27.7, -999.0, 26.5, 26.5, 26.5, 27.05, 27.05, 27.07, 26.94, 26.97, 26.99], [27.7, 27.7, 27.7, 27.7, 27.7, 27.7, 27.7, 27.7, 27.7, 27.7, 27.7, 27.24, 26.5, 26.5, 26.5, 26.96, 26.99, 26.87, 26.91, 26.94], [27.7, 27.7, 27.7, 27.7, 27.7, 27.7, 27.7, 27.7, 27.7, 27.7, 26.94, 27.03, 26.91, 26.82, 26.93, 26.87, 26.92, 26.82, 27.03, 27.07], [27.7, 27.7, 27.7, 27.7, 27.7, 27.7, 27.7, 27.7, 27.7, 27.7, 27.18, 27.04, 26.88, 26.73, 26.75, 26.75, 26.84, 26.91, 26.96, 27.0], [27.7, 27.7, 27.7, 27.7, 27.7, 27.7, 27.7, 27.7, 27.7, 27.4, 27.23, 27.05, 26.87, 26.76, 26.54, 26.73, 26.85, 26.94, 26.99, 27.02], [27.7, 27.7, 27.7, 27.7, 27.7, 27.7, 27.7, 27.7, 27.59, 27.47, 27.34, 27.19, 27.01, 26.85, 26.71, 26.8, 26.91, 26.98, 27.03, 27.05], [27.7, 27.7, 27.64, 27.65, 27.65, 27.65, 27.66, 27.68, 27.58, 27.48, 27.35, 27.23, 27.08, 26.99, 26.88, 26.93, 27.0, 27.05, 27.08, 27.09], [27.64, 27.64, 27.64, 27.66, 27.66, 27.66, 27.67, 27.67, 27.49, 27.44, 27.36, 27.27, 27.15, 26.98, 27.01, 27.05, 27.1, 27.12, 27.13, 27.13], [27.65, 27.65, 27.65, 27.66, 27.66, 27.66, 27.66, 27.68, 27.46, 27.42, 27.37, 27.31, 27.18, 27.06, 27.1, 27.15, 27.19, 27.2, 27.19, 27.17], [27.65, 27.65, 27.65, 27.69, 27.69, 27.68, 27.68, 27.68, 27.67, 27.67, 27.67, 27.6, 27.45, 27.12, 27.17, 27.24, 27.3, 27.28, 27.23, 27.2], [27.69, 27.69, 27.69, 27.69, 27.69, 27.68, 27.68, 27.67, 27.66, 27.65, 27.66, 27.63, 27.45, 27.43, 27.41, 27.28, 27.41, 27.3, 27.25, 27.22], [27.69, 27.69, 27.69, 27.69, 27.69, 27.68, 27.68, 27.66, 27.64, 27.63, 27.65, 27.63, 27.63, 27.43, 27.4, 27.38, 27.28, 27.25, 27.24, 27.22], [27.69, 27.69, 27.69, 27.69, 27.69, 27.69, 27.68, 27.67, 27.65, 27.63, 27.64, 27.64, 27.64, 27.43, 27.4, 27.41, 27.38, 27.36, 27.23, 27.22], [27.7, 27.7, 27.69, 27.69, 27.69, 27.69, 27.69, 27.68, 27.68, 27.68, 27.67, 27.67, 27.66, 27.51, 27.47, 27.44, 27.41, 27.4, 27.4, 27.41], [27.7, 27.7, 27.7, 27.7, 27.7, 27.7, 27.7, 27.7, 27.71, 27.7, 27.71, 27.65, 27.61, 27.57, 27.49, 27.46, 27.44, 27.43, 27.42, 27.42], [27.7, 27.7, 27.7, 27.7, 27.7, 27.7, 27.71, 27.71, 27.73, 27.74, 27.76, 27.69, 27.63, 27.59, 27.52, 27.48, 27.46, 27.45, 27.44, 27.44], [27.7, 27.7, 27.7, 27.7, 27.7, 27.71, 27.71, 27.72, 27.67, 27.71, 27.74, 27.69, 27.64, 27.6, 27.53, 27.5, 27.48, 27.47, 27.46, 27.45], [27.7, 27.7, 27.7, 27.7, 27.71, 27.71, 27.71, 27.72, 27.66, 27.68, 27.69, 27.67, 27.63, 27.6, 27.54, 27.51, 27.49, 27.48, 27.47, 27.46], [27.7, 27.7, 27.7, 27.71, 27.71, 27.71, 27.72, 27.64, 27.65, 27.66, 27.66, 27.64, 27.62, 27.6, 27.55, 27.52, 27.5, 27.49, 27.48, 27.47]]}