gis_exercise/awsData/contour/temp_2023090917.json
{"header": {"refTime": "2023-09-09T17:00:00.000Z", "nx": 21, "ny": 33, "lo1": 113.509, "la1": 22.2235, "lo2": 113.5947, "la2": 22.1034, "dx": 0.0042850000000001385, "dy": 0.003753125000000024, "parameterCategory": 0, "parameterCategoryName": "Temperature", "parameterNumber": 0}, "z": [[26.18, 26.17, 26.17, 25.88, 25.88, 26.16, 26.16, 26.15, 26.15, 26.04, 26.06, 26.08, 26.36, 26.38, 26.36, 26.37, 26.5, 26.5, 26.49, 26.49], [26.19, 26.18, 26.17, 26.16, 25.88, 25.89, 26.14, 26.12, 26.11, 26.03, 26.06, 26.1, 26.38, 26.4, 26.38, 26.51, 26.5, 26.49, 26.49, 26.49], [26.19, 26.18, 26.18, 26.16, 25.88, 25.89, 25.91, 26.1, 26.03, 26.02, 26.07, 26.13, 26.41, 26.43, 26.52, 26.51, 26.5, 26.49, 26.49, 26.48], [26.2, 26.19, 26.19, 26.17, 26.16, 25.89, 25.9, 25.92, 25.93, 26.02, 26.08, 26.19, 26.47, 26.34, 26.52, 26.5, 26.49, 26.48, 26.48, 26.48], [26.21, 26.2, 26.2, 26.19, 26.17, 25.88, 25.89, 25.89, 25.88, 26.0, 26.07, 26.35, 26.5, 26.38, 26.52, 26.5, 26.48, 26.47, 26.47, 26.47], [26.22, 26.22, 26.21, 26.21, 26.19, 26.18, 25.89, 25.89, 25.86, 25.8, 26.11, 26.27, 26.4, 26.57, 26.51, 26.49, 26.46, 26.45, 26.46, 26.46], [26.32, 26.23, 26.23, 26.23, 26.22, 26.2, 26.02, 25.91, 25.89, 25.86, 25.82, 26.16, 26.54, 26.55, 26.5, 26.47, 26.44, 26.43, 26.44, 26.45], [26.33, 26.33, 26.33, 26.33, 26.32, 26.09, 26.06, 26.03, 26.04, 25.81, 25.58, 26.16, 26.17, 26.55, 26.44, 26.45, 26.43, 26.42, 26.43, 26.44], [26.27, 26.28, 26.35, 26.35, 26.36, 26.34, 26.29, 26.04, 25.88, 25.89, 25.82, 25.98, 26.06, 25.96, 26.44, 26.45, 26.44, 26.43, 26.44, 26.44], [26.5, 26.5, 26.5, 26.31, 26.34, 26.41, 26.36, 26.29, 25.7, 25.74, 26.07, 25.88, 25.94, 25.92, 26.44, 26.46, 26.45, 26.44, 26.44, 26.45], [26.5, 26.5, 26.5, 26.5, 26.5, 26.5, 26.5, 26.5, 26.36, 25.86, 25.4, 25.82, 25.87, 25.87, 26.44, 26.46, 26.45, 26.45, 26.45, 26.45], [26.5, 26.5, 26.5, 26.5, 26.5, 26.5, 26.5, 26.5, 26.5, -999.0, 25.4, 26.5, 26.5, 25.84, 26.44, 26.46, 26.46, 25.77, 25.79, 25.79], [26.5, 26.5, 26.5, 26.5, 26.5, 26.5, 26.5, 26.5, 26.5, 26.5, -999.0, 26.5, 26.5, 25.72, 26.06, 26.0, 26.01, 25.87, 25.89, 25.9], [26.5, 26.5, 26.5, 26.5, 26.5, 26.5, 26.5, 26.5, 26.5, 26.5, -999.0, 25.3, 25.3, 25.3, 25.96, 25.91, 25.93, 25.79, 25.82, 25.84], [26.5, 26.5, 26.5, 26.5, 26.5, 26.5, 26.5, 26.5, 26.5, 26.5, 26.5, 26.04, 25.3, 25.3, 25.3, 25.8, 25.84, 25.71, 25.75, 25.78], [26.5, 26.5, 26.5, 26.5, 26.5, 26.5, 26.5, 26.5, 26.5, 26.5, 25.74, 25.83, 25.71, 25.62, 25.73, 25.63, 25.68, 25.59, 25.83, 25.87], [26.5, 26.5, 26.5, 26.5, 26.5, 26.5, 26.5, 26.5, 26.5, 26.5, 25.98, 25.84, 25.68, 25.53, 25.54, 25.54, 25.62, 25.69, 25.74, 25.77], [26.5, 26.5, 26.5, 26.5, 26.5, 26.5, 26.5, 26.5, 26.5, 26.2, 26.03, 25.85, 25.67, 25.55, 25.34, 25.51, 25.63, 25.71, 25.76, 25.79], [26.5, 26.5, 26.5, 26.5, 26.5, 26.5, 26.5, 26.5, 26.39, 26.27, 26.12, 25.97, 25.79, 25.64, 25.49, 25.58, 25.68, 25.75, 25.79, 25.82], [26.5, 26.5, 26.39, 26.39, 26.4, 26.41, 26.43, 26.47, 26.37, 26.26, 26.13, 26.0, 25.86, 25.77, 25.65, 25.7, 25.77, 25.81, 25.84, 25.86], [26.38, 26.38, 26.38, 26.42, 26.42, 26.43, 26.43, 26.44, 26.27, 26.21, 26.13, 26.04, 25.92, 25.75, 25.77, 25.82, 25.86, 25.88, 25.89, 25.89], [26.41, 26.41, 26.41, 26.41, 26.41, 26.41, 26.42, 26.47, 26.22, 26.19, 26.14, 26.07, 25.91, 25.83, 25.86, 25.91, 25.95, 25.96, 25.95, 25.93], [26.4, 26.4, 26.4, 26.48, 26.47, 26.47, 26.46, 26.45, 26.44, 26.44, 26.45, 26.33, 26.18, 25.88, 25.93, 25.99, 26.04, 26.03, 25.99, 25.96], [26.49, 26.48, 26.48, 26.48, 26.47, 26.47, 26.45, 26.44, 26.42, 26.41, 26.43, 26.38, 26.18, 26.16, 26.14, 26.02, 26.13, 26.05, 26.01, 25.98], [26.49, 26.49, 26.48, 26.48, 26.47, 26.47, 26.45, 26.43, 26.39, 26.35, 26.41, 26.39, 26.38, 26.16, 26.14, 26.13, 26.04, 26.02, 26.01, 25.98], [26.49, 26.49, 26.49, 26.48, 26.48, 26.47, 26.46, 26.44, 26.4, 26.36, 26.39, 26.41, 26.41, 26.16, 26.14, 26.19, 26.15, 26.14, 26.0, 25.98], [26.49, 26.49, 26.49, 26.49, 26.48, 26.48, 26.47, 26.47, 26.45, 26.46, 26.45, 26.45, 26.44, 26.31, 26.26, 26.22, 26.19, 26.18, 26.18, 26.19], [26.49, 26.49, 26.49, 26.49, 26.49, 26.49, 26.49, 26.5, 26.51, 26.51, 26.53, 26.48, 26.43, 26.38, 26.29, 26.25, 26.22, 26.21, 26.2, 26.21], [26.5, 26.5, 26.5, 26.5, 26.5, 26.5, 26.51, 26.52, 26.55, 26.59, 26.64, 26.54, 26.46, 26.4, 26.32, 26.28, 26.25, 26.24, 26.23, 26.22], [26.5, 26.5, 26.5, 26.5, 26.51, 26.51, 26.52, 26.54, 26.51, 26.57, 26.61, 26.54, 26.47, 26.42, 26.34, 26.31, 26.28, 26.26, 26.25, 26.24], [26.5, 26.5, 26.51, 26.51, 26.51, 26.52, 26.53, 26.54, 26.5, 26.53, 26.53, 26.51, 26.46, 26.42, 26.36, 26.32, 26.3, 26.28, 26.26, 26.26], [26.5, 26.51, 26.51, 26.51, 26.52, 26.52, 26.53, 26.46, 26.48, 26.49, 26.49, 26.48, 26.45, 26.42, 26.36, 26.33, 26.31, 26.29, 26.28, 26.27]]}