gis_exercise/awsData/contour/temp_2023090305.json
{"header": {"refTime": "2023-09-03T05:00:00.000Z", "nx": 21, "ny": 33, "lo1": 113.509, "la1": 22.2235, "lo2": 113.5947, "la2": 22.1034, "dx": 0.0042850000000001385, "dy": 0.003753125000000024, "parameterCategory": 0, "parameterCategoryName": "Temperature", "parameterNumber": 0}, "z": [[27.0, 26.99, 26.99, 26.76, 26.77, 26.97, 26.97, 26.98, 26.99, 26.93, 26.93, 26.94, 27.08, 27.08, 27.11, 27.11, 27.11, 27.11, 27.11, 27.11], [27.0, 26.99, 26.99, 26.99, 26.77, 26.79, 26.97, 26.98, 26.99, 26.94, 26.94, 26.94, 27.09, 27.09, 27.12, 27.11, 27.11, 27.11, 27.11, 27.11], [27.0, 27.0, 26.99, 26.99, 26.76, 26.78, 26.81, 26.98, 27.0, 26.95, 26.94, 26.96, 27.1, 27.1, 27.12, 27.11, 27.11, 27.11, 27.11, 27.1], [27.0, 27.0, 26.99, 26.99, 26.98, 26.77, 26.79, 26.84, 26.88, 26.93, 26.94, 26.98, 27.12, 27.0, 27.12, 27.11, 27.11, 27.11, 27.1, 27.1], [27.01, 27.0, 27.0, 26.99, 26.98, 26.74, 26.76, 26.77, 26.77, 26.88, 26.91, 27.0, 27.12, 27.02, 27.12, 27.11, 27.11, 27.1, 27.1, 27.1], [27.01, 27.01, 27.01, 27.0, 26.98, 26.96, 26.72, 26.71, 26.7, 26.66, 26.84, 26.95, 27.04, 27.13, 27.11, 27.11, 27.1, 27.1, 27.1, 27.1], [27.03, 27.02, 27.02, 27.01, 27.0, 26.97, 26.77, 26.68, 26.66, 26.62, 26.61, 26.85, 27.09, 27.1, 27.1, 27.1, 27.1, 27.1, 27.12, 27.12], [27.04, 27.05, 27.05, 27.04, 27.03, 26.86, 26.8, 26.73, 26.68, 26.6, 26.49, 26.82, 26.82, 27.1, 27.06, 27.05, 27.07, 27.08, 27.07, 27.06], [26.96, 26.97, 27.07, 27.08, 27.08, 27.06, 26.99, 26.78, 26.6, 26.64, 26.63, 26.72, 26.76, 26.7, 27.06, 27.05, 27.06, 27.07, 27.06, 27.06], [27.3, 27.3, 27.3, 27.02, 27.06, 27.16, 27.09, 26.99, 26.53, 26.55, 26.76, 26.66, 26.7, 26.68, 27.06, 27.04, 27.05, 27.06, 27.06, 27.05], [27.3, 27.3, 27.3, 27.3, 27.3, 27.3, 27.3, 27.3, 27.09, 26.6, 26.4, 26.63, 26.66, 26.66, 27.06, 27.04, 27.05, 27.05, 27.05, 27.05], [27.3, 27.3, 27.3, 27.3, 27.3, 27.3, 27.3, 27.3, 27.3, -999.0, 26.4, 27.0, 27.0, 26.64, 27.06, 27.04, 27.04, 26.36, 26.38, 26.38], [27.3, 27.3, 27.3, 27.3, 27.3, 27.3, 27.3, 27.3, 27.3, 27.3, -999.0, 27.0, 27.0, 26.22, 26.56, 26.63, 26.64, 26.48, 26.5, 26.51], [27.3, 27.3, 27.3, 27.3, 27.3, 27.3, 27.3, 27.3, 27.3, 27.3, -999.0, 25.8, 25.8, 25.8, 26.46, 26.52, 26.54, 26.38, 26.41, 26.44], [27.3, 27.3, 27.3, 27.3, 27.3, 27.3, 27.3, 27.0, 27.0, 27.0, 27.0, 26.54, 25.8, 25.8, 25.8, 26.4, 26.43, 26.28, 26.33, 26.37], [27.3, 27.3, 27.11, 27.11, 27.1, 27.0, 27.0, 27.0, 27.0, 27.0, 26.24, 26.33, 26.21, 26.12, 26.23, 26.24, 26.31, 26.19, 26.46, 26.51], [27.11, 27.11, 27.19, 27.19, 27.0, 27.0, 27.0, 27.0, 27.0, 27.0, 26.48, 26.34, 26.18, 26.03, 26.08, 26.03, 26.11, 26.17, 26.22, 26.25], [27.19, 27.19, 27.18, 27.18, 27.0, 27.0, 27.0, 27.0, 27.0, 26.7, 26.53, 26.35, 26.17, 26.09, 25.84, 26.0, 26.12, 26.19, 26.24, 26.27], [27.19, 27.18, 27.18, 27.0, 27.0, 27.0, 27.0, 27.0, 26.89, 26.77, 26.62, 26.47, 26.35, 26.18, 25.99, 26.07, 26.17, 26.23, 26.27, 26.29], [27.18, 27.18, 26.89, 26.89, 26.9, 26.91, 26.93, 26.97, 26.87, 26.76, 26.63, 26.5, 26.43, 26.33, 26.14, 26.19, 26.25, 26.3, 26.32, 26.33], [26.88, 26.88, 26.88, 26.92, 26.92, 26.93, 26.93, 26.94, 26.77, 26.71, 26.63, 26.54, 26.5, 26.24, 26.26, 26.31, 26.35, 26.37, 26.37, 26.37], [26.91, 26.91, 26.91, 26.91, 26.91, 26.91, 26.92, 26.91, 26.72, 26.69, 26.64, 26.57, 26.51, 26.31, 26.36, 26.41, 26.45, 26.45, 26.42, 26.4], [26.9, 26.9, 26.9, 26.9, 26.9, 26.9, 26.9, 26.89, 26.89, 26.88, 26.88, 26.91, 26.66, 26.37, 26.42, 26.5, 26.58, 26.53, 26.45, 26.42], [26.9, 26.9, 26.9, 26.9, 26.89, 26.89, 26.88, 26.87, 26.86, 26.86, 26.86, 26.87, 26.66, 26.64, 26.63, 26.53, 26.77, 26.5, 26.44, 26.42], [26.9, 26.9, 26.89, 26.89, 26.89, 26.88, 26.88, 26.86, 26.84, 26.82, 26.85, 26.87, 26.89, 26.64, 26.61, 26.59, 26.44, 26.33, 26.41, 26.41], [26.9, 26.89, 26.89, 26.89, 26.89, 26.88, 26.87, 26.86, 26.84, 26.83, 26.85, 26.87, 26.89, 26.63, 26.6, 26.59, 26.53, 26.5, 26.4, 26.4], [26.89, 26.89, 26.89, 26.89, 26.88, 26.88, 26.87, 26.87, 26.86, 26.86, 26.87, 26.88, 26.89, 26.67, 26.64, 26.6, 26.57, 26.55, 26.55, 26.57], [26.89, 26.89, 26.89, 26.89, 26.88, 26.88, 26.88, 26.87, 26.87, 26.88, 26.88, 26.75, 26.7, 26.64, 26.65, 26.62, 26.6, 26.58, 26.58, 26.58], [26.89, 26.89, 26.89, 26.89, 26.88, 26.88, 26.88, 26.88, 26.88, 26.89, 26.86, 26.79, 26.72, 26.66, 26.67, 26.64, 26.62, 26.61, 26.6, 26.6], [26.89, 26.89, 26.89, 26.89, 26.89, 26.88, 26.88, 26.88, 26.78, 26.81, 26.84, 26.78, 26.73, 26.67, 26.68, 26.66, 26.64, 26.62, 26.62, 26.61], [26.89, 26.89, 26.89, 26.89, 26.89, 26.88, 26.88, 26.88, 26.76, 26.78, 26.78, 26.76, 26.72, 26.68, 26.69, 26.67, 26.65, 26.64, 26.63, 26.63], [26.89, 26.89, 26.89, 26.89, 26.89, 26.89, 26.89, 26.74, 26.75, 26.75, 26.75, 26.73, 26.7, 26.67, 26.7, 26.68, 26.66, 26.65, 26.64, 26.64]]}