gis_exercise/awsData/contour/temp_2023083120.json
{"header": {"refTime": "2023-08-31T20:00:00.000Z", "nx": 21, "ny": 33, "lo1": 113.509, "la1": 22.2235, "lo2": 113.5947, "la2": 22.1034, "dx": 0.0042850000000001385, "dy": 0.003753125000000024, "parameterCategory": 0, "parameterCategoryName": "Temperature", "parameterNumber": 0}, "z": [[30.01, 30.0, 29.99, 29.75, 29.75, 29.96, 29.96, 29.95, 29.95, 29.89, 29.92, 29.95, 30.13, 30.15, 29.99, 29.97, 30.06, 30.04, 30.03, 30.02], [30.02, 30.01, 30.0, 29.98, 29.76, 29.76, 29.94, 29.92, 29.91, 29.88, 29.92, 29.96, 30.15, 30.17, 30.01, 30.08, 30.05, 30.03, 30.01, 30.01], [30.02, 30.02, 30.01, 29.99, 29.76, 29.76, 29.76, 29.9, 29.83, 29.87, 29.93, 30.0, 30.19, 30.2, 30.12, 30.08, 30.04, 30.01, 29.99, 29.99], [30.03, 30.03, 30.02, 30.0, 29.99, 29.76, 29.76, 29.77, 29.77, 29.88, 29.95, 30.05, 30.25, 30.18, 30.13, 30.06, 30.01, 29.98, 29.96, 29.96], [30.04, 30.04, 30.03, 30.02, 30.0, 29.76, 29.76, 29.76, 29.75, 29.88, 29.96, 30.19, 30.31, 30.21, 30.12, 30.04, 29.96, 29.92, 29.92, 29.93], [30.06, 30.05, 30.05, 30.04, 30.03, 30.01, 29.76, 29.76, 29.75, 29.72, 30.0, 30.12, 30.23, 30.33, 30.1, 29.99, 29.89, 29.84, 29.86, 29.9], [30.18, 30.07, 30.07, 30.07, 30.05, 30.03, 29.92, 29.79, 29.77, 29.77, 29.76, 30.02, 30.29, 30.3, 30.07, 29.94, 29.78, 29.72, 29.75, 29.8], [30.19, 30.19, 30.19, 30.19, 30.18, 30.0, 29.95, 29.9, 29.87, 29.75, 29.61, 29.98, 29.99, 30.3, 29.82, 29.89, 29.76, 29.71, 29.78, 29.83], [30.11, 30.12, 30.21, 30.22, 30.22, 30.2, 30.14, 29.93, 29.77, 29.79, 29.77, 29.87, 29.92, 29.86, 29.84, 29.91, 29.84, 29.8, 29.82, 29.85], [30.4, 30.4, 30.4, 30.17, 30.2, 30.29, 30.23, 30.14, 29.67, 29.69, 29.93, 29.81, 29.85, 29.83, 29.84, 29.94, 29.89, 29.86, 29.86, 29.87], [30.4, 30.4, 30.4, 30.4, 30.4, 30.4, 30.4, 30.4, 30.22, 29.76, 29.5, 29.77, 29.8, 29.8, 29.83, 29.96, 29.92, 29.9, 29.9, 29.9], [30.4, 30.4, 30.4, 30.4, 30.4, 30.4, 30.4, 30.4, 30.4, -999.0, 29.5, 30.2, 30.2, 29.78, 29.83, 29.98, 29.96, 28.86, 28.88, 28.88], [30.4, 30.4, 30.4, 30.4, 30.4, 30.4, 30.4, 30.4, 30.4, 30.4, -999.0, 30.2, 30.2, 28.96, 29.51, 29.13, 29.14, 28.98, 29.0, 29.01], [30.4, 30.4, 30.4, 30.4, 30.4, 30.4, 30.4, 30.4, 30.4, 30.4, -999.0, 28.3, 28.3, 28.3, 29.34, 29.02, 29.04, 28.88, 28.91, 28.94], [30.4, 30.4, 30.4, 30.4, 30.4, 30.4, 30.4, 30.2, 30.2, 30.2, 30.2, 29.47, 28.3, 28.3, 28.3, 28.9, 28.93, 28.78, 28.83, 28.87], [30.4, 30.4, 30.27, 30.27, 30.27, 30.2, 30.2, 30.2, 30.2, 30.2, 29.0, 29.14, 28.96, 28.8, 28.98, 28.96, 29.06, 28.88, 29.13, 29.19], [30.27, 30.27, 30.33, 30.33, 30.2, 30.2, 30.2, 30.2, 30.2, 30.2, 29.38, 29.15, 28.9, 28.67, 28.73, 28.64, 28.75, 28.85, 28.91, 28.96], [30.33, 30.33, 30.32, 30.32, 30.2, 30.2, 30.2, 30.2, 30.2, 29.72, 29.46, 29.18, 28.88, 28.74, 28.36, 28.6, 28.77, 28.88, 28.94, 28.99], [30.32, 30.32, 30.32, 30.2, 30.2, 30.2, 30.2, 30.2, 30.03, 29.83, 29.6, 29.36, 29.15, 28.89, 28.58, 28.7, 28.84, 28.94, 28.99, 29.03], [30.32, 30.32, 30.03, 30.04, 30.05, 30.06, 30.09, 30.15, 29.99, 29.82, 29.62, 29.42, 29.27, 29.12, 28.8, 28.88, 28.97, 29.03, 29.06, 29.08], [30.02, 30.02, 30.03, 30.08, 30.08, 30.09, 30.1, 30.11, 29.83, 29.75, 29.62, 29.47, 29.38, 28.94, 28.98, 29.05, 29.11, 29.14, 29.14, 29.13], [30.06, 30.06, 30.06, 30.07, 30.07, 30.07, 30.07, 30.04, 29.76, 29.71, 29.63, 29.53, 29.4, 29.06, 29.12, 29.2, 29.26, 29.26, 29.21, 29.18], [30.05, 30.05, 30.05, 30.02, 30.02, 30.02, 30.01, 30.01, 30.0, 29.99, 29.99, 30.04, 29.61, 29.14, 29.21, 29.33, 29.45, 29.37, 29.26, 29.2], [30.01, 30.01, 30.01, 30.0, 30.0, 30.0, 29.99, 29.98, 29.97, 29.96, 29.96, 29.95, 29.62, 29.57, 29.55, 29.38, 29.75, 29.32, 29.24, 29.2], [30.0, 30.0, 30.0, 30.0, 29.99, 29.98, 29.97, 29.96, 29.94, 29.92, 29.94, 29.94, 29.96, 29.57, 29.52, 29.48, 29.23, 29.06, 29.18, 29.19], [30.0, 29.99, 29.99, 29.99, 29.98, 29.97, 29.96, 29.95, 29.93, 29.92, 29.92, 29.94, 29.95, 29.56, 29.51, 29.45, 29.36, 29.31, 29.18, 29.18], [29.99, 29.99, 29.99, 29.98, 29.98, 29.97, 29.96, 29.95, 29.94, 29.93, 29.93, 29.94, 29.95, 29.58, 29.52, 29.47, 29.42, 29.39, 29.4, 29.42], [29.99, 29.99, 29.98, 29.98, 29.97, 29.96, 29.96, 29.95, 29.94, 29.92, 29.92, 29.72, 29.64, 29.55, 29.55, 29.5, 29.46, 29.44, 29.44, 29.45], [29.99, 29.98, 29.98, 29.97, 29.97, 29.96, 29.95, 29.94, 29.93, 29.91, 29.85, 29.76, 29.67, 29.58, 29.57, 29.53, 29.5, 29.48, 29.47, 29.47], [29.98, 29.98, 29.98, 29.97, 29.97, 29.96, 29.95, 29.94, 29.76, 29.8, 29.82, 29.75, 29.67, 29.6, 29.59, 29.55, 29.52, 29.5, 29.49, 29.49], [29.98, 29.98, 29.97, 29.97, 29.97, 29.96, 29.95, 29.95, 29.74, 29.75, 29.75, 29.72, 29.66, 29.6, 29.6, 29.57, 29.54, 29.52, 29.51, 29.51], [29.98, 29.98, 29.97, 29.97, 29.97, 29.96, 29.96, 29.7, 29.71, 29.72, 29.71, 29.68, 29.64, 29.6, 29.61, 29.58, 29.56, 29.54, 29.53, 29.52]]}