gis_exercise/awsData/contour/temp_2023091108.json
{"header": {"refTime": "2023-09-11T08:00:00.000Z", "nx": 21, "ny": 33, "lo1": 113.509, "la1": 22.2235, "lo2": 113.5947, "la2": 22.1034, "dx": 0.0042850000000001385, "dy": 0.003753125000000024, "parameterCategory": 0, "parameterCategoryName": "Temperature", "parameterNumber": 0}, "z": [[26.7, 26.69, 26.69, 26.43, 26.44, 26.67, 26.67, 26.68, 26.69, 26.62, 26.61, 26.61, 26.8, 26.81, 26.78, 26.78, 26.8, 26.8, 26.79, 26.79], [26.7, 26.69, 26.69, 26.69, 26.44, 26.46, 26.67, 26.68, 26.69, 26.63, 26.62, 26.62, 26.81, 26.82, 26.79, 26.81, 26.8, 26.79, 26.79, 26.79], [26.7, 26.7, 26.69, 26.69, 26.44, 26.46, 26.49, 26.68, 26.7, 26.64, 26.62, 26.63, 26.82, 26.83, 26.82, 26.81, 26.8, 26.79, 26.79, 26.78], [26.7, 26.7, 26.69, 26.69, 26.68, 26.44, 26.47, 26.52, 26.56, 26.61, 26.61, 26.66, 26.84, 26.7, 26.82, 26.8, 26.79, 26.78, 26.78, 26.78], [26.71, 26.7, 26.7, 26.69, 26.68, 26.42, 26.43, 26.44, 26.44, 26.55, 26.58, 26.7, 26.82, 26.73, 26.82, 26.8, 26.78, 26.77, 26.77, 26.77], [26.71, 26.71, 26.71, 26.7, 26.68, 26.66, 26.39, 26.39, 26.37, 26.32, 26.53, 26.65, 26.75, 26.87, 26.81, 26.79, 26.76, 26.75, 26.76, 26.76], [26.73, 26.72, 26.72, 26.71, 26.7, 26.67, 26.45, 26.36, 26.33, 26.29, 26.28, 26.56, 26.84, 26.85, 26.8, 26.77, 26.74, 26.73, 26.74, 26.75], [26.74, 26.75, 26.75, 26.74, 26.73, 26.54, 26.48, 26.42, 26.38, 26.26, 26.13, 26.55, 26.56, 26.85, 26.74, 26.75, 26.73, 26.72, 26.73, 26.74], [26.66, 26.67, 26.77, 26.78, 26.78, 26.76, 26.69, 26.46, 26.27, 26.32, 26.31, 26.43, 26.48, 26.41, 26.74, 26.75, 26.74, 26.73, 26.74, 26.74], [27.0, 27.0, 27.0, 26.72, 26.76, 26.86, 26.79, 26.69, 26.17, 26.19, 26.49, 26.35, 26.4, 26.37, 26.74, 26.76, 26.75, 26.74, 26.74, 26.75], [27.0, 27.0, 27.0, 27.0, 27.0, 27.0, 27.0, 27.0, 26.79, 26.26, 26.0, 26.3, 26.34, 26.34, 26.74, 26.76, 26.75, 26.75, 26.75, 26.75], [27.0, 27.0, 27.0, 27.0, 27.0, 27.0, 27.0, 27.0, 27.0, -999.0, 26.0, 26.8, 26.8, 26.32, 26.74, 26.76, 26.76, 26.25, 26.26, 26.26], [27.0, 27.0, 27.0, 27.0, 27.0, 27.0, 27.0, 27.0, 27.0, 27.0, -999.0, 26.8, 26.8, 26.21, 26.47, 26.41, 26.41, 26.32, 26.33, 26.34], [27.0, 27.0, 27.0, 27.0, 27.0, 27.0, 27.0, 27.0, 27.0, 27.0, -999.0, 25.9, 25.9, 25.9, 26.39, 26.34, 26.35, 26.25, 26.28, 26.29], [27.0, 27.0, 27.0, 27.0, 27.0, 27.0, 27.0, 27.1, 27.1, 27.1, 27.1, 26.64, 25.9, 25.9, 25.9, 26.27, 26.29, 26.2, 26.23, 26.25], [27.0, 27.0, 27.06, 27.06, 27.07, 27.1, 27.1, 27.1, 27.1, 27.1, 26.34, 26.43, 26.31, 26.22, 26.33, 26.19, 26.24, 26.16, 26.33, 26.36], [27.06, 27.06, 27.04, 27.04, 27.1, 27.1, 27.1, 27.1, 27.1, 27.1, 26.58, 26.44, 26.28, 26.13, 26.13, 26.21, 26.32, 26.4, 26.46, 26.51], [27.04, 27.04, 27.04, 27.04, 27.1, 27.1, 27.1, 27.1, 27.1, 26.8, 26.63, 26.45, 26.27, 26.14, 25.93, 26.17, 26.33, 26.43, 26.49, 26.54], [27.04, 27.04, 27.04, 27.1, 27.1, 27.1, 27.1, 27.1, 26.99, 26.87, 26.79, 26.64, 26.37, 26.22, 26.15, 26.26, 26.39, 26.48, 26.54, 26.57], [27.04, 27.04, 27.21, 27.21, 27.2, 27.19, 27.17, 27.13, 27.01, 26.93, 26.82, 26.7, 26.44, 26.34, 26.35, 26.41, 26.49, 26.56, 26.6, 26.62], [27.22, 27.22, 27.22, 27.18, 27.18, 27.17, 27.17, 27.16, 26.96, 26.92, 26.84, 26.75, 26.49, 26.47, 26.5, 26.55, 26.6, 26.64, 26.66, 26.67], [27.19, 27.19, 27.19, 27.19, 27.19, 27.19, 27.18, 27.22, 26.96, 26.94, 26.89, 26.81, 26.61, 26.57, 26.61, 26.66, 26.7, 26.73, 26.73, 26.72], [27.2, 27.2, 27.2, 27.25, 27.25, 27.25, 27.25, 27.25, 27.25, 27.26, 27.26, 27.08, 27.07, 26.64, 26.69, 26.74, 26.78, 26.8, 26.8, 26.77], [27.26, 27.26, 27.26, 27.26, 27.26, 27.26, 27.26, 27.27, 27.27, 27.28, 27.28, 27.18, 27.08, 27.04, 27.0, 26.79, 26.78, 26.9, 26.86, 26.81], [27.26, 27.26, 27.26, 27.27, 27.27, 27.27, 27.28, 27.28, 27.29, 27.3, 27.29, 27.2, 27.15, 27.05, 27.01, 26.98, 26.93, 27.0, 26.89, 26.83], [27.27, 27.27, 27.27, 27.27, 27.28, 27.28, 27.29, 27.29, 27.3, 27.3, 27.25, 27.22, 27.17, 27.06, 27.03, 27.03, 27.03, 27.04, 26.87, 26.83], [27.27, 27.27, 27.28, 27.28, 27.28, 27.29, 27.29, 27.3, 27.31, 27.31, 27.26, 27.24, 27.19, 27.11, 27.08, 27.05, 27.05, 27.04, 27.04, 27.04], [27.27, 27.28, 27.28, 27.28, 27.29, 27.29, 27.3, 27.31, 27.32, 27.29, 27.3, 27.34, 27.33, 27.31, 27.1, 27.08, 27.06, 27.06, 27.05, 27.05], [27.28, 27.28, 27.28, 27.29, 27.29, 27.3, 27.31, 27.32, 27.33, 27.33, 27.38, 27.36, 27.34, 27.32, 27.13, 27.1, 27.08, 27.07, 27.06, 27.06], [27.28, 27.28, 27.29, 27.29, 27.3, 27.3, 27.31, 27.32, 27.35, 27.37, 27.37, 27.36, 27.34, 27.32, 27.14, 27.11, 27.1, 27.08, 27.08, 27.07], [27.28, 27.29, 27.29, 27.29, 27.3, 27.31, 27.31, 27.32, 27.35, 27.35, 27.36, 27.35, 27.34, 27.32, 27.15, 27.12, 27.11, 27.09, 27.09, 27.08], [27.28, 27.29, 27.29, 27.29, 27.3, 27.31, 27.31, 27.34, 27.34, 27.34, 27.34, 27.34, 27.33, 27.32, 27.15, 27.13, 27.12, 27.1, 27.09, 27.09]]}