gis_exercise/awsData/contour/temp_2023090803.json
{"header": {"refTime": "2023-09-08T03:00:00.000Z", "nx": 21, "ny": 33, "lo1": 113.509, "la1": 22.2235, "lo2": 113.5947, "la2": 22.1034, "dx": 0.0042850000000001385, "dy": 0.003753125000000024, "parameterCategory": 0, "parameterCategoryName": "Temperature", "parameterNumber": 0}, "z": [[25.99, 25.98, 25.97, 25.69, 25.7, 25.89, 25.9, 25.9, 25.91, 25.83, 25.83, 25.84, 26.0, 26.01, 26.01, 26.01, 26.04, 26.04, 26.03, 26.03], [25.99, 25.98, 25.98, 25.97, 25.7, 25.71, 25.89, 25.9, 25.9, 25.84, 25.84, 25.84, 26.01, 26.02, 26.02, 26.04, 26.04, 26.03, 26.03, 26.03], [26.0, 25.99, 25.98, 25.97, 25.69, 25.71, 25.74, 25.9, 25.9, 25.85, 25.84, 25.86, 26.02, 26.03, 26.05, 26.04, 26.04, 26.03, 26.03, 26.03], [26.0, 26.0, 25.99, 25.98, 25.96, 25.7, 25.72, 25.76, 25.79, 25.83, 25.84, 25.88, 26.04, 25.92, 26.05, 26.04, 26.03, 26.03, 26.03, 26.03], [26.01, 26.01, 26.0, 25.99, 25.97, 25.68, 25.69, 25.7, 25.7, 25.78, 25.81, 25.92, 26.03, 25.94, 26.05, 26.04, 26.03, 26.03, 26.02, 26.02], [26.02, 26.02, 26.01, 26.0, 25.98, 25.96, 25.66, 25.66, 25.64, 25.6, 25.77, 25.87, 25.96, 26.07, 26.04, 26.03, 26.02, 26.02, 26.02, 26.02], [26.09, 26.03, 26.03, 26.02, 26.01, 25.98, 25.77, 25.64, 25.62, 25.57, 25.56, 25.8, 26.04, 26.05, 26.03, 26.03, 26.01, 26.01, 26.02, 26.02], [26.1, 26.1, 26.11, 26.1, 26.09, 25.87, 25.81, 25.73, 25.67, 25.55, 25.41, 25.78, 25.79, 26.05, 26.0, 26.0, 26.0, 26.0, 26.0, 26.0], [26.0, 26.01, 26.13, 26.14, 26.15, 26.12, 26.04, 25.78, 25.57, 25.59, 25.57, 25.67, 25.72, 25.66, 26.0, 26.0, 26.0, 26.0, 26.0, 26.0], [26.4, 26.4, 26.4, 26.07, 26.12, 26.24, 26.16, 26.04, 25.47, 25.49, 25.73, 25.61, 25.65, 25.63, 26.0, 26.0, 26.0, 26.0, 26.0, 26.0], [26.4, 26.4, 26.4, 26.4, 26.4, 26.4, 26.4, 26.4, 26.15, 25.56, 25.3, 25.57, 25.6, 25.6, 26.0, 26.0, 26.0, 26.0, 26.0, 26.0], [26.4, 26.4, 26.4, 26.4, 26.4, 26.4, 26.4, 26.4, 26.4, -999.0, 25.3, 26.0, 26.0, 25.58, 26.0, 26.0, 26.0, 25.55, 25.56, 25.56], [26.4, 26.4, 26.4, 26.4, 26.4, 26.4, 26.4, 26.4, 26.4, 26.4, -999.0, 26.0, 26.0, 25.48, 25.71, 25.71, 25.71, 25.62, 25.63, 25.64], [26.4, 26.4, 26.4, 26.4, 26.4, 26.4, 26.4, 26.4, 26.4, 26.4, -999.0, 25.2, 25.2, 25.2, 25.64, 25.64, 25.65, 25.55, 25.58, 25.59], [26.4, 26.4, 26.4, 26.4, 26.4, 26.4, 26.4, 26.2, 26.2, 26.2, 26.2, 25.82, 25.2, 25.2, 25.2, 25.57, 25.59, 25.5, 25.53, 25.55], [26.4, 26.4, 26.27, 26.27, 26.27, 26.2, 26.2, 26.2, 26.2, 26.2, 25.57, 25.64, 25.55, 25.46, 25.56, 25.57, 25.62, 25.52, 25.68, 25.71], [26.27, 26.27, 26.33, 26.33, 26.2, 26.2, 26.2, 26.2, 26.2, 26.2, 25.77, 25.65, 25.52, 25.4, 25.43, 25.45, 25.54, 25.61, 25.66, 25.7], [26.33, 26.33, 26.32, 26.32, 26.2, 26.2, 26.2, 26.2, 26.2, 25.95, 25.81, 25.66, 25.51, 25.44, 25.23, 25.43, 25.55, 25.64, 25.69, 25.72], [26.32, 26.32, 26.32, 26.2, 26.2, 26.2, 26.2, 26.2, 26.11, 26.01, 25.93, 25.81, 25.65, 25.52, 25.41, 25.5, 25.61, 25.68, 25.73, 25.75], [26.32, 26.32, 26.26, 26.25, 26.25, 26.25, 26.24, 26.22, 26.12, 26.05, 25.95, 25.85, 25.72, 25.64, 25.58, 25.63, 25.7, 25.75, 25.78, 25.79], [26.26, 26.26, 26.26, 26.24, 26.24, 26.24, 26.23, 26.23, 26.07, 26.03, 25.97, 25.89, 25.78, 25.68, 25.71, 25.75, 25.8, 25.82, 25.83, 25.83], [26.25, 26.25, 26.25, 26.24, 26.24, 26.24, 26.24, 26.23, 26.06, 26.04, 26.0, 25.94, 25.88, 25.76, 25.8, 25.85, 25.89, 25.9, 25.89, 25.87], [26.25, 26.25, 26.25, 26.24, 26.24, 26.24, 26.24, 26.24, 26.25, 26.25, 26.25, 26.24, 26.15, 25.82, 25.87, 25.94, 26.0, 25.98, 25.93, 25.9], [26.24, 26.24, 26.24, 26.24, 26.24, 26.24, 26.25, 26.25, 26.26, 26.26, 26.26, 26.25, 26.15, 26.13, 26.11, 25.98, 26.11, 26.0, 25.95, 25.92], [26.24, 26.24, 26.24, 26.24, 26.24, 26.24, 26.25, 26.26, 26.27, 26.28, 26.27, 26.25, 26.24, 26.13, 26.1, 26.08, 25.98, 25.95, 25.94, 25.92], [26.24, 26.24, 26.24, 26.24, 26.24, 26.24, 26.25, 26.26, 26.27, 26.28, 26.26, 26.25, 26.24, 26.13, 26.1, 26.07, 26.05, 26.03, 25.93, 25.92], [26.24, 26.24, 26.24, 26.24, 26.24, 26.24, 26.25, 26.25, 26.25, 26.26, 26.25, 26.24, 26.24, 26.1, 26.09, 26.07, 26.06, 26.05, 26.06, 26.06], [26.24, 26.24, 26.24, 26.24, 26.24, 26.24, 26.24, 26.24, 26.24, 26.23, 26.23, 26.19, 26.17, 26.14, 26.1, 26.08, 26.07, 26.07, 26.07, 26.07], [26.24, 26.24, 26.24, 26.24, 26.24, 26.24, 26.24, 26.24, 26.23, 26.22, 26.2, 26.19, 26.17, 26.15, 26.1, 26.09, 26.08, 26.08, 26.07, 26.07], [26.24, 26.24, 26.24, 26.24, 26.24, 26.24, 26.24, 26.23, 26.19, 26.19, 26.19, 26.18, 26.17, 26.15, 26.11, 26.1, 26.09, 26.08, 26.08, 26.08], [26.24, 26.24, 26.24, 26.24, 26.24, 26.24, 26.23, 26.23, 26.19, 26.19, 26.18, 26.18, 26.17, 26.15, 26.11, 26.1, 26.09, 26.09, 26.09, 26.08], [26.24, 26.24, 26.24, 26.24, 26.23, 26.23, 26.23, 26.18, 26.18, 26.18, 26.18, 26.17, 26.16, 26.15, 26.11, 26.11, 26.1, 26.09, 26.09, 26.09]]}