gis_exercise/awsData/contour/temp_2023090316.json
{"header": {"refTime": "2023-09-03T16:00:00.000Z", "nx": 21, "ny": 33, "lo1": 113.509, "la1": 22.2235, "lo2": 113.5947, "la2": 22.1034, "dx": 0.0042850000000001385, "dy": 0.003753125000000024, "parameterCategory": 0, "parameterCategoryName": "Temperature", "parameterNumber": 0}, "z": [[30.71, 30.71, 30.71, 30.48, 30.5, 30.72, 30.74, 30.76, 30.77, 30.79, 30.78, 30.78, 31.08, 31.1, 30.66, 30.62, 30.74, 30.72, 30.7, 30.68], [30.71, 30.71, 30.71, 30.71, 30.5, 30.53, 30.74, 30.78, 30.8, 30.81, 30.79, 30.78, 31.08, 31.1, 30.66, 30.77, 30.73, 30.69, 30.67, 30.66], [30.71, 30.71, 30.7, 30.7, 30.49, 30.52, 30.58, 30.79, 30.88, 30.82, 30.79, 30.79, 31.09, 31.1, 30.82, 30.75, 30.7, 30.65, 30.63, 30.62], [30.71, 30.71, 30.7, 30.7, 30.69, 30.49, 30.54, 30.62, 30.69, 30.79, 30.78, 30.8, 31.08, 30.96, 30.82, 30.73, 30.65, 30.59, 30.57, 30.58], [30.71, 30.71, 30.7, 30.69, 30.68, 30.44, 30.46, 30.49, 30.5, 30.72, 30.74, 30.94, 30.98, 30.97, 30.82, 30.69, 30.57, 30.5, 30.5, 30.52], [30.72, 30.71, 30.7, 30.69, 30.67, 30.64, 30.39, 30.37, 30.36, 30.36, 30.83, 30.93, 30.98, 31.17, 30.81, 30.62, 30.44, 30.36, 30.4, 30.47], [30.65, 30.72, 30.71, 30.7, 30.68, 30.63, 30.38, 30.27, 30.25, 30.42, 30.51, 30.94, 31.28, 31.26, 30.8, 30.56, 30.24, 30.13, 30.1, 30.17], [30.67, 30.68, 30.68, 30.67, 30.65, 30.5, 30.41, 30.26, 30.19, 30.38, 30.34, 31.1, 31.11, 31.25, 30.5, 30.67, 30.32, 30.19, 30.39, 30.53], [30.53, 30.54, 30.72, 30.73, 30.74, 30.7, 30.58, 30.36, 30.13, 30.44, 30.7, 30.89, 30.98, 30.86, 30.54, 30.73, 30.53, 30.44, 30.49, 30.57], [31.1, 31.1, 31.1, 30.63, 30.7, 30.87, 30.75, 30.58, 30.16, 30.15, 30.99, 30.77, 30.84, 30.81, 30.54, 30.8, 30.67, 30.6, 30.6, 30.63], [31.1, 31.1, 31.1, 31.1, 31.1, 31.1, 31.1, 31.1, 30.75, 30.13, 30.2, 30.7, 30.75, 30.76, 30.52, 30.85, 30.76, 30.7, 30.69, 30.7], [31.1, 31.1, 31.1, 31.1, 31.1, 31.1, 31.1, 31.1, 31.1, -999.0, 30.2, 31.5, 31.5, 30.72, 30.5, 30.91, 30.85, 29.73, 29.73, 29.73], [31.1, 31.1, 31.1, 31.1, 31.1, 31.1, 31.1, 31.1, 31.1, 31.1, -999.0, 31.5, 31.5, 30.26, 30.81, 29.79, 29.79, 29.76, 29.76, 29.76], [31.1, 31.1, 31.1, 31.1, 31.1, 31.1, 31.1, 31.1, 31.1, 31.1, -999.0, 29.6, 29.6, 29.6, 30.64, 29.77, 29.77, 29.73, 29.74, 29.75], [31.1, 31.1, 31.1, 31.1, 31.1, 31.1, 31.1, 31.4, 31.4, 31.4, 31.4, 30.71, 29.6, 29.6, 29.6, 29.74, 29.75, 29.71, 29.72, 29.73], [31.1, 31.1, 31.29, 31.29, 31.3, 31.4, 31.4, 31.4, 31.4, 31.4, 30.27, 30.4, 30.22, 30.07, 30.24, 29.45, 29.43, 29.47, 29.57, 29.57], [31.29, 31.29, 31.21, 31.21, 31.4, 31.4, 31.4, 31.4, 31.4, 31.4, 30.63, 30.4, 30.17, 29.95, 29.77, 29.69, 29.73, 29.75, 29.77, 29.79], [31.21, 31.21, 31.22, 31.22, 31.4, 31.4, 31.4, 31.4, 31.4, 30.94, 30.7, 30.43, 30.15, 29.79, 29.62, 29.68, 29.73, 29.76, 29.78, 29.8], [31.21, 31.22, 31.22, 31.4, 31.4, 31.4, 31.4, 31.4, 31.24, 31.05, 30.71, 30.48, 30.02, 29.84, 29.67, 29.7, 29.74, 29.77, 29.79, 29.81], [31.22, 31.22, 30.89, 30.91, 30.94, 30.99, 31.06, 31.25, 31.13, 30.93, 30.71, 30.52, 30.05, 29.9, 29.73, 29.74, 29.77, 29.79, 29.81, 29.82], [30.85, 30.86, 30.88, 31.03, 31.05, 31.07, 31.11, 31.14, 30.91, 30.81, 30.68, 30.54, 30.05, 29.76, 29.76, 29.77, 29.79, 29.81, 29.83, 29.84], [30.98, 30.98, 30.99, 31.0, 31.0, 31.01, 31.02, 31.02, 30.76, 30.71, 30.63, 30.54, 29.77, 29.79, 29.79, 29.78, 29.79, 29.82, 29.85, 29.87], [30.96, 30.96, 30.96, 30.97, 30.97, 30.96, 30.95, 30.92, 30.9, 30.88, 30.88, 30.42, 30.13, 29.81, 29.8, 29.78, 29.73, 29.82, 29.89, 29.9], [30.96, 30.96, 30.96, 30.95, 30.94, 30.92, 30.89, 30.84, 30.79, 30.76, 30.79, 30.31, 30.14, 30.07, 30.0, 29.8, 29.53, 29.95, 29.97, 29.94], [30.95, 30.95, 30.94, 30.93, 30.91, 30.89, 30.85, 30.79, 30.69, 30.61, 30.72, 30.36, 30.25, 30.09, 30.03, 29.99, 30.04, 30.24, 30.03, 29.97], [30.95, 30.94, 30.93, 30.92, 30.9, 30.88, 30.84, 30.78, 30.69, 30.62, 30.47, 30.41, 30.31, 30.12, 30.07, 30.14, 30.16, 30.19, 30.02, 29.97], [30.94, 30.93, 30.92, 30.91, 30.9, 30.87, 30.85, 30.81, 30.78, 30.77, 30.53, 30.48, 30.39, 30.33, 30.25, 30.2, 30.19, 30.19, 30.18, 30.18], [30.93, 30.93, 30.92, 30.91, 30.9, 30.88, 30.86, 30.85, 30.85, 30.65, 30.67, 30.81, 30.78, 30.77, 30.31, 30.26, 30.23, 30.21, 30.2, 30.2], [30.93, 30.93, 30.92, 30.91, 30.9, 30.89, 30.88, 30.88, 30.89, 30.77, 30.95, 30.86, 30.81, 30.78, 30.36, 30.3, 30.26, 30.24, 30.23, 30.22], [30.93, 30.92, 30.92, 30.91, 30.9, 30.9, 30.89, 30.9, 30.83, 30.88, 30.92, 30.87, 30.82, 30.79, 30.4, 30.34, 30.3, 30.27, 30.25, 30.24], [30.93, 30.92, 30.92, 30.91, 30.91, 30.9, 30.9, 30.91, 30.82, 30.85, 30.86, 30.84, 30.82, 30.8, 30.42, 30.36, 30.32, 30.29, 30.27, 30.26], [30.93, 30.92, 30.92, 30.92, 30.91, 30.91, 30.91, 30.8, 30.81, 30.83, 30.83, 30.82, 30.81, 30.79, 30.42, 30.38, 30.34, 30.31, 30.29, 30.28]]}