gis_exercise/awsData/contour/temp_2023090613.json
{"header": {"refTime": "2023-09-06T13:00:00.000Z", "nx": 21, "ny": 33, "lo1": 113.509, "la1": 22.2235, "lo2": 113.5947, "la2": 22.1034, "dx": 0.0042850000000001385, "dy": 0.003753125000000024, "parameterCategory": 0, "parameterCategoryName": "Temperature", "parameterNumber": 0}, "z": [[31.16, 31.15, 31.15, 31.01, 31.02, 31.07, 31.08, 31.08, 31.08, 31.11, 31.11, 31.11, 31.31, 31.32, 30.97, 30.95, 31.11, 31.09, 31.08, 31.07], [31.16, 31.15, 31.15, 31.14, 31.02, 31.03, 31.08, 31.08, 31.09, 31.11, 31.11, 31.12, 31.31, 31.32, 30.97, 31.13, 31.1, 31.08, 31.06, 31.05], [31.16, 31.16, 31.15, 31.14, 31.02, 31.02, 31.03, 31.08, 31.1, 31.1, 31.11, 31.12, 31.31, 31.32, 31.16, 31.12, 31.08, 31.05, 31.03, 31.03], [31.17, 31.16, 31.16, 31.15, 31.14, 31.02, 31.03, 31.04, 31.06, 31.1, 31.11, 31.13, 31.3, 31.3, 31.16, 31.1, 31.04, 31.01, 30.99, 31.0], [31.18, 31.17, 31.17, 31.16, 31.14, 31.0, 31.01, 31.01, 31.02, 31.1, 31.11, 31.28, 31.24, 31.29, 31.16, 31.07, 30.99, 30.94, 30.94, 30.96], [31.18, 31.18, 31.18, 31.17, 31.15, 31.13, 30.99, 30.99, 30.99, 30.99, 31.29, 31.3, 31.29, 31.4, 31.16, 31.03, 30.89, 30.84, 30.87, 30.92], [31.23, 31.19, 31.19, 31.19, 31.17, 31.14, 31.08, 30.96, 30.96, 31.12, 31.18, 31.38, 31.54, 31.51, 31.16, 30.98, 30.75, 30.67, 30.63, 30.67], [31.24, 31.25, 31.25, 31.24, 31.23, 31.15, 31.09, 31.01, 30.96, 31.1, 31.09, 31.55, 31.56, 31.5, 30.98, 31.12, 30.84, 30.74, 30.9, 31.01], [31.16, 31.17, 31.27, 31.28, 31.28, 31.26, 31.19, 31.06, 30.93, 31.13, 31.31, 31.43, 31.48, 31.41, 31.02, 31.18, 31.01, 30.94, 30.98, 31.04], [31.5, 31.5, 31.5, 31.22, 31.26, 31.36, 31.29, 31.19, 30.96, 30.95, 31.49, 31.35, 31.4, 31.37, 31.02, 31.23, 31.13, 31.07, 31.07, 31.09], [31.5, 31.5, 31.5, 31.5, 31.5, 31.5, 31.5, 31.5, 31.29, 30.93, 31.0, 31.3, 31.34, 31.34, 31.0, 31.27, 31.2, 31.15, 31.14, 31.15], [31.5, 31.5, 31.5, 31.5, 31.5, 31.5, 31.5, 31.5, 31.5, -999.0, 31.0, 31.8, 31.8, 31.32, 30.99, 31.32, 31.27, 31.18, 31.17, 31.16], [31.5, 31.5, 31.5, 31.5, 31.5, 31.5, 31.5, 31.5, 31.5, 31.5, -999.0, 31.8, 31.8, 31.73, 31.76, 30.94, 30.93, 31.08, 31.05, 31.04], [31.5, 31.5, 31.5, 31.5, 31.5, 31.5, 31.5, 31.5, 31.5, 31.5, -999.0, 31.7, 31.7, 31.7, 31.75, 31.04, 31.02, 31.17, 31.14, 31.11], [31.5, 31.5, 31.5, 31.5, 31.5, 31.5, 31.5, 31.6, 31.6, 31.6, 31.6, 31.64, 31.7, 31.7, 31.7, 31.15, 31.11, 31.25, 31.21, 31.17], [31.5, 31.5, 31.56, 31.56, 31.57, 31.6, 31.6, 31.6, 31.6, 31.6, 31.66, 31.66, 31.67, 31.67, 31.66, 31.22, 31.15, 31.28, 31.03, 30.99], [31.56, 31.56, 31.54, 31.54, 31.6, 31.6, 31.6, 31.6, 31.6, 31.6, 31.64, 31.66, 31.67, 31.68, 31.54, 31.48, 31.41, 31.35, 31.31, 31.28], [31.54, 31.54, 31.54, 31.54, 31.6, 31.6, 31.6, 31.6, 31.6, 31.63, 31.64, 31.65, 31.67, 31.55, 31.68, 31.51, 31.4, 31.33, 31.29, 31.26], [31.54, 31.54, 31.54, 31.6, 31.6, 31.6, 31.6, 31.6, 31.61, 31.62, 31.67, 31.68, 31.44, 31.49, 31.52, 31.44, 31.35, 31.29, 31.25, 31.23], [31.54, 31.54, 31.71, 31.71, 31.7, 31.69, 31.67, 31.63, 31.63, 31.65, 31.67, 31.68, 31.38, 31.38, 31.37, 31.33, 31.27, 31.23, 31.21, 31.2], [31.72, 31.72, 31.72, 31.68, 31.68, 31.67, 31.67, 31.66, 31.66, 31.67, 31.68, 31.69, 31.31, 31.28, 31.26, 31.21, 31.17, 31.16, 31.16, 31.17], [31.69, 31.69, 31.69, 31.69, 31.69, 31.69, 31.68, 31.76, 31.69, 31.69, 31.7, 31.7, 31.32, 31.21, 31.17, 31.11, 31.07, 31.08, 31.11, 31.14], [31.7, 31.7, 31.7, 31.8, 31.8, 31.79, 31.79, 31.79, 31.79, 31.8, 31.8, 31.37, 31.27, 31.16, 31.1, 31.02, 30.93, 31.0, 31.09, 31.13], [31.82, 31.81, 31.81, 31.81, 31.81, 31.81, 31.81, 31.81, 31.81, 31.81, 31.82, 31.53, 31.3, 31.2, 31.1, 30.99, 30.69, 31.05, 31.12, 31.13], [31.82, 31.82, 31.82, 31.82, 31.82, 31.83, 31.83, 31.83, 31.82, 31.81, 31.83, 31.58, 31.46, 31.22, 31.14, 31.08, 31.13, 31.28, 31.16, 31.15], [31.83, 31.83, 31.83, 31.83, 31.84, 31.84, 31.84, 31.84, 31.84, 31.83, 31.71, 31.63, 31.52, 31.25, 31.18, 31.19, 31.2, 31.22, 31.17, 31.16], [31.84, 31.84, 31.84, 31.85, 31.85, 31.86, 31.86, 31.87, 31.87, 31.88, 31.74, 31.68, 31.58, 31.4, 31.31, 31.26, 31.23, 31.23, 31.23, 31.23], [31.84, 31.85, 31.85, 31.85, 31.86, 31.87, 31.88, 31.89, 31.92, 31.82, 31.84, 31.94, 31.9, 31.87, 31.37, 31.31, 31.28, 31.26, 31.25, 31.25], [31.85, 31.85, 31.86, 31.86, 31.87, 31.88, 31.9, 31.92, 31.95, 31.92, 32.05, 31.98, 31.93, 31.88, 31.43, 31.36, 31.32, 31.29, 31.28, 31.27], [31.85, 31.86, 31.86, 31.87, 31.88, 31.89, 31.91, 31.93, 31.96, 32.0, 32.03, 31.98, 31.93, 31.89, 31.46, 31.4, 31.36, 31.33, 31.31, 31.3], [31.86, 31.86, 31.87, 31.87, 31.88, 31.89, 31.91, 31.93, 31.95, 31.97, 31.98, 31.96, 31.93, 31.9, 31.49, 31.43, 31.38, 31.35, 31.33, 31.32], [31.86, 31.86, 31.87, 31.88, 31.89, 31.9, 31.91, 31.92, 31.94, 31.95, 31.95, 31.94, 31.92, 31.9, 31.49, 31.44, 31.4, 31.37, 31.35, 31.34]]}