gis_exercise/awsData/contour/temp_2023090523.json
{"header": {"refTime": "2023-09-05T23:00:00.000Z", "nx": 21, "ny": 33, "lo1": 113.509, "la1": 22.2235, "lo2": 113.5947, "la2": 22.1034, "dx": 0.0042850000000001385, "dy": 0.003753125000000024, "parameterCategory": 0, "parameterCategoryName": "Temperature", "parameterNumber": 0}, "z": [[30.42, 30.42, 30.43, 30.28, 30.3, 30.69, 30.69, 30.69, 30.69, 30.56, 30.57, 30.59, 30.77, 30.77, 30.79, 30.77, 30.67, 30.66, 30.64, 30.63], [30.41, 30.42, 30.43, 30.44, 30.3, 30.32, 30.67, 30.67, 30.67, 30.57, 30.58, 30.61, 30.79, 30.8, 30.81, 30.7, 30.67, 30.65, 30.63, 30.63], [30.41, 30.41, 30.42, 30.43, 30.29, 30.32, 30.36, 30.65, 30.62, 30.57, 30.59, 30.64, 30.83, 30.83, 30.74, 30.7, 30.66, 30.64, 30.62, 30.61], [30.4, 30.41, 30.41, 30.42, 30.43, 30.3, 30.33, 30.39, 30.44, 30.55, 30.59, 30.7, 30.91, 30.68, 30.75, 30.69, 30.64, 30.61, 30.6, 30.6], [30.4, 30.4, 30.4, 30.41, 30.42, 30.28, 30.29, 30.31, 30.3, 30.48, 30.56, 30.71, 30.99, 30.74, 30.75, 30.66, 30.61, 30.58, 30.57, 30.58], [30.39, 30.39, 30.39, 30.39, 30.4, 30.41, 30.26, 30.25, 30.21, 30.14, 30.34, 30.57, 30.79, 30.9, 30.7, 30.62, 30.56, 30.53, 30.54, 30.56], [30.29, 30.38, 30.38, 30.38, 30.38, 30.39, 30.15, 30.25, 30.21, 30.01, 29.93, 30.31, 30.69, 30.74, 30.64, 30.58, 30.49, 30.46, 30.55, 30.6], [30.29, 30.28, 30.28, 30.29, 30.29, 30.14, 30.16, 30.23, 30.3, 29.98, 29.75, 30.08, 30.09, 30.75, 30.36, 30.35, 30.37, 30.38, 30.37, 30.36], [30.31, 30.31, 30.28, 30.27, 30.27, 30.28, 30.3, 30.18, 30.15, 30.04, 29.87, 29.97, 30.02, 29.96, 30.36, 30.35, 30.36, 30.37, 30.36, 30.36], [30.2, 30.2, 30.2, 30.29, 30.28, 30.25, 30.27, 30.3, 29.95, 29.99, 30.03, 29.91, 29.95, 29.93, 30.36, 30.34, 30.35, 30.36, 30.36, 30.35], [30.2, 30.2, 30.2, 30.2, 30.2, 30.2, 30.2, 30.2, 30.27, 30.13, 29.6, 29.87, 29.9, 29.9, 30.36, 30.34, 30.35, 30.35, 30.35, 30.35], [30.2, 30.2, 30.2, 30.2, 30.2, 30.2, 30.2, 30.2, 30.2, -999.0, 29.6, 30.3, 30.3, 29.88, 30.36, 30.34, 30.34, 29.72, 29.73, 29.74], [30.2, 30.2, 30.2, 30.2, 30.2, 30.2, 30.2, 30.2, 30.2, 30.2, -999.0, 30.3, 30.3, 29.58, 29.9, 29.96, 29.97, 29.82, 29.85, 29.86], [30.2, 30.2, 30.2, 30.2, 30.2, 30.2, 30.2, 30.2, 30.2, 30.2, -999.0, 29.2, 29.2, 29.2, 29.8, 29.86, 29.88, 29.73, 29.76, 29.79], [30.2, 30.2, 30.2, 30.2, 30.2, 30.2, 30.2, 29.8, 29.8, 29.8, 29.8, 29.57, 29.2, 29.2, 29.2, 29.75, 29.79, 29.65, 29.69, 29.73], [30.2, 30.2, 29.95, 29.94, 29.94, 29.8, 29.8, 29.8, 29.8, 29.8, 29.42, 29.47, 29.41, 29.36, 29.41, 29.31, 29.33, 29.3, 29.59, 29.62], [29.94, 29.94, 30.06, 30.05, 29.8, 29.8, 29.8, 29.8, 29.8, 29.8, 29.54, 29.47, 29.39, 29.32, 29.31, 29.2, 29.21, 29.21, 29.21, 29.21], [30.06, 30.05, 30.05, 30.03, 29.8, 29.8, 29.8, 29.8, 29.8, 29.65, 29.57, 29.48, 29.38, 29.31, 29.22, 29.2, 29.21, 29.21, 29.21, 29.21], [30.05, 30.04, 30.03, 29.8, 29.8, 29.8, 29.8, 29.8, 29.75, 29.68, 29.61, 29.53, 29.42, 29.35, 29.2, 29.21, 29.21, 29.21, 29.21, 29.21], [30.04, 30.04, 29.74, 29.75, 29.75, 29.75, 29.76, 29.78, 29.73, 29.68, 29.62, 29.55, 29.45, 29.4, 29.21, 29.21, 29.21, 29.21, 29.21, 29.21], [29.74, 29.74, 29.74, 29.76, 29.76, 29.76, 29.77, 29.77, 29.68, 29.66, 29.62, 29.57, 29.47, 29.21, 29.22, 29.22, 29.22, 29.22, 29.21, 29.21], [29.75, 29.75, 29.75, 29.76, 29.76, 29.76, 29.76, 29.85, 29.66, 29.64, 29.62, 29.59, 29.46, 29.22, 29.22, 29.23, 29.24, 29.23, 29.21, 29.2], [29.75, 29.75, 29.75, 29.89, 29.88, 29.87, 29.87, 29.86, 29.85, 29.85, 29.86, 29.68, 29.4, 29.22, 29.23, 29.25, 29.27, 29.24, 29.21, 29.2], [29.91, 29.91, 29.9, 29.9, 29.89, 29.88, 29.87, 29.85, 29.83, 29.82, 29.85, 29.8, 29.41, 29.36, 29.32, 29.24, 29.36, 29.19, 29.18, 29.18], [29.91, 29.91, 29.91, 29.91, 29.9, 29.89, 29.88, 29.85, 29.81, 29.76, 29.83, 29.82, 29.81, 29.36, 29.31, 29.27, 29.15, 29.08, 29.15, 29.17], [29.92, 29.92, 29.92, 29.92, 29.91, 29.91, 29.9, 29.87, 29.83, 29.78, 29.83, 29.85, 29.84, 29.36, 29.31, 29.36, 29.28, 29.24, 29.16, 29.17], [29.93, 29.93, 29.93, 29.93, 29.93, 29.93, 29.92, 29.92, 29.91, 29.92, 29.91, 29.92, 29.89, 29.59, 29.49, 29.41, 29.35, 29.33, 29.33, 29.35], [29.93, 29.93, 29.94, 29.94, 29.94, 29.95, 29.95, 29.97, 29.99, 30.01, 30.04, 29.92, 29.82, 29.71, 29.55, 29.47, 29.42, 29.39, 29.38, 29.39], [29.94, 29.94, 29.94, 29.95, 29.96, 29.97, 29.98, 30.01, 30.06, 30.12, 30.19, 30.01, 29.87, 29.76, 29.61, 29.53, 29.48, 29.44, 29.43, 29.42], [29.94, 29.95, 29.95, 29.96, 29.97, 29.98, 30.0, 30.03, 29.97, 30.07, 30.14, 30.01, 29.89, 29.79, 29.65, 29.57, 29.52, 29.49, 29.46, 29.45], [29.95, 29.95, 29.96, 29.97, 29.98, 29.99, 30.01, 30.04, 29.95, 30.0, 30.01, 29.96, 29.88, 29.8, 29.67, 29.6, 29.56, 29.52, 29.5, 29.48], [29.95, 29.96, 29.96, 29.97, 29.98, 29.99, 30.01, 29.88, 29.91, 29.93, 29.93, 29.9, 29.85, 29.79, 29.68, 29.62, 29.58, 29.55, 29.52, 29.51]]}