gis_exercise/awsData/contour/temp_2023091318.json
{"header": {"refTime": "2023-09-13T18:00:00.000Z", "nx": 21, "ny": 33, "lo1": 113.509, "la1": 22.2235, "lo2": 113.5947, "la2": 22.1034, "dx": 0.0042850000000001385, "dy": 0.003753125000000024, "parameterCategory": 0, "parameterCategoryName": "Temperature", "parameterNumber": 0}, "z": [[27.91, 27.92, 27.92, 27.8, 27.82, 28.09, 28.1, 28.1, 28.11, 28.07, 28.07, 28.08, 28.35, 28.37, 28.15, 28.13, 28.22, 28.2, 28.18, 28.17], [27.91, 27.92, 27.92, 27.93, 27.81, 27.84, 28.09, 28.1, 28.11, 28.07, 28.08, 28.1, 28.37, 28.38, 28.16, 28.24, 28.21, 28.18, 28.17, 28.16], [27.91, 27.91, 27.92, 27.92, 27.81, 27.83, 27.87, 28.09, 28.1, 28.07, 28.09, 28.12, 28.39, 28.4, 28.27, 28.23, 28.19, 28.16, 28.14, 28.13], [27.9, 27.91, 27.91, 27.91, 27.92, 27.81, 27.84, 27.9, 27.95, 28.06, 28.09, 28.16, 28.42, 28.28, 28.28, 28.21, 28.16, 28.12, 28.11, 28.11], [27.9, 27.9, 27.9, 27.9, 27.91, 27.78, 27.8, 27.81, 27.81, 28.01, 28.06, 28.28, 28.41, 28.31, 28.28, 28.18, 28.11, 28.06, 28.06, 28.07], [27.9, 27.9, 27.89, 27.89, 27.89, 27.89, 27.75, 27.74, 27.73, 27.69, 28.08, 28.22, 28.34, 28.5, 28.26, 28.14, 28.02, 27.97, 28.0, 28.04], [27.81, 27.89, 27.89, 27.89, 27.88, 27.87, 27.67, 27.7, 27.68, 27.72, 27.74, 28.14, 28.5, 28.5, 28.23, 28.09, 27.9, 27.84, 27.85, 27.9], [27.81, 27.82, 27.82, 27.81, 27.81, 27.71, 27.69, 27.67, 27.71, 27.68, 27.55, 28.16, 28.17, 28.5, 28.0, 28.08, 27.91, 27.85, 27.95, 28.01], [27.79, 27.79, 27.82, 27.83, 27.83, 27.82, 27.8, 27.68, 27.6, 27.74, 27.82, 27.98, 28.06, 27.96, 28.02, 28.12, 28.01, 27.97, 28.0, 28.03], [27.9, 27.9, 27.9, 27.81, 27.82, 27.85, 27.83, 27.8, 27.53, 27.55, 28.07, 27.88, 27.94, 27.92, 28.02, 28.15, 28.09, 28.05, 28.05, 28.07], [27.9, 27.9, 27.9, 27.9, 27.9, 27.9, 27.9, 27.9, 27.83, 27.6, 27.4, 27.82, 27.87, 27.87, 28.01, 28.18, 28.13, 28.1, 28.1, 28.1], [27.9, 27.9, 27.9, 27.9, 27.9, 27.9, 27.9, 27.9, 27.9, -999.0, 27.4, 28.5, 28.5, 27.84, 28.0, 28.2, 28.18, 27.3, 27.31, 27.31], [27.9, 27.9, 27.9, 27.9, 27.9, 27.9, 27.9, 27.9, 27.9, 27.9, -999.0, 28.5, 28.5, 27.52, 27.95, 27.45, 27.45, 27.36, 27.38, 27.38], [27.9, 27.9, 27.9, 27.9, 27.9, 27.9, 27.9, 27.9, 27.9, 27.9, -999.0, 27.0, 27.0, 27.0, 27.82, 27.39, 27.4, 27.31, 27.33, 27.34], [27.9, 27.9, 27.9, 27.9, 27.9, 27.9, 27.9, 28.2, 28.2, 28.2, 28.2, 27.74, 27.0, 27.0, 27.0, 27.32, 27.34, 27.26, 27.29, 27.31], [27.9, 27.9, 28.09, 28.09, 28.1, 28.2, 28.2, 28.2, 28.2, 28.2, 27.44, 27.53, 27.41, 27.32, 27.43, 27.18, 27.21, 27.16, 27.32, 27.34], [28.09, 28.09, 28.01, 28.01, 28.2, 28.2, 28.2, 28.2, 28.2, 28.2, 27.68, 27.54, 27.38, 27.23, 27.2, 27.16, 27.22, 27.26, 27.3, 27.32], [28.01, 28.01, 28.02, 28.02, 28.2, 28.2, 28.2, 28.2, 28.2, 27.9, 27.73, 27.55, 27.37, 27.21, 27.03, 27.14, 27.23, 27.28, 27.31, 27.33], [28.01, 28.02, 28.02, 28.2, 28.2, 28.2, 28.2, 28.2, 28.09, 27.97, 27.8, 27.65, 27.42, 27.28, 27.13, 27.19, 27.26, 27.31, 27.34, 27.35], [28.02, 28.02, 28.03, 28.04, 28.05, 28.06, 28.09, 28.15, 28.05, 27.94, 27.81, 27.68, 27.47, 27.37, 27.24, 27.27, 27.31, 27.35, 27.37, 27.38], [28.02, 28.02, 28.03, 28.08, 28.08, 28.09, 28.1, 28.11, 27.94, 27.89, 27.8, 27.71, 27.51, 27.3, 27.32, 27.35, 27.38, 27.39, 27.4, 27.41], [28.06, 28.06, 28.06, 28.07, 28.07, 28.07, 28.07, 28.11, 27.88, 27.85, 27.8, 27.73, 27.45, 27.36, 27.38, 27.41, 27.43, 27.44, 27.44, 27.43], [28.05, 28.05, 28.05, 28.12, 28.11, 28.11, 28.1, 28.09, 28.08, 28.07, 28.08, 27.88, 27.68, 27.39, 27.42, 27.45, 27.48, 27.48, 27.47, 27.46], [28.12, 28.12, 28.12, 28.11, 28.11, 28.1, 28.08, 28.06, 28.04, 28.03, 28.05, 27.9, 27.69, 27.65, 27.61, 27.48, 27.51, 27.52, 27.5, 27.47], [28.12, 28.12, 28.12, 28.11, 28.1, 28.09, 28.08, 28.05, 28.0, 27.96, 28.02, 27.92, 27.89, 27.65, 27.62, 27.59, 27.53, 27.54, 27.5, 27.48], [28.12, 28.12, 28.12, 28.11, 28.11, 28.1, 28.08, 28.05, 28.01, 27.97, 27.95, 27.95, 27.92, 27.66, 27.63, 27.67, 27.64, 27.63, 27.5, 27.48], [28.12, 28.12, 28.12, 28.11, 28.11, 28.1, 28.09, 28.08, 28.07, 28.07, 28.01, 28.0, 27.96, 27.82, 27.76, 27.71, 27.68, 27.66, 27.67, 27.67], [28.12, 28.12, 28.12, 28.12, 28.12, 28.11, 28.11, 28.11, 28.12, 28.08, 28.1, 28.08, 28.03, 27.98, 27.8, 27.75, 27.72, 27.7, 27.69, 27.69], [28.13, 28.12, 28.12, 28.12, 28.12, 28.12, 28.13, 28.14, 28.16, 28.16, 28.24, 28.14, 28.06, 28.0, 27.83, 27.78, 27.75, 27.73, 27.72, 27.72], [28.13, 28.13, 28.13, 28.13, 28.13, 28.13, 28.14, 28.15, 28.11, 28.17, 28.21, 28.14, 28.07, 28.02, 27.86, 27.81, 27.78, 27.76, 27.74, 27.74], [28.13, 28.13, 28.13, 28.13, 28.13, 28.14, 28.15, 28.16, 28.1, 28.13, 28.13, 28.11, 28.06, 28.02, 27.87, 27.83, 27.8, 27.78, 27.76, 27.75], [28.13, 28.13, 28.13, 28.14, 28.14, 28.14, 28.15, 28.06, 28.08, 28.09, 28.09, 28.08, 28.05, 28.02, 27.88, 27.84, 27.82, 27.79, 27.78, 27.77]]}