gis_exercise/awsData/contour/temp_2023090311.json
{"header": {"refTime": "2023-09-03T11:00:00.000Z", "nx": 21, "ny": 33, "lo1": 113.509, "la1": 22.2235, "lo2": 113.5947, "la2": 22.1034, "dx": 0.0042850000000001385, "dy": 0.003753125000000024, "parameterCategory": 0, "parameterCategoryName": "Temperature", "parameterNumber": 0}, "z": [[29.53, 29.53, 29.54, 29.53, 29.55, 29.69, 29.71, 29.74, 29.75, 29.85, 29.85, 29.84, 29.96, 29.97, 29.71, 29.68, 29.68, 29.66, 29.64, 29.63], [29.52, 29.53, 29.54, 29.55, 29.54, 29.57, 29.72, 29.76, 29.79, 29.86, 29.85, 29.85, 29.97, 29.97, 29.71, 29.7, 29.67, 29.64, 29.62, 29.61], [29.52, 29.52, 29.53, 29.54, 29.53, 29.56, 29.61, 29.78, 29.87, 29.86, 29.85, 29.86, 29.97, 29.98, 29.75, 29.69, 29.65, 29.61, 29.6, 29.59], [29.51, 29.51, 29.52, 29.52, 29.53, 29.53, 29.57, 29.65, 29.72, 29.85, 29.85, 29.87, 29.98, 29.9, 29.75, 29.68, 29.61, 29.57, 29.56, 29.56], [29.5, 29.5, 29.5, 29.5, 29.5, 29.48, 29.5, 29.53, 29.55, 29.81, 29.83, 29.9, 29.96, 29.92, 29.75, 29.64, 29.56, 29.51, 29.5, 29.52], [29.5, 29.5, 29.49, 29.49, 29.48, 29.46, 29.42, 29.41, 29.41, 29.44, 29.81, 29.87, 29.93, 30.0, 29.73, 29.59, 29.46, 29.41, 29.44, 29.48], [29.33, 29.49, 29.48, 29.47, 29.46, 29.43, 29.28, 29.29, 29.28, 29.43, 29.53, 29.83, 30.0, 30.0, 29.7, 29.54, 29.33, 29.25, 29.27, 29.32], [29.34, 29.35, 29.35, 29.34, 29.33, 29.34, 29.28, 29.18, 29.11, 29.42, 29.52, 29.85, 29.85, 30.0, 29.44, 29.53, 29.34, 29.26, 29.38, 29.45], [29.26, 29.27, 29.37, 29.38, 29.38, 29.36, 29.29, 29.25, 29.16, 29.43, 29.69, 29.77, 29.8, 29.75, 29.46, 29.57, 29.45, 29.41, 29.43, 29.48], [29.6, 29.6, 29.6, 29.32, 29.36, 29.46, 29.39, 29.29, 29.28, 29.26, 29.8, 29.72, 29.75, 29.73, 29.46, 29.61, 29.53, 29.5, 29.49, 29.51], [29.6, 29.6, 29.6, 29.6, 29.6, 29.6, 29.6, 29.6, 29.39, 29.17, 29.5, 29.69, 29.71, 29.71, 29.45, 29.64, 29.58, 29.55, 29.54, 29.55], [29.6, 29.6, 29.6, 29.6, 29.6, 29.6, 29.6, 29.6, 29.6, -999.0, 29.5, 30.0, 30.0, 29.7, 29.44, 29.67, 29.63, 29.04, 29.04, 29.04], [29.6, 29.6, 29.6, 29.6, 29.6, 29.6, 29.6, 29.6, 29.6, 29.6, -999.0, 30.0, 30.0, 29.35, 29.63, 29.06, 29.06, 29.05, 29.05, 29.05], [29.6, 29.6, 29.6, 29.6, 29.6, 29.6, 29.6, 29.6, 29.6, 29.6, -999.0, 29.0, 29.0, 29.0, 29.55, 29.06, 29.06, 29.04, 29.05, 29.05], [29.6, 29.6, 29.6, 29.6, 29.6, 29.6, 29.6, 30.0, 30.0, 30.0, 30.0, 29.62, 29.0, 29.0, 29.0, 29.05, 29.05, 29.04, 29.04, 29.04], [29.6, 29.6, 29.85, 29.86, 29.86, 30.0, 30.0, 30.0, 30.0, 30.0, 29.37, 29.44, 29.35, 29.26, 29.36, 28.89, 28.87, 28.9, 28.94, 28.94], [29.86, 29.86, 29.74, 29.75, 30.0, 30.0, 30.0, 30.0, 30.0, 30.0, 29.57, 29.45, 29.32, 29.2, 29.09, 29.16, 29.22, 29.27, 29.31, 29.33], [29.74, 29.75, 29.75, 29.77, 30.0, 30.0, 30.0, 30.0, 30.0, 29.75, 29.61, 29.46, 29.31, 29.1, 29.01, 29.14, 29.23, 29.28, 29.32, 29.35], [29.75, 29.76, 29.77, 30.0, 30.0, 30.0, 30.0, 30.0, 29.91, 29.81, 29.67, 29.55, 29.22, 29.12, 29.13, 29.19, 29.26, 29.31, 29.34, 29.37], [29.76, 29.76, 29.89, 29.89, 29.9, 29.91, 29.93, 29.97, 29.88, 29.79, 29.69, 29.58, 29.23, 29.15, 29.23, 29.26, 29.3, 29.34, 29.37, 29.39], [29.88, 29.88, 29.88, 29.92, 29.92, 29.93, 29.93, 29.94, 29.8, 29.75, 29.68, 29.61, 29.23, 29.3, 29.3, 29.32, 29.35, 29.38, 29.41, 29.42], [29.91, 29.91, 29.91, 29.91, 29.91, 29.91, 29.92, 30.05, 29.75, 29.73, 29.68, 29.63, 29.17, 29.34, 29.35, 29.36, 29.37, 29.4, 29.44, 29.46], [29.9, 29.9, 29.9, 30.1, 30.09, 30.08, 30.07, 30.05, 30.04, 30.04, 30.05, 29.57, 29.64, 29.38, 29.38, 29.36, 29.32, 29.42, 29.5, 29.51], [30.13, 30.13, 30.12, 30.11, 30.1, 30.09, 30.07, 30.04, 30.01, 29.99, 30.03, 29.75, 29.65, 29.62, 29.57, 29.4, 29.09, 29.59, 29.6, 29.56], [30.14, 30.14, 30.13, 30.12, 30.12, 30.1, 30.08, 30.04, 29.96, 29.9, 30.01, 29.81, 29.72, 29.64, 29.61, 29.6, 29.7, 29.94, 29.68, 29.6], [30.15, 30.14, 30.14, 30.14, 30.13, 30.12, 30.1, 30.07, 29.99, 29.93, 29.89, 29.88, 29.8, 29.66, 29.65, 29.8, 29.84, 29.88, 29.66, 29.6], [30.16, 30.15, 30.15, 30.15, 30.15, 30.15, 30.14, 30.13, 30.12, 30.13, 30.02, 29.99, 29.89, 30.0, 29.92, 29.87, 29.86, 29.86, 29.86, 29.85], [30.16, 30.17, 30.17, 30.17, 30.17, 30.18, 30.19, 30.21, 30.25, 30.19, 30.23, 30.4, 30.38, 30.38, 29.98, 29.93, 29.9, 29.88, 29.88, 29.87], [30.17, 30.18, 30.18, 30.19, 30.19, 30.21, 30.23, 30.27, 30.34, 30.38, 30.62, 30.49, 30.43, 30.4, 30.03, 29.97, 29.93, 29.91, 29.9, 29.89], [30.18, 30.19, 30.19, 30.2, 30.21, 30.23, 30.26, 30.3, 30.43, 30.52, 30.58, 30.5, 30.44, 30.41, 30.07, 30.01, 29.97, 29.94, 29.92, 29.91], [30.19, 30.19, 30.2, 30.21, 30.22, 30.24, 30.27, 30.31, 30.43, 30.47, 30.49, 30.47, 30.44, 30.42, 30.09, 30.03, 29.99, 29.96, 29.94, 29.93], [30.19, 30.2, 30.21, 30.22, 30.23, 30.25, 30.28, 30.39, 30.42, 30.44, 30.45, 30.44, 30.43, 30.41, 30.1, 30.05, 30.01, 29.98, 29.96, 29.95]]}