gis_exercise/awsData/contour/temp_2023091014.json
{"header": {"refTime": "2023-09-10T14:00:00.000Z", "nx": 21, "ny": 33, "lo1": 113.509, "la1": 22.2235, "lo2": 113.5947, "la2": 22.1034, "dx": 0.0042850000000001385, "dy": 0.003753125000000024, "parameterCategory": 0, "parameterCategoryName": "Temperature", "parameterNumber": 0}, "z": [[24.92, 24.92, 24.91, 24.6, 24.61, 24.96, 24.96, 24.95, 24.95, 24.78, 24.79, 24.81, 25.13, 25.15, 25.22, 25.23, 25.35, 25.35, 25.35, 25.35], [24.92, 24.92, 24.91, 24.91, 24.61, 24.62, 24.94, 24.92, 24.91, 24.78, 24.8, 24.83, 25.15, 25.17, 25.24, 25.35, 25.35, 25.35, 25.35, 25.35], [24.93, 24.92, 24.92, 24.91, 24.61, 24.62, 24.65, 24.9, 24.83, 24.78, 24.81, 24.87, 25.19, 25.2, 25.35, 25.35, 25.35, 25.35, 25.35, 25.35], [24.93, 24.93, 24.92, 24.92, 24.91, 24.62, 24.64, 24.67, 24.69, 24.76, 24.82, 24.93, 25.25, 25.06, 25.35, 25.35, 25.35, 25.35, 25.35, 25.35], [24.94, 24.94, 24.93, 24.93, 24.92, 24.61, 24.62, 24.62, 24.61, 24.71, 24.79, 25.07, 25.26, 25.1, 25.35, 25.35, 25.36, 25.36, 25.36, 25.36], [24.94, 24.94, 24.94, 24.94, 24.93, 24.92, 24.61, 24.61, 24.57, 24.48, 24.77, 24.97, 25.14, 25.33, 25.34, 25.35, 25.36, 25.37, 25.36, 25.36], [25.01, 24.95, 24.95, 24.95, 24.95, 24.94, 24.7, 24.64, 24.61, 24.5, 24.43, 24.82, 25.29, 25.3, 25.33, 25.35, 25.38, 25.38, 25.4, 25.4], [25.01, 25.02, 25.02, 25.01, 25.01, 24.75, 24.73, 24.75, 24.8, 24.44, 24.13, 24.8, 24.81, 25.3, 25.33, 25.3, 25.35, 25.36, 25.34, 25.32], [24.99, 24.99, 25.02, 25.03, 25.03, 25.02, 25.0, 24.73, 24.58, 24.54, 24.4, 24.59, 24.68, 24.56, 25.32, 25.3, 25.32, 25.33, 25.33, 25.32], [25.1, 25.1, 25.1, 25.01, 25.02, 25.05, 25.03, 25.0, 24.33, 24.39, 24.69, 24.47, 24.54, 24.51, 25.32, 25.29, 25.3, 25.31, 25.31, 25.31], [25.1, 25.1, 25.1, 25.1, 25.1, 25.1, 25.1, 25.1, 25.03, 24.56, 23.9, 24.4, 24.45, 24.46, 25.32, 25.28, 25.29, 25.3, 25.3, 25.3], [25.1, 25.1, 25.1, 25.1, 25.1, 25.1, 25.1, 25.1, 25.1, -999.0, 23.9, 25.2, 25.2, 24.42, 25.32, 25.27, 25.28, 24.77, 24.79, 24.79], [25.1, 25.1, 25.1, 25.1, 25.1, 25.1, 25.1, 25.1, 25.1, 25.1, -999.0, 25.2, 25.2, 24.61, 24.87, 25.0, 25.01, 24.87, 24.89, 24.9], [25.1, 25.1, 25.1, 25.1, 25.1, 25.1, 25.1, 25.1, 25.1, 25.1, -999.0, 24.3, 24.3, 24.3, 24.79, 24.91, 24.93, 24.79, 24.82, 24.84], [25.1, 25.1, 25.1, 25.1, 25.1, 25.1, 25.1, 25.2, 25.2, 25.2, 25.2, 24.85, 24.3, 24.3, 24.3, 24.8, 24.84, 24.71, 24.75, 24.78], [25.1, 25.1, 25.16, 25.16, 25.17, 25.2, 25.2, 25.2, 25.2, 25.2, 24.63, 24.7, 24.61, 24.54, 24.62, 24.48, 24.51, 24.46, 24.72, 24.75], [25.16, 25.16, 25.14, 25.14, 25.2, 25.2, 25.2, 25.2, 25.2, 25.2, 24.81, 24.7, 24.58, 24.48, 24.46, 24.46, 24.52, 24.56, 24.6, 24.62], [25.14, 25.14, 25.14, 25.14, 25.2, 25.2, 25.2, 25.2, 25.2, 24.97, 24.85, 24.72, 24.58, 24.47, 24.32, 24.44, 24.53, 24.58, 24.61, 24.63], [25.14, 25.14, 25.14, 25.2, 25.2, 25.2, 25.2, 25.2, 25.12, 25.02, 24.94, 24.83, 24.64, 24.53, 24.43, 24.49, 24.56, 24.61, 24.64, 24.65], [25.14, 25.14, 25.2, 25.2, 25.2, 25.2, 25.2, 25.2, 25.12, 25.05, 24.96, 24.86, 24.68, 24.61, 24.54, 24.57, 24.61, 24.65, 24.67, 24.68], [25.2, 25.2, 25.2, 25.2, 25.2, 25.2, 25.2, 25.2, 25.06, 25.02, 24.97, 24.9, 24.72, 24.6, 24.62, 24.65, 24.68, 24.69, 24.7, 24.71], [25.2, 25.2, 25.2, 25.2, 25.2, 25.2, 25.2, 25.27, 25.04, 25.02, 24.98, 24.93, 24.75, 24.66, 24.68, 24.71, 24.73, 24.74, 24.74, 24.73], [25.2, 25.2, 25.2, 25.3, 25.3, 25.29, 25.29, 25.28, 25.28, 25.28, 25.28, 25.09, 24.98, 24.69, 24.72, 24.75, 24.78, 24.78, 24.77, 24.76], [25.32, 25.31, 25.31, 25.31, 25.3, 25.3, 25.29, 25.28, 25.27, 25.27, 25.28, 25.2, 24.99, 24.95, 24.91, 24.78, 24.81, 24.82, 24.8, 24.77], [25.32, 25.32, 25.32, 25.32, 25.31, 25.31, 25.3, 25.29, 25.26, 25.24, 25.28, 25.22, 25.19, 24.95, 24.92, 24.89, 24.83, 24.84, 24.8, 24.78], [25.33, 25.33, 25.32, 25.32, 25.32, 25.32, 25.32, 25.3, 25.28, 25.25, 25.25, 25.25, 25.22, 24.96, 24.93, 24.97, 24.94, 24.93, 24.8, 24.78], [25.33, 25.33, 25.33, 25.33, 25.33, 25.34, 25.34, 25.33, 25.33, 25.34, 25.31, 25.3, 25.26, 25.12, 25.06, 25.01, 24.98, 24.96, 24.97, 24.97], [25.34, 25.34, 25.34, 25.34, 25.35, 25.35, 25.36, 25.37, 25.39, 25.38, 25.4, 25.38, 25.33, 25.28, 25.1, 25.05, 25.02, 25.0, 24.99, 24.99], [25.34, 25.34, 25.35, 25.35, 25.36, 25.36, 25.38, 25.39, 25.43, 25.46, 25.54, 25.44, 25.36, 25.3, 25.13, 25.08, 25.05, 25.03, 25.02, 25.02], [25.34, 25.35, 25.35, 25.36, 25.36, 25.37, 25.39, 25.41, 25.41, 25.47, 25.51, 25.44, 25.37, 25.32, 25.16, 25.11, 25.08, 25.06, 25.04, 25.04], [25.35, 25.35, 25.36, 25.36, 25.37, 25.38, 25.39, 25.41, 25.4, 25.43, 25.43, 25.41, 25.36, 25.32, 25.17, 25.13, 25.1, 25.08, 25.06, 25.05], [25.35, 25.35, 25.36, 25.37, 25.37, 25.38, 25.39, 25.36, 25.38, 25.39, 25.39, 25.38, 25.35, 25.32, 25.18, 25.14, 25.12, 25.09, 25.08, 25.07]]}