gis_exercise/awsData/contour/temp_2023090923.json
{"header": {"refTime": "2023-09-09T23:00:00.000Z", "nx": 21, "ny": 33, "lo1": 113.509, "la1": 22.2235, "lo2": 113.5947, "la2": 22.1034, "dx": 0.0042850000000001385, "dy": 0.003753125000000024, "parameterCategory": 0, "parameterCategoryName": "Temperature", "parameterNumber": 0}, "z": [[26.01, 26.0, 25.99, 25.68, 25.68, 26.01, 26.0, 25.99, 25.99, 25.89, 25.92, 25.95, 26.29, 26.31, 26.36, 26.38, 26.57, 26.57, 26.57, 26.57], [26.02, 26.01, 26.0, 25.98, 25.68, 25.69, 25.98, 25.95, 25.94, 25.87, 25.92, 25.97, 26.31, 26.34, 26.38, 26.57, 26.57, 26.57, 26.57, 26.57], [26.02, 26.02, 26.01, 25.99, 25.68, 25.69, 25.71, 25.92, 25.83, 25.86, 25.94, 26.02, 26.36, 26.38, 26.57, 26.57, 26.57, 26.58, 26.58, 26.58], [26.03, 26.03, 26.02, 26.0, 25.99, 25.69, 25.7, 25.72, 25.73, 25.87, 25.96, 26.09, 26.43, 26.3, 26.58, 26.58, 26.58, 26.58, 26.58, 26.58], [26.04, 26.04, 26.03, 26.02, 26.0, 25.68, 25.69, 25.69, 25.68, 25.85, 25.95, 26.31, 26.48, 26.34, 26.57, 26.58, 26.58, 26.58, 26.58, 26.58], [26.06, 26.05, 26.05, 26.04, 26.03, 26.01, 25.69, 25.69, 25.66, 25.6, 26.04, 26.22, 26.37, 26.57, 26.57, 26.58, 26.58, 26.58, 26.58, 26.58], [26.18, 26.07, 26.07, 26.07, 26.05, 26.03, 25.85, 25.71, 25.69, 25.69, 25.67, 26.1, 26.54, 26.55, 26.57, 26.58, 26.59, 26.59, 26.6, 26.6], [26.19, 26.19, 26.19, 26.19, 26.18, 25.93, 25.88, 25.85, 25.86, 25.64, 25.41, 26.1, 26.11, 26.55, 26.56, 26.55, 26.57, 26.58, 26.57, 26.56], [26.11, 26.12, 26.21, 26.22, 26.22, 26.2, 26.14, 25.87, 25.68, 25.73, 25.7, 25.89, 25.98, 25.86, 26.56, 26.55, 26.56, 26.57, 26.56, 26.56], [26.4, 26.4, 26.4, 26.17, 26.2, 26.29, 26.23, 26.14, 25.5, 25.54, 25.99, 25.77, 25.84, 25.81, 26.56, 26.54, 26.55, 26.56, 26.56, 26.55], [26.4, 26.4, 26.4, 26.4, 26.4, 26.4, 26.4, 26.4, 26.22, 25.66, 25.2, 25.7, 25.75, 25.76, 26.56, 26.54, 26.55, 26.55, 26.55, 26.55], [26.4, 26.4, 26.4, 26.4, 26.4, 26.4, 26.4, 26.4, 26.4, -999.0, 25.2, 26.5, 26.5, 25.72, 26.56, 26.54, 26.54, 25.92, 25.93, 25.94], [26.4, 26.4, 26.4, 26.4, 26.4, 26.4, 26.4, 26.4, 26.4, 26.4, -999.0, 26.5, 26.5, 25.78, 26.1, 26.16, 26.17, 26.02, 26.05, 26.06], [26.4, 26.4, 26.4, 26.4, 26.4, 26.4, 26.4, 26.4, 26.4, 26.4, -999.0, 25.4, 25.4, 25.4, 26.0, 26.06, 26.08, 25.93, 25.96, 25.99], [26.4, 26.4, 26.4, 26.4, 26.4, 26.4, 26.4, 26.5, 26.5, 26.5, 26.5, 26.08, 25.4, 25.4, 25.4, 25.95, 25.99, 25.85, 25.89, 25.93], [26.4, 26.4, 26.46, 26.46, 26.47, 26.5, 26.5, 26.5, 26.5, 26.5, 25.81, 25.89, 25.78, 25.69, 25.79, 25.73, 25.78, 25.69, 25.96, 26.0], [26.46, 26.46, 26.44, 26.44, 26.5, 26.5, 26.5, 26.5, 26.5, 26.5, 26.03, 25.89, 25.75, 25.61, 25.63, 25.64, 25.72, 25.79, 25.84, 25.87], [26.44, 26.44, 26.44, 26.44, 26.5, 26.5, 26.5, 26.5, 26.5, 26.22, 26.07, 25.91, 25.74, 25.64, 25.43, 25.61, 25.73, 25.81, 25.86, 25.89], [26.44, 26.44, 26.44, 26.5, 26.5, 26.5, 26.5, 26.5, 26.4, 26.29, 26.2, 26.07, 25.86, 25.72, 25.59, 25.68, 25.78, 25.85, 25.89, 25.92], [26.44, 26.44, 26.56, 26.55, 26.55, 26.55, 26.54, 26.52, 26.41, 26.33, 26.22, 26.11, 25.93, 25.84, 25.75, 25.8, 25.87, 25.91, 25.94, 25.96], [26.56, 26.56, 26.56, 26.54, 26.54, 26.54, 26.53, 26.53, 26.35, 26.31, 26.24, 26.16, 25.99, 25.85, 25.87, 25.92, 25.96, 25.98, 25.99, 25.99], [26.55, 26.55, 26.55, 26.54, 26.54, 26.54, 26.54, 26.55, 26.34, 26.32, 26.27, 26.21, 26.08, 25.93, 25.96, 26.01, 26.05, 26.06, 26.05, 26.03], [26.55, 26.55, 26.55, 26.56, 26.56, 26.56, 26.56, 26.56, 26.57, 26.57, 26.57, 26.49, 26.35, 25.98, 26.03, 26.09, 26.14, 26.13, 26.09, 26.06], [26.56, 26.56, 26.56, 26.57, 26.57, 26.57, 26.57, 26.57, 26.58, 26.58, 26.58, 26.53, 26.36, 26.32, 26.28, 26.12, 26.23, 26.15, 26.11, 26.08], [26.57, 26.57, 26.57, 26.57, 26.57, 26.57, 26.58, 26.58, 26.59, 26.59, 26.59, 26.54, 26.51, 26.32, 26.28, 26.25, 26.14, 26.12, 26.11, 26.08], [26.57, 26.57, 26.57, 26.57, 26.57, 26.58, 26.58, 26.58, 26.59, 26.59, 26.56, 26.54, 26.52, 26.33, 26.29, 26.26, 26.23, 26.22, 26.1, 26.08], [26.57, 26.57, 26.57, 26.57, 26.57, 26.58, 26.58, 26.58, 26.59, 26.59, 26.56, 26.55, 26.53, 26.34, 26.31, 26.28, 26.26, 26.25, 26.25, 26.26], [26.57, 26.57, 26.57, 26.57, 26.58, 26.58, 26.58, 26.58, 26.59, 26.57, 26.57, 26.53, 26.49, 26.45, 26.33, 26.3, 26.28, 26.27, 26.27, 26.27], [26.57, 26.57, 26.57, 26.58, 26.58, 26.58, 26.58, 26.59, 26.59, 26.58, 26.58, 26.54, 26.5, 26.47, 26.35, 26.32, 26.3, 26.29, 26.28, 26.28], [26.57, 26.57, 26.57, 26.58, 26.58, 26.58, 26.58, 26.59, 26.54, 26.56, 26.57, 26.54, 26.51, 26.47, 26.36, 26.34, 26.32, 26.3, 26.3, 26.29], [26.57, 26.57, 26.58, 26.58, 26.58, 26.58, 26.58, 26.58, 26.53, 26.54, 26.54, 26.52, 26.5, 26.48, 26.37, 26.35, 26.33, 26.32, 26.31, 26.3], [26.57, 26.57, 26.58, 26.58, 26.58, 26.58, 26.58, 26.52, 26.52, 26.52, 26.52, 26.51, 26.49, 26.47, 26.37, 26.35, 26.34, 26.33, 26.32, 26.31]]}