gis_exercise/awsData/contour/temp_2023090223.json
{"header": {"refTime": "2023-09-02T23:00:00.000Z", "nx": 21, "ny": 33, "lo1": 113.509, "la1": 22.2235, "lo2": 113.5947, "la2": 22.1034, "dx": 0.0042850000000001385, "dy": 0.003753125000000024, "parameterCategory": 0, "parameterCategoryName": "Temperature", "parameterNumber": 0}, "z": [[26.8, 26.8, 26.8, 26.58, 26.59, 26.82, 26.83, 26.84, 26.85, 26.77, 26.76, 26.75, 26.92, 26.92, 26.88, 26.88, 26.84, 26.83, 26.83, 26.82], [26.8, 26.8, 26.8, 26.8, 26.59, 26.62, 26.83, 26.85, 26.86, 26.79, 26.77, 26.76, 26.92, 26.92, 26.89, 26.85, 26.84, 26.83, 26.82, 26.82], [26.8, 26.8, 26.8, 26.8, 26.58, 26.61, 26.65, 26.85, 26.89, 26.8, 26.77, 26.77, 26.93, 26.93, 26.86, 26.85, 26.83, 26.82, 26.82, 26.81], [26.8, 26.8, 26.8, 26.8, 26.8, 26.59, 26.62, 26.68, 26.73, 26.77, 26.75, 26.78, 26.94, 26.78, 26.87, 26.84, 26.82, 26.81, 26.81, 26.81], [26.81, 26.8, 26.8, 26.8, 26.79, 26.56, 26.57, 26.59, 26.59, 26.69, 26.71, 26.79, 26.91, 26.81, 26.86, 26.83, 26.81, 26.8, 26.79, 26.8], [26.81, 26.81, 26.8, 26.8, 26.79, 26.77, 26.53, 26.52, 26.49, 26.45, 26.6, 26.72, 26.83, 26.93, 26.85, 26.82, 26.78, 26.77, 26.78, 26.79], [26.78, 26.81, 26.81, 26.8, 26.79, 26.76, 26.52, 26.48, 26.45, 26.37, 26.36, 26.62, 26.89, 26.9, 26.83, 26.8, 26.75, 26.73, 26.76, 26.77], [26.79, 26.79, 26.79, 26.79, 26.78, 26.6, 26.55, 26.5, 26.47, 26.35, 26.21, 26.58, 26.59, 26.9, 26.74, 26.75, 26.73, 26.72, 26.73, 26.74], [26.71, 26.72, 26.81, 26.82, 26.82, 26.8, 26.74, 26.53, 26.37, 26.39, 26.37, 26.47, 26.52, 26.46, 26.74, 26.75, 26.74, 26.73, 26.74, 26.74], [27.0, 27.0, 27.0, 26.77, 26.8, 26.89, 26.83, 26.74, 26.27, 26.29, 26.53, 26.41, 26.45, 26.43, 26.74, 26.76, 26.75, 26.74, 26.74, 26.75], [27.0, 27.0, 27.0, 27.0, 27.0, 27.0, 27.0, 27.0, 26.82, 26.36, 26.1, 26.37, 26.4, 26.4, 26.74, 26.76, 26.75, 26.75, 26.75, 26.75], [27.0, 27.0, 27.0, 27.0, 27.0, 27.0, 27.0, 27.0, 27.0, -999.0, 26.1, 26.8, 26.8, 26.38, 26.74, 26.76, 26.76, 26.13, 26.15, 26.15], [27.0, 27.0, 27.0, 27.0, 27.0, 27.0, 27.0, 27.0, 27.0, 27.0, -999.0, 26.8, 26.8, 26.08, 26.4, 26.34, 26.34, 26.22, 26.24, 26.25], [27.0, 27.0, 27.0, 27.0, 27.0, 27.0, 27.0, 27.0, 27.0, 27.0, -999.0, 25.7, 25.7, 25.7, 26.3, 26.25, 26.27, 26.14, 26.17, 26.19], [27.0, 27.0, 27.0, 27.0, 27.0, 27.0, 27.0, 27.0, 27.0, 27.0, 27.0, 26.5, 25.7, 25.7, 25.7, 26.16, 26.19, 26.07, 26.11, 26.14], [27.0, 27.0, 27.0, 27.0, 27.0, 27.0, 27.0, 27.0, 27.0, 27.0, 26.18, 26.27, 26.15, 26.04, 26.16, 26.07, 26.12, 26.02, 26.23, 26.27], [27.0, 27.0, 27.0, 27.0, 27.0, 27.0, 27.0, 27.0, 27.0, 27.0, 26.44, 26.28, 26.11, 25.95, 25.97, 25.94, 26.02, 26.09, 26.14, 26.17], [27.0, 27.0, 27.0, 27.0, 27.0, 27.0, 27.0, 27.0, 27.0, 26.67, 26.5, 26.3, 26.1, 25.98, 25.74, 25.91, 26.03, 26.11, 26.16, 26.19], [27.0, 27.0, 27.0, 27.0, 27.0, 27.0, 27.0, 27.0, 26.88, 26.75, 26.61, 26.44, 26.24, 26.07, 25.9, 25.98, 26.09, 26.15, 26.2, 26.22], [27.0, 27.0, 26.94, 26.95, 26.95, 26.95, 26.96, 26.98, 26.87, 26.76, 26.63, 26.49, 26.31, 26.21, 26.06, 26.11, 26.17, 26.22, 26.24, 26.26], [26.94, 26.94, 26.94, 26.96, 26.96, 26.96, 26.97, 26.97, 26.77, 26.72, 26.63, 26.53, 26.38, 26.15, 26.18, 26.22, 26.27, 26.29, 26.3, 26.3], [26.95, 26.95, 26.95, 26.96, 26.96, 26.96, 26.96, 26.95, 26.74, 26.7, 26.65, 26.58, 26.41, 26.23, 26.27, 26.32, 26.36, 26.37, 26.35, 26.33], [26.95, 26.95, 26.95, 26.94, 26.94, 26.94, 26.94, 26.94, 26.93, 26.93, 26.93, 26.88, 26.66, 26.29, 26.34, 26.4, 26.46, 26.44, 26.39, 26.36], [26.94, 26.94, 26.94, 26.93, 26.93, 26.93, 26.93, 26.93, 26.92, 26.92, 26.92, 26.85, 26.66, 26.62, 26.59, 26.44, 26.58, 26.45, 26.4, 26.37], [26.93, 26.93, 26.93, 26.93, 26.93, 26.93, 26.92, 26.92, 26.91, 26.91, 26.91, 26.86, 26.84, 26.62, 26.59, 26.55, 26.42, 26.38, 26.39, 26.37], [26.93, 26.93, 26.93, 26.93, 26.93, 26.92, 26.92, 26.92, 26.91, 26.91, 26.88, 26.86, 26.85, 26.63, 26.59, 26.55, 26.52, 26.5, 26.38, 26.37], [26.93, 26.93, 26.93, 26.93, 26.93, 26.92, 26.92, 26.92, 26.91, 26.91, 26.87, 26.86, 26.85, 26.64, 26.61, 26.57, 26.55, 26.54, 26.54, 26.55], [26.93, 26.93, 26.93, 26.93, 26.92, 26.92, 26.92, 26.92, 26.91, 26.88, 26.88, 26.81, 26.77, 26.72, 26.63, 26.6, 26.57, 26.56, 26.56, 26.56], [26.93, 26.93, 26.93, 26.92, 26.92, 26.92, 26.92, 26.91, 26.91, 26.89, 26.88, 26.83, 26.78, 26.74, 26.65, 26.62, 26.6, 26.58, 26.58, 26.58], [26.93, 26.93, 26.93, 26.92, 26.92, 26.92, 26.92, 26.91, 26.83, 26.85, 26.86, 26.83, 26.79, 26.75, 26.66, 26.63, 26.61, 26.6, 26.59, 26.59], [26.93, 26.93, 26.92, 26.92, 26.92, 26.92, 26.92, 26.92, 26.82, 26.83, 26.83, 26.81, 26.78, 26.75, 26.67, 26.64, 26.63, 26.61, 26.6, 26.6], [26.93, 26.93, 26.92, 26.92, 26.92, 26.92, 26.92, 26.8, 26.81, 26.81, 26.8, 26.79, 26.77, 26.75, 26.67, 26.65, 26.64, 26.62, 26.61, 26.61]]}