gis_exercise/awsData/contour/temp_2023083107.json
{"header": {"refTime": "2023-08-31T07:00:00.000Z", "nx": 21, "ny": 33, "lo1": 113.509, "la1": 22.2235, "lo2": 113.5947, "la2": 22.1034, "dx": 0.0042850000000001385, "dy": 0.003753125000000024, "parameterCategory": 0, "parameterCategoryName": "Temperature", "parameterNumber": 0}, "z": [[26.9, 26.89, 26.89, 26.76, 26.77, 27.01, 27.01, 27.01, 27.02, 27.02, 27.05, 27.08, 27.3, 27.32, 27.28, 27.27, 27.4, 27.4, 27.39, 27.38], [26.9, 26.9, 26.89, 26.89, 26.77, 26.78, 26.99, 26.98, 26.98, 27.0, 27.05, 27.1, 27.32, 27.34, 27.29, 27.41, 27.4, 27.39, 27.38, 27.38], [26.9, 26.9, 26.89, 26.89, 26.77, 26.78, 26.8, 26.96, 26.92, 26.99, 27.07, 27.14, 27.36, 27.38, 27.44, 27.41, 27.39, 27.38, 27.37, 27.37], [26.9, 26.9, 26.9, 26.89, 26.89, 26.77, 26.78, 26.81, 26.83, 27.0, 27.09, 27.2, 27.43, 27.36, 27.44, 27.41, 27.38, 27.36, 27.36, 27.36], [26.91, 26.9, 26.9, 26.89, 26.89, 26.75, 26.76, 26.77, 26.77, 27.01, 27.1, 27.37, 27.5, 27.39, 27.44, 27.39, 27.36, 27.34, 27.34, 27.34], [26.91, 26.91, 26.9, 26.9, 26.89, 26.88, 26.74, 26.74, 26.73, 26.71, 27.16, 27.3, 27.41, 27.53, 27.42, 27.37, 27.32, 27.3, 27.31, 27.33], [26.92, 26.91, 26.91, 26.91, 26.9, 26.88, 26.77, 26.71, 26.7, 26.79, 26.82, 27.19, 27.49, 27.5, 27.4, 27.35, 27.28, 27.25, 27.27, 27.3], [26.93, 26.93, 26.93, 26.93, 26.92, 26.83, 26.79, 26.74, 26.73, 26.76, 26.7, 27.15, 27.16, 27.5, 27.27, 27.3, 27.25, 27.24, 27.26, 27.28], [26.87, 26.88, 26.95, 26.95, 26.96, 26.94, 26.89, 26.77, 26.67, 26.81, 26.91, 27.03, 27.08, 27.01, 27.28, 27.3, 27.28, 27.27, 27.27, 27.28], [27.1, 27.1, 27.1, 26.91, 26.94, 27.01, 26.96, 26.89, 26.64, 26.65, 27.09, 26.95, 27.0, 26.97, 27.28, 27.31, 27.3, 27.29, 27.29, 27.29], [27.1, 27.1, 27.1, 27.1, 27.1, 27.1, 27.1, 27.1, 26.96, 26.67, 26.6, 26.9, 26.94, 26.94, 27.28, 27.32, 27.31, 27.3, 27.3, 27.3], [27.1, 27.1, 27.1, 27.1, 27.1, 27.1, 27.1, 27.1, 27.1, -999.0, 26.6, 27.4, 27.4, 26.92, 27.28, 27.33, 27.32, 26.29, 26.31, 26.32], [27.1, 27.1, 27.1, 27.1, 27.1, 27.1, 27.1, 27.1, 27.1, 27.1, -999.0, 27.4, 27.4, 26.22, 26.74, 26.62, 26.63, 26.43, 26.46, 26.48], [27.1, 27.1, 27.1, 27.1, 27.1, 27.1, 27.1, 27.1, 27.1, 27.1, -999.0, 25.6, 25.6, 25.6, 26.59, 26.48, 26.51, 26.31, 26.35, 26.38], [27.1, 27.1, 27.1, 27.1, 27.1, 27.1, 27.1, 27.3, 27.3, 27.3, 27.3, 26.65, 25.6, 25.6, 25.6, 26.33, 26.38, 26.2, 26.25, 26.3], [27.1, 27.1, 27.23, 27.23, 27.23, 27.3, 27.3, 27.3, 27.3, 27.3, 26.23, 26.35, 26.19, 26.05, 26.21, 26.11, 26.19, 26.05, 26.4, 26.45], [27.23, 27.23, 27.17, 27.17, 27.3, 27.3, 27.3, 27.3, 27.3, 27.3, 26.57, 26.36, 26.14, 25.93, 25.96, 25.93, 26.05, 26.14, 26.2, 26.25], [27.17, 27.17, 27.18, 27.18, 27.3, 27.3, 27.3, 27.3, 27.3, 26.87, 26.64, 26.38, 26.12, 25.97, 25.65, 25.89, 26.06, 26.17, 26.23, 26.28], [27.18, 27.18, 27.18, 27.3, 27.3, 27.3, 27.3, 27.3, 27.15, 26.97, 26.81, 26.6, 26.32, 26.1, 25.87, 25.99, 26.13, 26.23, 26.28, 26.32], [27.18, 27.18, 27.3, 27.3, 27.3, 27.3, 27.3, 27.3, 27.14, 27.01, 26.84, 26.66, 26.42, 26.29, 26.09, 26.16, 26.25, 26.31, 26.35, 26.37], [27.3, 27.3, 27.3, 27.3, 27.3, 27.3, 27.3, 27.3, 27.04, 26.97, 26.86, 26.73, 26.51, 26.23, 26.26, 26.32, 26.38, 26.41, 26.42, 26.42], [27.3, 27.3, 27.3, 27.3, 27.3, 27.3, 27.3, 27.33, 27.0, 26.96, 26.89, 26.79, 26.6, 26.34, 26.39, 26.46, 26.51, 26.52, 26.5, 26.47], [27.3, 27.3, 27.3, 27.35, 27.35, 27.35, 27.34, 27.34, 27.34, 27.34, 27.34, 27.22, 26.93, 26.41, 26.48, 26.57, 26.65, 26.62, 26.55, 26.51], [27.36, 27.36, 27.36, 27.35, 27.35, 27.35, 27.35, 27.34, 27.34, 27.33, 27.34, 27.28, 26.94, 26.88, 26.83, 26.62, 26.83, 26.63, 26.56, 26.52], [27.36, 27.36, 27.36, 27.36, 27.36, 27.35, 27.35, 27.34, 27.33, 27.32, 27.34, 27.29, 27.27, 26.89, 26.83, 26.78, 26.59, 26.53, 26.55, 26.52], [27.36, 27.36, 27.36, 27.36, 27.36, 27.36, 27.36, 27.35, 27.34, 27.33, 27.31, 27.31, 27.28, 26.89, 26.83, 26.81, 26.74, 26.72, 26.53, 26.52], [27.37, 27.37, 27.37, 27.37, 27.37, 27.37, 27.37, 27.37, 27.36, 27.37, 27.34, 27.33, 27.31, 26.98, 26.91, 26.85, 26.8, 26.78, 26.79, 26.8], [27.37, 27.37, 27.37, 27.37, 27.37, 27.37, 27.38, 27.38, 27.39, 27.38, 27.39, 27.28, 27.2, 27.12, 26.96, 26.9, 26.85, 26.83, 26.83, 26.83], [27.37, 27.37, 27.37, 27.37, 27.38, 27.38, 27.39, 27.4, 27.42, 27.42, 27.44, 27.33, 27.24, 27.15, 26.99, 26.94, 26.9, 26.87, 26.86, 26.86], [27.37, 27.37, 27.38, 27.38, 27.38, 27.39, 27.39, 27.4, 27.32, 27.37, 27.4, 27.33, 27.24, 27.17, 27.02, 26.97, 26.93, 26.9, 26.89, 26.88], [27.37, 27.38, 27.38, 27.38, 27.38, 27.39, 27.4, 27.41, 27.3, 27.32, 27.33, 27.29, 27.23, 27.17, 27.04, 26.99, 26.96, 26.93, 26.91, 26.9], [27.38, 27.38, 27.38, 27.38, 27.39, 27.39, 27.4, 27.25, 27.27, 27.28, 27.28, 27.25, 27.21, 27.17, 27.05, 27.01, 26.97, 26.95, 26.93, 26.92]]}