gis_exercise/awsData/contour/temp_2023090110.json
{"header": {"refTime": "2023-09-01T10:00:00.000Z", "nx": 21, "ny": 33, "lo1": 113.509, "la1": 22.2235, "lo2": 113.5947, "la2": 22.1034, "dx": 0.0042850000000001385, "dy": 0.003753125000000024, "parameterCategory": 0, "parameterCategoryName": "Temperature", "parameterNumber": 0}, "z": [[28.49, 28.49, 28.48, 28.3, 28.3, 28.59, 28.58, 28.57, 28.57, 28.52, 28.56, 28.6, 28.91, 28.94, 28.87, 28.88, 29.09, 29.09, 29.08, 29.08], [28.49, 28.49, 28.48, 28.48, 28.3, 28.31, 28.56, 28.54, 28.53, 28.51, 28.56, 28.62, 28.94, 28.96, 28.9, 29.1, 29.09, 29.08, 29.07, 29.07], [28.5, 28.49, 28.49, 28.48, 28.3, 28.31, 28.32, 28.51, 28.43, 28.49, 28.58, 28.66, 28.98, 29.0, 29.12, 29.1, 29.08, 29.07, 29.07, 29.06], [28.5, 28.5, 28.49, 28.49, 28.48, 28.31, 28.32, 28.33, 28.35, 28.51, 28.61, 28.74, 29.05, 28.96, 29.12, 29.09, 29.07, 29.06, 29.05, 29.05], [28.51, 28.5, 28.5, 28.49, 28.48, 28.3, 28.3, 28.31, 28.3, 28.51, 28.61, 28.96, 29.11, 29.0, 29.12, 29.08, 29.05, 29.04, 29.03, 29.04], [28.51, 28.51, 28.51, 28.5, 28.49, 28.48, 28.3, 28.29, 28.28, 28.24, 28.74, 28.9, 29.02, 29.2, 29.11, 29.06, 29.02, 29.0, 29.01, 29.03], [28.57, 28.52, 28.52, 28.52, 28.51, 28.5, 28.37, 28.3, 28.29, 28.37, 28.38, 28.8, 29.2, 29.2, 29.1, 29.05, 28.98, 28.95, 28.96, 28.97], [28.57, 28.57, 28.57, 28.57, 28.57, 28.42, 28.39, 28.37, 28.4, 28.33, 28.17, 28.83, 28.84, 29.2, 29.01, 29.04, 28.98, 28.95, 28.99, 29.02], [28.53, 28.53, 28.59, 28.59, 28.59, 28.58, 28.54, 28.38, 28.27, 28.4, 28.46, 28.64, 28.72, 28.61, 29.02, 29.06, 29.02, 29.0, 29.01, 29.03], [28.7, 28.7, 28.7, 28.56, 28.58, 28.63, 28.6, 28.54, 28.17, 28.19, 28.73, 28.53, 28.59, 28.56, 29.02, 29.07, 29.04, 29.03, 29.03, 29.04], [28.7, 28.7, 28.7, 28.7, 28.7, 28.7, 28.7, 28.7, 28.59, 28.26, 28.0, 28.46, 28.51, 28.51, 29.02, 29.08, 29.06, 29.05, 29.05, 29.05], [28.7, 28.7, 28.7, 28.7, 28.7, 28.7, 28.7, 28.7, 28.7, -999.0, 28.0, 29.2, 29.2, 28.48, 29.01, 29.09, 29.08, 28.22, 28.23, 28.24], [28.7, 28.7, 28.7, 28.7, 28.7, 28.7, 28.7, 28.7, 28.7, 28.7, -999.0, 29.2, 29.2, 28.22, 28.65, 28.46, 28.47, 28.32, 28.35, 28.36], [28.7, 28.7, 28.7, 28.7, 28.7, 28.7, 28.7, 28.7, 28.7, 28.7, -999.0, 27.7, 27.7, 27.7, 28.52, 28.36, 28.38, 28.23, 28.26, 28.29], [28.7, 28.7, 28.7, 28.7, 28.7, 28.7, 28.7, 28.9, 28.9, 28.9, 28.9, 28.44, 27.7, 27.7, 27.7, 28.25, 28.29, 28.15, 28.19, 28.23], [28.7, 28.7, 28.83, 28.83, 28.83, 28.9, 28.9, 28.9, 28.9, 28.9, 28.14, 28.23, 28.11, 28.02, 28.13, 28.03, 28.08, 27.99, 28.26, 28.3], [28.83, 28.83, 28.77, 28.77, 28.9, 28.9, 28.9, 28.9, 28.9, 28.9, 28.38, 28.24, 28.08, 27.93, 27.94, 27.92, 28.0, 28.07, 28.11, 28.14], [28.77, 28.77, 28.78, 28.78, 28.9, 28.9, 28.9, 28.9, 28.9, 28.6, 28.43, 28.25, 28.07, 27.95, 27.74, 27.9, 28.01, 28.08, 28.13, 28.16], [28.78, 28.78, 28.78, 28.9, 28.9, 28.9, 28.9, 28.9, 28.79, 28.67, 28.55, 28.4, 28.19, 28.04, 27.88, 27.97, 28.06, 28.12, 28.16, 28.19], [28.78, 28.78, 28.9, 28.9, 28.9, 28.9, 28.9, 28.9, 28.79, 28.69, 28.58, 28.45, 28.26, 28.17, 28.03, 28.08, 28.14, 28.18, 28.21, 28.22], [28.9, 28.9, 28.9, 28.9, 28.9, 28.9, 28.9, 28.9, 28.71, 28.67, 28.59, 28.5, 28.32, 28.12, 28.15, 28.19, 28.23, 28.25, 28.26, 28.26], [28.9, 28.9, 28.9, 28.9, 28.9, 28.9, 28.9, 28.9, 28.69, 28.66, 28.61, 28.54, 28.38, 28.2, 28.23, 28.28, 28.32, 28.32, 28.31, 28.29], [28.9, 28.9, 28.9, 28.9, 28.9, 28.9, 28.9, 28.9, 28.9, 28.9, 28.9, 28.82, 28.62, 28.25, 28.29, 28.35, 28.41, 28.39, 28.35, 28.32], [28.9, 28.9, 28.9, 28.9, 28.9, 28.9, 28.9, 28.9, 28.9, 28.9, 28.9, 28.83, 28.63, 28.58, 28.55, 28.39, 28.51, 28.41, 28.36, 28.33], [28.9, 28.9, 28.9, 28.9, 28.9, 28.9, 28.9, 28.9, 28.9, 28.9, 28.9, 28.84, 28.81, 28.59, 28.54, 28.51, 28.38, 28.35, 28.35, 28.33], [28.9, 28.9, 28.9, 28.9, 28.9, 28.9, 28.9, 28.9, 28.9, 28.9, 28.86, 28.84, 28.82, 28.59, 28.55, 28.51, 28.48, 28.46, 28.34, 28.33], [28.9, 28.9, 28.9, 28.9, 28.9, 28.9, 28.9, 28.9, 28.9, 28.9, 28.86, 28.85, 28.83, 28.61, 28.57, 28.54, 28.51, 28.5, 28.5, 28.51], [28.9, 28.9, 28.9, 28.9, 28.9, 28.9, 28.9, 28.9, 28.9, 28.87, 28.87, 28.81, 28.77, 28.72, 28.59, 28.56, 28.54, 28.53, 28.52, 28.52], [28.9, 28.9, 28.9, 28.9, 28.9, 28.9, 28.9, 28.9, 28.9, 28.88, 28.88, 28.83, 28.78, 28.74, 28.62, 28.58, 28.56, 28.55, 28.54, 28.54], [28.9, 28.9, 28.9, 28.9, 28.9, 28.9, 28.9, 28.9, 28.83, 28.85, 28.86, 28.83, 28.79, 28.75, 28.63, 28.6, 28.58, 28.57, 28.56, 28.55], [28.9, 28.9, 28.9, 28.9, 28.9, 28.9, 28.9, 28.9, 28.82, 28.83, 28.83, 28.81, 28.78, 28.75, 28.64, 28.61, 28.59, 28.58, 28.57, 28.56], [28.9, 28.9, 28.9, 28.9, 28.9, 28.9, 28.9, 28.8, 28.81, 28.81, 28.8, 28.79, 28.77, 28.75, 28.65, 28.62, 28.6, 28.59, 28.58, 28.57]]}