gis_exercise/awsData/contour/temp_2023091018.json
{"header": {"refTime": "2023-09-10T18:00:00.000Z", "nx": 21, "ny": 33, "lo1": 113.509, "la1": 22.2235, "lo2": 113.5947, "la2": 22.1034, "dx": 0.0042850000000001385, "dy": 0.003753125000000024, "parameterCategory": 0, "parameterCategoryName": "Temperature", "parameterNumber": 0}, "z": [[25.43, 25.43, 25.42, 25.14, 25.15, 25.44, 25.44, 25.44, 25.45, 25.3, 25.3, 25.3, 25.62, 25.63, 25.55, 25.55, 25.66, 25.65, 25.65, 25.64], [25.43, 25.43, 25.42, 25.42, 25.15, 25.17, 25.44, 25.43, 25.43, 25.32, 25.31, 25.32, 25.62, 25.64, 25.56, 25.66, 25.65, 25.65, 25.64, 25.64], [25.43, 25.43, 25.43, 25.42, 25.15, 25.17, 25.2, 25.43, 25.41, 25.33, 25.31, 25.33, 25.64, 25.65, 25.67, 25.66, 25.65, 25.64, 25.63, 25.63], [25.43, 25.43, 25.43, 25.42, 25.42, 25.16, 25.18, 25.23, 25.26, 25.3, 25.3, 25.37, 25.66, 25.49, 25.67, 25.65, 25.64, 25.63, 25.62, 25.63], [25.44, 25.44, 25.43, 25.43, 25.42, 25.14, 25.15, 25.16, 25.15, 25.22, 25.26, 25.48, 25.61, 25.52, 25.67, 25.65, 25.62, 25.61, 25.61, 25.62], [25.44, 25.44, 25.44, 25.43, 25.43, 25.42, 25.13, 25.12, 25.09, 25.01, 25.27, 25.42, 25.54, 25.73, 25.67, 25.63, 25.6, 25.58, 25.59, 25.6], [25.47, 25.45, 25.45, 25.44, 25.44, 25.42, 25.17, 25.13, 25.09, 25.03, 24.99, 25.34, 25.76, 25.75, 25.67, 25.62, 25.56, 25.54, 25.54, 25.55], [25.47, 25.47, 25.47, 25.47, 25.47, 25.23, 25.2, 25.2, 25.24, 24.98, 24.72, 25.4, 25.41, 25.75, 25.61, 25.64, 25.58, 25.55, 25.59, 25.62], [25.43, 25.43, 25.49, 25.49, 25.49, 25.48, 25.44, 25.2, 25.05, 25.07, 25.0, 25.19, 25.28, 25.16, 25.62, 25.66, 25.62, 25.6, 25.61, 25.63], [25.6, 25.6, 25.6, 25.46, 25.48, 25.53, 25.5, 25.44, 24.85, 24.89, 25.29, 25.07, 25.14, 25.11, 25.62, 25.67, 25.64, 25.63, 25.63, 25.64], [25.6, 25.6, 25.6, 25.6, 25.6, 25.6, 25.6, 25.6, 25.49, 25.03, 24.5, 25.0, 25.05, 25.06, 25.62, 25.68, 25.66, 25.65, 25.65, 25.65], [25.6, 25.6, 25.6, 25.6, 25.6, 25.6, 25.6, 25.6, 25.6, -999.0, 24.5, 25.8, 25.8, 25.02, 25.61, 25.69, 25.68, 24.93, 24.95, 24.95], [25.6, 25.6, 25.6, 25.6, 25.6, 25.6, 25.6, 25.6, 25.6, 25.6, -999.0, 25.8, 25.8, 24.95, 25.32, 25.14, 25.14, 25.02, 25.04, 25.05], [25.6, 25.6, 25.6, 25.6, 25.6, 25.6, 25.6, 25.6, 25.6, 25.6, -999.0, 24.5, 24.5, 24.5, 25.21, 25.05, 25.07, 24.94, 24.97, 24.99], [25.6, 25.6, 25.6, 25.6, 25.6, 25.6, 25.6, 25.8, 25.8, 25.8, 25.8, 25.3, 24.5, 24.5, 24.5, 24.96, 24.99, 24.87, 24.91, 24.94], [25.6, 25.6, 25.73, 25.73, 25.73, 25.8, 25.8, 25.8, 25.8, 25.8, 24.98, 25.07, 24.95, 24.84, 24.96, 24.76, 24.8, 24.73, 24.95, 24.98], [25.73, 25.73, 25.67, 25.67, 25.8, 25.8, 25.8, 25.8, 25.8, 25.8, 25.24, 25.08, 24.91, 24.75, 24.73, 24.69, 24.76, 24.82, 24.85, 24.88], [25.67, 25.67, 25.68, 25.68, 25.8, 25.8, 25.8, 25.8, 25.8, 25.47, 25.3, 25.1, 24.9, 24.75, 24.53, 24.67, 24.77, 24.83, 24.87, 24.9], [25.68, 25.68, 25.68, 25.8, 25.8, 25.8, 25.8, 25.8, 25.68, 25.55, 25.41, 25.24, 24.98, 24.82, 24.66, 24.73, 24.81, 24.87, 24.9, 24.92], [25.68, 25.68, 25.74, 25.75, 25.75, 25.75, 25.76, 25.78, 25.67, 25.56, 25.43, 25.29, 25.04, 24.94, 24.79, 24.83, 24.88, 24.92, 24.94, 24.95], [25.74, 25.74, 25.74, 25.76, 25.76, 25.76, 25.77, 25.77, 25.57, 25.52, 25.43, 25.33, 25.1, 24.86, 24.88, 24.92, 24.95, 24.97, 24.98, 24.98], [25.75, 25.75, 25.75, 25.76, 25.76, 25.76, 25.76, 25.82, 25.54, 25.5, 25.45, 25.38, 25.11, 24.93, 24.96, 24.99, 25.02, 25.03, 25.02, 25.01], [25.75, 25.75, 25.75, 25.84, 25.83, 25.83, 25.82, 25.82, 25.81, 25.81, 25.81, 25.6, 25.36, 24.97, 25.01, 25.05, 25.09, 25.09, 25.06, 25.04], [25.85, 25.85, 25.85, 25.84, 25.84, 25.83, 25.82, 25.81, 25.79, 25.79, 25.8, 25.68, 25.37, 25.31, 25.26, 25.08, 25.16, 25.11, 25.08, 25.05], [25.85, 25.85, 25.85, 25.85, 25.84, 25.84, 25.83, 25.81, 25.77, 25.74, 25.79, 25.7, 25.66, 25.31, 25.26, 25.22, 25.11, 25.1, 25.08, 25.06], [25.86, 25.86, 25.86, 25.85, 25.85, 25.85, 25.84, 25.82, 25.79, 25.76, 25.74, 25.73, 25.7, 25.32, 25.27, 25.29, 25.24, 25.23, 25.07, 25.05], [25.86, 25.86, 25.86, 25.86, 25.86, 25.86, 25.85, 25.85, 25.84, 25.85, 25.8, 25.78, 25.74, 25.49, 25.41, 25.34, 25.3, 25.28, 25.28, 25.3], [25.87, 25.87, 25.87, 25.87, 25.87, 25.87, 25.88, 25.88, 25.9, 25.87, 25.89, 25.83, 25.76, 25.69, 25.46, 25.4, 25.35, 25.33, 25.32, 25.33], [25.87, 25.87, 25.87, 25.87, 25.88, 25.88, 25.89, 25.91, 25.94, 25.96, 26.03, 25.9, 25.8, 25.72, 25.51, 25.44, 25.4, 25.37, 25.36, 25.35], [25.87, 25.87, 25.88, 25.88, 25.89, 25.89, 25.91, 25.92, 25.87, 25.94, 25.99, 25.9, 25.81, 25.74, 25.54, 25.48, 25.44, 25.41, 25.39, 25.38], [25.88, 25.88, 25.88, 25.89, 25.89, 25.9, 25.91, 25.93, 25.86, 25.89, 25.9, 25.86, 25.8, 25.75, 25.56, 25.5, 25.46, 25.43, 25.41, 25.4], [25.88, 25.88, 25.88, 25.89, 25.89, 25.9, 25.91, 25.81, 25.83, 25.84, 25.84, 25.82, 25.79, 25.74, 25.57, 25.52, 25.48, 25.46, 25.44, 25.42]]}