gis_exercise/awsData/contour/temp_2023090806.json
{"header": {"refTime": "2023-09-08T06:00:00.000Z", "nx": 21, "ny": 33, "lo1": 113.509, "la1": 22.2235, "lo2": 113.5947, "la2": 22.1034, "dx": 0.0042850000000001385, "dy": 0.003753125000000024, "parameterCategory": 0, "parameterCategoryName": "Temperature", "parameterNumber": 0}, "z": [[25.17, 25.17, 25.17, 25.12, 25.12, 25.27, 25.27, 25.26, 25.27, 25.26, 25.28, 25.3, 25.38, 25.39, 25.42, 25.42, 25.45, 25.44, 25.44, 25.44], [25.17, 25.17, 25.17, 25.17, 25.12, 25.13, 25.26, 25.25, 25.25, 25.25, 25.28, 25.31, 25.4, 25.41, 25.43, 25.45, 25.45, 25.44, 25.44, 25.44], [25.17, 25.17, 25.17, 25.17, 25.12, 25.13, 25.14, 25.24, 25.21, 25.25, 25.29, 25.33, 25.42, 25.43, 25.47, 25.46, 25.45, 25.44, 25.44, 25.43], [25.17, 25.17, 25.17, 25.17, 25.17, 25.12, 25.13, 25.15, 25.16, 25.25, 25.3, 25.37, 25.46, 25.41, 25.47, 25.45, 25.44, 25.44, 25.43, 25.43], [25.17, 25.17, 25.17, 25.17, 25.17, 25.11, 25.12, 25.12, 25.12, 25.26, 25.31, 25.42, 25.53, 25.44, 25.47, 25.45, 25.44, 25.43, 25.43, 25.43], [25.17, 25.17, 25.17, 25.17, 25.16, 25.16, 25.11, 25.1, 25.1, 25.09, 25.29, 25.37, 25.45, 25.5, 25.45, 25.44, 25.43, 25.42, 25.42, 25.42], [25.16, 25.17, 25.17, 25.17, 25.16, 25.16, 25.1, 25.09, 25.09, 25.09, 25.1, 25.28, 25.43, 25.45, 25.44, 25.43, 25.41, 25.41, 25.44, 25.45], [25.16, 25.16, 25.16, 25.16, 25.16, 25.12, 25.11, 25.1, 25.1, 25.08, 25.04, 25.21, 25.21, 25.45, 25.36, 25.35, 25.37, 25.38, 25.37, 25.36], [25.14, 25.14, 25.16, 25.16, 25.16, 25.16, 25.15, 25.1, 25.07, 25.1, 25.12, 25.16, 25.18, 25.15, 25.36, 25.35, 25.36, 25.37, 25.36, 25.36], [25.2, 25.2, 25.2, 25.15, 25.16, 25.18, 25.17, 25.15, 25.04, 25.05, 25.18, 25.13, 25.15, 25.14, 25.36, 25.34, 25.35, 25.36, 25.36, 25.35], [25.2, 25.2, 25.2, 25.2, 25.2, 25.2, 25.2, 25.2, 25.16, 25.07, 25.0, 25.11, 25.13, 25.13, 25.36, 25.34, 25.35, 25.35, 25.35, 25.35], [25.2, 25.2, 25.2, 25.2, 25.2, 25.2, 25.2, 25.2, 25.2, -999.0, 25.0, 25.3, 25.3, 25.12, 25.36, 25.34, 25.34, 24.89, 24.9, 24.9], [25.2, 25.2, 25.2, 25.2, 25.2, 25.2, 25.2, 25.2, 25.2, 25.2, -999.0, 25.3, 25.3, 24.78, 25.01, 25.07, 25.08, 24.97, 24.98, 24.99], [25.2, 25.2, 25.2, 25.2, 25.2, 25.2, 25.2, 25.2, 25.2, 25.2, -999.0, 24.5, 24.5, 24.5, 24.94, 25.0, 25.01, 24.9, 24.92, 24.94], [25.2, 25.2, 25.2, 25.2, 25.2, 25.2, 25.2, 25.1, 25.1, 25.1, 25.1, 24.87, 24.5, 24.5, 24.5, 24.91, 24.94, 24.84, 24.87, 24.89], [25.2, 25.2, 25.14, 25.14, 25.13, 25.1, 25.1, 25.1, 25.1, 25.1, 24.72, 24.77, 24.71, 24.66, 24.71, 24.65, 24.67, 24.63, 24.84, 24.87], [25.14, 25.14, 25.16, 25.16, 25.1, 25.1, 25.1, 25.1, 25.1, 25.1, 24.84, 24.77, 24.69, 24.62, 24.62, 24.59, 24.62, 24.65, 24.66, 24.68], [25.16, 25.16, 25.16, 25.16, 25.1, 25.1, 25.1, 25.1, 25.1, 24.95, 24.87, 24.78, 24.68, 24.62, 24.52, 24.58, 24.63, 24.65, 24.67, 24.69], [25.16, 25.16, 25.16, 25.1, 25.1, 25.1, 25.1, 25.1, 25.05, 24.98, 24.93, 24.85, 24.74, 24.66, 24.57, 24.61, 24.65, 24.67, 24.69, 24.7], [25.16, 25.16, 25.1, 25.1, 25.1, 25.1, 25.1, 25.1, 25.04, 25.0, 24.94, 24.88, 24.77, 24.72, 24.63, 24.65, 24.68, 24.7, 24.71, 24.71], [25.1, 25.1, 25.1, 25.1, 25.1, 25.1, 25.1, 25.1, 25.01, 24.98, 24.94, 24.9, 24.8, 24.67, 24.68, 24.7, 24.71, 24.72, 24.73, 24.72], [25.1, 25.1, 25.1, 25.1, 25.1, 25.1, 25.1, 25.1, 25.0, 24.98, 24.96, 24.92, 24.82, 24.7, 24.72, 24.74, 24.75, 24.75, 24.75, 24.74], [25.1, 25.1, 25.1, 25.1, 25.1, 25.1, 25.1, 25.1, 25.1, 25.1, 25.1, 25.05, 24.91, 24.72, 24.74, 24.77, 24.79, 24.78, 24.76, 24.75], [25.1, 25.1, 25.1, 25.1, 25.1, 25.1, 25.1, 25.1, 25.1, 25.1, 25.1, 25.05, 24.92, 24.89, 24.86, 24.78, 24.85, 24.78, 24.76, 24.75], [25.1, 25.1, 25.1, 25.1, 25.1, 25.1, 25.1, 25.1, 25.1, 25.1, 25.1, 25.06, 25.04, 24.89, 24.86, 24.84, 24.77, 24.75, 24.76, 24.75], [25.1, 25.1, 25.1, 25.1, 25.1, 25.1, 25.1, 25.1, 25.1, 25.1, 25.08, 25.06, 25.05, 24.89, 24.87, 24.84, 24.82, 24.81, 24.75, 24.75], [25.1, 25.1, 25.1, 25.1, 25.1, 25.1, 25.1, 25.1, 25.1, 25.1, 25.07, 25.06, 25.05, 24.91, 24.88, 24.86, 24.84, 24.83, 24.83, 24.84], [25.1, 25.1, 25.1, 25.1, 25.1, 25.1, 25.1, 25.1, 25.1, 25.08, 25.08, 25.04, 25.01, 24.98, 24.9, 24.87, 24.86, 24.85, 24.85, 24.85], [25.1, 25.1, 25.1, 25.1, 25.1, 25.1, 25.1, 25.1, 25.1, 25.09, 25.08, 25.05, 25.02, 24.99, 24.91, 24.89, 24.87, 24.87, 24.86, 24.86], [25.1, 25.1, 25.1, 25.1, 25.1, 25.1, 25.1, 25.1, 25.05, 25.07, 25.07, 25.05, 25.02, 25.0, 24.92, 24.9, 24.89, 24.88, 24.87, 24.87], [25.1, 25.1, 25.1, 25.1, 25.1, 25.1, 25.1, 25.1, 25.05, 25.05, 25.05, 25.04, 25.02, 25.0, 24.93, 24.91, 24.9, 24.89, 24.88, 24.88], [25.1, 25.1, 25.1, 25.1, 25.1, 25.1, 25.1, 25.03, 25.04, 25.04, 25.04, 25.03, 25.01, 25.0, 24.93, 24.92, 24.9, 24.89, 24.89, 24.88]]}