gis_exercise/awsData/contour/temp_2023091404.json
{"header": {"refTime": "2023-09-14T04:00:00.000Z", "nx": 21, "ny": 33, "lo1": 113.509, "la1": 22.2235, "lo2": 113.5947, "la2": 22.1034, "dx": 0.0042850000000001385, "dy": 0.003753125000000024, "parameterCategory": 0, "parameterCategoryName": "Temperature", "parameterNumber": 0}, "z": [[26.52, 26.52, 26.51, 26.3, 26.31, 26.59, 26.58, 26.57, 26.57, 26.48, 26.51, 26.54, 26.8, 26.82, 26.8, 26.81, 26.94, 26.93, 26.93, 26.92], [26.52, 26.52, 26.51, 26.51, 26.31, 26.31, 26.56, 26.54, 26.52, 26.47, 26.51, 26.56, 26.82, 26.84, 26.82, 26.95, 26.94, 26.93, 26.92, 26.92], [26.53, 26.52, 26.52, 26.51, 26.31, 26.31, 26.33, 26.51, 26.43, 26.46, 26.52, 26.6, 26.86, 26.88, 26.96, 26.95, 26.93, 26.92, 26.92, 26.91], [26.53, 26.53, 26.52, 26.52, 26.51, 26.31, 26.32, 26.33, 26.35, 26.46, 26.54, 26.66, 26.93, 26.82, 26.97, 26.94, 26.92, 26.91, 26.91, 26.91], [26.54, 26.54, 26.53, 26.53, 26.52, 26.31, 26.31, 26.31, 26.31, 26.45, 26.54, 26.83, 26.99, 26.86, 26.96, 26.93, 26.91, 26.9, 26.89, 26.9], [26.54, 26.54, 26.54, 26.54, 26.53, 26.52, 26.31, 26.31, 26.29, 26.24, 26.59, 26.75, 26.88, 27.03, 26.95, 26.92, 26.88, 26.87, 26.88, 26.89], [26.61, 26.55, 26.55, 26.55, 26.55, 26.54, 26.4, 26.34, 26.32, 26.3, 26.27, 26.62, 26.99, 27.0, 26.93, 26.9, 26.85, 26.83, 26.86, 26.87], [26.61, 26.62, 26.62, 26.61, 26.61, 26.44, 26.42, 26.42, 26.46, 26.26, 26.07, 26.59, 26.6, 27.0, 26.84, 26.85, 26.83, 26.82, 26.83, 26.84], [26.59, 26.59, 26.62, 26.63, 26.63, 26.62, 26.6, 26.42, 26.31, 26.33, 26.28, 26.43, 26.5, 26.41, 26.84, 26.85, 26.84, 26.83, 26.84, 26.84], [26.7, 26.7, 26.7, 26.61, 26.62, 26.65, 26.63, 26.6, 26.16, 26.19, 26.51, 26.34, 26.39, 26.37, 26.84, 26.86, 26.85, 26.84, 26.84, 26.85], [26.7, 26.7, 26.7, 26.7, 26.7, 26.7, 26.7, 26.7, 26.63, 26.29, 25.9, 26.28, 26.33, 26.33, 26.84, 26.86, 26.85, 26.85, 26.85, 26.85], [26.7, 26.7, 26.7, 26.7, 26.7, 26.7, 26.7, 26.7, 26.7, -999.0, 25.9, 26.9, 26.9, 26.3, 26.84, 26.86, 26.86, 26.17, 26.19, 26.19], [26.7, 26.7, 26.7, 26.7, 26.7, 26.7, 26.7, 26.7, 26.7, 26.7, -999.0, 26.9, 26.9, 26.12, 26.46, 26.4, 26.41, 26.27, 26.29, 26.3], [26.7, 26.7, 26.7, 26.7, 26.7, 26.7, 26.7, 26.7, 26.7, 26.7, -999.0, 25.7, 25.7, 25.7, 26.36, 26.31, 26.33, 26.19, 26.22, 26.24], [26.7, 26.7, 26.7, 26.7, 26.7, 26.7, 26.7, 26.7, 26.7, 26.7, 26.7, 26.32, 25.7, 25.7, 25.7, 26.2, 26.24, 26.11, 26.15, 26.18], [26.7, 26.7, 26.7, 26.7, 26.7, 26.7, 26.7, 26.7, 26.7, 26.7, 26.07, 26.14, 26.05, 25.96, 26.06, 25.99, 26.04, 25.96, 26.2, 26.24], [26.7, 26.7, 26.7, 26.7, 26.7, 26.7, 26.7, 26.7, 26.7, 26.7, 26.27, 26.15, 26.02, 25.9, 25.91, 25.91, 25.98, 26.04, 26.08, 26.11], [26.7, 26.7, 26.7, 26.7, 26.7, 26.7, 26.7, 26.7, 26.7, 26.45, 26.31, 26.16, 26.01, 25.92, 25.73, 25.89, 25.99, 26.06, 26.1, 26.13], [26.7, 26.7, 26.7, 26.7, 26.7, 26.7, 26.7, 26.7, 26.61, 26.51, 26.43, 26.31, 26.12, 25.99, 25.87, 25.95, 26.03, 26.1, 26.13, 26.15], [26.7, 26.7, 26.76, 26.75, 26.75, 26.75, 26.74, 26.72, 26.62, 26.55, 26.45, 26.35, 26.18, 26.1, 26.01, 26.05, 26.11, 26.15, 26.17, 26.19], [26.76, 26.76, 26.76, 26.74, 26.74, 26.74, 26.73, 26.73, 26.57, 26.53, 26.47, 26.39, 26.23, 26.09, 26.11, 26.15, 26.19, 26.21, 26.22, 26.22], [26.75, 26.75, 26.75, 26.74, 26.74, 26.74, 26.74, 26.77, 26.56, 26.54, 26.5, 26.44, 26.31, 26.16, 26.19, 26.24, 26.27, 26.28, 26.27, 26.25], [26.75, 26.75, 26.75, 26.79, 26.79, 26.78, 26.78, 26.78, 26.79, 26.79, 26.79, 26.69, 26.55, 26.21, 26.25, 26.3, 26.35, 26.34, 26.3, 26.28], [26.79, 26.79, 26.79, 26.79, 26.79, 26.79, 26.79, 26.79, 26.8, 26.8, 26.8, 26.75, 26.56, 26.52, 26.48, 26.34, 26.43, 26.36, 26.32, 26.29], [26.8, 26.8, 26.8, 26.8, 26.8, 26.8, 26.8, 26.8, 26.8, 26.8, 26.81, 26.76, 26.74, 26.52, 26.48, 26.45, 26.35, 26.33, 26.32, 26.3], [26.8, 26.8, 26.8, 26.8, 26.8, 26.81, 26.81, 26.81, 26.81, 26.81, 26.79, 26.77, 26.75, 26.53, 26.49, 26.47, 26.44, 26.43, 26.31, 26.29], [26.8, 26.8, 26.8, 26.81, 26.81, 26.81, 26.81, 26.82, 26.82, 26.82, 26.8, 26.79, 26.77, 26.58, 26.53, 26.5, 26.47, 26.46, 26.46, 26.47], [26.8, 26.81, 26.81, 26.81, 26.81, 26.82, 26.82, 26.83, 26.83, 26.82, 26.83, 26.78, 26.74, 26.7, 26.56, 26.53, 26.5, 26.49, 26.49, 26.49], [26.81, 26.81, 26.81, 26.81, 26.82, 26.82, 26.83, 26.83, 26.85, 26.85, 26.87, 26.81, 26.76, 26.71, 26.59, 26.55, 26.53, 26.51, 26.5, 26.5], [26.81, 26.81, 26.81, 26.82, 26.82, 26.82, 26.83, 26.84, 26.8, 26.83, 26.85, 26.81, 26.76, 26.72, 26.6, 26.57, 26.55, 26.53, 26.52, 26.52], [26.81, 26.81, 26.81, 26.82, 26.82, 26.82, 26.83, 26.84, 26.79, 26.81, 26.81, 26.79, 26.76, 26.72, 26.61, 26.58, 26.56, 26.55, 26.54, 26.53], [26.81, 26.81, 26.82, 26.82, 26.82, 26.83, 26.83, 26.77, 26.78, 26.78, 26.78, 26.77, 26.75, 26.72, 26.62, 26.59, 26.57, 26.56, 26.55, 26.54]]}