gis_exercise/awsData/contour/temp_2023090718.json
{"header": {"refTime": "2023-09-07T18:00:00.000Z", "nx": 21, "ny": 33, "lo1": 113.509, "la1": 22.2235, "lo2": 113.5947, "la2": 22.1034, "dx": 0.0042850000000001385, "dy": 0.003753125000000024, "parameterCategory": 0, "parameterCategoryName": "Temperature", "parameterNumber": 0}, "z": [[26.28, 26.28, 26.27, 26.08, 26.08, 26.34, 26.32, 26.31, 26.31, 26.24, 26.28, 26.32, 26.56, 26.59, 26.63, 26.64, 26.81, 26.81, 26.81, 26.81], [26.29, 26.28, 26.27, 26.26, 26.08, 26.08, 26.3, 26.27, 26.25, 26.22, 26.28, 26.34, 26.59, 26.61, 26.65, 26.81, 26.81, 26.81, 26.81, 26.81], [26.29, 26.29, 26.28, 26.27, 26.09, 26.09, 26.09, 26.24, 26.14, 26.2, 26.3, 26.38, 26.63, 26.65, 26.82, 26.81, 26.81, 26.81, 26.81, 26.8], [26.3, 26.29, 26.29, 26.28, 26.27, 26.09, 26.09, 26.09, 26.09, 26.23, 26.33, 26.46, 26.71, 26.64, 26.82, 26.81, 26.81, 26.81, 26.8, 26.8], [26.3, 26.3, 26.3, 26.29, 26.28, 26.09, 26.1, 26.09, 26.08, 26.24, 26.34, 26.65, 26.79, 26.67, 26.82, 26.81, 26.81, 26.8, 26.8, 26.8], [26.31, 26.31, 26.31, 26.31, 26.3, 26.29, 26.11, 26.11, 26.09, 26.05, 26.42, 26.57, 26.7, 26.83, 26.81, 26.81, 26.8, 26.8, 26.8, 26.8], [26.41, 26.32, 26.32, 26.32, 26.32, 26.31, 26.22, 26.14, 26.13, 26.15, 26.13, 26.46, 26.79, 26.8, 26.8, 26.8, 26.8, 26.8, 26.82, 26.82], [26.41, 26.42, 26.42, 26.41, 26.41, 26.26, 26.24, 26.24, 26.27, 26.11, 25.95, 26.42, 26.43, 26.8, 26.76, 26.75, 26.77, 26.78, 26.77, 26.76], [26.39, 26.39, 26.42, 26.43, 26.43, 26.42, 26.4, 26.24, 26.14, 26.17, 26.15, 26.28, 26.34, 26.26, 26.76, 26.75, 26.76, 26.77, 26.76, 26.76], [26.5, 26.5, 26.5, 26.41, 26.42, 26.45, 26.43, 26.4, 26.02, 26.04, 26.35, 26.2, 26.24, 26.22, 26.76, 26.74, 26.75, 26.76, 26.76, 26.75], [26.5, 26.5, 26.5, 26.5, 26.5, 26.5, 26.5, 26.5, 26.43, 26.13, 25.8, 26.14, 26.18, 26.19, 26.76, 26.74, 26.75, 26.75, 26.75, 26.75], [26.5, 26.5, 26.5, 26.5, 26.5, 26.5, 26.5, 26.5, 26.5, -999.0, 25.8, 26.7, 26.7, 26.16, 26.76, 26.74, 26.74, 26.06, 26.08, 26.08], [26.5, 26.5, 26.5, 26.5, 26.5, 26.5, 26.5, 26.5, 26.5, 26.5, -999.0, 26.7, 26.7, 25.92, 26.26, 26.33, 26.34, 26.18, 26.2, 26.21], [26.5, 26.5, 26.5, 26.5, 26.5, 26.5, 26.5, 26.5, 26.5, 26.5, -999.0, 25.5, 25.5, 25.5, 26.16, 26.22, 26.24, 26.08, 26.11, 26.14], [26.5, 26.5, 26.5, 26.5, 26.5, 26.5, 26.5, 26.5, 26.5, 26.5, 26.5, 26.12, 25.5, 25.5, 25.5, 26.1, 26.13, 25.98, 26.03, 26.07], [26.5, 26.5, 26.5, 26.5, 26.5, 26.5, 26.5, 26.5, 26.5, 26.5, 25.87, 25.94, 25.85, 25.76, 25.86, 25.9, 25.96, 25.86, 26.14, 26.18], [26.5, 26.5, 26.5, 26.5, 26.5, 26.5, 26.5, 26.5, 26.5, 26.5, 26.07, 25.95, 25.82, 25.7, 25.74, 25.78, 25.88, 25.96, 26.02, 26.06], [26.5, 26.5, 26.5, 26.5, 26.5, 26.5, 26.5, 26.5, 26.5, 26.25, 26.11, 25.96, 25.81, 25.75, 25.54, 25.75, 25.89, 25.99, 26.04, 26.08], [26.5, 26.5, 26.5, 26.5, 26.5, 26.5, 26.5, 26.5, 26.41, 26.31, 26.21, 26.09, 25.97, 25.83, 25.73, 25.84, 25.95, 26.04, 26.09, 26.12], [26.5, 26.5, 26.5, 26.5, 26.5, 26.5, 26.5, 26.5, 26.41, 26.33, 26.23, 26.13, 26.04, 25.97, 25.92, 25.98, 26.05, 26.11, 26.14, 26.16], [26.5, 26.5, 26.5, 26.5, 26.5, 26.5, 26.5, 26.5, 26.34, 26.3, 26.24, 26.16, 26.11, 26.04, 26.06, 26.11, 26.17, 26.2, 26.21, 26.21], [26.5, 26.5, 26.5, 26.5, 26.5, 26.5, 26.5, 26.53, 26.33, 26.3, 26.26, 26.2, 26.18, 26.13, 26.17, 26.23, 26.27, 26.28, 26.27, 26.25], [26.5, 26.5, 26.5, 26.55, 26.55, 26.55, 26.54, 26.54, 26.54, 26.54, 26.54, 26.53, 26.47, 26.2, 26.25, 26.32, 26.38, 26.37, 26.32, 26.28], [26.56, 26.56, 26.56, 26.55, 26.55, 26.55, 26.55, 26.54, 26.54, 26.53, 26.54, 26.57, 26.47, 26.47, 26.47, 26.37, 26.5, 26.39, 26.34, 26.3], [26.56, 26.56, 26.56, 26.56, 26.56, 26.55, 26.55, 26.54, 26.53, 26.52, 26.54, 26.57, 26.59, 26.47, 26.46, 26.46, 26.37, 26.35, 26.33, 26.31], [26.56, 26.56, 26.56, 26.56, 26.56, 26.56, 26.56, 26.55, 26.54, 26.53, 26.56, 26.58, 26.59, 26.47, 26.46, 26.48, 26.46, 26.44, 26.32, 26.3], [26.57, 26.57, 26.57, 26.57, 26.57, 26.57, 26.57, 26.57, 26.56, 26.57, 26.59, 26.6, 26.6, 26.54, 26.52, 26.49, 26.48, 26.47, 26.47, 26.48], [26.57, 26.57, 26.57, 26.57, 26.57, 26.57, 26.58, 26.58, 26.59, 26.62, 26.63, 26.58, 26.55, 26.52, 26.53, 26.51, 26.49, 26.49, 26.48, 26.49], [26.57, 26.57, 26.57, 26.57, 26.58, 26.58, 26.59, 26.6, 26.62, 26.65, 26.67, 26.61, 26.57, 26.54, 26.54, 26.52, 26.51, 26.5, 26.5, 26.5], [26.57, 26.57, 26.58, 26.58, 26.58, 26.59, 26.59, 26.6, 26.6, 26.63, 26.65, 26.61, 26.58, 26.55, 26.55, 26.53, 26.52, 26.51, 26.51, 26.5], [26.57, 26.58, 26.58, 26.58, 26.58, 26.59, 26.6, 26.61, 26.59, 26.61, 26.61, 26.6, 26.57, 26.55, 26.55, 26.54, 26.53, 26.52, 26.51, 26.51], [26.58, 26.58, 26.58, 26.58, 26.59, 26.59, 26.6, 26.57, 26.58, 26.59, 26.59, 26.58, 26.56, 26.55, 26.56, 26.54, 26.53, 26.53, 26.52, 26.52]]}