gis_exercise/awsData/contour/temp_2023090722.json
{"header": {"refTime": "2023-09-07T22:00:00.000Z", "nx": 21, "ny": 33, "lo1": 113.509, "la1": 22.2235, "lo2": 113.5947, "la2": 22.1034, "dx": 0.0042850000000001385, "dy": 0.003753125000000024, "parameterCategory": 0, "parameterCategoryName": "Temperature", "parameterNumber": 0}, "z": [[26.67, 26.66, 26.65, 26.39, 26.39, 26.64, 26.62, 26.61, 26.61, 26.5, 26.53, 26.56, 26.77, 26.79, 26.72, 26.71, 26.81, 26.79, 26.78, 26.78], [26.68, 26.67, 26.66, 26.65, 26.39, 26.39, 26.61, 26.57, 26.55, 26.49, 26.53, 26.58, 26.8, 26.82, 26.74, 26.82, 26.8, 26.78, 26.77, 26.77], [26.69, 26.68, 26.67, 26.65, 26.39, 26.39, 26.39, 26.54, 26.44, 26.47, 26.54, 26.62, 26.84, 26.85, 26.85, 26.82, 26.79, 26.77, 26.76, 26.75], [26.7, 26.69, 26.68, 26.67, 26.65, 26.4, 26.4, 26.39, 26.39, 26.48, 26.57, 26.68, 26.91, 26.81, 26.86, 26.81, 26.77, 26.75, 26.74, 26.73], [26.71, 26.7, 26.7, 26.69, 26.67, 26.4, 26.41, 26.4, 26.39, 26.48, 26.57, 26.83, 26.99, 26.85, 26.86, 26.79, 26.74, 26.71, 26.71, 26.71], [26.72, 26.72, 26.72, 26.71, 26.7, 26.68, 26.42, 26.42, 26.4, 26.34, 26.6, 26.75, 26.88, 27.0, 26.83, 26.76, 26.69, 26.66, 26.67, 26.69], [26.87, 26.74, 26.74, 26.73, 26.73, 26.72, 26.6, 26.48, 26.46, 26.4, 26.34, 26.62, 26.93, 26.95, 26.8, 26.72, 26.62, 26.58, 26.61, 26.65], [26.87, 26.87, 26.87, 26.87, 26.87, 26.66, 26.63, 26.62, 26.63, 26.36, 26.15, 26.55, 26.56, 26.95, 26.61, 26.64, 26.58, 26.55, 26.59, 26.62], [26.83, 26.83, 26.89, 26.89, 26.89, 26.88, 26.84, 26.62, 26.48, 26.42, 26.31, 26.43, 26.48, 26.41, 26.62, 26.66, 26.62, 26.6, 26.61, 26.63], [27.0, 27.0, 27.0, 26.86, 26.88, 26.93, 26.9, 26.84, 26.3, 26.34, 26.49, 26.35, 26.4, 26.37, 26.62, 26.67, 26.64, 26.63, 26.63, 26.64], [27.0, 27.0, 27.0, 27.0, 27.0, 27.0, 27.0, 27.0, 26.89, 26.46, 26.0, 26.3, 26.34, 26.34, 26.62, 26.68, 26.66, 26.65, 26.65, 26.65], [27.0, 27.0, 27.0, 27.0, 27.0, 27.0, 27.0, 27.0, 27.0, -999.0, 26.0, 26.8, 26.8, 26.32, 26.61, 26.69, 26.68, 25.99, 26.0, 26.0], [27.0, 27.0, 27.0, 27.0, 27.0, 27.0, 27.0, 27.0, 27.0, 27.0, -999.0, 26.8, 26.8, 26.02, 26.36, 26.17, 26.18, 26.07, 26.08, 26.09], [27.0, 27.0, 27.0, 27.0, 27.0, 27.0, 27.0, 27.0, 27.0, 27.0, -999.0, 25.6, 25.6, 25.6, 26.26, 26.1, 26.11, 26.0, 26.02, 26.04], [27.0, 27.0, 27.0, 27.0, 27.0, 27.0, 27.0, 26.6, 26.6, 26.6, 26.6, 26.22, 25.6, 25.6, 25.6, 26.01, 26.04, 25.94, 25.97, 25.99], [27.0, 27.0, 26.75, 26.74, 26.74, 26.6, 26.6, 26.6, 26.6, 26.6, 25.97, 26.04, 25.95, 25.86, 25.96, 25.67, 25.68, 25.66, 25.89, 25.91], [26.74, 26.74, 26.86, 26.85, 26.6, 26.6, 26.6, 26.6, 26.6, 26.6, 26.17, 26.05, 25.92, 25.8, 25.74, 25.65, 25.66, 25.67, 25.68, 25.69], [26.86, 26.85, 26.85, 26.83, 26.6, 26.6, 26.6, 26.6, 26.6, 26.35, 26.21, 26.06, 25.91, 25.75, 25.62, 25.64, 25.66, 25.68, 25.69, 25.69], [26.85, 26.84, 26.83, 26.6, 26.6, 26.6, 26.6, 26.6, 26.51, 26.41, 26.22, 26.09, 25.91, 25.8, 25.64, 25.65, 25.67, 25.69, 25.69, 25.7], [26.84, 26.84, 26.31, 26.33, 26.35, 26.37, 26.41, 26.52, 26.45, 26.34, 26.22, 26.11, 25.94, 25.86, 25.67, 25.68, 25.69, 25.7, 25.7, 25.7], [26.3, 26.3, 26.31, 26.39, 26.4, 26.42, 26.44, 26.46, 26.33, 26.27, 26.2, 26.12, 25.97, 25.69, 25.69, 25.7, 25.71, 25.71, 25.71, 25.71], [26.37, 26.37, 26.37, 26.38, 26.38, 26.38, 26.39, 26.43, 26.25, 26.21, 26.17, 26.12, 25.83, 25.7, 25.71, 25.72, 25.73, 25.73, 25.72, 25.72], [26.36, 26.36, 26.36, 26.42, 26.41, 26.41, 26.4, 26.38, 26.36, 26.35, 26.36, 26.17, 25.88, 25.71, 25.72, 25.73, 25.75, 25.74, 25.73, 25.72], [26.42, 26.42, 26.42, 26.41, 26.4, 26.39, 26.37, 26.34, 26.3, 26.28, 26.31, 26.15, 25.89, 25.85, 25.82, 25.74, 25.77, 25.74, 25.73, 25.73], [26.42, 26.42, 26.41, 26.4, 26.39, 26.38, 26.35, 26.31, 26.24, 26.18, 26.27, 26.17, 26.15, 25.86, 25.82, 25.79, 25.73, 25.72, 25.73, 25.73], [26.42, 26.41, 26.41, 26.4, 26.39, 26.38, 26.35, 26.31, 26.25, 26.2, 26.19, 26.2, 26.18, 25.86, 25.83, 25.88, 25.83, 25.82, 25.73, 25.72], [26.42, 26.41, 26.41, 26.4, 26.39, 26.38, 26.37, 26.35, 26.33, 26.32, 26.26, 26.26, 26.23, 26.05, 25.98, 25.92, 25.88, 25.87, 25.87, 25.88], [26.42, 26.41, 26.41, 26.41, 26.4, 26.39, 26.39, 26.39, 26.4, 26.35, 26.37, 26.32, 26.25, 26.19, 26.03, 25.97, 25.93, 25.91, 25.9, 25.91], [26.42, 26.42, 26.41, 26.41, 26.41, 26.41, 26.41, 26.42, 26.45, 26.44, 26.52, 26.39, 26.3, 26.22, 26.07, 26.01, 25.97, 25.95, 25.94, 25.93], [26.42, 26.42, 26.42, 26.42, 26.41, 26.42, 26.42, 26.44, 26.36, 26.43, 26.48, 26.39, 26.31, 26.24, 26.1, 26.04, 26.0, 25.98, 25.96, 25.95], [26.42, 26.42, 26.42, 26.42, 26.42, 26.42, 26.43, 26.44, 26.34, 26.38, 26.39, 26.35, 26.3, 26.25, 26.12, 26.07, 26.03, 26.0, 25.99, 25.98], [26.42, 26.42, 26.42, 26.42, 26.43, 26.43, 26.44, 26.29, 26.32, 26.33, 26.34, 26.32, 26.28, 26.24, 26.12, 26.08, 26.05, 26.02, 26.01, 25.99]]}