gis_exercise/awsData/contour/temp_2023090103.json
{"header": {"refTime": "2023-09-01T03:00:00.000Z", "nx": 21, "ny": 33, "lo1": 113.509, "la1": 22.2235, "lo2": 113.5947, "la2": 22.1034, "dx": 0.0042850000000001385, "dy": 0.003753125000000024, "parameterCategory": 0, "parameterCategoryName": "Temperature", "parameterNumber": 0}, "z": [[27.83, 27.82, 27.81, 27.59, 27.58, 27.79, 27.77, 27.75, 27.75, 27.73, 27.78, 27.82, 28.0, 28.03, 28.02, 28.02, 28.18, 28.17, 28.16, 28.16], [27.84, 27.83, 27.82, 27.8, 27.59, 27.58, 27.75, 27.71, 27.68, 27.69, 27.77, 27.85, 28.03, 28.06, 28.04, 28.19, 28.17, 28.16, 28.16, 28.15], [27.85, 27.84, 27.83, 27.81, 27.59, 27.58, 27.57, 27.67, 27.54, 27.67, 27.79, 27.89, 28.08, 28.1, 28.21, 28.19, 28.17, 28.15, 28.15, 28.14], [27.86, 27.85, 27.84, 27.83, 27.8, 27.59, 27.58, 27.56, 27.54, 27.71, 27.83, 27.97, 28.17, 28.15, 28.21, 28.18, 28.16, 28.14, 28.13, 28.13], [27.88, 27.87, 27.86, 27.85, 27.83, 27.6, 27.6, 27.59, 27.58, 27.76, 27.87, 28.17, 28.3, 28.18, 28.21, 28.17, 28.14, 28.12, 28.12, 28.12], [27.89, 27.89, 27.89, 27.88, 27.86, 27.84, 27.63, 27.63, 27.62, 27.6, 27.97, 28.1, 28.21, 28.3, 28.19, 28.15, 28.11, 28.09, 28.1, 28.11], [28.08, 27.91, 27.92, 27.91, 27.9, 27.88, 27.85, 27.67, 27.67, 27.72, 27.71, 27.98, 28.23, 28.25, 28.17, 28.12, 28.06, 28.04, 28.07, 28.1], [28.09, 28.09, 28.09, 28.09, 28.08, 27.92, 27.87, 27.82, 27.78, 27.7, 27.59, 27.92, 27.92, 28.25, 28.04, 28.05, 28.03, 28.02, 28.03, 28.04], [28.01, 28.02, 28.11, 28.12, 28.12, 28.1, 28.04, 27.85, 27.7, 27.74, 27.73, 27.82, 27.86, 27.8, 28.04, 28.05, 28.04, 28.03, 28.04, 28.04], [28.3, 28.3, 28.3, 28.07, 28.1, 28.19, 28.13, 28.04, 27.63, 27.65, 27.86, 27.76, 27.8, 27.78, 28.04, 28.06, 28.05, 28.04, 28.04, 28.05], [28.3, 28.3, 28.3, 28.3, 28.3, 28.3, 28.3, 28.3, 28.12, 27.7, 27.5, 27.73, 27.76, 27.76, 28.04, 28.06, 28.05, 28.05, 28.05, 28.05], [28.3, 28.3, 28.3, 28.3, 28.3, 28.3, 28.3, 28.3, 28.3, -999.0, 27.5, 28.1, 28.1, 27.74, 28.04, 28.06, 28.06, 27.03, 27.06, 27.06], [28.3, 28.3, 28.3, 28.3, 28.3, 28.3, 28.3, 28.3, 28.3, 28.3, -999.0, 28.1, 28.1, 26.92, 27.44, 27.38, 27.39, 27.18, 27.21, 27.23], [28.3, 28.3, 28.3, 28.3, 28.3, 28.3, 28.3, 28.3, 28.3, 28.3, -999.0, 26.3, 26.3, 26.3, 27.29, 27.24, 27.27, 27.05, 27.1, 27.13], [28.3, 28.3, 28.3, 28.3, 28.3, 28.3, 28.3, 28.1, 28.1, 28.1, 28.1, 27.41, 26.3, 26.3, 26.3, 27.08, 27.13, 26.93, 26.99, 27.04], [28.3, 28.3, 28.17, 28.17, 28.17, 28.1, 28.1, 28.1, 28.1, 28.1, 26.97, 27.1, 26.92, 26.77, 26.94, 26.96, 27.06, 26.88, 27.23, 27.3], [28.17, 28.17, 28.23, 28.23, 28.1, 28.1, 28.1, 28.1, 28.1, 28.1, 27.33, 27.1, 26.87, 26.65, 26.72, 26.71, 26.85, 26.96, 27.04, 27.1], [28.23, 28.23, 28.22, 28.22, 28.1, 28.1, 28.1, 28.1, 28.1, 27.64, 27.4, 27.13, 26.85, 26.73, 26.36, 26.66, 26.87, 27.0, 27.08, 27.13], [28.22, 28.22, 28.22, 28.1, 28.1, 28.1, 28.1, 28.1, 27.94, 27.75, 27.58, 27.36, 27.12, 26.87, 26.63, 26.78, 26.95, 27.07, 27.14, 27.18], [28.22, 28.22, 28.1, 28.1, 28.1, 28.1, 28.1, 28.1, 27.93, 27.79, 27.61, 27.43, 27.24, 27.1, 26.9, 26.99, 27.1, 27.18, 27.22, 27.24], [28.1, 28.1, 28.1, 28.1, 28.1, 28.1, 28.1, 28.1, 27.82, 27.75, 27.63, 27.49, 27.35, 27.07, 27.11, 27.19, 27.26, 27.3, 27.31, 27.31], [28.1, 28.1, 28.1, 28.1, 28.1, 28.1, 28.1, 28.15, 27.79, 27.74, 27.67, 27.56, 27.46, 27.21, 27.27, 27.36, 27.43, 27.44, 27.4, 27.37], [28.1, 28.1, 28.1, 28.18, 28.17, 28.17, 28.16, 28.16, 28.16, 28.16, 28.16, 28.1, 27.83, 27.3, 27.39, 27.5, 27.61, 27.56, 27.47, 27.41], [28.19, 28.19, 28.18, 28.18, 28.18, 28.17, 28.17, 28.16, 28.15, 28.15, 28.16, 28.17, 27.84, 27.8, 27.77, 27.56, 27.85, 27.57, 27.48, 27.43], [28.19, 28.19, 28.19, 28.19, 28.18, 28.18, 28.18, 28.17, 28.15, 28.13, 28.16, 28.18, 28.19, 27.8, 27.75, 27.71, 27.5, 27.4, 27.45, 27.43], [28.19, 28.19, 28.19, 28.19, 28.19, 28.19, 28.19, 28.18, 28.16, 28.14, 28.18, 28.2, 28.2, 27.79, 27.75, 27.75, 27.67, 27.63, 27.43, 27.42], [28.2, 28.2, 28.2, 28.2, 28.2, 28.2, 28.2, 28.2, 28.2, 28.2, 28.22, 28.23, 28.22, 27.92, 27.85, 27.78, 27.73, 27.71, 27.71, 27.73], [28.2, 28.2, 28.2, 28.21, 28.21, 28.21, 28.22, 28.23, 28.24, 28.27, 28.28, 28.13, 28.05, 27.96, 27.89, 27.83, 27.78, 27.76, 27.75, 27.76], [28.21, 28.21, 28.21, 28.21, 28.22, 28.22, 28.23, 28.25, 28.27, 28.32, 28.33, 28.2, 28.09, 28.0, 27.92, 27.87, 27.83, 27.8, 27.79, 27.79], [28.21, 28.21, 28.21, 28.22, 28.22, 28.23, 28.24, 28.26, 28.18, 28.24, 28.29, 28.2, 28.1, 28.02, 27.95, 27.9, 27.86, 27.83, 27.82, 27.81], [28.21, 28.21, 28.22, 28.22, 28.23, 28.23, 28.25, 28.26, 28.15, 28.19, 28.19, 28.15, 28.09, 28.02, 27.96, 27.92, 27.88, 27.86, 27.84, 27.83], [28.21, 28.22, 28.22, 28.22, 28.23, 28.24, 28.25, 28.11, 28.13, 28.14, 28.14, 28.11, 28.07, 28.02, 27.97, 27.93, 27.9, 27.88, 27.86, 27.85]]}