gis_exercise/awsData/contour/temp_2023090314.json
{"header": {"refTime": "2023-09-03T14:00:00.000Z", "nx": 21, "ny": 33, "lo1": 113.509, "la1": 22.2235, "lo2": 113.5947, "la2": 22.1034, "dx": 0.0042850000000001385, "dy": 0.003753125000000024, "parameterCategory": 0, "parameterCategoryName": "Temperature", "parameterNumber": 0}, "z": [[30.49, 30.5, 30.52, 30.6, 30.63, 30.76, 30.81, 30.85, 30.88, 31.03, 31.01, 30.99, 31.24, 31.24, 30.54, 30.47, 30.55, 30.5, 30.47, 30.45], [30.48, 30.49, 30.51, 30.54, 30.62, 30.67, 30.82, 30.91, 30.96, 31.06, 31.02, 30.99, 31.23, 31.24, 30.54, 30.59, 30.52, 30.46, 30.43, 30.41], [30.47, 30.48, 30.49, 30.52, 30.6, 30.65, 30.74, 30.94, 31.14, 31.08, 31.01, 30.98, 31.21, 31.22, 30.67, 30.57, 30.47, 30.4, 30.36, 30.35], [30.45, 30.46, 30.47, 30.48, 30.51, 30.6, 30.67, 30.79, 30.9, 31.04, 30.99, 30.97, 31.18, 31.08, 30.68, 30.53, 30.4, 30.31, 30.28, 30.28], [30.43, 30.44, 30.44, 30.45, 30.46, 30.52, 30.55, 30.6, 30.63, 30.97, 30.94, 31.06, 31.03, 31.08, 30.67, 30.46, 30.27, 30.16, 30.15, 30.19], [30.42, 30.42, 30.41, 30.41, 30.4, 30.39, 30.42, 30.4, 30.41, 30.46, 31.04, 31.08, 31.08, 31.23, 30.65, 30.35, 30.05, 29.93, 30.0, 30.1], [30.09, 30.4, 30.39, 30.38, 30.35, 30.31, 30.1, 30.19, 30.18, 30.51, 30.71, 31.15, 31.4, 31.36, 30.63, 30.25, 29.75, 29.56, 29.53, 29.65], [30.1, 30.1, 30.11, 30.1, 30.09, 30.17, 30.1, 29.96, 29.92, 30.48, 30.66, 31.36, 31.37, 31.35, 30.13, 30.4, 29.86, 29.66, 29.97, 30.18], [30.0, 30.01, 30.13, 30.14, 30.15, 30.12, 30.04, 30.06, 29.99, 30.51, 31.02, 31.18, 31.26, 31.16, 30.2, 30.5, 30.18, 30.05, 30.13, 30.25], [30.4, 30.4, 30.4, 30.07, 30.12, 30.24, 30.16, 30.04, 30.21, 30.16, 31.27, 31.08, 31.14, 31.12, 30.2, 30.61, 30.41, 30.3, 30.29, 30.34], [30.4, 30.4, 30.4, 30.4, 30.4, 30.4, 30.4, 30.4, 30.15, 30.01, 30.6, 31.02, 31.07, 31.07, 30.17, 30.69, 30.54, 30.46, 30.44, 30.45], [30.4, 30.4, 30.4, 30.4, 30.4, 30.4, 30.4, 30.4, 30.4, -999.0, 30.6, 31.7, 31.7, 31.04, 30.15, 30.77, 30.69, 29.6, 29.59, 29.59], [30.4, 30.4, 30.4, 30.4, 30.4, 30.4, 30.4, 30.4, 30.4, 30.4, -999.0, 31.7, 31.7, 30.52, 31.04, 29.45, 29.45, 29.54, 29.52, 29.52], [30.4, 30.4, 30.4, 30.4, 30.4, 30.4, 30.4, 30.4, 30.4, 30.4, -999.0, 29.9, 29.9, 29.9, 30.89, 29.51, 29.5, 29.59, 29.57, 29.56], [30.4, 30.4, 30.4, 30.4, 30.4, 30.4, 30.4, 31.3, 31.3, 31.3, 31.3, 30.76, 29.9, 29.9, 29.9, 29.58, 29.56, 29.64, 29.61, 29.59], [30.4, 30.4, 30.97, 30.98, 30.99, 31.3, 31.3, 31.3, 31.3, 31.3, 30.42, 30.52, 30.38, 30.27, 30.4, 29.72, 29.69, 29.74, 29.58, 29.56], [30.98, 30.98, 30.72, 30.73, 31.3, 31.3, 31.3, 31.3, 31.3, 31.3, 30.7, 30.52, 30.34, 30.17, 30.01, 29.98, 30.01, 30.03, 30.05, 30.06], [30.72, 30.73, 30.75, 30.77, 31.3, 31.3, 31.3, 31.3, 31.3, 30.94, 30.76, 30.55, 30.33, 30.03, 29.91, 29.97, 30.01, 30.03, 30.05, 30.07], [30.74, 30.75, 30.77, 31.3, 31.3, 31.3, 31.3, 31.3, 31.17, 31.03, 30.75, 30.57, 30.19, 30.06, 29.96, 29.99, 30.02, 30.04, 30.06, 30.08], [30.75, 30.77, 30.84, 30.87, 30.89, 30.94, 31.0, 31.17, 31.08, 30.92, 30.74, 30.59, 30.21, 30.09, 30.0, 30.02, 30.04, 30.06, 30.07, 30.09], [30.81, 30.82, 30.84, 30.97, 30.99, 31.01, 31.04, 31.07, 30.89, 30.82, 30.71, 30.6, 30.2, 30.03, 30.03, 30.04, 30.05, 30.07, 30.09, 30.1], [30.93, 30.93, 30.94, 30.94, 30.95, 30.96, 30.96, 31.13, 30.77, 30.72, 30.66, 30.6, 29.94, 30.05, 30.05, 30.04, 30.04, 30.07, 30.11, 30.13], [30.91, 30.91, 30.91, 31.16, 31.15, 31.13, 31.1, 31.07, 31.03, 31.02, 31.04, 30.45, 30.28, 30.07, 30.06, 30.03, 29.97, 30.06, 30.14, 30.16], [31.19, 31.18, 31.17, 31.16, 31.14, 31.11, 31.07, 31.01, 30.93, 30.9, 30.96, 30.58, 30.29, 30.25, 30.2, 30.05, 29.75, 30.2, 30.22, 30.2], [31.19, 31.18, 31.17, 31.16, 31.14, 31.11, 31.06, 30.97, 30.82, 30.69, 30.89, 30.64, 30.57, 30.27, 30.23, 30.21, 30.3, 30.51, 30.3, 30.23], [31.2, 31.19, 31.18, 31.17, 31.15, 31.12, 31.08, 31.0, 30.85, 30.73, 30.72, 30.74, 30.66, 30.29, 30.27, 30.49, 30.49, 30.51, 30.28, 30.23], [31.2, 31.2, 31.19, 31.18, 31.17, 31.15, 31.13, 31.1, 31.05, 31.06, 30.92, 30.9, 30.8, 30.81, 30.68, 30.59, 30.55, 30.54, 30.54, 30.54], [31.21, 31.21, 31.2, 31.2, 31.2, 31.2, 31.2, 31.21, 31.26, 31.16, 31.24, 31.35, 31.28, 31.22, 30.78, 30.68, 30.62, 30.59, 30.58, 30.58], [31.22, 31.22, 31.22, 31.22, 31.23, 31.24, 31.26, 31.3, 31.4, 31.44, 31.74, 31.51, 31.36, 31.28, 30.86, 30.75, 30.69, 30.65, 30.63, 30.61], [31.23, 31.23, 31.23, 31.24, 31.25, 31.27, 31.3, 31.35, 31.41, 31.57, 31.67, 31.52, 31.39, 31.3, 30.92, 30.81, 30.74, 30.7, 30.67, 30.65], [31.24, 31.24, 31.24, 31.25, 31.27, 31.29, 31.32, 31.37, 31.4, 31.48, 31.51, 31.46, 31.38, 31.31, 30.95, 30.86, 30.79, 30.74, 30.71, 30.69], [31.24, 31.25, 31.25, 31.26, 31.28, 31.3, 31.33, 31.32, 31.36, 31.4, 31.42, 31.39, 31.35, 31.3, 30.96, 30.88, 30.82, 30.77, 30.74, 30.72]]}