gis_exercise/awsData/contour/temp_2023090921.json
{"header": {"refTime": "2023-09-09T21:00:00.000Z", "nx": 21, "ny": 33, "lo1": 113.509, "la1": 22.2235, "lo2": 113.5947, "la2": 22.1034, "dx": 0.0042850000000001385, "dy": 0.003753125000000024, "parameterCategory": 0, "parameterCategoryName": "Temperature", "parameterNumber": 0}, "z": [[25.67, 25.66, 25.65, 25.33, 25.34, 25.66, 25.65, 25.63, 25.63, 25.49, 25.52, 25.55, 25.86, 25.89, 26.02, 26.04, 26.22, 26.22, 26.23, 26.23], [25.68, 25.67, 25.66, 25.65, 25.34, 25.34, 25.63, 25.59, 25.57, 25.47, 25.52, 25.57, 25.89, 25.91, 26.04, 26.21, 26.22, 26.23, 26.23, 26.23], [25.69, 25.68, 25.67, 25.65, 25.34, 25.35, 25.35, 25.55, 25.44, 25.46, 25.54, 25.62, 25.93, 25.95, 26.21, 26.22, 26.23, 26.24, 26.24, 26.24], [25.7, 25.69, 25.68, 25.67, 25.65, 25.35, 25.35, 25.36, 25.36, 25.47, 25.56, 25.69, 26.01, 25.88, 26.21, 26.22, 26.24, 26.25, 26.25, 26.25], [25.71, 25.7, 25.7, 25.69, 25.67, 25.35, 25.36, 25.35, 25.34, 25.45, 25.55, 25.89, 26.07, 25.92, 26.21, 26.23, 26.25, 26.27, 26.27, 26.26], [25.72, 25.72, 25.72, 25.71, 25.7, 25.68, 25.37, 25.37, 25.34, 25.27, 25.61, 25.8, 25.95, 26.13, 26.2, 26.24, 26.28, 26.3, 26.29, 26.27], [25.87, 25.74, 25.74, 25.73, 25.73, 25.72, 25.55, 25.43, 25.4, 25.34, 25.28, 25.66, 26.09, 26.1, 26.2, 26.25, 26.32, 26.35, 26.36, 26.35], [25.87, 25.87, 25.87, 25.87, 25.87, 25.61, 25.58, 25.58, 25.62, 25.29, 25.01, 25.63, 25.64, 26.1, 26.25, 26.21, 26.3, 26.33, 26.28, 26.24], [25.83, 25.83, 25.89, 25.89, 25.89, 25.88, 25.84, 25.57, 25.41, 25.38, 25.26, 25.44, 25.52, 25.41, 26.24, 26.19, 26.24, 26.26, 26.25, 26.23], [26.0, 26.0, 26.0, 25.86, 25.88, 25.93, 25.9, 25.84, 25.19, 25.24, 25.53, 25.33, 25.39, 25.36, 26.24, 26.17, 26.21, 26.22, 26.22, 26.22], [26.0, 26.0, 26.0, 26.0, 26.0, 26.0, 26.0, 26.0, 25.89, 25.39, 24.8, 25.26, 25.31, 25.31, 26.24, 26.16, 26.19, 26.2, 26.2, 26.2], [26.0, 26.0, 26.0, 26.0, 26.0, 26.0, 26.0, 26.0, 26.0, -999.0, 24.8, 26.0, 26.0, 25.28, 26.25, 26.15, 26.16, 25.55, 25.57, 25.57], [26.0, 26.0, 26.0, 26.0, 26.0, 26.0, 26.0, 26.0, 26.0, 26.0, -999.0, 26.0, 26.0, 25.28, 25.6, 25.85, 25.87, 25.68, 25.71, 25.72], [26.0, 26.0, 26.0, 26.0, 26.0, 26.0, 26.0, 26.0, 26.0, 26.0, -999.0, 24.9, 24.9, 24.9, 25.5, 25.73, 25.75, 25.56, 25.6, 25.64], [26.0, 26.0, 26.0, 26.0, 26.0, 26.0, 26.0, 26.0, 26.0, 26.0, 26.0, 25.58, 24.9, 24.9, 24.9, 25.59, 25.63, 25.46, 25.51, 25.56], [26.0, 26.0, 26.0, 26.0, 26.0, 26.0, 26.0, 26.0, 26.0, 26.0, 25.31, 25.39, 25.28, 25.19, 25.29, 25.27, 25.32, 25.22, 25.56, 25.61], [26.0, 26.0, 26.0, 26.0, 26.0, 26.0, 26.0, 26.0, 26.0, 26.0, 25.53, 25.39, 25.25, 25.11, 25.14, 25.15, 25.24, 25.31, 25.36, 25.4], [26.0, 26.0, 26.0, 26.0, 26.0, 26.0, 26.0, 26.0, 26.0, 25.72, 25.57, 25.41, 25.24, 25.15, 24.94, 25.13, 25.25, 25.34, 25.39, 25.42], [26.0, 26.0, 26.0, 26.0, 26.0, 26.0, 26.0, 26.0, 25.9, 25.79, 25.7, 25.57, 25.38, 25.23, 25.11, 25.2, 25.31, 25.38, 25.43, 25.45], [26.0, 26.0, 26.06, 26.05, 26.05, 26.05, 26.04, 26.02, 25.91, 25.83, 25.72, 25.61, 25.45, 25.37, 25.28, 25.33, 25.4, 25.45, 25.48, 25.49], [26.06, 26.06, 26.06, 26.04, 26.04, 26.04, 26.03, 26.03, 25.85, 25.81, 25.74, 25.66, 25.52, 25.38, 25.41, 25.45, 25.5, 25.52, 25.53, 25.53], [26.05, 26.05, 26.05, 26.04, 26.04, 26.04, 26.04, 26.12, 25.84, 25.82, 25.77, 25.71, 25.61, 25.46, 25.5, 25.55, 25.59, 25.6, 25.59, 25.57], [26.05, 26.05, 26.05, 26.16, 26.16, 26.15, 26.15, 26.14, 26.14, 26.15, 26.15, 26.02, 25.89, 25.52, 25.57, 25.64, 25.7, 25.68, 25.63, 25.6], [26.18, 26.18, 26.18, 26.17, 26.17, 26.17, 26.16, 26.16, 26.15, 26.15, 26.16, 26.15, 25.89, 25.86, 25.83, 25.68, 25.81, 25.7, 25.65, 25.62], [26.19, 26.19, 26.19, 26.18, 26.18, 26.18, 26.18, 26.17, 26.15, 26.13, 26.17, 26.16, 26.15, 25.86, 25.82, 25.79, 25.68, 25.65, 25.64, 25.62], [26.19, 26.19, 26.19, 26.2, 26.2, 26.2, 26.19, 26.19, 26.17, 26.15, 26.18, 26.19, 26.18, 25.86, 25.83, 25.86, 25.81, 25.79, 25.63, 25.62], [26.2, 26.2, 26.2, 26.21, 26.21, 26.21, 26.22, 26.22, 26.22, 26.23, 26.23, 26.23, 26.21, 26.02, 25.95, 25.9, 25.86, 25.84, 25.84, 25.86], [26.21, 26.21, 26.21, 26.22, 26.22, 26.23, 26.24, 26.25, 26.27, 26.3, 26.32, 26.25, 26.19, 26.12, 25.99, 25.94, 25.9, 25.88, 25.88, 25.88], [26.21, 26.22, 26.22, 26.23, 26.23, 26.24, 26.26, 26.28, 26.32, 26.38, 26.43, 26.31, 26.22, 26.15, 26.03, 25.98, 25.94, 25.92, 25.91, 25.9], [26.22, 26.22, 26.23, 26.23, 26.24, 26.25, 26.27, 26.29, 26.29, 26.35, 26.39, 26.31, 26.23, 26.17, 26.06, 26.01, 25.97, 25.95, 25.93, 25.93], [26.22, 26.23, 26.23, 26.24, 26.25, 26.26, 26.28, 26.3, 26.27, 26.3, 26.31, 26.28, 26.22, 26.17, 26.07, 26.03, 25.99, 25.97, 25.95, 25.94], [26.22, 26.23, 26.24, 26.24, 26.25, 26.26, 26.28, 26.23, 26.25, 26.26, 26.26, 26.24, 26.21, 26.17, 26.08, 26.04, 26.01, 25.99, 25.97, 25.96]]}