gis_exercise/awsData/contour/temp_2023090816.json
{"header": {"refTime": "2023-09-08T16:00:00.000Z", "nx": 21, "ny": 33, "lo1": 113.509, "la1": 22.2235, "lo2": 113.5947, "la2": 22.1034, "dx": 0.0042850000000001385, "dy": 0.003753125000000024, "parameterCategory": 0, "parameterCategoryName": "Temperature", "parameterNumber": 0}, "z": [[25.54, 25.53, 25.52, 25.28, 25.28, 25.49, 25.48, 25.47, 25.47, 25.39, 25.42, 25.45, 25.63, 25.65, 25.66, 25.67, 25.78, 25.77, 25.77, 25.77], [25.55, 25.54, 25.53, 25.51, 25.28, 25.28, 25.46, 25.44, 25.42, 25.38, 25.42, 25.46, 25.65, 25.67, 25.68, 25.78, 25.77, 25.77, 25.77, 25.76], [25.55, 25.55, 25.54, 25.52, 25.29, 25.29, 25.29, 25.41, 25.33, 25.37, 25.43, 25.5, 25.69, 25.7, 25.79, 25.78, 25.77, 25.77, 25.76, 25.76], [25.56, 25.56, 25.55, 25.54, 25.52, 25.29, 25.29, 25.29, 25.29, 25.38, 25.45, 25.55, 25.75, 25.68, 25.79, 25.78, 25.77, 25.76, 25.76, 25.75], [25.58, 25.57, 25.56, 25.55, 25.54, 25.29, 25.3, 25.29, 25.28, 25.38, 25.46, 25.69, 25.81, 25.71, 25.79, 25.77, 25.76, 25.75, 25.75, 25.75], [25.59, 25.59, 25.58, 25.57, 25.56, 25.55, 25.31, 25.31, 25.29, 25.25, 25.5, 25.62, 25.73, 25.83, 25.78, 25.76, 25.74, 25.74, 25.74, 25.74], [25.72, 25.6, 25.6, 25.6, 25.59, 25.58, 25.47, 25.34, 25.33, 25.31, 25.28, 25.52, 25.79, 25.8, 25.77, 25.75, 25.73, 25.72, 25.74, 25.75], [25.73, 25.73, 25.73, 25.73, 25.72, 25.54, 25.5, 25.47, 25.46, 25.28, 25.12, 25.48, 25.49, 25.8, 25.7, 25.7, 25.7, 25.7, 25.7, 25.7], [25.67, 25.68, 25.75, 25.75, 25.76, 25.74, 25.69, 25.49, 25.34, 25.33, 25.27, 25.37, 25.42, 25.36, 25.7, 25.7, 25.7, 25.7, 25.7, 25.7], [25.9, 25.9, 25.9, 25.71, 25.74, 25.81, 25.76, 25.69, 25.22, 25.24, 25.43, 25.31, 25.35, 25.33, 25.7, 25.7, 25.7, 25.7, 25.7, 25.7], [25.9, 25.9, 25.9, 25.9, 25.9, 25.9, 25.9, 25.9, 25.76, 25.33, 25.0, 25.27, 25.3, 25.3, 25.7, 25.7, 25.7, 25.7, 25.7, 25.7], [25.9, 25.9, 25.9, 25.9, 25.9, 25.9, 25.9, 25.9, 25.9, -999.0, 25.0, 25.7, 25.7, 25.28, 25.7, 25.7, 25.7, 24.96, 24.98, 24.98], [25.9, 25.9, 25.9, 25.9, 25.9, 25.9, 25.9, 25.9, 25.9, 25.9, -999.0, 25.7, 25.7, 24.85, 25.22, 25.23, 25.24, 25.08, 25.1, 25.11], [25.9, 25.9, 25.9, 25.9, 25.9, 25.9, 25.9, 25.9, 25.9, 25.9, -999.0, 24.4, 24.4, 24.4, 25.11, 25.12, 25.14, 24.98, 25.01, 25.04], [25.9, 25.9, 25.9, 25.9, 25.9, 25.9, 25.9, 25.7, 25.7, 25.7, 25.7, 25.2, 24.4, 24.4, 24.4, 25.0, 25.03, 24.88, 24.93, 24.97], [25.9, 25.9, 25.77, 25.77, 25.77, 25.7, 25.7, 25.7, 25.7, 25.7, 24.88, 24.97, 24.85, 24.74, 24.86, 24.88, 24.95, 24.82, 25.09, 25.14], [25.77, 25.77, 25.83, 25.83, 25.7, 25.7, 25.7, 25.7, 25.7, 25.7, 25.14, 24.98, 24.81, 24.65, 24.7, 24.73, 24.85, 24.94, 25.0, 25.05], [25.83, 25.83, 25.82, 25.82, 25.7, 25.7, 25.7, 25.7, 25.7, 25.37, 25.2, 25.0, 24.8, 24.71, 24.44, 24.69, 24.86, 24.96, 25.03, 25.08], [25.82, 25.82, 25.82, 25.7, 25.7, 25.7, 25.7, 25.7, 25.58, 25.45, 25.34, 25.18, 24.99, 24.81, 24.67, 24.79, 24.93, 25.02, 25.08, 25.12], [25.82, 25.82, 25.76, 25.75, 25.75, 25.75, 25.74, 25.72, 25.59, 25.49, 25.37, 25.24, 25.08, 24.98, 24.89, 24.96, 25.04, 25.11, 25.15, 25.17], [25.76, 25.76, 25.76, 25.74, 25.74, 25.74, 25.73, 25.73, 25.52, 25.47, 25.39, 25.29, 25.16, 25.02, 25.05, 25.11, 25.17, 25.21, 25.22, 25.22], [25.75, 25.75, 25.75, 25.74, 25.74, 25.74, 25.74, 25.8, 25.51, 25.48, 25.42, 25.35, 25.27, 25.13, 25.18, 25.25, 25.3, 25.31, 25.29, 25.27], [25.75, 25.75, 25.75, 25.84, 25.83, 25.83, 25.83, 25.82, 25.82, 25.83, 25.83, 25.74, 25.62, 25.21, 25.27, 25.35, 25.43, 25.41, 25.35, 25.31], [25.85, 25.85, 25.85, 25.85, 25.84, 25.84, 25.84, 25.84, 25.83, 25.83, 25.84, 25.85, 25.62, 25.59, 25.57, 25.41, 25.58, 25.44, 25.37, 25.33], [25.86, 25.86, 25.86, 25.86, 25.85, 25.85, 25.85, 25.85, 25.83, 25.82, 25.85, 25.86, 25.86, 25.59, 25.57, 25.54, 25.41, 25.37, 25.36, 25.33], [25.86, 25.86, 25.86, 25.86, 25.87, 25.87, 25.87, 25.86, 25.85, 25.83, 25.86, 25.88, 25.87, 25.6, 25.57, 25.58, 25.54, 25.52, 25.35, 25.33], [25.87, 25.87, 25.87, 25.87, 25.88, 25.88, 25.88, 25.88, 25.88, 25.89, 25.91, 25.91, 25.9, 25.71, 25.66, 25.61, 25.58, 25.56, 25.57, 25.58], [25.87, 25.87, 25.88, 25.88, 25.89, 25.89, 25.9, 25.91, 25.93, 25.96, 25.97, 25.89, 25.84, 25.78, 25.69, 25.65, 25.62, 25.6, 25.6, 25.6], [25.88, 25.88, 25.88, 25.89, 25.89, 25.9, 25.91, 25.93, 25.96, 26.01, 26.04, 25.94, 25.87, 25.8, 25.72, 25.68, 25.65, 25.63, 25.62, 25.62], [25.88, 25.88, 25.89, 25.89, 25.9, 25.91, 25.92, 25.94, 25.92, 25.98, 26.01, 25.95, 25.88, 25.82, 25.74, 25.7, 25.67, 25.65, 25.64, 25.64], [25.88, 25.89, 25.89, 25.9, 25.91, 25.91, 25.93, 25.94, 25.91, 25.94, 25.94, 25.91, 25.87, 25.82, 25.75, 25.72, 25.69, 25.67, 25.66, 25.65], [25.89, 25.89, 25.9, 25.9, 25.91, 25.92, 25.93, 25.87, 25.89, 25.9, 25.9, 25.88, 25.85, 25.82, 25.76, 25.73, 25.71, 25.69, 25.67, 25.67]]}