gis_exercise/awsData/contour/temp_2023091016.json
{"header": {"refTime": "2023-09-10T16:00:00.000Z", "nx": 21, "ny": 33, "lo1": 113.509, "la1": 22.2235, "lo2": 113.5947, "la2": 22.1034, "dx": 0.0042850000000001385, "dy": 0.003753125000000024, "parameterCategory": 0, "parameterCategoryName": "Temperature", "parameterNumber": 0}, "z": [[25.43, 25.43, 25.42, 25.14, 25.15, 25.44, 25.44, 25.44, 25.45, 25.3, 25.3, 25.3, 25.57, 25.58, 25.52, 25.52, 25.57, 25.56, 25.55, 25.55], [25.43, 25.43, 25.42, 25.42, 25.15, 25.17, 25.44, 25.43, 25.43, 25.32, 25.31, 25.32, 25.58, 25.59, 25.53, 25.57, 25.56, 25.55, 25.55, 25.55], [25.43, 25.43, 25.43, 25.42, 25.15, 25.17, 25.2, 25.43, 25.41, 25.33, 25.31, 25.33, 25.59, 25.6, 25.59, 25.57, 25.56, 25.55, 25.54, 25.54], [25.43, 25.43, 25.43, 25.42, 25.42, 25.16, 25.18, 25.23, 25.26, 25.3, 25.3, 25.37, 25.62, 25.44, 25.59, 25.57, 25.55, 25.53, 25.53, 25.53], [25.44, 25.44, 25.43, 25.43, 25.42, 25.14, 25.15, 25.16, 25.15, 25.22, 25.26, 25.45, 25.6, 25.48, 25.59, 25.56, 25.53, 25.52, 25.51, 25.52], [25.44, 25.44, 25.44, 25.43, 25.43, 25.42, 25.13, 25.12, 25.09, 25.01, 25.21, 25.37, 25.5, 25.67, 25.58, 25.54, 25.5, 25.49, 25.49, 25.51], [25.47, 25.45, 25.45, 25.44, 25.44, 25.42, 25.17, 25.13, 25.09, 24.99, 24.94, 25.26, 25.64, 25.65, 25.57, 25.52, 25.46, 25.44, 25.46, 25.47], [25.47, 25.47, 25.47, 25.47, 25.47, 25.23, 25.2, 25.2, 25.23, 24.94, 24.69, 25.26, 25.27, 25.65, 25.47, 25.5, 25.45, 25.44, 25.46, 25.48], [25.43, 25.43, 25.49, 25.49, 25.49, 25.48, 25.44, 25.2, 25.05, 25.02, 24.92, 25.08, 25.16, 25.06, 25.48, 25.5, 25.48, 25.47, 25.47, 25.48], [25.6, 25.6, 25.6, 25.46, 25.48, 25.53, 25.5, 25.44, 24.85, 24.89, 25.17, 24.98, 25.04, 25.02, 25.48, 25.51, 25.5, 25.49, 25.49, 25.49], [25.6, 25.6, 25.6, 25.6, 25.6, 25.6, 25.6, 25.6, 25.49, 25.03, 24.5, 24.92, 24.97, 24.97, 25.48, 25.52, 25.51, 25.5, 25.5, 25.5], [25.6, 25.6, 25.6, 25.6, 25.6, 25.6, 25.6, 25.6, 25.6, -999.0, 24.5, 25.6, 25.6, 24.94, 25.48, 25.53, 25.52, 24.89, 24.9, 24.9], [25.6, 25.6, 25.6, 25.6, 25.6, 25.6, 25.6, 25.6, 25.6, 25.6, -999.0, 25.6, 25.6, 24.88, 25.2, 25.07, 25.08, 24.97, 24.98, 24.99], [25.6, 25.6, 25.6, 25.6, 25.6, 25.6, 25.6, 25.6, 25.6, 25.6, -999.0, 24.5, 24.5, 24.5, 25.1, 25.0, 25.01, 24.9, 24.92, 24.94], [25.6, 25.6, 25.6, 25.6, 25.6, 25.6, 25.6, 25.7, 25.7, 25.7, 25.7, 25.24, 24.5, 24.5, 24.5, 24.91, 24.94, 24.84, 24.87, 24.89], [25.6, 25.6, 25.66, 25.66, 25.67, 25.7, 25.7, 25.7, 25.7, 25.7, 24.94, 25.03, 24.91, 24.82, 24.93, 24.65, 24.67, 24.63, 24.84, 24.87], [25.66, 25.66, 25.64, 25.64, 25.7, 25.7, 25.7, 25.7, 25.7, 25.7, 25.18, 25.04, 24.88, 24.73, 24.69, 24.62, 24.66, 24.69, 24.72, 24.73], [25.64, 25.64, 25.64, 25.64, 25.7, 25.7, 25.7, 25.7, 25.7, 25.4, 25.23, 25.05, 24.87, 24.7, 24.53, 24.6, 24.66, 24.7, 24.73, 24.74], [25.64, 25.64, 25.64, 25.7, 25.7, 25.7, 25.7, 25.7, 25.59, 25.47, 25.32, 25.17, 24.9, 24.76, 24.6, 24.64, 24.69, 24.72, 24.75, 24.76], [25.64, 25.64, 25.59, 25.59, 25.6, 25.61, 25.63, 25.67, 25.57, 25.46, 25.33, 25.2, 24.95, 24.85, 24.67, 24.7, 24.73, 24.75, 24.77, 24.78], [25.58, 25.58, 25.58, 25.62, 25.62, 25.63, 25.63, 25.64, 25.47, 25.41, 25.33, 25.24, 24.98, 24.72, 24.73, 24.75, 24.78, 24.79, 24.8, 24.8], [25.61, 25.61, 25.61, 25.61, 25.61, 25.61, 25.62, 25.67, 25.42, 25.39, 25.34, 25.27, 24.95, 24.76, 24.78, 24.8, 24.82, 24.82, 24.82, 24.82], [25.6, 25.6, 25.6, 25.68, 25.67, 25.67, 25.66, 25.65, 25.64, 25.64, 25.65, 25.4, 25.12, 24.79, 24.81, 24.84, 24.86, 24.86, 24.84, 24.83], [25.69, 25.68, 25.68, 25.68, 25.67, 25.67, 25.65, 25.64, 25.62, 25.61, 25.63, 25.45, 25.14, 25.07, 25.01, 24.85, 24.89, 24.88, 24.86, 24.84], [25.69, 25.69, 25.68, 25.68, 25.67, 25.67, 25.65, 25.63, 25.59, 25.55, 25.61, 25.48, 25.43, 25.08, 25.02, 24.97, 24.88, 24.88, 24.86, 24.85], [25.69, 25.69, 25.69, 25.68, 25.68, 25.67, 25.66, 25.64, 25.6, 25.56, 25.53, 25.51, 25.47, 25.09, 25.03, 25.05, 25.01, 24.99, 24.85, 24.84], [25.69, 25.69, 25.69, 25.69, 25.68, 25.68, 25.67, 25.67, 25.65, 25.66, 25.58, 25.56, 25.52, 25.26, 25.17, 25.11, 25.06, 25.05, 25.05, 25.06], [25.69, 25.69, 25.69, 25.69, 25.69, 25.69, 25.69, 25.7, 25.71, 25.66, 25.68, 25.63, 25.56, 25.49, 25.23, 25.16, 25.12, 25.09, 25.09, 25.09], [25.7, 25.7, 25.7, 25.7, 25.7, 25.7, 25.71, 25.72, 25.75, 25.75, 25.83, 25.7, 25.6, 25.52, 25.28, 25.21, 25.16, 25.14, 25.12, 25.12], [25.7, 25.7, 25.7, 25.7, 25.71, 25.71, 25.72, 25.74, 25.67, 25.74, 25.79, 25.7, 25.61, 25.54, 25.31, 25.25, 25.2, 25.17, 25.15, 25.14], [25.7, 25.7, 25.71, 25.71, 25.71, 25.72, 25.73, 25.74, 25.66, 25.69, 25.7, 25.66, 25.6, 25.55, 25.33, 25.27, 25.23, 25.2, 25.18, 25.17], [25.7, 25.71, 25.71, 25.71, 25.72, 25.72, 25.73, 25.61, 25.63, 25.64, 25.64, 25.62, 25.59, 25.54, 25.34, 25.29, 25.25, 25.22, 25.2, 25.19]]}