gis_exercise/awsData/contour/temp_2023090100.json
{"header": {"refTime": "2023-09-01T00:00:00.000Z", "nx": 21, "ny": 33, "lo1": 113.509, "la1": 22.2235, "lo2": 113.5947, "la2": 22.1034, "dx": 0.0042850000000001385, "dy": 0.003753125000000024, "parameterCategory": 0, "parameterCategoryName": "Temperature", "parameterNumber": 0}, "z": [[27.68, 27.66, 27.64, 27.36, 27.35, 27.61, 27.57, 27.54, 27.53, 27.45, 27.52, 27.59, 27.86, 27.9, 27.87, 27.87, 28.14, 28.13, 28.12, 28.12], [27.69, 27.68, 27.65, 27.63, 27.35, 27.33, 27.54, 27.46, 27.42, 27.4, 27.52, 27.62, 27.9, 27.94, 27.9, 28.16, 28.14, 28.12, 28.11, 28.11], [27.71, 27.69, 27.67, 27.64, 27.37, 27.34, 27.3, 27.4, 27.18, 27.35, 27.54, 27.69, 27.97, 28.0, 28.18, 28.15, 28.13, 28.11, 28.1, 28.1], [27.72, 27.71, 27.7, 27.67, 27.64, 27.37, 27.34, 27.28, 27.23, 27.42, 27.61, 27.8, 28.09, 28.09, 28.19, 28.15, 28.11, 28.09, 28.09, 28.08], [27.74, 27.74, 27.73, 27.71, 27.69, 27.41, 27.39, 27.37, 27.35, 27.5, 27.66, 28.11, 28.28, 28.13, 28.18, 28.13, 28.09, 28.07, 28.06, 28.07], [27.77, 27.77, 27.76, 27.75, 27.74, 27.72, 27.46, 27.47, 27.45, 27.41, 27.86, 28.02, 28.16, 28.3, 28.16, 28.1, 28.05, 28.02, 28.03, 28.05], [28.07, 27.8, 27.8, 27.8, 27.8, 27.79, 27.8, 27.58, 27.58, 27.62, 27.57, 27.88, 28.23, 28.25, 28.14, 28.07, 27.99, 27.96, 27.99, 28.02], [28.07, 28.07, 28.07, 28.07, 28.07, 27.86, 27.83, 27.82, 27.83, 27.58, 27.36, 27.82, 27.83, 28.25, 27.97, 28.0, 27.95, 27.94, 27.96, 27.98], [28.03, 28.03, 28.09, 28.09, 28.09, 28.08, 28.04, 27.82, 27.68, 27.64, 27.55, 27.68, 27.74, 27.66, 27.98, 28.0, 27.98, 27.97, 27.97, 27.98], [28.2, 28.2, 28.2, 28.06, 28.08, 28.13, 28.1, 28.04, 27.5, 27.54, 27.75, 27.6, 27.64, 27.62, 27.98, 28.01, 28.0, 27.99, 27.99, 27.99], [28.2, 28.2, 28.2, 28.2, 28.2, 28.2, 28.2, 28.2, 28.09, 27.66, 27.2, 27.54, 27.58, 27.59, 27.98, 28.02, 28.01, 28.0, 28.0, 28.0], [28.2, 28.2, 28.2, 28.2, 28.2, 28.2, 28.2, 28.2, 28.2, -999.0, 27.2, 28.1, 28.1, 27.56, 27.98, 28.03, 28.02, 26.88, 26.9, 26.91], [28.2, 28.2, 28.2, 28.2, 28.2, 28.2, 28.2, 28.2, 28.2, 28.2, -999.0, 28.1, 28.1, 26.79, 27.37, 27.24, 27.26, 27.04, 27.07, 27.09], [28.2, 28.2, 28.2, 28.2, 28.2, 28.2, 28.2, 28.2, 28.2, 28.2, -999.0, 26.1, 26.1, 26.1, 27.2, 27.09, 27.12, 26.9, 26.95, 26.98], [28.2, 28.2, 28.2, 28.2, 28.2, 28.2, 28.2, 28.0, 28.0, 28.0, 28.0, 27.27, 26.1, 26.1, 26.1, 26.92, 26.98, 26.77, 26.83, 26.89], [28.2, 28.2, 28.07, 28.07, 28.07, 28.0, 28.0, 28.0, 28.0, 28.0, 26.8, 26.94, 26.76, 26.6, 26.78, 26.87, 26.99, 26.78, 27.14, 27.21], [28.07, 28.07, 28.13, 28.13, 28.0, 28.0, 28.0, 28.0, 28.0, 28.0, 27.18, 26.95, 26.7, 26.47, 26.56, 26.51, 26.66, 26.77, 26.85, 26.9], [28.13, 28.13, 28.12, 28.12, 28.0, 28.0, 28.0, 28.0, 28.0, 27.52, 27.26, 26.98, 26.68, 26.57, 26.17, 26.47, 26.67, 26.8, 26.89, 26.94], [28.12, 28.12, 28.12, 28.0, 28.0, 28.0, 28.0, 28.0, 27.83, 27.63, 27.45, 27.22, 27.0, 26.73, 26.44, 26.59, 26.76, 26.88, 26.95, 26.99], [28.12, 28.12, 28.0, 28.0, 28.0, 28.0, 28.0, 28.0, 27.82, 27.67, 27.49, 27.29, 27.14, 26.99, 26.71, 26.8, 26.91, 26.99, 27.03, 27.05], [28.0, 28.0, 28.0, 28.0, 28.0, 28.0, 28.0, 28.0, 27.7, 27.63, 27.51, 27.36, 27.27, 26.88, 26.93, 27.01, 27.08, 27.12, 27.13, 27.12], [28.0, 28.0, 28.0, 28.0, 28.0, 28.0, 28.0, 28.07, 27.67, 27.62, 27.54, 27.43, 27.39, 27.02, 27.1, 27.19, 27.27, 27.26, 27.22, 27.17], [28.0, 28.0, 28.0, 28.1, 28.1, 28.09, 28.09, 28.08, 28.08, 28.08, 28.08, 28.05, 27.68, 27.12, 27.21, 27.35, 27.49, 27.4, 27.27, 27.21], [28.12, 28.11, 28.11, 28.11, 28.1, 28.1, 28.09, 28.08, 28.07, 28.07, 28.08, 28.15, 27.69, 27.64, 27.61, 27.41, 27.82, 27.36, 27.26, 27.21], [28.12, 28.12, 28.12, 28.12, 28.11, 28.11, 28.1, 28.09, 28.06, 28.04, 28.08, 28.15, 28.17, 27.63, 27.58, 27.53, 27.26, 27.08, 27.2, 27.2], [28.13, 28.13, 28.12, 28.12, 28.12, 28.12, 28.12, 28.1, 28.08, 28.05, 28.12, 28.17, 28.19, 27.63, 27.57, 27.56, 27.45, 27.39, 27.19, 27.19], [28.13, 28.13, 28.13, 28.13, 28.13, 28.14, 28.14, 28.13, 28.13, 28.14, 28.18, 28.2, 28.21, 27.79, 27.69, 27.61, 27.54, 27.5, 27.51, 27.54], [28.14, 28.14, 28.14, 28.14, 28.15, 28.15, 28.16, 28.17, 28.19, 28.24, 28.26, 28.03, 27.91, 27.79, 27.74, 27.67, 27.61, 27.58, 27.57, 27.58], [28.14, 28.14, 28.15, 28.15, 28.16, 28.16, 28.18, 28.19, 28.23, 28.31, 28.3, 28.12, 27.97, 27.84, 27.79, 27.72, 27.66, 27.63, 27.62, 27.61], [28.14, 28.15, 28.15, 28.16, 28.16, 28.17, 28.19, 28.21, 28.09, 28.18, 28.24, 28.12, 27.98, 27.87, 27.83, 27.76, 27.71, 27.67, 27.66, 27.65], [28.15, 28.15, 28.16, 28.16, 28.17, 28.18, 28.19, 28.21, 28.06, 28.1, 28.11, 28.06, 27.97, 27.87, 27.85, 27.79, 27.74, 27.71, 27.69, 27.67], [28.15, 28.15, 28.16, 28.17, 28.17, 28.18, 28.19, 27.99, 28.02, 28.04, 28.03, 28.0, 27.94, 27.87, 27.85, 27.8, 27.76, 27.73, 27.71, 27.7]]}