gis_exercise/awsData/contour/temp_2023091100.json
{"header": {"refTime": "2023-09-11T00:00:00.000Z", "nx": 21, "ny": 33, "lo1": 113.509, "la1": 22.2235, "lo2": 113.5947, "la2": 22.1034, "dx": 0.0042850000000001385, "dy": 0.003753125000000024, "parameterCategory": 0, "parameterCategoryName": "Temperature", "parameterNumber": 0}, "z": [[26.05, 26.05, 26.04, 25.78, 25.78, 26.02, 26.01, 26.0, 26.01, 25.89, 25.9, 25.91, 26.13, 26.14, 26.12, 26.12, 26.2, 26.2, 26.19, 26.19], [26.05, 26.05, 26.04, 26.03, 25.78, 25.79, 26.0, 25.99, 25.98, 25.89, 25.9, 25.92, 26.14, 26.16, 26.13, 26.21, 26.2, 26.19, 26.19, 26.19], [26.06, 26.05, 26.05, 26.04, 25.78, 25.79, 25.81, 25.97, 25.92, 25.89, 25.91, 25.94, 26.17, 26.18, 26.22, 26.21, 26.2, 26.19, 26.19, 26.18], [26.07, 26.06, 26.05, 26.05, 26.03, 25.79, 25.8, 25.82, 25.83, 25.88, 25.91, 25.98, 26.2, 26.08, 26.22, 26.2, 26.19, 26.18, 26.18, 26.18], [26.07, 26.07, 26.06, 26.06, 26.05, 25.78, 25.79, 25.79, 25.78, 25.84, 25.89, 26.08, 26.21, 26.11, 26.22, 26.2, 26.18, 26.17, 26.17, 26.17], [26.08, 26.08, 26.08, 26.07, 26.06, 26.05, 25.79, 25.79, 25.76, 25.7, 25.89, 26.02, 26.13, 26.27, 26.21, 26.19, 26.16, 26.15, 26.16, 26.16], [26.17, 26.09, 26.09, 26.09, 26.08, 26.07, 25.9, 25.81, 25.79, 25.72, 25.67, 25.93, 26.24, 26.25, 26.2, 26.17, 26.14, 26.13, 26.14, 26.15], [26.17, 26.17, 26.17, 26.17, 26.17, 25.96, 25.93, 25.92, 25.93, 25.68, 25.46, 25.92, 25.93, 26.25, 26.14, 26.15, 26.13, 26.12, 26.13, 26.14], [26.13, 26.13, 26.19, 26.19, 26.19, 26.18, 26.14, 25.92, 25.78, 25.74, 25.65, 25.78, 25.84, 25.76, 26.14, 26.15, 26.14, 26.13, 26.14, 26.14], [26.3, 26.3, 26.3, 26.16, 26.18, 26.23, 26.2, 26.14, 25.6, 25.64, 25.85, 25.7, 25.74, 25.72, 26.14, 26.16, 26.15, 26.14, 26.14, 26.15], [26.3, 26.3, 26.3, 26.3, 26.3, 26.3, 26.3, 26.3, 26.19, 25.76, 25.3, 25.64, 25.68, 25.69, 26.14, 26.16, 26.15, 26.15, 26.15, 26.15], [26.3, 26.3, 26.3, 26.3, 26.3, 26.3, 26.3, 26.3, 26.3, -999.0, 25.3, 26.2, 26.2, 25.66, 26.14, 26.16, 26.16, 25.7, 25.71, 25.71], [26.3, 26.3, 26.3, 26.3, 26.3, 26.3, 26.3, 26.3, 26.3, 26.3, -999.0, 26.2, 26.2, 25.68, 25.91, 25.85, 25.85, 25.76, 25.78, 25.78], [26.3, 26.3, 26.3, 26.3, 26.3, 26.3, 26.3, 26.3, 26.3, 26.3, -999.0, 25.4, 25.4, 25.4, 25.84, 25.79, 25.8, 25.71, 25.73, 25.74], [26.3, 26.3, 26.3, 26.3, 26.3, 26.3, 26.3, 26.4, 26.4, 26.4, 26.4, 26.02, 25.4, 25.4, 25.4, 25.72, 25.74, 25.66, 25.69, 25.71], [26.3, 26.3, 26.36, 26.36, 26.37, 26.4, 26.4, 26.4, 26.4, 26.4, 25.77, 25.84, 25.75, 25.66, 25.76, 25.66, 25.7, 25.63, 25.77, 25.8], [26.36, 26.36, 26.34, 26.34, 26.4, 26.4, 26.4, 26.4, 26.4, 26.4, 25.97, 25.85, 25.72, 25.6, 25.6, 25.58, 25.64, 25.69, 25.73, 25.75], [26.34, 26.34, 26.34, 26.34, 26.4, 26.4, 26.4, 26.4, 26.4, 26.15, 26.01, 25.86, 25.71, 25.61, 25.43, 25.56, 25.65, 25.71, 25.74, 25.77], [26.34, 26.34, 26.34, 26.4, 26.4, 26.4, 26.4, 26.4, 26.31, 26.21, 26.09, 25.97, 25.8, 25.67, 25.55, 25.61, 25.69, 25.74, 25.77, 25.79], [26.34, 26.34, 26.34, 26.35, 26.35, 26.35, 26.36, 26.38, 26.29, 26.21, 26.11, 26.0, 25.85, 25.78, 25.67, 25.7, 25.75, 25.79, 25.81, 25.82], [26.34, 26.34, 26.34, 26.36, 26.36, 26.36, 26.37, 26.37, 26.22, 26.18, 26.11, 26.03, 25.9, 25.74, 25.76, 25.79, 25.82, 25.84, 25.85, 25.85], [26.35, 26.35, 26.35, 26.36, 26.36, 26.36, 26.36, 26.37, 26.19, 26.16, 26.12, 26.07, 25.92, 25.8, 25.83, 25.86, 25.89, 25.9, 25.89, 25.87], [26.35, 26.35, 26.35, 26.36, 26.36, 26.36, 26.36, 26.36, 26.35, 26.35, 26.35, 26.28, 26.11, 25.84, 25.87, 25.92, 25.96, 25.95, 25.92, 25.9], [26.36, 26.36, 26.36, 26.36, 26.36, 26.36, 26.35, 26.35, 26.34, 26.34, 26.34, 26.28, 26.12, 26.09, 26.06, 25.95, 26.04, 25.97, 25.93, 25.91], [26.36, 26.36, 26.36, 26.36, 26.36, 26.36, 26.35, 26.34, 26.33, 26.32, 26.33, 26.28, 26.27, 26.09, 26.06, 26.04, 25.95, 25.93, 25.93, 25.91], [26.36, 26.36, 26.36, 26.36, 26.36, 26.36, 26.35, 26.34, 26.33, 26.32, 26.3, 26.29, 26.28, 26.09, 26.07, 26.06, 26.03, 26.02, 25.92, 25.91], [26.36, 26.36, 26.36, 26.36, 26.36, 26.36, 26.35, 26.35, 26.35, 26.34, 26.31, 26.31, 26.29, 26.14, 26.11, 26.08, 26.06, 26.05, 26.05, 26.06], [26.36, 26.36, 26.36, 26.36, 26.36, 26.36, 26.36, 26.36, 26.36, 26.34, 26.34, 26.3, 26.26, 26.22, 26.13, 26.1, 26.08, 26.07, 26.07, 26.07], [26.36, 26.36, 26.36, 26.36, 26.36, 26.36, 26.36, 26.36, 26.37, 26.36, 26.37, 26.32, 26.28, 26.24, 26.15, 26.12, 26.1, 26.09, 26.08, 26.08], [26.36, 26.36, 26.36, 26.36, 26.36, 26.36, 26.36, 26.37, 26.31, 26.34, 26.36, 26.32, 26.28, 26.25, 26.16, 26.14, 26.12, 26.1, 26.1, 26.09], [26.36, 26.36, 26.36, 26.36, 26.36, 26.36, 26.37, 26.37, 26.3, 26.32, 26.32, 26.3, 26.28, 26.25, 26.17, 26.15, 26.13, 26.12, 26.11, 26.1], [26.36, 26.36, 26.36, 26.36, 26.37, 26.37, 26.37, 26.29, 26.29, 26.3, 26.3, 26.29, 26.27, 26.25, 26.17, 26.15, 26.14, 26.13, 26.12, 26.11]]}