gis_exercise/awsData/contour/temp_2023091019.json
{"header": {"refTime": "2023-09-10T19:00:00.000Z", "nx": 21, "ny": 33, "lo1": 113.509, "la1": 22.2235, "lo2": 113.5947, "la2": 22.1034, "dx": 0.0042850000000001385, "dy": 0.003753125000000024, "parameterCategory": 0, "parameterCategoryName": "Temperature", "parameterNumber": 0}, "z": [[25.61, 25.61, 25.6, 25.31, 25.31, 25.61, 25.6, 25.59, 25.59, 25.46, 25.49, 25.51, 25.8, 25.82, 25.83, 25.84, 25.98, 25.97, 25.97, 25.97], [25.62, 25.61, 25.6, 25.59, 25.31, 25.32, 25.58, 25.55, 25.54, 25.45, 25.49, 25.54, 25.82, 25.84, 25.85, 25.98, 25.97, 25.97, 25.97, 25.96], [25.62, 25.62, 25.61, 25.6, 25.31, 25.32, 25.33, 25.53, 25.43, 25.44, 25.5, 25.57, 25.86, 25.88, 25.99, 25.98, 25.97, 25.97, 25.96, 25.96], [25.63, 25.63, 25.62, 25.61, 25.59, 25.32, 25.33, 25.34, 25.35, 25.44, 25.52, 25.64, 25.93, 25.8, 25.99, 25.98, 25.97, 25.96, 25.96, 25.95], [25.64, 25.64, 25.63, 25.62, 25.61, 25.32, 25.32, 25.32, 25.31, 25.42, 25.51, 25.81, 25.98, 25.84, 25.99, 25.97, 25.96, 25.95, 25.95, 25.95], [25.65, 25.65, 25.65, 25.64, 25.63, 25.62, 25.33, 25.33, 25.3, 25.23, 25.55, 25.72, 25.87, 26.03, 25.98, 25.96, 25.94, 25.94, 25.94, 25.94], [25.77, 25.66, 25.66, 25.66, 25.66, 25.64, 25.47, 25.37, 25.35, 25.29, 25.24, 25.59, 25.99, 26.0, 25.97, 25.95, 25.93, 25.92, 25.94, 25.95], [25.77, 25.77, 25.77, 25.77, 25.77, 25.53, 25.5, 25.5, 25.53, 25.24, 24.99, 25.56, 25.57, 26.0, 25.9, 25.9, 25.9, 25.9, 25.9, 25.9], [25.73, 25.73, 25.79, 25.79, 25.79, 25.78, 25.74, 25.5, 25.35, 25.32, 25.22, 25.38, 25.46, 25.36, 25.9, 25.9, 25.9, 25.9, 25.9, 25.9], [25.9, 25.9, 25.9, 25.76, 25.78, 25.83, 25.8, 25.74, 25.15, 25.19, 25.47, 25.28, 25.34, 25.32, 25.9, 25.9, 25.9, 25.9, 25.9, 25.9], [25.9, 25.9, 25.9, 25.9, 25.9, 25.9, 25.9, 25.9, 25.79, 25.33, 24.8, 25.22, 25.27, 25.27, 25.9, 25.9, 25.9, 25.9, 25.9, 25.9], [25.9, 25.9, 25.9, 25.9, 25.9, 25.9, 25.9, 25.9, 25.9, -999.0, 24.8, 25.9, 25.9, 25.24, 25.9, 25.9, 25.9, 25.22, 25.23, 25.24], [25.9, 25.9, 25.9, 25.9, 25.9, 25.9, 25.9, 25.9, 25.9, 25.9, -999.0, 25.9, 25.9, 25.12, 25.46, 25.46, 25.47, 25.32, 25.35, 25.36], [25.9, 25.9, 25.9, 25.9, 25.9, 25.9, 25.9, 25.9, 25.9, 25.9, -999.0, 24.7, 24.7, 24.7, 25.36, 25.36, 25.38, 25.23, 25.26, 25.29], [25.9, 25.9, 25.9, 25.9, 25.9, 25.9, 25.9, 25.9, 25.9, 25.9, 25.9, 25.44, 24.7, 24.7, 24.7, 25.25, 25.29, 25.15, 25.19, 25.23], [25.9, 25.9, 25.9, 25.9, 25.9, 25.9, 25.9, 25.9, 25.9, 25.9, 25.14, 25.23, 25.11, 25.02, 25.13, 24.99, 25.04, 24.96, 25.23, 25.27], [25.9, 25.9, 25.9, 25.9, 25.9, 25.9, 25.9, 25.9, 25.9, 25.9, 25.38, 25.24, 25.08, 24.93, 24.93, 24.92, 25.0, 25.06, 25.11, 25.14], [25.9, 25.9, 25.9, 25.9, 25.9, 25.9, 25.9, 25.9, 25.9, 25.6, 25.43, 25.25, 25.07, 24.94, 24.73, 24.9, 25.01, 25.08, 25.13, 25.16], [25.9, 25.9, 25.9, 25.9, 25.9, 25.9, 25.9, 25.9, 25.79, 25.67, 25.52, 25.37, 25.17, 25.02, 24.88, 24.96, 25.06, 25.12, 25.16, 25.19], [25.9, 25.9, 25.79, 25.79, 25.8, 25.81, 25.83, 25.87, 25.77, 25.66, 25.53, 25.4, 25.24, 25.14, 25.03, 25.07, 25.13, 25.18, 25.21, 25.22], [25.78, 25.78, 25.78, 25.82, 25.82, 25.83, 25.83, 25.84, 25.67, 25.61, 25.53, 25.44, 25.29, 25.12, 25.14, 25.18, 25.22, 25.25, 25.26, 25.26], [25.81, 25.81, 25.81, 25.81, 25.81, 25.81, 25.82, 25.85, 25.62, 25.59, 25.54, 25.47, 25.28, 25.19, 25.23, 25.27, 25.3, 25.31, 25.3, 25.29], [25.8, 25.8, 25.8, 25.85, 25.85, 25.85, 25.84, 25.83, 25.82, 25.82, 25.82, 25.71, 25.54, 25.25, 25.29, 25.34, 25.38, 25.37, 25.35, 25.32], [25.86, 25.86, 25.85, 25.85, 25.85, 25.84, 25.83, 25.82, 25.8, 25.79, 25.8, 25.73, 25.55, 25.52, 25.5, 25.37, 25.45, 25.41, 25.37, 25.34], [25.86, 25.86, 25.85, 25.85, 25.85, 25.84, 25.83, 25.81, 25.77, 25.74, 25.79, 25.74, 25.72, 25.53, 25.5, 25.48, 25.4, 25.4, 25.37, 25.34], [25.86, 25.86, 25.85, 25.85, 25.85, 25.84, 25.83, 25.81, 25.78, 25.75, 25.75, 25.76, 25.75, 25.53, 25.51, 25.53, 25.5, 25.49, 25.36, 25.34], [25.86, 25.86, 25.86, 25.85, 25.85, 25.85, 25.84, 25.83, 25.82, 25.82, 25.79, 25.79, 25.77, 25.65, 25.6, 25.56, 25.54, 25.52, 25.53, 25.53], [25.86, 25.86, 25.86, 25.86, 25.86, 25.86, 25.85, 25.86, 25.87, 25.85, 25.86, 25.82, 25.78, 25.74, 25.63, 25.59, 25.57, 25.55, 25.55, 25.55], [25.86, 25.86, 25.86, 25.86, 25.86, 25.86, 25.87, 25.88, 25.9, 25.9, 25.95, 25.87, 25.81, 25.76, 25.66, 25.62, 25.59, 25.58, 25.57, 25.57], [25.86, 25.86, 25.86, 25.87, 25.87, 25.87, 25.88, 25.89, 25.85, 25.9, 25.92, 25.87, 25.81, 25.77, 25.68, 25.64, 25.61, 25.6, 25.59, 25.58], [25.87, 25.87, 25.87, 25.87, 25.87, 25.87, 25.88, 25.89, 25.84, 25.86, 25.87, 25.84, 25.81, 25.77, 25.69, 25.65, 25.63, 25.61, 25.6, 25.6], [25.87, 25.87, 25.87, 25.87, 25.87, 25.88, 25.88, 25.81, 25.82, 25.83, 25.83, 25.82, 25.8, 25.77, 25.69, 25.66, 25.64, 25.63, 25.61, 25.61]]}