gis_exercise/awsData/contour/temp_2023091112.json
{"header": {"refTime": "2023-09-11T12:00:00.000Z", "nx": 21, "ny": 33, "lo1": 113.509, "la1": 22.2235, "lo2": 113.5947, "la2": 22.1034, "dx": 0.0042850000000001385, "dy": 0.003753125000000024, "parameterCategory": 0, "parameterCategoryName": "Temperature", "parameterNumber": 0}, "z": [[26.24, 26.23, 26.22, 26.0, 26.0, 26.14, 26.13, 26.13, 26.13, 26.11, 26.13, 26.16, 26.32, 26.34, 26.46, 26.49, 26.64, 26.65, 26.66, 26.66], [26.25, 26.24, 26.23, 26.21, 26.0, 26.0, 26.12, 26.1, 26.09, 26.09, 26.13, 26.17, 26.33, 26.35, 26.48, 26.63, 26.65, 26.66, 26.67, 26.67], [26.25, 26.25, 26.23, 26.22, 26.01, 26.0, 26.0, 26.08, 26.02, 26.08, 26.14, 26.2, 26.36, 26.38, 26.61, 26.64, 26.66, 26.67, 26.68, 26.68], [26.27, 26.26, 26.25, 26.23, 26.21, 26.01, 26.01, 26.0, 26.0, 26.1, 26.16, 26.24, 26.4, 26.38, 26.61, 26.64, 26.67, 26.69, 26.7, 26.7], [26.28, 26.27, 26.26, 26.25, 26.23, 26.01, 26.01, 26.01, 26.0, 26.11, 26.18, 26.38, 26.45, 26.4, 26.61, 26.66, 26.7, 26.72, 26.72, 26.71], [26.29, 26.29, 26.28, 26.27, 26.26, 26.23, 26.02, 26.02, 26.01, 25.99, 26.27, 26.35, 26.41, 26.5, 26.62, 26.68, 26.74, 26.76, 26.75, 26.73], [26.43, 26.31, 26.31, 26.3, 26.29, 26.27, 26.2, 26.03, 26.03, 26.09, 26.09, 26.3, 26.5, 26.5, 26.63, 26.7, 26.8, 26.83, 26.83, 26.8], [26.44, 26.45, 26.45, 26.44, 26.43, 26.28, 26.22, 26.15, 26.1, 26.06, 25.99, 26.32, 26.32, 26.5, 26.75, 26.71, 26.8, 26.83, 26.78, 26.74], [26.36, 26.37, 26.47, 26.48, 26.48, 26.46, 26.39, 26.2, 26.04, 26.1, 26.13, 26.22, 26.26, 26.2, 26.74, 26.69, 26.74, 26.76, 26.75, 26.73], [26.7, 26.7, 26.7, 26.42, 26.46, 26.56, 26.49, 26.39, 25.99, 26.0, 26.26, 26.16, 26.2, 26.18, 26.74, 26.67, 26.71, 26.72, 26.72, 26.72], [26.7, 26.7, 26.7, 26.7, 26.7, 26.7, 26.7, 26.7, 26.49, 26.03, 25.9, 26.13, 26.16, 26.16, 26.74, 26.66, 26.69, 26.7, 26.7, 26.7], [26.7, 26.7, 26.7, 26.7, 26.7, 26.7, 26.7, 26.7, 26.7, -999.0, 25.9, 26.5, 26.5, 26.14, 26.75, 26.65, 26.66, 26.45, 26.46, 26.46], [26.7, 26.7, 26.7, 26.7, 26.7, 26.7, 26.7, 26.7, 26.7, 26.7, -999.0, 26.5, 26.5, 26.24, 26.35, 26.61, 26.61, 26.52, 26.53, 26.54], [26.7, 26.7, 26.7, 26.7, 26.7, 26.7, 26.7, 26.7, 26.7, 26.7, -999.0, 26.1, 26.1, 26.1, 26.32, 26.54, 26.55, 26.45, 26.48, 26.49], [26.7, 26.7, 26.7, 26.7, 26.7, 26.7, 26.7, 27.0, 27.0, 27.0, 27.0, 26.65, 26.1, 26.1, 26.1, 26.47, 26.49, 26.4, 26.43, 26.45], [26.7, 26.7, 26.89, 26.89, 26.9, 27.0, 27.0, 27.0, 27.0, 27.0, 26.43, 26.5, 26.41, 26.34, 26.42, 26.39, 26.44, 26.36, 26.53, 26.56], [26.89, 26.89, 26.81, 26.81, 27.0, 27.0, 27.0, 27.0, 27.0, 27.0, 26.61, 26.5, 26.38, 26.28, 26.3, 26.37, 26.46, 26.53, 26.59, 26.62], [26.81, 26.81, 26.82, 26.82, 27.0, 27.0, 27.0, 27.0, 27.0, 26.77, 26.65, 26.52, 26.38, 26.3, 26.13, 26.33, 26.47, 26.55, 26.61, 26.65], [26.81, 26.82, 26.82, 27.0, 27.0, 27.0, 27.0, 27.0, 26.92, 26.82, 26.76, 26.65, 26.49, 26.37, 26.32, 26.41, 26.52, 26.6, 26.65, 26.68], [26.82, 26.82, 27.06, 27.05, 27.05, 27.05, 27.04, 27.02, 26.93, 26.86, 26.78, 26.69, 26.55, 26.48, 26.49, 26.54, 26.61, 26.67, 26.7, 26.72], [27.06, 27.06, 27.06, 27.04, 27.04, 27.04, 27.03, 27.03, 26.88, 26.85, 26.79, 26.73, 26.6, 26.6, 26.62, 26.67, 26.71, 26.74, 26.76, 26.76], [27.05, 27.05, 27.05, 27.04, 27.04, 27.04, 27.04, 27.12, 26.88, 26.86, 26.82, 26.77, 26.68, 26.68, 26.72, 26.77, 26.8, 26.82, 26.82, 26.81], [27.05, 27.05, 27.05, 27.16, 27.16, 27.15, 27.15, 27.14, 27.14, 27.15, 27.15, 27.02, 27.03, 26.74, 26.79, 26.84, 26.88, 26.89, 26.87, 26.85], [27.18, 27.18, 27.18, 27.17, 27.17, 27.17, 27.16, 27.16, 27.15, 27.15, 27.16, 27.15, 27.04, 27.02, 27.01, 26.88, 26.92, 26.95, 26.91, 26.87], [27.19, 27.19, 27.19, 27.18, 27.18, 27.18, 27.18, 27.17, 27.15, 27.13, 27.17, 27.16, 27.15, 27.03, 27.02, 27.01, 26.96, 27.0, 26.93, 26.89], [27.19, 27.19, 27.19, 27.2, 27.2, 27.2, 27.19, 27.19, 27.17, 27.15, 27.18, 27.19, 27.18, 27.03, 27.02, 27.08, 27.07, 27.07, 26.91, 26.88], [27.2, 27.2, 27.2, 27.21, 27.21, 27.21, 27.22, 27.22, 27.22, 27.23, 27.23, 27.23, 27.21, 27.18, 27.14, 27.11, 27.09, 27.08, 27.08, 27.09], [27.21, 27.21, 27.21, 27.22, 27.22, 27.23, 27.24, 27.25, 27.27, 27.3, 27.32, 27.32, 27.29, 27.27, 27.17, 27.13, 27.11, 27.1, 27.1, 27.1], [27.21, 27.22, 27.22, 27.23, 27.23, 27.24, 27.26, 27.28, 27.32, 27.38, 27.45, 27.37, 27.32, 27.28, 27.19, 27.16, 27.14, 27.12, 27.12, 27.11], [27.22, 27.22, 27.23, 27.23, 27.24, 27.25, 27.27, 27.29, 27.34, 27.39, 27.42, 27.37, 27.33, 27.29, 27.21, 27.18, 27.15, 27.14, 27.13, 27.13], [27.22, 27.23, 27.23, 27.24, 27.25, 27.26, 27.28, 27.3, 27.34, 27.36, 27.37, 27.35, 27.32, 27.3, 27.22, 27.19, 27.17, 27.15, 27.14, 27.14], [27.22, 27.23, 27.24, 27.24, 27.25, 27.26, 27.28, 27.31, 27.32, 27.34, 27.34, 27.33, 27.31, 27.29, 27.22, 27.2, 27.18, 27.16, 27.15, 27.15]]}