gis_exercise/awsData/contour/temp_2023091314.json
{"header": {"refTime": "2023-09-13T14:00:00.000Z", "nx": 21, "ny": 33, "lo1": 113.509, "la1": 22.2235, "lo2": 113.5947, "la2": 22.1034, "dx": 0.0042850000000001385, "dy": 0.003753125000000024, "parameterCategory": 0, "parameterCategoryName": "Temperature", "parameterNumber": 0}, "z": [[29.98, 29.98, 29.98, 29.81, 29.83, 30.04, 30.06, 30.08, 30.09, 30.13, 30.13, 30.14, 30.74, 30.77, 29.97, 29.92, 30.4, 30.36, 30.33, 30.32], [29.98, 29.98, 29.98, 29.98, 29.82, 29.86, 30.06, 30.1, 30.12, 30.14, 30.14, 30.14, 30.73, 30.77, 29.97, 30.42, 30.36, 30.32, 30.29, 30.28], [29.98, 29.98, 29.97, 29.98, 29.81, 29.84, 29.9, 30.11, 30.18, 30.15, 30.14, 30.16, 30.73, 30.77, 30.47, 30.39, 30.32, 30.26, 30.23, 30.23], [29.98, 29.97, 29.97, 29.97, 29.97, 29.81, 29.86, 29.93, 30.0, 30.13, 30.14, 30.18, 30.7, 30.63, 30.47, 30.36, 30.25, 30.18, 30.15, 30.16], [29.98, 29.97, 29.97, 29.96, 29.95, 29.77, 29.79, 29.81, 29.83, 30.08, 30.11, 30.57, 30.49, 30.63, 30.47, 30.3, 30.13, 30.04, 30.04, 30.08], [29.98, 29.98, 29.97, 29.96, 29.94, 29.91, 29.71, 29.7, 29.69, 29.69, 30.56, 30.64, 30.62, 30.97, 30.48, 30.22, 29.94, 29.82, 29.89, 30.0], [29.9, 29.98, 29.98, 29.96, 29.94, 29.9, 29.68, 29.6, 29.58, 30.02, 30.2, 30.82, 31.37, 31.27, 30.53, 30.14, 29.64, 29.46, 29.34, 29.42], [29.92, 29.92, 29.92, 29.92, 29.9, 29.79, 29.7, 29.57, 29.58, 29.94, 29.88, 31.33, 31.35, 31.25, 30.22, 30.54, 29.89, 29.65, 30.02, 30.27], [29.78, 29.8, 29.96, 29.97, 29.98, 29.94, 29.83, 29.66, 29.46, 30.06, 30.56, 30.93, 31.11, 30.87, 30.29, 30.66, 30.28, 30.12, 30.21, 30.36], [30.3, 30.3, 30.3, 29.88, 29.94, 30.1, 29.99, 29.83, 29.51, 29.5, 31.12, 30.7, 30.84, 30.77, 30.3, 30.79, 30.55, 30.42, 30.41, 30.47], [30.3, 30.3, 30.3, 30.3, 30.3, 30.3, 30.3, 30.3, 29.98, 29.47, 29.6, 30.55, 30.67, 30.67, 30.27, 30.89, 30.71, 30.61, 30.58, 30.6], [30.3, 30.3, 30.3, 30.3, 30.3, 30.3, 30.3, 30.3, 30.3, -999.0, 29.6, 32.1, 32.1, 30.6, 30.23, 30.99, 30.88, 29.38, 29.38, 29.38], [30.3, 30.3, 30.3, 30.3, 30.3, 30.3, 30.3, 30.3, 30.3, 30.3, -999.0, 32.1, 32.1, 30.47, 31.19, 29.28, 29.28, 29.34, 29.33, 29.33], [30.3, 30.3, 30.3, 30.3, 30.3, 30.3, 30.3, 30.3, 30.3, 30.3, -999.0, 29.6, 29.6, 29.6, 30.97, 29.32, 29.32, 29.38, 29.37, 29.35], [30.3, 30.3, 30.3, 30.3, 30.3, 30.3, 30.3, 31.5, 31.5, 31.5, 31.5, 30.77, 29.6, 29.6, 29.6, 29.37, 29.36, 29.41, 29.4, 29.38], [30.3, 30.3, 31.06, 31.07, 31.09, 31.5, 31.5, 31.5, 31.5, 31.5, 30.3, 30.44, 30.26, 30.1, 30.28, 29.31, 29.26, 29.34, 29.25, 29.23], [31.07, 31.08, 30.72, 30.74, 31.5, 31.5, 31.5, 31.5, 31.5, 31.5, 30.68, 30.45, 30.2, 29.97, 29.74, 29.55, 29.53, 29.51, 29.51, 29.5], [30.73, 30.74, 30.76, 30.8, 31.5, 31.5, 31.5, 31.5, 31.5, 31.02, 30.76, 30.48, 30.18, 29.76, 29.62, 29.55, 29.52, 29.51, 29.5, 29.5], [30.75, 30.77, 30.8, 31.5, 31.5, 31.5, 31.5, 31.5, 31.33, 31.13, 30.67, 30.43, 29.98, 29.8, 29.55, 29.53, 29.51, 29.5, 29.49, 29.49], [30.77, 30.79, 30.64, 30.68, 30.74, 30.82, 30.94, 31.25, 31.16, 30.91, 30.66, 30.44, 29.99, 29.83, 29.51, 29.5, 29.48, 29.48, 29.48, 29.48], [30.59, 30.61, 30.64, 30.88, 30.91, 30.95, 31.01, 31.07, 30.85, 30.74, 30.58, 30.43, 29.97, 29.49, 29.48, 29.46, 29.45, 29.45, 29.46, 29.47], [30.8, 30.81, 30.82, 30.83, 30.84, 30.85, 30.87, 30.86, 30.63, 30.56, 30.48, 30.39, 29.48, 29.47, 29.45, 29.42, 29.4, 29.42, 29.45, 29.47], [30.77, 30.77, 30.77, 30.78, 30.77, 30.76, 30.74, 30.7, 30.65, 30.62, 30.62, 30.13, 29.63, 29.45, 29.43, 29.37, 29.31, 29.38, 29.46, 29.48], [30.76, 30.76, 30.75, 30.74, 30.72, 30.69, 30.64, 30.57, 30.47, 30.43, 30.48, 29.9, 29.65, 29.58, 29.5, 29.37, 29.1, 29.47, 29.51, 29.5], [30.75, 30.74, 30.73, 30.71, 30.68, 30.64, 30.58, 30.48, 30.31, 30.18, 30.37, 29.96, 29.86, 29.6, 29.54, 29.5, 29.56, 29.72, 29.57, 29.53], [30.73, 30.72, 30.71, 30.69, 30.66, 30.62, 30.56, 30.46, 30.32, 30.2, 30.06, 30.03, 29.94, 29.62, 29.57, 29.68, 29.68, 29.7, 29.56, 29.53], [30.72, 30.71, 30.69, 30.67, 30.65, 30.61, 30.57, 30.51, 30.45, 30.44, 30.17, 30.13, 30.03, 29.94, 29.83, 29.76, 29.73, 29.72, 29.72, 29.72], [30.71, 30.7, 30.69, 30.67, 30.65, 30.62, 30.59, 30.57, 30.56, 30.32, 30.36, 30.46, 30.41, 30.36, 29.91, 29.83, 29.78, 29.76, 29.75, 29.75], [30.71, 30.7, 30.68, 30.67, 30.65, 30.63, 30.62, 30.61, 30.63, 30.5, 30.7, 30.55, 30.46, 30.39, 29.97, 29.89, 29.84, 29.81, 29.79, 29.78], [30.7, 30.69, 30.68, 30.67, 30.66, 30.65, 30.64, 30.64, 30.5, 30.6, 30.66, 30.56, 30.47, 30.41, 30.02, 29.94, 29.88, 29.85, 29.82, 29.81], [30.7, 30.69, 30.68, 30.67, 30.67, 30.66, 30.66, 30.66, 30.49, 30.54, 30.55, 30.52, 30.47, 30.42, 30.04, 29.97, 29.92, 29.88, 29.85, 29.84], [30.7, 30.7, 30.69, 30.68, 30.67, 30.67, 30.67, 30.44, 30.46, 30.49, 30.5, 30.48, 30.45, 30.41, 30.05, 29.99, 29.94, 29.91, 29.88, 29.86]]}