gis_exercise/awsData/contour/temp_2023090510.json
{"header": {"refTime": "2023-09-05T10:00:00.000Z", "nx": 21, "ny": 33, "lo1": 113.509, "la1": 22.2235, "lo2": 113.5947, "la2": 22.1034, "dx": 0.0042850000000001385, "dy": 0.003753125000000024, "parameterCategory": 0, "parameterCategoryName": "Temperature", "parameterNumber": 0}, "z": [[31.32, 31.33, 31.34, 31.4, 31.41, 31.59, 31.59, 31.6, 31.62, 31.76, 31.79, 31.83, 32.06, 32.09, 32.01, 32.02, 32.33, 32.34, 32.34, 32.34], [31.32, 31.32, 31.33, 31.35, 31.41, 31.43, 31.59, 31.6, 31.61, 31.73, 31.79, 31.85, 32.08, 32.1, 32.02, 32.32, 32.33, 32.33, 32.34, 32.34], [31.31, 31.32, 31.33, 31.34, 31.4, 31.42, 31.46, 31.59, 31.6, 31.71, 31.8, 31.88, 32.1, 32.12, 32.31, 32.32, 32.33, 32.33, 32.34, 32.34], [31.31, 31.31, 31.32, 31.32, 31.34, 31.4, 31.43, 31.48, 31.52, 31.74, 31.84, 31.93, 32.12, 32.27, 32.31, 32.32, 32.33, 32.33, 32.34, 32.34], [31.3, 31.3, 31.3, 31.31, 31.31, 31.37, 31.38, 31.4, 31.41, 31.88, 31.89, 32.32, 32.16, 32.25, 32.31, 32.33, 32.33, 32.33, 32.33, 32.34], [31.29, 31.29, 31.29, 31.29, 31.29, 31.29, 31.32, 31.31, 31.37, 31.4, 32.46, 32.31, 32.24, 32.3, 32.33, 32.33, 32.33, 32.33, 32.33, 32.34], [31.16, 31.28, 31.28, 31.27, 31.27, 31.26, 31.15, 31.29, 31.27, 31.92, 31.74, 32.38, 32.44, 32.41, 32.36, 32.35, 32.32, 32.32, 32.26, 32.25], [31.16, 31.16, 31.16, 31.16, 31.16, 31.15, 31.14, 31.13, 31.28, 31.85, 31.79, 32.7, 32.7, 32.4, 32.45, 32.49, 32.4, 32.37, 32.42, 32.46], [31.14, 31.14, 31.16, 31.16, 31.16, 31.16, 31.15, 31.13, 31.1, 31.95, 32.7, 32.7, 32.7, 32.7, 32.46, 32.51, 32.46, 32.44, 32.45, 32.47], [31.2, 31.2, 31.2, 31.15, 31.16, 31.18, 31.17, 31.15, 31.1, 31.1, 32.7, 32.7, 32.7, 32.7, 32.46, 32.53, 32.49, 32.48, 32.48, 32.48], [31.2, 31.2, 31.2, 31.2, 31.2, 31.2, 31.2, 31.2, 31.16, 31.1, -999.0, 32.7, 32.7, 32.7, 32.46, 32.54, 32.51, 32.5, 32.5, 32.5], [31.2, 31.2, 31.2, 31.2, 31.2, 31.2, 31.2, 31.2, 31.2, -999.0, -999.0, 32.7, 32.7, 32.7, 32.45, 32.55, 32.54, 31.22, 31.25, 31.25], [31.2, 31.2, 31.2, 31.2, 31.2, 31.2, 31.2, 31.2, 31.2, 31.2, -999.0, 32.7, 32.7, 31.2, 31.86, 31.61, 31.62, 31.39, 31.42, 31.44], [31.2, 31.2, 31.2, 31.2, 31.2, 31.2, 31.2, 31.2, 31.2, 31.2, -999.0, 30.4, 30.4, 30.4, 31.66, 31.45, 31.48, 31.24, 31.29, 31.33], [31.2, 31.2, 31.2, 31.2, 31.2, 31.2, 31.2, 31.8, 31.8, 31.8, 31.8, 31.26, 30.4, 30.4, 30.4, 31.27, 31.33, 31.11, 31.18, 31.23], [31.2, 31.2, 31.58, 31.58, 31.6, 31.8, 31.8, 31.8, 31.8, 31.8, 30.92, 31.02, 30.88, 30.77, 30.9, 30.58, 30.61, 30.56, 31.03, 31.07], [31.59, 31.59, 31.41, 31.42, 31.8, 31.8, 31.8, 31.8, 31.8, 31.8, 31.2, 31.02, 30.84, 30.67, 30.62, 30.65, 30.73, 30.8, 30.85, 30.89], [31.41, 31.42, 31.43, 31.45, 31.8, 31.8, 31.8, 31.8, 31.8, 31.44, 31.26, 31.05, 30.83, 30.64, 30.43, 30.62, 30.74, 30.82, 30.88, 30.91], [31.43, 31.44, 31.45, 31.8, 31.8, 31.8, 31.8, 31.8, 31.67, 31.53, 31.42, 31.24, 30.87, 30.71, 30.6, 30.69, 30.79, 30.86, 30.91, 30.94], [31.43, 31.44, 31.86, 31.85, 31.85, 31.85, 31.84, 31.82, 31.68, 31.58, 31.44, 31.3, 30.93, 30.82, 30.76, 30.81, 30.87, 30.93, 30.96, 30.98], [31.86, 31.86, 31.86, 31.84, 31.84, 31.84, 31.83, 31.83, 31.61, 31.55, 31.46, 31.36, 30.97, 30.86, 30.88, 30.92, 30.96, 30.99, 31.01, 31.02], [31.85, 31.85, 31.85, 31.84, 31.84, 31.84, 31.84, 31.76, 31.59, 31.56, 31.5, 31.42, 31.05, 30.94, 30.97, 31.0, 31.03, 31.06, 31.07, 31.07], [31.85, 31.85, 31.85, 31.74, 31.74, 31.75, 31.76, 31.76, 31.77, 31.77, 31.76, 31.61, 31.48, 30.99, 31.03, 31.06, 31.07, 31.11, 31.12, 31.11], [31.72, 31.72, 31.73, 31.73, 31.74, 31.74, 31.75, 31.77, 31.79, 31.79, 31.77, 31.53, 31.5, 31.42, 31.35, 31.1, 31.03, 31.21, 31.19, 31.14], [31.72, 31.72, 31.72, 31.72, 31.73, 31.74, 31.75, 31.77, 31.81, 31.85, 31.79, 31.55, 31.46, 31.43, 31.37, 31.32, 31.25, 31.35, 31.22, 31.16], [31.71, 31.71, 31.71, 31.72, 31.72, 31.72, 31.73, 31.75, 31.79, 31.83, 31.65, 31.55, 31.46, 31.45, 31.39, 31.29, 31.31, 31.33, 31.2, 31.16], [31.71, 31.71, 31.71, 31.71, 31.71, 31.71, 31.71, 31.72, 31.73, 31.72, 31.57, 31.51, 31.46, 31.31, 31.3, 31.3, 31.31, 31.31, 31.31, 31.3], [31.7, 31.7, 31.7, 31.7, 31.69, 31.69, 31.69, 31.68, 31.65, 31.52, 31.49, 31.58, 31.6, 31.61, 31.31, 31.3, 31.3, 31.31, 31.31, 31.3], [31.7, 31.69, 31.69, 31.69, 31.68, 31.68, 31.66, 31.64, 31.6, 31.46, 31.45, 31.53, 31.57, 31.59, 31.31, 31.31, 31.31, 31.31, 31.3, 31.3], [31.69, 31.69, 31.69, 31.68, 31.67, 31.66, 31.65, 31.62, 31.56, 31.51, 31.47, 31.52, 31.56, 31.58, 31.32, 31.31, 31.31, 31.31, 31.3, 31.3], [31.69, 31.68, 31.68, 31.67, 31.67, 31.66, 31.64, 31.62, 31.56, 31.54, 31.53, 31.54, 31.56, 31.58, 31.32, 31.32, 31.31, 31.31, 31.31, 31.3], [31.68, 31.68, 31.68, 31.67, 31.66, 31.65, 31.64, 31.59, 31.57, 31.56, 31.55, 31.56, 31.57, 31.58, 31.32, 31.32, 31.31, 31.31, 31.31, 31.3]]}