gis_exercise/awsData/contour/temp_2023091117.json
{"header": {"refTime": "2023-09-11T17:00:00.000Z", "nx": 21, "ny": 33, "lo1": 113.509, "la1": 22.2235, "lo2": 113.5947, "la2": 22.1034, "dx": 0.0042850000000001385, "dy": 0.003753125000000024, "parameterCategory": 0, "parameterCategoryName": "Temperature", "parameterNumber": 0}, "z": [[26.25, 26.24, 26.24, 26.0, 26.0, 26.24, 26.23, 26.23, 26.23, 26.17, 26.2, 26.22, 26.41, 26.43, 26.41, 26.4, 26.48, 26.47, 26.46, 26.46], [26.25, 26.25, 26.24, 26.23, 26.0, 26.01, 26.22, 26.2, 26.19, 26.16, 26.2, 26.24, 26.43, 26.45, 26.42, 26.49, 26.47, 26.46, 26.46, 26.45], [26.26, 26.25, 26.24, 26.23, 26.0, 26.01, 26.02, 26.18, 26.12, 26.15, 26.21, 26.27, 26.47, 26.48, 26.51, 26.49, 26.47, 26.45, 26.45, 26.44], [26.27, 26.26, 26.25, 26.24, 26.23, 26.01, 26.02, 26.03, 26.05, 26.16, 26.23, 26.33, 26.53, 26.43, 26.51, 26.48, 26.46, 26.44, 26.43, 26.43], [26.28, 26.27, 26.26, 26.25, 26.24, 26.0, 26.0, 26.01, 26.0, 26.15, 26.23, 26.45, 26.59, 26.47, 26.51, 26.47, 26.44, 26.42, 26.42, 26.42], [26.29, 26.28, 26.28, 26.27, 26.26, 26.24, 26.0, 25.99, 25.98, 25.94, 26.23, 26.37, 26.49, 26.6, 26.49, 26.45, 26.41, 26.39, 26.4, 26.41], [26.38, 26.3, 26.3, 26.29, 26.28, 26.26, 26.12, 26.0, 25.99, 25.97, 25.96, 26.25, 26.53, 26.55, 26.47, 26.42, 26.36, 26.34, 26.37, 26.4], [26.39, 26.39, 26.39, 26.39, 26.38, 26.2, 26.15, 26.1, 26.07, 25.95, 25.81, 26.18, 26.19, 26.55, 26.34, 26.35, 26.33, 26.32, 26.33, 26.34], [26.31, 26.32, 26.41, 26.42, 26.42, 26.4, 26.34, 26.13, 25.97, 25.99, 25.97, 26.07, 26.12, 26.06, 26.34, 26.35, 26.34, 26.33, 26.34, 26.34], [26.6, 26.6, 26.6, 26.37, 26.4, 26.49, 26.43, 26.34, 25.87, 25.89, 26.13, 26.01, 26.05, 26.03, 26.34, 26.36, 26.35, 26.34, 26.34, 26.35], [26.6, 26.6, 26.6, 26.6, 26.6, 26.6, 26.6, 26.6, 26.42, 25.96, 25.7, 25.97, 26.0, 26.0, 26.34, 26.36, 26.35, 26.35, 26.35, 26.35], [26.6, 26.6, 26.6, 26.6, 26.6, 26.6, 26.6, 26.6, 26.6, -999.0, 25.7, 26.4, 26.4, 25.98, 26.34, 26.36, 26.36, 25.73, 25.75, 25.75], [26.6, 26.6, 26.6, 26.6, 26.6, 26.6, 26.6, 26.6, 26.6, 26.6, -999.0, 26.4, 26.4, 25.68, 26.0, 25.94, 25.94, 25.82, 25.84, 25.85], [26.6, 26.6, 26.6, 26.6, 26.6, 26.6, 26.6, 26.6, 26.6, 26.6, -999.0, 25.3, 25.3, 25.3, 25.9, 25.85, 25.87, 25.74, 25.77, 25.79], [26.6, 26.6, 26.6, 26.6, 26.6, 26.6, 26.6, 26.7, 26.7, 26.7, 26.7, 26.16, 25.3, 25.3, 25.3, 25.76, 25.79, 25.67, 25.71, 25.74], [26.6, 26.6, 26.66, 26.66, 26.67, 26.7, 26.7, 26.7, 26.7, 26.7, 25.82, 25.92, 25.78, 25.67, 25.8, 25.52, 25.55, 25.49, 25.72, 25.75], [26.66, 26.66, 26.64, 26.64, 26.7, 26.7, 26.7, 26.7, 26.7, 26.7, 26.1, 25.92, 25.74, 25.57, 25.53, 25.49, 25.56, 25.61, 25.65, 25.68], [26.64, 26.64, 26.64, 26.64, 26.7, 26.7, 26.7, 26.7, 26.7, 26.34, 26.16, 25.95, 25.73, 25.55, 25.33, 25.47, 25.57, 25.63, 25.67, 25.7], [26.64, 26.64, 26.64, 26.7, 26.7, 26.7, 26.7, 26.7, 26.57, 26.43, 26.22, 26.04, 25.79, 25.62, 25.46, 25.53, 25.61, 25.66, 25.7, 25.72], [26.64, 26.64, 26.47, 26.48, 26.5, 26.52, 26.55, 26.63, 26.52, 26.39, 26.23, 26.08, 25.85, 25.74, 25.58, 25.62, 25.67, 25.71, 25.74, 25.75], [26.46, 26.46, 26.47, 26.53, 26.54, 26.55, 26.57, 26.59, 26.39, 26.32, 26.22, 26.11, 25.9, 25.66, 25.68, 25.71, 25.74, 25.77, 25.78, 25.78], [26.51, 26.52, 26.52, 26.52, 26.52, 26.53, 26.53, 26.49, 26.31, 26.27, 26.21, 26.14, 25.82, 25.72, 25.75, 25.78, 25.81, 25.82, 25.82, 25.81], [26.51, 26.51, 26.51, 26.45, 26.45, 26.45, 26.45, 26.44, 26.43, 26.42, 26.42, 26.31, 26.08, 25.77, 25.8, 25.84, 25.87, 25.87, 25.86, 25.84], [26.44, 26.44, 26.44, 26.44, 26.44, 26.43, 26.42, 26.41, 26.39, 26.38, 26.38, 26.2, 26.09, 26.05, 26.01, 25.87, 25.9, 25.92, 25.89, 25.86], [26.43, 26.43, 26.43, 26.43, 26.42, 26.41, 26.4, 26.38, 26.35, 26.33, 26.36, 26.21, 26.18, 26.05, 26.02, 25.99, 25.92, 25.94, 25.9, 25.87], [26.43, 26.43, 26.42, 26.42, 26.41, 26.4, 26.39, 26.37, 26.34, 26.33, 26.25, 26.22, 26.19, 26.06, 26.03, 26.01, 25.99, 25.99, 25.88, 25.86], [26.42, 26.42, 26.41, 26.41, 26.4, 26.39, 26.38, 26.36, 26.35, 26.34, 26.25, 26.23, 26.2, 26.08, 26.05, 26.02, 26.01, 26.01, 26.01, 26.01], [26.42, 26.41, 26.41, 26.4, 26.39, 26.39, 26.37, 26.36, 26.35, 26.26, 26.26, 26.26, 26.24, 26.21, 26.07, 26.04, 26.03, 26.02, 26.02, 26.02], [26.41, 26.41, 26.4, 26.4, 26.39, 26.38, 26.37, 26.36, 26.35, 26.27, 26.29, 26.26, 26.24, 26.22, 26.08, 26.06, 26.04, 26.04, 26.03, 26.03], [26.41, 26.41, 26.4, 26.4, 26.39, 26.38, 26.37, 26.36, 26.26, 26.27, 26.28, 26.26, 26.24, 26.22, 26.09, 26.07, 26.06, 26.05, 26.04, 26.04], [26.41, 26.4, 26.4, 26.39, 26.39, 26.38, 26.37, 26.36, 26.26, 26.26, 26.26, 26.25, 26.24, 26.23, 26.1, 26.08, 26.07, 26.06, 26.05, 26.05], [26.41, 26.4, 26.4, 26.39, 26.39, 26.38, 26.37, 26.25, 26.25, 26.25, 26.25, 26.25, 26.24, 26.22, 26.1, 26.09, 26.07, 26.06, 26.06, 26.05]]}