gis_exercise/awsData/contour/temp_2023090511.json
{"header": {"refTime": "2023-09-05T11:00:00.000Z", "nx": 21, "ny": 33, "lo1": 113.509, "la1": 22.2235, "lo2": 113.5947, "la2": 22.1034, "dx": 0.0042850000000001385, "dy": 0.003753125000000024, "parameterCategory": 0, "parameterCategoryName": "Temperature", "parameterNumber": 0}, "z": [[31.47, 31.47, 31.47, 31.4, 31.41, 31.54, 31.55, 31.56, 31.57, 31.69, 31.72, 31.74, 31.84, 31.85, 31.92, 31.95, 32.1, 32.1, 32.11, 32.12], [31.47, 31.47, 31.47, 31.47, 31.41, 31.43, 31.55, 31.56, 31.58, 31.68, 31.71, 31.75, 31.85, 31.86, 31.93, 32.09, 32.1, 32.11, 32.12, 32.12], [31.47, 31.47, 31.47, 31.47, 31.4, 31.42, 31.46, 31.56, 31.59, 31.66, 31.72, 31.77, 31.86, 31.87, 32.06, 32.09, 32.11, 32.12, 32.13, 32.13], [31.47, 31.47, 31.47, 31.47, 31.46, 31.4, 31.43, 31.48, 31.52, 31.68, 31.74, 31.8, 31.88, 31.96, 32.06, 32.09, 32.12, 32.14, 32.14, 32.14], [31.47, 31.47, 31.47, 31.46, 31.46, 31.37, 31.38, 31.4, 31.41, 31.77, 31.77, 31.97, 31.92, 31.95, 32.06, 32.11, 32.14, 32.16, 32.16, 32.16], [31.48, 31.47, 31.47, 31.46, 31.45, 31.43, 31.32, 31.31, 31.37, 31.4, 32.02, 31.97, 31.95, 31.97, 32.08, 32.13, 32.18, 32.2, 32.19, 32.17], [31.43, 31.48, 31.47, 31.47, 31.45, 31.42, 31.4, 31.29, 31.27, 31.61, 31.5, 31.99, 32.01, 32.0, 32.1, 32.15, 32.22, 32.25, 32.23, 32.2], [31.44, 31.45, 31.45, 31.44, 31.43, 31.39, 31.32, 31.27, 31.22, 31.57, 31.53, 32.1, 32.1, 32.0, 32.23, 32.2, 32.25, 32.26, 32.24, 32.22], [31.36, 31.37, 31.47, 31.48, 31.48, 31.46, 31.39, 31.28, 31.1, 31.63, 32.1, 32.1, 32.1, 32.1, 32.22, 32.2, 32.22, 32.23, 32.23, 32.22], [31.7, 31.7, 31.7, 31.42, 31.46, 31.56, 31.49, 31.39, 31.1, 31.1, 32.1, 32.1, 32.1, 32.1, 32.22, 32.19, 32.2, 32.21, 32.21, 32.21], [31.7, 31.7, 31.7, 31.7, 31.7, 31.7, 31.7, 31.7, 31.49, 31.1, -999.0, 32.1, 32.1, 32.1, 32.22, 32.18, 32.19, 32.2, 32.2, 32.2], [31.7, 31.7, 31.7, 31.7, 31.7, 31.7, 31.7, 31.7, 31.7, -999.0, -999.0, 32.1, 32.1, 32.1, 32.22, 32.17, 32.18, 31.73, 31.75, 31.75], [31.7, 31.7, 31.7, 31.7, 31.7, 31.7, 31.7, 31.7, 31.7, 31.7, -999.0, 32.1, 32.1, 31.58, 31.81, 31.94, 31.94, 31.82, 31.84, 31.85], [31.7, 31.7, 31.7, 31.7, 31.7, 31.7, 31.7, 31.7, 31.7, 31.7, -999.0, 31.3, 31.3, 31.3, 31.74, 31.85, 31.87, 31.74, 31.77, 31.79], [31.7, 31.7, 31.7, 31.7, 31.7, 31.7, 31.7, 32.3, 32.3, 32.3, 32.3, 31.92, 31.3, 31.3, 31.3, 31.76, 31.79, 31.67, 31.71, 31.74], [31.7, 31.7, 32.08, 32.08, 32.1, 32.3, 32.3, 32.3, 32.3, 32.3, 31.67, 31.74, 31.65, 31.56, 31.66, 31.37, 31.38, 31.36, 31.61, 31.64], [32.09, 32.09, 31.91, 31.92, 32.3, 32.3, 32.3, 32.3, 32.3, 32.3, 31.87, 31.75, 31.62, 31.5, 31.44, 31.46, 31.51, 31.56, 31.59, 31.62], [31.91, 31.92, 31.93, 31.95, 32.3, 32.3, 32.3, 32.3, 32.3, 32.05, 31.91, 31.76, 31.61, 31.45, 31.32, 31.44, 31.52, 31.57, 31.61, 31.63], [31.93, 31.94, 31.95, 32.3, 32.3, 32.3, 32.3, 32.3, 32.21, 32.11, 31.99, 31.87, 31.61, 31.5, 31.43, 31.48, 31.55, 31.6, 31.63, 31.65], [31.93, 31.94, 32.24, 32.25, 32.25, 32.25, 32.26, 32.28, 32.19, 32.11, 32.01, 31.9, 31.64, 31.56, 31.53, 31.56, 31.6, 31.63, 31.66, 31.67], [32.24, 32.24, 32.24, 32.26, 32.26, 32.26, 32.27, 32.27, 32.12, 32.08, 32.01, 31.93, 31.67, 31.59, 31.6, 31.63, 31.65, 31.68, 31.69, 31.7], [32.25, 32.25, 32.25, 32.26, 32.26, 32.26, 32.26, 32.2, 32.09, 32.06, 32.02, 31.97, 31.66, 31.64, 31.66, 31.68, 31.69, 31.71, 31.73, 31.73], [32.25, 32.25, 32.25, 32.16, 32.17, 32.17, 32.17, 32.18, 32.18, 32.17, 32.17, 32.05, 31.97, 31.68, 31.69, 31.71, 31.71, 31.74, 31.77, 31.76], [32.15, 32.15, 32.15, 32.15, 32.16, 32.16, 32.16, 32.16, 32.17, 32.17, 32.16, 31.95, 31.98, 31.93, 31.89, 31.74, 31.64, 31.83, 31.82, 31.79], [32.14, 32.14, 32.14, 32.14, 32.15, 32.15, 32.15, 32.15, 32.17, 32.18, 32.15, 31.97, 31.9, 31.94, 31.91, 31.88, 31.87, 31.97, 31.85, 31.8], [32.14, 32.14, 32.14, 32.14, 32.13, 32.13, 32.13, 32.14, 32.15, 32.17, 32.04, 31.97, 31.91, 31.96, 31.93, 31.87, 31.9, 31.92, 31.84, 31.81], [32.13, 32.13, 32.13, 32.13, 32.12, 32.12, 32.12, 32.12, 32.12, 32.11, 31.99, 31.95, 31.91, 31.87, 31.87, 31.88, 31.89, 31.9, 31.89, 31.89], [32.13, 32.13, 32.12, 32.12, 32.11, 32.11, 32.1, 32.09, 32.07, 31.96, 31.94, 32.03, 32.06, 32.08, 31.87, 31.88, 31.88, 31.89, 31.89, 31.88], [32.12, 32.12, 32.12, 32.11, 32.11, 32.1, 32.09, 32.07, 32.04, 31.93, 31.94, 32.0, 32.04, 32.06, 31.88, 31.88, 31.88, 31.88, 31.88, 31.88], [32.12, 32.12, 32.11, 32.11, 32.1, 32.09, 32.08, 32.06, 32.02, 31.98, 31.96, 31.99, 32.03, 32.05, 31.88, 31.88, 31.88, 31.88, 31.88, 31.88], [32.12, 32.11, 32.11, 32.1, 32.09, 32.09, 32.07, 32.06, 32.02, 32.0, 32.0, 32.01, 32.03, 32.05, 31.88, 31.88, 31.88, 31.88, 31.88, 31.88], [32.11, 32.11, 32.1, 32.1, 32.09, 32.08, 32.07, 32.04, 32.03, 32.02, 32.02, 32.03, 32.04, 32.05, 31.88, 31.88, 31.88, 31.88, 31.88, 31.88]]}