gis_exercise/awsData/contour/temp_2023090208.json
{"header": {"refTime": "2023-09-02T08:00:00.000Z", "nx": 21, "ny": 33, "lo1": 113.509, "la1": 22.2235, "lo2": 113.5947, "la2": 22.1034, "dx": 0.0042850000000001385, "dy": 0.003753125000000024, "parameterCategory": 0, "parameterCategoryName": "Temperature", "parameterNumber": 0}, "z": [[25.69, 25.68, 25.68, 25.44, 25.45, 25.67, 25.67, 25.66, 25.67, 25.6, 25.62, 25.63, 25.83, 25.84, 25.85, 25.86, 25.94, 25.94, 25.93, 25.93], [25.69, 25.69, 25.68, 25.67, 25.45, 25.46, 25.66, 25.65, 25.65, 25.6, 25.62, 25.64, 25.84, 25.86, 25.86, 25.94, 25.94, 25.93, 25.93, 25.93], [25.7, 25.69, 25.68, 25.68, 25.45, 25.46, 25.48, 25.64, 25.61, 25.6, 25.63, 25.67, 25.87, 25.88, 25.95, 25.94, 25.94, 25.93, 25.93, 25.93], [25.7, 25.7, 25.69, 25.68, 25.67, 25.45, 25.47, 25.49, 25.52, 25.6, 25.63, 25.7, 25.9, 25.8, 25.95, 25.94, 25.93, 25.93, 25.93, 25.93], [25.71, 25.7, 25.7, 25.69, 25.68, 25.44, 25.45, 25.45, 25.45, 25.57, 25.62, 25.8, 25.92, 25.83, 25.95, 25.94, 25.93, 25.93, 25.92, 25.92], [25.72, 25.71, 25.71, 25.7, 25.69, 25.67, 25.43, 25.43, 25.41, 25.37, 25.63, 25.75, 25.85, 25.97, 25.94, 25.93, 25.92, 25.92, 25.92, 25.92], [25.78, 25.73, 25.72, 25.72, 25.71, 25.69, 25.52, 25.42, 25.4, 25.39, 25.38, 25.66, 25.94, 25.95, 25.93, 25.93, 25.91, 25.91, 25.92, 25.92], [25.79, 25.79, 25.79, 25.79, 25.78, 25.6, 25.55, 25.5, 25.48, 25.36, 25.23, 25.65, 25.66, 25.95, 25.9, 25.9, 25.9, 25.9, 25.9, 25.9], [25.71, 25.72, 25.81, 25.82, 25.82, 25.8, 25.74, 25.53, 25.37, 25.42, 25.41, 25.53, 25.58, 25.51, 25.9, 25.9, 25.9, 25.9, 25.9, 25.9], [26.0, 26.0, 26.0, 25.77, 25.8, 25.89, 25.83, 25.74, 25.27, 25.29, 25.59, 25.45, 25.5, 25.47, 25.9, 25.9, 25.9, 25.9, 25.9, 25.9], [26.0, 26.0, 26.0, 26.0, 26.0, 26.0, 26.0, 26.0, 25.82, 25.36, 25.1, 25.4, 25.44, 25.44, 25.9, 25.9, 25.9, 25.9, 25.9, 25.9], [26.0, 26.0, 26.0, 26.0, 26.0, 26.0, 26.0, 26.0, 26.0, -999.0, 25.1, 25.9, 25.9, 25.42, 25.9, 25.9, 25.9, 25.27, 25.29, 25.29], [26.0, 26.0, 26.0, 26.0, 26.0, 26.0, 26.0, 26.0, 26.0, 26.0, -999.0, 25.9, 25.9, 25.18, 25.5, 25.5, 25.51, 25.37, 25.39, 25.4], [26.0, 26.0, 26.0, 26.0, 26.0, 26.0, 26.0, 26.0, 26.0, 26.0, -999.0, 24.8, 24.8, 24.8, 25.4, 25.41, 25.43, 25.29, 25.32, 25.34], [26.0, 26.0, 26.0, 26.0, 26.0, 26.0, 26.0, 26.1, 26.1, 26.1, 26.1, 25.6, 24.8, 24.8, 24.8, 25.3, 25.34, 25.21, 25.25, 25.28], [26.0, 26.0, 26.06, 26.06, 26.07, 26.1, 26.1, 26.1, 26.1, 26.1, 25.28, 25.37, 25.25, 25.14, 25.26, 25.2, 25.26, 25.16, 25.39, 25.43], [26.06, 26.06, 26.04, 26.04, 26.1, 26.1, 26.1, 26.1, 26.1, 26.1, 25.54, 25.38, 25.21, 25.05, 25.08, 25.06, 25.15, 25.22, 25.27, 25.3], [26.04, 26.04, 26.04, 26.04, 26.1, 26.1, 26.1, 26.1, 26.1, 25.77, 25.6, 25.4, 25.2, 25.09, 24.84, 25.03, 25.16, 25.24, 25.29, 25.32], [26.04, 26.04, 26.04, 26.1, 26.1, 26.1, 26.1, 26.1, 25.98, 25.85, 25.69, 25.52, 25.36, 25.18, 25.01, 25.1, 25.21, 25.28, 25.33, 25.35], [26.04, 26.04, 25.99, 25.99, 26.0, 26.01, 26.03, 26.07, 25.96, 25.84, 25.7, 25.57, 25.43, 25.33, 25.18, 25.23, 25.3, 25.35, 25.38, 25.39], [25.98, 25.98, 25.98, 26.02, 26.02, 26.03, 26.03, 26.04, 25.85, 25.79, 25.71, 25.61, 25.51, 25.28, 25.31, 25.36, 25.4, 25.43, 25.44, 25.43], [26.01, 26.01, 26.01, 26.01, 26.01, 26.01, 26.02, 25.98, 25.8, 25.77, 25.71, 25.64, 25.51, 25.37, 25.41, 25.46, 25.51, 25.51, 25.49, 25.47], [26.0, 26.0, 26.0, 25.95, 25.95, 25.95, 25.95, 25.95, 25.95, 25.94, 25.94, 25.96, 25.75, 25.43, 25.48, 25.55, 25.62, 25.59, 25.54, 25.5], [25.94, 25.94, 25.94, 25.94, 25.94, 25.94, 25.94, 25.93, 25.93, 25.92, 25.92, 25.88, 25.76, 25.73, 25.72, 25.59, 25.76, 25.6, 25.54, 25.51], [25.94, 25.94, 25.94, 25.93, 25.93, 25.93, 25.92, 25.92, 25.91, 25.9, 25.91, 25.87, 25.87, 25.73, 25.71, 25.69, 25.56, 25.51, 25.53, 25.51], [25.93, 25.93, 25.93, 25.93, 25.92, 25.92, 25.91, 25.91, 25.9, 25.9, 25.87, 25.87, 25.87, 25.73, 25.7, 25.66, 25.63, 25.62, 25.52, 25.51], [25.93, 25.93, 25.92, 25.92, 25.92, 25.91, 25.91, 25.9, 25.89, 25.89, 25.86, 25.86, 25.86, 25.7, 25.69, 25.67, 25.65, 25.64, 25.65, 25.65], [25.93, 25.92, 25.92, 25.92, 25.91, 25.91, 25.9, 25.89, 25.88, 25.84, 25.84, 25.77, 25.74, 25.71, 25.69, 25.68, 25.67, 25.66, 25.66, 25.66], [25.92, 25.92, 25.92, 25.91, 25.91, 25.9, 25.89, 25.88, 25.87, 25.83, 25.79, 25.77, 25.75, 25.72, 25.7, 25.69, 25.68, 25.67, 25.67, 25.67], [25.92, 25.92, 25.91, 25.91, 25.9, 25.9, 25.89, 25.88, 25.78, 25.78, 25.79, 25.77, 25.75, 25.73, 25.71, 25.69, 25.69, 25.68, 25.68, 25.67], [25.92, 25.91, 25.91, 25.91, 25.9, 25.89, 25.89, 25.88, 25.77, 25.77, 25.77, 25.76, 25.75, 25.73, 25.71, 25.7, 25.69, 25.69, 25.68, 25.68], [25.92, 25.91, 25.91, 25.91, 25.9, 25.89, 25.89, 25.76, 25.76, 25.76, 25.76, 25.75, 25.74, 25.73, 25.71, 25.7, 25.7, 25.69, 25.69, 25.68]]}