gis_exercise/awsData/contour/temp_2023090204.json
{"header": {"refTime": "2023-09-02T04:00:00.000Z", "nx": 21, "ny": 33, "lo1": 113.509, "la1": 22.2235, "lo2": 113.5947, "la2": 22.1034, "dx": 0.0042850000000001385, "dy": 0.003753125000000024, "parameterCategory": 0, "parameterCategoryName": "Temperature", "parameterNumber": 0}, "z": [[25.04, 25.04, 25.05, 24.92, 24.94, 25.07, 25.08, 25.1, 25.11, 25.1, 25.09, 25.09, 25.18, 25.17, 25.11, 25.1, 25.07, 25.06, 25.05, 25.05], [25.04, 25.04, 25.04, 25.05, 24.93, 24.96, 25.09, 25.11, 25.13, 25.12, 25.1, 25.09, 25.18, 25.17, 25.11, 25.07, 25.06, 25.05, 25.05, 25.05], [25.04, 25.04, 25.04, 25.04, 24.93, 24.95, 24.99, 25.12, 25.18, 25.13, 25.1, 25.09, 25.18, 25.18, 25.09, 25.07, 25.06, 25.05, 25.04, 25.04], [25.04, 25.04, 25.04, 25.04, 25.04, 24.93, 24.96, 25.01, 25.06, 25.1, 25.08, 25.09, 25.18, 25.08, 25.09, 25.07, 25.05, 25.03, 25.03, 25.03], [25.04, 25.04, 25.03, 25.03, 25.03, 24.9, 24.91, 24.93, 24.94, 25.05, 25.06, 25.08, 25.15, 25.09, 25.09, 25.06, 25.03, 25.02, 25.01, 25.02], [25.04, 25.04, 25.03, 25.03, 25.02, 25.0, 24.86, 24.85, 24.85, 24.84, 24.98, 25.05, 25.11, 25.17, 25.08, 25.04, 25.0, 24.99, 24.99, 25.01], [24.98, 25.04, 25.03, 25.03, 25.01, 24.99, 24.83, 24.79, 24.78, 24.78, 24.8, 24.99, 25.14, 25.15, 25.07, 25.02, 24.96, 24.94, 24.96, 24.97], [24.99, 24.99, 24.99, 24.99, 24.98, 24.89, 24.84, 24.77, 24.72, 24.77, 24.75, 24.98, 24.98, 25.15, 24.97, 25.0, 24.95, 24.94, 24.96, 24.98], [24.91, 24.92, 25.01, 25.02, 25.02, 25.0, 24.94, 24.82, 24.7, 24.79, 24.85, 24.91, 24.94, 24.9, 24.98, 25.0, 24.98, 24.97, 24.97, 24.98], [25.2, 25.2, 25.2, 24.97, 25.0, 25.09, 25.03, 24.94, 24.7, 24.7, 24.94, 24.88, 24.9, 24.89, 24.98, 25.01, 25.0, 24.99, 24.99, 24.99], [25.2, 25.2, 25.2, 25.2, 25.2, 25.2, 25.2, 25.2, 25.02, 24.7, 24.7, 24.85, 24.87, 24.87, 24.98, 25.02, 25.01, 25.0, 25.0, 25.0], [25.2, 25.2, 25.2, 25.2, 25.2, 25.2, 25.2, 25.2, 25.2, -999.0, 24.7, 25.1, 25.1, 24.86, 24.98, 25.03, 25.02, 24.62, 24.62, 24.62], [25.2, 25.2, 25.2, 25.2, 25.2, 25.2, 25.2, 25.2, 25.2, 25.2, -999.0, 25.1, 25.1, 24.64, 24.84, 24.72, 24.72, 24.66, 24.67, 24.67], [25.2, 25.2, 25.2, 25.2, 25.2, 25.2, 25.2, 25.2, 25.2, 25.2, -999.0, 24.4, 24.4, 24.4, 24.78, 24.68, 24.68, 24.62, 24.63, 24.65], [25.2, 25.2, 25.2, 25.2, 25.2, 25.2, 25.2, 25.2, 25.2, 25.2, 25.2, 24.89, 24.4, 24.4, 24.4, 24.63, 24.64, 24.59, 24.6, 24.62], [25.2, 25.2, 25.2, 25.2, 25.2, 25.2, 25.2, 25.2, 25.2, 25.2, 24.7, 24.75, 24.68, 24.61, 24.69, 24.51, 24.53, 24.5, 24.61, 24.63], [25.2, 25.2, 25.2, 25.2, 25.2, 25.2, 25.2, 25.2, 25.2, 25.2, 24.86, 24.76, 24.65, 24.56, 24.53, 24.5, 24.54, 24.57, 24.59, 24.6], [25.2, 25.2, 25.2, 25.2, 25.2, 25.2, 25.2, 25.2, 25.2, 25.0, 24.89, 24.77, 24.64, 24.54, 24.42, 24.49, 24.54, 24.58, 24.6, 24.61], [25.2, 25.2, 25.2, 25.2, 25.2, 25.2, 25.2, 25.2, 25.13, 25.04, 24.95, 24.85, 24.67, 24.58, 24.48, 24.52, 24.56, 24.59, 24.61, 24.63], [25.2, 25.2, 25.14, 25.15, 25.15, 25.15, 25.16, 25.18, 25.11, 25.05, 24.96, 24.88, 24.71, 24.64, 24.55, 24.57, 24.6, 24.62, 24.63, 24.64], [25.14, 25.14, 25.14, 25.16, 25.16, 25.16, 25.17, 25.17, 25.05, 25.02, 24.96, 24.9, 24.73, 24.59, 24.6, 24.62, 24.64, 24.65, 24.66, 24.66], [25.15, 25.15, 25.15, 25.16, 25.16, 25.16, 25.16, 25.17, 25.02, 25.0, 24.97, 24.93, 24.72, 24.63, 24.64, 24.66, 24.67, 24.68, 24.68, 24.68], [25.15, 25.15, 25.15, 25.16, 25.16, 25.16, 25.16, 25.16, 25.15, 25.15, 25.15, 25.02, 24.88, 24.65, 24.67, 24.69, 24.7, 24.71, 24.7, 24.69], [25.16, 25.16, 25.16, 25.16, 25.16, 25.16, 25.15, 25.15, 25.14, 25.14, 25.14, 25.03, 24.89, 24.85, 24.81, 24.7, 24.71, 24.73, 24.72, 24.7], [25.16, 25.16, 25.16, 25.16, 25.16, 25.16, 25.15, 25.14, 25.13, 25.12, 25.13, 25.04, 25.01, 24.85, 24.82, 24.79, 24.74, 24.75, 24.72, 24.71], [25.16, 25.16, 25.16, 25.16, 25.16, 25.16, 25.15, 25.14, 25.13, 25.12, 25.08, 25.06, 25.02, 24.86, 24.83, 24.82, 24.8, 24.8, 24.72, 24.71], [25.16, 25.16, 25.16, 25.16, 25.16, 25.16, 25.15, 25.15, 25.15, 25.14, 25.09, 25.07, 25.04, 24.91, 24.87, 24.85, 24.83, 24.82, 24.82, 24.83], [25.16, 25.16, 25.16, 25.16, 25.16, 25.16, 25.16, 25.16, 25.16, 25.11, 25.12, 25.11, 25.08, 25.05, 24.9, 24.87, 24.85, 24.84, 24.84, 24.84], [25.16, 25.16, 25.16, 25.16, 25.16, 25.16, 25.16, 25.16, 25.17, 25.14, 25.18, 25.13, 25.1, 25.07, 24.92, 24.89, 24.87, 24.86, 24.85, 24.85], [25.16, 25.16, 25.16, 25.16, 25.16, 25.16, 25.16, 25.17, 25.13, 25.15, 25.16, 25.13, 25.1, 25.07, 24.94, 24.91, 24.89, 24.87, 24.87, 24.86], [25.16, 25.16, 25.16, 25.16, 25.16, 25.16, 25.17, 25.17, 25.12, 25.13, 25.13, 25.12, 25.1, 25.07, 24.94, 24.92, 24.9, 24.89, 24.88, 24.87], [25.16, 25.16, 25.16, 25.16, 25.17, 25.17, 25.17, 25.1, 25.11, 25.11, 25.11, 25.1, 25.09, 25.07, 24.95, 24.93, 24.91, 24.9, 24.89, 24.88]]}