gis_exercise/awsData/contour/temp_2023090104.json
{"header": {"refTime": "2023-09-01T04:00:00.000Z", "nx": 21, "ny": 33, "lo1": 113.509, "la1": 22.2235, "lo2": 113.5947, "la2": 22.1034, "dx": 0.0042850000000001385, "dy": 0.003753125000000024, "parameterCategory": 0, "parameterCategoryName": "Temperature", "parameterNumber": 0}, "z": [[27.67, 27.66, 27.65, 27.46, 27.46, 27.64, 27.62, 27.61, 27.61, 27.6, 27.64, 27.69, 27.84, 27.86, 27.82, 27.81, 27.94, 27.93, 27.92, 27.92], [27.68, 27.67, 27.66, 27.64, 27.46, 27.45, 27.6, 27.57, 27.55, 27.57, 27.64, 27.71, 27.86, 27.89, 27.84, 27.96, 27.94, 27.92, 27.91, 27.91], [27.69, 27.68, 27.67, 27.65, 27.46, 27.46, 27.45, 27.54, 27.44, 27.55, 27.66, 27.75, 27.91, 27.93, 27.98, 27.95, 27.93, 27.91, 27.9, 27.9], [27.7, 27.69, 27.68, 27.66, 27.64, 27.46, 27.45, 27.44, 27.43, 27.58, 27.7, 27.82, 27.99, 27.97, 27.99, 27.95, 27.91, 27.89, 27.89, 27.88], [27.71, 27.7, 27.7, 27.68, 27.67, 27.47, 27.47, 27.46, 27.46, 27.63, 27.73, 27.99, 28.11, 28.0, 27.98, 27.93, 27.89, 27.87, 27.86, 27.87], [27.72, 27.72, 27.72, 27.71, 27.69, 27.67, 27.48, 27.49, 27.48, 27.47, 27.81, 27.92, 28.02, 28.1, 27.96, 27.9, 27.85, 27.82, 27.83, 27.85], [27.88, 27.74, 27.74, 27.74, 27.73, 27.71, 27.67, 27.52, 27.51, 27.57, 27.57, 27.81, 28.03, 28.05, 27.94, 27.87, 27.79, 27.76, 27.79, 27.82], [27.89, 27.89, 27.89, 27.89, 27.88, 27.74, 27.7, 27.64, 27.59, 27.55, 27.47, 27.75, 27.75, 28.05, 27.77, 27.8, 27.75, 27.74, 27.76, 27.78], [27.81, 27.82, 27.91, 27.92, 27.92, 27.9, 27.84, 27.68, 27.54, 27.58, 27.59, 27.67, 27.7, 27.65, 27.78, 27.8, 27.78, 27.77, 27.77, 27.78], [28.1, 28.1, 28.1, 27.87, 27.9, 27.99, 27.93, 27.84, 27.49, 27.5, 27.7, 27.62, 27.65, 27.63, 27.78, 27.81, 27.8, 27.79, 27.79, 27.79], [28.1, 28.1, 28.1, 28.1, 28.1, 28.1, 28.1, 28.1, 27.92, 27.53, 27.4, 27.59, 27.61, 27.61, 27.78, 27.82, 27.81, 27.8, 27.8, 27.8], [28.1, 28.1, 28.1, 28.1, 28.1, 28.1, 28.1, 28.1, 28.1, -999.0, 27.4, 27.9, 27.9, 27.6, 27.78, 27.83, 27.82, 26.96, 26.98, 26.98], [28.1, 28.1, 28.1, 28.1, 28.1, 28.1, 28.1, 28.1, 28.1, 28.1, -999.0, 27.9, 27.9, 26.92, 27.35, 27.23, 27.24, 27.08, 27.1, 27.11], [28.1, 28.1, 28.1, 28.1, 28.1, 28.1, 28.1, 28.1, 28.1, 28.1, -999.0, 26.4, 26.4, 26.4, 27.22, 27.12, 27.14, 26.98, 27.01, 27.04], [28.1, 28.1, 28.1, 28.1, 28.1, 28.1, 28.1, 27.9, 27.9, 27.9, 27.9, 27.32, 26.4, 26.4, 26.4, 27.0, 27.03, 26.88, 26.93, 26.97], [28.1, 28.1, 27.97, 27.97, 27.97, 27.9, 27.9, 27.9, 27.9, 27.9, 26.96, 27.06, 26.92, 26.8, 26.93, 26.95, 27.03, 26.89, 27.15, 27.2], [27.97, 27.97, 28.03, 28.03, 27.9, 27.9, 27.9, 27.9, 27.9, 27.9, 27.25, 27.07, 26.87, 26.69, 26.75, 26.72, 26.83, 26.92, 26.98, 27.02], [28.03, 28.03, 28.02, 28.02, 27.9, 27.9, 27.9, 27.9, 27.9, 27.52, 27.32, 27.09, 26.86, 26.76, 26.45, 26.68, 26.84, 26.94, 27.01, 27.05], [28.02, 28.02, 28.02, 27.9, 27.9, 27.9, 27.9, 27.9, 27.77, 27.61, 27.47, 27.28, 27.08, 26.88, 26.66, 26.78, 26.91, 27.0, 27.06, 27.09], [28.02, 28.02, 27.9, 27.9, 27.9, 27.9, 27.9, 27.9, 27.76, 27.64, 27.49, 27.34, 27.18, 27.07, 26.87, 26.94, 27.03, 27.09, 27.12, 27.14], [27.9, 27.9, 27.9, 27.9, 27.9, 27.9, 27.9, 27.9, 27.67, 27.61, 27.51, 27.39, 27.28, 27.0, 27.04, 27.1, 27.16, 27.19, 27.19, 27.19], [27.9, 27.9, 27.9, 27.9, 27.9, 27.9, 27.9, 27.95, 27.64, 27.6, 27.54, 27.45, 27.37, 27.11, 27.16, 27.24, 27.29, 27.29, 27.26, 27.23], [27.9, 27.9, 27.9, 27.98, 27.97, 27.97, 27.96, 27.96, 27.96, 27.96, 27.96, 27.9, 27.63, 27.18, 27.25, 27.35, 27.45, 27.39, 27.31, 27.26], [27.99, 27.99, 27.98, 27.98, 27.98, 27.97, 27.97, 27.96, 27.95, 27.95, 27.96, 27.97, 27.64, 27.6, 27.57, 27.4, 27.66, 27.38, 27.31, 27.27], [27.99, 27.99, 27.99, 27.99, 27.98, 27.98, 27.98, 27.97, 27.95, 27.93, 27.96, 27.98, 27.99, 27.6, 27.55, 27.51, 27.32, 27.22, 27.28, 27.27], [27.99, 27.99, 27.99, 27.99, 27.99, 27.99, 27.99, 27.98, 27.96, 27.94, 27.98, 28.0, 28.0, 27.59, 27.55, 27.55, 27.47, 27.43, 27.27, 27.26], [28.0, 28.0, 28.0, 28.0, 28.0, 28.0, 28.0, 28.0, 28.0, 28.0, 28.02, 28.03, 28.02, 27.72, 27.65, 27.58, 27.53, 27.51, 27.51, 27.53], [28.0, 28.0, 28.0, 28.01, 28.01, 28.01, 28.02, 28.03, 28.04, 28.07, 28.08, 27.93, 27.85, 27.76, 27.69, 27.63, 27.58, 27.56, 27.55, 27.56], [28.01, 28.01, 28.01, 28.01, 28.02, 28.02, 28.03, 28.05, 28.07, 28.12, 28.13, 28.0, 27.89, 27.8, 27.72, 27.67, 27.63, 27.6, 27.59, 27.59], [28.01, 28.01, 28.01, 28.02, 28.02, 28.03, 28.04, 28.06, 27.98, 28.04, 28.09, 28.0, 27.9, 27.82, 27.75, 27.7, 27.66, 27.63, 27.62, 27.61], [28.01, 28.01, 28.02, 28.02, 28.03, 28.03, 28.05, 28.06, 27.95, 27.99, 27.99, 27.95, 27.89, 27.82, 27.76, 27.72, 27.68, 27.66, 27.64, 27.63], [28.01, 28.02, 28.02, 28.02, 28.03, 28.04, 28.05, 27.91, 27.93, 27.94, 27.94, 27.91, 27.87, 27.82, 27.77, 27.73, 27.7, 27.68, 27.66, 27.65]]}