gis_exercise/awsData/contour/temp_2023091407.json
{"header": {"refTime": "2023-09-14T07:00:00.000Z", "nx": 21, "ny": 33, "lo1": 113.509, "la1": 22.2235, "lo2": 113.5947, "la2": 22.1034, "dx": 0.0042850000000001385, "dy": 0.003753125000000024, "parameterCategory": 0, "parameterCategoryName": "Temperature", "parameterNumber": 0}, "z": [[26.82, 26.82, 26.81, 26.63, 26.63, 26.89, 26.88, 26.87, 26.87, 26.8, 26.83, 26.86, 27.05, 27.07, 27.05, 27.04, 27.11, 27.1, 27.1, 27.09], [26.82, 26.82, 26.81, 26.81, 26.63, 26.64, 26.86, 26.84, 26.82, 26.79, 26.83, 26.88, 27.07, 27.09, 27.07, 27.13, 27.11, 27.1, 27.09, 27.08], [26.83, 26.82, 26.82, 26.81, 26.63, 26.64, 26.65, 26.81, 26.73, 26.77, 26.84, 26.92, 27.12, 27.13, 27.16, 27.13, 27.1, 27.09, 27.08, 27.07], [26.83, 26.83, 26.82, 26.82, 26.81, 26.64, 26.64, 26.65, 26.66, 26.78, 26.87, 26.98, 27.19, 27.09, 27.16, 27.12, 27.09, 27.07, 27.06, 27.06], [26.84, 26.84, 26.83, 26.83, 26.82, 26.63, 26.64, 26.64, 26.63, 26.78, 26.87, 27.11, 27.28, 27.13, 27.16, 27.1, 27.07, 27.05, 27.04, 27.05], [26.84, 26.84, 26.84, 26.84, 26.83, 26.82, 26.64, 26.64, 26.62, 26.58, 26.87, 27.02, 27.16, 27.27, 27.14, 27.08, 27.03, 27.01, 27.02, 27.03], [26.91, 26.85, 26.85, 26.85, 26.85, 26.84, 26.72, 26.66, 26.65, 26.61, 26.58, 26.88, 27.17, 27.2, 27.1, 27.05, 26.98, 26.95, 26.99, 27.02], [26.91, 26.92, 26.92, 26.91, 26.91, 26.76, 26.74, 26.74, 26.76, 26.58, 26.42, 26.78, 26.79, 27.2, 26.94, 26.95, 26.93, 26.92, 26.93, 26.94], [26.89, 26.89, 26.92, 26.93, 26.93, 26.92, 26.9, 26.74, 26.64, 26.63, 26.57, 26.67, 26.72, 26.66, 26.94, 26.95, 26.94, 26.93, 26.94, 26.94], [27.0, 27.0, 27.0, 26.91, 26.92, 26.95, 26.93, 26.9, 26.52, 26.54, 26.73, 26.61, 26.65, 26.63, 26.94, 26.96, 26.95, 26.94, 26.94, 26.95], [27.0, 27.0, 27.0, 27.0, 27.0, 27.0, 27.0, 27.0, 26.93, 26.63, 26.3, 26.57, 26.6, 26.6, 26.94, 26.96, 26.95, 26.95, 26.95, 26.95], [27.0, 27.0, 27.0, 27.0, 27.0, 27.0, 27.0, 27.0, 27.0, -999.0, 26.3, 27.0, 27.0, 26.58, 26.94, 26.96, 26.96, 26.5, 26.51, 26.51], [27.0, 27.0, 27.0, 27.0, 27.0, 27.0, 27.0, 27.0, 27.0, 27.0, -999.0, 27.0, 27.0, 26.48, 26.71, 26.65, 26.65, 26.56, 26.58, 26.58], [27.0, 27.0, 27.0, 27.0, 27.0, 27.0, 27.0, 27.0, 27.0, 27.0, -999.0, 26.2, 26.2, 26.2, 26.64, 26.59, 26.6, 26.51, 26.53, 26.54], [27.0, 27.0, 27.0, 27.0, 27.0, 27.0, 27.0, 26.8, 26.8, 26.8, 26.8, 26.57, 26.2, 26.2, 26.2, 26.52, 26.54, 26.46, 26.49, 26.51], [27.0, 27.0, 26.87, 26.87, 26.87, 26.8, 26.8, 26.8, 26.8, 26.8, 26.42, 26.47, 26.41, 26.36, 26.41, 26.42, 26.45, 26.39, 26.55, 26.57], [26.87, 26.87, 26.93, 26.93, 26.8, 26.8, 26.8, 26.8, 26.8, 26.8, 26.54, 26.47, 26.39, 26.32, 26.34, 26.35, 26.4, 26.44, 26.47, 26.49], [26.93, 26.93, 26.92, 26.92, 26.8, 26.8, 26.8, 26.8, 26.8, 26.65, 26.57, 26.48, 26.38, 26.34, 26.22, 26.33, 26.41, 26.46, 26.49, 26.51], [26.92, 26.92, 26.92, 26.8, 26.8, 26.8, 26.8, 26.8, 26.75, 26.68, 26.7, 26.63, 26.47, 26.39, 26.32, 26.38, 26.44, 26.48, 26.51, 26.53], [26.92, 26.92, 27.03, 27.02, 27.0, 26.98, 26.95, 26.87, 26.79, 26.77, 26.73, 26.67, 26.51, 26.47, 26.42, 26.45, 26.49, 26.52, 26.54, 26.55], [27.04, 27.04, 27.03, 26.97, 26.96, 26.95, 26.93, 26.91, 26.8, 26.79, 26.76, 26.71, 26.55, 26.48, 26.5, 26.52, 26.55, 26.57, 26.57, 26.57], [26.99, 26.98, 26.98, 26.98, 26.98, 26.97, 26.97, 27.03, 26.84, 26.83, 26.81, 26.76, 26.72, 26.53, 26.56, 26.59, 26.61, 26.61, 26.61, 26.6], [26.99, 26.99, 26.99, 27.07, 27.07, 27.07, 27.07, 27.08, 27.09, 27.09, 27.1, 26.98, 26.89, 26.57, 26.6, 26.63, 26.67, 26.66, 26.63, 26.61], [27.09, 27.09, 27.09, 27.09, 27.09, 27.09, 27.1, 27.11, 27.13, 27.14, 27.14, 27.13, 26.9, 26.85, 26.8, 26.66, 26.74, 26.67, 26.64, 26.62], [27.1, 27.1, 27.1, 27.1, 27.11, 27.11, 27.13, 27.14, 27.16, 27.18, 27.16, 27.14, 27.11, 26.85, 26.8, 26.76, 26.66, 26.64, 26.64, 26.62], [27.1, 27.11, 27.11, 27.11, 27.12, 27.13, 27.14, 27.16, 27.18, 27.19, 27.18, 27.16, 27.12, 26.86, 26.81, 26.79, 26.75, 26.74, 26.63, 26.62], [27.11, 27.11, 27.12, 27.12, 27.13, 27.14, 27.15, 27.17, 27.18, 27.19, 27.19, 27.17, 27.14, 26.91, 26.86, 26.82, 26.79, 26.78, 26.78, 26.79], [27.12, 27.12, 27.13, 27.13, 27.14, 27.15, 27.16, 27.18, 27.2, 27.21, 27.22, 27.17, 27.12, 27.07, 26.89, 26.85, 26.82, 26.81, 26.8, 26.81], [27.12, 27.13, 27.13, 27.14, 27.15, 27.16, 27.17, 27.19, 27.21, 27.24, 27.26, 27.2, 27.14, 27.09, 26.92, 26.88, 26.85, 26.84, 26.83, 26.82], [27.13, 27.13, 27.14, 27.14, 27.15, 27.16, 27.18, 27.19, 27.19, 27.22, 27.24, 27.2, 27.14, 27.1, 26.94, 26.91, 26.88, 26.86, 26.85, 26.84], [27.13, 27.13, 27.14, 27.15, 27.16, 27.17, 27.18, 27.19, 27.18, 27.19, 27.2, 27.17, 27.14, 27.1, 26.96, 26.92, 26.9, 26.88, 26.86, 26.86], [27.13, 27.14, 27.14, 27.15, 27.16, 27.17, 27.18, 27.15, 27.16, 27.17, 27.16, 27.15, 27.13, 27.1, 26.96, 26.93, 26.91, 26.89, 26.88, 26.87]]}