gis_exercise/awsData/contour/temp_2023091218.json
{"header": {"refTime": "2023-09-12T18:00:00.000Z", "nx": 21, "ny": 33, "lo1": 113.509, "la1": 22.2235, "lo2": 113.5947, "la2": 22.1034, "dx": 0.0042850000000001385, "dy": 0.003753125000000024, "parameterCategory": 0, "parameterCategoryName": "Temperature", "parameterNumber": 0}, "z": [[27.61, 27.61, 27.62, 27.44, 27.46, 27.69, 27.71, 27.72, 27.73, 27.72, 27.71, 27.71, 27.93, 27.93, 27.71, 27.69, 27.72, 27.7, 27.68, 27.67], [27.61, 27.61, 27.61, 27.62, 27.46, 27.49, 27.71, 27.73, 27.75, 27.73, 27.72, 27.72, 27.93, 27.94, 27.72, 27.74, 27.71, 27.68, 27.67, 27.66], [27.61, 27.61, 27.61, 27.61, 27.45, 27.48, 27.53, 27.74, 27.79, 27.74, 27.72, 27.73, 27.94, 27.95, 27.77, 27.73, 27.69, 27.66, 27.64, 27.63], [27.61, 27.61, 27.61, 27.6, 27.61, 27.45, 27.49, 27.56, 27.62, 27.71, 27.71, 27.76, 27.96, 27.82, 27.78, 27.71, 27.66, 27.62, 27.61, 27.61], [27.61, 27.6, 27.6, 27.6, 27.59, 27.41, 27.43, 27.45, 27.46, 27.65, 27.68, 27.82, 27.93, 27.85, 27.78, 27.68, 27.61, 27.56, 27.56, 27.57], [27.61, 27.6, 27.6, 27.59, 27.58, 27.56, 27.37, 27.36, 27.34, 27.32, 27.65, 27.77, 27.87, 28.0, 27.76, 27.64, 27.52, 27.47, 27.5, 27.54], [27.53, 27.61, 27.6, 27.59, 27.58, 27.55, 27.33, 27.29, 27.26, 27.31, 27.35, 27.7, 28.0, 28.0, 27.73, 27.59, 27.4, 27.34, 27.35, 27.4], [27.54, 27.55, 27.55, 27.54, 27.53, 27.4, 27.35, 27.27, 27.24, 27.28, 27.21, 27.72, 27.73, 28.0, 27.5, 27.58, 27.41, 27.35, 27.45, 27.51], [27.46, 27.47, 27.57, 27.58, 27.58, 27.56, 27.49, 27.32, 27.17, 27.33, 27.45, 27.58, 27.64, 27.56, 27.52, 27.62, 27.51, 27.47, 27.5, 27.53], [27.8, 27.8, 27.8, 27.52, 27.56, 27.66, 27.59, 27.49, 27.14, 27.15, 27.65, 27.5, 27.54, 27.52, 27.52, 27.65, 27.59, 27.55, 27.55, 27.57], [27.8, 27.8, 27.8, 27.8, 27.8, 27.8, 27.8, 27.8, 27.59, 27.17, 27.1, 27.44, 27.48, 27.49, 27.51, 27.68, 27.63, 27.6, 27.6, 27.6], [27.8, 27.8, 27.8, 27.8, 27.8, 27.8, 27.8, 27.8, 27.8, -999.0, 27.1, 28.0, 28.0, 27.46, 27.5, 27.7, 27.68, 26.92, 26.92, 26.92], [27.8, 27.8, 27.8, 27.8, 27.8, 27.8, 27.8, 27.8, 27.8, 27.8, -999.0, 28.0, 28.0, 27.15, 27.52, 27.02, 27.02, 26.96, 26.97, 26.97], [27.8, 27.8, 27.8, 27.8, 27.8, 27.8, 27.8, 27.8, 27.8, 27.8, -999.0, 26.7, 26.7, 26.7, 27.41, 26.98, 26.98, 26.92, 26.93, 26.95], [27.8, 27.8, 27.8, 27.8, 27.8, 27.8, 27.8, 28.1, 28.1, 28.1, 28.1, 27.56, 26.7, 26.7, 26.7, 26.93, 26.94, 26.89, 26.9, 26.92], [27.8, 27.8, 27.99, 27.99, 28.0, 28.1, 28.1, 28.1, 28.1, 28.1, 27.22, 27.32, 27.18, 27.07, 27.2, 26.81, 26.83, 26.8, 26.91, 26.93], [27.99, 27.99, 27.91, 27.91, 28.1, 28.1, 28.1, 28.1, 28.1, 28.1, 27.5, 27.32, 27.14, 26.97, 26.9, 26.83, 26.88, 26.91, 26.94, 26.96], [27.91, 27.91, 27.92, 27.92, 28.1, 28.1, 28.1, 28.1, 28.1, 27.74, 27.56, 27.35, 27.13, 26.92, 26.73, 26.82, 26.88, 26.92, 26.95, 26.97], [27.91, 27.92, 27.92, 28.1, 28.1, 28.1, 28.1, 28.1, 27.97, 27.83, 27.66, 27.48, 27.14, 26.98, 26.81, 26.85, 26.91, 26.95, 26.97, 26.99], [27.92, 27.92, 27.99, 27.99, 28.0, 28.01, 28.03, 28.07, 27.95, 27.82, 27.68, 27.53, 27.18, 27.07, 26.89, 26.92, 26.95, 26.98, 27.0, 27.01], [27.98, 27.98, 27.98, 28.02, 28.02, 28.03, 28.03, 28.04, 27.84, 27.77, 27.68, 27.57, 27.22, 26.94, 26.95, 26.98, 27.0, 27.02, 27.03, 27.03], [28.01, 28.01, 28.01, 28.01, 28.01, 28.01, 28.02, 28.12, 27.78, 27.75, 27.69, 27.61, 27.19, 26.99, 27.0, 27.02, 27.04, 27.05, 27.06, 27.05], [28.0, 28.0, 28.0, 28.15, 28.15, 28.14, 28.12, 28.11, 28.1, 28.1, 28.11, 27.72, 27.42, 27.02, 27.04, 27.05, 27.07, 27.08, 27.08, 27.07], [28.17, 28.17, 28.17, 28.16, 28.15, 28.14, 28.12, 28.1, 28.07, 28.06, 28.09, 27.85, 27.44, 27.36, 27.28, 27.08, 27.05, 27.13, 27.11, 27.09], [28.18, 28.18, 28.17, 28.17, 28.16, 28.15, 28.13, 28.1, 28.03, 27.98, 28.07, 27.9, 27.83, 27.37, 27.29, 27.23, 27.15, 27.19, 27.13, 27.1], [28.18, 28.18, 28.18, 28.18, 28.17, 28.16, 28.15, 28.12, 28.06, 28.0, 27.97, 27.95, 27.89, 27.38, 27.32, 27.38, 27.32, 27.31, 27.12, 27.1], [28.19, 28.19, 28.19, 28.19, 28.19, 28.18, 28.18, 28.17, 28.15, 28.16, 28.06, 28.04, 27.96, 27.67, 27.55, 27.46, 27.4, 27.38, 27.38, 27.39], [28.2, 28.2, 28.2, 28.2, 28.2, 28.2, 28.21, 28.22, 28.25, 28.2, 28.23, 28.2, 28.11, 28.01, 27.63, 27.54, 27.47, 27.44, 27.43, 27.43], [28.2, 28.2, 28.21, 28.21, 28.22, 28.23, 28.24, 28.27, 28.33, 28.35, 28.49, 28.3, 28.17, 28.06, 27.7, 27.6, 27.54, 27.5, 27.48, 27.47], [28.21, 28.21, 28.22, 28.22, 28.23, 28.24, 28.26, 28.3, 28.26, 28.36, 28.43, 28.31, 28.19, 28.09, 27.75, 27.66, 27.59, 27.55, 27.52, 27.51], [28.21, 28.22, 28.22, 28.23, 28.24, 28.25, 28.27, 28.3, 28.23, 28.29, 28.3, 28.25, 28.17, 28.09, 27.78, 27.7, 27.64, 27.59, 27.56, 27.54], [28.22, 28.22, 28.23, 28.24, 28.25, 28.26, 28.28, 28.17, 28.2, 28.22, 28.22, 28.19, 28.14, 28.09, 27.79, 27.72, 27.67, 27.62, 27.59, 27.57]]}