gis_exercise/awsData/contour/temp_2023091211.json
{"header": {"refTime": "2023-09-12T11:00:00.000Z", "nx": 21, "ny": 33, "lo1": 113.509, "la1": 22.2235, "lo2": 113.5947, "la2": 22.1034, "dx": 0.0042850000000001385, "dy": 0.003753125000000024, "parameterCategory": 0, "parameterCategoryName": "Temperature", "parameterNumber": 0}, "z": [[28.15, 28.15, 28.14, 28.11, 28.11, 28.18, 28.18, 28.19, 28.2, 28.4, 28.45, 28.5, 28.71, 28.74, 28.57, 28.58, 28.9, 28.89, 28.89, 28.88], [28.16, 28.15, 28.14, 28.13, 28.11, 28.11, 28.17, 28.17, 28.17, 28.36, 28.45, 28.52, 28.73, 28.76, 28.6, 28.91, 28.89, 28.88, 28.88, 28.87], [28.16, 28.16, 28.15, 28.13, 28.1, 28.1, 28.1, 28.15, 28.12, 28.32, 28.46, 28.56, 28.77, 28.8, 28.92, 28.9, 28.88, 28.87, 28.86, 28.86], [28.17, 28.16, 28.15, 28.14, 28.12, 28.1, 28.1, 28.1, 28.11, 28.38, 28.51, 28.63, 28.83, 28.93, 28.92, 28.89, 28.87, 28.85, 28.84, 28.85], [28.18, 28.17, 28.16, 28.15, 28.13, 28.09, 28.09, 28.09, 28.11, 28.47, 28.57, 28.92, 28.91, 28.93, 28.92, 28.88, 28.84, 28.82, 28.82, 28.83], [28.19, 28.19, 28.18, 28.17, 28.14, 28.11, 28.06, 28.06, 28.09, 28.16, 28.89, 28.93, 28.94, 29.03, 28.92, 28.86, 28.79, 28.77, 28.78, 28.81], [28.25, 28.21, 28.2, 28.19, 28.17, 28.12, 28.18, 27.99, 28.01, 28.43, 28.6, 28.96, 29.13, 29.1, 28.93, 28.84, 28.73, 28.68, 28.66, 28.67], [28.27, 28.28, 28.28, 28.27, 28.25, 28.28, 28.19, 28.01, 27.89, 28.42, 28.61, 29.08, 29.09, 29.1, 28.86, 28.94, 28.78, 28.73, 28.82, 28.87], [28.13, 28.14, 28.32, 28.33, 28.34, 28.3, 28.18, 28.14, 27.99, 28.43, 28.87, 28.97, 29.02, 28.96, 28.88, 28.96, 28.88, 28.84, 28.86, 28.89], [28.7, 28.7, 28.7, 28.23, 28.3, 28.47, 28.35, 28.18, 28.21, 28.16, 29.03, 28.91, 28.95, 28.93, 28.88, 28.99, 28.94, 28.91, 28.91, 28.92], [28.7, 28.7, 28.7, 28.7, 28.7, 28.7, 28.7, 28.7, 28.35, 28.01, 28.6, 28.87, 28.9, 28.9, 28.87, 29.02, 28.98, 28.95, 28.95, 28.95], [28.7, 28.7, 28.7, 28.7, 28.7, 28.7, 28.7, 28.7, 28.7, -999.0, 28.6, 29.3, 29.3, 28.88, 28.86, 29.04, 29.02, 28.66, 28.66, 28.66], [28.7, 28.7, 28.7, 28.7, 28.7, 28.7, 28.7, 28.7, 28.7, 28.7, -999.0, 29.3, 29.3, 28.91, 29.08, 28.64, 28.64, 28.65, 28.65, 28.65], [28.7, 28.7, 28.7, 28.7, 28.7, 28.7, 28.7, 28.7, 28.7, 28.7, -999.0, 28.7, 28.7, 28.7, 29.03, 28.64, 28.64, 28.66, 28.65, 28.65], [28.7, 28.7, 28.7, 28.7, 28.7, 28.7, 28.7, 28.8, 28.8, 28.8, 28.8, 28.76, 28.7, 28.7, 28.7, 28.65, 28.65, 28.66, 28.66, 28.66], [28.7, 28.7, 28.76, 28.76, 28.77, 28.8, 28.8, 28.8, 28.8, 28.8, 28.74, 28.74, 28.73, 28.73, 28.74, 28.44, 28.4, 28.47, 28.48, 28.47], [28.76, 28.76, 28.74, 28.74, 28.8, 28.8, 28.8, 28.8, 28.8, 28.8, 28.76, 28.74, 28.73, 28.72, 28.63, 28.93, 29.01, 29.08, 29.13, 29.17], [28.74, 28.74, 28.74, 28.74, 28.8, 28.8, 28.8, 28.8, 28.8, 28.77, 28.76, 28.75, 28.73, 28.64, 28.69, 28.9, 29.01, 29.09, 29.15, 29.19], [28.74, 28.74, 28.74, 28.8, 28.8, 28.8, 28.8, 28.8, 28.79, 28.78, 29.05, 29.05, 28.6, 28.61, 28.88, 28.96, 29.05, 29.13, 29.18, 29.22], [28.74, 28.74, 29.66, 29.62, 29.56, 29.48, 29.36, 29.05, 28.96, 29.04, 29.1, 29.11, 28.57, 28.56, 29.02, 29.06, 29.12, 29.17, 29.22, 29.25], [29.71, 29.69, 29.66, 29.42, 29.39, 29.35, 29.29, 29.23, 29.14, 29.17, 29.2, 29.19, 28.54, 29.11, 29.11, 29.14, 29.17, 29.22, 29.26, 29.3], [29.5, 29.49, 29.48, 29.47, 29.46, 29.45, 29.43, 29.34, 29.32, 29.34, 29.34, 29.31, 29.0, 29.17, 29.18, 29.17, 29.19, 29.25, 29.32, 29.35], [29.53, 29.53, 29.53, 29.37, 29.38, 29.4, 29.43, 29.48, 29.53, 29.56, 29.55, 29.25, 29.77, 29.23, 29.22, 29.17, 29.08, 29.26, 29.4, 29.42], [29.36, 29.37, 29.38, 29.4, 29.42, 29.46, 29.52, 29.61, 29.72, 29.77, 29.69, 29.39, 29.8, 29.69, 29.57, 29.22, 28.67, 29.54, 29.57, 29.5], [29.37, 29.38, 29.4, 29.42, 29.45, 29.49, 29.57, 29.69, 29.89, 30.06, 29.81, 29.43, 29.21, 29.73, 29.65, 29.6, 29.74, 30.14, 29.71, 29.57], [29.38, 29.39, 29.41, 29.43, 29.46, 29.5, 29.57, 29.68, 29.87, 30.02, 29.67, 29.41, 29.21, 29.77, 29.72, 29.51, 29.69, 29.79, 29.68, 29.58], [29.38, 29.39, 29.41, 29.43, 29.45, 29.49, 29.53, 29.59, 29.66, 29.66, 29.45, 29.31, 29.18, 29.32, 29.4, 29.49, 29.58, 29.63, 29.62, 29.58], [29.38, 29.39, 29.4, 29.42, 29.44, 29.45, 29.47, 29.48, 29.46, 29.29, 29.21, 29.64, 29.8, 29.96, 29.37, 29.45, 29.51, 29.55, 29.55, 29.54], [29.38, 29.39, 29.4, 29.41, 29.42, 29.42, 29.42, 29.39, 29.32, 29.1, 29.11, 29.45, 29.69, 29.87, 29.34, 29.4, 29.45, 29.49, 29.5, 29.5], [29.38, 29.38, 29.39, 29.39, 29.4, 29.39, 29.38, 29.34, 29.54, 29.34, 29.21, 29.44, 29.65, 29.82, 29.31, 29.37, 29.41, 29.44, 29.46, 29.46], [29.37, 29.38, 29.38, 29.38, 29.38, 29.37, 29.35, 29.32, 29.58, 29.48, 29.45, 29.54, 29.68, 29.81, 29.3, 29.35, 29.38, 29.41, 29.43, 29.44], [29.37, 29.37, 29.37, 29.37, 29.37, 29.36, 29.34, 29.7, 29.64, 29.59, 29.59, 29.64, 29.73, 29.82, 29.29, 29.33, 29.36, 29.39, 29.4, 29.41]]}