gis_exercise/awsData/contour/temp_2023091323.json
{"header": {"refTime": "2023-09-13T23:00:00.000Z", "nx": 21, "ny": 33, "lo1": 113.509, "la1": 22.2235, "lo2": 113.5947, "la2": 22.1034, "dx": 0.0042850000000001385, "dy": 0.003753125000000024, "parameterCategory": 0, "parameterCategoryName": "Temperature", "parameterNumber": 0}, "z": [[27.47, 27.46, 27.46, 27.26, 27.27, 27.49, 27.5, 27.5, 27.51, 27.46, 27.46, 27.47, 27.62, 27.63, 27.6, 27.59, 27.58, 27.57, 27.56, 27.56], [27.47, 27.46, 27.46, 27.46, 27.27, 27.29, 27.49, 27.5, 27.51, 27.47, 27.47, 27.48, 27.63, 27.64, 27.6, 27.59, 27.57, 27.56, 27.56, 27.55], [27.47, 27.47, 27.46, 27.46, 27.26, 27.28, 27.31, 27.5, 27.5, 27.47, 27.47, 27.5, 27.65, 27.65, 27.61, 27.59, 27.57, 27.55, 27.55, 27.54], [27.47, 27.47, 27.46, 27.46, 27.45, 27.27, 27.29, 27.34, 27.38, 27.45, 27.47, 27.53, 27.68, 27.55, 27.61, 27.58, 27.56, 27.54, 27.53, 27.53], [27.47, 27.47, 27.47, 27.46, 27.45, 27.24, 27.26, 27.27, 27.27, 27.41, 27.45, 27.57, 27.7, 27.58, 27.61, 27.57, 27.54, 27.52, 27.52, 27.52], [27.48, 27.48, 27.47, 27.46, 27.45, 27.44, 27.22, 27.21, 27.2, 27.16, 27.37, 27.5, 27.61, 27.7, 27.59, 27.55, 27.51, 27.49, 27.5, 27.51], [27.48, 27.48, 27.48, 27.47, 27.46, 27.44, 27.25, 27.18, 27.16, 27.12, 27.11, 27.38, 27.63, 27.65, 27.57, 27.52, 27.46, 27.44, 27.47, 27.5], [27.49, 27.49, 27.49, 27.49, 27.48, 27.32, 27.27, 27.22, 27.18, 27.1, 26.99, 27.32, 27.32, 27.65, 27.44, 27.45, 27.43, 27.42, 27.43, 27.44], [27.41, 27.42, 27.51, 27.52, 27.52, 27.5, 27.44, 27.25, 27.1, 27.14, 27.13, 27.22, 27.26, 27.2, 27.44, 27.45, 27.44, 27.43, 27.44, 27.44], [27.7, 27.7, 27.7, 27.47, 27.5, 27.59, 27.53, 27.44, 27.03, 27.05, 27.26, 27.16, 27.2, 27.18, 27.44, 27.46, 27.45, 27.44, 27.44, 27.45], [27.7, 27.7, 27.7, 27.7, 27.7, 27.7, 27.7, 27.7, 27.52, 27.1, 26.9, 27.13, 27.16, 27.16, 27.44, 27.46, 27.45, 27.45, 27.45, 27.45], [27.7, 27.7, 27.7, 27.7, 27.7, 27.7, 27.7, 27.7, 27.7, -999.0, 26.9, 27.5, 27.5, 27.14, 27.44, 27.46, 27.46, 26.95, 26.96, 26.96], [27.7, 27.7, 27.7, 27.7, 27.7, 27.7, 27.7, 27.7, 27.7, 27.7, -999.0, 27.5, 27.5, 26.91, 27.17, 27.11, 27.11, 27.02, 27.03, 27.04], [27.7, 27.7, 27.7, 27.7, 27.7, 27.7, 27.7, 27.7, 27.7, 27.7, -999.0, 26.6, 26.6, 26.6, 27.09, 27.04, 27.05, 26.95, 26.98, 26.99], [27.7, 27.7, 27.7, 27.7, 27.7, 27.7, 27.7, 27.7, 27.7, 27.7, 27.7, 27.28, 26.6, 26.6, 26.6, 26.97, 26.99, 26.9, 26.93, 26.95], [27.7, 27.7, 27.7, 27.7, 27.7, 27.7, 27.7, 27.7, 27.7, 27.7, 27.01, 27.09, 26.98, 26.89, 26.99, 26.86, 26.9, 26.83, 27.0, 27.03], [27.7, 27.7, 27.7, 27.7, 27.7, 27.7, 27.7, 27.7, 27.7, 27.7, 27.23, 27.09, 26.95, 26.81, 26.81, 26.79, 26.86, 26.92, 26.95, 26.98], [27.7, 27.7, 27.7, 27.7, 27.7, 27.7, 27.7, 27.7, 27.7, 27.42, 27.27, 27.11, 26.94, 26.82, 26.63, 26.77, 26.87, 26.93, 26.97, 27.0], [27.7, 27.7, 27.7, 27.7, 27.7, 27.7, 27.7, 27.7, 27.6, 27.49, 27.35, 27.21, 27.03, 26.89, 26.76, 26.83, 26.91, 26.97, 27.0, 27.02], [27.7, 27.7, 27.59, 27.59, 27.6, 27.61, 27.63, 27.67, 27.57, 27.48, 27.36, 27.24, 27.08, 27.0, 26.89, 26.93, 26.98, 27.02, 27.04, 27.05], [27.58, 27.58, 27.58, 27.62, 27.62, 27.63, 27.63, 27.64, 27.48, 27.43, 27.36, 27.27, 27.13, 26.96, 26.98, 27.02, 27.05, 27.07, 27.08, 27.08], [27.61, 27.61, 27.61, 27.61, 27.61, 27.61, 27.62, 27.67, 27.44, 27.41, 27.36, 27.3, 27.12, 27.03, 27.06, 27.09, 27.12, 27.13, 27.12, 27.11], [27.6, 27.6, 27.6, 27.68, 27.67, 27.67, 27.66, 27.65, 27.64, 27.64, 27.65, 27.51, 27.34, 27.07, 27.11, 27.15, 27.19, 27.19, 27.16, 27.14], [27.69, 27.68, 27.68, 27.68, 27.67, 27.67, 27.65, 27.64, 27.62, 27.61, 27.63, 27.55, 27.35, 27.32, 27.3, 27.18, 27.26, 27.21, 27.18, 27.15], [27.69, 27.69, 27.68, 27.68, 27.67, 27.67, 27.65, 27.63, 27.59, 27.55, 27.61, 27.56, 27.55, 27.33, 27.3, 27.28, 27.21, 27.2, 27.18, 27.16], [27.69, 27.69, 27.69, 27.68, 27.68, 27.67, 27.66, 27.64, 27.6, 27.56, 27.58, 27.59, 27.58, 27.33, 27.31, 27.35, 27.31, 27.3, 27.17, 27.15], [27.69, 27.69, 27.69, 27.69, 27.68, 27.68, 27.67, 27.67, 27.65, 27.66, 27.63, 27.63, 27.61, 27.48, 27.43, 27.38, 27.35, 27.34, 27.34, 27.35], [27.69, 27.69, 27.69, 27.69, 27.69, 27.69, 27.69, 27.7, 27.71, 27.7, 27.72, 27.68, 27.63, 27.58, 27.46, 27.42, 27.39, 27.37, 27.37, 27.37], [27.7, 27.7, 27.7, 27.7, 27.7, 27.7, 27.71, 27.72, 27.75, 27.78, 27.84, 27.74, 27.66, 27.6, 27.49, 27.45, 27.42, 27.4, 27.39, 27.39], [27.7, 27.7, 27.7, 27.7, 27.71, 27.71, 27.72, 27.74, 27.71, 27.77, 27.81, 27.74, 27.67, 27.62, 27.52, 27.47, 27.44, 27.42, 27.41, 27.41], [27.7, 27.7, 27.71, 27.71, 27.71, 27.72, 27.73, 27.74, 27.7, 27.73, 27.73, 27.71, 27.66, 27.62, 27.53, 27.49, 27.46, 27.44, 27.43, 27.42], [27.7, 27.71, 27.71, 27.71, 27.72, 27.72, 27.73, 27.66, 27.68, 27.69, 27.69, 27.68, 27.65, 27.62, 27.53, 27.5, 27.48, 27.46, 27.44, 27.44]]}