gis_exercise/awsData/contour/temp_2023090611.json
{"header": {"refTime": "2023-09-06T11:00:00.000Z", "nx": 21, "ny": 33, "lo1": 113.509, "la1": 22.2235, "lo2": 113.5947, "la2": 22.1034, "dx": 0.0042850000000001385, "dy": 0.003753125000000024, "parameterCategory": 0, "parameterCategoryName": "Temperature", "parameterNumber": 0}, "z": [[30.72, 30.7, 30.68, 30.22, 30.23, 30.32, 30.32, 30.32, 30.32, 30.27, 30.27, 30.27, 30.58, 30.6, 30.14, 30.11, 30.36, 30.34, 30.32, 30.31], [30.73, 30.71, 30.69, 30.66, 30.23, 30.23, 30.32, 30.32, 30.32, 30.27, 30.27, 30.27, 30.58, 30.6, 30.14, 30.37, 30.34, 30.31, 30.3, 30.29], [30.75, 30.73, 30.7, 30.67, 30.23, 30.23, 30.24, 30.31, 30.3, 30.28, 30.27, 30.28, 30.58, 30.6, 30.41, 30.36, 30.31, 30.28, 30.26, 30.26], [30.77, 30.75, 30.73, 30.7, 30.66, 30.23, 30.24, 30.25, 30.26, 30.27, 30.27, 30.29, 30.56, 30.53, 30.4, 30.34, 30.27, 30.23, 30.21, 30.22], [30.79, 30.78, 30.76, 30.73, 30.69, 30.22, 30.23, 30.23, 30.23, 30.24, 30.25, 30.5, 30.45, 30.52, 30.4, 30.3, 30.2, 30.15, 30.15, 30.17], [30.82, 30.81, 30.8, 30.78, 30.74, 30.69, 30.22, 30.22, 30.21, 30.18, 30.49, 30.53, 30.52, 30.7, 30.41, 30.25, 30.09, 30.02, 30.06, 30.12], [31.07, 30.86, 30.85, 30.84, 30.81, 30.75, 30.58, 30.23, 30.22, 30.36, 30.39, 30.63, 30.91, 30.86, 30.43, 30.2, 29.92, 29.81, 29.75, 29.8], [31.1, 31.11, 31.11, 31.1, 31.07, 30.76, 30.63, 30.45, 30.32, 30.31, 30.18, 30.9, 30.91, 30.85, 30.23, 30.42, 30.05, 29.91, 30.12, 30.26], [30.9, 30.92, 31.17, 31.19, 31.19, 31.14, 30.97, 30.57, 30.2, 30.39, 30.5, 30.69, 30.78, 30.66, 30.28, 30.49, 30.27, 30.18, 30.23, 30.31], [31.7, 31.7, 31.7, 31.04, 31.14, 31.38, 31.21, 30.97, 30.13, 30.15, 30.79, 30.57, 30.64, 30.61, 30.28, 30.56, 30.42, 30.35, 30.34, 30.38], [31.7, 31.7, 31.7, 31.7, 31.7, 31.7, 31.7, 31.7, 31.2, 30.2, 30.0, 30.5, 30.55, 30.56, 30.26, 30.61, 30.51, 30.45, 30.44, 30.45], [31.7, 31.7, 31.7, 31.7, 31.7, 31.7, 31.7, 31.7, 31.7, -999.0, 30.0, 31.3, 31.3, 30.52, 30.24, 30.67, 30.61, 30.23, 30.21, 30.21], [31.7, 31.7, 31.7, 31.7, 31.7, 31.7, 31.7, 31.7, 31.7, 31.7, -999.0, 31.3, 31.3, 30.91, 31.08, 30.0, 29.99, 30.13, 30.11, 30.1], [31.7, 31.7, 31.7, 31.7, 31.7, 31.7, 31.7, 31.7, 31.7, 31.7, -999.0, 30.7, 30.7, 30.7, 31.03, 30.09, 30.07, 30.21, 30.18, 30.16], [31.7, 31.7, 31.7, 31.7, 31.7, 31.7, 31.7, 31.7, 31.7, 31.7, 31.7, 31.32, 30.7, 30.7, 30.7, 30.2, 30.16, 30.29, 30.25, 30.22], [31.7, 31.7, 31.7, 31.7, 31.7, 31.7, 31.7, 31.7, 31.7, 31.7, 31.07, 31.14, 31.05, 30.96, 31.06, 30.41, 30.36, 30.44, 30.2, 30.16], [31.7, 31.7, 31.7, 31.7, 31.7, 31.7, 31.7, 31.7, 31.7, 31.7, 31.27, 31.15, 31.02, 30.9, 30.73, 30.58, 30.53, 30.5, 30.47, 30.46], [31.7, 31.7, 31.7, 31.7, 31.7, 31.7, 31.7, 31.7, 31.7, 31.45, 31.31, 31.16, 31.01, 30.75, 30.7, 30.59, 30.53, 30.49, 30.46, 30.45], [31.7, 31.7, 31.7, 31.7, 31.7, 31.7, 31.7, 31.7, 31.61, 31.51, 31.32, 31.19, 30.83, 30.75, 30.6, 30.55, 30.5, 30.46, 30.44, 30.43], [31.7, 31.7, 31.41, 31.43, 31.45, 31.47, 31.51, 31.62, 31.55, 31.44, 31.32, 31.21, 30.82, 30.73, 30.51, 30.48, 30.45, 30.43, 30.42, 30.41], [31.4, 31.4, 31.41, 31.49, 31.5, 31.52, 31.54, 31.56, 31.43, 31.37, 31.3, 31.22, 30.79, 30.46, 30.44, 30.42, 30.4, 30.39, 30.39, 30.4], [31.47, 31.47, 31.47, 31.48, 31.48, 31.48, 31.49, 31.42, 31.35, 31.31, 31.27, 31.22, 30.61, 30.42, 30.39, 30.36, 30.33, 30.34, 30.36, 30.38], [31.46, 31.46, 31.46, 31.37, 31.37, 31.37, 31.37, 31.36, 31.35, 31.34, 31.33, 31.01, 30.62, 30.39, 30.35, 30.3, 30.25, 30.29, 30.35, 30.37], [31.35, 31.35, 31.35, 31.35, 31.34, 31.34, 31.33, 31.31, 31.29, 31.28, 31.28, 30.86, 30.64, 30.54, 30.44, 30.29, 30.09, 30.33, 30.37, 30.38], [31.34, 31.34, 31.33, 31.33, 31.32, 31.31, 31.3, 31.28, 31.25, 31.23, 31.25, 30.9, 30.78, 30.56, 30.46, 30.39, 30.38, 30.48, 30.4, 30.39], [31.33, 31.33, 31.32, 31.31, 31.31, 31.29, 31.28, 31.26, 31.24, 31.22, 31.02, 30.92, 30.81, 30.58, 30.5, 30.44, 30.44, 30.45, 30.4, 30.39], [31.32, 31.32, 31.31, 31.3, 31.29, 31.28, 31.26, 31.25, 31.23, 31.22, 30.99, 30.93, 30.85, 30.59, 30.53, 30.48, 30.47, 30.46, 30.46, 30.46], [31.31, 31.31, 31.3, 31.29, 31.28, 31.27, 31.25, 31.24, 31.22, 31.01, 31.0, 31.07, 31.04, 31.01, 30.57, 30.53, 30.5, 30.49, 30.48, 30.48], [31.31, 31.3, 31.29, 31.29, 31.27, 31.26, 31.25, 31.23, 31.2, 31.03, 31.09, 31.07, 31.05, 31.02, 30.61, 30.56, 30.53, 30.51, 30.5, 30.5], [31.3, 31.3, 31.29, 31.28, 31.27, 31.26, 31.24, 31.22, 31.08, 31.08, 31.09, 31.07, 31.05, 31.03, 30.64, 30.59, 30.56, 30.54, 30.52, 30.51], [31.3, 31.29, 31.29, 31.28, 31.27, 31.25, 31.24, 31.22, 31.07, 31.07, 31.07, 31.06, 31.05, 31.03, 30.65, 30.61, 30.58, 30.56, 30.54, 30.53], [31.3, 31.29, 31.28, 31.27, 31.27, 31.25, 31.24, 31.06, 31.06, 31.06, 31.06, 31.05, 31.04, 31.03, 30.66, 30.62, 30.59, 30.57, 30.55, 30.54]]}