gis_exercise/awsData/contour/temp_2023090819.json
{"header": {"refTime": "2023-09-08T19:00:00.000Z", "nx": 21, "ny": 33, "lo1": 113.509, "la1": 22.2235, "lo2": 113.5947, "la2": 22.1034, "dx": 0.0042850000000001385, "dy": 0.003753125000000024, "parameterCategory": 0, "parameterCategoryName": "Temperature", "parameterNumber": 0}, "z": [[25.96, 25.95, 25.94, 25.62, 25.61, 25.91, 25.89, 25.87, 25.87, 25.75, 25.79, 25.83, 26.15, 26.18, 26.2, 26.22, 26.44, 26.44, 26.43, 26.43], [25.97, 25.96, 25.95, 25.93, 25.62, 25.61, 25.87, 25.82, 25.8, 25.73, 25.79, 25.86, 26.18, 26.21, 26.23, 26.44, 26.44, 26.43, 26.43, 26.43], [25.98, 25.97, 25.96, 25.94, 25.62, 25.62, 25.61, 25.78, 25.65, 25.71, 25.81, 25.9, 26.23, 26.25, 26.45, 26.44, 26.44, 26.43, 26.43, 26.43], [26.0, 25.99, 25.97, 25.96, 25.93, 25.63, 25.62, 25.61, 25.6, 25.73, 25.84, 25.99, 26.31, 26.22, 26.45, 26.44, 26.43, 26.43, 26.43, 26.43], [26.01, 26.0, 26.0, 25.98, 25.96, 25.64, 25.64, 25.63, 25.61, 25.74, 25.85, 26.23, 26.39, 26.26, 26.45, 26.44, 26.43, 26.43, 26.42, 26.42], [26.03, 26.02, 26.02, 26.01, 26.0, 25.98, 25.66, 25.67, 25.64, 25.58, 25.97, 26.15, 26.29, 26.47, 26.44, 26.43, 26.42, 26.42, 26.42, 26.42], [26.22, 26.05, 26.05, 26.05, 26.04, 26.02, 25.9, 25.74, 25.72, 25.71, 25.66, 26.03, 26.44, 26.45, 26.43, 26.43, 26.41, 26.41, 26.42, 26.42], [26.23, 26.23, 26.23, 26.23, 26.22, 25.97, 25.93, 25.91, 25.93, 25.66, 25.4, 26.03, 26.04, 26.45, 26.4, 26.4, 26.4, 26.4, 26.4, 26.4], [26.17, 26.18, 26.25, 26.25, 26.26, 26.24, 26.19, 25.92, 25.75, 25.74, 25.66, 25.84, 25.92, 25.81, 26.4, 26.4, 26.4, 26.4, 26.4, 26.4], [26.4, 26.4, 26.4, 26.21, 26.24, 26.31, 26.26, 26.19, 25.55, 25.59, 25.93, 25.73, 25.79, 25.76, 26.4, 26.4, 26.4, 26.4, 26.4, 26.4], [26.4, 26.4, 26.4, 26.4, 26.4, 26.4, 26.4, 26.4, 26.26, 25.73, 25.2, 25.66, 25.71, 25.71, 26.4, 26.4, 26.4, 26.4, 26.4, 26.4], [26.4, 26.4, 26.4, 26.4, 26.4, 26.4, 26.4, 26.4, 26.4, -999.0, 25.2, 26.4, 26.4, 25.68, 26.4, 26.4, 26.4, 25.72, 25.73, 25.74], [26.4, 26.4, 26.4, 26.4, 26.4, 26.4, 26.4, 26.4, 26.4, 26.4, -999.0, 26.4, 26.4, 25.62, 25.96, 25.96, 25.97, 25.82, 25.85, 25.86], [26.4, 26.4, 26.4, 26.4, 26.4, 26.4, 26.4, 26.4, 26.4, 26.4, -999.0, 25.2, 25.2, 25.2, 25.86, 25.86, 25.88, 25.73, 25.76, 25.79], [26.4, 26.4, 26.4, 26.4, 26.4, 26.4, 26.4, 26.3, 26.3, 26.3, 26.3, 25.88, 25.2, 25.2, 25.2, 25.75, 25.79, 25.65, 25.69, 25.73], [26.4, 26.4, 26.34, 26.34, 26.33, 26.3, 26.3, 26.3, 26.3, 26.3, 25.61, 25.69, 25.58, 25.49, 25.59, 25.49, 25.54, 25.46, 25.73, 25.77], [26.34, 26.34, 26.36, 26.36, 26.3, 26.3, 26.3, 26.3, 26.3, 26.3, 25.83, 25.69, 25.55, 25.41, 25.42, 25.39, 25.46, 25.52, 25.56, 25.58], [26.36, 26.36, 26.36, 26.36, 26.3, 26.3, 26.3, 26.3, 26.3, 26.02, 25.87, 25.71, 25.54, 25.43, 25.23, 25.37, 25.47, 25.53, 25.57, 25.6], [26.36, 26.36, 26.36, 26.3, 26.3, 26.3, 26.3, 26.3, 26.2, 26.09, 25.98, 25.85, 25.65, 25.5, 25.36, 25.43, 25.51, 25.57, 25.6, 25.62], [26.36, 26.36, 26.3, 26.3, 26.3, 26.3, 26.3, 26.3, 26.2, 26.11, 26.0, 25.89, 25.71, 25.62, 25.49, 25.53, 25.58, 25.62, 25.64, 25.65], [26.3, 26.3, 26.3, 26.3, 26.3, 26.3, 26.3, 26.3, 26.13, 26.08, 26.01, 25.93, 25.76, 25.57, 25.59, 25.62, 25.66, 25.68, 25.69, 25.68], [26.3, 26.3, 26.3, 26.3, 26.3, 26.3, 26.3, 26.32, 26.11, 26.08, 26.03, 25.97, 25.81, 25.63, 25.66, 25.7, 25.74, 25.74, 25.73, 25.71], [26.3, 26.3, 26.3, 26.33, 26.32, 26.32, 26.32, 26.32, 26.32, 26.32, 26.32, 26.22, 26.02, 25.68, 25.72, 25.77, 25.82, 25.8, 25.76, 25.74], [26.33, 26.33, 26.33, 26.33, 26.33, 26.32, 26.32, 26.32, 26.32, 26.32, 26.32, 26.25, 26.03, 25.98, 25.95, 25.8, 25.91, 25.81, 25.77, 25.75], [26.33, 26.33, 26.33, 26.33, 26.33, 26.33, 26.33, 26.32, 26.32, 26.31, 26.32, 26.26, 26.24, 25.99, 25.94, 25.91, 25.79, 25.76, 25.76, 25.75], [26.33, 26.33, 26.33, 26.33, 26.33, 26.33, 26.33, 26.33, 26.32, 26.31, 26.29, 26.27, 26.25, 25.99, 25.95, 25.93, 25.89, 25.87, 25.76, 25.74], [26.33, 26.33, 26.33, 26.33, 26.33, 26.33, 26.33, 26.33, 26.33, 26.33, 26.3, 26.29, 26.27, 26.05, 26.0, 25.96, 25.93, 25.91, 25.92, 25.92], [26.33, 26.33, 26.33, 26.34, 26.34, 26.34, 26.34, 26.34, 26.35, 26.32, 26.33, 26.27, 26.22, 26.17, 26.03, 25.99, 25.96, 25.94, 25.94, 25.94], [26.34, 26.34, 26.34, 26.34, 26.34, 26.34, 26.34, 26.35, 26.36, 26.35, 26.36, 26.3, 26.24, 26.19, 26.05, 26.02, 25.99, 25.97, 25.96, 25.96], [26.34, 26.34, 26.34, 26.34, 26.34, 26.34, 26.35, 26.35, 26.29, 26.32, 26.34, 26.3, 26.24, 26.2, 26.07, 26.04, 26.01, 25.99, 25.98, 25.98], [26.34, 26.34, 26.34, 26.34, 26.34, 26.34, 26.35, 26.35, 26.28, 26.29, 26.3, 26.27, 26.24, 26.2, 26.08, 26.05, 26.03, 26.01, 26.0, 25.99], [26.34, 26.34, 26.34, 26.34, 26.34, 26.35, 26.35, 26.25, 26.26, 26.27, 26.26, 26.25, 26.23, 26.2, 26.09, 26.06, 26.04, 26.02, 26.01, 26.0]]}