gis_exercise/awsData/contour/temp_2023091215.json
{"header": {"refTime": "2023-09-12T15:00:00.000Z", "nx": 21, "ny": 33, "lo1": 113.509, "la1": 22.2235, "lo2": 113.5947, "la2": 22.1034, "dx": 0.0042850000000001385, "dy": 0.003753125000000024, "parameterCategory": 0, "parameterCategoryName": "Temperature", "parameterNumber": 0}, "z": [[29.69, 29.7, 29.7, 29.77, 29.78, 29.77, 29.79, 29.82, 29.83, 29.93, 29.92, 29.91, 30.09, 30.1, 29.52, 29.47, 29.62, 29.58, 29.56, 29.55], [29.69, 29.69, 29.7, 29.71, 29.77, 29.79, 29.8, 29.84, 29.87, 29.94, 29.92, 29.9, 30.08, 30.09, 29.51, 29.64, 29.59, 29.55, 29.53, 29.52], [29.68, 29.68, 29.69, 29.7, 29.76, 29.78, 29.82, 29.87, 29.97, 29.95, 29.91, 29.89, 30.06, 30.07, 29.69, 29.62, 29.56, 29.51, 29.48, 29.47], [29.67, 29.68, 29.68, 29.69, 29.7, 29.76, 29.79, 29.84, 29.88, 29.94, 29.9, 29.87, 30.02, 30.03, 29.69, 29.59, 29.5, 29.44, 29.42, 29.42], [29.67, 29.67, 29.67, 29.67, 29.67, 29.73, 29.74, 29.76, 29.78, 29.91, 29.89, 29.99, 29.89, 30.01, 29.69, 29.55, 29.41, 29.33, 29.33, 29.36], [29.66, 29.66, 29.66, 29.66, 29.65, 29.64, 29.68, 29.67, 29.69, 29.72, 30.08, 30.06, 29.99, 30.1, 29.69, 29.47, 29.25, 29.15, 29.21, 29.29], [29.52, 29.65, 29.65, 29.64, 29.63, 29.61, 29.55, 29.57, 29.58, 29.85, 29.99, 30.2, 30.31, 30.26, 29.7, 29.4, 29.02, 28.88, 28.82, 28.9], [29.53, 29.53, 29.53, 29.53, 29.52, 29.59, 29.55, 29.47, 29.45, 29.83, 29.95, 30.45, 30.46, 30.25, 29.38, 29.61, 29.15, 28.98, 29.25, 29.42], [29.47, 29.48, 29.55, 29.55, 29.56, 29.54, 29.49, 29.53, 29.49, 29.85, 30.21, 30.33, 30.38, 30.31, 29.44, 29.69, 29.43, 29.31, 29.38, 29.48], [29.7, 29.7, 29.7, 29.51, 29.54, 29.61, 29.56, 29.49, 29.64, 29.61, 30.39, 30.25, 30.3, 30.27, 29.44, 29.78, 29.61, 29.52, 29.52, 29.56], [29.7, 29.7, 29.7, 29.7, 29.7, 29.7, 29.7, 29.7, 29.56, 29.51, 29.9, 30.2, 30.24, 30.24, 29.42, 29.85, 29.73, 29.66, 29.64, 29.65], [29.7, 29.7, 29.7, 29.7, 29.7, 29.7, 29.7, 29.7, 29.7, -999.0, 29.9, 30.7, 30.7, 30.22, 29.39, 29.92, 29.85, 28.66, 28.66, 28.66], [29.7, 29.7, 29.7, 29.7, 29.7, 29.7, 29.7, 29.7, 29.7, 29.7, -999.0, 30.7, 30.7, 29.39, 29.97, 28.64, 28.64, 28.65, 28.65, 28.65], [29.7, 29.7, 29.7, 29.7, 29.7, 29.7, 29.7, 29.7, 29.7, 29.7, -999.0, 28.7, 28.7, 28.7, 29.8, 28.64, 28.64, 28.66, 28.65, 28.65], [29.7, 29.7, 29.7, 29.7, 29.7, 29.7, 29.7, 29.6, 29.6, 29.6, 29.6, 29.25, 28.7, 28.7, 28.7, 28.65, 28.65, 28.66, 28.66, 28.66], [29.7, 29.7, 29.64, 29.64, 29.63, 29.6, 29.6, 29.6, 29.6, 29.6, 29.03, 29.1, 29.01, 28.94, 29.02, 28.63, 28.62, 28.64, 28.62, 28.61], [29.64, 29.64, 29.66, 29.66, 29.6, 29.6, 29.6, 29.6, 29.6, 29.6, 29.21, 29.1, 28.98, 28.88, 28.78, 28.84, 28.89, 28.93, 28.96, 28.98], [29.66, 29.66, 29.66, 29.66, 29.6, 29.6, 29.6, 29.6, 29.6, 29.37, 29.25, 29.12, 28.98, 28.8, 28.71, 28.82, 28.89, 28.94, 28.97, 28.99], [29.66, 29.66, 29.66, 29.6, 29.6, 29.6, 29.6, 29.6, 29.52, 29.42, 29.27, 29.15, 28.91, 28.82, 28.81, 28.86, 28.92, 28.96, 28.99, 29.01], [29.66, 29.66, 29.37, 29.38, 29.4, 29.42, 29.45, 29.53, 29.47, 29.38, 29.27, 29.17, 28.92, 28.85, 28.89, 28.92, 28.96, 28.99, 29.01, 29.03], [29.36, 29.36, 29.37, 29.43, 29.44, 29.45, 29.47, 29.49, 29.37, 29.32, 29.25, 29.18, 28.92, 28.95, 28.95, 28.97, 28.99, 29.02, 29.04, 29.05], [29.41, 29.42, 29.42, 29.42, 29.42, 29.43, 29.43, 29.55, 29.3, 29.27, 29.23, 29.19, 28.8, 28.99, 29.0, 29.0, 29.01, 29.04, 29.07, 29.08], [29.41, 29.41, 29.41, 29.58, 29.57, 29.56, 29.54, 29.52, 29.5, 29.5, 29.51, 29.13, 29.17, 29.02, 29.03, 29.01, 28.98, 29.06, 29.12, 29.12], [29.6, 29.6, 29.59, 29.58, 29.57, 29.56, 29.53, 29.5, 29.45, 29.43, 29.47, 29.25, 29.18, 29.17, 29.15, 29.04, 28.8, 29.19, 29.2, 29.16], [29.61, 29.6, 29.6, 29.59, 29.58, 29.56, 29.53, 29.48, 29.39, 29.31, 29.43, 29.29, 29.24, 29.18, 29.18, 29.18, 29.28, 29.46, 29.26, 29.19], [29.61, 29.61, 29.6, 29.6, 29.59, 29.57, 29.55, 29.5, 29.42, 29.34, 29.34, 29.35, 29.31, 29.19, 29.2, 29.36, 29.39, 29.42, 29.24, 29.2], [29.62, 29.61, 29.61, 29.61, 29.6, 29.59, 29.58, 29.56, 29.54, 29.55, 29.47, 29.46, 29.39, 29.52, 29.46, 29.42, 29.41, 29.41, 29.41, 29.4], [29.62, 29.62, 29.62, 29.62, 29.62, 29.62, 29.63, 29.64, 29.67, 29.63, 29.67, 29.8, 29.78, 29.78, 29.51, 29.46, 29.44, 29.43, 29.42, 29.42], [29.63, 29.63, 29.63, 29.64, 29.64, 29.65, 29.67, 29.7, 29.76, 29.81, 30.02, 29.89, 29.83, 29.8, 29.55, 29.5, 29.47, 29.45, 29.44, 29.43], [29.64, 29.64, 29.64, 29.65, 29.66, 29.67, 29.69, 29.73, 29.83, 29.92, 29.98, 29.9, 29.84, 29.81, 29.58, 29.53, 29.5, 29.48, 29.46, 29.45], [29.64, 29.65, 29.65, 29.66, 29.67, 29.68, 29.71, 29.74, 29.83, 29.87, 29.89, 29.87, 29.84, 29.82, 29.6, 29.55, 29.52, 29.5, 29.48, 29.47], [29.65, 29.65, 29.66, 29.67, 29.68, 29.69, 29.71, 29.79, 29.82, 29.84, 29.85, 29.84, 29.83, 29.81, 29.61, 29.57, 29.54, 29.51, 29.49, 29.48]]}