gis_exercise/awsData/contour/temp_2023091103.json
{"header": {"refTime": "2023-09-11T03:00:00.000Z", "nx": 21, "ny": 33, "lo1": 113.509, "la1": 22.2235, "lo2": 113.5947, "la2": 22.1034, "dx": 0.0042850000000001385, "dy": 0.003753125000000024, "parameterCategory": 0, "parameterCategoryName": "Temperature", "parameterNumber": 0}, "z": [[26.39, 26.38, 26.38, 26.09, 26.1, 26.32, 26.32, 26.32, 26.32, 26.22, 26.21, 26.21, 26.4, 26.41, 26.44, 26.44, 26.47, 26.47, 26.47, 26.47], [26.39, 26.39, 26.38, 26.37, 26.1, 26.12, 26.32, 26.32, 26.32, 26.23, 26.22, 26.22, 26.41, 26.42, 26.45, 26.47, 26.47, 26.47, 26.47, 26.47], [26.4, 26.39, 26.38, 26.38, 26.1, 26.11, 26.14, 26.31, 26.3, 26.24, 26.22, 26.23, 26.42, 26.43, 26.47, 26.47, 26.47, 26.48, 26.48, 26.48], [26.4, 26.4, 26.39, 26.38, 26.37, 26.1, 26.13, 26.16, 26.19, 26.21, 26.21, 26.26, 26.44, 26.3, 26.48, 26.48, 26.48, 26.48, 26.48, 26.48], [26.41, 26.4, 26.4, 26.39, 26.38, 26.09, 26.1, 26.11, 26.1, 26.15, 26.18, 26.3, 26.42, 26.33, 26.47, 26.48, 26.48, 26.48, 26.48, 26.48], [26.42, 26.41, 26.41, 26.4, 26.39, 26.37, 26.08, 26.07, 26.05, 25.99, 26.13, 26.25, 26.35, 26.47, 26.47, 26.48, 26.48, 26.48, 26.48, 26.48], [26.48, 26.43, 26.42, 26.42, 26.41, 26.39, 26.17, 26.08, 26.05, 25.96, 25.92, 26.16, 26.44, 26.45, 26.47, 26.48, 26.49, 26.49, 26.5, 26.5], [26.49, 26.49, 26.49, 26.49, 26.48, 26.25, 26.21, 26.16, 26.14, 25.93, 25.74, 26.15, 26.16, 26.45, 26.46, 26.45, 26.47, 26.48, 26.47, 26.46], [26.41, 26.42, 26.51, 26.52, 26.52, 26.5, 26.44, 26.19, 26.01, 25.99, 25.91, 26.03, 26.08, 26.01, 26.46, 26.45, 26.46, 26.47, 26.46, 26.46], [26.7, 26.7, 26.7, 26.47, 26.5, 26.59, 26.53, 26.44, 25.86, 25.89, 26.09, 25.95, 26.0, 25.97, 26.46, 26.44, 26.45, 26.46, 26.46, 26.45], [26.7, 26.7, 26.7, 26.7, 26.7, 26.7, 26.7, 26.7, 26.52, 25.99, 25.6, 25.9, 25.94, 25.94, 26.46, 26.44, 26.45, 26.45, 26.45, 26.45], [26.7, 26.7, 26.7, 26.7, 26.7, 26.7, 26.7, 26.7, 26.7, -999.0, 25.6, 26.4, 26.4, 25.92, 26.46, 26.44, 26.44, 25.93, 25.95, 25.95], [26.7, 26.7, 26.7, 26.7, 26.7, 26.7, 26.7, 26.7, 26.7, 26.7, -999.0, 26.4, 26.4, 25.81, 26.07, 26.14, 26.14, 26.02, 26.04, 26.05], [26.7, 26.7, 26.7, 26.7, 26.7, 26.7, 26.7, 26.7, 26.7, 26.7, -999.0, 25.5, 25.5, 25.5, 25.99, 26.05, 26.07, 25.94, 25.97, 25.99], [26.7, 26.7, 26.7, 26.7, 26.7, 26.7, 26.7, 26.8, 26.8, 26.8, 26.8, 26.3, 25.5, 25.5, 25.5, 25.96, 25.99, 25.87, 25.91, 25.94], [26.7, 26.7, 26.76, 26.76, 26.77, 26.8, 26.8, 26.8, 26.8, 26.8, 25.98, 26.07, 25.95, 25.84, 25.96, 25.83, 25.88, 25.79, 26.0, 26.04], [26.76, 26.76, 26.74, 26.74, 26.8, 26.8, 26.8, 26.8, 26.8, 26.8, 26.24, 26.08, 25.91, 25.75, 25.76, 25.74, 25.82, 25.89, 25.94, 25.97], [26.74, 26.74, 26.74, 26.74, 26.8, 26.8, 26.8, 26.8, 26.8, 26.47, 26.3, 26.1, 25.9, 25.77, 25.54, 25.71, 25.83, 25.91, 25.96, 25.99], [26.74, 26.74, 26.74, 26.8, 26.8, 26.8, 26.8, 26.8, 26.68, 26.55, 26.39, 26.22, 26.02, 25.85, 25.69, 25.78, 25.88, 25.95, 25.99, 26.02], [26.74, 26.74, 26.69, 26.69, 26.7, 26.71, 26.73, 26.77, 26.66, 26.54, 26.4, 26.27, 26.09, 25.99, 25.85, 25.9, 25.97, 26.01, 26.04, 26.06], [26.68, 26.68, 26.68, 26.72, 26.72, 26.73, 26.73, 26.74, 26.55, 26.49, 26.41, 26.31, 26.15, 25.95, 25.97, 26.02, 26.06, 26.08, 26.09, 26.09], [26.71, 26.71, 26.71, 26.71, 26.71, 26.71, 26.72, 26.71, 26.5, 26.47, 26.41, 26.34, 26.15, 26.03, 26.06, 26.11, 26.15, 26.16, 26.15, 26.13], [26.7, 26.7, 26.7, 26.7, 26.7, 26.7, 26.7, 26.69, 26.69, 26.68, 26.68, 26.61, 26.41, 26.08, 26.13, 26.19, 26.24, 26.23, 26.19, 26.16], [26.7, 26.7, 26.7, 26.7, 26.69, 26.69, 26.68, 26.67, 26.66, 26.66, 26.66, 26.58, 26.42, 26.39, 26.36, 26.22, 26.33, 26.25, 26.21, 26.18], [26.7, 26.7, 26.69, 26.69, 26.69, 26.68, 26.68, 26.66, 26.64, 26.62, 26.65, 26.58, 26.57, 26.39, 26.36, 26.34, 26.24, 26.22, 26.21, 26.18], [26.7, 26.69, 26.69, 26.69, 26.69, 26.68, 26.67, 26.66, 26.64, 26.63, 26.6, 26.59, 26.58, 26.39, 26.37, 26.36, 26.33, 26.32, 26.2, 26.18], [26.69, 26.69, 26.69, 26.69, 26.68, 26.68, 26.67, 26.67, 26.66, 26.66, 26.61, 26.61, 26.59, 26.44, 26.41, 26.38, 26.36, 26.35, 26.35, 26.36], [26.69, 26.69, 26.69, 26.69, 26.68, 26.68, 26.68, 26.67, 26.67, 26.64, 26.64, 26.6, 26.56, 26.52, 26.43, 26.4, 26.38, 26.37, 26.37, 26.37], [26.69, 26.69, 26.69, 26.69, 26.68, 26.68, 26.68, 26.68, 26.68, 26.66, 26.67, 26.62, 26.58, 26.54, 26.45, 26.42, 26.4, 26.39, 26.38, 26.38], [26.69, 26.69, 26.69, 26.69, 26.69, 26.68, 26.68, 26.68, 26.61, 26.64, 26.66, 26.62, 26.58, 26.55, 26.46, 26.44, 26.42, 26.4, 26.4, 26.39], [26.69, 26.69, 26.69, 26.69, 26.69, 26.68, 26.68, 26.68, 26.6, 26.62, 26.62, 26.6, 26.58, 26.55, 26.47, 26.45, 26.43, 26.42, 26.41, 26.4], [26.69, 26.69, 26.69, 26.69, 26.69, 26.69, 26.69, 26.59, 26.59, 26.6, 26.6, 26.59, 26.57, 26.55, 26.47, 26.45, 26.44, 26.43, 26.42, 26.41]]}