gis_exercise/awsData/contour/temp_2023090109.json
{"header": {"refTime": "2023-09-01T09:00:00.000Z", "nx": 21, "ny": 33, "lo1": 113.509, "la1": 22.2235, "lo2": 113.5947, "la2": 22.1034, "dx": 0.0042850000000001385, "dy": 0.003753125000000024, "parameterCategory": 0, "parameterCategoryName": "Temperature", "parameterNumber": 0}, "z": [[28.39, 28.38, 28.38, 28.14, 28.15, 28.41, 28.41, 28.41, 28.41, 28.35, 28.38, 28.4, 28.68, 28.7, 28.58, 28.57, 28.72, 28.71, 28.7, 28.7], [28.39, 28.39, 28.38, 28.37, 28.15, 28.16, 28.4, 28.38, 28.38, 28.35, 28.38, 28.42, 28.7, 28.72, 28.59, 28.73, 28.72, 28.7, 28.69, 28.69], [28.4, 28.39, 28.38, 28.38, 28.15, 28.16, 28.18, 28.37, 28.32, 28.34, 28.39, 28.45, 28.73, 28.75, 28.76, 28.73, 28.7, 28.69, 28.68, 28.67], [28.4, 28.4, 28.39, 28.38, 28.37, 28.15, 28.17, 28.19, 28.22, 28.34, 28.41, 28.51, 28.79, 28.68, 28.76, 28.72, 28.69, 28.66, 28.65, 28.65], [28.41, 28.4, 28.4, 28.39, 28.38, 28.14, 28.15, 28.15, 28.15, 28.33, 28.4, 28.68, 28.81, 28.71, 28.76, 28.7, 28.65, 28.63, 28.62, 28.63], [28.42, 28.41, 28.41, 28.4, 28.39, 28.37, 28.13, 28.13, 28.11, 28.07, 28.48, 28.62, 28.74, 28.9, 28.75, 28.67, 28.6, 28.57, 28.59, 28.61], [28.48, 28.43, 28.42, 28.42, 28.41, 28.39, 28.22, 28.12, 28.1, 28.15, 28.16, 28.54, 28.9, 28.9, 28.73, 28.64, 28.53, 28.48, 28.49, 28.52], [28.49, 28.49, 28.49, 28.49, 28.48, 28.3, 28.25, 28.2, 28.2, 28.11, 27.96, 28.56, 28.57, 28.9, 28.59, 28.64, 28.53, 28.49, 28.55, 28.6], [28.41, 28.42, 28.51, 28.52, 28.52, 28.5, 28.44, 28.23, 28.07, 28.18, 28.22, 28.38, 28.46, 28.36, 28.6, 28.66, 28.6, 28.57, 28.59, 28.61], [28.7, 28.7, 28.7, 28.47, 28.5, 28.59, 28.53, 28.44, 27.97, 27.99, 28.47, 28.28, 28.34, 28.32, 28.6, 28.68, 28.64, 28.62, 28.62, 28.63], [28.7, 28.7, 28.7, 28.7, 28.7, 28.7, 28.7, 28.7, 28.52, 28.06, 27.8, 28.22, 28.27, 28.27, 28.59, 28.7, 28.67, 28.65, 28.65, 28.65], [28.7, 28.7, 28.7, 28.7, 28.7, 28.7, 28.7, 28.7, 28.7, -999.0, 27.8, 28.9, 28.9, 28.24, 28.59, 28.71, 28.7, 27.72, 27.73, 27.74], [28.7, 28.7, 28.7, 28.7, 28.7, 28.7, 28.7, 28.7, 28.7, 28.7, -999.0, 28.9, 28.9, 27.79, 28.28, 27.96, 27.97, 27.82, 27.85, 27.86], [28.7, 28.7, 28.7, 28.7, 28.7, 28.7, 28.7, 28.7, 28.7, 28.7, -999.0, 27.2, 27.2, 27.2, 28.13, 27.86, 27.88, 27.73, 27.76, 27.79], [28.7, 28.7, 28.7, 28.7, 28.7, 28.7, 28.7, 28.9, 28.9, 28.9, 28.9, 28.25, 27.2, 27.2, 27.2, 27.75, 27.79, 27.65, 27.69, 27.73], [28.7, 28.7, 28.83, 28.83, 28.83, 28.9, 28.9, 28.9, 28.9, 28.9, 27.83, 27.95, 27.79, 27.65, 27.81, 27.53, 27.58, 27.49, 27.76, 27.8], [28.83, 28.83, 28.77, 28.77, 28.9, 28.9, 28.9, 28.9, 28.9, 28.9, 28.17, 27.96, 27.74, 27.53, 27.5, 27.42, 27.5, 27.57, 27.61, 27.64], [28.77, 28.77, 28.78, 28.78, 28.9, 28.9, 28.9, 28.9, 28.9, 28.47, 28.24, 27.98, 27.72, 27.52, 27.24, 27.4, 27.51, 27.58, 27.63, 27.66], [28.78, 28.78, 28.78, 28.9, 28.9, 28.9, 28.9, 28.9, 28.75, 28.57, 28.37, 28.16, 27.83, 27.62, 27.38, 27.47, 27.56, 27.62, 27.66, 27.69], [28.78, 28.78, 28.79, 28.79, 28.8, 28.81, 28.83, 28.87, 28.72, 28.57, 28.4, 28.22, 27.91, 27.77, 27.53, 27.58, 27.64, 27.68, 27.71, 27.72], [28.78, 28.78, 28.78, 28.82, 28.82, 28.83, 28.83, 28.84, 28.59, 28.52, 28.4, 28.27, 27.98, 27.62, 27.65, 27.69, 27.73, 27.75, 27.76, 27.76], [28.81, 28.81, 28.81, 28.81, 28.81, 28.81, 28.82, 28.76, 28.53, 28.49, 28.41, 28.32, 27.98, 27.7, 27.73, 27.78, 27.82, 27.82, 27.81, 27.79], [28.8, 28.8, 28.8, 28.73, 28.73, 28.73, 28.73, 28.73, 28.73, 28.72, 28.72, 28.6, 28.23, 27.75, 27.79, 27.85, 27.91, 27.89, 27.85, 27.82], [28.71, 28.71, 28.71, 28.72, 28.72, 28.72, 28.71, 28.71, 28.71, 28.7, 28.7, 28.5, 28.25, 28.17, 28.1, 27.89, 28.01, 27.91, 27.86, 27.83], [28.71, 28.71, 28.71, 28.71, 28.7, 28.7, 28.7, 28.7, 28.69, 28.7, 28.69, 28.52, 28.46, 28.18, 28.1, 28.04, 27.88, 27.85, 27.85, 27.83], [28.7, 28.7, 28.7, 28.7, 28.69, 28.69, 28.69, 28.68, 28.68, 28.69, 28.58, 28.52, 28.47, 28.19, 28.12, 28.03, 27.99, 27.97, 27.84, 27.83], [28.7, 28.69, 28.69, 28.69, 28.68, 28.68, 28.67, 28.67, 28.66, 28.65, 28.54, 28.51, 28.47, 28.15, 28.1, 28.06, 28.03, 28.01, 28.02, 28.02], [28.69, 28.69, 28.68, 28.68, 28.67, 28.67, 28.66, 28.65, 28.63, 28.53, 28.52, 28.46, 28.41, 28.35, 28.13, 28.09, 28.06, 28.04, 28.04, 28.04], [28.69, 28.68, 28.68, 28.67, 28.67, 28.66, 28.65, 28.63, 28.61, 28.51, 28.49, 28.46, 28.42, 28.37, 28.15, 28.12, 28.09, 28.07, 28.06, 28.06], [28.68, 28.68, 28.68, 28.67, 28.66, 28.65, 28.64, 28.62, 28.47, 28.48, 28.48, 28.45, 28.42, 28.38, 28.17, 28.14, 28.11, 28.09, 28.08, 28.08], [28.68, 28.68, 28.67, 28.67, 28.66, 28.65, 28.64, 28.62, 28.46, 28.46, 28.46, 28.44, 28.41, 28.38, 28.18, 28.15, 28.13, 28.11, 28.1, 28.09], [28.68, 28.67, 28.67, 28.66, 28.66, 28.65, 28.64, 28.44, 28.45, 28.44, 28.44, 28.42, 28.4, 28.38, 28.19, 28.16, 28.14, 28.12, 28.11, 28.1]]}