gis_exercise/awsData/contour/temp_2023091403.json
{"header": {"refTime": "2023-09-14T03:00:00.000Z", "nx": 21, "ny": 33, "lo1": 113.509, "la1": 22.2235, "lo2": 113.5947, "la2": 22.1034, "dx": 0.0042850000000001385, "dy": 0.003753125000000024, "parameterCategory": 0, "parameterCategoryName": "Temperature", "parameterNumber": 0}, "z": [[26.49, 26.49, 26.48, 26.27, 26.28, 26.52, 26.51, 26.51, 26.51, 26.43, 26.45, 26.47, 26.67, 26.69, 26.66, 26.66, 26.74, 26.73, 26.73, 26.72], [26.49, 26.49, 26.48, 26.48, 26.28, 26.29, 26.5, 26.49, 26.48, 26.43, 26.45, 26.48, 26.69, 26.7, 26.68, 26.75, 26.74, 26.73, 26.72, 26.72], [26.5, 26.49, 26.49, 26.48, 26.28, 26.29, 26.3, 26.47, 26.42, 26.42, 26.46, 26.51, 26.72, 26.73, 26.76, 26.75, 26.73, 26.72, 26.72, 26.71], [26.5, 26.5, 26.49, 26.49, 26.48, 26.28, 26.29, 26.31, 26.33, 26.42, 26.47, 26.56, 26.77, 26.66, 26.77, 26.74, 26.72, 26.71, 26.71, 26.71], [26.51, 26.5, 26.5, 26.49, 26.48, 26.27, 26.28, 26.28, 26.28, 26.4, 26.46, 26.67, 26.8, 26.69, 26.76, 26.73, 26.71, 26.7, 26.69, 26.7], [26.51, 26.51, 26.51, 26.5, 26.49, 26.48, 26.27, 26.27, 26.25, 26.2, 26.46, 26.6, 26.71, 26.83, 26.75, 26.72, 26.68, 26.67, 26.68, 26.69], [26.57, 26.52, 26.52, 26.52, 26.51, 26.5, 26.35, 26.28, 26.26, 26.23, 26.2, 26.49, 26.79, 26.8, 26.73, 26.7, 26.65, 26.63, 26.66, 26.67], [26.57, 26.57, 26.57, 26.57, 26.57, 26.4, 26.37, 26.35, 26.36, 26.2, 26.03, 26.45, 26.46, 26.8, 26.64, 26.65, 26.63, 26.62, 26.63, 26.64], [26.53, 26.53, 26.59, 26.59, 26.59, 26.58, 26.54, 26.36, 26.24, 26.25, 26.21, 26.33, 26.38, 26.31, 26.64, 26.65, 26.64, 26.63, 26.64, 26.64], [26.7, 26.7, 26.7, 26.56, 26.58, 26.63, 26.6, 26.54, 26.12, 26.14, 26.39, 26.25, 26.3, 26.27, 26.64, 26.66, 26.65, 26.64, 26.64, 26.65], [26.7, 26.7, 26.7, 26.7, 26.7, 26.7, 26.7, 26.7, 26.59, 26.23, 25.9, 26.2, 26.24, 26.24, 26.64, 26.66, 26.65, 26.65, 26.65, 26.65], [26.7, 26.7, 26.7, 26.7, 26.7, 26.7, 26.7, 26.7, 26.7, -999.0, 25.9, 26.7, 26.7, 26.22, 26.64, 26.66, 26.66, 26.09, 26.1, 26.1], [26.7, 26.7, 26.7, 26.7, 26.7, 26.7, 26.7, 26.7, 26.7, 26.7, -999.0, 26.7, 26.7, 26.05, 26.33, 26.27, 26.28, 26.17, 26.18, 26.19], [26.7, 26.7, 26.7, 26.7, 26.7, 26.7, 26.7, 26.7, 26.7, 26.7, -999.0, 25.7, 25.7, 25.7, 26.25, 26.2, 26.21, 26.1, 26.12, 26.14], [26.7, 26.7, 26.7, 26.7, 26.7, 26.7, 26.7, 26.7, 26.7, 26.7, 26.7, 26.32, 25.7, 25.7, 25.7, 26.11, 26.14, 26.04, 26.07, 26.09], [26.7, 26.7, 26.7, 26.7, 26.7, 26.7, 26.7, 26.7, 26.7, 26.7, 26.07, 26.14, 26.05, 25.96, 26.06, 26.03, 26.08, 25.99, 26.18, 26.21], [26.7, 26.7, 26.7, 26.7, 26.7, 26.7, 26.7, 26.7, 26.7, 26.7, 26.27, 26.15, 26.02, 25.9, 25.92, 25.91, 25.98, 26.04, 26.08, 26.11], [26.7, 26.7, 26.7, 26.7, 26.7, 26.7, 26.7, 26.7, 26.7, 26.45, 26.31, 26.16, 26.01, 25.93, 25.73, 25.89, 25.99, 26.06, 26.1, 26.13], [26.7, 26.7, 26.7, 26.7, 26.7, 26.7, 26.7, 26.7, 26.61, 26.51, 26.39, 26.27, 26.14, 26.0, 25.87, 25.95, 26.04, 26.1, 26.14, 26.16], [26.7, 26.7, 26.64, 26.65, 26.65, 26.65, 26.66, 26.68, 26.59, 26.51, 26.41, 26.3, 26.2, 26.12, 26.01, 26.06, 26.11, 26.15, 26.18, 26.19], [26.64, 26.64, 26.64, 26.66, 26.66, 26.66, 26.67, 26.67, 26.52, 26.48, 26.41, 26.33, 26.26, 26.1, 26.12, 26.16, 26.2, 26.22, 26.22, 26.22], [26.65, 26.65, 26.65, 26.66, 26.66, 26.66, 26.66, 26.68, 26.49, 26.46, 26.42, 26.37, 26.28, 26.17, 26.2, 26.25, 26.28, 26.29, 26.27, 26.25], [26.65, 26.65, 26.65, 26.69, 26.69, 26.68, 26.68, 26.68, 26.67, 26.67, 26.67, 26.63, 26.48, 26.22, 26.26, 26.32, 26.37, 26.35, 26.31, 26.28], [26.69, 26.69, 26.69, 26.69, 26.69, 26.68, 26.68, 26.67, 26.66, 26.65, 26.66, 26.65, 26.48, 26.47, 26.45, 26.35, 26.49, 26.36, 26.31, 26.29], [26.69, 26.69, 26.69, 26.69, 26.69, 26.68, 26.68, 26.66, 26.64, 26.63, 26.65, 26.65, 26.66, 26.46, 26.45, 26.43, 26.33, 26.29, 26.3, 26.29], [26.69, 26.69, 26.69, 26.69, 26.69, 26.69, 26.68, 26.67, 26.65, 26.63, 26.65, 26.66, 26.67, 26.46, 26.44, 26.45, 26.42, 26.4, 26.29, 26.28], [26.7, 26.7, 26.69, 26.69, 26.69, 26.69, 26.69, 26.68, 26.68, 26.68, 26.68, 26.68, 26.68, 26.54, 26.51, 26.47, 26.45, 26.44, 26.44, 26.45], [26.7, 26.7, 26.7, 26.7, 26.7, 26.7, 26.7, 26.7, 26.71, 26.71, 26.72, 26.65, 26.61, 26.57, 26.53, 26.5, 26.47, 26.46, 26.46, 26.46], [26.7, 26.7, 26.7, 26.7, 26.7, 26.7, 26.71, 26.71, 26.73, 26.75, 26.76, 26.69, 26.63, 26.59, 26.55, 26.52, 26.5, 26.48, 26.48, 26.48], [26.7, 26.7, 26.7, 26.7, 26.7, 26.71, 26.71, 26.72, 26.67, 26.71, 26.74, 26.69, 26.64, 26.6, 26.56, 26.53, 26.51, 26.5, 26.49, 26.49], [26.7, 26.7, 26.7, 26.7, 26.71, 26.71, 26.71, 26.72, 26.66, 26.68, 26.69, 26.67, 26.63, 26.6, 26.57, 26.54, 26.53, 26.51, 26.5, 26.5], [26.7, 26.7, 26.7, 26.71, 26.71, 26.71, 26.72, 26.64, 26.65, 26.66, 26.66, 26.64, 26.62, 26.6, 26.57, 26.55, 26.54, 26.52, 26.51, 26.51]]}