gis_exercise/awsData/contour/temp_2023091119.json
{"header": {"refTime": "2023-09-11T19:00:00.000Z", "nx": 21, "ny": 33, "lo1": 113.509, "la1": 22.2235, "lo2": 113.5947, "la2": 22.1034, "dx": 0.0042850000000001385, "dy": 0.003753125000000024, "parameterCategory": 0, "parameterCategoryName": "Temperature", "parameterNumber": 0}, "z": [[26.12, 26.11, 26.11, 25.82, 25.83, 26.12, 26.11, 26.11, 26.11, 25.99, 26.0, 26.02, 26.25, 26.26, 26.29, 26.3, 26.35, 26.34, 26.34, 26.34], [26.12, 26.12, 26.11, 26.1, 25.83, 25.84, 26.1, 26.09, 26.08, 25.99, 26.01, 26.04, 26.26, 26.28, 26.31, 26.35, 26.35, 26.34, 26.34, 26.34], [26.13, 26.12, 26.12, 26.11, 25.83, 25.84, 25.86, 26.07, 26.02, 25.99, 26.02, 26.07, 26.29, 26.3, 26.37, 26.36, 26.35, 26.34, 26.34, 26.33], [26.13, 26.13, 26.12, 26.11, 26.1, 25.83, 25.85, 25.88, 25.91, 25.98, 26.02, 26.11, 26.35, 26.19, 26.37, 26.35, 26.34, 26.34, 26.33, 26.33], [26.14, 26.14, 26.13, 26.12, 26.11, 25.82, 25.83, 25.84, 25.83, 25.94, 26.0, 26.21, 26.38, 26.23, 26.37, 26.35, 26.34, 26.33, 26.33, 26.33], [26.15, 26.15, 26.14, 26.14, 26.13, 26.11, 25.82, 25.82, 25.79, 25.73, 25.96, 26.12, 26.26, 26.4, 26.35, 26.34, 26.33, 26.32, 26.32, 26.32], [26.22, 26.16, 26.16, 26.15, 26.15, 26.13, 25.92, 25.83, 25.8, 25.72, 25.67, 25.98, 26.33, 26.35, 26.34, 26.33, 26.31, 26.31, 26.34, 26.35], [26.23, 26.23, 26.23, 26.23, 26.22, 25.99, 25.96, 25.93, 25.93, 25.68, 25.46, 25.92, 25.93, 26.35, 26.26, 26.25, 26.27, 26.28, 26.27, 26.26], [26.17, 26.18, 26.25, 26.25, 26.26, 26.24, 26.19, 25.94, 25.78, 25.74, 25.65, 25.78, 25.84, 25.76, 26.26, 26.25, 26.26, 26.27, 26.26, 26.26], [26.4, 26.4, 26.4, 26.21, 26.24, 26.31, 26.26, 26.19, 25.6, 25.64, 25.85, 25.7, 25.74, 25.72, 26.26, 26.24, 26.25, 26.26, 26.26, 26.25], [26.4, 26.4, 26.4, 26.4, 26.4, 26.4, 26.4, 26.4, 26.26, 25.76, 25.3, 25.64, 25.68, 25.69, 26.26, 26.24, 26.25, 26.25, 26.25, 26.25], [26.4, 26.4, 26.4, 26.4, 26.4, 26.4, 26.4, 26.4, 26.4, -999.0, 25.3, 26.2, 26.2, 25.66, 26.26, 26.24, 26.24, 25.67, 25.69, 25.69], [26.4, 26.4, 26.4, 26.4, 26.4, 26.4, 26.4, 26.4, 26.4, 26.4, -999.0, 26.2, 26.2, 25.55, 25.83, 25.9, 25.91, 25.77, 25.79, 25.8], [26.4, 26.4, 26.4, 26.4, 26.4, 26.4, 26.4, 26.4, 26.4, 26.4, -999.0, 25.2, 25.2, 25.2, 25.75, 25.81, 25.83, 25.69, 25.72, 25.74], [26.4, 26.4, 26.4, 26.4, 26.4, 26.4, 26.4, 26.4, 26.4, 26.4, 26.4, 25.94, 25.2, 25.2, 25.2, 25.7, 25.74, 25.61, 25.65, 25.68], [26.4, 26.4, 26.4, 26.4, 26.4, 26.4, 26.4, 26.4, 26.4, 26.4, 25.64, 25.73, 25.61, 25.52, 25.63, 25.57, 25.62, 25.52, 25.76, 25.8], [26.4, 26.4, 26.4, 26.4, 26.4, 26.4, 26.4, 26.4, 26.4, 26.4, 25.88, 25.74, 25.58, 25.43, 25.45, 25.44, 25.52, 25.59, 25.64, 25.67], [26.4, 26.4, 26.4, 26.4, 26.4, 26.4, 26.4, 26.4, 26.4, 26.1, 25.93, 25.75, 25.57, 25.46, 25.24, 25.41, 25.53, 25.61, 25.66, 25.69], [26.4, 26.4, 26.4, 26.4, 26.4, 26.4, 26.4, 26.4, 26.29, 26.17, 26.04, 25.89, 25.71, 25.55, 25.4, 25.48, 25.59, 25.65, 25.7, 25.72], [26.4, 26.4, 26.34, 26.35, 26.35, 26.35, 26.36, 26.38, 26.28, 26.18, 26.05, 25.93, 25.78, 25.69, 25.56, 25.61, 25.67, 25.72, 25.74, 25.76], [26.34, 26.34, 26.34, 26.36, 26.36, 26.36, 26.37, 26.37, 26.19, 26.14, 26.06, 25.97, 25.85, 25.65, 25.68, 25.72, 25.77, 25.79, 25.8, 25.8], [26.35, 26.35, 26.35, 26.36, 26.36, 26.36, 26.36, 26.4, 26.16, 26.12, 26.07, 26.01, 25.88, 25.73, 25.77, 25.82, 25.86, 25.87, 25.85, 25.83], [26.35, 26.35, 26.35, 26.41, 26.41, 26.41, 26.4, 26.4, 26.39, 26.39, 26.39, 26.3, 26.12, 25.79, 25.84, 25.9, 25.96, 25.94, 25.89, 25.86], [26.42, 26.42, 26.42, 26.42, 26.41, 26.41, 26.4, 26.39, 26.38, 26.37, 26.38, 26.35, 26.12, 26.09, 26.07, 25.94, 26.08, 25.95, 25.9, 25.87], [26.42, 26.42, 26.42, 26.42, 26.42, 26.41, 26.4, 26.39, 26.36, 26.34, 26.37, 26.36, 26.36, 26.09, 26.07, 26.04, 25.92, 25.88, 25.89, 25.87], [26.43, 26.43, 26.42, 26.42, 26.42, 26.42, 26.41, 26.39, 26.37, 26.35, 26.36, 26.38, 26.37, 26.1, 26.07, 26.08, 26.04, 26.02, 25.88, 25.87], [26.43, 26.43, 26.43, 26.43, 26.43, 26.42, 26.42, 26.42, 26.41, 26.41, 26.41, 26.41, 26.4, 26.21, 26.16, 26.11, 26.08, 26.06, 26.07, 26.08], [26.43, 26.43, 26.43, 26.43, 26.43, 26.43, 26.44, 26.44, 26.45, 26.46, 26.47, 26.39, 26.34, 26.28, 26.19, 26.15, 26.12, 26.1, 26.1, 26.1], [26.43, 26.43, 26.44, 26.44, 26.44, 26.44, 26.45, 26.46, 26.48, 26.51, 26.54, 26.44, 26.37, 26.3, 26.22, 26.18, 26.15, 26.13, 26.12, 26.12], [26.44, 26.44, 26.44, 26.44, 26.44, 26.45, 26.46, 26.47, 26.42, 26.48, 26.51, 26.45, 26.38, 26.32, 26.24, 26.2, 26.17, 26.15, 26.14, 26.14], [26.44, 26.44, 26.44, 26.44, 26.45, 26.45, 26.46, 26.48, 26.41, 26.44, 26.44, 26.41, 26.37, 26.32, 26.25, 26.22, 26.19, 26.17, 26.16, 26.15], [26.44, 26.44, 26.44, 26.45, 26.45, 26.46, 26.46, 26.37, 26.39, 26.4, 26.4, 26.38, 26.35, 26.32, 26.26, 26.23, 26.21, 26.19, 26.17, 26.17]]}