gis_exercise/awsData/contour/temp_2023091322.json
{"header": {"refTime": "2023-09-13T22:00:00.000Z", "nx": 21, "ny": 33, "lo1": 113.509, "la1": 22.2235, "lo2": 113.5947, "la2": 22.1034, "dx": 0.0042850000000001385, "dy": 0.003753125000000024, "parameterCategory": 0, "parameterCategoryName": "Temperature", "parameterNumber": 0}, "z": [[27.4, 27.39, 27.39, 27.21, 27.22, 27.42, 27.42, 27.42, 27.43, 27.38, 27.39, 27.39, 27.54, 27.55, 27.52, 27.52, 27.54, 27.53, 27.53, 27.52], [27.4, 27.4, 27.39, 27.39, 27.22, 27.24, 27.41, 27.42, 27.42, 27.38, 27.39, 27.4, 27.55, 27.56, 27.53, 27.55, 27.54, 27.53, 27.52, 27.52], [27.4, 27.4, 27.39, 27.39, 27.22, 27.23, 27.26, 27.41, 27.4, 27.38, 27.4, 27.42, 27.57, 27.58, 27.56, 27.55, 27.53, 27.52, 27.52, 27.51], [27.4, 27.4, 27.4, 27.39, 27.39, 27.22, 27.24, 27.27, 27.3, 27.37, 27.4, 27.45, 27.6, 27.5, 27.57, 27.54, 27.52, 27.51, 27.51, 27.51], [27.41, 27.4, 27.4, 27.39, 27.39, 27.2, 27.21, 27.22, 27.22, 27.34, 27.38, 27.5, 27.62, 27.52, 27.56, 27.53, 27.51, 27.5, 27.49, 27.5], [27.41, 27.41, 27.4, 27.4, 27.39, 27.38, 27.19, 27.18, 27.17, 27.14, 27.34, 27.45, 27.54, 27.63, 27.55, 27.52, 27.48, 27.47, 27.48, 27.49], [27.42, 27.41, 27.41, 27.41, 27.4, 27.38, 27.22, 27.17, 27.15, 27.12, 27.11, 27.35, 27.59, 27.6, 27.53, 27.5, 27.45, 27.43, 27.46, 27.47], [27.43, 27.43, 27.43, 27.43, 27.42, 27.28, 27.25, 27.2, 27.18, 27.1, 26.99, 27.32, 27.32, 27.6, 27.44, 27.45, 27.43, 27.42, 27.43, 27.44], [27.37, 27.38, 27.45, 27.45, 27.46, 27.44, 27.39, 27.23, 27.1, 27.14, 27.13, 27.22, 27.26, 27.2, 27.44, 27.45, 27.44, 27.43, 27.44, 27.44], [27.6, 27.6, 27.6, 27.41, 27.44, 27.51, 27.46, 27.39, 27.03, 27.05, 27.26, 27.16, 27.2, 27.18, 27.44, 27.46, 27.45, 27.44, 27.44, 27.45], [27.6, 27.6, 27.6, 27.6, 27.6, 27.6, 27.6, 27.6, 27.46, 27.1, 26.9, 27.13, 27.16, 27.16, 27.44, 27.46, 27.45, 27.45, 27.45, 27.45], [27.6, 27.6, 27.6, 27.6, 27.6, 27.6, 27.6, 27.6, 27.6, -999.0, 26.9, 27.5, 27.5, 27.14, 27.44, 27.46, 27.46, 26.89, 26.9, 26.9], [27.6, 27.6, 27.6, 27.6, 27.6, 27.6, 27.6, 27.6, 27.6, 27.6, -999.0, 27.5, 27.5, 26.85, 27.13, 27.07, 27.08, 26.97, 26.98, 26.99], [27.6, 27.6, 27.6, 27.6, 27.6, 27.6, 27.6, 27.6, 27.6, 27.6, -999.0, 26.5, 26.5, 26.5, 27.05, 27.0, 27.01, 26.9, 26.92, 26.94], [27.6, 27.6, 27.6, 27.6, 27.6, 27.6, 27.6, 27.7, 27.7, 27.7, 27.7, 27.24, 26.5, 26.5, 26.5, 26.91, 26.94, 26.84, 26.87, 26.89], [27.6, 27.6, 27.66, 27.66, 27.67, 27.7, 27.7, 27.7, 27.7, 27.7, 26.94, 27.03, 26.91, 26.82, 26.93, 26.79, 26.84, 26.76, 26.95, 26.98], [27.66, 27.66, 27.64, 27.64, 27.7, 27.7, 27.7, 27.7, 27.7, 27.7, 27.18, 27.04, 26.88, 26.73, 26.73, 26.72, 26.8, 26.86, 26.91, 26.94], [27.64, 27.64, 27.64, 27.64, 27.7, 27.7, 27.7, 27.7, 27.7, 27.4, 27.23, 27.05, 26.87, 26.74, 26.53, 26.7, 26.81, 26.88, 26.93, 26.96], [27.64, 27.64, 27.64, 27.7, 27.7, 27.7, 27.7, 27.7, 27.59, 27.47, 27.34, 27.19, 26.97, 26.82, 26.68, 26.76, 26.86, 26.92, 26.96, 26.99], [27.64, 27.64, 27.64, 27.65, 27.65, 27.65, 27.66, 27.68, 27.58, 27.48, 27.35, 27.23, 27.04, 26.94, 26.83, 26.87, 26.93, 26.98, 27.01, 27.02], [27.64, 27.64, 27.64, 27.66, 27.66, 27.66, 27.67, 27.67, 27.49, 27.44, 27.36, 27.27, 27.09, 26.92, 26.94, 26.98, 27.02, 27.05, 27.06, 27.06], [27.65, 27.65, 27.65, 27.66, 27.66, 27.66, 27.66, 27.72, 27.46, 27.42, 27.37, 27.31, 27.11, 26.99, 27.03, 27.07, 27.1, 27.11, 27.1, 27.09], [27.65, 27.65, 27.65, 27.74, 27.73, 27.73, 27.72, 27.72, 27.71, 27.71, 27.71, 27.55, 27.38, 27.05, 27.09, 27.14, 27.18, 27.17, 27.15, 27.12], [27.75, 27.75, 27.75, 27.74, 27.74, 27.73, 27.72, 27.71, 27.69, 27.69, 27.7, 27.63, 27.39, 27.35, 27.32, 27.17, 27.25, 27.21, 27.17, 27.14], [27.75, 27.75, 27.75, 27.75, 27.74, 27.74, 27.73, 27.71, 27.67, 27.64, 27.69, 27.64, 27.62, 27.36, 27.32, 27.29, 27.2, 27.2, 27.17, 27.14], [27.76, 27.76, 27.76, 27.75, 27.75, 27.75, 27.74, 27.72, 27.69, 27.66, 27.66, 27.67, 27.65, 27.36, 27.33, 27.36, 27.32, 27.31, 27.16, 27.14], [27.76, 27.76, 27.76, 27.76, 27.76, 27.76, 27.75, 27.75, 27.74, 27.75, 27.72, 27.72, 27.69, 27.52, 27.45, 27.4, 27.37, 27.35, 27.36, 27.37], [27.77, 27.77, 27.77, 27.77, 27.77, 27.77, 27.78, 27.78, 27.8, 27.79, 27.81, 27.76, 27.71, 27.65, 27.5, 27.44, 27.41, 27.39, 27.39, 27.39], [27.77, 27.77, 27.77, 27.77, 27.78, 27.78, 27.79, 27.81, 27.84, 27.87, 27.93, 27.82, 27.74, 27.68, 27.53, 27.48, 27.45, 27.42, 27.41, 27.41], [27.77, 27.77, 27.78, 27.78, 27.79, 27.79, 27.81, 27.82, 27.8, 27.86, 27.9, 27.83, 27.75, 27.69, 27.56, 27.51, 27.47, 27.45, 27.44, 27.43], [27.78, 27.78, 27.78, 27.79, 27.79, 27.8, 27.81, 27.83, 27.78, 27.81, 27.82, 27.79, 27.74, 27.7, 27.57, 27.53, 27.5, 27.47, 27.46, 27.45], [27.78, 27.78, 27.78, 27.79, 27.79, 27.8, 27.81, 27.74, 27.76, 27.78, 27.78, 27.76, 27.73, 27.69, 27.58, 27.54, 27.51, 27.49, 27.47, 27.46]]}