gis_exercise/awsData/contour/temp_2023090605.json
{"header": {"refTime": "2023-09-06T05:00:00.000Z", "nx": 21, "ny": 33, "lo1": 113.509, "la1": 22.2235, "lo2": 113.5947, "la2": 22.1034, "dx": 0.0042850000000001385, "dy": 0.003753125000000024, "parameterCategory": 0, "parameterCategoryName": "Temperature", "parameterNumber": 0}, "z": [[28.41, 28.4, 28.4, 28.36, 28.35, 28.51, 28.48, 28.45, 28.45, 28.39, 28.45, 28.5, 28.62, 28.64, 28.66, 28.66, 28.79, 28.78, 28.77, 28.76], [28.41, 28.41, 28.4, 28.39, 28.35, 28.33, 28.46, 28.39, 28.36, 28.35, 28.45, 28.53, 28.65, 28.68, 28.68, 28.8, 28.79, 28.77, 28.76, 28.76], [28.42, 28.42, 28.41, 28.4, 28.36, 28.34, 28.3, 28.34, 28.16, 28.31, 28.46, 28.58, 28.71, 28.73, 28.83, 28.8, 28.78, 28.76, 28.75, 28.75], [28.43, 28.42, 28.42, 28.41, 28.4, 28.36, 28.33, 28.28, 28.23, 28.37, 28.52, 28.67, 28.81, 28.83, 28.84, 28.8, 28.77, 28.75, 28.74, 28.74], [28.43, 28.43, 28.43, 28.43, 28.43, 28.4, 28.38, 28.36, 28.35, 28.44, 28.57, 28.85, 28.99, 28.86, 28.83, 28.78, 28.74, 28.73, 28.72, 28.72], [28.44, 28.44, 28.44, 28.44, 28.45, 28.46, 28.44, 28.45, 28.44, 28.42, 28.66, 28.77, 28.88, 28.93, 28.81, 28.75, 28.71, 28.69, 28.7, 28.71], [28.58, 28.45, 28.45, 28.46, 28.47, 28.49, 28.57, 28.55, 28.55, 28.53, 28.47, 28.63, 28.82, 28.84, 28.77, 28.73, 28.67, 28.64, 28.69, 28.72], [28.57, 28.57, 28.57, 28.57, 28.58, 28.54, 28.57, 28.65, 28.73, 28.51, 28.37, 28.51, 28.51, 28.85, 28.6, 28.6, 28.6, 28.6, 28.6, 28.6], [28.63, 28.62, 28.55, 28.55, 28.54, 28.56, 28.61, 28.6, 28.64, 28.54, 28.42, 28.46, 28.48, 28.45, 28.6, 28.6, 28.6, 28.6, 28.6, 28.6], [28.4, 28.4, 28.4, 28.59, 28.56, 28.49, 28.54, 28.61, 28.52, 28.54, 28.48, 28.43, 28.45, 28.44, 28.6, 28.6, 28.6, 28.6, 28.6, 28.6], [28.4, 28.4, 28.4, 28.4, 28.4, 28.4, 28.4, 28.4, 28.54, 28.63, 28.3, 28.41, 28.43, 28.43, 28.6, 28.6, 28.6, 28.6, 28.6, 28.6], [28.4, 28.4, 28.4, 28.4, 28.4, 28.4, 28.4, 28.4, 28.4, -999.0, 28.3, 28.6, 28.6, 28.42, 28.6, 28.6, 28.6, 27.75, 27.77, 27.77], [28.4, 28.4, 28.4, 28.4, 28.4, 28.4, 28.4, 28.4, 28.4, 28.4, -999.0, 28.6, 28.6, 27.62, 28.05, 28.05, 28.07, 27.88, 27.91, 27.92], [28.4, 28.4, 28.4, 28.4, 28.4, 28.4, 28.4, 28.4, 28.4, 28.4, -999.0, 27.1, 27.1, 27.1, 27.92, 27.93, 27.95, 27.76, 27.8, 27.84], [28.4, 28.4, 28.4, 28.4, 28.4, 28.4, 28.4, 27.5, 27.5, 27.5, 27.5, 27.35, 27.1, 27.1, 27.1, 27.79, 27.83, 27.66, 27.71, 27.76], [28.4, 28.4, 27.83, 27.82, 27.81, 27.5, 27.5, 27.5, 27.5, 27.5, 27.25, 27.28, 27.24, 27.21, 27.24, 27.17, 27.18, 27.16, 27.54, 27.58], [27.82, 27.82, 28.08, 28.07, 27.5, 27.5, 27.5, 27.5, 27.5, 27.5, 27.33, 27.28, 27.23, 27.18, 27.17, 27.03, 27.01, 26.99, 26.97, 26.96], [28.08, 28.07, 28.05, 28.03, 27.5, 27.5, 27.5, 27.5, 27.5, 27.4, 27.34, 27.28, 27.22, 27.17, 27.11, 27.04, 27.01, 26.98, 26.97, 26.96], [28.06, 28.05, 28.03, 27.5, 27.5, 27.5, 27.5, 27.5, 27.46, 27.42, 27.33, 27.28, 27.25, 27.2, 27.05, 27.02, 27.0, 26.97, 26.96, 26.95], [28.05, 28.03, 27.33, 27.34, 27.35, 27.36, 27.39, 27.45, 27.43, 27.38, 27.33, 27.28, 27.26, 27.23, 27.01, 26.99, 26.98, 26.96, 26.95, 26.94], [27.32, 27.32, 27.33, 27.38, 27.38, 27.39, 27.4, 27.41, 27.37, 27.34, 27.31, 27.28, 27.28, 26.98, 26.98, 26.97, 26.96, 26.95, 26.93, 26.92], [27.36, 27.36, 27.36, 27.37, 27.37, 27.37, 27.37, 27.4, 27.32, 27.31, 27.29, 27.27, 27.2, 26.96, 26.96, 26.96, 26.96, 26.94, 26.92, 26.91], [27.35, 27.35, 27.35, 27.39, 27.39, 27.38, 27.38, 27.37, 27.36, 27.35, 27.35, 27.31, 27.0, 26.94, 26.95, 26.96, 26.99, 26.94, 26.89, 26.89], [27.39, 27.39, 27.39, 27.39, 27.38, 27.37, 27.36, 27.34, 27.32, 27.31, 27.33, 27.3, 27.0, 26.97, 26.95, 26.95, 27.1, 26.85, 26.84, 26.86], [27.39, 27.39, 27.39, 27.38, 27.38, 27.37, 27.35, 27.33, 27.28, 27.25, 27.3, 27.3, 27.32, 26.97, 26.93, 26.9, 26.8, 26.68, 26.8, 26.85], [27.39, 27.39, 27.39, 27.38, 27.37, 27.37, 27.35, 27.33, 27.29, 27.26, 27.29, 27.32, 27.33, 26.96, 26.93, 26.93, 26.86, 26.82, 26.81, 26.84], [27.39, 27.39, 27.39, 27.38, 27.38, 27.37, 27.36, 27.35, 27.34, 27.33, 27.33, 27.34, 27.34, 27.08, 27.02, 26.96, 26.92, 26.89, 26.9, 26.92], [27.39, 27.39, 27.39, 27.38, 27.38, 27.38, 27.37, 27.37, 27.38, 27.38, 27.39, 27.25, 27.17, 27.09, 27.05, 27.0, 26.96, 26.94, 26.94, 26.94], [27.39, 27.39, 27.39, 27.39, 27.38, 27.38, 27.39, 27.39, 27.41, 27.43, 27.43, 27.31, 27.21, 27.12, 27.08, 27.04, 27.0, 26.98, 26.97, 26.97], [27.39, 27.39, 27.39, 27.39, 27.39, 27.39, 27.39, 27.4, 27.29, 27.35, 27.39, 27.31, 27.22, 27.14, 27.11, 27.06, 27.03, 27.01, 26.99, 26.99], [27.39, 27.39, 27.39, 27.39, 27.39, 27.39, 27.4, 27.41, 27.27, 27.3, 27.31, 27.27, 27.21, 27.15, 27.12, 27.08, 27.05, 27.03, 27.01, 27.01], [27.39, 27.39, 27.39, 27.39, 27.4, 27.4, 27.4, 27.22, 27.24, 27.26, 27.25, 27.23, 27.19, 27.14, 27.13, 27.09, 27.07, 27.05, 27.03, 27.02]]}