gis_exercise/awsData/contour/temp_2023090601.json
{"header": {"refTime": "2023-09-06T01:00:00.000Z", "nx": 21, "ny": 33, "lo1": 113.509, "la1": 22.2235, "lo2": 113.5947, "la2": 22.1034, "dx": 0.0042850000000001385, "dy": 0.003753125000000024, "parameterCategory": 0, "parameterCategoryName": "Temperature", "parameterNumber": 0}, "z": [[29.19, 29.18, 29.17, 29.18, 29.15, 29.38, 29.33, 29.28, 29.28, 29.29, 29.4, 29.5, 29.75, 29.81, 29.93, 29.96, 30.36, 30.36, 30.35, 30.35], [29.2, 29.19, 29.18, 29.16, 29.16, 29.12, 29.28, 29.18, 29.12, 29.2, 29.39, 29.55, 29.81, 29.87, 29.98, 30.36, 30.36, 30.36, 30.36, 30.35], [29.21, 29.2, 29.19, 29.17, 29.17, 29.13, 29.07, 29.1, 28.8, 29.13, 29.42, 29.64, 29.91, 29.95, 30.37, 30.36, 30.36, 30.36, 30.36, 30.36], [29.22, 29.22, 29.21, 29.2, 29.18, 29.17, 29.12, 29.02, 28.94, 29.25, 29.53, 29.79, 30.08, 30.19, 30.37, 30.36, 30.36, 30.36, 30.36, 30.36], [29.23, 29.23, 29.23, 29.22, 29.21, 29.23, 29.2, 29.17, 29.16, 29.42, 29.64, 30.21, 30.38, 30.23, 30.37, 30.36, 30.36, 30.36, 30.36, 30.36], [29.25, 29.25, 29.25, 29.25, 29.25, 29.26, 29.3, 29.31, 29.32, 29.31, 29.97, 30.12, 30.26, 30.37, 30.36, 30.36, 30.37, 30.37, 30.37, 30.36], [29.48, 29.26, 29.27, 29.28, 29.29, 29.31, 29.52, 29.44, 29.46, 29.64, 29.64, 29.98, 30.27, 30.3, 30.34, 30.35, 30.38, 30.38, 30.42, 30.42], [29.47, 29.47, 29.47, 29.47, 29.48, 29.48, 29.52, 29.59, 29.69, 29.61, 29.51, 29.88, 29.89, 30.3, 30.29, 30.26, 30.32, 30.35, 30.31, 30.28], [29.53, 29.52, 29.45, 29.45, 29.44, 29.46, 29.51, 29.54, 29.6, 29.66, 29.67, 29.77, 29.82, 29.76, 30.28, 30.24, 30.28, 30.3, 30.29, 30.27], [29.3, 29.3, 29.3, 29.49, 29.46, 29.39, 29.44, 29.51, 29.53, 29.55, 29.83, 29.71, 29.75, 29.73, 30.28, 30.23, 30.26, 30.27, 30.27, 30.26], [29.3, 29.3, 29.3, 29.3, 29.3, 29.3, 29.3, 29.3, 29.44, 29.6, 29.4, 29.67, 29.7, 29.7, 30.28, 30.22, 30.24, 30.25, 30.25, 30.25], [29.3, 29.3, 29.3, 29.3, 29.3, 29.3, 29.3, 29.3, 29.3, -999.0, 29.4, 30.1, 30.1, 29.68, 30.29, 30.21, 30.22, 28.58, 28.62, 28.64], [29.3, 29.3, 29.3, 29.3, 29.3, 29.3, 29.3, 29.3, 29.3, 29.3, -999.0, 30.1, 30.1, 28.21, 29.04, 29.24, 29.26, 28.86, 28.92, 28.96], [29.3, 29.3, 29.3, 29.3, 29.3, 29.3, 29.3, 29.3, 29.3, 29.3, -999.0, 27.2, 27.2, 27.2, 28.79, 28.97, 29.02, 28.62, 28.7, 28.77], [29.3, 29.3, 29.3, 29.3, 29.3, 29.3, 29.3, 29.3, 29.3, 29.3, 29.3, 28.49, 27.2, 27.2, 27.2, 28.66, 28.76, 28.39, 28.51, 28.6], [29.3, 29.3, 29.3, 29.3, 29.3, 29.3, 29.3, 29.3, 29.3, 29.3, 27.98, 28.13, 27.92, 27.75, 27.95, 27.68, 27.75, 27.62, 28.38, 28.47], [29.3, 29.3, 29.3, 29.3, 29.3, 29.3, 29.3, 29.3, 29.3, 29.3, 28.4, 28.14, 27.86, 27.61, 27.6, 27.37, 27.43, 27.48, 27.51, 27.53], [29.3, 29.3, 29.3, 29.3, 29.3, 29.3, 29.3, 29.3, 29.3, 28.77, 28.48, 28.17, 27.84, 27.61, 27.26, 27.36, 27.44, 27.5, 27.53, 27.55], [29.3, 29.3, 29.3, 29.3, 29.3, 29.3, 29.3, 29.3, 29.11, 28.89, 28.51, 28.24, 28.01, 27.75, 27.34, 27.41, 27.48, 27.53, 27.56, 27.57], [29.3, 29.3, 28.73, 28.76, 28.79, 28.85, 28.93, 29.14, 28.99, 28.76, 28.51, 28.28, 28.12, 27.95, 27.47, 27.5, 27.55, 27.58, 27.6, 27.6], [28.69, 28.7, 28.72, 28.89, 28.91, 28.94, 28.97, 29.01, 28.74, 28.63, 28.47, 28.31, 28.21, 27.54, 27.56, 27.6, 27.63, 27.64, 27.64, 27.62], [28.83, 28.84, 28.84, 28.85, 28.86, 28.87, 28.88, 28.66, 28.58, 28.51, 28.42, 28.31, 27.97, 27.6, 27.64, 27.69, 27.73, 27.71, 27.67, 27.64], [28.82, 28.82, 28.82, 28.51, 28.52, 28.53, 28.53, 28.52, 28.5, 28.48, 28.46, 28.65, 27.98, 27.64, 27.69, 27.78, 27.87, 27.79, 27.69, 27.65], [28.45, 28.45, 28.46, 28.46, 28.46, 28.45, 28.44, 28.42, 28.39, 28.37, 28.36, 28.17, 27.99, 27.94, 27.91, 27.8, 28.14, 27.7, 27.64, 27.63], [28.43, 28.42, 28.42, 28.41, 28.41, 28.39, 28.37, 28.35, 28.32, 28.3, 28.3, 28.16, 28.16, 27.93, 27.88, 27.83, 27.6, 27.42, 27.58, 27.61], [28.4, 28.39, 28.39, 28.37, 28.36, 28.34, 28.31, 28.29, 28.27, 28.27, 28.15, 28.11, 28.12, 27.93, 27.87, 27.7, 27.63, 27.59, 27.58, 27.6], [28.38, 28.37, 28.36, 28.34, 28.32, 28.29, 28.26, 28.23, 28.2, 28.17, 28.05, 28.04, 28.07, 27.69, 27.7, 27.68, 27.66, 27.64, 27.65, 27.66], [28.36, 28.35, 28.33, 28.31, 28.28, 28.25, 28.21, 28.16, 28.1, 27.93, 27.9, 27.72, 27.68, 27.63, 27.68, 27.68, 27.67, 27.66, 27.66, 27.67], [28.34, 28.33, 28.31, 28.28, 28.26, 28.22, 28.17, 28.11, 28.01, 27.8, 27.64, 27.67, 27.67, 27.63, 27.68, 27.68, 27.67, 27.67, 27.67, 27.67], [28.32, 28.31, 28.29, 28.26, 28.23, 28.2, 28.15, 28.08, 27.72, 27.68, 27.65, 27.66, 27.66, 27.63, 27.67, 27.68, 27.68, 27.68, 27.68, 27.68], [28.31, 28.3, 28.28, 28.25, 28.22, 28.18, 28.14, 28.08, 27.71, 27.68, 27.67, 27.66, 27.65, 27.63, 27.67, 27.67, 27.68, 27.68, 27.68, 27.68], [28.3, 28.29, 28.27, 28.24, 28.21, 28.18, 28.14, 27.72, 27.7, 27.69, 27.67, 27.66, 27.65, 27.63, 27.67, 27.67, 27.68, 27.68, 27.68, 27.68]]}