gis_exercise/awsData/contour/temp_2023090107.json
{"header": {"refTime": "2023-09-01T07:00:00.000Z", "nx": 21, "ny": 33, "lo1": 113.509, "la1": 22.2235, "lo2": 113.5947, "la2": 22.1034, "dx": 0.0042850000000001385, "dy": 0.003753125000000024, "parameterCategory": 0, "parameterCategoryName": "Temperature", "parameterNumber": 0}, "z": [[27.25, 27.24, 27.24, 27.02, 27.03, 27.24, 27.23, 27.23, 27.23, 27.19, 27.22, 27.25, 27.43, 27.45, 27.41, 27.4, 27.5, 27.5, 27.49, 27.48], [27.25, 27.25, 27.24, 27.23, 27.03, 27.03, 27.22, 27.2, 27.19, 27.18, 27.22, 27.26, 27.45, 27.47, 27.42, 27.51, 27.5, 27.49, 27.48, 27.48], [27.26, 27.25, 27.24, 27.23, 27.03, 27.03, 27.04, 27.18, 27.12, 27.17, 27.23, 27.3, 27.49, 27.5, 27.54, 27.51, 27.49, 27.48, 27.47, 27.47], [27.27, 27.26, 27.25, 27.24, 27.23, 27.03, 27.04, 27.05, 27.06, 27.18, 27.25, 27.35, 27.55, 27.48, 27.54, 27.51, 27.48, 27.46, 27.46, 27.46], [27.28, 27.27, 27.26, 27.25, 27.24, 27.02, 27.03, 27.03, 27.03, 27.18, 27.26, 27.49, 27.61, 27.51, 27.54, 27.49, 27.46, 27.44, 27.44, 27.44], [27.29, 27.28, 27.28, 27.27, 27.26, 27.24, 27.02, 27.02, 27.01, 26.98, 27.3, 27.42, 27.53, 27.63, 27.52, 27.47, 27.42, 27.4, 27.41, 27.43], [27.38, 27.3, 27.3, 27.29, 27.28, 27.26, 27.15, 27.03, 27.02, 27.04, 27.04, 27.32, 27.59, 27.6, 27.5, 27.45, 27.38, 27.35, 27.37, 27.4], [27.39, 27.39, 27.39, 27.39, 27.38, 27.22, 27.17, 27.12, 27.09, 27.01, 26.91, 27.28, 27.29, 27.6, 27.37, 27.4, 27.35, 27.34, 27.36, 27.38], [27.31, 27.32, 27.41, 27.42, 27.42, 27.4, 27.34, 27.15, 27.0, 27.06, 27.07, 27.17, 27.22, 27.16, 27.38, 27.4, 27.38, 27.37, 27.37, 27.38], [27.6, 27.6, 27.6, 27.37, 27.4, 27.49, 27.43, 27.34, 26.93, 26.95, 27.23, 27.11, 27.15, 27.13, 27.38, 27.41, 27.4, 27.39, 27.39, 27.39], [27.6, 27.6, 27.6, 27.6, 27.6, 27.6, 27.6, 27.6, 27.42, 27.0, 26.8, 27.07, 27.1, 27.1, 27.38, 27.42, 27.41, 27.4, 27.4, 27.4], [27.6, 27.6, 27.6, 27.6, 27.6, 27.6, 27.6, 27.6, 27.6, -999.0, 26.8, 27.5, 27.5, 27.08, 27.38, 27.43, 27.42, 26.5, 26.52, 26.53], [27.6, 27.6, 27.6, 27.6, 27.6, 27.6, 27.6, 27.6, 27.6, 27.6, -999.0, 27.5, 27.5, 26.46, 26.91, 26.79, 26.8, 26.63, 26.65, 26.67], [27.6, 27.6, 27.6, 27.6, 27.6, 27.6, 27.6, 27.6, 27.6, 27.6, -999.0, 25.9, 25.9, 25.9, 26.78, 26.67, 26.7, 26.52, 26.56, 26.59], [27.6, 27.6, 27.6, 27.6, 27.6, 27.6, 27.6, 27.4, 27.4, 27.4, 27.4, 26.82, 25.9, 25.9, 25.9, 26.54, 26.58, 26.42, 26.47, 26.51], [27.6, 27.6, 27.47, 27.47, 27.47, 27.4, 27.4, 27.4, 27.4, 27.4, 26.46, 26.56, 26.42, 26.3, 26.43, 26.45, 26.53, 26.39, 26.67, 26.73], [27.47, 27.47, 27.53, 27.53, 27.4, 27.4, 27.4, 27.4, 27.4, 27.4, 26.75, 26.57, 26.37, 26.19, 26.25, 26.26, 26.39, 26.49, 26.56, 26.61], [27.53, 27.53, 27.52, 27.52, 27.4, 27.4, 27.4, 27.4, 27.4, 27.02, 26.82, 26.59, 26.36, 26.26, 25.95, 26.22, 26.4, 26.52, 26.59, 26.64], [27.52, 27.52, 27.52, 27.4, 27.4, 27.4, 27.4, 27.4, 27.27, 27.11, 26.97, 26.78, 26.58, 26.38, 26.19, 26.33, 26.48, 26.58, 26.64, 26.68], [27.52, 27.52, 27.4, 27.4, 27.4, 27.4, 27.4, 27.4, 27.26, 27.14, 26.99, 26.84, 26.68, 26.57, 26.43, 26.51, 26.61, 26.68, 26.72, 26.74], [27.4, 27.4, 27.4, 27.4, 27.4, 27.4, 27.4, 27.4, 27.17, 27.11, 27.01, 26.89, 26.78, 26.58, 26.62, 26.68, 26.75, 26.79, 26.8, 26.8], [27.4, 27.4, 27.4, 27.4, 27.4, 27.4, 27.4, 27.45, 27.14, 27.1, 27.04, 26.95, 26.87, 26.7, 26.76, 26.83, 26.89, 26.9, 26.88, 26.85], [27.4, 27.4, 27.4, 27.48, 27.47, 27.47, 27.46, 27.46, 27.46, 27.46, 27.46, 27.4, 27.22, 26.78, 26.86, 26.95, 27.04, 27.01, 26.94, 26.89], [27.49, 27.49, 27.48, 27.48, 27.48, 27.47, 27.47, 27.46, 27.45, 27.45, 27.46, 27.47, 27.23, 27.2, 27.18, 27.01, 27.23, 27.03, 26.95, 26.91], [27.49, 27.49, 27.49, 27.49, 27.48, 27.48, 27.48, 27.47, 27.45, 27.43, 27.46, 27.48, 27.49, 27.2, 27.17, 27.14, 26.99, 26.92, 26.94, 26.91], [27.49, 27.49, 27.49, 27.49, 27.49, 27.49, 27.49, 27.48, 27.46, 27.44, 27.48, 27.5, 27.5, 27.2, 27.17, 27.18, 27.12, 27.1, 26.92, 26.9], [27.5, 27.5, 27.5, 27.5, 27.5, 27.5, 27.5, 27.5, 27.5, 27.5, 27.52, 27.53, 27.52, 27.31, 27.26, 27.21, 27.17, 27.15, 27.16, 27.17], [27.5, 27.5, 27.5, 27.51, 27.51, 27.51, 27.52, 27.53, 27.54, 27.57, 27.58, 27.48, 27.42, 27.35, 27.29, 27.24, 27.21, 27.19, 27.19, 27.19], [27.51, 27.51, 27.51, 27.51, 27.52, 27.52, 27.53, 27.55, 27.57, 27.62, 27.64, 27.53, 27.45, 27.38, 27.32, 27.28, 27.24, 27.22, 27.22, 27.21], [27.51, 27.51, 27.51, 27.52, 27.52, 27.53, 27.54, 27.56, 27.51, 27.57, 27.6, 27.53, 27.46, 27.39, 27.34, 27.3, 27.27, 27.25, 27.24, 27.23], [27.51, 27.51, 27.52, 27.52, 27.53, 27.53, 27.55, 27.56, 27.5, 27.52, 27.53, 27.5, 27.45, 27.4, 27.35, 27.32, 27.29, 27.27, 27.26, 27.25], [27.51, 27.52, 27.52, 27.52, 27.53, 27.54, 27.55, 27.46, 27.47, 27.49, 27.48, 27.46, 27.43, 27.39, 27.36, 27.33, 27.3, 27.28, 27.27, 27.26]]}