gis_exercise/awsData/contour/temp_2023090412.json
{"header": {"refTime": "2023-09-04T12:00:00.000Z", "nx": 21, "ny": 33, "lo1": 113.509, "la1": 22.2235, "lo2": 113.5947, "la2": 22.1034, "dx": 0.0042850000000001385, "dy": 0.003753125000000024, "parameterCategory": 0, "parameterCategoryName": "Temperature", "parameterNumber": 0}, "z": [[32.88, 32.88, 32.89, 32.74, 32.76, 32.9, 32.92, 32.94, 32.95, 32.96, 32.94, 32.93, 33.01, 33.01, 32.92, 32.9, 32.83, 32.82, 32.81, 32.81], [32.88, 32.88, 32.88, 32.89, 32.75, 32.78, 32.92, 32.96, 32.99, 32.98, 32.95, 32.93, 33.01, 33.0, 32.91, 32.84, 32.83, 32.81, 32.81, 32.8], [32.88, 32.88, 32.88, 32.88, 32.74, 32.77, 32.82, 32.98, 33.07, 33.0, 32.95, 32.93, 33.01, 33.0, 32.86, 32.84, 32.82, 32.8, 32.8, 32.79], [32.87, 32.87, 32.87, 32.87, 32.87, 32.75, 32.79, 32.85, 32.92, 32.96, 32.92, 32.92, 33.0, 32.88, 32.86, 32.83, 32.8, 32.79, 32.78, 32.78], [32.87, 32.87, 32.87, 32.86, 32.86, 32.7, 32.72, 32.74, 32.75, 32.9, 32.89, 32.88, 32.95, 32.89, 32.86, 32.82, 32.78, 32.76, 32.76, 32.76], [32.87, 32.87, 32.87, 32.86, 32.84, 32.82, 32.65, 32.64, 32.63, 32.63, 32.78, 32.85, 32.91, 32.97, 32.85, 32.79, 32.74, 32.72, 32.73, 32.75], [32.79, 32.87, 32.87, 32.86, 32.84, 32.81, 32.6, 32.55, 32.54, 32.54, 32.58, 32.79, 32.94, 32.95, 32.83, 32.77, 32.69, 32.66, 32.67, 32.7], [32.8, 32.8, 32.81, 32.8, 32.79, 32.69, 32.62, 32.52, 32.44, 32.53, 32.54, 32.78, 32.78, 32.95, 32.71, 32.74, 32.68, 32.65, 32.69, 32.72], [32.7, 32.71, 32.83, 32.84, 32.85, 32.82, 32.74, 32.59, 32.43, 32.55, 32.65, 32.71, 32.74, 32.7, 32.72, 32.76, 32.72, 32.7, 32.71, 32.73], [33.1, 33.1, 33.1, 32.77, 32.82, 32.94, 32.86, 32.74, 32.46, 32.45, 32.74, 32.68, 32.7, 32.69, 32.72, 32.77, 32.74, 32.73, 32.73, 32.74], [33.1, 33.1, 33.1, 33.1, 33.1, 33.1, 33.1, 33.1, 32.85, 32.43, 32.5, 32.65, 32.67, 32.67, 32.72, 32.78, 32.76, 32.75, 32.75, 32.75], [33.1, 33.1, 33.1, 33.1, 33.1, 33.1, 33.1, 33.1, 33.1, -999.0, 32.5, 32.9, 32.9, 32.66, 32.71, 32.79, 32.78, 32.83, 32.82, 32.82], [33.1, 33.1, 33.1, 33.1, 33.1, 33.1, 33.1, 33.1, 33.1, 33.1, -999.0, 32.9, 32.9, 32.97, 32.94, 32.75, 32.74, 32.79, 32.78, 32.78], [33.1, 33.1, 33.1, 33.1, 33.1, 33.1, 33.1, 33.1, 33.1, 33.1, -999.0, 33.0, 33.0, 33.0, 32.95, 32.78, 32.77, 32.82, 32.81, 32.8], [33.1, 33.1, 33.1, 33.1, 33.1, 33.1, 33.1, 33.0, 33.0, 33.0, 33.0, 33.0, 33.0, 33.0, 33.0, 32.82, 32.8, 32.85, 32.84, 32.82], [33.1, 33.1, 33.04, 33.04, 33.03, 33.0, 33.0, 33.0, 33.0, 33.0, 33.0, 33.0, 33.0, 33.0, 33.0, 32.08, 31.94, 32.19, 32.21, 32.16], [33.04, 33.04, 33.06, 33.06, 33.0, 33.0, 33.0, 33.0, 33.0, 33.0, 33.0, 33.0, 33.0, 33.0, 32.72, 32.54, 32.38, 32.25, 32.17, 32.11], [33.06, 33.06, 33.06, 33.06, 33.0, 33.0, 33.0, 33.0, 33.0, 33.0, 33.0, 33.0, 33.0, 32.73, 32.96, 32.59, 32.36, 32.21, 32.12, 32.06], [33.06, 33.06, 33.06, 33.0, 33.0, 33.0, 33.0, 33.0, 33.0, 33.0, 32.85, 32.85, 32.55, 32.62, 32.62, 32.45, 32.26, 32.13, 32.05, 32.01], [33.06, 33.06, 32.54, 32.57, 32.59, 32.64, 32.7, 32.87, 32.91, 32.86, 32.82, 32.82, 32.44, 32.43, 32.31, 32.21, 32.09, 32.0, 31.96, 31.94], [32.51, 32.52, 32.54, 32.67, 32.69, 32.71, 32.74, 32.77, 32.81, 32.79, 32.77, 32.77, 32.31, 32.12, 32.07, 31.98, 31.89, 31.85, 31.85, 31.87], [32.63, 32.63, 32.64, 32.64, 32.65, 32.66, 32.66, 32.74, 32.71, 32.7, 32.7, 32.71, 31.94, 31.97, 31.88, 31.77, 31.68, 31.69, 31.75, 31.8], [32.61, 32.61, 32.61, 32.73, 32.73, 32.71, 32.69, 32.67, 32.64, 32.62, 32.63, 31.99, 31.72, 31.86, 31.75, 31.59, 31.42, 31.54, 31.69, 31.77], [32.74, 32.74, 32.73, 32.72, 32.71, 32.69, 32.65, 32.6, 32.54, 32.51, 32.56, 32.01, 31.75, 31.65, 31.56, 31.52, 31.0, 31.6, 31.73, 31.77], [32.74, 32.73, 32.73, 32.71, 32.7, 32.67, 32.63, 32.56, 32.44, 32.34, 32.49, 32.08, 31.94, 31.68, 31.6, 31.55, 31.74, 31.98, 31.8, 31.79], [32.74, 32.73, 32.72, 32.71, 32.7, 32.67, 32.63, 32.57, 32.46, 32.37, 32.22, 32.16, 32.04, 31.71, 31.66, 31.78, 31.8, 31.84, 31.81, 31.81], [32.74, 32.73, 32.73, 32.72, 32.7, 32.69, 32.66, 32.63, 32.59, 32.59, 32.34, 32.28, 32.15, 32.08, 31.95, 31.88, 31.85, 31.85, 31.84, 31.84], [32.74, 32.74, 32.73, 32.72, 32.72, 32.71, 32.7, 32.7, 32.72, 32.53, 32.57, 32.75, 32.7, 32.66, 32.05, 31.96, 31.91, 31.89, 31.88, 31.87], [32.74, 32.74, 32.74, 32.73, 32.73, 32.73, 32.74, 32.76, 32.81, 32.73, 33.0, 32.84, 32.75, 32.69, 32.12, 32.03, 31.97, 31.94, 31.91, 31.9], [32.75, 32.75, 32.74, 32.74, 32.74, 32.75, 32.76, 32.79, 32.79, 32.89, 32.95, 32.85, 32.77, 32.71, 32.18, 32.09, 32.02, 31.98, 31.95, 31.94], [32.75, 32.75, 32.75, 32.75, 32.76, 32.76, 32.78, 32.8, 32.77, 32.83, 32.85, 32.81, 32.76, 32.72, 32.21, 32.12, 32.06, 32.02, 31.99, 31.97], [32.75, 32.75, 32.76, 32.76, 32.76, 32.77, 32.79, 32.72, 32.75, 32.78, 32.79, 32.77, 32.74, 32.71, 32.22, 32.15, 32.09, 32.05, 32.02, 31.99]]}