gis_exercise/awsData/contour/temp_2023090907.json
{"header": {"refTime": "2023-09-09T07:00:00.000Z", "nx": 21, "ny": 33, "lo1": 113.509, "la1": 22.2235, "lo2": 113.5947, "la2": 22.1034, "dx": 0.0042850000000001385, "dy": 0.003753125000000024, "parameterCategory": 0, "parameterCategoryName": "Temperature", "parameterNumber": 0}, "z": [[24.64, 24.64, 24.63, 24.48, 24.49, 24.65, 24.65, 24.66, 24.67, 24.63, 24.62, 24.62, 24.76, 24.77, 24.8, 24.8, 24.84, 24.84, 24.84, 24.84], [24.64, 24.63, 24.63, 24.63, 24.49, 24.51, 24.65, 24.66, 24.67, 24.64, 24.63, 24.63, 24.77, 24.77, 24.8, 24.83, 24.84, 24.84, 24.84, 24.84], [24.64, 24.63, 24.63, 24.63, 24.49, 24.5, 24.53, 24.67, 24.69, 24.65, 24.63, 24.63, 24.77, 24.78, 24.83, 24.83, 24.84, 24.84, 24.84, 24.85], [24.64, 24.64, 24.63, 24.63, 24.63, 24.49, 24.51, 24.55, 24.59, 24.63, 24.62, 24.65, 24.78, 24.68, 24.83, 24.84, 24.84, 24.85, 24.85, 24.85], [24.64, 24.64, 24.63, 24.63, 24.62, 24.47, 24.48, 24.49, 24.49, 24.58, 24.6, 24.68, 24.75, 24.7, 24.83, 24.84, 24.85, 24.85, 24.86, 24.85], [24.64, 24.64, 24.64, 24.63, 24.62, 24.61, 24.45, 24.44, 24.43, 24.4, 24.57, 24.65, 24.71, 24.8, 24.83, 24.85, 24.86, 24.87, 24.86, 24.86], [24.62, 24.64, 24.64, 24.64, 24.63, 24.61, 24.45, 24.41, 24.39, 24.39, 24.39, 24.6, 24.8, 24.8, 24.83, 24.85, 24.87, 24.88, 24.88, 24.88], [24.63, 24.63, 24.63, 24.63, 24.62, 24.51, 24.47, 24.42, 24.4, 24.36, 24.29, 24.62, 24.62, 24.8, 24.86, 24.85, 24.87, 24.88, 24.87, 24.86], [24.57, 24.58, 24.65, 24.65, 24.66, 24.64, 24.59, 24.45, 24.34, 24.4, 24.43, 24.52, 24.56, 24.5, 24.86, 24.85, 24.86, 24.87, 24.86, 24.86], [24.8, 24.8, 24.8, 24.61, 24.64, 24.71, 24.66, 24.59, 24.29, 24.3, 24.56, 24.46, 24.5, 24.48, 24.86, 24.84, 24.85, 24.86, 24.86, 24.85], [24.8, 24.8, 24.8, 24.8, 24.8, 24.8, 24.8, 24.8, 24.66, 24.33, 24.2, 24.43, 24.46, 24.46, 24.86, 24.84, 24.85, 24.85, 24.85, 24.85], [24.8, 24.8, 24.8, 24.8, 24.8, 24.8, 24.8, 24.8, 24.8, -999.0, 24.2, 24.8, 24.8, 24.44, 24.86, 24.84, 24.84, 24.27, 24.29, 24.29], [24.8, 24.8, 24.8, 24.8, 24.8, 24.8, 24.8, 24.8, 24.8, 24.8, -999.0, 24.8, 24.8, 24.15, 24.43, 24.5, 24.51, 24.37, 24.39, 24.4], [24.8, 24.8, 24.8, 24.8, 24.8, 24.8, 24.8, 24.8, 24.8, 24.8, -999.0, 23.8, 23.8, 23.8, 24.35, 24.41, 24.43, 24.29, 24.32, 24.34], [24.8, 24.8, 24.8, 24.8, 24.8, 24.8, 24.8, 24.7, 24.7, 24.7, 24.7, 24.35, 23.8, 23.8, 23.8, 24.3, 24.34, 24.21, 24.25, 24.28], [24.8, 24.8, 24.74, 24.74, 24.73, 24.7, 24.7, 24.7, 24.7, 24.7, 24.13, 24.2, 24.11, 24.04, 24.12, 24.02, 24.05, 23.99, 24.25, 24.28], [24.74, 24.74, 24.76, 24.76, 24.7, 24.7, 24.7, 24.7, 24.7, 24.7, 24.31, 24.2, 24.08, 23.98, 23.97, 23.95, 24.0, 24.04, 24.07, 24.09], [24.76, 24.76, 24.76, 24.76, 24.7, 24.7, 24.7, 24.7, 24.7, 24.47, 24.35, 24.22, 24.08, 23.98, 23.83, 23.93, 24.01, 24.06, 24.09, 24.11], [24.76, 24.76, 24.76, 24.7, 24.7, 24.7, 24.7, 24.7, 24.62, 24.52, 24.44, 24.33, 24.16, 24.04, 23.92, 23.98, 24.04, 24.08, 24.11, 24.13], [24.76, 24.76, 24.7, 24.7, 24.7, 24.7, 24.7, 24.7, 24.62, 24.55, 24.46, 24.36, 24.2, 24.13, 24.02, 24.05, 24.09, 24.12, 24.14, 24.15], [24.7, 24.7, 24.7, 24.7, 24.7, 24.7, 24.7, 24.7, 24.56, 24.52, 24.47, 24.4, 24.24, 24.08, 24.1, 24.12, 24.15, 24.17, 24.17, 24.17], [24.7, 24.7, 24.7, 24.7, 24.7, 24.7, 24.7, 24.72, 24.54, 24.52, 24.48, 24.43, 24.29, 24.13, 24.16, 24.19, 24.21, 24.21, 24.21, 24.2], [24.7, 24.7, 24.7, 24.73, 24.72, 24.72, 24.72, 24.72, 24.72, 24.72, 24.72, 24.62, 24.45, 24.17, 24.2, 24.23, 24.27, 24.26, 24.23, 24.21], [24.73, 24.73, 24.73, 24.73, 24.73, 24.72, 24.72, 24.72, 24.72, 24.72, 24.72, 24.65, 24.46, 24.42, 24.38, 24.26, 24.34, 24.27, 24.24, 24.22], [24.73, 24.73, 24.73, 24.73, 24.73, 24.73, 24.73, 24.72, 24.72, 24.71, 24.72, 24.66, 24.64, 24.42, 24.38, 24.35, 24.26, 24.24, 24.24, 24.22], [24.73, 24.73, 24.73, 24.73, 24.73, 24.73, 24.73, 24.73, 24.72, 24.71, 24.69, 24.67, 24.65, 24.43, 24.39, 24.37, 24.34, 24.33, 24.23, 24.22], [24.73, 24.73, 24.73, 24.73, 24.73, 24.73, 24.73, 24.73, 24.73, 24.73, 24.7, 24.69, 24.67, 24.48, 24.43, 24.4, 24.37, 24.36, 24.36, 24.37], [24.73, 24.73, 24.73, 24.74, 24.74, 24.74, 24.74, 24.74, 24.75, 24.72, 24.73, 24.68, 24.64, 24.6, 24.46, 24.43, 24.4, 24.39, 24.39, 24.39], [24.74, 24.74, 24.74, 24.74, 24.74, 24.74, 24.74, 24.75, 24.76, 24.75, 24.77, 24.71, 24.66, 24.61, 24.49, 24.45, 24.43, 24.41, 24.4, 24.4], [24.74, 24.74, 24.74, 24.74, 24.74, 24.74, 24.75, 24.75, 24.7, 24.73, 24.75, 24.71, 24.66, 24.62, 24.5, 24.47, 24.45, 24.43, 24.42, 24.42], [24.74, 24.74, 24.74, 24.74, 24.74, 24.74, 24.75, 24.75, 24.69, 24.71, 24.71, 24.69, 24.66, 24.62, 24.51, 24.48, 24.46, 24.45, 24.44, 24.43], [24.74, 24.74, 24.74, 24.74, 24.74, 24.75, 24.75, 24.67, 24.68, 24.68, 24.68, 24.67, 24.65, 24.62, 24.52, 24.49, 24.47, 24.46, 24.45, 24.44]]}