gis_exercise/awsData/contour/temp_2023090404.json
{"header": {"refTime": "2023-09-04T04:00:00.000Z", "nx": 21, "ny": 33, "lo1": 113.509, "la1": 22.2235, "lo2": 113.5947, "la2": 22.1034, "dx": 0.0042850000000001385, "dy": 0.003753125000000024, "parameterCategory": 0, "parameterCategoryName": "Temperature", "parameterNumber": 0}, "z": [[27.87, 27.88, 27.88, 27.99, 27.98, 28.21, 28.19, 28.17, 28.18, 28.2, 28.26, 28.32, 28.55, 28.59, 28.61, 28.63, 28.88, 28.87, 28.87, 28.87], [27.87, 27.87, 27.88, 27.88, 27.98, 27.97, 28.16, 28.12, 28.1, 28.15, 28.26, 28.34, 28.59, 28.62, 28.64, 28.88, 28.87, 28.87, 28.87, 28.86], [27.87, 27.87, 27.88, 27.88, 27.98, 27.98, 27.97, 28.08, 27.95, 28.12, 28.28, 28.4, 28.65, 28.68, 28.89, 28.88, 28.87, 28.87, 28.86, 28.86], [27.86, 27.87, 27.87, 27.88, 27.89, 27.98, 27.97, 27.96, 27.94, 28.17, 28.33, 28.5, 28.75, 28.76, 28.89, 28.88, 28.87, 28.86, 28.86, 28.85], [27.86, 27.86, 27.87, 27.87, 27.89, 28.0, 27.99, 27.99, 27.98, 28.24, 28.38, 28.77, 28.9, 28.79, 28.89, 28.87, 28.86, 28.85, 28.85, 28.85], [27.85, 27.86, 27.86, 27.87, 27.88, 27.9, 28.01, 28.01, 28.01, 28.01, 28.56, 28.7, 28.81, 28.93, 28.88, 28.86, 28.84, 28.84, 28.84, 28.84], [27.82, 27.85, 27.85, 27.85, 27.87, 27.89, 27.95, 28.04, 28.04, 28.19, 28.22, 28.59, 28.89, 28.9, 28.87, 28.85, 28.83, 28.82, 28.84, 28.85], [27.81, 27.81, 27.81, 27.81, 27.82, 27.89, 27.94, 28.01, 28.13, 28.16, 28.1, 28.55, 28.56, 28.9, 28.8, 28.8, 28.8, 28.8, 28.8, 28.8], [27.89, 27.88, 27.79, 27.78, 27.78, 27.8, 27.86, 27.96, 28.07, 28.21, 28.31, 28.43, 28.48, 28.41, 28.8, 28.8, 28.8, 28.8, 28.8, 28.8], [27.6, 27.6, 27.6, 27.83, 27.8, 27.71, 27.77, 27.86, 28.04, 28.05, 28.49, 28.35, 28.4, 28.37, 28.8, 28.8, 28.8, 28.8, 28.8, 28.8], [27.6, 27.6, 27.6, 27.6, 27.6, 27.6, 27.6, 27.6, 27.78, 28.07, 28.0, 28.3, 28.34, 28.34, 28.8, 28.8, 28.8, 28.8, 28.8, 28.8], [27.6, 27.6, 27.6, 27.6, 27.6, 27.6, 27.6, 27.6, 27.6, -999.0, 28.0, 28.8, 28.8, 28.32, 28.8, 28.8, 28.8, 27.95, 27.97, 27.97], [27.6, 27.6, 27.6, 27.6, 27.6, 27.6, 27.6, 27.6, 27.6, 27.6, -999.0, 28.8, 28.8, 27.82, 28.25, 28.25, 28.27, 28.08, 28.11, 28.12], [27.6, 27.6, 27.6, 27.6, 27.6, 27.6, 27.6, 27.6, 27.6, 27.6, -999.0, 27.3, 27.3, 27.3, 28.12, 28.13, 28.15, 27.96, 28.0, 28.04], [27.6, 27.6, 27.6, 27.6, 27.6, 27.6, 27.6, 27.7, 27.7, 27.7, 27.7, 27.55, 27.3, 27.3, 27.3, 27.99, 28.03, 27.86, 27.91, 27.96], [27.6, 27.6, 27.66, 27.66, 27.67, 27.7, 27.7, 27.7, 27.7, 27.7, 27.45, 27.48, 27.44, 27.41, 27.44, 27.48, 27.51, 27.46, 27.82, 27.86], [27.66, 27.66, 27.64, 27.64, 27.7, 27.7, 27.7, 27.7, 27.7, 27.7, 27.53, 27.48, 27.43, 27.38, 27.4, 27.36, 27.39, 27.4, 27.41, 27.42], [27.64, 27.64, 27.64, 27.64, 27.7, 27.7, 27.7, 27.7, 27.7, 27.6, 27.54, 27.48, 27.42, 27.41, 27.32, 27.36, 27.39, 27.41, 27.42, 27.43], [27.64, 27.64, 27.64, 27.7, 27.7, 27.7, 27.7, 27.7, 27.66, 27.62, 27.58, 27.53, 27.5, 27.44, 27.35, 27.38, 27.4, 27.42, 27.43, 27.44], [27.64, 27.64, 27.7, 27.7, 27.7, 27.7, 27.7, 27.7, 27.66, 27.63, 27.59, 27.55, 27.53, 27.5, 27.4, 27.41, 27.43, 27.44, 27.44, 27.45], [27.7, 27.7, 27.7, 27.7, 27.7, 27.7, 27.7, 27.7, 27.64, 27.62, 27.6, 27.57, 27.56, 27.42, 27.43, 27.45, 27.46, 27.46, 27.46, 27.45], [27.7, 27.7, 27.7, 27.7, 27.7, 27.7, 27.7, 27.79, 27.63, 27.62, 27.6, 27.58, 27.59, 27.45, 27.46, 27.48, 27.5, 27.49, 27.47, 27.46], [27.7, 27.7, 27.7, 27.83, 27.82, 27.81, 27.81, 27.8, 27.79, 27.8, 27.81, 27.73, 27.59, 27.46, 27.48, 27.51, 27.55, 27.52, 27.48, 27.46], [27.84, 27.84, 27.84, 27.84, 27.83, 27.82, 27.82, 27.81, 27.79, 27.79, 27.8, 27.85, 27.59, 27.57, 27.56, 27.52, 27.66, 27.48, 27.46, 27.46], [27.85, 27.85, 27.85, 27.84, 27.84, 27.84, 27.83, 27.81, 27.78, 27.75, 27.8, 27.86, 27.87, 27.57, 27.55, 27.53, 27.44, 27.37, 27.43, 27.45], [27.86, 27.86, 27.86, 27.86, 27.85, 27.85, 27.84, 27.83, 27.8, 27.76, 27.84, 27.88, 27.89, 27.57, 27.54, 27.59, 27.53, 27.51, 27.43, 27.44], [27.86, 27.86, 27.87, 27.87, 27.87, 27.87, 27.87, 27.87, 27.86, 27.87, 27.91, 27.93, 27.92, 27.75, 27.69, 27.63, 27.59, 27.57, 27.57, 27.59], [27.87, 27.87, 27.87, 27.88, 27.88, 27.89, 27.9, 27.91, 27.93, 27.99, 28.01, 27.9, 27.83, 27.76, 27.72, 27.67, 27.63, 27.61, 27.61, 27.61], [27.88, 27.88, 27.88, 27.89, 27.89, 27.9, 27.92, 27.94, 27.99, 28.07, 28.12, 27.98, 27.88, 27.8, 27.76, 27.71, 27.67, 27.65, 27.64, 27.63], [27.88, 27.88, 27.89, 27.9, 27.9, 27.92, 27.93, 27.96, 27.95, 28.03, 28.07, 27.98, 27.89, 27.82, 27.78, 27.73, 27.7, 27.68, 27.66, 27.66], [27.89, 27.89, 27.9, 27.9, 27.91, 27.92, 27.94, 27.97, 27.93, 27.97, 27.98, 27.94, 27.88, 27.82, 27.8, 27.75, 27.72, 27.7, 27.68, 27.68], [27.89, 27.89, 27.9, 27.91, 27.92, 27.93, 27.94, 27.88, 27.9, 27.92, 27.92, 27.9, 27.86, 27.82, 27.8, 27.77, 27.74, 27.72, 27.7, 27.69]]}