gis_exercise/awsData/contour/temp_2023090801.json
{"header": {"refTime": "2023-09-08T01:00:00.000Z", "nx": 21, "ny": 33, "lo1": 113.509, "la1": 22.2235, "lo2": 113.5947, "la2": 22.1034, "dx": 0.0042850000000001385, "dy": 0.003753125000000024, "parameterCategory": 0, "parameterCategoryName": "Temperature", "parameterNumber": 0}, "z": [[26.19, 26.19, 26.18, 25.97, 25.98, 26.22, 26.21, 26.21, 26.21, 26.13, 26.15, 26.17, 26.37, 26.39, 26.39, 26.4, 26.48, 26.47, 26.47, 26.47], [26.19, 26.19, 26.18, 26.18, 25.98, 25.99, 26.2, 26.19, 26.18, 26.13, 26.15, 26.18, 26.39, 26.4, 26.41, 26.48, 26.47, 26.47, 26.47, 26.46], [26.2, 26.19, 26.19, 26.18, 25.98, 25.99, 26.0, 26.17, 26.12, 26.12, 26.16, 26.21, 26.42, 26.43, 26.49, 26.48, 26.47, 26.47, 26.46, 26.46], [26.2, 26.2, 26.19, 26.19, 26.18, 25.98, 25.99, 26.01, 26.03, 26.12, 26.17, 26.26, 26.47, 26.36, 26.49, 26.48, 26.47, 26.46, 26.46, 26.45], [26.21, 26.2, 26.2, 26.19, 26.18, 25.97, 25.98, 25.98, 25.98, 26.1, 26.16, 26.37, 26.5, 26.39, 26.49, 26.47, 26.46, 26.45, 26.45, 26.45], [26.21, 26.21, 26.21, 26.2, 26.19, 26.18, 25.97, 25.97, 25.95, 25.9, 26.16, 26.3, 26.41, 26.53, 26.48, 26.46, 26.44, 26.44, 26.44, 26.44], [26.27, 26.22, 26.22, 26.22, 26.21, 26.2, 26.05, 25.98, 25.96, 25.93, 25.9, 26.19, 26.49, 26.5, 26.47, 26.45, 26.43, 26.42, 26.44, 26.45], [26.27, 26.27, 26.27, 26.27, 26.27, 26.1, 26.07, 26.05, 26.06, 25.9, 25.73, 26.15, 26.16, 26.5, 26.4, 26.4, 26.4, 26.4, 26.4, 26.4], [26.23, 26.23, 26.29, 26.29, 26.29, 26.28, 26.24, 26.06, 25.94, 25.95, 25.91, 26.03, 26.08, 26.01, 26.4, 26.4, 26.4, 26.4, 26.4, 26.4], [26.4, 26.4, 26.4, 26.26, 26.28, 26.33, 26.3, 26.24, 25.82, 25.84, 26.09, 25.95, 26.0, 25.97, 26.4, 26.4, 26.4, 26.4, 26.4, 26.4], [26.4, 26.4, 26.4, 26.4, 26.4, 26.4, 26.4, 26.4, 26.29, 25.93, 25.6, 25.9, 25.94, 25.94, 26.4, 26.4, 26.4, 26.4, 26.4, 26.4], [26.4, 26.4, 26.4, 26.4, 26.4, 26.4, 26.4, 26.4, 26.4, -999.0, 25.6, 26.4, 26.4, 25.92, 26.4, 26.4, 26.4, 25.95, 25.96, 25.96], [26.4, 26.4, 26.4, 26.4, 26.4, 26.4, 26.4, 26.4, 26.4, 26.4, -999.0, 26.4, 26.4, 25.88, 26.11, 26.11, 26.11, 26.02, 26.03, 26.04], [26.4, 26.4, 26.4, 26.4, 26.4, 26.4, 26.4, 26.4, 26.4, 26.4, -999.0, 25.6, 25.6, 25.6, 26.04, 26.04, 26.05, 25.95, 25.98, 25.99], [26.4, 26.4, 26.4, 26.4, 26.4, 26.4, 26.4, 26.4, 26.4, 26.4, 26.4, 26.09, 25.6, 25.6, 25.6, 25.97, 25.99, 25.9, 25.93, 25.95], [26.4, 26.4, 26.4, 26.4, 26.4, 26.4, 26.4, 26.4, 26.4, 26.4, 25.9, 25.95, 25.88, 25.81, 25.89, 25.71, 25.73, 25.7, 25.89, 25.91], [26.4, 26.4, 26.4, 26.4, 26.4, 26.4, 26.4, 26.4, 26.4, 26.4, 26.06, 25.96, 25.85, 25.76, 25.73, 25.67, 25.7, 25.72, 25.74, 25.75], [26.4, 26.4, 26.4, 26.4, 26.4, 26.4, 26.4, 26.4, 26.4, 26.2, 26.09, 25.97, 25.84, 25.74, 25.62, 25.67, 25.7, 25.73, 25.74, 25.75], [26.4, 26.4, 26.4, 26.4, 26.4, 26.4, 26.4, 26.4, 26.33, 26.24, 26.17, 26.07, 25.87, 25.78, 25.66, 25.69, 25.72, 25.74, 25.75, 25.76], [26.4, 26.4, 26.4, 26.4, 26.4, 26.4, 26.4, 26.4, 26.32, 26.26, 26.18, 26.1, 25.91, 25.84, 25.71, 25.73, 25.75, 25.76, 25.77, 25.77], [26.4, 26.4, 26.4, 26.4, 26.4, 26.4, 26.4, 26.4, 26.28, 26.24, 26.19, 26.13, 25.93, 25.74, 25.75, 25.76, 25.78, 25.78, 25.79, 25.79], [26.4, 26.4, 26.4, 26.4, 26.4, 26.4, 26.4, 26.4, 26.26, 26.24, 26.21, 26.16, 25.96, 25.77, 25.78, 25.79, 25.81, 25.81, 25.8, 25.8], [26.4, 26.4, 26.4, 26.4, 26.4, 26.4, 26.4, 26.4, 26.4, 26.4, 26.4, 26.27, 26.06, 25.78, 25.8, 25.82, 25.84, 25.83, 25.82, 25.81], [26.4, 26.4, 26.4, 26.4, 26.4, 26.4, 26.4, 26.4, 26.4, 26.4, 26.4, 26.28, 26.07, 26.01, 25.96, 25.83, 25.87, 25.84, 25.82, 25.81], [26.4, 26.4, 26.4, 26.4, 26.4, 26.4, 26.4, 26.4, 26.4, 26.4, 26.4, 26.29, 26.25, 26.01, 25.96, 25.92, 25.83, 25.82, 25.82, 25.81], [26.4, 26.4, 26.4, 26.4, 26.4, 26.4, 26.4, 26.4, 26.4, 26.4, 26.34, 26.3, 26.26, 26.02, 25.97, 25.93, 25.9, 25.89, 25.81, 25.81], [26.4, 26.4, 26.4, 26.4, 26.4, 26.4, 26.4, 26.4, 26.4, 26.4, 26.34, 26.31, 26.28, 26.05, 26.0, 25.96, 25.94, 25.92, 25.93, 25.93], [26.4, 26.4, 26.4, 26.4, 26.4, 26.4, 26.4, 26.4, 26.4, 26.35, 26.35, 26.31, 26.27, 26.22, 26.03, 25.99, 25.97, 25.95, 25.95, 25.95], [26.4, 26.4, 26.4, 26.4, 26.4, 26.4, 26.4, 26.4, 26.4, 26.36, 26.38, 26.33, 26.28, 26.24, 26.06, 26.02, 25.99, 25.98, 25.97, 25.97], [26.4, 26.4, 26.4, 26.4, 26.4, 26.4, 26.4, 26.4, 26.33, 26.35, 26.36, 26.33, 26.29, 26.25, 26.08, 26.04, 26.01, 26.0, 25.99, 25.98], [26.4, 26.4, 26.4, 26.4, 26.4, 26.4, 26.4, 26.4, 26.32, 26.33, 26.33, 26.31, 26.28, 26.25, 26.09, 26.05, 26.03, 26.01, 26.0, 26.0], [26.4, 26.4, 26.4, 26.4, 26.4, 26.4, 26.4, 26.3, 26.31, 26.31, 26.3, 26.29, 26.27, 26.25, 26.09, 26.06, 26.04, 26.03, 26.01, 26.01]]}