gis_exercise/awsData/contour/temp_2023083119.json
{"header": {"refTime": "2023-08-31T19:00:00.000Z", "nx": 21, "ny": 33, "lo1": 113.509, "la1": 22.2235, "lo2": 113.5947, "la2": 22.1034, "dx": 0.0042850000000001385, "dy": 0.003753125000000024, "parameterCategory": 0, "parameterCategoryName": "Temperature", "parameterNumber": 0}, "z": [[29.75, 29.74, 29.74, 29.6, 29.6, 29.88, 29.86, 29.85, 29.86, 29.9, 29.97, 30.03, 30.24, 30.28, 30.38, 30.4, 30.59, 30.59, 30.59, 30.59], [29.75, 29.75, 29.74, 29.73, 29.6, 29.6, 29.84, 29.8, 29.79, 29.86, 29.97, 30.06, 30.29, 30.32, 30.41, 30.6, 30.6, 30.59, 30.59, 30.59], [29.76, 29.75, 29.74, 29.73, 29.6, 29.6, 29.6, 29.76, 29.64, 29.82, 29.99, 30.12, 30.36, 30.38, 30.62, 30.6, 30.6, 30.59, 30.59, 30.59], [29.77, 29.76, 29.75, 29.74, 29.73, 29.6, 29.6, 29.6, 29.6, 29.87, 30.05, 30.23, 30.47, 30.45, 30.62, 30.6, 30.59, 30.59, 30.59, 30.58], [29.78, 29.77, 29.76, 29.75, 29.74, 29.6, 29.6, 29.6, 29.6, 29.94, 30.09, 30.47, 30.66, 30.49, 30.62, 30.6, 30.59, 30.59, 30.59, 30.58], [29.79, 29.78, 29.78, 29.77, 29.76, 29.74, 29.6, 29.6, 29.6, 29.6, 30.2, 30.37, 30.52, 30.63, 30.6, 30.59, 30.59, 30.59, 30.59, 30.58], [29.88, 29.8, 29.8, 29.79, 29.78, 29.76, 29.73, 29.6, 29.6, 29.74, 29.78, 30.2, 30.52, 30.54, 30.57, 30.58, 30.59, 30.59, 30.64, 30.65], [29.89, 29.89, 29.89, 29.89, 29.88, 29.79, 29.74, 29.67, 29.64, 29.71, 29.68, 30.08, 30.09, 30.55, 30.49, 30.46, 30.52, 30.55, 30.51, 30.48], [29.81, 29.82, 29.91, 29.92, 29.92, 29.9, 29.84, 29.72, 29.6, 29.75, 29.87, 29.97, 30.02, 29.96, 30.48, 30.44, 30.48, 30.5, 30.49, 30.47], [30.1, 30.1, 30.1, 29.87, 29.9, 29.99, 29.93, 29.84, 29.6, 29.6, 30.03, 29.91, 29.95, 29.93, 30.48, 30.43, 30.46, 30.47, 30.47, 30.46], [30.1, 30.1, 30.1, 30.1, 30.1, 30.1, 30.1, 30.1, 29.92, 29.6, 29.6, 29.87, 29.9, 29.9, 30.48, 30.42, 30.44, 30.45, 30.45, 30.45], [30.1, 30.1, 30.1, 30.1, 30.1, 30.1, 30.1, 30.1, 30.1, -999.0, 29.6, 30.3, 30.3, 29.88, 30.49, 30.41, 30.42, 29.35, 29.38, 29.39], [30.1, 30.1, 30.1, 30.1, 30.1, 30.1, 30.1, 30.1, 30.1, 30.1, -999.0, 30.3, 30.3, 29.06, 29.61, 29.8, 29.82, 29.54, 29.58, 29.61], [30.1, 30.1, 30.1, 30.1, 30.1, 30.1, 30.1, 30.1, 30.1, 30.1, -999.0, 28.4, 28.4, 28.4, 29.44, 29.62, 29.65, 29.37, 29.43, 29.48], [30.1, 30.1, 30.1, 30.1, 30.1, 30.1, 30.1, 29.5, 29.5, 29.5, 29.5, 29.08, 28.4, 28.4, 28.4, 29.41, 29.47, 29.22, 29.3, 29.36], [30.1, 30.1, 29.72, 29.72, 29.7, 29.5, 29.5, 29.5, 29.5, 29.5, 28.81, 28.89, 28.78, 28.69, 28.79, 29.02, 29.12, 28.95, 29.43, 29.51], [29.71, 29.71, 29.89, 29.88, 29.5, 29.5, 29.5, 29.5, 29.5, 29.5, 29.03, 28.89, 28.75, 28.61, 28.72, 28.72, 28.83, 28.92, 28.98, 29.03], [29.89, 29.88, 29.87, 29.85, 29.5, 29.5, 29.5, 29.5, 29.5, 29.22, 29.07, 28.91, 28.74, 28.73, 28.45, 28.69, 28.85, 28.95, 29.01, 29.05], [29.87, 29.86, 29.85, 29.5, 29.5, 29.5, 29.5, 29.5, 29.4, 29.29, 29.13, 28.99, 29.01, 28.84, 28.66, 28.78, 28.92, 29.01, 29.06, 29.09], [29.87, 29.86, 29.33, 29.34, 29.35, 29.36, 29.39, 29.45, 29.36, 29.26, 29.14, 29.02, 29.11, 29.03, 28.88, 28.95, 29.04, 29.1, 29.13, 29.14], [29.32, 29.32, 29.33, 29.38, 29.38, 29.39, 29.4, 29.41, 29.26, 29.21, 29.13, 29.04, 29.21, 29.01, 29.05, 29.11, 29.17, 29.2, 29.2, 29.19], [29.36, 29.36, 29.36, 29.37, 29.37, 29.37, 29.37, 29.33, 29.2, 29.17, 29.12, 29.06, 29.2, 29.12, 29.18, 29.26, 29.32, 29.31, 29.27, 29.24], [29.35, 29.35, 29.35, 29.29, 29.29, 29.29, 29.29, 29.29, 29.28, 29.27, 29.27, 29.53, 29.38, 29.2, 29.27, 29.38, 29.5, 29.42, 29.31, 29.26], [29.28, 29.28, 29.28, 29.28, 29.28, 29.27, 29.27, 29.26, 29.25, 29.24, 29.24, 29.4, 29.37, 29.41, 29.45, 29.43, 29.77, 29.38, 29.29, 29.26], [29.27, 29.27, 29.27, 29.27, 29.26, 29.26, 29.25, 29.24, 29.22, 29.21, 29.22, 29.37, 29.44, 29.39, 29.42, 29.44, 29.29, 29.14, 29.25, 29.25], [29.26, 29.26, 29.26, 29.26, 29.25, 29.24, 29.24, 29.23, 29.21, 29.21, 29.28, 29.34, 29.41, 29.38, 29.39, 29.37, 29.33, 29.29, 29.24, 29.24], [29.26, 29.26, 29.25, 29.25, 29.24, 29.23, 29.23, 29.22, 29.21, 29.2, 29.27, 29.32, 29.38, 29.32, 29.34, 29.35, 29.33, 29.32, 29.33, 29.34], [29.25, 29.25, 29.25, 29.24, 29.23, 29.23, 29.22, 29.2, 29.19, 29.24, 29.23, 29.09, 29.07, 29.04, 29.32, 29.33, 29.33, 29.33, 29.33, 29.34], [29.25, 29.25, 29.24, 29.24, 29.23, 29.22, 29.21, 29.2, 29.18, 29.19, 29.1, 29.09, 29.07, 29.05, 29.3, 29.32, 29.33, 29.33, 29.33, 29.34], [29.25, 29.24, 29.24, 29.23, 29.23, 29.22, 29.21, 29.19, 29.09, 29.09, 29.09, 29.08, 29.07, 29.05, 29.29, 29.31, 29.32, 29.33, 29.33, 29.33], [29.24, 29.24, 29.24, 29.23, 29.22, 29.21, 29.21, 29.19, 29.09, 29.09, 29.08, 29.08, 29.07, 29.05, 29.29, 29.3, 29.31, 29.32, 29.33, 29.33], [29.24, 29.24, 29.23, 29.23, 29.22, 29.21, 29.21, 29.08, 29.08, 29.08, 29.08, 29.07, 29.06, 29.05, 29.28, 29.3, 29.31, 29.32, 29.32, 29.33]]}