gis_exercise/awsData/contour/temp_2023090600.json
{"header": {"refTime": "2023-09-06T00:00:00.000Z", "nx": 21, "ny": 33, "lo1": 113.509, "la1": 22.2235, "lo2": 113.5947, "la2": 22.1034, "dx": 0.0042850000000001385, "dy": 0.003753125000000024, "parameterCategory": 0, "parameterCategoryName": "Temperature", "parameterNumber": 0}, "z": [[29.28, 29.25, 29.22, 28.67, 28.66, 29.19, 29.14, 29.09, 29.09, 28.96, 29.08, 29.2, 29.65, 29.72, 29.95, 29.99, 30.39, 30.38, 30.38, 30.38], [29.3, 29.27, 29.24, 29.19, 28.66, 28.64, 29.08, 28.97, 28.9, 28.88, 29.08, 29.26, 29.73, 29.79, 30.01, 30.4, 30.39, 30.39, 30.39, 30.38], [29.32, 29.3, 29.27, 29.22, 28.68, 28.65, 28.61, 28.87, 28.52, 28.81, 29.12, 29.38, 29.86, 29.9, 30.41, 30.4, 30.4, 30.39, 30.39, 30.39], [29.35, 29.33, 29.31, 29.27, 29.21, 28.68, 28.65, 28.59, 28.53, 28.91, 29.23, 29.59, 30.08, 30.02, 30.42, 30.4, 30.4, 30.4, 30.4, 30.39], [29.39, 29.38, 29.36, 29.32, 29.28, 28.72, 28.71, 28.69, 28.66, 29.03, 29.31, 30.06, 30.43, 30.1, 30.41, 30.4, 30.4, 30.41, 30.4, 30.4], [29.43, 29.42, 29.41, 29.4, 29.36, 29.32, 28.79, 28.8, 28.77, 28.7, 29.53, 29.87, 30.17, 30.4, 30.39, 30.39, 30.41, 30.42, 30.42, 30.4], [29.9, 29.48, 29.48, 29.48, 29.46, 29.43, 29.35, 28.95, 28.94, 28.97, 28.9, 29.54, 30.19, 30.24, 30.34, 30.38, 30.44, 30.46, 30.54, 30.55], [29.92, 29.92, 29.92, 29.92, 29.9, 29.49, 29.41, 29.33, 29.3, 28.91, 28.56, 29.34, 29.35, 30.25, 30.24, 30.16, 30.32, 30.37, 30.28, 30.23], [29.78, 29.8, 29.96, 29.97, 29.98, 29.94, 29.83, 29.37, 29.05, 29.02, 28.88, 29.1, 29.2, 29.06, 30.22, 30.14, 30.22, 30.26, 30.24, 30.21], [30.3, 30.3, 30.3, 29.88, 29.94, 30.1, 29.99, 29.83, 28.77, 28.84, 29.21, 28.96, 29.04, 29.0, 30.22, 30.11, 30.16, 30.19, 30.19, 30.18], [30.3, 30.3, 30.3, 30.3, 30.3, 30.3, 30.3, 30.3, 29.98, 29.02, 28.3, 28.87, 28.94, 28.94, 30.23, 30.08, 30.12, 30.15, 30.15, 30.15], [30.3, 30.3, 30.3, 30.3, 30.3, 30.3, 30.3, 30.3, 30.3, -999.0, 28.3, 29.8, 29.8, 28.9, 30.24, 30.06, 30.08, 28.79, 28.84, 28.85], [30.3, 30.3, 30.3, 30.3, 30.3, 30.3, 30.3, 30.3, 30.3, 30.3, -999.0, 29.8, 29.8, 28.3, 28.96, 29.41, 29.43, 29.06, 29.11, 29.15], [30.3, 30.3, 30.3, 30.3, 30.3, 30.3, 30.3, 30.3, 30.3, 30.3, -999.0, 27.5, 27.5, 27.5, 28.76, 29.16, 29.21, 28.83, 28.91, 28.97], [30.3, 30.3, 30.3, 30.3, 30.3, 30.3, 30.3, 29.8, 29.8, 29.8, 29.8, 28.92, 27.5, 27.5, 27.5, 28.87, 28.96, 28.62, 28.72, 28.81], [30.3, 30.3, 29.99, 29.98, 29.97, 29.8, 29.8, 29.8, 29.8, 29.8, 28.35, 28.52, 28.29, 28.11, 28.32, 28.12, 28.22, 28.05, 28.74, 28.83], [29.98, 29.98, 30.12, 30.12, 29.8, 29.8, 29.8, 29.8, 29.8, 29.8, 28.81, 28.53, 28.23, 27.95, 27.96, 27.72, 27.8, 27.86, 27.9, 27.93], [30.12, 30.12, 30.11, 30.09, 29.8, 29.8, 29.8, 29.8, 29.8, 29.22, 28.91, 28.56, 28.2, 27.98, 27.57, 27.7, 27.81, 27.88, 27.92, 27.95], [30.11, 30.1, 30.09, 29.8, 29.8, 29.8, 29.8, 29.8, 29.59, 29.35, 29.04, 28.75, 28.44, 28.14, 27.68, 27.77, 27.86, 27.92, 27.96, 27.97], [30.1, 30.1, 29.51, 29.53, 29.55, 29.57, 29.61, 29.72, 29.53, 29.32, 29.07, 28.82, 28.57, 28.39, 27.84, 27.89, 27.95, 27.99, 28.0, 28.01], [29.5, 29.5, 29.51, 29.59, 29.6, 29.62, 29.64, 29.66, 29.33, 29.22, 29.06, 28.88, 28.68, 27.93, 27.96, 28.01, 28.06, 28.07, 28.06, 28.04], [29.57, 29.57, 29.57, 29.58, 29.58, 29.58, 29.59, 29.63, 29.22, 29.16, 29.06, 28.93, 28.63, 28.01, 28.06, 28.13, 28.18, 28.16, 28.1, 28.06], [29.56, 29.56, 29.56, 29.62, 29.61, 29.61, 29.6, 29.58, 29.56, 29.55, 29.56, 29.42, 28.64, 28.06, 28.13, 28.24, 28.37, 28.25, 28.12, 28.07], [29.62, 29.62, 29.62, 29.61, 29.6, 29.59, 29.57, 29.54, 29.5, 29.48, 29.51, 29.4, 28.66, 28.56, 28.48, 28.27, 28.73, 28.14, 28.06, 28.05], [29.62, 29.62, 29.61, 29.6, 29.59, 29.58, 29.55, 29.51, 29.44, 29.38, 29.47, 29.41, 29.41, 28.55, 28.45, 28.35, 28.01, 27.76, 27.97, 28.02], [29.62, 29.61, 29.61, 29.6, 29.59, 29.58, 29.55, 29.51, 29.45, 29.4, 29.41, 29.44, 29.44, 28.55, 28.44, 28.4, 28.24, 28.15, 27.98, 28.01], [29.62, 29.61, 29.61, 29.6, 29.59, 29.58, 29.57, 29.55, 29.53, 29.52, 29.49, 29.49, 29.48, 28.77, 28.62, 28.48, 28.37, 28.32, 28.33, 28.37], [29.62, 29.61, 29.61, 29.61, 29.6, 29.59, 29.59, 29.59, 29.6, 29.57, 29.59, 29.27, 29.09, 28.89, 28.7, 28.58, 28.48, 28.43, 28.42, 28.43], [29.62, 29.62, 29.61, 29.61, 29.61, 29.61, 29.61, 29.62, 29.65, 29.66, 29.66, 29.39, 29.17, 28.97, 28.78, 28.66, 28.57, 28.52, 28.49, 28.49], [29.62, 29.62, 29.62, 29.62, 29.61, 29.62, 29.62, 29.64, 29.36, 29.49, 29.57, 29.39, 29.19, 29.01, 28.84, 28.73, 28.64, 28.59, 28.56, 28.54], [29.62, 29.62, 29.62, 29.62, 29.62, 29.62, 29.63, 29.64, 29.31, 29.37, 29.38, 29.3, 29.16, 29.02, 28.87, 28.77, 28.7, 28.64, 28.61, 28.59], [29.62, 29.62, 29.62, 29.62, 29.63, 29.63, 29.64, 29.21, 29.25, 29.27, 29.27, 29.21, 29.12, 29.02, 28.89, 28.8, 28.74, 28.69, 28.65, 28.63]]}