gis_exercise/awsData/contour/temp_2023090205.json
{"header": {"refTime": "2023-09-02T05:00:00.000Z", "nx": 21, "ny": 33, "lo1": 113.509, "la1": 22.2235, "lo2": 113.5947, "la2": 22.1034, "dx": 0.0042850000000001385, "dy": 0.003753125000000024, "parameterCategory": 0, "parameterCategoryName": "Temperature", "parameterNumber": 0}, "z": [[25.14, 25.15, 25.15, 25.05, 25.07, 25.2, 25.21, 25.22, 25.23, 25.2, 25.19, 25.19, 25.28, 25.27, 25.21, 25.2, 25.17, 25.16, 25.15, 25.15], [25.14, 25.14, 25.15, 25.15, 25.06, 25.08, 25.21, 25.23, 25.24, 25.22, 25.2, 25.19, 25.28, 25.27, 25.21, 25.17, 25.16, 25.15, 25.15, 25.15], [25.14, 25.14, 25.14, 25.15, 25.06, 25.08, 25.11, 25.24, 25.29, 25.23, 25.2, 25.19, 25.28, 25.28, 25.19, 25.17, 25.16, 25.15, 25.14, 25.14], [25.14, 25.14, 25.14, 25.14, 25.15, 25.06, 25.09, 25.13, 25.17, 25.2, 25.18, 25.19, 25.28, 25.18, 25.19, 25.17, 25.15, 25.13, 25.13, 25.13], [25.14, 25.14, 25.13, 25.13, 25.13, 25.03, 25.05, 25.06, 25.06, 25.15, 25.16, 25.18, 25.25, 25.19, 25.19, 25.16, 25.13, 25.12, 25.11, 25.12], [25.13, 25.13, 25.13, 25.13, 25.12, 25.11, 25.0, 25.0, 24.99, 24.97, 25.08, 25.15, 25.21, 25.27, 25.18, 25.14, 25.1, 25.09, 25.09, 25.11], [25.07, 25.13, 25.13, 25.12, 25.12, 25.1, 24.95, 24.95, 24.93, 24.91, 24.92, 25.09, 25.24, 25.25, 25.17, 25.12, 25.06, 25.04, 25.06, 25.07], [25.07, 25.07, 25.07, 25.07, 25.07, 24.99, 24.96, 24.93, 24.91, 24.9, 24.85, 25.08, 25.08, 25.25, 25.07, 25.1, 25.05, 25.04, 25.06, 25.08], [25.03, 25.03, 25.09, 25.09, 25.09, 25.08, 25.04, 24.95, 24.87, 24.92, 24.95, 25.01, 25.04, 25.0, 25.08, 25.1, 25.08, 25.07, 25.07, 25.08], [25.2, 25.2, 25.2, 25.06, 25.08, 25.13, 25.1, 25.04, 24.84, 24.85, 25.04, 24.98, 25.0, 24.99, 25.08, 25.11, 25.1, 25.09, 25.09, 25.09], [25.2, 25.2, 25.2, 25.2, 25.2, 25.2, 25.2, 25.2, 25.09, 24.87, 24.8, 24.95, 24.97, 24.97, 25.08, 25.12, 25.11, 25.1, 25.1, 25.1], [25.2, 25.2, 25.2, 25.2, 25.2, 25.2, 25.2, 25.2, 25.2, -999.0, 24.8, 25.2, 25.2, 24.96, 25.08, 25.13, 25.12, 24.66, 24.67, 24.67], [25.2, 25.2, 25.2, 25.2, 25.2, 25.2, 25.2, 25.2, 25.2, 25.2, -999.0, 25.2, 25.2, 24.68, 24.91, 24.78, 24.79, 24.71, 24.72, 24.73], [25.2, 25.2, 25.2, 25.2, 25.2, 25.2, 25.2, 25.2, 25.2, 25.2, -999.0, 24.4, 24.4, 24.4, 24.84, 24.73, 24.74, 24.67, 24.68, 24.69], [25.2, 25.2, 25.2, 25.2, 25.2, 25.2, 25.2, 25.1, 25.1, 25.1, 25.1, 24.83, 24.4, 24.4, 24.4, 24.67, 24.69, 24.62, 24.64, 24.66], [25.2, 25.2, 25.14, 25.14, 25.13, 25.1, 25.1, 25.1, 25.1, 25.1, 24.66, 24.71, 24.64, 24.58, 24.65, 24.51, 24.53, 24.5, 24.64, 24.65], [25.14, 25.14, 25.16, 25.16, 25.1, 25.1, 25.1, 25.1, 25.1, 25.1, 24.8, 24.71, 24.62, 24.54, 24.52, 24.49, 24.52, 24.55, 24.56, 24.58], [25.16, 25.16, 25.16, 25.16, 25.1, 25.1, 25.1, 25.1, 25.1, 24.92, 24.83, 24.72, 24.61, 24.52, 24.42, 24.48, 24.52, 24.55, 24.57, 24.58], [25.16, 25.16, 25.16, 25.1, 25.1, 25.1, 25.1, 25.1, 25.04, 24.96, 24.88, 24.79, 24.65, 24.56, 24.47, 24.5, 24.54, 24.57, 24.58, 24.59], [25.16, 25.16, 25.04, 25.05, 25.05, 25.05, 25.06, 25.08, 25.02, 24.96, 24.89, 24.81, 24.68, 24.62, 24.53, 24.55, 24.57, 24.59, 24.6, 24.61], [25.04, 25.04, 25.04, 25.06, 25.06, 25.06, 25.07, 25.07, 24.97, 24.94, 24.89, 24.84, 24.7, 24.57, 24.58, 24.59, 24.61, 24.62, 24.62, 24.62], [25.05, 25.05, 25.05, 25.06, 25.06, 25.06, 25.06, 25.03, 24.94, 24.92, 24.89, 24.86, 24.69, 24.6, 24.61, 24.63, 24.64, 24.64, 24.64, 24.64], [25.05, 25.05, 25.05, 25.01, 25.01, 25.02, 25.02, 25.02, 25.01, 25.01, 25.01, 24.95, 24.81, 24.62, 24.63, 24.65, 24.67, 24.67, 24.66, 24.65], [25.01, 25.01, 25.01, 25.01, 25.01, 25.01, 25.01, 25.01, 25.0, 25.0, 25.0, 24.9, 24.82, 24.78, 24.76, 24.67, 24.69, 24.68, 24.67, 24.66], [25.0, 25.0, 25.0, 25.0, 25.0, 25.0, 25.0, 25.0, 25.0, 25.0, 24.99, 24.91, 24.88, 24.79, 24.76, 24.73, 24.68, 24.69, 24.67, 24.66], [25.0, 25.0, 25.0, 25.0, 25.0, 24.99, 24.99, 24.99, 24.99, 24.99, 24.94, 24.91, 24.89, 24.79, 24.77, 24.73, 24.72, 24.72, 24.67, 24.66], [25.0, 25.0, 25.0, 24.99, 24.99, 24.99, 24.99, 24.98, 24.98, 24.98, 24.92, 24.91, 24.89, 24.77, 24.75, 24.74, 24.73, 24.73, 24.73, 24.73], [25.0, 24.99, 24.99, 24.99, 24.99, 24.98, 24.98, 24.97, 24.97, 24.91, 24.91, 24.9, 24.89, 24.87, 24.77, 24.75, 24.74, 24.74, 24.74, 24.74], [24.99, 24.99, 24.99, 24.99, 24.98, 24.98, 24.97, 24.97, 24.95, 24.9, 24.9, 24.9, 24.89, 24.87, 24.78, 24.76, 24.75, 24.75, 24.74, 24.74], [24.99, 24.99, 24.99, 24.98, 24.98, 24.98, 24.97, 24.96, 24.9, 24.9, 24.9, 24.89, 24.89, 24.88, 24.78, 24.77, 24.76, 24.75, 24.75, 24.75], [24.99, 24.99, 24.99, 24.98, 24.98, 24.98, 24.97, 24.96, 24.9, 24.9, 24.9, 24.89, 24.89, 24.88, 24.79, 24.77, 24.77, 24.76, 24.76, 24.75], [24.99, 24.99, 24.98, 24.98, 24.98, 24.97, 24.97, 24.9, 24.9, 24.89, 24.89, 24.89, 24.88, 24.88, 24.79, 24.78, 24.77, 24.76, 24.76, 24.76]]}