gis_exercise/awsData/contour/temp_2023090603.json
{"header": {"refTime": "2023-09-06T03:00:00.000Z", "nx": 21, "ny": 33, "lo1": 113.509, "la1": 22.2235, "lo2": 113.5947, "la2": 22.1034, "dx": 0.0042850000000001385, "dy": 0.003753125000000024, "parameterCategory": 0, "parameterCategoryName": "Temperature", "parameterNumber": 0}, "z": [[28.13, 28.14, 28.15, 28.14, 28.16, 28.55, 28.56, 28.57, 28.58, 28.59, 28.63, 28.66, 28.83, 28.85, 28.96, 28.95, 28.92, 28.91, 28.9, 28.89], [28.13, 28.13, 28.15, 28.16, 28.16, 28.19, 28.54, 28.55, 28.56, 28.58, 28.63, 28.69, 28.87, 28.88, 28.98, 28.94, 28.92, 28.9, 28.89, 28.89], [28.12, 28.13, 28.14, 28.15, 28.15, 28.18, 28.23, 28.53, 28.51, 28.57, 28.65, 28.74, 28.93, 28.93, 28.97, 28.94, 28.91, 28.9, 28.89, 28.88], [28.11, 28.11, 28.12, 28.13, 28.15, 28.15, 28.19, 28.26, 28.32, 28.57, 28.67, 28.82, 29.03, 28.86, 28.98, 28.94, 28.9, 28.89, 28.88, 28.87], [28.1, 28.1, 28.1, 28.11, 28.12, 28.11, 28.13, 28.15, 28.16, 28.55, 28.67, 28.89, 29.18, 28.92, 28.98, 28.92, 28.88, 28.87, 28.86, 28.86], [28.08, 28.08, 28.08, 28.09, 28.09, 28.1, 28.07, 28.06, 28.04, 28.02, 28.51, 28.74, 28.97, 29.07, 28.94, 28.89, 28.86, 28.85, 28.85, 28.85], [27.9, 28.07, 28.06, 28.06, 28.06, 28.06, 27.87, 27.99, 27.96, 27.95, 27.97, 28.47, 28.83, 28.89, 28.87, 28.85, 28.83, 28.82, 28.91, 28.95], [27.9, 27.9, 27.9, 27.9, 27.9, 27.88, 27.88, 27.88, 27.92, 27.93, 27.88, 28.22, 28.22, 28.9, 28.65, 28.61, 28.7, 28.73, 28.68, 28.64], [27.9, 27.9, 27.9, 27.9, 27.9, 27.9, 27.9, 27.88, 27.87, 27.96, 28.03, 28.12, 28.16, 28.1, 28.64, 28.59, 28.64, 28.66, 28.65, 28.63], [27.9, 27.9, 27.9, 27.9, 27.9, 27.9, 27.9, 27.9, 27.84, 27.85, 28.16, 28.06, 28.1, 28.08, 28.64, 28.57, 28.61, 28.62, 28.62, 28.62], [27.9, 27.9, 27.9, 27.9, 27.9, 27.9, 27.9, 27.9, 27.9, 27.87, 27.8, 28.03, 28.06, 28.06, 28.64, 28.56, 28.59, 28.6, 28.6, 28.6], [27.9, 27.9, 27.9, 27.9, 27.9, 27.9, 27.9, 27.9, 27.9, -999.0, 27.8, 28.4, 28.4, 28.04, 28.65, 28.55, 28.56, 27.15, 27.19, 27.2], [27.9, 27.9, 27.9, 27.9, 27.9, 27.9, 27.9, 27.9, 27.9, 27.9, -999.0, 28.4, 28.4, 26.77, 27.49, 27.74, 27.77, 27.41, 27.46, 27.49], [27.9, 27.9, 27.9, 27.9, 27.9, 27.9, 27.9, 27.9, 27.9, 27.9, -999.0, 25.9, 25.9, 25.9, 27.27, 27.5, 27.55, 27.18, 27.26, 27.32], [27.9, 27.9, 27.9, 27.9, 27.9, 27.9, 27.9, 26.9, 26.9, 26.9, 26.9, 26.52, 25.9, 25.9, 25.9, 27.23, 27.31, 26.98, 27.08, 27.17], [27.9, 27.9, 27.27, 27.26, 27.24, 26.9, 26.9, 26.9, 26.9, 26.9, 26.27, 26.34, 26.25, 26.16, 26.26, 26.23, 26.28, 26.19, 26.9, 26.97], [27.26, 27.25, 27.55, 27.53, 26.9, 26.9, 26.9, 26.9, 26.9, 26.9, 26.47, 26.35, 26.22, 26.1, 26.12, 26.05, 26.11, 26.15, 26.18, 26.2], [27.54, 27.53, 27.51, 27.49, 26.9, 26.9, 26.9, 26.9, 26.9, 26.65, 26.51, 26.36, 26.21, 26.13, 25.93, 26.04, 26.11, 26.16, 26.19, 26.21], [27.52, 27.51, 27.48, 26.9, 26.9, 26.9, 26.9, 26.9, 26.81, 26.71, 26.56, 26.43, 26.34, 26.2, 26.03, 26.08, 26.15, 26.19, 26.22, 26.23], [27.51, 27.49, 26.73, 26.74, 26.75, 26.76, 26.79, 26.85, 26.77, 26.68, 26.56, 26.46, 26.4, 26.32, 26.13, 26.17, 26.21, 26.24, 26.25, 26.25], [26.72, 26.72, 26.73, 26.78, 26.78, 26.79, 26.8, 26.81, 26.67, 26.63, 26.55, 26.48, 26.46, 26.2, 26.21, 26.24, 26.27, 26.29, 26.29, 26.28], [26.76, 26.76, 26.76, 26.77, 26.77, 26.77, 26.77, 26.8, 26.62, 26.59, 26.55, 26.49, 26.42, 26.25, 26.28, 26.32, 26.35, 26.34, 26.32, 26.3], [26.75, 26.75, 26.75, 26.79, 26.79, 26.78, 26.78, 26.77, 26.76, 26.75, 26.75, 26.74, 26.49, 26.28, 26.32, 26.38, 26.44, 26.4, 26.34, 26.31], [26.79, 26.79, 26.79, 26.79, 26.78, 26.77, 26.76, 26.74, 26.72, 26.71, 26.73, 26.72, 26.49, 26.47, 26.47, 26.4, 26.6, 26.36, 26.32, 26.31], [26.79, 26.79, 26.79, 26.78, 26.78, 26.77, 26.75, 26.73, 26.68, 26.65, 26.7, 26.72, 26.75, 26.47, 26.45, 26.43, 26.31, 26.21, 26.29, 26.3], [26.79, 26.79, 26.79, 26.78, 26.77, 26.77, 26.75, 26.73, 26.69, 26.66, 26.7, 26.73, 26.75, 26.47, 26.44, 26.46, 26.4, 26.37, 26.29, 26.29], [26.79, 26.79, 26.79, 26.78, 26.78, 26.77, 26.76, 26.75, 26.74, 26.73, 26.74, 26.76, 26.77, 26.58, 26.53, 26.48, 26.45, 26.43, 26.43, 26.45], [26.79, 26.79, 26.79, 26.78, 26.78, 26.78, 26.77, 26.77, 26.78, 26.79, 26.8, 26.68, 26.62, 26.55, 26.55, 26.51, 26.48, 26.47, 26.46, 26.47], [26.79, 26.79, 26.79, 26.79, 26.78, 26.78, 26.79, 26.79, 26.81, 26.83, 26.84, 26.73, 26.65, 26.58, 26.58, 26.54, 26.51, 26.49, 26.49, 26.49], [26.79, 26.79, 26.79, 26.79, 26.79, 26.79, 26.79, 26.8, 26.71, 26.77, 26.8, 26.73, 26.66, 26.59, 26.6, 26.56, 26.54, 26.52, 26.51, 26.5], [26.79, 26.79, 26.79, 26.79, 26.79, 26.79, 26.8, 26.81, 26.7, 26.72, 26.73, 26.7, 26.65, 26.6, 26.61, 26.58, 26.55, 26.54, 26.52, 26.52], [26.79, 26.79, 26.79, 26.79, 26.8, 26.8, 26.8, 26.66, 26.67, 26.69, 26.68, 26.66, 26.63, 26.59, 26.61, 26.59, 26.57, 26.55, 26.54, 26.53]]}