gis_exercise/awsData/contour/temp_2023091309.json
{"header": {"refTime": "2023-09-13T09:00:00.000Z", "nx": 21, "ny": 33, "lo1": 113.509, "la1": 22.2235, "lo2": 113.5947, "la2": 22.1034, "dx": 0.0042850000000001385, "dy": 0.003753125000000024, "parameterCategory": 0, "parameterCategoryName": "Temperature", "parameterNumber": 0}, "z": [[27.26, 27.26, 27.26, 27.03, 27.04, 27.29, 27.3, 27.3, 27.31, 27.29, 27.3, 27.31, 27.53, 27.54, 27.47, 27.46, 27.53, 27.52, 27.51, 27.51], [27.27, 27.26, 27.26, 27.26, 27.04, 27.06, 27.29, 27.3, 27.31, 27.29, 27.3, 27.32, 27.54, 27.56, 27.48, 27.54, 27.53, 27.51, 27.51, 27.5], [27.27, 27.26, 27.26, 27.25, 27.03, 27.05, 27.09, 27.29, 27.3, 27.29, 27.31, 27.34, 27.57, 27.58, 27.56, 27.54, 27.52, 27.5, 27.5, 27.49], [27.27, 27.27, 27.26, 27.26, 27.25, 27.04, 27.07, 27.12, 27.16, 27.28, 27.31, 27.38, 27.6, 27.48, 27.56, 27.53, 27.5, 27.49, 27.48, 27.48], [27.28, 27.27, 27.27, 27.26, 27.25, 27.01, 27.02, 27.04, 27.04, 27.24, 27.29, 27.48, 27.61, 27.51, 27.56, 27.52, 27.48, 27.46, 27.46, 27.46], [27.28, 27.28, 27.27, 27.26, 27.25, 27.23, 26.98, 26.97, 26.96, 26.93, 27.29, 27.42, 27.53, 27.67, 27.55, 27.49, 27.44, 27.42, 27.43, 27.45], [27.29, 27.29, 27.29, 27.28, 27.26, 27.23, 27.02, 26.93, 26.91, 26.94, 26.97, 27.33, 27.64, 27.65, 27.53, 27.47, 27.39, 27.36, 27.37, 27.4], [27.3, 27.3, 27.31, 27.3, 27.29, 27.12, 27.05, 26.97, 26.92, 26.91, 26.82, 27.32, 27.33, 27.65, 27.41, 27.44, 27.38, 27.35, 27.39, 27.42], [27.2, 27.21, 27.33, 27.34, 27.35, 27.32, 27.24, 27.02, 26.84, 26.96, 27.05, 27.18, 27.24, 27.16, 27.42, 27.46, 27.42, 27.4, 27.41, 27.43], [27.6, 27.6, 27.6, 27.27, 27.32, 27.44, 27.36, 27.24, 26.79, 26.8, 27.25, 27.1, 27.14, 27.12, 27.42, 27.47, 27.44, 27.43, 27.43, 27.44], [27.6, 27.6, 27.6, 27.6, 27.6, 27.6, 27.6, 27.6, 27.35, 26.83, 26.7, 27.04, 27.08, 27.09, 27.42, 27.48, 27.46, 27.45, 27.45, 27.45], [27.6, 27.6, 27.6, 27.6, 27.6, 27.6, 27.6, 27.6, 27.6, -999.0, 26.7, 27.6, 27.6, 27.06, 27.41, 27.49, 27.48, 27.13, 27.13, 27.13], [27.6, 27.6, 27.6, 27.6, 27.6, 27.6, 27.6, 27.6, 27.6, 27.6, -999.0, 27.6, 27.6, 27.21, 27.38, 27.19, 27.19, 27.16, 27.16, 27.16], [27.6, 27.6, 27.6, 27.6, 27.6, 27.6, 27.6, 27.6, 27.6, 27.6, -999.0, 27.0, 27.0, 27.0, 27.33, 27.17, 27.17, 27.13, 27.14, 27.15], [27.6, 27.6, 27.6, 27.6, 27.6, 27.6, 27.6, 28.0, 28.0, 28.0, 28.0, 27.62, 27.0, 27.0, 27.0, 27.14, 27.15, 27.11, 27.12, 27.13], [27.6, 27.6, 27.85, 27.86, 27.86, 28.0, 28.0, 28.0, 28.0, 28.0, 27.37, 27.44, 27.35, 27.26, 27.36, 27.15, 27.17, 27.13, 27.19, 27.2], [27.86, 27.86, 27.74, 27.75, 28.0, 28.0, 28.0, 28.0, 28.0, 28.0, 27.57, 27.45, 27.32, 27.2, 27.16, 27.19, 27.26, 27.31, 27.35, 27.38], [27.74, 27.75, 27.75, 27.77, 28.0, 28.0, 28.0, 28.0, 28.0, 27.75, 27.61, 27.46, 27.31, 27.17, 27.02, 27.17, 27.26, 27.32, 27.36, 27.39], [27.75, 27.76, 27.77, 28.0, 28.0, 28.0, 28.0, 28.0, 27.91, 27.81, 27.66, 27.53, 27.35, 27.23, 27.15, 27.22, 27.3, 27.36, 27.39, 27.41], [27.76, 27.76, 27.83, 27.84, 27.85, 27.86, 27.89, 27.95, 27.87, 27.78, 27.66, 27.56, 27.39, 27.31, 27.28, 27.31, 27.36, 27.4, 27.43, 27.44], [27.82, 27.82, 27.83, 27.88, 27.88, 27.89, 27.9, 27.91, 27.77, 27.73, 27.65, 27.58, 27.42, 27.35, 27.37, 27.4, 27.43, 27.45, 27.47, 27.48], [27.86, 27.86, 27.86, 27.87, 27.87, 27.87, 27.87, 27.84, 27.72, 27.69, 27.65, 27.59, 27.36, 27.41, 27.43, 27.46, 27.49, 27.5, 27.51, 27.51], [27.85, 27.85, 27.85, 27.82, 27.82, 27.82, 27.81, 27.81, 27.8, 27.79, 27.79, 27.71, 27.66, 27.46, 27.48, 27.51, 27.52, 27.55, 27.55, 27.54], [27.81, 27.81, 27.81, 27.8, 27.8, 27.8, 27.79, 27.78, 27.77, 27.76, 27.76, 27.63, 27.66, 27.65, 27.64, 27.54, 27.49, 27.62, 27.6, 27.57], [27.8, 27.8, 27.8, 27.8, 27.79, 27.78, 27.77, 27.76, 27.74, 27.72, 27.74, 27.64, 27.61, 27.66, 27.65, 27.65, 27.65, 27.72, 27.63, 27.58], [27.8, 27.79, 27.79, 27.79, 27.78, 27.77, 27.76, 27.75, 27.73, 27.72, 27.66, 27.64, 27.62, 27.66, 27.66, 27.67, 27.69, 27.7, 27.61, 27.58], [27.79, 27.79, 27.79, 27.78, 27.78, 27.77, 27.76, 27.75, 27.74, 27.73, 27.66, 27.65, 27.63, 27.67, 27.67, 27.67, 27.68, 27.69, 27.68, 27.68], [27.79, 27.79, 27.78, 27.78, 27.77, 27.76, 27.76, 27.75, 27.74, 27.67, 27.67, 27.73, 27.74, 27.76, 27.67, 27.67, 27.68, 27.68, 27.68, 27.68], [27.79, 27.78, 27.78, 27.77, 27.77, 27.76, 27.75, 27.74, 27.73, 27.68, 27.71, 27.72, 27.74, 27.75, 27.67, 27.67, 27.68, 27.68, 27.68, 27.68], [27.78, 27.78, 27.78, 27.77, 27.77, 27.76, 27.75, 27.74, 27.72, 27.72, 27.71, 27.72, 27.74, 27.75, 27.68, 27.67, 27.67, 27.67, 27.67, 27.67], [27.78, 27.78, 27.77, 27.77, 27.77, 27.76, 27.75, 27.75, 27.73, 27.72, 27.72, 27.73, 27.74, 27.75, 27.68, 27.68, 27.67, 27.67, 27.67, 27.67], [27.78, 27.78, 27.77, 27.77, 27.77, 27.76, 27.76, 27.73, 27.73, 27.73, 27.73, 27.74, 27.74, 27.75, 27.68, 27.68, 27.67, 27.67, 27.67, 27.67]]}