gis_exercise/awsData/contour/temp_2023090614.json
{"header": {"refTime": "2023-09-06T14:00:00.000Z", "nx": 21, "ny": 33, "lo1": 113.509, "la1": 22.2235, "lo2": 113.5947, "la2": 22.1034, "dx": 0.0042850000000001385, "dy": 0.003753125000000024, "parameterCategory": 0, "parameterCategoryName": "Temperature", "parameterNumber": 0}, "z": [[30.65, 30.63, 30.61, 30.2, 30.2, 30.41, 30.4, 30.39, 30.39, 30.38, 30.42, 30.46, 30.78, 30.81, 30.44, 30.42, 30.69, 30.66, 30.64, 30.63], [30.66, 30.64, 30.62, 30.59, 30.2, 30.2, 30.38, 30.35, 30.34, 30.36, 30.42, 30.49, 30.81, 30.84, 30.47, 30.72, 30.67, 30.64, 30.62, 30.6], [30.68, 30.66, 30.64, 30.61, 30.21, 30.2, 30.2, 30.32, 30.23, 30.33, 30.44, 30.53, 30.85, 30.87, 30.77, 30.7, 30.65, 30.6, 30.58, 30.57], [30.7, 30.68, 30.66, 30.63, 30.59, 30.21, 30.21, 30.2, 30.2, 30.36, 30.47, 30.6, 30.91, 30.89, 30.77, 30.68, 30.6, 30.55, 30.53, 30.53], [30.72, 30.71, 30.69, 30.67, 30.63, 30.21, 30.21, 30.21, 30.2, 30.4, 30.5, 30.88, 30.96, 30.91, 30.77, 30.64, 30.53, 30.46, 30.46, 30.48], [30.75, 30.75, 30.73, 30.71, 30.68, 30.63, 30.22, 30.22, 30.21, 30.19, 30.74, 30.85, 30.93, 31.1, 30.75, 30.57, 30.4, 30.32, 30.37, 30.43], [31.02, 30.79, 30.79, 30.77, 30.75, 30.69, 30.58, 30.23, 30.23, 30.4, 30.44, 30.82, 31.17, 31.15, 30.73, 30.51, 30.22, 30.11, 30.1, 30.17], [31.04, 31.05, 31.05, 31.05, 31.02, 30.75, 30.62, 30.45, 30.34, 30.36, 30.26, 30.93, 30.94, 31.15, 30.42, 30.57, 30.27, 30.16, 30.33, 30.45], [30.86, 30.87, 31.1, 31.12, 31.13, 31.08, 30.92, 30.57, 30.24, 30.43, 30.56, 30.74, 30.82, 30.71, 30.46, 30.63, 30.45, 30.38, 30.42, 30.49], [31.6, 31.6, 31.6, 30.99, 31.08, 31.3, 31.15, 30.92, 30.19, 30.2, 30.83, 30.63, 30.69, 30.66, 30.46, 30.69, 30.58, 30.52, 30.51, 30.54], [31.6, 31.6, 31.6, 31.6, 31.6, 31.6, 31.6, 31.6, 31.14, 30.23, 30.1, 30.56, 30.61, 30.61, 30.44, 30.73, 30.65, 30.6, 30.59, 30.6], [31.6, 31.6, 31.6, 31.6, 31.6, 31.6, 31.6, 31.6, 31.6, -999.0, 30.1, 31.3, 31.3, 30.58, 30.43, 30.78, 30.73, 30.35, 30.34, 30.34], [31.6, 31.6, 31.6, 31.6, 31.6, 31.6, 31.6, 31.6, 31.6, 31.6, -999.0, 31.3, 31.3, 30.91, 31.08, 30.19, 30.19, 30.28, 30.27, 30.26], [31.6, 31.6, 31.6, 31.6, 31.6, 31.6, 31.6, 31.6, 31.6, 31.6, -999.0, 30.7, 30.7, 30.7, 31.03, 30.26, 30.25, 30.35, 30.32, 30.31], [31.6, 31.6, 31.6, 31.6, 31.6, 31.6, 31.6, 31.6, 31.6, 31.6, 31.6, 31.25, 30.7, 30.7, 30.7, 30.33, 30.31, 30.4, 30.37, 30.35], [31.6, 31.6, 31.6, 31.6, 31.6, 31.6, 31.6, 31.6, 31.6, 31.6, 31.03, 31.1, 31.01, 30.94, 31.02, 30.63, 30.62, 30.64, 30.44, 30.42], [31.6, 31.6, 31.6, 31.6, 31.6, 31.6, 31.6, 31.6, 31.6, 31.6, 31.21, 31.1, 30.98, 30.88, 30.78, 30.94, 31.02, 31.09, 31.14, 31.18], [31.6, 31.6, 31.6, 31.6, 31.6, 31.6, 31.6, 31.6, 31.6, 31.37, 31.25, 31.12, 30.98, 30.8, 30.71, 30.91, 31.03, 31.11, 31.16, 31.2], [31.6, 31.6, 31.6, 31.6, 31.6, 31.6, 31.6, 31.6, 31.52, 31.42, 31.29, 31.17, 30.91, 30.82, 30.89, 30.97, 31.07, 31.14, 31.19, 31.23], [31.6, 31.6, 31.43, 31.44, 31.45, 31.46, 31.49, 31.55, 31.48, 31.39, 31.29, 31.19, 30.92, 30.85, 31.04, 31.08, 31.14, 31.19, 31.24, 31.26], [31.42, 31.42, 31.43, 31.48, 31.48, 31.49, 31.5, 31.51, 31.39, 31.35, 31.28, 31.21, 30.92, 31.13, 31.14, 31.17, 31.21, 31.25, 31.28, 31.31], [31.46, 31.46, 31.46, 31.47, 31.47, 31.47, 31.47, 31.55, 31.34, 31.31, 31.27, 31.22, 30.83, 31.2, 31.21, 31.23, 31.25, 31.29, 31.34, 31.36], [31.45, 31.45, 31.45, 31.57, 31.56, 31.55, 31.54, 31.53, 31.51, 31.51, 31.52, 31.18, 31.42, 31.25, 31.27, 31.25, 31.2, 31.32, 31.41, 31.41], [31.58, 31.58, 31.57, 31.57, 31.56, 31.55, 31.53, 31.51, 31.47, 31.46, 31.49, 31.25, 31.42, 31.43, 31.42, 31.3, 30.95, 31.53, 31.54, 31.48], [31.58, 31.58, 31.57, 31.57, 31.56, 31.55, 31.53, 31.49, 31.43, 31.38, 31.46, 31.29, 31.23, 31.45, 31.47, 31.49, 31.66, 31.94, 31.63, 31.52], [31.58, 31.58, 31.58, 31.57, 31.57, 31.56, 31.54, 31.51, 31.45, 31.4, 31.35, 31.34, 31.28, 31.46, 31.5, 31.64, 31.73, 31.79, 31.61, 31.53], [31.59, 31.59, 31.58, 31.58, 31.58, 31.57, 31.56, 31.55, 31.53, 31.54, 31.44, 31.41, 31.35, 31.68, 31.67, 31.67, 31.7, 31.72, 31.71, 31.69], [31.59, 31.59, 31.59, 31.59, 31.59, 31.59, 31.59, 31.6, 31.62, 31.55, 31.58, 31.83, 31.87, 31.93, 31.69, 31.69, 31.69, 31.7, 31.7, 31.69], [31.6, 31.6, 31.6, 31.6, 31.6, 31.61, 31.62, 31.64, 31.68, 31.68, 31.88, 31.86, 31.88, 31.92, 31.71, 31.7, 31.69, 31.69, 31.69, 31.69], [31.6, 31.6, 31.6, 31.61, 31.61, 31.62, 31.63, 31.66, 31.82, 31.85, 31.87, 31.87, 31.89, 31.92, 31.72, 31.7, 31.7, 31.69, 31.69, 31.68], [31.6, 31.61, 31.61, 31.61, 31.62, 31.63, 31.64, 31.67, 31.83, 31.85, 31.86, 31.87, 31.89, 31.92, 31.72, 31.71, 31.7, 31.69, 31.69, 31.68], [31.61, 31.61, 31.61, 31.62, 31.62, 31.63, 31.65, 31.83, 31.84, 31.85, 31.87, 31.88, 31.9, 31.92, 31.72, 31.71, 31.7, 31.7, 31.69, 31.69]]}