gis_exercise/awsData/contour/temp_2023090911.json
{"header": {"refTime": "2023-09-09T11:00:00.000Z", "nx": 21, "ny": 33, "lo1": 113.509, "la1": 22.2235, "lo2": 113.5947, "la2": 22.1034, "dx": 0.0042850000000001385, "dy": 0.003753125000000024, "parameterCategory": 0, "parameterCategoryName": "Temperature", "parameterNumber": 0}, "z": [[26.11, 26.12, 26.12, 25.87, 25.89, 26.17, 26.18, 26.2, 26.21, 26.09, 26.07, 26.05, 26.28, 26.27, 26.21, 26.2, 26.17, 26.16, 26.15, 26.15], [26.11, 26.11, 26.12, 26.12, 25.89, 25.92, 26.19, 26.21, 26.23, 26.12, 26.08, 26.06, 26.28, 26.27, 26.21, 26.17, 26.16, 26.15, 26.15, 26.15], [26.11, 26.11, 26.11, 26.12, 25.88, 25.91, 25.97, 26.22, 26.28, 26.14, 26.08, 26.06, 26.28, 26.28, 26.19, 26.17, 26.16, 26.15, 26.14, 26.14], [26.11, 26.11, 26.11, 26.11, 26.11, 25.89, 25.93, 26.01, 26.08, 26.09, 26.05, 26.07, 26.28, 26.06, 26.19, 26.17, 26.15, 26.13, 26.13, 26.13], [26.1, 26.1, 26.1, 26.1, 26.1, 25.85, 25.87, 25.89, 25.89, 25.98, 25.98, 26.07, 26.2, 26.09, 26.19, 26.16, 26.13, 26.12, 26.11, 26.12], [26.1, 26.1, 26.1, 26.09, 26.09, 26.07, 25.81, 25.8, 25.76, 25.7, 25.85, 26.0, 26.12, 26.27, 26.18, 26.14, 26.1, 26.09, 26.09, 26.11], [26.02, 26.1, 26.1, 26.09, 26.08, 26.06, 25.75, 25.75, 25.71, 25.6, 25.57, 25.9, 26.24, 26.25, 26.17, 26.12, 26.06, 26.04, 26.06, 26.07], [26.03, 26.03, 26.03, 26.03, 26.02, 25.82, 25.78, 25.75, 25.76, 25.56, 25.37, 25.89, 25.9, 26.25, 26.07, 26.1, 26.05, 26.04, 26.06, 26.08], [25.97, 25.98, 26.05, 26.05, 26.06, 26.04, 25.99, 25.76, 25.61, 25.63, 25.58, 25.73, 25.8, 25.71, 26.08, 26.1, 26.08, 26.07, 26.07, 26.08], [26.2, 26.2, 26.2, 26.01, 26.04, 26.11, 26.06, 25.99, 25.46, 25.49, 25.81, 25.64, 25.69, 25.67, 26.08, 26.11, 26.1, 26.09, 26.09, 26.09], [26.2, 26.2, 26.2, 26.2, 26.2, 26.2, 26.2, 26.2, 26.06, 25.59, 25.2, 25.58, 25.63, 25.63, 26.08, 26.12, 26.11, 26.1, 26.1, 26.1], [26.2, 26.2, 26.2, 26.2, 26.2, 26.2, 26.2, 26.2, 26.2, -999.0, 25.2, 26.2, 26.2, 25.6, 26.08, 26.13, 26.12, 25.55, 25.56, 25.56], [26.2, 26.2, 26.2, 26.2, 26.2, 26.2, 26.2, 26.2, 26.2, 26.2, -999.0, 26.2, 26.2, 25.55, 25.83, 25.71, 25.71, 25.62, 25.63, 25.64], [26.2, 26.2, 26.2, 26.2, 26.2, 26.2, 26.2, 26.2, 26.2, 26.2, -999.0, 25.2, 25.2, 25.2, 25.75, 25.64, 25.65, 25.55, 25.58, 25.59], [26.2, 26.2, 26.2, 26.2, 26.2, 26.2, 26.2, 26.3, 26.3, 26.3, 26.3, 25.88, 25.2, 25.2, 25.2, 25.57, 25.59, 25.5, 25.53, 25.55], [26.2, 26.2, 26.26, 26.26, 26.27, 26.3, 26.3, 26.3, 26.3, 26.3, 25.61, 25.69, 25.58, 25.49, 25.59, 25.42, 25.45, 25.39, 25.57, 25.6], [26.26, 26.26, 26.24, 26.24, 26.3, 26.3, 26.3, 26.3, 26.3, 26.3, 25.83, 25.69, 25.55, 25.41, 25.4, 25.42, 25.5, 25.56, 25.6, 25.64], [26.24, 26.24, 26.24, 26.24, 26.3, 26.3, 26.3, 26.3, 26.3, 26.02, 25.87, 25.71, 25.54, 25.41, 25.23, 25.39, 25.51, 25.58, 25.62, 25.65], [26.24, 26.24, 26.24, 26.3, 26.3, 26.3, 26.3, 26.3, 26.2, 26.09, 25.98, 25.85, 25.61, 25.47, 25.38, 25.46, 25.55, 25.62, 25.66, 25.68], [26.24, 26.24, 26.3, 26.3, 26.3, 26.3, 26.3, 26.3, 26.2, 26.11, 26.0, 25.89, 25.66, 25.58, 25.52, 25.57, 25.62, 25.67, 25.7, 25.71], [26.3, 26.3, 26.3, 26.3, 26.3, 26.3, 26.3, 26.3, 26.13, 26.08, 26.01, 25.93, 25.71, 25.61, 25.63, 25.67, 25.71, 25.73, 25.75, 25.75], [26.3, 26.3, 26.3, 26.3, 26.3, 26.3, 26.3, 26.32, 26.11, 26.08, 26.03, 25.97, 25.75, 25.68, 25.71, 25.75, 25.78, 25.79, 25.8, 25.79], [26.3, 26.3, 26.3, 26.33, 26.32, 26.32, 26.32, 26.32, 26.32, 26.32, 26.32, 26.17, 26.07, 25.73, 25.77, 25.81, 25.83, 25.85, 25.84, 25.82], [26.33, 26.33, 26.33, 26.33, 26.33, 26.32, 26.32, 26.32, 26.32, 26.32, 26.32, 26.2, 26.08, 26.04, 26.0, 25.84, 25.84, 25.91, 25.88, 25.85], [26.33, 26.33, 26.33, 26.33, 26.33, 26.33, 26.33, 26.32, 26.32, 26.31, 26.32, 26.22, 26.18, 26.05, 26.01, 25.99, 25.93, 25.98, 25.9, 25.86], [26.33, 26.33, 26.33, 26.33, 26.33, 26.33, 26.33, 26.33, 26.32, 26.31, 26.26, 26.24, 26.2, 26.06, 26.03, 26.02, 26.02, 26.02, 25.89, 25.86], [26.33, 26.33, 26.33, 26.33, 26.33, 26.33, 26.33, 26.33, 26.33, 26.33, 26.28, 26.25, 26.22, 26.11, 26.08, 26.05, 26.04, 26.03, 26.03, 26.03], [26.33, 26.33, 26.33, 26.34, 26.34, 26.34, 26.34, 26.34, 26.35, 26.3, 26.31, 26.33, 26.31, 26.28, 26.1, 26.07, 26.06, 26.05, 26.05, 26.05], [26.34, 26.34, 26.34, 26.34, 26.34, 26.34, 26.34, 26.35, 26.36, 26.34, 26.38, 26.34, 26.32, 26.29, 26.12, 26.09, 26.08, 26.06, 26.06, 26.06], [26.34, 26.34, 26.34, 26.34, 26.34, 26.34, 26.35, 26.35, 26.34, 26.36, 26.37, 26.34, 26.32, 26.3, 26.14, 26.11, 26.09, 26.08, 26.07, 26.07], [26.34, 26.34, 26.34, 26.34, 26.34, 26.34, 26.35, 26.35, 26.33, 26.34, 26.34, 26.33, 26.32, 26.3, 26.15, 26.12, 26.1, 26.09, 26.08, 26.08], [26.34, 26.34, 26.34, 26.34, 26.34, 26.35, 26.35, 26.32, 26.32, 26.33, 26.33, 26.32, 26.31, 26.3, 26.15, 26.13, 26.11, 26.1, 26.09, 26.08]]}