gis_exercise/awsData/contour/temp_2023090319.json
{"header": {"refTime": "2023-09-03T19:00:00.000Z", "nx": 21, "ny": 33, "lo1": 113.509, "la1": 22.2235, "lo2": 113.5947, "la2": 22.1034, "dx": 0.0042850000000001385, "dy": 0.003753125000000024, "parameterCategory": 0, "parameterCategoryName": "Temperature", "parameterNumber": 0}, "z": [[29.43, 29.42, 29.41, 28.96, 28.96, 29.32, 29.3, 29.29, 29.29, 29.08, 29.09, 29.11, 29.36, 29.38, 29.32, 29.31, 29.32, 29.3, 29.29, 29.28], [29.44, 29.43, 29.42, 29.4, 28.97, 28.98, 29.29, 29.25, 29.24, 29.08, 29.1, 29.13, 29.38, 29.4, 29.33, 29.34, 29.31, 29.29, 29.28, 29.27], [29.45, 29.44, 29.43, 29.41, 28.97, 28.98, 28.99, 29.23, 29.13, 29.08, 29.11, 29.17, 29.42, 29.43, 29.37, 29.33, 29.3, 29.28, 29.26, 29.26], [29.46, 29.45, 29.44, 29.43, 29.4, 28.98, 28.99, 29.01, 29.02, 29.06, 29.12, 29.23, 29.49, 29.29, 29.38, 29.32, 29.28, 29.25, 29.24, 29.24], [29.48, 29.47, 29.46, 29.45, 29.43, 28.98, 28.99, 28.98, 28.96, 29.01, 29.09, 29.31, 29.54, 29.34, 29.38, 29.3, 29.25, 29.22, 29.21, 29.22], [29.49, 29.49, 29.49, 29.48, 29.46, 29.44, 28.99, 28.99, 28.95, 28.85, 28.99, 29.19, 29.38, 29.53, 29.35, 29.26, 29.19, 29.16, 29.17, 29.2], [29.68, 29.51, 29.52, 29.51, 29.5, 29.48, 29.22, 29.06, 29.02, 28.81, 28.69, 29.0, 29.42, 29.44, 29.3, 29.22, 29.12, 29.08, 29.13, 29.17], [29.69, 29.69, 29.69, 29.69, 29.68, 29.32, 29.27, 29.26, 29.25, 28.76, 28.41, 28.89, 28.9, 29.45, 29.07, 29.1, 29.05, 29.04, 29.06, 29.08], [29.61, 29.62, 29.71, 29.72, 29.72, 29.7, 29.64, 29.26, 29.02, 28.85, 28.58, 28.73, 28.8, 28.71, 29.08, 29.1, 29.08, 29.07, 29.07, 29.08], [29.9, 29.9, 29.9, 29.67, 29.7, 29.79, 29.73, 29.64, 28.72, 28.78, 28.81, 28.64, 28.69, 28.67, 29.08, 29.11, 29.1, 29.09, 29.09, 29.09], [29.9, 29.9, 29.9, 29.9, 29.9, 29.9, 29.9, 29.9, 29.72, 28.99, 28.2, 28.58, 28.63, 28.63, 29.08, 29.12, 29.11, 29.1, 29.1, 29.1], [29.9, 29.9, 29.9, 29.9, 29.9, 29.9, 29.9, 29.9, 29.9, -999.0, 28.2, 29.2, 29.2, 28.6, 29.08, 29.13, 29.12, 28.37, 28.39, 28.39], [29.9, 29.9, 29.9, 29.9, 29.9, 29.9, 29.9, 29.9, 29.9, 29.9, -999.0, 29.2, 29.2, 28.35, 28.72, 28.6, 28.61, 28.47, 28.49, 28.5], [29.9, 29.9, 29.9, 29.9, 29.9, 29.9, 29.9, 29.9, 29.9, 29.9, -999.0, 27.9, 27.9, 27.9, 28.61, 28.51, 28.53, 28.39, 28.42, 28.44], [29.9, 29.9, 29.9, 29.9, 29.9, 29.9, 29.9, 29.2, 29.2, 29.2, 29.2, 28.7, 27.9, 27.9, 27.9, 28.4, 28.44, 28.31, 28.35, 28.38], [29.9, 29.9, 29.46, 29.45, 29.44, 29.2, 29.2, 29.2, 29.2, 29.2, 28.38, 28.47, 28.35, 28.24, 28.36, 28.05, 28.07, 28.03, 28.29, 28.32], [29.45, 29.45, 29.65, 29.64, 29.2, 29.2, 29.2, 29.2, 29.2, 29.2, 28.64, 28.48, 28.31, 28.15, 28.1, 27.86, 27.85, 27.84, 27.83, 27.82], [29.65, 29.64, 29.63, 29.61, 29.2, 29.2, 29.2, 29.2, 29.2, 28.87, 28.7, 28.5, 28.3, 28.11, 27.93, 27.87, 27.85, 27.84, 27.83, 27.82], [29.64, 29.63, 29.61, 29.2, 29.2, 29.2, 29.2, 29.2, 29.08, 28.95, 28.64, 28.47, 28.33, 28.18, 27.87, 27.86, 27.85, 27.83, 27.82, 27.82], [29.63, 29.62, 28.63, 28.66, 28.69, 28.75, 28.83, 29.04, 28.97, 28.8, 28.63, 28.48, 28.38, 28.27, 27.85, 27.85, 27.84, 27.83, 27.82, 27.81], [28.59, 28.6, 28.62, 28.79, 28.81, 28.84, 28.87, 28.91, 28.76, 28.68, 28.58, 28.48, 28.41, 27.84, 27.84, 27.84, 27.84, 27.83, 27.81, 27.8], [28.73, 28.74, 28.74, 28.75, 28.76, 28.77, 28.78, 28.89, 28.61, 28.57, 28.51, 28.45, 28.13, 27.83, 27.84, 27.85, 27.85, 27.83, 27.8, 27.79], [28.72, 28.72, 28.72, 28.89, 28.87, 28.86, 28.83, 28.8, 28.76, 28.74, 28.76, 28.52, 27.94, 27.82, 27.83, 27.86, 27.9, 27.84, 27.78, 27.77], [28.9, 28.89, 28.89, 28.87, 28.85, 28.83, 28.78, 28.72, 28.64, 28.6, 28.66, 28.52, 27.94, 27.9, 27.88, 27.85, 28.06, 27.75, 27.73, 27.74], [28.9, 28.89, 28.88, 28.87, 28.84, 28.81, 28.76, 28.67, 28.51, 28.38, 28.58, 28.54, 28.57, 27.9, 27.86, 27.82, 27.67, 27.53, 27.68, 27.72], [28.9, 28.89, 28.88, 28.86, 28.84, 28.81, 28.76, 28.68, 28.54, 28.42, 28.51, 28.6, 28.62, 27.9, 27.85, 27.98, 27.85, 27.8, 27.69, 27.72], [28.9, 28.89, 28.88, 28.87, 28.86, 28.83, 28.8, 28.76, 28.72, 28.72, 28.69, 28.72, 28.71, 28.34, 28.19, 28.06, 27.97, 27.93, 27.94, 27.97], [28.9, 28.9, 28.89, 28.88, 28.87, 28.86, 28.86, 28.86, 28.89, 28.87, 28.94, 28.72, 28.56, 28.4, 28.28, 28.16, 28.07, 28.03, 28.01, 28.02], [28.91, 28.9, 28.9, 28.9, 28.89, 28.89, 28.9, 28.93, 29.01, 29.09, 29.21, 28.89, 28.66, 28.48, 28.36, 28.24, 28.16, 28.11, 28.08, 28.08], [28.91, 28.91, 28.91, 28.91, 28.91, 28.92, 28.94, 28.98, 28.81, 29.0, 29.11, 28.9, 28.69, 28.53, 28.42, 28.31, 28.23, 28.17, 28.14, 28.13], [28.92, 28.92, 28.92, 28.92, 28.93, 28.94, 28.96, 28.99, 28.77, 28.86, 28.89, 28.8, 28.67, 28.54, 28.45, 28.35, 28.28, 28.23, 28.19, 28.17], [28.92, 28.92, 28.92, 28.93, 28.94, 28.95, 28.97, 28.66, 28.71, 28.76, 28.76, 28.71, 28.63, 28.53, 28.47, 28.38, 28.32, 28.27, 28.23, 28.21]]}