gis_exercise/awsData/contour/temp_2023090522.json
{"header": {"refTime": "2023-09-05T22:00:00.000Z", "nx": 21, "ny": 33, "lo1": 113.509, "la1": 22.2235, "lo2": 113.5947, "la2": 22.1034, "dx": 0.0042850000000001385, "dy": 0.003753125000000024, "parameterCategory": 0, "parameterCategoryName": "Temperature", "parameterNumber": 0}, "z": [[30.67, 30.68, 30.68, 30.79, 30.78, 30.99, 30.97, 30.95, 30.95, 30.93, 30.98, 31.02, 31.27, 31.31, 31.3, 31.32, 31.56, 31.56, 31.56, 31.56], [30.67, 30.68, 30.68, 30.69, 30.79, 30.78, 30.95, 30.91, 30.88, 30.89, 30.97, 31.05, 31.3, 31.33, 31.33, 31.57, 31.56, 31.56, 31.56, 31.56], [30.67, 30.67, 30.68, 30.69, 30.79, 30.78, 30.77, 30.87, 30.74, 30.87, 30.99, 31.09, 31.35, 31.38, 31.57, 31.57, 31.56, 31.56, 31.56, 31.55], [30.66, 30.67, 30.68, 30.68, 30.69, 30.79, 30.78, 30.76, 30.74, 30.91, 31.03, 31.17, 31.43, 31.42, 31.57, 31.56, 31.56, 31.55, 31.55, 31.55], [30.66, 30.66, 30.67, 30.68, 30.69, 30.8, 30.8, 30.79, 30.78, 30.96, 31.07, 31.42, 31.53, 31.45, 31.57, 31.56, 31.55, 31.55, 31.54, 31.55], [30.65, 30.65, 30.66, 30.67, 30.68, 30.71, 30.83, 30.83, 30.82, 30.8, 31.25, 31.37, 31.47, 31.6, 31.57, 31.55, 31.54, 31.53, 31.54, 31.54], [30.61, 30.64, 30.64, 30.65, 30.67, 30.7, 30.75, 30.87, 30.87, 30.98, 30.99, 31.3, 31.6, 31.6, 31.57, 31.55, 31.53, 31.52, 31.52, 31.52], [30.6, 30.6, 30.59, 30.6, 30.61, 30.67, 30.73, 30.84, 31.0, 30.95, 30.83, 31.32, 31.33, 31.6, 31.54, 31.55, 31.53, 31.52, 31.53, 31.54], [30.7, 30.69, 30.57, 30.56, 30.55, 30.58, 30.66, 30.77, 30.9, 31.0, 31.05, 31.18, 31.24, 31.16, 31.54, 31.55, 31.54, 31.53, 31.54, 31.54], [30.3, 30.3, 30.3, 30.63, 30.58, 30.46, 30.54, 30.66, 30.83, 30.85, 31.25, 31.1, 31.14, 31.12, 31.54, 31.56, 31.55, 31.54, 31.54, 31.55], [30.3, 30.3, 30.3, 30.3, 30.3, 30.3, 30.3, 30.3, 30.55, 30.9, 30.7, 31.04, 31.08, 31.09, 31.54, 31.56, 31.55, 31.55, 31.55, 31.55], [30.3, 30.3, 30.3, 30.3, 30.3, 30.3, 30.3, 30.3, 30.3, -999.0, 30.7, 31.6, 31.6, 31.06, 31.54, 31.56, 31.56, 30.59, 30.61, 30.62], [30.3, 30.3, 30.3, 30.3, 30.3, 30.3, 30.3, 30.3, 30.3, 30.3, -999.0, 31.6, 31.6, 30.49, 30.98, 30.92, 30.93, 30.73, 30.76, 30.78], [30.3, 30.3, 30.3, 30.3, 30.3, 30.3, 30.3, 30.3, 30.3, 30.3, -999.0, 29.9, 29.9, 29.9, 30.83, 30.78, 30.81, 30.61, 30.65, 30.68], [30.3, 30.3, 30.3, 30.3, 30.3, 30.3, 30.3, 30.3, 30.3, 30.3, 30.3, 30.15, 29.9, 29.9, 29.9, 30.63, 30.68, 30.5, 30.55, 30.6], [30.3, 30.3, 30.3, 30.3, 30.3, 30.3, 30.3, 30.3, 30.3, 30.3, 30.05, 30.08, 30.04, 30.01, 30.04, 30.19, 30.24, 30.16, 30.53, 30.58], [30.3, 30.3, 30.3, 30.3, 30.3, 30.3, 30.3, 30.3, 30.3, 30.3, 30.13, 30.08, 30.03, 29.98, 30.04, 29.87, 29.86, 29.85, 29.84, 29.83], [30.3, 30.3, 30.3, 30.3, 30.3, 30.3, 30.3, 30.3, 30.3, 30.2, 30.14, 30.08, 30.02, 30.04, 29.92, 29.87, 29.86, 29.85, 29.84, 29.83], [30.3, 30.3, 30.3, 30.3, 30.3, 30.3, 30.3, 30.3, 30.26, 30.22, 30.07, 30.02, 30.15, 30.09, 29.88, 29.87, 29.86, 29.85, 29.83, 29.82], [30.3, 30.3, 29.96, 29.97, 30.0, 30.03, 30.08, 30.2, 30.2, 30.13, 30.06, 30.01, 30.2, 30.17, 29.87, 29.86, 29.86, 29.85, 29.83, 29.82], [29.93, 29.94, 29.95, 30.05, 30.06, 30.08, 30.1, 30.13, 30.1, 30.07, 30.03, 29.99, 30.24, 29.86, 29.86, 29.87, 29.87, 29.85, 29.83, 29.81], [30.02, 30.02, 30.03, 30.03, 30.04, 30.04, 30.05, 30.14, 30.01, 30.0, 29.98, 29.97, 30.09, 29.85, 29.87, 29.89, 29.9, 29.86, 29.82, 29.79], [30.01, 30.01, 30.01, 30.16, 30.15, 30.14, 30.12, 30.1, 30.07, 30.06, 30.07, 30.14, 29.77, 29.85, 29.87, 29.92, 30.0, 29.89, 29.79, 29.77], [30.17, 30.17, 30.16, 30.15, 30.14, 30.12, 30.09, 30.05, 30.0, 29.97, 30.01, 30.17, 29.76, 29.78, 29.81, 29.91, 30.28, 29.74, 29.7, 29.72], [30.17, 30.17, 30.16, 30.15, 30.14, 30.11, 30.08, 30.02, 29.92, 29.83, 29.96, 30.15, 30.26, 29.76, 29.77, 29.77, 29.61, 29.37, 29.61, 29.69], [30.18, 30.17, 30.16, 30.15, 30.14, 30.12, 30.09, 30.04, 29.94, 29.86, 30.05, 30.18, 30.27, 29.74, 29.74, 29.84, 29.71, 29.64, 29.63, 29.68], [30.18, 30.17, 30.17, 30.16, 30.15, 30.14, 30.12, 30.1, 30.07, 30.07, 30.19, 30.25, 30.3, 30.05, 29.96, 29.88, 29.8, 29.76, 29.77, 29.81], [30.18, 30.18, 30.18, 30.17, 30.17, 30.17, 30.16, 30.17, 30.2, 30.3, 30.35, 30.07, 29.94, 29.81, 30.01, 29.93, 29.87, 29.84, 29.83, 29.84], [30.19, 30.19, 30.18, 30.18, 30.19, 30.19, 30.2, 30.23, 30.29, 30.43, 30.45, 30.2, 30.02, 29.87, 30.05, 29.98, 29.93, 29.9, 29.88, 29.88], [30.19, 30.19, 30.19, 30.2, 30.2, 30.21, 30.23, 30.26, 30.14, 30.29, 30.37, 30.21, 30.04, 29.91, 30.08, 30.02, 29.97, 29.94, 29.92, 29.91], [30.2, 30.2, 30.2, 30.2, 30.21, 30.22, 30.24, 30.27, 30.11, 30.18, 30.2, 30.13, 30.02, 29.92, 30.1, 30.04, 30.0, 29.97, 29.95, 29.94], [30.2, 30.2, 30.21, 30.21, 30.22, 30.23, 30.25, 30.02, 30.06, 30.09, 30.1, 30.06, 29.99, 29.91, 30.11, 30.06, 30.02, 30.0, 29.98, 29.96]]}