gis_exercise/awsData/contour/temp_2023090102.json
{"header": {"refTime": "2023-09-01T02:00:00.000Z", "nx": 21, "ny": 33, "lo1": 113.509, "la1": 22.2235, "lo2": 113.5947, "la2": 22.1034, "dx": 0.0042850000000001385, "dy": 0.003753125000000024, "parameterCategory": 0, "parameterCategoryName": "Temperature", "parameterNumber": 0}, "z": [[27.64, 27.62, 27.6, 27.34, 27.32, 27.58, 27.54, 27.5, 27.5, 27.48, 27.57, 27.66, 27.92, 27.97, 28.0, 28.02, 28.35, 28.34, 28.34, 28.33], [27.65, 27.63, 27.61, 27.58, 27.33, 27.3, 27.5, 27.41, 27.36, 27.41, 27.57, 27.7, 27.98, 28.03, 28.05, 28.36, 28.35, 28.34, 28.33, 28.33], [27.67, 27.65, 27.63, 27.6, 27.34, 27.31, 27.26, 27.34, 27.09, 27.35, 27.6, 27.78, 28.07, 28.1, 28.38, 28.36, 28.34, 28.33, 28.32, 28.32], [27.69, 27.68, 27.66, 27.63, 27.59, 27.34, 27.3, 27.23, 27.17, 27.44, 27.69, 27.92, 28.22, 28.27, 28.39, 28.36, 28.33, 28.32, 28.31, 28.31], [27.71, 27.71, 27.69, 27.67, 27.64, 27.38, 27.36, 27.34, 27.32, 27.57, 27.77, 28.29, 28.47, 28.31, 28.39, 28.34, 28.32, 28.3, 28.3, 28.3], [27.74, 27.74, 27.73, 27.72, 27.7, 27.68, 27.44, 27.45, 27.45, 27.43, 28.03, 28.2, 28.34, 28.47, 28.37, 28.32, 28.29, 28.27, 28.28, 28.29], [28.08, 27.77, 27.78, 27.78, 27.77, 27.75, 27.82, 27.56, 27.57, 27.69, 27.68, 28.04, 28.37, 28.4, 28.34, 28.3, 28.25, 28.23, 28.27, 28.3], [28.09, 28.09, 28.09, 28.09, 28.08, 27.9, 27.85, 27.8, 27.78, 27.66, 27.53, 27.95, 27.96, 28.4, 28.2, 28.2, 28.2, 28.2, 28.2, 28.2], [28.01, 28.02, 28.11, 28.12, 28.12, 28.1, 28.04, 27.83, 27.67, 27.72, 27.71, 27.83, 27.88, 27.81, 28.2, 28.2, 28.2, 28.2, 28.2, 28.2], [28.3, 28.3, 28.3, 28.07, 28.1, 28.19, 28.13, 28.04, 27.57, 27.59, 27.89, 27.75, 27.8, 27.77, 28.2, 28.2, 28.2, 28.2, 28.2, 28.2], [28.3, 28.3, 28.3, 28.3, 28.3, 28.3, 28.3, 28.3, 28.12, 27.66, 27.4, 27.7, 27.74, 27.74, 28.2, 28.2, 28.2, 28.2, 28.2, 28.2], [28.3, 28.3, 28.3, 28.3, 28.3, 28.3, 28.3, 28.3, 28.3, -999.0, 27.4, 28.2, 28.2, 27.72, 28.2, 28.2, 28.2, 27.18, 27.2, 27.21], [28.3, 28.3, 28.3, 28.3, 28.3, 28.3, 28.3, 28.3, 28.3, 28.3, -999.0, 28.2, 28.2, 27.02, 27.54, 27.54, 27.56, 27.34, 27.37, 27.39], [28.3, 28.3, 28.3, 28.3, 28.3, 28.3, 28.3, 28.3, 28.3, 28.3, -999.0, 26.4, 26.4, 26.4, 27.39, 27.39, 27.42, 27.2, 27.25, 27.28], [28.3, 28.3, 28.3, 28.3, 28.3, 28.3, 28.3, 28.1, 28.1, 28.1, 28.1, 27.45, 26.4, 26.4, 26.4, 27.22, 27.28, 27.07, 27.13, 27.19], [28.3, 28.3, 28.17, 28.17, 28.17, 28.1, 28.1, 28.1, 28.1, 28.1, 27.03, 27.15, 26.99, 26.85, 27.01, 27.1, 27.2, 27.02, 27.39, 27.46], [28.17, 28.17, 28.23, 28.23, 28.1, 28.1, 28.1, 28.1, 28.1, 28.1, 27.37, 27.16, 26.94, 26.73, 26.81, 26.81, 26.95, 27.06, 27.14, 27.2], [28.23, 28.23, 28.22, 28.22, 28.1, 28.1, 28.1, 28.1, 28.1, 27.67, 27.44, 27.18, 26.92, 26.83, 26.46, 26.76, 26.97, 27.1, 27.18, 27.23], [28.22, 28.22, 28.22, 28.1, 28.1, 28.1, 28.1, 28.1, 27.95, 27.77, 27.57, 27.36, 27.21, 26.97, 26.73, 26.89, 27.06, 27.17, 27.24, 27.28], [28.22, 28.22, 27.99, 27.99, 28.0, 28.01, 28.03, 28.07, 27.92, 27.77, 27.6, 27.42, 27.33, 27.2, 27.01, 27.09, 27.2, 27.28, 27.33, 27.35], [27.98, 27.98, 27.98, 28.02, 28.02, 28.03, 28.03, 28.04, 27.79, 27.72, 27.6, 27.47, 27.45, 27.18, 27.22, 27.3, 27.37, 27.41, 27.42, 27.41], [28.01, 28.01, 28.01, 28.01, 28.01, 28.01, 28.02, 28.05, 27.73, 27.69, 27.61, 27.52, 27.5, 27.31, 27.38, 27.47, 27.54, 27.54, 27.51, 27.47], [28.0, 28.0, 28.0, 28.05, 28.05, 28.05, 28.04, 28.03, 28.02, 28.02, 28.02, 28.06, 27.83, 27.41, 27.49, 27.62, 27.74, 27.67, 27.57, 27.51], [28.06, 28.06, 28.05, 28.05, 28.05, 28.04, 28.03, 28.02, 28.0, 27.99, 28.0, 28.07, 27.83, 27.82, 27.82, 27.68, 28.01, 27.66, 27.57, 27.52], [28.06, 28.06, 28.05, 28.05, 28.05, 28.04, 28.03, 28.01, 27.97, 27.94, 27.99, 28.07, 28.11, 27.81, 27.8, 27.78, 27.59, 27.46, 27.53, 27.52], [28.06, 28.06, 28.05, 28.05, 28.05, 28.04, 28.03, 28.01, 27.98, 27.95, 28.02, 28.07, 28.11, 27.8, 27.78, 27.8, 27.72, 27.68, 27.52, 27.51], [28.06, 28.06, 28.06, 28.05, 28.05, 28.05, 28.04, 28.03, 28.02, 28.02, 28.07, 28.1, 28.12, 27.91, 27.86, 27.82, 27.77, 27.75, 27.76, 27.78], [28.06, 28.06, 28.06, 28.06, 28.06, 28.06, 28.05, 28.06, 28.07, 28.11, 28.12, 27.96, 27.89, 27.82, 27.89, 27.84, 27.81, 27.79, 27.79, 27.8], [28.06, 28.06, 28.06, 28.06, 28.06, 28.06, 28.07, 28.08, 28.1, 28.15, 28.14, 28.02, 27.93, 27.85, 27.91, 27.87, 27.84, 27.82, 27.82, 27.82], [28.06, 28.06, 28.06, 28.07, 28.07, 28.07, 28.08, 28.09, 28.0, 28.06, 28.1, 28.02, 27.94, 27.87, 27.92, 27.89, 27.86, 27.85, 27.84, 27.83], [28.07, 28.07, 28.07, 28.07, 28.07, 28.07, 28.08, 28.09, 27.98, 28.01, 28.02, 27.98, 27.93, 27.87, 27.93, 27.9, 27.88, 27.87, 27.85, 27.85], [28.07, 28.07, 28.07, 28.07, 28.07, 28.08, 28.08, 27.94, 27.96, 27.97, 27.97, 27.95, 27.91, 27.87, 27.94, 27.91, 27.89, 27.88, 27.87, 27.86]]}