gis_exercise/awsData/contour/temp_2023091121.json
{"header": {"refTime": "2023-09-11T21:00:00.000Z", "nx": 21, "ny": 33, "lo1": 113.509, "la1": 22.2235, "lo2": 113.5947, "la2": 22.1034, "dx": 0.0042850000000001385, "dy": 0.003753125000000024, "parameterCategory": 0, "parameterCategoryName": "Temperature", "parameterNumber": 0}, "z": [[26.29, 26.29, 26.28, 26.05, 26.05, 26.29, 26.29, 26.28, 26.29, 26.19, 26.2, 26.21, 26.43, 26.44, 26.45, 26.46, 26.54, 26.54, 26.53, 26.53], [26.29, 26.29, 26.28, 26.28, 26.05, 26.07, 26.28, 26.27, 26.26, 26.19, 26.2, 26.22, 26.44, 26.46, 26.46, 26.54, 26.54, 26.53, 26.53, 26.53], [26.3, 26.29, 26.29, 26.28, 26.05, 26.06, 26.08, 26.25, 26.21, 26.19, 26.21, 26.24, 26.47, 26.48, 26.55, 26.54, 26.54, 26.53, 26.53, 26.53], [26.3, 26.3, 26.29, 26.29, 26.28, 26.06, 26.07, 26.1, 26.12, 26.18, 26.21, 26.28, 26.5, 26.38, 26.55, 26.54, 26.53, 26.53, 26.53, 26.53], [26.31, 26.3, 26.3, 26.29, 26.28, 26.05, 26.06, 26.06, 26.05, 26.14, 26.19, 26.38, 26.51, 26.41, 26.55, 26.54, 26.53, 26.53, 26.52, 26.52], [26.31, 26.31, 26.31, 26.3, 26.29, 26.28, 26.05, 26.04, 26.02, 25.97, 26.19, 26.32, 26.43, 26.57, 26.54, 26.53, 26.52, 26.52, 26.52, 26.52], [26.37, 26.32, 26.32, 26.32, 26.31, 26.3, 26.12, 26.06, 26.03, 25.98, 25.95, 26.23, 26.54, 26.55, 26.53, 26.53, 26.51, 26.51, 26.52, 26.52], [26.37, 26.37, 26.37, 26.37, 26.37, 26.18, 26.15, 26.14, 26.15, 25.94, 25.75, 26.22, 26.23, 26.55, 26.5, 26.5, 26.5, 26.5, 26.5, 26.5], [26.33, 26.33, 26.39, 26.39, 26.39, 26.38, 26.34, 26.14, 26.01, 26.01, 25.95, 26.08, 26.14, 26.06, 26.5, 26.5, 26.5, 26.5, 26.5, 26.5], [26.5, 26.5, 26.5, 26.36, 26.38, 26.43, 26.4, 26.34, 25.86, 25.89, 26.15, 26.0, 26.04, 26.02, 26.5, 26.5, 26.5, 26.5, 26.5, 26.5], [26.5, 26.5, 26.5, 26.5, 26.5, 26.5, 26.5, 26.5, 26.39, 25.99, 25.6, 25.94, 25.98, 25.99, 26.5, 26.5, 26.5, 26.5, 26.5, 26.5], [26.5, 26.5, 26.5, 26.5, 26.5, 26.5, 26.5, 26.5, 26.5, -999.0, 25.6, 26.5, 26.5, 25.96, 26.5, 26.5, 26.5, 25.99, 26.0, 26.0], [26.5, 26.5, 26.5, 26.5, 26.5, 26.5, 26.5, 26.5, 26.5, 26.5, -999.0, 26.5, 26.5, 25.91, 26.17, 26.17, 26.18, 26.07, 26.08, 26.09], [26.5, 26.5, 26.5, 26.5, 26.5, 26.5, 26.5, 26.5, 26.5, 26.5, -999.0, 25.6, 25.6, 25.6, 26.09, 26.1, 26.11, 26.0, 26.02, 26.04], [26.5, 26.5, 26.5, 26.5, 26.5, 26.5, 26.5, 26.7, 26.7, 26.7, 26.7, 26.28, 25.6, 25.6, 25.6, 26.01, 26.04, 25.94, 25.97, 25.99], [26.5, 26.5, 26.63, 26.63, 26.63, 26.7, 26.7, 26.7, 26.7, 26.7, 26.01, 26.09, 25.98, 25.89, 25.99, 25.86, 25.9, 25.83, 26.02, 26.05], [26.63, 26.63, 26.57, 26.57, 26.7, 26.7, 26.7, 26.7, 26.7, 26.7, 26.23, 26.09, 25.95, 25.81, 25.81, 25.77, 25.82, 25.87, 25.9, 25.92], [26.57, 26.57, 26.58, 26.58, 26.7, 26.7, 26.7, 26.7, 26.7, 26.42, 26.27, 26.11, 25.94, 25.82, 25.63, 25.75, 25.83, 25.88, 25.92, 25.94], [26.58, 26.58, 26.58, 26.7, 26.7, 26.7, 26.7, 26.7, 26.6, 26.49, 26.33, 26.19, 26.03, 25.89, 25.74, 25.8, 25.87, 25.91, 25.94, 25.96], [26.58, 26.58, 26.53, 26.54, 26.55, 26.56, 26.59, 26.65, 26.56, 26.46, 26.34, 26.22, 26.08, 26.0, 25.84, 25.88, 25.92, 25.96, 25.97, 25.98], [26.52, 26.52, 26.53, 26.58, 26.58, 26.59, 26.6, 26.61, 26.46, 26.41, 26.33, 26.24, 26.13, 25.91, 25.93, 25.96, 25.99, 26.01, 26.01, 26.01], [26.56, 26.56, 26.56, 26.57, 26.57, 26.57, 26.57, 26.6, 26.4, 26.37, 26.32, 26.26, 26.08, 25.97, 25.99, 26.03, 26.06, 26.06, 26.05, 26.04], [26.55, 26.55, 26.55, 26.59, 26.59, 26.58, 26.58, 26.57, 26.56, 26.55, 26.55, 26.46, 26.25, 26.01, 26.04, 26.08, 26.13, 26.11, 26.08, 26.05], [26.59, 26.59, 26.59, 26.59, 26.58, 26.57, 26.56, 26.54, 26.52, 26.51, 26.53, 26.45, 26.25, 26.23, 26.21, 26.11, 26.22, 26.12, 26.08, 26.06], [26.59, 26.59, 26.59, 26.58, 26.58, 26.57, 26.55, 26.53, 26.48, 26.45, 26.5, 26.46, 26.46, 26.23, 26.2, 26.18, 26.1, 26.06, 26.07, 26.06], [26.59, 26.59, 26.59, 26.58, 26.57, 26.57, 26.55, 26.53, 26.49, 26.46, 26.46, 26.48, 26.47, 26.23, 26.2, 26.23, 26.19, 26.17, 26.07, 26.06], [26.59, 26.59, 26.59, 26.58, 26.58, 26.57, 26.56, 26.55, 26.54, 26.53, 26.51, 26.51, 26.5, 26.35, 26.3, 26.26, 26.23, 26.21, 26.22, 26.22], [26.59, 26.59, 26.59, 26.58, 26.58, 26.58, 26.57, 26.57, 26.58, 26.56, 26.57, 26.51, 26.46, 26.41, 26.33, 26.29, 26.26, 26.24, 26.24, 26.24], [26.59, 26.59, 26.59, 26.59, 26.58, 26.58, 26.59, 26.59, 26.61, 26.61, 26.65, 26.56, 26.49, 26.43, 26.35, 26.32, 26.29, 26.27, 26.26, 26.26], [26.59, 26.59, 26.59, 26.59, 26.59, 26.59, 26.59, 26.6, 26.54, 26.59, 26.62, 26.56, 26.5, 26.44, 26.37, 26.34, 26.31, 26.29, 26.28, 26.28], [26.59, 26.59, 26.59, 26.59, 26.59, 26.59, 26.6, 26.61, 26.52, 26.55, 26.55, 26.53, 26.49, 26.45, 26.38, 26.35, 26.33, 26.31, 26.3, 26.29], [26.59, 26.59, 26.59, 26.59, 26.6, 26.6, 26.6, 26.49, 26.5, 26.52, 26.52, 26.5, 26.47, 26.44, 26.39, 26.36, 26.34, 26.32, 26.31, 26.3]]}