gis_exercise/awsData/contour/temp_2023090514.json
{"header": {"refTime": "2023-09-05T14:00:00.000Z", "nx": 21, "ny": 33, "lo1": 113.509, "la1": 22.2235, "lo2": 113.5947, "la2": 22.1034, "dx": 0.0042850000000001385, "dy": 0.003753125000000024, "parameterCategory": 0, "parameterCategoryName": "Temperature", "parameterNumber": 0}, "z": [[32.9, 32.89, 32.88, 32.53, 32.54, 32.91, 32.89, 32.87, 32.87, 32.74, 32.78, 32.82, 33.24, 33.27, 33.21, 33.22, 33.49, 33.49, 33.48, 33.48], [32.91, 32.9, 32.89, 32.87, 32.54, 32.54, 32.87, 32.82, 32.8, 32.72, 32.78, 32.85, 33.27, 33.3, 33.24, 33.5, 33.49, 33.48, 33.47, 33.47], [32.92, 32.91, 32.9, 32.88, 32.54, 32.55, 32.55, 32.78, 32.65, 32.7, 32.8, 32.9, 33.32, 33.35, 33.52, 33.5, 33.48, 33.47, 33.47, 33.46], [32.93, 32.92, 32.91, 32.9, 32.88, 32.55, 32.55, 32.56, 32.56, 32.71, 32.83, 33.0, 33.41, 33.28, 33.52, 33.49, 33.47, 33.46, 33.45, 33.45], [32.94, 32.94, 32.93, 32.92, 32.9, 32.55, 32.56, 32.55, 32.54, 32.71, 32.84, 33.29, 33.47, 33.33, 33.52, 33.48, 33.45, 33.44, 33.43, 33.44], [32.96, 32.96, 32.95, 32.94, 32.93, 32.91, 32.57, 32.57, 32.54, 32.47, 32.99, 33.2, 33.37, 33.6, 33.51, 33.46, 33.42, 33.4, 33.41, 33.43], [33.12, 32.97, 32.98, 32.97, 32.97, 32.95, 32.77, 32.63, 32.6, 32.62, 32.58, 33.07, 33.6, 33.6, 33.5, 33.45, 33.38, 33.35, 33.36, 33.37], [33.13, 33.13, 33.13, 33.13, 33.12, 32.85, 32.81, 32.8, 32.84, 32.56, 32.26, 33.11, 33.12, 33.6, 33.41, 33.44, 33.38, 33.35, 33.39, 33.42], [33.07, 33.08, 33.15, 33.15, 33.16, 33.14, 33.09, 32.8, 32.61, 32.67, 32.61, 32.85, 32.97, 32.81, 33.42, 33.46, 33.42, 33.4, 33.41, 33.43], [33.3, 33.3, 33.3, 33.11, 33.14, 33.21, 33.16, 33.09, 32.39, 32.44, 32.97, 32.71, 32.79, 32.75, 33.42, 33.47, 33.44, 33.43, 33.43, 33.44], [33.3, 33.3, 33.3, 33.3, 33.3, 33.3, 33.3, 33.3, 33.16, 32.59, 32.0, 32.61, 32.68, 32.69, 33.42, 33.48, 33.46, 33.45, 33.45, 33.45], [33.3, 33.3, 33.3, 33.3, 33.3, 33.3, 33.3, 33.3, 33.3, -999.0, 32.0, 33.6, 33.6, 32.64, 33.41, 33.49, 33.48, 32.39, 32.41, 32.42], [33.3, 33.3, 33.3, 33.3, 33.3, 33.3, 33.3, 33.3, 33.3, 33.3, -999.0, 33.6, 33.6, 32.36, 32.91, 32.72, 32.73, 32.53, 32.56, 32.58], [33.3, 33.3, 33.3, 33.3, 33.3, 33.3, 33.3, 33.3, 33.3, 33.3, -999.0, 31.7, 31.7, 31.7, 32.74, 32.58, 32.61, 32.41, 32.45, 32.48], [33.3, 33.3, 33.3, 33.3, 33.3, 33.3, 33.3, 33.1, 33.1, 33.1, 33.1, 32.56, 31.7, 31.7, 31.7, 32.43, 32.48, 32.3, 32.35, 32.4], [33.3, 33.3, 33.17, 33.17, 33.17, 33.1, 33.1, 33.1, 33.1, 33.1, 32.22, 32.32, 32.18, 32.07, 32.2, 31.59, 31.57, 31.6, 32.03, 32.06], [33.17, 33.17, 33.23, 33.23, 33.1, 33.1, 33.1, 33.1, 33.1, 33.1, 32.5, 32.32, 32.14, 31.97, 31.83, 31.82, 31.87, 31.9, 31.93, 31.95], [33.23, 33.23, 33.22, 33.22, 33.1, 33.1, 33.1, 33.1, 33.1, 32.74, 32.56, 32.35, 32.13, 31.85, 31.72, 31.81, 31.87, 31.91, 31.94, 31.96], [33.22, 33.22, 33.22, 33.1, 33.1, 33.1, 33.1, 33.1, 32.97, 32.83, 32.57, 32.39, 32.03, 31.89, 31.8, 31.84, 31.89, 31.93, 31.95, 31.97], [33.22, 33.22, 32.7, 32.72, 32.75, 32.78, 32.84, 32.98, 32.89, 32.74, 32.57, 32.41, 32.05, 31.94, 31.87, 31.89, 31.92, 31.95, 31.98, 31.99], [32.67, 32.68, 32.7, 32.81, 32.83, 32.85, 32.87, 32.9, 32.72, 32.64, 32.54, 32.43, 32.05, 31.92, 31.92, 31.94, 31.95, 31.98, 32.0, 32.02], [32.77, 32.78, 32.78, 32.79, 32.79, 32.8, 32.8, 32.88, 32.6, 32.56, 32.5, 32.43, 31.83, 31.95, 31.96, 31.96, 31.97, 32.0, 32.03, 32.04], [32.76, 32.76, 32.76, 32.87, 32.86, 32.85, 32.84, 32.81, 32.79, 32.77, 32.78, 32.34, 32.21, 31.98, 31.98, 31.96, 31.92, 32.0, 32.07, 32.08], [32.88, 32.88, 32.87, 32.86, 32.85, 32.83, 32.8, 32.75, 32.7, 32.67, 32.71, 32.35, 32.23, 32.19, 32.14, 31.99, 31.72, 32.14, 32.16, 32.12], [32.88, 32.87, 32.86, 32.85, 32.84, 32.82, 32.78, 32.72, 32.61, 32.52, 32.66, 32.4, 32.33, 32.2, 32.17, 32.16, 32.24, 32.43, 32.22, 32.15], [32.88, 32.87, 32.86, 32.85, 32.84, 32.82, 32.78, 32.73, 32.63, 32.55, 32.48, 32.46, 32.39, 32.22, 32.21, 32.34, 32.36, 32.39, 32.21, 32.16], [32.88, 32.87, 32.86, 32.86, 32.85, 32.83, 32.81, 32.78, 32.75, 32.75, 32.59, 32.56, 32.48, 32.53, 32.45, 32.4, 32.39, 32.39, 32.38, 32.38], [32.88, 32.87, 32.87, 32.86, 32.86, 32.85, 32.84, 32.84, 32.86, 32.74, 32.78, 32.92, 32.89, 32.88, 32.51, 32.46, 32.43, 32.41, 32.4, 32.4], [32.88, 32.88, 32.87, 32.87, 32.87, 32.87, 32.88, 32.89, 32.94, 32.91, 33.12, 33.0, 32.93, 32.9, 32.56, 32.5, 32.46, 32.44, 32.43, 32.42], [32.88, 32.88, 32.88, 32.88, 32.88, 32.89, 32.9, 32.92, 32.95, 33.03, 33.08, 33.01, 32.95, 32.91, 32.6, 32.54, 32.5, 32.47, 32.45, 32.44], [32.89, 32.89, 32.89, 32.89, 32.89, 32.9, 32.91, 32.94, 32.94, 32.98, 33.0, 32.98, 32.94, 32.92, 32.62, 32.56, 32.52, 32.49, 32.47, 32.46], [32.89, 32.89, 32.89, 32.89, 32.9, 32.91, 32.92, 32.9, 32.93, 32.95, 32.96, 32.95, 32.93, 32.91, 32.62, 32.58, 32.54, 32.51, 32.49, 32.48]]}