gis_exercise/awsData/contour/temp_2023090308.json
{"header": {"refTime": "2023-09-03T08:00:00.000Z", "nx": 21, "ny": 33, "lo1": 113.509, "la1": 22.2235, "lo2": 113.5947, "la2": 22.1034, "dx": 0.0042850000000001385, "dy": 0.003753125000000024, "parameterCategory": 0, "parameterCategoryName": "Temperature", "parameterNumber": 0}, "z": [[27.5, 27.5, 27.5, 27.3, 27.32, 27.5, 27.51, 27.52, 27.53, 27.46, 27.45, 27.44, 27.55, 27.55, 27.51, 27.5, 27.44, 27.43, 27.43, 27.42], [27.5, 27.5, 27.5, 27.5, 27.31, 27.34, 27.51, 27.53, 27.54, 27.48, 27.46, 27.45, 27.55, 27.55, 27.51, 27.45, 27.44, 27.43, 27.42, 27.42], [27.5, 27.5, 27.5, 27.5, 27.31, 27.33, 27.37, 27.54, 27.59, 27.5, 27.46, 27.45, 27.55, 27.55, 27.46, 27.45, 27.43, 27.42, 27.42, 27.41], [27.5, 27.5, 27.5, 27.5, 27.5, 27.31, 27.34, 27.4, 27.45, 27.47, 27.44, 27.45, 27.56, 27.42, 27.47, 27.44, 27.42, 27.41, 27.41, 27.41], [27.51, 27.5, 27.5, 27.5, 27.49, 27.28, 27.3, 27.31, 27.31, 27.4, 27.4, 27.42, 27.53, 27.44, 27.46, 27.43, 27.41, 27.4, 27.39, 27.4], [27.51, 27.51, 27.5, 27.5, 27.49, 27.47, 27.25, 27.24, 27.23, 27.19, 27.28, 27.37, 27.46, 27.53, 27.45, 27.42, 27.38, 27.37, 27.38, 27.39], [27.48, 27.51, 27.51, 27.5, 27.49, 27.46, 27.25, 27.2, 27.18, 27.1, 27.09, 27.29, 27.49, 27.5, 27.43, 27.4, 27.35, 27.33, 27.36, 27.37], [27.49, 27.49, 27.49, 27.49, 27.48, 27.32, 27.27, 27.22, 27.18, 27.08, 26.98, 27.25, 27.25, 27.5, 27.34, 27.35, 27.33, 27.32, 27.33, 27.34], [27.41, 27.42, 27.51, 27.52, 27.52, 27.5, 27.44, 27.25, 27.1, 27.11, 27.09, 27.17, 27.2, 27.15, 27.34, 27.35, 27.34, 27.33, 27.34, 27.34], [27.7, 27.7, 27.7, 27.47, 27.5, 27.59, 27.53, 27.44, 27.03, 27.05, 27.2, 27.12, 27.15, 27.13, 27.34, 27.36, 27.35, 27.34, 27.34, 27.35], [27.7, 27.7, 27.7, 27.7, 27.7, 27.7, 27.7, 27.7, 27.52, 27.1, 26.9, 27.09, 27.11, 27.11, 27.34, 27.36, 27.35, 27.35, 27.35, 27.35], [27.7, 27.7, 27.7, 27.7, 27.7, 27.7, 27.7, 27.7, 27.7, -999.0, 26.9, 27.4, 27.4, 27.1, 27.34, 27.36, 27.36, 26.73, 26.75, 26.75], [27.7, 27.7, 27.7, 27.7, 27.7, 27.7, 27.7, 27.7, 27.7, 27.7, -999.0, 27.4, 27.4, 26.68, 27.0, 26.94, 26.94, 26.82, 26.84, 26.85], [27.7, 27.7, 27.7, 27.7, 27.7, 27.7, 27.7, 27.7, 27.7, 27.7, -999.0, 26.3, 26.3, 26.3, 26.9, 26.85, 26.87, 26.74, 26.77, 26.79], [27.7, 27.7, 27.7, 27.7, 27.7, 27.7, 27.7, 27.6, 27.6, 27.6, 27.6, 27.1, 26.3, 26.3, 26.3, 26.76, 26.79, 26.67, 26.71, 26.74], [27.7, 27.7, 27.64, 27.64, 27.63, 27.6, 27.6, 27.6, 27.6, 27.6, 26.78, 26.87, 26.75, 26.64, 26.76, 26.7, 26.76, 26.66, 26.86, 26.9], [27.64, 27.64, 27.66, 27.66, 27.6, 27.6, 27.6, 27.6, 27.6, 27.6, 27.04, 26.88, 26.71, 26.55, 26.58, 26.56, 26.65, 26.72, 26.77, 26.8], [27.66, 27.66, 27.66, 27.66, 27.6, 27.6, 27.6, 27.6, 27.6, 27.27, 27.1, 26.9, 26.7, 26.59, 26.34, 26.53, 26.66, 26.74, 26.79, 26.82], [27.66, 27.66, 27.66, 27.6, 27.6, 27.6, 27.6, 27.6, 27.48, 27.35, 27.21, 27.04, 26.86, 26.68, 26.51, 26.6, 26.71, 26.78, 26.83, 26.85], [27.66, 27.66, 27.54, 27.55, 27.55, 27.55, 27.56, 27.58, 27.47, 27.36, 27.23, 27.09, 26.93, 26.83, 26.68, 26.73, 26.8, 26.85, 26.88, 26.89], [27.54, 27.54, 27.54, 27.56, 27.56, 27.56, 27.57, 27.57, 27.37, 27.32, 27.23, 27.13, 27.01, 26.78, 26.81, 26.86, 26.9, 26.93, 26.94, 26.93], [27.55, 27.55, 27.55, 27.56, 27.56, 27.56, 27.56, 27.55, 27.34, 27.3, 27.25, 27.18, 27.04, 26.87, 26.91, 26.96, 27.01, 27.01, 26.99, 26.97], [27.55, 27.55, 27.55, 27.54, 27.54, 27.54, 27.54, 27.54, 27.53, 27.53, 27.53, 27.5, 27.29, 26.93, 26.98, 27.05, 27.12, 27.09, 27.04, 27.0], [27.54, 27.54, 27.54, 27.53, 27.53, 27.53, 27.53, 27.53, 27.52, 27.52, 27.52, 27.48, 27.29, 27.26, 27.23, 27.09, 27.26, 27.1, 27.04, 27.01], [27.53, 27.53, 27.53, 27.53, 27.53, 27.53, 27.52, 27.52, 27.51, 27.51, 27.51, 27.48, 27.47, 27.26, 27.23, 27.2, 27.06, 27.01, 27.03, 27.01], [27.53, 27.53, 27.53, 27.53, 27.53, 27.52, 27.52, 27.52, 27.51, 27.51, 27.49, 27.48, 27.47, 27.26, 27.23, 27.19, 27.15, 27.13, 27.02, 27.01], [27.53, 27.53, 27.53, 27.53, 27.53, 27.52, 27.52, 27.52, 27.51, 27.51, 27.49, 27.48, 27.48, 27.27, 27.24, 27.21, 27.18, 27.17, 27.18, 27.18], [27.53, 27.53, 27.53, 27.53, 27.52, 27.52, 27.52, 27.52, 27.51, 27.49, 27.49, 27.41, 27.37, 27.32, 27.26, 27.23, 27.21, 27.2, 27.2, 27.2], [27.53, 27.53, 27.53, 27.52, 27.52, 27.52, 27.52, 27.51, 27.51, 27.49, 27.48, 27.43, 27.38, 27.34, 27.28, 27.25, 27.23, 27.22, 27.21, 27.21], [27.53, 27.53, 27.53, 27.52, 27.52, 27.52, 27.52, 27.51, 27.43, 27.45, 27.46, 27.43, 27.39, 27.35, 27.29, 27.26, 27.25, 27.23, 27.23, 27.22], [27.53, 27.53, 27.52, 27.52, 27.52, 27.52, 27.52, 27.52, 27.42, 27.43, 27.43, 27.41, 27.38, 27.35, 27.3, 27.27, 27.26, 27.25, 27.24, 27.23], [27.53, 27.53, 27.52, 27.52, 27.52, 27.52, 27.52, 27.4, 27.41, 27.41, 27.4, 27.39, 27.37, 27.35, 27.3, 27.28, 27.27, 27.26, 27.25, 27.24]]}