gis_exercise/awsData/contour/temp_2023091410.json
{"header": {"refTime": "2023-09-14T10:00:00.000Z", "nx": 21, "ny": 33, "lo1": 113.509, "la1": 22.2235, "lo2": 113.5947, "la2": 22.1034, "dx": 0.0042850000000001385, "dy": 0.003753125000000024, "parameterCategory": 0, "parameterCategoryName": "Temperature", "parameterNumber": 0}, "z": [[27.09, 27.09, 27.09, 26.8, 26.82, 26.97, 26.99, 27.0, 27.0, 26.94, 26.92, 26.91, 26.99, 26.98, 26.89, 26.87, 26.77, 26.76, 26.75, 26.74], [27.1, 27.09, 27.09, 27.08, 26.81, 26.84, 26.99, 27.01, 27.03, 26.96, 26.93, 26.91, 26.99, 26.98, 26.88, 26.78, 26.76, 26.75, 26.74, 26.73], [27.1, 27.09, 27.09, 27.08, 26.81, 26.83, 26.87, 27.03, 27.08, 26.98, 26.93, 26.9, 26.98, 26.98, 26.81, 26.78, 26.75, 26.74, 26.73, 26.72], [27.1, 27.1, 27.09, 27.08, 27.07, 26.81, 26.84, 26.9, 26.95, 26.94, 26.9, 26.9, 26.98, 26.84, 26.81, 26.77, 26.74, 26.72, 26.71, 26.71], [27.11, 27.11, 27.1, 27.09, 27.07, 26.78, 26.8, 26.81, 26.81, 26.87, 26.86, 26.84, 26.93, 26.86, 26.81, 26.75, 26.71, 26.69, 26.68, 26.69], [27.12, 27.12, 27.11, 27.1, 27.08, 27.05, 26.75, 26.74, 26.73, 26.69, 26.72, 26.8, 26.87, 26.93, 26.79, 26.73, 26.66, 26.64, 26.65, 26.67], [27.14, 27.13, 27.13, 27.12, 27.1, 27.06, 26.82, 26.7, 26.68, 26.58, 26.56, 26.72, 26.89, 26.9, 26.77, 26.7, 26.6, 26.57, 26.59, 26.62], [27.16, 27.16, 27.16, 27.16, 27.14, 26.94, 26.86, 26.76, 26.67, 26.56, 26.47, 26.68, 26.68, 26.9, 26.61, 26.64, 26.58, 26.55, 26.59, 26.62], [27.04, 27.05, 27.2, 27.21, 27.21, 27.18, 27.08, 26.82, 26.6, 26.59, 26.55, 26.61, 26.64, 26.6, 26.62, 26.66, 26.62, 26.6, 26.61, 26.63], [27.5, 27.5, 27.5, 27.13, 27.18, 27.32, 27.22, 27.08, 26.53, 26.55, 26.64, 26.58, 26.6, 26.59, 26.62, 26.67, 26.64, 26.63, 26.63, 26.64], [27.5, 27.5, 27.5, 27.5, 27.5, 27.5, 27.5, 27.5, 27.22, 26.6, 26.4, 26.55, 26.57, 26.57, 26.62, 26.68, 26.66, 26.65, 26.65, 26.65], [27.5, 27.5, 27.5, 27.5, 27.5, 27.5, 27.5, 27.5, 27.5, -999.0, 26.4, 26.8, 26.8, 26.56, 26.61, 26.69, 26.68, 26.33, 26.33, 26.33], [27.5, 27.5, 27.5, 27.5, 27.5, 27.5, 27.5, 27.5, 27.5, 27.5, -999.0, 26.8, 26.8, 26.41, 26.58, 26.39, 26.39, 26.36, 26.36, 26.36], [27.5, 27.5, 27.5, 27.5, 27.5, 27.5, 27.5, 27.5, 27.5, 27.5, -999.0, 26.2, 26.2, 26.2, 26.53, 26.37, 26.37, 26.33, 26.34, 26.35], [27.5, 27.5, 27.5, 27.5, 27.5, 27.5, 27.5, 27.1, 27.1, 27.1, 27.1, 26.75, 26.2, 26.2, 26.2, 26.34, 26.35, 26.31, 26.32, 26.33], [27.5, 27.5, 27.25, 27.24, 27.24, 27.1, 27.1, 27.1, 27.1, 27.1, 26.53, 26.6, 26.51, 26.44, 26.52, 26.35, 26.37, 26.33, 26.39, 26.4], [27.24, 27.24, 27.36, 27.35, 27.1, 27.1, 27.1, 27.1, 27.1, 27.1, 26.71, 26.6, 26.48, 26.38, 26.35, 26.37, 26.44, 26.49, 26.52, 26.55], [27.36, 27.35, 27.35, 27.33, 27.1, 27.1, 27.1, 27.1, 27.1, 26.87, 26.75, 26.62, 26.48, 26.36, 26.22, 26.35, 26.44, 26.5, 26.54, 26.56], [27.35, 27.34, 27.33, 27.1, 27.1, 27.1, 27.1, 27.1, 27.02, 26.92, 26.86, 26.75, 26.52, 26.41, 26.34, 26.41, 26.48, 26.53, 26.56, 26.58], [27.34, 27.34, 27.16, 27.15, 27.15, 27.15, 27.14, 27.12, 27.03, 26.96, 26.88, 26.79, 26.56, 26.49, 26.45, 26.49, 26.54, 26.57, 26.6, 26.61], [27.16, 27.16, 27.16, 27.14, 27.14, 27.14, 27.13, 27.13, 26.98, 26.95, 26.89, 26.83, 26.59, 26.53, 26.54, 26.57, 26.6, 26.62, 26.63, 26.64], [27.15, 27.15, 27.15, 27.14, 27.14, 27.14, 27.14, 27.22, 26.98, 26.96, 26.92, 26.87, 26.65, 26.58, 26.6, 26.63, 26.65, 26.67, 26.67, 26.67], [27.15, 27.15, 27.15, 27.26, 27.26, 27.25, 27.25, 27.24, 27.24, 27.25, 27.25, 27.01, 26.94, 26.62, 26.65, 26.67, 26.69, 26.71, 26.71, 26.7], [27.28, 27.28, 27.28, 27.27, 27.27, 27.27, 27.26, 27.26, 27.25, 27.25, 27.26, 27.15, 26.95, 26.9, 26.86, 26.7, 26.67, 26.77, 26.75, 26.72], [27.29, 27.29, 27.29, 27.28, 27.28, 27.28, 27.28, 27.27, 27.25, 27.23, 27.27, 27.18, 27.13, 26.91, 26.87, 26.84, 26.8, 26.85, 26.77, 26.74], [27.29, 27.29, 27.29, 27.3, 27.3, 27.3, 27.29, 27.29, 27.27, 27.25, 27.23, 27.21, 27.17, 26.92, 26.89, 26.93, 26.91, 26.91, 26.76, 26.73], [27.3, 27.3, 27.3, 27.31, 27.31, 27.31, 27.32, 27.32, 27.32, 27.33, 27.28, 27.26, 27.22, 27.09, 27.02, 26.97, 26.95, 26.94, 26.94, 26.94], [27.31, 27.31, 27.31, 27.32, 27.32, 27.33, 27.34, 27.35, 27.37, 27.36, 27.38, 27.39, 27.35, 27.31, 27.07, 27.02, 26.99, 26.97, 26.96, 26.96], [27.31, 27.32, 27.32, 27.33, 27.33, 27.34, 27.36, 27.38, 27.42, 27.45, 27.54, 27.45, 27.38, 27.33, 27.11, 27.05, 27.02, 27.0, 26.99, 26.98], [27.32, 27.32, 27.33, 27.33, 27.34, 27.35, 27.37, 27.39, 27.42, 27.48, 27.51, 27.45, 27.39, 27.34, 27.13, 27.08, 27.05, 27.03, 27.01, 27.0], [27.32, 27.33, 27.33, 27.34, 27.35, 27.36, 27.38, 27.4, 27.41, 27.44, 27.45, 27.42, 27.38, 27.35, 27.15, 27.1, 27.07, 27.05, 27.03, 27.02], [27.32, 27.33, 27.34, 27.34, 27.35, 27.36, 27.38, 27.38, 27.39, 27.41, 27.41, 27.39, 27.37, 27.34, 27.16, 27.12, 27.09, 27.06, 27.05, 27.04]]}