gis_exercise/awsData/contour/temp_2023090312.json
{"header": {"refTime": "2023-09-03T12:00:00.000Z", "nx": 21, "ny": 33, "lo1": 113.509, "la1": 22.2235, "lo2": 113.5947, "la2": 22.1034, "dx": 0.0042850000000001385, "dy": 0.003753125000000024, "parameterCategory": 0, "parameterCategoryName": "Temperature", "parameterNumber": 0}, "z": [[30.11, 30.12, 30.13, 30.17, 30.2, 30.2, 30.24, 30.27, 30.28, 30.35, 30.31, 30.27, 30.31, 30.3, 29.78, 29.72, 29.61, 29.58, 29.55, 29.53], [30.1, 30.11, 30.12, 30.14, 30.19, 30.23, 30.26, 30.32, 30.37, 30.39, 30.32, 30.26, 30.29, 30.28, 29.76, 29.64, 29.59, 29.55, 29.52, 29.5], [30.09, 30.1, 30.11, 30.13, 30.18, 30.21, 30.27, 30.37, 30.54, 30.42, 30.3, 30.23, 30.26, 30.25, 29.71, 29.63, 29.55, 29.5, 29.47, 29.46], [30.08, 30.08, 30.09, 30.1, 30.12, 30.18, 30.23, 30.31, 30.39, 30.37, 30.26, 30.18, 30.19, 30.11, 29.71, 29.6, 29.5, 29.43, 29.4, 29.41], [30.07, 30.07, 30.07, 30.08, 30.09, 30.12, 30.14, 30.17, 30.19, 30.28, 30.21, 30.1, 30.04, 30.1, 29.71, 29.55, 29.4, 29.32, 29.31, 29.34], [30.05, 30.05, 30.05, 30.05, 30.05, 30.04, 30.05, 30.04, 30.04, 30.07, 30.15, 30.13, 30.09, 30.13, 29.69, 29.46, 29.24, 29.14, 29.2, 29.27], [29.82, 30.04, 30.03, 30.02, 30.01, 29.99, 29.83, 29.91, 29.89, 29.99, 30.08, 30.19, 30.23, 30.2, 29.67, 29.38, 29.01, 28.87, 28.86, 28.95], [29.83, 29.83, 29.83, 29.83, 29.82, 29.86, 29.83, 29.75, 29.7, 29.98, 30.1, 30.31, 30.31, 30.2, 29.27, 29.47, 29.07, 28.93, 29.15, 29.3], [29.77, 29.78, 29.85, 29.85, 29.86, 29.84, 29.79, 29.8, 29.76, 29.98, 30.22, 30.26, 30.28, 30.25, 29.32, 29.54, 29.31, 29.21, 29.27, 29.35], [30.0, 30.0, 30.0, 29.81, 29.84, 29.91, 29.86, 29.79, 29.88, 29.86, 30.28, 30.23, 30.25, 30.24, 29.32, 29.61, 29.47, 29.39, 29.39, 29.42], [30.0, 30.0, 30.0, 30.0, 30.0, 30.0, 30.0, 30.0, 29.86, 29.77, 30.1, 30.21, 30.23, 30.23, 29.3, 29.67, 29.57, 29.5, 29.49, 29.5], [30.0, 30.0, 30.0, 30.0, 30.0, 30.0, 30.0, 30.0, 30.0, -999.0, 30.1, 30.4, 30.4, 30.22, 29.28, 29.73, 29.67, 29.05, 29.04, 29.04], [30.0, 30.0, 30.0, 30.0, 30.0, 30.0, 30.0, 30.0, 30.0, 30.0, -999.0, 30.4, 30.4, 29.75, 30.03, 28.89, 28.89, 28.98, 28.97, 28.96], [30.0, 30.0, 30.0, 30.0, 30.0, 30.0, 30.0, 30.0, 30.0, 30.0, -999.0, 29.4, 29.4, 29.4, 29.95, 28.96, 28.95, 29.05, 29.02, 29.01], [30.0, 30.0, 30.0, 30.0, 30.0, 30.0, 30.0, 30.7, 30.7, 30.7, 30.7, 30.2, 29.4, 29.4, 29.4, 29.03, 29.01, 29.1, 29.07, 29.05], [30.0, 30.0, 30.44, 30.45, 30.46, 30.7, 30.7, 30.7, 30.7, 30.7, 29.88, 29.97, 29.85, 29.74, 29.86, 29.25, 29.23, 29.27, 29.08, 29.06], [30.45, 30.45, 30.25, 30.26, 30.7, 30.7, 30.7, 30.7, 30.7, 30.7, 30.14, 29.98, 29.81, 29.65, 29.51, 29.7, 29.81, 29.9, 29.97, 30.02], [30.25, 30.26, 30.27, 30.29, 30.7, 30.7, 30.7, 30.7, 30.7, 30.37, 30.2, 30.0, 29.8, 29.53, 29.41, 29.67, 29.82, 29.92, 29.99, 30.04], [30.26, 30.27, 30.29, 30.7, 30.7, 30.7, 30.7, 30.7, 30.58, 30.45, 30.29, 30.12, 29.68, 29.56, 29.64, 29.75, 29.87, 29.97, 30.03, 30.08], [30.27, 30.28, 30.59, 30.59, 30.6, 30.61, 30.63, 30.67, 30.56, 30.44, 30.3, 30.17, 29.7, 29.59, 29.83, 29.88, 29.96, 30.03, 30.09, 30.13], [30.58, 30.58, 30.58, 30.62, 30.62, 30.63, 30.63, 30.64, 30.45, 30.39, 30.31, 30.21, 29.69, 29.95, 29.96, 30.0, 30.05, 30.1, 30.15, 30.18], [30.61, 30.61, 30.61, 30.61, 30.61, 30.61, 30.62, 30.63, 30.4, 30.37, 30.31, 30.24, 29.63, 30.04, 30.05, 30.07, 30.09, 30.16, 30.22, 30.25], [30.6, 30.6, 30.6, 30.63, 30.63, 30.62, 30.62, 30.61, 30.6, 30.6, 30.6, 30.16, 30.44, 30.11, 30.12, 30.09, 30.02, 30.19, 30.32, 30.33], [30.63, 30.63, 30.63, 30.62, 30.62, 30.62, 30.61, 30.6, 30.58, 30.57, 30.58, 30.18, 30.46, 30.43, 30.39, 30.15, 29.64, 30.47, 30.49, 30.42], [30.63, 30.63, 30.62, 30.62, 30.62, 30.61, 30.6, 30.58, 30.56, 30.53, 30.57, 30.23, 30.1, 30.46, 30.45, 30.46, 30.67, 31.06, 30.63, 30.48], [30.63, 30.63, 30.62, 30.62, 30.62, 30.61, 30.6, 30.59, 30.56, 30.54, 30.37, 30.28, 30.16, 30.49, 30.5, 30.59, 30.72, 30.81, 30.59, 30.49], [30.63, 30.63, 30.62, 30.62, 30.62, 30.61, 30.61, 30.6, 30.59, 30.59, 30.39, 30.32, 30.22, 30.58, 30.58, 30.61, 30.67, 30.7, 30.69, 30.66], [30.63, 30.63, 30.62, 30.62, 30.62, 30.62, 30.62, 30.61, 30.62, 30.46, 30.46, 30.83, 30.92, 31.02, 30.6, 30.62, 30.64, 30.66, 30.65, 30.64], [30.63, 30.63, 30.63, 30.62, 30.62, 30.62, 30.62, 30.63, 30.64, 30.53, 30.73, 30.81, 30.9, 30.99, 30.61, 30.61, 30.63, 30.63, 30.63, 30.63], [30.63, 30.63, 30.63, 30.63, 30.63, 30.63, 30.63, 30.63, 30.8, 30.77, 30.76, 30.82, 30.9, 30.98, 30.61, 30.61, 30.62, 30.62, 30.62, 30.62], [30.63, 30.63, 30.63, 30.63, 30.63, 30.63, 30.63, 30.64, 30.82, 30.81, 30.82, 30.85, 30.91, 30.97, 30.61, 30.61, 30.61, 30.61, 30.61, 30.61], [30.63, 30.63, 30.63, 30.63, 30.63, 30.63, 30.63, 30.86, 30.85, 30.85, 30.86, 30.88, 30.93, 30.97, 30.61, 30.61, 30.61, 30.61, 30.61, 30.61]]}