gis_exercise/awsData/contour/temp_2023090516.json
{"header": {"refTime": "2023-09-05T16:00:00.000Z", "nx": 21, "ny": 33, "lo1": 113.509, "la1": 22.2235, "lo2": 113.5947, "la2": 22.1034, "dx": 0.0042850000000001385, "dy": 0.003753125000000024, "parameterCategory": 0, "parameterCategoryName": "Temperature", "parameterNumber": 0}, "z": [[32.52, 32.51, 32.5, 32.29, 32.3, 32.51, 32.51, 32.51, 32.51, 32.49, 32.52, 32.55, 32.83, 32.85, 32.82, 32.83, 33.05, 33.05, 33.05, 33.05], [32.52, 32.52, 32.51, 32.5, 32.3, 32.31, 32.5, 32.48, 32.48, 32.48, 32.52, 32.56, 32.85, 32.87, 32.84, 33.05, 33.05, 33.05, 33.05, 33.05], [32.53, 32.52, 32.51, 32.5, 32.3, 32.3, 32.32, 32.47, 32.42, 32.47, 32.53, 32.6, 32.88, 32.9, 33.05, 33.05, 33.05, 33.05, 33.05, 33.05], [32.53, 32.53, 32.52, 32.51, 32.5, 32.3, 32.31, 32.33, 32.35, 32.48, 32.55, 32.65, 32.92, 32.87, 33.05, 33.05, 33.05, 33.05, 33.05, 33.05], [32.54, 32.54, 32.53, 32.52, 32.51, 32.29, 32.29, 32.3, 32.3, 32.48, 32.56, 32.86, 32.95, 32.89, 33.05, 33.05, 33.04, 33.04, 33.04, 33.04], [32.55, 32.55, 32.55, 32.54, 32.52, 32.5, 32.28, 32.28, 32.27, 32.25, 32.71, 32.83, 32.91, 33.07, 33.06, 33.05, 33.04, 33.03, 33.04, 33.04], [32.63, 32.57, 32.56, 32.56, 32.54, 32.52, 32.4, 32.27, 32.26, 32.38, 32.42, 32.78, 33.11, 33.1, 33.07, 33.05, 33.02, 33.02, 33.0, 33.0], [32.64, 32.65, 32.65, 32.64, 32.63, 32.48, 32.42, 32.35, 32.33, 32.35, 32.25, 32.86, 32.87, 33.1, 33.07, 33.1, 33.05, 33.04, 33.06, 33.08], [32.56, 32.57, 32.67, 32.68, 32.68, 32.66, 32.59, 32.4, 32.24, 32.41, 32.52, 32.68, 32.76, 32.66, 33.08, 33.1, 33.08, 33.07, 33.07, 33.08], [32.9, 32.9, 32.9, 32.62, 32.66, 32.76, 32.69, 32.59, 32.19, 32.2, 32.77, 32.58, 32.64, 32.62, 33.08, 33.11, 33.1, 33.09, 33.09, 33.09], [32.9, 32.9, 32.9, 32.9, 32.9, 32.9, 32.9, 32.9, 32.69, 32.23, 32.1, 32.52, 32.57, 32.57, 33.08, 33.12, 33.11, 33.1, 33.1, 33.1], [32.9, 32.9, 32.9, 32.9, 32.9, 32.9, 32.9, 32.9, 32.9, -999.0, 32.1, 33.2, 33.2, 32.54, 33.08, 33.13, 33.12, 31.98, 32.0, 32.01], [32.9, 32.9, 32.9, 32.9, 32.9, 32.9, 32.9, 32.9, 32.9, 32.9, -999.0, 33.2, 33.2, 31.89, 32.47, 32.34, 32.36, 32.14, 32.17, 32.19], [32.9, 32.9, 32.9, 32.9, 32.9, 32.9, 32.9, 32.9, 32.9, 32.9, -999.0, 31.2, 31.2, 31.2, 32.3, 32.19, 32.22, 32.0, 32.05, 32.08], [32.9, 32.9, 32.9, 32.9, 32.9, 32.9, 32.9, 32.4, 32.4, 32.4, 32.4, 31.94, 31.2, 31.2, 31.2, 32.02, 32.08, 31.87, 31.93, 31.99], [32.9, 32.9, 32.59, 32.58, 32.57, 32.4, 32.4, 32.4, 32.4, 32.4, 31.64, 31.73, 31.61, 31.52, 31.63, 31.38, 31.41, 31.36, 31.8, 31.85], [32.58, 32.58, 32.72, 32.72, 32.4, 32.4, 32.4, 32.4, 32.4, 32.4, 31.88, 31.74, 31.58, 31.43, 31.4, 31.47, 31.57, 31.65, 31.71, 31.75], [32.72, 32.72, 32.71, 32.69, 32.4, 32.4, 32.4, 32.4, 32.4, 32.1, 31.93, 31.75, 31.57, 31.41, 31.23, 31.44, 31.58, 31.67, 31.73, 31.77], [32.71, 32.7, 32.69, 32.4, 32.4, 32.4, 32.4, 32.4, 32.29, 32.17, 32.07, 31.92, 31.62, 31.48, 31.42, 31.52, 31.64, 31.72, 31.77, 31.8], [32.7, 32.7, 32.46, 32.45, 32.45, 32.45, 32.44, 32.42, 32.3, 32.21, 32.1, 31.97, 31.67, 31.57, 31.6, 31.65, 31.73, 31.78, 31.82, 31.85], [32.46, 32.46, 32.46, 32.44, 32.44, 32.44, 32.43, 32.43, 32.24, 32.19, 32.12, 32.02, 31.71, 31.71, 31.73, 31.77, 31.82, 31.86, 31.88, 31.89], [32.45, 32.45, 32.45, 32.44, 32.44, 32.44, 32.44, 32.43, 32.23, 32.2, 32.15, 32.08, 31.78, 31.8, 31.83, 31.87, 31.9, 31.93, 31.94, 31.94], [32.45, 32.45, 32.45, 32.44, 32.44, 32.44, 32.44, 32.44, 32.45, 32.45, 32.45, 32.26, 32.26, 31.86, 31.9, 31.93, 31.94, 31.99, 32.01, 31.99], [32.44, 32.44, 32.44, 32.44, 32.44, 32.44, 32.45, 32.45, 32.46, 32.46, 32.46, 32.28, 32.27, 32.23, 32.18, 31.98, 31.87, 32.11, 32.08, 32.03], [32.44, 32.44, 32.44, 32.44, 32.44, 32.44, 32.45, 32.46, 32.47, 32.48, 32.47, 32.3, 32.23, 32.24, 32.2, 32.18, 32.16, 32.29, 32.13, 32.06], [32.44, 32.44, 32.44, 32.44, 32.44, 32.44, 32.45, 32.46, 32.47, 32.48, 32.38, 32.31, 32.25, 32.26, 32.23, 32.21, 32.24, 32.26, 32.11, 32.06], [32.44, 32.44, 32.44, 32.44, 32.44, 32.44, 32.45, 32.45, 32.45, 32.46, 32.36, 32.32, 32.27, 32.24, 32.23, 32.22, 32.23, 32.24, 32.23, 32.23], [32.44, 32.44, 32.44, 32.44, 32.44, 32.44, 32.44, 32.44, 32.44, 32.36, 32.36, 32.46, 32.47, 32.49, 32.24, 32.23, 32.23, 32.23, 32.23, 32.23], [32.44, 32.44, 32.44, 32.44, 32.44, 32.44, 32.44, 32.44, 32.43, 32.37, 32.42, 32.44, 32.46, 32.48, 32.25, 32.24, 32.24, 32.23, 32.23, 32.23], [32.44, 32.44, 32.44, 32.44, 32.44, 32.44, 32.44, 32.43, 32.45, 32.43, 32.43, 32.44, 32.46, 32.48, 32.26, 32.25, 32.24, 32.24, 32.23, 32.23], [32.44, 32.44, 32.44, 32.44, 32.44, 32.44, 32.43, 32.43, 32.45, 32.45, 32.44, 32.45, 32.46, 32.48, 32.27, 32.25, 32.25, 32.24, 32.24, 32.23], [32.44, 32.44, 32.44, 32.44, 32.43, 32.43, 32.43, 32.46, 32.46, 32.46, 32.46, 32.46, 32.47, 32.48, 32.27, 32.26, 32.25, 32.24, 32.24, 32.24]]}