gis_exercise/awsData/contour/temp_2023090217.json
{"header": {"refTime": "2023-09-02T17:00:00.000Z", "nx": 21, "ny": 33, "lo1": 113.509, "la1": 22.2235, "lo2": 113.5947, "la2": 22.1034, "dx": 0.0042850000000001385, "dy": 0.003753125000000024, "parameterCategory": 0, "parameterCategoryName": "Temperature", "parameterNumber": 0}, "z": [[27.28, 27.28, 27.29, 27.09, 27.11, 27.34, 27.36, 27.38, 27.39, 27.33, 27.31, 27.3, 27.5, 27.5, 27.39, 27.37, 27.36, 27.35, 27.34, 27.34], [27.28, 27.28, 27.29, 27.29, 27.11, 27.14, 27.37, 27.4, 27.42, 27.35, 27.32, 27.3, 27.5, 27.5, 27.39, 27.37, 27.35, 27.34, 27.33, 27.33], [27.28, 27.28, 27.28, 27.29, 27.1, 27.13, 27.19, 27.41, 27.48, 27.37, 27.32, 27.3, 27.5, 27.5, 27.39, 27.36, 27.34, 27.33, 27.32, 27.32], [27.27, 27.27, 27.27, 27.28, 27.28, 27.1, 27.15, 27.22, 27.29, 27.33, 27.29, 27.31, 27.5, 27.32, 27.39, 27.36, 27.33, 27.31, 27.3, 27.3], [27.27, 27.27, 27.27, 27.27, 27.26, 27.06, 27.08, 27.1, 27.11, 27.24, 27.24, 27.32, 27.43, 27.35, 27.39, 27.34, 27.3, 27.28, 27.28, 27.29], [27.27, 27.27, 27.26, 27.26, 27.25, 27.24, 27.02, 27.01, 26.98, 26.94, 27.15, 27.27, 27.37, 27.5, 27.38, 27.32, 27.26, 27.24, 27.25, 27.27], [27.18, 27.27, 27.26, 27.25, 27.24, 27.22, 26.95, 26.94, 26.91, 26.88, 26.89, 27.2, 27.5, 27.5, 27.37, 27.3, 27.2, 27.17, 27.17, 27.2], [27.19, 27.19, 27.19, 27.19, 27.18, 27.02, 26.97, 26.92, 26.9, 26.85, 26.73, 27.22, 27.23, 27.5, 27.25, 27.29, 27.2, 27.17, 27.22, 27.26], [27.11, 27.12, 27.21, 27.22, 27.22, 27.2, 27.14, 26.95, 26.8, 26.9, 26.95, 27.08, 27.14, 27.06, 27.26, 27.31, 27.26, 27.24, 27.25, 27.27], [27.4, 27.4, 27.4, 27.17, 27.2, 27.29, 27.23, 27.14, 26.73, 26.75, 27.15, 27.0, 27.04, 27.02, 27.26, 27.33, 27.29, 27.28, 27.28, 27.28], [27.4, 27.4, 27.4, 27.4, 27.4, 27.4, 27.4, 27.4, 27.22, 26.8, 26.6, 26.94, 26.98, 26.99, 27.26, 27.34, 27.31, 27.3, 27.3, 27.3], [27.4, 27.4, 27.4, 27.4, 27.4, 27.4, 27.4, 27.4, 27.4, -999.0, 26.6, 27.5, 27.5, 26.96, 27.25, 27.35, 27.34, 26.59, 26.6, 26.6], [27.4, 27.4, 27.4, 27.4, 27.4, 27.4, 27.4, 27.4, 27.4, 27.4, -999.0, 27.5, 27.5, 26.65, 27.02, 26.77, 26.78, 26.67, 26.68, 26.69], [27.4, 27.4, 27.4, 27.4, 27.4, 27.4, 27.4, 27.4, 27.4, 27.4, -999.0, 26.2, 26.2, 26.2, 26.91, 26.7, 26.71, 26.6, 26.62, 26.64], [27.4, 27.4, 27.4, 27.4, 27.4, 27.4, 27.4, 27.5, 27.5, 27.5, 27.5, 27.0, 26.2, 26.2, 26.2, 26.61, 26.64, 26.54, 26.57, 26.59], [27.4, 27.4, 27.46, 27.46, 27.47, 27.5, 27.5, 27.5, 27.5, 27.5, 26.68, 26.77, 26.65, 26.54, 26.66, 26.46, 26.5, 26.43, 26.62, 26.65], [27.46, 27.46, 27.44, 27.44, 27.5, 27.5, 27.5, 27.5, 27.5, 27.5, 26.94, 26.78, 26.61, 26.45, 26.43, 26.42, 26.5, 26.56, 26.61, 26.64], [27.44, 27.44, 27.44, 27.44, 27.5, 27.5, 27.5, 27.5, 27.5, 27.17, 27.0, 26.8, 26.6, 26.45, 26.23, 26.4, 26.51, 26.58, 26.63, 26.66], [27.44, 27.44, 27.44, 27.5, 27.5, 27.5, 27.5, 27.5, 27.38, 27.25, 27.14, 26.98, 26.68, 26.52, 26.38, 26.46, 26.55, 26.62, 26.66, 26.68], [27.44, 27.44, 27.56, 27.55, 27.55, 27.55, 27.54, 27.52, 27.39, 27.29, 27.17, 27.04, 26.74, 26.64, 26.53, 26.57, 26.63, 26.67, 26.7, 26.72], [27.56, 27.56, 27.56, 27.54, 27.54, 27.54, 27.53, 27.53, 27.32, 27.27, 27.19, 27.09, 26.8, 26.62, 26.64, 26.67, 26.71, 26.74, 26.75, 26.75], [27.55, 27.55, 27.55, 27.54, 27.54, 27.54, 27.54, 27.48, 27.31, 27.28, 27.22, 27.15, 26.88, 26.69, 26.72, 26.76, 26.79, 26.8, 26.8, 26.79], [27.55, 27.55, 27.55, 27.46, 27.47, 27.47, 27.48, 27.48, 27.49, 27.49, 27.49, 27.39, 27.19, 26.74, 26.78, 26.82, 26.86, 26.86, 26.84, 26.82], [27.45, 27.45, 27.45, 27.46, 27.46, 27.47, 27.48, 27.49, 27.51, 27.51, 27.5, 27.33, 27.2, 27.13, 27.07, 26.86, 26.9, 26.91, 26.88, 26.84], [27.45, 27.45, 27.45, 27.45, 27.46, 27.46, 27.47, 27.49, 27.53, 27.56, 27.51, 27.34, 27.27, 27.14, 27.08, 27.02, 26.92, 26.94, 26.89, 26.85], [27.44, 27.44, 27.44, 27.45, 27.45, 27.45, 27.46, 27.48, 27.51, 27.54, 27.42, 27.34, 27.28, 27.15, 27.09, 26.99, 26.98, 26.98, 26.87, 26.85], [27.44, 27.44, 27.44, 27.44, 27.44, 27.44, 27.45, 27.45, 27.46, 27.45, 27.35, 27.31, 27.27, 27.04, 27.02, 27.0, 27.0, 26.99, 26.99, 26.99], [27.43, 27.43, 27.43, 27.43, 27.43, 27.43, 27.42, 27.42, 27.4, 27.31, 27.28, 27.29, 27.28, 27.26, 27.03, 27.02, 27.01, 27.0, 27.0, 27.0], [27.43, 27.43, 27.43, 27.43, 27.42, 27.42, 27.41, 27.39, 27.36, 27.25, 27.23, 27.26, 27.27, 27.26, 27.05, 27.03, 27.02, 27.01, 27.01, 27.01], [27.43, 27.43, 27.42, 27.42, 27.41, 27.41, 27.39, 27.38, 27.28, 27.26, 27.24, 27.25, 27.26, 27.25, 27.05, 27.04, 27.03, 27.02, 27.02, 27.01], [27.42, 27.42, 27.42, 27.41, 27.41, 27.4, 27.39, 27.37, 27.28, 27.27, 27.26, 27.26, 27.26, 27.25, 27.06, 27.04, 27.03, 27.03, 27.02, 27.02], [27.42, 27.42, 27.42, 27.41, 27.41, 27.4, 27.39, 27.29, 27.28, 27.27, 27.27, 27.26, 27.26, 27.26, 27.06, 27.05, 27.04, 27.03, 27.03, 27.02]]}