gis_exercise/awsData/contour/temp_2023090213.json
{"header": {"refTime": "2023-09-02T13:00:00.000Z", "nx": 21, "ny": 33, "lo1": 113.509, "la1": 22.2235, "lo2": 113.5947, "la2": 22.1034, "dx": 0.0042850000000001385, "dy": 0.003753125000000024, "parameterCategory": 0, "parameterCategoryName": "Temperature", "parameterNumber": 0}, "z": [[26.59, 26.58, 26.58, 26.32, 26.32, 26.57, 26.57, 26.56, 26.57, 26.49, 26.5, 26.51, 26.75, 26.77, 26.72, 26.72, 26.83, 26.82, 26.82, 26.82], [26.59, 26.59, 26.58, 26.57, 26.33, 26.34, 26.56, 26.55, 26.55, 26.49, 26.5, 26.52, 26.77, 26.78, 26.73, 26.83, 26.83, 26.82, 26.82, 26.81], [26.6, 26.59, 26.58, 26.58, 26.32, 26.34, 26.36, 26.54, 26.51, 26.49, 26.51, 26.54, 26.79, 26.8, 26.84, 26.83, 26.82, 26.81, 26.81, 26.81], [26.6, 26.6, 26.59, 26.58, 26.57, 26.33, 26.35, 26.38, 26.4, 26.48, 26.51, 26.58, 26.82, 26.7, 26.84, 26.83, 26.81, 26.81, 26.8, 26.8], [26.61, 26.6, 26.6, 26.59, 26.58, 26.31, 26.32, 26.33, 26.32, 26.44, 26.49, 26.7, 26.82, 26.73, 26.84, 26.82, 26.8, 26.79, 26.79, 26.79], [26.62, 26.61, 26.61, 26.6, 26.59, 26.57, 26.3, 26.3, 26.28, 26.23, 26.52, 26.65, 26.75, 26.9, 26.84, 26.81, 26.78, 26.77, 26.77, 26.78], [26.68, 26.63, 26.62, 26.62, 26.61, 26.59, 26.4, 26.3, 26.28, 26.27, 26.25, 26.57, 26.9, 26.9, 26.83, 26.8, 26.75, 26.73, 26.74, 26.75], [26.69, 26.69, 26.69, 26.69, 26.68, 26.48, 26.43, 26.38, 26.37, 26.23, 26.06, 26.59, 26.6, 26.9, 26.77, 26.8, 26.75, 26.74, 26.76, 26.78], [26.61, 26.62, 26.71, 26.72, 26.72, 26.7, 26.64, 26.41, 26.24, 26.29, 26.28, 26.43, 26.5, 26.41, 26.78, 26.8, 26.78, 26.77, 26.77, 26.78], [26.9, 26.9, 26.9, 26.67, 26.7, 26.79, 26.73, 26.64, 26.12, 26.14, 26.51, 26.34, 26.39, 26.37, 26.78, 26.81, 26.8, 26.79, 26.79, 26.79], [26.9, 26.9, 26.9, 26.9, 26.9, 26.9, 26.9, 26.9, 26.72, 26.23, 25.9, 26.28, 26.33, 26.33, 26.78, 26.82, 26.81, 26.8, 26.8, 26.8], [26.9, 26.9, 26.9, 26.9, 26.9, 26.9, 26.9, 26.9, 26.9, -999.0, 25.9, 26.9, 26.9, 26.3, 26.78, 26.83, 26.82, 26.07, 26.09, 26.09], [26.9, 26.9, 26.9, 26.9, 26.9, 26.9, 26.9, 26.9, 26.9, 26.9, -999.0, 26.9, 26.9, 26.05, 26.42, 26.3, 26.31, 26.17, 26.19, 26.2], [26.9, 26.9, 26.9, 26.9, 26.9, 26.9, 26.9, 26.9, 26.9, 26.9, -999.0, 25.6, 25.6, 25.6, 26.31, 26.21, 26.23, 26.09, 26.12, 26.14], [26.9, 26.9, 26.9, 26.9, 26.9, 26.9, 26.9, 26.9, 26.9, 26.9, 26.9, 26.4, 25.6, 25.6, 25.6, 26.1, 26.14, 26.01, 26.05, 26.08], [26.9, 26.9, 26.9, 26.9, 26.9, 26.9, 26.9, 26.9, 26.9, 26.9, 26.08, 26.17, 26.05, 25.94, 26.06, 25.93, 25.98, 25.89, 26.13, 26.17], [26.9, 26.9, 26.9, 26.9, 26.9, 26.9, 26.9, 26.9, 26.9, 26.9, 26.34, 26.18, 26.01, 25.85, 25.86, 25.82, 25.9, 25.97, 26.01, 26.04], [26.9, 26.9, 26.9, 26.9, 26.9, 26.9, 26.9, 26.9, 26.9, 26.57, 26.4, 26.2, 26.0, 25.87, 25.64, 25.8, 25.91, 25.98, 26.03, 26.06], [26.9, 26.9, 26.9, 26.9, 26.9, 26.9, 26.9, 26.9, 26.78, 26.65, 26.51, 26.34, 26.12, 25.95, 25.78, 25.87, 25.96, 26.02, 26.06, 26.09], [26.9, 26.9, 26.84, 26.85, 26.85, 26.85, 26.86, 26.88, 26.77, 26.66, 26.53, 26.39, 26.19, 26.09, 25.93, 25.98, 26.04, 26.08, 26.11, 26.12], [26.84, 26.84, 26.84, 26.86, 26.86, 26.86, 26.87, 26.87, 26.67, 26.62, 26.53, 26.43, 26.25, 26.02, 26.05, 26.09, 26.13, 26.15, 26.16, 26.16], [26.85, 26.85, 26.85, 26.86, 26.86, 26.86, 26.86, 26.85, 26.64, 26.6, 26.55, 26.48, 26.28, 26.1, 26.13, 26.18, 26.22, 26.22, 26.21, 26.19], [26.85, 26.85, 26.85, 26.84, 26.84, 26.84, 26.84, 26.84, 26.83, 26.83, 26.83, 26.75, 26.52, 26.15, 26.19, 26.25, 26.31, 26.29, 26.25, 26.22], [26.84, 26.84, 26.84, 26.83, 26.83, 26.83, 26.83, 26.83, 26.82, 26.82, 26.82, 26.73, 26.53, 26.48, 26.45, 26.29, 26.41, 26.31, 26.26, 26.23], [26.83, 26.83, 26.83, 26.83, 26.83, 26.83, 26.82, 26.82, 26.81, 26.81, 26.81, 26.74, 26.71, 26.49, 26.44, 26.41, 26.28, 26.25, 26.25, 26.23], [26.83, 26.83, 26.83, 26.83, 26.83, 26.82, 26.82, 26.82, 26.81, 26.81, 26.76, 26.74, 26.72, 26.49, 26.45, 26.41, 26.38, 26.36, 26.24, 26.23], [26.83, 26.83, 26.83, 26.83, 26.83, 26.82, 26.82, 26.82, 26.81, 26.81, 26.76, 26.75, 26.73, 26.51, 26.47, 26.44, 26.41, 26.4, 26.4, 26.41], [26.83, 26.83, 26.83, 26.83, 26.82, 26.82, 26.82, 26.82, 26.81, 26.77, 26.77, 26.71, 26.67, 26.62, 26.49, 26.46, 26.44, 26.43, 26.42, 26.42], [26.83, 26.83, 26.83, 26.82, 26.82, 26.82, 26.82, 26.81, 26.81, 26.78, 26.78, 26.73, 26.68, 26.64, 26.52, 26.48, 26.46, 26.45, 26.44, 26.44], [26.83, 26.83, 26.83, 26.82, 26.82, 26.82, 26.82, 26.81, 26.73, 26.75, 26.76, 26.73, 26.69, 26.65, 26.53, 26.5, 26.48, 26.47, 26.46, 26.45], [26.83, 26.83, 26.82, 26.82, 26.82, 26.82, 26.82, 26.82, 26.72, 26.73, 26.73, 26.71, 26.68, 26.65, 26.54, 26.51, 26.49, 26.48, 26.47, 26.46], [26.83, 26.83, 26.82, 26.82, 26.82, 26.82, 26.82, 26.7, 26.71, 26.71, 26.7, 26.69, 26.67, 26.65, 26.55, 26.52, 26.5, 26.49, 26.48, 26.47]]}