gis_exercise/awsData/contour/temp_2023090420.json
{"header": {"refTime": "2023-09-04T20:00:00.000Z", "nx": 21, "ny": 33, "lo1": 113.509, "la1": 22.2235, "lo2": 113.5947, "la2": 22.1034, "dx": 0.0042850000000001385, "dy": 0.003753125000000024, "parameterCategory": 0, "parameterCategoryName": "Temperature", "parameterNumber": 0}, "z": [[31.91, 31.9, 31.9, 31.91, 31.89, 31.9, 31.87, 31.85, 31.84, 31.8, 31.84, 31.87, 32.13, 32.17, 32.24, 32.28, 32.7, 32.72, 32.74, 32.75], [31.91, 31.91, 31.9, 31.89, 31.9, 31.87, 31.86, 31.81, 31.78, 31.77, 31.83, 31.88, 32.15, 32.18, 32.25, 32.67, 32.7, 32.73, 32.75, 32.76], [31.92, 31.92, 31.91, 31.9, 31.91, 31.88, 31.84, 31.77, 31.64, 31.75, 31.84, 31.9, 32.16, 32.2, 32.61, 32.67, 32.72, 32.75, 32.77, 32.78], [31.93, 31.92, 31.92, 31.91, 31.9, 31.91, 31.87, 31.81, 31.76, 31.79, 31.88, 31.95, 32.18, 32.29, 32.6, 32.68, 32.74, 32.78, 32.8, 32.8], [31.93, 31.93, 31.93, 31.93, 31.93, 31.95, 31.93, 31.91, 31.9, 31.86, 31.92, 32.25, 32.17, 32.27, 32.61, 32.71, 32.79, 32.83, 32.84, 32.83], [31.94, 31.94, 31.94, 31.94, 31.95, 31.96, 32.0, 32.01, 32.01, 31.99, 32.31, 32.31, 32.26, 32.4, 32.66, 32.77, 32.86, 32.9, 32.89, 32.86], [32.08, 31.95, 31.95, 31.96, 31.97, 31.99, 32.12, 32.1, 32.11, 32.3, 32.31, 32.43, 32.61, 32.56, 32.73, 32.83, 32.96, 33.0, 32.92, 32.85], [32.07, 32.07, 32.07, 32.07, 32.08, 32.08, 32.12, 32.19, 32.31, 32.26, 32.14, 32.69, 32.7, 32.55, 33.06, 33.05, 33.07, 33.08, 33.07, 33.06], [32.13, 32.12, 32.05, 32.05, 32.04, 32.06, 32.11, 32.14, 32.2, 32.32, 32.38, 32.53, 32.6, 32.51, 33.06, 33.05, 33.06, 33.07, 33.06, 33.06], [31.9, 31.9, 31.9, 32.09, 32.06, 31.99, 32.04, 32.11, 32.13, 32.15, 32.61, 32.44, 32.49, 32.47, 33.06, 33.04, 33.05, 33.06, 33.06, 33.05], [31.9, 31.9, 31.9, 31.9, 31.9, 31.9, 31.9, 31.9, 32.04, 32.2, 32.0, 32.38, 32.43, 32.43, 33.06, 33.04, 33.05, 33.05, 33.05, 33.05], [31.9, 31.9, 31.9, 31.9, 31.9, 31.9, 31.9, 31.9, 31.9, -999.0, 32.0, 33.0, 33.0, 32.4, 33.06, 33.04, 33.04, 31.96, 31.99, 32.0], [31.9, 31.9, 31.9, 31.9, 31.9, 31.9, 31.9, 31.9, 31.9, 31.9, -999.0, 33.0, 33.0, 31.76, 32.31, 32.37, 32.39, 32.14, 32.18, 32.2], [31.9, 31.9, 31.9, 31.9, 31.9, 31.9, 31.9, 31.9, 31.9, 31.9, -999.0, 31.1, 31.1, 31.1, 32.14, 32.21, 32.24, 31.99, 32.04, 32.08], [31.9, 31.9, 31.9, 31.9, 31.9, 31.9, 31.9, 31.8, 31.8, 31.8, 31.8, 31.53, 31.1, 31.1, 31.1, 32.02, 32.08, 31.84, 31.92, 31.98], [31.9, 31.9, 31.84, 31.84, 31.83, 31.8, 31.8, 31.8, 31.8, 31.8, 31.36, 31.41, 31.34, 31.28, 31.35, 31.39, 31.44, 31.36, 31.84, 31.89], [31.84, 31.84, 31.86, 31.86, 31.8, 31.8, 31.8, 31.8, 31.8, 31.8, 31.5, 31.41, 31.32, 31.24, 31.27, 31.01, 30.98, 30.95, 30.93, 30.92], [31.86, 31.86, 31.86, 31.86, 31.8, 31.8, 31.8, 31.8, 31.8, 31.62, 31.53, 31.42, 31.31, 31.28, 31.13, 31.03, 30.98, 30.95, 30.93, 30.91], [31.86, 31.86, 31.86, 31.8, 31.8, 31.8, 31.8, 31.8, 31.74, 31.66, 31.54, 31.45, 31.44, 31.34, 31.03, 31.0, 30.97, 30.94, 30.92, 30.9], [31.86, 31.86, 31.63, 31.64, 31.65, 31.66, 31.69, 31.75, 31.7, 31.63, 31.54, 31.47, 31.49, 31.43, 30.99, 30.97, 30.95, 30.93, 30.9, 30.88], [31.62, 31.62, 31.63, 31.68, 31.68, 31.69, 31.7, 31.71, 31.62, 31.58, 31.53, 31.48, 31.54, 30.95, 30.96, 30.96, 30.94, 30.92, 30.89, 30.87], [31.66, 31.66, 31.66, 31.67, 31.67, 31.67, 31.67, 31.64, 31.57, 31.55, 31.52, 31.48, 31.49, 30.93, 30.94, 30.96, 30.96, 30.92, 30.87, 30.84], [31.65, 31.65, 31.65, 31.62, 31.62, 31.62, 31.61, 31.61, 31.6, 31.59, 31.59, 31.69, 31.07, 30.91, 30.93, 30.98, 31.07, 30.94, 30.82, 30.8], [31.61, 31.61, 31.61, 31.6, 31.6, 31.6, 31.59, 31.58, 31.57, 31.56, 31.56, 31.6, 31.08, 31.01, 30.98, 30.96, 31.39, 30.74, 30.71, 30.74], [31.6, 31.6, 31.6, 31.6, 31.59, 31.58, 31.57, 31.56, 31.54, 31.52, 31.54, 31.59, 31.62, 31.0, 30.94, 30.87, 30.6, 30.3, 30.6, 30.7], [31.6, 31.59, 31.59, 31.59, 31.58, 31.57, 31.56, 31.55, 31.53, 31.52, 31.55, 31.58, 31.61, 30.99, 30.91, 30.82, 30.68, 30.6, 30.62, 30.69], [31.59, 31.59, 31.59, 31.58, 31.58, 31.57, 31.56, 31.55, 31.54, 31.53, 31.55, 31.57, 31.6, 31.01, 30.93, 30.85, 30.77, 30.73, 30.74, 30.77], [31.59, 31.59, 31.58, 31.58, 31.57, 31.56, 31.56, 31.55, 31.54, 31.54, 31.54, 31.22, 31.09, 30.94, 30.97, 30.9, 30.84, 30.81, 30.8, 30.81], [31.59, 31.58, 31.58, 31.57, 31.57, 31.56, 31.55, 31.54, 31.53, 31.53, 31.43, 31.28, 31.13, 30.99, 31.01, 30.94, 30.89, 30.86, 30.85, 30.85], [31.58, 31.58, 31.58, 31.57, 31.57, 31.56, 31.55, 31.54, 31.28, 31.34, 31.38, 31.27, 31.14, 31.02, 31.03, 30.98, 30.93, 30.9, 30.89, 30.88], [31.58, 31.58, 31.57, 31.57, 31.57, 31.56, 31.55, 31.55, 31.24, 31.27, 31.27, 31.21, 31.12, 31.03, 31.05, 31.0, 30.96, 30.93, 30.92, 30.91], [31.58, 31.58, 31.57, 31.57, 31.57, 31.56, 31.56, 31.18, 31.2, 31.21, 31.2, 31.16, 31.1, 31.02, 31.06, 31.02, 30.98, 30.96, 30.94, 30.93]]}