gis_exercise/awsData/contour/temp_2023090620.json
{"header": {"refTime": "2023-09-06T20:00:00.000Z", "nx": 21, "ny": 33, "lo1": 113.509, "la1": 22.2235, "lo2": 113.5947, "la2": 22.1034, "dx": 0.0042850000000001385, "dy": 0.003753125000000024, "parameterCategory": 0, "parameterCategoryName": "Temperature", "parameterNumber": 0}, "z": [[28.07, 28.04, 27.99, 27.42, 27.38, 27.73, 27.65, 27.57, 27.55, 27.35, 27.48, 27.6, 27.91, 27.97, 28.24, 28.28, 28.69, 28.69, 28.69, 28.69], [28.1, 28.06, 28.02, 27.95, 27.4, 27.34, 27.59, 27.42, 27.33, 27.26, 27.47, 27.66, 27.98, 28.05, 28.3, 28.69, 28.69, 28.69, 28.69, 28.69], [28.13, 28.1, 28.06, 28.0, 27.43, 27.36, 27.26, 27.3, 26.85, 27.18, 27.51, 27.77, 28.11, 28.15, 28.69, 28.69, 28.7, 28.7, 28.7, 28.7], [28.18, 28.15, 28.11, 28.06, 27.98, 27.43, 27.34, 27.2, 27.06, 27.3, 27.63, 27.96, 28.32, 28.38, 28.7, 28.7, 28.71, 28.72, 28.72, 28.71], [28.22, 28.21, 28.18, 28.15, 28.09, 27.53, 27.49, 27.44, 27.39, 27.47, 27.75, 28.41, 28.69, 28.44, 28.7, 28.7, 28.72, 28.74, 28.73, 28.72], [28.28, 28.27, 28.26, 28.25, 28.22, 28.18, 27.67, 27.69, 27.66, 27.57, 28.03, 28.27, 28.49, 28.63, 28.67, 28.71, 28.75, 28.77, 28.76, 28.74], [28.98, 28.34, 28.35, 28.35, 28.35, 28.34, 28.45, 27.97, 27.97, 27.89, 27.72, 28.02, 28.44, 28.49, 28.64, 28.71, 28.8, 28.83, 28.9, 28.9], [28.99, 28.99, 28.99, 28.99, 28.98, 28.55, 28.5, 28.5, 28.5, 27.84, 27.42, 27.82, 27.83, 28.5, 28.6, 28.52, 28.69, 28.75, 28.65, 28.59], [28.91, 28.92, 29.01, 29.02, 29.02, 29.0, 28.94, 28.49, 28.22, 27.93, 27.55, 27.68, 27.74, 27.66, 28.58, 28.48, 28.59, 28.63, 28.6, 28.57], [29.2, 29.2, 29.2, 28.97, 29.0, 29.09, 29.03, 28.94, 27.85, 27.93, 27.75, 27.6, 27.64, 27.62, 28.58, 28.45, 28.51, 28.55, 28.55, 28.53], [29.2, 29.2, 29.2, 29.2, 29.2, 29.2, 29.2, 29.2, 29.02, 28.19, 27.2, 27.54, 27.58, 27.59, 28.59, 28.42, 28.47, 28.5, 28.5, 28.5], [29.2, 29.2, 29.2, 29.2, 29.2, 29.2, 29.2, 29.2, 29.2, -999.0, 27.2, 28.1, 28.1, 27.56, 28.6, 28.4, 28.42, 28.22, 28.23, 28.24], [29.2, 29.2, 29.2, 29.2, 29.2, 29.2, 29.2, 29.2, 29.2, 29.2, -999.0, 28.1, 28.1, 27.84, 27.95, 28.46, 28.47, 28.32, 28.35, 28.36], [29.2, 29.2, 29.2, 29.2, 29.2, 29.2, 29.2, 29.2, 29.2, 29.2, -999.0, 27.7, 27.7, 27.7, 27.92, 28.36, 28.38, 28.23, 28.26, 28.29], [29.2, 29.2, 29.2, 29.2, 29.2, 29.2, 29.2, 29.4, 29.4, 29.4, 29.4, 28.75, 27.7, 27.7, 27.7, 28.25, 28.29, 28.15, 28.19, 28.23], [29.2, 29.2, 29.33, 29.33, 29.33, 29.4, 29.4, 29.4, 29.4, 29.4, 28.33, 28.45, 28.29, 28.15, 28.31, 27.96, 28.0, 27.93, 28.2, 28.24], [29.33, 29.33, 29.27, 29.27, 29.4, 29.4, 29.4, 29.4, 29.4, 29.4, 28.67, 28.46, 28.24, 28.03, 27.98, 27.81, 27.85, 27.88, 27.9, 27.91], [29.27, 29.27, 29.28, 29.28, 29.4, 29.4, 29.4, 29.4, 29.4, 28.97, 28.74, 28.48, 28.22, 28.0, 27.74, 27.8, 27.85, 27.89, 27.91, 27.92], [29.28, 29.28, 29.28, 29.4, 29.4, 29.4, 29.4, 29.4, 29.25, 29.07, 28.63, 28.41, 28.29, 28.09, 27.79, 27.83, 27.88, 27.91, 27.92, 27.93], [29.28, 29.28, 28.54, 28.58, 28.64, 28.72, 28.84, 29.15, 29.07, 28.85, 28.61, 28.42, 28.36, 28.23, 27.86, 27.89, 27.92, 27.94, 27.95, 27.95], [28.49, 28.51, 28.54, 28.78, 28.81, 28.85, 28.91, 28.97, 28.78, 28.68, 28.53, 28.4, 28.42, 27.91, 27.92, 27.95, 27.97, 27.97, 27.97, 27.97], [28.7, 28.71, 28.72, 28.73, 28.74, 28.75, 28.77, 28.69, 28.57, 28.5, 28.43, 28.35, 27.99, 27.95, 27.97, 28.0, 28.02, 28.02, 28.0, 27.98], [28.67, 28.67, 28.67, 28.58, 28.58, 28.57, 28.55, 28.52, 28.48, 28.44, 28.44, 28.47, 28.01, 27.97, 28.0, 28.05, 28.1, 28.06, 28.01, 27.99], [28.55, 28.54, 28.54, 28.53, 28.52, 28.49, 28.45, 28.38, 28.3, 28.26, 28.3, 28.12, 28.0, 28.02, 28.05, 28.06, 28.23, 28.02, 27.99, 27.98], [28.53, 28.52, 28.51, 28.49, 28.47, 28.43, 28.38, 28.29, 28.15, 28.04, 28.19, 28.11, 28.16, 28.01, 28.03, 28.04, 27.98, 27.89, 27.96, 27.97], [28.51, 28.5, 28.48, 28.46, 28.43, 28.4, 28.34, 28.26, 28.14, 28.05, 28.06, 28.12, 28.17, 28.01, 28.02, 28.07, 28.03, 28.01, 27.96, 27.97], [28.49, 28.48, 28.46, 28.44, 28.41, 28.38, 28.33, 28.28, 28.22, 28.2, 28.12, 28.16, 28.18, 28.14, 28.11, 28.08, 28.06, 28.05, 28.05, 28.06], [28.48, 28.46, 28.45, 28.43, 28.4, 28.37, 28.34, 28.3, 28.27, 28.17, 28.2, 28.09, 28.05, 28.01, 28.12, 28.1, 28.08, 28.07, 28.07, 28.07], [28.47, 28.45, 28.44, 28.42, 28.4, 28.37, 28.34, 28.32, 28.3, 28.23, 28.24, 28.15, 28.08, 28.03, 28.14, 28.12, 28.1, 28.09, 28.08, 28.08], [28.46, 28.45, 28.43, 28.41, 28.39, 28.37, 28.35, 28.33, 28.12, 28.18, 28.21, 28.15, 28.09, 28.04, 28.15, 28.13, 28.11, 28.1, 28.1, 28.09], [28.46, 28.44, 28.43, 28.41, 28.4, 28.38, 28.36, 28.35, 28.11, 28.14, 28.15, 28.12, 28.08, 28.05, 28.15, 28.13, 28.12, 28.11, 28.11, 28.1], [28.45, 28.44, 28.43, 28.41, 28.4, 28.38, 28.37, 28.08, 28.09, 28.11, 28.11, 28.09, 28.07, 28.04, 28.15, 28.14, 28.13, 28.12, 28.11, 28.11]]}