gis_exercise/awsData/contour/temp_2023090222.json
{"header": {"refTime": "2023-09-02T22:00:00.000Z", "nx": 21, "ny": 33, "lo1": 113.509, "la1": 22.2235, "lo2": 113.5947, "la2": 22.1034, "dx": 0.0042850000000001385, "dy": 0.003753125000000024, "parameterCategory": 0, "parameterCategoryName": "Temperature", "parameterNumber": 0}, "z": [[26.56, 26.56, 26.56, 26.3, 26.32, 26.5, 26.51, 26.52, 26.53, 26.46, 26.45, 26.44, 26.55, 26.55, 26.51, 26.5, 26.44, 26.43, 26.43, 26.42], [26.57, 26.56, 26.56, 26.56, 26.31, 26.34, 26.51, 26.53, 26.54, 26.48, 26.46, 26.45, 26.55, 26.55, 26.51, 26.45, 26.44, 26.43, 26.42, 26.42], [26.57, 26.56, 26.56, 26.55, 26.31, 26.33, 26.37, 26.54, 26.59, 26.5, 26.46, 26.45, 26.55, 26.55, 26.46, 26.45, 26.43, 26.42, 26.42, 26.41], [26.57, 26.57, 26.56, 26.56, 26.55, 26.31, 26.34, 26.4, 26.45, 26.47, 26.44, 26.45, 26.56, 26.42, 26.47, 26.44, 26.42, 26.41, 26.41, 26.41], [26.58, 26.57, 26.57, 26.56, 26.55, 26.28, 26.3, 26.31, 26.31, 26.4, 26.4, 26.42, 26.53, 26.44, 26.46, 26.43, 26.41, 26.4, 26.39, 26.4], [26.58, 26.58, 26.57, 26.56, 26.55, 26.53, 26.25, 26.24, 26.23, 26.19, 26.28, 26.37, 26.46, 26.53, 26.45, 26.42, 26.38, 26.37, 26.38, 26.39], [26.59, 26.59, 26.59, 26.58, 26.56, 26.53, 26.3, 26.2, 26.18, 26.1, 26.09, 26.29, 26.49, 26.5, 26.43, 26.4, 26.35, 26.33, 26.36, 26.37], [26.6, 26.6, 26.61, 26.6, 26.59, 26.4, 26.33, 26.25, 26.18, 26.08, 25.98, 26.25, 26.25, 26.5, 26.34, 26.35, 26.33, 26.32, 26.33, 26.34], [26.5, 26.51, 26.63, 26.64, 26.65, 26.62, 26.54, 26.3, 26.1, 26.11, 26.09, 26.17, 26.2, 26.15, 26.34, 26.35, 26.34, 26.33, 26.34, 26.34], [26.9, 26.9, 26.9, 26.57, 26.62, 26.74, 26.66, 26.54, 26.03, 26.05, 26.2, 26.12, 26.15, 26.13, 26.34, 26.36, 26.35, 26.34, 26.34, 26.35], [26.9, 26.9, 26.9, 26.9, 26.9, 26.9, 26.9, 26.9, 26.65, 26.1, 25.9, 26.09, 26.11, 26.11, 26.34, 26.36, 26.35, 26.35, 26.35, 26.35], [26.9, 26.9, 26.9, 26.9, 26.9, 26.9, 26.9, 26.9, 26.9, -999.0, 25.9, 26.4, 26.4, 26.1, 26.34, 26.36, 26.36, 25.9, 25.91, 25.91], [26.9, 26.9, 26.9, 26.9, 26.9, 26.9, 26.9, 26.9, 26.9, 26.9, -999.0, 26.4, 26.4, 25.88, 26.11, 26.05, 26.05, 25.96, 25.98, 25.98], [26.9, 26.9, 26.9, 26.9, 26.9, 26.9, 26.9, 26.9, 26.9, 26.9, -999.0, 25.6, 25.6, 25.6, 26.04, 25.99, 26.0, 25.91, 25.93, 25.94], [26.9, 26.9, 26.9, 26.9, 26.9, 26.9, 26.9, 26.7, 26.7, 26.7, 26.7, 26.28, 25.6, 25.6, 25.6, 25.92, 25.94, 25.86, 25.89, 25.91], [26.9, 26.9, 26.77, 26.77, 26.77, 26.7, 26.7, 26.7, 26.7, 26.7, 26.01, 26.09, 25.98, 25.89, 25.99, 25.97, 26.02, 25.92, 26.05, 26.09], [26.77, 26.77, 26.83, 26.83, 26.7, 26.7, 26.7, 26.7, 26.7, 26.7, 26.23, 26.09, 25.95, 25.81, 25.84, 25.84, 25.92, 25.99, 26.04, 26.07], [26.83, 26.83, 26.82, 26.82, 26.7, 26.7, 26.7, 26.7, 26.7, 26.42, 26.27, 26.11, 25.94, 25.85, 25.64, 25.81, 25.93, 26.01, 26.06, 26.09], [26.82, 26.82, 26.82, 26.7, 26.7, 26.7, 26.7, 26.7, 26.6, 26.49, 26.38, 26.25, 26.08, 25.93, 25.8, 25.88, 25.99, 26.05, 26.1, 26.12], [26.82, 26.82, 26.7, 26.7, 26.7, 26.7, 26.7, 26.7, 26.6, 26.51, 26.4, 26.29, 26.15, 26.07, 25.96, 26.01, 26.07, 26.12, 26.14, 26.16], [26.7, 26.7, 26.7, 26.7, 26.7, 26.7, 26.7, 26.7, 26.53, 26.48, 26.41, 26.33, 26.22, 26.05, 26.08, 26.12, 26.17, 26.19, 26.2, 26.2], [26.7, 26.7, 26.7, 26.7, 26.7, 26.7, 26.7, 26.72, 26.51, 26.48, 26.43, 26.37, 26.28, 26.13, 26.17, 26.22, 26.26, 26.27, 26.25, 26.23], [26.7, 26.7, 26.7, 26.73, 26.72, 26.72, 26.72, 26.72, 26.72, 26.72, 26.72, 26.67, 26.52, 26.19, 26.24, 26.3, 26.36, 26.34, 26.29, 26.26], [26.73, 26.73, 26.73, 26.73, 26.73, 26.72, 26.72, 26.72, 26.72, 26.72, 26.72, 26.7, 26.52, 26.49, 26.47, 26.34, 26.48, 26.35, 26.3, 26.27], [26.73, 26.73, 26.73, 26.73, 26.73, 26.73, 26.73, 26.72, 26.72, 26.71, 26.72, 26.71, 26.7, 26.49, 26.47, 26.44, 26.32, 26.28, 26.29, 26.27], [26.73, 26.73, 26.73, 26.73, 26.73, 26.73, 26.73, 26.73, 26.72, 26.71, 26.71, 26.71, 26.71, 26.5, 26.47, 26.45, 26.42, 26.4, 26.28, 26.27], [26.73, 26.73, 26.73, 26.73, 26.73, 26.73, 26.73, 26.73, 26.73, 26.73, 26.73, 26.72, 26.72, 26.54, 26.51, 26.47, 26.45, 26.44, 26.44, 26.45], [26.73, 26.73, 26.73, 26.74, 26.74, 26.74, 26.74, 26.74, 26.75, 26.75, 26.75, 26.68, 26.64, 26.6, 26.53, 26.5, 26.47, 26.46, 26.46, 26.46], [26.74, 26.74, 26.74, 26.74, 26.74, 26.74, 26.74, 26.75, 26.76, 26.77, 26.77, 26.71, 26.66, 26.61, 26.55, 26.52, 26.5, 26.48, 26.48, 26.48], [26.74, 26.74, 26.74, 26.74, 26.74, 26.74, 26.75, 26.75, 26.7, 26.73, 26.75, 26.71, 26.66, 26.62, 26.56, 26.53, 26.51, 26.5, 26.49, 26.49], [26.74, 26.74, 26.74, 26.74, 26.74, 26.74, 26.75, 26.75, 26.69, 26.71, 26.71, 26.69, 26.66, 26.62, 26.57, 26.54, 26.53, 26.51, 26.5, 26.5], [26.74, 26.74, 26.74, 26.74, 26.74, 26.75, 26.75, 26.67, 26.68, 26.68, 26.68, 26.67, 26.65, 26.62, 26.57, 26.55, 26.54, 26.52, 26.51, 26.51]]}