gis_exercise/awsData/contour/temp_2023091214.json
{"header": {"refTime": "2023-09-12T14:00:00.000Z", "nx": 21, "ny": 33, "lo1": 113.509, "la1": 22.2235, "lo2": 113.5947, "la2": 22.1034, "dx": 0.0042850000000001385, "dy": 0.003753125000000024, "parameterCategory": 0, "parameterCategoryName": "Temperature", "parameterNumber": 0}, "z": [[29.16, 29.17, 29.19, 29.12, 29.16, 29.51, 29.55, 29.6, 29.62, 29.69, 29.68, 29.66, 29.94, 29.94, 29.54, 29.49, 29.44, 29.4, 29.38, 29.36], [29.15, 29.16, 29.18, 29.21, 29.15, 29.21, 29.56, 29.64, 29.69, 29.72, 29.69, 29.67, 29.94, 29.95, 29.54, 29.48, 29.42, 29.38, 29.35, 29.33], [29.13, 29.14, 29.16, 29.18, 29.12, 29.19, 29.3, 29.67, 29.85, 29.75, 29.69, 29.68, 29.95, 29.95, 29.55, 29.46, 29.39, 29.33, 29.3, 29.29], [29.12, 29.13, 29.14, 29.15, 29.18, 29.13, 29.22, 29.37, 29.51, 29.69, 29.66, 29.7, 29.96, 29.72, 29.56, 29.44, 29.33, 29.27, 29.24, 29.24], [29.1, 29.1, 29.11, 29.11, 29.12, 29.04, 29.08, 29.13, 29.15, 29.58, 29.59, 29.73, 29.89, 29.76, 29.55, 29.38, 29.24, 29.16, 29.15, 29.18], [29.09, 29.08, 29.08, 29.07, 29.06, 29.05, 28.92, 28.9, 28.89, 28.89, 29.47, 29.65, 29.79, 29.97, 29.52, 29.3, 29.09, 29.0, 29.04, 29.11], [28.74, 29.07, 29.06, 29.04, 29.02, 28.97, 28.6, 28.69, 28.66, 28.8, 28.93, 29.53, 29.94, 29.95, 29.47, 29.21, 28.87, 28.75, 28.78, 28.87], [28.76, 28.76, 28.76, 28.76, 28.74, 28.69, 28.62, 28.49, 28.44, 28.76, 28.81, 29.53, 29.54, 29.95, 29.02, 29.17, 28.87, 28.76, 28.93, 29.05], [28.64, 28.65, 28.8, 28.81, 28.81, 28.78, 28.68, 28.58, 28.43, 28.81, 29.16, 29.34, 29.42, 29.31, 29.06, 29.23, 29.05, 28.98, 29.02, 29.09], [29.1, 29.1, 29.1, 28.73, 28.78, 28.92, 28.82, 28.68, 28.53, 28.51, 29.43, 29.23, 29.29, 29.26, 29.06, 29.29, 29.18, 29.12, 29.11, 29.14], [29.1, 29.1, 29.1, 29.1, 29.1, 29.1, 29.1, 29.1, 28.82, 28.44, 28.7, 29.16, 29.21, 29.21, 29.04, 29.33, 29.25, 29.2, 29.19, 29.2], [29.1, 29.1, 29.1, 29.1, 29.1, 29.1, 29.1, 29.1, 29.1, -999.0, 28.7, 29.9, 29.9, 29.18, 29.03, 29.38, 29.33, 28.27, 28.28, 28.28], [29.1, 29.1, 29.1, 29.1, 29.1, 29.1, 29.1, 29.1, 29.1, 29.1, -999.0, 29.9, 29.9, 28.72, 29.24, 28.35, 28.36, 28.31, 28.32, 28.32], [29.1, 29.1, 29.1, 29.1, 29.1, 29.1, 29.1, 29.1, 29.1, 29.1, -999.0, 28.1, 28.1, 28.1, 29.09, 28.32, 28.33, 28.28, 28.29, 28.3], [29.1, 29.1, 29.1, 29.1, 29.1, 29.1, 29.1, 30.3, 30.3, 30.3, 30.3, 29.45, 28.1, 28.1, 28.1, 28.28, 28.3, 28.25, 28.26, 28.28], [29.1, 29.1, 29.86, 29.87, 29.89, 30.3, 30.3, 30.3, 30.3, 30.3, 28.92, 29.07, 28.86, 28.68, 28.88, 28.14, 28.14, 28.13, 28.23, 28.24], [29.87, 29.88, 29.52, 29.54, 30.3, 30.3, 30.3, 30.3, 30.3, 30.3, 29.35, 29.08, 28.79, 28.53, 28.37, 28.43, 28.54, 28.63, 28.7, 28.75], [29.53, 29.54, 29.56, 29.6, 30.3, 30.3, 30.3, 30.3, 30.3, 29.74, 29.45, 29.12, 28.77, 28.4, 28.14, 28.39, 28.55, 28.66, 28.73, 28.78], [29.55, 29.57, 29.6, 30.3, 30.3, 30.3, 30.3, 30.3, 30.1, 29.87, 29.7, 29.43, 28.72, 28.48, 28.36, 28.48, 28.61, 28.71, 28.78, 28.82], [29.57, 29.59, 30.41, 30.41, 30.4, 30.39, 30.37, 30.33, 30.12, 29.96, 29.75, 29.52, 28.78, 28.6, 28.57, 28.63, 28.71, 28.79, 28.84, 28.87], [30.42, 30.42, 30.42, 30.38, 30.38, 30.37, 30.37, 30.36, 30.01, 29.92, 29.79, 29.62, 28.81, 28.7, 28.72, 28.76, 28.81, 28.87, 28.91, 28.93], [30.39, 30.39, 30.39, 30.39, 30.39, 30.39, 30.38, 30.51, 29.99, 29.94, 29.84, 29.72, 28.91, 28.8, 28.82, 28.85, 28.89, 28.94, 28.98, 28.99], [30.4, 30.4, 30.4, 30.57, 30.57, 30.56, 30.55, 30.55, 30.55, 30.55, 30.57, 29.84, 29.67, 28.87, 28.9, 28.9, 28.87, 28.99, 29.07, 29.06], [30.6, 30.6, 30.6, 30.59, 30.59, 30.58, 30.58, 30.57, 30.57, 30.57, 30.58, 30.08, 29.71, 29.56, 29.4, 28.96, 28.64, 29.21, 29.2, 29.14], [30.61, 30.61, 30.61, 30.61, 30.61, 30.61, 30.6, 30.59, 30.57, 30.54, 30.59, 30.17, 29.98, 29.59, 29.46, 29.37, 29.34, 29.62, 29.3, 29.18], [30.62, 30.63, 30.63, 30.63, 30.63, 30.63, 30.63, 30.62, 30.59, 30.56, 30.37, 30.25, 30.07, 29.63, 29.53, 29.57, 29.58, 29.63, 29.27, 29.19], [30.63, 30.64, 30.64, 30.65, 30.65, 30.66, 30.66, 30.67, 30.67, 30.68, 30.45, 30.35, 30.18, 29.92, 29.77, 29.68, 29.65, 29.64, 29.63, 29.63], [30.64, 30.65, 30.65, 30.66, 30.67, 30.68, 30.7, 30.72, 30.76, 30.6, 30.62, 30.8, 30.75, 30.69, 29.88, 29.78, 29.72, 29.69, 29.68, 29.67], [30.65, 30.66, 30.67, 30.68, 30.69, 30.7, 30.73, 30.76, 30.82, 30.77, 31.02, 30.88, 30.79, 30.72, 29.97, 29.86, 29.79, 29.75, 29.72, 29.71], [30.66, 30.67, 30.68, 30.69, 30.7, 30.72, 30.75, 30.78, 30.84, 30.92, 30.97, 30.89, 30.8, 30.74, 30.03, 29.92, 29.85, 29.8, 29.77, 29.75], [30.67, 30.68, 30.68, 30.7, 30.71, 30.73, 30.76, 30.79, 30.83, 30.87, 30.88, 30.85, 30.79, 30.74, 30.07, 29.97, 29.9, 29.84, 29.81, 29.79], [30.67, 30.68, 30.69, 30.7, 30.72, 30.73, 30.76, 30.78, 30.8, 30.82, 30.83, 30.81, 30.78, 30.74, 30.08, 30.0, 29.93, 29.88, 29.84, 29.82]]}