gis_exercise/awsData/contour/temp_2023090815.json
{"header": {"refTime": "2023-09-08T15:00:00.000Z", "nx": 21, "ny": 33, "lo1": 113.509, "la1": 22.2235, "lo2": 113.5947, "la2": 22.1034, "dx": 0.0042850000000001385, "dy": 0.003753125000000024, "parameterCategory": 0, "parameterCategoryName": "Temperature", "parameterNumber": 0}, "z": [[25.25, 25.25, 25.24, 25.06, 25.06, 25.24, 25.23, 25.23, 25.22, 25.12, 25.14, 25.15, 25.38, 25.39, 25.44, 25.45, 25.6, 25.6, 25.61, 25.61], [25.26, 25.25, 25.25, 25.24, 25.06, 25.06, 25.22, 25.2, 25.19, 25.12, 25.14, 25.17, 25.39, 25.41, 25.45, 25.59, 25.6, 25.61, 25.61, 25.61], [25.26, 25.26, 25.25, 25.24, 25.06, 25.06, 25.07, 25.18, 25.12, 25.12, 25.15, 25.19, 25.41, 25.42, 25.58, 25.59, 25.6, 25.61, 25.61, 25.62], [25.26, 25.26, 25.26, 25.25, 25.24, 25.07, 25.07, 25.07, 25.08, 25.11, 25.16, 25.23, 25.44, 25.37, 25.58, 25.6, 25.61, 25.62, 25.62, 25.62], [25.27, 25.27, 25.26, 25.26, 25.25, 25.07, 25.07, 25.07, 25.06, 25.1, 25.15, 25.36, 25.45, 25.39, 25.58, 25.6, 25.62, 25.63, 25.63, 25.63], [25.28, 25.28, 25.27, 25.27, 25.27, 25.26, 25.08, 25.08, 25.06, 25.01, 25.22, 25.32, 25.4, 25.53, 25.59, 25.61, 25.64, 25.65, 25.64, 25.64], [25.36, 25.28, 25.28, 25.28, 25.28, 25.28, 25.17, 25.12, 25.1, 25.08, 25.05, 25.28, 25.56, 25.55, 25.6, 25.63, 25.66, 25.67, 25.66, 25.65], [25.36, 25.36, 25.36, 25.36, 25.36, 25.2, 25.19, 25.21, 25.25, 25.04, 24.85, 25.32, 25.33, 25.55, 25.66, 25.65, 25.67, 25.68, 25.67, 25.66], [25.34, 25.34, 25.36, 25.36, 25.36, 25.36, 25.35, 25.19, 25.11, 25.11, 25.05, 25.18, 25.24, 25.16, 25.66, 25.65, 25.66, 25.67, 25.66, 25.66], [25.4, 25.4, 25.4, 25.35, 25.36, 25.38, 25.37, 25.35, 24.96, 24.99, 25.25, 25.1, 25.14, 25.12, 25.66, 25.64, 25.65, 25.66, 25.66, 25.65], [25.4, 25.4, 25.4, 25.4, 25.4, 25.4, 25.4, 25.4, 25.36, 25.09, 24.7, 25.04, 25.08, 25.09, 25.66, 25.64, 25.65, 25.65, 25.65, 25.65], [25.4, 25.4, 25.4, 25.4, 25.4, 25.4, 25.4, 25.4, 25.4, -999.0, 24.7, 25.6, 25.6, 25.06, 25.66, 25.64, 25.64, 25.13, 25.15, 25.15], [25.4, 25.4, 25.4, 25.4, 25.4, 25.4, 25.4, 25.4, 25.4, 25.4, -999.0, 25.6, 25.6, 25.01, 25.27, 25.34, 25.34, 25.22, 25.24, 25.25], [25.4, 25.4, 25.4, 25.4, 25.4, 25.4, 25.4, 25.4, 25.4, 25.4, -999.0, 24.7, 24.7, 24.7, 25.19, 25.25, 25.27, 25.14, 25.17, 25.19], [25.4, 25.4, 25.4, 25.4, 25.4, 25.4, 25.4, 25.9, 25.9, 25.9, 25.9, 25.44, 24.7, 24.7, 24.7, 25.16, 25.19, 25.07, 25.11, 25.14], [25.4, 25.4, 25.71, 25.72, 25.73, 25.9, 25.9, 25.9, 25.9, 25.9, 25.14, 25.23, 25.11, 25.02, 25.13, 25.03, 25.08, 24.99, 25.2, 25.24], [25.72, 25.72, 25.58, 25.58, 25.9, 25.9, 25.9, 25.9, 25.9, 25.9, 25.38, 25.24, 25.08, 24.93, 24.94, 24.9, 24.97, 25.02, 25.06, 25.08], [25.58, 25.58, 25.59, 25.61, 25.9, 25.9, 25.9, 25.9, 25.9, 25.6, 25.43, 25.25, 25.07, 24.95, 24.74, 24.87, 24.97, 25.04, 25.08, 25.1], [25.59, 25.6, 25.61, 25.9, 25.9, 25.9, 25.9, 25.9, 25.79, 25.67, 25.48, 25.33, 25.19, 25.04, 24.86, 24.93, 25.02, 25.07, 25.11, 25.13], [25.6, 25.6, 25.67, 25.68, 25.7, 25.72, 25.75, 25.83, 25.74, 25.62, 25.49, 25.36, 25.26, 25.17, 24.99, 25.03, 25.09, 25.12, 25.15, 25.16], [25.66, 25.66, 25.67, 25.73, 25.74, 25.75, 25.77, 25.79, 25.62, 25.56, 25.47, 25.38, 25.32, 25.07, 25.09, 25.13, 25.17, 25.19, 25.19, 25.19], [25.71, 25.72, 25.72, 25.72, 25.72, 25.73, 25.73, 25.76, 25.55, 25.51, 25.46, 25.4, 25.25, 25.14, 25.17, 25.21, 25.25, 25.25, 25.23, 25.22], [25.71, 25.71, 25.71, 25.75, 25.75, 25.75, 25.74, 25.72, 25.71, 25.7, 25.71, 25.64, 25.41, 25.18, 25.23, 25.28, 25.34, 25.31, 25.26, 25.24], [25.76, 25.76, 25.75, 25.75, 25.74, 25.73, 25.71, 25.69, 25.66, 25.65, 25.67, 25.62, 25.42, 25.4, 25.4, 25.31, 25.47, 25.31, 25.26, 25.24], [25.76, 25.75, 25.75, 25.74, 25.73, 25.72, 25.7, 25.67, 25.61, 25.57, 25.64, 25.63, 25.64, 25.4, 25.39, 25.37, 25.28, 25.22, 25.25, 25.24], [25.75, 25.75, 25.75, 25.74, 25.73, 25.72, 25.7, 25.67, 25.62, 25.58, 25.61, 25.65, 25.66, 25.4, 25.38, 25.42, 25.37, 25.35, 25.24, 25.23], [25.75, 25.75, 25.75, 25.74, 25.74, 25.73, 25.71, 25.7, 25.68, 25.68, 25.67, 25.69, 25.68, 25.55, 25.5, 25.45, 25.42, 25.4, 25.4, 25.42], [25.75, 25.75, 25.75, 25.74, 25.74, 25.74, 25.73, 25.73, 25.74, 25.73, 25.75, 25.66, 25.61, 25.55, 25.52, 25.48, 25.45, 25.44, 25.43, 25.44], [25.75, 25.75, 25.75, 25.75, 25.75, 25.75, 25.75, 25.75, 25.78, 25.8, 25.83, 25.72, 25.64, 25.58, 25.55, 25.51, 25.48, 25.47, 25.46, 25.46], [25.76, 25.75, 25.75, 25.75, 25.75, 25.75, 25.76, 25.77, 25.7, 25.76, 25.8, 25.73, 25.65, 25.59, 25.57, 25.53, 25.51, 25.49, 25.48, 25.47], [25.76, 25.76, 25.76, 25.76, 25.76, 25.76, 25.77, 25.78, 25.68, 25.71, 25.72, 25.69, 25.64, 25.6, 25.58, 25.55, 25.52, 25.51, 25.49, 25.49], [25.76, 25.76, 25.76, 25.76, 25.76, 25.76, 25.77, 25.64, 25.66, 25.68, 25.68, 25.66, 25.63, 25.59, 25.59, 25.56, 25.54, 25.52, 25.51, 25.5]]}