gis_exercise/awsData/contour/temp_2023091011.json
{"header": {"refTime": "2023-09-10T11:00:00.000Z", "nx": 21, "ny": 33, "lo1": 113.509, "la1": 22.2235, "lo2": 113.5947, "la2": 22.1034, "dx": 0.0042850000000001385, "dy": 0.003753125000000024, "parameterCategory": 0, "parameterCategoryName": "Temperature", "parameterNumber": 0}, "z": [[25.75, 25.74, 25.74, 25.5, 25.5, 25.69, 25.69, 25.68, 25.69, 25.62, 25.64, 25.65, 25.9, 25.92, 25.85, 25.86, 26.02, 26.02, 26.01, 26.01], [25.75, 25.75, 25.74, 25.73, 25.5, 25.51, 25.68, 25.67, 25.66, 25.62, 25.64, 25.67, 25.91, 25.93, 25.86, 26.02, 26.02, 26.01, 26.01, 26.01], [25.76, 25.75, 25.74, 25.73, 25.5, 25.51, 25.52, 25.65, 25.61, 25.62, 25.65, 25.69, 25.93, 25.95, 26.02, 26.02, 26.01, 26.01, 26.0, 26.0], [25.77, 25.76, 25.75, 25.74, 25.73, 25.51, 25.52, 25.53, 25.55, 25.61, 25.66, 25.73, 25.96, 25.89, 26.02, 26.01, 26.01, 26.0, 26.0, 26.0], [25.78, 25.77, 25.76, 25.75, 25.74, 25.5, 25.5, 25.51, 25.5, 25.6, 25.65, 25.88, 25.96, 25.91, 26.02, 26.01, 25.99, 25.99, 25.99, 25.99], [25.79, 25.78, 25.78, 25.77, 25.76, 25.74, 25.5, 25.49, 25.48, 25.44, 25.75, 25.85, 25.92, 26.07, 26.03, 26.0, 25.98, 25.97, 25.97, 25.98], [25.88, 25.8, 25.8, 25.79, 25.78, 25.76, 25.62, 25.5, 25.49, 25.53, 25.53, 25.82, 26.11, 26.1, 26.03, 26.0, 25.95, 25.93, 25.92, 25.92], [25.89, 25.89, 25.89, 25.89, 25.88, 25.7, 25.65, 25.6, 25.59, 25.5, 25.35, 25.89, 25.9, 26.1, 26.01, 26.04, 25.98, 25.95, 25.99, 26.02], [25.81, 25.82, 25.91, 25.92, 25.92, 25.9, 25.84, 25.63, 25.47, 25.56, 25.58, 25.73, 25.8, 25.71, 26.02, 26.06, 26.02, 26.0, 26.01, 26.03], [26.1, 26.1, 26.1, 25.87, 25.9, 25.99, 25.93, 25.84, 25.37, 25.39, 25.81, 25.64, 25.69, 25.67, 26.02, 26.07, 26.04, 26.03, 26.03, 26.04], [26.1, 26.1, 26.1, 26.1, 26.1, 26.1, 26.1, 26.1, 25.92, 25.46, 25.2, 25.58, 25.63, 25.63, 26.02, 26.08, 26.06, 26.05, 26.05, 26.05], [26.1, 26.1, 26.1, 26.1, 26.1, 26.1, 26.1, 26.1, 26.1, -999.0, 25.2, 26.2, 26.2, 25.6, 26.01, 26.09, 26.08, 25.56, 25.57, 25.57], [26.1, 26.1, 26.1, 26.1, 26.1, 26.1, 26.1, 26.1, 26.1, 26.1, -999.0, 26.2, 26.2, 25.61, 25.87, 25.68, 25.69, 25.61, 25.62, 25.63], [26.1, 26.1, 26.1, 26.1, 26.1, 26.1, 26.1, 26.1, 26.1, 26.1, -999.0, 25.3, 25.3, 25.3, 25.79, 25.63, 25.64, 25.57, 25.58, 25.59], [26.1, 26.1, 26.1, 26.1, 26.1, 26.1, 26.1, 26.5, 26.5, 26.5, 26.5, 26.04, 25.3, 25.3, 25.3, 25.57, 25.59, 25.52, 25.54, 25.56], [26.1, 26.1, 26.35, 26.36, 26.36, 26.5, 26.5, 26.5, 26.5, 26.5, 25.74, 25.83, 25.71, 25.62, 25.73, 25.52, 25.55, 25.49, 25.62, 25.64], [26.36, 26.36, 26.24, 26.25, 26.5, 26.5, 26.5, 26.5, 26.5, 26.5, 25.98, 25.84, 25.68, 25.53, 25.51, 25.48, 25.54, 25.59, 25.63, 25.65], [26.24, 26.25, 26.25, 26.27, 26.5, 26.5, 26.5, 26.5, 26.5, 26.2, 26.03, 25.85, 25.67, 25.52, 25.33, 25.46, 25.55, 25.6, 25.64, 25.67], [26.25, 26.26, 26.27, 26.5, 26.5, 26.5, 26.5, 26.5, 26.39, 26.27, 26.1, 25.95, 25.74, 25.59, 25.44, 25.51, 25.58, 25.64, 25.67, 25.69], [26.26, 26.26, 26.33, 26.34, 26.35, 26.36, 26.39, 26.45, 26.35, 26.24, 26.11, 25.98, 25.79, 25.7, 25.56, 25.6, 25.65, 25.68, 25.7, 25.71], [26.32, 26.32, 26.33, 26.38, 26.38, 26.39, 26.4, 26.41, 26.24, 26.19, 26.1, 26.01, 25.84, 25.63, 25.65, 25.68, 25.71, 25.73, 25.74, 25.74], [26.36, 26.36, 26.36, 26.37, 26.37, 26.37, 26.37, 26.4, 26.18, 26.15, 26.1, 26.03, 25.79, 25.69, 25.72, 25.75, 25.78, 25.79, 25.78, 25.77], [26.35, 26.35, 26.35, 26.39, 26.39, 26.38, 26.38, 26.37, 26.36, 26.35, 26.35, 26.21, 26.01, 25.73, 25.76, 25.8, 25.84, 25.83, 25.82, 25.8], [26.39, 26.39, 26.39, 26.39, 26.38, 26.37, 26.36, 26.34, 26.32, 26.31, 26.33, 26.2, 26.02, 25.98, 25.96, 25.83, 25.88, 25.87, 25.84, 25.81], [26.39, 26.39, 26.39, 26.38, 26.38, 26.37, 26.35, 26.33, 26.28, 26.25, 26.3, 26.22, 26.19, 25.99, 25.96, 25.93, 25.87, 25.87, 25.84, 25.82], [26.39, 26.39, 26.39, 26.38, 26.37, 26.37, 26.35, 26.33, 26.29, 26.26, 26.24, 26.24, 26.22, 25.99, 25.97, 25.99, 25.96, 25.96, 25.83, 25.82], [26.39, 26.39, 26.39, 26.38, 26.38, 26.37, 26.36, 26.35, 26.34, 26.33, 26.28, 26.27, 26.25, 26.11, 26.06, 26.02, 26.0, 25.99, 25.99, 26.0], [26.39, 26.39, 26.39, 26.38, 26.38, 26.38, 26.37, 26.37, 26.38, 26.34, 26.35, 26.32, 26.28, 26.24, 26.1, 26.06, 26.03, 26.02, 26.01, 26.01], [26.39, 26.39, 26.39, 26.39, 26.38, 26.38, 26.39, 26.39, 26.41, 26.4, 26.45, 26.37, 26.31, 26.26, 26.13, 26.09, 26.06, 26.04, 26.03, 26.03], [26.39, 26.39, 26.39, 26.39, 26.39, 26.39, 26.39, 26.4, 26.35, 26.4, 26.42, 26.37, 26.31, 26.27, 26.15, 26.11, 26.08, 26.06, 26.05, 26.05], [26.39, 26.39, 26.39, 26.39, 26.39, 26.39, 26.4, 26.41, 26.34, 26.36, 26.37, 26.34, 26.31, 26.27, 26.16, 26.12, 26.1, 26.08, 26.07, 26.06], [26.39, 26.39, 26.39, 26.39, 26.4, 26.4, 26.4, 26.31, 26.32, 26.33, 26.33, 26.32, 26.3, 26.27, 26.16, 26.13, 26.11, 26.09, 26.08, 26.07]]}