gis_exercise/awsData/contour/temp_2023090606.json
{"header": {"refTime": "2023-09-06T06:00:00.000Z", "nx": 21, "ny": 33, "lo1": 113.509, "la1": 22.2235, "lo2": 113.5947, "la2": 22.1034, "dx": 0.0042850000000001385, "dy": 0.003753125000000024, "parameterCategory": 0, "parameterCategoryName": "Temperature", "parameterNumber": 0}, "z": [[28.91, 28.91, 28.91, 28.76, 28.77, 28.97, 28.98, 28.98, 28.98, 28.89, 28.88, 28.88, 29.14, 29.14, 28.9, 28.88, 28.97, 28.95, 28.94, 28.93], [28.91, 28.91, 28.91, 28.91, 28.77, 28.79, 28.98, 28.98, 28.99, 28.91, 28.89, 28.88, 29.14, 29.15, 28.9, 28.98, 28.96, 28.94, 28.93, 28.92], [28.9, 28.91, 28.91, 28.91, 28.77, 28.79, 28.82, 28.98, 29.0, 28.92, 28.89, 28.89, 29.14, 29.15, 29.01, 28.97, 28.94, 28.92, 28.9, 28.9], [28.9, 28.9, 28.9, 28.91, 28.91, 28.77, 28.8, 28.84, 28.88, 28.89, 28.88, 28.9, 29.14, 29.01, 29.01, 28.96, 28.91, 28.89, 28.87, 28.88], [28.9, 28.9, 28.9, 28.9, 28.9, 28.75, 28.77, 28.78, 28.77, 28.82, 28.84, 29.0, 29.06, 29.03, 29.01, 28.94, 28.87, 28.83, 28.83, 28.85], [28.9, 28.9, 28.9, 28.9, 28.9, 28.89, 28.74, 28.73, 28.71, 28.66, 28.87, 28.98, 29.04, 29.2, 29.0, 28.9, 28.8, 28.75, 28.78, 28.81], [28.86, 28.9, 28.89, 28.89, 28.89, 28.88, 28.7, 28.72, 28.69, 28.69, 28.68, 28.96, 29.27, 29.25, 29.0, 28.86, 28.69, 28.63, 28.61, 28.65], [28.86, 28.86, 28.86, 28.86, 28.86, 28.72, 28.72, 28.72, 28.78, 28.64, 28.47, 29.06, 29.07, 29.25, 28.84, 28.93, 28.74, 28.66, 28.78, 28.85], [28.84, 28.84, 28.86, 28.86, 28.86, 28.86, 28.85, 28.71, 28.64, 28.72, 28.72, 28.88, 28.96, 28.86, 28.86, 28.97, 28.85, 28.81, 28.83, 28.88], [28.9, 28.9, 28.9, 28.85, 28.86, 28.88, 28.87, 28.85, 28.52, 28.54, 28.97, 28.78, 28.84, 28.82, 28.86, 29.01, 28.93, 28.9, 28.89, 28.91], [28.9, 28.9, 28.9, 28.9, 28.9, 28.9, 28.9, 28.9, 28.86, 28.63, 28.3, 28.72, 28.77, 28.77, 28.85, 29.04, 28.98, 28.95, 28.94, 28.95], [28.9, 28.9, 28.9, 28.9, 28.9, 28.9, 28.9, 28.9, 28.9, -999.0, 28.3, 29.4, 29.4, 28.74, 28.84, 29.07, 29.03, 28.05, 28.06, 28.06], [28.9, 28.9, 28.9, 28.9, 28.9, 28.9, 28.9, 28.9, 28.9, 28.9, -999.0, 29.4, 29.4, 28.29, 28.78, 28.21, 28.21, 28.12, 28.13, 28.14], [28.9, 28.9, 28.9, 28.9, 28.9, 28.9, 28.9, 28.9, 28.9, 28.9, -999.0, 27.7, 27.7, 27.7, 28.63, 28.14, 28.15, 28.05, 28.08, 28.09], [28.9, 28.9, 28.9, 28.9, 28.9, 28.9, 28.9, 27.7, 27.7, 27.7, 27.7, 27.7, 27.7, 27.7, 27.7, 28.07, 28.09, 28.0, 28.03, 28.05], [28.9, 28.9, 28.14, 28.13, 28.11, 27.7, 27.7, 27.7, 27.7, 27.7, 27.7, 27.7, 27.7, 27.7, 27.7, 27.92, 27.95, 27.89, 28.07, 28.1], [28.13, 28.12, 28.48, 28.46, 27.7, 27.7, 27.7, 27.7, 27.7, 27.7, 27.7, 27.7, 27.7, 27.7, 27.77, 27.6, 27.56, 27.53, 27.5, 27.48], [28.47, 28.46, 28.44, 28.4, 27.7, 27.7, 27.7, 27.7, 27.7, 27.7, 27.7, 27.7, 27.7, 27.76, 27.71, 27.61, 27.56, 27.52, 27.5, 27.48], [28.45, 28.43, 28.4, 27.7, 27.7, 27.7, 27.7, 27.7, 27.7, 27.7, 27.64, 27.64, 27.81, 27.79, 27.62, 27.58, 27.54, 27.51, 27.48, 27.46], [28.43, 28.41, 27.53, 27.54, 27.55, 27.56, 27.59, 27.65, 27.67, 27.65, 27.63, 27.63, 27.83, 27.84, 27.56, 27.54, 27.52, 27.49, 27.47, 27.45], [27.52, 27.52, 27.53, 27.58, 27.58, 27.59, 27.6, 27.61, 27.63, 27.62, 27.61, 27.61, 27.86, 27.52, 27.52, 27.51, 27.5, 27.47, 27.45, 27.43], [27.56, 27.56, 27.56, 27.57, 27.57, 27.57, 27.57, 27.6, 27.59, 27.59, 27.59, 27.59, 27.79, 27.49, 27.5, 27.51, 27.5, 27.47, 27.42, 27.4], [27.55, 27.55, 27.55, 27.59, 27.59, 27.58, 27.58, 27.57, 27.56, 27.55, 27.55, 27.73, 27.37, 27.47, 27.48, 27.52, 27.59, 27.47, 27.38, 27.36], [27.59, 27.59, 27.59, 27.59, 27.58, 27.57, 27.56, 27.54, 27.52, 27.51, 27.53, 27.7, 27.37, 27.37, 27.39, 27.49, 27.86, 27.3, 27.27, 27.31], [27.59, 27.59, 27.59, 27.58, 27.58, 27.57, 27.55, 27.53, 27.48, 27.45, 27.5, 27.67, 27.76, 27.36, 27.35, 27.34, 27.17, 26.91, 27.18, 27.27], [27.59, 27.59, 27.59, 27.58, 27.57, 27.57, 27.55, 27.53, 27.49, 27.46, 27.58, 27.67, 27.74, 27.34, 27.32, 27.32, 27.21, 27.14, 27.2, 27.26], [27.59, 27.59, 27.59, 27.58, 27.58, 27.57, 27.56, 27.55, 27.54, 27.53, 27.63, 27.68, 27.74, 27.44, 27.39, 27.33, 27.28, 27.24, 27.25, 27.28], [27.59, 27.59, 27.59, 27.58, 27.58, 27.58, 27.57, 27.57, 27.58, 27.66, 27.68, 27.4, 27.31, 27.2, 27.41, 27.36, 27.32, 27.3, 27.3, 27.31], [27.59, 27.59, 27.59, 27.59, 27.58, 27.58, 27.59, 27.59, 27.61, 27.69, 27.62, 27.47, 27.35, 27.24, 27.43, 27.39, 27.36, 27.34, 27.33, 27.33], [27.59, 27.59, 27.59, 27.59, 27.59, 27.59, 27.59, 27.6, 27.45, 27.53, 27.57, 27.47, 27.36, 27.27, 27.44, 27.41, 27.38, 27.36, 27.35, 27.35], [27.59, 27.59, 27.59, 27.59, 27.59, 27.59, 27.6, 27.61, 27.43, 27.46, 27.47, 27.42, 27.35, 27.27, 27.45, 27.42, 27.4, 27.38, 27.37, 27.37], [27.59, 27.59, 27.59, 27.59, 27.6, 27.6, 27.6, 27.37, 27.39, 27.41, 27.41, 27.37, 27.33, 27.27, 27.46, 27.43, 27.41, 27.4, 27.39, 27.38]]}