gis_exercise/awsData/contour/temp_2023090720.json
{"header": {"refTime": "2023-09-07T20:00:00.000Z", "nx": 21, "ny": 33, "lo1": 113.509, "la1": 22.2235, "lo2": 113.5947, "la2": 22.1034, "dx": 0.0042850000000001385, "dy": 0.003753125000000024, "parameterCategory": 0, "parameterCategoryName": "Temperature", "parameterNumber": 0}, "z": [[26.04, 26.03, 26.02, 25.71, 25.71, 25.85, 25.85, 25.84, 25.84, 25.68, 25.67, 25.66, 25.8, 25.8, 25.83, 25.83, 25.84, 25.84, 25.84, 25.84], [26.05, 26.04, 26.03, 26.01, 25.71, 25.72, 25.84, 25.83, 25.83, 25.7, 25.68, 25.67, 25.8, 25.8, 25.83, 25.83, 25.84, 25.84, 25.84, 25.84], [26.05, 26.05, 26.04, 26.02, 25.71, 25.72, 25.73, 25.83, 25.81, 25.71, 25.68, 25.67, 25.8, 25.8, 25.83, 25.83, 25.84, 25.84, 25.84, 25.85], [26.06, 26.06, 26.05, 26.04, 26.02, 25.72, 25.73, 25.74, 25.75, 25.68, 25.66, 25.67, 25.8, 25.68, 25.83, 25.84, 25.84, 25.85, 25.85, 25.85], [26.08, 26.07, 26.06, 26.05, 26.04, 25.72, 25.72, 25.72, 25.71, 25.62, 25.63, 25.68, 25.75, 25.7, 25.83, 25.84, 25.85, 25.85, 25.86, 25.85], [26.09, 26.09, 26.08, 26.07, 26.06, 26.05, 25.73, 25.73, 25.7, 25.63, 25.57, 25.65, 25.71, 25.8, 25.83, 25.85, 25.86, 25.87, 25.86, 25.86], [26.22, 26.1, 26.1, 26.1, 26.09, 26.08, 25.9, 25.77, 25.75, 25.59, 25.51, 25.6, 25.8, 25.8, 25.83, 25.85, 25.87, 25.88, 25.88, 25.88], [26.23, 26.23, 26.23, 26.23, 26.22, 25.97, 25.93, 25.91, 25.9, 25.56, 25.33, 25.62, 25.62, 25.8, 25.86, 25.85, 25.87, 25.88, 25.87, 25.86], [26.17, 26.18, 26.25, 26.25, 26.26, 26.24, 26.19, 25.92, 25.75, 25.62, 25.43, 25.52, 25.56, 25.5, 25.86, 25.85, 25.86, 25.87, 25.86, 25.86], [26.4, 26.4, 26.4, 26.21, 26.24, 26.31, 26.26, 26.19, 25.55, 25.59, 25.56, 25.46, 25.5, 25.48, 25.86, 25.84, 25.85, 25.86, 25.86, 25.85], [26.4, 26.4, 26.4, 26.4, 26.4, 26.4, 26.4, 26.4, 26.26, 25.73, 25.2, 25.43, 25.46, 25.46, 25.86, 25.84, 25.85, 25.85, 25.85, 25.85], [26.4, 26.4, 26.4, 26.4, 26.4, 26.4, 26.4, 26.4, 26.4, -999.0, 25.2, 25.8, 25.8, 25.44, 25.86, 25.84, 25.84, 25.45, 25.46, 25.46], [26.4, 26.4, 26.4, 26.4, 26.4, 26.4, 26.4, 26.4, 26.4, 26.4, -999.0, 25.8, 25.8, 25.34, 25.54, 25.61, 25.61, 25.52, 25.53, 25.54], [26.4, 26.4, 26.4, 26.4, 26.4, 26.4, 26.4, 26.4, 26.4, 26.4, -999.0, 25.1, 25.1, 25.1, 25.48, 25.54, 25.55, 25.45, 25.48, 25.49], [26.4, 26.4, 26.4, 26.4, 26.4, 26.4, 26.4, 26.3, 26.3, 26.3, 26.3, 25.84, 25.1, 25.1, 25.1, 25.47, 25.49, 25.4, 25.43, 25.45], [26.4, 26.4, 26.34, 26.34, 26.33, 26.3, 26.3, 26.3, 26.3, 26.3, 25.54, 25.63, 25.51, 25.42, 25.53, 25.32, 25.35, 25.29, 25.47, 25.5], [26.34, 26.34, 26.36, 26.36, 26.3, 26.3, 26.3, 26.3, 26.3, 26.3, 25.78, 25.64, 25.48, 25.33, 25.31, 25.28, 25.34, 25.39, 25.43, 25.45], [26.36, 26.36, 26.36, 26.36, 26.3, 26.3, 26.3, 26.3, 26.3, 26.0, 25.83, 25.65, 25.47, 25.32, 25.13, 25.26, 25.35, 25.4, 25.44, 25.47], [26.36, 26.36, 26.36, 26.3, 26.3, 26.3, 26.3, 26.3, 26.19, 26.07, 25.94, 25.79, 25.54, 25.39, 25.24, 25.31, 25.38, 25.44, 25.47, 25.49], [26.36, 26.36, 26.24, 26.25, 26.25, 26.25, 26.26, 26.28, 26.18, 26.08, 25.95, 25.83, 25.59, 25.5, 25.36, 25.4, 25.45, 25.48, 25.5, 25.51], [26.24, 26.24, 26.24, 26.26, 26.26, 26.26, 26.27, 26.27, 26.09, 26.04, 25.96, 25.87, 25.64, 25.43, 25.45, 25.48, 25.51, 25.53, 25.54, 25.54], [26.25, 26.25, 26.25, 26.26, 26.26, 26.26, 26.26, 26.34, 26.06, 26.02, 25.97, 25.91, 25.65, 25.49, 25.52, 25.55, 25.58, 25.59, 25.58, 25.57], [26.25, 26.25, 26.25, 26.36, 26.36, 26.35, 26.34, 26.34, 26.33, 26.33, 26.34, 26.1, 25.89, 25.53, 25.56, 25.6, 25.64, 25.63, 25.62, 25.6], [26.38, 26.38, 26.37, 26.37, 26.36, 26.36, 26.35, 26.33, 26.31, 26.31, 26.33, 26.2, 25.9, 25.84, 25.79, 25.63, 25.68, 25.67, 25.64, 25.61], [26.38, 26.38, 26.38, 26.38, 26.37, 26.36, 26.35, 26.33, 26.29, 26.25, 26.31, 26.23, 26.19, 25.85, 25.8, 25.76, 25.67, 25.67, 25.64, 25.62], [26.39, 26.39, 26.39, 26.38, 26.38, 26.38, 26.37, 26.35, 26.31, 26.27, 26.26, 26.26, 26.23, 25.86, 25.81, 25.85, 25.81, 25.79, 25.63, 25.62], [26.39, 26.39, 26.39, 26.39, 26.39, 26.39, 26.39, 26.38, 26.37, 26.38, 26.34, 26.32, 26.28, 26.06, 25.97, 25.91, 25.86, 25.85, 25.85, 25.86], [26.4, 26.4, 26.4, 26.4, 26.41, 26.41, 26.41, 26.42, 26.45, 26.43, 26.45, 26.4, 26.33, 26.26, 26.03, 25.96, 25.92, 25.89, 25.89, 25.89], [26.4, 26.41, 26.41, 26.41, 26.42, 26.42, 26.44, 26.46, 26.5, 26.53, 26.62, 26.48, 26.38, 26.3, 26.08, 26.01, 25.96, 25.94, 25.92, 25.92], [26.41, 26.41, 26.41, 26.42, 26.43, 26.44, 26.45, 26.48, 26.45, 26.53, 26.57, 26.48, 26.39, 26.32, 26.11, 26.05, 26.0, 25.97, 25.95, 25.94], [26.41, 26.42, 26.42, 26.43, 26.43, 26.44, 26.46, 26.48, 26.43, 26.47, 26.48, 26.44, 26.38, 26.32, 26.13, 26.07, 26.03, 26.0, 25.98, 25.97], [26.42, 26.42, 26.42, 26.43, 26.44, 26.45, 26.46, 26.38, 26.4, 26.42, 26.42, 26.4, 26.36, 26.32, 26.14, 26.09, 26.05, 26.02, 26.0, 25.99]]}