gis_exercise/awsData/contour/temp_2023090818.json
{"header": {"refTime": "2023-09-08T18:00:00.000Z", "nx": 21, "ny": 33, "lo1": 113.509, "la1": 22.2235, "lo2": 113.5947, "la2": 22.1034, "dx": 0.0042850000000001385, "dy": 0.003753125000000024, "parameterCategory": 0, "parameterCategoryName": "Temperature", "parameterNumber": 0}, "z": [[25.76, 25.74, 25.73, 25.35, 25.35, 25.69, 25.66, 25.63, 25.63, 25.46, 25.5, 25.54, 25.91, 25.95, 26.0, 26.02, 26.27, 26.27, 26.27, 26.27], [25.77, 25.75, 25.74, 25.71, 25.35, 25.34, 25.63, 25.57, 25.54, 25.43, 25.5, 25.57, 25.95, 25.98, 26.03, 26.27, 26.27, 26.27, 26.27, 26.27], [25.78, 25.77, 25.75, 25.73, 25.36, 25.35, 25.34, 25.53, 25.36, 25.41, 25.52, 25.63, 26.0, 26.03, 26.27, 26.27, 26.27, 26.28, 26.28, 26.28], [25.79, 25.78, 25.77, 25.75, 25.72, 25.37, 25.36, 25.34, 25.32, 25.43, 25.56, 25.72, 26.09, 25.98, 26.28, 26.28, 26.28, 26.28, 26.28, 26.28], [25.81, 25.8, 25.79, 25.78, 25.76, 25.38, 25.38, 25.37, 25.35, 25.44, 25.57, 25.99, 26.17, 26.03, 26.27, 26.28, 26.28, 26.28, 26.28, 26.28], [25.83, 25.83, 25.82, 25.82, 25.8, 25.79, 25.42, 25.43, 25.39, 25.31, 25.7, 25.9, 26.06, 26.27, 26.27, 26.28, 26.28, 26.28, 26.28, 26.28], [26.07, 25.85, 25.85, 25.85, 25.85, 25.84, 25.7, 25.53, 25.5, 25.45, 25.37, 25.76, 26.24, 26.25, 26.27, 26.28, 26.29, 26.29, 26.3, 26.3], [26.07, 26.07, 26.07, 26.07, 26.07, 25.76, 25.74, 25.74, 25.79, 25.39, 25.05, 25.77, 25.78, 26.25, 26.26, 26.25, 26.27, 26.28, 26.27, 26.26], [26.03, 26.03, 26.09, 26.09, 26.09, 26.08, 26.04, 25.73, 25.55, 25.5, 25.34, 25.54, 25.64, 25.51, 26.26, 26.25, 26.26, 26.27, 26.26, 26.26], [26.2, 26.2, 26.2, 26.06, 26.08, 26.13, 26.1, 26.04, 25.27, 25.34, 25.65, 25.42, 25.49, 25.46, 26.26, 26.24, 26.25, 26.26, 26.26, 26.25], [26.2, 26.2, 26.2, 26.2, 26.2, 26.2, 26.2, 26.2, 26.09, 25.52, 24.8, 25.33, 25.4, 25.4, 26.26, 26.24, 26.25, 26.25, 26.25, 26.25], [26.2, 26.2, 26.2, 26.2, 26.2, 26.2, 26.2, 26.2, 26.2, -999.0, 24.8, 26.2, 26.2, 25.36, 26.26, 26.24, 26.24, 25.39, 25.41, 25.42], [26.2, 26.2, 26.2, 26.2, 26.2, 26.2, 26.2, 26.2, 26.2, 26.2, -999.0, 26.2, 26.2, 25.22, 25.65, 25.72, 25.73, 25.53, 25.56, 25.58], [26.2, 26.2, 26.2, 26.2, 26.2, 26.2, 26.2, 26.2, 26.2, 26.2, -999.0, 24.7, 24.7, 24.7, 25.52, 25.58, 25.61, 25.41, 25.45, 25.48], [26.2, 26.2, 26.2, 26.2, 26.2, 26.2, 26.2, 26.0, 26.0, 26.0, 26.0, 25.5, 24.7, 24.7, 24.7, 25.43, 25.48, 25.3, 25.35, 25.4], [26.2, 26.2, 26.07, 26.07, 26.07, 26.0, 26.0, 26.0, 26.0, 26.0, 25.18, 25.27, 25.15, 25.04, 25.16, 25.29, 25.38, 25.22, 25.55, 25.61], [26.07, 26.07, 26.13, 26.13, 26.0, 26.0, 26.0, 26.0, 26.0, 26.0, 25.44, 25.28, 25.11, 24.95, 25.03, 25.02, 25.13, 25.22, 25.28, 25.32], [26.13, 26.13, 26.12, 26.12, 26.0, 26.0, 26.0, 26.0, 26.0, 25.67, 25.5, 25.3, 25.1, 25.04, 24.75, 24.98, 25.14, 25.25, 25.31, 25.35], [26.12, 26.12, 26.12, 26.0, 26.0, 26.0, 26.0, 26.0, 25.88, 25.75, 25.63, 25.46, 25.35, 25.16, 24.96, 25.08, 25.21, 25.31, 25.36, 25.39], [26.12, 26.12, 26.0, 26.0, 26.0, 26.0, 26.0, 26.0, 25.88, 25.78, 25.65, 25.51, 25.44, 25.35, 25.18, 25.24, 25.33, 25.39, 25.42, 25.44], [26.0, 26.0, 26.0, 26.0, 26.0, 26.0, 26.0, 26.0, 25.8, 25.75, 25.66, 25.56, 25.54, 25.31, 25.34, 25.4, 25.46, 25.49, 25.5, 25.49], [26.0, 26.0, 26.0, 26.0, 26.0, 26.0, 26.0, 26.07, 25.77, 25.74, 25.69, 25.61, 25.63, 25.42, 25.47, 25.55, 25.6, 25.6, 25.57, 25.53], [26.0, 26.0, 26.0, 26.1, 26.1, 26.09, 26.09, 26.08, 26.08, 26.08, 26.08, 26.08, 25.86, 25.49, 25.56, 25.67, 25.77, 25.71, 25.61, 25.56], [26.12, 26.11, 26.11, 26.11, 26.1, 26.1, 26.09, 26.08, 26.07, 26.07, 26.08, 26.17, 25.86, 25.85, 25.84, 25.71, 26.02, 25.68, 25.6, 25.57], [26.12, 26.12, 26.12, 26.12, 26.11, 26.11, 26.1, 26.09, 26.06, 26.04, 26.08, 26.17, 26.2, 25.84, 25.82, 25.79, 25.61, 25.48, 25.56, 25.56], [26.13, 26.13, 26.12, 26.12, 26.12, 26.12, 26.12, 26.1, 26.08, 26.05, 26.14, 26.19, 26.21, 25.83, 25.8, 25.83, 25.75, 25.7, 25.55, 25.55], [26.13, 26.13, 26.13, 26.13, 26.13, 26.14, 26.14, 26.13, 26.13, 26.14, 26.2, 26.22, 26.23, 25.98, 25.92, 25.86, 25.81, 25.78, 25.79, 25.81], [26.14, 26.14, 26.14, 26.14, 26.15, 26.15, 26.16, 26.17, 26.19, 26.25, 26.27, 26.1, 26.02, 25.93, 25.95, 25.9, 25.86, 25.83, 25.83, 25.83], [26.14, 26.14, 26.15, 26.15, 26.16, 26.16, 26.18, 26.19, 26.23, 26.32, 26.32, 26.18, 26.06, 25.97, 25.98, 25.93, 25.89, 25.87, 25.86, 25.86], [26.14, 26.15, 26.15, 26.16, 26.16, 26.17, 26.19, 26.21, 26.15, 26.23, 26.27, 26.18, 26.08, 25.99, 26.01, 25.96, 25.93, 25.9, 25.89, 25.88], [26.15, 26.15, 26.16, 26.16, 26.17, 26.18, 26.19, 26.21, 26.13, 26.17, 26.17, 26.13, 26.06, 26.0, 26.02, 25.98, 25.95, 25.93, 25.91, 25.9], [26.15, 26.15, 26.16, 26.17, 26.17, 26.18, 26.19, 26.08, 26.1, 26.11, 26.11, 26.09, 26.04, 25.99, 26.03, 25.99, 25.96, 25.94, 25.93, 25.92]]}