gis_exercise/awsData/contour/temp_2023090706.json
{"header": {"refTime": "2023-09-07T06:00:00.000Z", "nx": 21, "ny": 33, "lo1": 113.509, "la1": 22.2235, "lo2": 113.5947, "la2": 22.1034, "dx": 0.0042850000000001385, "dy": 0.003753125000000024, "parameterCategory": 0, "parameterCategoryName": "Temperature", "parameterNumber": 0}, "z": [[27.52, 27.5, 27.48, 27.31, 27.29, 27.41, 27.38, 27.35, 27.35, 27.33, 27.39, 27.45, 27.61, 27.65, 27.64, 27.66, 27.9, 27.9, 27.89, 27.89], [27.53, 27.51, 27.5, 27.47, 27.3, 27.27, 27.36, 27.29, 27.26, 27.28, 27.39, 27.47, 27.65, 27.68, 27.67, 27.91, 27.9, 27.89, 27.89, 27.89], [27.54, 27.53, 27.51, 27.49, 27.31, 27.28, 27.24, 27.24, 27.06, 27.24, 27.4, 27.52, 27.7, 27.73, 27.92, 27.91, 27.9, 27.89, 27.89, 27.88], [27.56, 27.55, 27.53, 27.51, 27.48, 27.31, 27.27, 27.21, 27.16, 27.31, 27.46, 27.61, 27.79, 27.86, 27.92, 27.9, 27.89, 27.88, 27.88, 27.88], [27.58, 27.57, 27.56, 27.55, 27.52, 27.35, 27.33, 27.31, 27.3, 27.4, 27.53, 27.86, 27.94, 27.88, 27.92, 27.9, 27.88, 27.87, 27.87, 27.87], [27.6, 27.6, 27.59, 27.58, 27.57, 27.55, 27.4, 27.41, 27.41, 27.39, 27.74, 27.82, 27.89, 27.97, 27.91, 27.89, 27.86, 27.85, 27.86, 27.86], [27.87, 27.62, 27.63, 27.63, 27.62, 27.61, 27.7, 27.5, 27.51, 27.6, 27.59, 27.76, 27.94, 27.95, 27.9, 27.87, 27.84, 27.83, 27.84, 27.85], [27.87, 27.87, 27.87, 27.87, 27.87, 27.75, 27.72, 27.69, 27.68, 27.58, 27.48, 27.75, 27.75, 27.95, 27.84, 27.85, 27.83, 27.82, 27.83, 27.84], [27.83, 27.83, 27.89, 27.89, 27.89, 27.88, 27.84, 27.71, 27.6, 27.61, 27.59, 27.67, 27.7, 27.65, 27.84, 27.85, 27.84, 27.83, 27.84, 27.84], [28.0, 28.0, 28.0, 27.86, 27.88, 27.93, 27.9, 27.84, 27.53, 27.55, 27.7, 27.62, 27.65, 27.63, 27.84, 27.86, 27.85, 27.84, 27.84, 27.85], [28.0, 28.0, 28.0, 28.0, 28.0, 28.0, 28.0, 28.0, 27.89, 27.6, 27.4, 27.59, 27.61, 27.61, 27.84, 27.86, 27.85, 27.85, 27.85, 27.85], [28.0, 28.0, 28.0, 28.0, 28.0, 28.0, 28.0, 28.0, 28.0, -999.0, 27.4, 27.9, 27.9, 27.6, 27.84, 27.86, 27.86, 27.06, 27.08, 27.08], [28.0, 28.0, 28.0, 28.0, 28.0, 28.0, 28.0, 28.0, 28.0, 28.0, -999.0, 27.9, 27.9, 26.99, 27.39, 27.33, 27.34, 27.18, 27.2, 27.21], [28.0, 28.0, 28.0, 28.0, 28.0, 28.0, 28.0, 28.0, 28.0, 28.0, -999.0, 26.5, 26.5, 26.5, 27.27, 27.22, 27.24, 27.08, 27.11, 27.14], [28.0, 28.0, 28.0, 28.0, 28.0, 28.0, 28.0, 27.5, 27.5, 27.5, 27.5, 27.12, 26.5, 26.5, 26.5, 27.1, 27.13, 26.98, 27.03, 27.07], [28.0, 28.0, 27.69, 27.68, 27.67, 27.5, 27.5, 27.5, 27.5, 27.5, 26.87, 26.94, 26.85, 26.76, 26.86, 26.94, 27.01, 26.89, 27.16, 27.21], [27.68, 27.68, 27.82, 27.82, 27.5, 27.5, 27.5, 27.5, 27.5, 27.5, 27.07, 26.95, 26.82, 26.7, 26.75, 26.71, 26.79, 26.85, 26.89, 26.92], [27.82, 27.82, 27.81, 27.79, 27.5, 27.5, 27.5, 27.5, 27.5, 27.25, 27.11, 26.96, 26.81, 26.76, 26.54, 26.69, 26.8, 26.87, 26.91, 26.94], [27.81, 27.8, 27.79, 27.5, 27.5, 27.5, 27.5, 27.5, 27.41, 27.31, 27.21, 27.09, 26.99, 26.85, 26.68, 26.76, 26.85, 26.91, 26.94, 26.96], [27.8, 27.8, 27.5, 27.5, 27.5, 27.5, 27.5, 27.5, 27.41, 27.33, 27.23, 27.13, 27.07, 26.99, 26.82, 26.87, 26.93, 26.97, 26.99, 27.0], [27.5, 27.5, 27.5, 27.5, 27.5, 27.5, 27.5, 27.5, 27.34, 27.3, 27.24, 27.16, 27.14, 26.91, 26.94, 26.98, 27.02, 27.04, 27.04, 27.03], [27.5, 27.5, 27.5, 27.5, 27.5, 27.5, 27.5, 27.52, 27.33, 27.3, 27.26, 27.2, 27.21, 26.98, 27.03, 27.08, 27.12, 27.11, 27.08, 27.06], [27.5, 27.5, 27.5, 27.53, 27.52, 27.52, 27.52, 27.52, 27.52, 27.52, 27.52, 27.55, 27.33, 27.03, 27.09, 27.16, 27.25, 27.19, 27.11, 27.07], [27.53, 27.53, 27.53, 27.53, 27.53, 27.52, 27.52, 27.52, 27.52, 27.52, 27.52, 27.57, 27.33, 27.31, 27.29, 27.2, 27.45, 27.15, 27.09, 27.07], [27.53, 27.53, 27.53, 27.53, 27.53, 27.53, 27.53, 27.52, 27.52, 27.51, 27.52, 27.57, 27.59, 27.3, 27.28, 27.25, 27.08, 26.96, 27.05, 27.06], [27.53, 27.53, 27.53, 27.53, 27.53, 27.53, 27.53, 27.53, 27.52, 27.51, 27.55, 27.57, 27.59, 27.3, 27.27, 27.24, 27.18, 27.14, 27.05, 27.05], [27.53, 27.53, 27.53, 27.53, 27.53, 27.53, 27.53, 27.53, 27.53, 27.53, 27.57, 27.58, 27.59, 27.34, 27.3, 27.26, 27.22, 27.2, 27.21, 27.22], [27.53, 27.53, 27.53, 27.54, 27.54, 27.54, 27.54, 27.54, 27.55, 27.58, 27.58, 27.44, 27.38, 27.31, 27.32, 27.28, 27.25, 27.24, 27.24, 27.24], [27.54, 27.54, 27.54, 27.54, 27.54, 27.54, 27.54, 27.55, 27.56, 27.59, 27.56, 27.47, 27.4, 27.33, 27.34, 27.31, 27.28, 27.27, 27.26, 27.26], [27.54, 27.54, 27.54, 27.54, 27.54, 27.54, 27.55, 27.55, 27.47, 27.51, 27.53, 27.47, 27.41, 27.35, 27.35, 27.32, 27.3, 27.29, 27.28, 27.27], [27.54, 27.54, 27.54, 27.54, 27.54, 27.54, 27.55, 27.55, 27.45, 27.47, 27.47, 27.44, 27.4, 27.35, 27.36, 27.34, 27.32, 27.3, 27.29, 27.29], [27.54, 27.54, 27.54, 27.54, 27.54, 27.55, 27.55, 27.42, 27.43, 27.44, 27.43, 27.41, 27.38, 27.35, 27.37, 27.35, 27.33, 27.31, 27.3, 27.3]]}