gis_exercise/awsData/contour/temp_2023090821.json
{"header": {"refTime": "2023-09-08T21:00:00.000Z", "nx": 21, "ny": 33, "lo1": 113.509, "la1": 22.2235, "lo2": 113.5947, "la2": 22.1034, "dx": 0.0042850000000001385, "dy": 0.003753125000000024, "parameterCategory": 0, "parameterCategoryName": "Temperature", "parameterNumber": 0}, "z": [[25.52, 25.51, 25.51, 25.27, 25.28, 25.49, 25.49, 25.48, 25.49, 25.4, 25.42, 25.43, 25.63, 25.64, 25.71, 25.72, 25.81, 25.81, 25.81, 25.81], [25.52, 25.52, 25.51, 25.5, 25.28, 25.29, 25.48, 25.47, 25.46, 25.4, 25.42, 25.44, 25.64, 25.66, 25.72, 25.81, 25.81, 25.81, 25.82, 25.82], [25.53, 25.52, 25.52, 25.51, 25.28, 25.29, 25.3, 25.45, 25.41, 25.4, 25.43, 25.47, 25.67, 25.68, 25.8, 25.81, 25.81, 25.82, 25.82, 25.82], [25.53, 25.53, 25.52, 25.51, 25.5, 25.28, 25.29, 25.31, 25.33, 25.4, 25.43, 25.5, 25.7, 25.6, 25.8, 25.81, 25.82, 25.82, 25.83, 25.83], [25.54, 25.54, 25.53, 25.52, 25.51, 25.27, 25.28, 25.28, 25.28, 25.37, 25.42, 25.6, 25.72, 25.63, 25.8, 25.81, 25.83, 25.83, 25.83, 25.83], [25.55, 25.55, 25.54, 25.54, 25.53, 25.51, 25.27, 25.27, 25.25, 25.2, 25.43, 25.55, 25.65, 25.77, 25.8, 25.82, 25.84, 25.85, 25.84, 25.84], [25.62, 25.56, 25.56, 25.55, 25.55, 25.53, 25.37, 25.28, 25.26, 25.23, 25.2, 25.46, 25.74, 25.75, 25.8, 25.83, 25.86, 25.87, 25.88, 25.88], [25.63, 25.63, 25.63, 25.63, 25.62, 25.44, 25.4, 25.37, 25.36, 25.2, 25.03, 25.45, 25.46, 25.75, 25.83, 25.8, 25.85, 25.86, 25.84, 25.82], [25.57, 25.58, 25.65, 25.65, 25.66, 25.64, 25.59, 25.39, 25.24, 25.25, 25.21, 25.33, 25.38, 25.31, 25.82, 25.8, 25.82, 25.83, 25.83, 25.82], [25.8, 25.8, 25.8, 25.61, 25.64, 25.71, 25.66, 25.59, 25.12, 25.14, 25.39, 25.25, 25.3, 25.27, 25.82, 25.79, 25.8, 25.81, 25.81, 25.81], [25.8, 25.8, 25.8, 25.8, 25.8, 25.8, 25.8, 25.8, 25.66, 25.23, 24.9, 25.2, 25.24, 25.24, 25.82, 25.78, 25.79, 25.8, 25.8, 25.8], [25.8, 25.8, 25.8, 25.8, 25.8, 25.8, 25.8, 25.8, 25.8, -999.0, 24.9, 25.7, 25.7, 25.22, 25.82, 25.77, 25.78, 25.27, 25.29, 25.29], [25.8, 25.8, 25.8, 25.8, 25.8, 25.8, 25.8, 25.8, 25.8, 25.8, -999.0, 25.7, 25.7, 25.11, 25.37, 25.5, 25.51, 25.37, 25.39, 25.4], [25.8, 25.8, 25.8, 25.8, 25.8, 25.8, 25.8, 25.8, 25.8, 25.8, -999.0, 24.8, 24.8, 24.8, 25.29, 25.41, 25.43, 25.29, 25.32, 25.34], [25.8, 25.8, 25.8, 25.8, 25.8, 25.8, 25.8, 25.8, 25.8, 25.8, 25.8, 25.42, 24.8, 24.8, 24.8, 25.3, 25.34, 25.21, 25.25, 25.28], [25.8, 25.8, 25.8, 25.8, 25.8, 25.8, 25.8, 25.8, 25.8, 25.8, 25.17, 25.24, 25.15, 25.06, 25.16, 25.24, 25.31, 25.19, 25.41, 25.46], [25.8, 25.8, 25.8, 25.8, 25.8, 25.8, 25.8, 25.8, 25.8, 25.8, 25.37, 25.25, 25.12, 25.0, 25.05, 25.07, 25.17, 25.24, 25.29, 25.33], [25.8, 25.8, 25.8, 25.8, 25.8, 25.8, 25.8, 25.8, 25.8, 25.55, 25.41, 25.26, 25.11, 25.06, 24.84, 25.04, 25.18, 25.26, 25.32, 25.36], [25.8, 25.8, 25.8, 25.8, 25.8, 25.8, 25.8, 25.8, 25.71, 25.61, 25.51, 25.39, 25.29, 25.15, 25.02, 25.12, 25.24, 25.31, 25.36, 25.39], [25.8, 25.8, 25.8, 25.8, 25.8, 25.8, 25.8, 25.8, 25.71, 25.63, 25.53, 25.43, 25.37, 25.29, 25.2, 25.26, 25.33, 25.39, 25.42, 25.43], [25.8, 25.8, 25.8, 25.8, 25.8, 25.8, 25.8, 25.8, 25.64, 25.6, 25.54, 25.46, 25.44, 25.31, 25.34, 25.39, 25.44, 25.47, 25.48, 25.47], [25.8, 25.8, 25.8, 25.8, 25.8, 25.8, 25.8, 25.85, 25.63, 25.6, 25.56, 25.5, 25.51, 25.4, 25.45, 25.51, 25.55, 25.56, 25.54, 25.51], [25.8, 25.8, 25.8, 25.88, 25.87, 25.87, 25.86, 25.86, 25.86, 25.86, 25.86, 25.85, 25.75, 25.47, 25.52, 25.6, 25.68, 25.64, 25.58, 25.54], [25.89, 25.89, 25.88, 25.88, 25.88, 25.87, 25.87, 25.86, 25.85, 25.85, 25.86, 25.92, 25.75, 25.74, 25.74, 25.64, 25.84, 25.64, 25.59, 25.55], [25.89, 25.89, 25.89, 25.89, 25.88, 25.88, 25.88, 25.87, 25.85, 25.83, 25.86, 25.92, 25.95, 25.74, 25.73, 25.72, 25.6, 25.54, 25.57, 25.55], [25.89, 25.89, 25.89, 25.89, 25.89, 25.89, 25.89, 25.88, 25.86, 25.84, 25.9, 25.93, 25.95, 25.73, 25.72, 25.75, 25.7, 25.68, 25.56, 25.54], [25.9, 25.9, 25.9, 25.9, 25.9, 25.9, 25.9, 25.9, 25.9, 25.9, 25.94, 25.96, 25.97, 25.84, 25.8, 25.77, 25.74, 25.72, 25.73, 25.74], [25.9, 25.9, 25.9, 25.91, 25.91, 25.91, 25.92, 25.93, 25.94, 25.99, 26.0, 25.91, 25.86, 25.81, 25.82, 25.79, 25.77, 25.75, 25.75, 25.75], [25.91, 25.91, 25.91, 25.91, 25.92, 25.92, 25.93, 25.95, 25.97, 26.03, 26.05, 25.96, 25.89, 25.83, 25.84, 25.81, 25.79, 25.78, 25.77, 25.77], [25.91, 25.91, 25.91, 25.92, 25.92, 25.93, 25.94, 25.96, 25.94, 25.99, 26.02, 25.96, 25.9, 25.84, 25.86, 25.83, 25.81, 25.8, 25.79, 25.78], [25.91, 25.91, 25.92, 25.92, 25.93, 25.93, 25.95, 25.96, 25.92, 25.95, 25.95, 25.93, 25.89, 25.85, 25.87, 25.84, 25.82, 25.81, 25.8, 25.8], [25.91, 25.92, 25.92, 25.92, 25.93, 25.94, 25.95, 25.89, 25.9, 25.92, 25.92, 25.9, 25.87, 25.84, 25.87, 25.85, 25.83, 25.82, 25.81, 25.8]]}