gis_exercise/awsData/contour/temp_2023090421.json
{"header": {"refTime": "2023-09-04T21:00:00.000Z", "nx": 21, "ny": 33, "lo1": 113.509, "la1": 22.2235, "lo2": 113.5947, "la2": 22.1034, "dx": 0.0042850000000001385, "dy": 0.003753125000000024, "parameterCategory": 0, "parameterCategoryName": "Temperature", "parameterNumber": 0}, "z": [[32.11, 32.11, 32.1, 32.01, 32.01, 32.21, 32.19, 32.17, 32.18, 32.22, 32.28, 32.34, 32.58, 32.61, 32.67, 32.69, 32.97, 32.97, 32.97, 32.97], [32.12, 32.11, 32.1, 32.09, 32.01, 32.0, 32.16, 32.12, 32.1, 32.17, 32.28, 32.37, 32.61, 32.65, 32.7, 32.97, 32.97, 32.97, 32.97, 32.97], [32.12, 32.12, 32.11, 32.1, 32.01, 32.0, 31.98, 32.08, 31.95, 32.13, 32.3, 32.42, 32.67, 32.7, 32.97, 32.97, 32.97, 32.98, 32.98, 32.98], [32.13, 32.13, 32.12, 32.11, 32.09, 32.01, 32.0, 31.98, 31.96, 32.19, 32.35, 32.52, 32.77, 32.8, 32.98, 32.98, 32.98, 32.98, 32.98, 32.98], [32.14, 32.14, 32.13, 32.12, 32.11, 32.02, 32.02, 32.01, 32.01, 32.27, 32.41, 32.8, 32.92, 32.83, 32.97, 32.98, 32.98, 32.98, 32.98, 32.98], [32.15, 32.15, 32.15, 32.14, 32.13, 32.12, 32.04, 32.04, 32.04, 32.05, 32.63, 32.75, 32.85, 32.97, 32.97, 32.98, 32.98, 32.98, 32.98, 32.98], [32.27, 32.16, 32.16, 32.16, 32.16, 32.14, 32.18, 32.06, 32.07, 32.26, 32.3, 32.66, 32.94, 32.95, 32.97, 32.98, 32.99, 32.99, 33.0, 33.0], [32.27, 32.27, 32.27, 32.27, 32.27, 32.21, 32.19, 32.14, 32.15, 32.23, 32.19, 32.65, 32.66, 32.95, 32.96, 32.95, 32.97, 32.98, 32.97, 32.96], [32.23, 32.23, 32.29, 32.29, 32.29, 32.28, 32.24, 32.17, 32.1, 32.27, 32.41, 32.53, 32.58, 32.51, 32.96, 32.95, 32.96, 32.97, 32.96, 32.96], [32.4, 32.4, 32.4, 32.26, 32.28, 32.33, 32.3, 32.24, 32.1, 32.1, 32.59, 32.45, 32.5, 32.47, 32.96, 32.94, 32.95, 32.96, 32.96, 32.95], [32.4, 32.4, 32.4, 32.4, 32.4, 32.4, 32.4, 32.4, 32.29, 32.1, 32.1, 32.4, 32.44, 32.44, 32.96, 32.94, 32.95, 32.95, 32.95, 32.95], [32.4, 32.4, 32.4, 32.4, 32.4, 32.4, 32.4, 32.4, 32.4, -999.0, 32.1, 32.9, 32.9, 32.42, 32.96, 32.94, 32.94, 31.81, 31.84, 31.84], [32.4, 32.4, 32.4, 32.4, 32.4, 32.4, 32.4, 32.4, 32.4, 32.4, -999.0, 32.9, 32.9, 31.59, 32.17, 32.24, 32.25, 31.99, 32.03, 32.05], [32.4, 32.4, 32.4, 32.4, 32.4, 32.4, 32.4, 32.4, 32.4, 32.4, -999.0, 30.9, 30.9, 30.9, 32.0, 32.06, 32.09, 31.83, 31.89, 31.93], [32.4, 32.4, 32.4, 32.4, 32.4, 32.4, 32.4, 31.5, 31.5, 31.5, 31.5, 31.27, 30.9, 30.9, 30.9, 31.86, 31.92, 31.68, 31.76, 31.82], [32.4, 32.4, 31.83, 31.82, 31.81, 31.5, 31.5, 31.5, 31.5, 31.5, 31.12, 31.17, 31.11, 31.06, 31.11, 31.23, 31.28, 31.19, 31.69, 31.75], [31.82, 31.82, 32.08, 32.07, 31.5, 31.5, 31.5, 31.5, 31.5, 31.5, 31.24, 31.17, 31.09, 31.02, 31.07, 31.03, 31.07, 31.1, 31.13, 31.14], [32.08, 32.07, 32.05, 32.03, 31.5, 31.5, 31.5, 31.5, 31.5, 31.35, 31.27, 31.18, 31.08, 31.07, 30.93, 31.01, 31.08, 31.12, 31.14, 31.15], [32.06, 32.05, 32.03, 31.5, 31.5, 31.5, 31.5, 31.5, 31.45, 31.38, 31.27, 31.19, 31.23, 31.14, 31.0, 31.05, 31.11, 31.14, 31.16, 31.17], [32.05, 32.03, 31.33, 31.34, 31.35, 31.36, 31.39, 31.45, 31.41, 31.34, 31.27, 31.21, 31.28, 31.24, 31.09, 31.12, 31.15, 31.18, 31.19, 31.19], [31.32, 31.32, 31.33, 31.38, 31.38, 31.39, 31.4, 31.41, 31.34, 31.3, 31.26, 31.21, 31.33, 31.14, 31.16, 31.19, 31.21, 31.22, 31.22, 31.21], [31.36, 31.36, 31.36, 31.37, 31.37, 31.37, 31.37, 31.38, 31.29, 31.27, 31.24, 31.21, 31.29, 31.19, 31.22, 31.25, 31.28, 31.27, 31.24, 31.22], [31.35, 31.35, 31.35, 31.37, 31.36, 31.36, 31.36, 31.35, 31.34, 31.33, 31.33, 31.45, 31.28, 31.22, 31.25, 31.31, 31.38, 31.32, 31.25, 31.23], [31.36, 31.36, 31.36, 31.36, 31.35, 31.35, 31.34, 31.32, 31.3, 31.29, 31.3, 31.4, 31.28, 31.29, 31.32, 31.33, 31.56, 31.27, 31.22, 31.22], [31.36, 31.36, 31.36, 31.35, 31.35, 31.34, 31.33, 31.3, 31.27, 31.24, 31.28, 31.38, 31.44, 31.28, 31.3, 31.3, 31.2, 31.08, 31.18, 31.2], [31.36, 31.36, 31.35, 31.35, 31.34, 31.34, 31.32, 31.3, 31.27, 31.25, 31.32, 31.38, 31.43, 31.27, 31.28, 31.3, 31.24, 31.21, 31.18, 31.2], [31.36, 31.36, 31.35, 31.35, 31.34, 31.34, 31.33, 31.31, 31.3, 31.3, 31.36, 31.39, 31.43, 31.33, 31.32, 31.3, 31.27, 31.26, 31.26, 31.27], [31.36, 31.35, 31.35, 31.35, 31.34, 31.34, 31.33, 31.33, 31.33, 31.37, 31.38, 31.25, 31.21, 31.17, 31.32, 31.31, 31.29, 31.28, 31.28, 31.28], [31.36, 31.35, 31.35, 31.35, 31.35, 31.34, 31.34, 31.34, 31.35, 31.39, 31.36, 31.29, 31.23, 31.19, 31.33, 31.31, 31.3, 31.29, 31.29, 31.29], [31.36, 31.35, 31.35, 31.35, 31.35, 31.35, 31.35, 31.35, 31.27, 31.31, 31.34, 31.29, 31.24, 31.2, 31.33, 31.32, 31.31, 31.3, 31.3, 31.3], [31.36, 31.35, 31.35, 31.35, 31.35, 31.35, 31.35, 31.35, 31.26, 31.28, 31.29, 31.27, 31.23, 31.2, 31.33, 31.32, 31.32, 31.31, 31.31, 31.31], [31.36, 31.35, 31.35, 31.35, 31.35, 31.35, 31.35, 31.24, 31.25, 31.26, 31.26, 31.24, 31.22, 31.2, 31.34, 31.33, 31.32, 31.32, 31.31, 31.31]]}