gis_exercise/awsData/contour/temp_2023090703.json
{"header": {"refTime": "2023-09-07T03:00:00.000Z", "nx": 21, "ny": 33, "lo1": 113.509, "la1": 22.2235, "lo2": 113.5947, "la2": 22.1034, "dx": 0.0042850000000001385, "dy": 0.003753125000000024, "parameterCategory": 0, "parameterCategoryName": "Temperature", "parameterNumber": 0}, "z": [[28.19, 28.18, 28.18, 27.97, 27.97, 28.31, 28.3, 28.29, 28.3, 28.28, 28.32, 28.37, 28.59, 28.62, 28.66, 28.66, 28.76, 28.75, 28.74, 28.74], [28.19, 28.19, 28.18, 28.17, 27.97, 27.98, 28.28, 28.25, 28.24, 28.25, 28.32, 28.4, 28.63, 28.65, 28.68, 28.78, 28.76, 28.75, 28.74, 28.73], [28.2, 28.19, 28.18, 28.18, 27.97, 27.98, 28.0, 28.22, 28.13, 28.23, 28.34, 28.45, 28.69, 28.7, 28.8, 28.78, 28.75, 28.74, 28.73, 28.72], [28.2, 28.2, 28.19, 28.18, 28.17, 27.98, 27.99, 28.01, 28.03, 28.25, 28.38, 28.54, 28.79, 28.69, 28.81, 28.77, 28.74, 28.73, 28.72, 28.71], [28.21, 28.2, 28.2, 28.19, 28.18, 27.96, 27.97, 27.98, 27.97, 28.27, 28.39, 28.71, 28.93, 28.74, 28.81, 28.76, 28.72, 28.7, 28.7, 28.7], [28.22, 28.21, 28.21, 28.2, 28.19, 28.17, 27.96, 27.95, 27.94, 27.91, 28.4, 28.59, 28.78, 28.9, 28.78, 28.73, 28.69, 28.68, 28.68, 28.69], [28.28, 28.23, 28.22, 28.22, 28.21, 28.19, 28.05, 27.95, 27.93, 27.96, 27.96, 28.4, 28.76, 28.79, 28.74, 28.7, 28.65, 28.64, 28.69, 28.72], [28.29, 28.29, 28.29, 28.29, 28.28, 28.12, 28.07, 28.02, 28.0, 27.93, 27.82, 28.25, 28.26, 28.8, 28.56, 28.55, 28.57, 28.58, 28.57, 28.56], [28.21, 28.22, 28.31, 28.32, 28.32, 28.3, 28.24, 28.05, 27.9, 27.98, 28.01, 28.13, 28.18, 28.11, 28.56, 28.55, 28.56, 28.57, 28.56, 28.56], [28.5, 28.5, 28.5, 28.27, 28.3, 28.39, 28.33, 28.24, 27.83, 27.85, 28.19, 28.05, 28.1, 28.07, 28.56, 28.54, 28.55, 28.56, 28.56, 28.55], [28.5, 28.5, 28.5, 28.5, 28.5, 28.5, 28.5, 28.5, 28.32, 27.9, 27.7, 28.0, 28.04, 28.04, 28.56, 28.54, 28.55, 28.55, 28.55, 28.55], [28.5, 28.5, 28.5, 28.5, 28.5, 28.5, 28.5, 28.5, 28.5, -999.0, 27.7, 28.5, 28.5, 28.02, 28.56, 28.54, 28.54, 27.75, 27.77, 27.77], [28.5, 28.5, 28.5, 28.5, 28.5, 28.5, 28.5, 28.5, 28.5, 28.5, -999.0, 28.5, 28.5, 27.59, 27.99, 28.05, 28.07, 27.88, 27.91, 27.92], [28.5, 28.5, 28.5, 28.5, 28.5, 28.5, 28.5, 28.5, 28.5, 28.5, -999.0, 27.1, 27.1, 27.1, 27.87, 27.93, 27.95, 27.76, 27.8, 27.84], [28.5, 28.5, 28.5, 28.5, 28.5, 28.5, 28.5, 28.0, 28.0, 28.0, 28.0, 27.65, 27.1, 27.1, 27.1, 27.79, 27.83, 27.66, 27.71, 27.76], [28.5, 28.5, 28.19, 28.18, 28.17, 28.0, 28.0, 28.0, 28.0, 28.0, 27.43, 27.5, 27.41, 27.34, 27.42, 27.32, 27.35, 27.29, 27.65, 27.69], [28.18, 28.18, 28.32, 28.32, 28.0, 28.0, 28.0, 28.0, 28.0, 28.0, 27.61, 27.5, 27.38, 27.28, 27.27, 27.17, 27.19, 27.21, 27.22, 27.22], [28.32, 28.32, 28.31, 28.29, 28.0, 28.0, 28.0, 28.0, 28.0, 27.77, 27.65, 27.52, 27.38, 27.28, 27.13, 27.16, 27.19, 27.21, 27.22, 27.23], [28.31, 28.3, 28.29, 28.0, 28.0, 28.0, 28.0, 28.0, 27.92, 27.82, 27.7, 27.59, 27.46, 27.34, 27.15, 27.18, 27.21, 27.22, 27.23, 27.24], [28.3, 28.3, 27.89, 27.89, 27.9, 27.91, 27.93, 27.97, 27.89, 27.81, 27.71, 27.62, 27.5, 27.43, 27.2, 27.22, 27.23, 27.24, 27.25, 27.25], [27.88, 27.88, 27.88, 27.92, 27.92, 27.93, 27.93, 27.94, 27.81, 27.77, 27.71, 27.64, 27.54, 27.23, 27.24, 27.25, 27.27, 27.27, 27.26, 27.26], [27.91, 27.91, 27.91, 27.91, 27.91, 27.91, 27.92, 27.9, 27.77, 27.75, 27.71, 27.66, 27.52, 27.25, 27.27, 27.29, 27.31, 27.3, 27.28, 27.26], [27.9, 27.9, 27.9, 27.88, 27.88, 27.88, 27.88, 27.87, 27.87, 27.86, 27.86, 27.83, 27.5, 27.27, 27.29, 27.33, 27.38, 27.33, 27.28, 27.26], [27.87, 27.87, 27.87, 27.87, 27.87, 27.87, 27.86, 27.85, 27.84, 27.84, 27.84, 27.78, 27.51, 27.46, 27.42, 27.34, 27.51, 27.28, 27.25, 27.25], [27.87, 27.87, 27.87, 27.86, 27.86, 27.86, 27.85, 27.84, 27.83, 27.81, 27.83, 27.78, 27.77, 27.46, 27.41, 27.37, 27.23, 27.13, 27.22, 27.24], [27.86, 27.86, 27.86, 27.86, 27.85, 27.85, 27.84, 27.83, 27.82, 27.81, 27.79, 27.78, 27.77, 27.46, 27.41, 27.36, 27.3, 27.27, 27.22, 27.23], [27.86, 27.86, 27.86, 27.85, 27.85, 27.85, 27.84, 27.83, 27.83, 27.82, 27.79, 27.78, 27.78, 27.48, 27.43, 27.38, 27.35, 27.33, 27.33, 27.35], [27.86, 27.86, 27.85, 27.85, 27.85, 27.84, 27.84, 27.83, 27.83, 27.79, 27.79, 27.67, 27.61, 27.54, 27.45, 27.41, 27.38, 27.37, 27.36, 27.37], [27.86, 27.85, 27.85, 27.85, 27.85, 27.84, 27.84, 27.83, 27.82, 27.79, 27.77, 27.69, 27.63, 27.56, 27.48, 27.44, 27.41, 27.39, 27.39, 27.39], [27.86, 27.85, 27.85, 27.85, 27.84, 27.84, 27.84, 27.83, 27.69, 27.72, 27.74, 27.69, 27.63, 27.57, 27.5, 27.46, 27.44, 27.42, 27.41, 27.4], [27.85, 27.85, 27.85, 27.85, 27.84, 27.84, 27.84, 27.83, 27.68, 27.69, 27.69, 27.66, 27.62, 27.58, 27.51, 27.48, 27.45, 27.44, 27.42, 27.42], [27.85, 27.85, 27.85, 27.85, 27.84, 27.84, 27.84, 27.65, 27.66, 27.66, 27.66, 27.64, 27.61, 27.57, 27.51, 27.49, 27.47, 27.45, 27.44, 27.43]]}