gis_exercise/awsData/contour/temp_2023090811.json
{"header": {"refTime": "2023-09-08T11:00:00.000Z", "nx": 21, "ny": 33, "lo1": 113.509, "la1": 22.2235, "lo2": 113.5947, "la2": 22.1034, "dx": 0.0042850000000001385, "dy": 0.003753125000000024, "parameterCategory": 0, "parameterCategoryName": "Temperature", "parameterNumber": 0}, "z": [[25.39, 25.39, 25.38, 25.22, 25.23, 25.39, 25.39, 25.38, 25.39, 25.34, 25.36, 25.38, 25.55, 25.57, 25.47, 25.46, 25.56, 25.55, 25.54, 25.54], [25.39, 25.39, 25.38, 25.38, 25.23, 25.23, 25.38, 25.37, 25.36, 25.34, 25.36, 25.39, 25.57, 25.58, 25.48, 25.57, 25.55, 25.54, 25.53, 25.53], [25.4, 25.39, 25.39, 25.38, 25.23, 25.23, 25.24, 25.35, 25.31, 25.33, 25.37, 25.41, 25.59, 25.6, 25.59, 25.56, 25.54, 25.53, 25.52, 25.52], [25.4, 25.4, 25.39, 25.39, 25.38, 25.23, 25.24, 25.25, 25.26, 25.33, 25.38, 25.45, 25.62, 25.56, 25.59, 25.56, 25.53, 25.51, 25.5, 25.5], [25.41, 25.4, 25.4, 25.39, 25.38, 25.22, 25.23, 25.23, 25.23, 25.33, 25.38, 25.56, 25.64, 25.58, 25.59, 25.54, 25.5, 25.48, 25.48, 25.49], [25.41, 25.41, 25.41, 25.4, 25.39, 25.38, 25.22, 25.22, 25.21, 25.18, 25.43, 25.52, 25.6, 25.7, 25.58, 25.52, 25.46, 25.44, 25.45, 25.47], [25.47, 25.42, 25.42, 25.42, 25.41, 25.4, 25.3, 25.23, 25.22, 25.24, 25.24, 25.47, 25.7, 25.7, 25.57, 25.5, 25.4, 25.37, 25.37, 25.4], [25.47, 25.47, 25.47, 25.47, 25.47, 25.35, 25.32, 25.29, 25.29, 25.21, 25.11, 25.48, 25.49, 25.7, 25.45, 25.49, 25.4, 25.37, 25.42, 25.46], [25.43, 25.43, 25.49, 25.49, 25.49, 25.48, 25.44, 25.31, 25.2, 25.26, 25.27, 25.37, 25.42, 25.36, 25.46, 25.51, 25.46, 25.44, 25.45, 25.47], [25.6, 25.6, 25.6, 25.46, 25.48, 25.53, 25.5, 25.44, 25.13, 25.15, 25.43, 25.31, 25.35, 25.33, 25.46, 25.53, 25.49, 25.48, 25.48, 25.48], [25.6, 25.6, 25.6, 25.6, 25.6, 25.6, 25.6, 25.6, 25.49, 25.2, 25.0, 25.27, 25.3, 25.3, 25.46, 25.54, 25.51, 25.5, 25.5, 25.5], [25.6, 25.6, 25.6, 25.6, 25.6, 25.6, 25.6, 25.6, 25.6, -999.0, 25.0, 25.7, 25.7, 25.28, 25.45, 25.55, 25.54, 24.96, 24.97, 24.97], [25.6, 25.6, 25.6, 25.6, 25.6, 25.6, 25.6, 25.6, 25.6, 25.6, -999.0, 25.7, 25.7, 25.05, 25.33, 25.08, 25.09, 25.01, 25.02, 25.03], [25.6, 25.6, 25.6, 25.6, 25.6, 25.6, 25.6, 25.6, 25.6, 25.6, -999.0, 24.7, 24.7, 24.7, 25.25, 25.03, 25.04, 24.97, 24.98, 24.99], [25.6, 25.6, 25.6, 25.6, 25.6, 25.6, 25.6, 25.5, 25.5, 25.5, 25.5, 25.19, 24.7, 24.7, 24.7, 24.97, 24.99, 24.92, 24.94, 24.96], [25.6, 25.6, 25.54, 25.54, 25.53, 25.5, 25.5, 25.5, 25.5, 25.5, 25.0, 25.05, 24.98, 24.91, 24.99, 24.85, 24.87, 24.83, 24.96, 24.98], [25.54, 25.54, 25.56, 25.56, 25.5, 25.5, 25.5, 25.5, 25.5, 25.5, 25.16, 25.06, 24.95, 24.86, 24.84, 24.82, 24.86, 24.89, 24.92, 24.93], [25.56, 25.56, 25.56, 25.56, 25.5, 25.5, 25.5, 25.5, 25.5, 25.3, 25.19, 25.07, 24.94, 24.85, 24.72, 24.8, 24.86, 24.9, 24.93, 24.94], [25.56, 25.56, 25.56, 25.5, 25.5, 25.5, 25.5, 25.5, 25.43, 25.34, 25.25, 25.15, 24.99, 24.89, 24.8, 24.84, 24.89, 24.92, 24.95, 24.96], [25.56, 25.56, 25.44, 25.45, 25.45, 25.45, 25.46, 25.48, 25.41, 25.35, 25.26, 25.18, 25.03, 24.96, 24.87, 24.9, 24.93, 24.95, 24.97, 24.98], [25.44, 25.44, 25.44, 25.46, 25.46, 25.46, 25.47, 25.47, 25.35, 25.32, 25.26, 25.2, 25.06, 24.92, 24.93, 24.95, 24.98, 24.99, 25.0, 25.0], [25.45, 25.45, 25.45, 25.46, 25.46, 25.46, 25.46, 25.41, 25.32, 25.3, 25.27, 25.23, 25.06, 24.96, 24.98, 25.0, 25.02, 25.02, 25.02, 25.02], [25.45, 25.45, 25.45, 25.39, 25.39, 25.39, 25.4, 25.4, 25.4, 25.39, 25.39, 25.35, 25.21, 24.99, 25.01, 25.04, 25.06, 25.06, 25.04, 25.03], [25.38, 25.38, 25.38, 25.38, 25.38, 25.38, 25.38, 25.38, 25.39, 25.38, 25.38, 25.28, 25.22, 25.18, 25.16, 25.05, 25.09, 25.08, 25.06, 25.04], [25.37, 25.37, 25.37, 25.37, 25.37, 25.37, 25.37, 25.38, 25.38, 25.39, 25.37, 25.28, 25.25, 25.19, 25.16, 25.13, 25.08, 25.08, 25.06, 25.05], [25.37, 25.37, 25.37, 25.37, 25.37, 25.36, 25.36, 25.37, 25.37, 25.38, 25.31, 25.28, 25.25, 25.19, 25.17, 25.12, 25.11, 25.11, 25.05, 25.04], [25.37, 25.36, 25.36, 25.36, 25.36, 25.36, 25.35, 25.35, 25.35, 25.34, 25.28, 25.26, 25.25, 25.14, 25.13, 25.12, 25.12, 25.11, 25.11, 25.12], [25.36, 25.36, 25.36, 25.35, 25.35, 25.35, 25.34, 25.33, 25.32, 25.26, 25.25, 25.24, 25.24, 25.23, 25.13, 25.13, 25.12, 25.12, 25.12, 25.12], [25.36, 25.36, 25.35, 25.35, 25.35, 25.34, 25.33, 25.32, 25.3, 25.23, 25.21, 25.23, 25.23, 25.23, 25.14, 25.13, 25.13, 25.12, 25.12, 25.12], [25.36, 25.35, 25.35, 25.35, 25.34, 25.33, 25.32, 25.31, 25.24, 25.23, 25.22, 25.23, 25.23, 25.23, 25.14, 25.13, 25.13, 25.13, 25.13, 25.12], [25.35, 25.35, 25.35, 25.34, 25.34, 25.33, 25.32, 25.31, 25.24, 25.23, 25.23, 25.23, 25.23, 25.23, 25.14, 25.14, 25.13, 25.13, 25.13, 25.13], [25.35, 25.35, 25.34, 25.34, 25.34, 25.33, 25.32, 25.24, 25.24, 25.24, 25.23, 25.23, 25.23, 25.23, 25.14, 25.14, 25.14, 25.13, 25.13, 25.13]]}