gis_exercise/awsData/contour/temp_2023090701.json
{"header": {"refTime": "2023-09-07T01:00:00.000Z", "nx": 21, "ny": 33, "lo1": 113.509, "la1": 22.2235, "lo2": 113.5947, "la2": 22.1034, "dx": 0.0042850000000001385, "dy": 0.003753125000000024, "parameterCategory": 0, "parameterCategoryName": "Temperature", "parameterNumber": 0}, "z": [[28.45, 28.44, 28.44, 28.22, 28.22, 28.47, 28.45, 28.43, 28.42, 28.21, 28.23, 28.24, 28.4, 28.41, 28.46, 28.46, 28.46, 28.45, 28.45, 28.44], [28.45, 28.45, 28.44, 28.43, 28.23, 28.22, 28.43, 28.39, 28.36, 28.21, 28.23, 28.26, 28.42, 28.43, 28.48, 28.47, 28.46, 28.45, 28.45, 28.44], [28.46, 28.45, 28.45, 28.44, 28.23, 28.23, 28.22, 28.36, 28.24, 28.21, 28.24, 28.29, 28.45, 28.45, 28.49, 28.47, 28.46, 28.45, 28.44, 28.44], [28.46, 28.46, 28.46, 28.45, 28.44, 28.24, 28.23, 28.22, 28.21, 28.2, 28.25, 28.34, 28.51, 28.37, 28.49, 28.47, 28.45, 28.44, 28.44, 28.44], [28.46, 28.46, 28.46, 28.46, 28.46, 28.26, 28.26, 28.25, 28.22, 28.17, 28.23, 28.39, 28.57, 28.41, 28.49, 28.46, 28.44, 28.43, 28.43, 28.43], [28.47, 28.47, 28.47, 28.48, 28.48, 28.49, 28.3, 28.3, 28.26, 28.17, 28.14, 28.3, 28.44, 28.53, 28.47, 28.44, 28.43, 28.42, 28.42, 28.43], [28.58, 28.47, 28.48, 28.48, 28.5, 28.52, 28.4, 28.4, 28.37, 28.13, 27.99, 28.13, 28.42, 28.44, 28.44, 28.43, 28.41, 28.41, 28.46, 28.47], [28.57, 28.57, 28.57, 28.57, 28.58, 28.38, 28.42, 28.52, 28.63, 28.09, 27.77, 28.02, 28.02, 28.45, 28.33, 28.3, 28.35, 28.36, 28.34, 28.32], [28.63, 28.62, 28.55, 28.55, 28.54, 28.56, 28.61, 28.44, 28.42, 28.16, 27.83, 27.92, 27.96, 27.9, 28.32, 28.3, 28.32, 28.33, 28.33, 28.32], [28.4, 28.4, 28.4, 28.59, 28.56, 28.49, 28.54, 28.61, 28.12, 28.18, 27.96, 27.86, 27.9, 27.88, 28.32, 28.29, 28.3, 28.31, 28.31, 28.31], [28.4, 28.4, 28.4, 28.4, 28.4, 28.4, 28.4, 28.4, 28.54, 28.39, 27.6, 27.83, 27.86, 27.86, 28.32, 28.28, 28.29, 28.3, 28.3, 28.3], [28.4, 28.4, 28.4, 28.4, 28.4, 28.4, 28.4, 28.4, 28.4, -999.0, 27.6, 28.2, 28.2, 27.84, 28.32, 28.27, 28.28, 27.55, 27.57, 27.57], [28.4, 28.4, 28.4, 28.4, 28.4, 28.4, 28.4, 28.4, 28.4, 28.4, -999.0, 28.2, 28.2, 27.35, 27.72, 27.85, 27.87, 27.68, 27.71, 27.72], [28.4, 28.4, 28.4, 28.4, 28.4, 28.4, 28.4, 28.4, 28.4, 28.4, -999.0, 26.9, 26.9, 26.9, 27.61, 27.73, 27.75, 27.56, 27.6, 27.64], [28.4, 28.4, 28.4, 28.4, 28.4, 28.4, 28.4, 27.8, 27.8, 27.8, 27.8, 27.45, 26.9, 26.9, 26.9, 27.59, 27.63, 27.46, 27.51, 27.56], [28.4, 28.4, 28.02, 28.02, 28.0, 27.8, 27.8, 27.8, 27.8, 27.8, 27.23, 27.3, 27.21, 27.14, 27.22, 27.19, 27.24, 27.16, 27.51, 27.55], [28.01, 28.01, 28.19, 28.18, 27.8, 27.8, 27.8, 27.8, 27.8, 27.8, 27.41, 27.3, 27.18, 27.08, 27.1, 26.98, 27.01, 27.03, 27.05, 27.06], [28.19, 28.18, 28.17, 28.15, 27.8, 27.8, 27.8, 27.8, 27.8, 27.57, 27.45, 27.32, 27.18, 27.1, 26.93, 26.97, 27.02, 27.04, 27.06, 27.06], [28.17, 28.16, 28.15, 27.8, 27.8, 27.8, 27.8, 27.8, 27.72, 27.62, 27.47, 27.35, 27.29, 27.17, 26.97, 27.0, 27.04, 27.06, 27.07, 27.07], [28.17, 28.16, 27.57, 27.58, 27.6, 27.62, 27.65, 27.73, 27.67, 27.58, 27.47, 27.37, 27.35, 27.28, 27.03, 27.05, 27.07, 27.08, 27.09, 27.09], [27.56, 27.56, 27.57, 27.63, 27.64, 27.65, 27.67, 27.69, 27.57, 27.52, 27.45, 27.38, 27.4, 27.06, 27.08, 27.1, 27.11, 27.12, 27.11, 27.1], [27.61, 27.62, 27.62, 27.62, 27.62, 27.63, 27.63, 27.66, 27.5, 27.47, 27.43, 27.39, 27.32, 27.09, 27.12, 27.15, 27.17, 27.15, 27.12, 27.1], [27.61, 27.61, 27.61, 27.65, 27.65, 27.65, 27.64, 27.62, 27.61, 27.6, 27.61, 27.6, 27.26, 27.11, 27.14, 27.19, 27.26, 27.19, 27.13, 27.1], [27.66, 27.66, 27.65, 27.65, 27.64, 27.63, 27.61, 27.59, 27.56, 27.55, 27.57, 27.57, 27.26, 27.25, 27.24, 27.2, 27.44, 27.12, 27.09, 27.09], [27.66, 27.65, 27.65, 27.64, 27.63, 27.62, 27.6, 27.57, 27.51, 27.47, 27.54, 27.57, 27.6, 27.24, 27.22, 27.19, 27.05, 26.91, 27.04, 27.07], [27.65, 27.65, 27.65, 27.64, 27.63, 27.62, 27.6, 27.57, 27.52, 27.48, 27.54, 27.59, 27.61, 27.23, 27.2, 27.23, 27.15, 27.1, 27.04, 27.06], [27.65, 27.65, 27.65, 27.64, 27.64, 27.63, 27.61, 27.6, 27.58, 27.58, 27.6, 27.62, 27.63, 27.38, 27.32, 27.26, 27.21, 27.18, 27.19, 27.21], [27.65, 27.65, 27.65, 27.64, 27.64, 27.64, 27.63, 27.63, 27.64, 27.65, 27.67, 27.5, 27.42, 27.33, 27.35, 27.3, 27.26, 27.23, 27.23, 27.23], [27.65, 27.65, 27.65, 27.65, 27.65, 27.65, 27.65, 27.65, 27.68, 27.72, 27.72, 27.58, 27.46, 27.37, 27.38, 27.33, 27.29, 27.27, 27.26, 27.26], [27.66, 27.65, 27.65, 27.65, 27.65, 27.65, 27.66, 27.67, 27.55, 27.63, 27.67, 27.58, 27.48, 27.39, 27.41, 27.36, 27.33, 27.3, 27.29, 27.28], [27.66, 27.66, 27.66, 27.66, 27.66, 27.66, 27.67, 27.68, 27.53, 27.57, 27.57, 27.53, 27.46, 27.4, 27.42, 27.38, 27.35, 27.33, 27.31, 27.3], [27.66, 27.66, 27.66, 27.66, 27.66, 27.66, 27.67, 27.48, 27.5, 27.51, 27.51, 27.49, 27.44, 27.39, 27.43, 27.39, 27.36, 27.34, 27.33, 27.32]]}