gis_exercise/awsData/contour/temp_2023083115.json
{"header": {"refTime": "2023-08-31T15:00:00.000Z", "nx": 21, "ny": 33, "lo1": 113.509, "la1": 22.2235, "lo2": 113.5947, "la2": 22.1034, "dx": 0.0042850000000001385, "dy": 0.003753125000000024, "parameterCategory": 0, "parameterCategoryName": "Temperature", "parameterNumber": 0}, "z": [[30.53, 30.52, 30.5, 30.18, 30.18, 30.46, 30.44, 30.43, 30.43, 30.37, 30.41, 30.45, 30.85, 30.88, 30.94, 30.98, 31.32, 31.33, 31.34, 31.34], [30.54, 30.53, 30.51, 30.49, 30.18, 30.18, 30.42, 30.39, 30.37, 30.35, 30.41, 30.48, 30.87, 30.91, 30.97, 31.31, 31.33, 31.34, 31.34, 31.35], [30.55, 30.54, 30.52, 30.5, 30.19, 30.19, 30.19, 30.35, 30.24, 30.32, 30.43, 30.53, 30.92, 30.95, 31.29, 31.31, 31.33, 31.35, 31.35, 31.36], [30.56, 30.55, 30.54, 30.52, 30.49, 30.19, 30.19, 30.19, 30.19, 30.35, 30.47, 30.61, 30.99, 30.93, 31.29, 31.32, 31.34, 31.36, 31.37, 31.37], [30.58, 30.57, 30.56, 30.55, 30.52, 30.19, 30.2, 30.19, 30.18, 30.37, 30.48, 30.92, 31.03, 30.96, 31.29, 31.33, 31.36, 31.38, 31.38, 31.38], [30.6, 30.6, 30.59, 30.58, 30.56, 30.53, 30.21, 30.21, 30.19, 30.15, 30.72, 30.88, 30.98, 31.2, 31.31, 31.35, 31.39, 31.41, 31.4, 31.39], [30.79, 30.62, 30.62, 30.62, 30.6, 30.57, 30.45, 30.24, 30.23, 30.37, 30.38, 30.82, 31.27, 31.25, 31.33, 31.38, 31.44, 31.46, 31.43, 31.4], [30.8, 30.8, 30.81, 30.8, 30.79, 30.55, 30.49, 30.41, 30.4, 30.31, 30.12, 30.94, 30.95, 31.25, 31.46, 31.45, 31.47, 31.48, 31.47, 31.46], [30.7, 30.71, 30.83, 30.84, 30.85, 30.82, 30.74, 30.46, 30.24, 30.4, 30.48, 30.7, 30.8, 30.66, 31.46, 31.45, 31.46, 31.47, 31.46, 31.46], [31.1, 31.1, 31.1, 30.77, 30.82, 30.94, 30.86, 30.74, 30.12, 30.14, 30.81, 30.56, 30.64, 30.6, 31.46, 31.44, 31.45, 31.46, 31.46, 31.45], [31.1, 31.1, 31.1, 31.1, 31.1, 31.1, 31.1, 31.1, 30.85, 30.23, 29.9, 30.47, 30.54, 30.54, 31.46, 31.44, 31.45, 31.45, 31.45, 31.45], [31.1, 31.1, 31.1, 31.1, 31.1, 31.1, 31.1, 31.1, 31.1, -999.0, 29.9, 31.4, 31.4, 30.5, 31.46, 31.44, 31.44, 30.42, 30.45, 30.45], [31.1, 31.1, 31.1, 31.1, 31.1, 31.1, 31.1, 31.1, 31.1, 31.1, -999.0, 31.4, 31.4, 30.22, 30.74, 30.81, 30.82, 30.59, 30.62, 30.64], [31.1, 31.1, 31.1, 31.1, 31.1, 31.1, 31.1, 31.1, 31.1, 31.1, -999.0, 29.6, 29.6, 29.6, 30.59, 30.65, 30.68, 30.44, 30.49, 30.53], [31.1, 31.1, 31.1, 31.1, 31.1, 31.1, 31.1, 31.1, 31.1, 31.1, 31.1, 30.52, 29.6, 29.6, 29.6, 30.47, 30.53, 30.31, 30.38, 30.43], [31.1, 31.1, 31.1, 31.1, 31.1, 31.1, 31.1, 31.1, 31.1, 31.1, 30.16, 30.26, 30.12, 30.0, 30.13, 29.78, 29.81, 29.76, 30.23, 30.27], [31.1, 31.1, 31.1, 31.1, 31.1, 31.1, 31.1, 31.1, 31.1, 31.1, 30.45, 30.27, 30.07, 29.89, 29.83, 29.66, 29.69, 29.7, 29.71, 29.72], [31.1, 31.1, 31.1, 31.1, 31.1, 31.1, 31.1, 31.1, 31.1, 30.72, 30.52, 30.29, 30.06, 29.85, 29.63, 29.66, 29.69, 29.71, 29.72, 29.73], [31.1, 31.1, 31.1, 31.1, 31.1, 31.1, 31.1, 31.1, 30.97, 30.81, 30.65, 30.46, 30.1, 29.93, 29.65, 29.68, 29.7, 29.72, 29.73, 29.74], [31.1, 31.1, 31.04, 31.05, 31.05, 31.05, 31.06, 31.08, 30.95, 30.82, 30.67, 30.51, 30.16, 30.04, 29.7, 29.71, 29.73, 29.74, 29.74, 29.75], [31.04, 31.04, 31.04, 31.06, 31.06, 31.06, 31.07, 31.07, 30.84, 30.78, 30.68, 30.57, 30.2, 29.72, 29.73, 29.75, 29.76, 29.76, 29.76, 29.75], [31.05, 31.05, 31.05, 31.06, 31.06, 31.06, 31.06, 31.05, 30.8, 30.76, 30.7, 30.62, 30.22, 29.75, 29.76, 29.78, 29.8, 29.79, 29.77, 29.76], [31.05, 31.05, 31.05, 31.04, 31.04, 31.04, 31.04, 31.04, 31.03, 31.03, 31.03, 30.79, 30.26, 29.76, 29.78, 29.81, 29.85, 29.82, 29.78, 29.76], [31.04, 31.04, 31.04, 31.03, 31.03, 31.03, 31.03, 31.03, 31.02, 31.02, 31.02, 30.78, 30.28, 30.15, 30.05, 29.82, 29.96, 29.78, 29.76, 29.76], [31.03, 31.03, 31.03, 31.03, 31.03, 31.03, 31.02, 31.02, 31.01, 31.01, 31.01, 30.81, 30.73, 30.16, 30.05, 29.95, 29.74, 29.67, 29.73, 29.75], [31.03, 31.03, 31.03, 31.03, 31.03, 31.02, 31.02, 31.02, 31.01, 31.01, 30.89, 30.83, 30.76, 30.18, 30.06, 29.97, 29.89, 29.85, 29.73, 29.74], [31.03, 31.03, 31.03, 31.03, 31.03, 31.02, 31.02, 31.02, 31.01, 31.01, 30.89, 30.84, 30.78, 30.23, 30.12, 30.03, 29.97, 29.94, 29.95, 29.97], [31.03, 31.03, 31.03, 31.03, 31.02, 31.02, 31.02, 31.02, 31.01, 30.91, 30.91, 30.78, 30.68, 30.56, 30.19, 30.1, 30.04, 30.01, 30.0, 30.0], [31.03, 31.03, 31.03, 31.02, 31.02, 31.02, 31.02, 31.01, 31.01, 30.93, 30.94, 30.82, 30.71, 30.6, 30.25, 30.16, 30.1, 30.07, 30.05, 30.04], [31.03, 31.03, 31.03, 31.02, 31.02, 31.02, 31.02, 31.01, 30.82, 30.87, 30.9, 30.82, 30.72, 30.62, 30.29, 30.21, 30.15, 30.11, 30.09, 30.08], [31.03, 31.03, 31.02, 31.02, 31.02, 31.02, 31.02, 31.02, 30.8, 30.82, 30.82, 30.77, 30.7, 30.63, 30.31, 30.24, 30.19, 30.15, 30.12, 30.11], [31.03, 31.03, 31.02, 31.02, 31.02, 31.02, 31.02, 30.75, 30.76, 30.77, 30.76, 30.73, 30.68, 30.62, 30.32, 30.26, 30.21, 30.18, 30.15, 30.13]]}