gis_exercise/awsData/contour/temp_2023090105.json
{"header": {"refTime": "2023-09-01T05:00:00.000Z", "nx": 21, "ny": 33, "lo1": 113.509, "la1": 22.2235, "lo2": 113.5947, "la2": 22.1034, "dx": 0.0042850000000001385, "dy": 0.003753125000000024, "parameterCategory": 0, "parameterCategoryName": "Temperature", "parameterNumber": 0}, "z": [[27.45, 27.44, 27.44, 27.25, 27.25, 27.44, 27.43, 27.43, 27.43, 27.41, 27.44, 27.47, 27.63, 27.65, 27.58, 27.57, 27.67, 27.66, 27.65, 27.64], [27.45, 27.45, 27.44, 27.43, 27.25, 27.26, 27.42, 27.4, 27.39, 27.4, 27.44, 27.49, 27.65, 27.67, 27.59, 27.68, 27.66, 27.65, 27.64, 27.63], [27.46, 27.45, 27.44, 27.43, 27.25, 27.25, 27.26, 27.38, 27.32, 27.38, 27.45, 27.52, 27.69, 27.7, 27.71, 27.68, 27.65, 27.64, 27.63, 27.62], [27.47, 27.46, 27.45, 27.44, 27.43, 27.25, 27.26, 27.27, 27.27, 27.4, 27.48, 27.57, 27.75, 27.7, 27.71, 27.67, 27.64, 27.62, 27.61, 27.61], [27.48, 27.47, 27.46, 27.45, 27.44, 27.25, 27.25, 27.25, 27.25, 27.41, 27.49, 27.7, 27.82, 27.72, 27.71, 27.65, 27.61, 27.59, 27.58, 27.59], [27.49, 27.48, 27.48, 27.47, 27.46, 27.44, 27.25, 27.25, 27.24, 27.22, 27.54, 27.65, 27.74, 27.83, 27.69, 27.63, 27.56, 27.54, 27.55, 27.57], [27.58, 27.5, 27.5, 27.49, 27.48, 27.46, 27.37, 27.25, 27.24, 27.29, 27.29, 27.55, 27.79, 27.8, 27.67, 27.6, 27.5, 27.47, 27.49, 27.52], [27.59, 27.59, 27.59, 27.59, 27.58, 27.44, 27.4, 27.34, 27.3, 27.26, 27.19, 27.52, 27.52, 27.8, 27.51, 27.54, 27.48, 27.45, 27.49, 27.52], [27.51, 27.52, 27.61, 27.62, 27.62, 27.6, 27.54, 27.38, 27.24, 27.3, 27.33, 27.42, 27.46, 27.4, 27.52, 27.56, 27.52, 27.5, 27.51, 27.53], [27.8, 27.8, 27.8, 27.57, 27.6, 27.69, 27.63, 27.54, 27.19, 27.2, 27.46, 27.36, 27.4, 27.38, 27.52, 27.57, 27.54, 27.53, 27.53, 27.54], [27.8, 27.8, 27.8, 27.8, 27.8, 27.8, 27.8, 27.8, 27.62, 27.23, 27.1, 27.33, 27.36, 27.36, 27.52, 27.58, 27.56, 27.55, 27.55, 27.55], [27.8, 27.8, 27.8, 27.8, 27.8, 27.8, 27.8, 27.8, 27.8, -999.0, 27.1, 27.7, 27.7, 27.34, 27.51, 27.59, 27.58, 26.77, 26.79, 26.79], [27.8, 27.8, 27.8, 27.8, 27.8, 27.8, 27.8, 27.8, 27.8, 27.8, -999.0, 27.7, 27.7, 26.79, 27.19, 27.0, 27.01, 26.87, 26.89, 26.9], [27.8, 27.8, 27.8, 27.8, 27.8, 27.8, 27.8, 27.8, 27.8, 27.8, -999.0, 26.3, 26.3, 26.3, 27.07, 26.91, 26.93, 26.79, 26.82, 26.84], [27.8, 27.8, 27.8, 27.8, 27.8, 27.8, 27.8, 27.7, 27.7, 27.7, 27.7, 27.16, 26.3, 26.3, 26.3, 26.8, 26.84, 26.71, 26.75, 26.78], [27.8, 27.8, 27.74, 27.74, 27.73, 27.7, 27.7, 27.7, 27.7, 27.7, 26.82, 26.92, 26.78, 26.67, 26.8, 26.81, 26.89, 26.75, 26.97, 27.01], [27.74, 27.74, 27.76, 27.76, 27.7, 27.7, 27.7, 27.7, 27.7, 27.7, 27.1, 26.92, 26.74, 26.57, 26.62, 26.63, 26.75, 26.84, 26.9, 26.95], [27.76, 27.76, 27.76, 27.76, 27.7, 27.7, 27.7, 27.7, 27.7, 27.34, 27.16, 26.95, 26.73, 26.63, 26.35, 26.59, 26.76, 26.87, 26.93, 26.98], [27.76, 27.76, 27.76, 27.7, 27.7, 27.7, 27.7, 27.7, 27.57, 27.43, 27.32, 27.14, 26.94, 26.75, 26.57, 26.69, 26.83, 26.93, 26.98, 27.02], [27.76, 27.76, 27.76, 27.75, 27.75, 27.75, 27.74, 27.72, 27.58, 27.48, 27.34, 27.2, 27.03, 26.92, 26.79, 26.86, 26.95, 27.01, 27.05, 27.07], [27.76, 27.76, 27.76, 27.74, 27.74, 27.74, 27.73, 27.73, 27.51, 27.45, 27.36, 27.26, 27.12, 26.93, 26.96, 27.02, 27.08, 27.11, 27.12, 27.12], [27.75, 27.75, 27.75, 27.74, 27.74, 27.74, 27.74, 27.8, 27.49, 27.46, 27.4, 27.32, 27.24, 27.04, 27.09, 27.16, 27.21, 27.22, 27.2, 27.17], [27.75, 27.75, 27.75, 27.84, 27.83, 27.83, 27.83, 27.82, 27.82, 27.83, 27.83, 27.74, 27.56, 27.11, 27.18, 27.27, 27.35, 27.32, 27.25, 27.21], [27.85, 27.85, 27.85, 27.85, 27.84, 27.84, 27.84, 27.84, 27.83, 27.83, 27.84, 27.85, 27.57, 27.53, 27.5, 27.32, 27.53, 27.33, 27.26, 27.22], [27.86, 27.86, 27.86, 27.86, 27.85, 27.85, 27.85, 27.85, 27.83, 27.82, 27.85, 27.86, 27.86, 27.53, 27.49, 27.45, 27.29, 27.23, 27.25, 27.22], [27.86, 27.86, 27.86, 27.86, 27.87, 27.87, 27.87, 27.86, 27.85, 27.83, 27.86, 27.88, 27.87, 27.53, 27.49, 27.49, 27.43, 27.41, 27.23, 27.22], [27.87, 27.87, 27.87, 27.87, 27.88, 27.88, 27.88, 27.88, 27.88, 27.89, 27.91, 27.91, 27.9, 27.65, 27.59, 27.53, 27.49, 27.47, 27.47, 27.49], [27.87, 27.87, 27.88, 27.88, 27.89, 27.89, 27.9, 27.91, 27.93, 27.96, 27.97, 27.86, 27.79, 27.72, 27.62, 27.57, 27.53, 27.51, 27.51, 27.51], [27.88, 27.88, 27.88, 27.89, 27.89, 27.9, 27.91, 27.93, 27.96, 28.01, 28.04, 27.92, 27.83, 27.75, 27.66, 27.61, 27.57, 27.55, 27.54, 27.53], [27.88, 27.88, 27.89, 27.89, 27.9, 27.91, 27.92, 27.94, 27.9, 27.96, 28.0, 27.92, 27.84, 27.77, 27.68, 27.63, 27.6, 27.58, 27.56, 27.56], [27.88, 27.89, 27.89, 27.9, 27.91, 27.91, 27.93, 27.94, 27.88, 27.91, 27.92, 27.88, 27.83, 27.77, 27.7, 27.65, 27.62, 27.6, 27.58, 27.58], [27.89, 27.89, 27.9, 27.9, 27.91, 27.92, 27.93, 27.84, 27.86, 27.87, 27.87, 27.85, 27.81, 27.77, 27.7, 27.67, 27.64, 27.62, 27.6, 27.59]]}