gis_exercise/awsData/contour/temp_2023090501.json
{"header": {"refTime": "2023-09-05T01:00:00.000Z", "nx": 21, "ny": 33, "lo1": 113.509, "la1": 22.2235, "lo2": 113.5947, "la2": 22.1034, "dx": 0.0042850000000001385, "dy": 0.003753125000000024, "parameterCategory": 0, "parameterCategoryName": "Temperature", "parameterNumber": 0}, "z": [[29.9, 29.9, 29.91, 30.11, 30.09, 30.35, 30.31, 30.28, 30.28, 30.28, 30.37, 30.46, 30.72, 30.77, 30.63, 30.63, 30.94, 30.91, 30.9, 30.89], [29.9, 29.9, 29.91, 29.91, 30.1, 30.07, 30.27, 30.19, 30.15, 30.21, 30.37, 30.5, 30.78, 30.83, 30.68, 30.96, 30.93, 30.9, 30.88, 30.87], [29.9, 29.9, 29.91, 29.91, 30.11, 30.08, 30.04, 30.12, 29.88, 30.15, 30.4, 30.58, 30.87, 30.9, 31.01, 30.96, 30.91, 30.87, 30.85, 30.84], [29.89, 29.9, 29.91, 29.91, 29.92, 30.11, 30.07, 30.01, 29.96, 30.24, 30.49, 30.72, 31.02, 31.07, 31.02, 30.94, 30.88, 30.83, 30.82, 30.82], [29.89, 29.89, 29.9, 29.91, 29.93, 30.15, 30.13, 30.11, 30.1, 30.37, 30.57, 31.09, 31.27, 31.11, 31.02, 30.91, 30.82, 30.77, 30.77, 30.78], [29.88, 29.88, 29.89, 29.91, 29.93, 29.97, 30.2, 30.21, 30.21, 30.19, 30.83, 31.0, 31.14, 31.27, 30.98, 30.85, 30.73, 30.68, 30.7, 30.74], [29.89, 29.87, 29.87, 29.89, 29.91, 29.97, 30.15, 30.3, 30.31, 30.46, 30.46, 30.84, 31.17, 31.2, 30.94, 30.79, 30.61, 30.54, 30.58, 30.65], [29.87, 29.87, 29.86, 29.87, 29.89, 30.02, 30.12, 30.29, 30.5, 30.43, 30.32, 30.75, 30.76, 31.2, 30.62, 30.69, 30.56, 30.51, 30.58, 30.63], [30.03, 30.01, 29.82, 29.8, 29.8, 29.84, 29.97, 30.17, 30.4, 30.48, 30.51, 30.63, 30.68, 30.61, 30.64, 30.71, 30.64, 30.6, 30.62, 30.65], [29.4, 29.4, 29.4, 29.91, 29.84, 29.65, 29.78, 29.97, 30.33, 30.35, 30.69, 30.55, 30.6, 30.57, 30.64, 30.74, 30.69, 30.66, 30.66, 30.67], [29.4, 29.4, 29.4, 29.4, 29.4, 29.4, 29.4, 29.4, 29.79, 30.4, 30.2, 30.5, 30.54, 30.54, 30.63, 30.76, 30.72, 30.7, 30.7, 30.7], [29.4, 29.4, 29.4, 29.4, 29.4, 29.4, 29.4, 29.4, 29.4, -999.0, 30.2, 31.0, 31.0, 30.52, 30.63, 30.78, 30.76, 29.15, 29.18, 29.19], [29.4, 29.4, 29.4, 29.4, 29.4, 29.4, 29.4, 29.4, 29.4, 29.4, -999.0, 31.0, 31.0, 29.17, 29.98, 29.6, 29.62, 29.34, 29.38, 29.41], [29.4, 29.4, 29.4, 29.4, 29.4, 29.4, 29.4, 29.4, 29.4, 29.4, -999.0, 28.2, 28.2, 28.2, 29.74, 29.42, 29.45, 29.17, 29.23, 29.28], [29.4, 29.4, 29.4, 29.4, 29.4, 29.4, 29.4, 29.4, 29.4, 29.4, 29.4, 28.94, 28.2, 28.2, 28.2, 29.21, 29.27, 29.02, 29.1, 29.16], [29.4, 29.4, 29.4, 29.4, 29.4, 29.4, 29.4, 29.4, 29.4, 29.4, 28.64, 28.73, 28.61, 28.52, 28.63, 28.9, 29.0, 28.82, 29.29, 29.37], [29.4, 29.4, 29.4, 29.4, 29.4, 29.4, 29.4, 29.4, 29.4, 29.4, 28.88, 28.74, 28.58, 28.43, 28.56, 28.47, 28.56, 28.63, 28.68, 28.72], [29.4, 29.4, 29.4, 29.4, 29.4, 29.4, 29.4, 29.4, 29.4, 29.1, 28.93, 28.75, 28.57, 28.56, 28.25, 28.44, 28.57, 28.66, 28.71, 28.74], [29.4, 29.4, 29.4, 29.4, 29.4, 29.4, 29.4, 29.4, 29.29, 29.17, 29.07, 28.92, 28.87, 28.69, 28.42, 28.52, 28.64, 28.71, 28.75, 28.77], [29.4, 29.4, 29.46, 29.45, 29.45, 29.45, 29.44, 29.42, 29.3, 29.21, 29.1, 28.97, 28.98, 28.89, 28.61, 28.67, 28.74, 28.79, 28.81, 28.81], [29.46, 29.46, 29.46, 29.44, 29.44, 29.44, 29.43, 29.43, 29.24, 29.19, 29.12, 29.02, 29.09, 28.72, 28.75, 28.81, 28.86, 28.88, 28.87, 28.85], [29.45, 29.45, 29.45, 29.44, 29.44, 29.44, 29.44, 29.43, 29.23, 29.2, 29.15, 29.08, 29.23, 28.81, 28.87, 28.95, 29.01, 28.98, 28.93, 28.88], [29.45, 29.45, 29.45, 29.44, 29.44, 29.44, 29.44, 29.44, 29.45, 29.45, 29.45, 29.63, 29.26, 28.87, 28.95, 29.08, 29.21, 29.09, 28.95, 28.89], [29.44, 29.44, 29.44, 29.44, 29.44, 29.44, 29.45, 29.45, 29.46, 29.46, 29.46, 29.62, 29.26, 29.23, 29.21, 29.11, 29.6, 28.98, 28.89, 28.87], [29.44, 29.44, 29.44, 29.44, 29.44, 29.44, 29.45, 29.46, 29.47, 29.48, 29.47, 29.6, 29.65, 29.21, 29.17, 29.13, 28.84, 28.58, 28.8, 28.84], [29.44, 29.44, 29.44, 29.44, 29.44, 29.44, 29.45, 29.46, 29.47, 29.48, 29.55, 29.58, 29.63, 29.2, 29.15, 29.06, 28.95, 28.88, 28.8, 28.83], [29.44, 29.44, 29.44, 29.44, 29.44, 29.44, 29.45, 29.45, 29.45, 29.46, 29.54, 29.56, 29.61, 29.17, 29.13, 29.07, 29.01, 28.98, 28.99, 29.02], [29.44, 29.44, 29.44, 29.44, 29.44, 29.44, 29.44, 29.44, 29.44, 29.51, 29.5, 29.22, 29.13, 29.02, 29.14, 29.1, 29.06, 29.04, 29.03, 29.04], [29.44, 29.44, 29.44, 29.44, 29.44, 29.44, 29.44, 29.44, 29.43, 29.47, 29.35, 29.26, 29.16, 29.05, 29.16, 29.12, 29.09, 29.07, 29.06, 29.07], [29.44, 29.44, 29.44, 29.44, 29.44, 29.44, 29.44, 29.43, 29.26, 29.3, 29.32, 29.25, 29.16, 29.07, 29.17, 29.14, 29.12, 29.1, 29.09, 29.09], [29.44, 29.44, 29.44, 29.44, 29.44, 29.44, 29.43, 29.43, 29.24, 29.25, 29.25, 29.21, 29.15, 29.08, 29.18, 29.15, 29.13, 29.12, 29.11, 29.1], [29.44, 29.44, 29.44, 29.44, 29.43, 29.43, 29.43, 29.2, 29.21, 29.21, 29.2, 29.17, 29.13, 29.08, 29.19, 29.16, 29.15, 29.13, 29.12, 29.12]]}