gis_exercise/awsData/contour/temp_2023083108.json
{"header": {"refTime": "2023-08-31T08:00:00.000Z", "nx": 21, "ny": 33, "lo1": 113.509, "la1": 22.2235, "lo2": 113.5947, "la2": 22.1034, "dx": 0.0042850000000001385, "dy": 0.003753125000000024, "parameterCategory": 0, "parameterCategoryName": "Temperature", "parameterNumber": 0}, "z": [[27.92, 27.93, 27.93, 27.82, 27.84, 28.14, 28.15, 28.16, 28.18, 28.15, 28.15, 28.16, 28.43, 28.44, 28.39, 28.39, 28.47, 28.46, 28.45, 28.45], [27.92, 27.92, 27.93, 27.94, 27.83, 27.86, 28.15, 28.16, 28.18, 28.15, 28.16, 28.18, 28.44, 28.46, 28.4, 28.47, 28.46, 28.45, 28.45, 28.45], [27.91, 27.92, 27.92, 27.93, 27.82, 27.85, 27.91, 28.16, 28.19, 28.16, 28.17, 28.2, 28.47, 28.48, 28.49, 28.47, 28.46, 28.45, 28.44, 28.44], [27.91, 27.91, 27.91, 27.92, 27.93, 27.83, 27.87, 27.94, 28.01, 28.14, 28.16, 28.24, 28.5, 28.34, 28.49, 28.47, 28.45, 28.43, 28.43, 28.43], [27.9, 27.9, 27.9, 27.9, 27.91, 27.79, 27.81, 27.83, 27.83, 28.08, 28.13, 28.35, 28.5, 28.38, 28.49, 28.46, 28.43, 28.42, 28.41, 28.42], [27.89, 27.89, 27.89, 27.89, 27.89, 27.88, 27.74, 27.73, 27.71, 27.68, 28.11, 28.27, 28.4, 28.57, 28.48, 28.44, 28.4, 28.39, 28.39, 28.41], [27.77, 27.89, 27.88, 27.88, 27.87, 27.85, 27.62, 27.66, 27.64, 27.68, 27.72, 28.16, 28.54, 28.55, 28.47, 28.42, 28.36, 28.34, 28.36, 28.37], [27.77, 27.77, 27.77, 27.77, 27.77, 27.67, 27.64, 27.61, 27.63, 27.65, 27.55, 28.16, 28.17, 28.55, 28.37, 28.4, 28.35, 28.34, 28.36, 28.38], [27.73, 27.73, 27.79, 27.79, 27.79, 27.78, 27.74, 27.63, 27.54, 27.71, 27.82, 27.98, 28.06, 27.96, 28.38, 28.4, 28.38, 28.37, 28.37, 28.38], [27.9, 27.9, 27.9, 27.76, 27.78, 27.83, 27.8, 27.74, 27.49, 27.5, 28.07, 27.88, 27.94, 27.92, 28.38, 28.41, 28.4, 28.39, 28.39, 28.39], [27.9, 27.9, 27.9, 27.9, 27.9, 27.9, 27.9, 27.9, 27.79, 27.53, 27.4, 27.82, 27.87, 27.87, 28.38, 28.42, 28.41, 28.4, 28.4, 28.4], [27.9, 27.9, 27.9, 27.9, 27.9, 27.9, 27.9, 27.9, 27.9, -999.0, 27.4, 28.5, 28.5, 27.84, 28.38, 28.43, 28.42, 27.62, 27.63, 27.64], [27.9, 27.9, 27.9, 27.9, 27.9, 27.9, 27.9, 27.9, 27.9, 27.9, -999.0, 28.5, 28.5, 27.59, 27.99, 27.86, 27.87, 27.72, 27.75, 27.76], [27.9, 27.9, 27.9, 27.9, 27.9, 27.9, 27.9, 27.9, 27.9, 27.9, -999.0, 27.1, 27.1, 27.1, 27.87, 27.76, 27.78, 27.63, 27.66, 27.69], [27.9, 27.9, 27.9, 27.9, 27.9, 27.9, 27.9, 27.6, 27.6, 27.6, 27.6, 27.41, 27.1, 27.1, 27.1, 27.65, 27.69, 27.55, 27.59, 27.63], [27.9, 27.9, 27.71, 27.71, 27.7, 27.6, 27.6, 27.6, 27.6, 27.6, 27.29, 27.32, 27.27, 27.23, 27.28, 27.28, 27.31, 27.26, 27.55, 27.58], [27.71, 27.71, 27.79, 27.79, 27.6, 27.6, 27.6, 27.6, 27.6, 27.6, 27.38, 27.32, 27.26, 27.2, 27.22, 27.22, 27.26, 27.3, 27.32, 27.34], [27.79, 27.79, 27.78, 27.78, 27.6, 27.6, 27.6, 27.6, 27.6, 27.47, 27.41, 27.33, 27.25, 27.22, 27.12, 27.21, 27.27, 27.31, 27.33, 27.35], [27.79, 27.78, 27.78, 27.6, 27.6, 27.6, 27.6, 27.6, 27.56, 27.5, 27.59, 27.53, 27.33, 27.26, 27.2, 27.24, 27.29, 27.33, 27.35, 27.36], [27.78, 27.78, 28.0, 27.98, 27.95, 27.92, 27.86, 27.72, 27.63, 27.64, 27.62, 27.57, 27.36, 27.32, 27.28, 27.3, 27.34, 27.36, 27.37, 27.38], [28.03, 28.02, 28.0, 27.89, 27.87, 27.85, 27.83, 27.8, 27.69, 27.68, 27.67, 27.63, 27.39, 27.33, 27.34, 27.36, 27.38, 27.4, 27.4, 27.4], [27.93, 27.92, 27.92, 27.91, 27.91, 27.9, 27.9, 27.88, 27.76, 27.76, 27.74, 27.7, 27.65, 27.37, 27.39, 27.41, 27.43, 27.43, 27.43, 27.42], [27.94, 27.94, 27.94, 27.91, 27.91, 27.92, 27.93, 27.95, 27.97, 27.99, 27.98, 27.91, 27.8, 27.39, 27.42, 27.45, 27.48, 27.47, 27.45, 27.43], [27.91, 27.91, 27.91, 27.92, 27.93, 27.95, 27.97, 28.01, 28.06, 28.08, 28.05, 28.0, 27.82, 27.73, 27.66, 27.47, 27.54, 27.48, 27.45, 27.44], [27.91, 27.92, 27.92, 27.93, 27.95, 27.97, 28.0, 28.05, 28.13, 28.2, 28.1, 28.02, 27.95, 27.74, 27.66, 27.6, 27.46, 27.44, 27.45, 27.44], [27.92, 27.92, 27.93, 27.94, 27.95, 27.97, 28.0, 28.05, 28.13, 28.19, 28.09, 28.01, 27.94, 27.75, 27.68, 27.54, 27.52, 27.51, 27.44, 27.43], [27.92, 27.93, 27.93, 27.94, 27.96, 27.97, 27.99, 28.02, 28.05, 28.05, 28.01, 27.97, 27.93, 27.61, 27.58, 27.56, 27.54, 27.53, 27.53, 27.54], [27.92, 27.93, 27.94, 27.94, 27.95, 27.96, 27.97, 27.98, 27.98, 27.95, 27.92, 27.89, 27.87, 27.83, 27.6, 27.57, 27.56, 27.55, 27.55, 27.55], [27.93, 27.93, 27.93, 27.94, 27.95, 27.95, 27.96, 27.95, 27.93, 27.88, 27.83, 27.86, 27.85, 27.83, 27.61, 27.59, 27.57, 27.57, 27.56, 27.56], [27.93, 27.93, 27.93, 27.94, 27.94, 27.94, 27.94, 27.93, 27.89, 27.86, 27.84, 27.85, 27.85, 27.83, 27.62, 27.6, 27.59, 27.58, 27.57, 27.57], [27.92, 27.93, 27.93, 27.93, 27.94, 27.94, 27.93, 27.92, 27.88, 27.86, 27.85, 27.85, 27.84, 27.83, 27.63, 27.61, 27.6, 27.59, 27.58, 27.58], [27.92, 27.93, 27.93, 27.93, 27.93, 27.93, 27.93, 27.89, 27.88, 27.87, 27.86, 27.85, 27.84, 27.83, 27.63, 27.62, 27.6, 27.59, 27.59, 27.58]]}