gis_exercise/awsData/contour/temp_2023090120.json
{"header": {"refTime": "2023-09-01T20:00:00.000Z", "nx": 21, "ny": 33, "lo1": 113.509, "la1": 22.2235, "lo2": 113.5947, "la2": 22.1034, "dx": 0.0042850000000001385, "dy": 0.003753125000000024, "parameterCategory": 0, "parameterCategoryName": "Temperature", "parameterNumber": 0}, "z": [[25.8, 25.79, 25.77, 25.43, 25.43, 25.78, 25.77, 25.75, 25.76, 25.7, 25.75, 25.8, 26.08, 26.11, 26.18, 26.2, 26.36, 26.35, 26.35, 26.34], [25.81, 25.8, 25.78, 25.76, 25.43, 25.44, 25.74, 25.7, 25.69, 25.67, 25.76, 25.83, 26.12, 26.15, 26.21, 26.37, 26.36, 26.35, 26.35, 26.34], [25.82, 25.81, 25.79, 25.77, 25.43, 25.44, 25.45, 25.66, 25.54, 25.65, 25.77, 25.89, 26.18, 26.2, 26.39, 26.37, 26.36, 26.35, 26.34, 26.34], [25.83, 25.82, 25.81, 25.79, 25.76, 25.44, 25.44, 25.45, 25.46, 25.67, 25.82, 25.99, 26.29, 26.19, 26.39, 26.37, 26.35, 26.34, 26.34, 26.34], [25.85, 25.84, 25.83, 25.81, 25.79, 25.43, 25.44, 25.44, 25.43, 25.7, 25.84, 26.21, 26.44, 26.24, 26.39, 26.36, 26.34, 26.33, 26.33, 26.33], [25.87, 25.86, 25.86, 25.84, 25.82, 25.79, 25.44, 25.44, 25.42, 25.38, 25.89, 26.09, 26.28, 26.43, 26.37, 26.34, 26.33, 26.32, 26.32, 26.33], [26.04, 25.89, 25.89, 25.88, 25.86, 25.83, 25.67, 25.46, 25.45, 25.47, 25.45, 25.9, 26.32, 26.34, 26.34, 26.33, 26.31, 26.31, 26.36, 26.37], [26.06, 26.06, 26.06, 26.06, 26.04, 25.79, 25.71, 25.63, 25.57, 25.43, 25.26, 25.79, 25.8, 26.35, 26.23, 26.2, 26.25, 26.26, 26.24, 26.22], [25.94, 25.95, 26.1, 26.11, 26.11, 26.08, 25.98, 25.68, 25.44, 25.49, 25.48, 25.63, 25.7, 25.61, 26.22, 26.2, 26.22, 26.23, 26.23, 26.22], [26.4, 26.4, 26.4, 26.03, 26.08, 26.22, 26.12, 25.98, 25.32, 25.34, 25.71, 25.54, 25.59, 25.57, 26.22, 26.19, 26.2, 26.21, 26.21, 26.21], [26.4, 26.4, 26.4, 26.4, 26.4, 26.4, 26.4, 26.4, 26.12, 25.43, 25.1, 25.48, 25.53, 25.53, 26.22, 26.18, 26.19, 26.2, 26.2, 26.2], [26.4, 26.4, 26.4, 26.4, 26.4, 26.4, 26.4, 26.4, 26.4, -999.0, 25.1, 26.1, 26.1, 25.5, 26.22, 26.17, 26.18, 25.39, 25.41, 25.42], [26.4, 26.4, 26.4, 26.4, 26.4, 26.4, 26.4, 26.4, 26.4, 26.4, -999.0, 26.1, 26.1, 25.19, 25.59, 25.72, 25.73, 25.53, 25.56, 25.58], [26.4, 26.4, 26.4, 26.4, 26.4, 26.4, 26.4, 26.4, 26.4, 26.4, -999.0, 24.7, 24.7, 24.7, 25.47, 25.58, 25.61, 25.41, 25.45, 25.48], [26.4, 26.4, 26.4, 26.4, 26.4, 26.4, 26.4, 26.0, 26.0, 26.0, 26.0, 25.5, 24.7, 24.7, 24.7, 25.43, 25.48, 25.3, 25.35, 25.4], [26.4, 26.4, 26.15, 26.14, 26.14, 26.0, 26.0, 26.0, 26.0, 26.0, 25.18, 25.27, 25.15, 25.04, 25.16, 25.21, 25.29, 25.15, 25.5, 25.55], [26.14, 26.14, 26.26, 26.25, 26.0, 26.0, 26.0, 26.0, 26.0, 26.0, 25.44, 25.28, 25.11, 24.95, 25.01, 24.95, 25.03, 25.1, 25.15, 25.18], [26.26, 26.25, 26.25, 26.23, 26.0, 26.0, 26.0, 26.0, 26.0, 25.67, 25.5, 25.3, 25.1, 25.02, 24.75, 24.92, 25.04, 25.12, 25.17, 25.2], [26.25, 26.24, 26.23, 26.0, 26.0, 26.0, 26.0, 26.0, 25.88, 25.75, 25.68, 25.52, 25.31, 25.13, 24.9, 24.99, 25.1, 25.17, 25.21, 25.23], [26.24, 26.24, 26.17, 26.16, 26.15, 26.14, 26.11, 26.05, 25.91, 25.83, 25.71, 25.58, 25.4, 25.3, 25.07, 25.12, 25.19, 25.23, 25.26, 25.27], [26.18, 26.18, 26.17, 26.12, 26.12, 26.11, 26.1, 26.09, 25.87, 25.82, 25.75, 25.65, 25.49, 25.17, 25.2, 25.25, 25.29, 25.32, 25.31, 25.31], [26.14, 26.14, 26.14, 26.13, 26.13, 26.13, 26.13, 26.19, 25.88, 25.85, 25.8, 25.72, 25.67, 25.25, 25.3, 25.36, 25.41, 25.4, 25.37, 25.34], [26.15, 26.15, 26.15, 26.24, 26.23, 26.23, 26.23, 26.23, 26.24, 26.25, 26.25, 26.16, 25.82, 25.31, 25.37, 25.46, 25.56, 25.49, 25.4, 25.36], [26.25, 26.25, 26.25, 26.25, 26.25, 26.25, 26.26, 26.26, 26.27, 26.28, 26.28, 26.3, 25.83, 25.75, 25.7, 25.5, 25.8, 25.44, 25.37, 25.35], [26.26, 26.26, 26.26, 26.26, 26.27, 26.27, 26.28, 26.28, 26.29, 26.3, 26.3, 26.31, 26.3, 25.75, 25.68, 25.61, 25.36, 25.22, 25.33, 25.34], [26.27, 26.27, 26.27, 26.27, 26.28, 26.29, 26.29, 26.3, 26.31, 26.31, 26.33, 26.33, 26.31, 25.76, 25.68, 25.63, 25.53, 25.48, 25.32, 25.33], [26.27, 26.28, 26.28, 26.28, 26.29, 26.3, 26.31, 26.32, 26.33, 26.34, 26.35, 26.35, 26.33, 25.85, 25.76, 25.68, 25.61, 25.58, 25.58, 25.61], [26.28, 26.28, 26.29, 26.29, 26.3, 26.31, 26.32, 26.34, 26.36, 26.39, 26.4, 26.21, 26.1, 25.97, 25.81, 25.74, 25.68, 25.65, 25.64, 25.65], [26.28, 26.29, 26.29, 26.3, 26.31, 26.32, 26.33, 26.35, 26.38, 26.43, 26.42, 26.27, 26.14, 26.02, 25.86, 25.79, 25.73, 25.7, 25.69, 25.68], [26.29, 26.29, 26.3, 26.31, 26.32, 26.33, 26.34, 26.36, 26.26, 26.33, 26.37, 26.27, 26.15, 26.04, 25.9, 25.83, 25.78, 25.74, 25.72, 25.72], [26.29, 26.3, 26.3, 26.31, 26.32, 26.33, 26.34, 26.36, 26.23, 26.26, 26.27, 26.21, 26.13, 26.05, 25.92, 25.86, 25.81, 25.78, 25.76, 25.74], [26.3, 26.3, 26.31, 26.31, 26.32, 26.33, 26.34, 26.17, 26.19, 26.2, 26.2, 26.16, 26.11, 26.05, 25.93, 25.88, 25.84, 25.8, 25.78, 25.77]]}