gis_exercise/awsData/contour/temp_2023091412.json
{"header": {"refTime": "2023-09-14T12:00:00.000Z", "nx": 21, "ny": 33, "lo1": 113.509, "la1": 22.2235, "lo2": 113.5947, "la2": 22.1034, "dx": 0.0042850000000001385, "dy": 0.003753125000000024, "parameterCategory": 0, "parameterCategoryName": "Temperature", "parameterNumber": 0}, "z": [[27.53, 27.52, 27.52, 27.21, 27.22, 27.45, 27.45, 27.46, 27.47, 27.37, 27.36, 27.35, 27.59, 27.59, 27.31, 27.28, 27.31, 27.29, 27.27, 27.26], [27.53, 27.52, 27.52, 27.51, 27.22, 27.24, 27.45, 27.46, 27.47, 27.39, 27.37, 27.36, 27.59, 27.6, 27.31, 27.33, 27.29, 27.27, 27.25, 27.24], [27.53, 27.53, 27.52, 27.51, 27.21, 27.24, 27.28, 27.47, 27.49, 27.4, 27.37, 27.37, 27.59, 27.6, 27.37, 27.32, 27.27, 27.24, 27.22, 27.21], [27.54, 27.53, 27.52, 27.52, 27.51, 27.22, 27.25, 27.3, 27.35, 27.37, 27.35, 27.38, 27.6, 27.45, 27.38, 27.3, 27.24, 27.2, 27.18, 27.18], [27.54, 27.54, 27.53, 27.52, 27.51, 27.19, 27.21, 27.22, 27.22, 27.29, 27.31, 27.44, 27.54, 27.47, 27.37, 27.27, 27.18, 27.13, 27.13, 27.14], [27.55, 27.55, 27.54, 27.53, 27.52, 27.49, 27.17, 27.16, 27.14, 27.09, 27.28, 27.4, 27.49, 27.63, 27.35, 27.22, 27.08, 27.02, 27.06, 27.1], [27.59, 27.56, 27.56, 27.55, 27.53, 27.5, 27.25, 27.14, 27.11, 27.07, 27.05, 27.34, 27.66, 27.65, 27.33, 27.16, 26.94, 26.86, 26.87, 26.92], [27.6, 27.6, 27.61, 27.6, 27.59, 27.35, 27.29, 27.21, 27.17, 27.03, 26.86, 27.39, 27.4, 27.65, 27.07, 27.18, 26.96, 26.88, 27.01, 27.09], [27.5, 27.51, 27.63, 27.64, 27.65, 27.62, 27.54, 27.26, 27.04, 27.09, 27.08, 27.23, 27.3, 27.21, 27.1, 27.22, 27.09, 27.04, 27.07, 27.12], [27.9, 27.9, 27.9, 27.57, 27.62, 27.74, 27.66, 27.54, 26.92, 26.94, 27.31, 27.14, 27.19, 27.17, 27.1, 27.26, 27.18, 27.14, 27.14, 27.16], [27.9, 27.9, 27.9, 27.9, 27.9, 27.9, 27.9, 27.9, 27.65, 27.03, 26.7, 27.08, 27.13, 27.13, 27.09, 27.3, 27.24, 27.2, 27.19, 27.2], [27.9, 27.9, 27.9, 27.9, 27.9, 27.9, 27.9, 27.9, 27.9, -999.0, 26.7, 27.7, 27.7, 27.1, 27.08, 27.33, 27.29, 26.25, 26.26, 26.26], [27.9, 27.9, 27.9, 27.9, 27.9, 27.9, 27.9, 27.9, 27.9, 27.9, -999.0, 27.7, 27.7, 26.52, 27.04, 26.41, 26.41, 26.32, 26.33, 26.34], [27.9, 27.9, 27.9, 27.9, 27.9, 27.9, 27.9, 27.9, 27.9, 27.9, -999.0, 25.9, 25.9, 25.9, 26.89, 26.34, 26.35, 26.25, 26.28, 26.29], [27.9, 27.9, 27.9, 27.9, 27.9, 27.9, 27.9, 27.5, 27.5, 27.5, 27.5, 26.89, 25.9, 25.9, 25.9, 26.27, 26.29, 26.2, 26.23, 26.25], [27.9, 27.9, 27.65, 27.64, 27.64, 27.5, 27.5, 27.5, 27.5, 27.5, 26.49, 26.61, 26.45, 26.32, 26.47, 25.75, 25.73, 25.77, 26.0, 26.01], [27.64, 27.64, 27.76, 27.75, 27.5, 27.5, 27.5, 27.5, 27.5, 27.5, 26.81, 26.61, 26.4, 26.21, 26.05, 25.85, 25.84, 25.82, 25.81, 25.81], [27.76, 27.75, 27.75, 27.73, 27.5, 27.5, 27.5, 27.5, 27.5, 27.09, 26.88, 26.64, 26.39, 26.07, 25.92, 25.86, 25.83, 25.82, 25.81, 25.8], [27.75, 27.74, 27.73, 27.5, 27.5, 27.5, 27.5, 27.5, 27.36, 27.19, 26.89, 26.68, 26.27, 26.11, 25.86, 25.84, 25.82, 25.81, 25.8, 25.8], [27.74, 27.74, 27.04, 27.07, 27.09, 27.14, 27.2, 27.37, 27.26, 27.09, 26.89, 26.72, 26.29, 26.16, 25.83, 25.82, 25.8, 25.79, 25.79, 25.79], [27.01, 27.02, 27.04, 27.17, 27.19, 27.21, 27.24, 27.27, 27.06, 26.98, 26.86, 26.73, 26.29, 25.81, 25.8, 25.79, 25.78, 25.78, 25.78, 25.78], [27.13, 27.13, 27.14, 27.14, 27.15, 27.16, 27.16, 27.14, 26.93, 26.88, 26.81, 26.74, 26.03, 25.79, 25.78, 25.76, 25.75, 25.76, 25.77, 25.78], [27.11, 27.11, 27.11, 27.08, 27.08, 27.08, 27.07, 27.05, 27.02, 27.01, 27.01, 26.62, 26.09, 25.78, 25.76, 25.74, 25.71, 25.73, 25.77, 25.78], [27.07, 27.07, 27.07, 27.06, 27.05, 27.04, 27.01, 26.98, 26.93, 26.9, 26.93, 26.48, 26.12, 26.01, 25.91, 25.73, 25.62, 25.76, 25.78, 25.78], [27.06, 27.06, 27.05, 27.04, 27.03, 27.01, 26.98, 26.93, 26.85, 26.78, 26.87, 26.52, 26.42, 26.02, 25.93, 25.85, 25.8, 25.86, 25.8, 25.79], [27.05, 27.05, 27.04, 27.03, 27.01, 26.99, 26.96, 26.91, 26.84, 26.79, 26.63, 26.57, 26.47, 26.05, 25.96, 25.95, 25.92, 25.92, 25.8, 25.79], [27.04, 27.04, 27.03, 27.02, 27.0, 26.98, 26.96, 26.93, 26.9, 26.89, 26.67, 26.62, 26.53, 26.2, 26.1, 26.02, 25.98, 25.96, 25.96, 25.97], [27.04, 27.03, 27.02, 27.01, 27.0, 26.98, 26.97, 26.95, 26.94, 26.74, 26.76, 26.76, 26.69, 26.62, 26.17, 26.09, 26.04, 26.01, 26.0, 26.0], [27.03, 27.03, 27.02, 27.01, 27.0, 26.99, 26.97, 26.97, 26.97, 26.83, 26.94, 26.82, 26.73, 26.65, 26.23, 26.15, 26.09, 26.06, 26.04, 26.04], [27.03, 27.02, 27.02, 27.01, 27.0, 26.99, 26.98, 26.98, 26.8, 26.86, 26.9, 26.82, 26.74, 26.67, 26.27, 26.19, 26.14, 26.1, 26.08, 26.07], [27.03, 27.02, 27.02, 27.01, 27.0, 26.99, 26.99, 26.98, 26.78, 26.81, 26.82, 26.78, 26.73, 26.67, 26.29, 26.22, 26.17, 26.14, 26.11, 26.09], [27.03, 27.02, 27.02, 27.01, 27.0, 27.0, 26.99, 26.74, 26.76, 26.77, 26.77, 26.75, 26.71, 26.67, 26.3, 26.24, 26.2, 26.16, 26.14, 26.12]]}