gis_exercise/awsData/contour/temp_2023090504.json
{"header": {"refTime": "2023-09-05T04:00:00.000Z", "nx": 21, "ny": 33, "lo1": 113.509, "la1": 22.2235, "lo2": 113.5947, "la2": 22.1034, "dx": 0.0042850000000001385, "dy": 0.003753125000000024, "parameterCategory": 0, "parameterCategoryName": "Temperature", "parameterNumber": 0}, "z": [[29.59, 29.58, 29.57, 29.4, 29.39, 29.63, 29.6, 29.58, 29.58, 29.61, 29.69, 29.77, 30.0, 30.04, 30.04, 30.05, 30.31, 30.3, 30.3, 30.29], [29.6, 29.59, 29.57, 29.55, 29.39, 29.37, 29.57, 29.51, 29.48, 29.55, 29.69, 29.8, 30.04, 30.09, 30.07, 30.33, 30.31, 30.3, 30.29, 30.28], [29.61, 29.6, 29.59, 29.57, 29.39, 29.38, 29.35, 29.45, 29.27, 29.5, 29.71, 29.87, 30.12, 30.15, 30.36, 30.33, 30.3, 30.29, 30.28, 30.27], [29.63, 29.62, 29.61, 29.59, 29.56, 29.39, 29.37, 29.33, 29.3, 29.58, 29.79, 30.0, 30.25, 30.29, 30.36, 30.32, 30.29, 30.27, 30.26, 30.26], [29.65, 29.64, 29.63, 29.61, 29.59, 29.42, 29.41, 29.39, 29.39, 29.69, 29.86, 30.31, 30.48, 30.33, 30.36, 30.3, 30.27, 30.25, 30.24, 30.25], [29.66, 29.66, 29.66, 29.65, 29.63, 29.61, 29.44, 29.45, 29.45, 29.45, 30.07, 30.22, 30.36, 30.47, 30.34, 30.28, 30.23, 30.21, 30.22, 30.23], [29.88, 29.69, 29.69, 29.68, 29.68, 29.66, 29.7, 29.5, 29.51, 29.67, 29.7, 30.08, 30.37, 30.4, 30.3, 30.25, 30.18, 30.15, 30.19, 30.22], [29.89, 29.89, 29.89, 29.89, 29.88, 29.77, 29.72, 29.65, 29.62, 29.65, 29.59, 29.98, 29.99, 30.4, 30.14, 30.15, 30.13, 30.12, 30.13, 30.14], [29.81, 29.82, 29.91, 29.92, 29.92, 29.9, 29.84, 29.7, 29.57, 29.69, 29.77, 29.87, 29.92, 29.86, 30.14, 30.15, 30.14, 30.13, 30.14, 30.14], [30.1, 30.1, 30.1, 29.87, 29.9, 29.99, 29.93, 29.84, 29.54, 29.55, 29.93, 29.81, 29.85, 29.83, 30.14, 30.16, 30.15, 30.14, 30.14, 30.15], [30.1, 30.1, 30.1, 30.1, 30.1, 30.1, 30.1, 30.1, 29.92, 29.57, 29.5, 29.77, 29.8, 29.8, 30.14, 30.16, 30.15, 30.15, 30.15, 30.15], [30.1, 30.1, 30.1, 30.1, 30.1, 30.1, 30.1, 30.1, 30.1, -999.0, 29.5, 30.2, 30.2, 29.78, 30.14, 30.16, 30.16, 28.96, 28.99, 29.0], [30.1, 30.1, 30.1, 30.1, 30.1, 30.1, 30.1, 30.1, 30.1, 30.1, -999.0, 30.2, 30.2, 28.83, 29.43, 29.37, 29.39, 29.14, 29.18, 29.2], [30.1, 30.1, 30.1, 30.1, 30.1, 30.1, 30.1, 30.1, 30.1, 30.1, -999.0, 28.1, 28.1, 28.1, 29.25, 29.21, 29.24, 28.99, 29.04, 29.08], [30.1, 30.1, 30.1, 30.1, 30.1, 30.1, 30.1, 29.4, 29.4, 29.4, 29.4, 28.9, 28.1, 28.1, 28.1, 29.02, 29.08, 28.84, 28.92, 28.98], [30.1, 30.1, 29.66, 29.65, 29.64, 29.4, 29.4, 29.4, 29.4, 29.4, 28.58, 28.67, 28.55, 28.44, 28.56, 28.76, 28.86, 28.68, 29.11, 29.18], [29.65, 29.65, 29.85, 29.84, 29.4, 29.4, 29.4, 29.4, 29.4, 29.4, 28.84, 28.68, 28.51, 28.35, 28.46, 28.44, 28.55, 28.65, 28.71, 28.76], [29.85, 29.84, 29.83, 29.81, 29.4, 29.4, 29.4, 29.4, 29.4, 29.07, 28.9, 28.7, 28.5, 28.46, 28.15, 28.4, 28.57, 28.68, 28.74, 28.79], [29.84, 29.83, 29.81, 29.4, 29.4, 29.4, 29.4, 29.4, 29.28, 29.15, 29.03, 28.86, 28.78, 28.59, 28.38, 28.5, 28.64, 28.74, 28.79, 28.83], [29.83, 29.82, 29.4, 29.4, 29.4, 29.4, 29.4, 29.4, 29.28, 29.18, 29.05, 28.91, 28.89, 28.79, 28.6, 28.68, 28.77, 28.83, 28.86, 28.88], [29.4, 29.4, 29.4, 29.4, 29.4, 29.4, 29.4, 29.4, 29.2, 29.15, 29.06, 28.96, 29.0, 28.74, 28.78, 28.85, 28.91, 28.94, 28.94, 28.93], [29.4, 29.4, 29.4, 29.4, 29.4, 29.4, 29.4, 29.43, 29.17, 29.14, 29.09, 29.01, 29.1, 28.86, 28.92, 29.0, 29.06, 29.06, 29.01, 28.98], [29.4, 29.4, 29.4, 29.45, 29.45, 29.45, 29.44, 29.44, 29.44, 29.44, 29.44, 29.53, 29.3, 28.94, 29.01, 29.13, 29.25, 29.17, 29.06, 29.0], [29.46, 29.46, 29.46, 29.45, 29.45, 29.45, 29.45, 29.44, 29.44, 29.43, 29.44, 29.57, 29.3, 29.29, 29.29, 29.18, 29.55, 29.12, 29.04, 29.0], [29.46, 29.46, 29.46, 29.46, 29.46, 29.45, 29.45, 29.44, 29.43, 29.42, 29.44, 29.56, 29.61, 29.28, 29.26, 29.24, 29.03, 28.86, 28.98, 28.99], [29.46, 29.46, 29.46, 29.46, 29.46, 29.46, 29.46, 29.45, 29.44, 29.43, 29.51, 29.56, 29.6, 29.27, 29.24, 29.23, 29.15, 29.1, 28.98, 28.98], [29.47, 29.47, 29.47, 29.47, 29.47, 29.47, 29.47, 29.47, 29.46, 29.47, 29.54, 29.57, 29.6, 29.34, 29.3, 29.25, 29.2, 29.18, 29.18, 29.2], [29.47, 29.47, 29.47, 29.47, 29.47, 29.47, 29.48, 29.48, 29.49, 29.56, 29.57, 29.38, 29.3, 29.22, 29.32, 29.27, 29.24, 29.22, 29.22, 29.23], [29.47, 29.47, 29.47, 29.47, 29.48, 29.48, 29.49, 29.5, 29.52, 29.58, 29.54, 29.43, 29.34, 29.25, 29.34, 29.3, 29.27, 29.25, 29.25, 29.25], [29.47, 29.47, 29.48, 29.48, 29.48, 29.49, 29.49, 29.5, 29.42, 29.47, 29.5, 29.43, 29.34, 29.27, 29.35, 29.32, 29.29, 29.28, 29.27, 29.26], [29.47, 29.48, 29.48, 29.48, 29.48, 29.49, 29.5, 29.51, 29.4, 29.42, 29.43, 29.39, 29.33, 29.27, 29.36, 29.33, 29.31, 29.29, 29.28, 29.28], [29.48, 29.48, 29.48, 29.48, 29.49, 29.49, 29.5, 29.35, 29.37, 29.38, 29.38, 29.35, 29.31, 29.27, 29.36, 29.34, 29.32, 29.31, 29.3, 29.29]]}