gis_exercise/awsData/contour/temp_2023091007.json
{"header": {"refTime": "2023-09-10T07:00:00.000Z", "nx": 21, "ny": 33, "lo1": 113.509, "la1": 22.2235, "lo2": 113.5947, "la2": 22.1034, "dx": 0.0042850000000001385, "dy": 0.003753125000000024, "parameterCategory": 0, "parameterCategoryName": "Temperature", "parameterNumber": 0}, "z": [[24.66, 24.65, 24.65, 24.47, 24.47, 24.64, 24.64, 24.64, 24.65, 24.6, 24.61, 24.62, 24.79, 24.8, 24.72, 24.72, 24.79, 24.79, 24.78, 24.78], [24.66, 24.66, 24.65, 24.65, 24.47, 24.48, 24.64, 24.63, 24.63, 24.6, 24.61, 24.63, 24.8, 24.81, 24.73, 24.8, 24.79, 24.78, 24.77, 24.77], [24.66, 24.66, 24.65, 24.65, 24.47, 24.48, 24.5, 24.63, 24.61, 24.6, 24.62, 24.64, 24.82, 24.83, 24.82, 24.8, 24.78, 24.77, 24.77, 24.76], [24.67, 24.66, 24.66, 24.65, 24.64, 24.48, 24.49, 24.51, 24.53, 24.59, 24.62, 24.67, 24.84, 24.76, 24.82, 24.79, 24.77, 24.76, 24.75, 24.75], [24.67, 24.67, 24.67, 24.66, 24.65, 24.46, 24.47, 24.48, 24.47, 24.57, 24.61, 24.76, 24.84, 24.78, 24.82, 24.78, 24.75, 24.74, 24.73, 24.74], [24.68, 24.68, 24.67, 24.67, 24.66, 24.64, 24.46, 24.45, 24.44, 24.41, 24.63, 24.72, 24.8, 24.9, 24.81, 24.76, 24.72, 24.7, 24.71, 24.73], [24.72, 24.69, 24.69, 24.68, 24.67, 24.65, 24.52, 24.45, 24.43, 24.44, 24.44, 24.67, 24.9, 24.9, 24.8, 24.75, 24.68, 24.65, 24.66, 24.67], [24.73, 24.73, 24.73, 24.73, 24.72, 24.58, 24.55, 24.5, 24.49, 24.41, 24.31, 24.68, 24.69, 24.9, 24.71, 24.74, 24.68, 24.65, 24.69, 24.72], [24.67, 24.68, 24.75, 24.75, 24.76, 24.74, 24.69, 24.53, 24.4, 24.46, 24.47, 24.57, 24.62, 24.56, 24.72, 24.76, 24.72, 24.7, 24.71, 24.73], [24.9, 24.9, 24.9, 24.71, 24.74, 24.81, 24.76, 24.69, 24.33, 24.35, 24.63, 24.51, 24.55, 24.53, 24.72, 24.77, 24.74, 24.73, 24.73, 24.74], [24.9, 24.9, 24.9, 24.9, 24.9, 24.9, 24.9, 24.9, 24.76, 24.4, 24.2, 24.47, 24.5, 24.5, 24.72, 24.78, 24.76, 24.75, 24.75, 24.75], [24.9, 24.9, 24.9, 24.9, 24.9, 24.9, 24.9, 24.9, 24.9, -999.0, 24.2, 24.9, 24.9, 24.48, 24.71, 24.79, 24.78, 24.26, 24.27, 24.27], [24.9, 24.9, 24.9, 24.9, 24.9, 24.9, 24.9, 24.9, 24.9, 24.9, -999.0, 24.9, 24.9, 24.31, 24.57, 24.38, 24.39, 24.31, 24.32, 24.33], [24.9, 24.9, 24.9, 24.9, 24.9, 24.9, 24.9, 24.9, 24.9, 24.9, -999.0, 24.0, 24.0, 24.0, 24.49, 24.33, 24.34, 24.27, 24.28, 24.29], [24.9, 24.9, 24.9, 24.9, 24.9, 24.9, 24.9, 24.7, 24.7, 24.7, 24.7, 24.43, 24.0, 24.0, 24.0, 24.27, 24.29, 24.22, 24.24, 24.26], [24.9, 24.9, 24.77, 24.77, 24.77, 24.7, 24.7, 24.7, 24.7, 24.7, 24.26, 24.31, 24.24, 24.18, 24.25, 24.22, 24.25, 24.19, 24.32, 24.34], [24.77, 24.77, 24.83, 24.83, 24.7, 24.7, 24.7, 24.7, 24.7, 24.7, 24.4, 24.31, 24.22, 24.14, 24.15, 24.14, 24.18, 24.22, 24.25, 24.27], [24.83, 24.83, 24.82, 24.82, 24.7, 24.7, 24.7, 24.7, 24.7, 24.52, 24.43, 24.32, 24.21, 24.16, 24.02, 24.12, 24.19, 24.23, 24.26, 24.28], [24.82, 24.82, 24.82, 24.7, 24.7, 24.7, 24.7, 24.7, 24.64, 24.56, 24.52, 24.43, 24.3, 24.21, 24.11, 24.16, 24.22, 24.26, 24.28, 24.29], [24.82, 24.82, 24.76, 24.75, 24.75, 24.75, 24.74, 24.72, 24.65, 24.6, 24.53, 24.46, 24.34, 24.29, 24.2, 24.23, 24.27, 24.29, 24.31, 24.31], [24.76, 24.76, 24.76, 24.74, 24.74, 24.74, 24.73, 24.73, 24.61, 24.59, 24.55, 24.49, 24.38, 24.26, 24.27, 24.3, 24.32, 24.33, 24.34, 24.34], [24.75, 24.75, 24.75, 24.74, 24.74, 24.74, 24.74, 24.77, 24.61, 24.6, 24.57, 24.53, 24.45, 24.3, 24.32, 24.35, 24.38, 24.38, 24.37, 24.36], [24.75, 24.75, 24.75, 24.79, 24.79, 24.78, 24.78, 24.78, 24.79, 24.79, 24.79, 24.72, 24.59, 24.33, 24.36, 24.4, 24.44, 24.42, 24.39, 24.37], [24.79, 24.79, 24.79, 24.79, 24.79, 24.79, 24.79, 24.79, 24.8, 24.8, 24.8, 24.78, 24.59, 24.56, 24.53, 24.42, 24.52, 24.42, 24.39, 24.38], [24.8, 24.8, 24.8, 24.8, 24.8, 24.8, 24.8, 24.8, 24.8, 24.8, 24.81, 24.78, 24.77, 24.56, 24.52, 24.49, 24.4, 24.37, 24.38, 24.38], [24.8, 24.8, 24.8, 24.8, 24.8, 24.81, 24.81, 24.81, 24.81, 24.81, 24.8, 24.79, 24.78, 24.56, 24.53, 24.51, 24.48, 24.46, 24.38, 24.37], [24.8, 24.8, 24.8, 24.81, 24.81, 24.81, 24.81, 24.82, 24.82, 24.82, 24.81, 24.81, 24.79, 24.61, 24.57, 24.54, 24.51, 24.5, 24.5, 24.51], [24.8, 24.81, 24.81, 24.81, 24.81, 24.82, 24.82, 24.83, 24.83, 24.84, 24.84, 24.78, 24.74, 24.7, 24.59, 24.56, 24.54, 24.53, 24.52, 24.52], [24.81, 24.81, 24.81, 24.81, 24.82, 24.82, 24.83, 24.83, 24.85, 24.86, 24.87, 24.81, 24.76, 24.71, 24.62, 24.58, 24.56, 24.55, 24.54, 24.54], [24.81, 24.81, 24.81, 24.82, 24.82, 24.82, 24.83, 24.84, 24.8, 24.83, 24.85, 24.81, 24.76, 24.72, 24.63, 24.6, 24.58, 24.57, 24.56, 24.55], [24.81, 24.81, 24.81, 24.82, 24.82, 24.82, 24.83, 24.84, 24.79, 24.81, 24.81, 24.79, 24.76, 24.72, 24.64, 24.61, 24.59, 24.58, 24.57, 24.56], [24.81, 24.81, 24.82, 24.82, 24.82, 24.83, 24.83, 24.77, 24.78, 24.78, 24.78, 24.77, 24.75, 24.72, 24.65, 24.62, 24.6, 24.59, 24.58, 24.57]]}