gis_exercise/awsData/contour/temp_2023090211.json
{"header": {"refTime": "2023-09-02T11:00:00.000Z", "nx": 21, "ny": 33, "lo1": 113.509, "la1": 22.2235, "lo2": 113.5947, "la2": 22.1034, "dx": 0.0042850000000001385, "dy": 0.003753125000000024, "parameterCategory": 0, "parameterCategoryName": "Temperature", "parameterNumber": 0}, "z": [[26.13, 26.12, 26.12, 25.86, 25.87, 26.12, 26.12, 26.12, 26.13, 26.04, 26.04, 26.05, 26.27, 26.28, 26.25, 26.25, 26.3, 26.3, 26.29, 26.29], [26.13, 26.13, 26.12, 26.12, 25.87, 25.89, 26.11, 26.12, 26.12, 26.05, 26.05, 26.06, 26.28, 26.29, 26.26, 26.31, 26.3, 26.29, 26.29, 26.29], [26.13, 26.13, 26.12, 26.12, 25.87, 25.89, 25.92, 26.11, 26.1, 26.05, 26.05, 26.08, 26.29, 26.3, 26.32, 26.31, 26.3, 26.29, 26.29, 26.28], [26.14, 26.13, 26.13, 26.12, 26.11, 25.87, 25.9, 25.94, 25.98, 26.03, 26.05, 26.11, 26.32, 26.18, 26.32, 26.3, 26.29, 26.28, 26.28, 26.28], [26.14, 26.14, 26.13, 26.13, 26.11, 25.85, 25.87, 25.88, 25.87, 25.98, 26.02, 26.18, 26.31, 26.21, 26.32, 26.3, 26.28, 26.27, 26.27, 26.27], [26.15, 26.14, 26.14, 26.13, 26.12, 26.1, 25.84, 25.83, 25.81, 25.76, 25.99, 26.12, 26.23, 26.37, 26.31, 26.29, 26.26, 26.25, 26.26, 26.26], [26.18, 26.15, 26.15, 26.15, 26.13, 26.11, 25.9, 25.82, 25.79, 25.75, 25.73, 26.03, 26.34, 26.35, 26.3, 26.27, 26.24, 26.23, 26.24, 26.25], [26.19, 26.19, 26.19, 26.19, 26.18, 25.98, 25.93, 25.88, 25.87, 25.71, 25.55, 26.02, 26.03, 26.35, 26.24, 26.25, 26.23, 26.22, 26.23, 26.24], [26.11, 26.12, 26.21, 26.22, 26.22, 26.2, 26.14, 25.91, 25.74, 25.77, 25.75, 25.88, 25.94, 25.86, 26.24, 26.25, 26.24, 26.23, 26.24, 26.24], [26.4, 26.4, 26.4, 26.17, 26.2, 26.29, 26.23, 26.14, 25.62, 25.64, 25.95, 25.8, 25.84, 25.82, 26.24, 26.26, 26.25, 26.24, 26.24, 26.25], [26.4, 26.4, 26.4, 26.4, 26.4, 26.4, 26.4, 26.4, 26.22, 25.73, 25.4, 25.74, 25.78, 25.79, 26.24, 26.26, 26.25, 26.25, 26.25, 26.25], [26.4, 26.4, 26.4, 26.4, 26.4, 26.4, 26.4, 26.4, 26.4, -999.0, 25.4, 26.3, 26.3, 25.76, 26.24, 26.26, 26.26, 25.57, 25.59, 25.59], [26.4, 26.4, 26.4, 26.4, 26.4, 26.4, 26.4, 26.4, 26.4, 26.4, -999.0, 26.3, 26.3, 25.52, 25.86, 25.8, 25.81, 25.67, 25.69, 25.7], [26.4, 26.4, 26.4, 26.4, 26.4, 26.4, 26.4, 26.4, 26.4, 26.4, -999.0, 25.1, 25.1, 25.1, 25.76, 25.71, 25.73, 25.59, 25.62, 25.64], [26.4, 26.4, 26.4, 26.4, 26.4, 26.4, 26.4, 26.1, 26.1, 26.1, 26.1, 25.72, 25.1, 25.1, 25.1, 25.6, 25.64, 25.51, 25.55, 25.58], [26.4, 26.4, 26.21, 26.21, 26.2, 26.1, 26.1, 26.1, 26.1, 26.1, 25.47, 25.54, 25.45, 25.36, 25.46, 25.39, 25.44, 25.36, 25.6, 25.64], [26.21, 26.21, 26.29, 26.29, 26.1, 26.1, 26.1, 26.1, 26.1, 26.1, 25.67, 25.55, 25.42, 25.3, 25.31, 25.31, 25.38, 25.44, 25.48, 25.51], [26.29, 26.29, 26.28, 26.28, 26.1, 26.1, 26.1, 26.1, 26.1, 25.85, 25.71, 25.56, 25.41, 25.32, 25.13, 25.29, 25.39, 25.46, 25.5, 25.53], [26.29, 26.28, 26.28, 26.1, 26.1, 26.1, 26.1, 26.1, 26.01, 25.91, 25.81, 25.69, 25.52, 25.39, 25.27, 25.35, 25.43, 25.5, 25.53, 25.55], [26.28, 26.28, 26.1, 26.1, 26.1, 26.1, 26.1, 26.1, 26.01, 25.93, 25.83, 25.73, 25.58, 25.5, 25.41, 25.45, 25.51, 25.55, 25.57, 25.59], [26.1, 26.1, 26.1, 26.1, 26.1, 26.1, 26.1, 26.1, 25.94, 25.9, 25.84, 25.76, 25.63, 25.49, 25.51, 25.55, 25.59, 25.61, 25.62, 25.62], [26.1, 26.1, 26.1, 26.1, 26.1, 26.1, 26.1, 26.1, 25.93, 25.9, 25.86, 25.8, 25.68, 25.56, 25.59, 25.64, 25.67, 25.68, 25.67, 25.65], [26.1, 26.1, 26.1, 26.1, 26.1, 26.1, 26.1, 26.1, 26.1, 26.1, 26.1, 26.05, 25.91, 25.61, 25.65, 25.7, 25.75, 25.74, 25.7, 25.68], [26.1, 26.1, 26.1, 26.1, 26.1, 26.1, 26.1, 26.1, 26.1, 26.1, 26.1, 26.05, 25.92, 25.89, 25.86, 25.74, 25.83, 25.76, 25.72, 25.69], [26.1, 26.1, 26.1, 26.1, 26.1, 26.1, 26.1, 26.1, 26.1, 26.1, 26.1, 26.06, 26.04, 25.89, 25.86, 25.84, 25.75, 25.73, 25.72, 25.7], [26.1, 26.1, 26.1, 26.1, 26.1, 26.1, 26.1, 26.1, 26.1, 26.1, 26.08, 26.06, 26.05, 25.89, 25.87, 25.84, 25.82, 25.81, 25.71, 25.69], [26.1, 26.1, 26.1, 26.1, 26.1, 26.1, 26.1, 26.1, 26.1, 26.1, 26.07, 26.06, 26.05, 25.91, 25.88, 25.86, 25.84, 25.83, 25.83, 25.84], [26.1, 26.1, 26.1, 26.1, 26.1, 26.1, 26.1, 26.1, 26.1, 26.08, 26.08, 26.04, 26.01, 25.98, 25.9, 25.87, 25.86, 25.85, 25.85, 25.85], [26.1, 26.1, 26.1, 26.1, 26.1, 26.1, 26.1, 26.1, 26.1, 26.09, 26.08, 26.05, 26.02, 25.99, 25.91, 25.89, 25.87, 25.87, 25.86, 25.86], [26.1, 26.1, 26.1, 26.1, 26.1, 26.1, 26.1, 26.1, 26.05, 26.07, 26.07, 26.05, 26.02, 26.0, 25.92, 25.9, 25.89, 25.88, 25.87, 25.87], [26.1, 26.1, 26.1, 26.1, 26.1, 26.1, 26.1, 26.1, 26.05, 26.05, 26.05, 26.04, 26.02, 26.0, 25.93, 25.91, 25.9, 25.89, 25.88, 25.88], [26.1, 26.1, 26.1, 26.1, 26.1, 26.1, 26.1, 26.03, 26.04, 26.04, 26.04, 26.03, 26.01, 26.0, 25.93, 25.92, 25.9, 25.89, 25.89, 25.88]]}