gis_exercise/awsData/contour/temp_2023090500.json
{"header": {"refTime": "2023-09-05T00:00:00.000Z", "nx": 21, "ny": 33, "lo1": 113.509, "la1": 22.2235, "lo2": 113.5947, "la2": 22.1034, "dx": 0.0042850000000001385, "dy": 0.003753125000000024, "parameterCategory": 0, "parameterCategoryName": "Temperature", "parameterNumber": 0}, "z": [[29.79, 29.79, 29.78, 30.11, 30.08, 30.3, 30.24, 30.19, 30.18, 30.27, 30.41, 30.54, 30.47, 30.52, 30.78, 30.79, 30.9, 30.88, 30.87, 30.86], [29.79, 29.79, 29.79, 29.78, 30.08, 30.03, 30.18, 30.07, 30.0, 30.16, 30.39, 30.59, 30.55, 30.6, 30.84, 30.93, 30.9, 30.88, 30.86, 30.85], [29.79, 29.79, 29.79, 29.79, 30.1, 30.05, 29.97, 29.97, 29.62, 30.06, 30.44, 30.7, 30.69, 30.71, 30.98, 30.93, 30.9, 30.87, 30.86, 30.84], [29.79, 29.79, 29.8, 29.8, 29.8, 30.09, 30.03, 29.91, 29.81, 30.21, 30.57, 30.89, 30.93, 31.07, 31.0, 30.93, 30.88, 30.86, 30.84, 30.84], [29.79, 29.79, 29.8, 29.81, 29.82, 30.16, 30.13, 30.1, 30.08, 30.45, 30.72, 31.14, 31.45, 31.13, 30.99, 30.9, 30.86, 30.84, 30.83, 30.83], [29.78, 29.79, 29.8, 29.81, 29.84, 29.88, 30.24, 30.26, 30.28, 30.3, 30.79, 30.96, 31.18, 31.1, 30.92, 30.86, 30.83, 30.82, 30.82, 30.82], [29.88, 29.78, 29.78, 29.8, 29.84, 29.9, 30.27, 30.4, 30.43, 30.46, 30.42, 30.61, 30.67, 30.78, 30.81, 30.81, 30.81, 30.8, 30.97, 31.02], [29.86, 29.85, 29.85, 29.85, 29.88, 30.11, 30.23, 30.41, 30.56, 30.49, 30.52, 30.12, 30.11, 30.8, 30.46, 30.37, 30.56, 30.64, 30.52, 30.45], [30.04, 30.03, 29.8, 29.78, 29.77, 29.82, 29.98, 30.29, 30.6, 30.45, 30.33, 30.23, 30.18, 30.24, 30.44, 30.33, 30.45, 30.49, 30.47, 30.42], [29.3, 29.3, 29.3, 29.91, 29.82, 29.6, 29.75, 29.98, 30.6, 30.6, 30.17, 30.29, 30.25, 30.27, 30.44, 30.29, 30.37, 30.4, 30.41, 30.39], [29.3, 29.3, 29.3, 29.3, 29.3, 29.3, 29.3, 29.3, 29.76, 30.6, 30.6, 30.33, 30.3, 30.3, 30.45, 30.26, 30.32, 30.35, 30.36, 30.35], [29.3, 29.3, 29.3, 29.3, 29.3, 29.3, 29.3, 29.3, 29.3, -999.0, 30.6, 29.9, 29.9, 30.32, 30.46, 30.23, 30.27, 29.95, 29.97, 29.97], [29.3, 29.3, 29.3, 29.3, 29.3, 29.3, 29.3, 29.3, 29.3, 29.3, -999.0, 29.9, 29.9, 29.51, 29.68, 30.25, 30.27, 30.08, 30.11, 30.12], [29.3, 29.3, 29.3, 29.3, 29.3, 29.3, 29.3, 29.3, 29.3, 29.3, -999.0, 29.3, 29.3, 29.3, 29.63, 30.13, 30.15, 29.96, 30.0, 30.04], [29.3, 29.3, 29.3, 29.3, 29.3, 29.3, 29.3, 29.5, 29.5, 29.5, 29.5, 29.42, 29.3, 29.3, 29.3, 29.99, 30.03, 29.86, 29.91, 29.96], [29.3, 29.3, 29.43, 29.43, 29.43, 29.5, 29.5, 29.5, 29.5, 29.5, 29.37, 29.39, 29.37, 29.35, 29.37, 29.52, 29.55, 29.49, 29.85, 29.89], [29.43, 29.43, 29.37, 29.37, 29.5, 29.5, 29.5, 29.5, 29.5, 29.5, 29.41, 29.39, 29.36, 29.34, 29.39, 29.27, 29.25, 29.24, 29.23, 29.23], [29.37, 29.37, 29.38, 29.38, 29.5, 29.5, 29.5, 29.5, 29.5, 29.45, 29.42, 29.39, 29.36, 29.39, 29.31, 29.27, 29.26, 29.24, 29.23, 29.22], [29.38, 29.38, 29.38, 29.5, 29.5, 29.5, 29.5, 29.5, 29.48, 29.46, 29.52, 29.49, 29.46, 29.42, 29.28, 29.27, 29.25, 29.24, 29.23, 29.22], [29.38, 29.38, 29.73, 29.72, 29.7, 29.68, 29.65, 29.57, 29.53, 29.54, 29.53, 29.52, 29.49, 29.48, 29.26, 29.26, 29.25, 29.24, 29.22, 29.21], [29.74, 29.74, 29.73, 29.67, 29.66, 29.65, 29.63, 29.61, 29.56, 29.57, 29.56, 29.55, 29.53, 29.25, 29.25, 29.26, 29.25, 29.24, 29.22, 29.21], [29.69, 29.68, 29.68, 29.68, 29.68, 29.67, 29.67, 29.69, 29.61, 29.61, 29.6, 29.58, 29.69, 29.24, 29.25, 29.27, 29.27, 29.25, 29.21, 29.19], [29.69, 29.69, 29.69, 29.72, 29.72, 29.72, 29.73, 29.74, 29.75, 29.76, 29.76, 29.78, 29.46, 29.23, 29.25, 29.29, 29.35, 29.26, 29.19, 29.17], [29.73, 29.73, 29.73, 29.73, 29.74, 29.74, 29.76, 29.77, 29.79, 29.81, 29.8, 29.88, 29.47, 29.4, 29.35, 29.28, 29.57, 29.14, 29.11, 29.13], [29.74, 29.74, 29.74, 29.74, 29.75, 29.76, 29.77, 29.8, 29.83, 29.86, 29.82, 29.87, 29.87, 29.39, 29.32, 29.26, 29.04, 28.85, 29.05, 29.11], [29.74, 29.74, 29.75, 29.75, 29.76, 29.77, 29.78, 29.81, 29.84, 29.86, 29.87, 29.87, 29.87, 29.39, 29.31, 29.22, 29.12, 29.06, 29.06, 29.1], [29.74, 29.75, 29.75, 29.76, 29.77, 29.78, 29.79, 29.8, 29.82, 29.82, 29.86, 29.86, 29.86, 29.38, 29.31, 29.25, 29.19, 29.16, 29.17, 29.19], [29.75, 29.75, 29.76, 29.76, 29.77, 29.78, 29.79, 29.8, 29.8, 29.84, 29.84, 29.62, 29.53, 29.42, 29.35, 29.29, 29.24, 29.22, 29.21, 29.22], [29.75, 29.75, 29.76, 29.76, 29.77, 29.78, 29.78, 29.79, 29.8, 29.83, 29.75, 29.66, 29.56, 29.45, 29.38, 29.32, 29.29, 29.26, 29.25, 29.25], [29.75, 29.76, 29.76, 29.77, 29.77, 29.78, 29.78, 29.79, 29.66, 29.7, 29.72, 29.65, 29.56, 29.47, 29.4, 29.35, 29.32, 29.29, 29.28, 29.27], [29.75, 29.76, 29.76, 29.77, 29.77, 29.78, 29.78, 29.78, 29.64, 29.65, 29.65, 29.61, 29.55, 29.48, 29.42, 29.37, 29.34, 29.32, 29.3, 29.29], [29.76, 29.76, 29.76, 29.77, 29.77, 29.77, 29.78, 29.6, 29.61, 29.61, 29.6, 29.57, 29.53, 29.48, 29.42, 29.39, 29.36, 29.34, 29.32, 29.31]]}