gis_exercise/awsData/contour/temp_2023090906.json
{"header": {"refTime": "2023-09-09T06:00:00.000Z", "nx": 21, "ny": 33, "lo1": 113.509, "la1": 22.2235, "lo2": 113.5947, "la2": 22.1034, "dx": 0.0042850000000001385, "dy": 0.003753125000000024, "parameterCategory": 0, "parameterCategoryName": "Temperature", "parameterNumber": 0}, "z": [[24.75, 24.75, 24.74, 24.48, 24.49, 24.65, 24.65, 24.66, 24.67, 24.63, 24.62, 24.62, 24.74, 24.74, 24.71, 24.71, 24.7, 24.7, 24.69, 24.69], [24.76, 24.75, 24.75, 24.74, 24.49, 24.51, 24.65, 24.66, 24.67, 24.64, 24.63, 24.63, 24.74, 24.75, 24.72, 24.71, 24.7, 24.69, 24.69, 24.69], [24.76, 24.76, 24.75, 24.74, 24.49, 24.5, 24.53, 24.67, 24.69, 24.65, 24.63, 24.63, 24.75, 24.75, 24.72, 24.71, 24.7, 24.69, 24.69, 24.68], [24.77, 24.76, 24.76, 24.74, 24.73, 24.49, 24.51, 24.55, 24.59, 24.63, 24.62, 24.65, 24.76, 24.66, 24.72, 24.7, 24.69, 24.68, 24.68, 24.68], [24.78, 24.77, 24.76, 24.75, 24.74, 24.47, 24.48, 24.49, 24.49, 24.58, 24.6, 24.66, 24.74, 24.68, 24.72, 24.7, 24.68, 24.67, 24.67, 24.67], [24.79, 24.79, 24.78, 24.77, 24.75, 24.72, 24.45, 24.44, 24.43, 24.4, 24.54, 24.62, 24.69, 24.77, 24.71, 24.69, 24.66, 24.65, 24.66, 24.66], [24.84, 24.8, 24.8, 24.79, 24.77, 24.73, 24.55, 24.41, 24.39, 24.37, 24.37, 24.56, 24.74, 24.75, 24.7, 24.67, 24.64, 24.63, 24.64, 24.65], [24.86, 24.86, 24.86, 24.86, 24.84, 24.66, 24.58, 24.48, 24.39, 24.35, 24.27, 24.55, 24.55, 24.75, 24.64, 24.65, 24.63, 24.62, 24.63, 24.64], [24.74, 24.75, 24.9, 24.91, 24.91, 24.88, 24.78, 24.55, 24.34, 24.38, 24.39, 24.47, 24.5, 24.45, 24.64, 24.65, 24.64, 24.63, 24.64, 24.64], [25.2, 25.2, 25.2, 24.83, 24.88, 25.02, 24.92, 24.78, 24.29, 24.3, 24.5, 24.42, 24.45, 24.43, 24.64, 24.66, 24.65, 24.64, 24.64, 24.65], [25.2, 25.2, 25.2, 25.2, 25.2, 25.2, 25.2, 25.2, 24.92, 24.33, 24.2, 24.39, 24.41, 24.41, 24.64, 24.66, 24.65, 24.65, 24.65, 24.65], [25.2, 25.2, 25.2, 25.2, 25.2, 25.2, 25.2, 25.2, 25.2, -999.0, 24.2, 24.7, 24.7, 24.4, 24.64, 24.66, 24.66, 24.15, 24.16, 24.16], [25.2, 25.2, 25.2, 25.2, 25.2, 25.2, 25.2, 25.2, 25.2, 25.2, -999.0, 24.7, 24.7, 24.11, 24.37, 24.31, 24.31, 24.22, 24.23, 24.24], [25.2, 25.2, 25.2, 25.2, 25.2, 25.2, 25.2, 25.2, 25.2, 25.2, -999.0, 23.8, 23.8, 23.8, 24.29, 24.24, 24.25, 24.15, 24.18, 24.19], [25.2, 25.2, 25.2, 25.2, 25.2, 25.2, 25.2, 24.6, 24.6, 24.6, 24.6, 24.29, 23.8, 23.8, 23.8, 24.17, 24.19, 24.1, 24.13, 24.15], [25.2, 25.2, 24.82, 24.82, 24.8, 24.6, 24.6, 24.6, 24.6, 24.6, 24.1, 24.15, 24.08, 24.01, 24.09, 23.87, 23.88, 23.86, 24.06, 24.08], [24.81, 24.81, 24.99, 24.98, 24.6, 24.6, 24.6, 24.6, 24.6, 24.6, 24.26, 24.16, 24.05, 23.96, 23.92, 23.87, 23.9, 23.92, 23.93, 23.95], [24.99, 24.98, 24.97, 24.95, 24.6, 24.6, 24.6, 24.6, 24.6, 24.4, 24.29, 24.17, 24.04, 23.93, 23.82, 23.86, 23.9, 23.93, 23.94, 23.95], [24.97, 24.96, 24.95, 24.6, 24.6, 24.6, 24.6, 24.6, 24.53, 24.44, 24.41, 24.31, 24.06, 23.96, 23.86, 23.89, 23.92, 23.94, 23.95, 23.96], [24.97, 24.96, 24.71, 24.71, 24.7, 24.69, 24.67, 24.63, 24.55, 24.5, 24.43, 24.35, 24.08, 24.02, 23.91, 23.92, 23.94, 23.96, 23.97, 23.97], [24.72, 24.72, 24.72, 24.68, 24.68, 24.67, 24.67, 24.66, 24.52, 24.5, 24.45, 24.39, 24.1, 23.94, 23.94, 23.96, 23.97, 23.98, 23.98, 23.98], [24.69, 24.69, 24.69, 24.69, 24.69, 24.69, 24.68, 24.67, 24.53, 24.52, 24.48, 24.43, 24.19, 23.96, 23.97, 23.98, 23.99, 24.0, 24.0, 24.0], [24.7, 24.7, 24.7, 24.67, 24.67, 24.68, 24.68, 24.69, 24.7, 24.7, 24.7, 24.53, 24.33, 23.98, 23.99, 24.0, 24.01, 24.02, 24.01, 24.01], [24.67, 24.67, 24.67, 24.68, 24.68, 24.68, 24.69, 24.7, 24.72, 24.73, 24.72, 24.55, 24.34, 24.26, 24.19, 24.01, 24.01, 24.04, 24.03, 24.02], [24.67, 24.67, 24.68, 24.68, 24.68, 24.69, 24.7, 24.72, 24.74, 24.77, 24.73, 24.58, 24.5, 24.27, 24.2, 24.14, 24.04, 24.06, 24.03, 24.02], [24.67, 24.67, 24.68, 24.68, 24.68, 24.69, 24.7, 24.71, 24.74, 24.76, 24.65, 24.58, 24.52, 24.28, 24.22, 24.14, 24.11, 24.11, 24.03, 24.02], [24.67, 24.67, 24.68, 24.68, 24.68, 24.69, 24.69, 24.7, 24.71, 24.71, 24.62, 24.58, 24.53, 24.25, 24.2, 24.17, 24.14, 24.14, 24.14, 24.14], [24.67, 24.67, 24.68, 24.68, 24.68, 24.68, 24.68, 24.69, 24.68, 24.61, 24.59, 24.59, 24.55, 24.51, 24.23, 24.2, 24.17, 24.16, 24.16, 24.16], [24.67, 24.67, 24.67, 24.68, 24.68, 24.68, 24.68, 24.67, 24.66, 24.59, 24.6, 24.58, 24.56, 24.52, 24.26, 24.22, 24.2, 24.18, 24.18, 24.17], [24.67, 24.67, 24.67, 24.67, 24.67, 24.67, 24.67, 24.67, 24.6, 24.59, 24.59, 24.58, 24.55, 24.53, 24.28, 24.24, 24.22, 24.2, 24.19, 24.19], [24.67, 24.67, 24.67, 24.67, 24.67, 24.67, 24.67, 24.66, 24.59, 24.58, 24.58, 24.57, 24.55, 24.53, 24.29, 24.26, 24.23, 24.22, 24.21, 24.2], [24.67, 24.67, 24.67, 24.67, 24.67, 24.67, 24.67, 24.58, 24.58, 24.57, 24.57, 24.56, 24.54, 24.53, 24.29, 24.27, 24.25, 24.23, 24.22, 24.21]]}