gis_exercise/awsData/contour/temp_2023090115.json
{"header": {"refTime": "2023-09-01T15:00:00.000Z", "nx": 21, "ny": 33, "lo1": 113.509, "la1": 22.2235, "lo2": 113.5947, "la2": 22.1034, "dx": 0.0042850000000001385, "dy": 0.003753125000000024, "parameterCategory": 0, "parameterCategoryName": "Temperature", "parameterNumber": 0}, "z": [[29.48, 29.47, 29.46, 29.2, 29.2, 29.46, 29.45, 29.45, 29.45, 29.4, 29.43, 29.46, 29.72, 29.75, 29.62, 29.61, 29.76, 29.75, 29.74, 29.73], [29.48, 29.48, 29.47, 29.45, 29.2, 29.21, 29.44, 29.42, 29.41, 29.39, 29.43, 29.48, 29.74, 29.77, 29.64, 29.78, 29.75, 29.74, 29.72, 29.72], [29.49, 29.48, 29.47, 29.46, 29.2, 29.21, 29.22, 29.4, 29.33, 29.37, 29.44, 29.52, 29.78, 29.8, 29.8, 29.77, 29.74, 29.72, 29.71, 29.7], [29.5, 29.49, 29.48, 29.47, 29.45, 29.21, 29.22, 29.23, 29.25, 29.38, 29.47, 29.58, 29.85, 29.76, 29.81, 29.76, 29.72, 29.69, 29.68, 29.68], [29.51, 29.51, 29.5, 29.49, 29.47, 29.2, 29.2, 29.21, 29.2, 29.38, 29.47, 29.77, 29.9, 29.79, 29.81, 29.74, 29.68, 29.65, 29.65, 29.66], [29.52, 29.52, 29.51, 29.51, 29.49, 29.47, 29.2, 29.19, 29.18, 29.14, 29.55, 29.7, 29.82, 29.97, 29.79, 29.7, 29.62, 29.59, 29.61, 29.63], [29.63, 29.54, 29.54, 29.53, 29.52, 29.49, 29.35, 29.2, 29.19, 29.23, 29.23, 29.6, 29.94, 29.95, 29.77, 29.67, 29.54, 29.49, 29.51, 29.55], [29.64, 29.65, 29.65, 29.64, 29.63, 29.44, 29.38, 29.32, 29.29, 29.2, 29.05, 29.59, 29.6, 29.95, 29.59, 29.64, 29.53, 29.49, 29.55, 29.6], [29.56, 29.57, 29.67, 29.68, 29.68, 29.66, 29.59, 29.36, 29.17, 29.26, 29.28, 29.43, 29.5, 29.41, 29.6, 29.66, 29.6, 29.57, 29.59, 29.61], [29.9, 29.9, 29.9, 29.62, 29.66, 29.76, 29.69, 29.59, 29.07, 29.09, 29.51, 29.34, 29.39, 29.37, 29.6, 29.68, 29.64, 29.62, 29.62, 29.63], [29.9, 29.9, 29.9, 29.9, 29.9, 29.9, 29.9, 29.9, 29.69, 29.16, 28.9, 29.28, 29.33, 29.33, 29.59, 29.7, 29.67, 29.65, 29.65, 29.65], [29.9, 29.9, 29.9, 29.9, 29.9, 29.9, 29.9, 29.9, 29.9, -999.0, 28.9, 29.9, 29.9, 29.3, 29.59, 29.71, 29.7, 28.77, 28.79, 28.79], [29.9, 29.9, 29.9, 29.9, 29.9, 29.9, 29.9, 29.9, 29.9, 29.9, -999.0, 29.9, 29.9, 28.86, 29.31, 29.0, 29.01, 28.87, 28.89, 28.9], [29.9, 29.9, 29.9, 29.9, 29.9, 29.9, 29.9, 29.9, 29.9, 29.9, -999.0, 28.3, 28.3, 28.3, 29.18, 28.91, 28.93, 28.79, 28.82, 28.84], [29.9, 29.9, 29.9, 29.9, 29.9, 29.9, 29.9, 29.8, 29.8, 29.8, 29.8, 29.22, 28.3, 28.3, 28.3, 28.8, 28.84, 28.71, 28.75, 28.78], [29.9, 29.9, 29.84, 29.84, 29.83, 29.8, 29.8, 29.8, 29.8, 29.8, 28.86, 28.96, 28.82, 28.7, 28.83, 28.81, 28.89, 28.75, 28.97, 29.01], [29.84, 29.84, 29.86, 29.86, 29.8, 29.8, 29.8, 29.8, 29.8, 29.8, 29.15, 28.97, 28.77, 28.59, 28.64, 28.59, 28.69, 28.77, 28.82, 28.86], [29.86, 29.86, 29.86, 29.86, 29.8, 29.8, 29.8, 29.8, 29.8, 29.42, 29.22, 28.99, 28.76, 28.65, 28.35, 28.56, 28.7, 28.79, 28.85, 28.89], [29.86, 29.86, 29.86, 29.8, 29.8, 29.8, 29.8, 29.8, 29.67, 29.51, 29.4, 29.22, 28.96, 28.76, 28.54, 28.64, 28.76, 28.85, 28.9, 28.92], [29.86, 29.86, 29.91, 29.91, 29.9, 29.89, 29.87, 29.83, 29.68, 29.58, 29.44, 29.28, 29.06, 28.94, 28.73, 28.79, 28.87, 28.92, 28.95, 28.97], [29.92, 29.92, 29.92, 29.88, 29.88, 29.87, 29.87, 29.86, 29.61, 29.56, 29.47, 29.35, 29.15, 28.85, 28.88, 28.93, 28.99, 29.02, 29.02, 29.01], [29.89, 29.89, 29.89, 29.89, 29.89, 29.89, 29.88, 29.9, 29.61, 29.58, 29.51, 29.42, 29.3, 28.95, 29.0, 29.06, 29.11, 29.11, 29.08, 29.05], [29.9, 29.9, 29.9, 29.92, 29.92, 29.92, 29.92, 29.93, 29.93, 29.94, 29.94, 29.86, 29.54, 29.01, 29.08, 29.17, 29.26, 29.2, 29.12, 29.08], [29.93, 29.93, 29.93, 29.93, 29.93, 29.93, 29.94, 29.95, 29.96, 29.96, 29.96, 29.93, 29.56, 29.48, 29.42, 29.21, 29.47, 29.19, 29.12, 29.09], [29.93, 29.93, 29.93, 29.94, 29.94, 29.94, 29.95, 29.96, 29.97, 29.99, 29.97, 29.94, 29.91, 29.48, 29.41, 29.35, 29.13, 29.02, 29.09, 29.08], [29.94, 29.94, 29.94, 29.94, 29.95, 29.95, 29.96, 29.97, 29.98, 29.99, 29.96, 29.94, 29.92, 29.49, 29.41, 29.35, 29.27, 29.23, 29.08, 29.07], [29.94, 29.94, 29.94, 29.95, 29.95, 29.95, 29.96, 29.97, 29.97, 29.98, 29.96, 29.95, 29.93, 29.52, 29.45, 29.38, 29.33, 29.31, 29.31, 29.33], [29.94, 29.94, 29.95, 29.95, 29.95, 29.96, 29.96, 29.97, 29.97, 29.97, 29.97, 29.82, 29.74, 29.65, 29.49, 29.43, 29.38, 29.36, 29.35, 29.36], [29.94, 29.95, 29.95, 29.95, 29.95, 29.96, 29.96, 29.97, 29.98, 29.98, 29.95, 29.86, 29.77, 29.68, 29.52, 29.47, 29.43, 29.4, 29.39, 29.39], [29.94, 29.95, 29.95, 29.95, 29.96, 29.96, 29.96, 29.97, 29.86, 29.9, 29.92, 29.85, 29.77, 29.7, 29.55, 29.5, 29.46, 29.43, 29.42, 29.41], [29.95, 29.95, 29.95, 29.95, 29.96, 29.96, 29.96, 29.97, 29.84, 29.85, 29.85, 29.82, 29.76, 29.7, 29.56, 29.52, 29.48, 29.46, 29.44, 29.43], [29.95, 29.95, 29.95, 29.95, 29.96, 29.96, 29.96, 29.8, 29.81, 29.82, 29.81, 29.78, 29.74, 29.7, 29.57, 29.53, 29.5, 29.48, 29.46, 29.45]]}