gis_exercise/awsData/contour/temp_2023090201.json
{"header": {"refTime": "2023-09-02T01:00:00.000Z", "nx": 21, "ny": 33, "lo1": 113.509, "la1": 22.2235, "lo2": 113.5947, "la2": 22.1034, "dx": 0.0042850000000001385, "dy": 0.003753125000000024, "parameterCategory": 0, "parameterCategoryName": "Temperature", "parameterNumber": 0}, "z": [[25.11, 25.11, 25.11, 25.03, 25.04, 25.21, 25.22, 25.22, 25.23, 25.24, 25.26, 25.28, 25.36, 25.37, 25.42, 25.42, 25.42, 25.42, 25.41, 25.41], [25.1, 25.11, 25.11, 25.11, 25.04, 25.05, 25.21, 25.22, 25.22, 25.24, 25.26, 25.29, 25.37, 25.38, 25.43, 25.43, 25.42, 25.42, 25.41, 25.41], [25.1, 25.1, 25.1, 25.11, 25.04, 25.05, 25.07, 25.21, 25.2, 25.23, 25.27, 25.31, 25.4, 25.4, 25.44, 25.43, 25.42, 25.42, 25.41, 25.41], [25.1, 25.1, 25.1, 25.1, 25.1, 25.04, 25.06, 25.09, 25.12, 25.23, 25.28, 25.35, 25.44, 25.37, 25.44, 25.43, 25.42, 25.41, 25.41, 25.41], [25.1, 25.1, 25.1, 25.1, 25.1, 25.02, 25.03, 25.04, 25.04, 25.23, 25.28, 25.39, 25.51, 25.4, 25.44, 25.42, 25.41, 25.41, 25.41, 25.41], [25.1, 25.1, 25.1, 25.1, 25.09, 25.08, 25.0, 24.99, 24.99, 24.98, 25.22, 25.32, 25.42, 25.47, 25.43, 25.41, 25.41, 25.4, 25.4, 25.4], [25.07, 25.1, 25.1, 25.1, 25.09, 25.07, 24.98, 24.96, 24.95, 24.96, 24.98, 25.21, 25.37, 25.4, 25.4, 25.4, 25.4, 25.4, 25.44, 25.45], [25.07, 25.07, 25.07, 25.07, 25.07, 25.01, 24.99, 24.94, 24.92, 24.95, 24.94, 25.11, 25.11, 25.4, 25.33, 25.3, 25.35, 25.36, 25.34, 25.32], [25.03, 25.03, 25.09, 25.09, 25.09, 25.08, 25.04, 24.97, 24.9, 24.96, 25.02, 25.06, 25.08, 25.05, 25.32, 25.3, 25.32, 25.33, 25.33, 25.32], [25.2, 25.2, 25.2, 25.06, 25.08, 25.13, 25.1, 25.04, 24.9, 24.9, 25.08, 25.03, 25.05, 25.04, 25.32, 25.29, 25.3, 25.31, 25.31, 25.31], [25.2, 25.2, 25.2, 25.2, 25.2, 25.2, 25.2, 25.2, 25.09, 24.9, 24.9, 25.01, 25.03, 25.03, 25.32, 25.28, 25.29, 25.3, 25.3, 25.3], [25.2, 25.2, 25.2, 25.2, 25.2, 25.2, 25.2, 25.2, 25.2, -999.0, 24.9, 25.2, 25.2, 25.02, 25.32, 25.27, 25.28, 25.06, 25.07, 25.07], [25.2, 25.2, 25.2, 25.2, 25.2, 25.2, 25.2, 25.2, 25.2, 25.2, -999.0, 25.2, 25.2, 24.94, 25.05, 25.18, 25.19, 25.11, 25.12, 25.13], [25.2, 25.2, 25.2, 25.2, 25.2, 25.2, 25.2, 25.2, 25.2, 25.2, -999.0, 24.8, 24.8, 24.8, 25.02, 25.13, 25.14, 25.07, 25.08, 25.09], [25.2, 25.2, 25.2, 25.2, 25.2, 25.2, 25.2, 25.5, 25.5, 25.5, 25.5, 25.23, 24.8, 24.8, 24.8, 25.07, 25.09, 25.02, 25.04, 25.06], [25.2, 25.2, 25.39, 25.39, 25.4, 25.5, 25.5, 25.5, 25.5, 25.5, 25.06, 25.11, 25.04, 24.98, 25.05, 24.87, 24.88, 24.86, 25.01, 25.03], [25.39, 25.39, 25.31, 25.31, 25.5, 25.5, 25.5, 25.5, 25.5, 25.5, 25.2, 25.11, 25.02, 24.94, 24.91, 24.89, 24.92, 24.94, 24.96, 24.97], [25.31, 25.31, 25.32, 25.32, 25.5, 25.5, 25.5, 25.5, 25.5, 25.32, 25.23, 25.12, 25.01, 24.91, 24.82, 24.88, 24.92, 24.95, 24.97, 24.98], [25.31, 25.32, 25.32, 25.5, 25.5, 25.5, 25.5, 25.5, 25.44, 25.36, 25.22, 25.13, 25.03, 24.95, 24.87, 24.9, 24.94, 24.96, 24.98, 24.99], [25.32, 25.32, 25.27, 25.28, 25.3, 25.32, 25.35, 25.43, 25.39, 25.31, 25.22, 25.15, 25.05, 25.0, 24.93, 24.94, 24.97, 24.99, 25.0, 25.01], [25.26, 25.26, 25.27, 25.33, 25.34, 25.35, 25.37, 25.39, 25.3, 25.26, 25.2, 25.15, 25.07, 24.96, 24.97, 24.98, 25.0, 25.01, 25.02, 25.02], [25.31, 25.32, 25.32, 25.32, 25.32, 25.33, 25.33, 25.31, 25.23, 25.21, 25.18, 25.15, 24.96, 24.99, 25.0, 25.01, 25.03, 25.03, 25.04, 25.04], [25.31, 25.31, 25.31, 25.28, 25.28, 25.28, 25.27, 25.26, 25.25, 25.24, 25.24, 25.19, 25.1, 25.01, 25.02, 25.04, 25.04, 25.05, 25.06, 25.05], [25.27, 25.27, 25.27, 25.27, 25.26, 25.26, 25.24, 25.23, 25.21, 25.19, 25.2, 25.1, 25.1, 25.1, 25.09, 25.05, 25.04, 25.09, 25.08, 25.06], [25.26, 25.26, 25.26, 25.26, 25.25, 25.24, 25.23, 25.2, 25.17, 25.14, 25.18, 25.11, 25.1, 25.1, 25.1, 25.1, 25.1, 25.13, 25.09, 25.07], [25.26, 25.26, 25.25, 25.25, 25.24, 25.23, 25.22, 25.19, 25.16, 25.14, 25.11, 25.11, 25.11, 25.1, 25.1, 25.12, 25.12, 25.13, 25.08, 25.07], [25.26, 25.25, 25.25, 25.24, 25.23, 25.22, 25.21, 25.2, 25.18, 25.18, 25.13, 25.12, 25.12, 25.14, 25.13, 25.13, 25.13, 25.13, 25.13, 25.12], [25.25, 25.25, 25.24, 25.24, 25.23, 25.22, 25.21, 25.2, 25.2, 25.15, 25.15, 25.17, 25.17, 25.17, 25.14, 25.13, 25.13, 25.13, 25.13, 25.13], [25.25, 25.25, 25.24, 25.24, 25.23, 25.22, 25.22, 25.21, 25.2, 25.17, 25.19, 25.18, 25.17, 25.17, 25.14, 25.13, 25.13, 25.13, 25.13, 25.13], [25.25, 25.24, 25.24, 25.23, 25.23, 25.22, 25.22, 25.21, 25.17, 25.18, 25.19, 25.18, 25.18, 25.17, 25.14, 25.14, 25.13, 25.13, 25.13, 25.13], [25.25, 25.24, 25.24, 25.23, 25.23, 25.22, 25.22, 25.22, 25.17, 25.18, 25.18, 25.18, 25.18, 25.17, 25.14, 25.14, 25.14, 25.13, 25.13, 25.13], [25.24, 25.24, 25.24, 25.23, 25.23, 25.23, 25.22, 25.17, 25.17, 25.17, 25.18, 25.18, 25.17, 25.17, 25.15, 25.14, 25.14, 25.14, 25.13, 25.13]]}