gis_exercise/awsData/contour/temp_2023091317.json
{"header": {"refTime": "2023-09-13T17:00:00.000Z", "nx": 21, "ny": 33, "lo1": 113.509, "la1": 22.2235, "lo2": 113.5947, "la2": 22.1034, "dx": 0.0042850000000001385, "dy": 0.003753125000000024, "parameterCategory": 0, "parameterCategoryName": "Temperature", "parameterNumber": 0}, "z": [[28.18, 28.19, 28.19, 28.07, 28.09, 28.25, 28.26, 28.28, 28.29, 28.24, 28.22, 28.21, 28.41, 28.41, 28.13, 28.1, 28.13, 28.11, 28.1, 28.09], [28.18, 28.18, 28.19, 28.2, 28.09, 28.11, 28.27, 28.3, 28.31, 28.26, 28.23, 28.21, 28.4, 28.41, 28.13, 28.15, 28.12, 28.1, 28.08, 28.08], [28.18, 28.18, 28.18, 28.19, 28.08, 28.1, 28.15, 28.31, 28.38, 28.28, 28.23, 28.2, 28.4, 28.4, 28.18, 28.14, 28.1, 28.07, 28.06, 28.05], [28.17, 28.17, 28.18, 28.18, 28.19, 28.08, 28.12, 28.18, 28.23, 28.24, 28.2, 28.2, 28.38, 28.25, 28.18, 28.12, 28.07, 28.04, 28.02, 28.03], [28.17, 28.17, 28.17, 28.17, 28.17, 28.05, 28.06, 28.08, 28.09, 28.17, 28.16, 28.24, 28.28, 28.26, 28.18, 28.1, 28.02, 27.98, 27.98, 27.99], [28.16, 28.16, 28.16, 28.16, 28.15, 28.15, 28.01, 28.0, 27.98, 27.96, 28.15, 28.23, 28.27, 28.4, 28.17, 28.06, 27.94, 27.89, 27.92, 27.96], [28.07, 28.16, 28.16, 28.15, 28.14, 28.13, 27.92, 27.95, 27.92, 27.94, 27.97, 28.22, 28.47, 28.45, 28.17, 28.01, 27.82, 27.74, 27.73, 27.77], [28.07, 28.07, 28.07, 28.07, 28.07, 27.97, 27.94, 27.91, 27.92, 27.91, 27.82, 28.32, 28.33, 28.45, 27.97, 28.08, 27.86, 27.78, 27.91, 27.99], [28.03, 28.03, 28.09, 28.09, 28.09, 28.08, 28.04, 27.93, 27.84, 27.96, 28.05, 28.18, 28.24, 28.16, 28.0, 28.12, 27.99, 27.94, 27.97, 28.02], [28.2, 28.2, 28.2, 28.06, 28.08, 28.13, 28.1, 28.04, 27.79, 27.8, 28.25, 28.1, 28.14, 28.12, 28.0, 28.16, 28.08, 28.04, 28.04, 28.06], [28.2, 28.2, 28.2, 28.2, 28.2, 28.2, 28.2, 28.2, 28.09, 27.83, 27.7, 28.04, 28.08, 28.09, 27.99, 28.2, 28.14, 28.1, 28.09, 28.1], [28.2, 28.2, 28.2, 28.2, 28.2, 28.2, 28.2, 28.2, 28.2, -999.0, 27.7, 28.6, 28.6, 28.06, 27.98, 28.23, 28.19, 27.54, 27.54, 27.54], [28.2, 28.2, 28.2, 28.2, 28.2, 28.2, 28.2, 28.2, 28.2, 28.2, -999.0, 28.6, 28.6, 27.88, 28.2, 27.56, 27.56, 27.55, 27.55, 27.55], [28.2, 28.2, 28.2, 28.2, 28.2, 28.2, 28.2, 28.2, 28.2, 28.2, -999.0, 27.5, 27.5, 27.5, 28.1, 27.56, 27.56, 27.54, 27.55, 27.55], [28.2, 28.2, 28.2, 28.2, 28.2, 28.2, 28.2, 28.9, 28.9, 28.9, 28.9, 28.36, 27.5, 27.5, 27.5, 27.55, 27.55, 27.54, 27.54, 27.54], [28.2, 28.2, 28.64, 28.65, 28.66, 28.9, 28.9, 28.9, 28.9, 28.9, 28.02, 28.12, 27.98, 27.87, 28.0, 27.5, 27.5, 27.5, 27.53, 27.53], [28.65, 28.65, 28.45, 28.46, 28.9, 28.9, 28.9, 28.9, 28.9, 28.9, 28.3, 28.12, 27.94, 27.77, 27.67, 27.64, 27.69, 27.73, 27.76, 27.78], [28.45, 28.46, 28.47, 28.49, 28.9, 28.9, 28.9, 28.9, 28.9, 28.54, 28.36, 28.15, 27.93, 27.68, 27.52, 27.62, 27.69, 27.74, 27.77, 27.8], [28.46, 28.47, 28.49, 28.9, 28.9, 28.9, 28.9, 28.9, 28.77, 28.63, 28.46, 28.28, 27.88, 27.73, 27.61, 27.66, 27.72, 27.76, 27.79, 27.81], [28.47, 28.48, 28.79, 28.79, 28.8, 28.81, 28.83, 28.87, 28.75, 28.62, 28.48, 28.33, 27.92, 27.8, 27.7, 27.73, 27.76, 27.8, 27.82, 27.83], [28.78, 28.78, 28.78, 28.82, 28.82, 28.83, 28.83, 28.84, 28.64, 28.57, 28.48, 28.37, 27.94, 27.76, 27.77, 27.78, 27.81, 27.83, 27.85, 27.86], [28.81, 28.81, 28.81, 28.81, 28.81, 28.81, 28.82, 28.83, 28.58, 28.55, 28.49, 28.41, 27.89, 27.8, 27.81, 27.82, 27.84, 27.86, 27.88, 27.89], [28.8, 28.8, 28.8, 28.83, 28.83, 28.82, 28.82, 28.81, 28.8, 28.8, 28.8, 28.44, 28.24, 27.83, 27.84, 27.84, 27.82, 27.88, 27.92, 27.92], [28.83, 28.83, 28.83, 28.82, 28.82, 28.82, 28.81, 28.8, 28.78, 28.77, 28.78, 28.46, 28.26, 28.18, 28.09, 27.87, 27.71, 27.98, 27.98, 27.95], [28.83, 28.83, 28.82, 28.82, 28.82, 28.81, 28.8, 28.78, 28.76, 28.73, 28.77, 28.5, 28.39, 28.19, 28.12, 28.07, 28.05, 28.18, 28.03, 27.97], [28.83, 28.83, 28.82, 28.82, 28.82, 28.81, 28.8, 28.79, 28.76, 28.74, 28.61, 28.53, 28.44, 28.22, 28.16, 28.16, 28.16, 28.18, 28.02, 27.98], [28.83, 28.83, 28.82, 28.82, 28.82, 28.81, 28.81, 28.8, 28.79, 28.79, 28.63, 28.57, 28.49, 28.32, 28.25, 28.21, 28.19, 28.19, 28.19, 28.19], [28.83, 28.83, 28.82, 28.82, 28.82, 28.82, 28.82, 28.81, 28.82, 28.69, 28.7, 28.78, 28.75, 28.72, 28.31, 28.26, 28.23, 28.21, 28.21, 28.2], [28.83, 28.83, 28.83, 28.82, 28.82, 28.82, 28.82, 28.83, 28.84, 28.76, 28.87, 28.81, 28.77, 28.74, 28.35, 28.3, 28.26, 28.24, 28.23, 28.22], [28.83, 28.83, 28.83, 28.83, 28.83, 28.83, 28.83, 28.83, 28.8, 28.83, 28.85, 28.81, 28.78, 28.75, 28.38, 28.33, 28.29, 28.27, 28.25, 28.24], [28.83, 28.83, 28.83, 28.83, 28.83, 28.83, 28.83, 28.84, 28.79, 28.81, 28.81, 28.8, 28.77, 28.75, 28.4, 28.35, 28.31, 28.29, 28.27, 28.26], [28.83, 28.83, 28.83, 28.83, 28.83, 28.83, 28.83, 28.77, 28.78, 28.79, 28.79, 28.78, 28.76, 28.75, 28.4, 28.36, 28.33, 28.31, 28.29, 28.28]]}