gis_exercise/awsData/contour/temp_2023090520.json
{"header": {"refTime": "2023-09-05T20:00:00.000Z", "nx": 21, "ny": 33, "lo1": 113.509, "la1": 22.2235, "lo2": 113.5947, "la2": 22.1034, "dx": 0.0042850000000001385, "dy": 0.003753125000000024, "parameterCategory": 0, "parameterCategoryName": "Temperature", "parameterNumber": 0}, "z": [[31.2, 31.19, 31.18, 30.96, 30.96, 31.09, 31.08, 31.07, 31.06, 31.01, 31.03, 31.06, 31.17, 31.19, 31.31, 31.32, 31.42, 31.42, 31.43, 31.43], [31.21, 31.2, 31.19, 31.17, 30.96, 30.96, 31.07, 31.04, 31.02, 30.99, 31.03, 31.07, 31.19, 31.2, 31.32, 31.41, 31.42, 31.43, 31.43, 31.43], [31.22, 31.21, 31.2, 31.18, 30.97, 30.96, 30.95, 31.01, 30.93, 30.98, 31.04, 31.1, 31.22, 31.23, 31.41, 31.42, 31.43, 31.44, 31.44, 31.44], [31.23, 31.22, 31.21, 31.2, 31.18, 30.97, 30.96, 30.94, 30.93, 31.0, 31.06, 31.14, 31.27, 31.24, 31.41, 31.42, 31.44, 31.45, 31.45, 31.45], [31.24, 31.24, 31.23, 31.22, 31.2, 30.98, 30.98, 30.97, 30.96, 31.01, 31.08, 31.24, 31.33, 31.26, 31.41, 31.43, 31.45, 31.47, 31.47, 31.46], [31.26, 31.26, 31.25, 31.24, 31.23, 31.21, 31.0, 31.0, 30.99, 30.96, 31.12, 31.2, 31.27, 31.33, 31.4, 31.44, 31.48, 31.5, 31.49, 31.47], [31.42, 31.27, 31.28, 31.27, 31.27, 31.25, 31.2, 31.05, 31.04, 31.02, 30.98, 31.12, 31.29, 31.3, 31.4, 31.45, 31.52, 31.55, 31.56, 31.55], [31.43, 31.43, 31.43, 31.43, 31.42, 31.26, 31.22, 31.19, 31.15, 31.0, 30.88, 31.08, 31.08, 31.3, 31.45, 31.41, 31.5, 31.53, 31.48, 31.44], [31.37, 31.38, 31.45, 31.45, 31.46, 31.44, 31.39, 31.21, 31.07, 31.03, 30.95, 31.01, 31.04, 31.0, 31.44, 31.39, 31.44, 31.46, 31.45, 31.43], [31.6, 31.6, 31.6, 31.41, 31.44, 31.51, 31.46, 31.39, 30.97, 30.99, 31.04, 30.98, 31.0, 30.99, 31.44, 31.37, 31.41, 31.42, 31.42, 31.42], [31.6, 31.6, 31.6, 31.6, 31.6, 31.6, 31.6, 31.6, 31.46, 31.06, 30.8, 30.95, 30.97, 30.97, 31.44, 31.36, 31.39, 31.4, 31.4, 31.4], [31.6, 31.6, 31.6, 31.6, 31.6, 31.6, 31.6, 31.6, 31.6, -999.0, 30.8, 31.2, 31.2, 30.96, 31.45, 31.35, 31.36, 30.01, 30.05, 30.06], [31.6, 31.6, 31.6, 31.6, 31.6, 31.6, 31.6, 31.6, 31.6, 31.6, -999.0, 31.2, 31.2, 29.63, 30.32, 30.58, 30.6, 30.26, 30.31, 30.34], [31.6, 31.6, 31.6, 31.6, 31.6, 31.6, 31.6, 31.6, 31.6, 31.6, -999.0, 28.8, 28.8, 28.8, 30.12, 30.35, 30.39, 30.04, 30.12, 30.17], [31.6, 31.6, 31.6, 31.6, 31.6, 31.6, 31.6, 31.2, 31.2, 31.2, 31.2, 30.28, 28.8, 28.8, 28.8, 30.08, 30.17, 29.84, 29.94, 30.03], [31.6, 31.6, 31.35, 31.34, 31.34, 31.2, 31.2, 31.2, 31.2, 31.2, 29.69, 29.86, 29.63, 29.43, 29.66, 29.46, 29.56, 29.38, 30.02, 30.1], [31.34, 31.34, 31.46, 31.45, 31.2, 31.2, 31.2, 31.2, 31.2, 31.2, 30.17, 29.87, 29.56, 29.27, 29.29, 29.04, 29.12, 29.18, 29.23, 29.26], [31.46, 31.45, 31.45, 31.43, 31.2, 31.2, 31.2, 31.2, 31.2, 30.59, 30.27, 29.91, 29.53, 29.31, 28.87, 29.01, 29.13, 29.21, 29.25, 29.28], [31.45, 31.44, 31.43, 31.2, 31.2, 31.2, 31.2, 31.2, 30.98, 30.73, 30.51, 30.21, 29.78, 29.47, 29.0, 29.09, 29.19, 29.25, 29.29, 29.31], [31.44, 31.44, 31.2, 31.2, 31.2, 31.2, 31.2, 31.2, 30.97, 30.79, 30.55, 30.3, 29.92, 29.73, 29.16, 29.22, 29.28, 29.32, 29.34, 29.34], [31.2, 31.2, 31.2, 31.2, 31.2, 31.2, 31.2, 31.2, 30.83, 30.73, 30.58, 30.39, 30.04, 29.26, 29.3, 29.35, 29.39, 29.41, 29.4, 29.38], [31.2, 31.2, 31.2, 31.2, 31.2, 31.2, 31.2, 31.25, 30.78, 30.72, 30.62, 30.48, 30.16, 29.35, 29.4, 29.47, 29.53, 29.5, 29.45, 29.4], [31.2, 31.2, 31.2, 31.28, 31.27, 31.27, 31.26, 31.26, 31.26, 31.26, 31.26, 31.04, 30.2, 29.4, 29.47, 29.59, 29.72, 29.6, 29.46, 29.41], [31.29, 31.29, 31.28, 31.28, 31.28, 31.27, 31.27, 31.26, 31.25, 31.25, 31.26, 31.13, 30.23, 30.06, 29.94, 29.62, 30.1, 29.48, 29.4, 29.39], [31.29, 31.29, 31.29, 31.29, 31.28, 31.28, 31.28, 31.27, 31.25, 31.23, 31.26, 31.15, 31.1, 30.07, 29.91, 29.77, 29.35, 29.09, 29.31, 29.36], [31.29, 31.29, 31.29, 31.29, 31.29, 31.29, 31.29, 31.28, 31.26, 31.24, 31.2, 31.18, 31.14, 30.07, 29.91, 29.8, 29.62, 29.53, 29.31, 29.35], [31.3, 31.3, 31.3, 31.3, 31.3, 31.3, 31.3, 31.3, 31.3, 31.3, 31.24, 31.22, 31.18, 30.24, 30.06, 29.9, 29.77, 29.71, 29.73, 29.77], [31.3, 31.3, 31.3, 31.31, 31.31, 31.31, 31.32, 31.33, 31.34, 31.31, 31.32, 30.97, 30.76, 30.53, 30.17, 30.02, 29.91, 29.85, 29.83, 29.84], [31.31, 31.31, 31.31, 31.31, 31.32, 31.32, 31.33, 31.35, 31.37, 31.38, 31.36, 31.09, 30.84, 30.62, 30.26, 30.12, 30.01, 29.95, 29.92, 29.91], [31.31, 31.31, 31.31, 31.32, 31.32, 31.33, 31.34, 31.36, 31.06, 31.19, 31.27, 31.08, 30.86, 30.66, 30.33, 30.2, 30.1, 30.03, 29.99, 29.98], [31.31, 31.31, 31.32, 31.32, 31.33, 31.33, 31.35, 31.36, 31.01, 31.07, 31.08, 30.98, 30.83, 30.68, 30.37, 30.25, 30.16, 30.1, 30.06, 30.03], [31.31, 31.32, 31.32, 31.32, 31.33, 31.34, 31.35, 30.9, 30.94, 30.96, 30.95, 30.89, 30.79, 30.67, 30.39, 30.29, 30.21, 30.15, 30.1, 30.08]]}