gis_exercise/awsData/contour/temp_2023090822.json
{"header": {"refTime": "2023-09-08T22:00:00.000Z", "nx": 21, "ny": 33, "lo1": 113.509, "la1": 22.2235, "lo2": 113.5947, "la2": 22.1034, "dx": 0.0042850000000001385, "dy": 0.003753125000000024, "parameterCategory": 0, "parameterCategoryName": "Temperature", "parameterNumber": 0}, "z": [[25.87, 25.86, 25.85, 25.48, 25.48, 25.81, 25.8, 25.79, 25.79, 25.64, 25.67, 25.69, 26.05, 26.07, 26.15, 26.17, 26.37, 26.38, 26.38, 26.38], [25.88, 25.87, 25.86, 25.84, 25.49, 25.5, 25.78, 25.75, 25.74, 25.64, 25.67, 25.71, 26.07, 26.09, 26.17, 26.37, 26.37, 26.38, 26.38, 26.39], [25.89, 25.88, 25.87, 25.85, 25.49, 25.5, 25.51, 25.73, 25.63, 25.63, 25.68, 25.75, 26.11, 26.13, 26.36, 26.37, 26.38, 26.39, 26.39, 26.39], [25.9, 25.89, 25.88, 25.86, 25.84, 25.5, 25.51, 25.52, 25.53, 25.63, 25.7, 25.82, 26.17, 26.02, 26.36, 26.37, 26.39, 26.39, 26.4, 26.4], [25.91, 25.9, 25.9, 25.88, 25.87, 25.49, 25.5, 25.5, 25.48, 25.6, 25.69, 26.03, 26.19, 26.06, 26.36, 26.38, 26.4, 26.41, 26.41, 26.41], [25.92, 25.92, 25.92, 25.91, 25.89, 25.87, 25.5, 25.5, 25.47, 25.39, 25.76, 25.95, 26.09, 26.3, 26.36, 26.39, 26.42, 26.43, 26.43, 26.42], [26.08, 25.94, 25.94, 25.94, 25.93, 25.91, 25.7, 25.55, 25.52, 25.48, 25.43, 25.84, 26.3, 26.3, 26.37, 26.4, 26.45, 26.47, 26.46, 26.45], [26.09, 26.09, 26.09, 26.09, 26.08, 25.79, 25.74, 25.71, 25.73, 25.43, 25.14, 25.87, 25.88, 26.3, 26.43, 26.4, 26.45, 26.46, 26.44, 26.42], [26.01, 26.02, 26.11, 26.12, 26.12, 26.1, 26.04, 25.72, 25.51, 25.52, 25.44, 25.64, 25.74, 25.61, 26.42, 26.4, 26.42, 26.43, 26.43, 26.42], [26.3, 26.3, 26.3, 26.07, 26.1, 26.19, 26.13, 26.04, 25.29, 25.34, 25.75, 25.52, 25.59, 25.56, 26.42, 26.39, 26.4, 26.41, 26.41, 26.41], [26.3, 26.3, 26.3, 26.3, 26.3, 26.3, 26.3, 26.3, 26.12, 25.49, 24.9, 25.43, 25.5, 25.5, 26.42, 26.38, 26.39, 26.4, 26.4, 26.4], [26.3, 26.3, 26.3, 26.3, 26.3, 26.3, 26.3, 26.3, 26.3, -999.0, 24.9, 26.3, 26.3, 25.46, 26.42, 26.37, 26.38, 25.65, 25.67, 25.67], [26.3, 26.3, 26.3, 26.3, 26.3, 26.3, 26.3, 26.3, 26.3, 26.3, -999.0, 26.3, 26.3, 25.45, 25.82, 25.95, 25.97, 25.78, 25.81, 25.82], [26.3, 26.3, 26.3, 26.3, 26.3, 26.3, 26.3, 26.3, 26.3, 26.3, -999.0, 25.0, 25.0, 25.0, 25.71, 25.83, 25.85, 25.66, 25.7, 25.74], [26.3, 26.3, 26.3, 26.3, 26.3, 26.3, 26.3, 26.2, 26.2, 26.2, 26.2, 25.74, 25.0, 25.0, 25.0, 25.69, 25.73, 25.56, 25.61, 25.66], [26.3, 26.3, 26.24, 26.24, 26.23, 26.2, 26.2, 26.2, 26.2, 26.2, 25.44, 25.53, 25.41, 25.32, 25.43, 25.48, 25.55, 25.42, 25.74, 25.8], [26.24, 26.24, 26.26, 26.26, 26.2, 26.2, 26.2, 26.2, 26.2, 26.2, 25.68, 25.54, 25.38, 25.23, 25.29, 25.3, 25.41, 25.49, 25.55, 25.59], [26.26, 26.26, 26.26, 26.26, 26.2, 26.2, 26.2, 26.2, 26.2, 25.9, 25.73, 25.55, 25.37, 25.3, 25.04, 25.27, 25.42, 25.52, 25.58, 25.62], [26.26, 26.26, 26.26, 26.2, 26.2, 26.2, 26.2, 26.2, 26.09, 25.97, 25.85, 25.7, 25.56, 25.4, 25.25, 25.36, 25.48, 25.57, 25.62, 25.65], [26.26, 26.26, 26.2, 26.2, 26.2, 26.2, 26.2, 26.2, 26.09, 25.99, 25.88, 25.75, 25.65, 25.56, 25.45, 25.51, 25.59, 25.65, 25.68, 25.7], [26.2, 26.2, 26.2, 26.2, 26.2, 26.2, 26.2, 26.2, 26.01, 25.97, 25.89, 25.8, 25.73, 25.57, 25.6, 25.66, 25.71, 25.74, 25.75, 25.75], [26.2, 26.2, 26.2, 26.2, 26.2, 26.2, 26.2, 26.23, 25.99, 25.96, 25.91, 25.84, 25.81, 25.67, 25.72, 25.78, 25.83, 25.84, 25.82, 25.79], [26.2, 26.2, 26.2, 26.25, 26.25, 26.25, 26.24, 26.24, 26.24, 26.24, 26.24, 26.23, 26.09, 25.74, 25.8, 25.89, 25.97, 25.93, 25.86, 25.82], [26.26, 26.26, 26.26, 26.25, 26.25, 26.25, 26.25, 26.24, 26.24, 26.23, 26.24, 26.27, 26.09, 26.07, 26.06, 25.93, 26.13, 25.94, 25.87, 25.84], [26.26, 26.26, 26.26, 26.26, 26.26, 26.25, 26.25, 26.24, 26.23, 26.22, 26.24, 26.27, 26.29, 26.07, 26.05, 26.03, 25.9, 25.83, 25.86, 25.84], [26.26, 26.26, 26.26, 26.26, 26.26, 26.26, 26.26, 26.25, 26.24, 26.23, 26.26, 26.28, 26.29, 26.07, 26.04, 26.05, 26.0, 25.98, 25.84, 25.83], [26.27, 26.27, 26.27, 26.27, 26.27, 26.27, 26.27, 26.27, 26.26, 26.27, 26.29, 26.3, 26.3, 26.14, 26.1, 26.07, 26.04, 26.02, 26.03, 26.04], [26.27, 26.27, 26.27, 26.27, 26.27, 26.27, 26.28, 26.28, 26.29, 26.32, 26.33, 26.24, 26.19, 26.14, 26.12, 26.09, 26.07, 26.05, 26.05, 26.05], [26.27, 26.27, 26.27, 26.27, 26.28, 26.28, 26.29, 26.3, 26.32, 26.35, 26.36, 26.28, 26.21, 26.16, 26.14, 26.11, 26.09, 26.08, 26.07, 26.07], [26.27, 26.27, 26.28, 26.28, 26.28, 26.29, 26.29, 26.3, 26.26, 26.3, 26.33, 26.28, 26.22, 26.17, 26.16, 26.13, 26.11, 26.1, 26.09, 26.08], [26.27, 26.28, 26.28, 26.28, 26.28, 26.29, 26.3, 26.31, 26.25, 26.27, 26.27, 26.25, 26.21, 26.17, 26.17, 26.14, 26.12, 26.11, 26.1, 26.1], [26.28, 26.28, 26.28, 26.28, 26.29, 26.29, 26.3, 26.22, 26.23, 26.24, 26.24, 26.23, 26.2, 26.17, 26.17, 26.15, 26.13, 26.12, 26.11, 26.1]]}