gis_exercise/awsData/contour/temp_2023090817.json
{"header": {"refTime": "2023-09-08T17:00:00.000Z", "nx": 21, "ny": 33, "lo1": 113.509, "la1": 22.2235, "lo2": 113.5947, "la2": 22.1034, "dx": 0.0042850000000001385, "dy": 0.003753125000000024, "parameterCategory": 0, "parameterCategoryName": "Temperature", "parameterNumber": 0}, "z": [[25.63, 25.62, 25.61, 25.23, 25.24, 25.56, 25.55, 25.53, 25.53, 25.39, 25.42, 25.45, 25.74, 25.76, 25.89, 25.91, 26.05, 26.06, 26.06, 26.06], [25.64, 25.63, 25.62, 25.6, 25.24, 25.24, 25.53, 25.49, 25.47, 25.37, 25.42, 25.47, 25.76, 25.79, 25.91, 26.05, 26.06, 26.06, 26.06, 26.07], [25.65, 25.64, 25.63, 25.61, 25.24, 25.25, 25.25, 25.45, 25.34, 25.36, 25.44, 25.52, 25.81, 25.83, 26.05, 26.06, 26.06, 26.07, 26.07, 26.07], [25.66, 25.65, 25.64, 25.63, 25.6, 25.25, 25.25, 25.26, 25.26, 25.37, 25.46, 25.59, 25.89, 25.76, 26.05, 26.06, 26.07, 26.08, 26.08, 26.08], [25.68, 25.67, 25.66, 25.65, 25.63, 25.25, 25.26, 25.25, 25.24, 25.35, 25.45, 25.77, 25.96, 25.8, 26.05, 26.07, 26.08, 26.09, 26.09, 26.09], [25.69, 25.69, 25.69, 25.68, 25.66, 25.64, 25.27, 25.27, 25.24, 25.17, 25.48, 25.67, 25.83, 26.0, 26.05, 26.07, 26.1, 26.12, 26.11, 26.1], [25.88, 25.71, 25.72, 25.71, 25.7, 25.68, 25.5, 25.33, 25.3, 25.22, 25.16, 25.52, 25.93, 25.95, 26.03, 26.08, 26.14, 26.16, 26.18, 26.18], [25.89, 25.89, 25.89, 25.89, 25.88, 25.59, 25.54, 25.51, 25.51, 25.18, 24.9, 25.46, 25.47, 25.95, 26.05, 26.01, 26.1, 26.13, 26.08, 26.04], [25.81, 25.82, 25.91, 25.92, 25.92, 25.9, 25.84, 25.52, 25.31, 25.26, 25.12, 25.28, 25.36, 25.26, 26.04, 25.99, 26.04, 26.06, 26.05, 26.03], [26.1, 26.1, 26.1, 25.87, 25.9, 25.99, 25.93, 25.84, 25.09, 25.14, 25.37, 25.18, 25.24, 25.22, 26.04, 25.97, 26.01, 26.02, 26.02, 26.02], [26.1, 26.1, 26.1, 26.1, 26.1, 26.1, 26.1, 26.1, 25.92, 25.29, 24.7, 25.12, 25.17, 25.17, 26.04, 25.96, 25.99, 26.0, 26.0, 26.0], [26.1, 26.1, 26.1, 26.1, 26.1, 26.1, 26.1, 26.1, 26.1, -999.0, 24.7, 25.8, 25.8, 25.14, 26.05, 25.95, 25.96, 25.23, 25.26, 25.26], [26.1, 26.1, 26.1, 26.1, 26.1, 26.1, 26.1, 26.1, 26.1, 26.1, -999.0, 25.8, 25.8, 24.95, 25.32, 25.58, 25.59, 25.38, 25.41, 25.43], [26.1, 26.1, 26.1, 26.1, 26.1, 26.1, 26.1, 26.1, 26.1, 26.1, -999.0, 24.5, 24.5, 24.5, 25.21, 25.44, 25.47, 25.25, 25.3, 25.33], [26.1, 26.1, 26.1, 26.1, 26.1, 26.1, 26.1, 25.7, 25.7, 25.7, 25.7, 25.24, 24.5, 24.5, 24.5, 25.28, 25.33, 25.13, 25.19, 25.24], [26.1, 26.1, 25.85, 25.84, 25.84, 25.7, 25.7, 25.7, 25.7, 25.7, 24.94, 25.03, 24.91, 24.82, 24.93, 25.01, 25.09, 24.95, 25.32, 25.38], [25.84, 25.84, 25.96, 25.95, 25.7, 25.7, 25.7, 25.7, 25.7, 25.7, 25.18, 25.04, 24.88, 24.73, 24.8, 24.77, 24.87, 24.95, 25.0, 25.03], [25.96, 25.95, 25.95, 25.93, 25.7, 25.7, 25.7, 25.7, 25.7, 25.4, 25.23, 25.05, 24.87, 24.81, 24.54, 24.74, 24.88, 24.97, 25.02, 25.06], [25.95, 25.94, 25.93, 25.7, 25.7, 25.7, 25.7, 25.7, 25.59, 25.47, 25.35, 25.2, 25.08, 24.91, 24.73, 24.83, 24.94, 25.02, 25.07, 25.09], [25.94, 25.94, 25.7, 25.7, 25.7, 25.7, 25.7, 25.7, 25.59, 25.49, 25.38, 25.25, 25.17, 25.08, 24.91, 24.97, 25.04, 25.09, 25.12, 25.13], [25.7, 25.7, 25.7, 25.7, 25.7, 25.7, 25.7, 25.7, 25.51, 25.47, 25.39, 25.3, 25.26, 25.02, 25.05, 25.11, 25.16, 25.18, 25.18, 25.18], [25.7, 25.7, 25.7, 25.7, 25.7, 25.7, 25.7, 25.75, 25.49, 25.46, 25.41, 25.34, 25.34, 25.12, 25.16, 25.23, 25.28, 25.28, 25.24, 25.22], [25.7, 25.7, 25.7, 25.78, 25.77, 25.77, 25.76, 25.76, 25.76, 25.76, 25.76, 25.75, 25.53, 25.18, 25.24, 25.33, 25.42, 25.37, 25.28, 25.24], [25.79, 25.79, 25.78, 25.78, 25.78, 25.77, 25.77, 25.76, 25.75, 25.75, 25.76, 25.82, 25.53, 25.51, 25.49, 25.37, 25.65, 25.34, 25.27, 25.24], [25.79, 25.79, 25.79, 25.79, 25.78, 25.78, 25.78, 25.77, 25.75, 25.73, 25.76, 25.82, 25.85, 25.5, 25.48, 25.45, 25.27, 25.16, 25.23, 25.23], [25.79, 25.79, 25.79, 25.79, 25.79, 25.79, 25.79, 25.78, 25.76, 25.74, 25.8, 25.83, 25.85, 25.5, 25.47, 25.47, 25.4, 25.36, 25.23, 25.23], [25.8, 25.8, 25.8, 25.8, 25.8, 25.8, 25.8, 25.8, 25.8, 25.8, 25.84, 25.86, 25.87, 25.61, 25.55, 25.5, 25.45, 25.43, 25.44, 25.45], [25.8, 25.8, 25.8, 25.81, 25.81, 25.81, 25.82, 25.83, 25.84, 25.89, 25.9, 25.75, 25.67, 25.59, 25.59, 25.54, 25.5, 25.48, 25.47, 25.48], [25.81, 25.81, 25.81, 25.81, 25.82, 25.82, 25.83, 25.85, 25.87, 25.93, 25.93, 25.81, 25.71, 25.62, 25.61, 25.57, 25.53, 25.51, 25.5, 25.5], [25.81, 25.81, 25.81, 25.82, 25.82, 25.83, 25.84, 25.86, 25.79, 25.85, 25.89, 25.81, 25.72, 25.64, 25.64, 25.59, 25.56, 25.54, 25.53, 25.52], [25.81, 25.81, 25.82, 25.82, 25.83, 25.83, 25.85, 25.86, 25.77, 25.8, 25.81, 25.77, 25.71, 25.65, 25.65, 25.61, 25.58, 25.56, 25.55, 25.54], [25.81, 25.82, 25.82, 25.82, 25.83, 25.84, 25.85, 25.72, 25.74, 25.76, 25.75, 25.73, 25.69, 25.64, 25.66, 25.62, 25.6, 25.58, 25.56, 25.56]]}