gis_exercise/awsData/contour/temp_2023090616.json
{"header": {"refTime": "2023-09-06T16:00:00.000Z", "nx": 21, "ny": 33, "lo1": 113.509, "la1": 22.2235, "lo2": 113.5947, "la2": 22.1034, "dx": 0.0042850000000001385, "dy": 0.003753125000000024, "parameterCategory": 0, "parameterCategoryName": "Temperature", "parameterNumber": 0}, "z": [[30.1, 30.09, 30.07, 29.75, 29.75, 30.06, 30.04, 30.03, 30.04, 29.99, 30.04, 30.09, 30.44, 30.47, 30.3, 30.29, 30.55, 30.53, 30.52, 30.51], [30.11, 30.1, 30.08, 30.06, 29.76, 29.76, 30.02, 29.99, 29.97, 29.97, 30.04, 30.12, 30.47, 30.5, 30.33, 30.57, 30.54, 30.52, 30.51, 30.5], [30.12, 30.11, 30.09, 30.07, 29.76, 29.76, 29.76, 29.95, 29.84, 29.94, 30.06, 30.17, 30.52, 30.55, 30.6, 30.56, 30.53, 30.5, 30.49, 30.48], [30.13, 30.12, 30.11, 30.09, 30.06, 29.76, 29.76, 29.77, 29.77, 29.97, 30.1, 30.26, 30.61, 30.54, 30.61, 30.55, 30.5, 30.47, 30.46, 30.46], [30.15, 30.14, 30.13, 30.11, 30.09, 29.76, 29.76, 29.76, 29.75, 30.0, 30.12, 30.55, 30.7, 30.58, 30.6, 30.52, 30.46, 30.42, 30.41, 30.43], [30.17, 30.16, 30.16, 30.14, 30.12, 30.09, 29.76, 29.76, 29.75, 29.72, 30.3, 30.47, 30.61, 30.8, 30.59, 30.48, 30.38, 30.34, 30.36, 30.4], [30.34, 30.19, 30.19, 30.18, 30.16, 30.13, 30.0, 29.79, 29.77, 29.89, 29.91, 30.37, 30.8, 30.8, 30.57, 30.44, 30.28, 30.22, 30.23, 30.27], [30.36, 30.36, 30.36, 30.36, 30.34, 30.11, 30.04, 29.94, 29.91, 29.84, 29.68, 30.4, 30.41, 30.8, 30.36, 30.44, 30.28, 30.23, 30.32, 30.37], [30.24, 30.25, 30.4, 30.41, 30.41, 30.38, 30.28, 30.0, 29.77, 29.92, 30.0, 30.19, 30.28, 30.16, 30.38, 30.46, 30.38, 30.34, 30.36, 30.39], [30.7, 30.7, 30.7, 30.33, 30.38, 30.52, 30.42, 30.28, 29.67, 29.69, 30.29, 30.07, 30.14, 30.11, 30.38, 30.49, 30.44, 30.41, 30.41, 30.42], [30.7, 30.7, 30.7, 30.7, 30.7, 30.7, 30.7, 30.7, 30.42, 29.76, 29.5, 30.0, 30.05, 30.06, 30.37, 30.52, 30.48, 30.45, 30.45, 30.45], [30.7, 30.7, 30.7, 30.7, 30.7, 30.7, 30.7, 30.7, 30.7, -999.0, 29.5, 30.8, 30.8, 30.02, 30.36, 30.54, 30.52, 29.99, 29.99, 29.99], [30.7, 30.7, 30.7, 30.7, 30.7, 30.7, 30.7, 30.7, 30.7, 30.7, -999.0, 30.8, 30.8, 30.21, 30.47, 30.03, 30.03, 30.0, 30.01, 30.01], [30.7, 30.7, 30.7, 30.7, 30.7, 30.7, 30.7, 30.7, 30.7, 30.7, -999.0, 29.9, 29.9, 29.9, 30.39, 30.01, 30.01, 29.99, 29.99, 30.0], [30.7, 30.7, 30.7, 30.7, 30.7, 30.7, 30.7, 31.0, 31.0, 31.0, 31.0, 30.58, 29.9, 29.9, 29.9, 29.99, 30.0, 29.97, 29.98, 29.99], [30.7, 30.7, 30.89, 30.89, 30.9, 31.0, 31.0, 31.0, 31.0, 31.0, 30.31, 30.39, 30.28, 30.19, 30.29, 30.05, 30.07, 30.03, 30.06, 30.07], [30.89, 30.89, 30.81, 30.81, 31.0, 31.0, 31.0, 31.0, 31.0, 31.0, 30.53, 30.39, 30.25, 30.11, 30.08, 30.22, 30.33, 30.42, 30.48, 30.53], [30.81, 30.81, 30.82, 30.82, 31.0, 31.0, 31.0, 31.0, 31.0, 30.72, 30.57, 30.41, 30.24, 30.09, 29.93, 30.18, 30.34, 30.44, 30.51, 30.56], [30.81, 30.82, 30.82, 31.0, 31.0, 31.0, 31.0, 31.0, 30.9, 30.79, 30.66, 30.53, 30.27, 30.14, 30.15, 30.27, 30.4, 30.49, 30.56, 30.6], [30.82, 30.82, 30.94, 30.95, 30.95, 30.95, 30.96, 30.98, 30.89, 30.79, 30.68, 30.56, 30.32, 30.23, 30.36, 30.42, 30.5, 30.57, 30.62, 30.64], [30.94, 30.94, 30.94, 30.96, 30.96, 30.96, 30.97, 30.97, 30.81, 30.76, 30.69, 30.6, 30.35, 30.48, 30.51, 30.55, 30.61, 30.65, 30.68, 30.7], [30.95, 30.95, 30.95, 30.96, 30.96, 30.96, 30.96, 31.04, 30.77, 30.74, 30.7, 30.64, 30.35, 30.58, 30.61, 30.65, 30.69, 30.73, 30.75, 30.76], [30.95, 30.95, 30.95, 31.06, 31.06, 31.05, 31.04, 31.04, 31.03, 31.03, 31.04, 30.77, 30.94, 30.66, 30.69, 30.71, 30.71, 30.79, 30.83, 30.82], [31.08, 31.08, 31.07, 31.07, 31.06, 31.06, 31.05, 31.03, 31.01, 31.01, 31.03, 30.88, 30.94, 30.94, 30.93, 30.77, 30.58, 30.96, 30.93, 30.87], [31.08, 31.08, 31.08, 31.08, 31.07, 31.06, 31.05, 31.03, 30.99, 30.95, 31.01, 30.91, 30.86, 30.95, 30.96, 30.97, 31.04, 31.23, 31.0, 30.91], [31.09, 31.09, 31.09, 31.08, 31.08, 31.08, 31.07, 31.05, 31.01, 30.97, 30.95, 30.94, 30.9, 30.96, 30.98, 31.09, 31.14, 31.17, 30.98, 30.91], [31.09, 31.09, 31.09, 31.09, 31.09, 31.09, 31.09, 31.08, 31.07, 31.08, 31.02, 31.01, 30.96, 31.15, 31.12, 31.12, 31.13, 31.14, 31.13, 31.12], [31.1, 31.1, 31.1, 31.1, 31.11, 31.11, 31.11, 31.12, 31.15, 31.12, 31.14, 31.3, 31.31, 31.34, 31.15, 31.13, 31.13, 31.13, 31.13, 31.12], [31.1, 31.11, 31.11, 31.11, 31.12, 31.12, 31.14, 31.16, 31.2, 31.22, 31.37, 31.33, 31.33, 31.34, 31.17, 31.15, 31.14, 31.13, 31.13, 31.13], [31.11, 31.11, 31.11, 31.12, 31.13, 31.14, 31.15, 31.18, 31.3, 31.34, 31.36, 31.34, 31.34, 31.34, 31.18, 31.16, 31.15, 31.14, 31.13, 31.13], [31.11, 31.12, 31.12, 31.13, 31.13, 31.14, 31.16, 31.18, 31.31, 31.32, 31.34, 31.34, 31.34, 31.34, 31.19, 31.17, 31.15, 31.15, 31.14, 31.13], [31.12, 31.12, 31.12, 31.13, 31.14, 31.15, 31.16, 31.3, 31.31, 31.32, 31.33, 31.33, 31.34, 31.34, 31.19, 31.17, 31.16, 31.15, 31.14, 31.14]]}