gis_exercise/awsData/contour/temp_2023090503.json
{"header": {"refTime": "2023-09-05T03:00:00.000Z", "nx": 21, "ny": 33, "lo1": 113.509, "la1": 22.2235, "lo2": 113.5947, "la2": 22.1034, "dx": 0.0042850000000001385, "dy": 0.003753125000000024, "parameterCategory": 0, "parameterCategoryName": "Temperature", "parameterNumber": 0}, "z": [[29.82, 29.81, 29.81, 29.7, 29.7, 29.98, 29.96, 29.95, 29.96, 30.0, 30.07, 30.13, 30.37, 30.4, 30.4, 30.4, 30.61, 30.6, 30.6, 30.59], [29.82, 29.82, 29.81, 29.8, 29.7, 29.7, 29.94, 29.9, 29.89, 29.96, 30.07, 30.16, 30.41, 30.44, 30.43, 30.63, 30.61, 30.6, 30.59, 30.58], [29.83, 29.82, 29.82, 29.81, 29.7, 29.7, 29.7, 29.86, 29.74, 29.92, 30.09, 30.22, 30.48, 30.5, 30.66, 30.63, 30.6, 30.59, 30.58, 30.57], [29.83, 29.83, 29.82, 29.81, 29.8, 29.7, 29.7, 29.7, 29.7, 29.97, 30.15, 30.33, 30.59, 30.57, 30.66, 30.62, 30.59, 30.57, 30.56, 30.56], [29.84, 29.84, 29.83, 29.82, 29.81, 29.7, 29.7, 29.7, 29.7, 30.04, 30.19, 30.59, 30.77, 30.61, 30.66, 30.6, 30.57, 30.55, 30.54, 30.55], [29.85, 29.85, 29.84, 29.84, 29.83, 29.81, 29.7, 29.7, 29.7, 29.7, 30.33, 30.5, 30.64, 30.77, 30.64, 30.58, 30.53, 30.51, 30.52, 30.53], [29.92, 29.86, 29.86, 29.85, 29.85, 29.83, 29.8, 29.7, 29.7, 29.86, 29.9, 30.34, 30.67, 30.7, 30.6, 30.55, 30.48, 30.45, 30.49, 30.52], [29.93, 29.93, 29.93, 29.93, 29.92, 29.85, 29.81, 29.76, 29.75, 29.83, 29.79, 30.25, 30.26, 30.7, 30.44, 30.45, 30.43, 30.42, 30.43, 30.44], [29.87, 29.88, 29.95, 29.95, 29.96, 29.94, 29.89, 29.8, 29.7, 29.87, 30.01, 30.13, 30.18, 30.11, 30.44, 30.45, 30.44, 30.43, 30.44, 30.44], [30.1, 30.1, 30.1, 29.91, 29.94, 30.01, 29.96, 29.89, 29.7, 29.7, 30.19, 30.05, 30.1, 30.07, 30.44, 30.46, 30.45, 30.44, 30.44, 30.45], [30.1, 30.1, 30.1, 30.1, 30.1, 30.1, 30.1, 30.1, 29.96, 29.7, 29.7, 30.0, 30.04, 30.04, 30.44, 30.46, 30.45, 30.45, 30.45, 30.45], [30.1, 30.1, 30.1, 30.1, 30.1, 30.1, 30.1, 30.1, 30.1, -999.0, 29.7, 30.5, 30.5, 30.02, 30.44, 30.46, 30.46, 29.43, 29.46, 29.46], [30.1, 30.1, 30.1, 30.1, 30.1, 30.1, 30.1, 30.1, 30.1, 30.1, -999.0, 30.5, 30.5, 29.32, 29.84, 29.78, 29.79, 29.58, 29.61, 29.63], [30.1, 30.1, 30.1, 30.1, 30.1, 30.1, 30.1, 30.1, 30.1, 30.1, -999.0, 28.7, 28.7, 28.7, 29.69, 29.64, 29.67, 29.45, 29.5, 29.53], [30.1, 30.1, 30.1, 30.1, 30.1, 30.1, 30.1, 28.8, 28.8, 28.8, 28.8, 28.76, 28.7, 28.7, 28.7, 29.48, 29.53, 29.33, 29.39, 29.44], [30.1, 30.1, 29.28, 29.27, 29.24, 28.8, 28.8, 28.8, 28.8, 28.8, 28.74, 28.74, 28.73, 28.73, 28.74, 29.1, 29.16, 29.06, 29.44, 29.49], [29.27, 29.26, 29.64, 29.62, 28.8, 28.8, 28.8, 28.8, 28.8, 28.8, 28.76, 28.74, 28.73, 28.72, 28.83, 28.86, 28.91, 28.95, 28.98, 29.0], [29.64, 29.62, 29.6, 29.56, 28.8, 28.8, 28.8, 28.8, 28.8, 28.77, 28.76, 28.75, 28.73, 28.83, 28.72, 28.84, 28.92, 28.97, 29.0, 29.02], [29.61, 29.59, 29.56, 28.8, 28.8, 28.8, 28.8, 28.8, 28.79, 28.78, 28.81, 28.8, 28.93, 28.88, 28.83, 28.89, 28.96, 29.0, 29.02, 29.04], [29.59, 29.57, 28.91, 28.91, 28.9, 28.89, 28.87, 28.83, 28.81, 28.82, 28.82, 28.81, 28.98, 28.97, 28.94, 28.97, 29.02, 29.04, 29.06, 29.06], [28.92, 28.92, 28.92, 28.88, 28.88, 28.87, 28.87, 28.86, 28.83, 28.83, 28.83, 28.82, 29.03, 29.0, 29.02, 29.06, 29.09, 29.1, 29.09, 29.08], [28.89, 28.89, 28.89, 28.89, 28.89, 28.89, 28.88, 29.03, 28.85, 28.85, 28.85, 28.84, 29.15, 29.06, 29.09, 29.14, 29.17, 29.16, 29.13, 29.1], [28.9, 28.9, 28.9, 29.1, 29.09, 29.08, 29.07, 29.07, 29.07, 29.07, 29.09, 29.15, 29.15, 29.1, 29.14, 29.21, 29.29, 29.22, 29.14, 29.11], [29.13, 29.13, 29.12, 29.12, 29.11, 29.11, 29.1, 29.09, 29.08, 29.08, 29.1, 29.37, 29.14, 29.17, 29.21, 29.23, 29.51, 29.16, 29.11, 29.1], [29.14, 29.14, 29.14, 29.14, 29.14, 29.13, 29.13, 29.12, 29.08, 29.05, 29.11, 29.36, 29.44, 29.16, 29.18, 29.19, 29.08, 28.93, 29.06, 29.08], [29.16, 29.16, 29.16, 29.16, 29.16, 29.16, 29.16, 29.15, 29.11, 29.08, 29.27, 29.38, 29.45, 29.14, 29.15, 29.25, 29.17, 29.13, 29.06, 29.07], [29.17, 29.17, 29.17, 29.18, 29.18, 29.19, 29.2, 29.2, 29.2, 29.22, 29.38, 29.43, 29.47, 29.38, 29.33, 29.27, 29.23, 29.2, 29.21, 29.23], [29.18, 29.18, 29.19, 29.2, 29.21, 29.22, 29.24, 29.26, 29.3, 29.47, 29.51, 29.33, 29.25, 29.17, 29.35, 29.31, 29.27, 29.25, 29.25, 29.25], [29.19, 29.19, 29.2, 29.21, 29.23, 29.24, 29.27, 29.31, 29.38, 29.57, 29.6, 29.43, 29.3, 29.21, 29.37, 29.33, 29.3, 29.28, 29.27, 29.27], [29.2, 29.2, 29.21, 29.23, 29.24, 29.26, 29.29, 29.34, 29.38, 29.48, 29.54, 29.43, 29.32, 29.24, 29.39, 29.36, 29.33, 29.31, 29.3, 29.29], [29.2, 29.21, 29.22, 29.24, 29.25, 29.27, 29.3, 29.34, 29.36, 29.41, 29.43, 29.38, 29.31, 29.24, 29.4, 29.37, 29.35, 29.33, 29.32, 29.31], [29.21, 29.22, 29.23, 29.24, 29.26, 29.28, 29.3, 29.3, 29.33, 29.35, 29.36, 29.33, 29.29, 29.24, 29.41, 29.38, 29.36, 29.34, 29.33, 29.32]]}