gis_exercise/awsData/contour/temp_2023091413.json
{"header": {"refTime": "2023-09-14T13:00:00.000Z", "nx": 21, "ny": 33, "lo1": 113.509, "la1": 22.2235, "lo2": 113.5947, "la2": 22.1034, "dx": 0.0042850000000001385, "dy": 0.003753125000000024, "parameterCategory": 0, "parameterCategoryName": "Temperature", "parameterNumber": 0}, "z": [[26.8, 26.8, 26.8, 26.65, 26.67, 26.8, 26.81, 26.82, 26.83, 26.8, 26.79, 26.79, 26.88, 26.87, 26.9, 26.9, 26.87, 26.87, 26.87, 26.87], [26.8, 26.8, 26.8, 26.8, 26.66, 26.68, 26.81, 26.83, 26.84, 26.82, 26.8, 26.79, 26.88, 26.87, 26.9, 26.87, 26.87, 26.87, 26.87, 26.87], [26.8, 26.8, 26.8, 26.8, 26.66, 26.68, 26.71, 26.84, 26.89, 26.83, 26.8, 26.79, 26.88, 26.88, 26.87, 26.87, 26.87, 26.88, 26.88, 26.88], [26.8, 26.8, 26.8, 26.8, 26.8, 26.66, 26.69, 26.73, 26.77, 26.8, 26.78, 26.79, 26.88, 26.78, 26.88, 26.88, 26.88, 26.88, 26.88, 26.88], [26.81, 26.8, 26.8, 26.8, 26.79, 26.63, 26.65, 26.66, 26.66, 26.75, 26.76, 26.78, 26.85, 26.79, 26.87, 26.88, 26.88, 26.88, 26.88, 26.88], [26.81, 26.81, 26.8, 26.8, 26.79, 26.77, 26.6, 26.6, 26.59, 26.57, 26.68, 26.75, 26.81, 26.87, 26.87, 26.88, 26.88, 26.88, 26.88, 26.88], [26.78, 26.81, 26.81, 26.8, 26.79, 26.76, 26.6, 26.55, 26.53, 26.51, 26.52, 26.69, 26.84, 26.85, 26.87, 26.88, 26.89, 26.89, 26.9, 26.9], [26.79, 26.79, 26.79, 26.79, 26.78, 26.67, 26.62, 26.55, 26.51, 26.5, 26.45, 26.68, 26.68, 26.85, 26.86, 26.85, 26.87, 26.88, 26.87, 26.86], [26.71, 26.72, 26.81, 26.82, 26.82, 26.8, 26.74, 26.6, 26.47, 26.52, 26.55, 26.61, 26.64, 26.6, 26.86, 26.85, 26.86, 26.87, 26.86, 26.86], [27.0, 27.0, 27.0, 26.77, 26.8, 26.89, 26.83, 26.74, 26.44, 26.45, 26.64, 26.58, 26.6, 26.59, 26.86, 26.84, 26.85, 26.86, 26.86, 26.85], [27.0, 27.0, 27.0, 27.0, 27.0, 27.0, 27.0, 27.0, 26.82, 26.47, 26.4, 26.55, 26.57, 26.57, 26.86, 26.84, 26.85, 26.85, 26.85, 26.85], [27.0, 27.0, 27.0, 27.0, 27.0, 27.0, 27.0, 27.0, 27.0, -999.0, 26.4, 26.8, 26.8, 26.56, 26.86, 26.84, 26.84, 26.5, 26.51, 26.51], [27.0, 27.0, 27.0, 27.0, 27.0, 27.0, 27.0, 27.0, 27.0, 27.0, -999.0, 26.8, 26.8, 26.41, 26.58, 26.65, 26.65, 26.56, 26.58, 26.58], [27.0, 27.0, 27.0, 27.0, 27.0, 27.0, 27.0, 27.0, 27.0, 27.0, -999.0, 26.2, 26.2, 26.2, 26.53, 26.59, 26.6, 26.51, 26.53, 26.54], [27.0, 27.0, 27.0, 27.0, 27.0, 27.0, 27.0, 27.2, 27.2, 27.2, 27.2, 26.82, 26.2, 26.2, 26.2, 26.52, 26.54, 26.46, 26.49, 26.51], [27.0, 27.0, 27.13, 27.13, 27.13, 27.2, 27.2, 27.2, 27.2, 27.2, 26.57, 26.64, 26.55, 26.46, 26.56, 26.24, 26.24, 26.23, 26.41, 26.42], [27.13, 27.13, 27.07, 27.07, 27.2, 27.2, 27.2, 27.2, 27.2, 27.2, 26.77, 26.65, 26.52, 26.4, 26.33, 26.27, 26.3, 26.32, 26.33, 26.34], [27.07, 27.07, 27.08, 27.08, 27.2, 27.2, 27.2, 27.2, 27.2, 26.95, 26.81, 26.66, 26.51, 26.34, 26.22, 26.26, 26.3, 26.32, 26.34, 26.35], [27.08, 27.08, 27.08, 27.2, 27.2, 27.2, 27.2, 27.2, 27.11, 27.01, 26.87, 26.75, 26.49, 26.38, 26.26, 26.28, 26.31, 26.34, 26.35, 26.36], [27.08, 27.08, 27.09, 27.09, 27.1, 27.11, 27.13, 27.17, 27.08, 26.99, 26.89, 26.78, 26.52, 26.44, 26.3, 26.32, 26.34, 26.35, 26.36, 26.37], [27.08, 27.08, 27.08, 27.12, 27.12, 27.13, 27.13, 27.14, 27.0, 26.95, 26.88, 26.81, 26.54, 26.33, 26.34, 26.35, 26.36, 26.37, 26.38, 26.38], [27.11, 27.11, 27.11, 27.11, 27.11, 27.11, 27.12, 27.17, 26.95, 26.93, 26.88, 26.83, 26.49, 26.36, 26.36, 26.37, 26.38, 26.39, 26.39, 26.4], [27.1, 27.1, 27.1, 27.18, 27.17, 27.17, 27.16, 27.15, 27.14, 27.14, 27.15, 26.87, 26.65, 26.37, 26.38, 26.39, 26.39, 26.4, 26.41, 26.41], [27.19, 27.18, 27.18, 27.18, 27.17, 27.17, 27.15, 27.14, 27.12, 27.11, 27.13, 26.93, 26.66, 26.6, 26.54, 26.4, 26.36, 26.44, 26.43, 26.42], [27.19, 27.19, 27.18, 27.18, 27.17, 27.17, 27.15, 27.13, 27.09, 27.05, 27.11, 26.96, 26.9, 26.61, 26.55, 26.51, 26.46, 26.5, 26.45, 26.43], [27.19, 27.19, 27.19, 27.18, 27.18, 27.17, 27.16, 27.14, 27.1, 27.06, 27.02, 26.99, 26.94, 26.62, 26.57, 26.6, 26.57, 26.57, 26.44, 26.43], [27.19, 27.19, 27.19, 27.19, 27.18, 27.18, 27.17, 27.17, 27.15, 27.16, 27.07, 27.05, 26.99, 26.79, 26.71, 26.65, 26.62, 26.61, 26.61, 26.61], [27.19, 27.19, 27.19, 27.19, 27.19, 27.19, 27.19, 27.2, 27.21, 27.15, 27.17, 27.16, 27.11, 27.05, 26.77, 26.7, 26.67, 26.65, 26.64, 26.64], [27.2, 27.2, 27.2, 27.2, 27.2, 27.2, 27.21, 27.22, 27.25, 27.24, 27.33, 27.22, 27.14, 27.08, 26.81, 26.75, 26.71, 26.68, 26.67, 26.66], [27.2, 27.2, 27.2, 27.2, 27.21, 27.21, 27.22, 27.24, 27.2, 27.26, 27.3, 27.23, 27.15, 27.09, 26.84, 26.78, 26.74, 26.72, 26.7, 26.69], [27.2, 27.2, 27.21, 27.21, 27.21, 27.22, 27.23, 27.24, 27.18, 27.21, 27.22, 27.19, 27.14, 27.1, 26.86, 26.81, 26.77, 26.74, 26.72, 26.71], [27.2, 27.21, 27.21, 27.21, 27.22, 27.22, 27.23, 27.14, 27.16, 27.18, 27.18, 27.16, 27.13, 27.09, 26.87, 26.82, 26.79, 26.76, 26.74, 26.73]]}