gis_exercise/awsData/contour/temp_2023091415.json
{"header": {"refTime": "2023-09-14T15:00:00.000Z", "nx": 21, "ny": 33, "lo1": 113.509, "la1": 22.2235, "lo2": 113.5947, "la2": 22.1034, "dx": 0.0042850000000001385, "dy": 0.003753125000000024, "parameterCategory": 0, "parameterCategoryName": "Temperature", "parameterNumber": 0}, "z": [[27.12, 27.12, 27.11, 26.83, 26.84, 26.95, 26.96, 26.98, 26.98, 26.93, 26.91, 26.89, 27.0, 26.99, 26.93, 26.92, 26.89, 26.89, 26.89, 26.89], [27.13, 27.12, 27.11, 27.11, 26.84, 26.86, 26.97, 27.0, 27.01, 26.96, 26.92, 26.89, 26.99, 26.98, 26.93, 26.89, 26.89, 26.89, 26.88, 26.88], [27.13, 27.13, 27.12, 27.11, 26.83, 26.85, 26.89, 27.01, 27.08, 26.98, 26.91, 26.88, 26.98, 26.97, 26.9, 26.89, 26.89, 26.88, 26.88, 26.88], [27.14, 27.13, 27.12, 27.11, 27.1, 26.84, 26.87, 26.92, 26.96, 26.94, 26.89, 26.87, 26.96, 26.84, 26.9, 26.89, 26.88, 26.88, 26.87, 26.87], [27.15, 27.14, 27.13, 27.12, 27.1, 26.81, 26.82, 26.84, 26.84, 26.87, 26.84, 26.84, 26.88, 26.85, 26.9, 26.89, 26.87, 26.87, 26.87, 26.87], [27.16, 27.15, 27.15, 27.13, 27.11, 27.08, 26.78, 26.77, 26.76, 26.73, 26.77, 26.83, 26.86, 26.93, 26.9, 26.88, 26.86, 26.85, 26.86, 26.86], [27.2, 27.17, 27.17, 27.16, 27.13, 27.09, 26.87, 26.73, 26.71, 26.67, 26.67, 26.81, 26.96, 26.95, 26.9, 26.87, 26.84, 26.83, 26.82, 26.82], [27.22, 27.22, 27.22, 27.22, 27.2, 27.0, 26.91, 26.79, 26.69, 26.65, 26.57, 26.85, 26.85, 26.95, 26.87, 26.9, 26.85, 26.84, 26.86, 26.88], [27.08, 27.1, 27.26, 27.27, 27.28, 27.24, 27.13, 26.87, 26.64, 26.68, 26.69, 26.77, 26.8, 26.75, 26.88, 26.9, 26.88, 26.87, 26.87, 26.88], [27.6, 27.6, 27.6, 27.18, 27.24, 27.4, 27.29, 27.13, 26.59, 26.6, 26.8, 26.72, 26.75, 26.73, 26.88, 26.91, 26.9, 26.89, 26.89, 26.89], [27.6, 27.6, 27.6, 27.6, 27.6, 27.6, 27.6, 27.6, 27.28, 26.63, 26.5, 26.69, 26.71, 26.71, 26.88, 26.92, 26.91, 26.9, 26.9, 26.9], [27.6, 27.6, 27.6, 27.6, 27.6, 27.6, 27.6, 27.6, 27.6, -999.0, 26.5, 27.0, 27.0, 26.7, 26.88, 26.93, 26.92, 26.4, 26.41, 26.41], [27.6, 27.6, 27.6, 27.6, 27.6, 27.6, 27.6, 27.6, 27.6, 27.6, -999.0, 27.0, 27.0, 26.41, 26.67, 26.55, 26.55, 26.46, 26.48, 26.48], [27.6, 27.6, 27.6, 27.6, 27.6, 27.6, 27.6, 27.6, 27.6, 27.6, -999.0, 26.1, 26.1, 26.1, 26.59, 26.49, 26.5, 26.41, 26.43, 26.44], [27.6, 27.6, 27.6, 27.6, 27.6, 27.6, 27.6, 27.6, 27.6, 27.6, 27.6, 27.02, 26.1, 26.1, 26.1, 26.42, 26.44, 26.36, 26.39, 26.41], [27.6, 27.6, 27.6, 27.6, 27.6, 27.6, 27.6, 27.6, 27.6, 27.6, 26.66, 26.76, 26.62, 26.5, 26.63, 26.14, 26.14, 26.13, 26.31, 26.32], [27.6, 27.6, 27.6, 27.6, 27.6, 27.6, 27.6, 27.6, 27.6, 27.6, 26.95, 26.77, 26.57, 26.39, 26.29, 26.26, 26.31, 26.36, 26.39, 26.41], [27.6, 27.6, 27.6, 27.6, 27.6, 27.6, 27.6, 27.6, 27.6, 27.22, 27.02, 26.79, 26.56, 26.31, 26.13, 26.24, 26.32, 26.37, 26.4, 26.43], [27.6, 27.6, 27.6, 27.6, 27.6, 27.6, 27.6, 27.6, 27.47, 27.31, 27.19, 27.0, 26.53, 26.37, 26.23, 26.28, 26.35, 26.39, 26.42, 26.45], [27.6, 27.6, 27.66, 27.65, 27.65, 27.65, 27.64, 27.62, 27.47, 27.36, 27.22, 27.06, 26.57, 26.45, 26.32, 26.35, 26.4, 26.43, 26.45, 26.47], [27.66, 27.66, 27.66, 27.64, 27.64, 27.64, 27.63, 27.63, 27.39, 27.33, 27.24, 27.12, 26.59, 26.39, 26.4, 26.42, 26.45, 26.47, 26.49, 26.5], [27.65, 27.65, 27.65, 27.64, 27.64, 27.64, 27.64, 27.62, 27.37, 27.34, 27.28, 27.19, 26.65, 26.44, 26.45, 26.47, 26.48, 26.51, 26.52, 26.53], [27.65, 27.65, 27.65, 27.61, 27.61, 27.62, 27.62, 27.62, 27.63, 27.63, 27.63, 27.28, 27.02, 26.47, 26.49, 26.49, 26.48, 26.53, 26.56, 26.56], [27.61, 27.61, 27.61, 27.61, 27.61, 27.62, 27.62, 27.63, 27.64, 27.65, 27.64, 27.28, 27.05, 26.93, 26.81, 26.52, 26.39, 26.63, 26.62, 26.59], [27.61, 27.61, 27.61, 27.61, 27.61, 27.62, 27.62, 27.64, 27.66, 27.67, 27.65, 27.33, 27.19, 26.95, 26.84, 26.76, 26.69, 26.81, 26.67, 26.61], [27.61, 27.61, 27.61, 27.61, 27.61, 27.61, 27.62, 27.63, 27.65, 27.67, 27.47, 27.35, 27.23, 26.98, 26.88, 26.8, 26.8, 26.82, 26.65, 26.61], [27.6, 27.6, 27.61, 27.61, 27.61, 27.61, 27.61, 27.62, 27.62, 27.62, 27.43, 27.35, 27.26, 26.96, 26.89, 26.85, 26.83, 26.83, 26.82, 26.82], [27.6, 27.6, 27.6, 27.6, 27.6, 27.6, 27.6, 27.6, 27.59, 27.44, 27.42, 27.5, 27.48, 27.44, 26.94, 26.89, 26.86, 26.85, 26.84, 26.84], [27.6, 27.6, 27.6, 27.6, 27.6, 27.6, 27.59, 27.59, 27.57, 27.44, 27.5, 27.49, 27.47, 27.45, 26.98, 26.93, 26.9, 26.88, 26.87, 26.86], [27.6, 27.6, 27.6, 27.6, 27.6, 27.59, 27.59, 27.58, 27.51, 27.5, 27.5, 27.49, 27.47, 27.45, 27.01, 26.96, 26.92, 26.9, 26.89, 26.88], [27.6, 27.6, 27.6, 27.6, 27.59, 27.59, 27.59, 27.58, 27.5, 27.5, 27.49, 27.48, 27.47, 27.45, 27.02, 26.98, 26.95, 26.92, 26.91, 26.89], [27.6, 27.6, 27.6, 27.59, 27.59, 27.59, 27.58, 27.49, 27.49, 27.49, 27.49, 27.48, 27.47, 27.45, 27.03, 26.99, 26.96, 26.94, 26.92, 26.91]]}