gis_exercise/awsData/contour/temp_2023091411.json
{"header": {"refTime": "2023-09-14T11:00:00.000Z", "nx": 21, "ny": 33, "lo1": 113.509, "la1": 22.2235, "lo2": 113.5947, "la2": 22.1034, "dx": 0.0042850000000001385, "dy": 0.003753125000000024, "parameterCategory": 0, "parameterCategoryName": "Temperature", "parameterNumber": 0}, "z": [[27.39, 27.39, 27.39, 27.13, 27.14, 27.5, 27.51, 27.51, 27.52, 27.51, 27.55, 27.59, 27.88, 27.9, 27.74, 27.73, 27.84, 27.81, 27.8, 27.79], [27.4, 27.39, 27.39, 27.38, 27.14, 27.16, 27.49, 27.48, 27.49, 27.5, 27.55, 27.61, 27.91, 27.93, 27.77, 27.86, 27.83, 27.8, 27.78, 27.77], [27.4, 27.39, 27.39, 27.38, 27.13, 27.15, 27.19, 27.46, 27.42, 27.48, 27.57, 27.66, 27.96, 27.98, 27.91, 27.86, 27.81, 27.77, 27.75, 27.74], [27.4, 27.4, 27.39, 27.38, 27.37, 27.14, 27.17, 27.22, 27.26, 27.49, 27.6, 27.75, 28.05, 27.91, 27.92, 27.84, 27.78, 27.73, 27.72, 27.72], [27.41, 27.41, 27.4, 27.39, 27.37, 27.11, 27.12, 27.14, 27.14, 27.48, 27.6, 27.93, 28.14, 27.96, 27.92, 27.81, 27.72, 27.67, 27.67, 27.68], [27.42, 27.42, 27.41, 27.4, 27.38, 27.35, 27.08, 27.07, 27.06, 27.03, 27.62, 27.82, 28.0, 28.17, 27.88, 27.75, 27.63, 27.58, 27.6, 27.64], [27.44, 27.43, 27.43, 27.42, 27.4, 27.36, 27.15, 27.03, 27.01, 27.08, 27.12, 27.64, 28.07, 28.1, 27.84, 27.69, 27.51, 27.44, 27.48, 27.55], [27.46, 27.46, 27.46, 27.46, 27.44, 27.26, 27.18, 27.08, 27.03, 27.05, 26.95, 27.56, 27.57, 28.1, 27.52, 27.59, 27.46, 27.41, 27.48, 27.53], [27.34, 27.35, 27.5, 27.51, 27.51, 27.48, 27.38, 27.15, 26.94, 27.11, 27.22, 27.38, 27.46, 27.36, 27.54, 27.61, 27.54, 27.5, 27.52, 27.55], [27.8, 27.8, 27.8, 27.43, 27.48, 27.62, 27.52, 27.38, 26.89, 26.9, 27.47, 27.28, 27.34, 27.32, 27.54, 27.64, 27.59, 27.56, 27.56, 27.57], [27.8, 27.8, 27.8, 27.8, 27.8, 27.8, 27.8, 27.8, 27.52, 26.93, 26.8, 27.22, 27.27, 27.27, 27.53, 27.66, 27.62, 27.6, 27.6, 27.6], [27.8, 27.8, 27.8, 27.8, 27.8, 27.8, 27.8, 27.8, 27.8, -999.0, 26.8, 27.9, 27.9, 27.24, 27.53, 27.68, 27.66, 27.24, 27.24, 27.24], [27.8, 27.8, 27.8, 27.8, 27.8, 27.8, 27.8, 27.8, 27.8, 27.8, -999.0, 27.9, 27.9, 27.44, 27.64, 27.26, 27.26, 27.25, 27.25, 27.25], [27.8, 27.8, 27.8, 27.8, 27.8, 27.8, 27.8, 27.8, 27.8, 27.8, -999.0, 27.2, 27.2, 27.2, 27.58, 27.26, 27.26, 27.24, 27.25, 27.25], [27.8, 27.8, 27.8, 27.8, 27.8, 27.8, 27.8, 28.2, 28.2, 28.2, 28.2, 27.82, 27.2, 27.2, 27.2, 27.25, 27.25, 27.24, 27.24, 27.24], [27.8, 27.8, 28.05, 28.06, 28.06, 28.2, 28.2, 28.2, 28.2, 28.2, 27.57, 27.64, 27.55, 27.46, 27.56, 27.27, 27.28, 27.26, 27.28, 27.29], [28.06, 28.06, 27.94, 27.95, 28.2, 28.2, 28.2, 28.2, 28.2, 28.2, 27.77, 27.65, 27.52, 27.4, 27.34, 27.46, 27.55, 27.62, 27.67, 27.71], [27.94, 27.95, 27.95, 27.97, 28.2, 28.2, 28.2, 28.2, 28.2, 27.95, 27.81, 27.66, 27.51, 27.35, 27.22, 27.43, 27.55, 27.64, 27.7, 27.74], [27.95, 27.96, 27.97, 28.2, 28.2, 28.2, 28.2, 28.2, 28.11, 28.01, 27.91, 27.79, 27.51, 27.4, 27.41, 27.5, 27.6, 27.68, 27.73, 27.77], [27.96, 27.96, 28.2, 28.2, 28.2, 28.2, 28.2, 28.2, 28.11, 28.03, 27.93, 27.83, 27.54, 27.46, 27.57, 27.62, 27.69, 27.74, 27.78, 27.81], [28.2, 28.2, 28.2, 28.2, 28.2, 28.2, 28.2, 28.2, 28.04, 28.0, 27.94, 27.86, 27.57, 27.67, 27.69, 27.72, 27.77, 27.81, 27.84, 27.85], [28.2, 28.2, 28.2, 28.2, 28.2, 28.2, 28.2, 28.2, 28.03, 28.0, 27.96, 27.9, 27.59, 27.75, 27.77, 27.8, 27.83, 27.87, 27.89, 27.9], [28.2, 28.2, 28.2, 28.2, 28.2, 28.2, 28.2, 28.2, 28.2, 28.2, 28.2, 27.99, 28.11, 27.81, 27.83, 27.85, 27.83, 27.91, 27.96, 27.95], [28.2, 28.2, 28.2, 28.2, 28.2, 28.2, 28.2, 28.2, 28.2, 28.2, 28.2, 28.0, 28.12, 28.1, 28.07, 27.89, 27.69, 28.07, 28.06, 28.0], [28.2, 28.2, 28.2, 28.2, 28.2, 28.2, 28.2, 28.2, 28.2, 28.2, 28.2, 28.03, 27.96, 28.11, 28.1, 28.09, 28.16, 28.34, 28.12, 28.04], [28.2, 28.2, 28.2, 28.2, 28.2, 28.2, 28.2, 28.2, 28.2, 28.2, 28.1, 28.05, 27.98, 28.13, 28.12, 28.14, 28.2, 28.25, 28.1, 28.04], [28.2, 28.2, 28.2, 28.2, 28.2, 28.2, 28.2, 28.2, 28.2, 28.2, 28.1, 28.06, 28.01, 28.14, 28.14, 28.15, 28.18, 28.19, 28.19, 28.17], [28.2, 28.2, 28.2, 28.2, 28.2, 28.2, 28.2, 28.2, 28.2, 28.12, 28.12, 28.29, 28.33, 28.38, 28.15, 28.16, 28.17, 28.17, 28.17, 28.17], [28.2, 28.2, 28.2, 28.2, 28.2, 28.2, 28.2, 28.2, 28.2, 28.14, 28.22, 28.27, 28.32, 28.36, 28.15, 28.16, 28.16, 28.16, 28.16, 28.16], [28.2, 28.2, 28.2, 28.2, 28.2, 28.2, 28.2, 28.2, 28.27, 28.25, 28.24, 28.27, 28.31, 28.35, 28.16, 28.16, 28.16, 28.16, 28.16, 28.16], [28.2, 28.2, 28.2, 28.2, 28.2, 28.2, 28.2, 28.2, 28.28, 28.27, 28.27, 28.29, 28.32, 28.35, 28.16, 28.16, 28.16, 28.16, 28.16, 28.15], [28.2, 28.2, 28.2, 28.2, 28.2, 28.2, 28.2, 28.3, 28.29, 28.29, 28.3, 28.31, 28.33, 28.35, 28.16, 28.15, 28.15, 28.15, 28.15, 28.15]]}