gis_exercise/awsData/contour/temp_2023090807.json
{"header": {"refTime": "2023-09-08T07:00:00.000Z", "nx": 21, "ny": 33, "lo1": 113.509, "la1": 22.2235, "lo2": 113.5947, "la2": 22.1034, "dx": 0.0042850000000001385, "dy": 0.003753125000000024, "parameterCategory": 0, "parameterCategoryName": "Temperature", "parameterNumber": 0}, "z": [[24.93, 24.92, 24.92, 24.74, 24.75, 24.92, 24.92, 24.92, 24.93, 24.9, 24.91, 24.92, 25.09, 25.1, 25.11, 25.12, 25.2, 25.2, 25.2, 25.2], [24.93, 24.93, 24.92, 24.92, 24.75, 24.76, 24.91, 24.92, 24.92, 24.9, 24.91, 24.93, 25.1, 25.11, 25.12, 25.2, 25.2, 25.2, 25.2, 25.2], [24.93, 24.93, 24.92, 24.92, 24.74, 24.75, 24.78, 24.91, 24.9, 24.9, 24.92, 24.94, 25.12, 25.13, 25.2, 25.2, 25.2, 25.2, 25.2, 25.2], [24.94, 24.93, 24.93, 24.92, 24.91, 24.74, 24.76, 24.79, 24.82, 24.89, 24.92, 24.97, 25.14, 25.06, 25.2, 25.2, 25.2, 25.2, 25.2, 25.2], [24.94, 24.94, 24.93, 24.93, 24.91, 24.73, 24.74, 24.75, 24.74, 24.87, 24.91, 25.06, 25.14, 25.08, 25.2, 25.2, 25.2, 25.2, 25.2, 25.2], [24.95, 24.94, 24.94, 24.93, 24.92, 24.9, 24.71, 24.71, 24.7, 24.68, 24.93, 25.02, 25.1, 25.2, 25.2, 25.2, 25.2, 25.2, 25.2, 25.2], [24.98, 24.95, 24.95, 24.95, 24.93, 24.91, 24.77, 24.69, 24.68, 24.71, 24.72, 24.97, 25.2, 25.2, 25.2, 25.2, 25.2, 25.2, 25.2, 25.2], [24.99, 24.99, 24.99, 24.99, 24.98, 24.84, 24.8, 24.74, 24.71, 24.68, 24.6, 24.98, 24.99, 25.2, 25.2, 25.2, 25.2, 25.2, 25.2, 25.2], [24.91, 24.92, 25.01, 25.02, 25.02, 25.0, 24.94, 24.78, 24.64, 24.72, 24.77, 24.87, 24.92, 24.86, 25.2, 25.2, 25.2, 25.2, 25.2, 25.2], [25.2, 25.2, 25.2, 24.97, 25.0, 25.09, 25.03, 24.94, 24.59, 24.6, 24.93, 24.81, 24.85, 24.83, 25.2, 25.2, 25.2, 25.2, 25.2, 25.2], [25.2, 25.2, 25.2, 25.2, 25.2, 25.2, 25.2, 25.2, 25.02, 24.63, 24.5, 24.77, 24.8, 24.8, 25.2, 25.2, 25.2, 25.2, 25.2, 25.2], [25.2, 25.2, 25.2, 25.2, 25.2, 25.2, 25.2, 25.2, 25.2, -999.0, 24.5, 25.2, 25.2, 24.78, 25.2, 25.2, 25.2, 24.75, 24.76, 24.76], [25.2, 25.2, 25.2, 25.2, 25.2, 25.2, 25.2, 25.2, 25.2, 25.2, -999.0, 25.2, 25.2, 24.68, 24.91, 24.91, 24.91, 24.82, 24.83, 24.84], [25.2, 25.2, 25.2, 25.2, 25.2, 25.2, 25.2, 25.2, 25.2, 25.2, -999.0, 24.4, 24.4, 24.4, 24.84, 24.84, 24.85, 24.75, 24.78, 24.79], [25.2, 25.2, 25.2, 25.2, 25.2, 25.2, 25.2, 25.2, 25.2, 25.2, 25.2, 24.89, 24.4, 24.4, 24.4, 24.77, 24.79, 24.7, 24.73, 24.75], [25.2, 25.2, 25.2, 25.2, 25.2, 25.2, 25.2, 25.2, 25.2, 25.2, 24.7, 24.75, 24.68, 24.61, 24.69, 24.55, 24.57, 24.53, 24.72, 24.74], [25.2, 25.2, 25.2, 25.2, 25.2, 25.2, 25.2, 25.2, 25.2, 25.2, 24.86, 24.76, 24.65, 24.56, 24.54, 24.52, 24.56, 24.59, 24.62, 24.63], [25.2, 25.2, 25.2, 25.2, 25.2, 25.2, 25.2, 25.2, 25.2, 25.0, 24.89, 24.77, 24.64, 24.55, 24.42, 24.5, 24.56, 24.6, 24.63, 24.64], [25.2, 25.2, 25.2, 25.2, 25.2, 25.2, 25.2, 25.2, 25.13, 25.04, 25.01, 24.91, 24.69, 24.59, 24.5, 24.54, 24.59, 24.62, 24.65, 24.66], [25.2, 25.2, 25.31, 25.31, 25.3, 25.29, 25.27, 25.23, 25.15, 25.1, 25.03, 24.95, 24.73, 24.66, 24.57, 24.6, 24.63, 24.65, 24.67, 24.68], [25.32, 25.32, 25.32, 25.28, 25.28, 25.27, 25.27, 25.26, 25.12, 25.1, 25.05, 24.99, 24.76, 24.62, 24.63, 24.65, 24.68, 24.69, 24.7, 24.7], [25.29, 25.29, 25.29, 25.29, 25.29, 25.29, 25.28, 25.27, 25.13, 25.12, 25.08, 25.03, 24.85, 24.66, 24.68, 24.7, 24.72, 24.72, 24.72, 24.72], [25.3, 25.3, 25.3, 25.27, 25.27, 25.28, 25.28, 25.29, 25.3, 25.3, 25.3, 25.18, 25.02, 24.69, 24.71, 24.74, 24.76, 24.76, 24.74, 24.73], [25.27, 25.27, 25.27, 25.28, 25.28, 25.28, 25.29, 25.3, 25.32, 25.33, 25.32, 25.2, 25.04, 24.97, 24.91, 24.75, 24.79, 24.78, 24.76, 24.74], [25.27, 25.27, 25.28, 25.28, 25.28, 25.29, 25.3, 25.32, 25.34, 25.37, 25.33, 25.22, 25.16, 24.98, 24.92, 24.87, 24.78, 24.78, 24.76, 24.75], [25.27, 25.27, 25.28, 25.28, 25.28, 25.29, 25.3, 25.31, 25.34, 25.36, 25.28, 25.22, 25.17, 24.99, 24.93, 24.86, 24.84, 24.84, 24.75, 24.74], [25.27, 25.27, 25.28, 25.28, 25.28, 25.29, 25.29, 25.3, 25.31, 25.31, 25.24, 25.21, 25.17, 24.94, 24.91, 24.88, 24.87, 24.86, 24.86, 24.86], [25.27, 25.27, 25.28, 25.28, 25.28, 25.28, 25.28, 25.29, 25.28, 25.23, 25.22, 25.2, 25.18, 25.14, 24.93, 24.9, 24.89, 24.88, 24.87, 24.88], [25.27, 25.27, 25.27, 25.28, 25.28, 25.28, 25.28, 25.27, 25.26, 25.21, 25.2, 25.19, 25.17, 25.15, 24.95, 24.92, 24.91, 24.89, 24.89, 24.89], [25.27, 25.27, 25.27, 25.27, 25.27, 25.27, 25.27, 25.27, 25.21, 25.2, 25.2, 25.19, 25.17, 25.15, 24.96, 24.94, 24.92, 24.91, 24.9, 24.9], [25.27, 25.27, 25.27, 25.27, 25.27, 25.27, 25.27, 25.26, 25.2, 25.2, 25.19, 25.18, 25.17, 25.15, 24.97, 24.95, 24.93, 24.92, 24.91, 24.91], [25.27, 25.27, 25.27, 25.27, 25.27, 25.27, 25.27, 25.19, 25.19, 25.19, 25.19, 25.18, 25.17, 25.15, 24.98, 24.96, 24.94, 24.93, 24.92, 24.92]]}