gis_exercise/awsData/contour/temp_2023090321.json
{"header": {"refTime": "2023-09-03T21:00:00.000Z", "nx": 21, "ny": 33, "lo1": 113.509, "la1": 22.2235, "lo2": 113.5947, "la2": 22.1034, "dx": 0.0042850000000001385, "dy": 0.003753125000000024, "parameterCategory": 0, "parameterCategoryName": "Temperature", "parameterNumber": 0}, "z": [[28.71, 28.71, 28.71, 28.74, 28.74, 28.94, 28.92, 28.91, 28.91, 28.79, 28.82, 28.85, 28.84, 28.85, 28.89, 28.87, 28.75, 28.73, 28.72, 28.71], [28.7, 28.71, 28.71, 28.72, 28.74, 28.74, 28.91, 28.87, 28.85, 28.78, 28.82, 28.86, 28.87, 28.87, 28.91, 28.77, 28.74, 28.72, 28.71, 28.7], [28.7, 28.71, 28.71, 28.72, 28.75, 28.74, 28.73, 28.84, 28.74, 28.77, 28.83, 28.9, 28.91, 28.91, 28.82, 28.77, 28.74, 28.71, 28.7, 28.69], [28.7, 28.7, 28.71, 28.72, 28.73, 28.75, 28.74, 28.73, 28.72, 28.78, 28.85, 28.95, 28.99, 28.89, 28.83, 28.76, 28.72, 28.69, 28.68, 28.67], [28.69, 28.69, 28.7, 28.71, 28.73, 28.76, 28.76, 28.75, 28.74, 28.78, 28.86, 28.93, 29.14, 28.94, 28.82, 28.74, 28.69, 28.66, 28.65, 28.65], [28.68, 28.68, 28.69, 28.7, 28.72, 28.75, 28.79, 28.79, 28.77, 28.72, 28.68, 28.82, 28.97, 28.97, 28.77, 28.7, 28.64, 28.61, 28.62, 28.64], [28.66, 28.67, 28.67, 28.68, 28.7, 28.74, 28.72, 28.86, 28.84, 28.62, 28.51, 28.6, 28.73, 28.79, 28.71, 28.65, 28.58, 28.55, 28.65, 28.7], [28.64, 28.64, 28.64, 28.64, 28.66, 28.64, 28.71, 28.86, 28.97, 28.61, 28.44, 28.33, 28.33, 28.8, 28.43, 28.4, 28.45, 28.46, 28.44, 28.42], [28.76, 28.75, 28.6, 28.59, 28.59, 28.62, 28.72, 28.76, 28.88, 28.63, 28.36, 28.35, 28.34, 28.35, 28.42, 28.4, 28.42, 28.43, 28.43, 28.42], [28.3, 28.3, 28.3, 28.67, 28.62, 28.48, 28.58, 28.72, 28.7, 28.74, 28.34, 28.36, 28.35, 28.35, 28.42, 28.39, 28.4, 28.41, 28.41, 28.41], [28.3, 28.3, 28.3, 28.3, 28.3, 28.3, 28.3, 28.3, 28.58, 28.86, 28.4, 28.36, 28.36, 28.36, 28.42, 28.38, 28.39, 28.4, 28.4, 28.4], [28.3, 28.3, 28.3, 28.3, 28.3, 28.3, 28.3, 28.3, 28.3, -999.0, 28.4, 28.3, 28.3, 28.36, 28.42, 28.37, 28.38, 28.05, 28.06, 28.06], [28.3, 28.3, 28.3, 28.3, 28.3, 28.3, 28.3, 28.3, 28.3, 28.3, -999.0, 28.3, 28.3, 27.91, 28.08, 28.21, 28.21, 28.12, 28.13, 28.14], [28.3, 28.3, 28.3, 28.3, 28.3, 28.3, 28.3, 28.3, 28.3, 28.3, -999.0, 27.7, 27.7, 27.7, 28.03, 28.14, 28.15, 28.05, 28.08, 28.09], [28.3, 28.3, 28.3, 28.3, 28.3, 28.3, 28.3, 28.2, 28.2, 28.2, 28.2, 28.01, 27.7, 27.7, 27.7, 28.07, 28.09, 28.0, 28.03, 28.05], [28.3, 28.3, 28.24, 28.24, 28.23, 28.2, 28.2, 28.2, 28.2, 28.2, 27.89, 27.92, 27.87, 27.83, 27.88, 27.96, 28.0, 27.93, 28.1, 28.13], [28.24, 28.24, 28.26, 28.26, 28.2, 28.2, 28.2, 28.2, 28.2, 28.2, 27.98, 27.92, 27.86, 27.8, 27.84, 27.64, 27.62, 27.6, 27.58, 27.57], [28.26, 28.26, 28.26, 28.26, 28.2, 28.2, 28.2, 28.2, 28.2, 28.07, 28.01, 27.93, 27.85, 27.84, 27.72, 27.65, 27.62, 27.6, 27.58, 27.57], [28.26, 28.26, 28.26, 28.2, 28.2, 28.2, 28.2, 28.2, 28.16, 28.1, 28.06, 27.99, 27.96, 27.89, 27.65, 27.64, 27.61, 27.59, 27.57, 27.56], [28.26, 28.26, 28.2, 28.2, 28.2, 28.2, 28.2, 28.2, 28.15, 28.11, 28.06, 28.01, 28.01, 27.97, 27.62, 27.62, 27.6, 27.58, 27.56, 27.55], [28.2, 28.2, 28.2, 28.2, 28.2, 28.2, 28.2, 28.2, 28.12, 28.1, 28.07, 28.03, 28.05, 27.6, 27.61, 27.61, 27.6, 27.58, 27.55, 27.54], [28.2, 28.2, 28.2, 28.2, 28.2, 28.2, 28.2, 28.17, 28.11, 28.1, 28.08, 28.05, 28.09, 27.59, 27.6, 27.61, 27.62, 27.58, 27.54, 27.52], [28.2, 28.2, 28.2, 28.15, 28.15, 28.15, 28.16, 28.16, 28.16, 28.16, 28.16, 28.25, 27.76, 27.57, 27.59, 27.64, 27.71, 27.6, 27.5, 27.48], [28.14, 28.14, 28.14, 28.15, 28.15, 28.15, 28.15, 28.16, 28.16, 28.17, 28.16, 28.2, 27.77, 27.71, 27.66, 27.62, 27.98, 27.44, 27.41, 27.44], [28.14, 28.14, 28.14, 28.14, 28.14, 28.15, 28.15, 28.16, 28.17, 28.18, 28.16, 28.19, 28.2, 27.7, 27.63, 27.56, 27.32, 27.08, 27.32, 27.4], [28.14, 28.14, 28.14, 28.14, 28.14, 28.14, 28.14, 28.15, 28.16, 28.17, 28.17, 28.17, 28.19, 27.69, 27.61, 27.5, 27.38, 27.32, 27.34, 27.4], [28.13, 28.13, 28.13, 28.13, 28.13, 28.13, 28.13, 28.13, 28.14, 28.13, 28.15, 28.15, 28.17, 27.64, 27.58, 27.52, 27.45, 27.42, 27.43, 27.46], [28.13, 28.13, 28.13, 28.13, 28.13, 28.13, 28.12, 28.12, 28.11, 28.11, 28.1, 27.84, 27.74, 27.62, 27.61, 27.55, 27.51, 27.48, 27.48, 27.49], [28.13, 28.13, 28.13, 28.13, 28.12, 28.12, 28.11, 28.1, 28.08, 28.07, 27.96, 27.87, 27.76, 27.66, 27.64, 27.59, 27.55, 27.53, 27.52, 27.52], [28.13, 28.13, 28.12, 28.12, 28.12, 28.11, 28.11, 28.1, 27.88, 27.91, 27.93, 27.86, 27.77, 27.67, 27.66, 27.61, 27.58, 27.56, 27.54, 27.54], [28.13, 28.12, 28.12, 28.12, 28.12, 28.11, 28.1, 28.09, 27.85, 27.86, 27.86, 27.82, 27.75, 27.68, 27.67, 27.63, 27.6, 27.58, 27.57, 27.56], [28.12, 28.12, 28.12, 28.12, 28.11, 28.11, 28.1, 27.81, 27.82, 27.82, 27.81, 27.78, 27.73, 27.68, 27.68, 27.64, 27.62, 27.6, 27.59, 27.58]]}