gis_exercise/awsData/contour/temp_2023090715.json
{"header": {"refTime": "2023-09-07T15:00:00.000Z", "nx": 21, "ny": 33, "lo1": 113.509, "la1": 22.2235, "lo2": 113.5947, "la2": 22.1034, "dx": 0.0042850000000001385, "dy": 0.003753125000000024, "parameterCategory": 0, "parameterCategoryName": "Temperature", "parameterNumber": 0}, "z": [[28.39, 28.38, 28.37, 28.19, 28.19, 28.34, 28.34, 28.34, 28.35, 28.36, 28.38, 28.4, 28.63, 28.65, 28.47, 28.46, 28.64, 28.63, 28.62, 28.62], [28.39, 28.38, 28.38, 28.37, 28.19, 28.2, 28.33, 28.33, 28.34, 28.35, 28.38, 28.41, 28.64, 28.66, 28.48, 28.65, 28.63, 28.62, 28.61, 28.61], [28.4, 28.39, 28.38, 28.37, 28.19, 28.2, 28.22, 28.32, 28.31, 28.35, 28.39, 28.43, 28.66, 28.67, 28.66, 28.64, 28.62, 28.6, 28.59, 28.59], [28.4, 28.4, 28.39, 28.38, 28.36, 28.19, 28.2, 28.22, 28.24, 28.35, 28.4, 28.47, 28.68, 28.65, 28.66, 28.63, 28.6, 28.58, 28.57, 28.57], [28.41, 28.41, 28.4, 28.39, 28.37, 28.18, 28.18, 28.19, 28.19, 28.36, 28.41, 28.64, 28.68, 28.66, 28.66, 28.62, 28.57, 28.54, 28.54, 28.55], [28.42, 28.42, 28.41, 28.4, 28.38, 28.36, 28.16, 28.16, 28.16, 28.15, 28.55, 28.63, 28.67, 28.8, 28.66, 28.59, 28.52, 28.48, 28.5, 28.53], [28.49, 28.43, 28.43, 28.42, 28.41, 28.38, 28.28, 28.14, 28.13, 28.28, 28.33, 28.62, 28.87, 28.85, 28.67, 28.57, 28.44, 28.39, 28.37, 28.4], [28.5, 28.5, 28.51, 28.5, 28.49, 28.37, 28.3, 28.2, 28.15, 28.25, 28.21, 28.72, 28.73, 28.85, 28.56, 28.64, 28.48, 28.43, 28.52, 28.57], [28.4, 28.41, 28.53, 28.54, 28.55, 28.52, 28.44, 28.27, 28.1, 28.29, 28.45, 28.58, 28.64, 28.56, 28.58, 28.66, 28.58, 28.54, 28.56, 28.59], [28.8, 28.8, 28.8, 28.47, 28.52, 28.64, 28.56, 28.44, 28.1, 28.1, 28.65, 28.5, 28.54, 28.52, 28.58, 28.69, 28.64, 28.61, 28.61, 28.62], [28.8, 28.8, 28.8, 28.8, 28.8, 28.8, 28.8, 28.8, 28.55, 28.1, 28.1, 28.44, 28.48, 28.49, 28.57, 28.72, 28.68, 28.65, 28.65, 28.65], [28.8, 28.8, 28.8, 28.8, 28.8, 28.8, 28.8, 28.8, 28.8, -999.0, 28.1, 29.0, 29.0, 28.46, 28.56, 28.74, 28.72, 27.96, 27.97, 27.97], [28.8, 28.8, 28.8, 28.8, 28.8, 28.8, 28.8, 28.8, 28.8, 28.8, -999.0, 29.0, 29.0, 28.15, 28.52, 28.08, 28.09, 28.01, 28.02, 28.03], [28.8, 28.8, 28.8, 28.8, 28.8, 28.8, 28.8, 28.8, 28.8, 28.8, -999.0, 27.7, 27.7, 27.7, 28.41, 28.03, 28.04, 27.97, 27.98, 27.99], [28.8, 28.8, 28.8, 28.8, 28.8, 28.8, 28.8, 29.6, 29.6, 29.6, 29.6, 28.87, 27.7, 27.7, 27.7, 27.97, 27.99, 27.92, 27.94, 27.96], [28.8, 28.8, 29.3, 29.31, 29.33, 29.6, 29.6, 29.6, 29.6, 29.6, 28.4, 28.54, 28.36, 28.2, 28.38, 27.88, 27.91, 27.86, 27.99, 28.01], [29.31, 29.32, 29.08, 29.1, 29.6, 29.6, 29.6, 29.6, 29.6, 29.6, 28.78, 28.55, 28.3, 28.07, 27.98, 27.99, 28.09, 28.17, 28.23, 28.28], [29.09, 29.1, 29.11, 29.13, 29.6, 29.6, 29.6, 29.6, 29.6, 29.12, 28.86, 28.58, 28.28, 28.0, 27.74, 27.95, 28.1, 28.2, 28.26, 28.3], [29.1, 29.11, 29.13, 29.6, 29.6, 29.6, 29.6, 29.6, 29.43, 29.23, 29.03, 28.8, 28.31, 28.09, 27.93, 28.04, 28.16, 28.24, 28.3, 28.34], [29.11, 29.13, 29.54, 29.55, 29.55, 29.55, 29.56, 29.58, 29.41, 29.26, 29.06, 28.87, 28.38, 28.23, 28.12, 28.18, 28.25, 28.31, 28.35, 28.38], [29.54, 29.54, 29.54, 29.56, 29.56, 29.56, 29.57, 29.57, 29.28, 29.2, 29.08, 28.93, 28.43, 28.24, 28.26, 28.3, 28.35, 28.39, 28.42, 28.43], [29.55, 29.55, 29.55, 29.56, 29.56, 29.56, 29.56, 29.58, 29.23, 29.19, 29.1, 29.0, 28.45, 28.33, 28.36, 28.4, 28.43, 28.47, 28.48, 28.48], [29.55, 29.55, 29.55, 29.59, 29.59, 29.58, 29.58, 29.58, 29.57, 29.57, 29.57, 29.19, 28.98, 28.39, 28.43, 28.46, 28.47, 28.53, 28.55, 28.53], [29.59, 29.59, 29.59, 29.59, 29.59, 29.58, 29.58, 29.57, 29.56, 29.55, 29.56, 29.23, 29.0, 28.9, 28.81, 28.51, 28.39, 28.66, 28.63, 28.58], [29.59, 29.59, 29.59, 29.59, 29.59, 29.58, 29.58, 29.56, 29.54, 29.53, 29.55, 29.28, 29.16, 28.92, 28.84, 28.78, 28.72, 28.86, 28.68, 28.61], [29.59, 29.59, 29.59, 29.59, 29.59, 29.59, 29.58, 29.57, 29.55, 29.53, 29.39, 29.31, 29.21, 28.95, 28.88, 28.87, 28.87, 28.89, 28.66, 28.61], [29.6, 29.6, 29.59, 29.59, 29.59, 29.59, 29.59, 29.58, 29.58, 29.58, 29.41, 29.36, 29.27, 29.06, 28.98, 28.93, 28.91, 28.9, 28.9, 28.9], [29.6, 29.6, 29.6, 29.6, 29.6, 29.6, 29.6, 29.6, 29.61, 29.48, 29.49, 29.57, 29.53, 29.49, 29.04, 28.98, 28.95, 28.93, 28.93, 28.92], [29.6, 29.6, 29.6, 29.6, 29.6, 29.6, 29.61, 29.61, 29.63, 29.55, 29.66, 29.6, 29.55, 29.51, 29.09, 29.03, 28.99, 28.96, 28.95, 28.95], [29.6, 29.6, 29.6, 29.6, 29.6, 29.61, 29.61, 29.62, 29.59, 29.62, 29.64, 29.6, 29.56, 29.52, 29.12, 29.06, 29.02, 28.99, 28.98, 28.97], [29.6, 29.6, 29.6, 29.6, 29.61, 29.61, 29.61, 29.62, 29.58, 29.59, 29.6, 29.58, 29.55, 29.52, 29.14, 29.09, 29.05, 29.02, 29.0, 28.99], [29.6, 29.6, 29.6, 29.61, 29.61, 29.61, 29.62, 29.55, 29.56, 29.57, 29.57, 29.56, 29.54, 29.52, 29.15, 29.1, 29.07, 29.04, 29.02, 29.0]]}