gis_exercise/awsData/contour/temp_2023090808.json
{"header": {"refTime": "2023-09-08T08:00:00.000Z", "nx": 21, "ny": 33, "lo1": 113.509, "la1": 22.2235, "lo2": 113.5947, "la2": 22.1034, "dx": 0.0042850000000001385, "dy": 0.003753125000000024, "parameterCategory": 0, "parameterCategoryName": "Temperature", "parameterNumber": 0}, "z": [[25.23, 25.22, 25.22, 25.04, 25.05, 25.22, 25.22, 25.22, 25.23, 25.2, 25.21, 25.22, 25.34, 25.35, 25.35, 25.35, 25.38, 25.37, 25.37, 25.37], [25.23, 25.23, 25.22, 25.22, 25.05, 25.06, 25.21, 25.22, 25.22, 25.2, 25.21, 25.23, 25.35, 25.36, 25.36, 25.38, 25.37, 25.37, 25.37, 25.36], [25.23, 25.23, 25.22, 25.22, 25.04, 25.05, 25.08, 25.21, 25.2, 25.2, 25.22, 25.24, 25.37, 25.38, 25.39, 25.38, 25.37, 25.37, 25.36, 25.36], [25.24, 25.23, 25.23, 25.22, 25.21, 25.04, 25.06, 25.09, 25.12, 25.19, 25.22, 25.27, 25.4, 25.32, 25.39, 25.38, 25.37, 25.36, 25.36, 25.35], [25.24, 25.24, 25.23, 25.23, 25.21, 25.03, 25.04, 25.05, 25.04, 25.17, 25.21, 25.32, 25.43, 25.34, 25.39, 25.37, 25.36, 25.35, 25.35, 25.35], [25.25, 25.24, 25.24, 25.23, 25.22, 25.2, 25.01, 25.01, 25.0, 24.98, 25.18, 25.27, 25.36, 25.43, 25.38, 25.36, 25.34, 25.34, 25.34, 25.34], [25.28, 25.25, 25.25, 25.25, 25.23, 25.21, 25.07, 24.99, 24.98, 24.97, 24.97, 25.19, 25.39, 25.4, 25.37, 25.35, 25.33, 25.32, 25.34, 25.35], [25.29, 25.29, 25.29, 25.29, 25.28, 25.14, 25.1, 25.04, 24.99, 24.95, 24.87, 25.15, 25.15, 25.4, 25.3, 25.3, 25.3, 25.3, 25.3, 25.3], [25.21, 25.22, 25.31, 25.32, 25.32, 25.3, 25.24, 25.08, 24.94, 24.98, 24.99, 25.07, 25.1, 25.05, 25.3, 25.3, 25.3, 25.3, 25.3, 25.3], [25.5, 25.5, 25.5, 25.27, 25.3, 25.39, 25.33, 25.24, 24.89, 24.9, 25.1, 25.02, 25.05, 25.03, 25.3, 25.3, 25.3, 25.3, 25.3, 25.3], [25.5, 25.5, 25.5, 25.5, 25.5, 25.5, 25.5, 25.5, 25.32, 24.93, 24.8, 24.99, 25.01, 25.01, 25.3, 25.3, 25.3, 25.3, 25.3, 25.3], [25.5, 25.5, 25.5, 25.5, 25.5, 25.5, 25.5, 25.5, 25.5, -999.0, 24.8, 25.3, 25.3, 25.0, 25.3, 25.3, 25.3, 24.85, 24.86, 24.86], [25.5, 25.5, 25.5, 25.5, 25.5, 25.5, 25.5, 25.5, 25.5, 25.5, -999.0, 25.3, 25.3, 24.78, 25.01, 25.01, 25.01, 24.92, 24.93, 24.94], [25.5, 25.5, 25.5, 25.5, 25.5, 25.5, 25.5, 25.5, 25.5, 25.5, -999.0, 24.5, 24.5, 24.5, 24.94, 24.94, 24.95, 24.85, 24.88, 24.89], [25.5, 25.5, 25.5, 25.5, 25.5, 25.5, 25.5, 25.5, 25.5, 25.5, 25.5, 25.12, 24.5, 24.5, 24.5, 24.87, 24.89, 24.8, 24.83, 24.85], [25.5, 25.5, 25.5, 25.5, 25.5, 25.5, 25.5, 25.5, 25.5, 25.5, 24.87, 24.94, 24.85, 24.76, 24.86, 24.68, 24.71, 24.66, 24.84, 24.87], [25.5, 25.5, 25.5, 25.5, 25.5, 25.5, 25.5, 25.5, 25.5, 25.5, 25.07, 24.95, 24.82, 24.7, 24.68, 24.62, 24.66, 24.7, 24.72, 24.74], [25.5, 25.5, 25.5, 25.5, 25.5, 25.5, 25.5, 25.5, 25.5, 25.25, 25.11, 24.96, 24.81, 24.68, 24.53, 24.61, 24.67, 24.71, 24.73, 24.75], [25.5, 25.5, 25.5, 25.5, 25.5, 25.5, 25.5, 25.5, 25.41, 25.31, 25.19, 25.07, 24.86, 24.74, 24.6, 24.64, 24.69, 24.73, 24.75, 24.76], [25.5, 25.5, 25.44, 25.45, 25.45, 25.45, 25.46, 25.48, 25.39, 25.31, 25.21, 25.1, 24.91, 24.83, 24.68, 24.7, 24.74, 24.76, 24.77, 24.78], [25.44, 25.44, 25.44, 25.46, 25.46, 25.46, 25.47, 25.47, 25.32, 25.28, 25.21, 25.13, 24.95, 24.73, 24.74, 24.76, 24.78, 24.8, 24.8, 24.8], [25.45, 25.45, 25.45, 25.46, 25.46, 25.46, 25.46, 25.43, 25.29, 25.26, 25.22, 25.17, 24.95, 24.77, 24.79, 24.81, 24.83, 24.83, 24.83, 24.82], [25.45, 25.45, 25.45, 25.41, 25.41, 25.42, 25.42, 25.42, 25.41, 25.41, 25.41, 25.32, 25.09, 24.79, 24.82, 24.85, 24.88, 24.87, 24.85, 24.83], [25.41, 25.41, 25.41, 25.41, 25.41, 25.41, 25.41, 25.41, 25.4, 25.4, 25.4, 25.28, 25.1, 25.05, 25.0, 24.87, 24.94, 24.88, 24.85, 24.84], [25.4, 25.4, 25.4, 25.4, 25.4, 25.4, 25.4, 25.4, 25.4, 25.4, 25.39, 25.29, 25.25, 25.05, 25.0, 24.96, 24.86, 24.84, 24.85, 24.84], [25.4, 25.4, 25.4, 25.4, 25.4, 25.39, 25.39, 25.39, 25.39, 25.39, 25.33, 25.29, 25.26, 25.06, 25.01, 24.96, 24.93, 24.92, 24.84, 24.83], [25.4, 25.4, 25.4, 25.39, 25.39, 25.39, 25.39, 25.38, 25.38, 25.38, 25.31, 25.29, 25.26, 25.04, 25.01, 24.98, 24.96, 24.95, 24.95, 24.96], [25.4, 25.39, 25.39, 25.39, 25.39, 25.38, 25.38, 25.37, 25.37, 25.3, 25.3, 25.26, 25.22, 25.18, 25.03, 25.0, 24.98, 24.97, 24.97, 24.97], [25.39, 25.39, 25.39, 25.39, 25.38, 25.38, 25.37, 25.37, 25.35, 25.3, 25.29, 25.26, 25.23, 25.19, 25.05, 25.02, 25.0, 24.99, 24.98, 24.98], [25.39, 25.39, 25.39, 25.38, 25.38, 25.38, 25.37, 25.36, 25.27, 25.28, 25.28, 25.26, 25.23, 25.2, 25.06, 25.04, 25.02, 25.0, 25.0, 24.99], [25.39, 25.39, 25.39, 25.38, 25.38, 25.38, 25.37, 25.36, 25.26, 25.26, 25.26, 25.25, 25.23, 25.2, 25.07, 25.05, 25.03, 25.02, 25.01, 25.0], [25.39, 25.39, 25.38, 25.38, 25.38, 25.37, 25.37, 25.25, 25.25, 25.25, 25.24, 25.23, 25.22, 25.2, 25.07, 25.05, 25.04, 25.03, 25.02, 25.01]]}