gis_exercise/awsData/contour/temp_2023090518.json
{"header": {"refTime": "2023-09-05T18:00:00.000Z", "nx": 21, "ny": 33, "lo1": 113.509, "la1": 22.2235, "lo2": 113.5947, "la2": 22.1034, "dx": 0.0042850000000001385, "dy": 0.003753125000000024, "parameterCategory": 0, "parameterCategoryName": "Temperature", "parameterNumber": 0}, "z": [[31.94, 31.93, 31.92, 31.63, 31.63, 31.87, 31.86, 31.85, 31.85, 31.73, 31.75, 31.77, 31.97, 31.99, 31.96, 31.96, 32.04, 32.03, 32.03, 32.02], [31.95, 31.94, 31.93, 31.91, 31.64, 31.64, 31.84, 31.82, 31.81, 31.73, 31.75, 31.78, 31.99, 32.0, 31.98, 32.05, 32.04, 32.03, 32.02, 32.02], [31.95, 31.95, 31.94, 31.92, 31.64, 31.64, 31.65, 31.8, 31.73, 31.72, 31.76, 31.81, 32.02, 32.03, 32.06, 32.05, 32.03, 32.02, 32.02, 32.01], [31.96, 31.96, 31.95, 31.94, 31.92, 31.64, 31.65, 31.66, 31.66, 31.72, 31.77, 31.86, 32.07, 31.96, 32.07, 32.04, 32.02, 32.01, 32.01, 32.01], [31.98, 31.97, 31.96, 31.95, 31.94, 31.64, 31.65, 31.65, 31.63, 31.7, 31.76, 31.97, 32.1, 31.99, 32.06, 32.03, 32.01, 32.0, 31.99, 32.0], [31.99, 31.99, 31.98, 31.97, 31.96, 31.95, 31.66, 31.65, 31.63, 31.57, 31.76, 31.9, 32.01, 32.13, 32.05, 32.02, 31.98, 31.97, 31.98, 31.99], [32.12, 32.0, 32.0, 32.0, 31.99, 31.98, 31.82, 31.7, 31.67, 31.6, 31.54, 31.79, 32.09, 32.1, 32.03, 32.0, 31.95, 31.93, 31.96, 31.97], [32.13, 32.13, 32.13, 32.13, 32.12, 31.89, 31.86, 31.83, 31.83, 31.56, 31.35, 31.75, 31.76, 32.1, 31.94, 31.95, 31.93, 31.92, 31.93, 31.94], [32.07, 32.08, 32.15, 32.15, 32.16, 32.14, 32.09, 31.84, 31.68, 31.62, 31.51, 31.63, 31.68, 31.61, 31.94, 31.95, 31.94, 31.93, 31.94, 31.94], [32.3, 32.3, 32.3, 32.11, 32.14, 32.21, 32.16, 32.09, 31.5, 31.54, 31.69, 31.55, 31.6, 31.57, 31.94, 31.96, 31.95, 31.94, 31.94, 31.95], [32.3, 32.3, 32.3, 32.3, 32.3, 32.3, 32.3, 32.3, 32.16, 31.66, 31.2, 31.5, 31.54, 31.54, 31.94, 31.96, 31.95, 31.95, 31.95, 31.95], [32.3, 32.3, 32.3, 32.3, 32.3, 32.3, 32.3, 32.3, 32.3, -999.0, 31.2, 32.0, 32.0, 31.52, 31.94, 31.96, 31.96, 30.54, 30.57, 30.58], [32.3, 32.3, 32.3, 32.3, 32.3, 32.3, 32.3, 32.3, 32.3, 32.3, -999.0, 32.0, 32.0, 30.37, 31.09, 31.03, 31.04, 30.75, 30.79, 30.82], [32.3, 32.3, 32.3, 32.3, 32.3, 32.3, 32.3, 32.3, 32.3, 32.3, -999.0, 29.5, 29.5, 29.5, 30.87, 30.83, 30.86, 30.56, 30.63, 30.68], [32.3, 32.3, 32.3, 32.3, 32.3, 32.3, 32.3, 32.1, 32.1, 32.1, 32.1, 31.1, 29.5, 29.5, 29.5, 30.6, 30.67, 30.39, 30.48, 30.55], [32.3, 32.3, 32.17, 32.17, 32.17, 32.1, 32.1, 32.1, 32.1, 32.1, 30.46, 30.65, 30.4, 30.19, 30.43, 30.01, 30.09, 29.95, 30.5, 30.58], [32.17, 32.17, 32.23, 32.23, 32.1, 32.1, 32.1, 32.1, 32.1, 32.1, 30.98, 30.66, 30.32, 30.01, 29.97, 29.75, 29.83, 29.9, 29.95, 29.98], [32.23, 32.23, 32.22, 32.22, 32.1, 32.1, 32.1, 32.1, 32.1, 31.44, 31.09, 30.7, 30.29, 29.99, 29.57, 29.72, 29.84, 29.92, 29.97, 30.0], [32.22, 32.22, 32.22, 32.1, 32.1, 32.1, 32.1, 32.1, 31.87, 31.59, 31.31, 30.99, 30.47, 30.15, 29.7, 29.79, 29.9, 29.97, 30.01, 30.03], [32.22, 32.22, 31.99, 31.99, 32.0, 32.01, 32.03, 32.07, 31.83, 31.62, 31.35, 31.08, 30.59, 30.38, 29.87, 29.92, 29.99, 30.03, 30.06, 30.07], [31.98, 31.98, 31.98, 32.02, 32.02, 32.03, 32.03, 32.04, 31.65, 31.54, 31.37, 31.17, 30.69, 29.97, 30.0, 30.05, 30.09, 30.12, 30.11, 30.11], [32.01, 32.01, 32.01, 32.01, 32.01, 32.01, 32.02, 32.07, 31.58, 31.51, 31.4, 31.25, 30.73, 30.05, 30.1, 30.16, 30.21, 30.2, 30.17, 30.14], [32.0, 32.0, 32.0, 32.08, 32.07, 32.07, 32.06, 32.05, 32.04, 32.04, 32.05, 31.7, 30.91, 30.11, 30.17, 30.26, 30.36, 30.29, 30.2, 30.16], [32.09, 32.08, 32.08, 32.08, 32.07, 32.07, 32.05, 32.04, 32.02, 32.01, 32.03, 31.75, 30.95, 30.78, 30.64, 30.3, 30.6, 30.24, 30.17, 30.15], [32.09, 32.09, 32.08, 32.08, 32.07, 32.07, 32.05, 32.03, 31.99, 31.95, 32.01, 31.79, 31.71, 30.79, 30.64, 30.5, 30.16, 30.02, 30.13, 30.14], [32.09, 32.09, 32.09, 32.08, 32.08, 32.07, 32.06, 32.04, 32.0, 31.96, 31.88, 31.84, 31.76, 30.81, 30.65, 30.58, 30.43, 30.37, 30.12, 30.13], [32.09, 32.09, 32.09, 32.09, 32.08, 32.08, 32.07, 32.07, 32.05, 32.06, 31.93, 31.89, 31.82, 31.01, 30.83, 30.68, 30.57, 30.52, 30.53, 30.57], [32.09, 32.09, 32.09, 32.09, 32.09, 32.09, 32.09, 32.1, 32.11, 32.02, 32.04, 31.8, 31.62, 31.42, 30.94, 30.8, 30.7, 30.64, 30.62, 30.63], [32.1, 32.1, 32.1, 32.1, 32.1, 32.1, 32.11, 32.12, 32.15, 32.12, 32.16, 31.91, 31.69, 31.5, 31.04, 30.9, 30.8, 30.74, 30.71, 30.7], [32.1, 32.1, 32.1, 32.1, 32.11, 32.11, 32.12, 32.14, 31.88, 32.01, 32.08, 31.91, 31.71, 31.54, 31.11, 30.98, 30.88, 30.82, 30.78, 30.76], [32.1, 32.1, 32.11, 32.11, 32.11, 32.12, 32.13, 32.14, 31.84, 31.9, 31.9, 31.82, 31.69, 31.55, 31.15, 31.03, 30.94, 30.88, 30.84, 30.81], [32.1, 32.11, 32.11, 32.11, 32.12, 32.12, 32.13, 31.74, 31.78, 31.8, 31.79, 31.73, 31.64, 31.54, 31.17, 31.07, 30.99, 30.93, 30.88, 30.85]]}