gis_exercise/awsData/contour/temp_2023091023.json
{"header": {"refTime": "2023-09-10T23:00:00.000Z", "nx": 21, "ny": 33, "lo1": 113.509, "la1": 22.2235, "lo2": 113.5947, "la2": 22.1034, "dx": 0.0042850000000001385, "dy": 0.003753125000000024, "parameterCategory": 0, "parameterCategoryName": "Temperature", "parameterNumber": 0}, "z": [[26.03, 26.02, 26.02, 25.79, 25.8, 26.04, 26.04, 26.04, 26.05, 25.99, 26.0, 26.01, 26.21, 26.22, 26.25, 26.26, 26.31, 26.31, 26.31, 26.31], [26.03, 26.03, 26.02, 26.02, 25.8, 25.81, 26.03, 26.03, 26.04, 25.99, 26.0, 26.02, 26.22, 26.23, 26.26, 26.31, 26.31, 26.31, 26.31, 26.31], [26.03, 26.03, 26.02, 26.02, 25.79, 25.81, 25.84, 26.02, 26.01, 25.99, 26.01, 26.04, 26.24, 26.25, 26.32, 26.31, 26.31, 26.31, 26.31, 26.3], [26.04, 26.03, 26.03, 26.02, 26.01, 25.8, 25.82, 25.86, 25.89, 25.98, 26.01, 26.08, 26.28, 26.16, 26.32, 26.31, 26.31, 26.31, 26.3, 26.3], [26.04, 26.04, 26.03, 26.03, 26.01, 25.78, 25.79, 25.8, 25.8, 25.94, 25.99, 26.17, 26.3, 26.19, 26.32, 26.31, 26.31, 26.3, 26.3, 26.3], [26.05, 26.04, 26.04, 26.03, 26.02, 26.0, 25.76, 25.76, 25.74, 25.7, 25.96, 26.1, 26.21, 26.33, 26.31, 26.31, 26.3, 26.3, 26.3, 26.3], [26.08, 26.05, 26.05, 26.05, 26.03, 26.01, 25.82, 25.74, 25.72, 25.69, 25.68, 25.99, 26.29, 26.3, 26.3, 26.3, 26.3, 26.3, 26.32, 26.32], [26.09, 26.09, 26.09, 26.09, 26.08, 25.9, 25.85, 25.8, 25.78, 25.66, 25.53, 25.95, 25.96, 26.3, 26.26, 26.25, 26.27, 26.28, 26.27, 26.26], [26.01, 26.02, 26.11, 26.12, 26.12, 26.1, 26.04, 25.83, 25.67, 25.72, 25.71, 25.83, 25.88, 25.81, 26.26, 26.25, 26.26, 26.27, 26.26, 26.26], [26.3, 26.3, 26.3, 26.07, 26.1, 26.19, 26.13, 26.04, 25.57, 25.59, 25.89, 25.75, 25.8, 25.77, 26.26, 26.24, 26.25, 26.26, 26.26, 26.25], [26.3, 26.3, 26.3, 26.3, 26.3, 26.3, 26.3, 26.3, 26.12, 25.66, 25.4, 25.7, 25.74, 25.74, 26.26, 26.24, 26.25, 26.25, 26.25, 26.25], [26.3, 26.3, 26.3, 26.3, 26.3, 26.3, 26.3, 26.3, 26.3, -999.0, 25.4, 26.2, 26.2, 25.72, 26.26, 26.24, 26.24, 25.67, 25.69, 25.69], [26.3, 26.3, 26.3, 26.3, 26.3, 26.3, 26.3, 26.3, 26.3, 26.3, -999.0, 26.2, 26.2, 25.55, 25.83, 25.9, 25.91, 25.77, 25.79, 25.8], [26.3, 26.3, 26.3, 26.3, 26.3, 26.3, 26.3, 26.3, 26.3, 26.3, -999.0, 25.2, 25.2, 25.2, 25.75, 25.81, 25.83, 25.69, 25.72, 25.74], [26.3, 26.3, 26.3, 26.3, 26.3, 26.3, 26.3, 26.3, 26.3, 26.3, 26.3, 25.88, 25.2, 25.2, 25.2, 25.7, 25.74, 25.61, 25.65, 25.68], [26.3, 26.3, 26.3, 26.3, 26.3, 26.3, 26.3, 26.3, 26.3, 26.3, 25.61, 25.69, 25.58, 25.49, 25.59, 25.49, 25.54, 25.46, 25.7, 25.74], [26.3, 26.3, 26.3, 26.3, 26.3, 26.3, 26.3, 26.3, 26.3, 26.3, 25.83, 25.69, 25.55, 25.41, 25.42, 25.41, 25.48, 25.54, 25.58, 25.61], [26.3, 26.3, 26.3, 26.3, 26.3, 26.3, 26.3, 26.3, 26.3, 26.02, 25.87, 25.71, 25.54, 25.43, 25.23, 25.39, 25.49, 25.56, 25.6, 25.63], [26.3, 26.3, 26.3, 26.3, 26.3, 26.3, 26.3, 26.3, 26.2, 26.09, 25.98, 25.85, 25.65, 25.5, 25.37, 25.45, 25.53, 25.6, 25.63, 25.65], [26.3, 26.3, 26.3, 26.3, 26.3, 26.3, 26.3, 26.3, 26.2, 26.11, 26.0, 25.89, 25.71, 25.62, 25.51, 25.55, 25.61, 25.65, 25.67, 25.69], [26.3, 26.3, 26.3, 26.3, 26.3, 26.3, 26.3, 26.3, 26.13, 26.08, 26.01, 25.93, 25.76, 25.59, 25.61, 25.65, 25.69, 25.71, 25.72, 25.72], [26.3, 26.3, 26.3, 26.3, 26.3, 26.3, 26.3, 26.3, 26.11, 26.08, 26.03, 25.97, 25.81, 25.66, 25.69, 25.74, 25.77, 25.78, 25.77, 25.75], [26.3, 26.3, 26.3, 26.3, 26.3, 26.3, 26.3, 26.3, 26.3, 26.3, 26.3, 26.22, 26.05, 25.71, 25.75, 25.8, 25.85, 25.84, 25.8, 25.78], [26.3, 26.3, 26.3, 26.3, 26.3, 26.3, 26.3, 26.3, 26.3, 26.3, 26.3, 26.23, 26.06, 26.02, 25.98, 25.84, 25.93, 25.86, 25.82, 25.79], [26.3, 26.3, 26.3, 26.3, 26.3, 26.3, 26.3, 26.3, 26.3, 26.3, 26.3, 26.24, 26.21, 26.02, 25.98, 25.95, 25.85, 25.83, 25.82, 25.8], [26.3, 26.3, 26.3, 26.3, 26.3, 26.3, 26.3, 26.3, 26.3, 26.3, 26.26, 26.24, 26.22, 26.03, 25.99, 25.96, 25.93, 25.92, 25.81, 25.79], [26.3, 26.3, 26.3, 26.3, 26.3, 26.3, 26.3, 26.3, 26.3, 26.3, 26.26, 26.25, 26.23, 26.04, 26.01, 25.98, 25.96, 25.95, 25.95, 25.96], [26.3, 26.3, 26.3, 26.3, 26.3, 26.3, 26.3, 26.3, 26.3, 26.27, 26.27, 26.23, 26.19, 26.15, 26.03, 26.0, 25.98, 25.97, 25.97, 25.97], [26.3, 26.3, 26.3, 26.3, 26.3, 26.3, 26.3, 26.3, 26.3, 26.28, 26.28, 26.24, 26.2, 26.17, 26.05, 26.02, 26.0, 25.99, 25.98, 25.98], [26.3, 26.3, 26.3, 26.3, 26.3, 26.3, 26.3, 26.3, 26.24, 26.26, 26.27, 26.24, 26.21, 26.17, 26.06, 26.04, 26.02, 26.0, 26.0, 25.99], [26.3, 26.3, 26.3, 26.3, 26.3, 26.3, 26.3, 26.3, 26.23, 26.24, 26.24, 26.22, 26.2, 26.18, 26.07, 26.05, 26.03, 26.02, 26.01, 26.0], [26.3, 26.3, 26.3, 26.3, 26.3, 26.3, 26.3, 26.22, 26.22, 26.22, 26.22, 26.21, 26.19, 26.17, 26.07, 26.05, 26.04, 26.03, 26.02, 26.01]]}