gis_exercise/awsData/contour/temp_2023091200.json
{"header": {"refTime": "2023-09-12T00:00:00.000Z", "nx": 21, "ny": 33, "lo1": 113.509, "la1": 22.2235, "lo2": 113.5947, "la2": 22.1034, "dx": 0.0042850000000001385, "dy": 0.003753125000000024, "parameterCategory": 0, "parameterCategoryName": "Temperature", "parameterNumber": 0}, "z": [[26.29, 26.28, 26.28, 26.02, 26.02, 26.27, 26.27, 26.26, 26.27, 26.19, 26.2, 26.21, 26.41, 26.42, 26.48, 26.49, 26.55, 26.55, 26.55, 26.55], [26.29, 26.29, 26.28, 26.27, 26.03, 26.04, 26.26, 26.25, 26.25, 26.19, 26.2, 26.22, 26.42, 26.43, 26.49, 26.55, 26.55, 26.55, 26.55, 26.55], [26.3, 26.29, 26.28, 26.28, 26.02, 26.04, 26.06, 26.24, 26.21, 26.19, 26.21, 26.24, 26.44, 26.45, 26.55, 26.55, 26.55, 26.55, 26.55, 26.55], [26.3, 26.3, 26.29, 26.28, 26.27, 26.03, 26.05, 26.08, 26.1, 26.18, 26.21, 26.28, 26.48, 26.36, 26.55, 26.55, 26.55, 26.55, 26.55, 26.55], [26.31, 26.3, 26.3, 26.29, 26.28, 26.01, 26.02, 26.03, 26.02, 26.14, 26.19, 26.37, 26.5, 26.39, 26.55, 26.55, 26.56, 26.56, 26.56, 26.56], [26.32, 26.31, 26.31, 26.3, 26.29, 26.27, 26.0, 26.0, 25.98, 25.93, 26.16, 26.3, 26.41, 26.53, 26.54, 26.55, 26.56, 26.57, 26.56, 26.56], [26.38, 26.33, 26.32, 26.32, 26.31, 26.29, 26.1, 26.0, 25.98, 25.93, 25.9, 26.19, 26.49, 26.5, 26.53, 26.55, 26.58, 26.58, 26.6, 26.6], [26.39, 26.39, 26.39, 26.39, 26.38, 26.18, 26.13, 26.08, 26.06, 25.9, 25.73, 26.15, 26.16, 26.5, 26.53, 26.5, 26.55, 26.56, 26.54, 26.52], [26.31, 26.32, 26.41, 26.42, 26.42, 26.4, 26.34, 26.11, 25.94, 25.95, 25.91, 26.03, 26.08, 26.01, 26.52, 26.5, 26.52, 26.53, 26.53, 26.52], [26.6, 26.6, 26.6, 26.37, 26.4, 26.49, 26.43, 26.34, 25.82, 25.84, 26.09, 25.95, 26.0, 25.97, 26.52, 26.49, 26.5, 26.51, 26.51, 26.51], [26.6, 26.6, 26.6, 26.6, 26.6, 26.6, 26.6, 26.6, 26.42, 25.93, 25.6, 25.9, 25.94, 25.94, 26.52, 26.48, 26.49, 26.5, 26.5, 26.5], [26.6, 26.6, 26.6, 26.6, 26.6, 26.6, 26.6, 26.6, 26.6, -999.0, 25.6, 26.4, 26.4, 25.92, 26.52, 26.47, 26.48, 25.92, 25.93, 25.94], [26.6, 26.6, 26.6, 26.6, 26.6, 26.6, 26.6, 26.6, 26.6, 26.6, -999.0, 26.4, 26.4, 25.75, 26.03, 26.16, 26.17, 26.02, 26.05, 26.06], [26.6, 26.6, 26.6, 26.6, 26.6, 26.6, 26.6, 26.6, 26.6, 26.6, -999.0, 25.4, 25.4, 25.4, 25.95, 26.06, 26.08, 25.93, 25.96, 25.99], [26.6, 26.6, 26.6, 26.6, 26.6, 26.6, 26.6, 26.5, 26.5, 26.5, 26.5, 26.08, 25.4, 25.4, 25.4, 25.95, 25.99, 25.85, 25.89, 25.93], [26.6, 26.6, 26.54, 26.54, 26.53, 26.5, 26.5, 26.5, 26.5, 26.5, 25.81, 25.89, 25.78, 25.69, 25.79, 25.8, 25.86, 25.76, 26.01, 26.05], [26.54, 26.54, 26.56, 26.56, 26.5, 26.5, 26.5, 26.5, 26.5, 26.5, 26.03, 25.89, 25.75, 25.61, 25.65, 25.63, 25.71, 25.77, 25.81, 25.84], [26.56, 26.56, 26.56, 26.56, 26.5, 26.5, 26.5, 26.5, 26.5, 26.22, 26.07, 25.91, 25.74, 25.66, 25.44, 25.6, 25.72, 25.79, 25.84, 25.86], [26.56, 26.56, 26.56, 26.5, 26.5, 26.5, 26.5, 26.5, 26.4, 26.29, 26.13, 25.99, 25.9, 25.75, 25.59, 25.67, 25.77, 25.83, 25.87, 25.89], [26.56, 26.56, 26.33, 26.34, 26.35, 26.36, 26.39, 26.45, 26.36, 26.26, 26.14, 26.02, 25.97, 25.89, 25.74, 25.79, 25.85, 25.89, 25.92, 25.93], [26.32, 26.32, 26.33, 26.38, 26.38, 26.39, 26.4, 26.41, 26.26, 26.21, 26.13, 26.04, 26.04, 25.83, 25.86, 25.9, 25.94, 25.96, 25.97, 25.96], [26.36, 26.36, 26.36, 26.37, 26.37, 26.37, 26.37, 26.4, 26.2, 26.17, 26.12, 26.06, 26.01, 25.91, 25.95, 26.0, 26.04, 26.04, 26.02, 26.0], [26.35, 26.35, 26.35, 26.39, 26.39, 26.38, 26.38, 26.37, 26.36, 26.35, 26.35, 26.37, 26.18, 25.96, 26.01, 26.08, 26.15, 26.11, 26.05, 26.02], [26.39, 26.39, 26.39, 26.39, 26.38, 26.37, 26.36, 26.34, 26.32, 26.31, 26.33, 26.35, 26.18, 26.18, 26.19, 26.12, 26.32, 26.1, 26.05, 26.02], [26.39, 26.39, 26.39, 26.38, 26.38, 26.37, 26.35, 26.33, 26.28, 26.25, 26.3, 26.34, 26.38, 26.17, 26.17, 26.17, 26.05, 25.97, 26.02, 26.02], [26.39, 26.39, 26.39, 26.38, 26.37, 26.37, 26.35, 26.33, 26.29, 26.26, 26.31, 26.35, 26.38, 26.17, 26.16, 26.19, 26.14, 26.11, 26.02, 26.01], [26.39, 26.39, 26.39, 26.38, 26.38, 26.37, 26.36, 26.35, 26.34, 26.33, 26.36, 26.38, 26.39, 26.27, 26.24, 26.21, 26.18, 26.16, 26.16, 26.18], [26.39, 26.39, 26.39, 26.38, 26.38, 26.38, 26.37, 26.37, 26.38, 26.4, 26.41, 26.31, 26.26, 26.21, 26.26, 26.23, 26.2, 26.19, 26.19, 26.19], [26.39, 26.39, 26.39, 26.39, 26.38, 26.38, 26.39, 26.39, 26.41, 26.44, 26.45, 26.36, 26.29, 26.23, 26.27, 26.25, 26.23, 26.21, 26.21, 26.21], [26.39, 26.39, 26.39, 26.39, 26.39, 26.39, 26.39, 26.4, 26.34, 26.39, 26.42, 26.36, 26.3, 26.24, 26.29, 26.26, 26.24, 26.23, 26.22, 26.22], [26.39, 26.39, 26.39, 26.39, 26.39, 26.39, 26.4, 26.41, 26.32, 26.35, 26.35, 26.33, 26.29, 26.25, 26.29, 26.27, 26.25, 26.24, 26.23, 26.23], [26.39, 26.39, 26.39, 26.39, 26.4, 26.4, 26.4, 26.29, 26.3, 26.32, 26.32, 26.3, 26.27, 26.24, 26.3, 26.28, 26.26, 26.25, 26.24, 26.24]]}