gis_exercise/awsData/contour/temp_2023091001.json
{"header": {"refTime": "2023-09-10T01:00:00.000Z", "nx": 21, "ny": 33, "lo1": 113.509, "la1": 22.2235, "lo2": 113.5947, "la2": 22.1034, "dx": 0.0042850000000001385, "dy": 0.003753125000000024, "parameterCategory": 0, "parameterCategoryName": "Temperature", "parameterNumber": 0}, "z": [[26.49, 26.48, 26.47, 26.19, 26.2, 26.44, 26.44, 26.44, 26.45, 26.39, 26.4, 26.41, 26.63, 26.64, 26.62, 26.62, 26.7, 26.7, 26.69, 26.69], [26.49, 26.48, 26.48, 26.47, 26.2, 26.21, 26.43, 26.43, 26.44, 26.39, 26.4, 26.42, 26.64, 26.66, 26.63, 26.71, 26.7, 26.69, 26.69, 26.69], [26.5, 26.49, 26.48, 26.47, 26.19, 26.21, 26.24, 26.42, 26.41, 26.39, 26.41, 26.44, 26.67, 26.68, 26.72, 26.71, 26.7, 26.69, 26.69, 26.68], [26.5, 26.5, 26.49, 26.48, 26.46, 26.2, 26.22, 26.26, 26.29, 26.38, 26.41, 26.48, 26.7, 26.58, 26.72, 26.7, 26.69, 26.68, 26.68, 26.68], [26.51, 26.51, 26.5, 26.49, 26.47, 26.18, 26.19, 26.2, 26.2, 26.34, 26.39, 26.58, 26.71, 26.61, 26.72, 26.7, 26.68, 26.67, 26.67, 26.67], [26.52, 26.52, 26.51, 26.5, 26.48, 26.46, 26.16, 26.16, 26.14, 26.1, 26.39, 26.52, 26.63, 26.77, 26.71, 26.69, 26.66, 26.65, 26.66, 26.66], [26.59, 26.53, 26.53, 26.52, 26.51, 26.48, 26.27, 26.14, 26.12, 26.11, 26.11, 26.43, 26.74, 26.75, 26.7, 26.67, 26.64, 26.63, 26.64, 26.65], [26.6, 26.6, 26.61, 26.6, 26.59, 26.37, 26.31, 26.23, 26.18, 26.08, 25.94, 26.42, 26.43, 26.75, 26.64, 26.65, 26.63, 26.62, 26.63, 26.64], [26.5, 26.51, 26.63, 26.64, 26.65, 26.62, 26.54, 26.28, 26.07, 26.14, 26.15, 26.28, 26.34, 26.26, 26.64, 26.65, 26.64, 26.63, 26.64, 26.64], [26.9, 26.9, 26.9, 26.57, 26.62, 26.74, 26.66, 26.54, 25.97, 25.99, 26.35, 26.2, 26.24, 26.22, 26.64, 26.66, 26.65, 26.64, 26.64, 26.65], [26.9, 26.9, 26.9, 26.9, 26.9, 26.9, 26.9, 26.9, 26.65, 26.06, 25.8, 26.14, 26.18, 26.19, 26.64, 26.66, 26.65, 26.65, 26.65, 26.65], [26.9, 26.9, 26.9, 26.9, 26.9, 26.9, 26.9, 26.9, 26.9, -999.0, 25.8, 26.7, 26.7, 26.16, 26.64, 26.66, 26.66, 26.03, 26.05, 26.05], [26.9, 26.9, 26.9, 26.9, 26.9, 26.9, 26.9, 26.9, 26.9, 26.9, -999.0, 26.7, 26.7, 25.98, 26.3, 26.24, 26.24, 26.12, 26.14, 26.15], [26.9, 26.9, 26.9, 26.9, 26.9, 26.9, 26.9, 26.9, 26.9, 26.9, -999.0, 25.6, 25.6, 25.6, 26.2, 26.15, 26.17, 26.04, 26.07, 26.09], [26.9, 26.9, 26.9, 26.9, 26.9, 26.9, 26.9, 26.7, 26.7, 26.7, 26.7, 26.28, 25.6, 25.6, 25.6, 26.06, 26.09, 25.97, 26.01, 26.04], [26.9, 26.9, 26.77, 26.77, 26.77, 26.7, 26.7, 26.7, 26.7, 26.7, 26.01, 26.09, 25.98, 25.89, 25.99, 26.0, 26.06, 25.96, 26.16, 26.2], [26.77, 26.77, 26.83, 26.83, 26.7, 26.7, 26.7, 26.7, 26.7, 26.7, 26.23, 26.09, 25.95, 25.81, 25.85, 25.87, 25.96, 26.04, 26.09, 26.13], [26.83, 26.83, 26.82, 26.82, 26.7, 26.7, 26.7, 26.7, 26.7, 26.42, 26.27, 26.11, 25.94, 25.86, 25.64, 25.84, 25.97, 26.06, 26.12, 26.15], [26.82, 26.82, 26.82, 26.7, 26.7, 26.7, 26.7, 26.7, 26.6, 26.49, 26.4, 26.27, 26.1, 25.95, 25.82, 25.92, 26.03, 26.11, 26.16, 26.19], [26.82, 26.82, 26.76, 26.75, 26.75, 26.75, 26.74, 26.72, 26.61, 26.53, 26.42, 26.31, 26.17, 26.09, 26.0, 26.06, 26.13, 26.18, 26.21, 26.23], [26.76, 26.76, 26.76, 26.74, 26.74, 26.74, 26.73, 26.73, 26.55, 26.51, 26.44, 26.36, 26.24, 26.11, 26.14, 26.19, 26.23, 26.26, 26.27, 26.27], [26.75, 26.75, 26.75, 26.74, 26.74, 26.74, 26.74, 26.73, 26.54, 26.52, 26.47, 26.41, 26.34, 26.2, 26.24, 26.3, 26.34, 26.35, 26.33, 26.31], [26.75, 26.75, 26.75, 26.74, 26.74, 26.74, 26.74, 26.74, 26.75, 26.75, 26.75, 26.74, 26.62, 26.26, 26.32, 26.39, 26.45, 26.43, 26.38, 26.34], [26.74, 26.74, 26.74, 26.74, 26.74, 26.74, 26.75, 26.75, 26.76, 26.76, 26.76, 26.75, 26.62, 26.59, 26.57, 26.43, 26.58, 26.45, 26.39, 26.36], [26.74, 26.74, 26.74, 26.74, 26.74, 26.74, 26.75, 26.76, 26.77, 26.78, 26.77, 26.75, 26.74, 26.59, 26.57, 26.54, 26.42, 26.38, 26.38, 26.36], [26.74, 26.74, 26.74, 26.74, 26.74, 26.74, 26.75, 26.76, 26.77, 26.78, 26.76, 26.75, 26.74, 26.6, 26.57, 26.52, 26.49, 26.48, 26.37, 26.35], [26.74, 26.74, 26.74, 26.74, 26.74, 26.74, 26.75, 26.75, 26.75, 26.76, 26.75, 26.74, 26.74, 26.57, 26.55, 26.53, 26.51, 26.51, 26.51, 26.52], [26.74, 26.74, 26.74, 26.74, 26.74, 26.74, 26.74, 26.74, 26.74, 26.73, 26.73, 26.67, 26.64, 26.61, 26.56, 26.54, 26.53, 26.52, 26.52, 26.52], [26.74, 26.74, 26.74, 26.74, 26.74, 26.74, 26.74, 26.74, 26.73, 26.72, 26.69, 26.67, 26.65, 26.62, 26.57, 26.55, 26.54, 26.54, 26.53, 26.53], [26.74, 26.74, 26.74, 26.74, 26.74, 26.74, 26.74, 26.73, 26.68, 26.68, 26.69, 26.67, 26.65, 26.63, 26.58, 26.56, 26.55, 26.55, 26.54, 26.54], [26.74, 26.74, 26.74, 26.74, 26.74, 26.74, 26.73, 26.73, 26.67, 26.67, 26.67, 26.66, 26.65, 26.63, 26.58, 26.57, 26.56, 26.55, 26.55, 26.55], [26.74, 26.74, 26.74, 26.74, 26.73, 26.73, 26.73, 26.66, 26.66, 26.66, 26.66, 26.65, 26.64, 26.63, 26.58, 26.57, 26.57, 26.56, 26.55, 26.55]]}