gis_exercise/awsData/contour/temp_2023083116.json
{"header": {"refTime": "2023-08-31T16:00:00.000Z", "nx": 21, "ny": 33, "lo1": 113.509, "la1": 22.2235, "lo2": 113.5947, "la2": 22.1034, "dx": 0.0042850000000001385, "dy": 0.003753125000000024, "parameterCategory": 0, "parameterCategoryName": "Temperature", "parameterNumber": 0}, "z": [[30.73, 30.72, 30.7, 30.38, 30.38, 30.71, 30.69, 30.67, 30.68, 30.62, 30.67, 30.73, 30.98, 31.01, 31.08, 31.1, 31.26, 31.25, 31.25, 31.24], [30.74, 30.73, 30.71, 30.69, 30.38, 30.38, 30.66, 30.62, 30.6, 30.59, 30.68, 30.76, 31.02, 31.05, 31.11, 31.27, 31.26, 31.25, 31.25, 31.24], [30.75, 30.74, 30.72, 30.7, 30.39, 30.39, 30.39, 30.58, 30.45, 30.56, 30.69, 30.81, 31.08, 31.1, 31.29, 31.27, 31.26, 31.25, 31.24, 31.24], [30.76, 30.75, 30.74, 30.72, 30.69, 30.39, 30.39, 30.39, 30.39, 30.59, 30.74, 30.91, 31.19, 31.11, 31.29, 31.27, 31.25, 31.24, 31.24, 31.24], [30.78, 30.77, 30.76, 30.75, 30.72, 30.39, 30.4, 30.39, 30.38, 30.63, 30.76, 31.13, 31.34, 31.16, 31.29, 31.26, 31.24, 31.23, 31.23, 31.23], [30.8, 30.8, 30.79, 30.78, 30.76, 30.73, 30.41, 30.41, 30.39, 30.35, 30.83, 31.02, 31.2, 31.33, 31.27, 31.24, 31.23, 31.22, 31.22, 31.23], [30.99, 30.82, 30.82, 30.82, 30.8, 30.77, 30.65, 30.44, 30.43, 30.45, 30.43, 30.84, 31.22, 31.24, 31.24, 31.23, 31.21, 31.21, 31.26, 31.27], [31.0, 31.0, 31.01, 31.0, 30.99, 30.75, 30.69, 30.61, 30.57, 30.41, 30.25, 30.72, 30.73, 31.25, 31.13, 31.1, 31.15, 31.16, 31.14, 31.12], [30.9, 30.91, 31.03, 31.04, 31.05, 31.02, 30.94, 30.66, 30.44, 30.47, 30.45, 30.58, 30.64, 30.56, 31.12, 31.1, 31.12, 31.13, 31.13, 31.12], [31.3, 31.3, 31.3, 30.97, 31.02, 31.14, 31.06, 30.94, 30.32, 30.34, 30.65, 30.5, 30.54, 30.52, 31.12, 31.09, 31.1, 31.11, 31.11, 31.11], [31.3, 31.3, 31.3, 31.3, 31.3, 31.3, 31.3, 31.3, 31.05, 30.43, 30.1, 30.44, 30.48, 30.49, 31.12, 31.08, 31.09, 31.1, 31.1, 31.1], [31.3, 31.3, 31.3, 31.3, 31.3, 31.3, 31.3, 31.3, 31.3, -999.0, 30.1, 31.0, 31.0, 30.46, 31.12, 31.07, 31.08, 29.67, 29.7, 29.71], [31.3, 31.3, 31.3, 31.3, 31.3, 31.3, 31.3, 31.3, 31.3, 31.3, -999.0, 31.0, 31.0, 29.37, 30.09, 30.22, 30.24, 29.9, 29.95, 29.98], [31.3, 31.3, 31.3, 31.3, 31.3, 31.3, 31.3, 31.3, 31.3, 31.3, -999.0, 28.5, 28.5, 28.5, 29.87, 29.99, 30.04, 29.7, 29.77, 29.82], [31.3, 31.3, 31.3, 31.3, 31.3, 31.3, 31.3, 30.9, 30.9, 30.9, 30.9, 29.98, 28.5, 28.5, 28.5, 29.74, 29.82, 29.51, 29.6, 29.68], [31.3, 31.3, 31.05, 31.04, 31.04, 30.9, 30.9, 30.9, 30.9, 30.9, 29.39, 29.56, 29.33, 29.13, 29.36, 29.2, 29.3, 29.12, 29.72, 29.81], [31.04, 31.04, 31.16, 31.15, 30.9, 30.9, 30.9, 30.9, 30.9, 30.9, 29.87, 29.57, 29.26, 28.97, 29.0, 28.82, 28.94, 29.03, 29.09, 29.13], [31.16, 31.15, 31.15, 31.13, 30.9, 30.9, 30.9, 30.9, 30.9, 30.29, 29.97, 29.61, 29.23, 29.02, 28.57, 28.79, 28.95, 29.05, 29.12, 29.16], [31.15, 31.14, 31.13, 30.9, 30.9, 30.9, 30.9, 30.9, 30.68, 30.43, 30.21, 29.91, 29.5, 29.19, 28.77, 28.89, 29.02, 29.12, 29.17, 29.2], [31.14, 31.14, 30.9, 30.9, 30.9, 30.9, 30.9, 30.9, 30.67, 30.49, 30.25, 30.0, 29.64, 29.45, 28.99, 29.06, 29.14, 29.2, 29.23, 29.25], [30.9, 30.9, 30.9, 30.9, 30.9, 30.9, 30.9, 30.9, 30.53, 30.43, 30.28, 30.09, 29.77, 29.12, 29.16, 29.22, 29.29, 29.31, 29.31, 29.3], [30.9, 30.9, 30.9, 30.9, 30.9, 30.9, 30.9, 30.88, 30.48, 30.42, 30.32, 30.18, 29.89, 29.23, 29.3, 29.38, 29.44, 29.43, 29.38, 29.34], [30.9, 30.9, 30.9, 30.87, 30.88, 30.88, 30.88, 30.88, 30.88, 30.88, 30.88, 30.77, 30.08, 29.31, 29.39, 29.51, 29.64, 29.54, 29.42, 29.36], [30.87, 30.87, 30.87, 30.87, 30.87, 30.88, 30.88, 30.88, 30.88, 30.88, 30.88, 30.75, 30.11, 29.97, 29.87, 29.56, 29.98, 29.47, 29.38, 29.35], [30.87, 30.87, 30.87, 30.87, 30.87, 30.87, 30.87, 30.88, 30.88, 30.89, 30.88, 30.77, 30.72, 29.97, 29.85, 29.73, 29.36, 29.16, 29.31, 29.33], [30.87, 30.87, 30.87, 30.87, 30.87, 30.87, 30.87, 30.87, 30.88, 30.89, 30.81, 30.77, 30.73, 29.98, 29.85, 29.71, 29.57, 29.5, 29.31, 29.32], [30.87, 30.87, 30.87, 30.87, 30.87, 30.87, 30.87, 30.87, 30.87, 30.87, 30.8, 30.77, 30.74, 29.99, 29.87, 29.77, 29.68, 29.63, 29.64, 29.68], [30.87, 30.87, 30.87, 30.86, 30.86, 30.86, 30.86, 30.86, 30.85, 30.79, 30.79, 30.52, 30.38, 30.22, 29.94, 29.84, 29.77, 29.73, 29.72, 29.73], [30.86, 30.86, 30.86, 30.86, 30.86, 30.86, 30.86, 30.85, 30.84, 30.79, 30.73, 30.57, 30.42, 30.27, 30.0, 29.91, 29.84, 29.8, 29.78, 29.77], [30.86, 30.86, 30.86, 30.86, 30.86, 30.86, 30.85, 30.85, 30.58, 30.64, 30.68, 30.56, 30.43, 30.3, 30.05, 29.96, 29.89, 29.85, 29.83, 29.81], [30.86, 30.86, 30.86, 30.86, 30.86, 30.86, 30.85, 30.85, 30.54, 30.57, 30.57, 30.5, 30.41, 30.3, 30.07, 30.0, 29.94, 29.9, 29.87, 29.85], [30.86, 30.86, 30.86, 30.86, 30.86, 30.85, 30.85, 30.48, 30.5, 30.5, 30.49, 30.45, 30.38, 30.3, 30.08, 30.02, 29.97, 29.93, 29.9, 29.88]]}