gis_exercise/awsData/contour/temp_2023091302.json
{"header": {"refTime": "2023-09-13T02:00:00.000Z", "nx": 21, "ny": 33, "lo1": 113.509, "la1": 22.2235, "lo2": 113.5947, "la2": 22.1034, "dx": 0.0042850000000001385, "dy": 0.003753125000000024, "parameterCategory": 0, "parameterCategoryName": "Temperature", "parameterNumber": 0}, "z": [[26.77, 26.76, 26.76, 26.51, 26.52, 26.79, 26.8, 26.8, 26.81, 26.72, 26.72, 26.73, 26.92, 26.93, 26.95, 26.95, 26.95, 26.94, 26.94, 26.94], [26.77, 26.76, 26.76, 26.76, 26.52, 26.54, 26.79, 26.8, 26.81, 26.73, 26.73, 26.74, 26.93, 26.94, 26.96, 26.95, 26.95, 26.94, 26.94, 26.94], [26.77, 26.77, 26.76, 26.76, 26.51, 26.54, 26.58, 26.8, 26.8, 26.74, 26.73, 26.76, 26.95, 26.95, 26.97, 26.96, 26.95, 26.94, 26.94, 26.93], [26.77, 26.77, 26.76, 26.76, 26.75, 26.52, 26.55, 26.6, 26.65, 26.71, 26.73, 26.79, 26.98, 26.81, 26.97, 26.95, 26.94, 26.94, 26.93, 26.93], [26.77, 26.77, 26.77, 26.76, 26.75, 26.49, 26.51, 26.52, 26.52, 26.65, 26.69, 26.83, 26.99, 26.85, 26.97, 26.95, 26.94, 26.93, 26.93, 26.93], [26.78, 26.78, 26.77, 26.76, 26.75, 26.74, 26.47, 26.46, 26.44, 26.39, 26.6, 26.75, 26.88, 27.0, 26.95, 26.94, 26.93, 26.92, 26.92, 26.92], [26.78, 26.78, 26.78, 26.77, 26.76, 26.74, 26.5, 26.44, 26.41, 26.33, 26.3, 26.62, 26.93, 26.95, 26.94, 26.93, 26.91, 26.91, 26.94, 26.95], [26.79, 26.79, 26.79, 26.79, 26.78, 26.58, 26.53, 26.48, 26.46, 26.3, 26.13, 26.55, 26.56, 26.95, 26.86, 26.85, 26.87, 26.88, 26.87, 26.86], [26.71, 26.72, 26.81, 26.82, 26.82, 26.8, 26.74, 26.51, 26.34, 26.35, 26.31, 26.43, 26.48, 26.41, 26.86, 26.85, 26.86, 26.87, 26.86, 26.86], [27.0, 27.0, 27.0, 26.77, 26.8, 26.89, 26.83, 26.74, 26.22, 26.24, 26.49, 26.35, 26.4, 26.37, 26.86, 26.84, 26.85, 26.86, 26.86, 26.85], [27.0, 27.0, 27.0, 27.0, 27.0, 27.0, 27.0, 27.0, 26.82, 26.33, 26.0, 26.3, 26.34, 26.34, 26.86, 26.84, 26.85, 26.85, 26.85, 26.85], [27.0, 27.0, 27.0, 27.0, 27.0, 27.0, 27.0, 27.0, 27.0, -999.0, 26.0, 26.8, 26.8, 26.32, 26.86, 26.84, 26.84, 26.33, 26.35, 26.35], [27.0, 27.0, 27.0, 27.0, 27.0, 27.0, 27.0, 27.0, 27.0, 27.0, -999.0, 26.8, 26.8, 26.21, 26.47, 26.54, 26.54, 26.42, 26.44, 26.45], [27.0, 27.0, 27.0, 27.0, 27.0, 27.0, 27.0, 27.0, 27.0, 27.0, -999.0, 25.9, 25.9, 25.9, 26.39, 26.45, 26.47, 26.34, 26.37, 26.39], [27.0, 27.0, 27.0, 27.0, 27.0, 27.0, 27.0, 27.1, 27.1, 27.1, 27.1, 26.64, 25.9, 25.9, 25.9, 26.36, 26.39, 26.27, 26.31, 26.34], [27.0, 27.0, 27.06, 27.06, 27.07, 27.1, 27.1, 27.1, 27.1, 27.1, 26.34, 26.43, 26.31, 26.22, 26.33, 26.19, 26.24, 26.16, 26.38, 26.41], [27.06, 27.06, 27.04, 27.04, 27.1, 27.1, 27.1, 27.1, 27.1, 27.1, 26.58, 26.44, 26.28, 26.13, 26.13, 26.11, 26.18, 26.24, 26.28, 26.31], [27.04, 27.04, 27.04, 27.04, 27.1, 27.1, 27.1, 27.1, 27.1, 26.8, 26.63, 26.45, 26.27, 26.14, 25.93, 26.09, 26.19, 26.26, 26.3, 26.33], [27.04, 27.04, 27.04, 27.1, 27.1, 27.1, 27.1, 27.1, 26.99, 26.87, 26.74, 26.59, 26.37, 26.22, 26.07, 26.15, 26.23, 26.3, 26.33, 26.35], [27.04, 27.04, 27.04, 27.05, 27.05, 27.05, 27.06, 27.08, 26.98, 26.88, 26.75, 26.63, 26.44, 26.34, 26.21, 26.25, 26.31, 26.35, 26.37, 26.39], [27.04, 27.04, 27.04, 27.06, 27.06, 27.06, 27.07, 27.07, 26.89, 26.84, 26.76, 26.67, 26.49, 26.29, 26.31, 26.35, 26.39, 26.41, 26.42, 26.42], [27.05, 27.05, 27.05, 27.06, 27.06, 27.06, 27.06, 27.05, 26.86, 26.82, 26.77, 26.71, 26.51, 26.36, 26.39, 26.44, 26.47, 26.48, 26.47, 26.45], [27.05, 27.05, 27.05, 27.04, 27.04, 27.04, 27.04, 27.04, 27.03, 27.03, 27.03, 26.95, 26.75, 26.41, 26.45, 26.5, 26.55, 26.54, 26.5, 26.48], [27.04, 27.04, 27.04, 27.03, 27.03, 27.03, 27.03, 27.03, 27.02, 27.02, 27.02, 26.93, 26.76, 26.72, 26.68, 26.54, 26.63, 26.56, 26.52, 26.49], [27.03, 27.03, 27.03, 27.03, 27.03, 27.03, 27.02, 27.02, 27.01, 27.01, 27.01, 26.94, 26.91, 26.72, 26.68, 26.65, 26.55, 26.53, 26.52, 26.5], [27.03, 27.03, 27.03, 27.03, 27.03, 27.02, 27.02, 27.02, 27.01, 27.01, 26.96, 26.94, 26.92, 26.73, 26.69, 26.66, 26.63, 26.62, 26.51, 26.49], [27.03, 27.03, 27.03, 27.03, 27.03, 27.02, 27.02, 27.02, 27.01, 27.01, 26.96, 26.95, 26.93, 26.74, 26.71, 26.68, 26.66, 26.65, 26.65, 26.66], [27.03, 27.03, 27.03, 27.03, 27.02, 27.02, 27.02, 27.02, 27.01, 26.97, 26.97, 26.93, 26.89, 26.85, 26.73, 26.7, 26.68, 26.67, 26.67, 26.67], [27.03, 27.03, 27.03, 27.02, 27.02, 27.02, 27.02, 27.01, 27.01, 26.98, 26.98, 26.94, 26.9, 26.87, 26.75, 26.72, 26.7, 26.69, 26.68, 26.68], [27.03, 27.03, 27.03, 27.02, 27.02, 27.02, 27.02, 27.01, 26.94, 26.96, 26.97, 26.94, 26.91, 26.87, 26.76, 26.74, 26.72, 26.7, 26.7, 26.69], [27.03, 27.03, 27.02, 27.02, 27.02, 27.02, 27.02, 27.02, 26.93, 26.94, 26.94, 26.92, 26.9, 26.88, 26.77, 26.75, 26.73, 26.72, 26.71, 26.7], [27.03, 27.03, 27.02, 27.02, 27.02, 27.02, 27.02, 26.92, 26.92, 26.92, 26.92, 26.91, 26.89, 26.87, 26.77, 26.75, 26.74, 26.73, 26.72, 26.71]]}