gis_exercise/awsData/contour/temp_2023091017.json
{"header": {"refTime": "2023-09-10T17:00:00.000Z", "nx": 21, "ny": 33, "lo1": 113.509, "la1": 22.2235, "lo2": 113.5947, "la2": 22.1034, "dx": 0.0042850000000001385, "dy": 0.003753125000000024, "parameterCategory": 0, "parameterCategoryName": "Temperature", "parameterNumber": 0}, "z": [[25.6, 25.59, 25.59, 25.28, 25.3, 25.57, 25.57, 25.58, 25.59, 25.48, 25.47, 25.47, 25.73, 25.73, 25.68, 25.68, 25.73, 25.72, 25.72, 25.72], [25.6, 25.59, 25.59, 25.59, 25.29, 25.32, 25.57, 25.58, 25.59, 25.49, 25.48, 25.48, 25.73, 25.74, 25.69, 25.73, 25.73, 25.72, 25.72, 25.71], [25.6, 25.6, 25.59, 25.59, 25.29, 25.31, 25.36, 25.58, 25.6, 25.51, 25.48, 25.49, 25.74, 25.75, 25.74, 25.73, 25.72, 25.71, 25.71, 25.71], [25.6, 25.6, 25.59, 25.59, 25.58, 25.3, 25.33, 25.38, 25.44, 25.47, 25.47, 25.52, 25.76, 25.58, 25.74, 25.73, 25.71, 25.71, 25.7, 25.7], [25.61, 25.6, 25.6, 25.59, 25.58, 25.27, 25.28, 25.3, 25.29, 25.39, 25.42, 25.58, 25.71, 25.61, 25.74, 25.72, 25.7, 25.69, 25.69, 25.69], [25.61, 25.61, 25.61, 25.6, 25.58, 25.56, 25.24, 25.23, 25.2, 25.15, 25.38, 25.52, 25.64, 25.8, 25.74, 25.71, 25.68, 25.67, 25.67, 25.68], [25.63, 25.62, 25.62, 25.61, 25.6, 25.57, 25.3, 25.21, 25.18, 25.12, 25.1, 25.44, 25.8, 25.8, 25.73, 25.7, 25.65, 25.63, 25.64, 25.65], [25.64, 25.65, 25.65, 25.64, 25.63, 25.39, 25.33, 25.28, 25.26, 25.08, 24.88, 25.46, 25.47, 25.8, 25.67, 25.7, 25.65, 25.64, 25.66, 25.68], [25.56, 25.57, 25.67, 25.68, 25.68, 25.66, 25.59, 25.31, 25.11, 25.15, 25.12, 25.28, 25.36, 25.26, 25.68, 25.7, 25.68, 25.67, 25.67, 25.68], [25.9, 25.9, 25.9, 25.62, 25.66, 25.76, 25.69, 25.59, 24.96, 24.99, 25.37, 25.18, 25.24, 25.22, 25.68, 25.71, 25.7, 25.69, 25.69, 25.69], [25.9, 25.9, 25.9, 25.9, 25.9, 25.9, 25.9, 25.9, 25.69, 25.09, 24.7, 25.12, 25.17, 25.17, 25.68, 25.72, 25.71, 25.7, 25.7, 25.7], [25.9, 25.9, 25.9, 25.9, 25.9, 25.9, 25.9, 25.9, 25.9, -999.0, 24.7, 25.8, 25.8, 25.14, 25.68, 25.73, 25.72, 25.03, 25.05, 25.05], [25.9, 25.9, 25.9, 25.9, 25.9, 25.9, 25.9, 25.9, 25.9, 25.9, -999.0, 25.8, 25.8, 25.02, 25.36, 25.24, 25.24, 25.12, 25.14, 25.15], [25.9, 25.9, 25.9, 25.9, 25.9, 25.9, 25.9, 25.9, 25.9, 25.9, -999.0, 24.6, 24.6, 24.6, 25.26, 25.15, 25.17, 25.04, 25.07, 25.09], [25.9, 25.9, 25.9, 25.9, 25.9, 25.9, 25.9, 25.8, 25.8, 25.8, 25.8, 25.34, 24.6, 24.6, 24.6, 25.06, 25.09, 24.97, 25.01, 25.04], [25.9, 25.9, 25.84, 25.84, 25.83, 25.8, 25.8, 25.8, 25.8, 25.8, 25.04, 25.13, 25.01, 24.92, 25.03, 24.82, 24.85, 24.79, 25.02, 25.05], [25.84, 25.84, 25.86, 25.86, 25.8, 25.8, 25.8, 25.8, 25.8, 25.8, 25.28, 25.14, 24.98, 24.83, 24.81, 24.78, 24.84, 24.89, 24.93, 24.95], [25.86, 25.86, 25.86, 25.86, 25.8, 25.8, 25.8, 25.8, 25.8, 25.5, 25.33, 25.15, 24.97, 24.82, 24.63, 24.76, 24.85, 24.9, 24.94, 24.97], [25.86, 25.86, 25.86, 25.8, 25.8, 25.8, 25.8, 25.8, 25.69, 25.57, 25.44, 25.29, 25.04, 24.89, 24.74, 24.81, 24.88, 24.94, 24.97, 24.99], [25.86, 25.86, 25.74, 25.75, 25.75, 25.75, 25.76, 25.78, 25.68, 25.58, 25.45, 25.33, 25.09, 25.0, 24.86, 24.9, 24.95, 24.98, 25.0, 25.01], [25.74, 25.74, 25.74, 25.76, 25.76, 25.76, 25.77, 25.77, 25.59, 25.54, 25.46, 25.37, 25.14, 24.93, 24.95, 24.98, 25.01, 25.03, 25.04, 25.04], [25.75, 25.75, 25.75, 25.76, 25.76, 25.76, 25.76, 25.82, 25.56, 25.52, 25.47, 25.41, 25.15, 24.99, 25.02, 25.05, 25.08, 25.09, 25.08, 25.07], [25.75, 25.75, 25.75, 25.84, 25.83, 25.83, 25.82, 25.82, 25.81, 25.81, 25.81, 25.6, 25.39, 25.03, 25.06, 25.1, 25.14, 25.13, 25.12, 25.1], [25.85, 25.85, 25.85, 25.84, 25.84, 25.83, 25.82, 25.81, 25.79, 25.79, 25.8, 25.68, 25.4, 25.34, 25.29, 25.13, 25.18, 25.17, 25.14, 25.11], [25.85, 25.85, 25.85, 25.85, 25.84, 25.84, 25.83, 25.81, 25.77, 25.74, 25.79, 25.7, 25.66, 25.35, 25.3, 25.26, 25.17, 25.17, 25.14, 25.12], [25.86, 25.86, 25.86, 25.85, 25.85, 25.85, 25.84, 25.82, 25.79, 25.76, 25.74, 25.73, 25.7, 25.36, 25.31, 25.34, 25.29, 25.28, 25.13, 25.12], [25.86, 25.86, 25.86, 25.86, 25.86, 25.86, 25.85, 25.85, 25.84, 25.85, 25.8, 25.78, 25.74, 25.52, 25.45, 25.39, 25.35, 25.33, 25.33, 25.34], [25.87, 25.87, 25.87, 25.87, 25.87, 25.87, 25.88, 25.88, 25.9, 25.87, 25.89, 25.85, 25.79, 25.72, 25.5, 25.44, 25.4, 25.37, 25.37, 25.37], [25.87, 25.87, 25.87, 25.87, 25.88, 25.88, 25.89, 25.91, 25.94, 25.96, 26.03, 25.91, 25.82, 25.75, 25.54, 25.48, 25.44, 25.41, 25.4, 25.4], [25.87, 25.87, 25.88, 25.88, 25.89, 25.89, 25.91, 25.92, 25.89, 25.95, 25.99, 25.91, 25.83, 25.77, 25.57, 25.51, 25.47, 25.44, 25.43, 25.42], [25.88, 25.88, 25.88, 25.89, 25.89, 25.9, 25.91, 25.93, 25.87, 25.9, 25.91, 25.88, 25.82, 25.77, 25.59, 25.54, 25.5, 25.47, 25.45, 25.44], [25.88, 25.88, 25.88, 25.89, 25.89, 25.9, 25.91, 25.83, 25.85, 25.86, 25.86, 25.84, 25.81, 25.77, 25.6, 25.55, 25.52, 25.49, 25.47, 25.46]]}