gis_exercise/awsData/contour/temp_2023090323.json
{"header": {"refTime": "2023-09-03T23:00:00.000Z", "nx": 21, "ny": 33, "lo1": 113.509, "la1": 22.2235, "lo2": 113.5947, "la2": 22.1034, "dx": 0.0042850000000001385, "dy": 0.003753125000000024, "parameterCategory": 0, "parameterCategoryName": "Temperature", "parameterNumber": 0}, "z": [[28.57, 28.57, 28.57, 28.52, 28.53, 28.76, 28.75, 28.75, 28.75, 28.72, 28.75, 28.78, 29.07, 29.1, 29.06, 29.07, 29.29, 29.29, 29.29, 29.29], [28.57, 28.57, 28.57, 28.57, 28.53, 28.53, 28.74, 28.72, 28.71, 28.7, 28.75, 28.8, 29.09, 29.12, 29.08, 29.29, 29.29, 29.29, 29.28, 29.28], [28.57, 28.57, 28.57, 28.57, 28.53, 28.53, 28.54, 28.7, 28.63, 28.69, 28.77, 28.84, 29.13, 29.15, 29.3, 29.29, 29.29, 29.28, 29.28, 29.28], [28.57, 28.57, 28.57, 28.57, 28.57, 28.53, 28.54, 28.55, 28.56, 28.7, 28.79, 28.9, 29.19, 29.13, 29.3, 29.29, 29.28, 29.28, 29.27, 29.27], [28.56, 28.57, 28.57, 28.57, 28.57, 28.52, 28.53, 28.53, 28.53, 28.71, 28.8, 29.12, 29.23, 29.15, 29.3, 29.29, 29.27, 29.27, 29.27, 29.27], [28.56, 28.56, 28.56, 28.57, 28.57, 28.57, 28.52, 28.52, 28.51, 28.48, 28.94, 29.07, 29.17, 29.33, 29.3, 29.28, 29.26, 29.25, 29.26, 29.26], [28.54, 28.56, 28.56, 28.56, 28.56, 28.57, 28.5, 28.53, 28.52, 28.62, 28.64, 29.01, 29.36, 29.35, 29.3, 29.27, 29.24, 29.23, 29.22, 29.22], [28.54, 28.54, 28.54, 28.54, 28.54, 28.49, 28.5, 28.53, 28.61, 28.58, 28.45, 29.06, 29.07, 29.35, 29.27, 29.3, 29.25, 29.24, 29.26, 29.28], [28.56, 28.56, 28.54, 28.54, 28.54, 28.54, 28.55, 28.51, 28.5, 28.64, 28.72, 28.88, 28.96, 28.86, 29.28, 29.3, 29.28, 29.27, 29.27, 29.28], [28.5, 28.5, 28.5, 28.55, 28.54, 28.52, 28.53, 28.55, 28.43, 28.45, 28.97, 28.78, 28.84, 28.82, 29.28, 29.31, 29.3, 29.29, 29.29, 29.29], [28.5, 28.5, 28.5, 28.5, 28.5, 28.5, 28.5, 28.5, 28.54, 28.5, 28.3, 28.72, 28.77, 28.77, 29.28, 29.32, 29.31, 29.3, 29.3, 29.3], [28.5, 28.5, 28.5, 28.5, 28.5, 28.5, 28.5, 28.5, 28.5, -999.0, 28.3, 29.4, 29.4, 28.74, 29.28, 29.33, 29.32, 28.52, 28.53, 28.54], [28.5, 28.5, 28.5, 28.5, 28.5, 28.5, 28.5, 28.5, 28.5, 28.5, -999.0, 29.4, 29.4, 28.49, 28.89, 28.76, 28.77, 28.62, 28.65, 28.66], [28.5, 28.5, 28.5, 28.5, 28.5, 28.5, 28.5, 28.5, 28.5, 28.5, -999.0, 28.0, 28.0, 28.0, 28.77, 28.66, 28.68, 28.53, 28.56, 28.59], [28.5, 28.5, 28.5, 28.5, 28.5, 28.5, 28.5, 28.2, 28.2, 28.2, 28.2, 28.12, 28.0, 28.0, 28.0, 28.55, 28.59, 28.45, 28.49, 28.53], [28.5, 28.5, 28.31, 28.31, 28.3, 28.2, 28.2, 28.2, 28.2, 28.2, 28.07, 28.09, 28.07, 28.05, 28.07, 28.07, 28.08, 28.06, 28.37, 28.39], [28.31, 28.31, 28.39, 28.39, 28.2, 28.2, 28.2, 28.2, 28.2, 28.2, 28.11, 28.09, 28.06, 28.04, 28.05, 27.93, 27.91, 27.89, 27.87, 27.86], [28.39, 28.39, 28.38, 28.38, 28.2, 28.2, 28.2, 28.2, 28.2, 28.15, 28.12, 28.09, 28.06, 28.05, 28.01, 27.94, 27.91, 27.88, 27.87, 27.86], [28.39, 28.38, 28.38, 28.2, 28.2, 28.2, 28.2, 28.2, 28.18, 28.16, 28.14, 28.12, 28.09, 28.06, 27.95, 27.92, 27.9, 27.87, 27.86, 27.85], [28.38, 28.38, 28.2, 28.2, 28.2, 28.2, 28.2, 28.2, 28.18, 28.17, 28.15, 28.13, 28.1, 28.09, 27.91, 27.89, 27.88, 27.86, 27.85, 27.84], [28.2, 28.2, 28.2, 28.2, 28.2, 28.2, 28.2, 28.2, 28.17, 28.16, 28.15, 28.13, 28.12, 27.88, 27.88, 27.87, 27.86, 27.85, 27.83, 27.82], [28.2, 28.2, 28.2, 28.2, 28.2, 28.2, 28.2, 28.2, 28.17, 28.16, 28.15, 28.14, 28.13, 27.86, 27.86, 27.86, 27.86, 27.84, 27.82, 27.81], [28.2, 28.2, 28.2, 28.2, 28.2, 28.2, 28.2, 28.2, 28.2, 28.2, 28.2, 28.2, 27.93, 27.84, 27.85, 27.86, 27.89, 27.84, 27.79, 27.79], [28.2, 28.2, 28.2, 28.2, 28.2, 28.2, 28.2, 28.2, 28.2, 28.2, 28.2, 28.2, 27.94, 27.9, 27.87, 27.85, 28.0, 27.75, 27.74, 27.76], [28.2, 28.2, 28.2, 28.2, 28.2, 28.2, 28.2, 28.2, 28.2, 28.2, 28.2, 28.2, 28.2, 27.9, 27.85, 27.81, 27.7, 27.58, 27.7, 27.75], [28.2, 28.2, 28.2, 28.2, 28.2, 28.2, 28.2, 28.2, 28.2, 28.2, 28.2, 28.2, 28.2, 27.89, 27.85, 27.8, 27.74, 27.7, 27.71, 27.74], [28.2, 28.2, 28.2, 28.2, 28.2, 28.2, 28.2, 28.2, 28.2, 28.2, 28.2, 28.2, 28.2, 27.91, 27.86, 27.82, 27.78, 27.76, 27.77, 27.78], [28.2, 28.2, 28.2, 28.2, 28.2, 28.2, 28.2, 28.2, 28.2, 28.2, 28.2, 28.07, 28.01, 27.94, 27.89, 27.85, 27.82, 27.8, 27.8, 27.8], [28.2, 28.2, 28.2, 28.2, 28.2, 28.2, 28.2, 28.2, 28.2, 28.2, 28.17, 28.09, 28.03, 27.96, 27.91, 27.87, 27.85, 27.83, 27.82, 27.82], [28.2, 28.2, 28.2, 28.2, 28.2, 28.2, 28.2, 28.2, 28.09, 28.12, 28.14, 28.09, 28.03, 27.97, 27.93, 27.89, 27.87, 27.85, 27.84, 27.84], [28.2, 28.2, 28.2, 28.2, 28.2, 28.2, 28.2, 28.2, 28.08, 28.09, 28.09, 28.06, 28.02, 27.98, 27.94, 27.91, 27.88, 27.87, 27.86, 27.85], [28.2, 28.2, 28.2, 28.2, 28.2, 28.2, 28.2, 28.05, 28.06, 28.06, 28.06, 28.04, 28.01, 27.97, 27.94, 27.92, 27.9, 27.88, 27.87, 27.86]]}