gis_exercise/awsData/contour/temp_2023091408.json
{"header": {"refTime": "2023-09-14T08:00:00.000Z", "nx": 21, "ny": 33, "lo1": 113.509, "la1": 22.2235, "lo2": 113.5947, "la2": 22.1034, "dx": 0.0042850000000001385, "dy": 0.003753125000000024, "parameterCategory": 0, "parameterCategoryName": "Temperature", "parameterNumber": 0}, "z": [[27.16, 27.15, 27.15, 26.92, 26.92, 27.19, 27.19, 27.19, 27.19, 27.11, 27.13, 27.14, 27.39, 27.41, 27.36, 27.36, 27.47, 27.46, 27.45, 27.45], [27.16, 27.16, 27.15, 27.15, 26.93, 26.94, 27.18, 27.17, 27.16, 27.11, 27.13, 27.16, 27.41, 27.43, 27.38, 27.47, 27.46, 27.45, 27.45, 27.45], [27.16, 27.16, 27.15, 27.15, 26.92, 26.94, 26.96, 27.15, 27.12, 27.11, 27.14, 27.19, 27.44, 27.45, 27.49, 27.47, 27.46, 27.45, 27.44, 27.44], [27.17, 27.16, 27.16, 27.15, 27.14, 26.93, 26.95, 26.98, 27.0, 27.1, 27.15, 27.24, 27.48, 27.36, 27.49, 27.47, 27.45, 27.43, 27.43, 27.43], [27.17, 27.17, 27.17, 27.16, 27.15, 26.91, 26.92, 26.93, 26.92, 27.07, 27.13, 27.37, 27.5, 27.39, 27.49, 27.46, 27.43, 27.42, 27.41, 27.42], [27.18, 27.18, 27.17, 27.17, 27.16, 27.14, 26.9, 26.9, 26.88, 26.83, 27.15, 27.3, 27.42, 27.57, 27.48, 27.44, 27.4, 27.39, 27.39, 27.41], [27.22, 27.19, 27.19, 27.18, 27.17, 27.15, 26.97, 26.9, 26.88, 26.87, 26.85, 27.2, 27.54, 27.55, 27.47, 27.42, 27.36, 27.34, 27.36, 27.37], [27.23, 27.23, 27.23, 27.23, 27.22, 27.04, 27.0, 26.97, 26.97, 26.83, 26.66, 27.19, 27.2, 27.55, 27.37, 27.4, 27.35, 27.34, 27.36, 27.38], [27.17, 27.18, 27.25, 27.25, 27.26, 27.24, 27.19, 26.99, 26.84, 26.89, 26.88, 27.03, 27.1, 27.01, 27.38, 27.4, 27.38, 27.37, 27.37, 27.38], [27.4, 27.4, 27.4, 27.21, 27.24, 27.31, 27.26, 27.19, 26.72, 26.74, 27.11, 26.94, 26.99, 26.97, 27.38, 27.41, 27.4, 27.39, 27.39, 27.39], [27.4, 27.4, 27.4, 27.4, 27.4, 27.4, 27.4, 27.4, 27.26, 26.83, 26.5, 26.88, 26.93, 26.93, 27.38, 27.42, 27.41, 27.4, 27.4, 27.4], [27.4, 27.4, 27.4, 27.4, 27.4, 27.4, 27.4, 27.4, 27.4, -999.0, 26.5, 27.5, 27.5, 26.9, 27.38, 27.43, 27.42, 26.79, 26.8, 26.8], [27.4, 27.4, 27.4, 27.4, 27.4, 27.4, 27.4, 27.4, 27.4, 27.4, -999.0, 27.5, 27.5, 26.78, 27.1, 26.97, 26.98, 26.87, 26.88, 26.89], [27.4, 27.4, 27.4, 27.4, 27.4, 27.4, 27.4, 27.4, 27.4, 27.4, -999.0, 26.4, 26.4, 26.4, 27.0, 26.9, 26.91, 26.8, 26.82, 26.84], [27.4, 27.4, 27.4, 27.4, 27.4, 27.4, 27.4, 27.3, 27.3, 27.3, 27.3, 26.95, 26.4, 26.4, 26.4, 26.81, 26.84, 26.74, 26.77, 26.79], [27.4, 27.4, 27.34, 27.34, 27.33, 27.3, 27.3, 27.3, 27.3, 27.3, 26.73, 26.8, 26.71, 26.64, 26.72, 26.62, 26.65, 26.59, 26.8, 26.83], [27.34, 27.34, 27.36, 27.36, 27.3, 27.3, 27.3, 27.3, 27.3, 27.3, 26.91, 26.8, 26.68, 26.58, 26.57, 26.58, 26.64, 26.69, 26.73, 26.75], [27.36, 27.36, 27.36, 27.36, 27.3, 27.3, 27.3, 27.3, 27.3, 27.07, 26.95, 26.82, 26.68, 26.58, 26.43, 26.56, 26.65, 26.7, 26.74, 26.77], [27.36, 27.36, 27.36, 27.3, 27.3, 27.3, 27.3, 27.3, 27.22, 27.12, 27.04, 26.93, 26.76, 26.64, 26.54, 26.61, 26.68, 26.74, 26.77, 26.79], [27.36, 27.36, 27.3, 27.3, 27.3, 27.3, 27.3, 27.3, 27.22, 27.15, 27.06, 26.96, 26.8, 26.73, 26.66, 26.7, 26.75, 26.78, 26.8, 26.81], [27.3, 27.3, 27.3, 27.3, 27.3, 27.3, 27.3, 27.3, 27.16, 27.12, 27.07, 27.0, 26.84, 26.73, 26.75, 26.78, 26.81, 26.83, 26.84, 26.84], [27.3, 27.3, 27.3, 27.3, 27.3, 27.3, 27.3, 27.37, 27.14, 27.12, 27.08, 27.03, 26.89, 26.79, 26.82, 26.85, 26.88, 26.89, 26.88, 26.87], [27.3, 27.3, 27.3, 27.4, 27.4, 27.39, 27.39, 27.38, 27.38, 27.38, 27.38, 27.22, 27.11, 26.83, 26.86, 26.9, 26.94, 26.93, 26.92, 26.9], [27.42, 27.41, 27.41, 27.41, 27.4, 27.4, 27.39, 27.38, 27.37, 27.37, 27.38, 27.33, 27.12, 27.08, 27.06, 26.93, 26.98, 26.97, 26.94, 26.91], [27.42, 27.42, 27.42, 27.42, 27.41, 27.41, 27.4, 27.39, 27.36, 27.34, 27.38, 27.34, 27.32, 27.09, 27.06, 27.03, 26.97, 26.97, 26.94, 26.92], [27.43, 27.43, 27.42, 27.42, 27.42, 27.42, 27.42, 27.4, 27.38, 27.35, 27.36, 27.37, 27.35, 27.09, 27.07, 27.11, 27.07, 27.07, 26.93, 26.92], [27.43, 27.43, 27.43, 27.43, 27.43, 27.44, 27.44, 27.43, 27.43, 27.44, 27.42, 27.42, 27.39, 27.25, 27.19, 27.14, 27.11, 27.1, 27.1, 27.11], [27.44, 27.44, 27.44, 27.44, 27.45, 27.45, 27.46, 27.47, 27.49, 27.49, 27.51, 27.48, 27.43, 27.38, 27.23, 27.18, 27.15, 27.14, 27.13, 27.13], [27.44, 27.44, 27.45, 27.45, 27.46, 27.46, 27.48, 27.49, 27.53, 27.57, 27.64, 27.54, 27.46, 27.4, 27.26, 27.22, 27.18, 27.17, 27.16, 27.15], [27.44, 27.45, 27.45, 27.46, 27.46, 27.47, 27.49, 27.51, 27.51, 27.57, 27.61, 27.54, 27.47, 27.42, 27.29, 27.24, 27.21, 27.19, 27.18, 27.17], [27.45, 27.45, 27.46, 27.46, 27.47, 27.48, 27.49, 27.51, 27.5, 27.53, 27.53, 27.51, 27.46, 27.42, 27.3, 27.26, 27.23, 27.21, 27.2, 27.19], [27.45, 27.45, 27.46, 27.47, 27.47, 27.48, 27.49, 27.46, 27.48, 27.49, 27.49, 27.48, 27.45, 27.42, 27.31, 27.27, 27.25, 27.23, 27.21, 27.2]]}