gis_exercise/awsData/contour/temp_2023091308.json
{"header": {"refTime": "2023-09-13T08:00:00.000Z", "nx": 21, "ny": 33, "lo1": 113.509, "la1": 22.2235, "lo2": 113.5947, "la2": 22.1034, "dx": 0.0042850000000001385, "dy": 0.003753125000000024, "parameterCategory": 0, "parameterCategoryName": "Temperature", "parameterNumber": 0}, "z": [[27.04, 27.04, 27.03, 26.88, 26.89, 27.14, 27.14, 27.14, 27.15, 27.13, 27.15, 27.17, 27.37, 27.39, 27.31, 27.3, 27.37, 27.36, 27.35, 27.34], [27.04, 27.03, 27.03, 27.03, 26.89, 26.91, 27.13, 27.13, 27.14, 27.13, 27.15, 27.18, 27.39, 27.4, 27.32, 27.38, 27.36, 27.35, 27.34, 27.33], [27.04, 27.03, 27.03, 27.03, 26.89, 26.9, 26.93, 27.12, 27.11, 27.12, 27.16, 27.21, 27.42, 27.43, 27.41, 27.38, 27.35, 27.34, 27.33, 27.32], [27.04, 27.04, 27.03, 27.03, 27.03, 26.89, 26.91, 26.95, 26.99, 27.12, 27.17, 27.26, 27.47, 27.36, 27.41, 27.37, 27.34, 27.32, 27.31, 27.31], [27.04, 27.04, 27.03, 27.03, 27.02, 26.87, 26.88, 26.89, 26.89, 27.1, 27.16, 27.37, 27.5, 27.39, 27.41, 27.35, 27.31, 27.29, 27.28, 27.29], [27.04, 27.04, 27.04, 27.03, 27.02, 27.01, 26.85, 26.84, 26.83, 26.8, 27.16, 27.3, 27.41, 27.53, 27.39, 27.33, 27.26, 27.24, 27.25, 27.27], [27.02, 27.04, 27.04, 27.04, 27.03, 27.01, 26.85, 26.81, 26.79, 26.83, 26.84, 27.19, 27.49, 27.5, 27.37, 27.3, 27.2, 27.17, 27.19, 27.22], [27.03, 27.03, 27.03, 27.03, 27.02, 26.91, 26.87, 26.82, 26.81, 26.8, 26.71, 27.15, 27.16, 27.5, 27.21, 27.24, 27.18, 27.15, 27.19, 27.22], [26.97, 26.98, 27.05, 27.05, 27.06, 27.04, 26.99, 26.85, 26.74, 26.84, 26.91, 27.03, 27.08, 27.01, 27.22, 27.26, 27.22, 27.2, 27.21, 27.23], [27.2, 27.2, 27.2, 27.01, 27.04, 27.11, 27.06, 26.99, 26.69, 26.7, 27.09, 26.95, 27.0, 26.97, 27.22, 27.27, 27.24, 27.23, 27.23, 27.24], [27.2, 27.2, 27.2, 27.2, 27.2, 27.2, 27.2, 27.2, 27.06, 26.73, 26.6, 26.9, 26.94, 26.94, 27.22, 27.28, 27.26, 27.25, 27.25, 27.25], [27.2, 27.2, 27.2, 27.2, 27.2, 27.2, 27.2, 27.2, 27.2, -999.0, 26.6, 27.4, 27.4, 26.92, 27.21, 27.29, 27.28, 26.93, 26.93, 26.93], [27.2, 27.2, 27.2, 27.2, 27.2, 27.2, 27.2, 27.2, 27.2, 27.2, -999.0, 27.4, 27.4, 27.01, 27.18, 26.99, 26.99, 26.96, 26.96, 26.96], [27.2, 27.2, 27.2, 27.2, 27.2, 27.2, 27.2, 27.2, 27.2, 27.2, -999.0, 26.8, 26.8, 26.8, 27.13, 26.97, 26.97, 26.93, 26.94, 26.95], [27.2, 27.2, 27.2, 27.2, 27.2, 27.2, 27.2, 27.7, 27.7, 27.7, 27.7, 27.35, 26.8, 26.8, 26.8, 26.94, 26.95, 26.91, 26.92, 26.93], [27.2, 27.2, 27.51, 27.52, 27.53, 27.7, 27.7, 27.7, 27.7, 27.7, 27.13, 27.2, 27.11, 27.04, 27.12, 26.91, 26.93, 26.9, 26.96, 26.97], [27.52, 27.52, 27.38, 27.38, 27.7, 27.7, 27.7, 27.7, 27.7, 27.7, 27.31, 27.2, 27.08, 26.98, 26.94, 26.95, 27.0, 27.04, 27.07, 27.09], [27.38, 27.38, 27.39, 27.41, 27.7, 27.7, 27.7, 27.7, 27.7, 27.47, 27.35, 27.22, 27.08, 26.95, 26.82, 26.93, 27.0, 27.05, 27.08, 27.1], [27.39, 27.4, 27.41, 27.7, 27.7, 27.7, 27.7, 27.7, 27.62, 27.52, 27.4, 27.29, 27.1, 27.0, 26.92, 26.97, 27.03, 27.07, 27.1, 27.12], [27.4, 27.4, 27.59, 27.59, 27.6, 27.61, 27.63, 27.67, 27.59, 27.51, 27.41, 27.32, 27.14, 27.06, 27.01, 27.04, 27.08, 27.11, 27.13, 27.14], [27.58, 27.58, 27.58, 27.62, 27.62, 27.63, 27.63, 27.64, 27.51, 27.47, 27.41, 27.34, 27.16, 27.07, 27.08, 27.1, 27.13, 27.15, 27.16, 27.17], [27.61, 27.61, 27.61, 27.61, 27.61, 27.61, 27.62, 27.61, 27.47, 27.45, 27.41, 27.36, 27.12, 27.12, 27.13, 27.15, 27.17, 27.19, 27.19, 27.19], [27.6, 27.6, 27.6, 27.6, 27.6, 27.6, 27.6, 27.59, 27.59, 27.58, 27.58, 27.45, 27.37, 27.15, 27.17, 27.19, 27.2, 27.22, 27.23, 27.22], [27.6, 27.6, 27.6, 27.6, 27.59, 27.59, 27.58, 27.57, 27.56, 27.56, 27.56, 27.43, 27.37, 27.35, 27.32, 27.21, 27.17, 27.28, 27.26, 27.24], [27.6, 27.6, 27.59, 27.59, 27.59, 27.58, 27.58, 27.56, 27.54, 27.52, 27.55, 27.44, 27.41, 27.35, 27.33, 27.32, 27.3, 27.36, 27.28, 27.25], [27.6, 27.59, 27.59, 27.59, 27.59, 27.58, 27.57, 27.56, 27.54, 27.53, 27.48, 27.46, 27.42, 27.36, 27.34, 27.35, 27.36, 27.37, 27.27, 27.25], [27.59, 27.59, 27.59, 27.59, 27.58, 27.58, 27.57, 27.57, 27.56, 27.56, 27.49, 27.47, 27.44, 27.41, 27.39, 27.37, 27.37, 27.37, 27.37, 27.36], [27.59, 27.59, 27.59, 27.59, 27.58, 27.58, 27.58, 27.57, 27.57, 27.51, 27.52, 27.56, 27.55, 27.54, 27.4, 27.39, 27.38, 27.37, 27.37, 27.37], [27.59, 27.59, 27.59, 27.59, 27.58, 27.58, 27.58, 27.58, 27.58, 27.54, 27.59, 27.57, 27.55, 27.55, 27.42, 27.4, 27.39, 27.38, 27.38, 27.38], [27.59, 27.59, 27.59, 27.59, 27.59, 27.58, 27.58, 27.58, 27.56, 27.57, 27.58, 27.57, 27.56, 27.55, 27.43, 27.41, 27.4, 27.39, 27.39, 27.38], [27.59, 27.59, 27.59, 27.59, 27.59, 27.58, 27.58, 27.58, 27.56, 27.57, 27.57, 27.56, 27.56, 27.55, 27.43, 27.42, 27.41, 27.4, 27.39, 27.39], [27.59, 27.59, 27.59, 27.59, 27.59, 27.59, 27.59, 27.55, 27.56, 27.56, 27.56, 27.56, 27.55, 27.55, 27.44, 27.42, 27.41, 27.4, 27.4, 27.39]]}