gis_exercise/awsData/contour/temp_2023091122.json
{"header": {"refTime": "2023-09-11T22:00:00.000Z", "nx": 21, "ny": 33, "lo1": 113.509, "la1": 22.2235, "lo2": 113.5947, "la2": 22.1034, "dx": 0.0042850000000001385, "dy": 0.003753125000000024, "parameterCategory": 0, "parameterCategoryName": "Temperature", "parameterNumber": 0}, "z": [[26.26, 26.25, 26.25, 25.99, 26.0, 26.24, 26.24, 26.24, 26.25, 26.14, 26.14, 26.15, 26.37, 26.38, 26.44, 26.45, 26.51, 26.51, 26.51, 26.51], [26.26, 26.26, 26.25, 26.25, 26.0, 26.02, 26.24, 26.23, 26.23, 26.15, 26.15, 26.16, 26.38, 26.39, 26.45, 26.51, 26.51, 26.51, 26.52, 26.52], [26.26, 26.26, 26.25, 26.25, 26.0, 26.01, 26.04, 26.23, 26.21, 26.15, 26.15, 26.18, 26.39, 26.4, 26.5, 26.51, 26.51, 26.52, 26.52, 26.52], [26.27, 26.26, 26.26, 26.25, 26.24, 26.0, 26.03, 26.06, 26.09, 26.13, 26.15, 26.21, 26.42, 26.28, 26.5, 26.51, 26.52, 26.52, 26.53, 26.53], [26.27, 26.27, 26.27, 26.26, 26.25, 25.99, 26.0, 26.01, 26.0, 26.08, 26.12, 26.28, 26.41, 26.31, 26.5, 26.51, 26.53, 26.53, 26.53, 26.53], [26.28, 26.28, 26.27, 26.27, 26.26, 26.24, 25.98, 25.97, 25.95, 25.89, 26.09, 26.22, 26.33, 26.47, 26.5, 26.52, 26.54, 26.55, 26.54, 26.54], [26.32, 26.29, 26.29, 26.28, 26.27, 26.25, 26.05, 25.98, 25.95, 25.88, 25.85, 26.13, 26.44, 26.45, 26.5, 26.53, 26.56, 26.57, 26.58, 26.58], [26.33, 26.33, 26.33, 26.33, 26.32, 26.12, 26.08, 26.05, 26.05, 25.84, 25.65, 26.12, 26.13, 26.45, 26.53, 26.5, 26.55, 26.56, 26.54, 26.52], [26.27, 26.28, 26.35, 26.35, 26.36, 26.34, 26.29, 26.06, 25.91, 25.91, 25.85, 25.98, 26.04, 25.96, 26.52, 26.5, 26.52, 26.53, 26.53, 26.52], [26.5, 26.5, 26.5, 26.31, 26.34, 26.41, 26.36, 26.29, 25.76, 25.79, 26.05, 25.9, 25.94, 25.92, 26.52, 26.49, 26.5, 26.51, 26.51, 26.51], [26.5, 26.5, 26.5, 26.5, 26.5, 26.5, 26.5, 26.5, 26.36, 25.89, 25.5, 25.84, 25.88, 25.89, 26.52, 26.48, 26.49, 26.5, 26.5, 26.5], [26.5, 26.5, 26.5, 26.5, 26.5, 26.5, 26.5, 26.5, 26.5, -999.0, 25.5, 26.4, 26.4, 25.86, 26.52, 26.47, 26.48, 25.97, 25.99, 25.99], [26.5, 26.5, 26.5, 26.5, 26.5, 26.5, 26.5, 26.5, 26.5, 26.5, -999.0, 26.4, 26.4, 25.81, 26.07, 26.2, 26.21, 26.07, 26.09, 26.1], [26.5, 26.5, 26.5, 26.5, 26.5, 26.5, 26.5, 26.5, 26.5, 26.5, -999.0, 25.5, 25.5, 25.5, 25.99, 26.11, 26.13, 25.99, 26.02, 26.04], [26.5, 26.5, 26.5, 26.5, 26.5, 26.5, 26.5, 26.6, 26.6, 26.6, 26.6, 26.18, 25.5, 25.5, 25.5, 26.0, 26.04, 25.91, 25.95, 25.98], [26.5, 26.5, 26.56, 26.56, 26.57, 26.6, 26.6, 26.6, 26.6, 26.6, 25.91, 25.99, 25.88, 25.79, 25.89, 25.83, 25.88, 25.79, 26.03, 26.07], [26.56, 26.56, 26.54, 26.54, 26.6, 26.6, 26.6, 26.6, 26.6, 26.6, 26.13, 25.99, 25.85, 25.71, 25.73, 25.71, 25.78, 25.84, 25.88, 25.91], [26.54, 26.54, 26.54, 26.54, 26.6, 26.6, 26.6, 26.6, 26.6, 26.32, 26.17, 26.01, 25.84, 25.74, 25.53, 25.69, 25.79, 25.86, 25.9, 25.93], [26.54, 26.54, 26.54, 26.6, 26.6, 26.6, 26.6, 26.6, 26.5, 26.39, 26.23, 26.09, 25.96, 25.82, 25.67, 25.75, 25.84, 25.9, 25.94, 25.96], [26.54, 26.54, 26.43, 26.44, 26.45, 26.46, 26.49, 26.55, 26.46, 26.36, 26.24, 26.12, 26.03, 25.94, 25.81, 25.86, 25.91, 25.95, 25.98, 25.99], [26.42, 26.42, 26.43, 26.48, 26.48, 26.49, 26.5, 26.51, 26.36, 26.31, 26.23, 26.14, 26.09, 25.9, 25.92, 25.96, 26.0, 26.02, 26.02, 26.02], [26.46, 26.46, 26.46, 26.47, 26.47, 26.47, 26.47, 26.51, 26.3, 26.27, 26.22, 26.16, 26.05, 25.97, 26.0, 26.05, 26.08, 26.09, 26.07, 26.05], [26.45, 26.45, 26.45, 26.52, 26.51, 26.51, 26.5, 26.49, 26.48, 26.47, 26.48, 26.41, 26.24, 26.02, 26.06, 26.12, 26.17, 26.15, 26.11, 26.08], [26.52, 26.52, 26.52, 26.51, 26.51, 26.5, 26.48, 26.46, 26.44, 26.43, 26.45, 26.42, 26.25, 26.24, 26.23, 26.15, 26.29, 26.16, 26.11, 26.09], [26.52, 26.52, 26.52, 26.51, 26.5, 26.49, 26.48, 26.45, 26.4, 26.36, 26.42, 26.43, 26.44, 26.23, 26.23, 26.22, 26.13, 26.09, 26.1, 26.09], [26.52, 26.52, 26.52, 26.51, 26.51, 26.5, 26.48, 26.45, 26.41, 26.37, 26.41, 26.45, 26.46, 26.23, 26.22, 26.27, 26.23, 26.21, 26.09, 26.08], [26.52, 26.52, 26.52, 26.51, 26.51, 26.5, 26.49, 26.48, 26.47, 26.47, 26.47, 26.49, 26.48, 26.38, 26.33, 26.29, 26.26, 26.25, 26.25, 26.26], [26.52, 26.52, 26.52, 26.52, 26.52, 26.51, 26.51, 26.51, 26.52, 26.53, 26.55, 26.48, 26.43, 26.38, 26.36, 26.32, 26.3, 26.28, 26.28, 26.28], [26.53, 26.52, 26.52, 26.52, 26.52, 26.52, 26.53, 26.54, 26.56, 26.6, 26.64, 26.54, 26.46, 26.4, 26.38, 26.35, 26.32, 26.31, 26.3, 26.3], [26.53, 26.53, 26.53, 26.53, 26.53, 26.53, 26.54, 26.55, 26.51, 26.57, 26.61, 26.54, 26.47, 26.42, 26.4, 26.37, 26.34, 26.33, 26.32, 26.31], [26.53, 26.53, 26.53, 26.53, 26.53, 26.54, 26.55, 26.56, 26.5, 26.53, 26.53, 26.51, 26.46, 26.42, 26.41, 26.38, 26.36, 26.34, 26.33, 26.33], [26.53, 26.53, 26.53, 26.54, 26.54, 26.54, 26.55, 26.46, 26.48, 26.49, 26.49, 26.48, 26.45, 26.42, 26.42, 26.39, 26.37, 26.36, 26.34, 26.34]]}