gis_exercise/awsData/contour/temp_2023090423.json
{"header": {"refTime": "2023-09-04T23:00:00.000Z", "nx": 21, "ny": 33, "lo1": 113.509, "la1": 22.2235, "lo2": 113.5947, "la2": 22.1034, "dx": 0.0042850000000001385, "dy": 0.003753125000000024, "parameterCategory": 0, "parameterCategoryName": "Temperature", "parameterNumber": 0}, "z": [[29.69, 29.69, 29.69, 30.06, 30.03, 30.06, 30.01, 29.96, 29.95, 30.01, 30.11, 30.21, 30.43, 30.49, 30.48, 30.51, 31.02, 31.02, 31.02, 31.02], [29.69, 29.69, 29.69, 29.69, 30.04, 29.98, 29.97, 29.86, 29.8, 29.92, 30.1, 30.24, 30.47, 30.53, 30.52, 31.01, 31.02, 31.02, 31.02, 31.02], [29.69, 29.69, 29.69, 29.7, 30.06, 30.0, 29.91, 29.79, 29.5, 29.85, 30.13, 30.31, 30.55, 30.6, 31.01, 31.01, 31.01, 31.02, 31.02, 31.02], [29.69, 29.69, 29.7, 29.71, 29.71, 30.05, 29.98, 29.85, 29.74, 29.97, 30.23, 30.44, 30.67, 30.91, 31.0, 31.01, 31.01, 31.02, 31.02, 31.02], [29.68, 29.69, 29.7, 29.71, 29.73, 30.12, 30.09, 30.05, 30.03, 30.18, 30.36, 30.9, 30.9, 30.91, 31.0, 31.01, 31.02, 31.02, 31.02, 31.02], [29.68, 29.68, 29.69, 29.71, 29.74, 29.79, 30.21, 30.23, 30.25, 30.28, 30.87, 30.9, 30.92, 31.0, 31.02, 31.02, 31.01, 31.01, 31.02, 31.02], [29.77, 29.67, 29.68, 29.7, 29.74, 29.81, 30.22, 30.38, 30.42, 30.72, 30.75, 30.92, 31.07, 31.05, 31.03, 31.02, 31.01, 31.01, 30.98, 30.98], [29.74, 29.73, 29.73, 29.74, 29.77, 30.03, 30.17, 30.38, 30.63, 30.7, 30.67, 31.02, 31.02, 31.05, 31.07, 31.1, 31.05, 31.04, 31.06, 31.08], [29.96, 29.94, 29.67, 29.65, 29.64, 29.7, 29.88, 30.24, 30.6, 30.73, 30.83, 30.92, 30.96, 30.9, 31.08, 31.1, 31.08, 31.07, 31.07, 31.08], [29.1, 29.1, 29.1, 29.8, 29.7, 29.44, 29.62, 29.88, 30.6, 30.6, 30.96, 30.86, 30.9, 30.88, 31.08, 31.11, 31.1, 31.09, 31.09, 31.09], [29.1, 29.1, 29.1, 29.1, 29.1, 29.1, 29.1, 29.1, 29.63, 30.6, 30.6, 30.83, 30.86, 30.86, 31.08, 31.12, 31.11, 31.1, 31.1, 31.1], [29.1, 29.1, 29.1, 29.1, 29.1, 29.1, 29.1, 29.1, 29.1, -999.0, 30.6, 31.2, 31.2, 30.84, 31.08, 31.13, 31.12, 29.98, 30.0, 30.01], [29.1, 29.1, 29.1, 29.1, 29.1, 29.1, 29.1, 29.1, 29.1, 29.1, -999.0, 31.2, 31.2, 29.89, 30.47, 30.34, 30.36, 30.14, 30.17, 30.19], [29.1, 29.1, 29.1, 29.1, 29.1, 29.1, 29.1, 29.1, 29.1, 29.1, -999.0, 29.2, 29.2, 29.2, 30.3, 30.19, 30.22, 30.0, 30.05, 30.08], [29.1, 29.1, 29.1, 29.1, 29.1, 29.1, 29.1, 29.9, 29.9, 29.9, 29.9, 29.63, 29.2, 29.2, 29.2, 30.02, 30.08, 29.87, 29.93, 29.99], [29.1, 29.1, 29.6, 29.61, 29.63, 29.9, 29.9, 29.9, 29.9, 29.9, 29.46, 29.51, 29.44, 29.38, 29.45, 29.49, 29.54, 29.46, 29.88, 29.93], [29.61, 29.62, 29.38, 29.4, 29.9, 29.9, 29.9, 29.9, 29.9, 29.9, 29.6, 29.51, 29.42, 29.34, 29.37, 29.25, 29.27, 29.29, 29.29, 29.3], [29.39, 29.4, 29.41, 29.43, 29.9, 29.9, 29.9, 29.9, 29.9, 29.72, 29.63, 29.52, 29.41, 29.38, 29.23, 29.25, 29.28, 29.29, 29.3, 29.3], [29.4, 29.41, 29.43, 29.9, 29.9, 29.9, 29.9, 29.9, 29.84, 29.76, 29.74, 29.65, 29.54, 29.44, 29.25, 29.27, 29.29, 29.3, 29.31, 29.31], [29.41, 29.43, 30.01, 30.01, 30.0, 29.99, 29.97, 29.93, 29.86, 29.81, 29.75, 29.68, 29.59, 29.53, 29.29, 29.3, 29.32, 29.32, 29.32, 29.32], [30.02, 30.02, 30.02, 29.98, 29.98, 29.97, 29.97, 29.96, 29.84, 29.82, 29.77, 29.72, 29.64, 29.31, 29.32, 29.34, 29.35, 29.35, 29.34, 29.33], [29.99, 29.99, 29.99, 29.99, 29.99, 29.99, 29.98, 30.07, 29.85, 29.84, 29.81, 29.76, 29.75, 29.33, 29.35, 29.38, 29.4, 29.38, 29.35, 29.33], [30.0, 30.0, 30.0, 30.12, 30.12, 30.11, 30.11, 30.11, 30.11, 30.11, 30.12, 30.01, 29.65, 29.35, 29.37, 29.43, 29.49, 29.42, 29.34, 29.32], [30.14, 30.14, 30.14, 30.14, 30.14, 30.13, 30.13, 30.13, 30.13, 30.13, 30.14, 30.18, 29.66, 29.59, 29.54, 29.43, 29.7, 29.33, 29.29, 29.3], [30.15, 30.15, 30.15, 30.15, 30.15, 30.15, 30.15, 30.15, 30.14, 30.12, 30.15, 30.19, 30.18, 29.59, 29.52, 29.45, 29.24, 29.08, 29.23, 29.27], [30.16, 30.16, 30.16, 30.17, 30.17, 30.17, 30.17, 30.17, 30.15, 30.14, 30.19, 30.21, 30.21, 29.59, 29.51, 29.5, 29.38, 29.33, 29.24, 29.27], [30.17, 30.17, 30.17, 30.18, 30.18, 30.19, 30.2, 30.2, 30.2, 30.22, 30.25, 30.25, 30.24, 29.76, 29.65, 29.56, 29.48, 29.44, 29.45, 29.48], [30.18, 30.18, 30.18, 30.19, 30.2, 30.21, 30.22, 30.24, 30.26, 30.31, 30.33, 30.12, 29.99, 29.86, 29.71, 29.62, 29.56, 29.52, 29.51, 29.52], [30.18, 30.19, 30.19, 30.2, 30.21, 30.22, 30.24, 30.27, 30.31, 30.39, 30.4, 30.21, 30.05, 29.91, 29.77, 29.68, 29.62, 29.58, 29.57, 29.56], [30.19, 30.19, 30.2, 30.21, 30.22, 30.23, 30.25, 30.28, 30.18, 30.28, 30.33, 30.2, 30.06, 29.94, 29.81, 29.73, 29.67, 29.63, 29.61, 29.6], [30.19, 30.2, 30.21, 30.21, 30.23, 30.24, 30.26, 30.28, 30.15, 30.19, 30.2, 30.14, 30.05, 29.95, 29.83, 29.76, 29.71, 29.67, 29.65, 29.63], [30.2, 30.2, 30.21, 30.22, 30.23, 30.24, 30.26, 30.07, 30.1, 30.12, 30.12, 30.08, 30.01, 29.94, 29.84, 29.79, 29.74, 29.7, 29.68, 29.66]]}