gis_exercise/awsData/contour/temp_2023090218.json
{"header": {"refTime": "2023-09-02T18:00:00.000Z", "nx": 21, "ny": 33, "lo1": 113.509, "la1": 22.2235, "lo2": 113.5947, "la2": 22.1034, "dx": 0.0042850000000001385, "dy": 0.003753125000000024, "parameterCategory": 0, "parameterCategoryName": "Temperature", "parameterNumber": 0}, "z": [[27.01, 27.01, 27.01, 26.86, 26.87, 27.05, 27.05, 27.06, 27.07, 27.01, 27.0, 27.0, 27.16, 27.17, 27.11, 27.11, 27.13, 27.12, 27.12, 27.12], [27.0, 27.01, 27.01, 27.01, 26.87, 26.89, 27.05, 27.06, 27.07, 27.02, 27.01, 27.01, 27.17, 27.17, 27.12, 27.13, 27.13, 27.12, 27.12, 27.11], [27.0, 27.0, 27.0, 27.01, 26.86, 26.88, 26.91, 27.07, 27.09, 27.03, 27.01, 27.01, 27.17, 27.18, 27.14, 27.13, 27.12, 27.11, 27.11, 27.11], [27.0, 27.0, 27.0, 27.0, 27.0, 26.87, 26.89, 26.94, 26.98, 27.01, 27.0, 27.03, 27.18, 27.06, 27.14, 27.13, 27.11, 27.11, 27.1, 27.1], [27.0, 27.0, 27.0, 27.0, 27.0, 26.84, 26.86, 26.87, 26.87, 26.95, 26.97, 27.06, 27.14, 27.08, 27.14, 27.12, 27.1, 27.09, 27.09, 27.09], [27.0, 27.0, 27.0, 27.0, 26.99, 26.98, 26.82, 26.81, 26.8, 26.76, 26.93, 27.02, 27.1, 27.2, 27.14, 27.11, 27.08, 27.07, 27.07, 27.08], [26.97, 27.0, 27.0, 27.0, 26.99, 26.97, 26.8, 26.78, 26.76, 26.74, 26.74, 26.97, 27.2, 27.2, 27.13, 27.1, 27.05, 27.03, 27.04, 27.05], [26.97, 26.97, 26.97, 26.97, 26.97, 26.85, 26.82, 26.79, 26.79, 26.71, 26.61, 26.98, 26.99, 27.2, 27.07, 27.1, 27.05, 27.04, 27.06, 27.08], [26.93, 26.93, 26.99, 26.99, 26.99, 26.98, 26.94, 26.81, 26.7, 26.76, 26.77, 26.87, 26.92, 26.86, 27.08, 27.1, 27.08, 27.07, 27.07, 27.08], [27.1, 27.1, 27.1, 26.96, 26.98, 27.03, 27.0, 26.94, 26.63, 26.65, 26.93, 26.81, 26.85, 26.83, 27.08, 27.11, 27.1, 27.09, 27.09, 27.09], [27.1, 27.1, 27.1, 27.1, 27.1, 27.1, 27.1, 27.1, 26.99, 26.7, 26.5, 26.77, 26.8, 26.8, 27.08, 27.12, 27.11, 27.1, 27.1, 27.1], [27.1, 27.1, 27.1, 27.1, 27.1, 27.1, 27.1, 27.1, 27.1, -999.0, 26.5, 27.2, 27.2, 26.78, 27.08, 27.13, 27.12, 26.37, 26.39, 26.39], [27.1, 27.1, 27.1, 27.1, 27.1, 27.1, 27.1, 27.1, 27.1, 27.1, -999.0, 27.2, 27.2, 26.35, 26.72, 26.6, 26.61, 26.47, 26.49, 26.5], [27.1, 27.1, 27.1, 27.1, 27.1, 27.1, 27.1, 27.1, 27.1, 27.1, -999.0, 25.9, 25.9, 25.9, 26.61, 26.51, 26.53, 26.39, 26.42, 26.44], [27.1, 27.1, 27.1, 27.1, 27.1, 27.1, 27.1, 27.1, 27.1, 27.1, 27.1, 26.64, 25.9, 25.9, 25.9, 26.4, 26.44, 26.31, 26.35, 26.38], [27.1, 27.1, 27.1, 27.1, 27.1, 27.1, 27.1, 27.1, 27.1, 27.1, 26.34, 26.43, 26.31, 26.22, 26.33, 26.23, 26.28, 26.19, 26.43, 26.47], [27.1, 27.1, 27.1, 27.1, 27.1, 27.1, 27.1, 27.1, 27.1, 27.1, 26.58, 26.44, 26.28, 26.13, 26.14, 26.12, 26.2, 26.27, 26.31, 26.34], [27.1, 27.1, 27.1, 27.1, 27.1, 27.1, 27.1, 27.1, 27.1, 26.8, 26.63, 26.45, 26.27, 26.15, 25.94, 26.1, 26.21, 26.28, 26.33, 26.36], [27.1, 27.1, 27.1, 27.1, 27.1, 27.1, 27.1, 27.1, 26.99, 26.87, 26.74, 26.59, 26.39, 26.24, 26.08, 26.17, 26.26, 26.32, 26.36, 26.39], [27.1, 27.1, 27.04, 27.05, 27.05, 27.05, 27.06, 27.08, 26.98, 26.88, 26.75, 26.63, 26.46, 26.37, 26.23, 26.28, 26.34, 26.38, 26.41, 26.42], [27.04, 27.04, 27.04, 27.06, 27.06, 27.06, 27.07, 27.07, 26.89, 26.84, 26.76, 26.67, 26.52, 26.32, 26.35, 26.39, 26.43, 26.45, 26.46, 26.46], [27.05, 27.05, 27.05, 27.06, 27.06, 27.06, 27.06, 27.07, 26.86, 26.82, 26.77, 26.71, 26.55, 26.4, 26.43, 26.48, 26.52, 26.52, 26.51, 26.49], [27.05, 27.05, 27.05, 27.06, 27.06, 27.06, 27.06, 27.06, 27.05, 27.05, 27.05, 26.98, 26.79, 26.45, 26.49, 26.55, 26.61, 26.59, 26.55, 26.52], [27.06, 27.06, 27.06, 27.06, 27.06, 27.06, 27.05, 27.05, 27.04, 27.04, 27.04, 26.98, 26.79, 26.76, 26.73, 26.59, 26.71, 26.61, 26.56, 26.53], [27.06, 27.06, 27.06, 27.06, 27.06, 27.06, 27.05, 27.04, 27.03, 27.02, 27.03, 26.98, 26.97, 26.76, 26.72, 26.69, 26.58, 26.55, 26.55, 26.53], [27.06, 27.06, 27.06, 27.06, 27.06, 27.06, 27.05, 27.04, 27.03, 27.02, 27.0, 26.99, 26.98, 26.76, 26.73, 26.71, 26.68, 26.66, 26.54, 26.53], [27.06, 27.06, 27.06, 27.06, 27.06, 27.06, 27.05, 27.05, 27.05, 27.04, 27.01, 27.01, 26.99, 26.81, 26.77, 26.74, 26.71, 26.7, 26.7, 26.71], [27.06, 27.06, 27.06, 27.06, 27.06, 27.06, 27.06, 27.06, 27.06, 27.04, 27.04, 26.98, 26.94, 26.9, 26.79, 26.76, 26.74, 26.73, 26.72, 26.72], [27.06, 27.06, 27.06, 27.06, 27.06, 27.06, 27.06, 27.06, 27.07, 27.06, 27.07, 27.01, 26.96, 26.91, 26.82, 26.78, 26.76, 26.75, 26.74, 26.74], [27.06, 27.06, 27.06, 27.06, 27.06, 27.06, 27.06, 27.07, 27.0, 27.03, 27.05, 27.01, 26.96, 26.92, 26.83, 26.8, 26.78, 26.77, 26.76, 26.75], [27.06, 27.06, 27.06, 27.06, 27.06, 27.06, 27.07, 27.07, 26.99, 27.01, 27.01, 26.99, 26.96, 26.92, 26.84, 26.81, 26.79, 26.78, 26.77, 26.76], [27.06, 27.06, 27.06, 27.06, 27.07, 27.07, 27.07, 26.97, 26.98, 26.98, 26.98, 26.97, 26.95, 26.92, 26.85, 26.82, 26.8, 26.79, 26.78, 26.77]]}