gis_exercise/awsData/contour/temp_2023091409.json
{"header": {"refTime": "2023-09-14T09:00:00.000Z", "nx": 21, "ny": 33, "lo1": 113.509, "la1": 22.2235, "lo2": 113.5947, "la2": 22.1034, "dx": 0.0042850000000001385, "dy": 0.003753125000000024, "parameterCategory": 0, "parameterCategoryName": "Temperature", "parameterNumber": 0}, "z": [[27.98, 27.98, 27.97, 27.71, 27.71, 27.95, 27.94, 27.92, 27.92, 27.74, 27.74, 27.75, 27.94, 27.95, 27.78, 27.76, 27.76, 27.74, 27.73, 27.72], [27.99, 27.98, 27.98, 27.97, 27.72, 27.72, 27.93, 27.9, 27.89, 27.75, 27.75, 27.76, 27.95, 27.96, 27.79, 27.78, 27.75, 27.73, 27.71, 27.71], [27.99, 27.99, 27.98, 27.97, 27.72, 27.72, 27.73, 27.89, 27.82, 27.75, 27.75, 27.78, 27.97, 27.98, 27.82, 27.78, 27.74, 27.71, 27.69, 27.69], [28.0, 27.99, 27.99, 27.98, 27.97, 27.73, 27.73, 27.74, 27.75, 27.73, 27.75, 27.81, 28.0, 27.86, 27.83, 27.76, 27.71, 27.68, 27.66, 27.66], [28.0, 28.0, 28.0, 27.99, 27.99, 27.73, 27.73, 27.73, 27.71, 27.68, 27.72, 27.87, 28.0, 27.89, 27.82, 27.74, 27.66, 27.62, 27.62, 27.63], [28.01, 28.01, 28.01, 28.01, 28.0, 28.0, 27.75, 27.74, 27.71, 27.63, 27.66, 27.8, 27.91, 28.03, 27.8, 27.69, 27.59, 27.54, 27.56, 27.6], [28.1, 28.02, 28.02, 28.02, 28.02, 28.02, 27.85, 27.81, 27.77, 27.6, 27.5, 27.69, 27.99, 28.0, 27.77, 27.64, 27.48, 27.42, 27.45, 27.5], [28.1, 28.1, 28.1, 28.1, 28.1, 27.87, 27.87, 27.92, 27.98, 27.56, 27.27, 27.65, 27.66, 28.0, 27.52, 27.59, 27.46, 27.41, 27.48, 27.53], [28.1, 28.1, 28.1, 28.1, 28.1, 28.1, 28.1, 27.88, 27.78, 27.63, 27.41, 27.53, 27.58, 27.51, 27.54, 27.61, 27.54, 27.5, 27.52, 27.55], [28.1, 28.1, 28.1, 28.1, 28.1, 28.1, 28.1, 28.1, 27.53, 27.59, 27.59, 27.45, 27.5, 27.47, 27.54, 27.64, 27.59, 27.56, 27.56, 27.57], [28.1, 28.1, 28.1, 28.1, 28.1, 28.1, 28.1, 28.1, 28.1, 27.76, 27.1, 27.4, 27.44, 27.44, 27.53, 27.66, 27.62, 27.6, 27.6, 27.6], [28.1, 28.1, 28.1, 28.1, 28.1, 28.1, 28.1, 28.1, 28.1, -999.0, 27.1, 27.9, 27.9, 27.42, 27.53, 27.68, 27.66, 26.9, 26.91, 26.91], [28.1, 28.1, 28.1, 28.1, 28.1, 28.1, 28.1, 28.1, 28.1, 28.1, -999.0, 27.9, 27.9, 27.05, 27.42, 27.05, 27.05, 26.96, 26.98, 26.98], [28.1, 28.1, 28.1, 28.1, 28.1, 28.1, 28.1, 28.1, 28.1, 28.1, -999.0, 26.6, 26.6, 26.6, 27.31, 26.99, 27.0, 26.91, 26.93, 26.94], [28.1, 28.1, 28.1, 28.1, 28.1, 28.1, 28.1, 27.9, 27.9, 27.9, 27.9, 27.4, 26.6, 26.6, 26.6, 26.92, 26.94, 26.86, 26.89, 26.91], [28.1, 28.1, 27.97, 27.97, 27.97, 27.9, 27.9, 27.9, 27.9, 27.9, 27.08, 27.17, 27.05, 26.94, 27.06, 26.71, 26.73, 26.7, 26.86, 26.88], [27.97, 27.97, 28.03, 28.03, 27.9, 27.9, 27.9, 27.9, 27.9, 27.9, 27.34, 27.18, 27.01, 26.85, 26.79, 26.7, 26.74, 26.77, 26.79, 26.8], [28.03, 28.03, 28.02, 28.02, 27.9, 27.9, 27.9, 27.9, 27.9, 27.57, 27.4, 27.2, 27.0, 26.8, 26.63, 26.69, 26.74, 26.78, 26.8, 26.81], [28.02, 28.02, 28.02, 27.9, 27.9, 27.9, 27.9, 27.9, 27.78, 27.65, 27.47, 27.31, 27.01, 26.86, 26.68, 26.72, 26.76, 26.79, 26.81, 26.83], [28.02, 28.02, 27.73, 27.74, 27.75, 27.76, 27.79, 27.85, 27.74, 27.62, 27.48, 27.34, 27.05, 26.95, 26.75, 26.77, 26.8, 26.82, 26.83, 26.84], [27.72, 27.72, 27.73, 27.78, 27.78, 27.79, 27.8, 27.81, 27.63, 27.57, 27.48, 27.38, 27.09, 26.79, 26.8, 26.82, 26.84, 26.85, 26.86, 26.86], [27.76, 27.76, 27.76, 27.77, 27.77, 27.77, 27.77, 27.78, 27.57, 27.53, 27.47, 27.4, 27.02, 26.83, 26.84, 26.86, 26.87, 26.88, 26.88, 26.88], [27.75, 27.75, 27.75, 27.77, 27.76, 27.76, 27.76, 27.75, 27.74, 27.73, 27.73, 27.5, 27.19, 26.85, 26.87, 26.89, 26.9, 26.91, 26.9, 26.89], [27.76, 27.76, 27.76, 27.76, 27.75, 27.75, 27.74, 27.72, 27.7, 27.69, 27.7, 27.48, 27.2, 27.13, 27.07, 26.9, 26.91, 26.93, 26.92, 26.9], [27.76, 27.76, 27.76, 27.75, 27.75, 27.74, 27.73, 27.7, 27.67, 27.64, 27.68, 27.5, 27.45, 27.14, 27.08, 27.02, 26.94, 26.95, 26.92, 26.91], [27.76, 27.76, 27.75, 27.75, 27.74, 27.74, 27.72, 27.7, 27.67, 27.65, 27.57, 27.53, 27.48, 27.15, 27.09, 27.08, 27.05, 27.04, 26.92, 26.91], [27.76, 27.76, 27.75, 27.75, 27.74, 27.74, 27.73, 27.71, 27.7, 27.7, 27.59, 27.56, 27.51, 27.25, 27.18, 27.13, 27.09, 27.08, 27.08, 27.09], [27.76, 27.75, 27.75, 27.75, 27.74, 27.74, 27.73, 27.73, 27.73, 27.64, 27.65, 27.62, 27.57, 27.51, 27.23, 27.17, 27.14, 27.12, 27.11, 27.11], [27.76, 27.75, 27.75, 27.75, 27.75, 27.74, 27.74, 27.74, 27.75, 27.69, 27.75, 27.66, 27.59, 27.53, 27.27, 27.21, 27.18, 27.15, 27.14, 27.14], [27.76, 27.75, 27.75, 27.75, 27.75, 27.75, 27.75, 27.75, 27.65, 27.7, 27.72, 27.66, 27.6, 27.55, 27.3, 27.25, 27.21, 27.18, 27.17, 27.16], [27.76, 27.75, 27.75, 27.75, 27.75, 27.75, 27.75, 27.75, 27.64, 27.66, 27.66, 27.64, 27.59, 27.55, 27.32, 27.27, 27.23, 27.21, 27.19, 27.18], [27.76, 27.75, 27.75, 27.75, 27.75, 27.75, 27.75, 27.6, 27.62, 27.63, 27.62, 27.61, 27.58, 27.55, 27.32, 27.28, 27.25, 27.23, 27.21, 27.2]]}