gis_exercise/awsData/contour/temp_2023090512.json
{"header": {"refTime": "2023-09-05T12:00:00.000Z", "nx": 21, "ny": 33, "lo1": 113.509, "la1": 22.2235, "lo2": 113.5947, "la2": 22.1034, "dx": 0.0042850000000001385, "dy": 0.003753125000000024, "parameterCategory": 0, "parameterCategoryName": "Temperature", "parameterNumber": 0}, "z": [[32.7, 32.71, 32.71, 32.84, 32.83, 32.75, 32.75, 32.74, 32.74, 32.76, 32.76, 32.77, 32.94, 32.96, 32.73, 32.73, 33.0, 33.0, 33.0, 33.01], [32.7, 32.7, 32.71, 32.71, 32.83, 32.82, 32.74, 32.73, 32.73, 32.75, 32.76, 32.77, 32.93, 32.95, 32.73, 33.0, 33.0, 33.0, 33.0, 33.0], [32.7, 32.7, 32.71, 32.71, 32.83, 32.82, 32.8, 32.73, 32.71, 32.74, 32.76, 32.77, 32.93, 32.94, 32.99, 32.99, 32.99, 32.99, 32.99, 32.99], [32.7, 32.7, 32.7, 32.71, 32.71, 32.83, 32.82, 32.79, 32.77, 32.76, 32.77, 32.76, 32.9, 32.99, 32.98, 32.99, 32.98, 32.98, 32.98, 32.98], [32.69, 32.7, 32.7, 32.71, 32.71, 32.85, 32.84, 32.83, 32.83, 32.79, 32.79, 32.95, 32.82, 32.96, 32.98, 32.98, 32.97, 32.96, 32.96, 32.97], [32.69, 32.69, 32.7, 32.7, 32.71, 32.72, 32.86, 32.86, 32.87, 32.89, 33.09, 33.03, 32.94, 33.03, 33.01, 32.99, 32.94, 32.93, 32.94, 32.96], [32.68, 32.69, 32.69, 32.69, 32.7, 32.72, 32.83, 32.89, 32.9, 33.1, 33.16, 33.2, 33.27, 33.21, 33.06, 32.99, 32.9, 32.87, 32.78, 32.78], [32.67, 32.67, 32.67, 32.67, 32.68, 32.77, 32.81, 32.86, 32.96, 33.08, 33.07, 33.48, 33.49, 33.2, 33.14, 33.23, 33.04, 32.96, 33.08, 33.15], [32.73, 32.72, 32.65, 32.65, 32.64, 32.66, 32.71, 32.83, 32.93, 33.11, 33.27, 33.37, 33.42, 33.36, 33.16, 33.27, 33.15, 33.11, 33.13, 33.18], [32.5, 32.5, 32.5, 32.69, 32.66, 32.59, 32.64, 32.71, 32.96, 32.95, 33.43, 33.31, 33.35, 33.33, 33.16, 33.31, 33.23, 33.2, 33.19, 33.21], [32.5, 32.5, 32.5, 32.5, 32.5, 32.5, 32.5, 32.5, 32.64, 32.93, 33.0, 33.27, 33.3, 33.3, 33.15, 33.34, 33.28, 33.25, 33.24, 33.25], [32.5, 32.5, 32.5, 32.5, 32.5, 32.5, 32.5, 32.5, 32.5, -999.0, 33.0, 33.7, 33.7, 33.28, 33.14, 33.37, 33.33, 33.2, 33.19, 33.19], [32.5, 32.5, 32.5, 32.5, 32.5, 32.5, 32.5, 32.5, 32.5, 32.5, -999.0, 33.7, 33.7, 33.57, 33.63, 33.05, 33.05, 33.14, 33.12, 33.12], [32.5, 32.5, 32.5, 32.5, 32.5, 32.5, 32.5, 32.5, 32.5, 32.5, -999.0, 33.5, 33.5, 33.5, 33.61, 33.11, 33.1, 33.19, 33.17, 33.16], [32.5, 32.5, 32.5, 32.5, 32.5, 32.5, 32.5, 32.7, 32.7, 32.7, 32.7, 33.01, 33.5, 33.5, 33.5, 33.18, 33.16, 33.24, 33.21, 33.19], [32.5, 32.5, 32.63, 32.63, 32.63, 32.7, 32.7, 32.7, 32.7, 32.7, 33.2, 33.15, 33.22, 33.29, 33.21, 32.88, 32.78, 32.95, 32.85, 32.81], [32.63, 32.63, 32.57, 32.57, 32.7, 32.7, 32.7, 32.7, 32.7, 32.7, 33.04, 33.14, 33.25, 33.34, 33.21, 33.28, 33.2, 33.14, 33.1, 33.07], [32.57, 32.57, 32.58, 32.58, 32.7, 32.7, 32.7, 32.7, 32.7, 32.9, 33.01, 33.13, 33.26, 33.21, 33.46, 33.3, 33.19, 33.12, 33.08, 33.05], [32.58, 32.58, 32.58, 32.7, 32.7, 32.7, 32.7, 32.7, 32.77, 32.86, 32.99, 33.09, 32.97, 33.11, 33.32, 33.23, 33.14, 33.08, 33.04, 33.03], [32.58, 32.58, 32.87, 32.86, 32.85, 32.84, 32.81, 32.75, 32.81, 32.89, 32.98, 33.07, 32.88, 32.94, 33.16, 33.11, 33.05, 33.01, 33.0, 32.99], [32.88, 32.88, 32.87, 32.82, 32.82, 32.81, 32.8, 32.79, 32.89, 32.93, 32.99, 33.06, 32.79, 33.07, 33.04, 32.99, 32.94, 32.93, 32.94, 32.96], [32.84, 32.84, 32.84, 32.83, 32.83, 32.83, 32.83, 32.73, 32.95, 32.97, 33.01, 33.05, 32.79, 32.99, 32.94, 32.87, 32.82, 32.84, 32.9, 32.94], [32.85, 32.85, 32.85, 32.71, 32.72, 32.73, 32.74, 32.75, 32.77, 32.77, 32.76, 32.6, 32.84, 32.94, 32.87, 32.76, 32.63, 32.75, 32.88, 32.93], [32.69, 32.69, 32.7, 32.71, 32.71, 32.73, 32.75, 32.77, 32.81, 32.82, 32.79, 32.53, 32.85, 32.81, 32.76, 32.73, 32.27, 32.86, 32.94, 32.95], [32.69, 32.69, 32.7, 32.7, 32.71, 32.72, 32.75, 32.78, 32.85, 32.91, 32.82, 32.56, 32.44, 32.83, 32.81, 32.8, 32.99, 33.24, 33.03, 32.98], [32.68, 32.69, 32.69, 32.69, 32.7, 32.71, 32.73, 32.77, 32.83, 32.89, 32.68, 32.54, 32.44, 32.85, 32.85, 32.76, 32.88, 32.95, 33.02, 32.99], [32.68, 32.68, 32.68, 32.69, 32.69, 32.7, 32.7, 32.72, 32.74, 32.73, 32.57, 32.5, 32.43, 32.63, 32.68, 32.74, 32.81, 32.84, 32.83, 32.8], [32.67, 32.67, 32.67, 32.67, 32.67, 32.67, 32.67, 32.66, 32.63, 32.49, 32.45, 32.73, 32.84, 32.94, 32.66, 32.71, 32.76, 32.78, 32.79, 32.78], [32.67, 32.67, 32.67, 32.66, 32.66, 32.65, 32.64, 32.61, 32.56, 32.4, 32.42, 32.62, 32.77, 32.89, 32.63, 32.68, 32.72, 32.74, 32.75, 32.75], [32.66, 32.66, 32.66, 32.65, 32.65, 32.64, 32.62, 32.59, 32.67, 32.55, 32.48, 32.62, 32.75, 32.86, 32.61, 32.66, 32.69, 32.71, 32.72, 32.72], [32.66, 32.66, 32.65, 32.65, 32.64, 32.63, 32.61, 32.58, 32.69, 32.64, 32.62, 32.68, 32.77, 32.86, 32.6, 32.64, 32.67, 32.69, 32.7, 32.71], [32.66, 32.65, 32.65, 32.64, 32.63, 32.62, 32.6, 32.77, 32.73, 32.71, 32.71, 32.74, 32.8, 32.86, 32.6, 32.63, 32.65, 32.67, 32.68, 32.69]]}