gis_exercise/awsData/contour/temp_2023091020.json
{"header": {"refTime": "2023-09-10T20:00:00.000Z", "nx": 21, "ny": 33, "lo1": 113.509, "la1": 22.2235, "lo2": 113.5947, "la2": 22.1034, "dx": 0.0042850000000001385, "dy": 0.003753125000000024, "parameterCategory": 0, "parameterCategoryName": "Temperature", "parameterNumber": 0}, "z": [[25.48, 25.47, 25.47, 25.23, 25.23, 25.46, 25.46, 25.45, 25.45, 25.37, 25.4, 25.42, 25.63, 25.65, 25.69, 25.7, 25.81, 25.81, 25.81, 25.81], [25.49, 25.48, 25.47, 25.46, 25.23, 25.24, 25.44, 25.42, 25.41, 25.36, 25.4, 25.44, 25.65, 25.67, 25.71, 25.81, 25.81, 25.81, 25.81, 25.81], [25.49, 25.48, 25.48, 25.46, 25.23, 25.24, 25.25, 25.4, 25.33, 25.35, 25.41, 25.47, 25.69, 25.7, 25.82, 25.81, 25.81, 25.81, 25.81, 25.8], [25.5, 25.49, 25.49, 25.47, 25.46, 25.24, 25.24, 25.25, 25.26, 25.36, 25.43, 25.53, 25.75, 25.66, 25.82, 25.81, 25.81, 25.81, 25.8, 25.8], [25.51, 25.5, 25.5, 25.49, 25.47, 25.23, 25.24, 25.24, 25.23, 25.35, 25.43, 25.67, 25.8, 25.69, 25.82, 25.81, 25.81, 25.8, 25.8, 25.8], [25.52, 25.52, 25.51, 25.51, 25.49, 25.48, 25.24, 25.24, 25.22, 25.18, 25.46, 25.6, 25.71, 25.83, 25.81, 25.81, 25.8, 25.8, 25.8, 25.8], [25.62, 25.53, 25.53, 25.53, 25.52, 25.5, 25.37, 25.26, 25.25, 25.23, 25.2, 25.49, 25.79, 25.8, 25.8, 25.8, 25.8, 25.8, 25.82, 25.82], [25.63, 25.63, 25.63, 25.63, 25.62, 25.44, 25.4, 25.37, 25.36, 25.2, 25.03, 25.45, 25.46, 25.8, 25.76, 25.75, 25.77, 25.78, 25.77, 25.76], [25.57, 25.58, 25.65, 25.65, 25.66, 25.64, 25.59, 25.39, 25.24, 25.25, 25.21, 25.33, 25.38, 25.31, 25.76, 25.75, 25.76, 25.77, 25.76, 25.76], [25.8, 25.8, 25.8, 25.61, 25.64, 25.71, 25.66, 25.59, 25.12, 25.14, 25.39, 25.25, 25.3, 25.27, 25.76, 25.74, 25.75, 25.76, 25.76, 25.75], [25.8, 25.8, 25.8, 25.8, 25.8, 25.8, 25.8, 25.8, 25.66, 25.23, 24.9, 25.2, 25.24, 25.24, 25.76, 25.74, 25.75, 25.75, 25.75, 25.75], [25.8, 25.8, 25.8, 25.8, 25.8, 25.8, 25.8, 25.8, 25.8, -999.0, 24.9, 25.7, 25.7, 25.22, 25.76, 25.74, 25.74, 25.23, 25.25, 25.25], [25.8, 25.8, 25.8, 25.8, 25.8, 25.8, 25.8, 25.8, 25.8, 25.8, -999.0, 25.7, 25.7, 25.11, 25.37, 25.44, 25.44, 25.32, 25.34, 25.35], [25.8, 25.8, 25.8, 25.8, 25.8, 25.8, 25.8, 25.8, 25.8, 25.8, -999.0, 24.8, 24.8, 24.8, 25.29, 25.35, 25.37, 25.24, 25.27, 25.29], [25.8, 25.8, 25.8, 25.8, 25.8, 25.8, 25.8, 25.9, 25.9, 25.9, 25.9, 25.48, 24.8, 24.8, 24.8, 25.26, 25.29, 25.17, 25.21, 25.24], [25.8, 25.8, 25.86, 25.86, 25.87, 25.9, 25.9, 25.9, 25.9, 25.9, 25.21, 25.29, 25.18, 25.09, 25.19, 25.09, 25.14, 25.06, 25.28, 25.31], [25.86, 25.86, 25.84, 25.84, 25.9, 25.9, 25.9, 25.9, 25.9, 25.9, 25.43, 25.29, 25.15, 25.01, 25.02, 25.02, 25.1, 25.16, 25.21, 25.24], [25.84, 25.84, 25.84, 25.84, 25.9, 25.9, 25.9, 25.9, 25.9, 25.62, 25.47, 25.31, 25.14, 25.03, 24.83, 25.0, 25.11, 25.18, 25.23, 25.26], [25.84, 25.84, 25.84, 25.9, 25.9, 25.9, 25.9, 25.9, 25.8, 25.69, 25.56, 25.43, 25.25, 25.1, 24.98, 25.06, 25.16, 25.22, 25.26, 25.29], [25.84, 25.84, 25.84, 25.85, 25.85, 25.85, 25.86, 25.88, 25.79, 25.69, 25.58, 25.46, 25.31, 25.22, 25.13, 25.17, 25.23, 25.28, 25.31, 25.32], [25.84, 25.84, 25.84, 25.86, 25.86, 25.86, 25.87, 25.87, 25.71, 25.66, 25.59, 25.5, 25.36, 25.22, 25.24, 25.28, 25.32, 25.35, 25.36, 25.36], [25.85, 25.85, 25.85, 25.86, 25.86, 25.86, 25.86, 25.92, 25.67, 25.64, 25.6, 25.54, 25.38, 25.29, 25.33, 25.37, 25.4, 25.41, 25.4, 25.39], [25.85, 25.85, 25.85, 25.94, 25.93, 25.93, 25.92, 25.92, 25.91, 25.91, 25.91, 25.78, 25.64, 25.35, 25.39, 25.44, 25.48, 25.47, 25.45, 25.42], [25.95, 25.95, 25.95, 25.94, 25.94, 25.93, 25.92, 25.91, 25.89, 25.89, 25.9, 25.85, 25.65, 25.62, 25.6, 25.47, 25.55, 25.51, 25.47, 25.44], [25.95, 25.95, 25.95, 25.95, 25.94, 25.94, 25.93, 25.91, 25.87, 25.84, 25.89, 25.86, 25.85, 25.63, 25.6, 25.58, 25.5, 25.5, 25.47, 25.44], [25.96, 25.96, 25.96, 25.95, 25.95, 25.95, 25.94, 25.92, 25.89, 25.86, 25.88, 25.89, 25.88, 25.63, 25.61, 25.65, 25.61, 25.6, 25.46, 25.44], [25.96, 25.96, 25.96, 25.96, 25.96, 25.96, 25.95, 25.95, 25.94, 25.95, 25.93, 25.93, 25.91, 25.78, 25.73, 25.68, 25.65, 25.64, 25.64, 25.65], [25.97, 25.97, 25.97, 25.97, 25.97, 25.97, 25.98, 25.98, 26.0, 26.0, 26.02, 25.98, 25.93, 25.88, 25.76, 25.72, 25.69, 25.67, 25.67, 25.67], [25.97, 25.97, 25.97, 25.97, 25.98, 25.98, 25.99, 26.01, 26.04, 26.08, 26.14, 26.04, 25.96, 25.9, 25.79, 25.75, 25.72, 25.7, 25.69, 25.69], [25.97, 25.97, 25.98, 25.98, 25.99, 25.99, 26.01, 26.02, 26.01, 26.07, 26.11, 26.04, 25.97, 25.92, 25.82, 25.77, 25.74, 25.72, 25.71, 25.71], [25.98, 25.98, 25.98, 25.99, 25.99, 26.0, 26.01, 26.03, 26.0, 26.03, 26.03, 26.01, 25.96, 25.92, 25.83, 25.79, 25.76, 25.74, 25.73, 25.72], [25.98, 25.98, 25.98, 25.99, 25.99, 26.0, 26.01, 25.96, 25.98, 25.99, 25.99, 25.98, 25.95, 25.92, 25.83, 25.8, 25.78, 25.76, 25.74, 25.74]]}