gis_exercise/awsData/contour/temp_2023090809.json
{"header": {"refTime": "2023-09-08T09:00:00.000Z", "nx": 21, "ny": 33, "lo1": 113.509, "la1": 22.2235, "lo2": 113.5947, "la2": 22.1034, "dx": 0.0042850000000001385, "dy": 0.003753125000000024, "parameterCategory": 0, "parameterCategoryName": "Temperature", "parameterNumber": 0}, "z": [[25.04, 25.04, 25.04, 24.96, 24.97, 25.09, 25.1, 25.1, 25.11, 25.09, 25.1, 25.1, 25.23, 25.23, 25.24, 25.24, 25.3, 25.3, 25.3, 25.3], [25.04, 25.04, 25.04, 25.04, 24.97, 24.98, 25.09, 25.1, 25.1, 25.09, 25.1, 25.11, 25.23, 25.24, 25.25, 25.3, 25.3, 25.3, 25.3, 25.3], [25.04, 25.04, 25.04, 25.04, 24.97, 24.98, 25.0, 25.1, 25.1, 25.09, 25.1, 25.12, 25.24, 25.25, 25.3, 25.3, 25.3, 25.3, 25.3, 25.3], [25.04, 25.04, 25.04, 25.03, 25.04, 24.97, 24.98, 25.01, 25.03, 25.09, 25.11, 25.14, 25.26, 25.2, 25.3, 25.3, 25.3, 25.3, 25.3, 25.3], [25.04, 25.03, 25.03, 25.03, 25.03, 24.95, 24.96, 24.97, 24.97, 25.07, 25.1, 25.2, 25.26, 25.22, 25.3, 25.3, 25.3, 25.3, 25.3, 25.3], [25.04, 25.03, 25.03, 25.03, 25.03, 25.02, 24.94, 24.94, 24.93, 24.91, 25.11, 25.17, 25.23, 25.3, 25.3, 25.3, 25.3, 25.3, 25.3, 25.3], [25.01, 25.04, 25.03, 25.03, 25.03, 25.02, 24.92, 24.91, 24.9, 24.93, 24.95, 25.13, 25.3, 25.3, 25.3, 25.3, 25.3, 25.3, 25.3, 25.3], [25.01, 25.02, 25.02, 25.01, 25.01, 24.95, 24.93, 24.91, 24.91, 24.91, 24.87, 25.15, 25.15, 25.3, 25.3, 25.3, 25.3, 25.3, 25.3, 25.3], [24.99, 24.99, 25.02, 25.03, 25.03, 25.02, 25.0, 24.93, 24.87, 24.94, 24.99, 25.07, 25.1, 25.05, 25.3, 25.3, 25.3, 25.3, 25.3, 25.3], [25.1, 25.1, 25.1, 25.01, 25.02, 25.05, 25.03, 25.0, 24.84, 24.85, 25.1, 25.02, 25.05, 25.03, 25.3, 25.3, 25.3, 25.3, 25.3, 25.3], [25.1, 25.1, 25.1, 25.1, 25.1, 25.1, 25.1, 25.1, 25.03, 24.87, 24.8, 24.99, 25.01, 25.01, 25.3, 25.3, 25.3, 25.3, 25.3, 25.3], [25.1, 25.1, 25.1, 25.1, 25.1, 25.1, 25.1, 25.1, 25.1, -999.0, 24.8, 25.3, 25.3, 25.0, 25.3, 25.3, 25.3, 24.9, 24.91, 24.91], [25.1, 25.1, 25.1, 25.1, 25.1, 25.1, 25.1, 25.1, 25.1, 25.1, -999.0, 25.3, 25.3, 24.84, 25.04, 25.05, 25.05, 24.96, 24.98, 24.98], [25.1, 25.1, 25.1, 25.1, 25.1, 25.1, 25.1, 25.1, 25.1, 25.1, -999.0, 24.6, 24.6, 24.6, 24.98, 24.99, 25.0, 24.91, 24.93, 24.94], [25.1, 25.1, 25.1, 25.1, 25.1, 25.1, 25.1, 25.2, 25.2, 25.2, 25.2, 24.97, 24.6, 24.6, 24.6, 24.92, 24.94, 24.86, 24.89, 24.91], [25.1, 25.1, 25.16, 25.16, 25.17, 25.2, 25.2, 25.2, 25.2, 25.2, 24.82, 24.87, 24.81, 24.76, 24.81, 24.78, 24.81, 24.76, 24.92, 24.94], [25.16, 25.16, 25.14, 25.14, 25.2, 25.2, 25.2, 25.2, 25.2, 25.2, 24.94, 24.87, 24.79, 24.72, 24.73, 24.75, 24.8, 24.84, 24.87, 24.89], [25.14, 25.14, 25.14, 25.14, 25.2, 25.2, 25.2, 25.2, 25.2, 25.05, 24.97, 24.88, 24.78, 24.73, 24.62, 24.73, 24.81, 24.85, 24.88, 24.91], [25.14, 25.14, 25.14, 25.2, 25.2, 25.2, 25.2, 25.2, 25.15, 25.08, 25.06, 24.99, 24.85, 24.78, 24.72, 24.77, 24.84, 24.88, 24.91, 24.92], [25.14, 25.14, 25.31, 25.31, 25.3, 25.29, 25.27, 25.23, 25.17, 25.13, 25.08, 25.02, 24.89, 24.84, 24.82, 24.85, 24.89, 24.92, 24.94, 24.95], [25.32, 25.32, 25.32, 25.28, 25.28, 25.27, 25.27, 25.26, 25.15, 25.13, 25.1, 25.06, 24.92, 24.88, 24.89, 24.92, 24.94, 24.96, 24.97, 24.97], [25.29, 25.29, 25.29, 25.29, 25.29, 25.29, 25.28, 25.27, 25.17, 25.16, 25.13, 25.09, 25.02, 24.93, 24.95, 24.98, 25.0, 25.01, 25.0, 24.99], [25.3, 25.3, 25.3, 25.27, 25.27, 25.28, 25.28, 25.29, 25.3, 25.3, 25.3, 25.26, 25.21, 24.96, 24.99, 25.02, 25.05, 25.05, 25.03, 25.01], [25.27, 25.27, 25.27, 25.28, 25.28, 25.28, 25.29, 25.3, 25.32, 25.33, 25.32, 25.28, 25.22, 25.18, 25.16, 25.04, 25.08, 25.07, 25.05, 25.03], [25.27, 25.27, 25.28, 25.28, 25.28, 25.29, 25.3, 25.32, 25.34, 25.37, 25.33, 25.28, 25.25, 25.19, 25.16, 25.13, 25.07, 25.08, 25.05, 25.03], [25.27, 25.27, 25.28, 25.28, 25.28, 25.29, 25.3, 25.31, 25.34, 25.36, 25.31, 25.28, 25.25, 25.19, 25.17, 25.12, 25.11, 25.11, 25.04, 25.03], [25.27, 25.27, 25.28, 25.28, 25.28, 25.29, 25.29, 25.3, 25.31, 25.31, 25.28, 25.26, 25.25, 25.14, 25.13, 25.12, 25.12, 25.11, 25.11, 25.12], [25.27, 25.27, 25.28, 25.28, 25.28, 25.28, 25.28, 25.29, 25.28, 25.26, 25.25, 25.24, 25.24, 25.23, 25.13, 25.13, 25.12, 25.12, 25.12, 25.12], [25.27, 25.27, 25.27, 25.28, 25.28, 25.28, 25.28, 25.27, 25.26, 25.23, 25.21, 25.23, 25.23, 25.23, 25.14, 25.13, 25.13, 25.12, 25.12, 25.12], [25.27, 25.27, 25.27, 25.27, 25.27, 25.27, 25.27, 25.27, 25.24, 25.23, 25.22, 25.23, 25.23, 25.23, 25.14, 25.13, 25.13, 25.13, 25.13, 25.12], [25.27, 25.27, 25.27, 25.27, 25.27, 25.27, 25.27, 25.26, 25.24, 25.23, 25.23, 25.23, 25.23, 25.23, 25.14, 25.14, 25.13, 25.13, 25.13, 25.13], [25.27, 25.27, 25.27, 25.27, 25.27, 25.27, 25.27, 25.24, 25.24, 25.24, 25.23, 25.23, 25.23, 25.23, 25.14, 25.14, 25.14, 25.13, 25.13, 25.13]]}