gis_exercise/awsData/contour/temp_2023090206.json
{"header": {"refTime": "2023-09-02T06:00:00.000Z", "nx": 21, "ny": 33, "lo1": 113.509, "la1": 22.2235, "lo2": 113.5947, "la2": 22.1034, "dx": 0.0042850000000001385, "dy": 0.003753125000000024, "parameterCategory": 0, "parameterCategoryName": "Temperature", "parameterNumber": 0}, "z": [[25.6, 25.59, 25.59, 25.52, 25.53, 25.62, 25.62, 25.62, 25.63, 25.69, 25.72, 25.74, 25.72, 25.73, 25.7, 25.69, 25.68, 25.67, 25.66, 25.66], [25.6, 25.6, 25.59, 25.59, 25.52, 25.53, 25.61, 25.62, 25.62, 25.68, 25.71, 25.75, 25.73, 25.74, 25.7, 25.69, 25.67, 25.66, 25.66, 25.65], [25.6, 25.6, 25.59, 25.59, 25.52, 25.53, 25.54, 25.61, 25.6, 25.66, 25.72, 25.77, 25.75, 25.75, 25.71, 25.69, 25.67, 25.65, 25.65, 25.64], [25.6, 25.6, 25.6, 25.59, 25.59, 25.52, 25.53, 25.55, 25.57, 25.68, 25.74, 25.8, 25.78, 25.81, 25.71, 25.68, 25.66, 25.64, 25.63, 25.63], [25.61, 25.6, 25.6, 25.59, 25.59, 25.51, 25.51, 25.52, 25.52, 25.77, 25.77, 25.79, 25.87, 25.82, 25.71, 25.67, 25.64, 25.62, 25.62, 25.62], [25.61, 25.61, 25.6, 25.6, 25.59, 25.58, 25.49, 25.48, 25.51, 25.52, 25.72, 25.8, 25.83, 25.8, 25.69, 25.65, 25.61, 25.59, 25.6, 25.61], [25.62, 25.61, 25.61, 25.61, 25.6, 25.58, 25.6, 25.48, 25.47, 25.5, 25.48, 25.76, 25.73, 25.75, 25.67, 25.62, 25.56, 25.54, 25.57, 25.6], [25.63, 25.63, 25.63, 25.63, 25.62, 25.6, 25.55, 25.51, 25.42, 25.49, 25.49, 25.6, 25.6, 25.75, 25.54, 25.55, 25.53, 25.52, 25.53, 25.54], [25.57, 25.58, 25.65, 25.65, 25.66, 25.64, 25.59, 25.52, 25.4, 25.51, 25.6, 25.6, 25.6, 25.6, 25.54, 25.55, 25.54, 25.53, 25.54, 25.54], [25.8, 25.8, 25.8, 25.61, 25.64, 25.71, 25.66, 25.59, 25.4, 25.4, 25.6, 25.6, 25.6, 25.6, 25.54, 25.56, 25.55, 25.54, 25.54, 25.55], [25.8, 25.8, 25.8, 25.8, 25.8, 25.8, 25.8, 25.8, 25.66, 25.4, -999.0, 25.6, 25.6, 25.6, 25.54, 25.56, 25.55, 25.55, 25.55, 25.55], [25.8, 25.8, 25.8, 25.8, 25.8, 25.8, 25.8, 25.8, 25.8, -999.0, -999.0, 25.6, 25.6, 25.6, 25.54, 25.56, 25.56, 25.1, 25.11, 25.11], [25.8, 25.8, 25.8, 25.8, 25.8, 25.8, 25.8, 25.8, 25.8, 25.8, -999.0, 25.6, 25.6, 25.08, 25.31, 25.25, 25.25, 25.16, 25.18, 25.18], [25.8, 25.8, 25.8, 25.8, 25.8, 25.8, 25.8, 25.8, 25.8, 25.8, -999.0, 24.8, 24.8, 24.8, 25.24, 25.19, 25.2, 25.11, 25.13, 25.14], [25.8, 25.8, 25.8, 25.8, 25.8, 25.8, 25.8, 25.7, 25.7, 25.7, 25.7, 25.35, 24.8, 24.8, 24.8, 25.12, 25.14, 25.06, 25.09, 25.11], [25.8, 25.8, 25.74, 25.74, 25.73, 25.7, 25.7, 25.7, 25.7, 25.7, 25.13, 25.2, 25.11, 25.04, 25.12, 24.95, 24.97, 24.93, 25.09, 25.11], [25.74, 25.74, 25.76, 25.76, 25.7, 25.7, 25.7, 25.7, 25.7, 25.7, 25.31, 25.2, 25.08, 24.98, 24.95, 24.9, 24.94, 24.97, 24.99, 25.01], [25.76, 25.76, 25.76, 25.76, 25.7, 25.7, 25.7, 25.7, 25.7, 25.47, 25.35, 25.22, 25.08, 24.96, 24.82, 24.89, 24.95, 24.98, 25.0, 25.01], [25.76, 25.76, 25.76, 25.7, 25.7, 25.7, 25.7, 25.7, 25.62, 25.52, 25.37, 25.25, 25.12, 25.01, 24.89, 24.92, 24.97, 25.0, 25.02, 25.03], [25.76, 25.76, 25.47, 25.48, 25.5, 25.52, 25.55, 25.63, 25.57, 25.48, 25.37, 25.27, 25.16, 25.09, 24.95, 24.98, 25.0, 25.02, 25.04, 25.04], [25.46, 25.46, 25.47, 25.53, 25.54, 25.55, 25.57, 25.59, 25.47, 25.42, 25.35, 25.28, 25.19, 25.0, 25.01, 25.03, 25.04, 25.06, 25.06, 25.06], [25.51, 25.52, 25.52, 25.52, 25.52, 25.53, 25.53, 25.51, 25.4, 25.37, 25.33, 25.29, 25.09, 25.03, 25.05, 25.07, 25.08, 25.09, 25.08, 25.08], [25.51, 25.51, 25.51, 25.48, 25.48, 25.48, 25.47, 25.46, 25.45, 25.44, 25.44, 25.39, 25.21, 25.06, 25.08, 25.1, 25.12, 25.12, 25.1, 25.09], [25.47, 25.47, 25.47, 25.47, 25.46, 25.46, 25.44, 25.43, 25.41, 25.39, 25.4, 25.3, 25.21, 25.19, 25.18, 25.12, 25.17, 25.13, 25.11, 25.1], [25.46, 25.46, 25.46, 25.46, 25.45, 25.44, 25.43, 25.4, 25.37, 25.34, 25.38, 25.31, 25.3, 25.2, 25.18, 25.17, 25.12, 25.11, 25.11, 25.1], [25.46, 25.46, 25.45, 25.45, 25.44, 25.43, 25.42, 25.39, 25.36, 25.34, 25.31, 25.31, 25.31, 25.2, 25.18, 25.19, 25.17, 25.16, 25.1, 25.1], [25.46, 25.45, 25.45, 25.44, 25.43, 25.42, 25.41, 25.4, 25.38, 25.38, 25.33, 25.32, 25.32, 25.24, 25.22, 25.2, 25.19, 25.18, 25.18, 25.19], [25.45, 25.45, 25.44, 25.44, 25.43, 25.42, 25.41, 25.4, 25.4, 25.35, 25.35, 25.33, 25.31, 25.28, 25.23, 25.21, 25.2, 25.19, 25.19, 25.19], [25.45, 25.45, 25.44, 25.44, 25.43, 25.42, 25.42, 25.41, 25.4, 25.37, 25.38, 25.34, 25.32, 25.29, 25.24, 25.23, 25.21, 25.21, 25.2, 25.2], [25.45, 25.44, 25.44, 25.43, 25.43, 25.42, 25.42, 25.41, 25.34, 25.36, 25.37, 25.34, 25.32, 25.3, 25.25, 25.24, 25.22, 25.22, 25.21, 25.21], [25.45, 25.44, 25.44, 25.43, 25.43, 25.42, 25.42, 25.42, 25.33, 25.34, 25.34, 25.33, 25.32, 25.3, 25.26, 25.24, 25.23, 25.22, 25.22, 25.21], [25.44, 25.44, 25.44, 25.43, 25.43, 25.43, 25.42, 25.32, 25.32, 25.33, 25.33, 25.32, 25.31, 25.3, 25.26, 25.25, 25.24, 25.23, 25.22, 25.22]]}