gis_exercise/awsData/contour/temp_2023090914.json
{"header": {"refTime": "2023-09-09T14:00:00.000Z", "nx": 21, "ny": 33, "lo1": 113.509, "la1": 22.2235, "lo2": 113.5947, "la2": 22.1034, "dx": 0.0042850000000001385, "dy": 0.003753125000000024, "parameterCategory": 0, "parameterCategoryName": "Temperature", "parameterNumber": 0}, "z": [[25.57, 25.58, 25.58, 25.43, 25.44, 25.62, 25.63, 25.64, 25.65, 25.61, 25.6, 25.6, 25.76, 25.77, 25.74, 25.74, 25.76, 25.76, 25.76, 25.76], [25.57, 25.57, 25.58, 25.58, 25.44, 25.46, 25.63, 25.65, 25.66, 25.62, 25.61, 25.61, 25.77, 25.77, 25.74, 25.77, 25.76, 25.76, 25.76, 25.76], [25.57, 25.57, 25.57, 25.57, 25.43, 25.45, 25.49, 25.65, 25.69, 25.63, 25.61, 25.61, 25.77, 25.78, 25.77, 25.77, 25.76, 25.76, 25.76, 25.75], [25.57, 25.57, 25.57, 25.57, 25.57, 25.44, 25.47, 25.52, 25.56, 25.61, 25.6, 25.63, 25.78, 25.66, 25.77, 25.76, 25.76, 25.75, 25.75, 25.75], [25.57, 25.57, 25.57, 25.56, 25.56, 25.41, 25.42, 25.44, 25.44, 25.55, 25.57, 25.66, 25.74, 25.68, 25.77, 25.76, 25.75, 25.75, 25.74, 25.75], [25.57, 25.57, 25.57, 25.56, 25.55, 25.54, 25.38, 25.37, 25.36, 25.33, 25.53, 25.62, 25.7, 25.8, 25.77, 25.75, 25.74, 25.73, 25.74, 25.74], [25.52, 25.57, 25.57, 25.56, 25.55, 25.53, 25.35, 25.33, 25.31, 25.31, 25.32, 25.57, 25.8, 25.8, 25.77, 25.75, 25.73, 25.72, 25.72, 25.72], [25.53, 25.53, 25.53, 25.53, 25.52, 25.41, 25.37, 25.32, 25.31, 25.28, 25.2, 25.58, 25.59, 25.8, 25.74, 25.75, 25.73, 25.72, 25.73, 25.74], [25.47, 25.48, 25.55, 25.55, 25.56, 25.54, 25.49, 25.35, 25.24, 25.32, 25.37, 25.47, 25.52, 25.46, 25.74, 25.75, 25.74, 25.73, 25.74, 25.74], [25.7, 25.7, 25.7, 25.51, 25.54, 25.61, 25.56, 25.49, 25.19, 25.2, 25.53, 25.41, 25.45, 25.43, 25.74, 25.76, 25.75, 25.74, 25.74, 25.75], [25.7, 25.7, 25.7, 25.7, 25.7, 25.7, 25.7, 25.7, 25.56, 25.23, 25.1, 25.37, 25.4, 25.4, 25.74, 25.76, 25.75, 25.75, 25.75, 25.75], [25.7, 25.7, 25.7, 25.7, 25.7, 25.7, 25.7, 25.7, 25.7, -999.0, 25.1, 25.8, 25.8, 25.38, 25.74, 25.76, 25.76, 25.36, 25.37, 25.37], [25.7, 25.7, 25.7, 25.7, 25.7, 25.7, 25.7, 25.7, 25.7, 25.7, -999.0, 25.8, 25.8, 25.34, 25.54, 25.48, 25.49, 25.41, 25.42, 25.43], [25.7, 25.7, 25.7, 25.7, 25.7, 25.7, 25.7, 25.7, 25.7, 25.7, -999.0, 25.1, 25.1, 25.1, 25.48, 25.43, 25.44, 25.37, 25.38, 25.39], [25.7, 25.7, 25.7, 25.7, 25.7, 25.7, 25.7, 25.9, 25.9, 25.9, 25.9, 25.59, 25.1, 25.1, 25.1, 25.37, 25.39, 25.32, 25.34, 25.36], [25.7, 25.7, 25.83, 25.83, 25.83, 25.9, 25.9, 25.9, 25.9, 25.9, 25.4, 25.45, 25.38, 25.31, 25.39, 25.28, 25.31, 25.26, 25.39, 25.41], [25.83, 25.83, 25.77, 25.77, 25.9, 25.9, 25.9, 25.9, 25.9, 25.9, 25.56, 25.46, 25.35, 25.26, 25.25, 25.25, 25.3, 25.34, 25.37, 25.39], [25.77, 25.77, 25.78, 25.78, 25.9, 25.9, 25.9, 25.9, 25.9, 25.7, 25.59, 25.47, 25.34, 25.26, 25.12, 25.23, 25.31, 25.35, 25.38, 25.41], [25.78, 25.78, 25.78, 25.9, 25.9, 25.9, 25.9, 25.9, 25.83, 25.74, 25.69, 25.59, 25.41, 25.31, 25.22, 25.27, 25.34, 25.38, 25.41, 25.42], [25.78, 25.78, 25.96, 25.95, 25.95, 25.95, 25.94, 25.92, 25.84, 25.78, 25.71, 25.62, 25.45, 25.39, 25.32, 25.35, 25.39, 25.42, 25.44, 25.45], [25.96, 25.96, 25.96, 25.94, 25.94, 25.94, 25.93, 25.93, 25.8, 25.77, 25.72, 25.66, 25.49, 25.38, 25.39, 25.42, 25.44, 25.46, 25.47, 25.47], [25.95, 25.95, 25.95, 25.94, 25.94, 25.94, 25.94, 26.0, 25.8, 25.78, 25.74, 25.7, 25.55, 25.43, 25.45, 25.48, 25.5, 25.51, 25.5, 25.49], [25.95, 25.95, 25.95, 26.04, 26.03, 26.03, 26.03, 26.02, 26.02, 26.03, 26.03, 25.87, 25.75, 25.46, 25.49, 25.52, 25.55, 25.55, 25.53, 25.51], [26.05, 26.05, 26.05, 26.05, 26.04, 26.04, 26.04, 26.04, 26.03, 26.03, 26.04, 25.98, 25.76, 25.71, 25.67, 25.54, 25.58, 25.57, 25.55, 25.53], [26.06, 26.06, 26.06, 26.06, 26.05, 26.05, 26.05, 26.05, 26.03, 26.02, 26.05, 26.0, 25.96, 25.72, 25.68, 25.65, 25.57, 25.58, 25.55, 25.53], [26.06, 26.06, 26.06, 26.06, 26.07, 26.07, 26.07, 26.06, 26.05, 26.03, 26.03, 26.02, 25.99, 25.73, 25.69, 25.71, 25.67, 25.67, 25.54, 25.53], [26.07, 26.07, 26.07, 26.07, 26.08, 26.08, 26.08, 26.08, 26.08, 26.09, 26.07, 26.06, 26.02, 25.85, 25.79, 25.74, 25.71, 25.7, 25.7, 25.71], [26.07, 26.07, 26.08, 26.08, 26.09, 26.09, 26.1, 26.11, 26.13, 26.13, 26.14, 26.11, 26.06, 26.01, 25.83, 25.78, 25.75, 25.74, 25.73, 25.73], [26.08, 26.08, 26.08, 26.09, 26.09, 26.1, 26.11, 26.13, 26.16, 26.19, 26.25, 26.16, 26.09, 26.03, 25.86, 25.82, 25.78, 25.77, 25.76, 25.75], [26.08, 26.08, 26.09, 26.09, 26.1, 26.11, 26.12, 26.14, 26.14, 26.19, 26.22, 26.16, 26.1, 26.04, 25.89, 25.84, 25.81, 25.79, 25.78, 25.77], [26.08, 26.09, 26.09, 26.1, 26.11, 26.11, 26.13, 26.14, 26.12, 26.15, 26.15, 26.13, 26.09, 26.05, 25.9, 25.86, 25.83, 25.81, 25.8, 25.79], [26.09, 26.09, 26.1, 26.1, 26.11, 26.12, 26.13, 26.09, 26.1, 26.12, 26.12, 26.1, 26.07, 26.04, 25.91, 25.87, 25.85, 25.83, 25.81, 25.8]]}