gis_exercise/awsData/contour/temp_2023091102.json
{"header": {"refTime": "2023-09-11T02:00:00.000Z", "nx": 21, "ny": 33, "lo1": 113.509, "la1": 22.2235, "lo2": 113.5947, "la2": 22.1034, "dx": 0.0042850000000001385, "dy": 0.003753125000000024, "parameterCategory": 0, "parameterCategoryName": "Temperature", "parameterNumber": 0}, "z": [[26.28, 26.27, 26.27, 26.03, 26.03, 26.26, 26.26, 26.25, 26.25, 26.17, 26.2, 26.22, 26.43, 26.45, 26.49, 26.5, 26.61, 26.61, 26.61, 26.61], [26.29, 26.28, 26.27, 26.26, 26.03, 26.04, 26.24, 26.22, 26.21, 26.16, 26.2, 26.24, 26.45, 26.47, 26.51, 26.61, 26.61, 26.61, 26.61, 26.61], [26.29, 26.28, 26.28, 26.26, 26.03, 26.04, 26.05, 26.2, 26.13, 26.15, 26.21, 26.27, 26.49, 26.5, 26.62, 26.61, 26.61, 26.61, 26.61, 26.6], [26.3, 26.29, 26.29, 26.27, 26.26, 26.04, 26.04, 26.05, 26.06, 26.16, 26.23, 26.33, 26.55, 26.46, 26.62, 26.61, 26.61, 26.61, 26.6, 26.6], [26.31, 26.3, 26.3, 26.29, 26.27, 26.03, 26.04, 26.04, 26.03, 26.15, 26.23, 26.47, 26.6, 26.49, 26.62, 26.61, 26.61, 26.6, 26.6, 26.6], [26.32, 26.32, 26.31, 26.31, 26.29, 26.28, 26.04, 26.04, 26.02, 25.98, 26.26, 26.4, 26.51, 26.63, 26.61, 26.61, 26.6, 26.6, 26.6, 26.6], [26.42, 26.33, 26.33, 26.33, 26.32, 26.3, 26.17, 26.06, 26.05, 26.03, 26.0, 26.29, 26.59, 26.6, 26.6, 26.6, 26.6, 26.6, 26.62, 26.62], [26.43, 26.43, 26.43, 26.43, 26.42, 26.24, 26.2, 26.17, 26.16, 26.0, 25.83, 26.25, 26.26, 26.6, 26.56, 26.55, 26.57, 26.58, 26.57, 26.56], [26.37, 26.38, 26.45, 26.45, 26.46, 26.44, 26.39, 26.19, 26.04, 26.05, 26.01, 26.13, 26.18, 26.11, 26.56, 26.55, 26.56, 26.57, 26.56, 26.56], [26.6, 26.6, 26.6, 26.41, 26.44, 26.51, 26.46, 26.39, 25.92, 25.94, 26.19, 26.05, 26.1, 26.07, 26.56, 26.54, 26.55, 26.56, 26.56, 26.55], [26.6, 26.6, 26.6, 26.6, 26.6, 26.6, 26.6, 26.6, 26.46, 26.03, 25.7, 26.0, 26.04, 26.04, 26.56, 26.54, 26.55, 26.55, 26.55, 26.55], [26.6, 26.6, 26.6, 26.6, 26.6, 26.6, 26.6, 26.6, 26.6, -999.0, 25.7, 26.5, 26.5, 26.02, 26.56, 26.54, 26.54, 25.97, 25.99, 25.99], [26.6, 26.6, 26.6, 26.6, 26.6, 26.6, 26.6, 26.6, 26.6, 26.6, -999.0, 26.5, 26.5, 25.85, 26.13, 26.2, 26.21, 26.07, 26.09, 26.1], [26.6, 26.6, 26.6, 26.6, 26.6, 26.6, 26.6, 26.6, 26.6, 26.6, -999.0, 25.5, 25.5, 25.5, 26.05, 26.11, 26.13, 25.99, 26.02, 26.04], [26.6, 26.6, 26.6, 26.6, 26.6, 26.6, 26.6, 26.5, 26.5, 26.5, 26.5, 26.12, 25.5, 25.5, 25.5, 26.0, 26.04, 25.91, 25.95, 25.98], [26.6, 26.6, 26.54, 26.54, 26.53, 26.5, 26.5, 26.5, 26.5, 26.5, 25.87, 25.94, 25.85, 25.76, 25.86, 25.79, 25.84, 25.76, 26.0, 26.04], [26.54, 26.54, 26.56, 26.56, 26.5, 26.5, 26.5, 26.5, 26.5, 26.5, 26.07, 25.95, 25.82, 25.7, 25.71, 25.69, 25.76, 25.82, 25.86, 25.88], [26.56, 26.56, 26.56, 26.56, 26.5, 26.5, 26.5, 26.5, 26.5, 26.25, 26.11, 25.96, 25.81, 25.72, 25.53, 25.67, 25.77, 25.83, 25.87, 25.9], [26.56, 26.56, 26.56, 26.5, 26.5, 26.5, 26.5, 26.5, 26.41, 26.31, 26.21, 26.09, 25.92, 25.79, 25.66, 25.73, 25.81, 25.87, 25.9, 25.92], [26.56, 26.56, 26.5, 26.5, 26.5, 26.5, 26.5, 26.5, 26.41, 26.33, 26.23, 26.13, 25.98, 25.9, 25.79, 25.83, 25.88, 25.92, 25.94, 25.95], [26.5, 26.5, 26.5, 26.5, 26.5, 26.5, 26.5, 26.5, 26.34, 26.3, 26.24, 26.16, 26.03, 25.87, 25.89, 25.92, 25.96, 25.98, 25.99, 25.98], [26.5, 26.5, 26.5, 26.5, 26.5, 26.5, 26.5, 26.52, 26.33, 26.3, 26.26, 26.2, 26.08, 25.93, 25.96, 26.0, 26.04, 26.04, 26.03, 26.01], [26.5, 26.5, 26.5, 26.53, 26.52, 26.52, 26.52, 26.52, 26.52, 26.52, 26.52, 26.45, 26.29, 25.98, 26.02, 26.07, 26.12, 26.1, 26.06, 26.04], [26.53, 26.53, 26.53, 26.53, 26.53, 26.52, 26.52, 26.52, 26.52, 26.52, 26.52, 26.48, 26.29, 26.26, 26.23, 26.1, 26.21, 26.11, 26.07, 26.05], [26.53, 26.53, 26.53, 26.53, 26.53, 26.53, 26.53, 26.52, 26.52, 26.51, 26.52, 26.48, 26.47, 26.26, 26.22, 26.19, 26.09, 26.06, 26.06, 26.05], [26.53, 26.53, 26.53, 26.53, 26.53, 26.53, 26.53, 26.53, 26.52, 26.51, 26.5, 26.49, 26.48, 26.26, 26.23, 26.21, 26.18, 26.16, 26.06, 26.04], [26.53, 26.53, 26.53, 26.53, 26.53, 26.53, 26.53, 26.53, 26.53, 26.53, 26.51, 26.51, 26.49, 26.31, 26.27, 26.24, 26.21, 26.2, 26.2, 26.21], [26.53, 26.53, 26.53, 26.54, 26.54, 26.54, 26.54, 26.54, 26.55, 26.54, 26.54, 26.48, 26.44, 26.4, 26.29, 26.26, 26.24, 26.23, 26.22, 26.22], [26.54, 26.54, 26.54, 26.54, 26.54, 26.54, 26.54, 26.55, 26.56, 26.56, 26.57, 26.51, 26.46, 26.41, 26.32, 26.28, 26.26, 26.25, 26.24, 26.24], [26.54, 26.54, 26.54, 26.54, 26.54, 26.54, 26.55, 26.55, 26.5, 26.53, 26.55, 26.51, 26.46, 26.42, 26.33, 26.3, 26.28, 26.27, 26.26, 26.25], [26.54, 26.54, 26.54, 26.54, 26.54, 26.54, 26.55, 26.55, 26.49, 26.51, 26.51, 26.49, 26.46, 26.42, 26.34, 26.31, 26.29, 26.28, 26.27, 26.26], [26.54, 26.54, 26.54, 26.54, 26.54, 26.55, 26.55, 26.47, 26.48, 26.48, 26.48, 26.47, 26.45, 26.42, 26.35, 26.32, 26.3, 26.29, 26.28, 26.27]]}