gis_exercise/awsData/contour/temp_2023090414.json
{"header": {"refTime": "2023-09-04T14:00:00.000Z", "nx": 21, "ny": 33, "lo1": 113.509, "la1": 22.2235, "lo2": 113.5947, "la2": 22.1034, "dx": 0.0042850000000001385, "dy": 0.003753125000000024, "parameterCategory": 0, "parameterCategoryName": "Temperature", "parameterNumber": 0}, "z": [[33.63, 33.63, 33.62, 33.01, 33.05, 33.35, 33.39, 33.43, 33.44, 33.27, 33.2, 33.14, 33.4, 33.38, 33.2, 33.17, 33.01, 33.0, 32.99, 32.99], [33.64, 33.63, 33.62, 33.62, 33.05, 33.11, 33.41, 33.49, 33.54, 33.35, 33.22, 33.13, 33.38, 33.36, 33.18, 33.02, 33.0, 32.99, 32.98, 32.98], [33.64, 33.63, 33.62, 33.62, 33.03, 33.09, 33.2, 33.54, 33.73, 33.41, 33.21, 33.1, 33.34, 33.32, 33.04, 33.02, 32.99, 32.98, 32.97, 32.97], [33.65, 33.64, 33.63, 33.61, 33.6, 33.04, 33.12, 33.27, 33.4, 33.29, 33.13, 33.05, 33.27, 32.93, 33.04, 33.01, 32.98, 32.96, 32.95, 32.95], [33.65, 33.65, 33.63, 33.61, 33.59, 32.96, 33.0, 33.04, 33.05, 33.07, 32.99, 32.92, 33.03, 32.96, 33.04, 32.99, 32.95, 32.92, 32.92, 32.93], [33.67, 33.66, 33.65, 33.62, 33.59, 33.53, 32.88, 32.85, 32.81, 32.72, 32.73, 32.88, 32.98, 33.17, 33.03, 32.97, 32.9, 32.87, 32.89, 32.91], [33.64, 33.68, 33.67, 33.65, 33.61, 33.53, 32.95, 32.74, 32.67, 32.49, 32.47, 32.82, 33.21, 33.2, 33.03, 32.94, 32.83, 32.78, 32.77, 32.8], [33.67, 33.68, 33.69, 33.68, 33.64, 33.19, 33.02, 32.82, 32.66, 32.44, 32.21, 32.9, 32.91, 33.2, 32.92, 32.99, 32.86, 32.81, 32.88, 32.93], [33.43, 33.45, 33.75, 33.78, 33.79, 33.72, 33.52, 32.95, 32.48, 32.53, 32.5, 32.69, 32.78, 32.66, 32.94, 33.01, 32.94, 32.9, 32.92, 32.95], [34.4, 34.4, 34.4, 33.6, 33.72, 34.01, 33.81, 33.52, 32.3, 32.34, 32.79, 32.57, 32.64, 32.61, 32.94, 33.04, 32.99, 32.96, 32.96, 32.97], [34.4, 34.4, 34.4, 34.4, 34.4, 34.4, 34.4, 34.4, 33.8, 32.46, 32.0, 32.5, 32.55, 32.56, 32.93, 33.06, 33.02, 33.0, 33.0, 33.0], [34.4, 34.4, 34.4, 34.4, 34.4, 34.4, 34.4, 34.4, 34.4, -999.0, 32.0, 33.3, 33.3, 32.52, 32.93, 33.08, 33.06, 33.1, 33.09, 33.09], [34.4, 34.4, 34.4, 34.4, 34.4, 34.4, 34.4, 34.4, 34.4, 34.4, -999.0, 33.3, 33.3, 33.37, 33.34, 32.95, 32.95, 33.04, 33.02, 33.02], [34.4, 34.4, 34.4, 34.4, 34.4, 34.4, 34.4, 34.4, 34.4, 34.4, -999.0, 33.4, 33.4, 33.4, 33.35, 33.01, 33.0, 33.09, 33.07, 33.06], [34.4, 34.4, 34.4, 34.4, 34.4, 34.4, 34.4, 34.1, 34.1, 34.1, 34.1, 33.83, 33.4, 33.4, 33.4, 33.08, 33.06, 33.14, 33.11, 33.09], [34.4, 34.4, 34.21, 34.21, 34.2, 34.1, 34.1, 34.1, 34.1, 34.1, 33.66, 33.71, 33.64, 33.58, 33.65, 32.74, 32.64, 32.82, 32.73, 32.68], [34.21, 34.21, 34.29, 34.29, 34.1, 34.1, 34.1, 34.1, 34.1, 34.1, 33.8, 33.71, 33.62, 33.54, 33.28, 33.12, 33.02, 32.95, 32.89, 32.86], [34.29, 34.29, 34.28, 34.28, 34.1, 34.1, 34.1, 34.1, 34.1, 33.92, 33.83, 33.72, 33.61, 33.3, 33.38, 33.15, 33.01, 32.92, 32.87, 32.83], [34.29, 34.28, 34.28, 34.1, 34.1, 34.1, 34.1, 34.1, 34.04, 33.96, 33.71, 33.62, 33.27, 33.24, 33.17, 33.06, 32.95, 32.87, 32.82, 32.8], [34.28, 34.28, 33.53, 33.56, 33.59, 33.65, 33.73, 33.94, 33.92, 33.81, 33.69, 33.61, 33.21, 33.14, 32.98, 32.92, 32.84, 32.79, 32.76, 32.76], [33.49, 33.5, 33.52, 33.69, 33.71, 33.74, 33.77, 33.81, 33.76, 33.7, 33.63, 33.58, 33.12, 32.86, 32.83, 32.77, 32.71, 32.69, 32.7, 32.71], [33.63, 33.64, 33.64, 33.65, 33.66, 33.67, 33.68, 33.81, 33.62, 33.59, 33.56, 33.53, 32.73, 32.76, 32.71, 32.63, 32.57, 32.59, 32.64, 32.68], [33.62, 33.62, 33.62, 33.81, 33.8, 33.78, 33.75, 33.72, 33.68, 33.66, 33.68, 33.0, 32.69, 32.7, 32.62, 32.51, 32.38, 32.48, 32.61, 32.66], [33.83, 33.82, 33.81, 33.8, 33.78, 33.75, 33.71, 33.64, 33.56, 33.52, 33.58, 33.06, 32.71, 32.63, 32.54, 32.47, 32.03, 32.57, 32.66, 32.68], [33.83, 33.82, 33.81, 33.79, 33.77, 33.74, 33.68, 33.59, 33.43, 33.29, 33.5, 33.13, 33.02, 32.65, 32.59, 32.55, 32.69, 32.91, 32.73, 32.7], [33.83, 33.82, 33.81, 33.8, 33.77, 33.74, 33.69, 33.61, 33.46, 33.33, 33.24, 33.23, 33.12, 32.68, 32.63, 32.82, 32.82, 32.85, 32.73, 32.71], [33.83, 33.82, 33.82, 33.8, 33.79, 33.77, 33.74, 33.69, 33.65, 33.65, 33.43, 33.38, 33.26, 33.18, 33.03, 32.94, 32.89, 32.88, 32.88, 32.88], [33.84, 33.83, 33.82, 33.82, 33.81, 33.8, 33.79, 33.8, 33.83, 33.67, 33.73, 33.87, 33.79, 33.73, 33.14, 33.03, 32.97, 32.94, 32.92, 32.92], [33.84, 33.84, 33.84, 33.83, 33.83, 33.84, 33.85, 33.88, 33.96, 33.94, 34.25, 34.01, 33.87, 33.78, 33.24, 33.12, 33.05, 33.0, 32.98, 32.96], [33.85, 33.85, 33.85, 33.85, 33.85, 33.86, 33.89, 33.93, 33.93, 34.08, 34.18, 34.03, 33.9, 33.81, 33.3, 33.19, 33.11, 33.06, 33.02, 33.01], [33.85, 33.85, 33.86, 33.86, 33.87, 33.88, 33.91, 33.95, 33.91, 33.99, 34.02, 33.96, 33.88, 33.81, 33.34, 33.23, 33.16, 33.1, 33.07, 33.04], [33.86, 33.86, 33.86, 33.87, 33.88, 33.89, 33.92, 33.83, 33.88, 33.91, 33.93, 33.9, 33.85, 33.81, 33.35, 33.26, 33.19, 33.14, 33.1, 33.08]]}