gis_exercise/awsData/contour/temp_2023090411.json
{"header": {"refTime": "2023-09-04T11:00:00.000Z", "nx": 21, "ny": 33, "lo1": 113.509, "la1": 22.2235, "lo2": 113.5947, "la2": 22.1034, "dx": 0.0042850000000001385, "dy": 0.003753125000000024, "parameterCategory": 0, "parameterCategoryName": "Temperature", "parameterNumber": 0}, "z": [[32.72, 32.72, 32.73, 32.5, 32.52, 32.78, 32.79, 32.8, 32.8, 32.62, 32.58, 32.56, 32.65, 32.64, 32.5, 32.47, 32.25, 32.23, 32.21, 32.2], [32.71, 32.72, 32.72, 32.73, 32.52, 32.55, 32.79, 32.81, 32.83, 32.66, 32.6, 32.56, 32.65, 32.63, 32.5, 32.27, 32.24, 32.21, 32.2, 32.19], [32.71, 32.71, 32.72, 32.73, 32.52, 32.55, 32.6, 32.83, 32.88, 32.69, 32.59, 32.55, 32.64, 32.63, 32.32, 32.27, 32.22, 32.19, 32.17, 32.17], [32.7, 32.71, 32.71, 32.72, 32.73, 32.53, 32.57, 32.63, 32.69, 32.62, 32.55, 32.54, 32.64, 32.39, 32.33, 32.25, 32.2, 32.16, 32.14, 32.14], [32.7, 32.7, 32.7, 32.71, 32.71, 32.49, 32.51, 32.53, 32.52, 32.49, 32.47, 32.41, 32.58, 32.43, 32.32, 32.22, 32.15, 32.11, 32.1, 32.11], [32.69, 32.69, 32.69, 32.69, 32.7, 32.7, 32.47, 32.46, 32.41, 32.33, 32.18, 32.32, 32.45, 32.53, 32.29, 32.17, 32.07, 32.03, 32.05, 32.08], [32.6, 32.68, 32.68, 32.68, 32.68, 32.68, 32.37, 32.44, 32.4, 32.11, 32.0, 32.17, 32.42, 32.44, 32.24, 32.12, 31.97, 31.91, 31.97, 32.02], [32.6, 32.6, 32.6, 32.6, 32.6, 32.4, 32.4, 32.44, 32.47, 32.08, 31.83, 32.05, 32.05, 32.45, 31.95, 31.99, 31.9, 31.87, 31.92, 31.96], [32.6, 32.6, 32.6, 32.6, 32.6, 32.6, 32.6, 32.4, 32.31, 32.13, 31.89, 31.97, 32.0, 31.95, 31.96, 32.01, 31.96, 31.94, 31.95, 31.97], [32.6, 32.6, 32.6, 32.6, 32.6, 32.6, 32.6, 32.6, 32.09, 32.14, 32.0, 31.92, 31.95, 31.93, 31.96, 32.03, 31.99, 31.98, 31.98, 31.98], [32.6, 32.6, 32.6, 32.6, 32.6, 32.6, 32.6, 32.6, 32.6, 32.29, 31.7, 31.89, 31.91, 31.91, 31.96, 32.04, 32.01, 32.0, 32.0, 32.0], [32.6, 32.6, 32.6, 32.6, 32.6, 32.6, 32.6, 32.6, 32.6, -999.0, 31.7, 32.2, 32.2, 31.9, 31.95, 32.05, 32.04, 31.86, 31.86, 31.86], [32.6, 32.6, 32.6, 32.6, 32.6, 32.6, 32.6, 32.6, 32.6, 32.6, -999.0, 32.2, 32.2, 32.0, 32.09, 31.84, 31.84, 31.85, 31.85, 31.85], [32.6, 32.6, 32.6, 32.6, 32.6, 32.6, 32.6, 32.6, 32.6, 32.6, -999.0, 31.9, 31.9, 31.9, 32.06, 31.84, 31.84, 31.86, 31.85, 31.85], [32.6, 32.6, 32.6, 32.6, 32.6, 32.6, 32.6, 32.5, 32.5, 32.5, 32.5, 32.27, 31.9, 31.9, 31.9, 31.85, 31.85, 31.86, 31.86, 31.86], [32.6, 32.6, 32.54, 32.54, 32.53, 32.5, 32.5, 32.5, 32.5, 32.5, 32.12, 32.17, 32.11, 32.06, 32.11, 31.31, 31.22, 31.38, 31.44, 31.41], [32.54, 32.54, 32.56, 32.56, 32.5, 32.5, 32.5, 32.5, 32.5, 32.5, 32.24, 32.17, 32.09, 32.02, 31.79, 31.68, 31.6, 31.54, 31.5, 31.47], [32.56, 32.56, 32.56, 32.56, 32.5, 32.5, 32.5, 32.5, 32.5, 32.35, 32.27, 32.18, 32.08, 31.81, 31.88, 31.7, 31.59, 31.52, 31.48, 31.45], [32.56, 32.56, 32.56, 32.5, 32.5, 32.5, 32.5, 32.5, 32.45, 32.38, 32.22, 32.14, 31.78, 31.76, 31.72, 31.63, 31.54, 31.48, 31.44, 31.43], [32.56, 32.56, 32.16, 32.17, 32.2, 32.23, 32.28, 32.4, 32.38, 32.29, 32.21, 32.14, 31.72, 31.67, 31.56, 31.51, 31.45, 31.42, 31.4, 31.4], [32.13, 32.14, 32.15, 32.25, 32.26, 32.28, 32.3, 32.33, 32.27, 32.23, 32.17, 32.13, 31.65, 31.47, 31.44, 31.39, 31.35, 31.34, 31.35, 31.36], [32.22, 32.22, 32.23, 32.23, 32.24, 32.24, 32.25, 32.38, 32.18, 32.16, 32.13, 32.11, 31.39, 31.39, 31.34, 31.28, 31.23, 31.25, 31.3, 31.34], [32.21, 32.21, 32.21, 32.41, 32.4, 32.38, 32.36, 32.34, 32.31, 32.3, 32.31, 31.66, 31.43, 31.34, 31.28, 31.17, 31.06, 31.16, 31.28, 31.33], [32.43, 32.42, 32.42, 32.41, 32.39, 32.37, 32.34, 32.29, 32.23, 32.21, 32.25, 31.78, 31.45, 31.36, 31.26, 31.15, 30.73, 31.26, 31.34, 31.35], [32.43, 32.43, 32.42, 32.41, 32.39, 32.37, 32.33, 32.26, 32.15, 32.04, 32.2, 31.85, 31.73, 31.38, 31.31, 31.26, 31.38, 31.6, 31.41, 31.37], [32.44, 32.43, 32.43, 32.42, 32.4, 32.38, 32.35, 32.29, 32.18, 32.08, 31.98, 31.94, 31.83, 31.41, 31.36, 31.51, 31.51, 31.54, 31.41, 31.38], [32.44, 32.44, 32.44, 32.43, 32.42, 32.41, 32.39, 32.36, 32.33, 32.34, 32.13, 32.08, 31.95, 31.85, 31.71, 31.61, 31.57, 31.56, 31.56, 31.56], [32.45, 32.45, 32.45, 32.44, 32.44, 32.44, 32.44, 32.45, 32.49, 32.35, 32.4, 32.54, 32.47, 32.41, 31.81, 31.71, 31.65, 31.62, 31.61, 31.6], [32.46, 32.46, 32.46, 32.46, 32.46, 32.47, 32.49, 32.53, 32.6, 32.59, 32.87, 32.67, 32.54, 32.46, 31.9, 31.79, 31.72, 31.68, 31.65, 31.64], [32.46, 32.47, 32.47, 32.47, 32.48, 32.5, 32.52, 32.57, 32.6, 32.73, 32.81, 32.68, 32.56, 32.48, 31.96, 31.85, 31.78, 31.73, 31.7, 31.68], [32.47, 32.47, 32.48, 32.49, 32.5, 32.51, 32.54, 32.58, 32.58, 32.64, 32.67, 32.62, 32.55, 32.49, 31.99, 31.9, 31.83, 31.77, 31.74, 31.72], [32.48, 32.48, 32.49, 32.49, 32.51, 32.52, 32.55, 32.51, 32.55, 32.58, 32.59, 32.57, 32.53, 32.48, 32.01, 31.92, 31.86, 31.81, 31.77, 31.75]]}