gis_exercise/awsData/contour/temp_2023090623.json
{"header": {"refTime": "2023-09-06T23:00:00.000Z", "nx": 21, "ny": 33, "lo1": 113.509, "la1": 22.2235, "lo2": 113.5947, "la2": 22.1034, "dx": 0.0042850000000001385, "dy": 0.003753125000000024, "parameterCategory": 0, "parameterCategoryName": "Temperature", "parameterNumber": 0}, "z": [[28.57, 28.56, 28.55, 28.25, 28.25, 28.52, 28.49, 28.47, 28.46, 28.28, 28.31, 28.34, 28.55, 28.57, 28.49, 28.48, 28.54, 28.53, 28.52, 28.51], [28.57, 28.57, 28.55, 28.54, 28.25, 28.24, 28.47, 28.42, 28.39, 28.27, 28.31, 28.36, 28.57, 28.59, 28.51, 28.56, 28.54, 28.52, 28.5, 28.5], [28.58, 28.57, 28.56, 28.55, 28.26, 28.25, 28.24, 28.39, 28.25, 28.26, 28.32, 28.4, 28.62, 28.63, 28.6, 28.56, 28.53, 28.5, 28.49, 28.48], [28.59, 28.59, 28.58, 28.57, 28.55, 28.27, 28.26, 28.24, 28.22, 28.26, 28.34, 28.46, 28.69, 28.57, 28.61, 28.55, 28.5, 28.48, 28.46, 28.46], [28.6, 28.6, 28.6, 28.59, 28.58, 28.28, 28.28, 28.27, 28.25, 28.25, 28.34, 28.59, 28.77, 28.61, 28.6, 28.53, 28.47, 28.44, 28.43, 28.44], [28.62, 28.62, 28.62, 28.61, 28.61, 28.6, 28.32, 28.33, 28.29, 28.21, 28.33, 28.5, 28.64, 28.77, 28.57, 28.49, 28.41, 28.38, 28.39, 28.42], [28.8, 28.63, 28.64, 28.64, 28.64, 28.64, 28.52, 28.43, 28.4, 28.23, 28.12, 28.34, 28.67, 28.7, 28.54, 28.45, 28.33, 28.29, 28.33, 28.37], [28.8, 28.8, 28.8, 28.8, 28.8, 28.55, 28.55, 28.6, 28.66, 28.19, 27.88, 28.25, 28.26, 28.7, 28.31, 28.34, 28.28, 28.25, 28.29, 28.32], [28.8, 28.8, 28.8, 28.8, 28.8, 28.8, 28.8, 28.56, 28.45, 28.27, 28.01, 28.13, 28.18, 28.11, 28.32, 28.36, 28.32, 28.3, 28.31, 28.33], [28.8, 28.8, 28.8, 28.8, 28.8, 28.8, 28.8, 28.8, 28.17, 28.24, 28.19, 28.05, 28.1, 28.07, 28.32, 28.37, 28.34, 28.33, 28.33, 28.34], [28.8, 28.8, 28.8, 28.8, 28.8, 28.8, 28.8, 28.8, 28.8, 28.42, 27.7, 28.0, 28.04, 28.04, 28.32, 28.38, 28.36, 28.35, 28.35, 28.35], [28.8, 28.8, 28.8, 28.8, 28.8, 28.8, 28.8, 28.8, 28.8, -999.0, 27.7, 28.5, 28.5, 28.02, 28.31, 28.39, 28.38, 27.46, 27.48, 27.48], [28.8, 28.8, 28.8, 28.8, 28.8, 28.8, 28.8, 28.8, 28.8, 28.8, -999.0, 28.5, 28.5, 27.46, 27.91, 27.73, 27.74, 27.58, 27.6, 27.61], [28.8, 28.8, 28.8, 28.8, 28.8, 28.8, 28.8, 28.8, 28.8, 28.8, -999.0, 26.9, 26.9, 26.9, 27.78, 27.62, 27.64, 27.48, 27.51, 27.54], [28.8, 28.8, 28.8, 28.8, 28.8, 28.8, 28.8, 28.1, 28.1, 28.1, 28.1, 27.64, 26.9, 26.9, 26.9, 27.5, 27.53, 27.38, 27.43, 27.47], [28.8, 28.8, 28.36, 28.35, 28.34, 28.1, 28.1, 28.1, 28.1, 28.1, 27.34, 27.43, 27.31, 27.22, 27.33, 27.27, 27.32, 27.22, 27.51, 27.55], [28.35, 28.35, 28.55, 28.54, 28.1, 28.1, 28.1, 28.1, 28.1, 28.1, 27.58, 27.44, 27.28, 27.13, 27.15, 27.14, 27.22, 27.29, 27.34, 27.37], [28.55, 28.54, 28.53, 28.51, 28.1, 28.1, 28.1, 28.1, 28.1, 27.8, 27.63, 27.45, 27.27, 27.16, 26.94, 27.11, 27.23, 27.31, 27.36, 27.39], [28.54, 28.53, 28.51, 28.1, 28.1, 28.1, 28.1, 28.1, 27.99, 27.87, 27.68, 27.53, 27.41, 27.25, 27.1, 27.18, 27.29, 27.35, 27.4, 27.42], [28.53, 28.52, 27.87, 27.88, 27.9, 27.92, 27.95, 28.03, 27.94, 27.82, 27.69, 27.56, 27.48, 27.39, 27.26, 27.31, 27.37, 27.42, 27.44, 27.46], [27.86, 27.86, 27.87, 27.93, 27.94, 27.95, 27.97, 27.99, 27.82, 27.76, 27.67, 27.58, 27.55, 27.35, 27.38, 27.42, 27.47, 27.49, 27.5, 27.5], [27.91, 27.92, 27.92, 27.92, 27.92, 27.93, 27.93, 27.98, 27.75, 27.71, 27.66, 27.6, 27.48, 27.43, 27.47, 27.52, 27.56, 27.57, 27.55, 27.53], [27.91, 27.91, 27.91, 27.98, 27.97, 27.97, 27.96, 27.94, 27.93, 27.92, 27.93, 27.87, 27.71, 27.49, 27.54, 27.6, 27.66, 27.64, 27.59, 27.56], [27.99, 27.98, 27.98, 27.97, 27.97, 27.96, 27.94, 27.91, 27.88, 27.86, 27.89, 27.87, 27.71, 27.71, 27.72, 27.64, 27.78, 27.65, 27.6, 27.57], [27.99, 27.98, 27.98, 27.97, 27.96, 27.95, 27.93, 27.89, 27.83, 27.77, 27.86, 27.88, 27.9, 27.71, 27.71, 27.71, 27.62, 27.58, 27.59, 27.57], [27.99, 27.98, 27.98, 27.97, 27.96, 27.95, 27.93, 27.9, 27.84, 27.79, 27.85, 27.9, 27.92, 27.7, 27.7, 27.77, 27.73, 27.71, 27.58, 27.57], [27.99, 27.98, 27.98, 27.98, 27.97, 27.96, 27.95, 27.93, 27.91, 27.91, 27.92, 27.95, 27.95, 27.88, 27.83, 27.79, 27.76, 27.75, 27.75, 27.76], [27.99, 27.99, 27.98, 27.98, 27.98, 27.97, 27.97, 27.97, 27.98, 28.0, 28.02, 27.95, 27.9, 27.85, 27.86, 27.82, 27.8, 27.78, 27.78, 27.78], [27.99, 27.99, 27.99, 27.99, 27.99, 27.99, 27.99, 28.0, 28.03, 28.08, 28.13, 28.01, 27.93, 27.88, 27.88, 27.85, 27.82, 27.81, 27.8, 27.8], [27.99, 27.99, 27.99, 27.99, 27.99, 28.0, 28.01, 28.02, 27.98, 28.05, 28.09, 28.02, 27.95, 27.89, 27.9, 27.87, 27.84, 27.83, 27.82, 27.81], [27.99, 27.99, 27.99, 28.0, 28.0, 28.0, 28.01, 28.03, 27.97, 28.0, 28.01, 27.98, 27.94, 27.9, 27.91, 27.88, 27.86, 27.84, 27.83, 27.83], [28.0, 28.0, 28.0, 28.0, 28.0, 28.01, 28.02, 27.93, 27.95, 27.97, 27.97, 27.95, 27.92, 27.89, 27.92, 27.89, 27.87, 27.86, 27.84, 27.84]]}