gis_exercise/awsData/contour/temp_2023091109.json
{"header": {"refTime": "2023-09-11T09:00:00.000Z", "nx": 21, "ny": 33, "lo1": 113.509, "la1": 22.2235, "lo2": 113.5947, "la2": 22.1034, "dx": 0.0042850000000001385, "dy": 0.003753125000000024, "parameterCategory": 0, "parameterCategoryName": "Temperature", "parameterNumber": 0}, "z": [[27.54, 27.55, 27.55, 27.56, 27.56, 27.67, 27.67, 27.68, 27.69, 27.76, 27.77, 27.78, 27.96, 27.98, 27.71, 27.69, 27.83, 27.81, 27.8, 27.79], [27.54, 27.54, 27.55, 27.55, 27.56, 27.57, 27.67, 27.68, 27.69, 27.75, 27.77, 27.79, 27.97, 27.99, 27.72, 27.85, 27.82, 27.8, 27.78, 27.78], [27.54, 27.54, 27.54, 27.55, 27.55, 27.57, 27.59, 27.68, 27.7, 27.74, 27.78, 27.81, 27.98, 28.0, 27.88, 27.84, 27.8, 27.77, 27.76, 27.75], [27.54, 27.54, 27.54, 27.54, 27.55, 27.55, 27.57, 27.6, 27.63, 27.75, 27.79, 27.84, 28.0, 27.99, 27.88, 27.82, 27.77, 27.74, 27.72, 27.73], [27.54, 27.54, 27.53, 27.53, 27.53, 27.53, 27.54, 27.55, 27.56, 27.76, 27.79, 27.98, 28.0, 28.0, 27.88, 27.8, 27.72, 27.68, 27.68, 27.69], [27.53, 27.53, 27.53, 27.53, 27.52, 27.51, 27.51, 27.5, 27.51, 27.53, 27.93, 27.98, 28.0, 28.1, 27.87, 27.76, 27.64, 27.59, 27.62, 27.66], [27.47, 27.53, 27.53, 27.52, 27.52, 27.5, 27.45, 27.45, 27.45, 27.63, 27.72, 27.99, 28.17, 28.15, 27.87, 27.71, 27.52, 27.44, 27.43, 27.47], [27.47, 27.47, 27.47, 27.47, 27.47, 27.48, 27.45, 27.4, 27.39, 27.62, 27.66, 28.08, 28.09, 28.15, 27.67, 27.78, 27.56, 27.48, 27.61, 27.69], [27.43, 27.43, 27.49, 27.49, 27.49, 27.48, 27.44, 27.44, 27.4, 27.64, 27.87, 27.97, 28.02, 27.96, 27.7, 27.82, 27.69, 27.64, 27.67, 27.72], [27.6, 27.6, 27.6, 27.46, 27.48, 27.53, 27.5, 27.44, 27.47, 27.45, 28.03, 27.91, 27.95, 27.93, 27.7, 27.86, 27.78, 27.74, 27.74, 27.76], [27.6, 27.6, 27.6, 27.6, 27.6, 27.6, 27.6, 27.6, 27.49, 27.4, 27.6, 27.87, 27.9, 27.9, 27.69, 27.9, 27.84, 27.8, 27.79, 27.8], [27.6, 27.6, 27.6, 27.6, 27.6, 27.6, 27.6, 27.6, 27.6, -999.0, 27.6, 28.3, 28.3, 27.88, 27.68, 27.93, 27.89, 27.19, 27.19, 27.19], [27.6, 27.6, 27.6, 27.6, 27.6, 27.6, 27.6, 27.6, 27.6, 27.6, -999.0, 28.3, 28.3, 27.52, 27.86, 27.23, 27.23, 27.2, 27.21, 27.21], [27.6, 27.6, 27.6, 27.6, 27.6, 27.6, 27.6, 27.6, 27.6, 27.6, -999.0, 27.1, 27.1, 27.1, 27.76, 27.21, 27.21, 27.19, 27.19, 27.2], [27.6, 27.6, 27.6, 27.6, 27.6, 27.6, 27.6, 28.2, 28.2, 28.2, 28.2, 27.78, 27.1, 27.1, 27.1, 27.19, 27.2, 27.17, 27.18, 27.19], [27.6, 27.6, 27.98, 27.98, 28.0, 28.2, 28.2, 28.2, 28.2, 28.2, 27.51, 27.59, 27.48, 27.39, 27.49, 27.25, 27.27, 27.23, 27.26, 27.27], [27.99, 27.99, 27.81, 27.82, 28.2, 28.2, 28.2, 28.2, 28.2, 28.2, 27.73, 27.59, 27.45, 27.31, 27.28, 27.47, 27.6, 27.71, 27.79, 27.84], [27.81, 27.82, 27.83, 27.85, 28.2, 28.2, 28.2, 28.2, 28.2, 27.92, 27.77, 27.61, 27.44, 27.29, 27.13, 27.43, 27.61, 27.74, 27.82, 27.88], [27.83, 27.84, 27.85, 28.2, 28.2, 28.2, 28.2, 28.2, 28.1, 27.99, 27.81, 27.67, 27.47, 27.34, 27.4, 27.53, 27.69, 27.8, 27.87, 27.92], [27.83, 27.84, 27.97, 27.98, 28.0, 28.02, 28.05, 28.13, 28.05, 27.94, 27.81, 27.7, 27.52, 27.43, 27.64, 27.71, 27.81, 27.89, 27.94, 27.98], [27.96, 27.96, 27.97, 28.03, 28.04, 28.05, 28.07, 28.09, 27.94, 27.88, 27.8, 27.72, 27.55, 27.79, 27.81, 27.87, 27.93, 27.98, 28.02, 28.04], [28.01, 28.02, 28.02, 28.02, 28.02, 28.03, 28.03, 28.06, 27.86, 27.83, 27.78, 27.73, 27.46, 27.9, 27.94, 27.98, 28.02, 28.07, 28.11, 28.11], [28.01, 28.01, 28.01, 28.05, 28.05, 28.05, 28.04, 28.02, 28.01, 28.0, 28.01, 27.84, 28.14, 27.99, 28.03, 28.05, 28.04, 28.14, 28.2, 28.19], [28.06, 28.06, 28.05, 28.05, 28.04, 28.03, 28.01, 27.99, 27.96, 27.95, 27.97, 27.83, 28.14, 28.19, 28.22, 28.12, 27.87, 28.35, 28.33, 28.26], [28.06, 28.05, 28.05, 28.04, 28.03, 28.02, 28.0, 27.97, 27.91, 27.87, 27.94, 27.84, 27.82, 28.2, 28.25, 28.31, 28.46, 28.71, 28.42, 28.3], [28.05, 28.05, 28.05, 28.04, 28.03, 28.02, 28.0, 27.97, 27.92, 27.88, 27.86, 27.87, 27.85, 28.2, 28.27, 28.41, 28.5, 28.56, 28.38, 28.3], [28.05, 28.05, 28.05, 28.04, 28.04, 28.03, 28.01, 28.0, 27.98, 27.98, 27.92, 27.92, 27.89, 28.33, 28.36, 28.4, 28.45, 28.47, 28.47, 28.44], [28.05, 28.05, 28.05, 28.04, 28.04, 28.04, 28.03, 28.03, 28.04, 27.99, 28.01, 28.24, 28.31, 28.4, 28.35, 28.39, 28.41, 28.43, 28.43, 28.42], [28.05, 28.05, 28.05, 28.05, 28.05, 28.05, 28.05, 28.05, 28.08, 28.07, 28.21, 28.25, 28.31, 28.38, 28.34, 28.37, 28.39, 28.4, 28.41, 28.41], [28.06, 28.05, 28.05, 28.05, 28.05, 28.05, 28.06, 28.07, 28.22, 28.22, 28.22, 28.26, 28.31, 28.37, 28.34, 28.36, 28.37, 28.39, 28.39, 28.39], [28.06, 28.06, 28.06, 28.06, 28.06, 28.06, 28.07, 28.08, 28.24, 28.24, 28.25, 28.28, 28.32, 28.37, 28.33, 28.35, 28.36, 28.37, 28.38, 28.38], [28.06, 28.06, 28.06, 28.06, 28.06, 28.06, 28.07, 28.26, 28.26, 28.27, 28.28, 28.3, 28.33, 28.37, 28.33, 28.34, 28.35, 28.36, 28.37, 28.37]]}