gis_exercise/awsData/contour/temp_2023090622.json
{"header": {"refTime": "2023-09-06T22:00:00.000Z", "nx": 21, "ny": 33, "lo1": 113.509, "la1": 22.2235, "lo2": 113.5947, "la2": 22.1034, "dx": 0.0042850000000001385, "dy": 0.003753125000000024, "parameterCategory": 0, "parameterCategoryName": "Temperature", "parameterNumber": 0}, "z": [[28.81, 28.79, 28.76, 28.21, 28.19, 28.57, 28.5, 28.44, 28.42, 27.99, 28.04, 28.09, 28.49, 28.53, 28.5, 28.5, 28.74, 28.73, 28.72, 28.72], [28.83, 28.81, 28.78, 28.74, 28.2, 28.16, 28.46, 28.33, 28.25, 27.96, 28.05, 28.13, 28.53, 28.57, 28.53, 28.76, 28.74, 28.72, 28.71, 28.71], [28.85, 28.83, 28.81, 28.77, 28.23, 28.19, 28.12, 28.25, 27.91, 27.94, 28.07, 28.19, 28.6, 28.63, 28.78, 28.75, 28.73, 28.71, 28.7, 28.7], [28.88, 28.86, 28.85, 28.82, 28.77, 28.24, 28.18, 28.09, 28.0, 27.96, 28.11, 28.3, 28.71, 28.58, 28.79, 28.75, 28.71, 28.69, 28.69, 28.68], [28.91, 28.9, 28.89, 28.87, 28.85, 28.31, 28.29, 28.25, 28.19, 27.97, 28.12, 28.59, 28.83, 28.63, 28.78, 28.73, 28.69, 28.67, 28.66, 28.67], [28.93, 28.94, 28.94, 28.94, 28.94, 28.94, 28.44, 28.46, 28.39, 28.21, 28.23, 28.47, 28.68, 28.9, 28.76, 28.7, 28.65, 28.62, 28.63, 28.65], [29.42, 28.97, 28.98, 28.99, 29.01, 29.05, 28.94, 28.75, 28.71, 28.35, 28.07, 28.28, 28.83, 28.85, 28.74, 28.67, 28.59, 28.56, 28.59, 28.62], [29.41, 29.41, 29.41, 29.41, 29.42, 28.94, 28.99, 29.18, 29.36, 28.27, 27.57, 28.24, 28.25, 28.85, 28.57, 28.6, 28.55, 28.54, 28.56, 28.58], [29.49, 29.48, 29.39, 29.38, 29.38, 29.4, 29.46, 29.03, 28.9, 28.42, 27.78, 28.0, 28.1, 27.96, 28.58, 28.6, 28.58, 28.57, 28.57, 28.58], [29.2, 29.2, 29.2, 29.43, 29.4, 29.31, 29.37, 29.46, 28.28, 28.42, 28.11, 27.86, 27.94, 27.9, 28.58, 28.61, 28.6, 28.59, 28.59, 28.59], [29.2, 29.2, 29.2, 29.2, 29.2, 29.2, 29.2, 29.2, 29.38, 28.85, 27.2, 27.77, 27.84, 27.84, 28.58, 28.62, 28.61, 28.6, 28.6, 28.6], [29.2, 29.2, 29.2, 29.2, 29.2, 29.2, 29.2, 29.2, 29.2, -999.0, 27.2, 28.7, 28.7, 27.8, 28.58, 28.63, 28.62, 27.82, 27.83, 27.84], [29.2, 29.2, 29.2, 29.2, 29.2, 29.2, 29.2, 29.2, 29.2, 29.2, -999.0, 28.7, 28.7, 27.79, 28.19, 28.06, 28.07, 27.92, 27.95, 27.96], [29.2, 29.2, 29.2, 29.2, 29.2, 29.2, 29.2, 29.2, 29.2, 29.2, -999.0, 27.3, 27.3, 27.3, 28.07, 27.96, 27.98, 27.83, 27.86, 27.89], [29.2, 29.2, 29.2, 29.2, 29.2, 29.2, 29.2, 28.4, 28.4, 28.4, 28.4, 27.98, 27.3, 27.3, 27.3, 27.85, 27.89, 27.75, 27.79, 27.83], [29.2, 29.2, 28.7, 28.69, 28.67, 28.4, 28.4, 28.4, 28.4, 28.4, 27.71, 27.79, 27.68, 27.59, 27.69, 27.63, 27.68, 27.59, 27.86, 27.9], [28.69, 28.68, 28.92, 28.9, 28.4, 28.4, 28.4, 28.4, 28.4, 28.4, 27.93, 27.79, 27.65, 27.51, 27.53, 27.47, 27.53, 27.57, 27.61, 27.63], [28.91, 28.9, 28.89, 28.87, 28.4, 28.4, 28.4, 28.4, 28.4, 28.12, 27.97, 27.81, 27.64, 27.54, 27.33, 27.45, 27.53, 27.59, 27.62, 27.64], [28.9, 28.89, 28.87, 28.4, 28.4, 28.4, 28.4, 28.4, 28.3, 28.19, 28.03, 27.89, 27.76, 27.62, 27.44, 27.5, 27.57, 27.62, 27.65, 27.66], [28.89, 28.87, 28.23, 28.24, 28.25, 28.26, 28.29, 28.35, 28.26, 28.16, 28.04, 27.92, 27.83, 27.74, 27.55, 27.59, 27.63, 27.67, 27.68, 27.69], [28.22, 28.22, 28.23, 28.28, 28.28, 28.29, 28.3, 28.31, 28.16, 28.11, 28.03, 27.94, 27.89, 27.62, 27.64, 27.67, 27.7, 27.72, 27.72, 27.71], [28.26, 28.26, 28.26, 28.27, 28.27, 28.27, 28.27, 28.31, 28.1, 28.07, 28.02, 27.96, 27.85, 27.68, 27.71, 27.75, 27.78, 27.78, 27.76, 27.74], [28.25, 28.25, 28.25, 28.32, 28.31, 28.31, 28.3, 28.29, 28.28, 28.27, 28.28, 28.21, 27.96, 27.72, 27.76, 27.82, 27.88, 27.83, 27.78, 27.75], [28.32, 28.32, 28.32, 28.31, 28.31, 28.3, 28.28, 28.26, 28.24, 28.23, 28.25, 28.22, 27.96, 27.94, 27.92, 27.84, 28.02, 27.81, 27.77, 27.75], [28.32, 28.32, 28.32, 28.31, 28.3, 28.29, 28.28, 28.25, 28.2, 28.16, 28.22, 28.23, 28.24, 27.93, 27.91, 27.89, 27.77, 27.68, 27.74, 27.74], [28.32, 28.32, 28.32, 28.31, 28.31, 28.3, 28.28, 28.25, 28.21, 28.17, 28.21, 28.25, 28.26, 27.93, 27.9, 27.93, 27.87, 27.84, 27.74, 27.74], [28.32, 28.32, 28.32, 28.31, 28.31, 28.3, 28.29, 28.28, 28.27, 28.27, 28.27, 28.29, 28.28, 28.08, 28.02, 27.97, 27.92, 27.9, 27.91, 27.92], [28.32, 28.32, 28.32, 28.32, 28.32, 28.31, 28.31, 28.31, 28.32, 28.33, 28.35, 28.23, 28.16, 28.09, 28.06, 28.01, 27.97, 27.95, 27.94, 27.95], [28.33, 28.32, 28.32, 28.32, 28.32, 28.32, 28.33, 28.34, 28.36, 28.4, 28.43, 28.3, 28.2, 28.12, 28.09, 28.04, 28.0, 27.98, 27.97, 27.97], [28.33, 28.33, 28.33, 28.33, 28.33, 28.33, 28.34, 28.35, 28.27, 28.34, 28.39, 28.3, 28.21, 28.14, 28.11, 28.07, 28.03, 28.01, 28.0, 27.99], [28.33, 28.33, 28.33, 28.33, 28.33, 28.34, 28.35, 28.36, 28.26, 28.29, 28.3, 28.26, 28.2, 28.15, 28.12, 28.08, 28.05, 28.03, 28.02, 28.01], [28.33, 28.33, 28.33, 28.34, 28.34, 28.34, 28.35, 28.21, 28.23, 28.24, 28.24, 28.22, 28.19, 28.14, 28.13, 28.1, 28.07, 28.05, 28.03, 28.03]]}