gis_exercise/awsData/contour/temp_2023090902.json
{"header": {"refTime": "2023-09-09T02:00:00.000Z", "nx": 21, "ny": 33, "lo1": 113.509, "la1": 22.2235, "lo2": 113.5947, "la2": 22.1034, "dx": 0.0042850000000001385, "dy": 0.003753125000000024, "parameterCategory": 0, "parameterCategoryName": "Temperature", "parameterNumber": 0}, "z": [[25.89, 25.89, 25.88, 25.67, 25.68, 25.92, 25.91, 25.91, 25.91, 25.83, 25.85, 25.87, 26.09, 26.11, 26.15, 26.16, 26.27, 26.27, 26.27, 26.27], [25.89, 25.89, 25.88, 25.88, 25.68, 25.69, 25.9, 25.89, 25.88, 25.83, 25.85, 25.88, 26.11, 26.13, 26.16, 26.27, 26.27, 26.27, 26.27, 26.27], [25.9, 25.89, 25.89, 25.88, 25.68, 25.69, 25.7, 25.87, 25.82, 25.82, 25.86, 25.91, 26.14, 26.15, 26.27, 26.27, 26.27, 26.28, 26.28, 26.28], [25.9, 25.9, 25.89, 25.89, 25.88, 25.68, 25.69, 25.71, 25.73, 25.82, 25.87, 25.96, 26.18, 26.08, 26.28, 26.28, 26.28, 26.28, 26.28, 26.28], [25.91, 25.9, 25.9, 25.89, 25.88, 25.67, 25.68, 25.68, 25.68, 25.8, 25.86, 26.08, 26.21, 26.11, 26.27, 26.28, 26.28, 26.28, 26.28, 26.28], [25.91, 25.91, 25.91, 25.9, 25.89, 25.88, 25.67, 25.67, 25.65, 25.6, 25.89, 26.02, 26.13, 26.27, 26.27, 26.28, 26.28, 26.28, 26.28, 26.28], [25.97, 25.92, 25.92, 25.92, 25.91, 25.9, 25.75, 25.68, 25.66, 25.65, 25.63, 25.93, 26.24, 26.25, 26.27, 26.28, 26.29, 26.29, 26.3, 26.3], [25.97, 25.97, 25.97, 25.97, 25.97, 25.8, 25.77, 25.75, 25.77, 25.61, 25.45, 25.92, 25.93, 26.25, 26.26, 26.25, 26.27, 26.28, 26.27, 26.26], [25.93, 25.93, 25.99, 25.99, 25.99, 25.98, 25.94, 25.76, 25.64, 25.67, 25.65, 25.78, 25.84, 25.76, 26.26, 26.25, 26.26, 26.27, 26.26, 26.26], [26.1, 26.1, 26.1, 25.96, 25.98, 26.03, 26.0, 25.94, 25.52, 25.54, 25.85, 25.7, 25.74, 25.72, 26.26, 26.24, 26.25, 26.26, 26.26, 26.25], [26.1, 26.1, 26.1, 26.1, 26.1, 26.1, 26.1, 26.1, 25.99, 25.63, 25.3, 25.64, 25.68, 25.69, 26.26, 26.24, 26.25, 26.25, 26.25, 26.25], [26.1, 26.1, 26.1, 26.1, 26.1, 26.1, 26.1, 26.1, 26.1, -999.0, 25.3, 26.2, 26.2, 25.66, 26.26, 26.24, 26.24, 25.62, 25.63, 25.64], [26.1, 26.1, 26.1, 26.1, 26.1, 26.1, 26.1, 26.1, 26.1, 26.1, -999.0, 26.2, 26.2, 25.48, 25.8, 25.86, 25.87, 25.72, 25.75, 25.76], [26.1, 26.1, 26.1, 26.1, 26.1, 26.1, 26.1, 26.1, 26.1, 26.1, -999.0, 25.1, 25.1, 25.1, 25.7, 25.76, 25.78, 25.63, 25.66, 25.69], [26.1, 26.1, 26.1, 26.1, 26.1, 26.1, 26.1, 26.1, 26.1, 26.1, 26.1, 25.72, 25.1, 25.1, 25.1, 25.65, 25.69, 25.55, 25.59, 25.63], [26.1, 26.1, 26.1, 26.1, 26.1, 26.1, 26.1, 26.1, 26.1, 26.1, 25.47, 25.54, 25.45, 25.36, 25.46, 25.36, 25.4, 25.33, 25.6, 25.64], [26.1, 26.1, 26.1, 26.1, 26.1, 26.1, 26.1, 26.1, 26.1, 26.1, 25.67, 25.55, 25.42, 25.3, 25.3, 25.28, 25.34, 25.39, 25.43, 25.45], [26.1, 26.1, 26.1, 26.1, 26.1, 26.1, 26.1, 26.1, 26.1, 25.85, 25.71, 25.56, 25.41, 25.31, 25.13, 25.26, 25.35, 25.41, 25.44, 25.47], [26.1, 26.1, 26.1, 26.1, 26.1, 26.1, 26.1, 26.1, 26.01, 25.91, 25.79, 25.67, 25.5, 25.37, 25.25, 25.31, 25.39, 25.44, 25.47, 25.49], [26.1, 26.1, 26.04, 26.05, 26.05, 26.05, 26.06, 26.08, 25.99, 25.91, 25.81, 25.7, 25.55, 25.48, 25.37, 25.4, 25.45, 25.49, 25.51, 25.52], [26.04, 26.04, 26.04, 26.06, 26.06, 26.06, 26.07, 26.07, 25.92, 25.88, 25.81, 25.73, 25.6, 25.44, 25.46, 25.49, 25.52, 25.54, 25.55, 25.55], [26.05, 26.05, 26.05, 26.06, 26.06, 26.06, 26.06, 26.03, 25.89, 25.86, 25.82, 25.77, 25.62, 25.5, 25.53, 25.56, 25.59, 25.6, 25.59, 25.57], [26.05, 26.05, 26.05, 26.01, 26.01, 26.02, 26.02, 26.02, 26.01, 26.01, 26.01, 25.98, 25.81, 25.54, 25.57, 25.62, 25.66, 25.65, 25.62, 25.6], [26.01, 26.01, 26.01, 26.01, 26.01, 26.01, 26.01, 26.01, 26.0, 26.0, 26.0, 25.93, 25.82, 25.79, 25.76, 25.65, 25.74, 25.67, 25.63, 25.61], [26.0, 26.0, 26.0, 26.0, 26.0, 26.0, 26.0, 26.0, 26.0, 26.0, 25.99, 25.93, 25.91, 25.79, 25.76, 25.74, 25.65, 25.63, 25.63, 25.61], [26.0, 26.0, 26.0, 26.0, 26.0, 25.99, 25.99, 25.99, 25.99, 25.99, 25.95, 25.93, 25.91, 25.79, 25.77, 25.73, 25.71, 25.7, 25.62, 25.61], [26.0, 26.0, 26.0, 25.99, 25.99, 25.99, 25.99, 25.98, 25.98, 25.98, 25.93, 25.92, 25.91, 25.77, 25.75, 25.74, 25.72, 25.72, 25.72, 25.72], [26.0, 25.99, 25.99, 25.99, 25.99, 25.98, 25.98, 25.97, 25.97, 25.92, 25.92, 25.89, 25.87, 25.84, 25.76, 25.75, 25.74, 25.73, 25.73, 25.73], [25.99, 25.99, 25.99, 25.99, 25.98, 25.98, 25.97, 25.97, 25.95, 25.91, 25.9, 25.89, 25.87, 25.85, 25.77, 25.76, 25.75, 25.74, 25.74, 25.74], [25.99, 25.99, 25.99, 25.98, 25.98, 25.98, 25.97, 25.96, 25.89, 25.89, 25.89, 25.88, 25.87, 25.85, 25.78, 25.77, 25.76, 25.75, 25.75, 25.74], [25.99, 25.99, 25.99, 25.98, 25.98, 25.98, 25.97, 25.96, 25.89, 25.89, 25.88, 25.88, 25.87, 25.85, 25.78, 25.77, 25.76, 25.76, 25.75, 25.75], [25.99, 25.99, 25.98, 25.98, 25.98, 25.97, 25.97, 25.88, 25.88, 25.88, 25.88, 25.87, 25.86, 25.85, 25.79, 25.78, 25.77, 25.76, 25.76, 25.75]]}