gis_exercise/awsData/contour/temp_2023090408.json
{"header": {"refTime": "2023-09-04T08:00:00.000Z", "nx": 21, "ny": 33, "lo1": 113.509, "la1": 22.2235, "lo2": 113.5947, "la2": 22.1034, "dx": 0.0042850000000001385, "dy": 0.003753125000000024, "parameterCategory": 0, "parameterCategoryName": "Temperature", "parameterNumber": 0}, "z": [[29.14, 29.14, 29.15, 29.0, 29.01, 29.24, 29.25, 29.26, 29.27, 29.26, 29.26, 29.27, 29.52, 29.53, 29.57, 29.58, 29.7, 29.7, 29.71, 29.71], [29.14, 29.14, 29.14, 29.15, 29.01, 29.03, 29.25, 29.26, 29.28, 29.27, 29.27, 29.28, 29.52, 29.54, 29.58, 29.69, 29.7, 29.71, 29.71, 29.71], [29.14, 29.14, 29.14, 29.14, 29.0, 29.03, 29.07, 29.26, 29.29, 29.27, 29.27, 29.3, 29.54, 29.55, 29.68, 29.69, 29.7, 29.71, 29.71, 29.72], [29.14, 29.14, 29.14, 29.14, 29.14, 29.01, 29.04, 29.09, 29.15, 29.25, 29.27, 29.33, 29.56, 29.45, 29.68, 29.7, 29.71, 29.72, 29.72, 29.72], [29.14, 29.14, 29.13, 29.13, 29.13, 28.97, 28.99, 29.01, 29.01, 29.21, 29.25, 29.44, 29.54, 29.47, 29.68, 29.7, 29.72, 29.73, 29.73, 29.73], [29.14, 29.14, 29.13, 29.13, 29.12, 29.1, 28.94, 28.93, 28.91, 28.9, 29.28, 29.4, 29.49, 29.63, 29.69, 29.71, 29.74, 29.75, 29.74, 29.74], [29.08, 29.14, 29.13, 29.13, 29.11, 29.09, 28.9, 28.87, 28.85, 28.93, 28.97, 29.34, 29.66, 29.65, 29.7, 29.73, 29.76, 29.77, 29.76, 29.75], [29.09, 29.09, 29.09, 29.09, 29.08, 28.97, 28.92, 28.85, 28.84, 28.9, 28.83, 29.39, 29.4, 29.65, 29.76, 29.75, 29.77, 29.78, 29.77, 29.76], [29.01, 29.02, 29.11, 29.12, 29.12, 29.1, 29.04, 28.9, 28.77, 28.95, 29.08, 29.23, 29.3, 29.21, 29.76, 29.75, 29.76, 29.77, 29.76, 29.76], [29.3, 29.3, 29.3, 29.07, 29.1, 29.19, 29.13, 29.04, 28.74, 28.75, 29.31, 29.14, 29.19, 29.17, 29.76, 29.74, 29.75, 29.76, 29.76, 29.75], [29.3, 29.3, 29.3, 29.3, 29.3, 29.3, 29.3, 29.3, 29.12, 28.77, 28.7, 29.08, 29.13, 29.13, 29.76, 29.74, 29.75, 29.75, 29.75, 29.75], [29.3, 29.3, 29.3, 29.3, 29.3, 29.3, 29.3, 29.3, 29.3, -999.0, 28.7, 29.7, 29.7, 29.1, 29.76, 29.74, 29.74, 29.29, 29.3, 29.3], [29.3, 29.3, 29.3, 29.3, 29.3, 29.3, 29.3, 29.3, 29.3, 29.3, -999.0, 29.7, 29.7, 29.18, 29.41, 29.47, 29.48, 29.37, 29.38, 29.39], [29.3, 29.3, 29.3, 29.3, 29.3, 29.3, 29.3, 29.3, 29.3, 29.3, -999.0, 28.9, 28.9, 28.9, 29.34, 29.4, 29.41, 29.3, 29.32, 29.34], [29.3, 29.3, 29.3, 29.3, 29.3, 29.3, 29.3, 29.0, 29.0, 29.0, 29.0, 28.96, 28.9, 28.9, 28.9, 29.31, 29.34, 29.24, 29.27, 29.29], [29.3, 29.3, 29.11, 29.11, 29.1, 29.0, 29.0, 29.0, 29.0, 29.0, 28.94, 28.94, 28.93, 28.93, 28.94, 28.94, 28.94, 28.93, 29.16, 29.18], [29.11, 29.11, 29.19, 29.19, 29.0, 29.0, 29.0, 29.0, 29.0, 29.0, 28.96, 28.94, 28.93, 28.92, 28.92, 28.9, 28.9, 28.9, 28.9, 28.9], [29.19, 29.19, 29.18, 29.18, 29.0, 29.0, 29.0, 29.0, 29.0, 28.97, 28.96, 28.95, 28.93, 28.92, 28.9, 28.9, 28.9, 28.9, 28.9, 28.9], [29.19, 29.18, 29.18, 29.0, 29.0, 29.0, 29.0, 29.0, 28.99, 28.98, 28.92, 28.9, 28.95, 28.93, 28.9, 28.9, 28.9, 28.9, 28.9, 28.9], [29.18, 29.18, 28.83, 28.84, 28.85, 28.86, 28.89, 28.95, 28.96, 28.93, 28.91, 28.89, 28.95, 28.94, 28.9, 28.9, 28.9, 28.9, 28.9, 28.9], [28.82, 28.82, 28.83, 28.88, 28.88, 28.89, 28.9, 28.91, 28.91, 28.9, 28.89, 28.88, 28.96, 28.9, 28.91, 28.91, 28.91, 28.91, 28.9, 28.9], [28.86, 28.86, 28.86, 28.87, 28.87, 28.87, 28.87, 28.81, 28.87, 28.87, 28.86, 28.86, 28.87, 28.91, 28.91, 28.91, 28.91, 28.91, 28.9, 28.9], [28.85, 28.85, 28.85, 28.76, 28.77, 28.77, 28.77, 28.77, 28.76, 28.75, 28.75, 28.87, 28.83, 28.91, 28.91, 28.92, 28.92, 28.91, 28.9, 28.9], [28.75, 28.75, 28.75, 28.75, 28.75, 28.75, 28.74, 28.74, 28.73, 28.72, 28.72, 28.72, 28.82, 28.85, 28.87, 28.91, 28.95, 28.9, 28.89, 28.89], [28.74, 28.74, 28.74, 28.74, 28.73, 28.73, 28.72, 28.72, 28.71, 28.7, 28.7, 28.71, 28.73, 28.84, 28.86, 28.88, 28.88, 28.86, 28.88, 28.89], [28.73, 28.73, 28.73, 28.73, 28.72, 28.71, 28.71, 28.7, 28.69, 28.69, 28.69, 28.69, 28.72, 28.84, 28.86, 28.84, 28.84, 28.84, 28.89, 28.89], [28.73, 28.72, 28.72, 28.72, 28.71, 28.7, 28.69, 28.68, 28.67, 28.66, 28.66, 28.67, 28.69, 28.76, 28.79, 28.81, 28.83, 28.83, 28.83, 28.83], [28.72, 28.72, 28.71, 28.71, 28.7, 28.69, 28.68, 28.66, 28.64, 28.62, 28.61, 28.6, 28.63, 28.65, 28.77, 28.79, 28.81, 28.81, 28.82, 28.82], [28.72, 28.71, 28.71, 28.7, 28.69, 28.68, 28.67, 28.65, 28.62, 28.58, 28.53, 28.58, 28.61, 28.63, 28.75, 28.77, 28.79, 28.8, 28.81, 28.81], [28.71, 28.71, 28.7, 28.69, 28.68, 28.67, 28.66, 28.64, 28.59, 28.56, 28.54, 28.57, 28.6, 28.63, 28.73, 28.76, 28.78, 28.79, 28.79, 28.8], [28.71, 28.7, 28.7, 28.69, 28.68, 28.67, 28.66, 28.64, 28.6, 28.58, 28.58, 28.59, 28.61, 28.63, 28.73, 28.75, 28.76, 28.78, 28.78, 28.79], [28.7, 28.7, 28.69, 28.69, 28.68, 28.67, 28.66, 28.61, 28.6, 28.6, 28.6, 28.6, 28.61, 28.63, 28.72, 28.74, 28.76, 28.77, 28.78, 28.78]]}