gis_exercise/awsData/contour/temp_2023090417.json
{"header": {"refTime": "2023-09-04T17:00:00.000Z", "nx": 21, "ny": 33, "lo1": 113.509, "la1": 22.2235, "lo2": 113.5947, "la2": 22.1034, "dx": 0.0042850000000001385, "dy": 0.003753125000000024, "parameterCategory": 0, "parameterCategoryName": "Temperature", "parameterNumber": 0}, "z": [[33.41, 33.4, 33.37, 32.99, 32.99, 33.19, 33.17, 33.15, 33.15, 33.08, 33.12, 33.16, 33.43, 33.46, 33.52, 33.54, 33.8, 33.8, 33.81, 33.81], [33.43, 33.41, 33.39, 33.36, 32.99, 32.98, 33.15, 33.11, 33.08, 33.06, 33.12, 33.19, 33.46, 33.49, 33.54, 33.79, 33.8, 33.81, 33.81, 33.81], [33.44, 33.43, 33.4, 33.37, 33.0, 32.99, 32.97, 33.07, 32.94, 33.03, 33.14, 33.23, 33.5, 33.52, 33.78, 33.79, 33.8, 33.81, 33.81, 33.82], [33.46, 33.45, 33.43, 33.4, 33.36, 33.0, 32.99, 32.96, 32.94, 33.06, 33.17, 33.3, 33.57, 33.55, 33.78, 33.8, 33.81, 33.82, 33.82, 33.82], [33.49, 33.48, 33.46, 33.44, 33.4, 33.01, 33.01, 33.0, 32.99, 33.1, 33.2, 33.54, 33.64, 33.57, 33.78, 33.8, 33.82, 33.83, 33.83, 33.83], [33.51, 33.51, 33.5, 33.48, 33.46, 33.42, 33.04, 33.05, 33.03, 33.0, 33.38, 33.5, 33.59, 33.73, 33.79, 33.81, 33.84, 33.85, 33.84, 33.84], [33.8, 33.55, 33.55, 33.54, 33.52, 33.48, 33.4, 33.11, 33.1, 33.17, 33.15, 33.44, 33.76, 33.75, 33.8, 33.83, 33.86, 33.87, 33.86, 33.85], [33.82, 33.82, 33.82, 33.82, 33.8, 33.53, 33.44, 33.34, 33.27, 33.13, 32.96, 33.49, 33.5, 33.75, 33.86, 33.85, 33.87, 33.88, 33.87, 33.86], [33.68, 33.7, 33.86, 33.87, 33.88, 33.84, 33.73, 33.4, 33.14, 33.19, 33.18, 33.33, 33.4, 33.31, 33.86, 33.85, 33.86, 33.87, 33.86, 33.86], [34.2, 34.2, 34.2, 33.78, 33.84, 34.0, 33.89, 33.73, 33.02, 33.04, 33.41, 33.24, 33.29, 33.27, 33.86, 33.84, 33.85, 33.86, 33.86, 33.85], [34.2, 34.2, 34.2, 34.2, 34.2, 34.2, 34.2, 34.2, 33.88, 33.13, 32.8, 33.18, 33.23, 33.23, 33.86, 33.84, 33.85, 33.85, 33.85, 33.85], [34.2, 34.2, 34.2, 34.2, 34.2, 34.2, 34.2, 34.2, 34.2, -999.0, 32.8, 33.8, 33.8, 33.2, 33.86, 33.84, 33.84, 33.22, 33.23, 33.24], [34.2, 34.2, 34.2, 34.2, 34.2, 34.2, 34.2, 34.2, 34.2, 34.2, -999.0, 33.8, 33.8, 33.08, 33.4, 33.46, 33.47, 33.32, 33.35, 33.36], [34.2, 34.2, 34.2, 34.2, 34.2, 34.2, 34.2, 34.2, 34.2, 34.2, -999.0, 32.7, 32.7, 32.7, 33.3, 33.36, 33.38, 33.23, 33.26, 33.29], [34.2, 34.2, 34.2, 34.2, 34.2, 34.2, 34.2, 34.3, 34.3, 34.3, 34.3, 33.69, 32.7, 32.7, 32.7, 33.25, 33.29, 33.15, 33.19, 33.23], [34.2, 34.2, 34.26, 34.26, 34.27, 34.3, 34.3, 34.3, 34.3, 34.3, 33.29, 33.41, 33.25, 33.12, 33.27, 32.74, 32.74, 32.73, 33.04, 33.06], [34.26, 34.26, 34.24, 34.24, 34.3, 34.3, 34.3, 34.3, 34.3, 34.3, 33.61, 33.41, 33.2, 33.01, 32.9, 32.77, 32.8, 32.82, 32.83, 32.84], [34.24, 34.24, 34.24, 34.24, 34.3, 34.3, 34.3, 34.3, 34.3, 33.89, 33.68, 33.44, 33.19, 32.92, 32.73, 32.76, 32.8, 32.82, 32.84, 32.85], [34.24, 34.24, 34.24, 34.3, 34.3, 34.3, 34.3, 34.3, 34.16, 33.99, 33.71, 33.5, 33.16, 32.98, 32.76, 32.78, 32.81, 32.84, 32.85, 32.86], [34.24, 34.24, 33.9, 33.92, 33.95, 33.98, 34.04, 34.18, 34.07, 33.9, 33.71, 33.54, 33.2, 33.07, 32.8, 32.82, 32.84, 32.85, 32.86, 32.87], [33.87, 33.88, 33.9, 34.01, 34.03, 34.05, 34.07, 34.1, 33.89, 33.8, 33.68, 33.56, 33.22, 32.83, 32.84, 32.85, 32.86, 32.87, 32.88, 32.88], [33.97, 33.98, 33.98, 33.99, 33.99, 34.0, 34.0, 34.08, 33.77, 33.72, 33.65, 33.57, 33.03, 32.86, 32.86, 32.87, 32.88, 32.89, 32.89, 32.9], [33.96, 33.96, 33.96, 34.07, 34.06, 34.05, 34.04, 34.01, 33.99, 33.97, 33.98, 33.6, 33.19, 32.87, 32.88, 32.89, 32.89, 32.9, 32.91, 32.91], [34.08, 34.08, 34.07, 34.06, 34.05, 34.03, 34.0, 33.95, 33.9, 33.87, 33.91, 33.6, 33.2, 33.13, 33.06, 32.9, 32.86, 32.94, 32.93, 32.92], [34.08, 34.07, 34.06, 34.05, 34.04, 34.02, 33.98, 33.92, 33.81, 33.72, 33.86, 33.64, 33.59, 33.14, 33.07, 33.02, 32.96, 33.0, 32.95, 32.93], [34.08, 34.07, 34.06, 34.05, 34.04, 34.02, 33.98, 33.93, 33.83, 33.75, 33.7, 33.7, 33.65, 33.15, 33.09, 33.18, 33.12, 33.11, 32.94, 32.93], [34.08, 34.07, 34.06, 34.06, 34.05, 34.03, 34.01, 33.98, 33.95, 33.95, 33.82, 33.8, 33.73, 33.47, 33.35, 33.26, 33.2, 33.18, 33.18, 33.19], [34.08, 34.07, 34.07, 34.06, 34.06, 34.05, 34.04, 34.04, 34.06, 33.96, 34.0, 33.97, 33.88, 33.78, 33.43, 33.34, 33.27, 33.24, 33.23, 33.23], [34.08, 34.08, 34.07, 34.07, 34.07, 34.07, 34.08, 34.09, 34.14, 34.13, 34.28, 34.08, 33.94, 33.83, 33.5, 33.4, 33.34, 33.3, 33.28, 33.27], [34.08, 34.08, 34.08, 34.08, 34.08, 34.09, 34.1, 34.12, 34.03, 34.15, 34.22, 34.09, 33.96, 33.86, 33.55, 33.46, 33.39, 33.35, 33.32, 33.31], [34.09, 34.09, 34.09, 34.09, 34.09, 34.1, 34.11, 34.14, 34.01, 34.06, 34.08, 34.03, 33.95, 33.87, 33.58, 33.5, 33.44, 33.39, 33.36, 33.34], [34.09, 34.09, 34.09, 34.09, 34.1, 34.11, 34.12, 33.94, 33.97, 34.0, 34.0, 33.97, 33.92, 33.86, 33.59, 33.52, 33.47, 33.42, 33.39, 33.37]]}