gis_exercise/awsData/contour/temp_2023091004.json
{"header": {"refTime": "2023-09-10T04:00:00.000Z", "nx": 21, "ny": 33, "lo1": 113.509, "la1": 22.2235, "lo2": 113.5947, "la2": 22.1034, "dx": 0.0042850000000001385, "dy": 0.003753125000000024, "parameterCategory": 0, "parameterCategoryName": "Temperature", "parameterNumber": 0}, "z": [[25.36, 25.35, 25.35, 25.04, 25.05, 25.32, 25.32, 25.32, 25.33, 25.22, 25.22, 25.23, 25.47, 25.48, 25.57, 25.58, 25.64, 25.65, 25.65, 25.66], [25.36, 25.35, 25.35, 25.34, 25.05, 25.07, 25.31, 25.32, 25.32, 25.23, 25.23, 25.24, 25.48, 25.49, 25.58, 25.64, 25.65, 25.65, 25.66, 25.66], [25.36, 25.36, 25.35, 25.34, 25.04, 25.06, 25.1, 25.31, 25.3, 25.24, 25.23, 25.26, 25.49, 25.5, 25.63, 25.64, 25.65, 25.66, 25.67, 25.67], [25.37, 25.36, 25.36, 25.35, 25.34, 25.05, 25.08, 25.12, 25.16, 25.21, 25.23, 25.29, 25.52, 25.36, 25.63, 25.65, 25.66, 25.67, 25.68, 25.67], [25.38, 25.37, 25.37, 25.36, 25.34, 25.03, 25.04, 25.05, 25.05, 25.15, 25.19, 25.37, 25.5, 25.39, 25.63, 25.65, 25.68, 25.69, 25.69, 25.68], [25.38, 25.38, 25.38, 25.37, 25.35, 25.33, 25.01, 25.0, 24.98, 24.92, 25.15, 25.3, 25.42, 25.57, 25.63, 25.67, 25.7, 25.72, 25.71, 25.7], [25.43, 25.39, 25.39, 25.39, 25.37, 25.34, 25.1, 24.99, 24.96, 24.9, 24.87, 25.2, 25.54, 25.55, 25.63, 25.68, 25.74, 25.76, 25.76, 25.75], [25.44, 25.45, 25.45, 25.44, 25.43, 25.19, 25.13, 25.08, 25.06, 24.86, 24.67, 25.19, 25.2, 25.55, 25.69, 25.66, 25.72, 25.75, 25.71, 25.68], [25.36, 25.37, 25.47, 25.48, 25.48, 25.46, 25.39, 25.11, 24.91, 24.93, 24.88, 25.03, 25.1, 25.01, 25.68, 25.64, 25.68, 25.7, 25.69, 25.67], [25.7, 25.7, 25.7, 25.42, 25.46, 25.56, 25.49, 25.39, 24.76, 24.79, 25.11, 24.94, 24.99, 24.97, 25.68, 25.63, 25.66, 25.67, 25.67, 25.66], [25.7, 25.7, 25.7, 25.7, 25.7, 25.7, 25.7, 25.7, 25.49, 24.89, 24.5, 24.88, 24.93, 24.93, 25.68, 25.62, 25.64, 25.65, 25.65, 25.65], [25.7, 25.7, 25.7, 25.7, 25.7, 25.7, 25.7, 25.7, 25.7, -999.0, 24.5, 25.5, 25.5, 24.9, 25.69, 25.61, 25.62, 25.23, 25.25, 25.25], [25.7, 25.7, 25.7, 25.7, 25.7, 25.7, 25.7, 25.7, 25.7, 25.7, -999.0, 25.5, 25.5, 25.04, 25.24, 25.44, 25.44, 25.32, 25.34, 25.35], [25.7, 25.7, 25.7, 25.7, 25.7, 25.7, 25.7, 25.7, 25.7, 25.7, -999.0, 24.8, 24.8, 24.8, 25.18, 25.35, 25.37, 25.24, 25.27, 25.29], [25.7, 25.7, 25.7, 25.7, 25.7, 25.7, 25.7, 25.3, 25.3, 25.3, 25.3, 25.11, 24.8, 24.8, 24.8, 25.26, 25.29, 25.17, 25.21, 25.24], [25.7, 25.7, 25.45, 25.44, 25.44, 25.3, 25.3, 25.3, 25.3, 25.3, 24.99, 25.02, 24.97, 24.93, 24.98, 25.31, 25.39, 25.25, 25.44, 25.49], [25.44, 25.44, 25.56, 25.55, 25.3, 25.3, 25.3, 25.3, 25.3, 25.3, 25.08, 25.02, 24.96, 24.9, 25.02, 25.09, 25.19, 25.27, 25.32, 25.36], [25.56, 25.55, 25.55, 25.53, 25.3, 25.3, 25.3, 25.3, 25.3, 25.17, 25.11, 25.03, 24.95, 25.01, 24.83, 25.06, 25.2, 25.29, 25.35, 25.39], [25.55, 25.54, 25.53, 25.3, 25.3, 25.3, 25.3, 25.3, 25.26, 25.2, 25.29, 25.23, 25.19, 25.09, 25.04, 25.14, 25.26, 25.35, 25.4, 25.42], [25.54, 25.54, 25.7, 25.68, 25.65, 25.62, 25.56, 25.42, 25.33, 25.34, 25.32, 25.27, 25.26, 25.23, 25.23, 25.29, 25.37, 25.42, 25.45, 25.47], [25.73, 25.72, 25.7, 25.59, 25.57, 25.55, 25.53, 25.5, 25.39, 25.38, 25.37, 25.33, 25.34, 25.35, 25.38, 25.43, 25.49, 25.52, 25.52, 25.51], [25.63, 25.62, 25.62, 25.61, 25.61, 25.6, 25.6, 25.66, 25.46, 25.46, 25.44, 25.4, 25.64, 25.45, 25.5, 25.56, 25.61, 25.61, 25.58, 25.55], [25.64, 25.64, 25.64, 25.73, 25.73, 25.73, 25.74, 25.75, 25.77, 25.78, 25.79, 25.85, 25.86, 25.51, 25.58, 25.67, 25.76, 25.7, 25.62, 25.58], [25.75, 25.75, 25.75, 25.76, 25.76, 25.77, 25.79, 25.81, 25.85, 25.87, 25.85, 26.05, 25.86, 25.84, 25.83, 25.71, 25.97, 25.69, 25.62, 25.59], [25.76, 25.77, 25.77, 25.78, 25.79, 25.8, 25.83, 25.86, 25.91, 25.95, 25.9, 26.04, 26.06, 25.84, 25.81, 25.79, 25.63, 25.52, 25.59, 25.58], [25.78, 25.78, 25.79, 25.8, 25.81, 25.83, 25.85, 25.88, 25.92, 25.95, 26.02, 26.04, 26.05, 25.83, 25.8, 25.77, 25.72, 25.69, 25.58, 25.57], [25.79, 25.79, 25.8, 25.81, 25.82, 25.84, 25.86, 25.89, 25.91, 25.92, 26.03, 26.04, 26.05, 25.84, 25.81, 25.78, 25.75, 25.73, 25.74, 25.75], [25.79, 25.8, 25.81, 25.82, 25.83, 25.85, 25.87, 25.89, 25.91, 26.02, 26.02, 25.9, 25.85, 25.8, 25.82, 25.8, 25.78, 25.76, 25.76, 25.77], [25.8, 25.81, 25.82, 25.83, 25.84, 25.86, 25.87, 25.9, 25.92, 26.01, 25.97, 25.92, 25.86, 25.81, 25.83, 25.81, 25.79, 25.78, 25.78, 25.78], [25.81, 25.81, 25.82, 25.83, 25.85, 25.86, 25.88, 25.9, 25.92, 25.94, 25.95, 25.91, 25.87, 25.82, 25.84, 25.82, 25.81, 25.8, 25.79, 25.79], [25.81, 25.82, 25.83, 25.84, 25.85, 25.86, 25.88, 25.89, 25.9, 25.92, 25.92, 25.89, 25.86, 25.83, 25.85, 25.83, 25.82, 25.81, 25.8, 25.8], [25.81, 25.82, 25.83, 25.84, 25.85, 25.86, 25.87, 25.88, 25.89, 25.89, 25.89, 25.87, 25.85, 25.82, 25.85, 25.84, 25.83, 25.82, 25.81, 25.81]]}