gis_exercise/awsData/contour/temp_2023083118.json
{"header": {"refTime": "2023-08-31T18:00:00.000Z", "nx": 21, "ny": 33, "lo1": 113.509, "la1": 22.2235, "lo2": 113.5947, "la2": 22.1034, "dx": 0.0042850000000001385, "dy": 0.003753125000000024, "parameterCategory": 0, "parameterCategoryName": "Temperature", "parameterNumber": 0}, "z": [[29.84, 29.84, 29.84, 29.63, 29.65, 30.0, 30.01, 30.03, 30.05, 30.13, 30.17, 30.21, 30.5, 30.53, 30.63, 30.65, 30.82, 30.82, 30.82, 30.82], [29.84, 29.84, 29.83, 29.83, 29.65, 29.68, 30.0, 30.01, 30.03, 30.11, 30.17, 30.23, 30.53, 30.56, 30.65, 30.82, 30.82, 30.82, 30.82, 30.82], [29.84, 29.84, 29.83, 29.83, 29.64, 29.67, 29.72, 30.0, 30.01, 30.09, 30.19, 30.28, 30.58, 30.6, 30.82, 30.82, 30.82, 30.83, 30.83, 30.83], [29.84, 29.84, 29.83, 29.82, 29.82, 29.64, 29.68, 29.75, 29.82, 30.11, 30.22, 30.37, 30.67, 30.56, 30.83, 30.83, 30.83, 30.83, 30.83, 30.83], [29.85, 29.84, 29.83, 29.82, 29.81, 29.59, 29.61, 29.64, 29.65, 30.11, 30.22, 30.57, 30.76, 30.6, 30.82, 30.83, 30.83, 30.84, 30.84, 30.83], [29.85, 29.85, 29.84, 29.83, 29.8, 29.77, 29.54, 29.53, 29.52, 29.53, 30.28, 30.47, 30.63, 30.8, 30.82, 30.83, 30.84, 30.85, 30.85, 30.84], [29.81, 29.86, 29.85, 29.84, 29.81, 29.76, 29.55, 29.42, 29.41, 29.61, 29.72, 30.32, 30.73, 30.75, 30.8, 30.83, 30.86, 30.88, 30.9, 30.9], [29.83, 29.83, 29.84, 29.83, 29.81, 29.68, 29.58, 29.41, 29.32, 29.58, 29.61, 30.26, 30.27, 30.75, 30.79, 30.76, 30.82, 30.85, 30.81, 30.78], [29.67, 29.69, 29.88, 29.9, 29.9, 29.86, 29.73, 29.53, 29.3, 29.63, 29.92, 30.08, 30.16, 30.06, 30.78, 30.74, 30.78, 30.8, 30.79, 30.77], [30.3, 30.3, 30.3, 29.79, 29.86, 30.05, 29.92, 29.73, 29.37, 29.35, 30.17, 29.98, 30.04, 30.02, 30.78, 30.73, 30.76, 30.77, 30.77, 30.76], [30.3, 30.3, 30.3, 30.3, 30.3, 30.3, 30.3, 30.3, 29.91, 29.3, 29.5, 29.92, 29.97, 29.97, 30.78, 30.72, 30.74, 30.75, 30.75, 30.75], [30.3, 30.3, 30.3, 30.3, 30.3, 30.3, 30.3, 30.3, 30.3, -999.0, 29.5, 30.6, 30.6, 29.94, 30.79, 30.71, 30.72, 29.82, 29.85, 29.85], [30.3, 30.3, 30.3, 30.3, 30.3, 30.3, 30.3, 30.3, 30.3, 30.3, -999.0, 30.6, 30.6, 29.56, 30.01, 30.21, 30.22, 29.99, 30.02, 30.04], [30.3, 30.3, 30.3, 30.3, 30.3, 30.3, 30.3, 30.3, 30.3, 30.3, -999.0, 29.0, 29.0, 29.0, 29.88, 30.05, 30.08, 29.84, 29.89, 29.93], [30.3, 30.3, 30.3, 30.3, 30.3, 30.3, 30.3, 30.3, 30.3, 30.3, 30.3, 29.8, 29.0, 29.0, 29.0, 29.87, 29.93, 29.71, 29.78, 29.83], [30.3, 30.3, 30.3, 30.3, 30.3, 30.3, 30.3, 30.3, 30.3, 30.3, 29.48, 29.57, 29.45, 29.34, 29.46, 29.51, 29.59, 29.45, 29.87, 29.94], [30.3, 30.3, 30.3, 30.3, 30.3, 30.3, 30.3, 30.3, 30.3, 30.3, 29.74, 29.58, 29.41, 29.25, 29.31, 29.3, 29.41, 29.49, 29.55, 29.59], [30.3, 30.3, 30.3, 30.3, 30.3, 30.3, 30.3, 30.3, 30.3, 29.97, 29.8, 29.6, 29.4, 29.32, 29.05, 29.27, 29.42, 29.52, 29.58, 29.62], [30.3, 30.3, 30.3, 30.3, 30.3, 30.3, 30.3, 30.3, 30.18, 30.05, 29.81, 29.65, 29.61, 29.43, 29.25, 29.36, 29.49, 29.57, 29.63, 29.66], [30.3, 30.3, 29.96, 29.97, 30.0, 30.03, 30.08, 30.2, 30.11, 29.97, 29.82, 29.67, 29.7, 29.6, 29.45, 29.51, 29.59, 29.65, 29.69, 29.7], [29.93, 29.94, 29.95, 30.05, 30.06, 30.08, 30.1, 30.13, 29.96, 29.89, 29.79, 29.69, 29.79, 29.57, 29.61, 29.66, 29.72, 29.75, 29.75, 29.75], [30.02, 30.02, 30.03, 30.03, 30.04, 30.04, 30.05, 29.99, 29.86, 29.82, 29.76, 29.7, 29.68, 29.68, 29.73, 29.79, 29.84, 29.85, 29.82, 29.79], [30.01, 30.01, 30.01, 29.93, 29.93, 29.93, 29.93, 29.92, 29.9, 29.89, 29.88, 30.06, 29.9, 29.75, 29.81, 29.9, 29.99, 29.94, 29.87, 29.82], [29.91, 29.91, 29.91, 29.91, 29.9, 29.9, 29.88, 29.86, 29.83, 29.81, 29.83, 29.87, 29.89, 29.93, 29.97, 29.95, 30.19, 29.94, 29.87, 29.83], [29.9, 29.9, 29.9, 29.89, 29.88, 29.87, 29.85, 29.82, 29.78, 29.74, 29.78, 29.85, 29.91, 29.92, 29.95, 29.98, 29.88, 29.79, 29.84, 29.83], [29.89, 29.89, 29.88, 29.88, 29.86, 29.85, 29.83, 29.8, 29.77, 29.74, 29.78, 29.83, 29.89, 29.91, 29.93, 29.94, 29.92, 29.89, 29.83, 29.82], [29.88, 29.88, 29.87, 29.86, 29.85, 29.84, 29.82, 29.8, 29.78, 29.76, 29.79, 29.82, 29.87, 29.89, 29.91, 29.92, 29.92, 29.91, 29.91, 29.92], [29.88, 29.87, 29.86, 29.85, 29.84, 29.83, 29.81, 29.79, 29.78, 29.77, 29.77, 29.69, 29.68, 29.67, 29.89, 29.9, 29.91, 29.91, 29.91, 29.92], [29.87, 29.86, 29.86, 29.85, 29.84, 29.82, 29.81, 29.79, 29.77, 29.75, 29.7, 29.69, 29.68, 29.67, 29.88, 29.89, 29.9, 29.91, 29.91, 29.91], [29.87, 29.86, 29.85, 29.84, 29.83, 29.82, 29.81, 29.79, 29.69, 29.69, 29.69, 29.69, 29.68, 29.67, 29.87, 29.88, 29.89, 29.9, 29.9, 29.91], [29.86, 29.86, 29.85, 29.84, 29.83, 29.82, 29.81, 29.79, 29.69, 29.69, 29.69, 29.68, 29.68, 29.68, 29.86, 29.88, 29.89, 29.9, 29.9, 29.9], [29.86, 29.85, 29.85, 29.84, 29.83, 29.82, 29.81, 29.68, 29.68, 29.68, 29.68, 29.68, 29.68, 29.67, 29.86, 29.87, 29.88, 29.89, 29.9, 29.9]]}