gis_exercise/awsData/contour/temp_2023090507.json
{"header": {"refTime": "2023-09-05T07:00:00.000Z", "nx": 21, "ny": 33, "lo1": 113.509, "la1": 22.2235, "lo2": 113.5947, "la2": 22.1034, "dx": 0.0042850000000001385, "dy": 0.003753125000000024, "parameterCategory": 0, "parameterCategoryName": "Temperature", "parameterNumber": 0}, "z": [[28.55, 28.55, 28.54, 28.26, 28.27, 28.65, 28.65, 28.65, 28.66, 28.64, 28.68, 28.72, 29.04, 29.07, 29.11, 29.12, 29.29, 29.28, 29.27, 29.27], [28.56, 28.55, 28.55, 28.54, 28.27, 28.29, 28.63, 28.62, 28.62, 28.62, 28.68, 28.75, 29.08, 29.1, 29.14, 29.3, 29.29, 29.28, 29.27, 29.27], [28.56, 28.56, 28.55, 28.54, 28.26, 28.28, 28.31, 28.59, 28.53, 28.6, 28.7, 28.8, 29.13, 29.15, 29.31, 29.3, 29.28, 29.27, 29.27, 29.26], [28.57, 28.56, 28.56, 28.54, 28.53, 28.27, 28.29, 28.34, 28.38, 28.61, 28.73, 28.9, 29.23, 29.09, 29.32, 29.29, 29.28, 29.27, 29.26, 29.26], [28.58, 28.57, 28.56, 28.55, 28.54, 28.24, 28.26, 28.27, 28.27, 28.61, 28.74, 29.11, 29.34, 29.15, 29.31, 29.28, 29.26, 29.25, 29.25, 29.25], [28.59, 28.59, 28.58, 28.57, 28.55, 28.52, 28.22, 28.21, 28.2, 28.16, 28.78, 29.0, 29.19, 29.37, 29.3, 29.27, 29.25, 29.24, 29.24, 29.25], [28.64, 28.6, 28.6, 28.59, 28.57, 28.53, 28.32, 28.18, 28.16, 28.24, 28.26, 28.81, 29.27, 29.3, 29.27, 29.25, 29.23, 29.22, 29.26, 29.27], [28.66, 28.66, 28.66, 28.66, 28.64, 28.44, 28.36, 28.26, 28.22, 28.19, 28.06, 28.73, 28.74, 29.3, 29.16, 29.15, 29.17, 29.18, 29.17, 29.16], [28.54, 28.55, 28.7, 28.71, 28.71, 28.68, 28.58, 28.32, 28.1, 28.26, 28.36, 28.54, 28.62, 28.51, 29.16, 29.15, 29.16, 29.17, 29.16, 29.16], [29.0, 29.0, 29.0, 28.63, 28.68, 28.82, 28.72, 28.58, 28.03, 28.05, 28.63, 28.43, 28.49, 28.46, 29.16, 29.14, 29.15, 29.16, 29.16, 29.15], [29.0, 29.0, 29.0, 29.0, 29.0, 29.0, 29.0, 29.0, 28.72, 28.1, 27.9, 28.36, 28.41, 28.41, 29.16, 29.14, 29.15, 29.15, 29.15, 29.15], [29.0, 29.0, 29.0, 29.0, 29.0, 29.0, 29.0, 29.0, 29.0, -999.0, 27.9, 29.1, 29.1, 28.38, 29.16, 29.14, 29.14, 28.18, 28.2, 28.21], [29.0, 29.0, 29.0, 29.0, 29.0, 29.0, 29.0, 29.0, 29.0, 29.0, -999.0, 29.1, 29.1, 27.99, 28.48, 28.54, 28.56, 28.34, 28.37, 28.39], [29.0, 29.0, 29.0, 29.0, 29.0, 29.0, 29.0, 29.0, 29.0, 29.0, -999.0, 27.4, 27.4, 27.4, 28.33, 28.39, 28.42, 28.2, 28.25, 28.28], [29.0, 29.0, 29.0, 29.0, 29.0, 29.0, 29.0, 28.2, 28.2, 28.2, 28.2, 27.89, 27.4, 27.4, 27.4, 28.22, 28.28, 28.07, 28.13, 28.19], [29.0, 29.0, 28.5, 28.49, 28.47, 28.2, 28.2, 28.2, 28.2, 28.2, 27.7, 27.75, 27.68, 27.61, 27.69, 27.77, 27.82, 27.72, 28.14, 28.19], [28.49, 28.48, 28.72, 28.7, 28.2, 28.2, 28.2, 28.2, 28.2, 28.2, 27.86, 27.76, 27.65, 27.56, 27.61, 27.6, 27.67, 27.72, 27.76, 27.79], [28.71, 28.7, 28.69, 28.67, 28.2, 28.2, 28.2, 28.2, 28.2, 28.0, 27.89, 27.77, 27.64, 27.61, 27.43, 27.58, 27.68, 27.74, 27.78, 27.8], [28.7, 28.69, 28.67, 28.2, 28.2, 28.2, 28.2, 28.2, 28.13, 28.04, 28.01, 27.91, 27.8, 27.68, 27.56, 27.64, 27.72, 27.78, 27.81, 27.83], [28.69, 28.67, 28.31, 28.31, 28.3, 28.29, 28.27, 28.23, 28.15, 28.1, 28.03, 27.95, 27.86, 27.8, 27.7, 27.74, 27.79, 27.83, 27.85, 27.86], [28.32, 28.32, 28.32, 28.28, 28.28, 28.27, 28.27, 28.26, 28.12, 28.1, 28.05, 27.99, 27.92, 27.78, 27.8, 27.84, 27.87, 27.89, 27.89, 27.89], [28.29, 28.29, 28.29, 28.29, 28.29, 28.29, 28.28, 28.3, 28.13, 28.12, 28.08, 28.03, 28.05, 27.84, 27.88, 27.93, 27.96, 27.96, 27.94, 27.92], [28.3, 28.3, 28.3, 28.32, 28.32, 28.32, 28.32, 28.33, 28.33, 28.34, 28.34, 28.34, 28.19, 27.89, 27.93, 28.0, 28.07, 28.02, 27.97, 27.93], [28.33, 28.33, 28.33, 28.33, 28.33, 28.33, 28.34, 28.35, 28.36, 28.36, 28.36, 28.4, 28.2, 28.17, 28.14, 28.03, 28.22, 28.01, 27.96, 27.94], [28.33, 28.33, 28.33, 28.34, 28.34, 28.34, 28.35, 28.36, 28.37, 28.39, 28.37, 28.4, 28.4, 28.16, 28.13, 28.1, 27.96, 27.88, 27.93, 27.93], [28.34, 28.34, 28.34, 28.34, 28.35, 28.35, 28.36, 28.37, 28.38, 28.39, 28.4, 28.4, 28.4, 28.16, 28.13, 28.09, 28.04, 28.01, 27.93, 27.93], [28.34, 28.34, 28.34, 28.35, 28.35, 28.35, 28.36, 28.37, 28.37, 28.38, 28.4, 28.4, 28.4, 28.17, 28.14, 28.11, 28.08, 28.06, 28.06, 28.08], [28.34, 28.34, 28.35, 28.35, 28.35, 28.36, 28.36, 28.37, 28.37, 28.4, 28.4, 28.3, 28.25, 28.2, 28.16, 28.13, 28.1, 28.09, 28.09, 28.09], [28.34, 28.35, 28.35, 28.35, 28.35, 28.36, 28.36, 28.37, 28.38, 28.4, 28.37, 28.32, 28.26, 28.21, 28.17, 28.15, 28.13, 28.11, 28.11, 28.11], [28.34, 28.35, 28.35, 28.35, 28.36, 28.36, 28.36, 28.37, 28.32, 28.34, 28.35, 28.31, 28.27, 28.22, 28.19, 28.16, 28.14, 28.13, 28.12, 28.12], [28.35, 28.35, 28.35, 28.35, 28.36, 28.36, 28.36, 28.37, 28.3, 28.32, 28.32, 28.29, 28.26, 28.23, 28.19, 28.17, 28.15, 28.14, 28.13, 28.13], [28.35, 28.35, 28.35, 28.35, 28.36, 28.36, 28.36, 28.28, 28.29, 28.29, 28.29, 28.27, 28.25, 28.22, 28.2, 28.18, 28.16, 28.15, 28.14, 28.14]]}