gis_exercise/awsData/contour/temp_2023090618.json
{"header": {"refTime": "2023-09-06T18:00:00.000Z", "nx": 21, "ny": 33, "lo1": 113.509, "la1": 22.2235, "lo2": 113.5947, "la2": 22.1034, "dx": 0.0042850000000001385, "dy": 0.003753125000000024, "parameterCategory": 0, "parameterCategoryName": "Temperature", "parameterNumber": 0}, "z": [[29.85, 29.84, 29.84, 29.55, 29.55, 29.86, 29.85, 29.85, 29.85, 29.76, 29.79, 29.81, 30.07, 30.09, 30.05, 30.04, 30.14, 30.13, 30.12, 30.12], [29.85, 29.85, 29.84, 29.83, 29.55, 29.57, 29.84, 29.82, 29.81, 29.75, 29.79, 29.84, 30.1, 30.12, 30.07, 30.16, 30.14, 30.12, 30.11, 30.11], [29.86, 29.85, 29.84, 29.83, 29.55, 29.56, 29.58, 29.8, 29.73, 29.74, 29.8, 29.87, 30.14, 30.15, 30.18, 30.15, 30.13, 30.11, 30.1, 30.1], [29.87, 29.86, 29.85, 29.84, 29.83, 29.56, 29.57, 29.6, 29.62, 29.74, 29.82, 29.94, 30.21, 30.07, 30.19, 30.15, 30.11, 30.09, 30.09, 30.08], [29.88, 29.87, 29.86, 29.85, 29.84, 29.55, 29.56, 29.56, 29.55, 29.72, 29.81, 30.09, 30.27, 30.12, 30.18, 30.13, 30.09, 30.07, 30.06, 30.07], [29.89, 29.88, 29.88, 29.87, 29.86, 29.84, 29.55, 29.54, 29.52, 29.47, 29.82, 30.0, 30.15, 30.3, 30.16, 30.1, 30.05, 30.02, 30.03, 30.05], [29.98, 29.9, 29.9, 29.89, 29.88, 29.86, 29.67, 29.56, 29.53, 29.5, 29.47, 29.85, 30.23, 30.25, 30.14, 30.07, 29.99, 29.96, 29.99, 30.02], [29.99, 29.99, 29.99, 29.99, 29.98, 29.75, 29.71, 29.66, 29.66, 29.46, 29.27, 29.79, 29.8, 30.25, 29.97, 30.0, 29.95, 29.94, 29.96, 29.98], [29.91, 29.92, 30.01, 30.02, 30.02, 30.0, 29.94, 29.69, 29.51, 29.53, 29.48, 29.63, 29.7, 29.61, 29.98, 30.0, 29.98, 29.97, 29.97, 29.98], [30.2, 30.2, 30.2, 29.97, 30.0, 30.09, 30.03, 29.94, 29.36, 29.39, 29.71, 29.54, 29.59, 29.57, 29.98, 30.01, 30.0, 29.99, 29.99, 29.99], [30.2, 30.2, 30.2, 30.2, 30.2, 30.2, 30.2, 30.2, 30.02, 29.49, 29.1, 29.48, 29.53, 29.53, 29.98, 30.02, 30.01, 30.0, 30.0, 30.0], [30.2, 30.2, 30.2, 30.2, 30.2, 30.2, 30.2, 30.2, 30.2, -999.0, 29.1, 30.1, 30.1, 29.5, 29.98, 30.03, 30.02, 29.22, 29.23, 29.24], [30.2, 30.2, 30.2, 30.2, 30.2, 30.2, 30.2, 30.2, 30.2, 30.2, -999.0, 30.1, 30.1, 29.19, 29.59, 29.46, 29.47, 29.32, 29.35, 29.36], [30.2, 30.2, 30.2, 30.2, 30.2, 30.2, 30.2, 30.2, 30.2, 30.2, -999.0, 28.7, 28.7, 28.7, 29.47, 29.36, 29.38, 29.23, 29.26, 29.29], [30.2, 30.2, 30.2, 30.2, 30.2, 30.2, 30.2, 30.3, 30.3, 30.3, 30.3, 29.69, 28.7, 28.7, 28.7, 29.25, 29.29, 29.15, 29.19, 29.23], [30.2, 30.2, 30.26, 30.26, 30.27, 30.3, 30.3, 30.3, 30.3, 30.3, 29.29, 29.41, 29.25, 29.12, 29.27, 29.07, 29.12, 29.02, 29.28, 29.33], [30.26, 30.26, 30.24, 30.24, 30.3, 30.3, 30.3, 30.3, 30.3, 30.3, 29.61, 29.41, 29.2, 29.01, 29.0, 28.86, 28.91, 28.95, 28.98, 29.0], [30.24, 30.24, 30.24, 30.24, 30.3, 30.3, 30.3, 30.3, 30.3, 29.89, 29.68, 29.44, 29.19, 29.02, 28.74, 28.84, 28.92, 28.97, 29.0, 29.02], [30.24, 30.24, 30.24, 30.3, 30.3, 30.3, 30.3, 30.3, 30.16, 29.99, 29.76, 29.56, 29.32, 29.12, 28.83, 28.89, 28.95, 29.0, 29.02, 29.03], [30.24, 30.24, 30.07, 30.08, 30.1, 30.12, 30.15, 30.23, 30.11, 29.96, 29.78, 29.61, 29.4, 29.27, 28.94, 28.97, 29.01, 29.04, 29.05, 29.06], [30.06, 30.06, 30.07, 30.13, 30.14, 30.15, 30.17, 30.19, 29.96, 29.88, 29.77, 29.65, 29.47, 29.0, 29.02, 29.05, 29.08, 29.09, 29.09, 29.08], [30.11, 30.12, 30.12, 30.12, 30.12, 30.13, 30.13, 30.14, 29.88, 29.83, 29.76, 29.68, 29.41, 29.05, 29.09, 29.13, 29.16, 29.15, 29.12, 29.1], [30.11, 30.11, 30.11, 30.13, 30.13, 30.12, 30.12, 30.1, 30.09, 30.08, 30.08, 29.97, 29.48, 29.09, 29.13, 29.2, 29.27, 29.21, 29.14, 29.11], [30.13, 30.13, 30.12, 30.12, 30.11, 30.11, 30.09, 30.07, 30.04, 30.03, 30.05, 29.93, 29.49, 29.42, 29.37, 29.22, 29.46, 29.16, 29.11, 29.1], [30.13, 30.12, 30.12, 30.11, 30.11, 30.09, 30.08, 30.05, 30.0, 29.96, 30.02, 29.94, 29.92, 29.42, 29.36, 29.29, 29.1, 28.97, 29.07, 29.09], [30.12, 30.12, 30.12, 30.11, 30.1, 30.09, 30.07, 30.05, 30.0, 29.96, 29.95, 29.96, 29.95, 29.42, 29.35, 29.33, 29.24, 29.2, 29.07, 29.08], [30.12, 30.12, 30.11, 30.11, 30.1, 30.09, 30.08, 30.06, 30.05, 30.05, 29.99, 29.99, 29.97, 29.56, 29.46, 29.38, 29.32, 29.29, 29.29, 29.32], [30.12, 30.12, 30.11, 30.11, 30.1, 30.1, 30.09, 30.09, 30.09, 30.05, 30.06, 29.89, 29.79, 29.67, 29.52, 29.44, 29.38, 29.35, 29.35, 29.35], [30.12, 30.12, 30.11, 30.11, 30.11, 30.1, 30.1, 30.11, 30.12, 30.1, 30.12, 29.96, 29.83, 29.72, 29.57, 29.49, 29.44, 29.41, 29.39, 29.39], [30.12, 30.12, 30.12, 30.11, 30.11, 30.11, 30.11, 30.12, 29.94, 30.02, 30.07, 29.96, 29.85, 29.74, 29.6, 29.53, 29.48, 29.45, 29.43, 29.42], [30.12, 30.12, 30.12, 30.12, 30.11, 30.11, 30.12, 30.12, 29.91, 29.95, 29.96, 29.91, 29.83, 29.75, 29.62, 29.56, 29.52, 29.48, 29.46, 29.45], [30.12, 30.12, 30.12, 30.12, 30.12, 30.12, 30.12, 29.86, 29.88, 29.89, 29.89, 29.86, 29.8, 29.74, 29.63, 29.58, 29.54, 29.51, 29.49, 29.47]]}