gis_exercise/awsData/contour/temp_2023091319.json
{"header": {"refTime": "2023-09-13T19:00:00.000Z", "nx": 21, "ny": 33, "lo1": 113.509, "la1": 22.2235, "lo2": 113.5947, "la2": 22.1034, "dx": 0.0042850000000001385, "dy": 0.003753125000000024, "parameterCategory": 0, "parameterCategoryName": "Temperature", "parameterNumber": 0}, "z": [[27.73, 27.73, 27.72, 27.52, 27.52, 27.81, 27.81, 27.81, 27.81, 27.74, 27.76, 27.78, 27.99, 28.0, 27.92, 27.91, 27.94, 27.93, 27.92, 27.91], [27.73, 27.73, 27.72, 27.72, 27.53, 27.54, 27.8, 27.78, 27.78, 27.73, 27.76, 27.8, 28.01, 28.02, 27.93, 27.96, 27.94, 27.92, 27.9, 27.9], [27.73, 27.73, 27.73, 27.72, 27.52, 27.54, 27.56, 27.77, 27.72, 27.72, 27.77, 27.83, 28.04, 28.05, 28.0, 27.96, 27.93, 27.9, 27.89, 27.88], [27.73, 27.73, 27.73, 27.72, 27.72, 27.53, 27.55, 27.58, 27.6, 27.72, 27.78, 27.89, 28.11, 27.97, 28.01, 27.95, 27.9, 27.88, 27.86, 27.86], [27.74, 27.74, 27.73, 27.73, 27.72, 27.51, 27.52, 27.53, 27.52, 27.7, 27.77, 27.99, 28.17, 28.01, 28.0, 27.93, 27.87, 27.84, 27.83, 27.84], [27.74, 27.74, 27.74, 27.73, 27.73, 27.72, 27.5, 27.5, 27.48, 27.43, 27.73, 27.9, 28.04, 28.17, 27.97, 27.89, 27.81, 27.78, 27.79, 27.82], [27.77, 27.75, 27.75, 27.74, 27.74, 27.72, 27.55, 27.5, 27.48, 27.43, 27.4, 27.74, 28.07, 28.1, 27.94, 27.85, 27.73, 27.69, 27.73, 27.77], [27.77, 27.77, 27.77, 27.77, 27.77, 27.6, 27.57, 27.55, 27.56, 27.4, 27.23, 27.65, 27.66, 28.1, 27.71, 27.74, 27.68, 27.65, 27.69, 27.72], [27.73, 27.73, 27.79, 27.79, 27.79, 27.78, 27.74, 27.56, 27.44, 27.45, 27.41, 27.53, 27.58, 27.51, 27.72, 27.76, 27.72, 27.7, 27.71, 27.73], [27.9, 27.9, 27.9, 27.76, 27.78, 27.83, 27.8, 27.74, 27.32, 27.34, 27.59, 27.45, 27.5, 27.47, 27.72, 27.77, 27.74, 27.73, 27.73, 27.74], [27.9, 27.9, 27.9, 27.9, 27.9, 27.9, 27.9, 27.9, 27.79, 27.43, 27.1, 27.4, 27.44, 27.44, 27.72, 27.78, 27.76, 27.75, 27.75, 27.75], [27.9, 27.9, 27.9, 27.9, 27.9, 27.9, 27.9, 27.9, 27.9, -999.0, 27.1, 27.9, 27.9, 27.42, 27.71, 27.79, 27.78, 27.03, 27.05, 27.05], [27.9, 27.9, 27.9, 27.9, 27.9, 27.9, 27.9, 27.9, 27.9, 27.9, -999.0, 27.9, 27.9, 27.05, 27.42, 27.24, 27.24, 27.12, 27.14, 27.15], [27.9, 27.9, 27.9, 27.9, 27.9, 27.9, 27.9, 27.9, 27.9, 27.9, -999.0, 26.6, 26.6, 26.6, 27.31, 27.15, 27.17, 27.04, 27.07, 27.09], [27.9, 27.9, 27.9, 27.9, 27.9, 27.9, 27.9, 28.0, 28.0, 28.0, 28.0, 27.46, 26.6, 26.6, 26.6, 27.06, 27.09, 26.97, 27.01, 27.04], [27.9, 27.9, 27.96, 27.96, 27.97, 28.0, 28.0, 28.0, 28.0, 28.0, 27.12, 27.22, 27.08, 26.97, 27.1, 26.97, 27.02, 26.92, 27.13, 27.17], [27.96, 27.96, 27.94, 27.94, 28.0, 28.0, 28.0, 28.0, 28.0, 28.0, 27.4, 27.22, 27.04, 26.87, 26.88, 26.87, 26.96, 27.04, 27.09, 27.13], [27.94, 27.94, 27.94, 27.94, 28.0, 28.0, 28.0, 28.0, 28.0, 27.64, 27.46, 27.25, 27.03, 26.89, 26.64, 26.84, 26.97, 27.06, 27.12, 27.15], [27.94, 27.94, 27.94, 28.0, 28.0, 28.0, 28.0, 28.0, 27.87, 27.73, 27.54, 27.36, 27.16, 26.98, 26.82, 26.92, 27.03, 27.11, 27.16, 27.18], [27.94, 27.94, 27.83, 27.84, 27.85, 27.86, 27.89, 27.95, 27.84, 27.71, 27.56, 27.41, 27.24, 27.13, 27.0, 27.05, 27.12, 27.18, 27.21, 27.22], [27.82, 27.82, 27.83, 27.88, 27.88, 27.89, 27.9, 27.91, 27.71, 27.65, 27.55, 27.44, 27.31, 27.11, 27.13, 27.18, 27.23, 27.26, 27.27, 27.27], [27.86, 27.86, 27.86, 27.87, 27.87, 27.87, 27.87, 27.95, 27.65, 27.61, 27.55, 27.47, 27.28, 27.19, 27.23, 27.29, 27.33, 27.34, 27.33, 27.31], [27.85, 27.85, 27.85, 27.97, 27.96, 27.95, 27.94, 27.93, 27.91, 27.91, 27.92, 27.76, 27.58, 27.26, 27.31, 27.37, 27.43, 27.41, 27.38, 27.34], [27.98, 27.98, 27.97, 27.97, 27.96, 27.95, 27.93, 27.91, 27.87, 27.86, 27.89, 27.83, 27.58, 27.56, 27.54, 27.41, 27.53, 27.45, 27.4, 27.36], [27.98, 27.98, 27.97, 27.97, 27.96, 27.95, 27.93, 27.89, 27.83, 27.78, 27.86, 27.84, 27.84, 27.56, 27.54, 27.53, 27.43, 27.42, 27.4, 27.37], [27.98, 27.98, 27.98, 27.97, 27.97, 27.96, 27.94, 27.91, 27.85, 27.8, 27.84, 27.87, 27.87, 27.56, 27.54, 27.62, 27.57, 27.56, 27.38, 27.36], [27.99, 27.99, 27.98, 27.98, 27.98, 27.97, 27.96, 27.95, 27.93, 27.94, 27.93, 27.93, 27.92, 27.79, 27.72, 27.66, 27.62, 27.6, 27.61, 27.62], [27.99, 27.99, 27.99, 27.99, 27.99, 27.99, 27.99, 28.0, 28.02, 28.02, 28.05, 27.99, 27.92, 27.86, 27.76, 27.7, 27.67, 27.65, 27.64, 27.64], [28.0, 28.0, 28.0, 28.0, 28.0, 28.01, 28.02, 28.04, 28.08, 28.13, 28.21, 28.07, 27.97, 27.9, 27.8, 27.74, 27.71, 27.68, 27.67, 27.67], [28.0, 28.0, 28.0, 28.01, 28.01, 28.02, 28.03, 28.06, 28.03, 28.12, 28.17, 28.08, 27.99, 27.92, 27.83, 27.78, 27.74, 27.71, 27.7, 27.69], [28.0, 28.01, 28.01, 28.01, 28.02, 28.03, 28.04, 28.07, 28.01, 28.06, 28.07, 28.03, 27.97, 27.92, 27.84, 27.8, 27.76, 27.74, 27.72, 27.71], [28.01, 28.01, 28.01, 28.02, 28.02, 28.03, 28.05, 27.96, 27.99, 28.01, 28.01, 27.99, 27.96, 27.92, 27.85, 27.81, 27.78, 27.76, 27.74, 27.73]]}