gis_exercise/awsData/contour/temp_2023091003.json
{"header": {"refTime": "2023-09-10T03:00:00.000Z", "nx": 21, "ny": 33, "lo1": 113.509, "la1": 22.2235, "lo2": 113.5947, "la2": 22.1034, "dx": 0.0042850000000001385, "dy": 0.003753125000000024, "parameterCategory": 0, "parameterCategoryName": "Temperature", "parameterNumber": 0}, "z": [[25.46, 25.45, 25.45, 25.32, 25.32, 25.4, 25.4, 25.4, 25.4, 25.39, 25.39, 25.39, 25.49, 25.49, 25.53, 25.54, 25.6, 25.6, 25.61, 25.61], [25.46, 25.46, 25.45, 25.45, 25.32, 25.33, 25.4, 25.4, 25.4, 25.39, 25.39, 25.39, 25.49, 25.5, 25.53, 25.59, 25.6, 25.61, 25.61, 25.61], [25.46, 25.46, 25.45, 25.45, 25.32, 25.33, 25.34, 25.4, 25.4, 25.39, 25.39, 25.4, 25.49, 25.5, 25.58, 25.59, 25.6, 25.61, 25.61, 25.62], [25.47, 25.46, 25.46, 25.45, 25.44, 25.32, 25.33, 25.35, 25.36, 25.38, 25.39, 25.41, 25.5, 25.46, 25.58, 25.6, 25.61, 25.62, 25.62, 25.62], [25.47, 25.47, 25.47, 25.46, 25.45, 25.31, 25.32, 25.32, 25.32, 25.37, 25.38, 25.46, 25.49, 25.47, 25.58, 25.6, 25.62, 25.63, 25.63, 25.63], [25.48, 25.48, 25.47, 25.47, 25.46, 25.44, 25.31, 25.3, 25.3, 25.29, 25.41, 25.45, 25.48, 25.53, 25.59, 25.61, 25.64, 25.65, 25.64, 25.64], [25.52, 25.49, 25.49, 25.48, 25.47, 25.45, 25.37, 25.29, 25.29, 25.31, 25.32, 25.44, 25.56, 25.55, 25.6, 25.63, 25.66, 25.67, 25.66, 25.65], [25.53, 25.53, 25.53, 25.53, 25.52, 25.43, 25.39, 25.34, 25.31, 25.3, 25.25, 25.48, 25.48, 25.55, 25.66, 25.65, 25.67, 25.68, 25.67, 25.66], [25.47, 25.48, 25.55, 25.55, 25.56, 25.54, 25.49, 25.37, 25.27, 25.32, 25.35, 25.41, 25.44, 25.4, 25.66, 25.65, 25.66, 25.67, 25.66, 25.66], [25.7, 25.7, 25.7, 25.51, 25.54, 25.61, 25.56, 25.49, 25.24, 25.25, 25.44, 25.38, 25.4, 25.39, 25.66, 25.64, 25.65, 25.66, 25.66, 25.65], [25.7, 25.7, 25.7, 25.7, 25.7, 25.7, 25.7, 25.7, 25.56, 25.27, 25.2, 25.35, 25.37, 25.37, 25.66, 25.64, 25.65, 25.65, 25.65, 25.65], [25.7, 25.7, 25.7, 25.7, 25.7, 25.7, 25.7, 25.7, 25.7, -999.0, 25.2, 25.6, 25.6, 25.36, 25.66, 25.64, 25.64, 25.42, 25.42, 25.42], [25.7, 25.7, 25.7, 25.7, 25.7, 25.7, 25.7, 25.7, 25.7, 25.7, -999.0, 25.6, 25.6, 25.34, 25.45, 25.52, 25.52, 25.46, 25.47, 25.47], [25.7, 25.7, 25.7, 25.7, 25.7, 25.7, 25.7, 25.7, 25.7, 25.7, -999.0, 25.2, 25.2, 25.2, 25.42, 25.48, 25.48, 25.42, 25.43, 25.45], [25.7, 25.7, 25.7, 25.7, 25.7, 25.7, 25.7, 25.7, 25.7, 25.7, 25.7, 25.51, 25.2, 25.2, 25.2, 25.43, 25.44, 25.39, 25.4, 25.42], [25.7, 25.7, 25.7, 25.7, 25.7, 25.7, 25.7, 25.7, 25.7, 25.7, 25.39, 25.42, 25.37, 25.33, 25.38, 25.35, 25.37, 25.33, 25.44, 25.46], [25.7, 25.7, 25.7, 25.7, 25.7, 25.7, 25.7, 25.7, 25.7, 25.7, 25.48, 25.42, 25.36, 25.3, 25.3, 25.28, 25.3, 25.32, 25.34, 25.35], [25.7, 25.7, 25.7, 25.7, 25.7, 25.7, 25.7, 25.7, 25.7, 25.57, 25.51, 25.43, 25.35, 25.31, 25.22, 25.27, 25.31, 25.33, 25.35, 25.36], [25.7, 25.7, 25.7, 25.7, 25.7, 25.7, 25.7, 25.7, 25.66, 25.6, 25.54, 25.47, 25.41, 25.34, 25.26, 25.29, 25.32, 25.34, 25.36, 25.36], [25.7, 25.7, 25.64, 25.65, 25.65, 25.65, 25.66, 25.68, 25.64, 25.6, 25.54, 25.49, 25.44, 25.4, 25.31, 25.33, 25.35, 25.37, 25.37, 25.38], [25.64, 25.64, 25.64, 25.66, 25.66, 25.66, 25.67, 25.67, 25.6, 25.58, 25.54, 25.5, 25.47, 25.35, 25.35, 25.37, 25.38, 25.39, 25.39, 25.39], [25.65, 25.65, 25.65, 25.66, 25.66, 25.66, 25.66, 25.68, 25.58, 25.56, 25.54, 25.52, 25.46, 25.37, 25.39, 25.4, 25.42, 25.42, 25.41, 25.4], [25.65, 25.65, 25.65, 25.69, 25.69, 25.68, 25.68, 25.68, 25.67, 25.67, 25.67, 25.63, 25.51, 25.39, 25.41, 25.43, 25.46, 25.44, 25.42, 25.41], [25.69, 25.69, 25.69, 25.69, 25.69, 25.68, 25.68, 25.67, 25.66, 25.65, 25.66, 25.65, 25.51, 25.5, 25.49, 25.44, 25.52, 25.43, 25.41, 25.41], [25.69, 25.69, 25.69, 25.69, 25.69, 25.68, 25.68, 25.66, 25.64, 25.63, 25.65, 25.65, 25.66, 25.5, 25.48, 25.47, 25.41, 25.38, 25.4, 25.4], [25.69, 25.69, 25.69, 25.69, 25.69, 25.69, 25.68, 25.67, 25.65, 25.63, 25.65, 25.66, 25.67, 25.5, 25.48, 25.5, 25.47, 25.45, 25.4, 25.4], [25.7, 25.7, 25.69, 25.69, 25.69, 25.69, 25.69, 25.68, 25.68, 25.68, 25.68, 25.68, 25.68, 25.57, 25.54, 25.52, 25.49, 25.48, 25.49, 25.49], [25.7, 25.7, 25.7, 25.7, 25.7, 25.7, 25.7, 25.7, 25.71, 25.71, 25.72, 25.67, 25.63, 25.59, 25.56, 25.54, 25.52, 25.51, 25.5, 25.51], [25.7, 25.7, 25.7, 25.7, 25.7, 25.7, 25.71, 25.71, 25.73, 25.75, 25.76, 25.7, 25.65, 25.61, 25.58, 25.55, 25.54, 25.52, 25.52, 25.52], [25.7, 25.7, 25.7, 25.7, 25.7, 25.71, 25.71, 25.72, 25.69, 25.72, 25.74, 25.7, 25.66, 25.62, 25.59, 25.57, 25.55, 25.54, 25.53, 25.53], [25.7, 25.7, 25.7, 25.7, 25.71, 25.71, 25.71, 25.72, 25.68, 25.69, 25.7, 25.68, 25.65, 25.62, 25.6, 25.58, 25.56, 25.55, 25.54, 25.54], [25.7, 25.7, 25.7, 25.71, 25.71, 25.71, 25.72, 25.65, 25.66, 25.67, 25.67, 25.66, 25.64, 25.62, 25.6, 25.58, 25.57, 25.56, 25.55, 25.55]]}