gis_exercise/awsData/contour/temp_2023090918.json
{"header": {"refTime": "2023-09-09T18:00:00.000Z", "nx": 21, "ny": 33, "lo1": 113.509, "la1": 22.2235, "lo2": 113.5947, "la2": 22.1034, "dx": 0.0042850000000001385, "dy": 0.003753125000000024, "parameterCategory": 0, "parameterCategoryName": "Temperature", "parameterNumber": 0}, "z": [[26.08, 26.08, 26.07, 25.83, 25.83, 26.09, 26.08, 26.07, 26.07, 25.95, 25.98, 26.0, 26.21, 26.23, 26.29, 26.3, 26.38, 26.38, 26.38, 26.38], [26.09, 26.08, 26.07, 26.06, 25.84, 25.84, 26.06, 26.04, 26.02, 25.95, 25.98, 26.02, 26.23, 26.25, 26.31, 26.39, 26.38, 26.38, 26.38, 26.38], [26.09, 26.09, 26.08, 26.07, 25.84, 25.84, 25.85, 26.01, 25.93, 25.94, 25.99, 26.05, 26.27, 26.28, 26.39, 26.39, 26.39, 26.38, 26.38, 26.38], [26.1, 26.09, 26.09, 26.08, 26.07, 25.84, 25.85, 25.86, 25.86, 25.94, 26.01, 26.11, 26.33, 26.21, 26.4, 26.39, 26.39, 26.38, 26.38, 26.38], [26.1, 26.1, 26.1, 26.09, 26.08, 25.84, 25.85, 25.85, 25.83, 25.93, 26.0, 26.23, 26.39, 26.25, 26.4, 26.39, 26.38, 26.38, 26.38, 26.38], [26.11, 26.11, 26.11, 26.11, 26.1, 26.09, 25.86, 25.85, 25.83, 25.77, 26.0, 26.15, 26.28, 26.4, 26.38, 26.38, 26.39, 26.39, 26.38, 26.38], [26.21, 26.12, 26.12, 26.12, 26.12, 26.11, 25.97, 25.9, 25.87, 25.8, 25.74, 26.02, 26.33, 26.35, 26.37, 26.38, 26.39, 26.39, 26.42, 26.42], [26.21, 26.22, 26.22, 26.21, 26.21, 26.02, 26.0, 26.0, 26.03, 25.76, 25.55, 25.95, 25.96, 26.35, 26.33, 26.3, 26.35, 26.36, 26.34, 26.32], [26.19, 26.19, 26.22, 26.23, 26.23, 26.22, 26.2, 25.99, 25.88, 25.82, 25.71, 25.83, 25.88, 25.81, 26.32, 26.3, 26.32, 26.33, 26.33, 26.32], [26.3, 26.3, 26.3, 26.21, 26.22, 26.25, 26.23, 26.2, 25.7, 25.74, 25.89, 25.75, 25.8, 25.77, 26.32, 26.29, 26.3, 26.31, 26.31, 26.31], [26.3, 26.3, 26.3, 26.3, 26.3, 26.3, 26.3, 26.3, 26.23, 25.86, 25.4, 25.7, 25.74, 25.74, 26.32, 26.28, 26.29, 26.3, 26.3, 26.3], [26.3, 26.3, 26.3, 26.3, 26.3, 26.3, 26.3, 26.3, 26.3, -999.0, 25.4, 26.2, 26.2, 25.72, 26.32, 26.27, 26.28, 25.72, 25.73, 25.74], [26.3, 26.3, 26.3, 26.3, 26.3, 26.3, 26.3, 26.3, 26.3, 26.3, -999.0, 26.2, 26.2, 25.55, 25.83, 25.96, 25.97, 25.82, 25.85, 25.86], [26.3, 26.3, 26.3, 26.3, 26.3, 26.3, 26.3, 26.3, 26.3, 26.3, -999.0, 25.2, 25.2, 25.2, 25.75, 25.86, 25.88, 25.73, 25.76, 25.79], [26.3, 26.3, 26.3, 26.3, 26.3, 26.3, 26.3, 26.4, 26.4, 26.4, 26.4, 25.94, 25.2, 25.2, 25.2, 25.75, 25.79, 25.65, 25.69, 25.73], [26.3, 26.3, 26.36, 26.36, 26.37, 26.4, 26.4, 26.4, 26.4, 26.4, 25.64, 25.73, 25.61, 25.52, 25.63, 25.49, 25.54, 25.46, 25.73, 25.77], [26.36, 26.36, 26.34, 26.34, 26.4, 26.4, 26.4, 26.4, 26.4, 26.4, 25.88, 25.74, 25.58, 25.43, 25.43, 25.38, 25.44, 25.49, 25.53, 25.55], [26.34, 26.34, 26.34, 26.34, 26.4, 26.4, 26.4, 26.4, 26.4, 26.1, 25.93, 25.75, 25.57, 25.44, 25.23, 25.36, 25.45, 25.51, 25.55, 25.57], [26.34, 26.34, 26.34, 26.4, 26.4, 26.4, 26.4, 26.4, 26.29, 26.17, 26.02, 25.87, 25.67, 25.52, 25.35, 25.41, 25.49, 25.54, 25.57, 25.59], [26.34, 26.34, 26.29, 26.29, 26.3, 26.31, 26.33, 26.37, 26.27, 26.16, 26.03, 25.9, 25.74, 25.64, 25.47, 25.51, 25.55, 25.59, 25.61, 25.62], [26.28, 26.28, 26.28, 26.32, 26.32, 26.33, 26.33, 26.34, 26.17, 26.11, 26.03, 25.94, 25.79, 25.54, 25.56, 25.59, 25.63, 25.65, 25.65, 25.65], [26.31, 26.31, 26.31, 26.31, 26.31, 26.31, 26.32, 26.35, 26.12, 26.09, 26.04, 25.97, 25.78, 25.6, 25.63, 25.67, 25.7, 25.7, 25.69, 25.68], [26.3, 26.3, 26.3, 26.35, 26.35, 26.35, 26.34, 26.33, 26.32, 26.32, 26.32, 26.21, 25.96, 25.65, 25.68, 25.73, 25.78, 25.76, 25.72, 25.69], [26.36, 26.36, 26.35, 26.35, 26.35, 26.34, 26.33, 26.32, 26.3, 26.29, 26.3, 26.23, 25.96, 25.92, 25.89, 25.76, 25.89, 25.76, 25.72, 25.7], [26.36, 26.36, 26.35, 26.35, 26.35, 26.34, 26.33, 26.31, 26.27, 26.24, 26.29, 26.24, 26.22, 25.92, 25.89, 25.85, 25.74, 25.69, 25.71, 25.7], [26.36, 26.36, 26.35, 26.35, 26.35, 26.34, 26.33, 26.31, 26.28, 26.25, 26.25, 26.26, 26.25, 25.93, 25.89, 25.9, 25.85, 25.83, 25.7, 25.7], [26.36, 26.36, 26.36, 26.35, 26.35, 26.35, 26.34, 26.33, 26.32, 26.32, 26.29, 26.29, 26.27, 26.05, 25.99, 25.93, 25.9, 25.88, 25.88, 25.89], [26.36, 26.36, 26.36, 26.36, 26.36, 26.36, 26.35, 26.36, 26.37, 26.35, 26.36, 26.28, 26.22, 26.15, 26.03, 25.97, 25.94, 25.92, 25.91, 25.92], [26.36, 26.36, 26.36, 26.36, 26.36, 26.36, 26.37, 26.38, 26.4, 26.4, 26.44, 26.33, 26.25, 26.18, 26.06, 26.01, 25.98, 25.95, 25.94, 25.94], [26.36, 26.36, 26.36, 26.37, 26.37, 26.37, 26.38, 26.39, 26.31, 26.37, 26.4, 26.33, 26.26, 26.19, 26.08, 26.04, 26.0, 25.98, 25.97, 25.96], [26.37, 26.37, 26.37, 26.37, 26.37, 26.37, 26.38, 26.39, 26.3, 26.32, 26.33, 26.3, 26.25, 26.2, 26.1, 26.06, 26.03, 26.0, 25.99, 25.98], [26.37, 26.37, 26.37, 26.37, 26.37, 26.38, 26.38, 26.26, 26.27, 26.29, 26.28, 26.26, 26.23, 26.19, 26.1, 26.07, 26.04, 26.02, 26.0, 25.99]]}