gis_exercise/awsData/contour/temp_2023091310.json
{"header": {"refTime": "2023-09-13T10:00:00.000Z", "nx": 21, "ny": 33, "lo1": 113.509, "la1": 22.2235, "lo2": 113.5947, "la2": 22.1034, "dx": 0.0042850000000001385, "dy": 0.003753125000000024, "parameterCategory": 0, "parameterCategoryName": "Temperature", "parameterNumber": 0}, "z": [[27.85, 27.84, 27.84, 27.75, 27.75, 27.75, 27.74, 27.74, 27.74, 27.79, 27.8, 27.82, 27.95, 27.96, 27.7, 27.68, 27.86, 27.84, 27.83, 27.83], [27.85, 27.85, 27.84, 27.83, 27.75, 27.74, 27.74, 27.73, 27.73, 27.78, 27.8, 27.82, 27.95, 27.97, 27.7, 27.87, 27.85, 27.83, 27.82, 27.81], [27.86, 27.85, 27.84, 27.83, 27.75, 27.75, 27.74, 27.73, 27.71, 27.77, 27.81, 27.83, 27.96, 27.97, 27.89, 27.86, 27.83, 27.81, 27.8, 27.8], [27.87, 27.86, 27.85, 27.84, 27.83, 27.75, 27.74, 27.73, 27.73, 27.78, 27.82, 27.85, 27.96, 28.01, 27.89, 27.85, 27.81, 27.78, 27.77, 27.77], [27.88, 27.87, 27.86, 27.85, 27.84, 27.75, 27.75, 27.75, 27.75, 27.82, 27.84, 28.0, 27.95, 28.01, 27.89, 27.83, 27.76, 27.73, 27.73, 27.74], [27.89, 27.88, 27.88, 27.87, 27.86, 27.84, 27.75, 27.75, 27.76, 27.78, 28.04, 28.03, 28.0, 28.07, 27.89, 27.79, 27.69, 27.65, 27.68, 27.71], [27.98, 27.9, 27.9, 27.89, 27.88, 27.86, 27.88, 27.75, 27.76, 27.93, 27.99, 28.1, 28.18, 28.16, 27.9, 27.76, 27.59, 27.53, 27.49, 27.52], [27.99, 27.99, 27.99, 27.99, 27.98, 27.93, 27.89, 27.81, 27.76, 27.92, 27.94, 28.25, 28.25, 28.15, 27.77, 27.88, 27.66, 27.58, 27.71, 27.79], [27.91, 27.92, 28.01, 28.02, 28.02, 28.0, 27.94, 27.86, 27.76, 27.93, 28.09, 28.17, 28.2, 28.15, 27.8, 27.92, 27.79, 27.74, 27.77, 27.82], [28.2, 28.2, 28.2, 27.97, 28.0, 28.09, 28.03, 27.94, 27.81, 27.8, 28.2, 28.12, 28.15, 28.13, 27.8, 27.96, 27.88, 27.84, 27.84, 27.86], [28.2, 28.2, 28.2, 28.2, 28.2, 28.2, 28.2, 28.2, 28.02, 27.77, 27.9, 28.09, 28.11, 28.11, 27.79, 28.0, 27.94, 27.9, 27.89, 27.9], [28.2, 28.2, 28.2, 28.2, 28.2, 28.2, 28.2, 28.2, 28.2, -999.0, 27.9, 28.4, 28.4, 28.1, 27.78, 28.03, 27.99, 27.51, 27.51, 27.51], [28.2, 28.2, 28.2, 28.2, 28.2, 28.2, 28.2, 28.2, 28.2, 28.2, -999.0, 28.4, 28.4, 27.88, 28.11, 27.47, 27.47, 27.5, 27.49, 27.49], [28.2, 28.2, 28.2, 28.2, 28.2, 28.2, 28.2, 28.2, 28.2, 28.2, -999.0, 27.6, 27.6, 27.6, 28.04, 27.49, 27.49, 27.51, 27.51, 27.5], [28.2, 28.2, 28.2, 28.2, 28.2, 28.2, 28.2, 29.2, 29.2, 29.2, 29.2, 28.59, 27.6, 27.6, 27.6, 27.51, 27.5, 27.53, 27.52, 27.51], [28.2, 28.2, 28.83, 28.84, 28.86, 29.2, 29.2, 29.2, 29.2, 29.2, 28.19, 28.31, 28.15, 28.02, 28.17, 27.6, 27.6, 27.6, 27.55, 27.54], [28.84, 28.85, 28.55, 28.57, 29.2, 29.2, 29.2, 29.2, 29.2, 29.2, 28.51, 28.31, 28.1, 27.91, 27.79, 27.84, 27.92, 27.99, 28.04, 28.08], [28.56, 28.57, 28.59, 28.61, 29.2, 29.2, 29.2, 29.2, 29.2, 28.79, 28.58, 28.34, 28.09, 27.81, 27.63, 27.81, 27.93, 28.01, 28.06, 28.1], [28.58, 28.59, 28.62, 29.2, 29.2, 29.2, 29.2, 29.2, 29.06, 28.89, 28.87, 28.68, 28.04, 27.87, 27.79, 27.88, 27.98, 28.05, 28.1, 28.13], [28.59, 28.61, 29.6, 29.58, 29.55, 29.52, 29.46, 29.32, 29.13, 29.05, 28.92, 28.76, 28.08, 27.95, 27.94, 27.99, 28.05, 28.1, 28.14, 28.17], [29.63, 29.62, 29.6, 29.49, 29.47, 29.45, 29.43, 29.4, 29.12, 29.07, 28.98, 28.86, 28.1, 28.04, 28.05, 28.08, 28.12, 28.16, 28.19, 28.21], [29.53, 29.52, 29.52, 29.51, 29.51, 29.5, 29.5, 29.42, 29.17, 29.14, 29.08, 28.97, 28.35, 28.11, 28.13, 28.15, 28.17, 28.21, 28.25, 28.26], [29.54, 29.54, 29.54, 29.43, 29.44, 29.45, 29.46, 29.49, 29.51, 29.53, 29.52, 29.09, 28.96, 28.17, 28.18, 28.18, 28.15, 28.25, 28.31, 28.31], [29.42, 29.42, 29.43, 29.44, 29.45, 29.47, 29.5, 29.55, 29.6, 29.63, 29.59, 29.13, 28.99, 28.82, 28.66, 28.23, 27.96, 28.42, 28.42, 28.37], [29.42, 29.43, 29.44, 29.45, 29.46, 29.48, 29.52, 29.58, 29.69, 29.78, 29.64, 29.2, 28.98, 28.86, 28.71, 28.6, 28.53, 28.76, 28.5, 28.41], [29.42, 29.43, 29.44, 29.45, 29.46, 29.48, 29.52, 29.57, 29.67, 29.75, 29.42, 29.2, 29.01, 28.9, 28.77, 28.58, 28.63, 28.68, 28.48, 28.41], [29.42, 29.43, 29.44, 29.44, 29.45, 29.47, 29.49, 29.52, 29.55, 29.55, 29.29, 29.16, 29.02, 28.69, 28.64, 28.62, 28.63, 28.64, 28.64, 28.62], [29.42, 29.43, 29.43, 29.44, 29.44, 29.45, 29.46, 29.46, 29.44, 29.22, 29.17, 29.37, 29.39, 29.39, 28.68, 28.66, 28.65, 28.64, 28.64, 28.63], [29.42, 29.42, 29.43, 29.43, 29.43, 29.43, 29.42, 29.41, 29.36, 29.14, 29.18, 29.29, 29.35, 29.37, 28.71, 28.68, 28.66, 28.65, 28.65, 28.64], [29.42, 29.42, 29.42, 29.42, 29.42, 29.41, 29.4, 29.38, 29.34, 29.26, 29.21, 29.28, 29.33, 29.36, 28.73, 28.7, 28.68, 28.66, 28.66, 28.65], [29.41, 29.41, 29.41, 29.41, 29.41, 29.4, 29.39, 29.36, 29.34, 29.3, 29.29, 29.31, 29.34, 29.36, 28.75, 28.71, 28.69, 28.68, 28.67, 28.66], [29.41, 29.41, 29.41, 29.41, 29.4, 29.39, 29.38, 29.38, 29.36, 29.34, 29.33, 29.33, 29.35, 29.36, 28.75, 28.72, 28.7, 28.69, 28.67, 28.67]]}