gis_exercise/awsData/contour/temp_2023090320.json
{"header": {"refTime": "2023-09-03T20:00:00.000Z", "nx": 21, "ny": 33, "lo1": 113.509, "la1": 22.2235, "lo2": 113.5947, "la2": 22.1034, "dx": 0.0042850000000001385, "dy": 0.003753125000000024, "parameterCategory": 0, "parameterCategoryName": "Temperature", "parameterNumber": 0}, "z": [[28.87, 28.87, 28.87, 28.71, 28.72, 29.07, 29.05, 29.03, 29.03, 28.82, 28.84, 28.87, 29.13, 29.14, 29.06, 29.05, 29.08, 29.06, 29.05, 29.04], [28.87, 28.87, 28.87, 28.87, 28.72, 28.73, 29.03, 28.99, 28.97, 28.82, 28.85, 28.89, 29.15, 29.17, 29.08, 29.1, 29.07, 29.05, 29.04, 29.03], [28.86, 28.87, 28.87, 28.87, 28.72, 28.73, 28.74, 28.96, 28.84, 28.81, 28.86, 28.93, 29.19, 29.2, 29.15, 29.1, 29.06, 29.03, 29.02, 29.01], [28.86, 28.87, 28.87, 28.87, 28.88, 28.73, 28.74, 28.75, 28.75, 28.81, 28.88, 29.0, 29.27, 29.09, 29.15, 29.09, 29.04, 29.01, 28.99, 28.99], [28.86, 28.86, 28.87, 28.87, 28.88, 28.74, 28.74, 28.74, 28.72, 28.77, 28.86, 29.11, 29.34, 29.14, 29.15, 29.06, 29.0, 28.96, 28.96, 28.96], [28.85, 28.86, 28.86, 28.87, 28.88, 28.9, 28.76, 28.76, 28.72, 28.62, 28.79, 28.99, 29.18, 29.33, 29.12, 29.02, 28.93, 28.89, 28.91, 28.94], [28.87, 28.85, 28.85, 28.86, 28.88, 28.9, 28.75, 28.84, 28.8, 28.61, 28.49, 28.8, 29.22, 29.24, 29.07, 28.97, 28.84, 28.79, 28.85, 28.9], [28.86, 28.85, 28.85, 28.86, 28.87, 28.7, 28.76, 28.9, 29.05, 28.56, 28.21, 28.69, 28.7, 29.25, 28.81, 28.84, 28.78, 28.75, 28.79, 28.82], [28.94, 28.93, 28.83, 28.82, 28.82, 28.84, 28.91, 28.79, 28.82, 28.65, 28.38, 28.53, 28.6, 28.51, 28.82, 28.86, 28.82, 28.8, 28.81, 28.83], [28.6, 28.6, 28.6, 28.88, 28.84, 28.74, 28.81, 28.91, 28.52, 28.58, 28.61, 28.44, 28.49, 28.47, 28.82, 28.87, 28.84, 28.83, 28.83, 28.84], [28.6, 28.6, 28.6, 28.6, 28.6, 28.6, 28.6, 28.6, 28.81, 28.79, 28.0, 28.38, 28.43, 28.43, 28.82, 28.88, 28.86, 28.85, 28.85, 28.85], [28.6, 28.6, 28.6, 28.6, 28.6, 28.6, 28.6, 28.6, 28.6, -999.0, 28.0, 29.0, 29.0, 28.4, 28.81, 28.89, 28.88, 28.25, 28.26, 28.26], [28.6, 28.6, 28.6, 28.6, 28.6, 28.6, 28.6, 28.6, 28.6, 28.6, -999.0, 29.0, 29.0, 28.28, 28.6, 28.41, 28.41, 28.32, 28.33, 28.34], [28.6, 28.6, 28.6, 28.6, 28.6, 28.6, 28.6, 28.6, 28.6, 28.6, -999.0, 27.9, 27.9, 27.9, 28.5, 28.34, 28.35, 28.25, 28.28, 28.29], [28.6, 28.6, 28.6, 28.6, 28.6, 28.6, 28.6, 28.6, 28.6, 28.6, 28.6, 28.33, 27.9, 27.9, 27.9, 28.27, 28.29, 28.2, 28.23, 28.25], [28.6, 28.6, 28.6, 28.6, 28.6, 28.6, 28.6, 28.6, 28.6, 28.6, 28.16, 28.21, 28.14, 28.08, 28.15, 28.01, 28.03, 28.0, 28.19, 28.21], [28.6, 28.6, 28.6, 28.6, 28.6, 28.6, 28.6, 28.6, 28.6, 28.6, 28.3, 28.21, 28.12, 28.04, 28.02, 27.76, 27.71, 27.67, 27.64, 27.62], [28.6, 28.6, 28.6, 28.6, 28.6, 28.6, 28.6, 28.6, 28.6, 28.42, 28.33, 28.22, 28.11, 28.02, 27.92, 27.78, 27.71, 27.67, 27.63, 27.61], [28.6, 28.6, 28.6, 28.6, 28.6, 28.6, 28.6, 28.6, 28.54, 28.46, 28.29, 28.19, 28.15, 28.06, 27.79, 27.74, 27.69, 27.65, 27.62, 27.59], [28.6, 28.6, 28.26, 28.27, 28.3, 28.33, 28.38, 28.5, 28.47, 28.38, 28.28, 28.2, 28.18, 28.12, 27.71, 27.68, 27.65, 27.62, 27.59, 27.57], [28.23, 28.24, 28.25, 28.35, 28.36, 28.38, 28.4, 28.43, 28.35, 28.31, 28.25, 28.19, 28.2, 27.66, 27.65, 27.64, 27.61, 27.59, 27.56, 27.55], [28.32, 28.32, 28.33, 28.33, 28.34, 28.34, 28.35, 28.41, 28.26, 28.24, 28.21, 28.18, 28.03, 27.62, 27.61, 27.61, 27.6, 27.57, 27.53, 27.52], [28.31, 28.31, 28.31, 28.41, 28.4, 28.39, 28.38, 28.36, 28.33, 28.32, 28.33, 28.23, 27.65, 27.58, 27.58, 27.6, 27.65, 27.56, 27.49, 27.48], [28.42, 28.41, 28.41, 28.4, 28.39, 28.37, 28.35, 28.31, 28.26, 28.24, 28.27, 28.22, 27.66, 27.61, 27.57, 27.58, 27.85, 27.41, 27.4, 27.43], [28.41, 28.41, 28.4, 28.39, 28.38, 28.36, 28.33, 28.28, 28.18, 28.11, 28.22, 28.23, 28.26, 27.6, 27.55, 27.49, 27.31, 27.1, 27.32, 27.4], [28.41, 28.41, 28.4, 28.39, 28.38, 28.36, 28.33, 28.28, 28.2, 28.13, 28.2, 28.26, 28.29, 27.59, 27.53, 27.57, 27.43, 27.37, 27.34, 27.4], [28.41, 28.41, 28.4, 28.4, 28.39, 28.37, 28.35, 28.33, 28.3, 28.3, 28.3, 28.33, 28.33, 27.86, 27.74, 27.63, 27.54, 27.5, 27.51, 27.54], [28.41, 28.41, 28.41, 28.4, 28.4, 28.39, 28.39, 28.39, 28.4, 28.41, 28.45, 28.18, 28.04, 27.88, 27.81, 27.71, 27.63, 27.59, 27.58, 27.59], [28.42, 28.41, 28.41, 28.41, 28.41, 28.41, 28.41, 28.43, 28.47, 28.53, 28.56, 28.31, 28.11, 27.95, 27.87, 27.77, 27.7, 27.66, 27.64, 27.64], [28.42, 28.42, 28.42, 28.42, 28.42, 28.42, 28.43, 28.46, 28.26, 28.4, 28.48, 28.31, 28.14, 27.99, 27.92, 27.83, 27.76, 27.72, 27.69, 27.68], [28.42, 28.42, 28.42, 28.42, 28.43, 28.43, 28.45, 28.47, 28.22, 28.29, 28.3, 28.23, 28.11, 28.0, 27.95, 27.87, 27.81, 27.76, 27.73, 27.72], [28.42, 28.43, 28.43, 28.43, 28.43, 28.44, 28.45, 28.13, 28.17, 28.2, 28.2, 28.15, 28.07, 27.99, 27.96, 27.89, 27.84, 27.8, 27.77, 27.75]]}