gis_exercise/awsData/contour/temp_2023090609.json
{"header": {"refTime": "2023-09-06T09:00:00.000Z", "nx": 21, "ny": 33, "lo1": 113.509, "la1": 22.2235, "lo2": 113.5947, "la2": 22.1034, "dx": 0.0042850000000001385, "dy": 0.003753125000000024, "parameterCategory": 0, "parameterCategoryName": "Temperature", "parameterNumber": 0}, "z": [[30.21, 30.21, 30.22, 30.09, 30.11, 30.41, 30.42, 30.43, 30.44, 30.48, 30.51, 30.54, 30.82, 30.85, 30.89, 30.9, 31.07, 31.07, 31.07, 31.07], [30.21, 30.21, 30.21, 30.22, 30.11, 30.13, 30.4, 30.42, 30.43, 30.47, 30.51, 30.56, 30.84, 30.87, 30.91, 31.07, 31.07, 31.07, 31.07, 31.07], [30.21, 30.21, 30.21, 30.21, 30.1, 30.12, 30.16, 30.4, 30.4, 30.46, 30.52, 30.6, 30.88, 30.9, 31.07, 31.07, 31.07, 31.08, 31.08, 31.08], [30.21, 30.21, 30.21, 30.2, 30.21, 30.1, 30.13, 30.19, 30.25, 30.46, 30.54, 30.66, 30.95, 30.84, 31.08, 31.08, 31.08, 31.08, 31.08, 31.08], [30.21, 30.2, 30.2, 30.2, 30.19, 30.06, 30.08, 30.1, 30.11, 30.45, 30.54, 30.85, 31.0, 30.88, 31.07, 31.08, 31.08, 31.08, 31.08, 31.08], [30.21, 30.2, 30.2, 30.19, 30.18, 30.16, 30.02, 30.01, 30.0, 30.0, 30.61, 30.77, 30.9, 31.07, 31.07, 31.08, 31.08, 31.08, 31.08, 31.08], [30.13, 30.21, 30.2, 30.19, 30.18, 30.15, 29.98, 29.94, 29.92, 30.08, 30.16, 30.66, 31.04, 31.05, 31.07, 31.08, 31.09, 31.09, 31.1, 31.1], [30.14, 30.15, 30.15, 30.14, 30.13, 30.05, 29.99, 29.91, 29.88, 30.05, 30.02, 30.66, 30.67, 31.05, 31.06, 31.05, 31.07, 31.08, 31.07, 31.06], [30.06, 30.07, 30.17, 30.18, 30.18, 30.16, 30.09, 29.96, 29.83, 30.1, 30.32, 30.48, 30.56, 30.46, 31.06, 31.05, 31.06, 31.07, 31.06, 31.06], [30.4, 30.4, 30.4, 30.12, 30.16, 30.26, 30.19, 30.09, 29.86, 29.85, 30.57, 30.38, 30.44, 30.42, 31.06, 31.04, 31.05, 31.06, 31.06, 31.05], [30.4, 30.4, 30.4, 30.4, 30.4, 30.4, 30.4, 30.4, 30.19, 29.83, 29.9, 30.32, 30.37, 30.37, 31.06, 31.04, 31.05, 31.05, 31.05, 31.05], [30.4, 30.4, 30.4, 30.4, 30.4, 30.4, 30.4, 30.4, 30.4, -999.0, 29.9, 31.0, 31.0, 30.34, 31.06, 31.04, 31.04, 30.3, 30.32, 30.33], [30.4, 30.4, 30.4, 30.4, 30.4, 30.4, 30.4, 30.4, 30.4, 30.4, -999.0, 31.0, 31.0, 30.15, 30.52, 30.59, 30.6, 30.43, 30.45, 30.47], [30.4, 30.4, 30.4, 30.4, 30.4, 30.4, 30.4, 30.4, 30.4, 30.4, -999.0, 29.7, 29.7, 29.7, 30.41, 30.47, 30.5, 30.32, 30.36, 30.39], [30.4, 30.4, 30.4, 30.4, 30.4, 30.4, 30.4, 30.5, 30.5, 30.5, 30.5, 30.19, 29.7, 29.7, 29.7, 30.34, 30.38, 30.22, 30.27, 30.31], [30.4, 30.4, 30.46, 30.46, 30.47, 30.5, 30.5, 30.5, 30.5, 30.5, 30.0, 30.05, 29.98, 29.91, 29.99, 29.77, 29.78, 29.76, 30.12, 30.15], [30.46, 30.46, 30.44, 30.44, 30.5, 30.5, 30.5, 30.5, 30.5, 30.5, 30.16, 30.06, 29.95, 29.86, 29.82, 29.76, 29.78, 29.8, 29.81, 29.82], [30.44, 30.44, 30.44, 30.44, 30.5, 30.5, 30.5, 30.5, 30.5, 30.3, 30.19, 30.07, 29.94, 29.83, 29.72, 29.75, 29.78, 29.8, 29.81, 29.82], [30.44, 30.44, 30.44, 30.5, 30.5, 30.5, 30.5, 30.5, 30.43, 30.34, 30.38, 30.29, 29.96, 29.86, 29.75, 29.77, 29.79, 29.81, 29.82, 29.83], [30.44, 30.44, 30.84, 30.83, 30.8, 30.77, 30.72, 30.6, 30.49, 30.47, 30.42, 30.34, 29.98, 29.92, 29.79, 29.8, 29.82, 29.83, 29.83, 29.84], [30.87, 30.86, 30.85, 30.75, 30.74, 30.72, 30.7, 30.67, 30.52, 30.5, 30.46, 30.4, 30.0, 29.81, 29.82, 29.83, 29.84, 29.84, 29.85, 29.85], [30.78, 30.78, 30.77, 30.77, 30.76, 30.76, 30.75, 30.67, 30.58, 30.56, 30.53, 30.48, 30.22, 29.83, 29.84, 29.85, 29.86, 29.86, 29.86, 29.86], [30.79, 30.79, 30.79, 30.67, 30.68, 30.69, 30.7, 30.72, 30.75, 30.76, 30.75, 30.61, 30.34, 29.84, 29.85, 29.87, 29.88, 29.88, 29.87, 29.87], [30.66, 30.66, 30.67, 30.67, 30.69, 30.7, 30.73, 30.77, 30.82, 30.85, 30.81, 30.61, 30.37, 30.24, 30.12, 29.88, 29.89, 29.89, 29.88, 29.87], [30.66, 30.66, 30.67, 30.68, 30.69, 30.71, 30.75, 30.8, 30.9, 30.98, 30.86, 30.63, 30.51, 30.26, 30.14, 30.04, 29.89, 29.89, 29.88, 29.87], [30.66, 30.66, 30.67, 30.68, 30.69, 30.71, 30.74, 30.79, 30.88, 30.96, 30.76, 30.61, 30.51, 30.28, 30.17, 29.96, 29.94, 29.94, 29.88, 29.87], [30.65, 30.66, 30.66, 30.67, 30.68, 30.69, 30.71, 30.74, 30.77, 30.76, 30.63, 30.55, 30.49, 30.04, 30.01, 29.98, 29.97, 29.96, 29.96, 29.96], [30.65, 30.65, 30.66, 30.66, 30.67, 30.67, 30.68, 30.67, 30.65, 30.54, 30.49, 30.48, 30.46, 30.42, 30.03, 30.0, 29.99, 29.98, 29.97, 29.98], [30.65, 30.65, 30.65, 30.65, 30.65, 30.65, 30.64, 30.62, 30.57, 30.42, 30.35, 30.42, 30.43, 30.41, 30.05, 30.02, 30.01, 29.99, 29.99, 29.99], [30.64, 30.65, 30.64, 30.64, 30.64, 30.63, 30.62, 30.59, 30.47, 30.41, 30.37, 30.4, 30.42, 30.41, 30.06, 30.04, 30.02, 30.01, 30.0, 30.0], [30.64, 30.64, 30.64, 30.64, 30.63, 30.62, 30.61, 30.58, 30.46, 30.43, 30.41, 30.42, 30.42, 30.41, 30.07, 30.05, 30.03, 30.02, 30.01, 30.01], [30.64, 30.64, 30.63, 30.63, 30.62, 30.61, 30.6, 30.48, 30.46, 30.44, 30.43, 30.42, 30.42, 30.41, 30.08, 30.06, 30.04, 30.03, 30.02, 30.02]]}