gis_exercise/awsData/contour/temp_2023090506.json
{"header": {"refTime": "2023-09-05T06:00:00.000Z", "nx": 21, "ny": 33, "lo1": 113.509, "la1": 22.2235, "lo2": 113.5947, "la2": 22.1034, "dx": 0.0042850000000001385, "dy": 0.003753125000000024, "parameterCategory": 0, "parameterCategoryName": "Temperature", "parameterNumber": 0}, "z": [[28.78, 28.77, 28.76, 28.6, 28.6, 28.88, 28.86, 28.85, 28.86, 28.9, 28.97, 29.03, 29.27, 29.3, 29.32, 29.33, 29.55, 29.54, 29.54, 29.53], [28.78, 28.78, 28.77, 28.75, 28.6, 28.6, 28.84, 28.8, 28.79, 28.86, 28.97, 29.06, 29.31, 29.34, 29.36, 29.56, 29.55, 29.54, 29.53, 29.53], [28.79, 28.78, 28.77, 28.76, 28.6, 28.6, 28.6, 28.76, 28.64, 28.82, 28.99, 29.12, 29.38, 29.4, 29.58, 29.56, 29.54, 29.53, 29.52, 29.52], [28.8, 28.79, 28.78, 28.77, 28.75, 28.6, 28.6, 28.6, 28.6, 28.87, 29.05, 29.23, 29.49, 29.47, 29.59, 29.56, 29.53, 29.52, 29.51, 29.51], [28.81, 28.81, 28.8, 28.79, 28.77, 28.6, 28.6, 28.6, 28.6, 28.94, 29.09, 29.49, 29.67, 29.51, 29.59, 29.54, 29.52, 29.5, 29.5, 29.5], [28.82, 28.82, 28.81, 28.81, 28.79, 28.77, 28.6, 28.6, 28.6, 28.6, 29.23, 29.4, 29.54, 29.67, 29.57, 29.52, 29.49, 29.47, 29.48, 29.49], [28.93, 28.84, 28.84, 28.83, 28.82, 28.79, 28.75, 28.6, 28.6, 28.76, 28.8, 29.24, 29.57, 29.6, 29.54, 29.5, 29.45, 29.43, 29.47, 29.5], [28.94, 28.95, 28.95, 28.94, 28.93, 28.83, 28.77, 28.69, 28.65, 28.73, 28.69, 29.15, 29.16, 29.6, 29.4, 29.4, 29.4, 29.4, 29.4, 29.4], [28.86, 28.87, 28.97, 28.98, 28.98, 28.96, 28.89, 28.74, 28.6, 28.77, 28.91, 29.03, 29.08, 29.01, 29.4, 29.4, 29.4, 29.4, 29.4, 29.4], [29.2, 29.2, 29.2, 28.92, 28.96, 29.06, 28.99, 28.89, 28.6, 28.6, 29.09, 28.95, 29.0, 28.97, 29.4, 29.4, 29.4, 29.4, 29.4, 29.4], [29.2, 29.2, 29.2, 29.2, 29.2, 29.2, 29.2, 29.2, 28.99, 28.6, 28.6, 28.9, 28.94, 28.94, 29.4, 29.4, 29.4, 29.4, 29.4, 29.4], [29.2, 29.2, 29.2, 29.2, 29.2, 29.2, 29.2, 29.2, 29.2, -999.0, 28.6, 29.4, 29.4, 28.92, 29.4, 29.4, 29.4, 28.32, 28.35, 28.35], [29.2, 29.2, 29.2, 29.2, 29.2, 29.2, 29.2, 29.2, 29.2, 29.2, -999.0, 29.4, 29.4, 28.16, 28.71, 28.71, 28.72, 28.49, 28.52, 28.54], [29.2, 29.2, 29.2, 29.2, 29.2, 29.2, 29.2, 29.2, 29.2, 29.2, -999.0, 27.5, 27.5, 27.5, 28.54, 28.55, 28.58, 28.34, 28.39, 28.43], [29.2, 29.2, 29.2, 29.2, 29.2, 29.2, 29.2, 28.6, 28.6, 28.6, 28.6, 28.18, 27.5, 27.5, 27.5, 28.37, 28.43, 28.21, 28.28, 28.33], [29.2, 29.2, 28.82, 28.82, 28.8, 28.6, 28.6, 28.6, 28.6, 28.6, 27.91, 27.99, 27.88, 27.79, 27.89, 28.09, 28.18, 28.02, 28.43, 28.5], [28.81, 28.81, 28.99, 28.98, 28.6, 28.6, 28.6, 28.6, 28.6, 28.6, 28.13, 27.99, 27.85, 27.71, 27.81, 27.83, 27.95, 28.04, 28.11, 28.15], [28.99, 28.98, 28.97, 28.95, 28.6, 28.6, 28.6, 28.6, 28.6, 28.32, 28.17, 28.01, 27.84, 27.81, 27.55, 27.8, 27.96, 28.07, 28.14, 28.18], [28.97, 28.96, 28.95, 28.6, 28.6, 28.6, 28.6, 28.6, 28.5, 28.39, 28.26, 28.13, 28.09, 27.93, 27.77, 27.9, 28.04, 28.13, 28.19, 28.22], [28.97, 28.96, 28.54, 28.55, 28.55, 28.55, 28.56, 28.58, 28.49, 28.39, 28.28, 28.16, 28.18, 28.1, 28.0, 28.07, 28.16, 28.22, 28.26, 28.27], [28.54, 28.54, 28.54, 28.56, 28.56, 28.56, 28.57, 28.57, 28.41, 28.36, 28.29, 28.2, 28.28, 28.13, 28.17, 28.23, 28.29, 28.33, 28.33, 28.33], [28.55, 28.55, 28.55, 28.56, 28.56, 28.56, 28.56, 28.58, 28.37, 28.34, 28.3, 28.24, 28.34, 28.25, 28.3, 28.38, 28.44, 28.44, 28.4, 28.37], [28.55, 28.55, 28.55, 28.59, 28.59, 28.58, 28.58, 28.58, 28.57, 28.57, 28.57, 28.69, 28.58, 28.32, 28.4, 28.5, 28.6, 28.54, 28.45, 28.41], [28.59, 28.59, 28.59, 28.59, 28.59, 28.58, 28.58, 28.57, 28.56, 28.55, 28.56, 28.7, 28.58, 28.59, 28.62, 28.55, 28.84, 28.53, 28.45, 28.41], [28.59, 28.59, 28.59, 28.59, 28.59, 28.58, 28.58, 28.56, 28.54, 28.53, 28.55, 28.68, 28.74, 28.58, 28.6, 28.6, 28.46, 28.35, 28.42, 28.41], [28.59, 28.59, 28.59, 28.59, 28.59, 28.59, 28.58, 28.57, 28.55, 28.53, 28.62, 28.68, 28.73, 28.57, 28.58, 28.6, 28.54, 28.51, 28.4, 28.4], [28.6, 28.6, 28.59, 28.59, 28.59, 28.59, 28.59, 28.58, 28.58, 28.58, 28.66, 28.69, 28.73, 28.63, 28.62, 28.6, 28.57, 28.56, 28.56, 28.57], [28.6, 28.6, 28.6, 28.6, 28.6, 28.6, 28.6, 28.6, 28.61, 28.67, 28.68, 28.55, 28.51, 28.47, 28.62, 28.61, 28.59, 28.58, 28.58, 28.58], [28.6, 28.6, 28.6, 28.6, 28.6, 28.6, 28.61, 28.61, 28.63, 28.69, 28.66, 28.59, 28.53, 28.49, 28.63, 28.61, 28.6, 28.59, 28.59, 28.59], [28.6, 28.6, 28.6, 28.6, 28.6, 28.61, 28.61, 28.62, 28.57, 28.61, 28.64, 28.59, 28.54, 28.5, 28.63, 28.62, 28.61, 28.6, 28.6, 28.6], [28.6, 28.6, 28.6, 28.6, 28.61, 28.61, 28.61, 28.62, 28.56, 28.58, 28.59, 28.57, 28.53, 28.5, 28.63, 28.62, 28.62, 28.61, 28.61, 28.61], [28.6, 28.6, 28.6, 28.61, 28.61, 28.61, 28.62, 28.54, 28.55, 28.56, 28.56, 28.54, 28.52, 28.5, 28.64, 28.63, 28.62, 28.62, 28.61, 28.61]]}