gis_exercise/awsData/contour/temp_2023090304.json
{"header": {"refTime": "2023-09-03T04:00:00.000Z", "nx": 21, "ny": 33, "lo1": 113.509, "la1": 22.2235, "lo2": 113.5947, "la2": 22.1034, "dx": 0.0042850000000001385, "dy": 0.003753125000000024, "parameterCategory": 0, "parameterCategoryName": "Temperature", "parameterNumber": 0}, "z": [[26.85, 26.86, 26.86, 26.66, 26.69, 26.92, 26.94, 26.96, 26.97, 26.88, 26.86, 26.84, 26.96, 26.96, 26.97, 26.96, 26.85, 26.84, 26.84, 26.84], [26.85, 26.85, 26.86, 26.87, 26.68, 26.72, 26.95, 26.98, 27.0, 26.91, 26.87, 26.84, 26.96, 26.95, 26.97, 26.85, 26.85, 26.84, 26.84, 26.84], [26.84, 26.85, 26.85, 26.86, 26.67, 26.71, 26.77, 26.99, 27.08, 26.94, 26.86, 26.84, 26.96, 26.95, 26.87, 26.86, 26.85, 26.84, 26.84, 26.83], [26.84, 26.84, 26.84, 26.85, 26.86, 26.68, 26.73, 26.81, 26.88, 26.88, 26.83, 26.84, 26.96, 26.75, 26.87, 26.85, 26.84, 26.84, 26.83, 26.83], [26.84, 26.84, 26.84, 26.84, 26.84, 26.64, 26.66, 26.68, 26.68, 26.78, 26.77, 26.77, 26.9, 26.78, 26.87, 26.85, 26.84, 26.83, 26.83, 26.83], [26.83, 26.83, 26.83, 26.82, 26.82, 26.81, 26.59, 26.58, 26.55, 26.51, 26.57, 26.7, 26.81, 26.9, 26.85, 26.84, 26.83, 26.82, 26.82, 26.82], [26.72, 26.83, 26.82, 26.82, 26.8, 26.78, 26.5, 26.52, 26.48, 26.35, 26.33, 26.58, 26.83, 26.85, 26.84, 26.83, 26.81, 26.81, 26.84, 26.85], [26.73, 26.73, 26.73, 26.73, 26.72, 26.56, 26.52, 26.49, 26.47, 26.33, 26.2, 26.52, 26.52, 26.85, 26.76, 26.75, 26.77, 26.78, 26.77, 26.76], [26.67, 26.68, 26.75, 26.75, 26.76, 26.74, 26.69, 26.51, 26.37, 26.37, 26.33, 26.42, 26.46, 26.4, 26.76, 26.75, 26.76, 26.77, 26.76, 26.76], [26.9, 26.9, 26.9, 26.71, 26.74, 26.81, 26.76, 26.69, 26.27, 26.29, 26.46, 26.36, 26.4, 26.38, 26.76, 26.74, 26.75, 26.76, 26.76, 26.75], [26.9, 26.9, 26.9, 26.9, 26.9, 26.9, 26.9, 26.9, 26.76, 26.36, 26.1, 26.33, 26.36, 26.36, 26.76, 26.74, 26.75, 26.75, 26.75, 26.75], [26.9, 26.9, 26.9, 26.9, 26.9, 26.9, 26.9, 26.9, 26.9, -999.0, 26.1, 26.7, 26.7, 26.34, 26.76, 26.74, 26.74, 26.17, 26.19, 26.19], [26.9, 26.9, 26.9, 26.9, 26.9, 26.9, 26.9, 26.9, 26.9, 26.9, -999.0, 26.7, 26.7, 26.05, 26.33, 26.4, 26.41, 26.27, 26.29, 26.3], [26.9, 26.9, 26.9, 26.9, 26.9, 26.9, 26.9, 26.9, 26.9, 26.9, -999.0, 25.7, 25.7, 25.7, 26.25, 26.31, 26.33, 26.19, 26.22, 26.24], [26.9, 26.9, 26.9, 26.9, 26.9, 26.9, 26.9, 26.9, 26.9, 26.9, 26.9, 26.44, 25.7, 25.7, 25.7, 26.2, 26.24, 26.11, 26.15, 26.18], [26.9, 26.9, 26.9, 26.9, 26.9, 26.9, 26.9, 26.9, 26.9, 26.9, 26.14, 26.23, 26.11, 26.02, 26.13, 26.1, 26.16, 26.06, 26.29, 26.33], [26.9, 26.9, 26.9, 26.9, 26.9, 26.9, 26.9, 26.9, 26.9, 26.9, 26.38, 26.24, 26.08, 25.93, 25.97, 25.93, 26.01, 26.07, 26.11, 26.14], [26.9, 26.9, 26.9, 26.9, 26.9, 26.9, 26.9, 26.9, 26.9, 26.6, 26.43, 26.25, 26.07, 25.97, 25.74, 25.9, 26.02, 26.09, 26.14, 26.16], [26.9, 26.9, 26.9, 26.9, 26.9, 26.9, 26.9, 26.9, 26.79, 26.67, 26.52, 26.37, 26.23, 26.07, 25.89, 25.97, 26.07, 26.13, 26.17, 26.19], [26.9, 26.9, 26.79, 26.79, 26.8, 26.81, 26.83, 26.87, 26.77, 26.66, 26.53, 26.4, 26.3, 26.21, 26.04, 26.09, 26.15, 26.19, 26.22, 26.23], [26.78, 26.78, 26.78, 26.82, 26.82, 26.83, 26.83, 26.84, 26.67, 26.61, 26.53, 26.44, 26.37, 26.13, 26.16, 26.2, 26.24, 26.26, 26.27, 26.26], [26.81, 26.81, 26.81, 26.81, 26.81, 26.81, 26.82, 26.83, 26.62, 26.59, 26.54, 26.47, 26.38, 26.21, 26.25, 26.3, 26.34, 26.34, 26.32, 26.3], [26.8, 26.8, 26.8, 26.83, 26.83, 26.82, 26.82, 26.81, 26.8, 26.8, 26.8, 26.79, 26.56, 26.26, 26.31, 26.38, 26.45, 26.41, 26.35, 26.32], [26.83, 26.83, 26.83, 26.82, 26.82, 26.82, 26.81, 26.8, 26.78, 26.77, 26.78, 26.77, 26.56, 26.54, 26.52, 26.42, 26.62, 26.4, 26.35, 26.32], [26.83, 26.83, 26.82, 26.82, 26.82, 26.81, 26.8, 26.78, 26.76, 26.73, 26.77, 26.77, 26.79, 26.53, 26.51, 26.49, 26.35, 26.27, 26.32, 26.32], [26.83, 26.83, 26.82, 26.82, 26.82, 26.81, 26.8, 26.79, 26.76, 26.74, 26.76, 26.78, 26.79, 26.53, 26.5, 26.5, 26.45, 26.42, 26.32, 26.31], [26.83, 26.83, 26.82, 26.82, 26.82, 26.81, 26.81, 26.8, 26.79, 26.79, 26.79, 26.8, 26.8, 26.61, 26.57, 26.53, 26.49, 26.48, 26.48, 26.49], [26.83, 26.83, 26.82, 26.82, 26.82, 26.82, 26.82, 26.81, 26.82, 26.82, 26.83, 26.72, 26.67, 26.61, 26.59, 26.55, 26.53, 26.51, 26.51, 26.51], [26.83, 26.83, 26.83, 26.82, 26.82, 26.82, 26.82, 26.83, 26.84, 26.85, 26.85, 26.76, 26.69, 26.63, 26.61, 26.58, 26.55, 26.54, 26.53, 26.53], [26.83, 26.83, 26.83, 26.83, 26.83, 26.83, 26.83, 26.83, 26.75, 26.8, 26.82, 26.76, 26.7, 26.65, 26.63, 26.6, 26.57, 26.56, 26.55, 26.54], [26.83, 26.83, 26.83, 26.83, 26.83, 26.83, 26.83, 26.84, 26.74, 26.76, 26.76, 26.74, 26.69, 26.65, 26.64, 26.61, 26.59, 26.57, 26.56, 26.56], [26.83, 26.83, 26.83, 26.83, 26.83, 26.83, 26.83, 26.7, 26.72, 26.73, 26.72, 26.71, 26.68, 26.65, 26.64, 26.62, 26.6, 26.58, 26.57, 26.57]]}