gis_exercise/awsData/contour/temp_2023090908.json
{"header": {"refTime": "2023-09-09T08:00:00.000Z", "nx": 21, "ny": 33, "lo1": 113.509, "la1": 22.2235, "lo2": 113.5947, "la2": 22.1034, "dx": 0.0042850000000001385, "dy": 0.003753125000000024, "parameterCategory": 0, "parameterCategoryName": "Temperature", "parameterNumber": 0}, "z": [[24.89, 24.88, 24.88, 24.64, 24.65, 24.87, 24.87, 24.86, 24.87, 24.8, 24.82, 24.83, 25.03, 25.04, 25.05, 25.06, 25.14, 25.14, 25.13, 25.13], [24.89, 24.89, 24.88, 24.87, 24.65, 24.66, 24.86, 24.85, 24.85, 24.8, 24.82, 24.84, 25.04, 25.06, 25.06, 25.14, 25.14, 25.13, 25.13, 25.13], [24.9, 24.89, 24.88, 24.88, 24.65, 24.66, 24.68, 24.84, 24.81, 24.8, 24.83, 24.87, 25.07, 25.08, 25.15, 25.14, 25.14, 25.13, 25.13, 25.13], [24.9, 24.9, 24.89, 24.88, 24.87, 24.65, 24.67, 24.69, 24.72, 24.8, 24.83, 24.9, 25.1, 25.0, 25.15, 25.14, 25.13, 25.13, 25.13, 25.13], [24.91, 24.9, 24.9, 24.89, 24.88, 24.64, 24.65, 24.65, 24.65, 24.77, 24.82, 25.0, 25.12, 25.03, 25.15, 25.14, 25.13, 25.13, 25.12, 25.12], [24.92, 24.91, 24.91, 24.9, 24.89, 24.87, 24.63, 24.63, 24.61, 24.57, 24.83, 24.95, 25.05, 25.17, 25.14, 25.13, 25.12, 25.12, 25.12, 25.12], [24.98, 24.93, 24.92, 24.92, 24.91, 24.89, 24.72, 24.62, 24.6, 24.59, 24.58, 24.86, 25.14, 25.15, 25.13, 25.13, 25.11, 25.11, 25.12, 25.12], [24.99, 24.99, 24.99, 24.99, 24.98, 24.8, 24.75, 24.7, 24.68, 24.56, 24.43, 24.85, 24.86, 25.15, 25.1, 25.1, 25.1, 25.1, 25.1, 25.1], [24.91, 24.92, 25.01, 25.02, 25.02, 25.0, 24.94, 24.73, 24.57, 24.62, 24.61, 24.73, 24.78, 24.71, 25.1, 25.1, 25.1, 25.1, 25.1, 25.1], [25.2, 25.2, 25.2, 24.97, 25.0, 25.09, 25.03, 24.94, 24.47, 24.49, 24.79, 24.65, 24.7, 24.67, 25.1, 25.1, 25.1, 25.1, 25.1, 25.1], [25.2, 25.2, 25.2, 25.2, 25.2, 25.2, 25.2, 25.2, 25.02, 24.56, 24.3, 24.6, 24.64, 24.64, 25.1, 25.1, 25.1, 25.1, 25.1, 25.1], [25.2, 25.2, 25.2, 25.2, 25.2, 25.2, 25.2, 25.2, 25.2, -999.0, 24.3, 25.1, 25.1, 24.62, 25.1, 25.1, 25.1, 24.53, 24.55, 24.55], [25.2, 25.2, 25.2, 25.2, 25.2, 25.2, 25.2, 25.2, 25.2, 25.2, -999.0, 25.1, 25.1, 24.45, 24.73, 24.74, 24.74, 24.62, 24.64, 24.65], [25.2, 25.2, 25.2, 25.2, 25.2, 25.2, 25.2, 25.2, 25.2, 25.2, -999.0, 24.1, 24.1, 24.1, 24.65, 24.65, 24.67, 24.54, 24.57, 24.59], [25.2, 25.2, 25.2, 25.2, 25.2, 25.2, 25.2, 25.1, 25.1, 25.1, 25.1, 24.72, 24.1, 24.1, 24.1, 24.56, 24.59, 24.47, 24.51, 24.54], [25.2, 25.2, 25.14, 25.14, 25.13, 25.1, 25.1, 25.1, 25.1, 25.1, 24.47, 24.54, 24.45, 24.36, 24.46, 24.5, 24.56, 24.46, 24.66, 24.7], [25.14, 25.14, 25.16, 25.16, 25.1, 25.1, 25.1, 25.1, 25.1, 25.1, 24.67, 24.55, 24.42, 24.3, 24.34, 24.37, 24.46, 24.54, 24.59, 24.63], [25.16, 25.16, 25.16, 25.16, 25.1, 25.1, 25.1, 25.1, 25.1, 24.85, 24.71, 24.56, 24.41, 24.35, 24.14, 24.34, 24.47, 24.56, 24.62, 24.65], [25.16, 25.16, 25.16, 25.1, 25.1, 25.1, 25.1, 25.1, 25.01, 24.91, 24.83, 24.71, 24.57, 24.43, 24.32, 24.42, 24.53, 24.61, 24.66, 24.69], [25.16, 25.16, 25.16, 25.15, 25.15, 25.15, 25.14, 25.12, 25.02, 24.95, 24.85, 24.75, 24.64, 24.57, 24.5, 24.56, 24.63, 24.68, 24.71, 24.73], [25.16, 25.16, 25.16, 25.14, 25.14, 25.14, 25.13, 25.13, 24.97, 24.93, 24.87, 24.79, 24.71, 24.61, 24.64, 24.69, 24.73, 24.76, 24.77, 24.77], [25.15, 25.15, 25.15, 25.14, 25.14, 25.14, 25.14, 25.17, 24.96, 24.94, 24.9, 24.84, 24.81, 24.7, 24.74, 24.8, 24.84, 24.85, 24.83, 24.81], [25.15, 25.15, 25.15, 25.19, 25.19, 25.18, 25.18, 25.18, 25.19, 25.19, 25.19, 25.17, 25.08, 24.76, 24.82, 24.89, 24.95, 24.93, 24.88, 24.84], [25.19, 25.19, 25.19, 25.19, 25.19, 25.19, 25.19, 25.19, 25.2, 25.2, 25.2, 25.22, 25.08, 25.07, 25.05, 24.93, 25.08, 24.95, 24.89, 24.86], [25.2, 25.2, 25.2, 25.2, 25.2, 25.2, 25.2, 25.2, 25.2, 25.2, 25.21, 25.23, 25.23, 25.06, 25.05, 25.03, 24.92, 24.88, 24.88, 24.86], [25.2, 25.2, 25.2, 25.2, 25.2, 25.21, 25.21, 25.21, 25.21, 25.21, 25.23, 25.23, 25.23, 25.06, 25.04, 25.04, 25.01, 24.99, 24.87, 24.85], [25.2, 25.2, 25.2, 25.21, 25.21, 25.21, 25.21, 25.22, 25.22, 25.22, 25.24, 25.24, 25.24, 25.11, 25.08, 25.05, 25.03, 25.02, 25.02, 25.03], [25.2, 25.21, 25.21, 25.21, 25.21, 25.22, 25.22, 25.23, 25.23, 25.26, 25.26, 25.2, 25.16, 25.12, 25.09, 25.07, 25.05, 25.04, 25.04, 25.04], [25.21, 25.21, 25.21, 25.21, 25.22, 25.22, 25.23, 25.23, 25.25, 25.27, 25.27, 25.22, 25.18, 25.14, 25.11, 25.09, 25.07, 25.06, 25.05, 25.05], [25.21, 25.21, 25.21, 25.22, 25.22, 25.22, 25.23, 25.24, 25.21, 25.24, 25.26, 25.22, 25.18, 25.15, 25.12, 25.1, 25.08, 25.07, 25.07, 25.06], [25.21, 25.21, 25.21, 25.22, 25.22, 25.22, 25.23, 25.24, 25.2, 25.22, 25.22, 25.2, 25.18, 25.15, 25.13, 25.11, 25.09, 25.08, 25.08, 25.07], [25.21, 25.21, 25.22, 25.22, 25.22, 25.23, 25.23, 25.19, 25.19, 25.2, 25.2, 25.19, 25.17, 25.15, 25.13, 25.11, 25.1, 25.09, 25.08, 25.08]]}