gis_exercise/awsData/contour/temp_2023090711.json
{"header": {"refTime": "2023-09-07T11:00:00.000Z", "nx": 21, "ny": 33, "lo1": 113.509, "la1": 22.2235, "lo2": 113.5947, "la2": 22.1034, "dx": 0.0042850000000001385, "dy": 0.003753125000000024, "parameterCategory": 0, "parameterCategoryName": "Temperature", "parameterNumber": 0}, "z": [[28.37, 28.35, 28.34, 27.86, 27.88, 28.12, 28.12, 28.12, 28.12, 28.0, 27.99, 27.99, 28.18, 28.18, 28.13, 28.11, 28.1, 28.1, 28.09, 28.08], [28.38, 28.36, 28.35, 28.33, 27.88, 27.89, 28.12, 28.12, 28.12, 28.01, 28.0, 28.0, 28.19, 28.19, 28.13, 28.11, 28.1, 28.09, 28.08, 28.08], [28.39, 28.37, 28.36, 28.34, 27.87, 27.89, 27.92, 28.11, 28.1, 28.02, 28.0, 28.01, 28.2, 28.2, 28.14, 28.11, 28.09, 28.08, 28.07, 28.07], [28.4, 28.39, 28.37, 28.35, 28.32, 27.88, 27.9, 27.94, 27.98, 27.99, 27.99, 28.04, 28.22, 28.06, 28.14, 28.11, 28.08, 28.06, 28.06, 28.06], [28.42, 28.41, 28.4, 28.37, 28.35, 27.86, 27.87, 27.88, 27.87, 27.92, 27.95, 28.07, 28.2, 28.09, 28.14, 28.09, 28.06, 28.04, 28.04, 28.04], [28.44, 28.43, 28.42, 28.41, 28.38, 28.34, 27.85, 27.85, 27.82, 27.75, 27.86, 28.0, 28.11, 28.23, 28.12, 28.07, 28.02, 28.0, 28.01, 28.03], [28.61, 28.46, 28.46, 28.45, 28.43, 28.38, 28.1, 27.85, 27.82, 27.7, 27.64, 27.89, 28.19, 28.2, 28.1, 28.05, 27.98, 27.95, 27.97, 28.0], [28.63, 28.63, 28.64, 28.63, 28.61, 28.26, 28.15, 28.03, 27.93, 27.66, 27.45, 27.85, 27.86, 28.2, 27.97, 28.0, 27.95, 27.94, 27.96, 27.98], [28.47, 28.49, 28.68, 28.7, 28.7, 28.66, 28.53, 28.11, 27.78, 27.72, 27.61, 27.73, 27.78, 27.71, 27.98, 28.0, 27.98, 27.97, 27.97, 27.98], [29.1, 29.1, 29.1, 28.59, 28.66, 28.85, 28.72, 28.53, 27.6, 27.64, 27.79, 27.65, 27.7, 27.67, 27.98, 28.01, 28.0, 27.99, 27.99, 27.99], [29.1, 29.1, 29.1, 29.1, 29.1, 29.1, 29.1, 29.1, 28.71, 27.76, 27.3, 27.6, 27.64, 27.64, 27.98, 28.02, 28.01, 28.0, 28.0, 28.0], [29.1, 29.1, 29.1, 29.1, 29.1, 29.1, 29.1, 29.1, 29.1, -999.0, 27.3, 28.1, 28.1, 27.62, 27.98, 28.03, 28.02, 27.39, 27.4, 27.4], [29.1, 29.1, 29.1, 29.1, 29.1, 29.1, 29.1, 29.1, 29.1, 29.1, -999.0, 28.1, 28.1, 27.38, 27.7, 27.57, 27.58, 27.47, 27.48, 27.49], [29.1, 29.1, 29.1, 29.1, 29.1, 29.1, 29.1, 29.1, 29.1, 29.1, -999.0, 27.0, 27.0, 27.0, 27.6, 27.5, 27.51, 27.4, 27.42, 27.44], [29.1, 29.1, 29.1, 29.1, 29.1, 29.1, 29.1, 29.0, 29.0, 29.0, 29.0, 28.23, 27.0, 27.0, 27.0, 27.41, 27.44, 27.34, 27.37, 27.39], [29.1, 29.1, 29.04, 29.04, 29.03, 29.0, 29.0, 29.0, 29.0, 29.0, 27.74, 27.88, 27.69, 27.53, 27.71, 27.18, 27.21, 27.16, 27.37, 27.4], [29.04, 29.04, 29.06, 29.06, 29.0, 29.0, 29.0, 29.0, 29.0, 29.0, 28.14, 27.89, 27.63, 27.39, 27.29, 27.15, 27.2, 27.24, 27.27, 27.29], [29.06, 29.06, 29.06, 29.06, 29.0, 29.0, 29.0, 29.0, 29.0, 28.49, 28.22, 27.92, 27.61, 27.32, 27.04, 27.13, 27.21, 27.25, 27.28, 27.31], [29.06, 29.06, 29.06, 29.0, 29.0, 29.0, 29.0, 29.0, 28.82, 28.61, 28.31, 28.06, 27.64, 27.41, 27.12, 27.17, 27.24, 27.28, 27.31, 27.32], [29.06, 29.06, 28.66, 28.67, 28.7, 28.73, 28.78, 28.9, 28.75, 28.55, 28.33, 28.11, 27.71, 27.55, 27.22, 27.25, 27.29, 27.32, 27.34, 27.35], [28.63, 28.64, 28.65, 28.75, 28.76, 28.78, 28.8, 28.83, 28.55, 28.45, 28.31, 28.16, 27.76, 27.28, 27.29, 27.32, 27.34, 27.36, 27.37, 27.37], [28.72, 28.72, 28.73, 28.73, 28.74, 28.74, 28.75, 28.67, 28.44, 28.38, 28.29, 28.19, 27.62, 27.33, 27.35, 27.38, 27.4, 27.41, 27.4, 27.39], [28.71, 28.71, 28.71, 28.6, 28.61, 28.61, 28.61, 28.6, 28.58, 28.57, 28.56, 28.34, 27.83, 27.36, 27.39, 27.42, 27.45, 27.45, 27.43, 27.41], [28.58, 28.58, 28.58, 28.58, 28.58, 28.57, 28.56, 28.54, 28.51, 28.5, 28.51, 28.15, 27.85, 27.75, 27.67, 27.44, 27.48, 27.47, 27.45, 27.43], [28.57, 28.57, 28.57, 28.56, 28.55, 28.54, 28.52, 28.5, 28.46, 28.43, 28.46, 28.18, 28.1, 27.77, 27.68, 27.6, 27.47, 27.48, 27.45, 27.43], [28.56, 28.56, 28.55, 28.54, 28.53, 28.52, 28.5, 28.48, 28.45, 28.43, 28.27, 28.19, 28.12, 27.78, 27.7, 27.62, 27.58, 27.57, 27.44, 27.43], [28.55, 28.55, 28.54, 28.53, 28.52, 28.5, 28.48, 28.46, 28.44, 28.43, 28.25, 28.2, 28.14, 27.79, 27.72, 27.67, 27.63, 27.62, 27.62, 27.63], [28.54, 28.54, 28.53, 28.52, 28.51, 28.49, 28.47, 28.45, 28.43, 28.25, 28.25, 28.21, 28.16, 28.1, 27.76, 27.71, 27.67, 27.65, 27.65, 27.65], [28.54, 28.53, 28.52, 28.51, 28.5, 28.48, 28.46, 28.44, 28.41, 28.26, 28.28, 28.23, 28.17, 28.11, 27.8, 27.75, 27.71, 27.69, 27.68, 27.67], [28.53, 28.52, 28.51, 28.5, 28.49, 28.48, 28.46, 28.44, 28.23, 28.25, 28.26, 28.22, 28.17, 28.12, 27.83, 27.78, 27.74, 27.72, 27.7, 27.69], [28.53, 28.52, 28.51, 28.5, 28.49, 28.47, 28.46, 28.44, 28.22, 28.23, 28.22, 28.2, 28.17, 28.13, 27.84, 27.8, 27.77, 27.74, 27.72, 27.71], [28.52, 28.52, 28.51, 28.5, 28.49, 28.48, 28.46, 28.2, 28.2, 28.2, 28.2, 28.18, 28.16, 28.13, 27.85, 27.81, 27.78, 27.76, 27.74, 27.73]]}