gis_exercise/awsData/contour/temp_2023090705.json
{"header": {"refTime": "2023-09-07T05:00:00.000Z", "nx": 21, "ny": 33, "lo1": 113.509, "la1": 22.2235, "lo2": 113.5947, "la2": 22.1034, "dx": 0.0042850000000001385, "dy": 0.003753125000000024, "parameterCategory": 0, "parameterCategoryName": "Temperature", "parameterNumber": 0}, "z": [[27.41, 27.39, 27.37, 27.11, 27.1, 27.29, 27.25, 27.22, 27.21, 27.16, 27.23, 27.3, 27.49, 27.53, 27.5, 27.5, 27.74, 27.73, 27.72, 27.72], [27.42, 27.4, 27.38, 27.35, 27.1, 27.08, 27.22, 27.14, 27.1, 27.11, 27.23, 27.33, 27.53, 27.57, 27.53, 27.76, 27.74, 27.72, 27.71, 27.71], [27.44, 27.42, 27.4, 27.37, 27.11, 27.09, 27.04, 27.09, 26.87, 27.06, 27.25, 27.39, 27.6, 27.63, 27.78, 27.75, 27.73, 27.71, 27.7, 27.7], [27.46, 27.44, 27.43, 27.4, 27.37, 27.11, 27.08, 27.02, 26.96, 27.13, 27.31, 27.49, 27.71, 27.75, 27.79, 27.75, 27.71, 27.69, 27.69, 27.68], [27.48, 27.47, 27.46, 27.44, 27.41, 27.16, 27.14, 27.12, 27.1, 27.23, 27.38, 27.77, 27.9, 27.78, 27.78, 27.73, 27.69, 27.67, 27.66, 27.67], [27.5, 27.5, 27.5, 27.49, 27.47, 27.45, 27.21, 27.22, 27.22, 27.19, 27.57, 27.7, 27.81, 27.9, 27.76, 27.7, 27.65, 27.62, 27.63, 27.65], [27.82, 27.54, 27.54, 27.54, 27.53, 27.52, 27.57, 27.33, 27.34, 27.39, 27.35, 27.58, 27.83, 27.85, 27.74, 27.67, 27.59, 27.56, 27.59, 27.62], [27.83, 27.83, 27.83, 27.83, 27.82, 27.64, 27.6, 27.57, 27.55, 27.36, 27.21, 27.52, 27.52, 27.85, 27.57, 27.6, 27.55, 27.54, 27.56, 27.58], [27.77, 27.78, 27.85, 27.85, 27.86, 27.84, 27.79, 27.59, 27.44, 27.41, 27.33, 27.42, 27.46, 27.4, 27.58, 27.6, 27.58, 27.57, 27.57, 27.58], [28.0, 28.0, 28.0, 27.81, 27.84, 27.91, 27.86, 27.79, 27.32, 27.34, 27.46, 27.36, 27.4, 27.38, 27.58, 27.61, 27.6, 27.59, 27.59, 27.59], [28.0, 28.0, 28.0, 28.0, 28.0, 28.0, 28.0, 28.0, 27.86, 27.43, 27.1, 27.33, 27.36, 27.36, 27.58, 27.62, 27.61, 27.6, 27.6, 27.6], [28.0, 28.0, 28.0, 28.0, 28.0, 28.0, 28.0, 28.0, 28.0, -999.0, 27.1, 27.7, 27.7, 27.34, 27.58, 27.63, 27.62, 26.93, 26.95, 26.95], [28.0, 28.0, 28.0, 28.0, 28.0, 28.0, 28.0, 28.0, 28.0, 28.0, -999.0, 27.7, 27.7, 26.92, 27.26, 27.14, 27.14, 27.02, 27.04, 27.05], [28.0, 28.0, 28.0, 28.0, 28.0, 28.0, 28.0, 28.0, 28.0, 28.0, -999.0, 26.5, 26.5, 26.5, 27.16, 27.05, 27.07, 26.94, 26.97, 26.99], [28.0, 28.0, 28.0, 28.0, 28.0, 28.0, 28.0, 27.7, 27.7, 27.7, 27.7, 27.24, 26.5, 26.5, 26.5, 26.96, 26.99, 26.87, 26.91, 26.94], [28.0, 28.0, 27.81, 27.81, 27.8, 27.7, 27.7, 27.7, 27.7, 27.7, 26.94, 27.03, 26.91, 26.82, 26.93, 27.05, 27.13, 26.99, 27.17, 27.22], [27.81, 27.81, 27.89, 27.89, 27.7, 27.7, 27.7, 27.7, 27.7, 27.7, 27.18, 27.04, 26.88, 26.73, 26.81, 26.82, 26.93, 27.02, 27.08, 27.12], [27.89, 27.89, 27.88, 27.88, 27.7, 27.7, 27.7, 27.7, 27.7, 27.4, 27.23, 27.05, 26.87, 26.82, 26.55, 26.78, 26.94, 27.04, 27.11, 27.15], [27.89, 27.88, 27.88, 27.7, 27.7, 27.7, 27.7, 27.7, 27.59, 27.47, 27.3, 27.15, 27.1, 26.93, 26.76, 26.88, 27.01, 27.1, 27.16, 27.19], [27.88, 27.88, 27.53, 27.54, 27.55, 27.56, 27.59, 27.65, 27.55, 27.44, 27.31, 27.18, 27.19, 27.1, 26.97, 27.04, 27.13, 27.19, 27.22, 27.24], [27.52, 27.52, 27.53, 27.58, 27.58, 27.59, 27.6, 27.61, 27.44, 27.39, 27.3, 27.21, 27.28, 27.1, 27.14, 27.2, 27.26, 27.29, 27.29, 27.29], [27.56, 27.56, 27.56, 27.57, 27.57, 27.57, 27.57, 27.65, 27.38, 27.35, 27.3, 27.23, 27.27, 27.21, 27.26, 27.34, 27.39, 27.39, 27.36, 27.33], [27.55, 27.55, 27.55, 27.67, 27.66, 27.65, 27.64, 27.63, 27.61, 27.61, 27.62, 27.65, 27.51, 27.28, 27.35, 27.45, 27.55, 27.49, 27.41, 27.36], [27.68, 27.68, 27.67, 27.67, 27.66, 27.65, 27.63, 27.61, 27.57, 27.56, 27.59, 27.7, 27.5, 27.53, 27.56, 27.5, 27.76, 27.48, 27.41, 27.37], [27.68, 27.68, 27.67, 27.67, 27.66, 27.65, 27.63, 27.59, 27.53, 27.48, 27.56, 27.69, 27.75, 27.52, 27.54, 27.54, 27.42, 27.32, 27.38, 27.37], [27.68, 27.68, 27.68, 27.67, 27.67, 27.66, 27.64, 27.61, 27.55, 27.5, 27.62, 27.71, 27.76, 27.51, 27.52, 27.6, 27.54, 27.5, 27.37, 27.36], [27.69, 27.69, 27.68, 27.68, 27.68, 27.67, 27.66, 27.65, 27.63, 27.64, 27.72, 27.76, 27.79, 27.71, 27.66, 27.62, 27.58, 27.56, 27.57, 27.58], [27.69, 27.69, 27.69, 27.69, 27.69, 27.69, 27.69, 27.7, 27.72, 27.79, 27.83, 27.69, 27.62, 27.56, 27.69, 27.65, 27.62, 27.6, 27.6, 27.6], [27.7, 27.7, 27.7, 27.7, 27.7, 27.71, 27.72, 27.74, 27.78, 27.88, 27.91, 27.77, 27.67, 27.6, 27.71, 27.67, 27.65, 27.63, 27.62, 27.62], [27.7, 27.7, 27.7, 27.71, 27.71, 27.72, 27.73, 27.76, 27.73, 27.82, 27.87, 27.78, 27.69, 27.62, 27.73, 27.69, 27.67, 27.65, 27.64, 27.64], [27.7, 27.71, 27.71, 27.71, 27.72, 27.73, 27.74, 27.77, 27.71, 27.76, 27.77, 27.73, 27.67, 27.62, 27.74, 27.71, 27.68, 27.67, 27.66, 27.65], [27.71, 27.71, 27.71, 27.72, 27.72, 27.73, 27.75, 27.66, 27.69, 27.71, 27.71, 27.69, 27.66, 27.62, 27.74, 27.72, 27.7, 27.68, 27.67, 27.66]]}