gis_exercise/awsData/contour/temp_2023091219.json
{"header": {"refTime": "2023-09-12T19:00:00.000Z", "nx": 21, "ny": 33, "lo1": 113.509, "la1": 22.2235, "lo2": 113.5947, "la2": 22.1034, "dx": 0.0042850000000001385, "dy": 0.003753125000000024, "parameterCategory": 0, "parameterCategoryName": "Temperature", "parameterNumber": 0}, "z": [[27.6, 27.59, 27.59, 27.36, 27.37, 27.59, 27.6, 27.6, 27.61, 27.56, 27.56, 27.57, 27.74, 27.75, 27.67, 27.65, 27.67, 27.66, 27.65, 27.64], [27.6, 27.59, 27.59, 27.59, 27.37, 27.39, 27.59, 27.6, 27.61, 27.57, 27.57, 27.58, 27.75, 27.76, 27.67, 27.68, 27.66, 27.65, 27.64, 27.63], [27.6, 27.6, 27.59, 27.59, 27.36, 27.38, 27.41, 27.6, 27.6, 27.57, 27.57, 27.6, 27.77, 27.78, 27.71, 27.68, 27.65, 27.64, 27.63, 27.62], [27.6, 27.6, 27.59, 27.59, 27.58, 27.37, 27.39, 27.44, 27.48, 27.55, 27.57, 27.63, 27.8, 27.68, 27.71, 27.67, 27.64, 27.62, 27.61, 27.61], [27.61, 27.6, 27.6, 27.59, 27.58, 27.34, 27.36, 27.37, 27.37, 27.51, 27.55, 27.69, 27.81, 27.71, 27.71, 27.65, 27.61, 27.59, 27.58, 27.59], [27.61, 27.61, 27.61, 27.6, 27.58, 27.56, 27.32, 27.31, 27.3, 27.26, 27.5, 27.62, 27.73, 27.83, 27.69, 27.63, 27.56, 27.54, 27.55, 27.57], [27.63, 27.62, 27.62, 27.61, 27.6, 27.57, 27.37, 27.28, 27.26, 27.24, 27.24, 27.52, 27.79, 27.8, 27.67, 27.6, 27.5, 27.47, 27.49, 27.52], [27.64, 27.65, 27.65, 27.64, 27.63, 27.46, 27.4, 27.33, 27.29, 27.21, 27.11, 27.48, 27.49, 27.8, 27.51, 27.54, 27.48, 27.45, 27.49, 27.52], [27.56, 27.57, 27.67, 27.68, 27.68, 27.66, 27.59, 27.38, 27.2, 27.26, 27.27, 27.37, 27.42, 27.36, 27.52, 27.56, 27.52, 27.5, 27.51, 27.53], [27.9, 27.9, 27.9, 27.62, 27.66, 27.76, 27.69, 27.59, 27.13, 27.15, 27.43, 27.31, 27.35, 27.33, 27.52, 27.57, 27.54, 27.53, 27.53, 27.54], [27.9, 27.9, 27.9, 27.9, 27.9, 27.9, 27.9, 27.9, 27.69, 27.2, 27.0, 27.27, 27.3, 27.3, 27.52, 27.58, 27.56, 27.55, 27.55, 27.55], [27.9, 27.9, 27.9, 27.9, 27.9, 27.9, 27.9, 27.9, 27.9, -999.0, 27.0, 27.7, 27.7, 27.28, 27.51, 27.59, 27.58, 26.95, 26.96, 26.96], [27.9, 27.9, 27.9, 27.9, 27.9, 27.9, 27.9, 27.9, 27.9, 27.9, -999.0, 27.7, 27.7, 26.98, 27.3, 27.11, 27.11, 27.02, 27.03, 27.04], [27.9, 27.9, 27.9, 27.9, 27.9, 27.9, 27.9, 27.9, 27.9, 27.9, -999.0, 26.6, 26.6, 26.6, 27.2, 27.04, 27.05, 26.95, 26.98, 26.99], [27.9, 27.9, 27.9, 27.9, 27.9, 27.9, 27.9, 27.8, 27.8, 27.8, 27.8, 27.34, 26.6, 26.6, 26.6, 26.97, 26.99, 26.9, 26.93, 26.95], [27.9, 27.9, 27.84, 27.84, 27.83, 27.8, 27.8, 27.8, 27.8, 27.8, 27.04, 27.13, 27.01, 26.92, 27.03, 26.78, 26.81, 26.76, 26.94, 26.97], [27.84, 27.84, 27.86, 27.86, 27.8, 27.8, 27.8, 27.8, 27.8, 27.8, 27.28, 27.14, 26.98, 26.83, 26.8, 26.73, 26.78, 26.82, 26.85, 26.86], [27.86, 27.86, 27.86, 27.86, 27.8, 27.8, 27.8, 27.8, 27.8, 27.5, 27.33, 27.15, 26.97, 26.81, 26.63, 26.72, 26.79, 26.83, 26.86, 26.88], [27.86, 27.86, 27.86, 27.8, 27.8, 27.8, 27.8, 27.8, 27.69, 27.57, 27.38, 27.23, 27.02, 26.88, 26.71, 26.76, 26.81, 26.85, 26.88, 26.89], [27.86, 27.86, 27.57, 27.58, 27.6, 27.62, 27.65, 27.73, 27.64, 27.52, 27.39, 27.26, 27.07, 26.97, 26.8, 26.83, 26.86, 26.89, 26.9, 26.91], [27.56, 27.56, 27.57, 27.63, 27.64, 27.65, 27.67, 27.69, 27.52, 27.46, 27.37, 27.28, 27.11, 26.85, 26.87, 26.89, 26.91, 26.93, 26.93, 26.93], [27.61, 27.62, 27.62, 27.62, 27.62, 27.63, 27.63, 27.73, 27.45, 27.41, 27.36, 27.3, 27.02, 26.9, 26.92, 26.94, 26.96, 26.97, 26.96, 26.96], [27.61, 27.61, 27.61, 27.76, 27.75, 27.74, 27.72, 27.7, 27.69, 27.68, 27.69, 27.44, 27.18, 26.93, 26.95, 26.99, 27.01, 27.01, 26.99, 26.97], [27.77, 27.77, 27.76, 27.76, 27.75, 27.73, 27.71, 27.67, 27.63, 27.62, 27.65, 27.53, 27.19, 27.15, 27.12, 27.01, 27.06, 27.02, 27.0, 26.98], [27.78, 27.77, 27.77, 27.76, 27.75, 27.73, 27.7, 27.66, 27.57, 27.5, 27.61, 27.55, 27.54, 27.16, 27.12, 27.09, 27.02, 27.01, 27.0, 26.98], [27.78, 27.78, 27.77, 27.77, 27.76, 27.74, 27.72, 27.68, 27.6, 27.53, 27.56, 27.6, 27.58, 27.16, 27.13, 27.22, 27.16, 27.15, 26.99, 26.98], [27.78, 27.78, 27.78, 27.77, 27.77, 27.76, 27.75, 27.73, 27.71, 27.72, 27.68, 27.68, 27.65, 27.46, 27.36, 27.28, 27.23, 27.21, 27.21, 27.23], [27.79, 27.79, 27.79, 27.79, 27.79, 27.79, 27.79, 27.8, 27.82, 27.81, 27.85, 27.79, 27.7, 27.61, 27.43, 27.35, 27.3, 27.27, 27.26, 27.26], [27.79, 27.8, 27.8, 27.8, 27.8, 27.81, 27.82, 27.85, 27.91, 27.96, 28.08, 27.89, 27.76, 27.66, 27.48, 27.4, 27.35, 27.32, 27.3, 27.3], [27.8, 27.8, 27.8, 27.81, 27.82, 27.83, 27.85, 27.88, 27.84, 27.95, 28.02, 27.9, 27.78, 27.69, 27.52, 27.45, 27.4, 27.36, 27.34, 27.33], [27.8, 27.81, 27.81, 27.82, 27.83, 27.84, 27.86, 27.89, 27.82, 27.88, 27.89, 27.84, 27.77, 27.69, 27.54, 27.48, 27.43, 27.39, 27.37, 27.36], [27.81, 27.81, 27.82, 27.82, 27.83, 27.85, 27.86, 27.75, 27.79, 27.81, 27.82, 27.79, 27.74, 27.69, 27.55, 27.5, 27.45, 27.42, 27.4, 27.38]]}