gis_exercise/awsData/contour/temp_2023090700.json
{"header": {"refTime": "2023-09-07T00:00:00.000Z", "nx": 21, "ny": 33, "lo1": 113.509, "la1": 22.2235, "lo2": 113.5947, "la2": 22.1034, "dx": 0.0042850000000001385, "dy": 0.003753125000000024, "parameterCategory": 0, "parameterCategoryName": "Temperature", "parameterNumber": 0}, "z": [[27.97, 27.95, 27.92, 27.54, 27.52, 27.88, 27.84, 27.8, 27.8, 27.7, 27.79, 27.87, 28.13, 28.17, 28.22, 28.23, 28.44, 28.42, 28.41, 28.4], [27.98, 27.96, 27.94, 27.9, 27.53, 27.51, 27.8, 27.71, 27.66, 27.65, 27.79, 27.91, 28.18, 28.23, 28.26, 28.46, 28.43, 28.41, 28.4, 28.39], [28.0, 27.98, 27.96, 27.92, 27.54, 27.52, 27.48, 27.64, 27.39, 27.6, 27.82, 28.0, 28.28, 28.3, 28.5, 28.46, 28.43, 28.4, 28.39, 28.38], [28.02, 28.01, 27.99, 27.96, 27.92, 27.54, 27.51, 27.46, 27.42, 27.67, 27.89, 28.14, 28.44, 28.4, 28.51, 28.45, 28.41, 28.38, 28.37, 28.37], [28.05, 28.04, 28.03, 28.0, 27.97, 27.58, 27.57, 27.55, 27.53, 27.76, 27.96, 28.43, 28.7, 28.46, 28.5, 28.43, 28.38, 28.35, 28.35, 28.35], [28.08, 28.08, 28.07, 28.06, 28.03, 28.0, 27.63, 27.64, 27.62, 27.57, 28.07, 28.29, 28.51, 28.63, 28.46, 28.39, 28.33, 28.31, 28.32, 28.33], [28.43, 28.11, 28.12, 28.12, 28.1, 28.08, 28.05, 27.76, 27.75, 27.73, 27.66, 28.05, 28.44, 28.49, 28.4, 28.35, 28.28, 28.25, 28.33, 28.37], [28.44, 28.45, 28.45, 28.44, 28.43, 28.15, 28.09, 28.04, 28.01, 27.69, 27.46, 27.85, 27.86, 28.5, 28.16, 28.15, 28.17, 28.18, 28.17, 28.16], [28.36, 28.37, 28.47, 28.48, 28.48, 28.46, 28.39, 28.07, 27.85, 27.76, 27.61, 27.73, 27.78, 27.71, 28.16, 28.15, 28.16, 28.17, 28.16, 28.16], [28.7, 28.7, 28.7, 28.42, 28.46, 28.56, 28.49, 28.39, 27.65, 27.69, 27.79, 27.65, 27.7, 27.67, 28.16, 28.14, 28.15, 28.16, 28.16, 28.15], [28.7, 28.7, 28.7, 28.7, 28.7, 28.7, 28.7, 28.7, 28.49, 27.83, 27.3, 27.6, 27.64, 27.64, 28.16, 28.14, 28.15, 28.15, 28.15, 28.15], [28.7, 28.7, 28.7, 28.7, 28.7, 28.7, 28.7, 28.7, 28.7, -999.0, 27.3, 28.1, 28.1, 27.62, 28.16, 28.14, 28.14, 27.69, 27.7, 27.7], [28.7, 28.7, 28.7, 28.7, 28.7, 28.7, 28.7, 28.7, 28.7, 28.7, -999.0, 28.1, 28.1, 27.58, 27.81, 27.87, 27.88, 27.77, 27.78, 27.79], [28.7, 28.7, 28.7, 28.7, 28.7, 28.7, 28.7, 28.7, 28.7, 28.7, -999.0, 27.3, 27.3, 27.3, 27.74, 27.8, 27.81, 27.7, 27.72, 27.74], [28.7, 28.7, 28.7, 28.7, 28.7, 28.7, 28.7, 28.0, 28.0, 28.0, 28.0, 27.73, 27.3, 27.3, 27.3, 27.71, 27.74, 27.64, 27.67, 27.69], [28.7, 28.7, 28.26, 28.25, 28.24, 28.0, 28.0, 28.0, 28.0, 28.0, 27.56, 27.61, 27.54, 27.48, 27.55, 27.56, 27.6, 27.53, 27.72, 27.75], [28.25, 28.25, 28.45, 28.44, 28.0, 28.0, 28.0, 28.0, 28.0, 28.0, 27.7, 27.61, 27.52, 27.44, 27.46, 27.32, 27.33, 27.34, 27.34, 27.34], [28.45, 28.44, 28.43, 28.41, 28.0, 28.0, 28.0, 28.0, 28.0, 27.82, 27.73, 27.62, 27.51, 27.47, 27.32, 27.32, 27.34, 27.34, 27.34, 27.34], [28.44, 28.43, 28.41, 28.0, 28.0, 28.0, 28.0, 28.0, 27.94, 27.86, 27.67, 27.58, 27.62, 27.52, 27.32, 27.33, 27.34, 27.35, 27.35, 27.35], [28.43, 28.42, 27.6, 27.62, 27.65, 27.68, 27.74, 27.88, 27.86, 27.76, 27.66, 27.58, 27.66, 27.61, 27.34, 27.35, 27.36, 27.36, 27.36, 27.35], [27.57, 27.58, 27.6, 27.71, 27.73, 27.75, 27.77, 27.8, 27.73, 27.68, 27.62, 27.56, 27.71, 27.36, 27.36, 27.38, 27.38, 27.38, 27.36, 27.35], [27.67, 27.68, 27.68, 27.69, 27.69, 27.7, 27.7, 27.64, 27.63, 27.6, 27.57, 27.54, 27.52, 27.37, 27.38, 27.41, 27.42, 27.4, 27.37, 27.35], [27.66, 27.66, 27.66, 27.57, 27.57, 27.57, 27.56, 27.55, 27.53, 27.52, 27.51, 27.69, 27.36, 27.37, 27.4, 27.44, 27.5, 27.43, 27.36, 27.33], [27.55, 27.55, 27.55, 27.54, 27.54, 27.53, 27.51, 27.49, 27.45, 27.43, 27.45, 27.47, 27.35, 27.37, 27.39, 27.44, 27.7, 27.33, 27.3, 27.31], [27.54, 27.53, 27.53, 27.52, 27.51, 27.5, 27.47, 27.44, 27.39, 27.35, 27.4, 27.45, 27.51, 27.35, 27.36, 27.36, 27.25, 27.08, 27.24, 27.29], [27.52, 27.52, 27.51, 27.5, 27.49, 27.47, 27.45, 27.42, 27.38, 27.35, 27.38, 27.43, 27.49, 27.34, 27.34, 27.32, 27.26, 27.22, 27.25, 27.28], [27.51, 27.51, 27.5, 27.49, 27.48, 27.46, 27.44, 27.41, 27.39, 27.38, 27.39, 27.42, 27.47, 27.33, 27.32, 27.31, 27.28, 27.27, 27.27, 27.29], [27.51, 27.5, 27.49, 27.48, 27.47, 27.45, 27.43, 27.41, 27.39, 27.37, 27.37, 27.21, 27.17, 27.12, 27.32, 27.31, 27.3, 27.29, 27.29, 27.3], [27.5, 27.49, 27.48, 27.47, 27.46, 27.44, 27.43, 27.4, 27.38, 27.35, 27.28, 27.23, 27.18, 27.14, 27.32, 27.31, 27.31, 27.3, 27.3, 27.3], [27.49, 27.49, 27.48, 27.47, 27.45, 27.44, 27.42, 27.4, 27.23, 27.25, 27.26, 27.23, 27.19, 27.15, 27.32, 27.31, 27.31, 27.31, 27.31, 27.31], [27.49, 27.48, 27.47, 27.46, 27.45, 27.44, 27.42, 27.41, 27.22, 27.23, 27.23, 27.21, 27.18, 27.15, 27.32, 27.31, 27.31, 27.31, 27.31, 27.31], [27.49, 27.48, 27.47, 27.46, 27.45, 27.44, 27.43, 27.2, 27.21, 27.21, 27.2, 27.19, 27.17, 27.15, 27.32, 27.32, 27.31, 27.31, 27.31, 27.31]]}