gis_exercise/awsData/contour/temp_2023083121.json
{"header": {"refTime": "2023-08-31T21:00:00.000Z", "nx": 21, "ny": 33, "lo1": 113.509, "la1": 22.2235, "lo2": 113.5947, "la2": 22.1034, "dx": 0.0042850000000001385, "dy": 0.003753125000000024, "parameterCategory": 0, "parameterCategoryName": "Temperature", "parameterNumber": 0}, "z": [[26.05, 26.04, 26.04, 25.82, 25.83, 26.2, 26.19, 26.17, 26.18, 26.17, 26.23, 26.3, 26.61, 26.65, 26.58, 26.58, 26.78, 26.76, 26.75, 26.74], [26.05, 26.05, 26.04, 26.03, 25.83, 25.83, 26.16, 26.12, 26.11, 26.13, 26.24, 26.33, 26.65, 26.69, 26.61, 26.8, 26.77, 26.75, 26.74, 26.73], [26.06, 26.05, 26.04, 26.03, 25.83, 25.83, 25.84, 26.08, 25.95, 26.1, 26.26, 26.4, 26.73, 26.75, 26.85, 26.8, 26.76, 26.73, 26.72, 26.71], [26.07, 26.06, 26.05, 26.04, 26.03, 25.83, 25.84, 25.85, 25.86, 26.14, 26.31, 26.52, 26.85, 26.77, 26.85, 26.79, 26.74, 26.71, 26.69, 26.69], [26.08, 26.07, 26.06, 26.05, 26.04, 25.82, 25.83, 25.83, 25.83, 26.18, 26.35, 26.79, 27.03, 26.82, 26.85, 26.76, 26.7, 26.66, 26.66, 26.66], [26.09, 26.08, 26.08, 26.07, 26.06, 26.04, 25.82, 25.82, 25.81, 25.78, 26.45, 26.67, 26.87, 27.03, 26.82, 26.72, 26.63, 26.59, 26.61, 26.64], [26.18, 26.1, 26.1, 26.09, 26.08, 26.06, 25.95, 25.83, 25.82, 25.92, 25.94, 26.47, 26.92, 26.94, 26.77, 26.67, 26.54, 26.49, 26.55, 26.6], [26.19, 26.19, 26.19, 26.19, 26.18, 26.02, 25.97, 25.92, 25.91, 25.88, 25.75, 26.36, 26.37, 26.95, 26.51, 26.54, 26.48, 26.45, 26.49, 26.52], [26.11, 26.12, 26.21, 26.22, 26.22, 26.2, 26.14, 25.95, 25.8, 25.94, 26.02, 26.18, 26.26, 26.16, 26.52, 26.56, 26.52, 26.5, 26.51, 26.53], [26.4, 26.4, 26.4, 26.17, 26.2, 26.29, 26.23, 26.14, 25.73, 25.75, 26.27, 26.08, 26.14, 26.12, 26.52, 26.57, 26.54, 26.53, 26.53, 26.54], [26.4, 26.4, 26.4, 26.4, 26.4, 26.4, 26.4, 26.4, 26.22, 25.8, 25.6, 26.02, 26.07, 26.07, 26.52, 26.58, 26.56, 26.55, 26.55, 26.55], [26.4, 26.4, 26.4, 26.4, 26.4, 26.4, 26.4, 26.4, 26.4, -999.0, 25.6, 26.7, 26.7, 26.04, 26.51, 26.59, 26.58, 25.77, 25.79, 25.79], [26.4, 26.4, 26.4, 26.4, 26.4, 26.4, 26.4, 26.4, 26.4, 26.4, -999.0, 26.7, 26.7, 25.79, 26.19, 26.0, 26.01, 25.87, 25.89, 25.9], [26.4, 26.4, 26.4, 26.4, 26.4, 26.4, 26.4, 26.4, 26.4, 26.4, -999.0, 25.3, 25.3, 25.3, 26.07, 25.91, 25.93, 25.79, 25.82, 25.84], [26.4, 26.4, 26.4, 26.4, 26.4, 26.4, 26.4, 26.3, 26.3, 26.3, 26.3, 25.92, 25.3, 25.3, 25.3, 25.8, 25.84, 25.71, 25.75, 25.78], [26.4, 26.4, 26.34, 26.34, 26.33, 26.3, 26.3, 26.3, 26.3, 26.3, 25.67, 25.74, 25.65, 25.56, 25.66, 25.78, 25.85, 25.72, 25.94, 25.99], [26.34, 26.34, 26.36, 26.36, 26.3, 26.3, 26.3, 26.3, 26.3, 26.3, 25.87, 25.75, 25.62, 25.5, 25.56, 25.56, 25.65, 25.72, 25.77, 25.8], [26.36, 26.36, 26.36, 26.36, 26.3, 26.3, 26.3, 26.3, 26.3, 26.05, 25.91, 25.76, 25.61, 25.57, 25.34, 25.53, 25.66, 25.74, 25.79, 25.83], [26.36, 26.36, 26.36, 26.3, 26.3, 26.3, 26.3, 26.3, 26.21, 26.11, 26.03, 25.91, 25.81, 25.66, 25.51, 25.61, 25.72, 25.79, 25.83, 25.86], [26.36, 26.36, 26.36, 26.35, 26.35, 26.35, 26.34, 26.32, 26.22, 26.15, 26.05, 25.95, 25.89, 25.81, 25.69, 25.74, 25.81, 25.86, 25.89, 25.9], [26.36, 26.36, 26.36, 26.34, 26.34, 26.34, 26.33, 26.33, 26.17, 26.13, 26.07, 25.99, 25.97, 25.79, 25.82, 25.87, 25.92, 25.94, 25.95, 25.94], [26.35, 26.35, 26.35, 26.34, 26.34, 26.34, 26.34, 26.44, 26.16, 26.14, 26.1, 26.04, 26.07, 25.88, 25.93, 25.99, 26.03, 26.03, 26.0, 25.98], [26.35, 26.35, 26.35, 26.49, 26.48, 26.48, 26.47, 26.46, 26.46, 26.47, 26.48, 26.42, 26.26, 25.94, 26.0, 26.08, 26.17, 26.11, 26.04, 26.0], [26.51, 26.51, 26.5, 26.5, 26.5, 26.49, 26.49, 26.48, 26.47, 26.47, 26.48, 26.57, 26.26, 26.24, 26.23, 26.12, 26.37, 26.09, 26.03, 26.0], [26.52, 26.52, 26.51, 26.51, 26.51, 26.51, 26.5, 26.49, 26.46, 26.44, 26.49, 26.58, 26.6, 26.24, 26.21, 26.19, 26.03, 25.93, 26.0, 26.0], [26.52, 26.53, 26.53, 26.53, 26.53, 26.53, 26.52, 26.51, 26.48, 26.46, 26.55, 26.6, 26.62, 26.23, 26.2, 26.25, 26.17, 26.13, 25.99, 25.99], [26.53, 26.53, 26.54, 26.54, 26.54, 26.55, 26.55, 26.55, 26.55, 26.56, 26.62, 26.65, 26.65, 26.42, 26.35, 26.28, 26.23, 26.21, 26.21, 26.23], [26.54, 26.54, 26.55, 26.55, 26.56, 26.57, 26.58, 26.59, 26.62, 26.7, 26.72, 26.58, 26.49, 26.4, 26.39, 26.33, 26.28, 26.26, 26.25, 26.26], [26.55, 26.55, 26.56, 26.56, 26.57, 26.58, 26.6, 26.63, 26.68, 26.78, 26.81, 26.66, 26.54, 26.44, 26.42, 26.37, 26.33, 26.3, 26.29, 26.29], [26.55, 26.56, 26.56, 26.57, 26.58, 26.6, 26.62, 26.65, 26.62, 26.71, 26.76, 26.66, 26.55, 26.47, 26.45, 26.4, 26.36, 26.33, 26.32, 26.31], [26.56, 26.56, 26.57, 26.58, 26.59, 26.6, 26.62, 26.65, 26.6, 26.64, 26.65, 26.61, 26.54, 26.47, 26.46, 26.42, 26.38, 26.36, 26.34, 26.33], [26.56, 26.57, 26.57, 26.58, 26.59, 26.61, 26.63, 26.54, 26.57, 26.59, 26.59, 26.56, 26.52, 26.47, 26.47, 26.43, 26.4, 26.38, 26.36, 26.35]]}