gis_exercise/awsData/contour/temp_2023090608.json
{"header": {"refTime": "2023-09-06T08:00:00.000Z", "nx": 21, "ny": 33, "lo1": 113.509, "la1": 22.2235, "lo2": 113.5947, "la2": 22.1034, "dx": 0.0042850000000001385, "dy": 0.003753125000000024, "parameterCategory": 0, "parameterCategoryName": "Temperature", "parameterNumber": 0}, "z": [[29.63, 29.63, 29.62, 29.32, 29.34, 29.71, 29.72, 29.73, 29.74, 29.72, 29.74, 29.77, 30.05, 30.07, 30.13, 30.14, 30.22, 30.22, 30.21, 30.21], [29.63, 29.63, 29.62, 29.62, 29.33, 29.36, 29.7, 29.72, 29.73, 29.72, 29.75, 29.79, 30.07, 30.09, 30.15, 30.23, 30.22, 30.22, 30.21, 30.21], [29.64, 29.63, 29.63, 29.62, 29.32, 29.35, 29.41, 29.7, 29.7, 29.71, 29.76, 29.83, 30.12, 30.13, 30.24, 30.23, 30.22, 30.22, 30.21, 30.21], [29.64, 29.63, 29.63, 29.62, 29.61, 29.33, 29.37, 29.44, 29.51, 29.71, 29.78, 29.9, 30.19, 30.01, 30.24, 30.23, 30.22, 30.21, 30.21, 30.21], [29.65, 29.64, 29.63, 29.62, 29.6, 29.29, 29.31, 29.33, 29.33, 29.67, 29.76, 30.03, 30.24, 30.06, 30.24, 30.22, 30.21, 30.21, 30.21, 30.21], [29.66, 29.65, 29.64, 29.63, 29.61, 29.57, 29.24, 29.23, 29.21, 29.18, 29.72, 29.92, 30.1, 30.27, 30.23, 30.21, 30.21, 30.2, 30.2, 30.2], [29.65, 29.66, 29.66, 29.65, 29.62, 29.58, 29.3, 29.16, 29.14, 29.18, 29.22, 29.74, 30.17, 30.2, 30.2, 30.2, 30.2, 30.2, 30.24, 30.25], [29.67, 29.68, 29.68, 29.67, 29.65, 29.43, 29.34, 29.21, 29.13, 29.15, 29.05, 29.66, 29.67, 30.2, 30.13, 30.1, 30.15, 30.16, 30.14, 30.12], [29.53, 29.54, 29.72, 29.73, 29.74, 29.7, 29.58, 29.29, 29.04, 29.21, 29.32, 29.48, 29.56, 29.46, 30.12, 30.1, 30.12, 30.13, 30.13, 30.12], [30.1, 30.1, 30.1, 29.63, 29.7, 29.87, 29.75, 29.58, 28.99, 29.0, 29.57, 29.38, 29.44, 29.42, 30.12, 30.09, 30.1, 30.11, 30.11, 30.11], [30.1, 30.1, 30.1, 30.1, 30.1, 30.1, 30.1, 30.1, 29.75, 29.03, 28.9, 29.32, 29.37, 29.37, 30.12, 30.08, 30.09, 30.1, 30.1, 30.1], [30.1, 30.1, 30.1, 30.1, 30.1, 30.1, 30.1, 30.1, 30.1, -999.0, 28.9, 30.0, 30.0, 29.34, 30.12, 30.07, 30.08, 29.4, 29.42, 29.43], [30.1, 30.1, 30.1, 30.1, 30.1, 30.1, 30.1, 30.1, 30.1, 30.1, -999.0, 30.0, 30.0, 29.22, 29.56, 29.69, 29.7, 29.53, 29.55, 29.57], [30.1, 30.1, 30.1, 30.1, 30.1, 30.1, 30.1, 30.1, 30.1, 30.1, -999.0, 28.8, 28.8, 28.8, 29.46, 29.57, 29.6, 29.42, 29.46, 29.49], [30.1, 30.1, 30.1, 30.1, 30.1, 30.1, 30.1, 29.5, 29.5, 29.5, 29.5, 29.23, 28.8, 28.8, 28.8, 29.44, 29.48, 29.32, 29.37, 29.41], [30.1, 30.1, 29.72, 29.72, 29.7, 29.5, 29.5, 29.5, 29.5, 29.5, 29.06, 29.11, 29.04, 28.98, 29.05, 28.91, 28.93, 28.9, 29.24, 29.28], [29.71, 29.71, 29.89, 29.88, 29.5, 29.5, 29.5, 29.5, 29.5, 29.5, 29.2, 29.11, 29.02, 28.94, 28.92, 28.85, 28.86, 28.88, 28.88, 28.89], [29.89, 29.88, 29.87, 29.85, 29.5, 29.5, 29.5, 29.5, 29.5, 29.32, 29.23, 29.12, 29.01, 28.92, 28.82, 28.84, 28.87, 28.88, 28.89, 28.89], [29.87, 29.86, 29.85, 29.5, 29.5, 29.5, 29.5, 29.5, 29.44, 29.36, 29.34, 29.25, 29.05, 28.96, 28.84, 28.86, 28.88, 28.89, 28.9, 28.9], [29.87, 29.86, 29.61, 29.61, 29.6, 29.59, 29.57, 29.53, 29.46, 29.41, 29.35, 29.28, 29.08, 29.02, 28.87, 28.88, 28.89, 28.9, 28.91, 28.91], [29.62, 29.62, 29.62, 29.58, 29.58, 29.57, 29.57, 29.56, 29.44, 29.42, 29.37, 29.32, 29.1, 28.89, 28.9, 28.91, 28.91, 28.92, 28.92, 28.91], [29.59, 29.59, 29.59, 29.59, 29.59, 29.59, 29.58, 29.57, 29.45, 29.44, 29.41, 29.36, 29.19, 28.91, 28.92, 28.93, 28.94, 28.94, 28.93, 28.92], [29.6, 29.6, 29.6, 29.57, 29.57, 29.58, 29.58, 29.59, 29.6, 29.6, 29.6, 29.48, 29.23, 28.92, 28.93, 28.95, 28.97, 28.95, 28.93, 28.92], [29.57, 29.57, 29.57, 29.58, 29.58, 29.58, 29.59, 29.6, 29.62, 29.63, 29.62, 29.5, 29.25, 29.17, 29.1, 28.96, 29.03, 28.94, 28.92, 28.92], [29.57, 29.57, 29.58, 29.58, 29.58, 29.59, 29.6, 29.62, 29.64, 29.67, 29.63, 29.52, 29.46, 29.18, 29.1, 29.04, 28.92, 28.88, 28.91, 28.92], [29.57, 29.57, 29.58, 29.58, 29.58, 29.59, 29.6, 29.61, 29.64, 29.66, 29.58, 29.52, 29.47, 29.19, 29.12, 29.03, 28.99, 28.97, 28.91, 28.91], [29.57, 29.57, 29.58, 29.58, 29.58, 29.59, 29.59, 29.6, 29.61, 29.61, 29.54, 29.51, 29.47, 29.15, 29.1, 29.06, 29.03, 29.01, 29.02, 29.02], [29.57, 29.57, 29.58, 29.58, 29.58, 29.58, 29.58, 29.59, 29.58, 29.53, 29.52, 29.46, 29.41, 29.35, 29.13, 29.09, 29.06, 29.04, 29.04, 29.04], [29.57, 29.57, 29.57, 29.58, 29.58, 29.58, 29.58, 29.57, 29.56, 29.51, 29.49, 29.46, 29.42, 29.37, 29.15, 29.12, 29.09, 29.07, 29.06, 29.06], [29.57, 29.57, 29.57, 29.57, 29.57, 29.57, 29.57, 29.57, 29.47, 29.48, 29.48, 29.45, 29.42, 29.38, 29.17, 29.14, 29.11, 29.09, 29.08, 29.08], [29.57, 29.57, 29.57, 29.57, 29.57, 29.57, 29.57, 29.56, 29.46, 29.46, 29.46, 29.44, 29.41, 29.38, 29.18, 29.15, 29.13, 29.11, 29.1, 29.09], [29.57, 29.57, 29.57, 29.57, 29.57, 29.57, 29.57, 29.44, 29.45, 29.44, 29.44, 29.42, 29.4, 29.38, 29.19, 29.16, 29.14, 29.12, 29.11, 29.1]]}