gis_exercise/awsData/contour/temp_2023090307.json
{"header": {"refTime": "2023-09-03T07:00:00.000Z", "nx": 21, "ny": 33, "lo1": 113.509, "la1": 22.2235, "lo2": 113.5947, "la2": 22.1034, "dx": 0.0042850000000001385, "dy": 0.003753125000000024, "parameterCategory": 0, "parameterCategoryName": "Temperature", "parameterNumber": 0}, "z": [[27.12, 27.11, 27.1, 26.84, 26.85, 27.07, 27.07, 27.06, 27.07, 27.0, 27.02, 27.03, 27.18, 27.19, 27.22, 27.22, 27.25, 27.24, 27.24, 27.24], [27.12, 27.12, 27.11, 27.1, 26.85, 26.86, 27.06, 27.05, 27.05, 27.0, 27.02, 27.04, 27.2, 27.21, 27.23, 27.25, 27.25, 27.24, 27.24, 27.24], [27.13, 27.12, 27.11, 27.1, 26.85, 26.86, 26.88, 27.04, 27.01, 27.0, 27.03, 27.07, 27.22, 27.23, 27.27, 27.26, 27.25, 27.24, 27.24, 27.23], [27.13, 27.13, 27.12, 27.11, 27.1, 26.85, 26.87, 26.89, 26.92, 27.0, 27.03, 27.1, 27.26, 27.15, 27.27, 27.25, 27.24, 27.24, 27.23, 27.23], [27.14, 27.14, 27.13, 27.12, 27.11, 26.84, 26.85, 26.85, 26.85, 26.97, 27.02, 27.17, 27.3, 27.18, 27.27, 27.25, 27.24, 27.23, 27.23, 27.23], [27.15, 27.15, 27.15, 27.14, 27.12, 27.1, 26.83, 26.83, 26.81, 26.77, 26.97, 27.1, 27.21, 27.3, 27.25, 27.24, 27.23, 27.22, 27.22, 27.22], [27.23, 27.17, 27.16, 27.16, 27.14, 27.12, 26.95, 26.82, 26.8, 26.75, 26.73, 26.98, 27.23, 27.25, 27.24, 27.23, 27.21, 27.21, 27.24, 27.25], [27.24, 27.25, 27.25, 27.24, 27.23, 27.04, 26.98, 26.92, 26.87, 26.73, 26.6, 26.92, 26.92, 27.25, 27.16, 27.15, 27.17, 27.18, 27.17, 27.16], [27.16, 27.17, 27.27, 27.28, 27.28, 27.26, 27.19, 26.96, 26.77, 26.77, 26.73, 26.82, 26.86, 26.8, 27.16, 27.15, 27.16, 27.17, 27.16, 27.16], [27.5, 27.5, 27.5, 27.22, 27.26, 27.36, 27.29, 27.19, 26.67, 26.69, 26.86, 26.76, 26.8, 26.78, 27.16, 27.14, 27.15, 27.16, 27.16, 27.15], [27.5, 27.5, 27.5, 27.5, 27.5, 27.5, 27.5, 27.5, 27.29, 26.76, 26.5, 26.73, 26.76, 26.76, 27.16, 27.14, 27.15, 27.15, 27.15, 27.15], [27.5, 27.5, 27.5, 27.5, 27.5, 27.5, 27.5, 27.5, 27.5, -999.0, 26.5, 27.1, 27.1, 26.74, 27.16, 27.14, 27.14, 26.52, 26.53, 26.54], [27.5, 27.5, 27.5, 27.5, 27.5, 27.5, 27.5, 27.5, 27.5, 27.5, -999.0, 27.1, 27.1, 26.38, 26.7, 26.76, 26.77, 26.62, 26.65, 26.66], [27.5, 27.5, 27.5, 27.5, 27.5, 27.5, 27.5, 27.5, 27.5, 27.5, -999.0, 26.0, 26.0, 26.0, 26.6, 26.66, 26.68, 26.53, 26.56, 26.59], [27.5, 27.5, 27.5, 27.5, 27.5, 27.5, 27.5, 27.3, 27.3, 27.3, 27.3, 26.8, 26.0, 26.0, 26.0, 26.55, 26.59, 26.45, 26.49, 26.53], [27.5, 27.5, 27.37, 27.37, 27.37, 27.3, 27.3, 27.3, 27.3, 27.3, 26.48, 26.57, 26.45, 26.34, 26.46, 26.37, 26.42, 26.32, 26.58, 26.63], [27.37, 27.37, 27.43, 27.43, 27.3, 27.3, 27.3, 27.3, 27.3, 27.3, 26.74, 26.58, 26.41, 26.25, 26.27, 26.18, 26.25, 26.3, 26.33, 26.36], [27.43, 27.43, 27.42, 27.42, 27.3, 27.3, 27.3, 27.3, 27.3, 26.97, 26.8, 26.6, 26.4, 26.28, 26.04, 26.16, 26.26, 26.31, 26.35, 26.37], [27.42, 27.42, 27.42, 27.3, 27.3, 27.3, 27.3, 27.3, 27.18, 27.05, 26.89, 26.72, 26.54, 26.37, 26.15, 26.22, 26.3, 26.35, 26.38, 26.4], [27.42, 27.42, 27.19, 27.19, 27.2, 27.21, 27.23, 27.27, 27.16, 27.04, 26.9, 26.77, 26.61, 26.51, 26.28, 26.31, 26.36, 26.4, 26.42, 26.42], [27.18, 27.18, 27.18, 27.22, 27.22, 27.23, 27.23, 27.24, 27.05, 26.99, 26.91, 26.81, 26.68, 26.35, 26.37, 26.41, 26.44, 26.46, 26.46, 26.45], [27.21, 27.21, 27.21, 27.21, 27.21, 27.21, 27.22, 27.23, 27.0, 26.97, 26.91, 26.84, 26.68, 26.41, 26.45, 26.49, 26.53, 26.52, 26.5, 26.48], [27.2, 27.2, 27.2, 27.23, 27.23, 27.22, 27.22, 27.21, 27.2, 27.2, 27.2, 27.13, 26.8, 26.46, 26.5, 26.57, 26.63, 26.59, 26.52, 26.49], [27.23, 27.23, 27.23, 27.22, 27.22, 27.22, 27.21, 27.2, 27.18, 27.17, 27.18, 27.13, 26.81, 26.76, 26.72, 26.59, 26.8, 26.56, 26.51, 26.49], [27.23, 27.23, 27.22, 27.22, 27.22, 27.21, 27.2, 27.18, 27.16, 27.13, 27.17, 27.13, 27.13, 26.76, 26.71, 26.67, 26.51, 26.41, 26.48, 26.48], [27.23, 27.23, 27.22, 27.22, 27.22, 27.21, 27.2, 27.19, 27.16, 27.14, 27.14, 27.14, 27.14, 26.76, 26.71, 26.69, 26.62, 26.59, 26.47, 26.48], [27.23, 27.23, 27.22, 27.22, 27.22, 27.21, 27.21, 27.2, 27.19, 27.19, 27.17, 27.17, 27.16, 26.85, 26.78, 26.73, 26.68, 26.66, 26.66, 26.68], [27.23, 27.23, 27.22, 27.22, 27.22, 27.22, 27.22, 27.21, 27.22, 27.2, 27.21, 27.08, 27.0, 26.92, 26.82, 26.77, 26.73, 26.7, 26.7, 26.7], [27.23, 27.23, 27.23, 27.22, 27.22, 27.22, 27.22, 27.23, 27.24, 27.24, 27.24, 27.13, 27.04, 26.95, 26.85, 26.8, 26.77, 26.74, 26.73, 26.73], [27.23, 27.23, 27.23, 27.23, 27.23, 27.23, 27.23, 27.23, 27.12, 27.17, 27.2, 27.13, 27.04, 26.97, 26.88, 26.83, 26.8, 26.77, 26.76, 26.75], [27.23, 27.23, 27.23, 27.23, 27.23, 27.23, 27.23, 27.24, 27.1, 27.12, 27.13, 27.09, 27.03, 26.97, 26.89, 26.85, 26.82, 26.8, 26.78, 26.77], [27.23, 27.23, 27.23, 27.23, 27.23, 27.23, 27.23, 27.05, 27.07, 27.08, 27.08, 27.05, 27.01, 26.97, 26.9, 26.86, 26.84, 26.81, 26.8, 26.79]]}