gis_exercise/awsData/contour/temp_2023091203.json
{"header": {"refTime": "2023-09-12T03:00:00.000Z", "nx": 21, "ny": 33, "lo1": 113.509, "la1": 22.2235, "lo2": 113.5947, "la2": 22.1034, "dx": 0.0042850000000001385, "dy": 0.003753125000000024, "parameterCategory": 0, "parameterCategoryName": "Temperature", "parameterNumber": 0}, "z": [[26.09, 26.08, 26.08, 25.82, 25.82, 26.07, 26.07, 26.06, 26.07, 25.99, 26.0, 26.01, 26.21, 26.22, 26.28, 26.29, 26.35, 26.35, 26.35, 26.35], [26.09, 26.09, 26.08, 26.07, 25.83, 25.84, 26.06, 26.05, 26.05, 25.99, 26.0, 26.02, 26.22, 26.23, 26.29, 26.35, 26.35, 26.35, 26.35, 26.35], [26.1, 26.09, 26.08, 26.08, 25.82, 25.84, 25.86, 26.04, 26.01, 25.99, 26.01, 26.04, 26.24, 26.25, 26.35, 26.35, 26.35, 26.35, 26.35, 26.35], [26.1, 26.1, 26.09, 26.08, 26.07, 25.83, 25.85, 25.88, 25.9, 25.98, 26.01, 26.08, 26.28, 26.16, 26.35, 26.35, 26.35, 26.35, 26.35, 26.35], [26.11, 26.1, 26.1, 26.09, 26.08, 25.81, 25.82, 25.83, 25.82, 25.94, 25.99, 26.17, 26.3, 26.19, 26.35, 26.35, 26.36, 26.36, 26.36, 26.36], [26.12, 26.11, 26.11, 26.1, 26.09, 26.07, 25.8, 25.8, 25.78, 25.73, 25.96, 26.1, 26.21, 26.33, 26.34, 26.35, 26.36, 26.37, 26.36, 26.36], [26.18, 26.13, 26.12, 26.12, 26.11, 26.09, 25.9, 25.8, 25.78, 25.73, 25.7, 25.99, 26.29, 26.3, 26.33, 26.35, 26.38, 26.38, 26.4, 26.4], [26.19, 26.19, 26.19, 26.19, 26.18, 25.98, 25.93, 25.88, 25.86, 25.7, 25.53, 25.95, 25.96, 26.3, 26.33, 26.3, 26.35, 26.36, 26.34, 26.32], [26.11, 26.12, 26.21, 26.22, 26.22, 26.2, 26.14, 25.91, 25.74, 25.75, 25.71, 25.83, 25.88, 25.81, 26.32, 26.3, 26.32, 26.33, 26.33, 26.32], [26.4, 26.4, 26.4, 26.17, 26.2, 26.29, 26.23, 26.14, 25.62, 25.64, 25.89, 25.75, 25.8, 25.77, 26.32, 26.29, 26.3, 26.31, 26.31, 26.31], [26.4, 26.4, 26.4, 26.4, 26.4, 26.4, 26.4, 26.4, 26.22, 25.73, 25.4, 25.7, 25.74, 25.74, 26.32, 26.28, 26.29, 26.3, 26.3, 26.3], [26.4, 26.4, 26.4, 26.4, 26.4, 26.4, 26.4, 26.4, 26.4, -999.0, 25.4, 26.2, 26.2, 25.72, 26.32, 26.27, 26.28, 25.77, 25.79, 25.79], [26.4, 26.4, 26.4, 26.4, 26.4, 26.4, 26.4, 26.4, 26.4, 26.4, -999.0, 26.2, 26.2, 25.61, 25.87, 26.0, 26.01, 25.87, 25.89, 25.9], [26.4, 26.4, 26.4, 26.4, 26.4, 26.4, 26.4, 26.4, 26.4, 26.4, -999.0, 25.3, 25.3, 25.3, 25.79, 25.91, 25.93, 25.79, 25.82, 25.84], [26.4, 26.4, 26.4, 26.4, 26.4, 26.4, 26.4, 26.3, 26.3, 26.3, 26.3, 25.92, 25.3, 25.3, 25.3, 25.8, 25.84, 25.71, 25.75, 25.78], [26.4, 26.4, 26.34, 26.34, 26.33, 26.3, 26.3, 26.3, 26.3, 26.3, 25.67, 25.74, 25.65, 25.56, 25.66, 25.63, 25.68, 25.59, 25.83, 25.87], [26.34, 26.34, 26.36, 26.36, 26.3, 26.3, 26.3, 26.3, 26.3, 26.3, 25.87, 25.75, 25.62, 25.5, 25.52, 25.51, 25.58, 25.64, 25.68, 25.71], [26.36, 26.36, 26.36, 26.36, 26.3, 26.3, 26.3, 26.3, 26.3, 26.05, 25.91, 25.76, 25.61, 25.53, 25.33, 25.49, 25.59, 25.66, 25.7, 25.73], [26.36, 26.36, 26.36, 26.3, 26.3, 26.3, 26.3, 26.3, 26.21, 26.11, 26.01, 25.89, 25.74, 25.6, 25.47, 25.55, 25.64, 25.7, 25.74, 25.76], [26.36, 26.36, 26.3, 26.3, 26.3, 26.3, 26.3, 26.3, 26.21, 26.13, 26.03, 25.93, 25.8, 25.72, 25.61, 25.66, 25.71, 25.75, 25.78, 25.79], [26.3, 26.3, 26.3, 26.3, 26.3, 26.3, 26.3, 26.3, 26.14, 26.1, 26.04, 25.96, 25.86, 25.7, 25.72, 25.76, 25.8, 25.82, 25.82, 25.82], [26.3, 26.3, 26.3, 26.3, 26.3, 26.3, 26.3, 26.32, 26.13, 26.1, 26.06, 26.0, 25.91, 25.77, 25.8, 25.85, 25.88, 25.89, 25.87, 25.85], [26.3, 26.3, 26.3, 26.33, 26.32, 26.32, 26.32, 26.32, 26.32, 26.32, 26.32, 26.27, 26.12, 25.82, 25.86, 25.92, 25.97, 25.95, 25.91, 25.88], [26.33, 26.33, 26.33, 26.33, 26.33, 26.32, 26.32, 26.32, 26.32, 26.32, 26.32, 26.3, 26.12, 26.09, 26.07, 25.95, 26.09, 25.96, 25.91, 25.89], [26.33, 26.33, 26.33, 26.33, 26.33, 26.33, 26.33, 26.32, 26.32, 26.31, 26.32, 26.31, 26.3, 26.09, 26.07, 26.04, 25.93, 25.89, 25.9, 25.89], [26.33, 26.33, 26.33, 26.33, 26.33, 26.33, 26.33, 26.33, 26.32, 26.31, 26.31, 26.31, 26.31, 26.1, 26.07, 26.05, 26.02, 26.0, 25.89, 25.88], [26.33, 26.33, 26.33, 26.33, 26.33, 26.33, 26.33, 26.33, 26.33, 26.33, 26.33, 26.32, 26.32, 26.14, 26.11, 26.07, 26.05, 26.04, 26.04, 26.05], [26.33, 26.33, 26.33, 26.34, 26.34, 26.34, 26.34, 26.34, 26.35, 26.35, 26.35, 26.28, 26.24, 26.2, 26.13, 26.1, 26.07, 26.06, 26.06, 26.06], [26.34, 26.34, 26.34, 26.34, 26.34, 26.34, 26.34, 26.35, 26.36, 26.37, 26.37, 26.31, 26.26, 26.21, 26.15, 26.12, 26.1, 26.08, 26.08, 26.08], [26.34, 26.34, 26.34, 26.34, 26.34, 26.34, 26.35, 26.35, 26.3, 26.33, 26.35, 26.31, 26.26, 26.22, 26.16, 26.13, 26.11, 26.1, 26.09, 26.09], [26.34, 26.34, 26.34, 26.34, 26.34, 26.34, 26.35, 26.35, 26.29, 26.31, 26.31, 26.29, 26.26, 26.22, 26.17, 26.14, 26.13, 26.11, 26.1, 26.1], [26.34, 26.34, 26.34, 26.34, 26.34, 26.35, 26.35, 26.27, 26.28, 26.28, 26.28, 26.27, 26.25, 26.22, 26.17, 26.15, 26.14, 26.12, 26.11, 26.11]]}