gis_exercise/awsData/contour/temp_2023091222.json
{"header": {"refTime": "2023-09-12T22:00:00.000Z", "nx": 21, "ny": 33, "lo1": 113.509, "la1": 22.2235, "lo2": 113.5947, "la2": 22.1034, "dx": 0.0042850000000001385, "dy": 0.003753125000000024, "parameterCategory": 0, "parameterCategoryName": "Temperature", "parameterNumber": 0}, "z": [[26.83, 26.82, 26.82, 26.51, 26.52, 26.84, 26.84, 26.84, 26.85, 26.73, 26.73, 26.74, 27.01, 27.02, 26.99, 26.99, 27.04, 27.03, 27.03, 27.02], [26.83, 26.83, 26.82, 26.82, 26.52, 26.55, 26.83, 26.83, 26.84, 26.74, 26.74, 26.75, 27.02, 27.03, 27.0, 27.05, 27.04, 27.03, 27.02, 27.02], [26.83, 26.83, 26.82, 26.82, 26.52, 26.54, 26.58, 26.82, 26.81, 26.74, 26.75, 26.78, 27.04, 27.05, 27.06, 27.05, 27.03, 27.02, 27.02, 27.01], [26.84, 26.83, 26.83, 26.82, 26.81, 26.53, 26.56, 26.6, 26.65, 26.72, 26.74, 26.82, 27.08, 26.9, 27.07, 27.04, 27.02, 27.01, 27.01, 27.01], [26.84, 26.84, 26.83, 26.83, 26.81, 26.5, 26.52, 26.53, 26.52, 26.65, 26.7, 26.91, 27.08, 26.94, 27.06, 27.03, 27.01, 27.0, 26.99, 27.0], [26.85, 26.84, 26.84, 26.83, 26.82, 26.8, 26.48, 26.48, 26.45, 26.38, 26.65, 26.82, 26.97, 27.13, 27.05, 27.02, 26.98, 26.97, 26.98, 26.99], [26.88, 26.85, 26.85, 26.85, 26.83, 26.81, 26.55, 26.47, 26.44, 26.36, 26.32, 26.69, 27.09, 27.1, 27.03, 27.0, 26.95, 26.93, 26.96, 26.97], [26.89, 26.89, 26.89, 26.89, 26.88, 26.63, 26.58, 26.55, 26.54, 26.31, 26.08, 26.66, 26.67, 27.1, 26.94, 26.95, 26.93, 26.92, 26.93, 26.94], [26.81, 26.82, 26.91, 26.92, 26.92, 26.9, 26.84, 26.57, 26.38, 26.39, 26.32, 26.48, 26.56, 26.46, 26.94, 26.95, 26.94, 26.93, 26.94, 26.94], [27.1, 27.1, 27.1, 26.87, 26.9, 26.99, 26.93, 26.84, 26.2, 26.24, 26.57, 26.38, 26.44, 26.42, 26.94, 26.96, 26.95, 26.94, 26.94, 26.95], [27.1, 27.1, 27.1, 27.1, 27.1, 27.1, 27.1, 27.1, 26.92, 26.36, 25.9, 26.32, 26.37, 26.37, 26.94, 26.96, 26.95, 26.95, 26.95, 26.95], [27.1, 27.1, 27.1, 27.1, 27.1, 27.1, 27.1, 27.1, 27.1, -999.0, 25.9, 27.0, 27.0, 26.34, 26.94, 26.96, 26.96, 26.33, 26.35, 26.35], [27.1, 27.1, 27.1, 27.1, 27.1, 27.1, 27.1, 27.1, 27.1, 27.1, -999.0, 27.0, 27.0, 26.28, 26.6, 26.54, 26.54, 26.42, 26.44, 26.45], [27.1, 27.1, 27.1, 27.1, 27.1, 27.1, 27.1, 27.1, 27.1, 27.1, -999.0, 25.9, 25.9, 25.9, 26.5, 26.45, 26.47, 26.34, 26.37, 26.39], [27.1, 27.1, 27.1, 27.1, 27.1, 27.1, 27.1, 27.2, 27.2, 27.2, 27.2, 26.7, 25.9, 25.9, 25.9, 26.36, 26.39, 26.27, 26.31, 26.34], [27.1, 27.1, 27.16, 27.16, 27.17, 27.2, 27.2, 27.2, 27.2, 27.2, 26.38, 26.47, 26.35, 26.24, 26.36, 26.23, 26.28, 26.19, 26.4, 26.44], [27.16, 27.16, 27.14, 27.14, 27.2, 27.2, 27.2, 27.2, 27.2, 27.2, 26.64, 26.48, 26.31, 26.15, 26.16, 26.14, 26.22, 26.29, 26.34, 26.37], [27.14, 27.14, 27.14, 27.14, 27.2, 27.2, 27.2, 27.2, 27.2, 26.87, 26.7, 26.5, 26.3, 26.17, 25.94, 26.11, 26.23, 26.31, 26.36, 26.39], [27.14, 27.14, 27.14, 27.2, 27.2, 27.2, 27.2, 27.2, 27.08, 26.95, 26.79, 26.62, 26.42, 26.25, 26.09, 26.18, 26.28, 26.35, 26.39, 26.42], [27.14, 27.14, 27.09, 27.09, 27.1, 27.11, 27.13, 27.17, 27.06, 26.94, 26.8, 26.67, 26.49, 26.39, 26.25, 26.3, 26.37, 26.41, 26.44, 26.46], [27.08, 27.08, 27.08, 27.12, 27.12, 27.13, 27.13, 27.14, 26.95, 26.89, 26.81, 26.71, 26.55, 26.35, 26.37, 26.42, 26.46, 26.48, 26.49, 26.49], [27.11, 27.11, 27.11, 27.11, 27.11, 27.11, 27.12, 27.18, 26.9, 26.87, 26.81, 26.74, 26.55, 26.43, 26.46, 26.51, 26.55, 26.56, 26.55, 26.53], [27.1, 27.1, 27.1, 27.2, 27.2, 27.19, 27.18, 27.17, 27.16, 27.16, 27.17, 27.01, 26.81, 26.48, 26.53, 26.59, 26.64, 26.63, 26.59, 26.56], [27.22, 27.21, 27.21, 27.2, 27.2, 27.19, 27.18, 27.16, 27.13, 27.13, 27.15, 27.08, 26.82, 26.79, 26.76, 26.62, 26.73, 26.65, 26.61, 26.58], [27.22, 27.22, 27.21, 27.21, 27.2, 27.19, 27.18, 27.15, 27.1, 27.06, 27.13, 27.09, 27.08, 26.79, 26.76, 26.74, 26.64, 26.62, 26.61, 26.58], [27.22, 27.22, 27.22, 27.21, 27.21, 27.2, 27.19, 27.16, 27.12, 27.08, 27.1, 27.12, 27.11, 26.79, 26.77, 26.82, 26.77, 26.76, 26.6, 26.58], [27.22, 27.22, 27.22, 27.22, 27.22, 27.21, 27.21, 27.2, 27.19, 27.19, 27.17, 27.18, 27.15, 26.99, 26.92, 26.86, 26.82, 26.8, 26.81, 26.82], [27.23, 27.23, 27.23, 27.23, 27.23, 27.23, 27.23, 27.24, 27.26, 27.26, 27.28, 27.22, 27.15, 27.09, 26.96, 26.9, 26.87, 26.85, 26.84, 26.84], [27.23, 27.23, 27.23, 27.24, 27.24, 27.25, 27.25, 27.27, 27.31, 27.35, 27.42, 27.29, 27.2, 27.12, 27.0, 26.94, 26.91, 26.88, 26.87, 26.87], [27.24, 27.24, 27.24, 27.24, 27.25, 27.26, 27.27, 27.29, 27.26, 27.33, 27.38, 27.29, 27.21, 27.14, 27.03, 26.98, 26.94, 26.91, 26.9, 26.89], [27.24, 27.24, 27.24, 27.25, 27.26, 27.26, 27.28, 27.3, 27.24, 27.28, 27.29, 27.25, 27.2, 27.15, 27.04, 27.0, 26.96, 26.94, 26.92, 26.91], [27.24, 27.24, 27.25, 27.25, 27.26, 27.27, 27.28, 27.19, 27.22, 27.23, 27.24, 27.22, 27.18, 27.14, 27.05, 27.01, 26.98, 26.96, 26.94, 26.93]]}