gis_exercise/awsData/contour/temp_2023090913.json
{"header": {"refTime": "2023-09-09T13:00:00.000Z", "nx": 21, "ny": 33, "lo1": 113.509, "la1": 22.2235, "lo2": 113.5947, "la2": 22.1034, "dx": 0.0042850000000001385, "dy": 0.003753125000000024, "parameterCategory": 0, "parameterCategoryName": "Temperature", "parameterNumber": 0}, "z": [[25.64, 25.64, 25.64, 25.51, 25.52, 25.72, 25.72, 25.72, 25.73, 25.68, 25.69, 25.69, 25.89, 25.9, 25.88, 25.88, 25.96, 25.96, 25.96, 25.96], [25.64, 25.64, 25.64, 25.64, 25.52, 25.54, 25.71, 25.72, 25.72, 25.68, 25.69, 25.7, 25.9, 25.91, 25.89, 25.97, 25.96, 25.96, 25.96, 25.96], [25.64, 25.64, 25.64, 25.64, 25.52, 25.53, 25.56, 25.71, 25.7, 25.68, 25.7, 25.72, 25.92, 25.93, 25.97, 25.97, 25.96, 25.96, 25.96, 25.95], [25.64, 25.64, 25.64, 25.63, 25.64, 25.52, 25.54, 25.57, 25.6, 25.67, 25.7, 25.75, 25.94, 25.84, 25.97, 25.96, 25.96, 25.95, 25.95, 25.95], [25.64, 25.63, 25.63, 25.63, 25.63, 25.5, 25.51, 25.52, 25.52, 25.64, 25.68, 25.84, 25.94, 25.87, 25.97, 25.96, 25.95, 25.95, 25.94, 25.95], [25.64, 25.63, 25.63, 25.63, 25.63, 25.62, 25.49, 25.48, 25.47, 25.44, 25.69, 25.8, 25.88, 26.0, 25.97, 25.95, 25.94, 25.93, 25.94, 25.94], [25.61, 25.64, 25.63, 25.63, 25.63, 25.62, 25.47, 25.47, 25.45, 25.46, 25.46, 25.74, 26.0, 26.0, 25.97, 25.95, 25.93, 25.92, 25.92, 25.92], [25.61, 25.62, 25.62, 25.61, 25.61, 25.51, 25.49, 25.47, 25.5, 25.43, 25.32, 25.75, 25.76, 26.0, 25.94, 25.95, 25.93, 25.92, 25.93, 25.94], [25.59, 25.59, 25.62, 25.63, 25.63, 25.62, 25.6, 25.48, 25.4, 25.48, 25.51, 25.63, 25.68, 25.61, 25.94, 25.95, 25.94, 25.93, 25.94, 25.94], [25.7, 25.7, 25.7, 25.61, 25.62, 25.65, 25.63, 25.6, 25.33, 25.35, 25.69, 25.55, 25.6, 25.57, 25.94, 25.96, 25.95, 25.94, 25.94, 25.95], [25.7, 25.7, 25.7, 25.7, 25.7, 25.7, 25.7, 25.7, 25.63, 25.4, 25.2, 25.5, 25.54, 25.54, 25.94, 25.96, 25.95, 25.95, 25.95, 25.95], [25.7, 25.7, 25.7, 25.7, 25.7, 25.7, 25.7, 25.7, 25.7, -999.0, 25.2, 26.0, 26.0, 25.52, 25.94, 25.96, 25.96, 25.45, 25.46, 25.46], [25.7, 25.7, 25.7, 25.7, 25.7, 25.7, 25.7, 25.7, 25.7, 25.7, -999.0, 26.0, 26.0, 25.41, 25.67, 25.61, 25.61, 25.52, 25.53, 25.54], [25.7, 25.7, 25.7, 25.7, 25.7, 25.7, 25.7, 25.7, 25.7, 25.7, -999.0, 25.1, 25.1, 25.1, 25.59, 25.54, 25.55, 25.45, 25.48, 25.49], [25.7, 25.7, 25.7, 25.7, 25.7, 25.7, 25.7, 26.2, 26.2, 26.2, 26.2, 25.78, 25.1, 25.1, 25.1, 25.47, 25.49, 25.4, 25.43, 25.45], [25.7, 25.7, 26.01, 26.02, 26.03, 26.2, 26.2, 26.2, 26.2, 26.2, 25.51, 25.59, 25.48, 25.39, 25.49, 25.28, 25.31, 25.26, 25.44, 25.47], [26.02, 26.02, 25.88, 25.88, 26.2, 26.2, 26.2, 26.2, 26.2, 26.2, 25.73, 25.59, 25.45, 25.31, 25.29, 25.25, 25.3, 25.34, 25.37, 25.39], [25.88, 25.88, 25.89, 25.91, 26.2, 26.2, 26.2, 26.2, 26.2, 25.92, 25.77, 25.61, 25.44, 25.3, 25.13, 25.23, 25.31, 25.35, 25.38, 25.41], [25.89, 25.9, 25.91, 26.2, 26.2, 26.2, 26.2, 26.2, 26.1, 25.99, 25.83, 25.69, 25.49, 25.36, 25.22, 25.27, 25.34, 25.38, 25.41, 25.42], [25.9, 25.9, 26.03, 26.04, 26.05, 26.06, 26.09, 26.15, 26.06, 25.96, 25.84, 25.72, 25.54, 25.45, 25.32, 25.35, 25.39, 25.42, 25.44, 25.45], [26.02, 26.02, 26.03, 26.08, 26.08, 26.09, 26.1, 26.11, 25.96, 25.91, 25.83, 25.74, 25.58, 25.38, 25.39, 25.42, 25.44, 25.46, 25.47, 25.47], [26.06, 26.06, 26.06, 26.07, 26.07, 26.07, 26.07, 26.11, 25.9, 25.87, 25.82, 25.76, 25.52, 25.43, 25.45, 25.48, 25.5, 25.51, 25.5, 25.49], [26.05, 26.05, 26.05, 26.12, 26.11, 26.11, 26.1, 26.09, 26.08, 26.07, 26.08, 25.91, 25.71, 25.46, 25.49, 25.52, 25.55, 25.55, 25.53, 25.51], [26.12, 26.12, 26.12, 26.11, 26.11, 26.1, 26.08, 26.06, 26.04, 26.03, 26.05, 25.93, 25.72, 25.68, 25.66, 25.54, 25.58, 25.57, 25.55, 25.53], [26.12, 26.12, 26.12, 26.11, 26.1, 26.09, 26.08, 26.05, 26.0, 25.96, 26.02, 25.94, 25.92, 25.69, 25.66, 25.63, 25.57, 25.58, 25.55, 25.53], [26.12, 26.12, 26.12, 26.11, 26.11, 26.1, 26.08, 26.05, 26.01, 25.97, 25.96, 25.97, 25.95, 25.69, 25.67, 25.71, 25.67, 25.67, 25.54, 25.53], [26.12, 26.12, 26.12, 26.11, 26.11, 26.1, 26.09, 26.08, 26.07, 26.07, 26.02, 26.02, 25.99, 25.85, 25.79, 25.74, 25.71, 25.7, 25.7, 25.71], [26.12, 26.12, 26.12, 26.12, 26.12, 26.11, 26.11, 26.11, 26.12, 26.09, 26.11, 26.08, 26.03, 25.98, 25.83, 25.78, 25.75, 25.74, 25.73, 25.73], [26.13, 26.12, 26.12, 26.12, 26.12, 26.12, 26.13, 26.14, 26.16, 26.17, 26.24, 26.14, 26.06, 26.0, 25.86, 25.82, 25.78, 25.77, 25.76, 25.75], [26.13, 26.13, 26.13, 26.13, 26.13, 26.13, 26.14, 26.15, 26.11, 26.17, 26.21, 26.14, 26.07, 26.02, 25.89, 25.84, 25.81, 25.79, 25.78, 25.77], [26.13, 26.13, 26.13, 26.13, 26.13, 26.14, 26.15, 26.16, 26.1, 26.13, 26.13, 26.11, 26.06, 26.02, 25.9, 25.86, 25.83, 25.81, 25.8, 25.79], [26.13, 26.13, 26.13, 26.14, 26.14, 26.14, 26.15, 26.06, 26.08, 26.09, 26.09, 26.08, 26.05, 26.02, 25.91, 25.87, 25.85, 25.83, 25.81, 25.8]]}