gis_exercise/awsData/contour/temp_2023090922.json
{"header": {"refTime": "2023-09-09T22:00:00.000Z", "nx": 21, "ny": 33, "lo1": 113.509, "la1": 22.2235, "lo2": 113.5947, "la2": 22.1034, "dx": 0.0042850000000001385, "dy": 0.003753125000000024, "parameterCategory": 0, "parameterCategoryName": "Temperature", "parameterNumber": 0}, "z": [[25.86, 25.84, 25.83, 25.42, 25.42, 25.79, 25.76, 25.73, 25.73, 25.54, 25.58, 25.62, 26.04, 26.07, 26.13, 26.15, 26.44, 26.44, 26.44, 26.44], [25.87, 25.85, 25.84, 25.81, 25.43, 25.42, 25.73, 25.67, 25.64, 25.52, 25.58, 25.65, 26.07, 26.1, 26.16, 26.43, 26.44, 26.44, 26.44, 26.44], [25.88, 25.87, 25.85, 25.83, 25.43, 25.43, 25.42, 25.63, 25.46, 25.5, 25.6, 25.7, 26.12, 26.15, 26.43, 26.43, 26.44, 26.44, 26.44, 26.45], [25.89, 25.88, 25.87, 25.85, 25.82, 25.44, 25.43, 25.42, 25.41, 25.51, 25.63, 25.8, 26.21, 26.08, 26.43, 26.44, 26.44, 26.45, 26.45, 26.45], [25.91, 25.9, 25.89, 25.88, 25.86, 25.46, 25.46, 25.45, 25.42, 25.51, 25.64, 26.09, 26.27, 26.13, 26.43, 26.44, 26.45, 26.45, 26.46, 26.45], [25.93, 25.93, 25.92, 25.92, 25.9, 25.89, 25.5, 25.5, 25.46, 25.37, 25.79, 26.0, 26.17, 26.4, 26.43, 26.45, 26.46, 26.47, 26.46, 26.46], [26.17, 25.95, 25.95, 25.95, 25.95, 25.94, 25.77, 25.6, 25.57, 25.52, 25.44, 25.87, 26.4, 26.4, 26.43, 26.45, 26.47, 26.48, 26.48, 26.48], [26.17, 26.17, 26.17, 26.17, 26.17, 25.84, 25.81, 25.83, 25.89, 25.46, 25.08, 25.91, 25.92, 26.4, 26.46, 26.45, 26.47, 26.48, 26.47, 26.46], [26.13, 26.13, 26.19, 26.19, 26.19, 26.18, 26.14, 25.81, 25.62, 25.57, 25.41, 25.65, 25.77, 25.61, 26.46, 26.45, 26.46, 26.47, 26.46, 26.46], [26.3, 26.3, 26.3, 26.16, 26.18, 26.23, 26.2, 26.14, 25.32, 25.38, 25.77, 25.51, 25.59, 25.55, 26.46, 26.44, 26.45, 26.46, 26.46, 26.45], [26.3, 26.3, 26.3, 26.3, 26.3, 26.3, 26.3, 26.3, 26.19, 25.59, 24.8, 25.41, 25.48, 25.49, 26.46, 26.44, 26.45, 26.45, 26.45, 26.45], [26.3, 26.3, 26.3, 26.3, 26.3, 26.3, 26.3, 26.3, 26.3, -999.0, 24.8, 26.4, 26.4, 25.44, 26.46, 26.44, 26.44, 25.7, 25.72, 25.73], [26.3, 26.3, 26.3, 26.3, 26.3, 26.3, 26.3, 26.3, 26.3, 26.3, -999.0, 26.4, 26.4, 25.55, 25.92, 25.99, 26.0, 25.83, 25.85, 25.87], [26.3, 26.3, 26.3, 26.3, 26.3, 26.3, 26.3, 26.3, 26.3, 26.3, -999.0, 25.1, 25.1, 25.1, 25.81, 25.87, 25.9, 25.72, 25.76, 25.79], [26.3, 26.3, 26.3, 26.3, 26.3, 26.3, 26.3, 26.3, 26.3, 26.3, 26.3, 25.84, 25.1, 25.1, 25.1, 25.74, 25.78, 25.62, 25.67, 25.71], [26.3, 26.3, 26.3, 26.3, 26.3, 26.3, 26.3, 26.3, 26.3, 26.3, 25.54, 25.63, 25.51, 25.42, 25.53, 25.5, 25.56, 25.46, 25.76, 25.81], [26.3, 26.3, 26.3, 26.3, 26.3, 26.3, 26.3, 26.3, 26.3, 26.3, 25.78, 25.64, 25.48, 25.33, 25.37, 25.36, 25.45, 25.52, 25.57, 25.6], [26.3, 26.3, 26.3, 26.3, 26.3, 26.3, 26.3, 26.3, 26.3, 26.0, 25.83, 25.65, 25.47, 25.37, 25.14, 25.33, 25.46, 25.54, 25.59, 25.62], [26.3, 26.3, 26.3, 26.3, 26.3, 26.3, 26.3, 26.3, 26.19, 26.07, 25.94, 25.79, 25.63, 25.47, 25.31, 25.4, 25.51, 25.58, 25.63, 25.65], [26.3, 26.3, 26.24, 26.25, 26.25, 26.25, 26.26, 26.28, 26.18, 26.08, 25.95, 25.83, 25.7, 25.61, 25.48, 25.53, 25.6, 25.65, 25.68, 25.69], [26.24, 26.24, 26.24, 26.26, 26.26, 26.26, 26.27, 26.27, 26.09, 26.04, 25.96, 25.87, 25.77, 25.58, 25.61, 25.66, 25.7, 25.73, 25.74, 25.73], [26.25, 26.25, 26.25, 26.26, 26.26, 26.26, 26.26, 26.3, 26.06, 26.02, 25.97, 25.91, 25.81, 25.67, 25.71, 25.76, 25.81, 25.81, 25.79, 25.77], [26.25, 26.25, 26.25, 26.31, 26.31, 26.31, 26.3, 26.3, 26.29, 26.29, 26.29, 26.23, 26.05, 25.73, 25.78, 25.85, 25.92, 25.89, 25.84, 25.8], [26.32, 26.32, 26.32, 26.32, 26.31, 26.31, 26.3, 26.29, 26.28, 26.27, 26.28, 26.27, 26.06, 26.03, 26.02, 25.89, 26.06, 25.9, 25.84, 25.81], [26.32, 26.32, 26.32, 26.32, 26.32, 26.31, 26.3, 26.29, 26.26, 26.24, 26.27, 26.28, 26.29, 26.03, 26.01, 25.99, 25.86, 25.81, 25.83, 25.81], [26.33, 26.33, 26.32, 26.32, 26.32, 26.32, 26.31, 26.29, 26.27, 26.25, 26.28, 26.3, 26.3, 26.03, 26.0, 26.02, 25.97, 25.95, 25.82, 25.81], [26.33, 26.33, 26.33, 26.33, 26.33, 26.32, 26.32, 26.32, 26.31, 26.31, 26.32, 26.33, 26.32, 26.15, 26.1, 26.05, 26.02, 26.0, 26.0, 26.02], [26.33, 26.33, 26.33, 26.33, 26.33, 26.33, 26.34, 26.34, 26.35, 26.37, 26.38, 26.29, 26.24, 26.18, 26.12, 26.08, 26.05, 26.04, 26.03, 26.04], [26.33, 26.33, 26.34, 26.34, 26.34, 26.34, 26.35, 26.36, 26.38, 26.42, 26.44, 26.34, 26.27, 26.2, 26.15, 26.11, 26.08, 26.07, 26.06, 26.06], [26.34, 26.34, 26.34, 26.34, 26.34, 26.35, 26.36, 26.37, 26.32, 26.38, 26.41, 26.35, 26.28, 26.22, 26.17, 26.13, 26.11, 26.09, 26.08, 26.07], [26.34, 26.34, 26.34, 26.34, 26.35, 26.35, 26.36, 26.38, 26.31, 26.34, 26.34, 26.31, 26.27, 26.22, 26.18, 26.15, 26.12, 26.11, 26.09, 26.09], [26.34, 26.34, 26.34, 26.35, 26.35, 26.36, 26.36, 26.27, 26.29, 26.3, 26.3, 26.28, 26.25, 26.22, 26.19, 26.16, 26.14, 26.12, 26.11, 26.1]]}