gis_exercise/awsData/contour/temp_2023090117.json
{"header": {"refTime": "2023-09-01T17:00:00.000Z", "nx": 21, "ny": 33, "lo1": 113.509, "la1": 22.2235, "lo2": 113.5947, "la2": 22.1034, "dx": 0.0042850000000001385, "dy": 0.003753125000000024, "parameterCategory": 0, "parameterCategoryName": "Temperature", "parameterNumber": 0}, "z": [[27.93, 27.92, 27.91, 27.61, 27.61, 27.86, 27.85, 27.83, 27.83, 27.74, 27.78, 27.82, 28.04, 28.06, 28.05, 28.05, 28.18, 28.17, 28.16, 28.16], [27.94, 27.93, 27.92, 27.9, 27.61, 27.61, 27.83, 27.79, 27.77, 27.72, 27.78, 27.84, 28.06, 28.09, 28.07, 28.19, 28.17, 28.16, 28.16, 28.15], [27.95, 27.94, 27.93, 27.91, 27.62, 27.61, 27.61, 27.75, 27.64, 27.7, 27.8, 27.88, 28.11, 28.13, 28.21, 28.19, 28.17, 28.15, 28.15, 28.14], [27.96, 27.95, 27.94, 27.93, 27.9, 27.62, 27.62, 27.61, 27.6, 27.73, 27.83, 27.96, 28.19, 28.11, 28.21, 28.18, 28.16, 28.14, 28.13, 28.13], [27.98, 27.97, 27.96, 27.95, 27.93, 27.63, 27.63, 27.62, 27.61, 27.74, 27.84, 28.13, 28.29, 28.15, 28.21, 28.17, 28.14, 28.12, 28.12, 28.12], [27.99, 27.99, 27.99, 27.98, 27.96, 27.94, 27.65, 27.65, 27.63, 27.58, 27.9, 28.05, 28.18, 28.3, 28.19, 28.15, 28.11, 28.09, 28.1, 28.11], [28.18, 28.01, 28.02, 28.01, 28.0, 27.98, 27.87, 27.7, 27.69, 27.66, 27.62, 27.92, 28.23, 28.25, 28.17, 28.12, 28.06, 28.04, 28.07, 28.1], [28.19, 28.19, 28.19, 28.19, 28.18, 27.95, 27.91, 27.86, 27.84, 27.63, 27.44, 27.85, 27.86, 28.25, 28.04, 28.05, 28.03, 28.02, 28.03, 28.04], [28.11, 28.12, 28.21, 28.22, 28.22, 28.2, 28.14, 27.89, 27.71, 27.69, 27.61, 27.73, 27.78, 27.71, 28.04, 28.05, 28.04, 28.03, 28.04, 28.04], [28.4, 28.4, 28.4, 28.17, 28.2, 28.29, 28.23, 28.14, 27.56, 27.59, 27.79, 27.65, 27.7, 27.67, 28.04, 28.06, 28.05, 28.04, 28.04, 28.05], [28.4, 28.4, 28.4, 28.4, 28.4, 28.4, 28.4, 28.4, 28.22, 27.69, 27.3, 27.6, 27.64, 27.64, 28.04, 28.06, 28.05, 28.05, 28.05, 28.05], [28.4, 28.4, 28.4, 28.4, 28.4, 28.4, 28.4, 28.4, 28.4, -999.0, 27.3, 28.1, 28.1, 27.62, 28.04, 28.06, 28.06, 27.2, 27.22, 27.23], [28.4, 28.4, 28.4, 28.4, 28.4, 28.4, 28.4, 28.4, 28.4, 28.4, -999.0, 28.1, 28.1, 27.12, 27.55, 27.49, 27.5, 27.33, 27.35, 27.37], [28.4, 28.4, 28.4, 28.4, 28.4, 28.4, 28.4, 28.4, 28.4, 28.4, -999.0, 26.6, 26.6, 26.6, 27.42, 27.37, 27.4, 27.22, 27.26, 27.29], [28.4, 28.4, 28.4, 28.4, 28.4, 28.4, 28.4, 28.3, 28.3, 28.3, 28.3, 27.65, 26.6, 26.6, 26.6, 27.24, 27.28, 27.12, 27.17, 27.21], [28.4, 28.4, 28.34, 28.34, 28.33, 28.3, 28.3, 28.3, 28.3, 28.3, 27.23, 27.35, 27.19, 27.05, 27.21, 27.19, 27.28, 27.12, 27.4, 27.46], [28.34, 28.34, 28.36, 28.36, 28.3, 28.3, 28.3, 28.3, 28.3, 28.3, 27.57, 27.36, 27.14, 26.93, 26.98, 26.89, 26.99, 27.07, 27.13, 27.17], [28.36, 28.36, 28.36, 28.36, 28.3, 28.3, 28.3, 28.3, 28.3, 27.87, 27.64, 27.38, 27.12, 26.99, 26.66, 26.86, 27.01, 27.1, 27.16, 27.19], [28.36, 28.36, 28.36, 28.3, 28.3, 28.3, 28.3, 28.3, 28.15, 27.97, 27.77, 27.56, 27.36, 27.13, 26.84, 26.95, 27.07, 27.15, 27.2, 27.23], [28.36, 28.36, 28.19, 28.19, 28.2, 28.21, 28.23, 28.27, 28.12, 27.97, 27.8, 27.62, 27.46, 27.33, 27.04, 27.1, 27.18, 27.23, 27.26, 27.27], [28.18, 28.18, 28.18, 28.22, 28.22, 28.23, 28.23, 28.24, 27.99, 27.92, 27.8, 27.67, 27.57, 27.16, 27.19, 27.25, 27.3, 27.33, 27.33, 27.32], [28.21, 28.21, 28.21, 28.21, 28.21, 28.21, 28.22, 28.25, 27.93, 27.89, 27.81, 27.72, 27.6, 27.26, 27.31, 27.38, 27.44, 27.43, 27.39, 27.36], [28.2, 28.2, 28.2, 28.25, 28.25, 28.25, 28.24, 28.23, 28.22, 28.22, 28.22, 28.19, 27.78, 27.32, 27.39, 27.5, 27.61, 27.53, 27.43, 27.38], [28.26, 28.26, 28.25, 28.25, 28.25, 28.24, 28.23, 28.22, 28.2, 28.19, 28.2, 28.2, 27.79, 27.74, 27.7, 27.54, 27.88, 27.48, 27.41, 27.38], [28.26, 28.26, 28.25, 28.25, 28.25, 28.24, 28.23, 28.21, 28.17, 28.14, 28.19, 28.2, 28.22, 27.73, 27.68, 27.63, 27.4, 27.24, 27.36, 27.36], [28.26, 28.26, 28.25, 28.25, 28.25, 28.24, 28.23, 28.21, 28.18, 28.15, 28.19, 28.22, 28.23, 27.73, 27.67, 27.65, 27.55, 27.5, 27.35, 27.35], [28.26, 28.26, 28.26, 28.25, 28.25, 28.25, 28.24, 28.23, 28.22, 28.22, 28.23, 28.24, 28.24, 27.85, 27.77, 27.69, 27.63, 27.6, 27.61, 27.63], [28.26, 28.26, 28.26, 28.26, 28.26, 28.26, 28.25, 28.26, 28.27, 28.28, 28.29, 28.09, 27.99, 27.87, 27.81, 27.74, 27.69, 27.66, 27.66, 27.66], [28.26, 28.26, 28.26, 28.26, 28.26, 28.26, 28.27, 28.28, 28.3, 28.33, 28.32, 28.16, 28.03, 27.92, 27.86, 27.79, 27.74, 27.71, 27.7, 27.7], [28.26, 28.26, 28.26, 28.27, 28.27, 28.27, 28.28, 28.29, 28.14, 28.22, 28.27, 28.16, 28.05, 27.94, 27.89, 27.83, 27.78, 27.75, 27.73, 27.73], [28.27, 28.27, 28.27, 28.27, 28.27, 28.27, 28.28, 28.29, 28.11, 28.15, 28.16, 28.11, 28.03, 27.95, 27.9, 27.85, 27.81, 27.78, 27.76, 27.75], [28.27, 28.27, 28.27, 28.27, 28.27, 28.28, 28.28, 28.06, 28.08, 28.09, 28.09, 28.06, 28.0, 27.94, 27.91, 27.87, 27.83, 27.8, 27.79, 27.77]]}