gis_exercise/awsData/contour/temp_2023090405.json
{"header": {"refTime": "2023-09-04T05:00:00.000Z", "nx": 21, "ny": 33, "lo1": 113.509, "la1": 22.2235, "lo2": 113.5947, "la2": 22.1034, "dx": 0.0042850000000001385, "dy": 0.003753125000000024, "parameterCategory": 0, "parameterCategoryName": "Temperature", "parameterNumber": 0}, "z": [[27.83, 27.84, 27.84, 27.81, 27.81, 28.13, 28.11, 28.09, 28.1, 28.02, 28.07, 28.13, 28.4, 28.44, 28.51, 28.53, 28.72, 28.72, 28.71, 28.71], [27.83, 27.84, 27.84, 27.84, 27.81, 27.81, 28.09, 28.04, 28.02, 27.99, 28.08, 28.16, 28.44, 28.47, 28.54, 28.73, 28.72, 28.72, 28.71, 28.71], [27.83, 27.83, 27.84, 27.84, 27.82, 27.81, 27.81, 28.0, 27.85, 27.96, 28.09, 28.21, 28.51, 28.53, 28.74, 28.73, 28.72, 28.72, 28.71, 28.71], [27.83, 27.83, 27.84, 27.84, 27.85, 27.82, 27.82, 27.81, 27.8, 27.99, 28.14, 28.31, 28.61, 28.53, 28.74, 28.73, 28.72, 28.71, 28.71, 28.71], [27.83, 27.83, 27.83, 27.84, 27.85, 27.83, 27.83, 27.82, 27.81, 28.03, 28.16, 28.55, 28.75, 28.58, 28.74, 28.72, 28.71, 28.71, 28.71, 28.71], [27.82, 27.82, 27.83, 27.84, 27.85, 27.86, 27.85, 27.85, 27.83, 27.78, 28.25, 28.45, 28.62, 28.77, 28.73, 28.71, 28.71, 28.7, 28.7, 28.7], [27.82, 27.82, 27.82, 27.83, 27.84, 27.86, 27.82, 27.9, 27.89, 27.9, 27.87, 28.28, 28.67, 28.7, 28.7, 28.7, 28.7, 28.7, 28.74, 28.75], [27.81, 27.81, 27.81, 27.81, 27.82, 27.77, 27.82, 27.92, 28.06, 27.86, 27.67, 28.19, 28.2, 28.7, 28.63, 28.6, 28.65, 28.66, 28.64, 28.62], [27.89, 27.88, 27.79, 27.78, 27.78, 27.8, 27.86, 27.85, 27.91, 27.93, 27.88, 28.03, 28.1, 28.01, 28.62, 28.6, 28.62, 28.63, 28.63, 28.62], [27.6, 27.6, 27.6, 27.83, 27.8, 27.71, 27.77, 27.86, 27.76, 27.79, 28.11, 27.94, 27.99, 27.97, 28.62, 28.59, 28.6, 28.61, 28.61, 28.61], [27.6, 27.6, 27.6, 27.6, 27.6, 27.6, 27.6, 27.6, 27.78, 27.89, 27.5, 27.88, 27.93, 27.93, 28.62, 28.58, 28.59, 28.6, 28.6, 28.6], [27.6, 27.6, 27.6, 27.6, 27.6, 27.6, 27.6, 27.6, 27.6, -999.0, 27.5, 28.5, 28.5, 27.9, 28.62, 28.57, 28.58, 27.79, 27.81, 27.82], [27.6, 27.6, 27.6, 27.6, 27.6, 27.6, 27.6, 27.6, 27.6, 27.6, -999.0, 28.5, 28.5, 27.59, 27.99, 28.12, 28.13, 27.93, 27.96, 27.98], [27.6, 27.6, 27.6, 27.6, 27.6, 27.6, 27.6, 27.6, 27.6, 27.6, -999.0, 27.1, 27.1, 27.1, 27.87, 27.98, 28.01, 27.81, 27.85, 27.88], [27.6, 27.6, 27.6, 27.6, 27.6, 27.6, 27.6, 27.5, 27.5, 27.5, 27.5, 27.35, 27.1, 27.1, 27.1, 27.83, 27.88, 27.7, 27.75, 27.8], [27.6, 27.6, 27.54, 27.54, 27.53, 27.5, 27.5, 27.5, 27.5, 27.5, 27.25, 27.28, 27.24, 27.21, 27.24, 27.21, 27.23, 27.2, 27.6, 27.63], [27.54, 27.54, 27.56, 27.56, 27.5, 27.5, 27.5, 27.5, 27.5, 27.5, 27.33, 27.28, 27.23, 27.18, 27.18, 27.15, 27.16, 27.18, 27.18, 27.19], [27.56, 27.56, 27.56, 27.56, 27.5, 27.5, 27.5, 27.5, 27.5, 27.4, 27.34, 27.28, 27.22, 27.18, 27.11, 27.14, 27.17, 27.18, 27.19, 27.19], [27.56, 27.56, 27.56, 27.5, 27.5, 27.5, 27.5, 27.5, 27.46, 27.42, 27.37, 27.32, 27.26, 27.21, 27.14, 27.16, 27.18, 27.19, 27.2, 27.2], [27.56, 27.56, 27.44, 27.45, 27.45, 27.45, 27.46, 27.48, 27.45, 27.41, 27.37, 27.33, 27.29, 27.26, 27.17, 27.18, 27.19, 27.2, 27.21, 27.21], [27.44, 27.44, 27.44, 27.46, 27.46, 27.46, 27.47, 27.47, 27.41, 27.4, 27.37, 27.34, 27.31, 27.19, 27.2, 27.21, 27.21, 27.22, 27.22, 27.21], [27.45, 27.45, 27.45, 27.46, 27.46, 27.46, 27.46, 27.54, 27.39, 27.38, 27.37, 27.34, 27.29, 27.21, 27.22, 27.23, 27.24, 27.24, 27.23, 27.22], [27.45, 27.45, 27.45, 27.56, 27.56, 27.55, 27.54, 27.54, 27.53, 27.53, 27.54, 27.43, 27.31, 27.22, 27.23, 27.25, 27.27, 27.25, 27.23, 27.22], [27.58, 27.58, 27.57, 27.57, 27.56, 27.56, 27.55, 27.53, 27.51, 27.51, 27.53, 27.52, 27.31, 27.3, 27.29, 27.26, 27.33, 27.24, 27.22, 27.22], [27.58, 27.58, 27.58, 27.58, 27.57, 27.56, 27.55, 27.53, 27.49, 27.45, 27.51, 27.53, 27.54, 27.3, 27.28, 27.27, 27.22, 27.18, 27.21, 27.22], [27.59, 27.59, 27.59, 27.58, 27.58, 27.58, 27.57, 27.55, 27.51, 27.47, 27.53, 27.56, 27.57, 27.3, 27.28, 27.34, 27.3, 27.28, 27.21, 27.21], [27.59, 27.59, 27.59, 27.59, 27.59, 27.59, 27.59, 27.58, 27.57, 27.58, 27.6, 27.61, 27.6, 27.48, 27.42, 27.38, 27.34, 27.33, 27.33, 27.34], [27.6, 27.6, 27.6, 27.6, 27.61, 27.61, 27.61, 27.62, 27.65, 27.68, 27.7, 27.63, 27.58, 27.52, 27.46, 27.41, 27.38, 27.36, 27.36, 27.36], [27.6, 27.61, 27.61, 27.61, 27.62, 27.62, 27.64, 27.66, 27.7, 27.77, 27.83, 27.7, 27.61, 27.55, 27.49, 27.45, 27.41, 27.39, 27.39, 27.38], [27.61, 27.61, 27.61, 27.62, 27.63, 27.64, 27.65, 27.68, 27.67, 27.74, 27.79, 27.71, 27.63, 27.57, 27.51, 27.47, 27.44, 27.42, 27.41, 27.4], [27.61, 27.62, 27.62, 27.63, 27.63, 27.64, 27.66, 27.68, 27.66, 27.69, 27.7, 27.67, 27.62, 27.57, 27.53, 27.49, 27.46, 27.44, 27.43, 27.42], [27.62, 27.62, 27.62, 27.63, 27.64, 27.65, 27.66, 27.61, 27.63, 27.65, 27.65, 27.63, 27.6, 27.57, 27.53, 27.5, 27.48, 27.46, 27.44, 27.43]]}