gis_exercise/awsData/contour/temp_2023091220.json
{"header": {"refTime": "2023-09-12T20:00:00.000Z", "nx": 21, "ny": 33, "lo1": 113.509, "la1": 22.2235, "lo2": 113.5947, "la2": 22.1034, "dx": 0.0042850000000001385, "dy": 0.003753125000000024, "parameterCategory": 0, "parameterCategoryName": "Temperature", "parameterNumber": 0}, "z": [[27.54, 27.54, 27.53, 27.31, 27.32, 27.55, 27.55, 27.56, 27.57, 27.47, 27.46, 27.45, 27.62, 27.62, 27.5, 27.48, 27.43, 27.42, 27.41, 27.4], [27.54, 27.53, 27.53, 27.53, 27.32, 27.34, 27.55, 27.56, 27.57, 27.49, 27.47, 27.46, 27.62, 27.62, 27.5, 27.45, 27.43, 27.41, 27.4, 27.39], [27.54, 27.53, 27.53, 27.53, 27.31, 27.34, 27.38, 27.57, 27.59, 27.5, 27.47, 27.47, 27.63, 27.63, 27.48, 27.44, 27.42, 27.39, 27.38, 27.38], [27.54, 27.54, 27.53, 27.53, 27.53, 27.32, 27.35, 27.4, 27.45, 27.47, 27.45, 27.48, 27.64, 27.48, 27.48, 27.44, 27.4, 27.37, 27.36, 27.36], [27.54, 27.54, 27.53, 27.53, 27.52, 27.29, 27.31, 27.32, 27.32, 27.39, 27.41, 27.49, 27.61, 27.51, 27.48, 27.41, 27.36, 27.33, 27.33, 27.34], [27.54, 27.54, 27.54, 27.53, 27.52, 27.51, 27.27, 27.26, 27.24, 27.19, 27.3, 27.42, 27.53, 27.63, 27.46, 27.38, 27.3, 27.27, 27.29, 27.31], [27.52, 27.54, 27.54, 27.54, 27.53, 27.51, 27.27, 27.24, 27.21, 27.11, 27.08, 27.32, 27.59, 27.6, 27.43, 27.35, 27.23, 27.19, 27.21, 27.25], [27.53, 27.53, 27.53, 27.53, 27.52, 27.34, 27.3, 27.27, 27.26, 27.08, 26.92, 27.28, 27.29, 27.6, 27.25, 27.29, 27.2, 27.17, 27.22, 27.26], [27.47, 27.48, 27.55, 27.55, 27.56, 27.54, 27.49, 27.29, 27.14, 27.13, 27.07, 27.17, 27.22, 27.16, 27.26, 27.31, 27.26, 27.24, 27.25, 27.27], [27.7, 27.7, 27.7, 27.51, 27.54, 27.61, 27.56, 27.49, 27.02, 27.04, 27.23, 27.11, 27.15, 27.13, 27.26, 27.33, 27.29, 27.28, 27.28, 27.28], [27.7, 27.7, 27.7, 27.7, 27.7, 27.7, 27.7, 27.7, 27.56, 27.13, 26.8, 27.07, 27.1, 27.1, 27.26, 27.34, 27.31, 27.3, 27.3, 27.3], [27.7, 27.7, 27.7, 27.7, 27.7, 27.7, 27.7, 27.7, 27.7, -999.0, 26.8, 27.5, 27.5, 27.08, 27.25, 27.35, 27.34, 26.7, 26.71, 26.71], [27.7, 27.7, 27.7, 27.7, 27.7, 27.7, 27.7, 27.7, 27.7, 27.7, -999.0, 27.5, 27.5, 26.78, 27.1, 26.85, 26.85, 26.76, 26.78, 26.78], [27.7, 27.7, 27.7, 27.7, 27.7, 27.7, 27.7, 27.7, 27.7, 27.7, -999.0, 26.4, 26.4, 26.4, 27.0, 26.79, 26.8, 26.71, 26.73, 26.74], [27.7, 27.7, 27.7, 27.7, 27.7, 27.7, 27.7, 27.7, 27.7, 27.7, 27.7, 27.2, 26.4, 26.4, 26.4, 26.72, 26.74, 26.66, 26.69, 26.71], [27.7, 27.7, 27.7, 27.7, 27.7, 27.7, 27.7, 27.7, 27.7, 27.7, 26.88, 26.97, 26.85, 26.74, 26.86, 26.58, 26.61, 26.56, 26.72, 26.74], [27.7, 27.7, 27.7, 27.7, 27.7, 27.7, 27.7, 27.7, 27.7, 27.7, 27.14, 26.98, 26.81, 26.65, 26.61, 26.55, 26.6, 26.64, 26.67, 26.69], [27.7, 27.7, 27.7, 27.7, 27.7, 27.7, 27.7, 27.7, 27.7, 27.37, 27.2, 27.0, 26.8, 26.62, 26.43, 26.53, 26.61, 26.65, 26.68, 26.71], [27.7, 27.7, 27.7, 27.7, 27.7, 27.7, 27.7, 27.7, 27.58, 27.45, 27.27, 27.11, 26.85, 26.69, 26.52, 26.57, 26.64, 26.68, 26.71, 26.72], [27.7, 27.7, 27.53, 27.54, 27.55, 27.56, 27.59, 27.65, 27.54, 27.42, 27.28, 27.14, 26.9, 26.8, 26.62, 26.65, 26.69, 26.72, 26.74, 26.75], [27.52, 27.52, 27.53, 27.58, 27.58, 27.59, 27.6, 27.61, 27.43, 27.37, 27.28, 27.18, 26.94, 26.68, 26.69, 26.72, 26.74, 26.76, 26.77, 26.77], [27.56, 27.56, 27.56, 27.57, 27.57, 27.57, 27.57, 27.65, 27.37, 27.33, 27.27, 27.2, 26.89, 26.73, 26.75, 26.78, 26.8, 26.81, 26.8, 26.79], [27.55, 27.55, 27.55, 27.67, 27.66, 27.65, 27.64, 27.63, 27.61, 27.61, 27.62, 27.36, 27.09, 26.76, 26.79, 26.82, 26.85, 26.85, 26.83, 26.81], [27.68, 27.68, 27.67, 27.67, 27.66, 27.65, 27.63, 27.61, 27.57, 27.56, 27.59, 27.43, 27.1, 27.04, 26.99, 26.84, 26.88, 26.87, 26.85, 26.83], [27.68, 27.68, 27.67, 27.67, 27.66, 27.65, 27.63, 27.59, 27.53, 27.48, 27.56, 27.45, 27.42, 27.05, 27.0, 26.96, 26.87, 26.88, 26.85, 26.83], [27.68, 27.68, 27.68, 27.67, 27.67, 27.66, 27.64, 27.61, 27.55, 27.5, 27.49, 27.5, 27.46, 27.06, 27.01, 27.07, 27.02, 27.0, 26.84, 26.83], [27.69, 27.69, 27.68, 27.68, 27.68, 27.67, 27.66, 27.65, 27.63, 27.64, 27.58, 27.56, 27.52, 27.29, 27.2, 27.13, 27.08, 27.06, 27.06, 27.07], [27.69, 27.69, 27.69, 27.69, 27.69, 27.69, 27.69, 27.7, 27.72, 27.68, 27.71, 27.66, 27.58, 27.5, 27.26, 27.19, 27.14, 27.11, 27.1, 27.11], [27.7, 27.7, 27.7, 27.7, 27.7, 27.71, 27.72, 27.74, 27.78, 27.8, 27.91, 27.75, 27.63, 27.54, 27.31, 27.24, 27.19, 27.16, 27.14, 27.14], [27.7, 27.7, 27.7, 27.71, 27.71, 27.72, 27.73, 27.76, 27.71, 27.8, 27.85, 27.75, 27.65, 27.56, 27.35, 27.28, 27.23, 27.2, 27.18, 27.17], [27.7, 27.71, 27.71, 27.71, 27.72, 27.73, 27.74, 27.77, 27.69, 27.73, 27.75, 27.7, 27.64, 27.57, 27.37, 27.31, 27.26, 27.23, 27.21, 27.19], [27.71, 27.71, 27.71, 27.72, 27.72, 27.73, 27.75, 27.63, 27.66, 27.68, 27.68, 27.66, 27.61, 27.57, 27.38, 27.33, 27.29, 27.26, 27.23, 27.22]]}