gis_exercise/awsData/contour/temp_2023090714.json
{"header": {"refTime": "2023-09-07T14:00:00.000Z", "nx": 21, "ny": 33, "lo1": 113.509, "la1": 22.2235, "lo2": 113.5947, "la2": 22.1034, "dx": 0.0042850000000001385, "dy": 0.003753125000000024, "parameterCategory": 0, "parameterCategoryName": "Temperature", "parameterNumber": 0}, "z": [[28.63, 28.62, 28.62, 28.49, 28.49, 28.62, 28.62, 28.62, 28.63, 28.64, 28.65, 28.66, 28.86, 28.88, 28.7, 28.69, 28.84, 28.83, 28.82, 28.82], [28.63, 28.63, 28.62, 28.62, 28.49, 28.5, 28.61, 28.62, 28.62, 28.63, 28.65, 28.67, 28.87, 28.89, 28.7, 28.85, 28.83, 28.82, 28.81, 28.81], [28.63, 28.63, 28.62, 28.62, 28.49, 28.5, 28.52, 28.61, 28.6, 28.63, 28.66, 28.69, 28.88, 28.9, 28.86, 28.84, 28.82, 28.8, 28.79, 28.79], [28.64, 28.63, 28.63, 28.62, 28.61, 28.49, 28.5, 28.52, 28.54, 28.63, 28.67, 28.72, 28.9, 28.87, 28.86, 28.83, 28.8, 28.78, 28.77, 28.77], [28.64, 28.64, 28.63, 28.63, 28.61, 28.48, 28.48, 28.49, 28.49, 28.63, 28.67, 28.86, 28.89, 28.88, 28.86, 28.82, 28.77, 28.74, 28.74, 28.75], [28.65, 28.64, 28.64, 28.63, 28.62, 28.6, 28.46, 28.46, 28.46, 28.45, 28.79, 28.85, 28.89, 29.0, 28.86, 28.79, 28.72, 28.68, 28.7, 28.73], [28.68, 28.65, 28.65, 28.65, 28.63, 28.61, 28.53, 28.44, 28.43, 28.56, 28.6, 28.86, 29.07, 29.05, 28.87, 28.77, 28.64, 28.59, 28.57, 28.6], [28.69, 28.69, 28.69, 28.69, 28.68, 28.59, 28.54, 28.47, 28.45, 28.53, 28.49, 28.95, 28.96, 29.05, 28.76, 28.84, 28.68, 28.63, 28.72, 28.77], [28.61, 28.62, 28.71, 28.72, 28.72, 28.7, 28.64, 28.52, 28.4, 28.57, 28.71, 28.83, 28.88, 28.81, 28.78, 28.86, 28.78, 28.74, 28.76, 28.79], [28.9, 28.9, 28.9, 28.67, 28.7, 28.79, 28.73, 28.64, 28.4, 28.4, 28.89, 28.75, 28.8, 28.77, 28.78, 28.89, 28.84, 28.81, 28.81, 28.82], [28.9, 28.9, 28.9, 28.9, 28.9, 28.9, 28.9, 28.9, 28.72, 28.4, 28.4, 28.7, 28.74, 28.74, 28.77, 28.92, 28.88, 28.85, 28.85, 28.85], [28.9, 28.9, 28.9, 28.9, 28.9, 28.9, 28.9, 28.9, 28.9, -999.0, 28.4, 29.2, 29.2, 28.72, 28.76, 28.94, 28.92, 28.05, 28.06, 28.06], [28.9, 28.9, 28.9, 28.9, 28.9, 28.9, 28.9, 28.9, 28.9, 28.9, -999.0, 29.2, 29.2, 28.22, 28.65, 28.21, 28.21, 28.12, 28.13, 28.14], [28.9, 28.9, 28.9, 28.9, 28.9, 28.9, 28.9, 28.9, 28.9, 28.9, -999.0, 27.7, 27.7, 27.7, 28.52, 28.14, 28.15, 28.05, 28.08, 28.09], [28.9, 28.9, 28.9, 28.9, 28.9, 28.9, 28.9, 29.7, 29.7, 29.7, 29.7, 28.93, 27.7, 27.7, 27.7, 28.07, 28.09, 28.0, 28.03, 28.05], [28.9, 28.9, 29.4, 29.41, 29.43, 29.7, 29.7, 29.7, 29.7, 29.7, 28.44, 28.58, 28.39, 28.23, 28.41, 27.85, 27.87, 27.83, 28.02, 28.04], [29.41, 29.42, 29.18, 29.2, 29.7, 29.7, 29.7, 29.7, 29.7, 29.7, 28.84, 28.59, 28.33, 28.09, 27.98, 27.96, 28.05, 28.12, 28.18, 28.22], [29.19, 29.2, 29.21, 29.23, 29.7, 29.7, 29.7, 29.7, 29.7, 29.19, 28.92, 28.62, 28.31, 28.0, 27.74, 27.93, 28.06, 28.14, 28.2, 28.24], [29.2, 29.21, 29.23, 29.7, 29.7, 29.7, 29.7, 29.7, 29.52, 29.31, 28.99, 28.74, 28.32, 28.09, 27.91, 28.0, 28.11, 28.19, 28.24, 28.27], [29.21, 29.23, 29.3, 29.32, 29.35, 29.38, 29.44, 29.58, 29.43, 29.23, 29.0, 28.79, 28.39, 28.22, 28.08, 28.13, 28.2, 28.25, 28.29, 28.31], [29.27, 29.28, 29.3, 29.41, 29.43, 29.45, 29.47, 29.5, 29.22, 29.13, 28.98, 28.83, 28.43, 28.18, 28.2, 28.24, 28.28, 28.32, 28.34, 28.36], [29.37, 29.38, 29.38, 29.39, 29.39, 29.4, 29.4, 29.44, 29.1, 29.04, 28.95, 28.85, 28.25, 28.26, 28.29, 28.32, 28.35, 28.38, 28.4, 28.4], [29.36, 29.36, 29.36, 29.42, 29.41, 29.41, 29.39, 29.37, 29.35, 29.33, 29.34, 28.97, 28.73, 28.32, 28.35, 28.38, 28.38, 28.44, 28.46, 28.45], [29.42, 29.42, 29.41, 29.41, 29.4, 29.38, 29.35, 29.31, 29.26, 29.24, 29.27, 28.93, 28.74, 28.69, 28.64, 28.42, 28.3, 28.56, 28.54, 28.49], [29.42, 29.41, 29.41, 29.4, 29.38, 29.36, 29.33, 29.27, 29.18, 29.11, 29.22, 28.97, 28.9, 28.71, 28.66, 28.63, 28.62, 28.76, 28.59, 28.52], [29.41, 29.41, 29.4, 29.39, 29.38, 29.36, 29.32, 29.27, 29.19, 29.12, 29.04, 29.02, 28.95, 28.72, 28.69, 28.77, 28.77, 28.79, 28.57, 28.52], [29.41, 29.41, 29.4, 29.39, 29.38, 29.36, 29.34, 29.31, 29.28, 29.28, 29.12, 29.09, 29.02, 28.96, 28.88, 28.83, 28.81, 28.8, 28.8, 28.8], [29.41, 29.41, 29.4, 29.39, 29.38, 29.37, 29.36, 29.36, 29.37, 29.24, 29.27, 29.35, 29.31, 29.28, 28.94, 28.88, 28.85, 28.83, 28.83, 28.82], [29.41, 29.41, 29.4, 29.4, 29.39, 29.39, 29.39, 29.4, 29.43, 29.37, 29.53, 29.42, 29.35, 29.3, 28.99, 28.93, 28.89, 28.86, 28.85, 28.85], [29.41, 29.41, 29.4, 29.4, 29.4, 29.4, 29.41, 29.42, 29.38, 29.45, 29.49, 29.42, 29.36, 29.32, 29.02, 28.96, 28.92, 28.89, 28.88, 28.87], [29.41, 29.41, 29.41, 29.41, 29.41, 29.41, 29.42, 29.43, 29.37, 29.4, 29.42, 29.39, 29.35, 29.32, 29.04, 28.99, 28.95, 28.92, 28.9, 28.89], [29.41, 29.41, 29.41, 29.41, 29.41, 29.41, 29.42, 29.33, 29.35, 29.37, 29.38, 29.36, 29.34, 29.32, 29.05, 29.0, 28.97, 28.94, 28.92, 28.9]]}