gis_exercise/awsData/contour/temp_2023091005.json
{"header": {"refTime": "2023-09-10T05:00:00.000Z", "nx": 21, "ny": 33, "lo1": 113.509, "la1": 22.2235, "lo2": 113.5947, "la2": 22.1034, "dx": 0.0042850000000001385, "dy": 0.003753125000000024, "parameterCategory": 0, "parameterCategoryName": "Temperature", "parameterNumber": 0}, "z": [[25.88, 25.87, 25.87, 25.6, 25.61, 25.86, 25.86, 25.85, 25.85, 25.75, 25.78, 25.8, 26.06, 26.08, 26.12, 26.13, 26.27, 26.27, 26.27, 26.27], [25.89, 25.88, 25.87, 25.86, 25.61, 25.61, 25.84, 25.82, 25.81, 25.75, 25.78, 25.82, 26.08, 26.1, 26.14, 26.27, 26.27, 26.27, 26.27, 26.27], [25.89, 25.88, 25.88, 25.86, 25.61, 25.61, 25.63, 25.8, 25.73, 25.74, 25.79, 25.85, 26.11, 26.13, 26.27, 26.27, 26.27, 26.28, 26.28, 26.28], [25.9, 25.89, 25.89, 25.87, 25.86, 25.61, 25.62, 25.63, 25.65, 25.74, 25.81, 25.91, 26.17, 26.06, 26.28, 26.28, 26.28, 26.28, 26.28, 26.28], [25.91, 25.9, 25.9, 25.89, 25.87, 25.61, 25.61, 25.61, 25.61, 25.73, 25.8, 26.07, 26.2, 26.09, 26.27, 26.28, 26.28, 26.28, 26.28, 26.28], [25.92, 25.92, 25.91, 25.91, 25.89, 25.88, 25.61, 25.61, 25.59, 25.54, 25.85, 26.0, 26.12, 26.27, 26.27, 26.28, 26.28, 26.28, 26.28, 26.28], [26.02, 25.93, 25.93, 25.93, 25.92, 25.9, 25.75, 25.64, 25.62, 25.6, 25.57, 25.9, 26.24, 26.25, 26.27, 26.28, 26.29, 26.29, 26.3, 26.3], [26.03, 26.03, 26.03, 26.03, 26.02, 25.82, 25.78, 25.75, 25.76, 25.56, 25.37, 25.89, 25.9, 26.25, 26.26, 26.25, 26.27, 26.28, 26.27, 26.26], [25.97, 25.98, 26.05, 26.05, 26.06, 26.04, 25.99, 25.76, 25.61, 25.63, 25.58, 25.73, 25.8, 25.71, 26.26, 26.25, 26.26, 26.27, 26.26, 26.26], [26.2, 26.2, 26.2, 26.01, 26.04, 26.11, 26.06, 25.99, 25.46, 25.49, 25.81, 25.64, 25.69, 25.67, 26.26, 26.24, 26.25, 26.26, 26.26, 26.25], [26.2, 26.2, 26.2, 26.2, 26.2, 26.2, 26.2, 26.2, 26.06, 25.59, 25.2, 25.58, 25.63, 25.63, 26.26, 26.24, 26.25, 26.25, 26.25, 26.25], [26.2, 26.2, 26.2, 26.2, 26.2, 26.2, 26.2, 26.2, 26.2, -999.0, 25.2, 26.2, 26.2, 25.6, 26.26, 26.24, 26.24, 25.67, 25.69, 25.69], [26.2, 26.2, 26.2, 26.2, 26.2, 26.2, 26.2, 26.2, 26.2, 26.2, -999.0, 26.2, 26.2, 25.55, 25.83, 25.9, 25.91, 25.77, 25.79, 25.8], [26.2, 26.2, 26.2, 26.2, 26.2, 26.2, 26.2, 26.2, 26.2, 26.2, -999.0, 25.2, 25.2, 25.2, 25.75, 25.81, 25.83, 25.69, 25.72, 25.74], [26.2, 26.2, 26.2, 26.2, 26.2, 26.2, 26.2, 26.1, 26.1, 26.1, 26.1, 25.75, 25.2, 25.2, 25.2, 25.7, 25.74, 25.61, 25.65, 25.68], [26.2, 26.2, 26.14, 26.14, 26.13, 26.1, 26.1, 26.1, 26.1, 26.1, 25.53, 25.6, 25.51, 25.44, 25.52, 25.53, 25.58, 25.49, 25.73, 25.77], [26.14, 26.14, 26.16, 26.16, 26.1, 26.1, 26.1, 26.1, 26.1, 26.1, 25.71, 25.6, 25.48, 25.38, 25.41, 25.42, 25.5, 25.57, 25.61, 25.64], [26.16, 26.16, 26.16, 26.16, 26.1, 26.1, 26.1, 26.1, 26.1, 25.87, 25.75, 25.62, 25.48, 25.41, 25.23, 25.4, 25.51, 25.58, 25.63, 25.66], [26.16, 26.16, 26.16, 26.1, 26.1, 26.1, 26.1, 26.1, 26.02, 25.92, 25.86, 25.75, 25.61, 25.49, 25.38, 25.47, 25.56, 25.62, 25.66, 25.69], [26.16, 26.16, 26.16, 26.15, 26.15, 26.15, 26.14, 26.12, 26.03, 25.96, 25.88, 25.79, 25.67, 25.6, 25.53, 25.58, 25.64, 25.68, 25.71, 25.72], [26.16, 26.16, 26.16, 26.14, 26.14, 26.14, 26.13, 26.13, 25.98, 25.95, 25.89, 25.83, 25.73, 25.62, 25.65, 25.69, 25.73, 25.75, 25.76, 25.76], [26.15, 26.15, 26.15, 26.14, 26.14, 26.14, 26.14, 26.15, 25.98, 25.96, 25.92, 25.87, 25.81, 25.7, 25.73, 25.78, 25.82, 25.82, 25.81, 25.79], [26.15, 26.15, 26.15, 26.16, 26.16, 26.16, 26.16, 26.16, 26.17, 26.17, 26.17, 26.14, 26.05, 25.75, 25.79, 25.85, 25.91, 25.89, 25.85, 25.82], [26.16, 26.16, 26.16, 26.17, 26.17, 26.17, 26.17, 26.17, 26.18, 26.18, 26.18, 26.18, 26.05, 26.03, 26.01, 25.89, 26.01, 25.91, 25.86, 25.83], [26.17, 26.17, 26.17, 26.17, 26.17, 26.17, 26.18, 26.18, 26.19, 26.19, 26.19, 26.18, 26.17, 26.03, 26.0, 25.98, 25.88, 25.85, 25.85, 25.83], [26.17, 26.17, 26.17, 26.17, 26.17, 26.18, 26.18, 26.18, 26.19, 26.19, 26.19, 26.18, 26.17, 26.03, 26.0, 25.98, 25.96, 25.94, 25.84, 25.83], [26.17, 26.17, 26.17, 26.17, 26.17, 26.18, 26.18, 26.18, 26.19, 26.19, 26.19, 26.18, 26.18, 26.04, 26.02, 25.99, 25.98, 25.97, 25.97, 25.98], [26.17, 26.17, 26.17, 26.17, 26.18, 26.18, 26.18, 26.18, 26.19, 26.19, 26.19, 26.14, 26.11, 26.08, 26.03, 26.01, 25.99, 25.99, 25.98, 25.99], [26.17, 26.17, 26.17, 26.18, 26.18, 26.18, 26.18, 26.19, 26.19, 26.19, 26.18, 26.15, 26.12, 26.09, 26.04, 26.02, 26.01, 26.0, 26.0, 26.0], [26.17, 26.17, 26.17, 26.18, 26.18, 26.18, 26.18, 26.19, 26.15, 26.17, 26.17, 26.15, 26.12, 26.1, 26.05, 26.03, 26.02, 26.01, 26.01, 26.0], [26.17, 26.17, 26.18, 26.18, 26.18, 26.18, 26.18, 26.18, 26.15, 26.15, 26.15, 26.14, 26.12, 26.1, 26.05, 26.04, 26.03, 26.02, 26.01, 26.01], [26.17, 26.17, 26.18, 26.18, 26.18, 26.18, 26.18, 26.13, 26.14, 26.14, 26.14, 26.13, 26.11, 26.1, 26.06, 26.04, 26.03, 26.03, 26.02, 26.02]]}