gis_exercise/awsData/contour/temp_2023091301.json
{"header": {"refTime": "2023-09-13T01:00:00.000Z", "nx": 21, "ny": 33, "lo1": 113.509, "la1": 22.2235, "lo2": 113.5947, "la2": 22.1034, "dx": 0.0042850000000001385, "dy": 0.003753125000000024, "parameterCategory": 0, "parameterCategoryName": "Temperature", "parameterNumber": 0}, "z": [[26.8, 26.79, 26.79, 26.54, 26.55, 26.82, 26.82, 26.82, 26.83, 26.72, 26.72, 26.73, 26.92, 26.93, 26.92, 26.92, 26.91, 26.91, 26.9, 26.9], [26.8, 26.8, 26.79, 26.79, 26.55, 26.57, 26.81, 26.82, 26.82, 26.73, 26.73, 26.74, 26.93, 26.94, 26.93, 26.92, 26.91, 26.9, 26.9, 26.89], [26.8, 26.8, 26.79, 26.79, 26.54, 26.56, 26.6, 26.81, 26.8, 26.74, 26.73, 26.76, 26.95, 26.95, 26.94, 26.92, 26.91, 26.9, 26.89, 26.89], [26.8, 26.8, 26.8, 26.79, 26.79, 26.55, 26.58, 26.62, 26.66, 26.71, 26.73, 26.79, 26.98, 26.81, 26.94, 26.92, 26.9, 26.89, 26.88, 26.88], [26.81, 26.8, 26.8, 26.79, 26.79, 26.53, 26.54, 26.55, 26.55, 26.65, 26.69, 26.83, 26.99, 26.85, 26.94, 26.91, 26.89, 26.88, 26.87, 26.87], [26.81, 26.81, 26.8, 26.8, 26.79, 26.78, 26.51, 26.5, 26.48, 26.42, 26.6, 26.75, 26.88, 27.0, 26.92, 26.89, 26.87, 26.85, 26.86, 26.87], [26.82, 26.81, 26.81, 26.81, 26.8, 26.78, 26.55, 26.49, 26.46, 26.36, 26.32, 26.62, 26.93, 26.95, 26.9, 26.88, 26.84, 26.83, 26.86, 26.87], [26.83, 26.83, 26.83, 26.83, 26.82, 26.62, 26.58, 26.55, 26.54, 26.33, 26.14, 26.55, 26.56, 26.95, 26.8, 26.8, 26.8, 26.8, 26.8, 26.8], [26.77, 26.78, 26.85, 26.85, 26.86, 26.84, 26.79, 26.56, 26.41, 26.39, 26.31, 26.43, 26.48, 26.41, 26.8, 26.8, 26.8, 26.8, 26.8, 26.8], [27.0, 27.0, 27.0, 26.81, 26.84, 26.91, 26.86, 26.79, 26.26, 26.29, 26.49, 26.35, 26.4, 26.37, 26.8, 26.8, 26.8, 26.8, 26.8, 26.8], [27.0, 27.0, 27.0, 27.0, 27.0, 27.0, 27.0, 27.0, 26.86, 26.39, 26.0, 26.3, 26.34, 26.34, 26.8, 26.8, 26.8, 26.8, 26.8, 26.8], [27.0, 27.0, 27.0, 27.0, 27.0, 27.0, 27.0, 27.0, 27.0, -999.0, 26.0, 26.8, 26.8, 26.32, 26.8, 26.8, 26.8, 26.29, 26.3, 26.3], [27.0, 27.0, 27.0, 27.0, 27.0, 27.0, 27.0, 27.0, 27.0, 27.0, -999.0, 26.8, 26.8, 26.21, 26.47, 26.47, 26.48, 26.37, 26.38, 26.39], [27.0, 27.0, 27.0, 27.0, 27.0, 27.0, 27.0, 27.0, 27.0, 27.0, -999.0, 25.9, 25.9, 25.9, 26.39, 26.4, 26.41, 26.3, 26.32, 26.34], [27.0, 27.0, 27.0, 27.0, 27.0, 27.0, 27.0, 27.2, 27.2, 27.2, 27.2, 26.7, 25.9, 25.9, 25.9, 26.31, 26.34, 26.24, 26.27, 26.29], [27.0, 27.0, 27.13, 27.13, 27.13, 27.2, 27.2, 27.2, 27.2, 27.2, 26.38, 26.47, 26.35, 26.24, 26.36, 26.16, 26.2, 26.13, 26.32, 26.35], [27.13, 27.13, 27.07, 27.07, 27.2, 27.2, 27.2, 27.2, 27.2, 27.2, 26.64, 26.48, 26.31, 26.15, 26.13, 26.09, 26.16, 26.22, 26.25, 26.28], [27.07, 27.07, 27.08, 27.08, 27.2, 27.2, 27.2, 27.2, 27.2, 26.87, 26.7, 26.5, 26.3, 26.15, 25.93, 26.07, 26.17, 26.23, 26.27, 26.3], [27.08, 27.08, 27.08, 27.2, 27.2, 27.2, 27.2, 27.2, 27.08, 26.95, 26.79, 26.62, 26.38, 26.22, 26.06, 26.13, 26.21, 26.27, 26.3, 26.32], [27.08, 27.08, 27.09, 27.09, 27.1, 27.11, 27.13, 27.17, 27.06, 26.94, 26.8, 26.67, 26.44, 26.34, 26.19, 26.23, 26.28, 26.32, 26.34, 26.35], [27.08, 27.08, 27.08, 27.12, 27.12, 27.13, 27.13, 27.14, 26.95, 26.89, 26.81, 26.71, 26.5, 26.26, 26.28, 26.32, 26.35, 26.37, 26.38, 26.38], [27.11, 27.11, 27.11, 27.11, 27.11, 27.11, 27.12, 27.11, 26.9, 26.87, 26.81, 26.74, 26.48, 26.33, 26.36, 26.39, 26.42, 26.43, 26.42, 26.41], [27.1, 27.1, 27.1, 27.1, 27.1, 27.1, 27.1, 27.09, 27.09, 27.08, 27.08, 26.95, 26.72, 26.37, 26.41, 26.45, 26.49, 26.49, 26.46, 26.44], [27.1, 27.1, 27.1, 27.1, 27.09, 27.09, 27.08, 27.07, 27.06, 27.06, 27.06, 26.93, 26.73, 26.68, 26.64, 26.48, 26.56, 26.51, 26.48, 26.45], [27.1, 27.1, 27.09, 27.09, 27.09, 27.08, 27.08, 27.06, 27.04, 27.02, 27.05, 26.94, 26.91, 26.68, 26.64, 26.6, 26.51, 26.5, 26.48, 26.46], [27.1, 27.09, 27.09, 27.09, 27.09, 27.08, 27.07, 27.06, 27.04, 27.03, 26.98, 26.96, 26.92, 26.69, 26.65, 26.63, 26.6, 26.59, 26.47, 26.45], [27.09, 27.09, 27.09, 27.09, 27.08, 27.08, 27.07, 27.07, 27.06, 27.06, 26.99, 26.97, 26.94, 26.75, 26.7, 26.66, 26.64, 26.62, 26.63, 26.63], [27.09, 27.09, 27.09, 27.09, 27.08, 27.08, 27.08, 27.07, 27.07, 27.01, 27.02, 26.98, 26.94, 26.9, 26.73, 26.69, 26.67, 26.65, 26.65, 26.65], [27.09, 27.09, 27.09, 27.09, 27.08, 27.08, 27.08, 27.08, 27.08, 27.04, 27.07, 27.01, 26.96, 26.91, 26.76, 26.72, 26.69, 26.68, 26.67, 26.67], [27.09, 27.09, 27.09, 27.09, 27.09, 27.08, 27.08, 27.08, 27.0, 27.03, 27.05, 27.01, 26.96, 26.92, 26.78, 26.74, 26.71, 26.7, 26.69, 26.68], [27.09, 27.09, 27.09, 27.09, 27.09, 27.08, 27.08, 27.08, 26.99, 27.01, 27.01, 26.99, 26.96, 26.92, 26.79, 26.75, 26.73, 26.71, 26.7, 26.7], [27.09, 27.09, 27.09, 27.09, 27.09, 27.09, 27.09, 26.97, 26.98, 26.98, 26.98, 26.97, 26.95, 26.92, 26.79, 26.76, 26.74, 26.73, 26.71, 26.71]]}