gis_exercise/awsData/contour/temp_2023090509.json
{"header": {"refTime": "2023-09-05T09:00:00.000Z", "nx": 21, "ny": 33, "lo1": 113.509, "la1": 22.2235, "lo2": 113.5947, "la2": 22.1034, "dx": 0.0042850000000001385, "dy": 0.003753125000000024, "parameterCategory": 0, "parameterCategoryName": "Temperature", "parameterNumber": 0}, "z": [[30.23, 30.24, 30.25, 30.11, 30.13, 30.51, 30.53, 30.54, 30.56, 30.53, 30.54, 30.55, 30.94, 30.96, 30.81, 30.8, 30.95, 30.94, 30.93, 30.92], [30.22, 30.23, 30.24, 30.25, 30.13, 30.17, 30.52, 30.55, 30.57, 30.54, 30.55, 30.57, 30.96, 30.98, 30.82, 30.96, 30.94, 30.93, 30.92, 30.91], [30.22, 30.22, 30.23, 30.24, 30.11, 30.15, 30.22, 30.55, 30.59, 30.55, 30.56, 30.6, 30.98, 31.0, 30.98, 30.96, 30.93, 30.91, 30.9, 30.9], [30.21, 30.21, 30.22, 30.23, 30.24, 30.12, 30.17, 30.26, 30.35, 30.52, 30.56, 30.65, 31.02, 30.83, 30.99, 30.95, 30.91, 30.89, 30.88, 30.88], [30.2, 30.2, 30.2, 30.21, 30.21, 30.07, 30.09, 30.12, 30.13, 30.45, 30.52, 30.83, 30.99, 30.87, 30.99, 30.93, 30.88, 30.85, 30.85, 30.86], [30.19, 30.19, 30.19, 30.19, 30.18, 30.17, 30.01, 29.99, 29.97, 29.94, 30.55, 30.75, 30.9, 31.13, 30.98, 30.9, 30.82, 30.79, 30.81, 30.83], [30.02, 30.18, 30.18, 30.17, 30.16, 30.14, 29.85, 29.9, 29.87, 29.98, 30.05, 30.64, 31.16, 31.15, 30.97, 30.87, 30.74, 30.69, 30.69, 30.72], [30.03, 30.03, 30.03, 30.03, 30.02, 29.91, 29.87, 29.82, 29.86, 29.93, 29.8, 30.71, 30.72, 31.15, 30.82, 30.89, 30.76, 30.71, 30.78, 30.83], [29.97, 29.98, 30.05, 30.05, 30.06, 30.04, 29.99, 29.85, 29.74, 30.01, 30.21, 30.45, 30.57, 30.41, 30.84, 30.91, 30.84, 30.8, 30.82, 30.85], [30.2, 30.2, 30.2, 30.01, 30.04, 30.11, 30.06, 29.99, 29.69, 29.7, 30.57, 30.31, 30.39, 30.35, 30.84, 30.94, 30.89, 30.86, 30.86, 30.87], [30.2, 30.2, 30.2, 30.2, 30.2, 30.2, 30.2, 30.2, 30.06, 29.73, 29.6, 30.21, 30.28, 30.29, 30.83, 30.96, 30.92, 30.9, 30.9, 30.9], [30.2, 30.2, 30.2, 30.2, 30.2, 30.2, 30.2, 30.2, 30.2, -999.0, 29.6, 31.2, 31.2, 30.24, 30.83, 30.98, 30.96, 29.86, 29.88, 29.88], [30.2, 30.2, 30.2, 30.2, 30.2, 30.2, 30.2, 30.2, 30.2, 30.2, -999.0, 31.2, 31.2, 29.96, 30.51, 30.13, 30.14, 29.98, 30.0, 30.01], [30.2, 30.2, 30.2, 30.2, 30.2, 30.2, 30.2, 30.2, 30.2, 30.2, -999.0, 29.3, 29.3, 29.3, 30.34, 30.02, 30.04, 29.88, 29.91, 29.94], [30.2, 30.2, 30.2, 30.2, 30.2, 30.2, 30.2, 30.4, 30.4, 30.4, 30.4, 29.98, 29.3, 29.3, 29.3, 29.9, 29.93, 29.78, 29.83, 29.87], [30.2, 30.2, 30.33, 30.33, 30.33, 30.4, 30.4, 30.4, 30.4, 30.4, 29.71, 29.79, 29.68, 29.59, 29.69, 29.48, 29.51, 29.46, 29.77, 29.81], [30.33, 30.33, 30.27, 30.27, 30.4, 30.4, 30.4, 30.4, 30.4, 30.4, 29.93, 29.79, 29.65, 29.51, 29.49, 29.39, 29.42, 29.45, 29.47, 29.48], [30.27, 30.27, 30.28, 30.28, 30.4, 30.4, 30.4, 30.4, 30.4, 30.12, 29.97, 29.81, 29.64, 29.5, 29.33, 29.38, 29.43, 29.46, 29.48, 29.49], [30.28, 30.28, 30.28, 30.4, 30.4, 30.4, 30.4, 30.4, 30.3, 30.19, 30.08, 29.95, 29.69, 29.56, 29.38, 29.41, 29.45, 29.47, 29.49, 29.5], [30.28, 30.28, 30.4, 30.4, 30.4, 30.4, 30.4, 30.4, 30.3, 30.21, 30.1, 29.99, 29.74, 29.65, 29.44, 29.46, 29.48, 29.5, 29.51, 29.51], [30.4, 30.4, 30.4, 30.4, 30.4, 30.4, 30.4, 30.4, 30.23, 30.18, 30.11, 30.03, 29.78, 29.48, 29.49, 29.5, 29.52, 29.53, 29.53, 29.53], [30.4, 30.4, 30.4, 30.4, 30.4, 30.4, 30.4, 30.35, 30.21, 30.18, 30.13, 30.07, 29.82, 29.51, 29.52, 29.55, 29.56, 29.56, 29.55, 29.54], [30.4, 30.4, 30.4, 30.32, 30.33, 30.33, 30.34, 30.34, 30.34, 30.34, 30.34, 30.24, 29.9, 29.53, 29.55, 29.58, 29.62, 29.59, 29.56, 29.55], [30.31, 30.31, 30.32, 30.32, 30.32, 30.33, 30.33, 30.34, 30.35, 30.35, 30.34, 30.18, 29.92, 29.84, 29.76, 29.6, 29.7, 29.58, 29.55, 29.55], [30.31, 30.31, 30.31, 30.31, 30.32, 30.32, 30.32, 30.33, 30.35, 30.37, 30.34, 30.19, 30.13, 29.84, 29.76, 29.7, 29.55, 29.5, 29.54, 29.54], [30.31, 30.31, 30.31, 30.31, 30.31, 30.31, 30.31, 30.32, 30.34, 30.36, 30.25, 30.19, 30.14, 29.85, 29.78, 29.67, 29.63, 29.61, 29.54, 29.54], [30.3, 30.3, 30.3, 30.3, 30.3, 30.3, 30.3, 30.3, 30.3, 30.3, 30.2, 30.17, 30.13, 29.78, 29.73, 29.69, 29.66, 29.65, 29.65, 29.66], [30.3, 30.3, 30.3, 30.29, 30.29, 30.29, 30.28, 30.27, 30.26, 30.17, 30.16, 30.09, 30.04, 29.98, 29.76, 29.72, 29.7, 29.68, 29.68, 29.68], [30.29, 30.29, 30.29, 30.29, 30.28, 30.28, 30.27, 30.25, 30.23, 30.14, 30.1, 30.08, 30.04, 30.0, 29.78, 29.75, 29.72, 29.71, 29.7, 29.7], [30.29, 30.29, 30.29, 30.28, 30.28, 30.27, 30.26, 30.24, 30.1, 30.1, 30.09, 30.07, 30.04, 30.0, 29.8, 29.77, 29.74, 29.73, 29.72, 29.71], [30.29, 30.29, 30.28, 30.28, 30.27, 30.27, 30.25, 30.24, 30.09, 30.08, 30.08, 30.06, 30.04, 30.0, 29.81, 29.78, 29.76, 29.74, 29.73, 29.73], [30.29, 30.28, 30.28, 30.28, 30.27, 30.26, 30.25, 30.08, 30.07, 30.07, 30.06, 30.05, 30.03, 30.0, 29.82, 29.79, 29.77, 29.76, 29.74, 29.74]]}