gis_exercise/awsData/contour/temp_2023090805.json
{"header": {"refTime": "2023-09-08T05:00:00.000Z", "nx": 21, "ny": 33, "lo1": 113.509, "la1": 22.2235, "lo2": 113.5947, "la2": 22.1034, "dx": 0.0042850000000001385, "dy": 0.003753125000000024, "parameterCategory": 0, "parameterCategoryName": "Temperature", "parameterNumber": 0}, "z": [[25.15, 25.14, 25.14, 24.97, 24.98, 25.05, 25.04, 25.04, 25.04, 25.03, 25.04, 25.05, 25.1, 25.11, 25.2, 25.21, 25.24, 25.25, 25.25, 25.26], [25.15, 25.15, 25.14, 25.13, 24.98, 24.98, 25.04, 25.03, 25.03, 25.03, 25.04, 25.05, 25.11, 25.12, 25.2, 25.24, 25.25, 25.25, 25.26, 25.26], [25.16, 25.15, 25.14, 25.13, 24.98, 24.98, 24.98, 25.03, 25.01, 25.02, 25.04, 25.07, 25.12, 25.13, 25.23, 25.24, 25.25, 25.26, 25.27, 25.27], [25.17, 25.16, 25.15, 25.14, 25.13, 24.98, 24.98, 24.98, 24.99, 25.03, 25.05, 25.08, 25.14, 25.12, 25.23, 25.25, 25.26, 25.27, 25.28, 25.27], [25.18, 25.17, 25.16, 25.15, 25.14, 24.97, 24.98, 24.98, 24.98, 25.03, 25.05, 25.12, 25.17, 25.13, 25.23, 25.25, 25.28, 25.29, 25.29, 25.28], [25.19, 25.18, 25.18, 25.17, 25.16, 25.14, 24.97, 24.97, 24.97, 24.96, 25.06, 25.1, 25.14, 25.17, 25.23, 25.27, 25.3, 25.32, 25.31, 25.3], [25.28, 25.2, 25.2, 25.19, 25.18, 25.16, 25.1, 24.98, 24.97, 24.97, 24.97, 25.06, 25.14, 25.15, 25.23, 25.28, 25.34, 25.36, 25.36, 25.35], [25.29, 25.29, 25.29, 25.29, 25.28, 25.17, 25.12, 25.05, 24.99, 24.97, 24.93, 25.04, 25.04, 25.15, 25.29, 25.26, 25.32, 25.35, 25.31, 25.28], [25.21, 25.22, 25.31, 25.32, 25.32, 25.3, 25.24, 25.1, 24.97, 24.98, 24.98, 25.01, 25.02, 25.0, 25.28, 25.24, 25.28, 25.3, 25.29, 25.27], [25.5, 25.5, 25.5, 25.27, 25.3, 25.39, 25.33, 25.24, 24.94, 24.95, 25.02, 24.99, 25.0, 24.99, 25.28, 25.23, 25.26, 25.27, 25.27, 25.26], [25.5, 25.5, 25.5, 25.5, 25.5, 25.5, 25.5, 25.5, 25.32, 24.97, 24.9, 24.98, 24.99, 24.99, 25.28, 25.22, 25.24, 25.25, 25.25, 25.25], [25.5, 25.5, 25.5, 25.5, 25.5, 25.5, 25.5, 25.5, 25.5, -999.0, 24.9, 25.1, 25.1, 24.98, 25.29, 25.21, 25.22, 24.89, 24.9, 24.9], [25.5, 25.5, 25.5, 25.5, 25.5, 25.5, 25.5, 25.5, 25.5, 25.5, -999.0, 25.1, 25.1, 24.71, 24.88, 25.07, 25.08, 24.97, 24.98, 24.99], [25.5, 25.5, 25.5, 25.5, 25.5, 25.5, 25.5, 25.5, 25.5, 25.5, -999.0, 24.5, 24.5, 24.5, 24.83, 25.0, 25.01, 24.9, 24.92, 24.94], [25.5, 25.5, 25.5, 25.5, 25.5, 25.5, 25.5, 25.3, 25.3, 25.3, 25.3, 24.99, 24.5, 24.5, 24.5, 24.91, 24.94, 24.84, 24.87, 24.89], [25.5, 25.5, 25.37, 25.37, 25.37, 25.3, 25.3, 25.3, 25.3, 25.3, 24.8, 24.85, 24.78, 24.71, 24.79, 24.57, 24.58, 24.56, 24.79, 24.81], [25.37, 25.37, 25.43, 25.43, 25.3, 25.3, 25.3, 25.3, 25.3, 25.3, 24.96, 24.86, 24.75, 24.66, 24.62, 24.55, 24.56, 24.57, 24.58, 24.59], [25.43, 25.43, 25.42, 25.42, 25.3, 25.3, 25.3, 25.3, 25.3, 25.1, 24.99, 24.87, 24.74, 24.63, 24.52, 24.54, 24.56, 24.58, 24.59, 24.59], [25.42, 25.42, 25.42, 25.3, 25.3, 25.3, 25.3, 25.3, 25.23, 25.14, 25.07, 24.97, 24.76, 24.66, 24.54, 24.55, 24.57, 24.59, 24.59, 24.6], [25.42, 25.42, 25.3, 25.3, 25.3, 25.3, 25.3, 25.3, 25.22, 25.16, 25.08, 25.0, 24.78, 24.72, 24.57, 24.58, 24.59, 24.6, 24.6, 24.6], [25.3, 25.3, 25.3, 25.3, 25.3, 25.3, 25.3, 25.3, 25.18, 25.14, 25.09, 25.03, 24.8, 24.59, 24.59, 24.6, 24.61, 24.61, 24.61, 24.61], [25.3, 25.3, 25.3, 25.3, 25.3, 25.3, 25.3, 25.23, 25.16, 25.14, 25.11, 25.06, 24.82, 24.6, 24.61, 24.62, 24.63, 24.63, 24.62, 24.62], [25.3, 25.3, 25.3, 25.2, 25.2, 25.21, 25.21, 25.22, 25.22, 25.22, 25.22, 25.14, 24.89, 24.61, 24.62, 24.63, 24.65, 24.64, 24.63, 24.62], [25.18, 25.19, 25.19, 25.19, 25.2, 25.2, 25.21, 25.22, 25.23, 25.23, 25.22, 25.05, 24.91, 24.84, 24.78, 24.64, 24.67, 24.64, 24.63, 24.63], [25.18, 25.18, 25.18, 25.18, 25.19, 25.19, 25.2, 25.21, 25.24, 25.26, 25.22, 25.06, 25.01, 24.84, 24.78, 24.73, 24.63, 24.62, 24.63, 24.63], [25.17, 25.17, 25.18, 25.18, 25.18, 25.18, 25.18, 25.2, 25.22, 25.25, 25.13, 25.06, 25.0, 24.85, 24.79, 24.69, 24.67, 24.66, 24.63, 24.62], [25.17, 25.17, 25.17, 25.17, 25.17, 25.16, 25.16, 25.17, 25.17, 25.16, 25.06, 25.03, 24.99, 24.74, 24.72, 24.7, 24.69, 24.68, 24.68, 24.69], [25.16, 25.16, 25.16, 25.16, 25.15, 25.15, 25.14, 25.13, 25.11, 25.02, 24.99, 24.97, 24.96, 24.93, 24.73, 24.71, 24.7, 24.69, 24.69, 24.69], [25.16, 25.16, 25.15, 25.15, 25.14, 25.14, 25.12, 25.11, 25.07, 24.96, 24.92, 24.95, 24.95, 24.93, 24.74, 24.73, 24.71, 24.71, 24.7, 24.7], [25.16, 25.15, 25.15, 25.14, 25.14, 25.13, 25.11, 25.09, 24.97, 24.95, 24.93, 24.94, 24.94, 24.93, 24.75, 24.74, 24.72, 24.72, 24.71, 24.71], [25.15, 25.15, 25.14, 25.14, 25.13, 25.12, 25.11, 25.09, 24.97, 24.95, 24.94, 24.94, 24.94, 24.93, 24.76, 24.74, 24.73, 24.72, 24.72, 24.71], [25.15, 25.15, 25.14, 25.13, 25.13, 25.12, 25.11, 24.97, 24.97, 24.96, 24.95, 24.94, 24.94, 24.93, 24.76, 24.75, 24.74, 24.73, 24.72, 24.72]]}