gis_exercise/awsData/contour/temp_2023090513.json
{"header": {"refTime": "2023-09-05T13:00:00.000Z", "nx": 21, "ny": 33, "lo1": 113.509, "la1": 22.2235, "lo2": 113.5947, "la2": 22.1034, "dx": 0.0042850000000001385, "dy": 0.003753125000000024, "parameterCategory": 0, "parameterCategoryName": "Temperature", "parameterNumber": 0}, "z": [[32.89, 32.89, 32.89, 32.86, 32.86, 33.07, 33.07, 33.07, 33.09, 33.26, 33.33, 33.4, 33.38, 33.4, 33.65, 33.67, 33.67, 33.67, 33.66, 33.66], [32.9, 32.89, 32.89, 32.88, 32.86, 32.86, 33.05, 33.04, 33.03, 33.21, 33.33, 33.43, 33.42, 33.44, 33.69, 33.68, 33.68, 33.67, 33.67, 33.66], [32.9, 32.89, 32.89, 32.88, 32.85, 32.86, 32.87, 33.0, 32.93, 33.16, 33.35, 33.49, 33.5, 33.51, 33.71, 33.69, 33.68, 33.68, 33.67, 33.67], [32.9, 32.9, 32.89, 32.88, 32.87, 32.85, 32.86, 32.87, 32.88, 33.23, 33.41, 33.59, 33.63, 33.65, 33.72, 33.69, 33.68, 33.68, 33.68, 33.67], [32.91, 32.91, 32.9, 32.89, 32.87, 32.84, 32.84, 32.85, 32.86, 33.33, 33.48, 33.69, 33.92, 33.69, 33.71, 33.69, 33.69, 33.69, 33.69, 33.68], [32.92, 32.92, 32.91, 32.9, 32.88, 32.85, 32.81, 32.81, 32.83, 32.88, 33.43, 33.57, 33.73, 33.7, 33.67, 33.68, 33.7, 33.71, 33.7, 33.68], [32.94, 32.93, 32.93, 32.92, 32.9, 32.86, 32.88, 32.74, 32.76, 32.9, 32.99, 33.32, 33.42, 33.49, 33.61, 33.66, 33.73, 33.75, 33.86, 33.87], [32.96, 32.96, 32.96, 32.96, 32.94, 32.96, 32.89, 32.74, 32.6, 32.92, 33.11, 32.99, 32.99, 33.5, 33.46, 33.37, 33.56, 33.64, 33.52, 33.45], [32.84, 32.85, 33.0, 33.01, 33.01, 32.98, 32.88, 32.84, 32.72, 32.88, 33.08, 33.04, 33.02, 33.05, 33.44, 33.33, 33.45, 33.49, 33.47, 33.42], [33.3, 33.3, 33.3, 32.93, 32.98, 33.12, 33.02, 32.88, 32.9, 32.86, 33.02, 33.07, 33.05, 33.06, 33.44, 33.29, 33.37, 33.4, 33.41, 33.39], [33.3, 33.3, 33.3, 33.3, 33.3, 33.3, 33.3, 33.3, 33.02, 32.74, 33.2, 33.09, 33.07, 33.07, 33.45, 33.26, 33.32, 33.35, 33.36, 33.35], [33.3, 33.3, 33.3, 33.3, 33.3, 33.3, 33.3, 33.3, 33.3, -999.0, 33.2, 32.9, 32.9, 33.08, 33.46, 33.23, 33.27, 33.74, 33.74, 33.74], [33.3, 33.3, 33.3, 33.3, 33.3, 33.3, 33.3, 33.3, 33.3, 33.3, -999.0, 32.9, 32.9, 33.42, 33.19, 33.76, 33.76, 33.75, 33.75, 33.75], [33.3, 33.3, 33.3, 33.3, 33.3, 33.3, 33.3, 33.3, 33.3, 33.3, -999.0, 33.7, 33.7, 33.7, 33.26, 33.76, 33.76, 33.74, 33.75, 33.75], [33.3, 33.3, 33.3, 33.3, 33.3, 33.3, 33.3, 33.5, 33.5, 33.5, 33.5, 33.58, 33.7, 33.7, 33.7, 33.75, 33.75, 33.74, 33.74, 33.74], [33.3, 33.3, 33.43, 33.43, 33.43, 33.5, 33.5, 33.5, 33.5, 33.5, 33.63, 33.61, 33.63, 33.65, 33.63, 32.89, 32.77, 32.99, 33.12, 33.09], [33.43, 33.43, 33.37, 33.37, 33.5, 33.5, 33.5, 33.5, 33.5, 33.5, 33.59, 33.61, 33.64, 33.66, 33.43, 33.37, 33.26, 33.17, 33.11, 33.07], [33.37, 33.37, 33.38, 33.38, 33.5, 33.5, 33.5, 33.5, 33.5, 33.55, 33.58, 33.61, 33.64, 33.44, 33.66, 33.41, 33.24, 33.14, 33.07, 33.04], [33.38, 33.38, 33.38, 33.5, 33.5, 33.5, 33.5, 33.5, 33.52, 33.54, 33.5, 33.52, 33.25, 33.33, 33.43, 33.31, 33.17, 33.08, 33.02, 33.0], [33.38, 33.38, 33.33, 33.34, 33.35, 33.36, 33.39, 33.45, 33.49, 33.48, 33.49, 33.51, 33.15, 33.16, 33.2, 33.13, 33.04, 32.98, 32.95, 32.95], [33.32, 33.32, 33.33, 33.38, 33.38, 33.39, 33.4, 33.41, 33.46, 33.46, 33.47, 33.48, 33.03, 33.07, 33.02, 32.95, 32.89, 32.87, 32.88, 32.9], [33.36, 33.36, 33.36, 33.37, 33.37, 33.37, 33.37, 33.4, 33.43, 33.43, 33.44, 33.45, 32.83, 32.95, 32.88, 32.79, 32.72, 32.74, 32.81, 32.86], [33.35, 33.35, 33.35, 33.39, 33.39, 33.38, 33.38, 33.37, 33.36, 33.35, 33.35, 32.84, 32.81, 32.88, 32.78, 32.64, 32.48, 32.62, 32.78, 32.84], [33.39, 33.39, 33.39, 33.39, 33.38, 33.37, 33.36, 33.34, 33.32, 33.31, 33.33, 32.86, 32.83, 32.75, 32.67, 32.6, 32.05, 32.73, 32.84, 32.86], [33.39, 33.39, 33.39, 33.38, 33.38, 33.37, 33.35, 33.33, 33.28, 33.25, 33.3, 32.92, 32.77, 32.78, 32.72, 32.68, 32.88, 33.17, 32.93, 32.89], [33.39, 33.39, 33.39, 33.38, 33.37, 33.37, 33.35, 33.33, 33.29, 33.26, 33.07, 32.97, 32.84, 32.81, 32.77, 32.82, 32.89, 32.95, 32.93, 32.91], [33.39, 33.39, 33.39, 33.38, 33.38, 33.37, 33.36, 33.35, 33.34, 33.33, 33.1, 33.03, 32.91, 32.96, 32.9, 32.88, 32.89, 32.91, 32.9, 32.88], [33.39, 33.39, 33.39, 33.38, 33.38, 33.38, 33.37, 33.37, 33.38, 33.19, 33.2, 33.46, 33.47, 33.5, 32.96, 32.92, 32.91, 32.9, 32.9, 32.89], [33.39, 33.39, 33.39, 33.39, 33.38, 33.38, 33.39, 33.39, 33.41, 33.29, 33.49, 33.47, 33.48, 33.5, 33.0, 32.95, 32.93, 32.92, 32.91, 32.9], [33.39, 33.39, 33.39, 33.39, 33.39, 33.39, 33.39, 33.4, 33.45, 33.47, 33.48, 33.48, 33.48, 33.5, 33.02, 32.98, 32.95, 32.93, 32.92, 32.91], [33.39, 33.39, 33.39, 33.39, 33.39, 33.39, 33.4, 33.41, 33.46, 33.47, 33.48, 33.48, 33.49, 33.5, 33.04, 33.0, 32.97, 32.95, 32.93, 32.92], [33.39, 33.39, 33.39, 33.39, 33.4, 33.4, 33.4, 33.46, 33.46, 33.47, 33.47, 33.48, 33.49, 33.5, 33.04, 33.01, 32.98, 32.96, 32.94, 32.93]]}