gis_exercise/awsData/contour/temp_2023091022.json
{"header": {"refTime": "2023-09-10T22:00:00.000Z", "nx": 21, "ny": 33, "lo1": 113.509, "la1": 22.2235, "lo2": 113.5947, "la2": 22.1034, "dx": 0.0042850000000001385, "dy": 0.003753125000000024, "parameterCategory": 0, "parameterCategoryName": "Temperature", "parameterNumber": 0}, "z": [[25.89, 25.88, 25.88, 25.64, 25.65, 25.87, 25.87, 25.86, 25.87, 25.8, 25.82, 25.83, 26.05, 26.07, 26.05, 26.06, 26.16, 26.16, 26.16, 26.16], [25.89, 25.89, 25.88, 25.87, 25.65, 25.66, 25.86, 25.85, 25.85, 25.8, 25.82, 25.84, 26.07, 26.08, 26.06, 26.17, 26.16, 26.16, 26.16, 26.16], [25.9, 25.89, 25.88, 25.88, 25.65, 25.66, 25.68, 25.84, 25.81, 25.8, 25.83, 25.87, 26.09, 26.1, 26.17, 26.17, 26.16, 26.16, 26.16, 26.15], [25.9, 25.9, 25.89, 25.88, 25.87, 25.65, 25.67, 25.69, 25.72, 25.8, 25.83, 25.9, 26.12, 26.02, 26.17, 26.16, 26.16, 26.15, 26.15, 26.15], [25.91, 25.9, 25.9, 25.89, 25.88, 25.64, 25.65, 25.65, 25.65, 25.77, 25.82, 26.02, 26.13, 26.05, 26.17, 26.16, 26.15, 26.15, 26.14, 26.15], [25.92, 25.91, 25.91, 25.9, 25.89, 25.87, 25.63, 25.63, 25.61, 25.57, 25.85, 25.97, 26.07, 26.2, 26.17, 26.15, 26.14, 26.13, 26.14, 26.14], [25.98, 25.93, 25.92, 25.92, 25.91, 25.89, 25.72, 25.62, 25.6, 25.61, 25.61, 25.9, 26.2, 26.2, 26.17, 26.15, 26.13, 26.12, 26.12, 26.12], [25.99, 25.99, 25.99, 25.99, 25.98, 25.8, 25.75, 25.7, 25.68, 25.58, 25.44, 25.92, 25.93, 26.2, 26.14, 26.15, 26.13, 26.12, 26.13, 26.14], [25.91, 25.92, 26.01, 26.02, 26.02, 26.0, 25.94, 25.73, 25.57, 25.64, 25.65, 25.78, 25.84, 25.76, 26.14, 26.15, 26.14, 26.13, 26.14, 26.14], [26.2, 26.2, 26.2, 25.97, 26.0, 26.09, 26.03, 25.94, 25.47, 25.49, 25.85, 25.7, 25.74, 25.72, 26.14, 26.16, 26.15, 26.14, 26.14, 26.15], [26.2, 26.2, 26.2, 26.2, 26.2, 26.2, 26.2, 26.2, 26.02, 25.56, 25.3, 25.64, 25.68, 25.69, 26.14, 26.16, 26.15, 26.15, 26.15, 26.15], [26.2, 26.2, 26.2, 26.2, 26.2, 26.2, 26.2, 26.2, 26.2, -999.0, 25.3, 26.2, 26.2, 25.66, 26.14, 26.16, 26.16, 25.59, 25.6, 25.6], [26.2, 26.2, 26.2, 26.2, 26.2, 26.2, 26.2, 26.2, 26.2, 26.2, -999.0, 26.2, 26.2, 25.55, 25.83, 25.77, 25.78, 25.67, 25.68, 25.69], [26.2, 26.2, 26.2, 26.2, 26.2, 26.2, 26.2, 26.2, 26.2, 26.2, -999.0, 25.2, 25.2, 25.2, 25.75, 25.7, 25.71, 25.6, 25.62, 25.64], [26.2, 26.2, 26.2, 26.2, 26.2, 26.2, 26.2, 26.3, 26.3, 26.3, 26.3, 25.88, 25.2, 25.2, 25.2, 25.61, 25.64, 25.54, 25.57, 25.59], [26.2, 26.2, 26.26, 26.26, 26.27, 26.3, 26.3, 26.3, 26.3, 26.3, 25.61, 25.69, 25.58, 25.49, 25.59, 25.46, 25.5, 25.43, 25.62, 25.65], [26.26, 26.26, 26.24, 26.24, 26.3, 26.3, 26.3, 26.3, 26.3, 26.3, 25.83, 25.69, 25.55, 25.41, 25.41, 25.39, 25.46, 25.52, 25.55, 25.58], [26.24, 26.24, 26.24, 26.24, 26.3, 26.3, 26.3, 26.3, 26.3, 26.02, 25.87, 25.71, 25.54, 25.42, 25.23, 25.37, 25.47, 25.53, 25.57, 25.6], [26.24, 26.24, 26.24, 26.3, 26.3, 26.3, 26.3, 26.3, 26.2, 26.09, 25.96, 25.83, 25.63, 25.49, 25.36, 25.43, 25.51, 25.57, 25.6, 25.62], [26.24, 26.24, 26.24, 26.25, 26.25, 26.25, 26.26, 26.28, 26.19, 26.09, 25.98, 25.86, 25.68, 25.6, 25.49, 25.53, 25.58, 25.62, 25.64, 25.65], [26.24, 26.24, 26.24, 26.26, 26.26, 26.26, 26.27, 26.27, 26.11, 26.06, 25.99, 25.9, 25.73, 25.56, 25.58, 25.62, 25.65, 25.67, 25.68, 25.68], [26.25, 26.25, 26.25, 26.26, 26.26, 26.26, 26.26, 26.27, 26.07, 26.04, 26.0, 25.94, 25.75, 25.63, 25.66, 25.69, 25.72, 25.73, 25.72, 25.71], [26.25, 26.25, 26.25, 26.26, 26.26, 26.26, 26.26, 26.26, 26.25, 26.25, 26.25, 26.15, 25.98, 25.67, 25.71, 25.75, 25.79, 25.79, 25.76, 25.74], [26.26, 26.26, 26.26, 26.26, 26.26, 26.26, 26.25, 26.25, 26.24, 26.24, 26.24, 26.15, 25.99, 25.95, 25.92, 25.78, 25.86, 25.81, 25.78, 25.75], [26.26, 26.26, 26.26, 26.26, 26.26, 26.26, 26.25, 26.24, 26.23, 26.22, 26.23, 26.16, 26.14, 25.96, 25.92, 25.89, 25.81, 25.8, 25.78, 25.76], [26.26, 26.26, 26.26, 26.26, 26.26, 26.26, 26.25, 26.24, 26.23, 26.22, 26.19, 26.17, 26.15, 25.96, 25.93, 25.92, 25.89, 25.88, 25.77, 25.75], [26.26, 26.26, 26.26, 26.26, 26.26, 26.26, 26.25, 26.25, 26.25, 26.24, 26.2, 26.19, 26.17, 26.01, 25.97, 25.94, 25.92, 25.91, 25.91, 25.92], [26.26, 26.26, 26.26, 26.26, 26.26, 26.26, 26.26, 26.26, 26.26, 26.22, 26.23, 26.2, 26.16, 26.12, 26.0, 25.97, 25.94, 25.93, 25.93, 25.93], [26.26, 26.26, 26.26, 26.26, 26.26, 26.26, 26.26, 26.26, 26.27, 26.25, 26.27, 26.22, 26.18, 26.14, 26.02, 25.99, 25.97, 25.95, 25.95, 25.94], [26.26, 26.26, 26.26, 26.26, 26.26, 26.26, 26.26, 26.27, 26.21, 26.24, 26.26, 26.22, 26.18, 26.15, 26.03, 26.0, 25.98, 25.97, 25.96, 25.96], [26.26, 26.26, 26.26, 26.26, 26.26, 26.26, 26.27, 26.27, 26.2, 26.22, 26.22, 26.2, 26.18, 26.15, 26.04, 26.02, 26.0, 25.98, 25.97, 25.97], [26.26, 26.26, 26.26, 26.26, 26.27, 26.27, 26.27, 26.19, 26.19, 26.2, 26.2, 26.19, 26.17, 26.15, 26.05, 26.02, 26.01, 25.99, 25.98, 25.98]]}