gis_exercise/awsData/contour/temp_2023091002.json
{"header": {"refTime": "2023-09-10T02:00:00.000Z", "nx": 21, "ny": 33, "lo1": 113.509, "la1": 22.2235, "lo2": 113.5947, "la2": 22.1034, "dx": 0.0042850000000001385, "dy": 0.003753125000000024, "parameterCategory": 0, "parameterCategoryName": "Temperature", "parameterNumber": 0}, "z": [[25.7, 25.7, 25.72, 25.73, 25.74, 25.85, 25.86, 25.88, 25.88, 25.83, 25.81, 25.79, 25.92, 25.92, 25.92, 25.92, 25.92, 25.93, 25.93, 25.93], [25.69, 25.7, 25.71, 25.72, 25.74, 25.76, 25.87, 25.9, 25.91, 25.86, 25.82, 25.79, 25.91, 25.91, 25.91, 25.92, 25.93, 25.93, 25.93, 25.94], [25.68, 25.69, 25.7, 25.71, 25.73, 25.75, 25.79, 25.91, 25.98, 25.88, 25.81, 25.78, 25.9, 25.9, 25.91, 25.92, 25.93, 25.93, 25.94, 25.94], [25.67, 25.68, 25.69, 25.7, 25.72, 25.74, 25.77, 25.82, 25.86, 25.84, 25.79, 25.77, 25.88, 25.77, 25.91, 25.92, 25.93, 25.94, 25.94, 25.95], [25.66, 25.66, 25.67, 25.68, 25.69, 25.71, 25.72, 25.74, 25.74, 25.77, 25.74, 25.76, 25.79, 25.78, 25.91, 25.93, 25.94, 25.95, 25.95, 25.95], [25.65, 25.65, 25.65, 25.66, 25.66, 25.68, 25.68, 25.67, 25.66, 25.63, 25.7, 25.75, 25.78, 25.87, 25.92, 25.94, 25.96, 25.96, 25.96, 25.96], [25.49, 25.63, 25.63, 25.63, 25.63, 25.64, 25.5, 25.63, 25.61, 25.59, 25.59, 25.75, 25.91, 25.9, 25.93, 25.95, 25.97, 25.98, 25.96, 25.95], [25.49, 25.48, 25.48, 25.49, 25.49, 25.48, 25.5, 25.53, 25.6, 25.56, 25.49, 25.82, 25.82, 25.9, 26.0, 26.0, 26.0, 26.0, 26.0, 26.0], [25.51, 25.51, 25.48, 25.47, 25.47, 25.48, 25.5, 25.51, 25.54, 25.6, 25.63, 25.72, 25.76, 25.7, 26.0, 26.0, 26.0, 26.0, 26.0, 26.0], [25.4, 25.4, 25.4, 25.49, 25.48, 25.45, 25.47, 25.5, 25.49, 25.5, 25.76, 25.66, 25.7, 25.68, 26.0, 26.0, 26.0, 26.0, 26.0, 26.0], [25.4, 25.4, 25.4, 25.4, 25.4, 25.4, 25.4, 25.4, 25.47, 25.53, 25.4, 25.63, 25.66, 25.66, 26.0, 26.0, 26.0, 26.0, 26.0, 26.0], [25.4, 25.4, 25.4, 25.4, 25.4, 25.4, 25.4, 25.4, 25.4, -999.0, 25.4, 26.0, 26.0, 25.64, 26.0, 26.0, 26.0, 25.66, 25.67, 25.67], [25.4, 25.4, 25.4, 25.4, 25.4, 25.4, 25.4, 25.4, 25.4, 25.4, -999.0, 26.0, 26.0, 25.61, 25.78, 25.78, 25.79, 25.71, 25.72, 25.73], [25.4, 25.4, 25.4, 25.4, 25.4, 25.4, 25.4, 25.4, 25.4, 25.4, -999.0, 25.4, 25.4, 25.4, 25.73, 25.73, 25.74, 25.67, 25.68, 25.69], [25.4, 25.4, 25.4, 25.4, 25.4, 25.4, 25.4, 25.5, 25.5, 25.5, 25.5, 25.46, 25.4, 25.4, 25.4, 25.67, 25.69, 25.62, 25.64, 25.66], [25.4, 25.4, 25.46, 25.46, 25.47, 25.5, 25.5, 25.5, 25.5, 25.5, 25.44, 25.44, 25.43, 25.43, 25.44, 25.44, 25.44, 25.43, 25.58, 25.6], [25.46, 25.46, 25.44, 25.44, 25.5, 25.5, 25.5, 25.5, 25.5, 25.5, 25.46, 25.44, 25.43, 25.42, 25.42, 25.44, 25.46, 25.47, 25.48, 25.49], [25.44, 25.44, 25.44, 25.44, 25.5, 25.5, 25.5, 25.5, 25.5, 25.47, 25.46, 25.45, 25.43, 25.42, 25.4, 25.44, 25.46, 25.47, 25.48, 25.49], [25.44, 25.44, 25.44, 25.5, 25.5, 25.5, 25.5, 25.5, 25.49, 25.48, 25.43, 25.42, 25.45, 25.43, 25.44, 25.45, 25.47, 25.48, 25.49, 25.5], [25.44, 25.44, 25.39, 25.39, 25.4, 25.41, 25.43, 25.47, 25.47, 25.45, 25.43, 25.42, 25.45, 25.44, 25.46, 25.47, 25.48, 25.49, 25.5, 25.5], [25.38, 25.38, 25.38, 25.42, 25.42, 25.43, 25.43, 25.44, 25.44, 25.43, 25.42, 25.41, 25.46, 25.48, 25.48, 25.49, 25.5, 25.51, 25.51, 25.51], [25.41, 25.41, 25.41, 25.41, 25.41, 25.41, 25.42, 25.36, 25.41, 25.41, 25.4, 25.4, 25.4, 25.5, 25.5, 25.51, 25.51, 25.52, 25.52, 25.52], [25.4, 25.4, 25.4, 25.33, 25.33, 25.33, 25.33, 25.33, 25.33, 25.32, 25.32, 25.41, 25.46, 25.51, 25.51, 25.52, 25.52, 25.53, 25.53, 25.52], [25.31, 25.31, 25.31, 25.32, 25.32, 25.32, 25.31, 25.31, 25.31, 25.3, 25.3, 25.3, 25.45, 25.48, 25.5, 25.53, 25.52, 25.54, 25.54, 25.53], [25.31, 25.31, 25.31, 25.31, 25.3, 25.3, 25.3, 25.3, 25.29, 25.3, 25.29, 25.29, 25.3, 25.47, 25.5, 25.52, 25.55, 25.56, 25.54, 25.53], [25.3, 25.3, 25.3, 25.3, 25.29, 25.29, 25.29, 25.28, 25.28, 25.29, 25.27, 25.27, 25.29, 25.47, 25.49, 25.48, 25.51, 25.52, 25.54, 25.53], [25.3, 25.29, 25.29, 25.29, 25.28, 25.28, 25.27, 25.27, 25.26, 25.25, 25.25, 25.25, 25.27, 25.39, 25.43, 25.46, 25.48, 25.49, 25.49, 25.48], [25.29, 25.29, 25.28, 25.28, 25.27, 25.27, 25.26, 25.25, 25.23, 25.21, 25.2, 25.23, 25.27, 25.31, 25.4, 25.43, 25.46, 25.47, 25.47, 25.47], [25.29, 25.28, 25.28, 25.27, 25.27, 25.26, 25.25, 25.23, 25.21, 25.17, 25.14, 25.2, 25.25, 25.29, 25.38, 25.41, 25.43, 25.45, 25.45, 25.46], [25.28, 25.28, 25.28, 25.27, 25.26, 25.25, 25.24, 25.22, 25.21, 25.18, 25.16, 25.2, 25.24, 25.28, 25.37, 25.4, 25.42, 25.43, 25.44, 25.44], [25.28, 25.28, 25.27, 25.27, 25.26, 25.25, 25.24, 25.22, 25.22, 25.21, 25.2, 25.22, 25.25, 25.28, 25.36, 25.38, 25.4, 25.42, 25.43, 25.43], [25.28, 25.27, 25.27, 25.26, 25.26, 25.25, 25.24, 25.25, 25.24, 25.23, 25.23, 25.24, 25.26, 25.28, 25.35, 25.38, 25.39, 25.41, 25.42, 25.42]]}