gis_exercise/awsData/contour/temp_2023090415.json
{"header": {"refTime": "2023-09-04T15:00:00.000Z", "nx": 21, "ny": 33, "lo1": 113.509, "la1": 22.2235, "lo2": 113.5947, "la2": 22.1034, "dx": 0.0042850000000001385, "dy": 0.003753125000000024, "parameterCategory": 0, "parameterCategoryName": "Temperature", "parameterNumber": 0}, "z": [[34.23, 34.22, 34.22, 33.83, 33.85, 33.98, 34.0, 34.01, 34.01, 33.84, 33.78, 33.73, 34.08, 34.08, 33.87, 33.86, 34.0, 34.01, 34.01, 34.01], [34.23, 34.22, 34.22, 34.21, 33.85, 33.87, 34.01, 34.05, 34.06, 33.89, 33.79, 33.73, 34.06, 34.05, 33.85, 33.99, 34.0, 34.0, 34.01, 34.01], [34.23, 34.23, 34.22, 34.21, 33.84, 33.87, 33.92, 34.07, 34.17, 33.93, 33.78, 33.7, 34.01, 34.02, 33.97, 33.98, 33.99, 34.0, 34.0, 34.01], [34.24, 34.23, 34.22, 34.22, 34.21, 33.85, 33.89, 33.95, 34.01, 33.85, 33.72, 33.65, 33.93, 33.75, 33.96, 33.98, 33.99, 34.0, 34.0, 34.0], [34.24, 34.24, 34.23, 34.22, 34.21, 33.82, 33.84, 33.85, 33.84, 33.71, 33.64, 33.71, 33.66, 33.75, 33.96, 33.99, 33.99, 33.99, 33.99, 34.0], [34.25, 34.25, 34.24, 34.23, 34.22, 34.19, 33.79, 33.78, 33.74, 33.67, 33.71, 33.76, 33.75, 33.97, 34.0, 34.0, 33.98, 33.97, 33.98, 34.0], [34.29, 34.26, 34.26, 34.25, 34.23, 34.2, 33.87, 33.77, 33.72, 33.69, 33.66, 33.88, 34.23, 34.16, 34.06, 34.02, 33.96, 33.94, 33.84, 33.83], [34.3, 34.3, 34.31, 34.3, 34.29, 33.98, 33.92, 33.86, 33.86, 33.63, 33.35, 34.21, 34.22, 34.15, 34.2, 34.28, 34.11, 34.05, 34.15, 34.21], [34.2, 34.21, 34.33, 34.34, 34.35, 34.32, 34.24, 33.89, 33.65, 33.73, 33.71, 33.95, 34.07, 33.91, 34.22, 34.32, 34.21, 34.17, 34.2, 34.23], [34.6, 34.6, 34.6, 34.27, 34.32, 34.44, 34.36, 34.24, 33.45, 33.49, 34.07, 33.81, 33.89, 33.85, 34.22, 34.35, 34.29, 34.25, 34.25, 34.27], [34.6, 34.6, 34.6, 34.6, 34.6, 34.6, 34.6, 34.6, 34.35, 33.63, 33.1, 33.71, 33.78, 33.79, 34.21, 34.38, 34.33, 34.3, 34.3, 34.3], [34.6, 34.6, 34.6, 34.6, 34.6, 34.6, 34.6, 34.6, 34.6, -999.0, 33.1, 34.7, 34.7, 33.74, 34.2, 34.4, 34.38, 34.07, 34.07, 34.07], [34.6, 34.6, 34.6, 34.6, 34.6, 34.6, 34.6, 34.6, 34.6, 34.6, -999.0, 34.7, 34.7, 34.37, 34.52, 34.01, 34.01, 34.04, 34.04, 34.04], [34.6, 34.6, 34.6, 34.6, 34.6, 34.6, 34.6, 34.6, 34.6, 34.6, -999.0, 34.2, 34.2, 34.2, 34.47, 34.03, 34.03, 34.07, 34.06, 34.05], [34.6, 34.6, 34.6, 34.6, 34.6, 34.6, 34.6, 34.4, 34.4, 34.4, 34.4, 34.32, 34.2, 34.2, 34.2, 34.06, 34.05, 34.09, 34.08, 34.07], [34.6, 34.6, 34.47, 34.47, 34.47, 34.4, 34.4, 34.4, 34.4, 34.4, 34.27, 34.29, 34.27, 34.25, 34.27, 33.69, 33.61, 33.75, 33.74, 33.71], [34.47, 34.47, 34.53, 34.53, 34.4, 34.4, 34.4, 34.4, 34.4, 34.4, 34.31, 34.29, 34.26, 34.24, 34.07, 33.88, 33.77, 33.68, 33.62, 33.58], [34.53, 34.53, 34.52, 34.52, 34.4, 34.4, 34.4, 34.4, 34.4, 34.35, 34.32, 34.29, 34.26, 34.08, 34.18, 33.92, 33.76, 33.66, 33.59, 33.55], [34.52, 34.52, 34.52, 34.4, 34.4, 34.4, 34.4, 34.4, 34.38, 34.36, 34.25, 34.22, 34.0, 34.02, 33.94, 33.82, 33.69, 33.6, 33.55, 33.51], [34.52, 34.52, 34.11, 34.13, 34.15, 34.17, 34.21, 34.32, 34.33, 34.28, 34.24, 34.21, 33.95, 33.92, 33.73, 33.66, 33.58, 33.52, 33.48, 33.47], [34.1, 34.1, 34.11, 34.19, 34.2, 34.22, 34.24, 34.26, 34.25, 34.23, 34.21, 34.19, 33.88, 33.6, 33.57, 33.51, 33.45, 33.42, 33.41, 33.41], [34.17, 34.17, 34.17, 34.18, 34.18, 34.18, 34.19, 34.31, 34.19, 34.17, 34.16, 34.16, 33.66, 33.49, 33.44, 33.37, 33.32, 33.32, 33.34, 33.37], [34.16, 34.16, 34.16, 34.34, 34.33, 34.32, 34.3, 34.28, 34.26, 34.25, 34.26, 33.76, 33.41, 33.42, 33.36, 33.27, 33.18, 33.22, 33.29, 33.33], [34.37, 34.36, 34.35, 34.34, 34.33, 34.31, 34.28, 34.24, 34.19, 34.17, 34.21, 33.88, 33.43, 33.35, 33.26, 33.22, 32.99, 33.22, 33.28, 33.32], [34.37, 34.36, 34.36, 34.35, 34.33, 34.31, 34.28, 34.22, 34.12, 34.03, 34.17, 33.93, 33.85, 33.36, 33.29, 33.23, 33.26, 33.34, 33.31, 33.32], [34.37, 34.37, 34.36, 34.36, 34.35, 34.33, 34.3, 34.24, 34.15, 34.06, 34.02, 34.01, 33.93, 33.38, 33.32, 33.43, 33.38, 33.38, 33.32, 33.33], [34.38, 34.38, 34.37, 34.37, 34.36, 34.35, 34.34, 34.31, 34.29, 34.3, 34.16, 34.13, 34.03, 33.78, 33.63, 33.53, 33.47, 33.44, 33.45, 33.46], [34.39, 34.39, 34.38, 34.38, 34.38, 34.38, 34.38, 34.4, 34.43, 34.34, 34.39, 34.4, 34.29, 34.2, 33.73, 33.62, 33.55, 33.52, 33.5, 33.5], [34.39, 34.39, 34.4, 34.4, 34.4, 34.41, 34.43, 34.46, 34.53, 34.55, 34.76, 34.53, 34.37, 34.25, 33.82, 33.7, 33.63, 33.58, 33.56, 33.55], [34.4, 34.4, 34.41, 34.41, 34.42, 34.43, 34.46, 34.5, 34.46, 34.6, 34.69, 34.54, 34.39, 34.28, 33.88, 33.77, 33.69, 33.64, 33.61, 33.59], [34.41, 34.41, 34.41, 34.42, 34.43, 34.45, 34.47, 34.51, 34.44, 34.51, 34.53, 34.47, 34.38, 34.29, 33.91, 33.81, 33.74, 33.69, 33.65, 33.63], [34.41, 34.42, 34.42, 34.43, 34.44, 34.46, 34.48, 34.36, 34.4, 34.43, 34.44, 34.4, 34.35, 34.28, 33.93, 33.84, 33.78, 33.73, 33.69, 33.66]]}