gis_exercise/awsData/contour/temp_2023090909.json
{"header": {"refTime": "2023-09-09T09:00:00.000Z", "nx": 21, "ny": 33, "lo1": 113.509, "la1": 22.2235, "lo2": 113.5947, "la2": 22.1034, "dx": 0.0042850000000001385, "dy": 0.003753125000000024, "parameterCategory": 0, "parameterCategoryName": "Temperature", "parameterNumber": 0}, "z": [[25.66, 25.65, 25.65, 25.39, 25.4, 25.62, 25.62, 25.62, 25.63, 25.56, 25.56, 25.57, 25.77, 25.78, 25.78, 25.78, 25.84, 25.84, 25.83, 25.83], [25.66, 25.65, 25.65, 25.64, 25.4, 25.41, 25.61, 25.62, 25.62, 25.57, 25.57, 25.58, 25.78, 25.79, 25.79, 25.84, 25.84, 25.83, 25.83, 25.83], [25.66, 25.66, 25.65, 25.64, 25.39, 25.41, 25.44, 25.61, 25.6, 25.57, 25.57, 25.6, 25.79, 25.8, 25.85, 25.84, 25.84, 25.83, 25.83, 25.83], [25.67, 25.66, 25.66, 25.65, 25.64, 25.4, 25.42, 25.46, 25.49, 25.55, 25.57, 25.63, 25.82, 25.7, 25.85, 25.84, 25.83, 25.83, 25.83, 25.83], [25.68, 25.67, 25.67, 25.66, 25.64, 25.38, 25.39, 25.4, 25.4, 25.51, 25.55, 25.7, 25.82, 25.73, 25.85, 25.84, 25.83, 25.83, 25.82, 25.82], [25.68, 25.68, 25.68, 25.67, 25.65, 25.63, 25.36, 25.36, 25.34, 25.3, 25.53, 25.65, 25.75, 25.87, 25.84, 25.83, 25.82, 25.82, 25.82, 25.82], [25.73, 25.69, 25.69, 25.69, 25.67, 25.64, 25.45, 25.34, 25.32, 25.29, 25.28, 25.56, 25.84, 25.85, 25.83, 25.83, 25.81, 25.81, 25.82, 25.82], [25.74, 25.75, 25.75, 25.74, 25.73, 25.54, 25.48, 25.42, 25.38, 25.26, 25.13, 25.55, 25.56, 25.85, 25.8, 25.8, 25.8, 25.8, 25.8, 25.8], [25.66, 25.67, 25.77, 25.78, 25.78, 25.76, 25.69, 25.46, 25.27, 25.32, 25.31, 25.43, 25.48, 25.41, 25.8, 25.8, 25.8, 25.8, 25.8, 25.8], [26.0, 26.0, 26.0, 25.72, 25.76, 25.86, 25.79, 25.69, 25.17, 25.19, 25.49, 25.35, 25.4, 25.37, 25.8, 25.8, 25.8, 25.8, 25.8, 25.8], [26.0, 26.0, 26.0, 26.0, 26.0, 26.0, 26.0, 26.0, 25.79, 25.26, 25.0, 25.3, 25.34, 25.34, 25.8, 25.8, 25.8, 25.8, 25.8, 25.8], [26.0, 26.0, 26.0, 26.0, 26.0, 26.0, 26.0, 26.0, 26.0, -999.0, 25.0, 25.8, 25.8, 25.32, 25.8, 25.8, 25.8, 25.17, 25.19, 25.19], [26.0, 26.0, 26.0, 26.0, 26.0, 26.0, 26.0, 26.0, 26.0, 26.0, -999.0, 25.8, 25.8, 25.08, 25.4, 25.4, 25.41, 25.27, 25.29, 25.3], [26.0, 26.0, 26.0, 26.0, 26.0, 26.0, 26.0, 26.0, 26.0, 26.0, -999.0, 24.7, 24.7, 24.7, 25.3, 25.31, 25.33, 25.19, 25.22, 25.24], [26.0, 26.0, 26.0, 26.0, 26.0, 26.0, 26.0, 25.9, 25.9, 25.9, 25.9, 25.44, 24.7, 24.7, 24.7, 25.2, 25.24, 25.11, 25.15, 25.18], [26.0, 26.0, 25.94, 25.94, 25.93, 25.9, 25.9, 25.9, 25.9, 25.9, 25.14, 25.23, 25.11, 25.02, 25.13, 24.96, 25.0, 24.93, 25.18, 25.21], [25.94, 25.94, 25.96, 25.96, 25.9, 25.9, 25.9, 25.9, 25.9, 25.9, 25.38, 25.24, 25.08, 24.93, 24.92, 24.89, 24.96, 25.02, 25.05, 25.08], [25.96, 25.96, 25.96, 25.96, 25.9, 25.9, 25.9, 25.9, 25.9, 25.6, 25.43, 25.25, 25.07, 24.93, 24.73, 24.87, 24.97, 25.03, 25.07, 25.1], [25.96, 25.96, 25.96, 25.9, 25.9, 25.9, 25.9, 25.9, 25.79, 25.67, 25.55, 25.4, 25.16, 25.01, 24.86, 24.93, 25.01, 25.07, 25.1, 25.12], [25.96, 25.96, 25.9, 25.9, 25.9, 25.9, 25.9, 25.9, 25.79, 25.69, 25.58, 25.45, 25.21, 25.12, 24.99, 25.03, 25.08, 25.12, 25.14, 25.15], [25.9, 25.9, 25.9, 25.9, 25.9, 25.9, 25.9, 25.9, 25.71, 25.67, 25.59, 25.5, 25.26, 25.06, 25.08, 25.12, 25.15, 25.17, 25.18, 25.18], [25.9, 25.9, 25.9, 25.9, 25.9, 25.9, 25.9, 25.88, 25.69, 25.66, 25.61, 25.54, 25.31, 25.13, 25.16, 25.19, 25.22, 25.23, 25.22, 25.21], [25.9, 25.9, 25.9, 25.87, 25.88, 25.88, 25.88, 25.88, 25.88, 25.88, 25.88, 25.77, 25.56, 25.17, 25.21, 25.25, 25.29, 25.29, 25.26, 25.24], [25.87, 25.87, 25.87, 25.87, 25.87, 25.88, 25.88, 25.88, 25.88, 25.88, 25.88, 25.75, 25.57, 25.51, 25.46, 25.28, 25.36, 25.31, 25.28, 25.25], [25.87, 25.87, 25.87, 25.87, 25.87, 25.87, 25.87, 25.88, 25.88, 25.89, 25.88, 25.77, 25.72, 25.51, 25.46, 25.42, 25.31, 25.3, 25.28, 25.26], [25.87, 25.87, 25.87, 25.87, 25.87, 25.87, 25.87, 25.87, 25.88, 25.89, 25.81, 25.77, 25.73, 25.52, 25.47, 25.42, 25.39, 25.38, 25.27, 25.25], [25.87, 25.87, 25.87, 25.87, 25.87, 25.87, 25.87, 25.87, 25.87, 25.87, 25.8, 25.77, 25.74, 25.51, 25.47, 25.44, 25.42, 25.41, 25.41, 25.42], [25.87, 25.87, 25.87, 25.86, 25.86, 25.86, 25.86, 25.86, 25.85, 25.79, 25.79, 25.76, 25.72, 25.68, 25.5, 25.47, 25.44, 25.43, 25.43, 25.43], [25.86, 25.86, 25.86, 25.86, 25.86, 25.86, 25.86, 25.85, 25.84, 25.79, 25.79, 25.76, 25.73, 25.69, 25.52, 25.49, 25.47, 25.45, 25.45, 25.44], [25.86, 25.86, 25.86, 25.86, 25.86, 25.86, 25.85, 25.85, 25.77, 25.78, 25.78, 25.76, 25.73, 25.7, 25.53, 25.5, 25.48, 25.47, 25.46, 25.46], [25.86, 25.86, 25.86, 25.86, 25.86, 25.86, 25.85, 25.85, 25.76, 25.76, 25.76, 25.75, 25.73, 25.7, 25.54, 25.52, 25.5, 25.48, 25.47, 25.47], [25.86, 25.86, 25.86, 25.86, 25.86, 25.85, 25.85, 25.75, 25.75, 25.75, 25.74, 25.73, 25.72, 25.7, 25.55, 25.52, 25.51, 25.49, 25.48, 25.48]]}