gis_exercise/awsData/contour/temp.json
{"header": {"refTime": "2023-09-14T16:33:00.000Z", "nx": 21, "ny": 33, "lo1": 113.509, "la1": 22.2235, "lo2": 113.5947, "la2": 22.1034, "dx": 0.0042850000000001385, "dy": 0.003753125000000024, "parameterCategory": 0, "parameterCategoryName": "Temperature", "parameterNumber": 0}, "z": [[27.55, 27.55, 27.55, 27.35, 27.37, 27.62, 27.63, 27.64, 27.64, 27.51, 27.49, 27.47, 27.7, 27.7, 27.67, 27.67, 27.66, 27.66, 27.66, 27.66], [27.54, 27.55, 27.55, 27.56, 27.37, 27.4, 27.63, 27.65, 27.66, 27.54, 27.5, 27.48, 27.7, 27.7, 27.67, 27.67, 27.66, 27.66, 27.66, 27.66], [27.54, 27.54, 27.55, 27.55, 27.36, 27.39, 27.44, 27.65, 27.69, 27.56, 27.5, 27.48, 27.7, 27.7, 27.67, 27.67, 27.66, 27.66, 27.66, 27.65], [27.54, 27.54, 27.54, 27.55, 27.55, 27.37, 27.41, 27.47, 27.52, 27.51, 27.47, 27.49, 27.7, 27.5, 27.67, 27.66, 27.66, 27.65, 27.65, 27.65], [27.53, 27.53, 27.53, 27.54, 27.54, 27.34, 27.36, 27.37, 27.37, 27.41, 27.41, 27.5, 27.62, 27.53, 27.67, 27.66, 27.65, 27.65, 27.64, 27.65], [27.53, 27.53, 27.53, 27.53, 27.53, 27.53, 27.32, 27.31, 27.27, 27.21, 27.32, 27.45, 27.55, 27.7, 27.67, 27.65, 27.64, 27.63, 27.64, 27.64], [27.46, 27.52, 27.52, 27.52, 27.52, 27.51, 27.25, 27.29, 27.25, 27.14, 27.09, 27.37, 27.7, 27.7, 27.67, 27.65, 27.63, 27.62, 27.62, 27.62], [27.46, 27.46, 27.46, 27.46, 27.46, 27.28, 27.27, 27.29, 27.34, 27.09, 26.87, 27.39, 27.4, 27.7, 27.64, 27.65, 27.63, 27.62, 27.63, 27.64], [27.44, 27.44, 27.46, 27.46, 27.46, 27.46, 27.45, 27.27, 27.18, 27.17, 27.08, 27.23, 27.3, 27.21, 27.64, 27.65, 27.64, 27.63, 27.64, 27.64], [27.5, 27.5, 27.5, 27.45, 27.46, 27.48, 27.47, 27.45, 27.0, 27.04, 27.31, 27.14, 27.19, 27.17, 27.64, 27.66, 27.65, 27.64, 27.64, 27.65], [27.5, 27.5, 27.5, 27.5, 27.5, 27.5, 27.5, 27.5, 27.46, 27.16, 26.7, 27.08, 27.13, 27.13, 27.64, 27.66, 27.65, 27.65, 27.65, 27.65], [27.5, 27.5, 27.5, 27.5, 27.5, 27.5, 27.5, 27.5, 27.5, -999.0, 26.7, 27.7, 27.7, 27.1, 27.64, 27.66, 27.66, 27.03, 27.05, 27.05], [27.5, 27.5, 27.5, 27.5, 27.5, 27.5, 27.5, 27.5, 27.5, 27.5, -999.0, 27.7, 27.7, 26.98, 27.3, 27.24, 27.24, 27.12, 27.14, 27.15], [27.5, 27.5, 27.5, 27.5, 27.5, 27.5, 27.5, 27.5, 27.5, 27.5, -999.0, 26.6, 26.6, 26.6, 27.2, 27.15, 27.17, 27.04, 27.07, 27.09], [27.5, 27.5, 27.5, 27.5, 27.5, 27.5, 27.5, 27.7, 27.7, 27.7, 27.7, 27.28, 26.6, 26.6, 26.6, 27.06, 27.09, 26.97, 27.01, 27.04], [27.5, 27.5, 27.63, 27.63, 27.63, 27.7, 27.7, 27.7, 27.7, 27.7, 27.01, 27.09, 26.98, 26.89, 26.99, 26.67, 26.68, 26.66, 26.91, 26.94], [27.63, 27.63, 27.57, 27.57, 27.7, 27.7, 27.7, 27.7, 27.7, 27.7, 27.23, 27.09, 26.95, 26.81, 26.75, 26.69, 26.72, 26.74, 26.76, 26.77], [27.57, 27.57, 27.58, 27.58, 27.7, 27.7, 27.7, 27.7, 27.7, 27.42, 27.27, 27.11, 26.94, 26.77, 26.62, 26.68, 26.72, 26.75, 26.77, 26.78], [27.58, 27.58, 27.58, 27.7, 27.7, 27.7, 27.7, 27.7, 27.6, 27.49, 27.33, 27.19, 26.94, 26.81, 26.67, 26.7, 26.74, 26.76, 26.78, 26.79], [27.58, 27.58, 27.53, 27.54, 27.55, 27.56, 27.59, 27.65, 27.56, 27.46, 27.34, 27.22, 26.97, 26.88, 26.73, 26.74, 26.77, 26.79, 26.8, 26.81], [27.52, 27.52, 27.53, 27.58, 27.58, 27.59, 27.6, 27.61, 27.46, 27.41, 27.33, 27.24, 27.0, 26.76, 26.77, 26.78, 26.8, 26.81, 26.82, 26.82], [27.56, 27.56, 27.56, 27.57, 27.57, 27.57, 27.57, 27.65, 27.4, 27.37, 27.32, 27.26, 26.92, 26.79, 26.8, 26.81, 26.83, 26.83, 26.84, 26.84], [27.55, 27.55, 27.55, 27.67, 27.66, 27.65, 27.64, 27.63, 27.61, 27.61, 27.62, 27.33, 27.08, 26.81, 26.82, 26.84, 26.84, 26.85, 26.86, 26.85], [27.68, 27.68, 27.67, 27.67, 27.66, 27.65, 27.63, 27.61, 27.57, 27.56, 27.59, 27.4, 27.09, 27.04, 26.99, 26.85, 26.84, 26.89, 26.88, 26.86], [27.68, 27.68, 27.67, 27.67, 27.66, 27.65, 27.63, 27.59, 27.53, 27.48, 27.56, 27.43, 27.39, 27.05, 27.0, 26.96, 26.9, 26.93, 26.89, 26.87], [27.68, 27.68, 27.68, 27.67, 27.67, 27.66, 27.64, 27.61, 27.55, 27.5, 27.48, 27.48, 27.44, 27.06, 27.01, 27.07, 27.03, 27.02, 26.88, 26.87], [27.69, 27.69, 27.68, 27.68, 27.68, 27.67, 27.66, 27.65, 27.63, 27.64, 27.56, 27.55, 27.5, 27.29, 27.2, 27.13, 27.09, 27.07, 27.07, 27.08], [27.69, 27.69, 27.69, 27.69, 27.69, 27.69, 27.69, 27.7, 27.72, 27.67, 27.7, 27.67, 27.6, 27.53, 27.26, 27.19, 27.15, 27.12, 27.11, 27.11], [27.7, 27.7, 27.7, 27.7, 27.7, 27.71, 27.72, 27.74, 27.78, 27.79, 27.91, 27.76, 27.65, 27.57, 27.32, 27.24, 27.2, 27.17, 27.15, 27.14], [27.7, 27.7, 27.7, 27.71, 27.71, 27.72, 27.73, 27.76, 27.72, 27.81, 27.86, 27.76, 27.67, 27.59, 27.35, 27.29, 27.24, 27.2, 27.18, 27.17], [27.7, 27.71, 27.71, 27.71, 27.72, 27.73, 27.74, 27.77, 27.7, 27.74, 27.76, 27.72, 27.65, 27.6, 27.38, 27.31, 27.27, 27.23, 27.21, 27.2], [27.71, 27.71, 27.71, 27.72, 27.72, 27.73, 27.75, 27.65, 27.67, 27.69, 27.7, 27.67, 27.63, 27.59, 27.39, 27.33, 27.29, 27.26, 27.24, 27.22]]}