gis_exercise/awsData/contour/temp_2023090101.json
{"header": {"refTime": "2023-09-01T01:00:00.000Z", "nx": 21, "ny": 33, "lo1": 113.509, "la1": 22.2235, "lo2": 113.5947, "la2": 22.1034, "dx": 0.0042850000000001385, "dy": 0.003753125000000024, "parameterCategory": 0, "parameterCategoryName": "Temperature", "parameterNumber": 0}, "z": [[27.47, 27.45, 27.42, 27.19, 27.17, 27.4, 27.36, 27.32, 27.32, 27.35, 27.45, 27.55, 27.76, 27.82, 27.85, 27.86, 28.19, 28.18, 28.17, 28.16], [27.48, 27.46, 27.44, 27.4, 27.18, 27.14, 27.32, 27.23, 27.18, 27.27, 27.44, 27.59, 27.82, 27.87, 27.89, 28.2, 28.19, 28.17, 28.16, 28.16], [27.5, 27.48, 27.46, 27.42, 27.19, 27.16, 27.1, 27.15, 26.89, 27.2, 27.47, 27.67, 27.92, 27.95, 28.23, 28.2, 28.18, 28.16, 28.15, 28.15], [27.52, 27.51, 27.49, 27.46, 27.42, 27.19, 27.14, 27.07, 27.0, 27.3, 27.57, 27.82, 28.08, 28.17, 28.24, 28.2, 28.17, 28.15, 28.14, 28.14], [27.55, 27.54, 27.53, 27.5, 27.47, 27.23, 27.21, 27.19, 27.17, 27.46, 27.67, 28.19, 28.37, 28.21, 28.23, 28.18, 28.14, 28.13, 28.12, 28.12], [27.58, 27.58, 27.57, 27.56, 27.53, 27.5, 27.29, 27.3, 27.31, 27.31, 27.94, 28.1, 28.24, 28.33, 28.21, 28.15, 28.11, 28.09, 28.1, 28.11], [27.93, 27.61, 27.62, 27.62, 27.6, 27.58, 27.7, 27.4, 27.42, 27.59, 27.59, 27.93, 28.22, 28.24, 28.17, 28.13, 28.07, 28.04, 28.09, 28.12], [27.94, 27.95, 27.95, 27.94, 27.93, 27.78, 27.72, 27.65, 27.6, 27.56, 27.49, 27.82, 27.82, 28.25, 28.0, 28.0, 28.0, 28.0, 28.0, 28.0], [27.86, 27.87, 27.97, 27.98, 27.98, 27.96, 27.89, 27.7, 27.54, 27.6, 27.63, 27.72, 27.76, 27.7, 28.0, 28.0, 28.0, 28.0, 28.0, 28.0], [28.2, 28.2, 28.2, 27.92, 27.96, 28.06, 27.99, 27.89, 27.49, 27.5, 27.76, 27.66, 27.7, 27.68, 28.0, 28.0, 28.0, 28.0, 28.0, 28.0], [28.2, 28.2, 28.2, 28.2, 28.2, 28.2, 28.2, 28.2, 27.99, 27.53, 27.4, 27.63, 27.66, 27.66, 28.0, 28.0, 28.0, 28.0, 28.0, 28.0], [28.2, 28.2, 28.2, 28.2, 28.2, 28.2, 28.2, 28.2, 28.2, -999.0, 27.4, 28.0, 28.0, 27.64, 28.0, 28.0, 28.0, 27.15, 27.17, 27.17], [28.2, 28.2, 28.2, 28.2, 28.2, 28.2, 28.2, 28.2, 28.2, 28.2, -999.0, 28.0, 28.0, 27.02, 27.45, 27.45, 27.47, 27.28, 27.31, 27.32], [28.2, 28.2, 28.2, 28.2, 28.2, 28.2, 28.2, 28.2, 28.2, 28.2, -999.0, 26.5, 26.5, 26.5, 27.32, 27.33, 27.35, 27.16, 27.2, 27.24], [28.2, 28.2, 28.2, 28.2, 28.2, 28.2, 28.2, 28.0, 28.0, 28.0, 28.0, 27.42, 26.5, 26.5, 26.5, 27.19, 27.23, 27.06, 27.11, 27.16], [28.2, 28.2, 28.07, 28.07, 28.07, 28.0, 28.0, 28.0, 28.0, 28.0, 27.06, 27.16, 27.02, 26.9, 27.03, 27.12, 27.22, 27.05, 27.35, 27.41], [28.07, 28.07, 28.13, 28.13, 28.0, 28.0, 28.0, 28.0, 28.0, 28.0, 27.35, 27.17, 26.97, 26.79, 26.87, 26.85, 26.97, 27.07, 27.14, 27.18], [28.13, 28.13, 28.12, 28.12, 28.0, 28.0, 28.0, 28.0, 28.0, 27.62, 27.42, 27.19, 26.96, 26.88, 26.55, 26.81, 26.99, 27.1, 27.17, 27.21], [28.12, 28.12, 28.12, 28.0, 28.0, 28.0, 28.0, 28.0, 27.87, 27.71, 27.6, 27.42, 27.22, 27.01, 26.79, 26.92, 27.06, 27.16, 27.22, 27.26], [28.12, 28.12, 28.11, 28.11, 28.1, 28.09, 28.07, 28.03, 27.88, 27.78, 27.64, 27.48, 27.33, 27.21, 27.02, 27.09, 27.19, 27.26, 27.29, 27.31], [28.12, 28.12, 28.12, 28.08, 28.08, 28.07, 28.07, 28.06, 27.81, 27.76, 27.67, 27.55, 27.43, 27.16, 27.2, 27.27, 27.33, 27.37, 27.37, 27.36], [28.09, 28.09, 28.09, 28.09, 28.09, 28.09, 28.08, 28.16, 27.81, 27.78, 27.71, 27.62, 27.6, 27.28, 27.34, 27.42, 27.48, 27.48, 27.45, 27.41], [28.1, 28.1, 28.1, 28.2, 28.2, 28.19, 28.19, 28.19, 28.19, 28.2, 28.2, 28.14, 27.87, 27.36, 27.44, 27.55, 27.66, 27.59, 27.5, 27.45], [28.22, 28.21, 28.21, 28.21, 28.21, 28.21, 28.21, 28.21, 28.21, 28.21, 28.22, 28.27, 27.88, 27.83, 27.79, 27.6, 27.92, 27.57, 27.49, 27.45], [28.22, 28.22, 28.22, 28.22, 28.22, 28.23, 28.23, 28.23, 28.22, 28.21, 28.23, 28.28, 28.29, 27.83, 27.78, 27.73, 27.5, 27.37, 27.45, 27.45], [28.23, 28.23, 28.23, 28.23, 28.24, 28.24, 28.24, 28.24, 28.24, 28.23, 28.28, 28.3, 28.3, 27.83, 27.77, 27.76, 27.67, 27.62, 27.44, 27.44], [28.24, 28.24, 28.24, 28.25, 28.25, 28.26, 28.26, 28.27, 28.27, 28.28, 28.32, 28.33, 28.32, 27.95, 27.87, 27.8, 27.74, 27.71, 27.72, 27.74], [28.24, 28.25, 28.25, 28.25, 28.26, 28.27, 28.28, 28.29, 28.32, 28.37, 28.38, 28.2, 28.11, 28.0, 27.92, 27.85, 27.8, 27.77, 27.76, 27.77], [28.25, 28.25, 28.26, 28.26, 28.27, 28.28, 28.3, 28.32, 28.35, 28.42, 28.42, 28.27, 28.15, 28.04, 27.96, 27.89, 27.85, 27.82, 27.81, 27.8], [28.25, 28.26, 28.26, 28.27, 28.28, 28.29, 28.31, 28.33, 28.25, 28.33, 28.37, 28.27, 28.16, 28.07, 27.99, 27.93, 27.89, 27.86, 27.84, 27.83], [28.26, 28.26, 28.27, 28.27, 28.28, 28.29, 28.31, 28.33, 28.23, 28.26, 28.27, 28.22, 28.15, 28.07, 28.01, 27.95, 27.91, 27.89, 27.87, 27.86], [28.26, 28.26, 28.27, 28.28, 28.29, 28.3, 28.31, 28.17, 28.19, 28.21, 28.21, 28.17, 28.13, 28.07, 28.01, 27.97, 27.93, 27.91, 27.89, 27.88]]}