gis_exercise/awsData/contour/temp_2023090619.json
{"header": {"refTime": "2023-09-06T19:00:00.000Z", "nx": 21, "ny": 33, "lo1": 113.509, "la1": 22.2235, "lo2": 113.5947, "la2": 22.1034, "dx": 0.0042850000000001385, "dy": 0.003753125000000024, "parameterCategory": 0, "parameterCategoryName": "Temperature", "parameterNumber": 0}, "z": [[28.31, 28.26, 28.2, 27.41, 27.38, 27.51, 27.45, 27.38, 27.36, 27.21, 27.31, 27.4, 27.56, 27.61, 27.89, 27.94, 28.27, 28.28, 28.29, 28.3], [28.34, 28.3, 28.23, 28.15, 27.39, 27.33, 27.4, 27.27, 27.19, 27.14, 27.3, 27.43, 27.61, 27.66, 27.93, 28.26, 28.28, 28.3, 28.31, 28.31], [28.39, 28.34, 28.28, 28.2, 27.41, 27.35, 27.25, 27.18, 26.82, 27.08, 27.33, 27.51, 27.7, 27.73, 28.24, 28.27, 28.29, 28.32, 28.33, 28.33], [28.44, 28.41, 28.36, 28.28, 28.18, 27.41, 27.33, 27.19, 27.06, 27.18, 27.42, 27.63, 27.83, 27.95, 28.24, 28.28, 28.32, 28.34, 28.35, 28.35], [28.51, 28.49, 28.45, 28.39, 28.31, 27.51, 27.47, 27.42, 27.38, 27.33, 27.52, 27.97, 28.1, 27.98, 28.24, 28.3, 28.36, 28.39, 28.39, 28.38], [28.58, 28.57, 28.56, 28.52, 28.46, 28.38, 27.63, 27.66, 27.64, 27.58, 27.78, 27.9, 28.0, 28.07, 28.24, 28.33, 28.42, 28.47, 28.44, 28.41], [29.44, 28.67, 28.68, 28.67, 28.64, 28.58, 28.65, 27.9, 27.92, 27.86, 27.72, 27.77, 27.97, 28.0, 28.23, 28.36, 28.52, 28.58, 28.61, 28.58], [29.47, 29.48, 29.49, 29.48, 29.44, 28.89, 28.73, 28.55, 28.33, 27.83, 27.53, 27.68, 27.68, 28.0, 28.36, 28.27, 28.46, 28.54, 28.42, 28.35], [29.23, 29.25, 29.55, 29.58, 29.59, 29.52, 29.32, 28.66, 28.15, 27.88, 27.55, 27.61, 27.64, 27.6, 28.34, 28.23, 28.35, 28.39, 28.37, 28.32], [30.2, 30.2, 30.2, 29.4, 29.52, 29.81, 29.61, 29.32, 27.87, 27.94, 27.64, 27.58, 27.6, 27.59, 28.34, 28.19, 28.27, 28.3, 28.31, 28.29], [30.2, 30.2, 30.2, 30.2, 30.2, 30.2, 30.2, 30.2, 29.6, 28.12, 27.4, 27.55, 27.57, 27.57, 28.35, 28.16, 28.22, 28.25, 28.26, 28.25], [30.2, 30.2, 30.2, 30.2, 30.2, 30.2, 30.2, 30.2, 30.2, -999.0, 27.4, 27.8, 27.8, 27.56, 28.36, 28.13, 28.17, 28.47, 28.48, 28.48], [30.2, 30.2, 30.2, 30.2, 30.2, 30.2, 30.2, 30.2, 30.2, 30.2, -999.0, 27.8, 27.8, 28.13, 27.98, 28.55, 28.56, 28.51, 28.52, 28.52], [30.2, 30.2, 30.2, 30.2, 30.2, 30.2, 30.2, 30.2, 30.2, 30.2, -999.0, 28.3, 28.3, 28.3, 28.03, 28.52, 28.53, 28.48, 28.49, 28.5], [30.2, 30.2, 30.2, 30.2, 30.2, 30.2, 30.2, 29.8, 29.8, 29.8, 29.8, 29.22, 28.3, 28.3, 28.3, 28.48, 28.5, 28.45, 28.46, 28.48], [30.2, 30.2, 29.95, 29.94, 29.94, 29.8, 29.8, 29.8, 29.8, 29.8, 28.86, 28.96, 28.82, 28.7, 28.83, 28.63, 28.68, 28.59, 28.65, 28.67], [29.94, 29.94, 30.06, 30.05, 29.8, 29.8, 29.8, 29.8, 29.8, 29.8, 29.15, 28.97, 28.77, 28.59, 28.58, 28.45, 28.51, 28.55, 28.58, 28.6], [30.06, 30.05, 30.05, 30.03, 29.8, 29.8, 29.8, 29.8, 29.8, 29.42, 29.22, 28.99, 28.76, 28.59, 28.34, 28.44, 28.51, 28.56, 28.59, 28.61], [30.05, 30.04, 30.03, 29.8, 29.8, 29.8, 29.8, 29.8, 29.67, 29.51, 28.96, 28.75, 28.87, 28.69, 28.43, 28.48, 28.55, 28.59, 28.62, 28.63], [30.04, 30.04, 28.54, 28.6, 28.68, 28.8, 28.98, 29.44, 29.42, 29.16, 28.91, 28.73, 28.95, 28.83, 28.53, 28.57, 28.61, 28.64, 28.65, 28.65], [28.46, 28.49, 28.53, 28.89, 28.94, 29.0, 29.08, 29.17, 29.05, 28.93, 28.78, 28.67, 29.01, 28.6, 28.61, 28.64, 28.67, 28.69, 28.69, 28.68], [28.77, 28.78, 28.8, 28.81, 28.83, 28.85, 28.87, 28.79, 28.75, 28.68, 28.61, 28.56, 28.36, 28.65, 28.68, 28.72, 28.75, 28.74, 28.72, 28.7], [28.74, 28.74, 28.73, 28.65, 28.64, 28.63, 28.6, 28.55, 28.49, 28.44, 28.44, 28.67, 28.37, 28.68, 28.72, 28.78, 28.84, 28.8, 28.74, 28.71], [28.61, 28.61, 28.6, 28.58, 28.56, 28.52, 28.45, 28.35, 28.22, 28.16, 28.23, 28.19, 28.34, 28.48, 28.61, 28.8, 29.0, 28.76, 28.72, 28.71], [28.58, 28.57, 28.55, 28.53, 28.49, 28.44, 28.35, 28.22, 28.0, 27.83, 28.06, 28.16, 28.31, 28.46, 28.58, 28.67, 28.71, 28.61, 28.69, 28.7], [28.56, 28.54, 28.52, 28.49, 28.45, 28.39, 28.31, 28.18, 27.99, 27.85, 27.99, 28.16, 28.3, 28.43, 28.53, 28.72, 28.7, 28.68, 28.69, 28.69], [28.54, 28.52, 28.5, 28.46, 28.42, 28.37, 28.3, 28.22, 28.14, 28.11, 28.12, 28.22, 28.31, 28.66, 28.68, 28.7, 28.7, 28.7, 28.7, 28.7], [28.52, 28.5, 28.48, 28.45, 28.41, 28.37, 28.32, 28.28, 28.25, 28.2, 28.25, 28.16, 28.16, 28.16, 28.66, 28.68, 28.69, 28.69, 28.69, 28.7], [28.51, 28.49, 28.47, 28.44, 28.41, 28.38, 28.34, 28.32, 28.31, 28.31, 28.33, 28.23, 28.19, 28.18, 28.64, 28.66, 28.67, 28.68, 28.69, 28.69], [28.5, 28.48, 28.46, 28.44, 28.41, 28.39, 28.36, 28.35, 28.18, 28.26, 28.3, 28.25, 28.21, 28.19, 28.63, 28.65, 28.66, 28.67, 28.68, 28.68], [28.49, 28.48, 28.46, 28.44, 28.42, 28.4, 28.38, 28.37, 28.18, 28.22, 28.24, 28.22, 28.2, 28.19, 28.62, 28.64, 28.65, 28.67, 28.67, 28.68], [28.49, 28.47, 28.46, 28.44, 28.42, 28.41, 28.39, 28.15, 28.18, 28.2, 28.21, 28.2, 28.2, 28.19, 28.62, 28.63, 28.65, 28.66, 28.67, 28.67]]}