gis_exercise/awsData/contour/temp_2023090517.json
{"header": {"refTime": "2023-09-05T17:00:00.000Z", "nx": 21, "ny": 33, "lo1": 113.509, "la1": 22.2235, "lo2": 113.5947, "la2": 22.1034, "dx": 0.0042850000000001385, "dy": 0.003753125000000024, "parameterCategory": 0, "parameterCategoryName": "Temperature", "parameterNumber": 0}, "z": [[32.76, 32.75, 32.75, 32.39, 32.4, 32.6, 32.61, 32.62, 32.62, 32.41, 32.37, 32.34, 32.53, 32.52, 32.4, 32.39, 32.32, 32.31, 32.31, 32.3], [32.76, 32.76, 32.75, 32.75, 32.4, 32.43, 32.62, 32.63, 32.64, 32.45, 32.39, 32.34, 32.52, 32.51, 32.4, 32.33, 32.32, 32.31, 32.3, 32.3], [32.76, 32.76, 32.75, 32.75, 32.4, 32.42, 32.46, 32.64, 32.69, 32.49, 32.38, 32.33, 32.51, 32.5, 32.34, 32.32, 32.31, 32.3, 32.29, 32.29], [32.77, 32.76, 32.76, 32.75, 32.74, 32.41, 32.44, 32.49, 32.54, 32.42, 32.34, 32.31, 32.48, 32.27, 32.34, 32.32, 32.3, 32.28, 32.28, 32.28], [32.77, 32.77, 32.77, 32.76, 32.75, 32.39, 32.4, 32.41, 32.4, 32.29, 32.26, 32.26, 32.35, 32.29, 32.34, 32.31, 32.27, 32.26, 32.26, 32.26], [32.78, 32.78, 32.77, 32.77, 32.76, 32.74, 32.38, 32.37, 32.32, 32.24, 32.12, 32.22, 32.3, 32.43, 32.34, 32.29, 32.24, 32.22, 32.23, 32.25], [32.82, 32.79, 32.79, 32.78, 32.77, 32.75, 32.45, 32.38, 32.34, 32.12, 32.02, 32.18, 32.46, 32.45, 32.33, 32.27, 32.19, 32.16, 32.16, 32.17], [32.83, 32.83, 32.83, 32.83, 32.82, 32.53, 32.49, 32.48, 32.48, 32.08, 31.79, 32.22, 32.23, 32.45, 32.25, 32.29, 32.2, 32.17, 32.22, 32.26], [32.77, 32.78, 32.85, 32.85, 32.86, 32.84, 32.79, 32.48, 32.28, 32.15, 31.95, 32.08, 32.14, 32.06, 32.26, 32.31, 32.26, 32.24, 32.25, 32.27], [33.0, 33.0, 33.0, 32.81, 32.84, 32.91, 32.86, 32.79, 32.03, 32.09, 32.15, 32.0, 32.04, 32.02, 32.26, 32.33, 32.29, 32.28, 32.28, 32.28], [33.0, 33.0, 33.0, 33.0, 33.0, 33.0, 33.0, 33.0, 32.86, 32.26, 31.6, 31.94, 31.98, 31.99, 32.26, 32.34, 32.31, 32.3, 32.3, 32.3], [33.0, 33.0, 33.0, 33.0, 33.0, 33.0, 33.0, 33.0, 33.0, -999.0, 31.6, 32.5, 32.5, 31.96, 32.25, 32.35, 32.34, 31.3, 31.32, 31.33], [33.0, 33.0, 33.0, 33.0, 33.0, 33.0, 33.0, 33.0, 33.0, 33.0, -999.0, 32.5, 32.5, 31.32, 31.84, 31.59, 31.6, 31.43, 31.45, 31.47], [33.0, 33.0, 33.0, 33.0, 33.0, 33.0, 33.0, 33.0, 33.0, 33.0, -999.0, 30.7, 30.7, 30.7, 31.69, 31.47, 31.5, 31.32, 31.36, 31.39], [33.0, 33.0, 33.0, 33.0, 33.0, 33.0, 33.0, 32.7, 32.7, 32.7, 32.7, 31.93, 30.7, 30.7, 30.7, 31.34, 31.38, 31.22, 31.27, 31.31], [33.0, 33.0, 32.81, 32.81, 32.8, 32.7, 32.7, 32.7, 32.7, 32.7, 31.44, 31.58, 31.39, 31.23, 31.41, 30.77, 30.78, 30.76, 31.12, 31.15], [32.81, 32.81, 32.89, 32.89, 32.7, 32.7, 32.7, 32.7, 32.7, 32.7, 31.84, 31.59, 31.33, 31.09, 30.96, 30.73, 30.74, 30.75, 30.76, 30.76], [32.89, 32.89, 32.88, 32.88, 32.7, 32.7, 32.7, 32.7, 32.7, 32.19, 31.92, 31.62, 31.31, 30.98, 30.74, 30.73, 30.74, 30.75, 30.76, 30.76], [32.89, 32.88, 32.88, 32.7, 32.7, 32.7, 32.7, 32.7, 32.52, 32.31, 31.99, 31.74, 31.28, 31.06, 30.73, 30.74, 30.75, 30.76, 30.76, 30.77], [32.88, 32.88, 32.3, 32.32, 32.35, 32.38, 32.44, 32.58, 32.43, 32.23, 32.0, 31.79, 31.34, 31.18, 30.75, 30.75, 30.76, 30.77, 30.77, 30.77], [32.27, 32.28, 32.3, 32.41, 32.43, 32.45, 32.47, 32.5, 32.22, 32.13, 31.98, 31.83, 31.38, 30.76, 30.76, 30.77, 30.78, 30.78, 30.78, 30.78], [32.37, 32.38, 32.38, 32.39, 32.39, 32.4, 32.4, 32.44, 32.1, 32.04, 31.95, 31.85, 31.19, 30.77, 30.78, 30.79, 30.79, 30.79, 30.78, 30.78], [32.36, 32.36, 32.36, 32.42, 32.41, 32.41, 32.39, 32.37, 32.35, 32.33, 32.34, 31.92, 31.25, 30.78, 30.79, 30.8, 30.81, 30.8, 30.79, 30.78], [32.42, 32.42, 32.41, 32.41, 32.4, 32.38, 32.35, 32.31, 32.26, 32.24, 32.27, 31.88, 31.27, 31.14, 31.03, 30.8, 30.85, 30.79, 30.78, 30.78], [32.42, 32.41, 32.41, 32.4, 32.38, 32.36, 32.33, 32.27, 32.18, 32.11, 32.22, 31.93, 31.84, 31.16, 31.04, 30.94, 30.78, 30.75, 30.77, 30.78], [32.41, 32.41, 32.4, 32.39, 32.38, 32.36, 32.32, 32.27, 32.19, 32.12, 32.02, 31.98, 31.9, 31.18, 31.07, 31.07, 30.98, 30.95, 30.77, 30.78], [32.41, 32.41, 32.4, 32.39, 32.38, 32.36, 32.34, 32.31, 32.28, 32.28, 32.1, 32.06, 31.97, 31.44, 31.29, 31.17, 31.08, 31.05, 31.05, 31.08], [32.41, 32.41, 32.4, 32.39, 32.38, 32.37, 32.36, 32.36, 32.37, 32.22, 32.25, 32.14, 32.01, 31.87, 31.39, 31.27, 31.18, 31.14, 31.13, 31.13], [32.41, 32.41, 32.4, 32.4, 32.39, 32.39, 32.39, 32.4, 32.43, 32.36, 32.47, 32.25, 32.08, 31.93, 31.48, 31.35, 31.27, 31.22, 31.19, 31.18], [32.41, 32.41, 32.4, 32.4, 32.4, 32.4, 32.41, 32.42, 32.21, 32.33, 32.4, 32.25, 32.1, 31.96, 31.54, 31.42, 31.34, 31.29, 31.25, 31.23], [32.41, 32.41, 32.41, 32.41, 32.41, 32.41, 32.42, 32.43, 32.18, 32.24, 32.25, 32.18, 32.08, 31.97, 31.57, 31.47, 31.39, 31.34, 31.3, 31.28], [32.41, 32.41, 32.41, 32.41, 32.41, 32.41, 32.42, 32.1, 32.13, 32.16, 32.15, 32.11, 32.04, 31.96, 31.59, 31.5, 31.43, 31.38, 31.34, 31.31]]}