gis_exercise/awsData/contour/temp_2023090920.json
{"header": {"refTime": "2023-09-09T20:00:00.000Z", "nx": 21, "ny": 33, "lo1": 113.509, "la1": 22.2235, "lo2": 113.5947, "la2": 22.1034, "dx": 0.0042850000000001385, "dy": 0.003753125000000024, "parameterCategory": 0, "parameterCategoryName": "Temperature", "parameterNumber": 0}, "z": [[25.65, 25.65, 25.64, 25.3, 25.31, 25.71, 25.7, 25.69, 25.69, 25.53, 25.55, 25.58, 25.94, 25.96, 26.03, 26.04, 26.18, 26.18, 26.18, 26.18], [25.65, 25.65, 25.64, 25.63, 25.31, 25.32, 25.68, 25.65, 25.64, 25.52, 25.56, 25.61, 25.96, 25.99, 26.05, 26.19, 26.18, 26.18, 26.18, 26.18], [25.66, 25.65, 25.65, 25.64, 25.31, 25.32, 25.35, 25.62, 25.53, 25.52, 25.58, 25.65, 26.01, 26.03, 26.19, 26.19, 26.19, 26.18, 26.18, 26.18], [25.67, 25.66, 25.65, 25.65, 25.63, 25.32, 25.34, 25.37, 25.39, 25.51, 25.59, 25.73, 26.09, 25.9, 26.2, 26.19, 26.19, 26.18, 26.18, 26.18], [25.67, 25.67, 25.66, 25.66, 25.65, 25.31, 25.32, 25.32, 25.31, 25.47, 25.57, 25.91, 26.14, 25.95, 26.2, 26.19, 26.18, 26.18, 26.18, 26.18], [25.68, 25.68, 25.68, 25.67, 25.66, 25.65, 25.31, 25.31, 25.27, 25.18, 25.57, 25.8, 25.99, 26.2, 26.18, 26.18, 26.19, 26.19, 26.18, 26.18], [25.77, 25.69, 25.69, 25.69, 25.68, 25.67, 25.42, 25.34, 25.31, 25.22, 25.15, 25.62, 26.13, 26.15, 26.17, 26.18, 26.19, 26.19, 26.22, 26.22], [25.77, 25.77, 25.77, 25.77, 25.77, 25.49, 25.46, 25.46, 25.51, 25.16, 24.84, 25.57, 25.58, 26.15, 26.13, 26.1, 26.15, 26.16, 26.14, 26.12], [25.73, 25.73, 25.79, 25.79, 25.79, 25.78, 25.74, 25.45, 25.28, 25.26, 25.14, 25.34, 25.44, 25.31, 26.12, 26.1, 26.12, 26.13, 26.13, 26.12], [25.9, 25.9, 25.9, 25.76, 25.78, 25.83, 25.8, 25.74, 25.03, 25.09, 25.45, 25.22, 25.29, 25.26, 26.12, 26.09, 26.1, 26.11, 26.11, 26.11], [25.9, 25.9, 25.9, 25.9, 25.9, 25.9, 25.9, 25.9, 25.79, 25.26, 24.6, 25.13, 25.2, 25.2, 26.12, 26.08, 26.09, 26.1, 26.1, 26.1], [25.9, 25.9, 25.9, 25.9, 25.9, 25.9, 25.9, 25.9, 25.9, -999.0, 24.6, 26.0, 26.0, 25.16, 26.12, 26.07, 26.08, 25.35, 25.37, 25.37], [25.9, 25.9, 25.9, 25.9, 25.9, 25.9, 25.9, 25.9, 25.9, 25.9, -999.0, 26.0, 26.0, 25.15, 25.52, 25.65, 25.67, 25.48, 25.51, 25.52], [25.9, 25.9, 25.9, 25.9, 25.9, 25.9, 25.9, 25.9, 25.9, 25.9, -999.0, 24.7, 24.7, 24.7, 25.41, 25.53, 25.55, 25.36, 25.4, 25.44], [25.9, 25.9, 25.9, 25.9, 25.9, 25.9, 25.9, 26.0, 26.0, 26.0, 26.0, 25.5, 24.7, 24.7, 24.7, 25.39, 25.43, 25.26, 25.31, 25.36], [25.9, 25.9, 25.96, 25.96, 25.97, 26.0, 26.0, 26.0, 26.0, 26.0, 25.18, 25.27, 25.15, 25.04, 25.16, 25.03, 25.08, 24.99, 25.33, 25.38], [25.96, 25.96, 25.94, 25.94, 26.0, 26.0, 26.0, 26.0, 26.0, 26.0, 25.44, 25.28, 25.11, 24.95, 24.96, 24.92, 25.0, 25.07, 25.11, 25.14], [25.94, 25.94, 25.94, 25.94, 26.0, 26.0, 26.0, 26.0, 26.0, 25.67, 25.5, 25.3, 25.1, 24.97, 24.74, 24.9, 25.01, 25.08, 25.13, 25.16], [25.94, 25.94, 25.94, 26.0, 26.0, 26.0, 26.0, 26.0, 25.88, 25.75, 25.61, 25.44, 25.22, 25.05, 24.88, 24.97, 25.06, 25.12, 25.16, 25.19], [25.94, 25.94, 25.94, 25.95, 25.95, 25.95, 25.96, 25.98, 25.87, 25.76, 25.63, 25.49, 25.29, 25.19, 25.03, 25.08, 25.14, 25.18, 25.21, 25.22], [25.94, 25.94, 25.94, 25.96, 25.96, 25.96, 25.97, 25.97, 25.77, 25.72, 25.63, 25.53, 25.35, 25.12, 25.15, 25.19, 25.23, 25.25, 25.26, 25.26], [25.95, 25.95, 25.95, 25.96, 25.96, 25.96, 25.96, 26.02, 25.74, 25.7, 25.65, 25.58, 25.38, 25.2, 25.23, 25.28, 25.32, 25.32, 25.31, 25.29], [25.95, 25.95, 25.95, 26.04, 26.03, 26.03, 26.02, 26.02, 26.01, 26.01, 26.01, 25.85, 25.62, 25.25, 25.29, 25.35, 25.41, 25.39, 25.35, 25.32], [26.05, 26.05, 26.05, 26.04, 26.04, 26.03, 26.02, 26.01, 25.99, 25.99, 26.0, 25.93, 25.63, 25.58, 25.55, 25.39, 25.51, 25.41, 25.36, 25.33], [26.05, 26.05, 26.05, 26.05, 26.04, 26.04, 26.03, 26.01, 25.97, 25.94, 25.99, 25.94, 25.92, 25.59, 25.54, 25.51, 25.38, 25.35, 25.35, 25.33], [26.06, 26.06, 26.06, 26.05, 26.05, 26.05, 26.04, 26.02, 25.99, 25.96, 25.96, 25.97, 25.95, 25.59, 25.55, 25.57, 25.52, 25.5, 25.34, 25.33], [26.06, 26.06, 26.06, 26.06, 26.06, 26.06, 26.05, 26.05, 26.04, 26.05, 26.02, 26.02, 25.99, 25.75, 25.68, 25.62, 25.58, 25.56, 25.56, 25.57], [26.07, 26.07, 26.07, 26.07, 26.07, 26.07, 26.08, 26.08, 26.1, 26.09, 26.11, 26.03, 25.96, 25.89, 25.73, 25.67, 25.62, 25.6, 25.6, 25.6], [26.07, 26.07, 26.07, 26.07, 26.08, 26.08, 26.09, 26.11, 26.14, 26.17, 26.23, 26.1, 26.0, 25.92, 25.77, 25.71, 25.67, 25.64, 25.63, 25.63], [26.07, 26.07, 26.08, 26.08, 26.09, 26.09, 26.11, 26.12, 26.07, 26.14, 26.19, 26.1, 26.01, 25.94, 25.8, 25.74, 25.7, 25.67, 25.66, 25.65], [26.08, 26.08, 26.08, 26.09, 26.09, 26.1, 26.11, 26.13, 26.06, 26.09, 26.1, 26.06, 26.0, 25.95, 25.81, 25.76, 25.73, 25.7, 25.68, 25.67], [26.08, 26.08, 26.08, 26.09, 26.09, 26.1, 26.11, 26.01, 26.03, 26.04, 26.04, 26.02, 25.99, 25.94, 25.82, 25.78, 25.75, 25.72, 25.7, 25.69]]}