gis_exercise/awsData/contour/temp_2023090804.json
{"header": {"refTime": "2023-09-08T04:00:00.000Z", "nx": 21, "ny": 33, "lo1": 113.509, "la1": 22.2235, "lo2": 113.5947, "la2": 22.1034, "dx": 0.0042850000000001385, "dy": 0.003753125000000024, "parameterCategory": 0, "parameterCategoryName": "Temperature", "parameterNumber": 0}, "z": [[25.37, 25.37, 25.37, 25.29, 25.29, 25.37, 25.38, 25.38, 25.38, 25.39, 25.39, 25.39, 25.51, 25.52, 25.5, 25.5, 25.59, 25.59, 25.59, 25.59], [25.37, 25.37, 25.37, 25.36, 25.29, 25.3, 25.38, 25.38, 25.39, 25.39, 25.39, 25.39, 25.51, 25.52, 25.5, 25.59, 25.59, 25.59, 25.59, 25.59], [25.37, 25.37, 25.37, 25.36, 25.29, 25.3, 25.32, 25.38, 25.4, 25.39, 25.39, 25.4, 25.52, 25.52, 25.58, 25.59, 25.59, 25.59, 25.59, 25.6], [25.37, 25.37, 25.37, 25.36, 25.36, 25.29, 25.3, 25.32, 25.34, 25.38, 25.39, 25.41, 25.52, 25.49, 25.58, 25.59, 25.59, 25.59, 25.6, 25.6], [25.37, 25.37, 25.37, 25.36, 25.36, 25.28, 25.28, 25.29, 25.29, 25.37, 25.38, 25.48, 25.49, 25.49, 25.58, 25.59, 25.59, 25.6, 25.6, 25.6], [25.37, 25.37, 25.37, 25.36, 25.36, 25.35, 25.26, 25.26, 25.26, 25.25, 25.44, 25.48, 25.5, 25.57, 25.59, 25.59, 25.6, 25.6, 25.6, 25.6], [25.37, 25.38, 25.37, 25.37, 25.36, 25.35, 25.28, 25.24, 25.23, 25.3, 25.33, 25.48, 25.61, 25.6, 25.6, 25.6, 25.6, 25.6, 25.58, 25.58], [25.37, 25.37, 25.37, 25.37, 25.37, 25.31, 25.29, 25.24, 25.23, 25.28, 25.26, 25.55, 25.55, 25.6, 25.64, 25.65, 25.63, 25.62, 25.63, 25.64], [25.33, 25.33, 25.39, 25.39, 25.39, 25.38, 25.34, 25.27, 25.2, 25.31, 25.39, 25.47, 25.5, 25.45, 25.64, 25.65, 25.64, 25.63, 25.64, 25.64], [25.5, 25.5, 25.5, 25.36, 25.38, 25.43, 25.4, 25.34, 25.2, 25.2, 25.5, 25.42, 25.45, 25.43, 25.64, 25.66, 25.65, 25.64, 25.64, 25.65], [25.5, 25.5, 25.5, 25.5, 25.5, 25.5, 25.5, 25.5, 25.39, 25.2, 25.2, 25.39, 25.41, 25.41, 25.64, 25.66, 25.65, 25.65, 25.65, 25.65], [25.5, 25.5, 25.5, 25.5, 25.5, 25.5, 25.5, 25.5, 25.5, -999.0, 25.2, 25.7, 25.7, 25.4, 25.64, 25.66, 25.66, 25.32, 25.32, 25.32], [25.5, 25.5, 25.5, 25.5, 25.5, 25.5, 25.5, 25.5, 25.5, 25.5, -999.0, 25.7, 25.7, 25.31, 25.48, 25.42, 25.42, 25.36, 25.37, 25.37], [25.5, 25.5, 25.5, 25.5, 25.5, 25.5, 25.5, 25.5, 25.5, 25.5, -999.0, 25.1, 25.1, 25.1, 25.43, 25.38, 25.38, 25.32, 25.33, 25.35], [25.5, 25.5, 25.5, 25.5, 25.5, 25.5, 25.5, 25.7, 25.7, 25.7, 25.7, 25.47, 25.1, 25.1, 25.1, 25.33, 25.34, 25.29, 25.3, 25.32], [25.5, 25.5, 25.63, 25.63, 25.63, 25.7, 25.7, 25.7, 25.7, 25.7, 25.32, 25.37, 25.31, 25.26, 25.31, 25.17, 25.18, 25.16, 25.28, 25.3], [25.63, 25.63, 25.57, 25.57, 25.7, 25.7, 25.7, 25.7, 25.7, 25.7, 25.44, 25.37, 25.29, 25.22, 25.19, 25.16, 25.18, 25.2, 25.21, 25.22], [25.57, 25.57, 25.58, 25.58, 25.7, 25.7, 25.7, 25.7, 25.7, 25.55, 25.47, 25.38, 25.28, 25.2, 25.11, 25.15, 25.18, 25.2, 25.21, 25.22], [25.58, 25.58, 25.58, 25.7, 25.7, 25.7, 25.7, 25.7, 25.65, 25.58, 25.51, 25.43, 25.3, 25.23, 25.15, 25.17, 25.19, 25.21, 25.22, 25.23], [25.58, 25.58, 25.64, 25.65, 25.65, 25.65, 25.66, 25.68, 25.63, 25.58, 25.52, 25.45, 25.32, 25.28, 25.19, 25.2, 25.22, 25.23, 25.23, 25.24], [25.64, 25.64, 25.64, 25.66, 25.66, 25.66, 25.67, 25.67, 25.58, 25.56, 25.52, 25.47, 25.34, 25.21, 25.22, 25.23, 25.24, 25.24, 25.25, 25.25], [25.65, 25.65, 25.65, 25.66, 25.66, 25.66, 25.66, 25.65, 25.56, 25.54, 25.52, 25.49, 25.33, 25.23, 25.24, 25.25, 25.26, 25.26, 25.26, 25.26], [25.65, 25.65, 25.65, 25.64, 25.64, 25.64, 25.64, 25.64, 25.63, 25.63, 25.63, 25.55, 25.41, 25.24, 25.25, 25.27, 25.28, 25.28, 25.27, 25.27], [25.64, 25.64, 25.64, 25.63, 25.63, 25.63, 25.63, 25.63, 25.62, 25.62, 25.62, 25.53, 25.42, 25.38, 25.36, 25.28, 25.29, 25.29, 25.28, 25.27], [25.63, 25.63, 25.63, 25.63, 25.63, 25.63, 25.62, 25.62, 25.61, 25.61, 25.61, 25.54, 25.51, 25.39, 25.36, 25.33, 25.29, 25.29, 25.28, 25.27], [25.63, 25.63, 25.63, 25.63, 25.63, 25.62, 25.62, 25.62, 25.61, 25.61, 25.56, 25.54, 25.52, 25.39, 25.37, 25.35, 25.33, 25.33, 25.28, 25.27], [25.63, 25.63, 25.63, 25.63, 25.63, 25.62, 25.62, 25.62, 25.61, 25.61, 25.56, 25.55, 25.53, 25.41, 25.38, 25.36, 25.35, 25.34, 25.34, 25.35], [25.63, 25.63, 25.63, 25.63, 25.62, 25.62, 25.62, 25.62, 25.61, 25.57, 25.57, 25.56, 25.54, 25.51, 25.4, 25.38, 25.37, 25.36, 25.36, 25.36], [25.63, 25.63, 25.63, 25.62, 25.62, 25.62, 25.62, 25.61, 25.61, 25.58, 25.59, 25.56, 25.54, 25.52, 25.41, 25.39, 25.38, 25.37, 25.37, 25.37], [25.63, 25.63, 25.63, 25.62, 25.62, 25.62, 25.62, 25.61, 25.56, 25.57, 25.58, 25.56, 25.54, 25.52, 25.42, 25.4, 25.39, 25.38, 25.38, 25.37], [25.63, 25.63, 25.62, 25.62, 25.62, 25.62, 25.62, 25.62, 25.56, 25.56, 25.56, 25.55, 25.54, 25.53, 25.43, 25.41, 25.4, 25.39, 25.38, 25.38], [25.63, 25.63, 25.62, 25.62, 25.62, 25.62, 25.62, 25.55, 25.55, 25.55, 25.55, 25.55, 25.54, 25.52, 25.43, 25.42, 25.41, 25.4, 25.39, 25.39]]}