gis_exercise/awsData/contour/temp_2023090903.json
{"header": {"refTime": "2023-09-09T03:00:00.000Z", "nx": 21, "ny": 33, "lo1": 113.509, "la1": 22.2235, "lo2": 113.5947, "la2": 22.1034, "dx": 0.0042850000000001385, "dy": 0.003753125000000024, "parameterCategory": 0, "parameterCategoryName": "Temperature", "parameterNumber": 0}, "z": [[25.99, 25.99, 25.98, 25.72, 25.73, 26.02, 26.01, 26.01, 26.01, 25.89, 25.9, 25.92, 26.17, 26.19, 26.25, 26.26, 26.35, 26.35, 26.35, 26.35], [25.99, 25.99, 25.98, 25.98, 25.73, 25.74, 26.0, 25.99, 25.98, 25.89, 25.91, 25.94, 26.19, 26.2, 26.26, 26.35, 26.35, 26.35, 26.35, 26.35], [26.0, 25.99, 25.99, 25.98, 25.73, 25.74, 25.76, 25.97, 25.92, 25.89, 25.92, 25.97, 26.22, 26.23, 26.35, 26.35, 26.35, 26.35, 26.35, 26.35], [26.0, 26.0, 25.99, 25.99, 25.98, 25.73, 25.75, 25.78, 25.81, 25.88, 25.92, 26.01, 26.27, 26.12, 26.35, 26.35, 26.35, 26.35, 26.35, 26.35], [26.01, 26.0, 26.0, 25.99, 25.98, 25.72, 25.73, 25.74, 25.73, 25.84, 25.9, 26.13, 26.29, 26.16, 26.35, 26.35, 26.36, 26.36, 26.36, 26.36], [26.01, 26.01, 26.01, 26.0, 25.99, 25.98, 25.72, 25.72, 25.69, 25.63, 25.89, 26.05, 26.18, 26.33, 26.34, 26.35, 26.36, 26.37, 26.36, 26.36], [26.07, 26.02, 26.02, 26.02, 26.01, 26.0, 25.8, 25.73, 25.7, 25.64, 25.59, 25.92, 26.29, 26.3, 26.33, 26.35, 26.38, 26.38, 26.4, 26.4], [26.07, 26.07, 26.07, 26.07, 26.07, 25.86, 25.83, 25.82, 25.84, 25.59, 25.37, 25.89, 25.9, 26.3, 26.33, 26.3, 26.35, 26.36, 26.34, 26.32], [26.03, 26.03, 26.09, 26.09, 26.09, 26.08, 26.04, 25.82, 25.68, 25.67, 25.58, 25.73, 25.8, 25.71, 26.32, 26.3, 26.32, 26.33, 26.33, 26.32], [26.2, 26.2, 26.2, 26.06, 26.08, 26.13, 26.1, 26.04, 25.5, 25.54, 25.81, 25.64, 25.69, 25.67, 26.32, 26.29, 26.3, 26.31, 26.31, 26.31], [26.2, 26.2, 26.2, 26.2, 26.2, 26.2, 26.2, 26.2, 26.09, 25.66, 25.2, 25.58, 25.63, 25.63, 26.32, 26.28, 26.29, 26.3, 26.3, 26.3], [26.2, 26.2, 26.2, 26.2, 26.2, 26.2, 26.2, 26.2, 26.2, -999.0, 25.2, 26.2, 26.2, 25.6, 26.32, 26.27, 26.28, 25.66, 25.68, 25.68], [26.2, 26.2, 26.2, 26.2, 26.2, 26.2, 26.2, 26.2, 26.2, 26.2, -999.0, 26.2, 26.2, 25.48, 25.8, 25.93, 25.94, 25.78, 25.8, 25.81], [26.2, 26.2, 26.2, 26.2, 26.2, 26.2, 26.2, 26.2, 26.2, 26.2, -999.0, 25.1, 25.1, 25.1, 25.7, 25.82, 25.84, 25.68, 25.71, 25.74], [26.2, 26.2, 26.2, 26.2, 26.2, 26.2, 26.2, 26.2, 26.2, 26.2, 26.2, 25.78, 25.1, 25.1, 25.1, 25.7, 25.73, 25.58, 25.63, 25.67], [26.2, 26.2, 26.2, 26.2, 26.2, 26.2, 26.2, 26.2, 26.2, 26.2, 25.51, 25.59, 25.48, 25.39, 25.49, 25.47, 25.52, 25.42, 25.71, 25.75], [26.2, 26.2, 26.2, 26.2, 26.2, 26.2, 26.2, 26.2, 26.2, 26.2, 25.73, 25.59, 25.45, 25.31, 25.34, 25.33, 25.41, 25.47, 25.51, 25.54], [26.2, 26.2, 26.2, 26.2, 26.2, 26.2, 26.2, 26.2, 26.2, 25.92, 25.77, 25.61, 25.44, 25.35, 25.14, 25.3, 25.41, 25.49, 25.53, 25.56], [26.2, 26.2, 26.2, 26.2, 26.2, 26.2, 26.2, 26.2, 26.1, 25.99, 25.86, 25.73, 25.58, 25.43, 25.29, 25.37, 25.46, 25.53, 25.57, 25.59], [26.2, 26.2, 26.14, 26.15, 26.15, 26.15, 26.16, 26.18, 26.09, 25.99, 25.88, 25.76, 25.65, 25.57, 25.44, 25.48, 25.54, 25.59, 25.61, 25.62], [26.14, 26.14, 26.14, 26.16, 26.16, 26.16, 26.17, 26.17, 26.01, 25.96, 25.89, 25.8, 25.72, 25.53, 25.55, 25.59, 25.63, 25.66, 25.66, 25.66], [26.15, 26.15, 26.15, 26.16, 26.16, 26.16, 26.16, 26.15, 25.97, 25.94, 25.9, 25.84, 25.75, 25.6, 25.64, 25.69, 25.73, 25.73, 25.71, 25.69], [26.15, 26.15, 26.15, 26.14, 26.14, 26.14, 26.14, 26.14, 26.13, 26.13, 26.13, 26.13, 25.95, 25.66, 25.7, 25.77, 25.83, 25.8, 25.75, 25.72], [26.14, 26.14, 26.14, 26.13, 26.13, 26.13, 26.13, 26.13, 26.12, 26.12, 26.12, 26.1, 25.96, 25.93, 25.92, 25.8, 25.96, 25.8, 25.75, 25.73], [26.13, 26.13, 26.13, 26.13, 26.13, 26.13, 26.12, 26.12, 26.11, 26.11, 26.11, 26.1, 26.1, 25.93, 25.91, 25.89, 25.77, 25.71, 25.74, 25.73], [26.13, 26.13, 26.13, 26.13, 26.13, 26.12, 26.12, 26.12, 26.11, 26.11, 26.1, 26.1, 26.1, 25.93, 25.9, 25.88, 25.84, 25.82, 25.73, 25.72], [26.13, 26.13, 26.13, 26.13, 26.13, 26.12, 26.12, 26.12, 26.11, 26.11, 26.1, 26.1, 26.1, 25.94, 25.91, 25.89, 25.87, 25.86, 25.86, 25.87], [26.13, 26.13, 26.13, 26.13, 26.12, 26.12, 26.12, 26.12, 26.11, 26.1, 26.1, 26.03, 25.99, 25.95, 25.93, 25.9, 25.89, 25.88, 25.88, 25.88], [26.13, 26.13, 26.13, 26.12, 26.12, 26.12, 26.12, 26.11, 26.11, 26.1, 26.08, 26.04, 26.0, 25.97, 25.94, 25.92, 25.9, 25.89, 25.89, 25.89], [26.13, 26.13, 26.13, 26.12, 26.12, 26.12, 26.12, 26.11, 26.04, 26.06, 26.07, 26.04, 26.01, 25.97, 25.95, 25.93, 25.92, 25.91, 25.9, 25.9], [26.13, 26.13, 26.12, 26.12, 26.12, 26.12, 26.12, 26.12, 26.03, 26.04, 26.04, 26.02, 26.0, 25.98, 25.95, 25.94, 25.92, 25.92, 25.91, 25.91], [26.13, 26.13, 26.12, 26.12, 26.12, 26.12, 26.12, 26.02, 26.02, 26.02, 26.02, 26.01, 25.99, 25.97, 25.96, 25.94, 25.93, 25.92, 25.92, 25.91]]}