gis_exercise/awsData/contour/temp_2023090621.json
{"header": {"refTime": "2023-09-06T21:00:00.000Z", "nx": 21, "ny": 33, "lo1": 113.509, "la1": 22.2235, "lo2": 113.5947, "la2": 22.1034, "dx": 0.0042850000000001385, "dy": 0.003753125000000024, "parameterCategory": 0, "parameterCategoryName": "Temperature", "parameterNumber": 0}, "z": [[28.77, 28.74, 28.69, 28.1, 28.06, 28.46, 28.36, 28.27, 28.24, 27.85, 27.96, 28.08, 28.45, 28.51, 28.65, 28.68, 29.04, 29.04, 29.03, 29.02], [28.8, 28.77, 28.72, 28.66, 28.07, 28.0, 28.3, 28.11, 27.99, 27.77, 27.96, 28.13, 28.52, 28.58, 28.71, 29.06, 29.04, 29.03, 29.03, 29.02], [28.83, 28.8, 28.76, 28.7, 28.11, 28.04, 27.92, 27.98, 27.47, 27.7, 28.0, 28.24, 28.64, 28.68, 29.08, 29.06, 29.04, 29.03, 29.02, 29.02], [28.87, 28.85, 28.82, 28.77, 28.7, 28.12, 28.02, 27.85, 27.69, 27.8, 28.1, 28.42, 28.84, 28.82, 29.09, 29.06, 29.04, 29.03, 29.02, 29.02], [28.91, 28.9, 28.88, 28.86, 28.82, 28.24, 28.2, 28.13, 28.06, 27.93, 28.19, 28.85, 29.17, 28.89, 29.08, 29.05, 29.03, 29.02, 29.01, 29.01], [28.96, 28.96, 28.96, 28.95, 28.94, 28.94, 28.41, 28.44, 28.38, 28.22, 28.42, 28.69, 28.95, 29.13, 29.05, 29.03, 29.01, 29.01, 29.01, 29.01], [29.68, 29.01, 29.03, 29.04, 29.06, 29.1, 29.17, 28.82, 28.8, 28.49, 28.19, 28.42, 28.94, 28.99, 29.0, 29.0, 29.0, 29.0, 29.07, 29.1], [29.67, 29.67, 29.67, 29.67, 29.68, 29.18, 29.22, 29.39, 29.54, 28.42, 27.74, 28.23, 28.24, 29.0, 28.85, 28.81, 28.9, 28.93, 28.88, 28.84], [29.73, 29.72, 29.65, 29.65, 29.64, 29.66, 29.71, 29.26, 29.1, 28.56, 27.86, 28.04, 28.12, 28.01, 28.84, 28.79, 28.84, 28.86, 28.85, 28.83], [29.5, 29.5, 29.5, 29.69, 29.66, 29.59, 29.64, 29.71, 28.48, 28.62, 28.13, 27.93, 27.99, 27.96, 28.84, 28.77, 28.81, 28.82, 28.82, 28.82], [29.5, 29.5, 29.5, 29.5, 29.5, 29.5, 29.5, 29.5, 29.64, 29.05, 27.4, 27.86, 27.91, 27.91, 28.84, 28.76, 28.79, 28.8, 28.8, 28.8], [29.5, 29.5, 29.5, 29.5, 29.5, 29.5, 29.5, 29.5, 29.5, -999.0, 27.4, 28.6, 28.6, 27.88, 28.85, 28.75, 28.76, 28.32, 28.33, 28.34], [29.5, 29.5, 29.5, 29.5, 29.5, 29.5, 29.5, 29.5, 29.5, 29.5, -999.0, 28.6, 28.6, 28.08, 28.31, 28.56, 28.57, 28.42, 28.45, 28.46], [29.5, 29.5, 29.5, 29.5, 29.5, 29.5, 29.5, 29.5, 29.5, 29.5, -999.0, 27.8, 27.8, 27.8, 28.24, 28.46, 28.48, 28.33, 28.36, 28.39], [29.5, 29.5, 29.5, 29.5, 29.5, 29.5, 29.5, 29.0, 29.0, 29.0, 29.0, 28.54, 27.8, 27.8, 27.8, 28.35, 28.39, 28.25, 28.29, 28.33], [29.5, 29.5, 29.19, 29.18, 29.17, 29.0, 29.0, 29.0, 29.0, 29.0, 28.24, 28.33, 28.21, 28.12, 28.23, 28.02, 28.05, 27.99, 28.27, 28.31], [29.18, 29.18, 29.32, 29.32, 29.0, 29.0, 29.0, 29.0, 29.0, 29.0, 28.48, 28.34, 28.18, 28.03, 28.01, 27.85, 27.87, 27.88, 27.89, 27.9], [29.32, 29.32, 29.31, 29.29, 29.0, 29.0, 29.0, 29.0, 29.0, 28.7, 28.53, 28.35, 28.17, 28.02, 27.83, 27.85, 27.87, 27.89, 27.9, 27.9], [29.31, 29.3, 29.29, 29.0, 29.0, 29.0, 29.0, 29.0, 28.89, 28.77, 28.45, 28.29, 28.24, 28.09, 27.84, 27.86, 27.89, 27.9, 27.9, 27.91], [29.3, 29.3, 28.37, 28.4, 28.44, 28.5, 28.59, 28.82, 28.77, 28.6, 28.43, 28.3, 28.29, 28.2, 27.88, 27.89, 27.91, 27.92, 27.92, 27.91], [28.33, 28.35, 28.37, 28.55, 28.57, 28.6, 28.64, 28.69, 28.55, 28.48, 28.37, 28.28, 28.34, 27.9, 27.91, 27.93, 27.94, 27.94, 27.93, 27.92], [28.49, 28.49, 28.5, 28.51, 28.52, 28.53, 28.54, 28.53, 28.4, 28.35, 28.3, 28.25, 28.02, 27.92, 27.94, 27.96, 27.97, 27.96, 27.94, 27.92], [28.47, 28.47, 28.47, 28.47, 28.47, 28.46, 28.44, 28.42, 28.38, 28.36, 28.36, 28.36, 27.95, 27.93, 27.96, 28.0, 28.04, 27.99, 27.94, 27.92], [28.46, 28.46, 28.45, 28.45, 28.43, 28.41, 28.37, 28.32, 28.25, 28.21, 28.26, 28.17, 27.94, 27.96, 27.97, 28.0, 28.19, 27.93, 27.9, 27.91], [28.45, 28.45, 28.44, 28.42, 28.4, 28.37, 28.33, 28.25, 28.13, 28.03, 28.17, 28.17, 28.22, 27.95, 27.96, 27.96, 27.87, 27.76, 27.86, 27.89], [28.44, 28.43, 28.42, 28.41, 28.39, 28.36, 28.31, 28.24, 28.13, 28.05, 28.11, 28.19, 28.23, 27.94, 27.94, 28.02, 27.95, 27.91, 27.87, 27.89], [28.43, 28.42, 28.41, 28.4, 28.38, 28.35, 28.32, 28.28, 28.23, 28.22, 28.2, 28.24, 28.26, 28.14, 28.09, 28.04, 28.0, 27.98, 27.98, 28.0], [28.43, 28.42, 28.41, 28.4, 28.38, 28.36, 28.34, 28.32, 28.32, 28.28, 28.32, 28.17, 28.1, 28.03, 28.12, 28.07, 28.04, 28.02, 28.02, 28.02], [28.42, 28.42, 28.41, 28.4, 28.38, 28.37, 28.36, 28.36, 28.37, 28.38, 28.41, 28.26, 28.15, 28.07, 28.15, 28.1, 28.07, 28.05, 28.05, 28.04], [28.42, 28.41, 28.41, 28.4, 28.39, 28.38, 28.38, 28.38, 28.22, 28.31, 28.36, 28.26, 28.17, 28.09, 28.17, 28.13, 28.1, 28.08, 28.07, 28.06], [28.42, 28.41, 28.41, 28.4, 28.39, 28.39, 28.39, 28.39, 28.2, 28.24, 28.26, 28.22, 28.15, 28.1, 28.18, 28.14, 28.12, 28.1, 28.09, 28.08], [28.42, 28.41, 28.41, 28.4, 28.4, 28.4, 28.39, 28.15, 28.17, 28.19, 28.2, 28.17, 28.13, 28.09, 28.18, 28.15, 28.13, 28.11, 28.1, 28.09]]}