gis_exercise/awsData/contour/temp_2023091116.json
{"header": {"refTime": "2023-09-11T16:00:00.000Z", "nx": 21, "ny": 33, "lo1": 113.509, "la1": 22.2235, "lo2": 113.5947, "la2": 22.1034, "dx": 0.0042850000000001385, "dy": 0.003753125000000024, "parameterCategory": 0, "parameterCategoryName": "Temperature", "parameterNumber": 0}, "z": [[26.28, 26.27, 26.26, 25.97, 25.98, 26.12, 26.12, 26.12, 26.12, 26.03, 26.02, 26.02, 26.16, 26.17, 26.06, 26.04, 26.06, 26.05, 26.04, 26.04], [26.28, 26.28, 26.27, 26.25, 25.98, 25.99, 26.12, 26.12, 26.12, 26.04, 26.03, 26.03, 26.17, 26.17, 26.06, 26.07, 26.05, 26.04, 26.03, 26.03], [26.29, 26.28, 26.27, 26.26, 25.98, 25.99, 26.0, 26.11, 26.1, 26.05, 26.03, 26.03, 26.17, 26.18, 26.09, 26.06, 26.04, 26.03, 26.02, 26.02], [26.3, 26.29, 26.28, 26.27, 26.25, 25.98, 25.99, 26.01, 26.03, 26.03, 26.02, 26.05, 26.18, 26.08, 26.09, 26.06, 26.03, 26.01, 26.0, 26.0], [26.31, 26.31, 26.3, 26.29, 26.27, 25.97, 25.98, 25.98, 25.98, 25.98, 26.0, 26.08, 26.15, 26.1, 26.09, 26.04, 26.0, 25.98, 25.98, 25.99], [26.32, 26.32, 26.31, 26.31, 26.29, 26.27, 25.97, 25.97, 25.95, 25.9, 25.97, 26.05, 26.11, 26.2, 26.08, 26.02, 25.96, 25.94, 25.95, 25.97], [26.43, 26.34, 26.34, 26.33, 26.32, 26.29, 26.12, 25.98, 25.96, 25.89, 25.85, 26.0, 26.2, 26.2, 26.07, 26.0, 25.9, 25.87, 25.87, 25.9], [26.44, 26.45, 26.45, 26.44, 26.43, 26.21, 26.16, 26.1, 26.05, 25.86, 25.71, 26.02, 26.02, 26.2, 25.95, 25.99, 25.9, 25.87, 25.92, 25.96], [26.36, 26.37, 26.47, 26.48, 26.48, 26.46, 26.39, 26.13, 25.94, 25.91, 25.83, 25.92, 25.96, 25.9, 25.96, 26.01, 25.96, 25.94, 25.95, 25.97], [26.7, 26.7, 26.7, 26.42, 26.46, 26.56, 26.49, 26.39, 25.82, 25.84, 25.96, 25.86, 25.9, 25.88, 25.96, 26.03, 25.99, 25.98, 25.98, 25.98], [26.7, 26.7, 26.7, 26.7, 26.7, 26.7, 26.7, 26.7, 26.49, 25.93, 25.6, 25.83, 25.86, 25.86, 25.96, 26.04, 26.01, 26.0, 26.0, 26.0], [26.7, 26.7, 26.7, 26.7, 26.7, 26.7, 26.7, 26.7, 26.7, -999.0, 25.6, 26.2, 26.2, 25.84, 25.95, 26.05, 26.04, 25.69, 25.69, 25.69], [26.7, 26.7, 26.7, 26.7, 26.7, 26.7, 26.7, 26.7, 26.7, 26.7, -999.0, 26.2, 26.2, 25.81, 25.98, 25.73, 25.73, 25.7, 25.71, 25.71], [26.7, 26.7, 26.7, 26.7, 26.7, 26.7, 26.7, 26.7, 26.7, 26.7, -999.0, 25.6, 25.6, 25.6, 25.93, 25.71, 25.71, 25.69, 25.69, 25.7], [26.7, 26.7, 26.7, 26.7, 26.7, 26.7, 26.7, 27.5, 27.5, 27.5, 27.5, 26.77, 25.6, 25.6, 25.6, 25.69, 25.7, 25.67, 25.68, 25.69], [26.7, 26.7, 27.2, 27.21, 27.23, 27.5, 27.5, 27.5, 27.5, 27.5, 26.3, 26.44, 26.26, 26.1, 26.28, 25.75, 25.77, 25.73, 25.76, 25.77], [27.21, 27.22, 26.98, 27.0, 27.5, 27.5, 27.5, 27.5, 27.5, 27.5, 26.68, 26.45, 26.2, 25.97, 25.87, 25.73, 25.78, 25.82, 25.84, 25.86], [26.99, 27.0, 27.01, 27.03, 27.5, 27.5, 27.5, 27.5, 27.5, 27.02, 26.76, 26.48, 26.18, 25.89, 25.64, 25.72, 25.78, 25.83, 25.86, 25.87], [27.0, 27.01, 27.03, 27.5, 27.5, 27.5, 27.5, 27.5, 27.33, 27.13, 26.82, 26.58, 26.19, 25.98, 25.71, 25.76, 25.81, 25.85, 25.87, 25.89], [27.01, 27.03, 27.1, 27.12, 27.15, 27.18, 27.24, 27.38, 27.24, 27.05, 26.83, 26.63, 26.26, 26.1, 25.79, 25.82, 25.86, 25.88, 25.9, 25.91], [27.07, 27.08, 27.1, 27.21, 27.23, 27.25, 27.27, 27.3, 27.04, 26.95, 26.81, 26.66, 26.3, 25.85, 25.86, 25.88, 25.91, 25.92, 25.93, 25.93], [27.17, 27.18, 27.18, 27.19, 27.19, 27.2, 27.2, 27.14, 26.92, 26.86, 26.78, 26.68, 26.12, 25.89, 25.91, 25.93, 25.95, 25.96, 25.96, 25.95], [27.16, 27.16, 27.16, 27.07, 27.07, 27.07, 27.06, 27.05, 27.03, 27.02, 27.01, 26.8, 26.33, 25.92, 25.94, 25.97, 25.99, 25.99, 25.99, 25.97], [27.05, 27.05, 27.05, 27.04, 27.04, 27.03, 27.01, 26.99, 26.95, 26.93, 26.95, 26.6, 26.34, 26.26, 26.19, 25.99, 26.01, 26.03, 26.01, 25.99], [27.04, 27.03, 27.03, 27.02, 27.01, 27.0, 26.97, 26.94, 26.89, 26.85, 26.9, 26.63, 26.56, 26.27, 26.2, 26.14, 26.03, 26.05, 26.01, 25.99], [27.02, 27.02, 27.01, 27.0, 26.99, 26.97, 26.95, 26.92, 26.88, 26.85, 26.7, 26.65, 26.58, 26.28, 26.22, 26.17, 26.14, 26.13, 26.01, 25.99], [27.01, 27.01, 27.0, 26.99, 26.98, 26.96, 26.94, 26.91, 26.89, 26.88, 26.7, 26.66, 26.61, 26.32, 26.26, 26.21, 26.18, 26.16, 26.17, 26.17], [27.01, 27.0, 26.99, 26.98, 26.97, 26.95, 26.93, 26.91, 26.89, 26.72, 26.72, 26.7, 26.65, 26.6, 26.3, 26.25, 26.22, 26.2, 26.19, 26.19], [27.0, 26.99, 26.98, 26.97, 26.96, 26.94, 26.93, 26.9, 26.88, 26.74, 26.77, 26.72, 26.66, 26.61, 26.33, 26.28, 26.25, 26.23, 26.22, 26.22], [26.99, 26.99, 26.98, 26.97, 26.95, 26.94, 26.92, 26.9, 26.72, 26.74, 26.75, 26.71, 26.67, 26.62, 26.36, 26.31, 26.28, 26.26, 26.24, 26.24], [26.99, 26.98, 26.97, 26.96, 26.95, 26.94, 26.92, 26.91, 26.7, 26.72, 26.72, 26.69, 26.66, 26.63, 26.37, 26.33, 26.3, 26.28, 26.26, 26.25], [26.99, 26.98, 26.97, 26.96, 26.95, 26.94, 26.93, 26.68, 26.69, 26.69, 26.69, 26.67, 26.65, 26.62, 26.38, 26.34, 26.32, 26.29, 26.28, 26.27]]}