gis_exercise/awsData/contour/temp_2023090508.json
{"header": {"refTime": "2023-09-05T08:00:00.000Z", "nx": 21, "ny": 33, "lo1": 113.509, "la1": 22.2235, "lo2": 113.5947, "la2": 22.1034, "dx": 0.0042850000000001385, "dy": 0.003753125000000024, "parameterCategory": 0, "parameterCategoryName": "Temperature", "parameterNumber": 0}, "z": [[29.09, 29.09, 29.09, 28.85, 28.87, 29.16, 29.16, 29.17, 29.18, 29.18, 29.21, 29.24, 29.52, 29.55, 29.53, 29.54, 29.7, 29.7, 29.69, 29.69], [29.1, 29.09, 29.09, 29.08, 28.86, 28.88, 29.15, 29.15, 29.15, 29.17, 29.21, 29.26, 29.54, 29.57, 29.55, 29.71, 29.7, 29.69, 29.69, 29.69], [29.1, 29.09, 29.09, 29.08, 28.86, 28.88, 28.91, 29.13, 29.11, 29.16, 29.22, 29.3, 29.58, 29.6, 29.72, 29.71, 29.7, 29.69, 29.69, 29.68], [29.1, 29.1, 29.09, 29.08, 29.07, 28.86, 28.89, 28.93, 28.97, 29.16, 29.24, 29.36, 29.65, 29.54, 29.72, 29.7, 29.69, 29.68, 29.68, 29.68], [29.11, 29.11, 29.1, 29.09, 29.07, 28.83, 28.85, 28.86, 28.86, 29.15, 29.24, 29.55, 29.7, 29.58, 29.72, 29.7, 29.68, 29.67, 29.67, 29.67], [29.12, 29.12, 29.11, 29.1, 29.08, 29.05, 28.8, 28.8, 28.79, 28.77, 29.31, 29.47, 29.6, 29.77, 29.71, 29.69, 29.66, 29.65, 29.66, 29.66], [29.14, 29.13, 29.13, 29.12, 29.1, 29.06, 28.88, 28.75, 28.73, 28.85, 28.9, 29.36, 29.74, 29.75, 29.7, 29.67, 29.64, 29.63, 29.64, 29.65], [29.16, 29.16, 29.16, 29.16, 29.14, 28.98, 28.9, 28.8, 28.75, 28.81, 28.74, 29.36, 29.37, 29.75, 29.64, 29.65, 29.63, 29.62, 29.63, 29.64], [29.04, 29.05, 29.2, 29.21, 29.21, 29.18, 29.08, 28.87, 28.67, 28.87, 29.02, 29.18, 29.26, 29.16, 29.64, 29.65, 29.64, 29.63, 29.64, 29.64], [29.5, 29.5, 29.5, 29.13, 29.18, 29.32, 29.22, 29.08, 28.64, 28.65, 29.27, 29.08, 29.14, 29.12, 29.64, 29.66, 29.65, 29.64, 29.64, 29.65], [29.5, 29.5, 29.5, 29.5, 29.5, 29.5, 29.5, 29.5, 29.22, 28.67, 28.6, 29.02, 29.07, 29.07, 29.64, 29.66, 29.65, 29.65, 29.65, 29.65], [29.5, 29.5, 29.5, 29.5, 29.5, 29.5, 29.5, 29.5, 29.5, -999.0, 28.6, 29.7, 29.7, 29.04, 29.64, 29.66, 29.66, 28.92, 28.93, 28.94], [29.5, 29.5, 29.5, 29.5, 29.5, 29.5, 29.5, 29.5, 29.5, 29.5, -999.0, 29.7, 29.7, 28.85, 29.22, 29.16, 29.17, 29.02, 29.05, 29.06], [29.5, 29.5, 29.5, 29.5, 29.5, 29.5, 29.5, 29.5, 29.5, 29.5, -999.0, 28.4, 28.4, 28.4, 29.11, 29.06, 29.08, 28.93, 28.96, 28.99], [29.5, 29.5, 29.5, 29.5, 29.5, 29.5, 29.5, 29.2, 29.2, 29.2, 29.2, 28.89, 28.4, 28.4, 28.4, 28.95, 28.99, 28.85, 28.89, 28.93], [29.5, 29.5, 29.31, 29.31, 29.3, 29.2, 29.2, 29.2, 29.2, 29.2, 28.7, 28.75, 28.68, 28.61, 28.69, 28.66, 28.7, 28.63, 28.9, 28.94], [29.31, 29.31, 29.39, 29.39, 29.2, 29.2, 29.2, 29.2, 29.2, 29.2, 28.86, 28.76, 28.65, 28.56, 28.57, 28.52, 28.57, 28.6, 28.62, 28.64], [29.39, 29.39, 29.38, 29.38, 29.2, 29.2, 29.2, 29.2, 29.2, 29.0, 28.89, 28.77, 28.64, 28.58, 28.43, 28.51, 28.57, 28.61, 28.63, 28.65], [29.39, 29.38, 29.38, 29.2, 29.2, 29.2, 29.2, 29.2, 29.13, 29.04, 29.03, 28.93, 28.75, 28.64, 28.5, 28.55, 28.6, 28.63, 28.65, 28.67], [29.38, 29.38, 29.37, 29.36, 29.35, 29.34, 29.31, 29.25, 29.16, 29.11, 29.05, 28.97, 28.79, 28.73, 28.58, 28.61, 28.64, 28.67, 28.68, 28.68], [29.38, 29.38, 29.37, 29.32, 29.32, 29.31, 29.3, 29.29, 29.15, 29.12, 29.08, 29.02, 28.84, 28.64, 28.65, 28.67, 28.7, 28.71, 28.71, 28.7], [29.34, 29.34, 29.34, 29.33, 29.33, 29.33, 29.33, 29.32, 29.17, 29.15, 29.12, 29.07, 28.98, 28.68, 28.7, 28.73, 28.76, 28.75, 28.73, 28.72], [29.35, 29.35, 29.35, 29.33, 29.34, 29.34, 29.34, 29.35, 29.36, 29.37, 29.37, 29.31, 29.07, 28.71, 28.74, 28.78, 28.83, 28.79, 28.75, 28.73], [29.34, 29.34, 29.34, 29.34, 29.35, 29.35, 29.36, 29.38, 29.4, 29.41, 29.4, 29.35, 29.08, 29.01, 28.95, 28.8, 28.95, 28.77, 28.74, 28.73], [29.34, 29.34, 29.34, 29.35, 29.35, 29.36, 29.37, 29.4, 29.43, 29.46, 29.42, 29.36, 29.32, 29.02, 28.95, 28.89, 28.73, 28.66, 28.71, 28.72], [29.34, 29.34, 29.35, 29.35, 29.36, 29.36, 29.38, 29.4, 29.43, 29.45, 29.4, 29.36, 29.33, 29.02, 28.95, 28.86, 28.81, 28.79, 28.71, 28.72], [29.34, 29.34, 29.35, 29.35, 29.36, 29.36, 29.37, 29.39, 29.4, 29.4, 29.37, 29.35, 29.32, 28.98, 28.93, 28.89, 28.85, 28.84, 28.84, 28.85], [29.34, 29.35, 29.35, 29.35, 29.36, 29.36, 29.37, 29.37, 29.37, 29.35, 29.34, 29.24, 29.19, 29.12, 28.96, 28.92, 28.89, 28.87, 28.87, 28.87], [29.34, 29.35, 29.35, 29.35, 29.35, 29.36, 29.36, 29.36, 29.35, 29.32, 29.29, 29.25, 29.2, 29.14, 28.98, 28.94, 28.92, 28.9, 28.89, 28.89], [29.34, 29.35, 29.35, 29.35, 29.35, 29.35, 29.35, 29.35, 29.26, 29.27, 29.27, 29.24, 29.2, 29.15, 29.0, 28.96, 28.94, 28.92, 28.91, 28.91], [29.34, 29.35, 29.35, 29.35, 29.35, 29.35, 29.35, 29.35, 29.24, 29.25, 29.24, 29.22, 29.19, 29.15, 29.01, 28.98, 28.96, 28.94, 28.93, 28.92], [29.34, 29.35, 29.35, 29.35, 29.35, 29.35, 29.35, 29.23, 29.23, 29.23, 29.22, 29.21, 29.18, 29.15, 29.01, 28.99, 28.97, 28.95, 28.94, 28.93]]}