gis_exercise/awsData/contour/temp_2023090717.json
{"header": {"refTime": "2023-09-07T17:00:00.000Z", "nx": 21, "ny": 33, "lo1": 113.509, "la1": 22.2235, "lo2": 113.5947, "la2": 22.1034, "dx": 0.0042850000000001385, "dy": 0.003753125000000024, "parameterCategory": 0, "parameterCategoryName": "Temperature", "parameterNumber": 0}, "z": [[26.42, 26.41, 26.41, 26.27, 26.28, 26.42, 26.41, 26.41, 26.41, 26.41, 26.43, 26.46, 26.57, 26.59, 26.45, 26.43, 26.5, 26.48, 26.47, 26.46], [26.42, 26.42, 26.41, 26.4, 26.28, 26.28, 26.4, 26.39, 26.38, 26.39, 26.43, 26.47, 26.59, 26.6, 26.46, 26.52, 26.49, 26.47, 26.46, 26.45], [26.43, 26.42, 26.42, 26.41, 26.28, 26.28, 26.28, 26.37, 26.32, 26.38, 26.44, 26.5, 26.62, 26.63, 26.55, 26.51, 26.48, 26.45, 26.44, 26.43], [26.43, 26.43, 26.42, 26.41, 26.4, 26.28, 26.28, 26.28, 26.29, 26.4, 26.46, 26.54, 26.67, 26.64, 26.56, 26.5, 26.45, 26.42, 26.41, 26.41], [26.44, 26.44, 26.43, 26.42, 26.41, 26.27, 26.28, 26.28, 26.28, 26.41, 26.48, 26.64, 26.73, 26.66, 26.55, 26.47, 26.41, 26.38, 26.37, 26.38], [26.45, 26.45, 26.44, 26.44, 26.43, 26.41, 26.27, 26.27, 26.27, 26.26, 26.52, 26.6, 26.67, 26.73, 26.53, 26.44, 26.35, 26.31, 26.33, 26.36], [26.52, 26.46, 26.46, 26.45, 26.45, 26.43, 26.37, 26.28, 26.27, 26.31, 26.32, 26.52, 26.69, 26.7, 26.5, 26.39, 26.25, 26.2, 26.23, 26.27], [26.53, 26.53, 26.53, 26.53, 26.52, 26.43, 26.39, 26.34, 26.31, 26.3, 26.25, 26.48, 26.48, 26.7, 26.29, 26.34, 26.23, 26.19, 26.25, 26.3], [26.47, 26.48, 26.55, 26.55, 26.56, 26.54, 26.49, 26.37, 26.27, 26.32, 26.35, 26.41, 26.44, 26.4, 26.3, 26.36, 26.3, 26.27, 26.29, 26.31], [26.7, 26.7, 26.7, 26.51, 26.54, 26.61, 26.56, 26.49, 26.24, 26.25, 26.44, 26.38, 26.4, 26.39, 26.3, 26.38, 26.34, 26.32, 26.32, 26.33], [26.7, 26.7, 26.7, 26.7, 26.7, 26.7, 26.7, 26.7, 26.56, 26.27, 26.2, 26.35, 26.37, 26.37, 26.29, 26.4, 26.37, 26.35, 26.35, 26.35], [26.7, 26.7, 26.7, 26.7, 26.7, 26.7, 26.7, 26.7, 26.7, -999.0, 26.2, 26.6, 26.6, 26.36, 26.29, 26.41, 26.4, 25.65, 25.66, 25.66], [26.7, 26.7, 26.7, 26.7, 26.7, 26.7, 26.7, 26.7, 26.7, 26.7, -999.0, 26.6, 26.6, 25.75, 26.12, 25.81, 25.81, 25.72, 25.73, 25.74], [26.7, 26.7, 26.7, 26.7, 26.7, 26.7, 26.7, 26.7, 26.7, 26.7, -999.0, 25.3, 25.3, 25.3, 26.01, 25.74, 25.75, 25.65, 25.68, 25.69], [26.7, 26.7, 26.7, 26.7, 26.7, 26.7, 26.7, 26.5, 26.5, 26.5, 26.5, 26.04, 25.3, 25.3, 25.3, 25.67, 25.69, 25.6, 25.63, 25.65], [26.7, 26.7, 26.57, 26.57, 26.57, 26.5, 26.5, 26.5, 26.5, 26.5, 25.74, 25.83, 25.71, 25.62, 25.73, 25.78, 25.85, 25.72, 25.86, 25.9], [26.57, 26.57, 26.63, 26.63, 26.5, 26.5, 26.5, 26.5, 26.5, 26.5, 25.98, 25.84, 25.68, 25.53, 25.59, 25.64, 25.76, 25.86, 25.93, 25.97], [26.63, 26.63, 26.62, 26.62, 26.5, 26.5, 26.5, 26.5, 26.5, 26.2, 26.03, 25.85, 25.67, 25.6, 25.34, 25.6, 25.78, 25.89, 25.96, 26.0], [26.62, 26.62, 26.62, 26.5, 26.5, 26.5, 26.5, 26.5, 26.39, 26.27, 26.14, 25.99, 25.86, 25.7, 25.58, 25.71, 25.85, 25.95, 26.01, 26.05], [26.62, 26.62, 26.44, 26.45, 26.45, 26.45, 26.46, 26.48, 26.38, 26.28, 26.15, 26.03, 25.95, 25.86, 25.81, 25.88, 25.97, 26.04, 26.08, 26.1], [26.44, 26.44, 26.44, 26.46, 26.46, 26.46, 26.47, 26.47, 26.29, 26.24, 26.16, 26.07, 26.03, 25.95, 25.98, 26.04, 26.1, 26.14, 26.15, 26.15], [26.45, 26.45, 26.45, 26.46, 26.46, 26.46, 26.46, 26.61, 26.26, 26.22, 26.17, 26.11, 26.07, 26.06, 26.11, 26.18, 26.23, 26.25, 26.23, 26.21], [26.45, 26.45, 26.45, 26.67, 26.66, 26.64, 26.63, 26.61, 26.6, 26.6, 26.62, 26.48, 26.44, 26.14, 26.2, 26.29, 26.36, 26.34, 26.29, 26.25], [26.7, 26.69, 26.69, 26.68, 26.67, 26.66, 26.64, 26.62, 26.59, 26.58, 26.61, 26.67, 26.43, 26.44, 26.45, 26.34, 26.5, 26.38, 26.32, 26.27], [26.7, 26.7, 26.7, 26.69, 26.69, 26.67, 26.65, 26.62, 26.55, 26.49, 26.59, 26.68, 26.72, 26.44, 26.45, 26.45, 26.36, 26.34, 26.32, 26.28], [26.71, 26.71, 26.71, 26.71, 26.7, 26.7, 26.68, 26.65, 26.58, 26.52, 26.65, 26.73, 26.75, 26.44, 26.44, 26.57, 26.52, 26.5, 26.3, 26.27], [26.72, 26.73, 26.73, 26.73, 26.73, 26.73, 26.72, 26.72, 26.7, 26.72, 26.78, 26.81, 26.81, 26.75, 26.68, 26.62, 26.58, 26.56, 26.56, 26.57], [26.73, 26.74, 26.74, 26.74, 26.75, 26.76, 26.77, 26.79, 26.83, 26.92, 26.97, 26.89, 26.81, 26.74, 26.73, 26.67, 26.62, 26.6, 26.6, 26.6], [26.74, 26.75, 26.75, 26.76, 26.77, 26.79, 26.81, 26.85, 26.93, 27.07, 27.18, 27.0, 26.87, 26.79, 26.77, 26.71, 26.67, 26.64, 26.63, 26.63], [26.75, 26.76, 26.77, 26.78, 26.79, 26.81, 26.84, 26.89, 26.94, 27.05, 27.12, 27.01, 26.89, 26.81, 26.8, 26.74, 26.7, 26.67, 26.66, 26.65], [26.76, 26.77, 26.78, 26.79, 26.8, 26.82, 26.85, 26.9, 26.92, 26.98, 27.0, 26.95, 26.88, 26.82, 26.81, 26.76, 26.73, 26.7, 26.68, 26.67], [26.77, 26.77, 26.78, 26.8, 26.81, 26.83, 26.86, 26.85, 26.89, 26.92, 26.92, 26.9, 26.86, 26.81, 26.82, 26.78, 26.75, 26.72, 26.7, 26.69]]}