gis_exercise/awsData/contour/temp_2023090409.json
{"header": {"refTime": "2023-09-04T09:00:00.000Z", "nx": 21, "ny": 33, "lo1": 113.509, "la1": 22.2235, "lo2": 113.5947, "la2": 22.1034, "dx": 0.0042850000000001385, "dy": 0.003753125000000024, "parameterCategory": 0, "parameterCategoryName": "Temperature", "parameterNumber": 0}, "z": [[29.94, 29.94, 29.94, 29.84, 29.86, 30.18, 30.18, 30.19, 30.21, 30.29, 30.34, 30.39, 30.79, 30.82, 30.83, 30.85, 31.19, 31.19, 31.19, 31.19], [29.94, 29.94, 29.94, 29.94, 29.85, 29.88, 30.16, 30.17, 30.17, 30.27, 30.34, 30.42, 30.82, 30.85, 30.86, 31.19, 31.19, 31.19, 31.19, 31.19], [29.94, 29.94, 29.94, 29.94, 29.85, 29.87, 29.9, 30.14, 30.12, 30.24, 30.36, 30.47, 30.87, 30.9, 31.18, 31.19, 31.19, 31.19, 31.19, 31.2], [29.94, 29.94, 29.94, 29.93, 29.93, 29.85, 29.88, 29.93, 29.97, 30.27, 30.4, 30.56, 30.95, 30.89, 31.18, 31.19, 31.19, 31.19, 31.2, 31.2], [29.94, 29.94, 29.93, 29.93, 29.92, 29.81, 29.83, 29.84, 29.86, 30.3, 30.42, 30.88, 31.02, 30.92, 31.18, 31.19, 31.19, 31.2, 31.2, 31.2], [29.94, 29.94, 29.94, 29.93, 29.91, 29.89, 29.77, 29.76, 29.77, 29.78, 30.66, 30.83, 30.95, 31.17, 31.19, 31.19, 31.2, 31.2, 31.2, 31.2], [29.89, 29.95, 29.94, 29.93, 29.91, 29.88, 29.75, 29.68, 29.68, 29.99, 30.12, 30.75, 31.21, 31.2, 31.2, 31.2, 31.2, 31.2, 31.18, 31.18], [29.9, 29.9, 29.91, 29.9, 29.89, 29.83, 29.77, 29.66, 29.64, 29.95, 29.95, 30.84, 30.85, 31.2, 31.24, 31.25, 31.23, 31.22, 31.23, 31.24], [29.8, 29.81, 29.93, 29.94, 29.95, 29.92, 29.84, 29.73, 29.6, 30.01, 30.38, 30.6, 30.7, 30.56, 31.24, 31.25, 31.24, 31.23, 31.24, 31.24], [30.2, 30.2, 30.2, 29.87, 29.92, 30.04, 29.96, 29.84, 29.67, 29.65, 30.71, 30.46, 30.54, 30.5, 31.24, 31.26, 31.25, 31.24, 31.24, 31.25], [30.2, 30.2, 30.2, 30.2, 30.2, 30.2, 30.2, 30.2, 29.95, 29.6, 29.8, 30.37, 30.44, 30.44, 31.24, 31.26, 31.25, 31.25, 31.25, 31.25], [30.2, 30.2, 30.2, 30.2, 30.2, 30.2, 30.2, 30.2, 30.2, -999.0, 29.8, 31.3, 31.3, 30.4, 31.24, 31.26, 31.26, 30.86, 30.87, 30.87], [30.2, 30.2, 30.2, 30.2, 30.2, 30.2, 30.2, 30.2, 30.2, 30.2, -999.0, 31.3, 31.3, 30.84, 31.04, 30.98, 30.99, 30.91, 30.92, 30.93], [30.2, 30.2, 30.2, 30.2, 30.2, 30.2, 30.2, 30.2, 30.2, 30.2, -999.0, 30.6, 30.6, 30.6, 30.98, 30.93, 30.94, 30.87, 30.88, 30.89], [30.2, 30.2, 30.2, 30.2, 30.2, 30.2, 30.2, 30.6, 30.6, 30.6, 30.6, 30.6, 30.6, 30.6, 30.6, 30.87, 30.89, 30.82, 30.84, 30.86], [30.2, 30.2, 30.45, 30.46, 30.46, 30.6, 30.6, 30.6, 30.6, 30.6, 30.6, 30.6, 30.6, 30.6, 30.6, 30.38, 30.35, 30.41, 30.59, 30.59], [30.46, 30.46, 30.34, 30.35, 30.6, 30.6, 30.6, 30.6, 30.6, 30.6, 30.6, 30.6, 30.6, 30.6, 30.53, 30.58, 30.57, 30.56, 30.56, 30.56], [30.34, 30.35, 30.35, 30.37, 30.6, 30.6, 30.6, 30.6, 30.6, 30.6, 30.6, 30.6, 30.6, 30.54, 30.59, 30.58, 30.57, 30.56, 30.56, 30.56], [30.35, 30.36, 30.37, 30.6, 30.6, 30.6, 30.6, 30.6, 30.6, 30.6, 30.62, 30.62, 30.49, 30.51, 30.58, 30.57, 30.56, 30.55, 30.55, 30.56], [30.36, 30.36, 30.66, 30.65, 30.65, 30.65, 30.64, 30.62, 30.61, 30.62, 30.62, 30.62, 30.47, 30.46, 30.56, 30.55, 30.55, 30.54, 30.55, 30.55], [30.66, 30.66, 30.66, 30.64, 30.64, 30.64, 30.63, 30.63, 30.62, 30.63, 30.63, 30.63, 30.44, 30.55, 30.54, 30.53, 30.53, 30.53, 30.54, 30.55], [30.65, 30.65, 30.65, 30.64, 30.64, 30.64, 30.64, 30.51, 30.64, 30.64, 30.64, 30.64, 30.44, 30.54, 30.52, 30.5, 30.49, 30.51, 30.54, 30.55], [30.65, 30.65, 30.65, 30.46, 30.47, 30.48, 30.49, 30.5, 30.51, 30.51, 30.5, 30.49, 30.59, 30.53, 30.51, 30.47, 30.42, 30.48, 30.55, 30.56], [30.43, 30.44, 30.44, 30.45, 30.46, 30.47, 30.48, 30.51, 30.53, 30.54, 30.51, 30.33, 30.59, 30.57, 30.54, 30.47, 30.25, 30.57, 30.59, 30.59], [30.43, 30.43, 30.43, 30.44, 30.44, 30.45, 30.47, 30.5, 30.56, 30.62, 30.53, 30.34, 30.26, 30.58, 30.56, 30.55, 30.64, 30.78, 30.64, 30.6], [30.42, 30.42, 30.42, 30.42, 30.43, 30.43, 30.45, 30.48, 30.54, 30.59, 30.42, 30.31, 30.24, 30.59, 30.58, 30.47, 30.55, 30.6, 30.63, 30.61], [30.41, 30.41, 30.41, 30.41, 30.41, 30.41, 30.41, 30.42, 30.43, 30.42, 30.29, 30.24, 30.21, 30.32, 30.38, 30.44, 30.49, 30.52, 30.51, 30.49], [30.4, 30.4, 30.39, 30.39, 30.39, 30.38, 30.37, 30.35, 30.31, 30.19, 30.14, 30.31, 30.4, 30.49, 30.35, 30.4, 30.44, 30.47, 30.47, 30.47], [30.39, 30.39, 30.38, 30.38, 30.37, 30.35, 30.33, 30.3, 30.23, 30.06, 30.02, 30.21, 30.34, 30.44, 30.32, 30.37, 30.41, 30.43, 30.44, 30.44], [30.38, 30.38, 30.37, 30.36, 30.35, 30.33, 30.31, 30.27, 30.26, 30.15, 30.08, 30.2, 30.32, 30.41, 30.29, 30.34, 30.37, 30.4, 30.41, 30.42], [30.38, 30.37, 30.36, 30.35, 30.34, 30.32, 30.29, 30.26, 30.28, 30.22, 30.21, 30.26, 30.33, 30.41, 30.28, 30.32, 30.35, 30.37, 30.39, 30.4], [30.37, 30.36, 30.36, 30.35, 30.33, 30.31, 30.29, 30.35, 30.31, 30.29, 30.28, 30.31, 30.36, 30.41, 30.27, 30.31, 30.34, 30.36, 30.37, 30.38]]}