gis_exercise/awsData/contour/temp_2023083102.json
{"header": {"refTime": "2023-08-31T02:00:00.000Z", "nx": 21, "ny": 33, "lo1": 113.509, "la1": 22.2235, "lo2": 113.5947, "la2": 22.1034, "dx": 0.0042850000000001385, "dy": 0.003753125000000024, "parameterCategory": 0, "parameterCategoryName": "Temperature", "parameterNumber": 0}, "z": [[27.52, 27.51, 27.51, 27.35, 27.35, 27.59, 27.58, 27.57, 27.57, 27.56, 27.6, 27.64, 27.84, 27.86, 27.82, 27.81, 27.94, 27.93, 27.92, 27.92], [27.52, 27.52, 27.51, 27.5, 27.35, 27.36, 27.56, 27.54, 27.53, 27.54, 27.6, 27.66, 27.86, 27.89, 27.84, 27.96, 27.94, 27.92, 27.91, 27.91], [27.53, 27.52, 27.52, 27.51, 27.35, 27.35, 27.36, 27.51, 27.43, 27.52, 27.62, 27.7, 27.91, 27.93, 27.98, 27.95, 27.93, 27.91, 27.9, 27.9], [27.53, 27.53, 27.52, 27.51, 27.5, 27.35, 27.36, 27.37, 27.37, 27.54, 27.65, 27.78, 27.99, 27.93, 27.99, 27.95, 27.91, 27.89, 27.89, 27.88], [27.54, 27.54, 27.53, 27.52, 27.51, 27.35, 27.35, 27.35, 27.35, 27.57, 27.67, 27.95, 28.09, 27.97, 27.98, 27.93, 27.89, 27.87, 27.86, 27.87], [27.55, 27.55, 27.54, 27.54, 27.53, 27.51, 27.35, 27.35, 27.34, 27.32, 27.73, 27.87, 27.99, 28.1, 27.96, 27.9, 27.85, 27.82, 27.83, 27.85], [27.62, 27.56, 27.56, 27.55, 27.55, 27.53, 27.45, 27.35, 27.34, 27.41, 27.42, 27.75, 28.03, 28.05, 27.94, 27.87, 27.79, 27.76, 27.79, 27.82], [27.63, 27.63, 27.63, 27.63, 27.62, 27.51, 27.47, 27.42, 27.41, 27.38, 27.3, 27.68, 27.69, 28.05, 27.77, 27.8, 27.75, 27.74, 27.76, 27.78], [27.57, 27.58, 27.65, 27.65, 27.66, 27.64, 27.59, 27.45, 27.34, 27.42, 27.47, 27.57, 27.62, 27.56, 27.78, 27.8, 27.78, 27.77, 27.77, 27.78], [27.8, 27.8, 27.8, 27.61, 27.64, 27.71, 27.66, 27.59, 27.29, 27.3, 27.63, 27.51, 27.55, 27.53, 27.78, 27.81, 27.8, 27.79, 27.79, 27.79], [27.8, 27.8, 27.8, 27.8, 27.8, 27.8, 27.8, 27.8, 27.66, 27.33, 27.2, 27.47, 27.5, 27.5, 27.78, 27.82, 27.81, 27.8, 27.8, 27.8], [27.8, 27.8, 27.8, 27.8, 27.8, 27.8, 27.8, 27.8, 27.8, -999.0, 27.2, 27.9, 27.9, 27.48, 27.78, 27.83, 27.82, 26.73, 26.76, 26.76], [27.8, 27.8, 27.8, 27.8, 27.8, 27.8, 27.8, 27.8, 27.8, 27.8, -999.0, 27.9, 27.9, 26.66, 27.21, 27.08, 27.09, 26.88, 26.91, 26.93], [27.8, 27.8, 27.8, 27.8, 27.8, 27.8, 27.8, 27.8, 27.8, 27.8, -999.0, 26.0, 26.0, 26.0, 27.04, 26.94, 26.97, 26.75, 26.8, 26.83], [27.8, 27.8, 27.8, 27.8, 27.8, 27.8, 27.8, 27.8, 27.8, 27.8, 27.8, 27.11, 26.0, 26.0, 26.0, 26.78, 26.83, 26.63, 26.69, 26.74], [27.8, 27.8, 27.8, 27.8, 27.8, 27.8, 27.8, 27.8, 27.8, 27.8, 26.67, 26.8, 26.62, 26.47, 26.64, 26.62, 26.72, 26.55, 26.9, 26.97], [27.8, 27.8, 27.8, 27.8, 27.8, 27.8, 27.8, 27.8, 27.8, 27.8, 27.03, 26.8, 26.57, 26.35, 26.4, 26.4, 26.55, 26.66, 26.74, 26.8], [27.8, 27.8, 27.8, 27.8, 27.8, 27.8, 27.8, 27.8, 27.8, 27.34, 27.1, 26.83, 26.55, 26.42, 26.06, 26.36, 26.56, 26.69, 26.78, 26.83], [27.8, 27.8, 27.8, 27.8, 27.8, 27.8, 27.8, 27.8, 27.64, 27.45, 27.3, 27.08, 26.8, 26.56, 26.33, 26.48, 26.65, 26.77, 26.84, 26.88], [27.8, 27.8, 27.86, 27.85, 27.85, 27.85, 27.84, 27.82, 27.64, 27.51, 27.34, 27.15, 26.92, 26.78, 26.6, 26.69, 26.79, 26.87, 26.92, 26.94], [27.86, 27.86, 27.86, 27.84, 27.84, 27.84, 27.83, 27.83, 27.54, 27.47, 27.36, 27.22, 27.03, 26.77, 26.81, 26.88, 26.96, 27.0, 27.01, 27.01], [27.85, 27.85, 27.85, 27.84, 27.84, 27.84, 27.84, 27.89, 27.52, 27.48, 27.4, 27.3, 27.16, 26.9, 26.97, 27.05, 27.12, 27.13, 27.1, 27.07], [27.85, 27.85, 27.85, 27.91, 27.91, 27.91, 27.9, 27.9, 27.9, 27.91, 27.91, 27.82, 27.57, 27.0, 27.08, 27.19, 27.29, 27.25, 27.17, 27.11], [27.92, 27.92, 27.92, 27.92, 27.92, 27.92, 27.92, 27.92, 27.91, 27.92, 27.92, 27.9, 27.58, 27.52, 27.48, 27.25, 27.5, 27.27, 27.18, 27.14], [27.93, 27.93, 27.93, 27.93, 27.93, 27.93, 27.93, 27.92, 27.92, 27.91, 27.93, 27.91, 27.9, 27.52, 27.47, 27.42, 27.22, 27.15, 27.16, 27.14], [27.93, 27.93, 27.93, 27.93, 27.93, 27.94, 27.94, 27.93, 27.93, 27.92, 27.93, 27.93, 27.91, 27.52, 27.47, 27.45, 27.38, 27.35, 27.15, 27.13], [27.93, 27.94, 27.94, 27.94, 27.94, 27.94, 27.95, 27.95, 27.95, 27.96, 27.95, 27.95, 27.93, 27.62, 27.55, 27.49, 27.44, 27.42, 27.42, 27.44], [27.94, 27.94, 27.94, 27.95, 27.95, 27.95, 27.96, 27.97, 27.98, 27.99, 28.0, 27.88, 27.8, 27.72, 27.59, 27.53, 27.49, 27.47, 27.46, 27.47], [27.94, 27.94, 27.95, 27.95, 27.95, 27.96, 27.97, 27.98, 28.0, 28.03, 28.04, 27.93, 27.84, 27.75, 27.62, 27.57, 27.53, 27.51, 27.5, 27.49], [27.94, 27.95, 27.95, 27.95, 27.96, 27.97, 27.98, 27.99, 27.92, 27.97, 28.0, 27.93, 27.84, 27.77, 27.65, 27.6, 27.56, 27.54, 27.52, 27.52], [27.95, 27.95, 27.95, 27.96, 27.96, 27.97, 27.98, 27.99, 27.9, 27.92, 27.93, 27.89, 27.83, 27.77, 27.67, 27.62, 27.59, 27.56, 27.55, 27.54], [27.95, 27.95, 27.96, 27.96, 27.96, 27.97, 27.98, 27.85, 27.87, 27.88, 27.88, 27.85, 27.81, 27.77, 27.67, 27.64, 27.6, 27.58, 27.57, 27.55]]}