gis_exercise/awsData/contour/temp_2023091010.json
{"header": {"refTime": "2023-09-10T10:00:00.000Z", "nx": 21, "ny": 33, "lo1": 113.509, "la1": 22.2235, "lo2": 113.5947, "la2": 22.1034, "dx": 0.0042850000000001385, "dy": 0.003753125000000024, "parameterCategory": 0, "parameterCategoryName": "Temperature", "parameterNumber": 0}, "z": [[25.89, 25.89, 25.89, 25.55, 25.57, 25.82, 25.83, 25.84, 25.85, 25.75, 25.74, 25.73, 25.99, 25.99, 25.86, 25.84, 25.88, 25.87, 25.87, 25.86], [25.9, 25.89, 25.89, 25.88, 25.57, 25.59, 25.83, 25.85, 25.86, 25.77, 25.75, 25.74, 25.99, 26.0, 25.86, 25.89, 25.88, 25.87, 25.86, 25.85], [25.9, 25.89, 25.89, 25.88, 25.56, 25.59, 25.63, 25.85, 25.89, 25.79, 25.75, 25.75, 25.99, 26.0, 25.91, 25.89, 25.87, 25.85, 25.84, 25.84], [25.9, 25.9, 25.89, 25.88, 25.87, 25.57, 25.6, 25.66, 25.72, 25.75, 25.73, 25.76, 26.0, 25.83, 25.91, 25.88, 25.85, 25.83, 25.83, 25.83], [25.91, 25.91, 25.9, 25.89, 25.87, 25.53, 25.55, 25.57, 25.57, 25.67, 25.68, 25.82, 25.93, 25.85, 25.91, 25.87, 25.83, 25.8, 25.8, 25.81], [25.92, 25.92, 25.91, 25.9, 25.88, 25.85, 25.5, 25.49, 25.46, 25.41, 25.64, 25.77, 25.87, 26.03, 25.91, 25.84, 25.78, 25.75, 25.77, 25.79], [25.94, 25.93, 25.93, 25.92, 25.9, 25.86, 25.57, 25.46, 25.42, 25.39, 25.38, 25.71, 26.06, 26.05, 25.9, 25.82, 25.71, 25.68, 25.67, 25.7], [25.96, 25.96, 25.96, 25.96, 25.94, 25.69, 25.61, 25.53, 25.48, 25.34, 25.17, 25.76, 25.77, 26.05, 25.79, 25.84, 25.73, 25.69, 25.75, 25.8], [25.84, 25.85, 26.0, 26.01, 26.01, 25.98, 25.88, 25.58, 25.34, 25.42, 25.42, 25.58, 25.66, 25.56, 25.8, 25.86, 25.8, 25.77, 25.79, 25.81], [26.3, 26.3, 26.3, 25.93, 25.98, 26.12, 26.02, 25.88, 25.22, 25.24, 25.67, 25.48, 25.54, 25.52, 25.8, 25.88, 25.84, 25.82, 25.82, 25.83], [26.3, 26.3, 26.3, 26.3, 26.3, 26.3, 26.3, 26.3, 26.02, 25.33, 25.0, 25.42, 25.47, 25.47, 25.79, 25.9, 25.87, 25.85, 25.85, 25.85], [26.3, 26.3, 26.3, 26.3, 26.3, 26.3, 26.3, 26.3, 26.3, -999.0, 25.0, 26.1, 26.1, 25.44, 25.79, 25.91, 25.9, 25.37, 25.38, 25.38], [26.3, 26.3, 26.3, 26.3, 26.3, 26.3, 26.3, 26.3, 26.3, 26.3, -999.0, 26.1, 26.1, 25.51, 25.77, 25.45, 25.46, 25.41, 25.42, 25.42], [26.3, 26.3, 26.3, 26.3, 26.3, 26.3, 26.3, 26.3, 26.3, 26.3, -999.0, 25.2, 25.2, 25.2, 25.69, 25.42, 25.43, 25.38, 25.39, 25.4], [26.3, 26.3, 26.3, 26.3, 26.3, 26.3, 26.3, 26.6, 26.6, 26.6, 26.6, 26.06, 25.2, 25.2, 25.2, 25.38, 25.4, 25.35, 25.36, 25.38], [26.3, 26.3, 26.49, 26.49, 26.5, 26.6, 26.6, 26.6, 26.6, 26.6, 25.72, 25.82, 25.68, 25.57, 25.7, 25.46, 25.5, 25.43, 25.49, 25.52], [26.49, 26.49, 26.41, 26.41, 26.6, 26.6, 26.6, 26.6, 26.6, 26.6, 26.0, 25.82, 25.64, 25.47, 25.45, 25.45, 25.54, 25.61, 25.66, 25.69], [26.41, 26.41, 26.42, 26.42, 26.6, 26.6, 26.6, 26.6, 26.6, 26.24, 26.06, 25.85, 25.63, 25.46, 25.24, 25.42, 25.55, 25.63, 25.68, 25.72], [26.41, 26.42, 26.42, 26.6, 26.6, 26.6, 26.6, 26.6, 26.47, 26.33, 26.12, 25.94, 25.71, 25.54, 25.4, 25.49, 25.6, 25.67, 25.72, 25.75], [26.42, 26.42, 26.37, 26.38, 26.4, 26.42, 26.45, 26.53, 26.42, 26.29, 26.13, 25.98, 25.77, 25.66, 25.57, 25.62, 25.68, 25.73, 25.77, 25.78], [26.36, 26.36, 26.37, 26.43, 26.44, 26.45, 26.47, 26.49, 26.29, 26.22, 26.12, 26.01, 25.83, 25.67, 25.69, 25.73, 25.77, 25.81, 25.82, 25.83], [26.41, 26.42, 26.42, 26.42, 26.42, 26.43, 26.43, 26.46, 26.21, 26.17, 26.11, 26.04, 25.75, 25.75, 25.78, 25.82, 25.86, 25.88, 25.88, 25.87], [26.41, 26.41, 26.41, 26.45, 26.45, 26.45, 26.44, 26.42, 26.41, 26.4, 26.41, 26.24, 26.1, 25.81, 25.85, 25.89, 25.92, 25.94, 25.93, 25.91], [26.46, 26.46, 26.45, 26.45, 26.44, 26.43, 26.41, 26.39, 26.36, 26.35, 26.37, 26.23, 26.1, 26.09, 26.07, 25.93, 25.94, 26.01, 25.97, 25.93], [26.46, 26.45, 26.45, 26.44, 26.43, 26.42, 26.4, 26.37, 26.31, 26.27, 26.34, 26.24, 26.22, 26.09, 26.07, 26.06, 26.02, 26.07, 25.99, 25.95], [26.45, 26.45, 26.45, 26.44, 26.43, 26.42, 26.4, 26.37, 26.32, 26.28, 26.26, 26.27, 26.25, 26.1, 26.08, 26.14, 26.13, 26.13, 25.98, 25.94], [26.45, 26.45, 26.45, 26.44, 26.44, 26.43, 26.41, 26.4, 26.38, 26.38, 26.32, 26.32, 26.29, 26.25, 26.2, 26.17, 26.15, 26.15, 26.15, 26.15], [26.45, 26.45, 26.45, 26.44, 26.44, 26.44, 26.43, 26.43, 26.44, 26.39, 26.41, 26.42, 26.39, 26.37, 26.23, 26.2, 26.18, 26.17, 26.16, 26.16], [26.45, 26.45, 26.45, 26.45, 26.45, 26.45, 26.45, 26.45, 26.48, 26.47, 26.55, 26.47, 26.42, 26.38, 26.26, 26.23, 26.2, 26.19, 26.18, 26.18], [26.46, 26.45, 26.45, 26.45, 26.45, 26.45, 26.46, 26.47, 26.44, 26.49, 26.52, 26.47, 26.43, 26.39, 26.28, 26.25, 26.22, 26.21, 26.2, 26.19], [26.46, 26.46, 26.46, 26.46, 26.46, 26.46, 26.47, 26.48, 26.44, 26.46, 26.47, 26.45, 26.42, 26.4, 26.29, 26.26, 26.24, 26.22, 26.21, 26.2], [26.46, 26.46, 26.46, 26.46, 26.46, 26.46, 26.47, 26.41, 26.42, 26.44, 26.44, 26.43, 26.41, 26.39, 26.29, 26.27, 26.25, 26.23, 26.22, 26.21]]}