gis_exercise/awsData/contour/temp_2023090306.json
{"header": {"refTime": "2023-09-03T06:00:00.000Z", "nx": 21, "ny": 33, "lo1": 113.509, "la1": 22.2235, "lo2": 113.5947, "la2": 22.1034, "dx": 0.0042850000000001385, "dy": 0.003753125000000024, "parameterCategory": 0, "parameterCategoryName": "Temperature", "parameterNumber": 0}, "z": [[26.91, 26.9, 26.89, 26.63, 26.63, 26.8, 26.79, 26.78, 26.78, 26.7, 26.71, 26.72, 26.89, 26.9, 26.94, 26.95, 27.04, 27.04, 27.04, 27.04], [26.92, 26.91, 26.9, 26.88, 26.63, 26.64, 26.78, 26.77, 26.76, 26.7, 26.71, 26.73, 26.9, 26.91, 26.95, 27.03, 27.04, 27.04, 27.04, 27.04], [26.92, 26.92, 26.91, 26.89, 26.63, 26.64, 26.65, 26.76, 26.71, 26.7, 26.72, 26.74, 26.92, 26.93, 27.03, 27.03, 27.04, 27.04, 27.04, 27.05], [26.93, 26.93, 26.92, 26.9, 26.89, 26.64, 26.64, 26.65, 26.66, 26.69, 26.72, 26.77, 26.94, 26.86, 27.03, 27.04, 27.04, 27.05, 27.05, 27.05], [26.94, 26.94, 26.93, 26.92, 26.9, 26.63, 26.64, 26.64, 26.63, 26.67, 26.71, 26.86, 26.94, 26.88, 27.03, 27.04, 27.05, 27.05, 27.06, 27.05], [26.96, 26.95, 26.95, 26.94, 26.93, 26.91, 26.64, 26.64, 26.62, 26.58, 26.73, 26.82, 26.9, 27.0, 27.03, 27.05, 27.06, 27.07, 27.06, 27.06], [27.08, 26.97, 26.97, 26.97, 26.95, 26.93, 26.8, 26.66, 26.65, 26.61, 26.58, 26.77, 27.0, 27.0, 27.03, 27.05, 27.07, 27.08, 27.08, 27.08], [27.09, 27.09, 27.09, 27.09, 27.08, 26.88, 26.83, 26.78, 26.76, 26.58, 26.42, 26.78, 26.79, 27.0, 27.06, 27.05, 27.07, 27.08, 27.07, 27.06], [27.01, 27.02, 27.11, 27.12, 27.12, 27.1, 27.04, 26.81, 26.64, 26.63, 26.57, 26.67, 26.72, 26.66, 27.06, 27.05, 27.06, 27.07, 27.06, 27.06], [27.3, 27.3, 27.3, 27.07, 27.1, 27.19, 27.13, 27.04, 26.52, 26.54, 26.73, 26.61, 26.65, 26.63, 27.06, 27.04, 27.05, 27.06, 27.06, 27.05], [27.3, 27.3, 27.3, 27.3, 27.3, 27.3, 27.3, 27.3, 27.12, 26.63, 26.3, 26.57, 26.6, 26.6, 27.06, 27.04, 27.05, 27.05, 27.05, 27.05], [27.3, 27.3, 27.3, 27.3, 27.3, 27.3, 27.3, 27.3, 27.3, -999.0, 26.3, 27.0, 27.0, 26.58, 27.06, 27.04, 27.04, 26.42, 26.43, 26.44], [27.3, 27.3, 27.3, 27.3, 27.3, 27.3, 27.3, 27.3, 27.3, 27.3, -999.0, 27.0, 27.0, 26.28, 26.6, 26.66, 26.67, 26.52, 26.55, 26.56], [27.3, 27.3, 27.3, 27.3, 27.3, 27.3, 27.3, 27.3, 27.3, 27.3, -999.0, 25.9, 25.9, 25.9, 26.5, 26.56, 26.58, 26.43, 26.46, 26.49], [27.3, 27.3, 27.3, 27.3, 27.3, 27.3, 27.3, 27.1, 27.1, 27.1, 27.1, 26.64, 25.9, 25.9, 25.9, 26.45, 26.49, 26.35, 26.39, 26.43], [27.3, 27.3, 27.17, 27.17, 27.17, 27.1, 27.1, 27.1, 27.1, 27.1, 26.34, 26.43, 26.31, 26.22, 26.33, 26.3, 26.36, 26.26, 26.51, 26.55], [27.17, 27.17, 27.23, 27.23, 27.1, 27.1, 27.1, 27.1, 27.1, 27.1, 26.58, 26.44, 26.28, 26.13, 26.17, 26.08, 26.15, 26.2, 26.24, 26.26], [27.23, 27.23, 27.22, 27.22, 27.1, 27.1, 27.1, 27.1, 27.1, 26.8, 26.63, 26.45, 26.27, 26.17, 25.94, 26.06, 26.16, 26.22, 26.25, 26.28], [27.22, 27.22, 27.22, 27.1, 27.1, 27.1, 27.1, 27.1, 26.99, 26.87, 26.7, 26.55, 26.43, 26.27, 26.05, 26.12, 26.2, 26.25, 26.28, 26.3], [27.22, 27.22, 26.93, 26.94, 26.95, 26.96, 26.99, 27.05, 26.95, 26.84, 26.71, 26.58, 26.5, 26.41, 26.18, 26.22, 26.27, 26.3, 26.32, 26.33], [26.92, 26.92, 26.93, 26.98, 26.98, 26.99, 27.0, 27.01, 26.84, 26.79, 26.7, 26.61, 26.57, 26.26, 26.28, 26.32, 26.35, 26.37, 26.36, 26.36], [26.96, 26.96, 26.96, 26.97, 26.97, 26.97, 26.97, 27.0, 26.78, 26.75, 26.7, 26.63, 26.54, 26.32, 26.36, 26.4, 26.44, 26.43, 26.4, 26.38], [26.95, 26.95, 26.95, 26.99, 26.99, 26.98, 26.98, 26.97, 26.96, 26.95, 26.95, 26.94, 26.63, 26.36, 26.41, 26.48, 26.56, 26.5, 26.42, 26.39], [26.99, 26.99, 26.99, 26.99, 26.98, 26.97, 26.96, 26.94, 26.92, 26.91, 26.93, 26.92, 26.63, 26.61, 26.59, 26.51, 26.76, 26.46, 26.4, 26.39], [26.99, 26.99, 26.99, 26.98, 26.98, 26.97, 26.95, 26.93, 26.88, 26.85, 26.9, 26.92, 26.95, 26.6, 26.58, 26.55, 26.39, 26.27, 26.36, 26.38], [26.99, 26.99, 26.99, 26.98, 26.97, 26.97, 26.95, 26.93, 26.89, 26.86, 26.9, 26.93, 26.95, 26.6, 26.57, 26.57, 26.5, 26.46, 26.36, 26.37], [26.99, 26.99, 26.99, 26.98, 26.98, 26.97, 26.96, 26.95, 26.94, 26.93, 26.94, 26.96, 26.97, 26.71, 26.65, 26.6, 26.55, 26.53, 26.54, 26.55], [26.99, 26.99, 26.99, 26.98, 26.98, 26.98, 26.97, 26.97, 26.98, 26.99, 27.0, 26.85, 26.77, 26.69, 26.69, 26.64, 26.6, 26.58, 26.57, 26.58], [26.99, 26.99, 26.99, 26.99, 26.98, 26.98, 26.99, 26.99, 27.01, 27.03, 27.03, 26.91, 26.81, 26.72, 26.71, 26.67, 26.63, 26.61, 26.6, 26.6], [26.99, 26.99, 26.99, 26.99, 26.99, 26.99, 26.99, 27.0, 26.89, 26.95, 26.99, 26.91, 26.82, 26.74, 26.74, 26.69, 26.66, 26.64, 26.63, 26.62], [26.99, 26.99, 26.99, 26.99, 26.99, 26.99, 27.0, 27.01, 26.87, 26.9, 26.91, 26.87, 26.81, 26.75, 26.75, 26.71, 26.68, 26.66, 26.65, 26.64], [26.99, 26.99, 26.99, 26.99, 27.0, 27.0, 27.0, 26.82, 26.84, 26.86, 26.85, 26.83, 26.79, 26.74, 26.76, 26.72, 26.7, 26.68, 26.66, 26.66]]}