gis_exercise/awsData/contour/temp_2023083117.json
{"header": {"refTime": "2023-08-31T17:00:00.000Z", "nx": 21, "ny": 33, "lo1": 113.509, "la1": 22.2235, "lo2": 113.5947, "la2": 22.1034, "dx": 0.0042850000000001385, "dy": 0.003753125000000024, "parameterCategory": 0, "parameterCategoryName": "Temperature", "parameterNumber": 0}, "z": [[31.09, 31.08, 31.07, 30.81, 30.82, 31.11, 31.11, 31.11, 31.12, 31.08, 31.11, 31.14, 31.37, 31.39, 31.38, 31.37, 31.48, 31.47, 31.46, 31.46], [31.09, 31.08, 31.08, 31.07, 30.82, 30.84, 31.09, 31.08, 31.08, 31.07, 31.11, 31.16, 31.4, 31.42, 31.39, 31.49, 31.47, 31.46, 31.46, 31.45], [31.1, 31.09, 31.08, 31.07, 30.82, 30.83, 30.86, 31.06, 31.02, 31.06, 31.12, 31.2, 31.44, 31.45, 31.51, 31.49, 31.47, 31.45, 31.45, 31.44], [31.1, 31.1, 31.09, 31.08, 31.06, 30.82, 30.84, 30.87, 30.9, 31.06, 31.14, 31.26, 31.51, 31.39, 31.51, 31.48, 31.46, 31.44, 31.43, 31.43], [31.11, 31.11, 31.1, 31.09, 31.07, 30.8, 30.81, 30.82, 30.82, 31.05, 31.14, 31.41, 31.58, 31.43, 31.51, 31.47, 31.44, 31.42, 31.42, 31.42], [31.12, 31.12, 31.11, 31.1, 31.08, 31.06, 30.79, 30.78, 30.77, 30.74, 31.16, 31.32, 31.46, 31.6, 31.49, 31.45, 31.41, 31.39, 31.4, 31.41], [31.19, 31.13, 31.13, 31.12, 31.11, 31.08, 30.9, 30.77, 30.75, 30.78, 30.79, 31.18, 31.53, 31.55, 31.47, 31.42, 31.36, 31.34, 31.37, 31.4], [31.2, 31.2, 31.21, 31.2, 31.19, 31.0, 30.93, 30.85, 30.8, 30.75, 30.63, 31.12, 31.13, 31.55, 31.34, 31.35, 31.33, 31.32, 31.33, 31.34], [31.1, 31.11, 31.23, 31.24, 31.25, 31.22, 31.14, 30.9, 30.7, 30.8, 30.85, 30.98, 31.04, 30.96, 31.34, 31.35, 31.34, 31.33, 31.34, 31.34], [31.5, 31.5, 31.5, 31.17, 31.22, 31.34, 31.26, 31.14, 30.63, 30.65, 31.05, 30.9, 30.94, 30.92, 31.34, 31.36, 31.35, 31.34, 31.34, 31.35], [31.5, 31.5, 31.5, 31.5, 31.5, 31.5, 31.5, 31.5, 31.25, 30.7, 30.5, 30.84, 30.88, 30.89, 31.34, 31.36, 31.35, 31.35, 31.35, 31.35], [31.5, 31.5, 31.5, 31.5, 31.5, 31.5, 31.5, 31.5, 31.5, -999.0, 30.5, 31.4, 31.4, 30.86, 31.34, 31.36, 31.36, 30.11, 30.14, 30.14], [31.5, 31.5, 31.5, 31.5, 31.5, 31.5, 31.5, 31.5, 31.5, 31.5, -999.0, 31.4, 31.4, 29.96, 30.6, 30.54, 30.55, 30.29, 30.33, 30.35], [31.5, 31.5, 31.5, 31.5, 31.5, 31.5, 31.5, 31.5, 31.5, 31.5, -999.0, 29.2, 29.2, 29.2, 30.41, 30.36, 30.39, 30.13, 30.19, 30.23], [31.5, 31.5, 31.5, 31.5, 31.5, 31.5, 31.5, 31.0, 31.0, 31.0, 31.0, 30.31, 29.2, 29.2, 29.2, 30.16, 30.22, 29.98, 30.06, 30.12], [31.5, 31.5, 31.19, 31.18, 31.17, 31.0, 31.0, 31.0, 31.0, 31.0, 29.87, 30.0, 29.82, 29.67, 29.84, 29.75, 29.83, 29.69, 30.15, 30.22], [31.18, 31.18, 31.32, 31.32, 31.0, 31.0, 31.0, 31.0, 31.0, 31.0, 30.23, 30.0, 29.77, 29.55, 29.58, 29.45, 29.53, 29.6, 29.65, 29.68], [31.32, 31.32, 31.31, 31.29, 31.0, 31.0, 31.0, 31.0, 31.0, 30.54, 30.3, 30.03, 29.75, 29.6, 29.26, 29.42, 29.54, 29.62, 29.67, 29.7], [31.31, 31.3, 31.29, 31.0, 31.0, 31.0, 31.0, 31.0, 30.84, 30.65, 30.48, 30.26, 29.96, 29.73, 29.4, 29.5, 29.6, 29.67, 29.71, 29.73], [31.3, 31.3, 31.0, 31.0, 31.0, 31.0, 31.0, 31.0, 30.83, 30.69, 30.51, 30.33, 30.07, 29.93, 29.57, 29.63, 29.69, 29.74, 29.76, 29.77], [31.0, 31.0, 31.0, 31.0, 31.0, 31.0, 31.0, 31.0, 30.72, 30.65, 30.53, 30.39, 30.17, 29.68, 29.71, 29.76, 29.8, 29.82, 29.82, 29.81], [31.0, 31.0, 31.0, 31.0, 31.0, 31.0, 31.0, 31.0, 30.69, 30.64, 30.57, 30.46, 30.27, 29.76, 29.81, 29.87, 29.92, 29.91, 29.87, 29.84], [31.0, 31.0, 31.0, 31.0, 31.0, 31.0, 31.0, 31.0, 31.0, 31.0, 31.0, 30.92, 30.4, 29.82, 29.88, 29.98, 30.08, 30.0, 29.9, 29.85], [31.0, 31.0, 31.0, 31.0, 31.0, 31.0, 31.0, 31.0, 31.0, 31.0, 31.0, 30.93, 30.41, 30.32, 30.24, 30.01, 30.36, 29.94, 29.87, 29.85], [31.0, 31.0, 31.0, 31.0, 31.0, 31.0, 31.0, 31.0, 31.0, 31.0, 31.0, 30.94, 30.91, 30.31, 30.22, 30.13, 29.85, 29.68, 29.81, 29.83], [31.0, 31.0, 31.0, 31.0, 31.0, 31.0, 31.0, 31.0, 31.0, 31.0, 30.96, 30.94, 30.92, 30.32, 30.22, 30.12, 30.01, 29.96, 29.81, 29.82], [31.0, 31.0, 31.0, 31.0, 31.0, 31.0, 31.0, 31.0, 31.0, 31.0, 30.96, 30.95, 30.93, 30.35, 30.26, 30.17, 30.1, 30.06, 30.07, 30.1], [31.0, 31.0, 31.0, 31.0, 31.0, 31.0, 31.0, 31.0, 31.0, 30.97, 30.97, 30.75, 30.64, 30.5, 30.31, 30.23, 30.17, 30.14, 30.13, 30.14], [31.0, 31.0, 31.0, 31.0, 31.0, 31.0, 31.0, 31.0, 31.0, 30.98, 30.93, 30.8, 30.67, 30.55, 30.36, 30.28, 30.23, 30.2, 30.18, 30.18], [31.0, 31.0, 31.0, 31.0, 31.0, 31.0, 31.0, 31.0, 30.8, 30.86, 30.89, 30.79, 30.68, 30.57, 30.4, 30.33, 30.28, 30.24, 30.22, 30.21], [31.0, 31.0, 31.0, 31.0, 31.0, 31.0, 31.0, 31.0, 30.77, 30.79, 30.79, 30.74, 30.66, 30.58, 30.42, 30.36, 30.31, 30.28, 30.25, 30.24], [31.0, 31.0, 31.0, 31.0, 31.0, 31.0, 31.0, 30.72, 30.73, 30.74, 30.73, 30.69, 30.64, 30.57, 30.43, 30.38, 30.33, 30.3, 30.28, 30.26]]}