gis_exercise/awsData/contour/temp_2023091110.json
{"header": {"refTime": "2023-09-11T10:00:00.000Z", "nx": 21, "ny": 33, "lo1": 113.509, "la1": 22.2235, "lo2": 113.5947, "la2": 22.1034, "dx": 0.0042850000000001385, "dy": 0.003753125000000024, "parameterCategory": 0, "parameterCategoryName": "Temperature", "parameterNumber": 0}, "z": [[27.63, 27.63, 27.63, 27.45, 27.46, 27.66, 27.67, 27.68, 27.69, 27.72, 27.74, 27.75, 27.95, 27.97, 27.72, 27.7, 27.78, 27.76, 27.74, 27.73], [27.63, 27.63, 27.63, 27.62, 27.46, 27.48, 27.67, 27.68, 27.69, 27.72, 27.74, 27.77, 27.97, 27.98, 27.73, 27.8, 27.77, 27.74, 27.72, 27.71], [27.64, 27.63, 27.63, 27.62, 27.45, 27.47, 27.51, 27.68, 27.7, 27.72, 27.75, 27.79, 27.99, 28.0, 27.85, 27.79, 27.75, 27.71, 27.7, 27.69], [27.64, 27.63, 27.63, 27.62, 27.62, 27.45, 27.48, 27.53, 27.57, 27.71, 27.76, 27.83, 28.02, 27.94, 27.85, 27.78, 27.71, 27.67, 27.66, 27.66], [27.64, 27.64, 27.63, 27.62, 27.61, 27.42, 27.44, 27.45, 27.46, 27.7, 27.75, 27.94, 28.04, 27.97, 27.85, 27.74, 27.66, 27.61, 27.6, 27.62], [27.65, 27.65, 27.64, 27.63, 27.61, 27.59, 27.39, 27.38, 27.38, 27.37, 27.79, 27.9, 27.98, 28.1, 27.83, 27.69, 27.56, 27.51, 27.54, 27.58], [27.64, 27.66, 27.65, 27.64, 27.62, 27.59, 27.43, 27.32, 27.3, 27.42, 27.48, 27.84, 28.1, 28.1, 27.8, 27.64, 27.43, 27.35, 27.37, 27.42], [27.66, 27.66, 27.66, 27.66, 27.64, 27.53, 27.45, 27.33, 27.26, 27.4, 27.39, 27.85, 27.86, 28.1, 27.54, 27.63, 27.44, 27.36, 27.48, 27.55], [27.54, 27.55, 27.7, 27.71, 27.71, 27.68, 27.58, 27.41, 27.23, 27.43, 27.61, 27.73, 27.78, 27.71, 27.56, 27.67, 27.55, 27.51, 27.53, 27.58], [28.0, 28.0, 28.0, 27.63, 27.68, 27.82, 27.72, 27.58, 27.26, 27.25, 27.79, 27.65, 27.7, 27.67, 27.56, 27.71, 27.63, 27.6, 27.59, 27.61], [28.0, 28.0, 28.0, 28.0, 28.0, 28.0, 28.0, 28.0, 27.72, 27.23, 27.3, 27.6, 27.64, 27.64, 27.55, 27.74, 27.68, 27.65, 27.64, 27.65], [28.0, 28.0, 28.0, 28.0, 28.0, 28.0, 28.0, 28.0, 28.0, -999.0, 27.3, 28.1, 28.1, 27.62, 27.54, 27.77, 27.73, 27.6, 27.59, 27.59], [28.0, 28.0, 28.0, 28.0, 28.0, 28.0, 28.0, 28.0, 28.0, 28.0, -999.0, 28.1, 28.1, 27.97, 28.03, 27.45, 27.45, 27.54, 27.52, 27.52], [28.0, 28.0, 28.0, 28.0, 28.0, 28.0, 28.0, 28.0, 28.0, 28.0, -999.0, 27.9, 27.9, 27.9, 28.01, 27.51, 27.5, 27.59, 27.57, 27.56], [28.0, 28.0, 28.0, 28.0, 28.0, 28.0, 28.0, 28.8, 28.8, 28.8, 28.8, 28.45, 27.9, 27.9, 27.9, 27.58, 27.56, 27.64, 27.61, 27.59], [28.0, 28.0, 28.5, 28.51, 28.53, 28.8, 28.8, 28.8, 28.8, 28.8, 28.23, 28.3, 28.21, 28.14, 28.22, 27.64, 27.6, 27.67, 27.53, 27.5], [28.51, 28.52, 28.28, 28.3, 28.8, 28.8, 28.8, 28.8, 28.8, 28.8, 28.41, 28.3, 28.18, 28.08, 27.93, 27.86, 27.85, 27.84, 27.83, 27.83], [28.29, 28.3, 28.31, 28.33, 28.8, 28.8, 28.8, 28.8, 28.8, 28.57, 28.45, 28.32, 28.18, 27.94, 27.9, 27.86, 27.85, 27.83, 27.83, 27.83], [28.3, 28.31, 28.33, 28.8, 28.8, 28.8, 28.8, 28.8, 28.72, 28.62, 28.45, 28.33, 28.02, 27.94, 27.87, 27.85, 27.83, 27.82, 27.82, 27.82], [28.31, 28.33, 28.51, 28.53, 28.55, 28.57, 28.61, 28.72, 28.66, 28.56, 28.45, 28.35, 28.01, 27.94, 27.84, 27.83, 27.81, 27.81, 27.81, 27.82], [28.5, 28.5, 28.51, 28.59, 28.6, 28.62, 28.64, 28.66, 28.54, 28.49, 28.42, 28.35, 27.99, 27.82, 27.81, 27.8, 27.79, 27.79, 27.8, 27.81], [28.57, 28.57, 28.57, 28.58, 28.58, 28.58, 28.59, 28.56, 28.46, 28.43, 28.4, 28.35, 27.81, 27.8, 27.79, 27.76, 27.75, 27.76, 27.79, 27.81], [28.56, 28.56, 28.56, 28.52, 28.52, 28.52, 28.51, 28.5, 28.49, 28.47, 28.47, 28.16, 27.96, 27.79, 27.77, 27.72, 27.67, 27.73, 27.8, 27.82], [28.51, 28.51, 28.5, 28.5, 28.5, 28.49, 28.48, 28.45, 28.43, 28.41, 28.43, 28.05, 27.98, 27.91, 27.85, 27.72, 27.47, 27.82, 27.85, 27.85], [28.5, 28.5, 28.49, 28.49, 28.48, 28.47, 28.45, 28.42, 28.38, 28.34, 28.39, 28.09, 28.0, 27.93, 27.88, 27.84, 27.9, 28.05, 27.9, 27.87], [28.49, 28.49, 28.48, 28.48, 28.47, 28.46, 28.44, 28.41, 28.37, 28.35, 28.19, 28.12, 28.03, 27.95, 27.91, 27.91, 27.94, 27.97, 27.9, 27.87], [28.49, 28.48, 28.48, 28.47, 28.46, 28.45, 28.43, 28.41, 28.4, 28.39, 28.2, 28.15, 28.07, 28.02, 27.97, 27.95, 27.95, 27.96, 27.95, 27.95], [28.48, 28.48, 28.47, 28.46, 28.46, 28.44, 28.43, 28.42, 28.41, 28.24, 28.25, 28.37, 28.37, 28.37, 28.01, 27.98, 27.97, 27.96, 27.96, 27.95], [28.48, 28.47, 28.47, 28.46, 28.45, 28.44, 28.43, 28.42, 28.42, 28.29, 28.39, 28.38, 28.37, 28.37, 28.04, 28.01, 27.99, 27.98, 27.97, 27.96], [28.47, 28.47, 28.46, 28.46, 28.45, 28.44, 28.44, 28.43, 28.37, 28.38, 28.39, 28.38, 28.38, 28.37, 28.06, 28.03, 28.0, 27.99, 27.98, 27.97], [28.47, 28.47, 28.46, 28.46, 28.45, 28.44, 28.44, 28.43, 28.37, 28.38, 28.38, 28.38, 28.38, 28.37, 28.07, 28.04, 28.02, 28.0, 27.99, 27.98], [28.47, 28.47, 28.46, 28.46, 28.45, 28.45, 28.44, 28.37, 28.37, 28.37, 28.38, 28.38, 28.37, 28.37, 28.07, 28.05, 28.03, 28.01, 28.0, 27.99]]}