gis_exercise/awsData/contour/temp_2023091406.json
{"header": {"refTime": "2023-09-14T06:00:00.000Z", "nx": 21, "ny": 33, "lo1": 113.509, "la1": 22.2235, "lo2": 113.5947, "la2": 22.1034, "dx": 0.0042850000000001385, "dy": 0.003753125000000024, "parameterCategory": 0, "parameterCategoryName": "Temperature", "parameterNumber": 0}, "z": [[26.57, 26.56, 26.55, 26.34, 26.34, 26.56, 26.55, 26.53, 26.53, 26.46, 26.5, 26.54, 26.76, 26.79, 26.83, 26.84, 27.01, 27.01, 27.01, 27.01], [26.58, 26.57, 26.56, 26.55, 26.34, 26.33, 26.53, 26.49, 26.47, 26.44, 26.5, 26.56, 26.79, 26.81, 26.85, 27.01, 27.01, 27.01, 27.01, 27.01], [26.59, 26.58, 26.57, 26.55, 26.34, 26.34, 26.33, 26.45, 26.34, 26.42, 26.52, 26.6, 26.83, 26.85, 27.02, 27.01, 27.01, 27.01, 27.01, 27.0], [26.6, 26.59, 26.58, 26.57, 26.55, 26.34, 26.34, 26.33, 26.32, 26.44, 26.55, 26.68, 26.91, 26.86, 27.02, 27.01, 27.01, 27.01, 27.0, 27.0], [26.61, 26.6, 26.6, 26.59, 26.57, 26.35, 26.35, 26.35, 26.34, 26.47, 26.57, 26.87, 27.0, 26.89, 27.02, 27.01, 27.01, 27.0, 27.0, 27.0], [26.62, 26.62, 26.62, 26.61, 26.6, 26.58, 26.37, 26.38, 26.36, 26.32, 26.66, 26.8, 26.91, 27.03, 27.01, 27.01, 27.0, 27.0, 27.0, 27.0], [26.77, 26.64, 26.64, 26.63, 26.63, 26.62, 26.55, 26.43, 26.41, 26.43, 26.4, 26.69, 26.99, 27.0, 27.0, 27.0, 27.0, 27.0, 27.02, 27.02], [26.77, 26.77, 26.77, 26.77, 26.77, 26.6, 26.57, 26.55, 26.56, 26.4, 26.23, 26.65, 26.66, 27.0, 26.96, 26.95, 26.97, 26.98, 26.97, 26.96], [26.73, 26.73, 26.79, 26.79, 26.79, 26.78, 26.74, 26.56, 26.44, 26.45, 26.41, 26.53, 26.58, 26.51, 26.96, 26.95, 26.96, 26.97, 26.96, 26.96], [26.9, 26.9, 26.9, 26.76, 26.78, 26.83, 26.8, 26.74, 26.32, 26.34, 26.59, 26.45, 26.5, 26.47, 26.96, 26.94, 26.95, 26.96, 26.96, 26.95], [26.9, 26.9, 26.9, 26.9, 26.9, 26.9, 26.9, 26.9, 26.79, 26.43, 26.1, 26.4, 26.44, 26.44, 26.96, 26.94, 26.95, 26.95, 26.95, 26.95], [26.9, 26.9, 26.9, 26.9, 26.9, 26.9, 26.9, 26.9, 26.9, -999.0, 26.1, 26.9, 26.9, 26.42, 26.96, 26.94, 26.94, 26.49, 26.5, 26.5], [26.9, 26.9, 26.9, 26.9, 26.9, 26.9, 26.9, 26.9, 26.9, 26.9, -999.0, 26.9, 26.9, 26.38, 26.61, 26.67, 26.68, 26.57, 26.58, 26.59], [26.9, 26.9, 26.9, 26.9, 26.9, 26.9, 26.9, 26.9, 26.9, 26.9, -999.0, 26.1, 26.1, 26.1, 26.54, 26.6, 26.61, 26.5, 26.52, 26.54], [26.9, 26.9, 26.9, 26.9, 26.9, 26.9, 26.9, 26.9, 26.9, 26.9, 26.9, 26.59, 26.1, 26.1, 26.1, 26.51, 26.54, 26.44, 26.47, 26.49], [26.9, 26.9, 26.9, 26.9, 26.9, 26.9, 26.9, 26.9, 26.9, 26.9, 26.4, 26.45, 26.38, 26.31, 26.39, 26.36, 26.4, 26.33, 26.52, 26.55], [26.9, 26.9, 26.9, 26.9, 26.9, 26.9, 26.9, 26.9, 26.9, 26.9, 26.56, 26.46, 26.35, 26.26, 26.27, 26.28, 26.34, 26.39, 26.43, 26.45], [26.9, 26.9, 26.9, 26.9, 26.9, 26.9, 26.9, 26.9, 26.9, 26.7, 26.59, 26.47, 26.34, 26.28, 26.13, 26.26, 26.35, 26.41, 26.44, 26.47], [26.9, 26.9, 26.9, 26.9, 26.9, 26.9, 26.9, 26.9, 26.83, 26.74, 26.67, 26.57, 26.45, 26.34, 26.25, 26.31, 26.39, 26.44, 26.47, 26.49], [26.9, 26.9, 26.9, 26.9, 26.9, 26.9, 26.9, 26.9, 26.82, 26.76, 26.68, 26.6, 26.49, 26.43, 26.37, 26.4, 26.45, 26.49, 26.51, 26.52], [26.9, 26.9, 26.9, 26.9, 26.9, 26.9, 26.9, 26.9, 26.78, 26.74, 26.69, 26.63, 26.54, 26.44, 26.46, 26.49, 26.52, 26.54, 26.55, 26.55], [26.9, 26.9, 26.9, 26.9, 26.9, 26.9, 26.9, 26.97, 26.76, 26.74, 26.71, 26.66, 26.58, 26.5, 26.53, 26.56, 26.59, 26.6, 26.59, 26.57], [26.9, 26.9, 26.9, 27.0, 27.0, 26.99, 26.99, 26.98, 26.98, 26.98, 26.98, 26.87, 26.78, 26.54, 26.57, 26.62, 26.66, 26.65, 26.62, 26.6], [27.02, 27.01, 27.01, 27.01, 27.0, 27.0, 26.99, 26.98, 26.97, 26.97, 26.98, 26.98, 26.78, 26.76, 26.74, 26.65, 26.74, 26.67, 26.63, 26.61], [27.02, 27.02, 27.02, 27.02, 27.01, 27.01, 27.0, 26.99, 26.96, 26.94, 26.98, 26.99, 26.98, 26.76, 26.74, 26.73, 26.65, 26.63, 26.63, 26.61], [27.03, 27.03, 27.02, 27.02, 27.02, 27.02, 27.02, 27.0, 26.98, 26.95, 26.99, 27.01, 27.01, 26.76, 26.74, 26.79, 26.75, 26.74, 26.62, 26.61], [27.03, 27.03, 27.03, 27.03, 27.03, 27.04, 27.04, 27.03, 27.03, 27.04, 27.05, 27.05, 27.04, 26.91, 26.86, 26.82, 26.79, 26.78, 26.78, 26.79], [27.04, 27.04, 27.04, 27.04, 27.05, 27.05, 27.06, 27.07, 27.09, 27.11, 27.13, 27.08, 27.03, 26.98, 26.89, 26.85, 26.82, 26.81, 26.8, 26.81], [27.04, 27.04, 27.05, 27.05, 27.06, 27.06, 27.08, 27.09, 27.13, 27.19, 27.24, 27.14, 27.06, 27.0, 26.92, 26.88, 26.85, 26.84, 26.83, 26.82], [27.04, 27.05, 27.05, 27.06, 27.06, 27.07, 27.09, 27.11, 27.11, 27.17, 27.21, 27.14, 27.07, 27.02, 26.94, 26.91, 26.88, 26.86, 26.85, 26.84], [27.05, 27.05, 27.06, 27.06, 27.07, 27.08, 27.09, 27.11, 27.1, 27.13, 27.13, 27.11, 27.06, 27.02, 26.96, 26.92, 26.9, 26.88, 26.86, 26.86], [27.05, 27.05, 27.06, 27.07, 27.07, 27.08, 27.09, 27.06, 27.08, 27.09, 27.09, 27.08, 27.05, 27.02, 26.96, 26.93, 26.91, 26.89, 26.88, 26.87]]}