gis_exercise/awsData/contour/temp_2023090216.json
{"header": {"refTime": "2023-09-02T16:00:00.000Z", "nx": 21, "ny": 33, "lo1": 113.509, "la1": 22.2235, "lo2": 113.5947, "la2": 22.1034, "dx": 0.0042850000000001385, "dy": 0.003753125000000024, "parameterCategory": 0, "parameterCategoryName": "Temperature", "parameterNumber": 0}, "z": [[27.07, 27.08, 27.08, 26.9, 26.92, 27.19, 27.2, 27.2, 27.21, 27.17, 27.17, 27.18, 27.43, 27.44, 27.34, 27.33, 27.4, 27.38, 27.37, 27.37], [27.07, 27.07, 27.08, 27.08, 26.91, 26.94, 27.19, 27.2, 27.21, 27.17, 27.18, 27.2, 27.44, 27.46, 27.35, 27.41, 27.39, 27.37, 27.37, 27.36], [27.07, 27.07, 27.07, 27.07, 26.91, 26.93, 26.97, 27.19, 27.2, 27.17, 27.19, 27.22, 27.47, 27.48, 27.43, 27.4, 27.38, 27.36, 27.35, 27.35], [27.07, 27.07, 27.07, 27.07, 27.07, 26.91, 26.94, 27.0, 27.05, 27.16, 27.19, 27.26, 27.5, 27.36, 27.44, 27.4, 27.36, 27.34, 27.33, 27.33], [27.07, 27.07, 27.07, 27.06, 27.06, 26.88, 26.9, 26.91, 26.91, 27.11, 27.16, 27.37, 27.5, 27.39, 27.43, 27.38, 27.33, 27.31, 27.3, 27.31], [27.07, 27.07, 27.07, 27.06, 27.05, 27.04, 26.85, 26.84, 26.83, 26.79, 27.15, 27.3, 27.42, 27.57, 27.42, 27.35, 27.28, 27.25, 27.27, 27.29], [27.02, 27.07, 27.07, 27.06, 27.05, 27.03, 26.82, 26.8, 26.78, 26.8, 26.81, 27.2, 27.54, 27.55, 27.4, 27.32, 27.22, 27.18, 27.19, 27.22], [27.03, 27.03, 27.03, 27.03, 27.02, 26.88, 26.85, 26.8, 26.81, 26.76, 26.64, 27.19, 27.2, 27.55, 27.25, 27.29, 27.2, 27.17, 27.22, 27.26], [26.97, 26.98, 27.05, 27.05, 27.06, 27.04, 26.99, 26.83, 26.7, 26.82, 26.88, 27.03, 27.1, 27.01, 27.26, 27.31, 27.26, 27.24, 27.25, 27.27], [27.2, 27.2, 27.2, 27.01, 27.04, 27.11, 27.06, 26.99, 26.63, 26.65, 27.11, 26.94, 26.99, 26.97, 27.26, 27.33, 27.29, 27.28, 27.28, 27.28], [27.2, 27.2, 27.2, 27.2, 27.2, 27.2, 27.2, 27.2, 27.06, 26.7, 26.5, 26.88, 26.93, 26.93, 27.26, 27.34, 27.31, 27.3, 27.3, 27.3], [27.2, 27.2, 27.2, 27.2, 27.2, 27.2, 27.2, 27.2, 27.2, -999.0, 26.5, 27.5, 27.5, 26.9, 27.25, 27.35, 27.34, 26.42, 26.43, 26.44], [27.2, 27.2, 27.2, 27.2, 27.2, 27.2, 27.2, 27.2, 27.2, 27.2, -999.0, 27.5, 27.5, 26.46, 26.91, 26.66, 26.67, 26.52, 26.55, 26.56], [27.2, 27.2, 27.2, 27.2, 27.2, 27.2, 27.2, 27.2, 27.2, 27.2, -999.0, 25.9, 25.9, 25.9, 26.78, 26.56, 26.58, 26.43, 26.46, 26.49], [27.2, 27.2, 27.2, 27.2, 27.2, 27.2, 27.2, 27.0, 27.0, 27.0, 27.0, 26.58, 25.9, 25.9, 25.9, 26.45, 26.49, 26.35, 26.39, 26.43], [27.2, 27.2, 27.07, 27.07, 27.07, 27.0, 27.0, 27.0, 27.0, 27.0, 26.31, 26.39, 26.28, 26.19, 26.29, 26.27, 26.32, 26.22, 26.48, 26.53], [27.07, 27.07, 27.13, 27.13, 27.0, 27.0, 27.0, 27.0, 27.0, 27.0, 26.53, 26.39, 26.25, 26.11, 26.14, 26.13, 26.21, 26.27, 26.31, 26.34], [27.13, 27.13, 27.12, 27.12, 27.0, 27.0, 27.0, 27.0, 27.0, 26.72, 26.57, 26.41, 26.24, 26.15, 25.94, 26.1, 26.21, 26.29, 26.33, 26.36], [27.12, 27.12, 27.12, 27.0, 27.0, 27.0, 27.0, 27.0, 26.9, 26.79, 26.66, 26.53, 26.38, 26.23, 26.09, 26.17, 26.26, 26.33, 26.37, 26.39], [27.12, 27.12, 26.94, 26.95, 26.95, 26.95, 26.96, 26.98, 26.89, 26.79, 26.68, 26.56, 26.45, 26.37, 26.24, 26.28, 26.34, 26.39, 26.41, 26.42], [26.94, 26.94, 26.94, 26.96, 26.96, 26.96, 26.97, 26.97, 26.81, 26.76, 26.69, 26.6, 26.52, 26.33, 26.35, 26.39, 26.43, 26.46, 26.46, 26.46], [26.95, 26.95, 26.95, 26.96, 26.96, 26.96, 26.96, 26.97, 26.77, 26.74, 26.7, 26.64, 26.55, 26.4, 26.44, 26.49, 26.53, 26.53, 26.51, 26.49], [26.95, 26.95, 26.95, 26.96, 26.96, 26.96, 26.96, 26.96, 26.95, 26.95, 26.95, 26.93, 26.75, 26.46, 26.5, 26.57, 26.63, 26.6, 26.55, 26.52], [26.96, 26.96, 26.96, 26.96, 26.96, 26.96, 26.95, 26.95, 26.94, 26.94, 26.94, 26.92, 26.76, 26.73, 26.72, 26.6, 26.76, 26.6, 26.55, 26.53], [26.96, 26.96, 26.96, 26.96, 26.96, 26.96, 26.95, 26.94, 26.93, 26.92, 26.93, 26.93, 26.93, 26.73, 26.71, 26.69, 26.57, 26.51, 26.54, 26.53], [26.96, 26.96, 26.96, 26.96, 26.96, 26.96, 26.95, 26.94, 26.93, 26.92, 26.93, 26.93, 26.93, 26.73, 26.7, 26.69, 26.65, 26.63, 26.53, 26.52], [26.96, 26.96, 26.96, 26.96, 26.96, 26.96, 26.95, 26.95, 26.95, 26.94, 26.94, 26.94, 26.94, 26.77, 26.74, 26.71, 26.68, 26.67, 26.68, 26.68], [26.96, 26.96, 26.96, 26.96, 26.96, 26.96, 26.96, 26.96, 26.96, 26.96, 26.96, 26.88, 26.84, 26.8, 26.76, 26.73, 26.71, 26.7, 26.7, 26.7], [26.96, 26.96, 26.96, 26.96, 26.96, 26.96, 26.96, 26.96, 26.97, 26.97, 26.97, 26.91, 26.86, 26.81, 26.78, 26.75, 26.73, 26.72, 26.71, 26.71], [26.96, 26.96, 26.96, 26.96, 26.96, 26.96, 26.96, 26.97, 26.9, 26.93, 26.95, 26.91, 26.86, 26.82, 26.79, 26.76, 26.75, 26.73, 26.73, 26.72], [26.96, 26.96, 26.96, 26.96, 26.96, 26.96, 26.97, 26.97, 26.89, 26.91, 26.91, 26.89, 26.86, 26.82, 26.8, 26.77, 26.76, 26.75, 26.74, 26.73], [26.96, 26.96, 26.96, 26.96, 26.97, 26.97, 26.97, 26.87, 26.88, 26.88, 26.88, 26.87, 26.85, 26.82, 26.8, 26.78, 26.77, 26.76, 26.75, 26.74]]}