gis_exercise/awsData/contour/temp_2023090403.json
{"header": {"refTime": "2023-09-04T03:00:00.000Z", "nx": 21, "ny": 33, "lo1": 113.509, "la1": 22.2235, "lo2": 113.5947, "la2": 22.1034, "dx": 0.0042850000000001385, "dy": 0.003753125000000024, "parameterCategory": 0, "parameterCategoryName": "Temperature", "parameterNumber": 0}, "z": [[27.9, 27.91, 27.91, 27.99, 27.98, 28.23, 28.21, 28.19, 28.2, 28.18, 28.24, 28.29, 28.5, 28.54, 28.55, 28.56, 28.75, 28.74, 28.74, 28.73], [27.9, 27.91, 27.91, 27.91, 27.99, 27.98, 28.19, 28.14, 28.12, 28.14, 28.24, 28.32, 28.54, 28.57, 28.58, 28.76, 28.75, 28.74, 28.73, 28.73], [27.9, 27.9, 27.91, 27.91, 27.99, 27.98, 27.97, 28.1, 27.95, 28.1, 28.26, 28.38, 28.61, 28.63, 28.78, 28.76, 28.74, 28.73, 28.72, 28.72], [27.9, 27.9, 27.91, 27.91, 27.92, 27.99, 27.98, 27.96, 27.94, 28.15, 28.31, 28.48, 28.71, 28.69, 28.79, 28.76, 28.73, 28.72, 28.71, 28.71], [27.89, 27.9, 27.9, 27.91, 27.92, 28.0, 28.0, 27.99, 27.98, 28.21, 28.35, 28.71, 28.88, 28.73, 28.79, 28.74, 28.72, 28.7, 28.7, 28.7], [27.89, 27.89, 27.89, 27.9, 27.92, 27.94, 28.03, 28.03, 28.02, 28.0, 28.47, 28.62, 28.76, 28.87, 28.77, 28.72, 28.69, 28.67, 28.68, 28.69], [27.87, 27.88, 27.88, 27.89, 27.9, 27.93, 27.97, 28.07, 28.07, 28.14, 28.14, 28.48, 28.77, 28.8, 28.74, 28.7, 28.65, 28.63, 28.67, 28.7], [27.86, 27.85, 27.85, 27.86, 27.87, 27.9, 27.96, 28.06, 28.19, 28.11, 28.01, 28.38, 28.39, 28.8, 28.6, 28.6, 28.6, 28.6, 28.6, 28.6], [27.94, 27.93, 27.83, 27.82, 27.82, 27.84, 27.91, 27.99, 28.1, 28.16, 28.17, 28.27, 28.32, 28.26, 28.6, 28.6, 28.6, 28.6, 28.6, 28.6], [27.6, 27.6, 27.6, 27.88, 27.84, 27.74, 27.81, 27.91, 28.03, 28.05, 28.33, 28.21, 28.25, 28.23, 28.6, 28.6, 28.6, 28.6, 28.6, 28.6], [27.6, 27.6, 27.6, 27.6, 27.6, 27.6, 27.6, 27.6, 27.81, 28.1, 27.9, 28.17, 28.2, 28.2, 28.6, 28.6, 28.6, 28.6, 28.6, 28.6], [27.6, 27.6, 27.6, 27.6, 27.6, 27.6, 27.6, 27.6, 27.6, -999.0, 27.9, 28.6, 28.6, 28.18, 28.6, 28.6, 28.6, 28.03, 28.05, 28.05], [27.6, 27.6, 27.6, 27.6, 27.6, 27.6, 27.6, 27.6, 27.6, 27.6, -999.0, 28.6, 28.6, 27.95, 28.23, 28.24, 28.24, 28.12, 28.14, 28.15], [27.6, 27.6, 27.6, 27.6, 27.6, 27.6, 27.6, 27.6, 27.6, 27.6, -999.0, 27.6, 27.6, 27.6, 28.15, 28.15, 28.17, 28.04, 28.07, 28.09], [27.6, 27.6, 27.6, 27.6, 27.6, 27.6, 27.6, 27.4, 27.4, 27.4, 27.4, 27.48, 27.6, 27.6, 27.6, 28.06, 28.09, 27.97, 28.01, 28.04], [27.6, 27.6, 27.47, 27.47, 27.47, 27.4, 27.4, 27.4, 27.4, 27.4, 27.53, 27.51, 27.53, 27.55, 27.53, 27.64, 27.64, 27.63, 27.89, 27.91], [27.47, 27.47, 27.53, 27.53, 27.4, 27.4, 27.4, 27.4, 27.4, 27.4, 27.49, 27.51, 27.54, 27.56, 27.59, 27.59, 27.58, 27.58, 27.58, 27.57], [27.53, 27.53, 27.52, 27.52, 27.4, 27.4, 27.4, 27.4, 27.4, 27.45, 27.48, 27.51, 27.54, 27.58, 27.6, 27.59, 27.58, 27.58, 27.58, 27.57], [27.52, 27.52, 27.52, 27.4, 27.4, 27.4, 27.4, 27.4, 27.42, 27.44, 27.49, 27.52, 27.56, 27.58, 27.59, 27.59, 27.58, 27.58, 27.57, 27.57], [27.52, 27.52, 27.51, 27.51, 27.5, 27.49, 27.47, 27.43, 27.44, 27.47, 27.5, 27.52, 27.56, 27.58, 27.58, 27.58, 27.58, 27.57, 27.57, 27.57], [27.52, 27.52, 27.52, 27.48, 27.48, 27.47, 27.47, 27.46, 27.48, 27.49, 27.51, 27.52, 27.57, 27.58, 27.58, 27.58, 27.58, 27.57, 27.57, 27.57], [27.49, 27.49, 27.49, 27.49, 27.49, 27.49, 27.48, 27.61, 27.51, 27.51, 27.52, 27.53, 27.63, 27.58, 27.58, 27.58, 27.58, 27.57, 27.57, 27.56], [27.5, 27.5, 27.5, 27.67, 27.67, 27.66, 27.65, 27.65, 27.65, 27.65, 27.67, 27.57, 27.57, 27.57, 27.57, 27.58, 27.59, 27.57, 27.56, 27.56], [27.7, 27.7, 27.7, 27.69, 27.69, 27.68, 27.68, 27.67, 27.67, 27.67, 27.68, 27.77, 27.57, 27.57, 27.57, 27.58, 27.63, 27.55, 27.54, 27.55], [27.71, 27.71, 27.71, 27.71, 27.71, 27.71, 27.7, 27.69, 27.67, 27.64, 27.69, 27.78, 27.8, 27.57, 27.56, 27.56, 27.53, 27.49, 27.53, 27.54], [27.72, 27.73, 27.73, 27.73, 27.73, 27.73, 27.73, 27.72, 27.69, 27.66, 27.76, 27.81, 27.83, 27.57, 27.56, 27.64, 27.6, 27.58, 27.53, 27.54], [27.73, 27.74, 27.74, 27.75, 27.75, 27.76, 27.76, 27.77, 27.77, 27.78, 27.85, 27.87, 27.86, 27.78, 27.72, 27.68, 27.64, 27.63, 27.63, 27.64], [27.74, 27.75, 27.75, 27.76, 27.77, 27.78, 27.8, 27.82, 27.86, 27.94, 27.97, 27.9, 27.85, 27.79, 27.76, 27.71, 27.68, 27.66, 27.66, 27.66], [27.75, 27.76, 27.77, 27.78, 27.79, 27.8, 27.83, 27.86, 27.92, 28.05, 28.12, 27.98, 27.89, 27.82, 27.79, 27.75, 27.71, 27.69, 27.69, 27.68], [27.76, 27.77, 27.78, 27.79, 27.8, 27.82, 27.85, 27.88, 27.94, 28.02, 28.07, 27.99, 27.9, 27.84, 27.81, 27.77, 27.74, 27.72, 27.71, 27.7], [27.77, 27.78, 27.78, 27.8, 27.81, 27.83, 27.86, 27.89, 27.93, 27.97, 27.98, 27.95, 27.89, 27.84, 27.83, 27.79, 27.76, 27.74, 27.73, 27.72], [27.77, 27.78, 27.79, 27.8, 27.82, 27.83, 27.86, 27.88, 27.9, 27.92, 27.93, 27.91, 27.88, 27.84, 27.83, 27.8, 27.78, 27.76, 27.74, 27.73]]}