gis_exercise/awsData/contour/temp_2023090407.json
{"header": {"refTime": "2023-09-04T07:00:00.000Z", "nx": 21, "ny": 33, "lo1": 113.509, "la1": 22.2235, "lo2": 113.5947, "la2": 22.1034, "dx": 0.0042850000000001385, "dy": 0.003753125000000024, "parameterCategory": 0, "parameterCategoryName": "Temperature", "parameterNumber": 0}, "z": [[27.99, 27.98, 27.98, 27.79, 27.8, 28.01, 28.01, 28.01, 28.01, 27.99, 28.02, 28.05, 28.28, 28.3, 28.29, 28.3, 28.46, 28.46, 28.46, 28.46], [27.99, 27.99, 27.98, 27.97, 27.8, 27.81, 28.0, 27.98, 27.98, 27.98, 28.02, 28.06, 28.3, 28.32, 28.31, 28.47, 28.46, 28.46, 28.46, 28.46], [28.0, 27.99, 27.98, 27.98, 27.8, 27.8, 27.82, 27.97, 27.92, 27.97, 28.03, 28.1, 28.33, 28.35, 28.47, 28.47, 28.46, 28.46, 28.46, 28.45], [28.0, 28.0, 27.99, 27.98, 27.97, 27.8, 27.81, 27.83, 27.85, 27.98, 28.05, 28.15, 28.39, 28.32, 28.47, 28.46, 28.46, 28.45, 28.45, 28.45], [28.01, 28.0, 28.0, 27.99, 27.98, 27.79, 27.79, 27.8, 27.8, 27.98, 28.06, 28.32, 28.43, 28.35, 28.47, 28.46, 28.45, 28.45, 28.44, 28.45], [28.02, 28.01, 28.01, 28.0, 27.99, 27.97, 27.78, 27.78, 27.77, 27.75, 28.15, 28.27, 28.37, 28.5, 28.47, 28.45, 28.44, 28.43, 28.44, 28.44], [28.08, 28.03, 28.02, 28.02, 28.01, 27.99, 27.87, 27.77, 27.76, 27.84, 27.87, 28.2, 28.5, 28.5, 28.47, 28.45, 28.43, 28.42, 28.42, 28.42], [28.09, 28.09, 28.09, 28.09, 28.08, 27.94, 27.9, 27.84, 27.82, 27.81, 27.72, 28.22, 28.23, 28.5, 28.44, 28.45, 28.43, 28.42, 28.43, 28.44], [28.01, 28.02, 28.11, 28.12, 28.12, 28.1, 28.04, 27.88, 27.74, 27.86, 27.95, 28.08, 28.14, 28.06, 28.44, 28.45, 28.44, 28.43, 28.44, 28.44], [28.3, 28.3, 28.3, 28.07, 28.1, 28.19, 28.13, 28.04, 27.69, 27.7, 28.15, 28.0, 28.04, 28.02, 28.44, 28.46, 28.45, 28.44, 28.44, 28.45], [28.3, 28.3, 28.3, 28.3, 28.3, 28.3, 28.3, 28.3, 28.12, 27.73, 27.6, 27.94, 27.98, 27.99, 28.44, 28.46, 28.45, 28.45, 28.45, 28.45], [28.3, 28.3, 28.3, 28.3, 28.3, 28.3, 28.3, 28.3, 28.3, -999.0, 27.6, 28.5, 28.5, 27.96, 28.44, 28.46, 28.46, 27.6, 27.62, 27.63], [28.3, 28.3, 28.3, 28.3, 28.3, 28.3, 28.3, 28.3, 28.3, 28.3, -999.0, 28.5, 28.5, 27.52, 27.95, 27.89, 27.9, 27.73, 27.75, 27.77], [28.3, 28.3, 28.3, 28.3, 28.3, 28.3, 28.3, 28.3, 28.3, 28.3, -999.0, 27.0, 27.0, 27.0, 27.82, 27.77, 27.8, 27.62, 27.66, 27.69], [28.3, 28.3, 28.3, 28.3, 28.3, 28.3, 28.3, 27.6, 27.6, 27.6, 27.6, 27.37, 27.0, 27.0, 27.0, 27.64, 27.68, 27.52, 27.57, 27.61], [28.3, 28.3, 27.86, 27.85, 27.84, 27.6, 27.6, 27.6, 27.6, 27.6, 27.22, 27.27, 27.21, 27.16, 27.21, 27.29, 27.34, 27.26, 27.58, 27.62], [27.85, 27.85, 28.05, 28.04, 27.6, 27.6, 27.6, 27.6, 27.6, 27.6, 27.34, 27.27, 27.19, 27.12, 27.16, 27.19, 27.26, 27.32, 27.36, 27.38], [28.05, 28.04, 28.03, 28.01, 27.6, 27.6, 27.6, 27.6, 27.6, 27.45, 27.37, 27.28, 27.18, 27.16, 27.02, 27.17, 27.27, 27.33, 27.37, 27.4], [28.04, 28.03, 28.01, 27.6, 27.6, 27.6, 27.6, 27.6, 27.55, 27.48, 27.43, 27.35, 27.31, 27.22, 27.16, 27.23, 27.31, 27.37, 27.4, 27.42], [28.03, 28.02, 27.6, 27.6, 27.6, 27.6, 27.6, 27.6, 27.54, 27.5, 27.44, 27.38, 27.36, 27.31, 27.29, 27.33, 27.38, 27.42, 27.44, 27.45], [27.6, 27.6, 27.6, 27.6, 27.6, 27.6, 27.6, 27.6, 27.51, 27.48, 27.44, 27.4, 27.41, 27.37, 27.39, 27.42, 27.46, 27.48, 27.49, 27.48], [27.6, 27.6, 27.6, 27.6, 27.6, 27.6, 27.6, 27.67, 27.5, 27.48, 27.46, 27.42, 27.45, 27.43, 27.46, 27.5, 27.54, 27.54, 27.53, 27.51], [27.6, 27.6, 27.6, 27.7, 27.7, 27.69, 27.69, 27.68, 27.68, 27.68, 27.68, 27.65, 27.64, 27.48, 27.52, 27.57, 27.62, 27.6, 27.56, 27.54], [27.72, 27.71, 27.71, 27.71, 27.7, 27.7, 27.69, 27.68, 27.67, 27.67, 27.68, 27.75, 27.63, 27.64, 27.65, 27.6, 27.71, 27.61, 27.57, 27.55], [27.72, 27.72, 27.72, 27.72, 27.71, 27.71, 27.7, 27.69, 27.66, 27.64, 27.68, 27.75, 27.77, 27.64, 27.65, 27.65, 27.59, 27.56, 27.56, 27.55], [27.73, 27.73, 27.72, 27.72, 27.72, 27.72, 27.72, 27.7, 27.68, 27.65, 27.72, 27.77, 27.79, 27.64, 27.64, 27.7, 27.67, 27.65, 27.56, 27.54], [27.73, 27.73, 27.73, 27.73, 27.73, 27.74, 27.74, 27.73, 27.73, 27.74, 27.78, 27.8, 27.81, 27.77, 27.74, 27.72, 27.69, 27.68, 27.69, 27.69], [27.74, 27.74, 27.74, 27.74, 27.75, 27.75, 27.76, 27.77, 27.79, 27.84, 27.86, 27.81, 27.77, 27.74, 27.76, 27.74, 27.72, 27.71, 27.7, 27.71], [27.74, 27.74, 27.75, 27.75, 27.76, 27.76, 27.78, 27.79, 27.83, 27.91, 27.95, 27.86, 27.8, 27.76, 27.78, 27.75, 27.74, 27.72, 27.72, 27.72], [27.74, 27.75, 27.75, 27.76, 27.76, 27.77, 27.79, 27.81, 27.83, 27.89, 27.92, 27.86, 27.81, 27.77, 27.79, 27.77, 27.75, 27.74, 27.73, 27.73], [27.75, 27.75, 27.76, 27.76, 27.77, 27.78, 27.79, 27.81, 27.82, 27.85, 27.86, 27.84, 27.8, 27.77, 27.8, 27.78, 27.76, 27.75, 27.74, 27.74], [27.75, 27.75, 27.76, 27.77, 27.77, 27.78, 27.79, 27.79, 27.81, 27.82, 27.82, 27.81, 27.79, 27.77, 27.8, 27.78, 27.77, 27.76, 27.75, 27.75]]}