gis_exercise/awsData/contour/temp_2023090519.json
{"header": {"refTime": "2023-09-05T19:00:00.000Z", "nx": 21, "ny": 33, "lo1": 113.509, "la1": 22.2235, "lo2": 113.5947, "la2": 22.1034, "dx": 0.0042850000000001385, "dy": 0.003753125000000024, "parameterCategory": 0, "parameterCategoryName": "Temperature", "parameterNumber": 0}, "z": [[31.54, 31.53, 31.52, 31.23, 31.23, 31.49, 31.48, 31.47, 31.47, 31.4, 31.43, 31.46, 31.65, 31.67, 31.62, 31.61, 31.68, 31.67, 31.66, 31.65], [31.55, 31.54, 31.53, 31.51, 31.23, 31.24, 31.46, 31.44, 31.42, 31.39, 31.43, 31.48, 31.67, 31.69, 31.64, 31.7, 31.67, 31.66, 31.65, 31.64], [31.55, 31.55, 31.53, 31.52, 31.23, 31.24, 31.25, 31.41, 31.33, 31.37, 31.44, 31.52, 31.72, 31.73, 31.73, 31.69, 31.66, 31.64, 31.63, 31.63], [31.57, 31.56, 31.55, 31.53, 31.51, 31.24, 31.24, 31.25, 31.26, 31.38, 31.47, 31.58, 31.79, 31.69, 31.73, 31.69, 31.65, 31.62, 31.61, 31.61], [31.58, 31.57, 31.56, 31.55, 31.53, 31.23, 31.24, 31.24, 31.23, 31.38, 31.47, 31.71, 31.88, 31.73, 31.73, 31.67, 31.62, 31.59, 31.59, 31.59], [31.59, 31.59, 31.58, 31.57, 31.56, 31.53, 31.24, 31.24, 31.22, 31.18, 31.47, 31.62, 31.76, 31.87, 31.7, 31.63, 31.57, 31.54, 31.55, 31.57], [31.73, 31.61, 31.61, 31.6, 31.59, 31.57, 31.42, 31.26, 31.25, 31.21, 31.18, 31.48, 31.77, 31.8, 31.67, 31.6, 31.5, 31.47, 31.51, 31.55], [31.74, 31.75, 31.75, 31.74, 31.73, 31.51, 31.46, 31.4, 31.36, 31.18, 31.02, 31.38, 31.39, 31.8, 31.47, 31.5, 31.45, 31.44, 31.46, 31.48], [31.66, 31.67, 31.77, 31.78, 31.78, 31.76, 31.69, 31.43, 31.24, 31.23, 31.17, 31.27, 31.32, 31.26, 31.48, 31.5, 31.48, 31.47, 31.47, 31.48], [32.0, 32.0, 32.0, 31.72, 31.76, 31.86, 31.79, 31.69, 31.12, 31.14, 31.33, 31.21, 31.25, 31.23, 31.48, 31.51, 31.5, 31.49, 31.49, 31.49], [32.0, 32.0, 32.0, 32.0, 32.0, 32.0, 32.0, 32.0, 31.79, 31.23, 30.9, 31.17, 31.2, 31.2, 31.48, 31.52, 31.51, 31.5, 31.5, 31.5], [32.0, 32.0, 32.0, 32.0, 32.0, 32.0, 32.0, 32.0, 32.0, -999.0, 30.9, 31.6, 31.6, 31.18, 31.48, 31.53, 31.52, 29.98, 30.01, 30.02], [32.0, 32.0, 32.0, 32.0, 32.0, 32.0, 32.0, 32.0, 32.0, 32.0, -999.0, 31.6, 31.6, 29.84, 30.61, 30.49, 30.51, 30.2, 30.24, 30.27], [32.0, 32.0, 32.0, 32.0, 32.0, 32.0, 32.0, 32.0, 32.0, 32.0, -999.0, 28.9, 28.9, 28.9, 30.38, 30.28, 30.32, 30.01, 30.07, 30.13], [32.0, 32.0, 32.0, 32.0, 32.0, 32.0, 32.0, 31.6, 31.6, 31.6, 31.6, 30.56, 28.9, 28.9, 28.9, 30.04, 30.12, 29.83, 29.92, 30.0], [32.0, 32.0, 31.75, 31.74, 31.74, 31.6, 31.6, 31.6, 31.6, 31.6, 29.9, 30.09, 29.83, 29.61, 29.86, 29.56, 29.66, 29.48, 30.04, 30.12], [31.74, 31.74, 31.86, 31.85, 31.6, 31.6, 31.6, 31.6, 31.6, 31.6, 30.44, 30.1, 29.75, 29.43, 29.42, 29.19, 29.3, 29.38, 29.43, 29.47], [31.86, 31.85, 31.85, 31.83, 31.6, 31.6, 31.6, 31.6, 31.6, 30.91, 30.55, 30.15, 29.73, 29.45, 28.98, 29.16, 29.31, 29.4, 29.46, 29.5], [31.85, 31.84, 31.83, 31.6, 31.6, 31.6, 31.6, 31.6, 31.36, 31.07, 30.82, 30.49, 29.97, 29.62, 29.14, 29.25, 29.38, 29.46, 29.51, 29.53], [31.84, 31.84, 31.6, 31.6, 31.6, 31.6, 31.6, 31.6, 31.35, 31.14, 30.87, 30.59, 30.11, 29.9, 29.34, 29.41, 29.49, 29.54, 29.57, 29.58], [31.6, 31.6, 31.6, 31.6, 31.6, 31.6, 31.6, 31.6, 31.18, 31.07, 30.9, 30.69, 30.23, 29.47, 29.5, 29.56, 29.62, 29.64, 29.64, 29.62], [31.6, 31.6, 31.6, 31.6, 31.6, 31.6, 31.6, 31.65, 31.13, 31.06, 30.95, 30.8, 30.36, 29.57, 29.63, 29.7, 29.76, 29.75, 29.7, 29.66], [31.6, 31.6, 31.6, 31.68, 31.67, 31.67, 31.66, 31.66, 31.66, 31.66, 31.66, 31.36, 30.53, 29.64, 29.71, 29.83, 29.95, 29.86, 29.73, 29.68], [31.69, 31.69, 31.68, 31.68, 31.68, 31.67, 31.67, 31.66, 31.65, 31.65, 31.66, 31.45, 30.56, 30.38, 30.24, 29.87, 30.29, 29.78, 29.69, 29.67], [31.69, 31.69, 31.69, 31.69, 31.68, 31.68, 31.68, 31.67, 31.65, 31.63, 31.66, 31.49, 31.41, 30.39, 30.22, 30.08, 29.67, 29.46, 29.62, 29.65], [31.69, 31.69, 31.69, 31.69, 31.69, 31.69, 31.69, 31.68, 31.66, 31.64, 31.57, 31.52, 31.45, 30.4, 30.23, 30.13, 29.95, 29.88, 29.62, 29.64], [31.7, 31.7, 31.7, 31.7, 31.7, 31.7, 31.7, 31.7, 31.7, 31.7, 31.6, 31.57, 31.5, 30.58, 30.39, 30.23, 30.11, 30.05, 30.06, 30.1], [31.7, 31.7, 31.7, 31.71, 31.71, 31.71, 31.72, 31.73, 31.74, 31.67, 31.69, 31.38, 31.19, 30.96, 30.5, 30.35, 30.24, 30.18, 30.16, 30.18], [31.71, 31.71, 31.71, 31.71, 31.72, 31.72, 31.73, 31.75, 31.77, 31.75, 31.76, 31.5, 31.26, 31.04, 30.6, 30.45, 30.35, 30.28, 30.25, 30.25], [31.71, 31.71, 31.71, 31.72, 31.72, 31.73, 31.74, 31.76, 31.48, 31.6, 31.67, 31.49, 31.28, 31.09, 30.68, 30.54, 30.44, 30.37, 30.33, 30.31], [31.71, 31.71, 31.72, 31.72, 31.73, 31.73, 31.75, 31.76, 31.42, 31.48, 31.49, 31.4, 31.25, 31.1, 30.72, 30.6, 30.5, 30.44, 30.39, 30.36], [31.71, 31.72, 31.72, 31.72, 31.73, 31.74, 31.75, 31.32, 31.36, 31.38, 31.37, 31.31, 31.21, 31.09, 30.74, 30.63, 30.55, 30.49, 30.44, 30.41]]}