gis_exercise/awsData/contour/temp_2023090106.json
{"header": {"refTime": "2023-09-01T06:00:00.000Z", "nx": 21, "ny": 33, "lo1": 113.509, "la1": 22.2235, "lo2": 113.5947, "la2": 22.1034, "dx": 0.0042850000000001385, "dy": 0.003753125000000024, "parameterCategory": 0, "parameterCategoryName": "Temperature", "parameterNumber": 0}, "z": [[27.36, 27.35, 27.35, 27.17, 27.17, 27.37, 27.37, 27.36, 27.37, 27.32, 27.34, 27.35, 27.51, 27.52, 27.49, 27.49, 27.54, 27.53, 27.53, 27.52], [27.36, 27.36, 27.35, 27.35, 27.17, 27.18, 27.36, 27.35, 27.35, 27.32, 27.34, 27.37, 27.52, 27.53, 27.5, 27.55, 27.54, 27.53, 27.52, 27.52], [27.36, 27.36, 27.35, 27.35, 27.17, 27.18, 27.2, 27.34, 27.31, 27.32, 27.35, 27.39, 27.54, 27.55, 27.56, 27.55, 27.53, 27.52, 27.52, 27.51], [27.37, 27.36, 27.36, 27.35, 27.34, 27.18, 27.19, 27.21, 27.23, 27.31, 27.36, 27.43, 27.58, 27.5, 27.57, 27.54, 27.52, 27.51, 27.51, 27.51], [27.37, 27.37, 27.37, 27.36, 27.35, 27.16, 27.17, 27.18, 27.17, 27.3, 27.35, 27.5, 27.62, 27.52, 27.56, 27.53, 27.51, 27.5, 27.49, 27.5], [27.38, 27.38, 27.37, 27.37, 27.36, 27.34, 27.16, 27.15, 27.14, 27.11, 27.34, 27.45, 27.54, 27.63, 27.55, 27.52, 27.48, 27.47, 27.48, 27.49], [27.42, 27.39, 27.39, 27.38, 27.37, 27.35, 27.22, 27.15, 27.13, 27.12, 27.11, 27.35, 27.59, 27.6, 27.53, 27.5, 27.45, 27.43, 27.46, 27.47], [27.43, 27.43, 27.43, 27.43, 27.42, 27.28, 27.25, 27.2, 27.18, 27.1, 26.99, 27.32, 27.32, 27.6, 27.44, 27.45, 27.43, 27.42, 27.43, 27.44], [27.37, 27.38, 27.45, 27.45, 27.46, 27.44, 27.39, 27.23, 27.1, 27.14, 27.13, 27.22, 27.26, 27.2, 27.44, 27.45, 27.44, 27.43, 27.44, 27.44], [27.6, 27.6, 27.6, 27.41, 27.44, 27.51, 27.46, 27.39, 27.03, 27.05, 27.26, 27.16, 27.2, 27.18, 27.44, 27.46, 27.45, 27.44, 27.44, 27.45], [27.6, 27.6, 27.6, 27.6, 27.6, 27.6, 27.6, 27.6, 27.46, 27.1, 26.9, 27.13, 27.16, 27.16, 27.44, 27.46, 27.45, 27.45, 27.45, 27.45], [27.6, 27.6, 27.6, 27.6, 27.6, 27.6, 27.6, 27.6, 27.6, -999.0, 26.9, 27.5, 27.5, 27.14, 27.44, 27.46, 27.46, 26.6, 26.62, 26.63], [27.6, 27.6, 27.6, 27.6, 27.6, 27.6, 27.6, 27.6, 27.6, 27.6, -999.0, 27.5, 27.5, 26.52, 26.95, 26.89, 26.9, 26.73, 26.75, 26.77], [27.6, 27.6, 27.6, 27.6, 27.6, 27.6, 27.6, 27.6, 27.6, 27.6, -999.0, 26.0, 26.0, 26.0, 26.82, 26.77, 26.8, 26.62, 26.66, 26.69], [27.6, 27.6, 27.6, 27.6, 27.6, 27.6, 27.6, 27.6, 27.6, 27.6, 27.6, 26.99, 26.0, 26.0, 26.0, 26.64, 26.68, 26.52, 26.57, 26.61], [27.6, 27.6, 27.6, 27.6, 27.6, 27.6, 27.6, 27.6, 27.6, 27.6, 26.59, 26.71, 26.55, 26.42, 26.57, 26.55, 26.63, 26.49, 26.77, 26.83], [27.6, 27.6, 27.6, 27.6, 27.6, 27.6, 27.6, 27.6, 27.6, 27.6, 26.91, 26.71, 26.5, 26.31, 26.36, 26.36, 26.49, 26.59, 26.66, 26.71], [27.6, 27.6, 27.6, 27.6, 27.6, 27.6, 27.6, 27.6, 27.6, 27.19, 26.98, 26.74, 26.49, 26.37, 26.05, 26.32, 26.5, 26.62, 26.69, 26.74], [27.6, 27.6, 27.6, 27.6, 27.6, 27.6, 27.6, 27.6, 27.46, 27.29, 27.1, 26.9, 26.71, 26.49, 26.29, 26.43, 26.58, 26.68, 26.74, 26.78], [27.6, 27.6, 27.49, 27.49, 27.5, 27.51, 27.53, 27.57, 27.43, 27.29, 27.12, 26.95, 26.81, 26.69, 26.53, 26.61, 26.71, 26.78, 26.82, 26.84], [27.48, 27.48, 27.48, 27.52, 27.52, 27.53, 27.53, 27.54, 27.3, 27.23, 27.13, 27.0, 26.91, 26.68, 26.72, 26.78, 26.85, 26.89, 26.9, 26.9], [27.51, 27.51, 27.51, 27.51, 27.51, 27.51, 27.52, 27.58, 27.25, 27.21, 27.14, 27.05, 26.94, 26.8, 26.86, 26.93, 26.99, 27.0, 26.98, 26.95], [27.5, 27.5, 27.5, 27.6, 27.6, 27.59, 27.58, 27.57, 27.56, 27.56, 27.57, 27.49, 27.29, 26.88, 26.96, 27.05, 27.14, 27.11, 27.04, 26.99], [27.62, 27.61, 27.61, 27.6, 27.6, 27.59, 27.58, 27.56, 27.53, 27.53, 27.55, 27.55, 27.29, 27.27, 27.26, 27.11, 27.33, 27.13, 27.05, 27.01], [27.62, 27.62, 27.61, 27.61, 27.6, 27.59, 27.58, 27.55, 27.5, 27.46, 27.53, 27.56, 27.57, 27.27, 27.25, 27.23, 27.09, 27.02, 27.04, 27.01], [27.62, 27.62, 27.62, 27.61, 27.61, 27.6, 27.59, 27.56, 27.52, 27.48, 27.54, 27.58, 27.59, 27.27, 27.24, 27.29, 27.23, 27.21, 27.02, 27.0], [27.62, 27.62, 27.62, 27.62, 27.62, 27.61, 27.61, 27.6, 27.59, 27.59, 27.61, 27.63, 27.62, 27.45, 27.39, 27.33, 27.29, 27.27, 27.27, 27.29], [27.63, 27.63, 27.63, 27.63, 27.63, 27.63, 27.63, 27.64, 27.66, 27.69, 27.71, 27.6, 27.53, 27.46, 27.42, 27.37, 27.33, 27.31, 27.31, 27.31], [27.63, 27.63, 27.63, 27.64, 27.64, 27.65, 27.65, 27.67, 27.71, 27.77, 27.82, 27.68, 27.58, 27.5, 27.46, 27.41, 27.37, 27.35, 27.34, 27.33], [27.64, 27.64, 27.64, 27.64, 27.65, 27.66, 27.67, 27.69, 27.65, 27.73, 27.77, 27.68, 27.59, 27.52, 27.48, 27.43, 27.4, 27.38, 27.36, 27.36], [27.64, 27.64, 27.64, 27.65, 27.66, 27.66, 27.68, 27.7, 27.63, 27.67, 27.68, 27.64, 27.58, 27.52, 27.5, 27.45, 27.42, 27.4, 27.38, 27.38], [27.64, 27.64, 27.65, 27.65, 27.66, 27.67, 27.68, 27.58, 27.6, 27.62, 27.62, 27.6, 27.56, 27.52, 27.5, 27.47, 27.44, 27.42, 27.4, 27.39]]}