gis_exercise/awsData/contour/temp_2023090406.json
{"header": {"refTime": "2023-09-04T06:00:00.000Z", "nx": 21, "ny": 33, "lo1": 113.509, "la1": 22.2235, "lo2": 113.5947, "la2": 22.1034, "dx": 0.0042850000000001385, "dy": 0.003753125000000024, "parameterCategory": 0, "parameterCategoryName": "Temperature", "parameterNumber": 0}, "z": [[27.73, 27.72, 27.71, 27.51, 27.51, 27.78, 27.76, 27.74, 27.74, 27.75, 27.82, 27.89, 28.13, 28.17, 28.19, 28.21, 28.45, 28.44, 28.44, 28.43], [27.74, 27.73, 27.72, 27.7, 27.51, 27.5, 27.73, 27.67, 27.65, 27.7, 27.82, 27.92, 28.18, 28.21, 28.23, 28.46, 28.45, 28.44, 28.43, 28.43], [27.75, 27.74, 27.73, 27.71, 27.51, 27.51, 27.49, 27.62, 27.46, 27.65, 27.84, 27.99, 28.25, 28.28, 28.48, 28.46, 28.44, 28.43, 28.42, 28.42], [27.76, 27.75, 27.74, 27.73, 27.7, 27.52, 27.5, 27.48, 27.46, 27.72, 27.91, 28.1, 28.37, 28.37, 28.49, 28.46, 28.43, 28.42, 28.41, 28.41], [27.78, 27.77, 27.76, 27.75, 27.73, 27.53, 27.52, 27.52, 27.51, 27.8, 27.96, 28.39, 28.57, 28.41, 28.49, 28.44, 28.42, 28.4, 28.4, 28.4], [27.79, 27.79, 27.79, 27.78, 27.76, 27.74, 27.55, 27.56, 27.55, 27.54, 28.13, 28.3, 28.44, 28.57, 28.47, 28.42, 28.39, 28.37, 28.38, 28.39], [27.98, 27.81, 27.82, 27.81, 27.8, 27.78, 27.77, 27.6, 27.6, 27.73, 27.74, 28.14, 28.47, 28.5, 28.44, 28.4, 28.35, 28.33, 28.37, 28.4], [27.99, 27.99, 27.99, 27.99, 27.98, 27.84, 27.8, 27.74, 27.71, 27.7, 27.61, 28.05, 28.06, 28.5, 28.3, 28.3, 28.3, 28.3, 28.3, 28.3], [27.91, 27.92, 28.01, 28.02, 28.02, 28.0, 27.94, 27.78, 27.64, 27.74, 27.81, 27.93, 27.98, 27.91, 28.3, 28.3, 28.3, 28.3, 28.3, 28.3], [28.2, 28.2, 28.2, 27.97, 28.0, 28.09, 28.03, 27.94, 27.59, 27.6, 27.99, 27.85, 27.9, 27.87, 28.3, 28.3, 28.3, 28.3, 28.3, 28.3], [28.2, 28.2, 28.2, 28.2, 28.2, 28.2, 28.2, 28.2, 28.02, 27.63, 27.5, 27.8, 27.84, 27.84, 28.3, 28.3, 28.3, 28.3, 28.3, 28.3], [28.2, 28.2, 28.2, 28.2, 28.2, 28.2, 28.2, 28.2, 28.2, -999.0, 27.5, 28.3, 28.3, 27.82, 28.3, 28.3, 28.3, 27.45, 27.47, 27.47], [28.2, 28.2, 28.2, 28.2, 28.2, 28.2, 28.2, 28.2, 28.2, 28.2, -999.0, 28.3, 28.3, 27.32, 27.75, 27.75, 27.77, 27.58, 27.61, 27.62], [28.2, 28.2, 28.2, 28.2, 28.2, 28.2, 28.2, 28.2, 28.2, 28.2, -999.0, 26.8, 26.8, 26.8, 27.62, 27.63, 27.65, 27.46, 27.5, 27.54], [28.2, 28.2, 28.2, 28.2, 28.2, 28.2, 28.2, 27.3, 27.3, 27.3, 27.3, 27.11, 26.8, 26.8, 26.8, 27.49, 27.53, 27.36, 27.41, 27.46], [28.2, 28.2, 27.63, 27.62, 27.61, 27.3, 27.3, 27.3, 27.3, 27.3, 26.99, 27.02, 26.97, 26.93, 26.98, 27.09, 27.14, 27.06, 27.41, 27.45], [27.62, 27.62, 27.88, 27.87, 27.3, 27.3, 27.3, 27.3, 27.3, 27.3, 27.08, 27.02, 26.96, 26.9, 26.95, 26.94, 26.99, 27.02, 27.05, 27.07], [27.88, 27.87, 27.85, 27.83, 27.3, 27.3, 27.3, 27.3, 27.3, 27.17, 27.11, 27.03, 26.95, 26.95, 26.82, 26.92, 26.99, 27.04, 27.06, 27.08], [27.86, 27.85, 27.83, 27.3, 27.3, 27.3, 27.3, 27.3, 27.26, 27.2, 27.16, 27.09, 27.08, 27.0, 26.91, 26.97, 27.02, 27.06, 27.09, 27.1], [27.85, 27.83, 27.3, 27.3, 27.3, 27.3, 27.3, 27.3, 27.25, 27.21, 27.16, 27.11, 27.13, 27.09, 27.01, 27.04, 27.08, 27.1, 27.11, 27.12], [27.3, 27.3, 27.3, 27.3, 27.3, 27.3, 27.3, 27.3, 27.22, 27.2, 27.17, 27.13, 27.17, 27.07, 27.08, 27.11, 27.14, 27.15, 27.15, 27.14], [27.3, 27.3, 27.3, 27.3, 27.3, 27.3, 27.3, 27.37, 27.21, 27.2, 27.18, 27.15, 27.22, 27.11, 27.14, 27.17, 27.2, 27.2, 27.18, 27.16], [27.3, 27.3, 27.3, 27.4, 27.4, 27.39, 27.39, 27.38, 27.38, 27.38, 27.38, 27.38, 27.28, 27.15, 27.18, 27.23, 27.29, 27.25, 27.19, 27.17], [27.42, 27.41, 27.41, 27.41, 27.4, 27.4, 27.39, 27.38, 27.37, 27.37, 27.38, 27.47, 27.28, 27.28, 27.29, 27.25, 27.43, 27.22, 27.18, 27.17], [27.42, 27.42, 27.42, 27.42, 27.41, 27.41, 27.4, 27.39, 27.36, 27.34, 27.38, 27.47, 27.5, 27.27, 27.27, 27.27, 27.17, 27.09, 27.15, 27.16], [27.43, 27.43, 27.42, 27.42, 27.42, 27.42, 27.42, 27.4, 27.38, 27.35, 27.44, 27.49, 27.51, 27.27, 27.26, 27.3, 27.25, 27.22, 27.15, 27.15], [27.43, 27.43, 27.43, 27.43, 27.43, 27.44, 27.44, 27.43, 27.43, 27.44, 27.5, 27.52, 27.53, 27.41, 27.37, 27.33, 27.29, 27.28, 27.28, 27.29], [27.44, 27.44, 27.44, 27.44, 27.45, 27.45, 27.46, 27.47, 27.49, 27.55, 27.57, 27.46, 27.41, 27.35, 27.39, 27.35, 27.33, 27.31, 27.31, 27.31], [27.44, 27.44, 27.45, 27.45, 27.46, 27.46, 27.48, 27.49, 27.53, 27.62, 27.63, 27.52, 27.44, 27.38, 27.41, 27.38, 27.35, 27.34, 27.33, 27.33], [27.44, 27.45, 27.45, 27.46, 27.46, 27.47, 27.49, 27.51, 27.5, 27.56, 27.6, 27.53, 27.45, 27.39, 27.43, 27.4, 27.37, 27.36, 27.35, 27.34], [27.45, 27.45, 27.46, 27.46, 27.47, 27.48, 27.49, 27.51, 27.48, 27.51, 27.52, 27.49, 27.44, 27.4, 27.44, 27.41, 27.39, 27.37, 27.36, 27.36], [27.45, 27.45, 27.46, 27.47, 27.47, 27.48, 27.49, 27.44, 27.46, 27.48, 27.48, 27.46, 27.43, 27.39, 27.44, 27.42, 27.4, 27.38, 27.37, 27.37]]}