gis_exercise/awsData/contour/temp_2023083113.json
{"header": {"refTime": "2023-08-31T13:00:00.000Z", "nx": 21, "ny": 33, "lo1": 113.509, "la1": 22.2235, "lo2": 113.5947, "la2": 22.1034, "dx": 0.0042850000000001385, "dy": 0.003753125000000024, "parameterCategory": 0, "parameterCategoryName": "Temperature", "parameterNumber": 0}, "z": [[30.86, 30.86, 30.86, 30.68, 30.69, 31.0, 31.01, 31.01, 31.02, 31.05, 31.09, 31.13, 31.35, 31.38, 31.42, 31.42, 31.52, 31.52, 31.51, 31.5], [30.87, 30.86, 30.86, 30.86, 30.69, 30.71, 30.99, 30.98, 30.99, 31.03, 31.09, 31.16, 31.38, 31.41, 31.44, 31.54, 31.52, 31.51, 31.5, 31.5], [30.87, 30.86, 30.86, 30.85, 30.68, 30.7, 30.73, 30.96, 30.92, 31.01, 31.11, 31.2, 31.44, 31.45, 31.56, 31.54, 31.52, 31.51, 31.5, 31.49], [30.87, 30.87, 30.86, 30.86, 30.85, 30.68, 30.71, 30.75, 30.79, 31.03, 31.14, 31.29, 31.53, 31.43, 31.56, 31.53, 31.51, 31.5, 31.49, 31.49], [30.88, 30.87, 30.87, 30.86, 30.85, 30.66, 30.67, 30.68, 30.69, 31.04, 31.15, 31.45, 31.65, 31.47, 31.56, 31.52, 31.49, 31.48, 31.48, 31.48], [30.88, 30.88, 30.87, 30.86, 30.85, 30.83, 30.63, 30.62, 30.62, 30.61, 31.17, 31.34, 31.51, 31.63, 31.54, 31.5, 31.47, 31.46, 31.46, 31.47], [30.89, 30.89, 30.89, 30.88, 30.86, 30.83, 30.68, 30.57, 30.56, 30.66, 30.7, 31.17, 31.52, 31.54, 31.5, 31.48, 31.44, 31.43, 31.47, 31.5], [30.9, 30.9, 30.91, 30.9, 30.89, 30.77, 30.7, 30.6, 30.55, 30.63, 30.59, 31.05, 31.06, 31.55, 31.36, 31.35, 31.37, 31.38, 31.37, 31.36], [30.8, 30.81, 30.93, 30.94, 30.95, 30.92, 30.84, 30.67, 30.5, 30.67, 30.81, 30.93, 30.98, 30.91, 31.36, 31.35, 31.36, 31.37, 31.36, 31.36], [31.2, 31.2, 31.2, 30.87, 30.92, 31.04, 30.96, 30.84, 30.5, 30.5, 30.99, 30.85, 30.9, 30.87, 31.36, 31.34, 31.35, 31.36, 31.36, 31.35], [31.2, 31.2, 31.2, 31.2, 31.2, 31.2, 31.2, 31.2, 30.95, 30.5, 30.5, 30.8, 30.84, 30.84, 31.36, 31.34, 31.35, 31.35, 31.35, 31.35], [31.2, 31.2, 31.2, 31.2, 31.2, 31.2, 31.2, 31.2, 31.2, -999.0, 30.5, 31.3, 31.3, 30.82, 31.36, 31.34, 31.34, 30.32, 30.35, 30.35], [31.2, 31.2, 31.2, 31.2, 31.2, 31.2, 31.2, 31.2, 31.2, 31.2, -999.0, 31.3, 31.3, 30.12, 30.64, 30.71, 30.72, 30.49, 30.52, 30.54], [31.2, 31.2, 31.2, 31.2, 31.2, 31.2, 31.2, 31.2, 31.2, 31.2, -999.0, 29.5, 29.5, 29.5, 30.49, 30.55, 30.58, 30.34, 30.39, 30.43], [31.2, 31.2, 31.2, 31.2, 31.2, 31.2, 31.2, 31.2, 31.2, 31.2, 31.2, 30.55, 29.5, 29.5, 29.5, 30.37, 30.43, 30.21, 30.28, 30.33], [31.2, 31.2, 31.2, 31.2, 31.2, 31.2, 31.2, 31.2, 31.2, 31.2, 30.13, 30.25, 30.09, 29.95, 30.11, 29.61, 29.63, 29.6, 30.07, 30.12], [31.2, 31.2, 31.2, 31.2, 31.2, 31.2, 31.2, 31.2, 31.2, 31.2, 30.47, 30.26, 30.04, 29.83, 29.74, 29.53, 29.54, 29.55, 29.56, 29.56], [31.2, 31.2, 31.2, 31.2, 31.2, 31.2, 31.2, 31.2, 31.2, 30.77, 30.54, 30.28, 30.02, 29.75, 29.53, 29.53, 29.55, 29.56, 29.56, 29.56], [31.2, 31.2, 31.2, 31.2, 31.2, 31.2, 31.2, 31.2, 31.05, 30.87, 30.65, 30.44, 30.02, 29.83, 29.53, 29.54, 29.55, 29.56, 29.57, 29.57], [31.2, 31.2, 31.03, 31.04, 31.05, 31.06, 31.09, 31.15, 31.01, 30.86, 30.67, 30.49, 30.07, 29.94, 29.55, 29.56, 29.57, 29.57, 29.57, 29.57], [31.02, 31.02, 31.03, 31.08, 31.08, 31.09, 31.1, 31.11, 30.87, 30.79, 30.67, 30.54, 30.11, 29.56, 29.57, 29.58, 29.58, 29.58, 29.58, 29.58], [31.06, 31.06, 31.06, 31.07, 31.07, 31.07, 31.07, 31.1, 30.8, 30.75, 30.68, 30.59, 30.05, 29.58, 29.58, 29.6, 29.6, 29.6, 29.59, 29.58], [31.05, 31.05, 31.05, 31.09, 31.09, 31.08, 31.08, 31.07, 31.06, 31.05, 31.05, 30.7, 30.09, 29.58, 29.6, 29.61, 29.64, 29.61, 29.59, 29.58], [31.09, 31.09, 31.09, 31.09, 31.08, 31.07, 31.06, 31.04, 31.02, 31.01, 31.03, 30.7, 30.12, 29.98, 29.86, 29.62, 29.71, 29.59, 29.58, 29.58], [31.09, 31.09, 31.09, 31.08, 31.08, 31.07, 31.05, 31.03, 30.98, 30.95, 31.0, 30.75, 30.65, 29.99, 29.86, 29.76, 29.56, 29.51, 29.56, 29.57], [31.09, 31.09, 31.09, 31.08, 31.07, 31.07, 31.05, 31.03, 30.99, 30.96, 30.84, 30.78, 30.7, 30.01, 29.89, 29.84, 29.74, 29.71, 29.56, 29.57], [31.09, 31.09, 31.09, 31.08, 31.08, 31.07, 31.06, 31.05, 31.04, 31.03, 30.88, 30.83, 30.75, 30.17, 30.03, 29.92, 29.84, 29.81, 29.81, 29.84], [31.09, 31.09, 31.09, 31.08, 31.08, 31.08, 31.07, 31.07, 31.08, 30.95, 30.97, 30.85, 30.72, 30.59, 30.12, 30.01, 29.93, 29.89, 29.88, 29.89], [31.09, 31.09, 31.09, 31.09, 31.08, 31.08, 31.09, 31.09, 31.11, 31.04, 31.1, 30.93, 30.77, 30.64, 30.2, 30.09, 30.01, 29.97, 29.94, 29.94], [31.09, 31.09, 31.09, 31.09, 31.09, 31.09, 31.09, 31.1, 30.91, 30.99, 31.05, 30.92, 30.79, 30.67, 30.25, 30.15, 30.08, 30.03, 30.0, 29.98], [31.09, 31.09, 31.09, 31.09, 31.09, 31.09, 31.1, 31.11, 30.87, 30.92, 30.92, 30.86, 30.77, 30.67, 30.29, 30.19, 30.12, 30.07, 30.04, 30.02], [31.09, 31.09, 31.09, 31.09, 31.1, 31.1, 31.1, 30.81, 30.83, 30.85, 30.84, 30.8, 30.74, 30.67, 30.3, 30.22, 30.16, 30.11, 30.08, 30.05]]}