gis_exercise/awsData/contour/temp_2023090810.json
{"header": {"refTime": "2023-09-08T10:00:00.000Z", "nx": 21, "ny": 33, "lo1": 113.509, "la1": 22.2235, "lo2": 113.5947, "la2": 22.1034, "dx": 0.0042850000000001385, "dy": 0.003753125000000024, "parameterCategory": 0, "parameterCategoryName": "Temperature", "parameterNumber": 0}, "z": [[25.26, 25.25, 25.25, 25.14, 25.15, 25.24, 25.24, 25.24, 25.25, 25.26, 25.27, 25.28, 25.42, 25.43, 25.44, 25.45, 25.56, 25.56, 25.57, 25.57], [25.26, 25.26, 25.25, 25.25, 25.15, 25.15, 25.24, 25.23, 25.23, 25.25, 25.27, 25.29, 25.42, 25.44, 25.45, 25.56, 25.56, 25.57, 25.57, 25.57], [25.26, 25.26, 25.25, 25.25, 25.15, 25.15, 25.16, 25.23, 25.21, 25.24, 25.28, 25.31, 25.44, 25.45, 25.55, 25.56, 25.56, 25.57, 25.57, 25.57], [25.27, 25.26, 25.26, 25.25, 25.24, 25.15, 25.15, 25.16, 25.17, 25.25, 25.29, 25.34, 25.46, 25.44, 25.55, 25.56, 25.57, 25.57, 25.57, 25.57], [25.27, 25.27, 25.27, 25.26, 25.25, 25.14, 25.14, 25.15, 25.15, 25.26, 25.29, 25.44, 25.48, 25.45, 25.55, 25.56, 25.57, 25.57, 25.58, 25.58], [25.28, 25.28, 25.27, 25.27, 25.26, 25.24, 25.13, 25.13, 25.13, 25.13, 25.37, 25.43, 25.46, 25.53, 25.56, 25.57, 25.58, 25.58, 25.58, 25.58], [25.32, 25.29, 25.29, 25.28, 25.27, 25.25, 25.2, 25.12, 25.12, 25.2, 25.23, 25.41, 25.56, 25.55, 25.57, 25.57, 25.59, 25.59, 25.58, 25.58], [25.33, 25.33, 25.33, 25.33, 25.32, 25.25, 25.21, 25.16, 25.13, 25.18, 25.16, 25.45, 25.45, 25.55, 25.6, 25.6, 25.6, 25.6, 25.6, 25.6], [25.27, 25.28, 25.35, 25.35, 25.36, 25.34, 25.29, 25.2, 25.1, 25.21, 25.29, 25.37, 25.4, 25.35, 25.6, 25.6, 25.6, 25.6, 25.6, 25.6], [25.5, 25.5, 25.5, 25.31, 25.34, 25.41, 25.36, 25.29, 25.1, 25.1, 25.4, 25.32, 25.35, 25.33, 25.6, 25.6, 25.6, 25.6, 25.6, 25.6], [25.5, 25.5, 25.5, 25.5, 25.5, 25.5, 25.5, 25.5, 25.36, 25.1, 25.1, 25.29, 25.31, 25.31, 25.6, 25.6, 25.6, 25.6, 25.6, 25.6], [25.5, 25.5, 25.5, 25.5, 25.5, 25.5, 25.5, 25.5, 25.5, -999.0, 25.1, 25.6, 25.6, 25.3, 25.6, 25.6, 25.6, 25.15, 25.16, 25.16], [25.5, 25.5, 25.5, 25.5, 25.5, 25.5, 25.5, 25.5, 25.5, 25.5, -999.0, 25.6, 25.6, 25.08, 25.31, 25.31, 25.31, 25.22, 25.23, 25.24], [25.5, 25.5, 25.5, 25.5, 25.5, 25.5, 25.5, 25.5, 25.5, 25.5, -999.0, 24.8, 24.8, 24.8, 25.24, 25.24, 25.25, 25.15, 25.18, 25.19], [25.5, 25.5, 25.5, 25.5, 25.5, 25.5, 25.5, 25.6, 25.6, 25.6, 25.6, 25.29, 24.8, 24.8, 24.8, 25.17, 25.19, 25.1, 25.13, 25.15], [25.5, 25.5, 25.56, 25.56, 25.57, 25.6, 25.6, 25.6, 25.6, 25.6, 25.1, 25.15, 25.08, 25.01, 25.09, 24.98, 25.01, 24.96, 25.14, 25.17], [25.56, 25.56, 25.54, 25.54, 25.6, 25.6, 25.6, 25.6, 25.6, 25.6, 25.26, 25.16, 25.05, 24.96, 24.95, 24.95, 25.0, 25.04, 25.07, 25.09], [25.54, 25.54, 25.54, 25.54, 25.6, 25.6, 25.6, 25.6, 25.6, 25.4, 25.29, 25.17, 25.04, 24.96, 24.82, 24.93, 25.01, 25.05, 25.08, 25.11], [25.54, 25.54, 25.54, 25.6, 25.6, 25.6, 25.6, 25.6, 25.53, 25.44, 25.37, 25.27, 25.11, 25.01, 24.92, 24.97, 25.04, 25.08, 25.11, 25.12], [25.54, 25.54, 25.6, 25.6, 25.6, 25.6, 25.6, 25.6, 25.52, 25.46, 25.38, 25.3, 25.15, 25.09, 25.02, 25.05, 25.09, 25.12, 25.14, 25.15], [25.6, 25.6, 25.6, 25.6, 25.6, 25.6, 25.6, 25.6, 25.48, 25.44, 25.39, 25.33, 25.19, 25.08, 25.09, 25.12, 25.14, 25.16, 25.17, 25.17], [25.6, 25.6, 25.6, 25.6, 25.6, 25.6, 25.6, 25.6, 25.46, 25.44, 25.41, 25.36, 25.22, 25.13, 25.15, 25.18, 25.2, 25.21, 25.2, 25.19], [25.6, 25.6, 25.6, 25.6, 25.6, 25.6, 25.6, 25.6, 25.6, 25.6, 25.6, 25.52, 25.41, 25.16, 25.19, 25.22, 25.25, 25.25, 25.23, 25.21], [25.6, 25.6, 25.6, 25.6, 25.6, 25.6, 25.6, 25.6, 25.6, 25.6, 25.6, 25.53, 25.42, 25.38, 25.36, 25.24, 25.28, 25.27, 25.25, 25.23], [25.6, 25.6, 25.6, 25.6, 25.6, 25.6, 25.6, 25.6, 25.6, 25.6, 25.6, 25.54, 25.51, 25.39, 25.36, 25.33, 25.27, 25.28, 25.25, 25.23], [25.6, 25.6, 25.6, 25.6, 25.6, 25.6, 25.6, 25.6, 25.6, 25.6, 25.56, 25.54, 25.52, 25.39, 25.37, 25.35, 25.33, 25.33, 25.24, 25.23], [25.6, 25.6, 25.6, 25.6, 25.6, 25.6, 25.6, 25.6, 25.6, 25.6, 25.56, 25.55, 25.53, 25.41, 25.38, 25.36, 25.35, 25.34, 25.34, 25.35], [25.6, 25.6, 25.6, 25.6, 25.6, 25.6, 25.6, 25.6, 25.6, 25.57, 25.57, 25.56, 25.54, 25.51, 25.4, 25.38, 25.37, 25.36, 25.36, 25.36], [25.6, 25.6, 25.6, 25.6, 25.6, 25.6, 25.6, 25.6, 25.6, 25.58, 25.59, 25.56, 25.54, 25.52, 25.41, 25.39, 25.38, 25.37, 25.37, 25.37], [25.6, 25.6, 25.6, 25.6, 25.6, 25.6, 25.6, 25.6, 25.56, 25.57, 25.58, 25.56, 25.54, 25.52, 25.42, 25.4, 25.39, 25.38, 25.38, 25.37], [25.6, 25.6, 25.6, 25.6, 25.6, 25.6, 25.6, 25.6, 25.56, 25.56, 25.56, 25.55, 25.54, 25.53, 25.43, 25.41, 25.4, 25.39, 25.38, 25.38], [25.6, 25.6, 25.6, 25.6, 25.6, 25.6, 25.6, 25.55, 25.55, 25.55, 25.55, 25.55, 25.54, 25.52, 25.43, 25.42, 25.41, 25.4, 25.39, 25.39]]}