gis_exercise/awsData/contour/temp_2023090310.json
{"header": {"refTime": "2023-09-03T10:00:00.000Z", "nx": 21, "ny": 33, "lo1": 113.509, "la1": 22.2235, "lo2": 113.5947, "la2": 22.1034, "dx": 0.0042850000000001385, "dy": 0.003753125000000024, "parameterCategory": 0, "parameterCategoryName": "Temperature", "parameterNumber": 0}, "z": [[28.68, 28.7, 28.72, 28.66, 28.69, 28.99, 29.02, 29.06, 29.08, 29.09, 29.07, 29.05, 29.16, 29.15, 28.96, 28.91, 28.71, 28.69, 28.66, 28.65], [28.67, 28.69, 28.7, 28.73, 28.69, 28.74, 29.03, 29.09, 29.13, 29.12, 29.08, 29.06, 29.16, 29.15, 28.96, 28.74, 28.7, 28.67, 28.64, 28.63], [28.66, 28.67, 28.69, 28.71, 28.67, 28.72, 28.81, 29.12, 29.26, 29.14, 29.08, 29.06, 29.16, 29.15, 28.81, 28.74, 28.68, 28.64, 28.61, 28.6], [28.65, 28.65, 28.67, 28.68, 28.71, 28.67, 28.75, 28.87, 28.98, 29.09, 29.05, 29.07, 29.18, 28.95, 28.82, 28.72, 28.64, 28.59, 28.57, 28.57], [28.63, 28.63, 28.64, 28.65, 28.66, 28.6, 28.63, 28.67, 28.69, 28.98, 28.98, 28.97, 29.16, 28.99, 28.81, 28.68, 28.58, 28.52, 28.52, 28.53], [28.62, 28.61, 28.61, 28.61, 28.61, 28.6, 28.51, 28.5, 28.48, 28.46, 28.71, 28.87, 29.02, 29.1, 28.77, 28.61, 28.47, 28.41, 28.44, 28.49], [28.32, 28.59, 28.59, 28.58, 28.56, 28.54, 28.23, 28.35, 28.31, 28.26, 28.31, 28.69, 28.96, 28.99, 28.7, 28.54, 28.33, 28.25, 28.32, 28.4], [28.33, 28.33, 28.33, 28.33, 28.32, 28.27, 28.24, 28.18, 28.15, 28.25, 28.25, 28.55, 28.55, 29.0, 28.32, 28.39, 28.26, 28.21, 28.28, 28.33], [28.27, 28.28, 28.35, 28.35, 28.36, 28.34, 28.29, 28.22, 28.13, 28.27, 28.39, 28.47, 28.5, 28.45, 28.34, 28.41, 28.34, 28.3, 28.32, 28.35], [28.5, 28.5, 28.5, 28.31, 28.34, 28.41, 28.36, 28.29, 28.16, 28.15, 28.5, 28.42, 28.45, 28.43, 28.34, 28.44, 28.39, 28.36, 28.36, 28.37], [28.5, 28.5, 28.5, 28.5, 28.5, 28.5, 28.5, 28.5, 28.36, 28.13, 28.2, 28.39, 28.41, 28.41, 28.33, 28.46, 28.42, 28.4, 28.4, 28.4], [28.5, 28.5, 28.5, 28.5, 28.5, 28.5, 28.5, 28.5, 28.5, -999.0, 28.2, 28.7, 28.7, 28.4, 28.33, 28.48, 28.46, 27.87, 27.88, 27.88], [28.5, 28.5, 28.5, 28.5, 28.5, 28.5, 28.5, 28.5, 28.5, 28.5, -999.0, 28.7, 28.7, 28.05, 28.33, 27.95, 27.96, 27.91, 27.92, 27.92], [28.5, 28.5, 28.5, 28.5, 28.5, 28.5, 28.5, 28.5, 28.5, 28.5, -999.0, 27.7, 27.7, 27.7, 28.25, 27.92, 27.93, 27.88, 27.89, 27.9], [28.5, 28.5, 28.5, 28.5, 28.5, 28.5, 28.5, 28.8, 28.8, 28.8, 28.8, 28.38, 27.7, 27.7, 27.7, 27.88, 27.9, 27.85, 27.86, 27.88], [28.5, 28.5, 28.69, 28.69, 28.7, 28.8, 28.8, 28.8, 28.8, 28.8, 28.11, 28.19, 28.08, 27.99, 28.09, 27.88, 27.91, 27.86, 27.94, 27.96], [28.69, 28.69, 28.61, 28.61, 28.8, 28.8, 28.8, 28.8, 28.8, 28.8, 28.33, 28.19, 28.05, 27.91, 27.89, 28.12, 28.26, 28.38, 28.47, 28.53], [28.61, 28.61, 28.62, 28.62, 28.8, 28.8, 28.8, 28.8, 28.8, 28.52, 28.37, 28.21, 28.04, 27.9, 27.73, 28.07, 28.28, 28.41, 28.5, 28.57], [28.61, 28.62, 28.62, 28.8, 28.8, 28.8, 28.8, 28.8, 28.7, 28.59, 28.65, 28.52, 28.09, 27.96, 28.04, 28.18, 28.36, 28.48, 28.56, 28.62], [28.62, 28.62, 29.31, 29.29, 29.26, 29.21, 29.14, 28.95, 28.8, 28.77, 28.7, 28.59, 28.14, 28.05, 28.3, 28.38, 28.49, 28.58, 28.64, 28.68], [29.35, 29.34, 29.32, 29.17, 29.15, 29.13, 29.09, 29.06, 28.84, 28.82, 28.77, 28.69, 28.18, 28.47, 28.5, 28.56, 28.63, 28.69, 28.73, 28.75], [29.22, 29.22, 29.21, 29.2, 29.2, 29.19, 29.18, 29.2, 28.93, 28.92, 28.87, 28.8, 28.51, 28.6, 28.64, 28.69, 28.74, 28.79, 28.82, 28.83], [29.24, 29.24, 29.24, 29.25, 29.26, 29.26, 29.27, 29.3, 29.32, 29.34, 29.34, 29.04, 29.32, 28.69, 28.74, 28.77, 28.76, 28.87, 28.93, 28.91], [29.27, 29.27, 29.27, 29.28, 29.29, 29.31, 29.33, 29.38, 29.43, 29.46, 29.43, 29.23, 29.34, 29.26, 29.18, 28.84, 28.58, 29.09, 29.07, 28.99], [29.28, 29.28, 29.29, 29.3, 29.31, 29.34, 29.37, 29.43, 29.52, 29.6, 29.5, 29.27, 29.13, 29.29, 29.23, 29.19, 29.21, 29.47, 29.16, 29.03], [29.29, 29.29, 29.3, 29.31, 29.33, 29.35, 29.39, 29.44, 29.53, 29.59, 29.42, 29.28, 29.16, 29.31, 29.27, 29.21, 29.29, 29.35, 29.12, 29.03], [29.29, 29.3, 29.31, 29.32, 29.34, 29.36, 29.39, 29.42, 29.46, 29.47, 29.35, 29.27, 29.18, 29.21, 29.21, 29.23, 29.26, 29.28, 29.27, 29.25], [29.3, 29.31, 29.32, 29.33, 29.34, 29.36, 29.38, 29.39, 29.4, 29.33, 29.3, 29.54, 29.59, 29.65, 29.22, 29.23, 29.24, 29.25, 29.25, 29.24], [29.3, 29.31, 29.32, 29.33, 29.34, 29.35, 29.36, 29.37, 29.37, 29.3, 29.37, 29.48, 29.56, 29.62, 29.23, 29.23, 29.24, 29.24, 29.24, 29.24], [29.31, 29.31, 29.32, 29.33, 29.34, 29.35, 29.35, 29.36, 29.5, 29.44, 29.4, 29.47, 29.55, 29.61, 29.23, 29.23, 29.23, 29.23, 29.23, 29.23], [29.31, 29.31, 29.32, 29.33, 29.33, 29.34, 29.35, 29.35, 29.52, 29.49, 29.48, 29.51, 29.56, 29.6, 29.23, 29.23, 29.23, 29.23, 29.23, 29.23], [29.31, 29.31, 29.32, 29.33, 29.33, 29.34, 29.34, 29.56, 29.54, 29.52, 29.52, 29.54, 29.57, 29.61, 29.23, 29.23, 29.23, 29.23, 29.23, 29.22]]}