gis_exercise/awsData/contour/temp_2023091208.json
{"header": {"refTime": "2023-09-12T08:00:00.000Z", "nx": 21, "ny": 33, "lo1": 113.509, "la1": 22.2235, "lo2": 113.5947, "la2": 22.1034, "dx": 0.0042850000000001385, "dy": 0.003753125000000024, "parameterCategory": 0, "parameterCategoryName": "Temperature", "parameterNumber": 0}, "z": [[26.98, 26.98, 26.99, 26.84, 26.86, 27.09, 27.1, 27.12, 27.14, 27.16, 27.16, 27.17, 27.32, 27.33, 27.21, 27.19, 27.17, 27.15, 27.14, 27.13], [26.98, 26.98, 26.98, 26.99, 26.85, 26.88, 27.1, 27.13, 27.15, 27.17, 27.17, 27.18, 27.33, 27.34, 27.22, 27.19, 27.16, 27.14, 27.13, 27.12], [26.98, 26.98, 26.98, 26.98, 26.84, 26.87, 26.92, 27.13, 27.19, 27.17, 27.17, 27.2, 27.35, 27.35, 27.23, 27.19, 27.15, 27.13, 27.11, 27.11], [26.97, 26.97, 26.97, 26.97, 26.97, 26.85, 26.89, 26.95, 27.02, 27.15, 27.17, 27.23, 27.38, 27.25, 27.23, 27.17, 27.13, 27.1, 27.09, 27.09], [26.97, 26.97, 26.97, 26.96, 26.96, 26.8, 26.82, 26.84, 26.85, 27.11, 27.15, 27.27, 27.4, 27.28, 27.23, 27.15, 27.09, 27.06, 27.05, 27.06], [26.97, 26.97, 26.97, 26.96, 26.94, 26.92, 26.75, 26.74, 26.73, 26.73, 27.07, 27.2, 27.31, 27.4, 27.2, 27.11, 27.03, 26.99, 27.01, 27.04], [26.89, 26.97, 26.97, 26.96, 26.94, 26.91, 26.7, 26.65, 26.64, 26.68, 26.73, 27.08, 27.33, 27.35, 27.17, 27.07, 26.94, 26.89, 26.93, 26.97], [26.9, 26.9, 26.91, 26.9, 26.89, 26.79, 26.72, 26.62, 26.55, 26.67, 26.66, 27.02, 27.02, 27.35, 26.95, 26.99, 26.9, 26.87, 26.92, 26.96], [26.8, 26.81, 26.93, 26.94, 26.95, 26.92, 26.84, 26.69, 26.53, 26.69, 26.83, 26.92, 26.96, 26.9, 26.96, 27.01, 26.96, 26.94, 26.95, 26.97], [27.2, 27.2, 27.2, 26.87, 26.92, 27.04, 26.96, 26.84, 26.56, 26.55, 26.96, 26.86, 26.9, 26.88, 26.96, 27.03, 26.99, 26.98, 26.98, 26.98], [27.2, 27.2, 27.2, 27.2, 27.2, 27.2, 27.2, 27.2, 26.95, 26.53, 26.6, 26.83, 26.86, 26.86, 26.96, 27.04, 27.01, 27.0, 27.0, 27.0], [27.2, 27.2, 27.2, 27.2, 27.2, 27.2, 27.2, 27.2, 27.2, -999.0, 26.6, 27.2, 27.2, 26.84, 26.95, 27.05, 27.04, 26.4, 26.41, 26.41], [27.2, 27.2, 27.2, 27.2, 27.2, 27.2, 27.2, 27.2, 27.2, 27.2, -999.0, 27.2, 27.2, 26.48, 26.8, 26.55, 26.55, 26.46, 26.48, 26.48], [27.2, 27.2, 27.2, 27.2, 27.2, 27.2, 27.2, 27.2, 27.2, 27.2, -999.0, 26.1, 26.1, 26.1, 26.7, 26.49, 26.5, 26.41, 26.43, 26.44], [27.2, 27.2, 27.2, 27.2, 27.2, 27.2, 27.2, 27.2, 27.2, 27.2, 27.2, 26.78, 26.1, 26.1, 26.1, 26.42, 26.44, 26.36, 26.39, 26.41], [27.2, 27.2, 27.2, 27.2, 27.2, 27.2, 27.2, 27.2, 27.2, 27.2, 26.51, 26.59, 26.48, 26.39, 26.49, 26.36, 26.4, 26.33, 26.47, 26.5], [27.2, 27.2, 27.2, 27.2, 27.2, 27.2, 27.2, 27.2, 27.2, 27.2, 26.73, 26.59, 26.45, 26.31, 26.31, 26.38, 26.48, 26.55, 26.61, 26.65], [27.2, 27.2, 27.2, 27.2, 27.2, 27.2, 27.2, 27.2, 27.2, 26.92, 26.77, 26.61, 26.44, 26.32, 26.13, 26.35, 26.49, 26.58, 26.64, 26.67], [27.2, 27.2, 27.2, 27.2, 27.2, 27.2, 27.2, 27.2, 27.1, 26.99, 26.88, 26.75, 26.53, 26.39, 26.33, 26.43, 26.54, 26.62, 26.68, 26.71], [27.2, 27.2, 27.2, 27.2, 27.2, 27.2, 27.2, 27.2, 27.1, 27.01, 26.9, 26.79, 26.58, 26.5, 26.51, 26.56, 26.64, 26.69, 26.73, 26.75], [27.2, 27.2, 27.2, 27.2, 27.2, 27.2, 27.2, 27.2, 27.03, 26.98, 26.91, 26.83, 26.63, 26.62, 26.64, 26.69, 26.74, 26.77, 26.79, 26.8], [27.2, 27.2, 27.2, 27.2, 27.2, 27.2, 27.2, 27.18, 27.01, 26.98, 26.93, 26.87, 26.68, 26.71, 26.74, 26.79, 26.83, 26.85, 26.85, 26.85], [27.2, 27.2, 27.2, 27.17, 27.18, 27.18, 27.18, 27.18, 27.18, 27.18, 27.18, 27.09, 27.1, 26.77, 26.81, 26.86, 26.89, 26.91, 26.91, 26.89], [27.17, 27.17, 27.17, 27.17, 27.17, 27.18, 27.18, 27.18, 27.18, 27.18, 27.18, 27.08, 27.1, 27.08, 27.06, 26.91, 26.88, 27.0, 26.97, 26.92], [27.17, 27.17, 27.17, 27.17, 27.17, 27.17, 27.17, 27.18, 27.18, 27.19, 27.18, 27.09, 27.05, 27.09, 27.07, 27.06, 27.03, 27.11, 27.0, 26.94], [27.17, 27.17, 27.17, 27.17, 27.17, 27.17, 27.17, 27.17, 27.18, 27.19, 27.13, 27.09, 27.06, 27.09, 27.08, 27.07, 27.09, 27.1, 26.98, 26.94], [27.17, 27.17, 27.17, 27.17, 27.17, 27.17, 27.17, 27.17, 27.17, 27.17, 27.11, 27.09, 27.06, 27.07, 27.07, 27.07, 27.08, 27.09, 27.08, 27.08], [27.17, 27.17, 27.17, 27.16, 27.16, 27.16, 27.16, 27.16, 27.15, 27.1, 27.1, 27.16, 27.17, 27.19, 27.07, 27.07, 27.08, 27.08, 27.08, 27.08], [27.16, 27.16, 27.16, 27.16, 27.16, 27.16, 27.16, 27.15, 27.14, 27.1, 27.12, 27.14, 27.16, 27.18, 27.07, 27.07, 27.08, 27.08, 27.08, 27.08], [27.16, 27.16, 27.16, 27.16, 27.16, 27.16, 27.15, 27.15, 27.15, 27.13, 27.13, 27.14, 27.16, 27.18, 27.08, 27.07, 27.07, 27.07, 27.07, 27.07], [27.16, 27.16, 27.16, 27.16, 27.16, 27.16, 27.15, 27.15, 27.15, 27.15, 27.14, 27.15, 27.16, 27.18, 27.08, 27.08, 27.07, 27.07, 27.07, 27.07], [27.16, 27.16, 27.16, 27.16, 27.16, 27.15, 27.15, 27.16, 27.16, 27.16, 27.16, 27.16, 27.17, 27.18, 27.08, 27.08, 27.07, 27.07, 27.07, 27.07]]}