gis_exercise/awsData/contour/temp_2023083123.json
{"header": {"refTime": "2023-08-31T23:00:00.000Z", "nx": 21, "ny": 33, "lo1": 113.509, "la1": 22.2235, "lo2": 113.5947, "la2": 22.1034, "dx": 0.0042850000000001385, "dy": 0.003753125000000024, "parameterCategory": 0, "parameterCategoryName": "Temperature", "parameterNumber": 0}, "z": [[27.13, 27.11, 27.08, 26.85, 26.82, 27.19, 27.14, 27.09, 27.09, 27.14, 27.28, 27.42, 27.79, 27.86, 27.88, 27.9, 28.39, 28.37, 28.36, 28.35], [27.15, 27.12, 27.1, 27.06, 26.83, 26.79, 27.08, 26.97, 26.9, 27.03, 27.27, 27.48, 27.86, 27.94, 27.94, 28.41, 28.39, 28.37, 28.35, 28.35], [27.17, 27.15, 27.12, 27.08, 26.84, 26.81, 26.74, 26.86, 26.52, 26.94, 27.32, 27.6, 28.0, 28.05, 28.45, 28.41, 28.38, 28.35, 28.34, 28.33], [27.19, 27.17, 27.15, 27.12, 27.07, 26.84, 26.79, 26.7, 26.62, 27.08, 27.45, 27.81, 28.22, 28.33, 28.46, 28.4, 28.36, 28.33, 28.32, 28.32], [27.22, 27.21, 27.19, 27.17, 27.13, 26.89, 26.87, 26.84, 26.83, 27.29, 27.59, 28.35, 28.61, 28.39, 28.45, 28.38, 28.32, 28.3, 28.29, 28.3], [27.25, 27.25, 27.24, 27.22, 27.2, 27.17, 26.96, 26.97, 26.98, 26.98, 27.98, 28.22, 28.43, 28.6, 28.42, 28.34, 28.27, 28.24, 28.26, 28.27], [27.63, 27.29, 27.29, 27.29, 27.28, 27.26, 27.4, 27.08, 27.11, 27.38, 27.42, 28.0, 28.46, 28.49, 28.37, 28.3, 28.2, 28.17, 28.23, 28.27], [27.64, 27.65, 27.65, 27.64, 27.63, 27.48, 27.42, 27.35, 27.33, 27.35, 27.25, 27.86, 27.87, 28.5, 28.14, 28.15, 28.13, 28.12, 28.13, 28.14], [27.56, 27.57, 27.67, 27.68, 27.68, 27.66, 27.59, 27.4, 27.24, 27.41, 27.52, 27.68, 27.76, 27.66, 28.14, 28.15, 28.14, 28.13, 28.14, 28.14], [27.9, 27.9, 27.9, 27.62, 27.66, 27.76, 27.69, 27.59, 27.19, 27.2, 27.77, 27.58, 27.64, 27.62, 28.14, 28.16, 28.15, 28.14, 28.14, 28.15], [27.9, 27.9, 27.9, 27.9, 27.9, 27.9, 27.9, 27.9, 27.69, 27.23, 27.1, 27.52, 27.57, 27.57, 28.14, 28.16, 28.15, 28.15, 28.15, 28.15], [27.9, 27.9, 27.9, 27.9, 27.9, 27.9, 27.9, 27.9, 27.9, -999.0, 27.1, 28.2, 28.2, 27.54, 28.14, 28.16, 28.16, 26.85, 26.88, 26.89], [27.9, 27.9, 27.9, 27.9, 27.9, 27.9, 27.9, 27.9, 27.9, 27.9, -999.0, 28.2, 28.2, 26.7, 27.36, 27.3, 27.32, 27.04, 27.08, 27.11], [27.9, 27.9, 27.9, 27.9, 27.9, 27.9, 27.9, 27.9, 27.9, 27.9, -999.0, 25.9, 25.9, 25.9, 27.16, 27.12, 27.15, 26.87, 26.93, 26.98], [27.9, 27.9, 27.9, 27.9, 27.9, 27.9, 27.9, 27.4, 27.4, 27.4, 27.4, 26.82, 25.9, 25.9, 25.9, 26.91, 26.97, 26.72, 26.8, 26.86], [27.9, 27.9, 27.59, 27.58, 27.57, 27.4, 27.4, 27.4, 27.4, 27.4, 26.46, 26.56, 26.42, 26.3, 26.43, 26.78, 26.91, 26.68, 27.13, 27.21], [27.58, 27.58, 27.72, 27.72, 27.4, 27.4, 27.4, 27.4, 27.4, 27.4, 26.75, 26.57, 26.37, 26.19, 26.35, 26.32, 26.46, 26.57, 26.65, 26.71], [27.72, 27.72, 27.71, 27.69, 27.4, 27.4, 27.4, 27.4, 27.4, 27.02, 26.82, 26.59, 26.36, 26.35, 25.97, 26.27, 26.48, 26.61, 26.69, 26.74], [27.71, 27.7, 27.69, 27.4, 27.4, 27.4, 27.4, 27.4, 27.27, 27.11, 27.02, 26.84, 26.75, 26.51, 26.24, 26.4, 26.57, 26.69, 26.76, 26.8], [27.7, 27.7, 27.57, 27.56, 27.55, 27.54, 27.51, 27.45, 27.29, 27.19, 27.06, 26.91, 26.88, 26.77, 26.52, 26.61, 26.73, 26.8, 26.84, 26.86], [27.58, 27.58, 27.57, 27.52, 27.52, 27.51, 27.5, 27.49, 27.24, 27.18, 27.1, 26.98, 27.02, 26.7, 26.75, 26.83, 26.91, 26.94, 26.94, 26.92], [27.54, 27.54, 27.54, 27.53, 27.53, 27.53, 27.53, 27.63, 27.25, 27.21, 27.15, 27.06, 27.25, 26.84, 26.92, 27.02, 27.1, 27.09, 27.03, 26.98], [27.55, 27.55, 27.55, 27.69, 27.68, 27.68, 27.67, 27.67, 27.68, 27.68, 27.69, 27.77, 27.46, 26.94, 27.04, 27.19, 27.36, 27.24, 27.08, 27.01], [27.71, 27.71, 27.71, 27.7, 27.7, 27.7, 27.7, 27.7, 27.71, 27.71, 27.72, 27.95, 27.46, 27.43, 27.41, 27.25, 27.78, 27.15, 27.04, 27.0], [27.72, 27.72, 27.72, 27.72, 27.72, 27.72, 27.73, 27.73, 27.72, 27.72, 27.74, 27.94, 27.99, 27.41, 27.37, 27.33, 27.01, 26.76, 26.95, 26.98], [27.73, 27.73, 27.73, 27.74, 27.74, 27.75, 27.75, 27.75, 27.74, 27.73, 27.87, 27.94, 28.0, 27.4, 27.35, 27.34, 27.2, 27.13, 26.95, 26.96], [27.74, 27.74, 27.75, 27.75, 27.76, 27.77, 27.78, 27.78, 27.79, 27.8, 27.94, 27.97, 28.01, 27.55, 27.46, 27.38, 27.29, 27.25, 27.26, 27.3], [27.75, 27.75, 27.76, 27.76, 27.77, 27.79, 27.8, 27.82, 27.85, 27.98, 28.01, 27.7, 27.57, 27.43, 27.5, 27.43, 27.37, 27.33, 27.33, 27.34], [27.75, 27.76, 27.77, 27.78, 27.79, 27.8, 27.82, 27.85, 27.9, 28.04, 27.99, 27.79, 27.63, 27.48, 27.55, 27.48, 27.42, 27.39, 27.38, 27.37], [27.76, 27.77, 27.78, 27.78, 27.8, 27.81, 27.83, 27.87, 27.77, 27.87, 27.93, 27.79, 27.65, 27.52, 27.58, 27.51, 27.47, 27.43, 27.42, 27.41], [27.77, 27.77, 27.78, 27.79, 27.8, 27.82, 27.84, 27.87, 27.73, 27.78, 27.79, 27.73, 27.63, 27.52, 27.6, 27.54, 27.5, 27.47, 27.45, 27.44], [27.77, 27.78, 27.79, 27.8, 27.81, 27.82, 27.84, 27.66, 27.69, 27.71, 27.7, 27.66, 27.59, 27.52, 27.61, 27.56, 27.52, 27.49, 27.47, 27.46]]}