gis_exercise/awsData/contour/temp_2023090820.json
{"header": {"refTime": "2023-09-08T20:00:00.000Z", "nx": 21, "ny": 33, "lo1": 113.509, "la1": 22.2235, "lo2": 113.5947, "la2": 22.1034, "dx": 0.0042850000000001385, "dy": 0.003753125000000024, "parameterCategory": 0, "parameterCategoryName": "Temperature", "parameterNumber": 0}, "z": [[25.63, 25.62, 25.62, 25.39, 25.4, 25.59, 25.6, 25.6, 25.61, 25.53, 25.53, 25.54, 25.73, 25.73, 25.74, 25.74, 25.8, 25.8, 25.8, 25.8], [25.63, 25.63, 25.62, 25.62, 25.4, 25.41, 25.59, 25.6, 25.6, 25.54, 25.54, 25.54, 25.73, 25.74, 25.75, 25.8, 25.8, 25.8, 25.8, 25.8], [25.63, 25.63, 25.62, 25.62, 25.39, 25.41, 25.44, 25.6, 25.6, 25.55, 25.54, 25.56, 25.74, 25.75, 25.8, 25.8, 25.8, 25.8, 25.8, 25.8], [25.64, 25.63, 25.63, 25.62, 25.61, 25.4, 25.42, 25.46, 25.49, 25.53, 25.54, 25.58, 25.76, 25.64, 25.8, 25.8, 25.8, 25.8, 25.8, 25.8], [25.64, 25.64, 25.63, 25.63, 25.61, 25.38, 25.39, 25.4, 25.4, 25.48, 25.51, 25.64, 25.74, 25.67, 25.8, 25.8, 25.8, 25.8, 25.8, 25.8], [25.65, 25.64, 25.64, 25.63, 25.62, 25.6, 25.36, 25.36, 25.34, 25.3, 25.49, 25.6, 25.68, 25.8, 25.8, 25.8, 25.8, 25.8, 25.8, 25.8], [25.68, 25.65, 25.65, 25.65, 25.63, 25.61, 25.42, 25.34, 25.32, 25.29, 25.28, 25.54, 25.8, 25.8, 25.8, 25.8, 25.8, 25.8, 25.8, 25.8], [25.69, 25.69, 25.69, 25.69, 25.68, 25.5, 25.45, 25.4, 25.38, 25.26, 25.13, 25.55, 25.56, 25.8, 25.8, 25.8, 25.8, 25.8, 25.8, 25.8], [25.61, 25.62, 25.71, 25.72, 25.72, 25.7, 25.64, 25.43, 25.27, 25.32, 25.31, 25.43, 25.48, 25.41, 25.8, 25.8, 25.8, 25.8, 25.8, 25.8], [25.9, 25.9, 25.9, 25.67, 25.7, 25.79, 25.73, 25.64, 25.17, 25.19, 25.49, 25.35, 25.4, 25.37, 25.8, 25.8, 25.8, 25.8, 25.8, 25.8], [25.9, 25.9, 25.9, 25.9, 25.9, 25.9, 25.9, 25.9, 25.72, 25.26, 25.0, 25.3, 25.34, 25.34, 25.8, 25.8, 25.8, 25.8, 25.8, 25.8], [25.9, 25.9, 25.9, 25.9, 25.9, 25.9, 25.9, 25.9, 25.9, -999.0, 25.0, 25.8, 25.8, 25.32, 25.8, 25.8, 25.8, 25.12, 25.13, 25.14], [25.9, 25.9, 25.9, 25.9, 25.9, 25.9, 25.9, 25.9, 25.9, 25.9, -999.0, 25.8, 25.8, 25.02, 25.36, 25.36, 25.37, 25.22, 25.25, 25.26], [25.9, 25.9, 25.9, 25.9, 25.9, 25.9, 25.9, 25.9, 25.9, 25.9, -999.0, 24.6, 24.6, 24.6, 25.26, 25.26, 25.28, 25.13, 25.16, 25.19], [25.9, 25.9, 25.9, 25.9, 25.9, 25.9, 25.9, 25.6, 25.6, 25.6, 25.6, 25.22, 24.6, 24.6, 24.6, 25.15, 25.19, 25.05, 25.09, 25.13], [25.9, 25.9, 25.71, 25.71, 25.7, 25.6, 25.6, 25.6, 25.6, 25.6, 24.97, 25.04, 24.95, 24.86, 24.96, 24.82, 24.85, 24.79, 25.07, 25.11], [25.71, 25.71, 25.79, 25.79, 25.6, 25.6, 25.6, 25.6, 25.6, 25.6, 25.17, 25.05, 24.92, 24.8, 24.79, 24.75, 24.8, 24.84, 24.87, 24.89], [25.79, 25.79, 25.78, 25.78, 25.6, 25.6, 25.6, 25.6, 25.6, 25.35, 25.21, 25.06, 24.91, 24.8, 24.63, 24.73, 24.81, 24.86, 24.89, 24.91], [25.79, 25.78, 25.78, 25.6, 25.6, 25.6, 25.6, 25.6, 25.51, 25.41, 25.27, 25.15, 24.98, 24.86, 24.72, 24.78, 24.84, 24.88, 24.91, 24.93], [25.78, 25.78, 25.49, 25.49, 25.5, 25.51, 25.53, 25.57, 25.48, 25.39, 25.29, 25.18, 25.03, 24.95, 24.82, 24.85, 24.89, 24.92, 24.94, 24.95], [25.48, 25.48, 25.48, 25.52, 25.52, 25.53, 25.53, 25.54, 25.4, 25.35, 25.28, 25.21, 25.08, 24.88, 24.9, 24.92, 24.95, 24.97, 24.97, 24.97], [25.51, 25.51, 25.51, 25.51, 25.51, 25.51, 25.52, 25.51, 25.35, 25.33, 25.28, 25.23, 25.05, 24.93, 24.96, 24.99, 25.01, 25.01, 25.01, 25.0], [25.5, 25.5, 25.5, 25.5, 25.5, 25.5, 25.5, 25.49, 25.49, 25.48, 25.48, 25.41, 25.21, 24.97, 25.0, 25.03, 25.07, 25.06, 25.03, 25.01], [25.5, 25.5, 25.5, 25.5, 25.49, 25.49, 25.48, 25.47, 25.46, 25.46, 25.46, 25.38, 25.22, 25.19, 25.16, 25.06, 25.14, 25.07, 25.04, 25.02], [25.5, 25.5, 25.49, 25.49, 25.49, 25.48, 25.48, 25.46, 25.44, 25.42, 25.45, 25.38, 25.37, 25.19, 25.16, 25.14, 25.06, 25.04, 25.04, 25.02], [25.5, 25.49, 25.49, 25.49, 25.49, 25.48, 25.47, 25.46, 25.44, 25.43, 25.4, 25.39, 25.38, 25.19, 25.17, 25.16, 25.13, 25.12, 25.03, 25.02], [25.49, 25.49, 25.49, 25.49, 25.48, 25.48, 25.47, 25.47, 25.46, 25.46, 25.41, 25.41, 25.39, 25.24, 25.21, 25.18, 25.16, 25.15, 25.15, 25.16], [25.49, 25.49, 25.49, 25.49, 25.48, 25.48, 25.48, 25.47, 25.47, 25.44, 25.44, 25.4, 25.36, 25.32, 25.23, 25.2, 25.18, 25.17, 25.17, 25.17], [25.49, 25.49, 25.49, 25.49, 25.48, 25.48, 25.48, 25.48, 25.48, 25.46, 25.47, 25.42, 25.38, 25.34, 25.25, 25.22, 25.2, 25.19, 25.18, 25.18], [25.49, 25.49, 25.49, 25.49, 25.49, 25.48, 25.48, 25.48, 25.41, 25.44, 25.46, 25.42, 25.38, 25.35, 25.26, 25.24, 25.22, 25.2, 25.2, 25.19], [25.49, 25.49, 25.49, 25.49, 25.49, 25.48, 25.48, 25.48, 25.4, 25.42, 25.42, 25.4, 25.38, 25.35, 25.27, 25.25, 25.23, 25.22, 25.21, 25.2], [25.49, 25.49, 25.49, 25.49, 25.49, 25.49, 25.49, 25.39, 25.39, 25.4, 25.4, 25.39, 25.37, 25.35, 25.27, 25.25, 25.24, 25.23, 25.22, 25.21]]}