gis_exercise/awsData/contour/temp_2023090916.json
{"header": {"refTime": "2023-09-09T16:00:00.000Z", "nx": 21, "ny": 33, "lo1": 113.509, "la1": 22.2235, "lo2": 113.5947, "la2": 22.1034, "dx": 0.0042850000000001385, "dy": 0.003753125000000024, "parameterCategory": 0, "parameterCategoryName": "Temperature", "parameterNumber": 0}, "z": [[26.14, 26.13, 26.12, 25.83, 25.83, 26.09, 26.08, 26.07, 26.07, 25.95, 25.98, 26.0, 26.26, 26.28, 26.26, 26.27, 26.4, 26.4, 26.39, 26.39], [26.15, 26.14, 26.13, 26.11, 25.84, 25.84, 26.06, 26.04, 26.02, 25.95, 25.98, 26.02, 26.28, 26.3, 26.28, 26.41, 26.4, 26.39, 26.39, 26.39], [26.15, 26.15, 26.14, 26.12, 25.84, 25.84, 25.85, 26.01, 25.93, 25.94, 25.99, 26.05, 26.31, 26.33, 26.42, 26.41, 26.4, 26.39, 26.39, 26.38], [26.16, 26.16, 26.15, 26.14, 26.12, 25.84, 25.85, 25.86, 25.86, 25.94, 26.01, 26.11, 26.37, 26.26, 26.42, 26.4, 26.39, 26.38, 26.38, 26.38], [26.18, 26.17, 26.16, 26.15, 26.14, 25.84, 25.85, 25.85, 25.83, 25.93, 26.0, 26.27, 26.4, 26.29, 26.42, 26.4, 26.38, 26.37, 26.37, 26.37], [26.19, 26.19, 26.18, 26.17, 26.16, 26.15, 25.86, 25.85, 25.83, 25.77, 26.05, 26.2, 26.32, 26.47, 26.41, 26.39, 26.36, 26.35, 26.36, 26.36], [26.32, 26.2, 26.2, 26.2, 26.19, 26.18, 26.02, 25.9, 25.87, 25.84, 25.79, 26.1, 26.44, 26.45, 26.4, 26.37, 26.34, 26.33, 26.34, 26.35], [26.33, 26.33, 26.33, 26.33, 26.32, 26.09, 26.06, 26.03, 26.04, 25.79, 25.57, 26.09, 26.1, 26.45, 26.34, 26.35, 26.33, 26.32, 26.33, 26.34], [26.27, 26.28, 26.35, 26.35, 26.36, 26.34, 26.29, 26.04, 25.88, 25.87, 25.78, 25.93, 26.0, 25.91, 26.34, 26.35, 26.34, 26.33, 26.34, 26.34], [26.5, 26.5, 26.5, 26.31, 26.34, 26.41, 26.36, 26.29, 25.7, 25.74, 26.01, 25.84, 25.89, 25.87, 26.34, 26.36, 26.35, 26.34, 26.34, 26.35], [26.5, 26.5, 26.5, 26.5, 26.5, 26.5, 26.5, 26.5, 26.36, 25.86, 25.4, 25.78, 25.83, 25.83, 26.34, 26.36, 26.35, 26.35, 26.35, 26.35], [26.5, 26.5, 26.5, 26.5, 26.5, 26.5, 26.5, 26.5, 26.5, -999.0, 25.4, 26.4, 26.4, 25.8, 26.34, 26.36, 26.36, 25.73, 25.75, 25.75], [26.5, 26.5, 26.5, 26.5, 26.5, 26.5, 26.5, 26.5, 26.5, 26.5, -999.0, 26.4, 26.4, 25.68, 26.0, 25.94, 25.94, 25.82, 25.84, 25.85], [26.5, 26.5, 26.5, 26.5, 26.5, 26.5, 26.5, 26.5, 26.5, 26.5, -999.0, 25.3, 25.3, 25.3, 25.9, 25.85, 25.87, 25.74, 25.77, 25.79], [26.5, 26.5, 26.5, 26.5, 26.5, 26.5, 26.5, 26.6, 26.6, 26.6, 26.6, 26.1, 25.3, 25.3, 25.3, 25.76, 25.79, 25.67, 25.71, 25.74], [26.5, 26.5, 26.56, 26.56, 26.57, 26.6, 26.6, 26.6, 26.6, 26.6, 25.78, 25.87, 25.75, 25.64, 25.76, 25.56, 25.6, 25.53, 25.75, 25.78], [26.56, 26.56, 26.54, 26.54, 26.6, 26.6, 26.6, 26.6, 26.6, 26.6, 26.04, 25.88, 25.71, 25.55, 25.53, 25.51, 25.58, 25.64, 25.68, 25.71], [26.54, 26.54, 26.54, 26.54, 26.6, 26.6, 26.6, 26.6, 26.6, 26.27, 26.1, 25.9, 25.7, 25.55, 25.33, 25.48, 25.59, 25.66, 25.7, 25.73], [26.54, 26.54, 26.54, 26.6, 26.6, 26.6, 26.6, 26.6, 26.48, 26.35, 26.23, 26.06, 25.78, 25.62, 25.47, 25.54, 25.63, 25.69, 25.73, 25.75], [26.54, 26.54, 26.6, 26.6, 26.6, 26.6, 26.6, 26.6, 26.48, 26.38, 26.25, 26.11, 25.84, 25.74, 25.61, 25.65, 25.7, 25.75, 25.77, 25.78], [26.6, 26.6, 26.6, 26.6, 26.6, 26.6, 26.6, 26.6, 26.4, 26.35, 26.26, 26.16, 25.9, 25.69, 25.71, 25.74, 25.78, 25.81, 25.82, 25.82], [26.6, 26.6, 26.6, 26.6, 26.6, 26.6, 26.6, 26.65, 26.37, 26.34, 26.29, 26.21, 25.95, 25.76, 25.79, 25.83, 25.86, 25.87, 25.86, 25.85], [26.6, 26.6, 26.6, 26.68, 26.67, 26.67, 26.66, 26.66, 26.66, 26.66, 26.66, 26.44, 26.22, 25.81, 25.84, 25.89, 25.92, 25.92, 25.9, 25.88], [26.69, 26.69, 26.68, 26.68, 26.68, 26.67, 26.67, 26.66, 26.65, 26.65, 26.66, 26.53, 26.24, 26.17, 26.11, 25.92, 25.98, 25.96, 25.93, 25.9], [26.69, 26.69, 26.69, 26.69, 26.68, 26.68, 26.68, 26.67, 26.65, 26.63, 26.66, 26.55, 26.5, 26.18, 26.12, 26.07, 25.96, 25.97, 25.93, 25.9], [26.69, 26.69, 26.69, 26.69, 26.69, 26.69, 26.69, 26.68, 26.66, 26.64, 26.6, 26.58, 26.54, 26.19, 26.13, 26.14, 26.09, 26.08, 25.92, 25.9], [26.7, 26.7, 26.7, 26.7, 26.7, 26.7, 26.7, 26.7, 26.7, 26.7, 26.64, 26.62, 26.58, 26.32, 26.25, 26.19, 26.15, 26.13, 26.13, 26.14], [26.7, 26.7, 26.7, 26.71, 26.71, 26.71, 26.72, 26.73, 26.74, 26.71, 26.72, 26.68, 26.62, 26.55, 26.3, 26.24, 26.2, 26.17, 26.17, 26.17], [26.71, 26.71, 26.71, 26.71, 26.72, 26.72, 26.73, 26.75, 26.77, 26.78, 26.84, 26.73, 26.65, 26.58, 26.34, 26.28, 26.24, 26.21, 26.2, 26.2], [26.71, 26.71, 26.71, 26.72, 26.72, 26.73, 26.74, 26.76, 26.71, 26.77, 26.8, 26.73, 26.66, 26.59, 26.37, 26.31, 26.27, 26.24, 26.23, 26.22], [26.71, 26.71, 26.72, 26.72, 26.73, 26.73, 26.75, 26.76, 26.7, 26.72, 26.73, 26.7, 26.65, 26.6, 26.39, 26.34, 26.3, 26.27, 26.25, 26.24], [26.71, 26.72, 26.72, 26.72, 26.73, 26.74, 26.75, 26.66, 26.67, 26.69, 26.68, 26.66, 26.63, 26.59, 26.4, 26.35, 26.32, 26.29, 26.27, 26.26]]}