gis_exercise/awsData/contour/temp_2023090413.json
{"header": {"refTime": "2023-09-04T13:00:00.000Z", "nx": 21, "ny": 33, "lo1": 113.509, "la1": 22.2235, "lo2": 113.5947, "la2": 22.1034, "dx": 0.0042850000000001385, "dy": 0.003753125000000024, "parameterCategory": 0, "parameterCategoryName": "Temperature", "parameterNumber": 0}, "z": [[33.34, 33.34, 33.35, 33.27, 33.28, 33.45, 33.44, 33.44, 33.44, 33.35, 33.36, 33.36, 33.55, 33.56, 33.4, 33.38, 33.45, 33.44, 33.43, 33.42], [33.34, 33.34, 33.34, 33.35, 33.28, 33.29, 33.44, 33.43, 33.43, 33.36, 33.36, 33.37, 33.56, 33.57, 33.4, 33.46, 33.44, 33.43, 33.42, 33.41], [33.34, 33.34, 33.34, 33.35, 33.28, 33.29, 33.3, 33.43, 33.41, 33.37, 33.36, 33.38, 33.57, 33.57, 33.48, 33.46, 33.43, 33.41, 33.4, 33.4], [33.33, 33.34, 33.34, 33.34, 33.35, 33.28, 33.29, 33.31, 33.33, 33.35, 33.36, 33.4, 33.58, 33.48, 33.49, 33.45, 33.41, 33.39, 33.38, 33.38], [33.33, 33.33, 33.33, 33.34, 33.34, 33.27, 33.28, 33.28, 33.28, 33.31, 33.34, 33.48, 33.55, 33.5, 33.49, 33.43, 33.38, 33.35, 33.35, 33.36], [33.33, 33.33, 33.33, 33.33, 33.34, 33.34, 33.27, 33.27, 33.25, 33.2, 33.36, 33.45, 33.52, 33.63, 33.48, 33.4, 33.32, 33.29, 33.31, 33.33], [33.29, 33.32, 33.32, 33.32, 33.33, 33.34, 33.22, 33.28, 33.26, 33.23, 33.2, 33.41, 33.66, 33.65, 33.47, 33.37, 33.24, 33.19, 33.19, 33.22], [33.29, 33.28, 33.28, 33.29, 33.29, 33.21, 33.23, 33.28, 33.36, 33.2, 33.03, 33.45, 33.46, 33.65, 33.32, 33.39, 33.26, 33.21, 33.28, 33.33], [33.31, 33.31, 33.28, 33.27, 33.27, 33.28, 33.3, 33.24, 33.24, 33.25, 33.21, 33.33, 33.38, 33.31, 33.34, 33.41, 33.34, 33.3, 33.32, 33.35], [33.2, 33.2, 33.2, 33.29, 33.28, 33.25, 33.27, 33.3, 33.12, 33.14, 33.39, 33.25, 33.3, 33.27, 33.34, 33.44, 33.39, 33.36, 33.36, 33.37], [33.2, 33.2, 33.2, 33.2, 33.2, 33.2, 33.2, 33.2, 33.27, 33.23, 32.9, 33.2, 33.24, 33.24, 33.33, 33.46, 33.42, 33.4, 33.4, 33.4], [33.2, 33.2, 33.2, 33.2, 33.2, 33.2, 33.2, 33.2, 33.2, -999.0, 32.9, 33.7, 33.7, 33.22, 33.33, 33.48, 33.46, 33.55, 33.54, 33.54], [33.2, 33.2, 33.2, 33.2, 33.2, 33.2, 33.2, 33.2, 33.2, 33.2, -999.0, 33.7, 33.7, 33.83, 33.77, 33.39, 33.39, 33.48, 33.47, 33.46], [33.2, 33.2, 33.2, 33.2, 33.2, 33.2, 33.2, 33.2, 33.2, 33.2, -999.0, 33.9, 33.9, 33.9, 33.79, 33.46, 33.45, 33.55, 33.52, 33.51], [33.2, 33.2, 33.2, 33.2, 33.2, 33.2, 33.2, 33.8, 33.8, 33.8, 33.8, 33.84, 33.9, 33.9, 33.9, 33.53, 33.51, 33.6, 33.57, 33.55], [33.2, 33.2, 33.58, 33.58, 33.6, 33.8, 33.8, 33.8, 33.8, 33.8, 33.86, 33.86, 33.87, 33.87, 33.86, 33.06, 32.93, 33.15, 33.06, 33.01], [33.59, 33.59, 33.41, 33.42, 33.8, 33.8, 33.8, 33.8, 33.8, 33.8, 33.84, 33.86, 33.87, 33.88, 33.63, 33.46, 33.3, 33.18, 33.1, 33.04], [33.41, 33.42, 33.43, 33.45, 33.8, 33.8, 33.8, 33.8, 33.8, 33.83, 33.84, 33.85, 33.87, 33.64, 33.86, 33.51, 33.28, 33.14, 33.05, 33.0], [33.43, 33.44, 33.45, 33.8, 33.8, 33.8, 33.8, 33.8, 33.81, 33.82, 33.59, 33.59, 33.46, 33.54, 33.54, 33.37, 33.19, 33.06, 32.99, 32.94], [33.43, 33.44, 33.06, 33.09, 33.14, 33.21, 33.32, 33.59, 33.67, 33.59, 33.54, 33.54, 33.36, 33.35, 33.24, 33.14, 33.03, 32.94, 32.9, 32.88], [33.01, 33.03, 33.05, 33.26, 33.29, 33.33, 33.38, 33.43, 33.51, 33.48, 33.46, 33.46, 33.24, 33.06, 33.01, 32.92, 32.84, 32.8, 32.8, 32.81], [33.19, 33.2, 33.21, 33.22, 33.23, 33.24, 33.25, 33.37, 33.35, 33.34, 33.34, 33.36, 32.71, 32.91, 32.83, 32.72, 32.64, 32.65, 32.7, 32.75], [33.17, 33.17, 33.17, 33.35, 33.34, 33.32, 33.29, 33.25, 33.2, 33.17, 33.19, 32.65, 32.44, 32.8, 32.7, 32.55, 32.4, 32.5, 32.64, 32.71], [33.37, 33.36, 33.35, 33.33, 33.31, 33.27, 33.22, 33.14, 33.04, 32.99, 33.06, 32.63, 32.44, 32.43, 32.4, 32.49, 32.03, 32.55, 32.66, 32.7], [33.36, 33.35, 33.34, 33.32, 33.29, 33.25, 33.18, 33.07, 32.88, 32.72, 32.96, 32.68, 32.63, 32.44, 32.43, 32.43, 32.66, 32.86, 32.72, 32.72], [33.36, 33.35, 33.33, 33.31, 33.29, 33.25, 33.19, 33.08, 32.91, 32.77, 32.74, 32.78, 32.72, 32.46, 32.46, 32.7, 32.72, 32.75, 32.74, 32.73], [33.36, 33.35, 33.34, 33.32, 33.3, 33.27, 33.23, 33.18, 33.12, 33.12, 32.94, 32.93, 32.84, 32.97, 32.86, 32.79, 32.76, 32.76, 32.75, 32.75], [33.36, 33.35, 33.34, 33.33, 33.32, 33.3, 33.29, 33.29, 33.32, 33.18, 33.26, 33.4, 33.34, 33.31, 32.95, 32.86, 32.82, 32.8, 32.79, 32.78], [33.36, 33.36, 33.35, 33.34, 33.34, 33.34, 33.35, 33.38, 33.46, 33.46, 33.76, 33.54, 33.42, 33.36, 33.02, 32.93, 32.87, 32.84, 32.82, 32.81], [33.37, 33.36, 33.36, 33.36, 33.36, 33.37, 33.39, 33.43, 33.45, 33.6, 33.69, 33.56, 33.45, 33.38, 33.06, 32.98, 32.92, 32.88, 32.86, 32.84], [33.37, 33.37, 33.37, 33.37, 33.38, 33.39, 33.41, 33.45, 33.44, 33.51, 33.54, 33.5, 33.44, 33.39, 33.09, 33.01, 32.96, 32.92, 32.89, 32.87], [33.38, 33.38, 33.38, 33.38, 33.39, 33.4, 33.42, 33.37, 33.41, 33.45, 33.47, 33.45, 33.41, 33.38, 33.1, 33.04, 32.98, 32.94, 32.92, 32.9]]}