gis_exercise/awsData/contour/temp_2023090515.json
{"header": {"refTime": "2023-09-05T15:00:00.000Z", "nx": 21, "ny": 33, "lo1": 113.509, "la1": 22.2235, "lo2": 113.5947, "la2": 22.1034, "dx": 0.0042850000000001385, "dy": 0.003753125000000024, "parameterCategory": 0, "parameterCategoryName": "Temperature", "parameterNumber": 0}, "z": [[32.5, 32.49, 32.47, 32.12, 32.13, 32.27, 32.27, 32.26, 32.27, 32.22, 32.23, 32.24, 32.25, 32.25, 32.24, 32.22, 32.13, 32.11, 32.1, 32.1], [32.51, 32.49, 32.48, 32.46, 32.13, 32.13, 32.26, 32.25, 32.25, 32.22, 32.23, 32.25, 32.26, 32.26, 32.25, 32.14, 32.12, 32.11, 32.1, 32.09], [32.52, 32.51, 32.49, 32.47, 32.13, 32.13, 32.14, 32.24, 32.21, 32.21, 32.24, 32.27, 32.28, 32.28, 32.18, 32.14, 32.11, 32.1, 32.08, 32.08], [32.53, 32.52, 32.51, 32.48, 32.46, 32.13, 32.14, 32.15, 32.16, 32.21, 32.24, 32.29, 32.32, 32.24, 32.18, 32.14, 32.1, 32.08, 32.07, 32.06], [32.55, 32.54, 32.53, 32.51, 32.48, 32.12, 32.13, 32.13, 32.13, 32.2, 32.24, 32.27, 32.4, 32.27, 32.18, 32.12, 32.07, 32.05, 32.05, 32.05], [32.57, 32.57, 32.56, 32.54, 32.52, 32.48, 32.12, 32.12, 32.11, 32.08, 32.11, 32.19, 32.29, 32.3, 32.15, 32.08, 32.03, 32.01, 32.02, 32.03], [32.75, 32.6, 32.6, 32.59, 32.56, 32.52, 32.37, 32.13, 32.12, 32.0, 31.96, 32.06, 32.16, 32.19, 32.1, 32.05, 31.98, 31.95, 32.01, 32.05], [32.77, 32.78, 32.78, 32.77, 32.75, 32.51, 32.42, 32.29, 32.15, 32.0, 31.92, 31.9, 31.9, 32.2, 31.9, 31.9, 31.9, 31.9, 31.9, 31.9], [32.63, 32.64, 32.82, 32.83, 32.84, 32.8, 32.68, 32.37, 32.1, 32.01, 31.9, 31.9, 31.9, 31.9, 31.9, 31.9, 31.9, 31.9, 31.9, 31.9], [33.2, 33.2, 33.2, 32.73, 32.8, 32.97, 32.85, 32.68, 32.03, 32.05, 31.9, 31.9, 31.9, 31.9, 31.9, 31.9, 31.9, 31.9, 31.9, 31.9], [33.2, 33.2, 33.2, 33.2, 33.2, 33.2, 33.2, 33.2, 32.85, 32.1, 31.9, 31.9, 31.9, 31.9, 31.9, 31.9, 31.9, 31.9, 31.9, 31.9], [33.2, 33.2, 33.2, 33.2, 33.2, 33.2, 33.2, 33.2, 33.2, -999.0, 31.9, 31.9, 31.9, 31.9, 31.9, 31.9, 31.9, 30.54, 30.57, 30.58], [33.2, 33.2, 33.2, 33.2, 33.2, 33.2, 33.2, 33.2, 33.2, 33.2, -999.0, 31.9, 31.9, 30.33, 31.02, 31.03, 31.04, 30.75, 30.79, 30.82], [33.2, 33.2, 33.2, 33.2, 33.2, 33.2, 33.2, 33.2, 33.2, 33.2, -999.0, 29.5, 29.5, 29.5, 30.82, 30.83, 30.86, 30.56, 30.63, 30.68], [33.2, 33.2, 33.2, 33.2, 33.2, 33.2, 33.2, 31.5, 31.5, 31.5, 31.5, 30.73, 29.5, 29.5, 29.5, 30.6, 30.67, 30.39, 30.48, 30.55], [33.2, 33.2, 32.13, 32.11, 32.08, 31.5, 31.5, 31.5, 31.5, 31.5, 30.24, 30.38, 30.19, 30.03, 30.21, 29.83, 29.88, 29.79, 30.37, 30.43], [32.11, 32.1, 32.6, 32.57, 31.5, 31.5, 31.5, 31.5, 31.5, 31.5, 30.64, 30.39, 30.13, 29.89, 29.84, 29.67, 29.73, 29.77, 29.81, 29.83], [32.59, 32.57, 32.54, 32.5, 31.5, 31.5, 31.5, 31.5, 31.5, 30.99, 30.72, 30.42, 30.11, 29.86, 29.55, 29.65, 29.73, 29.79, 29.82, 29.84], [32.56, 32.53, 32.49, 31.5, 31.5, 31.5, 31.5, 31.5, 31.32, 31.11, 30.92, 30.67, 30.21, 29.97, 29.64, 29.7, 29.77, 29.82, 29.85, 29.86], [32.54, 32.51, 31.5, 31.5, 31.5, 31.5, 31.5, 31.5, 31.31, 31.16, 30.96, 30.75, 30.3, 30.14, 29.75, 29.79, 29.83, 29.87, 29.88, 29.89], [31.5, 31.5, 31.5, 31.5, 31.5, 31.5, 31.5, 31.5, 31.19, 31.11, 30.98, 30.83, 30.37, 29.82, 29.84, 29.87, 29.9, 29.92, 29.92, 29.91], [31.5, 31.5, 31.5, 31.5, 31.5, 31.5, 31.5, 31.62, 31.15, 31.1, 31.02, 30.9, 30.44, 29.88, 29.91, 29.95, 29.98, 29.98, 29.96, 29.94], [31.5, 31.5, 31.5, 31.68, 31.67, 31.66, 31.65, 31.64, 31.63, 31.63, 31.65, 31.21, 30.6, 29.92, 29.96, 30.02, 30.08, 30.03, 29.98, 29.95], [31.7, 31.7, 31.69, 31.69, 31.68, 31.67, 31.66, 31.65, 31.63, 31.62, 31.65, 31.4, 30.63, 30.48, 30.35, 30.04, 30.22, 30.01, 29.97, 29.95], [31.71, 31.71, 31.71, 31.7, 31.7, 31.69, 31.68, 31.66, 31.61, 31.57, 31.64, 31.45, 31.37, 30.49, 30.35, 30.23, 29.97, 29.88, 29.94, 29.94], [31.72, 31.72, 31.72, 31.72, 31.72, 31.71, 31.7, 31.68, 31.63, 31.59, 31.54, 31.51, 31.43, 30.51, 30.37, 30.36, 30.23, 30.18, 29.94, 29.94], [31.73, 31.73, 31.73, 31.73, 31.73, 31.74, 31.74, 31.73, 31.73, 31.74, 31.64, 31.6, 31.51, 30.82, 30.63, 30.48, 30.37, 30.32, 30.33, 30.36], [31.74, 31.74, 31.74, 31.75, 31.75, 31.76, 31.77, 31.79, 31.83, 31.78, 31.81, 31.62, 31.45, 31.26, 30.75, 30.6, 30.49, 30.44, 30.42, 30.43], [31.75, 31.75, 31.75, 31.76, 31.77, 31.79, 31.81, 31.84, 31.9, 31.93, 32.04, 31.76, 31.53, 31.34, 30.85, 30.7, 30.6, 30.54, 30.51, 30.5], [31.75, 31.76, 31.76, 31.77, 31.79, 31.8, 31.83, 31.87, 31.71, 31.86, 31.95, 31.76, 31.56, 31.39, 30.93, 30.79, 30.69, 30.62, 30.58, 30.56], [31.76, 31.77, 31.77, 31.78, 31.8, 31.81, 31.84, 31.87, 31.67, 31.74, 31.76, 31.67, 31.53, 31.4, 30.97, 30.85, 30.75, 30.68, 30.64, 30.61], [31.76, 31.77, 31.78, 31.79, 31.8, 31.82, 31.84, 31.57, 31.61, 31.64, 31.63, 31.58, 31.49, 31.39, 30.99, 30.88, 30.8, 30.73, 30.69, 30.66]]}