gis_exercise/awsData/contour/temp_2023090111.json
{"header": {"refTime": "2023-09-01T11:00:00.000Z", "nx": 21, "ny": 33, "lo1": 113.509, "la1": 22.2235, "lo2": 113.5947, "la2": 22.1034, "dx": 0.0042850000000001385, "dy": 0.003753125000000024, "parameterCategory": 0, "parameterCategoryName": "Temperature", "parameterNumber": 0}, "z": [[29.43, 29.43, 29.42, 29.22, 29.22, 29.54, 29.53, 29.53, 29.53, 29.46, 29.49, 29.51, 29.85, 29.87, 29.72, 29.71, 29.89, 29.87, 29.86, 29.85], [29.43, 29.43, 29.42, 29.42, 29.23, 29.24, 29.52, 29.5, 29.5, 29.45, 29.49, 29.54, 29.87, 29.89, 29.74, 29.9, 29.88, 29.86, 29.85, 29.84], [29.43, 29.43, 29.43, 29.42, 29.22, 29.24, 29.26, 29.48, 29.42, 29.44, 29.5, 29.57, 29.91, 29.93, 29.93, 29.9, 29.87, 29.84, 29.83, 29.83], [29.43, 29.43, 29.43, 29.42, 29.42, 29.23, 29.25, 29.28, 29.3, 29.44, 29.52, 29.64, 29.97, 29.84, 29.93, 29.88, 29.84, 29.82, 29.81, 29.81], [29.44, 29.44, 29.43, 29.43, 29.42, 29.21, 29.22, 29.23, 29.22, 29.42, 29.51, 29.85, 30.0, 29.88, 29.93, 29.86, 29.8, 29.77, 29.77, 29.78], [29.44, 29.44, 29.44, 29.43, 29.43, 29.42, 29.2, 29.2, 29.18, 29.13, 29.6, 29.77, 29.91, 30.1, 29.92, 29.83, 29.74, 29.71, 29.72, 29.75], [29.47, 29.45, 29.45, 29.44, 29.44, 29.42, 29.25, 29.2, 29.18, 29.23, 29.23, 29.67, 30.1, 30.1, 29.9, 29.79, 29.65, 29.6, 29.61, 29.65], [29.47, 29.47, 29.47, 29.47, 29.47, 29.3, 29.27, 29.25, 29.29, 29.18, 28.99, 29.7, 29.71, 30.1, 29.72, 29.79, 29.66, 29.61, 29.68, 29.73], [29.43, 29.43, 29.49, 29.49, 29.49, 29.48, 29.44, 29.26, 29.14, 29.26, 29.3, 29.49, 29.58, 29.46, 29.74, 29.81, 29.74, 29.7, 29.72, 29.75], [29.6, 29.6, 29.6, 29.46, 29.48, 29.53, 29.5, 29.44, 29.02, 29.04, 29.59, 29.37, 29.44, 29.41, 29.74, 29.84, 29.79, 29.76, 29.76, 29.77], [29.6, 29.6, 29.6, 29.6, 29.6, 29.6, 29.6, 29.6, 29.49, 29.13, 28.8, 29.3, 29.35, 29.36, 29.73, 29.86, 29.82, 29.8, 29.8, 29.8], [29.6, 29.6, 29.6, 29.6, 29.6, 29.6, 29.6, 29.6, 29.6, -999.0, 28.8, 30.1, 30.1, 29.32, 29.73, 29.88, 29.86, 28.7, 28.72, 28.73], [29.6, 29.6, 29.6, 29.6, 29.6, 29.6, 29.6, 29.6, 29.6, 29.6, -999.0, 30.1, 30.1, 28.79, 29.37, 28.99, 29.0, 28.83, 28.85, 28.87], [29.6, 29.6, 29.6, 29.6, 29.6, 29.6, 29.6, 29.6, 29.6, 29.6, -999.0, 28.1, 28.1, 28.1, 29.2, 28.87, 28.9, 28.72, 28.76, 28.79], [29.6, 29.6, 29.6, 29.6, 29.6, 29.6, 29.6, 29.6, 29.6, 29.6, 29.6, 29.02, 28.1, 28.1, 28.1, 28.74, 28.78, 28.62, 28.67, 28.71], [29.6, 29.6, 29.6, 29.6, 29.6, 29.6, 29.6, 29.6, 29.6, 29.6, 28.66, 28.76, 28.62, 28.5, 28.63, 28.43, 28.48, 28.39, 28.71, 28.75], [29.6, 29.6, 29.6, 29.6, 29.6, 29.6, 29.6, 29.6, 29.6, 29.6, 28.95, 28.77, 28.57, 28.39, 28.38, 28.3, 28.37, 28.42, 28.46, 28.48], [29.6, 29.6, 29.6, 29.6, 29.6, 29.6, 29.6, 29.6, 29.6, 29.22, 29.02, 28.79, 28.56, 28.39, 28.14, 28.27, 28.37, 28.44, 28.48, 28.5], [29.6, 29.6, 29.6, 29.6, 29.6, 29.6, 29.6, 29.6, 29.47, 29.31, 29.17, 28.98, 28.67, 28.49, 28.26, 28.33, 28.42, 28.47, 28.51, 28.53], [29.6, 29.6, 29.6, 29.6, 29.6, 29.6, 29.6, 29.6, 29.46, 29.34, 29.19, 29.04, 28.75, 28.63, 28.39, 28.43, 28.49, 28.52, 28.55, 28.56], [29.6, 29.6, 29.6, 29.6, 29.6, 29.6, 29.6, 29.6, 29.37, 29.31, 29.21, 29.09, 28.81, 28.47, 28.49, 28.53, 28.57, 28.59, 28.59, 28.59], [29.6, 29.6, 29.6, 29.6, 29.6, 29.6, 29.6, 29.55, 29.34, 29.3, 29.24, 29.15, 28.88, 28.54, 28.57, 28.61, 28.65, 28.65, 28.63, 28.62], [29.6, 29.6, 29.6, 29.52, 29.53, 29.53, 29.54, 29.54, 29.54, 29.54, 29.54, 29.44, 29.07, 28.58, 28.63, 28.68, 28.74, 28.71, 28.66, 28.64], [29.51, 29.51, 29.52, 29.52, 29.52, 29.53, 29.53, 29.54, 29.55, 29.55, 29.54, 29.38, 29.09, 29.0, 28.93, 28.71, 28.87, 28.71, 28.66, 28.64], [29.51, 29.51, 29.51, 29.51, 29.52, 29.52, 29.52, 29.53, 29.55, 29.57, 29.54, 29.39, 29.33, 29.01, 28.93, 28.86, 28.68, 28.62, 28.65, 28.64], [29.51, 29.51, 29.51, 29.51, 29.51, 29.51, 29.51, 29.52, 29.54, 29.56, 29.45, 29.39, 29.34, 29.02, 28.94, 28.82, 28.77, 28.75, 28.64, 28.63], [29.5, 29.5, 29.5, 29.5, 29.5, 29.5, 29.5, 29.5, 29.5, 29.5, 29.4, 29.37, 29.33, 28.95, 28.9, 28.85, 28.82, 28.8, 28.8, 28.82], [29.5, 29.5, 29.5, 29.49, 29.49, 29.49, 29.48, 29.47, 29.46, 29.37, 29.36, 29.27, 29.22, 29.15, 28.92, 28.88, 28.85, 28.84, 28.83, 28.84], [29.49, 29.49, 29.49, 29.49, 29.48, 29.48, 29.47, 29.45, 29.43, 29.34, 29.29, 29.27, 29.22, 29.17, 28.95, 28.91, 28.88, 28.87, 28.86, 28.86], [29.49, 29.49, 29.49, 29.48, 29.48, 29.47, 29.46, 29.44, 29.29, 29.29, 29.28, 29.26, 29.22, 29.18, 28.97, 28.93, 28.91, 28.89, 28.88, 28.87], [29.49, 29.49, 29.48, 29.48, 29.47, 29.47, 29.45, 29.44, 29.27, 29.27, 29.26, 29.25, 29.22, 29.18, 28.98, 28.95, 28.92, 28.91, 28.89, 28.89], [29.49, 29.48, 29.48, 29.48, 29.47, 29.46, 29.45, 29.26, 29.26, 29.25, 29.25, 29.23, 29.21, 29.18, 28.99, 28.96, 28.94, 28.92, 28.91, 28.9]]}