gis_exercise/awsData/contour/temp_2023083109.json
{"header": {"refTime": "2023-08-31T09:00:00.000Z", "nx": 21, "ny": 33, "lo1": 113.509, "la1": 22.2235, "lo2": 113.5947, "la2": 22.1034, "dx": 0.0042850000000001385, "dy": 0.003753125000000024, "parameterCategory": 0, "parameterCategoryName": "Temperature", "parameterNumber": 0}, "z": [[28.77, 28.76, 28.75, 28.31, 28.32, 28.61, 28.62, 28.62, 28.63, 28.55, 28.55, 28.56, 28.85, 28.87, 28.88, 28.89, 29.0, 29.0, 29.0, 29.0], [28.78, 28.77, 28.76, 28.74, 28.32, 28.34, 28.61, 28.62, 28.62, 28.55, 28.56, 28.58, 28.87, 28.88, 28.89, 29.0, 29.0, 29.0, 29.0, 29.0], [28.79, 28.78, 28.76, 28.75, 28.31, 28.34, 28.38, 28.61, 28.6, 28.56, 28.57, 28.6, 28.89, 28.9, 29.0, 29.0, 29.0, 29.0, 29.0, 29.0], [28.8, 28.79, 28.78, 28.76, 28.73, 28.32, 28.35, 28.4, 28.45, 28.54, 28.56, 28.64, 28.92, 28.76, 29.0, 29.0, 29.0, 29.0, 29.0, 29.0], [28.82, 28.81, 28.8, 28.78, 28.75, 28.29, 28.31, 28.32, 28.32, 28.48, 28.53, 28.76, 28.91, 28.8, 29.0, 29.0, 29.0, 29.0, 29.0, 29.0], [28.84, 28.83, 28.82, 28.8, 28.77, 28.73, 28.27, 28.26, 28.24, 28.19, 28.54, 28.7, 28.82, 29.0, 29.0, 29.0, 29.0, 29.0, 29.0, 29.0], [28.96, 28.86, 28.86, 28.84, 28.82, 28.76, 28.47, 28.24, 28.21, 28.21, 28.2, 28.6, 29.0, 29.0, 29.0, 29.0, 29.0, 29.0, 29.0, 29.0], [28.99, 28.99, 29.0, 28.99, 28.96, 28.64, 28.53, 28.38, 28.28, 28.16, 27.98, 28.63, 28.64, 29.0, 29.0, 29.0, 29.0, 29.0, 29.0, 29.0], [28.81, 28.83, 29.04, 29.06, 29.07, 29.02, 28.88, 28.48, 28.14, 28.24, 28.26, 28.44, 28.52, 28.41, 29.0, 29.0, 29.0, 29.0, 29.0, 29.0], [29.5, 29.5, 29.5, 28.94, 29.02, 29.23, 29.08, 28.88, 28.02, 28.04, 28.53, 28.33, 28.39, 28.36, 29.0, 29.0, 29.0, 29.0, 29.0, 29.0], [29.5, 29.5, 29.5, 29.5, 29.5, 29.5, 29.5, 29.5, 29.07, 28.13, 27.8, 28.26, 28.31, 28.31, 29.0, 29.0, 29.0, 29.0, 29.0, 29.0], [29.5, 29.5, 29.5, 29.5, 29.5, 29.5, 29.5, 29.5, 29.5, -999.0, 27.8, 29.0, 29.0, 28.28, 29.0, 29.0, 29.0, 28.32, 28.33, 28.34], [29.5, 29.5, 29.5, 29.5, 29.5, 29.5, 29.5, 29.5, 29.5, 29.5, -999.0, 29.0, 29.0, 28.22, 28.56, 28.56, 28.57, 28.42, 28.45, 28.46], [29.5, 29.5, 29.5, 29.5, 29.5, 29.5, 29.5, 29.5, 29.5, 29.5, -999.0, 27.8, 27.8, 27.8, 28.46, 28.46, 28.48, 28.33, 28.36, 28.39], [29.5, 29.5, 29.5, 29.5, 29.5, 29.5, 29.5, 29.4, 29.4, 29.4, 29.4, 28.79, 27.8, 27.8, 27.8, 28.35, 28.39, 28.25, 28.29, 28.33], [29.5, 29.5, 29.44, 29.44, 29.43, 29.4, 29.4, 29.4, 29.4, 29.4, 28.39, 28.51, 28.35, 28.22, 28.37, 27.8, 27.8, 27.8, 28.11, 28.13], [29.44, 29.44, 29.46, 29.46, 29.4, 29.4, 29.4, 29.4, 29.4, 29.4, 28.71, 28.51, 28.3, 28.11, 27.99, 27.86, 27.88, 27.89, 27.9, 27.91], [29.46, 29.46, 29.46, 29.46, 29.4, 29.4, 29.4, 29.4, 29.4, 28.99, 28.78, 28.54, 28.29, 28.01, 27.83, 27.85, 27.88, 27.9, 27.91, 27.92], [29.46, 29.46, 29.46, 29.4, 29.4, 29.4, 29.4, 29.4, 29.26, 29.09, 28.85, 28.64, 28.24, 28.07, 27.85, 27.87, 27.89, 27.91, 27.92, 27.92], [29.46, 29.46, 29.11, 29.13, 29.15, 29.17, 29.21, 29.32, 29.19, 29.04, 28.86, 28.69, 28.28, 28.15, 27.88, 27.89, 27.91, 27.92, 27.93, 27.93], [29.1, 29.1, 29.11, 29.19, 29.2, 29.22, 29.24, 29.26, 29.03, 28.96, 28.84, 28.72, 28.3, 27.9, 27.91, 27.91, 27.92, 27.93, 27.94, 27.94], [29.17, 29.17, 29.17, 29.18, 29.18, 29.18, 29.19, 29.23, 28.94, 28.9, 28.83, 28.74, 28.16, 27.92, 27.92, 27.93, 27.93, 27.94, 27.95, 27.95], [29.16, 29.16, 29.16, 29.22, 29.21, 29.21, 29.2, 29.18, 29.16, 29.15, 29.16, 28.76, 28.33, 27.93, 27.94, 27.94, 27.93, 27.95, 27.97, 27.97], [29.22, 29.22, 29.22, 29.21, 29.2, 29.19, 29.17, 29.14, 29.1, 29.08, 29.11, 28.75, 28.35, 28.25, 28.15, 27.95, 27.88, 27.99, 27.99, 27.98], [29.22, 29.22, 29.21, 29.2, 29.19, 29.18, 29.15, 29.11, 29.04, 28.98, 29.07, 28.8, 28.71, 28.26, 28.17, 28.1, 28.02, 28.07, 28.01, 27.99], [29.22, 29.21, 29.21, 29.2, 29.19, 29.18, 29.15, 29.11, 29.05, 29.0, 28.89, 28.85, 28.77, 28.28, 28.2, 28.22, 28.17, 28.17, 28.01, 27.99], [29.22, 29.21, 29.21, 29.2, 29.19, 29.18, 29.17, 29.15, 29.13, 29.12, 28.96, 28.92, 28.83, 28.5, 28.39, 28.3, 28.25, 28.23, 28.23, 28.24], [29.22, 29.21, 29.21, 29.21, 29.2, 29.19, 29.19, 29.19, 29.2, 29.07, 29.09, 29.08, 28.99, 28.9, 28.46, 28.37, 28.32, 28.29, 28.28, 28.28], [29.22, 29.22, 29.21, 29.21, 29.21, 29.21, 29.21, 29.22, 29.25, 29.18, 29.31, 29.16, 29.04, 28.94, 28.53, 28.44, 28.38, 28.34, 28.32, 28.32], [29.22, 29.22, 29.22, 29.22, 29.21, 29.22, 29.22, 29.24, 29.12, 29.21, 29.26, 29.16, 29.05, 28.97, 28.58, 28.49, 28.43, 28.39, 28.36, 28.35], [29.22, 29.22, 29.22, 29.22, 29.22, 29.22, 29.23, 29.24, 29.1, 29.14, 29.15, 29.11, 29.04, 28.97, 28.61, 28.53, 28.47, 28.43, 28.4, 28.38], [29.22, 29.22, 29.22, 29.22, 29.23, 29.23, 29.24, 29.04, 29.07, 29.09, 29.09, 29.06, 29.02, 28.97, 28.62, 28.55, 28.5, 28.46, 28.43, 28.41]]}