gis_exercise/awsData/contour/temp_2023090302.json
{"header": {"refTime": "2023-09-03T02:00:00.000Z", "nx": 21, "ny": 33, "lo1": 113.509, "la1": 22.2235, "lo2": 113.5947, "la2": 22.1034, "dx": 0.0042850000000001385, "dy": 0.003753125000000024, "parameterCategory": 0, "parameterCategoryName": "Temperature", "parameterNumber": 0}, "z": [[26.72, 26.72, 26.73, 26.51, 26.53, 26.8, 26.82, 26.84, 26.85, 26.76, 26.74, 26.71, 26.86, 26.86, 26.9, 26.9, 26.78, 26.78, 26.78, 26.78], [26.72, 26.72, 26.73, 26.74, 26.53, 26.57, 26.82, 26.86, 26.89, 26.8, 26.75, 26.72, 26.86, 26.85, 26.9, 26.79, 26.78, 26.78, 26.78, 26.78], [26.71, 26.72, 26.72, 26.73, 26.52, 26.56, 26.63, 26.88, 26.97, 26.82, 26.74, 26.72, 26.86, 26.85, 26.79, 26.79, 26.79, 26.78, 26.78, 26.78], [26.71, 26.71, 26.71, 26.72, 26.72, 26.53, 26.58, 26.67, 26.75, 26.77, 26.71, 26.72, 26.86, 26.63, 26.8, 26.79, 26.79, 26.78, 26.78, 26.78], [26.7, 26.7, 26.7, 26.7, 26.7, 26.48, 26.5, 26.53, 26.53, 26.65, 26.64, 26.65, 26.79, 26.67, 26.8, 26.79, 26.78, 26.78, 26.78, 26.78], [26.7, 26.7, 26.69, 26.69, 26.68, 26.67, 26.42, 26.41, 26.38, 26.33, 26.43, 26.57, 26.69, 26.8, 26.78, 26.78, 26.79, 26.79, 26.78, 26.78], [26.58, 26.69, 26.69, 26.68, 26.67, 26.64, 26.32, 26.34, 26.3, 26.17, 26.16, 26.45, 26.73, 26.75, 26.77, 26.78, 26.79, 26.79, 26.82, 26.82], [26.59, 26.59, 26.59, 26.59, 26.58, 26.4, 26.35, 26.3, 26.27, 26.15, 26.01, 26.38, 26.39, 26.75, 26.73, 26.7, 26.75, 26.76, 26.74, 26.72], [26.51, 26.52, 26.61, 26.62, 26.62, 26.6, 26.54, 26.33, 26.17, 26.19, 26.17, 26.27, 26.32, 26.26, 26.72, 26.7, 26.72, 26.73, 26.73, 26.72], [26.8, 26.8, 26.8, 26.57, 26.6, 26.69, 26.63, 26.54, 26.07, 26.09, 26.33, 26.21, 26.25, 26.23, 26.72, 26.69, 26.7, 26.71, 26.71, 26.71], [26.8, 26.8, 26.8, 26.8, 26.8, 26.8, 26.8, 26.8, 26.62, 26.16, 25.9, 26.17, 26.2, 26.2, 26.72, 26.68, 26.69, 26.7, 26.7, 26.7], [26.8, 26.8, 26.8, 26.8, 26.8, 26.8, 26.8, 26.8, 26.8, -999.0, 25.9, 26.6, 26.6, 26.18, 26.72, 26.67, 26.68, 26.06, 26.08, 26.08], [26.8, 26.8, 26.8, 26.8, 26.8, 26.8, 26.8, 26.8, 26.8, 26.8, -999.0, 26.6, 26.6, 25.88, 26.2, 26.33, 26.34, 26.18, 26.2, 26.21], [26.8, 26.8, 26.8, 26.8, 26.8, 26.8, 26.8, 26.8, 26.8, 26.8, -999.0, 25.5, 25.5, 25.5, 26.1, 26.22, 26.24, 26.08, 26.11, 26.14], [26.8, 26.8, 26.8, 26.8, 26.8, 26.8, 26.8, 26.6, 26.6, 26.6, 26.6, 26.18, 25.5, 25.5, 25.5, 26.1, 26.13, 25.98, 26.03, 26.07], [26.8, 26.8, 26.67, 26.67, 26.67, 26.6, 26.6, 26.6, 26.6, 26.6, 25.91, 25.99, 25.88, 25.79, 25.89, 25.9, 25.96, 25.86, 26.14, 26.18], [26.67, 26.67, 26.73, 26.73, 26.6, 26.6, 26.6, 26.6, 26.6, 26.6, 26.13, 25.99, 25.85, 25.71, 25.75, 25.73, 25.81, 25.87, 25.91, 25.94], [26.73, 26.73, 26.72, 26.72, 26.6, 26.6, 26.6, 26.6, 26.6, 26.32, 26.17, 26.01, 25.84, 25.76, 25.54, 25.7, 25.82, 25.89, 25.94, 25.96], [26.72, 26.72, 26.72, 26.6, 26.6, 26.6, 26.6, 26.6, 26.5, 26.39, 26.26, 26.13, 26.0, 25.85, 25.69, 25.77, 25.87, 25.93, 25.97, 25.99], [26.72, 26.72, 26.54, 26.55, 26.55, 26.55, 26.56, 26.58, 26.49, 26.39, 26.28, 26.16, 26.07, 25.99, 25.84, 25.89, 25.95, 25.99, 26.02, 26.03], [26.54, 26.54, 26.54, 26.56, 26.56, 26.56, 26.57, 26.57, 26.41, 26.36, 26.29, 26.2, 26.14, 25.93, 25.96, 26.0, 26.04, 26.06, 26.07, 26.06], [26.55, 26.55, 26.55, 26.56, 26.56, 26.56, 26.56, 26.58, 26.37, 26.34, 26.3, 26.24, 26.18, 26.01, 26.05, 26.1, 26.14, 26.14, 26.12, 26.1], [26.55, 26.55, 26.55, 26.59, 26.59, 26.58, 26.58, 26.58, 26.57, 26.57, 26.57, 26.56, 26.36, 26.06, 26.11, 26.18, 26.25, 26.21, 26.15, 26.12], [26.59, 26.59, 26.59, 26.59, 26.59, 26.58, 26.58, 26.57, 26.56, 26.55, 26.56, 26.57, 26.36, 26.34, 26.32, 26.22, 26.42, 26.2, 26.15, 26.12], [26.59, 26.59, 26.59, 26.59, 26.59, 26.58, 26.58, 26.56, 26.54, 26.53, 26.55, 26.57, 26.59, 26.33, 26.31, 26.29, 26.15, 26.07, 26.12, 26.12], [26.59, 26.59, 26.59, 26.59, 26.59, 26.59, 26.58, 26.57, 26.55, 26.53, 26.56, 26.58, 26.59, 26.33, 26.3, 26.3, 26.25, 26.22, 26.12, 26.11], [26.6, 26.6, 26.59, 26.59, 26.59, 26.59, 26.59, 26.58, 26.58, 26.58, 26.59, 26.6, 26.6, 26.41, 26.37, 26.33, 26.29, 26.28, 26.28, 26.29], [26.6, 26.6, 26.6, 26.6, 26.6, 26.6, 26.6, 26.6, 26.61, 26.62, 26.63, 26.52, 26.47, 26.41, 26.39, 26.35, 26.33, 26.31, 26.31, 26.31], [26.6, 26.6, 26.6, 26.6, 26.6, 26.6, 26.61, 26.61, 26.63, 26.65, 26.65, 26.56, 26.49, 26.43, 26.41, 26.38, 26.35, 26.34, 26.33, 26.33], [26.6, 26.6, 26.6, 26.6, 26.6, 26.61, 26.61, 26.62, 26.55, 26.6, 26.62, 26.56, 26.5, 26.45, 26.43, 26.4, 26.37, 26.36, 26.35, 26.34], [26.6, 26.6, 26.6, 26.6, 26.61, 26.61, 26.61, 26.62, 26.54, 26.56, 26.56, 26.54, 26.49, 26.45, 26.44, 26.41, 26.39, 26.37, 26.36, 26.36], [26.6, 26.6, 26.6, 26.61, 26.61, 26.61, 26.62, 26.5, 26.52, 26.53, 26.52, 26.51, 26.48, 26.45, 26.44, 26.42, 26.4, 26.38, 26.37, 26.37]]}