gis_exercise/awsData/contour/temp_2023090200.json
{"header": {"refTime": "2023-09-02T00:00:00.000Z", "nx": 21, "ny": 33, "lo1": 113.509, "la1": 22.2235, "lo2": 113.5947, "la2": 22.1034, "dx": 0.0042850000000001385, "dy": 0.003753125000000024, "parameterCategory": 0, "parameterCategoryName": "Temperature", "parameterNumber": 0}, "z": [[24.92, 24.93, 24.94, 24.87, 24.89, 25.16, 25.17, 25.18, 25.19, 25.17, 25.17, 25.18, 25.26, 25.26, 25.42, 25.42, 25.31, 25.31, 25.31, 25.31], [24.92, 24.92, 24.93, 24.95, 24.89, 24.91, 25.17, 25.18, 25.19, 25.17, 25.18, 25.2, 25.28, 25.28, 25.43, 25.32, 25.32, 25.31, 25.31, 25.31], [24.91, 24.92, 24.93, 24.94, 24.88, 24.9, 24.95, 25.18, 25.2, 25.17, 25.19, 25.22, 25.31, 25.3, 25.34, 25.33, 25.32, 25.32, 25.31, 25.31], [24.91, 24.91, 24.92, 24.92, 24.94, 24.88, 24.92, 24.98, 25.03, 25.16, 25.19, 25.26, 25.37, 25.2, 25.34, 25.33, 25.32, 25.32, 25.32, 25.31], [24.9, 24.9, 24.9, 24.91, 24.91, 24.85, 24.86, 24.88, 24.89, 25.11, 25.16, 25.23, 25.44, 25.24, 25.34, 25.33, 25.33, 25.33, 25.32, 25.32], [24.89, 24.89, 24.89, 24.89, 24.89, 24.89, 24.81, 24.8, 24.78, 24.76, 24.96, 25.12, 25.28, 25.33, 25.31, 25.32, 25.33, 25.34, 25.33, 25.32], [24.76, 24.88, 24.88, 24.87, 24.87, 24.86, 24.67, 24.75, 24.72, 24.63, 24.62, 24.91, 25.14, 25.19, 25.27, 25.31, 25.35, 25.37, 25.44, 25.45], [24.76, 24.76, 24.76, 24.76, 24.76, 24.69, 24.68, 24.68, 24.68, 24.61, 24.55, 24.71, 24.71, 25.2, 25.18, 25.11, 25.24, 25.29, 25.22, 25.17], [24.74, 24.74, 24.76, 24.76, 24.76, 24.76, 24.75, 24.68, 24.64, 24.64, 24.62, 24.66, 24.68, 24.65, 25.16, 25.09, 25.16, 25.2, 25.18, 25.15], [24.8, 24.8, 24.8, 24.75, 24.76, 24.78, 24.77, 24.75, 24.59, 24.6, 24.68, 24.63, 24.65, 24.64, 25.16, 25.06, 25.11, 25.14, 25.14, 25.13], [24.8, 24.8, 24.8, 24.8, 24.8, 24.8, 24.8, 24.8, 24.76, 24.63, 24.5, 24.61, 24.63, 24.63, 25.17, 25.04, 25.08, 25.1, 25.1, 25.1], [24.8, 24.8, 24.8, 24.8, 24.8, 24.8, 24.8, 24.8, 24.8, -999.0, 24.5, 24.8, 24.8, 24.62, 25.17, 25.02, 25.04, 24.89, 24.9, 24.9], [24.8, 24.8, 24.8, 24.8, 24.8, 24.8, 24.8, 24.8, 24.8, 24.8, -999.0, 24.8, 24.8, 24.6, 24.69, 25.07, 25.08, 24.97, 24.98, 24.99], [24.8, 24.8, 24.8, 24.8, 24.8, 24.8, 24.8, 24.8, 24.8, 24.8, -999.0, 24.5, 24.5, 24.5, 24.66, 25.0, 25.01, 24.9, 24.92, 24.94], [24.8, 24.8, 24.8, 24.8, 24.8, 24.8, 24.8, 25.1, 25.1, 25.1, 25.1, 24.87, 24.5, 24.5, 24.5, 24.91, 24.94, 24.84, 24.87, 24.89], [24.8, 24.8, 24.99, 24.99, 25.0, 25.1, 25.1, 25.1, 25.1, 25.1, 24.72, 24.77, 24.71, 24.66, 24.71, 24.72, 24.75, 24.69, 24.9, 24.93], [24.99, 24.99, 24.91, 24.91, 25.1, 25.1, 25.1, 25.1, 25.1, 25.1, 24.84, 24.77, 24.69, 24.62, 24.64, 24.69, 24.76, 24.81, 24.85, 24.88], [24.91, 24.91, 24.92, 24.92, 25.1, 25.1, 25.1, 25.1, 25.1, 24.95, 24.87, 24.78, 24.68, 24.64, 24.52, 24.67, 24.77, 24.83, 24.87, 24.9], [24.91, 24.92, 24.92, 25.1, 25.1, 25.1, 25.1, 25.1, 25.05, 24.98, 24.93, 24.85, 24.77, 24.69, 24.66, 24.73, 24.81, 24.86, 24.9, 24.92], [24.92, 24.92, 25.1, 25.1, 25.1, 25.1, 25.1, 25.1, 25.04, 25.0, 24.94, 24.88, 24.81, 24.77, 24.78, 24.82, 24.87, 24.91, 24.94, 24.95], [25.1, 25.1, 25.1, 25.1, 25.1, 25.1, 25.1, 25.1, 25.01, 24.98, 24.94, 24.9, 24.85, 24.86, 24.88, 24.91, 24.94, 24.97, 24.98, 24.98], [25.1, 25.1, 25.1, 25.1, 25.1, 25.1, 25.1, 25.05, 25.0, 24.98, 24.96, 24.92, 24.89, 24.92, 24.95, 24.98, 25.01, 25.02, 25.02, 25.01], [25.1, 25.1, 25.1, 25.02, 25.03, 25.03, 25.04, 25.04, 25.04, 25.04, 25.04, 25.1, 25.13, 24.97, 25.0, 25.04, 25.07, 25.07, 25.06, 25.04], [25.01, 25.01, 25.02, 25.02, 25.02, 25.03, 25.03, 25.04, 25.05, 25.05, 25.04, 25.03, 25.13, 25.13, 25.14, 25.07, 25.1, 25.12, 25.09, 25.06], [25.01, 25.01, 25.01, 25.01, 25.02, 25.02, 25.02, 25.03, 25.05, 25.07, 25.04, 25.02, 25.01, 25.13, 25.14, 25.14, 25.12, 25.14, 25.1, 25.07], [25.01, 25.01, 25.01, 25.01, 25.01, 25.01, 25.01, 25.02, 25.04, 25.06, 25.02, 25.0, 25.0, 25.13, 25.14, 25.1, 25.12, 25.13, 25.08, 25.06], [25.0, 25.0, 25.0, 25.0, 25.0, 25.0, 25.0, 25.0, 25.0, 25.0, 24.98, 24.97, 24.98, 25.03, 25.06, 25.08, 25.1, 25.1, 25.1, 25.1], [25.0, 25.0, 25.0, 24.99, 24.99, 24.99, 24.98, 24.97, 24.96, 24.93, 24.92, 24.95, 24.98, 25.01, 25.04, 25.06, 25.08, 25.09, 25.09, 25.09], [24.99, 24.99, 24.99, 24.99, 24.98, 24.98, 24.97, 24.95, 24.93, 24.88, 24.84, 24.91, 24.96, 24.99, 25.02, 25.04, 25.06, 25.07, 25.08, 25.08], [24.99, 24.99, 24.99, 24.98, 24.98, 24.97, 24.96, 24.94, 24.93, 24.89, 24.86, 24.91, 24.95, 24.98, 25.01, 25.03, 25.05, 25.06, 25.06, 25.07], [24.99, 24.99, 24.98, 24.98, 24.97, 24.97, 24.95, 24.94, 24.94, 24.92, 24.91, 24.93, 24.95, 24.98, 25.0, 25.02, 25.04, 25.05, 25.05, 25.06], [24.99, 24.98, 24.98, 24.98, 24.97, 24.96, 24.95, 24.96, 24.95, 24.94, 24.94, 24.95, 24.96, 24.98, 25.0, 25.01, 25.03, 25.04, 25.05, 25.05]]}