gis_exercise/awsData/contour/temp_2023091015.json
{"header": {"refTime": "2023-09-10T15:00:00.000Z", "nx": 21, "ny": 33, "lo1": 113.509, "la1": 22.2235, "lo2": 113.5947, "la2": 22.1034, "dx": 0.0042850000000001385, "dy": 0.003753125000000024, "parameterCategory": 0, "parameterCategoryName": "Temperature", "parameterNumber": 0}, "z": [[25.2, 25.2, 25.2, 24.9, 24.92, 25.24, 25.25, 25.26, 25.27, 25.14, 25.13, 25.12, 25.36, 25.36, 25.35, 25.35, 25.31, 25.31, 25.3, 25.3], [25.2, 25.2, 25.2, 25.2, 24.92, 24.95, 25.25, 25.26, 25.28, 25.16, 25.14, 25.13, 25.36, 25.37, 25.36, 25.32, 25.31, 25.3, 25.3, 25.29], [25.2, 25.2, 25.2, 25.2, 24.91, 24.94, 24.99, 25.27, 25.29, 25.18, 25.14, 25.15, 25.38, 25.38, 25.34, 25.32, 25.31, 25.3, 25.29, 25.29], [25.2, 25.2, 25.2, 25.2, 25.2, 24.92, 24.96, 25.03, 25.09, 25.13, 25.12, 25.17, 25.4, 25.17, 25.34, 25.32, 25.3, 25.29, 25.28, 25.28], [25.21, 25.2, 25.2, 25.2, 25.19, 24.88, 24.9, 24.92, 24.92, 25.04, 25.06, 25.19, 25.37, 25.22, 25.34, 25.31, 25.29, 25.28, 25.27, 25.27], [25.21, 25.21, 25.2, 25.2, 25.19, 25.17, 24.85, 24.84, 24.8, 24.73, 24.92, 25.1, 25.25, 25.4, 25.32, 25.29, 25.27, 25.25, 25.26, 25.27], [25.18, 25.21, 25.21, 25.2, 25.19, 25.16, 24.85, 24.81, 24.77, 24.64, 24.59, 24.95, 25.33, 25.35, 25.3, 25.28, 25.24, 25.23, 25.26, 25.27], [25.19, 25.19, 25.19, 25.19, 25.18, 24.93, 24.88, 24.85, 24.84, 24.59, 24.37, 24.89, 24.9, 25.35, 25.2, 25.2, 25.2, 25.2, 25.2, 25.2], [25.11, 25.12, 25.21, 25.22, 25.22, 25.2, 25.14, 24.87, 24.68, 24.67, 24.58, 24.73, 24.8, 24.71, 25.2, 25.2, 25.2, 25.2, 25.2, 25.2], [25.4, 25.4, 25.4, 25.17, 25.2, 25.29, 25.23, 25.14, 24.5, 24.54, 24.81, 24.64, 24.69, 24.67, 25.2, 25.2, 25.2, 25.2, 25.2, 25.2], [25.4, 25.4, 25.4, 25.4, 25.4, 25.4, 25.4, 25.4, 25.22, 24.66, 24.2, 24.58, 24.63, 24.63, 25.2, 25.2, 25.2, 25.2, 25.2, 25.2], [25.4, 25.4, 25.4, 25.4, 25.4, 25.4, 25.4, 25.4, 25.4, -999.0, 24.2, 25.2, 25.2, 24.6, 25.2, 25.2, 25.2, 24.69, 24.7, 24.7], [25.4, 25.4, 25.4, 25.4, 25.4, 25.4, 25.4, 25.4, 25.4, 25.4, -999.0, 25.2, 25.2, 24.61, 24.87, 24.87, 24.88, 24.77, 24.78, 24.79], [25.4, 25.4, 25.4, 25.4, 25.4, 25.4, 25.4, 25.4, 25.4, 25.4, -999.0, 24.3, 24.3, 24.3, 24.79, 24.8, 24.81, 24.7, 24.72, 24.74], [25.4, 25.4, 25.4, 25.4, 25.4, 25.4, 25.4, 25.6, 25.6, 25.6, 25.6, 25.1, 24.3, 24.3, 24.3, 24.71, 24.74, 24.64, 24.67, 24.69], [25.4, 25.4, 25.53, 25.53, 25.53, 25.6, 25.6, 25.6, 25.6, 25.6, 24.78, 24.87, 24.75, 24.64, 24.76, 24.48, 24.51, 24.46, 24.67, 24.7], [25.53, 25.53, 25.47, 25.47, 25.6, 25.6, 25.6, 25.6, 25.6, 25.6, 25.04, 24.88, 24.71, 24.55, 24.51, 24.45, 24.5, 24.54, 24.57, 24.59], [25.47, 25.47, 25.48, 25.48, 25.6, 25.6, 25.6, 25.6, 25.6, 25.27, 25.1, 24.9, 24.7, 24.52, 24.33, 24.43, 24.51, 24.55, 24.58, 24.61], [25.48, 25.48, 25.48, 25.6, 25.6, 25.6, 25.6, 25.6, 25.48, 25.35, 25.15, 24.99, 24.75, 24.59, 24.42, 24.47, 24.54, 24.58, 24.61, 24.62], [25.48, 25.48, 25.37, 25.38, 25.4, 25.42, 25.45, 25.53, 25.43, 25.31, 25.16, 25.02, 24.8, 24.7, 24.52, 24.55, 24.59, 24.62, 24.64, 24.65], [25.36, 25.36, 25.37, 25.43, 25.44, 25.45, 25.47, 25.49, 25.3, 25.24, 25.15, 25.05, 24.84, 24.58, 24.59, 24.62, 24.64, 24.66, 24.67, 24.67], [25.41, 25.42, 25.42, 25.42, 25.42, 25.43, 25.43, 25.44, 25.23, 25.19, 25.14, 25.07, 24.75, 24.63, 24.65, 24.68, 24.7, 24.71, 24.7, 24.69], [25.41, 25.41, 25.41, 25.43, 25.43, 25.42, 25.42, 25.4, 25.39, 25.38, 25.38, 25.21, 24.95, 24.66, 24.69, 24.72, 24.75, 24.75, 24.73, 24.71], [25.43, 25.43, 25.42, 25.42, 25.41, 25.41, 25.39, 25.37, 25.34, 25.33, 25.35, 25.18, 24.96, 24.91, 24.87, 24.74, 24.78, 24.77, 24.75, 24.73], [25.43, 25.42, 25.42, 25.41, 25.41, 25.39, 25.38, 25.35, 25.3, 25.26, 25.32, 25.2, 25.16, 24.92, 24.88, 24.85, 24.77, 24.78, 24.75, 24.73], [25.42, 25.42, 25.42, 25.41, 25.4, 25.39, 25.37, 25.35, 25.3, 25.26, 25.23, 25.22, 25.19, 24.93, 24.89, 24.91, 24.87, 24.87, 24.74, 24.73], [25.42, 25.42, 25.41, 25.41, 25.4, 25.39, 25.38, 25.36, 25.35, 25.35, 25.27, 25.26, 25.22, 25.05, 24.99, 24.94, 24.91, 24.9, 24.9, 24.91], [25.42, 25.42, 25.41, 25.41, 25.4, 25.4, 25.39, 25.39, 25.39, 25.33, 25.34, 25.31, 25.26, 25.21, 25.03, 24.98, 24.95, 24.94, 24.93, 24.93], [25.42, 25.42, 25.41, 25.41, 25.41, 25.4, 25.4, 25.41, 25.42, 25.39, 25.45, 25.36, 25.29, 25.23, 25.06, 25.02, 24.98, 24.97, 24.96, 24.95], [25.42, 25.42, 25.42, 25.41, 25.41, 25.41, 25.41, 25.42, 25.34, 25.39, 25.42, 25.36, 25.3, 25.24, 25.09, 25.04, 25.01, 24.99, 24.98, 24.97], [25.42, 25.42, 25.42, 25.42, 25.41, 25.41, 25.42, 25.42, 25.32, 25.35, 25.35, 25.33, 25.29, 25.25, 25.1, 25.06, 25.03, 25.01, 25.0, 24.99], [25.42, 25.42, 25.42, 25.42, 25.42, 25.42, 25.42, 25.29, 25.3, 25.32, 25.32, 25.3, 25.27, 25.24, 25.11, 25.07, 25.05, 25.03, 25.01, 25.0]]}