gis_exercise/awsData/contour/temp_2023083100.json
{"header": {"refTime": "2023-08-31T00:00:00.000Z", "nx": 21, "ny": 33, "lo1": 113.509, "la1": 22.2235, "lo2": 113.5947, "la2": 22.1034, "dx": 0.0042850000000001385, "dy": 0.003753125000000024, "parameterCategory": 0, "parameterCategoryName": "Temperature", "parameterNumber": 0}, "z": [[28.35, 28.35, 28.34, 28.1, 28.11, 28.36, 28.36, 28.35, 28.35, 28.25, 28.28, 28.3, 28.51, 28.53, 28.51, 28.5, 28.58, 28.57, 28.56, 28.56], [28.35, 28.35, 28.34, 28.33, 28.11, 28.11, 28.34, 28.32, 28.31, 28.25, 28.28, 28.32, 28.53, 28.55, 28.52, 28.59, 28.57, 28.56, 28.56, 28.55], [28.36, 28.35, 28.35, 28.34, 28.11, 28.11, 28.13, 28.3, 28.23, 28.24, 28.29, 28.35, 28.57, 28.58, 28.61, 28.59, 28.57, 28.55, 28.55, 28.54], [28.37, 28.36, 28.35, 28.35, 28.33, 28.11, 28.12, 28.13, 28.15, 28.24, 28.31, 28.41, 28.63, 28.51, 28.61, 28.58, 28.56, 28.54, 28.53, 28.53], [28.37, 28.37, 28.36, 28.36, 28.35, 28.11, 28.11, 28.11, 28.11, 28.23, 28.3, 28.53, 28.69, 28.55, 28.61, 28.57, 28.54, 28.52, 28.52, 28.52], [28.38, 28.38, 28.38, 28.37, 28.36, 28.35, 28.11, 28.11, 28.09, 28.04, 28.3, 28.45, 28.58, 28.7, 28.59, 28.55, 28.51, 28.49, 28.5, 28.51], [28.47, 28.39, 28.39, 28.39, 28.38, 28.37, 28.22, 28.14, 28.12, 28.06, 28.02, 28.32, 28.63, 28.65, 28.57, 28.52, 28.46, 28.44, 28.47, 28.5], [28.47, 28.47, 28.47, 28.47, 28.47, 28.28, 28.25, 28.24, 28.24, 28.03, 27.84, 28.25, 28.26, 28.65, 28.44, 28.45, 28.43, 28.42, 28.43, 28.44], [28.43, 28.43, 28.49, 28.49, 28.49, 28.48, 28.44, 28.24, 28.11, 28.09, 28.01, 28.13, 28.18, 28.11, 28.44, 28.45, 28.44, 28.43, 28.44, 28.44], [28.6, 28.6, 28.6, 28.46, 28.48, 28.53, 28.5, 28.44, 27.96, 27.99, 28.19, 28.05, 28.1, 28.07, 28.44, 28.46, 28.45, 28.44, 28.44, 28.45], [28.6, 28.6, 28.6, 28.6, 28.6, 28.6, 28.6, 28.6, 28.49, 28.09, 27.7, 28.0, 28.04, 28.04, 28.44, 28.46, 28.45, 28.45, 28.45, 28.45], [28.6, 28.6, 28.6, 28.6, 28.6, 28.6, 28.6, 28.6, 28.6, -999.0, 27.7, 28.5, 28.5, 28.02, 28.44, 28.46, 28.46, 27.32, 27.35, 27.35], [28.6, 28.6, 28.6, 28.6, 28.6, 28.6, 28.6, 28.6, 28.6, 28.6, -999.0, 28.5, 28.5, 27.19, 27.77, 27.71, 27.72, 27.49, 27.52, 27.54], [28.6, 28.6, 28.6, 28.6, 28.6, 28.6, 28.6, 28.6, 28.6, 28.6, -999.0, 26.5, 26.5, 26.5, 27.6, 27.55, 27.58, 27.34, 27.39, 27.43], [28.6, 28.6, 28.6, 28.6, 28.6, 28.6, 28.6, 28.4, 28.4, 28.4, 28.4, 27.67, 26.5, 26.5, 26.5, 27.37, 27.43, 27.21, 27.28, 27.33], [28.6, 28.6, 28.47, 28.47, 28.47, 28.4, 28.4, 28.4, 28.4, 28.4, 27.2, 27.34, 27.16, 27.0, 27.18, 27.16, 27.26, 27.08, 27.48, 27.55], [28.47, 28.47, 28.53, 28.53, 28.4, 28.4, 28.4, 28.4, 28.4, 28.4, 27.58, 27.35, 27.1, 26.87, 26.93, 26.92, 27.07, 27.19, 27.27, 27.33], [28.53, 28.53, 28.52, 28.52, 28.4, 28.4, 28.4, 28.4, 28.4, 27.92, 27.66, 27.38, 27.08, 26.94, 26.56, 26.87, 27.08, 27.22, 27.31, 27.36], [28.52, 28.52, 28.52, 28.4, 28.4, 28.4, 28.4, 28.4, 28.23, 28.03, 27.85, 27.62, 27.35, 27.09, 26.84, 27.0, 27.18, 27.3, 27.37, 27.41], [28.52, 28.52, 28.4, 28.4, 28.4, 28.4, 28.4, 28.4, 28.22, 28.07, 27.89, 27.69, 27.47, 27.32, 27.12, 27.21, 27.33, 27.41, 27.45, 27.48], [28.4, 28.4, 28.4, 28.4, 28.4, 28.4, 28.4, 28.4, 28.1, 28.03, 27.91, 27.76, 27.58, 27.3, 27.34, 27.42, 27.49, 27.54, 27.55, 27.55], [28.4, 28.4, 28.4, 28.4, 28.4, 28.4, 28.4, 28.45, 28.07, 28.02, 27.94, 27.83, 27.69, 27.44, 27.5, 27.59, 27.66, 27.67, 27.64, 27.61], [28.4, 28.4, 28.4, 28.48, 28.47, 28.47, 28.46, 28.46, 28.46, 28.46, 28.46, 28.37, 28.1, 27.53, 27.62, 27.74, 27.85, 27.8, 27.71, 27.65], [28.49, 28.49, 28.48, 28.48, 28.48, 28.47, 28.47, 28.46, 28.45, 28.45, 28.46, 28.45, 28.11, 28.06, 28.02, 27.8, 28.08, 27.81, 27.73, 27.68], [28.49, 28.49, 28.49, 28.49, 28.48, 28.48, 28.48, 28.47, 28.45, 28.43, 28.46, 28.46, 28.46, 28.06, 28.01, 27.97, 27.76, 27.67, 27.7, 27.67], [28.49, 28.49, 28.49, 28.49, 28.49, 28.49, 28.49, 28.48, 28.46, 28.44, 28.46, 28.48, 28.47, 28.06, 28.01, 28.01, 27.93, 27.9, 27.68, 27.66], [28.5, 28.5, 28.5, 28.5, 28.5, 28.5, 28.5, 28.5, 28.5, 28.5, 28.51, 28.51, 28.5, 28.18, 28.11, 28.05, 27.99, 27.97, 27.98, 27.99], [28.5, 28.5, 28.5, 28.51, 28.51, 28.51, 28.52, 28.53, 28.54, 28.56, 28.57, 28.43, 28.35, 28.26, 28.15, 28.09, 28.05, 28.02, 28.02, 28.02], [28.51, 28.51, 28.51, 28.51, 28.52, 28.52, 28.53, 28.55, 28.57, 28.61, 28.63, 28.5, 28.39, 28.3, 28.19, 28.13, 28.09, 28.07, 28.05, 28.05], [28.51, 28.51, 28.51, 28.52, 28.52, 28.53, 28.54, 28.56, 28.48, 28.54, 28.59, 28.5, 28.4, 28.32, 28.22, 28.17, 28.13, 28.1, 28.08, 28.08], [28.51, 28.51, 28.52, 28.52, 28.53, 28.53, 28.55, 28.56, 28.45, 28.49, 28.49, 28.45, 28.39, 28.32, 28.24, 28.19, 28.15, 28.13, 28.11, 28.1], [28.51, 28.52, 28.52, 28.52, 28.53, 28.54, 28.55, 28.41, 28.43, 28.44, 28.44, 28.41, 28.37, 28.32, 28.24, 28.2, 28.17, 28.15, 28.13, 28.12]]}