gis_exercise/awsData/contour/temp_2023090812.json
{"header": {"refTime": "2023-09-08T12:00:00.000Z", "nx": 21, "ny": 33, "lo1": 113.509, "la1": 22.2235, "lo2": 113.5947, "la2": 22.1034, "dx": 0.0042850000000001385, "dy": 0.003753125000000024, "parameterCategory": 0, "parameterCategoryName": "Temperature", "parameterNumber": 0}, "z": [[24.31, 24.31, 24.31, 24.21, 24.22, 24.46, 24.46, 24.47, 24.47, 24.47, 24.5, 24.52, 24.81, 24.83, 24.85, 24.86, 25.06, 25.06, 25.07, 25.07], [24.3, 24.31, 24.31, 24.31, 24.22, 24.23, 24.45, 24.45, 24.45, 24.46, 24.5, 24.54, 24.82, 24.85, 24.86, 25.06, 25.06, 25.07, 25.07, 25.07], [24.3, 24.3, 24.3, 24.31, 24.21, 24.23, 24.25, 24.44, 24.41, 24.45, 24.51, 24.57, 24.86, 24.87, 25.05, 25.06, 25.06, 25.07, 25.07, 25.07], [24.3, 24.3, 24.3, 24.3, 24.3, 24.21, 24.23, 24.27, 24.3, 24.46, 24.53, 24.63, 24.9, 24.83, 25.05, 25.06, 25.07, 25.07, 25.07, 25.07], [24.3, 24.3, 24.3, 24.3, 24.3, 24.19, 24.2, 24.21, 24.22, 24.45, 24.53, 24.82, 24.93, 24.85, 25.05, 25.06, 25.07, 25.07, 25.08, 25.08], [24.3, 24.3, 24.3, 24.3, 24.29, 24.28, 24.17, 24.17, 24.16, 24.14, 24.64, 24.77, 24.87, 25.03, 25.06, 25.07, 25.08, 25.08, 25.08, 25.08], [24.27, 24.3, 24.3, 24.3, 24.29, 24.27, 24.15, 24.13, 24.12, 24.25, 24.3, 24.71, 25.06, 25.05, 25.07, 25.07, 25.09, 25.09, 25.08, 25.08], [24.27, 24.27, 24.27, 24.27, 24.27, 24.19, 24.16, 24.13, 24.15, 24.21, 24.14, 24.76, 24.77, 25.05, 25.1, 25.1, 25.1, 25.1, 25.1, 25.1], [24.23, 24.23, 24.29, 24.29, 24.29, 24.28, 24.24, 24.15, 24.07, 24.27, 24.42, 24.58, 24.66, 24.56, 25.1, 25.1, 25.1, 25.1, 25.1, 25.1], [24.4, 24.4, 24.4, 24.26, 24.28, 24.33, 24.3, 24.24, 24.04, 24.05, 24.67, 24.48, 24.54, 24.52, 25.1, 25.1, 25.1, 25.1, 25.1, 25.1], [24.4, 24.4, 24.4, 24.4, 24.4, 24.4, 24.4, 24.4, 24.29, 24.07, 24.0, 24.42, 24.47, 24.47, 25.1, 25.1, 25.1, 25.1, 25.1, 25.1], [24.4, 24.4, 24.4, 24.4, 24.4, 24.4, 24.4, 24.4, 24.4, -999.0, 24.0, 25.1, 25.1, 24.44, 25.1, 25.1, 25.1, 24.82, 24.82, 24.82], [24.4, 24.4, 24.4, 24.4, 24.4, 24.4, 24.4, 24.4, 24.4, 24.4, -999.0, 25.1, 25.1, 24.77, 24.92, 24.92, 24.92, 24.86, 24.87, 24.87], [24.4, 24.4, 24.4, 24.4, 24.4, 24.4, 24.4, 24.4, 24.4, 24.4, -999.0, 24.6, 24.6, 24.6, 24.87, 24.88, 24.88, 24.82, 24.83, 24.85], [24.4, 24.4, 24.4, 24.4, 24.4, 24.4, 24.4, 25.1, 25.1, 25.1, 25.1, 24.91, 24.6, 24.6, 24.6, 24.83, 24.84, 24.79, 24.8, 24.82], [24.4, 24.4, 24.84, 24.85, 24.86, 25.1, 25.1, 25.1, 25.1, 25.1, 24.79, 24.82, 24.77, 24.73, 24.78, 24.75, 24.77, 24.73, 24.84, 24.86], [24.85, 24.85, 24.65, 24.66, 25.1, 25.1, 25.1, 25.1, 25.1, 25.1, 24.88, 24.82, 24.76, 24.7, 24.7, 24.73, 24.78, 24.82, 24.84, 24.86], [24.65, 24.66, 24.67, 24.69, 25.1, 25.1, 25.1, 25.1, 25.1, 24.97, 24.91, 24.83, 24.75, 24.71, 24.62, 24.72, 24.78, 24.83, 24.86, 24.87], [24.66, 24.67, 24.69, 25.1, 25.1, 25.1, 25.1, 25.1, 25.06, 25.0, 24.97, 24.91, 24.81, 24.74, 24.71, 24.76, 24.81, 24.85, 24.87, 24.89], [24.67, 24.68, 25.16, 25.15, 25.15, 25.15, 25.14, 25.12, 25.06, 25.03, 24.99, 24.94, 24.84, 24.8, 24.79, 24.82, 24.86, 24.88, 24.9, 24.91], [25.16, 25.16, 25.16, 25.14, 25.14, 25.14, 25.13, 25.13, 25.05, 25.03, 25.0, 24.96, 24.87, 24.85, 24.86, 24.88, 24.91, 24.92, 24.93, 24.93], [25.15, 25.15, 25.15, 25.14, 25.14, 25.14, 25.14, 25.15, 25.05, 25.04, 25.02, 24.99, 24.92, 24.89, 24.91, 24.93, 24.95, 24.96, 24.96, 24.95], [25.15, 25.15, 25.15, 25.16, 25.16, 25.16, 25.16, 25.16, 25.17, 25.17, 25.17, 25.12, 25.1, 24.92, 24.94, 24.97, 24.99, 24.99, 24.99, 24.97], [25.16, 25.16, 25.16, 25.17, 25.17, 25.17, 25.17, 25.17, 25.18, 25.18, 25.18, 25.15, 25.11, 25.09, 25.07, 24.99, 25.01, 25.03, 25.01, 24.99], [25.17, 25.17, 25.17, 25.17, 25.17, 25.17, 25.18, 25.18, 25.19, 25.19, 25.19, 25.16, 25.14, 25.09, 25.08, 25.07, 25.03, 25.05, 25.01, 24.99], [25.17, 25.17, 25.17, 25.17, 25.17, 25.18, 25.18, 25.18, 25.19, 25.19, 25.18, 25.16, 25.15, 25.1, 25.08, 25.07, 25.07, 25.07, 25.01, 24.99], [25.17, 25.17, 25.17, 25.17, 25.17, 25.18, 25.18, 25.18, 25.19, 25.19, 25.17, 25.16, 25.15, 25.1, 25.09, 25.08, 25.08, 25.08, 25.08, 25.08], [25.17, 25.17, 25.17, 25.17, 25.18, 25.18, 25.18, 25.18, 25.19, 25.18, 25.18, 25.19, 25.18, 25.17, 25.1, 25.09, 25.09, 25.08, 25.08, 25.08], [25.17, 25.17, 25.17, 25.18, 25.18, 25.18, 25.18, 25.19, 25.19, 25.19, 25.2, 25.19, 25.18, 25.17, 25.11, 25.1, 25.09, 25.09, 25.09, 25.09], [25.17, 25.17, 25.17, 25.18, 25.18, 25.18, 25.18, 25.19, 25.19, 25.19, 25.19, 25.19, 25.18, 25.17, 25.11, 25.1, 25.1, 25.09, 25.09, 25.09], [25.17, 25.17, 25.18, 25.18, 25.18, 25.18, 25.18, 25.18, 25.19, 25.19, 25.19, 25.18, 25.18, 25.18, 25.12, 25.11, 25.1, 25.1, 25.09, 25.09], [25.17, 25.17, 25.18, 25.18, 25.18, 25.18, 25.18, 25.18, 25.18, 25.18, 25.18, 25.18, 25.18, 25.17, 25.12, 25.11, 25.1, 25.1, 25.1, 25.09]]}