gis_exercise/awsData/contour/temp_2023090505.json
{"header": {"refTime": "2023-09-05T05:00:00.000Z", "nx": 21, "ny": 33, "lo1": 113.509, "la1": 22.2235, "lo2": 113.5947, "la2": 22.1034, "dx": 0.0042850000000001385, "dy": 0.003753125000000024, "parameterCategory": 0, "parameterCategoryName": "Temperature", "parameterNumber": 0}, "z": [[29.36, 29.34, 29.32, 29.13, 29.11, 29.35, 29.32, 29.3, 29.3, 29.31, 29.39, 29.47, 29.7, 29.74, 29.74, 29.75, 30.01, 30.0, 30.0, 29.99], [29.37, 29.35, 29.33, 29.31, 29.12, 29.1, 29.29, 29.23, 29.19, 29.25, 29.39, 29.5, 29.74, 29.79, 29.77, 30.03, 30.01, 30.0, 29.99, 29.98], [29.38, 29.37, 29.35, 29.32, 29.12, 29.11, 29.07, 29.17, 28.97, 29.2, 29.41, 29.57, 29.82, 29.85, 30.06, 30.03, 30.0, 29.99, 29.98, 29.97], [29.39, 29.38, 29.37, 29.35, 29.32, 29.12, 29.1, 29.05, 29.01, 29.28, 29.49, 29.7, 29.95, 29.99, 30.06, 30.02, 29.99, 29.97, 29.96, 29.96], [29.41, 29.41, 29.39, 29.38, 29.35, 29.15, 29.14, 29.12, 29.12, 29.39, 29.56, 30.01, 30.18, 30.03, 30.06, 30.0, 29.97, 29.95, 29.94, 29.95], [29.43, 29.43, 29.43, 29.41, 29.4, 29.37, 29.19, 29.19, 29.19, 29.19, 29.77, 29.92, 30.06, 30.17, 30.04, 29.98, 29.93, 29.91, 29.92, 29.93], [29.68, 29.46, 29.46, 29.46, 29.45, 29.43, 29.47, 29.26, 29.27, 29.41, 29.42, 29.78, 30.07, 30.1, 30.0, 29.95, 29.88, 29.85, 29.89, 29.92], [29.69, 29.69, 29.69, 29.69, 29.68, 29.54, 29.5, 29.44, 29.41, 29.38, 29.3, 29.68, 29.69, 30.1, 29.84, 29.85, 29.83, 29.82, 29.83, 29.84], [29.61, 29.62, 29.71, 29.72, 29.72, 29.7, 29.64, 29.48, 29.34, 29.42, 29.47, 29.57, 29.62, 29.56, 29.84, 29.85, 29.84, 29.83, 29.84, 29.84], [29.9, 29.9, 29.9, 29.67, 29.7, 29.79, 29.73, 29.64, 29.29, 29.3, 29.63, 29.51, 29.55, 29.53, 29.84, 29.86, 29.85, 29.84, 29.84, 29.85], [29.9, 29.9, 29.9, 29.9, 29.9, 29.9, 29.9, 29.9, 29.72, 29.33, 29.2, 29.47, 29.5, 29.5, 29.84, 29.86, 29.85, 29.85, 29.85, 29.85], [29.9, 29.9, 29.9, 29.9, 29.9, 29.9, 29.9, 29.9, 29.9, -999.0, 29.2, 29.9, 29.9, 29.48, 29.84, 29.86, 29.86, 28.72, 28.75, 28.75], [29.9, 29.9, 29.9, 29.9, 29.9, 29.9, 29.9, 29.9, 29.9, 29.9, -999.0, 29.9, 29.9, 28.59, 29.17, 29.11, 29.12, 28.89, 28.92, 28.94], [29.9, 29.9, 29.9, 29.9, 29.9, 29.9, 29.9, 29.9, 29.9, 29.9, -999.0, 27.9, 27.9, 27.9, 29.0, 28.95, 28.98, 28.74, 28.79, 28.83], [29.9, 29.9, 29.9, 29.9, 29.9, 29.9, 29.9, 28.8, 28.8, 28.8, 28.8, 28.45, 27.9, 27.9, 27.9, 28.77, 28.83, 28.61, 28.68, 28.73], [29.9, 29.9, 29.21, 29.2, 29.17, 28.8, 28.8, 28.8, 28.8, 28.8, 28.23, 28.3, 28.21, 28.14, 28.22, 28.52, 28.62, 28.45, 28.86, 28.92], [29.19, 29.19, 29.51, 29.49, 28.8, 28.8, 28.8, 28.8, 28.8, 28.8, 28.41, 28.3, 28.18, 28.08, 28.2, 28.21, 28.31, 28.4, 28.46, 28.5], [29.51, 29.49, 29.47, 29.45, 28.8, 28.8, 28.8, 28.8, 28.8, 28.57, 28.45, 28.32, 28.18, 28.2, 27.94, 28.17, 28.33, 28.43, 28.49, 28.52], [29.49, 29.47, 29.44, 28.8, 28.8, 28.8, 28.8, 28.8, 28.72, 28.62, 28.61, 28.51, 28.45, 28.31, 28.15, 28.27, 28.4, 28.48, 28.53, 28.56], [29.47, 29.45, 29.03, 29.02, 29.0, 28.98, 28.95, 28.87, 28.76, 28.71, 28.64, 28.55, 28.55, 28.48, 28.36, 28.43, 28.51, 28.57, 28.6, 28.61], [29.04, 29.04, 29.03, 28.97, 28.96, 28.95, 28.93, 28.91, 28.75, 28.73, 28.68, 28.61, 28.65, 28.49, 28.52, 28.58, 28.64, 28.67, 28.67, 28.66], [28.99, 28.98, 28.98, 28.98, 28.98, 28.97, 28.97, 29.01, 28.79, 28.77, 28.73, 28.68, 28.87, 28.59, 28.65, 28.72, 28.78, 28.77, 28.73, 28.7], [28.99, 28.99, 28.99, 29.05, 29.05, 29.05, 29.05, 29.06, 29.07, 29.08, 29.08, 29.19, 29.04, 28.66, 28.74, 28.85, 28.96, 28.88, 28.77, 28.72], [29.06, 29.06, 29.06, 29.06, 29.06, 29.07, 29.08, 29.09, 29.11, 29.12, 29.12, 29.3, 29.04, 29.02, 29.01, 28.89, 29.25, 28.83, 28.75, 28.72], [29.07, 29.07, 29.07, 29.07, 29.08, 29.09, 29.1, 29.12, 29.15, 29.17, 29.14, 29.29, 29.32, 29.01, 28.98, 28.95, 28.74, 28.57, 28.69, 28.7], [29.07, 29.07, 29.08, 29.08, 29.09, 29.1, 29.11, 29.13, 29.16, 29.17, 29.25, 29.28, 29.31, 29.0, 28.96, 28.92, 28.84, 28.79, 28.69, 28.69], [29.08, 29.08, 29.09, 29.09, 29.1, 29.11, 29.12, 29.14, 29.15, 29.16, 29.25, 29.27, 29.3, 29.0, 28.97, 28.93, 28.89, 28.86, 28.87, 28.89], [29.08, 29.09, 29.09, 29.1, 29.11, 29.11, 29.13, 29.14, 29.15, 29.24, 29.24, 29.05, 28.99, 28.91, 28.98, 28.95, 28.92, 28.9, 28.9, 28.91], [29.09, 29.09, 29.1, 29.1, 29.11, 29.12, 29.13, 29.14, 29.15, 29.23, 29.16, 29.08, 29.01, 28.93, 29.0, 28.97, 28.95, 28.93, 28.92, 28.93], [29.09, 29.09, 29.1, 29.1, 29.11, 29.12, 29.13, 29.14, 29.08, 29.12, 29.13, 29.08, 29.01, 28.95, 29.01, 28.98, 28.96, 28.95, 28.94, 28.94], [29.09, 29.1, 29.1, 29.11, 29.11, 29.12, 29.13, 29.14, 29.06, 29.08, 29.08, 29.05, 29.0, 28.95, 29.02, 28.99, 28.98, 28.96, 28.96, 28.95], [29.09, 29.1, 29.1, 29.11, 29.11, 29.12, 29.13, 29.03, 29.04, 29.05, 29.04, 29.02, 28.99, 28.95, 29.02, 29.0, 28.99, 28.98, 28.97, 28.96]]}