gis_exercise/awsData/contour/temp_2023091021.json
{"header": {"refTime": "2023-09-10T21:00:00.000Z", "nx": 21, "ny": 33, "lo1": 113.509, "la1": 22.2235, "lo2": 113.5947, "la2": 22.1034, "dx": 0.0042850000000001385, "dy": 0.003753125000000024, "parameterCategory": 0, "parameterCategoryName": "Temperature", "parameterNumber": 0}, "z": [[25.78, 25.77, 25.77, 25.48, 25.48, 25.76, 25.76, 25.75, 25.75, 25.64, 25.66, 25.68, 25.93, 25.95, 25.99, 26.0, 26.11, 26.11, 26.11, 26.11], [25.79, 25.78, 25.77, 25.76, 25.48, 25.49, 25.74, 25.72, 25.71, 25.63, 25.66, 25.7, 25.95, 25.97, 26.01, 26.11, 26.11, 26.11, 26.11, 26.11], [25.79, 25.78, 25.78, 25.76, 25.48, 25.49, 25.51, 25.7, 25.63, 25.62, 25.67, 25.73, 25.99, 26.0, 26.12, 26.11, 26.11, 26.11, 26.11, 26.1], [25.8, 25.79, 25.79, 25.77, 25.76, 25.49, 25.5, 25.52, 25.53, 25.62, 25.68, 25.79, 26.05, 25.92, 26.12, 26.11, 26.11, 26.11, 26.1, 26.1], [25.81, 25.8, 25.8, 25.79, 25.77, 25.48, 25.49, 25.49, 25.48, 25.6, 25.67, 25.93, 26.09, 25.96, 26.12, 26.11, 26.11, 26.1, 26.1, 26.1], [25.82, 25.82, 25.81, 25.81, 25.79, 25.78, 25.49, 25.49, 25.46, 25.4, 25.69, 25.85, 25.98, 26.13, 26.11, 26.11, 26.1, 26.1, 26.1, 26.1], [25.92, 25.83, 25.83, 25.83, 25.82, 25.8, 25.62, 25.51, 25.49, 25.44, 25.39, 25.72, 26.09, 26.1, 26.1, 26.1, 26.1, 26.1, 26.12, 26.12], [25.93, 25.93, 25.93, 25.93, 25.92, 25.69, 25.66, 25.63, 25.64, 25.39, 25.17, 25.69, 25.7, 26.1, 26.06, 26.05, 26.07, 26.08, 26.07, 26.06], [25.87, 25.88, 25.95, 25.95, 25.96, 25.94, 25.89, 25.64, 25.48, 25.47, 25.38, 25.53, 25.6, 25.51, 26.06, 26.05, 26.06, 26.07, 26.06, 26.06], [26.1, 26.1, 26.1, 25.91, 25.94, 26.01, 25.96, 25.89, 25.3, 25.34, 25.61, 25.44, 25.49, 25.47, 26.06, 26.04, 26.05, 26.06, 26.06, 26.05], [26.1, 26.1, 26.1, 26.1, 26.1, 26.1, 26.1, 26.1, 25.96, 25.46, 25.0, 25.38, 25.43, 25.43, 26.06, 26.04, 26.05, 26.05, 26.05, 26.05], [26.1, 26.1, 26.1, 26.1, 26.1, 26.1, 26.1, 26.1, 26.1, -999.0, 25.0, 26.0, 26.0, 25.4, 26.06, 26.04, 26.04, 25.47, 25.49, 25.49], [26.1, 26.1, 26.1, 26.1, 26.1, 26.1, 26.1, 26.1, 26.1, 26.1, -999.0, 26.0, 26.0, 25.35, 25.63, 25.7, 25.71, 25.57, 25.59, 25.6], [26.1, 26.1, 26.1, 26.1, 26.1, 26.1, 26.1, 26.1, 26.1, 26.1, -999.0, 25.0, 25.0, 25.0, 25.55, 25.61, 25.63, 25.49, 25.52, 25.54], [26.1, 26.1, 26.1, 26.1, 26.1, 26.1, 26.1, 26.2, 26.2, 26.2, 26.2, 25.74, 25.0, 25.0, 25.0, 25.5, 25.54, 25.41, 25.45, 25.48], [26.1, 26.1, 26.16, 26.16, 26.17, 26.2, 26.2, 26.2, 26.2, 26.2, 25.44, 25.53, 25.41, 25.32, 25.43, 25.29, 25.34, 25.26, 25.5, 25.54], [26.16, 26.16, 26.14, 26.14, 26.2, 26.2, 26.2, 26.2, 26.2, 26.2, 25.68, 25.54, 25.38, 25.23, 25.23, 25.21, 25.28, 25.34, 25.38, 25.41], [26.14, 26.14, 26.14, 26.14, 26.2, 26.2, 26.2, 26.2, 26.2, 25.9, 25.73, 25.55, 25.37, 25.24, 25.03, 25.19, 25.29, 25.36, 25.4, 25.43], [26.14, 26.14, 26.14, 26.2, 26.2, 26.2, 26.2, 26.2, 26.09, 25.97, 25.84, 25.69, 25.47, 25.32, 25.17, 25.25, 25.33, 25.4, 25.43, 25.45], [26.14, 26.14, 26.14, 26.15, 26.15, 26.15, 26.16, 26.18, 26.08, 25.98, 25.85, 25.73, 25.54, 25.44, 25.31, 25.35, 25.41, 25.45, 25.47, 25.49], [26.14, 26.14, 26.14, 26.16, 26.16, 26.16, 26.17, 26.17, 25.99, 25.94, 25.86, 25.77, 25.59, 25.39, 25.41, 25.45, 25.49, 25.51, 25.52, 25.52], [26.15, 26.15, 26.15, 26.16, 26.16, 26.16, 26.16, 26.18, 25.96, 25.92, 25.87, 25.81, 25.61, 25.46, 25.49, 25.54, 25.57, 25.58, 25.57, 25.55], [26.15, 26.15, 26.15, 26.19, 26.19, 26.18, 26.18, 26.18, 26.17, 26.17, 26.17, 26.05, 25.85, 25.51, 25.55, 25.6, 25.65, 25.64, 25.6, 25.58], [26.19, 26.19, 26.19, 26.19, 26.19, 26.18, 26.18, 26.17, 26.16, 26.15, 26.16, 26.08, 25.86, 25.82, 25.78, 25.64, 25.73, 25.66, 25.62, 25.59], [26.19, 26.19, 26.19, 26.19, 26.19, 26.18, 26.18, 26.16, 26.14, 26.13, 26.15, 26.09, 26.07, 25.82, 25.78, 25.75, 25.65, 25.63, 25.62, 25.6], [26.19, 26.19, 26.19, 26.19, 26.19, 26.19, 26.18, 26.17, 26.15, 26.13, 26.11, 26.11, 26.08, 25.83, 25.79, 25.79, 25.75, 25.74, 25.61, 25.59], [26.2, 26.2, 26.19, 26.19, 26.19, 26.19, 26.19, 26.18, 26.18, 26.18, 26.14, 26.13, 26.11, 25.91, 25.86, 25.82, 25.79, 25.78, 25.78, 25.79], [26.2, 26.2, 26.2, 26.2, 26.2, 26.2, 26.2, 26.2, 26.21, 26.18, 26.19, 26.14, 26.09, 26.04, 25.89, 25.85, 25.82, 25.81, 25.8, 25.81], [26.2, 26.2, 26.2, 26.2, 26.2, 26.2, 26.21, 26.21, 26.23, 26.22, 26.26, 26.18, 26.11, 26.06, 25.92, 25.88, 25.85, 25.84, 25.83, 25.82], [26.2, 26.2, 26.2, 26.2, 26.2, 26.21, 26.21, 26.22, 26.16, 26.2, 26.23, 26.18, 26.12, 26.07, 25.94, 25.91, 25.88, 25.86, 25.85, 25.84], [26.2, 26.2, 26.2, 26.2, 26.21, 26.21, 26.21, 26.22, 26.15, 26.17, 26.17, 26.15, 26.11, 26.07, 25.96, 25.92, 25.9, 25.88, 25.86, 25.86], [26.2, 26.2, 26.2, 26.21, 26.21, 26.21, 26.22, 26.12, 26.13, 26.14, 26.14, 26.13, 26.1, 26.07, 25.96, 25.93, 25.91, 25.89, 25.88, 25.87]]}