gis_exercise/awsData/contour/temp_2023091205.json
{"header": {"refTime": "2023-09-12T05:00:00.000Z", "nx": 21, "ny": 33, "lo1": 113.509, "la1": 22.2235, "lo2": 113.5947, "la2": 22.1034, "dx": 0.0042850000000001385, "dy": 0.003753125000000024, "parameterCategory": 0, "parameterCategoryName": "Temperature", "parameterNumber": 0}, "z": [[26.1, 26.09, 26.09, 25.89, 25.9, 26.09, 26.1, 26.1, 26.11, 26.03, 26.03, 26.04, 26.2, 26.21, 26.21, 26.21, 26.24, 26.24, 26.23, 26.23], [26.1, 26.1, 26.09, 26.09, 25.9, 25.91, 26.09, 26.1, 26.1, 26.04, 26.04, 26.04, 26.21, 26.22, 26.22, 26.24, 26.24, 26.23, 26.23, 26.23], [26.1, 26.1, 26.09, 26.09, 25.89, 25.91, 25.94, 26.1, 26.1, 26.05, 26.04, 26.06, 26.22, 26.23, 26.25, 26.24, 26.24, 26.23, 26.23, 26.23], [26.1, 26.1, 26.1, 26.09, 26.09, 25.9, 25.92, 25.96, 25.99, 26.03, 26.04, 26.08, 26.24, 26.12, 26.25, 26.24, 26.23, 26.23, 26.23, 26.23], [26.11, 26.1, 26.1, 26.09, 26.09, 25.88, 25.89, 25.9, 25.9, 25.98, 26.01, 26.12, 26.23, 26.14, 26.25, 26.24, 26.23, 26.23, 26.22, 26.22], [26.11, 26.11, 26.1, 26.1, 26.09, 26.08, 25.86, 25.86, 25.84, 25.8, 25.97, 26.07, 26.16, 26.27, 26.24, 26.23, 26.22, 26.22, 26.22, 26.22], [26.12, 26.11, 26.11, 26.11, 26.1, 26.08, 25.9, 25.84, 25.82, 25.77, 25.76, 26.0, 26.24, 26.25, 26.23, 26.23, 26.21, 26.21, 26.22, 26.22], [26.13, 26.13, 26.13, 26.13, 26.12, 25.96, 25.92, 25.89, 25.87, 25.75, 25.61, 25.98, 25.99, 26.25, 26.2, 26.2, 26.2, 26.2, 26.2, 26.2], [26.07, 26.08, 26.15, 26.15, 26.16, 26.14, 26.09, 25.91, 25.77, 25.79, 25.77, 25.87, 25.92, 25.86, 26.2, 26.2, 26.2, 26.2, 26.2, 26.2], [26.3, 26.3, 26.3, 26.11, 26.14, 26.21, 26.16, 26.09, 25.67, 25.69, 25.93, 25.81, 25.85, 25.83, 26.2, 26.2, 26.2, 26.2, 26.2, 26.2], [26.3, 26.3, 26.3, 26.3, 26.3, 26.3, 26.3, 26.3, 26.16, 25.76, 25.5, 25.77, 25.8, 25.8, 26.2, 26.2, 26.2, 26.2, 26.2, 26.2], [26.3, 26.3, 26.3, 26.3, 26.3, 26.3, 26.3, 26.3, 26.3, -999.0, 25.5, 26.2, 26.2, 25.78, 26.2, 26.2, 26.2, 25.75, 25.76, 25.76], [26.3, 26.3, 26.3, 26.3, 26.3, 26.3, 26.3, 26.3, 26.3, 26.3, -999.0, 26.2, 26.2, 25.68, 25.91, 25.91, 25.91, 25.82, 25.83, 25.84], [26.3, 26.3, 26.3, 26.3, 26.3, 26.3, 26.3, 26.3, 26.3, 26.3, -999.0, 25.4, 25.4, 25.4, 25.84, 25.84, 25.85, 25.75, 25.78, 25.79], [26.3, 26.3, 26.3, 26.3, 26.3, 26.3, 26.3, 26.4, 26.4, 26.4, 26.4, 26.02, 25.4, 25.4, 25.4, 25.77, 25.79, 25.7, 25.73, 25.75], [26.3, 26.3, 26.36, 26.36, 26.37, 26.4, 26.4, 26.4, 26.4, 26.4, 25.77, 25.84, 25.75, 25.66, 25.76, 25.73, 25.78, 25.69, 25.85, 25.89], [26.36, 26.36, 26.34, 26.34, 26.4, 26.4, 26.4, 26.4, 26.4, 26.4, 25.97, 25.85, 25.72, 25.6, 25.62, 25.61, 25.68, 25.74, 25.78, 25.81], [26.34, 26.34, 26.34, 26.34, 26.4, 26.4, 26.4, 26.4, 26.4, 26.15, 26.01, 25.86, 25.71, 25.63, 25.43, 25.59, 25.69, 25.76, 25.8, 25.83], [26.34, 26.34, 26.34, 26.4, 26.4, 26.4, 26.4, 26.4, 26.31, 26.21, 26.11, 25.99, 25.84, 25.7, 25.57, 25.65, 25.74, 25.8, 25.84, 25.86], [26.34, 26.34, 26.4, 26.4, 26.4, 26.4, 26.4, 26.4, 26.31, 26.23, 26.13, 26.03, 25.9, 25.82, 25.71, 25.76, 25.81, 25.85, 25.88, 25.89], [26.4, 26.4, 26.4, 26.4, 26.4, 26.4, 26.4, 26.4, 26.24, 26.2, 26.14, 26.06, 25.96, 25.8, 25.82, 25.86, 25.9, 25.92, 25.92, 25.92], [26.4, 26.4, 26.4, 26.4, 26.4, 26.4, 26.4, 26.42, 26.23, 26.2, 26.16, 26.1, 26.01, 25.87, 25.9, 25.95, 25.98, 25.99, 25.97, 25.95], [26.4, 26.4, 26.4, 26.43, 26.42, 26.42, 26.42, 26.42, 26.42, 26.42, 26.42, 26.37, 26.22, 25.92, 25.96, 26.02, 26.07, 26.05, 26.01, 25.98], [26.43, 26.43, 26.43, 26.43, 26.43, 26.42, 26.42, 26.42, 26.42, 26.42, 26.42, 26.4, 26.22, 26.19, 26.17, 26.05, 26.19, 26.06, 26.01, 25.99], [26.43, 26.43, 26.43, 26.43, 26.43, 26.43, 26.43, 26.42, 26.42, 26.41, 26.42, 26.41, 26.4, 26.19, 26.17, 26.14, 26.03, 25.99, 26.0, 25.99], [26.43, 26.43, 26.43, 26.43, 26.43, 26.43, 26.43, 26.43, 26.42, 26.41, 26.41, 26.41, 26.41, 26.2, 26.17, 26.15, 26.12, 26.1, 25.99, 25.98], [26.43, 26.43, 26.43, 26.43, 26.43, 26.43, 26.43, 26.43, 26.43, 26.43, 26.43, 26.42, 26.42, 26.24, 26.21, 26.17, 26.15, 26.14, 26.14, 26.15], [26.43, 26.43, 26.43, 26.44, 26.44, 26.44, 26.44, 26.44, 26.45, 26.45, 26.45, 26.38, 26.34, 26.3, 26.23, 26.2, 26.17, 26.16, 26.16, 26.16], [26.44, 26.44, 26.44, 26.44, 26.44, 26.44, 26.44, 26.45, 26.46, 26.47, 26.47, 26.41, 26.36, 26.31, 26.25, 26.22, 26.2, 26.18, 26.18, 26.18], [26.44, 26.44, 26.44, 26.44, 26.44, 26.44, 26.45, 26.45, 26.4, 26.43, 26.45, 26.41, 26.36, 26.32, 26.26, 26.23, 26.21, 26.2, 26.19, 26.19], [26.44, 26.44, 26.44, 26.44, 26.44, 26.44, 26.45, 26.45, 26.39, 26.41, 26.41, 26.39, 26.36, 26.32, 26.27, 26.24, 26.23, 26.21, 26.2, 26.2], [26.44, 26.44, 26.44, 26.44, 26.44, 26.45, 26.45, 26.37, 26.38, 26.38, 26.38, 26.37, 26.35, 26.32, 26.27, 26.25, 26.24, 26.22, 26.21, 26.21]]}