gis_exercise/awsData/contour/temp_2023091306.json
{"header": {"refTime": "2023-09-13T06:00:00.000Z", "nx": 21, "ny": 33, "lo1": 113.509, "la1": 22.2235, "lo2": 113.5947, "la2": 22.1034, "dx": 0.0042850000000001385, "dy": 0.003753125000000024, "parameterCategory": 0, "parameterCategoryName": "Temperature", "parameterNumber": 0}, "z": [[26.62, 26.61, 26.6, 26.39, 26.4, 26.59, 26.59, 26.59, 26.59, 26.57, 26.59, 26.61, 26.79, 26.81, 26.79, 26.8, 26.9, 26.9, 26.89, 26.89], [26.62, 26.62, 26.61, 26.6, 26.4, 26.41, 26.58, 26.57, 26.56, 26.56, 26.59, 26.63, 26.81, 26.83, 26.81, 26.91, 26.9, 26.89, 26.89, 26.89], [26.63, 26.62, 26.61, 26.6, 26.4, 26.4, 26.42, 26.55, 26.52, 26.55, 26.6, 26.65, 26.84, 26.85, 26.92, 26.91, 26.9, 26.89, 26.89, 26.88], [26.63, 26.63, 26.62, 26.61, 26.6, 26.4, 26.41, 26.43, 26.45, 26.56, 26.62, 26.7, 26.88, 26.82, 26.92, 26.9, 26.89, 26.88, 26.88, 26.88], [26.64, 26.64, 26.63, 26.62, 26.61, 26.39, 26.39, 26.4, 26.4, 26.55, 26.62, 26.82, 26.93, 26.84, 26.92, 26.9, 26.88, 26.87, 26.87, 26.87], [26.65, 26.65, 26.65, 26.64, 26.62, 26.6, 26.38, 26.38, 26.37, 26.35, 26.67, 26.77, 26.86, 26.97, 26.91, 26.89, 26.86, 26.85, 26.86, 26.86], [26.73, 26.67, 26.66, 26.66, 26.64, 26.62, 26.5, 26.37, 26.36, 26.41, 26.42, 26.7, 26.94, 26.95, 26.9, 26.87, 26.84, 26.83, 26.84, 26.85], [26.74, 26.75, 26.75, 26.74, 26.73, 26.58, 26.52, 26.45, 26.41, 26.38, 26.3, 26.68, 26.69, 26.95, 26.84, 26.85, 26.83, 26.82, 26.83, 26.84], [26.66, 26.67, 26.77, 26.78, 26.78, 26.76, 26.69, 26.5, 26.34, 26.42, 26.47, 26.57, 26.62, 26.56, 26.84, 26.85, 26.84, 26.83, 26.84, 26.84], [27.0, 27.0, 27.0, 26.72, 26.76, 26.86, 26.79, 26.69, 26.29, 26.3, 26.63, 26.51, 26.55, 26.53, 26.84, 26.86, 26.85, 26.84, 26.84, 26.85], [27.0, 27.0, 27.0, 27.0, 27.0, 27.0, 27.0, 27.0, 26.79, 26.33, 26.2, 26.47, 26.5, 26.5, 26.84, 26.86, 26.85, 26.85, 26.85, 26.85], [27.0, 27.0, 27.0, 27.0, 27.0, 27.0, 27.0, 27.0, 27.0, -999.0, 26.2, 26.9, 26.9, 26.48, 26.84, 26.86, 26.86, 26.35, 26.36, 26.36], [27.0, 27.0, 27.0, 27.0, 27.0, 27.0, 27.0, 27.0, 27.0, 27.0, -999.0, 26.9, 26.9, 26.31, 26.57, 26.51, 26.51, 26.42, 26.43, 26.44], [27.0, 27.0, 27.0, 27.0, 27.0, 27.0, 27.0, 27.0, 27.0, 27.0, -999.0, 26.0, 26.0, 26.0, 26.49, 26.44, 26.45, 26.35, 26.38, 26.39], [27.0, 27.0, 27.0, 27.0, 27.0, 27.0, 27.0, 27.1, 27.1, 27.1, 27.1, 26.68, 26.0, 26.0, 26.0, 26.37, 26.39, 26.3, 26.33, 26.35], [27.0, 27.0, 27.06, 27.06, 27.07, 27.1, 27.1, 27.1, 27.1, 27.1, 26.41, 26.49, 26.38, 26.29, 26.39, 26.37, 26.42, 26.32, 26.48, 26.51], [27.06, 27.06, 27.04, 27.04, 27.1, 27.1, 27.1, 27.1, 27.1, 27.1, 26.63, 26.49, 26.35, 26.21, 26.24, 26.27, 26.36, 26.44, 26.49, 26.53], [27.04, 27.04, 27.04, 27.04, 27.1, 27.1, 27.1, 27.1, 27.1, 26.82, 26.67, 26.51, 26.34, 26.25, 26.04, 26.24, 26.37, 26.46, 26.52, 26.55], [27.04, 27.04, 27.04, 27.1, 27.1, 27.1, 27.1, 27.1, 27.0, 26.89, 26.8, 26.67, 26.48, 26.33, 26.22, 26.32, 26.43, 26.51, 26.56, 26.58], [27.04, 27.04, 27.16, 27.15, 27.15, 27.15, 27.14, 27.12, 27.01, 26.93, 26.82, 26.71, 26.55, 26.47, 26.4, 26.45, 26.52, 26.58, 26.61, 26.62], [27.16, 27.16, 27.16, 27.14, 27.14, 27.14, 27.13, 27.13, 26.95, 26.91, 26.84, 26.76, 26.62, 26.51, 26.53, 26.58, 26.63, 26.66, 26.67, 26.67], [27.15, 27.15, 27.15, 27.14, 27.14, 27.14, 27.14, 27.17, 26.94, 26.92, 26.87, 26.81, 26.71, 26.59, 26.63, 26.69, 26.73, 26.74, 26.73, 26.71], [27.15, 27.15, 27.15, 27.19, 27.19, 27.18, 27.18, 27.18, 27.19, 27.19, 27.19, 27.12, 27.01, 26.66, 26.71, 26.77, 26.83, 26.81, 26.78, 26.74], [27.19, 27.19, 27.19, 27.19, 27.19, 27.19, 27.19, 27.19, 27.2, 27.2, 27.2, 27.18, 27.02, 26.99, 26.96, 26.81, 26.93, 26.85, 26.8, 26.76], [27.2, 27.2, 27.2, 27.2, 27.2, 27.2, 27.2, 27.2, 27.2, 27.2, 27.21, 27.18, 27.17, 26.99, 26.96, 26.94, 26.83, 26.82, 26.8, 26.77], [27.2, 27.2, 27.2, 27.2, 27.2, 27.21, 27.21, 27.21, 27.21, 27.21, 27.2, 27.19, 27.18, 26.99, 26.97, 26.96, 26.93, 26.92, 26.78, 26.76], [27.2, 27.2, 27.2, 27.21, 27.21, 27.21, 27.21, 27.22, 27.22, 27.22, 27.21, 27.21, 27.19, 27.04, 27.01, 26.98, 26.96, 26.95, 26.95, 26.96], [27.2, 27.21, 27.21, 27.21, 27.21, 27.22, 27.22, 27.23, 27.23, 27.24, 27.24, 27.2, 27.16, 27.12, 27.03, 27.0, 26.98, 26.97, 26.97, 26.97], [27.21, 27.21, 27.21, 27.21, 27.22, 27.22, 27.23, 27.23, 27.25, 27.26, 27.27, 27.22, 27.18, 27.14, 27.05, 27.02, 27.0, 26.99, 26.98, 26.98], [27.21, 27.21, 27.21, 27.22, 27.22, 27.22, 27.23, 27.24, 27.21, 27.24, 27.26, 27.22, 27.18, 27.15, 27.06, 27.04, 27.02, 27.0, 27.0, 26.99], [27.21, 27.21, 27.21, 27.22, 27.22, 27.22, 27.23, 27.24, 27.2, 27.22, 27.22, 27.2, 27.18, 27.15, 27.07, 27.05, 27.03, 27.02, 27.01, 27.0], [27.21, 27.21, 27.22, 27.22, 27.22, 27.23, 27.23, 27.19, 27.19, 27.2, 27.2, 27.19, 27.17, 27.15, 27.07, 27.05, 27.04, 27.03, 27.02, 27.01]]}