gis_exercise/awsData/contour/temp_2023090210.json
{"header": {"refTime": "2023-09-02T10:00:00.000Z", "nx": 21, "ny": 33, "lo1": 113.509, "la1": 22.2235, "lo2": 113.5947, "la2": 22.1034, "dx": 0.0042850000000001385, "dy": 0.003753125000000024, "parameterCategory": 0, "parameterCategoryName": "Temperature", "parameterNumber": 0}, "z": [[26.15, 26.14, 26.14, 25.9, 25.9, 26.12, 26.11, 26.11, 26.11, 26.05, 26.07, 26.09, 26.29, 26.31, 26.32, 26.33, 26.44, 26.44, 26.43, 26.43], [26.15, 26.15, 26.14, 26.13, 25.9, 25.91, 26.1, 26.09, 26.08, 26.04, 26.07, 26.1, 26.31, 26.33, 26.33, 26.44, 26.44, 26.43, 26.43, 26.43], [26.16, 26.15, 26.14, 26.13, 25.9, 25.91, 25.92, 26.07, 26.02, 26.03, 26.08, 26.13, 26.34, 26.35, 26.45, 26.44, 26.44, 26.43, 26.43, 26.43], [26.17, 26.16, 26.15, 26.14, 26.13, 25.91, 25.92, 25.93, 25.95, 26.04, 26.09, 26.18, 26.38, 26.3, 26.45, 26.44, 26.43, 26.43, 26.43, 26.43], [26.18, 26.17, 26.16, 26.15, 26.14, 25.9, 25.9, 25.91, 25.9, 26.03, 26.09, 26.3, 26.42, 26.33, 26.45, 26.44, 26.43, 26.43, 26.42, 26.42], [26.19, 26.18, 26.18, 26.17, 26.16, 26.14, 25.9, 25.89, 25.88, 25.84, 26.13, 26.25, 26.35, 26.47, 26.44, 26.43, 26.42, 26.42, 26.42, 26.42], [26.28, 26.2, 26.2, 26.19, 26.18, 26.16, 26.02, 25.9, 25.89, 25.89, 25.88, 26.16, 26.44, 26.45, 26.43, 26.43, 26.41, 26.41, 26.42, 26.42], [26.29, 26.29, 26.29, 26.29, 26.28, 26.1, 26.05, 26.0, 25.98, 25.86, 25.73, 26.15, 26.16, 26.45, 26.4, 26.4, 26.4, 26.4, 26.4, 26.4], [26.21, 26.22, 26.31, 26.32, 26.32, 26.3, 26.24, 26.03, 25.87, 25.92, 25.91, 26.03, 26.08, 26.01, 26.4, 26.4, 26.4, 26.4, 26.4, 26.4], [26.5, 26.5, 26.5, 26.27, 26.3, 26.39, 26.33, 26.24, 25.77, 25.79, 26.09, 25.95, 26.0, 25.97, 26.4, 26.4, 26.4, 26.4, 26.4, 26.4], [26.5, 26.5, 26.5, 26.5, 26.5, 26.5, 26.5, 26.5, 26.32, 25.86, 25.6, 25.9, 25.94, 25.94, 26.4, 26.4, 26.4, 26.4, 26.4, 26.4], [26.5, 26.5, 26.5, 26.5, 26.5, 26.5, 26.5, 26.5, 26.5, -999.0, 25.6, 26.4, 26.4, 25.92, 26.4, 26.4, 26.4, 25.72, 25.73, 25.74], [26.5, 26.5, 26.5, 26.5, 26.5, 26.5, 26.5, 26.5, 26.5, 26.5, -999.0, 26.4, 26.4, 25.62, 25.96, 25.96, 25.97, 25.82, 25.85, 25.86], [26.5, 26.5, 26.5, 26.5, 26.5, 26.5, 26.5, 26.5, 26.5, 26.5, -999.0, 25.2, 25.2, 25.2, 25.86, 25.86, 25.88, 25.73, 25.76, 25.79], [26.5, 26.5, 26.5, 26.5, 26.5, 26.5, 26.5, 26.3, 26.3, 26.3, 26.3, 25.88, 25.2, 25.2, 25.2, 25.75, 25.79, 25.65, 25.69, 25.73], [26.5, 26.5, 26.37, 26.37, 26.37, 26.3, 26.3, 26.3, 26.3, 26.3, 25.61, 25.69, 25.58, 25.49, 25.59, 25.6, 25.66, 25.56, 25.81, 25.85], [26.37, 26.37, 26.43, 26.43, 26.3, 26.3, 26.3, 26.3, 26.3, 26.3, 25.83, 25.69, 25.55, 25.41, 25.45, 25.44, 25.53, 25.59, 25.64, 25.67], [26.43, 26.43, 26.42, 26.42, 26.3, 26.3, 26.3, 26.3, 26.3, 26.02, 25.87, 25.71, 25.54, 25.46, 25.24, 25.41, 25.54, 25.61, 25.66, 25.69], [26.42, 26.42, 26.42, 26.3, 26.3, 26.3, 26.3, 26.3, 26.2, 26.09, 25.96, 25.83, 25.7, 25.55, 25.4, 25.49, 25.59, 25.66, 25.7, 25.72], [26.42, 26.42, 26.24, 26.25, 26.25, 26.25, 26.26, 26.28, 26.19, 26.09, 25.98, 25.86, 25.77, 25.69, 25.56, 25.61, 25.67, 25.72, 25.75, 25.76], [26.24, 26.24, 26.24, 26.26, 26.26, 26.26, 26.27, 26.27, 26.11, 26.06, 25.99, 25.9, 25.84, 25.66, 25.68, 25.73, 25.77, 25.8, 25.8, 25.8], [26.25, 26.25, 26.25, 26.26, 26.26, 26.26, 26.26, 26.25, 26.07, 26.04, 26.0, 25.94, 25.88, 25.74, 25.78, 25.83, 25.87, 25.88, 25.86, 25.83], [26.25, 26.25, 26.25, 26.24, 26.24, 26.24, 26.24, 26.24, 26.23, 26.23, 26.23, 26.26, 26.09, 25.8, 25.85, 25.92, 25.99, 25.95, 25.89, 25.86], [26.24, 26.24, 26.24, 26.23, 26.23, 26.23, 26.23, 26.23, 26.22, 26.22, 26.22, 26.22, 26.09, 26.07, 26.06, 25.95, 26.14, 25.95, 25.9, 25.87], [26.23, 26.23, 26.23, 26.23, 26.23, 26.23, 26.22, 26.22, 26.21, 26.21, 26.21, 26.22, 26.23, 26.07, 26.05, 26.03, 25.91, 25.84, 25.88, 25.86], [26.23, 26.23, 26.23, 26.23, 26.23, 26.22, 26.22, 26.22, 26.21, 26.21, 26.21, 26.22, 26.23, 26.07, 26.04, 26.02, 25.98, 25.96, 25.87, 25.86], [26.23, 26.23, 26.23, 26.23, 26.23, 26.22, 26.22, 26.22, 26.21, 26.21, 26.21, 26.22, 26.22, 26.07, 26.05, 26.03, 26.01, 25.99, 26.0, 26.01], [26.23, 26.23, 26.23, 26.23, 26.22, 26.22, 26.22, 26.22, 26.21, 26.21, 26.21, 26.13, 26.09, 26.05, 26.06, 26.04, 26.02, 26.02, 26.01, 26.02], [26.23, 26.23, 26.23, 26.22, 26.22, 26.22, 26.22, 26.21, 26.21, 26.21, 26.18, 26.14, 26.1, 26.07, 26.07, 26.05, 26.04, 26.03, 26.03, 26.03], [26.23, 26.23, 26.23, 26.22, 26.22, 26.22, 26.22, 26.21, 26.14, 26.16, 26.17, 26.14, 26.11, 26.07, 26.08, 26.06, 26.05, 26.04, 26.04, 26.03], [26.23, 26.23, 26.22, 26.22, 26.22, 26.22, 26.22, 26.22, 26.13, 26.14, 26.14, 26.12, 26.1, 26.08, 26.08, 26.07, 26.06, 26.05, 26.04, 26.04], [26.23, 26.23, 26.22, 26.22, 26.22, 26.22, 26.22, 26.12, 26.12, 26.12, 26.12, 26.11, 26.09, 26.07, 26.08, 26.07, 26.06, 26.06, 26.05, 26.05]]}