gis_exercise/awsData/contour/temp_2023090315.json
{"header": {"refTime": "2023-09-03T15:00:00.000Z", "nx": 21, "ny": 33, "lo1": 113.509, "la1": 22.2235, "lo2": 113.5947, "la2": 22.1034, "dx": 0.0042850000000001385, "dy": 0.003753125000000024, "parameterCategory": 0, "parameterCategoryName": "Temperature", "parameterNumber": 0}, "z": [[30.99, 30.99, 31.0, 31.14, 31.15, 31.0, 31.03, 31.05, 31.07, 31.3, 31.29, 31.28, 31.47, 31.48, 30.69, 30.63, 30.91, 30.87, 30.84, 30.83], [30.98, 30.99, 30.99, 31.0, 31.14, 31.15, 31.04, 31.09, 31.13, 31.3, 31.29, 31.27, 31.45, 31.47, 30.68, 30.93, 30.88, 30.83, 30.8, 30.78], [30.98, 30.98, 30.99, 30.99, 31.13, 31.14, 31.17, 31.12, 31.26, 31.3, 31.28, 31.26, 31.42, 31.44, 30.99, 30.91, 30.83, 30.77, 30.74, 30.73], [30.98, 30.98, 30.98, 30.98, 30.98, 31.12, 31.14, 31.18, 31.22, 31.31, 31.28, 31.23, 31.35, 31.48, 30.99, 30.87, 30.76, 30.68, 30.66, 30.66], [30.97, 30.97, 30.97, 30.96, 30.96, 31.09, 31.09, 31.11, 31.14, 31.33, 31.29, 31.43, 31.19, 31.44, 30.99, 30.81, 30.64, 30.54, 30.54, 30.58], [30.97, 30.97, 30.96, 30.95, 30.94, 30.92, 31.03, 31.02, 31.06, 31.15, 31.68, 31.56, 31.4, 31.5, 31.0, 30.73, 30.44, 30.32, 30.39, 30.5], [30.84, 30.97, 30.96, 30.95, 30.93, 30.89, 30.93, 30.88, 30.9, 31.41, 31.65, 31.84, 31.85, 31.77, 31.03, 30.64, 30.15, 29.96, 29.86, 29.95], [30.86, 30.86, 30.86, 30.86, 30.84, 31.0, 30.92, 30.75, 30.67, 31.4, 31.69, 32.25, 32.26, 31.75, 30.68, 30.99, 30.36, 30.13, 30.49, 30.73], [30.74, 30.75, 30.9, 30.91, 30.91, 30.88, 30.78, 30.88, 30.81, 31.4, 32.01, 32.13, 32.18, 32.11, 30.76, 31.11, 30.74, 30.59, 30.68, 30.81], [31.2, 31.2, 31.2, 30.83, 30.88, 31.02, 30.92, 30.78, 31.14, 31.07, 32.19, 32.05, 32.1, 32.07, 30.76, 31.23, 31.0, 30.87, 30.87, 30.92], [31.2, 31.2, 31.2, 31.2, 31.2, 31.2, 31.2, 31.2, 30.92, 30.84, 31.7, 32.0, 32.04, 32.04, 30.73, 31.33, 31.16, 31.06, 31.03, 31.05], [31.2, 31.2, 31.2, 31.2, 31.2, 31.2, 31.2, 31.2, 31.2, -999.0, 31.7, 32.5, 32.5, 32.02, 30.7, 31.43, 31.32, 29.71, 29.71, 29.71], [31.2, 31.2, 31.2, 31.2, 31.2, 31.2, 31.2, 31.2, 31.2, 31.2, -999.0, 32.5, 32.5, 30.74, 31.51, 29.67, 29.67, 29.7, 29.69, 29.69], [31.2, 31.2, 31.2, 31.2, 31.2, 31.2, 31.2, 31.2, 31.2, 31.2, -999.0, 29.8, 29.8, 29.8, 31.28, 29.69, 29.69, 29.71, 29.71, 29.7], [31.2, 31.2, 31.2, 31.2, 31.2, 31.2, 31.2, 32.0, 32.0, 32.0, 32.0, 31.15, 29.8, 29.8, 29.8, 29.71, 29.7, 29.73, 29.72, 29.71], [31.2, 31.2, 31.7, 31.71, 31.73, 32.0, 32.0, 32.0, 32.0, 32.0, 30.62, 30.77, 30.56, 30.38, 30.58, 29.62, 29.59, 29.64, 29.61, 29.6], [31.71, 31.72, 31.48, 31.5, 32.0, 32.0, 32.0, 32.0, 32.0, 32.0, 31.05, 30.78, 30.49, 30.23, 30.01, 29.91, 29.94, 29.97, 30.0, 30.02], [31.49, 31.5, 31.51, 31.53, 32.0, 32.0, 32.0, 32.0, 32.0, 31.44, 31.15, 30.82, 30.47, 30.03, 29.83, 29.89, 29.94, 29.98, 30.01, 30.03], [31.5, 31.51, 31.53, 32.0, 32.0, 32.0, 32.0, 32.0, 31.8, 31.57, 31.11, 30.82, 30.31, 30.09, 29.88, 29.92, 29.96, 29.99, 30.02, 30.04], [31.51, 31.53, 31.2, 31.24, 31.29, 31.37, 31.48, 31.77, 31.64, 31.38, 31.1, 30.85, 30.35, 30.16, 29.94, 29.96, 29.99, 30.01, 30.04, 30.06], [31.15, 31.17, 31.19, 31.42, 31.45, 31.49, 31.54, 31.6, 31.33, 31.2, 31.03, 30.86, 30.35, 29.98, 29.99, 29.99, 30.01, 30.03, 30.06, 30.08], [31.35, 31.35, 31.36, 31.37, 31.38, 31.4, 31.41, 31.41, 31.11, 31.04, 30.94, 30.84, 29.9, 30.01, 30.01, 30.01, 30.01, 30.04, 30.08, 30.1], [31.32, 31.32, 31.32, 31.34, 31.33, 31.32, 31.3, 31.26, 31.22, 31.19, 31.19, 30.67, 30.31, 30.04, 30.03, 30.0, 29.94, 30.04, 30.13, 30.14], [31.33, 31.32, 31.32, 31.3, 31.29, 31.26, 31.21, 31.14, 31.05, 31.01, 31.06, 30.48, 30.33, 30.27, 30.21, 30.02, 29.69, 30.2, 30.22, 30.19], [31.31, 31.3, 31.29, 31.28, 31.25, 31.21, 31.15, 31.06, 30.9, 30.77, 30.95, 30.54, 30.43, 30.29, 30.25, 30.22, 30.31, 30.55, 30.3, 30.22], [31.3, 31.29, 31.28, 31.26, 31.23, 31.19, 31.13, 31.05, 30.91, 30.79, 30.64, 30.61, 30.51, 30.32, 30.29, 30.42, 30.45, 30.49, 30.28, 30.23], [31.29, 31.28, 31.27, 31.25, 31.22, 31.19, 31.15, 31.09, 31.04, 31.02, 30.75, 30.71, 30.61, 30.63, 30.54, 30.49, 30.48, 30.48, 30.47, 30.47], [31.28, 31.27, 31.26, 31.24, 31.22, 31.2, 31.17, 31.15, 31.15, 30.91, 30.95, 31.12, 31.09, 31.08, 30.61, 30.55, 30.52, 30.5, 30.49, 30.49], [31.28, 31.27, 31.26, 31.24, 31.23, 31.21, 31.2, 31.2, 31.22, 31.09, 31.32, 31.2, 31.13, 31.1, 30.67, 30.6, 30.56, 30.54, 30.52, 30.51], [31.28, 31.27, 31.26, 31.25, 31.24, 31.23, 31.22, 31.23, 31.15, 31.23, 31.28, 31.21, 31.15, 31.11, 30.71, 30.64, 30.6, 30.57, 30.55, 30.53], [31.28, 31.27, 31.26, 31.25, 31.24, 31.24, 31.24, 31.24, 31.14, 31.18, 31.2, 31.18, 31.14, 31.12, 30.73, 30.67, 30.63, 30.59, 30.57, 30.56], [31.28, 31.27, 31.26, 31.26, 31.25, 31.25, 31.25, 31.1, 31.13, 31.15, 31.16, 31.15, 31.13, 31.11, 30.74, 30.69, 30.65, 30.62, 30.59, 30.58]]}