gis_exercise/awsData/contour/temp_2023090708.json
{"header": {"refTime": "2023-09-07T08:00:00.000Z", "nx": 21, "ny": 33, "lo1": 113.509, "la1": 22.2235, "lo2": 113.5947, "la2": 22.1034, "dx": 0.0042850000000001385, "dy": 0.003753125000000024, "parameterCategory": 0, "parameterCategoryName": "Temperature", "parameterNumber": 0}, "z": [[28.2, 28.19, 28.19, 28.01, 28.02, 28.19, 28.2, 28.2, 28.21, 28.2, 28.21, 28.22, 28.37, 28.38, 28.35, 28.35, 28.4, 28.4, 28.39, 28.39], [28.2, 28.19, 28.19, 28.19, 28.02, 28.03, 28.19, 28.2, 28.21, 28.2, 28.21, 28.23, 28.38, 28.39, 28.36, 28.41, 28.4, 28.39, 28.39, 28.39], [28.2, 28.2, 28.19, 28.19, 28.01, 28.03, 28.05, 28.2, 28.2, 28.2, 28.22, 28.24, 28.39, 28.4, 28.42, 28.41, 28.4, 28.39, 28.39, 28.38], [28.2, 28.2, 28.19, 28.19, 28.18, 28.01, 28.03, 28.07, 28.1, 28.19, 28.22, 28.27, 28.42, 28.34, 28.42, 28.4, 28.39, 28.38, 28.38, 28.38], [28.21, 28.2, 28.2, 28.19, 28.18, 27.99, 28.0, 28.01, 28.02, 28.17, 28.21, 28.34, 28.44, 28.36, 28.42, 28.4, 28.38, 28.37, 28.37, 28.37], [28.21, 28.21, 28.21, 28.2, 28.18, 28.16, 27.97, 27.97, 27.96, 27.94, 28.2, 28.3, 28.38, 28.47, 28.41, 28.39, 28.36, 28.35, 28.36, 28.36], [28.23, 28.22, 28.22, 28.21, 28.2, 28.17, 28.03, 27.93, 27.92, 27.95, 27.97, 28.23, 28.44, 28.45, 28.4, 28.37, 28.34, 28.33, 28.34, 28.35], [28.24, 28.25, 28.25, 28.24, 28.23, 28.1, 28.05, 27.97, 27.92, 27.93, 27.88, 28.22, 28.22, 28.45, 28.34, 28.35, 28.33, 28.32, 28.33, 28.34], [28.16, 28.17, 28.27, 28.28, 28.28, 28.26, 28.19, 28.02, 27.87, 27.96, 28.03, 28.12, 28.16, 28.1, 28.34, 28.35, 28.34, 28.33, 28.34, 28.34], [28.5, 28.5, 28.5, 28.22, 28.26, 28.36, 28.29, 28.19, 27.84, 27.85, 28.16, 28.06, 28.1, 28.08, 28.34, 28.36, 28.35, 28.34, 28.34, 28.35], [28.5, 28.5, 28.5, 28.5, 28.5, 28.5, 28.5, 28.5, 28.29, 27.87, 27.8, 28.03, 28.06, 28.06, 28.34, 28.36, 28.35, 28.35, 28.35, 28.35], [28.5, 28.5, 28.5, 28.5, 28.5, 28.5, 28.5, 28.5, 28.5, -999.0, 27.8, 28.4, 28.4, 28.04, 28.34, 28.36, 28.36, 27.73, 27.75, 27.75], [28.5, 28.5, 28.5, 28.5, 28.5, 28.5, 28.5, 28.5, 28.5, 28.5, -999.0, 28.4, 28.4, 27.68, 28.0, 27.94, 27.94, 27.82, 27.84, 27.85], [28.5, 28.5, 28.5, 28.5, 28.5, 28.5, 28.5, 28.5, 28.5, 28.5, -999.0, 27.3, 27.3, 27.3, 27.9, 27.85, 27.87, 27.74, 27.77, 27.79], [28.5, 28.5, 28.5, 28.5, 28.5, 28.5, 28.5, 28.3, 28.3, 28.3, 28.3, 27.92, 27.3, 27.3, 27.3, 27.76, 27.79, 27.67, 27.71, 27.74], [28.5, 28.5, 28.37, 28.37, 28.37, 28.3, 28.3, 28.3, 28.3, 28.3, 27.67, 27.74, 27.65, 27.56, 27.66, 27.59, 27.64, 27.56, 27.78, 27.81], [28.37, 28.37, 28.43, 28.43, 28.3, 28.3, 28.3, 28.3, 28.3, 28.3, 27.87, 27.75, 27.62, 27.5, 27.51, 27.49, 27.56, 27.62, 27.66, 27.68], [28.43, 28.43, 28.42, 28.42, 28.3, 28.3, 28.3, 28.3, 28.3, 28.05, 27.91, 27.76, 27.61, 27.52, 27.33, 27.47, 27.57, 27.63, 27.67, 27.7], [28.42, 28.42, 28.42, 28.3, 28.3, 28.3, 28.3, 28.3, 28.21, 28.11, 27.99, 27.87, 27.72, 27.59, 27.46, 27.53, 27.61, 27.67, 27.7, 27.72], [28.42, 28.42, 28.24, 28.25, 28.25, 28.25, 28.26, 28.28, 28.19, 28.11, 28.01, 27.9, 27.78, 27.7, 27.59, 27.63, 27.68, 27.72, 27.74, 27.75], [28.24, 28.24, 28.24, 28.26, 28.26, 28.26, 28.27, 28.27, 28.12, 28.08, 28.01, 27.93, 27.83, 27.67, 27.69, 27.72, 27.76, 27.78, 27.79, 27.78], [28.25, 28.25, 28.25, 28.26, 28.26, 28.26, 28.26, 28.27, 28.09, 28.06, 28.02, 27.97, 27.85, 27.73, 27.76, 27.8, 27.84, 27.84, 27.83, 27.81], [28.25, 28.25, 28.25, 28.26, 28.26, 28.26, 28.26, 28.26, 28.25, 28.25, 28.25, 28.2, 28.05, 27.78, 27.82, 27.87, 27.92, 27.9, 27.86, 27.84], [28.26, 28.26, 28.26, 28.26, 28.26, 28.26, 28.25, 28.25, 28.24, 28.24, 28.24, 28.2, 28.05, 28.03, 28.01, 27.9, 28.01, 27.91, 27.87, 27.85], [28.26, 28.26, 28.26, 28.26, 28.26, 28.26, 28.25, 28.24, 28.23, 28.22, 28.23, 28.21, 28.2, 28.03, 28.0, 27.98, 27.89, 27.86, 27.86, 27.85], [28.26, 28.26, 28.26, 28.26, 28.26, 28.26, 28.25, 28.24, 28.23, 28.22, 28.21, 28.21, 28.21, 28.03, 28.0, 28.0, 27.97, 27.95, 27.86, 27.84], [28.26, 28.26, 28.26, 28.26, 28.26, 28.26, 28.25, 28.25, 28.25, 28.24, 28.23, 28.22, 28.22, 28.07, 28.04, 28.02, 27.99, 27.98, 27.99, 27.99], [28.26, 28.26, 28.26, 28.26, 28.26, 28.26, 28.26, 28.26, 28.26, 28.25, 28.25, 28.2, 28.16, 28.12, 28.06, 28.04, 28.02, 28.01, 28.0, 28.01], [28.26, 28.26, 28.26, 28.26, 28.26, 28.26, 28.26, 28.26, 28.27, 28.27, 28.27, 28.22, 28.18, 28.14, 28.08, 28.05, 28.04, 28.02, 28.02, 28.02], [28.26, 28.26, 28.26, 28.26, 28.26, 28.26, 28.26, 28.27, 28.21, 28.24, 28.26, 28.22, 28.18, 28.15, 28.09, 28.07, 28.05, 28.04, 28.03, 28.03], [28.26, 28.26, 28.26, 28.26, 28.26, 28.26, 28.27, 28.27, 28.2, 28.22, 28.22, 28.2, 28.18, 28.15, 28.1, 28.08, 28.06, 28.05, 28.04, 28.04], [28.26, 28.26, 28.26, 28.26, 28.27, 28.27, 28.27, 28.19, 28.19, 28.2, 28.2, 28.19, 28.17, 28.15, 28.1, 28.08, 28.07, 28.06, 28.05, 28.05]]}