gis_exercise/awsData/contour/temp_2023090617.json
{"header": {"refTime": "2023-09-06T17:00:00.000Z", "nx": 21, "ny": 33, "lo1": 113.509, "la1": 22.2235, "lo2": 113.5947, "la2": 22.1034, "dx": 0.0042850000000001385, "dy": 0.003753125000000024, "parameterCategory": 0, "parameterCategoryName": "Temperature", "parameterNumber": 0}, "z": [[30.01, 30.0, 29.99, 29.67, 29.68, 29.89, 29.89, 29.88, 29.89, 29.8, 29.82, 29.83, 30.1, 30.12, 30.02, 30.02, 30.18, 30.18, 30.17, 30.17], [30.01, 30.01, 29.99, 29.98, 29.68, 29.69, 29.88, 29.87, 29.86, 29.8, 29.82, 29.84, 30.11, 30.13, 30.03, 30.19, 30.18, 30.17, 30.17, 30.17], [30.02, 30.01, 30.0, 29.99, 29.68, 29.69, 29.7, 29.85, 29.81, 29.8, 29.83, 29.87, 30.13, 30.15, 30.19, 30.18, 30.17, 30.16, 30.16, 30.16], [30.03, 30.03, 30.01, 30.0, 29.98, 29.68, 29.69, 29.71, 29.73, 29.8, 29.83, 29.9, 30.16, 30.07, 30.19, 30.18, 30.16, 30.15, 30.15, 30.15], [30.05, 30.04, 30.03, 30.02, 30.0, 29.67, 29.68, 29.68, 29.68, 29.77, 29.82, 30.06, 30.15, 30.09, 30.19, 30.17, 30.15, 30.13, 30.13, 30.14], [30.06, 30.06, 30.05, 30.04, 30.02, 29.99, 29.67, 29.67, 29.65, 29.6, 29.91, 30.03, 30.11, 30.27, 30.2, 30.16, 30.12, 30.1, 30.11, 30.13], [30.19, 30.08, 30.08, 30.07, 30.05, 30.02, 29.85, 29.68, 29.66, 29.69, 29.68, 29.98, 30.31, 30.3, 30.2, 30.15, 30.08, 30.05, 30.04, 30.05], [30.2, 30.2, 30.21, 30.2, 30.19, 29.95, 29.89, 29.81, 29.78, 29.64, 29.47, 30.06, 30.07, 30.3, 30.15, 30.19, 30.1, 30.07, 30.12, 30.16], [30.1, 30.11, 30.23, 30.24, 30.25, 30.22, 30.14, 29.86, 29.64, 29.72, 29.72, 29.88, 29.96, 29.86, 30.16, 30.21, 30.16, 30.14, 30.15, 30.17], [30.5, 30.5, 30.5, 30.17, 30.22, 30.34, 30.26, 30.14, 29.52, 29.54, 29.97, 29.78, 29.84, 29.82, 30.16, 30.23, 30.19, 30.18, 30.18, 30.18], [30.5, 30.5, 30.5, 30.5, 30.5, 30.5, 30.5, 30.5, 30.25, 29.63, 29.3, 29.72, 29.77, 29.77, 30.16, 30.24, 30.21, 30.2, 30.2, 30.2], [30.5, 30.5, 30.5, 30.5, 30.5, 30.5, 30.5, 30.5, 30.5, -999.0, 29.3, 30.4, 30.4, 29.74, 30.15, 30.25, 30.24, 29.55, 29.56, 29.56], [30.5, 30.5, 30.5, 30.5, 30.5, 30.5, 30.5, 30.5, 30.5, 30.5, -999.0, 30.4, 30.4, 29.62, 29.96, 29.71, 29.71, 29.62, 29.63, 29.64], [30.5, 30.5, 30.5, 30.5, 30.5, 30.5, 30.5, 30.5, 30.5, 30.5, -999.0, 29.2, 29.2, 29.2, 29.86, 29.64, 29.65, 29.55, 29.58, 29.59], [30.5, 30.5, 30.5, 30.5, 30.5, 30.5, 30.5, 30.4, 30.4, 30.4, 30.4, 29.94, 29.2, 29.2, 29.2, 29.57, 29.59, 29.5, 29.53, 29.55], [30.5, 30.5, 30.44, 30.44, 30.43, 30.4, 30.4, 30.4, 30.4, 30.4, 29.64, 29.73, 29.61, 29.52, 29.63, 29.46, 29.5, 29.43, 29.6, 29.63], [30.44, 30.44, 30.46, 30.46, 30.4, 30.4, 30.4, 30.4, 30.4, 30.4, 29.88, 29.74, 29.58, 29.43, 29.42, 29.29, 29.33, 29.35, 29.37, 29.38], [30.46, 30.46, 30.46, 30.46, 30.4, 30.4, 30.4, 30.4, 30.4, 30.1, 29.93, 29.75, 29.57, 29.43, 29.23, 29.28, 29.33, 29.36, 29.38, 29.39], [30.46, 30.46, 30.46, 30.4, 30.4, 30.4, 30.4, 30.4, 30.29, 30.17, 30.04, 29.89, 29.66, 29.51, 29.28, 29.31, 29.35, 29.38, 29.4, 29.4], [30.46, 30.46, 30.34, 30.35, 30.35, 30.35, 30.36, 30.38, 30.28, 30.18, 30.05, 29.93, 29.71, 29.62, 29.34, 29.37, 29.39, 29.41, 29.42, 29.42], [30.34, 30.34, 30.34, 30.36, 30.36, 30.36, 30.37, 30.37, 30.19, 30.14, 30.06, 29.97, 29.76, 29.38, 29.4, 29.42, 29.44, 29.44, 29.44, 29.43], [30.35, 30.35, 30.35, 30.36, 30.36, 30.36, 30.36, 30.35, 30.16, 30.12, 30.07, 30.01, 29.78, 29.42, 29.44, 29.47, 29.49, 29.48, 29.46, 29.44], [30.35, 30.35, 30.35, 30.34, 30.34, 30.34, 30.34, 30.34, 30.33, 30.33, 30.33, 30.22, 29.81, 29.44, 29.47, 29.51, 29.56, 29.52, 29.47, 29.44], [30.34, 30.34, 30.34, 30.33, 30.33, 30.33, 30.33, 30.33, 30.32, 30.32, 30.32, 30.2, 29.83, 29.74, 29.68, 29.53, 29.71, 29.47, 29.44, 29.44], [30.33, 30.33, 30.33, 30.33, 30.33, 30.33, 30.32, 30.32, 30.31, 30.31, 30.31, 30.21, 30.18, 29.75, 29.67, 29.6, 29.42, 29.32, 29.41, 29.42], [30.33, 30.33, 30.33, 30.33, 30.33, 30.32, 30.32, 30.32, 30.31, 30.31, 30.25, 30.22, 30.19, 29.75, 29.68, 29.61, 29.53, 29.5, 29.41, 29.42], [30.33, 30.33, 30.33, 30.33, 30.33, 30.32, 30.32, 30.32, 30.31, 30.31, 30.25, 30.23, 30.2, 29.78, 29.71, 29.65, 29.59, 29.57, 29.58, 29.59], [30.33, 30.33, 30.33, 30.33, 30.32, 30.32, 30.32, 30.32, 30.31, 30.26, 30.26, 30.12, 30.04, 29.95, 29.75, 29.69, 29.65, 29.62, 29.62, 29.62], [30.33, 30.33, 30.33, 30.32, 30.32, 30.32, 30.32, 30.31, 30.31, 30.27, 30.25, 30.16, 30.07, 29.98, 29.79, 29.73, 29.69, 29.67, 29.65, 29.65], [30.33, 30.33, 30.33, 30.32, 30.32, 30.32, 30.32, 30.31, 30.16, 30.2, 30.22, 30.15, 30.07, 30.0, 29.82, 29.77, 29.73, 29.7, 29.68, 29.68], [30.33, 30.33, 30.32, 30.32, 30.32, 30.32, 30.32, 30.32, 30.14, 30.15, 30.15, 30.12, 30.06, 30.0, 29.84, 29.79, 29.75, 29.73, 29.71, 29.7], [30.33, 30.33, 30.32, 30.32, 30.32, 30.32, 30.32, 30.1, 30.11, 30.12, 30.11, 30.08, 30.04, 30.0, 29.84, 29.8, 29.77, 29.75, 29.73, 29.72]]}