gis_exercise/awsData/contour/temp_2023090303.json
{"header": {"refTime": "2023-09-03T03:00:00.000Z", "nx": 21, "ny": 33, "lo1": 113.509, "la1": 22.2235, "lo2": 113.5947, "la2": 22.1034, "dx": 0.0042850000000001385, "dy": 0.003753125000000024, "parameterCategory": 0, "parameterCategoryName": "Temperature", "parameterNumber": 0}, "z": [[26.6, 26.59, 26.58, 26.36, 26.36, 26.54, 26.52, 26.51, 26.51, 26.46, 26.49, 26.53, 26.7, 26.72, 26.76, 26.77, 26.91, 26.91, 26.91, 26.91], [26.61, 26.6, 26.59, 26.57, 26.36, 26.36, 26.51, 26.47, 26.45, 26.43, 26.49, 26.55, 26.72, 26.74, 26.78, 26.91, 26.91, 26.91, 26.91, 26.91], [26.62, 26.61, 26.6, 26.58, 26.37, 26.36, 26.35, 26.44, 26.34, 26.41, 26.51, 26.58, 26.76, 26.78, 26.92, 26.91, 26.91, 26.91, 26.91, 26.9], [26.63, 26.62, 26.61, 26.6, 26.58, 26.37, 26.36, 26.34, 26.33, 26.44, 26.54, 26.65, 26.83, 26.8, 26.92, 26.91, 26.91, 26.91, 26.9, 26.9], [26.64, 26.64, 26.63, 26.62, 26.6, 26.38, 26.38, 26.37, 26.36, 26.47, 26.56, 26.8, 26.92, 26.82, 26.92, 26.91, 26.91, 26.9, 26.9, 26.9], [26.66, 26.66, 26.65, 26.64, 26.63, 26.61, 26.4, 26.4, 26.39, 26.36, 26.64, 26.75, 26.84, 26.93, 26.91, 26.91, 26.9, 26.9, 26.9, 26.9], [26.82, 26.67, 26.68, 26.67, 26.67, 26.65, 26.6, 26.45, 26.44, 26.45, 26.43, 26.65, 26.89, 26.9, 26.9, 26.9, 26.9, 26.9, 26.92, 26.92], [26.83, 26.83, 26.83, 26.83, 26.82, 26.66, 26.62, 26.59, 26.57, 26.43, 26.3, 26.62, 26.62, 26.9, 26.86, 26.85, 26.87, 26.88, 26.87, 26.86], [26.77, 26.78, 26.85, 26.85, 26.86, 26.84, 26.79, 26.61, 26.47, 26.47, 26.43, 26.52, 26.56, 26.5, 26.86, 26.85, 26.86, 26.87, 26.86, 26.86], [27.0, 27.0, 27.0, 26.81, 26.84, 26.91, 26.86, 26.79, 26.37, 26.39, 26.56, 26.46, 26.5, 26.48, 26.86, 26.84, 26.85, 26.86, 26.86, 26.85], [27.0, 27.0, 27.0, 27.0, 27.0, 27.0, 27.0, 27.0, 26.86, 26.46, 26.2, 26.43, 26.46, 26.46, 26.86, 26.84, 26.85, 26.85, 26.85, 26.85], [27.0, 27.0, 27.0, 27.0, 27.0, 27.0, 27.0, 27.0, 27.0, -999.0, 26.2, 26.8, 26.8, 26.44, 26.86, 26.84, 26.84, 26.16, 26.18, 26.18], [27.0, 27.0, 27.0, 27.0, 27.0, 27.0, 27.0, 27.0, 27.0, 27.0, -999.0, 26.8, 26.8, 26.02, 26.36, 26.43, 26.44, 26.28, 26.3, 26.31], [27.0, 27.0, 27.0, 27.0, 27.0, 27.0, 27.0, 27.0, 27.0, 27.0, -999.0, 25.6, 25.6, 25.6, 26.26, 26.32, 26.34, 26.18, 26.21, 26.24], [27.0, 27.0, 27.0, 27.0, 27.0, 27.0, 27.0, 26.5, 26.5, 26.5, 26.5, 26.15, 25.6, 25.6, 25.6, 26.2, 26.23, 26.08, 26.13, 26.17], [27.0, 27.0, 26.69, 26.68, 26.67, 26.5, 26.5, 26.5, 26.5, 26.5, 25.93, 26.0, 25.91, 25.84, 25.92, 26.0, 26.06, 25.96, 26.24, 26.28], [26.68, 26.68, 26.82, 26.82, 26.5, 26.5, 26.5, 26.5, 26.5, 26.5, 26.11, 26.0, 25.88, 25.78, 25.83, 25.81, 25.89, 25.95, 25.99, 26.02], [26.82, 26.82, 26.81, 26.79, 26.5, 26.5, 26.5, 26.5, 26.5, 26.27, 26.15, 26.02, 25.88, 25.84, 25.63, 25.79, 25.9, 25.97, 26.01, 26.04], [26.81, 26.8, 26.79, 26.5, 26.5, 26.5, 26.5, 26.5, 26.42, 26.32, 26.26, 26.15, 26.05, 25.92, 25.78, 25.85, 25.94, 26.0, 26.04, 26.06], [26.8, 26.8, 26.56, 26.55, 26.55, 26.55, 26.54, 26.52, 26.43, 26.36, 26.28, 26.19, 26.11, 26.05, 25.92, 25.96, 26.02, 26.06, 26.08, 26.09], [26.56, 26.56, 26.56, 26.54, 26.54, 26.54, 26.53, 26.53, 26.38, 26.35, 26.29, 26.23, 26.18, 26.01, 26.03, 26.07, 26.11, 26.13, 26.13, 26.13], [26.55, 26.55, 26.55, 26.54, 26.54, 26.54, 26.54, 26.6, 26.38, 26.36, 26.32, 26.27, 26.28, 26.08, 26.12, 26.17, 26.21, 26.2, 26.18, 26.16], [26.55, 26.55, 26.55, 26.64, 26.63, 26.63, 26.63, 26.62, 26.62, 26.63, 26.63, 26.6, 26.43, 26.13, 26.18, 26.25, 26.32, 26.27, 26.21, 26.18], [26.65, 26.65, 26.65, 26.65, 26.64, 26.64, 26.64, 26.64, 26.63, 26.63, 26.64, 26.7, 26.43, 26.4, 26.39, 26.28, 26.5, 26.25, 26.2, 26.18], [26.66, 26.66, 26.66, 26.66, 26.65, 26.65, 26.65, 26.65, 26.63, 26.62, 26.65, 26.7, 26.72, 26.4, 26.37, 26.35, 26.2, 26.11, 26.17, 26.17], [26.66, 26.66, 26.66, 26.66, 26.67, 26.67, 26.67, 26.66, 26.65, 26.63, 26.69, 26.72, 26.73, 26.4, 26.37, 26.38, 26.31, 26.28, 26.16, 26.16], [26.67, 26.67, 26.67, 26.67, 26.68, 26.68, 26.68, 26.68, 26.68, 26.69, 26.73, 26.74, 26.74, 26.51, 26.46, 26.4, 26.36, 26.34, 26.35, 26.36], [26.67, 26.67, 26.68, 26.68, 26.69, 26.69, 26.7, 26.71, 26.73, 26.78, 26.79, 26.66, 26.59, 26.52, 26.49, 26.44, 26.4, 26.38, 26.38, 26.39], [26.68, 26.68, 26.68, 26.69, 26.69, 26.7, 26.71, 26.73, 26.76, 26.83, 26.84, 26.72, 26.63, 26.55, 26.52, 26.47, 26.44, 26.42, 26.41, 26.41], [26.68, 26.68, 26.69, 26.69, 26.7, 26.71, 26.72, 26.74, 26.7, 26.76, 26.8, 26.72, 26.64, 26.57, 26.54, 26.5, 26.47, 26.45, 26.43, 26.43], [26.68, 26.69, 26.69, 26.7, 26.71, 26.71, 26.73, 26.74, 26.68, 26.71, 26.72, 26.68, 26.63, 26.57, 26.55, 26.51, 26.49, 26.47, 26.45, 26.44], [26.69, 26.69, 26.7, 26.7, 26.71, 26.72, 26.73, 26.64, 26.66, 26.67, 26.67, 26.65, 26.61, 26.57, 26.56, 26.53, 26.5, 26.48, 26.47, 26.46]]}