gis_exercise/awsData/contour/temp_2023083103.json
{"header": {"refTime": "2023-08-31T03:00:00.000Z", "nx": 21, "ny": 33, "lo1": 113.509, "la1": 22.2235, "lo2": 113.5947, "la2": 22.1034, "dx": 0.0042850000000001385, "dy": 0.003753125000000024, "parameterCategory": 0, "parameterCategoryName": "Temperature", "parameterNumber": 0}, "z": [[27.46, 27.46, 27.45, 27.27, 27.28, 27.52, 27.51, 27.51, 27.51, 27.43, 27.45, 27.47, 27.67, 27.69, 27.64, 27.63, 27.7, 27.7, 27.69, 27.68], [27.46, 27.46, 27.46, 27.45, 27.28, 27.29, 27.5, 27.49, 27.48, 27.43, 27.45, 27.48, 27.69, 27.7, 27.65, 27.71, 27.7, 27.69, 27.68, 27.68], [27.46, 27.46, 27.46, 27.45, 27.28, 27.29, 27.3, 27.47, 27.42, 27.42, 27.46, 27.51, 27.72, 27.73, 27.74, 27.71, 27.69, 27.68, 27.67, 27.67], [27.47, 27.46, 27.46, 27.46, 27.45, 27.28, 27.29, 27.31, 27.33, 27.42, 27.47, 27.56, 27.77, 27.66, 27.74, 27.71, 27.68, 27.66, 27.66, 27.66], [27.47, 27.47, 27.47, 27.46, 27.46, 27.27, 27.28, 27.28, 27.28, 27.4, 27.46, 27.67, 27.8, 27.69, 27.74, 27.69, 27.66, 27.64, 27.64, 27.64], [27.47, 27.47, 27.47, 27.47, 27.46, 27.46, 27.27, 27.27, 27.25, 27.2, 27.46, 27.6, 27.71, 27.83, 27.72, 27.67, 27.62, 27.6, 27.61, 27.63], [27.51, 27.48, 27.48, 27.48, 27.47, 27.46, 27.32, 27.28, 27.26, 27.23, 27.2, 27.49, 27.79, 27.8, 27.7, 27.65, 27.58, 27.55, 27.57, 27.6], [27.51, 27.52, 27.52, 27.51, 27.51, 27.36, 27.34, 27.34, 27.36, 27.2, 27.03, 27.45, 27.46, 27.8, 27.57, 27.6, 27.55, 27.54, 27.56, 27.58], [27.49, 27.49, 27.52, 27.53, 27.53, 27.52, 27.5, 27.34, 27.24, 27.25, 27.21, 27.33, 27.38, 27.31, 27.58, 27.6, 27.58, 27.57, 27.57, 27.58], [27.6, 27.6, 27.6, 27.51, 27.52, 27.55, 27.53, 27.5, 27.12, 27.14, 27.39, 27.25, 27.3, 27.27, 27.58, 27.61, 27.6, 27.59, 27.59, 27.59], [27.6, 27.6, 27.6, 27.6, 27.6, 27.6, 27.6, 27.6, 27.53, 27.23, 26.9, 27.2, 27.24, 27.24, 27.58, 27.62, 27.61, 27.6, 27.6, 27.6], [27.6, 27.6, 27.6, 27.6, 27.6, 27.6, 27.6, 27.6, 27.6, -999.0, 26.9, 27.7, 27.7, 27.22, 27.58, 27.63, 27.62, 26.53, 26.56, 26.56], [27.6, 27.6, 27.6, 27.6, 27.6, 27.6, 27.6, 27.6, 27.6, 27.6, -999.0, 27.7, 27.7, 26.46, 27.01, 26.88, 26.89, 26.68, 26.71, 26.73], [27.6, 27.6, 27.6, 27.6, 27.6, 27.6, 27.6, 27.6, 27.6, 27.6, -999.0, 25.8, 25.8, 25.8, 26.84, 26.74, 26.77, 26.55, 26.6, 26.63], [27.6, 27.6, 27.6, 27.6, 27.6, 27.6, 27.6, 27.6, 27.6, 27.6, 27.6, 26.91, 25.8, 25.8, 25.8, 26.58, 26.63, 26.43, 26.49, 26.54], [27.6, 27.6, 27.6, 27.6, 27.6, 27.6, 27.6, 27.6, 27.6, 27.6, 26.47, 26.6, 26.42, 26.27, 26.44, 26.35, 26.43, 26.29, 26.65, 26.71], [27.6, 27.6, 27.6, 27.6, 27.6, 27.6, 27.6, 27.6, 27.6, 27.6, 26.83, 26.6, 26.37, 26.15, 26.18, 26.16, 26.29, 26.39, 26.46, 26.51], [27.6, 27.6, 27.6, 27.6, 27.6, 27.6, 27.6, 27.6, 27.6, 27.14, 26.9, 26.63, 26.35, 26.2, 25.86, 26.12, 26.3, 26.42, 26.49, 26.54], [27.6, 27.6, 27.6, 27.6, 27.6, 27.6, 27.6, 27.6, 27.44, 27.25, 27.1, 26.88, 26.56, 26.33, 26.09, 26.23, 26.38, 26.48, 26.54, 26.58], [27.6, 27.6, 27.66, 27.65, 27.65, 27.65, 27.64, 27.62, 27.44, 27.31, 27.14, 26.95, 26.67, 26.53, 26.33, 26.41, 26.51, 26.58, 26.62, 26.64], [27.66, 27.66, 27.66, 27.64, 27.64, 27.64, 27.63, 27.63, 27.34, 27.27, 27.16, 27.02, 26.77, 26.48, 26.52, 26.58, 26.65, 26.69, 26.7, 26.7], [27.65, 27.65, 27.65, 27.64, 27.64, 27.64, 27.64, 27.69, 27.32, 27.28, 27.2, 27.1, 26.9, 26.6, 26.66, 26.73, 26.79, 26.8, 26.78, 26.75], [27.65, 27.65, 27.65, 27.71, 27.71, 27.71, 27.7, 27.7, 27.7, 27.71, 27.71, 27.57, 27.27, 26.68, 26.76, 26.85, 26.94, 26.91, 26.84, 26.79], [27.72, 27.72, 27.72, 27.72, 27.72, 27.72, 27.72, 27.72, 27.71, 27.72, 27.72, 27.65, 27.28, 27.21, 27.15, 26.91, 27.13, 26.93, 26.85, 26.81], [27.73, 27.73, 27.73, 27.73, 27.73, 27.73, 27.73, 27.72, 27.72, 27.71, 27.73, 27.67, 27.64, 27.22, 27.15, 27.09, 26.89, 26.82, 26.84, 26.81], [27.73, 27.73, 27.73, 27.73, 27.73, 27.74, 27.74, 27.73, 27.73, 27.72, 27.7, 27.69, 27.66, 27.22, 27.15, 27.12, 27.06, 27.03, 26.82, 26.8], [27.73, 27.74, 27.74, 27.74, 27.74, 27.74, 27.75, 27.75, 27.75, 27.76, 27.73, 27.71, 27.68, 27.32, 27.24, 27.17, 27.12, 27.1, 27.1, 27.12], [27.74, 27.74, 27.74, 27.75, 27.75, 27.75, 27.76, 27.77, 27.78, 27.77, 27.78, 27.66, 27.58, 27.49, 27.29, 27.22, 27.18, 27.15, 27.14, 27.15], [27.74, 27.74, 27.75, 27.75, 27.75, 27.76, 27.77, 27.78, 27.8, 27.82, 27.84, 27.72, 27.62, 27.53, 27.33, 27.27, 27.22, 27.2, 27.18, 27.18], [27.74, 27.75, 27.75, 27.75, 27.76, 27.77, 27.78, 27.79, 27.7, 27.76, 27.8, 27.72, 27.63, 27.54, 27.36, 27.3, 27.26, 27.23, 27.21, 27.21], [27.75, 27.75, 27.75, 27.76, 27.76, 27.77, 27.78, 27.79, 27.68, 27.71, 27.71, 27.67, 27.61, 27.55, 27.38, 27.33, 27.29, 27.26, 27.24, 27.23], [27.75, 27.75, 27.76, 27.76, 27.76, 27.77, 27.78, 27.64, 27.65, 27.67, 27.66, 27.64, 27.59, 27.55, 27.39, 27.35, 27.31, 27.28, 27.26, 27.25]]}