gis_exercise/awsData/contour/temp_2023091000.json
{"header": {"refTime": "2023-09-10T00:00:00.000Z", "nx": 21, "ny": 33, "lo1": 113.509, "la1": 22.2235, "lo2": 113.5947, "la2": 22.1034, "dx": 0.0042850000000001385, "dy": 0.003753125000000024, "parameterCategory": 0, "parameterCategoryName": "Temperature", "parameterNumber": 0}, "z": [[26.38, 26.37, 26.37, 26.1, 26.11, 26.36, 26.36, 26.35, 26.35, 26.25, 26.28, 26.3, 26.56, 26.58, 26.62, 26.63, 26.77, 26.77, 26.77, 26.77], [26.39, 26.38, 26.37, 26.36, 26.11, 26.11, 26.34, 26.32, 26.31, 26.25, 26.28, 26.32, 26.58, 26.6, 26.64, 26.77, 26.77, 26.77, 26.77, 26.77], [26.39, 26.38, 26.38, 26.36, 26.11, 26.11, 26.13, 26.3, 26.23, 26.24, 26.29, 26.35, 26.61, 26.63, 26.77, 26.77, 26.77, 26.78, 26.78, 26.78], [26.4, 26.39, 26.39, 26.37, 26.36, 26.11, 26.12, 26.13, 26.15, 26.24, 26.31, 26.41, 26.67, 26.56, 26.78, 26.78, 26.78, 26.78, 26.78, 26.78], [26.41, 26.4, 26.4, 26.39, 26.37, 26.11, 26.11, 26.11, 26.11, 26.23, 26.3, 26.57, 26.7, 26.59, 26.77, 26.78, 26.78, 26.78, 26.78, 26.78], [26.42, 26.42, 26.41, 26.41, 26.39, 26.38, 26.11, 26.11, 26.09, 26.04, 26.35, 26.5, 26.62, 26.77, 26.77, 26.78, 26.78, 26.78, 26.78, 26.78], [26.52, 26.43, 26.43, 26.43, 26.42, 26.4, 26.25, 26.14, 26.12, 26.1, 26.07, 26.4, 26.74, 26.75, 26.77, 26.78, 26.79, 26.79, 26.8, 26.8], [26.53, 26.53, 26.53, 26.53, 26.52, 26.32, 26.28, 26.25, 26.26, 26.06, 25.87, 26.39, 26.4, 26.75, 26.76, 26.75, 26.77, 26.78, 26.77, 26.76], [26.47, 26.48, 26.55, 26.55, 26.56, 26.54, 26.49, 26.26, 26.11, 26.13, 26.08, 26.23, 26.3, 26.21, 26.76, 26.75, 26.76, 26.77, 26.76, 26.76], [26.7, 26.7, 26.7, 26.51, 26.54, 26.61, 26.56, 26.49, 25.96, 25.99, 26.31, 26.14, 26.19, 26.17, 26.76, 26.74, 26.75, 26.76, 26.76, 26.75], [26.7, 26.7, 26.7, 26.7, 26.7, 26.7, 26.7, 26.7, 26.56, 26.09, 25.7, 26.08, 26.13, 26.13, 26.76, 26.74, 26.75, 26.75, 26.75, 26.75], [26.7, 26.7, 26.7, 26.7, 26.7, 26.7, 26.7, 26.7, 26.7, -999.0, 25.7, 26.7, 26.7, 26.1, 26.76, 26.74, 26.74, 26.17, 26.19, 26.19], [26.7, 26.7, 26.7, 26.7, 26.7, 26.7, 26.7, 26.7, 26.7, 26.7, -999.0, 26.7, 26.7, 26.05, 26.33, 26.4, 26.41, 26.27, 26.29, 26.3], [26.7, 26.7, 26.7, 26.7, 26.7, 26.7, 26.7, 26.7, 26.7, 26.7, -999.0, 25.7, 25.7, 25.7, 26.25, 26.31, 26.33, 26.19, 26.22, 26.24], [26.7, 26.7, 26.7, 26.7, 26.7, 26.7, 26.7, 26.9, 26.9, 26.9, 26.9, 26.44, 25.7, 25.7, 25.7, 26.2, 26.24, 26.11, 26.15, 26.18], [26.7, 26.7, 26.83, 26.83, 26.83, 26.9, 26.9, 26.9, 26.9, 26.9, 26.14, 26.23, 26.11, 26.02, 26.13, 26.03, 26.08, 25.99, 26.23, 26.27], [26.83, 26.83, 26.77, 26.77, 26.9, 26.9, 26.9, 26.9, 26.9, 26.9, 26.38, 26.24, 26.08, 25.93, 25.94, 25.95, 26.04, 26.11, 26.16, 26.2], [26.77, 26.77, 26.78, 26.78, 26.9, 26.9, 26.9, 26.9, 26.9, 26.6, 26.43, 26.25, 26.07, 25.95, 25.74, 25.92, 26.05, 26.13, 26.19, 26.22], [26.78, 26.78, 26.78, 26.9, 26.9, 26.9, 26.9, 26.9, 26.79, 26.67, 26.54, 26.39, 26.19, 26.04, 25.91, 26.0, 26.1, 26.18, 26.22, 26.25], [26.78, 26.78, 26.84, 26.85, 26.85, 26.85, 26.86, 26.88, 26.78, 26.68, 26.55, 26.43, 26.26, 26.17, 26.07, 26.12, 26.19, 26.24, 26.27, 26.29], [26.84, 26.84, 26.84, 26.86, 26.86, 26.86, 26.87, 26.87, 26.69, 26.64, 26.56, 26.47, 26.32, 26.18, 26.2, 26.24, 26.29, 26.32, 26.33, 26.33], [26.85, 26.85, 26.85, 26.86, 26.86, 26.86, 26.86, 26.88, 26.66, 26.62, 26.57, 26.51, 26.35, 26.26, 26.3, 26.34, 26.38, 26.39, 26.38, 26.37], [26.85, 26.85, 26.85, 26.89, 26.89, 26.88, 26.88, 26.88, 26.87, 26.87, 26.87, 26.78, 26.64, 26.32, 26.36, 26.42, 26.47, 26.46, 26.43, 26.4], [26.89, 26.89, 26.89, 26.89, 26.89, 26.88, 26.88, 26.87, 26.86, 26.85, 26.86, 26.8, 26.65, 26.62, 26.6, 26.46, 26.55, 26.5, 26.46, 26.42], [26.89, 26.89, 26.89, 26.89, 26.89, 26.88, 26.88, 26.86, 26.84, 26.83, 26.85, 26.81, 26.8, 26.63, 26.6, 26.58, 26.49, 26.49, 26.46, 26.43], [26.89, 26.89, 26.89, 26.89, 26.89, 26.89, 26.88, 26.87, 26.85, 26.83, 26.83, 26.83, 26.81, 26.63, 26.61, 26.62, 26.59, 26.58, 26.45, 26.43], [26.9, 26.9, 26.89, 26.89, 26.89, 26.89, 26.89, 26.88, 26.88, 26.88, 26.85, 26.85, 26.83, 26.71, 26.67, 26.64, 26.62, 26.61, 26.61, 26.62], [26.9, 26.9, 26.9, 26.9, 26.9, 26.9, 26.9, 26.9, 26.91, 26.89, 26.9, 26.87, 26.83, 26.79, 26.7, 26.67, 26.64, 26.63, 26.63, 26.63], [26.9, 26.9, 26.9, 26.9, 26.9, 26.9, 26.91, 26.91, 26.93, 26.93, 26.96, 26.9, 26.85, 26.81, 26.72, 26.69, 26.67, 26.65, 26.65, 26.64], [26.9, 26.9, 26.9, 26.9, 26.9, 26.91, 26.91, 26.92, 26.89, 26.92, 26.94, 26.9, 26.86, 26.82, 26.73, 26.7, 26.68, 26.67, 26.66, 26.66], [26.9, 26.9, 26.9, 26.9, 26.91, 26.91, 26.91, 26.92, 26.88, 26.89, 26.9, 26.88, 26.85, 26.82, 26.74, 26.72, 26.7, 26.68, 26.67, 26.67], [26.9, 26.9, 26.9, 26.91, 26.91, 26.91, 26.92, 26.85, 26.86, 26.87, 26.87, 26.86, 26.84, 26.82, 26.75, 26.72, 26.71, 26.69, 26.68, 26.68]]}