gis_exercise/awsData/contour/temp_2023090402.json
{"header": {"refTime": "2023-09-04T02:00:00.000Z", "nx": 21, "ny": 33, "lo1": 113.509, "la1": 22.2235, "lo2": 113.5947, "la2": 22.1034, "dx": 0.0042850000000001385, "dy": 0.003753125000000024, "parameterCategory": 0, "parameterCategoryName": "Temperature", "parameterNumber": 0}, "z": [[27.94, 27.95, 27.95, 28.03, 28.03, 28.28, 28.27, 28.25, 28.26, 28.28, 28.34, 28.39, 28.63, 28.66, 28.74, 28.76, 28.98, 28.98, 28.98, 28.98], [27.94, 27.94, 27.95, 27.95, 28.03, 28.03, 28.24, 28.2, 28.19, 28.24, 28.34, 28.42, 28.67, 28.7, 28.77, 28.99, 28.98, 28.98, 28.98, 28.98], [27.94, 27.94, 27.95, 27.95, 28.03, 28.03, 28.02, 28.16, 28.04, 28.2, 28.36, 28.48, 28.73, 28.75, 28.99, 28.99, 28.99, 28.98, 28.98, 28.98], [27.93, 27.94, 27.94, 27.95, 27.96, 28.03, 28.03, 28.02, 28.01, 28.25, 28.41, 28.58, 28.83, 28.81, 29.0, 28.99, 28.99, 28.98, 28.98, 28.98], [27.93, 27.93, 27.93, 27.94, 27.95, 28.03, 28.03, 28.03, 28.03, 28.31, 28.45, 28.83, 28.99, 28.85, 29.0, 28.99, 28.98, 28.98, 28.98, 28.98], [27.92, 27.92, 27.93, 27.93, 27.94, 27.96, 28.04, 28.04, 28.04, 28.03, 28.6, 28.75, 28.88, 29.0, 28.98, 28.98, 28.99, 28.99, 28.98, 28.98], [27.88, 27.91, 27.91, 27.92, 27.93, 27.95, 27.97, 28.06, 28.06, 28.19, 28.22, 28.62, 28.93, 28.95, 28.97, 28.98, 28.99, 28.99, 29.02, 29.02], [27.87, 27.87, 27.87, 27.87, 27.88, 27.93, 27.96, 28.02, 28.13, 28.16, 28.1, 28.55, 28.56, 28.95, 28.93, 28.9, 28.95, 28.96, 28.94, 28.92], [27.93, 27.92, 27.85, 27.85, 27.84, 27.86, 27.91, 27.98, 28.07, 28.21, 28.31, 28.43, 28.48, 28.41, 28.92, 28.9, 28.92, 28.93, 28.93, 28.92], [27.7, 27.7, 27.7, 27.89, 27.86, 27.79, 27.84, 27.91, 28.04, 28.05, 28.49, 28.35, 28.4, 28.37, 28.92, 28.89, 28.9, 28.91, 28.91, 28.91], [27.7, 27.7, 27.7, 27.7, 27.7, 27.7, 27.7, 27.7, 27.84, 28.07, 28.0, 28.3, 28.34, 28.34, 28.92, 28.88, 28.89, 28.9, 28.9, 28.9], [27.7, 27.7, 27.7, 27.7, 27.7, 27.7, 27.7, 27.7, 27.7, -999.0, 28.0, 28.8, 28.8, 28.32, 28.92, 28.87, 28.88, 28.2, 28.22, 28.23], [27.7, 27.7, 27.7, 27.7, 27.7, 27.7, 27.7, 27.7, 27.7, 27.7, -999.0, 28.8, 28.8, 28.02, 28.36, 28.49, 28.5, 28.33, 28.35, 28.37], [27.7, 27.7, 27.7, 27.7, 27.7, 27.7, 27.7, 27.7, 27.7, 27.7, -999.0, 27.6, 27.6, 27.6, 28.26, 28.37, 28.4, 28.22, 28.26, 28.29], [27.7, 27.7, 27.7, 27.7, 27.7, 27.7, 27.7, 27.3, 27.3, 27.3, 27.3, 27.42, 27.6, 27.6, 27.6, 28.24, 28.28, 28.12, 28.17, 28.21], [27.7, 27.7, 27.45, 27.44, 27.44, 27.3, 27.3, 27.3, 27.3, 27.3, 27.49, 27.47, 27.5, 27.52, 27.49, 27.6, 27.6, 27.6, 27.96, 27.99], [27.44, 27.44, 27.56, 27.55, 27.3, 27.3, 27.3, 27.3, 27.3, 27.3, 27.43, 27.47, 27.51, 27.54, 27.56, 27.53, 27.5, 27.48, 27.47, 27.46], [27.56, 27.55, 27.55, 27.53, 27.3, 27.3, 27.3, 27.3, 27.3, 27.38, 27.42, 27.46, 27.51, 27.56, 27.59, 27.54, 27.5, 27.48, 27.46, 27.45], [27.55, 27.54, 27.53, 27.3, 27.3, 27.3, 27.3, 27.3, 27.33, 27.36, 27.42, 27.46, 27.52, 27.55, 27.54, 27.52, 27.49, 27.47, 27.45, 27.44], [27.54, 27.54, 27.41, 27.41, 27.4, 27.39, 27.37, 27.33, 27.35, 27.39, 27.43, 27.46, 27.51, 27.53, 27.5, 27.49, 27.47, 27.45, 27.44, 27.43], [27.42, 27.42, 27.42, 27.38, 27.38, 27.37, 27.37, 27.36, 27.39, 27.41, 27.43, 27.46, 27.51, 27.47, 27.47, 27.46, 27.45, 27.43, 27.43, 27.42], [27.39, 27.39, 27.39, 27.39, 27.39, 27.39, 27.38, 27.49, 27.42, 27.43, 27.45, 27.46, 27.57, 27.45, 27.44, 27.44, 27.43, 27.42, 27.41, 27.41], [27.4, 27.4, 27.4, 27.55, 27.54, 27.54, 27.53, 27.53, 27.53, 27.53, 27.54, 27.47, 27.41, 27.43, 27.43, 27.43, 27.44, 27.41, 27.39, 27.39], [27.57, 27.57, 27.57, 27.57, 27.56, 27.56, 27.56, 27.55, 27.55, 27.55, 27.56, 27.65, 27.42, 27.4, 27.4, 27.42, 27.49, 27.36, 27.36, 27.37], [27.58, 27.58, 27.58, 27.58, 27.58, 27.58, 27.58, 27.57, 27.55, 27.53, 27.57, 27.66, 27.67, 27.4, 27.39, 27.37, 27.33, 27.26, 27.33, 27.36], [27.59, 27.59, 27.6, 27.6, 27.6, 27.6, 27.6, 27.6, 27.57, 27.55, 27.64, 27.68, 27.69, 27.4, 27.38, 27.44, 27.39, 27.36, 27.34, 27.36], [27.6, 27.6, 27.61, 27.61, 27.62, 27.62, 27.63, 27.63, 27.64, 27.65, 27.71, 27.73, 27.72, 27.58, 27.52, 27.47, 27.43, 27.42, 27.42, 27.43], [27.61, 27.61, 27.62, 27.63, 27.63, 27.64, 27.66, 27.68, 27.71, 27.79, 27.81, 27.72, 27.65, 27.59, 27.56, 27.51, 27.48, 27.46, 27.45, 27.45], [27.62, 27.62, 27.63, 27.64, 27.65, 27.66, 27.68, 27.71, 27.76, 27.87, 27.92, 27.79, 27.7, 27.62, 27.59, 27.54, 27.51, 27.49, 27.48, 27.48], [27.63, 27.63, 27.64, 27.65, 27.66, 27.68, 27.7, 27.73, 27.76, 27.83, 27.88, 27.79, 27.71, 27.64, 27.61, 27.57, 27.54, 27.52, 27.5, 27.5], [27.63, 27.64, 27.65, 27.66, 27.67, 27.68, 27.71, 27.74, 27.74, 27.78, 27.79, 27.75, 27.7, 27.65, 27.63, 27.59, 27.56, 27.54, 27.52, 27.51], [27.64, 27.64, 27.65, 27.66, 27.67, 27.69, 27.71, 27.69, 27.72, 27.73, 27.74, 27.72, 27.68, 27.64, 27.63, 27.6, 27.57, 27.55, 27.54, 27.53]]}