gis_exercise/awsData/contour/temp_2023091405.json
{"header": {"refTime": "2023-09-14T05:00:00.000Z", "nx": 21, "ny": 33, "lo1": 113.509, "la1": 22.2235, "lo2": 113.5947, "la2": 22.1034, "dx": 0.0042850000000001385, "dy": 0.003753125000000024, "parameterCategory": 0, "parameterCategoryName": "Temperature", "parameterNumber": 0}, "z": [[26.51, 26.51, 26.5, 26.29, 26.29, 26.56, 26.55, 26.53, 26.53, 26.42, 26.46, 26.5, 26.76, 26.79, 26.77, 26.78, 26.94, 26.93, 26.93, 26.92], [26.52, 26.51, 26.5, 26.49, 26.29, 26.29, 26.53, 26.49, 26.47, 26.41, 26.46, 26.52, 26.79, 26.81, 26.8, 26.95, 26.94, 26.93, 26.92, 26.92], [26.52, 26.52, 26.51, 26.5, 26.29, 26.29, 26.29, 26.45, 26.34, 26.39, 26.48, 26.56, 26.83, 26.85, 26.96, 26.95, 26.93, 26.92, 26.92, 26.91], [26.53, 26.53, 26.52, 26.51, 26.5, 26.3, 26.3, 26.29, 26.29, 26.41, 26.51, 26.64, 26.91, 26.82, 26.97, 26.94, 26.92, 26.91, 26.91, 26.91], [26.54, 26.53, 26.53, 26.52, 26.52, 26.3, 26.31, 26.3, 26.29, 26.41, 26.51, 26.83, 26.99, 26.86, 26.96, 26.93, 26.91, 26.9, 26.89, 26.9], [26.55, 26.55, 26.54, 26.54, 26.54, 26.53, 26.32, 26.32, 26.3, 26.24, 26.59, 26.75, 26.88, 27.03, 26.95, 26.92, 26.88, 26.87, 26.88, 26.89], [26.66, 26.56, 26.56, 26.56, 26.56, 26.55, 26.45, 26.38, 26.36, 26.34, 26.29, 26.62, 26.99, 27.0, 26.93, 26.9, 26.85, 26.83, 26.86, 26.87], [26.66, 26.66, 26.66, 26.66, 26.66, 26.48, 26.47, 26.49, 26.54, 26.29, 26.07, 26.59, 26.6, 27.0, 26.84, 26.85, 26.83, 26.82, 26.83, 26.84], [26.64, 26.64, 26.66, 26.66, 26.66, 26.66, 26.65, 26.47, 26.38, 26.37, 26.28, 26.43, 26.5, 26.41, 26.84, 26.85, 26.84, 26.83, 26.84, 26.84], [26.7, 26.7, 26.7, 26.65, 26.66, 26.68, 26.67, 26.65, 26.2, 26.24, 26.51, 26.34, 26.39, 26.37, 26.84, 26.86, 26.85, 26.84, 26.84, 26.85], [26.7, 26.7, 26.7, 26.7, 26.7, 26.7, 26.7, 26.7, 26.66, 26.36, 25.9, 26.28, 26.33, 26.33, 26.84, 26.86, 26.85, 26.85, 26.85, 26.85], [26.7, 26.7, 26.7, 26.7, 26.7, 26.7, 26.7, 26.7, 26.7, -999.0, 25.9, 26.9, 26.9, 26.3, 26.84, 26.86, 26.86, 26.29, 26.3, 26.3], [26.7, 26.7, 26.7, 26.7, 26.7, 26.7, 26.7, 26.7, 26.7, 26.7, -999.0, 26.9, 26.9, 26.25, 26.53, 26.47, 26.48, 26.37, 26.38, 26.39], [26.7, 26.7, 26.7, 26.7, 26.7, 26.7, 26.7, 26.7, 26.7, 26.7, -999.0, 25.9, 25.9, 25.9, 26.45, 26.4, 26.41, 26.3, 26.32, 26.34], [26.7, 26.7, 26.7, 26.7, 26.7, 26.7, 26.7, 26.8, 26.8, 26.8, 26.8, 26.45, 25.9, 25.9, 25.9, 26.31, 26.34, 26.24, 26.27, 26.29], [26.7, 26.7, 26.76, 26.76, 26.77, 26.8, 26.8, 26.8, 26.8, 26.8, 26.23, 26.3, 26.21, 26.14, 26.22, 26.16, 26.2, 26.13, 26.32, 26.35], [26.76, 26.76, 26.74, 26.74, 26.8, 26.8, 26.8, 26.8, 26.8, 26.8, 26.41, 26.3, 26.18, 26.08, 26.09, 26.08, 26.14, 26.19, 26.23, 26.25], [26.74, 26.74, 26.74, 26.74, 26.8, 26.8, 26.8, 26.8, 26.8, 26.57, 26.45, 26.32, 26.18, 26.09, 25.93, 26.06, 26.15, 26.21, 26.24, 26.27], [26.74, 26.74, 26.74, 26.8, 26.8, 26.8, 26.8, 26.8, 26.72, 26.62, 26.54, 26.43, 26.27, 26.16, 26.05, 26.11, 26.19, 26.24, 26.27, 26.29], [26.74, 26.74, 26.8, 26.8, 26.8, 26.8, 26.8, 26.8, 26.72, 26.65, 26.56, 26.46, 26.32, 26.25, 26.17, 26.2, 26.25, 26.29, 26.31, 26.32], [26.8, 26.8, 26.8, 26.8, 26.8, 26.8, 26.8, 26.8, 26.66, 26.62, 26.57, 26.5, 26.37, 26.24, 26.26, 26.29, 26.32, 26.34, 26.35, 26.35], [26.8, 26.8, 26.8, 26.8, 26.8, 26.8, 26.8, 26.83, 26.64, 26.62, 26.58, 26.53, 26.42, 26.3, 26.33, 26.36, 26.39, 26.4, 26.39, 26.37], [26.8, 26.8, 26.8, 26.85, 26.85, 26.85, 26.84, 26.84, 26.84, 26.84, 26.84, 26.75, 26.61, 26.34, 26.37, 26.42, 26.46, 26.45, 26.42, 26.4], [26.86, 26.86, 26.86, 26.85, 26.85, 26.85, 26.85, 26.84, 26.84, 26.83, 26.84, 26.8, 26.62, 26.59, 26.56, 26.45, 26.54, 26.47, 26.43, 26.41], [26.86, 26.86, 26.86, 26.86, 26.86, 26.85, 26.85, 26.84, 26.83, 26.82, 26.84, 26.81, 26.8, 26.59, 26.56, 26.54, 26.45, 26.43, 26.43, 26.41], [26.86, 26.86, 26.86, 26.86, 26.86, 26.86, 26.86, 26.85, 26.84, 26.83, 26.83, 26.83, 26.81, 26.59, 26.57, 26.57, 26.54, 26.53, 26.42, 26.41], [26.87, 26.87, 26.87, 26.87, 26.87, 26.87, 26.87, 26.87, 26.86, 26.87, 26.85, 26.85, 26.83, 26.68, 26.63, 26.6, 26.57, 26.56, 26.56, 26.57], [26.87, 26.87, 26.87, 26.87, 26.87, 26.87, 26.88, 26.88, 26.89, 26.89, 26.9, 26.85, 26.81, 26.77, 26.66, 26.63, 26.6, 26.59, 26.59, 26.59], [26.87, 26.87, 26.87, 26.87, 26.88, 26.88, 26.89, 26.9, 26.92, 26.93, 26.96, 26.89, 26.83, 26.79, 26.69, 26.65, 26.63, 26.61, 26.6, 26.6], [26.87, 26.87, 26.88, 26.88, 26.88, 26.89, 26.89, 26.9, 26.87, 26.91, 26.94, 26.89, 26.84, 26.8, 26.7, 26.67, 26.65, 26.63, 26.62, 26.62], [26.87, 26.88, 26.88, 26.88, 26.88, 26.89, 26.9, 26.91, 26.86, 26.88, 26.89, 26.87, 26.83, 26.8, 26.71, 26.68, 26.66, 26.65, 26.64, 26.63], [26.88, 26.88, 26.88, 26.88, 26.89, 26.89, 26.9, 26.84, 26.85, 26.86, 26.86, 26.84, 26.82, 26.8, 26.72, 26.69, 26.67, 26.66, 26.65, 26.64]]}