gis_exercise/awsData/contour/temp_2023091202.json
{"header": {"refTime": "2023-09-12T02:00:00.000Z", "nx": 21, "ny": 33, "lo1": 113.509, "la1": 22.2235, "lo2": 113.5947, "la2": 22.1034, "dx": 0.0042850000000001385, "dy": 0.003753125000000024, "parameterCategory": 0, "parameterCategoryName": "Temperature", "parameterNumber": 0}, "z": [[26.27, 26.26, 26.26, 26.01, 26.02, 26.27, 26.27, 26.28, 26.29, 26.2, 26.19, 26.19, 26.38, 26.38, 26.44, 26.44, 26.45, 26.45, 26.45, 26.45], [26.27, 26.26, 26.26, 26.26, 26.02, 26.04, 26.27, 26.28, 26.29, 26.21, 26.2, 26.2, 26.39, 26.39, 26.45, 26.45, 26.45, 26.45, 26.45, 26.45], [26.27, 26.27, 26.26, 26.26, 26.01, 26.04, 26.08, 26.28, 26.3, 26.22, 26.2, 26.21, 26.4, 26.4, 26.45, 26.45, 26.45, 26.45, 26.45, 26.45], [26.27, 26.27, 26.26, 26.26, 26.25, 26.02, 26.05, 26.1, 26.15, 26.19, 26.19, 26.24, 26.42, 26.26, 26.45, 26.45, 26.45, 26.45, 26.45, 26.45], [26.27, 26.27, 26.27, 26.26, 26.25, 25.99, 26.01, 26.02, 26.02, 26.12, 26.15, 26.27, 26.4, 26.29, 26.45, 26.45, 26.46, 26.46, 26.46, 26.46], [26.28, 26.28, 26.27, 26.26, 26.25, 26.24, 25.97, 25.96, 25.94, 25.89, 26.06, 26.2, 26.31, 26.43, 26.44, 26.45, 26.46, 26.47, 26.46, 26.46], [26.28, 26.28, 26.28, 26.27, 26.26, 26.24, 26.0, 25.94, 25.91, 25.83, 25.8, 26.09, 26.39, 26.4, 26.43, 26.45, 26.48, 26.48, 26.5, 26.5], [26.29, 26.29, 26.29, 26.29, 26.28, 26.08, 26.03, 25.98, 25.96, 25.8, 25.63, 26.05, 26.06, 26.4, 26.43, 26.4, 26.45, 26.46, 26.44, 26.42], [26.21, 26.22, 26.31, 26.32, 26.32, 26.3, 26.24, 26.01, 25.84, 25.85, 25.81, 25.93, 25.98, 25.91, 26.42, 26.4, 26.42, 26.43, 26.43, 26.42], [26.5, 26.5, 26.5, 26.27, 26.3, 26.39, 26.33, 26.24, 25.72, 25.74, 25.99, 25.85, 25.9, 25.87, 26.42, 26.39, 26.4, 26.41, 26.41, 26.41], [26.5, 26.5, 26.5, 26.5, 26.5, 26.5, 26.5, 26.5, 26.32, 25.83, 25.5, 25.8, 25.84, 25.84, 26.42, 26.38, 26.39, 26.4, 26.4, 26.4], [26.5, 26.5, 26.5, 26.5, 26.5, 26.5, 26.5, 26.5, 26.5, -999.0, 25.5, 26.3, 26.3, 25.82, 26.42, 26.37, 26.38, 25.87, 25.89, 25.89], [26.5, 26.5, 26.5, 26.5, 26.5, 26.5, 26.5, 26.5, 26.5, 26.5, -999.0, 26.3, 26.3, 25.71, 25.97, 26.1, 26.11, 25.97, 25.99, 26.0], [26.5, 26.5, 26.5, 26.5, 26.5, 26.5, 26.5, 26.5, 26.5, 26.5, -999.0, 25.4, 25.4, 25.4, 25.89, 26.01, 26.03, 25.89, 25.92, 25.94], [26.5, 26.5, 26.5, 26.5, 26.5, 26.5, 26.5, 26.5, 26.5, 26.5, 26.5, 26.08, 25.4, 25.4, 25.4, 25.9, 25.94, 25.81, 25.85, 25.88], [26.5, 26.5, 26.5, 26.5, 26.5, 26.5, 26.5, 26.5, 26.5, 26.5, 25.81, 25.89, 25.78, 25.69, 25.79, 25.66, 25.7, 25.63, 25.88, 25.91], [26.5, 26.5, 26.5, 26.5, 26.5, 26.5, 26.5, 26.5, 26.5, 26.5, 26.03, 25.89, 25.75, 25.61, 25.61, 25.58, 25.64, 25.69, 25.73, 25.75], [26.5, 26.5, 26.5, 26.5, 26.5, 26.5, 26.5, 26.5, 26.5, 26.22, 26.07, 25.91, 25.74, 25.62, 25.43, 25.56, 25.65, 25.71, 25.74, 25.77], [26.5, 26.5, 26.5, 26.5, 26.5, 26.5, 26.5, 26.5, 26.4, 26.29, 26.18, 26.05, 25.83, 25.69, 25.55, 25.61, 25.69, 25.74, 25.77, 25.79], [26.5, 26.5, 26.5, 26.5, 26.5, 26.5, 26.5, 26.5, 26.4, 26.31, 26.2, 26.09, 25.88, 25.8, 25.67, 25.7, 25.75, 25.79, 25.81, 25.82], [26.5, 26.5, 26.5, 26.5, 26.5, 26.5, 26.5, 26.5, 26.33, 26.28, 26.21, 26.13, 25.93, 25.74, 25.76, 25.79, 25.82, 25.84, 25.85, 25.85], [26.5, 26.5, 26.5, 26.5, 26.5, 26.5, 26.5, 26.48, 26.31, 26.28, 26.23, 26.17, 25.98, 25.8, 25.83, 25.86, 25.89, 25.9, 25.89, 25.87], [26.5, 26.5, 26.5, 26.47, 26.48, 26.48, 26.48, 26.48, 26.48, 26.48, 26.48, 26.39, 26.19, 25.84, 25.87, 25.92, 25.96, 25.95, 25.92, 25.9], [26.47, 26.47, 26.47, 26.47, 26.47, 26.48, 26.48, 26.48, 26.48, 26.48, 26.48, 26.38, 26.2, 26.15, 26.1, 25.95, 26.04, 25.97, 25.93, 25.91], [26.47, 26.47, 26.47, 26.47, 26.47, 26.47, 26.47, 26.48, 26.48, 26.49, 26.48, 26.39, 26.35, 26.15, 26.1, 26.06, 25.95, 25.93, 25.93, 25.91], [26.47, 26.47, 26.47, 26.47, 26.47, 26.47, 26.47, 26.47, 26.48, 26.49, 26.43, 26.39, 26.36, 26.16, 26.11, 26.06, 26.03, 26.02, 25.92, 25.91], [26.47, 26.47, 26.47, 26.47, 26.47, 26.47, 26.47, 26.47, 26.47, 26.47, 26.41, 26.39, 26.36, 26.14, 26.11, 26.08, 26.06, 26.05, 26.05, 26.06], [26.47, 26.47, 26.47, 26.46, 26.46, 26.46, 26.46, 26.46, 26.45, 26.4, 26.4, 26.36, 26.32, 26.28, 26.13, 26.1, 26.08, 26.07, 26.07, 26.07], [26.46, 26.46, 26.46, 26.46, 26.46, 26.46, 26.46, 26.45, 26.44, 26.4, 26.39, 26.36, 26.33, 26.29, 26.15, 26.12, 26.1, 26.09, 26.08, 26.08], [26.46, 26.46, 26.46, 26.46, 26.46, 26.46, 26.45, 26.45, 26.37, 26.38, 26.38, 26.36, 26.33, 26.3, 26.16, 26.14, 26.12, 26.1, 26.1, 26.09], [26.46, 26.46, 26.46, 26.46, 26.46, 26.46, 26.45, 26.45, 26.36, 26.36, 26.36, 26.35, 26.33, 26.3, 26.17, 26.15, 26.13, 26.12, 26.11, 26.1], [26.46, 26.46, 26.46, 26.46, 26.46, 26.45, 26.45, 26.35, 26.35, 26.35, 26.34, 26.33, 26.32, 26.3, 26.17, 26.15, 26.14, 26.13, 26.12, 26.11]]}