gis_exercise/awsData/contour/wdir_2023090622.json
[{"header": {"refTime": "2023-09-06T22:00:00.000Z", "nx": 21, "ny": 33, "lo1": 113.509, "la1": 22.2235, "lo2": 113.5947, "la2": 22.1034, "dx": 0.0042850000000001385, "dy": 0.003753125000000024, "parameterCategory": 2, "parameterCategoryName": "Temperature", "parameterNumber": 2}, "data": [0.26, 0.26, 0.26, 0.19, 0.18, -0.06, -0.07, -0.09, -0.11, -0.4, -0.48, -0.55, -0.77, -0.81, -1.32, -1.4, -1.74, -1.77, -1.8, -1.81, 0.27, 0.27, 0.26, 0.26, 0.18, 0.17, -0.05, -0.06, -0.08, -0.34, -0.47, -0.59, -0.81, -0.86, -1.36, -1.71, -1.76, -1.8, -1.83, -1.85, 0.27, 0.27, 0.27, 0.27, 0.2, 0.18, 0.15, -0.04, -0.02, -0.3, -0.5, -0.65, -0.89, -0.92, -1.64, -1.72, -1.79, -1.85, -1.88, -1.89, 0.27, 0.27, 0.27, 0.28, 0.28, 0.2, 0.18, 0.13, 0.09, -0.37, -0.57, -0.77, -1.01, -1.06, -1.63, -1.75, -1.85, -1.92, -1.94, -1.94, 0.27, 0.27, 0.28, 0.29, 0.3, 0.24, 0.23, 0.21, 0.18, -0.48, -0.64, -1.07, -1.21, -1.1, -1.64, -1.8, -1.94, -2.02, -2.03, -2.0, 0.26, 0.27, 0.28, 0.29, 0.31, 0.34, 0.3, 0.31, 0.27, 0.18, -0.87, -1.0, -1.12, -1.36, -1.66, -1.88, -2.1, -2.19, -2.14, -2.07, 0.62, 0.26, 0.27, 0.28, 0.31, 0.36, 0.35, 0.46, 0.43, -0.05, -0.28, -0.89, -1.32, -1.37, -1.69, -1.97, -2.33, -2.46, -2.38, -2.28, 0.62, 0.6, 0.58, 0.65, 0.66, 0.25, 0.35, 0.55, 0.68, -0.04, -0.34, -1.02, -1.13, -1.41, -1.87, -2.1, -2.38, -2.49, -2.33, -2.23, 0.61, 0.59, 0.56, 0.53, 0.57, 0.6, 0.7, 0.41, 0.71, -0.04, -0.94, -1.2, -1.48, -1.34, -1.85, -2.03, -2.2, -2.28, -2.24, -2.19, 0.79, 0.76, 0.71, 0.48, 0.39, 0.4, 0.59, 0.8, 0.8, 0.67, -1.11, -1.32, -1.56, -1.39, -1.85, -1.97, -2.08, -2.14, -2.15, -2.13, 0.8, 0.77, 0.72, 0.64, 0.46, -0.06, 0.61, 0.98, 1.04, 0.88, -0.29, -1.27, -1.35, -1.33, -1.85, -1.93, -2.01, -2.06, -2.08, -2.08, 0.81, 0.79, 0.76, 0.7, 0.62, 0.58, 0.85, 1.2, 1.35, 0.79, -0.05, -0.58, -0.78, -1.27, -1.86, -1.91, -1.97, -1.63, -1.64, -1.63, 0.83, 0.82, 0.81, 0.8, 0.82, 0.92, 1.09, 1.22, 1.31, 1.2, 0.52, -0.39, -0.58, -0.98, -0.93, -1.39, -1.42, -1.45, -1.48, -1.5, 0.86, 0.86, 0.86, 0.88, 0.93, 1.05, 1.22, 1.17, 1.18, 1.16, 0.59, 0.1, -0.03, -0.08, -0.76, -1.17, -1.22, -1.27, -1.32, -1.37, 0.88, 0.88, 0.9, 0.92, 0.97, 1.05, 1.11, 0.98, 0.92, 0.85, 0.79, 0.45, 0.08, 0.04, 0.03, -0.92, -1.0, -1.09, -1.17, -1.24, 0.9, 0.91, 0.25, 0.29, 0.33, 0.8, 0.79, 0.73, 0.67, 0.63, 0.33, 0.34, 0.35, -0.35, -0.29, -0.16, -0.22, -0.27, -0.54, -0.61, 0.18, 0.19, 0.2, 0.21, 0.65, 0.61, 0.52, 0.41, 0.34, 0.36, 0.18, 0.25, 0.29, 0.32, 0.17, 0.28, 0.26, 0.24, 0.22, 0.21, 0.16, 0.16, 0.15, 0.14, 0.52, 0.42, 0.25, 0.03, -0.08, -0.17, -0.02, 0.17, 0.25, 0.16, 0.33, 0.29, 0.25, 0.23, 0.21, 0.21, 0.13, 0.12, 0.1, 0.5, 0.42, 0.28, 0.06, -0.3, -0.67, -0.33, -0.21, -0.05, -0.03, 0.1, 0.29, 0.27, 0.24, 0.22, 0.2, 0.2, 0.1, 0.09, 0.27, 0.23, 0.16, 0.05, -0.11, -0.34, -0.55, -0.36, -0.18, -0.04, -0.08, 0.02, 0.25, 0.23, 0.21, 0.2, 0.19, 0.19, 0.31, 0.29, 0.26, 0.22, 0.16, 0.08, -0.02, -0.13, -0.29, -0.21, -0.09, -0.0, -0.11, 0.22, 0.21, 0.19, 0.18, 0.17, 0.17, 0.17, 0.31, 0.29, 0.26, 0.23, 0.19, 0.14, 0.09, 0.07, -0.08, -0.03, 0.02, 0.06, 0.35, 0.19, 0.18, 0.16, 0.15, 0.15, 0.16, 0.16, 0.31, 0.29, 0.27, 0.27, 0.26, 0.25, 0.25, 0.26, 0.3, 0.34, 0.36, 0.05, 0.32, 0.17, 0.16, 0.14, 0.11, 0.13, 0.15, 0.16, 0.34, 0.33, 0.33, 0.33, 0.34, 0.35, 0.37, 0.42, 0.47, 0.5, 0.5, 0.68, 0.33, 0.27, 0.21, 0.12, 0.06, 0.13, 0.15, 0.16, 0.37, 0.37, 0.38, 0.39, 0.41, 0.43, 0.47, 0.52, 0.59, 0.63, 0.6, 0.71, 0.66, 0.28, 0.22, 0.18, 0.15, 0.17, 0.16, 0.16, 0.4, 0.41, 0.43, 0.44, 0.47, 0.5, 0.54, 0.59, 0.64, 0.66, 0.76, 0.76, 0.71, 0.29, 0.24, 0.31, 0.26, 0.25, 0.16, 0.16, 0.43, 0.45, 0.46, 0.49, 0.52, 0.56, 0.6, 0.65, 0.7, 0.74, 0.86, 0.84, 0.78, 0.56, 0.45, 0.37, 0.33, 0.31, 0.31, 0.32, 0.46, 0.48, 0.5, 0.53, 0.56, 0.6, 0.66, 0.72, 0.8, 0.98, 1.01, 0.98, 0.9, 0.82, 0.52, 0.44, 0.39, 0.36, 0.35, 0.35, 0.48, 0.5, 0.53, 0.56, 0.59, 0.64, 0.7, 0.78, 0.89, 1.12, 1.24, 1.08, 0.95, 0.86, 0.58, 0.5, 0.45, 0.41, 0.39, 0.39, 0.5, 0.52, 0.55, 0.58, 0.62, 0.66, 0.72, 0.8, 1.03, 1.13, 1.19, 1.08, 0.97, 0.89, 0.62, 0.55, 0.49, 0.45, 0.43, 0.42, 0.51, 0.54, 0.56, 0.59, 0.63, 0.68, 0.73, 0.8, 1.01, 1.06, 1.07, 1.03, 0.96, 0.89, 0.65, 0.58, 0.53, 0.49, 0.46, 0.45, 0.53, 0.55, 0.57, 0.6, 0.64, 0.68, 0.73, 0.95, 0.98, 1.0, 1.01, 0.98, 0.94, 0.89, 0.66, 0.6, 0.55, 0.52, 0.49, 0.47]}, {"header": {"refTime": "2023-09-06T22:00:00.000Z", "nx": 21, "ny": 33, "lo1": 113.509, "la1": 22.2235, "lo2": 113.5947, "la2": 22.1034, "dx": 0.0042850000000001385, "dy": 0.003753125000000024, "parameterCategory": 2, "parameterCategoryName": "Temperature", "parameterNumber": 3}, "data": [0.76, 0.74, 0.72, 0.54, 0.51, 0.62, 0.57, 0.52, 0.51, 0.43, 0.5, 0.58, 0.95, 1.01, 1.14, 1.2, 1.77, 1.79, 1.8, 1.82, 0.78, 0.76, 0.73, 0.7, 0.52, 0.47, 0.53, 0.43, 0.37, 0.36, 0.5, 0.6, 0.99, 1.04, 1.17, 1.74, 1.77, 1.8, 1.82, 1.83, 0.79, 0.78, 0.76, 0.73, 0.54, 0.49, 0.41, 0.36, 0.09, 0.31, 0.52, 0.66, 1.05, 1.1, 1.69, 1.74, 1.79, 1.82, 1.84, 1.85, 0.81, 0.8, 0.79, 0.76, 0.72, 0.54, 0.47, 0.37, 0.27, 0.4, 0.59, 0.77, 1.13, 1.27, 1.68, 1.76, 1.82, 1.85, 1.87, 1.87, 0.84, 0.83, 0.82, 0.81, 0.78, 0.6, 0.58, 0.54, 0.51, 0.53, 0.68, 1.24, 1.24, 1.27, 1.68, 1.79, 1.86, 1.91, 1.91, 1.9, 0.86, 0.86, 0.86, 0.86, 0.85, 0.84, 0.7, 0.71, 0.71, 0.67, 1.18, 1.25, 1.28, 1.66, 1.73, 1.84, 1.94, 1.98, 1.96, 1.93, 1.2, 0.89, 0.9, 0.91, 0.91, 0.93, 1.09, 0.89, 0.9, 1.1, 1.08, 1.31, 1.82, 1.82, 1.79, 1.9, 2.04, 2.1, 2.09, 2.05, 1.2, 1.2, 1.21, 1.4, 1.4, 1.1, 1.11, 1.15, 1.25, 1.05, 0.81, 1.7, 1.86, 1.96, 2.19, 2.2, 2.2, 2.2, 2.2, 2.2, 1.2, 1.2, 1.2, 1.2, 1.38, 1.38, 1.4, 1.12, 1.22, 1.14, 1.45, 1.81, 2.09, 1.96, 2.21, 2.21, 2.2, 2.2, 2.2, 2.2, 1.37, 1.36, 1.35, 1.2, 1.2, 1.34, 1.4, 1.46, 1.31, 1.23, 1.65, 1.9, 2.13, 1.98, 2.23, 2.21, 2.21, 2.2, 2.2, 2.2, 1.36, 1.36, 1.35, 1.33, 1.3, 1.21, 1.36, 1.5, 1.59, 1.38, 1.72, 1.84, 1.93, 1.91, 2.23, 2.22, 2.21, 2.21, 2.2, 2.2, 1.36, 1.36, 1.35, 1.33, 1.32, 1.31, 1.39, 1.6, 1.71, 1.84, 1.75, 2.14, 2.16, 1.85, 2.23, 2.22, 2.21, 2.13, 2.13, 2.12, 1.36, 1.36, 1.35, 1.34, 1.33, 1.31, 1.32, 1.52, 1.65, 1.57, 1.85, 2.11, 2.14, 2.06, 2.05, 2.11, 2.1, 2.1, 2.1, 2.1, 1.36, 1.36, 1.35, 1.34, 1.33, 1.29, 1.19, 1.38, 1.5, 1.51, 1.81, 2.01, 2.01, 2.0, 1.99, 2.05, 2.05, 2.06, 2.07, 2.07, 1.37, 1.36, 1.36, 1.35, 1.34, 1.32, 1.31, 1.28, 1.32, 1.32, 1.31, 1.48, 1.96, 1.94, 1.93, 1.99, 2.0, 2.02, 2.03, 2.05, 1.37, 1.37, 1.03, 1.03, 1.03, 1.22, 1.21, 1.22, 1.22, 1.23, 1.4, 1.44, 1.48, 1.62, 1.64, 1.7, 1.69, 1.68, 1.62, 1.62, 1.02, 1.02, 1.02, 1.01, 1.19, 1.17, 1.15, 1.12, 1.11, 1.13, 1.33, 1.4, 1.47, 1.54, 1.48, 1.37, 1.27, 1.19, 1.13, 1.09, 1.01, 1.01, 1.0, 0.99, 1.16, 1.12, 1.07, 1.0, 0.97, 0.99, 1.09, 1.37, 1.46, 1.47, 1.64, 1.41, 1.26, 1.16, 1.1, 1.06, 1.0, 1.0, 0.99, 1.16, 1.13, 1.08, 1.01, 0.9, 0.78, 0.94, 1.17, 1.29, 1.29, 1.41, 1.43, 1.32, 1.2, 1.11, 1.06, 1.02, 0.99, 0.99, 1.11, 1.09, 1.07, 1.04, 0.99, 0.91, 0.92, 1.05, 1.19, 1.29, 1.23, 1.31, 1.24, 1.18, 1.1, 1.04, 1.0, 0.98, 1.14, 1.13, 1.12, 1.11, 1.1, 1.08, 1.05, 1.01, 1.09, 1.15, 1.24, 1.31, 1.19, 1.12, 1.1, 1.05, 1.0, 0.96, 0.94, 0.93, 1.15, 1.15, 1.14, 1.14, 1.13, 1.13, 1.12, 0.99, 1.23, 1.26, 1.3, 1.34, 1.45, 1.03, 0.99, 0.95, 0.91, 0.88, 0.87, 0.88, 1.16, 1.16, 1.16, 0.98, 0.99, 1.01, 1.04, 1.07, 1.11, 1.13, 1.11, 1.21, 1.05, 0.96, 0.92, 0.88, 0.85, 0.82, 0.81, 0.83, 0.96, 0.97, 0.98, 0.99, 1.01, 1.04, 1.08, 1.15, 1.23, 1.26, 1.2, 1.18, 1.07, 0.96, 0.88, 0.83, 0.88, 0.71, 0.74, 0.79, 0.96, 0.97, 0.98, 1.0, 1.02, 1.05, 1.1, 1.19, 1.35, 1.48, 1.28, 1.18, 1.1, 0.97, 0.87, 0.79, 0.67, 0.57, 0.71, 0.77, 0.96, 0.97, 0.98, 0.99, 1.01, 1.04, 1.09, 1.17, 1.32, 1.44, 1.27, 1.13, 1.06, 0.98, 0.89, 0.61, 0.59, 0.57, 0.73, 0.77, 0.96, 0.97, 0.97, 0.98, 1.0, 1.02, 1.05, 1.09, 1.13, 1.13, 1.07, 1.01, 0.99, 0.56, 0.58, 0.59, 0.59, 0.58, 0.59, 0.59, 0.95, 0.96, 0.96, 0.97, 0.98, 0.99, 0.99, 0.99, 0.95, 0.89, 0.82, 0.76, 0.76, 0.75, 0.56, 0.58, 0.58, 0.58, 0.59, 0.59, 0.95, 0.95, 0.95, 0.96, 0.96, 0.95, 0.94, 0.9, 0.82, 0.68, 0.49, 0.64, 0.71, 0.72, 0.55, 0.57, 0.57, 0.58, 0.58, 0.58, 0.94, 0.94, 0.94, 0.94, 0.94, 0.92, 0.9, 0.85, 0.73, 0.61, 0.54, 0.62, 0.69, 0.71, 0.54, 0.56, 0.57, 0.57, 0.58, 0.58, 0.94, 0.94, 0.93, 0.93, 0.92, 0.9, 0.88, 0.84, 0.73, 0.67, 0.64, 0.66, 0.69, 0.71, 0.54, 0.55, 0.56, 0.57, 0.57, 0.58, 0.93, 0.93, 0.92, 0.92, 0.91, 0.89, 0.87, 0.77, 0.74, 0.7, 0.69, 0.69, 0.7, 0.71, 0.54, 0.55, 0.56, 0.56, 0.57, 0.57]}, {"header": {"refTime": "2023-09-06T22:00:00.000Z", "nx": 21, "ny": 33, "lo1": 113.509, "la1": 22.2235, "lo2": 113.5947, "la2": 22.1034, "dx": 0.0042850000000001385, "dy": 0.003753125000000024, "parameterCategory": 0, "parameterCategoryName": "Temperature", "parameterNumber": 0}, "data": [[28.81, 28.79, 28.76, 28.21, 28.19, 28.57, 28.5, 28.44, 28.42, 27.99, 28.04, 28.09, 28.49, 28.53, 28.5, 28.5, 28.74, 28.73, 28.72, 28.72], [28.83, 28.81, 28.78, 28.74, 28.2, 28.16, 28.46, 28.33, 28.25, 27.96, 28.05, 28.13, 28.53, 28.57, 28.53, 28.76, 28.74, 28.72, 28.71, 28.71], [28.85, 28.83, 28.81, 28.77, 28.23, 28.19, 28.12, 28.25, 27.91, 27.94, 28.07, 28.19, 28.6, 28.63, 28.78, 28.75, 28.73, 28.71, 28.7, 28.7], [28.88, 28.86, 28.85, 28.82, 28.77, 28.24, 28.18, 28.09, 28.0, 27.96, 28.11, 28.3, 28.71, 28.58, 28.79, 28.75, 28.71, 28.69, 28.69, 28.68], [28.91, 28.9, 28.89, 28.87, 28.85, 28.31, 28.29, 28.25, 28.19, 27.97, 28.12, 28.59, 28.83, 28.63, 28.78, 28.73, 28.69, 28.67, 28.66, 28.67], [28.93, 28.94, 28.94, 28.94, 28.94, 28.94, 28.44, 28.46, 28.39, 28.21, 28.23, 28.47, 28.68, 28.9, 28.76, 28.7, 28.65, 28.62, 28.63, 28.65], [29.42, 28.97, 28.98, 28.99, 29.01, 29.05, 28.94, 28.75, 28.71, 28.35, 28.07, 28.28, 28.83, 28.85, 28.74, 28.67, 28.59, 28.56, 28.59, 28.62], [29.41, 29.41, 29.41, 29.41, 29.42, 28.94, 28.99, 29.18, 29.36, 28.27, 27.57, 28.24, 28.25, 28.85, 28.57, 28.6, 28.55, 28.54, 28.56, 28.58], [29.49, 29.48, 29.39, 29.38, 29.38, 29.4, 29.46, 29.03, 28.9, 28.42, 27.78, 28.0, 28.1, 27.96, 28.58, 28.6, 28.58, 28.57, 28.57, 28.58], [29.2, 29.2, 29.2, 29.43, 29.4, 29.31, 29.37, 29.46, 28.28, 28.42, 28.11, 27.86, 27.94, 27.9, 28.58, 28.61, 28.6, 28.59, 28.59, 28.59], [29.2, 29.2, 29.2, 29.2, 29.2, 29.2, 29.2, 29.2, 29.38, 28.85, 27.2, 27.77, 27.84, 27.84, 28.58, 28.62, 28.61, 28.6, 28.6, 28.6], [29.2, 29.2, 29.2, 29.2, 29.2, 29.2, 29.2, 29.2, 29.2, -999.0, 27.2, 28.7, 28.7, 27.8, 28.58, 28.63, 28.62, 27.82, 27.83, 27.84], [29.2, 29.2, 29.2, 29.2, 29.2, 29.2, 29.2, 29.2, 29.2, 29.2, -999.0, 28.7, 28.7, 27.79, 28.19, 28.06, 28.07, 27.92, 27.95, 27.96], [29.2, 29.2, 29.2, 29.2, 29.2, 29.2, 29.2, 29.2, 29.2, 29.2, -999.0, 27.3, 27.3, 27.3, 28.07, 27.96, 27.98, 27.83, 27.86, 27.89], [29.2, 29.2, 29.2, 29.2, 29.2, 29.2, 29.2, 28.4, 28.4, 28.4, 28.4, 27.98, 27.3, 27.3, 27.3, 27.85, 27.89, 27.75, 27.79, 27.83], [29.2, 29.2, 28.7, 28.69, 28.67, 28.4, 28.4, 28.4, 28.4, 28.4, 27.71, 27.79, 27.68, 27.59, 27.69, 27.63, 27.68, 27.59, 27.86, 27.9], [28.69, 28.68, 28.92, 28.9, 28.4, 28.4, 28.4, 28.4, 28.4, 28.4, 27.93, 27.79, 27.65, 27.51, 27.53, 27.47, 27.53, 27.57, 27.61, 27.63], [28.91, 28.9, 28.89, 28.87, 28.4, 28.4, 28.4, 28.4, 28.4, 28.12, 27.97, 27.81, 27.64, 27.54, 27.33, 27.45, 27.53, 27.59, 27.62, 27.64], [28.9, 28.89, 28.87, 28.4, 28.4, 28.4, 28.4, 28.4, 28.3, 28.19, 28.03, 27.89, 27.76, 27.62, 27.44, 27.5, 27.57, 27.62, 27.65, 27.66], [28.89, 28.87, 28.23, 28.24, 28.25, 28.26, 28.29, 28.35, 28.26, 28.16, 28.04, 27.92, 27.83, 27.74, 27.55, 27.59, 27.63, 27.67, 27.68, 27.69], [28.22, 28.22, 28.23, 28.28, 28.28, 28.29, 28.3, 28.31, 28.16, 28.11, 28.03, 27.94, 27.89, 27.62, 27.64, 27.67, 27.7, 27.72, 27.72, 27.71], [28.26, 28.26, 28.26, 28.27, 28.27, 28.27, 28.27, 28.31, 28.1, 28.07, 28.02, 27.96, 27.85, 27.68, 27.71, 27.75, 27.78, 27.78, 27.76, 27.74], [28.25, 28.25, 28.25, 28.32, 28.31, 28.31, 28.3, 28.29, 28.28, 28.27, 28.28, 28.21, 27.96, 27.72, 27.76, 27.82, 27.88, 27.83, 27.78, 27.75], [28.32, 28.32, 28.32, 28.31, 28.31, 28.3, 28.28, 28.26, 28.24, 28.23, 28.25, 28.22, 27.96, 27.94, 27.92, 27.84, 28.02, 27.81, 27.77, 27.75], [28.32, 28.32, 28.32, 28.31, 28.3, 28.29, 28.28, 28.25, 28.2, 28.16, 28.22, 28.23, 28.24, 27.93, 27.91, 27.89, 27.77, 27.68, 27.74, 27.74], [28.32, 28.32, 28.32, 28.31, 28.31, 28.3, 28.28, 28.25, 28.21, 28.17, 28.21, 28.25, 28.26, 27.93, 27.9, 27.93, 27.87, 27.84, 27.74, 27.74], [28.32, 28.32, 28.32, 28.31, 28.31, 28.3, 28.29, 28.28, 28.27, 28.27, 28.27, 28.29, 28.28, 28.08, 28.02, 27.97, 27.92, 27.9, 27.91, 27.92], [28.32, 28.32, 28.32, 28.32, 28.32, 28.31, 28.31, 28.31, 28.32, 28.33, 28.35, 28.23, 28.16, 28.09, 28.06, 28.01, 27.97, 27.95, 27.94, 27.95], [28.33, 28.32, 28.32, 28.32, 28.32, 28.32, 28.33, 28.34, 28.36, 28.4, 28.43, 28.3, 28.2, 28.12, 28.09, 28.04, 28.0, 27.98, 27.97, 27.97], [28.33, 28.33, 28.33, 28.33, 28.33, 28.33, 28.34, 28.35, 28.27, 28.34, 28.39, 28.3, 28.21, 28.14, 28.11, 28.07, 28.03, 28.01, 28.0, 27.99], [28.33, 28.33, 28.33, 28.33, 28.33, 28.34, 28.35, 28.36, 28.26, 28.29, 28.3, 28.26, 28.2, 28.15, 28.12, 28.08, 28.05, 28.03, 28.02, 28.01], [28.33, 28.33, 28.33, 28.34, 28.34, 28.34, 28.35, 28.21, 28.23, 28.24, 28.24, 28.22, 28.19, 28.14, 28.13, 28.1, 28.07, 28.05, 28.03, 28.03]]}]