gis_exercise/awsData/contour/wdir_2023090208.json
[{"header": {"refTime": "2023-09-02T08:00:00.000Z", "nx": 21, "ny": 33, "lo1": 113.509, "la1": 22.2235, "lo2": 113.5947, "la2": 22.1034, "dx": 0.0042850000000001385, "dy": 0.003753125000000024, "parameterCategory": 2, "parameterCategoryName": "Temperature", "parameterNumber": 2}, "data": [-4.8, -4.8, -4.79, -5.2, -5.15, -6.04, -5.91, -5.8, -5.8, -5.85, -6.17, -6.48, -6.62, -6.75, -9.7, -10.02, -10.54, -10.69, -10.8, -10.87, -4.8, -4.8, -4.8, -4.79, -5.16, -5.08, -5.78, -5.51, -5.37, -5.61, -6.15, -6.61, -6.82, -6.94, -9.86, -10.42, -10.66, -10.84, -10.97, -11.03, -4.81, -4.81, -4.81, -4.81, -5.19, -5.11, -4.96, -5.28, -4.48, -5.41, -6.26, -6.89, -7.17, -7.22, -10.18, -10.51, -10.83, -11.06, -11.19, -11.23, -4.81, -4.82, -4.82, -4.83, -4.83, -5.19, -5.07, -4.88, -4.7, -5.72, -6.56, -7.38, -7.76, -7.86, -10.17, -10.65, -11.1, -11.4, -11.51, -11.49, -4.81, -4.82, -4.83, -4.85, -4.88, -5.3, -5.26, -5.19, -5.15, -6.17, -6.85, -8.02, -8.96, -8.05, -10.18, -10.88, -11.55, -11.93, -11.95, -11.8, -4.8, -4.81, -4.83, -4.86, -4.91, -4.98, -5.46, -5.49, -5.5, -5.47, -6.89, -7.51, -8.2, -9.66, -10.19, -11.23, -12.32, -12.78, -12.51, -12.12, -8.38, -4.8, -4.81, -4.84, -4.91, -5.03, -5.56, -5.78, -5.82, -5.78, -5.64, -6.52, -9.06, -9.61, -10.14, -11.59, -13.44, -14.12, -14.61, -14.37, -8.42, -8.27, -8.09, -7.67, -7.59, -5.27, -5.5, -5.88, -6.22, -5.78, -5.59, -7.2, -7.63, -9.92, -12.02, -13.0, -14.13, -14.55, -13.93, -13.52, -8.48, -8.31, -8.09, -7.79, -7.32, -7.33, -7.62, -5.62, -7.81, -5.78, -8.02, -9.19, -11.46, -10.37, -12.23, -12.82, -13.45, -13.74, -13.6, -13.37, -11.17, -10.92, -10.53, -7.73, -7.08, -6.55, -7.52, -8.56, -9.31, -8.92, -9.04, -10.52, -12.52, -10.96, -12.42, -12.69, -13.03, -13.24, -13.26, -13.18, -11.26, -11.03, -10.64, -9.97, -8.52, -4.32, -9.59, -12.25, -10.77, -10.45, -12.74, -10.17, -10.75, -10.52, -12.46, -12.6, -12.8, -12.95, -13.01, -12.99, -11.42, -11.25, -10.99, -10.57, -9.89, -9.55, -11.59, -13.81, -14.63, -16.11, -13.21, -12.8, -12.66, -10.09, -12.42, -12.53, -12.66, -13.89, -13.88, -13.85, -11.61, -11.54, -11.46, -11.43, -11.63, -12.6, -14.08, -14.36, -14.57, -13.94, -16.12, -12.95, -12.72, -10.73, -10.62, -13.52, -13.51, -13.54, -13.57, -13.59, -11.82, -11.83, -11.9, -12.11, -12.65, -13.89, -15.97, -14.54, -14.13, -13.82, -16.16, -13.95, -13.63, -13.35, -10.4, -13.0, -13.06, -13.15, -13.24, -13.32, -12.0, -12.07, -12.21, -12.5, -13.0, -13.76, -14.35, -14.13, -13.54, -13.08, -12.73, -10.14, -13.1, -12.74, -12.51, -12.4, -12.56, -12.74, -12.91, -13.05, -12.15, -12.25, -9.1, -9.4, -9.8, -13.17, -13.06, -12.65, -12.2, -11.93, -9.56, -9.58, -9.57, -9.53, -9.62, -11.1, -11.29, -11.48, -11.63, -11.79, -8.67, -8.77, -8.89, -9.04, -12.26, -11.99, -11.5, -10.83, -10.4, -10.46, -8.78, -9.08, -9.28, -9.38, -9.02, -9.27, -9.22, -9.18, -9.14, -9.11, -8.57, -8.61, -8.65, -8.65, -11.48, -10.91, -9.98, -8.71, -8.05, -7.62, -8.33, -8.68, -9.06, -8.94, -9.36, -9.3, -9.23, -9.18, -9.14, -9.1, -8.45, -8.45, -8.42, -11.35, -10.88, -10.12, -8.88, -6.84, -4.82, -6.69, -6.7, -7.44, -8.33, -8.85, -9.31, -9.27, -9.22, -9.17, -9.12, -9.09, -8.34, -8.3, -9.93, -9.66, -9.27, -8.67, -7.78, -6.54, -5.15, -5.99, -6.83, -7.47, -8.3, -8.76, -9.25, -9.23, -9.2, -9.16, -9.11, -9.06, -10.09, -9.96, -9.78, -9.52, -9.18, -8.72, -8.14, -7.54, -6.29, -6.68, -7.19, -7.62, -8.35, -9.2, -9.22, -9.23, -9.21, -9.16, -9.09, -9.03, -10.0, -9.87, -9.7, -9.49, -9.22, -8.91, -8.59, -6.33, -7.2, -7.42, -7.67, -7.88, -10.49, -9.18, -9.22, -9.27, -9.3, -9.19, -9.05, -8.98, -9.94, -9.82, -9.68, -6.51, -6.56, -6.64, -6.77, -6.96, -7.18, -7.31, -7.26, -8.85, -9.51, -9.15, -9.21, -9.37, -9.59, -9.26, -8.95, -8.88, -6.5, -6.53, -6.57, -6.64, -6.74, -6.89, -7.14, -7.51, -7.97, -8.19, -7.88, -9.35, -9.52, -9.39, -9.33, -9.32, -10.46, -8.77, -8.66, -8.75, -6.54, -6.59, -6.65, -6.73, -6.86, -7.05, -7.36, -7.87, -8.71, -9.42, -8.39, -9.21, -9.24, -9.36, -9.22, -9.07, -8.39, -7.63, -8.4, -8.64, -6.58, -6.62, -6.69, -6.78, -6.91, -7.1, -7.39, -7.85, -8.63, -9.25, -9.17, -8.88, -8.93, -9.33, -9.15, -8.09, -8.0, -7.86, -8.45, -8.62, -6.6, -6.64, -6.71, -6.79, -6.9, -7.05, -7.25, -7.5, -7.78, -7.8, -8.36, -8.3, -8.51, -7.38, -7.68, -7.85, -7.9, -7.89, -7.91, -7.93, -6.61, -6.65, -6.7, -6.77, -6.85, -6.93, -7.02, -7.07, -6.99, -7.47, -7.17, -6.64, -6.75, -6.77, -7.44, -7.65, -7.76, -7.81, -7.84, -7.86, -6.6, -6.64, -6.68, -6.73, -6.77, -6.81, -6.81, -6.72, -6.46, -6.44, -5.37, -6.11, -6.49, -6.64, -7.25, -7.48, -7.62, -7.7, -7.75, -7.78, -6.6, -6.62, -6.65, -6.68, -6.7, -6.7, -6.65, -6.52, -6.47, -5.93, -5.59, -6.04, -6.38, -6.56, -7.12, -7.35, -7.5, -7.6, -7.67, -7.71, -6.59, -6.61, -6.62, -6.64, -6.64, -6.61, -6.55, -6.43, -6.49, -6.22, -6.09, -6.22, -6.41, -6.54, -7.05, -7.25, -7.4, -7.51, -7.58, -7.64, -6.57, -6.59, -6.59, -6.6, -6.59, -6.56, -6.5, -6.73, -6.57, -6.42, -6.35, -6.39, -6.48, -6.57, -7.02, -7.2, -7.34, -7.44, -7.52, -7.57]}, {"header": {"refTime": "2023-09-02T08:00:00.000Z", "nx": 21, "ny": 33, "lo1": 113.509, "la1": 22.2235, "lo2": 113.5947, "la2": 22.1034, "dx": 0.0042850000000001385, "dy": 0.003753125000000024, "parameterCategory": 2, "parameterCategoryName": "Temperature", "parameterNumber": 3}, "data": [-0.91, -0.87, -0.82, 0.34, 0.34, -0.76, -0.7, -0.65, -0.66, -0.37, -0.52, -0.68, -1.17, -1.24, -1.47, -1.45, -1.47, -1.42, -1.39, -1.36, -0.94, -0.9, -0.85, -0.78, 0.33, 0.33, -0.62, -0.49, -0.42, -0.28, -0.53, -0.77, -1.3, -1.36, -1.56, -1.55, -1.47, -1.41, -1.36, -1.34, -0.98, -0.94, -0.89, -0.82, 0.32, 0.32, 0.31, -0.36, 0.07, -0.21, -0.59, -0.95, -1.51, -1.54, -1.68, -1.55, -1.44, -1.37, -1.33, -1.31, -1.02, -0.99, -0.94, -0.88, -0.79, 0.31, 0.3, 0.3, 0.29, -0.29, -0.72, -1.26, -1.89, -1.49, -1.72, -1.53, -1.4, -1.32, -1.28, -1.26, -1.07, -1.05, -1.02, -0.96, -0.88, 0.29, 0.29, 0.3, 0.34, -0.34, -0.76, -1.61, -2.49, -1.68, -1.69, -1.46, -1.31, -1.23, -1.21, -1.21, -1.14, -1.13, -1.11, -1.07, -1.0, -0.91, 0.25, 0.25, 0.32, 0.5, -0.47, -1.15, -1.83, -1.64, -1.55, -1.33, -1.17, -1.11, -1.13, -1.16, -0.85, -1.21, -1.21, -1.19, -1.15, -1.06, -0.56, 0.1, 0.16, 0.55, 0.77, -0.31, -0.99, -1.06, -1.34, -1.2, -1.02, -0.95, -1.01, -1.07, -0.86, -0.91, -0.96, -1.1, -1.09, -0.9, -0.69, -0.49, -0.28, 0.63, 1.24, 0.45, 0.29, -0.62, -0.16, -0.34, -0.55, -0.63, -0.51, -0.43, -0.86, -0.92, -1.0, -1.11, -1.27, -1.22, -1.0, -0.61, 0.3, 0.48, 0.81, 0.48, 0.34, 0.41, -0.12, -0.27, -0.41, -0.47, -0.44, -0.4, -0.4, -0.48, -0.61, -1.19, -1.44, -1.65, -1.23, -0.76, 0.59, 0.72, 0.65, 0.49, 0.38, 0.43, -0.09, -0.21, -0.3, -0.36, -0.37, -0.36, -0.37, -0.45, -0.57, -0.79, -1.26, -2.63, -0.92, -0.06, -0.21, 0.79, 0.95, 0.52, 0.47, 0.47, -0.09, -0.17, -0.24, -0.29, -0.31, -0.32, -0.32, -0.38, -0.46, -0.59, -0.82, -0.93, -0.27, 0.44, 0.7, 1.02, 0.96, 0.45, 0.4, 0.51, -0.1, -0.16, -0.21, -0.61, -0.63, -0.64, -0.26, -0.28, -0.31, -0.32, -0.25, 0.07, 0.55, 0.63, 0.68, 0.49, 0.97, 0.51, 0.45, -0.28, -0.32, -0.59, -0.62, -0.64, -0.66, -0.66, -0.19, -0.19, -0.16, -0.09, 0.09, 0.49, 1.18, 0.7, 0.56, 0.45, 1.0, 0.13, -0.0, -0.11, -0.45, -0.68, -0.69, -0.7, -0.69, -0.69, -0.13, -0.11, -0.06, 0.03, 0.2, 0.45, 0.64, 0.71, 0.54, 0.42, 0.32, -0.66, -0.16, -0.28, -0.36, -0.79, -0.78, -0.76, -0.74, -0.73, -0.08, -0.05, -0.85, -0.76, -0.63, 0.46, 0.43, 0.31, 0.19, 0.12, -0.77, -0.83, -0.9, -1.14, -1.14, 0.47, 0.77, 1.07, 1.03, 1.19, -0.97, -0.94, -0.89, -0.84, 0.21, 0.14, 0.01, -0.17, -0.29, -0.27, -0.98, -0.98, -1.02, -1.1, -0.5, 0.01, 0.48, 0.84, 1.1, 1.27, -0.99, -0.97, -0.94, -0.93, 0.0, -0.15, -0.39, -0.73, -0.91, -1.17, -1.06, -1.09, -1.1, -0.54, -1.19, -0.13, 0.54, 0.96, 1.22, 1.38, -1.01, -1.0, -1.0, -0.03, -0.16, -0.36, -0.69, -1.23, -1.79, -1.39, -1.5, -1.4, -0.04, -0.21, -0.22, 0.28, 0.84, 1.21, 1.43, 1.55, -1.03, -1.03, -0.41, -0.48, -0.59, -0.75, -0.98, -1.31, -1.75, -1.6, -1.45, -1.37, 0.29, 0.38, 0.69, 0.98, 1.34, 1.59, 1.71, 1.75, -0.37, -0.41, -0.46, -0.52, -0.61, -0.74, -0.89, -1.05, -1.51, -1.44, -1.36, -1.3, 0.69, 1.24, 1.4, 1.68, 1.93, 2.03, 2.01, 1.95, -0.4, -0.43, -0.48, -0.54, -0.61, -0.69, -0.78, -0.87, -1.29, -1.25, -1.22, -1.21, 1.58, 1.7, 1.97, 2.32, 2.58, 2.52, 2.3, 2.13, -0.42, -0.45, -0.49, -0.59, -0.61, -0.64, -0.65, -0.64, -0.61, -0.57, -0.53, 1.04, 1.89, 2.01, 2.36, 2.88, 3.45, 3.01, 2.45, 2.21, -0.49, -0.49, -0.5, -0.51, -0.51, -0.51, -0.49, -0.47, -0.43, -0.4, -0.38, 1.79, 1.78, 2.21, 2.65, 3.07, 4.94, 2.67, 2.27, 2.17, -0.44, -0.44, -0.43, -0.43, -0.41, -0.39, -0.37, -0.34, -0.33, -0.33, -0.28, 1.59, 2.25, 2.1, 2.46, 2.7, 2.17, 1.24, 1.97, 2.07, -0.39, -0.38, -0.37, -0.35, -0.33, -0.3, -0.26, -0.23, -0.24, -0.26, 0.89, 1.52, 2.1, 1.97, 2.24, 2.57, 2.3, 2.08, 1.96, 2.02, -0.35, -0.33, -0.31, -0.28, -0.25, -0.2, -0.15, -0.1, -0.06, -0.0, 1.18, 1.55, 2.0, 2.34, 2.43, 2.44, 2.36, 2.29, 2.32, 2.39, -0.31, -0.29, -0.26, -0.23, -0.18, -0.12, -0.05, 0.04, 0.17, 1.23, 1.34, 0.44, 0.29, 0.15, 2.32, 2.36, 2.36, 2.35, 2.36, 2.39, -0.28, -0.25, -0.22, -0.18, -0.12, -0.06, 0.03, 0.16, 0.35, 1.32, 1.0, 0.65, 0.41, 0.24, 2.23, 2.3, 2.33, 2.35, 2.37, 2.39, -0.25, -0.22, -0.18, -0.14, -0.08, -0.01, 0.09, 0.22, 0.54, 0.76, 0.88, 0.66, 0.45, 0.28, 2.18, 2.26, 2.3, 2.33, 2.36, 2.38, -0.22, -0.19, -0.16, -0.11, -0.05, 0.02, 0.11, 0.22, 0.51, 0.61, 0.65, 0.56, 0.42, 0.29, 2.15, 2.23, 2.28, 2.31, 2.34, 2.36, -0.21, -0.17, -0.14, -0.09, -0.04, 0.03, 0.1, 0.38, 0.45, 0.5, 0.51, 0.46, 0.38, 0.28, 2.14, 2.21, 2.26, 2.3, 2.33, 2.35]}, {"header": {"refTime": "2023-09-02T08:00:00.000Z", "nx": 21, "ny": 33, "lo1": 113.509, "la1": 22.2235, "lo2": 113.5947, "la2": 22.1034, "dx": 0.0042850000000001385, "dy": 0.003753125000000024, "parameterCategory": 0, "parameterCategoryName": "Temperature", "parameterNumber": 0}, "data": [[25.69, 25.68, 25.68, 25.44, 25.45, 25.67, 25.67, 25.66, 25.67, 25.6, 25.62, 25.63, 25.83, 25.84, 25.85, 25.86, 25.94, 25.94, 25.93, 25.93], [25.69, 25.69, 25.68, 25.67, 25.45, 25.46, 25.66, 25.65, 25.65, 25.6, 25.62, 25.64, 25.84, 25.86, 25.86, 25.94, 25.94, 25.93, 25.93, 25.93], [25.7, 25.69, 25.68, 25.68, 25.45, 25.46, 25.48, 25.64, 25.61, 25.6, 25.63, 25.67, 25.87, 25.88, 25.95, 25.94, 25.94, 25.93, 25.93, 25.93], [25.7, 25.7, 25.69, 25.68, 25.67, 25.45, 25.47, 25.49, 25.52, 25.6, 25.63, 25.7, 25.9, 25.8, 25.95, 25.94, 25.93, 25.93, 25.93, 25.93], [25.71, 25.7, 25.7, 25.69, 25.68, 25.44, 25.45, 25.45, 25.45, 25.57, 25.62, 25.8, 25.92, 25.83, 25.95, 25.94, 25.93, 25.93, 25.92, 25.92], [25.72, 25.71, 25.71, 25.7, 25.69, 25.67, 25.43, 25.43, 25.41, 25.37, 25.63, 25.75, 25.85, 25.97, 25.94, 25.93, 25.92, 25.92, 25.92, 25.92], [25.78, 25.73, 25.72, 25.72, 25.71, 25.69, 25.52, 25.42, 25.4, 25.39, 25.38, 25.66, 25.94, 25.95, 25.93, 25.93, 25.91, 25.91, 25.92, 25.92], [25.79, 25.79, 25.79, 25.79, 25.78, 25.6, 25.55, 25.5, 25.48, 25.36, 25.23, 25.65, 25.66, 25.95, 25.9, 25.9, 25.9, 25.9, 25.9, 25.9], [25.71, 25.72, 25.81, 25.82, 25.82, 25.8, 25.74, 25.53, 25.37, 25.42, 25.41, 25.53, 25.58, 25.51, 25.9, 25.9, 25.9, 25.9, 25.9, 25.9], [26.0, 26.0, 26.0, 25.77, 25.8, 25.89, 25.83, 25.74, 25.27, 25.29, 25.59, 25.45, 25.5, 25.47, 25.9, 25.9, 25.9, 25.9, 25.9, 25.9], [26.0, 26.0, 26.0, 26.0, 26.0, 26.0, 26.0, 26.0, 25.82, 25.36, 25.1, 25.4, 25.44, 25.44, 25.9, 25.9, 25.9, 25.9, 25.9, 25.9], [26.0, 26.0, 26.0, 26.0, 26.0, 26.0, 26.0, 26.0, 26.0, -999.0, 25.1, 25.9, 25.9, 25.42, 25.9, 25.9, 25.9, 25.27, 25.29, 25.29], [26.0, 26.0, 26.0, 26.0, 26.0, 26.0, 26.0, 26.0, 26.0, 26.0, -999.0, 25.9, 25.9, 25.18, 25.5, 25.5, 25.51, 25.37, 25.39, 25.4], [26.0, 26.0, 26.0, 26.0, 26.0, 26.0, 26.0, 26.0, 26.0, 26.0, -999.0, 24.8, 24.8, 24.8, 25.4, 25.41, 25.43, 25.29, 25.32, 25.34], [26.0, 26.0, 26.0, 26.0, 26.0, 26.0, 26.0, 26.1, 26.1, 26.1, 26.1, 25.6, 24.8, 24.8, 24.8, 25.3, 25.34, 25.21, 25.25, 25.28], [26.0, 26.0, 26.06, 26.06, 26.07, 26.1, 26.1, 26.1, 26.1, 26.1, 25.28, 25.37, 25.25, 25.14, 25.26, 25.2, 25.26, 25.16, 25.39, 25.43], [26.06, 26.06, 26.04, 26.04, 26.1, 26.1, 26.1, 26.1, 26.1, 26.1, 25.54, 25.38, 25.21, 25.05, 25.08, 25.06, 25.15, 25.22, 25.27, 25.3], [26.04, 26.04, 26.04, 26.04, 26.1, 26.1, 26.1, 26.1, 26.1, 25.77, 25.6, 25.4, 25.2, 25.09, 24.84, 25.03, 25.16, 25.24, 25.29, 25.32], [26.04, 26.04, 26.04, 26.1, 26.1, 26.1, 26.1, 26.1, 25.98, 25.85, 25.69, 25.52, 25.36, 25.18, 25.01, 25.1, 25.21, 25.28, 25.33, 25.35], [26.04, 26.04, 25.99, 25.99, 26.0, 26.01, 26.03, 26.07, 25.96, 25.84, 25.7, 25.57, 25.43, 25.33, 25.18, 25.23, 25.3, 25.35, 25.38, 25.39], [25.98, 25.98, 25.98, 26.02, 26.02, 26.03, 26.03, 26.04, 25.85, 25.79, 25.71, 25.61, 25.51, 25.28, 25.31, 25.36, 25.4, 25.43, 25.44, 25.43], [26.01, 26.01, 26.01, 26.01, 26.01, 26.01, 26.02, 25.98, 25.8, 25.77, 25.71, 25.64, 25.51, 25.37, 25.41, 25.46, 25.51, 25.51, 25.49, 25.47], [26.0, 26.0, 26.0, 25.95, 25.95, 25.95, 25.95, 25.95, 25.95, 25.94, 25.94, 25.96, 25.75, 25.43, 25.48, 25.55, 25.62, 25.59, 25.54, 25.5], [25.94, 25.94, 25.94, 25.94, 25.94, 25.94, 25.94, 25.93, 25.93, 25.92, 25.92, 25.88, 25.76, 25.73, 25.72, 25.59, 25.76, 25.6, 25.54, 25.51], [25.94, 25.94, 25.94, 25.93, 25.93, 25.93, 25.92, 25.92, 25.91, 25.9, 25.91, 25.87, 25.87, 25.73, 25.71, 25.69, 25.56, 25.51, 25.53, 25.51], [25.93, 25.93, 25.93, 25.93, 25.92, 25.92, 25.91, 25.91, 25.9, 25.9, 25.87, 25.87, 25.87, 25.73, 25.7, 25.66, 25.63, 25.62, 25.52, 25.51], [25.93, 25.93, 25.92, 25.92, 25.92, 25.91, 25.91, 25.9, 25.89, 25.89, 25.86, 25.86, 25.86, 25.7, 25.69, 25.67, 25.65, 25.64, 25.65, 25.65], [25.93, 25.92, 25.92, 25.92, 25.91, 25.91, 25.9, 25.89, 25.88, 25.84, 25.84, 25.77, 25.74, 25.71, 25.69, 25.68, 25.67, 25.66, 25.66, 25.66], [25.92, 25.92, 25.92, 25.91, 25.91, 25.9, 25.89, 25.88, 25.87, 25.83, 25.79, 25.77, 25.75, 25.72, 25.7, 25.69, 25.68, 25.67, 25.67, 25.67], [25.92, 25.92, 25.91, 25.91, 25.9, 25.9, 25.89, 25.88, 25.78, 25.78, 25.79, 25.77, 25.75, 25.73, 25.71, 25.69, 25.69, 25.68, 25.68, 25.67], [25.92, 25.91, 25.91, 25.91, 25.9, 25.89, 25.89, 25.88, 25.77, 25.77, 25.77, 25.76, 25.75, 25.73, 25.71, 25.7, 25.69, 25.69, 25.68, 25.68], [25.92, 25.91, 25.91, 25.91, 25.9, 25.89, 25.89, 25.76, 25.76, 25.76, 25.76, 25.75, 25.74, 25.73, 25.71, 25.7, 25.7, 25.69, 25.69, 25.68]]}]