gis_exercise/awsData/contour/wdir_2023090412.json
[{"header": {"refTime": "2023-09-04T12:00:00.000Z", "nx": 21, "ny": 33, "lo1": 113.509, "la1": 22.2235, "lo2": 113.5947, "la2": 22.1034, "dx": 0.0042850000000001385, "dy": 0.003753125000000024, "parameterCategory": 2, "parameterCategoryName": "Temperature", "parameterNumber": 2}, "data": [-0.95, -0.96, -0.98, -1.18, -1.18, -1.09, -1.08, -1.08, -1.07, -0.95, -0.92, -0.89, -0.99, -0.99, -1.39, -1.47, -1.63, -1.68, -1.72, -1.75, -0.95, -0.96, -0.97, -0.99, -1.18, -1.17, -1.09, -1.08, -1.08, -0.97, -0.92, -0.88, -0.97, -0.97, -1.38, -1.57, -1.65, -1.72, -1.76, -1.79, -0.94, -0.95, -0.96, -0.98, -1.18, -1.18, -1.16, -1.09, -1.09, -0.99, -0.91, -0.86, -0.94, -0.94, -1.46, -1.59, -1.7, -1.77, -1.82, -1.84, -0.92, -0.94, -0.95, -0.97, -1.0, -1.19, -1.18, -1.15, -1.13, -0.96, -0.88, -0.81, -0.88, -0.88, -1.44, -1.62, -1.77, -1.86, -1.9, -1.9, -0.91, -0.92, -0.93, -0.95, -0.98, -1.2, -1.2, -1.19, -1.18, -0.92, -0.86, -0.85, -0.72, -0.85, -1.45, -1.7, -1.89, -2.0, -2.01, -1.98, -0.89, -0.9, -0.91, -0.93, -0.96, -1.01, -1.23, -1.24, -1.22, -1.18, -0.98, -0.92, -0.84, -1.39, -1.53, -1.82, -2.1, -2.21, -2.15, -2.07, -1.56, -0.87, -0.87, -0.89, -0.92, -0.98, -1.04, -1.3, -1.29, -1.24, -1.19, -1.07, -1.62, -1.68, -1.63, -1.95, -2.37, -2.53, -2.57, -2.5, -1.55, -1.52, -1.47, -1.91, -1.88, -0.88, -1.01, -1.22, -1.44, -1.22, -1.06, -1.69, -1.83, -1.96, -2.56, -2.64, -2.73, -2.76, -2.71, -2.68, -1.56, -1.51, -1.45, -1.37, -1.74, -1.76, -1.91, -1.07, -2.05, -1.26, -1.72, -2.07, -2.56, -2.32, -2.62, -2.64, -2.68, -2.7, -2.69, -2.67, -2.65, -2.56, -2.43, -1.33, -1.14, -1.39, -1.83, -2.31, -2.66, -2.48, -1.98, -2.32, -2.75, -2.43, -2.66, -2.65, -2.66, -2.67, -2.67, -2.66, -2.67, -2.58, -2.45, -2.22, -1.74, -0.32, -2.2, -3.31, -3.26, -3.14, -3.35, -2.24, -2.37, -2.33, -2.67, -2.65, -2.65, -2.65, -2.65, -2.65, -2.71, -2.64, -2.55, -2.4, -2.16, -2.05, -2.84, -4.03, -4.56, -4.59, -3.64, -3.5, -3.35, -2.23, -2.66, -2.65, -2.64, -2.65, -2.64, -2.63, -2.76, -2.72, -2.68, -2.64, -2.67, -2.9, -3.33, -3.97, -4.36, -3.97, -4.36, -3.64, -3.47, -2.27, -2.23, -2.6, -2.58, -2.57, -2.57, -2.57, -2.82, -2.81, -2.81, -2.84, -2.95, -3.19, -3.48, -3.63, -3.83, -3.78, -4.34, -3.64, -3.41, -3.24, -2.12, -2.46, -2.46, -2.48, -2.49, -2.51, -2.88, -2.89, -2.91, -2.97, -3.07, -3.23, -3.38, -3.08, -2.98, -2.83, -2.68, -1.91, -3.21, -3.01, -2.88, -2.3, -2.33, -2.38, -2.41, -2.45, -2.93, -2.95, -0.93, -1.01, -1.12, -2.56, -2.52, -2.39, -2.25, -2.18, -1.55, -1.56, -1.57, -1.16, -1.24, -1.67, -1.66, -1.65, -1.51, -1.52, -0.75, -0.77, -0.8, -0.81, -2.18, -2.04, -1.81, -1.51, -1.33, -1.4, -1.07, -1.26, -1.39, -1.46, -0.95, -1.49, -1.49, -1.49, -1.49, -1.5, -0.68, -0.67, -0.65, -0.61, -1.82, -1.54, -1.08, -0.45, -0.14, 0.17, -0.26, -1.01, -1.26, -0.92, -1.43, -1.49, -1.49, -1.49, -1.49, -1.49, -0.6, -0.58, -0.53, -1.78, -1.54, -1.16, -0.54, 0.49, 1.53, 0.6, 0.23, -0.23, -0.33, -0.74, -1.49, -1.48, -1.48, -1.48, -1.48, -1.49, -0.54, -0.49, -0.92, -0.79, -0.61, -0.33, 0.09, 0.68, 1.2, 0.68, 0.16, -0.25, -0.19, -0.47, -1.47, -1.46, -1.46, -1.46, -1.48, -1.49, -1.02, -0.96, -0.88, -0.77, -0.62, -0.41, -0.14, 0.14, 0.5, 0.25, -0.06, -0.33, -0.09, -1.46, -1.45, -1.43, -1.43, -1.44, -1.47, -1.49, -1.01, -0.95, -0.89, -0.8, -0.69, -0.56, -0.43, 0.19, -0.06, -0.2, -0.36, -0.49, -1.27, -1.45, -1.43, -1.39, -1.37, -1.41, -1.47, -1.51, -1.0, -0.96, -0.91, -0.06, -0.07, -0.1, -0.15, -0.24, -0.36, -0.45, -0.45, -0.38, -1.66, -1.45, -1.41, -1.33, -1.22, -1.36, -1.5, -1.54, -0.12, -0.13, -0.15, -0.17, -0.22, -0.29, -0.41, -0.6, -0.84, -0.96, -0.82, -1.17, -1.68, -1.6, -1.52, -1.34, -0.84, -1.56, -1.61, -1.59, -0.17, -0.19, -0.22, -0.26, -0.33, -0.43, -0.59, -0.84, -1.24, -1.57, -1.12, -1.19, -1.01, -1.63, -1.58, -1.55, -1.72, -2.03, -1.72, -1.63, -0.21, -0.24, -0.28, -0.33, -0.41, -0.51, -0.67, -0.9, -1.25, -1.53, -1.38, -1.14, -0.99, -1.66, -1.63, -1.4, -1.57, -1.66, -1.7, -1.64, -0.25, -0.28, -0.32, -0.37, -0.45, -0.54, -0.66, -0.81, -0.97, -1.01, -1.13, -1.01, -0.93, -1.12, -1.23, -1.35, -1.45, -1.5, -1.49, -1.45, -0.27, -0.31, -0.35, -0.4, -0.46, -0.54, -0.62, -0.7, -0.74, -0.92, -0.82, -1.2, -1.38, -1.55, -1.17, -1.28, -1.35, -1.4, -1.41, -1.39, -0.29, -0.32, -0.36, -0.41, -0.46, -0.52, -0.57, -0.61, -0.6, -0.67, -0.59, -0.98, -1.25, -1.45, -1.12, -1.21, -1.28, -1.32, -1.34, -1.35, -0.31, -0.34, -0.37, -0.41, -0.45, -0.49, -0.53, -0.55, -1.09, -0.86, -0.72, -0.97, -1.21, -1.4, -1.07, -1.16, -1.22, -1.27, -1.29, -1.3, -0.32, -0.34, -0.37, -0.41, -0.44, -0.47, -0.5, -0.51, -1.13, -1.02, -0.98, -1.09, -1.24, -1.39, -1.05, -1.12, -1.18, -1.22, -1.25, -1.26, -0.32, -0.34, -0.37, -0.4, -0.43, -0.45, -0.47, -1.27, -1.2, -1.15, -1.14, -1.2, -1.29, -1.4, -1.04, -1.1, -1.15, -1.19, -1.22, -1.23]}, {"header": {"refTime": "2023-09-04T12:00:00.000Z", "nx": 21, "ny": 33, "lo1": 113.509, "la1": 22.2235, "lo2": 113.5947, "la2": 22.1034, "dx": 0.0042850000000001385, "dy": 0.003753125000000024, "parameterCategory": 2, "parameterCategoryName": "Temperature", "parameterNumber": 3}, "data": [-2.13, -2.1, -2.07, -1.53, -1.52, -1.38, -1.37, -1.36, -1.35, -1.28, -1.27, -1.26, -1.67, -1.7, -2.55, -2.73, -3.43, -3.54, -3.63, -3.69, -2.15, -2.12, -2.09, -2.04, -1.52, -1.5, -1.37, -1.35, -1.34, -1.28, -1.26, -1.25, -1.65, -1.68, -2.55, -3.29, -3.48, -3.62, -3.72, -3.78, -2.18, -2.15, -2.11, -2.06, -1.53, -1.51, -1.48, -1.35, -1.31, -1.28, -1.26, -1.23, -1.61, -1.65, -3.03, -3.32, -3.57, -3.74, -3.85, -3.89, -2.21, -2.19, -2.16, -2.11, -2.04, -1.53, -1.5, -1.46, -1.41, -1.28, -1.25, -1.21, -1.52, -1.64, -2.99, -3.4, -3.73, -3.94, -4.03, -4.04, -2.25, -2.24, -2.21, -2.17, -2.11, -1.56, -1.55, -1.53, -1.52, -1.29, -1.25, -1.56, -1.28, -1.59, -3.02, -3.57, -4.01, -4.24, -4.27, -4.21, -2.3, -2.29, -2.28, -2.25, -2.2, -2.13, -1.6, -1.6, -1.6, -1.58, -1.83, -1.74, -1.55, -2.35, -3.2, -3.85, -4.46, -4.71, -4.58, -4.39, -2.68, -2.36, -2.35, -2.34, -2.31, -2.24, -2.19, -1.68, -1.68, -1.99, -2.04, -2.1, -2.85, -2.85, -3.45, -4.15, -5.06, -5.4, -5.07, -4.8, -2.7, -2.71, -2.72, -2.58, -2.56, -2.41, -2.25, -2.04, -1.91, -1.93, -1.76, -3.1, -3.35, -3.27, -4.65, -5.04, -5.51, -5.68, -5.42, -5.25, -2.72, -2.74, -2.76, -2.79, -2.68, -2.64, -2.48, -2.18, -1.78, -2.03, -2.83, -3.39, -3.92, -3.67, -4.62, -4.92, -5.2, -5.33, -5.28, -5.18, -2.74, -2.77, -2.81, -2.86, -2.96, -2.9, -2.67, -2.41, -1.78, -1.75, -3.18, -3.6, -4.06, -3.75, -4.62, -4.82, -5.0, -5.11, -5.12, -5.09, -2.74, -2.76, -2.8, -2.87, -3.02, -3.45, -2.88, -2.54, -2.26, -1.78, -2.82, -3.5, -3.66, -3.62, -4.63, -4.76, -4.88, -4.97, -5.01, -5.01, -2.72, -2.74, -2.77, -2.82, -2.89, -2.92, -2.68, -2.33, -2.17, -2.61, -2.71, -3.43, -3.58, -3.51, -4.63, -4.72, -4.81, -5.11, -5.13, -5.14, -2.71, -2.72, -2.73, -2.74, -2.74, -2.66, -2.53, -2.34, -2.22, -2.34, -2.84, -3.29, -3.43, -4.11, -4.1, -4.92, -4.96, -5.0, -5.03, -5.05, -2.69, -2.69, -2.69, -2.68, -2.65, -2.57, -2.48, -2.44, -2.38, -2.4, -2.8, -3.46, -3.62, -3.72, -4.1, -4.82, -4.86, -4.91, -4.94, -4.97, -2.67, -2.67, -2.66, -2.64, -2.61, -2.56, -2.52, -1.76, -1.61, -1.5, -1.42, -2.05, -3.63, -3.73, -3.79, -4.71, -4.76, -4.81, -4.86, -4.9, -2.66, -2.65, -2.03, -2.01, -1.99, -1.57, -1.54, -1.45, -1.34, -1.27, -1.78, -2.08, -2.42, -3.31, -3.44, -4.46, -4.51, -4.55, -4.95, -5.01, -1.94, -1.93, -1.9, -1.85, -1.37, -1.32, -1.21, -1.07, -0.97, -0.98, -1.66, -2.08, -2.56, -3.07, -3.73, -4.33, -4.41, -4.46, -4.5, -4.52, -1.87, -1.83, -1.78, -1.7, -1.2, -1.09, -0.89, -0.63, -0.49, -1.13, -1.62, -2.03, -2.62, -3.67, -4.08, -4.31, -4.41, -4.48, -4.52, -4.54, -1.8, -1.75, -1.68, -1.17, -1.08, -0.92, -0.67, -0.25, 0.0, -0.8, -1.52, -2.1, -3.12, -3.56, -4.3, -4.37, -4.46, -4.52, -4.55, -4.57, -1.74, -1.68, -1.42, -1.35, -1.24, -1.08, -0.83, -0.47, -0.42, -0.96, -1.55, -2.05, -3.06, -3.43, -4.44, -4.48, -4.53, -4.57, -4.59, -4.6, -1.51, -1.48, -1.43, -1.37, -1.29, -1.17, -1.01, -0.85, -1.08, -1.34, -1.7, -2.05, -3.06, -4.52, -4.54, -4.58, -4.62, -4.64, -4.64, -4.63, -1.52, -1.5, -1.46, -1.42, -1.37, -1.31, -1.25, -1.06, -1.55, -1.7, -1.9, -2.1, -4.05, -4.59, -4.63, -4.68, -4.71, -4.71, -4.68, -4.65, -1.54, -1.52, -1.51, -1.26, -1.27, -1.29, -1.32, -1.4, -1.49, -1.56, -1.56, -2.51, -4.05, -4.63, -4.68, -4.76, -4.84, -4.78, -4.7, -4.67, -1.31, -1.32, -1.33, -1.35, -1.38, -1.44, -1.53, -1.68, -1.86, -1.95, -1.85, -3.08, -4.0, -4.23, -4.44, -4.79, -5.04, -4.74, -4.68, -4.66, -1.35, -1.36, -1.39, -1.42, -1.47, -1.55, -1.67, -1.87, -2.17, -2.42, -2.08, -2.97, -3.18, -4.2, -4.4, -4.56, -4.67, -4.55, -4.64, -4.65, -1.38, -1.4, -1.43, -1.48, -1.53, -1.62, -1.74, -1.91, -2.19, -2.39, -2.76, -2.86, -3.05, -4.15, -4.33, -4.27, -4.38, -4.39, -4.64, -4.65, -1.41, -1.44, -1.47, -1.51, -1.57, -1.64, -1.74, -1.85, -1.97, -2.01, -2.6, -2.69, -2.89, -3.63, -3.9, -4.1, -4.21, -4.26, -4.26, -4.23, -1.43, -1.46, -1.49, -1.53, -1.58, -1.64, -1.71, -1.77, -1.81, -2.35, -2.29, -2.31, -2.51, -2.7, -3.71, -3.92, -4.05, -4.12, -4.15, -4.14, -1.45, -1.48, -1.51, -1.54, -1.58, -1.63, -1.67, -1.71, -1.71, -2.07, -1.77, -2.12, -2.4, -2.61, -3.56, -3.77, -3.91, -3.99, -4.04, -4.06, -1.46, -1.49, -1.51, -1.54, -1.58, -1.61, -1.64, -1.66, -2.2, -2.0, -1.88, -2.12, -2.36, -2.56, -3.45, -3.65, -3.79, -3.88, -3.94, -3.98, -1.47, -1.49, -1.52, -1.54, -1.57, -1.6, -1.62, -1.63, -2.25, -2.16, -2.13, -2.23, -2.39, -2.54, -3.38, -3.57, -3.7, -3.8, -3.86, -3.9, -1.47, -1.49, -1.52, -1.54, -1.56, -1.58, -1.6, -2.38, -2.32, -2.28, -2.28, -2.34, -2.44, -2.56, -3.36, -3.51, -3.63, -3.73, -3.79, -3.84]}, {"header": {"refTime": "2023-09-04T12:00:00.000Z", "nx": 21, "ny": 33, "lo1": 113.509, "la1": 22.2235, "lo2": 113.5947, "la2": 22.1034, "dx": 0.0042850000000001385, "dy": 0.003753125000000024, "parameterCategory": 0, "parameterCategoryName": "Temperature", "parameterNumber": 0}, "data": [[32.88, 32.88, 32.89, 32.74, 32.76, 32.9, 32.92, 32.94, 32.95, 32.96, 32.94, 32.93, 33.01, 33.01, 32.92, 32.9, 32.83, 32.82, 32.81, 32.81], [32.88, 32.88, 32.88, 32.89, 32.75, 32.78, 32.92, 32.96, 32.99, 32.98, 32.95, 32.93, 33.01, 33.0, 32.91, 32.84, 32.83, 32.81, 32.81, 32.8], [32.88, 32.88, 32.88, 32.88, 32.74, 32.77, 32.82, 32.98, 33.07, 33.0, 32.95, 32.93, 33.01, 33.0, 32.86, 32.84, 32.82, 32.8, 32.8, 32.79], [32.87, 32.87, 32.87, 32.87, 32.87, 32.75, 32.79, 32.85, 32.92, 32.96, 32.92, 32.92, 33.0, 32.88, 32.86, 32.83, 32.8, 32.79, 32.78, 32.78], [32.87, 32.87, 32.87, 32.86, 32.86, 32.7, 32.72, 32.74, 32.75, 32.9, 32.89, 32.88, 32.95, 32.89, 32.86, 32.82, 32.78, 32.76, 32.76, 32.76], [32.87, 32.87, 32.87, 32.86, 32.84, 32.82, 32.65, 32.64, 32.63, 32.63, 32.78, 32.85, 32.91, 32.97, 32.85, 32.79, 32.74, 32.72, 32.73, 32.75], [32.79, 32.87, 32.87, 32.86, 32.84, 32.81, 32.6, 32.55, 32.54, 32.54, 32.58, 32.79, 32.94, 32.95, 32.83, 32.77, 32.69, 32.66, 32.67, 32.7], [32.8, 32.8, 32.81, 32.8, 32.79, 32.69, 32.62, 32.52, 32.44, 32.53, 32.54, 32.78, 32.78, 32.95, 32.71, 32.74, 32.68, 32.65, 32.69, 32.72], [32.7, 32.71, 32.83, 32.84, 32.85, 32.82, 32.74, 32.59, 32.43, 32.55, 32.65, 32.71, 32.74, 32.7, 32.72, 32.76, 32.72, 32.7, 32.71, 32.73], [33.1, 33.1, 33.1, 32.77, 32.82, 32.94, 32.86, 32.74, 32.46, 32.45, 32.74, 32.68, 32.7, 32.69, 32.72, 32.77, 32.74, 32.73, 32.73, 32.74], [33.1, 33.1, 33.1, 33.1, 33.1, 33.1, 33.1, 33.1, 32.85, 32.43, 32.5, 32.65, 32.67, 32.67, 32.72, 32.78, 32.76, 32.75, 32.75, 32.75], [33.1, 33.1, 33.1, 33.1, 33.1, 33.1, 33.1, 33.1, 33.1, -999.0, 32.5, 32.9, 32.9, 32.66, 32.71, 32.79, 32.78, 32.83, 32.82, 32.82], [33.1, 33.1, 33.1, 33.1, 33.1, 33.1, 33.1, 33.1, 33.1, 33.1, -999.0, 32.9, 32.9, 32.97, 32.94, 32.75, 32.74, 32.79, 32.78, 32.78], [33.1, 33.1, 33.1, 33.1, 33.1, 33.1, 33.1, 33.1, 33.1, 33.1, -999.0, 33.0, 33.0, 33.0, 32.95, 32.78, 32.77, 32.82, 32.81, 32.8], [33.1, 33.1, 33.1, 33.1, 33.1, 33.1, 33.1, 33.0, 33.0, 33.0, 33.0, 33.0, 33.0, 33.0, 33.0, 32.82, 32.8, 32.85, 32.84, 32.82], [33.1, 33.1, 33.04, 33.04, 33.03, 33.0, 33.0, 33.0, 33.0, 33.0, 33.0, 33.0, 33.0, 33.0, 33.0, 32.08, 31.94, 32.19, 32.21, 32.16], [33.04, 33.04, 33.06, 33.06, 33.0, 33.0, 33.0, 33.0, 33.0, 33.0, 33.0, 33.0, 33.0, 33.0, 32.72, 32.54, 32.38, 32.25, 32.17, 32.11], [33.06, 33.06, 33.06, 33.06, 33.0, 33.0, 33.0, 33.0, 33.0, 33.0, 33.0, 33.0, 33.0, 32.73, 32.96, 32.59, 32.36, 32.21, 32.12, 32.06], [33.06, 33.06, 33.06, 33.0, 33.0, 33.0, 33.0, 33.0, 33.0, 33.0, 32.85, 32.85, 32.55, 32.62, 32.62, 32.45, 32.26, 32.13, 32.05, 32.01], [33.06, 33.06, 32.54, 32.57, 32.59, 32.64, 32.7, 32.87, 32.91, 32.86, 32.82, 32.82, 32.44, 32.43, 32.31, 32.21, 32.09, 32.0, 31.96, 31.94], [32.51, 32.52, 32.54, 32.67, 32.69, 32.71, 32.74, 32.77, 32.81, 32.79, 32.77, 32.77, 32.31, 32.12, 32.07, 31.98, 31.89, 31.85, 31.85, 31.87], [32.63, 32.63, 32.64, 32.64, 32.65, 32.66, 32.66, 32.74, 32.71, 32.7, 32.7, 32.71, 31.94, 31.97, 31.88, 31.77, 31.68, 31.69, 31.75, 31.8], [32.61, 32.61, 32.61, 32.73, 32.73, 32.71, 32.69, 32.67, 32.64, 32.62, 32.63, 31.99, 31.72, 31.86, 31.75, 31.59, 31.42, 31.54, 31.69, 31.77], [32.74, 32.74, 32.73, 32.72, 32.71, 32.69, 32.65, 32.6, 32.54, 32.51, 32.56, 32.01, 31.75, 31.65, 31.56, 31.52, 31.0, 31.6, 31.73, 31.77], [32.74, 32.73, 32.73, 32.71, 32.7, 32.67, 32.63, 32.56, 32.44, 32.34, 32.49, 32.08, 31.94, 31.68, 31.6, 31.55, 31.74, 31.98, 31.8, 31.79], [32.74, 32.73, 32.72, 32.71, 32.7, 32.67, 32.63, 32.57, 32.46, 32.37, 32.22, 32.16, 32.04, 31.71, 31.66, 31.78, 31.8, 31.84, 31.81, 31.81], [32.74, 32.73, 32.73, 32.72, 32.7, 32.69, 32.66, 32.63, 32.59, 32.59, 32.34, 32.28, 32.15, 32.08, 31.95, 31.88, 31.85, 31.85, 31.84, 31.84], [32.74, 32.74, 32.73, 32.72, 32.72, 32.71, 32.7, 32.7, 32.72, 32.53, 32.57, 32.75, 32.7, 32.66, 32.05, 31.96, 31.91, 31.89, 31.88, 31.87], [32.74, 32.74, 32.74, 32.73, 32.73, 32.73, 32.74, 32.76, 32.81, 32.73, 33.0, 32.84, 32.75, 32.69, 32.12, 32.03, 31.97, 31.94, 31.91, 31.9], [32.75, 32.75, 32.74, 32.74, 32.74, 32.75, 32.76, 32.79, 32.79, 32.89, 32.95, 32.85, 32.77, 32.71, 32.18, 32.09, 32.02, 31.98, 31.95, 31.94], [32.75, 32.75, 32.75, 32.75, 32.76, 32.76, 32.78, 32.8, 32.77, 32.83, 32.85, 32.81, 32.76, 32.72, 32.21, 32.12, 32.06, 32.02, 31.99, 31.97], [32.75, 32.75, 32.76, 32.76, 32.76, 32.77, 32.79, 32.72, 32.75, 32.78, 32.79, 32.77, 32.74, 32.71, 32.22, 32.15, 32.09, 32.05, 32.02, 31.99]]}]