gis_exercise/awsData/contour/wdir_2023091304.json
[{"header": {"refTime": "2023-09-13T04:00:00.000Z", "nx": 21, "ny": 33, "lo1": 113.509, "la1": 22.2235, "lo2": 113.5947, "la2": 22.1034, "dx": 0.0042850000000001385, "dy": 0.003753125000000024, "parameterCategory": 2, "parameterCategoryName": "Temperature", "parameterNumber": 2}, "data": [-1.63, -1.62, -1.61, -1.63, -1.6, -1.72, -1.68, -1.64, -1.63, -1.55, -1.61, -1.68, -1.9, -1.94, -2.78, -2.91, -3.33, -3.41, -3.46, -3.49, -1.63, -1.63, -1.62, -1.6, -1.61, -1.57, -1.65, -1.56, -1.51, -1.49, -1.61, -1.7, -1.93, -1.97, -2.82, -3.26, -3.37, -3.46, -3.52, -3.55, -1.64, -1.64, -1.63, -1.62, -1.63, -1.59, -1.53, -1.5, -1.27, -1.45, -1.63, -1.75, -1.99, -2.02, -3.12, -3.29, -3.44, -3.55, -3.61, -3.63, -1.65, -1.65, -1.64, -1.64, -1.62, -1.63, -1.57, -1.49, -1.41, -1.52, -1.69, -1.85, -2.08, -2.16, -3.1, -3.34, -3.55, -3.68, -3.73, -3.73, -1.66, -1.66, -1.66, -1.66, -1.66, -1.68, -1.66, -1.63, -1.61, -1.63, -1.76, -2.16, -2.22, -2.18, -3.11, -3.45, -3.73, -3.89, -3.9, -3.85, -1.66, -1.67, -1.67, -1.68, -1.69, -1.71, -1.76, -1.77, -1.76, -1.73, -2.05, -2.13, -2.19, -2.77, -3.19, -3.62, -4.04, -4.22, -4.12, -3.98, -2.62, -1.67, -1.68, -1.69, -1.71, -1.75, -1.92, -1.92, -1.93, -2.0, -1.94, -2.09, -2.85, -2.95, -3.27, -3.79, -4.47, -4.72, -4.67, -4.52, -2.62, -2.59, -2.55, -2.77, -2.74, -1.84, -1.92, -2.05, -2.21, -1.96, -1.77, -2.6, -2.79, -3.16, -4.06, -4.38, -4.76, -4.9, -4.69, -4.55, -2.64, -2.6, -2.54, -2.47, -2.65, -2.66, -2.75, -1.96, -2.68, -2.02, -2.62, -3.06, -3.67, -3.38, -4.09, -4.3, -4.52, -4.62, -4.57, -4.5, -3.56, -3.49, -3.38, -2.45, -2.29, -2.4, -2.73, -3.07, -3.2, -3.04, -2.94, -3.37, -3.9, -3.51, -4.12, -4.24, -4.37, -4.45, -4.46, -4.43, -3.58, -3.51, -3.4, -3.21, -2.81, -1.63, -3.17, -4.04, -3.84, -3.6, -4.09, -3.27, -3.44, -3.38, -4.13, -4.2, -4.28, -4.34, -4.37, -4.37, -3.62, -3.57, -3.49, -3.36, -3.17, -3.08, -3.71, -4.6, -4.97, -5.18, -4.3, -4.33, -4.24, -3.26, -4.12, -4.18, -4.23, -4.33, -4.34, -4.33, -3.67, -3.64, -3.61, -3.58, -3.61, -3.83, -4.2, -4.6, -4.85, -4.57, -5.07, -4.41, -4.3, -3.38, -3.34, -4.14, -4.16, -4.18, -4.2, -4.22, -3.72, -3.71, -3.72, -3.75, -3.86, -4.11, -4.44, -4.42, -4.5, -4.45, -5.06, -4.43, -4.27, -4.14, -3.22, -3.94, -3.98, -4.02, -4.07, -4.1, -3.77, -3.78, -3.8, -3.86, -3.96, -4.12, -4.26, -4.15, -4.06, -3.95, -3.85, -3.11, -4.07, -3.91, -3.81, -3.71, -3.78, -3.86, -3.93, -3.99, -3.81, -3.83, -2.51, -2.58, -2.68, -3.8, -3.77, -3.68, -3.58, -3.52, -2.9, -2.87, -2.83, -2.61, -2.64, -3.07, -3.12, -3.17, -3.35, -3.41, -2.38, -2.41, -2.43, -2.46, -3.54, -3.44, -3.28, -3.08, -2.95, -3.0, -2.58, -2.66, -2.69, -2.67, -2.39, -2.6, -2.61, -2.62, -2.62, -2.63, -2.34, -2.35, -2.35, -2.33, -3.29, -3.1, -2.78, -2.36, -2.14, -1.86, -2.09, -2.49, -2.59, -2.37, -2.54, -2.6, -2.61, -2.62, -2.63, -2.63, -2.3, -2.29, -2.27, -3.26, -3.1, -2.84, -2.42, -1.72, -1.0, -1.58, -1.67, -1.92, -2.13, -2.32, -2.59, -2.61, -2.62, -2.63, -2.63, -2.63, -2.26, -2.24, -2.59, -2.51, -2.39, -2.21, -1.93, -1.55, -1.15, -1.43, -1.72, -1.94, -2.1, -2.25, -2.62, -2.63, -2.63, -2.64, -2.64, -2.64, -2.65, -2.61, -2.56, -2.48, -2.38, -2.24, -2.06, -1.88, -1.54, -1.68, -1.85, -1.99, -2.1, -2.63, -2.64, -2.65, -2.65, -2.65, -2.65, -2.64, -2.63, -2.6, -2.55, -2.48, -2.41, -2.32, -2.22, -1.64, -1.86, -1.93, -2.02, -2.09, -2.83, -2.64, -2.65, -2.67, -2.68, -2.67, -2.65, -2.64, -2.62, -2.59, -2.55, -1.74, -1.75, -1.77, -1.81, -1.87, -1.95, -1.99, -1.98, -2.31, -2.79, -2.65, -2.66, -2.69, -2.72, -2.69, -2.65, -2.64, -1.75, -1.76, -1.77, -1.79, -1.82, -1.87, -1.95, -2.07, -2.22, -2.29, -2.2, -2.6, -2.8, -2.77, -2.74, -2.69, -2.81, -2.65, -2.63, -2.63, -1.77, -1.78, -1.8, -1.83, -1.87, -1.94, -2.04, -2.2, -2.47, -2.69, -2.37, -2.58, -2.55, -2.77, -2.73, -2.71, -2.61, -2.54, -2.61, -2.62, -1.79, -1.8, -1.83, -1.86, -1.9, -1.97, -2.06, -2.21, -2.45, -2.65, -2.61, -2.5, -2.48, -2.77, -2.73, -2.47, -2.5, -2.49, -2.61, -2.62, -1.8, -1.82, -1.84, -1.87, -1.91, -1.96, -2.03, -2.12, -2.21, -2.23, -2.38, -2.34, -2.37, -2.23, -2.33, -2.4, -2.44, -2.45, -2.45, -2.45, -1.81, -1.82, -1.84, -1.87, -1.9, -1.94, -1.98, -2.0, -2.0, -2.15, -2.06, -2.06, -2.13, -2.18, -2.26, -2.34, -2.38, -2.41, -2.42, -2.42, -1.81, -1.83, -1.84, -1.86, -1.89, -1.91, -1.92, -1.91, -1.86, -1.88, -1.64, -1.89, -2.04, -2.13, -2.21, -2.28, -2.33, -2.36, -2.38, -2.39, -1.81, -1.83, -1.84, -1.86, -1.87, -1.88, -1.88, -1.86, -1.99, -1.82, -1.72, -1.87, -2.01, -2.1, -2.17, -2.24, -2.29, -2.32, -2.34, -2.36, -1.81, -1.82, -1.84, -1.85, -1.85, -1.86, -1.85, -1.83, -2.01, -1.92, -1.89, -1.94, -2.02, -2.09, -2.14, -2.21, -2.26, -2.29, -2.32, -2.33, -1.81, -1.82, -1.83, -1.84, -1.84, -1.84, -1.83, -2.09, -2.04, -2.0, -1.98, -2.01, -2.05, -2.1, -2.13, -2.19, -2.23, -2.27, -2.29, -2.31]}, {"header": {"refTime": "2023-09-13T04:00:00.000Z", "nx": 21, "ny": 33, "lo1": 113.509, "la1": 22.2235, "lo2": 113.5947, "la2": 22.1034, "dx": 0.0042850000000001385, "dy": 0.003753125000000024, "parameterCategory": 2, "parameterCategoryName": "Temperature", "parameterNumber": 3}, "data": [-0.51, -0.49, -0.48, -0.05, -0.05, -0.08, -0.08, -0.08, -0.07, 0.1, 0.14, 0.18, 0.36, 0.39, 0.78, 0.86, 1.27, 1.31, 1.35, 1.37, -0.52, -0.5, -0.49, -0.46, -0.06, -0.06, -0.09, -0.1, -0.1, 0.06, 0.13, 0.19, 0.38, 0.41, 0.8, 1.22, 1.29, 1.34, 1.38, 1.4, -0.53, -0.51, -0.5, -0.48, -0.06, -0.07, -0.08, -0.11, -0.15, 0.03, 0.15, 0.22, 0.4, 0.43, 1.12, 1.23, 1.33, 1.39, 1.43, 1.45, -0.54, -0.53, -0.52, -0.49, -0.47, -0.06, -0.07, -0.09, -0.1, 0.08, 0.19, 0.26, 0.43, 0.57, 1.1, 1.26, 1.39, 1.47, 1.5, 1.51, -0.56, -0.55, -0.54, -0.52, -0.49, -0.06, -0.07, -0.07, -0.05, 0.18, 0.25, 0.55, 0.47, 0.56, 1.12, 1.33, 1.5, 1.59, 1.6, 1.58, -0.58, -0.58, -0.57, -0.55, -0.53, -0.5, -0.07, -0.07, -0.04, 0.03, 0.62, 0.6, 0.55, 0.77, 1.18, 1.44, 1.67, 1.77, 1.72, 1.65, -0.21, -0.6, -0.6, -0.6, -0.58, -0.54, -0.33, -0.1, -0.08, 0.32, 0.48, 0.7, 0.92, 0.91, 1.27, 1.55, 1.91, 2.05, 1.87, 1.75, -0.21, -0.24, -0.27, -0.38, -0.38, -0.45, -0.38, -0.3, -0.15, 0.31, 0.48, 0.99, 1.06, 1.03, 1.57, 1.77, 2.02, 2.11, 1.98, 1.89, -0.2, -0.24, -0.28, -0.33, -0.46, -0.44, -0.35, -0.34, 0.1, 0.32, 0.87, 1.04, 1.18, 1.11, 1.54, 1.7, 1.86, 1.93, 1.9, 1.85, 0.14, 0.09, 0.02, -0.36, -0.49, -0.62, -0.43, -0.21, 0.3, 0.32, 0.97, 1.09, 1.2, 1.13, 1.53, 1.64, 1.75, 1.8, 1.81, 1.8, 0.15, 0.11, 0.04, -0.08, -0.33, -1.08, -0.15, 0.3, 0.11, 0.44, 0.94, 1.06, 1.1, 1.09, 1.53, 1.61, 1.68, 1.73, 1.75, 1.75, 0.18, 0.15, 0.11, 0.03, -0.09, -0.15, 0.21, 0.57, 0.69, 1.06, 0.93, 1.14, 1.16, 1.06, 1.53, 1.59, 1.64, 1.49, 1.51, 1.51, 0.22, 0.2, 0.19, 0.19, 0.23, 0.41, 0.67, 0.68, 0.69, 0.6, 1.11, 1.11, 1.14, 1.0, 0.98, 1.32, 1.36, 1.39, 1.41, 1.43, 0.25, 0.26, 0.27, 0.31, 0.41, 0.65, 1.04, 0.74, 0.65, 0.59, 1.11, 0.9, 0.88, 0.86, 0.9, 1.21, 1.24, 1.28, 1.32, 1.35, 0.29, 0.3, 0.33, 0.38, 0.47, 0.61, 0.72, 1.12, 1.09, 1.09, 1.09, 0.81, 0.82, 0.78, 0.76, 1.07, 1.12, 1.18, 1.23, 1.27, 0.31, 0.33, 0.45, 0.49, 0.56, 1.13, 1.13, 1.12, 1.11, 1.11, 0.85, 0.8, 0.73, 0.76, 0.73, 0.99, 1.07, 1.16, 1.49, 1.57, 0.44, 0.46, 0.5, 0.54, 1.13, 1.13, 1.13, 1.13, 1.13, 1.13, 0.87, 0.79, 0.7, 0.61, 0.74, 0.83, 0.98, 1.1, 1.18, 1.24, 0.47, 0.5, 0.54, 0.58, 1.13, 1.14, 1.14, 1.15, 1.16, 1.04, 0.96, 0.8, 0.69, 0.74, 0.46, 0.79, 1.0, 1.14, 1.22, 1.28, 0.5, 0.53, 0.57, 1.13, 1.13, 1.14, 1.15, 1.17, 1.16, 1.07, 0.79, 0.68, 1.01, 0.86, 0.76, 0.91, 1.09, 1.22, 1.29, 1.33, 0.52, 0.55, 0.94, 0.94, 0.96, 0.97, 1.01, 1.06, 1.02, 0.89, 0.77, 0.67, 1.12, 1.07, 1.04, 1.13, 1.25, 1.33, 1.37, 1.39, 0.91, 0.91, 0.91, 0.91, 0.92, 0.93, 0.94, 0.97, 0.84, 0.79, 0.71, 0.65, 1.24, 1.22, 1.27, 1.35, 1.43, 1.47, 1.47, 1.46, 0.89, 0.88, 0.88, 0.88, 0.87, 0.87, 0.87, 0.7, 0.71, 0.67, 0.64, 0.61, 1.03, 1.36, 1.44, 1.54, 1.61, 1.61, 1.56, 1.52, 0.87, 0.86, 0.85, 0.61, 0.61, 0.61, 0.6, 0.58, 0.55, 0.53, 0.53, 1.12, 1.24, 1.46, 1.56, 1.7, 1.84, 1.75, 1.62, 1.56, 0.58, 0.58, 0.58, 0.58, 0.57, 0.55, 0.53, 0.49, 0.44, 0.41, 0.43, 0.81, 1.2, 1.39, 1.57, 1.76, 2.18, 1.71, 1.61, 1.57, 0.57, 0.56, 0.56, 0.55, 0.53, 0.51, 0.48, 0.42, 0.35, 0.29, 0.36, 0.73, 0.94, 1.35, 1.52, 1.64, 1.61, 1.44, 1.55, 1.55, 0.55, 0.54, 0.54, 0.52, 0.5, 0.48, 0.45, 0.4, 0.33, 0.28, 0.51, 0.69, 0.87, 1.31, 1.45, 1.55, 1.55, 1.52, 1.54, 1.54, 0.54, 0.53, 0.52, 0.5, 0.49, 0.46, 0.43, 0.39, 0.36, 0.34, 0.54, 0.65, 0.81, 1.26, 1.38, 1.46, 1.49, 1.5, 1.5, 1.5, 0.53, 0.52, 0.51, 0.49, 0.47, 0.45, 0.42, 0.4, 0.37, 0.49, 0.5, 0.38, 0.43, 0.49, 1.29, 1.38, 1.43, 1.45, 1.47, 1.47, 0.52, 0.51, 0.5, 0.48, 0.46, 0.44, 0.42, 0.4, 0.37, 0.44, 0.31, 0.36, 0.42, 0.47, 1.22, 1.31, 1.37, 1.41, 1.43, 1.44, 0.51, 0.5, 0.49, 0.48, 0.46, 0.44, 0.42, 0.4, 0.36, 0.34, 0.33, 0.37, 0.41, 0.46, 1.17, 1.26, 1.32, 1.36, 1.39, 1.4, 0.51, 0.5, 0.49, 0.47, 0.46, 0.44, 0.42, 0.4, 0.37, 0.36, 0.36, 0.39, 0.42, 0.46, 1.14, 1.22, 1.28, 1.32, 1.35, 1.37, 0.5, 0.49, 0.48, 0.47, 0.46, 0.44, 0.43, 0.39, 0.39, 0.38, 0.39, 0.41, 0.43, 0.46, 1.13, 1.2, 1.25, 1.29, 1.32, 1.35]}, {"header": {"refTime": "2023-09-13T04:00:00.000Z", "nx": 21, "ny": 33, "lo1": 113.509, "la1": 22.2235, "lo2": 113.5947, "la2": 22.1034, "dx": 0.0042850000000001385, "dy": 0.003753125000000024, "parameterCategory": 0, "parameterCategoryName": "Temperature", "parameterNumber": 0}, "data": [[26.65, 26.65, 26.66, 26.51, 26.53, 26.81, 26.83, 26.84, 26.86, 26.87, 26.87, 26.88, 27.06, 27.07, 27.07, 27.06, 27.05, 27.04, 27.04, 27.03], [26.65, 26.65, 26.65, 26.66, 26.53, 26.56, 26.82, 26.85, 26.87, 26.87, 26.88, 26.9, 27.07, 27.08, 27.08, 27.06, 27.05, 27.04, 27.03, 27.03], [26.64, 26.65, 26.65, 26.65, 26.52, 26.55, 26.6, 26.85, 26.89, 26.87, 26.89, 26.92, 27.1, 27.1, 27.08, 27.06, 27.04, 27.03, 27.02, 27.02], [26.64, 26.64, 26.64, 26.64, 26.65, 26.52, 26.56, 26.64, 26.7, 26.86, 26.89, 26.96, 27.14, 26.99, 27.09, 27.06, 27.03, 27.02, 27.01, 27.01], [26.64, 26.64, 26.64, 26.63, 26.63, 26.48, 26.5, 26.52, 26.53, 26.81, 26.86, 27.01, 27.18, 27.03, 27.09, 27.04, 27.02, 27.0, 27.0, 27.0], [26.64, 26.63, 26.63, 26.62, 26.61, 26.6, 26.43, 26.42, 26.4, 26.39, 26.77, 26.92, 27.06, 27.17, 27.07, 27.02, 26.99, 26.97, 26.98, 26.99], [26.53, 26.63, 26.63, 26.62, 26.6, 26.57, 26.35, 26.33, 26.31, 26.34, 26.38, 26.78, 27.07, 27.1, 27.04, 27.0, 26.95, 26.93, 26.97, 27.0], [26.54, 26.55, 26.55, 26.54, 26.53, 26.43, 26.37, 26.29, 26.24, 26.31, 26.28, 26.68, 26.69, 27.1, 26.9, 26.9, 26.9, 26.9, 26.9, 26.9], [26.46, 26.47, 26.57, 26.58, 26.58, 26.56, 26.49, 26.34, 26.2, 26.35, 26.47, 26.57, 26.62, 26.56, 26.9, 26.9, 26.9, 26.9, 26.9, 26.9], [26.8, 26.8, 26.8, 26.52, 26.56, 26.66, 26.59, 26.49, 26.2, 26.2, 26.63, 26.51, 26.55, 26.53, 26.9, 26.9, 26.9, 26.9, 26.9, 26.9], [26.8, 26.8, 26.8, 26.8, 26.8, 26.8, 26.8, 26.8, 26.59, 26.2, 26.2, 26.47, 26.5, 26.5, 26.9, 26.9, 26.9, 26.9, 26.9, 26.9], [26.8, 26.8, 26.8, 26.8, 26.8, 26.8, 26.8, 26.8, 26.8, -999.0, 26.2, 26.9, 26.9, 26.48, 26.9, 26.9, 26.9, 26.39, 26.4, 26.4], [26.8, 26.8, 26.8, 26.8, 26.8, 26.8, 26.8, 26.8, 26.8, 26.8, -999.0, 26.9, 26.9, 26.31, 26.57, 26.57, 26.58, 26.47, 26.48, 26.49], [26.8, 26.8, 26.8, 26.8, 26.8, 26.8, 26.8, 26.8, 26.8, 26.8, -999.0, 26.0, 26.0, 26.0, 26.49, 26.5, 26.51, 26.4, 26.42, 26.44], [26.8, 26.8, 26.8, 26.8, 26.8, 26.8, 26.8, 27.2, 27.2, 27.2, 27.2, 26.74, 26.0, 26.0, 26.0, 26.41, 26.44, 26.34, 26.37, 26.39], [26.8, 26.8, 27.05, 27.06, 27.06, 27.2, 27.2, 27.2, 27.2, 27.2, 26.44, 26.53, 26.41, 26.32, 26.43, 26.26, 26.3, 26.23, 26.42, 26.45], [27.06, 27.06, 26.94, 26.95, 27.2, 27.2, 27.2, 27.2, 27.2, 27.2, 26.68, 26.54, 26.38, 26.23, 26.22, 26.22, 26.3, 26.36, 26.41, 26.44], [26.94, 26.95, 26.95, 26.97, 27.2, 27.2, 27.2, 27.2, 27.2, 26.9, 26.73, 26.55, 26.37, 26.23, 26.03, 26.2, 26.31, 26.38, 26.43, 26.46], [26.95, 26.96, 26.97, 27.2, 27.2, 27.2, 27.2, 27.2, 27.09, 26.97, 26.84, 26.69, 26.46, 26.31, 26.18, 26.26, 26.35, 26.42, 26.46, 26.48], [26.96, 26.96, 27.14, 27.15, 27.15, 27.15, 27.16, 27.18, 27.08, 26.98, 26.85, 26.73, 26.51, 26.42, 26.33, 26.37, 26.43, 26.47, 26.5, 26.52], [27.14, 27.14, 27.14, 27.16, 27.16, 27.16, 27.17, 27.17, 26.99, 26.94, 26.86, 26.77, 26.56, 26.42, 26.44, 26.47, 26.51, 26.54, 26.55, 26.55], [27.15, 27.15, 27.15, 27.16, 27.16, 27.16, 27.16, 27.15, 26.96, 26.92, 26.87, 26.81, 26.58, 26.49, 26.52, 26.56, 26.59, 26.6, 26.6, 26.59], [27.15, 27.15, 27.15, 27.14, 27.14, 27.14, 27.14, 27.14, 27.13, 27.13, 27.13, 27.02, 26.88, 26.54, 26.58, 26.62, 26.66, 26.66, 26.64, 26.62], [27.14, 27.14, 27.14, 27.13, 27.13, 27.13, 27.13, 27.13, 27.12, 27.12, 27.12, 27.0, 26.89, 26.85, 26.81, 26.66, 26.7, 26.71, 26.68, 26.64], [27.13, 27.13, 27.13, 27.13, 27.13, 27.13, 27.12, 27.12, 27.11, 27.11, 27.11, 27.01, 26.98, 26.85, 26.82, 26.79, 26.72, 26.74, 26.69, 26.65], [27.13, 27.13, 27.13, 27.13, 27.13, 27.12, 27.12, 27.12, 27.11, 27.11, 27.05, 27.02, 26.99, 26.86, 26.83, 26.81, 26.79, 26.79, 26.67, 26.65], [27.13, 27.13, 27.13, 27.13, 27.13, 27.12, 27.12, 27.12, 27.11, 27.11, 27.05, 27.03, 27.0, 26.88, 26.85, 26.82, 26.81, 26.81, 26.81, 26.81], [27.13, 27.13, 27.13, 27.13, 27.12, 27.12, 27.12, 27.12, 27.11, 27.06, 27.06, 27.06, 27.04, 27.01, 26.87, 26.84, 26.83, 26.82, 26.82, 26.82], [27.13, 27.13, 27.13, 27.12, 27.12, 27.12, 27.12, 27.11, 27.11, 27.07, 27.09, 27.06, 27.04, 27.02, 26.88, 26.86, 26.84, 26.84, 26.83, 26.83], [27.13, 27.13, 27.13, 27.12, 27.12, 27.12, 27.12, 27.11, 27.06, 27.07, 27.08, 27.06, 27.04, 27.02, 26.89, 26.87, 26.86, 26.85, 26.84, 26.84], [27.13, 27.13, 27.12, 27.12, 27.12, 27.12, 27.12, 27.12, 27.06, 27.06, 27.06, 27.05, 27.04, 27.03, 26.9, 26.88, 26.87, 26.86, 26.85, 26.85], [27.13, 27.13, 27.12, 27.12, 27.12, 27.12, 27.12, 27.05, 27.05, 27.05, 27.05, 27.05, 27.04, 27.02, 26.9, 26.89, 26.87, 26.86, 26.86, 26.85]]}]