gis_exercise/awsData/contour/wdir_2023083112.json
[{"header": {"refTime": "2023-08-31T12:00:00.000Z", "nx": 21, "ny": 33, "lo1": 113.509, "la1": 22.2235, "lo2": 113.5947, "la2": 22.1034, "dx": 0.0042850000000001385, "dy": 0.003753125000000024, "parameterCategory": 2, "parameterCategoryName": "Temperature", "parameterNumber": 2}, "data": [0.35, 0.35, 0.35, 0.38, 0.37, 0.55, 0.53, 0.52, 0.52, 0.51, 0.55, 0.58, 0.6, 0.62, 0.36, 0.31, 0.25, 0.21, 0.18, 0.16, 0.35, 0.35, 0.35, 0.35, 0.38, 0.37, 0.52, 0.49, 0.48, 0.49, 0.55, 0.6, 0.63, 0.64, 0.37, 0.29, 0.23, 0.18, 0.15, 0.13, 0.34, 0.35, 0.35, 0.35, 0.38, 0.37, 0.37, 0.46, 0.38, 0.47, 0.56, 0.64, 0.68, 0.68, 0.38, 0.28, 0.2, 0.14, 0.11, 0.09, 0.34, 0.34, 0.35, 0.35, 0.35, 0.38, 0.37, 0.37, 0.36, 0.49, 0.59, 0.7, 0.76, 0.72, 0.39, 0.25, 0.15, 0.08, 0.05, 0.05, 0.34, 0.34, 0.34, 0.35, 0.35, 0.39, 0.38, 0.38, 0.37, 0.53, 0.62, 0.75, 0.91, 0.75, 0.38, 0.2, 0.06, -0.02, -0.03, -0.01, 0.34, 0.34, 0.34, 0.34, 0.35, 0.36, 0.4, 0.4, 0.39, 0.38, 0.54, 0.66, 0.78, 0.71, 0.32, 0.11, -0.09, -0.17, -0.13, -0.07, 0.26, 0.33, 0.33, 0.34, 0.34, 0.36, 0.37, 0.42, 0.42, 0.36, 0.33, 0.48, 0.55, 0.58, 0.24, 0.01, -0.29, -0.4, -0.21, -0.09, 0.25, 0.25, 0.26, 0.39, 0.39, 0.33, 0.36, 0.42, 0.46, 0.36, 0.31, 0.3, 0.3, 0.49, 0.03, -0.14, -0.36, -0.44, -0.32, -0.24, 0.24, 0.24, 0.24, 0.25, 0.37, 0.38, 0.41, 0.38, 0.46, 0.36, 0.31, 0.32, 0.34, 0.33, 0.07, -0.08, -0.21, -0.28, -0.25, -0.21, 0.27, 0.27, 0.26, 0.23, 0.23, 0.32, 0.37, 0.43, 0.48, 0.46, 0.32, 0.33, 0.35, 0.34, 0.09, -0.02, -0.12, -0.17, -0.18, -0.17, 0.27, 0.26, 0.26, 0.25, 0.24, 0.19, 0.27, 0.35, 0.48, 0.49, 0.43, 0.33, 0.33, 0.33, 0.09, 0.01, -0.06, -0.1, -0.12, -0.13, 0.27, 0.26, 0.26, 0.25, 0.24, 0.24, 0.28, 0.41, 0.48, 0.44, 0.45, 0.42, 0.41, 0.33, 0.08, 0.03, -0.02, -0.13, -0.15, -0.16, 0.26, 0.26, 0.26, 0.25, 0.24, 0.23, 0.23, 0.36, 0.44, 0.39, 0.4, 0.44, 0.42, 0.24, 0.23, -0.05, -0.08, -0.1, -0.12, -0.13, 0.26, 0.26, 0.26, 0.25, 0.24, 0.21, 0.13, 0.27, 0.34, 0.35, 0.39, 0.36, 0.32, 0.3, 0.2, -0.04, -0.06, -0.08, -0.1, -0.11, 0.27, 0.26, 0.26, 0.25, 0.24, 0.23, 0.22, 0.28, 0.32, 0.34, 0.34, 0.3, 0.29, 0.26, 0.24, -0.03, -0.05, -0.07, -0.08, -0.09, 0.27, 0.26, 0.17, 0.17, 0.16, 0.27, 0.27, 0.29, 0.31, 0.32, 0.3, 0.26, 0.22, 0.14, 0.12, 0.23, 0.27, 0.3, 0.07, 0.07, 0.18, 0.18, 0.17, 0.17, 0.28, 0.28, 0.29, 0.29, 0.3, 0.31, 0.28, 0.24, 0.19, 0.13, 0.13, -0.21, -0.29, -0.35, -0.4, -0.44, 0.18, 0.18, 0.18, 0.18, 0.29, 0.29, 0.29, 0.29, 0.29, 0.18, 0.15, 0.23, 0.17, 0.13, 0.02, -0.19, -0.29, -0.37, -0.42, -0.46, 0.18, 0.18, 0.18, 0.29, 0.29, 0.29, 0.29, 0.29, 0.26, 0.21, 0.06, 0.01, 0.23, 0.17, -0.17, -0.24, -0.33, -0.4, -0.45, -0.48, 0.18, 0.19, 0.0, 0.01, 0.03, 0.05, 0.09, 0.14, 0.17, 0.1, 0.03, -0.0, 0.27, 0.25, -0.29, -0.33, -0.39, -0.44, -0.48, -0.52, -0.02, -0.02, -0.01, -0.01, 0.0, 0.02, 0.04, 0.06, 0.05, 0.02, -0.01, -0.04, 0.32, -0.38, -0.38, -0.4, -0.43, -0.48, -0.53, -0.56, -0.03, -0.03, -0.03, -0.03, -0.03, -0.03, -0.02, -0.29, -0.05, -0.07, -0.08, -0.08, 0.11, -0.44, -0.44, -0.43, -0.44, -0.5, -0.58, -0.61, -0.05, -0.05, -0.05, -0.43, -0.42, -0.41, -0.4, -0.4, -0.41, -0.43, -0.46, 0.08, -0.63, -0.49, -0.48, -0.42, -0.32, -0.5, -0.66, -0.68, -0.49, -0.48, -0.48, -0.48, -0.47, -0.47, -0.48, -0.49, -0.5, -0.51, -0.53, -0.4, -0.64, -0.64, -0.62, -0.47, 0.13, -0.8, -0.84, -0.77, -0.51, -0.51, -0.52, -0.52, -0.52, -0.53, -0.54, -0.55, -0.54, -0.53, -0.57, -0.46, -0.36, -0.67, -0.69, -0.72, -1.01, -1.44, -0.99, -0.84, -0.54, -0.54, -0.55, -0.56, -0.57, -0.58, -0.6, -0.61, -0.59, -0.57, -0.57, -0.54, -0.44, -0.7, -0.74, -0.96, -1.09, -1.18, -0.95, -0.84, -0.56, -0.57, -0.58, -0.59, -0.61, -0.63, -0.66, -0.68, -0.7, -0.73, -0.69, -0.65, -0.54, -1.03, -1.0, -1.01, -1.05, -1.08, -1.07, -1.04, -0.58, -0.59, -0.61, -0.62, -0.65, -0.68, -0.71, -0.76, -0.83, -0.87, -0.92, -1.3, -1.36, -1.45, -1.04, -1.03, -1.04, -1.05, -1.05, -1.03, -0.6, -0.61, -0.63, -0.65, -0.68, -0.71, -0.76, -0.83, -0.94, -1.07, -1.38, -1.35, -1.38, -1.44, -1.07, -1.05, -1.05, -1.04, -1.04, -1.03, -0.62, -0.63, -0.65, -0.67, -0.7, -0.74, -0.79, -0.87, -1.29, -1.34, -1.37, -1.37, -1.39, -1.44, -1.09, -1.07, -1.05, -1.04, -1.04, -1.03, -0.63, -0.64, -0.66, -0.69, -0.72, -0.76, -0.81, -0.87, -1.31, -1.34, -1.36, -1.37, -1.4, -1.44, -1.1, -1.08, -1.06, -1.05, -1.04, -1.03, -0.64, -0.66, -0.67, -0.7, -0.73, -0.76, -0.8, -1.31, -1.32, -1.34, -1.36, -1.38, -1.4, -1.43, -1.1, -1.08, -1.06, -1.05, -1.04, -1.04]}, {"header": {"refTime": "2023-08-31T12:00:00.000Z", "nx": 21, "ny": 33, "lo1": 113.509, "la1": 22.2235, "lo2": 113.5947, "la2": 22.1034, "dx": 0.0042850000000001385, "dy": 0.003753125000000024, "parameterCategory": 2, "parameterCategoryName": "Temperature", "parameterNumber": 3}, "data": [-2.49, -2.47, -2.44, -2.2, -2.18, -1.26, -1.27, -1.28, -1.25, -1.24, -1.11, -0.98, -0.95, -0.92, -1.76, -1.96, -2.51, -2.67, -2.78, -2.86, -2.51, -2.49, -2.45, -2.41, -2.18, -2.15, -1.33, -1.38, -1.4, -1.32, -1.1, -0.9, -0.84, -0.81, -1.69, -2.32, -2.57, -2.76, -2.9, -2.97, -2.53, -2.51, -2.48, -2.44, -2.19, -2.16, -2.1, -1.47, -1.68, -1.39, -1.05, -0.75, -0.65, -0.65, -1.95, -2.35, -2.68, -2.92, -3.06, -3.12, -2.56, -2.54, -2.51, -2.48, -2.42, -2.18, -2.14, -2.06, -1.99, -1.31, -0.94, -0.49, -0.28, -0.64, -1.88, -2.45, -2.89, -3.17, -3.29, -3.31, -2.6, -2.58, -2.56, -2.53, -2.48, -2.23, -2.21, -2.18, -2.18, -1.25, -0.89, -0.48, 0.39, -0.46, -1.93, -2.68, -3.25, -3.56, -3.61, -3.54, -2.63, -2.63, -2.62, -2.59, -2.56, -2.5, -2.27, -2.28, -2.31, -2.36, -1.54, -0.96, -0.32, -1.32, -2.21, -3.07, -3.84, -4.16, -4.0, -3.77, -3.42, -2.68, -2.68, -2.67, -2.65, -2.6, -2.77, -2.34, -2.38, -2.69, -2.78, -1.88, -2.23, -2.23, -2.6, -3.47, -4.61, -5.03, -4.72, -4.41, -3.45, -3.44, -3.42, -3.08, -3.06, -2.92, -2.8, -2.61, -2.44, -2.69, -2.79, -3.45, -3.59, -2.98, -4.78, -5.09, -5.44, -5.57, -5.38, -5.25, -3.48, -3.47, -3.46, -3.45, -3.14, -3.11, -2.99, -2.74, -2.6, -2.69, -3.55, -3.91, -4.48, -4.2, -4.82, -5.01, -5.22, -5.31, -5.27, -5.2, -3.72, -3.72, -3.71, -3.51, -3.51, -3.28, -3.16, -3.01, -2.73, -2.74, -3.83, -4.22, -4.71, -4.34, -4.85, -4.96, -5.08, -5.15, -5.16, -5.14, -3.73, -3.73, -3.72, -3.71, -3.68, -3.6, -3.64, -3.58, -3.05, -2.83, -3.91, -4.13, -4.28, -4.22, -4.86, -4.93, -5.0, -5.06, -5.08, -5.08, -3.74, -3.74, -3.74, -3.74, -3.73, -3.72, -3.7, -3.5, -3.38, -3.93, -3.82, -4.09, -4.2, -4.11, -4.85, -4.9, -4.95, -5.51, -5.52, -5.52, -3.75, -3.75, -3.76, -3.78, -3.8, -3.87, -3.94, -3.65, -3.47, -3.56, -4.15, -3.98, -4.07, -4.63, -4.63, -5.44, -5.45, -5.46, -5.47, -5.48, -3.76, -3.77, -3.78, -3.81, -3.86, -3.98, -4.25, -3.87, -3.68, -3.64, -4.14, -4.45, -4.58, -4.66, -4.66, -5.38, -5.4, -5.41, -5.43, -5.44, -3.76, -3.77, -3.79, -3.82, -3.86, -3.93, -3.97, -3.52, -3.33, -3.21, -3.15, -3.42, -4.59, -4.68, -4.72, -5.32, -5.34, -5.37, -5.39, -5.41, -3.77, -3.78, -3.42, -3.44, -3.47, -3.38, -3.35, -3.25, -3.13, -3.06, -3.23, -3.45, -3.71, -4.42, -4.52, -5.16, -5.18, -5.2, -5.32, -5.34, -3.34, -3.34, -3.34, -3.33, -3.19, -3.15, -3.06, -2.93, -2.84, -2.83, -3.16, -3.46, -3.82, -4.2, -4.65, -5.09, -5.12, -5.14, -5.16, -5.17, -3.29, -3.28, -3.26, -3.22, -3.05, -2.95, -2.79, -2.57, -2.45, -2.96, -3.32, -3.44, -3.87, -4.61, -4.95, -5.08, -5.12, -5.15, -5.17, -5.18, -3.24, -3.22, -3.18, -3.01, -2.94, -2.81, -2.6, -2.26, -2.06, -2.69, -2.96, -3.38, -4.18, -4.51, -5.07, -5.1, -5.14, -5.17, -5.18, -5.19, -3.2, -3.17, -3.02, -2.96, -2.88, -2.76, -2.58, -2.32, -2.23, -2.57, -2.95, -3.3, -4.11, -4.38, -5.13, -5.15, -5.17, -5.19, -5.2, -5.2, -3.05, -3.02, -2.99, -2.94, -2.87, -2.77, -2.65, -2.53, -2.6, -2.77, -3.01, -3.26, -4.09, -5.17, -5.17, -5.19, -5.21, -5.22, -5.22, -5.22, -3.03, -3.01, -2.97, -2.93, -2.88, -2.81, -2.75, -2.14, -2.84, -2.93, -3.07, -3.24, -4.51, -5.19, -5.21, -5.23, -5.24, -5.24, -5.24, -5.23, -3.02, -3.0, -2.97, -2.11, -2.13, -2.16, -2.2, -2.25, -2.31, -2.34, -2.31, -3.33, -4.51, -5.22, -5.23, -5.25, -5.27, -5.27, -5.25, -5.24, -2.08, -2.09, -2.1, -2.12, -2.15, -2.2, -2.26, -2.36, -2.48, -2.54, -2.44, -3.18, -4.46, -4.69, -4.9, -5.27, -5.31, -5.28, -5.26, -5.25, -2.08, -2.09, -2.1, -2.13, -2.16, -2.21, -2.29, -2.43, -2.67, -2.87, -2.56, -3.07, -3.23, -4.66, -4.87, -5.05, -5.27, -5.27, -5.26, -5.25, -2.07, -2.08, -2.1, -2.12, -2.15, -2.19, -2.27, -2.39, -2.62, -2.8, -2.91, -2.92, -3.07, -4.63, -4.82, -4.66, -4.85, -4.9, -5.26, -5.25, -2.07, -2.07, -2.09, -2.1, -2.12, -2.15, -2.19, -2.25, -2.32, -2.31, -2.62, -2.68, -2.86, -3.8, -4.15, -4.43, -4.61, -4.68, -4.67, -4.63, -2.06, -2.06, -2.07, -2.08, -2.09, -2.1, -2.1, -2.09, -2.03, -2.24, -2.14, -2.33, -2.62, -2.93, -3.92, -4.2, -4.38, -4.48, -4.51, -4.51, -2.05, -2.05, -2.05, -2.05, -2.05, -2.04, -2.01, -1.95, -1.82, -1.82, -1.45, -2.02, -2.45, -2.78, -3.72, -4.0, -4.19, -4.3, -4.36, -4.38, -2.04, -2.04, -2.03, -2.03, -2.02, -1.99, -1.95, -1.88, -2.16, -1.83, -1.63, -2.01, -2.39, -2.69, -3.57, -3.84, -4.03, -4.15, -4.23, -4.27, -2.03, -2.02, -2.02, -2.01, -1.99, -1.96, -1.92, -1.85, -2.23, -2.07, -2.03, -2.19, -2.43, -2.67, -3.49, -3.73, -3.91, -4.03, -4.12, -4.17, -2.02, -2.01, -2.0, -1.99, -1.97, -1.95, -1.91, -2.44, -2.34, -2.27, -2.26, -2.36, -2.52, -2.69, -3.45, -3.66, -3.82, -3.94, -4.03, -4.09]}, {"header": {"refTime": "2023-08-31T12:00:00.000Z", "nx": 21, "ny": 33, "lo1": 113.509, "la1": 22.2235, "lo2": 113.5947, "la2": 22.1034, "dx": 0.0042850000000001385, "dy": 0.003753125000000024, "parameterCategory": 0, "parameterCategoryName": "Temperature", "parameterNumber": 0}, "data": [[30.54, 30.54, 30.53, 30.33, 30.34, 30.73, 30.73, 30.73, 30.74, 30.69, 30.73, 30.76, 31.13, 31.15, 31.29, 31.31, 31.52, 31.52, 31.53, 31.53], [30.54, 30.53, 30.53, 30.53, 30.34, 30.36, 30.71, 30.7, 30.7, 30.68, 30.73, 30.79, 31.16, 31.18, 31.31, 31.51, 31.52, 31.53, 31.53, 31.53], [30.54, 30.53, 30.53, 30.53, 30.34, 30.36, 30.39, 30.68, 30.62, 30.67, 30.75, 30.84, 31.21, 31.23, 31.51, 31.52, 31.53, 31.54, 31.54, 31.54], [30.54, 30.54, 30.53, 30.53, 30.53, 30.34, 30.37, 30.42, 30.46, 30.67, 30.77, 30.92, 31.29, 31.14, 31.51, 31.52, 31.54, 31.55, 31.55, 31.55], [30.54, 30.54, 30.53, 30.53, 30.52, 30.32, 30.33, 30.34, 30.34, 30.65, 30.77, 31.15, 31.36, 31.19, 31.51, 31.53, 31.55, 31.57, 31.57, 31.56], [30.54, 30.54, 30.54, 30.53, 30.52, 30.51, 30.29, 30.29, 30.27, 30.22, 30.83, 31.05, 31.23, 31.43, 31.5, 31.54, 31.58, 31.6, 31.59, 31.57], [30.52, 30.54, 30.54, 30.54, 30.53, 30.51, 30.3, 30.26, 30.23, 30.31, 30.33, 30.89, 31.39, 31.4, 31.5, 31.55, 31.62, 31.65, 31.66, 31.65], [30.53, 30.53, 30.53, 30.53, 30.52, 30.36, 30.32, 30.29, 30.31, 30.26, 30.1, 30.87, 30.88, 31.4, 31.55, 31.51, 31.6, 31.63, 31.58, 31.54], [30.47, 30.48, 30.55, 30.55, 30.56, 30.54, 30.49, 30.31, 30.17, 30.34, 30.44, 30.64, 30.74, 30.61, 31.54, 31.49, 31.54, 31.56, 31.55, 31.53], [30.7, 30.7, 30.7, 30.51, 30.54, 30.61, 30.56, 30.49, 30.07, 30.09, 30.75, 30.52, 30.59, 30.56, 31.54, 31.47, 31.51, 31.52, 31.52, 31.52], [30.7, 30.7, 30.7, 30.7, 30.7, 30.7, 30.7, 30.7, 30.56, 30.16, 29.9, 30.43, 30.5, 30.5, 31.54, 31.46, 31.49, 31.5, 31.5, 31.5], [30.7, 30.7, 30.7, 30.7, 30.7, 30.7, 30.7, 30.7, 30.7, -999.0, 29.9, 31.3, 31.3, 30.46, 31.55, 31.45, 31.46, 30.05, 30.09, 30.1], [30.7, 30.7, 30.7, 30.7, 30.7, 30.7, 30.7, 30.7, 30.7, 30.7, -999.0, 31.3, 31.3, 29.67, 30.39, 30.64, 30.67, 30.31, 30.36, 30.39], [30.7, 30.7, 30.7, 30.7, 30.7, 30.7, 30.7, 30.7, 30.7, 30.7, -999.0, 28.8, 28.8, 28.8, 30.17, 30.4, 30.45, 30.08, 30.16, 30.22], [30.7, 30.7, 30.7, 30.7, 30.7, 30.7, 30.7, 30.6, 30.6, 30.6, 30.6, 29.91, 28.8, 28.8, 28.8, 30.13, 30.21, 29.88, 29.98, 30.07], [30.7, 30.7, 30.64, 30.64, 30.63, 30.6, 30.6, 30.6, 30.6, 30.6, 29.47, 29.6, 29.42, 29.27, 29.44, 29.02, 29.05, 28.99, 29.71, 29.78], [30.64, 30.64, 30.66, 30.66, 30.6, 30.6, 30.6, 30.6, 30.6, 30.6, 29.83, 29.6, 29.37, 29.15, 29.08, 28.95, 29.0, 29.04, 29.07, 29.09], [30.66, 30.66, 30.66, 30.66, 30.6, 30.6, 30.6, 30.6, 30.6, 30.14, 29.9, 29.63, 29.35, 29.1, 28.84, 28.93, 29.01, 29.06, 29.09, 29.11], [30.66, 30.66, 30.66, 30.6, 30.6, 30.6, 30.6, 30.6, 30.44, 30.25, 29.97, 29.74, 29.4, 29.19, 28.92, 28.98, 29.04, 29.08, 29.11, 29.13], [30.66, 30.66, 30.26, 30.27, 30.3, 30.33, 30.38, 30.5, 30.36, 30.19, 29.98, 29.79, 29.47, 29.33, 29.02, 29.05, 29.09, 29.12, 29.14, 29.15], [30.23, 30.24, 30.25, 30.35, 30.36, 30.38, 30.4, 30.43, 30.18, 30.09, 29.96, 29.82, 29.52, 29.08, 29.1, 29.12, 29.15, 29.17, 29.17, 29.17], [30.32, 30.32, 30.33, 30.33, 30.34, 30.34, 30.35, 30.37, 30.07, 30.02, 29.94, 29.85, 29.38, 29.13, 29.16, 29.19, 29.21, 29.21, 29.21, 29.2], [30.31, 30.31, 30.31, 30.36, 30.35, 30.34, 30.33, 30.32, 30.3, 30.28, 30.29, 30.02, 29.56, 29.17, 29.2, 29.23, 29.27, 29.26, 29.23, 29.21], [30.36, 30.35, 30.35, 30.34, 30.34, 30.32, 30.3, 30.26, 30.22, 30.2, 30.23, 29.98, 29.58, 29.5, 29.44, 29.26, 29.34, 29.27, 29.24, 29.22], [30.35, 30.35, 30.34, 30.34, 30.32, 30.31, 30.28, 30.23, 30.15, 30.09, 30.18, 30.01, 29.96, 29.51, 29.44, 29.38, 29.26, 29.24, 29.24, 29.22], [30.35, 30.35, 30.34, 30.33, 30.32, 30.3, 30.27, 30.23, 30.16, 30.1, 30.05, 30.04, 30.0, 29.52, 29.45, 29.48, 29.41, 29.39, 29.23, 29.22], [30.35, 30.34, 30.34, 30.33, 30.32, 30.31, 30.29, 30.26, 30.24, 30.24, 30.12, 30.11, 30.06, 29.73, 29.63, 29.54, 29.49, 29.46, 29.47, 29.48], [30.35, 30.34, 30.34, 30.33, 30.32, 30.32, 30.31, 30.3, 30.31, 30.22, 30.24, 30.16, 30.07, 29.97, 29.69, 29.61, 29.55, 29.52, 29.52, 29.52], [30.35, 30.34, 30.34, 30.33, 30.33, 30.33, 30.33, 30.33, 30.36, 30.32, 30.41, 30.24, 30.12, 30.02, 29.75, 29.67, 29.61, 29.58, 29.56, 29.55], [30.35, 30.34, 30.34, 30.34, 30.34, 30.34, 30.34, 30.35, 30.21, 30.3, 30.35, 30.25, 30.13, 30.04, 29.79, 29.71, 29.66, 29.62, 29.6, 29.59], [30.35, 30.35, 30.34, 30.34, 30.34, 30.34, 30.35, 30.36, 30.19, 30.23, 30.24, 30.19, 30.12, 30.05, 29.82, 29.75, 29.69, 29.66, 29.63, 29.62], [30.35, 30.35, 30.35, 30.35, 30.35, 30.35, 30.35, 30.13, 30.15, 30.17, 30.17, 30.14, 30.1, 30.04, 29.83, 29.77, 29.72, 29.68, 29.66, 29.64]]}]