gis_exercise/awsData/contour/wdir_2023091316.json
[{"header": {"refTime": "2023-09-13T16:00:00.000Z", "nx": 21, "ny": 33, "lo1": 113.509, "la1": 22.2235, "lo2": 113.5947, "la2": 22.1034, "dx": 0.0042850000000001385, "dy": 0.003753125000000024, "parameterCategory": 2, "parameterCategoryName": "Temperature", "parameterNumber": 2}, "data": [-2.45, -2.43, -2.41, -1.81, -1.82, -2.49, -2.47, -2.44, -2.45, -2.3, -2.39, -2.48, -3.28, -3.35, -4.18, -4.32, -5.02, -5.09, -5.14, -5.17, -2.46, -2.45, -2.42, -2.39, -1.82, -1.84, -2.42, -2.36, -2.33, -2.26, -2.4, -2.53, -3.34, -3.42, -4.23, -4.95, -5.05, -5.14, -5.2, -5.23, -2.48, -2.46, -2.44, -2.41, -1.82, -1.84, -1.86, -2.29, -2.08, -2.22, -2.43, -2.63, -3.45, -3.5, -4.8, -4.97, -5.12, -5.22, -5.28, -5.31, -2.5, -2.48, -2.46, -2.44, -2.4, -1.83, -1.85, -1.88, -1.9, -2.26, -2.5, -2.81, -3.6, -3.41, -4.78, -5.02, -5.22, -5.35, -5.4, -5.4, -2.52, -2.51, -2.5, -2.47, -2.43, -1.83, -1.83, -1.84, -1.82, -2.27, -2.52, -3.41, -3.72, -3.49, -4.8, -5.13, -5.4, -5.55, -5.57, -5.52, -2.55, -2.55, -2.54, -2.52, -2.48, -2.44, -1.83, -1.83, -1.79, -1.69, -2.89, -3.27, -3.55, -4.22, -4.87, -5.29, -5.7, -5.87, -5.78, -5.64, -3.85, -2.58, -2.58, -2.57, -2.55, -2.5, -2.18, -1.88, -1.84, -2.05, -2.07, -3.07, -4.3, -4.33, -4.97, -5.46, -6.11, -6.35, -6.11, -5.91, -3.88, -3.84, -3.79, -3.8, -3.74, -2.36, -2.25, -2.14, -2.17, -1.93, -1.51, -3.55, -3.92, -4.44, -5.33, -5.73, -6.23, -6.41, -6.14, -5.96, -3.93, -3.89, -3.85, -3.78, -3.78, -3.72, -3.64, -2.21, -2.67, -2.12, -2.97, -3.78, -4.37, -4.09, -5.28, -5.6, -5.9, -6.04, -5.98, -5.89, -5.22, -5.15, -5.05, -3.85, -3.74, -3.73, -3.87, -3.99, -3.38, -3.13, -3.42, -3.95, -4.46, -4.14, -5.27, -5.49, -5.69, -5.8, -5.82, -5.79, -5.24, -5.18, -5.08, -4.9, -4.53, -3.43, -4.83, -5.57, -4.83, -3.93, -4.44, -3.83, -4.02, -3.99, -5.27, -5.42, -5.56, -5.65, -5.7, -5.7, -5.28, -5.23, -5.16, -5.05, -4.87, -4.78, -5.34, -6.03, -6.3, -6.34, -4.76, -5.35, -5.24, -3.86, -5.28, -5.38, -5.48, -5.41, -5.43, -5.44, -5.33, -5.3, -5.28, -5.26, -5.31, -5.54, -5.91, -6.11, -6.25, -6.04, -6.21, -5.46, -5.34, -4.39, -4.35, -5.12, -5.17, -5.23, -5.27, -5.3, -5.38, -5.38, -5.39, -5.43, -5.56, -5.84, -6.28, -6.06, -6.04, -5.97, -6.24, -5.3, -5.12, -4.98, -4.25, -4.93, -4.99, -5.05, -5.11, -5.16, -5.42, -5.44, -5.47, -5.53, -5.65, -5.82, -5.97, -5.56, -5.37, -5.2, -5.06, -4.04, -4.96, -4.8, -4.7, -4.71, -4.79, -4.88, -4.97, -5.04, -5.46, -5.48, -4.01, -4.09, -4.19, -5.15, -5.1, -4.95, -4.79, -4.69, -3.79, -3.78, -3.76, -3.42, -3.47, -4.25, -4.34, -4.43, -4.95, -5.05, -3.84, -3.86, -3.88, -3.9, -4.78, -4.67, -4.46, -4.19, -4.02, -4.06, -3.43, -3.55, -3.62, -3.64, -3.53, -3.72, -3.76, -3.79, -3.81, -3.82, -3.77, -3.77, -3.75, -3.71, -4.47, -4.22, -3.83, -3.3, -3.02, -2.78, -3.08, -3.37, -3.51, -3.5, -3.59, -3.71, -3.77, -3.81, -3.83, -3.83, -3.7, -3.67, -3.63, -4.42, -4.21, -3.89, -3.37, -2.51, -1.64, -2.4, -2.54, -2.86, -3.3, -3.5, -3.7, -3.75, -3.81, -3.84, -3.85, -3.85, -3.64, -3.6, -3.85, -3.74, -3.57, -3.32, -2.94, -2.41, -1.84, -2.23, -2.61, -2.88, -3.32, -3.52, -3.8, -3.83, -3.86, -3.88, -3.88, -3.87, -3.93, -3.88, -3.8, -3.7, -3.56, -3.37, -3.12, -2.87, -2.39, -2.57, -2.79, -2.98, -3.39, -3.85, -3.88, -3.92, -3.94, -3.94, -3.91, -3.88, -3.91, -3.86, -3.79, -3.71, -3.6, -3.48, -3.36, -2.53, -2.83, -2.93, -3.04, -3.12, -4.49, -3.9, -3.95, -4.01, -4.06, -4.01, -3.93, -3.88, -3.9, -3.85, -3.8, -2.65, -2.67, -2.71, -2.76, -2.85, -2.96, -3.03, -3.01, -3.81, -4.2, -3.93, -4.0, -4.12, -4.27, -4.1, -3.91, -3.86, -2.66, -2.67, -2.69, -2.72, -2.77, -2.84, -2.96, -3.13, -3.35, -3.46, -3.32, -4.14, -4.2, -4.16, -4.16, -4.13, -4.77, -3.88, -3.79, -3.8, -2.68, -2.7, -2.73, -2.77, -2.84, -2.93, -3.08, -3.32, -3.71, -4.05, -3.57, -4.06, -4.11, -4.14, -4.1, -4.04, -3.68, -3.28, -3.65, -3.75, -2.71, -2.73, -2.76, -2.81, -2.87, -2.96, -3.1, -3.32, -3.69, -3.98, -4.01, -3.92, -3.97, -4.12, -4.05, -3.59, -3.53, -3.46, -3.67, -3.74, -2.72, -2.74, -2.78, -2.82, -2.87, -2.95, -3.05, -3.18, -3.31, -3.33, -3.67, -3.66, -3.77, -3.27, -3.4, -3.48, -3.49, -3.49, -3.5, -3.51, -2.73, -2.75, -2.78, -2.82, -2.86, -2.91, -2.96, -2.99, -2.97, -3.27, -3.14, -2.85, -2.89, -2.88, -3.29, -3.39, -3.43, -3.45, -3.47, -3.48, -2.73, -2.75, -2.78, -2.8, -2.83, -2.85, -2.87, -2.84, -2.74, -2.81, -2.31, -2.62, -2.78, -2.83, -3.2, -3.31, -3.37, -3.41, -3.43, -3.44, -2.73, -2.75, -2.77, -2.79, -2.8, -2.81, -2.8, -2.75, -2.78, -2.55, -2.41, -2.59, -2.73, -2.8, -3.14, -3.25, -3.32, -3.36, -3.39, -3.41, -2.73, -2.74, -2.76, -2.77, -2.78, -2.77, -2.76, -2.71, -2.78, -2.67, -2.61, -2.66, -2.74, -2.79, -3.11, -3.2, -3.27, -3.32, -3.36, -3.38, -2.73, -2.74, -2.75, -2.75, -2.75, -2.75, -2.73, -2.88, -2.81, -2.75, -2.72, -2.73, -2.77, -2.8, -3.1, -3.18, -3.24, -3.29, -3.33, -3.35]}, {"header": {"refTime": "2023-09-13T16:00:00.000Z", "nx": 21, "ny": 33, "lo1": 113.509, "la1": 22.2235, "lo2": 113.5947, "la2": 22.1034, "dx": 0.0042850000000001385, "dy": 0.003753125000000024, "parameterCategory": 2, "parameterCategoryName": "Temperature", "parameterNumber": 3}, "data": [0.92, 0.89, 0.86, 0.64, 0.61, 0.75, 0.69, 0.64, 0.62, 0.6, 0.71, 0.82, 1.26, 1.33, 1.79, 1.91, 2.65, 2.69, 2.73, 2.75, 0.93, 0.91, 0.88, 0.83, 0.61, 0.56, 0.64, 0.52, 0.45, 0.51, 0.7, 0.86, 1.31, 1.39, 1.85, 2.59, 2.67, 2.73, 2.77, 2.79, 0.96, 0.93, 0.9, 0.86, 0.64, 0.58, 0.48, 0.43, 0.08, 0.43, 0.74, 0.95, 1.4, 1.46, 2.49, 2.61, 2.71, 2.78, 2.82, 2.84, 0.98, 0.97, 0.94, 0.91, 0.86, 0.63, 0.56, 0.43, 0.3, 0.56, 0.85, 1.1, 1.54, 1.73, 2.47, 2.64, 2.78, 2.86, 2.9, 2.9, 1.02, 1.01, 0.99, 0.97, 0.93, 0.71, 0.68, 0.64, 0.61, 0.75, 0.97, 1.71, 1.74, 1.75, 2.48, 2.71, 2.89, 2.99, 3.0, 2.97, 1.05, 1.05, 1.04, 1.03, 1.02, 1.0, 0.82, 0.84, 0.84, 0.83, 1.61, 1.71, 1.76, 2.03, 2.55, 2.83, 3.08, 3.19, 3.14, 3.05, 1.87, 1.09, 1.1, 1.1, 1.1, 1.1, 1.34, 1.03, 1.05, 1.38, 1.39, 1.74, 2.16, 2.13, 2.64, 2.94, 3.34, 3.49, 3.24, 3.08, 1.88, 1.87, 1.85, 1.83, 1.81, 1.38, 1.36, 1.36, 1.42, 1.32, 1.13, 2.01, 2.16, 2.21, 2.8, 3.06, 3.39, 3.51, 3.33, 3.21, 1.89, 1.88, 1.86, 1.84, 1.81, 1.8, 1.79, 1.36, 1.51, 1.41, 1.69, 2.01, 2.16, 2.09, 2.74, 2.96, 3.17, 3.26, 3.22, 3.16, 2.27, 2.24, 2.21, 1.85, 1.81, 1.78, 1.84, 1.9, 1.71, 1.63, 1.84, 2.01, 2.14, 2.08, 2.71, 2.87, 3.02, 3.1, 3.11, 3.09, 2.27, 2.25, 2.22, 2.16, 2.03, 1.66, 2.13, 2.37, 2.15, 1.87, 2.02, 1.98, 2.03, 2.03, 2.71, 2.82, 2.93, 3.0, 3.03, 3.03, 2.29, 2.27, 2.25, 2.21, 2.15, 2.12, 2.31, 2.52, 2.6, 2.64, 2.12, 2.45, 2.43, 1.99, 2.72, 2.8, 2.88, 2.28, 2.3, 2.3, 2.3, 2.3, 2.29, 2.29, 2.3, 2.39, 2.52, 2.56, 2.59, 2.53, 2.6, 2.48, 2.45, 1.64, 1.59, 1.96, 2.01, 2.06, 2.11, 2.13, 2.32, 2.32, 2.33, 2.35, 2.39, 2.5, 2.67, 2.56, 2.54, 2.51, 2.62, 1.78, 1.64, 1.53, 1.38, 1.72, 1.78, 1.85, 1.92, 1.97, 2.34, 2.34, 2.36, 2.38, 2.42, 2.49, 2.54, 2.67, 2.65, 2.64, 2.63, 1.65, 1.44, 1.3, 1.2, 1.43, 1.53, 1.64, 1.74, 1.83, 2.35, 2.36, 2.28, 2.3, 2.33, 2.64, 2.64, 2.63, 2.62, 2.61, 1.76, 1.54, 1.29, 0.96, 0.86, 1.05, 1.21, 1.36, 1.88, 2.01, 2.26, 2.27, 2.29, 2.31, 2.62, 2.61, 2.6, 2.58, 2.57, 2.57, 1.71, 1.46, 1.13, 0.77, 0.65, 0.62, 0.84, 1.01, 1.13, 1.21, 2.27, 2.28, 2.29, 2.31, 2.6, 2.58, 2.55, 2.52, 2.5, 1.97, 1.73, 1.43, 1.05, 0.66, 0.1, 0.55, 0.87, 1.06, 1.19, 1.27, 2.28, 2.29, 2.3, 2.59, 2.58, 2.56, 2.52, 2.47, 2.29, 2.04, 1.23, 0.91, 1.25, 0.9, 0.51, 0.74, 1.0, 1.18, 1.28, 1.34, 2.28, 2.29, 1.81, 1.82, 1.84, 1.88, 1.95, 2.07, 1.88, 1.53, 1.18, 0.91, 1.45, 1.27, 0.93, 1.06, 1.23, 1.35, 1.41, 1.44, 1.73, 1.73, 1.73, 1.73, 1.74, 1.76, 1.79, 1.83, 1.42, 1.25, 1.04, 0.86, 1.64, 1.19, 1.26, 1.38, 1.49, 1.55, 1.55, 1.53, 1.67, 1.67, 1.65, 1.64, 1.62, 1.6, 1.58, 1.21, 1.06, 0.96, 0.86, 0.76, 1.0, 1.4, 1.51, 1.66, 1.77, 1.76, 1.69, 1.62, 1.62, 1.6, 1.58, 1.03, 1.03, 1.01, 0.98, 0.93, 0.85, 0.79, 0.79, 1.5, 1.27, 1.54, 1.69, 1.9, 2.12, 1.97, 1.77, 1.67, 0.99, 0.98, 0.97, 0.95, 0.93, 0.88, 0.81, 0.69, 0.55, 0.47, 0.55, 0.9, 1.21, 1.47, 1.72, 1.99, 2.66, 1.89, 1.73, 1.67, 0.95, 0.94, 0.92, 0.89, 0.85, 0.79, 0.69, 0.54, 0.3, 0.1, 0.36, 0.8, 1.12, 1.42, 1.64, 1.81, 1.73, 1.43, 1.64, 1.65, 0.92, 0.9, 0.88, 0.84, 0.8, 0.73, 0.63, 0.49, 0.28, 0.12, 0.47, 0.78, 1.06, 1.36, 1.55, 1.78, 1.72, 1.66, 1.62, 1.63, 0.9, 0.88, 0.85, 0.81, 0.77, 0.7, 0.63, 0.53, 0.43, 0.4, 0.62, 0.8, 1.01, 1.54, 1.64, 1.69, 1.7, 1.69, 1.7, 1.71, 0.88, 0.85, 0.83, 0.79, 0.75, 0.7, 0.64, 0.59, 0.55, 0.66, 0.71, 0.45, 0.44, 0.46, 1.56, 1.63, 1.66, 1.67, 1.68, 1.69, 0.86, 0.84, 0.81, 0.78, 0.75, 0.7, 0.66, 0.63, 0.62, 0.71, 0.61, 0.52, 0.48, 0.47, 1.5, 1.57, 1.62, 1.64, 1.66, 1.67, 0.85, 0.83, 0.8, 0.78, 0.75, 0.71, 0.68, 0.66, 0.46, 0.54, 0.58, 0.53, 0.49, 0.48, 1.45, 1.53, 1.58, 1.61, 1.63, 1.65, 0.84, 0.82, 0.8, 0.78, 0.75, 0.73, 0.7, 0.68, 0.47, 0.5, 0.52, 0.51, 0.49, 0.48, 1.43, 1.5, 1.55, 1.58, 1.61, 1.62, 0.84, 0.82, 0.8, 0.78, 0.76, 0.74, 0.72, 0.44, 0.46, 0.48, 0.49, 0.49, 0.49, 0.48, 1.42, 1.48, 1.52, 1.56, 1.58, 1.6]}, {"header": {"refTime": "2023-09-13T16:00:00.000Z", "nx": 21, "ny": 33, "lo1": 113.509, "la1": 22.2235, "lo2": 113.5947, "la2": 22.1034, "dx": 0.0042850000000001385, "dy": 0.003753125000000024, "parameterCategory": 0, "parameterCategoryName": "Temperature", "parameterNumber": 0}, "data": [[28.84, 28.84, 28.85, 28.85, 28.85, 28.99, 28.99, 28.98, 28.99, 28.96, 28.98, 29.0, 29.13, 29.14, 28.89, 28.87, 28.92, 28.89, 28.88, 28.86], [28.84, 28.84, 28.84, 28.85, 28.85, 28.86, 28.98, 28.97, 28.96, 28.95, 28.98, 29.01, 29.14, 29.16, 28.9, 28.94, 28.91, 28.88, 28.86, 28.84], [28.84, 28.84, 28.84, 28.85, 28.85, 28.85, 28.86, 28.95, 28.91, 28.95, 28.99, 29.03, 29.17, 29.18, 28.99, 28.93, 28.88, 28.85, 28.83, 28.82], [28.83, 28.84, 28.84, 28.84, 28.85, 28.85, 28.86, 28.87, 28.87, 28.95, 29.0, 29.07, 29.2, 29.16, 29.0, 28.92, 28.85, 28.8, 28.79, 28.79], [28.83, 28.83, 28.83, 28.84, 28.84, 28.85, 28.85, 28.85, 28.85, 28.96, 29.01, 29.16, 29.24, 29.18, 28.99, 28.88, 28.79, 28.73, 28.73, 28.75], [28.83, 28.83, 28.83, 28.83, 28.84, 28.84, 28.85, 28.85, 28.84, 28.82, 29.04, 29.12, 29.19, 29.27, 28.97, 28.82, 28.68, 28.63, 28.66, 28.7], [28.79, 28.82, 28.82, 28.82, 28.83, 28.84, 28.8, 28.85, 28.84, 28.87, 28.87, 29.06, 29.24, 29.25, 28.93, 28.76, 28.54, 28.46, 28.48, 28.55], [28.79, 28.78, 28.78, 28.79, 28.79, 28.78, 28.8, 28.83, 28.89, 28.85, 28.77, 29.05, 29.05, 29.25, 28.64, 28.73, 28.54, 28.46, 28.58, 28.65], [28.81, 28.81, 28.78, 28.77, 28.77, 28.78, 28.8, 28.81, 28.84, 28.88, 28.89, 28.97, 29.0, 28.95, 28.66, 28.77, 28.65, 28.61, 28.63, 28.68], [28.7, 28.7, 28.7, 28.79, 28.78, 28.75, 28.77, 28.8, 28.79, 28.8, 29.0, 28.92, 28.95, 28.93, 28.66, 28.81, 28.73, 28.7, 28.69, 28.71], [28.7, 28.7, 28.7, 28.7, 28.7, 28.7, 28.7, 28.7, 28.77, 28.83, 28.7, 28.89, 28.91, 28.91, 28.65, 28.84, 28.78, 28.75, 28.74, 28.75], [28.7, 28.7, 28.7, 28.7, 28.7, 28.7, 28.7, 28.7, 28.7, -999.0, 28.7, 29.2, 29.2, 28.9, 28.64, 28.87, 28.83, 28.13, 28.13, 28.13], [28.7, 28.7, 28.7, 28.7, 28.7, 28.7, 28.7, 28.7, 28.7, 28.7, -999.0, 29.2, 29.2, 28.42, 28.76, 28.19, 28.19, 28.16, 28.16, 28.16], [28.7, 28.7, 28.7, 28.7, 28.7, 28.7, 28.7, 28.7, 28.7, 28.7, -999.0, 28.0, 28.0, 28.0, 28.66, 28.17, 28.17, 28.13, 28.14, 28.15], [28.7, 28.7, 28.7, 28.7, 28.7, 28.7, 28.7, 29.5, 29.5, 29.5, 29.5, 28.92, 28.0, 28.0, 28.0, 28.14, 28.15, 28.11, 28.12, 28.13], [28.7, 28.7, 29.2, 29.21, 29.23, 29.5, 29.5, 29.5, 29.5, 29.5, 28.56, 28.66, 28.52, 28.4, 28.53, 28.04, 28.04, 28.03, 28.1, 28.11], [29.21, 29.22, 28.98, 29.0, 29.5, 29.5, 29.5, 29.5, 29.5, 29.5, 28.85, 28.67, 28.47, 28.29, 28.19, 28.14, 28.19, 28.23, 28.26, 28.28], [28.99, 29.0, 29.01, 29.03, 29.5, 29.5, 29.5, 29.5, 29.5, 29.12, 28.92, 28.69, 28.46, 28.21, 28.03, 28.13, 28.2, 28.24, 28.28, 28.3], [29.0, 29.01, 29.03, 29.5, 29.5, 29.5, 29.5, 29.5, 29.37, 29.21, 28.96, 28.76, 28.43, 28.27, 28.11, 28.17, 28.22, 28.27, 28.3, 28.31], [29.01, 29.03, 29.16, 29.17, 29.2, 29.23, 29.28, 29.4, 29.29, 29.14, 28.96, 28.8, 28.47, 28.35, 28.2, 28.23, 28.27, 28.3, 28.32, 28.34], [29.13, 29.14, 29.15, 29.25, 29.26, 29.28, 29.3, 29.33, 29.13, 29.05, 28.94, 28.82, 28.49, 28.26, 28.27, 28.29, 28.31, 28.34, 28.35, 28.36], [29.22, 29.22, 29.23, 29.23, 29.24, 29.24, 29.25, 29.29, 29.02, 28.98, 28.91, 28.84, 28.33, 28.31, 28.32, 28.33, 28.35, 28.37, 28.38, 28.39], [29.21, 29.21, 29.21, 29.28, 29.28, 29.27, 29.25, 29.24, 29.21, 29.2, 29.21, 28.87, 28.63, 28.34, 28.35, 28.36, 28.35, 28.39, 28.42, 28.42], [29.29, 29.28, 29.28, 29.27, 29.26, 29.25, 29.22, 29.19, 29.14, 29.12, 29.15, 28.85, 28.65, 28.59, 28.54, 28.38, 28.27, 28.48, 28.48, 28.45], [29.28, 29.28, 29.27, 29.26, 29.25, 29.23, 29.2, 29.15, 29.07, 29.0, 29.1, 28.89, 28.83, 28.61, 28.57, 28.54, 28.53, 28.64, 28.51, 28.47], [29.28, 29.28, 29.27, 29.26, 29.25, 29.23, 29.2, 29.16, 29.08, 29.02, 28.95, 28.94, 28.88, 28.62, 28.59, 28.67, 28.66, 28.67, 28.5, 28.47], [29.28, 29.28, 29.27, 29.26, 29.25, 29.24, 29.22, 29.2, 29.17, 29.17, 29.04, 29.01, 28.95, 28.86, 28.78, 28.73, 28.7, 28.69, 28.69, 28.69], [29.28, 29.28, 29.27, 29.27, 29.26, 29.25, 29.25, 29.24, 29.26, 29.15, 29.18, 29.23, 29.19, 29.15, 28.84, 28.78, 28.74, 28.72, 28.72, 28.72], [29.28, 29.28, 29.28, 29.27, 29.27, 29.27, 29.27, 29.28, 29.31, 29.28, 29.43, 29.31, 29.23, 29.18, 28.89, 28.82, 28.78, 28.76, 28.75, 28.74], [29.28, 29.28, 29.28, 29.28, 29.28, 29.28, 29.29, 29.3, 29.27, 29.34, 29.39, 29.31, 29.24, 29.19, 28.92, 28.86, 28.82, 28.79, 28.77, 28.76], [29.28, 29.28, 29.28, 29.28, 29.28, 29.29, 29.3, 29.31, 29.26, 29.29, 29.31, 29.28, 29.23, 29.19, 28.94, 28.88, 28.84, 28.82, 28.8, 28.78], [29.29, 29.29, 29.29, 29.29, 29.29, 29.29, 29.3, 29.21, 29.24, 29.25, 29.26, 29.24, 29.22, 29.19, 28.95, 28.9, 28.86, 28.84, 28.82, 28.8]]}]