gis_exercise/awsData/contour/wdir_2023090420.json
[{"header": {"refTime": "2023-09-04T20:00:00.000Z", "nx": 21, "ny": 33, "lo1": 113.509, "la1": 22.2235, "lo2": 113.5947, "la2": 22.1034, "dx": 0.0042850000000001385, "dy": 0.003753125000000024, "parameterCategory": 2, "parameterCategoryName": "Temperature", "parameterNumber": 2}, "data": [0.55, 0.54, 0.52, 0.48, 0.46, 0.28, 0.25, 0.22, 0.2, 0.11, 0.12, 0.13, 0.39, 0.41, 0.25, 0.29, 0.76, 0.78, 0.79, 0.8, 0.56, 0.55, 0.53, 0.51, 0.46, 0.42, 0.24, 0.19, 0.15, 0.09, 0.12, 0.13, 0.38, 0.41, 0.25, 0.73, 0.76, 0.78, 0.79, 0.81, 0.57, 0.56, 0.55, 0.53, 0.48, 0.44, 0.37, 0.16, 0.03, 0.08, 0.12, 0.13, 0.36, 0.4, 0.67, 0.72, 0.76, 0.79, 0.8, 0.81, 0.59, 0.58, 0.57, 0.56, 0.53, 0.48, 0.42, 0.33, 0.24, 0.11, 0.14, 0.12, 0.32, 0.49, 0.65, 0.73, 0.77, 0.8, 0.82, 0.82, 0.6, 0.6, 0.59, 0.59, 0.58, 0.54, 0.51, 0.48, 0.46, 0.17, 0.17, 0.43, 0.19, 0.45, 0.67, 0.75, 0.8, 0.82, 0.83, 0.84, 0.61, 0.62, 0.62, 0.62, 0.62, 0.63, 0.62, 0.63, 0.63, 0.61, 0.68, 0.57, 0.41, 0.83, 0.73, 0.8, 0.84, 0.85, 0.85, 0.85, 1.06, 0.63, 0.64, 0.65, 0.66, 0.69, 0.88, 0.78, 0.8, 0.98, 0.97, 0.86, 1.17, 1.14, 0.83, 0.85, 0.87, 0.88, 0.92, 0.93, 1.06, 1.05, 1.04, 1.21, 1.2, 0.84, 0.88, 0.96, 1.08, 0.94, 0.77, 1.45, 1.57, 1.39, 1.52, 1.36, 1.15, 1.07, 1.19, 1.26, 1.06, 1.05, 1.03, 1.01, 1.16, 1.16, 1.21, 0.9, 1.17, 1.01, 1.26, 1.53, 1.73, 1.63, 1.57, 1.43, 1.29, 1.23, 1.26, 1.3, 1.37, 1.34, 1.31, 1.0, 0.95, 1.05, 1.18, 1.32, 1.34, 1.26, 1.41, 1.59, 1.76, 1.65, 1.6, 1.49, 1.39, 1.34, 1.33, 1.34, 1.37, 1.35, 1.31, 1.25, 1.12, 0.74, 1.25, 1.57, 1.59, 1.47, 1.66, 1.55, 1.61, 1.6, 1.6, 1.52, 1.45, 1.4, 1.38, 1.38, 1.38, 1.36, 1.33, 1.29, 1.23, 1.2, 1.42, 1.78, 1.94, 2.02, 1.74, 1.97, 1.95, 1.56, 1.59, 1.53, 1.48, 1.56, 1.54, 1.53, 1.39, 1.38, 1.37, 1.36, 1.36, 1.41, 1.52, 1.74, 1.87, 1.75, 1.97, 1.98, 1.96, 1.9, 1.91, 1.68, 1.65, 1.62, 1.6, 1.58, 1.41, 1.4, 1.4, 1.41, 1.43, 1.48, 1.52, 1.62, 1.7, 1.69, 1.95, 2.1, 2.09, 2.08, 1.92, 1.73, 1.7, 1.67, 1.65, 1.63, 1.42, 1.42, 1.43, 1.44, 1.46, 1.5, 1.53, 1.59, 1.61, 1.6, 1.58, 1.75, 2.09, 2.08, 2.07, 1.78, 1.75, 1.72, 1.69, 1.67, 1.44, 1.44, 1.05, 1.06, 1.09, 1.5, 1.5, 1.49, 1.48, 1.48, 1.65, 1.7, 1.76, 1.77, 1.81, 1.68, 1.61, 1.54, 1.21, 1.15, 1.02, 1.03, 1.04, 1.05, 1.45, 1.43, 1.39, 1.35, 1.32, 1.34, 1.56, 1.66, 1.76, 1.86, 1.67, 1.55, 1.37, 1.24, 1.14, 1.07, 1.02, 1.02, 1.02, 1.02, 1.4, 1.35, 1.27, 1.17, 1.12, 1.18, 1.32, 1.61, 1.75, 1.67, 1.99, 1.61, 1.36, 1.19, 1.09, 1.02, 1.01, 1.01, 1.01, 1.39, 1.35, 1.29, 1.19, 1.02, 0.87, 1.09, 1.0, 1.15, 1.34, 1.54, 1.64, 1.46, 1.25, 1.1, 1.02, 0.96, 1.0, 1.0, 0.81, 0.8, 0.79, 0.78, 0.77, 0.76, 0.81, 0.86, 0.95, 1.07, 1.22, 1.32, 1.31, 1.21, 1.07, 0.97, 0.92, 0.89, 0.78, 0.77, 0.77, 0.76, 0.74, 0.73, 0.72, 0.71, 0.79, 0.82, 0.88, 0.98, 1.11, 1.11, 1.06, 0.97, 0.88, 0.82, 0.8, 0.81, 0.75, 0.74, 0.73, 0.71, 0.7, 0.67, 0.65, 0.24, 0.72, 0.74, 0.79, 0.88, 0.74, 0.94, 0.86, 0.76, 0.68, 0.67, 0.7, 0.73, 0.73, 0.71, 0.7, 0.1, 0.11, 0.12, 0.13, 0.13, 0.11, 0.09, 0.07, 0.24, 0.23, 0.82, 0.73, 0.6, 0.48, 0.52, 0.61, 0.67, 0.05, 0.05, 0.06, 0.06, 0.06, 0.06, 0.05, 0.04, 0.03, 0.01, 0.0, -0.18, 0.22, 0.26, 0.29, 0.52, 0.26, 0.48, 0.58, 0.64, 0.03, 0.03, 0.02, 0.02, 0.02, 0.01, -0.0, -0.02, -0.02, -0.02, -0.05, -0.19, -0.2, 0.26, 0.29, 0.33, 0.52, 0.59, 0.59, 0.64, 0.01, 0.0, -0.01, -0.01, -0.03, -0.04, -0.06, -0.07, -0.06, -0.05, -0.19, -0.24, -0.24, 0.26, 0.3, 0.22, 0.3, 0.34, 0.62, 0.65, -0.02, -0.02, -0.03, -0.05, -0.06, -0.08, -0.11, -0.13, -0.15, -0.18, -0.3, -0.32, -0.3, -0.03, 0.07, 0.16, 0.22, 0.25, 0.24, 0.22, -0.03, -0.04, -0.06, -0.08, -0.1, -0.12, -0.16, -0.2, -0.26, -0.42, -0.46, -0.33, -0.22, -0.11, 0.01, 0.09, 0.15, 0.18, 0.19, 0.19, -0.05, -0.06, -0.08, -0.1, -0.12, -0.16, -0.2, -0.26, -0.36, -0.56, -0.65, -0.44, -0.29, -0.17, -0.05, 0.04, 0.09, 0.13, 0.14, 0.15, -0.06, -0.08, -0.1, -0.12, -0.15, -0.18, -0.23, -0.29, -0.39, -0.51, -0.58, -0.45, -0.31, -0.2, -0.09, -0.01, 0.04, 0.08, 0.1, 0.11, -0.08, -0.09, -0.11, -0.13, -0.16, -0.19, -0.24, -0.29, -0.36, -0.42, -0.44, -0.38, -0.29, -0.2, -0.11, -0.04, 0.01, 0.05, 0.07, 0.09, -0.09, -0.1, -0.12, -0.14, -0.17, -0.2, -0.23, -0.29, -0.32, -0.35, -0.35, -0.32, -0.26, -0.2, -0.12, -0.06, -0.02, 0.02, 0.04, 0.06]}, {"header": {"refTime": "2023-09-04T20:00:00.000Z", "nx": 21, "ny": 33, "lo1": 113.509, "la1": 22.2235, "lo2": 113.5947, "la2": 22.1034, "dx": 0.0042850000000001385, "dy": 0.003753125000000024, "parameterCategory": 2, "parameterCategoryName": "Temperature", "parameterNumber": 3}, "data": [-0.08, -0.08, -0.08, -0.3, -0.27, -0.24, -0.2, -0.16, -0.15, -0.12, -0.17, -0.21, -0.58, -0.63, -0.59, -0.65, -1.25, -1.27, -1.29, -1.3, -0.08, -0.08, -0.08, -0.08, -0.28, -0.24, -0.18, -0.1, -0.06, -0.07, -0.16, -0.23, -0.59, -0.64, -0.61, -1.22, -1.25, -1.28, -1.3, -1.31, -0.08, -0.08, -0.08, -0.08, -0.3, -0.25, -0.18, -0.06, 0.14, -0.03, -0.17, -0.26, -0.62, -0.66, -1.16, -1.22, -1.26, -1.29, -1.31, -1.33, -0.08, -0.08, -0.09, -0.09, -0.09, -0.29, -0.24, -0.14, -0.05, -0.1, -0.22, -0.32, -0.64, -0.82, -1.14, -1.23, -1.29, -1.32, -1.34, -1.34, -0.08, -0.08, -0.09, -0.1, -0.11, -0.35, -0.33, -0.3, -0.28, -0.21, -0.29, -0.77, -0.63, -0.8, -1.15, -1.26, -1.33, -1.36, -1.37, -1.37, -0.07, -0.08, -0.09, -0.1, -0.13, -0.17, -0.43, -0.44, -0.45, -0.44, -0.88, -0.86, -0.78, -1.1, -1.21, -1.31, -1.39, -1.42, -1.41, -1.39, -0.27, -0.07, -0.08, -0.09, -0.13, -0.19, -0.46, -0.58, -0.6, -0.9, -0.93, -1.06, -1.38, -1.33, -1.31, -1.37, -1.46, -1.49, -1.41, -1.37, -0.26, -0.25, -0.24, -0.25, -0.26, -0.31, -0.43, -0.62, -0.88, -0.85, -0.7, -1.5, -1.64, -1.49, -1.71, -1.67, -1.62, -1.6, -1.63, -1.65, -0.24, -0.23, -0.2, -0.18, -0.17, -0.21, -0.33, -0.49, -0.72, -0.93, -1.2, -1.48, -1.6, -1.55, -1.71, -1.68, -1.65, -1.64, -1.64, -1.65, -0.15, -0.13, -0.1, -0.13, -0.05, -0.01, -0.17, -0.35, -0.66, -0.65, -1.34, -1.48, -1.58, -1.53, -1.71, -1.69, -1.67, -1.66, -1.66, -1.66, -0.15, -0.14, -0.11, -0.06, 0.05, 0.36, -0.04, -0.24, -0.41, -0.63, -0.96, -1.45, -1.49, -1.49, -1.71, -1.7, -1.68, -1.67, -1.67, -1.67, -0.17, -0.15, -0.13, -0.1, -0.05, -0.03, -0.18, -0.37, -0.44, -0.78, -0.91, -1.39, -1.46, -1.46, -1.71, -1.7, -1.69, -1.45, -1.45, -1.45, -0.18, -0.17, -0.17, -0.16, -0.18, -0.24, -0.35, -0.39, -0.42, -0.37, -0.86, -1.32, -1.39, -1.55, -1.53, -1.43, -1.42, -1.42, -1.42, -1.43, -0.19, -0.19, -0.2, -0.21, -0.25, -0.33, -0.47, -0.39, -0.38, -0.35, -0.84, -1.06, -1.11, -1.13, -1.47, -1.38, -1.38, -1.39, -1.4, -1.4, -0.21, -0.21, -0.22, -0.24, -0.27, -0.33, -0.37, -0.39, -0.37, -0.34, -0.32, -0.51, -1.08, -1.1, -1.1, -1.32, -1.34, -1.35, -1.37, -1.38, -0.22, -0.22, -0.03, -0.05, -0.07, -0.34, -0.33, -0.31, -0.29, -0.27, -0.43, -0.51, -0.6, -0.91, -0.94, -0.97, -0.94, -0.91, -0.87, -0.86, -0.0, -0.01, -0.02, -0.03, -0.28, -0.27, -0.24, -0.2, -0.18, -0.18, -0.39, -0.5, -0.63, -0.77, -0.77, -0.54, -0.35, -0.21, -0.11, -0.03, 0.0, -0.0, -0.01, -0.01, -0.24, -0.21, -0.15, -0.08, -0.04, -0.19, -0.33, -0.48, -0.64, -0.76, -1.0, -0.6, -0.34, -0.17, -0.06, 0.01, 0.01, 0.0, 0.0, -0.23, -0.21, -0.16, -0.09, 0.03, 0.11, -0.11, -0.19, -0.35, -0.5, -0.67, -0.63, -0.45, -0.24, -0.09, 0.01, 0.07, 0.01, 0.01, -0.09, -0.07, -0.05, -0.02, 0.02, 0.08, 0.07, -0.04, -0.18, -0.31, -0.42, -0.52, -0.3, -0.2, -0.07, 0.04, 0.11, 0.15, -0.09, -0.09, -0.08, -0.06, -0.04, -0.02, 0.01, 0.04, -0.04, -0.09, -0.18, -0.27, -0.35, -0.1, -0.06, 0.02, 0.11, 0.18, 0.22, 0.24, -0.08, -0.08, -0.07, -0.05, -0.04, -0.02, -0.0, 0.14, -0.09, -0.12, -0.17, -0.24, -0.34, 0.06, 0.13, 0.2, 0.27, 0.32, 0.33, 0.32, -0.08, -0.07, -0.06, 0.13, 0.13, 0.13, 0.12, 0.12, 0.11, 0.1, 0.11, 0.08, 0.42, 0.18, 0.25, 0.32, 0.36, 0.43, 0.45, 0.41, 0.13, 0.13, 0.13, 0.13, 0.12, 0.12, 0.11, 0.1, 0.08, 0.08, 0.09, 0.07, 0.41, 0.48, 0.52, 0.41, 0.31, 0.62, 0.56, 0.48, 0.13, 0.13, 0.13, 0.13, 0.12, 0.11, 0.1, 0.09, 0.06, 0.03, 0.07, 0.07, 0.08, 0.48, 0.54, 0.61, 0.7, 0.88, 0.63, 0.52, 0.13, 0.13, 0.13, 0.12, 0.12, 0.11, 0.1, 0.09, 0.06, 0.04, 0.06, 0.08, 0.09, 0.48, 0.55, 0.65, 0.73, 0.78, 0.6, 0.51, 0.13, 0.13, 0.13, 0.13, 0.12, 0.12, 0.11, 0.1, 0.09, 0.09, 0.09, 0.1, 0.1, 0.53, 0.58, 0.63, 0.68, 0.7, 0.7, 0.68, 0.13, 0.13, 0.13, 0.13, 0.12, 0.12, 0.12, 0.12, 0.12, 0.12, 0.13, 0.31, 0.38, 0.47, 0.55, 0.6, 0.64, 0.66, 0.66, 0.65, 0.13, 0.13, 0.13, 0.13, 0.13, 0.13, 0.13, 0.13, 0.14, 0.16, 0.23, 0.3, 0.37, 0.45, 0.53, 0.57, 0.6, 0.62, 0.63, 0.63, 0.13, 0.13, 0.13, 0.13, 0.13, 0.13, 0.13, 0.14, 0.28, 0.26, 0.25, 0.3, 0.37, 0.43, 0.51, 0.55, 0.58, 0.6, 0.61, 0.61, 0.13, 0.13, 0.13, 0.13, 0.13, 0.13, 0.14, 0.14, 0.3, 0.3, 0.3, 0.33, 0.38, 0.43, 0.5, 0.53, 0.56, 0.58, 0.59, 0.59, 0.13, 0.13, 0.13, 0.13, 0.13, 0.14, 0.14, 0.33, 0.33, 0.33, 0.33, 0.36, 0.39, 0.43, 0.5, 0.52, 0.55, 0.56, 0.57, 0.58]}, {"header": {"refTime": "2023-09-04T20:00:00.000Z", "nx": 21, "ny": 33, "lo1": 113.509, "la1": 22.2235, "lo2": 113.5947, "la2": 22.1034, "dx": 0.0042850000000001385, "dy": 0.003753125000000024, "parameterCategory": 0, "parameterCategoryName": "Temperature", "parameterNumber": 0}, "data": [[31.91, 31.9, 31.9, 31.91, 31.89, 31.9, 31.87, 31.85, 31.84, 31.8, 31.84, 31.87, 32.13, 32.17, 32.24, 32.28, 32.7, 32.72, 32.74, 32.75], [31.91, 31.91, 31.9, 31.89, 31.9, 31.87, 31.86, 31.81, 31.78, 31.77, 31.83, 31.88, 32.15, 32.18, 32.25, 32.67, 32.7, 32.73, 32.75, 32.76], [31.92, 31.92, 31.91, 31.9, 31.91, 31.88, 31.84, 31.77, 31.64, 31.75, 31.84, 31.9, 32.16, 32.2, 32.61, 32.67, 32.72, 32.75, 32.77, 32.78], [31.93, 31.92, 31.92, 31.91, 31.9, 31.91, 31.87, 31.81, 31.76, 31.79, 31.88, 31.95, 32.18, 32.29, 32.6, 32.68, 32.74, 32.78, 32.8, 32.8], [31.93, 31.93, 31.93, 31.93, 31.93, 31.95, 31.93, 31.91, 31.9, 31.86, 31.92, 32.25, 32.17, 32.27, 32.61, 32.71, 32.79, 32.83, 32.84, 32.83], [31.94, 31.94, 31.94, 31.94, 31.95, 31.96, 32.0, 32.01, 32.01, 31.99, 32.31, 32.31, 32.26, 32.4, 32.66, 32.77, 32.86, 32.9, 32.89, 32.86], [32.08, 31.95, 31.95, 31.96, 31.97, 31.99, 32.12, 32.1, 32.11, 32.3, 32.31, 32.43, 32.61, 32.56, 32.73, 32.83, 32.96, 33.0, 32.92, 32.85], [32.07, 32.07, 32.07, 32.07, 32.08, 32.08, 32.12, 32.19, 32.31, 32.26, 32.14, 32.69, 32.7, 32.55, 33.06, 33.05, 33.07, 33.08, 33.07, 33.06], [32.13, 32.12, 32.05, 32.05, 32.04, 32.06, 32.11, 32.14, 32.2, 32.32, 32.38, 32.53, 32.6, 32.51, 33.06, 33.05, 33.06, 33.07, 33.06, 33.06], [31.9, 31.9, 31.9, 32.09, 32.06, 31.99, 32.04, 32.11, 32.13, 32.15, 32.61, 32.44, 32.49, 32.47, 33.06, 33.04, 33.05, 33.06, 33.06, 33.05], [31.9, 31.9, 31.9, 31.9, 31.9, 31.9, 31.9, 31.9, 32.04, 32.2, 32.0, 32.38, 32.43, 32.43, 33.06, 33.04, 33.05, 33.05, 33.05, 33.05], [31.9, 31.9, 31.9, 31.9, 31.9, 31.9, 31.9, 31.9, 31.9, -999.0, 32.0, 33.0, 33.0, 32.4, 33.06, 33.04, 33.04, 31.96, 31.99, 32.0], [31.9, 31.9, 31.9, 31.9, 31.9, 31.9, 31.9, 31.9, 31.9, 31.9, -999.0, 33.0, 33.0, 31.76, 32.31, 32.37, 32.39, 32.14, 32.18, 32.2], [31.9, 31.9, 31.9, 31.9, 31.9, 31.9, 31.9, 31.9, 31.9, 31.9, -999.0, 31.1, 31.1, 31.1, 32.14, 32.21, 32.24, 31.99, 32.04, 32.08], [31.9, 31.9, 31.9, 31.9, 31.9, 31.9, 31.9, 31.8, 31.8, 31.8, 31.8, 31.53, 31.1, 31.1, 31.1, 32.02, 32.08, 31.84, 31.92, 31.98], [31.9, 31.9, 31.84, 31.84, 31.83, 31.8, 31.8, 31.8, 31.8, 31.8, 31.36, 31.41, 31.34, 31.28, 31.35, 31.39, 31.44, 31.36, 31.84, 31.89], [31.84, 31.84, 31.86, 31.86, 31.8, 31.8, 31.8, 31.8, 31.8, 31.8, 31.5, 31.41, 31.32, 31.24, 31.27, 31.01, 30.98, 30.95, 30.93, 30.92], [31.86, 31.86, 31.86, 31.86, 31.8, 31.8, 31.8, 31.8, 31.8, 31.62, 31.53, 31.42, 31.31, 31.28, 31.13, 31.03, 30.98, 30.95, 30.93, 30.91], [31.86, 31.86, 31.86, 31.8, 31.8, 31.8, 31.8, 31.8, 31.74, 31.66, 31.54, 31.45, 31.44, 31.34, 31.03, 31.0, 30.97, 30.94, 30.92, 30.9], [31.86, 31.86, 31.63, 31.64, 31.65, 31.66, 31.69, 31.75, 31.7, 31.63, 31.54, 31.47, 31.49, 31.43, 30.99, 30.97, 30.95, 30.93, 30.9, 30.88], [31.62, 31.62, 31.63, 31.68, 31.68, 31.69, 31.7, 31.71, 31.62, 31.58, 31.53, 31.48, 31.54, 30.95, 30.96, 30.96, 30.94, 30.92, 30.89, 30.87], [31.66, 31.66, 31.66, 31.67, 31.67, 31.67, 31.67, 31.64, 31.57, 31.55, 31.52, 31.48, 31.49, 30.93, 30.94, 30.96, 30.96, 30.92, 30.87, 30.84], [31.65, 31.65, 31.65, 31.62, 31.62, 31.62, 31.61, 31.61, 31.6, 31.59, 31.59, 31.69, 31.07, 30.91, 30.93, 30.98, 31.07, 30.94, 30.82, 30.8], [31.61, 31.61, 31.61, 31.6, 31.6, 31.6, 31.59, 31.58, 31.57, 31.56, 31.56, 31.6, 31.08, 31.01, 30.98, 30.96, 31.39, 30.74, 30.71, 30.74], [31.6, 31.6, 31.6, 31.6, 31.59, 31.58, 31.57, 31.56, 31.54, 31.52, 31.54, 31.59, 31.62, 31.0, 30.94, 30.87, 30.6, 30.3, 30.6, 30.7], [31.6, 31.59, 31.59, 31.59, 31.58, 31.57, 31.56, 31.55, 31.53, 31.52, 31.55, 31.58, 31.61, 30.99, 30.91, 30.82, 30.68, 30.6, 30.62, 30.69], [31.59, 31.59, 31.59, 31.58, 31.58, 31.57, 31.56, 31.55, 31.54, 31.53, 31.55, 31.57, 31.6, 31.01, 30.93, 30.85, 30.77, 30.73, 30.74, 30.77], [31.59, 31.59, 31.58, 31.58, 31.57, 31.56, 31.56, 31.55, 31.54, 31.54, 31.54, 31.22, 31.09, 30.94, 30.97, 30.9, 30.84, 30.81, 30.8, 30.81], [31.59, 31.58, 31.58, 31.57, 31.57, 31.56, 31.55, 31.54, 31.53, 31.53, 31.43, 31.28, 31.13, 30.99, 31.01, 30.94, 30.89, 30.86, 30.85, 30.85], [31.58, 31.58, 31.58, 31.57, 31.57, 31.56, 31.55, 31.54, 31.28, 31.34, 31.38, 31.27, 31.14, 31.02, 31.03, 30.98, 30.93, 30.9, 30.89, 30.88], [31.58, 31.58, 31.57, 31.57, 31.57, 31.56, 31.55, 31.55, 31.24, 31.27, 31.27, 31.21, 31.12, 31.03, 31.05, 31.0, 30.96, 30.93, 30.92, 30.91], [31.58, 31.58, 31.57, 31.57, 31.57, 31.56, 31.56, 31.18, 31.2, 31.21, 31.2, 31.16, 31.1, 31.02, 31.06, 31.02, 30.98, 30.96, 30.94, 30.93]]}]