gis_exercise/awsData/contour/wdir_2023083121.json
[{"header": {"refTime": "2023-08-31T21:00:00.000Z", "nx": 21, "ny": 33, "lo1": 113.509, "la1": 22.2235, "lo2": 113.5947, "la2": 22.1034, "dx": 0.0042850000000001385, "dy": 0.003753125000000024, "parameterCategory": 2, "parameterCategoryName": "Temperature", "parameterNumber": 2}, "data": [1.24, 1.24, 1.24, 1.59, 1.57, 1.56, 1.54, 1.52, 1.52, 1.77, 1.86, 1.95, 2.06, 2.11, 2.17, 2.2, 2.61, 2.61, 2.62, 2.62, 1.24, 1.24, 1.24, 1.24, 1.57, 1.54, 1.51, 1.46, 1.43, 1.69, 1.85, 1.98, 2.1, 2.15, 2.2, 2.6, 2.61, 2.62, 2.62, 2.62, 1.24, 1.24, 1.24, 1.24, 1.57, 1.54, 1.49, 1.41, 1.26, 1.62, 1.88, 2.04, 2.17, 2.21, 2.59, 2.6, 2.61, 2.62, 2.62, 2.63, 1.24, 1.24, 1.24, 1.24, 1.24, 1.56, 1.52, 1.46, 1.4, 1.74, 1.97, 2.15, 2.28, 2.52, 2.59, 2.61, 2.62, 2.63, 2.63, 2.63, 1.24, 1.24, 1.24, 1.24, 1.25, 1.59, 1.57, 1.56, 1.57, 1.94, 2.09, 2.52, 2.51, 2.52, 2.59, 2.61, 2.63, 2.64, 2.64, 2.64, 1.23, 1.23, 1.24, 1.24, 1.25, 1.26, 1.61, 1.62, 1.67, 1.76, 2.52, 2.52, 2.52, 2.82, 2.6, 2.62, 2.65, 2.65, 2.65, 2.64, 1.04, 1.23, 1.23, 1.24, 1.24, 1.26, 1.6, 1.62, 1.67, 2.13, 2.3, 2.54, 2.89, 2.94, 2.61, 2.64, 2.67, 2.68, 2.86, 2.9, 1.03, 1.04, 1.05, 1.43, 1.43, 1.53, 1.56, 1.56, 1.6, 2.14, 2.39, 2.83, 2.91, 3.07, 3.1, 3.0, 2.87, 2.81, 2.89, 2.94, 1.02, 1.03, 1.03, 1.05, 1.4, 1.4, 1.44, 1.57, 1.79, 2.12, 2.88, 3.08, 3.39, 3.24, 3.17, 3.06, 2.97, 2.92, 2.94, 2.96, 1.18, 1.17, 1.17, 1.03, 1.05, 1.33, 1.41, 1.5, 1.91, 1.97, 3.04, 3.25, 3.52, 3.32, 3.22, 3.12, 3.04, 3.0, 2.99, 3.0, 1.17, 1.16, 1.16, 1.15, 1.15, 1.11, 1.22, 1.38, 1.66, 1.98, 2.87, 3.2, 3.28, 3.25, 3.23, 3.15, 3.09, 3.05, 3.03, 3.03, 1.16, 1.15, 1.15, 1.14, 1.13, 1.13, 1.21, 1.52, 1.7, 2.09, 2.77, 2.99, 3.09, 3.19, 3.21, 3.16, 3.11, 2.98, 2.96, 2.94, 1.16, 1.15, 1.13, 1.12, 1.09, 1.03, 1.0, 1.36, 1.58, 1.46, 2.17, 2.89, 2.98, 3.07, 3.04, 3.02, 2.98, 2.95, 2.94, 2.93, 1.15, 1.14, 1.12, 1.1, 1.05, 0.95, 0.68, 1.1, 1.32, 1.35, 2.07, 2.73, 2.78, 2.79, 2.93, 2.93, 2.91, 2.9, 2.9, 2.9, 1.15, 1.14, 1.12, 1.1, 1.06, 1.0, 0.97, 1.16, 1.3, 1.36, 1.39, 1.97, 2.68, 2.68, 2.68, 2.82, 2.83, 2.85, 2.86, 2.87, 1.15, 1.14, 0.97, 0.96, 0.94, 1.17, 1.18, 1.23, 1.3, 1.35, 1.91, 1.96, 2.02, 2.46, 2.46, 3.28, 3.43, 3.58, 3.39, 3.46, 1.0, 1.0, 1.0, 0.99, 1.24, 1.24, 1.26, 1.3, 1.34, 1.36, 1.88, 1.95, 2.04, 2.12, 2.6, 2.65, 2.77, 2.86, 2.92, 2.96, 1.02, 1.02, 1.02, 1.03, 1.28, 1.29, 1.32, 1.36, 1.39, 1.45, 1.53, 1.94, 2.04, 2.57, 2.34, 2.61, 2.79, 2.9, 2.96, 2.99, 1.03, 1.04, 1.04, 1.29, 1.3, 1.32, 1.36, 1.41, 1.47, 1.48, 1.78, 1.89, 2.72, 2.7, 2.59, 2.73, 2.88, 2.97, 3.02, 3.04, 1.04, 1.05, 1.26, 1.28, 1.3, 1.32, 1.36, 1.41, 1.6, 1.68, 1.78, 1.87, 2.86, 2.94, 2.84, 2.93, 3.02, 3.08, 3.09, 3.09, 1.28, 1.29, 1.3, 1.31, 1.33, 1.36, 1.39, 1.41, 1.69, 1.73, 1.79, 1.86, 3.03, 2.99, 3.05, 3.14, 3.21, 3.22, 3.18, 3.14, 1.3, 1.31, 1.33, 1.35, 1.37, 1.39, 1.42, 1.78, 1.75, 1.78, 1.81, 1.85, 3.3, 3.12, 3.22, 3.36, 3.45, 3.39, 3.25, 3.16, 1.32, 1.33, 1.35, 1.86, 1.85, 1.85, 1.84, 1.84, 1.84, 1.85, 1.87, 2.81, 2.89, 3.21, 3.34, 3.58, 3.86, 3.57, 3.25, 3.15, 1.9, 1.89, 1.89, 1.89, 1.88, 1.88, 1.88, 1.88, 1.88, 1.88, 1.9, 3.0, 2.83, 3.04, 3.26, 3.62, 4.72, 3.24, 3.06, 3.07, 1.91, 1.91, 1.91, 1.91, 1.91, 1.91, 1.91, 1.91, 1.89, 1.88, 1.92, 2.88, 3.25, 2.97, 3.14, 3.25, 2.91, 2.27, 2.85, 2.99, 1.92, 1.93, 1.93, 1.93, 1.94, 1.94, 1.95, 1.94, 1.92, 1.9, 2.49, 2.83, 3.16, 2.9, 3.01, 3.12, 2.92, 2.78, 2.87, 2.96, 1.94, 1.94, 1.95, 1.95, 1.96, 1.97, 1.98, 1.99, 2.0, 2.02, 2.61, 2.82, 3.08, 3.03, 3.07, 3.05, 2.98, 2.93, 2.95, 3.0, 1.95, 1.96, 1.96, 1.97, 1.99, 2.0, 2.02, 2.05, 2.09, 2.6, 2.65, 2.04, 1.92, 1.8, 3.01, 3.02, 3.0, 2.98, 2.99, 3.01, 1.96, 1.97, 1.98, 1.99, 2.01, 2.03, 2.05, 2.1, 2.16, 2.61, 2.36, 2.15, 1.99, 1.85, 2.97, 2.99, 3.0, 3.0, 3.01, 3.02, 1.97, 1.98, 1.99, 2.0, 2.02, 2.04, 2.08, 2.12, 2.11, 2.22, 2.29, 2.15, 2.01, 1.89, 2.94, 2.97, 2.99, 3.0, 3.01, 3.02, 1.98, 1.99, 2.0, 2.01, 2.03, 2.05, 2.08, 2.12, 2.07, 2.13, 2.14, 2.08, 1.99, 1.89, 2.93, 2.96, 2.98, 3.0, 3.01, 3.02, 1.98, 1.99, 2.01, 2.02, 2.04, 2.06, 2.08, 2.0, 2.03, 2.06, 2.06, 2.02, 1.96, 1.89, 2.92, 2.95, 2.98, 2.99, 3.01, 3.02]}, {"header": {"refTime": "2023-08-31T21:00:00.000Z", "nx": 21, "ny": 33, "lo1": 113.509, "la1": 22.2235, "lo2": 113.5947, "la2": 22.1034, "dx": 0.0042850000000001385, "dy": 0.003753125000000024, "parameterCategory": 2, "parameterCategoryName": "Temperature", "parameterNumber": 3}, "data": [-1.98, -1.91, -1.83, -1.09, -1.03, -0.61, -0.55, -0.49, -0.47, -0.59, -0.67, -0.74, -1.05, -1.12, -1.2, -1.31, -2.29, -2.34, -2.38, -2.41, -2.02, -1.96, -1.87, -1.76, -1.04, -0.95, -0.52, -0.41, -0.34, -0.49, -0.64, -0.75, -1.06, -1.13, -1.23, -2.22, -2.3, -2.37, -2.42, -2.45, -2.08, -2.02, -1.94, -1.83, -1.07, -0.98, -0.82, -0.34, -0.05, -0.42, -0.66, -0.78, -1.08, -1.15, -2.08, -2.22, -2.33, -2.41, -2.46, -2.49, -2.16, -2.11, -2.03, -1.93, -1.79, -1.05, -0.93, -0.72, -0.53, -0.56, -0.76, -0.83, -1.07, -1.59, -2.04, -2.25, -2.4, -2.49, -2.53, -2.54, -2.25, -2.21, -2.16, -2.07, -1.95, -1.17, -1.12, -1.06, -1.04, -0.83, -0.92, -1.5, -1.07, -1.51, -2.07, -2.33, -2.51, -2.6, -2.62, -2.61, -2.35, -2.33, -2.3, -2.25, -2.15, -2.02, -1.31, -1.35, -1.39, -1.47, -1.98, -1.75, -1.44, -2.12, -2.2, -2.46, -2.68, -2.77, -2.73, -2.67, -3.68, -2.47, -2.47, -2.45, -2.39, -2.28, -2.66, -1.56, -1.64, -2.28, -2.4, -2.24, -2.66, -2.65, -2.38, -2.6, -2.89, -3.0, -3.0, -2.94, -3.73, -3.73, -3.72, -3.72, -3.66, -3.02, -2.74, -2.32, -1.94, -2.25, -2.3, -3.2, -3.37, -3.08, -3.63, -3.52, -3.39, -3.33, -3.41, -3.46, -3.77, -3.79, -3.81, -3.83, -3.85, -3.76, -3.49, -2.6, -2.35, -2.29, -3.06, -3.43, -3.81, -3.63, -3.69, -3.58, -3.49, -3.44, -3.46, -3.49, -4.5, -4.51, -4.53, -3.97, -4.08, -4.15, -3.89, -3.58, -2.76, -2.71, -3.29, -3.59, -3.92, -3.69, -3.74, -3.64, -3.56, -3.52, -3.51, -3.52, -4.5, -4.51, -4.52, -4.55, -4.6, -4.76, -4.56, -4.47, -3.83, -3.06, -3.72, -3.52, -3.63, -3.6, -3.74, -3.66, -3.61, -3.57, -3.55, -3.55, -4.49, -4.5, -4.51, -4.52, -4.55, -4.56, -4.49, -4.41, -4.39, -4.34, -3.81, -4.06, -4.04, -3.52, -3.73, -3.68, -3.63, -3.6, -3.58, -3.57, -4.49, -4.49, -4.49, -4.49, -4.48, -4.44, -4.39, -4.39, -4.39, -4.41, -4.34, -4.07, -4.05, -3.73, -3.7, -3.66, -3.63, -3.6, -3.58, -3.57, -4.48, -4.48, -4.47, -4.47, -4.44, -4.39, -4.31, -4.37, -4.4, -4.41, -4.33, -4.05, -4.0, -3.95, -3.64, -3.61, -3.59, -3.58, -3.57, -3.57, -4.47, -4.47, -4.46, -4.45, -4.43, -4.4, -4.38, -4.09, -4.05, -4.01, -3.98, -3.62, -3.9, -3.84, -3.81, -3.56, -3.56, -3.56, -3.56, -3.56, -4.47, -4.46, -4.13, -4.12, -4.11, -4.0, -3.99, -3.96, -3.92, -3.9, -3.59, -3.55, -3.51, -3.48, -3.47, -3.71, -3.77, -3.83, -3.58, -3.6, -4.1, -4.09, -4.08, -4.06, -3.92, -3.9, -3.85, -3.79, -3.76, -3.77, -3.51, -3.49, -3.46, -3.41, -3.4, -3.64, -3.76, -3.86, -3.94, -3.99, -4.07, -4.05, -4.03, -4.0, -3.85, -3.8, -3.72, -3.6, -3.55, -3.41, -3.44, -3.45, -3.42, -3.39, -3.3, -3.59, -3.78, -3.89, -3.97, -4.02, -4.04, -4.02, -3.99, -3.84, -3.8, -3.73, -3.62, -3.44, -3.23, -3.35, -2.98, -2.98, -3.46, -3.44, -3.57, -3.7, -3.85, -3.96, -4.02, -4.06, -4.01, -3.99, -3.21, -3.2, -3.19, -3.17, -3.15, -3.15, -3.05, -2.98, -2.94, -2.94, -3.51, -3.52, -3.81, -3.88, -3.97, -4.05, -4.09, -4.12, -3.17, -3.16, -3.15, -3.13, -3.11, -3.09, -3.07, -3.06, -2.91, -2.88, -2.86, -2.87, -3.57, -3.95, -3.98, -4.05, -4.11, -4.15, -4.17, -4.18, -3.13, -3.11, -3.09, -3.07, -3.04, -3.01, -2.97, -2.68, -2.76, -2.75, -2.75, -2.77, -3.23, -4.07, -4.12, -4.18, -4.24, -4.26, -4.25, -4.23, -3.09, -3.07, -3.04, -2.63, -2.62, -2.61, -2.59, -2.56, -2.52, -2.5, -2.5, -2.98, -3.56, -4.15, -4.21, -4.29, -4.35, -4.35, -4.32, -4.28, -2.62, -2.62, -2.61, -2.6, -2.59, -2.56, -2.52, -2.46, -2.38, -2.34, -2.39, -2.78, -3.5, -3.78, -4.02, -4.35, -4.43, -4.43, -4.37, -4.32, -2.61, -2.6, -2.59, -2.58, -2.56, -2.52, -2.47, -2.39, -2.25, -2.13, -2.3, -2.71, -2.94, -3.74, -3.99, -4.2, -4.43, -4.45, -4.38, -4.33, -2.6, -2.59, -2.58, -2.57, -2.54, -2.51, -2.46, -2.38, -2.25, -2.15, -2.47, -2.7, -2.91, -3.7, -3.94, -4.23, -4.31, -4.34, -4.36, -4.32, -2.6, -2.59, -2.57, -2.56, -2.54, -2.51, -2.47, -2.43, -2.38, -2.37, -2.6, -2.74, -2.89, -3.87, -4.02, -4.13, -4.21, -4.24, -4.24, -4.22, -2.59, -2.58, -2.57, -2.56, -2.54, -2.52, -2.5, -2.48, -2.49, -2.65, -2.7, -2.78, -2.9, -3.04, -3.92, -4.04, -4.12, -4.16, -4.17, -4.17, -2.59, -2.58, -2.57, -2.56, -2.55, -2.54, -2.53, -2.53, -2.56, -2.73, -2.75, -2.8, -2.89, -3.01, -3.84, -3.95, -4.03, -4.08, -4.11, -4.12, -2.59, -2.58, -2.57, -2.56, -2.56, -2.55, -2.55, -2.56, -2.75, -2.76, -2.77, -2.82, -2.9, -2.99, -3.78, -3.89, -3.97, -4.02, -4.05, -4.07, -2.59, -2.58, -2.57, -2.57, -2.56, -2.56, -2.56, -2.57, -2.78, -2.79, -2.81, -2.85, -2.91, -2.99, -3.74, -3.84, -3.92, -3.97, -4.0, -4.03, -2.59, -2.58, -2.58, -2.57, -2.57, -2.57, -2.57, -2.81, -2.81, -2.82, -2.84, -2.88, -2.93, -2.99, -3.73, -3.81, -3.88, -3.93, -3.97, -3.99]}, {"header": {"refTime": "2023-08-31T21:00:00.000Z", "nx": 21, "ny": 33, "lo1": 113.509, "la1": 22.2235, "lo2": 113.5947, "la2": 22.1034, "dx": 0.0042850000000001385, "dy": 0.003753125000000024, "parameterCategory": 0, "parameterCategoryName": "Temperature", "parameterNumber": 0}, "data": [[26.05, 26.04, 26.04, 25.82, 25.83, 26.2, 26.19, 26.17, 26.18, 26.17, 26.23, 26.3, 26.61, 26.65, 26.58, 26.58, 26.78, 26.76, 26.75, 26.74], [26.05, 26.05, 26.04, 26.03, 25.83, 25.83, 26.16, 26.12, 26.11, 26.13, 26.24, 26.33, 26.65, 26.69, 26.61, 26.8, 26.77, 26.75, 26.74, 26.73], [26.06, 26.05, 26.04, 26.03, 25.83, 25.83, 25.84, 26.08, 25.95, 26.1, 26.26, 26.4, 26.73, 26.75, 26.85, 26.8, 26.76, 26.73, 26.72, 26.71], [26.07, 26.06, 26.05, 26.04, 26.03, 25.83, 25.84, 25.85, 25.86, 26.14, 26.31, 26.52, 26.85, 26.77, 26.85, 26.79, 26.74, 26.71, 26.69, 26.69], [26.08, 26.07, 26.06, 26.05, 26.04, 25.82, 25.83, 25.83, 25.83, 26.18, 26.35, 26.79, 27.03, 26.82, 26.85, 26.76, 26.7, 26.66, 26.66, 26.66], [26.09, 26.08, 26.08, 26.07, 26.06, 26.04, 25.82, 25.82, 25.81, 25.78, 26.45, 26.67, 26.87, 27.03, 26.82, 26.72, 26.63, 26.59, 26.61, 26.64], [26.18, 26.1, 26.1, 26.09, 26.08, 26.06, 25.95, 25.83, 25.82, 25.92, 25.94, 26.47, 26.92, 26.94, 26.77, 26.67, 26.54, 26.49, 26.55, 26.6], [26.19, 26.19, 26.19, 26.19, 26.18, 26.02, 25.97, 25.92, 25.91, 25.88, 25.75, 26.36, 26.37, 26.95, 26.51, 26.54, 26.48, 26.45, 26.49, 26.52], [26.11, 26.12, 26.21, 26.22, 26.22, 26.2, 26.14, 25.95, 25.8, 25.94, 26.02, 26.18, 26.26, 26.16, 26.52, 26.56, 26.52, 26.5, 26.51, 26.53], [26.4, 26.4, 26.4, 26.17, 26.2, 26.29, 26.23, 26.14, 25.73, 25.75, 26.27, 26.08, 26.14, 26.12, 26.52, 26.57, 26.54, 26.53, 26.53, 26.54], [26.4, 26.4, 26.4, 26.4, 26.4, 26.4, 26.4, 26.4, 26.22, 25.8, 25.6, 26.02, 26.07, 26.07, 26.52, 26.58, 26.56, 26.55, 26.55, 26.55], [26.4, 26.4, 26.4, 26.4, 26.4, 26.4, 26.4, 26.4, 26.4, -999.0, 25.6, 26.7, 26.7, 26.04, 26.51, 26.59, 26.58, 25.77, 25.79, 25.79], [26.4, 26.4, 26.4, 26.4, 26.4, 26.4, 26.4, 26.4, 26.4, 26.4, -999.0, 26.7, 26.7, 25.79, 26.19, 26.0, 26.01, 25.87, 25.89, 25.9], [26.4, 26.4, 26.4, 26.4, 26.4, 26.4, 26.4, 26.4, 26.4, 26.4, -999.0, 25.3, 25.3, 25.3, 26.07, 25.91, 25.93, 25.79, 25.82, 25.84], [26.4, 26.4, 26.4, 26.4, 26.4, 26.4, 26.4, 26.3, 26.3, 26.3, 26.3, 25.92, 25.3, 25.3, 25.3, 25.8, 25.84, 25.71, 25.75, 25.78], [26.4, 26.4, 26.34, 26.34, 26.33, 26.3, 26.3, 26.3, 26.3, 26.3, 25.67, 25.74, 25.65, 25.56, 25.66, 25.78, 25.85, 25.72, 25.94, 25.99], [26.34, 26.34, 26.36, 26.36, 26.3, 26.3, 26.3, 26.3, 26.3, 26.3, 25.87, 25.75, 25.62, 25.5, 25.56, 25.56, 25.65, 25.72, 25.77, 25.8], [26.36, 26.36, 26.36, 26.36, 26.3, 26.3, 26.3, 26.3, 26.3, 26.05, 25.91, 25.76, 25.61, 25.57, 25.34, 25.53, 25.66, 25.74, 25.79, 25.83], [26.36, 26.36, 26.36, 26.3, 26.3, 26.3, 26.3, 26.3, 26.21, 26.11, 26.03, 25.91, 25.81, 25.66, 25.51, 25.61, 25.72, 25.79, 25.83, 25.86], [26.36, 26.36, 26.36, 26.35, 26.35, 26.35, 26.34, 26.32, 26.22, 26.15, 26.05, 25.95, 25.89, 25.81, 25.69, 25.74, 25.81, 25.86, 25.89, 25.9], [26.36, 26.36, 26.36, 26.34, 26.34, 26.34, 26.33, 26.33, 26.17, 26.13, 26.07, 25.99, 25.97, 25.79, 25.82, 25.87, 25.92, 25.94, 25.95, 25.94], [26.35, 26.35, 26.35, 26.34, 26.34, 26.34, 26.34, 26.44, 26.16, 26.14, 26.1, 26.04, 26.07, 25.88, 25.93, 25.99, 26.03, 26.03, 26.0, 25.98], [26.35, 26.35, 26.35, 26.49, 26.48, 26.48, 26.47, 26.46, 26.46, 26.47, 26.48, 26.42, 26.26, 25.94, 26.0, 26.08, 26.17, 26.11, 26.04, 26.0], [26.51, 26.51, 26.5, 26.5, 26.5, 26.49, 26.49, 26.48, 26.47, 26.47, 26.48, 26.57, 26.26, 26.24, 26.23, 26.12, 26.37, 26.09, 26.03, 26.0], [26.52, 26.52, 26.51, 26.51, 26.51, 26.51, 26.5, 26.49, 26.46, 26.44, 26.49, 26.58, 26.6, 26.24, 26.21, 26.19, 26.03, 25.93, 26.0, 26.0], [26.52, 26.53, 26.53, 26.53, 26.53, 26.53, 26.52, 26.51, 26.48, 26.46, 26.55, 26.6, 26.62, 26.23, 26.2, 26.25, 26.17, 26.13, 25.99, 25.99], [26.53, 26.53, 26.54, 26.54, 26.54, 26.55, 26.55, 26.55, 26.55, 26.56, 26.62, 26.65, 26.65, 26.42, 26.35, 26.28, 26.23, 26.21, 26.21, 26.23], [26.54, 26.54, 26.55, 26.55, 26.56, 26.57, 26.58, 26.59, 26.62, 26.7, 26.72, 26.58, 26.49, 26.4, 26.39, 26.33, 26.28, 26.26, 26.25, 26.26], [26.55, 26.55, 26.56, 26.56, 26.57, 26.58, 26.6, 26.63, 26.68, 26.78, 26.81, 26.66, 26.54, 26.44, 26.42, 26.37, 26.33, 26.3, 26.29, 26.29], [26.55, 26.56, 26.56, 26.57, 26.58, 26.6, 26.62, 26.65, 26.62, 26.71, 26.76, 26.66, 26.55, 26.47, 26.45, 26.4, 26.36, 26.33, 26.32, 26.31], [26.56, 26.56, 26.57, 26.58, 26.59, 26.6, 26.62, 26.65, 26.6, 26.64, 26.65, 26.61, 26.54, 26.47, 26.46, 26.42, 26.38, 26.36, 26.34, 26.33], [26.56, 26.57, 26.57, 26.58, 26.59, 26.61, 26.63, 26.54, 26.57, 26.59, 26.59, 26.56, 26.52, 26.47, 26.47, 26.43, 26.4, 26.38, 26.36, 26.35]]}]