gis_exercise/awsData/contour/wdir_2023091104.json
[{"header": {"refTime": "2023-09-11T04:00:00.000Z", "nx": 21, "ny": 33, "lo1": 113.509, "la1": 22.2235, "lo2": 113.5947, "la2": 22.1034, "dx": 0.0042850000000001385, "dy": 0.003753125000000024, "parameterCategory": 2, "parameterCategoryName": "Temperature", "parameterNumber": 2}, "data": [-1.12, -1.13, -1.15, -1.39, -1.39, -1.94, -1.91, -1.88, -1.88, -1.74, -1.83, -1.91, -2.47, -2.53, -3.16, -3.26, -3.73, -3.78, -3.81, -3.83, -1.1, -1.12, -1.15, -1.17, -1.39, -1.39, -1.87, -1.79, -1.76, -1.7, -1.83, -1.96, -2.53, -2.59, -3.21, -3.69, -3.76, -3.81, -3.85, -3.87, -1.09, -1.11, -1.13, -1.16, -1.4, -1.4, -1.4, -1.72, -1.49, -1.65, -1.86, -2.05, -2.63, -2.67, -3.61, -3.71, -3.8, -3.87, -3.91, -3.92, -1.07, -1.09, -1.11, -1.14, -1.18, -1.41, -1.41, -1.4, -1.4, -1.7, -1.93, -2.22, -2.79, -2.65, -3.6, -3.75, -3.87, -3.95, -3.99, -3.98, -1.04, -1.06, -1.08, -1.11, -1.16, -1.42, -1.42, -1.41, -1.39, -1.74, -1.97, -2.67, -2.98, -2.72, -3.61, -3.81, -3.99, -4.09, -4.1, -4.06, -1.01, -1.02, -1.04, -1.07, -1.12, -1.19, -1.45, -1.45, -1.41, -1.33, -2.19, -2.51, -2.78, -3.36, -3.64, -3.91, -4.19, -4.3, -4.24, -4.14, -1.79, -0.98, -0.98, -1.0, -1.05, -1.13, -1.12, -1.53, -1.5, -1.58, -1.54, -2.28, -3.34, -3.42, -3.67, -4.02, -4.46, -4.63, -4.6, -4.51, -1.78, -1.74, -1.68, -1.98, -1.95, -0.9, -1.08, -1.4, -1.81, -1.49, -1.13, -2.64, -2.94, -3.51, -4.08, -4.32, -4.61, -4.71, -4.56, -4.45, -1.79, -1.73, -1.65, -1.54, -1.77, -1.8, -2.01, -1.18, -2.25, -1.63, -2.32, -2.98, -3.59, -3.3, -4.09, -4.26, -4.43, -4.5, -4.47, -4.41, -2.84, -2.74, -2.59, -1.47, -1.22, -1.34, -1.86, -2.43, -2.84, -2.62, -2.72, -3.22, -3.74, -3.38, -4.11, -4.21, -4.31, -4.37, -4.38, -4.36, -2.87, -2.77, -2.61, -2.34, -1.77, -0.1, -2.28, -3.5, -3.4, -3.29, -3.77, -3.1, -3.29, -3.24, -4.11, -4.18, -4.24, -4.29, -4.31, -4.31, -2.92, -2.84, -2.73, -2.56, -2.28, -2.15, -3.05, -4.28, -4.8, -5.11, -4.04, -4.4, -4.31, -3.11, -4.11, -4.16, -4.2, -3.98, -3.98, -3.98, -2.99, -2.95, -2.9, -2.87, -2.91, -3.23, -3.76, -4.3, -4.64, -4.24, -4.97, -4.49, -4.38, -3.26, -3.2, -3.77, -3.78, -3.81, -3.83, -3.85, -3.06, -3.05, -3.06, -3.11, -3.27, -3.63, -4.13, -4.06, -4.16, -4.08, -4.94, -4.2, -4.0, -3.83, -3.02, -3.54, -3.57, -3.63, -3.67, -3.72, -3.13, -3.14, -3.18, -3.26, -3.41, -3.64, -3.84, -4.17, -4.15, -4.08, -4.0, -3.12, -3.76, -3.56, -3.44, -3.27, -3.35, -3.44, -3.52, -3.59, -3.19, -3.21, -2.09, -2.19, -2.32, -3.89, -3.87, -3.81, -3.75, -3.72, -2.99, -2.87, -2.73, -2.35, -2.33, -2.71, -2.8, -2.89, -3.11, -3.19, -1.99, -2.03, -2.08, -2.14, -3.69, -3.61, -3.49, -3.33, -3.24, -3.29, -2.7, -2.66, -2.54, -2.37, -2.04, -2.06, -2.1, -2.13, -2.15, -2.16, -1.99, -2.02, -2.05, -2.08, -3.5, -3.35, -3.1, -2.76, -2.59, -2.11, -2.2, -2.51, -2.42, -2.03, -1.96, -2.05, -2.1, -2.14, -2.16, -2.17, -1.98, -2.0, -2.02, -3.48, -3.35, -3.14, -2.81, -2.25, -1.61, -1.93, -1.89, -1.97, -2.06, -2.07, -2.04, -2.09, -2.13, -2.16, -2.18, -2.18, -1.97, -1.98, -2.82, -2.76, -2.67, -2.54, -2.33, -2.05, -1.67, -1.81, -1.94, -2.01, -2.11, -2.16, -2.12, -2.15, -2.19, -2.2, -2.2, -2.2, -2.86, -2.84, -2.79, -2.74, -2.66, -2.56, -2.43, -2.29, -1.91, -1.97, -2.04, -2.08, -2.18, -2.18, -2.2, -2.23, -2.25, -2.25, -2.23, -2.21, -2.85, -2.82, -2.78, -2.74, -2.68, -2.61, -2.54, -2.06, -2.12, -2.16, -2.18, -2.18, -2.77, -2.22, -2.26, -2.31, -2.34, -2.31, -2.26, -2.22, -2.84, -2.82, -2.79, -2.12, -2.13, -2.15, -2.18, -2.23, -2.28, -2.32, -2.3, -2.68, -2.62, -2.25, -2.3, -2.39, -2.5, -2.38, -2.25, -2.21, -2.11, -2.12, -2.13, -2.15, -2.17, -2.21, -2.27, -2.37, -2.48, -2.54, -2.46, -2.82, -2.63, -2.56, -2.51, -2.4, -2.86, -2.23, -2.17, -2.17, -2.13, -2.14, -2.15, -2.17, -2.21, -2.26, -2.33, -2.46, -2.67, -2.85, -2.59, -2.79, -2.79, -2.55, -2.47, -2.4, -2.09, -1.82, -2.07, -2.14, -2.14, -2.15, -2.17, -2.19, -2.22, -2.27, -2.34, -2.46, -2.65, -2.81, -2.78, -2.71, -2.72, -2.54, -2.45, -2.15, -2.08, -2.02, -2.08, -2.13, -2.14, -2.15, -2.17, -2.19, -2.22, -2.26, -2.31, -2.37, -2.44, -2.45, -2.59, -2.57, -2.61, -2.08, -2.11, -2.11, -2.09, -2.07, -2.08, -2.1, -2.15, -2.16, -2.17, -2.19, -2.21, -2.23, -2.25, -2.27, -2.25, -2.37, -2.3, -2.06, -2.03, -1.98, -2.08, -2.09, -2.09, -2.09, -2.09, -2.1, -2.15, -2.16, -2.17, -2.18, -2.19, -2.2, -2.2, -2.18, -2.12, -2.12, -1.83, -1.95, -1.98, -1.96, -2.05, -2.07, -2.08, -2.09, -2.09, -2.1, -2.14, -2.15, -2.16, -2.17, -2.17, -2.17, -2.16, -2.13, -2.04, -1.94, -1.87, -1.93, -1.96, -1.96, -2.03, -2.06, -2.07, -2.08, -2.09, -2.09, -2.14, -2.15, -2.15, -2.16, -2.16, -2.15, -2.14, -2.11, -2.03, -1.98, -1.95, -1.95, -1.96, -1.95, -2.02, -2.05, -2.06, -2.08, -2.08, -2.09, -2.14, -2.14, -2.15, -2.15, -2.15, -2.14, -2.13, -2.06, -2.03, -2.0, -1.98, -1.97, -1.97, -1.96, -2.02, -2.04, -2.06, -2.07, -2.08, -2.09]}, {"header": {"refTime": "2023-09-11T04:00:00.000Z", "nx": 21, "ny": 33, "lo1": 113.509, "la1": 22.2235, "lo2": 113.5947, "la2": 22.1034, "dx": 0.0042850000000001385, "dy": 0.003753125000000024, "parameterCategory": 2, "parameterCategoryName": "Temperature", "parameterNumber": 3}, "data": [0.61, 0.58, 0.53, 0.28, 0.24, 0.26, 0.2, 0.14, 0.13, 0.18, 0.3, 0.41, 0.94, 1.03, 1.39, 1.52, 2.51, 2.57, 2.61, 2.64, 0.63, 0.6, 0.56, 0.5, 0.25, 0.19, 0.15, 0.03, -0.04, 0.08, 0.28, 0.44, 0.99, 1.07, 1.44, 2.44, 2.53, 2.6, 2.65, 2.68, 0.66, 0.63, 0.59, 0.54, 0.27, 0.21, 0.1, -0.06, -0.4, -0.0, 0.32, 0.52, 1.06, 1.14, 2.3, 2.45, 2.57, 2.66, 2.71, 2.73, 0.7, 0.67, 0.64, 0.59, 0.53, 0.27, 0.18, 0.03, -0.11, 0.14, 0.43, 0.66, 1.16, 1.48, 2.28, 2.49, 2.65, 2.75, 2.8, 2.8, 0.74, 0.72, 0.7, 0.67, 0.62, 0.35, 0.32, 0.27, 0.25, 0.38, 0.58, 1.42, 1.29, 1.46, 2.29, 2.57, 2.78, 2.89, 2.91, 2.89, 0.78, 0.78, 0.77, 0.75, 0.72, 0.68, 0.46, 0.49, 0.51, 0.53, 1.5, 1.51, 1.44, 2.03, 2.4, 2.71, 2.99, 3.11, 3.06, 2.97, 1.77, 0.84, 0.85, 0.84, 0.83, 0.81, 1.12, 0.67, 0.71, 1.28, 1.38, 1.72, 2.37, 2.36, 2.55, 2.86, 3.28, 3.43, 3.27, 3.15, 1.79, 1.77, 1.75, 1.95, 1.91, 1.22, 1.15, 1.05, 1.05, 1.22, 1.12, 2.41, 2.64, 2.62, 3.28, 3.4, 3.55, 3.61, 3.53, 3.47, 1.81, 1.8, 1.78, 1.76, 1.94, 1.91, 1.85, 1.12, 1.41, 1.32, 2.06, 2.55, 2.92, 2.74, 3.28, 3.37, 3.46, 3.5, 3.48, 3.45, 2.58, 2.54, 2.5, 1.8, 1.77, 1.92, 1.99, 2.06, 1.84, 1.74, 2.33, 2.66, 2.97, 2.77, 3.28, 3.34, 3.4, 3.43, 3.43, 3.42, 2.58, 2.55, 2.5, 2.42, 2.25, 1.75, 2.43, 2.84, 2.56, 2.17, 2.73, 2.59, 2.7, 2.68, 3.28, 3.32, 3.36, 3.39, 3.4, 3.4, 2.59, 2.57, 2.53, 2.48, 2.4, 2.36, 2.65, 3.11, 3.33, 3.42, 2.87, 3.3, 3.28, 2.6, 3.29, 3.31, 3.34, 3.11, 3.11, 3.11, 2.61, 2.6, 2.58, 2.56, 2.57, 2.64, 2.79, 3.07, 3.24, 3.08, 3.36, 3.33, 3.3, 2.76, 2.72, 2.98, 2.99, 3.01, 3.02, 3.03, 2.63, 2.63, 2.62, 2.63, 2.66, 2.73, 2.79, 2.91, 3.01, 3.0, 3.33, 3.06, 2.97, 2.89, 2.6, 2.84, 2.86, 2.89, 2.93, 2.95, 2.65, 2.65, 2.66, 2.67, 2.7, 2.75, 2.8, 2.99, 3.03, 3.04, 3.03, 2.67, 2.83, 2.73, 2.67, 2.68, 2.73, 2.78, 2.83, 2.87, 2.67, 2.67, 2.32, 2.35, 2.38, 2.92, 2.91, 2.92, 2.93, 2.94, 2.66, 2.57, 2.46, 2.29, 2.25, 2.4, 2.47, 2.54, 2.7, 2.76, 2.31, 2.32, 2.33, 2.35, 2.89, 2.87, 2.85, 2.82, 2.81, 2.83, 2.57, 2.49, 2.36, 2.21, 2.08, 1.96, 1.99, 2.01, 2.02, 2.03, 2.32, 2.33, 2.34, 2.35, 2.86, 2.82, 2.77, 2.7, 2.66, 2.37, 2.32, 2.43, 2.31, 2.08, 1.91, 1.95, 1.99, 2.02, 2.03, 2.04, 2.32, 2.33, 2.34, 2.86, 2.83, 2.78, 2.71, 2.58, 2.4, 2.37, 1.85, 1.77, 2.25, 2.15, 1.95, 1.98, 2.02, 2.04, 2.04, 2.05, 2.32, 2.33, 1.94, 1.96, 1.97, 2.0, 2.05, 2.15, 2.11, 1.94, 1.79, 1.71, 2.31, 2.28, 2.01, 2.03, 2.06, 2.07, 2.06, 2.06, 1.88, 1.88, 1.88, 1.88, 1.88, 1.89, 1.92, 1.95, 1.82, 1.74, 1.66, 1.61, 2.38, 2.05, 2.06, 2.09, 2.11, 2.1, 2.09, 2.07, 1.83, 1.82, 1.81, 1.8, 1.78, 1.76, 1.75, 1.32, 1.54, 1.5, 1.48, 1.48, 1.75, 2.08, 2.11, 2.16, 2.18, 2.15, 2.1, 2.07, 1.78, 1.77, 1.75, 1.14, 1.14, 1.14, 1.12, 1.08, 1.02, 0.97, 0.96, 1.65, 1.46, 2.1, 2.14, 2.23, 2.33, 2.21, 2.09, 2.05, 1.08, 1.08, 1.07, 1.06, 1.05, 1.02, 0.96, 0.88, 0.77, 0.71, 0.76, 1.02, 1.41, 1.63, 1.84, 2.23, 2.66, 2.07, 2.01, 2.02, 1.05, 1.04, 1.02, 1.0, 0.97, 0.92, 0.85, 0.74, 0.57, 0.44, 0.6, 0.93, 1.19, 1.59, 1.78, 1.92, 1.93, 1.67, 1.92, 1.98, 1.02, 1.0, 0.98, 0.95, 0.91, 0.86, 0.79, 0.68, 0.54, 0.43, 0.66, 0.88, 1.11, 1.54, 1.7, 1.81, 1.79, 1.75, 1.93, 1.97, 0.99, 0.97, 0.95, 0.91, 0.87, 0.82, 0.76, 0.68, 0.6, 0.57, 0.71, 0.85, 1.04, 1.51, 1.64, 1.72, 1.74, 1.75, 1.75, 1.76, 0.96, 0.94, 0.92, 0.89, 0.85, 0.8, 0.74, 0.68, 0.63, 0.67, 0.69, 0.5, 0.54, 0.59, 1.54, 1.63, 1.68, 1.71, 1.72, 1.72, 0.95, 0.92, 0.9, 0.87, 0.83, 0.79, 0.74, 0.68, 0.63, 0.63, 0.47, 0.5, 0.53, 0.57, 1.46, 1.56, 1.62, 1.66, 1.68, 1.69, 0.93, 0.91, 0.88, 0.86, 0.82, 0.78, 0.74, 0.69, 0.48, 0.48, 0.48, 0.5, 0.53, 0.57, 1.41, 1.5, 1.57, 1.61, 1.64, 1.66, 0.92, 0.9, 0.88, 0.85, 0.82, 0.78, 0.75, 0.71, 0.5, 0.5, 0.5, 0.51, 0.54, 0.56, 1.38, 1.46, 1.53, 1.57, 1.6, 1.63, 0.91, 0.89, 0.87, 0.85, 0.82, 0.79, 0.76, 0.51, 0.51, 0.51, 0.51, 0.53, 0.54, 0.57, 1.37, 1.44, 1.5, 1.54, 1.58, 1.6]}, {"header": {"refTime": "2023-09-11T04:00:00.000Z", "nx": 21, "ny": 33, "lo1": 113.509, "la1": 22.2235, "lo2": 113.5947, "la2": 22.1034, "dx": 0.0042850000000001385, "dy": 0.003753125000000024, "parameterCategory": 0, "parameterCategoryName": "Temperature", "parameterNumber": 0}, "data": [[26.33, 26.33, 26.32, 26.12, 26.12, 26.34, 26.34, 26.34, 26.35, 26.26, 26.26, 26.27, 26.47, 26.48, 26.51, 26.52, 26.57, 26.57, 26.57, 26.57], [26.33, 26.33, 26.32, 26.32, 26.13, 26.14, 26.34, 26.33, 26.33, 26.27, 26.27, 26.28, 26.48, 26.49, 26.52, 26.57, 26.57, 26.57, 26.57, 26.57], [26.33, 26.33, 26.33, 26.32, 26.12, 26.14, 26.16, 26.33, 26.31, 26.27, 26.27, 26.3, 26.49, 26.5, 26.57, 26.57, 26.57, 26.58, 26.58, 26.58], [26.33, 26.33, 26.33, 26.32, 26.32, 26.13, 26.15, 26.18, 26.2, 26.25, 26.27, 26.33, 26.52, 26.4, 26.58, 26.58, 26.58, 26.58, 26.58, 26.58], [26.34, 26.34, 26.33, 26.33, 26.32, 26.11, 26.12, 26.13, 26.12, 26.21, 26.25, 26.4, 26.52, 26.43, 26.57, 26.58, 26.58, 26.58, 26.58, 26.58], [26.34, 26.34, 26.34, 26.33, 26.33, 26.32, 26.1, 26.1, 26.08, 26.03, 26.23, 26.35, 26.45, 26.57, 26.57, 26.58, 26.58, 26.58, 26.58, 26.58], [26.37, 26.35, 26.35, 26.34, 26.34, 26.32, 26.15, 26.1, 26.08, 26.03, 26.0, 26.26, 26.54, 26.55, 26.57, 26.58, 26.59, 26.59, 26.6, 26.6], [26.37, 26.37, 26.37, 26.37, 26.37, 26.2, 26.17, 26.15, 26.16, 26.0, 25.83, 26.25, 26.26, 26.55, 26.56, 26.55, 26.57, 26.58, 26.57, 26.56], [26.33, 26.33, 26.39, 26.39, 26.39, 26.38, 26.34, 26.16, 26.04, 26.05, 26.01, 26.13, 26.18, 26.11, 26.56, 26.55, 26.56, 26.57, 26.56, 26.56], [26.5, 26.5, 26.5, 26.36, 26.38, 26.43, 26.4, 26.34, 25.92, 25.94, 26.19, 26.05, 26.1, 26.07, 26.56, 26.54, 26.55, 26.56, 26.56, 26.55], [26.5, 26.5, 26.5, 26.5, 26.5, 26.5, 26.5, 26.5, 26.39, 26.03, 25.7, 26.0, 26.04, 26.04, 26.56, 26.54, 26.55, 26.55, 26.55, 26.55], [26.5, 26.5, 26.5, 26.5, 26.5, 26.5, 26.5, 26.5, 26.5, -999.0, 25.7, 26.5, 26.5, 26.02, 26.56, 26.54, 26.54, 25.97, 25.99, 25.99], [26.5, 26.5, 26.5, 26.5, 26.5, 26.5, 26.5, 26.5, 26.5, 26.5, -999.0, 26.5, 26.5, 25.85, 26.13, 26.2, 26.21, 26.07, 26.09, 26.1], [26.5, 26.5, 26.5, 26.5, 26.5, 26.5, 26.5, 26.5, 26.5, 26.5, -999.0, 25.5, 25.5, 25.5, 26.05, 26.11, 26.13, 25.99, 26.02, 26.04], [26.5, 26.5, 26.5, 26.5, 26.5, 26.5, 26.5, 26.7, 26.7, 26.7, 26.7, 26.24, 25.5, 25.5, 25.5, 26.0, 26.04, 25.91, 25.95, 25.98], [26.5, 26.5, 26.63, 26.63, 26.63, 26.7, 26.7, 26.7, 26.7, 26.7, 25.94, 26.03, 25.91, 25.82, 25.93, 25.76, 25.8, 25.73, 25.98, 26.01], [26.63, 26.63, 26.57, 26.57, 26.7, 26.7, 26.7, 26.7, 26.7, 26.7, 26.18, 26.04, 25.88, 25.73, 25.72, 25.69, 25.76, 25.82, 25.85, 25.88], [26.57, 26.57, 26.58, 26.58, 26.7, 26.7, 26.7, 26.7, 26.7, 26.4, 26.23, 26.05, 25.87, 25.73, 25.53, 25.67, 25.77, 25.83, 25.87, 25.9], [26.58, 26.58, 26.58, 26.7, 26.7, 26.7, 26.7, 26.7, 26.59, 26.47, 26.32, 26.17, 25.96, 25.81, 25.66, 25.73, 25.81, 25.87, 25.9, 25.92], [26.58, 26.58, 26.59, 26.59, 26.6, 26.61, 26.63, 26.67, 26.57, 26.46, 26.33, 26.2, 26.01, 25.92, 25.79, 25.83, 25.88, 25.92, 25.94, 25.95], [26.58, 26.58, 26.58, 26.62, 26.62, 26.63, 26.63, 26.64, 26.47, 26.41, 26.33, 26.24, 26.06, 25.86, 25.88, 25.92, 25.95, 25.97, 25.98, 25.98], [26.61, 26.61, 26.61, 26.61, 26.61, 26.61, 26.62, 26.61, 26.42, 26.39, 26.34, 26.27, 26.05, 25.93, 25.96, 25.99, 26.02, 26.03, 26.02, 26.01], [26.6, 26.6, 26.6, 26.6, 26.6, 26.6, 26.6, 26.59, 26.59, 26.58, 26.58, 26.48, 26.28, 25.97, 26.01, 26.05, 26.09, 26.09, 26.06, 26.04], [26.6, 26.6, 26.6, 26.6, 26.59, 26.59, 26.58, 26.57, 26.56, 26.56, 26.56, 26.45, 26.29, 26.25, 26.22, 26.08, 26.16, 26.11, 26.08, 26.05], [26.6, 26.6, 26.59, 26.59, 26.59, 26.58, 26.58, 26.56, 26.54, 26.52, 26.55, 26.46, 26.44, 26.26, 26.22, 26.19, 26.11, 26.1, 26.08, 26.06], [26.6, 26.59, 26.59, 26.59, 26.59, 26.58, 26.57, 26.56, 26.54, 26.53, 26.49, 26.47, 26.45, 26.26, 26.23, 26.22, 26.19, 26.18, 26.07, 26.05], [26.59, 26.59, 26.59, 26.59, 26.58, 26.58, 26.57, 26.57, 26.56, 26.56, 26.5, 26.49, 26.47, 26.31, 26.27, 26.24, 26.22, 26.21, 26.21, 26.22], [26.59, 26.59, 26.59, 26.59, 26.58, 26.58, 26.58, 26.57, 26.57, 26.52, 26.53, 26.5, 26.46, 26.42, 26.3, 26.27, 26.24, 26.23, 26.23, 26.23], [26.59, 26.59, 26.59, 26.59, 26.58, 26.58, 26.58, 26.58, 26.58, 26.55, 26.57, 26.52, 26.48, 26.44, 26.32, 26.29, 26.27, 26.25, 26.25, 26.24], [26.59, 26.59, 26.59, 26.59, 26.59, 26.58, 26.58, 26.58, 26.51, 26.54, 26.56, 26.52, 26.48, 26.45, 26.33, 26.3, 26.28, 26.27, 26.26, 26.26], [26.59, 26.59, 26.59, 26.59, 26.59, 26.58, 26.58, 26.58, 26.5, 26.52, 26.52, 26.5, 26.48, 26.45, 26.34, 26.32, 26.3, 26.28, 26.27, 26.27], [26.59, 26.59, 26.59, 26.59, 26.59, 26.59, 26.59, 26.49, 26.49, 26.5, 26.5, 26.49, 26.47, 26.45, 26.35, 26.32, 26.31, 26.29, 26.28, 26.28]]}]