gis_exercise/awsData/contour/wdir_2023090305.json
[{"header": {"refTime": "2023-09-03T05:00:00.000Z", "nx": 21, "ny": 33, "lo1": 113.509, "la1": 22.2235, "lo2": 113.5947, "la2": 22.1034, "dx": 0.0042850000000001385, "dy": 0.003753125000000024, "parameterCategory": 2, "parameterCategoryName": "Temperature", "parameterNumber": 2}, "data": [-1.98, -1.96, -1.95, -1.87, -1.85, -2.1, -2.07, -2.05, -2.06, -2.25, -2.37, -2.48, -2.66, -2.71, -4.03, -4.21, -4.68, -4.77, -4.84, -4.88, -1.99, -1.97, -1.95, -1.93, -1.85, -1.83, -2.03, -1.96, -1.93, -2.16, -2.36, -2.53, -2.72, -2.78, -4.09, -4.59, -4.73, -4.85, -4.92, -4.96, -2.0, -1.99, -1.97, -1.94, -1.86, -1.84, -1.8, -1.89, -1.68, -2.08, -2.4, -2.62, -2.84, -2.87, -4.41, -4.63, -4.82, -4.97, -5.05, -5.07, -2.02, -2.0, -1.99, -1.96, -1.93, -1.85, -1.82, -1.78, -1.74, -2.2, -2.51, -2.79, -3.02, -3.15, -4.39, -4.7, -4.97, -5.15, -5.22, -5.21, -2.04, -2.03, -2.01, -1.99, -1.96, -1.87, -1.86, -1.85, -1.86, -2.4, -2.63, -3.18, -3.38, -3.19, -4.41, -4.84, -5.23, -5.44, -5.45, -5.38, -2.06, -2.05, -2.05, -2.03, -2.01, -1.97, -1.89, -1.9, -1.93, -1.99, -2.91, -3.07, -3.23, -4.06, -4.47, -5.06, -5.65, -5.9, -5.76, -5.56, -3.69, -2.09, -2.08, -2.08, -2.06, -2.02, -2.17, -1.9, -1.93, -2.28, -2.4, -2.87, -4.04, -4.25, -4.55, -5.29, -6.24, -6.6, -6.7, -6.54, -3.73, -3.67, -3.6, -3.51, -3.44, -2.27, -2.18, -2.03, -1.91, -2.28, -2.42, -3.51, -3.75, -4.53, -5.74, -6.18, -6.69, -6.88, -6.6, -6.41, -3.78, -3.73, -3.65, -3.55, -3.45, -3.4, -3.34, -2.14, -2.89, -2.27, -3.75, -4.36, -5.39, -4.9, -5.82, -6.09, -6.38, -6.51, -6.45, -6.34, -5.32, -5.22, -5.08, -3.62, -3.44, -3.33, -3.56, -3.78, -3.76, -3.63, -4.24, -4.94, -5.84, -5.15, -5.9, -6.02, -6.19, -6.28, -6.29, -6.25, -5.35, -5.26, -5.12, -4.87, -4.35, -2.81, -4.75, -5.75, -4.82, -4.4, -5.79, -4.77, -5.04, -4.94, -5.91, -5.98, -6.08, -6.15, -6.18, -6.17, -5.4, -5.34, -5.24, -5.09, -4.84, -4.72, -5.48, -6.35, -6.68, -7.23, -6.0, -5.98, -5.93, -4.74, -5.9, -5.95, -6.01, -6.47, -6.47, -6.46, -5.47, -5.44, -5.41, -5.4, -5.46, -5.8, -6.34, -6.51, -6.63, -6.38, -7.24, -6.03, -5.94, -5.07, -5.02, -6.28, -6.29, -6.3, -6.32, -6.33, -5.54, -5.55, -5.57, -5.64, -5.83, -6.26, -6.96, -6.52, -6.42, -6.31, -7.24, -6.38, -6.25, -6.12, -4.9, -6.04, -6.07, -6.11, -6.16, -6.2, -5.61, -5.63, -5.68, -5.78, -5.96, -6.22, -6.43, -5.72, -5.39, -5.12, -4.9, -3.88, -6.0, -5.84, -5.74, -5.75, -5.83, -5.92, -6.0, -6.07, -5.66, -5.7, -3.56, -3.67, -3.82, -5.1, -5.04, -4.79, -4.53, -4.37, -3.44, -3.57, -3.71, -3.85, -3.97, -4.74, -4.76, -4.78, -4.83, -4.87, -3.3, -3.33, -3.36, -3.37, -4.54, -4.37, -4.06, -3.64, -3.37, -3.43, -2.93, -3.28, -3.59, -3.87, -3.62, -3.98, -3.86, -3.76, -3.69, -3.64, -3.19, -3.18, -3.15, -3.08, -4.05, -3.69, -3.1, -2.29, -1.88, -1.87, -2.49, -3.03, -3.5, -3.56, -4.23, -4.02, -3.85, -3.73, -3.66, -3.61, -3.08, -3.03, -2.96, -3.97, -3.67, -3.19, -2.4, -1.1, 0.13, -1.24, -1.56, -2.23, -2.76, -3.34, -4.05, -3.92, -3.77, -3.67, -3.6, -3.56, -2.98, -2.91, -3.12, -2.95, -2.69, -2.31, -1.75, -0.94, -0.22, -0.91, -1.63, -2.2, -2.59, -3.01, -3.82, -3.75, -3.65, -3.58, -3.54, -3.51, -3.24, -3.15, -3.04, -2.88, -2.66, -2.37, -2.0, -1.62, -1.11, -1.43, -1.87, -2.26, -2.48, -3.68, -3.65, -3.59, -3.53, -3.48, -3.46, -3.45, -3.19, -3.11, -3.01, -2.88, -2.72, -2.53, -2.33, -0.83, -1.77, -1.96, -2.19, -2.41, -3.86, -3.56, -3.52, -3.46, -3.41, -3.38, -3.38, -3.39, -3.16, -3.09, -3.01, -0.91, -0.95, -1.02, -1.12, -1.26, -1.43, -1.52, -1.47, -2.35, -3.4, -3.48, -3.43, -3.36, -3.32, -3.3, -3.31, -3.34, -0.88, -0.9, -0.94, -0.99, -1.07, -1.19, -1.37, -1.64, -1.99, -2.16, -1.91, -2.57, -3.41, -3.34, -3.28, -3.3, -3.3, -3.2, -3.25, -3.3, -0.9, -0.94, -0.98, -1.04, -1.14, -1.28, -1.51, -1.89, -2.54, -3.08, -2.28, -2.5, -2.39, -3.35, -3.28, -3.22, -3.17, -3.1, -3.22, -3.28, -0.92, -0.95, -1.0, -1.07, -1.16, -1.3, -1.51, -1.86, -2.45, -2.94, -2.63, -2.27, -2.18, -3.35, -3.29, -2.54, -2.7, -2.73, -3.24, -3.28, -0.92, -0.96, -1.0, -1.06, -1.13, -1.24, -1.38, -1.56, -1.77, -1.77, -1.95, -1.82, -1.88, -1.75, -2.07, -2.32, -2.48, -2.55, -2.54, -2.5, -0.92, -0.95, -0.99, -1.03, -1.08, -1.13, -1.18, -1.2, -1.11, -1.25, -1.0, -1.15, -1.43, -1.67, -1.86, -2.11, -2.28, -2.37, -2.4, -2.39, -0.91, -0.94, -0.96, -0.99, -1.01, -1.02, -1.0, -0.91, -0.67, -0.44, 0.21, -0.63, -1.15, -1.49, -1.67, -1.93, -2.1, -2.21, -2.26, -2.28, -0.9, -0.92, -0.93, -0.94, -0.94, -0.93, -0.87, -0.74, -0.93, -0.39, -0.05, -0.58, -1.05, -1.38, -1.53, -1.78, -1.95, -2.07, -2.14, -2.18, -0.89, -0.9, -0.9, -0.9, -0.89, -0.86, -0.79, -0.68, -0.99, -0.72, -0.62, -0.81, -1.1, -1.36, -1.46, -1.68, -1.84, -1.96, -2.04, -2.09, -0.87, -0.88, -0.88, -0.87, -0.85, -0.82, -0.76, -1.28, -1.12, -0.98, -0.94, -1.03, -1.2, -1.38, -1.43, -1.61, -1.76, -1.87, -1.96, -2.01]}, {"header": {"refTime": "2023-09-03T05:00:00.000Z", "nx": 21, "ny": 33, "lo1": 113.509, "la1": 22.2235, "lo2": 113.5947, "la2": 22.1034, "dx": 0.0042850000000001385, "dy": 0.003753125000000024, "parameterCategory": 2, "parameterCategoryName": "Temperature", "parameterNumber": 3}, "data": [0.2, 0.2, 0.19, 0.39, 0.37, -0.17, -0.17, -0.16, -0.17, -0.03, -0.07, -0.11, -0.16, -0.17, -0.4, -0.38, -0.07, -0.05, -0.03, -0.02, 0.21, 0.2, 0.19, 0.18, 0.37, 0.35, -0.14, -0.12, -0.12, -0.02, -0.08, -0.14, -0.21, -0.21, -0.43, -0.11, -0.07, -0.04, -0.02, -0.01, 0.21, 0.21, 0.2, 0.19, 0.38, 0.35, 0.3, -0.09, -0.01, -0.01, -0.1, -0.2, -0.29, -0.28, -0.19, -0.12, -0.07, -0.03, -0.01, 0.0, 0.22, 0.21, 0.21, 0.2, 0.19, 0.37, 0.33, 0.27, 0.22, -0.0, -0.12, -0.31, -0.45, -0.14, -0.21, -0.11, -0.05, -0.01, 0.01, 0.02, 0.22, 0.22, 0.22, 0.21, 0.2, 0.4, 0.38, 0.37, 0.38, 0.05, -0.09, -0.22, -0.71, -0.24, -0.19, -0.08, -0.01, 0.02, 0.03, 0.03, 0.23, 0.23, 0.23, 0.22, 0.22, 0.21, 0.42, 0.43, 0.47, 0.56, 0.37, 0.04, -0.32, -0.12, -0.11, -0.02, 0.04, 0.06, 0.06, 0.05, 0.67, 0.24, 0.24, 0.24, 0.24, 0.23, 0.52, 0.43, 0.48, 0.84, 0.97, 0.54, 0.31, 0.25, 0.03, 0.05, 0.09, 0.1, 0.05, 0.03, 0.67, 0.66, 0.64, 0.49, 0.48, 0.51, 0.5, 0.44, 0.4, 0.86, 1.1, 1.07, 1.05, 0.52, 0.71, 0.55, 0.36, 0.29, 0.39, 0.47, 0.69, 0.67, 0.65, 0.63, 0.48, 0.48, 0.47, 0.48, 0.63, 0.82, 1.08, 1.03, 0.98, 1.0, 0.74, 0.61, 0.49, 0.43, 0.46, 0.49, 0.91, 0.89, 0.86, 0.64, 0.59, 0.47, 0.5, 0.53, 0.76, 0.81, 1.05, 1.01, 0.96, 0.99, 0.75, 0.66, 0.58, 0.53, 0.52, 0.53, 0.92, 0.9, 0.87, 0.82, 0.71, 0.4, 0.77, 0.93, 0.68, 0.85, 1.02, 1.02, 1.0, 1.01, 0.75, 0.68, 0.63, 0.59, 0.57, 0.57, 0.93, 0.92, 0.9, 0.87, 0.82, 0.8, 0.93, 1.0, 1.01, 1.11, 1.02, 0.98, 0.98, 1.02, 0.74, 0.7, 0.66, 0.13, 0.11, 0.1, 0.95, 0.94, 0.94, 0.95, 0.97, 1.06, 1.18, 1.1, 1.04, 1.04, 1.12, 0.99, 0.98, 0.46, 0.42, 0.1, 0.08, 0.07, 0.06, 0.06, 0.96, 0.97, 0.98, 1.0, 1.06, 1.19, 1.42, 1.19, 1.09, 1.06, 1.14, 0.45, 0.37, 0.29, 0.26, -0.0, -0.01, -0.0, 0.01, 0.02, 0.98, 0.99, 1.0, 1.03, 1.08, 1.16, 1.21, 1.0, 0.88, 0.8, 0.75, -0.05, 0.22, 0.13, 0.06, -0.13, -0.11, -0.08, -0.05, -0.03, 0.99, 1.0, 0.61, 0.64, 0.67, 0.87, 0.85, 0.78, 0.7, 0.65, -0.08, -0.16, -0.26, -0.37, -0.4, 0.13, 0.27, 0.4, 0.32, 0.39, 0.54, 0.55, 0.56, 0.56, 0.72, 0.69, 0.61, 0.51, 0.44, 0.45, -0.18, -0.25, -0.35, -0.47, -0.38, -0.42, -0.3, -0.21, -0.14, -0.11, 0.51, 0.51, 0.5, 0.49, 0.61, 0.53, 0.39, 0.21, 0.11, -0.13, -0.14, -0.3, -0.4, -0.39, -0.71, -0.45, -0.28, -0.17, -0.11, -0.07, 0.49, 0.48, 0.46, 0.59, 0.52, 0.41, 0.23, -0.06, -0.39, -0.23, -0.61, -0.65, -0.12, -0.25, -0.47, -0.34, -0.2, -0.1, -0.05, -0.03, 0.46, 0.44, 0.11, 0.08, 0.04, -0.03, -0.13, -0.25, -0.53, -0.57, -0.61, -0.65, 0.02, 0.01, -0.23, -0.15, -0.06, 0.0, 0.02, 0.02, 0.1, 0.08, 0.06, 0.02, -0.03, -0.09, -0.15, -0.22, -0.58, -0.6, -0.63, -0.65, 0.18, -0.08, -0.03, 0.05, 0.12, 0.13, 0.1, 0.07, 0.06, 0.04, 0.01, -0.03, -0.08, -0.13, -0.18, -0.54, -0.62, -0.63, -0.65, -0.66, 0.24, 0.04, 0.13, 0.25, 0.34, 0.29, 0.18, 0.1, 0.03, 0.0, -0.03, -0.53, -0.53, -0.54, -0.55, -0.56, -0.57, -0.57, -0.57, 0.15, -0.01, 0.12, 0.24, 0.45, 0.68, 0.45, 0.19, 0.1, -0.52, -0.52, -0.52, -0.53, -0.53, -0.54, -0.56, -0.58, -0.6, -0.61, -0.59, 0.13, -0.05, 0.1, 0.26, 0.49, 1.39, 0.19, 0.05, 0.04, -0.52, -0.52, -0.52, -0.53, -0.53, -0.54, -0.56, -0.59, -0.64, -0.68, -0.62, 0.04, 0.32, 0.05, 0.16, 0.23, -0.07, -0.58, -0.13, -0.02, -0.51, -0.52, -0.52, -0.52, -0.53, -0.54, -0.55, -0.58, -0.63, -0.67, -0.26, -0.0, 0.25, -0.01, 0.06, 0.13, -0.03, -0.15, -0.11, -0.04, -0.51, -0.51, -0.52, -0.52, -0.52, -0.53, -0.54, -0.55, -0.56, -0.56, -0.17, -0.01, 0.19, 0.08, 0.1, 0.08, 0.02, -0.02, -0.0, 0.03, -0.51, -0.51, -0.51, -0.51, -0.51, -0.52, -0.52, -0.51, -0.5, -0.18, -0.14, -0.64, -0.74, -0.85, 0.06, 0.06, 0.04, 0.03, 0.03, 0.05, -0.51, -0.51, -0.51, -0.51, -0.51, -0.5, -0.5, -0.48, -0.45, -0.18, -0.38, -0.55, -0.69, -0.8, 0.03, 0.05, 0.05, 0.04, 0.05, 0.06, -0.5, -0.5, -0.5, -0.5, -0.5, -0.49, -0.48, -0.46, -0.58, -0.49, -0.44, -0.55, -0.67, -0.78, 0.02, 0.04, 0.04, 0.05, 0.05, 0.06, -0.5, -0.5, -0.5, -0.5, -0.49, -0.49, -0.47, -0.46, -0.61, -0.57, -0.56, -0.61, -0.69, -0.77, 0.01, 0.03, 0.04, 0.05, 0.06, 0.06, -0.5, -0.5, -0.5, -0.49, -0.49, -0.48, -0.47, -0.67, -0.65, -0.63, -0.63, -0.66, -0.72, -0.78, 0.01, 0.03, 0.04, 0.05, 0.06, 0.06]}, {"header": {"refTime": "2023-09-03T05:00:00.000Z", "nx": 21, "ny": 33, "lo1": 113.509, "la1": 22.2235, "lo2": 113.5947, "la2": 22.1034, "dx": 0.0042850000000001385, "dy": 0.003753125000000024, "parameterCategory": 0, "parameterCategoryName": "Temperature", "parameterNumber": 0}, "data": [[27.0, 26.99, 26.99, 26.76, 26.77, 26.97, 26.97, 26.98, 26.99, 26.93, 26.93, 26.94, 27.08, 27.08, 27.11, 27.11, 27.11, 27.11, 27.11, 27.11], [27.0, 26.99, 26.99, 26.99, 26.77, 26.79, 26.97, 26.98, 26.99, 26.94, 26.94, 26.94, 27.09, 27.09, 27.12, 27.11, 27.11, 27.11, 27.11, 27.11], [27.0, 27.0, 26.99, 26.99, 26.76, 26.78, 26.81, 26.98, 27.0, 26.95, 26.94, 26.96, 27.1, 27.1, 27.12, 27.11, 27.11, 27.11, 27.11, 27.1], [27.0, 27.0, 26.99, 26.99, 26.98, 26.77, 26.79, 26.84, 26.88, 26.93, 26.94, 26.98, 27.12, 27.0, 27.12, 27.11, 27.11, 27.11, 27.1, 27.1], [27.01, 27.0, 27.0, 26.99, 26.98, 26.74, 26.76, 26.77, 26.77, 26.88, 26.91, 27.0, 27.12, 27.02, 27.12, 27.11, 27.11, 27.1, 27.1, 27.1], [27.01, 27.01, 27.01, 27.0, 26.98, 26.96, 26.72, 26.71, 26.7, 26.66, 26.84, 26.95, 27.04, 27.13, 27.11, 27.11, 27.1, 27.1, 27.1, 27.1], [27.03, 27.02, 27.02, 27.01, 27.0, 26.97, 26.77, 26.68, 26.66, 26.62, 26.61, 26.85, 27.09, 27.1, 27.1, 27.1, 27.1, 27.1, 27.12, 27.12], [27.04, 27.05, 27.05, 27.04, 27.03, 26.86, 26.8, 26.73, 26.68, 26.6, 26.49, 26.82, 26.82, 27.1, 27.06, 27.05, 27.07, 27.08, 27.07, 27.06], [26.96, 26.97, 27.07, 27.08, 27.08, 27.06, 26.99, 26.78, 26.6, 26.64, 26.63, 26.72, 26.76, 26.7, 27.06, 27.05, 27.06, 27.07, 27.06, 27.06], [27.3, 27.3, 27.3, 27.02, 27.06, 27.16, 27.09, 26.99, 26.53, 26.55, 26.76, 26.66, 26.7, 26.68, 27.06, 27.04, 27.05, 27.06, 27.06, 27.05], [27.3, 27.3, 27.3, 27.3, 27.3, 27.3, 27.3, 27.3, 27.09, 26.6, 26.4, 26.63, 26.66, 26.66, 27.06, 27.04, 27.05, 27.05, 27.05, 27.05], [27.3, 27.3, 27.3, 27.3, 27.3, 27.3, 27.3, 27.3, 27.3, -999.0, 26.4, 27.0, 27.0, 26.64, 27.06, 27.04, 27.04, 26.36, 26.38, 26.38], [27.3, 27.3, 27.3, 27.3, 27.3, 27.3, 27.3, 27.3, 27.3, 27.3, -999.0, 27.0, 27.0, 26.22, 26.56, 26.63, 26.64, 26.48, 26.5, 26.51], [27.3, 27.3, 27.3, 27.3, 27.3, 27.3, 27.3, 27.3, 27.3, 27.3, -999.0, 25.8, 25.8, 25.8, 26.46, 26.52, 26.54, 26.38, 26.41, 26.44], [27.3, 27.3, 27.3, 27.3, 27.3, 27.3, 27.3, 27.0, 27.0, 27.0, 27.0, 26.54, 25.8, 25.8, 25.8, 26.4, 26.43, 26.28, 26.33, 26.37], [27.3, 27.3, 27.11, 27.11, 27.1, 27.0, 27.0, 27.0, 27.0, 27.0, 26.24, 26.33, 26.21, 26.12, 26.23, 26.24, 26.31, 26.19, 26.46, 26.51], [27.11, 27.11, 27.19, 27.19, 27.0, 27.0, 27.0, 27.0, 27.0, 27.0, 26.48, 26.34, 26.18, 26.03, 26.08, 26.03, 26.11, 26.17, 26.22, 26.25], [27.19, 27.19, 27.18, 27.18, 27.0, 27.0, 27.0, 27.0, 27.0, 26.7, 26.53, 26.35, 26.17, 26.09, 25.84, 26.0, 26.12, 26.19, 26.24, 26.27], [27.19, 27.18, 27.18, 27.0, 27.0, 27.0, 27.0, 27.0, 26.89, 26.77, 26.62, 26.47, 26.35, 26.18, 25.99, 26.07, 26.17, 26.23, 26.27, 26.29], [27.18, 27.18, 26.89, 26.89, 26.9, 26.91, 26.93, 26.97, 26.87, 26.76, 26.63, 26.5, 26.43, 26.33, 26.14, 26.19, 26.25, 26.3, 26.32, 26.33], [26.88, 26.88, 26.88, 26.92, 26.92, 26.93, 26.93, 26.94, 26.77, 26.71, 26.63, 26.54, 26.5, 26.24, 26.26, 26.31, 26.35, 26.37, 26.37, 26.37], [26.91, 26.91, 26.91, 26.91, 26.91, 26.91, 26.92, 26.91, 26.72, 26.69, 26.64, 26.57, 26.51, 26.31, 26.36, 26.41, 26.45, 26.45, 26.42, 26.4], [26.9, 26.9, 26.9, 26.9, 26.9, 26.9, 26.9, 26.89, 26.89, 26.88, 26.88, 26.91, 26.66, 26.37, 26.42, 26.5, 26.58, 26.53, 26.45, 26.42], [26.9, 26.9, 26.9, 26.9, 26.89, 26.89, 26.88, 26.87, 26.86, 26.86, 26.86, 26.87, 26.66, 26.64, 26.63, 26.53, 26.77, 26.5, 26.44, 26.42], [26.9, 26.9, 26.89, 26.89, 26.89, 26.88, 26.88, 26.86, 26.84, 26.82, 26.85, 26.87, 26.89, 26.64, 26.61, 26.59, 26.44, 26.33, 26.41, 26.41], [26.9, 26.89, 26.89, 26.89, 26.89, 26.88, 26.87, 26.86, 26.84, 26.83, 26.85, 26.87, 26.89, 26.63, 26.6, 26.59, 26.53, 26.5, 26.4, 26.4], [26.89, 26.89, 26.89, 26.89, 26.88, 26.88, 26.87, 26.87, 26.86, 26.86, 26.87, 26.88, 26.89, 26.67, 26.64, 26.6, 26.57, 26.55, 26.55, 26.57], [26.89, 26.89, 26.89, 26.89, 26.88, 26.88, 26.88, 26.87, 26.87, 26.88, 26.88, 26.75, 26.7, 26.64, 26.65, 26.62, 26.6, 26.58, 26.58, 26.58], [26.89, 26.89, 26.89, 26.89, 26.88, 26.88, 26.88, 26.88, 26.88, 26.89, 26.86, 26.79, 26.72, 26.66, 26.67, 26.64, 26.62, 26.61, 26.6, 26.6], [26.89, 26.89, 26.89, 26.89, 26.89, 26.88, 26.88, 26.88, 26.78, 26.81, 26.84, 26.78, 26.73, 26.67, 26.68, 26.66, 26.64, 26.62, 26.62, 26.61], [26.89, 26.89, 26.89, 26.89, 26.89, 26.88, 26.88, 26.88, 26.76, 26.78, 26.78, 26.76, 26.72, 26.68, 26.69, 26.67, 26.65, 26.64, 26.63, 26.63], [26.89, 26.89, 26.89, 26.89, 26.89, 26.89, 26.89, 26.74, 26.75, 26.75, 26.75, 26.73, 26.7, 26.67, 26.7, 26.68, 26.66, 26.65, 26.64, 26.64]]}]