gis_exercise/awsData/contour/wdir_2023083116.json
[{"header": {"refTime": "2023-08-31T16:00:00.000Z", "nx": 21, "ny": 33, "lo1": 113.509, "la1": 22.2235, "lo2": 113.5947, "la2": 22.1034, "dx": 0.0042850000000001385, "dy": 0.003753125000000024, "parameterCategory": 2, "parameterCategoryName": "Temperature", "parameterNumber": 2}, "data": [-0.06, -0.07, -0.08, 0.21, 0.17, 0.08, 0.04, -0.01, -0.01, 0.18, 0.3, 0.4, 0.1, 0.13, 0.04, 0.01, 0.01, -0.03, -0.06, -0.08, -0.05, -0.06, -0.07, -0.09, 0.18, 0.12, -0.0, -0.1, -0.15, 0.08, 0.28, 0.43, 0.16, 0.19, 0.08, 0.05, -0.01, -0.05, -0.08, -0.1, -0.04, -0.05, -0.06, -0.07, 0.19, 0.13, 0.04, -0.17, -0.43, -0.0, 0.31, 0.5, 0.25, 0.27, 0.15, 0.05, -0.03, -0.09, -0.12, -0.14, -0.03, -0.03, -0.04, -0.05, -0.07, 0.18, 0.1, -0.03, -0.15, 0.15, 0.42, 0.62, 0.42, 0.7, 0.17, 0.03, -0.08, -0.14, -0.17, -0.18, -0.02, -0.02, -0.02, -0.03, -0.03, 0.25, 0.22, 0.18, 0.18, 0.4, 0.58, 0.75, 0.87, 0.72, 0.15, -0.03, -0.16, -0.23, -0.24, -0.23, -0.01, -0.01, -0.0, -0.0, 0.0, 0.01, 0.33, 0.35, 0.4, 0.48, 0.68, 0.68, 0.73, 0.37, 0.07, -0.12, -0.29, -0.36, -0.33, -0.28, 0.29, 0.0, 0.01, 0.02, 0.03, 0.06, 0.53, 0.45, 0.51, 0.63, 0.64, 0.49, 0.1, 0.14, -0.04, -0.22, -0.46, -0.55, -0.38, -0.29, 0.29, 0.28, 0.28, 0.37, 0.37, 0.45, 0.5, 0.53, 0.5, 0.69, 0.94, 0.03, -0.13, -0.03, -0.45, -0.52, -0.61, -0.64, -0.59, -0.56, 0.28, 0.28, 0.27, 0.25, 0.33, 0.34, 0.39, 0.51, 0.73, 0.59, 0.37, 0.03, -0.13, -0.05, -0.43, -0.49, -0.55, -0.57, -0.56, -0.55, 0.39, 0.38, 0.36, 0.23, 0.2, 0.25, 0.34, 0.44, 0.8, 0.85, 0.2, 0.03, -0.11, -0.04, -0.42, -0.46, -0.51, -0.53, -0.53, -0.53, 0.4, 0.38, 0.36, 0.32, 0.25, 0.02, 0.32, 0.51, 0.57, 0.85, 0.55, 0.06, 0.0, 0.01, -0.42, -0.45, -0.48, -0.5, -0.51, -0.51, 0.4, 0.39, 0.37, 0.35, 0.31, 0.3, 0.42, 0.63, 0.72, 0.55, 0.59, 0.06, -0.01, 0.05, -0.42, -0.44, -0.47, -0.38, -0.38, -0.39, 0.41, 0.4, 0.4, 0.39, 0.39, 0.43, 0.49, 0.61, 0.68, 0.61, 0.45, 0.12, 0.05, -0.22, -0.21, -0.31, -0.32, -0.34, -0.35, -0.35, 0.42, 0.42, 0.42, 0.42, 0.43, 0.47, 0.5, 0.54, 0.58, 0.58, 0.47, 0.25, 0.19, 0.15, -0.18, -0.27, -0.28, -0.3, -0.31, -0.32, 0.43, 0.43, 0.43, 0.44, 0.45, 0.48, 0.5, 0.63, 0.66, 0.68, 0.68, 0.48, 0.19, 0.15, 0.12, -0.22, -0.24, -0.26, -0.28, -0.3, 0.44, 0.44, 0.37, 0.38, 0.39, 0.63, 0.63, 0.64, 0.65, 0.66, 0.51, 0.44, 0.37, 0.08, 0.06, -0.04, -0.04, -0.04, -0.17, -0.18, 0.37, 0.37, 0.38, 0.39, 0.63, 0.63, 0.63, 0.64, 0.64, 0.65, 0.48, 0.41, 0.32, 0.22, 0.08, -0.2, -0.27, -0.33, -0.37, -0.4, 0.38, 0.39, 0.39, 0.41, 0.64, 0.63, 0.63, 0.63, 0.63, 0.46, 0.4, 0.4, 0.3, 0.09, 0.01, -0.18, -0.28, -0.34, -0.39, -0.42, 0.39, 0.39, 0.4, 0.64, 0.64, 0.63, 0.63, 0.62, 0.57, 0.49, 0.46, 0.39, 0.18, 0.11, -0.16, -0.23, -0.31, -0.37, -0.42, -0.44, 0.39, 0.4, 0.62, 0.62, 0.62, 0.62, 0.62, 0.62, 0.57, 0.53, 0.48, 0.42, 0.19, 0.15, -0.28, -0.32, -0.37, -0.42, -0.45, -0.47, 0.63, 0.63, 0.63, 0.63, 0.63, 0.63, 0.63, 0.63, 0.55, 0.53, 0.5, 0.45, 0.2, -0.36, -0.37, -0.4, -0.43, -0.47, -0.49, -0.51, 0.63, 0.63, 0.64, 0.64, 0.64, 0.64, 0.65, 0.77, 0.57, 0.55, 0.53, 0.49, 0.28, -0.42, -0.44, -0.45, -0.47, -0.51, -0.54, -0.55, 0.64, 0.64, 0.64, 0.82, 0.81, 0.81, 0.8, 0.8, 0.8, 0.81, 0.82, 0.54, -0.13, -0.47, -0.48, -0.48, -0.45, -0.53, -0.6, -0.6, 0.84, 0.83, 0.83, 0.83, 0.83, 0.83, 0.82, 0.82, 0.82, 0.82, 0.83, 0.71, -0.1, -0.25, -0.37, -0.52, -0.27, -0.69, -0.69, -0.65, 0.84, 0.84, 0.84, 0.84, 0.84, 0.84, 0.84, 0.84, 0.83, 0.81, 0.84, 0.74, 0.68, -0.25, -0.39, -0.52, -0.79, -0.99, -0.77, -0.68, 0.85, 0.85, 0.85, 0.86, 0.86, 0.86, 0.86, 0.86, 0.84, 0.83, 0.8, 0.77, 0.72, -0.24, -0.38, -0.45, -0.61, -0.69, -0.74, -0.68, 0.86, 0.86, 0.87, 0.87, 0.87, 0.88, 0.88, 0.89, 0.89, 0.9, 0.85, 0.83, 0.77, -0.04, -0.21, -0.36, -0.47, -0.53, -0.51, -0.48, 0.87, 0.87, 0.87, 0.88, 0.89, 0.9, 0.91, 0.92, 0.95, 0.93, 0.95, 0.67, 0.49, 0.29, -0.11, -0.25, -0.35, -0.41, -0.42, -0.41, 0.87, 0.88, 0.88, 0.89, 0.9, 0.91, 0.93, 0.95, 0.99, 1.02, 1.04, 0.79, 0.56, 0.36, -0.02, -0.15, -0.25, -0.31, -0.34, -0.35, 0.88, 0.88, 0.89, 0.9, 0.91, 0.92, 0.94, 0.97, 0.76, 0.89, 0.96, 0.78, 0.58, 0.41, 0.05, -0.08, -0.17, -0.23, -0.27, -0.29, 0.88, 0.89, 0.9, 0.9, 0.91, 0.93, 0.95, 0.97, 0.71, 0.77, 0.78, 0.69, 0.56, 0.42, 0.09, -0.02, -0.11, -0.17, -0.21, -0.24, 0.89, 0.89, 0.9, 0.91, 0.92, 0.93, 0.95, 0.61, 0.65, 0.67, 0.66, 0.61, 0.51, 0.41, 0.11, 0.01, -0.07, -0.12, -0.17, -0.19]}, {"header": {"refTime": "2023-08-31T16:00:00.000Z", "nx": 21, "ny": 33, "lo1": 113.509, "la1": 22.2235, "lo2": 113.5947, "la2": 22.1034, "dx": 0.0042850000000001385, "dy": 0.003753125000000024, "parameterCategory": 2, "parameterCategoryName": "Temperature", "parameterNumber": 3}, "data": [-2.2, -2.18, -2.15, -1.72, -1.7, -1.3, -1.28, -1.25, -1.22, -0.92, -0.84, -0.77, -1.14, -1.14, -1.6, -1.74, -2.38, -2.49, -2.57, -2.63, -2.22, -2.2, -2.17, -2.12, -1.7, -1.67, -1.3, -1.27, -1.25, -0.98, -0.85, -0.73, -1.08, -1.08, -1.56, -2.25, -2.42, -2.55, -2.64, -2.7, -2.24, -2.22, -2.19, -2.15, -1.72, -1.69, -1.62, -1.3, -1.29, -1.03, -0.82, -0.65, -0.96, -0.99, -1.99, -2.27, -2.49, -2.65, -2.75, -2.79, -2.27, -2.25, -2.23, -2.2, -2.15, -1.73, -1.68, -1.59, -1.5, -0.96, -0.75, -0.51, -0.73, -0.87, -1.94, -2.33, -2.63, -2.82, -2.9, -2.91, -2.3, -2.29, -2.28, -2.25, -2.22, -1.79, -1.77, -1.73, -1.7, -0.88, -0.69, -0.74, -0.21, -0.76, -1.98, -2.49, -2.87, -3.07, -3.1, -3.06, -2.33, -2.33, -2.33, -2.32, -2.3, -2.28, -1.88, -1.9, -1.87, -1.78, -1.31, -1.05, -0.68, -1.43, -2.18, -2.75, -3.25, -3.46, -3.36, -3.21, -3.36, -2.37, -2.38, -2.38, -2.38, -2.38, -2.39, -2.1, -2.09, -2.16, -2.08, -1.67, -2.13, -2.06, -2.48, -3.02, -3.75, -4.02, -3.65, -3.41, -3.37, -3.35, -3.32, -3.04, -3.03, -2.46, -2.43, -2.46, -2.54, -2.08, -1.68, -2.79, -3.01, -2.55, -3.75, -3.96, -4.23, -4.33, -4.18, -4.09, -3.39, -3.37, -3.34, -3.3, -3.03, -3.02, -3.0, -2.43, -2.51, -2.22, -2.44, -2.9, -3.22, -3.07, -3.72, -3.89, -4.06, -4.13, -4.1, -4.05, -3.72, -3.69, -3.65, -3.32, -3.24, -3.02, -3.06, -3.1, -2.67, -2.53, -2.69, -2.98, -3.25, -3.09, -3.71, -3.83, -3.94, -4.0, -4.01, -3.99, -3.74, -3.71, -3.67, -3.59, -3.42, -2.94, -3.51, -3.73, -3.31, -2.81, -2.99, -2.92, -3.02, -3.01, -3.71, -3.8, -3.87, -3.92, -3.94, -3.95, -3.76, -3.74, -3.72, -3.67, -3.6, -3.55, -3.75, -3.84, -3.83, -3.98, -3.11, -3.54, -3.52, -2.93, -3.72, -3.78, -3.83, -3.79, -3.81, -3.81, -3.79, -3.78, -3.78, -3.79, -3.83, -3.97, -4.17, -3.99, -3.89, -3.89, -4.0, -3.55, -3.53, -3.26, -3.25, -3.65, -3.68, -3.7, -3.73, -3.74, -3.81, -3.82, -3.84, -3.88, -3.97, -4.18, -4.58, -4.17, -3.99, -3.94, -4.04, -3.47, -3.42, -3.38, -3.2, -3.55, -3.58, -3.62, -3.65, -3.67, -3.84, -3.85, -3.88, -3.92, -4.01, -4.13, -4.22, -4.03, -3.87, -3.77, -3.71, -3.08, -3.36, -3.31, -3.28, -3.44, -3.49, -3.53, -3.58, -3.61, -3.85, -3.87, -3.52, -3.57, -3.62, -3.9, -3.88, -3.79, -3.68, -3.62, -3.02, -3.01, -3.0, -2.94, -2.95, -3.15, -3.18, -3.21, -3.49, -3.53, -3.44, -3.46, -3.47, -3.49, -3.73, -3.69, -3.61, -3.49, -3.41, -3.41, -2.93, -2.95, -2.95, -2.94, -2.91, -3.08, -3.14, -3.19, -3.23, -3.25, -3.42, -3.42, -3.42, -3.41, -3.6, -3.51, -3.36, -3.16, -3.05, -2.99, -3.07, -2.9, -2.92, -2.9, -2.9, -3.06, -3.15, -3.2, -3.24, -3.27, -3.39, -3.39, -3.37, -3.57, -3.5, -3.38, -3.19, -2.87, -2.57, -2.84, -2.23, -2.27, -2.88, -2.91, -3.04, -3.11, -3.18, -3.24, -3.27, -3.29, -3.37, -3.35, -2.7, -2.68, -2.64, -2.59, -2.53, -2.48, -2.27, -2.19, -2.15, -2.19, -2.89, -2.93, -3.16, -3.2, -3.24, -3.28, -3.3, -3.31, -2.64, -2.63, -2.6, -2.56, -2.52, -2.46, -2.41, -2.37, -2.07, -2.05, -2.03, -2.07, -2.92, -3.23, -3.25, -3.28, -3.31, -3.33, -3.34, -3.34, -2.57, -2.54, -2.5, -2.45, -2.39, -2.33, -2.26, -1.61, -1.86, -1.85, -1.86, -1.92, -2.35, -3.29, -3.32, -3.35, -3.38, -3.39, -3.38, -3.37, -2.5, -2.46, -2.41, -1.5, -1.49, -1.48, -1.46, -1.42, -1.36, -1.32, -1.32, -1.91, -2.43, -3.33, -3.36, -3.4, -3.43, -3.43, -3.41, -3.4, -1.47, -1.47, -1.46, -1.45, -1.43, -1.39, -1.34, -1.25, -1.15, -1.09, -1.15, -1.51, -2.37, -2.68, -2.96, -3.43, -3.48, -3.47, -3.44, -3.41, -1.45, -1.44, -1.43, -1.41, -1.38, -1.33, -1.26, -1.14, -0.96, -0.81, -1.01, -1.43, -1.7, -2.64, -2.93, -3.16, -3.46, -3.47, -3.44, -3.42, -1.43, -1.42, -1.4, -1.38, -1.34, -1.29, -1.22, -1.12, -0.95, -0.83, -1.15, -1.41, -1.65, -2.6, -2.86, -3.17, -3.27, -3.3, -3.43, -3.41, -1.41, -1.4, -1.38, -1.36, -1.32, -1.28, -1.22, -1.16, -1.08, -1.06, -1.28, -1.43, -1.61, -2.73, -2.92, -3.06, -3.15, -3.19, -3.18, -3.16, -1.4, -1.39, -1.37, -1.34, -1.32, -1.28, -1.24, -1.21, -1.19, -1.32, -1.37, -1.45, -1.59, -1.77, -2.8, -2.94, -3.03, -3.08, -3.1, -3.1, -1.39, -1.38, -1.36, -1.34, -1.32, -1.29, -1.27, -1.25, -1.25, -1.37, -1.38, -1.46, -1.58, -1.72, -2.69, -2.84, -2.93, -2.99, -3.02, -3.03, -1.39, -1.37, -1.36, -1.34, -1.32, -1.3, -1.28, -1.28, -1.41, -1.41, -1.41, -1.48, -1.58, -1.7, -2.62, -2.75, -2.85, -2.92, -2.96, -2.98, -1.38, -1.37, -1.36, -1.34, -1.32, -1.31, -1.3, -1.29, -1.45, -1.45, -1.47, -1.52, -1.6, -1.7, -2.58, -2.7, -2.79, -2.85, -2.9, -2.93, -1.38, -1.37, -1.36, -1.34, -1.33, -1.32, -1.31, -1.49, -1.49, -1.5, -1.52, -1.56, -1.62, -1.7, -2.56, -2.66, -2.74, -2.81, -2.85, -2.88]}, {"header": {"refTime": "2023-08-31T16:00:00.000Z", "nx": 21, "ny": 33, "lo1": 113.509, "la1": 22.2235, "lo2": 113.5947, "la2": 22.1034, "dx": 0.0042850000000001385, "dy": 0.003753125000000024, "parameterCategory": 0, "parameterCategoryName": "Temperature", "parameterNumber": 0}, "data": [[30.73, 30.72, 30.7, 30.38, 30.38, 30.71, 30.69, 30.67, 30.68, 30.62, 30.67, 30.73, 30.98, 31.01, 31.08, 31.1, 31.26, 31.25, 31.25, 31.24], [30.74, 30.73, 30.71, 30.69, 30.38, 30.38, 30.66, 30.62, 30.6, 30.59, 30.68, 30.76, 31.02, 31.05, 31.11, 31.27, 31.26, 31.25, 31.25, 31.24], [30.75, 30.74, 30.72, 30.7, 30.39, 30.39, 30.39, 30.58, 30.45, 30.56, 30.69, 30.81, 31.08, 31.1, 31.29, 31.27, 31.26, 31.25, 31.24, 31.24], [30.76, 30.75, 30.74, 30.72, 30.69, 30.39, 30.39, 30.39, 30.39, 30.59, 30.74, 30.91, 31.19, 31.11, 31.29, 31.27, 31.25, 31.24, 31.24, 31.24], [30.78, 30.77, 30.76, 30.75, 30.72, 30.39, 30.4, 30.39, 30.38, 30.63, 30.76, 31.13, 31.34, 31.16, 31.29, 31.26, 31.24, 31.23, 31.23, 31.23], [30.8, 30.8, 30.79, 30.78, 30.76, 30.73, 30.41, 30.41, 30.39, 30.35, 30.83, 31.02, 31.2, 31.33, 31.27, 31.24, 31.23, 31.22, 31.22, 31.23], [30.99, 30.82, 30.82, 30.82, 30.8, 30.77, 30.65, 30.44, 30.43, 30.45, 30.43, 30.84, 31.22, 31.24, 31.24, 31.23, 31.21, 31.21, 31.26, 31.27], [31.0, 31.0, 31.01, 31.0, 30.99, 30.75, 30.69, 30.61, 30.57, 30.41, 30.25, 30.72, 30.73, 31.25, 31.13, 31.1, 31.15, 31.16, 31.14, 31.12], [30.9, 30.91, 31.03, 31.04, 31.05, 31.02, 30.94, 30.66, 30.44, 30.47, 30.45, 30.58, 30.64, 30.56, 31.12, 31.1, 31.12, 31.13, 31.13, 31.12], [31.3, 31.3, 31.3, 30.97, 31.02, 31.14, 31.06, 30.94, 30.32, 30.34, 30.65, 30.5, 30.54, 30.52, 31.12, 31.09, 31.1, 31.11, 31.11, 31.11], [31.3, 31.3, 31.3, 31.3, 31.3, 31.3, 31.3, 31.3, 31.05, 30.43, 30.1, 30.44, 30.48, 30.49, 31.12, 31.08, 31.09, 31.1, 31.1, 31.1], [31.3, 31.3, 31.3, 31.3, 31.3, 31.3, 31.3, 31.3, 31.3, -999.0, 30.1, 31.0, 31.0, 30.46, 31.12, 31.07, 31.08, 29.67, 29.7, 29.71], [31.3, 31.3, 31.3, 31.3, 31.3, 31.3, 31.3, 31.3, 31.3, 31.3, -999.0, 31.0, 31.0, 29.37, 30.09, 30.22, 30.24, 29.9, 29.95, 29.98], [31.3, 31.3, 31.3, 31.3, 31.3, 31.3, 31.3, 31.3, 31.3, 31.3, -999.0, 28.5, 28.5, 28.5, 29.87, 29.99, 30.04, 29.7, 29.77, 29.82], [31.3, 31.3, 31.3, 31.3, 31.3, 31.3, 31.3, 30.9, 30.9, 30.9, 30.9, 29.98, 28.5, 28.5, 28.5, 29.74, 29.82, 29.51, 29.6, 29.68], [31.3, 31.3, 31.05, 31.04, 31.04, 30.9, 30.9, 30.9, 30.9, 30.9, 29.39, 29.56, 29.33, 29.13, 29.36, 29.2, 29.3, 29.12, 29.72, 29.81], [31.04, 31.04, 31.16, 31.15, 30.9, 30.9, 30.9, 30.9, 30.9, 30.9, 29.87, 29.57, 29.26, 28.97, 29.0, 28.82, 28.94, 29.03, 29.09, 29.13], [31.16, 31.15, 31.15, 31.13, 30.9, 30.9, 30.9, 30.9, 30.9, 30.29, 29.97, 29.61, 29.23, 29.02, 28.57, 28.79, 28.95, 29.05, 29.12, 29.16], [31.15, 31.14, 31.13, 30.9, 30.9, 30.9, 30.9, 30.9, 30.68, 30.43, 30.21, 29.91, 29.5, 29.19, 28.77, 28.89, 29.02, 29.12, 29.17, 29.2], [31.14, 31.14, 30.9, 30.9, 30.9, 30.9, 30.9, 30.9, 30.67, 30.49, 30.25, 30.0, 29.64, 29.45, 28.99, 29.06, 29.14, 29.2, 29.23, 29.25], [30.9, 30.9, 30.9, 30.9, 30.9, 30.9, 30.9, 30.9, 30.53, 30.43, 30.28, 30.09, 29.77, 29.12, 29.16, 29.22, 29.29, 29.31, 29.31, 29.3], [30.9, 30.9, 30.9, 30.9, 30.9, 30.9, 30.9, 30.88, 30.48, 30.42, 30.32, 30.18, 29.89, 29.23, 29.3, 29.38, 29.44, 29.43, 29.38, 29.34], [30.9, 30.9, 30.9, 30.87, 30.88, 30.88, 30.88, 30.88, 30.88, 30.88, 30.88, 30.77, 30.08, 29.31, 29.39, 29.51, 29.64, 29.54, 29.42, 29.36], [30.87, 30.87, 30.87, 30.87, 30.87, 30.88, 30.88, 30.88, 30.88, 30.88, 30.88, 30.75, 30.11, 29.97, 29.87, 29.56, 29.98, 29.47, 29.38, 29.35], [30.87, 30.87, 30.87, 30.87, 30.87, 30.87, 30.87, 30.88, 30.88, 30.89, 30.88, 30.77, 30.72, 29.97, 29.85, 29.73, 29.36, 29.16, 29.31, 29.33], [30.87, 30.87, 30.87, 30.87, 30.87, 30.87, 30.87, 30.87, 30.88, 30.89, 30.81, 30.77, 30.73, 29.98, 29.85, 29.71, 29.57, 29.5, 29.31, 29.32], [30.87, 30.87, 30.87, 30.87, 30.87, 30.87, 30.87, 30.87, 30.87, 30.87, 30.8, 30.77, 30.74, 29.99, 29.87, 29.77, 29.68, 29.63, 29.64, 29.68], [30.87, 30.87, 30.87, 30.86, 30.86, 30.86, 30.86, 30.86, 30.85, 30.79, 30.79, 30.52, 30.38, 30.22, 29.94, 29.84, 29.77, 29.73, 29.72, 29.73], [30.86, 30.86, 30.86, 30.86, 30.86, 30.86, 30.86, 30.85, 30.84, 30.79, 30.73, 30.57, 30.42, 30.27, 30.0, 29.91, 29.84, 29.8, 29.78, 29.77], [30.86, 30.86, 30.86, 30.86, 30.86, 30.86, 30.85, 30.85, 30.58, 30.64, 30.68, 30.56, 30.43, 30.3, 30.05, 29.96, 29.89, 29.85, 29.83, 29.81], [30.86, 30.86, 30.86, 30.86, 30.86, 30.86, 30.85, 30.85, 30.54, 30.57, 30.57, 30.5, 30.41, 30.3, 30.07, 30.0, 29.94, 29.9, 29.87, 29.85], [30.86, 30.86, 30.86, 30.86, 30.86, 30.85, 30.85, 30.48, 30.5, 30.5, 30.49, 30.45, 30.38, 30.3, 30.08, 30.02, 29.97, 29.93, 29.9, 29.88]]}]