gis_exercise/awsData/contour/wdir_2023091120.json
[{"header": {"refTime": "2023-09-11T20:00:00.000Z", "nx": 21, "ny": 33, "lo1": 113.509, "la1": 22.2235, "lo2": 113.5947, "la2": 22.1034, "dx": 0.0042850000000001385, "dy": 0.003753125000000024, "parameterCategory": 2, "parameterCategoryName": "Temperature", "parameterNumber": 2}, "data": [-1.63, -1.61, -1.58, -1.42, -1.4, -1.69, -1.65, -1.61, -1.61, -1.69, -1.82, -1.94, -2.4, -2.47, -3.52, -3.69, -4.45, -4.53, -4.6, -4.64, -1.64, -1.62, -1.6, -1.57, -1.4, -1.37, -1.6, -1.49, -1.44, -1.58, -1.81, -1.99, -2.47, -2.54, -3.58, -4.36, -4.5, -4.6, -4.67, -4.71, -1.66, -1.64, -1.62, -1.59, -1.42, -1.38, -1.32, -1.4, -1.1, -1.5, -1.85, -2.1, -2.58, -2.64, -4.19, -4.39, -4.57, -4.71, -4.78, -4.81, -1.68, -1.67, -1.65, -1.62, -1.58, -1.41, -1.36, -1.28, -1.21, -1.63, -1.97, -2.29, -2.76, -2.91, -4.17, -4.46, -4.71, -4.86, -4.93, -4.93, -1.7, -1.7, -1.68, -1.66, -1.63, -1.46, -1.44, -1.41, -1.4, -1.83, -2.1, -2.9, -3.05, -2.95, -4.18, -4.59, -4.93, -5.12, -5.14, -5.08, -1.73, -1.73, -1.72, -1.71, -1.69, -1.66, -1.52, -1.53, -1.55, -1.56, -2.65, -2.84, -2.97, -3.54, -4.27, -4.79, -5.3, -5.51, -5.4, -5.23, -2.77, -1.76, -1.77, -1.77, -1.76, -1.74, -1.91, -1.63, -1.65, -2.07, -2.15, -2.74, -3.61, -3.68, -4.38, -5.0, -5.81, -6.12, -5.89, -5.66, -2.79, -2.76, -2.73, -2.88, -2.83, -1.97, -1.92, -1.85, -1.87, -2.02, -1.94, -3.2, -3.44, -3.84, -4.93, -5.42, -6.01, -6.22, -5.9, -5.69, -2.81, -2.79, -2.75, -2.71, -2.84, -2.81, -2.77, -1.9, -2.39, -2.09, -3.0, -3.54, -4.09, -3.83, -4.9, -5.26, -5.62, -5.78, -5.71, -5.6, -3.81, -3.76, -3.68, -2.74, -2.65, -2.75, -2.91, -3.07, -2.95, -2.83, -3.34, -3.78, -4.25, -3.92, -4.89, -5.14, -5.37, -5.5, -5.52, -5.49, -3.83, -3.77, -3.69, -3.55, -3.26, -2.38, -3.52, -4.17, -3.75, -3.37, -4.12, -3.68, -3.84, -3.79, -4.9, -5.06, -5.22, -5.33, -5.38, -5.38, -3.85, -3.81, -3.76, -3.66, -3.52, -3.45, -3.92, -4.58, -4.86, -5.07, -4.29, -4.59, -4.55, -3.68, -4.91, -5.02, -5.14, -4.91, -4.94, -4.94, -3.89, -3.87, -3.84, -3.82, -3.85, -4.01, -4.28, -4.58, -4.77, -4.56, -5.01, -4.64, -4.58, -3.63, -3.57, -4.54, -4.6, -4.66, -4.71, -4.74, -3.93, -3.92, -3.93, -3.95, -4.03, -4.21, -4.46, -4.44, -4.5, -4.47, -4.99, -4.28, -4.12, -3.98, -3.37, -4.24, -4.32, -4.4, -4.48, -4.55, -3.96, -3.97, -3.99, -4.03, -4.11, -4.22, -4.32, -3.94, -3.81, -3.68, -3.56, -2.7, -3.88, -3.71, -3.6, -3.89, -4.01, -4.15, -4.27, -4.37, -3.99, -4.01, -2.59, -2.65, -2.73, -3.56, -3.53, -3.41, -3.28, -3.21, -2.46, -2.44, -2.41, -2.3, -2.33, -2.83, -2.91, -2.97, -3.51, -3.61, -2.45, -2.47, -2.48, -2.48, -3.25, -3.15, -2.97, -2.74, -2.59, -2.64, -2.12, -2.22, -2.26, -2.25, -1.99, -2.22, -2.24, -2.25, -2.26, -2.26, -2.39, -2.38, -2.36, -2.31, -2.98, -2.76, -2.41, -1.94, -1.7, -1.42, -1.68, -2.04, -2.16, -1.96, -2.14, -2.21, -2.24, -2.26, -2.26, -2.27, -2.32, -2.29, -2.25, -2.94, -2.76, -2.47, -2.0, -1.23, -0.44, -1.1, -1.24, -1.52, -1.72, -1.92, -2.21, -2.23, -2.25, -2.27, -2.27, -2.28, -2.26, -2.22, -2.35, -2.26, -2.11, -1.9, -1.57, -1.11, -0.63, -0.97, -1.31, -1.55, -1.69, -1.86, -2.25, -2.26, -2.28, -2.28, -2.29, -2.28, -2.43, -2.38, -2.32, -2.23, -2.11, -1.94, -1.73, -1.52, -1.12, -1.27, -1.47, -1.63, -1.7, -2.27, -2.28, -2.29, -2.31, -2.31, -2.3, -2.29, -2.41, -2.37, -2.31, -2.24, -2.15, -2.05, -1.94, -1.33, -1.51, -1.6, -1.69, -1.76, -2.63, -2.29, -2.31, -2.33, -2.34, -2.33, -2.31, -2.29, -2.4, -2.37, -2.32, -1.48, -1.49, -1.51, -1.56, -1.63, -1.72, -1.78, -1.78, -2.09, -2.59, -2.3, -2.33, -2.37, -2.41, -2.36, -2.31, -2.29, -1.5, -1.51, -1.53, -1.55, -1.59, -1.64, -1.74, -1.88, -2.07, -2.16, -2.05, -2.53, -2.6, -2.53, -2.48, -2.37, -2.57, -2.3, -2.27, -2.27, -1.53, -1.55, -1.57, -1.61, -1.66, -1.73, -1.86, -2.05, -2.38, -2.64, -2.27, -2.51, -2.46, -2.53, -2.47, -2.41, -2.24, -2.13, -2.23, -2.26, -1.56, -1.58, -1.6, -1.64, -1.7, -1.78, -1.9, -2.08, -2.37, -2.6, -2.56, -2.43, -2.39, -2.54, -2.47, -2.15, -2.16, -2.14, -2.24, -2.25, -1.57, -1.6, -1.63, -1.67, -1.72, -1.78, -1.87, -1.98, -2.1, -2.12, -2.31, -2.26, -2.28, -1.97, -2.05, -2.1, -2.12, -2.13, -2.13, -2.13, -1.59, -1.61, -1.64, -1.67, -1.71, -1.76, -1.82, -1.86, -1.86, -2.06, -1.97, -1.91, -1.96, -1.98, -1.99, -2.05, -2.08, -2.1, -2.1, -2.1, -1.6, -1.62, -1.64, -1.67, -1.7, -1.73, -1.76, -1.76, -1.71, -1.77, -1.51, -1.75, -1.88, -1.94, -1.94, -2.0, -2.04, -2.06, -2.08, -2.08, -1.6, -1.62, -1.64, -1.66, -1.69, -1.71, -1.71, -1.7, -1.85, -1.69, -1.58, -1.72, -1.84, -1.91, -1.91, -1.97, -2.01, -2.03, -2.05, -2.06, -1.61, -1.62, -1.64, -1.66, -1.67, -1.68, -1.68, -1.67, -1.86, -1.78, -1.74, -1.79, -1.85, -1.9, -1.89, -1.94, -1.98, -2.01, -2.03, -2.04, -1.61, -1.62, -1.63, -1.65, -1.66, -1.66, -1.66, -1.94, -1.89, -1.85, -1.83, -1.84, -1.88, -1.91, -1.88, -1.93, -1.96, -1.99, -2.01, -2.02]}, {"header": {"refTime": "2023-09-11T20:00:00.000Z", "nx": 21, "ny": 33, "lo1": 113.509, "la1": 22.2235, "lo2": 113.5947, "la2": 22.1034, "dx": 0.0042850000000001385, "dy": 0.003753125000000024, "parameterCategory": 2, "parameterCategoryName": "Temperature", "parameterNumber": 3}, "data": [0.33, 0.33, 0.32, 0.56, 0.52, 0.55, 0.49, 0.44, 0.43, 0.42, 0.51, 0.61, 1.0, 1.07, 1.5, 1.61, 2.36, 2.42, 2.46, 2.48, 0.34, 0.33, 0.33, 0.31, 0.53, 0.47, 0.45, 0.34, 0.27, 0.33, 0.5, 0.63, 1.04, 1.11, 1.54, 2.3, 2.39, 2.45, 2.5, 2.52, 0.34, 0.34, 0.34, 0.33, 0.55, 0.49, 0.39, 0.26, -0.05, 0.27, 0.53, 0.7, 1.11, 1.17, 2.18, 2.31, 2.43, 2.51, 2.55, 2.57, 0.35, 0.35, 0.35, 0.35, 0.34, 0.54, 0.46, 0.33, 0.2, 0.38, 0.63, 0.82, 1.2, 1.44, 2.16, 2.35, 2.5, 2.59, 2.64, 2.64, 0.35, 0.36, 0.36, 0.37, 0.38, 0.63, 0.59, 0.55, 0.52, 0.57, 0.75, 1.41, 1.34, 1.43, 2.18, 2.43, 2.63, 2.73, 2.75, 2.72, 0.35, 0.36, 0.37, 0.38, 0.41, 0.45, 0.73, 0.75, 0.76, 0.76, 1.42, 1.45, 1.43, 1.77, 2.26, 2.56, 2.83, 2.95, 2.89, 2.8, 1.23, 0.36, 0.37, 0.39, 0.42, 0.49, 0.87, 0.94, 0.97, 1.33, 1.35, 1.57, 1.98, 1.96, 2.37, 2.69, 3.11, 3.26, 3.03, 2.89, 1.23, 1.2, 1.16, 1.22, 1.21, 0.71, 0.83, 1.03, 1.31, 1.28, 1.13, 1.97, 2.12, 2.1, 2.74, 2.96, 3.24, 3.34, 3.19, 3.09, 1.23, 1.19, 1.13, 1.06, 1.09, 1.12, 1.26, 0.9, 1.55, 1.36, 1.7, 2.02, 2.21, 2.12, 2.7, 2.88, 3.05, 3.13, 3.1, 3.04, 1.8, 1.73, 1.63, 1.01, 0.84, 0.82, 1.14, 1.49, 1.87, 1.77, 1.87, 2.05, 2.22, 2.12, 2.68, 2.81, 2.93, 2.99, 3.01, 2.99, 1.82, 1.75, 1.66, 1.49, 1.12, 0.06, 1.42, 2.15, 2.04, 2.11, 2.27, 2.01, 2.08, 2.07, 2.68, 2.77, 2.85, 2.91, 2.94, 2.94, 1.85, 1.8, 1.74, 1.63, 1.45, 1.37, 1.91, 2.6, 2.87, 3.05, 2.42, 2.66, 2.61, 2.02, 2.69, 2.75, 2.81, 2.33, 2.35, 2.35, 1.9, 1.87, 1.85, 1.83, 1.87, 2.09, 2.45, 2.67, 2.81, 2.6, 2.97, 2.72, 2.66, 1.78, 1.73, 2.08, 2.11, 2.15, 2.19, 2.21, 1.95, 1.94, 1.95, 2.0, 2.11, 2.38, 2.79, 2.6, 2.59, 2.53, 2.97, 2.17, 2.01, 1.88, 1.55, 1.86, 1.91, 1.97, 2.03, 2.08, 1.99, 2.0, 2.03, 2.09, 2.2, 2.37, 2.5, 2.77, 2.73, 2.69, 2.64, 1.72, 1.82, 1.67, 1.57, 1.61, 1.7, 1.79, 1.88, 1.95, 2.03, 2.05, 1.55, 1.61, 1.7, 2.63, 2.62, 2.58, 2.54, 2.51, 1.71, 1.55, 1.37, 1.01, 0.95, 1.24, 1.36, 1.48, 1.89, 2.0, 1.49, 1.52, 1.56, 1.6, 2.52, 2.49, 2.42, 2.34, 2.29, 2.31, 1.57, 1.42, 1.21, 0.96, 0.78, 0.91, 1.09, 1.24, 1.34, 1.41, 1.5, 1.52, 1.55, 1.58, 2.42, 2.35, 2.22, 2.05, 1.96, 1.5, 1.41, 1.35, 1.12, 0.78, 0.44, 0.85, 1.11, 1.28, 1.39, 1.45, 1.5, 1.52, 1.54, 2.41, 2.35, 2.24, 2.07, 1.8, 1.43, 1.45, 0.87, 0.74, 1.11, 0.93, 0.81, 1.01, 1.23, 1.38, 1.47, 1.52, 1.5, 1.52, 1.57, 1.55, 1.53, 1.5, 1.46, 1.42, 1.16, 1.01, 0.85, 0.73, 1.24, 1.17, 1.16, 1.28, 1.42, 1.52, 1.57, 1.6, 1.52, 1.51, 1.49, 1.47, 1.44, 1.41, 1.37, 1.35, 0.95, 0.87, 0.78, 0.7, 1.38, 1.38, 1.44, 1.53, 1.63, 1.68, 1.69, 1.68, 1.47, 1.45, 1.43, 1.4, 1.36, 1.31, 1.27, 0.79, 0.77, 0.73, 0.69, 0.65, 1.11, 1.56, 1.65, 1.76, 1.85, 1.86, 1.81, 1.76, 1.43, 1.4, 1.37, 0.69, 0.69, 0.69, 0.67, 0.65, 0.61, 0.59, 0.58, 1.24, 1.42, 1.68, 1.79, 1.95, 2.11, 2.02, 1.89, 1.81, 0.66, 0.66, 0.66, 0.65, 0.64, 0.62, 0.59, 0.53, 0.47, 0.43, 0.46, 0.88, 1.37, 1.6, 1.81, 2.03, 2.48, 2.0, 1.88, 1.82, 0.64, 0.64, 0.63, 0.62, 0.6, 0.57, 0.52, 0.46, 0.35, 0.27, 0.37, 0.8, 1.04, 1.55, 1.75, 1.91, 1.9, 1.72, 1.83, 1.81, 0.63, 0.62, 0.61, 0.59, 0.57, 0.54, 0.49, 0.43, 0.34, 0.27, 0.54, 0.75, 0.97, 1.51, 1.68, 1.82, 1.83, 1.81, 1.81, 1.8, 0.61, 0.6, 0.59, 0.57, 0.55, 0.52, 0.48, 0.43, 0.39, 0.37, 0.6, 0.73, 0.91, 1.49, 1.63, 1.72, 1.76, 1.78, 1.78, 1.78, 0.6, 0.59, 0.57, 0.56, 0.53, 0.51, 0.48, 0.45, 0.42, 0.56, 0.58, 0.46, 0.52, 0.6, 1.53, 1.63, 1.69, 1.72, 1.73, 1.74, 0.59, 0.58, 0.56, 0.55, 0.53, 0.5, 0.48, 0.45, 0.43, 0.53, 0.4, 0.45, 0.51, 0.58, 1.45, 1.55, 1.62, 1.66, 1.69, 1.7, 0.58, 0.57, 0.56, 0.54, 0.52, 0.5, 0.48, 0.46, 0.44, 0.43, 0.42, 0.46, 0.51, 0.57, 1.39, 1.49, 1.56, 1.61, 1.64, 1.66, 0.58, 0.57, 0.55, 0.54, 0.52, 0.51, 0.49, 0.47, 0.46, 0.45, 0.46, 0.48, 0.52, 0.57, 1.36, 1.45, 1.52, 1.57, 1.6, 1.62, 0.57, 0.56, 0.55, 0.54, 0.53, 0.51, 0.5, 0.48, 0.47, 0.48, 0.48, 0.5, 0.53, 0.57, 1.34, 1.42, 1.48, 1.53, 1.57, 1.59]}, {"header": {"refTime": "2023-09-11T20:00:00.000Z", "nx": 21, "ny": 33, "lo1": 113.509, "la1": 22.2235, "lo2": 113.5947, "la2": 22.1034, "dx": 0.0042850000000001385, "dy": 0.003753125000000024, "parameterCategory": 0, "parameterCategoryName": "Temperature", "parameterNumber": 0}, "data": [[26.19, 26.19, 26.18, 25.95, 25.95, 26.22, 26.21, 26.21, 26.21, 26.11, 26.13, 26.14, 26.39, 26.41, 26.45, 26.46, 26.57, 26.57, 26.57, 26.57], [26.19, 26.19, 26.18, 26.18, 25.95, 25.97, 26.2, 26.19, 26.18, 26.11, 26.13, 26.16, 26.41, 26.43, 26.46, 26.57, 26.57, 26.57, 26.57, 26.57], [26.2, 26.19, 26.19, 26.18, 25.95, 25.96, 25.98, 26.17, 26.12, 26.11, 26.14, 26.19, 26.44, 26.45, 26.57, 26.57, 26.57, 26.58, 26.58, 26.58], [26.2, 26.2, 26.19, 26.19, 26.18, 25.96, 25.97, 26.0, 26.02, 26.1, 26.15, 26.24, 26.48, 26.36, 26.58, 26.58, 26.58, 26.58, 26.58, 26.58], [26.21, 26.2, 26.2, 26.19, 26.18, 25.95, 25.96, 25.96, 25.95, 26.07, 26.13, 26.37, 26.5, 26.39, 26.57, 26.58, 26.58, 26.58, 26.58, 26.58], [26.21, 26.21, 26.21, 26.2, 26.19, 26.18, 25.95, 25.94, 25.92, 25.87, 26.15, 26.3, 26.42, 26.57, 26.57, 26.58, 26.58, 26.58, 26.58, 26.58], [26.27, 26.22, 26.22, 26.22, 26.21, 26.2, 26.02, 25.96, 25.93, 25.9, 25.87, 26.2, 26.54, 26.55, 26.57, 26.58, 26.59, 26.59, 26.6, 26.6], [26.27, 26.27, 26.27, 26.27, 26.27, 26.08, 26.05, 26.04, 26.06, 25.86, 25.67, 26.19, 26.2, 26.55, 26.56, 26.55, 26.57, 26.58, 26.57, 26.56], [26.23, 26.23, 26.29, 26.29, 26.29, 26.28, 26.24, 26.04, 25.91, 25.93, 25.88, 26.03, 26.1, 26.01, 26.56, 26.55, 26.56, 26.57, 26.56, 26.56], [26.4, 26.4, 26.4, 26.26, 26.28, 26.33, 26.3, 26.24, 25.76, 25.79, 26.11, 25.94, 25.99, 25.97, 26.56, 26.54, 26.55, 26.56, 26.56, 26.55], [26.4, 26.4, 26.4, 26.4, 26.4, 26.4, 26.4, 26.4, 26.29, 25.89, 25.5, 25.88, 25.93, 25.93, 26.56, 26.54, 26.55, 26.55, 26.55, 26.55], [26.4, 26.4, 26.4, 26.4, 26.4, 26.4, 26.4, 26.4, 26.4, -999.0, 25.5, 26.5, 26.5, 25.9, 26.56, 26.54, 26.54, 25.92, 25.93, 25.94], [26.4, 26.4, 26.4, 26.4, 26.4, 26.4, 26.4, 26.4, 26.4, 26.4, -999.0, 26.5, 26.5, 25.78, 26.1, 26.16, 26.17, 26.02, 26.05, 26.06], [26.4, 26.4, 26.4, 26.4, 26.4, 26.4, 26.4, 26.4, 26.4, 26.4, -999.0, 25.4, 25.4, 25.4, 26.0, 26.06, 26.08, 25.93, 25.96, 25.99], [26.4, 26.4, 26.4, 26.4, 26.4, 26.4, 26.4, 26.5, 26.5, 26.5, 26.5, 26.08, 25.4, 25.4, 25.4, 25.95, 25.99, 25.85, 25.89, 25.93], [26.4, 26.4, 26.46, 26.46, 26.47, 26.5, 26.5, 26.5, 26.5, 26.5, 25.81, 25.89, 25.78, 25.69, 25.79, 25.66, 25.7, 25.63, 25.9, 25.94], [26.46, 26.46, 26.44, 26.44, 26.5, 26.5, 26.5, 26.5, 26.5, 26.5, 26.03, 25.89, 25.75, 25.61, 25.61, 25.58, 25.64, 25.69, 25.73, 25.75], [26.44, 26.44, 26.44, 26.44, 26.5, 26.5, 26.5, 26.5, 26.5, 26.22, 26.07, 25.91, 25.74, 25.62, 25.43, 25.56, 25.65, 25.71, 25.74, 25.77], [26.44, 26.44, 26.44, 26.5, 26.5, 26.5, 26.5, 26.5, 26.4, 26.29, 26.15, 26.01, 25.83, 25.69, 25.55, 25.61, 25.69, 25.74, 25.77, 25.79], [26.44, 26.44, 26.39, 26.39, 26.4, 26.41, 26.43, 26.47, 26.37, 26.28, 26.16, 26.04, 25.88, 25.8, 25.67, 25.7, 25.75, 25.79, 25.81, 25.82], [26.38, 26.38, 26.38, 26.42, 26.42, 26.43, 26.43, 26.44, 26.28, 26.23, 26.16, 26.07, 25.93, 25.74, 25.76, 25.79, 25.82, 25.84, 25.85, 25.85], [26.41, 26.41, 26.41, 26.41, 26.41, 26.41, 26.42, 26.47, 26.24, 26.21, 26.16, 26.1, 25.92, 25.8, 25.83, 25.86, 25.89, 25.9, 25.89, 25.87], [26.4, 26.4, 26.4, 26.48, 26.47, 26.47, 26.46, 26.45, 26.44, 26.44, 26.45, 26.31, 26.11, 25.84, 25.87, 25.92, 25.96, 25.95, 25.92, 25.9], [26.49, 26.48, 26.48, 26.48, 26.47, 26.47, 26.45, 26.44, 26.42, 26.41, 26.43, 26.35, 26.12, 26.09, 26.06, 25.95, 26.04, 25.97, 25.93, 25.91], [26.49, 26.49, 26.48, 26.48, 26.47, 26.47, 26.45, 26.43, 26.39, 26.35, 26.41, 26.36, 26.35, 26.09, 26.06, 26.04, 25.95, 25.93, 25.93, 25.91], [26.49, 26.49, 26.49, 26.48, 26.48, 26.47, 26.46, 26.44, 26.4, 26.36, 26.38, 26.39, 26.38, 26.09, 26.07, 26.1, 26.06, 26.05, 25.92, 25.91], [26.49, 26.49, 26.49, 26.49, 26.48, 26.48, 26.47, 26.47, 26.45, 26.46, 26.43, 26.43, 26.41, 26.25, 26.19, 26.14, 26.11, 26.09, 26.09, 26.1], [26.49, 26.49, 26.49, 26.49, 26.49, 26.49, 26.49, 26.5, 26.51, 26.5, 26.52, 26.46, 26.41, 26.35, 26.23, 26.18, 26.15, 26.13, 26.12, 26.12], [26.5, 26.5, 26.5, 26.5, 26.5, 26.5, 26.51, 26.52, 26.55, 26.58, 26.63, 26.52, 26.44, 26.38, 26.26, 26.21, 26.18, 26.16, 26.15, 26.15], [26.5, 26.5, 26.5, 26.5, 26.51, 26.51, 26.52, 26.54, 26.5, 26.56, 26.6, 26.53, 26.45, 26.39, 26.29, 26.24, 26.21, 26.19, 26.17, 26.17], [26.5, 26.5, 26.51, 26.51, 26.51, 26.52, 26.53, 26.54, 26.48, 26.51, 26.52, 26.49, 26.44, 26.4, 26.3, 26.26, 26.23, 26.21, 26.19, 26.18], [26.5, 26.51, 26.51, 26.51, 26.52, 26.52, 26.53, 26.44, 26.46, 26.48, 26.48, 26.46, 26.43, 26.39, 26.31, 26.27, 26.24, 26.22, 26.21, 26.2]]}]