gis_exercise/awsData/contour/wdir_2023091005.json
[{"header": {"refTime": "2023-09-10T05:00:00.000Z", "nx": 21, "ny": 33, "lo1": 113.509, "la1": 22.2235, "lo2": 113.5947, "la2": 22.1034, "dx": 0.0042850000000001385, "dy": 0.003753125000000024, "parameterCategory": 2, "parameterCategoryName": "Temperature", "parameterNumber": 2}, "data": [-1.96, -1.97, -1.98, -2.37, -2.34, -2.66, -2.6, -2.55, -2.55, -2.59, -2.72, -2.85, -3.01, -3.07, -4.9, -5.13, -5.59, -5.72, -5.81, -5.87, -1.96, -1.97, -1.98, -1.99, -2.35, -2.31, -2.55, -2.43, -2.37, -2.48, -2.71, -2.91, -3.09, -3.15, -4.97, -5.47, -5.67, -5.82, -5.93, -5.98, -1.95, -1.96, -1.97, -1.99, -2.36, -2.32, -2.25, -2.33, -1.99, -2.39, -2.76, -3.02, -3.22, -3.26, -5.24, -5.53, -5.79, -5.99, -6.09, -6.13, -1.95, -1.96, -1.97, -1.99, -2.01, -2.36, -2.3, -2.21, -2.12, -2.53, -2.88, -3.22, -3.45, -3.55, -5.22, -5.63, -6.0, -6.24, -6.33, -6.32, -1.93, -1.94, -1.96, -1.98, -2.01, -2.42, -2.39, -2.36, -2.34, -2.74, -3.02, -3.6, -3.9, -3.61, -5.23, -5.82, -6.34, -6.63, -6.65, -6.55, -1.92, -1.93, -1.94, -1.96, -2.0, -2.06, -2.49, -2.51, -2.51, -2.51, -3.22, -3.43, -3.66, -4.48, -5.32, -6.12, -6.92, -7.26, -7.07, -6.79, -3.68, -1.9, -1.91, -1.93, -1.97, -2.06, -2.38, -2.64, -2.66, -2.77, -2.74, -3.13, -4.37, -4.6, -5.4, -6.42, -7.74, -8.23, -8.17, -7.88, -3.69, -3.61, -3.51, -3.19, -3.16, -2.16, -2.33, -2.59, -2.86, -2.76, -2.68, -3.68, -3.92, -4.85, -6.5, -7.24, -8.13, -8.46, -7.97, -7.65, -3.71, -3.62, -3.5, -3.33, -2.99, -3.01, -3.21, -2.41, -3.57, -2.78, -3.97, -4.59, -5.68, -5.16, -6.54, -7.05, -7.57, -7.81, -7.7, -7.53, -4.94, -4.8, -4.6, -3.28, -2.92, -2.55, -3.08, -3.66, -4.25, -4.08, -4.48, -5.21, -6.16, -5.43, -6.59, -6.89, -7.21, -7.4, -7.42, -7.36, -4.99, -4.86, -4.66, -4.3, -3.54, -1.32, -4.08, -5.45, -4.73, -4.77, -6.01, -5.04, -5.32, -5.21, -6.61, -6.8, -7.01, -7.15, -7.21, -7.21, -5.07, -4.98, -4.85, -4.63, -4.27, -4.08, -5.15, -6.24, -6.62, -7.53, -6.19, -6.17, -6.14, -5.0, -6.6, -6.74, -6.88, -6.84, -6.85, -6.84, -5.17, -5.14, -5.1, -5.09, -5.2, -5.73, -6.53, -6.57, -6.62, -6.33, -7.59, -6.21, -6.14, -4.67, -4.56, -6.33, -6.38, -6.45, -6.5, -6.54, -5.28, -5.29, -5.33, -5.45, -5.75, -6.44, -7.62, -6.75, -6.47, -6.29, -7.62, -5.93, -5.71, -5.5, -4.24, -5.82, -5.92, -6.04, -6.16, -6.25, -5.38, -5.42, -5.5, -5.66, -5.94, -6.35, -6.67, -6.69, -6.38, -6.15, -5.99, -3.97, -5.28, -5.0, -4.82, -5.24, -5.42, -5.63, -5.82, -5.97, -5.46, -5.51, -4.16, -4.32, -4.54, -6.26, -6.21, -6.01, -5.78, -5.64, -3.81, -3.65, -3.44, -3.34, -3.29, -3.95, -4.15, -4.34, -4.93, -5.12, -3.96, -4.01, -4.09, -4.17, -5.83, -5.71, -5.48, -5.16, -4.96, -4.98, -3.46, -3.38, -3.2, -2.95, -2.63, -2.86, -3.04, -3.18, -3.28, -3.35, -3.92, -3.95, -3.98, -4.0, -5.47, -5.2, -4.77, -4.19, -3.88, -3.29, -3.4, -3.19, -3.04, -2.61, -2.38, -2.8, -3.06, -3.23, -3.33, -3.39, -3.88, -3.89, -3.88, -5.4, -5.18, -4.84, -4.27, -3.33, -2.32, -2.93, -2.42, -2.47, -2.79, -2.73, -2.77, -2.96, -3.18, -3.32, -3.41, -3.46, -3.83, -3.83, -4.48, -4.37, -4.2, -3.94, -3.56, -3.05, -2.22, -2.36, -2.47, -2.53, -2.9, -2.95, -3.12, -3.23, -3.37, -3.47, -3.52, -3.53, -4.52, -4.46, -4.38, -4.26, -4.11, -3.9, -3.65, -3.4, -2.46, -2.52, -2.58, -2.61, -3.05, -3.33, -3.39, -3.5, -3.59, -3.64, -3.64, -3.61, -4.45, -4.39, -4.3, -4.2, -4.07, -3.92, -3.76, -2.49, -2.68, -2.71, -2.73, -2.72, -3.75, -3.51, -3.61, -3.74, -3.84, -3.82, -3.75, -3.68, -4.4, -4.33, -4.26, -2.48, -2.5, -2.53, -2.58, -2.64, -2.71, -2.75, -2.72, -3.65, -3.97, -3.63, -3.76, -3.95, -4.16, -4.01, -3.81, -3.72, -2.44, -2.46, -2.47, -2.5, -2.53, -2.58, -2.66, -2.78, -2.93, -3.0, -2.89, -3.55, -3.95, -4.0, -4.07, -4.03, -4.69, -3.9, -3.75, -3.71, -2.44, -2.46, -2.48, -2.51, -2.55, -2.61, -2.71, -2.87, -3.16, -3.4, -3.03, -3.45, -3.56, -3.98, -4.01, -4.03, -3.73, -3.41, -3.65, -3.68, -2.44, -2.46, -2.48, -2.5, -2.54, -2.59, -2.68, -2.83, -3.1, -3.32, -3.35, -3.3, -3.4, -3.95, -3.96, -3.57, -3.57, -3.52, -3.64, -3.66, -2.44, -2.45, -2.46, -2.48, -2.51, -2.55, -2.6, -2.68, -2.76, -2.75, -3.01, -3.03, -3.19, -3.08, -3.28, -3.42, -3.48, -3.49, -3.5, -3.49, -2.43, -2.44, -2.45, -2.46, -2.47, -2.49, -2.5, -2.49, -2.42, -2.6, -2.48, -2.28, -2.39, -2.47, -3.13, -3.28, -3.37, -3.41, -3.43, -3.44, -2.42, -2.42, -2.43, -2.43, -2.43, -2.42, -2.4, -2.33, -2.19, -2.14, -1.64, -2.03, -2.26, -2.39, -3.0, -3.16, -3.26, -3.33, -3.36, -3.38, -2.41, -2.41, -2.41, -2.4, -2.39, -2.37, -2.33, -2.25, -2.18, -1.92, -1.76, -2.0, -2.21, -2.34, -2.91, -3.07, -3.18, -3.25, -3.29, -3.32, -2.4, -2.39, -2.39, -2.38, -2.37, -2.34, -2.29, -2.22, -2.21, -2.08, -2.03, -2.11, -2.23, -2.33, -2.86, -3.0, -3.11, -3.18, -3.23, -3.27, -2.39, -2.38, -2.38, -2.36, -2.34, -2.32, -2.27, -2.34, -2.26, -2.19, -2.17, -2.2, -2.27, -2.34, -2.84, -2.96, -3.06, -3.13, -3.18, -3.22]}, {"header": {"refTime": "2023-09-10T05:00:00.000Z", "nx": 21, "ny": 33, "lo1": 113.509, "la1": 22.2235, "lo2": 113.5947, "la2": 22.1034, "dx": 0.0042850000000001385, "dy": 0.003753125000000024, "parameterCategory": 2, "parameterCategoryName": "Temperature", "parameterNumber": 3}, "data": [-0.46, -0.45, -0.44, 0.14, 0.12, 0.22, 0.18, 0.15, 0.15, 0.37, 0.49, 0.61, 0.75, 0.81, 0.65, 0.65, 1.05, 1.03, 1.01, 1.0, -0.47, -0.46, -0.44, -0.43, 0.12, 0.08, 0.14, 0.05, 0.01, 0.26, 0.47, 0.65, 0.81, 0.87, 0.7, 1.08, 1.04, 1.01, 0.99, 0.98, -0.48, -0.46, -0.45, -0.43, 0.13, 0.09, 0.02, -0.02, -0.27, 0.17, 0.51, 0.74, 0.91, 0.95, 1.13, 1.07, 1.02, 0.98, 0.96, 0.95, -0.49, -0.48, -0.46, -0.44, -0.42, 0.12, 0.07, -0.02, -0.1, 0.32, 0.64, 0.9, 1.08, 1.32, 1.14, 1.05, 0.98, 0.94, 0.92, 0.92, -0.5, -0.49, -0.48, -0.46, -0.43, 0.17, 0.14, 0.12, 0.12, 0.56, 0.78, 1.33, 1.43, 1.34, 1.13, 1.02, 0.93, 0.88, 0.87, 0.88, -0.52, -0.52, -0.5, -0.48, -0.45, -0.39, 0.21, 0.23, 0.27, 0.35, 1.2, 1.28, 1.36, 1.28, 1.1, 0.96, 0.83, 0.78, 0.8, 0.85, 0.05, -0.55, -0.54, -0.52, -0.49, -0.42, 0.02, 0.28, 0.33, 0.74, 0.86, 1.19, 1.2, 1.19, 1.05, 0.9, 0.7, 0.63, 0.69, 0.75, 0.04, 0.01, -0.03, -0.11, -0.11, -0.19, -0.05, 0.12, 0.34, 0.74, 0.92, 1.05, 1.05, 1.11, 0.82, 0.73, 0.62, 0.58, 0.64, 0.68, 0.04, -0.0, -0.06, -0.13, -0.23, -0.2, -0.05, 0.01, 0.63, 0.73, 0.98, 0.98, 0.93, 0.95, 0.83, 0.76, 0.69, 0.66, 0.67, 0.7, 0.41, 0.35, 0.26, -0.19, -0.36, -0.5, -0.2, 0.13, 0.85, 0.87, 0.96, 0.94, 0.89, 0.93, 0.83, 0.78, 0.74, 0.71, 0.71, 0.72, 0.43, 0.38, 0.29, 0.13, -0.21, -1.19, 0.04, 0.66, 0.55, 1.01, 1.09, 0.95, 0.93, 0.94, 0.83, 0.8, 0.77, 0.75, 0.74, 0.74, 0.47, 0.43, 0.37, 0.27, 0.11, 0.03, 0.51, 1.03, 1.22, 1.43, 1.15, 1.13, 1.09, 0.95, 0.83, 0.81, 0.78, 0.76, 0.76, 0.76, 0.51, 0.49, 0.48, 0.47, 0.51, 0.74, 1.09, 1.16, 1.21, 1.06, 1.38, 1.17, 1.13, 1.01, 1.02, 0.82, 0.81, 0.8, 0.79, 0.79, 0.56, 0.56, 0.58, 0.63, 0.75, 1.04, 1.53, 1.2, 1.1, 1.03, 1.4, 1.18, 1.15, 1.13, 1.03, 0.86, 0.85, 0.84, 0.82, 0.81, 0.6, 0.62, 0.65, 0.72, 0.84, 1.01, 1.15, 1.32, 1.23, 1.16, 1.11, 0.91, 1.16, 1.15, 1.14, 0.91, 0.89, 0.87, 0.85, 0.84, 0.64, 0.66, 0.24, 0.3, 0.39, 1.18, 1.16, 1.1, 1.04, 1.0, 0.81, 0.85, 0.9, 0.8, 0.85, 1.57, 1.65, 1.74, 1.72, 1.76, 0.17, 0.2, 0.23, 0.28, 1.05, 1.01, 0.94, 0.84, 0.78, 0.79, 0.7, 0.8, 0.89, 0.98, 1.29, 1.55, 1.7, 1.81, 1.88, 1.94, 0.17, 0.19, 0.22, 0.24, 0.94, 0.86, 0.72, 0.54, 0.45, 0.49, 0.65, 0.75, 0.88, 1.26, 1.17, 1.51, 1.71, 1.84, 1.93, 1.97, 0.17, 0.18, 0.2, 0.92, 0.85, 0.74, 0.57, 0.28, 0.01, 0.34, 0.13, 0.29, 1.28, 1.34, 1.48, 1.63, 1.81, 1.92, 1.99, 2.02, 0.16, 0.17, 0.33, 0.31, 0.27, 0.21, 0.13, 0.03, -0.08, -0.01, 0.09, 0.22, 1.37, 1.49, 1.76, 1.85, 1.97, 2.04, 2.08, 2.09, 0.31, 0.29, 0.27, 0.24, 0.2, 0.15, 0.09, 0.03, -0.06, -0.02, 0.04, 0.14, 1.49, 1.94, 1.99, 2.07, 2.15, 2.18, 2.17, 2.15, 0.27, 0.25, 0.22, 0.18, 0.14, 0.09, 0.04, -0.27, -0.1, -0.08, -0.03, 0.05, 1.43, 2.08, 2.17, 2.28, 2.36, 2.34, 2.26, 2.2, 0.23, 0.21, 0.18, -0.25, -0.26, -0.27, -0.29, -0.31, -0.33, -0.34, -0.33, 0.69, 1.36, 2.17, 2.29, 2.47, 2.66, 2.5, 2.3, 2.22, -0.24, -0.24, -0.25, -0.25, -0.27, -0.28, -0.31, -0.35, -0.39, -0.42, -0.38, 0.66, 1.28, 1.64, 1.98, 2.52, 3.2, 2.35, 2.22, 2.19, -0.23, -0.24, -0.25, -0.25, -0.27, -0.29, -0.32, -0.37, -0.47, -0.55, -0.42, 0.53, 0.95, 1.57, 1.89, 2.13, 2.17, 1.82, 2.11, 2.16, -0.23, -0.24, -0.24, -0.25, -0.26, -0.28, -0.31, -0.36, -0.44, -0.52, 0.09, 0.48, 0.85, 1.49, 1.77, 2.06, 2.03, 1.97, 2.11, 2.14, -0.23, -0.23, -0.24, -0.24, -0.25, -0.26, -0.28, -0.3, -0.33, -0.32, 0.25, 0.48, 0.77, 1.64, 1.81, 1.92, 1.96, 1.96, 1.97, 1.98, -0.22, -0.23, -0.23, -0.23, -0.23, -0.24, -0.24, -0.23, -0.21, 0.26, 0.32, 0.05, 0.1, 0.18, 1.68, 1.8, 1.87, 1.91, 1.92, 1.93, -0.22, -0.22, -0.22, -0.22, -0.22, -0.21, -0.2, -0.18, -0.12, 0.29, 0.13, 0.1, 0.12, 0.17, 1.57, 1.7, 1.79, 1.84, 1.87, 1.88, -0.22, -0.21, -0.21, -0.21, -0.21, -0.2, -0.18, -0.15, 0.05, 0.09, 0.13, 0.12, 0.13, 0.17, 1.49, 1.62, 1.71, 1.77, 1.81, 1.84, -0.21, -0.21, -0.21, -0.2, -0.19, -0.18, -0.16, -0.14, 0.06, 0.09, 0.11, 0.12, 0.14, 0.17, 1.45, 1.57, 1.66, 1.72, 1.76, 1.79, -0.21, -0.2, -0.2, -0.2, -0.19, -0.18, -0.16, 0.06, 0.07, 0.09, 0.11, 0.12, 0.14, 0.17, 1.43, 1.53, 1.61, 1.68, 1.72, 1.75]}, {"header": {"refTime": "2023-09-10T05:00:00.000Z", "nx": 21, "ny": 33, "lo1": 113.509, "la1": 22.2235, "lo2": 113.5947, "la2": 22.1034, "dx": 0.0042850000000001385, "dy": 0.003753125000000024, "parameterCategory": 0, "parameterCategoryName": "Temperature", "parameterNumber": 0}, "data": [[25.88, 25.87, 25.87, 25.6, 25.61, 25.86, 25.86, 25.85, 25.85, 25.75, 25.78, 25.8, 26.06, 26.08, 26.12, 26.13, 26.27, 26.27, 26.27, 26.27], [25.89, 25.88, 25.87, 25.86, 25.61, 25.61, 25.84, 25.82, 25.81, 25.75, 25.78, 25.82, 26.08, 26.1, 26.14, 26.27, 26.27, 26.27, 26.27, 26.27], [25.89, 25.88, 25.88, 25.86, 25.61, 25.61, 25.63, 25.8, 25.73, 25.74, 25.79, 25.85, 26.11, 26.13, 26.27, 26.27, 26.27, 26.28, 26.28, 26.28], [25.9, 25.89, 25.89, 25.87, 25.86, 25.61, 25.62, 25.63, 25.65, 25.74, 25.81, 25.91, 26.17, 26.06, 26.28, 26.28, 26.28, 26.28, 26.28, 26.28], [25.91, 25.9, 25.9, 25.89, 25.87, 25.61, 25.61, 25.61, 25.61, 25.73, 25.8, 26.07, 26.2, 26.09, 26.27, 26.28, 26.28, 26.28, 26.28, 26.28], [25.92, 25.92, 25.91, 25.91, 25.89, 25.88, 25.61, 25.61, 25.59, 25.54, 25.85, 26.0, 26.12, 26.27, 26.27, 26.28, 26.28, 26.28, 26.28, 26.28], [26.02, 25.93, 25.93, 25.93, 25.92, 25.9, 25.75, 25.64, 25.62, 25.6, 25.57, 25.9, 26.24, 26.25, 26.27, 26.28, 26.29, 26.29, 26.3, 26.3], [26.03, 26.03, 26.03, 26.03, 26.02, 25.82, 25.78, 25.75, 25.76, 25.56, 25.37, 25.89, 25.9, 26.25, 26.26, 26.25, 26.27, 26.28, 26.27, 26.26], [25.97, 25.98, 26.05, 26.05, 26.06, 26.04, 25.99, 25.76, 25.61, 25.63, 25.58, 25.73, 25.8, 25.71, 26.26, 26.25, 26.26, 26.27, 26.26, 26.26], [26.2, 26.2, 26.2, 26.01, 26.04, 26.11, 26.06, 25.99, 25.46, 25.49, 25.81, 25.64, 25.69, 25.67, 26.26, 26.24, 26.25, 26.26, 26.26, 26.25], [26.2, 26.2, 26.2, 26.2, 26.2, 26.2, 26.2, 26.2, 26.06, 25.59, 25.2, 25.58, 25.63, 25.63, 26.26, 26.24, 26.25, 26.25, 26.25, 26.25], [26.2, 26.2, 26.2, 26.2, 26.2, 26.2, 26.2, 26.2, 26.2, -999.0, 25.2, 26.2, 26.2, 25.6, 26.26, 26.24, 26.24, 25.67, 25.69, 25.69], [26.2, 26.2, 26.2, 26.2, 26.2, 26.2, 26.2, 26.2, 26.2, 26.2, -999.0, 26.2, 26.2, 25.55, 25.83, 25.9, 25.91, 25.77, 25.79, 25.8], [26.2, 26.2, 26.2, 26.2, 26.2, 26.2, 26.2, 26.2, 26.2, 26.2, -999.0, 25.2, 25.2, 25.2, 25.75, 25.81, 25.83, 25.69, 25.72, 25.74], [26.2, 26.2, 26.2, 26.2, 26.2, 26.2, 26.2, 26.1, 26.1, 26.1, 26.1, 25.75, 25.2, 25.2, 25.2, 25.7, 25.74, 25.61, 25.65, 25.68], [26.2, 26.2, 26.14, 26.14, 26.13, 26.1, 26.1, 26.1, 26.1, 26.1, 25.53, 25.6, 25.51, 25.44, 25.52, 25.53, 25.58, 25.49, 25.73, 25.77], [26.14, 26.14, 26.16, 26.16, 26.1, 26.1, 26.1, 26.1, 26.1, 26.1, 25.71, 25.6, 25.48, 25.38, 25.41, 25.42, 25.5, 25.57, 25.61, 25.64], [26.16, 26.16, 26.16, 26.16, 26.1, 26.1, 26.1, 26.1, 26.1, 25.87, 25.75, 25.62, 25.48, 25.41, 25.23, 25.4, 25.51, 25.58, 25.63, 25.66], [26.16, 26.16, 26.16, 26.1, 26.1, 26.1, 26.1, 26.1, 26.02, 25.92, 25.86, 25.75, 25.61, 25.49, 25.38, 25.47, 25.56, 25.62, 25.66, 25.69], [26.16, 26.16, 26.16, 26.15, 26.15, 26.15, 26.14, 26.12, 26.03, 25.96, 25.88, 25.79, 25.67, 25.6, 25.53, 25.58, 25.64, 25.68, 25.71, 25.72], [26.16, 26.16, 26.16, 26.14, 26.14, 26.14, 26.13, 26.13, 25.98, 25.95, 25.89, 25.83, 25.73, 25.62, 25.65, 25.69, 25.73, 25.75, 25.76, 25.76], [26.15, 26.15, 26.15, 26.14, 26.14, 26.14, 26.14, 26.15, 25.98, 25.96, 25.92, 25.87, 25.81, 25.7, 25.73, 25.78, 25.82, 25.82, 25.81, 25.79], [26.15, 26.15, 26.15, 26.16, 26.16, 26.16, 26.16, 26.16, 26.17, 26.17, 26.17, 26.14, 26.05, 25.75, 25.79, 25.85, 25.91, 25.89, 25.85, 25.82], [26.16, 26.16, 26.16, 26.17, 26.17, 26.17, 26.17, 26.17, 26.18, 26.18, 26.18, 26.18, 26.05, 26.03, 26.01, 25.89, 26.01, 25.91, 25.86, 25.83], [26.17, 26.17, 26.17, 26.17, 26.17, 26.17, 26.18, 26.18, 26.19, 26.19, 26.19, 26.18, 26.17, 26.03, 26.0, 25.98, 25.88, 25.85, 25.85, 25.83], [26.17, 26.17, 26.17, 26.17, 26.17, 26.18, 26.18, 26.18, 26.19, 26.19, 26.19, 26.18, 26.17, 26.03, 26.0, 25.98, 25.96, 25.94, 25.84, 25.83], [26.17, 26.17, 26.17, 26.17, 26.17, 26.18, 26.18, 26.18, 26.19, 26.19, 26.19, 26.18, 26.18, 26.04, 26.02, 25.99, 25.98, 25.97, 25.97, 25.98], [26.17, 26.17, 26.17, 26.17, 26.18, 26.18, 26.18, 26.18, 26.19, 26.19, 26.19, 26.14, 26.11, 26.08, 26.03, 26.01, 25.99, 25.99, 25.98, 25.99], [26.17, 26.17, 26.17, 26.18, 26.18, 26.18, 26.18, 26.19, 26.19, 26.19, 26.18, 26.15, 26.12, 26.09, 26.04, 26.02, 26.01, 26.0, 26.0, 26.0], [26.17, 26.17, 26.17, 26.18, 26.18, 26.18, 26.18, 26.19, 26.15, 26.17, 26.17, 26.15, 26.12, 26.1, 26.05, 26.03, 26.02, 26.01, 26.01, 26.0], [26.17, 26.17, 26.18, 26.18, 26.18, 26.18, 26.18, 26.18, 26.15, 26.15, 26.15, 26.14, 26.12, 26.1, 26.05, 26.04, 26.03, 26.02, 26.01, 26.01], [26.17, 26.17, 26.18, 26.18, 26.18, 26.18, 26.18, 26.13, 26.14, 26.14, 26.14, 26.13, 26.11, 26.1, 26.06, 26.04, 26.03, 26.03, 26.02, 26.02]]}]