gis_exercise/awsData/contour/wdir_2023090210.json
[{"header": {"refTime": "2023-09-02T10:00:00.000Z", "nx": 21, "ny": 33, "lo1": 113.509, "la1": 22.2235, "lo2": 113.5947, "la2": 22.1034, "dx": 0.0042850000000001385, "dy": 0.003753125000000024, "parameterCategory": 2, "parameterCategoryName": "Temperature", "parameterNumber": 2}, "data": [-4.37, -4.34, -4.31, -4.67, -4.59, -5.39, -5.23, -5.08, -5.07, -5.24, -5.65, -6.04, -6.13, -6.29, -10.07, -10.51, -11.37, -11.58, -11.73, -11.83, -4.39, -4.37, -4.33, -4.29, -4.6, -4.47, -5.06, -4.71, -4.52, -4.92, -5.62, -6.19, -6.37, -6.53, -10.26, -11.19, -11.52, -11.78, -11.95, -12.04, -4.41, -4.39, -4.37, -4.33, -4.65, -4.51, -4.29, -4.41, -3.38, -4.65, -5.74, -6.53, -6.78, -6.87, -10.82, -11.3, -11.75, -12.08, -12.26, -12.32, -4.43, -4.42, -4.41, -4.39, -4.35, -4.64, -4.45, -4.14, -3.85, -5.08, -6.13, -7.11, -7.49, -7.83, -10.8, -11.49, -12.12, -12.53, -12.69, -12.66, -4.46, -4.46, -4.46, -4.46, -4.45, -4.82, -4.75, -4.64, -4.59, -5.73, -6.55, -8.01, -8.95, -8.03, -10.82, -11.81, -12.73, -13.24, -13.28, -13.08, -4.48, -4.49, -4.5, -4.52, -4.55, -4.6, -5.06, -5.11, -5.14, -5.17, -6.9, -7.49, -8.18, -9.47, -10.88, -12.31, -13.78, -14.4, -14.04, -13.52, -8.57, -4.51, -4.53, -4.57, -4.62, -4.73, -5.59, -5.5, -5.59, -5.75, -5.64, -6.48, -8.8, -9.35, -10.9, -12.81, -15.28, -16.2, -16.26, -15.78, -8.61, -8.46, -8.27, -7.74, -7.65, -5.34, -5.53, -5.83, -6.07, -5.77, -5.7, -6.98, -7.36, -9.6, -12.52, -14.04, -15.85, -16.51, -15.53, -14.87, -8.68, -8.52, -8.29, -7.98, -7.41, -7.41, -7.65, -5.63, -7.77, -5.74, -7.87, -8.9, -11.04, -10.01, -12.61, -13.65, -14.72, -15.19, -14.97, -14.62, -11.45, -11.19, -10.81, -7.95, -7.3, -6.69, -7.62, -8.6, -9.31, -8.94, -8.81, -10.18, -12.06, -10.59, -12.73, -13.34, -13.98, -14.36, -14.41, -14.28, -11.54, -11.3, -10.92, -10.24, -8.79, -4.58, -9.84, -12.47, -10.82, -10.48, -12.59, -9.86, -10.4, -10.17, -12.77, -13.15, -13.56, -13.86, -13.98, -13.97, -11.7, -11.53, -11.27, -10.86, -10.17, -9.83, -11.86, -14.0, -14.77, -16.12, -13.08, -12.49, -12.31, -9.77, -12.75, -13.03, -13.32, -15.19, -15.24, -15.24, -11.9, -11.82, -11.75, -11.72, -11.93, -12.92, -14.43, -14.6, -14.74, -14.15, -16.1, -12.67, -12.41, -10.89, -10.84, -14.62, -14.71, -14.81, -14.89, -14.94, -12.1, -12.12, -12.19, -12.41, -12.97, -14.25, -16.42, -14.86, -14.38, -14.06, -16.17, -14.26, -14.01, -13.8, -10.81, -14.17, -14.29, -14.42, -14.55, -14.65, -12.29, -12.36, -12.51, -12.8, -13.32, -14.1, -14.7, -13.14, -12.23, -11.51, -10.98, -8.85, -13.66, -13.39, -13.23, -13.66, -13.84, -14.04, -14.23, -14.38, -12.43, -12.54, -7.56, -7.89, -8.31, -11.65, -11.48, -10.85, -10.15, -9.73, -7.71, -8.17, -8.69, -9.0, -9.38, -11.73, -11.78, -11.81, -12.64, -12.76, -6.91, -7.0, -7.09, -7.17, -10.24, -9.83, -9.06, -8.02, -7.35, -7.46, -6.53, -7.55, -8.53, -9.43, -9.35, -10.09, -9.74, -9.45, -9.25, -9.1, -6.65, -6.64, -6.6, -6.46, -9.04, -8.15, -6.7, -4.72, -3.7, -4.1, -5.76, -6.97, -8.35, -9.19, -10.85, -10.21, -9.71, -9.38, -9.16, -9.01, -6.39, -6.3, -6.14, -8.83, -8.1, -6.92, -4.99, -1.83, 1.07, -2.47, -3.12, -4.92, -7.15, -8.66, -10.29, -9.93, -9.52, -9.22, -9.02, -8.89, -6.16, -6.01, -6.59, -6.18, -5.57, -4.64, -3.27, -1.35, 0.31, -1.4, -3.22, -4.76, -6.78, -7.9, -9.66, -9.46, -9.2, -8.98, -8.83, -8.74, -6.84, -6.64, -6.36, -5.96, -5.43, -4.71, -3.81, -2.89, -1.78, -2.6, -3.72, -4.79, -6.56, -9.25, -9.19, -9.05, -8.88, -8.73, -8.62, -8.56, -6.7, -6.5, -6.23, -5.9, -5.49, -5.01, -4.52, -1.9, -3.27, -3.75, -4.36, -4.99, -9.56, -8.95, -8.85, -8.74, -8.63, -8.49, -8.39, -8.37, -6.6, -6.42, -6.2, -2.59, -2.6, -2.65, -2.77, -2.99, -3.29, -3.51, -3.53, -5.1, -7.57, -8.71, -8.62, -8.57, -8.61, -8.31, -8.14, -8.17, -2.75, -2.78, -2.82, -2.88, -2.98, -3.16, -3.45, -3.9, -4.48, -4.77, -4.47, -7.15, -7.54, -7.62, -7.73, -8.38, -9.14, -7.72, -7.78, -7.97, -2.89, -2.94, -3.01, -3.12, -3.28, -3.53, -3.91, -4.52, -5.47, -6.25, -5.21, -6.99, -7.2, -7.57, -7.62, -7.63, -7.39, -6.69, -7.52, -7.85, -3.0, -3.08, -3.17, -3.3, -3.49, -3.75, -4.13, -4.69, -5.53, -6.18, -6.77, -6.75, -6.95, -7.51, -7.51, -6.93, -6.86, -6.74, -7.61, -7.84, -3.1, -3.18, -3.29, -3.43, -3.61, -3.85, -4.16, -4.53, -4.91, -5.03, -6.3, -6.36, -6.63, -6.26, -6.54, -6.71, -6.76, -6.76, -6.77, -6.79, -3.18, -3.27, -3.37, -3.51, -3.67, -3.87, -4.09, -4.3, -4.44, -5.7, -5.53, -5.05, -5.15, -5.2, -6.32, -6.52, -6.62, -6.67, -6.7, -6.72, -3.24, -3.32, -3.43, -3.55, -3.69, -3.85, -4.0, -4.13, -4.17, -5.02, -4.23, -4.72, -4.98, -5.11, -6.14, -6.36, -6.49, -6.57, -6.62, -6.64, -3.28, -3.36, -3.46, -3.56, -3.68, -3.81, -3.92, -4.01, -4.94, -4.59, -4.38, -4.67, -4.92, -5.05, -6.02, -6.23, -6.38, -6.47, -6.53, -6.57, -3.31, -3.39, -3.47, -3.56, -3.66, -3.76, -3.85, -3.92, -4.95, -4.78, -4.71, -4.8, -4.94, -5.04, -5.95, -6.14, -6.29, -6.39, -6.46, -6.5, -3.33, -3.4, -3.47, -3.55, -3.64, -3.72, -3.79, -5.11, -5.01, -4.92, -4.88, -4.92, -4.99, -5.06, -5.92, -6.09, -6.22, -6.32, -6.39, -6.44]}, {"header": {"refTime": "2023-09-02T10:00:00.000Z", "nx": 21, "ny": 33, "lo1": 113.509, "la1": 22.2235, "lo2": 113.5947, "la2": 22.1034, "dx": 0.0042850000000001385, "dy": 0.003753125000000024, "parameterCategory": 2, "parameterCategoryName": "Temperature", "parameterNumber": 3}, "data": [-0.61, -0.56, -0.51, 0.76, 0.76, -0.43, -0.36, -0.3, -0.31, -0.03, -0.21, -0.39, -1.19, -1.28, -1.09, -1.06, -1.4, -1.33, -1.27, -1.24, -0.64, -0.6, -0.54, -0.46, 0.75, 0.75, -0.27, -0.12, -0.04, 0.08, -0.22, -0.5, -1.32, -1.42, -1.19, -1.48, -1.37, -1.29, -1.23, -1.19, -0.68, -0.64, -0.58, -0.5, 0.74, 0.74, 0.74, 0.03, 0.52, 0.17, -0.29, -0.7, -1.55, -1.61, -1.65, -1.47, -1.32, -1.22, -1.16, -1.13, -0.74, -0.7, -0.65, -0.57, -0.47, 0.72, 0.72, 0.73, 0.74, 0.06, -0.44, -1.05, -1.95, -1.6, -1.69, -1.43, -1.24, -1.11, -1.06, -1.05, -0.8, -0.77, -0.73, -0.67, -0.58, 0.7, 0.7, 0.71, 0.76, -0.02, -0.51, -1.69, -2.53, -1.78, -1.67, -1.33, -1.08, -0.95, -0.93, -0.95, -0.87, -0.86, -0.83, -0.79, -0.71, -0.61, 0.65, 0.64, 0.72, 0.89, -0.54, -1.25, -1.93, -1.75, -1.53, -1.16, -0.83, -0.7, -0.76, -0.85, -0.28, -0.96, -0.96, -0.94, -0.88, -0.78, -0.29, 0.48, 0.54, 0.69, 0.85, -0.5, -1.22, -1.22, -1.33, -0.98, -0.51, -0.34, -0.37, -0.48, -0.29, -0.35, -0.43, -0.84, -0.83, -0.67, -0.43, -0.18, -0.0, 0.81, 1.49, 0.2, -0.02, -0.77, -0.0, 0.01, 0.0, 0.0, 0.01, 0.01, -0.28, -0.36, -0.47, -0.61, -1.03, -0.98, -0.72, -0.33, 0.69, 0.6, 0.89, 0.45, 0.46, 0.46, 0.06, 0.03, 0.02, 0.01, 0.01, 0.01, 0.25, 0.15, -0.01, -0.7, -1.03, -1.46, -0.98, -0.45, 1.02, 1.14, 0.73, 0.61, 0.63, 0.55, 0.1, 0.06, 0.03, 0.02, 0.02, 0.02, 0.3, 0.2, 0.04, -0.24, -0.83, -2.57, -0.44, 0.56, 0.18, 1.25, 1.44, 0.64, 0.6, 0.58, 0.11, 0.07, 0.05, 0.03, 0.03, 0.02, 0.37, 0.3, 0.2, 0.03, -0.25, -0.4, 0.4, 1.12, 1.35, 1.81, 1.47, 0.62, 0.55, 0.6, 0.1, 0.07, 0.05, -0.18, -0.19, -0.21, 0.45, 0.43, 0.4, 0.4, 0.5, 0.94, 1.59, 1.46, 1.4, 1.22, 1.8, 0.69, 0.6, -0.37, -0.42, -0.24, -0.26, -0.27, -0.27, -0.27, 0.54, 0.55, 0.59, 0.69, 0.95, 1.54, 2.59, 1.72, 1.39, 1.24, 1.87, 0.44, 0.27, 0.13, -0.58, -0.4, -0.4, -0.38, -0.36, -0.35, 0.62, 0.65, 0.72, 0.86, 1.09, 1.45, 1.72, 1.41, 1.05, 0.79, 0.62, -0.97, 0.05, -0.12, -0.23, -0.6, -0.56, -0.51, -0.46, -0.42, 0.68, 0.73, -0.61, -0.48, -0.29, 0.97, 0.91, 0.68, 0.43, 0.28, -1.19, -1.22, -1.27, -1.48, -1.45, 0.26, 0.56, 0.85, 0.88, 1.05, -0.83, -0.78, -0.73, -0.68, 0.5, 0.38, 0.14, -0.19, -0.41, -0.4, -1.53, -1.44, -1.42, -1.44, -0.95, -0.48, -0.1, 0.19, 0.4, 0.53, -0.89, -0.87, -0.87, -0.88, 0.12, -0.15, -0.6, -1.2, -1.52, -1.78, -1.5, -1.62, -1.52, -1.01, -1.46, -0.59, -0.05, 0.29, 0.5, 0.63, -0.96, -0.97, -1.0, 0.05, -0.17, -0.53, -1.12, -2.09, -3.05, -2.21, -2.42, -2.16, -0.73, -0.75, -0.66, -0.26, 0.2, 0.5, 0.67, 0.76, -1.02, -1.05, -0.59, -0.72, -0.91, -1.2, -1.63, -2.22, -2.99, -2.67, -2.35, -2.13, -0.47, -0.27, 0.08, 0.32, 0.62, 0.81, 0.9, 0.92, -0.52, -0.59, -0.68, -0.8, -0.97, -1.2, -1.49, -1.77, -2.53, -2.39, -2.2, -2.05, -0.11, 0.54, 0.68, 0.91, 1.11, 1.19, 1.15, 1.09, -0.58, -0.65, -0.73, -0.84, -0.98, -1.14, -1.3, -1.61, -2.16, -2.08, -1.99, -1.93, 1.08, 0.91, 1.15, 1.46, 1.68, 1.61, 1.38, 1.22, -0.62, -0.68, -0.76, -1.15, -1.19, -1.22, -1.24, -1.23, -1.18, -1.11, -1.04, 0.19, 1.06, 1.17, 1.47, 1.96, 2.5, 2.03, 1.48, 1.26, -0.97, -0.99, -1.0, -1.01, -1.01, -1.01, -0.98, -0.94, -0.88, -0.83, -0.79, 1.52, 0.97, 1.33, 1.7, 2.1, 3.98, 1.61, 1.25, 1.19, -0.9, -0.89, -0.89, -0.87, -0.85, -0.82, -0.78, -0.73, -0.71, -0.71, -0.62, 1.35, 1.98, 1.21, 1.5, 1.69, 1.09, 0.11, 0.93, 1.08, -0.82, -0.8, -0.78, -0.75, -0.71, -0.66, -0.6, -0.55, -0.56, -0.6, 0.69, 1.35, 1.9, 1.1, 1.3, 1.72, 1.35, 1.11, 0.93, 1.03, -0.75, -0.72, -0.69, -0.64, -0.58, -0.51, -0.43, -0.34, -0.27, -0.17, 1.11, 1.49, 1.88, 1.85, 1.8, 1.69, 1.52, 1.42, 1.46, 1.55, -0.69, -0.65, -0.6, -0.54, -0.47, -0.37, -0.26, -0.1, 0.11, 1.34, 1.5, 0.47, 0.19, -0.09, 1.78, 1.71, 1.62, 1.57, 1.57, 1.6, -0.63, -0.59, -0.53, -0.46, -0.38, -0.26, -0.12, 0.09, 0.41, 1.62, 1.44, 0.82, 0.38, 0.06, 1.78, 1.73, 1.68, 1.65, 1.64, 1.65, -0.58, -0.53, -0.47, -0.4, -0.31, -0.19, -0.03, 0.19, 0.65, 1.02, 1.25, 0.85, 0.45, 0.15, 1.78, 1.75, 1.72, 1.69, 1.68, 1.69, -0.54, -0.49, -0.43, -0.35, -0.26, -0.14, 0.0, 0.19, 0.58, 0.76, 0.82, 0.66, 0.41, 0.17, 1.79, 1.76, 1.74, 1.73, 1.72, 1.72, -0.51, -0.46, -0.4, -0.32, -0.23, -0.13, -0.0, 0.36, 0.47, 0.56, 0.57, 0.48, 0.32, 0.15, 1.79, 1.78, 1.76, 1.75, 1.74, 1.74]}, {"header": {"refTime": "2023-09-02T10:00:00.000Z", "nx": 21, "ny": 33, "lo1": 113.509, "la1": 22.2235, "lo2": 113.5947, "la2": 22.1034, "dx": 0.0042850000000001385, "dy": 0.003753125000000024, "parameterCategory": 0, "parameterCategoryName": "Temperature", "parameterNumber": 0}, "data": [[26.15, 26.14, 26.14, 25.9, 25.9, 26.12, 26.11, 26.11, 26.11, 26.05, 26.07, 26.09, 26.29, 26.31, 26.32, 26.33, 26.44, 26.44, 26.43, 26.43], [26.15, 26.15, 26.14, 26.13, 25.9, 25.91, 26.1, 26.09, 26.08, 26.04, 26.07, 26.1, 26.31, 26.33, 26.33, 26.44, 26.44, 26.43, 26.43, 26.43], [26.16, 26.15, 26.14, 26.13, 25.9, 25.91, 25.92, 26.07, 26.02, 26.03, 26.08, 26.13, 26.34, 26.35, 26.45, 26.44, 26.44, 26.43, 26.43, 26.43], [26.17, 26.16, 26.15, 26.14, 26.13, 25.91, 25.92, 25.93, 25.95, 26.04, 26.09, 26.18, 26.38, 26.3, 26.45, 26.44, 26.43, 26.43, 26.43, 26.43], [26.18, 26.17, 26.16, 26.15, 26.14, 25.9, 25.9, 25.91, 25.9, 26.03, 26.09, 26.3, 26.42, 26.33, 26.45, 26.44, 26.43, 26.43, 26.42, 26.42], [26.19, 26.18, 26.18, 26.17, 26.16, 26.14, 25.9, 25.89, 25.88, 25.84, 26.13, 26.25, 26.35, 26.47, 26.44, 26.43, 26.42, 26.42, 26.42, 26.42], [26.28, 26.2, 26.2, 26.19, 26.18, 26.16, 26.02, 25.9, 25.89, 25.89, 25.88, 26.16, 26.44, 26.45, 26.43, 26.43, 26.41, 26.41, 26.42, 26.42], [26.29, 26.29, 26.29, 26.29, 26.28, 26.1, 26.05, 26.0, 25.98, 25.86, 25.73, 26.15, 26.16, 26.45, 26.4, 26.4, 26.4, 26.4, 26.4, 26.4], [26.21, 26.22, 26.31, 26.32, 26.32, 26.3, 26.24, 26.03, 25.87, 25.92, 25.91, 26.03, 26.08, 26.01, 26.4, 26.4, 26.4, 26.4, 26.4, 26.4], [26.5, 26.5, 26.5, 26.27, 26.3, 26.39, 26.33, 26.24, 25.77, 25.79, 26.09, 25.95, 26.0, 25.97, 26.4, 26.4, 26.4, 26.4, 26.4, 26.4], [26.5, 26.5, 26.5, 26.5, 26.5, 26.5, 26.5, 26.5, 26.32, 25.86, 25.6, 25.9, 25.94, 25.94, 26.4, 26.4, 26.4, 26.4, 26.4, 26.4], [26.5, 26.5, 26.5, 26.5, 26.5, 26.5, 26.5, 26.5, 26.5, -999.0, 25.6, 26.4, 26.4, 25.92, 26.4, 26.4, 26.4, 25.72, 25.73, 25.74], [26.5, 26.5, 26.5, 26.5, 26.5, 26.5, 26.5, 26.5, 26.5, 26.5, -999.0, 26.4, 26.4, 25.62, 25.96, 25.96, 25.97, 25.82, 25.85, 25.86], [26.5, 26.5, 26.5, 26.5, 26.5, 26.5, 26.5, 26.5, 26.5, 26.5, -999.0, 25.2, 25.2, 25.2, 25.86, 25.86, 25.88, 25.73, 25.76, 25.79], [26.5, 26.5, 26.5, 26.5, 26.5, 26.5, 26.5, 26.3, 26.3, 26.3, 26.3, 25.88, 25.2, 25.2, 25.2, 25.75, 25.79, 25.65, 25.69, 25.73], [26.5, 26.5, 26.37, 26.37, 26.37, 26.3, 26.3, 26.3, 26.3, 26.3, 25.61, 25.69, 25.58, 25.49, 25.59, 25.6, 25.66, 25.56, 25.81, 25.85], [26.37, 26.37, 26.43, 26.43, 26.3, 26.3, 26.3, 26.3, 26.3, 26.3, 25.83, 25.69, 25.55, 25.41, 25.45, 25.44, 25.53, 25.59, 25.64, 25.67], [26.43, 26.43, 26.42, 26.42, 26.3, 26.3, 26.3, 26.3, 26.3, 26.02, 25.87, 25.71, 25.54, 25.46, 25.24, 25.41, 25.54, 25.61, 25.66, 25.69], [26.42, 26.42, 26.42, 26.3, 26.3, 26.3, 26.3, 26.3, 26.2, 26.09, 25.96, 25.83, 25.7, 25.55, 25.4, 25.49, 25.59, 25.66, 25.7, 25.72], [26.42, 26.42, 26.24, 26.25, 26.25, 26.25, 26.26, 26.28, 26.19, 26.09, 25.98, 25.86, 25.77, 25.69, 25.56, 25.61, 25.67, 25.72, 25.75, 25.76], [26.24, 26.24, 26.24, 26.26, 26.26, 26.26, 26.27, 26.27, 26.11, 26.06, 25.99, 25.9, 25.84, 25.66, 25.68, 25.73, 25.77, 25.8, 25.8, 25.8], [26.25, 26.25, 26.25, 26.26, 26.26, 26.26, 26.26, 26.25, 26.07, 26.04, 26.0, 25.94, 25.88, 25.74, 25.78, 25.83, 25.87, 25.88, 25.86, 25.83], [26.25, 26.25, 26.25, 26.24, 26.24, 26.24, 26.24, 26.24, 26.23, 26.23, 26.23, 26.26, 26.09, 25.8, 25.85, 25.92, 25.99, 25.95, 25.89, 25.86], [26.24, 26.24, 26.24, 26.23, 26.23, 26.23, 26.23, 26.23, 26.22, 26.22, 26.22, 26.22, 26.09, 26.07, 26.06, 25.95, 26.14, 25.95, 25.9, 25.87], [26.23, 26.23, 26.23, 26.23, 26.23, 26.23, 26.22, 26.22, 26.21, 26.21, 26.21, 26.22, 26.23, 26.07, 26.05, 26.03, 25.91, 25.84, 25.88, 25.86], [26.23, 26.23, 26.23, 26.23, 26.23, 26.22, 26.22, 26.22, 26.21, 26.21, 26.21, 26.22, 26.23, 26.07, 26.04, 26.02, 25.98, 25.96, 25.87, 25.86], [26.23, 26.23, 26.23, 26.23, 26.23, 26.22, 26.22, 26.22, 26.21, 26.21, 26.21, 26.22, 26.22, 26.07, 26.05, 26.03, 26.01, 25.99, 26.0, 26.01], [26.23, 26.23, 26.23, 26.23, 26.22, 26.22, 26.22, 26.22, 26.21, 26.21, 26.21, 26.13, 26.09, 26.05, 26.06, 26.04, 26.02, 26.02, 26.01, 26.02], [26.23, 26.23, 26.23, 26.22, 26.22, 26.22, 26.22, 26.21, 26.21, 26.21, 26.18, 26.14, 26.1, 26.07, 26.07, 26.05, 26.04, 26.03, 26.03, 26.03], [26.23, 26.23, 26.23, 26.22, 26.22, 26.22, 26.22, 26.21, 26.14, 26.16, 26.17, 26.14, 26.11, 26.07, 26.08, 26.06, 26.05, 26.04, 26.04, 26.03], [26.23, 26.23, 26.22, 26.22, 26.22, 26.22, 26.22, 26.22, 26.13, 26.14, 26.14, 26.12, 26.1, 26.08, 26.08, 26.07, 26.06, 26.05, 26.04, 26.04], [26.23, 26.23, 26.22, 26.22, 26.22, 26.22, 26.22, 26.12, 26.12, 26.12, 26.12, 26.11, 26.09, 26.07, 26.08, 26.07, 26.06, 26.06, 26.05, 26.05]]}]