gis_exercise/awsData/contour/wdir_2023090919.json
[{"header": {"refTime": "2023-09-09T19:00:00.000Z", "nx": 21, "ny": 33, "lo1": 113.509, "la1": 22.2235, "lo2": 113.5947, "la2": 22.1034, "dx": 0.0042850000000001385, "dy": 0.003753125000000024, "parameterCategory": 2, "parameterCategoryName": "Temperature", "parameterNumber": 2}, "data": [-0.74, -0.77, -0.79, -1.41, -1.38, -1.75, -1.68, -1.61, -1.6, -1.35, -1.45, -1.54, -2.22, -2.29, -2.88, -3.01, -3.8, -3.86, -3.91, -3.94, -0.73, -0.75, -0.78, -0.82, -1.4, -1.35, -1.63, -1.49, -1.41, -1.29, -1.45, -1.59, -2.27, -2.35, -2.93, -3.74, -3.83, -3.9, -3.96, -3.98, -0.7, -0.73, -0.77, -0.81, -1.42, -1.37, -1.3, -1.39, -1.02, -1.23, -1.48, -1.68, -2.36, -2.42, -3.61, -3.75, -3.88, -3.97, -4.02, -4.05, -0.68, -0.7, -0.74, -0.79, -0.85, -1.42, -1.36, -1.25, -1.15, -1.31, -1.57, -1.84, -2.49, -2.52, -3.58, -3.8, -3.97, -4.08, -4.12, -4.13, -0.64, -0.66, -0.7, -0.76, -0.84, -1.5, -1.48, -1.43, -1.39, -1.42, -1.64, -2.49, -2.61, -2.55, -3.6, -3.88, -4.11, -4.24, -4.26, -4.22, -0.59, -0.6, -0.64, -0.7, -0.79, -0.93, -1.62, -1.64, -1.6, -1.49, -2.23, -2.44, -2.58, -3.23, -3.68, -4.03, -4.36, -4.5, -4.43, -4.32, -1.17, -0.53, -0.55, -0.59, -0.69, -0.87, -1.17, -1.89, -1.87, -2.01, -1.91, -2.42, -3.42, -3.44, -3.79, -4.18, -4.69, -4.88, -4.72, -4.58, -1.13, -1.08, -1.03, -1.47, -1.48, -0.71, -1.09, -1.72, -2.46, -1.9, -1.37, -3.01, -3.32, -3.63, -4.36, -4.61, -4.9, -5.01, -4.85, -4.74, -1.1, -1.02, -0.93, -0.82, -1.16, -1.25, -1.66, -1.28, -2.58, -2.08, -2.55, -3.24, -3.76, -3.51, -4.35, -4.53, -4.71, -4.79, -4.76, -4.7, -1.75, -1.63, -1.47, -0.65, -0.33, -0.5, -1.23, -2.04, -2.95, -2.73, -2.94, -3.4, -3.85, -3.56, -4.36, -4.47, -4.59, -4.65, -4.66, -4.64, -1.77, -1.67, -1.5, -1.2, -0.59, 1.24, -1.15, -2.51, -2.93, -3.24, -3.59, -3.3, -3.46, -3.43, -4.36, -4.44, -4.51, -4.57, -4.59, -4.59, -1.83, -1.74, -1.62, -1.43, -1.13, -0.99, -1.98, -3.39, -3.99, -4.48, -3.8, -4.36, -4.31, -3.31, -4.36, -4.42, -4.47, -3.99, -4.0, -3.99, -1.9, -1.85, -1.8, -1.76, -1.8, -2.13, -2.7, -3.37, -3.79, -3.33, -4.37, -4.4, -4.35, -3.31, -3.24, -3.72, -3.75, -3.78, -3.81, -3.83, -1.98, -1.97, -1.97, -2.02, -2.18, -2.54, -3.02, -3.05, -3.21, -3.13, -4.31, -3.83, -3.65, -3.5, -3.01, -3.45, -3.5, -3.56, -3.62, -3.67, -2.05, -2.07, -2.1, -2.19, -2.34, -2.57, -2.78, -3.25, -3.28, -3.24, -3.16, -2.54, -3.4, -3.21, -3.09, -3.13, -3.23, -3.34, -3.44, -3.52, -2.12, -2.14, -0.99, -1.09, -1.23, -2.98, -2.96, -2.92, -2.89, -2.87, -2.38, -2.3, -2.18, -1.96, -1.95, -2.52, -2.65, -2.77, -3.09, -3.21, -0.9, -0.94, -1.0, -1.06, -2.81, -2.73, -2.62, -2.48, -2.4, -2.45, -2.09, -2.09, -2.01, -1.89, -1.7, -1.96, -2.1, -2.21, -2.29, -2.34, -0.91, -0.94, -0.98, -1.03, -2.63, -2.49, -2.25, -1.94, -1.78, -1.35, -1.47, -1.93, -1.9, -1.67, -1.59, -1.92, -2.12, -2.24, -2.32, -2.37, -0.91, -0.94, -0.97, -2.62, -2.5, -2.3, -1.98, -1.45, -0.85, -1.18, -1.39, -1.52, -1.7, -1.74, -1.89, -2.04, -2.2, -2.32, -2.38, -2.42, -0.91, -0.93, -2.15, -2.09, -2.0, -1.87, -1.66, -1.35, -1.03, -1.26, -1.46, -1.57, -1.77, -1.85, -2.16, -2.24, -2.35, -2.42, -2.46, -2.48, -2.22, -2.19, -2.16, -2.1, -2.03, -1.93, -1.8, -1.66, -1.39, -1.49, -1.6, -1.68, -1.87, -2.32, -2.37, -2.44, -2.52, -2.55, -2.55, -2.54, -2.23, -2.2, -2.17, -2.14, -2.09, -2.04, -1.98, -1.67, -1.71, -1.76, -1.81, -1.82, -2.75, -2.46, -2.53, -2.62, -2.7, -2.69, -2.64, -2.6, -2.24, -2.22, -2.2, -1.77, -1.78, -1.81, -1.85, -1.91, -1.99, -2.05, -2.03, -2.55, -2.99, -2.55, -2.64, -2.78, -2.92, -2.82, -2.69, -2.63, -1.78, -1.79, -1.81, -1.83, -1.86, -1.91, -2.0, -2.13, -2.29, -2.37, -2.27, -2.85, -2.99, -2.97, -2.97, -2.84, -3.27, -2.77, -2.67, -2.63, -1.8, -1.82, -1.84, -1.87, -1.92, -1.98, -2.09, -2.27, -2.56, -2.79, -2.45, -2.8, -2.82, -2.96, -2.94, -2.91, -2.66, -2.47, -2.61, -2.61, -1.82, -1.84, -1.86, -1.9, -1.95, -2.02, -2.12, -2.28, -2.54, -2.75, -2.78, -2.7, -2.73, -2.95, -2.92, -2.62, -2.61, -2.57, -2.6, -2.6, -1.84, -1.85, -1.88, -1.91, -1.95, -2.01, -2.09, -2.18, -2.28, -2.3, -2.54, -2.53, -2.6, -2.37, -2.47, -2.54, -2.56, -2.57, -2.57, -2.57, -1.84, -1.86, -1.89, -1.91, -1.95, -1.98, -2.03, -2.06, -2.05, -2.27, -2.18, -2.05, -2.1, -2.13, -2.39, -2.47, -2.51, -2.53, -2.54, -2.55, -1.85, -1.87, -1.88, -1.91, -1.93, -1.95, -1.97, -1.96, -1.9, -1.96, -1.65, -1.89, -2.02, -2.08, -2.32, -2.41, -2.46, -2.49, -2.51, -2.52, -1.85, -1.87, -1.88, -1.9, -1.91, -1.92, -1.92, -1.9, -1.99, -1.83, -1.72, -1.87, -1.99, -2.06, -2.28, -2.36, -2.41, -2.45, -2.47, -2.49, -1.85, -1.86, -1.87, -1.89, -1.89, -1.9, -1.89, -1.87, -2.0, -1.92, -1.88, -1.93, -2.0, -2.05, -2.25, -2.32, -2.38, -2.42, -2.44, -2.46, -1.85, -1.86, -1.87, -1.88, -1.88, -1.88, -1.87, -2.08, -2.03, -1.99, -1.97, -1.99, -2.02, -2.06, -2.24, -2.3, -2.35, -2.39, -2.42, -2.44]}, {"header": {"refTime": "2023-09-09T19:00:00.000Z", "nx": 21, "ny": 33, "lo1": 113.509, "la1": 22.2235, "lo2": 113.5947, "la2": 22.1034, "dx": 0.0042850000000001385, "dy": 0.003753125000000024, "parameterCategory": 2, "parameterCategoryName": "Temperature", "parameterNumber": 3}, "data": [0.86, 0.86, 0.85, 1.0, 0.98, 1.23, 1.17, 1.12, 1.11, 1.09, 1.2, 1.32, 2.27, 2.37, 2.86, 3.03, 4.33, 4.41, 4.48, 4.52, 0.86, 0.86, 0.85, 0.85, 0.98, 0.94, 1.12, 1.0, 0.93, 0.99, 1.19, 1.36, 2.32, 2.43, 2.92, 4.23, 4.36, 4.46, 4.53, 4.57, 0.87, 0.87, 0.86, 0.86, 1.0, 0.95, 0.88, 0.91, 0.57, 0.92, 1.23, 1.46, 2.4, 2.5, 4.04, 4.25, 4.42, 4.54, 4.62, 4.65, 0.87, 0.87, 0.87, 0.87, 0.87, 1.0, 0.94, 0.83, 0.73, 1.04, 1.34, 1.63, 2.5, 2.71, 4.0, 4.3, 4.53, 4.67, 4.73, 4.75, 0.87, 0.88, 0.88, 0.89, 0.9, 1.06, 1.04, 1.0, 0.98, 1.22, 1.46, 2.62, 2.53, 2.7, 4.03, 4.42, 4.71, 4.87, 4.9, 4.86, 0.87, 0.88, 0.89, 0.9, 0.92, 0.96, 1.15, 1.17, 1.17, 1.15, 2.58, 2.71, 2.7, 3.47, 4.18, 4.62, 5.01, 5.17, 5.1, 4.98, 1.49, 0.88, 0.88, 0.9, 0.93, 0.99, 1.26, 1.33, 1.35, 2.05, 2.19, 2.95, 3.95, 3.88, 4.39, 4.83, 5.4, 5.62, 5.25, 5.03, 1.49, 1.46, 1.44, 1.88, 1.86, 1.13, 1.24, 1.42, 1.81, 1.93, 1.63, 3.84, 4.21, 4.17, 5.12, 5.36, 5.67, 5.78, 5.61, 5.5, 1.48, 1.45, 1.41, 1.36, 1.75, 1.76, 1.89, 1.29, 2.04, 2.12, 3.07, 3.86, 4.26, 4.07, 5.06, 5.27, 5.46, 5.55, 5.51, 5.45, 2.26, 2.2, 2.11, 1.32, 1.19, 1.46, 1.81, 2.19, 2.49, 2.35, 3.46, 3.89, 4.23, 4.06, 5.03, 5.19, 5.32, 5.4, 5.41, 5.39, 2.27, 2.21, 2.12, 1.96, 1.62, 0.61, 1.97, 2.8, 2.9, 2.83, 3.55, 3.8, 3.95, 3.94, 5.03, 5.14, 5.24, 5.3, 5.33, 5.33, 2.3, 2.25, 2.18, 2.07, 1.9, 1.83, 2.41, 3.35, 3.78, 4.12, 3.7, 4.64, 4.64, 3.84, 5.04, 5.12, 5.19, 4.57, 4.59, 4.59, 2.33, 2.3, 2.27, 2.24, 2.24, 2.38, 2.67, 3.25, 3.6, 3.29, 4.05, 4.63, 4.64, 3.98, 3.93, 4.27, 4.31, 4.36, 4.4, 4.43, 2.37, 2.36, 2.36, 2.37, 2.43, 2.56, 2.66, 2.92, 3.14, 3.11, 3.98, 3.91, 3.81, 3.71, 3.71, 4.02, 4.08, 4.15, 4.22, 4.27, 2.41, 2.41, 2.42, 2.45, 2.52, 2.6, 2.7, 3.05, 3.14, 3.15, 3.13, 2.95, 3.62, 3.5, 3.42, 3.74, 3.83, 3.94, 4.05, 4.13, 2.45, 2.46, 1.71, 1.76, 1.82, 2.9, 2.89, 2.91, 2.92, 2.94, 2.85, 2.79, 2.72, 2.67, 2.66, 3.12, 3.23, 3.33, 3.8, 3.91, 1.68, 1.7, 1.72, 1.76, 2.84, 2.8, 2.75, 2.69, 2.67, 2.71, 2.67, 2.66, 2.61, 2.53, 2.47, 2.56, 2.64, 2.71, 2.75, 2.78, 1.69, 1.71, 1.73, 1.75, 2.77, 2.69, 2.58, 2.42, 2.35, 2.06, 2.12, 2.56, 2.54, 2.45, 2.35, 2.53, 2.65, 2.73, 2.77, 2.8, 1.7, 1.71, 1.73, 2.77, 2.7, 2.6, 2.44, 2.17, 1.84, 1.99, 1.94, 2.0, 2.52, 2.52, 2.52, 2.61, 2.71, 2.78, 2.81, 2.83, 1.7, 1.71, 2.06, 2.05, 2.03, 2.0, 1.95, 1.89, 1.83, 1.87, 1.93, 1.98, 2.58, 2.64, 2.69, 2.74, 2.81, 2.85, 2.86, 2.86, 2.06, 2.05, 2.04, 2.03, 2.01, 1.98, 1.95, 1.92, 1.86, 1.89, 1.92, 1.97, 2.67, 2.79, 2.82, 2.87, 2.92, 2.93, 2.92, 2.9, 2.05, 2.04, 2.03, 2.01, 1.99, 1.97, 1.95, 1.58, 1.88, 1.89, 1.92, 1.95, 2.76, 2.87, 2.93, 3.0, 3.06, 3.03, 2.97, 2.93, 2.04, 2.03, 2.01, 1.49, 1.5, 1.52, 1.53, 1.55, 1.56, 1.56, 1.54, 2.43, 2.64, 2.93, 3.0, 3.13, 3.27, 3.14, 2.98, 2.93, 1.44, 1.45, 1.46, 1.47, 1.48, 1.49, 1.51, 1.54, 1.57, 1.59, 1.54, 2.1, 2.6, 2.76, 2.92, 3.16, 3.68, 3.0, 2.91, 2.9, 1.43, 1.43, 1.44, 1.44, 1.45, 1.46, 1.49, 1.53, 1.61, 1.69, 1.56, 2.0, 2.19, 2.72, 2.86, 2.95, 2.85, 2.56, 2.81, 2.87, 1.41, 1.42, 1.42, 1.42, 1.42, 1.43, 1.45, 1.48, 1.57, 1.64, 1.79, 1.88, 2.06, 2.68, 2.79, 2.65, 2.65, 2.61, 2.82, 2.85, 1.4, 1.4, 1.4, 1.39, 1.39, 1.39, 1.39, 1.4, 1.41, 1.39, 1.63, 1.72, 1.91, 2.18, 2.37, 2.5, 2.56, 2.58, 2.58, 2.58, 1.39, 1.38, 1.38, 1.37, 1.36, 1.34, 1.33, 1.29, 1.24, 1.38, 1.32, 1.15, 1.25, 1.34, 2.23, 2.37, 2.46, 2.5, 2.52, 2.52, 1.37, 1.36, 1.36, 1.34, 1.33, 1.3, 1.27, 1.21, 1.11, 1.1, 0.75, 1.0, 1.17, 1.28, 2.11, 2.26, 2.36, 2.42, 2.45, 2.47, 1.36, 1.35, 1.34, 1.32, 1.3, 1.27, 1.23, 1.17, 1.08, 0.93, 0.83, 0.99, 1.14, 1.25, 2.03, 2.18, 2.28, 2.34, 2.39, 2.41, 1.35, 1.34, 1.33, 1.31, 1.29, 1.26, 1.21, 1.16, 1.1, 1.03, 1.0, 1.06, 1.15, 1.24, 1.98, 2.11, 2.21, 2.28, 2.33, 2.36, 1.34, 1.33, 1.31, 1.3, 1.27, 1.25, 1.21, 1.19, 1.14, 1.11, 1.1, 1.13, 1.19, 1.25, 1.96, 2.08, 2.17, 2.23, 2.28, 2.32]}, {"header": {"refTime": "2023-09-09T19:00:00.000Z", "nx": 21, "ny": 33, "lo1": 113.509, "la1": 22.2235, "lo2": 113.5947, "la2": 22.1034, "dx": 0.0042850000000001385, "dy": 0.003753125000000024, "parameterCategory": 0, "parameterCategoryName": "Temperature", "parameterNumber": 0}, "data": [[25.74, 25.73, 25.72, 25.38, 25.38, 25.71, 25.7, 25.69, 25.69, 25.54, 25.57, 25.59, 25.9, 25.92, 25.96, 25.97, 26.11, 26.11, 26.11, 26.11], [25.75, 25.74, 25.73, 25.71, 25.39, 25.4, 25.68, 25.65, 25.64, 25.54, 25.57, 25.61, 25.92, 25.94, 25.98, 26.11, 26.11, 26.11, 26.11, 26.11], [25.75, 25.75, 25.74, 25.72, 25.39, 25.4, 25.41, 25.63, 25.53, 25.53, 25.58, 25.65, 25.96, 25.98, 26.12, 26.11, 26.11, 26.11, 26.11, 26.1], [25.76, 25.76, 25.75, 25.74, 25.72, 25.4, 25.41, 25.42, 25.43, 25.53, 25.6, 25.72, 26.03, 25.88, 26.12, 26.11, 26.11, 26.11, 26.1, 26.1], [25.78, 25.77, 25.76, 25.75, 25.74, 25.39, 25.4, 25.4, 25.38, 25.5, 25.59, 25.89, 26.07, 25.92, 26.12, 26.11, 26.11, 26.1, 26.1, 26.1], [25.79, 25.79, 25.78, 25.77, 25.76, 25.75, 25.4, 25.4, 25.37, 25.29, 25.61, 25.8, 25.95, 26.13, 26.11, 26.11, 26.1, 26.1, 26.1, 26.1], [25.92, 25.8, 25.8, 25.8, 25.79, 25.78, 25.57, 25.45, 25.42, 25.34, 25.28, 25.66, 26.09, 26.1, 26.1, 26.1, 26.1, 26.1, 26.12, 26.12], [25.93, 25.93, 25.93, 25.93, 25.92, 25.65, 25.61, 25.6, 25.62, 25.29, 25.01, 25.63, 25.64, 26.1, 26.06, 26.05, 26.07, 26.08, 26.07, 26.06], [25.87, 25.88, 25.95, 25.95, 25.96, 25.94, 25.89, 25.6, 25.41, 25.38, 25.26, 25.44, 25.52, 25.41, 26.06, 26.05, 26.06, 26.07, 26.06, 26.06], [26.1, 26.1, 26.1, 25.91, 25.94, 26.01, 25.96, 25.89, 25.19, 25.24, 25.53, 25.33, 25.39, 25.36, 26.06, 26.04, 26.05, 26.06, 26.06, 26.05], [26.1, 26.1, 26.1, 26.1, 26.1, 26.1, 26.1, 26.1, 25.96, 25.39, 24.8, 25.26, 25.31, 25.31, 26.06, 26.04, 26.05, 26.05, 26.05, 26.05], [26.1, 26.1, 26.1, 26.1, 26.1, 26.1, 26.1, 26.1, 26.1, -999.0, 24.8, 26.0, 26.0, 25.28, 26.06, 26.04, 26.04, 25.42, 25.43, 25.44], [26.1, 26.1, 26.1, 26.1, 26.1, 26.1, 26.1, 26.1, 26.1, 26.1, -999.0, 26.0, 26.0, 25.28, 25.6, 25.66, 25.67, 25.52, 25.55, 25.56], [26.1, 26.1, 26.1, 26.1, 26.1, 26.1, 26.1, 26.1, 26.1, 26.1, -999.0, 24.9, 24.9, 24.9, 25.5, 25.56, 25.58, 25.43, 25.46, 25.49], [26.1, 26.1, 26.1, 26.1, 26.1, 26.1, 26.1, 26.2, 26.2, 26.2, 26.2, 25.7, 24.9, 24.9, 24.9, 25.45, 25.49, 25.35, 25.39, 25.43], [26.1, 26.1, 26.16, 26.16, 26.17, 26.2, 26.2, 26.2, 26.2, 26.2, 25.38, 25.47, 25.35, 25.24, 25.36, 25.23, 25.28, 25.19, 25.46, 25.5], [26.16, 26.16, 26.14, 26.14, 26.2, 26.2, 26.2, 26.2, 26.2, 26.2, 25.64, 25.48, 25.31, 25.15, 25.16, 25.14, 25.22, 25.29, 25.34, 25.37], [26.14, 26.14, 26.14, 26.14, 26.2, 26.2, 26.2, 26.2, 26.2, 25.87, 25.7, 25.5, 25.3, 25.17, 24.94, 25.11, 25.23, 25.31, 25.36, 25.39], [26.14, 26.14, 26.14, 26.2, 26.2, 26.2, 26.2, 26.2, 26.08, 25.95, 25.81, 25.64, 25.42, 25.25, 25.09, 25.18, 25.28, 25.35, 25.39, 25.42], [26.14, 26.14, 26.14, 26.15, 26.15, 26.15, 26.16, 26.18, 26.07, 25.96, 25.83, 25.69, 25.49, 25.39, 25.25, 25.3, 25.37, 25.41, 25.44, 25.46], [26.14, 26.14, 26.14, 26.16, 26.16, 26.16, 26.17, 26.17, 25.97, 25.92, 25.83, 25.73, 25.55, 25.35, 25.37, 25.42, 25.46, 25.48, 25.49, 25.49], [26.15, 26.15, 26.15, 26.16, 26.16, 26.16, 26.16, 26.18, 25.94, 25.9, 25.85, 25.78, 25.58, 25.43, 25.46, 25.51, 25.55, 25.56, 25.55, 25.53], [26.15, 26.15, 26.15, 26.19, 26.19, 26.18, 26.18, 26.18, 26.17, 26.17, 26.17, 26.05, 25.85, 25.48, 25.53, 25.59, 25.64, 25.63, 25.59, 25.56], [26.19, 26.19, 26.19, 26.19, 26.19, 26.18, 26.18, 26.17, 26.16, 26.15, 26.16, 26.08, 25.86, 25.82, 25.78, 25.62, 25.73, 25.65, 25.61, 25.58], [26.19, 26.19, 26.19, 26.19, 26.19, 26.18, 26.18, 26.16, 26.14, 26.13, 26.15, 26.09, 26.07, 25.82, 25.78, 25.75, 25.64, 25.62, 25.61, 25.58], [26.19, 26.19, 26.19, 26.19, 26.19, 26.19, 26.18, 26.17, 26.15, 26.13, 26.11, 26.11, 26.08, 25.83, 25.79, 25.79, 25.75, 25.74, 25.6, 25.58], [26.2, 26.2, 26.19, 26.19, 26.19, 26.19, 26.19, 26.18, 26.18, 26.18, 26.14, 26.13, 26.11, 25.91, 25.86, 25.82, 25.79, 25.78, 25.78, 25.79], [26.2, 26.2, 26.2, 26.2, 26.2, 26.2, 26.2, 26.2, 26.21, 26.18, 26.19, 26.14, 26.09, 26.04, 25.89, 25.85, 25.82, 25.81, 25.8, 25.81], [26.2, 26.2, 26.2, 26.2, 26.2, 26.2, 26.21, 26.21, 26.23, 26.22, 26.26, 26.18, 26.11, 26.06, 25.92, 25.88, 25.85, 25.84, 25.83, 25.82], [26.2, 26.2, 26.2, 26.2, 26.2, 26.21, 26.21, 26.22, 26.16, 26.2, 26.23, 26.18, 26.12, 26.07, 25.94, 25.91, 25.88, 25.86, 25.85, 25.84], [26.2, 26.2, 26.2, 26.2, 26.21, 26.21, 26.21, 26.22, 26.15, 26.17, 26.17, 26.15, 26.11, 26.07, 25.96, 25.92, 25.9, 25.88, 25.86, 25.86], [26.2, 26.2, 26.2, 26.21, 26.21, 26.21, 26.22, 26.12, 26.13, 26.14, 26.14, 26.13, 26.1, 26.07, 25.96, 25.93, 25.91, 25.89, 25.88, 25.87]]}]