gis_exercise/awsData/contour/wdir_2023090614.json
[{"header": {"refTime": "2023-09-06T14:00:00.000Z", "nx": 21, "ny": 33, "lo1": 113.509, "la1": 22.2235, "lo2": 113.5947, "la2": 22.1034, "dx": 0.0042850000000001385, "dy": 0.003753125000000024, "parameterCategory": 2, "parameterCategoryName": "Temperature", "parameterNumber": 2}, "data": [-2.16, -2.15, -2.14, -2.08, -2.05, -2.22, -2.17, -2.12, -2.1, -1.9, -1.97, -2.03, -2.22, -2.25, -2.64, -2.69, -2.96, -2.98, -3.0, -3.01, -2.17, -2.16, -2.15, -2.13, -2.06, -2.02, -2.13, -2.03, -1.96, -1.86, -1.96, -2.05, -2.26, -2.29, -2.67, -2.94, -2.98, -3.01, -3.03, -3.04, -2.18, -2.17, -2.16, -2.15, -2.08, -2.04, -1.96, -1.96, -1.67, -1.82, -1.98, -2.11, -2.32, -2.34, -2.89, -2.95, -3.0, -3.04, -3.06, -3.06, -2.19, -2.18, -2.18, -2.17, -2.16, -2.08, -2.02, -1.92, -1.82, -1.88, -2.04, -2.21, -2.42, -2.45, -2.89, -2.97, -3.04, -3.09, -3.1, -3.1, -2.19, -2.2, -2.2, -2.2, -2.2, -2.15, -2.13, -2.09, -2.05, -1.96, -2.1, -2.46, -2.59, -2.48, -2.89, -3.01, -3.11, -3.16, -3.17, -3.15, -2.2, -2.21, -2.21, -2.22, -2.24, -2.27, -2.26, -2.27, -2.25, -2.17, -2.27, -2.39, -2.5, -2.81, -2.91, -3.06, -3.22, -3.29, -3.25, -3.19, -3.03, -2.21, -2.22, -2.24, -2.27, -2.33, -2.47, -2.49, -2.48, -2.35, -2.2, -2.28, -2.79, -2.85, -2.92, -3.12, -3.38, -3.48, -3.52, -3.48, -3.03, -3.0, -2.97, -2.87, -2.87, -2.36, -2.47, -2.67, -2.88, -2.31, -1.97, -2.49, -2.61, -2.93, -3.25, -3.36, -3.5, -3.55, -3.48, -3.43, -3.03, -3.0, -2.95, -2.89, -2.78, -2.8, -2.91, -2.52, -2.93, -2.38, -2.45, -2.74, -3.11, -2.93, -3.27, -3.34, -3.42, -3.45, -3.44, -3.41, -3.35, -3.3, -3.23, -2.85, -2.7, -2.58, -2.81, -3.06, -3.09, -2.95, -2.65, -2.92, -3.23, -3.0, -3.3, -3.33, -3.37, -3.39, -3.4, -3.39, -3.37, -3.33, -3.25, -3.12, -2.85, -2.04, -3.05, -3.55, -3.41, -3.23, -3.3, -2.86, -2.96, -2.93, -3.3, -3.32, -3.34, -3.36, -3.37, -3.36, -3.4, -3.37, -3.32, -3.24, -3.11, -3.04, -3.43, -3.84, -3.99, -4.17, -3.43, -3.49, -3.45, -2.85, -3.3, -3.31, -3.32, -3.41, -3.41, -3.41, -3.44, -3.42, -3.41, -3.41, -3.45, -3.64, -3.92, -3.95, -3.98, -3.87, -4.14, -3.54, -3.48, -3.02, -3.0, -3.35, -3.35, -3.36, -3.36, -3.37, -3.48, -3.48, -3.5, -3.54, -3.64, -3.89, -4.31, -4.01, -3.91, -3.85, -4.17, -3.61, -3.52, -3.46, -2.96, -3.27, -3.28, -3.3, -3.31, -3.32, -3.51, -3.53, -3.56, -3.61, -3.71, -3.86, -3.98, -3.86, -3.73, -3.62, -3.55, -2.93, -3.43, -3.35, -3.3, -3.18, -3.2, -3.23, -3.26, -3.28, -3.54, -3.56, -2.88, -2.94, -3.02, -3.65, -3.63, -3.54, -3.44, -3.37, -2.81, -2.8, -2.79, -2.68, -2.7, -2.94, -2.96, -2.98, -3.0, -3.02, -2.79, -2.81, -2.83, -2.85, -3.45, -3.39, -3.29, -3.14, -3.04, -3.06, -2.64, -2.69, -2.72, -2.73, -2.59, -2.64, -2.62, -2.61, -2.6, -2.59, -2.76, -2.77, -2.77, -2.76, -3.28, -3.16, -2.95, -2.67, -2.53, -2.41, -2.56, -2.61, -2.67, -2.58, -2.68, -2.65, -2.62, -2.61, -2.59, -2.58, -2.73, -2.72, -2.71, -3.25, -3.15, -2.98, -2.71, -2.26, -1.82, -2.22, -2.1, -2.24, -2.44, -2.55, -2.66, -2.64, -2.61, -2.6, -2.58, -2.58, -2.7, -2.69, -2.81, -2.75, -2.67, -2.55, -2.37, -2.13, -1.83, -1.97, -2.11, -2.23, -2.42, -2.51, -2.62, -2.61, -2.6, -2.59, -2.58, -2.57, -2.83, -2.8, -2.76, -2.71, -2.63, -2.54, -2.42, -2.3, -2.0, -2.07, -2.16, -2.24, -2.42, -2.6, -2.6, -2.6, -2.59, -2.58, -2.56, -2.56, -2.8, -2.77, -2.73, -2.68, -2.62, -2.55, -2.48, -1.88, -2.13, -2.17, -2.22, -2.27, -2.7, -2.59, -2.59, -2.59, -2.58, -2.57, -2.55, -2.54, -2.77, -2.74, -2.71, -1.87, -1.88, -1.9, -1.92, -1.95, -1.99, -2.01, -1.99, -2.36, -2.52, -2.57, -2.58, -2.59, -2.61, -2.57, -2.53, -2.53, -1.85, -1.85, -1.86, -1.88, -1.89, -1.92, -1.96, -2.02, -2.1, -2.14, -2.08, -2.3, -2.52, -2.52, -2.53, -2.58, -2.72, -2.5, -2.49, -2.5, -1.85, -1.86, -1.87, -1.88, -1.9, -1.93, -1.98, -2.07, -2.22, -2.34, -2.15, -2.27, -2.28, -2.51, -2.51, -2.51, -2.45, -2.34, -2.45, -2.49, -1.85, -1.85, -1.86, -1.88, -1.9, -1.93, -1.97, -2.05, -2.19, -2.3, -2.26, -2.2, -2.21, -2.51, -2.5, -2.3, -2.31, -2.3, -2.46, -2.49, -1.84, -1.85, -1.86, -1.87, -1.88, -1.9, -1.93, -1.97, -2.01, -2.0, -2.08, -2.07, -2.12, -2.06, -2.16, -2.23, -2.26, -2.27, -2.27, -2.27, -1.84, -1.84, -1.85, -1.85, -1.86, -1.87, -1.87, -1.87, -1.83, -1.88, -1.81, -1.77, -1.84, -1.89, -2.09, -2.16, -2.21, -2.23, -2.24, -2.24, -1.83, -1.84, -1.84, -1.84, -1.84, -1.83, -1.82, -1.79, -1.71, -1.65, -1.42, -1.64, -1.77, -1.84, -2.03, -2.11, -2.16, -2.19, -2.2, -2.21, -1.83, -1.83, -1.83, -1.83, -1.82, -1.81, -1.78, -1.74, -1.72, -1.58, -1.49, -1.62, -1.74, -1.82, -1.99, -2.06, -2.11, -2.15, -2.17, -2.18, -1.82, -1.82, -1.82, -1.81, -1.8, -1.79, -1.76, -1.72, -1.73, -1.66, -1.64, -1.68, -1.75, -1.81, -1.97, -2.03, -2.08, -2.12, -2.14, -2.16, -1.82, -1.81, -1.81, -1.8, -1.79, -1.78, -1.76, -1.8, -1.76, -1.73, -1.72, -1.74, -1.78, -1.82, -1.96, -2.01, -2.06, -2.09, -2.12, -2.13]}, {"header": {"refTime": "2023-09-06T14:00:00.000Z", "nx": 21, "ny": 33, "lo1": 113.509, "la1": 22.2235, "lo2": 113.5947, "la2": 22.1034, "dx": 0.0042850000000001385, "dy": 0.003753125000000024, "parameterCategory": 2, "parameterCategoryName": "Temperature", "parameterNumber": 3}, "data": [0.16, 0.14, 0.12, -0.23, -0.23, -0.2, -0.2, -0.2, -0.19, -0.06, -0.03, 0.0, 0.3, 0.33, 0.4, 0.45, 0.89, 0.92, 0.93, 0.95, 0.17, 0.15, 0.13, 0.1, -0.23, -0.23, -0.21, -0.21, -0.21, -0.09, -0.03, 0.01, 0.31, 0.34, 0.42, 0.86, 0.9, 0.93, 0.95, 0.96, 0.19, 0.17, 0.15, 0.11, -0.24, -0.24, -0.24, -0.22, -0.24, -0.11, -0.02, 0.04, 0.32, 0.36, 0.8, 0.86, 0.91, 0.95, 0.97, 0.98, 0.22, 0.2, 0.17, 0.14, 0.09, -0.24, -0.24, -0.24, -0.24, -0.07, 0.01, 0.08, 0.34, 0.43, 0.79, 0.88, 0.94, 0.98, 1.0, 1.01, 0.24, 0.23, 0.21, 0.17, 0.13, -0.25, -0.25, -0.24, -0.23, -0.01, 0.05, 0.4, 0.31, 0.42, 0.8, 0.91, 0.99, 1.04, 1.05, 1.04, 0.28, 0.27, 0.25, 0.22, 0.18, 0.11, -0.26, -0.26, -0.24, -0.19, 0.45, 0.45, 0.41, 0.62, 0.85, 0.97, 1.07, 1.12, 1.1, 1.07, 0.68, 0.32, 0.31, 0.3, 0.25, 0.17, 0.13, -0.3, -0.29, 0.12, 0.27, 0.59, 0.81, 0.77, 0.93, 1.03, 1.18, 1.23, 1.09, 1.02, 0.71, 0.71, 0.71, 0.64, 0.61, 0.35, 0.17, -0.11, -0.32, 0.09, 0.18, 0.87, 0.98, 0.87, 1.13, 1.19, 1.25, 1.28, 1.24, 1.22, 0.74, 0.75, 0.77, 0.78, 0.73, 0.68, 0.5, 0.09, -0.11, 0.13, 0.61, 0.82, 0.88, 0.85, 1.11, 1.16, 1.21, 1.23, 1.22, 1.21, 1.12, 1.13, 1.14, 0.86, 0.93, 0.93, 0.75, 0.54, 0.11, 0.11, 0.7, 0.79, 0.84, 0.83, 1.09, 1.14, 1.17, 1.19, 1.19, 1.19, 1.12, 1.13, 1.14, 1.16, 1.21, 1.36, 1.17, 1.05, 0.63, 0.26, 0.61, 0.77, 0.8, 0.81, 1.09, 1.12, 1.15, 1.17, 1.18, 1.18, 1.11, 1.12, 1.13, 1.15, 1.17, 1.18, 1.1, 0.97, 0.92, 0.88, 0.65, 0.95, 0.96, 0.79, 1.1, 1.12, 1.14, 0.81, 0.81, 0.81, 1.11, 1.11, 1.12, 1.12, 1.12, 1.1, 1.05, 0.98, 0.94, 0.98, 0.89, 0.94, 0.95, 0.7, 0.68, 0.7, 0.71, 0.73, 0.74, 0.75, 1.1, 1.1, 1.1, 1.1, 1.09, 1.07, 1.04, 1.02, 1.0, 1.0, 0.9, 0.58, 0.54, 0.5, 0.58, 0.6, 0.62, 0.65, 0.67, 0.69, 1.1, 1.1, 1.09, 1.09, 1.08, 1.06, 1.05, 0.68, 0.6, 0.55, 0.5, 0.13, 0.46, 0.41, 0.38, 0.49, 0.53, 0.57, 0.61, 0.64, 1.09, 1.09, 0.72, 0.72, 0.72, 0.57, 0.56, 0.51, 0.45, 0.42, 0.07, 0.06, 0.05, 0.04, 0.04, 0.1, 0.11, 0.11, 0.25, 0.28, 0.68, 0.67, 0.66, 0.64, 0.46, 0.43, 0.38, 0.3, 0.25, 0.25, -0.01, 0.0, 0.01, -0.0, -0.12, -0.24, -0.3, -0.36, -0.4, -0.43, 0.64, 0.62, 0.6, 0.56, 0.37, 0.31, 0.2, 0.05, -0.02, -0.1, -0.03, -0.04, -0.02, -0.13, -0.06, -0.21, -0.31, -0.37, -0.41, -0.44, 0.6, 0.58, 0.55, 0.36, 0.3, 0.21, 0.07, -0.16, -0.4, -0.2, -0.39, -0.34, -0.21, -0.15, -0.2, -0.27, -0.35, -0.4, -0.44, -0.46, 0.57, 0.54, -0.03, -0.05, -0.09, -0.14, -0.22, -0.31, -0.47, -0.44, -0.4, -0.36, -0.23, -0.19, -0.32, -0.36, -0.41, -0.45, -0.48, -0.49, -0.04, -0.05, -0.07, -0.1, -0.13, -0.18, -0.23, -0.28, -0.46, -0.44, -0.42, -0.38, -0.24, -0.4, -0.41, -0.44, -0.47, -0.5, -0.52, -0.53, -0.07, -0.08, -0.11, -0.13, -0.17, -0.21, -0.25, -0.42, -0.47, -0.46, -0.44, -0.41, -0.3, -0.45, -0.47, -0.5, -0.52, -0.54, -0.56, -0.56, -0.09, -0.11, -0.13, -0.37, -0.38, -0.39, -0.41, -0.42, -0.43, -0.43, -0.42, -0.49, -0.66, -0.5, -0.52, -0.53, -0.53, -0.58, -0.61, -0.6, -0.35, -0.35, -0.36, -0.36, -0.37, -0.38, -0.4, -0.42, -0.45, -0.46, -0.43, -0.33, -0.66, -0.66, -0.66, -0.57, -0.44, -0.68, -0.67, -0.63, -0.34, -0.34, -0.35, -0.35, -0.36, -0.37, -0.39, -0.42, -0.49, -0.54, -0.45, -0.33, -0.29, -0.67, -0.68, -0.69, -0.74, -0.86, -0.72, -0.66, -0.33, -0.33, -0.34, -0.34, -0.34, -0.35, -0.37, -0.4, -0.46, -0.52, -0.38, -0.3, -0.26, -0.68, -0.69, -0.59, -0.67, -0.71, -0.7, -0.66, -0.32, -0.32, -0.32, -0.32, -0.32, -0.33, -0.33, -0.34, -0.35, -0.34, -0.26, -0.22, -0.21, -0.39, -0.47, -0.55, -0.6, -0.63, -0.63, -0.61, -0.32, -0.31, -0.31, -0.31, -0.3, -0.3, -0.29, -0.27, -0.23, -0.14, -0.1, -0.26, -0.35, -0.45, -0.43, -0.5, -0.54, -0.57, -0.58, -0.57, -0.31, -0.3, -0.3, -0.29, -0.28, -0.27, -0.25, -0.21, -0.15, -0.01, 0.06, -0.14, -0.29, -0.4, -0.38, -0.45, -0.5, -0.52, -0.54, -0.54, -0.3, -0.3, -0.29, -0.28, -0.27, -0.25, -0.23, -0.18, -0.2, -0.08, -0.01, -0.14, -0.27, -0.37, -0.35, -0.41, -0.46, -0.49, -0.5, -0.51, -0.29, -0.29, -0.28, -0.27, -0.26, -0.24, -0.21, -0.18, -0.22, -0.16, -0.15, -0.2, -0.28, -0.36, -0.33, -0.39, -0.43, -0.46, -0.48, -0.49, -0.29, -0.28, -0.27, -0.26, -0.25, -0.23, -0.21, -0.29, -0.26, -0.23, -0.23, -0.26, -0.31, -0.37, -0.33, -0.37, -0.41, -0.43, -0.45, -0.47]}, {"header": {"refTime": "2023-09-06T14:00:00.000Z", "nx": 21, "ny": 33, "lo1": 113.509, "la1": 22.2235, "lo2": 113.5947, "la2": 22.1034, "dx": 0.0042850000000001385, "dy": 0.003753125000000024, "parameterCategory": 0, "parameterCategoryName": "Temperature", "parameterNumber": 0}, "data": [[30.65, 30.63, 30.61, 30.2, 30.2, 30.41, 30.4, 30.39, 30.39, 30.38, 30.42, 30.46, 30.78, 30.81, 30.44, 30.42, 30.69, 30.66, 30.64, 30.63], [30.66, 30.64, 30.62, 30.59, 30.2, 30.2, 30.38, 30.35, 30.34, 30.36, 30.42, 30.49, 30.81, 30.84, 30.47, 30.72, 30.67, 30.64, 30.62, 30.6], [30.68, 30.66, 30.64, 30.61, 30.21, 30.2, 30.2, 30.32, 30.23, 30.33, 30.44, 30.53, 30.85, 30.87, 30.77, 30.7, 30.65, 30.6, 30.58, 30.57], [30.7, 30.68, 30.66, 30.63, 30.59, 30.21, 30.21, 30.2, 30.2, 30.36, 30.47, 30.6, 30.91, 30.89, 30.77, 30.68, 30.6, 30.55, 30.53, 30.53], [30.72, 30.71, 30.69, 30.67, 30.63, 30.21, 30.21, 30.21, 30.2, 30.4, 30.5, 30.88, 30.96, 30.91, 30.77, 30.64, 30.53, 30.46, 30.46, 30.48], [30.75, 30.75, 30.73, 30.71, 30.68, 30.63, 30.22, 30.22, 30.21, 30.19, 30.74, 30.85, 30.93, 31.1, 30.75, 30.57, 30.4, 30.32, 30.37, 30.43], [31.02, 30.79, 30.79, 30.77, 30.75, 30.69, 30.58, 30.23, 30.23, 30.4, 30.44, 30.82, 31.17, 31.15, 30.73, 30.51, 30.22, 30.11, 30.1, 30.17], [31.04, 31.05, 31.05, 31.05, 31.02, 30.75, 30.62, 30.45, 30.34, 30.36, 30.26, 30.93, 30.94, 31.15, 30.42, 30.57, 30.27, 30.16, 30.33, 30.45], [30.86, 30.87, 31.1, 31.12, 31.13, 31.08, 30.92, 30.57, 30.24, 30.43, 30.56, 30.74, 30.82, 30.71, 30.46, 30.63, 30.45, 30.38, 30.42, 30.49], [31.6, 31.6, 31.6, 30.99, 31.08, 31.3, 31.15, 30.92, 30.19, 30.2, 30.83, 30.63, 30.69, 30.66, 30.46, 30.69, 30.58, 30.52, 30.51, 30.54], [31.6, 31.6, 31.6, 31.6, 31.6, 31.6, 31.6, 31.6, 31.14, 30.23, 30.1, 30.56, 30.61, 30.61, 30.44, 30.73, 30.65, 30.6, 30.59, 30.6], [31.6, 31.6, 31.6, 31.6, 31.6, 31.6, 31.6, 31.6, 31.6, -999.0, 30.1, 31.3, 31.3, 30.58, 30.43, 30.78, 30.73, 30.35, 30.34, 30.34], [31.6, 31.6, 31.6, 31.6, 31.6, 31.6, 31.6, 31.6, 31.6, 31.6, -999.0, 31.3, 31.3, 30.91, 31.08, 30.19, 30.19, 30.28, 30.27, 30.26], [31.6, 31.6, 31.6, 31.6, 31.6, 31.6, 31.6, 31.6, 31.6, 31.6, -999.0, 30.7, 30.7, 30.7, 31.03, 30.26, 30.25, 30.35, 30.32, 30.31], [31.6, 31.6, 31.6, 31.6, 31.6, 31.6, 31.6, 31.6, 31.6, 31.6, 31.6, 31.25, 30.7, 30.7, 30.7, 30.33, 30.31, 30.4, 30.37, 30.35], [31.6, 31.6, 31.6, 31.6, 31.6, 31.6, 31.6, 31.6, 31.6, 31.6, 31.03, 31.1, 31.01, 30.94, 31.02, 30.63, 30.62, 30.64, 30.44, 30.42], [31.6, 31.6, 31.6, 31.6, 31.6, 31.6, 31.6, 31.6, 31.6, 31.6, 31.21, 31.1, 30.98, 30.88, 30.78, 30.94, 31.02, 31.09, 31.14, 31.18], [31.6, 31.6, 31.6, 31.6, 31.6, 31.6, 31.6, 31.6, 31.6, 31.37, 31.25, 31.12, 30.98, 30.8, 30.71, 30.91, 31.03, 31.11, 31.16, 31.2], [31.6, 31.6, 31.6, 31.6, 31.6, 31.6, 31.6, 31.6, 31.52, 31.42, 31.29, 31.17, 30.91, 30.82, 30.89, 30.97, 31.07, 31.14, 31.19, 31.23], [31.6, 31.6, 31.43, 31.44, 31.45, 31.46, 31.49, 31.55, 31.48, 31.39, 31.29, 31.19, 30.92, 30.85, 31.04, 31.08, 31.14, 31.19, 31.24, 31.26], [31.42, 31.42, 31.43, 31.48, 31.48, 31.49, 31.5, 31.51, 31.39, 31.35, 31.28, 31.21, 30.92, 31.13, 31.14, 31.17, 31.21, 31.25, 31.28, 31.31], [31.46, 31.46, 31.46, 31.47, 31.47, 31.47, 31.47, 31.55, 31.34, 31.31, 31.27, 31.22, 30.83, 31.2, 31.21, 31.23, 31.25, 31.29, 31.34, 31.36], [31.45, 31.45, 31.45, 31.57, 31.56, 31.55, 31.54, 31.53, 31.51, 31.51, 31.52, 31.18, 31.42, 31.25, 31.27, 31.25, 31.2, 31.32, 31.41, 31.41], [31.58, 31.58, 31.57, 31.57, 31.56, 31.55, 31.53, 31.51, 31.47, 31.46, 31.49, 31.25, 31.42, 31.43, 31.42, 31.3, 30.95, 31.53, 31.54, 31.48], [31.58, 31.58, 31.57, 31.57, 31.56, 31.55, 31.53, 31.49, 31.43, 31.38, 31.46, 31.29, 31.23, 31.45, 31.47, 31.49, 31.66, 31.94, 31.63, 31.52], [31.58, 31.58, 31.58, 31.57, 31.57, 31.56, 31.54, 31.51, 31.45, 31.4, 31.35, 31.34, 31.28, 31.46, 31.5, 31.64, 31.73, 31.79, 31.61, 31.53], [31.59, 31.59, 31.58, 31.58, 31.58, 31.57, 31.56, 31.55, 31.53, 31.54, 31.44, 31.41, 31.35, 31.68, 31.67, 31.67, 31.7, 31.72, 31.71, 31.69], [31.59, 31.59, 31.59, 31.59, 31.59, 31.59, 31.59, 31.6, 31.62, 31.55, 31.58, 31.83, 31.87, 31.93, 31.69, 31.69, 31.69, 31.7, 31.7, 31.69], [31.6, 31.6, 31.6, 31.6, 31.6, 31.61, 31.62, 31.64, 31.68, 31.68, 31.88, 31.86, 31.88, 31.92, 31.71, 31.7, 31.69, 31.69, 31.69, 31.69], [31.6, 31.6, 31.6, 31.61, 31.61, 31.62, 31.63, 31.66, 31.82, 31.85, 31.87, 31.87, 31.89, 31.92, 31.72, 31.7, 31.7, 31.69, 31.69, 31.68], [31.6, 31.61, 31.61, 31.61, 31.62, 31.63, 31.64, 31.67, 31.83, 31.85, 31.86, 31.87, 31.89, 31.92, 31.72, 31.71, 31.7, 31.69, 31.69, 31.68], [31.61, 31.61, 31.61, 31.62, 31.62, 31.63, 31.65, 31.83, 31.84, 31.85, 31.87, 31.88, 31.9, 31.92, 31.72, 31.71, 31.7, 31.7, 31.69, 31.69]]}]