gis_exercise/awsData/contour/wdir_2023090811.json
[{"header": {"refTime": "2023-09-08T11:00:00.000Z", "nx": 21, "ny": 33, "lo1": 113.509, "la1": 22.2235, "lo2": 113.5947, "la2": 22.1034, "dx": 0.0042850000000001385, "dy": 0.003753125000000024, "parameterCategory": 2, "parameterCategoryName": "Temperature", "parameterNumber": 2}, "data": [-2.4, -2.41, -2.42, -2.79, -2.77, -3.01, -2.96, -2.92, -2.91, -2.88, -2.97, -3.06, -3.23, -3.27, -4.98, -5.2, -5.62, -5.74, -5.83, -5.89, -2.4, -2.41, -2.42, -2.43, -2.77, -2.74, -2.92, -2.83, -2.77, -2.81, -2.97, -3.1, -3.28, -3.33, -5.03, -5.49, -5.69, -5.85, -5.95, -6.01, -2.39, -2.4, -2.41, -2.43, -2.79, -2.75, -2.7, -2.75, -2.48, -2.75, -3.0, -3.18, -3.38, -3.41, -5.25, -5.54, -5.81, -6.01, -6.11, -6.15, -2.38, -2.39, -2.41, -2.43, -2.45, -2.78, -2.74, -2.66, -2.59, -2.84, -3.09, -3.32, -3.54, -3.59, -5.22, -5.65, -6.01, -6.25, -6.35, -6.34, -2.36, -2.37, -2.39, -2.42, -2.45, -2.83, -2.82, -2.79, -2.77, -2.98, -3.17, -3.62, -3.83, -3.64, -5.24, -5.84, -6.35, -6.64, -6.67, -6.57, -2.34, -2.35, -2.36, -2.39, -2.44, -2.5, -2.9, -2.91, -2.91, -2.89, -3.34, -3.51, -3.67, -4.49, -5.34, -6.14, -6.92, -7.25, -7.07, -6.8, -3.75, -2.32, -2.33, -2.35, -2.39, -2.48, -2.73, -3.04, -3.05, -3.09, -3.04, -3.31, -4.47, -4.67, -5.45, -6.44, -7.72, -8.2, -8.09, -7.8, -3.75, -3.68, -3.6, -3.36, -3.34, -2.5, -2.68, -2.97, -3.28, -3.07, -2.92, -3.93, -4.17, -4.94, -6.59, -7.29, -8.13, -8.44, -7.98, -7.68, -3.76, -3.68, -3.57, -3.43, -3.17, -3.2, -3.4, -2.77, -3.8, -3.11, -4.15, -4.76, -5.77, -5.29, -6.61, -7.1, -7.6, -7.82, -7.72, -7.56, -4.73, -4.62, -4.44, -3.37, -3.05, -2.75, -3.25, -3.79, -4.34, -4.18, -4.64, -5.32, -6.2, -5.53, -6.66, -6.95, -7.26, -7.43, -7.46, -7.4, -4.77, -4.67, -4.49, -4.18, -3.52, -1.61, -4.0, -5.19, -4.68, -4.75, -5.9, -5.16, -5.43, -5.33, -6.67, -6.86, -7.06, -7.2, -7.26, -7.25, -4.85, -4.77, -4.65, -4.46, -4.15, -3.99, -4.92, -5.89, -6.23, -7.1, -6.04, -6.11, -6.1, -5.13, -6.67, -6.8, -6.94, -6.83, -6.85, -6.84, -4.94, -4.9, -4.87, -4.86, -4.95, -5.4, -6.09, -6.16, -6.22, -5.95, -7.18, -6.12, -6.08, -4.8, -4.69, -6.33, -6.39, -6.45, -6.51, -6.55, -5.03, -5.04, -5.07, -5.17, -5.42, -6.01, -7.0, -6.28, -6.06, -5.92, -7.19, -5.78, -5.59, -5.41, -4.37, -5.85, -5.94, -6.06, -6.17, -6.26, -5.11, -5.15, -5.22, -5.35, -5.58, -5.94, -6.21, -6.08, -5.79, -5.57, -5.41, -3.68, -5.18, -4.94, -4.78, -5.28, -5.46, -5.66, -5.84, -5.99, -5.18, -5.23, -3.81, -3.95, -4.14, -5.64, -5.59, -5.4, -5.18, -5.05, -3.48, -3.38, -3.24, -3.28, -3.25, -3.85, -4.01, -4.16, -4.72, -4.89, -3.61, -3.66, -3.72, -3.78, -5.22, -5.09, -4.86, -4.55, -4.35, -4.38, -3.12, -3.12, -3.03, -2.88, -2.56, -2.79, -2.9, -2.98, -3.04, -3.08, -3.56, -3.58, -3.6, -3.6, -4.86, -4.59, -4.16, -3.57, -3.27, -2.8, -2.99, -2.93, -2.89, -2.54, -2.5, -2.76, -2.91, -3.01, -3.07, -3.11, -3.51, -3.51, -3.49, -4.79, -4.58, -4.22, -3.65, -2.71, -1.72, -2.42, -2.16, -2.32, -2.52, -2.58, -2.74, -2.85, -2.98, -3.07, -3.12, -3.15, -3.46, -3.44, -4.04, -3.92, -3.74, -3.47, -3.08, -2.52, -1.75, -2.0, -2.22, -2.37, -2.57, -2.68, -2.95, -3.02, -3.1, -3.16, -3.18, -3.19, -4.1, -4.04, -3.96, -3.84, -3.68, -3.47, -3.21, -2.94, -2.13, -2.24, -2.38, -2.46, -2.66, -3.08, -3.11, -3.18, -3.24, -3.26, -3.26, -3.24, -4.05, -3.99, -3.91, -3.81, -3.68, -3.53, -3.38, -2.3, -2.47, -2.53, -2.58, -2.61, -3.55, -3.18, -3.25, -3.33, -3.39, -3.37, -3.32, -3.28, -4.01, -3.95, -3.88, -2.36, -2.38, -2.42, -2.47, -2.54, -2.63, -2.68, -2.66, -3.28, -3.67, -3.26, -3.34, -3.46, -3.59, -3.49, -3.36, -3.3, -2.36, -2.37, -2.39, -2.41, -2.45, -2.51, -2.61, -2.75, -2.94, -3.02, -2.9, -3.46, -3.67, -3.64, -3.63, -3.5, -3.95, -3.4, -3.31, -3.29, -2.37, -2.39, -2.41, -2.45, -2.5, -2.58, -2.7, -2.89, -3.23, -3.51, -3.1, -3.41, -3.41, -3.63, -3.59, -3.55, -3.28, -3.06, -3.24, -3.27, -2.39, -2.41, -2.43, -2.47, -2.52, -2.59, -2.71, -2.89, -3.19, -3.44, -3.4, -3.28, -3.29, -3.62, -3.57, -3.17, -3.17, -3.14, -3.24, -3.25, -2.39, -2.41, -2.44, -2.47, -2.51, -2.57, -2.65, -2.75, -2.86, -2.86, -3.07, -3.05, -3.13, -2.83, -2.97, -3.07, -3.11, -3.11, -3.12, -3.12, -2.4, -2.41, -2.43, -2.46, -2.49, -2.52, -2.56, -2.57, -2.54, -2.72, -2.6, -2.47, -2.54, -2.59, -2.87, -2.97, -3.03, -3.06, -3.07, -3.08, -2.4, -2.41, -2.43, -2.44, -2.46, -2.47, -2.47, -2.44, -2.33, -2.31, -1.9, -2.24, -2.43, -2.52, -2.78, -2.89, -2.96, -3.0, -3.03, -3.04, -2.39, -2.4, -2.41, -2.42, -2.43, -2.43, -2.41, -2.35, -2.38, -2.15, -2.01, -2.21, -2.38, -2.49, -2.72, -2.83, -2.9, -2.95, -2.98, -3.0, -2.39, -2.39, -2.4, -2.41, -2.4, -2.39, -2.37, -2.32, -2.4, -2.28, -2.23, -2.3, -2.4, -2.48, -2.69, -2.78, -2.85, -2.91, -2.94, -2.96, -2.38, -2.39, -2.39, -2.39, -2.39, -2.37, -2.35, -2.51, -2.44, -2.38, -2.36, -2.38, -2.44, -2.49, -2.67, -2.76, -2.82, -2.87, -2.91, -2.93]}, {"header": {"refTime": "2023-09-08T11:00:00.000Z", "nx": 21, "ny": 33, "lo1": 113.509, "la1": 22.2235, "lo2": 113.5947, "la2": 22.1034, "dx": 0.0042850000000001385, "dy": 0.003753125000000024, "parameterCategory": 2, "parameterCategoryName": "Temperature", "parameterNumber": 3}, "data": [-0.25, -0.24, -0.23, 0.35, 0.32, -0.02, -0.04, -0.06, -0.08, -0.01, -0.0, 0.01, -0.08, -0.07, 0.54, 0.65, 0.95, 1.02, 1.07, 1.11, -0.26, -0.24, -0.23, -0.21, 0.33, 0.28, -0.04, -0.08, -0.11, -0.04, -0.01, -0.0, -0.09, -0.08, 0.54, 0.88, 0.99, 1.07, 1.13, 1.16, -0.27, -0.25, -0.24, -0.22, 0.34, 0.29, 0.22, -0.1, -0.18, -0.06, -0.01, -0.01, -0.1, -0.09, 0.73, 0.9, 1.04, 1.15, 1.21, 1.23, -0.28, -0.27, -0.25, -0.22, -0.2, 0.33, 0.27, 0.17, 0.08, -0.01, 0.01, -0.03, -0.14, 0.12, 0.7, 0.95, 1.14, 1.27, 1.32, 1.32, -0.3, -0.28, -0.27, -0.24, -0.2, 0.39, 0.36, 0.33, 0.33, 0.1, 0.08, 0.09, -0.16, 0.07, 0.72, 1.05, 1.31, 1.46, 1.48, 1.43, -0.32, -0.31, -0.29, -0.27, -0.22, -0.16, 0.45, 0.47, 0.5, 0.55, 0.41, 0.22, 0.03, 0.23, 0.81, 1.22, 1.59, 1.75, 1.67, 1.55, 0.4, -0.34, -0.34, -0.31, -0.27, -0.18, 0.26, 0.57, 0.61, 0.79, 0.81, 0.46, 0.44, 0.44, 0.94, 1.39, 1.97, 2.19, 1.96, 1.78, 0.39, 0.35, 0.3, 0.18, 0.18, 0.01, 0.19, 0.43, 0.68, 0.8, 0.9, 0.81, 0.8, 0.63, 1.48, 1.79, 2.17, 2.31, 2.1, 1.96, 0.39, 0.33, 0.27, 0.18, 0.03, 0.07, 0.26, 0.27, 0.98, 0.77, 0.95, 0.95, 1.07, 1.01, 1.45, 1.69, 1.92, 2.02, 1.98, 1.91, 0.78, 0.71, 0.6, 0.11, -0.11, -0.3, 0.07, 0.47, 1.21, 1.19, 0.98, 1.04, 1.15, 1.06, 1.44, 1.6, 1.75, 1.84, 1.86, 1.83, 0.81, 0.74, 0.63, 0.44, 0.04, -1.14, 0.33, 1.07, 0.94, 1.38, 1.47, 1.03, 1.05, 1.04, 1.44, 1.55, 1.66, 1.73, 1.76, 1.76, 0.85, 0.8, 0.73, 0.62, 0.42, 0.33, 0.9, 1.5, 1.72, 2.0, 1.55, 1.35, 1.29, 1.02, 1.45, 1.53, 1.6, 1.58, 1.6, 1.61, 0.91, 0.89, 0.86, 0.86, 0.91, 1.19, 1.61, 1.67, 1.71, 1.54, 1.96, 1.4, 1.34, 0.81, 0.78, 1.38, 1.42, 1.46, 1.49, 1.51, 0.96, 0.97, 0.99, 1.05, 1.2, 1.56, 2.16, 1.73, 1.6, 1.52, 1.98, 1.32, 1.22, 1.14, 0.72, 1.24, 1.28, 1.33, 1.38, 1.41, 1.02, 1.04, 1.08, 1.16, 1.3, 1.52, 1.69, 2.1, 2.04, 1.99, 1.96, 1.22, 1.12, 1.02, 0.97, 1.08, 1.14, 1.21, 1.27, 1.32, 1.06, 1.09, 0.92, 1.0, 1.11, 2.03, 2.02, 1.98, 1.94, 1.91, 1.25, 1.14, 1.0, 0.73, 0.68, 1.06, 1.18, 1.29, 1.72, 1.83, 0.88, 0.92, 0.96, 1.03, 1.96, 1.94, 1.9, 1.84, 1.81, 1.81, 1.19, 1.07, 0.9, 0.72, 0.76, 0.79, 0.96, 1.09, 1.18, 1.24, 0.91, 0.94, 0.99, 1.04, 1.89, 1.85, 1.78, 1.68, 1.63, 1.33, 1.24, 1.03, 0.85, 0.76, 0.37, 0.73, 0.98, 1.13, 1.22, 1.28, 0.93, 0.96, 1.0, 1.88, 1.85, 1.79, 1.69, 1.54, 1.33, 1.31, 0.73, 0.59, 1.13, 0.93, 0.7, 0.88, 1.09, 1.22, 1.3, 1.34, 0.94, 0.97, 1.24, 1.24, 1.23, 1.22, 1.22, 1.24, 1.05, 0.87, 0.69, 0.57, 1.28, 1.21, 1.03, 1.14, 1.27, 1.36, 1.4, 1.41, 1.19, 1.19, 1.18, 1.16, 1.14, 1.13, 1.12, 1.11, 0.79, 0.71, 0.6, 0.52, 1.44, 1.23, 1.29, 1.39, 1.48, 1.52, 1.51, 1.49, 1.14, 1.13, 1.11, 1.08, 1.05, 1.02, 0.98, 0.65, 0.57, 0.52, 0.48, 0.45, 1.08, 1.4, 1.5, 1.62, 1.72, 1.7, 1.61, 1.55, 1.1, 1.08, 1.05, 0.57, 0.56, 0.55, 0.53, 0.48, 0.43, 0.4, 0.4, 1.14, 1.12, 1.51, 1.64, 1.83, 2.04, 1.87, 1.67, 1.58, 0.56, 0.55, 0.54, 0.53, 0.51, 0.48, 0.43, 0.34, 0.24, 0.19, 0.25, 0.84, 1.06, 1.32, 1.57, 1.9, 2.61, 1.74, 1.59, 1.56, 0.54, 0.53, 0.52, 0.5, 0.47, 0.43, 0.36, 0.25, 0.07, -0.07, 0.13, 0.74, 1.07, 1.27, 1.49, 1.65, 1.55, 1.2, 1.48, 1.52, 0.53, 0.52, 0.5, 0.48, 0.45, 0.4, 0.34, 0.24, 0.08, -0.05, 0.39, 0.71, 1.01, 1.2, 1.38, 1.62, 1.54, 1.46, 1.47, 1.5, 0.52, 0.5, 0.49, 0.47, 0.44, 0.4, 0.35, 0.29, 0.23, 0.21, 0.55, 0.74, 0.96, 1.42, 1.5, 1.54, 1.53, 1.52, 1.53, 1.54, 0.51, 0.5, 0.48, 0.46, 0.44, 0.41, 0.38, 0.36, 0.36, 0.6, 0.66, 0.34, 0.31, 0.31, 1.43, 1.48, 1.5, 1.51, 1.52, 1.53, 0.5, 0.49, 0.48, 0.46, 0.45, 0.43, 0.41, 0.41, 0.44, 0.67, 0.56, 0.43, 0.36, 0.33, 1.37, 1.43, 1.47, 1.49, 1.5, 1.51, 0.5, 0.49, 0.48, 0.47, 0.45, 0.44, 0.44, 0.45, 0.37, 0.46, 0.52, 0.44, 0.38, 0.34, 1.33, 1.39, 1.44, 1.46, 1.48, 1.49, 0.5, 0.49, 0.48, 0.47, 0.46, 0.46, 0.46, 0.46, 0.36, 0.41, 0.43, 0.41, 0.37, 0.35, 1.31, 1.37, 1.41, 1.44, 1.46, 1.48, 0.5, 0.49, 0.48, 0.48, 0.47, 0.47, 0.47, 0.32, 0.35, 0.37, 0.38, 0.38, 0.36, 0.34, 1.3, 1.35, 1.39, 1.42, 1.44, 1.46]}, {"header": {"refTime": "2023-09-08T11:00:00.000Z", "nx": 21, "ny": 33, "lo1": 113.509, "la1": 22.2235, "lo2": 113.5947, "la2": 22.1034, "dx": 0.0042850000000001385, "dy": 0.003753125000000024, "parameterCategory": 0, "parameterCategoryName": "Temperature", "parameterNumber": 0}, "data": [[25.39, 25.39, 25.38, 25.22, 25.23, 25.39, 25.39, 25.38, 25.39, 25.34, 25.36, 25.38, 25.55, 25.57, 25.47, 25.46, 25.56, 25.55, 25.54, 25.54], [25.39, 25.39, 25.38, 25.38, 25.23, 25.23, 25.38, 25.37, 25.36, 25.34, 25.36, 25.39, 25.57, 25.58, 25.48, 25.57, 25.55, 25.54, 25.53, 25.53], [25.4, 25.39, 25.39, 25.38, 25.23, 25.23, 25.24, 25.35, 25.31, 25.33, 25.37, 25.41, 25.59, 25.6, 25.59, 25.56, 25.54, 25.53, 25.52, 25.52], [25.4, 25.4, 25.39, 25.39, 25.38, 25.23, 25.24, 25.25, 25.26, 25.33, 25.38, 25.45, 25.62, 25.56, 25.59, 25.56, 25.53, 25.51, 25.5, 25.5], [25.41, 25.4, 25.4, 25.39, 25.38, 25.22, 25.23, 25.23, 25.23, 25.33, 25.38, 25.56, 25.64, 25.58, 25.59, 25.54, 25.5, 25.48, 25.48, 25.49], [25.41, 25.41, 25.41, 25.4, 25.39, 25.38, 25.22, 25.22, 25.21, 25.18, 25.43, 25.52, 25.6, 25.7, 25.58, 25.52, 25.46, 25.44, 25.45, 25.47], [25.47, 25.42, 25.42, 25.42, 25.41, 25.4, 25.3, 25.23, 25.22, 25.24, 25.24, 25.47, 25.7, 25.7, 25.57, 25.5, 25.4, 25.37, 25.37, 25.4], [25.47, 25.47, 25.47, 25.47, 25.47, 25.35, 25.32, 25.29, 25.29, 25.21, 25.11, 25.48, 25.49, 25.7, 25.45, 25.49, 25.4, 25.37, 25.42, 25.46], [25.43, 25.43, 25.49, 25.49, 25.49, 25.48, 25.44, 25.31, 25.2, 25.26, 25.27, 25.37, 25.42, 25.36, 25.46, 25.51, 25.46, 25.44, 25.45, 25.47], [25.6, 25.6, 25.6, 25.46, 25.48, 25.53, 25.5, 25.44, 25.13, 25.15, 25.43, 25.31, 25.35, 25.33, 25.46, 25.53, 25.49, 25.48, 25.48, 25.48], [25.6, 25.6, 25.6, 25.6, 25.6, 25.6, 25.6, 25.6, 25.49, 25.2, 25.0, 25.27, 25.3, 25.3, 25.46, 25.54, 25.51, 25.5, 25.5, 25.5], [25.6, 25.6, 25.6, 25.6, 25.6, 25.6, 25.6, 25.6, 25.6, -999.0, 25.0, 25.7, 25.7, 25.28, 25.45, 25.55, 25.54, 24.96, 24.97, 24.97], [25.6, 25.6, 25.6, 25.6, 25.6, 25.6, 25.6, 25.6, 25.6, 25.6, -999.0, 25.7, 25.7, 25.05, 25.33, 25.08, 25.09, 25.01, 25.02, 25.03], [25.6, 25.6, 25.6, 25.6, 25.6, 25.6, 25.6, 25.6, 25.6, 25.6, -999.0, 24.7, 24.7, 24.7, 25.25, 25.03, 25.04, 24.97, 24.98, 24.99], [25.6, 25.6, 25.6, 25.6, 25.6, 25.6, 25.6, 25.5, 25.5, 25.5, 25.5, 25.19, 24.7, 24.7, 24.7, 24.97, 24.99, 24.92, 24.94, 24.96], [25.6, 25.6, 25.54, 25.54, 25.53, 25.5, 25.5, 25.5, 25.5, 25.5, 25.0, 25.05, 24.98, 24.91, 24.99, 24.85, 24.87, 24.83, 24.96, 24.98], [25.54, 25.54, 25.56, 25.56, 25.5, 25.5, 25.5, 25.5, 25.5, 25.5, 25.16, 25.06, 24.95, 24.86, 24.84, 24.82, 24.86, 24.89, 24.92, 24.93], [25.56, 25.56, 25.56, 25.56, 25.5, 25.5, 25.5, 25.5, 25.5, 25.3, 25.19, 25.07, 24.94, 24.85, 24.72, 24.8, 24.86, 24.9, 24.93, 24.94], [25.56, 25.56, 25.56, 25.5, 25.5, 25.5, 25.5, 25.5, 25.43, 25.34, 25.25, 25.15, 24.99, 24.89, 24.8, 24.84, 24.89, 24.92, 24.95, 24.96], [25.56, 25.56, 25.44, 25.45, 25.45, 25.45, 25.46, 25.48, 25.41, 25.35, 25.26, 25.18, 25.03, 24.96, 24.87, 24.9, 24.93, 24.95, 24.97, 24.98], [25.44, 25.44, 25.44, 25.46, 25.46, 25.46, 25.47, 25.47, 25.35, 25.32, 25.26, 25.2, 25.06, 24.92, 24.93, 24.95, 24.98, 24.99, 25.0, 25.0], [25.45, 25.45, 25.45, 25.46, 25.46, 25.46, 25.46, 25.41, 25.32, 25.3, 25.27, 25.23, 25.06, 24.96, 24.98, 25.0, 25.02, 25.02, 25.02, 25.02], [25.45, 25.45, 25.45, 25.39, 25.39, 25.39, 25.4, 25.4, 25.4, 25.39, 25.39, 25.35, 25.21, 24.99, 25.01, 25.04, 25.06, 25.06, 25.04, 25.03], [25.38, 25.38, 25.38, 25.38, 25.38, 25.38, 25.38, 25.38, 25.39, 25.38, 25.38, 25.28, 25.22, 25.18, 25.16, 25.05, 25.09, 25.08, 25.06, 25.04], [25.37, 25.37, 25.37, 25.37, 25.37, 25.37, 25.37, 25.38, 25.38, 25.39, 25.37, 25.28, 25.25, 25.19, 25.16, 25.13, 25.08, 25.08, 25.06, 25.05], [25.37, 25.37, 25.37, 25.37, 25.37, 25.36, 25.36, 25.37, 25.37, 25.38, 25.31, 25.28, 25.25, 25.19, 25.17, 25.12, 25.11, 25.11, 25.05, 25.04], [25.37, 25.36, 25.36, 25.36, 25.36, 25.36, 25.35, 25.35, 25.35, 25.34, 25.28, 25.26, 25.25, 25.14, 25.13, 25.12, 25.12, 25.11, 25.11, 25.12], [25.36, 25.36, 25.36, 25.35, 25.35, 25.35, 25.34, 25.33, 25.32, 25.26, 25.25, 25.24, 25.24, 25.23, 25.13, 25.13, 25.12, 25.12, 25.12, 25.12], [25.36, 25.36, 25.35, 25.35, 25.35, 25.34, 25.33, 25.32, 25.3, 25.23, 25.21, 25.23, 25.23, 25.23, 25.14, 25.13, 25.13, 25.12, 25.12, 25.12], [25.36, 25.35, 25.35, 25.35, 25.34, 25.33, 25.32, 25.31, 25.24, 25.23, 25.22, 25.23, 25.23, 25.23, 25.14, 25.13, 25.13, 25.13, 25.13, 25.12], [25.35, 25.35, 25.35, 25.34, 25.34, 25.33, 25.32, 25.31, 25.24, 25.23, 25.23, 25.23, 25.23, 25.23, 25.14, 25.14, 25.13, 25.13, 25.13, 25.13], [25.35, 25.35, 25.34, 25.34, 25.34, 25.33, 25.32, 25.24, 25.24, 25.24, 25.23, 25.23, 25.23, 25.23, 25.14, 25.14, 25.14, 25.13, 25.13, 25.13]]}]