gis_exercise/awsData/contour/wdir_2023090417.json
[{"header": {"refTime": "2023-09-04T17:00:00.000Z", "nx": 21, "ny": 33, "lo1": 113.509, "la1": 22.2235, "lo2": 113.5947, "la2": 22.1034, "dx": 0.0042850000000001385, "dy": 0.003753125000000024, "parameterCategory": 2, "parameterCategoryName": "Temperature", "parameterNumber": 2}, "data": [0.16, 0.15, 0.14, 0.31, 0.29, 0.2, 0.16, 0.13, 0.13, 0.26, 0.34, 0.41, 0.15, 0.17, -0.02, -0.06, -0.12, -0.16, -0.19, -0.21, 0.17, 0.16, 0.15, 0.13, 0.29, 0.25, 0.14, 0.07, 0.03, 0.18, 0.32, 0.43, 0.19, 0.2, 0.01, -0.07, -0.14, -0.18, -0.22, -0.24, 0.18, 0.17, 0.16, 0.14, 0.3, 0.26, 0.18, 0.01, -0.18, 0.12, 0.34, 0.48, 0.25, 0.26, 0.02, -0.08, -0.16, -0.22, -0.26, -0.27, 0.19, 0.18, 0.17, 0.16, 0.15, 0.29, 0.23, 0.13, 0.04, 0.23, 0.43, 0.56, 0.37, 0.58, 0.04, -0.11, -0.21, -0.28, -0.31, -0.32, 0.2, 0.19, 0.19, 0.19, 0.18, 0.35, 0.32, 0.29, 0.29, 0.42, 0.54, 0.62, 0.7, 0.59, 0.02, -0.16, -0.3, -0.38, -0.39, -0.37, 0.21, 0.21, 0.21, 0.21, 0.21, 0.21, 0.41, 0.43, 0.46, 0.52, 0.58, 0.56, 0.6, 0.18, -0.05, -0.26, -0.44, -0.52, -0.49, -0.43, 0.47, 0.22, 0.23, 0.23, 0.24, 0.26, 0.6, 0.52, 0.56, 0.6, 0.59, 0.42, -0.05, -0.05, -0.15, -0.36, -0.63, -0.74, -0.65, -0.57, 0.46, 0.46, 0.46, 0.65, 0.64, 0.56, 0.58, 0.6, 0.56, 0.65, 0.83, -0.07, -0.23, -0.23, -0.68, -0.75, -0.83, -0.87, -0.82, -0.79, 0.46, 0.46, 0.45, 0.44, 0.61, 0.61, 0.64, 0.59, 0.82, 0.57, 0.18, -0.18, -0.45, -0.32, -0.68, -0.73, -0.78, -0.8, -0.79, -0.78, 0.69, 0.68, 0.66, 0.43, 0.41, 0.53, 0.63, 0.73, 0.97, 0.97, -0.02, -0.26, -0.49, -0.35, -0.69, -0.71, -0.75, -0.76, -0.77, -0.76, 0.69, 0.68, 0.66, 0.62, 0.54, 0.3, 0.64, 0.86, 0.93, 1.07, 0.47, -0.21, -0.29, -0.28, -0.69, -0.71, -0.73, -0.74, -0.75, -0.75, 0.7, 0.68, 0.67, 0.64, 0.6, 0.58, 0.73, 1.02, 1.16, 0.76, 0.58, 0.02, -0.11, -0.22, -0.69, -0.7, -0.71, -0.69, -0.69, -0.69, 0.7, 0.69, 0.68, 0.67, 0.67, 0.69, 0.74, 0.96, 1.09, 0.99, 0.57, 0.14, 0.01, -0.47, -0.46, -0.63, -0.64, -0.64, -0.65, -0.65, 0.71, 0.71, 0.7, 0.7, 0.7, 0.71, 0.67, 0.82, 0.92, 0.93, 0.59, 0.22, 0.11, 0.04, -0.42, -0.58, -0.59, -0.6, -0.61, -0.62, 0.72, 0.72, 0.72, 0.72, 0.72, 0.73, 0.74, 0.74, 0.77, 0.76, 0.75, 0.43, 0.11, 0.04, 0.0, -0.51, -0.53, -0.55, -0.57, -0.59, 0.73, 0.73, 0.34, 0.35, 0.36, 0.66, 0.66, 0.65, 0.65, 0.65, 0.4, 0.33, 0.25, -0.27, -0.27, -0.33, -0.35, -0.37, -0.42, -0.44, 0.32, 0.32, 0.33, 0.33, 0.62, 0.6, 0.56, 0.53, 0.51, 0.53, 0.31, 0.26, 0.17, 0.07, -0.18, -0.38, -0.46, -0.51, -0.56, -0.59, 0.31, 0.31, 0.31, 0.3, 0.57, 0.53, 0.46, 0.37, 0.32, 0.09, 0.08, 0.2, 0.12, -0.17, -0.18, -0.36, -0.46, -0.53, -0.57, -0.6, 0.3, 0.3, 0.29, 0.57, 0.53, 0.47, 0.38, 0.23, 0.02, 0.06, -0.46, -0.5, -0.16, -0.17, -0.34, -0.42, -0.5, -0.56, -0.6, -0.63, 0.3, 0.29, -0.39, -0.38, -0.37, -0.35, -0.31, -0.23, -0.26, -0.41, -0.53, -0.57, -0.16, -0.18, -0.47, -0.51, -0.56, -0.61, -0.64, -0.66, -0.46, -0.46, -0.46, -0.47, -0.47, -0.47, -0.45, -0.42, -0.54, -0.61, -0.67, -0.68, -0.17, -0.55, -0.57, -0.59, -0.63, -0.66, -0.68, -0.69, -0.51, -0.52, -0.54, -0.55, -0.58, -0.6, -0.63, -0.57, -0.81, -0.85, -0.86, -0.84, -0.88, -0.62, -0.63, -0.66, -0.68, -0.71, -0.73, -0.73, -0.56, -0.58, -0.61, -0.52, -0.56, -0.6, -0.66, -0.75, -0.84, -0.88, -0.83, -1.05, -1.35, -0.66, -0.68, -0.69, -0.68, -0.74, -0.78, -0.77, -0.47, -0.49, -0.51, -0.54, -0.59, -0.66, -0.76, -0.92, -1.11, -1.2, -1.05, -0.92, -1.38, -1.23, -1.09, -0.73, -0.56, -0.87, -0.86, -0.82, -0.47, -0.49, -0.51, -0.55, -0.6, -0.68, -0.81, -1.02, -1.4, -1.73, -1.23, -0.92, -0.7, -1.26, -1.13, -1.03, -0.94, -1.08, -0.91, -0.84, -0.46, -0.48, -0.5, -0.53, -0.58, -0.65, -0.77, -0.97, -1.32, -1.62, -1.15, -0.78, -0.6, -1.29, -1.18, -0.62, -0.76, -0.82, -0.89, -0.84, -0.45, -0.46, -0.48, -0.51, -0.54, -0.59, -0.65, -0.75, -0.85, -0.84, -0.65, -0.49, -0.43, -0.19, -0.37, -0.51, -0.62, -0.67, -0.66, -0.63, -0.44, -0.45, -0.46, -0.47, -0.48, -0.5, -0.5, -0.48, -0.39, -0.19, -0.01, -0.26, -0.46, -0.62, -0.26, -0.4, -0.5, -0.56, -0.57, -0.56, -0.42, -0.42, -0.43, -0.43, -0.42, -0.41, -0.37, -0.27, -0.06, 0.34, 0.69, 0.1, -0.27, -0.49, -0.16, -0.3, -0.4, -0.46, -0.49, -0.5, -0.4, -0.4, -0.4, -0.39, -0.37, -0.34, -0.27, -0.15, -0.11, 0.27, 0.51, 0.14, -0.19, -0.42, -0.1, -0.23, -0.32, -0.38, -0.42, -0.44, -0.39, -0.38, -0.37, -0.36, -0.33, -0.29, -0.22, -0.11, -0.16, 0.04, 0.11, -0.03, -0.23, -0.4, -0.06, -0.17, -0.26, -0.32, -0.36, -0.39, -0.37, -0.36, -0.35, -0.33, -0.3, -0.26, -0.2, -0.36, -0.24, -0.15, -0.12, -0.18, -0.3, -0.42, -0.04, -0.14, -0.21, -0.27, -0.32, -0.35]}, {"header": {"refTime": "2023-09-04T17:00:00.000Z", "nx": 21, "ny": 33, "lo1": 113.509, "la1": 22.2235, "lo2": 113.5947, "la2": 22.1034, "dx": 0.0042850000000001385, "dy": 0.003753125000000024, "parameterCategory": 2, "parameterCategoryName": "Temperature", "parameterNumber": 3}, "data": [-1.83, -1.82, -1.81, -1.69, -1.68, -1.35, -1.36, -1.37, -1.36, -1.34, -1.28, -1.23, -1.46, -1.46, -1.32, -1.36, -1.79, -1.83, -1.86, -1.88, -1.84, -1.83, -1.82, -1.8, -1.68, -1.67, -1.38, -1.41, -1.42, -1.38, -1.28, -1.2, -1.41, -1.42, -1.29, -1.73, -1.79, -1.84, -1.88, -1.9, -1.85, -1.84, -1.83, -1.81, -1.68, -1.67, -1.66, -1.44, -1.54, -1.41, -1.26, -1.14, -1.33, -1.35, -1.62, -1.73, -1.81, -1.87, -1.9, -1.92, -1.86, -1.85, -1.84, -1.82, -1.8, -1.68, -1.67, -1.65, -1.63, -1.37, -1.21, -1.03, -1.16, -1.3, -1.59, -1.75, -1.85, -1.91, -1.95, -1.96, -1.87, -1.86, -1.85, -1.84, -1.82, -1.69, -1.69, -1.68, -1.68, -1.33, -1.19, -1.2, -0.78, -1.21, -1.61, -1.8, -1.92, -1.98, -2.0, -2.0, -1.88, -1.88, -1.88, -1.87, -1.85, -1.83, -1.7, -1.7, -1.71, -1.73, -1.67, -1.44, -1.15, -1.58, -1.73, -1.9, -2.03, -2.08, -2.07, -2.04, -2.46, -1.9, -1.9, -1.9, -1.88, -1.86, -1.89, -1.72, -1.73, -2.02, -2.1, -1.92, -2.09, -2.02, -1.9, -2.01, -2.15, -2.21, -2.09, -2.03, -2.48, -2.46, -2.44, -2.22, -2.2, -1.96, -1.9, -1.82, -1.8, -1.98, -1.96, -2.66, -2.77, -2.33, -2.71, -2.6, -2.47, -2.42, -2.5, -2.54, -2.5, -2.48, -2.46, -2.44, -2.23, -2.21, -2.16, -1.88, -1.93, -2.04, -2.41, -2.64, -2.74, -2.69, -2.72, -2.64, -2.56, -2.52, -2.54, -2.56, -2.8, -2.78, -2.76, -2.47, -2.43, -2.26, -2.25, -2.23, -2.09, -2.07, -2.52, -2.63, -2.71, -2.68, -2.73, -2.67, -2.61, -2.58, -2.58, -2.59, -2.81, -2.8, -2.77, -2.72, -2.61, -2.31, -2.66, -2.78, -2.39, -2.22, -2.49, -2.61, -2.65, -2.65, -2.72, -2.68, -2.65, -2.62, -2.61, -2.61, -2.83, -2.82, -2.8, -2.78, -2.73, -2.7, -2.82, -2.84, -2.82, -2.95, -2.53, -2.84, -2.84, -2.62, -2.72, -2.69, -2.67, -2.54, -2.53, -2.53, -2.85, -2.84, -2.84, -2.85, -2.88, -2.98, -3.11, -2.96, -2.87, -2.88, -2.98, -2.83, -2.84, -2.79, -2.78, -2.58, -2.57, -2.55, -2.55, -2.54, -2.86, -2.87, -2.88, -2.91, -2.97, -3.12, -3.4, -3.1, -2.96, -2.92, -3.01, -2.72, -2.71, -2.71, -2.76, -2.58, -2.57, -2.56, -2.56, -2.55, -2.88, -2.89, -2.91, -2.94, -3.0, -3.08, -3.14, -2.9, -2.76, -2.67, -2.62, -2.31, -2.7, -2.69, -2.68, -2.58, -2.58, -2.57, -2.56, -2.56, -2.89, -2.9, -2.55, -2.58, -2.62, -2.77, -2.75, -2.67, -2.58, -2.53, -2.22, -2.27, -2.32, -2.38, -2.42, -2.74, -2.76, -2.79, -2.68, -2.69, -2.48, -2.48, -2.49, -2.5, -2.62, -2.58, -2.51, -2.4, -2.33, -2.33, -2.13, -2.23, -2.32, -2.42, -2.52, -2.57, -2.56, -2.56, -2.55, -2.54, -2.45, -2.44, -2.44, -2.42, -2.5, -2.42, -2.28, -2.09, -1.99, -2.07, -2.22, -2.19, -2.32, -2.5, -2.58, -2.58, -2.56, -2.56, -2.55, -2.54, -2.42, -2.41, -2.39, -2.47, -2.41, -2.3, -2.11, -1.82, -1.56, -1.91, -1.92, -2.07, -2.37, -2.48, -2.58, -2.57, -2.56, -2.56, -2.55, -2.54, -2.39, -2.37, -2.36, -2.32, -2.25, -2.16, -2.01, -1.82, -1.62, -1.77, -1.93, -2.06, -2.37, -2.47, -2.57, -2.57, -2.56, -2.56, -2.54, -2.53, -2.38, -2.36, -2.33, -2.29, -2.23, -2.16, -2.07, -1.97, -1.81, -1.88, -1.98, -2.07, -2.38, -2.56, -2.57, -2.57, -2.57, -2.56, -2.54, -2.53, -2.37, -2.34, -2.32, -2.28, -2.24, -2.18, -2.13, -1.71, -1.95, -1.99, -2.04, -2.09, -2.7, -2.56, -2.57, -2.59, -2.59, -2.57, -2.54, -2.52, -2.35, -2.33, -2.31, -1.72, -1.73, -1.75, -1.77, -1.8, -1.83, -1.85, -1.84, -2.29, -2.46, -2.55, -2.57, -2.61, -2.67, -2.59, -2.51, -2.5, -1.71, -1.72, -1.73, -1.74, -1.75, -1.78, -1.82, -1.88, -1.95, -1.98, -1.93, -2.29, -2.45, -2.48, -2.51, -2.6, -2.87, -2.47, -2.45, -2.47, -1.72, -1.72, -1.73, -1.75, -1.77, -1.8, -1.85, -1.93, -2.06, -2.18, -2.01, -2.25, -2.31, -2.46, -2.48, -2.49, -2.39, -2.21, -2.39, -2.44, -1.72, -1.73, -1.74, -1.75, -1.77, -1.8, -1.84, -1.92, -2.04, -2.15, -2.19, -2.18, -2.23, -2.45, -2.45, -2.28, -2.27, -2.24, -2.4, -2.43, -1.72, -1.73, -1.73, -1.75, -1.76, -1.78, -1.81, -1.85, -1.89, -1.89, -2.04, -2.06, -2.14, -2.07, -2.15, -2.21, -2.23, -2.24, -2.24, -2.24, -1.72, -1.72, -1.73, -1.74, -1.75, -1.76, -1.77, -1.77, -1.75, -1.86, -1.81, -1.69, -1.73, -1.76, -2.09, -2.15, -2.19, -2.21, -2.21, -2.22, -1.71, -1.72, -1.72, -1.73, -1.73, -1.73, -1.73, -1.7, -1.65, -1.66, -1.43, -1.59, -1.68, -1.73, -2.03, -2.1, -2.14, -2.17, -2.18, -2.19, -1.71, -1.71, -1.72, -1.72, -1.72, -1.71, -1.7, -1.67, -1.65, -1.54, -1.48, -1.57, -1.66, -1.71, -1.99, -2.06, -2.11, -2.14, -2.16, -2.17, -1.71, -1.71, -1.71, -1.71, -1.7, -1.7, -1.68, -1.65, -1.66, -1.61, -1.58, -1.62, -1.66, -1.7, -1.97, -2.03, -2.08, -2.11, -2.13, -2.15, -1.7, -1.7, -1.7, -1.7, -1.7, -1.69, -1.67, -1.71, -1.68, -1.65, -1.64, -1.66, -1.68, -1.71, -1.96, -2.01, -2.06, -2.09, -2.11, -2.13]}, {"header": {"refTime": "2023-09-04T17:00:00.000Z", "nx": 21, "ny": 33, "lo1": 113.509, "la1": 22.2235, "lo2": 113.5947, "la2": 22.1034, "dx": 0.0042850000000001385, "dy": 0.003753125000000024, "parameterCategory": 0, "parameterCategoryName": "Temperature", "parameterNumber": 0}, "data": [[33.41, 33.4, 33.37, 32.99, 32.99, 33.19, 33.17, 33.15, 33.15, 33.08, 33.12, 33.16, 33.43, 33.46, 33.52, 33.54, 33.8, 33.8, 33.81, 33.81], [33.43, 33.41, 33.39, 33.36, 32.99, 32.98, 33.15, 33.11, 33.08, 33.06, 33.12, 33.19, 33.46, 33.49, 33.54, 33.79, 33.8, 33.81, 33.81, 33.81], [33.44, 33.43, 33.4, 33.37, 33.0, 32.99, 32.97, 33.07, 32.94, 33.03, 33.14, 33.23, 33.5, 33.52, 33.78, 33.79, 33.8, 33.81, 33.81, 33.82], [33.46, 33.45, 33.43, 33.4, 33.36, 33.0, 32.99, 32.96, 32.94, 33.06, 33.17, 33.3, 33.57, 33.55, 33.78, 33.8, 33.81, 33.82, 33.82, 33.82], [33.49, 33.48, 33.46, 33.44, 33.4, 33.01, 33.01, 33.0, 32.99, 33.1, 33.2, 33.54, 33.64, 33.57, 33.78, 33.8, 33.82, 33.83, 33.83, 33.83], [33.51, 33.51, 33.5, 33.48, 33.46, 33.42, 33.04, 33.05, 33.03, 33.0, 33.38, 33.5, 33.59, 33.73, 33.79, 33.81, 33.84, 33.85, 33.84, 33.84], [33.8, 33.55, 33.55, 33.54, 33.52, 33.48, 33.4, 33.11, 33.1, 33.17, 33.15, 33.44, 33.76, 33.75, 33.8, 33.83, 33.86, 33.87, 33.86, 33.85], [33.82, 33.82, 33.82, 33.82, 33.8, 33.53, 33.44, 33.34, 33.27, 33.13, 32.96, 33.49, 33.5, 33.75, 33.86, 33.85, 33.87, 33.88, 33.87, 33.86], [33.68, 33.7, 33.86, 33.87, 33.88, 33.84, 33.73, 33.4, 33.14, 33.19, 33.18, 33.33, 33.4, 33.31, 33.86, 33.85, 33.86, 33.87, 33.86, 33.86], [34.2, 34.2, 34.2, 33.78, 33.84, 34.0, 33.89, 33.73, 33.02, 33.04, 33.41, 33.24, 33.29, 33.27, 33.86, 33.84, 33.85, 33.86, 33.86, 33.85], [34.2, 34.2, 34.2, 34.2, 34.2, 34.2, 34.2, 34.2, 33.88, 33.13, 32.8, 33.18, 33.23, 33.23, 33.86, 33.84, 33.85, 33.85, 33.85, 33.85], [34.2, 34.2, 34.2, 34.2, 34.2, 34.2, 34.2, 34.2, 34.2, -999.0, 32.8, 33.8, 33.8, 33.2, 33.86, 33.84, 33.84, 33.22, 33.23, 33.24], [34.2, 34.2, 34.2, 34.2, 34.2, 34.2, 34.2, 34.2, 34.2, 34.2, -999.0, 33.8, 33.8, 33.08, 33.4, 33.46, 33.47, 33.32, 33.35, 33.36], [34.2, 34.2, 34.2, 34.2, 34.2, 34.2, 34.2, 34.2, 34.2, 34.2, -999.0, 32.7, 32.7, 32.7, 33.3, 33.36, 33.38, 33.23, 33.26, 33.29], [34.2, 34.2, 34.2, 34.2, 34.2, 34.2, 34.2, 34.3, 34.3, 34.3, 34.3, 33.69, 32.7, 32.7, 32.7, 33.25, 33.29, 33.15, 33.19, 33.23], [34.2, 34.2, 34.26, 34.26, 34.27, 34.3, 34.3, 34.3, 34.3, 34.3, 33.29, 33.41, 33.25, 33.12, 33.27, 32.74, 32.74, 32.73, 33.04, 33.06], [34.26, 34.26, 34.24, 34.24, 34.3, 34.3, 34.3, 34.3, 34.3, 34.3, 33.61, 33.41, 33.2, 33.01, 32.9, 32.77, 32.8, 32.82, 32.83, 32.84], [34.24, 34.24, 34.24, 34.24, 34.3, 34.3, 34.3, 34.3, 34.3, 33.89, 33.68, 33.44, 33.19, 32.92, 32.73, 32.76, 32.8, 32.82, 32.84, 32.85], [34.24, 34.24, 34.24, 34.3, 34.3, 34.3, 34.3, 34.3, 34.16, 33.99, 33.71, 33.5, 33.16, 32.98, 32.76, 32.78, 32.81, 32.84, 32.85, 32.86], [34.24, 34.24, 33.9, 33.92, 33.95, 33.98, 34.04, 34.18, 34.07, 33.9, 33.71, 33.54, 33.2, 33.07, 32.8, 32.82, 32.84, 32.85, 32.86, 32.87], [33.87, 33.88, 33.9, 34.01, 34.03, 34.05, 34.07, 34.1, 33.89, 33.8, 33.68, 33.56, 33.22, 32.83, 32.84, 32.85, 32.86, 32.87, 32.88, 32.88], [33.97, 33.98, 33.98, 33.99, 33.99, 34.0, 34.0, 34.08, 33.77, 33.72, 33.65, 33.57, 33.03, 32.86, 32.86, 32.87, 32.88, 32.89, 32.89, 32.9], [33.96, 33.96, 33.96, 34.07, 34.06, 34.05, 34.04, 34.01, 33.99, 33.97, 33.98, 33.6, 33.19, 32.87, 32.88, 32.89, 32.89, 32.9, 32.91, 32.91], [34.08, 34.08, 34.07, 34.06, 34.05, 34.03, 34.0, 33.95, 33.9, 33.87, 33.91, 33.6, 33.2, 33.13, 33.06, 32.9, 32.86, 32.94, 32.93, 32.92], [34.08, 34.07, 34.06, 34.05, 34.04, 34.02, 33.98, 33.92, 33.81, 33.72, 33.86, 33.64, 33.59, 33.14, 33.07, 33.02, 32.96, 33.0, 32.95, 32.93], [34.08, 34.07, 34.06, 34.05, 34.04, 34.02, 33.98, 33.93, 33.83, 33.75, 33.7, 33.7, 33.65, 33.15, 33.09, 33.18, 33.12, 33.11, 32.94, 32.93], [34.08, 34.07, 34.06, 34.06, 34.05, 34.03, 34.01, 33.98, 33.95, 33.95, 33.82, 33.8, 33.73, 33.47, 33.35, 33.26, 33.2, 33.18, 33.18, 33.19], [34.08, 34.07, 34.07, 34.06, 34.06, 34.05, 34.04, 34.04, 34.06, 33.96, 34.0, 33.97, 33.88, 33.78, 33.43, 33.34, 33.27, 33.24, 33.23, 33.23], [34.08, 34.08, 34.07, 34.07, 34.07, 34.07, 34.08, 34.09, 34.14, 34.13, 34.28, 34.08, 33.94, 33.83, 33.5, 33.4, 33.34, 33.3, 33.28, 33.27], [34.08, 34.08, 34.08, 34.08, 34.08, 34.09, 34.1, 34.12, 34.03, 34.15, 34.22, 34.09, 33.96, 33.86, 33.55, 33.46, 33.39, 33.35, 33.32, 33.31], [34.09, 34.09, 34.09, 34.09, 34.09, 34.1, 34.11, 34.14, 34.01, 34.06, 34.08, 34.03, 33.95, 33.87, 33.58, 33.5, 33.44, 33.39, 33.36, 33.34], [34.09, 34.09, 34.09, 34.09, 34.1, 34.11, 34.12, 33.94, 33.97, 34.0, 34.0, 33.97, 33.92, 33.86, 33.59, 33.52, 33.47, 33.42, 33.39, 33.37]]}]