gis_exercise/awsData/contour/wdir_2023091103.json
[{"header": {"refTime": "2023-09-11T03:00:00.000Z", "nx": 21, "ny": 33, "lo1": 113.509, "la1": 22.2235, "lo2": 113.5947, "la2": 22.1034, "dx": 0.0042850000000001385, "dy": 0.003753125000000024, "parameterCategory": 2, "parameterCategoryName": "Temperature", "parameterNumber": 2}, "data": [-0.6, -0.63, -0.67, -1.22, -1.22, -1.47, -1.45, -1.43, -1.43, -1.3, -1.33, -1.36, -1.75, -1.78, -2.12, -2.19, -2.55, -2.58, -2.61, -2.62, -0.58, -0.61, -0.65, -0.7, -1.22, -1.22, -1.43, -1.39, -1.37, -1.29, -1.34, -1.38, -1.77, -1.81, -2.14, -2.51, -2.56, -2.61, -2.63, -2.65, -0.56, -0.59, -0.63, -0.68, -1.23, -1.22, -1.22, -1.36, -1.24, -1.27, -1.35, -1.42, -1.81, -1.84, -2.43, -2.52, -2.59, -2.64, -2.67, -2.69, -0.52, -0.55, -0.59, -0.64, -0.71, -1.23, -1.23, -1.22, -1.21, -1.29, -1.37, -1.49, -1.86, -1.79, -2.42, -2.54, -2.64, -2.7, -2.73, -2.73, -0.48, -0.5, -0.53, -0.59, -0.66, -1.25, -1.24, -1.24, -1.22, -1.29, -1.38, -1.77, -1.86, -1.81, -2.43, -2.59, -2.73, -2.8, -2.81, -2.79, -0.43, -0.44, -0.46, -0.51, -0.58, -0.69, -1.27, -1.27, -1.25, -1.18, -1.6, -1.74, -1.83, -2.25, -2.48, -2.68, -2.87, -2.95, -2.91, -2.85, -0.97, -0.36, -0.37, -0.4, -0.47, -0.59, -0.69, -1.35, -1.33, -1.38, -1.35, -1.71, -2.36, -2.38, -2.54, -2.76, -3.06, -3.17, -3.11, -3.03, -0.95, -0.9, -0.84, -0.94, -0.95, -0.35, -0.62, -1.05, -1.57, -1.32, -1.05, -2.08, -2.28, -2.5, -2.92, -3.05, -3.2, -3.26, -3.17, -3.12, -0.94, -0.87, -0.78, -0.67, -0.71, -0.78, -1.07, -0.76, -1.8, -1.42, -1.82, -2.25, -2.6, -2.43, -2.92, -3.01, -3.1, -3.15, -3.13, -3.1, -1.56, -1.46, -1.31, -0.56, -0.27, -0.22, -0.77, -1.39, -2.14, -2.0, -2.07, -2.37, -2.67, -2.47, -2.93, -2.99, -3.04, -3.07, -3.08, -3.07, -1.59, -1.5, -1.35, -1.09, -0.53, 1.09, -0.99, -2.1, -2.13, -2.42, -2.67, -2.3, -2.41, -2.39, -2.93, -2.97, -3.01, -3.03, -3.04, -3.04, -1.65, -1.58, -1.47, -1.31, -1.04, -0.91, -1.74, -2.78, -3.2, -3.6, -2.84, -3.12, -3.06, -2.31, -2.93, -2.96, -2.98, -2.77, -2.77, -2.76, -1.72, -1.68, -1.64, -1.62, -1.68, -2.02, -2.56, -2.89, -3.1, -2.79, -3.51, -3.18, -3.12, -2.39, -2.35, -2.63, -2.64, -2.66, -2.67, -2.68, -1.79, -1.79, -1.81, -1.87, -2.05, -2.46, -3.09, -2.8, -2.78, -2.68, -3.51, -2.92, -2.79, -2.69, -2.23, -2.48, -2.51, -2.54, -2.57, -2.6, -1.86, -1.88, -1.92, -2.02, -2.19, -2.44, -2.65, -3.1, -3.05, -3.0, -2.94, -2.26, -2.64, -2.51, -2.43, -2.31, -2.37, -2.42, -2.48, -2.52, -1.92, -1.95, -1.26, -1.36, -1.5, -2.91, -2.9, -2.85, -2.79, -2.76, -2.18, -2.1, -2.0, -1.75, -1.73, -1.98, -2.04, -2.1, -2.24, -2.3, -1.19, -1.23, -1.29, -1.36, -2.77, -2.72, -2.63, -2.52, -2.45, -2.47, -2.0, -1.96, -1.88, -1.76, -1.55, -1.67, -1.75, -1.8, -1.84, -1.87, -1.21, -1.24, -1.29, -1.34, -2.63, -2.53, -2.36, -2.12, -2.01, -1.7, -1.74, -1.87, -1.8, -1.55, -1.48, -1.65, -1.75, -1.82, -1.86, -1.89, -1.22, -1.25, -1.28, -2.62, -2.53, -2.39, -2.16, -1.78, -1.34, -1.57, -1.42, -1.46, -1.59, -1.58, -1.64, -1.71, -1.8, -1.86, -1.89, -1.91, -1.22, -1.25, -2.09, -2.06, -2.0, -1.91, -1.78, -1.6, -1.32, -1.38, -1.44, -1.47, -1.63, -1.65, -1.77, -1.82, -1.87, -1.91, -1.93, -1.94, -2.11, -2.09, -2.06, -2.02, -1.97, -1.9, -1.81, -1.72, -1.42, -1.45, -1.48, -1.5, -1.67, -1.86, -1.88, -1.92, -1.96, -1.98, -1.98, -1.97, -2.09, -2.07, -2.04, -2.0, -1.96, -1.91, -1.85, -1.41, -1.51, -1.52, -1.53, -1.54, -1.93, -1.93, -1.96, -2.01, -2.05, -2.05, -2.02, -2.0, -2.07, -2.05, -2.02, -1.39, -1.4, -1.42, -1.44, -1.46, -1.49, -1.5, -1.49, -1.85, -2.06, -1.97, -2.02, -2.09, -2.15, -2.11, -2.05, -2.02, -1.38, -1.38, -1.39, -1.4, -1.41, -1.44, -1.47, -1.51, -1.57, -1.6, -1.55, -1.8, -2.05, -2.08, -2.12, -2.12, -2.31, -2.1, -2.05, -2.02, -1.38, -1.39, -1.39, -1.4, -1.42, -1.44, -1.48, -1.54, -1.66, -1.75, -1.61, -1.76, -1.8, -2.07, -2.1, -2.12, -2.05, -1.97, -2.02, -2.02, -1.38, -1.38, -1.39, -1.4, -1.41, -1.44, -1.47, -1.53, -1.63, -1.72, -1.72, -1.7, -1.74, -2.06, -2.08, -1.94, -1.97, -1.96, -2.01, -2.01, -1.38, -1.38, -1.39, -1.39, -1.4, -1.42, -1.44, -1.47, -1.5, -1.49, -1.59, -1.59, -1.65, -1.71, -1.81, -1.88, -1.91, -1.93, -1.93, -1.92, -1.37, -1.37, -1.38, -1.38, -1.39, -1.39, -1.39, -1.39, -1.36, -1.42, -1.37, -1.35, -1.41, -1.47, -1.74, -1.81, -1.86, -1.88, -1.89, -1.89, -1.37, -1.37, -1.37, -1.37, -1.37, -1.37, -1.35, -1.33, -1.27, -1.24, -1.05, -1.23, -1.35, -1.43, -1.68, -1.76, -1.81, -1.84, -1.85, -1.86, -1.36, -1.36, -1.36, -1.36, -1.35, -1.34, -1.33, -1.29, -1.3, -1.18, -1.11, -1.22, -1.33, -1.4, -1.64, -1.71, -1.76, -1.8, -1.82, -1.83, -1.36, -1.36, -1.35, -1.35, -1.34, -1.33, -1.31, -1.28, -1.31, -1.25, -1.23, -1.28, -1.34, -1.4, -1.62, -1.68, -1.73, -1.77, -1.79, -1.81, -1.35, -1.35, -1.35, -1.34, -1.33, -1.32, -1.3, -1.37, -1.34, -1.31, -1.3, -1.32, -1.36, -1.4, -1.61, -1.66, -1.71, -1.74, -1.77, -1.78]}, {"header": {"refTime": "2023-09-11T03:00:00.000Z", "nx": 21, "ny": 33, "lo1": 113.509, "la1": 22.2235, "lo2": 113.5947, "la2": 22.1034, "dx": 0.0042850000000001385, "dy": 0.003753125000000024, "parameterCategory": 2, "parameterCategoryName": "Temperature", "parameterNumber": 3}, "data": [0.05, 0.06, 0.07, 0.59, 0.56, 0.76, 0.7, 0.65, 0.64, 0.69, 0.82, 0.95, 1.69, 1.79, 2.22, 2.36, 3.49, 3.55, 3.6, 3.63, 0.05, 0.06, 0.07, 0.08, 0.57, 0.52, 0.65, 0.53, 0.46, 0.59, 0.81, 1.0, 1.75, 1.85, 2.28, 3.41, 3.51, 3.59, 3.64, 3.68, 0.04, 0.05, 0.07, 0.08, 0.59, 0.53, 0.45, 0.43, 0.08, 0.5, 0.85, 1.1, 1.85, 1.94, 3.27, 3.43, 3.56, 3.65, 3.71, 3.74, 0.03, 0.04, 0.06, 0.08, 0.1, 0.58, 0.51, 0.39, 0.28, 0.64, 0.98, 1.28, 1.98, 2.23, 3.24, 3.47, 3.64, 3.75, 3.8, 3.81, 0.01, 0.03, 0.04, 0.07, 0.11, 0.65, 0.62, 0.58, 0.56, 0.87, 1.12, 2.17, 2.12, 2.23, 3.26, 3.56, 3.79, 3.91, 3.93, 3.9, -0.01, 0.0, 0.02, 0.05, 0.1, 0.17, 0.74, 0.76, 0.78, 0.79, 2.11, 2.22, 2.23, 2.84, 3.37, 3.71, 4.02, 4.15, 4.09, 3.99, 0.8, -0.03, -0.02, 0.0, 0.06, 0.16, 0.59, 0.91, 0.95, 1.61, 1.74, 2.39, 3.19, 3.15, 3.53, 3.87, 4.33, 4.5, 4.24, 4.08, 0.78, 0.74, 0.69, 0.75, 0.75, 0.31, 0.52, 0.83, 1.31, 1.52, 1.35, 3.06, 3.36, 3.37, 4.11, 4.3, 4.54, 4.63, 4.5, 4.41, 0.78, 0.72, 0.65, 0.55, 0.57, 0.61, 0.84, 0.62, 1.5, 1.66, 2.5, 3.12, 3.47, 3.3, 4.07, 4.23, 4.38, 4.45, 4.42, 4.37, 1.36, 1.27, 1.15, 0.47, 0.23, 0.17, 0.62, 1.11, 1.83, 1.74, 2.82, 3.17, 3.47, 3.3, 4.05, 4.17, 4.27, 4.33, 4.34, 4.33, 1.38, 1.3, 1.18, 0.96, 0.49, -0.88, 0.87, 1.79, 1.75, 2.08, 2.8, 3.1, 3.22, 3.21, 4.05, 4.13, 4.21, 4.26, 4.28, 4.28, 1.43, 1.37, 1.28, 1.14, 0.92, 0.81, 1.51, 2.36, 2.7, 3.3, 2.87, 3.62, 3.65, 3.12, 4.06, 4.12, 4.17, 3.74, 3.76, 3.76, 1.49, 1.46, 1.43, 1.41, 1.46, 1.75, 2.21, 2.47, 2.63, 2.37, 3.32, 3.59, 3.62, 3.26, 3.22, 3.52, 3.55, 3.58, 3.61, 3.63, 1.55, 1.55, 1.57, 1.62, 1.78, 2.13, 2.68, 2.41, 2.37, 2.29, 3.3, 3.08, 3.03, 2.98, 3.06, 3.33, 3.37, 3.43, 3.48, 3.52, 1.61, 1.63, 1.67, 1.75, 1.89, 2.11, 2.29, 2.94, 2.95, 2.94, 2.93, 2.61, 2.89, 2.82, 2.77, 3.11, 3.18, 3.27, 3.34, 3.4, 1.66, 1.68, 1.52, 1.6, 1.72, 2.89, 2.89, 2.88, 2.88, 2.88, 2.61, 2.54, 2.46, 2.49, 2.45, 2.53, 2.59, 2.65, 2.98, 3.05, 1.5, 1.54, 1.59, 1.67, 2.86, 2.85, 2.83, 2.81, 2.8, 2.81, 2.56, 2.49, 2.39, 2.28, 2.18, 2.07, 2.09, 2.1, 2.11, 2.11, 1.55, 1.59, 1.65, 1.72, 2.84, 2.81, 2.77, 2.72, 2.7, 2.49, 2.44, 2.46, 2.35, 2.18, 2.05, 2.07, 2.09, 2.11, 2.12, 2.12, 1.59, 1.63, 1.69, 2.83, 2.81, 2.78, 2.73, 2.64, 2.51, 2.49, 2.08, 2.0, 2.31, 2.23, 2.07, 2.09, 2.11, 2.12, 2.13, 2.13, 1.62, 1.66, 2.2, 2.21, 2.22, 2.24, 2.27, 2.34, 2.29, 2.15, 2.03, 1.96, 2.36, 2.32, 2.11, 2.12, 2.13, 2.14, 2.14, 2.13, 2.15, 2.15, 2.15, 2.15, 2.15, 2.16, 2.17, 2.19, 2.06, 2.0, 1.93, 1.89, 2.41, 2.13, 2.14, 2.16, 2.17, 2.16, 2.15, 2.14, 2.12, 2.11, 2.1, 2.09, 2.07, 2.06, 2.04, 1.46, 1.86, 1.82, 1.8, 1.8, 1.93, 2.15, 2.17, 2.2, 2.22, 2.2, 2.16, 2.14, 2.08, 2.07, 2.05, 1.21, 1.23, 1.25, 1.26, 1.25, 1.21, 1.17, 1.14, 1.9, 1.73, 2.16, 2.19, 2.25, 2.32, 2.23, 2.15, 2.13, 1.12, 1.13, 1.13, 1.13, 1.14, 1.13, 1.11, 1.08, 1.04, 1.01, 0.99, 1.08, 1.69, 1.84, 1.98, 2.25, 2.54, 2.13, 2.09, 2.1, 1.08, 1.08, 1.07, 1.06, 1.05, 1.03, 1.0, 0.96, 0.93, 0.91, 0.89, 1.0, 1.15, 1.81, 1.94, 2.03, 2.04, 1.86, 2.03, 2.08, 1.04, 1.03, 1.01, 0.99, 0.97, 0.94, 0.9, 0.86, 0.85, 0.86, 0.84, 0.89, 1.03, 1.78, 1.88, 1.75, 1.8, 1.79, 2.04, 2.07, 1.0, 0.98, 0.96, 0.93, 0.9, 0.86, 0.81, 0.76, 0.71, 0.66, 0.67, 0.73, 0.89, 1.26, 1.46, 1.61, 1.69, 1.71, 1.71, 1.7, 0.96, 0.94, 0.92, 0.88, 0.84, 0.79, 0.72, 0.64, 0.53, 0.42, 0.36, 0.3, 0.43, 0.55, 1.32, 1.47, 1.57, 1.62, 1.64, 1.64, 0.93, 0.91, 0.88, 0.84, 0.79, 0.73, 0.65, 0.54, 0.38, 0.14, -0.16, 0.13, 0.33, 0.48, 1.2, 1.36, 1.46, 1.53, 1.56, 1.58, 0.91, 0.88, 0.85, 0.81, 0.76, 0.69, 0.61, 0.5, 0.21, 0.04, -0.07, 0.12, 0.3, 0.44, 1.12, 1.27, 1.37, 1.45, 1.49, 1.52, 0.89, 0.86, 0.82, 0.78, 0.73, 0.67, 0.59, 0.5, 0.24, 0.16, 0.13, 0.21, 0.32, 0.43, 1.07, 1.2, 1.31, 1.38, 1.43, 1.46, 0.87, 0.84, 0.81, 0.77, 0.72, 0.67, 0.6, 0.35, 0.3, 0.25, 0.25, 0.29, 0.36, 0.44, 1.05, 1.16, 1.26, 1.33, 1.38, 1.42]}, {"header": {"refTime": "2023-09-11T03:00:00.000Z", "nx": 21, "ny": 33, "lo1": 113.509, "la1": 22.2235, "lo2": 113.5947, "la2": 22.1034, "dx": 0.0042850000000001385, "dy": 0.003753125000000024, "parameterCategory": 0, "parameterCategoryName": "Temperature", "parameterNumber": 0}, "data": [[26.39, 26.38, 26.38, 26.09, 26.1, 26.32, 26.32, 26.32, 26.32, 26.22, 26.21, 26.21, 26.4, 26.41, 26.44, 26.44, 26.47, 26.47, 26.47, 26.47], [26.39, 26.39, 26.38, 26.37, 26.1, 26.12, 26.32, 26.32, 26.32, 26.23, 26.22, 26.22, 26.41, 26.42, 26.45, 26.47, 26.47, 26.47, 26.47, 26.47], [26.4, 26.39, 26.38, 26.38, 26.1, 26.11, 26.14, 26.31, 26.3, 26.24, 26.22, 26.23, 26.42, 26.43, 26.47, 26.47, 26.47, 26.48, 26.48, 26.48], [26.4, 26.4, 26.39, 26.38, 26.37, 26.1, 26.13, 26.16, 26.19, 26.21, 26.21, 26.26, 26.44, 26.3, 26.48, 26.48, 26.48, 26.48, 26.48, 26.48], [26.41, 26.4, 26.4, 26.39, 26.38, 26.09, 26.1, 26.11, 26.1, 26.15, 26.18, 26.3, 26.42, 26.33, 26.47, 26.48, 26.48, 26.48, 26.48, 26.48], [26.42, 26.41, 26.41, 26.4, 26.39, 26.37, 26.08, 26.07, 26.05, 25.99, 26.13, 26.25, 26.35, 26.47, 26.47, 26.48, 26.48, 26.48, 26.48, 26.48], [26.48, 26.43, 26.42, 26.42, 26.41, 26.39, 26.17, 26.08, 26.05, 25.96, 25.92, 26.16, 26.44, 26.45, 26.47, 26.48, 26.49, 26.49, 26.5, 26.5], [26.49, 26.49, 26.49, 26.49, 26.48, 26.25, 26.21, 26.16, 26.14, 25.93, 25.74, 26.15, 26.16, 26.45, 26.46, 26.45, 26.47, 26.48, 26.47, 26.46], [26.41, 26.42, 26.51, 26.52, 26.52, 26.5, 26.44, 26.19, 26.01, 25.99, 25.91, 26.03, 26.08, 26.01, 26.46, 26.45, 26.46, 26.47, 26.46, 26.46], [26.7, 26.7, 26.7, 26.47, 26.5, 26.59, 26.53, 26.44, 25.86, 25.89, 26.09, 25.95, 26.0, 25.97, 26.46, 26.44, 26.45, 26.46, 26.46, 26.45], [26.7, 26.7, 26.7, 26.7, 26.7, 26.7, 26.7, 26.7, 26.52, 25.99, 25.6, 25.9, 25.94, 25.94, 26.46, 26.44, 26.45, 26.45, 26.45, 26.45], [26.7, 26.7, 26.7, 26.7, 26.7, 26.7, 26.7, 26.7, 26.7, -999.0, 25.6, 26.4, 26.4, 25.92, 26.46, 26.44, 26.44, 25.93, 25.95, 25.95], [26.7, 26.7, 26.7, 26.7, 26.7, 26.7, 26.7, 26.7, 26.7, 26.7, -999.0, 26.4, 26.4, 25.81, 26.07, 26.14, 26.14, 26.02, 26.04, 26.05], [26.7, 26.7, 26.7, 26.7, 26.7, 26.7, 26.7, 26.7, 26.7, 26.7, -999.0, 25.5, 25.5, 25.5, 25.99, 26.05, 26.07, 25.94, 25.97, 25.99], [26.7, 26.7, 26.7, 26.7, 26.7, 26.7, 26.7, 26.8, 26.8, 26.8, 26.8, 26.3, 25.5, 25.5, 25.5, 25.96, 25.99, 25.87, 25.91, 25.94], [26.7, 26.7, 26.76, 26.76, 26.77, 26.8, 26.8, 26.8, 26.8, 26.8, 25.98, 26.07, 25.95, 25.84, 25.96, 25.83, 25.88, 25.79, 26.0, 26.04], [26.76, 26.76, 26.74, 26.74, 26.8, 26.8, 26.8, 26.8, 26.8, 26.8, 26.24, 26.08, 25.91, 25.75, 25.76, 25.74, 25.82, 25.89, 25.94, 25.97], [26.74, 26.74, 26.74, 26.74, 26.8, 26.8, 26.8, 26.8, 26.8, 26.47, 26.3, 26.1, 25.9, 25.77, 25.54, 25.71, 25.83, 25.91, 25.96, 25.99], [26.74, 26.74, 26.74, 26.8, 26.8, 26.8, 26.8, 26.8, 26.68, 26.55, 26.39, 26.22, 26.02, 25.85, 25.69, 25.78, 25.88, 25.95, 25.99, 26.02], [26.74, 26.74, 26.69, 26.69, 26.7, 26.71, 26.73, 26.77, 26.66, 26.54, 26.4, 26.27, 26.09, 25.99, 25.85, 25.9, 25.97, 26.01, 26.04, 26.06], [26.68, 26.68, 26.68, 26.72, 26.72, 26.73, 26.73, 26.74, 26.55, 26.49, 26.41, 26.31, 26.15, 25.95, 25.97, 26.02, 26.06, 26.08, 26.09, 26.09], [26.71, 26.71, 26.71, 26.71, 26.71, 26.71, 26.72, 26.71, 26.5, 26.47, 26.41, 26.34, 26.15, 26.03, 26.06, 26.11, 26.15, 26.16, 26.15, 26.13], [26.7, 26.7, 26.7, 26.7, 26.7, 26.7, 26.7, 26.69, 26.69, 26.68, 26.68, 26.61, 26.41, 26.08, 26.13, 26.19, 26.24, 26.23, 26.19, 26.16], [26.7, 26.7, 26.7, 26.7, 26.69, 26.69, 26.68, 26.67, 26.66, 26.66, 26.66, 26.58, 26.42, 26.39, 26.36, 26.22, 26.33, 26.25, 26.21, 26.18], [26.7, 26.7, 26.69, 26.69, 26.69, 26.68, 26.68, 26.66, 26.64, 26.62, 26.65, 26.58, 26.57, 26.39, 26.36, 26.34, 26.24, 26.22, 26.21, 26.18], [26.7, 26.69, 26.69, 26.69, 26.69, 26.68, 26.67, 26.66, 26.64, 26.63, 26.6, 26.59, 26.58, 26.39, 26.37, 26.36, 26.33, 26.32, 26.2, 26.18], [26.69, 26.69, 26.69, 26.69, 26.68, 26.68, 26.67, 26.67, 26.66, 26.66, 26.61, 26.61, 26.59, 26.44, 26.41, 26.38, 26.36, 26.35, 26.35, 26.36], [26.69, 26.69, 26.69, 26.69, 26.68, 26.68, 26.68, 26.67, 26.67, 26.64, 26.64, 26.6, 26.56, 26.52, 26.43, 26.4, 26.38, 26.37, 26.37, 26.37], [26.69, 26.69, 26.69, 26.69, 26.68, 26.68, 26.68, 26.68, 26.68, 26.66, 26.67, 26.62, 26.58, 26.54, 26.45, 26.42, 26.4, 26.39, 26.38, 26.38], [26.69, 26.69, 26.69, 26.69, 26.69, 26.68, 26.68, 26.68, 26.61, 26.64, 26.66, 26.62, 26.58, 26.55, 26.46, 26.44, 26.42, 26.4, 26.4, 26.39], [26.69, 26.69, 26.69, 26.69, 26.69, 26.68, 26.68, 26.68, 26.6, 26.62, 26.62, 26.6, 26.58, 26.55, 26.47, 26.45, 26.43, 26.42, 26.41, 26.4], [26.69, 26.69, 26.69, 26.69, 26.69, 26.69, 26.69, 26.59, 26.59, 26.6, 26.6, 26.59, 26.57, 26.55, 26.47, 26.45, 26.44, 26.43, 26.42, 26.41]]}]