gis_exercise/awsData/contour/wdir_2023091119.json
[{"header": {"refTime": "2023-09-11T19:00:00.000Z", "nx": 21, "ny": 33, "lo1": 113.509, "la1": 22.2235, "lo2": 113.5947, "la2": 22.1034, "dx": 0.0042850000000001385, "dy": 0.003753125000000024, "parameterCategory": 2, "parameterCategoryName": "Temperature", "parameterNumber": 2}, "data": [-2.14, -2.15, -2.16, -2.47, -2.45, -2.69, -2.65, -2.6, -2.6, -2.5, -2.58, -2.66, -3.29, -3.36, -4.46, -4.66, -5.55, -5.66, -5.75, -5.8, -2.14, -2.15, -2.16, -2.17, -2.46, -2.43, -2.61, -2.52, -2.46, -2.44, -2.58, -2.69, -3.33, -3.4, -4.5, -5.43, -5.6, -5.74, -5.84, -5.89, -2.13, -2.14, -2.16, -2.17, -2.47, -2.44, -2.39, -2.45, -2.18, -2.39, -2.6, -2.76, -3.39, -3.46, -5.18, -5.46, -5.7, -5.87, -5.97, -6.01, -2.12, -2.13, -2.15, -2.17, -2.19, -2.48, -2.43, -2.35, -2.28, -2.47, -2.68, -2.89, -3.48, -3.56, -5.14, -5.54, -5.86, -6.07, -6.16, -6.16, -2.1, -2.12, -2.13, -2.16, -2.19, -2.53, -2.51, -2.48, -2.46, -2.57, -2.75, -3.52, -3.52, -3.57, -5.17, -5.71, -6.15, -6.38, -6.41, -6.34, -2.08, -2.09, -2.11, -2.14, -2.18, -2.25, -2.6, -2.61, -2.6, -2.55, -3.4, -3.54, -3.58, -4.8, -5.32, -5.98, -6.61, -6.87, -6.74, -6.53, -3.39, -2.06, -2.07, -2.09, -2.14, -2.23, -2.45, -2.76, -2.76, -3.1, -3.12, -3.63, -5.15, -5.28, -5.51, -6.26, -7.24, -7.61, -7.58, -7.37, -3.39, -3.33, -3.25, -3.36, -3.33, -2.21, -2.4, -2.71, -3.14, -3.01, -2.7, -4.82, -5.24, -5.76, -7.13, -7.46, -7.86, -8.0, -7.79, -7.64, -3.4, -3.33, -3.23, -3.09, -3.14, -3.17, -3.39, -2.5, -3.69, -3.15, -4.57, -5.55, -6.65, -6.12, -7.2, -7.4, -7.62, -7.72, -7.67, -7.59, -4.62, -4.5, -4.32, -3.03, -2.72, -2.68, -3.24, -3.86, -4.37, -4.16, -5.22, -6.05, -7.01, -6.33, -7.27, -7.36, -7.48, -7.55, -7.56, -7.53, -4.66, -4.55, -4.36, -4.04, -3.35, -1.34, -3.91, -5.29, -4.95, -4.89, -6.31, -5.86, -6.17, -6.08, -7.28, -7.33, -7.4, -7.45, -7.47, -7.46, -4.73, -4.64, -4.51, -4.31, -3.98, -3.82, -4.85, -6.14, -6.65, -7.55, -6.49, -7.11, -7.11, -5.86, -7.27, -7.3, -7.35, -7.12, -7.1, -7.09, -4.82, -4.77, -4.73, -4.7, -4.77, -5.18, -5.86, -6.27, -6.53, -6.14, -7.58, -7.1, -7.08, -5.97, -5.87, -6.83, -6.83, -6.85, -6.87, -6.89, -4.91, -4.91, -4.93, -5.01, -5.23, -5.73, -6.5, -6.15, -6.13, -6.01, -7.54, -6.72, -6.56, -6.4, -5.57, -6.45, -6.5, -6.56, -6.63, -6.69, -4.99, -5.02, -5.07, -5.19, -5.4, -5.71, -5.96, -5.58, -5.32, -5.07, -4.86, -3.79, -6.19, -5.98, -5.84, -6.0, -6.12, -6.26, -6.39, -6.49, -5.06, -5.1, -2.88, -3.01, -3.19, -4.96, -4.9, -4.68, -4.44, -4.31, -3.35, -3.43, -3.51, -3.76, -3.85, -4.84, -4.95, -5.04, -5.14, -5.24, -2.63, -2.67, -2.71, -2.76, -4.42, -4.26, -3.95, -3.55, -3.3, -3.36, -2.82, -3.11, -3.35, -3.53, -3.32, -3.61, -3.54, -3.49, -3.44, -3.41, -2.54, -2.55, -2.54, -2.5, -3.96, -3.6, -3.01, -2.22, -1.82, -1.65, -2.21, -2.84, -3.22, -3.26, -3.73, -3.63, -3.54, -3.47, -3.43, -3.4, -2.45, -2.42, -2.37, -3.88, -3.58, -3.11, -2.33, -1.05, 0.21, -1.06, -1.38, -1.99, -2.65, -3.13, -3.65, -3.58, -3.51, -3.45, -3.4, -3.37, -2.37, -2.32, -2.94, -2.78, -2.54, -2.17, -1.63, -0.85, -0.14, -0.79, -1.45, -1.98, -2.57, -2.95, -3.54, -3.5, -3.46, -3.41, -3.37, -3.34, -3.06, -2.99, -2.88, -2.73, -2.52, -2.24, -1.88, -1.52, -0.99, -1.3, -1.7, -2.06, -2.54, -3.46, -3.46, -3.44, -3.41, -3.37, -3.33, -3.31, -3.02, -2.95, -2.85, -2.73, -2.58, -2.4, -2.21, -1.23, -1.65, -1.82, -2.03, -2.22, -4.0, -3.41, -3.41, -3.41, -3.41, -3.35, -3.29, -3.26, -3.0, -2.94, -2.86, -1.51, -1.53, -1.56, -1.62, -1.73, -1.87, -1.97, -1.97, -2.61, -3.4, -3.37, -3.37, -3.42, -3.5, -3.35, -3.22, -3.2, -1.57, -1.59, -1.61, -1.64, -1.69, -1.78, -1.92, -2.14, -2.42, -2.56, -2.4, -3.44, -3.41, -3.35, -3.33, -3.38, -3.86, -3.1, -3.08, -3.13, -1.63, -1.65, -1.69, -1.74, -1.82, -1.94, -2.12, -2.42, -2.89, -3.28, -2.75, -3.38, -3.41, -3.34, -3.28, -3.21, -2.93, -2.58, -2.95, -3.08, -1.68, -1.71, -1.75, -1.82, -1.9, -2.03, -2.21, -2.48, -2.9, -3.23, -3.36, -3.26, -3.29, -3.32, -3.25, -2.84, -2.78, -2.71, -2.98, -3.07, -1.71, -1.75, -1.8, -1.86, -1.95, -2.05, -2.2, -2.37, -2.55, -2.6, -3.06, -3.05, -3.13, -2.61, -2.7, -2.75, -2.76, -2.75, -2.75, -2.77, -1.74, -1.78, -1.83, -1.89, -1.96, -2.04, -2.14, -2.22, -2.26, -2.73, -2.62, -2.35, -2.37, -2.35, -2.62, -2.69, -2.72, -2.73, -2.74, -2.75, -1.76, -1.8, -1.84, -1.9, -1.95, -2.02, -2.07, -2.11, -2.08, -2.34, -1.92, -2.17, -2.28, -2.31, -2.56, -2.63, -2.68, -2.7, -2.72, -2.73, -1.78, -1.81, -1.85, -1.9, -1.94, -1.99, -2.02, -2.03, -2.3, -2.11, -2.0, -2.14, -2.24, -2.29, -2.51, -2.59, -2.64, -2.67, -2.69, -2.7, -1.79, -1.82, -1.85, -1.89, -1.92, -1.96, -1.98, -1.99, -2.3, -2.21, -2.16, -2.2, -2.25, -2.28, -2.49, -2.56, -2.61, -2.64, -2.67, -2.68, -1.79, -1.82, -1.85, -1.88, -1.91, -1.93, -1.95, -2.38, -2.32, -2.27, -2.24, -2.25, -2.27, -2.29, -2.48, -2.54, -2.58, -2.62, -2.64, -2.66]}, {"header": {"refTime": "2023-09-11T19:00:00.000Z", "nx": 21, "ny": 33, "lo1": 113.509, "la1": 22.2235, "lo2": 113.5947, "la2": 22.1034, "dx": 0.0042850000000001385, "dy": 0.003753125000000024, "parameterCategory": 2, "parameterCategoryName": "Temperature", "parameterNumber": 3}, "data": [-0.11, -0.1, -0.08, 0.57, 0.54, 0.22, 0.18, 0.15, 0.13, 0.2, 0.24, 0.28, 0.37, 0.4, 0.73, 0.83, 1.36, 1.42, 1.46, 1.49, -0.11, -0.1, -0.09, -0.07, 0.54, 0.49, 0.17, 0.1, 0.06, 0.15, 0.23, 0.28, 0.37, 0.4, 0.74, 1.3, 1.39, 1.45, 1.5, 1.53, -0.12, -0.11, -0.09, -0.07, 0.56, 0.5, 0.4, 0.07, -0.1, 0.11, 0.24, 0.29, 0.37, 0.4, 1.17, 1.31, 1.43, 1.51, 1.56, 1.58, -0.14, -0.12, -0.1, -0.08, -0.05, 0.55, 0.47, 0.34, 0.22, 0.19, 0.29, 0.3, 0.35, 0.68, 1.15, 1.35, 1.5, 1.6, 1.64, 1.65, -0.15, -0.14, -0.12, -0.09, -0.05, 0.63, 0.59, 0.55, 0.54, 0.36, 0.38, 0.63, 0.35, 0.62, 1.16, 1.43, 1.63, 1.73, 1.75, 1.72, -0.18, -0.17, -0.15, -0.12, -0.07, 0.01, 0.72, 0.74, 0.77, 0.82, 0.96, 0.79, 0.58, 0.83, 1.26, 1.56, 1.83, 1.94, 1.89, 1.81, 0.42, -0.2, -0.19, -0.17, -0.11, -0.01, 0.53, 0.87, 0.92, 1.26, 1.31, 1.09, 1.12, 1.1, 1.39, 1.7, 2.1, 2.25, 2.05, 1.91, 0.41, 0.37, 0.33, 0.28, 0.3, 0.23, 0.44, 0.74, 1.08, 1.25, 1.31, 1.53, 1.57, 1.31, 1.94, 2.11, 2.31, 2.38, 2.27, 2.2, 0.39, 0.35, 0.28, 0.2, 0.12, 0.18, 0.4, 0.54, 1.27, 1.26, 1.5, 1.58, 1.66, 1.62, 1.92, 2.05, 2.17, 2.23, 2.21, 2.17, 0.67, 0.6, 0.5, 0.11, -0.11, -0.23, 0.15, 0.58, 1.43, 1.42, 1.55, 1.61, 1.69, 1.64, 1.91, 2.0, 2.08, 2.13, 2.14, 2.13, 0.69, 0.62, 0.52, 0.35, -0.03, -1.14, 0.25, 0.97, 1.01, 1.55, 1.72, 1.6, 1.62, 1.62, 1.91, 1.97, 2.03, 2.07, 2.09, 2.09, 0.73, 0.68, 0.61, 0.5, 0.32, 0.23, 0.78, 1.4, 1.63, 1.98, 1.76, 1.79, 1.77, 1.6, 1.92, 1.96, 2.0, 1.67, 1.68, 1.67, 0.78, 0.76, 0.73, 0.72, 0.77, 1.02, 1.41, 1.52, 1.6, 1.42, 1.97, 1.81, 1.79, 1.25, 1.21, 1.48, 1.51, 1.53, 1.56, 1.57, 0.83, 0.83, 0.85, 0.9, 1.04, 1.35, 1.87, 1.54, 1.46, 1.38, 1.98, 1.41, 1.32, 1.24, 1.07, 1.32, 1.35, 1.4, 1.44, 1.47, 0.88, 0.9, 0.93, 1.0, 1.13, 1.32, 1.47, 1.93, 1.9, 1.87, 1.85, 1.18, 1.18, 1.08, 1.02, 1.13, 1.19, 1.26, 1.33, 1.38, 0.92, 0.94, 0.81, 0.88, 0.98, 1.88, 1.87, 1.85, 1.82, 1.81, 1.22, 1.1, 0.95, 0.77, 0.71, 1.0, 1.12, 1.24, 1.54, 1.64, 0.78, 0.81, 0.86, 0.92, 1.83, 1.81, 1.79, 1.75, 1.73, 1.73, 1.17, 1.03, 0.85, 0.65, 0.64, 0.69, 0.87, 1.0, 1.1, 1.16, 0.81, 0.84, 0.89, 0.94, 1.79, 1.76, 1.71, 1.64, 1.6, 1.28, 1.17, 1.0, 0.8, 0.64, 0.27, 0.64, 0.89, 1.05, 1.14, 1.21, 0.84, 0.87, 0.91, 1.78, 1.76, 1.71, 1.65, 1.54, 1.37, 1.29, 0.74, 0.58, 1.01, 0.8, 0.61, 0.79, 1.0, 1.14, 1.22, 1.27, 0.85, 0.89, 1.16, 1.17, 1.17, 1.18, 1.2, 1.24, 1.09, 0.89, 0.7, 0.56, 1.15, 1.07, 0.94, 1.05, 1.18, 1.27, 1.32, 1.34, 1.11, 1.11, 1.1, 1.1, 1.09, 1.08, 1.09, 1.1, 0.81, 0.72, 0.61, 0.51, 1.3, 1.15, 1.2, 1.3, 1.39, 1.43, 1.43, 1.42, 1.07, 1.06, 1.04, 1.02, 1.0, 0.98, 0.95, 0.65, 0.59, 0.53, 0.48, 0.44, 0.91, 1.31, 1.4, 1.53, 1.62, 1.61, 1.54, 1.49, 1.03, 1.01, 0.98, 0.54, 0.54, 0.53, 0.51, 0.47, 0.42, 0.38, 0.38, 1.05, 1.08, 1.43, 1.55, 1.72, 1.9, 1.78, 1.61, 1.53, 0.52, 0.52, 0.51, 0.5, 0.48, 0.45, 0.4, 0.32, 0.22, 0.17, 0.23, 0.68, 1.03, 1.27, 1.51, 1.79, 2.35, 1.7, 1.57, 1.52, 0.5, 0.49, 0.48, 0.46, 0.43, 0.39, 0.33, 0.22, 0.05, -0.08, 0.1, 0.59, 0.89, 1.23, 1.44, 1.6, 1.56, 1.3, 1.49, 1.5, 0.48, 0.47, 0.46, 0.43, 0.4, 0.36, 0.29, 0.2, 0.05, -0.07, 0.29, 0.57, 0.82, 1.17, 1.35, 1.56, 1.53, 1.48, 1.48, 1.49, 0.47, 0.46, 0.44, 0.42, 0.39, 0.35, 0.3, 0.23, 0.17, 0.15, 0.42, 0.58, 0.78, 1.32, 1.42, 1.48, 1.49, 1.49, 1.5, 1.51, 0.46, 0.45, 0.43, 0.41, 0.38, 0.35, 0.32, 0.28, 0.27, 0.44, 0.49, 0.27, 0.29, 0.32, 1.34, 1.41, 1.45, 1.46, 1.47, 1.48, 0.45, 0.44, 0.42, 0.4, 0.38, 0.36, 0.34, 0.32, 0.33, 0.48, 0.39, 0.33, 0.31, 0.32, 1.27, 1.35, 1.4, 1.43, 1.44, 1.45, 0.45, 0.43, 0.42, 0.4, 0.39, 0.37, 0.36, 0.35, 0.28, 0.34, 0.37, 0.34, 0.32, 0.33, 1.23, 1.3, 1.36, 1.39, 1.41, 1.43, 0.44, 0.43, 0.42, 0.4, 0.39, 0.38, 0.37, 0.36, 0.29, 0.32, 0.33, 0.33, 0.32, 0.33, 1.2, 1.27, 1.32, 1.36, 1.39, 1.4, 0.44, 0.43, 0.42, 0.41, 0.4, 0.39, 0.38, 0.27, 0.29, 0.3, 0.31, 0.32, 0.32, 0.33, 1.19, 1.25, 1.3, 1.34, 1.36, 1.38]}, {"header": {"refTime": "2023-09-11T19:00:00.000Z", "nx": 21, "ny": 33, "lo1": 113.509, "la1": 22.2235, "lo2": 113.5947, "la2": 22.1034, "dx": 0.0042850000000001385, "dy": 0.003753125000000024, "parameterCategory": 0, "parameterCategoryName": "Temperature", "parameterNumber": 0}, "data": [[26.12, 26.11, 26.11, 25.82, 25.83, 26.12, 26.11, 26.11, 26.11, 25.99, 26.0, 26.02, 26.25, 26.26, 26.29, 26.3, 26.35, 26.34, 26.34, 26.34], [26.12, 26.12, 26.11, 26.1, 25.83, 25.84, 26.1, 26.09, 26.08, 25.99, 26.01, 26.04, 26.26, 26.28, 26.31, 26.35, 26.35, 26.34, 26.34, 26.34], [26.13, 26.12, 26.12, 26.11, 25.83, 25.84, 25.86, 26.07, 26.02, 25.99, 26.02, 26.07, 26.29, 26.3, 26.37, 26.36, 26.35, 26.34, 26.34, 26.33], [26.13, 26.13, 26.12, 26.11, 26.1, 25.83, 25.85, 25.88, 25.91, 25.98, 26.02, 26.11, 26.35, 26.19, 26.37, 26.35, 26.34, 26.34, 26.33, 26.33], [26.14, 26.14, 26.13, 26.12, 26.11, 25.82, 25.83, 25.84, 25.83, 25.94, 26.0, 26.21, 26.38, 26.23, 26.37, 26.35, 26.34, 26.33, 26.33, 26.33], [26.15, 26.15, 26.14, 26.14, 26.13, 26.11, 25.82, 25.82, 25.79, 25.73, 25.96, 26.12, 26.26, 26.4, 26.35, 26.34, 26.33, 26.32, 26.32, 26.32], [26.22, 26.16, 26.16, 26.15, 26.15, 26.13, 25.92, 25.83, 25.8, 25.72, 25.67, 25.98, 26.33, 26.35, 26.34, 26.33, 26.31, 26.31, 26.34, 26.35], [26.23, 26.23, 26.23, 26.23, 26.22, 25.99, 25.96, 25.93, 25.93, 25.68, 25.46, 25.92, 25.93, 26.35, 26.26, 26.25, 26.27, 26.28, 26.27, 26.26], [26.17, 26.18, 26.25, 26.25, 26.26, 26.24, 26.19, 25.94, 25.78, 25.74, 25.65, 25.78, 25.84, 25.76, 26.26, 26.25, 26.26, 26.27, 26.26, 26.26], [26.4, 26.4, 26.4, 26.21, 26.24, 26.31, 26.26, 26.19, 25.6, 25.64, 25.85, 25.7, 25.74, 25.72, 26.26, 26.24, 26.25, 26.26, 26.26, 26.25], [26.4, 26.4, 26.4, 26.4, 26.4, 26.4, 26.4, 26.4, 26.26, 25.76, 25.3, 25.64, 25.68, 25.69, 26.26, 26.24, 26.25, 26.25, 26.25, 26.25], [26.4, 26.4, 26.4, 26.4, 26.4, 26.4, 26.4, 26.4, 26.4, -999.0, 25.3, 26.2, 26.2, 25.66, 26.26, 26.24, 26.24, 25.67, 25.69, 25.69], [26.4, 26.4, 26.4, 26.4, 26.4, 26.4, 26.4, 26.4, 26.4, 26.4, -999.0, 26.2, 26.2, 25.55, 25.83, 25.9, 25.91, 25.77, 25.79, 25.8], [26.4, 26.4, 26.4, 26.4, 26.4, 26.4, 26.4, 26.4, 26.4, 26.4, -999.0, 25.2, 25.2, 25.2, 25.75, 25.81, 25.83, 25.69, 25.72, 25.74], [26.4, 26.4, 26.4, 26.4, 26.4, 26.4, 26.4, 26.4, 26.4, 26.4, 26.4, 25.94, 25.2, 25.2, 25.2, 25.7, 25.74, 25.61, 25.65, 25.68], [26.4, 26.4, 26.4, 26.4, 26.4, 26.4, 26.4, 26.4, 26.4, 26.4, 25.64, 25.73, 25.61, 25.52, 25.63, 25.57, 25.62, 25.52, 25.76, 25.8], [26.4, 26.4, 26.4, 26.4, 26.4, 26.4, 26.4, 26.4, 26.4, 26.4, 25.88, 25.74, 25.58, 25.43, 25.45, 25.44, 25.52, 25.59, 25.64, 25.67], [26.4, 26.4, 26.4, 26.4, 26.4, 26.4, 26.4, 26.4, 26.4, 26.1, 25.93, 25.75, 25.57, 25.46, 25.24, 25.41, 25.53, 25.61, 25.66, 25.69], [26.4, 26.4, 26.4, 26.4, 26.4, 26.4, 26.4, 26.4, 26.29, 26.17, 26.04, 25.89, 25.71, 25.55, 25.4, 25.48, 25.59, 25.65, 25.7, 25.72], [26.4, 26.4, 26.34, 26.35, 26.35, 26.35, 26.36, 26.38, 26.28, 26.18, 26.05, 25.93, 25.78, 25.69, 25.56, 25.61, 25.67, 25.72, 25.74, 25.76], [26.34, 26.34, 26.34, 26.36, 26.36, 26.36, 26.37, 26.37, 26.19, 26.14, 26.06, 25.97, 25.85, 25.65, 25.68, 25.72, 25.77, 25.79, 25.8, 25.8], [26.35, 26.35, 26.35, 26.36, 26.36, 26.36, 26.36, 26.4, 26.16, 26.12, 26.07, 26.01, 25.88, 25.73, 25.77, 25.82, 25.86, 25.87, 25.85, 25.83], [26.35, 26.35, 26.35, 26.41, 26.41, 26.41, 26.4, 26.4, 26.39, 26.39, 26.39, 26.3, 26.12, 25.79, 25.84, 25.9, 25.96, 25.94, 25.89, 25.86], [26.42, 26.42, 26.42, 26.42, 26.41, 26.41, 26.4, 26.39, 26.38, 26.37, 26.38, 26.35, 26.12, 26.09, 26.07, 25.94, 26.08, 25.95, 25.9, 25.87], [26.42, 26.42, 26.42, 26.42, 26.42, 26.41, 26.4, 26.39, 26.36, 26.34, 26.37, 26.36, 26.36, 26.09, 26.07, 26.04, 25.92, 25.88, 25.89, 25.87], [26.43, 26.43, 26.42, 26.42, 26.42, 26.42, 26.41, 26.39, 26.37, 26.35, 26.36, 26.38, 26.37, 26.1, 26.07, 26.08, 26.04, 26.02, 25.88, 25.87], [26.43, 26.43, 26.43, 26.43, 26.43, 26.42, 26.42, 26.42, 26.41, 26.41, 26.41, 26.41, 26.4, 26.21, 26.16, 26.11, 26.08, 26.06, 26.07, 26.08], [26.43, 26.43, 26.43, 26.43, 26.43, 26.43, 26.44, 26.44, 26.45, 26.46, 26.47, 26.39, 26.34, 26.28, 26.19, 26.15, 26.12, 26.1, 26.1, 26.1], [26.43, 26.43, 26.44, 26.44, 26.44, 26.44, 26.45, 26.46, 26.48, 26.51, 26.54, 26.44, 26.37, 26.3, 26.22, 26.18, 26.15, 26.13, 26.12, 26.12], [26.44, 26.44, 26.44, 26.44, 26.44, 26.45, 26.46, 26.47, 26.42, 26.48, 26.51, 26.45, 26.38, 26.32, 26.24, 26.2, 26.17, 26.15, 26.14, 26.14], [26.44, 26.44, 26.44, 26.44, 26.45, 26.45, 26.46, 26.48, 26.41, 26.44, 26.44, 26.41, 26.37, 26.32, 26.25, 26.22, 26.19, 26.17, 26.16, 26.15], [26.44, 26.44, 26.44, 26.45, 26.45, 26.46, 26.46, 26.37, 26.39, 26.4, 26.4, 26.38, 26.35, 26.32, 26.26, 26.23, 26.21, 26.19, 26.17, 26.17]]}]