gis_exercise/awsData/contour/wdir_2023090812.json
[{"header": {"refTime": "2023-09-08T12:00:00.000Z", "nx": 21, "ny": 33, "lo1": 113.509, "la1": 22.2235, "lo2": 113.5947, "la2": 22.1034, "dx": 0.0042850000000001385, "dy": 0.003753125000000024, "parameterCategory": 2, "parameterCategoryName": "Temperature", "parameterNumber": 2}, "data": [-1.72, -1.72, -1.72, -1.8, -1.78, -2.05, -2.0, -1.94, -1.93, -1.74, -1.81, -1.89, -2.19, -2.23, -3.11, -3.23, -3.63, -3.7, -3.74, -3.77, -1.72, -1.72, -1.72, -1.72, -1.78, -1.75, -1.95, -1.84, -1.78, -1.68, -1.81, -1.93, -2.23, -2.28, -3.15, -3.57, -3.67, -3.75, -3.8, -3.83, -1.72, -1.73, -1.73, -1.73, -1.8, -1.77, -1.7, -1.77, -1.46, -1.63, -1.84, -2.0, -2.32, -2.35, -3.44, -3.6, -3.73, -3.83, -3.89, -3.91, -1.72, -1.73, -1.74, -1.74, -1.75, -1.81, -1.75, -1.66, -1.57, -1.7, -1.91, -2.12, -2.45, -2.45, -3.43, -3.65, -3.83, -3.96, -4.0, -4.0, -1.72, -1.73, -1.74, -1.75, -1.77, -1.87, -1.85, -1.81, -1.78, -1.79, -1.97, -2.46, -2.65, -2.49, -3.44, -3.74, -4.01, -4.15, -4.17, -4.12, -1.72, -1.72, -1.73, -1.76, -1.79, -1.84, -1.97, -1.98, -1.95, -1.87, -2.19, -2.37, -2.52, -2.87, -3.49, -3.9, -4.3, -4.47, -4.37, -4.24, -2.59, -1.71, -1.72, -1.74, -1.78, -1.86, -2.01, -2.19, -2.18, -2.1, -1.97, -2.21, -2.84, -2.9, -3.55, -4.06, -4.71, -4.95, -4.75, -4.56, -2.59, -2.55, -2.51, -2.33, -2.34, -1.84, -1.99, -2.28, -2.59, -2.05, -1.68, -2.43, -2.6, -2.97, -3.82, -4.25, -4.79, -4.98, -4.69, -4.5, -2.58, -2.54, -2.47, -2.39, -2.21, -2.24, -2.41, -2.08, -2.62, -2.14, -2.31, -2.68, -3.08, -2.89, -3.78, -4.11, -4.44, -4.58, -4.52, -4.42, -2.92, -2.85, -2.76, -2.33, -2.13, -1.92, -2.24, -2.58, -2.79, -2.64, -2.55, -2.86, -3.2, -2.96, -3.77, -4.0, -4.21, -4.33, -4.35, -4.32, -2.94, -2.88, -2.79, -2.62, -2.25, -1.2, -2.51, -3.15, -2.99, -2.93, -3.11, -2.79, -2.9, -2.87, -3.77, -3.93, -4.07, -4.17, -4.22, -4.22, -2.98, -2.94, -2.88, -2.77, -2.6, -2.52, -3.02, -3.51, -3.68, -4.02, -3.23, -3.42, -3.39, -2.79, -3.78, -3.89, -3.99, -4.18, -4.21, -4.22, -3.03, -3.01, -3.0, -2.99, -3.05, -3.31, -3.69, -3.68, -3.69, -3.56, -4.02, -3.45, -3.41, -3.09, -3.08, -3.94, -4.0, -4.05, -4.08, -4.11, -3.08, -3.09, -3.11, -3.17, -3.31, -3.65, -4.23, -3.78, -3.64, -3.55, -4.05, -3.55, -3.5, -3.45, -3.04, -3.81, -3.86, -3.92, -3.97, -4.01, -3.13, -3.15, -3.19, -3.27, -3.4, -3.61, -3.76, -3.66, -3.48, -3.35, -3.25, -2.71, -3.43, -3.37, -3.33, -3.65, -3.72, -3.79, -3.86, -3.91, -3.17, -3.2, -2.42, -2.5, -2.61, -3.41, -3.38, -3.26, -3.13, -3.06, -2.54, -2.59, -2.65, -2.65, -2.7, -3.02, -3.03, -3.04, -3.51, -3.55, -2.31, -2.33, -2.36, -2.4, -3.16, -3.09, -2.96, -2.78, -2.66, -2.68, -2.35, -2.49, -2.6, -2.71, -2.64, -2.83, -2.81, -2.8, -2.79, -2.78, -2.28, -2.29, -2.29, -2.29, -2.96, -2.81, -2.56, -2.23, -2.05, -2.06, -2.3, -2.39, -2.57, -2.62, -2.85, -2.84, -2.81, -2.79, -2.78, -2.77, -2.24, -2.24, -2.23, -2.92, -2.8, -2.6, -2.27, -1.74, -1.24, -1.8, -1.82, -2.07, -2.34, -2.55, -2.84, -2.82, -2.8, -2.78, -2.77, -2.77, -2.21, -2.2, -2.56, -2.49, -2.38, -2.22, -1.99, -1.66, -1.33, -1.58, -1.84, -2.05, -2.29, -2.44, -2.81, -2.8, -2.78, -2.77, -2.76, -2.76, -2.6, -2.56, -2.51, -2.44, -2.35, -2.23, -2.07, -1.92, -1.64, -1.76, -1.92, -2.07, -2.26, -2.79, -2.78, -2.77, -2.76, -2.76, -2.75, -2.75, -2.57, -2.53, -2.49, -2.43, -2.35, -2.27, -2.18, -1.63, -1.87, -1.94, -2.03, -2.11, -2.74, -2.77, -2.76, -2.75, -2.75, -2.74, -2.74, -2.74, -2.55, -2.51, -2.47, -1.7, -1.71, -1.72, -1.75, -1.79, -1.84, -1.88, -1.87, -2.14, -2.65, -2.76, -2.75, -2.74, -2.74, -2.73, -2.73, -2.73, -1.71, -1.72, -1.73, -1.74, -1.76, -1.79, -1.85, -1.93, -2.03, -2.08, -2.02, -2.36, -2.65, -2.66, -2.68, -2.73, -2.74, -2.71, -2.72, -2.73, -1.73, -1.74, -1.75, -1.77, -1.8, -1.84, -1.91, -2.02, -2.2, -2.35, -2.14, -2.34, -2.34, -2.66, -2.68, -2.69, -2.7, -2.69, -2.71, -2.72, -1.74, -1.75, -1.77, -1.79, -1.82, -1.86, -1.93, -2.03, -2.2, -2.32, -2.33, -2.28, -2.29, -2.66, -2.67, -2.53, -2.58, -2.59, -2.72, -2.72, -1.75, -1.76, -1.78, -1.8, -1.83, -1.86, -1.91, -1.97, -2.04, -2.05, -2.19, -2.18, -2.21, -2.3, -2.4, -2.47, -2.51, -2.53, -2.53, -2.52, -1.76, -1.77, -1.78, -1.8, -1.83, -1.85, -1.88, -1.9, -1.9, -2.04, -1.98, -2.03, -2.11, -2.18, -2.33, -2.41, -2.46, -2.48, -2.49, -2.49, -1.76, -1.77, -1.79, -1.8, -1.82, -1.83, -1.84, -1.84, -1.81, -1.86, -1.71, -1.91, -2.04, -2.13, -2.28, -2.35, -2.4, -2.43, -2.45, -2.46, -1.76, -1.77, -1.78, -1.8, -1.81, -1.82, -1.82, -1.81, -1.97, -1.85, -1.77, -1.9, -2.02, -2.11, -2.24, -2.31, -2.36, -2.4, -2.42, -2.43, -1.76, -1.77, -1.78, -1.79, -1.8, -1.8, -1.8, -1.79, -1.99, -1.93, -1.91, -1.96, -2.03, -2.1, -2.22, -2.28, -2.33, -2.36, -2.39, -2.4, -1.76, -1.77, -1.78, -1.78, -1.79, -1.79, -1.79, -2.06, -2.02, -1.99, -1.99, -2.01, -2.06, -2.11, -2.21, -2.26, -2.31, -2.34, -2.36, -2.38]}, {"header": {"refTime": "2023-09-08T12:00:00.000Z", "nx": 21, "ny": 33, "lo1": 113.509, "la1": 22.2235, "lo2": 113.5947, "la2": 22.1034, "dx": 0.0042850000000001385, "dy": 0.003753125000000024, "parameterCategory": 2, "parameterCategoryName": "Temperature", "parameterNumber": 3}, "data": [0.67, 0.66, 0.65, 0.73, 0.71, 0.33, 0.32, 0.31, 0.29, 0.34, 0.32, 0.3, 0.09, 0.08, 0.46, 0.53, 0.61, 0.66, 0.7, 0.72, 0.68, 0.67, 0.66, 0.64, 0.71, 0.68, 0.33, 0.32, 0.31, 0.34, 0.31, 0.27, 0.07, 0.06, 0.45, 0.56, 0.64, 0.7, 0.74, 0.76, 0.68, 0.68, 0.67, 0.65, 0.72, 0.69, 0.64, 0.33, 0.33, 0.34, 0.3, 0.23, 0.02, 0.02, 0.45, 0.57, 0.68, 0.75, 0.79, 0.81, 0.69, 0.69, 0.68, 0.67, 0.65, 0.72, 0.68, 0.6, 0.54, 0.35, 0.29, 0.17, -0.06, 0.14, 0.43, 0.61, 0.74, 0.83, 0.87, 0.87, 0.7, 0.7, 0.7, 0.69, 0.68, 0.75, 0.74, 0.72, 0.71, 0.4, 0.31, 0.11, -0.15, 0.09, 0.45, 0.68, 0.86, 0.96, 0.98, 0.95, 0.71, 0.71, 0.71, 0.71, 0.71, 0.7, 0.8, 0.81, 0.83, 0.87, 0.47, 0.25, 0.04, -0.1, 0.52, 0.8, 1.06, 1.17, 1.11, 1.03, 1.12, 0.73, 0.73, 0.73, 0.74, 0.74, 0.97, 0.87, 0.9, 0.96, 0.96, 0.49, 0.03, -0.01, 0.61, 0.92, 1.32, 1.47, 1.14, 0.96, 1.12, 1.11, 1.1, 0.51, 0.52, 0.96, 0.96, 0.95, 0.91, 0.99, 1.1, 0.52, 0.41, 0.04, 0.64, 0.94, 1.31, 1.45, 1.25, 1.11, 1.13, 1.12, 1.1, 1.08, 0.54, 0.55, 0.54, 0.96, 0.72, 0.94, 0.64, 0.39, 0.15, 0.26, 0.56, 0.82, 1.06, 1.16, 1.12, 1.05, 0.72, 0.73, 0.73, 1.09, 1.05, 0.6, 0.51, 0.41, 0.49, 0.56, 0.48, 0.29, 0.09, 0.23, 0.51, 0.71, 0.88, 0.98, 0.99, 0.97, 0.73, 0.74, 0.75, 0.76, 0.78, 0.85, 0.66, 0.39, 0.1, 0.3, 0.09, 0.34, 0.27, 0.28, 0.51, 0.65, 0.78, 0.86, 0.9, 0.9, 0.74, 0.76, 0.77, 0.79, 0.8, 0.8, 0.66, 0.17, -0.11, 0.01, -0.01, -0.15, -0.11, 0.33, 0.52, 0.62, 0.72, 0.58, 0.62, 0.63, 0.75, 0.77, 0.79, 0.82, 0.86, 0.94, 0.99, 0.42, 0.08, 0.28, 0.13, -0.18, -0.14, -0.04, -0.04, 0.36, 0.42, 0.47, 0.51, 0.54, 0.76, 0.78, 0.8, 0.84, 0.91, 1.07, 1.48, 0.83, 0.49, 0.44, 0.21, -0.39, -0.37, -0.35, -0.08, 0.27, 0.32, 0.38, 0.42, 0.46, 0.76, 0.78, 0.8, 0.84, 0.9, 0.99, 1.03, 0.95, 0.78, 0.72, 0.72, 0.07, -0.37, -0.35, -0.34, 0.18, 0.23, 0.29, 0.34, 0.38, 0.76, 0.78, 1.35, 1.37, 1.4, 1.03, 1.02, 0.97, 0.9, 0.85, 0.2, 0.14, 0.06, 0.08, 0.02, -0.06, -0.02, 0.02, 0.56, 0.62, 1.34, 1.35, 1.36, 1.37, 1.0, 1.02, 1.03, 1.03, 1.01, 0.97, 0.33, 0.2, 0.07, -0.06, 0.03, -0.2, -0.17, -0.14, -0.12, -0.11, 1.34, 1.35, 1.36, 1.37, 1.01, 1.04, 1.08, 1.13, 1.15, 1.11, 0.94, 0.26, 0.08, 0.05, -0.25, -0.21, -0.16, -0.13, -0.11, -0.1, 1.35, 1.35, 1.36, 0.99, 1.02, 1.06, 1.12, 1.23, 1.33, 1.16, 0.48, 0.25, 0.38, 0.16, -0.22, -0.18, -0.14, -0.11, -0.1, -0.09, 1.35, 1.36, 0.88, 0.89, 0.91, 0.95, 1.01, 1.11, 0.98, 0.71, 0.43, 0.23, 0.47, 0.34, -0.14, -0.12, -0.09, -0.08, -0.07, -0.08, 0.81, 0.81, 0.81, 0.82, 0.82, 0.83, 0.86, 0.9, 0.59, 0.47, 0.3, 0.17, 0.55, -0.1, -0.08, -0.05, -0.03, -0.03, -0.05, -0.06, 0.76, 0.75, 0.74, 0.73, 0.71, 0.7, 0.68, 0.41, 0.28, 0.21, 0.13, 0.07, -0.11, -0.06, -0.03, 0.01, 0.04, 0.02, -0.03, -0.06, 0.71, 0.7, 0.67, 0.28, 0.27, 0.25, 0.22, 0.17, 0.09, 0.04, 0.05, 0.26, -0.3, -0.04, 0.01, 0.08, 0.18, 0.08, -0.03, -0.07, 0.25, 0.25, 0.23, 0.22, 0.19, 0.15, 0.07, -0.04, -0.18, -0.25, -0.17, -0.16, -0.32, -0.21, -0.1, 0.09, 0.48, -0.04, -0.1, -0.1, 0.23, 0.21, 0.2, 0.17, 0.13, 0.07, -0.02, -0.17, -0.42, -0.61, -0.34, -0.2, -0.02, -0.24, -0.15, -0.09, -0.16, -0.39, -0.18, -0.13, 0.2, 0.19, 0.17, 0.14, 0.09, 0.03, -0.06, -0.2, -0.42, -0.58, -0.38, -0.18, -0.02, -0.27, -0.2, -0.0, -0.1, -0.16, -0.17, -0.13, 0.19, 0.17, 0.15, 0.11, 0.07, 0.02, -0.05, -0.14, -0.23, -0.25, -0.2, -0.09, 0.0, 0.08, 0.05, 0.0, -0.05, -0.07, -0.07, -0.04, 0.17, 0.16, 0.13, 0.1, 0.07, 0.03, -0.01, -0.05, -0.07, -0.07, -0.01, -0.26, -0.34, -0.42, 0.06, 0.02, -0.01, -0.03, -0.03, -0.02, 0.16, 0.15, 0.13, 0.1, 0.08, 0.05, 0.02, 0.01, 0.03, 0.08, 0.11, -0.12, -0.27, -0.37, 0.07, 0.04, 0.02, 0.0, -0.0, -0.0, 0.16, 0.14, 0.12, 0.11, 0.08, 0.07, 0.05, 0.05, -0.19, -0.05, 0.04, -0.11, -0.24, -0.34, 0.08, 0.06, 0.04, 0.02, 0.01, 0.01, 0.16, 0.14, 0.13, 0.11, 0.09, 0.08, 0.07, 0.08, -0.21, -0.14, -0.12, -0.17, -0.26, -0.33, 0.09, 0.07, 0.05, 0.04, 0.03, 0.03, 0.15, 0.14, 0.13, 0.12, 0.1, 0.09, 0.09, -0.29, -0.25, -0.22, -0.21, -0.24, -0.29, -0.34, 0.09, 0.07, 0.06, 0.05, 0.04, 0.04]}, {"header": {"refTime": "2023-09-08T12:00:00.000Z", "nx": 21, "ny": 33, "lo1": 113.509, "la1": 22.2235, "lo2": 113.5947, "la2": 22.1034, "dx": 0.0042850000000001385, "dy": 0.003753125000000024, "parameterCategory": 0, "parameterCategoryName": "Temperature", "parameterNumber": 0}, "data": [[24.31, 24.31, 24.31, 24.21, 24.22, 24.46, 24.46, 24.47, 24.47, 24.47, 24.5, 24.52, 24.81, 24.83, 24.85, 24.86, 25.06, 25.06, 25.07, 25.07], [24.3, 24.31, 24.31, 24.31, 24.22, 24.23, 24.45, 24.45, 24.45, 24.46, 24.5, 24.54, 24.82, 24.85, 24.86, 25.06, 25.06, 25.07, 25.07, 25.07], [24.3, 24.3, 24.3, 24.31, 24.21, 24.23, 24.25, 24.44, 24.41, 24.45, 24.51, 24.57, 24.86, 24.87, 25.05, 25.06, 25.06, 25.07, 25.07, 25.07], [24.3, 24.3, 24.3, 24.3, 24.3, 24.21, 24.23, 24.27, 24.3, 24.46, 24.53, 24.63, 24.9, 24.83, 25.05, 25.06, 25.07, 25.07, 25.07, 25.07], [24.3, 24.3, 24.3, 24.3, 24.3, 24.19, 24.2, 24.21, 24.22, 24.45, 24.53, 24.82, 24.93, 24.85, 25.05, 25.06, 25.07, 25.07, 25.08, 25.08], [24.3, 24.3, 24.3, 24.3, 24.29, 24.28, 24.17, 24.17, 24.16, 24.14, 24.64, 24.77, 24.87, 25.03, 25.06, 25.07, 25.08, 25.08, 25.08, 25.08], [24.27, 24.3, 24.3, 24.3, 24.29, 24.27, 24.15, 24.13, 24.12, 24.25, 24.3, 24.71, 25.06, 25.05, 25.07, 25.07, 25.09, 25.09, 25.08, 25.08], [24.27, 24.27, 24.27, 24.27, 24.27, 24.19, 24.16, 24.13, 24.15, 24.21, 24.14, 24.76, 24.77, 25.05, 25.1, 25.1, 25.1, 25.1, 25.1, 25.1], [24.23, 24.23, 24.29, 24.29, 24.29, 24.28, 24.24, 24.15, 24.07, 24.27, 24.42, 24.58, 24.66, 24.56, 25.1, 25.1, 25.1, 25.1, 25.1, 25.1], [24.4, 24.4, 24.4, 24.26, 24.28, 24.33, 24.3, 24.24, 24.04, 24.05, 24.67, 24.48, 24.54, 24.52, 25.1, 25.1, 25.1, 25.1, 25.1, 25.1], [24.4, 24.4, 24.4, 24.4, 24.4, 24.4, 24.4, 24.4, 24.29, 24.07, 24.0, 24.42, 24.47, 24.47, 25.1, 25.1, 25.1, 25.1, 25.1, 25.1], [24.4, 24.4, 24.4, 24.4, 24.4, 24.4, 24.4, 24.4, 24.4, -999.0, 24.0, 25.1, 25.1, 24.44, 25.1, 25.1, 25.1, 24.82, 24.82, 24.82], [24.4, 24.4, 24.4, 24.4, 24.4, 24.4, 24.4, 24.4, 24.4, 24.4, -999.0, 25.1, 25.1, 24.77, 24.92, 24.92, 24.92, 24.86, 24.87, 24.87], [24.4, 24.4, 24.4, 24.4, 24.4, 24.4, 24.4, 24.4, 24.4, 24.4, -999.0, 24.6, 24.6, 24.6, 24.87, 24.88, 24.88, 24.82, 24.83, 24.85], [24.4, 24.4, 24.4, 24.4, 24.4, 24.4, 24.4, 25.1, 25.1, 25.1, 25.1, 24.91, 24.6, 24.6, 24.6, 24.83, 24.84, 24.79, 24.8, 24.82], [24.4, 24.4, 24.84, 24.85, 24.86, 25.1, 25.1, 25.1, 25.1, 25.1, 24.79, 24.82, 24.77, 24.73, 24.78, 24.75, 24.77, 24.73, 24.84, 24.86], [24.85, 24.85, 24.65, 24.66, 25.1, 25.1, 25.1, 25.1, 25.1, 25.1, 24.88, 24.82, 24.76, 24.7, 24.7, 24.73, 24.78, 24.82, 24.84, 24.86], [24.65, 24.66, 24.67, 24.69, 25.1, 25.1, 25.1, 25.1, 25.1, 24.97, 24.91, 24.83, 24.75, 24.71, 24.62, 24.72, 24.78, 24.83, 24.86, 24.87], [24.66, 24.67, 24.69, 25.1, 25.1, 25.1, 25.1, 25.1, 25.06, 25.0, 24.97, 24.91, 24.81, 24.74, 24.71, 24.76, 24.81, 24.85, 24.87, 24.89], [24.67, 24.68, 25.16, 25.15, 25.15, 25.15, 25.14, 25.12, 25.06, 25.03, 24.99, 24.94, 24.84, 24.8, 24.79, 24.82, 24.86, 24.88, 24.9, 24.91], [25.16, 25.16, 25.16, 25.14, 25.14, 25.14, 25.13, 25.13, 25.05, 25.03, 25.0, 24.96, 24.87, 24.85, 24.86, 24.88, 24.91, 24.92, 24.93, 24.93], [25.15, 25.15, 25.15, 25.14, 25.14, 25.14, 25.14, 25.15, 25.05, 25.04, 25.02, 24.99, 24.92, 24.89, 24.91, 24.93, 24.95, 24.96, 24.96, 24.95], [25.15, 25.15, 25.15, 25.16, 25.16, 25.16, 25.16, 25.16, 25.17, 25.17, 25.17, 25.12, 25.1, 24.92, 24.94, 24.97, 24.99, 24.99, 24.99, 24.97], [25.16, 25.16, 25.16, 25.17, 25.17, 25.17, 25.17, 25.17, 25.18, 25.18, 25.18, 25.15, 25.11, 25.09, 25.07, 24.99, 25.01, 25.03, 25.01, 24.99], [25.17, 25.17, 25.17, 25.17, 25.17, 25.17, 25.18, 25.18, 25.19, 25.19, 25.19, 25.16, 25.14, 25.09, 25.08, 25.07, 25.03, 25.05, 25.01, 24.99], [25.17, 25.17, 25.17, 25.17, 25.17, 25.18, 25.18, 25.18, 25.19, 25.19, 25.18, 25.16, 25.15, 25.1, 25.08, 25.07, 25.07, 25.07, 25.01, 24.99], [25.17, 25.17, 25.17, 25.17, 25.17, 25.18, 25.18, 25.18, 25.19, 25.19, 25.17, 25.16, 25.15, 25.1, 25.09, 25.08, 25.08, 25.08, 25.08, 25.08], [25.17, 25.17, 25.17, 25.17, 25.18, 25.18, 25.18, 25.18, 25.19, 25.18, 25.18, 25.19, 25.18, 25.17, 25.1, 25.09, 25.09, 25.08, 25.08, 25.08], [25.17, 25.17, 25.17, 25.18, 25.18, 25.18, 25.18, 25.19, 25.19, 25.19, 25.2, 25.19, 25.18, 25.17, 25.11, 25.1, 25.09, 25.09, 25.09, 25.09], [25.17, 25.17, 25.17, 25.18, 25.18, 25.18, 25.18, 25.19, 25.19, 25.19, 25.19, 25.19, 25.18, 25.17, 25.11, 25.1, 25.1, 25.09, 25.09, 25.09], [25.17, 25.17, 25.18, 25.18, 25.18, 25.18, 25.18, 25.18, 25.19, 25.19, 25.19, 25.18, 25.18, 25.18, 25.12, 25.11, 25.1, 25.1, 25.09, 25.09], [25.17, 25.17, 25.18, 25.18, 25.18, 25.18, 25.18, 25.18, 25.18, 25.18, 25.18, 25.18, 25.18, 25.17, 25.12, 25.11, 25.1, 25.1, 25.1, 25.09]]}]