gis_exercise/awsData/contour/wdir_2023090705.json
[{"header": {"refTime": "2023-09-07T05:00:00.000Z", "nx": 21, "ny": 33, "lo1": 113.509, "la1": 22.2235, "lo2": 113.5947, "la2": 22.1034, "dx": 0.0042850000000001385, "dy": 0.003753125000000024, "parameterCategory": 2, "parameterCategoryName": "Temperature", "parameterNumber": 2}, "data": [0.66, 0.64, 0.61, 0.35, 0.33, 0.34, 0.3, 0.27, 0.25, 0.17, 0.22, 0.26, 0.03, 0.03, 0.11, 0.09, -0.1, -0.12, -0.13, -0.14, 0.67, 0.65, 0.63, 0.59, 0.33, 0.3, 0.28, 0.21, 0.16, 0.13, 0.21, 0.28, 0.06, 0.06, 0.13, -0.07, -0.1, -0.12, -0.14, -0.15, 0.69, 0.67, 0.65, 0.62, 0.35, 0.31, 0.25, 0.16, -0.03, 0.1, 0.23, 0.31, 0.11, 0.1, -0.01, -0.07, -0.11, -0.14, -0.15, -0.16, 0.72, 0.7, 0.68, 0.65, 0.61, 0.35, 0.3, 0.21, 0.13, 0.16, 0.27, 0.37, 0.2, 0.25, 0.0, -0.07, -0.13, -0.16, -0.17, -0.18, 0.74, 0.73, 0.72, 0.7, 0.67, 0.4, 0.38, 0.35, 0.33, 0.24, 0.33, 0.3, 0.45, 0.28, -0.01, -0.1, -0.16, -0.19, -0.2, -0.2, 0.77, 0.77, 0.76, 0.75, 0.74, 0.72, 0.48, 0.5, 0.49, 0.46, 0.16, 0.21, 0.3, 0.01, -0.06, -0.15, -0.22, -0.24, -0.24, -0.22, 1.16, 0.81, 0.81, 0.81, 0.81, 0.8, 0.91, 0.64, 0.65, 0.38, 0.23, 0.0, -0.25, -0.21, -0.15, -0.21, -0.28, -0.31, -0.25, -0.22, 1.17, 1.17, 1.17, 1.2, 1.19, 0.97, 0.94, 0.92, 0.82, 0.41, 0.31, -0.41, -0.52, -0.38, -0.56, -0.51, -0.44, -0.42, -0.45, -0.48, 1.17, 1.18, 1.18, 1.18, 1.21, 1.2, 1.17, 0.93, 0.88, 0.37, -0.17, -0.41, -0.53, -0.47, -0.57, -0.53, -0.49, -0.47, -0.48, -0.49, 1.26, 1.26, 1.26, 1.2, 1.21, 1.24, 1.21, 1.18, 0.92, 0.86, -0.29, -0.42, -0.51, -0.46, -0.58, -0.54, -0.52, -0.5, -0.5, -0.5, 1.26, 1.26, 1.26, 1.27, 1.27, 1.3, 1.27, 1.27, 1.22, 0.96, 0.31, -0.39, -0.43, -0.43, -0.57, -0.55, -0.53, -0.52, -0.52, -0.51, 1.26, 1.26, 1.26, 1.26, 1.27, 1.27, 1.26, 1.27, 1.28, 0.87, 0.44, -0.05, -0.17, -0.4, -0.57, -0.56, -0.54, -0.32, -0.32, -0.31, 1.26, 1.26, 1.26, 1.26, 1.25, 1.24, 1.23, 1.26, 1.27, 1.27, 0.72, 0.06, -0.06, -0.44, -0.42, -0.31, -0.3, -0.3, -0.29, -0.29, 1.26, 1.26, 1.25, 1.25, 1.24, 1.23, 1.2, 1.24, 1.25, 1.26, 0.76, 0.32, 0.22, 0.17, -0.36, -0.26, -0.26, -0.26, -0.27, -0.27, 1.25, 1.25, 1.25, 1.25, 1.24, 1.23, 1.23, 1.11, 1.09, 1.07, 1.06, 0.66, 0.24, 0.19, 0.16, -0.2, -0.21, -0.23, -0.24, -0.25, 1.25, 1.25, 1.06, 1.06, 1.06, 1.06, 1.05, 1.04, 1.02, 1.01, 0.66, 0.59, 0.51, 0.04, 0.04, -0.08, -0.1, -0.11, -0.07, -0.08, 1.04, 1.04, 1.03, 1.03, 1.01, 1.0, 0.98, 0.95, 0.93, 0.93, 0.61, 0.54, 0.44, 0.33, 0.13, 0.01, -0.01, -0.03, -0.05, -0.05, 1.03, 1.02, 1.01, 1.0, 0.98, 0.95, 0.9, 0.84, 0.81, 0.61, 0.56, 0.51, 0.41, 0.13, 0.08, 0.02, -0.02, -0.04, -0.05, -0.06, 1.01, 1.0, 0.99, 0.97, 0.95, 0.91, 0.85, 0.75, 0.61, 0.6, 0.34, 0.27, 0.2, 0.15, 0.02, -0.0, -0.03, -0.05, -0.06, -0.07, 1.0, 0.99, 0.63, 0.62, 0.62, 0.61, 0.6, 0.59, 0.48, 0.4, 0.33, 0.26, 0.21, 0.17, -0.02, -0.03, -0.05, -0.06, -0.07, -0.08, 0.61, 0.6, 0.6, 0.59, 0.58, 0.57, 0.56, 0.55, 0.38, 0.34, 0.29, 0.25, 0.21, -0.05, -0.05, -0.06, -0.07, -0.08, -0.09, -0.09, 0.59, 0.58, 0.57, 0.56, 0.54, 0.52, 0.51, 0.48, 0.29, 0.27, 0.25, 0.23, 0.02, -0.07, -0.07, -0.08, -0.09, -0.1, -0.1, -0.1, 0.57, 0.56, 0.54, 0.51, 0.5, 0.48, 0.46, 0.44, 0.41, 0.4, 0.41, 0.17, -0.09, -0.08, -0.09, -0.09, -0.09, -0.11, -0.12, -0.11, 0.53, 0.53, 0.52, 0.51, 0.49, 0.47, 0.44, 0.39, 0.33, 0.31, 0.36, 0.27, -0.09, -0.1, -0.11, -0.11, -0.07, -0.14, -0.14, -0.12, 0.53, 0.53, 0.52, 0.51, 0.49, 0.47, 0.43, 0.36, 0.25, 0.15, 0.3, 0.29, 0.31, -0.1, -0.12, -0.13, -0.16, -0.19, -0.15, -0.13, 0.54, 0.53, 0.53, 0.52, 0.5, 0.48, 0.45, 0.39, 0.28, 0.18, 0.27, 0.35, 0.36, -0.1, -0.12, 0.04, -0.03, -0.06, -0.14, -0.13, 0.54, 0.54, 0.54, 0.53, 0.52, 0.51, 0.49, 0.46, 0.43, 0.44, 0.44, 0.46, 0.44, 0.3, 0.19, 0.1, 0.04, 0.02, 0.02, 0.04, 0.55, 0.55, 0.55, 0.54, 0.54, 0.54, 0.54, 0.55, 0.59, 0.61, 0.67, 0.57, 0.47, 0.37, 0.26, 0.17, 0.11, 0.08, 0.07, 0.08, 0.56, 0.56, 0.56, 0.56, 0.56, 0.57, 0.59, 0.63, 0.7, 0.81, 0.95, 0.71, 0.55, 0.43, 0.32, 0.23, 0.17, 0.14, 0.12, 0.11, 0.56, 0.57, 0.57, 0.57, 0.58, 0.6, 0.62, 0.67, 0.64, 0.79, 0.88, 0.72, 0.58, 0.46, 0.36, 0.28, 0.22, 0.19, 0.16, 0.15, 0.57, 0.57, 0.58, 0.59, 0.6, 0.61, 0.64, 0.68, 0.62, 0.69, 0.71, 0.65, 0.56, 0.47, 0.39, 0.32, 0.26, 0.22, 0.2, 0.18, 0.58, 0.58, 0.59, 0.6, 0.61, 0.62, 0.65, 0.53, 0.57, 0.61, 0.62, 0.58, 0.53, 0.46, 0.4, 0.34, 0.29, 0.25, 0.22, 0.21]}, {"header": {"refTime": "2023-09-07T05:00:00.000Z", "nx": 21, "ny": 33, "lo1": 113.509, "la1": 22.2235, "lo2": 113.5947, "la2": 22.1034, "dx": 0.0042850000000001385, "dy": 0.003753125000000024, "parameterCategory": 2, "parameterCategoryName": "Temperature", "parameterNumber": 3}, "data": [-0.3, -0.3, -0.29, -0.19, -0.18, -0.43, -0.39, -0.36, -0.36, -0.16, -0.2, -0.23, -0.89, -0.93, -1.08, -1.16, -1.84, -1.87, -1.9, -1.92, -0.3, -0.3, -0.3, -0.29, -0.19, -0.17, -0.37, -0.31, -0.27, -0.15, -0.2, -0.26, -0.9, -0.95, -1.1, -1.79, -1.85, -1.9, -1.93, -1.95, -0.31, -0.31, -0.3, -0.3, -0.2, -0.18, -0.16, -0.26, -0.09, -0.13, -0.22, -0.3, -0.93, -0.98, -1.69, -1.79, -1.87, -1.93, -1.97, -1.98, -0.31, -0.31, -0.31, -0.31, -0.31, -0.2, -0.18, -0.14, -0.11, -0.15, -0.24, -0.37, -0.95, -0.93, -1.67, -1.81, -1.92, -1.99, -2.02, -2.02, -0.31, -0.31, -0.32, -0.32, -0.33, -0.24, -0.23, -0.21, -0.18, -0.16, -0.25, -0.88, -0.86, -0.94, -1.68, -1.87, -2.0, -2.08, -2.09, -2.08, -0.31, -0.31, -0.32, -0.33, -0.34, -0.37, -0.29, -0.3, -0.26, -0.18, -0.78, -0.91, -0.94, -1.44, -1.77, -1.97, -2.14, -2.21, -2.18, -2.13, -0.65, -0.31, -0.32, -0.33, -0.35, -0.39, -0.36, -0.42, -0.4, -0.6, -0.58, -1.04, -1.73, -1.68, -1.88, -2.07, -2.31, -2.4, -2.21, -2.11, -0.64, -0.63, -0.62, -0.64, -0.65, -0.29, -0.37, -0.53, -0.81, -0.5, -0.09, -1.59, -1.85, -1.86, -2.29, -2.36, -2.46, -2.49, -2.44, -2.41, -0.64, -0.62, -0.6, -0.57, -0.58, -0.6, -0.68, -0.41, -0.64, -0.67, -1.02, -1.58, -1.83, -1.71, -2.26, -2.33, -2.39, -2.42, -2.41, -2.39, -0.78, -0.76, -0.72, -0.54, -0.46, -0.45, -0.6, -0.76, -0.71, -0.59, -1.29, -1.58, -1.79, -1.69, -2.24, -2.3, -2.35, -2.37, -2.38, -2.37, -0.79, -0.77, -0.73, -0.66, -0.52, -0.11, -0.64, -0.92, -0.95, -0.77, -1.11, -1.52, -1.61, -1.61, -2.24, -2.28, -2.32, -2.34, -2.35, -2.35, -0.8, -0.79, -0.76, -0.72, -0.65, -0.62, -0.83, -1.1, -1.21, -1.48, -1.16, -1.9, -1.94, -1.54, -2.25, -2.28, -2.3, -2.08, -2.08, -2.09, -0.82, -0.81, -0.8, -0.8, -0.81, -0.9, -1.03, -1.12, -1.18, -1.1, -1.52, -1.86, -1.9, -1.91, -1.9, -1.97, -1.99, -2.01, -2.02, -2.03, -0.84, -0.84, -0.84, -0.86, -0.91, -1.01, -1.17, -1.1, -1.09, -1.07, -1.5, -1.59, -1.6, -1.61, -1.83, -1.9, -1.92, -1.95, -1.97, -1.98, -0.86, -0.86, -0.87, -0.9, -0.94, -1.0, -1.06, -0.97, -0.92, -0.87, -0.83, -0.89, -1.57, -1.56, -1.56, -1.82, -1.85, -1.88, -1.91, -1.94, -0.87, -0.88, -0.41, -0.44, -0.48, -0.84, -0.83, -0.79, -0.74, -0.71, -0.76, -0.84, -0.94, -1.15, -1.2, -1.48, -1.49, -1.49, -1.65, -1.67, -0.36, -0.37, -0.38, -0.39, -0.73, -0.7, -0.63, -0.55, -0.5, -0.51, -0.65, -0.8, -0.95, -1.1, -1.17, -1.29, -1.25, -1.22, -1.2, -1.18, -0.34, -0.34, -0.34, -0.33, -0.63, -0.56, -0.44, -0.27, -0.19, -0.31, -0.51, -0.75, -0.95, -1.15, -1.37, -1.3, -1.25, -1.21, -1.19, -1.18, -0.32, -0.32, -0.31, -0.62, -0.56, -0.46, -0.29, -0.03, 0.2, -0.16, -0.21, -0.44, -0.88, -1.07, -1.31, -1.27, -1.23, -1.2, -1.18, -1.16, -0.31, -0.3, -0.26, -0.23, -0.19, -0.12, -0.03, 0.1, 0.16, -0.0, -0.19, -0.38, -0.83, -0.97, -1.24, -1.22, -1.19, -1.17, -1.16, -1.15, -0.27, -0.25, -0.23, -0.2, -0.16, -0.11, -0.04, 0.02, 0.0, -0.08, -0.2, -0.33, -0.8, -1.2, -1.19, -1.17, -1.16, -1.14, -1.13, -1.13, -0.25, -0.23, -0.21, -0.18, -0.14, -0.11, -0.06, 0.05, -0.08, -0.12, -0.2, -0.29, -0.88, -1.17, -1.15, -1.14, -1.12, -1.11, -1.11, -1.11, -0.23, -0.21, -0.19, -0.04, -0.03, -0.02, -0.01, -0.01, -0.01, -0.02, -0.04, -0.21, -0.65, -1.14, -1.13, -1.11, -1.11, -1.09, -1.08, -1.09, -0.07, -0.07, -0.06, -0.06, -0.06, -0.05, -0.05, -0.05, -0.05, -0.05, -0.07, -0.47, -0.63, -0.74, -0.85, -1.1, -1.13, -1.04, -1.05, -1.07, -0.09, -0.09, -0.09, -0.09, -0.09, -0.09, -0.09, -0.08, -0.06, -0.04, -0.09, -0.44, -0.56, -0.73, -0.83, -0.91, -1.02, -0.98, -1.04, -1.06, -0.1, -0.1, -0.11, -0.11, -0.11, -0.12, -0.12, -0.12, -0.09, -0.07, -0.32, -0.45, -0.55, -0.71, -0.8, -0.97, -0.97, -0.96, -1.04, -1.06, -0.11, -0.12, -0.12, -0.13, -0.14, -0.15, -0.16, -0.17, -0.18, -0.2, -0.43, -0.5, -0.57, -0.91, -0.93, -0.95, -0.96, -0.96, -0.96, -0.96, -0.13, -0.13, -0.14, -0.15, -0.16, -0.18, -0.2, -0.23, -0.28, -0.5, -0.54, -0.51, -0.51, -0.53, -0.91, -0.93, -0.94, -0.95, -0.95, -0.95, -0.14, -0.15, -0.16, -0.17, -0.19, -0.21, -0.24, -0.28, -0.35, -0.59, -0.64, -0.57, -0.54, -0.54, -0.9, -0.92, -0.93, -0.94, -0.94, -0.94, -0.15, -0.16, -0.17, -0.18, -0.2, -0.23, -0.26, -0.31, -0.52, -0.58, -0.62, -0.58, -0.55, -0.55, -0.88, -0.9, -0.92, -0.93, -0.93, -0.94, -0.16, -0.17, -0.18, -0.19, -0.21, -0.24, -0.27, -0.31, -0.53, -0.55, -0.57, -0.56, -0.55, -0.55, -0.88, -0.9, -0.91, -0.92, -0.93, -0.93, -0.16, -0.17, -0.19, -0.2, -0.22, -0.24, -0.27, -0.5, -0.52, -0.54, -0.55, -0.55, -0.55, -0.55, -0.88, -0.89, -0.9, -0.91, -0.92, -0.92]}, {"header": {"refTime": "2023-09-07T05:00:00.000Z", "nx": 21, "ny": 33, "lo1": 113.509, "la1": 22.2235, "lo2": 113.5947, "la2": 22.1034, "dx": 0.0042850000000001385, "dy": 0.003753125000000024, "parameterCategory": 0, "parameterCategoryName": "Temperature", "parameterNumber": 0}, "data": [[27.41, 27.39, 27.37, 27.11, 27.1, 27.29, 27.25, 27.22, 27.21, 27.16, 27.23, 27.3, 27.49, 27.53, 27.5, 27.5, 27.74, 27.73, 27.72, 27.72], [27.42, 27.4, 27.38, 27.35, 27.1, 27.08, 27.22, 27.14, 27.1, 27.11, 27.23, 27.33, 27.53, 27.57, 27.53, 27.76, 27.74, 27.72, 27.71, 27.71], [27.44, 27.42, 27.4, 27.37, 27.11, 27.09, 27.04, 27.09, 26.87, 27.06, 27.25, 27.39, 27.6, 27.63, 27.78, 27.75, 27.73, 27.71, 27.7, 27.7], [27.46, 27.44, 27.43, 27.4, 27.37, 27.11, 27.08, 27.02, 26.96, 27.13, 27.31, 27.49, 27.71, 27.75, 27.79, 27.75, 27.71, 27.69, 27.69, 27.68], [27.48, 27.47, 27.46, 27.44, 27.41, 27.16, 27.14, 27.12, 27.1, 27.23, 27.38, 27.77, 27.9, 27.78, 27.78, 27.73, 27.69, 27.67, 27.66, 27.67], [27.5, 27.5, 27.5, 27.49, 27.47, 27.45, 27.21, 27.22, 27.22, 27.19, 27.57, 27.7, 27.81, 27.9, 27.76, 27.7, 27.65, 27.62, 27.63, 27.65], [27.82, 27.54, 27.54, 27.54, 27.53, 27.52, 27.57, 27.33, 27.34, 27.39, 27.35, 27.58, 27.83, 27.85, 27.74, 27.67, 27.59, 27.56, 27.59, 27.62], [27.83, 27.83, 27.83, 27.83, 27.82, 27.64, 27.6, 27.57, 27.55, 27.36, 27.21, 27.52, 27.52, 27.85, 27.57, 27.6, 27.55, 27.54, 27.56, 27.58], [27.77, 27.78, 27.85, 27.85, 27.86, 27.84, 27.79, 27.59, 27.44, 27.41, 27.33, 27.42, 27.46, 27.4, 27.58, 27.6, 27.58, 27.57, 27.57, 27.58], [28.0, 28.0, 28.0, 27.81, 27.84, 27.91, 27.86, 27.79, 27.32, 27.34, 27.46, 27.36, 27.4, 27.38, 27.58, 27.61, 27.6, 27.59, 27.59, 27.59], [28.0, 28.0, 28.0, 28.0, 28.0, 28.0, 28.0, 28.0, 27.86, 27.43, 27.1, 27.33, 27.36, 27.36, 27.58, 27.62, 27.61, 27.6, 27.6, 27.6], [28.0, 28.0, 28.0, 28.0, 28.0, 28.0, 28.0, 28.0, 28.0, -999.0, 27.1, 27.7, 27.7, 27.34, 27.58, 27.63, 27.62, 26.93, 26.95, 26.95], [28.0, 28.0, 28.0, 28.0, 28.0, 28.0, 28.0, 28.0, 28.0, 28.0, -999.0, 27.7, 27.7, 26.92, 27.26, 27.14, 27.14, 27.02, 27.04, 27.05], [28.0, 28.0, 28.0, 28.0, 28.0, 28.0, 28.0, 28.0, 28.0, 28.0, -999.0, 26.5, 26.5, 26.5, 27.16, 27.05, 27.07, 26.94, 26.97, 26.99], [28.0, 28.0, 28.0, 28.0, 28.0, 28.0, 28.0, 27.7, 27.7, 27.7, 27.7, 27.24, 26.5, 26.5, 26.5, 26.96, 26.99, 26.87, 26.91, 26.94], [28.0, 28.0, 27.81, 27.81, 27.8, 27.7, 27.7, 27.7, 27.7, 27.7, 26.94, 27.03, 26.91, 26.82, 26.93, 27.05, 27.13, 26.99, 27.17, 27.22], [27.81, 27.81, 27.89, 27.89, 27.7, 27.7, 27.7, 27.7, 27.7, 27.7, 27.18, 27.04, 26.88, 26.73, 26.81, 26.82, 26.93, 27.02, 27.08, 27.12], [27.89, 27.89, 27.88, 27.88, 27.7, 27.7, 27.7, 27.7, 27.7, 27.4, 27.23, 27.05, 26.87, 26.82, 26.55, 26.78, 26.94, 27.04, 27.11, 27.15], [27.89, 27.88, 27.88, 27.7, 27.7, 27.7, 27.7, 27.7, 27.59, 27.47, 27.3, 27.15, 27.1, 26.93, 26.76, 26.88, 27.01, 27.1, 27.16, 27.19], [27.88, 27.88, 27.53, 27.54, 27.55, 27.56, 27.59, 27.65, 27.55, 27.44, 27.31, 27.18, 27.19, 27.1, 26.97, 27.04, 27.13, 27.19, 27.22, 27.24], [27.52, 27.52, 27.53, 27.58, 27.58, 27.59, 27.6, 27.61, 27.44, 27.39, 27.3, 27.21, 27.28, 27.1, 27.14, 27.2, 27.26, 27.29, 27.29, 27.29], [27.56, 27.56, 27.56, 27.57, 27.57, 27.57, 27.57, 27.65, 27.38, 27.35, 27.3, 27.23, 27.27, 27.21, 27.26, 27.34, 27.39, 27.39, 27.36, 27.33], [27.55, 27.55, 27.55, 27.67, 27.66, 27.65, 27.64, 27.63, 27.61, 27.61, 27.62, 27.65, 27.51, 27.28, 27.35, 27.45, 27.55, 27.49, 27.41, 27.36], [27.68, 27.68, 27.67, 27.67, 27.66, 27.65, 27.63, 27.61, 27.57, 27.56, 27.59, 27.7, 27.5, 27.53, 27.56, 27.5, 27.76, 27.48, 27.41, 27.37], [27.68, 27.68, 27.67, 27.67, 27.66, 27.65, 27.63, 27.59, 27.53, 27.48, 27.56, 27.69, 27.75, 27.52, 27.54, 27.54, 27.42, 27.32, 27.38, 27.37], [27.68, 27.68, 27.68, 27.67, 27.67, 27.66, 27.64, 27.61, 27.55, 27.5, 27.62, 27.71, 27.76, 27.51, 27.52, 27.6, 27.54, 27.5, 27.37, 27.36], [27.69, 27.69, 27.68, 27.68, 27.68, 27.67, 27.66, 27.65, 27.63, 27.64, 27.72, 27.76, 27.79, 27.71, 27.66, 27.62, 27.58, 27.56, 27.57, 27.58], [27.69, 27.69, 27.69, 27.69, 27.69, 27.69, 27.69, 27.7, 27.72, 27.79, 27.83, 27.69, 27.62, 27.56, 27.69, 27.65, 27.62, 27.6, 27.6, 27.6], [27.7, 27.7, 27.7, 27.7, 27.7, 27.71, 27.72, 27.74, 27.78, 27.88, 27.91, 27.77, 27.67, 27.6, 27.71, 27.67, 27.65, 27.63, 27.62, 27.62], [27.7, 27.7, 27.7, 27.71, 27.71, 27.72, 27.73, 27.76, 27.73, 27.82, 27.87, 27.78, 27.69, 27.62, 27.73, 27.69, 27.67, 27.65, 27.64, 27.64], [27.7, 27.71, 27.71, 27.71, 27.72, 27.73, 27.74, 27.77, 27.71, 27.76, 27.77, 27.73, 27.67, 27.62, 27.74, 27.71, 27.68, 27.67, 27.66, 27.65], [27.71, 27.71, 27.71, 27.72, 27.72, 27.73, 27.75, 27.66, 27.69, 27.71, 27.71, 27.69, 27.66, 27.62, 27.74, 27.72, 27.7, 27.68, 27.67, 27.66]]}]