gis_exercise/awsData/contour/wdir_2023090113.json
[{"header": {"refTime": "2023-09-01T13:00:00.000Z", "nx": 21, "ny": 33, "lo1": 113.509, "la1": 22.2235, "lo2": 113.5947, "la2": 22.1034, "dx": 0.0042850000000001385, "dy": 0.003753125000000024, "parameterCategory": 2, "parameterCategoryName": "Temperature", "parameterNumber": 2}, "data": [1.15, 1.13, 1.1, 1.51, 1.45, 1.09, 1.01, 0.94, 0.92, 1.22, 1.37, 1.52, 1.38, 1.45, 1.76, 1.84, 2.44, 2.46, 2.48, 2.49, 1.16, 1.14, 1.12, 1.08, 1.46, 1.35, 0.96, 0.81, 0.73, 1.07, 1.34, 1.54, 1.44, 1.51, 1.81, 2.41, 2.45, 2.48, 2.5, 2.52, 1.18, 1.17, 1.14, 1.11, 1.49, 1.38, 1.2, 0.71, 0.31, 0.95, 1.38, 1.62, 1.54, 1.59, 2.35, 2.42, 2.47, 2.51, 2.53, 2.54, 1.21, 1.2, 1.18, 1.15, 1.11, 1.47, 1.32, 1.08, 0.86, 1.17, 1.55, 1.77, 1.68, 2.28, 2.34, 2.44, 2.51, 2.56, 2.58, 2.58, 1.23, 1.23, 1.22, 1.21, 1.19, 1.59, 1.54, 1.46, 1.46, 1.58, 1.79, 2.27, 2.1, 2.24, 2.35, 2.47, 2.58, 2.63, 2.64, 2.62, 1.26, 1.26, 1.26, 1.26, 1.27, 1.27, 1.74, 1.78, 1.86, 2.0, 2.51, 2.35, 2.21, 2.36, 2.38, 2.54, 2.68, 2.75, 2.71, 2.67, 1.76, 1.29, 1.3, 1.32, 1.34, 1.37, 2.2, 1.98, 2.09, 2.62, 2.72, 2.47, 2.44, 2.49, 2.42, 2.6, 2.83, 2.92, 2.99, 2.97, 1.75, 1.75, 1.75, 2.13, 2.12, 2.09, 2.15, 2.18, 2.2, 2.66, 3.0, 2.7, 2.66, 2.64, 2.95, 2.99, 3.04, 3.05, 3.03, 3.01, 1.75, 1.74, 1.73, 1.72, 2.06, 2.07, 2.14, 2.17, 2.6, 2.58, 3.01, 2.95, 3.13, 3.04, 2.99, 3.0, 3.02, 3.03, 3.02, 3.01, 2.11, 2.09, 2.06, 1.69, 1.66, 1.92, 2.09, 2.28, 2.83, 2.88, 3.03, 3.11, 3.27, 3.12, 3.03, 3.01, 3.01, 3.01, 3.01, 3.01, 2.11, 2.09, 2.05, 1.99, 1.87, 1.49, 2.03, 2.42, 2.62, 2.99, 3.42, 3.09, 3.12, 3.1, 3.03, 3.01, 3.01, 3.01, 3.01, 3.0, 2.12, 2.1, 2.07, 2.02, 1.96, 1.93, 2.19, 2.7, 2.96, 3.1, 3.42, 3.14, 3.13, 3.07, 3.02, 3.01, 3.01, 3.36, 3.35, 3.35, 2.13, 2.11, 2.09, 2.07, 2.05, 2.07, 2.15, 2.57, 2.83, 2.64, 3.05, 3.15, 3.13, 3.15, 3.16, 3.41, 3.4, 3.39, 3.38, 3.37, 2.14, 2.13, 2.12, 2.11, 2.1, 2.08, 1.97, 2.3, 2.51, 2.52, 2.99, 3.5, 3.51, 3.52, 3.2, 3.43, 3.42, 3.4, 3.39, 3.39, 2.15, 2.14, 2.14, 2.14, 2.13, 2.13, 2.15, 2.43, 2.55, 2.6, 2.61, 3.15, 3.51, 3.51, 3.52, 3.44, 3.43, 3.42, 3.41, 3.4, 2.16, 2.16, 1.86, 1.87, 1.88, 2.39, 2.4, 2.44, 2.5, 2.53, 3.06, 3.12, 3.19, 3.29, 3.32, 3.89, 3.95, 4.02, 3.94, 3.97, 1.87, 1.88, 1.89, 1.9, 2.43, 2.42, 2.43, 2.44, 2.46, 2.49, 3.0, 3.1, 3.2, 3.31, 3.6, 3.49, 3.48, 3.47, 3.45, 3.44, 1.89, 1.9, 1.91, 1.93, 2.44, 2.43, 2.43, 2.42, 2.42, 2.49, 2.6, 3.07, 3.2, 3.58, 3.54, 3.5, 3.49, 3.47, 3.46, 3.44, 1.91, 1.92, 1.93, 2.45, 2.44, 2.43, 2.42, 2.39, 2.37, 2.47, 2.66, 2.81, 3.55, 3.62, 3.51, 3.5, 3.49, 3.48, 3.46, 3.44, 1.92, 1.93, 2.15, 2.16, 2.18, 2.2, 2.22, 2.26, 2.44, 2.53, 2.64, 2.76, 3.6, 3.71, 3.51, 3.51, 3.5, 3.49, 3.46, 3.43, 2.15, 2.16, 2.16, 2.17, 2.18, 2.2, 2.22, 2.24, 2.5, 2.54, 2.62, 2.71, 3.69, 3.5, 3.52, 3.54, 3.54, 3.51, 3.46, 3.42, 2.16, 2.16, 2.17, 2.18, 2.19, 2.2, 2.21, 2.41, 2.51, 2.53, 2.58, 2.65, 3.72, 3.5, 3.54, 3.59, 3.62, 3.55, 3.45, 3.39, 2.16, 2.17, 2.17, 2.46, 2.45, 2.44, 2.42, 2.41, 2.4, 2.4, 2.41, 3.11, 2.99, 3.5, 3.55, 3.68, 3.86, 3.61, 3.39, 3.33, 2.48, 2.47, 2.47, 2.46, 2.46, 2.45, 2.43, 2.41, 2.38, 2.37, 2.4, 3.2, 2.95, 3.1, 3.27, 3.66, 4.5, 3.28, 3.19, 3.24, 2.49, 2.48, 2.48, 2.47, 2.47, 2.46, 2.44, 2.41, 2.35, 2.3, 2.39, 3.11, 3.41, 3.05, 3.17, 3.25, 3.0, 2.45, 3.0, 3.16, 2.49, 2.49, 2.49, 2.49, 2.48, 2.48, 2.46, 2.43, 2.38, 2.33, 2.8, 3.08, 3.35, 2.99, 3.07, 3.18, 2.99, 2.86, 3.03, 3.14, 2.5, 2.5, 2.5, 2.5, 2.5, 2.5, 2.49, 2.49, 2.48, 2.49, 2.93, 3.1, 3.3, 3.18, 3.18, 3.14, 3.06, 3.02, 3.03, 3.08, 2.51, 2.51, 2.51, 2.51, 2.52, 2.52, 2.53, 2.55, 2.58, 2.96, 3.01, 2.48, 2.35, 2.22, 3.15, 3.13, 3.1, 3.08, 3.08, 3.1, 2.51, 2.52, 2.52, 2.53, 2.54, 2.55, 2.57, 2.6, 2.66, 3.0, 2.82, 2.6, 2.42, 2.28, 3.13, 3.13, 3.12, 3.11, 3.11, 3.12, 2.52, 2.53, 2.53, 2.54, 2.55, 2.57, 2.59, 2.63, 2.55, 2.67, 2.75, 2.6, 2.44, 2.31, 3.12, 3.13, 3.12, 3.12, 3.12, 3.13, 2.53, 2.53, 2.54, 2.55, 2.56, 2.58, 2.6, 2.63, 2.51, 2.58, 2.59, 2.52, 2.42, 2.32, 3.12, 3.13, 3.13, 3.13, 3.13, 3.14, 2.53, 2.54, 2.55, 2.55, 2.57, 2.58, 2.6, 2.43, 2.47, 2.5, 2.49, 2.45, 2.39, 2.31, 3.12, 3.13, 3.13, 3.13, 3.14, 3.14]}, {"header": {"refTime": "2023-09-01T13:00:00.000Z", "nx": 21, "ny": 33, "lo1": 113.509, "la1": 22.2235, "lo2": 113.5947, "la2": 22.1034, "dx": 0.0042850000000001385, "dy": 0.003753125000000024, "parameterCategory": 2, "parameterCategoryName": "Temperature", "parameterNumber": 3}, "data": [-4.01, -3.98, -3.95, -3.42, -3.42, -2.57, -2.61, -2.64, -2.62, -2.49, -2.3, -2.11, -2.33, -2.29, -3.66, -3.94, -4.63, -4.85, -5.01, -5.13, -4.02, -4.0, -3.96, -3.92, -3.42, -3.41, -2.69, -2.79, -2.83, -2.62, -2.3, -2.02, -2.19, -2.15, -3.57, -4.36, -4.71, -4.99, -5.18, -5.29, -4.05, -4.02, -3.99, -3.94, -3.42, -3.41, -3.41, -2.91, -3.26, -2.74, -2.24, -1.84, -1.95, -1.95, -3.86, -4.41, -4.88, -5.22, -5.41, -5.5, -4.08, -4.05, -4.02, -3.98, -3.92, -3.42, -3.41, -3.41, -3.41, -2.58, -2.07, -1.51, -1.49, -1.69, -3.76, -4.56, -5.18, -5.58, -5.75, -5.77, -4.11, -4.1, -4.07, -4.03, -3.97, -3.42, -3.42, -3.42, -3.42, -2.38, -1.93, -1.5, -0.55, -1.5, -3.83, -4.89, -5.7, -6.14, -6.21, -6.1, -4.16, -4.15, -4.13, -4.1, -4.04, -3.97, -3.42, -3.42, -3.42, -3.42, -2.59, -2.03, -1.35, -2.78, -4.2, -5.43, -6.54, -7.01, -6.78, -6.44, -4.62, -4.21, -4.2, -4.18, -4.14, -4.05, -3.93, -3.42, -3.43, -3.73, -3.82, -3.07, -3.91, -3.91, -4.71, -5.99, -7.66, -8.29, -7.77, -7.28, -4.65, -4.65, -4.65, -5.25, -5.18, -4.18, -3.99, -3.72, -3.52, -3.68, -3.61, -5.12, -5.42, -4.85, -7.44, -8.01, -8.69, -8.95, -8.57, -8.32, -4.68, -4.69, -4.71, -4.73, -5.29, -5.22, -5.04, -3.9, -4.1, -3.75, -5.03, -5.73, -6.6, -6.19, -7.44, -7.85, -8.26, -8.44, -8.36, -8.23, -5.76, -5.75, -5.73, -4.82, -4.9, -5.39, -5.36, -5.31, -4.72, -4.59, -5.51, -6.15, -6.91, -6.36, -7.47, -7.72, -7.98, -8.12, -8.14, -8.1, -5.75, -5.74, -5.72, -5.69, -5.63, -5.43, -5.79, -6.14, -5.93, -5.19, -6.43, -6.01, -6.25, -6.17, -7.48, -7.64, -7.81, -7.93, -7.98, -7.98, -5.75, -5.73, -5.71, -5.68, -5.64, -5.63, -5.84, -6.43, -6.75, -6.91, -6.57, -6.94, -6.95, -6.0, -7.48, -7.6, -7.72, -7.88, -7.9, -7.9, -5.74, -5.72, -5.7, -5.67, -5.63, -5.57, -5.56, -6.18, -6.55, -6.32, -6.87, -6.94, -6.92, -6.29, -6.23, -7.53, -7.58, -7.64, -7.68, -7.71, -5.74, -5.72, -5.7, -5.67, -5.61, -5.47, -5.09, -5.74, -6.09, -6.14, -6.76, -6.95, -6.86, -6.77, -6.08, -7.24, -7.31, -7.39, -7.47, -7.53, -5.74, -5.73, -5.71, -5.68, -5.63, -5.55, -5.53, -5.73, -5.92, -6.0, -6.01, -6.06, -6.64, -6.52, -6.43, -6.9, -7.02, -7.15, -7.26, -7.36, -5.75, -5.74, -5.22, -5.21, -5.19, -5.67, -5.68, -5.75, -5.83, -5.89, -6.02, -5.93, -5.82, -5.86, -5.81, -5.8, -5.85, -5.9, -6.35, -6.43, -5.24, -5.24, -5.23, -5.23, -5.72, -5.71, -5.71, -5.73, -5.76, -5.8, -5.9, -5.82, -5.71, -5.56, -5.27, -5.27, -5.28, -5.3, -5.31, -5.31, -5.25, -5.25, -5.25, -5.25, -5.73, -5.72, -5.7, -5.68, -5.68, -5.33, -5.29, -5.76, -5.64, -5.27, -5.23, -5.26, -5.28, -5.3, -5.31, -5.32, -5.25, -5.26, -5.26, -5.75, -5.74, -5.72, -5.68, -5.62, -5.48, -5.38, -4.84, -4.78, -5.32, -5.28, -5.26, -5.27, -5.29, -5.31, -5.32, -5.32, -5.26, -5.26, -4.43, -4.46, -4.52, -4.61, -4.75, -4.97, -5.14, -4.91, -4.73, -4.67, -5.33, -5.3, -5.29, -5.3, -5.31, -5.32, -5.32, -5.33, -4.33, -4.34, -4.36, -4.38, -4.41, -4.47, -4.55, -4.64, -4.72, -4.62, -4.53, -4.5, -5.33, -5.31, -5.31, -5.32, -5.32, -5.33, -5.33, -5.34, -4.28, -4.28, -4.28, -4.28, -4.29, -4.29, -4.3, -4.06, -4.31, -4.26, -4.24, -4.28, -4.29, -5.32, -5.32, -5.33, -5.33, -5.34, -5.34, -5.34, -4.23, -4.22, -4.2, -3.85, -3.84, -3.82, -3.78, -3.71, -3.61, -3.54, -3.54, -4.03, -4.24, -5.33, -5.33, -5.34, -5.34, -5.35, -5.35, -5.35, -3.8, -3.79, -3.78, -3.75, -3.72, -3.66, -3.56, -3.42, -3.23, -3.13, -3.23, -3.34, -4.17, -4.5, -4.8, -5.35, -5.32, -5.37, -5.37, -5.36, -3.76, -3.74, -3.71, -3.68, -3.63, -3.54, -3.42, -3.22, -2.9, -2.64, -2.99, -3.26, -3.55, -4.46, -4.77, -5.02, -5.38, -5.41, -5.38, -5.37, -3.72, -3.7, -3.67, -3.62, -3.56, -3.48, -3.35, -3.17, -2.89, -2.67, -2.97, -3.27, -3.52, -4.41, -4.7, -5.1, -5.2, -5.23, -5.38, -5.37, -3.69, -3.66, -3.63, -3.58, -3.53, -3.45, -3.35, -3.23, -3.1, -3.07, -3.17, -3.34, -3.51, -4.72, -4.87, -5.0, -5.08, -5.12, -5.12, -5.09, -3.67, -3.64, -3.6, -3.56, -3.51, -3.45, -3.38, -3.31, -3.28, -3.28, -3.36, -3.45, -3.57, -3.74, -4.77, -4.9, -4.98, -5.03, -5.04, -5.04, -3.65, -3.62, -3.59, -3.55, -3.51, -3.46, -3.41, -3.38, -3.38, -3.42, -3.49, -3.5, -3.58, -3.71, -4.68, -4.81, -4.89, -4.95, -4.97, -4.98, -3.64, -3.61, -3.58, -3.55, -3.51, -3.48, -3.44, -3.42, -3.42, -3.47, -3.5, -3.53, -3.59, -3.69, -4.62, -4.74, -4.82, -4.88, -4.91, -4.93, -3.63, -3.61, -3.58, -3.55, -3.52, -3.49, -3.47, -3.45, -3.46, -3.49, -3.51, -3.55, -3.61, -3.69, -4.58, -4.69, -4.77, -4.82, -4.86, -4.89, -3.62, -3.6, -3.58, -3.56, -3.53, -3.51, -3.49, -3.47, -3.49, -3.51, -3.54, -3.57, -3.63, -3.69, -4.57, -4.66, -4.73, -4.78, -4.82, -4.85]}, {"header": {"refTime": "2023-09-01T13:00:00.000Z", "nx": 21, "ny": 33, "lo1": 113.509, "la1": 22.2235, "lo2": 113.5947, "la2": 22.1034, "dx": 0.0042850000000001385, "dy": 0.003753125000000024, "parameterCategory": 0, "parameterCategoryName": "Temperature", "parameterNumber": 0}, "data": [[29.75, 29.74, 29.74, 29.5, 29.5, 29.79, 29.78, 29.77, 29.77, 29.72, 29.76, 29.8, 30.16, 30.19, 30.02, 30.01, 30.28, 30.26, 30.25, 30.25], [29.75, 29.75, 29.74, 29.73, 29.5, 29.51, 29.76, 29.74, 29.73, 29.71, 29.76, 29.82, 30.18, 30.21, 30.04, 30.29, 30.27, 30.25, 30.24, 30.24], [29.76, 29.75, 29.74, 29.73, 29.5, 29.51, 29.52, 29.71, 29.63, 29.69, 29.78, 29.86, 30.22, 30.25, 30.31, 30.28, 30.25, 30.24, 30.22, 30.22], [29.77, 29.76, 29.75, 29.74, 29.73, 29.51, 29.52, 29.53, 29.55, 29.71, 29.81, 29.94, 30.29, 30.21, 30.31, 30.27, 30.23, 30.21, 30.2, 30.2], [29.78, 29.77, 29.76, 29.75, 29.74, 29.5, 29.5, 29.51, 29.5, 29.71, 29.81, 30.2, 30.32, 30.24, 30.31, 30.25, 30.2, 30.17, 30.17, 30.18], [29.79, 29.78, 29.78, 29.77, 29.76, 29.74, 29.5, 29.49, 29.48, 29.44, 29.99, 30.15, 30.26, 30.47, 30.3, 30.22, 30.14, 30.1, 30.12, 30.15], [29.88, 29.8, 29.8, 29.79, 29.78, 29.76, 29.62, 29.5, 29.49, 29.61, 29.63, 30.08, 30.51, 30.5, 30.3, 30.19, 30.05, 30.0, 29.99, 30.02], [29.89, 29.89, 29.89, 29.89, 29.88, 29.7, 29.65, 29.6, 29.61, 29.56, 29.4, 30.17, 30.18, 30.5, 30.16, 30.24, 30.08, 30.03, 30.12, 30.17], [29.81, 29.82, 29.91, 29.92, 29.92, 29.9, 29.84, 29.63, 29.47, 29.64, 29.74, 29.94, 30.04, 29.91, 30.18, 30.26, 30.18, 30.14, 30.16, 30.19], [30.1, 30.1, 30.1, 29.87, 29.9, 29.99, 29.93, 29.84, 29.37, 29.39, 30.05, 29.82, 29.89, 29.86, 30.18, 30.29, 30.24, 30.21, 30.21, 30.22], [30.1, 30.1, 30.1, 30.1, 30.1, 30.1, 30.1, 30.1, 29.92, 29.46, 29.2, 29.73, 29.8, 29.8, 30.17, 30.32, 30.28, 30.25, 30.25, 30.25], [30.1, 30.1, 30.1, 30.1, 30.1, 30.1, 30.1, 30.1, 30.1, -999.0, 29.2, 30.6, 30.6, 29.76, 30.16, 30.34, 30.32, 29.33, 29.35, 29.35], [30.1, 30.1, 30.1, 30.1, 30.1, 30.1, 30.1, 30.1, 30.1, 30.1, -999.0, 30.6, 30.6, 29.49, 29.98, 29.54, 29.54, 29.42, 29.44, 29.45], [30.1, 30.1, 30.1, 30.1, 30.1, 30.1, 30.1, 30.1, 30.1, 30.1, -999.0, 28.9, 28.9, 28.9, 29.83, 29.45, 29.47, 29.34, 29.37, 29.39], [30.1, 30.1, 30.1, 30.1, 30.1, 30.1, 30.1, 30.3, 30.3, 30.3, 30.3, 29.76, 28.9, 28.9, 28.9, 29.36, 29.39, 29.27, 29.31, 29.34], [30.1, 30.1, 30.23, 30.23, 30.23, 30.3, 30.3, 30.3, 30.3, 30.3, 29.42, 29.52, 29.38, 29.27, 29.4, 29.16, 29.2, 29.13, 29.35, 29.38], [30.23, 30.23, 30.17, 30.17, 30.3, 30.3, 30.3, 30.3, 30.3, 30.3, 29.7, 29.52, 29.34, 29.17, 29.15, 29.08, 29.14, 29.19, 29.23, 29.25], [30.17, 30.17, 30.18, 30.18, 30.3, 30.3, 30.3, 30.3, 30.3, 29.94, 29.76, 29.55, 29.33, 29.16, 28.94, 29.06, 29.15, 29.21, 29.24, 29.27], [30.18, 30.18, 30.18, 30.3, 30.3, 30.3, 30.3, 30.3, 30.17, 30.03, 29.9, 29.72, 29.41, 29.24, 29.05, 29.11, 29.19, 29.24, 29.27, 29.29], [30.18, 30.18, 30.3, 30.3, 30.3, 30.3, 30.3, 30.3, 30.17, 30.06, 29.92, 29.78, 29.47, 29.36, 29.17, 29.2, 29.25, 29.29, 29.31, 29.32], [30.3, 30.3, 30.3, 30.3, 30.3, 30.3, 30.3, 30.3, 30.08, 30.03, 29.94, 29.83, 29.53, 29.24, 29.26, 29.29, 29.32, 29.34, 29.35, 29.35], [30.3, 30.3, 30.3, 30.3, 30.3, 30.3, 30.3, 30.25, 30.06, 30.02, 29.96, 29.88, 29.58, 29.3, 29.33, 29.36, 29.39, 29.4, 29.39, 29.37], [30.3, 30.3, 30.3, 30.22, 30.23, 30.23, 30.24, 30.24, 30.24, 30.24, 30.24, 30.12, 29.8, 29.34, 29.37, 29.42, 29.46, 29.45, 29.42, 29.4], [30.21, 30.21, 30.22, 30.22, 30.22, 30.23, 30.23, 30.24, 30.25, 30.25, 30.24, 30.05, 29.82, 29.73, 29.66, 29.45, 29.54, 29.47, 29.43, 29.41], [30.21, 30.21, 30.21, 30.21, 30.22, 30.22, 30.22, 30.23, 30.25, 30.27, 30.24, 30.07, 30.0, 29.74, 29.66, 29.6, 29.45, 29.43, 29.43, 29.41], [30.21, 30.21, 30.21, 30.21, 30.21, 30.21, 30.21, 30.22, 30.24, 30.26, 30.14, 30.07, 30.01, 29.75, 29.68, 29.57, 29.54, 29.53, 29.42, 29.41], [30.2, 30.2, 30.2, 30.2, 30.2, 30.2, 30.2, 30.2, 30.2, 30.2, 30.09, 30.05, 30.01, 29.68, 29.63, 29.6, 29.57, 29.56, 29.56, 29.57], [30.2, 30.2, 30.2, 30.19, 30.19, 30.19, 30.18, 30.17, 30.16, 30.06, 30.04, 30.0, 29.96, 29.91, 29.66, 29.63, 29.6, 29.59, 29.59, 29.59], [30.19, 30.19, 30.19, 30.19, 30.18, 30.18, 30.17, 30.15, 30.13, 30.03, 30.0, 29.99, 29.96, 29.92, 29.69, 29.65, 29.63, 29.61, 29.6, 29.6], [30.19, 30.19, 30.19, 30.18, 30.18, 30.17, 30.16, 30.14, 30.01, 30.0, 30.0, 29.98, 29.96, 29.93, 29.7, 29.67, 29.65, 29.63, 29.62, 29.62], [30.19, 30.19, 30.18, 30.18, 30.17, 30.17, 30.15, 30.14, 30.0, 29.99, 29.99, 29.98, 29.96, 29.93, 29.71, 29.68, 29.66, 29.65, 29.64, 29.63], [30.19, 30.18, 30.18, 30.18, 30.17, 30.16, 30.15, 29.99, 29.99, 29.98, 29.98, 29.97, 29.95, 29.93, 29.72, 29.69, 29.67, 29.66, 29.65, 29.64]]}]