gis_exercise/awsData/contour/wdir_2023090117.json
[{"header": {"refTime": "2023-09-01T17:00:00.000Z", "nx": 21, "ny": 33, "lo1": 113.509, "la1": 22.2235, "lo2": 113.5947, "la2": 22.1034, "dx": 0.0042850000000001385, "dy": 0.003753125000000024, "parameterCategory": 2, "parameterCategoryName": "Temperature", "parameterNumber": 2}, "data": [2.0, 1.98, 1.95, 2.58, 2.49, 1.95, 1.86, 1.76, 1.73, 1.92, 2.06, 2.19, 2.29, 2.37, 2.25, 2.32, 3.28, 3.3, 3.32, 3.33, 2.01, 1.99, 1.97, 1.94, 2.5, 2.37, 1.8, 1.62, 1.51, 1.77, 2.03, 2.21, 2.33, 2.41, 2.29, 3.24, 3.28, 3.31, 3.33, 3.34, 2.03, 2.02, 2.0, 1.97, 2.55, 2.41, 2.18, 1.51, 1.04, 1.65, 2.06, 2.28, 2.39, 2.47, 3.18, 3.24, 3.29, 3.32, 3.34, 3.35, 2.05, 2.04, 2.03, 2.02, 1.99, 2.53, 2.34, 2.03, 1.74, 1.88, 2.22, 2.39, 2.47, 3.19, 3.16, 3.25, 3.3, 3.34, 3.36, 3.36, 2.06, 2.07, 2.07, 2.07, 2.07, 2.7, 2.63, 2.53, 2.5, 2.31, 2.48, 3.12, 2.71, 3.1, 3.17, 3.28, 3.34, 3.37, 3.38, 3.38, 2.08, 2.09, 2.1, 2.12, 2.15, 2.2, 2.92, 2.97, 3.04, 3.15, 3.62, 3.34, 3.04, 3.78, 3.25, 3.33, 3.39, 3.41, 3.41, 3.4, 3.0, 2.1, 2.12, 2.15, 2.21, 2.31, 3.32, 3.29, 3.4, 4.06, 4.15, 3.76, 4.23, 4.3, 3.36, 3.39, 3.44, 3.45, 3.83, 3.94, 2.98, 2.96, 2.93, 3.21, 3.22, 3.05, 3.24, 3.48, 3.76, 4.07, 4.22, 4.74, 4.86, 4.77, 4.92, 4.55, 4.06, 3.89, 4.15, 4.33, 2.97, 2.93, 2.88, 2.82, 3.05, 3.1, 3.3, 3.32, 4.1, 4.05, 4.94, 5.25, 5.84, 5.56, 5.1, 4.73, 4.41, 4.26, 4.32, 4.41, 3.41, 3.35, 3.26, 2.74, 2.58, 2.71, 3.1, 3.52, 4.37, 4.37, 5.21, 5.6, 6.11, 5.71, 5.21, 4.9, 4.65, 4.52, 4.49, 4.51, 3.42, 3.36, 3.27, 3.11, 2.78, 1.79, 3.09, 3.85, 4.05, 4.57, 5.6, 5.5, 5.66, 5.6, 5.22, 4.99, 4.8, 4.68, 4.63, 4.61, 3.45, 3.4, 3.34, 3.23, 3.07, 2.99, 3.54, 4.34, 4.69, 5.36, 5.57, 5.67, 5.74, 5.48, 5.19, 5.03, 4.89, 4.75, 4.68, 4.65, 3.49, 3.46, 3.43, 3.41, 3.43, 3.59, 3.9, 4.31, 4.56, 4.3, 5.44, 5.61, 5.66, 5.31, 5.25, 4.96, 4.85, 4.77, 4.71, 4.68, 3.53, 3.52, 3.52, 3.55, 3.63, 3.81, 4.03, 4.1, 4.21, 4.18, 5.35, 5.49, 5.46, 5.41, 5.09, 4.85, 4.79, 4.75, 4.71, 4.69, 3.57, 3.57, 3.59, 3.63, 3.71, 3.83, 3.94, 4.45, 4.53, 4.56, 4.56, 4.54, 5.27, 5.19, 5.13, 4.73, 4.71, 4.7, 4.69, 4.69, 3.6, 3.62, 3.31, 3.36, 3.43, 4.4, 4.4, 4.42, 4.45, 4.48, 4.5, 4.46, 4.41, 4.69, 4.66, 5.1, 5.23, 5.35, 4.58, 4.61, 3.3, 3.33, 3.36, 3.41, 4.4, 4.39, 4.38, 4.37, 4.37, 4.4, 4.42, 4.4, 4.35, 4.28, 4.38, 4.1, 4.09, 4.07, 4.06, 4.05, 3.34, 3.37, 3.4, 3.45, 4.39, 4.37, 4.33, 4.29, 4.28, 4.1, 4.1, 4.35, 4.31, 4.37, 4.17, 4.11, 4.09, 4.08, 4.06, 4.04, 3.37, 3.4, 3.44, 4.39, 4.37, 4.35, 4.3, 4.22, 4.1, 4.1, 4.05, 4.05, 4.53, 4.47, 4.12, 4.11, 4.1, 4.09, 4.06, 4.04, 3.39, 3.42, 4.01, 4.01, 4.02, 4.02, 4.03, 4.05, 4.07, 4.05, 4.04, 4.04, 4.62, 4.64, 4.12, 4.12, 4.12, 4.1, 4.07, 4.04, 4.0, 4.0, 4.0, 4.0, 4.0, 4.01, 4.01, 4.02, 4.03, 4.03, 4.02, 4.02, 4.74, 4.11, 4.14, 4.16, 4.16, 4.12, 4.07, 4.02, 3.99, 3.99, 3.99, 3.99, 3.99, 3.99, 3.99, 4.03, 4.0, 3.99, 3.99, 4.0, 4.74, 4.12, 4.16, 4.23, 4.26, 4.18, 4.06, 3.99, 3.99, 3.99, 3.98, 4.05, 4.04, 4.03, 4.02, 4.01, 4.0, 3.99, 4.0, 4.57, 3.96, 4.11, 4.18, 4.33, 4.54, 4.25, 3.99, 3.92, 4.06, 4.06, 4.05, 4.05, 4.04, 4.03, 4.01, 3.99, 3.96, 3.95, 3.97, 4.57, 3.94, 3.99, 4.08, 4.3, 5.28, 3.86, 3.76, 3.82, 4.06, 4.06, 4.05, 4.05, 4.04, 4.03, 4.01, 3.98, 3.92, 3.87, 3.94, 4.49, 4.73, 3.94, 3.97, 3.96, 3.54, 2.91, 3.54, 3.73, 4.06, 4.06, 4.06, 4.05, 4.04, 4.03, 4.02, 3.99, 3.93, 3.89, 4.24, 4.47, 4.68, 3.89, 3.88, 3.87, 3.62, 3.47, 3.58, 3.71, 4.06, 4.06, 4.06, 4.06, 4.05, 4.05, 4.04, 4.02, 4.01, 4.01, 4.34, 4.48, 4.64, 4.05, 3.98, 3.88, 3.76, 3.69, 3.71, 3.77, 4.07, 4.07, 4.06, 4.06, 4.06, 4.06, 4.06, 4.07, 4.08, 4.35, 4.39, 3.74, 3.54, 3.32, 3.99, 3.91, 3.84, 3.8, 3.79, 3.82, 4.07, 4.07, 4.07, 4.07, 4.07, 4.08, 4.08, 4.1, 4.14, 4.38, 4.17, 3.88, 3.63, 3.41, 4.01, 3.95, 3.9, 3.87, 3.85, 3.86, 4.07, 4.07, 4.08, 4.08, 4.08, 4.09, 4.1, 4.12, 3.84, 3.99, 4.08, 3.88, 3.65, 3.46, 4.03, 3.98, 3.94, 3.91, 3.9, 3.9, 4.08, 4.08, 4.08, 4.08, 4.09, 4.1, 4.11, 4.13, 3.79, 3.86, 3.87, 3.77, 3.63, 3.47, 4.04, 4.0, 3.97, 3.95, 3.93, 3.92, 4.08, 4.08, 4.08, 4.09, 4.09, 4.1, 4.11, 3.68, 3.72, 3.75, 3.74, 3.68, 3.58, 3.46, 4.05, 4.02, 3.99, 3.97, 3.95, 3.95]}, {"header": {"refTime": "2023-09-01T17:00:00.000Z", "nx": 21, "ny": 33, "lo1": 113.509, "la1": 22.2235, "lo2": 113.5947, "la2": 22.1034, "dx": 0.0042850000000001385, "dy": 0.003753125000000024, "parameterCategory": 2, "parameterCategoryName": "Temperature", "parameterNumber": 3}, "data": [-4.69, -4.65, -4.59, -4.0, -3.95, -3.32, -3.26, -3.2, -3.14, -2.63, -2.53, -2.43, -3.29, -3.31, -3.81, -4.05, -5.42, -5.59, -5.72, -5.81, -4.71, -4.68, -4.63, -4.56, -3.97, -3.89, -3.29, -3.21, -3.14, -2.69, -2.52, -2.37, -3.19, -3.22, -3.76, -5.21, -5.48, -5.68, -5.83, -5.91, -4.75, -4.72, -4.67, -4.61, -4.01, -3.93, -3.79, -3.22, -3.1, -2.75, -2.49, -2.26, -3.01, -3.08, -4.79, -5.23, -5.58, -5.83, -5.98, -6.06, -4.79, -4.77, -4.73, -4.68, -4.6, -4.01, -3.9, -3.71, -3.53, -2.68, -2.4, -2.08, -2.66, -2.95, -4.7, -5.33, -5.79, -6.08, -6.21, -6.24, -4.84, -4.83, -4.81, -4.78, -4.73, -4.14, -4.1, -4.03, -3.96, -2.6, -2.34, -2.72, -1.79, -2.78, -4.76, -5.57, -6.15, -6.46, -6.52, -6.46, -4.89, -4.89, -4.89, -4.88, -4.87, -4.86, -4.34, -4.37, -4.32, -4.17, -3.68, -3.26, -2.64, -4.39, -5.12, -5.98, -6.73, -7.04, -6.9, -6.69, -6.16, -4.95, -4.97, -4.98, -5.0, -5.03, -5.17, -4.77, -4.76, -5.04, -4.92, -4.38, -5.73, -5.66, -5.63, -6.42, -7.47, -7.86, -7.57, -7.28, -6.16, -6.14, -6.11, -6.73, -6.69, -5.2, -5.23, -5.38, -5.67, -4.89, -4.11, -6.78, -7.29, -6.68, -8.5, -8.55, -8.58, -8.59, -8.58, -8.56, -6.17, -6.15, -6.12, -6.07, -6.63, -6.61, -6.66, -5.26, -5.93, -5.16, -6.11, -7.25, -8.21, -7.75, -8.58, -8.57, -8.57, -8.58, -8.57, -8.56, -7.3, -7.24, -7.15, -6.07, -5.98, -6.4, -6.71, -7.04, -6.55, -6.21, -6.78, -7.59, -8.42, -7.87, -8.64, -8.59, -8.58, -8.57, -8.57, -8.56, -7.31, -7.25, -7.15, -6.99, -6.65, -5.64, -7.04, -7.93, -7.92, -7.04, -7.86, -7.41, -7.7, -7.64, -8.64, -8.6, -8.58, -8.57, -8.57, -8.56, -7.33, -7.28, -7.21, -7.09, -6.92, -6.85, -7.47, -8.55, -9.06, -9.28, -8.16, -9.06, -9.01, -7.43, -8.63, -8.6, -8.58, -8.17, -8.15, -8.13, -7.36, -7.33, -7.29, -7.25, -7.24, -7.35, -7.62, -8.37, -8.83, -8.45, -9.15, -9.11, -9.04, -7.83, -7.74, -8.04, -8.02, -8.01, -8.01, -8.01, -7.4, -7.38, -7.37, -7.37, -7.41, -7.48, -7.45, -7.91, -8.23, -8.23, -9.06, -8.64, -8.44, -8.26, -7.49, -7.77, -7.79, -7.82, -7.85, -7.89, -7.44, -7.43, -7.44, -7.45, -7.49, -7.55, -7.64, -8.42, -8.65, -8.76, -8.79, -8.17, -8.12, -7.9, -7.76, -7.46, -7.53, -7.62, -7.69, -7.76, -7.47, -7.48, -7.16, -7.19, -7.24, -8.41, -8.42, -8.52, -8.63, -8.7, -8.28, -7.99, -7.65, -7.24, -7.11, -6.76, -6.85, -6.94, -6.8, -6.87, -7.2, -7.22, -7.25, -7.3, -8.52, -8.52, -8.55, -8.6, -8.66, -8.7, -8.18, -7.85, -7.42, -6.94, -6.32, -5.99, -6.02, -6.04, -6.06, -6.07, -7.26, -7.29, -7.34, -7.4, -8.57, -8.59, -8.62, -8.68, -8.71, -7.91, -7.6, -7.78, -7.3, -6.35, -5.96, -5.98, -6.02, -6.05, -6.06, -6.07, -7.31, -7.35, -7.4, -8.6, -8.61, -8.63, -8.67, -8.73, -8.59, -8.1, -6.7, -6.29, -6.82, -6.49, -5.97, -6.0, -6.04, -6.07, -6.08, -6.08, -7.35, -7.4, -6.47, -6.55, -6.67, -6.85, -7.16, -7.63, -7.77, -7.11, -6.52, -6.15, -6.92, -6.69, -6.03, -6.05, -6.08, -6.09, -6.1, -6.1, -6.27, -6.3, -6.33, -6.38, -6.45, -6.56, -6.74, -6.94, -6.75, -6.46, -6.11, -5.88, -6.99, -6.07, -6.08, -6.1, -6.12, -6.12, -6.12, -6.11, -6.16, -6.17, -6.17, -6.17, -6.18, -6.19, -6.2, -5.78, -5.86, -5.69, -5.55, -5.5, -4.86, -6.1, -6.12, -6.15, -6.17, -6.16, -6.14, -6.12, -6.06, -6.03, -6.0, -5.36, -5.35, -5.3, -5.21, -5.05, -4.84, -4.69, -4.7, -5.22, -4.65, -6.12, -6.15, -6.2, -6.25, -6.2, -6.14, -6.12, -5.28, -5.26, -5.23, -5.18, -5.1, -4.97, -4.77, -4.44, -4.03, -3.83, -4.06, -3.89, -4.55, -5.02, -5.43, -6.21, -6.41, -6.15, -6.11, -6.11, -5.19, -5.16, -5.1, -5.03, -4.91, -4.74, -4.47, -4.03, -3.34, -2.77, -3.55, -3.79, -4.25, -4.95, -5.37, -5.7, -6.09, -5.98, -6.07, -6.1, -5.12, -5.07, -5.01, -4.92, -4.79, -4.61, -4.34, -3.94, -3.32, -2.84, -3.31, -3.85, -4.25, -4.87, -5.25, -5.97, -5.99, -5.97, -6.08, -6.09, -5.06, -5.01, -4.94, -4.85, -4.72, -4.56, -4.35, -4.1, -3.83, -3.76, -3.79, -4.07, -4.32, -5.74, -5.84, -5.9, -5.94, -5.95, -5.95, -5.94, -5.02, -4.96, -4.9, -4.81, -4.7, -4.58, -4.44, -4.31, -4.25, -4.12, -4.3, -4.21, -4.24, -4.33, -5.77, -5.84, -5.88, -5.91, -5.92, -5.92, -4.99, -4.93, -4.87, -4.79, -4.71, -4.61, -4.53, -4.48, -4.51, -4.53, -4.76, -4.46, -4.35, -4.37, -5.71, -5.79, -5.84, -5.86, -5.88, -5.89, -4.97, -4.92, -4.86, -4.79, -4.73, -4.66, -4.61, -4.58, -4.27, -4.51, -4.67, -4.5, -4.4, -4.39, -5.67, -5.74, -5.79, -5.83, -5.85, -5.86, -4.95, -4.91, -4.86, -4.8, -4.75, -4.7, -4.66, -4.65, -4.28, -4.41, -4.47, -4.44, -4.4, -4.39, -5.65, -5.71, -5.76, -5.8, -5.82, -5.84, -4.95, -4.91, -4.86, -4.82, -4.77, -4.73, -4.71, -4.19, -4.27, -4.34, -4.38, -4.39, -4.38, -4.38, -5.64, -5.7, -5.74, -5.77, -5.8, -5.81]}, {"header": {"refTime": "2023-09-01T17:00:00.000Z", "nx": 21, "ny": 33, "lo1": 113.509, "la1": 22.2235, "lo2": 113.5947, "la2": 22.1034, "dx": 0.0042850000000001385, "dy": 0.003753125000000024, "parameterCategory": 0, "parameterCategoryName": "Temperature", "parameterNumber": 0}, "data": [[27.93, 27.92, 27.91, 27.61, 27.61, 27.86, 27.85, 27.83, 27.83, 27.74, 27.78, 27.82, 28.04, 28.06, 28.05, 28.05, 28.18, 28.17, 28.16, 28.16], [27.94, 27.93, 27.92, 27.9, 27.61, 27.61, 27.83, 27.79, 27.77, 27.72, 27.78, 27.84, 28.06, 28.09, 28.07, 28.19, 28.17, 28.16, 28.16, 28.15], [27.95, 27.94, 27.93, 27.91, 27.62, 27.61, 27.61, 27.75, 27.64, 27.7, 27.8, 27.88, 28.11, 28.13, 28.21, 28.19, 28.17, 28.15, 28.15, 28.14], [27.96, 27.95, 27.94, 27.93, 27.9, 27.62, 27.62, 27.61, 27.6, 27.73, 27.83, 27.96, 28.19, 28.11, 28.21, 28.18, 28.16, 28.14, 28.13, 28.13], [27.98, 27.97, 27.96, 27.95, 27.93, 27.63, 27.63, 27.62, 27.61, 27.74, 27.84, 28.13, 28.29, 28.15, 28.21, 28.17, 28.14, 28.12, 28.12, 28.12], [27.99, 27.99, 27.99, 27.98, 27.96, 27.94, 27.65, 27.65, 27.63, 27.58, 27.9, 28.05, 28.18, 28.3, 28.19, 28.15, 28.11, 28.09, 28.1, 28.11], [28.18, 28.01, 28.02, 28.01, 28.0, 27.98, 27.87, 27.7, 27.69, 27.66, 27.62, 27.92, 28.23, 28.25, 28.17, 28.12, 28.06, 28.04, 28.07, 28.1], [28.19, 28.19, 28.19, 28.19, 28.18, 27.95, 27.91, 27.86, 27.84, 27.63, 27.44, 27.85, 27.86, 28.25, 28.04, 28.05, 28.03, 28.02, 28.03, 28.04], [28.11, 28.12, 28.21, 28.22, 28.22, 28.2, 28.14, 27.89, 27.71, 27.69, 27.61, 27.73, 27.78, 27.71, 28.04, 28.05, 28.04, 28.03, 28.04, 28.04], [28.4, 28.4, 28.4, 28.17, 28.2, 28.29, 28.23, 28.14, 27.56, 27.59, 27.79, 27.65, 27.7, 27.67, 28.04, 28.06, 28.05, 28.04, 28.04, 28.05], [28.4, 28.4, 28.4, 28.4, 28.4, 28.4, 28.4, 28.4, 28.22, 27.69, 27.3, 27.6, 27.64, 27.64, 28.04, 28.06, 28.05, 28.05, 28.05, 28.05], [28.4, 28.4, 28.4, 28.4, 28.4, 28.4, 28.4, 28.4, 28.4, -999.0, 27.3, 28.1, 28.1, 27.62, 28.04, 28.06, 28.06, 27.2, 27.22, 27.23], [28.4, 28.4, 28.4, 28.4, 28.4, 28.4, 28.4, 28.4, 28.4, 28.4, -999.0, 28.1, 28.1, 27.12, 27.55, 27.49, 27.5, 27.33, 27.35, 27.37], [28.4, 28.4, 28.4, 28.4, 28.4, 28.4, 28.4, 28.4, 28.4, 28.4, -999.0, 26.6, 26.6, 26.6, 27.42, 27.37, 27.4, 27.22, 27.26, 27.29], [28.4, 28.4, 28.4, 28.4, 28.4, 28.4, 28.4, 28.3, 28.3, 28.3, 28.3, 27.65, 26.6, 26.6, 26.6, 27.24, 27.28, 27.12, 27.17, 27.21], [28.4, 28.4, 28.34, 28.34, 28.33, 28.3, 28.3, 28.3, 28.3, 28.3, 27.23, 27.35, 27.19, 27.05, 27.21, 27.19, 27.28, 27.12, 27.4, 27.46], [28.34, 28.34, 28.36, 28.36, 28.3, 28.3, 28.3, 28.3, 28.3, 28.3, 27.57, 27.36, 27.14, 26.93, 26.98, 26.89, 26.99, 27.07, 27.13, 27.17], [28.36, 28.36, 28.36, 28.36, 28.3, 28.3, 28.3, 28.3, 28.3, 27.87, 27.64, 27.38, 27.12, 26.99, 26.66, 26.86, 27.01, 27.1, 27.16, 27.19], [28.36, 28.36, 28.36, 28.3, 28.3, 28.3, 28.3, 28.3, 28.15, 27.97, 27.77, 27.56, 27.36, 27.13, 26.84, 26.95, 27.07, 27.15, 27.2, 27.23], [28.36, 28.36, 28.19, 28.19, 28.2, 28.21, 28.23, 28.27, 28.12, 27.97, 27.8, 27.62, 27.46, 27.33, 27.04, 27.1, 27.18, 27.23, 27.26, 27.27], [28.18, 28.18, 28.18, 28.22, 28.22, 28.23, 28.23, 28.24, 27.99, 27.92, 27.8, 27.67, 27.57, 27.16, 27.19, 27.25, 27.3, 27.33, 27.33, 27.32], [28.21, 28.21, 28.21, 28.21, 28.21, 28.21, 28.22, 28.25, 27.93, 27.89, 27.81, 27.72, 27.6, 27.26, 27.31, 27.38, 27.44, 27.43, 27.39, 27.36], [28.2, 28.2, 28.2, 28.25, 28.25, 28.25, 28.24, 28.23, 28.22, 28.22, 28.22, 28.19, 27.78, 27.32, 27.39, 27.5, 27.61, 27.53, 27.43, 27.38], [28.26, 28.26, 28.25, 28.25, 28.25, 28.24, 28.23, 28.22, 28.2, 28.19, 28.2, 28.2, 27.79, 27.74, 27.7, 27.54, 27.88, 27.48, 27.41, 27.38], [28.26, 28.26, 28.25, 28.25, 28.25, 28.24, 28.23, 28.21, 28.17, 28.14, 28.19, 28.2, 28.22, 27.73, 27.68, 27.63, 27.4, 27.24, 27.36, 27.36], [28.26, 28.26, 28.25, 28.25, 28.25, 28.24, 28.23, 28.21, 28.18, 28.15, 28.19, 28.22, 28.23, 27.73, 27.67, 27.65, 27.55, 27.5, 27.35, 27.35], [28.26, 28.26, 28.26, 28.25, 28.25, 28.25, 28.24, 28.23, 28.22, 28.22, 28.23, 28.24, 28.24, 27.85, 27.77, 27.69, 27.63, 27.6, 27.61, 27.63], [28.26, 28.26, 28.26, 28.26, 28.26, 28.26, 28.25, 28.26, 28.27, 28.28, 28.29, 28.09, 27.99, 27.87, 27.81, 27.74, 27.69, 27.66, 27.66, 27.66], [28.26, 28.26, 28.26, 28.26, 28.26, 28.26, 28.27, 28.28, 28.3, 28.33, 28.32, 28.16, 28.03, 27.92, 27.86, 27.79, 27.74, 27.71, 27.7, 27.7], [28.26, 28.26, 28.26, 28.27, 28.27, 28.27, 28.28, 28.29, 28.14, 28.22, 28.27, 28.16, 28.05, 27.94, 27.89, 27.83, 27.78, 27.75, 27.73, 27.73], [28.27, 28.27, 28.27, 28.27, 28.27, 28.27, 28.28, 28.29, 28.11, 28.15, 28.16, 28.11, 28.03, 27.95, 27.9, 27.85, 27.81, 27.78, 27.76, 27.75], [28.27, 28.27, 28.27, 28.27, 28.27, 28.28, 28.28, 28.06, 28.08, 28.09, 28.09, 28.06, 28.0, 27.94, 27.91, 27.87, 27.83, 27.8, 27.79, 27.77]]}]