gis_exercise/awsData/contour/wdir_2023090118.json
[{"header": {"refTime": "2023-09-01T18:00:00.000Z", "nx": 21, "ny": 33, "lo1": 113.509, "la1": 22.2235, "lo2": 113.5947, "la2": 22.1034, "dx": 0.0042850000000001385, "dy": 0.003753125000000024, "parameterCategory": 2, "parameterCategoryName": "Temperature", "parameterNumber": 2}, "data": [1.45, 1.41, 1.37, 2.11, 2.01, 1.47, 1.35, 1.25, 1.22, 1.82, 2.09, 2.34, 1.98, 2.08, 2.5, 2.59, 3.4, 3.41, 3.43, 3.43, 1.47, 1.44, 1.4, 1.34, 2.02, 1.85, 1.26, 1.03, 0.9, 1.55, 2.04, 2.39, 2.08, 2.19, 2.59, 3.38, 3.41, 3.43, 3.45, 3.45, 1.5, 1.47, 1.44, 1.38, 2.07, 1.9, 1.61, 0.86, 0.22, 1.34, 2.1, 2.54, 2.27, 2.34, 3.35, 3.39, 3.43, 3.46, 3.47, 3.48, 1.54, 1.52, 1.49, 1.45, 1.38, 2.03, 1.81, 1.43, 1.08, 1.73, 2.4, 2.8, 2.56, 3.53, 3.35, 3.41, 3.46, 3.5, 3.51, 3.51, 1.58, 1.57, 1.55, 1.53, 1.5, 2.23, 2.13, 2.02, 2.02, 2.43, 2.82, 3.55, 3.39, 3.49, 3.35, 3.44, 3.51, 3.56, 3.56, 3.54, 1.62, 1.62, 1.62, 1.62, 1.62, 1.62, 2.45, 2.5, 2.65, 2.91, 3.84, 3.61, 3.46, 3.51, 3.35, 3.48, 3.6, 3.66, 3.63, 3.58, 2.58, 1.67, 1.68, 1.7, 1.73, 1.78, 3.14, 2.78, 2.96, 3.82, 4.04, 3.68, 3.47, 3.59, 3.35, 3.52, 3.73, 3.81, 4.04, 4.06, 2.58, 2.56, 2.55, 2.97, 2.95, 2.98, 3.05, 3.04, 2.99, 3.93, 4.63, 3.78, 3.64, 3.72, 3.95, 3.97, 3.97, 3.97, 3.97, 3.97, 2.57, 2.56, 2.53, 2.5, 2.88, 2.88, 2.97, 3.06, 3.74, 3.74, 4.43, 4.19, 4.43, 4.31, 4.04, 4.0, 3.99, 3.98, 3.98, 3.97, 3.21, 3.16, 3.1, 2.47, 2.39, 2.67, 2.93, 3.2, 4.14, 4.26, 4.4, 4.45, 4.67, 4.45, 4.1, 4.03, 4.01, 3.99, 3.98, 3.98, 3.21, 3.17, 3.1, 2.99, 2.76, 2.05, 3.02, 3.64, 3.75, 4.42, 5.08, 4.44, 4.47, 4.42, 4.11, 4.05, 4.02, 4.0, 3.99, 3.99, 3.23, 3.19, 3.14, 3.06, 2.94, 2.89, 3.32, 4.06, 4.41, 4.64, 5.08, 4.43, 4.4, 4.4, 4.09, 4.05, 4.03, 4.59, 4.57, 4.57, 3.25, 3.22, 3.2, 3.17, 3.16, 3.24, 3.43, 3.94, 4.25, 3.99, 4.58, 4.45, 4.41, 4.36, 4.37, 4.71, 4.67, 4.64, 4.62, 4.61, 3.27, 3.26, 3.25, 3.25, 3.28, 3.34, 3.32, 3.63, 3.85, 3.84, 4.51, 5.03, 5.03, 5.02, 4.43, 4.74, 4.71, 4.68, 4.66, 4.64, 3.3, 3.3, 3.3, 3.31, 3.34, 3.38, 3.44, 3.74, 3.85, 3.88, 3.86, 4.4, 5.01, 5.01, 5.0, 4.77, 4.74, 4.72, 4.69, 4.67, 3.32, 3.33, 2.77, 2.79, 2.83, 3.64, 3.64, 3.67, 3.7, 3.72, 4.26, 4.35, 4.45, 4.56, 4.61, 6.05, 6.26, 6.46, 6.32, 6.41, 2.75, 2.77, 2.78, 2.81, 3.62, 3.6, 3.57, 3.54, 3.54, 3.57, 4.13, 4.29, 4.45, 4.61, 5.36, 5.43, 5.61, 5.74, 5.83, 5.88, 2.77, 2.78, 2.8, 2.82, 3.58, 3.54, 3.47, 3.38, 3.34, 3.43, 3.63, 4.23, 4.45, 5.31, 5.0, 5.39, 5.64, 5.8, 5.88, 5.93, 2.78, 2.79, 2.8, 3.59, 3.55, 3.49, 3.39, 3.23, 3.08, 3.34, 3.87, 4.13, 5.48, 5.51, 5.36, 5.56, 5.77, 5.91, 5.97, 5.99, 2.78, 2.79, 3.55, 3.53, 3.5, 3.46, 3.38, 3.27, 3.36, 3.62, 3.89, 4.12, 5.68, 5.87, 5.73, 5.85, 6.0, 6.07, 6.08, 6.06, 3.6, 3.6, 3.59, 3.58, 3.56, 3.54, 3.49, 3.45, 3.7, 3.82, 3.99, 4.14, 5.96, 5.95, 6.04, 6.18, 6.28, 6.28, 6.21, 6.13, 3.63, 3.63, 3.63, 3.63, 3.63, 3.63, 3.63, 3.79, 3.95, 4.02, 4.11, 4.19, 6.78, 6.14, 6.3, 6.52, 6.67, 6.54, 6.31, 6.16, 3.66, 3.67, 3.68, 3.91, 3.91, 3.92, 3.95, 3.98, 4.04, 4.08, 4.08, 5.85, 5.97, 6.26, 6.48, 6.87, 7.35, 6.83, 6.29, 6.11, 3.94, 3.94, 3.95, 3.96, 3.98, 4.01, 4.07, 4.15, 4.25, 4.3, 4.25, 6.11, 5.89, 6.15, 6.45, 6.92, 8.84, 6.23, 5.94, 5.97, 3.96, 3.97, 3.99, 4.01, 4.03, 4.08, 4.15, 4.26, 4.43, 4.57, 4.38, 5.9, 6.44, 6.04, 6.24, 6.34, 5.65, 4.52, 5.56, 5.83, 3.98, 4.0, 4.01, 4.04, 4.07, 4.12, 4.19, 4.28, 4.44, 4.55, 5.34, 5.74, 6.22, 5.93, 6.04, 5.89, 5.58, 5.33, 5.6, 5.78, 4.0, 4.02, 4.03, 4.06, 4.09, 4.13, 4.19, 4.26, 4.32, 4.34, 5.29, 5.57, 5.99, 5.58, 5.71, 5.73, 5.64, 5.57, 5.6, 5.67, 4.01, 4.03, 4.05, 4.07, 4.1, 4.14, 4.18, 4.21, 4.24, 5.03, 5.02, 3.98, 3.84, 3.66, 5.56, 5.63, 5.63, 5.62, 5.64, 5.67, 4.02, 4.04, 4.06, 4.08, 4.1, 4.13, 4.16, 4.18, 4.19, 4.75, 4.09, 3.99, 3.86, 3.71, 5.45, 5.55, 5.59, 5.62, 5.64, 5.66, 4.03, 4.05, 4.06, 4.08, 4.1, 4.12, 4.14, 4.16, 4.03, 4.05, 4.06, 3.98, 3.86, 3.73, 5.38, 5.49, 5.55, 5.59, 5.62, 5.65, 4.04, 4.05, 4.06, 4.08, 4.1, 4.12, 4.13, 4.14, 3.99, 4.0, 3.98, 3.93, 3.84, 3.74, 5.34, 5.44, 5.51, 5.56, 5.6, 5.63, 4.04, 4.05, 4.07, 4.08, 4.09, 4.11, 4.12, 3.95, 3.95, 3.95, 3.92, 3.88, 3.81, 3.73, 5.33, 5.42, 5.49, 5.54, 5.58, 5.61]}, {"header": {"refTime": "2023-09-01T18:00:00.000Z", "nx": 21, "ny": 33, "lo1": 113.509, "la1": 22.2235, "lo2": 113.5947, "la2": 22.1034, "dx": 0.0042850000000001385, "dy": 0.003753125000000024, "parameterCategory": 2, "parameterCategoryName": "Temperature", "parameterNumber": 3}, "data": [-4.84, -4.79, -4.74, -4.32, -4.28, -3.08, -3.08, -3.07, -3.02, -2.95, -2.8, -2.65, -2.96, -2.95, -4.4, -4.75, -5.98, -6.24, -6.44, -6.57, -4.86, -4.82, -4.77, -4.7, -4.29, -4.22, -3.14, -3.17, -3.16, -3.03, -2.79, -2.55, -2.82, -2.82, -4.32, -5.67, -6.08, -6.4, -6.62, -6.75, -4.9, -4.86, -4.81, -4.74, -4.31, -4.24, -4.13, -3.25, -3.42, -3.1, -2.73, -2.37, -2.57, -2.61, -5.07, -5.73, -6.27, -6.66, -6.89, -6.99, -4.95, -4.92, -4.87, -4.81, -4.72, -4.3, -4.21, -4.06, -3.92, -3.03, -2.61, -2.06, -2.09, -2.64, -4.95, -5.89, -6.62, -7.07, -7.27, -7.31, -5.01, -4.98, -4.95, -4.9, -4.83, -4.39, -4.35, -4.3, -4.29, -3.0, -2.57, -2.39, -1.13, -2.39, -5.03, -6.27, -7.21, -7.72, -7.8, -7.68, -5.07, -5.06, -5.04, -5.01, -4.96, -4.88, -4.49, -4.52, -4.55, -4.6, -3.86, -3.1, -2.19, -3.79, -5.49, -6.91, -8.18, -8.71, -8.45, -8.07, -6.22, -5.14, -5.15, -5.14, -5.11, -5.05, -5.35, -4.68, -4.74, -5.37, -5.5, -4.48, -5.23, -5.17, -6.12, -7.56, -9.45, -10.16, -9.46, -8.88, -6.25, -6.24, -6.22, -6.82, -6.75, -5.55, -5.4, -5.17, -5.03, -5.32, -5.28, -6.92, -7.23, -6.29, -9.28, -9.9, -10.65, -10.92, -10.51, -10.24, -6.28, -6.28, -6.27, -6.26, -6.81, -6.75, -6.62, -5.32, -5.81, -5.4, -6.74, -7.47, -8.3, -7.9, -9.26, -9.72, -10.17, -10.37, -10.28, -10.13, -7.67, -7.63, -7.57, -6.34, -6.35, -6.81, -6.91, -6.99, -6.6, -6.44, -7.23, -7.85, -8.57, -8.05, -9.28, -9.57, -9.85, -10.02, -10.04, -9.99, -7.67, -7.63, -7.56, -7.46, -7.24, -6.57, -7.53, -8.2, -7.87, -7.19, -8.35, -7.71, -7.94, -7.87, -9.28, -9.48, -9.67, -9.8, -9.86, -9.86, -7.68, -7.64, -7.59, -7.51, -7.4, -7.35, -7.8, -8.68, -9.11, -9.24, -8.57, -8.92, -8.87, -7.7, -9.29, -9.43, -9.56, -9.94, -9.97, -9.97, -7.7, -7.67, -7.64, -7.6, -7.58, -7.62, -7.77, -8.46, -8.89, -8.57, -9.12, -8.97, -8.9, -8.29, -8.26, -9.61, -9.68, -9.74, -9.78, -9.81, -7.72, -7.7, -7.68, -7.67, -7.66, -7.65, -7.47, -8.01, -8.35, -8.37, -9.03, -9.22, -9.12, -9.03, -8.2, -9.4, -9.46, -9.54, -9.61, -9.66, -7.74, -7.73, -7.72, -7.72, -7.72, -7.73, -7.76, -8.25, -8.46, -8.54, -8.56, -8.68, -8.96, -8.86, -8.79, -9.14, -9.24, -9.35, -9.44, -9.52, -7.76, -7.76, -7.29, -7.3, -7.32, -8.2, -8.21, -8.29, -8.38, -8.44, -8.65, -8.56, -8.45, -8.3, -8.27, -8.59, -8.69, -8.78, -9.36, -9.47, -7.31, -7.32, -7.34, -7.36, -8.27, -8.26, -8.27, -8.3, -8.33, -8.37, -8.53, -8.46, -8.35, -8.21, -8.14, -8.46, -8.67, -8.83, -8.94, -9.02, -7.34, -7.36, -7.38, -7.41, -8.29, -8.28, -8.28, -8.27, -8.28, -7.94, -7.9, -8.39, -8.28, -8.13, -7.93, -8.4, -8.68, -8.87, -8.99, -9.07, -7.37, -7.39, -7.42, -8.31, -8.3, -8.29, -8.27, -8.24, -8.12, -8.0, -7.13, -7.05, -8.32, -8.23, -8.36, -8.57, -8.81, -8.97, -9.08, -9.14, -7.39, -7.41, -6.47, -6.53, -6.61, -6.75, -6.97, -7.32, -7.57, -7.22, -6.95, -6.87, -8.41, -8.39, -8.73, -8.85, -9.0, -9.12, -9.19, -9.23, -6.32, -6.33, -6.36, -6.39, -6.44, -6.52, -6.64, -6.79, -6.91, -6.76, -6.62, -6.59, -8.51, -8.97, -9.02, -9.12, -9.22, -9.29, -9.32, -9.32, -6.23, -6.23, -6.23, -6.23, -6.23, -6.23, -6.23, -5.87, -6.26, -6.18, -6.15, -6.22, -6.9, -9.16, -9.24, -9.34, -9.43, -9.46, -9.45, -9.42, -6.14, -6.12, -6.09, -5.55, -5.53, -5.5, -5.43, -5.31, -5.14, -5.03, -5.04, -6.31, -7.29, -9.29, -9.39, -9.51, -9.62, -9.62, -9.55, -9.49, -5.48, -5.47, -5.44, -5.41, -5.35, -5.25, -5.09, -4.84, -4.52, -4.36, -4.54, -5.23, -7.13, -7.89, -8.54, -9.61, -9.77, -9.72, -9.62, -9.54, -5.42, -5.39, -5.35, -5.29, -5.2, -5.07, -4.86, -4.52, -3.99, -3.55, -4.15, -5.05, -5.7, -7.79, -8.47, -9.03, -9.71, -9.73, -9.64, -9.56, -5.36, -5.33, -5.28, -5.21, -5.11, -4.97, -4.76, -4.45, -3.98, -3.61, -4.37, -5.03, -5.6, -7.68, -8.31, -9.14, -9.35, -9.4, -9.61, -9.55, -5.32, -5.28, -5.22, -5.15, -5.06, -4.94, -4.78, -4.58, -4.37, -4.32, -4.76, -5.14, -5.56, -8.2, -8.59, -8.89, -9.08, -9.16, -9.15, -9.1, -5.29, -5.24, -5.19, -5.12, -5.04, -4.95, -4.84, -4.74, -4.7, -4.94, -5.09, -5.26, -5.55, -5.93, -8.33, -8.64, -8.84, -8.95, -8.98, -8.97, -5.26, -5.22, -5.17, -5.11, -5.05, -4.98, -4.91, -4.87, -4.9, -5.17, -5.26, -5.34, -5.55, -5.85, -8.11, -8.42, -8.63, -8.75, -8.82, -8.84, -5.25, -5.21, -5.16, -5.12, -5.06, -5.01, -4.97, -4.96, -5.19, -5.25, -5.29, -5.39, -5.57, -5.81, -7.96, -8.25, -8.45, -8.59, -8.67, -8.72, -5.24, -5.2, -5.16, -5.12, -5.08, -5.04, -5.02, -5.01, -5.27, -5.31, -5.36, -5.46, -5.61, -5.8, -7.87, -8.12, -8.32, -8.46, -8.55, -8.61, -5.23, -5.2, -5.17, -5.13, -5.1, -5.07, -5.05, -5.33, -5.35, -5.38, -5.44, -5.53, -5.65, -5.81, -7.83, -8.05, -8.22, -8.36, -8.45, -8.52]}, {"header": {"refTime": "2023-09-01T18:00:00.000Z", "nx": 21, "ny": 33, "lo1": 113.509, "la1": 22.2235, "lo2": 113.5947, "la2": 22.1034, "dx": 0.0042850000000001385, "dy": 0.003753125000000024, "parameterCategory": 0, "parameterCategoryName": "Temperature", "parameterNumber": 0}, "data": [[26.8, 26.79, 26.78, 26.43, 26.43, 26.74, 26.72, 26.71, 26.71, 26.61, 26.64, 26.67, 26.91, 26.94, 26.92, 26.91, 27.01, 27.0, 27.0, 26.99], [26.81, 26.8, 26.78, 26.77, 26.44, 26.44, 26.7, 26.67, 26.65, 26.59, 26.64, 26.7, 26.94, 26.96, 26.94, 27.03, 27.01, 27.0, 26.99, 26.98], [26.82, 26.81, 26.79, 26.78, 26.44, 26.44, 26.45, 26.64, 26.54, 26.58, 26.66, 26.74, 26.99, 27.0, 27.06, 27.03, 27.0, 26.99, 26.98, 26.97], [26.83, 26.82, 26.81, 26.79, 26.77, 26.44, 26.45, 26.46, 26.46, 26.59, 26.68, 26.81, 27.07, 26.95, 27.06, 27.02, 26.99, 26.97, 26.96, 26.96], [26.85, 26.84, 26.83, 26.81, 26.79, 26.44, 26.45, 26.45, 26.43, 26.58, 26.68, 26.97, 27.16, 27.0, 27.06, 27.0, 26.97, 26.95, 26.94, 26.95], [26.86, 26.86, 26.85, 26.84, 26.83, 26.8, 26.46, 26.45, 26.43, 26.37, 26.69, 26.87, 27.03, 27.17, 27.04, 26.98, 26.93, 26.91, 26.92, 26.93], [27.03, 26.88, 26.88, 26.88, 26.86, 26.84, 26.67, 26.5, 26.47, 26.42, 26.37, 26.71, 27.07, 27.1, 27.0, 26.95, 26.88, 26.85, 26.89, 26.92], [27.04, 27.05, 27.05, 27.04, 27.03, 26.77, 26.71, 26.66, 26.63, 26.38, 26.16, 26.62, 26.63, 27.1, 26.84, 26.85, 26.83, 26.82, 26.83, 26.84], [26.96, 26.97, 27.07, 27.08, 27.08, 27.06, 26.99, 26.69, 26.48, 26.44, 26.35, 26.48, 26.54, 26.46, 26.84, 26.85, 26.84, 26.83, 26.84, 26.84], [27.3, 27.3, 27.3, 27.02, 27.06, 27.16, 27.09, 26.99, 26.3, 26.34, 26.55, 26.4, 26.44, 26.42, 26.84, 26.86, 26.85, 26.84, 26.84, 26.85], [27.3, 27.3, 27.3, 27.3, 27.3, 27.3, 27.3, 27.3, 27.09, 26.46, 26.0, 26.34, 26.38, 26.39, 26.84, 26.86, 26.85, 26.85, 26.85, 26.85], [27.3, 27.3, 27.3, 27.3, 27.3, 27.3, 27.3, 27.3, 27.3, -999.0, 26.0, 26.9, 26.9, 26.36, 26.84, 26.86, 26.86, 26.0, 26.02, 26.03], [27.3, 27.3, 27.3, 27.3, 27.3, 27.3, 27.3, 27.3, 27.3, 27.3, -999.0, 26.9, 26.9, 25.92, 26.35, 26.29, 26.3, 26.13, 26.15, 26.17], [27.3, 27.3, 27.3, 27.3, 27.3, 27.3, 27.3, 27.3, 27.3, 27.3, -999.0, 25.4, 25.4, 25.4, 26.22, 26.17, 26.2, 26.02, 26.06, 26.09], [27.3, 27.3, 27.3, 27.3, 27.3, 27.3, 27.3, 27.0, 27.0, 27.0, 27.0, 26.39, 25.4, 25.4, 25.4, 26.04, 26.08, 25.92, 25.97, 26.01], [27.3, 27.3, 27.11, 27.11, 27.1, 27.0, 27.0, 27.0, 27.0, 27.0, 25.99, 26.11, 25.95, 25.82, 25.97, 26.02, 26.12, 25.95, 26.23, 26.29], [27.11, 27.11, 27.19, 27.19, 27.0, 27.0, 27.0, 27.0, 27.0, 27.0, 26.31, 26.11, 25.9, 25.71, 25.78, 25.69, 25.8, 25.88, 25.93, 25.97], [27.19, 27.19, 27.18, 27.18, 27.0, 27.0, 27.0, 27.0, 27.0, 26.59, 26.38, 26.14, 25.89, 25.79, 25.46, 25.66, 25.81, 25.9, 25.96, 25.99], [27.19, 27.18, 27.18, 27.0, 27.0, 27.0, 27.0, 27.0, 26.86, 26.69, 26.56, 26.36, 26.15, 25.92, 25.64, 25.75, 25.87, 25.96, 26.0, 26.03], [27.18, 27.18, 27.06, 27.05, 27.05, 27.05, 27.04, 27.02, 26.86, 26.74, 26.59, 26.42, 26.26, 26.13, 25.84, 25.9, 25.98, 26.04, 26.06, 26.07], [27.06, 27.06, 27.06, 27.04, 27.04, 27.04, 27.03, 27.03, 26.78, 26.71, 26.61, 26.49, 26.36, 25.96, 26.0, 26.05, 26.11, 26.13, 26.13, 26.12], [27.05, 27.05, 27.05, 27.04, 27.04, 27.04, 27.04, 27.1, 26.76, 26.72, 26.65, 26.56, 26.5, 26.06, 26.12, 26.19, 26.25, 26.24, 26.19, 26.16], [27.05, 27.05, 27.05, 27.14, 27.13, 27.13, 27.13, 27.12, 27.12, 27.13, 27.13, 27.07, 26.66, 26.13, 26.2, 26.31, 26.43, 26.34, 26.23, 26.18], [27.15, 27.15, 27.15, 27.15, 27.14, 27.14, 27.14, 27.14, 27.13, 27.13, 27.14, 27.17, 26.67, 26.6, 26.55, 26.35, 26.73, 26.28, 26.2, 26.17], [27.16, 27.16, 27.16, 27.16, 27.15, 27.15, 27.15, 27.15, 27.13, 27.12, 27.15, 27.18, 27.19, 26.59, 26.52, 26.46, 26.18, 26.0, 26.14, 26.16], [27.16, 27.16, 27.16, 27.16, 27.17, 27.17, 27.17, 27.16, 27.15, 27.13, 27.18, 27.2, 27.2, 26.59, 26.51, 26.48, 26.36, 26.3, 26.14, 26.15], [27.17, 27.17, 27.17, 27.17, 27.18, 27.18, 27.18, 27.18, 27.18, 27.19, 27.22, 27.23, 27.22, 26.72, 26.62, 26.53, 26.45, 26.42, 26.43, 26.45], [27.17, 27.17, 27.18, 27.18, 27.19, 27.19, 27.2, 27.21, 27.23, 27.27, 27.28, 27.05, 26.92, 26.79, 26.68, 26.59, 26.53, 26.49, 26.49, 26.5], [27.18, 27.18, 27.18, 27.19, 27.19, 27.2, 27.21, 27.23, 27.26, 27.32, 27.3, 27.13, 26.97, 26.84, 26.73, 26.65, 26.59, 26.55, 26.54, 26.54], [27.18, 27.18, 27.19, 27.19, 27.2, 27.21, 27.22, 27.24, 27.11, 27.19, 27.25, 27.12, 26.99, 26.87, 26.77, 26.69, 26.64, 26.6, 26.58, 26.57], [27.18, 27.19, 27.19, 27.2, 27.21, 27.21, 27.23, 27.24, 27.07, 27.12, 27.12, 27.06, 26.97, 26.87, 26.79, 26.72, 26.67, 26.64, 26.62, 26.6], [27.19, 27.19, 27.2, 27.2, 27.21, 27.22, 27.23, 27.01, 27.03, 27.05, 27.04, 27.0, 26.94, 26.87, 26.8, 26.74, 26.7, 26.67, 26.64, 26.63]]}]