gis_exercise/awsData/contour/wdir_2023090419.json
[{"header": {"refTime": "2023-09-04T19:00:00.000Z", "nx": 21, "ny": 33, "lo1": 113.509, "la1": 22.2235, "lo2": 113.5947, "la2": 22.1034, "dx": 0.0042850000000001385, "dy": 0.003753125000000024, "parameterCategory": 2, "parameterCategoryName": "Temperature", "parameterNumber": 2}, "data": [0.75, 0.72, 0.69, 0.58, 0.55, 0.31, 0.28, 0.24, 0.23, 0.28, 0.32, 0.36, 0.32, 0.34, 0.17, 0.18, 0.42, 0.42, 0.42, 0.41, 0.76, 0.74, 0.71, 0.67, 0.55, 0.5, 0.26, 0.2, 0.15, 0.23, 0.31, 0.37, 0.33, 0.35, 0.19, 0.43, 0.42, 0.41, 0.41, 0.41, 0.78, 0.76, 0.73, 0.7, 0.57, 0.52, 0.43, 0.16, -0.01, 0.19, 0.32, 0.38, 0.35, 0.37, 0.43, 0.42, 0.41, 0.4, 0.4, 0.4, 0.81, 0.79, 0.77, 0.74, 0.69, 0.56, 0.49, 0.37, 0.26, 0.27, 0.37, 0.41, 0.37, 0.62, 0.43, 0.41, 0.4, 0.39, 0.38, 0.39, 0.84, 0.83, 0.81, 0.79, 0.75, 0.63, 0.6, 0.56, 0.55, 0.41, 0.46, 0.6, 0.45, 0.59, 0.43, 0.41, 0.38, 0.36, 0.36, 0.37, 0.87, 0.87, 0.86, 0.85, 0.83, 0.8, 0.71, 0.73, 0.75, 0.79, 0.8, 0.68, 0.57, 0.48, 0.44, 0.39, 0.34, 0.32, 0.33, 0.36, 1.24, 0.91, 0.91, 0.91, 0.91, 0.89, 1.18, 0.86, 0.9, 1.06, 1.06, 0.82, 0.57, 0.54, 0.46, 0.38, 0.29, 0.25, 0.23, 0.25, 1.24, 1.25, 1.25, 1.32, 1.31, 1.24, 1.19, 1.12, 1.04, 1.07, 1.12, 0.84, 0.79, 0.56, 0.47, 0.39, 0.3, 0.26, 0.31, 0.35, 1.25, 1.25, 1.26, 1.27, 1.34, 1.33, 1.28, 1.17, 1.13, 1.05, 0.87, 0.74, 0.59, 0.66, 0.46, 0.41, 0.35, 0.33, 0.34, 0.36, 1.35, 1.35, 1.36, 1.29, 1.32, 1.39, 1.35, 1.29, 1.19, 1.18, 0.78, 0.67, 0.54, 0.63, 0.46, 0.43, 0.39, 0.37, 0.37, 0.38, 1.34, 1.35, 1.36, 1.37, 1.4, 1.49, 1.39, 1.36, 1.32, 1.23, 0.93, 0.7, 0.65, 0.66, 0.46, 0.44, 0.42, 0.4, 0.39, 0.39, 1.34, 1.34, 1.35, 1.35, 1.37, 1.38, 1.34, 1.35, 1.36, 1.1, 0.99, 0.81, 0.75, 0.7, 0.46, 0.44, 0.43, 0.33, 0.33, 0.33, 1.33, 1.33, 1.33, 1.33, 1.32, 1.29, 1.25, 1.31, 1.34, 1.33, 1.01, 0.86, 0.81, 0.56, 0.56, 0.37, 0.36, 0.36, 0.35, 0.35, 1.33, 1.33, 1.32, 1.31, 1.3, 1.25, 1.16, 1.26, 1.31, 1.32, 1.03, 0.8, 0.74, 0.71, 0.56, 0.39, 0.38, 0.38, 0.37, 0.36, 1.33, 1.32, 1.32, 1.31, 1.29, 1.26, 1.24, 1.22, 1.25, 1.26, 1.26, 1.05, 0.74, 0.7, 0.68, 0.42, 0.41, 0.4, 0.39, 0.38, 1.32, 1.32, 1.28, 1.27, 1.26, 1.22, 1.22, 1.23, 1.24, 1.25, 1.08, 1.01, 0.94, 0.66, 0.64, 0.6, 0.62, 0.63, 0.59, 0.6, 1.28, 1.28, 1.27, 1.27, 1.23, 1.23, 1.23, 1.24, 1.24, 1.25, 1.06, 0.99, 0.89, 0.79, 0.69, 0.51, 0.5, 0.48, 0.47, 0.46, 1.28, 1.28, 1.27, 1.27, 1.24, 1.24, 1.24, 1.24, 1.25, 1.08, 1.01, 0.98, 0.87, 0.7, 0.58, 0.52, 0.5, 0.48, 0.47, 0.46, 1.28, 1.27, 1.27, 1.24, 1.24, 1.24, 1.24, 1.25, 1.21, 1.12, 0.88, 0.78, 0.84, 0.75, 0.52, 0.51, 0.49, 0.48, 0.46, 0.45, 1.28, 1.27, 0.95, 0.96, 0.98, 1.0, 1.04, 1.1, 1.08, 0.97, 0.86, 0.78, 0.87, 0.82, 0.5, 0.49, 0.48, 0.47, 0.46, 0.45, 0.92, 0.93, 0.93, 0.94, 0.95, 0.96, 0.98, 1.01, 0.92, 0.87, 0.8, 0.75, 0.91, 0.48, 0.49, 0.49, 0.48, 0.47, 0.45, 0.44, 0.91, 0.91, 0.91, 0.91, 0.91, 0.91, 0.91, 0.89, 0.79, 0.76, 0.73, 0.71, 0.64, 0.47, 0.48, 0.49, 0.5, 0.47, 0.44, 0.42, 0.89, 0.89, 0.88, 0.86, 0.85, 0.84, 0.82, 0.8, 0.77, 0.75, 0.75, 0.78, 0.38, 0.46, 0.48, 0.51, 0.56, 0.48, 0.41, 0.4, 0.86, 0.85, 0.85, 0.84, 0.82, 0.8, 0.77, 0.72, 0.65, 0.62, 0.66, 0.68, 0.37, 0.39, 0.42, 0.5, 0.75, 0.37, 0.35, 0.37, 0.85, 0.84, 0.84, 0.82, 0.8, 0.78, 0.73, 0.66, 0.55, 0.45, 0.59, 0.67, 0.74, 0.38, 0.39, 0.39, 0.28, 0.11, 0.29, 0.34, 0.84, 0.84, 0.83, 0.81, 0.8, 0.77, 0.73, 0.66, 0.56, 0.47, 0.59, 0.69, 0.76, 0.36, 0.36, 0.45, 0.36, 0.31, 0.3, 0.34, 0.84, 0.83, 0.82, 0.81, 0.8, 0.77, 0.74, 0.71, 0.67, 0.66, 0.7, 0.75, 0.78, 0.61, 0.54, 0.48, 0.42, 0.4, 0.4, 0.43, 0.84, 0.83, 0.82, 0.81, 0.8, 0.79, 0.77, 0.76, 0.77, 0.79, 0.83, 0.63, 0.53, 0.44, 0.58, 0.52, 0.48, 0.45, 0.45, 0.45, 0.84, 0.83, 0.82, 0.82, 0.81, 0.8, 0.8, 0.81, 0.84, 0.9, 0.93, 0.73, 0.59, 0.48, 0.61, 0.56, 0.52, 0.49, 0.48, 0.48, 0.84, 0.83, 0.83, 0.82, 0.82, 0.82, 0.82, 0.84, 0.69, 0.8, 0.86, 0.74, 0.61, 0.51, 0.64, 0.59, 0.55, 0.53, 0.51, 0.51, 0.84, 0.83, 0.83, 0.83, 0.83, 0.83, 0.83, 0.85, 0.66, 0.72, 0.73, 0.68, 0.6, 0.52, 0.65, 0.61, 0.57, 0.55, 0.54, 0.53, 0.84, 0.84, 0.83, 0.83, 0.83, 0.83, 0.84, 0.59, 0.62, 0.65, 0.65, 0.62, 0.57, 0.51, 0.66, 0.62, 0.59, 0.57, 0.55, 0.54]}, {"header": {"refTime": "2023-09-04T19:00:00.000Z", "nx": 21, "ny": 33, "lo1": 113.509, "la1": 22.2235, "lo2": 113.5947, "la2": 22.1034, "dx": 0.0042850000000001385, "dy": 0.003753125000000024, "parameterCategory": 2, "parameterCategoryName": "Temperature", "parameterNumber": 3}, "data": [-1.04, -1.05, -1.07, -1.19, -1.19, -1.27, -1.26, -1.25, -1.24, -1.01, -0.99, -0.96, -1.29, -1.3, -1.35, -1.38, -1.64, -1.67, -1.68, -1.7, -1.03, -1.05, -1.06, -1.08, -1.19, -1.19, -1.26, -1.24, -1.23, -1.04, -0.99, -0.96, -1.28, -1.29, -1.34, -1.61, -1.65, -1.68, -1.7, -1.71, -1.02, -1.04, -1.05, -1.07, -1.2, -1.2, -1.2, -1.24, -1.21, -1.06, -0.99, -0.95, -1.26, -1.27, -1.54, -1.61, -1.66, -1.7, -1.72, -1.73, -1.01, -1.02, -1.04, -1.06, -1.09, -1.21, -1.2, -1.2, -1.19, -1.02, -0.96, -0.93, -1.2, -1.12, -1.53, -1.62, -1.69, -1.74, -1.75, -1.76, -0.99, -1.0, -1.02, -1.04, -1.08, -1.22, -1.22, -1.21, -1.19, -0.94, -0.91, -1.08, -1.01, -1.11, -1.54, -1.66, -1.75, -1.79, -1.8, -1.79, -0.97, -0.97, -0.99, -1.01, -1.05, -1.11, -1.25, -1.25, -1.22, -1.13, -1.09, -1.13, -1.1, -1.59, -1.6, -1.72, -1.83, -1.87, -1.85, -1.82, -0.97, -0.94, -0.95, -0.96, -1.0, -1.07, -1.03, -1.35, -1.32, -1.25, -1.16, -1.25, -1.83, -1.84, -1.68, -1.79, -1.93, -1.99, -2.02, -2.0, -0.95, -0.93, -0.92, -1.06, -1.07, -0.86, -1.01, -1.28, -1.6, -1.18, -0.83, -1.8, -1.99, -2.04, -2.3, -2.25, -2.18, -2.15, -2.19, -2.22, -0.93, -0.91, -0.88, -0.85, -0.96, -1.0, -1.15, -1.09, -1.43, -1.29, -1.54, -1.96, -2.31, -2.14, -2.34, -2.28, -2.23, -2.21, -2.22, -2.23, -0.95, -0.92, -0.88, -0.78, -0.69, -0.73, -0.97, -1.23, -1.44, -1.34, -1.79, -2.08, -2.38, -2.18, -2.37, -2.31, -2.27, -2.25, -2.24, -2.25, -0.96, -0.93, -0.88, -0.81, -0.65, -0.17, -0.8, -1.16, -1.4, -1.45, -1.81, -2.01, -2.12, -2.1, -2.37, -2.33, -2.3, -2.28, -2.27, -2.26, -0.97, -0.95, -0.92, -0.87, -0.79, -0.75, -1.01, -1.39, -1.55, -1.91, -1.82, -2.28, -2.32, -2.02, -2.36, -2.33, -2.31, -2.35, -2.33, -2.33, -0.99, -0.98, -0.96, -0.95, -0.96, -1.04, -1.19, -1.38, -1.49, -1.37, -1.96, -2.23, -2.27, -2.39, -2.38, -2.39, -2.37, -2.35, -2.34, -2.33, -1.01, -1.0, -1.01, -1.02, -1.06, -1.15, -1.26, -1.28, -1.33, -1.31, -1.91, -2.26, -2.29, -2.31, -2.36, -2.37, -2.36, -2.35, -2.34, -2.34, -1.03, -1.03, -1.04, -1.06, -1.1, -1.15, -1.21, -1.57, -1.64, -1.67, -1.69, -2.01, -2.27, -2.28, -2.29, -2.35, -2.34, -2.34, -2.34, -2.34, -1.04, -1.05, -1.09, -1.11, -1.14, -1.6, -1.6, -1.63, -1.67, -1.69, -1.99, -2.02, -2.06, -2.28, -2.28, -2.27, -2.26, -2.26, -2.08, -2.07, -1.1, -1.12, -1.14, -1.17, -1.64, -1.65, -1.67, -1.7, -1.72, -1.73, -2.0, -2.04, -2.08, -2.13, -2.15, -2.12, -2.08, -2.05, -2.02, -2.01, -1.13, -1.15, -1.18, -1.22, -1.68, -1.7, -1.73, -1.77, -1.8, -1.86, -1.88, -2.04, -2.09, -2.15, -2.22, -2.13, -2.07, -2.04, -2.01, -2.0, -1.16, -1.18, -1.21, -1.69, -1.7, -1.73, -1.77, -1.84, -1.91, -1.89, -1.7, -1.73, -2.07, -2.12, -2.14, -2.1, -2.05, -2.02, -2.0, -1.98, -1.18, -1.21, -1.26, -1.28, -1.32, -1.38, -1.47, -1.6, -1.77, -1.69, -1.64, -1.66, -2.05, -2.07, -2.06, -2.04, -2.01, -1.99, -1.97, -1.97, -1.21, -1.22, -1.23, -1.25, -1.27, -1.31, -1.36, -1.42, -1.58, -1.55, -1.53, -1.55, -2.02, -2.02, -2.01, -1.99, -1.97, -1.95, -1.95, -1.95, -1.19, -1.19, -1.2, -1.2, -1.21, -1.22, -1.23, -1.07, -1.38, -1.36, -1.37, -1.41, -1.45, -1.98, -1.96, -1.94, -1.92, -1.92, -1.92, -1.93, -1.16, -1.16, -1.16, -0.92, -0.92, -0.92, -0.91, -0.88, -0.83, -0.79, -0.78, -1.16, -1.25, -1.95, -1.93, -1.91, -1.88, -1.89, -1.9, -1.91, -0.87, -0.87, -0.87, -0.86, -0.85, -0.83, -0.78, -0.72, -0.63, -0.59, -0.62, -0.66, -1.22, -1.39, -1.55, -1.89, -1.84, -1.87, -1.89, -1.91, -0.85, -0.84, -0.83, -0.81, -0.79, -0.75, -0.69, -0.61, -0.48, -0.37, -0.5, -0.61, -0.75, -1.37, -1.53, -1.66, -1.87, -1.88, -1.89, -1.9, -0.82, -0.81, -0.79, -0.77, -0.74, -0.7, -0.64, -0.56, -0.45, -0.37, -0.46, -0.58, -0.71, -1.35, -1.49, -1.62, -1.69, -1.71, -1.9, -1.9, -0.8, -0.78, -0.77, -0.74, -0.71, -0.67, -0.62, -0.56, -0.49, -0.47, -0.49, -0.57, -0.67, -1.32, -1.44, -1.54, -1.61, -1.63, -1.63, -1.61, -0.78, -0.76, -0.74, -0.72, -0.69, -0.65, -0.6, -0.55, -0.51, -0.47, -0.48, -0.55, -0.65, -0.77, -1.36, -1.46, -1.53, -1.56, -1.57, -1.57, -0.77, -0.75, -0.73, -0.7, -0.67, -0.64, -0.6, -0.55, -0.51, -0.45, -0.41, -0.51, -0.62, -0.73, -1.29, -1.39, -1.46, -1.5, -1.52, -1.53, -0.75, -0.74, -0.72, -0.69, -0.66, -0.63, -0.6, -0.56, -0.51, -0.47, -0.44, -0.52, -0.62, -0.71, -1.24, -1.33, -1.4, -1.44, -1.47, -1.49, -0.74, -0.73, -0.71, -0.69, -0.66, -0.63, -0.6, -0.57, -0.54, -0.52, -0.52, -0.56, -0.63, -0.71, -1.21, -1.29, -1.35, -1.4, -1.43, -1.45, -0.74, -0.72, -0.7, -0.68, -0.66, -0.64, -0.61, -0.58, -0.57, -0.56, -0.57, -0.6, -0.65, -0.71, -1.19, -1.27, -1.32, -1.37, -1.4, -1.42]}, {"header": {"refTime": "2023-09-04T19:00:00.000Z", "nx": 21, "ny": 33, "lo1": 113.509, "la1": 22.2235, "lo2": 113.5947, "la2": 22.1034, "dx": 0.0042850000000001385, "dy": 0.003753125000000024, "parameterCategory": 0, "parameterCategoryName": "Temperature", "parameterNumber": 0}, "data": [[32.71, 32.7, 32.69, 32.48, 32.48, 32.71, 32.7, 32.69, 32.69, 32.66, 32.7, 32.74, 32.99, 33.01, 33.03, 33.04, 33.24, 33.24, 33.23, 33.23], [32.72, 32.71, 32.7, 32.68, 32.48, 32.48, 32.68, 32.65, 32.64, 32.64, 32.7, 32.76, 33.01, 33.04, 33.05, 33.24, 33.24, 33.23, 33.23, 33.23], [32.72, 32.72, 32.71, 32.69, 32.48, 32.48, 32.48, 32.62, 32.53, 32.62, 32.72, 32.8, 33.06, 33.08, 33.25, 33.24, 33.24, 33.23, 33.23, 33.23], [32.73, 32.73, 32.72, 32.7, 32.69, 32.48, 32.48, 32.49, 32.49, 32.64, 32.75, 32.88, 33.13, 33.08, 33.25, 33.24, 33.23, 33.23, 33.23, 33.23], [32.74, 32.74, 32.73, 32.72, 32.7, 32.48, 32.49, 32.48, 32.48, 32.67, 32.77, 33.08, 33.21, 33.11, 33.25, 33.24, 33.23, 33.23, 33.22, 33.22], [32.76, 32.75, 32.75, 32.74, 32.73, 32.71, 32.49, 32.49, 32.48, 32.46, 32.89, 33.02, 33.13, 33.27, 33.24, 33.23, 33.22, 33.22, 33.22, 33.22], [32.88, 32.77, 32.77, 32.77, 32.75, 32.73, 32.65, 32.51, 32.5, 32.58, 32.59, 32.93, 33.24, 33.25, 33.23, 33.23, 33.21, 33.21, 33.22, 33.22], [32.89, 32.89, 32.89, 32.89, 32.88, 32.72, 32.67, 32.62, 32.6, 32.55, 32.43, 32.92, 32.93, 33.25, 33.2, 33.2, 33.2, 33.2, 33.2, 33.2], [32.81, 32.82, 32.91, 32.92, 32.92, 32.9, 32.84, 32.65, 32.5, 32.6, 32.65, 32.78, 32.84, 32.76, 33.2, 33.2, 33.2, 33.2, 33.2, 33.2], [33.1, 33.1, 33.1, 32.87, 32.9, 32.99, 32.93, 32.84, 32.43, 32.45, 32.85, 32.7, 32.74, 32.72, 33.2, 33.2, 33.2, 33.2, 33.2, 33.2], [33.1, 33.1, 33.1, 33.1, 33.1, 33.1, 33.1, 33.1, 32.92, 32.5, 32.3, 32.64, 32.68, 32.69, 33.2, 33.2, 33.2, 33.2, 33.2, 33.2], [33.1, 33.1, 33.1, 33.1, 33.1, 33.1, 33.1, 33.1, 33.1, -999.0, 32.3, 33.2, 33.2, 32.66, 33.2, 33.2, 33.2, 31.55, 31.59, 31.6], [33.1, 33.1, 33.1, 33.1, 33.1, 33.1, 33.1, 33.1, 33.1, 33.1, -999.0, 33.2, 33.2, 31.31, 32.14, 32.14, 32.17, 31.81, 31.86, 31.89], [33.1, 33.1, 33.1, 33.1, 33.1, 33.1, 33.1, 33.1, 33.1, 33.1, -999.0, 30.3, 30.3, 30.3, 31.89, 31.9, 31.95, 31.58, 31.66, 31.72], [33.1, 33.1, 33.1, 33.1, 33.1, 33.1, 33.1, 32.3, 32.3, 32.3, 32.3, 31.53, 30.3, 30.3, 30.3, 31.63, 31.71, 31.38, 31.48, 31.57], [33.1, 33.1, 32.6, 32.59, 32.57, 32.3, 32.3, 32.3, 32.3, 32.3, 31.04, 31.18, 30.99, 30.83, 31.01, 31.22, 31.36, 31.11, 31.73, 31.84], [32.59, 32.58, 32.82, 32.8, 32.3, 32.3, 32.3, 32.3, 32.3, 32.3, 31.44, 31.19, 30.93, 30.69, 30.82, 30.79, 30.96, 31.09, 31.19, 31.25], [32.81, 32.8, 32.79, 32.77, 32.3, 32.3, 32.3, 32.3, 32.3, 31.79, 31.52, 31.22, 30.91, 30.83, 30.38, 30.73, 30.98, 31.13, 31.23, 31.29], [32.8, 32.79, 32.77, 32.3, 32.3, 32.3, 32.3, 32.3, 32.12, 31.91, 31.74, 31.49, 31.3, 31.01, 30.7, 30.88, 31.09, 31.22, 31.31, 31.35], [32.79, 32.77, 32.36, 32.35, 32.35, 32.35, 32.34, 32.32, 32.12, 31.97, 31.78, 31.57, 31.45, 31.3, 31.03, 31.13, 31.26, 31.36, 31.41, 31.43], [32.36, 32.36, 32.36, 32.34, 32.34, 32.34, 32.33, 32.33, 32.01, 31.93, 31.81, 31.66, 31.61, 31.23, 31.28, 31.38, 31.47, 31.51, 31.52, 31.5], [32.35, 32.35, 32.35, 32.34, 32.34, 32.34, 32.34, 32.35, 31.99, 31.94, 31.85, 31.74, 31.78, 31.39, 31.48, 31.6, 31.68, 31.68, 31.62, 31.57], [32.35, 32.35, 32.35, 32.36, 32.36, 32.36, 32.36, 32.36, 32.37, 32.37, 32.37, 32.48, 32.12, 31.51, 31.62, 31.78, 31.95, 31.84, 31.69, 31.62], [32.36, 32.36, 32.36, 32.37, 32.37, 32.37, 32.37, 32.37, 32.38, 32.38, 32.38, 32.5, 32.12, 32.08, 32.06, 31.85, 32.34, 31.79, 31.67, 31.62], [32.37, 32.37, 32.37, 32.37, 32.37, 32.37, 32.38, 32.38, 32.39, 32.39, 32.39, 32.49, 32.52, 32.07, 32.03, 31.98, 31.67, 31.46, 31.6, 31.6], [32.37, 32.37, 32.37, 32.37, 32.37, 32.38, 32.38, 32.38, 32.39, 32.39, 32.45, 32.48, 32.51, 32.06, 32.01, 31.94, 31.83, 31.77, 31.59, 31.59], [32.37, 32.37, 32.37, 32.37, 32.37, 32.38, 32.38, 32.38, 32.39, 32.39, 32.45, 32.47, 32.5, 32.07, 32.02, 31.96, 31.9, 31.87, 31.88, 31.9], [32.37, 32.37, 32.37, 32.37, 32.38, 32.38, 32.38, 32.38, 32.39, 32.44, 32.44, 32.19, 32.1, 31.99, 32.04, 31.99, 31.95, 31.93, 31.92, 31.93], [32.37, 32.37, 32.37, 32.38, 32.38, 32.38, 32.38, 32.39, 32.39, 32.43, 32.35, 32.24, 32.13, 32.03, 32.07, 32.02, 31.99, 31.97, 31.96, 31.96], [32.37, 32.37, 32.37, 32.38, 32.38, 32.38, 32.38, 32.39, 32.23, 32.28, 32.31, 32.23, 32.14, 32.05, 32.09, 32.05, 32.02, 32.0, 31.98, 31.98], [32.37, 32.37, 32.38, 32.38, 32.38, 32.38, 32.38, 32.38, 32.21, 32.23, 32.23, 32.19, 32.12, 32.05, 32.1, 32.06, 32.04, 32.02, 32.01, 32.0], [32.37, 32.37, 32.38, 32.38, 32.38, 32.38, 32.38, 32.17, 32.18, 32.19, 32.18, 32.15, 32.1, 32.05, 32.1, 32.08, 32.05, 32.03, 32.02, 32.01]]}]