gis_exercise/awsData/contour/wdir_2023090106.json
[{"header": {"refTime": "2023-09-01T06:00:00.000Z", "nx": 21, "ny": 33, "lo1": 113.509, "la1": 22.2235, "lo2": 113.5947, "la2": 22.1034, "dx": 0.0042850000000001385, "dy": 0.003753125000000024, "parameterCategory": 2, "parameterCategoryName": "Temperature", "parameterNumber": 2}, "data": [1.07, 1.06, 1.06, 1.36, 1.32, 1.31, 1.25, 1.2, 1.18, 1.2, 1.3, 1.4, 1.58, 1.64, 1.72, 1.76, 2.27, 2.28, 2.28, 2.29, 1.07, 1.07, 1.06, 1.05, 1.33, 1.27, 1.21, 1.09, 1.02, 1.1, 1.28, 1.42, 1.63, 1.68, 1.76, 2.26, 2.27, 2.28, 2.29, 2.29, 1.08, 1.08, 1.07, 1.07, 1.36, 1.29, 1.18, 1.01, 0.68, 1.03, 1.31, 1.5, 1.7, 1.75, 2.23, 2.26, 2.28, 2.29, 2.3, 2.3, 1.08, 1.08, 1.09, 1.09, 1.08, 1.35, 1.26, 1.11, 0.97, 1.16, 1.42, 1.62, 1.82, 2.08, 2.23, 2.26, 2.29, 2.3, 2.31, 2.31, 1.08, 1.09, 1.1, 1.11, 1.12, 1.44, 1.4, 1.35, 1.33, 1.37, 1.55, 2.07, 2.06, 2.08, 2.23, 2.28, 2.31, 2.33, 2.33, 2.32, 1.08, 1.09, 1.1, 1.12, 1.15, 1.19, 1.55, 1.58, 1.59, 1.6, 2.05, 2.07, 2.08, 2.44, 2.25, 2.3, 2.34, 2.36, 2.35, 2.34, 1.3, 1.09, 1.1, 1.12, 1.16, 1.23, 1.67, 1.77, 1.81, 2.04, 2.03, 2.1, 2.53, 2.58, 2.27, 2.32, 2.38, 2.41, 2.57, 2.6, 1.28, 1.27, 1.27, 1.61, 1.62, 1.49, 1.63, 1.85, 2.1, 2.02, 1.94, 2.45, 2.56, 2.73, 2.82, 2.73, 2.6, 2.56, 2.62, 2.67, 1.26, 1.24, 1.22, 1.2, 1.5, 1.54, 1.69, 1.7, 2.15, 2.06, 2.45, 2.71, 3.06, 2.89, 2.89, 2.78, 2.69, 2.66, 2.67, 2.69, 1.4, 1.38, 1.33, 1.14, 1.06, 1.27, 1.52, 1.8, 2.24, 2.2, 2.64, 2.89, 3.19, 2.97, 2.93, 2.83, 2.76, 2.72, 2.72, 2.72, 1.41, 1.38, 1.33, 1.26, 1.11, 0.65, 1.29, 1.71, 2.07, 2.32, 2.81, 2.83, 2.92, 2.89, 2.94, 2.86, 2.81, 2.77, 2.75, 2.75, 1.41, 1.39, 1.36, 1.3, 1.23, 1.2, 1.48, 2.01, 2.26, 2.59, 2.8, 2.99, 3.03, 2.82, 2.92, 2.87, 2.83, 2.65, 2.62, 2.6, 1.43, 1.41, 1.39, 1.37, 1.36, 1.41, 1.52, 1.9, 2.14, 1.95, 2.61, 2.95, 2.98, 2.71, 2.67, 2.66, 2.62, 2.6, 2.58, 2.58, 1.44, 1.43, 1.43, 1.42, 1.43, 1.45, 1.4, 1.66, 1.84, 1.84, 2.54, 2.74, 2.71, 2.68, 2.54, 2.55, 2.54, 2.53, 2.54, 2.54, 1.46, 1.46, 1.46, 1.46, 1.47, 1.49, 1.52, 1.85, 1.97, 2.02, 2.03, 2.13, 2.58, 2.52, 2.48, 2.42, 2.44, 2.46, 2.48, 2.5, 1.48, 1.48, 1.25, 1.26, 1.28, 1.83, 1.84, 1.88, 1.93, 1.97, 2.12, 2.08, 2.03, 2.17, 2.15, 2.57, 2.68, 2.79, 2.58, 2.64, 1.26, 1.27, 1.28, 1.3, 1.87, 1.87, 1.88, 1.9, 1.92, 1.94, 2.06, 2.03, 1.98, 1.92, 2.05, 1.89, 1.92, 1.95, 1.96, 1.97, 1.28, 1.3, 1.31, 1.34, 1.89, 1.89, 1.89, 1.9, 1.9, 1.75, 1.73, 2.0, 1.95, 2.04, 1.82, 1.88, 1.93, 1.96, 1.98, 1.98, 1.3, 1.32, 1.34, 1.9, 1.9, 1.9, 1.9, 1.89, 1.84, 1.78, 1.87, 1.86, 2.22, 2.14, 1.87, 1.92, 1.97, 1.99, 2.0, 2.0, 1.32, 1.34, 1.73, 1.74, 1.75, 1.77, 1.79, 1.82, 1.88, 1.88, 1.88, 1.87, 2.32, 2.32, 1.96, 1.99, 2.03, 2.04, 2.03, 2.01, 1.74, 1.74, 1.75, 1.76, 1.77, 1.79, 1.8, 1.82, 1.89, 1.89, 1.89, 1.88, 2.44, 2.01, 2.04, 2.09, 2.11, 2.1, 2.06, 2.02, 1.75, 1.76, 1.77, 1.78, 1.79, 1.8, 1.82, 2.09, 1.91, 1.91, 1.9, 1.89, 2.59, 2.06, 2.12, 2.19, 2.24, 2.18, 2.08, 2.02, 1.76, 1.77, 1.78, 2.17, 2.16, 2.14, 2.13, 2.12, 2.12, 2.13, 2.14, 2.52, 2.11, 2.09, 2.17, 2.32, 2.51, 2.28, 2.05, 1.98, 2.2, 2.2, 2.19, 2.18, 2.18, 2.17, 2.16, 2.15, 2.13, 2.13, 2.15, 2.73, 2.09, 2.13, 2.19, 2.32, 3.16, 1.98, 1.87, 1.9, 2.21, 2.21, 2.21, 2.2, 2.2, 2.2, 2.19, 2.17, 2.12, 2.08, 2.16, 2.67, 2.87, 2.09, 2.11, 2.1, 1.72, 1.2, 1.7, 1.83, 2.22, 2.22, 2.22, 2.23, 2.23, 2.22, 2.22, 2.2, 2.15, 2.11, 2.47, 2.67, 2.85, 2.05, 2.03, 2.08, 1.86, 1.72, 1.72, 1.82, 2.24, 2.24, 2.24, 2.25, 2.25, 2.26, 2.26, 2.26, 2.26, 2.28, 2.6, 2.72, 2.84, 2.32, 2.22, 2.11, 1.99, 1.92, 1.94, 2.0, 2.25, 2.25, 2.26, 2.27, 2.28, 2.29, 2.31, 2.33, 2.38, 2.67, 2.73, 2.17, 1.97, 1.76, 2.26, 2.16, 2.08, 2.04, 2.03, 2.05, 2.26, 2.27, 2.27, 2.28, 2.3, 2.32, 2.35, 2.39, 2.47, 2.77, 2.65, 2.33, 2.07, 1.85, 2.29, 2.22, 2.15, 2.11, 2.1, 2.1, 2.27, 2.28, 2.29, 2.3, 2.32, 2.34, 2.37, 2.42, 2.27, 2.44, 2.54, 2.33, 2.1, 1.9, 2.33, 2.26, 2.2, 2.17, 2.15, 2.14, 2.28, 2.29, 2.3, 2.31, 2.33, 2.35, 2.38, 2.43, 2.22, 2.3, 2.32, 2.22, 2.07, 1.91, 2.34, 2.29, 2.24, 2.21, 2.19, 2.17, 2.28, 2.29, 2.3, 2.32, 2.34, 2.36, 2.38, 2.1, 2.15, 2.19, 2.18, 2.12, 2.02, 1.9, 2.35, 2.31, 2.27, 2.24, 2.22, 2.2]}, {"header": {"refTime": "2023-09-01T06:00:00.000Z", "nx": 21, "ny": 33, "lo1": 113.509, "la1": 22.2235, "lo2": 113.5947, "la2": 22.1034, "dx": 0.0042850000000001385, "dy": 0.003753125000000024, "parameterCategory": 2, "parameterCategoryName": "Temperature", "parameterNumber": 3}, "data": [-2.52, -2.49, -2.46, -1.83, -1.81, -1.63, -1.6, -1.57, -1.54, -1.17, -1.11, -1.05, -1.63, -1.64, -2.02, -2.16, -2.89, -2.99, -3.06, -3.11, -2.54, -2.51, -2.48, -2.43, -1.82, -1.79, -1.61, -1.57, -1.53, -1.22, -1.12, -1.03, -1.58, -1.6, -2.0, -2.77, -2.92, -3.04, -3.12, -3.17, -2.57, -2.54, -2.51, -2.46, -1.84, -1.81, -1.76, -1.57, -1.51, -1.26, -1.1, -0.98, -1.49, -1.53, -2.53, -2.78, -2.99, -3.13, -3.22, -3.26, -2.6, -2.58, -2.55, -2.51, -2.45, -1.85, -1.81, -1.73, -1.66, -1.2, -1.04, -0.89, -1.31, -1.36, -2.49, -2.84, -3.11, -3.28, -3.35, -3.37, -2.64, -2.63, -2.61, -2.58, -2.53, -1.91, -1.89, -1.86, -1.81, -1.11, -0.98, -1.24, -0.83, -1.28, -2.52, -2.98, -3.32, -3.5, -3.54, -3.5, -2.68, -2.68, -2.67, -2.65, -2.63, -2.59, -2.0, -2.02, -1.97, -1.85, -1.63, -1.49, -1.22, -2.35, -2.71, -3.22, -3.66, -3.85, -3.76, -3.63, -3.4, -2.73, -2.73, -2.74, -2.73, -2.71, -2.6, -2.23, -2.21, -2.27, -2.16, -2.01, -3.07, -3.06, -2.98, -3.47, -4.11, -4.34, -4.25, -4.1, -3.41, -3.4, -3.39, -3.63, -3.6, -2.72, -2.67, -2.67, -2.76, -2.16, -1.61, -3.43, -3.79, -3.65, -4.71, -4.75, -4.78, -4.79, -4.77, -4.76, -3.42, -3.42, -3.41, -3.41, -3.62, -3.6, -3.56, -2.66, -2.79, -2.34, -3.02, -3.83, -4.56, -4.21, -4.78, -4.77, -4.77, -4.78, -4.77, -4.76, -3.97, -3.95, -3.93, -3.43, -3.43, -3.61, -3.66, -3.71, -3.08, -2.87, -3.51, -4.11, -4.74, -4.31, -4.83, -4.79, -4.78, -4.77, -4.77, -4.76, -3.97, -3.95, -3.93, -3.88, -3.78, -3.48, -3.9, -4.19, -4.07, -3.32, -4.04, -3.97, -4.19, -4.14, -4.84, -4.8, -4.78, -4.77, -4.77, -4.76, -3.98, -3.96, -3.94, -3.91, -3.85, -3.83, -4.03, -4.4, -4.57, -4.81, -4.18, -4.86, -4.88, -3.98, -4.82, -4.8, -4.78, -4.79, -4.77, -4.76, -3.99, -3.98, -3.96, -3.95, -3.94, -3.96, -4.04, -4.31, -4.49, -4.35, -4.83, -4.84, -4.85, -4.53, -4.49, -4.77, -4.74, -4.73, -4.72, -4.72, -4.0, -3.99, -3.98, -3.98, -3.98, -3.99, -3.93, -4.14, -4.27, -4.27, -4.77, -4.81, -4.77, -4.73, -4.39, -4.65, -4.64, -4.65, -4.66, -4.67, -4.01, -4.0, -4.0, -4.0, -4.01, -4.02, -4.04, -4.33, -4.43, -4.48, -4.49, -4.43, -4.64, -4.57, -4.53, -4.5, -4.53, -4.56, -4.6, -4.62, -4.02, -4.02, -3.95, -3.95, -3.96, -4.34, -4.35, -4.39, -4.44, -4.47, -4.46, -4.38, -4.29, -4.35, -4.3, -4.28, -4.33, -4.38, -4.23, -4.26, -3.97, -3.97, -3.98, -4.0, -4.4, -4.4, -4.42, -4.45, -4.48, -4.5, -4.44, -4.35, -4.23, -4.1, -3.97, -4.04, -4.12, -4.18, -4.23, -4.26, -3.99, -4.0, -4.02, -4.04, -4.43, -4.45, -4.48, -4.52, -4.54, -4.32, -4.22, -4.33, -4.2, -3.98, -3.83, -4.01, -4.13, -4.2, -4.25, -4.28, -4.01, -4.03, -4.05, -4.44, -4.45, -4.48, -4.51, -4.56, -4.56, -4.39, -3.78, -3.65, -4.14, -4.03, -3.99, -4.08, -4.17, -4.24, -4.28, -4.31, -4.03, -4.05, -3.48, -3.52, -3.58, -3.67, -3.82, -4.06, -4.19, -3.91, -3.68, -3.56, -4.18, -4.12, -4.14, -4.19, -4.25, -4.3, -4.33, -4.35, -3.38, -3.39, -3.41, -3.44, -3.47, -3.53, -3.62, -3.72, -3.72, -3.6, -3.47, -3.41, -4.22, -4.24, -4.26, -4.29, -4.33, -4.36, -4.38, -4.39, -3.33, -3.33, -3.33, -3.34, -3.34, -3.35, -3.35, -3.17, -3.3, -3.23, -3.19, -3.19, -3.18, -4.31, -4.34, -4.38, -4.41, -4.43, -4.43, -4.42, -3.28, -3.27, -3.25, -2.97, -2.96, -2.94, -2.89, -2.81, -2.71, -2.63, -2.64, -3.1, -3.37, -4.36, -4.4, -4.44, -4.46, -4.48, -4.48, -4.46, -2.93, -2.92, -2.9, -2.88, -2.84, -2.78, -2.67, -2.51, -2.31, -2.21, -2.32, -2.44, -3.3, -3.65, -3.96, -4.47, -4.46, -4.56, -4.53, -4.49, -2.89, -2.87, -2.84, -2.8, -2.75, -2.66, -2.53, -2.31, -1.97, -1.68, -2.07, -2.37, -2.67, -3.61, -3.94, -4.21, -4.58, -4.64, -4.55, -4.5, -2.85, -2.83, -2.8, -2.75, -2.69, -2.6, -2.47, -2.27, -1.96, -1.72, -2.06, -2.39, -2.65, -3.56, -3.87, -4.33, -4.44, -4.47, -4.53, -4.5, -2.83, -2.8, -2.76, -2.72, -2.66, -2.58, -2.48, -2.35, -2.22, -2.19, -2.31, -2.49, -2.66, -3.96, -4.12, -4.24, -4.32, -4.36, -4.36, -4.33, -2.8, -2.78, -2.74, -2.7, -2.65, -2.59, -2.52, -2.46, -2.44, -2.46, -2.55, -2.67, -2.79, -2.96, -4.02, -4.14, -4.22, -4.27, -4.28, -4.28, -2.79, -2.76, -2.73, -2.7, -2.65, -2.61, -2.57, -2.55, -2.57, -2.65, -2.77, -2.75, -2.81, -2.94, -3.93, -4.05, -4.14, -4.19, -4.21, -4.22, -2.78, -2.76, -2.73, -2.7, -2.66, -2.63, -2.61, -2.6, -2.65, -2.72, -2.77, -2.78, -2.83, -2.92, -3.87, -3.99, -4.07, -4.12, -4.16, -4.17, -2.77, -2.75, -2.73, -2.7, -2.68, -2.65, -2.64, -2.63, -2.69, -2.73, -2.76, -2.79, -2.84, -2.92, -3.84, -3.94, -4.02, -4.07, -4.11, -4.13, -2.77, -2.75, -2.73, -2.71, -2.69, -2.67, -2.66, -2.69, -2.71, -2.74, -2.77, -2.81, -2.86, -2.92, -3.82, -3.91, -3.98, -4.03, -4.07, -4.09]}, {"header": {"refTime": "2023-09-01T06:00:00.000Z", "nx": 21, "ny": 33, "lo1": 113.509, "la1": 22.2235, "lo2": 113.5947, "la2": 22.1034, "dx": 0.0042850000000001385, "dy": 0.003753125000000024, "parameterCategory": 0, "parameterCategoryName": "Temperature", "parameterNumber": 0}, "data": [[27.36, 27.35, 27.35, 27.17, 27.17, 27.37, 27.37, 27.36, 27.37, 27.32, 27.34, 27.35, 27.51, 27.52, 27.49, 27.49, 27.54, 27.53, 27.53, 27.52], [27.36, 27.36, 27.35, 27.35, 27.17, 27.18, 27.36, 27.35, 27.35, 27.32, 27.34, 27.37, 27.52, 27.53, 27.5, 27.55, 27.54, 27.53, 27.52, 27.52], [27.36, 27.36, 27.35, 27.35, 27.17, 27.18, 27.2, 27.34, 27.31, 27.32, 27.35, 27.39, 27.54, 27.55, 27.56, 27.55, 27.53, 27.52, 27.52, 27.51], [27.37, 27.36, 27.36, 27.35, 27.34, 27.18, 27.19, 27.21, 27.23, 27.31, 27.36, 27.43, 27.58, 27.5, 27.57, 27.54, 27.52, 27.51, 27.51, 27.51], [27.37, 27.37, 27.37, 27.36, 27.35, 27.16, 27.17, 27.18, 27.17, 27.3, 27.35, 27.5, 27.62, 27.52, 27.56, 27.53, 27.51, 27.5, 27.49, 27.5], [27.38, 27.38, 27.37, 27.37, 27.36, 27.34, 27.16, 27.15, 27.14, 27.11, 27.34, 27.45, 27.54, 27.63, 27.55, 27.52, 27.48, 27.47, 27.48, 27.49], [27.42, 27.39, 27.39, 27.38, 27.37, 27.35, 27.22, 27.15, 27.13, 27.12, 27.11, 27.35, 27.59, 27.6, 27.53, 27.5, 27.45, 27.43, 27.46, 27.47], [27.43, 27.43, 27.43, 27.43, 27.42, 27.28, 27.25, 27.2, 27.18, 27.1, 26.99, 27.32, 27.32, 27.6, 27.44, 27.45, 27.43, 27.42, 27.43, 27.44], [27.37, 27.38, 27.45, 27.45, 27.46, 27.44, 27.39, 27.23, 27.1, 27.14, 27.13, 27.22, 27.26, 27.2, 27.44, 27.45, 27.44, 27.43, 27.44, 27.44], [27.6, 27.6, 27.6, 27.41, 27.44, 27.51, 27.46, 27.39, 27.03, 27.05, 27.26, 27.16, 27.2, 27.18, 27.44, 27.46, 27.45, 27.44, 27.44, 27.45], [27.6, 27.6, 27.6, 27.6, 27.6, 27.6, 27.6, 27.6, 27.46, 27.1, 26.9, 27.13, 27.16, 27.16, 27.44, 27.46, 27.45, 27.45, 27.45, 27.45], [27.6, 27.6, 27.6, 27.6, 27.6, 27.6, 27.6, 27.6, 27.6, -999.0, 26.9, 27.5, 27.5, 27.14, 27.44, 27.46, 27.46, 26.6, 26.62, 26.63], [27.6, 27.6, 27.6, 27.6, 27.6, 27.6, 27.6, 27.6, 27.6, 27.6, -999.0, 27.5, 27.5, 26.52, 26.95, 26.89, 26.9, 26.73, 26.75, 26.77], [27.6, 27.6, 27.6, 27.6, 27.6, 27.6, 27.6, 27.6, 27.6, 27.6, -999.0, 26.0, 26.0, 26.0, 26.82, 26.77, 26.8, 26.62, 26.66, 26.69], [27.6, 27.6, 27.6, 27.6, 27.6, 27.6, 27.6, 27.6, 27.6, 27.6, 27.6, 26.99, 26.0, 26.0, 26.0, 26.64, 26.68, 26.52, 26.57, 26.61], [27.6, 27.6, 27.6, 27.6, 27.6, 27.6, 27.6, 27.6, 27.6, 27.6, 26.59, 26.71, 26.55, 26.42, 26.57, 26.55, 26.63, 26.49, 26.77, 26.83], [27.6, 27.6, 27.6, 27.6, 27.6, 27.6, 27.6, 27.6, 27.6, 27.6, 26.91, 26.71, 26.5, 26.31, 26.36, 26.36, 26.49, 26.59, 26.66, 26.71], [27.6, 27.6, 27.6, 27.6, 27.6, 27.6, 27.6, 27.6, 27.6, 27.19, 26.98, 26.74, 26.49, 26.37, 26.05, 26.32, 26.5, 26.62, 26.69, 26.74], [27.6, 27.6, 27.6, 27.6, 27.6, 27.6, 27.6, 27.6, 27.46, 27.29, 27.1, 26.9, 26.71, 26.49, 26.29, 26.43, 26.58, 26.68, 26.74, 26.78], [27.6, 27.6, 27.49, 27.49, 27.5, 27.51, 27.53, 27.57, 27.43, 27.29, 27.12, 26.95, 26.81, 26.69, 26.53, 26.61, 26.71, 26.78, 26.82, 26.84], [27.48, 27.48, 27.48, 27.52, 27.52, 27.53, 27.53, 27.54, 27.3, 27.23, 27.13, 27.0, 26.91, 26.68, 26.72, 26.78, 26.85, 26.89, 26.9, 26.9], [27.51, 27.51, 27.51, 27.51, 27.51, 27.51, 27.52, 27.58, 27.25, 27.21, 27.14, 27.05, 26.94, 26.8, 26.86, 26.93, 26.99, 27.0, 26.98, 26.95], [27.5, 27.5, 27.5, 27.6, 27.6, 27.59, 27.58, 27.57, 27.56, 27.56, 27.57, 27.49, 27.29, 26.88, 26.96, 27.05, 27.14, 27.11, 27.04, 26.99], [27.62, 27.61, 27.61, 27.6, 27.6, 27.59, 27.58, 27.56, 27.53, 27.53, 27.55, 27.55, 27.29, 27.27, 27.26, 27.11, 27.33, 27.13, 27.05, 27.01], [27.62, 27.62, 27.61, 27.61, 27.6, 27.59, 27.58, 27.55, 27.5, 27.46, 27.53, 27.56, 27.57, 27.27, 27.25, 27.23, 27.09, 27.02, 27.04, 27.01], [27.62, 27.62, 27.62, 27.61, 27.61, 27.6, 27.59, 27.56, 27.52, 27.48, 27.54, 27.58, 27.59, 27.27, 27.24, 27.29, 27.23, 27.21, 27.02, 27.0], [27.62, 27.62, 27.62, 27.62, 27.62, 27.61, 27.61, 27.6, 27.59, 27.59, 27.61, 27.63, 27.62, 27.45, 27.39, 27.33, 27.29, 27.27, 27.27, 27.29], [27.63, 27.63, 27.63, 27.63, 27.63, 27.63, 27.63, 27.64, 27.66, 27.69, 27.71, 27.6, 27.53, 27.46, 27.42, 27.37, 27.33, 27.31, 27.31, 27.31], [27.63, 27.63, 27.63, 27.64, 27.64, 27.65, 27.65, 27.67, 27.71, 27.77, 27.82, 27.68, 27.58, 27.5, 27.46, 27.41, 27.37, 27.35, 27.34, 27.33], [27.64, 27.64, 27.64, 27.64, 27.65, 27.66, 27.67, 27.69, 27.65, 27.73, 27.77, 27.68, 27.59, 27.52, 27.48, 27.43, 27.4, 27.38, 27.36, 27.36], [27.64, 27.64, 27.64, 27.65, 27.66, 27.66, 27.68, 27.7, 27.63, 27.67, 27.68, 27.64, 27.58, 27.52, 27.5, 27.45, 27.42, 27.4, 27.38, 27.38], [27.64, 27.64, 27.65, 27.65, 27.66, 27.67, 27.68, 27.58, 27.6, 27.62, 27.62, 27.6, 27.56, 27.52, 27.5, 27.47, 27.44, 27.42, 27.4, 27.39]]}]