gis_exercise/awsData/contour/wdir_2023090605.json
[{"header": {"refTime": "2023-09-06T05:00:00.000Z", "nx": 21, "ny": 33, "lo1": 113.509, "la1": 22.2235, "lo2": 113.5947, "la2": 22.1034, "dx": 0.0042850000000001385, "dy": 0.003753125000000024, "parameterCategory": 2, "parameterCategoryName": "Temperature", "parameterNumber": 2}, "data": [0.31, 0.3, 0.3, 0.45, 0.43, 0.04, 0.02, -0.01, -0.03, -0.22, -0.27, -0.32, -0.61, -0.65, -0.52, -0.51, -0.66, -0.64, -0.62, -0.61, 0.31, 0.31, 0.31, 0.3, 0.44, 0.4, 0.03, 0.01, -0.02, -0.18, -0.27, -0.36, -0.65, -0.68, -0.55, -0.69, -0.65, -0.62, -0.6, -0.59, 0.31, 0.31, 0.31, 0.31, 0.45, 0.41, 0.35, 0.02, -0.0, -0.16, -0.29, -0.42, -0.72, -0.74, -0.74, -0.68, -0.63, -0.6, -0.58, -0.57, 0.31, 0.31, 0.32, 0.32, 0.32, 0.45, 0.4, 0.31, 0.22, -0.19, -0.34, -0.52, -0.83, -0.73, -0.75, -0.67, -0.6, -0.56, -0.54, -0.54, 0.3, 0.31, 0.32, 0.33, 0.35, 0.51, 0.49, 0.46, 0.43, -0.21, -0.36, -0.75, -0.99, -0.79, -0.74, -0.63, -0.55, -0.5, -0.5, -0.51, 0.3, 0.31, 0.32, 0.33, 0.36, 0.4, 0.6, 0.61, 0.6, 0.55, -0.42, -0.63, -0.83, -0.48, -0.71, -0.58, -0.46, -0.41, -0.44, -0.47, 1.13, 0.29, 0.3, 0.32, 0.36, 0.42, 0.63, 0.77, 0.78, 0.46, 0.29, -0.43, -0.31, -0.22, -0.65, -0.52, -0.35, -0.28, -0.04, -0.01, 1.13, 1.09, 1.05, 0.64, 0.65, 0.47, 0.61, 0.83, 0.98, 0.49, 0.34, 0.03, 0.02, 0.04, 0.28, 0.18, 0.03, -0.03, 0.05, 0.11, 1.13, 1.09, 1.03, 0.95, 0.54, 0.58, 0.72, 0.67, 1.02, 0.46, 0.41, 0.44, 0.82, 0.64, 0.39, 0.26, 0.14, 0.1, 0.11, 0.14, 1.21, 1.16, 1.08, 0.9, 0.72, 0.34, 0.55, 0.8, 1.05, 0.97, 0.52, 0.72, 1.05, 0.77, 0.47, 0.33, 0.23, 0.18, 0.17, 0.17, 1.24, 1.19, 1.12, 0.98, 0.69, -0.14, 0.84, 1.25, 0.98, 1.08, 1.19, 0.67, 0.75, 0.7, 0.47, 0.37, 0.29, 0.24, 0.22, 0.21, 1.28, 1.25, 1.2, 1.12, 0.99, 0.92, 1.27, 1.44, 1.46, 1.83, 1.23, 0.92, 0.91, 0.64, 0.45, 0.38, 0.32, 0.73, 0.69, 0.68, 1.32, 1.31, 1.31, 1.32, 1.39, 1.63, 1.97, 1.7, 1.55, 1.53, 1.9, 0.94, 0.9, 0.77, 0.77, 0.89, 0.83, 0.79, 0.75, 0.73, 1.37, 1.38, 1.41, 1.47, 1.63, 1.98, 2.64, 1.98, 1.7, 1.6, 1.95, 1.37, 1.36, 1.34, 0.79, 0.9, 0.86, 0.83, 0.8, 0.78, 1.41, 1.43, 1.48, 1.55, 1.69, 1.9, 2.05, 1.94, 1.72, 1.58, 1.51, 0.87, 1.31, 1.29, 1.27, 0.92, 0.89, 0.86, 0.83, 0.81, 1.44, 1.47, 1.12, 1.19, 1.29, 1.78, 1.75, 1.64, 1.5, 1.41, 0.79, 0.82, 0.86, 0.93, 0.95, 1.02, 1.01, 1.0, 0.54, 0.5, 1.02, 1.04, 1.08, 1.11, 1.57, 1.52, 1.42, 1.28, 1.18, 1.17, 0.7, 0.77, 0.84, 0.91, 0.83, 0.88, 0.83, 0.8, 0.77, 0.75, 1.0, 1.01, 1.02, 1.03, 1.41, 1.3, 1.12, 0.88, 0.75, 0.8, 0.94, 0.73, 0.83, 0.82, 1.0, 0.9, 0.83, 0.78, 0.75, 0.74, 0.97, 0.98, 0.97, 1.37, 1.28, 1.14, 0.91, 0.53, 0.2, 0.6, 0.23, 0.35, 0.62, 0.75, 0.91, 0.86, 0.8, 0.76, 0.73, 0.72, 0.95, 0.94, 0.88, 0.83, 0.76, 0.66, 0.52, 0.34, 0.06, 0.11, 0.2, 0.3, 0.57, 0.65, 0.81, 0.78, 0.75, 0.72, 0.7, 0.7, 0.86, 0.83, 0.8, 0.74, 0.67, 0.59, 0.49, 0.39, 0.08, 0.11, 0.17, 0.24, 0.52, 0.76, 0.74, 0.72, 0.69, 0.68, 0.67, 0.68, 0.8, 0.77, 0.73, 0.67, 0.6, 0.53, 0.45, -0.31, 0.05, 0.07, 0.11, 0.18, 0.36, 0.71, 0.69, 0.65, 0.63, 0.63, 0.64, 0.66, 0.75, 0.72, 0.67, -0.4, -0.39, -0.38, -0.38, -0.37, -0.38, -0.39, -0.4, -0.06, 0.21, 0.68, 0.65, 0.6, 0.56, 0.58, 0.62, 0.64, -0.44, -0.44, -0.43, -0.43, -0.43, -0.42, -0.42, -0.41, -0.41, -0.41, -0.43, -0.36, 0.19, 0.29, 0.37, 0.58, 0.46, 0.59, 0.62, 0.64, -0.46, -0.46, -0.45, -0.45, -0.45, -0.45, -0.45, -0.45, -0.42, -0.4, -0.45, -0.4, -0.35, 0.28, 0.37, 0.45, 0.62, 0.66, 0.64, 0.64, -0.47, -0.47, -0.48, -0.48, -0.48, -0.49, -0.49, -0.48, -0.46, -0.43, -0.45, -0.45, -0.4, 0.27, 0.36, 0.32, 0.41, 0.45, 0.64, 0.64, -0.49, -0.49, -0.49, -0.5, -0.51, -0.52, -0.53, -0.54, -0.55, -0.57, -0.56, -0.54, -0.48, -0.03, 0.11, 0.23, 0.31, 0.34, 0.34, 0.31, -0.5, -0.5, -0.51, -0.52, -0.54, -0.55, -0.58, -0.61, -0.65, -0.69, -0.73, -0.6, -0.47, -0.33, 0.02, 0.14, 0.21, 0.26, 0.27, 0.26, -0.51, -0.52, -0.53, -0.54, -0.56, -0.58, -0.61, -0.66, -0.74, -0.84, -0.95, -0.72, -0.54, -0.39, -0.06, 0.06, 0.13, 0.18, 0.21, 0.21, -0.52, -0.53, -0.54, -0.56, -0.58, -0.6, -0.64, -0.69, -0.67, -0.8, -0.88, -0.72, -0.56, -0.43, -0.11, -0.01, 0.07, 0.12, 0.15, 0.17, -0.53, -0.54, -0.55, -0.57, -0.59, -0.61, -0.65, -0.69, -0.64, -0.7, -0.72, -0.65, -0.54, -0.44, -0.15, -0.05, 0.02, 0.07, 0.11, 0.13, -0.54, -0.55, -0.56, -0.58, -0.59, -0.62, -0.65, -0.55, -0.59, -0.62, -0.62, -0.58, -0.51, -0.43, -0.16, -0.08, -0.02, 0.03, 0.07, 0.09]}, {"header": {"refTime": "2023-09-06T05:00:00.000Z", "nx": 21, "ny": 33, "lo1": 113.509, "la1": 22.2235, "lo2": 113.5947, "la2": 22.1034, "dx": 0.0042850000000001385, "dy": 0.003753125000000024, "parameterCategory": 2, "parameterCategoryName": "Temperature", "parameterNumber": 3}, "data": [-0.07, -0.08, -0.08, -0.15, -0.14, -0.28, -0.26, -0.24, -0.23, -0.14, -0.17, -0.2, -0.08, -0.08, 0.07, 0.12, 0.34, 0.37, 0.4, 0.42, -0.07, -0.07, -0.08, -0.08, -0.15, -0.13, -0.24, -0.2, -0.17, -0.12, -0.17, -0.22, -0.11, -0.11, 0.05, 0.29, 0.35, 0.4, 0.43, 0.45, -0.07, -0.07, -0.08, -0.08, -0.16, -0.14, -0.12, -0.16, -0.04, -0.1, -0.18, -0.25, -0.15, -0.14, 0.2, 0.29, 0.37, 0.43, 0.46, 0.48, -0.07, -0.07, -0.08, -0.08, -0.09, -0.16, -0.14, -0.11, -0.07, -0.13, -0.21, -0.3, -0.24, -0.18, 0.18, 0.32, 0.42, 0.49, 0.52, 0.52, -0.06, -0.06, -0.07, -0.08, -0.1, -0.18, -0.17, -0.16, -0.15, -0.16, -0.23, -0.23, -0.43, -0.22, 0.19, 0.37, 0.51, 0.58, 0.59, 0.57, -0.05, -0.06, -0.06, -0.08, -0.1, -0.12, -0.22, -0.22, -0.21, -0.17, -0.01, -0.12, -0.25, 0.08, 0.27, 0.46, 0.64, 0.71, 0.68, 0.63, 0.37, -0.04, -0.05, -0.06, -0.08, -0.12, -0.18, -0.31, -0.3, -0.04, 0.08, 0.11, 0.35, 0.34, 0.37, 0.56, 0.81, 0.91, 0.84, 0.77, 0.39, 0.37, 0.35, 0.08, 0.06, -0.08, -0.16, -0.31, -0.41, -0.06, 0.06, 0.58, 0.67, 0.55, 0.96, 1.0, 1.04, 1.06, 1.03, 1.02, 0.41, 0.4, 0.39, 0.37, 0.11, 0.08, 0.0, -0.21, -0.22, -0.04, 0.5, 0.7, 0.89, 0.8, 0.98, 1.0, 1.02, 1.03, 1.02, 1.01, 0.71, 0.69, 0.67, 0.41, 0.39, 0.19, 0.13, 0.05, -0.06, -0.04, 0.62, 0.77, 0.94, 0.83, 0.99, 0.99, 1.0, 1.01, 1.01, 1.01, 0.72, 0.71, 0.69, 0.65, 0.57, 0.35, 0.59, 0.64, 0.17, 0.06, 0.59, 0.74, 0.8, 0.78, 0.99, 0.99, 1.0, 1.0, 1.0, 1.0, 0.73, 0.72, 0.71, 0.7, 0.66, 0.64, 0.71, 0.64, 0.57, 0.83, 0.58, 0.8, 0.83, 0.74, 0.99, 0.99, 0.99, 1.08, 1.08, 1.08, 0.74, 0.75, 0.75, 0.76, 0.79, 0.88, 0.99, 0.77, 0.64, 0.69, 0.92, 0.76, 0.79, 0.95, 0.95, 1.08, 1.07, 1.07, 1.07, 1.07, 0.76, 0.77, 0.78, 0.81, 0.87, 1.01, 1.3, 0.95, 0.79, 0.75, 0.94, 0.83, 0.87, 0.89, 0.95, 1.06, 1.06, 1.06, 1.06, 1.06, 0.77, 0.78, 0.8, 0.83, 0.88, 0.97, 1.02, 0.87, 0.74, 0.67, 0.63, 0.5, 0.87, 0.89, 0.9, 1.04, 1.05, 1.05, 1.05, 1.06, 0.78, 0.79, 0.69, 0.72, 0.75, 0.8, 0.79, 0.72, 0.65, 0.61, 0.44, 0.51, 0.58, 0.8, 0.83, 1.05, 1.07, 1.08, 1.07, 1.08, 0.64, 0.65, 0.66, 0.67, 0.7, 0.68, 0.63, 0.56, 0.51, 0.5, 0.42, 0.51, 0.61, 0.72, 0.87, 1.1, 1.15, 1.19, 1.21, 1.24, 0.62, 0.63, 0.63, 0.62, 0.62, 0.58, 0.49, 0.39, 0.33, 0.48, 0.6, 0.5, 0.63, 0.86, 0.94, 1.08, 1.15, 1.2, 1.23, 1.25, 0.61, 0.6, 0.59, 0.6, 0.57, 0.5, 0.4, 0.23, 0.12, 0.37, 0.58, 0.72, 0.75, 0.84, 1.07, 1.12, 1.18, 1.22, 1.25, 1.26, 0.59, 0.58, 0.93, 0.89, 0.84, 0.75, 0.62, 0.43, 0.27, 0.45, 0.62, 0.74, 0.74, 0.81, 1.16, 1.19, 1.23, 1.26, 1.27, 1.29, 0.97, 0.96, 0.94, 0.9, 0.86, 0.8, 0.72, 0.63, 0.54, 0.62, 0.72, 0.8, 0.74, 1.22, 1.23, 1.25, 1.28, 1.29, 1.31, 1.31, 0.98, 0.97, 0.95, 0.93, 0.91, 0.88, 0.84, 0.6, 0.76, 0.81, 0.85, 0.88, 1.28, 1.26, 1.28, 1.3, 1.32, 1.33, 1.34, 1.33, 0.99, 0.99, 0.98, 0.64, 0.66, 0.68, 0.71, 0.76, 0.82, 0.86, 0.84, 1.06, 1.52, 1.29, 1.31, 1.33, 1.34, 1.36, 1.37, 1.36, 0.64, 0.65, 0.66, 0.68, 0.7, 0.74, 0.81, 0.9, 1.03, 1.08, 1.0, 1.18, 1.52, 1.49, 1.47, 1.36, 1.32, 1.42, 1.4, 1.38, 0.65, 0.66, 0.67, 0.7, 0.73, 0.78, 0.86, 0.99, 1.22, 1.41, 1.13, 1.17, 1.11, 1.5, 1.48, 1.46, 1.44, 1.5, 1.42, 1.39, 0.66, 0.67, 0.68, 0.71, 0.74, 0.79, 0.87, 0.99, 1.19, 1.36, 1.24, 1.1, 1.05, 1.51, 1.49, 1.25, 1.33, 1.36, 1.41, 1.39, 0.66, 0.67, 0.69, 0.71, 0.74, 0.77, 0.83, 0.89, 0.96, 0.97, 1.01, 0.96, 0.96, 0.98, 1.09, 1.18, 1.25, 1.28, 1.27, 1.25, 0.66, 0.67, 0.68, 0.7, 0.72, 0.74, 0.76, 0.77, 0.75, 0.79, 0.7, 0.82, 0.93, 1.03, 1.02, 1.11, 1.17, 1.21, 1.22, 1.21, 0.66, 0.67, 0.68, 0.69, 0.7, 0.71, 0.7, 0.68, 0.6, 0.53, 0.34, 0.64, 0.83, 0.96, 0.96, 1.05, 1.11, 1.15, 1.17, 1.17, 0.66, 0.66, 0.67, 0.68, 0.68, 0.68, 0.66, 0.62, 0.74, 0.55, 0.43, 0.62, 0.8, 0.92, 0.91, 1.0, 1.06, 1.1, 1.12, 1.14, 0.65, 0.66, 0.66, 0.66, 0.66, 0.65, 0.63, 0.6, 0.76, 0.67, 0.64, 0.71, 0.82, 0.91, 0.89, 0.96, 1.02, 1.06, 1.09, 1.1, 0.65, 0.65, 0.65, 0.65, 0.65, 0.64, 0.62, 0.87, 0.81, 0.76, 0.75, 0.79, 0.85, 0.92, 0.88, 0.94, 0.99, 1.03, 1.06, 1.08]}, {"header": {"refTime": "2023-09-06T05:00:00.000Z", "nx": 21, "ny": 33, "lo1": 113.509, "la1": 22.2235, "lo2": 113.5947, "la2": 22.1034, "dx": 0.0042850000000001385, "dy": 0.003753125000000024, "parameterCategory": 0, "parameterCategoryName": "Temperature", "parameterNumber": 0}, "data": [[28.41, 28.4, 28.4, 28.36, 28.35, 28.51, 28.48, 28.45, 28.45, 28.39, 28.45, 28.5, 28.62, 28.64, 28.66, 28.66, 28.79, 28.78, 28.77, 28.76], [28.41, 28.41, 28.4, 28.39, 28.35, 28.33, 28.46, 28.39, 28.36, 28.35, 28.45, 28.53, 28.65, 28.68, 28.68, 28.8, 28.79, 28.77, 28.76, 28.76], [28.42, 28.42, 28.41, 28.4, 28.36, 28.34, 28.3, 28.34, 28.16, 28.31, 28.46, 28.58, 28.71, 28.73, 28.83, 28.8, 28.78, 28.76, 28.75, 28.75], [28.43, 28.42, 28.42, 28.41, 28.4, 28.36, 28.33, 28.28, 28.23, 28.37, 28.52, 28.67, 28.81, 28.83, 28.84, 28.8, 28.77, 28.75, 28.74, 28.74], [28.43, 28.43, 28.43, 28.43, 28.43, 28.4, 28.38, 28.36, 28.35, 28.44, 28.57, 28.85, 28.99, 28.86, 28.83, 28.78, 28.74, 28.73, 28.72, 28.72], [28.44, 28.44, 28.44, 28.44, 28.45, 28.46, 28.44, 28.45, 28.44, 28.42, 28.66, 28.77, 28.88, 28.93, 28.81, 28.75, 28.71, 28.69, 28.7, 28.71], [28.58, 28.45, 28.45, 28.46, 28.47, 28.49, 28.57, 28.55, 28.55, 28.53, 28.47, 28.63, 28.82, 28.84, 28.77, 28.73, 28.67, 28.64, 28.69, 28.72], [28.57, 28.57, 28.57, 28.57, 28.58, 28.54, 28.57, 28.65, 28.73, 28.51, 28.37, 28.51, 28.51, 28.85, 28.6, 28.6, 28.6, 28.6, 28.6, 28.6], [28.63, 28.62, 28.55, 28.55, 28.54, 28.56, 28.61, 28.6, 28.64, 28.54, 28.42, 28.46, 28.48, 28.45, 28.6, 28.6, 28.6, 28.6, 28.6, 28.6], [28.4, 28.4, 28.4, 28.59, 28.56, 28.49, 28.54, 28.61, 28.52, 28.54, 28.48, 28.43, 28.45, 28.44, 28.6, 28.6, 28.6, 28.6, 28.6, 28.6], [28.4, 28.4, 28.4, 28.4, 28.4, 28.4, 28.4, 28.4, 28.54, 28.63, 28.3, 28.41, 28.43, 28.43, 28.6, 28.6, 28.6, 28.6, 28.6, 28.6], [28.4, 28.4, 28.4, 28.4, 28.4, 28.4, 28.4, 28.4, 28.4, -999.0, 28.3, 28.6, 28.6, 28.42, 28.6, 28.6, 28.6, 27.75, 27.77, 27.77], [28.4, 28.4, 28.4, 28.4, 28.4, 28.4, 28.4, 28.4, 28.4, 28.4, -999.0, 28.6, 28.6, 27.62, 28.05, 28.05, 28.07, 27.88, 27.91, 27.92], [28.4, 28.4, 28.4, 28.4, 28.4, 28.4, 28.4, 28.4, 28.4, 28.4, -999.0, 27.1, 27.1, 27.1, 27.92, 27.93, 27.95, 27.76, 27.8, 27.84], [28.4, 28.4, 28.4, 28.4, 28.4, 28.4, 28.4, 27.5, 27.5, 27.5, 27.5, 27.35, 27.1, 27.1, 27.1, 27.79, 27.83, 27.66, 27.71, 27.76], [28.4, 28.4, 27.83, 27.82, 27.81, 27.5, 27.5, 27.5, 27.5, 27.5, 27.25, 27.28, 27.24, 27.21, 27.24, 27.17, 27.18, 27.16, 27.54, 27.58], [27.82, 27.82, 28.08, 28.07, 27.5, 27.5, 27.5, 27.5, 27.5, 27.5, 27.33, 27.28, 27.23, 27.18, 27.17, 27.03, 27.01, 26.99, 26.97, 26.96], [28.08, 28.07, 28.05, 28.03, 27.5, 27.5, 27.5, 27.5, 27.5, 27.4, 27.34, 27.28, 27.22, 27.17, 27.11, 27.04, 27.01, 26.98, 26.97, 26.96], [28.06, 28.05, 28.03, 27.5, 27.5, 27.5, 27.5, 27.5, 27.46, 27.42, 27.33, 27.28, 27.25, 27.2, 27.05, 27.02, 27.0, 26.97, 26.96, 26.95], [28.05, 28.03, 27.33, 27.34, 27.35, 27.36, 27.39, 27.45, 27.43, 27.38, 27.33, 27.28, 27.26, 27.23, 27.01, 26.99, 26.98, 26.96, 26.95, 26.94], [27.32, 27.32, 27.33, 27.38, 27.38, 27.39, 27.4, 27.41, 27.37, 27.34, 27.31, 27.28, 27.28, 26.98, 26.98, 26.97, 26.96, 26.95, 26.93, 26.92], [27.36, 27.36, 27.36, 27.37, 27.37, 27.37, 27.37, 27.4, 27.32, 27.31, 27.29, 27.27, 27.2, 26.96, 26.96, 26.96, 26.96, 26.94, 26.92, 26.91], [27.35, 27.35, 27.35, 27.39, 27.39, 27.38, 27.38, 27.37, 27.36, 27.35, 27.35, 27.31, 27.0, 26.94, 26.95, 26.96, 26.99, 26.94, 26.89, 26.89], [27.39, 27.39, 27.39, 27.39, 27.38, 27.37, 27.36, 27.34, 27.32, 27.31, 27.33, 27.3, 27.0, 26.97, 26.95, 26.95, 27.1, 26.85, 26.84, 26.86], [27.39, 27.39, 27.39, 27.38, 27.38, 27.37, 27.35, 27.33, 27.28, 27.25, 27.3, 27.3, 27.32, 26.97, 26.93, 26.9, 26.8, 26.68, 26.8, 26.85], [27.39, 27.39, 27.39, 27.38, 27.37, 27.37, 27.35, 27.33, 27.29, 27.26, 27.29, 27.32, 27.33, 26.96, 26.93, 26.93, 26.86, 26.82, 26.81, 26.84], [27.39, 27.39, 27.39, 27.38, 27.38, 27.37, 27.36, 27.35, 27.34, 27.33, 27.33, 27.34, 27.34, 27.08, 27.02, 26.96, 26.92, 26.89, 26.9, 26.92], [27.39, 27.39, 27.39, 27.38, 27.38, 27.38, 27.37, 27.37, 27.38, 27.38, 27.39, 27.25, 27.17, 27.09, 27.05, 27.0, 26.96, 26.94, 26.94, 26.94], [27.39, 27.39, 27.39, 27.39, 27.38, 27.38, 27.39, 27.39, 27.41, 27.43, 27.43, 27.31, 27.21, 27.12, 27.08, 27.04, 27.0, 26.98, 26.97, 26.97], [27.39, 27.39, 27.39, 27.39, 27.39, 27.39, 27.39, 27.4, 27.29, 27.35, 27.39, 27.31, 27.22, 27.14, 27.11, 27.06, 27.03, 27.01, 26.99, 26.99], [27.39, 27.39, 27.39, 27.39, 27.39, 27.39, 27.4, 27.41, 27.27, 27.3, 27.31, 27.27, 27.21, 27.15, 27.12, 27.08, 27.05, 27.03, 27.01, 27.01], [27.39, 27.39, 27.39, 27.39, 27.4, 27.4, 27.4, 27.22, 27.24, 27.26, 27.25, 27.23, 27.19, 27.14, 27.13, 27.09, 27.07, 27.05, 27.03, 27.02]]}]