gis_exercise/awsData/contour/wdir_2023090304.json
[{"header": {"refTime": "2023-09-03T04:00:00.000Z", "nx": 21, "ny": 33, "lo1": 113.509, "la1": 22.2235, "lo2": 113.5947, "la2": 22.1034, "dx": 0.0042850000000001385, "dy": 0.003753125000000024, "parameterCategory": 2, "parameterCategoryName": "Temperature", "parameterNumber": 2}, "data": [-1.64, -1.65, -1.66, -1.94, -1.93, -2.29, -2.27, -2.25, -2.26, -2.34, -2.44, -2.54, -2.71, -2.76, -3.8, -3.93, -4.21, -4.27, -4.31, -4.34, -1.63, -1.64, -1.65, -1.67, -1.93, -1.92, -2.23, -2.16, -2.13, -2.26, -2.44, -2.59, -2.78, -2.82, -3.86, -4.15, -4.25, -4.33, -4.38, -4.4, -1.62, -1.63, -1.65, -1.66, -1.94, -1.93, -1.91, -2.1, -1.89, -2.2, -2.47, -2.68, -2.89, -2.91, -4.05, -4.18, -4.31, -4.41, -4.46, -4.48, -1.61, -1.62, -1.63, -1.65, -1.67, -1.93, -1.92, -1.9, -1.88, -2.29, -2.57, -2.85, -3.08, -3.08, -4.04, -4.24, -4.42, -4.54, -4.58, -4.58, -1.6, -1.61, -1.62, -1.63, -1.66, -1.95, -1.94, -1.93, -1.93, -2.42, -2.65, -3.13, -3.44, -3.15, -4.04, -4.33, -4.6, -4.74, -4.75, -4.7, -1.58, -1.59, -1.6, -1.61, -1.63, -1.67, -1.96, -1.96, -1.97, -1.98, -2.74, -2.96, -3.2, -3.43, -4.07, -4.48, -4.89, -5.07, -4.97, -4.82, -2.61, -1.56, -1.57, -1.58, -1.6, -1.64, -1.78, -1.98, -1.99, -2.13, -2.17, -2.66, -3.24, -3.33, -4.08, -4.62, -5.32, -5.58, -5.41, -5.22, -2.62, -2.57, -2.51, -2.41, -2.38, -1.65, -1.74, -1.87, -2.04, -2.12, -2.12, -2.67, -2.78, -3.31, -4.17, -4.69, -5.33, -5.56, -5.21, -4.98, -2.64, -2.58, -2.5, -2.4, -2.27, -2.28, -2.39, -1.79, -2.6, -2.14, -2.7, -2.98, -3.38, -3.19, -4.12, -4.52, -4.91, -5.08, -5.01, -4.89, -3.58, -3.49, -3.36, -2.37, -2.14, -1.99, -2.35, -2.73, -3.13, -3.02, -2.91, -3.19, -3.54, -3.28, -4.11, -4.38, -4.64, -4.78, -4.8, -4.76, -3.62, -3.53, -3.4, -3.16, -2.65, -1.16, -3.03, -3.99, -3.52, -3.53, -3.9, -3.13, -3.23, -3.2, -4.12, -4.3, -4.47, -4.59, -4.65, -4.65, -3.67, -3.61, -3.52, -3.37, -3.13, -3.01, -3.74, -4.56, -4.86, -5.13, -4.1, -4.02, -3.93, -3.12, -4.13, -4.26, -4.38, -5.02, -5.06, -5.07, -3.74, -3.71, -3.68, -3.67, -3.73, -4.07, -4.59, -4.73, -4.83, -4.59, -5.04, -4.12, -4.01, -3.73, -3.75, -4.83, -4.89, -4.94, -4.98, -5.0, -3.81, -3.81, -3.83, -3.9, -4.09, -4.51, -5.21, -4.76, -4.64, -4.54, -5.07, -4.7, -4.63, -4.59, -3.84, -4.78, -4.83, -4.88, -4.91, -4.94, -3.87, -3.9, -3.94, -4.04, -4.21, -4.47, -4.68, -4.63, -4.45, -4.29, -4.18, -3.84, -4.64, -4.6, -4.58, -4.74, -4.78, -4.82, -4.86, -4.89, -3.92, -3.96, -2.85, -2.95, -3.09, -4.3, -4.27, -4.13, -3.98, -3.89, -3.57, -3.69, -3.83, -3.71, -3.82, -4.47, -4.47, -4.47, -4.99, -5.02, -2.7, -2.74, -2.78, -2.83, -3.99, -3.9, -3.73, -3.51, -3.36, -3.39, -3.3, -3.56, -3.81, -4.05, -4.13, -4.33, -4.27, -4.22, -4.18, -4.15, -2.67, -2.69, -2.7, -2.7, -3.73, -3.54, -3.21, -2.78, -2.56, -2.69, -3.09, -3.43, -3.78, -4.09, -4.45, -4.35, -4.26, -4.21, -4.17, -4.14, -2.63, -2.63, -2.62, -3.69, -3.53, -3.26, -2.84, -2.14, -1.51, -2.32, -2.63, -3.07, -3.63, -3.98, -4.36, -4.3, -4.23, -4.18, -4.14, -4.12, -2.6, -2.58, -3.34, -3.24, -3.1, -2.89, -2.57, -2.11, -1.76, -2.21, -2.67, -3.05, -3.56, -3.83, -4.26, -4.23, -4.18, -4.14, -4.11, -4.09, -3.41, -3.37, -3.3, -3.22, -3.1, -2.93, -2.73, -2.51, -2.32, -2.53, -2.81, -3.08, -3.53, -4.19, -4.18, -4.16, -4.14, -4.11, -4.08, -4.06, -3.39, -3.35, -3.3, -3.23, -3.14, -3.04, -2.93, -1.97, -2.74, -2.86, -3.01, -3.15, -4.41, -4.14, -4.13, -4.13, -4.12, -4.08, -4.04, -4.02, -3.39, -3.35, -3.31, -1.96, -1.99, -2.04, -2.12, -2.22, -2.33, -2.38, -2.33, -3.34, -3.94, -4.1, -4.1, -4.12, -4.16, -4.06, -3.98, -3.97, -1.91, -1.93, -1.95, -1.99, -2.05, -2.13, -2.25, -2.44, -2.68, -2.79, -2.61, -3.25, -3.94, -3.94, -3.96, -4.08, -4.39, -3.89, -3.88, -3.92, -1.91, -1.93, -1.97, -2.01, -2.07, -2.17, -2.33, -2.59, -3.04, -3.42, -2.84, -3.16, -3.17, -3.93, -3.92, -3.91, -3.78, -3.54, -3.79, -3.88, -1.91, -1.93, -1.96, -2.0, -2.06, -2.15, -2.3, -2.53, -2.96, -3.3, -3.15, -2.95, -2.98, -3.91, -3.89, -3.3, -3.38, -3.37, -3.82, -3.88, -1.9, -1.92, -1.95, -1.98, -2.03, -2.09, -2.17, -2.29, -2.42, -2.41, -2.62, -2.57, -2.7, -2.6, -2.89, -3.1, -3.22, -3.26, -3.26, -3.24, -1.89, -1.91, -1.92, -1.95, -1.97, -1.99, -2.01, -2.0, -1.9, -2.03, -1.84, -1.79, -2.0, -2.17, -2.69, -2.91, -3.05, -3.12, -3.15, -3.15, -1.88, -1.89, -1.9, -1.9, -1.91, -1.9, -1.86, -1.76, -1.54, -1.36, -0.74, -1.38, -1.78, -2.03, -2.52, -2.74, -2.89, -2.99, -3.03, -3.05, -1.86, -1.87, -1.87, -1.86, -1.85, -1.82, -1.75, -1.63, -1.62, -1.2, -0.94, -1.34, -1.7, -1.95, -2.4, -2.61, -2.77, -2.87, -2.93, -2.97, -1.85, -1.84, -1.84, -1.83, -1.8, -1.76, -1.69, -1.58, -1.67, -1.46, -1.38, -1.52, -1.74, -1.93, -2.33, -2.52, -2.67, -2.77, -2.85, -2.89, -1.83, -1.83, -1.82, -1.8, -1.77, -1.73, -1.67, -1.89, -1.76, -1.66, -1.62, -1.69, -1.82, -1.95, -2.3, -2.47, -2.6, -2.7, -2.77, -2.82]}, {"header": {"refTime": "2023-09-03T04:00:00.000Z", "nx": 21, "ny": 33, "lo1": 113.509, "la1": 22.2235, "lo2": 113.5947, "la2": 22.1034, "dx": 0.0042850000000001385, "dy": 0.003753125000000024, "parameterCategory": 2, "parameterCategoryName": "Temperature", "parameterNumber": 3}, "data": [-0.13, -0.1, -0.07, 0.45, 0.46, 0.07, 0.1, 0.13, 0.13, 0.2, 0.12, 0.04, -0.27, -0.32, -0.58, -0.62, -0.88, -0.89, -0.89, -0.9, -0.15, -0.12, -0.09, -0.05, 0.45, 0.46, 0.14, 0.21, 0.25, 0.25, 0.12, 0.0, -0.32, -0.37, -0.62, -0.88, -0.89, -0.9, -0.9, -0.91, -0.17, -0.14, -0.11, -0.07, 0.45, 0.46, 0.47, 0.27, 0.48, 0.29, 0.09, -0.08, -0.42, -0.44, -0.88, -0.89, -0.9, -0.91, -0.92, -0.92, -0.19, -0.17, -0.15, -0.11, -0.06, 0.45, 0.46, 0.48, 0.51, 0.23, 0.02, -0.22, -0.56, -0.5, -0.88, -0.9, -0.92, -0.93, -0.94, -0.93, -0.23, -0.21, -0.19, -0.16, -0.11, 0.43, 0.43, 0.44, 0.46, 0.16, -0.03, -0.53, -0.79, -0.56, -0.88, -0.91, -0.94, -0.96, -0.96, -0.95, -0.26, -0.26, -0.24, -0.22, -0.18, -0.13, 0.39, 0.39, 0.41, 0.45, -0.16, -0.39, -0.61, -0.69, -0.86, -0.92, -0.99, -1.01, -1.0, -0.97, -0.44, -0.31, -0.31, -0.3, -0.27, -0.22, -0.09, 0.31, 0.32, 0.29, 0.32, -0.17, -0.56, -0.58, -0.84, -0.93, -1.05, -1.1, -1.03, -0.98, -0.45, -0.46, -0.48, -0.65, -0.63, -0.27, -0.15, -0.0, 0.12, 0.33, 0.54, -0.08, -0.2, -0.5, -0.62, -0.77, -0.96, -1.03, -0.92, -0.85, -0.46, -0.48, -0.51, -0.54, -0.71, -0.68, -0.55, -0.1, 0.13, 0.26, 0.14, -0.1, -0.23, -0.17, -0.59, -0.71, -0.83, -0.88, -0.86, -0.83, -0.64, -0.66, -0.69, -0.6, -0.69, -0.87, -0.72, -0.56, 0.04, 0.12, 0.02, -0.12, -0.23, -0.17, -0.57, -0.66, -0.74, -0.79, -0.8, -0.79, -0.63, -0.65, -0.68, -0.73, -0.85, -1.19, -0.79, -0.63, -0.56, -0.04, -0.1, -0.09, -0.14, -0.13, -0.57, -0.64, -0.69, -0.73, -0.75, -0.75, -0.61, -0.62, -0.64, -0.67, -0.73, -0.76, -0.62, -0.55, -0.55, -0.37, -0.17, -0.42, -0.41, -0.1, -0.58, -0.62, -0.66, -0.86, -0.88, -0.88, -0.59, -0.6, -0.6, -0.59, -0.57, -0.46, -0.32, -0.44, -0.51, -0.51, -0.33, -0.43, -0.42, -0.53, -0.55, -0.81, -0.83, -0.85, -0.87, -0.87, -0.57, -0.57, -0.56, -0.53, -0.47, -0.32, -0.04, -0.32, -0.44, -0.48, -0.31, -0.61, -0.63, -0.64, -0.6, -0.83, -0.84, -0.85, -0.86, -0.87, -0.56, -0.55, -0.53, -0.5, -0.44, -0.35, -0.29, 0.3, 0.34, 0.4, 0.46, 0.1, -0.67, -0.7, -0.71, -0.85, -0.85, -0.86, -0.86, -0.87, -0.55, -0.53, 0.25, 0.27, 0.31, 0.49, 0.51, 0.56, 0.62, 0.65, 0.32, 0.16, -0.03, -0.17, -0.27, -0.1, 0.05, 0.19, 0.1, 0.16, 0.31, 0.33, 0.36, 0.41, 0.64, 0.7, 0.79, 0.9, 0.97, 0.94, 0.49, 0.22, -0.07, -0.37, -0.12, -0.42, -0.24, -0.09, 0.01, 0.07, 0.38, 0.41, 0.46, 0.53, 0.78, 0.89, 1.07, 1.3, 1.43, 1.15, 0.8, 0.3, -0.08, -0.11, -0.83, -0.48, -0.21, -0.04, 0.06, 0.12, 0.44, 0.48, 0.55, 0.8, 0.89, 1.04, 1.27, 1.66, 1.98, 1.39, 0.7, 0.28, 0.65, 0.19, -0.51, -0.31, -0.08, 0.06, 0.14, 0.18, 0.49, 0.54, 0.63, 0.69, 0.79, 0.93, 1.15, 1.48, 1.56, 1.11, 0.64, 0.28, 0.9, 0.66, -0.14, -0.02, 0.12, 0.22, 0.26, 0.26, 0.54, 0.56, 0.6, 0.65, 0.72, 0.82, 0.95, 1.1, 0.96, 0.75, 0.46, 0.22, 1.15, 0.08, 0.16, 0.27, 0.38, 0.41, 0.38, 0.34, 0.51, 0.53, 0.55, 0.58, 0.61, 0.65, 0.7, 0.52, 0.49, 0.37, 0.23, 0.1, 0.31, 0.27, 0.4, 0.56, 0.68, 0.63, 0.5, 0.4, 0.48, 0.48, 0.49, 0.2, 0.21, 0.21, 0.19, 0.13, 0.04, -0.04, -0.06, 1.0, 0.15, 0.4, 0.56, 0.82, 1.12, 0.85, 0.54, 0.41, 0.11, 0.1, 0.1, 0.09, 0.06, 0.02, -0.06, -0.18, -0.34, -0.43, -0.37, -0.04, 0.09, 0.33, 0.57, 0.89, 1.98, 0.58, 0.39, 0.36, 0.05, 0.04, 0.02, -0.01, -0.06, -0.13, -0.24, -0.4, -0.64, -0.83, -0.6, -0.17, 0.2, 0.26, 0.45, 0.58, 0.27, -0.32, 0.19, 0.29, -0.0, -0.03, -0.06, -0.1, -0.16, -0.24, -0.35, -0.5, -0.7, -0.85, -0.56, -0.26, 0.07, 0.19, 0.33, 0.36, 0.22, 0.1, 0.2, 0.27, -0.05, -0.08, -0.11, -0.16, -0.23, -0.31, -0.41, -0.53, -0.64, -0.7, -0.53, -0.33, -0.05, 0.08, 0.2, 0.25, 0.23, 0.2, 0.21, 0.25, -0.09, -0.12, -0.16, -0.21, -0.28, -0.35, -0.45, -0.55, -0.65, -0.63, -0.62, -1.14, -1.18, -1.23, 0.09, 0.16, 0.19, 0.2, 0.21, 0.23, -0.12, -0.15, -0.2, -0.25, -0.31, -0.38, -0.47, -0.56, -0.68, -0.74, -1.08, -1.12, -1.17, -1.21, 0.0, 0.09, 0.14, 0.17, 0.19, 0.21, -0.15, -0.18, -0.22, -0.27, -0.33, -0.4, -0.48, -0.57, -1.13, -1.1, -1.09, -1.13, -1.17, -1.2, -0.05, 0.04, 0.1, 0.14, 0.16, 0.18, -0.17, -0.2, -0.24, -0.29, -0.34, -0.4, -0.47, -0.55, -1.14, -1.13, -1.13, -1.14, -1.17, -1.2, -0.08, 0.0, 0.06, 0.11, 0.14, 0.16, -0.18, -0.21, -0.25, -0.29, -0.34, -0.4, -0.45, -1.15, -1.15, -1.15, -1.15, -1.16, -1.18, -1.2, -0.1, -0.02, 0.04, 0.08, 0.11, 0.14]}, {"header": {"refTime": "2023-09-03T04:00:00.000Z", "nx": 21, "ny": 33, "lo1": 113.509, "la1": 22.2235, "lo2": 113.5947, "la2": 22.1034, "dx": 0.0042850000000001385, "dy": 0.003753125000000024, "parameterCategory": 0, "parameterCategoryName": "Temperature", "parameterNumber": 0}, "data": [[26.85, 26.86, 26.86, 26.66, 26.69, 26.92, 26.94, 26.96, 26.97, 26.88, 26.86, 26.84, 26.96, 26.96, 26.97, 26.96, 26.85, 26.84, 26.84, 26.84], [26.85, 26.85, 26.86, 26.87, 26.68, 26.72, 26.95, 26.98, 27.0, 26.91, 26.87, 26.84, 26.96, 26.95, 26.97, 26.85, 26.85, 26.84, 26.84, 26.84], [26.84, 26.85, 26.85, 26.86, 26.67, 26.71, 26.77, 26.99, 27.08, 26.94, 26.86, 26.84, 26.96, 26.95, 26.87, 26.86, 26.85, 26.84, 26.84, 26.83], [26.84, 26.84, 26.84, 26.85, 26.86, 26.68, 26.73, 26.81, 26.88, 26.88, 26.83, 26.84, 26.96, 26.75, 26.87, 26.85, 26.84, 26.84, 26.83, 26.83], [26.84, 26.84, 26.84, 26.84, 26.84, 26.64, 26.66, 26.68, 26.68, 26.78, 26.77, 26.77, 26.9, 26.78, 26.87, 26.85, 26.84, 26.83, 26.83, 26.83], [26.83, 26.83, 26.83, 26.82, 26.82, 26.81, 26.59, 26.58, 26.55, 26.51, 26.57, 26.7, 26.81, 26.9, 26.85, 26.84, 26.83, 26.82, 26.82, 26.82], [26.72, 26.83, 26.82, 26.82, 26.8, 26.78, 26.5, 26.52, 26.48, 26.35, 26.33, 26.58, 26.83, 26.85, 26.84, 26.83, 26.81, 26.81, 26.84, 26.85], [26.73, 26.73, 26.73, 26.73, 26.72, 26.56, 26.52, 26.49, 26.47, 26.33, 26.2, 26.52, 26.52, 26.85, 26.76, 26.75, 26.77, 26.78, 26.77, 26.76], [26.67, 26.68, 26.75, 26.75, 26.76, 26.74, 26.69, 26.51, 26.37, 26.37, 26.33, 26.42, 26.46, 26.4, 26.76, 26.75, 26.76, 26.77, 26.76, 26.76], [26.9, 26.9, 26.9, 26.71, 26.74, 26.81, 26.76, 26.69, 26.27, 26.29, 26.46, 26.36, 26.4, 26.38, 26.76, 26.74, 26.75, 26.76, 26.76, 26.75], [26.9, 26.9, 26.9, 26.9, 26.9, 26.9, 26.9, 26.9, 26.76, 26.36, 26.1, 26.33, 26.36, 26.36, 26.76, 26.74, 26.75, 26.75, 26.75, 26.75], [26.9, 26.9, 26.9, 26.9, 26.9, 26.9, 26.9, 26.9, 26.9, -999.0, 26.1, 26.7, 26.7, 26.34, 26.76, 26.74, 26.74, 26.17, 26.19, 26.19], [26.9, 26.9, 26.9, 26.9, 26.9, 26.9, 26.9, 26.9, 26.9, 26.9, -999.0, 26.7, 26.7, 26.05, 26.33, 26.4, 26.41, 26.27, 26.29, 26.3], [26.9, 26.9, 26.9, 26.9, 26.9, 26.9, 26.9, 26.9, 26.9, 26.9, -999.0, 25.7, 25.7, 25.7, 26.25, 26.31, 26.33, 26.19, 26.22, 26.24], [26.9, 26.9, 26.9, 26.9, 26.9, 26.9, 26.9, 26.9, 26.9, 26.9, 26.9, 26.44, 25.7, 25.7, 25.7, 26.2, 26.24, 26.11, 26.15, 26.18], [26.9, 26.9, 26.9, 26.9, 26.9, 26.9, 26.9, 26.9, 26.9, 26.9, 26.14, 26.23, 26.11, 26.02, 26.13, 26.1, 26.16, 26.06, 26.29, 26.33], [26.9, 26.9, 26.9, 26.9, 26.9, 26.9, 26.9, 26.9, 26.9, 26.9, 26.38, 26.24, 26.08, 25.93, 25.97, 25.93, 26.01, 26.07, 26.11, 26.14], [26.9, 26.9, 26.9, 26.9, 26.9, 26.9, 26.9, 26.9, 26.9, 26.6, 26.43, 26.25, 26.07, 25.97, 25.74, 25.9, 26.02, 26.09, 26.14, 26.16], [26.9, 26.9, 26.9, 26.9, 26.9, 26.9, 26.9, 26.9, 26.79, 26.67, 26.52, 26.37, 26.23, 26.07, 25.89, 25.97, 26.07, 26.13, 26.17, 26.19], [26.9, 26.9, 26.79, 26.79, 26.8, 26.81, 26.83, 26.87, 26.77, 26.66, 26.53, 26.4, 26.3, 26.21, 26.04, 26.09, 26.15, 26.19, 26.22, 26.23], [26.78, 26.78, 26.78, 26.82, 26.82, 26.83, 26.83, 26.84, 26.67, 26.61, 26.53, 26.44, 26.37, 26.13, 26.16, 26.2, 26.24, 26.26, 26.27, 26.26], [26.81, 26.81, 26.81, 26.81, 26.81, 26.81, 26.82, 26.83, 26.62, 26.59, 26.54, 26.47, 26.38, 26.21, 26.25, 26.3, 26.34, 26.34, 26.32, 26.3], [26.8, 26.8, 26.8, 26.83, 26.83, 26.82, 26.82, 26.81, 26.8, 26.8, 26.8, 26.79, 26.56, 26.26, 26.31, 26.38, 26.45, 26.41, 26.35, 26.32], [26.83, 26.83, 26.83, 26.82, 26.82, 26.82, 26.81, 26.8, 26.78, 26.77, 26.78, 26.77, 26.56, 26.54, 26.52, 26.42, 26.62, 26.4, 26.35, 26.32], [26.83, 26.83, 26.82, 26.82, 26.82, 26.81, 26.8, 26.78, 26.76, 26.73, 26.77, 26.77, 26.79, 26.53, 26.51, 26.49, 26.35, 26.27, 26.32, 26.32], [26.83, 26.83, 26.82, 26.82, 26.82, 26.81, 26.8, 26.79, 26.76, 26.74, 26.76, 26.78, 26.79, 26.53, 26.5, 26.5, 26.45, 26.42, 26.32, 26.31], [26.83, 26.83, 26.82, 26.82, 26.82, 26.81, 26.81, 26.8, 26.79, 26.79, 26.79, 26.8, 26.8, 26.61, 26.57, 26.53, 26.49, 26.48, 26.48, 26.49], [26.83, 26.83, 26.82, 26.82, 26.82, 26.82, 26.82, 26.81, 26.82, 26.82, 26.83, 26.72, 26.67, 26.61, 26.59, 26.55, 26.53, 26.51, 26.51, 26.51], [26.83, 26.83, 26.83, 26.82, 26.82, 26.82, 26.82, 26.83, 26.84, 26.85, 26.85, 26.76, 26.69, 26.63, 26.61, 26.58, 26.55, 26.54, 26.53, 26.53], [26.83, 26.83, 26.83, 26.83, 26.83, 26.83, 26.83, 26.83, 26.75, 26.8, 26.82, 26.76, 26.7, 26.65, 26.63, 26.6, 26.57, 26.56, 26.55, 26.54], [26.83, 26.83, 26.83, 26.83, 26.83, 26.83, 26.83, 26.84, 26.74, 26.76, 26.76, 26.74, 26.69, 26.65, 26.64, 26.61, 26.59, 26.57, 26.56, 26.56], [26.83, 26.83, 26.83, 26.83, 26.83, 26.83, 26.83, 26.7, 26.72, 26.73, 26.72, 26.71, 26.68, 26.65, 26.64, 26.62, 26.6, 26.58, 26.57, 26.57]]}]