gis_exercise/awsData/contour/wdir_2023090508.json
[{"header": {"refTime": "2023-09-05T08:00:00.000Z", "nx": 21, "ny": 33, "lo1": 113.509, "la1": 22.2235, "lo2": 113.5947, "la2": 22.1034, "dx": 0.0042850000000001385, "dy": 0.003753125000000024, "parameterCategory": 2, "parameterCategoryName": "Temperature", "parameterNumber": 2}, "data": [0.55, 0.55, 0.55, 0.84, 0.82, 0.65, 0.63, 0.6, 0.59, 0.6, 0.62, 0.65, 0.64, 0.66, 0.8, 0.84, 1.06, 1.08, 1.1, 1.11, 0.55, 0.55, 0.56, 0.56, 0.82, 0.79, 0.62, 0.57, 0.53, 0.56, 0.62, 0.65, 0.65, 0.67, 0.81, 1.04, 1.07, 1.09, 1.11, 1.12, 0.55, 0.55, 0.56, 0.56, 0.84, 0.8, 0.73, 0.54, 0.42, 0.54, 0.62, 0.66, 0.66, 0.67, 0.99, 1.04, 1.08, 1.11, 1.13, 1.14, 0.55, 0.55, 0.56, 0.57, 0.57, 0.83, 0.78, 0.69, 0.61, 0.59, 0.65, 0.68, 0.66, 0.84, 0.98, 1.05, 1.11, 1.15, 1.16, 1.16, 0.54, 0.55, 0.56, 0.57, 0.58, 0.88, 0.86, 0.83, 0.82, 0.69, 0.71, 0.82, 0.71, 0.82, 0.99, 1.08, 1.16, 1.2, 1.2, 1.19, 0.54, 0.54, 0.55, 0.56, 0.59, 0.63, 0.95, 0.96, 0.97, 0.99, 0.97, 0.89, 0.8, 1.22, 1.02, 1.13, 1.23, 1.28, 1.26, 1.23, 0.76, 0.53, 0.53, 0.55, 0.58, 0.63, 0.93, 1.06, 1.09, 1.19, 1.18, 1.0, 1.37, 1.44, 1.07, 1.18, 1.34, 1.39, 1.6, 1.63, 0.75, 0.74, 0.73, 0.98, 0.98, 0.78, 0.89, 1.06, 1.22, 1.19, 1.19, 1.48, 1.55, 1.67, 1.89, 1.79, 1.66, 1.62, 1.69, 1.74, 0.74, 0.72, 0.7, 0.67, 0.89, 0.91, 1.03, 0.95, 1.4, 1.19, 1.64, 1.85, 2.27, 2.06, 1.98, 1.86, 1.77, 1.72, 1.74, 1.76, 1.02, 0.98, 0.93, 0.62, 0.53, 0.68, 0.91, 1.17, 1.57, 1.53, 1.82, 2.09, 2.46, 2.17, 2.05, 1.93, 1.84, 1.8, 1.79, 1.79, 1.02, 0.99, 0.94, 0.85, 0.67, 0.11, 0.86, 1.31, 1.5, 1.69, 2.24, 2.03, 2.14, 2.09, 2.06, 1.96, 1.89, 1.85, 1.83, 1.82, 1.04, 1.01, 0.97, 0.91, 0.82, 0.78, 1.1, 1.62, 1.86, 2.2, 2.25, 2.26, 2.28, 2.01, 2.04, 1.97, 1.92, 2.15, 2.12, 2.11, 1.06, 1.04, 1.02, 1.0, 1.01, 1.08, 1.24, 1.56, 1.76, 1.58, 2.21, 2.24, 2.25, 2.18, 2.17, 2.26, 2.21, 2.17, 2.15, 2.13, 1.08, 1.07, 1.07, 1.08, 1.11, 1.18, 1.23, 1.38, 1.5, 1.49, 2.15, 2.47, 2.47, 2.47, 2.14, 2.24, 2.21, 2.18, 2.16, 2.15, 1.1, 1.1, 1.11, 1.12, 1.15, 1.2, 1.25, 1.52, 1.58, 1.6, 1.6, 1.87, 2.41, 2.39, 2.38, 2.21, 2.19, 2.18, 2.17, 2.16, 1.12, 1.12, 0.82, 0.84, 0.87, 1.46, 1.46, 1.48, 1.5, 1.52, 1.8, 1.84, 1.88, 2.07, 2.09, 2.49, 2.55, 2.6, 2.26, 2.27, 0.81, 0.82, 0.84, 0.86, 1.46, 1.44, 1.43, 1.42, 1.42, 1.44, 1.73, 1.8, 1.87, 1.94, 2.1, 2.12, 2.13, 2.14, 2.15, 2.15, 0.82, 0.84, 0.85, 0.87, 1.44, 1.42, 1.38, 1.33, 1.31, 1.34, 1.43, 1.76, 1.87, 2.08, 2.08, 2.12, 2.14, 2.15, 2.15, 2.15, 0.84, 0.85, 0.87, 1.45, 1.42, 1.39, 1.34, 1.25, 1.17, 1.3, 1.6, 1.73, 2.03, 2.1, 2.12, 2.13, 2.15, 2.16, 2.16, 2.16, 0.84, 0.86, 1.45, 1.44, 1.42, 1.4, 1.36, 1.29, 1.33, 1.48, 1.62, 1.73, 2.06, 2.14, 2.15, 2.17, 2.18, 2.18, 2.17, 2.16, 1.48, 1.48, 1.48, 1.47, 1.46, 1.45, 1.43, 1.4, 1.53, 1.59, 1.68, 1.76, 2.11, 2.17, 2.19, 2.21, 2.22, 2.21, 2.19, 2.17, 1.5, 1.5, 1.5, 1.51, 1.51, 1.51, 1.51, 1.58, 1.68, 1.72, 1.76, 1.8, 2.5, 2.19, 2.22, 2.26, 2.28, 2.25, 2.19, 2.16, 1.52, 1.53, 1.53, 1.63, 1.64, 1.65, 1.66, 1.69, 1.73, 1.75, 1.75, 2.17, 2.22, 2.2, 2.24, 2.32, 2.42, 2.3, 2.17, 2.14, 1.64, 1.65, 1.65, 1.66, 1.67, 1.7, 1.73, 1.79, 1.86, 1.89, 1.85, 2.31, 2.22, 2.23, 2.26, 2.32, 2.77, 2.13, 2.08, 2.1, 1.65, 1.66, 1.67, 1.68, 1.7, 1.73, 1.78, 1.85, 1.97, 2.08, 1.93, 2.27, 2.35, 2.21, 2.21, 2.2, 1.99, 1.71, 1.98, 2.06, 1.66, 1.67, 1.68, 1.7, 1.72, 1.75, 1.79, 1.86, 1.97, 2.06, 2.18, 2.21, 2.29, 2.19, 2.17, 2.03, 1.95, 1.89, 2.0, 2.05, 1.67, 1.68, 1.69, 1.7, 1.72, 1.75, 1.78, 1.82, 1.87, 1.88, 2.09, 2.13, 2.21, 1.95, 1.98, 1.99, 1.97, 1.95, 1.96, 1.98, 1.67, 1.68, 1.69, 1.71, 1.72, 1.74, 1.76, 1.78, 1.78, 1.97, 1.94, 1.69, 1.66, 1.61, 1.95, 1.96, 1.97, 1.96, 1.97, 1.98, 1.68, 1.69, 1.69, 1.71, 1.72, 1.73, 1.74, 1.74, 1.72, 1.82, 1.61, 1.64, 1.64, 1.61, 1.92, 1.94, 1.96, 1.96, 1.97, 1.97, 1.68, 1.69, 1.69, 1.7, 1.71, 1.72, 1.72, 1.71, 1.69, 1.65, 1.62, 1.63, 1.63, 1.61, 1.9, 1.93, 1.94, 1.95, 1.96, 1.97, 1.68, 1.69, 1.69, 1.7, 1.7, 1.71, 1.71, 1.7, 1.68, 1.65, 1.64, 1.64, 1.63, 1.61, 1.89, 1.92, 1.93, 1.95, 1.96, 1.96, 1.68, 1.69, 1.69, 1.7, 1.7, 1.7, 1.7, 1.68, 1.67, 1.66, 1.65, 1.64, 1.63, 1.61, 1.89, 1.91, 1.93, 1.94, 1.95, 1.96]}, {"header": {"refTime": "2023-09-05T08:00:00.000Z", "nx": 21, "ny": 33, "lo1": 113.509, "la1": 22.2235, "lo2": 113.5947, "la2": 22.1034, "dx": 0.0042850000000001385, "dy": 0.003753125000000024, "parameterCategory": 2, "parameterCategoryName": "Temperature", "parameterNumber": 3}, "data": [-1.43, -1.42, -1.41, -1.11, -1.11, -1.33, -1.3, -1.28, -1.28, -1.14, -1.17, -1.2, -1.77, -1.81, -1.98, -2.05, -2.64, -2.68, -2.71, -2.73, -1.44, -1.43, -1.41, -1.4, -1.11, -1.11, -1.29, -1.24, -1.21, -1.12, -1.17, -1.22, -1.78, -1.83, -2.0, -2.6, -2.66, -2.7, -2.74, -2.75, -1.45, -1.44, -1.43, -1.41, -1.12, -1.11, -1.1, -1.21, -1.08, -1.11, -1.18, -1.25, -1.81, -1.85, -2.51, -2.6, -2.68, -2.74, -2.77, -2.79, -1.46, -1.46, -1.44, -1.43, -1.4, -1.13, -1.11, -1.09, -1.07, -1.12, -1.21, -1.31, -1.82, -1.8, -2.49, -2.63, -2.73, -2.79, -2.82, -2.83, -1.48, -1.47, -1.46, -1.45, -1.44, -1.15, -1.14, -1.13, -1.11, -1.13, -1.21, -1.76, -1.74, -1.81, -2.5, -2.68, -2.81, -2.88, -2.89, -2.88, -1.49, -1.49, -1.49, -1.48, -1.47, -1.46, -1.18, -1.18, -1.16, -1.09, -1.68, -1.79, -1.81, -2.63, -2.58, -2.77, -2.94, -3.01, -2.98, -2.93, -1.84, -1.51, -1.52, -1.52, -1.51, -1.51, -1.42, -1.27, -1.25, -1.46, -1.47, -1.9, -2.95, -2.98, -2.68, -2.87, -3.11, -3.2, -3.31, -3.3, -1.84, -1.84, -1.83, -2.3, -2.26, -1.47, -1.45, -1.45, -1.56, -1.38, -1.06, -2.74, -3.06, -3.3, -3.7, -3.62, -3.51, -3.47, -3.53, -3.57, -1.85, -1.85, -1.84, -1.83, -2.26, -2.24, -2.23, -1.44, -1.79, -1.52, -2.38, -3.1, -3.75, -3.44, -3.78, -3.68, -3.6, -3.56, -3.57, -3.59, -2.55, -2.52, -2.48, -1.85, -1.83, -2.17, -2.31, -2.44, -2.17, -2.02, -2.81, -3.35, -3.91, -3.53, -3.84, -3.73, -3.66, -3.63, -3.62, -3.62, -2.54, -2.52, -2.48, -2.41, -2.27, -1.84, -2.46, -2.92, -2.94, -2.48, -3.31, -3.23, -3.42, -3.38, -3.84, -3.76, -3.7, -3.67, -3.65, -3.65, -2.55, -2.52, -2.49, -2.44, -2.36, -2.34, -2.63, -3.25, -3.55, -3.79, -3.43, -4.04, -4.05, -3.23, -3.83, -3.77, -3.73, -3.57, -3.55, -3.53, -2.56, -2.54, -2.51, -2.49, -2.47, -2.48, -2.57, -3.08, -3.39, -3.17, -3.76, -4.02, -4.03, -3.57, -3.52, -3.58, -3.54, -3.52, -3.5, -3.5, -2.57, -2.56, -2.54, -2.53, -2.52, -2.48, -2.32, -2.74, -3.0, -3.02, -3.68, -3.85, -3.78, -3.72, -3.38, -3.46, -3.44, -3.44, -3.45, -3.45, -2.58, -2.58, -2.57, -2.56, -2.56, -2.55, -2.56, -2.88, -3.03, -3.09, -3.11, -3.17, -3.62, -3.53, -3.47, -3.31, -3.33, -3.36, -3.38, -3.4, -2.6, -2.59, -2.22, -2.23, -2.24, -2.84, -2.85, -2.9, -2.97, -3.01, -3.15, -3.08, -3.0, -3.04, -3.01, -2.97, -3.01, -3.04, -2.75, -2.76, -2.24, -2.25, -2.26, -2.27, -2.89, -2.88, -2.88, -2.9, -2.93, -2.96, -3.06, -3.0, -2.92, -2.81, -2.58, -2.54, -2.53, -2.52, -2.52, -2.51, -2.26, -2.27, -2.28, -2.3, -2.9, -2.89, -2.88, -2.87, -2.87, -2.62, -2.59, -2.95, -2.87, -2.58, -2.57, -2.54, -2.53, -2.52, -2.51, -2.51, -2.28, -2.29, -2.31, -2.91, -2.9, -2.89, -2.88, -2.84, -2.74, -2.66, -2.32, -2.28, -2.61, -2.59, -2.54, -2.53, -2.52, -2.51, -2.51, -2.51, -2.29, -2.31, -2.0, -2.03, -2.07, -2.13, -2.24, -2.4, -2.52, -2.37, -2.25, -2.21, -2.61, -2.59, -2.53, -2.52, -2.51, -2.51, -2.51, -2.5, -1.94, -1.95, -1.96, -1.98, -2.0, -2.04, -2.1, -2.17, -2.24, -2.18, -2.11, -2.09, -2.61, -2.52, -2.51, -2.51, -2.5, -2.5, -2.5, -2.5, -1.91, -1.91, -1.91, -1.91, -1.92, -1.93, -1.94, -1.87, -1.97, -1.94, -1.92, -1.95, -1.9, -2.51, -2.5, -2.5, -2.49, -2.49, -2.49, -2.49, -1.87, -1.87, -1.86, -1.75, -1.75, -1.73, -1.7, -1.64, -1.57, -1.53, -1.53, -1.75, -1.79, -2.5, -2.5, -2.49, -2.48, -2.48, -2.49, -2.49, -1.74, -1.73, -1.72, -1.7, -1.67, -1.63, -1.56, -1.45, -1.32, -1.25, -1.33, -1.38, -1.75, -1.95, -2.13, -2.49, -2.47, -2.48, -2.49, -2.49, -1.71, -1.7, -1.68, -1.66, -1.62, -1.56, -1.47, -1.33, -1.09, -0.89, -1.17, -1.34, -1.52, -1.93, -2.11, -2.26, -2.48, -2.48, -2.49, -2.49, -1.69, -1.68, -1.66, -1.63, -1.59, -1.53, -1.44, -1.31, -1.09, -0.93, -1.15, -1.36, -1.52, -1.9, -2.07, -2.38, -2.41, -2.42, -2.49, -2.49, -1.68, -1.66, -1.64, -1.61, -1.57, -1.52, -1.46, -1.37, -1.29, -1.27, -1.34, -1.45, -1.55, -2.24, -2.3, -2.34, -2.37, -2.38, -2.38, -2.37, -1.67, -1.65, -1.63, -1.6, -1.57, -1.53, -1.49, -1.46, -1.45, -1.47, -1.54, -1.56, -1.6, -1.66, -2.26, -2.3, -2.33, -2.35, -2.35, -2.35, -1.66, -1.64, -1.62, -1.6, -1.58, -1.55, -1.53, -1.53, -1.56, -1.63, -1.74, -1.65, -1.63, -1.67, -2.23, -2.27, -2.3, -2.32, -2.33, -2.33, -1.65, -1.64, -1.62, -1.61, -1.59, -1.57, -1.57, -1.57, -1.57, -1.66, -1.71, -1.67, -1.65, -1.67, -2.2, -2.25, -2.28, -2.3, -2.31, -2.31, -1.65, -1.64, -1.63, -1.61, -1.6, -1.59, -1.59, -1.6, -1.58, -1.63, -1.65, -1.65, -1.66, -1.67, -2.19, -2.23, -2.26, -2.28, -2.29, -2.3, -1.65, -1.64, -1.63, -1.62, -1.61, -1.6, -1.6, -1.56, -1.59, -1.61, -1.63, -1.64, -1.65, -1.67, -2.18, -2.22, -2.24, -2.26, -2.28, -2.29]}, {"header": {"refTime": "2023-09-05T08:00:00.000Z", "nx": 21, "ny": 33, "lo1": 113.509, "la1": 22.2235, "lo2": 113.5947, "la2": 22.1034, "dx": 0.0042850000000001385, "dy": 0.003753125000000024, "parameterCategory": 0, "parameterCategoryName": "Temperature", "parameterNumber": 0}, "data": [[29.09, 29.09, 29.09, 28.85, 28.87, 29.16, 29.16, 29.17, 29.18, 29.18, 29.21, 29.24, 29.52, 29.55, 29.53, 29.54, 29.7, 29.7, 29.69, 29.69], [29.1, 29.09, 29.09, 29.08, 28.86, 28.88, 29.15, 29.15, 29.15, 29.17, 29.21, 29.26, 29.54, 29.57, 29.55, 29.71, 29.7, 29.69, 29.69, 29.69], [29.1, 29.09, 29.09, 29.08, 28.86, 28.88, 28.91, 29.13, 29.11, 29.16, 29.22, 29.3, 29.58, 29.6, 29.72, 29.71, 29.7, 29.69, 29.69, 29.68], [29.1, 29.1, 29.09, 29.08, 29.07, 28.86, 28.89, 28.93, 28.97, 29.16, 29.24, 29.36, 29.65, 29.54, 29.72, 29.7, 29.69, 29.68, 29.68, 29.68], [29.11, 29.11, 29.1, 29.09, 29.07, 28.83, 28.85, 28.86, 28.86, 29.15, 29.24, 29.55, 29.7, 29.58, 29.72, 29.7, 29.68, 29.67, 29.67, 29.67], [29.12, 29.12, 29.11, 29.1, 29.08, 29.05, 28.8, 28.8, 28.79, 28.77, 29.31, 29.47, 29.6, 29.77, 29.71, 29.69, 29.66, 29.65, 29.66, 29.66], [29.14, 29.13, 29.13, 29.12, 29.1, 29.06, 28.88, 28.75, 28.73, 28.85, 28.9, 29.36, 29.74, 29.75, 29.7, 29.67, 29.64, 29.63, 29.64, 29.65], [29.16, 29.16, 29.16, 29.16, 29.14, 28.98, 28.9, 28.8, 28.75, 28.81, 28.74, 29.36, 29.37, 29.75, 29.64, 29.65, 29.63, 29.62, 29.63, 29.64], [29.04, 29.05, 29.2, 29.21, 29.21, 29.18, 29.08, 28.87, 28.67, 28.87, 29.02, 29.18, 29.26, 29.16, 29.64, 29.65, 29.64, 29.63, 29.64, 29.64], [29.5, 29.5, 29.5, 29.13, 29.18, 29.32, 29.22, 29.08, 28.64, 28.65, 29.27, 29.08, 29.14, 29.12, 29.64, 29.66, 29.65, 29.64, 29.64, 29.65], [29.5, 29.5, 29.5, 29.5, 29.5, 29.5, 29.5, 29.5, 29.22, 28.67, 28.6, 29.02, 29.07, 29.07, 29.64, 29.66, 29.65, 29.65, 29.65, 29.65], [29.5, 29.5, 29.5, 29.5, 29.5, 29.5, 29.5, 29.5, 29.5, -999.0, 28.6, 29.7, 29.7, 29.04, 29.64, 29.66, 29.66, 28.92, 28.93, 28.94], [29.5, 29.5, 29.5, 29.5, 29.5, 29.5, 29.5, 29.5, 29.5, 29.5, -999.0, 29.7, 29.7, 28.85, 29.22, 29.16, 29.17, 29.02, 29.05, 29.06], [29.5, 29.5, 29.5, 29.5, 29.5, 29.5, 29.5, 29.5, 29.5, 29.5, -999.0, 28.4, 28.4, 28.4, 29.11, 29.06, 29.08, 28.93, 28.96, 28.99], [29.5, 29.5, 29.5, 29.5, 29.5, 29.5, 29.5, 29.2, 29.2, 29.2, 29.2, 28.89, 28.4, 28.4, 28.4, 28.95, 28.99, 28.85, 28.89, 28.93], [29.5, 29.5, 29.31, 29.31, 29.3, 29.2, 29.2, 29.2, 29.2, 29.2, 28.7, 28.75, 28.68, 28.61, 28.69, 28.66, 28.7, 28.63, 28.9, 28.94], [29.31, 29.31, 29.39, 29.39, 29.2, 29.2, 29.2, 29.2, 29.2, 29.2, 28.86, 28.76, 28.65, 28.56, 28.57, 28.52, 28.57, 28.6, 28.62, 28.64], [29.39, 29.39, 29.38, 29.38, 29.2, 29.2, 29.2, 29.2, 29.2, 29.0, 28.89, 28.77, 28.64, 28.58, 28.43, 28.51, 28.57, 28.61, 28.63, 28.65], [29.39, 29.38, 29.38, 29.2, 29.2, 29.2, 29.2, 29.2, 29.13, 29.04, 29.03, 28.93, 28.75, 28.64, 28.5, 28.55, 28.6, 28.63, 28.65, 28.67], [29.38, 29.38, 29.37, 29.36, 29.35, 29.34, 29.31, 29.25, 29.16, 29.11, 29.05, 28.97, 28.79, 28.73, 28.58, 28.61, 28.64, 28.67, 28.68, 28.68], [29.38, 29.38, 29.37, 29.32, 29.32, 29.31, 29.3, 29.29, 29.15, 29.12, 29.08, 29.02, 28.84, 28.64, 28.65, 28.67, 28.7, 28.71, 28.71, 28.7], [29.34, 29.34, 29.34, 29.33, 29.33, 29.33, 29.33, 29.32, 29.17, 29.15, 29.12, 29.07, 28.98, 28.68, 28.7, 28.73, 28.76, 28.75, 28.73, 28.72], [29.35, 29.35, 29.35, 29.33, 29.34, 29.34, 29.34, 29.35, 29.36, 29.37, 29.37, 29.31, 29.07, 28.71, 28.74, 28.78, 28.83, 28.79, 28.75, 28.73], [29.34, 29.34, 29.34, 29.34, 29.35, 29.35, 29.36, 29.38, 29.4, 29.41, 29.4, 29.35, 29.08, 29.01, 28.95, 28.8, 28.95, 28.77, 28.74, 28.73], [29.34, 29.34, 29.34, 29.35, 29.35, 29.36, 29.37, 29.4, 29.43, 29.46, 29.42, 29.36, 29.32, 29.02, 28.95, 28.89, 28.73, 28.66, 28.71, 28.72], [29.34, 29.34, 29.35, 29.35, 29.36, 29.36, 29.38, 29.4, 29.43, 29.45, 29.4, 29.36, 29.33, 29.02, 28.95, 28.86, 28.81, 28.79, 28.71, 28.72], [29.34, 29.34, 29.35, 29.35, 29.36, 29.36, 29.37, 29.39, 29.4, 29.4, 29.37, 29.35, 29.32, 28.98, 28.93, 28.89, 28.85, 28.84, 28.84, 28.85], [29.34, 29.35, 29.35, 29.35, 29.36, 29.36, 29.37, 29.37, 29.37, 29.35, 29.34, 29.24, 29.19, 29.12, 28.96, 28.92, 28.89, 28.87, 28.87, 28.87], [29.34, 29.35, 29.35, 29.35, 29.35, 29.36, 29.36, 29.36, 29.35, 29.32, 29.29, 29.25, 29.2, 29.14, 28.98, 28.94, 28.92, 28.9, 28.89, 28.89], [29.34, 29.35, 29.35, 29.35, 29.35, 29.35, 29.35, 29.35, 29.26, 29.27, 29.27, 29.24, 29.2, 29.15, 29.0, 28.96, 28.94, 28.92, 28.91, 28.91], [29.34, 29.35, 29.35, 29.35, 29.35, 29.35, 29.35, 29.35, 29.24, 29.25, 29.24, 29.22, 29.19, 29.15, 29.01, 28.98, 28.96, 28.94, 28.93, 28.92], [29.34, 29.35, 29.35, 29.35, 29.35, 29.35, 29.35, 29.23, 29.23, 29.23, 29.22, 29.21, 29.18, 29.15, 29.01, 28.99, 28.97, 28.95, 28.94, 28.93]]}]