gis_exercise/awsData/contour/wdir_2023091121.json
[{"header": {"refTime": "2023-09-11T21:00:00.000Z", "nx": 21, "ny": 33, "lo1": 113.509, "la1": 22.2235, "lo2": 113.5947, "la2": 22.1034, "dx": 0.0042850000000001385, "dy": 0.003753125000000024, "parameterCategory": 2, "parameterCategoryName": "Temperature", "parameterNumber": 2}, "data": [-1.55, -1.55, -1.55, -1.58, -1.57, -1.61, -1.59, -1.56, -1.55, -1.5, -1.53, -1.57, -1.64, -1.66, -2.73, -2.87, -3.13, -3.22, -3.28, -3.33, -1.56, -1.55, -1.55, -1.54, -1.57, -1.55, -1.57, -1.52, -1.49, -1.47, -1.53, -1.58, -1.66, -1.68, -2.75, -3.04, -3.18, -3.29, -3.36, -3.4, -1.56, -1.56, -1.56, -1.55, -1.58, -1.56, -1.52, -1.49, -1.35, -1.45, -1.54, -1.6, -1.69, -1.71, -2.87, -3.08, -3.26, -3.4, -3.47, -3.5, -1.56, -1.56, -1.56, -1.56, -1.56, -1.58, -1.55, -1.5, -1.44, -1.49, -1.57, -1.65, -1.74, -1.79, -2.84, -3.14, -3.4, -3.56, -3.63, -3.63, -1.57, -1.57, -1.57, -1.57, -1.57, -1.62, -1.6, -1.58, -1.57, -1.54, -1.61, -1.79, -1.83, -1.8, -2.86, -3.28, -3.63, -3.82, -3.84, -3.78, -1.57, -1.57, -1.57, -1.58, -1.59, -1.61, -1.67, -1.68, -1.67, -1.65, -1.74, -1.77, -1.8, -2.41, -2.94, -3.49, -4.01, -4.24, -4.12, -3.94, -2.08, -1.57, -1.58, -1.58, -1.6, -1.63, -1.75, -1.77, -1.77, -1.77, -1.72, -1.75, -2.48, -2.61, -3.05, -3.7, -4.55, -4.86, -4.81, -4.62, -2.08, -2.07, -2.04, -2.23, -2.21, -1.68, -1.74, -1.84, -1.94, -1.76, -1.65, -2.29, -2.45, -2.86, -3.98, -4.39, -4.89, -5.07, -4.8, -4.62, -2.09, -2.07, -2.03, -1.99, -2.15, -2.15, -2.22, -1.77, -2.23, -1.78, -2.45, -2.85, -3.53, -3.2, -4.01, -4.29, -4.58, -4.71, -4.65, -4.55, -2.63, -2.59, -2.53, -1.97, -1.88, -1.98, -2.19, -2.42, -2.53, -2.43, -2.78, -3.23, -3.82, -3.37, -4.04, -4.21, -4.38, -4.48, -4.5, -4.46, -2.64, -2.6, -2.54, -2.42, -2.18, -1.48, -2.41, -2.94, -2.88, -2.77, -3.55, -3.12, -3.3, -3.23, -4.05, -4.16, -4.27, -4.35, -4.38, -4.38, -2.66, -2.63, -2.58, -2.51, -2.39, -2.34, -2.72, -3.29, -3.54, -3.94, -3.62, -3.68, -3.69, -3.1, -4.05, -4.12, -4.2, -4.26, -4.26, -4.26, -2.69, -2.67, -2.65, -2.63, -2.65, -2.77, -2.99, -3.27, -3.45, -3.27, -3.97, -3.67, -3.66, -3.02, -2.96, -3.99, -4.01, -4.05, -4.08, -4.1, -2.72, -2.72, -2.72, -2.73, -2.79, -2.92, -3.08, -3.13, -3.21, -3.18, -3.92, -3.6, -3.51, -3.42, -2.79, -3.72, -3.77, -3.83, -3.89, -3.94, -2.75, -2.75, -2.77, -2.8, -2.85, -2.94, -3.01, -2.72, -2.64, -2.54, -2.44, -1.96, -3.28, -3.16, -3.08, -3.4, -3.5, -3.61, -3.71, -3.79, -2.77, -2.78, -1.61, -1.66, -1.72, -2.42, -2.39, -2.3, -2.21, -2.15, -1.74, -1.77, -1.78, -1.97, -2.0, -2.54, -2.62, -2.69, -2.96, -3.04, -1.51, -1.51, -1.52, -1.53, -2.18, -2.09, -1.95, -1.76, -1.65, -1.69, -1.47, -1.6, -1.69, -1.75, -1.65, -1.86, -1.88, -1.89, -1.89, -1.89, -1.45, -1.44, -1.43, -1.39, -1.96, -1.78, -1.5, -1.12, -0.93, -0.79, -1.06, -1.45, -1.62, -1.62, -1.8, -1.86, -1.88, -1.89, -1.9, -1.9, -1.4, -1.38, -1.34, -1.93, -1.78, -1.55, -1.17, -0.56, 0.06, -0.52, -0.84, -1.14, -1.36, -1.57, -1.86, -1.88, -1.89, -1.9, -1.9, -1.9, -1.36, -1.32, -1.62, -1.53, -1.41, -1.23, -0.95, -0.55, -0.2, -0.56, -0.91, -1.16, -1.33, -1.51, -1.89, -1.9, -1.91, -1.91, -1.91, -1.91, -1.7, -1.66, -1.61, -1.54, -1.44, -1.3, -1.12, -0.94, -0.7, -0.87, -1.08, -1.25, -1.34, -1.91, -1.91, -1.93, -1.94, -1.93, -1.92, -1.91, -1.7, -1.67, -1.62, -1.57, -1.5, -1.43, -1.35, -0.9, -1.12, -1.21, -1.31, -1.39, -2.32, -1.92, -1.94, -1.96, -1.98, -1.96, -1.93, -1.91, -1.71, -1.68, -1.65, -1.04, -1.06, -1.08, -1.13, -1.21, -1.31, -1.37, -1.36, -1.74, -2.22, -1.93, -1.95, -2.0, -2.05, -1.99, -1.92, -1.9, -1.06, -1.07, -1.09, -1.11, -1.15, -1.22, -1.32, -1.47, -1.67, -1.77, -1.65, -2.16, -2.23, -2.16, -2.11, -2.0, -2.24, -1.9, -1.87, -1.88, -1.09, -1.11, -1.13, -1.17, -1.22, -1.31, -1.44, -1.65, -1.99, -2.28, -1.88, -2.13, -2.09, -2.16, -2.09, -2.02, -1.83, -1.68, -1.82, -1.86, -1.11, -1.14, -1.17, -1.21, -1.27, -1.35, -1.48, -1.67, -1.98, -2.23, -2.18, -2.04, -2.0, -2.16, -2.08, -1.73, -1.73, -1.7, -1.83, -1.85, -1.13, -1.16, -1.19, -1.23, -1.28, -1.35, -1.44, -1.56, -1.68, -1.7, -1.9, -1.85, -1.88, -1.52, -1.61, -1.66, -1.69, -1.69, -1.69, -1.69, -1.15, -1.17, -1.2, -1.23, -1.27, -1.32, -1.38, -1.42, -1.42, -1.62, -1.51, -1.43, -1.48, -1.5, -1.54, -1.6, -1.64, -1.66, -1.67, -1.67, -1.15, -1.17, -1.2, -1.23, -1.26, -1.29, -1.31, -1.31, -1.24, -1.29, -0.98, -1.25, -1.39, -1.45, -1.49, -1.55, -1.6, -1.62, -1.64, -1.65, -1.16, -1.18, -1.2, -1.22, -1.24, -1.25, -1.26, -1.24, -1.37, -1.18, -1.06, -1.22, -1.35, -1.43, -1.45, -1.51, -1.56, -1.59, -1.61, -1.62, -1.16, -1.17, -1.19, -1.21, -1.22, -1.23, -1.22, -1.2, -1.38, -1.28, -1.24, -1.29, -1.36, -1.42, -1.43, -1.49, -1.53, -1.56, -1.58, -1.6, -1.16, -1.17, -1.18, -1.2, -1.2, -1.21, -1.2, -1.46, -1.41, -1.36, -1.34, -1.35, -1.39, -1.43, -1.42, -1.47, -1.51, -1.54, -1.56, -1.58]}, {"header": {"refTime": "2023-09-11T21:00:00.000Z", "nx": 21, "ny": 33, "lo1": 113.509, "la1": 22.2235, "lo2": 113.5947, "la2": 22.1034, "dx": 0.0042850000000001385, "dy": 0.003753125000000024, "parameterCategory": 2, "parameterCategoryName": "Temperature", "parameterNumber": 3}, "data": [0.32, 0.3, 0.28, 0.21, 0.17, 0.08, 0.03, -0.02, -0.03, -0.05, 0.02, 0.08, 0.33, 0.38, 0.57, 0.64, 1.21, 1.24, 1.27, 1.29, 0.34, 0.32, 0.29, 0.26, 0.18, 0.12, 0.0, -0.1, -0.16, -0.12, 0.01, 0.1, 0.35, 0.4, 0.59, 1.17, 1.22, 1.26, 1.29, 1.31, 0.35, 0.34, 0.32, 0.28, 0.2, 0.14, 0.04, -0.16, -0.42, -0.17, 0.03, 0.14, 0.39, 0.44, 1.09, 1.18, 1.25, 1.3, 1.33, 1.34, 0.38, 0.36, 0.35, 0.32, 0.28, 0.2, 0.12, -0.02, -0.14, -0.08, 0.1, 0.22, 0.44, 0.69, 1.08, 1.2, 1.29, 1.35, 1.37, 1.38, 0.4, 0.39, 0.38, 0.37, 0.35, 0.28, 0.25, 0.2, 0.18, 0.09, 0.2, 0.65, 0.53, 0.67, 1.09, 1.25, 1.36, 1.43, 1.44, 1.42, 0.43, 0.43, 0.43, 0.42, 0.42, 0.41, 0.38, 0.41, 0.42, 0.42, 0.77, 0.73, 0.65, 0.91, 1.15, 1.33, 1.48, 1.55, 1.52, 1.47, 0.9, 0.46, 0.47, 0.47, 0.48, 0.5, 0.8, 0.59, 0.62, 0.88, 0.88, 0.89, 1.11, 1.09, 1.24, 1.41, 1.64, 1.72, 1.61, 1.53, 0.9, 0.9, 0.89, 0.96, 0.96, 0.79, 0.81, 0.85, 0.92, 0.85, 0.73, 1.24, 1.33, 1.24, 1.61, 1.68, 1.78, 1.81, 1.76, 1.73, 0.9, 0.89, 0.89, 0.88, 0.94, 0.94, 0.96, 0.82, 0.92, 0.9, 1.08, 1.27, 1.4, 1.34, 1.6, 1.66, 1.72, 1.74, 1.73, 1.71, 1.02, 1.01, 0.99, 0.87, 0.85, 0.9, 0.95, 1.01, 0.98, 0.94, 1.18, 1.3, 1.41, 1.35, 1.59, 1.64, 1.68, 1.7, 1.7, 1.7, 1.02, 1.01, 1.0, 0.97, 0.92, 0.77, 0.97, 1.1, 1.11, 1.04, 1.21, 1.28, 1.32, 1.31, 1.6, 1.62, 1.65, 1.67, 1.68, 1.68, 1.02, 1.02, 1.01, 0.99, 0.96, 0.95, 1.04, 1.18, 1.25, 1.34, 1.23, 1.45, 1.46, 1.28, 1.6, 1.62, 1.64, 1.73, 1.74, 1.74, 1.03, 1.02, 1.02, 1.01, 1.01, 1.04, 1.08, 1.17, 1.22, 1.17, 1.34, 1.45, 1.45, 1.55, 1.56, 1.7, 1.71, 1.72, 1.73, 1.73, 1.03, 1.03, 1.03, 1.03, 1.04, 1.06, 1.08, 1.12, 1.15, 1.15, 1.32, 1.52, 1.54, 1.56, 1.58, 1.7, 1.71, 1.72, 1.72, 1.72, 1.04, 1.04, 1.04, 1.05, 1.06, 1.07, 1.08, 1.1, 1.1, 1.1, 1.09, 1.3, 1.56, 1.58, 1.59, 1.7, 1.71, 1.71, 1.72, 1.72, 1.05, 1.05, 0.87, 0.88, 0.89, 1.06, 1.05, 1.05, 1.04, 1.04, 1.24, 1.3, 1.37, 1.47, 1.5, 1.69, 1.7, 1.7, 1.78, 1.79, 0.86, 0.86, 0.87, 0.87, 1.03, 1.02, 1.01, 0.99, 0.97, 0.98, 1.2, 1.29, 1.39, 1.49, 1.6, 1.58, 1.53, 1.5, 1.47, 1.45, 0.86, 0.86, 0.86, 0.86, 1.01, 0.99, 0.95, 0.91, 0.88, 0.99, 1.1, 1.28, 1.4, 1.59, 1.69, 1.59, 1.53, 1.49, 1.46, 1.44, 0.86, 0.85, 0.85, 1.01, 0.99, 0.96, 0.91, 0.84, 0.79, 0.94, 0.71, 0.82, 1.46, 1.56, 1.6, 1.56, 1.51, 1.47, 1.44, 1.42, 0.85, 0.85, 0.41, 0.41, 0.42, 0.44, 0.48, 0.54, 0.64, 0.62, 0.64, 0.73, 1.44, 1.52, 1.53, 1.5, 1.47, 1.44, 1.42, 1.4, 0.36, 0.36, 0.36, 0.36, 0.36, 0.36, 0.38, 0.4, 0.5, 0.5, 0.53, 0.6, 1.43, 1.48, 1.47, 1.46, 1.43, 1.41, 1.39, 1.38, 0.32, 0.31, 0.3, 0.29, 0.28, 0.26, 0.25, 0.05, 0.32, 0.33, 0.37, 0.45, 0.9, 1.44, 1.43, 1.42, 1.41, 1.39, 1.36, 1.36, 0.29, 0.27, 0.25, -0.03, -0.04, -0.05, -0.07, -0.11, -0.17, -0.2, -0.19, 0.31, 0.49, 1.41, 1.4, 1.41, 1.44, 1.37, 1.33, 1.32, -0.04, -0.05, -0.06, -0.07, -0.09, -0.12, -0.17, -0.25, -0.36, -0.41, -0.35, 0.02, 0.44, 0.68, 0.9, 1.39, 1.58, 1.26, 1.26, 1.29, -0.06, -0.07, -0.08, -0.1, -0.13, -0.17, -0.24, -0.35, -0.52, -0.67, -0.47, -0.05, 0.2, 0.64, 0.85, 1.02, 1.19, 1.04, 1.21, 1.26, -0.07, -0.09, -0.1, -0.12, -0.15, -0.2, -0.26, -0.36, -0.52, -0.65, -0.32, -0.06, 0.16, 0.59, 0.78, 1.04, 1.05, 1.03, 1.22, 1.26, -0.09, -0.1, -0.11, -0.14, -0.16, -0.2, -0.25, -0.31, -0.38, -0.39, -0.17, -0.02, 0.14, 0.81, 0.91, 0.97, 1.0, 1.01, 1.01, 1.01, -0.09, -0.11, -0.12, -0.14, -0.16, -0.19, -0.22, -0.24, -0.25, -0.1, -0.04, -0.14, -0.1, -0.04, 0.84, 0.91, 0.95, 0.97, 0.98, 0.98, -0.1, -0.11, -0.12, -0.14, -0.16, -0.18, -0.19, -0.19, -0.17, -0.01, -0.02, -0.08, -0.08, -0.04, 0.78, 0.85, 0.9, 0.93, 0.95, 0.95, -0.1, -0.11, -0.12, -0.14, -0.15, -0.16, -0.17, -0.16, -0.14, -0.08, -0.04, -0.06, -0.07, -0.04, 0.74, 0.81, 0.86, 0.89, 0.91, 0.93, -0.1, -0.11, -0.12, -0.13, -0.14, -0.15, -0.15, -0.14, -0.12, -0.09, -0.07, -0.07, -0.06, -0.04, 0.71, 0.78, 0.83, 0.86, 0.89, 0.9, -0.1, -0.11, -0.12, -0.13, -0.13, -0.14, -0.14, -0.14, -0.12, -0.1, -0.09, -0.07, -0.06, -0.04, 0.7, 0.76, 0.8, 0.84, 0.86, 0.88]}, {"header": {"refTime": "2023-09-11T21:00:00.000Z", "nx": 21, "ny": 33, "lo1": 113.509, "la1": 22.2235, "lo2": 113.5947, "la2": 22.1034, "dx": 0.0042850000000001385, "dy": 0.003753125000000024, "parameterCategory": 0, "parameterCategoryName": "Temperature", "parameterNumber": 0}, "data": [[26.29, 26.29, 26.28, 26.05, 26.05, 26.29, 26.29, 26.28, 26.29, 26.19, 26.2, 26.21, 26.43, 26.44, 26.45, 26.46, 26.54, 26.54, 26.53, 26.53], [26.29, 26.29, 26.28, 26.28, 26.05, 26.07, 26.28, 26.27, 26.26, 26.19, 26.2, 26.22, 26.44, 26.46, 26.46, 26.54, 26.54, 26.53, 26.53, 26.53], [26.3, 26.29, 26.29, 26.28, 26.05, 26.06, 26.08, 26.25, 26.21, 26.19, 26.21, 26.24, 26.47, 26.48, 26.55, 26.54, 26.54, 26.53, 26.53, 26.53], [26.3, 26.3, 26.29, 26.29, 26.28, 26.06, 26.07, 26.1, 26.12, 26.18, 26.21, 26.28, 26.5, 26.38, 26.55, 26.54, 26.53, 26.53, 26.53, 26.53], [26.31, 26.3, 26.3, 26.29, 26.28, 26.05, 26.06, 26.06, 26.05, 26.14, 26.19, 26.38, 26.51, 26.41, 26.55, 26.54, 26.53, 26.53, 26.52, 26.52], [26.31, 26.31, 26.31, 26.3, 26.29, 26.28, 26.05, 26.04, 26.02, 25.97, 26.19, 26.32, 26.43, 26.57, 26.54, 26.53, 26.52, 26.52, 26.52, 26.52], [26.37, 26.32, 26.32, 26.32, 26.31, 26.3, 26.12, 26.06, 26.03, 25.98, 25.95, 26.23, 26.54, 26.55, 26.53, 26.53, 26.51, 26.51, 26.52, 26.52], [26.37, 26.37, 26.37, 26.37, 26.37, 26.18, 26.15, 26.14, 26.15, 25.94, 25.75, 26.22, 26.23, 26.55, 26.5, 26.5, 26.5, 26.5, 26.5, 26.5], [26.33, 26.33, 26.39, 26.39, 26.39, 26.38, 26.34, 26.14, 26.01, 26.01, 25.95, 26.08, 26.14, 26.06, 26.5, 26.5, 26.5, 26.5, 26.5, 26.5], [26.5, 26.5, 26.5, 26.36, 26.38, 26.43, 26.4, 26.34, 25.86, 25.89, 26.15, 26.0, 26.04, 26.02, 26.5, 26.5, 26.5, 26.5, 26.5, 26.5], [26.5, 26.5, 26.5, 26.5, 26.5, 26.5, 26.5, 26.5, 26.39, 25.99, 25.6, 25.94, 25.98, 25.99, 26.5, 26.5, 26.5, 26.5, 26.5, 26.5], [26.5, 26.5, 26.5, 26.5, 26.5, 26.5, 26.5, 26.5, 26.5, -999.0, 25.6, 26.5, 26.5, 25.96, 26.5, 26.5, 26.5, 25.99, 26.0, 26.0], [26.5, 26.5, 26.5, 26.5, 26.5, 26.5, 26.5, 26.5, 26.5, 26.5, -999.0, 26.5, 26.5, 25.91, 26.17, 26.17, 26.18, 26.07, 26.08, 26.09], [26.5, 26.5, 26.5, 26.5, 26.5, 26.5, 26.5, 26.5, 26.5, 26.5, -999.0, 25.6, 25.6, 25.6, 26.09, 26.1, 26.11, 26.0, 26.02, 26.04], [26.5, 26.5, 26.5, 26.5, 26.5, 26.5, 26.5, 26.7, 26.7, 26.7, 26.7, 26.28, 25.6, 25.6, 25.6, 26.01, 26.04, 25.94, 25.97, 25.99], [26.5, 26.5, 26.63, 26.63, 26.63, 26.7, 26.7, 26.7, 26.7, 26.7, 26.01, 26.09, 25.98, 25.89, 25.99, 25.86, 25.9, 25.83, 26.02, 26.05], [26.63, 26.63, 26.57, 26.57, 26.7, 26.7, 26.7, 26.7, 26.7, 26.7, 26.23, 26.09, 25.95, 25.81, 25.81, 25.77, 25.82, 25.87, 25.9, 25.92], [26.57, 26.57, 26.58, 26.58, 26.7, 26.7, 26.7, 26.7, 26.7, 26.42, 26.27, 26.11, 25.94, 25.82, 25.63, 25.75, 25.83, 25.88, 25.92, 25.94], [26.58, 26.58, 26.58, 26.7, 26.7, 26.7, 26.7, 26.7, 26.6, 26.49, 26.33, 26.19, 26.03, 25.89, 25.74, 25.8, 25.87, 25.91, 25.94, 25.96], [26.58, 26.58, 26.53, 26.54, 26.55, 26.56, 26.59, 26.65, 26.56, 26.46, 26.34, 26.22, 26.08, 26.0, 25.84, 25.88, 25.92, 25.96, 25.97, 25.98], [26.52, 26.52, 26.53, 26.58, 26.58, 26.59, 26.6, 26.61, 26.46, 26.41, 26.33, 26.24, 26.13, 25.91, 25.93, 25.96, 25.99, 26.01, 26.01, 26.01], [26.56, 26.56, 26.56, 26.57, 26.57, 26.57, 26.57, 26.6, 26.4, 26.37, 26.32, 26.26, 26.08, 25.97, 25.99, 26.03, 26.06, 26.06, 26.05, 26.04], [26.55, 26.55, 26.55, 26.59, 26.59, 26.58, 26.58, 26.57, 26.56, 26.55, 26.55, 26.46, 26.25, 26.01, 26.04, 26.08, 26.13, 26.11, 26.08, 26.05], [26.59, 26.59, 26.59, 26.59, 26.58, 26.57, 26.56, 26.54, 26.52, 26.51, 26.53, 26.45, 26.25, 26.23, 26.21, 26.11, 26.22, 26.12, 26.08, 26.06], [26.59, 26.59, 26.59, 26.58, 26.58, 26.57, 26.55, 26.53, 26.48, 26.45, 26.5, 26.46, 26.46, 26.23, 26.2, 26.18, 26.1, 26.06, 26.07, 26.06], [26.59, 26.59, 26.59, 26.58, 26.57, 26.57, 26.55, 26.53, 26.49, 26.46, 26.46, 26.48, 26.47, 26.23, 26.2, 26.23, 26.19, 26.17, 26.07, 26.06], [26.59, 26.59, 26.59, 26.58, 26.58, 26.57, 26.56, 26.55, 26.54, 26.53, 26.51, 26.51, 26.5, 26.35, 26.3, 26.26, 26.23, 26.21, 26.22, 26.22], [26.59, 26.59, 26.59, 26.58, 26.58, 26.58, 26.57, 26.57, 26.58, 26.56, 26.57, 26.51, 26.46, 26.41, 26.33, 26.29, 26.26, 26.24, 26.24, 26.24], [26.59, 26.59, 26.59, 26.59, 26.58, 26.58, 26.59, 26.59, 26.61, 26.61, 26.65, 26.56, 26.49, 26.43, 26.35, 26.32, 26.29, 26.27, 26.26, 26.26], [26.59, 26.59, 26.59, 26.59, 26.59, 26.59, 26.59, 26.6, 26.54, 26.59, 26.62, 26.56, 26.5, 26.44, 26.37, 26.34, 26.31, 26.29, 26.28, 26.28], [26.59, 26.59, 26.59, 26.59, 26.59, 26.59, 26.6, 26.61, 26.52, 26.55, 26.55, 26.53, 26.49, 26.45, 26.38, 26.35, 26.33, 26.31, 26.3, 26.29], [26.59, 26.59, 26.59, 26.59, 26.6, 26.6, 26.6, 26.49, 26.5, 26.52, 26.52, 26.5, 26.47, 26.44, 26.39, 26.36, 26.34, 26.32, 26.31, 26.3]]}]