gis_exercise/awsData/contour/wdir_2023090302.json
[{"header": {"refTime": "2023-09-03T02:00:00.000Z", "nx": 21, "ny": 33, "lo1": 113.509, "la1": 22.2235, "lo2": 113.5947, "la2": 22.1034, "dx": 0.0042850000000001385, "dy": 0.003753125000000024, "parameterCategory": 2, "parameterCategoryName": "Temperature", "parameterNumber": 2}, "data": [-2.65, -2.65, -2.64, -2.82, -2.8, -3.02, -2.96, -2.92, -2.91, -2.93, -3.04, -3.16, -2.99, -3.03, -4.91, -5.11, -5.22, -5.33, -5.41, -5.46, -2.65, -2.65, -2.65, -2.64, -2.8, -2.76, -2.92, -2.81, -2.75, -2.84, -3.03, -3.2, -3.06, -3.09, -4.96, -5.12, -5.29, -5.43, -5.53, -5.57, -2.66, -2.65, -2.65, -2.65, -2.82, -2.77, -2.7, -2.72, -2.41, -2.76, -3.07, -3.29, -3.19, -3.19, -4.91, -5.17, -5.41, -5.59, -5.69, -5.72, -2.66, -2.66, -2.66, -2.66, -2.66, -2.81, -2.76, -2.66, -2.56, -2.88, -3.18, -3.46, -3.41, -3.48, -4.9, -5.27, -5.61, -5.83, -5.91, -5.9, -2.66, -2.66, -2.67, -2.68, -2.68, -2.87, -2.85, -2.82, -2.8, -3.07, -3.3, -3.56, -3.9, -3.55, -4.91, -5.44, -5.93, -6.2, -6.22, -6.12, -2.66, -2.67, -2.67, -2.69, -2.71, -2.74, -2.95, -2.97, -2.98, -2.97, -3.19, -3.36, -3.6, -4.2, -4.96, -5.71, -6.48, -6.81, -6.62, -6.35, -3.99, -2.66, -2.67, -2.68, -2.71, -2.76, -3.04, -3.11, -3.13, -2.99, -2.89, -2.97, -3.92, -4.19, -4.99, -5.99, -7.27, -7.75, -7.76, -7.5, -4.0, -3.95, -3.88, -4.09, -4.04, -2.92, -3.02, -3.17, -3.27, -3.02, -2.99, -3.25, -3.38, -4.36, -5.91, -6.68, -7.6, -7.93, -7.43, -7.1, -4.02, -3.96, -3.88, -3.77, -3.92, -3.92, -4.05, -3.07, -4.11, -2.97, -3.83, -4.21, -5.22, -4.74, -5.95, -6.48, -7.02, -7.26, -7.15, -6.97, -5.33, -5.23, -5.07, -3.74, -3.51, -3.57, -4.02, -4.51, -4.85, -4.67, -4.24, -4.85, -5.74, -5.03, -6.01, -6.32, -6.65, -6.84, -6.86, -6.8, -5.36, -5.26, -5.1, -4.83, -4.23, -2.5, -4.74, -5.97, -5.58, -5.41, -6.26, -4.7, -4.95, -4.84, -6.03, -6.23, -6.44, -6.59, -6.65, -6.64, -5.42, -5.34, -5.23, -5.05, -4.77, -4.63, -5.54, -6.74, -7.24, -7.65, -6.52, -6.02, -5.9, -4.66, -6.02, -6.16, -6.31, -7.35, -7.37, -7.38, -5.49, -5.45, -5.41, -5.38, -5.43, -5.77, -6.34, -6.8, -7.1, -6.72, -7.54, -6.13, -5.97, -5.18, -5.16, -7.08, -7.12, -7.17, -7.21, -7.24, -5.57, -5.56, -5.58, -5.64, -5.81, -6.21, -6.79, -6.62, -6.67, -6.58, -7.52, -7.04, -6.9, -6.79, -5.17, -6.88, -6.93, -7.0, -7.06, -7.1, -5.64, -5.66, -5.7, -5.79, -5.96, -6.21, -6.42, -6.09, -5.89, -5.69, -5.51, -4.96, -6.74, -6.61, -6.52, -6.65, -6.73, -6.83, -6.91, -6.98, -5.7, -5.73, -3.68, -3.8, -3.95, -5.53, -5.48, -5.3, -5.11, -5.0, -4.53, -4.67, -4.82, -4.79, -4.92, -5.86, -5.9, -5.93, -6.35, -6.42, -3.47, -3.51, -3.54, -3.57, -5.07, -4.92, -4.66, -4.31, -4.1, -4.16, -4.04, -4.4, -4.72, -5.01, -4.91, -5.16, -5.04, -4.94, -4.86, -4.81, -3.39, -3.4, -3.39, -3.35, -4.67, -4.35, -3.83, -3.13, -2.78, -2.79, -3.39, -4.15, -4.63, -4.85, -5.42, -5.2, -5.03, -4.91, -4.83, -4.78, -3.31, -3.29, -3.24, -4.61, -4.34, -3.92, -3.23, -2.1, -1.02, -2.24, -2.85, -3.52, -4.14, -4.68, -5.23, -5.11, -4.96, -4.86, -4.79, -4.74, -3.24, -3.2, -3.99, -3.84, -3.61, -3.28, -2.77, -2.04, -1.49, -2.21, -2.94, -3.52, -4.02, -4.43, -5.01, -4.95, -4.86, -4.78, -4.72, -4.68, -4.12, -4.05, -3.96, -3.82, -3.64, -3.39, -3.06, -2.72, -2.43, -2.77, -3.21, -3.61, -3.96, -4.87, -4.86, -4.81, -4.75, -4.7, -4.65, -4.62, -4.11, -4.05, -3.97, -3.87, -3.74, -3.59, -3.44, -1.89, -3.16, -3.35, -3.58, -3.78, -5.54, -4.77, -4.75, -4.72, -4.69, -4.62, -4.57, -4.55, -4.12, -4.07, -4.01, -1.83, -1.9, -2.0, -2.14, -2.32, -2.52, -2.62, -2.53, -4.05, -4.79, -4.69, -4.67, -4.68, -4.73, -4.58, -4.47, -4.47, -1.73, -1.77, -1.82, -1.89, -1.99, -2.14, -2.38, -2.72, -3.16, -3.36, -3.02, -3.82, -4.8, -4.69, -4.61, -4.61, -5.04, -4.31, -4.31, -4.38, -1.73, -1.78, -1.83, -1.91, -2.03, -2.21, -2.49, -2.98, -3.81, -4.53, -3.45, -3.69, -3.58, -4.68, -4.56, -4.45, -4.14, -3.79, -4.18, -4.33, -1.73, -1.77, -1.82, -1.9, -2.01, -2.17, -2.43, -2.87, -3.65, -4.3, -3.8, -3.32, -3.25, -4.68, -4.55, -3.36, -3.5, -3.49, -4.22, -4.32, -1.71, -1.74, -1.79, -1.85, -1.93, -2.04, -2.19, -2.41, -2.65, -2.61, -2.78, -2.63, -2.77, -2.24, -2.7, -3.04, -3.23, -3.29, -3.29, -3.26, -1.69, -1.71, -1.74, -1.77, -1.81, -1.85, -1.88, -1.85, -1.66, -1.7, -1.33, -1.29, -1.65, -1.91, -2.38, -2.73, -2.96, -3.07, -3.11, -3.11, -1.66, -1.67, -1.68, -1.69, -1.69, -1.66, -1.59, -1.39, -0.96, -0.46, 0.63, -0.54, -1.25, -1.66, -2.11, -2.47, -2.71, -2.86, -2.93, -2.97, -1.62, -1.62, -1.62, -1.61, -1.58, -1.51, -1.38, -1.14, -0.99, -0.22, 0.27, -0.46, -1.1, -1.52, -1.91, -2.26, -2.51, -2.67, -2.77, -2.83, -1.59, -1.58, -1.57, -1.54, -1.49, -1.41, -1.27, -1.05, -1.07, -0.68, -0.53, -0.78, -1.16, -1.49, -1.8, -2.12, -2.35, -2.52, -2.63, -2.7, -1.56, -1.55, -1.52, -1.49, -1.43, -1.35, -1.22, -1.47, -1.24, -1.04, -0.97, -1.08, -1.3, -1.53, -1.76, -2.03, -2.24, -2.4, -2.51, -2.6]}, {"header": {"refTime": "2023-09-03T02:00:00.000Z", "nx": 21, "ny": 33, "lo1": 113.509, "la1": 22.2235, "lo2": 113.5947, "la2": 22.1034, "dx": 0.0042850000000001385, "dy": 0.003753125000000024, "parameterCategory": 2, "parameterCategoryName": "Temperature", "parameterNumber": 3}, "data": [-0.72, -0.69, -0.66, 0.11, 0.11, -0.17, -0.15, -0.14, -0.13, 0.09, 0.08, 0.07, -0.04, -0.05, -0.01, 0.01, 0.12, 0.14, 0.15, 0.16, -0.74, -0.71, -0.68, -0.63, 0.1, 0.1, -0.14, -0.11, -0.09, 0.08, 0.08, 0.06, -0.06, -0.06, -0.02, 0.1, 0.13, 0.15, 0.16, 0.17, -0.77, -0.74, -0.7, -0.66, 0.1, 0.09, 0.09, -0.08, 0.01, 0.08, 0.07, 0.03, -0.09, -0.09, 0.05, 0.1, 0.14, 0.17, 0.18, 0.19, -0.8, -0.77, -0.74, -0.7, -0.64, 0.09, 0.08, 0.08, 0.08, 0.1, 0.07, -0.01, -0.14, 0.04, 0.04, 0.11, 0.16, 0.19, 0.21, 0.21, -0.83, -0.82, -0.79, -0.75, -0.7, 0.08, 0.08, 0.08, 0.11, 0.15, 0.1, 0.01, -0.2, -0.01, 0.05, 0.14, 0.2, 0.23, 0.24, 0.23, -0.88, -0.87, -0.85, -0.83, -0.78, -0.71, 0.05, 0.05, 0.1, 0.19, 0.29, 0.12, -0.05, -0.05, 0.09, 0.18, 0.26, 0.29, 0.28, 0.26, -0.83, -0.93, -0.93, -0.92, -0.88, -0.81, -0.51, -0.03, 0.0, 0.31, 0.47, 0.32, 0.1, 0.07, 0.15, 0.23, 0.34, 0.38, 0.3, 0.25, -0.85, -0.87, -0.9, -1.08, -1.07, -0.75, -0.59, -0.43, -0.23, 0.34, 0.68, 0.46, 0.41, 0.16, 0.36, 0.38, 0.41, 0.43, 0.41, 0.4, -0.85, -0.89, -0.94, -1.0, -1.19, -1.15, -0.99, -0.53, -0.06, 0.28, 0.55, 0.43, 0.35, 0.39, 0.35, 0.37, 0.39, 0.4, 0.4, 0.39, -0.82, -0.86, -0.93, -1.06, -1.21, -1.42, -1.18, -0.91, -0.03, 0.07, 0.49, 0.41, 0.34, 0.38, 0.34, 0.36, 0.38, 0.38, 0.39, 0.38, -0.8, -0.84, -0.9, -1.02, -1.26, -1.97, -1.11, -0.7, -0.73, -0.01, 0.25, 0.43, 0.4, 0.4, 0.34, 0.35, 0.37, 0.37, 0.38, 0.38, -0.77, -0.8, -0.84, -0.91, -1.02, -1.08, -0.76, -0.48, -0.4, -0.02, 0.18, 0.12, 0.15, 0.42, 0.34, 0.35, 0.36, -0.14, -0.14, -0.14, -0.74, -0.75, -0.76, -0.76, -0.71, -0.53, -0.26, -0.34, -0.37, -0.44, 0.04, 0.09, 0.12, -0.22, -0.27, -0.27, -0.26, -0.25, -0.23, -0.22, -0.7, -0.7, -0.68, -0.63, -0.53, -0.28, 0.17, -0.22, -0.36, -0.42, 0.06, -0.46, -0.51, -0.56, -0.43, -0.42, -0.4, -0.37, -0.33, -0.31, -0.67, -0.65, -0.62, -0.57, -0.47, -0.32, -0.21, -0.31, -0.45, -0.55, -0.62, -1.25, -0.64, -0.71, -0.76, -0.6, -0.55, -0.49, -0.43, -0.39, -0.64, -0.62, -1.1, -1.05, -0.97, -0.47, -0.49, -0.58, -0.68, -0.74, -1.33, -1.34, -1.36, -1.27, -1.27, -0.23, -0.03, 0.17, 0.38, 0.51, -1.19, -1.17, -1.15, -1.12, -0.65, -0.7, -0.79, -0.92, -1.0, -1.0, -1.45, -1.42, -1.42, -1.43, -1.0, -0.73, -0.47, -0.27, -0.13, -0.04, -1.21, -1.2, -1.2, -1.2, -0.8, -0.9, -1.07, -1.3, -1.42, -1.51, -1.41, -1.49, -1.46, -1.03, -1.4, -0.81, -0.44, -0.21, -0.06, 0.02, -1.23, -1.24, -1.24, -0.82, -0.91, -1.04, -1.27, -1.63, -1.99, -1.68, -1.81, -1.72, -0.76, -0.84, -0.86, -0.58, -0.27, -0.06, 0.06, 0.12, -1.26, -1.27, -1.11, -1.16, -1.23, -1.34, -1.5, -1.71, -2.0, -1.9, -1.8, -1.72, -0.57, -0.49, -0.35, -0.19, 0.01, 0.15, 0.21, 0.23, -1.1, -1.12, -1.16, -1.2, -1.27, -1.35, -1.46, -1.56, -1.87, -1.82, -1.76, -1.7, -0.32, -0.04, 0.05, 0.21, 0.35, 0.4, 0.38, 0.34, -1.12, -1.15, -1.18, -1.23, -1.28, -1.34, -1.41, -1.49, -1.76, -1.73, -1.7, -1.67, 0.14, 0.22, 0.37, 0.58, 0.73, 0.69, 0.54, 0.43, -1.15, -1.17, -1.2, -1.3, -1.32, -1.34, -1.36, -1.36, -1.36, -1.33, -1.3, -0.32, 0.15, 0.39, 0.6, 0.92, 1.27, 0.97, 0.61, 0.46, -1.23, -1.23, -1.24, -1.25, -1.26, -1.26, -1.27, -1.27, -1.28, -1.27, -1.23, 0.19, 0.08, 0.37, 0.67, 1.02, 2.25, 0.71, 0.47, 0.42, -1.19, -1.2, -1.2, -1.2, -1.2, -1.19, -1.19, -1.21, -1.25, -1.29, -1.19, 0.06, 0.51, 0.29, 0.54, 0.7, 0.37, -0.27, 0.26, 0.35, -1.16, -1.16, -1.15, -1.15, -1.14, -1.13, -1.12, -1.13, -1.18, -1.24, -0.42, 0.03, 0.44, 0.21, 0.39, 0.67, 0.47, 0.32, 0.26, 0.32, -1.13, -1.12, -1.11, -1.1, -1.08, -1.06, -1.03, -1.01, -1.0, -0.96, -0.17, 0.1, 0.39, 0.6, 0.63, 0.61, 0.54, 0.48, 0.5, 0.55, -1.11, -1.09, -1.08, -1.05, -1.03, -0.99, -0.94, -0.88, -0.78, -0.07, 0.03, -0.6, -0.74, -0.86, 0.58, 0.58, 0.56, 0.54, 0.55, 0.57, -1.08, -1.06, -1.04, -1.02, -0.98, -0.93, -0.87, -0.78, -0.62, 0.07, -0.1, -0.42, -0.64, -0.79, 0.54, 0.56, 0.56, 0.56, 0.57, 0.58, -1.06, -1.04, -1.02, -0.99, -0.95, -0.89, -0.82, -0.72, -0.52, -0.32, -0.2, -0.4, -0.6, -0.74, 0.52, 0.54, 0.56, 0.56, 0.57, 0.58, -1.04, -1.02, -1.0, -0.96, -0.92, -0.87, -0.8, -0.71, -0.55, -0.45, -0.42, -0.5, -0.62, -0.73, 0.5, 0.53, 0.55, 0.56, 0.57, 0.58, -1.03, -1.01, -0.98, -0.95, -0.91, -0.86, -0.8, -0.66, -0.6, -0.55, -0.55, -0.59, -0.66, -0.74, 0.5, 0.53, 0.55, 0.56, 0.57, 0.58]}, {"header": {"refTime": "2023-09-03T02:00:00.000Z", "nx": 21, "ny": 33, "lo1": 113.509, "la1": 22.2235, "lo2": 113.5947, "la2": 22.1034, "dx": 0.0042850000000001385, "dy": 0.003753125000000024, "parameterCategory": 0, "parameterCategoryName": "Temperature", "parameterNumber": 0}, "data": [[26.72, 26.72, 26.73, 26.51, 26.53, 26.8, 26.82, 26.84, 26.85, 26.76, 26.74, 26.71, 26.86, 26.86, 26.9, 26.9, 26.78, 26.78, 26.78, 26.78], [26.72, 26.72, 26.73, 26.74, 26.53, 26.57, 26.82, 26.86, 26.89, 26.8, 26.75, 26.72, 26.86, 26.85, 26.9, 26.79, 26.78, 26.78, 26.78, 26.78], [26.71, 26.72, 26.72, 26.73, 26.52, 26.56, 26.63, 26.88, 26.97, 26.82, 26.74, 26.72, 26.86, 26.85, 26.79, 26.79, 26.79, 26.78, 26.78, 26.78], [26.71, 26.71, 26.71, 26.72, 26.72, 26.53, 26.58, 26.67, 26.75, 26.77, 26.71, 26.72, 26.86, 26.63, 26.8, 26.79, 26.79, 26.78, 26.78, 26.78], [26.7, 26.7, 26.7, 26.7, 26.7, 26.48, 26.5, 26.53, 26.53, 26.65, 26.64, 26.65, 26.79, 26.67, 26.8, 26.79, 26.78, 26.78, 26.78, 26.78], [26.7, 26.7, 26.69, 26.69, 26.68, 26.67, 26.42, 26.41, 26.38, 26.33, 26.43, 26.57, 26.69, 26.8, 26.78, 26.78, 26.79, 26.79, 26.78, 26.78], [26.58, 26.69, 26.69, 26.68, 26.67, 26.64, 26.32, 26.34, 26.3, 26.17, 26.16, 26.45, 26.73, 26.75, 26.77, 26.78, 26.79, 26.79, 26.82, 26.82], [26.59, 26.59, 26.59, 26.59, 26.58, 26.4, 26.35, 26.3, 26.27, 26.15, 26.01, 26.38, 26.39, 26.75, 26.73, 26.7, 26.75, 26.76, 26.74, 26.72], [26.51, 26.52, 26.61, 26.62, 26.62, 26.6, 26.54, 26.33, 26.17, 26.19, 26.17, 26.27, 26.32, 26.26, 26.72, 26.7, 26.72, 26.73, 26.73, 26.72], [26.8, 26.8, 26.8, 26.57, 26.6, 26.69, 26.63, 26.54, 26.07, 26.09, 26.33, 26.21, 26.25, 26.23, 26.72, 26.69, 26.7, 26.71, 26.71, 26.71], [26.8, 26.8, 26.8, 26.8, 26.8, 26.8, 26.8, 26.8, 26.62, 26.16, 25.9, 26.17, 26.2, 26.2, 26.72, 26.68, 26.69, 26.7, 26.7, 26.7], [26.8, 26.8, 26.8, 26.8, 26.8, 26.8, 26.8, 26.8, 26.8, -999.0, 25.9, 26.6, 26.6, 26.18, 26.72, 26.67, 26.68, 26.06, 26.08, 26.08], [26.8, 26.8, 26.8, 26.8, 26.8, 26.8, 26.8, 26.8, 26.8, 26.8, -999.0, 26.6, 26.6, 25.88, 26.2, 26.33, 26.34, 26.18, 26.2, 26.21], [26.8, 26.8, 26.8, 26.8, 26.8, 26.8, 26.8, 26.8, 26.8, 26.8, -999.0, 25.5, 25.5, 25.5, 26.1, 26.22, 26.24, 26.08, 26.11, 26.14], [26.8, 26.8, 26.8, 26.8, 26.8, 26.8, 26.8, 26.6, 26.6, 26.6, 26.6, 26.18, 25.5, 25.5, 25.5, 26.1, 26.13, 25.98, 26.03, 26.07], [26.8, 26.8, 26.67, 26.67, 26.67, 26.6, 26.6, 26.6, 26.6, 26.6, 25.91, 25.99, 25.88, 25.79, 25.89, 25.9, 25.96, 25.86, 26.14, 26.18], [26.67, 26.67, 26.73, 26.73, 26.6, 26.6, 26.6, 26.6, 26.6, 26.6, 26.13, 25.99, 25.85, 25.71, 25.75, 25.73, 25.81, 25.87, 25.91, 25.94], [26.73, 26.73, 26.72, 26.72, 26.6, 26.6, 26.6, 26.6, 26.6, 26.32, 26.17, 26.01, 25.84, 25.76, 25.54, 25.7, 25.82, 25.89, 25.94, 25.96], [26.72, 26.72, 26.72, 26.6, 26.6, 26.6, 26.6, 26.6, 26.5, 26.39, 26.26, 26.13, 26.0, 25.85, 25.69, 25.77, 25.87, 25.93, 25.97, 25.99], [26.72, 26.72, 26.54, 26.55, 26.55, 26.55, 26.56, 26.58, 26.49, 26.39, 26.28, 26.16, 26.07, 25.99, 25.84, 25.89, 25.95, 25.99, 26.02, 26.03], [26.54, 26.54, 26.54, 26.56, 26.56, 26.56, 26.57, 26.57, 26.41, 26.36, 26.29, 26.2, 26.14, 25.93, 25.96, 26.0, 26.04, 26.06, 26.07, 26.06], [26.55, 26.55, 26.55, 26.56, 26.56, 26.56, 26.56, 26.58, 26.37, 26.34, 26.3, 26.24, 26.18, 26.01, 26.05, 26.1, 26.14, 26.14, 26.12, 26.1], [26.55, 26.55, 26.55, 26.59, 26.59, 26.58, 26.58, 26.58, 26.57, 26.57, 26.57, 26.56, 26.36, 26.06, 26.11, 26.18, 26.25, 26.21, 26.15, 26.12], [26.59, 26.59, 26.59, 26.59, 26.59, 26.58, 26.58, 26.57, 26.56, 26.55, 26.56, 26.57, 26.36, 26.34, 26.32, 26.22, 26.42, 26.2, 26.15, 26.12], [26.59, 26.59, 26.59, 26.59, 26.59, 26.58, 26.58, 26.56, 26.54, 26.53, 26.55, 26.57, 26.59, 26.33, 26.31, 26.29, 26.15, 26.07, 26.12, 26.12], [26.59, 26.59, 26.59, 26.59, 26.59, 26.59, 26.58, 26.57, 26.55, 26.53, 26.56, 26.58, 26.59, 26.33, 26.3, 26.3, 26.25, 26.22, 26.12, 26.11], [26.6, 26.6, 26.59, 26.59, 26.59, 26.59, 26.59, 26.58, 26.58, 26.58, 26.59, 26.6, 26.6, 26.41, 26.37, 26.33, 26.29, 26.28, 26.28, 26.29], [26.6, 26.6, 26.6, 26.6, 26.6, 26.6, 26.6, 26.6, 26.61, 26.62, 26.63, 26.52, 26.47, 26.41, 26.39, 26.35, 26.33, 26.31, 26.31, 26.31], [26.6, 26.6, 26.6, 26.6, 26.6, 26.6, 26.61, 26.61, 26.63, 26.65, 26.65, 26.56, 26.49, 26.43, 26.41, 26.38, 26.35, 26.34, 26.33, 26.33], [26.6, 26.6, 26.6, 26.6, 26.6, 26.61, 26.61, 26.62, 26.55, 26.6, 26.62, 26.56, 26.5, 26.45, 26.43, 26.4, 26.37, 26.36, 26.35, 26.34], [26.6, 26.6, 26.6, 26.6, 26.61, 26.61, 26.61, 26.62, 26.54, 26.56, 26.56, 26.54, 26.49, 26.45, 26.44, 26.41, 26.39, 26.37, 26.36, 26.36], [26.6, 26.6, 26.6, 26.61, 26.61, 26.61, 26.62, 26.5, 26.52, 26.53, 26.52, 26.51, 26.48, 26.45, 26.44, 26.42, 26.4, 26.38, 26.37, 26.37]]}]