gis_exercise/awsData/contour/wdir_2023091022.json
[{"header": {"refTime": "2023-09-10T22:00:00.000Z", "nx": 21, "ny": 33, "lo1": 113.509, "la1": 22.2235, "lo2": 113.5947, "la2": 22.1034, "dx": 0.0042850000000001385, "dy": 0.003753125000000024, "parameterCategory": 2, "parameterCategoryName": "Temperature", "parameterNumber": 2}, "data": [-2.26, -2.26, -2.25, -2.26, -2.24, -2.58, -2.54, -2.51, -2.51, -2.52, -2.62, -2.73, -3.11, -3.18, -4.01, -4.14, -4.68, -4.74, -4.78, -4.81, -2.27, -2.26, -2.26, -2.25, -2.25, -2.22, -2.5, -2.41, -2.36, -2.44, -2.62, -2.78, -3.18, -3.24, -4.07, -4.62, -4.72, -4.79, -4.84, -4.87, -2.27, -2.27, -2.26, -2.25, -2.26, -2.23, -2.19, -2.33, -2.06, -2.37, -2.65, -2.87, -3.28, -3.33, -4.5, -4.64, -4.77, -4.87, -4.92, -4.94, -2.28, -2.28, -2.27, -2.27, -2.26, -2.26, -2.22, -2.16, -2.11, -2.47, -2.76, -3.04, -3.45, -3.5, -4.49, -4.69, -4.87, -4.98, -5.03, -5.03, -2.29, -2.29, -2.28, -2.28, -2.28, -2.29, -2.28, -2.26, -2.24, -2.61, -2.85, -3.51, -3.73, -3.55, -4.5, -4.78, -5.03, -5.17, -5.18, -5.14, -2.29, -2.29, -2.3, -2.3, -2.3, -2.31, -2.34, -2.35, -2.35, -2.33, -3.2, -3.41, -3.59, -4.28, -4.55, -4.93, -5.3, -5.46, -5.38, -5.25, -3.35, -2.3, -2.3, -2.31, -2.32, -2.34, -2.46, -2.44, -2.45, -2.68, -2.71, -3.24, -4.3, -4.42, -4.61, -5.08, -5.69, -5.91, -5.97, -5.86, -3.36, -3.32, -3.27, -3.39, -3.35, -2.42, -2.46, -2.53, -2.67, -2.63, -2.49, -3.76, -4.03, -4.62, -5.4, -5.67, -5.98, -6.1, -5.93, -5.81, -3.38, -3.34, -3.28, -3.2, -3.29, -3.28, -3.34, -2.48, -3.2, -2.71, -3.69, -4.31, -5.07, -4.7, -5.45, -5.62, -5.79, -5.87, -5.83, -5.77, -4.42, -4.34, -4.23, -3.2, -3.03, -3.07, -3.37, -3.68, -3.78, -3.63, -4.12, -4.68, -5.34, -4.86, -5.5, -5.58, -5.67, -5.73, -5.74, -5.72, -4.44, -4.37, -4.25, -4.05, -3.62, -2.37, -3.99, -4.87, -4.49, -4.23, -5.14, -4.55, -4.76, -4.69, -5.51, -5.55, -5.61, -5.65, -5.67, -5.67, -4.48, -4.43, -4.35, -4.22, -4.01, -3.91, -4.57, -5.42, -5.77, -6.2, -5.32, -5.57, -5.53, -4.54, -5.5, -5.53, -5.57, -5.45, -5.44, -5.43, -4.54, -4.51, -4.48, -4.46, -4.5, -4.75, -5.16, -5.47, -5.68, -5.41, -6.17, -5.6, -5.54, -4.56, -4.49, -5.24, -5.24, -5.26, -5.28, -5.29, -4.59, -4.59, -4.6, -4.65, -4.78, -5.07, -5.51, -5.36, -5.38, -5.31, -6.15, -5.39, -5.23, -5.09, -4.28, -4.97, -5.0, -5.05, -5.1, -5.14, -4.64, -4.66, -4.69, -4.76, -4.88, -5.07, -5.22, -5.01, -4.87, -4.73, -4.61, -3.66, -4.96, -4.77, -4.66, -4.65, -4.73, -4.83, -4.93, -5.0, -4.69, -4.71, -3.3, -3.38, -3.49, -4.63, -4.59, -4.47, -4.33, -4.25, -3.43, -3.4, -3.35, -3.31, -3.33, -3.93, -4.03, -4.12, -4.23, -4.32, -3.15, -3.17, -3.2, -3.23, -4.31, -4.2, -4.02, -3.78, -3.63, -3.67, -3.09, -3.17, -3.2, -3.18, -2.96, -3.15, -3.19, -3.21, -3.23, -3.24, -3.1, -3.1, -3.1, -3.07, -4.02, -3.8, -3.44, -2.96, -2.71, -2.41, -2.66, -2.99, -3.09, -2.93, -3.05, -3.15, -3.19, -3.22, -3.24, -3.25, -3.04, -3.03, -3.0, -3.98, -3.8, -3.5, -3.02, -2.23, -1.42, -2.08, -2.11, -2.38, -2.73, -2.91, -3.14, -3.18, -3.22, -3.24, -3.25, -3.26, -2.99, -2.97, -3.26, -3.16, -3.02, -2.81, -2.49, -2.04, -1.55, -1.86, -2.16, -2.39, -2.73, -2.9, -3.21, -3.23, -3.26, -3.27, -3.28, -3.27, -3.32, -3.27, -3.21, -3.12, -2.99, -2.83, -2.62, -2.41, -1.97, -2.11, -2.3, -2.45, -2.77, -3.25, -3.27, -3.29, -3.31, -3.31, -3.3, -3.28, -3.29, -3.24, -3.18, -3.11, -3.02, -2.91, -2.79, -2.08, -2.31, -2.39, -2.48, -2.55, -3.58, -3.29, -3.32, -3.36, -3.39, -3.36, -3.32, -3.29, -3.27, -3.23, -3.18, -2.18, -2.2, -2.22, -2.26, -2.32, -2.41, -2.46, -2.44, -2.99, -3.44, -3.31, -3.35, -3.43, -3.52, -3.42, -3.31, -3.28, -2.19, -2.2, -2.22, -2.24, -2.27, -2.32, -2.41, -2.54, -2.7, -2.78, -2.68, -3.29, -3.43, -3.43, -3.44, -3.44, -3.82, -3.3, -3.24, -3.25, -2.22, -2.23, -2.25, -2.28, -2.33, -2.4, -2.5, -2.68, -2.96, -3.2, -2.86, -3.24, -3.27, -3.41, -3.4, -3.38, -3.18, -2.96, -3.17, -3.22, -2.24, -2.25, -2.28, -2.31, -2.36, -2.43, -2.53, -2.69, -2.95, -3.15, -3.2, -3.14, -3.18, -3.4, -3.37, -3.08, -3.07, -3.03, -3.18, -3.21, -2.25, -2.27, -2.29, -2.32, -2.37, -2.42, -2.5, -2.59, -2.69, -2.71, -2.97, -2.96, -3.04, -2.82, -2.93, -3.0, -3.02, -3.02, -3.03, -3.03, -2.26, -2.28, -2.3, -2.33, -2.36, -2.4, -2.44, -2.47, -2.46, -2.7, -2.61, -2.46, -2.51, -2.54, -2.84, -2.92, -2.97, -2.99, -3.0, -3.0, -2.26, -2.28, -2.3, -2.32, -2.34, -2.37, -2.38, -2.37, -2.31, -2.39, -2.06, -2.3, -2.43, -2.49, -2.78, -2.86, -2.91, -2.95, -2.96, -2.97, -2.27, -2.28, -2.29, -2.31, -2.32, -2.34, -2.33, -2.31, -2.41, -2.24, -2.14, -2.28, -2.4, -2.47, -2.73, -2.81, -2.87, -2.91, -2.93, -2.94, -2.26, -2.28, -2.29, -2.3, -2.31, -2.31, -2.31, -2.28, -2.42, -2.33, -2.3, -2.34, -2.41, -2.46, -2.7, -2.78, -2.83, -2.87, -2.9, -2.92, -2.26, -2.27, -2.28, -2.29, -2.29, -2.3, -2.29, -2.49, -2.44, -2.4, -2.38, -2.4, -2.43, -2.47, -2.69, -2.76, -2.81, -2.85, -2.87, -2.89]}, {"header": {"refTime": "2023-09-10T22:00:00.000Z", "nx": 21, "ny": 33, "lo1": 113.509, "la1": 22.2235, "lo2": 113.5947, "la2": 22.1034, "dx": 0.0042850000000001385, "dy": 0.003753125000000024, "parameterCategory": 2, "parameterCategoryName": "Temperature", "parameterNumber": 3}, "data": [0.37, 0.35, 0.33, 0.48, 0.44, 0.42, 0.36, 0.3, 0.28, 0.35, 0.47, 0.59, 0.87, 0.94, 1.4, 1.51, 2.24, 2.28, 2.32, 2.34, 0.38, 0.36, 0.34, 0.31, 0.45, 0.38, 0.31, 0.18, 0.11, 0.25, 0.46, 0.62, 0.92, 0.99, 1.45, 2.18, 2.26, 2.32, 2.36, 2.38, 0.39, 0.38, 0.36, 0.34, 0.47, 0.4, 0.28, 0.09, -0.26, 0.16, 0.49, 0.71, 1.01, 1.07, 2.08, 2.2, 2.3, 2.37, 2.41, 2.43, 0.41, 0.4, 0.39, 0.37, 0.34, 0.46, 0.37, 0.21, 0.06, 0.31, 0.62, 0.85, 1.13, 1.45, 2.06, 2.23, 2.37, 2.45, 2.49, 2.49, 0.42, 0.42, 0.42, 0.41, 0.4, 0.56, 0.52, 0.47, 0.44, 0.57, 0.77, 1.43, 1.38, 1.45, 2.07, 2.3, 2.48, 2.58, 2.6, 2.57, 0.44, 0.44, 0.45, 0.45, 0.46, 0.47, 0.67, 0.7, 0.73, 0.76, 1.45, 1.46, 1.44, 1.68, 2.14, 2.42, 2.68, 2.79, 2.73, 2.65, 1.35, 0.46, 0.47, 0.49, 0.51, 0.55, 1.0, 0.89, 0.94, 1.34, 1.39, 1.55, 1.81, 1.8, 2.23, 2.54, 2.94, 3.09, 2.88, 2.74, 1.35, 1.33, 1.3, 1.09, 1.09, 0.91, 0.98, 1.08, 1.23, 1.31, 1.28, 1.82, 1.91, 1.91, 2.5, 2.73, 3.03, 3.14, 2.98, 2.87, 1.36, 1.33, 1.29, 1.23, 1.03, 1.05, 1.12, 1.01, 1.33, 1.35, 1.66, 1.87, 2.01, 1.94, 2.45, 2.65, 2.83, 2.91, 2.88, 2.82, 1.61, 1.57, 1.51, 1.21, 1.09, 0.9, 1.05, 1.23, 1.47, 1.44, 1.78, 1.91, 2.03, 1.95, 2.43, 2.58, 2.7, 2.77, 2.78, 2.76, 1.63, 1.59, 1.54, 1.43, 1.2, 0.54, 1.34, 1.71, 1.48, 1.58, 1.84, 1.88, 1.92, 1.92, 2.43, 2.53, 2.62, 2.68, 2.71, 2.71, 1.66, 1.63, 1.6, 1.53, 1.43, 1.37, 1.67, 1.91, 1.98, 2.25, 1.88, 2.09, 2.1, 1.88, 2.44, 2.51, 2.58, 2.34, 2.35, 2.36, 1.69, 1.68, 1.68, 1.68, 1.72, 1.9, 2.15, 2.06, 2.01, 1.96, 2.29, 2.09, 2.09, 1.76, 1.73, 2.12, 2.16, 2.2, 2.23, 2.25, 1.73, 1.73, 1.75, 1.79, 1.9, 2.13, 2.56, 2.18, 2.04, 1.97, 2.31, 1.77, 1.72, 1.67, 1.62, 1.97, 2.02, 2.07, 2.11, 2.15, 1.76, 1.77, 1.8, 1.85, 1.95, 2.09, 2.2, 2.46, 2.39, 2.36, 2.34, 1.71, 1.62, 1.56, 1.51, 1.8, 1.86, 1.94, 2.0, 2.05, 1.78, 1.8, 1.88, 1.93, 1.99, 2.45, 2.44, 2.41, 2.38, 2.36, 1.78, 1.68, 1.55, 1.46, 1.41, 1.68, 1.8, 1.91, 2.32, 2.41, 1.86, 1.88, 1.91, 1.95, 2.41, 2.41, 2.39, 2.37, 2.35, 2.34, 1.78, 1.65, 1.49, 1.31, 1.4, 1.5, 1.7, 1.85, 1.96, 2.04, 1.88, 1.9, 1.93, 1.97, 2.39, 2.38, 2.36, 2.33, 2.31, 2.08, 1.95, 1.65, 1.45, 1.4, 1.0, 1.44, 1.72, 1.9, 2.01, 2.09, 1.9, 1.92, 1.94, 2.38, 2.37, 2.36, 2.33, 2.3, 2.21, 2.1, 1.59, 1.42, 1.79, 1.57, 1.4, 1.61, 1.84, 2.0, 2.1, 2.15, 1.91, 1.93, 2.01, 2.01, 2.02, 2.03, 2.05, 2.1, 1.96, 1.76, 1.56, 1.41, 1.94, 1.84, 1.77, 1.89, 2.05, 2.15, 2.21, 2.24, 1.96, 1.96, 1.96, 1.95, 1.95, 1.95, 1.96, 1.97, 1.69, 1.6, 1.48, 1.38, 2.09, 2.01, 2.07, 2.17, 2.28, 2.33, 2.34, 2.33, 1.92, 1.92, 1.9, 1.89, 1.87, 1.85, 1.83, 1.53, 1.48, 1.43, 1.37, 1.32, 1.75, 2.2, 2.29, 2.42, 2.52, 2.52, 2.46, 2.41, 1.89, 1.87, 1.85, 1.41, 1.41, 1.41, 1.39, 1.36, 1.32, 1.28, 1.28, 1.96, 2.07, 2.33, 2.45, 2.63, 2.81, 2.7, 2.55, 2.46, 1.38, 1.38, 1.37, 1.37, 1.35, 1.33, 1.29, 1.22, 1.14, 1.1, 1.14, 1.56, 2.01, 2.25, 2.48, 2.71, 3.22, 2.67, 2.54, 2.48, 1.36, 1.35, 1.34, 1.33, 1.3, 1.27, 1.21, 1.13, 0.99, 0.89, 1.03, 1.47, 1.73, 2.21, 2.42, 2.58, 2.55, 2.35, 2.47, 2.46, 1.34, 1.33, 1.32, 1.3, 1.27, 1.23, 1.17, 1.09, 0.98, 0.89, 1.19, 1.42, 1.66, 2.16, 2.34, 2.5, 2.5, 2.46, 2.46, 2.45, 1.32, 1.31, 1.29, 1.27, 1.24, 1.21, 1.16, 1.11, 1.05, 1.03, 1.26, 1.41, 1.6, 2.18, 2.31, 2.4, 2.44, 2.44, 2.45, 2.45, 1.31, 1.3, 1.28, 1.26, 1.23, 1.2, 1.16, 1.13, 1.1, 1.24, 1.27, 1.12, 1.17, 1.23, 2.22, 2.31, 2.37, 2.4, 2.41, 2.41, 1.3, 1.29, 1.27, 1.25, 1.23, 1.2, 1.17, 1.14, 1.12, 1.22, 1.1, 1.12, 1.16, 1.22, 2.13, 2.24, 2.3, 2.34, 2.36, 2.37, 1.29, 1.28, 1.26, 1.24, 1.22, 1.2, 1.18, 1.16, 1.1, 1.1, 1.11, 1.13, 1.17, 1.21, 2.08, 2.18, 2.25, 2.29, 2.32, 2.34, 1.29, 1.27, 1.26, 1.24, 1.22, 1.21, 1.19, 1.17, 1.12, 1.12, 1.13, 1.14, 1.17, 1.21, 2.05, 2.14, 2.2, 2.25, 2.28, 2.3, 1.28, 1.27, 1.26, 1.24, 1.23, 1.21, 1.19, 1.13, 1.13, 1.13, 1.14, 1.16, 1.18, 1.21, 2.03, 2.11, 2.17, 2.22, 2.25, 2.28]}, {"header": {"refTime": "2023-09-10T22:00:00.000Z", "nx": 21, "ny": 33, "lo1": 113.509, "la1": 22.2235, "lo2": 113.5947, "la2": 22.1034, "dx": 0.0042850000000001385, "dy": 0.003753125000000024, "parameterCategory": 0, "parameterCategoryName": "Temperature", "parameterNumber": 0}, "data": [[25.89, 25.88, 25.88, 25.64, 25.65, 25.87, 25.87, 25.86, 25.87, 25.8, 25.82, 25.83, 26.05, 26.07, 26.05, 26.06, 26.16, 26.16, 26.16, 26.16], [25.89, 25.89, 25.88, 25.87, 25.65, 25.66, 25.86, 25.85, 25.85, 25.8, 25.82, 25.84, 26.07, 26.08, 26.06, 26.17, 26.16, 26.16, 26.16, 26.16], [25.9, 25.89, 25.88, 25.88, 25.65, 25.66, 25.68, 25.84, 25.81, 25.8, 25.83, 25.87, 26.09, 26.1, 26.17, 26.17, 26.16, 26.16, 26.16, 26.15], [25.9, 25.9, 25.89, 25.88, 25.87, 25.65, 25.67, 25.69, 25.72, 25.8, 25.83, 25.9, 26.12, 26.02, 26.17, 26.16, 26.16, 26.15, 26.15, 26.15], [25.91, 25.9, 25.9, 25.89, 25.88, 25.64, 25.65, 25.65, 25.65, 25.77, 25.82, 26.02, 26.13, 26.05, 26.17, 26.16, 26.15, 26.15, 26.14, 26.15], [25.92, 25.91, 25.91, 25.9, 25.89, 25.87, 25.63, 25.63, 25.61, 25.57, 25.85, 25.97, 26.07, 26.2, 26.17, 26.15, 26.14, 26.13, 26.14, 26.14], [25.98, 25.93, 25.92, 25.92, 25.91, 25.89, 25.72, 25.62, 25.6, 25.61, 25.61, 25.9, 26.2, 26.2, 26.17, 26.15, 26.13, 26.12, 26.12, 26.12], [25.99, 25.99, 25.99, 25.99, 25.98, 25.8, 25.75, 25.7, 25.68, 25.58, 25.44, 25.92, 25.93, 26.2, 26.14, 26.15, 26.13, 26.12, 26.13, 26.14], [25.91, 25.92, 26.01, 26.02, 26.02, 26.0, 25.94, 25.73, 25.57, 25.64, 25.65, 25.78, 25.84, 25.76, 26.14, 26.15, 26.14, 26.13, 26.14, 26.14], [26.2, 26.2, 26.2, 25.97, 26.0, 26.09, 26.03, 25.94, 25.47, 25.49, 25.85, 25.7, 25.74, 25.72, 26.14, 26.16, 26.15, 26.14, 26.14, 26.15], [26.2, 26.2, 26.2, 26.2, 26.2, 26.2, 26.2, 26.2, 26.02, 25.56, 25.3, 25.64, 25.68, 25.69, 26.14, 26.16, 26.15, 26.15, 26.15, 26.15], [26.2, 26.2, 26.2, 26.2, 26.2, 26.2, 26.2, 26.2, 26.2, -999.0, 25.3, 26.2, 26.2, 25.66, 26.14, 26.16, 26.16, 25.59, 25.6, 25.6], [26.2, 26.2, 26.2, 26.2, 26.2, 26.2, 26.2, 26.2, 26.2, 26.2, -999.0, 26.2, 26.2, 25.55, 25.83, 25.77, 25.78, 25.67, 25.68, 25.69], [26.2, 26.2, 26.2, 26.2, 26.2, 26.2, 26.2, 26.2, 26.2, 26.2, -999.0, 25.2, 25.2, 25.2, 25.75, 25.7, 25.71, 25.6, 25.62, 25.64], [26.2, 26.2, 26.2, 26.2, 26.2, 26.2, 26.2, 26.3, 26.3, 26.3, 26.3, 25.88, 25.2, 25.2, 25.2, 25.61, 25.64, 25.54, 25.57, 25.59], [26.2, 26.2, 26.26, 26.26, 26.27, 26.3, 26.3, 26.3, 26.3, 26.3, 25.61, 25.69, 25.58, 25.49, 25.59, 25.46, 25.5, 25.43, 25.62, 25.65], [26.26, 26.26, 26.24, 26.24, 26.3, 26.3, 26.3, 26.3, 26.3, 26.3, 25.83, 25.69, 25.55, 25.41, 25.41, 25.39, 25.46, 25.52, 25.55, 25.58], [26.24, 26.24, 26.24, 26.24, 26.3, 26.3, 26.3, 26.3, 26.3, 26.02, 25.87, 25.71, 25.54, 25.42, 25.23, 25.37, 25.47, 25.53, 25.57, 25.6], [26.24, 26.24, 26.24, 26.3, 26.3, 26.3, 26.3, 26.3, 26.2, 26.09, 25.96, 25.83, 25.63, 25.49, 25.36, 25.43, 25.51, 25.57, 25.6, 25.62], [26.24, 26.24, 26.24, 26.25, 26.25, 26.25, 26.26, 26.28, 26.19, 26.09, 25.98, 25.86, 25.68, 25.6, 25.49, 25.53, 25.58, 25.62, 25.64, 25.65], [26.24, 26.24, 26.24, 26.26, 26.26, 26.26, 26.27, 26.27, 26.11, 26.06, 25.99, 25.9, 25.73, 25.56, 25.58, 25.62, 25.65, 25.67, 25.68, 25.68], [26.25, 26.25, 26.25, 26.26, 26.26, 26.26, 26.26, 26.27, 26.07, 26.04, 26.0, 25.94, 25.75, 25.63, 25.66, 25.69, 25.72, 25.73, 25.72, 25.71], [26.25, 26.25, 26.25, 26.26, 26.26, 26.26, 26.26, 26.26, 26.25, 26.25, 26.25, 26.15, 25.98, 25.67, 25.71, 25.75, 25.79, 25.79, 25.76, 25.74], [26.26, 26.26, 26.26, 26.26, 26.26, 26.26, 26.25, 26.25, 26.24, 26.24, 26.24, 26.15, 25.99, 25.95, 25.92, 25.78, 25.86, 25.81, 25.78, 25.75], [26.26, 26.26, 26.26, 26.26, 26.26, 26.26, 26.25, 26.24, 26.23, 26.22, 26.23, 26.16, 26.14, 25.96, 25.92, 25.89, 25.81, 25.8, 25.78, 25.76], [26.26, 26.26, 26.26, 26.26, 26.26, 26.26, 26.25, 26.24, 26.23, 26.22, 26.19, 26.17, 26.15, 25.96, 25.93, 25.92, 25.89, 25.88, 25.77, 25.75], [26.26, 26.26, 26.26, 26.26, 26.26, 26.26, 26.25, 26.25, 26.25, 26.24, 26.2, 26.19, 26.17, 26.01, 25.97, 25.94, 25.92, 25.91, 25.91, 25.92], [26.26, 26.26, 26.26, 26.26, 26.26, 26.26, 26.26, 26.26, 26.26, 26.22, 26.23, 26.2, 26.16, 26.12, 26.0, 25.97, 25.94, 25.93, 25.93, 25.93], [26.26, 26.26, 26.26, 26.26, 26.26, 26.26, 26.26, 26.26, 26.27, 26.25, 26.27, 26.22, 26.18, 26.14, 26.02, 25.99, 25.97, 25.95, 25.95, 25.94], [26.26, 26.26, 26.26, 26.26, 26.26, 26.26, 26.26, 26.27, 26.21, 26.24, 26.26, 26.22, 26.18, 26.15, 26.03, 26.0, 25.98, 25.97, 25.96, 25.96], [26.26, 26.26, 26.26, 26.26, 26.26, 26.26, 26.27, 26.27, 26.2, 26.22, 26.22, 26.2, 26.18, 26.15, 26.04, 26.02, 26.0, 25.98, 25.97, 25.97], [26.26, 26.26, 26.26, 26.26, 26.27, 26.27, 26.27, 26.19, 26.19, 26.2, 26.2, 26.19, 26.17, 26.15, 26.05, 26.02, 26.01, 25.99, 25.98, 25.98]]}]