gis_exercise/awsData/contour/wdir_2023091403.json
[{"header": {"refTime": "2023-09-14T03:00:00.000Z", "nx": 21, "ny": 33, "lo1": 113.509, "la1": 22.2235, "lo2": 113.5947, "la2": 22.1034, "dx": 0.0042850000000001385, "dy": 0.003753125000000024, "parameterCategory": 2, "parameterCategoryName": "Temperature", "parameterNumber": 2}, "data": [-1.3, -1.3, -1.31, -1.37, -1.37, -1.66, -1.65, -1.64, -1.65, -1.74, -1.82, -1.89, -2.06, -2.1, -3.18, -3.31, -3.58, -3.66, -3.71, -3.74, -1.3, -1.3, -1.31, -1.31, -1.37, -1.37, -1.62, -1.59, -1.57, -1.69, -1.82, -1.93, -2.11, -2.15, -3.22, -3.51, -3.63, -3.72, -3.78, -3.81, -1.3, -1.3, -1.3, -1.31, -1.37, -1.37, -1.37, -1.54, -1.42, -1.64, -1.84, -2.0, -2.19, -2.21, -3.38, -3.55, -3.7, -3.81, -3.88, -3.9, -1.3, -1.3, -1.3, -1.3, -1.31, -1.37, -1.37, -1.37, -1.37, -1.71, -1.91, -2.12, -2.33, -2.32, -3.37, -3.61, -3.82, -3.96, -4.01, -4.01, -1.3, -1.3, -1.3, -1.3, -1.3, -1.36, -1.36, -1.36, -1.37, -1.8, -1.97, -2.35, -2.58, -2.37, -3.37, -3.72, -4.02, -4.19, -4.2, -4.14, -1.29, -1.29, -1.29, -1.29, -1.3, -1.3, -1.35, -1.35, -1.36, -1.38, -2.05, -2.23, -2.41, -2.93, -3.42, -3.89, -4.36, -4.56, -4.45, -4.28, -1.8, -1.29, -1.29, -1.29, -1.29, -1.29, -1.32, -1.33, -1.34, -1.5, -1.56, -2.02, -2.86, -3.0, -3.47, -4.07, -4.84, -5.12, -5.09, -4.92, -1.81, -1.79, -1.76, -1.66, -1.64, -1.31, -1.31, -1.3, -1.33, -1.49, -1.52, -2.36, -2.54, -3.13, -4.1, -4.54, -5.06, -5.25, -4.97, -4.78, -1.82, -1.8, -1.77, -1.73, -1.62, -1.61, -1.62, -1.31, -1.6, -1.51, -2.45, -2.9, -3.58, -3.25, -4.12, -4.42, -4.73, -4.87, -4.81, -4.71, -2.28, -2.24, -2.19, -1.73, -1.65, -1.55, -1.65, -1.76, -1.85, -1.82, -2.79, -3.26, -3.86, -3.41, -4.15, -4.33, -4.52, -4.63, -4.64, -4.61, -2.29, -2.26, -2.21, -2.11, -1.91, -1.31, -2.05, -2.41, -2.1, -2.05, -3.16, -3.15, -3.33, -3.27, -4.16, -4.28, -4.4, -4.48, -4.52, -4.52, -2.32, -2.29, -2.26, -2.2, -2.1, -2.05, -2.34, -2.62, -2.72, -3.34, -3.14, -3.4, -3.47, -3.14, -4.16, -4.24, -4.33, -4.38, -4.39, -4.39, -2.35, -2.34, -2.33, -2.32, -2.35, -2.5, -2.71, -2.71, -2.72, -2.65, -3.49, -3.32, -3.38, -3.11, -3.05, -4.1, -4.13, -4.17, -4.2, -4.22, -2.37, -2.38, -2.39, -2.42, -2.5, -2.69, -3.01, -2.77, -2.69, -2.64, -3.46, -3.22, -3.21, -3.18, -2.89, -3.83, -3.88, -3.95, -4.01, -4.06, -2.4, -2.41, -2.43, -2.48, -2.55, -2.67, -2.75, -2.67, -2.57, -2.49, -2.43, -2.02, -3.02, -2.95, -2.91, -3.52, -3.61, -3.73, -3.83, -3.91, -2.42, -2.44, -1.96, -2.01, -2.07, -2.52, -2.5, -2.44, -2.36, -2.31, -1.93, -1.94, -1.95, -2.34, -2.33, -2.51, -2.56, -2.61, -2.91, -2.98, -1.89, -1.91, -1.92, -1.94, -2.37, -2.33, -2.25, -2.15, -2.08, -2.08, -1.81, -1.87, -1.9, -1.93, -1.84, -1.88, -1.86, -1.83, -1.82, -1.81, -1.87, -1.88, -1.88, -1.88, -2.25, -2.16, -2.01, -1.81, -1.71, -1.66, -1.78, -1.81, -1.87, -1.83, -1.94, -1.89, -1.85, -1.83, -1.81, -1.8, -1.85, -1.85, -1.84, -2.23, -2.15, -2.03, -1.84, -1.52, -1.2, -1.51, -1.49, -1.61, -1.7, -1.8, -1.9, -1.87, -1.84, -1.82, -1.8, -1.79, -1.83, -1.82, -2.0, -1.96, -1.9, -1.8, -1.66, -1.47, -1.25, -1.38, -1.51, -1.61, -1.68, -1.75, -1.85, -1.84, -1.82, -1.8, -1.79, -1.78, -2.02, -2.0, -1.97, -1.93, -1.88, -1.8, -1.71, -1.62, -1.42, -1.48, -1.56, -1.63, -1.67, -1.82, -1.81, -1.8, -1.79, -1.78, -1.77, -1.77, -2.01, -1.99, -1.96, -1.92, -1.88, -1.83, -1.78, -1.42, -1.55, -1.59, -1.63, -1.66, -1.96, -1.8, -1.79, -1.78, -1.77, -1.76, -1.75, -1.75, -2.0, -1.98, -1.95, -1.45, -1.46, -1.47, -1.49, -1.51, -1.54, -1.56, -1.56, -1.7, -1.81, -1.78, -1.77, -1.77, -1.78, -1.75, -1.74, -1.74, -1.45, -1.46, -1.46, -1.47, -1.49, -1.51, -1.54, -1.59, -1.66, -1.69, -1.65, -1.79, -1.82, -1.79, -1.77, -1.76, -1.82, -1.7, -1.71, -1.72, -1.46, -1.47, -1.48, -1.49, -1.51, -1.53, -1.58, -1.65, -1.76, -1.86, -1.72, -1.78, -1.77, -1.79, -1.76, -1.73, -1.68, -1.62, -1.68, -1.71, -1.47, -1.47, -1.48, -1.5, -1.52, -1.54, -1.58, -1.65, -1.75, -1.84, -1.8, -1.75, -1.73, -1.79, -1.76, -1.62, -1.62, -1.61, -1.69, -1.71, -1.47, -1.48, -1.49, -1.5, -1.52, -1.54, -1.57, -1.6, -1.64, -1.65, -1.7, -1.68, -1.69, -1.54, -1.57, -1.6, -1.61, -1.61, -1.61, -1.61, -1.47, -1.48, -1.49, -1.5, -1.51, -1.52, -1.54, -1.55, -1.54, -1.59, -1.55, -1.52, -1.54, -1.54, -1.55, -1.57, -1.59, -1.59, -1.6, -1.6, -1.47, -1.48, -1.49, -1.49, -1.5, -1.51, -1.51, -1.5, -1.47, -1.46, -1.34, -1.44, -1.5, -1.52, -1.53, -1.56, -1.57, -1.58, -1.59, -1.59, -1.47, -1.48, -1.48, -1.49, -1.49, -1.49, -1.49, -1.48, -1.49, -1.42, -1.37, -1.43, -1.49, -1.51, -1.52, -1.54, -1.56, -1.57, -1.58, -1.58, -1.47, -1.48, -1.48, -1.48, -1.48, -1.48, -1.48, -1.46, -1.5, -1.46, -1.44, -1.46, -1.49, -1.51, -1.51, -1.53, -1.55, -1.56, -1.57, -1.57, -1.47, -1.47, -1.48, -1.48, -1.48, -1.48, -1.47, -1.53, -1.51, -1.49, -1.48, -1.49, -1.5, -1.51, -1.5, -1.52, -1.54, -1.55, -1.56, -1.57]}, {"header": {"refTime": "2023-09-14T03:00:00.000Z", "nx": 21, "ny": 33, "lo1": 113.509, "la1": 22.2235, "lo2": 113.5947, "la2": 22.1034, "dx": 0.0042850000000001385, "dy": 0.003753125000000024, "parameterCategory": 2, "parameterCategoryName": "Temperature", "parameterNumber": 3}, "data": [0.33, 0.32, 0.3, 0.12, 0.1, -0.1, -0.12, -0.15, -0.16, -0.24, -0.25, -0.25, -0.39, -0.4, -0.41, -0.42, -0.44, -0.43, -0.43, -0.43, 0.34, 0.33, 0.31, 0.28, 0.1, 0.07, -0.12, -0.16, -0.19, -0.25, -0.25, -0.26, -0.4, -0.41, -0.42, -0.44, -0.44, -0.43, -0.43, -0.43, 0.36, 0.35, 0.33, 0.3, 0.12, 0.08, 0.03, -0.17, -0.25, -0.25, -0.26, -0.28, -0.42, -0.42, -0.45, -0.44, -0.43, -0.43, -0.43, -0.43, 0.38, 0.37, 0.35, 0.33, 0.29, 0.11, 0.07, -0.01, -0.08, -0.24, -0.26, -0.31, -0.45, -0.34, -0.45, -0.44, -0.43, -0.43, -0.42, -0.42, 0.4, 0.39, 0.38, 0.37, 0.34, 0.16, 0.14, 0.12, 0.1, -0.2, -0.24, -0.35, -0.46, -0.37, -0.45, -0.43, -0.43, -0.42, -0.42, -0.42, 0.42, 0.42, 0.42, 0.41, 0.4, 0.38, 0.22, 0.24, 0.23, 0.22, -0.2, -0.3, -0.39, -0.48, -0.44, -0.43, -0.42, -0.41, -0.42, -0.42, 0.88, 0.45, 0.45, 0.45, 0.45, 0.45, 0.56, 0.35, 0.37, 0.24, 0.15, -0.21, -0.44, -0.46, -0.43, -0.42, -0.41, -0.41, -0.43, -0.45, 0.89, 0.88, 0.87, 0.84, 0.83, 0.6, 0.58, 0.57, 0.51, 0.25, 0.18, -0.24, -0.3, -0.44, -0.42, -0.41, -0.41, -0.4, -0.41, -0.41, 0.89, 0.89, 0.88, 0.87, 0.84, 0.83, 0.81, 0.57, 0.6, 0.24, -0.13, -0.27, -0.38, -0.33, -0.42, -0.42, -0.41, -0.41, -0.41, -0.41, 1.05, 1.04, 1.03, 0.89, 0.87, 0.84, 0.85, 0.85, 0.68, 0.63, -0.21, -0.3, -0.39, -0.33, -0.43, -0.42, -0.41, -0.41, -0.41, -0.41, 1.05, 1.05, 1.03, 1.01, 0.97, 0.83, 1.0, 1.07, 0.95, 0.75, 0.26, -0.28, -0.31, -0.31, -0.43, -0.42, -0.42, -0.42, -0.41, -0.41, 1.06, 1.05, 1.05, 1.03, 1.01, 1.0, 1.06, 1.12, 1.14, 0.84, 0.37, 0.05, -0.04, -0.29, -0.43, -0.42, -0.42, -0.21, -0.2, -0.2, 1.07, 1.06, 1.06, 1.06, 1.07, 1.11, 1.16, 1.15, 1.14, 1.13, 0.72, 0.15, 0.05, -0.19, -0.16, -0.16, -0.16, -0.16, -0.16, -0.17, 1.07, 1.07, 1.08, 1.09, 1.11, 1.15, 1.24, 1.17, 1.14, 1.13, 0.76, 0.4, 0.34, 0.3, -0.09, -0.09, -0.1, -0.11, -0.12, -0.13, 1.08, 1.08, 1.09, 1.1, 1.12, 1.15, 1.17, 0.94, 0.87, 0.81, 0.77, 0.47, 0.37, 0.35, 0.33, -0.0, -0.03, -0.05, -0.07, -0.09, 1.08, 1.09, 0.69, 0.71, 0.72, 0.82, 0.81, 0.76, 0.71, 0.67, 0.4, 0.41, 0.41, 0.08, 0.11, 0.45, 0.47, 0.5, 0.53, 0.54, 0.64, 0.64, 0.64, 0.64, 0.71, 0.68, 0.62, 0.54, 0.49, 0.49, 0.3, 0.35, 0.38, 0.4, 0.46, 0.63, 0.71, 0.76, 0.81, 0.83, 0.61, 0.61, 0.59, 0.57, 0.62, 0.55, 0.44, 0.28, 0.2, 0.16, 0.25, 0.3, 0.35, 0.45, 0.42, 0.61, 0.71, 0.78, 0.83, 0.85, 0.59, 0.57, 0.55, 0.6, 0.55, 0.45, 0.3, 0.05, -0.19, 0.04, -0.07, 0.03, 0.43, 0.48, 0.59, 0.67, 0.76, 0.82, 0.86, 0.88, 0.56, 0.54, 0.26, 0.23, 0.19, 0.13, 0.04, -0.07, -0.22, -0.15, -0.07, 0.0, 0.47, 0.53, 0.74, 0.78, 0.84, 0.88, 0.9, 0.91, 0.26, 0.25, 0.22, 0.2, 0.16, 0.11, 0.05, -0.01, -0.15, -0.12, -0.07, -0.01, 0.52, 0.83, 0.85, 0.89, 0.93, 0.95, 0.95, 0.95, 0.24, 0.22, 0.2, 0.17, 0.14, 0.1, 0.05, -0.15, -0.12, -0.1, -0.07, -0.03, 0.61, 0.9, 0.94, 0.99, 1.03, 1.03, 1.0, 0.97, 0.22, 0.2, 0.18, -0.1, -0.1, -0.11, -0.11, -0.12, -0.12, -0.11, -0.1, 0.27, 0.67, 0.95, 1.0, 1.08, 1.16, 1.1, 1.03, 0.99, -0.08, -0.08, -0.08, -0.09, -0.09, -0.09, -0.09, -0.1, -0.1, -0.1, -0.09, 0.39, 0.64, 0.78, 0.92, 1.11, 1.36, 1.07, 1.01, 0.99, -0.07, -0.07, -0.07, -0.07, -0.07, -0.07, -0.08, -0.08, -0.1, -0.11, -0.08, 0.34, 0.5, 0.76, 0.88, 0.98, 1.0, 0.88, 0.97, 0.98, -0.06, -0.06, -0.06, -0.06, -0.06, -0.06, -0.06, -0.06, -0.08, -0.1, 0.17, 0.33, 0.47, 0.73, 0.84, 0.97, 0.96, 0.94, 0.97, 0.97, -0.06, -0.05, -0.05, -0.05, -0.04, -0.04, -0.03, -0.03, -0.03, -0.02, 0.25, 0.34, 0.45, 0.81, 0.88, 0.92, 0.93, 0.94, 0.94, 0.94, -0.05, -0.05, -0.04, -0.04, -0.03, -0.02, -0.01, 0.01, 0.03, 0.26, 0.29, 0.2, 0.22, 0.25, 0.83, 0.87, 0.9, 0.91, 0.92, 0.92, -0.04, -0.04, -0.03, -0.03, -0.02, -0.01, 0.01, 0.04, 0.08, 0.29, 0.25, 0.23, 0.23, 0.25, 0.79, 0.84, 0.87, 0.89, 0.9, 0.9, -0.04, -0.03, -0.03, -0.02, -0.01, 0.01, 0.02, 0.05, 0.2, 0.23, 0.24, 0.23, 0.24, 0.25, 0.76, 0.81, 0.84, 0.86, 0.88, 0.89, -0.03, -0.03, -0.02, -0.01, -0.0, 0.01, 0.03, 0.05, 0.21, 0.22, 0.23, 0.23, 0.24, 0.25, 0.74, 0.79, 0.82, 0.84, 0.86, 0.87, -0.03, -0.02, -0.02, -0.01, 0.0, 0.01, 0.03, 0.2, 0.21, 0.22, 0.23, 0.23, 0.24, 0.25, 0.74, 0.77, 0.8, 0.83, 0.84, 0.86]}, {"header": {"refTime": "2023-09-14T03:00:00.000Z", "nx": 21, "ny": 33, "lo1": 113.509, "la1": 22.2235, "lo2": 113.5947, "la2": 22.1034, "dx": 0.0042850000000001385, "dy": 0.003753125000000024, "parameterCategory": 0, "parameterCategoryName": "Temperature", "parameterNumber": 0}, "data": [[26.49, 26.49, 26.48, 26.27, 26.28, 26.52, 26.51, 26.51, 26.51, 26.43, 26.45, 26.47, 26.67, 26.69, 26.66, 26.66, 26.74, 26.73, 26.73, 26.72], [26.49, 26.49, 26.48, 26.48, 26.28, 26.29, 26.5, 26.49, 26.48, 26.43, 26.45, 26.48, 26.69, 26.7, 26.68, 26.75, 26.74, 26.73, 26.72, 26.72], [26.5, 26.49, 26.49, 26.48, 26.28, 26.29, 26.3, 26.47, 26.42, 26.42, 26.46, 26.51, 26.72, 26.73, 26.76, 26.75, 26.73, 26.72, 26.72, 26.71], [26.5, 26.5, 26.49, 26.49, 26.48, 26.28, 26.29, 26.31, 26.33, 26.42, 26.47, 26.56, 26.77, 26.66, 26.77, 26.74, 26.72, 26.71, 26.71, 26.71], [26.51, 26.5, 26.5, 26.49, 26.48, 26.27, 26.28, 26.28, 26.28, 26.4, 26.46, 26.67, 26.8, 26.69, 26.76, 26.73, 26.71, 26.7, 26.69, 26.7], [26.51, 26.51, 26.51, 26.5, 26.49, 26.48, 26.27, 26.27, 26.25, 26.2, 26.46, 26.6, 26.71, 26.83, 26.75, 26.72, 26.68, 26.67, 26.68, 26.69], [26.57, 26.52, 26.52, 26.52, 26.51, 26.5, 26.35, 26.28, 26.26, 26.23, 26.2, 26.49, 26.79, 26.8, 26.73, 26.7, 26.65, 26.63, 26.66, 26.67], [26.57, 26.57, 26.57, 26.57, 26.57, 26.4, 26.37, 26.35, 26.36, 26.2, 26.03, 26.45, 26.46, 26.8, 26.64, 26.65, 26.63, 26.62, 26.63, 26.64], [26.53, 26.53, 26.59, 26.59, 26.59, 26.58, 26.54, 26.36, 26.24, 26.25, 26.21, 26.33, 26.38, 26.31, 26.64, 26.65, 26.64, 26.63, 26.64, 26.64], [26.7, 26.7, 26.7, 26.56, 26.58, 26.63, 26.6, 26.54, 26.12, 26.14, 26.39, 26.25, 26.3, 26.27, 26.64, 26.66, 26.65, 26.64, 26.64, 26.65], [26.7, 26.7, 26.7, 26.7, 26.7, 26.7, 26.7, 26.7, 26.59, 26.23, 25.9, 26.2, 26.24, 26.24, 26.64, 26.66, 26.65, 26.65, 26.65, 26.65], [26.7, 26.7, 26.7, 26.7, 26.7, 26.7, 26.7, 26.7, 26.7, -999.0, 25.9, 26.7, 26.7, 26.22, 26.64, 26.66, 26.66, 26.09, 26.1, 26.1], [26.7, 26.7, 26.7, 26.7, 26.7, 26.7, 26.7, 26.7, 26.7, 26.7, -999.0, 26.7, 26.7, 26.05, 26.33, 26.27, 26.28, 26.17, 26.18, 26.19], [26.7, 26.7, 26.7, 26.7, 26.7, 26.7, 26.7, 26.7, 26.7, 26.7, -999.0, 25.7, 25.7, 25.7, 26.25, 26.2, 26.21, 26.1, 26.12, 26.14], [26.7, 26.7, 26.7, 26.7, 26.7, 26.7, 26.7, 26.7, 26.7, 26.7, 26.7, 26.32, 25.7, 25.7, 25.7, 26.11, 26.14, 26.04, 26.07, 26.09], [26.7, 26.7, 26.7, 26.7, 26.7, 26.7, 26.7, 26.7, 26.7, 26.7, 26.07, 26.14, 26.05, 25.96, 26.06, 26.03, 26.08, 25.99, 26.18, 26.21], [26.7, 26.7, 26.7, 26.7, 26.7, 26.7, 26.7, 26.7, 26.7, 26.7, 26.27, 26.15, 26.02, 25.9, 25.92, 25.91, 25.98, 26.04, 26.08, 26.11], [26.7, 26.7, 26.7, 26.7, 26.7, 26.7, 26.7, 26.7, 26.7, 26.45, 26.31, 26.16, 26.01, 25.93, 25.73, 25.89, 25.99, 26.06, 26.1, 26.13], [26.7, 26.7, 26.7, 26.7, 26.7, 26.7, 26.7, 26.7, 26.61, 26.51, 26.39, 26.27, 26.14, 26.0, 25.87, 25.95, 26.04, 26.1, 26.14, 26.16], [26.7, 26.7, 26.64, 26.65, 26.65, 26.65, 26.66, 26.68, 26.59, 26.51, 26.41, 26.3, 26.2, 26.12, 26.01, 26.06, 26.11, 26.15, 26.18, 26.19], [26.64, 26.64, 26.64, 26.66, 26.66, 26.66, 26.67, 26.67, 26.52, 26.48, 26.41, 26.33, 26.26, 26.1, 26.12, 26.16, 26.2, 26.22, 26.22, 26.22], [26.65, 26.65, 26.65, 26.66, 26.66, 26.66, 26.66, 26.68, 26.49, 26.46, 26.42, 26.37, 26.28, 26.17, 26.2, 26.25, 26.28, 26.29, 26.27, 26.25], [26.65, 26.65, 26.65, 26.69, 26.69, 26.68, 26.68, 26.68, 26.67, 26.67, 26.67, 26.63, 26.48, 26.22, 26.26, 26.32, 26.37, 26.35, 26.31, 26.28], [26.69, 26.69, 26.69, 26.69, 26.69, 26.68, 26.68, 26.67, 26.66, 26.65, 26.66, 26.65, 26.48, 26.47, 26.45, 26.35, 26.49, 26.36, 26.31, 26.29], [26.69, 26.69, 26.69, 26.69, 26.69, 26.68, 26.68, 26.66, 26.64, 26.63, 26.65, 26.65, 26.66, 26.46, 26.45, 26.43, 26.33, 26.29, 26.3, 26.29], [26.69, 26.69, 26.69, 26.69, 26.69, 26.69, 26.68, 26.67, 26.65, 26.63, 26.65, 26.66, 26.67, 26.46, 26.44, 26.45, 26.42, 26.4, 26.29, 26.28], [26.7, 26.7, 26.69, 26.69, 26.69, 26.69, 26.69, 26.68, 26.68, 26.68, 26.68, 26.68, 26.68, 26.54, 26.51, 26.47, 26.45, 26.44, 26.44, 26.45], [26.7, 26.7, 26.7, 26.7, 26.7, 26.7, 26.7, 26.7, 26.71, 26.71, 26.72, 26.65, 26.61, 26.57, 26.53, 26.5, 26.47, 26.46, 26.46, 26.46], [26.7, 26.7, 26.7, 26.7, 26.7, 26.7, 26.71, 26.71, 26.73, 26.75, 26.76, 26.69, 26.63, 26.59, 26.55, 26.52, 26.5, 26.48, 26.48, 26.48], [26.7, 26.7, 26.7, 26.7, 26.7, 26.71, 26.71, 26.72, 26.67, 26.71, 26.74, 26.69, 26.64, 26.6, 26.56, 26.53, 26.51, 26.5, 26.49, 26.49], [26.7, 26.7, 26.7, 26.7, 26.71, 26.71, 26.71, 26.72, 26.66, 26.68, 26.69, 26.67, 26.63, 26.6, 26.57, 26.54, 26.53, 26.51, 26.5, 26.5], [26.7, 26.7, 26.7, 26.71, 26.71, 26.71, 26.72, 26.64, 26.65, 26.66, 26.66, 26.64, 26.62, 26.6, 26.57, 26.55, 26.54, 26.52, 26.51, 26.51]]}]