gis_exercise/awsData/contour/wdir_2023090415.json
[{"header": {"refTime": "2023-09-04T15:00:00.000Z", "nx": 21, "ny": 33, "lo1": 113.509, "la1": 22.2235, "lo2": 113.5947, "la2": 22.1034, "dx": 0.0042850000000001385, "dy": 0.003753125000000024, "parameterCategory": 2, "parameterCategoryName": "Temperature", "parameterNumber": 2}, "data": [-1.18, -1.22, -1.26, -1.91, -1.91, -1.81, -1.81, -1.81, -1.8, -1.62, -1.56, -1.5, -1.54, -1.52, -1.89, -1.95, -1.97, -2.02, -2.06, -2.09, -1.16, -1.2, -1.24, -1.3, -1.92, -1.92, -1.83, -1.85, -1.86, -1.68, -1.56, -1.47, -1.51, -1.49, -1.87, -1.92, -1.99, -2.06, -2.1, -2.12, -1.13, -1.16, -1.21, -1.27, -1.92, -1.92, -1.93, -1.88, -1.96, -1.72, -1.54, -1.42, -1.44, -1.43, -1.8, -1.93, -2.04, -2.11, -2.16, -2.17, -1.08, -1.12, -1.16, -1.23, -1.31, -1.93, -1.93, -1.94, -1.94, -1.65, -1.48, -1.33, -1.33, -1.26, -1.78, -1.96, -2.11, -2.2, -2.24, -2.24, -1.03, -1.06, -1.1, -1.16, -1.24, -1.93, -1.93, -1.93, -1.91, -1.53, -1.41, -1.23, -1.08, -1.23, -1.8, -2.04, -2.23, -2.33, -2.34, -2.32, -0.97, -0.98, -1.01, -1.06, -1.15, -1.26, -1.94, -1.94, -1.91, -1.85, -1.38, -1.31, -1.21, -1.53, -1.87, -2.16, -2.43, -2.54, -2.48, -2.4, -1.74, -0.9, -0.9, -0.93, -1.01, -1.14, -1.23, -1.98, -1.96, -1.78, -1.69, -1.47, -1.73, -1.74, -1.97, -2.29, -2.7, -2.85, -2.73, -2.61, -1.72, -1.65, -1.58, -1.76, -1.75, -0.84, -1.14, -1.61, -2.1, -1.76, -1.55, -1.88, -1.96, -1.92, -2.53, -2.7, -2.9, -2.98, -2.87, -2.79, -1.71, -1.63, -1.52, -1.38, -1.48, -1.54, -1.87, -1.29, -2.64, -1.8, -1.86, -2.05, -2.27, -2.16, -2.52, -2.65, -2.77, -2.83, -2.8, -2.76, -2.73, -2.6, -2.41, -1.26, -0.9, -0.88, -1.57, -2.33, -3.22, -3.03, -1.99, -2.16, -2.35, -2.21, -2.53, -2.61, -2.68, -2.73, -2.74, -2.72, -2.77, -2.65, -2.45, -2.11, -1.38, 0.74, -1.99, -3.46, -3.39, -3.66, -3.36, -2.12, -2.18, -2.16, -2.53, -2.58, -2.64, -2.67, -2.69, -2.69, -2.84, -2.75, -2.61, -2.39, -2.04, -1.88, -2.97, -4.37, -4.94, -5.0, -3.7, -3.42, -3.22, -2.11, -2.53, -2.57, -2.61, -2.46, -2.47, -2.47, -2.93, -2.88, -2.83, -2.8, -2.87, -3.3, -4.01, -4.49, -4.8, -4.37, -4.72, -3.62, -3.41, -1.99, -1.95, -2.32, -2.33, -2.35, -2.37, -2.38, -3.03, -3.02, -3.04, -3.12, -3.35, -3.86, -4.65, -4.33, -4.34, -4.22, -4.76, -3.48, -3.19, -2.99, -1.85, -2.18, -2.21, -2.24, -2.27, -2.3, -3.12, -3.14, -3.2, -3.31, -3.53, -3.85, -4.12, -3.98, -3.77, -3.57, -3.39, -2.04, -3.0, -2.77, -2.63, -2.02, -2.07, -2.13, -2.18, -2.22, -3.19, -3.23, -1.21, -1.35, -1.53, -3.42, -3.37, -3.19, -2.99, -2.88, -1.71, -1.67, -1.61, -0.9, -0.97, -1.45, -1.46, -1.48, -1.63, -1.66, -0.99, -1.04, -1.09, -1.15, -2.96, -2.81, -2.54, -2.19, -1.98, -2.04, -1.21, -1.34, -1.39, -1.37, -0.84, -1.4, -1.47, -1.52, -1.57, -1.6, -0.93, -0.95, -0.95, -0.94, -2.55, -2.23, -1.71, -1.01, -0.66, -0.24, -0.61, -1.09, -1.24, -0.8, -1.16, -1.38, -1.47, -1.54, -1.58, -1.61, -0.86, -0.85, -0.82, -2.49, -2.22, -1.8, -1.11, 0.03, 1.2, 0.24, 0.34, -0.04, -0.37, -0.69, -1.36, -1.43, -1.51, -1.57, -1.61, -1.63, -0.8, -0.77, -1.22, -1.09, -0.9, -0.61, -0.18, 0.42, 1.1, 0.71, 0.3, -0.02, -0.28, -0.52, -1.48, -1.51, -1.56, -1.61, -1.64, -1.66, -1.29, -1.22, -1.13, -1.0, -0.83, -0.6, -0.32, -0.03, 0.6, 0.41, 0.16, -0.06, -0.23, -1.55, -1.56, -1.58, -1.61, -1.65, -1.68, -1.7, -1.23, -1.16, -1.07, -0.96, -0.82, -0.66, -0.5, 0.25, 0.21, 0.1, -0.02, -0.15, -1.04, -1.61, -1.62, -1.62, -1.64, -1.68, -1.72, -1.74, -1.18, -1.12, -1.04, -0.02, -0.01, -0.01, -0.02, -0.07, -0.14, -0.2, -0.22, -0.18, -1.52, -1.65, -1.65, -1.63, -1.58, -1.69, -1.78, -1.79, -0.1, -0.1, -0.11, -0.12, -0.13, -0.17, -0.23, -0.32, -0.45, -0.52, -0.47, -1.02, -1.51, -1.6, -1.65, -1.67, -1.33, -1.88, -1.9, -1.85, -0.15, -0.16, -0.18, -0.2, -0.24, -0.29, -0.38, -0.5, -0.68, -0.82, -0.66, -1.02, -1.02, -1.6, -1.68, -1.77, -2.01, -2.27, -1.99, -1.89, -0.2, -0.22, -0.24, -0.27, -0.32, -0.38, -0.47, -0.59, -0.74, -0.84, -1.03, -1.03, -1.03, -1.61, -1.7, -1.83, -1.95, -2.02, -1.96, -1.89, -0.24, -0.26, -0.29, -0.33, -0.38, -0.45, -0.53, -0.63, -0.72, -0.77, -1.06, -1.06, -1.05, -1.65, -1.72, -1.8, -1.87, -1.91, -1.9, -1.87, -0.27, -0.3, -0.33, -0.38, -0.43, -0.49, -0.57, -0.66, -0.75, -1.09, -1.1, -1.38, -1.49, -1.63, -1.68, -1.75, -1.81, -1.84, -1.84, -1.83, -0.3, -0.33, -0.36, -0.41, -0.46, -0.52, -0.6, -0.69, -0.79, -1.12, -1.23, -1.34, -1.46, -1.59, -1.65, -1.71, -1.76, -1.79, -1.8, -1.8, -0.32, -0.35, -0.39, -0.43, -0.48, -0.54, -0.61, -0.69, -1.33, -1.29, -1.27, -1.35, -1.46, -1.56, -1.62, -1.68, -1.72, -1.75, -1.76, -1.77, -0.34, -0.37, -0.4, -0.45, -0.49, -0.55, -0.61, -0.68, -1.36, -1.35, -1.35, -1.4, -1.47, -1.56, -1.61, -1.65, -1.69, -1.72, -1.73, -1.74, -0.35, -0.38, -0.41, -0.45, -0.5, -0.54, -0.6, -1.41, -1.4, -1.39, -1.41, -1.44, -1.5, -1.56, -1.6, -1.64, -1.67, -1.7, -1.71, -1.72]}, {"header": {"refTime": "2023-09-04T15:00:00.000Z", "nx": 21, "ny": 33, "lo1": 113.509, "la1": 22.2235, "lo2": 113.5947, "la2": 22.1034, "dx": 0.0042850000000001385, "dy": 0.003753125000000024, "parameterCategory": 2, "parameterCategoryName": "Temperature", "parameterNumber": 3}, "data": [-1.33, -1.3, -1.28, -1.08, -1.06, -0.95, -0.93, -0.91, -0.9, -1.02, -1.07, -1.12, -1.39, -1.43, -2.43, -2.61, -3.29, -3.39, -3.48, -3.53, -1.34, -1.32, -1.29, -1.25, -1.06, -1.03, -0.91, -0.87, -0.85, -0.97, -1.06, -1.13, -1.4, -1.44, -2.45, -3.17, -3.34, -3.47, -3.56, -3.61, -1.36, -1.34, -1.31, -1.27, -1.07, -1.04, -0.99, -0.84, -0.72, -0.93, -1.07, -1.15, -1.42, -1.46, -2.93, -3.2, -3.43, -3.59, -3.69, -3.73, -1.39, -1.37, -1.34, -1.31, -1.26, -1.06, -1.02, -0.95, -0.89, -1.01, -1.13, -1.2, -1.43, -1.66, -2.89, -3.28, -3.59, -3.78, -3.87, -3.87, -1.42, -1.4, -1.38, -1.35, -1.31, -1.1, -1.08, -1.06, -1.06, -1.14, -1.21, -1.61, -1.43, -1.63, -2.92, -3.44, -3.85, -4.08, -4.11, -4.04, -1.45, -1.44, -1.43, -1.41, -1.38, -1.33, -1.14, -1.15, -1.18, -1.23, -1.79, -1.72, -1.6, -2.22, -3.07, -3.7, -4.29, -4.54, -4.42, -4.22, -1.67, -1.49, -1.49, -1.48, -1.46, -1.41, -1.58, -1.2, -1.23, -1.68, -1.81, -1.94, -2.54, -2.57, -3.26, -3.97, -4.9, -5.24, -4.94, -4.66, -1.68, -1.69, -1.7, -1.74, -1.73, -1.72, -1.61, -1.43, -1.31, -1.66, -1.73, -2.67, -2.85, -2.88, -4.22, -4.68, -5.24, -5.45, -5.14, -4.94, -1.69, -1.71, -1.73, -1.76, -1.81, -1.78, -1.67, -1.55, -1.35, -1.69, -2.59, -3.0, -3.47, -3.24, -4.19, -4.53, -4.88, -5.03, -4.96, -4.85, -1.78, -1.8, -1.83, -1.81, -1.88, -1.95, -1.81, -1.65, -1.41, -1.44, -2.86, -3.22, -3.63, -3.33, -4.18, -4.41, -4.64, -4.76, -4.78, -4.75, -1.77, -1.79, -1.82, -1.87, -1.98, -2.29, -1.9, -1.71, -1.6, -1.44, -2.56, -3.14, -3.27, -3.23, -4.19, -4.34, -4.49, -4.6, -4.64, -4.64, -1.76, -1.78, -1.79, -1.82, -1.87, -1.9, -1.75, -1.61, -1.56, -2.02, -2.43, -2.93, -3.08, -3.13, -4.19, -4.3, -4.41, -5.01, -5.04, -5.05, -1.75, -1.75, -1.76, -1.76, -1.74, -1.67, -1.55, -1.56, -1.55, -1.59, -2.22, -2.79, -2.93, -3.85, -3.86, -4.84, -4.9, -4.94, -4.97, -4.99, -1.73, -1.73, -1.72, -1.71, -1.66, -1.57, -1.39, -1.53, -1.57, -1.59, -2.15, -3.27, -3.47, -3.6, -3.94, -4.81, -4.85, -4.88, -4.92, -4.94, -1.72, -1.71, -1.7, -1.68, -1.64, -1.58, -1.53, -0.99, -0.92, -0.85, -0.8, -1.96, -3.56, -3.7, -3.79, -4.76, -4.8, -4.84, -4.87, -4.9, -1.71, -1.7, -1.09, -1.08, -1.06, -0.83, -0.81, -0.75, -0.69, -0.65, -1.65, -2.02, -2.43, -3.38, -3.55, -4.36, -4.34, -4.31, -4.72, -4.74, -1.04, -1.02, -1.0, -0.96, -0.69, -0.64, -0.56, -0.46, -0.39, -0.41, -1.54, -2.04, -2.62, -3.24, -3.85, -4.32, -4.25, -4.18, -4.14, -4.11, -0.98, -0.95, -0.91, -0.85, -0.57, -0.47, -0.32, -0.11, -0.01, -0.78, -1.34, -2.0, -2.71, -3.79, -4.44, -4.35, -4.24, -4.17, -4.12, -4.09, -0.93, -0.89, -0.83, -0.55, -0.47, -0.34, -0.14, 0.19, 0.34, -0.48, -1.46, -2.14, -3.0, -3.57, -4.36, -4.28, -4.19, -4.13, -4.09, -4.06, -0.88, -0.84, -0.91, -0.85, -0.76, -0.62, -0.4, -0.07, -0.19, -0.81, -1.49, -2.06, -2.84, -3.26, -4.22, -4.18, -4.12, -4.07, -4.05, -4.03, -1.0, -0.98, -0.95, -0.9, -0.83, -0.74, -0.6, -0.46, -0.93, -1.23, -1.65, -2.05, -2.74, -4.13, -4.11, -4.08, -4.04, -4.01, -4.0, -3.99, -1.04, -1.02, -1.0, -0.98, -0.94, -0.91, -0.87, -0.83, -1.45, -1.63, -1.86, -2.1, -3.74, -4.06, -4.03, -4.0, -3.96, -3.95, -3.95, -3.96, -1.07, -1.07, -1.07, -1.04, -1.05, -1.07, -1.12, -1.2, -1.31, -1.38, -1.38, -2.03, -3.41, -4.01, -3.98, -3.93, -3.9, -3.89, -3.91, -3.93, -1.09, -1.1, -1.11, -1.13, -1.17, -1.24, -1.34, -1.51, -1.71, -1.81, -1.7, -2.64, -3.38, -3.5, -3.61, -3.9, -3.88, -3.84, -3.87, -3.9, -1.13, -1.15, -1.17, -1.21, -1.27, -1.36, -1.49, -1.71, -2.06, -2.35, -1.95, -2.57, -2.65, -3.48, -3.59, -3.68, -3.83, -3.8, -3.86, -3.89, -1.16, -1.19, -1.22, -1.27, -1.33, -1.42, -1.56, -1.76, -2.07, -2.31, -2.49, -2.47, -2.55, -3.46, -3.56, -3.41, -3.52, -3.54, -3.87, -3.9, -1.19, -1.22, -1.25, -1.3, -1.36, -1.44, -1.55, -1.68, -1.81, -1.84, -2.28, -2.3, -2.41, -2.88, -3.1, -3.26, -3.37, -3.41, -3.41, -3.38, -1.21, -1.24, -1.28, -1.32, -1.37, -1.44, -1.51, -1.57, -1.6, -2.01, -1.93, -2.03, -2.21, -2.39, -2.95, -3.12, -3.24, -3.29, -3.31, -3.31, -1.23, -1.26, -1.29, -1.33, -1.37, -1.42, -1.46, -1.48, -1.47, -1.71, -1.45, -1.82, -2.09, -2.3, -2.83, -3.0, -3.12, -3.19, -3.22, -3.24, -1.24, -1.26, -1.29, -1.33, -1.36, -1.39, -1.42, -1.43, -1.92, -1.7, -1.57, -1.81, -2.05, -2.24, -2.74, -2.9, -3.02, -3.1, -3.14, -3.17, -1.25, -1.27, -1.29, -1.32, -1.35, -1.37, -1.39, -1.4, -1.97, -1.86, -1.83, -1.93, -2.08, -2.23, -2.69, -2.83, -2.94, -3.02, -3.07, -3.11, -1.25, -1.27, -1.29, -1.31, -1.34, -1.36, -1.37, -2.1, -2.04, -1.99, -1.98, -2.04, -2.13, -2.24, -2.67, -2.79, -2.89, -2.96, -3.02, -3.06]}, {"header": {"refTime": "2023-09-04T15:00:00.000Z", "nx": 21, "ny": 33, "lo1": 113.509, "la1": 22.2235, "lo2": 113.5947, "la2": 22.1034, "dx": 0.0042850000000001385, "dy": 0.003753125000000024, "parameterCategory": 0, "parameterCategoryName": "Temperature", "parameterNumber": 0}, "data": [[34.23, 34.22, 34.22, 33.83, 33.85, 33.98, 34.0, 34.01, 34.01, 33.84, 33.78, 33.73, 34.08, 34.08, 33.87, 33.86, 34.0, 34.01, 34.01, 34.01], [34.23, 34.22, 34.22, 34.21, 33.85, 33.87, 34.01, 34.05, 34.06, 33.89, 33.79, 33.73, 34.06, 34.05, 33.85, 33.99, 34.0, 34.0, 34.01, 34.01], [34.23, 34.23, 34.22, 34.21, 33.84, 33.87, 33.92, 34.07, 34.17, 33.93, 33.78, 33.7, 34.01, 34.02, 33.97, 33.98, 33.99, 34.0, 34.0, 34.01], [34.24, 34.23, 34.22, 34.22, 34.21, 33.85, 33.89, 33.95, 34.01, 33.85, 33.72, 33.65, 33.93, 33.75, 33.96, 33.98, 33.99, 34.0, 34.0, 34.0], [34.24, 34.24, 34.23, 34.22, 34.21, 33.82, 33.84, 33.85, 33.84, 33.71, 33.64, 33.71, 33.66, 33.75, 33.96, 33.99, 33.99, 33.99, 33.99, 34.0], [34.25, 34.25, 34.24, 34.23, 34.22, 34.19, 33.79, 33.78, 33.74, 33.67, 33.71, 33.76, 33.75, 33.97, 34.0, 34.0, 33.98, 33.97, 33.98, 34.0], [34.29, 34.26, 34.26, 34.25, 34.23, 34.2, 33.87, 33.77, 33.72, 33.69, 33.66, 33.88, 34.23, 34.16, 34.06, 34.02, 33.96, 33.94, 33.84, 33.83], [34.3, 34.3, 34.31, 34.3, 34.29, 33.98, 33.92, 33.86, 33.86, 33.63, 33.35, 34.21, 34.22, 34.15, 34.2, 34.28, 34.11, 34.05, 34.15, 34.21], [34.2, 34.21, 34.33, 34.34, 34.35, 34.32, 34.24, 33.89, 33.65, 33.73, 33.71, 33.95, 34.07, 33.91, 34.22, 34.32, 34.21, 34.17, 34.2, 34.23], [34.6, 34.6, 34.6, 34.27, 34.32, 34.44, 34.36, 34.24, 33.45, 33.49, 34.07, 33.81, 33.89, 33.85, 34.22, 34.35, 34.29, 34.25, 34.25, 34.27], [34.6, 34.6, 34.6, 34.6, 34.6, 34.6, 34.6, 34.6, 34.35, 33.63, 33.1, 33.71, 33.78, 33.79, 34.21, 34.38, 34.33, 34.3, 34.3, 34.3], [34.6, 34.6, 34.6, 34.6, 34.6, 34.6, 34.6, 34.6, 34.6, -999.0, 33.1, 34.7, 34.7, 33.74, 34.2, 34.4, 34.38, 34.07, 34.07, 34.07], [34.6, 34.6, 34.6, 34.6, 34.6, 34.6, 34.6, 34.6, 34.6, 34.6, -999.0, 34.7, 34.7, 34.37, 34.52, 34.01, 34.01, 34.04, 34.04, 34.04], [34.6, 34.6, 34.6, 34.6, 34.6, 34.6, 34.6, 34.6, 34.6, 34.6, -999.0, 34.2, 34.2, 34.2, 34.47, 34.03, 34.03, 34.07, 34.06, 34.05], [34.6, 34.6, 34.6, 34.6, 34.6, 34.6, 34.6, 34.4, 34.4, 34.4, 34.4, 34.32, 34.2, 34.2, 34.2, 34.06, 34.05, 34.09, 34.08, 34.07], [34.6, 34.6, 34.47, 34.47, 34.47, 34.4, 34.4, 34.4, 34.4, 34.4, 34.27, 34.29, 34.27, 34.25, 34.27, 33.69, 33.61, 33.75, 33.74, 33.71], [34.47, 34.47, 34.53, 34.53, 34.4, 34.4, 34.4, 34.4, 34.4, 34.4, 34.31, 34.29, 34.26, 34.24, 34.07, 33.88, 33.77, 33.68, 33.62, 33.58], [34.53, 34.53, 34.52, 34.52, 34.4, 34.4, 34.4, 34.4, 34.4, 34.35, 34.32, 34.29, 34.26, 34.08, 34.18, 33.92, 33.76, 33.66, 33.59, 33.55], [34.52, 34.52, 34.52, 34.4, 34.4, 34.4, 34.4, 34.4, 34.38, 34.36, 34.25, 34.22, 34.0, 34.02, 33.94, 33.82, 33.69, 33.6, 33.55, 33.51], [34.52, 34.52, 34.11, 34.13, 34.15, 34.17, 34.21, 34.32, 34.33, 34.28, 34.24, 34.21, 33.95, 33.92, 33.73, 33.66, 33.58, 33.52, 33.48, 33.47], [34.1, 34.1, 34.11, 34.19, 34.2, 34.22, 34.24, 34.26, 34.25, 34.23, 34.21, 34.19, 33.88, 33.6, 33.57, 33.51, 33.45, 33.42, 33.41, 33.41], [34.17, 34.17, 34.17, 34.18, 34.18, 34.18, 34.19, 34.31, 34.19, 34.17, 34.16, 34.16, 33.66, 33.49, 33.44, 33.37, 33.32, 33.32, 33.34, 33.37], [34.16, 34.16, 34.16, 34.34, 34.33, 34.32, 34.3, 34.28, 34.26, 34.25, 34.26, 33.76, 33.41, 33.42, 33.36, 33.27, 33.18, 33.22, 33.29, 33.33], [34.37, 34.36, 34.35, 34.34, 34.33, 34.31, 34.28, 34.24, 34.19, 34.17, 34.21, 33.88, 33.43, 33.35, 33.26, 33.22, 32.99, 33.22, 33.28, 33.32], [34.37, 34.36, 34.36, 34.35, 34.33, 34.31, 34.28, 34.22, 34.12, 34.03, 34.17, 33.93, 33.85, 33.36, 33.29, 33.23, 33.26, 33.34, 33.31, 33.32], [34.37, 34.37, 34.36, 34.36, 34.35, 34.33, 34.3, 34.24, 34.15, 34.06, 34.02, 34.01, 33.93, 33.38, 33.32, 33.43, 33.38, 33.38, 33.32, 33.33], [34.38, 34.38, 34.37, 34.37, 34.36, 34.35, 34.34, 34.31, 34.29, 34.3, 34.16, 34.13, 34.03, 33.78, 33.63, 33.53, 33.47, 33.44, 33.45, 33.46], [34.39, 34.39, 34.38, 34.38, 34.38, 34.38, 34.38, 34.4, 34.43, 34.34, 34.39, 34.4, 34.29, 34.2, 33.73, 33.62, 33.55, 33.52, 33.5, 33.5], [34.39, 34.39, 34.4, 34.4, 34.4, 34.41, 34.43, 34.46, 34.53, 34.55, 34.76, 34.53, 34.37, 34.25, 33.82, 33.7, 33.63, 33.58, 33.56, 33.55], [34.4, 34.4, 34.41, 34.41, 34.42, 34.43, 34.46, 34.5, 34.46, 34.6, 34.69, 34.54, 34.39, 34.28, 33.88, 33.77, 33.69, 33.64, 33.61, 33.59], [34.41, 34.41, 34.41, 34.42, 34.43, 34.45, 34.47, 34.51, 34.44, 34.51, 34.53, 34.47, 34.38, 34.29, 33.91, 33.81, 33.74, 33.69, 33.65, 33.63], [34.41, 34.42, 34.42, 34.43, 34.44, 34.46, 34.48, 34.36, 34.4, 34.43, 34.44, 34.4, 34.35, 34.28, 33.93, 33.84, 33.78, 33.73, 33.69, 33.66]]}]