gis_exercise/awsData/contour/wdir_2023090120.json
[{"header": {"refTime": "2023-09-01T20:00:00.000Z", "nx": 21, "ny": 33, "lo1": 113.509, "la1": 22.2235, "lo2": 113.5947, "la2": 22.1034, "dx": 0.0042850000000001385, "dy": 0.003753125000000024, "parameterCategory": 2, "parameterCategoryName": "Temperature", "parameterNumber": 2}, "data": [1.86, 1.82, 1.76, 2.42, 2.31, 2.15, 1.99, 1.85, 1.82, 2.39, 2.77, 3.12, 2.95, 3.11, 3.7, 3.8, 4.79, 4.8, 4.8, 4.8, 1.89, 1.85, 1.8, 1.72, 2.32, 2.13, 1.85, 1.53, 1.35, 2.05, 2.71, 3.22, 3.13, 3.28, 3.84, 4.8, 4.81, 4.81, 4.81, 4.81, 1.92, 1.89, 1.85, 1.78, 2.38, 2.19, 1.87, 1.28, 0.37, 1.77, 2.81, 3.47, 3.43, 3.53, 4.81, 4.81, 4.82, 4.83, 4.83, 4.83, 1.97, 1.95, 1.91, 1.86, 1.78, 2.34, 2.09, 1.66, 1.26, 2.26, 3.2, 3.9, 3.92, 4.88, 4.83, 4.83, 4.84, 4.86, 4.86, 4.85, 2.02, 2.01, 1.99, 1.96, 1.92, 2.57, 2.47, 2.34, 2.32, 3.09, 3.71, 4.94, 5.11, 4.9, 4.82, 4.83, 4.88, 4.91, 4.9, 4.88, 2.07, 2.07, 2.07, 2.07, 2.07, 2.08, 2.84, 2.91, 3.04, 3.28, 4.81, 4.83, 4.92, 5.35, 4.77, 4.84, 4.94, 4.99, 4.95, 4.91, 2.99, 2.13, 2.15, 2.17, 2.21, 2.27, 3.7, 3.28, 3.46, 4.34, 4.51, 4.58, 5.13, 5.36, 4.69, 4.85, 5.05, 5.12, 5.7, 5.82, 2.98, 2.97, 2.97, 3.57, 3.56, 3.53, 3.62, 3.67, 3.68, 4.42, 4.98, 4.8, 4.82, 5.53, 5.63, 5.55, 5.43, 5.38, 5.45, 5.5, 2.97, 2.96, 2.94, 2.92, 3.46, 3.48, 3.58, 3.65, 4.32, 4.27, 5.51, 5.65, 6.44, 6.06, 5.82, 5.66, 5.55, 5.5, 5.51, 5.53, 3.53, 3.49, 3.44, 2.88, 2.83, 3.24, 3.51, 3.81, 4.68, 4.77, 5.77, 6.21, 6.91, 6.32, 5.96, 5.76, 5.65, 5.59, 5.57, 5.57, 3.53, 3.49, 3.44, 3.34, 3.15, 2.56, 3.41, 4.02, 4.33, 4.93, 6.45, 6.1, 6.28, 6.19, 5.98, 5.82, 5.71, 5.65, 5.62, 5.61, 3.54, 3.5, 3.46, 3.39, 3.29, 3.25, 3.64, 4.45, 4.85, 5.55, 6.35, 6.03, 6.12, 6.05, 5.94, 5.83, 5.75, 6.53, 6.48, 6.46, 3.55, 3.52, 3.49, 3.46, 3.44, 3.46, 3.59, 4.24, 4.64, 4.35, 5.64, 5.94, 6.0, 6.31, 6.29, 6.76, 6.67, 6.6, 6.55, 6.52, 3.57, 3.55, 3.53, 3.52, 3.51, 3.48, 3.29, 3.81, 4.14, 4.16, 5.49, 6.71, 6.8, 6.85, 6.31, 6.74, 6.68, 6.63, 6.59, 6.56, 3.59, 3.58, 3.57, 3.56, 3.56, 3.55, 3.58, 4.06, 4.26, 4.35, 4.37, 5.54, 6.74, 6.77, 6.79, 6.72, 6.68, 6.65, 6.62, 6.59, 3.61, 3.6, 3.21, 3.22, 3.23, 4.03, 4.04, 4.12, 4.21, 4.27, 5.39, 5.54, 5.72, 6.4, 6.46, 7.7, 7.87, 8.05, 7.45, 7.5, 3.24, 3.24, 3.26, 3.28, 4.11, 4.1, 4.12, 4.15, 4.19, 4.23, 5.31, 5.53, 5.79, 6.06, 6.81, 6.58, 6.56, 6.54, 6.52, 6.49, 3.27, 3.28, 3.31, 3.34, 4.14, 4.14, 4.15, 4.16, 4.18, 4.45, 4.69, 5.5, 5.82, 6.76, 6.65, 6.59, 6.57, 6.55, 6.52, 6.49, 3.3, 3.32, 3.35, 4.16, 4.16, 4.16, 4.16, 4.16, 4.21, 4.41, 4.93, 5.24, 6.72, 6.86, 6.61, 6.6, 6.59, 6.57, 6.53, 6.49, 3.32, 3.34, 3.92, 3.93, 3.95, 3.98, 4.02, 4.07, 4.42, 4.64, 4.9, 5.16, 6.85, 7.07, 6.62, 6.63, 6.63, 6.59, 6.54, 6.48, 3.93, 3.94, 3.95, 3.97, 3.99, 4.02, 4.05, 4.08, 4.62, 4.73, 4.9, 5.09, 7.04, 6.62, 6.66, 6.7, 6.71, 6.65, 6.54, 6.45, 3.95, 3.97, 3.98, 4.0, 4.03, 4.05, 4.08, 4.44, 4.72, 4.78, 4.89, 5.02, 7.32, 6.63, 6.72, 6.84, 6.91, 6.75, 6.52, 6.39, 3.98, 3.99, 4.01, 4.52, 4.51, 4.51, 4.5, 4.5, 4.51, 4.52, 4.53, 6.11, 5.79, 6.62, 6.75, 7.04, 7.43, 6.9, 6.39, 6.27, 4.55, 4.55, 4.55, 4.54, 4.54, 4.54, 4.54, 4.54, 4.55, 4.55, 4.56, 6.24, 5.71, 5.98, 6.29, 6.99, 8.84, 6.17, 5.96, 6.07, 4.57, 4.57, 4.57, 4.57, 4.57, 4.57, 4.57, 4.57, 4.57, 4.55, 4.58, 6.04, 6.62, 5.87, 6.07, 6.18, 5.56, 4.36, 5.55, 5.9, 4.58, 4.58, 4.58, 4.59, 4.59, 4.6, 4.61, 4.61, 4.59, 4.58, 5.44, 5.94, 6.45, 5.75, 5.86, 5.89, 5.51, 5.23, 5.62, 5.86, 4.59, 4.6, 4.6, 4.61, 4.62, 4.63, 4.64, 4.65, 4.66, 4.68, 5.57, 5.88, 6.3, 5.81, 5.85, 5.79, 5.64, 5.54, 5.58, 5.67, 4.6, 4.61, 4.62, 4.63, 4.64, 4.65, 4.67, 4.7, 4.74, 5.48, 5.53, 4.4, 4.16, 3.89, 5.76, 5.75, 5.7, 5.66, 5.67, 5.71, 4.61, 4.62, 4.63, 4.64, 4.66, 4.67, 4.7, 4.74, 4.8, 5.41, 4.89, 4.55, 4.26, 3.99, 5.71, 5.72, 5.72, 5.71, 5.71, 5.73, 4.62, 4.63, 4.64, 4.65, 4.67, 4.69, 4.72, 4.76, 4.51, 4.68, 4.78, 4.55, 4.28, 4.05, 5.67, 5.71, 5.72, 5.72, 5.73, 5.75, 4.63, 4.64, 4.65, 4.66, 4.68, 4.7, 4.73, 4.76, 4.45, 4.53, 4.54, 4.43, 4.25, 4.06, 5.66, 5.69, 5.72, 5.73, 5.74, 5.76, 4.63, 4.64, 4.65, 4.67, 4.68, 4.7, 4.73, 4.32, 4.37, 4.4, 4.39, 4.31, 4.19, 4.05, 5.66, 5.69, 5.71, 5.73, 5.74, 5.76]}, {"header": {"refTime": "2023-09-01T20:00:00.000Z", "nx": 21, "ny": 33, "lo1": 113.509, "la1": 22.2235, "lo2": 113.5947, "la2": 22.1034, "dx": 0.0042850000000001385, "dy": 0.003753125000000024, "parameterCategory": 2, "parameterCategoryName": "Temperature", "parameterNumber": 3}, "data": [-4.95, -4.89, -4.81, -4.14, -4.09, -3.14, -3.1, -3.06, -3.01, -2.93, -2.87, -2.81, -3.38, -3.41, -5.33, -5.75, -7.35, -7.64, -7.85, -8.0, -4.99, -4.93, -4.85, -4.75, -4.1, -4.0, -3.12, -3.07, -3.02, -2.94, -2.85, -2.75, -3.29, -3.33, -5.3, -7.02, -7.47, -7.83, -8.07, -8.21, -5.05, -4.99, -4.92, -4.81, -4.13, -4.04, -3.88, -3.08, -3.01, -2.95, -2.83, -2.65, -3.13, -3.21, -6.37, -7.08, -7.69, -8.12, -8.37, -8.48, -5.11, -5.07, -5.0, -4.91, -4.78, -4.12, -3.99, -3.78, -3.58, -2.97, -2.79, -2.48, -2.79, -3.4, -6.25, -7.27, -8.08, -8.59, -8.81, -8.84, -5.19, -5.16, -5.12, -5.04, -4.94, -4.24, -4.19, -4.12, -4.09, -3.07, -2.84, -3.17, -2.09, -3.19, -6.33, -7.7, -8.75, -9.32, -9.41, -9.26, -5.28, -5.27, -5.25, -5.2, -5.13, -5.03, -4.4, -4.44, -4.47, -4.5, -4.37, -3.78, -3.02, -4.85, -6.8, -8.39, -9.84, -10.45, -10.16, -9.7, -6.62, -5.39, -5.4, -5.39, -5.35, -5.27, -5.64, -4.7, -4.77, -5.53, -5.66, -5.0, -6.23, -6.22, -7.44, -9.12, -11.31, -12.12, -11.38, -10.73, -6.65, -6.65, -6.64, -7.28, -7.2, -5.91, -5.71, -5.42, -5.26, -5.45, -5.29, -7.54, -7.98, -7.37, -10.73, -11.54, -12.54, -12.9, -12.36, -12.0, -6.69, -6.7, -6.71, -6.71, -7.3, -7.22, -7.04, -5.61, -5.94, -5.58, -7.27, -8.27, -9.39, -8.86, -10.7, -11.3, -11.9, -12.17, -12.05, -11.86, -8.06, -8.03, -7.99, -6.81, -6.87, -7.38, -7.4, -7.38, -6.72, -6.54, -7.93, -8.78, -9.75, -9.06, -10.72, -11.1, -11.48, -11.7, -11.73, -11.67, -8.05, -8.02, -7.98, -7.91, -7.77, -7.32, -8.0, -8.54, -8.2, -7.3, -8.94, -8.58, -8.9, -8.81, -10.73, -10.99, -11.24, -11.42, -11.49, -11.49, -8.06, -8.03, -7.99, -7.93, -7.85, -7.83, -8.16, -8.94, -9.33, -9.67, -9.12, -9.79, -9.81, -8.58, -10.73, -10.92, -11.1, -11.57, -11.61, -11.62, -8.06, -8.04, -8.01, -7.97, -7.94, -7.92, -7.99, -8.69, -9.11, -8.82, -9.65, -9.77, -9.77, -9.38, -9.34, -11.13, -11.22, -11.3, -11.36, -11.4, -8.07, -8.05, -8.03, -8.0, -7.97, -7.88, -7.58, -8.22, -8.58, -8.62, -9.52, -10.04, -10.0, -9.95, -9.24, -10.84, -10.93, -11.03, -11.12, -11.2, -8.08, -8.07, -8.05, -8.03, -8.01, -7.97, -7.97, -8.55, -8.81, -8.93, -8.98, -9.39, -9.83, -9.75, -9.7, -10.49, -10.62, -10.77, -10.9, -11.01, -8.1, -8.09, -7.87, -7.87, -7.87, -8.58, -8.6, -8.71, -8.84, -8.92, -9.39, -9.32, -9.23, -9.38, -9.33, -9.39, -9.46, -9.53, -10.26, -10.37, -7.93, -7.94, -7.95, -7.97, -8.72, -8.73, -8.78, -8.87, -8.94, -8.98, -9.34, -9.27, -9.17, -9.05, -8.93, -9.05, -9.15, -9.22, -9.28, -9.31, -7.98, -8.0, -8.02, -8.06, -8.81, -8.84, -8.92, -9.02, -9.08, -8.82, -8.74, -9.24, -9.13, -8.93, -8.81, -9.02, -9.16, -9.24, -9.3, -9.34, -8.02, -8.05, -8.08, -8.84, -8.87, -8.92, -9.01, -9.14, -9.19, -8.95, -8.17, -8.06, -9.06, -8.98, -9.0, -9.1, -9.21, -9.29, -9.34, -9.37, -8.06, -8.09, -7.21, -7.29, -7.4, -7.58, -7.86, -8.29, -8.67, -8.29, -7.99, -7.88, -9.11, -9.07, -9.18, -9.23, -9.3, -9.36, -9.39, -9.41, -7.05, -7.08, -7.12, -7.17, -7.25, -7.36, -7.53, -7.71, -7.97, -7.81, -7.65, -7.6, -9.15, -9.28, -9.31, -9.35, -9.4, -9.43, -9.45, -9.45, -6.98, -6.99, -7.01, -7.02, -7.05, -7.08, -7.11, -6.88, -7.29, -7.21, -7.17, -7.23, -7.44, -9.37, -9.4, -9.45, -9.49, -9.51, -9.51, -9.5, -6.91, -6.9, -6.88, -6.53, -6.52, -6.49, -6.42, -6.3, -6.13, -6.02, -6.02, -6.99, -7.56, -9.43, -9.47, -9.52, -9.55, -9.57, -9.56, -9.54, -6.46, -6.44, -6.42, -6.38, -6.32, -6.23, -6.06, -5.81, -5.49, -5.33, -5.51, -5.84, -7.43, -8.06, -8.6, -9.57, -9.57, -9.65, -9.61, -9.57, -6.39, -6.36, -6.32, -6.26, -6.17, -6.03, -5.82, -5.48, -4.95, -4.51, -5.1, -5.69, -6.22, -7.98, -8.55, -9.02, -9.67, -9.73, -9.64, -9.59, -6.33, -6.29, -6.24, -6.17, -6.06, -5.92, -5.71, -5.4, -4.93, -4.56, -5.14, -5.69, -6.15, -7.89, -8.42, -9.15, -9.33, -9.39, -9.62, -9.58, -6.28, -6.24, -6.18, -6.1, -6.01, -5.88, -5.71, -5.51, -5.3, -5.24, -5.49, -5.8, -6.13, -8.39, -8.71, -8.95, -9.12, -9.19, -9.18, -9.13, -6.24, -6.2, -6.14, -6.07, -5.98, -5.88, -5.76, -5.66, -5.6, -5.67, -5.8, -5.99, -6.23, -6.55, -8.5, -8.75, -8.92, -9.0, -9.03, -9.02, -6.21, -6.17, -6.12, -6.05, -5.98, -5.9, -5.83, -5.77, -5.78, -5.9, -6.02, -6.06, -6.24, -6.49, -8.33, -8.57, -8.74, -8.85, -8.9, -8.91, -6.19, -6.15, -6.1, -6.05, -5.99, -5.93, -5.88, -5.85, -5.93, -5.99, -6.04, -6.11, -6.26, -6.46, -8.2, -8.43, -8.6, -8.71, -8.78, -8.82, -6.18, -6.14, -6.1, -6.05, -6.0, -5.96, -5.92, -5.9, -6.0, -6.04, -6.09, -6.16, -6.29, -6.45, -8.13, -8.34, -8.49, -8.61, -8.68, -8.73, -6.17, -6.14, -6.1, -6.06, -6.02, -5.99, -5.96, -6.04, -6.06, -6.1, -6.15, -6.22, -6.32, -6.45, -8.1, -8.27, -8.42, -8.52, -8.6, -8.65]}, {"header": {"refTime": "2023-09-01T20:00:00.000Z", "nx": 21, "ny": 33, "lo1": 113.509, "la1": 22.2235, "lo2": 113.5947, "la2": 22.1034, "dx": 0.0042850000000001385, "dy": 0.003753125000000024, "parameterCategory": 0, "parameterCategoryName": "Temperature", "parameterNumber": 0}, "data": [[25.8, 25.79, 25.77, 25.43, 25.43, 25.78, 25.77, 25.75, 25.76, 25.7, 25.75, 25.8, 26.08, 26.11, 26.18, 26.2, 26.36, 26.35, 26.35, 26.34], [25.81, 25.8, 25.78, 25.76, 25.43, 25.44, 25.74, 25.7, 25.69, 25.67, 25.76, 25.83, 26.12, 26.15, 26.21, 26.37, 26.36, 26.35, 26.35, 26.34], [25.82, 25.81, 25.79, 25.77, 25.43, 25.44, 25.45, 25.66, 25.54, 25.65, 25.77, 25.89, 26.18, 26.2, 26.39, 26.37, 26.36, 26.35, 26.34, 26.34], [25.83, 25.82, 25.81, 25.79, 25.76, 25.44, 25.44, 25.45, 25.46, 25.67, 25.82, 25.99, 26.29, 26.19, 26.39, 26.37, 26.35, 26.34, 26.34, 26.34], [25.85, 25.84, 25.83, 25.81, 25.79, 25.43, 25.44, 25.44, 25.43, 25.7, 25.84, 26.21, 26.44, 26.24, 26.39, 26.36, 26.34, 26.33, 26.33, 26.33], [25.87, 25.86, 25.86, 25.84, 25.82, 25.79, 25.44, 25.44, 25.42, 25.38, 25.89, 26.09, 26.28, 26.43, 26.37, 26.34, 26.33, 26.32, 26.32, 26.33], [26.04, 25.89, 25.89, 25.88, 25.86, 25.83, 25.67, 25.46, 25.45, 25.47, 25.45, 25.9, 26.32, 26.34, 26.34, 26.33, 26.31, 26.31, 26.36, 26.37], [26.06, 26.06, 26.06, 26.06, 26.04, 25.79, 25.71, 25.63, 25.57, 25.43, 25.26, 25.79, 25.8, 26.35, 26.23, 26.2, 26.25, 26.26, 26.24, 26.22], [25.94, 25.95, 26.1, 26.11, 26.11, 26.08, 25.98, 25.68, 25.44, 25.49, 25.48, 25.63, 25.7, 25.61, 26.22, 26.2, 26.22, 26.23, 26.23, 26.22], [26.4, 26.4, 26.4, 26.03, 26.08, 26.22, 26.12, 25.98, 25.32, 25.34, 25.71, 25.54, 25.59, 25.57, 26.22, 26.19, 26.2, 26.21, 26.21, 26.21], [26.4, 26.4, 26.4, 26.4, 26.4, 26.4, 26.4, 26.4, 26.12, 25.43, 25.1, 25.48, 25.53, 25.53, 26.22, 26.18, 26.19, 26.2, 26.2, 26.2], [26.4, 26.4, 26.4, 26.4, 26.4, 26.4, 26.4, 26.4, 26.4, -999.0, 25.1, 26.1, 26.1, 25.5, 26.22, 26.17, 26.18, 25.39, 25.41, 25.42], [26.4, 26.4, 26.4, 26.4, 26.4, 26.4, 26.4, 26.4, 26.4, 26.4, -999.0, 26.1, 26.1, 25.19, 25.59, 25.72, 25.73, 25.53, 25.56, 25.58], [26.4, 26.4, 26.4, 26.4, 26.4, 26.4, 26.4, 26.4, 26.4, 26.4, -999.0, 24.7, 24.7, 24.7, 25.47, 25.58, 25.61, 25.41, 25.45, 25.48], [26.4, 26.4, 26.4, 26.4, 26.4, 26.4, 26.4, 26.0, 26.0, 26.0, 26.0, 25.5, 24.7, 24.7, 24.7, 25.43, 25.48, 25.3, 25.35, 25.4], [26.4, 26.4, 26.15, 26.14, 26.14, 26.0, 26.0, 26.0, 26.0, 26.0, 25.18, 25.27, 25.15, 25.04, 25.16, 25.21, 25.29, 25.15, 25.5, 25.55], [26.14, 26.14, 26.26, 26.25, 26.0, 26.0, 26.0, 26.0, 26.0, 26.0, 25.44, 25.28, 25.11, 24.95, 25.01, 24.95, 25.03, 25.1, 25.15, 25.18], [26.26, 26.25, 26.25, 26.23, 26.0, 26.0, 26.0, 26.0, 26.0, 25.67, 25.5, 25.3, 25.1, 25.02, 24.75, 24.92, 25.04, 25.12, 25.17, 25.2], [26.25, 26.24, 26.23, 26.0, 26.0, 26.0, 26.0, 26.0, 25.88, 25.75, 25.68, 25.52, 25.31, 25.13, 24.9, 24.99, 25.1, 25.17, 25.21, 25.23], [26.24, 26.24, 26.17, 26.16, 26.15, 26.14, 26.11, 26.05, 25.91, 25.83, 25.71, 25.58, 25.4, 25.3, 25.07, 25.12, 25.19, 25.23, 25.26, 25.27], [26.18, 26.18, 26.17, 26.12, 26.12, 26.11, 26.1, 26.09, 25.87, 25.82, 25.75, 25.65, 25.49, 25.17, 25.2, 25.25, 25.29, 25.32, 25.31, 25.31], [26.14, 26.14, 26.14, 26.13, 26.13, 26.13, 26.13, 26.19, 25.88, 25.85, 25.8, 25.72, 25.67, 25.25, 25.3, 25.36, 25.41, 25.4, 25.37, 25.34], [26.15, 26.15, 26.15, 26.24, 26.23, 26.23, 26.23, 26.23, 26.24, 26.25, 26.25, 26.16, 25.82, 25.31, 25.37, 25.46, 25.56, 25.49, 25.4, 25.36], [26.25, 26.25, 26.25, 26.25, 26.25, 26.25, 26.26, 26.26, 26.27, 26.28, 26.28, 26.3, 25.83, 25.75, 25.7, 25.5, 25.8, 25.44, 25.37, 25.35], [26.26, 26.26, 26.26, 26.26, 26.27, 26.27, 26.28, 26.28, 26.29, 26.3, 26.3, 26.31, 26.3, 25.75, 25.68, 25.61, 25.36, 25.22, 25.33, 25.34], [26.27, 26.27, 26.27, 26.27, 26.28, 26.29, 26.29, 26.3, 26.31, 26.31, 26.33, 26.33, 26.31, 25.76, 25.68, 25.63, 25.53, 25.48, 25.32, 25.33], [26.27, 26.28, 26.28, 26.28, 26.29, 26.3, 26.31, 26.32, 26.33, 26.34, 26.35, 26.35, 26.33, 25.85, 25.76, 25.68, 25.61, 25.58, 25.58, 25.61], [26.28, 26.28, 26.29, 26.29, 26.3, 26.31, 26.32, 26.34, 26.36, 26.39, 26.4, 26.21, 26.1, 25.97, 25.81, 25.74, 25.68, 25.65, 25.64, 25.65], [26.28, 26.29, 26.29, 26.3, 26.31, 26.32, 26.33, 26.35, 26.38, 26.43, 26.42, 26.27, 26.14, 26.02, 25.86, 25.79, 25.73, 25.7, 25.69, 25.68], [26.29, 26.29, 26.3, 26.31, 26.32, 26.33, 26.34, 26.36, 26.26, 26.33, 26.37, 26.27, 26.15, 26.04, 25.9, 25.83, 25.78, 25.74, 25.72, 25.72], [26.29, 26.3, 26.3, 26.31, 26.32, 26.33, 26.34, 26.36, 26.23, 26.26, 26.27, 26.21, 26.13, 26.05, 25.92, 25.86, 25.81, 25.78, 25.76, 25.74], [26.3, 26.3, 26.31, 26.31, 26.32, 26.33, 26.34, 26.17, 26.19, 26.2, 26.2, 26.16, 26.11, 26.05, 25.93, 25.88, 25.84, 25.8, 25.78, 25.77]]}]