gis_exercise/awsData/contour/wdir_2023090801.json
[{"header": {"refTime": "2023-09-08T01:00:00.000Z", "nx": 21, "ny": 33, "lo1": 113.509, "la1": 22.2235, "lo2": 113.5947, "la2": 22.1034, "dx": 0.0042850000000001385, "dy": 0.003753125000000024, "parameterCategory": 2, "parameterCategoryName": "Temperature", "parameterNumber": 2}, "data": [-0.77, -0.76, -0.75, -0.64, -0.63, -1.04, -1.01, -0.98, -0.99, -1.0, -1.11, -1.22, -1.81, -1.89, -2.59, -2.73, -3.45, -3.51, -3.56, -3.59, -0.78, -0.77, -0.76, -0.74, -0.64, -0.62, -0.96, -0.89, -0.85, -0.93, -1.11, -1.27, -1.87, -1.95, -2.65, -3.38, -3.48, -3.56, -3.61, -3.64, -0.78, -0.78, -0.77, -0.75, -0.64, -0.63, -0.6, -0.81, -0.56, -0.86, -1.15, -1.37, -1.98, -2.04, -3.26, -3.41, -3.53, -3.63, -3.68, -3.7, -0.79, -0.79, -0.78, -0.77, -0.75, -0.64, -0.62, -0.59, -0.56, -0.96, -1.24, -1.54, -2.14, -2.17, -3.24, -3.45, -3.63, -3.74, -3.79, -3.79, -0.8, -0.8, -0.79, -0.79, -0.78, -0.66, -0.66, -0.64, -0.64, -1.08, -1.33, -2.16, -2.34, -2.21, -3.25, -3.54, -3.78, -3.91, -3.93, -3.89, -0.81, -0.81, -0.81, -0.81, -0.8, -0.79, -0.7, -0.7, -0.7, -0.68, -1.84, -2.08, -2.25, -2.84, -3.32, -3.69, -4.04, -4.19, -4.11, -4.0, -1.23, -0.83, -0.83, -0.83, -0.83, -0.83, -0.86, -0.76, -0.76, -1.14, -1.23, -1.98, -2.95, -2.99, -3.41, -3.84, -4.4, -4.61, -4.47, -4.31, -1.23, -1.22, -1.21, -1.48, -1.45, -0.88, -0.87, -0.87, -0.98, -1.07, -0.9, -2.46, -2.75, -3.14, -3.91, -4.21, -4.58, -4.71, -4.52, -4.38, -1.24, -1.23, -1.22, -1.2, -1.44, -1.42, -1.42, -0.87, -1.2, -1.19, -2.1, -2.73, -3.27, -3.01, -3.9, -4.12, -4.34, -4.44, -4.4, -4.33, -1.83, -1.8, -1.76, -1.21, -1.17, -1.36, -1.48, -1.61, -1.53, -1.44, -2.47, -2.93, -3.39, -3.08, -3.9, -4.05, -4.19, -4.27, -4.28, -4.26, -1.84, -1.81, -1.76, -1.69, -1.53, -1.06, -1.7, -2.12, -2.04, -1.79, -2.68, -2.82, -2.99, -2.95, -3.9, -4.0, -4.1, -4.16, -4.19, -4.19, -1.85, -1.82, -1.79, -1.74, -1.66, -1.62, -1.91, -2.4, -2.63, -2.98, -2.75, -3.37, -3.41, -2.84, -3.91, -3.98, -4.04, -3.73, -3.75, -3.74, -1.86, -1.85, -1.83, -1.81, -1.81, -1.86, -1.99, -2.32, -2.52, -2.35, -3.01, -3.33, -3.36, -2.9, -2.84, -3.46, -3.49, -3.53, -3.56, -3.59, -1.88, -1.87, -1.87, -1.87, -1.89, -1.93, -1.93, -2.12, -2.26, -2.26, -2.95, -2.89, -2.84, -2.77, -2.65, -3.21, -3.26, -3.32, -3.38, -3.43, -1.9, -1.9, -1.9, -1.91, -1.93, -1.96, -2.0, -2.03, -2.06, -2.05, -2.01, -1.82, -2.64, -2.55, -2.48, -2.91, -3.01, -3.11, -3.21, -3.29, -1.91, -1.92, -1.3, -1.32, -1.35, -1.89, -1.88, -1.87, -1.86, -1.86, -1.73, -1.7, -1.66, -1.83, -1.82, -2.27, -2.38, -2.48, -2.84, -2.94, -1.26, -1.27, -1.28, -1.29, -1.81, -1.78, -1.72, -1.66, -1.63, -1.65, -1.58, -1.6, -1.59, -1.55, -1.56, -1.76, -1.88, -1.96, -2.02, -2.06, -1.25, -1.25, -1.25, -1.25, -1.73, -1.66, -1.55, -1.4, -1.32, -1.14, -1.22, -1.52, -1.54, -1.54, -1.47, -1.73, -1.89, -1.99, -2.05, -2.09, -1.24, -1.24, -1.23, -1.73, -1.67, -1.57, -1.42, -1.16, -0.87, -1.05, -1.24, -1.34, -1.57, -1.6, -1.71, -1.83, -1.96, -2.05, -2.1, -2.13, -1.23, -1.22, -1.54, -1.51, -1.46, -1.4, -1.29, -1.13, -1.01, -1.15, -1.28, -1.36, -1.63, -1.69, -1.92, -1.99, -2.07, -2.13, -2.16, -2.18, -1.58, -1.57, -1.55, -1.52, -1.49, -1.44, -1.38, -1.31, -1.22, -1.29, -1.37, -1.42, -1.71, -2.05, -2.09, -2.15, -2.21, -2.24, -2.24, -2.23, -1.59, -1.58, -1.57, -1.55, -1.53, -1.51, -1.48, -1.37, -1.42, -1.45, -1.48, -1.5, -2.24, -2.16, -2.22, -2.29, -2.35, -2.34, -2.3, -2.27, -1.6, -1.59, -1.59, -1.44, -1.45, -1.46, -1.48, -1.52, -1.57, -1.6, -1.59, -2.04, -2.41, -2.23, -2.31, -2.42, -2.53, -2.45, -2.35, -2.29, -1.45, -1.45, -1.46, -1.47, -1.49, -1.52, -1.57, -1.65, -1.74, -1.79, -1.73, -2.22, -2.4, -2.44, -2.48, -2.46, -2.81, -2.41, -2.32, -2.29, -1.46, -1.47, -1.48, -1.5, -1.53, -1.57, -1.63, -1.73, -1.9, -2.04, -1.84, -2.17, -2.24, -2.42, -2.45, -2.47, -2.32, -2.16, -2.27, -2.28, -1.47, -1.48, -1.5, -1.52, -1.55, -1.59, -1.65, -1.74, -1.89, -2.01, -2.1, -2.11, -2.17, -2.4, -2.42, -2.27, -2.27, -2.24, -2.27, -2.27, -1.48, -1.49, -1.51, -1.53, -1.55, -1.58, -1.63, -1.68, -1.74, -1.75, -1.98, -2.0, -2.08, -2.06, -2.15, -2.2, -2.23, -2.23, -2.23, -2.24, -1.49, -1.5, -1.51, -1.53, -1.55, -1.57, -1.6, -1.62, -1.61, -1.81, -1.76, -1.65, -1.69, -1.72, -2.08, -2.14, -2.18, -2.2, -2.21, -2.21, -1.49, -1.5, -1.51, -1.53, -1.54, -1.55, -1.56, -1.56, -1.53, -1.62, -1.4, -1.55, -1.64, -1.69, -2.02, -2.09, -2.14, -2.16, -2.18, -2.19, -1.49, -1.5, -1.51, -1.52, -1.53, -1.54, -1.54, -1.53, -1.61, -1.51, -1.45, -1.54, -1.62, -1.67, -1.98, -2.05, -2.1, -2.13, -2.15, -2.16, -1.49, -1.5, -1.51, -1.51, -1.52, -1.52, -1.52, -1.51, -1.62, -1.57, -1.55, -1.58, -1.63, -1.67, -1.96, -2.02, -2.07, -2.1, -2.12, -2.14, -1.49, -1.5, -1.5, -1.51, -1.51, -1.51, -1.51, -1.67, -1.64, -1.62, -1.61, -1.62, -1.65, -1.67, -1.95, -2.01, -2.05, -2.08, -2.1, -2.12]}, {"header": {"refTime": "2023-09-08T01:00:00.000Z", "nx": 21, "ny": 33, "lo1": 113.509, "la1": 22.2235, "lo2": 113.5947, "la2": 22.1034, "dx": 0.0042850000000001385, "dy": 0.003753125000000024, "parameterCategory": 2, "parameterCategoryName": "Temperature", "parameterNumber": 3}, "data": [0.32, 0.31, 0.29, 0.36, 0.34, 0.6, 0.55, 0.5, 0.5, 0.59, 0.72, 0.85, 1.61, 1.71, 2.4, 2.57, 3.71, 3.79, 3.85, 3.89, 0.32, 0.31, 0.3, 0.28, 0.34, 0.3, 0.5, 0.39, 0.33, 0.48, 0.71, 0.9, 1.67, 1.78, 2.46, 3.61, 3.74, 3.84, 3.91, 3.95, 0.33, 0.32, 0.31, 0.3, 0.36, 0.31, 0.24, 0.29, -0.04, 0.39, 0.75, 1.01, 1.78, 1.87, 3.43, 3.63, 3.81, 3.93, 4.0, 4.03, 0.34, 0.34, 0.33, 0.32, 0.3, 0.35, 0.3, 0.2, 0.11, 0.53, 0.88, 1.2, 1.93, 2.15, 3.4, 3.69, 3.92, 4.06, 4.13, 4.13, 0.35, 0.35, 0.35, 0.34, 0.34, 0.41, 0.39, 0.35, 0.34, 0.75, 1.02, 2.09, 2.09, 2.16, 3.42, 3.81, 4.11, 4.28, 4.3, 4.26, 0.37, 0.37, 0.37, 0.37, 0.37, 0.38, 0.48, 0.49, 0.51, 0.53, 1.97, 2.12, 2.16, 2.82, 3.55, 4.01, 4.43, 4.61, 4.52, 4.39, 1.09, 0.38, 0.39, 0.39, 0.41, 0.43, 0.7, 0.61, 0.64, 1.32, 1.49, 2.23, 3.13, 3.1, 3.71, 4.21, 4.86, 5.1, 4.77, 4.54, 1.09, 1.07, 1.04, 1.19, 1.16, 0.65, 0.68, 0.73, 0.95, 1.23, 1.1, 2.91, 3.22, 3.33, 4.31, 4.65, 5.07, 5.22, 4.99, 4.84, 1.1, 1.07, 1.04, 1.0, 1.12, 1.11, 1.16, 0.7, 1.17, 1.37, 2.36, 3.02, 3.44, 3.24, 4.25, 4.53, 4.79, 4.91, 4.86, 4.78, 1.72, 1.68, 1.61, 0.99, 0.89, 0.97, 1.16, 1.37, 1.53, 1.45, 2.71, 3.11, 3.46, 3.25, 4.22, 4.42, 4.6, 4.7, 4.72, 4.69, 1.74, 1.69, 1.62, 1.5, 1.25, 0.5, 1.48, 2.03, 1.87, 1.8, 2.68, 3.02, 3.16, 3.14, 4.22, 4.36, 4.49, 4.57, 4.61, 4.61, 1.76, 1.72, 1.68, 1.6, 1.47, 1.42, 1.82, 2.38, 2.62, 3.06, 2.74, 3.53, 3.58, 3.04, 4.24, 4.33, 4.42, 3.71, 3.73, 3.73, 1.79, 1.77, 1.75, 1.73, 1.75, 1.89, 2.13, 2.38, 2.54, 2.36, 3.09, 3.49, 3.53, 2.84, 2.76, 3.32, 3.37, 3.43, 3.48, 3.51, 1.82, 1.82, 1.82, 1.84, 1.91, 2.06, 2.27, 2.26, 2.32, 2.28, 3.05, 2.62, 2.53, 2.42, 2.48, 2.98, 3.06, 3.15, 3.24, 3.31, 1.85, 1.86, 1.87, 1.91, 1.97, 2.07, 2.16, 2.32, 2.32, 2.3, 2.26, 1.65, 2.28, 2.14, 2.05, 2.6, 2.72, 2.87, 3.0, 3.11, 1.88, 1.89, 1.39, 1.43, 1.49, 2.2, 2.19, 2.17, 2.15, 2.14, 1.62, 1.51, 1.38, 1.43, 1.37, 1.85, 2.01, 2.17, 2.75, 2.9, 1.35, 1.37, 1.39, 1.42, 2.12, 2.09, 2.04, 1.97, 1.93, 1.95, 1.49, 1.4, 1.26, 1.08, 1.06, 1.32, 1.55, 1.73, 1.85, 1.94, 1.35, 1.37, 1.38, 1.4, 2.04, 1.97, 1.87, 1.73, 1.65, 1.3, 1.26, 1.33, 1.18, 1.05, 0.74, 1.25, 1.57, 1.78, 1.91, 2.0, 1.35, 1.36, 1.37, 2.03, 1.98, 1.89, 1.74, 1.51, 1.2, 1.25, 0.92, 0.85, 1.34, 1.2, 1.21, 1.44, 1.71, 1.9, 2.01, 2.08, 1.35, 1.35, 1.39, 1.38, 1.35, 1.32, 1.28, 1.23, 1.05, 0.98, 0.9, 0.85, 1.48, 1.45, 1.64, 1.77, 1.95, 2.07, 2.14, 2.17, 1.37, 1.36, 1.35, 1.33, 1.3, 1.27, 1.24, 1.21, 0.95, 0.92, 0.87, 0.84, 1.63, 1.9, 1.97, 2.09, 2.21, 2.27, 2.29, 2.28, 1.34, 1.33, 1.31, 1.29, 1.26, 1.22, 1.19, 0.85, 0.87, 0.85, 0.83, 0.81, 1.59, 2.12, 2.23, 2.37, 2.48, 2.48, 2.43, 2.37, 1.31, 1.3, 1.27, 0.79, 0.79, 0.79, 0.79, 0.78, 0.77, 0.75, 0.75, 1.56, 2.02, 2.27, 2.41, 2.59, 2.78, 2.68, 2.53, 2.44, 0.77, 0.77, 0.77, 0.77, 0.76, 0.76, 0.75, 0.73, 0.7, 0.69, 0.69, 1.32, 1.97, 2.22, 2.46, 2.69, 3.19, 2.68, 2.53, 2.46, 0.76, 0.76, 0.75, 0.75, 0.74, 0.73, 0.71, 0.69, 0.65, 0.63, 0.66, 1.22, 1.48, 2.18, 2.4, 2.58, 2.57, 2.39, 2.48, 2.45, 0.75, 0.74, 0.74, 0.73, 0.72, 0.71, 0.69, 0.67, 0.64, 0.62, 0.94, 1.15, 1.39, 2.13, 2.32, 2.43, 2.46, 2.44, 2.46, 2.44, 0.74, 0.73, 0.73, 0.72, 0.71, 0.69, 0.68, 0.66, 0.64, 0.62, 0.94, 1.09, 1.29, 1.98, 2.17, 2.3, 2.37, 2.39, 2.39, 2.38, 0.73, 0.72, 0.72, 0.71, 0.7, 0.68, 0.66, 0.64, 0.62, 0.85, 0.85, 0.75, 0.85, 0.97, 2.04, 2.18, 2.26, 2.3, 2.32, 2.32, 0.72, 0.72, 0.71, 0.7, 0.69, 0.67, 0.66, 0.63, 0.61, 0.75, 0.57, 0.7, 0.82, 0.93, 1.93, 2.07, 2.16, 2.22, 2.25, 2.27, 0.72, 0.71, 0.7, 0.69, 0.68, 0.67, 0.65, 0.63, 0.71, 0.65, 0.61, 0.7, 0.81, 0.91, 1.85, 1.99, 2.08, 2.15, 2.19, 2.21, 0.71, 0.71, 0.7, 0.69, 0.68, 0.67, 0.65, 0.63, 0.73, 0.7, 0.7, 0.75, 0.82, 0.9, 1.8, 1.93, 2.02, 2.09, 2.13, 2.16, 0.71, 0.7, 0.7, 0.69, 0.68, 0.67, 0.65, 0.78, 0.77, 0.76, 0.76, 0.79, 0.85, 0.9, 1.78, 1.89, 1.98, 2.04, 2.09, 2.12]}, {"header": {"refTime": "2023-09-08T01:00:00.000Z", "nx": 21, "ny": 33, "lo1": 113.509, "la1": 22.2235, "lo2": 113.5947, "la2": 22.1034, "dx": 0.0042850000000001385, "dy": 0.003753125000000024, "parameterCategory": 0, "parameterCategoryName": "Temperature", "parameterNumber": 0}, "data": [[26.19, 26.19, 26.18, 25.97, 25.98, 26.22, 26.21, 26.21, 26.21, 26.13, 26.15, 26.17, 26.37, 26.39, 26.39, 26.4, 26.48, 26.47, 26.47, 26.47], [26.19, 26.19, 26.18, 26.18, 25.98, 25.99, 26.2, 26.19, 26.18, 26.13, 26.15, 26.18, 26.39, 26.4, 26.41, 26.48, 26.47, 26.47, 26.47, 26.46], [26.2, 26.19, 26.19, 26.18, 25.98, 25.99, 26.0, 26.17, 26.12, 26.12, 26.16, 26.21, 26.42, 26.43, 26.49, 26.48, 26.47, 26.47, 26.46, 26.46], [26.2, 26.2, 26.19, 26.19, 26.18, 25.98, 25.99, 26.01, 26.03, 26.12, 26.17, 26.26, 26.47, 26.36, 26.49, 26.48, 26.47, 26.46, 26.46, 26.45], [26.21, 26.2, 26.2, 26.19, 26.18, 25.97, 25.98, 25.98, 25.98, 26.1, 26.16, 26.37, 26.5, 26.39, 26.49, 26.47, 26.46, 26.45, 26.45, 26.45], [26.21, 26.21, 26.21, 26.2, 26.19, 26.18, 25.97, 25.97, 25.95, 25.9, 26.16, 26.3, 26.41, 26.53, 26.48, 26.46, 26.44, 26.44, 26.44, 26.44], [26.27, 26.22, 26.22, 26.22, 26.21, 26.2, 26.05, 25.98, 25.96, 25.93, 25.9, 26.19, 26.49, 26.5, 26.47, 26.45, 26.43, 26.42, 26.44, 26.45], [26.27, 26.27, 26.27, 26.27, 26.27, 26.1, 26.07, 26.05, 26.06, 25.9, 25.73, 26.15, 26.16, 26.5, 26.4, 26.4, 26.4, 26.4, 26.4, 26.4], [26.23, 26.23, 26.29, 26.29, 26.29, 26.28, 26.24, 26.06, 25.94, 25.95, 25.91, 26.03, 26.08, 26.01, 26.4, 26.4, 26.4, 26.4, 26.4, 26.4], [26.4, 26.4, 26.4, 26.26, 26.28, 26.33, 26.3, 26.24, 25.82, 25.84, 26.09, 25.95, 26.0, 25.97, 26.4, 26.4, 26.4, 26.4, 26.4, 26.4], [26.4, 26.4, 26.4, 26.4, 26.4, 26.4, 26.4, 26.4, 26.29, 25.93, 25.6, 25.9, 25.94, 25.94, 26.4, 26.4, 26.4, 26.4, 26.4, 26.4], [26.4, 26.4, 26.4, 26.4, 26.4, 26.4, 26.4, 26.4, 26.4, -999.0, 25.6, 26.4, 26.4, 25.92, 26.4, 26.4, 26.4, 25.95, 25.96, 25.96], [26.4, 26.4, 26.4, 26.4, 26.4, 26.4, 26.4, 26.4, 26.4, 26.4, -999.0, 26.4, 26.4, 25.88, 26.11, 26.11, 26.11, 26.02, 26.03, 26.04], [26.4, 26.4, 26.4, 26.4, 26.4, 26.4, 26.4, 26.4, 26.4, 26.4, -999.0, 25.6, 25.6, 25.6, 26.04, 26.04, 26.05, 25.95, 25.98, 25.99], [26.4, 26.4, 26.4, 26.4, 26.4, 26.4, 26.4, 26.4, 26.4, 26.4, 26.4, 26.09, 25.6, 25.6, 25.6, 25.97, 25.99, 25.9, 25.93, 25.95], [26.4, 26.4, 26.4, 26.4, 26.4, 26.4, 26.4, 26.4, 26.4, 26.4, 25.9, 25.95, 25.88, 25.81, 25.89, 25.71, 25.73, 25.7, 25.89, 25.91], [26.4, 26.4, 26.4, 26.4, 26.4, 26.4, 26.4, 26.4, 26.4, 26.4, 26.06, 25.96, 25.85, 25.76, 25.73, 25.67, 25.7, 25.72, 25.74, 25.75], [26.4, 26.4, 26.4, 26.4, 26.4, 26.4, 26.4, 26.4, 26.4, 26.2, 26.09, 25.97, 25.84, 25.74, 25.62, 25.67, 25.7, 25.73, 25.74, 25.75], [26.4, 26.4, 26.4, 26.4, 26.4, 26.4, 26.4, 26.4, 26.33, 26.24, 26.17, 26.07, 25.87, 25.78, 25.66, 25.69, 25.72, 25.74, 25.75, 25.76], [26.4, 26.4, 26.4, 26.4, 26.4, 26.4, 26.4, 26.4, 26.32, 26.26, 26.18, 26.1, 25.91, 25.84, 25.71, 25.73, 25.75, 25.76, 25.77, 25.77], [26.4, 26.4, 26.4, 26.4, 26.4, 26.4, 26.4, 26.4, 26.28, 26.24, 26.19, 26.13, 25.93, 25.74, 25.75, 25.76, 25.78, 25.78, 25.79, 25.79], [26.4, 26.4, 26.4, 26.4, 26.4, 26.4, 26.4, 26.4, 26.26, 26.24, 26.21, 26.16, 25.96, 25.77, 25.78, 25.79, 25.81, 25.81, 25.8, 25.8], [26.4, 26.4, 26.4, 26.4, 26.4, 26.4, 26.4, 26.4, 26.4, 26.4, 26.4, 26.27, 26.06, 25.78, 25.8, 25.82, 25.84, 25.83, 25.82, 25.81], [26.4, 26.4, 26.4, 26.4, 26.4, 26.4, 26.4, 26.4, 26.4, 26.4, 26.4, 26.28, 26.07, 26.01, 25.96, 25.83, 25.87, 25.84, 25.82, 25.81], [26.4, 26.4, 26.4, 26.4, 26.4, 26.4, 26.4, 26.4, 26.4, 26.4, 26.4, 26.29, 26.25, 26.01, 25.96, 25.92, 25.83, 25.82, 25.82, 25.81], [26.4, 26.4, 26.4, 26.4, 26.4, 26.4, 26.4, 26.4, 26.4, 26.4, 26.34, 26.3, 26.26, 26.02, 25.97, 25.93, 25.9, 25.89, 25.81, 25.81], [26.4, 26.4, 26.4, 26.4, 26.4, 26.4, 26.4, 26.4, 26.4, 26.4, 26.34, 26.31, 26.28, 26.05, 26.0, 25.96, 25.94, 25.92, 25.93, 25.93], [26.4, 26.4, 26.4, 26.4, 26.4, 26.4, 26.4, 26.4, 26.4, 26.35, 26.35, 26.31, 26.27, 26.22, 26.03, 25.99, 25.97, 25.95, 25.95, 25.95], [26.4, 26.4, 26.4, 26.4, 26.4, 26.4, 26.4, 26.4, 26.4, 26.36, 26.38, 26.33, 26.28, 26.24, 26.06, 26.02, 25.99, 25.98, 25.97, 25.97], [26.4, 26.4, 26.4, 26.4, 26.4, 26.4, 26.4, 26.4, 26.33, 26.35, 26.36, 26.33, 26.29, 26.25, 26.08, 26.04, 26.01, 26.0, 25.99, 25.98], [26.4, 26.4, 26.4, 26.4, 26.4, 26.4, 26.4, 26.4, 26.32, 26.33, 26.33, 26.31, 26.28, 26.25, 26.09, 26.05, 26.03, 26.01, 26.0, 26.0], [26.4, 26.4, 26.4, 26.4, 26.4, 26.4, 26.4, 26.3, 26.31, 26.31, 26.3, 26.29, 26.27, 26.25, 26.09, 26.06, 26.04, 26.03, 26.01, 26.01]]}]