gis_exercise/awsData/contour/wdir_2023091322.json
[{"header": {"refTime": "2023-09-13T22:00:00.000Z", "nx": 21, "ny": 33, "lo1": 113.509, "la1": 22.2235, "lo2": 113.5947, "la2": 22.1034, "dx": 0.0042850000000001385, "dy": 0.003753125000000024, "parameterCategory": 2, "parameterCategoryName": "Temperature", "parameterNumber": 2}, "data": [-2.37, -2.37, -2.37, -2.62, -2.61, -2.77, -2.75, -2.73, -2.73, -2.83, -2.91, -2.99, -3.15, -3.19, -4.05, -4.18, -4.54, -4.6, -4.65, -4.68, -2.36, -2.37, -2.37, -2.38, -2.61, -2.59, -2.72, -2.67, -2.64, -2.77, -2.91, -3.02, -3.19, -3.23, -4.09, -4.48, -4.58, -4.66, -4.71, -4.74, -2.36, -2.36, -2.37, -2.38, -2.61, -2.6, -2.57, -2.62, -2.46, -2.72, -2.93, -3.08, -3.27, -3.3, -4.35, -4.5, -4.64, -4.74, -4.79, -4.81, -2.35, -2.36, -2.37, -2.37, -2.38, -2.61, -2.59, -2.55, -2.51, -2.8, -3.01, -3.2, -3.39, -3.48, -4.34, -4.55, -4.74, -4.86, -4.91, -4.91, -2.35, -2.35, -2.36, -2.37, -2.38, -2.63, -2.62, -2.61, -2.61, -2.93, -3.09, -3.49, -3.61, -3.5, -4.35, -4.65, -4.91, -5.05, -5.07, -5.02, -2.34, -2.34, -2.35, -2.36, -2.37, -2.39, -2.65, -2.66, -2.67, -2.7, -3.32, -3.43, -3.52, -4.15, -4.4, -4.8, -5.2, -5.36, -5.27, -5.14, -3.5, -2.33, -2.33, -2.34, -2.35, -2.38, -2.57, -2.68, -2.7, -2.94, -3.0, -3.32, -4.18, -4.31, -4.46, -4.96, -5.6, -5.84, -5.92, -5.81, -3.52, -3.46, -3.4, -3.41, -3.37, -2.48, -2.54, -2.62, -2.74, -2.92, -2.98, -3.83, -4.01, -4.54, -5.35, -5.62, -5.94, -6.05, -5.88, -5.77, -3.54, -3.48, -3.4, -3.3, -3.28, -3.27, -3.36, -2.57, -3.46, -2.94, -3.96, -4.42, -5.15, -4.8, -5.42, -5.58, -5.75, -5.83, -5.79, -5.73, -4.71, -4.62, -4.47, -3.29, -3.07, -3.0, -3.37, -3.75, -4.12, -4.0, -4.32, -4.82, -5.46, -4.97, -5.47, -5.54, -5.64, -5.69, -5.7, -5.67, -4.74, -4.65, -4.51, -4.26, -3.72, -2.15, -4.15, -5.2, -4.68, -4.62, -5.53, -4.7, -4.9, -4.83, -5.49, -5.52, -5.57, -5.61, -5.63, -5.62, -4.8, -4.73, -4.63, -4.47, -4.22, -4.09, -4.88, -5.84, -6.21, -6.69, -5.72, -5.7, -5.64, -4.68, -5.47, -5.5, -5.53, -5.59, -5.58, -5.57, -4.86, -4.83, -4.8, -4.78, -4.84, -5.17, -5.71, -5.97, -6.14, -5.85, -6.65, -5.76, -5.68, -4.67, -4.61, -5.42, -5.41, -5.42, -5.43, -5.44, -4.94, -4.94, -4.96, -5.02, -5.2, -5.61, -6.27, -5.92, -5.86, -5.77, -6.64, -5.74, -5.57, -5.42, -4.45, -5.17, -5.2, -5.24, -5.28, -5.32, -5.0, -5.03, -5.07, -5.17, -5.33, -5.59, -5.8, -5.55, -5.34, -5.15, -5.0, -3.92, -5.31, -5.13, -5.02, -4.89, -4.97, -5.05, -5.13, -5.2, -5.06, -5.09, -3.5, -3.61, -3.75, -5.1, -5.05, -4.88, -4.7, -4.6, -3.64, -3.64, -3.62, -3.54, -3.59, -4.16, -4.23, -4.29, -4.33, -4.39, -3.32, -3.35, -3.39, -3.42, -4.7, -4.57, -4.35, -4.05, -3.87, -3.91, -3.25, -3.39, -3.47, -3.51, -3.22, -3.33, -3.27, -3.22, -3.18, -3.15, -3.25, -3.26, -3.26, -3.24, -4.35, -4.09, -3.66, -3.08, -2.78, -2.53, -2.87, -3.19, -3.36, -3.19, -3.46, -3.35, -3.26, -3.21, -3.17, -3.14, -3.19, -3.17, -3.14, -4.3, -4.08, -3.73, -3.16, -2.22, -1.27, -2.11, -2.09, -2.44, -2.84, -3.11, -3.36, -3.3, -3.23, -3.18, -3.14, -3.12, -3.13, -3.1, -3.41, -3.3, -3.13, -2.87, -2.49, -1.97, -1.39, -1.75, -2.13, -2.43, -2.8, -3.01, -3.26, -3.23, -3.19, -3.15, -3.11, -3.09, -3.47, -3.41, -3.33, -3.22, -3.08, -2.88, -2.63, -2.37, -1.87, -2.04, -2.27, -2.47, -2.78, -3.19, -3.19, -3.17, -3.14, -3.11, -3.08, -3.06, -3.42, -3.37, -3.29, -3.2, -3.08, -2.94, -2.8, -1.96, -2.23, -2.33, -2.44, -2.55, -3.58, -3.14, -3.14, -3.14, -3.13, -3.09, -3.04, -3.02, -3.39, -3.34, -3.27, -2.1, -2.11, -2.13, -2.16, -2.23, -2.31, -2.36, -2.35, -2.77, -3.1, -3.11, -3.11, -3.13, -3.19, -3.07, -2.98, -2.97, -2.13, -2.14, -2.15, -2.17, -2.2, -2.25, -2.33, -2.45, -2.61, -2.69, -2.59, -3.19, -3.11, -3.07, -3.05, -3.1, -3.45, -2.89, -2.87, -2.92, -2.16, -2.17, -2.19, -2.22, -2.26, -2.33, -2.43, -2.6, -2.87, -3.09, -2.79, -3.16, -3.18, -3.06, -3.01, -2.96, -2.76, -2.5, -2.78, -2.88, -2.18, -2.2, -2.22, -2.26, -2.31, -2.38, -2.48, -2.63, -2.87, -3.06, -3.13, -3.08, -3.1, -3.04, -2.99, -2.72, -2.66, -2.61, -2.8, -2.87, -2.2, -2.22, -2.25, -2.28, -2.33, -2.39, -2.46, -2.56, -2.66, -2.68, -2.95, -2.94, -3.0, -2.6, -2.65, -2.67, -2.66, -2.65, -2.66, -2.67, -2.21, -2.23, -2.26, -2.29, -2.33, -2.37, -2.42, -2.47, -2.48, -2.74, -2.67, -2.46, -2.46, -2.42, -2.61, -2.64, -2.65, -2.65, -2.66, -2.67, -2.22, -2.24, -2.27, -2.29, -2.32, -2.35, -2.38, -2.39, -2.37, -2.5, -2.22, -2.36, -2.41, -2.4, -2.57, -2.61, -2.63, -2.64, -2.65, -2.66, -2.23, -2.25, -2.27, -2.29, -2.31, -2.33, -2.35, -2.35, -2.44, -2.33, -2.26, -2.34, -2.38, -2.39, -2.55, -2.59, -2.61, -2.63, -2.64, -2.65, -2.23, -2.25, -2.27, -2.29, -2.3, -2.32, -2.33, -2.32, -2.43, -2.38, -2.35, -2.36, -2.38, -2.39, -2.53, -2.57, -2.6, -2.61, -2.63, -2.64, -2.24, -2.25, -2.26, -2.28, -2.29, -2.3, -2.31, -2.47, -2.44, -2.41, -2.39, -2.39, -2.39, -2.4, -2.53, -2.56, -2.59, -2.6, -2.62, -2.63]}, {"header": {"refTime": "2023-09-13T22:00:00.000Z", "nx": 21, "ny": 33, "lo1": 113.509, "la1": 22.2235, "lo2": 113.5947, "la2": 22.1034, "dx": 0.0042850000000001385, "dy": 0.003753125000000024, "parameterCategory": 2, "parameterCategoryName": "Temperature", "parameterNumber": 3}, "data": [0.06, 0.06, 0.06, 0.47, 0.44, 0.15, 0.13, 0.1, 0.08, 0.11, 0.12, 0.14, 0.28, 0.3, 0.37, 0.43, 0.91, 0.95, 0.98, 1.0, 0.05, 0.06, 0.06, 0.07, 0.44, 0.4, 0.12, 0.07, 0.04, 0.08, 0.11, 0.13, 0.27, 0.3, 0.37, 0.87, 0.92, 0.97, 1.0, 1.02, 0.05, 0.06, 0.06, 0.07, 0.46, 0.41, 0.34, 0.05, -0.05, 0.06, 0.11, 0.12, 0.25, 0.28, 0.77, 0.87, 0.95, 1.0, 1.03, 1.05, 0.05, 0.05, 0.06, 0.07, 0.09, 0.45, 0.39, 0.29, 0.19, 0.11, 0.14, 0.11, 0.2, 0.46, 0.75, 0.89, 0.99, 1.05, 1.08, 1.09, 0.04, 0.04, 0.06, 0.07, 0.1, 0.51, 0.48, 0.45, 0.44, 0.21, 0.2, 0.4, 0.11, 0.4, 0.76, 0.94, 1.07, 1.13, 1.15, 1.14, 0.03, 0.03, 0.04, 0.06, 0.1, 0.14, 0.58, 0.6, 0.62, 0.64, 0.73, 0.56, 0.36, 0.6, 0.85, 1.03, 1.19, 1.25, 1.23, 1.18, 0.33, 0.01, 0.02, 0.04, 0.08, 0.14, 0.52, 0.71, 0.74, 1.03, 1.08, 0.89, 0.93, 0.88, 0.97, 1.13, 1.34, 1.42, 1.28, 1.19, 0.31, 0.3, 0.28, 0.37, 0.38, 0.33, 0.47, 0.67, 0.91, 1.02, 1.01, 1.34, 1.4, 1.09, 1.48, 1.51, 1.54, 1.55, 1.53, 1.52, 0.3, 0.27, 0.24, 0.2, 0.26, 0.3, 0.45, 0.53, 0.99, 1.04, 1.22, 1.33, 1.36, 1.35, 1.47, 1.49, 1.51, 1.52, 1.52, 1.51, 0.45, 0.42, 0.36, 0.14, 0.02, 0.03, 0.28, 0.56, 1.09, 1.07, 1.27, 1.32, 1.35, 1.34, 1.47, 1.48, 1.5, 1.51, 1.51, 1.51, 0.47, 0.43, 0.37, 0.27, 0.06, -0.56, 0.24, 0.69, 0.82, 1.16, 1.27, 1.31, 1.32, 1.33, 1.46, 1.48, 1.49, 1.5, 1.5, 1.5, 0.49, 0.46, 0.42, 0.35, 0.25, 0.2, 0.53, 0.96, 1.14, 1.34, 1.3, 1.44, 1.43, 1.31, 1.47, 1.48, 1.48, 1.03, 1.03, 1.03, 0.51, 0.5, 0.48, 0.47, 0.49, 0.61, 0.81, 0.98, 1.09, 0.96, 1.32, 1.44, 1.44, 0.95, 0.92, 0.91, 0.92, 0.93, 0.94, 0.95, 0.54, 0.54, 0.54, 0.56, 0.62, 0.76, 0.97, 0.91, 0.93, 0.9, 1.3, 0.95, 0.87, 0.8, 0.77, 0.77, 0.79, 0.82, 0.85, 0.87, 0.56, 0.57, 0.59, 0.62, 0.68, 0.76, 0.84, 1.29, 1.34, 1.37, 1.39, 0.93, 0.74, 0.65, 0.59, 0.61, 0.66, 0.71, 0.76, 0.8, 0.59, 0.6, 0.68, 0.71, 0.76, 1.32, 1.32, 1.35, 1.38, 1.4, 1.03, 0.88, 0.71, 0.53, 0.45, 0.67, 0.8, 0.93, 1.09, 1.18, 0.7, 0.71, 0.74, 0.78, 1.36, 1.37, 1.4, 1.43, 1.45, 1.45, 1.03, 0.84, 0.61, 0.36, 0.38, 0.44, 0.67, 0.84, 0.96, 1.04, 0.73, 0.76, 0.79, 0.84, 1.4, 1.42, 1.46, 1.51, 1.54, 1.18, 0.98, 0.84, 0.56, 0.38, -0.1, 0.37, 0.69, 0.89, 1.02, 1.1, 0.77, 0.8, 0.83, 1.41, 1.43, 1.46, 1.5, 1.58, 1.57, 1.29, 0.78, 0.53, 0.87, 0.58, 0.33, 0.56, 0.83, 1.01, 1.11, 1.18, 0.79, 0.83, 0.93, 0.96, 1.0, 1.06, 1.17, 1.32, 1.3, 1.02, 0.75, 0.53, 1.05, 0.91, 0.75, 0.88, 1.05, 1.17, 1.24, 1.27, 0.88, 0.89, 0.9, 0.92, 0.94, 0.98, 1.04, 1.11, 0.93, 0.81, 0.64, 0.49, 1.22, 1.01, 1.08, 1.2, 1.31, 1.37, 1.38, 1.37, 0.85, 0.85, 0.86, 0.86, 0.87, 0.88, 0.89, 0.81, 0.65, 0.58, 0.49, 0.42, 0.74, 1.22, 1.33, 1.47, 1.58, 1.58, 1.52, 1.46, 0.82, 0.82, 0.81, 0.69, 0.68, 0.67, 0.64, 0.59, 0.53, 0.49, 0.49, 1.11, 1.11, 1.37, 1.5, 1.7, 1.89, 1.78, 1.61, 1.52, 0.66, 0.65, 0.64, 0.63, 0.61, 0.57, 0.51, 0.41, 0.29, 0.23, 0.3, 0.69, 1.06, 1.31, 1.55, 1.79, 2.34, 1.75, 1.61, 1.54, 0.63, 0.62, 0.61, 0.59, 0.55, 0.5, 0.42, 0.29, 0.09, -0.08, 0.15, 0.6, 0.89, 1.27, 1.49, 1.66, 1.63, 1.41, 1.54, 1.52, 0.61, 0.6, 0.58, 0.55, 0.52, 0.46, 0.38, 0.27, 0.09, -0.05, 0.3, 0.58, 0.84, 1.21, 1.4, 1.65, 1.62, 1.58, 1.52, 1.51, 0.6, 0.58, 0.56, 0.53, 0.5, 0.45, 0.39, 0.31, 0.24, 0.21, 0.45, 0.61, 0.8, 1.41, 1.51, 1.57, 1.59, 1.59, 1.59, 1.6, 0.58, 0.57, 0.55, 0.52, 0.49, 0.45, 0.41, 0.37, 0.36, 0.5, 0.56, 0.37, 0.39, 0.43, 1.43, 1.5, 1.54, 1.56, 1.57, 1.57, 0.57, 0.56, 0.54, 0.52, 0.49, 0.46, 0.44, 0.42, 0.43, 0.57, 0.51, 0.44, 0.42, 0.43, 1.37, 1.45, 1.49, 1.52, 1.54, 1.55, 0.57, 0.55, 0.54, 0.52, 0.5, 0.48, 0.46, 0.45, 0.38, 0.45, 0.49, 0.45, 0.43, 0.44, 1.33, 1.4, 1.45, 1.49, 1.51, 1.52, 0.56, 0.55, 0.54, 0.52, 0.5, 0.49, 0.48, 0.47, 0.39, 0.42, 0.44, 0.44, 0.43, 0.44, 1.3, 1.37, 1.42, 1.46, 1.48, 1.5, 0.56, 0.55, 0.54, 0.52, 0.51, 0.5, 0.49, 0.37, 0.39, 0.41, 0.42, 0.43, 0.43, 0.44, 1.29, 1.35, 1.4, 1.43, 1.46, 1.48]}, {"header": {"refTime": "2023-09-13T22:00:00.000Z", "nx": 21, "ny": 33, "lo1": 113.509, "la1": 22.2235, "lo2": 113.5947, "la2": 22.1034, "dx": 0.0042850000000001385, "dy": 0.003753125000000024, "parameterCategory": 0, "parameterCategoryName": "Temperature", "parameterNumber": 0}, "data": [[27.4, 27.39, 27.39, 27.21, 27.22, 27.42, 27.42, 27.42, 27.43, 27.38, 27.39, 27.39, 27.54, 27.55, 27.52, 27.52, 27.54, 27.53, 27.53, 27.52], [27.4, 27.4, 27.39, 27.39, 27.22, 27.24, 27.41, 27.42, 27.42, 27.38, 27.39, 27.4, 27.55, 27.56, 27.53, 27.55, 27.54, 27.53, 27.52, 27.52], [27.4, 27.4, 27.39, 27.39, 27.22, 27.23, 27.26, 27.41, 27.4, 27.38, 27.4, 27.42, 27.57, 27.58, 27.56, 27.55, 27.53, 27.52, 27.52, 27.51], [27.4, 27.4, 27.4, 27.39, 27.39, 27.22, 27.24, 27.27, 27.3, 27.37, 27.4, 27.45, 27.6, 27.5, 27.57, 27.54, 27.52, 27.51, 27.51, 27.51], [27.41, 27.4, 27.4, 27.39, 27.39, 27.2, 27.21, 27.22, 27.22, 27.34, 27.38, 27.5, 27.62, 27.52, 27.56, 27.53, 27.51, 27.5, 27.49, 27.5], [27.41, 27.41, 27.4, 27.4, 27.39, 27.38, 27.19, 27.18, 27.17, 27.14, 27.34, 27.45, 27.54, 27.63, 27.55, 27.52, 27.48, 27.47, 27.48, 27.49], [27.42, 27.41, 27.41, 27.41, 27.4, 27.38, 27.22, 27.17, 27.15, 27.12, 27.11, 27.35, 27.59, 27.6, 27.53, 27.5, 27.45, 27.43, 27.46, 27.47], [27.43, 27.43, 27.43, 27.43, 27.42, 27.28, 27.25, 27.2, 27.18, 27.1, 26.99, 27.32, 27.32, 27.6, 27.44, 27.45, 27.43, 27.42, 27.43, 27.44], [27.37, 27.38, 27.45, 27.45, 27.46, 27.44, 27.39, 27.23, 27.1, 27.14, 27.13, 27.22, 27.26, 27.2, 27.44, 27.45, 27.44, 27.43, 27.44, 27.44], [27.6, 27.6, 27.6, 27.41, 27.44, 27.51, 27.46, 27.39, 27.03, 27.05, 27.26, 27.16, 27.2, 27.18, 27.44, 27.46, 27.45, 27.44, 27.44, 27.45], [27.6, 27.6, 27.6, 27.6, 27.6, 27.6, 27.6, 27.6, 27.46, 27.1, 26.9, 27.13, 27.16, 27.16, 27.44, 27.46, 27.45, 27.45, 27.45, 27.45], [27.6, 27.6, 27.6, 27.6, 27.6, 27.6, 27.6, 27.6, 27.6, -999.0, 26.9, 27.5, 27.5, 27.14, 27.44, 27.46, 27.46, 26.89, 26.9, 26.9], [27.6, 27.6, 27.6, 27.6, 27.6, 27.6, 27.6, 27.6, 27.6, 27.6, -999.0, 27.5, 27.5, 26.85, 27.13, 27.07, 27.08, 26.97, 26.98, 26.99], [27.6, 27.6, 27.6, 27.6, 27.6, 27.6, 27.6, 27.6, 27.6, 27.6, -999.0, 26.5, 26.5, 26.5, 27.05, 27.0, 27.01, 26.9, 26.92, 26.94], [27.6, 27.6, 27.6, 27.6, 27.6, 27.6, 27.6, 27.7, 27.7, 27.7, 27.7, 27.24, 26.5, 26.5, 26.5, 26.91, 26.94, 26.84, 26.87, 26.89], [27.6, 27.6, 27.66, 27.66, 27.67, 27.7, 27.7, 27.7, 27.7, 27.7, 26.94, 27.03, 26.91, 26.82, 26.93, 26.79, 26.84, 26.76, 26.95, 26.98], [27.66, 27.66, 27.64, 27.64, 27.7, 27.7, 27.7, 27.7, 27.7, 27.7, 27.18, 27.04, 26.88, 26.73, 26.73, 26.72, 26.8, 26.86, 26.91, 26.94], [27.64, 27.64, 27.64, 27.64, 27.7, 27.7, 27.7, 27.7, 27.7, 27.4, 27.23, 27.05, 26.87, 26.74, 26.53, 26.7, 26.81, 26.88, 26.93, 26.96], [27.64, 27.64, 27.64, 27.7, 27.7, 27.7, 27.7, 27.7, 27.59, 27.47, 27.34, 27.19, 26.97, 26.82, 26.68, 26.76, 26.86, 26.92, 26.96, 26.99], [27.64, 27.64, 27.64, 27.65, 27.65, 27.65, 27.66, 27.68, 27.58, 27.48, 27.35, 27.23, 27.04, 26.94, 26.83, 26.87, 26.93, 26.98, 27.01, 27.02], [27.64, 27.64, 27.64, 27.66, 27.66, 27.66, 27.67, 27.67, 27.49, 27.44, 27.36, 27.27, 27.09, 26.92, 26.94, 26.98, 27.02, 27.05, 27.06, 27.06], [27.65, 27.65, 27.65, 27.66, 27.66, 27.66, 27.66, 27.72, 27.46, 27.42, 27.37, 27.31, 27.11, 26.99, 27.03, 27.07, 27.1, 27.11, 27.1, 27.09], [27.65, 27.65, 27.65, 27.74, 27.73, 27.73, 27.72, 27.72, 27.71, 27.71, 27.71, 27.55, 27.38, 27.05, 27.09, 27.14, 27.18, 27.17, 27.15, 27.12], [27.75, 27.75, 27.75, 27.74, 27.74, 27.73, 27.72, 27.71, 27.69, 27.69, 27.7, 27.63, 27.39, 27.35, 27.32, 27.17, 27.25, 27.21, 27.17, 27.14], [27.75, 27.75, 27.75, 27.75, 27.74, 27.74, 27.73, 27.71, 27.67, 27.64, 27.69, 27.64, 27.62, 27.36, 27.32, 27.29, 27.2, 27.2, 27.17, 27.14], [27.76, 27.76, 27.76, 27.75, 27.75, 27.75, 27.74, 27.72, 27.69, 27.66, 27.66, 27.67, 27.65, 27.36, 27.33, 27.36, 27.32, 27.31, 27.16, 27.14], [27.76, 27.76, 27.76, 27.76, 27.76, 27.76, 27.75, 27.75, 27.74, 27.75, 27.72, 27.72, 27.69, 27.52, 27.45, 27.4, 27.37, 27.35, 27.36, 27.37], [27.77, 27.77, 27.77, 27.77, 27.77, 27.77, 27.78, 27.78, 27.8, 27.79, 27.81, 27.76, 27.71, 27.65, 27.5, 27.44, 27.41, 27.39, 27.39, 27.39], [27.77, 27.77, 27.77, 27.77, 27.78, 27.78, 27.79, 27.81, 27.84, 27.87, 27.93, 27.82, 27.74, 27.68, 27.53, 27.48, 27.45, 27.42, 27.41, 27.41], [27.77, 27.77, 27.78, 27.78, 27.79, 27.79, 27.81, 27.82, 27.8, 27.86, 27.9, 27.83, 27.75, 27.69, 27.56, 27.51, 27.47, 27.45, 27.44, 27.43], [27.78, 27.78, 27.78, 27.79, 27.79, 27.8, 27.81, 27.83, 27.78, 27.81, 27.82, 27.79, 27.74, 27.7, 27.57, 27.53, 27.5, 27.47, 27.46, 27.45], [27.78, 27.78, 27.78, 27.79, 27.79, 27.8, 27.81, 27.74, 27.76, 27.78, 27.78, 27.76, 27.73, 27.69, 27.58, 27.54, 27.51, 27.49, 27.47, 27.46]]}]