gis_exercise/awsData/contour/wdir_2023091109.json
[{"header": {"refTime": "2023-09-11T09:00:00.000Z", "nx": 21, "ny": 33, "lo1": 113.509, "la1": 22.2235, "lo2": 113.5947, "la2": 22.1034, "dx": 0.0042850000000001385, "dy": 0.003753125000000024, "parameterCategory": 2, "parameterCategoryName": "Temperature", "parameterNumber": 2}, "data": [-2.19, -2.19, -2.19, -1.89, -1.91, -2.31, -2.3, -2.29, -2.3, -2.12, -2.14, -2.15, -2.47, -2.49, -3.26, -3.36, -3.5, -3.56, -3.6, -3.62, -2.19, -2.19, -2.19, -2.19, -1.91, -1.93, -2.28, -2.27, -2.26, -2.13, -2.15, -2.18, -2.49, -2.51, -3.28, -3.45, -3.53, -3.6, -3.65, -3.68, -2.19, -2.19, -2.19, -2.19, -1.91, -1.93, -1.96, -2.25, -2.18, -2.13, -2.16, -2.21, -2.53, -2.54, -3.34, -3.47, -3.59, -3.68, -3.72, -3.74, -2.19, -2.19, -2.19, -2.19, -2.19, -1.91, -1.94, -1.98, -2.02, -2.11, -2.16, -2.28, -2.6, -2.38, -3.33, -3.52, -3.68, -3.79, -3.83, -3.83, -2.2, -2.19, -2.19, -2.19, -2.19, -1.9, -1.91, -1.92, -1.9, -2.04, -2.12, -2.39, -2.63, -2.43, -3.34, -3.6, -3.83, -3.96, -3.97, -3.93, -2.2, -2.2, -2.2, -2.19, -2.19, -2.19, -1.89, -1.89, -1.84, -1.75, -2.05, -2.28, -2.47, -3.0, -3.38, -3.73, -4.09, -4.24, -4.15, -4.03, -3.14, -2.2, -2.2, -2.2, -2.2, -2.19, -1.92, -1.91, -1.87, -1.73, -1.65, -2.09, -2.97, -3.07, -3.43, -3.87, -4.45, -4.66, -4.62, -4.49, -3.16, -3.12, -3.07, -3.04, -3.0, -1.97, -1.95, -1.98, -2.05, -1.68, -1.36, -2.44, -2.66, -3.18, -3.92, -4.24, -4.62, -4.76, -4.55, -4.42, -3.18, -3.14, -3.09, -3.02, -2.97, -2.95, -2.96, -1.96, -2.47, -1.77, -2.31, -2.83, -3.42, -3.14, -3.93, -4.15, -4.38, -4.48, -4.44, -4.36, -4.14, -4.07, -3.98, -3.04, -2.9, -2.84, -3.04, -3.26, -2.99, -2.79, -2.66, -3.1, -3.61, -3.25, -3.95, -4.08, -4.22, -4.3, -4.32, -4.29, -4.16, -4.1, -4.0, -3.83, -3.45, -2.37, -3.75, -4.46, -3.95, -3.4, -3.79, -3.0, -3.17, -3.12, -3.96, -4.04, -4.13, -4.2, -4.22, -4.22, -4.2, -4.15, -4.09, -3.98, -3.8, -3.71, -4.26, -4.9, -5.14, -5.28, -4.03, -4.17, -4.08, -3.0, -3.95, -4.02, -4.08, -4.29, -4.3, -4.3, -4.25, -4.23, -4.2, -4.19, -4.24, -4.47, -4.85, -5.0, -5.1, -4.91, -5.19, -4.27, -4.16, -3.38, -3.35, -4.12, -4.15, -4.17, -4.19, -4.21, -4.3, -4.3, -4.31, -4.36, -4.49, -4.79, -5.26, -4.99, -4.93, -4.86, -5.21, -4.42, -4.28, -4.17, -3.3, -3.98, -4.01, -4.05, -4.09, -4.12, -4.35, -4.36, -4.4, -4.46, -4.58, -4.76, -4.91, -4.54, -4.34, -4.17, -4.04, -3.17, -4.14, -4.0, -3.92, -3.82, -3.87, -3.93, -3.99, -4.04, -4.38, -4.41, -3.05, -3.13, -3.23, -4.15, -4.11, -3.96, -3.79, -3.7, -2.92, -2.94, -2.96, -2.74, -2.81, -3.24, -3.26, -3.28, -3.49, -3.53, -2.89, -2.91, -2.93, -2.95, -3.8, -3.69, -3.49, -3.24, -3.07, -3.1, -2.59, -2.74, -2.85, -2.92, -2.68, -2.79, -2.71, -2.65, -2.6, -2.57, -2.82, -2.82, -2.8, -2.77, -3.49, -3.26, -2.89, -2.39, -2.13, -1.98, -2.3, -2.57, -2.76, -2.65, -2.95, -2.81, -2.7, -2.63, -2.59, -2.55, -2.75, -2.73, -2.69, -3.44, -3.25, -2.95, -2.45, -1.64, -0.83, -1.6, -1.74, -2.08, -2.27, -2.55, -2.83, -2.75, -2.66, -2.6, -2.56, -2.53, -2.7, -2.66, -2.9, -2.79, -2.64, -2.4, -2.04, -1.54, -1.03, -1.41, -1.8, -2.09, -2.21, -2.41, -2.69, -2.65, -2.59, -2.55, -2.51, -2.49, -2.98, -2.92, -2.85, -2.75, -2.62, -2.44, -2.21, -1.97, -1.55, -1.73, -1.96, -2.16, -2.17, -2.61, -2.59, -2.56, -2.53, -2.49, -2.47, -2.46, -2.95, -2.9, -2.84, -2.76, -2.65, -2.54, -2.42, -1.73, -1.96, -2.06, -2.18, -2.27, -3.07, -2.54, -2.52, -2.5, -2.47, -2.44, -2.42, -2.42, -2.93, -2.89, -2.84, -1.89, -1.91, -1.93, -1.97, -2.04, -2.13, -2.2, -2.19, -2.38, -2.69, -2.49, -2.47, -2.46, -2.47, -2.41, -2.37, -2.37, -1.93, -1.93, -1.95, -1.97, -2.01, -2.06, -2.16, -2.3, -2.48, -2.58, -2.47, -2.88, -2.72, -2.6, -2.51, -2.42, -2.59, -2.28, -2.29, -2.33, -1.96, -1.97, -2.0, -2.03, -2.08, -2.16, -2.28, -2.48, -2.79, -3.05, -2.69, -2.87, -2.8, -2.6, -2.49, -2.4, -2.2, -2.05, -2.23, -2.3, -1.99, -2.01, -2.04, -2.08, -2.13, -2.21, -2.33, -2.51, -2.79, -3.01, -2.95, -2.81, -2.75, -2.61, -2.5, -2.17, -2.14, -2.1, -2.25, -2.3, -2.01, -2.03, -2.06, -2.1, -2.15, -2.22, -2.31, -2.43, -2.54, -2.57, -2.73, -2.67, -2.66, -2.12, -2.14, -2.15, -2.14, -2.13, -2.14, -2.14, -2.02, -2.05, -2.08, -2.11, -2.16, -2.21, -2.27, -2.32, -2.33, -2.51, -2.43, -2.31, -2.31, -2.27, -2.12, -2.13, -2.14, -2.14, -2.14, -2.14, -2.04, -2.06, -2.08, -2.12, -2.15, -2.19, -2.22, -2.23, -2.2, -2.26, -2.02, -2.18, -2.25, -2.25, -2.11, -2.12, -2.13, -2.13, -2.14, -2.14, -2.04, -2.06, -2.09, -2.11, -2.14, -2.16, -2.18, -2.17, -2.28, -2.15, -2.07, -2.16, -2.22, -2.24, -2.09, -2.11, -2.12, -2.13, -2.13, -2.14, -2.05, -2.07, -2.08, -2.11, -2.12, -2.14, -2.15, -2.14, -2.27, -2.21, -2.18, -2.2, -2.22, -2.23, -2.09, -2.1, -2.12, -2.12, -2.13, -2.13, -2.05, -2.06, -2.08, -2.1, -2.11, -2.12, -2.13, -2.32, -2.29, -2.25, -2.23, -2.23, -2.23, -2.24, -2.09, -2.1, -2.11, -2.12, -2.12, -2.13]}, {"header": {"refTime": "2023-09-11T09:00:00.000Z", "nx": 21, "ny": 33, "lo1": 113.509, "la1": 22.2235, "lo2": 113.5947, "la2": 22.1034, "dx": 0.0042850000000001385, "dy": 0.003753125000000024, "parameterCategory": 2, "parameterCategoryName": "Temperature", "parameterNumber": 3}, "data": [0.21, 0.2, 0.17, 0.2, 0.17, -0.06, -0.09, -0.12, -0.13, -0.0, 0.05, 0.1, -0.07, -0.06, 0.06, 0.08, 0.24, 0.24, 0.25, 0.25, 0.23, 0.21, 0.19, 0.16, 0.17, 0.13, -0.11, -0.17, -0.21, -0.07, 0.04, 0.11, -0.06, -0.04, 0.08, 0.23, 0.24, 0.25, 0.26, 0.26, 0.24, 0.23, 0.21, 0.18, 0.19, 0.14, 0.05, -0.21, -0.37, -0.11, 0.05, 0.13, -0.02, -0.01, 0.21, 0.23, 0.25, 0.26, 0.26, 0.27, 0.26, 0.25, 0.23, 0.21, 0.17, 0.18, 0.11, 0.0, -0.1, -0.02, 0.11, 0.17, 0.03, 0.3, 0.21, 0.24, 0.26, 0.27, 0.28, 0.28, 0.29, 0.28, 0.27, 0.25, 0.22, 0.24, 0.21, 0.18, 0.17, 0.15, 0.22, 0.3, 0.21, 0.27, 0.21, 0.25, 0.28, 0.3, 0.3, 0.29, 0.31, 0.31, 0.3, 0.29, 0.28, 0.26, 0.31, 0.33, 0.36, 0.43, 0.45, 0.34, 0.26, 0.21, 0.22, 0.27, 0.31, 0.33, 0.32, 0.31, 0.67, 0.34, 0.34, 0.35, 0.34, 0.33, 0.67, 0.42, 0.47, 0.63, 0.65, 0.4, 0.21, 0.23, 0.22, 0.28, 0.36, 0.39, 0.41, 0.4, 0.68, 0.68, 0.68, 0.65, 0.65, 0.7, 0.67, 0.6, 0.5, 0.66, 0.84, 0.39, 0.32, 0.26, 0.35, 0.38, 0.41, 0.42, 0.4, 0.39, 0.68, 0.69, 0.69, 0.69, 0.67, 0.66, 0.63, 0.65, 0.64, 0.6, 0.61, 0.46, 0.45, 0.46, 0.36, 0.38, 0.39, 0.4, 0.4, 0.39, 0.75, 0.75, 0.75, 0.7, 0.71, 0.7, 0.67, 0.63, 0.68, 0.71, 0.56, 0.51, 0.5, 0.49, 0.37, 0.38, 0.38, 0.39, 0.39, 0.38, 0.75, 0.75, 0.75, 0.76, 0.76, 0.78, 0.75, 0.73, 0.65, 0.7, 0.72, 0.52, 0.5, 0.5, 0.38, 0.37, 0.38, 0.38, 0.38, 0.38, 0.75, 0.75, 0.75, 0.75, 0.76, 0.76, 0.75, 0.72, 0.71, 0.67, 0.71, 0.45, 0.44, 0.51, 0.37, 0.37, 0.37, 0.37, 0.36, 0.36, 0.75, 0.75, 0.75, 0.75, 0.75, 0.75, 0.75, 0.73, 0.71, 0.72, 0.66, 0.47, 0.45, 0.26, 0.25, 0.35, 0.34, 0.34, 0.34, 0.34, 0.75, 0.75, 0.75, 0.75, 0.75, 0.75, 0.76, 0.74, 0.73, 0.73, 0.67, 0.45, 0.42, 0.39, 0.22, 0.31, 0.31, 0.32, 0.32, 0.33, 0.75, 0.75, 0.75, 0.75, 0.75, 0.75, 0.75, 0.83, 0.84, 0.85, 0.86, 0.61, 0.37, 0.34, 0.32, 0.27, 0.28, 0.29, 0.3, 0.31, 0.75, 0.75, 0.89, 0.89, 0.89, 0.86, 0.87, 0.88, 0.89, 0.9, 0.68, 0.6, 0.51, 0.39, 0.35, 0.45, 0.51, 0.58, 0.6, 0.64, 0.91, 0.91, 0.91, 0.91, 0.9, 0.91, 0.92, 0.95, 0.96, 0.96, 0.71, 0.6, 0.47, 0.33, 0.37, 0.26, 0.33, 0.38, 0.42, 0.44, 0.92, 0.92, 0.93, 0.93, 0.92, 0.95, 0.98, 1.03, 1.05, 0.89, 0.76, 0.61, 0.45, 0.38, 0.1, 0.23, 0.34, 0.4, 0.44, 0.46, 0.93, 0.93, 0.94, 0.93, 0.95, 0.97, 1.02, 1.1, 1.14, 0.96, 0.62, 0.46, 0.67, 0.49, 0.22, 0.3, 0.38, 0.44, 0.47, 0.49, 0.93, 0.94, 0.69, 0.71, 0.73, 0.78, 0.85, 0.96, 0.95, 0.77, 0.59, 0.46, 0.77, 0.68, 0.36, 0.41, 0.47, 0.5, 0.51, 0.52, 0.65, 0.65, 0.66, 0.67, 0.69, 0.72, 0.76, 0.81, 0.71, 0.62, 0.52, 0.43, 0.86, 0.45, 0.48, 0.52, 0.56, 0.57, 0.56, 0.54, 0.63, 0.63, 0.63, 0.64, 0.64, 0.65, 0.65, 0.63, 0.51, 0.46, 0.41, 0.37, 0.5, 0.52, 0.57, 0.64, 0.68, 0.66, 0.61, 0.57, 0.61, 0.6, 0.6, 0.56, 0.55, 0.54, 0.52, 0.48, 0.44, 0.41, 0.41, 0.73, 0.4, 0.57, 0.63, 0.74, 0.87, 0.75, 0.62, 0.57, 0.55, 0.54, 0.53, 0.52, 0.5, 0.48, 0.43, 0.36, 0.27, 0.23, 0.28, 0.48, 0.38, 0.49, 0.6, 0.77, 1.22, 0.63, 0.55, 0.54, 0.53, 0.52, 0.51, 0.49, 0.47, 0.43, 0.37, 0.28, 0.12, -0.01, 0.17, 0.44, 0.62, 0.46, 0.55, 0.61, 0.5, 0.25, 0.47, 0.51, 0.52, 0.51, 0.49, 0.48, 0.45, 0.41, 0.35, 0.27, 0.13, 0.02, 0.25, 0.44, 0.6, 0.42, 0.49, 0.64, 0.55, 0.48, 0.47, 0.5, 0.51, 0.5, 0.48, 0.47, 0.44, 0.41, 0.37, 0.31, 0.26, 0.24, 0.38, 0.49, 0.6, 0.66, 0.65, 0.62, 0.59, 0.56, 0.57, 0.59, 0.5, 0.49, 0.48, 0.46, 0.44, 0.42, 0.39, 0.37, 0.37, 0.45, 0.5, 0.24, 0.17, 0.11, 0.64, 0.63, 0.61, 0.6, 0.6, 0.6, 0.5, 0.49, 0.48, 0.46, 0.45, 0.43, 0.42, 0.42, 0.44, 0.55, 0.51, 0.34, 0.23, 0.15, 0.64, 0.63, 0.62, 0.61, 0.61, 0.62, 0.5, 0.49, 0.48, 0.47, 0.45, 0.45, 0.44, 0.45, 0.29, 0.4, 0.46, 0.35, 0.25, 0.17, 0.64, 0.63, 0.63, 0.62, 0.62, 0.62, 0.49, 0.49, 0.48, 0.47, 0.46, 0.46, 0.46, 0.46, 0.27, 0.33, 0.34, 0.3, 0.24, 0.18, 0.64, 0.64, 0.63, 0.63, 0.63, 0.63, 0.49, 0.49, 0.48, 0.47, 0.47, 0.47, 0.47, 0.21, 0.25, 0.27, 0.28, 0.25, 0.21, 0.17, 0.64, 0.64, 0.64, 0.63, 0.63, 0.63]}, {"header": {"refTime": "2023-09-11T09:00:00.000Z", "nx": 21, "ny": 33, "lo1": 113.509, "la1": 22.2235, "lo2": 113.5947, "la2": 22.1034, "dx": 0.0042850000000001385, "dy": 0.003753125000000024, "parameterCategory": 0, "parameterCategoryName": "Temperature", "parameterNumber": 0}, "data": [[27.54, 27.55, 27.55, 27.56, 27.56, 27.67, 27.67, 27.68, 27.69, 27.76, 27.77, 27.78, 27.96, 27.98, 27.71, 27.69, 27.83, 27.81, 27.8, 27.79], [27.54, 27.54, 27.55, 27.55, 27.56, 27.57, 27.67, 27.68, 27.69, 27.75, 27.77, 27.79, 27.97, 27.99, 27.72, 27.85, 27.82, 27.8, 27.78, 27.78], [27.54, 27.54, 27.54, 27.55, 27.55, 27.57, 27.59, 27.68, 27.7, 27.74, 27.78, 27.81, 27.98, 28.0, 27.88, 27.84, 27.8, 27.77, 27.76, 27.75], [27.54, 27.54, 27.54, 27.54, 27.55, 27.55, 27.57, 27.6, 27.63, 27.75, 27.79, 27.84, 28.0, 27.99, 27.88, 27.82, 27.77, 27.74, 27.72, 27.73], [27.54, 27.54, 27.53, 27.53, 27.53, 27.53, 27.54, 27.55, 27.56, 27.76, 27.79, 27.98, 28.0, 28.0, 27.88, 27.8, 27.72, 27.68, 27.68, 27.69], [27.53, 27.53, 27.53, 27.53, 27.52, 27.51, 27.51, 27.5, 27.51, 27.53, 27.93, 27.98, 28.0, 28.1, 27.87, 27.76, 27.64, 27.59, 27.62, 27.66], [27.47, 27.53, 27.53, 27.52, 27.52, 27.5, 27.45, 27.45, 27.45, 27.63, 27.72, 27.99, 28.17, 28.15, 27.87, 27.71, 27.52, 27.44, 27.43, 27.47], [27.47, 27.47, 27.47, 27.47, 27.47, 27.48, 27.45, 27.4, 27.39, 27.62, 27.66, 28.08, 28.09, 28.15, 27.67, 27.78, 27.56, 27.48, 27.61, 27.69], [27.43, 27.43, 27.49, 27.49, 27.49, 27.48, 27.44, 27.44, 27.4, 27.64, 27.87, 27.97, 28.02, 27.96, 27.7, 27.82, 27.69, 27.64, 27.67, 27.72], [27.6, 27.6, 27.6, 27.46, 27.48, 27.53, 27.5, 27.44, 27.47, 27.45, 28.03, 27.91, 27.95, 27.93, 27.7, 27.86, 27.78, 27.74, 27.74, 27.76], [27.6, 27.6, 27.6, 27.6, 27.6, 27.6, 27.6, 27.6, 27.49, 27.4, 27.6, 27.87, 27.9, 27.9, 27.69, 27.9, 27.84, 27.8, 27.79, 27.8], [27.6, 27.6, 27.6, 27.6, 27.6, 27.6, 27.6, 27.6, 27.6, -999.0, 27.6, 28.3, 28.3, 27.88, 27.68, 27.93, 27.89, 27.19, 27.19, 27.19], [27.6, 27.6, 27.6, 27.6, 27.6, 27.6, 27.6, 27.6, 27.6, 27.6, -999.0, 28.3, 28.3, 27.52, 27.86, 27.23, 27.23, 27.2, 27.21, 27.21], [27.6, 27.6, 27.6, 27.6, 27.6, 27.6, 27.6, 27.6, 27.6, 27.6, -999.0, 27.1, 27.1, 27.1, 27.76, 27.21, 27.21, 27.19, 27.19, 27.2], [27.6, 27.6, 27.6, 27.6, 27.6, 27.6, 27.6, 28.2, 28.2, 28.2, 28.2, 27.78, 27.1, 27.1, 27.1, 27.19, 27.2, 27.17, 27.18, 27.19], [27.6, 27.6, 27.98, 27.98, 28.0, 28.2, 28.2, 28.2, 28.2, 28.2, 27.51, 27.59, 27.48, 27.39, 27.49, 27.25, 27.27, 27.23, 27.26, 27.27], [27.99, 27.99, 27.81, 27.82, 28.2, 28.2, 28.2, 28.2, 28.2, 28.2, 27.73, 27.59, 27.45, 27.31, 27.28, 27.47, 27.6, 27.71, 27.79, 27.84], [27.81, 27.82, 27.83, 27.85, 28.2, 28.2, 28.2, 28.2, 28.2, 27.92, 27.77, 27.61, 27.44, 27.29, 27.13, 27.43, 27.61, 27.74, 27.82, 27.88], [27.83, 27.84, 27.85, 28.2, 28.2, 28.2, 28.2, 28.2, 28.1, 27.99, 27.81, 27.67, 27.47, 27.34, 27.4, 27.53, 27.69, 27.8, 27.87, 27.92], [27.83, 27.84, 27.97, 27.98, 28.0, 28.02, 28.05, 28.13, 28.05, 27.94, 27.81, 27.7, 27.52, 27.43, 27.64, 27.71, 27.81, 27.89, 27.94, 27.98], [27.96, 27.96, 27.97, 28.03, 28.04, 28.05, 28.07, 28.09, 27.94, 27.88, 27.8, 27.72, 27.55, 27.79, 27.81, 27.87, 27.93, 27.98, 28.02, 28.04], [28.01, 28.02, 28.02, 28.02, 28.02, 28.03, 28.03, 28.06, 27.86, 27.83, 27.78, 27.73, 27.46, 27.9, 27.94, 27.98, 28.02, 28.07, 28.11, 28.11], [28.01, 28.01, 28.01, 28.05, 28.05, 28.05, 28.04, 28.02, 28.01, 28.0, 28.01, 27.84, 28.14, 27.99, 28.03, 28.05, 28.04, 28.14, 28.2, 28.19], [28.06, 28.06, 28.05, 28.05, 28.04, 28.03, 28.01, 27.99, 27.96, 27.95, 27.97, 27.83, 28.14, 28.19, 28.22, 28.12, 27.87, 28.35, 28.33, 28.26], [28.06, 28.05, 28.05, 28.04, 28.03, 28.02, 28.0, 27.97, 27.91, 27.87, 27.94, 27.84, 27.82, 28.2, 28.25, 28.31, 28.46, 28.71, 28.42, 28.3], [28.05, 28.05, 28.05, 28.04, 28.03, 28.02, 28.0, 27.97, 27.92, 27.88, 27.86, 27.87, 27.85, 28.2, 28.27, 28.41, 28.5, 28.56, 28.38, 28.3], [28.05, 28.05, 28.05, 28.04, 28.04, 28.03, 28.01, 28.0, 27.98, 27.98, 27.92, 27.92, 27.89, 28.33, 28.36, 28.4, 28.45, 28.47, 28.47, 28.44], [28.05, 28.05, 28.05, 28.04, 28.04, 28.04, 28.03, 28.03, 28.04, 27.99, 28.01, 28.24, 28.31, 28.4, 28.35, 28.39, 28.41, 28.43, 28.43, 28.42], [28.05, 28.05, 28.05, 28.05, 28.05, 28.05, 28.05, 28.05, 28.08, 28.07, 28.21, 28.25, 28.31, 28.38, 28.34, 28.37, 28.39, 28.4, 28.41, 28.41], [28.06, 28.05, 28.05, 28.05, 28.05, 28.05, 28.06, 28.07, 28.22, 28.22, 28.22, 28.26, 28.31, 28.37, 28.34, 28.36, 28.37, 28.39, 28.39, 28.39], [28.06, 28.06, 28.06, 28.06, 28.06, 28.06, 28.07, 28.08, 28.24, 28.24, 28.25, 28.28, 28.32, 28.37, 28.33, 28.35, 28.36, 28.37, 28.38, 28.38], [28.06, 28.06, 28.06, 28.06, 28.06, 28.06, 28.07, 28.26, 28.26, 28.27, 28.28, 28.3, 28.33, 28.37, 28.33, 28.34, 28.35, 28.36, 28.37, 28.37]]}]