gis_exercise/awsData/contour/wdir_2023090901.json
[{"header": {"refTime": "2023-09-09T01:00:00.000Z", "nx": 21, "ny": 33, "lo1": 113.509, "la1": 22.2235, "lo2": 113.5947, "la2": 22.1034, "dx": 0.0042850000000001385, "dy": 0.003753125000000024, "parameterCategory": 2, "parameterCategoryName": "Temperature", "parameterNumber": 2}, "data": [-2.22, -2.21, -2.19, -2.13, -2.11, -2.13, -2.1, -2.08, -2.08, -2.18, -2.24, -2.31, -2.76, -2.82, -3.44, -3.59, -4.38, -4.46, -4.52, -4.56, -2.23, -2.22, -2.2, -2.18, -2.11, -2.09, -2.08, -2.03, -2.0, -2.12, -2.24, -2.32, -2.78, -2.84, -3.47, -4.29, -4.42, -4.52, -4.58, -4.62, -2.24, -2.23, -2.21, -2.19, -2.12, -2.1, -2.05, -1.99, -1.84, -2.08, -2.25, -2.37, -2.82, -2.87, -4.11, -4.31, -4.48, -4.6, -4.67, -4.7, -2.26, -2.25, -2.23, -2.21, -2.18, -2.12, -2.08, -2.02, -1.96, -2.16, -2.32, -2.45, -2.85, -3.05, -4.08, -4.36, -4.59, -4.74, -4.8, -4.8, -2.28, -2.27, -2.26, -2.24, -2.22, -2.15, -2.13, -2.12, -2.11, -2.29, -2.4, -3.0, -2.86, -3.03, -4.1, -4.48, -4.78, -4.94, -4.97, -4.93, -2.29, -2.29, -2.29, -2.28, -2.26, -2.24, -2.18, -2.19, -2.22, -2.25, -3.09, -3.09, -3.01, -3.77, -4.23, -4.68, -5.09, -5.27, -5.18, -5.05, -3.72, -2.32, -2.32, -2.32, -2.31, -2.29, -2.46, -2.24, -2.27, -2.8, -2.95, -3.3, -4.13, -4.16, -4.4, -4.88, -5.51, -5.75, -5.62, -5.46, -3.75, -3.7, -3.64, -3.48, -3.43, -2.51, -2.46, -2.38, -2.4, -2.75, -2.75, -4.15, -4.41, -4.51, -5.46, -5.67, -5.92, -6.01, -5.87, -5.78, -3.79, -3.74, -3.68, -3.59, -3.42, -3.39, -3.36, -2.44, -3.04, -2.82, -3.91, -4.49, -5.07, -4.79, -5.48, -5.62, -5.76, -5.83, -5.8, -5.75, -4.96, -4.88, -4.76, -3.63, -3.47, -3.31, -3.51, -3.7, -3.7, -3.59, -4.28, -4.73, -5.23, -4.88, -5.5, -5.58, -5.66, -5.71, -5.72, -5.7, -4.99, -4.91, -4.8, -4.59, -4.15, -2.87, -4.47, -5.28, -4.51, -4.19, -5.07, -4.63, -4.8, -4.75, -5.51, -5.55, -5.61, -5.65, -5.66, -5.66, -5.03, -4.98, -4.9, -4.78, -4.57, -4.46, -5.09, -5.75, -5.99, -6.37, -5.26, -5.6, -5.56, -4.63, -5.5, -5.54, -5.57, -5.34, -5.34, -5.33, -5.09, -5.07, -5.05, -5.04, -5.1, -5.4, -5.86, -5.92, -5.98, -5.79, -6.35, -5.65, -5.59, -4.68, -4.63, -5.15, -5.16, -5.18, -5.2, -5.21, -5.16, -5.16, -5.18, -5.25, -5.42, -5.8, -6.45, -5.99, -5.86, -5.76, -6.37, -5.35, -5.19, -5.06, -4.45, -4.92, -4.96, -5.0, -5.05, -5.09, -5.21, -5.23, -5.28, -5.37, -5.52, -5.76, -5.94, -5.58, -5.33, -5.13, -4.98, -3.8, -4.97, -4.8, -4.7, -4.66, -4.73, -4.82, -4.9, -4.96, -5.26, -5.29, -3.92, -4.02, -4.14, -5.17, -5.12, -4.95, -4.76, -4.64, -3.57, -3.55, -3.53, -3.42, -3.46, -3.93, -3.98, -4.04, -4.18, -4.24, -3.74, -3.77, -3.8, -3.83, -4.78, -4.67, -4.45, -4.17, -3.99, -4.02, -3.23, -3.34, -3.39, -3.4, -3.13, -3.2, -3.15, -3.11, -3.08, -3.06, -3.68, -3.68, -3.67, -3.64, -4.45, -4.21, -3.81, -3.26, -2.98, -2.75, -3.04, -3.16, -3.29, -3.1, -3.32, -3.22, -3.15, -3.1, -3.07, -3.04, -3.61, -3.59, -3.55, -4.39, -4.19, -3.87, -3.34, -2.47, -1.59, -2.37, -2.51, -2.81, -2.82, -3.04, -3.23, -3.18, -3.12, -3.08, -3.05, -3.03, -3.55, -3.51, -4.02, -3.9, -3.72, -3.45, -3.04, -2.47, -1.82, -2.22, -2.6, -2.86, -2.78, -2.96, -3.15, -3.12, -3.08, -3.05, -3.02, -3.0, -4.12, -4.06, -3.98, -3.87, -3.72, -3.52, -3.25, -2.98, -2.41, -2.59, -2.82, -2.98, -2.77, -3.09, -3.09, -3.07, -3.05, -3.02, -2.99, -2.98, -4.1, -4.05, -3.98, -3.89, -3.78, -3.65, -3.52, -2.62, -2.9, -3.01, -3.11, -3.17, -3.95, -3.05, -3.05, -3.04, -3.03, -3.0, -2.96, -2.94, -4.09, -4.05, -3.99, -2.74, -2.77, -2.81, -2.88, -2.98, -3.11, -3.18, -3.16, -3.48, -3.62, -3.02, -3.02, -3.04, -3.08, -2.99, -2.91, -2.9, -2.74, -2.76, -2.78, -2.82, -2.87, -2.96, -3.09, -3.3, -3.55, -3.68, -3.51, -3.86, -3.66, -3.44, -3.27, -3.01, -3.3, -2.83, -2.82, -2.86, -2.77, -2.79, -2.83, -2.88, -2.95, -3.05, -3.22, -3.5, -3.97, -4.35, -3.79, -3.84, -3.69, -3.45, -3.26, -3.08, -2.72, -2.5, -2.74, -2.82, -2.79, -2.82, -2.86, -2.91, -2.98, -3.09, -3.25, -3.5, -3.93, -4.27, -4.01, -3.72, -3.59, -3.47, -3.28, -2.66, -2.62, -2.58, -2.76, -2.82, -2.81, -2.83, -2.87, -2.92, -2.98, -3.06, -3.18, -3.32, -3.48, -3.49, -3.57, -3.45, -3.42, -2.51, -2.57, -2.61, -2.61, -2.6, -2.61, -2.62, -2.82, -2.84, -2.87, -2.91, -2.96, -3.01, -3.06, -3.1, -3.06, -3.15, -2.99, -2.83, -2.86, -2.83, -2.52, -2.56, -2.58, -2.59, -2.6, -2.6, -2.82, -2.84, -2.86, -2.89, -2.92, -2.94, -2.95, -2.92, -2.79, -2.66, -2.22, -2.57, -2.73, -2.77, -2.48, -2.53, -2.56, -2.57, -2.58, -2.59, -2.82, -2.83, -2.85, -2.87, -2.88, -2.89, -2.87, -2.81, -2.76, -2.5, -2.33, -2.53, -2.68, -2.74, -2.46, -2.5, -2.53, -2.55, -2.57, -2.58, -2.81, -2.82, -2.84, -2.85, -2.85, -2.85, -2.82, -2.76, -2.76, -2.63, -2.56, -2.61, -2.69, -2.73, -2.44, -2.48, -2.51, -2.54, -2.55, -2.56, -2.8, -2.81, -2.82, -2.83, -2.83, -2.82, -2.79, -2.87, -2.79, -2.72, -2.68, -2.69, -2.72, -2.74, -2.43, -2.47, -2.5, -2.52, -2.54, -2.55]}, {"header": {"refTime": "2023-09-09T01:00:00.000Z", "nx": 21, "ny": 33, "lo1": 113.509, "la1": 22.2235, "lo2": 113.5947, "la2": 22.1034, "dx": 0.0042850000000001385, "dy": 0.003753125000000024, "parameterCategory": 2, "parameterCategoryName": "Temperature", "parameterNumber": 3}, "data": [0.56, 0.56, 0.55, 0.68, 0.65, 0.59, 0.56, 0.52, 0.51, 0.55, 0.61, 0.67, 1.02, 1.07, 1.25, 1.33, 1.99, 2.03, 2.06, 2.08, 0.57, 0.56, 0.55, 0.54, 0.65, 0.61, 0.53, 0.46, 0.42, 0.49, 0.6, 0.68, 1.04, 1.09, 1.27, 1.94, 2.01, 2.06, 2.09, 2.11, 0.58, 0.57, 0.56, 0.55, 0.67, 0.63, 0.56, 0.41, 0.22, 0.45, 0.62, 0.72, 1.07, 1.12, 1.85, 1.95, 2.03, 2.09, 2.13, 2.14, 0.58, 0.58, 0.58, 0.57, 0.56, 0.66, 0.61, 0.51, 0.42, 0.53, 0.68, 0.79, 1.1, 1.33, 1.83, 1.97, 2.08, 2.15, 2.18, 2.19, 0.59, 0.59, 0.59, 0.59, 0.59, 0.72, 0.7, 0.67, 0.65, 0.67, 0.77, 1.28, 1.13, 1.3, 1.84, 2.03, 2.17, 2.24, 2.25, 2.24, 0.6, 0.6, 0.61, 0.61, 0.62, 0.63, 0.79, 0.81, 0.82, 0.84, 1.41, 1.37, 1.28, 1.64, 1.92, 2.13, 2.31, 2.38, 2.35, 2.3, 1.3, 0.61, 0.62, 0.63, 0.64, 0.67, 0.95, 0.92, 0.95, 1.35, 1.42, 1.58, 1.92, 1.88, 2.04, 2.23, 2.48, 2.58, 2.43, 2.34, 1.3, 1.28, 1.25, 1.35, 1.33, 0.88, 0.94, 1.01, 1.17, 1.3, 1.24, 2.06, 2.19, 2.07, 2.51, 2.58, 2.66, 2.69, 2.65, 2.62, 1.3, 1.28, 1.24, 1.19, 1.27, 1.27, 1.34, 0.96, 1.44, 1.37, 1.79, 2.08, 2.24, 2.17, 2.49, 2.55, 2.61, 2.63, 2.62, 2.6, 1.86, 1.82, 1.75, 1.18, 1.07, 1.1, 1.31, 1.54, 1.76, 1.69, 1.94, 2.1, 2.24, 2.17, 2.49, 2.53, 2.57, 2.59, 2.59, 2.59, 1.88, 1.83, 1.76, 1.64, 1.38, 0.61, 1.6, 2.15, 2.01, 2.0, 2.24, 2.07, 2.12, 2.12, 2.49, 2.52, 2.54, 2.56, 2.57, 2.57, 1.9, 1.87, 1.82, 1.74, 1.61, 1.55, 1.96, 2.5, 2.72, 2.84, 2.36, 2.61, 2.57, 2.08, 2.49, 2.51, 2.53, 2.06, 2.06, 2.05, 1.93, 1.92, 1.9, 1.88, 1.91, 2.05, 2.3, 2.52, 2.66, 2.49, 2.77, 2.65, 2.61, 1.86, 1.82, 1.9, 1.91, 1.93, 1.95, 1.96, 1.97, 1.97, 1.97, 2.0, 2.07, 2.25, 2.5, 2.43, 2.46, 2.42, 2.76, 2.14, 2.01, 1.9, 1.65, 1.74, 1.76, 1.8, 1.84, 1.87, 2.0, 2.01, 2.03, 2.07, 2.14, 2.25, 2.34, 2.62, 2.63, 2.62, 2.6, 1.87, 1.84, 1.71, 1.62, 1.54, 1.6, 1.67, 1.73, 1.78, 2.03, 2.04, 1.74, 1.79, 1.85, 2.55, 2.54, 2.54, 2.53, 2.52, 1.91, 1.75, 1.56, 1.24, 1.18, 1.49, 1.62, 1.75, 1.96, 2.06, 1.72, 1.74, 1.76, 1.8, 2.51, 2.49, 2.46, 2.42, 2.4, 2.41, 1.82, 1.65, 1.42, 1.16, 1.08, 1.23, 1.45, 1.62, 1.75, 1.83, 1.73, 1.75, 1.78, 1.81, 2.46, 2.42, 2.36, 2.28, 2.24, 1.8, 1.67, 1.6, 1.35, 1.08, 0.66, 1.15, 1.47, 1.68, 1.81, 1.89, 1.75, 1.76, 1.78, 2.46, 2.42, 2.37, 2.29, 2.15, 1.92, 1.81, 1.28, 1.09, 1.5, 1.26, 1.11, 1.35, 1.61, 1.79, 1.9, 1.97, 1.75, 1.77, 1.74, 1.74, 1.75, 1.75, 1.77, 1.82, 1.65, 1.45, 1.25, 1.09, 1.65, 1.56, 1.54, 1.67, 1.84, 1.96, 2.03, 2.06, 1.7, 1.69, 1.69, 1.68, 1.67, 1.67, 1.67, 1.69, 1.38, 1.29, 1.16, 1.06, 1.82, 1.8, 1.87, 1.98, 2.1, 2.16, 2.18, 2.17, 1.66, 1.64, 1.63, 1.62, 1.6, 1.57, 1.55, 1.21, 1.17, 1.11, 1.05, 1.0, 1.48, 2.01, 2.12, 2.26, 2.37, 2.37, 2.31, 2.26, 1.62, 1.6, 1.58, 1.08, 1.09, 1.08, 1.07, 1.03, 0.99, 0.96, 0.95, 1.7, 1.89, 2.16, 2.29, 2.48, 2.67, 2.57, 2.41, 2.32, 1.05, 1.05, 1.04, 1.04, 1.02, 1.0, 0.96, 0.89, 0.81, 0.77, 0.81, 1.27, 1.83, 2.09, 2.33, 2.58, 3.09, 2.56, 2.41, 2.34, 1.03, 1.02, 1.01, 1.0, 0.97, 0.94, 0.88, 0.8, 0.67, 0.56, 0.7, 1.17, 1.45, 2.04, 2.27, 2.45, 2.44, 2.25, 2.36, 2.33, 1.01, 1.0, 0.98, 0.96, 0.93, 0.9, 0.84, 0.76, 0.65, 0.56, 0.88, 1.12, 1.37, 1.99, 2.19, 2.36, 2.37, 2.34, 2.33, 2.32, 0.99, 0.98, 0.96, 0.94, 0.91, 0.87, 0.83, 0.77, 0.71, 0.69, 0.94, 1.1, 1.3, 1.98, 2.14, 2.24, 2.29, 2.31, 2.31, 2.31, 0.98, 0.96, 0.94, 0.92, 0.89, 0.86, 0.82, 0.79, 0.75, 0.9, 0.93, 0.8, 0.87, 0.96, 2.02, 2.14, 2.21, 2.24, 2.26, 2.26, 0.96, 0.95, 0.93, 0.91, 0.89, 0.86, 0.83, 0.8, 0.77, 0.87, 0.74, 0.79, 0.86, 0.94, 1.93, 2.05, 2.13, 2.18, 2.2, 2.22, 0.95, 0.94, 0.92, 0.9, 0.88, 0.86, 0.83, 0.81, 0.77, 0.76, 0.76, 0.8, 0.86, 0.92, 1.86, 1.98, 2.06, 2.12, 2.15, 2.17, 0.95, 0.93, 0.92, 0.9, 0.88, 0.86, 0.84, 0.82, 0.79, 0.79, 0.8, 0.82, 0.87, 0.92, 1.83, 1.93, 2.01, 2.07, 2.11, 2.13, 0.94, 0.93, 0.92, 0.9, 0.88, 0.87, 0.85, 0.82, 0.81, 0.82, 0.83, 0.85, 0.88, 0.92, 1.81, 1.9, 1.97, 2.03, 2.07, 2.1]}, {"header": {"refTime": "2023-09-09T01:00:00.000Z", "nx": 21, "ny": 33, "lo1": 113.509, "la1": 22.2235, "lo2": 113.5947, "la2": 22.1034, "dx": 0.0042850000000001385, "dy": 0.003753125000000024, "parameterCategory": 0, "parameterCategoryName": "Temperature", "parameterNumber": 0}, "data": [[25.9, 25.89, 25.89, 25.66, 25.67, 25.94, 25.94, 25.94, 25.95, 25.87, 25.87, 25.88, 26.13, 26.14, 26.18, 26.19, 26.27, 26.27, 26.27, 26.27], [25.9, 25.9, 25.89, 25.89, 25.67, 25.69, 25.93, 25.93, 25.94, 25.87, 25.88, 25.9, 26.14, 26.16, 26.19, 26.27, 26.27, 26.27, 26.27, 26.27], [25.9, 25.9, 25.89, 25.89, 25.67, 25.69, 25.72, 25.92, 25.91, 25.87, 25.89, 25.92, 26.17, 26.18, 26.27, 26.27, 26.27, 26.28, 26.28, 26.28], [25.9, 25.9, 25.9, 25.89, 25.89, 25.67, 25.7, 25.74, 25.78, 25.86, 25.89, 25.96, 26.2, 26.06, 26.28, 26.28, 26.28, 26.28, 26.28, 26.28], [25.91, 25.9, 25.9, 25.89, 25.89, 25.65, 25.67, 25.68, 25.67, 25.81, 25.86, 26.07, 26.2, 26.09, 26.27, 26.28, 26.28, 26.28, 26.28, 26.28], [25.91, 25.91, 25.9, 25.9, 25.89, 25.88, 25.64, 25.63, 25.61, 25.56, 25.85, 26.0, 26.12, 26.27, 26.27, 26.28, 26.28, 26.28, 26.28, 26.28], [25.92, 25.91, 25.91, 25.91, 25.9, 25.88, 25.67, 25.62, 25.59, 25.57, 25.55, 25.9, 26.24, 26.25, 26.27, 26.28, 26.29, 26.29, 26.3, 26.3], [25.93, 25.93, 25.93, 25.93, 25.92, 25.74, 25.7, 25.67, 25.67, 25.53, 25.36, 25.89, 25.9, 26.25, 26.26, 26.25, 26.27, 26.28, 26.27, 26.26], [25.87, 25.88, 25.95, 25.95, 25.96, 25.94, 25.89, 25.69, 25.54, 25.59, 25.58, 25.73, 25.8, 25.71, 26.26, 26.25, 26.26, 26.27, 26.26, 26.26], [26.1, 26.1, 26.1, 25.91, 25.94, 26.01, 25.96, 25.89, 25.42, 25.44, 25.81, 25.64, 25.69, 25.67, 26.26, 26.24, 26.25, 26.26, 26.26, 26.25], [26.1, 26.1, 26.1, 26.1, 26.1, 26.1, 26.1, 26.1, 25.96, 25.53, 25.2, 25.58, 25.63, 25.63, 26.26, 26.24, 26.25, 26.25, 26.25, 26.25], [26.1, 26.1, 26.1, 26.1, 26.1, 26.1, 26.1, 26.1, 26.1, -999.0, 25.2, 26.2, 26.2, 25.6, 26.26, 26.24, 26.24, 25.56, 25.58, 25.58], [26.1, 26.1, 26.1, 26.1, 26.1, 26.1, 26.1, 26.1, 26.1, 26.1, -999.0, 26.2, 26.2, 25.42, 25.76, 25.83, 25.84, 25.68, 25.7, 25.71], [26.1, 26.1, 26.1, 26.1, 26.1, 26.1, 26.1, 26.1, 26.1, 26.1, -999.0, 25.0, 25.0, 25.0, 25.66, 25.72, 25.74, 25.58, 25.61, 25.64], [26.1, 26.1, 26.1, 26.1, 26.1, 26.1, 26.1, 26.0, 26.0, 26.0, 26.0, 25.62, 25.0, 25.0, 25.0, 25.6, 25.63, 25.48, 25.53, 25.57], [26.1, 26.1, 26.04, 26.04, 26.03, 26.0, 26.0, 26.0, 26.0, 26.0, 25.37, 25.44, 25.35, 25.26, 25.36, 25.29, 25.34, 25.26, 25.56, 25.6], [26.04, 26.04, 26.06, 26.06, 26.0, 26.0, 26.0, 26.0, 26.0, 26.0, 25.57, 25.45, 25.32, 25.2, 25.21, 25.21, 25.28, 25.34, 25.38, 25.41], [26.06, 26.06, 26.06, 26.06, 26.0, 26.0, 26.0, 26.0, 26.0, 25.75, 25.61, 25.46, 25.31, 25.22, 25.03, 25.19, 25.29, 25.36, 25.4, 25.43], [26.06, 26.06, 26.06, 26.0, 26.0, 26.0, 26.0, 26.0, 25.91, 25.81, 25.73, 25.61, 25.42, 25.29, 25.17, 25.25, 25.33, 25.4, 25.43, 25.45], [26.06, 26.06, 26.06, 26.05, 26.05, 26.05, 26.04, 26.02, 25.92, 25.85, 25.75, 25.65, 25.48, 25.4, 25.31, 25.35, 25.41, 25.45, 25.47, 25.49], [26.06, 26.06, 26.06, 26.04, 26.04, 26.04, 26.03, 26.03, 25.87, 25.83, 25.77, 25.69, 25.53, 25.39, 25.41, 25.45, 25.49, 25.51, 25.52, 25.52], [26.05, 26.05, 26.05, 26.04, 26.04, 26.04, 26.04, 26.03, 25.86, 25.84, 25.8, 25.74, 25.61, 25.46, 25.49, 25.54, 25.57, 25.58, 25.57, 25.55], [26.05, 26.05, 26.05, 26.04, 26.04, 26.04, 26.04, 26.04, 26.05, 26.05, 26.05, 25.99, 25.85, 25.51, 25.55, 25.6, 25.65, 25.64, 25.6, 25.58], [26.04, 26.04, 26.04, 26.04, 26.04, 26.04, 26.05, 26.05, 26.06, 26.06, 26.06, 26.0, 25.86, 25.82, 25.78, 25.64, 25.73, 25.66, 25.62, 25.59], [26.04, 26.04, 26.04, 26.04, 26.04, 26.04, 26.05, 26.06, 26.07, 26.08, 26.07, 26.01, 25.98, 25.82, 25.78, 25.75, 25.65, 25.63, 25.62, 25.6], [26.04, 26.04, 26.04, 26.04, 26.04, 26.04, 26.05, 26.06, 26.07, 26.08, 26.04, 26.01, 25.99, 25.83, 25.79, 25.74, 25.72, 25.71, 25.61, 25.59], [26.04, 26.04, 26.04, 26.04, 26.04, 26.04, 26.05, 26.05, 26.05, 26.06, 26.02, 26.01, 25.99, 25.81, 25.78, 25.76, 25.74, 25.73, 25.73, 25.74], [26.04, 26.04, 26.04, 26.04, 26.04, 26.04, 26.04, 26.04, 26.04, 26.01, 26.01, 25.97, 25.94, 25.91, 25.8, 25.77, 25.76, 25.75, 25.75, 25.75], [26.04, 26.04, 26.04, 26.04, 26.04, 26.04, 26.04, 26.04, 26.03, 26.0, 25.99, 25.97, 25.95, 25.92, 25.81, 25.79, 25.77, 25.77, 25.76, 25.76], [26.04, 26.04, 26.04, 26.04, 26.04, 26.04, 26.04, 26.03, 25.98, 25.98, 25.99, 25.97, 25.95, 25.93, 25.82, 25.8, 25.79, 25.78, 25.77, 25.77], [26.04, 26.04, 26.04, 26.04, 26.04, 26.04, 26.03, 26.03, 25.97, 25.97, 25.97, 25.96, 25.95, 25.93, 25.83, 25.81, 25.8, 25.79, 25.78, 25.78], [26.04, 26.04, 26.04, 26.04, 26.03, 26.03, 26.03, 25.96, 25.96, 25.96, 25.96, 25.95, 25.94, 25.93, 25.83, 25.82, 25.8, 25.79, 25.79, 25.78]]}]