gis_exercise/awsData/contour/wdir_2023090604.json
[{"header": {"refTime": "2023-09-06T04:00:00.000Z", "nx": 21, "ny": 33, "lo1": 113.509, "la1": 22.2235, "lo2": 113.5947, "la2": 22.1034, "dx": 0.0042850000000001385, "dy": 0.003753125000000024, "parameterCategory": 2, "parameterCategoryName": "Temperature", "parameterNumber": 2}, "data": [0.65, 0.66, 0.66, 0.76, 0.76, 0.52, 0.52, 0.51, 0.49, 0.28, 0.21, 0.14, 0.07, 0.04, 0.29, 0.33, 0.28, 0.32, 0.35, 0.37, 0.65, 0.65, 0.66, 0.67, 0.76, 0.75, 0.54, 0.55, 0.54, 0.33, 0.21, 0.11, 0.02, -0.01, 0.26, 0.23, 0.3, 0.35, 0.38, 0.4, 0.64, 0.65, 0.66, 0.67, 0.77, 0.76, 0.74, 0.58, 0.62, 0.38, 0.19, 0.04, -0.06, -0.07, 0.14, 0.24, 0.33, 0.39, 0.43, 0.44, 0.63, 0.64, 0.65, 0.67, 0.68, 0.78, 0.76, 0.73, 0.7, 0.31, 0.12, -0.07, -0.19, -0.21, 0.12, 0.27, 0.38, 0.46, 0.49, 0.49, 0.62, 0.63, 0.64, 0.66, 0.68, 0.8, 0.79, 0.78, 0.76, 0.21, 0.05, -0.24, -0.44, -0.25, 0.13, 0.33, 0.48, 0.56, 0.58, 0.56, 0.61, 0.61, 0.62, 0.64, 0.67, 0.72, 0.84, 0.85, 0.82, 0.75, 0.01, -0.13, -0.28, 0.03, 0.2, 0.43, 0.64, 0.73, 0.69, 0.62, 0.7, 0.59, 0.6, 0.61, 0.64, 0.7, 0.72, 0.95, 0.93, 0.66, 0.52, 0.07, 0.24, 0.26, 0.29, 0.53, 0.85, 0.97, 0.95, 0.88, 0.69, 0.68, 0.67, 0.67, 0.69, 0.58, 0.71, 0.93, 1.12, 0.65, 0.43, 0.51, 0.55, 0.47, 0.95, 1.03, 1.11, 1.14, 1.09, 1.06, 0.67, 0.65, 0.63, 0.6, 0.59, 0.63, 0.75, 0.77, 1.01, 0.68, 0.6, 0.72, 0.95, 0.84, 0.98, 1.02, 1.06, 1.08, 1.07, 1.05, 0.61, 0.58, 0.55, 0.55, 0.46, 0.42, 0.59, 0.79, 0.96, 0.89, 0.7, 0.86, 1.06, 0.9, 1.0, 1.01, 1.03, 1.05, 1.05, 1.04, 0.61, 0.59, 0.56, 0.5, 0.38, 0.02, 0.48, 0.71, 0.87, 0.93, 0.98, 0.82, 0.88, 0.85, 1.01, 1.01, 1.02, 1.03, 1.03, 1.03, 0.63, 0.61, 0.59, 0.55, 0.49, 0.46, 0.64, 0.86, 0.94, 1.13, 1.0, 0.98, 0.99, 0.81, 1.0, 1.01, 1.01, 1.4, 1.4, 1.4, 0.64, 0.64, 0.63, 0.62, 0.64, 0.72, 0.84, 0.89, 0.92, 0.86, 1.16, 0.98, 0.97, 1.16, 1.17, 1.44, 1.44, 1.43, 1.42, 1.42, 0.66, 0.66, 0.66, 0.68, 0.72, 0.82, 0.98, 0.89, 0.87, 0.84, 1.15, 1.36, 1.4, 1.43, 1.24, 1.48, 1.47, 1.46, 1.45, 1.44, 0.67, 0.68, 0.69, 0.71, 0.75, 0.81, 0.86, 0.74, 0.68, 0.62, 0.58, 0.82, 1.43, 1.47, 1.49, 1.52, 1.5, 1.49, 1.47, 1.46, 0.69, 0.7, 0.25, 0.28, 0.31, 0.61, 0.6, 0.55, 0.5, 0.47, 0.67, 0.8, 0.95, 1.16, 1.24, 1.7, 1.7, 1.71, 1.66, 1.65, 0.2, 0.2, 0.21, 0.22, 0.5, 0.46, 0.4, 0.32, 0.26, 0.27, 0.57, 0.78, 1.0, 1.23, 1.47, 1.73, 1.73, 1.74, 1.74, 1.74, 0.18, 0.17, 0.17, 0.16, 0.4, 0.32, 0.2, 0.04, -0.05, 0.2, 0.46, 0.73, 1.02, 1.44, 1.68, 1.73, 1.73, 1.74, 1.74, 1.74, 0.15, 0.15, 0.13, 0.38, 0.32, 0.22, 0.06, -0.21, -0.41, 0.03, 0.15, 0.44, 1.13, 1.37, 1.72, 1.73, 1.74, 1.74, 1.74, 1.74, 0.13, 0.12, 0.06, 0.03, -0.01, -0.08, -0.18, -0.32, -0.33, -0.12, 0.13, 0.37, 1.09, 1.28, 1.74, 1.74, 1.75, 1.75, 1.75, 1.75, 0.07, 0.06, 0.03, 0.0, -0.04, -0.09, -0.16, -0.23, -0.13, -0.03, 0.13, 0.31, 1.07, 1.74, 1.75, 1.75, 1.76, 1.76, 1.75, 1.75, 0.05, 0.04, 0.01, -0.02, -0.05, -0.09, -0.13, -0.43, -0.03, 0.03, 0.13, 0.25, 1.19, 1.75, 1.76, 1.77, 1.78, 1.77, 1.76, 1.75, 0.04, 0.02, -0.0, -0.42, -0.41, -0.41, -0.4, -0.39, -0.37, -0.36, -0.37, 0.28, 1.06, 1.76, 1.77, 1.78, 1.81, 1.78, 1.75, 1.74, -0.42, -0.41, -0.41, -0.41, -0.4, -0.39, -0.37, -0.35, -0.32, -0.3, -0.32, 0.28, 1.01, 1.22, 1.42, 1.79, 1.89, 1.75, 1.73, 1.74, -0.41, -0.41, -0.41, -0.4, -0.39, -0.38, -0.36, -0.32, -0.27, -0.22, -0.29, 0.21, 0.39, 1.19, 1.38, 1.54, 1.71, 1.65, 1.71, 1.73, -0.41, -0.41, -0.4, -0.4, -0.39, -0.38, -0.36, -0.32, -0.27, -0.23, 0.01, 0.14, 0.31, 1.16, 1.33, 1.4, 1.48, 1.49, 1.71, 1.72, -0.41, -0.41, -0.4, -0.4, -0.39, -0.38, -0.37, -0.35, -0.33, -0.33, -0.03, 0.07, 0.22, 0.94, 1.13, 1.27, 1.36, 1.4, 1.39, 1.37, -0.41, -0.41, -0.4, -0.4, -0.39, -0.39, -0.38, -0.38, -0.38, -0.14, -0.15, -0.11, 0.03, 0.18, 1.0, 1.15, 1.25, 1.3, 1.31, 1.31, -0.41, -0.41, -0.4, -0.4, -0.4, -0.39, -0.39, -0.4, -0.42, -0.26, -0.41, -0.21, -0.03, 0.12, 0.89, 1.04, 1.14, 1.2, 1.24, 1.25, -0.41, -0.41, -0.4, -0.4, -0.4, -0.4, -0.4, -0.41, -0.18, -0.28, -0.34, -0.2, -0.05, 0.09, 0.81, 0.96, 1.06, 1.12, 1.17, 1.19, -0.41, -0.41, -0.41, -0.41, -0.41, -0.41, -0.41, -0.42, -0.14, -0.19, -0.2, -0.13, -0.03, 0.08, 0.77, 0.9, 0.99, 1.06, 1.11, 1.14, -0.41, -0.41, -0.41, -0.41, -0.41, -0.41, -0.41, -0.07, -0.1, -0.12, -0.11, -0.07, 0.0, 0.09, 0.75, 0.86, 0.95, 1.01, 1.06, 1.09]}, {"header": {"refTime": "2023-09-06T04:00:00.000Z", "nx": 21, "ny": 33, "lo1": 113.509, "la1": 22.2235, "lo2": 113.5947, "la2": 22.1034, "dx": 0.0042850000000001385, "dy": 0.003753125000000024, "parameterCategory": 2, "parameterCategoryName": "Temperature", "parameterNumber": 3}, "data": [0.1, 0.1, 0.1, 0.1, 0.11, -0.07, -0.05, -0.03, -0.03, 0.01, -0.04, -0.09, 0.01, -0.0, 0.19, 0.24, 0.42, 0.47, 0.5, 0.53, 0.1, 0.1, 0.1, 0.1, 0.11, 0.12, -0.03, 0.02, 0.05, 0.05, -0.04, -0.12, -0.03, -0.04, 0.16, 0.37, 0.44, 0.5, 0.53, 0.56, 0.09, 0.09, 0.1, 0.1, 0.1, 0.11, 0.14, 0.06, 0.21, 0.08, -0.06, -0.16, -0.09, -0.09, 0.26, 0.38, 0.47, 0.54, 0.58, 0.6, 0.09, 0.09, 0.09, 0.09, 0.1, 0.1, 0.12, 0.15, 0.18, 0.03, -0.11, -0.25, -0.21, -0.18, 0.24, 0.4, 0.53, 0.61, 0.64, 0.65, 0.09, 0.09, 0.09, 0.09, 0.08, 0.08, 0.08, 0.1, 0.11, -0.03, -0.15, -0.23, -0.47, -0.23, 0.25, 0.47, 0.63, 0.71, 0.73, 0.71, 0.09, 0.09, 0.08, 0.08, 0.07, 0.06, 0.04, 0.04, 0.05, 0.07, 0.04, -0.09, -0.26, 0.03, 0.34, 0.58, 0.79, 0.88, 0.84, 0.77, 0.12, 0.09, 0.08, 0.08, 0.07, 0.05, -0.01, -0.03, -0.03, 0.15, 0.24, 0.18, 0.33, 0.3, 0.46, 0.69, 1.0, 1.11, 0.97, 0.87, 0.12, 0.12, 0.12, 0.08, 0.07, 0.03, -0.0, -0.08, -0.11, 0.14, 0.21, 0.64, 0.71, 0.5, 1.01, 1.1, 1.21, 1.25, 1.19, 1.15, 0.13, 0.13, 0.13, 0.13, 0.09, 0.08, 0.04, -0.03, -0.03, 0.16, 0.54, 0.7, 0.82, 0.76, 1.0, 1.07, 1.14, 1.17, 1.15, 1.13, 0.26, 0.25, 0.25, 0.15, 0.15, 0.13, 0.1, 0.06, 0.04, 0.06, 0.63, 0.73, 0.84, 0.77, 1.0, 1.05, 1.09, 1.12, 1.12, 1.11, 0.26, 0.26, 0.25, 0.25, 0.24, 0.2, 0.24, 0.25, 0.12, 0.09, 0.49, 0.71, 0.75, 0.74, 1.0, 1.03, 1.06, 1.08, 1.09, 1.09, 0.26, 0.26, 0.26, 0.25, 0.25, 0.25, 0.26, 0.25, 0.24, 0.42, 0.46, 0.68, 0.72, 0.71, 1.0, 1.02, 1.05, 1.24, 1.24, 1.25, 0.26, 0.26, 0.26, 0.26, 0.27, 0.28, 0.3, 0.27, 0.25, 0.26, 0.48, 0.64, 0.68, 1.03, 1.04, 1.22, 1.23, 1.24, 1.25, 1.25, 0.26, 0.26, 0.27, 0.27, 0.28, 0.3, 0.34, 0.29, 0.27, 0.26, 0.46, 0.81, 0.88, 0.93, 1.08, 1.24, 1.25, 1.25, 1.25, 1.25, 0.27, 0.27, 0.27, 0.27, 0.28, 0.29, 0.3, 0.27, 0.25, 0.24, 0.23, 0.61, 0.93, 0.99, 1.02, 1.27, 1.26, 1.26, 1.26, 1.26, 0.27, 0.27, 0.23, 0.24, 0.24, 0.25, 0.25, 0.24, 0.23, 0.22, 0.54, 0.64, 0.77, 1.03, 1.08, 1.06, 1.01, 0.96, 1.01, 0.99, 0.23, 0.23, 0.23, 0.23, 0.24, 0.23, 0.22, 0.21, 0.2, 0.2, 0.54, 0.67, 0.83, 1.01, 1.08, 1.12, 1.03, 0.96, 0.91, 0.87, 0.22, 0.22, 0.22, 0.22, 0.22, 0.21, 0.2, 0.17, 0.16, 0.41, 0.54, 0.68, 0.87, 1.08, 1.34, 1.15, 1.02, 0.94, 0.88, 0.85, 0.22, 0.22, 0.21, 0.22, 0.21, 0.2, 0.18, 0.14, 0.17, 0.35, 0.52, 0.68, 0.79, 0.97, 1.17, 1.07, 0.96, 0.89, 0.84, 0.82, 0.22, 0.21, 0.26, 0.25, 0.24, 0.22, 0.2, 0.17, 0.25, 0.36, 0.5, 0.64, 0.71, 0.81, 0.99, 0.94, 0.87, 0.82, 0.79, 0.78, 0.26, 0.26, 0.26, 0.25, 0.24, 0.23, 0.22, 0.2, 0.36, 0.42, 0.51, 0.61, 0.62, 0.89, 0.86, 0.81, 0.76, 0.73, 0.73, 0.74, 0.26, 0.26, 0.26, 0.25, 0.25, 0.24, 0.24, 0.22, 0.42, 0.45, 0.51, 0.58, 0.63, 0.8, 0.75, 0.69, 0.64, 0.65, 0.67, 0.7, 0.27, 0.26, 0.26, 0.25, 0.25, 0.25, 0.25, 0.26, 0.26, 0.27, 0.27, 0.21, 0.45, 0.74, 0.68, 0.59, 0.51, 0.56, 0.64, 0.68, 0.25, 0.25, 0.25, 0.25, 0.26, 0.26, 0.27, 0.28, 0.3, 0.3, 0.3, 0.28, 0.45, 0.46, 0.46, 0.55, 0.3, 0.58, 0.65, 0.67, 0.26, 0.26, 0.26, 0.26, 0.27, 0.27, 0.28, 0.3, 0.32, 0.34, 0.32, 0.29, 0.26, 0.47, 0.48, 0.49, 0.64, 0.75, 0.68, 0.68, 0.26, 0.26, 0.26, 0.27, 0.27, 0.28, 0.29, 0.3, 0.33, 0.34, 0.32, 0.29, 0.26, 0.47, 0.49, 0.51, 0.56, 0.59, 0.69, 0.69, 0.26, 0.26, 0.27, 0.27, 0.28, 0.28, 0.29, 0.3, 0.31, 0.32, 0.3, 0.29, 0.27, 0.45, 0.47, 0.5, 0.53, 0.54, 0.54, 0.53, 0.26, 0.27, 0.27, 0.27, 0.28, 0.28, 0.29, 0.3, 0.3, 0.3, 0.3, 0.42, 0.47, 0.52, 0.46, 0.49, 0.51, 0.52, 0.52, 0.51, 0.27, 0.27, 0.27, 0.28, 0.28, 0.28, 0.29, 0.29, 0.3, 0.3, 0.33, 0.39, 0.45, 0.5, 0.45, 0.47, 0.49, 0.5, 0.5, 0.5, 0.27, 0.27, 0.27, 0.28, 0.28, 0.28, 0.29, 0.29, 0.4, 0.37, 0.35, 0.4, 0.44, 0.49, 0.44, 0.46, 0.47, 0.48, 0.49, 0.49, 0.27, 0.27, 0.27, 0.28, 0.28, 0.28, 0.29, 0.29, 0.41, 0.4, 0.4, 0.42, 0.45, 0.49, 0.44, 0.45, 0.46, 0.47, 0.48, 0.48, 0.27, 0.27, 0.27, 0.28, 0.28, 0.28, 0.28, 0.44, 0.43, 0.42, 0.42, 0.44, 0.46, 0.49, 0.43, 0.45, 0.46, 0.47, 0.47, 0.48]}, {"header": {"refTime": "2023-09-06T04:00:00.000Z", "nx": 21, "ny": 33, "lo1": 113.509, "la1": 22.2235, "lo2": 113.5947, "la2": 22.1034, "dx": 0.0042850000000001385, "dy": 0.003753125000000024, "parameterCategory": 0, "parameterCategoryName": "Temperature", "parameterNumber": 0}, "data": [[28.33, 28.34, 28.35, 28.34, 28.35, 28.78, 28.77, 28.77, 28.78, 28.7, 28.74, 28.78, 29.05, 29.07, 29.01, 29.0, 29.03, 29.01, 28.99, 28.98], [28.32, 28.33, 28.34, 28.36, 28.35, 28.37, 28.75, 28.74, 28.73, 28.68, 28.74, 28.81, 29.08, 29.1, 29.04, 29.06, 29.02, 29.0, 28.98, 28.96], [28.31, 28.32, 28.33, 28.35, 28.34, 28.36, 28.4, 28.71, 28.63, 28.67, 28.76, 28.86, 29.14, 29.15, 29.11, 29.06, 29.01, 28.97, 28.96, 28.95], [28.3, 28.31, 28.32, 28.34, 28.36, 28.35, 28.38, 28.42, 28.46, 28.67, 28.79, 28.96, 29.25, 29.06, 29.12, 29.04, 28.98, 28.94, 28.93, 28.92], [28.29, 28.3, 28.3, 28.32, 28.33, 28.33, 28.34, 28.35, 28.35, 28.65, 28.78, 29.09, 29.38, 29.13, 29.12, 29.01, 28.93, 28.89, 28.88, 28.89], [28.28, 28.28, 28.28, 28.29, 28.31, 28.33, 28.31, 28.3, 28.28, 28.22, 28.69, 28.94, 29.18, 29.33, 29.07, 28.96, 28.86, 28.81, 28.83, 28.86], [28.12, 28.26, 28.26, 28.26, 28.27, 28.29, 28.12, 28.29, 28.26, 28.2, 28.17, 28.68, 29.14, 29.19, 29.01, 28.9, 28.76, 28.7, 28.78, 28.85], [28.11, 28.11, 28.11, 28.11, 28.12, 28.07, 28.12, 28.22, 28.36, 28.16, 27.97, 28.49, 28.5, 29.2, 28.67, 28.7, 28.65, 28.64, 28.66, 28.68], [28.19, 28.18, 28.09, 28.08, 28.08, 28.1, 28.16, 28.15, 28.21, 28.23, 28.18, 28.33, 28.4, 28.31, 28.68, 28.7, 28.68, 28.67, 28.67, 28.68], [27.9, 27.9, 27.9, 28.13, 28.1, 28.01, 28.07, 28.16, 28.06, 28.09, 28.41, 28.24, 28.29, 28.27, 28.68, 28.71, 28.7, 28.69, 28.69, 28.69], [27.9, 27.9, 27.9, 27.9, 27.9, 27.9, 27.9, 27.9, 28.08, 28.19, 27.8, 28.18, 28.23, 28.23, 28.68, 28.72, 28.71, 28.7, 28.7, 28.7], [27.9, 27.9, 27.9, 27.9, 27.9, 27.9, 27.9, 27.9, 27.9, -999.0, 27.8, 28.8, 28.8, 28.2, 28.68, 28.73, 28.72, 27.8, 27.82, 27.83], [27.9, 27.9, 27.9, 27.9, 27.9, 27.9, 27.9, 27.9, 27.9, 27.9, -999.0, 28.8, 28.8, 27.76, 28.21, 28.09, 28.1, 27.93, 27.95, 27.97], [27.9, 27.9, 27.9, 27.9, 27.9, 27.9, 27.9, 27.9, 27.9, 27.9, -999.0, 27.2, 27.2, 27.2, 28.08, 27.97, 28.0, 27.82, 27.86, 27.89], [27.9, 27.9, 27.9, 27.9, 27.9, 27.9, 27.9, 27.3, 27.3, 27.3, 27.3, 27.26, 27.2, 27.2, 27.2, 27.84, 27.88, 27.72, 27.77, 27.81], [27.9, 27.9, 27.52, 27.52, 27.5, 27.3, 27.3, 27.3, 27.3, 27.3, 27.24, 27.24, 27.23, 27.23, 27.24, 27.35, 27.37, 27.33, 27.67, 27.71], [27.51, 27.51, 27.69, 27.68, 27.3, 27.3, 27.3, 27.3, 27.3, 27.3, 27.26, 27.24, 27.23, 27.22, 27.26, 27.11, 27.07, 27.05, 27.03, 27.01], [27.69, 27.68, 27.67, 27.65, 27.3, 27.3, 27.3, 27.3, 27.3, 27.27, 27.26, 27.25, 27.23, 27.26, 27.21, 27.12, 27.07, 27.04, 27.02, 27.0], [27.67, 27.66, 27.65, 27.3, 27.3, 27.3, 27.3, 27.3, 27.29, 27.28, 27.2, 27.18, 27.3, 27.28, 27.13, 27.1, 27.06, 27.03, 27.01, 26.99], [27.67, 27.66, 27.07, 27.08, 27.1, 27.12, 27.15, 27.23, 27.25, 27.21, 27.18, 27.17, 27.32, 27.31, 27.07, 27.06, 27.03, 27.01, 26.99, 26.98], [27.06, 27.06, 27.07, 27.13, 27.14, 27.15, 27.17, 27.19, 27.19, 27.18, 27.16, 27.15, 27.34, 27.04, 27.04, 27.03, 27.01, 26.99, 26.97, 26.96], [27.11, 27.12, 27.12, 27.12, 27.12, 27.13, 27.13, 27.14, 27.14, 27.13, 27.13, 27.13, 27.23, 27.01, 27.01, 27.02, 27.01, 26.98, 26.95, 26.93], [27.11, 27.11, 27.11, 27.13, 27.13, 27.12, 27.12, 27.1, 27.09, 27.08, 27.08, 27.2, 26.9, 26.99, 27.0, 27.02, 27.07, 26.98, 26.91, 26.9], [27.13, 27.13, 27.12, 27.12, 27.11, 27.11, 27.09, 27.07, 27.04, 27.03, 27.05, 27.15, 26.89, 26.9, 26.92, 27.0, 27.27, 26.85, 26.83, 26.86], [27.13, 27.12, 27.12, 27.11, 27.11, 27.09, 27.08, 27.05, 27.0, 26.96, 27.02, 27.13, 27.2, 26.88, 26.89, 26.88, 26.76, 26.56, 26.77, 26.83], [27.12, 27.12, 27.12, 27.11, 27.1, 27.09, 27.07, 27.05, 27.0, 26.96, 27.06, 27.13, 27.19, 26.87, 26.86, 26.87, 26.79, 26.74, 26.78, 26.83], [27.12, 27.12, 27.11, 27.11, 27.1, 27.09, 27.08, 27.06, 27.05, 27.05, 27.11, 27.15, 27.19, 26.97, 26.93, 26.89, 26.84, 26.81, 26.82, 26.84], [27.12, 27.12, 27.11, 27.11, 27.1, 27.1, 27.09, 27.09, 27.09, 27.14, 27.16, 26.95, 26.87, 26.79, 26.95, 26.91, 26.88, 26.86, 26.86, 26.86], [27.12, 27.12, 27.11, 27.11, 27.11, 27.1, 27.1, 27.11, 27.12, 27.17, 27.13, 27.01, 26.91, 26.82, 26.97, 26.93, 26.91, 26.89, 26.88, 26.88], [27.12, 27.12, 27.12, 27.11, 27.11, 27.11, 27.11, 27.12, 26.99, 27.05, 27.09, 27.01, 26.92, 26.84, 26.98, 26.95, 26.93, 26.91, 26.9, 26.9], [27.12, 27.12, 27.12, 27.12, 27.11, 27.11, 27.12, 27.12, 26.97, 27.0, 27.01, 26.97, 26.91, 26.85, 26.99, 26.96, 26.94, 26.93, 26.92, 26.91], [27.12, 27.12, 27.12, 27.12, 27.12, 27.12, 27.12, 26.92, 26.94, 26.96, 26.95, 26.93, 26.89, 26.84, 26.99, 26.97, 26.95, 26.94, 26.93, 26.93]]}]