gis_exercise/awsData/contour/wdir_2023090714.json
[{"header": {"refTime": "2023-09-07T14:00:00.000Z", "nx": 21, "ny": 33, "lo1": 113.509, "la1": 22.2235, "lo2": 113.5947, "la2": 22.1034, "dx": 0.0042850000000001385, "dy": 0.003753125000000024, "parameterCategory": 2, "parameterCategoryName": "Temperature", "parameterNumber": 2}, "data": [-1.41, -1.4, -1.4, -1.31, -1.31, -1.33, -1.31, -1.3, -1.29, -1.19, -1.2, -1.21, -1.29, -1.3, -1.4, -1.43, -1.53, -1.54, -1.55, -1.56, -1.41, -1.41, -1.4, -1.39, -1.31, -1.29, -1.31, -1.27, -1.25, -1.19, -1.2, -1.21, -1.3, -1.31, -1.41, -1.52, -1.54, -1.55, -1.56, -1.56, -1.42, -1.41, -1.41, -1.4, -1.32, -1.3, -1.28, -1.26, -1.18, -1.18, -1.2, -1.22, -1.3, -1.31, -1.49, -1.52, -1.54, -1.56, -1.57, -1.58, -1.42, -1.42, -1.42, -1.41, -1.4, -1.32, -1.3, -1.26, -1.23, -1.19, -1.21, -1.24, -1.31, -1.32, -1.49, -1.53, -1.56, -1.58, -1.59, -1.59, -1.43, -1.43, -1.43, -1.42, -1.42, -1.34, -1.34, -1.32, -1.31, -1.2, -1.22, -1.31, -1.31, -1.32, -1.49, -1.55, -1.59, -1.61, -1.62, -1.61, -1.43, -1.43, -1.44, -1.44, -1.44, -1.45, -1.38, -1.39, -1.37, -1.34, -1.3, -1.31, -1.32, -1.55, -1.51, -1.57, -1.63, -1.66, -1.65, -1.63, -1.99, -1.44, -1.44, -1.45, -1.46, -1.47, -1.49, -1.47, -1.46, -1.4, -1.34, -1.32, -1.61, -1.64, -1.53, -1.6, -1.7, -1.73, -1.8, -1.8, -2.0, -1.98, -1.95, -1.85, -1.84, -1.48, -1.5, -1.56, -1.62, -1.39, -1.23, -1.55, -1.62, -1.73, -1.86, -1.85, -1.83, -1.82, -1.83, -1.84, -2.01, -1.99, -1.96, -1.92, -1.81, -1.81, -1.84, -1.52, -1.74, -1.42, -1.54, -1.71, -1.94, -1.83, -1.9, -1.87, -1.85, -1.84, -1.84, -1.85, -2.31, -2.28, -2.23, -1.91, -1.83, -1.73, -1.83, -1.95, -1.9, -1.82, -1.66, -1.82, -2.02, -1.88, -1.92, -1.89, -1.87, -1.86, -1.85, -1.85, -2.32, -2.3, -2.25, -2.17, -1.99, -1.48, -2.11, -2.41, -2.2, -2.03, -2.12, -1.79, -1.85, -1.83, -1.93, -1.9, -1.88, -1.87, -1.86, -1.86, -2.34, -2.32, -2.29, -2.24, -2.16, -2.12, -2.36, -2.59, -2.66, -2.76, -2.21, -2.22, -2.18, -1.78, -1.92, -1.9, -1.89, -1.99, -1.98, -1.97, -2.37, -2.36, -2.35, -2.35, -2.38, -2.51, -2.69, -2.68, -2.67, -2.61, -2.73, -2.26, -2.21, -1.94, -1.93, -2.02, -2.0, -1.99, -1.98, -1.97, -2.39, -2.4, -2.41, -2.44, -2.51, -2.68, -2.97, -2.74, -2.66, -2.61, -2.76, -2.36, -2.31, -2.27, -1.92, -2.0, -1.99, -1.98, -1.98, -1.98, -2.42, -2.43, -2.45, -2.49, -2.55, -2.65, -2.73, -2.39, -2.23, -2.12, -2.03, -1.61, -2.27, -2.22, -2.19, -1.98, -1.98, -1.98, -1.97, -1.97, -2.44, -2.45, -1.67, -1.71, -1.77, -2.15, -2.12, -2.02, -1.9, -1.83, -1.44, -1.5, -1.57, -1.54, -1.6, -1.97, -1.98, -1.99, -1.87, -1.87, -1.56, -1.57, -1.58, -1.59, -1.92, -1.86, -1.73, -1.57, -1.46, -1.47, -1.26, -1.4, -1.54, -1.66, -1.64, -1.66, -1.59, -1.52, -1.48, -1.44, -1.51, -1.51, -1.49, -1.46, -1.73, -1.59, -1.36, -1.04, -0.88, -0.91, -1.16, -1.31, -1.51, -1.62, -1.85, -1.69, -1.58, -1.51, -1.46, -1.43, -1.47, -1.45, -1.41, -1.7, -1.58, -1.39, -1.08, -0.58, -0.11, -0.66, -0.54, -0.79, -1.33, -1.55, -1.71, -1.63, -1.54, -1.47, -1.43, -1.4, -1.43, -1.4, -1.07, -1.01, -0.92, -0.79, -0.61, -0.36, -0.1, -0.3, -0.52, -0.74, -1.28, -1.45, -1.57, -1.53, -1.47, -1.43, -1.39, -1.37, -1.08, -1.04, -1.0, -0.94, -0.86, -0.76, -0.63, -0.5, -0.3, -0.39, -0.53, -0.69, -1.26, -1.48, -1.47, -1.44, -1.41, -1.37, -1.34, -1.33, -1.03, -1.0, -0.95, -0.89, -0.82, -0.74, -0.66, -0.22, -0.4, -0.46, -0.54, -0.65, -1.4, -1.42, -1.4, -1.39, -1.37, -1.33, -1.3, -1.28, -0.99, -0.96, -0.91, -0.3, -0.3, -0.29, -0.29, -0.29, -0.3, -0.31, -0.33, -0.63, -0.87, -1.37, -1.35, -1.36, -1.39, -1.3, -1.23, -1.23, -0.34, -0.33, -0.33, -0.33, -0.33, -0.33, -0.34, -0.35, -0.36, -0.37, -0.38, -0.88, -0.85, -0.94, -1.04, -1.32, -1.57, -1.13, -1.14, -1.18, -0.35, -0.35, -0.35, -0.36, -0.36, -0.37, -0.38, -0.39, -0.39, -0.4, -0.41, -0.84, -0.98, -0.92, -1.0, -1.05, -1.03, -0.82, -1.06, -1.15, -0.37, -0.37, -0.37, -0.38, -0.39, -0.4, -0.41, -0.42, -0.42, -0.42, -0.69, -0.83, -0.96, -0.89, -0.95, -1.04, -0.98, -0.93, -1.08, -1.14, -0.38, -0.38, -0.39, -0.4, -0.41, -0.43, -0.44, -0.46, -0.47, -0.49, -0.77, -0.85, -0.94, -1.02, -1.03, -1.02, -1.0, -0.98, -0.99, -1.0, -0.39, -0.4, -0.41, -0.42, -0.43, -0.45, -0.47, -0.5, -0.54, -0.8, -0.83, -0.64, -0.6, -0.56, -1.01, -1.01, -1.0, -1.0, -1.0, -1.01, -0.4, -0.41, -0.42, -0.43, -0.45, -0.47, -0.5, -0.54, -0.6, -0.85, -0.8, -0.7, -0.63, -0.58, -1.0, -1.0, -1.01, -1.01, -1.01, -1.01, -0.41, -0.42, -0.43, -0.45, -0.46, -0.49, -0.52, -0.56, -0.67, -0.73, -0.76, -0.7, -0.64, -0.6, -0.99, -1.0, -1.0, -1.01, -1.01, -1.01, -0.42, -0.43, -0.44, -0.45, -0.47, -0.49, -0.52, -0.56, -0.66, -0.69, -0.7, -0.67, -0.64, -0.6, -0.99, -1.0, -1.0, -1.01, -1.01, -1.01, -0.42, -0.43, -0.45, -0.46, -0.48, -0.5, -0.52, -0.62, -0.64, -0.66, -0.66, -0.65, -0.62, -0.6, -0.99, -0.99, -1.0, -1.0, -1.01, -1.01]}, {"header": {"refTime": "2023-09-07T14:00:00.000Z", "nx": 21, "ny": 33, "lo1": 113.509, "la1": 22.2235, "lo2": 113.5947, "la2": 22.1034, "dx": 0.0042850000000001385, "dy": 0.003753125000000024, "parameterCategory": 2, "parameterCategoryName": "Temperature", "parameterNumber": 3}, "data": [-0.08, -0.11, -0.15, -0.43, -0.46, -0.23, -0.29, -0.34, -0.34, -0.17, -0.0, 0.16, 0.44, 0.53, 0.65, 0.7, 1.29, 1.29, 1.28, 1.28, -0.05, -0.09, -0.13, -0.19, -0.46, -0.51, -0.35, -0.48, -0.55, -0.31, -0.02, 0.21, 0.53, 0.61, 0.72, 1.3, 1.29, 1.29, 1.28, 1.28, -0.02, -0.05, -0.1, -0.15, -0.44, -0.5, -0.59, -0.59, -0.98, -0.42, 0.03, 0.34, 0.68, 0.74, 1.32, 1.3, 1.29, 1.29, 1.28, 1.28, 0.01, -0.01, -0.05, -0.1, -0.17, -0.45, -0.52, -0.65, -0.76, -0.24, 0.19, 0.57, 0.91, 1.17, 1.32, 1.3, 1.29, 1.28, 1.28, 1.28, 0.06, 0.04, 0.01, -0.03, -0.09, -0.38, -0.41, -0.45, -0.46, 0.06, 0.38, 1.19, 1.37, 1.21, 1.32, 1.29, 1.28, 1.28, 1.27, 1.27, 0.11, 0.1, 0.08, 0.06, 0.02, -0.04, -0.3, -0.28, -0.25, -0.19, 0.93, 1.09, 1.24, 1.32, 1.3, 1.28, 1.27, 1.27, 1.27, 1.27, 0.49, 0.16, 0.17, 0.16, 0.13, 0.08, 0.37, -0.16, -0.11, 0.33, 0.43, 0.93, 1.22, 1.24, 1.27, 1.27, 1.27, 1.26, 1.29, 1.3, 0.5, 0.52, 0.53, 0.61, 0.59, 0.52, 0.4, 0.2, 0.05, 0.32, 0.38, 0.88, 0.96, 1.19, 1.16, 1.18, 1.22, 1.23, 1.21, 1.2, 0.52, 0.54, 0.56, 0.59, 0.68, 0.64, 0.52, 0.34, 0.11, 0.34, 0.75, 0.92, 1.04, 0.98, 1.16, 1.18, 1.2, 1.21, 1.2, 1.2, 0.63, 0.65, 0.69, 0.65, 0.74, 0.84, 0.68, 0.5, 0.18, 0.2, 0.84, 0.95, 1.05, 0.99, 1.16, 1.17, 1.18, 1.19, 1.19, 1.19, 0.62, 0.64, 0.68, 0.73, 0.86, 1.21, 0.78, 0.57, 0.46, 0.23, 0.65, 0.93, 0.97, 0.96, 1.16, 1.17, 1.17, 1.18, 1.18, 1.18, 0.61, 0.62, 0.65, 0.68, 0.74, 0.77, 0.6, 0.46, 0.41, 0.45, 0.61, 0.88, 0.93, 0.93, 1.16, 1.16, 1.17, 1.08, 1.08, 1.08, 0.59, 0.6, 0.6, 0.6, 0.58, 0.49, 0.36, 0.39, 0.4, 0.43, 0.5, 0.83, 0.88, 0.99, 0.98, 1.04, 1.04, 1.05, 1.05, 1.05, 0.57, 0.57, 0.56, 0.54, 0.49, 0.37, 0.15, 0.33, 0.4, 0.43, 0.47, 0.71, 0.75, 0.76, 0.94, 0.99, 1.0, 1.01, 1.02, 1.03, 0.56, 0.55, 0.54, 0.51, 0.46, 0.39, 0.33, 0.26, 0.31, 0.33, 0.35, 0.56, 0.72, 0.74, 0.74, 0.94, 0.96, 0.97, 0.99, 1.0, 0.55, 0.54, 0.61, 0.59, 0.55, 0.3, 0.3, 0.33, 0.35, 0.37, 0.57, 0.59, 0.6, 0.78, 0.78, 0.89, 0.92, 0.95, 1.0, 1.02, 0.64, 0.63, 0.61, 0.59, 0.34, 0.35, 0.37, 0.4, 0.43, 0.43, 0.6, 0.6, 0.62, 0.64, 0.75, 0.72, 0.73, 0.73, 0.74, 0.74, 0.63, 0.62, 0.61, 0.6, 0.38, 0.4, 0.44, 0.49, 0.52, 0.56, 0.55, 0.62, 0.63, 0.75, 0.69, 0.71, 0.73, 0.74, 0.74, 0.74, 0.63, 0.63, 0.62, 0.38, 0.4, 0.43, 0.48, 0.57, 0.65, 0.59, 0.77, 0.77, 0.79, 0.78, 0.71, 0.73, 0.74, 0.75, 0.75, 0.75, 0.63, 0.63, 0.6, 0.61, 0.62, 0.63, 0.65, 0.67, 0.73, 0.76, 0.78, 0.79, 0.82, 0.82, 0.74, 0.75, 0.76, 0.76, 0.76, 0.75, 0.62, 0.62, 0.63, 0.64, 0.65, 0.66, 0.68, 0.69, 0.79, 0.8, 0.81, 0.81, 0.85, 0.75, 0.76, 0.77, 0.78, 0.78, 0.77, 0.76, 0.63, 0.64, 0.65, 0.67, 0.68, 0.7, 0.72, 0.81, 0.85, 0.85, 0.85, 0.85, 1.02, 0.77, 0.78, 0.8, 0.81, 0.8, 0.77, 0.76, 0.65, 0.66, 0.68, 0.81, 0.81, 0.82, 0.83, 0.85, 0.87, 0.88, 0.87, 1.04, 0.92, 0.77, 0.79, 0.83, 0.88, 0.82, 0.76, 0.75, 0.8, 0.8, 0.8, 0.81, 0.82, 0.83, 0.85, 0.88, 0.92, 0.94, 0.91, 1.02, 0.93, 0.89, 0.87, 0.83, 1.05, 0.75, 0.72, 0.73, 0.8, 0.8, 0.81, 0.81, 0.82, 0.84, 0.86, 0.91, 0.98, 1.05, 0.95, 1.0, 1.0, 0.89, 0.86, 0.82, 0.68, 0.55, 0.68, 0.71, 0.8, 0.8, 0.8, 0.81, 0.82, 0.83, 0.86, 0.9, 0.97, 1.02, 1.0, 0.97, 0.97, 0.89, 0.85, 0.71, 0.67, 0.64, 0.68, 0.71, 0.79, 0.8, 0.8, 0.81, 0.81, 0.82, 0.84, 0.86, 0.88, 0.87, 0.91, 0.9, 0.92, 0.67, 0.69, 0.69, 0.68, 0.67, 0.67, 0.68, 0.79, 0.79, 0.8, 0.8, 0.8, 0.81, 0.81, 0.81, 0.79, 0.81, 0.77, 0.66, 0.65, 0.62, 0.67, 0.68, 0.68, 0.68, 0.68, 0.68, 0.79, 0.79, 0.79, 0.79, 0.79, 0.79, 0.78, 0.77, 0.73, 0.69, 0.56, 0.61, 0.62, 0.61, 0.66, 0.67, 0.67, 0.68, 0.68, 0.68, 0.79, 0.79, 0.79, 0.78, 0.78, 0.78, 0.76, 0.74, 0.65, 0.6, 0.57, 0.6, 0.61, 0.61, 0.65, 0.66, 0.67, 0.67, 0.68, 0.68, 0.78, 0.78, 0.78, 0.78, 0.77, 0.77, 0.75, 0.73, 0.65, 0.62, 0.61, 0.61, 0.61, 0.61, 0.65, 0.66, 0.67, 0.67, 0.68, 0.68, 0.78, 0.78, 0.78, 0.77, 0.77, 0.76, 0.75, 0.66, 0.65, 0.63, 0.62, 0.62, 0.62, 0.61, 0.65, 0.66, 0.66, 0.67, 0.67, 0.68]}, {"header": {"refTime": "2023-09-07T14:00:00.000Z", "nx": 21, "ny": 33, "lo1": 113.509, "la1": 22.2235, "lo2": 113.5947, "la2": 22.1034, "dx": 0.0042850000000001385, "dy": 0.003753125000000024, "parameterCategory": 0, "parameterCategoryName": "Temperature", "parameterNumber": 0}, "data": [[28.63, 28.62, 28.62, 28.49, 28.49, 28.62, 28.62, 28.62, 28.63, 28.64, 28.65, 28.66, 28.86, 28.88, 28.7, 28.69, 28.84, 28.83, 28.82, 28.82], [28.63, 28.63, 28.62, 28.62, 28.49, 28.5, 28.61, 28.62, 28.62, 28.63, 28.65, 28.67, 28.87, 28.89, 28.7, 28.85, 28.83, 28.82, 28.81, 28.81], [28.63, 28.63, 28.62, 28.62, 28.49, 28.5, 28.52, 28.61, 28.6, 28.63, 28.66, 28.69, 28.88, 28.9, 28.86, 28.84, 28.82, 28.8, 28.79, 28.79], [28.64, 28.63, 28.63, 28.62, 28.61, 28.49, 28.5, 28.52, 28.54, 28.63, 28.67, 28.72, 28.9, 28.87, 28.86, 28.83, 28.8, 28.78, 28.77, 28.77], [28.64, 28.64, 28.63, 28.63, 28.61, 28.48, 28.48, 28.49, 28.49, 28.63, 28.67, 28.86, 28.89, 28.88, 28.86, 28.82, 28.77, 28.74, 28.74, 28.75], [28.65, 28.64, 28.64, 28.63, 28.62, 28.6, 28.46, 28.46, 28.46, 28.45, 28.79, 28.85, 28.89, 29.0, 28.86, 28.79, 28.72, 28.68, 28.7, 28.73], [28.68, 28.65, 28.65, 28.65, 28.63, 28.61, 28.53, 28.44, 28.43, 28.56, 28.6, 28.86, 29.07, 29.05, 28.87, 28.77, 28.64, 28.59, 28.57, 28.6], [28.69, 28.69, 28.69, 28.69, 28.68, 28.59, 28.54, 28.47, 28.45, 28.53, 28.49, 28.95, 28.96, 29.05, 28.76, 28.84, 28.68, 28.63, 28.72, 28.77], [28.61, 28.62, 28.71, 28.72, 28.72, 28.7, 28.64, 28.52, 28.4, 28.57, 28.71, 28.83, 28.88, 28.81, 28.78, 28.86, 28.78, 28.74, 28.76, 28.79], [28.9, 28.9, 28.9, 28.67, 28.7, 28.79, 28.73, 28.64, 28.4, 28.4, 28.89, 28.75, 28.8, 28.77, 28.78, 28.89, 28.84, 28.81, 28.81, 28.82], [28.9, 28.9, 28.9, 28.9, 28.9, 28.9, 28.9, 28.9, 28.72, 28.4, 28.4, 28.7, 28.74, 28.74, 28.77, 28.92, 28.88, 28.85, 28.85, 28.85], [28.9, 28.9, 28.9, 28.9, 28.9, 28.9, 28.9, 28.9, 28.9, -999.0, 28.4, 29.2, 29.2, 28.72, 28.76, 28.94, 28.92, 28.05, 28.06, 28.06], [28.9, 28.9, 28.9, 28.9, 28.9, 28.9, 28.9, 28.9, 28.9, 28.9, -999.0, 29.2, 29.2, 28.22, 28.65, 28.21, 28.21, 28.12, 28.13, 28.14], [28.9, 28.9, 28.9, 28.9, 28.9, 28.9, 28.9, 28.9, 28.9, 28.9, -999.0, 27.7, 27.7, 27.7, 28.52, 28.14, 28.15, 28.05, 28.08, 28.09], [28.9, 28.9, 28.9, 28.9, 28.9, 28.9, 28.9, 29.7, 29.7, 29.7, 29.7, 28.93, 27.7, 27.7, 27.7, 28.07, 28.09, 28.0, 28.03, 28.05], [28.9, 28.9, 29.4, 29.41, 29.43, 29.7, 29.7, 29.7, 29.7, 29.7, 28.44, 28.58, 28.39, 28.23, 28.41, 27.85, 27.87, 27.83, 28.02, 28.04], [29.41, 29.42, 29.18, 29.2, 29.7, 29.7, 29.7, 29.7, 29.7, 29.7, 28.84, 28.59, 28.33, 28.09, 27.98, 27.96, 28.05, 28.12, 28.18, 28.22], [29.19, 29.2, 29.21, 29.23, 29.7, 29.7, 29.7, 29.7, 29.7, 29.19, 28.92, 28.62, 28.31, 28.0, 27.74, 27.93, 28.06, 28.14, 28.2, 28.24], [29.2, 29.21, 29.23, 29.7, 29.7, 29.7, 29.7, 29.7, 29.52, 29.31, 28.99, 28.74, 28.32, 28.09, 27.91, 28.0, 28.11, 28.19, 28.24, 28.27], [29.21, 29.23, 29.3, 29.32, 29.35, 29.38, 29.44, 29.58, 29.43, 29.23, 29.0, 28.79, 28.39, 28.22, 28.08, 28.13, 28.2, 28.25, 28.29, 28.31], [29.27, 29.28, 29.3, 29.41, 29.43, 29.45, 29.47, 29.5, 29.22, 29.13, 28.98, 28.83, 28.43, 28.18, 28.2, 28.24, 28.28, 28.32, 28.34, 28.36], [29.37, 29.38, 29.38, 29.39, 29.39, 29.4, 29.4, 29.44, 29.1, 29.04, 28.95, 28.85, 28.25, 28.26, 28.29, 28.32, 28.35, 28.38, 28.4, 28.4], [29.36, 29.36, 29.36, 29.42, 29.41, 29.41, 29.39, 29.37, 29.35, 29.33, 29.34, 28.97, 28.73, 28.32, 28.35, 28.38, 28.38, 28.44, 28.46, 28.45], [29.42, 29.42, 29.41, 29.41, 29.4, 29.38, 29.35, 29.31, 29.26, 29.24, 29.27, 28.93, 28.74, 28.69, 28.64, 28.42, 28.3, 28.56, 28.54, 28.49], [29.42, 29.41, 29.41, 29.4, 29.38, 29.36, 29.33, 29.27, 29.18, 29.11, 29.22, 28.97, 28.9, 28.71, 28.66, 28.63, 28.62, 28.76, 28.59, 28.52], [29.41, 29.41, 29.4, 29.39, 29.38, 29.36, 29.32, 29.27, 29.19, 29.12, 29.04, 29.02, 28.95, 28.72, 28.69, 28.77, 28.77, 28.79, 28.57, 28.52], [29.41, 29.41, 29.4, 29.39, 29.38, 29.36, 29.34, 29.31, 29.28, 29.28, 29.12, 29.09, 29.02, 28.96, 28.88, 28.83, 28.81, 28.8, 28.8, 28.8], [29.41, 29.41, 29.4, 29.39, 29.38, 29.37, 29.36, 29.36, 29.37, 29.24, 29.27, 29.35, 29.31, 29.28, 28.94, 28.88, 28.85, 28.83, 28.83, 28.82], [29.41, 29.41, 29.4, 29.4, 29.39, 29.39, 29.39, 29.4, 29.43, 29.37, 29.53, 29.42, 29.35, 29.3, 28.99, 28.93, 28.89, 28.86, 28.85, 28.85], [29.41, 29.41, 29.4, 29.4, 29.4, 29.4, 29.41, 29.42, 29.38, 29.45, 29.49, 29.42, 29.36, 29.32, 29.02, 28.96, 28.92, 28.89, 28.88, 28.87], [29.41, 29.41, 29.41, 29.41, 29.41, 29.41, 29.42, 29.43, 29.37, 29.4, 29.42, 29.39, 29.35, 29.32, 29.04, 28.99, 28.95, 28.92, 28.9, 28.89], [29.41, 29.41, 29.41, 29.41, 29.41, 29.41, 29.42, 29.33, 29.35, 29.37, 29.38, 29.36, 29.34, 29.32, 29.05, 29.0, 28.97, 28.94, 28.92, 28.9]]}]