gis_exercise/awsData/contour/wdir_2023090723.json
[{"header": {"refTime": "2023-09-07T23:00:00.000Z", "nx": 21, "ny": 33, "lo1": 113.509, "la1": 22.2235, "lo2": 113.5947, "la2": 22.1034, "dx": 0.0042850000000001385, "dy": 0.003753125000000024, "parameterCategory": 2, "parameterCategoryName": "Temperature", "parameterNumber": 2}, "data": [-0.4, -0.38, -0.37, -0.15, -0.15, -0.4, -0.37, -0.36, -0.36, -0.48, -0.57, -0.66, -0.85, -0.9, -0.89, -0.89, -1.15, -1.14, -1.12, -1.12, -0.41, -0.39, -0.37, -0.35, -0.15, -0.14, -0.34, -0.29, -0.26, -0.41, -0.57, -0.7, -0.91, -0.95, -0.93, -1.17, -1.15, -1.13, -1.11, -1.11, -0.42, -0.41, -0.39, -0.36, -0.15, -0.14, -0.12, -0.23, -0.06, -0.35, -0.6, -0.78, -1.0, -1.03, -1.21, -1.17, -1.14, -1.11, -1.1, -1.09, -0.44, -0.43, -0.41, -0.38, -0.35, -0.15, -0.13, -0.1, -0.08, -0.44, -0.68, -0.91, -1.15, -1.21, -1.22, -1.16, -1.12, -1.09, -1.08, -1.08, -0.46, -0.45, -0.44, -0.42, -0.38, -0.16, -0.15, -0.15, -0.15, -0.58, -0.77, -1.23, -1.42, -1.25, -1.21, -1.14, -1.08, -1.06, -1.05, -1.06, -0.49, -0.48, -0.47, -0.46, -0.43, -0.39, -0.17, -0.17, -0.19, -0.22, -0.97, -1.13, -1.28, -1.36, -1.18, -1.1, -1.03, -1.0, -1.02, -1.03, -0.84, -0.52, -0.52, -0.51, -0.49, -0.44, -0.48, -0.18, -0.2, -0.44, -0.52, -0.96, -1.25, -1.28, -1.13, -1.06, -0.96, -0.93, -1.04, -1.09, -0.86, -0.86, -0.85, -0.88, -0.85, -0.61, -0.51, -0.35, -0.22, -0.43, -0.48, -0.9, -0.98, -1.23, -1.05, -1.0, -0.94, -0.91, -0.95, -0.97, -0.87, -0.88, -0.88, -0.89, -0.92, -0.89, -0.79, -0.46, -0.41, -0.45, -0.82, -0.98, -1.12, -1.05, -1.08, -1.03, -0.98, -0.96, -0.97, -0.98, -1.2, -1.2, -1.2, -0.94, -0.97, -1.02, -0.94, -0.84, -0.6, -0.58, -0.91, -1.03, -1.15, -1.07, -1.09, -1.05, -1.02, -1.0, -0.99, -1.0, -1.2, -1.2, -1.2, -1.2, -1.2, -1.2, -1.21, -1.22, -0.98, -0.73, -1.04, -1.0, -1.05, -1.04, -1.09, -1.06, -1.04, -1.02, -1.01, -1.01, -1.2, -1.2, -1.2, -1.2, -1.2, -1.2, -1.2, -1.23, -1.25, -1.25, -1.08, -1.21, -1.21, -1.01, -1.09, -1.07, -1.05, -0.86, -0.85, -0.84, -1.2, -1.2, -1.2, -1.19, -1.19, -1.19, -1.18, -1.22, -1.24, -1.23, -1.25, -1.21, -1.21, -0.93, -0.91, -0.85, -0.84, -0.83, -0.82, -0.82, -1.2, -1.2, -1.19, -1.19, -1.19, -1.18, -1.15, -1.19, -1.21, -1.22, -1.24, -1.02, -0.97, -0.93, -0.83, -0.79, -0.78, -0.79, -0.79, -0.8, -1.2, -1.2, -1.19, -1.19, -1.19, -1.18, -1.18, -1.06, -1.05, -1.03, -1.01, -0.72, -0.89, -0.84, -0.8, -0.71, -0.72, -0.74, -0.76, -0.77, -1.2, -1.2, -0.99, -0.99, -0.99, -1.01, -1.0, -0.99, -0.97, -0.96, -0.71, -0.67, -0.62, -0.58, -0.56, -0.6, -0.63, -0.66, -0.57, -0.59, -0.97, -0.97, -0.96, -0.96, -0.97, -0.95, -0.93, -0.9, -0.88, -0.88, -0.66, -0.62, -0.57, -0.5, -0.4, -0.33, -0.33, -0.33, -0.33, -0.33, -0.96, -0.95, -0.94, -0.93, -0.93, -0.9, -0.85, -0.78, -0.75, -0.61, -0.6, -0.6, -0.54, -0.4, -0.35, -0.34, -0.33, -0.33, -0.33, -0.33, -0.94, -0.93, -0.92, -0.92, -0.9, -0.86, -0.79, -0.68, -0.55, -0.58, -0.59, -0.57, -0.45, -0.42, -0.34, -0.34, -0.34, -0.33, -0.33, -0.33, -0.93, -0.92, -0.89, -0.88, -0.86, -0.82, -0.77, -0.7, -0.58, -0.6, -0.61, -0.6, -0.47, -0.46, -0.34, -0.34, -0.34, -0.34, -0.33, -0.33, -0.91, -0.9, -0.9, -0.88, -0.86, -0.84, -0.81, -0.77, -0.64, -0.65, -0.65, -0.64, -0.5, -0.34, -0.34, -0.35, -0.35, -0.34, -0.33, -0.33, -0.91, -0.91, -0.9, -0.89, -0.88, -0.87, -0.85, -0.76, -0.72, -0.72, -0.71, -0.69, -0.72, -0.34, -0.35, -0.36, -0.36, -0.35, -0.33, -0.32, -0.92, -0.91, -0.91, -0.78, -0.78, -0.79, -0.8, -0.82, -0.84, -0.85, -0.85, -0.84, -0.63, -0.34, -0.35, -0.38, -0.41, -0.36, -0.32, -0.31, -0.78, -0.78, -0.78, -0.79, -0.8, -0.81, -0.84, -0.87, -0.91, -0.94, -0.91, -0.9, -0.65, -0.56, -0.5, -0.37, -0.53, -0.3, -0.29, -0.29, -0.78, -0.78, -0.79, -0.8, -0.81, -0.83, -0.86, -0.9, -0.98, -1.05, -0.95, -0.91, -0.86, -0.57, -0.49, -0.42, -0.25, -0.15, -0.25, -0.28, -0.78, -0.79, -0.79, -0.8, -0.82, -0.83, -0.86, -0.9, -0.98, -1.04, -0.96, -0.89, -0.85, -0.57, -0.49, -0.34, -0.29, -0.26, -0.26, -0.28, -0.79, -0.79, -0.8, -0.8, -0.81, -0.83, -0.85, -0.87, -0.9, -0.9, -0.88, -0.85, -0.83, -0.42, -0.39, -0.36, -0.33, -0.31, -0.32, -0.33, -0.79, -0.79, -0.8, -0.8, -0.81, -0.82, -0.83, -0.83, -0.83, -0.81, -0.78, -0.68, -0.63, -0.57, -0.41, -0.38, -0.36, -0.34, -0.34, -0.34, -0.79, -0.79, -0.79, -0.8, -0.8, -0.81, -0.81, -0.8, -0.78, -0.73, -0.65, -0.65, -0.63, -0.58, -0.42, -0.4, -0.38, -0.36, -0.36, -0.36, -0.79, -0.79, -0.79, -0.79, -0.8, -0.8, -0.79, -0.78, -0.68, -0.66, -0.65, -0.64, -0.62, -0.59, -0.43, -0.41, -0.39, -0.38, -0.37, -0.37, -0.79, -0.79, -0.79, -0.79, -0.79, -0.79, -0.78, -0.77, -0.67, -0.66, -0.65, -0.63, -0.62, -0.59, -0.44, -0.42, -0.4, -0.39, -0.38, -0.38, -0.78, -0.79, -0.79, -0.79, -0.79, -0.78, -0.78, -0.67, -0.66, -0.65, -0.64, -0.63, -0.61, -0.59, -0.44, -0.43, -0.41, -0.4, -0.39, -0.39]}, {"header": {"refTime": "2023-09-07T23:00:00.000Z", "nx": 21, "ny": 33, "lo1": 113.509, "la1": 22.2235, "lo2": 113.5947, "la2": 22.1034, "dx": 0.0042850000000001385, "dy": 0.003753125000000024, "parameterCategory": 2, "parameterCategoryName": "Temperature", "parameterNumber": 3}, "data": [0.26, 0.25, 0.24, 0.1, 0.1, 0.25, 0.23, 0.22, 0.22, 0.27, 0.32, 0.37, 0.88, 0.94, 1.04, 1.12, 1.76, 1.79, 1.82, 1.83, 0.27, 0.26, 0.25, 0.23, 0.1, 0.09, 0.21, 0.18, 0.16, 0.23, 0.32, 0.4, 0.91, 0.96, 1.07, 1.72, 1.77, 1.81, 1.84, 1.85, 0.28, 0.27, 0.26, 0.24, 0.1, 0.09, 0.08, 0.15, 0.04, 0.2, 0.34, 0.44, 0.94, 0.99, 1.64, 1.72, 1.79, 1.84, 1.87, 1.88, 0.29, 0.28, 0.27, 0.25, 0.23, 0.1, 0.09, 0.07, 0.05, 0.25, 0.39, 0.52, 0.98, 1.06, 1.62, 1.74, 1.83, 1.88, 1.91, 1.91, 0.3, 0.3, 0.29, 0.27, 0.25, 0.11, 0.1, 0.1, 0.1, 0.32, 0.43, 1.02, 0.97, 1.06, 1.64, 1.79, 1.9, 1.95, 1.97, 1.96, 0.32, 0.31, 0.31, 0.3, 0.28, 0.26, 0.12, 0.12, 0.13, 0.14, 0.99, 1.06, 1.06, 1.34, 1.71, 1.87, 2.0, 2.06, 2.04, 2.0, 0.61, 0.33, 0.33, 0.33, 0.32, 0.29, 0.31, 0.14, 0.15, 0.59, 0.71, 1.2, 1.58, 1.51, 1.81, 1.95, 2.14, 2.21, 1.97, 1.87, 0.62, 0.62, 0.61, 0.5, 0.49, 0.38, 0.33, 0.25, 0.28, 0.52, 0.45, 1.55, 1.72, 1.61, 1.96, 2.06, 2.19, 2.24, 2.17, 2.12, 0.64, 0.63, 0.63, 0.63, 0.53, 0.51, 0.46, 0.3, 0.24, 0.62, 1.08, 1.42, 1.48, 1.45, 1.91, 2.01, 2.1, 2.14, 2.12, 2.1, 0.76, 0.76, 0.76, 0.66, 0.66, 0.59, 0.53, 0.47, 0.31, 0.3, 1.22, 1.35, 1.39, 1.4, 1.88, 1.96, 2.03, 2.07, 2.08, 2.07, 0.76, 0.76, 0.76, 0.76, 0.75, 0.72, 0.74, 0.71, 0.5, 0.36, 0.76, 1.32, 1.36, 1.37, 1.87, 1.94, 1.99, 2.02, 2.04, 2.04, 0.77, 0.77, 0.77, 0.77, 0.76, 0.76, 0.75, 0.69, 0.65, 0.83, 0.74, 1.36, 1.41, 1.35, 1.88, 1.93, 1.97, 1.74, 1.76, 1.76, 0.77, 0.77, 0.77, 0.78, 0.79, 0.81, 0.83, 0.74, 0.68, 0.71, 0.91, 1.3, 1.36, 1.58, 1.57, 1.62, 1.66, 1.68, 1.7, 1.72, 0.77, 0.78, 0.78, 0.79, 0.81, 0.85, 0.93, 0.81, 0.75, 0.73, 0.91, 1.03, 1.08, 1.11, 1.54, 1.58, 1.6, 1.63, 1.65, 1.67, 0.77, 0.78, 0.78, 0.79, 0.81, 0.83, 0.84, 0.81, 0.77, 0.75, 0.75, 0.86, 1.09, 1.12, 1.14, 1.52, 1.55, 1.58, 1.61, 1.63, 0.78, 0.78, 0.83, 0.83, 0.84, 0.81, 0.81, 0.79, 0.77, 0.76, 0.84, 0.89, 0.95, 1.17, 1.18, 1.27, 1.27, 1.27, 1.53, 1.55, 0.82, 0.82, 0.82, 0.83, 0.79, 0.79, 0.78, 0.77, 0.76, 0.76, 0.86, 0.91, 0.99, 1.07, 1.19, 1.14, 1.1, 1.07, 1.04, 1.03, 0.82, 0.82, 0.82, 0.82, 0.78, 0.78, 0.77, 0.76, 0.75, 0.89, 0.94, 0.92, 1.01, 1.18, 1.25, 1.16, 1.1, 1.06, 1.03, 1.02, 0.82, 0.82, 0.82, 0.78, 0.77, 0.77, 0.76, 0.74, 0.77, 0.85, 0.81, 0.88, 1.1, 1.16, 1.16, 1.12, 1.08, 1.04, 1.02, 1.0, 0.81, 0.81, 0.71, 0.71, 0.71, 0.71, 0.71, 0.71, 0.74, 0.76, 0.79, 0.84, 1.09, 1.13, 1.09, 1.07, 1.04, 1.02, 1.0, 0.99, 0.7, 0.7, 0.7, 0.7, 0.69, 0.69, 0.68, 0.68, 0.73, 0.74, 0.76, 0.8, 1.08, 1.05, 1.04, 1.02, 1.0, 0.99, 0.97, 0.97, 0.69, 0.69, 0.68, 0.68, 0.67, 0.66, 0.66, 0.53, 0.69, 0.7, 0.72, 0.76, 0.95, 1.01, 1.0, 0.99, 0.98, 0.96, 0.95, 0.94, 0.68, 0.68, 0.67, 0.49, 0.49, 0.49, 0.49, 0.49, 0.48, 0.47, 0.47, 0.7, 0.69, 0.99, 0.98, 0.97, 0.98, 0.94, 0.92, 0.92, 0.48, 0.48, 0.48, 0.48, 0.48, 0.47, 0.46, 0.45, 0.44, 0.43, 0.43, 0.56, 0.67, 0.73, 0.79, 0.95, 1.06, 0.87, 0.87, 0.89, 0.47, 0.47, 0.47, 0.47, 0.46, 0.45, 0.44, 0.43, 0.41, 0.39, 0.41, 0.53, 0.61, 0.72, 0.77, 0.81, 0.82, 0.73, 0.84, 0.88, 0.47, 0.46, 0.46, 0.46, 0.45, 0.44, 0.43, 0.42, 0.4, 0.39, 0.46, 0.51, 0.58, 0.71, 0.75, 0.76, 0.75, 0.73, 0.85, 0.88, 0.46, 0.46, 0.45, 0.45, 0.44, 0.43, 0.42, 0.41, 0.4, 0.39, 0.45, 0.49, 0.55, 0.66, 0.7, 0.72, 0.73, 0.73, 0.73, 0.74, 0.45, 0.45, 0.45, 0.44, 0.43, 0.42, 0.41, 0.4, 0.39, 0.42, 0.42, 0.35, 0.37, 0.38, 0.67, 0.7, 0.71, 0.72, 0.72, 0.73, 0.45, 0.45, 0.44, 0.43, 0.43, 0.42, 0.41, 0.39, 0.38, 0.39, 0.32, 0.34, 0.36, 0.37, 0.64, 0.67, 0.69, 0.7, 0.71, 0.71, 0.45, 0.44, 0.44, 0.43, 0.42, 0.41, 0.4, 0.39, 0.35, 0.33, 0.33, 0.34, 0.36, 0.37, 0.62, 0.65, 0.67, 0.69, 0.7, 0.7, 0.44, 0.44, 0.43, 0.43, 0.42, 0.41, 0.4, 0.39, 0.35, 0.34, 0.34, 0.35, 0.36, 0.37, 0.61, 0.64, 0.66, 0.68, 0.69, 0.69, 0.44, 0.44, 0.43, 0.43, 0.42, 0.41, 0.41, 0.36, 0.35, 0.35, 0.35, 0.36, 0.36, 0.37, 0.61, 0.63, 0.65, 0.67, 0.68, 0.68]}, {"header": {"refTime": "2023-09-07T23:00:00.000Z", "nx": 21, "ny": 33, "lo1": 113.509, "la1": 22.2235, "lo2": 113.5947, "la2": 22.1034, "dx": 0.0042850000000001385, "dy": 0.003753125000000024, "parameterCategory": 0, "parameterCategoryName": "Temperature", "parameterNumber": 0}, "data": [[26.43, 26.43, 26.42, 26.19, 26.2, 26.44, 26.44, 26.44, 26.45, 26.34, 26.34, 26.35, 26.5, 26.5, 26.58, 26.58, 26.56, 26.56, 26.55, 26.55], [26.43, 26.43, 26.42, 26.42, 26.2, 26.22, 26.44, 26.43, 26.43, 26.35, 26.35, 26.36, 26.51, 26.51, 26.59, 26.56, 26.56, 26.56, 26.56, 26.55], [26.43, 26.43, 26.43, 26.42, 26.2, 26.21, 26.24, 26.43, 26.41, 26.35, 26.35, 26.38, 26.53, 26.53, 26.57, 26.56, 26.56, 26.56, 26.56, 26.56], [26.43, 26.43, 26.43, 26.42, 26.42, 26.2, 26.23, 26.26, 26.29, 26.33, 26.35, 26.41, 26.56, 26.41, 26.57, 26.56, 26.56, 26.56, 26.56, 26.56], [26.44, 26.44, 26.43, 26.43, 26.42, 26.19, 26.2, 26.21, 26.2, 26.28, 26.32, 26.43, 26.58, 26.45, 26.57, 26.56, 26.56, 26.56, 26.56, 26.56], [26.44, 26.44, 26.44, 26.43, 26.43, 26.42, 26.18, 26.17, 26.15, 26.09, 26.21, 26.35, 26.47, 26.57, 26.56, 26.56, 26.57, 26.57, 26.57, 26.56], [26.47, 26.45, 26.45, 26.44, 26.44, 26.42, 26.22, 26.18, 26.15, 26.02, 25.97, 26.21, 26.47, 26.5, 26.54, 26.55, 26.58, 26.58, 26.62, 26.62], [26.47, 26.47, 26.47, 26.47, 26.47, 26.28, 26.25, 26.24, 26.23, 26.0, 25.82, 26.12, 26.12, 26.5, 26.49, 26.46, 26.52, 26.55, 26.51, 26.48], [26.43, 26.43, 26.49, 26.49, 26.49, 26.48, 26.44, 26.24, 26.11, 26.04, 25.93, 26.02, 26.06, 26.0, 26.48, 26.44, 26.48, 26.5, 26.49, 26.47], [26.6, 26.6, 26.6, 26.46, 26.48, 26.53, 26.5, 26.44, 25.96, 25.99, 26.06, 25.96, 26.0, 25.98, 26.48, 26.43, 26.46, 26.47, 26.47, 26.46], [26.6, 26.6, 26.6, 26.6, 26.6, 26.6, 26.6, 26.6, 26.49, 26.09, 25.7, 25.93, 25.96, 25.96, 26.48, 26.42, 26.44, 26.45, 26.45, 26.45], [26.6, 26.6, 26.6, 26.6, 26.6, 26.6, 26.6, 26.6, 26.6, -999.0, 25.7, 26.3, 26.3, 25.94, 26.49, 26.41, 26.42, 25.97, 25.99, 25.99], [26.6, 26.6, 26.6, 26.6, 26.6, 26.6, 26.6, 26.6, 26.6, 26.6, -999.0, 26.3, 26.3, 25.78, 26.01, 26.2, 26.21, 26.07, 26.09, 26.1], [26.6, 26.6, 26.6, 26.6, 26.6, 26.6, 26.6, 26.6, 26.6, 26.6, -999.0, 25.5, 25.5, 25.5, 25.94, 26.11, 26.13, 25.99, 26.02, 26.04], [26.6, 26.6, 26.6, 26.6, 26.6, 26.6, 26.6, 26.5, 26.5, 26.5, 26.5, 26.12, 25.5, 25.5, 25.5, 26.0, 26.04, 25.91, 25.95, 25.98], [26.6, 26.6, 26.54, 26.54, 26.53, 26.5, 26.5, 26.5, 26.5, 26.5, 25.87, 25.94, 25.85, 25.76, 25.86, 25.72, 25.75, 25.69, 25.95, 25.98], [26.54, 26.54, 26.56, 26.56, 26.5, 26.5, 26.5, 26.5, 26.5, 26.5, 26.07, 25.95, 25.82, 25.7, 25.69, 25.66, 25.72, 25.77, 25.8, 25.82], [26.56, 26.56, 26.56, 26.56, 26.5, 26.5, 26.5, 26.5, 26.5, 26.25, 26.11, 25.96, 25.81, 25.7, 25.53, 25.65, 25.73, 25.78, 25.81, 25.84], [26.56, 26.56, 26.56, 26.5, 26.5, 26.5, 26.5, 26.5, 26.41, 26.31, 26.19, 26.07, 25.88, 25.76, 25.63, 25.69, 25.76, 25.81, 25.84, 25.86], [26.56, 26.56, 26.44, 26.45, 26.45, 26.45, 26.46, 26.48, 26.39, 26.31, 26.21, 26.1, 25.93, 25.85, 25.74, 25.78, 25.82, 25.85, 25.87, 25.88], [26.44, 26.44, 26.44, 26.46, 26.46, 26.46, 26.47, 26.47, 26.32, 26.28, 26.21, 26.13, 25.98, 25.81, 25.82, 25.85, 25.88, 25.9, 25.91, 25.91], [26.45, 26.45, 26.45, 26.46, 26.46, 26.46, 26.46, 26.5, 26.29, 26.26, 26.22, 26.17, 25.99, 25.86, 25.89, 25.92, 25.94, 25.95, 25.94, 25.93], [26.45, 26.45, 26.45, 26.51, 26.51, 26.51, 26.5, 26.5, 26.49, 26.49, 26.49, 26.35, 26.18, 25.9, 25.93, 25.97, 26.0, 26.0, 25.97, 25.95], [26.52, 26.52, 26.52, 26.52, 26.51, 26.51, 26.5, 26.49, 26.48, 26.47, 26.48, 26.4, 26.19, 26.15, 26.12, 26.0, 26.06, 26.02, 25.99, 25.97], [26.52, 26.52, 26.52, 26.52, 26.52, 26.51, 26.5, 26.49, 26.46, 26.44, 26.47, 26.42, 26.39, 26.16, 26.12, 26.09, 26.01, 26.0, 25.99, 25.97], [26.53, 26.53, 26.52, 26.52, 26.52, 26.52, 26.51, 26.49, 26.47, 26.45, 26.44, 26.44, 26.42, 26.16, 26.13, 26.15, 26.11, 26.1, 25.98, 25.97], [26.53, 26.53, 26.53, 26.53, 26.53, 26.52, 26.52, 26.52, 26.51, 26.51, 26.48, 26.47, 26.45, 26.28, 26.23, 26.18, 26.15, 26.14, 26.14, 26.15], [26.53, 26.53, 26.53, 26.53, 26.53, 26.53, 26.54, 26.54, 26.55, 26.54, 26.55, 26.51, 26.46, 26.41, 26.26, 26.22, 26.19, 26.17, 26.17, 26.17], [26.53, 26.53, 26.54, 26.54, 26.54, 26.54, 26.55, 26.56, 26.58, 26.6, 26.65, 26.56, 26.49, 26.43, 26.29, 26.25, 26.22, 26.2, 26.19, 26.19], [26.54, 26.54, 26.54, 26.54, 26.54, 26.55, 26.56, 26.57, 26.54, 26.59, 26.62, 26.56, 26.5, 26.44, 26.32, 26.27, 26.24, 26.22, 26.21, 26.21], [26.54, 26.54, 26.54, 26.54, 26.55, 26.55, 26.56, 26.58, 26.52, 26.55, 26.55, 26.53, 26.49, 26.45, 26.33, 26.29, 26.26, 26.24, 26.23, 26.22], [26.54, 26.54, 26.54, 26.55, 26.55, 26.56, 26.56, 26.49, 26.5, 26.52, 26.52, 26.5, 26.47, 26.44, 26.33, 26.3, 26.28, 26.26, 26.24, 26.24]]}]