gis_exercise/awsData/contour/wdir_2023091100.json
[{"header": {"refTime": "2023-09-11T00:00:00.000Z", "nx": 21, "ny": 33, "lo1": 113.509, "la1": 22.2235, "lo2": 113.5947, "la2": 22.1034, "dx": 0.0042850000000001385, "dy": 0.003753125000000024, "parameterCategory": 2, "parameterCategoryName": "Temperature", "parameterNumber": 2}, "data": [-1.83, -1.83, -1.82, -1.73, -1.72, -2.14, -2.1, -2.07, -2.07, -2.01, -2.11, -2.21, -2.63, -2.69, -3.23, -3.31, -3.77, -3.8, -3.83, -3.84, -1.84, -1.83, -1.82, -1.81, -1.72, -1.71, -2.06, -1.97, -1.93, -1.94, -2.11, -2.25, -2.69, -2.75, -3.28, -3.74, -3.79, -3.83, -3.86, -3.87, -1.84, -1.84, -1.83, -1.82, -1.73, -1.71, -1.69, -1.89, -1.64, -1.89, -2.14, -2.35, -2.8, -2.84, -3.68, -3.75, -3.82, -3.87, -3.9, -3.91, -1.85, -1.84, -1.84, -1.83, -1.82, -1.73, -1.71, -1.67, -1.63, -1.97, -2.23, -2.52, -2.97, -2.94, -3.67, -3.78, -3.88, -3.94, -3.97, -3.96, -1.85, -1.85, -1.85, -1.85, -1.85, -1.76, -1.75, -1.74, -1.72, -2.07, -2.3, -2.96, -3.22, -3.0, -3.67, -3.83, -3.97, -4.05, -4.05, -4.03, -1.86, -1.86, -1.86, -1.86, -1.87, -1.88, -1.8, -1.81, -1.79, -1.75, -2.57, -2.83, -3.05, -3.49, -3.69, -3.91, -4.13, -4.22, -4.17, -4.09, -2.91, -1.87, -1.87, -1.88, -1.89, -1.9, -1.93, -1.9, -1.9, -2.04, -2.03, -2.62, -3.45, -3.52, -3.71, -3.99, -4.35, -4.48, -4.48, -4.41, -2.92, -2.88, -2.83, -3.07, -3.03, -1.9, -1.93, -2.01, -2.15, -1.98, -1.75, -2.88, -3.1, -3.59, -4.03, -4.23, -4.46, -4.55, -4.42, -4.34, -2.94, -2.9, -2.84, -2.77, -2.96, -2.95, -3.0, -1.95, -2.73, -2.07, -2.68, -3.18, -3.67, -3.43, -4.05, -4.18, -4.32, -4.38, -4.35, -4.3, -4.12, -4.04, -3.92, -2.77, -2.6, -2.73, -3.05, -3.39, -3.39, -3.19, -2.99, -3.38, -3.81, -3.51, -4.06, -4.14, -4.22, -4.27, -4.28, -4.26, -4.15, -4.07, -3.95, -3.73, -3.28, -1.96, -3.69, -4.65, -4.3, -3.9, -4.2, -3.29, -3.44, -3.4, -4.07, -4.12, -4.17, -4.21, -4.22, -4.22, -4.19, -4.13, -4.04, -3.9, -3.68, -3.58, -4.29, -5.27, -5.69, -5.72, -4.51, -4.63, -4.49, -3.29, -4.07, -4.1, -4.14, -4.05, -4.06, -4.05, -4.24, -4.21, -4.17, -4.14, -4.18, -4.42, -4.84, -5.28, -5.56, -5.24, -5.52, -4.76, -4.61, -3.46, -3.42, -3.9, -3.91, -3.93, -3.95, -3.96, -4.3, -4.29, -4.3, -4.34, -4.46, -4.73, -5.11, -5.08, -5.17, -5.11, -5.53, -4.65, -4.43, -4.26, -3.3, -3.74, -3.77, -3.8, -3.84, -3.87, -4.35, -4.36, -4.39, -4.45, -4.57, -4.74, -4.9, -4.88, -4.8, -4.7, -4.6, -3.62, -4.23, -4.04, -3.92, -3.55, -3.6, -3.67, -3.73, -3.78, -4.4, -4.42, -3.1, -3.18, -3.29, -4.54, -4.51, -4.42, -4.32, -4.27, -3.44, -3.35, -3.24, -2.73, -2.75, -3.25, -3.33, -3.41, -3.58, -3.65, -2.98, -3.0, -3.03, -3.07, -4.27, -4.18, -4.02, -3.82, -3.7, -3.75, -3.12, -3.12, -3.05, -2.93, -2.64, -2.82, -2.9, -2.96, -3.0, -3.02, -2.94, -2.95, -2.96, -2.95, -4.03, -3.84, -3.53, -3.11, -2.9, -2.46, -2.62, -2.95, -2.93, -2.62, -2.61, -2.8, -2.91, -2.98, -3.02, -3.04, -2.9, -2.9, -2.88, -4.0, -3.84, -3.59, -3.17, -2.49, -1.73, -2.21, -2.15, -2.3, -2.58, -2.65, -2.78, -2.86, -2.96, -3.02, -3.05, -3.07, -2.87, -2.85, -3.22, -3.14, -3.03, -2.86, -2.6, -2.24, -1.8, -2.0, -2.2, -2.33, -2.62, -2.71, -2.93, -2.98, -3.04, -3.08, -3.1, -3.1, -3.26, -3.23, -3.17, -3.1, -3.0, -2.87, -2.7, -2.53, -2.09, -2.19, -2.3, -2.39, -2.68, -3.03, -3.06, -3.1, -3.14, -3.16, -3.15, -3.14, -3.24, -3.2, -3.15, -3.09, -3.01, -2.92, -2.83, -2.05, -2.34, -2.4, -2.45, -2.48, -3.33, -3.1, -3.15, -3.22, -3.26, -3.24, -3.2, -3.16, -3.22, -3.18, -3.14, -2.04, -2.06, -2.1, -2.14, -2.21, -2.28, -2.31, -2.28, -3.0, -3.34, -3.15, -3.22, -3.32, -3.43, -3.33, -3.22, -3.17, -2.01, -2.02, -2.04, -2.06, -2.1, -2.15, -2.23, -2.35, -2.51, -2.58, -2.46, -2.96, -3.33, -3.35, -3.37, -3.35, -3.75, -3.24, -3.17, -3.15, -2.01, -2.03, -2.05, -2.08, -2.12, -2.18, -2.28, -2.45, -2.74, -2.98, -2.61, -2.89, -2.92, -3.33, -3.33, -3.33, -3.13, -2.92, -3.1, -3.13, -2.02, -2.03, -2.05, -2.08, -2.11, -2.17, -2.26, -2.42, -2.69, -2.91, -2.85, -2.75, -2.79, -3.31, -3.3, -2.92, -2.95, -2.92, -3.1, -3.12, -2.01, -2.02, -2.04, -2.06, -2.09, -2.13, -2.19, -2.26, -2.35, -2.34, -2.52, -2.5, -2.6, -2.48, -2.66, -2.79, -2.85, -2.87, -2.87, -2.87, -2.01, -2.01, -2.03, -2.04, -2.06, -2.07, -2.09, -2.08, -2.02, -2.14, -2.02, -1.92, -2.03, -2.12, -2.53, -2.67, -2.75, -2.79, -2.81, -2.81, -2.0, -2.0, -2.01, -2.01, -2.02, -2.01, -1.99, -1.93, -1.79, -1.7, -1.28, -1.67, -1.9, -2.04, -2.42, -2.57, -2.66, -2.71, -2.74, -2.76, -1.99, -1.99, -1.99, -1.99, -1.98, -1.96, -1.92, -1.85, -1.82, -1.56, -1.4, -1.64, -1.85, -1.99, -2.35, -2.48, -2.58, -2.64, -2.68, -2.71, -1.98, -1.98, -1.97, -1.97, -1.95, -1.93, -1.88, -1.82, -1.84, -1.71, -1.66, -1.75, -1.87, -1.98, -2.3, -2.43, -2.52, -2.58, -2.63, -2.66, -1.97, -1.96, -1.96, -1.95, -1.93, -1.91, -1.87, -1.97, -1.9, -1.83, -1.81, -1.85, -1.92, -1.99, -2.29, -2.39, -2.48, -2.54, -2.58, -2.62]}, {"header": {"refTime": "2023-09-11T00:00:00.000Z", "nx": 21, "ny": 33, "lo1": 113.509, "la1": 22.2235, "lo2": 113.5947, "la2": 22.1034, "dx": 0.0042850000000001385, "dy": 0.003753125000000024, "parameterCategory": 2, "parameterCategoryName": "Temperature", "parameterNumber": 3}, "data": [0.39, 0.37, 0.35, 0.36, 0.32, 0.32, 0.27, 0.21, 0.2, 0.25, 0.36, 0.47, 0.84, 0.91, 1.46, 1.59, 2.39, 2.45, 2.5, 2.53, 0.41, 0.39, 0.36, 0.33, 0.33, 0.27, 0.22, 0.1, 0.04, 0.15, 0.35, 0.5, 0.88, 0.96, 1.5, 2.32, 2.42, 2.49, 2.55, 2.57, 0.42, 0.41, 0.39, 0.35, 0.35, 0.29, 0.18, 0.02, -0.3, 0.08, 0.38, 0.57, 0.96, 1.02, 2.18, 2.34, 2.47, 2.56, 2.61, 2.64, 0.44, 0.43, 0.42, 0.39, 0.35, 0.34, 0.26, 0.11, -0.02, 0.21, 0.49, 0.71, 1.07, 1.36, 2.16, 2.38, 2.55, 2.67, 2.71, 2.72, 0.47, 0.46, 0.45, 0.44, 0.42, 0.43, 0.39, 0.35, 0.33, 0.44, 0.63, 1.32, 1.25, 1.35, 2.18, 2.47, 2.7, 2.83, 2.85, 2.81, 0.49, 0.49, 0.49, 0.49, 0.48, 0.48, 0.54, 0.56, 0.58, 0.6, 1.36, 1.38, 1.34, 1.71, 2.27, 2.62, 2.95, 3.09, 3.02, 2.91, 1.64, 0.52, 0.53, 0.54, 0.55, 0.57, 0.94, 0.73, 0.78, 1.21, 1.28, 1.5, 1.92, 1.91, 2.39, 2.78, 3.28, 3.47, 3.23, 3.06, 1.65, 1.62, 1.58, 1.47, 1.44, 0.91, 0.93, 0.97, 1.07, 1.17, 1.1, 1.94, 2.08, 2.08, 2.83, 3.1, 3.44, 3.56, 3.38, 3.26, 1.66, 1.63, 1.58, 1.52, 1.4, 1.4, 1.43, 0.95, 1.39, 1.24, 1.71, 2.03, 2.26, 2.15, 2.79, 3.01, 3.22, 3.31, 3.27, 3.2, 2.3, 2.25, 2.17, 1.52, 1.39, 1.27, 1.45, 1.64, 1.74, 1.66, 1.88, 2.09, 2.29, 2.17, 2.77, 2.93, 3.07, 3.15, 3.16, 3.14, 2.32, 2.27, 2.19, 2.05, 1.74, 0.86, 1.97, 2.52, 2.13, 2.01, 2.31, 2.05, 2.12, 2.11, 2.77, 2.88, 2.98, 3.04, 3.07, 3.08, 2.35, 2.32, 2.26, 2.18, 2.03, 1.96, 2.39, 2.84, 3.0, 3.18, 2.44, 2.66, 2.62, 2.06, 2.78, 2.86, 2.93, 2.85, 2.87, 2.87, 2.39, 2.38, 2.36, 2.36, 2.4, 2.61, 2.92, 2.96, 3.0, 2.87, 3.13, 2.71, 2.66, 2.19, 2.17, 2.65, 2.69, 2.73, 2.76, 2.78, 2.44, 2.44, 2.46, 2.5, 2.62, 2.88, 3.33, 3.01, 2.92, 2.85, 3.16, 2.57, 2.48, 2.41, 2.1, 2.53, 2.57, 2.61, 2.66, 2.69, 2.48, 2.49, 2.52, 2.58, 2.69, 2.85, 2.98, 3.18, 3.11, 3.06, 3.02, 2.37, 2.39, 2.31, 2.26, 2.39, 2.44, 2.51, 2.56, 2.61, 2.51, 2.53, 2.25, 2.31, 2.39, 3.09, 3.07, 3.03, 2.97, 2.94, 2.36, 2.28, 2.19, 1.96, 1.93, 2.48, 2.61, 2.75, 3.19, 3.29, 2.2, 2.22, 2.26, 2.3, 2.99, 2.96, 2.91, 2.84, 2.79, 2.8, 2.28, 2.21, 2.11, 1.98, 2.13, 2.32, 2.54, 2.71, 2.83, 2.92, 2.21, 2.23, 2.25, 2.28, 2.91, 2.85, 2.75, 2.62, 2.55, 2.32, 2.29, 2.17, 2.06, 2.11, 1.76, 2.25, 2.57, 2.77, 2.89, 2.97, 2.21, 2.23, 2.25, 2.89, 2.84, 2.76, 2.64, 2.43, 2.18, 2.26, 1.91, 1.85, 2.43, 2.28, 2.21, 2.44, 2.71, 2.88, 2.99, 3.05, 2.21, 2.23, 2.45, 2.43, 2.4, 2.36, 2.31, 2.24, 2.03, 1.97, 1.9, 1.85, 2.59, 2.57, 2.63, 2.77, 2.94, 3.06, 3.12, 3.14, 2.43, 2.42, 2.4, 2.38, 2.35, 2.31, 2.27, 2.23, 1.94, 1.91, 1.87, 1.84, 2.77, 2.89, 2.97, 3.09, 3.21, 3.26, 3.26, 3.24, 2.4, 2.38, 2.36, 2.33, 2.3, 2.26, 2.22, 1.65, 1.87, 1.85, 1.83, 1.82, 2.77, 3.11, 3.22, 3.38, 3.5, 3.48, 3.4, 3.33, 2.37, 2.35, 2.32, 1.51, 1.52, 1.54, 1.55, 1.56, 1.56, 1.54, 1.52, 2.69, 3.01, 3.25, 3.41, 3.63, 3.86, 3.7, 3.48, 3.38, 1.45, 1.45, 1.46, 1.47, 1.47, 1.48, 1.49, 1.5, 1.51, 1.51, 1.47, 2.18, 2.95, 3.21, 3.45, 3.72, 4.44, 3.6, 3.43, 3.37, 1.42, 1.42, 1.43, 1.43, 1.43, 1.43, 1.43, 1.45, 1.5, 1.54, 1.45, 2.04, 2.33, 3.15, 3.37, 3.54, 3.42, 3.09, 3.33, 3.35, 1.4, 1.4, 1.39, 1.39, 1.38, 1.38, 1.38, 1.39, 1.44, 1.5, 1.74, 1.9, 2.17, 3.09, 3.27, 3.18, 3.21, 3.16, 3.31, 3.32, 1.38, 1.37, 1.36, 1.35, 1.34, 1.32, 1.31, 1.3, 1.29, 1.26, 1.58, 1.72, 1.98, 2.54, 2.81, 2.99, 3.08, 3.1, 3.1, 3.1, 1.36, 1.35, 1.33, 1.32, 1.3, 1.27, 1.24, 1.19, 1.11, 1.3, 1.24, 1.05, 1.19, 1.33, 2.61, 2.81, 2.93, 2.99, 3.01, 3.02, 1.34, 1.32, 1.31, 1.29, 1.26, 1.22, 1.18, 1.1, 0.97, 0.98, 0.58, 0.88, 1.09, 1.26, 2.45, 2.66, 2.79, 2.87, 2.92, 2.94, 1.32, 1.3, 1.29, 1.26, 1.23, 1.19, 1.14, 1.05, 0.96, 0.78, 0.67, 0.87, 1.06, 1.21, 2.34, 2.54, 2.68, 2.77, 2.83, 2.86, 1.31, 1.29, 1.27, 1.24, 1.21, 1.17, 1.12, 1.05, 1.0, 0.91, 0.88, 0.96, 1.08, 1.2, 2.27, 2.46, 2.59, 2.69, 2.75, 2.8, 1.29, 1.28, 1.26, 1.23, 1.2, 1.16, 1.12, 1.1, 1.05, 1.01, 1.0, 1.05, 1.13, 1.21, 2.25, 2.4, 2.53, 2.62, 2.69, 2.74]}, {"header": {"refTime": "2023-09-11T00:00:00.000Z", "nx": 21, "ny": 33, "lo1": 113.509, "la1": 22.2235, "lo2": 113.5947, "la2": 22.1034, "dx": 0.0042850000000001385, "dy": 0.003753125000000024, "parameterCategory": 0, "parameterCategoryName": "Temperature", "parameterNumber": 0}, "data": [[26.05, 26.05, 26.04, 25.78, 25.78, 26.02, 26.01, 26.0, 26.01, 25.89, 25.9, 25.91, 26.13, 26.14, 26.12, 26.12, 26.2, 26.2, 26.19, 26.19], [26.05, 26.05, 26.04, 26.03, 25.78, 25.79, 26.0, 25.99, 25.98, 25.89, 25.9, 25.92, 26.14, 26.16, 26.13, 26.21, 26.2, 26.19, 26.19, 26.19], [26.06, 26.05, 26.05, 26.04, 25.78, 25.79, 25.81, 25.97, 25.92, 25.89, 25.91, 25.94, 26.17, 26.18, 26.22, 26.21, 26.2, 26.19, 26.19, 26.18], [26.07, 26.06, 26.05, 26.05, 26.03, 25.79, 25.8, 25.82, 25.83, 25.88, 25.91, 25.98, 26.2, 26.08, 26.22, 26.2, 26.19, 26.18, 26.18, 26.18], [26.07, 26.07, 26.06, 26.06, 26.05, 25.78, 25.79, 25.79, 25.78, 25.84, 25.89, 26.08, 26.21, 26.11, 26.22, 26.2, 26.18, 26.17, 26.17, 26.17], [26.08, 26.08, 26.08, 26.07, 26.06, 26.05, 25.79, 25.79, 25.76, 25.7, 25.89, 26.02, 26.13, 26.27, 26.21, 26.19, 26.16, 26.15, 26.16, 26.16], [26.17, 26.09, 26.09, 26.09, 26.08, 26.07, 25.9, 25.81, 25.79, 25.72, 25.67, 25.93, 26.24, 26.25, 26.2, 26.17, 26.14, 26.13, 26.14, 26.15], [26.17, 26.17, 26.17, 26.17, 26.17, 25.96, 25.93, 25.92, 25.93, 25.68, 25.46, 25.92, 25.93, 26.25, 26.14, 26.15, 26.13, 26.12, 26.13, 26.14], [26.13, 26.13, 26.19, 26.19, 26.19, 26.18, 26.14, 25.92, 25.78, 25.74, 25.65, 25.78, 25.84, 25.76, 26.14, 26.15, 26.14, 26.13, 26.14, 26.14], [26.3, 26.3, 26.3, 26.16, 26.18, 26.23, 26.2, 26.14, 25.6, 25.64, 25.85, 25.7, 25.74, 25.72, 26.14, 26.16, 26.15, 26.14, 26.14, 26.15], [26.3, 26.3, 26.3, 26.3, 26.3, 26.3, 26.3, 26.3, 26.19, 25.76, 25.3, 25.64, 25.68, 25.69, 26.14, 26.16, 26.15, 26.15, 26.15, 26.15], [26.3, 26.3, 26.3, 26.3, 26.3, 26.3, 26.3, 26.3, 26.3, -999.0, 25.3, 26.2, 26.2, 25.66, 26.14, 26.16, 26.16, 25.7, 25.71, 25.71], [26.3, 26.3, 26.3, 26.3, 26.3, 26.3, 26.3, 26.3, 26.3, 26.3, -999.0, 26.2, 26.2, 25.68, 25.91, 25.85, 25.85, 25.76, 25.78, 25.78], [26.3, 26.3, 26.3, 26.3, 26.3, 26.3, 26.3, 26.3, 26.3, 26.3, -999.0, 25.4, 25.4, 25.4, 25.84, 25.79, 25.8, 25.71, 25.73, 25.74], [26.3, 26.3, 26.3, 26.3, 26.3, 26.3, 26.3, 26.4, 26.4, 26.4, 26.4, 26.02, 25.4, 25.4, 25.4, 25.72, 25.74, 25.66, 25.69, 25.71], [26.3, 26.3, 26.36, 26.36, 26.37, 26.4, 26.4, 26.4, 26.4, 26.4, 25.77, 25.84, 25.75, 25.66, 25.76, 25.66, 25.7, 25.63, 25.77, 25.8], [26.36, 26.36, 26.34, 26.34, 26.4, 26.4, 26.4, 26.4, 26.4, 26.4, 25.97, 25.85, 25.72, 25.6, 25.6, 25.58, 25.64, 25.69, 25.73, 25.75], [26.34, 26.34, 26.34, 26.34, 26.4, 26.4, 26.4, 26.4, 26.4, 26.15, 26.01, 25.86, 25.71, 25.61, 25.43, 25.56, 25.65, 25.71, 25.74, 25.77], [26.34, 26.34, 26.34, 26.4, 26.4, 26.4, 26.4, 26.4, 26.31, 26.21, 26.09, 25.97, 25.8, 25.67, 25.55, 25.61, 25.69, 25.74, 25.77, 25.79], [26.34, 26.34, 26.34, 26.35, 26.35, 26.35, 26.36, 26.38, 26.29, 26.21, 26.11, 26.0, 25.85, 25.78, 25.67, 25.7, 25.75, 25.79, 25.81, 25.82], [26.34, 26.34, 26.34, 26.36, 26.36, 26.36, 26.37, 26.37, 26.22, 26.18, 26.11, 26.03, 25.9, 25.74, 25.76, 25.79, 25.82, 25.84, 25.85, 25.85], [26.35, 26.35, 26.35, 26.36, 26.36, 26.36, 26.36, 26.37, 26.19, 26.16, 26.12, 26.07, 25.92, 25.8, 25.83, 25.86, 25.89, 25.9, 25.89, 25.87], [26.35, 26.35, 26.35, 26.36, 26.36, 26.36, 26.36, 26.36, 26.35, 26.35, 26.35, 26.28, 26.11, 25.84, 25.87, 25.92, 25.96, 25.95, 25.92, 25.9], [26.36, 26.36, 26.36, 26.36, 26.36, 26.36, 26.35, 26.35, 26.34, 26.34, 26.34, 26.28, 26.12, 26.09, 26.06, 25.95, 26.04, 25.97, 25.93, 25.91], [26.36, 26.36, 26.36, 26.36, 26.36, 26.36, 26.35, 26.34, 26.33, 26.32, 26.33, 26.28, 26.27, 26.09, 26.06, 26.04, 25.95, 25.93, 25.93, 25.91], [26.36, 26.36, 26.36, 26.36, 26.36, 26.36, 26.35, 26.34, 26.33, 26.32, 26.3, 26.29, 26.28, 26.09, 26.07, 26.06, 26.03, 26.02, 25.92, 25.91], [26.36, 26.36, 26.36, 26.36, 26.36, 26.36, 26.35, 26.35, 26.35, 26.34, 26.31, 26.31, 26.29, 26.14, 26.11, 26.08, 26.06, 26.05, 26.05, 26.06], [26.36, 26.36, 26.36, 26.36, 26.36, 26.36, 26.36, 26.36, 26.36, 26.34, 26.34, 26.3, 26.26, 26.22, 26.13, 26.1, 26.08, 26.07, 26.07, 26.07], [26.36, 26.36, 26.36, 26.36, 26.36, 26.36, 26.36, 26.36, 26.37, 26.36, 26.37, 26.32, 26.28, 26.24, 26.15, 26.12, 26.1, 26.09, 26.08, 26.08], [26.36, 26.36, 26.36, 26.36, 26.36, 26.36, 26.36, 26.37, 26.31, 26.34, 26.36, 26.32, 26.28, 26.25, 26.16, 26.14, 26.12, 26.1, 26.1, 26.09], [26.36, 26.36, 26.36, 26.36, 26.36, 26.36, 26.37, 26.37, 26.3, 26.32, 26.32, 26.3, 26.28, 26.25, 26.17, 26.15, 26.13, 26.12, 26.11, 26.1], [26.36, 26.36, 26.36, 26.36, 26.37, 26.37, 26.37, 26.29, 26.29, 26.3, 26.3, 26.29, 26.27, 26.25, 26.17, 26.15, 26.14, 26.13, 26.12, 26.11]]}]