gis_exercise/awsData/contour/wdir_2023090309.json
[{"header": {"refTime": "2023-09-03T09:00:00.000Z", "nx": 21, "ny": 33, "lo1": 113.509, "la1": 22.2235, "lo2": 113.5947, "la2": 22.1034, "dx": 0.0042850000000001385, "dy": 0.003753125000000024, "parameterCategory": 2, "parameterCategoryName": "Temperature", "parameterNumber": 2}, "data": [-2.52, -2.55, -2.58, -2.88, -2.91, -3.4, -3.43, -3.45, -3.48, -3.6, -3.64, -3.68, -3.6, -3.6, -5.21, -5.36, -5.12, -5.21, -5.27, -5.31, -2.5, -2.53, -2.57, -2.61, -2.9, -2.95, -3.41, -3.45, -3.48, -3.58, -3.65, -3.72, -3.65, -3.65, -5.25, -5.05, -5.19, -5.3, -5.37, -5.4, -2.48, -2.5, -2.54, -2.58, -2.88, -2.94, -3.02, -3.44, -3.49, -3.57, -3.67, -3.78, -3.73, -3.71, -4.91, -5.1, -5.28, -5.42, -5.5, -5.52, -2.45, -2.47, -2.49, -2.53, -2.59, -2.89, -2.96, -3.07, -3.18, -3.57, -3.7, -3.88, -3.89, -3.64, -4.9, -5.18, -5.44, -5.61, -5.68, -5.66, -2.41, -2.42, -2.44, -2.47, -2.51, -2.82, -2.84, -2.88, -2.91, -3.55, -3.69, -3.73, -4.2, -3.74, -4.91, -5.31, -5.7, -5.91, -5.93, -5.84, -2.37, -2.38, -2.38, -2.4, -2.42, -2.46, -2.72, -2.7, -2.7, -2.71, -3.17, -3.47, -3.81, -4.36, -4.92, -5.52, -6.14, -6.4, -6.25, -6.03, -3.19, -2.33, -2.32, -2.32, -2.33, -2.34, -2.15, -2.53, -2.51, -2.38, -2.42, -2.96, -4.01, -4.26, -4.9, -5.72, -6.78, -7.17, -7.24, -7.05, -3.21, -3.15, -3.08, -2.95, -2.91, -2.07, -2.12, -2.18, -2.23, -2.41, -2.54, -3.12, -3.28, -4.35, -5.57, -6.23, -7.01, -7.3, -6.87, -6.59, -3.24, -3.17, -3.09, -2.98, -2.83, -2.82, -2.9, -2.15, -3.01, -2.37, -3.55, -3.99, -4.96, -4.5, -5.62, -6.06, -6.52, -6.72, -6.63, -6.48, -4.39, -4.3, -4.15, -2.98, -2.74, -2.57, -2.92, -3.28, -3.66, -3.56, -3.96, -4.58, -5.43, -4.76, -5.68, -5.93, -6.21, -6.37, -6.39, -6.33, -4.43, -4.34, -4.19, -3.93, -3.38, -1.77, -3.79, -4.82, -4.18, -4.15, -5.38, -4.43, -4.68, -4.57, -5.69, -5.85, -6.03, -6.15, -6.2, -6.2, -4.49, -4.42, -4.32, -4.16, -3.9, -3.77, -4.56, -5.43, -5.76, -6.45, -5.52, -5.33, -5.3, -4.39, -5.68, -5.8, -5.92, -6.67, -6.68, -6.68, -4.56, -4.53, -4.5, -4.49, -4.56, -4.92, -5.49, -5.63, -5.73, -5.47, -6.49, -5.36, -5.29, -4.77, -4.74, -6.4, -6.44, -6.48, -6.51, -6.53, -4.64, -4.64, -4.67, -4.74, -4.95, -5.41, -6.18, -5.67, -5.54, -5.42, -6.49, -5.96, -5.88, -5.81, -4.69, -6.17, -6.22, -6.28, -6.34, -6.39, -4.71, -4.73, -4.79, -4.89, -5.08, -5.36, -5.59, -5.53, -5.32, -5.15, -5.02, -4.36, -5.71, -5.61, -5.55, -5.9, -5.99, -6.09, -6.18, -6.26, -4.76, -4.8, -3.6, -3.71, -3.86, -5.17, -5.13, -4.98, -4.81, -4.71, -4.1, -4.17, -4.25, -4.43, -4.49, -4.77, -4.76, -4.75, -5.06, -5.1, -3.44, -3.47, -3.52, -3.58, -4.83, -4.73, -4.54, -4.29, -4.13, -4.16, -3.81, -4.01, -4.18, -4.33, -4.08, -4.19, -4.05, -3.94, -3.86, -3.81, -3.4, -3.42, -3.43, -3.43, -4.54, -4.32, -3.97, -3.5, -3.25, -3.24, -3.6, -3.86, -4.12, -4.06, -4.52, -4.24, -4.04, -3.91, -3.83, -3.78, -3.36, -3.36, -3.35, -4.49, -4.31, -4.03, -3.56, -2.8, -2.07, -2.87, -3.06, -3.44, -3.53, -3.89, -4.27, -4.12, -3.95, -3.84, -3.77, -3.73, -3.32, -3.3, -4.05, -3.95, -3.79, -3.56, -3.22, -2.73, -2.28, -2.69, -3.11, -3.43, -3.4, -3.63, -4.0, -3.92, -3.82, -3.74, -3.69, -3.67, -4.12, -4.07, -4.0, -3.91, -3.78, -3.6, -3.38, -3.15, -2.81, -3.01, -3.26, -3.48, -3.29, -3.84, -3.8, -3.74, -3.66, -3.62, -3.6, -3.6, -4.1, -4.05, -3.99, -3.91, -3.81, -3.7, -3.58, -2.32, -3.22, -3.33, -3.46, -3.58, -4.11, -3.71, -3.65, -3.58, -3.52, -3.5, -3.52, -3.54, -4.08, -4.04, -3.99, -2.21, -2.26, -2.33, -2.42, -2.54, -2.66, -2.71, -2.64, -3.33, -3.73, -3.62, -3.55, -3.45, -3.37, -3.39, -3.44, -3.49, -2.12, -2.14, -2.18, -2.22, -2.29, -2.39, -2.54, -2.75, -3.03, -3.14, -2.92, -2.97, -3.76, -3.62, -3.49, -3.39, -3.23, -3.33, -3.41, -3.46, -2.11, -2.13, -2.17, -2.22, -2.29, -2.4, -2.58, -2.88, -3.42, -3.88, -3.17, -2.93, -2.72, -3.64, -3.51, -3.4, -3.35, -3.37, -3.41, -3.45, -2.09, -2.11, -2.14, -2.19, -2.25, -2.35, -2.51, -2.78, -3.29, -3.72, -3.14, -2.7, -2.54, -3.66, -3.54, -2.71, -2.89, -2.95, -3.43, -3.46, -2.07, -2.08, -2.11, -2.14, -2.18, -2.24, -2.33, -2.45, -2.59, -2.56, -2.41, -2.23, -2.24, -1.97, -2.28, -2.52, -2.68, -2.75, -2.74, -2.69, -2.04, -2.05, -2.06, -2.07, -2.09, -2.1, -2.09, -2.05, -1.89, -1.69, -1.42, -1.64, -1.94, -2.18, -2.07, -2.32, -2.48, -2.57, -2.6, -2.59, -2.01, -2.01, -2.01, -2.01, -1.99, -1.96, -1.89, -1.73, -1.39, -0.85, -0.21, -1.09, -1.64, -1.98, -1.9, -2.14, -2.31, -2.41, -2.46, -2.48, -1.98, -1.98, -1.96, -1.94, -1.91, -1.85, -1.74, -1.55, -1.41, -0.84, -0.48, -1.04, -1.53, -1.87, -1.77, -2.01, -2.17, -2.28, -2.35, -2.38, -1.95, -1.94, -1.92, -1.89, -1.85, -1.77, -1.66, -1.49, -1.48, -1.19, -1.09, -1.28, -1.58, -1.85, -1.7, -1.91, -2.06, -2.17, -2.25, -2.3, -1.93, -1.91, -1.89, -1.85, -1.8, -1.73, -1.63, -1.78, -1.61, -1.46, -1.42, -1.52, -1.69, -1.88, -1.67, -1.85, -1.99, -2.09, -2.17, -2.22]}, {"header": {"refTime": "2023-09-03T09:00:00.000Z", "nx": 21, "ny": 33, "lo1": 113.509, "la1": 22.2235, "lo2": 113.5947, "la2": 22.1034, "dx": 0.0042850000000001385, "dy": 0.003753125000000024, "parameterCategory": 2, "parameterCategoryName": "Temperature", "parameterNumber": 3}, "data": [-0.15, -0.14, -0.14, 0.23, 0.21, -0.16, -0.17, -0.18, -0.19, -0.07, -0.06, -0.06, -0.19, -0.18, 0.01, 0.06, 0.27, 0.3, 0.33, 0.34, -0.15, -0.15, -0.14, -0.14, 0.21, 0.17, -0.17, -0.19, -0.2, -0.1, -0.07, -0.07, -0.2, -0.19, 0.0, 0.23, 0.28, 0.32, 0.35, 0.37, -0.15, -0.15, -0.14, -0.14, 0.22, 0.18, 0.12, -0.19, -0.23, -0.12, -0.08, -0.09, -0.22, -0.21, 0.15, 0.24, 0.31, 0.35, 0.38, 0.4, -0.15, -0.15, -0.14, -0.14, -0.13, 0.21, 0.16, 0.07, -0.0, -0.07, -0.06, -0.12, -0.27, 0.0, 0.14, 0.26, 0.35, 0.41, 0.43, 0.44, -0.15, -0.15, -0.14, -0.14, -0.12, 0.25, 0.23, 0.21, 0.21, 0.04, 0.01, -0.03, -0.29, -0.06, 0.15, 0.3, 0.42, 0.49, 0.5, 0.48, -0.16, -0.16, -0.15, -0.14, -0.12, -0.1, 0.3, 0.31, 0.34, 0.41, 0.31, 0.1, -0.1, -0.11, 0.21, 0.39, 0.55, 0.62, 0.58, 0.53, -0.03, -0.17, -0.16, -0.15, -0.13, -0.09, 0.27, 0.36, 0.4, 0.62, 0.68, 0.34, 0.06, 0.03, 0.29, 0.47, 0.71, 0.8, 0.64, 0.54, -0.04, -0.05, -0.06, -0.17, -0.16, 0.15, 0.23, 0.31, 0.38, 0.65, 0.84, 0.5, 0.43, 0.13, 0.52, 0.64, 0.79, 0.85, 0.77, 0.71, -0.05, -0.06, -0.08, -0.1, -0.21, -0.19, -0.11, 0.26, 0.39, 0.6, 0.61, 0.46, 0.36, 0.41, 0.49, 0.59, 0.69, 0.73, 0.72, 0.69, -0.2, -0.21, -0.23, -0.13, -0.19, -0.3, -0.22, -0.12, 0.31, 0.39, 0.53, 0.44, 0.35, 0.4, 0.47, 0.55, 0.62, 0.66, 0.67, 0.66, -0.19, -0.2, -0.22, -0.25, -0.31, -0.48, -0.28, -0.21, -0.16, 0.25, 0.3, 0.46, 0.42, 0.43, 0.47, 0.53, 0.58, 0.61, 0.63, 0.63, -0.18, -0.19, -0.2, -0.21, -0.24, -0.26, -0.19, -0.18, -0.19, -0.02, 0.23, 0.14, 0.17, 0.45, 0.48, 0.52, 0.55, 0.39, 0.4, 0.4, -0.17, -0.17, -0.17, -0.17, -0.15, -0.1, -0.02, -0.11, -0.16, -0.15, 0.03, 0.11, 0.14, 0.12, 0.1, 0.27, 0.29, 0.32, 0.33, 0.35, -0.16, -0.16, -0.15, -0.14, -0.1, -0.02, 0.15, -0.03, -0.11, -0.13, 0.04, -0.1, -0.1, -0.1, 0.05, 0.2, 0.22, 0.25, 0.27, 0.29, -0.16, -0.15, -0.14, -0.12, -0.09, -0.04, -0.0, 0.37, 0.4, 0.44, 0.48, 0.3, -0.13, -0.14, -0.15, 0.11, 0.14, 0.18, 0.22, 0.24, -0.15, -0.14, 0.4, 0.41, 0.42, 0.5, 0.52, 0.55, 0.59, 0.61, 0.44, 0.34, 0.23, 0.22, 0.15, 0.2, 0.29, 0.38, 0.64, 0.71, 0.44, 0.45, 0.47, 0.5, 0.61, 0.64, 0.7, 0.78, 0.83, 0.81, 0.56, 0.39, 0.21, 0.03, 0.17, -0.13, -0.07, -0.02, 0.01, 0.03, 0.48, 0.5, 0.53, 0.58, 0.7, 0.78, 0.9, 1.06, 1.14, 0.99, 0.77, 0.45, 0.21, 0.19, -0.25, -0.15, -0.06, 0.0, 0.03, 0.05, 0.52, 0.55, 0.59, 0.71, 0.78, 0.88, 1.04, 1.31, 1.53, 1.15, 0.57, 0.3, 0.64, 0.36, -0.16, -0.09, -0.01, 0.04, 0.06, 0.07, 0.55, 0.59, 0.42, 0.47, 0.54, 0.65, 0.82, 1.09, 1.18, 0.84, 0.51, 0.27, 0.79, 0.64, -0.02, 0.02, 0.08, 0.1, 0.11, 0.1, 0.34, 0.35, 0.38, 0.42, 0.47, 0.54, 0.65, 0.76, 0.7, 0.54, 0.34, 0.19, 0.93, 0.06, 0.09, 0.14, 0.18, 0.18, 0.15, 0.12, 0.3, 0.31, 0.33, 0.35, 0.37, 0.39, 0.42, 0.61, 0.3, 0.21, 0.12, 0.05, 0.12, 0.13, 0.19, 0.27, 0.33, 0.28, 0.19, 0.13, 0.27, 0.27, 0.27, 0.52, 0.5, 0.47, 0.41, 0.33, 0.22, 0.16, 0.19, 0.48, -0.24, 0.17, 0.26, 0.41, 0.59, 0.39, 0.18, 0.12, 0.53, 0.52, 0.49, 0.47, 0.42, 0.35, 0.24, 0.08, -0.13, -0.23, -0.09, 0.18, -0.29, -0.1, 0.09, 0.42, 1.16, 0.16, 0.05, 0.06, 0.51, 0.49, 0.46, 0.42, 0.37, 0.28, 0.14, -0.09, -0.46, -0.78, -0.32, 0.12, 0.44, -0.15, 0.0, 0.11, -0.07, -0.5, -0.1, 0.0, 0.49, 0.47, 0.44, 0.4, 0.34, 0.26, 0.13, -0.08, -0.43, -0.71, -0.22, 0.19, 0.46, -0.21, -0.1, 0.31, 0.11, -0.01, -0.08, -0.01, 0.48, 0.46, 0.43, 0.4, 0.35, 0.28, 0.19, 0.07, -0.05, -0.06, 0.17, 0.38, 0.54, 0.59, 0.47, 0.36, 0.24, 0.18, 0.19, 0.24, 0.48, 0.46, 0.44, 0.41, 0.37, 0.33, 0.29, 0.27, 0.3, 0.47, 0.61, 0.11, -0.09, -0.28, 0.52, 0.42, 0.34, 0.29, 0.28, 0.3, 0.48, 0.46, 0.44, 0.42, 0.4, 0.39, 0.39, 0.42, 0.54, 0.83, 0.93, 0.42, 0.07, -0.16, 0.57, 0.48, 0.41, 0.37, 0.35, 0.35, 0.48, 0.47, 0.46, 0.44, 0.44, 0.44, 0.46, 0.51, 0.26, 0.57, 0.77, 0.44, 0.13, -0.09, 0.61, 0.53, 0.47, 0.43, 0.4, 0.4, 0.49, 0.48, 0.47, 0.46, 0.46, 0.47, 0.5, 0.55, 0.21, 0.36, 0.42, 0.29, 0.1, -0.08, 0.64, 0.57, 0.51, 0.47, 0.45, 0.43, 0.49, 0.49, 0.48, 0.48, 0.48, 0.5, 0.52, 0.03, 0.12, 0.2, 0.21, 0.15, 0.03, -0.09, 0.65, 0.59, 0.54, 0.51, 0.48, 0.46]}, {"header": {"refTime": "2023-09-03T09:00:00.000Z", "nx": 21, "ny": 33, "lo1": 113.509, "la1": 22.2235, "lo2": 113.5947, "la2": 22.1034, "dx": 0.0042850000000001385, "dy": 0.003753125000000024, "parameterCategory": 0, "parameterCategoryName": "Temperature", "parameterNumber": 0}, "data": [[28.08, 28.08, 28.09, 27.92, 27.94, 28.19, 28.21, 28.22, 28.23, 28.2, 28.19, 28.19, 28.36, 28.36, 28.18, 28.15, 28.1, 28.08, 28.06, 28.05], [28.08, 28.08, 28.09, 28.09, 27.93, 27.96, 28.21, 28.23, 28.25, 28.21, 28.2, 28.2, 28.36, 28.37, 28.19, 28.12, 28.09, 28.06, 28.05, 28.04], [28.08, 28.08, 28.08, 28.09, 27.92, 27.95, 28.01, 28.24, 28.29, 28.22, 28.2, 28.21, 28.38, 28.38, 28.17, 28.12, 28.07, 28.04, 28.02, 28.01], [28.07, 28.07, 28.07, 28.08, 28.08, 27.93, 27.97, 28.04, 28.11, 28.19, 28.19, 28.24, 28.4, 28.23, 28.18, 28.1, 28.04, 28.0, 27.99, 27.99], [28.07, 28.07, 28.07, 28.07, 28.06, 27.89, 27.91, 27.93, 27.93, 28.12, 28.15, 28.25, 28.39, 28.27, 28.17, 28.07, 27.99, 27.95, 27.94, 27.95], [28.07, 28.07, 28.06, 28.06, 28.05, 28.04, 27.84, 27.83, 27.81, 27.78, 28.03, 28.17, 28.29, 28.4, 28.14, 28.02, 27.91, 27.86, 27.88, 27.92], [27.98, 28.07, 28.06, 28.05, 28.04, 28.02, 27.77, 27.76, 27.74, 27.71, 27.72, 28.05, 28.33, 28.35, 28.1, 27.97, 27.79, 27.73, 27.77, 27.82], [27.99, 27.99, 27.99, 27.99, 27.98, 27.84, 27.8, 27.74, 27.71, 27.68, 27.6, 27.98, 27.99, 28.35, 27.82, 27.89, 27.76, 27.71, 27.78, 27.83], [27.91, 27.92, 28.01, 28.02, 28.02, 28.0, 27.94, 27.78, 27.64, 27.72, 27.77, 27.87, 27.92, 27.86, 27.84, 27.91, 27.84, 27.8, 27.82, 27.85], [28.2, 28.2, 28.2, 27.97, 28.0, 28.09, 28.03, 27.94, 27.59, 27.6, 27.93, 27.81, 27.85, 27.83, 27.84, 27.94, 27.89, 27.86, 27.86, 27.87], [28.2, 28.2, 28.2, 28.2, 28.2, 28.2, 28.2, 28.2, 28.02, 27.63, 27.5, 27.77, 27.8, 27.8, 27.83, 27.96, 27.92, 27.9, 27.9, 27.9], [28.2, 28.2, 28.2, 28.2, 28.2, 28.2, 28.2, 28.2, 28.2, -999.0, 27.5, 28.2, 28.2, 27.78, 27.83, 27.98, 27.96, 27.71, 27.71, 27.71], [28.2, 28.2, 28.2, 28.2, 28.2, 28.2, 28.2, 28.2, 28.2, 28.2, -999.0, 28.2, 28.2, 27.94, 28.05, 27.67, 27.67, 27.7, 27.69, 27.69], [28.2, 28.2, 28.2, 28.2, 28.2, 28.2, 28.2, 28.2, 28.2, 28.2, -999.0, 27.8, 27.8, 27.8, 28.02, 27.69, 27.69, 27.71, 27.71, 27.7], [28.2, 28.2, 28.2, 28.2, 28.2, 28.2, 28.2, 28.5, 28.5, 28.5, 28.5, 28.23, 27.8, 27.8, 27.8, 27.71, 27.7, 27.73, 27.72, 27.71], [28.2, 28.2, 28.39, 28.39, 28.4, 28.5, 28.5, 28.5, 28.5, 28.5, 28.06, 28.11, 28.04, 27.98, 28.05, 27.76, 27.76, 27.77, 27.72, 27.72], [28.39, 28.39, 28.31, 28.31, 28.5, 28.5, 28.5, 28.5, 28.5, 28.5, 28.2, 28.11, 28.02, 27.94, 27.87, 27.85, 27.87, 27.89, 27.9, 27.91], [28.31, 28.31, 28.32, 28.32, 28.5, 28.5, 28.5, 28.5, 28.5, 28.32, 28.23, 28.12, 28.01, 27.88, 27.81, 27.85, 27.88, 27.89, 27.91, 27.92], [28.31, 28.32, 28.32, 28.5, 28.5, 28.5, 28.5, 28.5, 28.44, 28.36, 28.35, 28.27, 27.97, 27.9, 27.84, 27.86, 27.89, 27.9, 27.91, 27.92], [28.32, 28.32, 28.67, 28.66, 28.65, 28.64, 28.61, 28.55, 28.47, 28.43, 28.38, 28.31, 27.99, 27.93, 27.88, 27.89, 27.9, 27.91, 27.92, 27.93], [28.68, 28.68, 28.67, 28.62, 28.62, 28.61, 28.6, 28.59, 28.46, 28.44, 28.4, 28.35, 27.99, 27.9, 27.9, 27.91, 27.92, 27.93, 27.94, 27.94], [28.64, 28.64, 28.64, 28.63, 28.63, 28.63, 28.63, 28.53, 28.49, 28.47, 28.44, 28.4, 28.09, 27.91, 27.92, 27.92, 27.92, 27.93, 27.95, 27.95], [28.65, 28.65, 28.65, 28.51, 28.52, 28.53, 28.54, 28.55, 28.57, 28.57, 28.56, 28.42, 28.28, 27.93, 27.93, 27.92, 27.91, 27.94, 27.97, 27.97], [28.49, 28.49, 28.5, 28.51, 28.51, 28.53, 28.55, 28.57, 28.61, 28.62, 28.59, 28.35, 28.31, 28.21, 28.13, 27.93, 27.83, 28.0, 28.0, 27.99], [28.49, 28.49, 28.5, 28.5, 28.51, 28.52, 28.55, 28.58, 28.65, 28.71, 28.62, 28.38, 28.27, 28.23, 28.15, 28.08, 28.03, 28.11, 28.03, 28.0], [28.48, 28.49, 28.49, 28.49, 28.5, 28.51, 28.53, 28.57, 28.63, 28.69, 28.49, 28.36, 28.27, 28.25, 28.18, 28.03, 28.05, 28.07, 28.02, 28.0], [28.48, 28.48, 28.48, 28.49, 28.49, 28.5, 28.5, 28.52, 28.54, 28.53, 28.38, 28.31, 28.25, 28.04, 28.03, 28.03, 28.04, 28.05, 28.05, 28.04], [28.47, 28.47, 28.47, 28.47, 28.47, 28.47, 28.47, 28.46, 28.43, 28.3, 28.26, 28.34, 28.36, 28.36, 28.04, 28.04, 28.04, 28.04, 28.04, 28.04], [28.47, 28.47, 28.47, 28.46, 28.46, 28.45, 28.44, 28.41, 28.36, 28.21, 28.17, 28.27, 28.32, 28.35, 28.04, 28.04, 28.04, 28.04, 28.04, 28.04], [28.46, 28.46, 28.46, 28.45, 28.45, 28.44, 28.42, 28.39, 28.31, 28.24, 28.2, 28.26, 28.31, 28.33, 28.05, 28.04, 28.04, 28.04, 28.04, 28.04], [28.46, 28.46, 28.45, 28.45, 28.44, 28.43, 28.41, 28.38, 28.32, 28.28, 28.27, 28.28, 28.31, 28.33, 28.05, 28.05, 28.04, 28.04, 28.04, 28.04], [28.46, 28.45, 28.45, 28.44, 28.43, 28.42, 28.4, 28.35, 28.33, 28.31, 28.3, 28.31, 28.32, 28.34, 28.05, 28.05, 28.04, 28.04, 28.04, 28.04]]}]