gis_exercise/awsData/contour/wdir_2023091018.json
[{"header": {"refTime": "2023-09-10T18:00:00.000Z", "nx": 21, "ny": 33, "lo1": 113.509, "la1": 22.2235, "lo2": 113.5947, "la2": 22.1034, "dx": 0.0042850000000001385, "dy": 0.003753125000000024, "parameterCategory": 2, "parameterCategoryName": "Temperature", "parameterNumber": 2}, "data": [-1.83, -1.81, -1.79, -1.51, -1.49, -1.88, -1.82, -1.77, -1.76, -1.58, -1.67, -1.77, -2.25, -2.31, -2.79, -2.88, -3.41, -3.45, -3.48, -3.49, -1.84, -1.82, -1.8, -1.77, -1.5, -1.47, -1.78, -1.66, -1.59, -1.51, -1.67, -1.81, -2.31, -2.37, -2.84, -3.38, -3.43, -3.48, -3.51, -3.52, -1.85, -1.84, -1.82, -1.8, -1.52, -1.48, -1.43, -1.57, -1.23, -1.45, -1.7, -1.9, -2.41, -2.46, -3.31, -3.39, -3.47, -3.52, -3.55, -3.56, -1.87, -1.86, -1.85, -1.83, -1.8, -1.52, -1.48, -1.39, -1.31, -1.53, -1.79, -2.07, -2.56, -2.55, -3.3, -3.42, -3.52, -3.59, -3.61, -3.61, -1.89, -1.89, -1.88, -1.87, -1.85, -1.58, -1.57, -1.53, -1.5, -1.63, -1.86, -2.56, -2.77, -2.6, -3.31, -3.47, -3.61, -3.69, -3.7, -3.67, -1.91, -1.91, -1.91, -1.91, -1.91, -1.91, -1.68, -1.69, -1.66, -1.57, -2.21, -2.45, -2.64, -3.11, -3.34, -3.56, -3.77, -3.86, -3.81, -3.74, -3.13, -1.94, -1.94, -1.95, -1.97, -1.99, -2.02, -1.88, -1.87, -1.91, -1.82, -2.3, -3.13, -3.18, -3.38, -3.64, -3.98, -4.11, -4.08, -4.0, -3.14, -3.1, -3.06, -3.13, -3.1, -2.01, -2.05, -2.16, -2.32, -1.84, -1.43, -2.62, -2.86, -3.26, -3.71, -3.89, -4.11, -4.18, -4.07, -3.99, -3.16, -3.12, -3.06, -2.99, -3.04, -3.03, -3.08, -2.07, -2.68, -1.97, -2.34, -2.86, -3.32, -3.1, -3.72, -3.84, -3.97, -4.03, -4.0, -3.96, -4.11, -4.04, -3.94, -2.99, -2.83, -2.84, -3.11, -3.4, -3.2, -2.98, -2.65, -3.03, -3.43, -3.16, -3.73, -3.81, -3.88, -3.93, -3.94, -3.92, -4.14, -4.07, -3.96, -3.77, -3.37, -2.2, -3.7, -4.51, -4.13, -3.61, -3.74, -2.95, -3.09, -3.05, -3.74, -3.78, -3.83, -3.87, -3.88, -3.88, -4.17, -4.12, -4.05, -3.93, -3.74, -3.64, -4.25, -5.02, -5.33, -5.34, -4.03, -4.24, -4.11, -2.95, -3.74, -3.77, -3.8, -3.65, -3.65, -3.65, -4.22, -4.2, -4.17, -4.15, -4.19, -4.43, -4.82, -5.08, -5.25, -5.01, -5.18, -4.36, -4.22, -3.12, -3.08, -3.49, -3.51, -3.52, -3.54, -3.55, -4.28, -4.28, -4.29, -4.33, -4.46, -4.74, -5.18, -5.0, -5.0, -4.93, -5.21, -4.17, -3.96, -3.8, -2.95, -3.33, -3.36, -3.39, -3.43, -3.46, -4.33, -4.34, -4.37, -4.44, -4.56, -4.73, -4.88, -4.72, -4.59, -4.46, -4.35, -3.22, -3.77, -3.59, -3.47, -3.14, -3.2, -3.26, -3.32, -3.37, -4.37, -4.39, -3.16, -3.24, -3.34, -4.39, -4.35, -4.24, -4.11, -4.04, -3.05, -2.96, -2.84, -2.36, -2.37, -2.78, -2.85, -2.93, -3.1, -3.16, -3.03, -3.05, -3.08, -3.11, -4.1, -4.01, -3.84, -3.63, -3.49, -3.53, -2.75, -2.74, -2.66, -2.54, -2.22, -2.25, -2.26, -2.28, -2.28, -2.29, -2.99, -2.99, -2.99, -2.97, -3.85, -3.65, -3.33, -2.91, -2.69, -2.27, -2.41, -2.58, -2.55, -2.21, -2.2, -2.24, -2.27, -2.28, -2.29, -2.29, -2.94, -2.93, -2.91, -3.81, -3.65, -3.39, -2.96, -2.27, -1.51, -2.0, -1.74, -1.86, -2.17, -2.23, -2.24, -2.26, -2.29, -2.3, -2.3, -2.3, -2.9, -2.87, -2.91, -2.83, -2.72, -2.55, -2.3, -1.96, -1.48, -1.62, -1.76, -1.87, -2.2, -2.28, -2.29, -2.3, -2.32, -2.32, -2.32, -2.31, -2.93, -2.89, -2.83, -2.76, -2.65, -2.52, -2.35, -2.18, -1.67, -1.74, -1.82, -1.9, -2.25, -2.31, -2.33, -2.35, -2.36, -2.35, -2.33, -2.31, -2.88, -2.84, -2.79, -2.71, -2.63, -2.53, -2.42, -1.61, -1.83, -1.87, -1.91, -1.94, -2.66, -2.33, -2.36, -2.41, -2.43, -2.4, -2.34, -2.31, -2.85, -2.8, -2.75, -1.61, -1.63, -1.64, -1.67, -1.71, -1.75, -1.77, -1.76, -2.34, -2.38, -2.35, -2.39, -2.47, -2.58, -2.45, -2.32, -2.28, -1.59, -1.6, -1.61, -1.63, -1.65, -1.68, -1.73, -1.8, -1.89, -1.93, -1.87, -2.31, -2.38, -2.39, -2.42, -2.47, -2.94, -2.28, -2.22, -2.24, -1.6, -1.61, -1.62, -1.64, -1.66, -1.7, -1.76, -1.86, -2.03, -2.18, -1.96, -2.25, -2.32, -2.37, -2.37, -2.35, -2.14, -1.85, -2.13, -2.2, -1.6, -1.61, -1.62, -1.64, -1.66, -1.69, -1.75, -1.84, -2.0, -2.14, -2.17, -2.16, -2.23, -2.35, -2.33, -2.08, -2.03, -1.98, -2.14, -2.19, -1.6, -1.61, -1.62, -1.63, -1.65, -1.67, -1.71, -1.75, -1.8, -1.8, -1.98, -2.0, -2.1, -1.85, -1.94, -2.0, -2.01, -2.0, -2.01, -2.02, -1.59, -1.6, -1.61, -1.62, -1.63, -1.64, -1.65, -1.64, -1.61, -1.74, -1.67, -1.45, -1.47, -1.47, -1.87, -1.93, -1.96, -1.98, -1.99, -2.0, -1.59, -1.59, -1.6, -1.6, -1.6, -1.6, -1.59, -1.56, -1.47, -1.47, -1.15, -1.33, -1.41, -1.44, -1.81, -1.88, -1.92, -1.95, -1.96, -1.97, -1.58, -1.59, -1.59, -1.59, -1.58, -1.57, -1.55, -1.51, -1.41, -1.29, -1.2, -1.31, -1.39, -1.42, -1.76, -1.84, -1.88, -1.92, -1.94, -1.95, -1.58, -1.58, -1.58, -1.57, -1.57, -1.55, -1.53, -1.49, -1.42, -1.35, -1.32, -1.35, -1.39, -1.42, -1.74, -1.81, -1.85, -1.89, -1.91, -1.93, -1.57, -1.57, -1.57, -1.56, -1.55, -1.54, -1.52, -1.47, -1.43, -1.4, -1.38, -1.39, -1.41, -1.43, -1.73, -1.79, -1.83, -1.87, -1.89, -1.91]}, {"header": {"refTime": "2023-09-10T18:00:00.000Z", "nx": 21, "ny": 33, "lo1": 113.509, "la1": 22.2235, "lo2": 113.5947, "la2": 22.1034, "dx": 0.0042850000000001385, "dy": 0.003753125000000024, "parameterCategory": 2, "parameterCategoryName": "Temperature", "parameterNumber": 3}, "data": [0.14, 0.13, 0.12, 0.36, 0.32, 0.23, 0.18, 0.12, 0.1, 0.1, 0.18, 0.26, 0.56, 0.61, 0.96, 1.06, 1.76, 1.81, 1.84, 1.87, 0.14, 0.14, 0.13, 0.11, 0.33, 0.27, 0.14, 0.03, -0.04, 0.02, 0.16, 0.28, 0.59, 0.64, 0.99, 1.7, 1.78, 1.84, 1.88, 1.9, 0.15, 0.15, 0.14, 0.13, 0.36, 0.29, 0.18, -0.04, -0.33, -0.04, 0.19, 0.33, 0.63, 0.69, 1.59, 1.71, 1.81, 1.89, 1.93, 1.95, 0.16, 0.16, 0.16, 0.15, 0.14, 0.35, 0.26, 0.11, -0.03, 0.07, 0.27, 0.42, 0.69, 0.98, 1.56, 1.74, 1.88, 1.97, 2.0, 2.01, 0.16, 0.17, 0.17, 0.18, 0.18, 0.44, 0.4, 0.35, 0.33, 0.26, 0.39, 0.94, 0.8, 0.95, 1.58, 1.81, 1.99, 2.09, 2.11, 2.08, 0.17, 0.17, 0.18, 0.2, 0.22, 0.26, 0.56, 0.58, 0.59, 0.6, 1.06, 1.02, 0.93, 1.38, 1.66, 1.93, 2.18, 2.28, 2.23, 2.16, 1.13, 0.18, 0.19, 0.21, 0.24, 0.31, 0.73, 0.78, 0.82, 1.14, 1.16, 1.2, 1.65, 1.65, 1.78, 2.06, 2.43, 2.56, 2.47, 2.37, 1.13, 1.1, 1.05, 1.09, 1.08, 0.57, 0.7, 0.89, 1.15, 1.11, 0.98, 1.75, 1.89, 1.88, 2.45, 2.55, 2.68, 2.73, 2.66, 2.61, 1.13, 1.09, 1.03, 0.96, 0.96, 0.98, 1.12, 0.76, 1.42, 1.17, 1.6, 1.92, 2.23, 2.08, 2.46, 2.53, 2.6, 2.63, 2.62, 2.59, 1.72, 1.65, 1.55, 0.91, 0.73, 0.68, 1.01, 1.36, 1.75, 1.66, 1.8, 2.05, 2.31, 2.13, 2.47, 2.51, 2.55, 2.58, 2.58, 2.57, 1.74, 1.67, 1.57, 1.4, 1.02, -0.08, 1.32, 2.07, 1.92, 2.0, 2.32, 1.99, 2.08, 2.06, 2.47, 2.49, 2.52, 2.54, 2.55, 2.55, 1.77, 1.73, 1.66, 1.55, 1.37, 1.28, 1.84, 2.52, 2.79, 3.06, 2.45, 2.62, 2.58, 1.99, 2.47, 2.49, 2.51, 2.28, 2.28, 2.27, 1.82, 1.8, 1.78, 1.76, 1.8, 2.03, 2.41, 2.6, 2.73, 2.53, 3.01, 2.66, 2.61, 1.93, 1.9, 2.15, 2.16, 2.17, 2.18, 2.19, 1.87, 1.87, 1.89, 1.93, 2.06, 2.34, 2.79, 2.56, 2.53, 2.46, 3.01, 2.4, 2.28, 2.18, 1.77, 2.01, 2.03, 2.06, 2.09, 2.11, 1.92, 1.93, 1.97, 2.03, 2.15, 2.32, 2.47, 2.8, 2.77, 2.73, 2.7, 1.98, 2.12, 2.0, 1.93, 1.83, 1.88, 1.94, 1.99, 2.03, 1.96, 1.98, 1.59, 1.65, 1.75, 2.69, 2.68, 2.65, 2.61, 2.59, 1.97, 1.85, 1.71, 1.47, 1.43, 1.75, 1.86, 1.96, 2.1, 2.18, 1.54, 1.57, 1.61, 1.66, 2.6, 2.57, 2.52, 2.45, 2.41, 2.42, 1.86, 1.75, 1.59, 1.4, 1.32, 1.4, 1.54, 1.66, 1.74, 1.79, 1.56, 1.58, 1.61, 1.65, 2.52, 2.46, 2.35, 2.21, 2.14, 1.79, 1.73, 1.69, 1.52, 1.32, 1.03, 1.35, 1.56, 1.7, 1.78, 1.83, 1.57, 1.59, 1.62, 2.51, 2.46, 2.37, 2.23, 2.01, 1.71, 1.74, 1.4, 1.31, 1.59, 1.45, 1.32, 1.48, 1.66, 1.77, 1.85, 1.88, 1.57, 1.59, 1.99, 1.97, 1.94, 1.9, 1.85, 1.79, 1.57, 1.49, 1.4, 1.32, 1.71, 1.67, 1.61, 1.7, 1.81, 1.89, 1.93, 1.95, 1.97, 1.96, 1.94, 1.92, 1.89, 1.86, 1.82, 1.78, 1.47, 1.43, 1.38, 1.32, 1.84, 1.78, 1.83, 1.91, 1.99, 2.03, 2.03, 2.01, 1.94, 1.93, 1.91, 1.88, 1.85, 1.82, 1.78, 1.35, 1.41, 1.39, 1.35, 1.32, 1.82, 1.92, 2.0, 2.11, 2.19, 2.18, 2.12, 2.07, 1.92, 1.9, 1.87, 1.26, 1.27, 1.28, 1.28, 1.29, 1.28, 1.27, 1.25, 1.93, 1.98, 2.02, 2.13, 2.28, 2.44, 2.32, 2.17, 2.1, 1.22, 1.23, 1.23, 1.23, 1.24, 1.24, 1.24, 1.24, 1.24, 1.23, 1.22, 1.61, 1.95, 2.09, 2.22, 2.34, 2.85, 2.25, 2.13, 2.1, 1.21, 1.21, 1.21, 1.21, 1.21, 1.21, 1.2, 1.21, 1.22, 1.24, 1.2, 1.53, 1.71, 2.05, 2.17, 2.25, 2.12, 1.88, 2.06, 2.07, 1.2, 1.19, 1.19, 1.19, 1.18, 1.17, 1.17, 1.17, 1.19, 1.21, 1.35, 1.46, 1.61, 2.02, 2.11, 2.04, 2.03, 1.99, 2.05, 2.06, 1.18, 1.18, 1.17, 1.16, 1.15, 1.14, 1.13, 1.12, 1.11, 1.09, 1.27, 1.36, 1.51, 1.72, 1.86, 1.94, 1.98, 1.98, 1.99, 1.99, 1.17, 1.16, 1.15, 1.14, 1.13, 1.11, 1.09, 1.06, 1.01, 1.12, 1.09, 0.92, 0.97, 1.03, 1.76, 1.85, 1.91, 1.93, 1.95, 1.95, 1.16, 1.15, 1.14, 1.13, 1.11, 1.09, 1.06, 1.01, 0.94, 0.95, 0.7, 0.84, 0.93, 0.99, 1.67, 1.78, 1.84, 1.88, 1.9, 1.92, 1.15, 1.14, 1.13, 1.11, 1.09, 1.07, 1.03, 0.99, 0.88, 0.8, 0.75, 0.83, 0.91, 0.98, 1.62, 1.72, 1.79, 1.83, 1.86, 1.88, 1.14, 1.13, 1.12, 1.1, 1.08, 1.06, 1.03, 0.98, 0.9, 0.85, 0.84, 0.87, 0.92, 0.97, 1.58, 1.67, 1.74, 1.79, 1.82, 1.85, 1.13, 1.12, 1.11, 1.09, 1.08, 1.05, 1.03, 0.94, 0.92, 0.9, 0.89, 0.91, 0.94, 0.98, 1.57, 1.65, 1.71, 1.76, 1.79, 1.82]}, {"header": {"refTime": "2023-09-10T18:00:00.000Z", "nx": 21, "ny": 33, "lo1": 113.509, "la1": 22.2235, "lo2": 113.5947, "la2": 22.1034, "dx": 0.0042850000000001385, "dy": 0.003753125000000024, "parameterCategory": 0, "parameterCategoryName": "Temperature", "parameterNumber": 0}, "data": [[25.43, 25.43, 25.42, 25.14, 25.15, 25.44, 25.44, 25.44, 25.45, 25.3, 25.3, 25.3, 25.62, 25.63, 25.55, 25.55, 25.66, 25.65, 25.65, 25.64], [25.43, 25.43, 25.42, 25.42, 25.15, 25.17, 25.44, 25.43, 25.43, 25.32, 25.31, 25.32, 25.62, 25.64, 25.56, 25.66, 25.65, 25.65, 25.64, 25.64], [25.43, 25.43, 25.43, 25.42, 25.15, 25.17, 25.2, 25.43, 25.41, 25.33, 25.31, 25.33, 25.64, 25.65, 25.67, 25.66, 25.65, 25.64, 25.63, 25.63], [25.43, 25.43, 25.43, 25.42, 25.42, 25.16, 25.18, 25.23, 25.26, 25.3, 25.3, 25.37, 25.66, 25.49, 25.67, 25.65, 25.64, 25.63, 25.62, 25.63], [25.44, 25.44, 25.43, 25.43, 25.42, 25.14, 25.15, 25.16, 25.15, 25.22, 25.26, 25.48, 25.61, 25.52, 25.67, 25.65, 25.62, 25.61, 25.61, 25.62], [25.44, 25.44, 25.44, 25.43, 25.43, 25.42, 25.13, 25.12, 25.09, 25.01, 25.27, 25.42, 25.54, 25.73, 25.67, 25.63, 25.6, 25.58, 25.59, 25.6], [25.47, 25.45, 25.45, 25.44, 25.44, 25.42, 25.17, 25.13, 25.09, 25.03, 24.99, 25.34, 25.76, 25.75, 25.67, 25.62, 25.56, 25.54, 25.54, 25.55], [25.47, 25.47, 25.47, 25.47, 25.47, 25.23, 25.2, 25.2, 25.24, 24.98, 24.72, 25.4, 25.41, 25.75, 25.61, 25.64, 25.58, 25.55, 25.59, 25.62], [25.43, 25.43, 25.49, 25.49, 25.49, 25.48, 25.44, 25.2, 25.05, 25.07, 25.0, 25.19, 25.28, 25.16, 25.62, 25.66, 25.62, 25.6, 25.61, 25.63], [25.6, 25.6, 25.6, 25.46, 25.48, 25.53, 25.5, 25.44, 24.85, 24.89, 25.29, 25.07, 25.14, 25.11, 25.62, 25.67, 25.64, 25.63, 25.63, 25.64], [25.6, 25.6, 25.6, 25.6, 25.6, 25.6, 25.6, 25.6, 25.49, 25.03, 24.5, 25.0, 25.05, 25.06, 25.62, 25.68, 25.66, 25.65, 25.65, 25.65], [25.6, 25.6, 25.6, 25.6, 25.6, 25.6, 25.6, 25.6, 25.6, -999.0, 24.5, 25.8, 25.8, 25.02, 25.61, 25.69, 25.68, 24.93, 24.95, 24.95], [25.6, 25.6, 25.6, 25.6, 25.6, 25.6, 25.6, 25.6, 25.6, 25.6, -999.0, 25.8, 25.8, 24.95, 25.32, 25.14, 25.14, 25.02, 25.04, 25.05], [25.6, 25.6, 25.6, 25.6, 25.6, 25.6, 25.6, 25.6, 25.6, 25.6, -999.0, 24.5, 24.5, 24.5, 25.21, 25.05, 25.07, 24.94, 24.97, 24.99], [25.6, 25.6, 25.6, 25.6, 25.6, 25.6, 25.6, 25.8, 25.8, 25.8, 25.8, 25.3, 24.5, 24.5, 24.5, 24.96, 24.99, 24.87, 24.91, 24.94], [25.6, 25.6, 25.73, 25.73, 25.73, 25.8, 25.8, 25.8, 25.8, 25.8, 24.98, 25.07, 24.95, 24.84, 24.96, 24.76, 24.8, 24.73, 24.95, 24.98], [25.73, 25.73, 25.67, 25.67, 25.8, 25.8, 25.8, 25.8, 25.8, 25.8, 25.24, 25.08, 24.91, 24.75, 24.73, 24.69, 24.76, 24.82, 24.85, 24.88], [25.67, 25.67, 25.68, 25.68, 25.8, 25.8, 25.8, 25.8, 25.8, 25.47, 25.3, 25.1, 24.9, 24.75, 24.53, 24.67, 24.77, 24.83, 24.87, 24.9], [25.68, 25.68, 25.68, 25.8, 25.8, 25.8, 25.8, 25.8, 25.68, 25.55, 25.41, 25.24, 24.98, 24.82, 24.66, 24.73, 24.81, 24.87, 24.9, 24.92], [25.68, 25.68, 25.74, 25.75, 25.75, 25.75, 25.76, 25.78, 25.67, 25.56, 25.43, 25.29, 25.04, 24.94, 24.79, 24.83, 24.88, 24.92, 24.94, 24.95], [25.74, 25.74, 25.74, 25.76, 25.76, 25.76, 25.77, 25.77, 25.57, 25.52, 25.43, 25.33, 25.1, 24.86, 24.88, 24.92, 24.95, 24.97, 24.98, 24.98], [25.75, 25.75, 25.75, 25.76, 25.76, 25.76, 25.76, 25.82, 25.54, 25.5, 25.45, 25.38, 25.11, 24.93, 24.96, 24.99, 25.02, 25.03, 25.02, 25.01], [25.75, 25.75, 25.75, 25.84, 25.83, 25.83, 25.82, 25.82, 25.81, 25.81, 25.81, 25.6, 25.36, 24.97, 25.01, 25.05, 25.09, 25.09, 25.06, 25.04], [25.85, 25.85, 25.85, 25.84, 25.84, 25.83, 25.82, 25.81, 25.79, 25.79, 25.8, 25.68, 25.37, 25.31, 25.26, 25.08, 25.16, 25.11, 25.08, 25.05], [25.85, 25.85, 25.85, 25.85, 25.84, 25.84, 25.83, 25.81, 25.77, 25.74, 25.79, 25.7, 25.66, 25.31, 25.26, 25.22, 25.11, 25.1, 25.08, 25.06], [25.86, 25.86, 25.86, 25.85, 25.85, 25.85, 25.84, 25.82, 25.79, 25.76, 25.74, 25.73, 25.7, 25.32, 25.27, 25.29, 25.24, 25.23, 25.07, 25.05], [25.86, 25.86, 25.86, 25.86, 25.86, 25.86, 25.85, 25.85, 25.84, 25.85, 25.8, 25.78, 25.74, 25.49, 25.41, 25.34, 25.3, 25.28, 25.28, 25.3], [25.87, 25.87, 25.87, 25.87, 25.87, 25.87, 25.88, 25.88, 25.9, 25.87, 25.89, 25.83, 25.76, 25.69, 25.46, 25.4, 25.35, 25.33, 25.32, 25.33], [25.87, 25.87, 25.87, 25.87, 25.88, 25.88, 25.89, 25.91, 25.94, 25.96, 26.03, 25.9, 25.8, 25.72, 25.51, 25.44, 25.4, 25.37, 25.36, 25.35], [25.87, 25.87, 25.88, 25.88, 25.89, 25.89, 25.91, 25.92, 25.87, 25.94, 25.99, 25.9, 25.81, 25.74, 25.54, 25.48, 25.44, 25.41, 25.39, 25.38], [25.88, 25.88, 25.88, 25.89, 25.89, 25.9, 25.91, 25.93, 25.86, 25.89, 25.9, 25.86, 25.8, 25.75, 25.56, 25.5, 25.46, 25.43, 25.41, 25.4], [25.88, 25.88, 25.88, 25.89, 25.89, 25.9, 25.91, 25.81, 25.83, 25.84, 25.84, 25.82, 25.79, 25.74, 25.57, 25.52, 25.48, 25.46, 25.44, 25.42]]}]