gis_exercise/awsData/contour/wdir_2023090307.json
[{"header": {"refTime": "2023-09-03T07:00:00.000Z", "nx": 21, "ny": 33, "lo1": 113.509, "la1": 22.2235, "lo2": 113.5947, "la2": 22.1034, "dx": 0.0042850000000001385, "dy": 0.003753125000000024, "parameterCategory": 2, "parameterCategoryName": "Temperature", "parameterNumber": 2}, "data": [-1.82, -1.82, -1.82, -1.93, -1.92, -2.04, -2.02, -2.01, -2.01, -2.01, -2.05, -2.09, -2.02, -2.03, -3.32, -3.46, -3.52, -3.61, -3.67, -3.71, -1.82, -1.82, -1.82, -1.83, -1.93, -1.91, -2.0, -1.97, -1.95, -1.98, -2.05, -2.11, -2.04, -2.05, -3.34, -3.43, -3.57, -3.68, -3.76, -3.79, -1.82, -1.82, -1.82, -1.83, -1.93, -1.92, -1.9, -1.94, -1.83, -1.95, -2.06, -2.14, -2.09, -2.09, -3.27, -3.47, -3.66, -3.8, -3.87, -3.9, -1.81, -1.82, -1.82, -1.83, -1.83, -1.93, -1.91, -1.89, -1.86, -1.99, -2.1, -2.21, -2.18, -2.18, -3.25, -3.55, -3.81, -3.98, -4.04, -4.04, -1.81, -1.81, -1.82, -1.82, -1.83, -1.95, -1.94, -1.93, -1.92, -2.05, -2.14, -2.22, -2.38, -2.21, -3.26, -3.68, -4.05, -4.26, -4.27, -4.2, -1.81, -1.81, -1.81, -1.82, -1.83, -1.85, -1.97, -1.97, -1.97, -1.97, -2.04, -2.12, -2.24, -2.95, -3.32, -3.89, -4.46, -4.71, -4.57, -4.37, -3.18, -1.8, -1.8, -1.81, -1.82, -1.85, -1.93, -2.01, -2.02, -1.93, -1.88, -1.94, -2.88, -3.1, -3.38, -4.11, -5.05, -5.4, -5.53, -5.37, -3.2, -3.15, -3.07, -2.92, -2.88, -1.87, -1.92, -2.0, -2.05, -1.94, -1.93, -2.47, -2.63, -3.36, -4.53, -4.96, -5.48, -5.66, -5.39, -5.2, -3.24, -3.17, -3.08, -2.97, -2.79, -2.79, -2.86, -1.94, -2.8, -1.92, -2.88, -3.33, -4.29, -3.83, -4.61, -4.88, -5.17, -5.3, -5.24, -5.13, -4.44, -4.34, -4.19, -2.97, -2.72, -2.53, -2.88, -3.26, -3.48, -3.32, -3.3, -3.91, -4.75, -4.09, -4.69, -4.82, -4.98, -5.07, -5.08, -5.04, -4.48, -4.38, -4.23, -3.96, -3.39, -1.71, -3.81, -4.88, -4.2, -3.99, -4.95, -3.76, -4.0, -3.9, -4.71, -4.78, -4.87, -4.94, -4.97, -4.96, -4.54, -4.47, -4.37, -4.2, -3.93, -3.79, -4.61, -5.51, -5.84, -6.39, -5.16, -4.89, -4.82, -3.72, -4.7, -4.75, -4.81, -5.7, -5.7, -5.69, -4.62, -4.59, -4.55, -4.54, -4.62, -5.0, -5.59, -5.72, -5.81, -5.56, -6.38, -4.96, -4.85, -4.32, -4.3, -5.61, -5.61, -5.62, -5.63, -5.63, -4.7, -4.7, -4.73, -4.81, -5.02, -5.51, -6.33, -5.78, -5.62, -5.5, -6.4, -5.79, -5.7, -5.63, -4.33, -5.49, -5.51, -5.53, -5.55, -5.57, -4.77, -4.8, -4.85, -4.96, -5.16, -5.46, -5.69, -5.35, -5.07, -4.84, -4.67, -3.98, -5.57, -5.48, -5.42, -5.35, -5.39, -5.44, -5.48, -5.51, -4.83, -4.87, -3.23, -3.35, -3.51, -4.87, -4.81, -4.61, -4.39, -4.25, -3.61, -3.75, -3.92, -4.01, -4.14, -4.7, -4.68, -4.65, -4.65, -4.65, -3.02, -3.05, -3.1, -3.14, -4.41, -4.27, -4.02, -3.69, -3.47, -3.51, -3.22, -3.55, -3.86, -4.14, -3.97, -4.27, -4.14, -4.03, -3.95, -3.9, -2.94, -2.95, -2.95, -2.92, -4.02, -3.73, -3.26, -2.61, -2.28, -2.39, -2.93, -3.35, -3.8, -3.93, -4.57, -4.32, -4.12, -4.0, -3.91, -3.86, -2.87, -2.85, -2.81, -3.95, -3.71, -3.33, -2.7, -1.67, -0.72, -1.87, -2.19, -2.78, -3.18, -3.71, -4.35, -4.2, -4.04, -3.93, -3.86, -3.81, -2.8, -2.77, -3.37, -3.23, -3.02, -2.71, -2.25, -1.59, -1.04, -1.63, -2.25, -2.75, -3.02, -3.37, -4.09, -4.01, -3.9, -3.83, -3.78, -3.75, -3.47, -3.4, -3.31, -3.18, -3.0, -2.77, -2.46, -2.15, -1.79, -2.07, -2.45, -2.8, -2.89, -3.93, -3.89, -3.82, -3.75, -3.71, -3.69, -3.69, -3.43, -3.37, -3.29, -3.18, -3.05, -2.9, -2.74, -1.61, -2.35, -2.52, -2.72, -2.91, -4.01, -3.8, -3.74, -3.67, -3.61, -3.59, -3.61, -3.63, -3.42, -3.36, -3.29, -1.71, -1.74, -1.79, -1.86, -1.98, -2.12, -2.19, -2.16, -2.7, -3.61, -3.71, -3.64, -3.55, -3.47, -3.48, -3.53, -3.58, -1.7, -1.72, -1.74, -1.78, -1.84, -1.94, -2.08, -2.31, -2.59, -2.72, -2.53, -3.01, -3.62, -3.54, -3.47, -3.48, -3.34, -3.42, -3.49, -3.55, -1.72, -1.75, -1.79, -1.84, -1.91, -2.03, -2.22, -2.52, -3.03, -3.46, -2.84, -2.97, -2.84, -3.56, -3.49, -3.43, -3.44, -3.45, -3.49, -3.54, -1.74, -1.77, -1.81, -1.86, -1.94, -2.06, -2.23, -2.51, -2.98, -3.36, -3.1, -2.81, -2.71, -3.57, -3.51, -2.94, -3.08, -3.12, -3.51, -3.54, -1.75, -1.78, -1.82, -1.87, -1.93, -2.02, -2.14, -2.29, -2.46, -2.47, -2.59, -2.48, -2.49, -2.38, -2.62, -2.8, -2.92, -2.97, -2.96, -2.93, -1.76, -1.78, -1.81, -1.85, -1.9, -1.95, -2.0, -2.03, -1.97, -2.09, -1.9, -2.07, -2.28, -2.47, -2.46, -2.65, -2.77, -2.83, -2.85, -2.85, -1.76, -1.78, -1.8, -1.83, -1.85, -1.87, -1.87, -1.81, -1.65, -1.5, -1.05, -1.68, -2.08, -2.33, -2.33, -2.52, -2.64, -2.72, -2.76, -2.77, -1.75, -1.77, -1.78, -1.8, -1.81, -1.8, -1.77, -1.69, -1.9, -1.5, -1.25, -1.64, -2.0, -2.25, -2.24, -2.41, -2.54, -2.62, -2.67, -2.7, -1.74, -1.75, -1.76, -1.77, -1.77, -1.75, -1.71, -1.64, -1.95, -1.75, -1.67, -1.82, -2.04, -2.23, -2.19, -2.34, -2.46, -2.54, -2.6, -2.63, -1.73, -1.74, -1.75, -1.75, -1.74, -1.72, -1.68, -2.17, -2.05, -1.94, -1.92, -1.99, -2.11, -2.25, -2.16, -2.3, -2.4, -2.48, -2.54, -2.58]}, {"header": {"refTime": "2023-09-03T07:00:00.000Z", "nx": 21, "ny": 33, "lo1": 113.509, "la1": 22.2235, "lo2": 113.5947, "la2": 22.1034, "dx": 0.0042850000000001385, "dy": 0.003753125000000024, "parameterCategory": 2, "parameterCategoryName": "Temperature", "parameterNumber": 3}, "data": [-0.47, -0.45, -0.43, 0.13, 0.11, -0.23, -0.23, -0.23, -0.23, -0.12, -0.13, -0.14, -0.21, -0.21, -0.45, -0.45, -0.28, -0.28, -0.27, -0.27, -0.48, -0.46, -0.44, -0.42, 0.11, 0.09, -0.22, -0.21, -0.21, -0.12, -0.14, -0.16, -0.23, -0.23, -0.46, -0.29, -0.28, -0.28, -0.28, -0.27, -0.49, -0.48, -0.46, -0.43, 0.12, 0.09, 0.06, -0.2, -0.17, -0.13, -0.15, -0.19, -0.27, -0.26, -0.31, -0.3, -0.29, -0.29, -0.28, -0.28, -0.51, -0.5, -0.48, -0.45, -0.41, 0.11, 0.08, 0.03, -0.01, -0.11, -0.15, -0.24, -0.35, -0.14, -0.32, -0.3, -0.29, -0.29, -0.29, -0.28, -0.53, -0.52, -0.5, -0.48, -0.44, 0.13, 0.12, 0.11, 0.11, -0.05, -0.12, -0.18, -0.46, -0.2, -0.31, -0.3, -0.3, -0.3, -0.3, -0.29, -0.56, -0.55, -0.54, -0.52, -0.48, -0.43, 0.15, 0.16, 0.19, 0.25, 0.17, -0.03, -0.24, -0.21, -0.28, -0.29, -0.32, -0.33, -0.32, -0.3, -0.34, -0.59, -0.59, -0.57, -0.54, -0.48, -0.15, 0.16, 0.2, 0.44, 0.52, 0.25, 0.01, -0.04, -0.22, -0.27, -0.35, -0.37, -0.38, -0.37, -0.36, -0.38, -0.4, -0.49, -0.48, -0.36, -0.22, -0.05, 0.14, 0.45, 0.63, 0.47, 0.42, 0.08, 0.06, -0.07, -0.23, -0.29, -0.2, -0.14, -0.36, -0.4, -0.44, -0.49, -0.59, -0.55, -0.41, -0.16, 0.29, 0.42, 0.49, 0.39, 0.28, 0.34, 0.07, -0.03, -0.13, -0.17, -0.15, -0.12, -0.25, -0.29, -0.36, -0.55, -0.68, -0.8, -0.57, -0.31, 0.36, 0.4, 0.43, 0.34, 0.25, 0.32, 0.08, 0.01, -0.06, -0.09, -0.1, -0.09, -0.24, -0.28, -0.34, -0.44, -0.68, -1.34, -0.51, -0.1, -0.09, 0.41, 0.4, 0.36, 0.33, 0.34, 0.08, 0.03, -0.02, -0.05, -0.06, -0.06, -0.21, -0.24, -0.28, -0.35, -0.46, -0.51, -0.19, 0.14, 0.26, 0.43, 0.4, 0.31, 0.3, 0.36, 0.07, 0.04, 0.01, -0.3, -0.31, -0.31, -0.18, -0.19, -0.2, -0.21, -0.17, -0.02, 0.22, 0.24, 0.26, 0.17, 0.42, 0.33, 0.32, 0.01, -0.0, -0.28, -0.3, -0.31, -0.32, -0.32, -0.15, -0.15, -0.13, -0.1, -0.01, 0.2, 0.55, 0.29, 0.21, 0.16, 0.44, 0.04, -0.02, -0.06, -0.08, -0.32, -0.32, -0.33, -0.33, -0.33, -0.12, -0.11, -0.08, -0.04, 0.05, 0.17, 0.27, 0.15, 0.03, -0.06, -0.12, -0.56, -0.08, -0.14, -0.17, -0.36, -0.36, -0.35, -0.35, -0.34, -0.1, -0.08, -0.67, -0.62, -0.55, -0.03, -0.05, -0.13, -0.22, -0.27, -0.68, -0.66, -0.64, -0.69, -0.66, 0.02, 0.12, 0.22, 0.16, 0.21, -0.75, -0.73, -0.72, -0.7, -0.2, -0.25, -0.35, -0.48, -0.56, -0.55, -0.82, -0.75, -0.69, -0.64, -0.44, -0.36, -0.28, -0.23, -0.19, -0.17, -0.77, -0.77, -0.77, -0.78, -0.35, -0.46, -0.64, -0.88, -1.01, -1.04, -0.89, -0.82, -0.72, -0.46, -0.55, -0.38, -0.27, -0.2, -0.17, -0.15, -0.8, -0.81, -0.82, -0.38, -0.47, -0.61, -0.85, -1.24, -1.61, -1.23, -1.23, -1.07, -0.45, -0.39, -0.39, -0.31, -0.21, -0.16, -0.13, -0.12, -0.83, -0.84, -0.66, -0.71, -0.78, -0.9, -1.07, -1.3, -1.55, -1.38, -1.21, -1.07, -0.37, -0.26, -0.23, -0.18, -0.12, -0.09, -0.08, -0.09, -0.63, -0.66, -0.69, -0.74, -0.8, -0.89, -1.0, -1.12, -1.33, -1.25, -1.15, -1.05, -0.26, -0.14, -0.1, -0.04, 0.0, 0.0, -0.03, -0.06, -0.65, -0.68, -0.71, -0.75, -0.8, -0.86, -0.92, -1.16, -1.17, -1.12, -1.07, -1.01, 0.21, -0.06, 0.01, 0.11, 0.17, 0.11, 0.02, -0.05, -0.66, -0.69, -0.72, -1.04, -1.04, -1.05, -1.04, -1.02, -0.99, -0.97, -0.95, -0.3, -0.13, -0.0, 0.09, 0.25, 0.45, 0.24, 0.01, -0.07, -1.0, -1.0, -1.0, -1.0, -0.99, -0.97, -0.95, -0.91, -0.86, -0.83, -0.85, 0.04, -0.16, -0.05, 0.07, 0.27, 1.08, -0.02, -0.14, -0.13, -0.98, -0.97, -0.97, -0.96, -0.94, -0.92, -0.88, -0.83, -0.76, -0.71, -0.77, -0.04, 0.19, -0.1, -0.01, 0.03, -0.26, -0.74, -0.3, -0.19, -0.96, -0.95, -0.94, -0.92, -0.9, -0.88, -0.84, -0.79, -0.73, -0.69, -0.29, -0.09, 0.12, -0.14, -0.1, -0.09, -0.24, -0.35, -0.28, -0.2, -0.94, -0.93, -0.91, -0.9, -0.87, -0.85, -0.81, -0.77, -0.73, -0.71, -0.24, -0.11, 0.06, -0.14, -0.12, -0.14, -0.19, -0.23, -0.22, -0.18, -0.92, -0.91, -0.89, -0.88, -0.85, -0.82, -0.79, -0.75, -0.7, -0.28, -0.27, -0.72, -0.81, -0.92, -0.16, -0.16, -0.17, -0.19, -0.18, -0.17, -0.91, -0.9, -0.88, -0.86, -0.84, -0.81, -0.77, -0.73, -0.68, -0.32, -0.54, -0.67, -0.78, -0.88, -0.18, -0.17, -0.17, -0.17, -0.17, -0.16, -0.9, -0.88, -0.87, -0.85, -0.83, -0.8, -0.76, -0.72, -0.68, -0.62, -0.58, -0.67, -0.77, -0.86, -0.2, -0.18, -0.17, -0.17, -0.16, -0.16, -0.89, -0.88, -0.86, -0.84, -0.82, -0.79, -0.76, -0.73, -0.7, -0.67, -0.67, -0.71, -0.78, -0.85, -0.2, -0.18, -0.17, -0.17, -0.16, -0.15, -0.88, -0.87, -0.85, -0.84, -0.82, -0.79, -0.77, -0.75, -0.73, -0.72, -0.73, -0.76, -0.8, -0.86, -0.2, -0.19, -0.18, -0.17, -0.16, -0.15]}, {"header": {"refTime": "2023-09-03T07:00:00.000Z", "nx": 21, "ny": 33, "lo1": 113.509, "la1": 22.2235, "lo2": 113.5947, "la2": 22.1034, "dx": 0.0042850000000001385, "dy": 0.003753125000000024, "parameterCategory": 0, "parameterCategoryName": "Temperature", "parameterNumber": 0}, "data": [[27.12, 27.11, 27.1, 26.84, 26.85, 27.07, 27.07, 27.06, 27.07, 27.0, 27.02, 27.03, 27.18, 27.19, 27.22, 27.22, 27.25, 27.24, 27.24, 27.24], [27.12, 27.12, 27.11, 27.1, 26.85, 26.86, 27.06, 27.05, 27.05, 27.0, 27.02, 27.04, 27.2, 27.21, 27.23, 27.25, 27.25, 27.24, 27.24, 27.24], [27.13, 27.12, 27.11, 27.1, 26.85, 26.86, 26.88, 27.04, 27.01, 27.0, 27.03, 27.07, 27.22, 27.23, 27.27, 27.26, 27.25, 27.24, 27.24, 27.23], [27.13, 27.13, 27.12, 27.11, 27.1, 26.85, 26.87, 26.89, 26.92, 27.0, 27.03, 27.1, 27.26, 27.15, 27.27, 27.25, 27.24, 27.24, 27.23, 27.23], [27.14, 27.14, 27.13, 27.12, 27.11, 26.84, 26.85, 26.85, 26.85, 26.97, 27.02, 27.17, 27.3, 27.18, 27.27, 27.25, 27.24, 27.23, 27.23, 27.23], [27.15, 27.15, 27.15, 27.14, 27.12, 27.1, 26.83, 26.83, 26.81, 26.77, 26.97, 27.1, 27.21, 27.3, 27.25, 27.24, 27.23, 27.22, 27.22, 27.22], [27.23, 27.17, 27.16, 27.16, 27.14, 27.12, 26.95, 26.82, 26.8, 26.75, 26.73, 26.98, 27.23, 27.25, 27.24, 27.23, 27.21, 27.21, 27.24, 27.25], [27.24, 27.25, 27.25, 27.24, 27.23, 27.04, 26.98, 26.92, 26.87, 26.73, 26.6, 26.92, 26.92, 27.25, 27.16, 27.15, 27.17, 27.18, 27.17, 27.16], [27.16, 27.17, 27.27, 27.28, 27.28, 27.26, 27.19, 26.96, 26.77, 26.77, 26.73, 26.82, 26.86, 26.8, 27.16, 27.15, 27.16, 27.17, 27.16, 27.16], [27.5, 27.5, 27.5, 27.22, 27.26, 27.36, 27.29, 27.19, 26.67, 26.69, 26.86, 26.76, 26.8, 26.78, 27.16, 27.14, 27.15, 27.16, 27.16, 27.15], [27.5, 27.5, 27.5, 27.5, 27.5, 27.5, 27.5, 27.5, 27.29, 26.76, 26.5, 26.73, 26.76, 26.76, 27.16, 27.14, 27.15, 27.15, 27.15, 27.15], [27.5, 27.5, 27.5, 27.5, 27.5, 27.5, 27.5, 27.5, 27.5, -999.0, 26.5, 27.1, 27.1, 26.74, 27.16, 27.14, 27.14, 26.52, 26.53, 26.54], [27.5, 27.5, 27.5, 27.5, 27.5, 27.5, 27.5, 27.5, 27.5, 27.5, -999.0, 27.1, 27.1, 26.38, 26.7, 26.76, 26.77, 26.62, 26.65, 26.66], [27.5, 27.5, 27.5, 27.5, 27.5, 27.5, 27.5, 27.5, 27.5, 27.5, -999.0, 26.0, 26.0, 26.0, 26.6, 26.66, 26.68, 26.53, 26.56, 26.59], [27.5, 27.5, 27.5, 27.5, 27.5, 27.5, 27.5, 27.3, 27.3, 27.3, 27.3, 26.8, 26.0, 26.0, 26.0, 26.55, 26.59, 26.45, 26.49, 26.53], [27.5, 27.5, 27.37, 27.37, 27.37, 27.3, 27.3, 27.3, 27.3, 27.3, 26.48, 26.57, 26.45, 26.34, 26.46, 26.37, 26.42, 26.32, 26.58, 26.63], [27.37, 27.37, 27.43, 27.43, 27.3, 27.3, 27.3, 27.3, 27.3, 27.3, 26.74, 26.58, 26.41, 26.25, 26.27, 26.18, 26.25, 26.3, 26.33, 26.36], [27.43, 27.43, 27.42, 27.42, 27.3, 27.3, 27.3, 27.3, 27.3, 26.97, 26.8, 26.6, 26.4, 26.28, 26.04, 26.16, 26.26, 26.31, 26.35, 26.37], [27.42, 27.42, 27.42, 27.3, 27.3, 27.3, 27.3, 27.3, 27.18, 27.05, 26.89, 26.72, 26.54, 26.37, 26.15, 26.22, 26.3, 26.35, 26.38, 26.4], [27.42, 27.42, 27.19, 27.19, 27.2, 27.21, 27.23, 27.27, 27.16, 27.04, 26.9, 26.77, 26.61, 26.51, 26.28, 26.31, 26.36, 26.4, 26.42, 26.42], [27.18, 27.18, 27.18, 27.22, 27.22, 27.23, 27.23, 27.24, 27.05, 26.99, 26.91, 26.81, 26.68, 26.35, 26.37, 26.41, 26.44, 26.46, 26.46, 26.45], [27.21, 27.21, 27.21, 27.21, 27.21, 27.21, 27.22, 27.23, 27.0, 26.97, 26.91, 26.84, 26.68, 26.41, 26.45, 26.49, 26.53, 26.52, 26.5, 26.48], [27.2, 27.2, 27.2, 27.23, 27.23, 27.22, 27.22, 27.21, 27.2, 27.2, 27.2, 27.13, 26.8, 26.46, 26.5, 26.57, 26.63, 26.59, 26.52, 26.49], [27.23, 27.23, 27.23, 27.22, 27.22, 27.22, 27.21, 27.2, 27.18, 27.17, 27.18, 27.13, 26.81, 26.76, 26.72, 26.59, 26.8, 26.56, 26.51, 26.49], [27.23, 27.23, 27.22, 27.22, 27.22, 27.21, 27.2, 27.18, 27.16, 27.13, 27.17, 27.13, 27.13, 26.76, 26.71, 26.67, 26.51, 26.41, 26.48, 26.48], [27.23, 27.23, 27.22, 27.22, 27.22, 27.21, 27.2, 27.19, 27.16, 27.14, 27.14, 27.14, 27.14, 26.76, 26.71, 26.69, 26.62, 26.59, 26.47, 26.48], [27.23, 27.23, 27.22, 27.22, 27.22, 27.21, 27.21, 27.2, 27.19, 27.19, 27.17, 27.17, 27.16, 26.85, 26.78, 26.73, 26.68, 26.66, 26.66, 26.68], [27.23, 27.23, 27.22, 27.22, 27.22, 27.22, 27.22, 27.21, 27.22, 27.2, 27.21, 27.08, 27.0, 26.92, 26.82, 26.77, 26.73, 26.7, 26.7, 26.7], [27.23, 27.23, 27.23, 27.22, 27.22, 27.22, 27.22, 27.23, 27.24, 27.24, 27.24, 27.13, 27.04, 26.95, 26.85, 26.8, 26.77, 26.74, 26.73, 26.73], [27.23, 27.23, 27.23, 27.23, 27.23, 27.23, 27.23, 27.23, 27.12, 27.17, 27.2, 27.13, 27.04, 26.97, 26.88, 26.83, 26.8, 26.77, 26.76, 26.75], [27.23, 27.23, 27.23, 27.23, 27.23, 27.23, 27.23, 27.24, 27.1, 27.12, 27.13, 27.09, 27.03, 26.97, 26.89, 26.85, 26.82, 26.8, 26.78, 26.77], [27.23, 27.23, 27.23, 27.23, 27.23, 27.23, 27.23, 27.05, 27.07, 27.08, 27.08, 27.05, 27.01, 26.97, 26.9, 26.86, 26.84, 26.81, 26.8, 26.79]]}]