gis_exercise/awsData/contour/wdir_2023090214.json
[{"header": {"refTime": "2023-09-02T14:00:00.000Z", "nx": 21, "ny": 33, "lo1": 113.509, "la1": 22.2235, "lo2": 113.5947, "la2": 22.1034, "dx": 0.0042850000000001385, "dy": 0.003753125000000024, "parameterCategory": 2, "parameterCategoryName": "Temperature", "parameterNumber": 2}, "data": [-2.99, -2.98, -2.96, -3.33, -3.27, -3.85, -3.72, -3.6, -3.59, -3.68, -3.99, -4.28, -4.48, -4.61, -6.53, -6.76, -7.48, -7.57, -7.64, -7.68, -3.0, -2.99, -2.97, -2.94, -3.28, -3.17, -3.59, -3.31, -3.15, -3.43, -3.96, -4.4, -4.65, -4.78, -6.67, -7.41, -7.55, -7.66, -7.74, -7.77, -3.02, -3.01, -3.0, -2.97, -3.32, -3.21, -3.02, -3.08, -2.26, -3.22, -4.06, -4.65, -4.96, -5.03, -7.26, -7.46, -7.65, -7.8, -7.88, -7.9, -3.03, -3.03, -3.02, -3.01, -2.99, -3.31, -3.16, -2.9, -2.66, -3.55, -4.36, -5.09, -5.48, -5.78, -7.26, -7.55, -7.82, -8.01, -8.08, -8.06, -3.05, -3.05, -3.05, -3.06, -3.07, -3.46, -3.4, -3.32, -3.27, -4.06, -4.68, -5.89, -6.54, -5.91, -7.26, -7.69, -8.11, -8.34, -8.35, -8.25, -3.06, -3.06, -3.08, -3.1, -3.14, -3.2, -3.67, -3.71, -3.73, -3.74, -5.1, -5.53, -6.02, -7.08, -7.26, -7.91, -8.58, -8.87, -8.7, -8.46, -6.02, -3.07, -3.09, -3.12, -3.18, -3.29, -4.01, -4.05, -4.12, -4.3, -4.21, -4.86, -6.68, -7.07, -7.22, -8.12, -9.28, -9.71, -10.14, -10.02, -6.04, -5.93, -5.79, -5.6, -5.53, -3.74, -3.95, -4.27, -4.59, -4.3, -4.16, -5.37, -5.7, -7.3, -8.59, -9.15, -9.8, -10.03, -9.69, -9.45, -6.08, -5.95, -5.78, -5.55, -5.3, -5.32, -5.57, -4.05, -5.83, -4.31, -5.93, -6.78, -8.4, -7.62, -8.76, -9.07, -9.42, -9.58, -9.5, -9.37, -8.18, -7.98, -7.68, -5.49, -4.99, -4.67, -5.46, -6.32, -7.01, -6.71, -6.66, -7.72, -9.14, -8.04, -8.91, -9.02, -9.2, -9.31, -9.32, -9.26, -8.25, -8.06, -7.77, -7.24, -6.11, -2.83, -6.97, -9.09, -8.07, -7.9, -9.48, -7.47, -7.89, -7.72, -8.94, -8.98, -9.08, -9.15, -9.18, -9.16, -8.37, -8.23, -8.03, -7.7, -7.17, -6.9, -8.52, -10.35, -11.05, -12.07, -9.87, -9.55, -9.41, -7.41, -8.91, -8.94, -9.0, -10.11, -10.08, -10.06, -8.52, -8.46, -8.39, -8.36, -8.51, -9.24, -10.39, -10.73, -10.96, -10.43, -12.01, -9.68, -9.48, -8.18, -8.12, -9.98, -9.95, -9.95, -9.95, -9.95, -8.67, -8.68, -8.73, -8.88, -9.29, -10.22, -11.75, -10.78, -10.53, -10.3, -12.04, -10.68, -10.46, -10.28, -8.05, -9.72, -9.73, -9.77, -9.8, -9.83, -8.82, -8.87, -8.98, -9.19, -9.56, -10.13, -10.58, -10.49, -10.09, -9.75, -9.49, -7.93, -10.16, -9.93, -9.78, -9.42, -9.49, -9.57, -9.65, -9.71, -8.93, -9.01, -6.53, -6.76, -7.06, -9.76, -9.68, -9.38, -9.05, -8.86, -7.44, -7.53, -7.61, -7.54, -7.65, -8.45, -8.48, -8.5, -8.34, -8.37, -6.21, -6.28, -6.38, -6.49, -9.08, -8.88, -8.5, -8.0, -7.68, -7.74, -6.84, -7.16, -7.43, -7.63, -7.2, -7.4, -7.21, -7.06, -6.95, -6.87, -6.13, -6.17, -6.2, -6.21, -8.5, -8.06, -7.35, -6.39, -5.89, -5.72, -6.36, -6.86, -7.28, -7.14, -7.82, -7.46, -7.19, -7.02, -6.9, -6.83, -6.05, -6.05, -6.03, -8.4, -8.04, -7.46, -6.52, -4.97, -3.46, -4.99, -5.13, -5.81, -6.33, -6.91, -7.5, -7.31, -7.09, -6.93, -6.83, -6.76, -5.97, -5.94, -7.22, -7.02, -6.72, -6.28, -5.62, -4.69, -3.76, -4.47, -5.2, -5.79, -6.16, -6.58, -7.16, -7.05, -6.91, -6.8, -6.73, -6.68, -7.34, -7.24, -7.11, -6.92, -6.66, -6.32, -5.88, -5.44, -4.68, -5.01, -5.46, -5.86, -6.05, -6.94, -6.9, -6.82, -6.73, -6.66, -6.61, -6.59, -7.27, -7.17, -7.05, -6.89, -6.69, -6.46, -6.22, -4.26, -5.37, -5.57, -5.8, -6.02, -7.5, -6.78, -6.72, -6.65, -6.58, -6.52, -6.5, -6.5, -7.23, -7.14, -7.03, -4.28, -4.34, -4.42, -4.53, -4.7, -4.88, -4.97, -4.9, -5.98, -6.68, -6.65, -6.59, -6.53, -6.5, -6.41, -6.37, -6.41, -4.22, -4.25, -4.29, -4.35, -4.44, -4.57, -4.78, -5.09, -5.48, -5.66, -5.37, -6.0, -6.7, -6.55, -6.44, -6.43, -6.63, -6.18, -6.23, -6.32, -4.23, -4.27, -4.32, -4.39, -4.5, -4.66, -4.91, -5.34, -6.08, -6.7, -5.77, -5.92, -5.77, -6.56, -6.42, -6.29, -6.07, -5.84, -6.14, -6.28, -4.24, -4.27, -4.32, -4.39, -4.5, -4.65, -4.88, -5.27, -5.96, -6.52, -6.07, -5.63, -5.52, -6.57, -6.42, -5.43, -5.54, -5.54, -6.18, -6.28, -4.23, -4.27, -4.31, -4.37, -4.45, -4.55, -4.7, -4.9, -5.12, -5.11, -5.23, -5.07, -5.15, -4.59, -4.94, -5.19, -5.34, -5.39, -5.39, -5.36, -4.22, -4.25, -4.28, -4.32, -4.36, -4.41, -4.45, -4.45, -4.31, -4.37, -4.06, -4.07, -4.34, -4.54, -4.7, -4.97, -5.13, -5.22, -5.25, -5.25, -4.2, -4.22, -4.24, -4.26, -4.27, -4.26, -4.22, -4.08, -3.75, -3.37, -2.51, -3.46, -4.02, -4.35, -4.5, -4.77, -4.95, -5.06, -5.12, -5.14, -4.18, -4.19, -4.2, -4.2, -4.18, -4.14, -4.05, -3.87, -3.83, -3.2, -2.81, -3.39, -3.9, -4.23, -4.35, -4.61, -4.8, -4.92, -4.99, -5.04, -4.16, -4.16, -4.15, -4.14, -4.11, -4.06, -3.96, -3.79, -3.89, -3.57, -3.45, -3.65, -3.95, -4.21, -4.27, -4.51, -4.68, -4.8, -4.89, -4.94, -4.14, -4.13, -4.12, -4.1, -4.06, -4.01, -3.92, -4.21, -4.02, -3.86, -3.8, -3.89, -4.06, -4.24, -4.24, -4.44, -4.6, -4.71, -4.8, -4.86]}, {"header": {"refTime": "2023-09-02T14:00:00.000Z", "nx": 21, "ny": 33, "lo1": 113.509, "la1": 22.2235, "lo2": 113.5947, "la2": 22.1034, "dx": 0.0042850000000001385, "dy": 0.003753125000000024, "parameterCategory": 2, "parameterCategoryName": "Temperature", "parameterNumber": 3}, "data": [-0.5, -0.46, -0.41, 0.61, 0.62, -0.16, -0.1, -0.05, -0.05, 0.21, 0.09, -0.04, -0.47, -0.53, -0.83, -0.85, -1.02, -1.0, -0.99, -0.98, -0.53, -0.49, -0.44, -0.37, 0.61, 0.62, -0.03, 0.09, 0.16, 0.28, 0.08, -0.11, -0.57, -0.62, -0.9, -1.05, -1.02, -1.0, -0.98, -0.97, -0.57, -0.53, -0.48, -0.41, 0.6, 0.61, 0.63, 0.2, 0.58, 0.35, 0.04, -0.25, -0.73, -0.76, -1.11, -1.06, -1.02, -0.99, -0.98, -0.96, -0.62, -0.58, -0.54, -0.47, -0.38, 0.58, 0.6, 0.64, 0.67, 0.27, -0.07, -0.48, -1.01, -0.77, -1.13, -1.05, -1.01, -0.98, -0.97, -0.96, -0.67, -0.65, -0.61, -0.56, -0.48, 0.55, 0.56, 0.58, 0.62, 0.2, -0.12, -0.85, -1.44, -0.9, -1.12, -1.03, -0.98, -0.96, -0.95, -0.95, -0.73, -0.72, -0.7, -0.67, -0.61, -0.52, 0.48, 0.48, 0.53, 0.67, -0.05, -0.53, -1.0, -0.99, -1.04, -0.98, -0.95, -0.94, -0.94, -0.94, -0.76, -0.81, -0.81, -0.8, -0.76, -0.68, -0.35, 0.3, 0.34, 0.6, 0.78, 0.02, -0.6, -0.65, -0.93, -0.93, -0.93, -0.93, -0.94, -0.94, -0.77, -0.81, -0.85, -0.99, -0.97, -0.65, -0.47, -0.28, -0.1, 0.67, 1.19, 0.42, 0.26, -0.4, -0.27, -0.44, -0.66, -0.74, -0.62, -0.54, -0.78, -0.83, -0.89, -0.96, -1.12, -1.08, -0.88, -0.39, 0.29, 0.54, 0.71, 0.38, 0.19, 0.28, -0.24, -0.38, -0.52, -0.58, -0.55, -0.51, -0.57, -0.63, -0.73, -1.04, -1.24, -1.43, -1.1, -0.74, 0.43, 0.56, 0.54, 0.35, 0.19, 0.28, -0.22, -0.33, -0.42, -0.47, -0.48, -0.47, -0.55, -0.61, -0.7, -0.86, -1.2, -2.18, -0.96, -0.35, -0.4, 0.52, 0.59, 0.39, 0.33, 0.33, -0.22, -0.29, -0.36, -0.4, -0.42, -0.43, -0.51, -0.55, -0.61, -0.71, -0.87, -0.95, -0.48, -0.0, 0.16, 0.44, 0.56, 0.15, 0.13, 0.38, -0.23, -0.28, -0.33, -0.84, -0.86, -0.87, -0.47, -0.48, -0.5, -0.51, -0.45, -0.22, 0.14, 0.15, 0.17, 0.04, 0.42, 0.17, 0.15, -0.47, -0.52, -0.84, -0.87, -0.89, -0.9, -0.9, -0.42, -0.41, -0.4, -0.34, -0.21, 0.1, 0.64, 0.23, 0.1, 0.03, 0.45, -0.33, -0.44, -0.53, -0.67, -0.95, -0.96, -0.95, -0.95, -0.94, -0.38, -0.36, -0.32, -0.25, -0.12, 0.06, 0.21, 0.29, 0.17, 0.08, 0.02, -0.87, -0.59, -0.7, -0.78, -1.07, -1.05, -1.03, -1.0, -0.98, -0.34, -0.32, -0.79, -0.72, -0.62, 0.13, 0.11, 0.03, -0.05, -0.11, -0.91, -1.0, -1.11, -1.3, -1.32, -0.26, -0.02, 0.21, 0.16, 0.29, -0.87, -0.84, -0.81, -0.77, -0.03, -0.08, -0.16, -0.28, -0.36, -0.35, -1.04, -1.11, -1.22, -1.36, -0.98, -0.82, -0.52, -0.29, -0.13, -0.02, -0.88, -0.86, -0.84, -0.82, -0.17, -0.26, -0.42, -0.64, -0.76, -1.04, -1.03, -1.18, -1.28, -1.01, -1.58, -0.92, -0.48, -0.21, -0.04, 0.06, -0.89, -0.88, -0.87, -0.19, -0.27, -0.4, -0.61, -0.96, -1.35, -1.16, -1.6, -1.63, -0.53, -0.73, -0.97, -0.65, -0.28, -0.04, 0.09, 0.16, -0.9, -0.9, -0.81, -0.84, -0.9, -0.97, -1.08, -1.21, -1.52, -1.57, -1.61, -1.64, -0.27, -0.26, -0.38, -0.18, 0.05, 0.2, 0.27, 0.29, -0.83, -0.85, -0.88, -0.92, -0.97, -1.04, -1.12, -1.19, -1.59, -1.61, -1.64, -1.66, 0.04, -0.01, 0.1, 0.28, 0.45, 0.5, 0.47, 0.42, -0.88, -0.9, -0.94, -0.98, -1.03, -1.1, -1.16, -1.33, -1.65, -1.66, -1.67, -1.68, 0.17, 0.28, 0.47, 0.72, 0.9, 0.84, 0.66, 0.52, -0.92, -0.95, -0.99, -1.21, -1.23, -1.26, -1.29, -1.33, -1.36, -1.36, -1.33, -0.12, 0.09, 0.49, 0.73, 1.13, 1.56, 1.18, 0.73, 0.55, -1.15, -1.16, -1.17, -1.19, -1.21, -1.24, -1.29, -1.35, -1.42, -1.45, -1.38, 0.15, -0.0, 0.38, 0.76, 1.24, 2.78, 0.83, 0.54, 0.49, -1.13, -1.14, -1.15, -1.16, -1.18, -1.21, -1.26, -1.35, -1.52, -1.67, -1.43, -0.02, 0.57, 0.27, 0.59, 0.8, 0.4, -0.4, 0.28, 0.4, -1.11, -1.12, -1.12, -1.13, -1.15, -1.17, -1.21, -1.29, -1.45, -1.6, -0.63, -0.04, 0.48, 0.16, 0.4, 0.79, 0.52, 0.33, 0.28, 0.36, -1.09, -1.1, -1.1, -1.1, -1.1, -1.11, -1.12, -1.15, -1.18, -1.15, -0.29, 0.05, 0.43, 0.71, 0.74, 0.71, 0.61, 0.55, 0.57, 0.64, -1.08, -1.07, -1.07, -1.06, -1.05, -1.04, -1.02, -0.98, -0.89, -0.14, -0.01, -0.81, -0.99, -1.15, 0.68, 0.68, 0.65, 0.62, 0.63, 0.66, -1.06, -1.05, -1.04, -1.02, -1.0, -0.97, -0.92, -0.84, -0.68, 0.06, -0.13, -0.56, -0.85, -1.05, 0.64, 0.66, 0.65, 0.65, 0.66, 0.67, -1.04, -1.03, -1.01, -0.99, -0.97, -0.93, -0.86, -0.76, -0.69, -0.43, -0.27, -0.54, -0.8, -0.99, 0.61, 0.64, 0.65, 0.66, 0.67, 0.68, -1.02, -1.01, -0.99, -0.97, -0.94, -0.89, -0.83, -0.74, -0.74, -0.61, -0.56, -0.67, -0.83, -0.98, 0.6, 0.63, 0.65, 0.66, 0.67, 0.68, -1.01, -0.99, -0.98, -0.95, -0.92, -0.88, -0.82, -0.89, -0.81, -0.74, -0.73, -0.79, -0.89, -0.99, 0.6, 0.62, 0.64, 0.66, 0.67, 0.68]}, {"header": {"refTime": "2023-09-02T14:00:00.000Z", "nx": 21, "ny": 33, "lo1": 113.509, "la1": 22.2235, "lo2": 113.5947, "la2": 22.1034, "dx": 0.0042850000000001385, "dy": 0.003753125000000024, "parameterCategory": 0, "parameterCategoryName": "Temperature", "parameterNumber": 0}, "data": [[26.7, 26.7, 26.7, 26.47, 26.49, 26.67, 26.68, 26.7, 26.71, 26.66, 26.65, 26.64, 26.82, 26.83, 26.74, 26.74, 26.76, 26.75, 26.75, 26.74], [26.7, 26.7, 26.7, 26.7, 26.49, 26.51, 26.69, 26.71, 26.73, 26.68, 26.66, 26.65, 26.82, 26.83, 26.74, 26.76, 26.75, 26.75, 26.74, 26.74], [26.7, 26.7, 26.7, 26.7, 26.48, 26.5, 26.55, 26.72, 26.78, 26.7, 26.66, 26.65, 26.82, 26.82, 26.77, 26.76, 26.75, 26.74, 26.73, 26.73], [26.71, 26.7, 26.7, 26.69, 26.69, 26.48, 26.52, 26.58, 26.63, 26.67, 26.64, 26.65, 26.82, 26.68, 26.77, 26.75, 26.74, 26.73, 26.72, 26.73], [26.71, 26.71, 26.7, 26.69, 26.68, 26.45, 26.46, 26.48, 26.49, 26.6, 26.6, 26.68, 26.75, 26.7, 26.77, 26.75, 26.72, 26.71, 26.71, 26.72], [26.71, 26.71, 26.7, 26.7, 26.68, 26.66, 26.41, 26.4, 26.38, 26.36, 26.56, 26.65, 26.72, 26.83, 26.77, 26.73, 26.7, 26.68, 26.69, 26.7], [26.69, 26.72, 26.71, 26.71, 26.69, 26.65, 26.42, 26.35, 26.32, 26.33, 26.34, 26.61, 26.86, 26.85, 26.77, 26.72, 26.66, 26.64, 26.64, 26.65], [26.7, 26.7, 26.71, 26.7, 26.69, 26.52, 26.45, 26.37, 26.31, 26.3, 26.21, 26.65, 26.66, 26.85, 26.71, 26.74, 26.68, 26.65, 26.69, 26.72], [26.6, 26.61, 26.73, 26.74, 26.75, 26.72, 26.64, 26.42, 26.24, 26.34, 26.41, 26.53, 26.58, 26.51, 26.72, 26.76, 26.72, 26.7, 26.71, 26.73], [27.0, 27.0, 27.0, 26.67, 26.72, 26.84, 26.76, 26.64, 26.19, 26.2, 26.59, 26.45, 26.5, 26.47, 26.72, 26.77, 26.74, 26.73, 26.73, 26.74], [27.0, 27.0, 27.0, 27.0, 27.0, 27.0, 27.0, 27.0, 26.75, 26.23, 26.1, 26.4, 26.44, 26.44, 26.72, 26.78, 26.76, 26.75, 26.75, 26.75], [27.0, 27.0, 27.0, 27.0, 27.0, 27.0, 27.0, 27.0, 27.0, -999.0, 26.1, 26.9, 26.9, 26.42, 26.71, 26.79, 26.78, 26.09, 26.1, 26.1], [27.0, 27.0, 27.0, 27.0, 27.0, 27.0, 27.0, 27.0, 27.0, 27.0, -999.0, 26.9, 26.9, 26.12, 26.46, 26.27, 26.28, 26.17, 26.18, 26.19], [27.0, 27.0, 27.0, 27.0, 27.0, 27.0, 27.0, 27.0, 27.0, 27.0, -999.0, 25.7, 25.7, 25.7, 26.36, 26.2, 26.21, 26.1, 26.12, 26.14], [27.0, 27.0, 27.0, 27.0, 27.0, 27.0, 27.0, 26.7, 26.7, 26.7, 26.7, 26.32, 25.7, 25.7, 25.7, 26.11, 26.14, 26.04, 26.07, 26.09], [27.0, 27.0, 26.81, 26.81, 26.8, 26.7, 26.7, 26.7, 26.7, 26.7, 26.07, 26.14, 26.05, 25.96, 26.06, 26.03, 26.08, 25.99, 26.18, 26.21], [26.81, 26.81, 26.89, 26.89, 26.7, 26.7, 26.7, 26.7, 26.7, 26.7, 26.27, 26.15, 26.02, 25.9, 25.92, 25.95, 26.04, 26.11, 26.16, 26.2], [26.89, 26.89, 26.88, 26.88, 26.7, 26.7, 26.7, 26.7, 26.7, 26.45, 26.31, 26.16, 26.01, 25.93, 25.73, 25.92, 26.05, 26.13, 26.19, 26.22], [26.89, 26.88, 26.88, 26.7, 26.7, 26.7, 26.7, 26.7, 26.61, 26.51, 26.43, 26.31, 26.14, 26.0, 25.91, 26.0, 26.1, 26.18, 26.22, 26.25], [26.88, 26.88, 26.76, 26.75, 26.75, 26.75, 26.74, 26.72, 26.62, 26.55, 26.45, 26.35, 26.2, 26.12, 26.07, 26.12, 26.19, 26.24, 26.27, 26.29], [26.76, 26.76, 26.76, 26.74, 26.74, 26.74, 26.73, 26.73, 26.57, 26.53, 26.47, 26.39, 26.26, 26.18, 26.2, 26.24, 26.29, 26.32, 26.33, 26.33], [26.75, 26.75, 26.75, 26.74, 26.74, 26.74, 26.74, 26.75, 26.56, 26.54, 26.5, 26.44, 26.35, 26.26, 26.3, 26.34, 26.38, 26.39, 26.38, 26.37], [26.75, 26.75, 26.75, 26.76, 26.76, 26.76, 26.76, 26.76, 26.77, 26.77, 26.77, 26.72, 26.64, 26.32, 26.36, 26.42, 26.47, 26.46, 26.43, 26.4], [26.76, 26.76, 26.76, 26.77, 26.77, 26.77, 26.77, 26.77, 26.78, 26.78, 26.78, 26.75, 26.65, 26.62, 26.6, 26.46, 26.55, 26.5, 26.46, 26.42], [26.77, 26.77, 26.77, 26.77, 26.77, 26.77, 26.78, 26.78, 26.79, 26.79, 26.79, 26.76, 26.74, 26.63, 26.6, 26.58, 26.49, 26.49, 26.46, 26.43], [26.77, 26.77, 26.77, 26.77, 26.77, 26.78, 26.78, 26.78, 26.79, 26.79, 26.78, 26.76, 26.75, 26.63, 26.61, 26.59, 26.57, 26.56, 26.45, 26.43], [26.77, 26.77, 26.77, 26.77, 26.77, 26.78, 26.78, 26.78, 26.79, 26.79, 26.77, 26.76, 26.75, 26.64, 26.62, 26.6, 26.59, 26.58, 26.58, 26.59], [26.77, 26.77, 26.77, 26.77, 26.78, 26.78, 26.78, 26.78, 26.79, 26.78, 26.78, 26.76, 26.74, 26.71, 26.63, 26.61, 26.6, 26.59, 26.59, 26.59], [26.77, 26.77, 26.77, 26.78, 26.78, 26.78, 26.78, 26.79, 26.79, 26.79, 26.79, 26.76, 26.74, 26.72, 26.64, 26.63, 26.61, 26.61, 26.6, 26.6], [26.77, 26.77, 26.77, 26.78, 26.78, 26.78, 26.78, 26.79, 26.76, 26.77, 26.78, 26.76, 26.74, 26.72, 26.65, 26.64, 26.62, 26.62, 26.61, 26.61], [26.77, 26.77, 26.78, 26.78, 26.78, 26.78, 26.78, 26.78, 26.76, 26.76, 26.76, 26.75, 26.74, 26.73, 26.66, 26.64, 26.63, 26.62, 26.62, 26.61], [26.77, 26.77, 26.78, 26.78, 26.78, 26.78, 26.78, 26.75, 26.75, 26.75, 26.75, 26.75, 26.74, 26.72, 26.66, 26.65, 26.64, 26.63, 26.62, 26.62]]}]