gis_exercise/awsData/contour/wdir_2023090708.json
[{"header": {"refTime": "2023-09-07T08:00:00.000Z", "nx": 21, "ny": 33, "lo1": 113.509, "la1": 22.2235, "lo2": 113.5947, "la2": 22.1034, "dx": 0.0042850000000001385, "dy": 0.003753125000000024, "parameterCategory": 2, "parameterCategoryName": "Temperature", "parameterNumber": 2}, "data": [0.86, 0.85, 0.83, 0.65, 0.62, 0.29, 0.27, 0.24, 0.21, -0.01, -0.05, -0.1, -0.31, -0.33, -0.44, -0.45, -0.56, -0.56, -0.56, -0.55, 0.88, 0.86, 0.84, 0.81, 0.63, 0.59, 0.28, 0.23, 0.2, 0.01, -0.06, -0.12, -0.34, -0.36, -0.46, -0.57, -0.56, -0.56, -0.56, -0.56, 0.89, 0.88, 0.86, 0.83, 0.65, 0.61, 0.53, 0.24, 0.17, 0.03, -0.07, -0.17, -0.39, -0.41, -0.58, -0.57, -0.56, -0.56, -0.56, -0.56, 0.91, 0.9, 0.89, 0.87, 0.84, 0.65, 0.59, 0.49, 0.4, 0.01, -0.11, -0.26, -0.49, -0.4, -0.59, -0.57, -0.56, -0.56, -0.56, -0.56, 0.93, 0.92, 0.92, 0.91, 0.89, 0.72, 0.69, 0.66, 0.62, -0.01, -0.12, -0.42, -0.62, -0.44, -0.58, -0.57, -0.56, -0.56, -0.56, -0.56, 0.95, 0.95, 0.95, 0.95, 0.95, 0.95, 0.81, 0.83, 0.81, 0.75, -0.14, -0.31, -0.48, -0.24, -0.56, -0.56, -0.56, -0.57, -0.56, -0.56, 1.32, 0.97, 0.98, 0.99, 1.0, 1.03, 1.15, 1.02, 1.02, 0.7, 0.51, -0.14, -0.09, -0.05, -0.54, -0.55, -0.57, -0.58, -0.35, -0.28, 1.32, 1.31, 1.31, 1.35, 1.35, 1.13, 1.17, 1.27, 1.3, 0.71, 0.49, 0.2, 0.19, 0.14, 0.13, -0.05, -0.3, -0.39, -0.25, -0.16, 1.31, 1.31, 1.3, 1.29, 1.32, 1.33, 1.37, 1.19, 1.26, 0.71, 0.46, 0.46, 0.69, 0.58, 0.23, 0.04, -0.12, -0.2, -0.17, -0.12, 1.33, 1.32, 1.31, 1.27, 1.25, 1.26, 1.33, 1.4, 1.25, 1.16, 0.52, 0.64, 0.84, 0.66, 0.29, 0.13, 0.0, -0.07, -0.08, -0.07, 1.33, 1.32, 1.31, 1.29, 1.24, 1.11, 1.28, 1.38, 1.45, 1.26, 1.11, 0.61, 0.66, 0.63, 0.29, 0.17, 0.08, 0.02, -0.01, -0.02, 1.33, 1.33, 1.32, 1.3, 1.28, 1.27, 1.34, 1.45, 1.49, 1.46, 1.17, 0.9, 0.86, 0.59, 0.28, 0.19, 0.12, 0.68, 0.65, 0.64, 1.34, 1.33, 1.33, 1.33, 1.33, 1.35, 1.39, 1.45, 1.48, 1.44, 1.42, 0.94, 0.89, 1.0, 1.03, 0.93, 0.87, 0.82, 0.78, 0.75, 1.34, 1.34, 1.34, 1.35, 1.36, 1.38, 1.41, 1.42, 1.43, 1.43, 1.43, 1.58, 1.59, 1.61, 1.15, 1.06, 1.01, 0.95, 0.9, 0.86, 1.35, 1.35, 1.35, 1.36, 1.37, 1.38, 1.4, 1.31, 1.28, 1.26, 1.23, 1.44, 1.65, 1.67, 1.69, 1.22, 1.15, 1.08, 1.01, 0.95, 1.35, 1.35, 1.08, 1.09, 1.1, 1.23, 1.23, 1.2, 1.18, 1.17, 1.35, 1.43, 1.52, 1.54, 1.59, 1.73, 1.69, 1.66, 1.16, 1.1, 1.06, 1.06, 1.06, 1.06, 1.17, 1.16, 1.12, 1.08, 1.05, 1.06, 1.29, 1.41, 1.56, 1.7, 1.76, 1.75, 1.66, 1.6, 1.54, 1.51, 1.04, 1.04, 1.03, 1.02, 1.12, 1.08, 1.01, 0.92, 0.88, 1.03, 1.19, 1.39, 1.57, 1.75, 1.97, 1.78, 1.66, 1.58, 1.52, 1.49, 1.03, 1.02, 1.01, 1.11, 1.08, 1.02, 0.94, 0.79, 0.68, 0.93, 1.16, 1.34, 1.5, 1.67, 1.8, 1.71, 1.61, 1.53, 1.49, 1.46, 1.02, 1.01, 1.1, 1.08, 1.05, 1.0, 0.93, 0.82, 0.81, 0.98, 1.16, 1.32, 1.44, 1.55, 1.64, 1.59, 1.52, 1.47, 1.44, 1.42, 1.13, 1.12, 1.11, 1.09, 1.06, 1.03, 0.98, 0.93, 1.01, 1.09, 1.21, 1.32, 1.39, 1.54, 1.52, 1.48, 1.43, 1.4, 1.38, 1.38, 1.13, 1.12, 1.11, 1.1, 1.09, 1.07, 1.05, 0.98, 1.15, 1.2, 1.26, 1.33, 1.64, 1.46, 1.43, 1.39, 1.36, 1.33, 1.33, 1.34, 1.14, 1.13, 1.13, 1.04, 1.04, 1.04, 1.06, 1.08, 1.11, 1.13, 1.13, 1.2, 1.29, 1.4, 1.36, 1.33, 1.3, 1.28, 1.28, 1.3, 1.05, 1.05, 1.05, 1.06, 1.07, 1.09, 1.12, 1.16, 1.22, 1.24, 1.21, 1.36, 1.29, 1.26, 1.23, 1.28, 1.31, 1.19, 1.22, 1.26, 1.06, 1.06, 1.07, 1.08, 1.1, 1.12, 1.16, 1.22, 1.31, 1.39, 1.28, 1.36, 1.34, 1.26, 1.23, 1.2, 1.16, 1.09, 1.2, 1.25, 1.07, 1.07, 1.08, 1.1, 1.11, 1.14, 1.17, 1.23, 1.31, 1.38, 1.38, 1.34, 1.33, 1.26, 1.23, 1.13, 1.11, 1.1, 1.21, 1.25, 1.08, 1.08, 1.09, 1.1, 1.12, 1.14, 1.17, 1.21, 1.24, 1.25, 1.31, 1.3, 1.3, 1.12, 1.13, 1.13, 1.12, 1.11, 1.12, 1.12, 1.08, 1.09, 1.1, 1.11, 1.12, 1.14, 1.16, 1.18, 1.18, 1.25, 1.23, 1.18, 1.17, 1.15, 1.12, 1.12, 1.12, 1.12, 1.12, 1.12, 1.09, 1.09, 1.1, 1.11, 1.12, 1.14, 1.15, 1.15, 1.15, 1.18, 1.11, 1.14, 1.15, 1.15, 1.12, 1.12, 1.12, 1.12, 1.12, 1.12, 1.09, 1.09, 1.1, 1.11, 1.12, 1.13, 1.14, 1.14, 1.17, 1.14, 1.12, 1.14, 1.15, 1.15, 1.12, 1.12, 1.12, 1.12, 1.12, 1.12, 1.09, 1.1, 1.1, 1.11, 1.12, 1.12, 1.13, 1.13, 1.17, 1.15, 1.14, 1.14, 1.15, 1.15, 1.12, 1.12, 1.12, 1.12, 1.12, 1.12, 1.09, 1.1, 1.1, 1.11, 1.11, 1.12, 1.12, 1.18, 1.17, 1.16, 1.15, 1.15, 1.15, 1.15, 1.12, 1.12, 1.12, 1.12, 1.12, 1.12]}, {"header": {"refTime": "2023-09-07T08:00:00.000Z", "nx": 21, "ny": 33, "lo1": 113.509, "la1": 22.2235, "lo2": 113.5947, "la2": 22.1034, "dx": 0.0042850000000001385, "dy": 0.003753125000000024, "parameterCategory": 2, "parameterCategoryName": "Temperature", "parameterNumber": 3}, "data": [-0.21, -0.2, -0.19, -0.16, -0.14, -0.32, -0.28, -0.25, -0.24, -0.12, -0.17, -0.22, -0.04, -0.04, -0.48, -0.5, -0.28, -0.28, -0.28, -0.28, -0.21, -0.21, -0.2, -0.19, -0.15, -0.12, -0.26, -0.19, -0.14, -0.08, -0.17, -0.24, -0.07, -0.08, -0.51, -0.29, -0.29, -0.29, -0.29, -0.29, -0.21, -0.21, -0.21, -0.2, -0.16, -0.13, -0.09, -0.14, 0.06, -0.05, -0.18, -0.29, -0.14, -0.13, -0.31, -0.3, -0.3, -0.31, -0.31, -0.31, -0.22, -0.22, -0.22, -0.21, -0.21, -0.16, -0.13, -0.07, -0.01, -0.09, -0.23, -0.37, -0.27, -0.22, -0.32, -0.31, -0.32, -0.33, -0.33, -0.32, -0.22, -0.22, -0.23, -0.23, -0.23, -0.2, -0.19, -0.17, -0.14, -0.15, -0.27, -0.28, -0.56, -0.27, -0.31, -0.32, -0.35, -0.37, -0.36, -0.35, -0.23, -0.23, -0.23, -0.24, -0.25, -0.27, -0.26, -0.27, -0.25, -0.2, 0.02, -0.12, -0.31, -0.14, -0.26, -0.32, -0.4, -0.44, -0.41, -0.37, 0.05, -0.23, -0.24, -0.25, -0.27, -0.3, -0.37, -0.4, -0.4, -0.04, 0.14, 0.2, 0.19, 0.11, -0.18, -0.31, -0.49, -0.55, -0.58, -0.55, 0.07, 0.06, 0.04, -0.53, -0.53, -0.3, -0.37, -0.51, -0.58, -0.06, 0.11, 0.59, 0.65, 0.27, 0.16, -0.07, -0.35, -0.45, -0.3, -0.2, 0.09, 0.08, 0.07, 0.04, -0.47, -0.49, -0.56, -0.41, -0.6, -0.04, 0.34, 0.44, 0.37, 0.4, 0.17, 0.0, -0.17, -0.24, -0.21, -0.16, 0.04, 0.03, 0.03, 0.08, 0.05, -0.36, -0.48, -0.62, -0.63, -0.55, 0.36, 0.35, 0.28, 0.36, 0.17, 0.06, -0.05, -0.11, -0.12, -0.1, 0.05, 0.05, 0.05, 0.04, 0.01, -0.04, -0.07, -0.23, -0.75, -0.67, -0.28, 0.35, 0.35, 0.36, 0.17, 0.1, 0.02, -0.03, -0.05, -0.05, 0.06, 0.07, 0.08, 0.08, 0.08, 0.06, -0.0, -0.4, -0.62, -0.31, -0.38, 0.0, 0.08, 0.37, 0.17, 0.11, 0.06, -0.23, -0.25, -0.25, 0.08, 0.09, 0.1, 0.13, 0.18, 0.28, 0.36, -0.15, -0.46, -0.29, -0.14, -0.08, 0.01, 0.35, 0.34, -0.15, -0.17, -0.19, -0.21, -0.22, 0.09, 0.1, 0.13, 0.17, 0.25, 0.43, 0.86, 0.23, -0.09, -0.15, -0.09, -0.35, -0.28, -0.23, 0.31, -0.12, -0.14, -0.16, -0.18, -0.19, 0.1, 0.11, 0.14, 0.18, 0.25, 0.35, 0.4, 0.35, 0.18, 0.12, 0.11, -0.2, -0.26, -0.21, -0.18, -0.1, -0.12, -0.14, -0.15, -0.17, 0.1, 0.12, 0.58, 0.61, 0.64, 0.4, 0.4, 0.34, 0.27, 0.22, -0.14, -0.12, -0.1, 0.16, 0.15, 0.07, 0.08, 0.08, -0.12, -0.13, 0.56, 0.57, 0.59, 0.61, 0.36, 0.37, 0.37, 0.36, 0.33, 0.3, -0.03, -0.05, -0.04, -0.03, 0.11, 0.1, 0.13, 0.15, 0.16, 0.17, 0.57, 0.58, 0.59, 0.6, 0.35, 0.37, 0.38, 0.41, 0.41, 0.56, 0.51, 0.01, -0.01, 0.12, 0.05, 0.1, 0.13, 0.15, 0.17, 0.18, 0.57, 0.58, 0.59, 0.34, 0.35, 0.37, 0.4, 0.46, 0.56, 0.55, 0.27, 0.2, 0.2, 0.14, 0.09, 0.12, 0.15, 0.17, 0.18, 0.19, 0.57, 0.58, 0.54, 0.54, 0.53, 0.53, 0.52, 0.53, 0.43, 0.34, 0.26, 0.2, 0.22, 0.17, 0.14, 0.15, 0.17, 0.18, 0.19, 0.2, 0.52, 0.52, 0.51, 0.5, 0.49, 0.48, 0.48, 0.47, 0.31, 0.27, 0.22, 0.18, 0.23, 0.16, 0.17, 0.18, 0.19, 0.2, 0.21, 0.21, 0.5, 0.49, 0.48, 0.47, 0.45, 0.44, 0.42, 0.08, 0.21, 0.19, 0.16, 0.14, 0.01, 0.19, 0.19, 0.2, 0.21, 0.22, 0.22, 0.22, 0.48, 0.46, 0.45, -0.03, -0.02, -0.01, -0.01, -0.01, -0.03, -0.05, -0.06, 0.13, 0.11, 0.2, 0.21, 0.22, 0.22, 0.23, 0.24, 0.24, -0.07, -0.07, -0.06, -0.06, -0.06, -0.07, -0.07, -0.09, -0.11, -0.12, -0.13, -0.22, 0.1, 0.15, 0.19, 0.23, 0.2, 0.27, 0.26, 0.25, -0.09, -0.09, -0.09, -0.1, -0.1, -0.11, -0.12, -0.14, -0.15, -0.16, -0.17, -0.24, -0.23, 0.14, 0.19, 0.22, 0.28, 0.32, 0.27, 0.25, -0.11, -0.11, -0.12, -0.13, -0.14, -0.15, -0.17, -0.18, -0.19, -0.18, -0.26, -0.28, -0.26, 0.14, 0.18, 0.13, 0.19, 0.21, 0.27, 0.25, -0.12, -0.13, -0.14, -0.15, -0.17, -0.19, -0.21, -0.23, -0.25, -0.27, -0.35, -0.34, -0.31, -0.08, 0.01, 0.08, 0.12, 0.15, 0.14, 0.13, -0.14, -0.15, -0.16, -0.18, -0.19, -0.22, -0.25, -0.28, -0.33, -0.44, -0.47, -0.39, -0.31, -0.23, -0.05, 0.02, 0.07, 0.09, 0.1, 0.1, -0.15, -0.16, -0.18, -0.19, -0.22, -0.24, -0.28, -0.33, -0.4, -0.55, -0.63, -0.48, -0.36, -0.27, -0.1, -0.03, 0.02, 0.05, 0.06, 0.07, -0.17, -0.18, -0.19, -0.21, -0.23, -0.26, -0.3, -0.35, -0.44, -0.53, -0.58, -0.48, -0.38, -0.29, -0.13, -0.07, -0.02, 0.01, 0.03, 0.04, -0.17, -0.19, -0.2, -0.22, -0.24, -0.27, -0.31, -0.35, -0.42, -0.46, -0.47, -0.43, -0.36, -0.3, -0.15, -0.1, -0.05, -0.02, 0.0, 0.01, -0.18, -0.19, -0.21, -0.23, -0.25, -0.27, -0.3, -0.36, -0.39, -0.41, -0.41, -0.38, -0.34, -0.29, -0.16, -0.11, -0.07, -0.04, -0.02, -0.01]}, {"header": {"refTime": "2023-09-07T08:00:00.000Z", "nx": 21, "ny": 33, "lo1": 113.509, "la1": 22.2235, "lo2": 113.5947, "la2": 22.1034, "dx": 0.0042850000000001385, "dy": 0.003753125000000024, "parameterCategory": 0, "parameterCategoryName": "Temperature", "parameterNumber": 0}, "data": [[28.2, 28.19, 28.19, 28.01, 28.02, 28.19, 28.2, 28.2, 28.21, 28.2, 28.21, 28.22, 28.37, 28.38, 28.35, 28.35, 28.4, 28.4, 28.39, 28.39], [28.2, 28.19, 28.19, 28.19, 28.02, 28.03, 28.19, 28.2, 28.21, 28.2, 28.21, 28.23, 28.38, 28.39, 28.36, 28.41, 28.4, 28.39, 28.39, 28.39], [28.2, 28.2, 28.19, 28.19, 28.01, 28.03, 28.05, 28.2, 28.2, 28.2, 28.22, 28.24, 28.39, 28.4, 28.42, 28.41, 28.4, 28.39, 28.39, 28.38], [28.2, 28.2, 28.19, 28.19, 28.18, 28.01, 28.03, 28.07, 28.1, 28.19, 28.22, 28.27, 28.42, 28.34, 28.42, 28.4, 28.39, 28.38, 28.38, 28.38], [28.21, 28.2, 28.2, 28.19, 28.18, 27.99, 28.0, 28.01, 28.02, 28.17, 28.21, 28.34, 28.44, 28.36, 28.42, 28.4, 28.38, 28.37, 28.37, 28.37], [28.21, 28.21, 28.21, 28.2, 28.18, 28.16, 27.97, 27.97, 27.96, 27.94, 28.2, 28.3, 28.38, 28.47, 28.41, 28.39, 28.36, 28.35, 28.36, 28.36], [28.23, 28.22, 28.22, 28.21, 28.2, 28.17, 28.03, 27.93, 27.92, 27.95, 27.97, 28.23, 28.44, 28.45, 28.4, 28.37, 28.34, 28.33, 28.34, 28.35], [28.24, 28.25, 28.25, 28.24, 28.23, 28.1, 28.05, 27.97, 27.92, 27.93, 27.88, 28.22, 28.22, 28.45, 28.34, 28.35, 28.33, 28.32, 28.33, 28.34], [28.16, 28.17, 28.27, 28.28, 28.28, 28.26, 28.19, 28.02, 27.87, 27.96, 28.03, 28.12, 28.16, 28.1, 28.34, 28.35, 28.34, 28.33, 28.34, 28.34], [28.5, 28.5, 28.5, 28.22, 28.26, 28.36, 28.29, 28.19, 27.84, 27.85, 28.16, 28.06, 28.1, 28.08, 28.34, 28.36, 28.35, 28.34, 28.34, 28.35], [28.5, 28.5, 28.5, 28.5, 28.5, 28.5, 28.5, 28.5, 28.29, 27.87, 27.8, 28.03, 28.06, 28.06, 28.34, 28.36, 28.35, 28.35, 28.35, 28.35], [28.5, 28.5, 28.5, 28.5, 28.5, 28.5, 28.5, 28.5, 28.5, -999.0, 27.8, 28.4, 28.4, 28.04, 28.34, 28.36, 28.36, 27.73, 27.75, 27.75], [28.5, 28.5, 28.5, 28.5, 28.5, 28.5, 28.5, 28.5, 28.5, 28.5, -999.0, 28.4, 28.4, 27.68, 28.0, 27.94, 27.94, 27.82, 27.84, 27.85], [28.5, 28.5, 28.5, 28.5, 28.5, 28.5, 28.5, 28.5, 28.5, 28.5, -999.0, 27.3, 27.3, 27.3, 27.9, 27.85, 27.87, 27.74, 27.77, 27.79], [28.5, 28.5, 28.5, 28.5, 28.5, 28.5, 28.5, 28.3, 28.3, 28.3, 28.3, 27.92, 27.3, 27.3, 27.3, 27.76, 27.79, 27.67, 27.71, 27.74], [28.5, 28.5, 28.37, 28.37, 28.37, 28.3, 28.3, 28.3, 28.3, 28.3, 27.67, 27.74, 27.65, 27.56, 27.66, 27.59, 27.64, 27.56, 27.78, 27.81], [28.37, 28.37, 28.43, 28.43, 28.3, 28.3, 28.3, 28.3, 28.3, 28.3, 27.87, 27.75, 27.62, 27.5, 27.51, 27.49, 27.56, 27.62, 27.66, 27.68], [28.43, 28.43, 28.42, 28.42, 28.3, 28.3, 28.3, 28.3, 28.3, 28.05, 27.91, 27.76, 27.61, 27.52, 27.33, 27.47, 27.57, 27.63, 27.67, 27.7], [28.42, 28.42, 28.42, 28.3, 28.3, 28.3, 28.3, 28.3, 28.21, 28.11, 27.99, 27.87, 27.72, 27.59, 27.46, 27.53, 27.61, 27.67, 27.7, 27.72], [28.42, 28.42, 28.24, 28.25, 28.25, 28.25, 28.26, 28.28, 28.19, 28.11, 28.01, 27.9, 27.78, 27.7, 27.59, 27.63, 27.68, 27.72, 27.74, 27.75], [28.24, 28.24, 28.24, 28.26, 28.26, 28.26, 28.27, 28.27, 28.12, 28.08, 28.01, 27.93, 27.83, 27.67, 27.69, 27.72, 27.76, 27.78, 27.79, 27.78], [28.25, 28.25, 28.25, 28.26, 28.26, 28.26, 28.26, 28.27, 28.09, 28.06, 28.02, 27.97, 27.85, 27.73, 27.76, 27.8, 27.84, 27.84, 27.83, 27.81], [28.25, 28.25, 28.25, 28.26, 28.26, 28.26, 28.26, 28.26, 28.25, 28.25, 28.25, 28.2, 28.05, 27.78, 27.82, 27.87, 27.92, 27.9, 27.86, 27.84], [28.26, 28.26, 28.26, 28.26, 28.26, 28.26, 28.25, 28.25, 28.24, 28.24, 28.24, 28.2, 28.05, 28.03, 28.01, 27.9, 28.01, 27.91, 27.87, 27.85], [28.26, 28.26, 28.26, 28.26, 28.26, 28.26, 28.25, 28.24, 28.23, 28.22, 28.23, 28.21, 28.2, 28.03, 28.0, 27.98, 27.89, 27.86, 27.86, 27.85], [28.26, 28.26, 28.26, 28.26, 28.26, 28.26, 28.25, 28.24, 28.23, 28.22, 28.21, 28.21, 28.21, 28.03, 28.0, 28.0, 27.97, 27.95, 27.86, 27.84], [28.26, 28.26, 28.26, 28.26, 28.26, 28.26, 28.25, 28.25, 28.25, 28.24, 28.23, 28.22, 28.22, 28.07, 28.04, 28.02, 27.99, 27.98, 27.99, 27.99], [28.26, 28.26, 28.26, 28.26, 28.26, 28.26, 28.26, 28.26, 28.26, 28.25, 28.25, 28.2, 28.16, 28.12, 28.06, 28.04, 28.02, 28.01, 28.0, 28.01], [28.26, 28.26, 28.26, 28.26, 28.26, 28.26, 28.26, 28.26, 28.27, 28.27, 28.27, 28.22, 28.18, 28.14, 28.08, 28.05, 28.04, 28.02, 28.02, 28.02], [28.26, 28.26, 28.26, 28.26, 28.26, 28.26, 28.26, 28.27, 28.21, 28.24, 28.26, 28.22, 28.18, 28.15, 28.09, 28.07, 28.05, 28.04, 28.03, 28.03], [28.26, 28.26, 28.26, 28.26, 28.26, 28.26, 28.27, 28.27, 28.2, 28.22, 28.22, 28.2, 28.18, 28.15, 28.1, 28.08, 28.06, 28.05, 28.04, 28.04], [28.26, 28.26, 28.26, 28.26, 28.27, 28.27, 28.27, 28.19, 28.19, 28.2, 28.2, 28.19, 28.17, 28.15, 28.1, 28.08, 28.07, 28.06, 28.05, 28.05]]}]