gis_exercise/awsData/contour/wdir_2023091212.json
[{"header": {"refTime": "2023-09-12T12:00:00.000Z", "nx": 21, "ny": 33, "lo1": 113.509, "la1": 22.2235, "lo2": 113.5947, "la2": 22.1034, "dx": 0.0042850000000001385, "dy": 0.003753125000000024, "parameterCategory": 2, "parameterCategoryName": "Temperature", "parameterNumber": 2}, "data": [-2.16, -2.16, -2.16, -2.26, -2.24, -2.58, -2.52, -2.47, -2.46, -2.28, -2.37, -2.45, -2.75, -2.79, -3.29, -3.36, -3.68, -3.71, -3.73, -3.74, -2.16, -2.16, -2.17, -2.17, -2.25, -2.22, -2.48, -2.37, -2.3, -2.22, -2.36, -2.49, -2.8, -2.85, -3.33, -3.66, -3.7, -3.73, -3.75, -3.77, -2.16, -2.17, -2.17, -2.17, -2.27, -2.23, -2.17, -2.28, -1.97, -2.17, -2.39, -2.57, -2.89, -2.93, -3.61, -3.67, -3.73, -3.77, -3.79, -3.8, -2.16, -2.17, -2.17, -2.18, -2.19, -2.27, -2.22, -2.14, -2.06, -2.24, -2.47, -2.72, -3.05, -3.03, -3.61, -3.7, -3.77, -3.83, -3.85, -3.84, -2.15, -2.16, -2.17, -2.19, -2.21, -2.33, -2.31, -2.28, -2.24, -2.34, -2.54, -3.05, -3.3, -3.08, -3.61, -3.74, -3.85, -3.92, -3.92, -3.9, -2.15, -2.15, -2.16, -2.19, -2.22, -2.28, -2.42, -2.44, -2.41, -2.32, -2.71, -2.93, -3.12, -3.52, -3.62, -3.8, -3.98, -4.06, -4.02, -3.95, -3.19, -2.14, -2.15, -2.17, -2.21, -2.29, -2.43, -2.63, -2.62, -2.53, -2.4, -2.71, -3.45, -3.53, -3.62, -3.86, -4.17, -4.28, -4.35, -4.31, -3.18, -3.14, -3.08, -3.1, -3.09, -2.25, -2.41, -2.7, -3.01, -2.48, -2.12, -2.93, -3.11, -3.6, -3.96, -4.11, -4.3, -4.36, -4.26, -4.2, -3.18, -3.13, -3.05, -2.96, -2.94, -2.97, -3.15, -2.49, -3.3, -2.57, -2.85, -3.26, -3.75, -3.52, -3.99, -4.09, -4.19, -4.23, -4.21, -4.18, -3.93, -3.85, -3.72, -2.9, -2.66, -2.59, -3.0, -3.46, -3.71, -3.51, -3.13, -3.49, -3.92, -3.61, -4.02, -4.07, -4.12, -4.15, -4.16, -4.14, -3.96, -3.88, -3.75, -3.52, -3.03, -1.61, -3.42, -4.37, -4.17, -4.03, -4.18, -3.41, -3.55, -3.51, -4.03, -4.05, -4.08, -4.11, -4.12, -4.11, -4.01, -3.95, -3.86, -3.72, -3.48, -3.37, -4.09, -4.95, -5.29, -5.52, -4.42, -4.48, -4.38, -3.41, -4.02, -4.04, -4.06, -4.02, -4.01, -4.01, -4.07, -4.04, -4.01, -3.99, -4.05, -4.35, -4.83, -5.07, -5.23, -4.97, -5.41, -4.57, -4.46, -3.5, -3.46, -3.9, -3.9, -3.91, -3.92, -3.93, -4.14, -4.14, -4.15, -4.21, -4.38, -4.75, -5.34, -5.03, -4.98, -4.89, -5.43, -4.5, -4.32, -4.18, -3.34, -3.75, -3.77, -3.79, -3.82, -3.85, -4.2, -4.22, -4.26, -4.34, -4.5, -4.73, -4.91, -4.85, -4.7, -4.56, -4.44, -3.41, -4.13, -3.97, -3.87, -3.57, -3.61, -3.67, -3.72, -3.77, -4.25, -4.28, -3.07, -3.17, -3.3, -4.51, -4.48, -4.35, -4.22, -4.14, -3.22, -3.17, -3.09, -2.76, -2.78, -3.14, -3.2, -3.25, -3.3, -3.34, -2.93, -2.96, -3.0, -3.05, -4.21, -4.12, -3.95, -3.73, -3.59, -3.62, -2.92, -2.96, -2.94, -2.88, -2.57, -2.57, -2.53, -2.5, -2.48, -2.46, -2.9, -2.91, -2.92, -2.92, -3.95, -3.75, -3.43, -2.99, -2.76, -2.44, -2.63, -2.8, -2.84, -2.55, -2.65, -2.58, -2.53, -2.5, -2.47, -2.46, -2.86, -2.85, -2.84, -3.91, -3.75, -3.48, -3.05, -2.34, -1.59, -2.15, -2.18, -2.37, -2.4, -2.53, -2.59, -2.56, -2.52, -2.49, -2.46, -2.44, -2.82, -2.8, -3.42, -3.32, -3.19, -2.98, -2.68, -2.24, -1.73, -2.0, -2.25, -2.41, -2.39, -2.5, -2.53, -2.52, -2.49, -2.47, -2.45, -2.43, -3.48, -3.44, -3.38, -3.29, -3.18, -3.02, -2.82, -2.62, -2.13, -2.25, -2.4, -2.51, -2.4, -2.5, -2.5, -2.49, -2.48, -2.45, -2.43, -2.41, -3.46, -3.42, -3.36, -3.3, -3.21, -3.11, -3.01, -2.29, -2.48, -2.54, -2.61, -2.64, -3.24, -2.47, -2.48, -2.48, -2.48, -2.45, -2.4, -2.38, -3.45, -3.41, -3.37, -2.37, -2.39, -2.42, -2.47, -2.54, -2.63, -2.69, -2.67, -2.96, -2.92, -2.45, -2.46, -2.5, -2.56, -2.45, -2.36, -2.35, -2.37, -2.38, -2.4, -2.42, -2.46, -2.52, -2.62, -2.76, -2.95, -3.03, -2.91, -3.2, -2.95, -2.79, -2.66, -2.47, -2.81, -2.29, -2.26, -2.3, -2.39, -2.41, -2.43, -2.46, -2.51, -2.59, -2.71, -2.91, -3.24, -3.52, -3.12, -3.19, -3.09, -2.79, -2.64, -2.5, -2.17, -1.93, -2.18, -2.26, -2.4, -2.42, -2.45, -2.48, -2.54, -2.61, -2.73, -2.91, -3.21, -3.45, -3.28, -3.09, -3.01, -2.8, -2.64, -2.18, -2.11, -2.06, -2.2, -2.26, -2.41, -2.43, -2.46, -2.49, -2.53, -2.59, -2.67, -2.78, -2.88, -2.89, -2.97, -2.89, -2.89, -2.1, -2.13, -2.14, -2.12, -2.11, -2.12, -2.13, -2.42, -2.43, -2.46, -2.48, -2.52, -2.55, -2.59, -2.61, -2.58, -2.66, -2.54, -2.35, -2.33, -2.28, -2.1, -2.12, -2.12, -2.12, -2.12, -2.13, -2.42, -2.43, -2.45, -2.47, -2.49, -2.5, -2.51, -2.48, -2.38, -2.3, -1.95, -2.17, -2.25, -2.25, -2.08, -2.1, -2.11, -2.12, -2.12, -2.13, -2.42, -2.43, -2.44, -2.45, -2.46, -2.46, -2.45, -2.4, -2.3, -2.13, -2.01, -2.14, -2.22, -2.23, -2.06, -2.09, -2.1, -2.11, -2.12, -2.12, -2.41, -2.42, -2.43, -2.44, -2.44, -2.43, -2.41, -2.37, -2.3, -2.21, -2.16, -2.18, -2.22, -2.23, -2.05, -2.08, -2.09, -2.1, -2.11, -2.12, -2.41, -2.41, -2.42, -2.42, -2.42, -2.41, -2.39, -2.36, -2.31, -2.26, -2.23, -2.23, -2.23, -2.23, -2.05, -2.07, -2.09, -2.1, -2.11, -2.11]}, {"header": {"refTime": "2023-09-12T12:00:00.000Z", "nx": 21, "ny": 33, "lo1": 113.509, "la1": 22.2235, "lo2": 113.5947, "la2": 22.1034, "dx": 0.0042850000000001385, "dy": 0.003753125000000024, "parameterCategory": 2, "parameterCategoryName": "Temperature", "parameterNumber": 3}, "data": [0.59, 0.59, 0.59, 0.75, 0.73, 0.91, 0.87, 0.83, 0.83, 0.82, 0.9, 0.99, 1.11, 1.15, 1.39, 1.42, 1.66, 1.66, 1.67, 1.67, 0.59, 0.59, 0.59, 0.59, 0.74, 0.7, 0.83, 0.75, 0.7, 0.75, 0.9, 1.02, 1.16, 1.2, 1.43, 1.66, 1.66, 1.67, 1.67, 1.68, 0.6, 0.6, 0.6, 0.6, 0.75, 0.72, 0.66, 0.68, 0.45, 0.7, 0.92, 1.09, 1.24, 1.27, 1.65, 1.66, 1.67, 1.68, 1.69, 1.69, 0.6, 0.6, 0.6, 0.6, 0.61, 0.75, 0.7, 0.63, 0.56, 0.79, 1.01, 1.21, 1.38, 1.46, 1.66, 1.67, 1.69, 1.7, 1.7, 1.7, 0.59, 0.6, 0.6, 0.61, 0.62, 0.79, 0.78, 0.75, 0.73, 0.92, 1.09, 1.48, 1.65, 1.49, 1.66, 1.68, 1.71, 1.72, 1.72, 1.71, 0.59, 0.6, 0.6, 0.61, 0.64, 0.67, 0.86, 0.87, 0.87, 0.86, 1.27, 1.39, 1.52, 1.62, 1.64, 1.69, 1.74, 1.77, 1.75, 1.73, 0.65, 0.59, 0.59, 0.61, 0.63, 0.68, 0.89, 0.98, 0.99, 1.05, 1.02, 1.23, 1.52, 1.56, 1.62, 1.7, 1.8, 1.84, 1.88, 1.87, 0.64, 0.63, 0.63, 0.8, 0.81, 0.77, 0.86, 1.02, 1.18, 1.04, 0.95, 1.21, 1.27, 1.54, 1.63, 1.71, 1.8, 1.84, 1.79, 1.75, 0.62, 0.61, 0.6, 0.59, 0.74, 0.76, 0.86, 0.91, 1.14, 1.07, 1.2, 1.35, 1.53, 1.44, 1.64, 1.69, 1.75, 1.77, 1.76, 1.74, 0.62, 0.6, 0.58, 0.55, 0.5, 0.6, 0.74, 0.9, 1.14, 1.11, 1.3, 1.44, 1.6, 1.48, 1.65, 1.68, 1.71, 1.73, 1.73, 1.72, 0.62, 0.6, 0.58, 0.55, 0.48, 0.26, 0.56, 0.77, 1.0, 1.14, 1.36, 1.41, 1.46, 1.44, 1.65, 1.67, 1.69, 1.7, 1.71, 1.71, 0.62, 0.61, 0.59, 0.57, 0.53, 0.52, 0.65, 0.91, 1.03, 1.22, 1.35, 1.46, 1.49, 1.4, 1.65, 1.66, 1.68, 1.48, 1.48, 1.48, 0.63, 0.62, 0.61, 0.6, 0.6, 0.62, 0.67, 0.86, 0.97, 0.88, 1.24, 1.44, 1.46, 1.22, 1.19, 1.38, 1.39, 1.4, 1.41, 1.41, 0.64, 0.63, 0.63, 0.63, 0.63, 0.64, 0.62, 0.74, 0.83, 0.83, 1.2, 1.2, 1.17, 1.13, 1.08, 1.26, 1.28, 1.3, 1.33, 1.35, 0.64, 0.64, 0.64, 0.64, 0.65, 0.66, 0.68, 1.14, 1.26, 1.34, 1.39, 1.3, 1.06, 1.01, 0.98, 1.12, 1.16, 1.21, 1.25, 1.28, 0.65, 0.65, 0.99, 0.99, 1.0, 1.26, 1.28, 1.35, 1.42, 1.47, 1.43, 1.31, 1.16, 1.14, 1.06, 0.99, 1.07, 1.15, 1.24, 1.3, 1.05, 1.05, 1.07, 1.09, 1.39, 1.43, 1.49, 1.59, 1.65, 1.65, 1.5, 1.32, 1.1, 0.88, 0.84, 0.7, 0.8, 0.87, 0.93, 0.96, 1.09, 1.11, 1.14, 1.19, 1.5, 1.57, 1.7, 1.86, 1.95, 1.68, 1.45, 1.34, 1.08, 0.86, 0.48, 0.67, 0.81, 0.9, 0.95, 0.99, 1.14, 1.17, 1.21, 1.52, 1.58, 1.68, 1.84, 2.1, 2.28, 1.86, 1.46, 1.19, 1.27, 1.0, 0.65, 0.75, 0.87, 0.95, 1.0, 1.02, 1.17, 1.21, 1.23, 1.28, 1.36, 1.47, 1.65, 1.9, 2.03, 1.72, 1.42, 1.18, 1.39, 1.23, 0.84, 0.9, 0.97, 1.03, 1.05, 1.06, 1.17, 1.19, 1.22, 1.26, 1.32, 1.4, 1.51, 1.63, 1.62, 1.48, 1.29, 1.13, 1.5, 0.95, 0.99, 1.04, 1.09, 1.12, 1.12, 1.1, 1.16, 1.17, 1.2, 1.22, 1.26, 1.3, 1.34, 1.41, 1.3, 1.22, 1.13, 1.05, 0.86, 1.05, 1.1, 1.17, 1.22, 1.22, 1.18, 1.14, 1.14, 1.15, 1.16, 1.25, 1.25, 1.24, 1.21, 1.16, 1.09, 1.04, 1.04, 1.35, 0.93, 1.11, 1.18, 1.29, 1.39, 1.31, 1.21, 1.16, 1.21, 1.21, 1.2, 1.18, 1.16, 1.12, 1.06, 0.96, 0.83, 0.76, 0.83, 0.82, 0.9, 1.04, 1.17, 1.32, 1.67, 1.26, 1.18, 1.16, 1.18, 1.17, 1.15, 1.13, 1.09, 1.04, 0.95, 0.81, 0.6, 0.43, 0.66, 0.78, 0.95, 1.01, 1.13, 1.21, 1.17, 1.0, 1.13, 1.14, 1.15, 1.14, 1.12, 1.09, 1.04, 0.98, 0.9, 0.77, 0.59, 0.44, 0.6, 0.78, 0.93, 0.98, 1.07, 1.23, 1.19, 1.15, 1.12, 1.13, 1.13, 1.11, 1.09, 1.06, 1.01, 0.96, 0.89, 0.8, 0.72, 0.69, 0.72, 0.82, 0.92, 1.17, 1.2, 1.21, 1.19, 1.18, 1.19, 1.2, 1.11, 1.09, 1.07, 1.04, 1.0, 0.95, 0.9, 0.85, 0.82, 0.78, 0.82, 0.66, 0.63, 0.62, 1.17, 1.19, 1.19, 1.19, 1.19, 1.2, 1.1, 1.08, 1.05, 1.03, 0.99, 0.96, 0.92, 0.89, 0.87, 0.85, 0.84, 0.73, 0.67, 0.64, 1.15, 1.17, 1.18, 1.19, 1.19, 1.19, 1.09, 1.07, 1.05, 1.02, 0.99, 0.96, 0.93, 0.91, 0.68, 0.76, 0.8, 0.74, 0.69, 0.65, 1.14, 1.16, 1.17, 1.18, 1.19, 1.19, 1.08, 1.06, 1.04, 1.02, 1.0, 0.97, 0.95, 0.93, 0.68, 0.72, 0.73, 0.71, 0.68, 0.66, 1.13, 1.15, 1.16, 1.17, 1.18, 1.19, 1.08, 1.06, 1.04, 1.02, 1.0, 0.98, 0.96, 0.64, 0.67, 0.69, 0.69, 0.69, 0.67, 0.65, 1.13, 1.15, 1.16, 1.17, 1.18, 1.18]}, {"header": {"refTime": "2023-09-12T12:00:00.000Z", "nx": 21, "ny": 33, "lo1": 113.509, "la1": 22.2235, "lo2": 113.5947, "la2": 22.1034, "dx": 0.0042850000000001385, "dy": 0.003753125000000024, "parameterCategory": 0, "parameterCategoryName": "Temperature", "parameterNumber": 0}, "data": [[28.09, 28.09, 28.09, 28.01, 28.01, 28.16, 28.16, 28.17, 28.18, 28.3, 28.34, 28.37, 28.71, 28.75, 28.27, 28.25, 28.6, 28.57, 28.55, 28.54], [28.1, 28.09, 28.09, 28.08, 28.01, 28.02, 28.15, 28.15, 28.15, 28.27, 28.33, 28.39, 28.73, 28.77, 28.29, 28.62, 28.58, 28.54, 28.52, 28.51], [28.1, 28.09, 28.09, 28.08, 28.0, 28.01, 28.03, 28.13, 28.11, 28.24, 28.35, 28.43, 28.76, 28.8, 28.67, 28.61, 28.55, 28.5, 28.48, 28.47], [28.1, 28.1, 28.09, 28.08, 28.07, 28.0, 28.01, 28.04, 28.06, 28.28, 28.38, 28.49, 28.8, 28.84, 28.67, 28.58, 28.5, 28.44, 28.42, 28.42], [28.11, 28.11, 28.1, 28.09, 28.07, 27.99, 27.99, 28.0, 28.01, 28.33, 28.42, 28.82, 28.82, 28.85, 28.67, 28.54, 28.41, 28.34, 28.34, 28.37], [28.12, 28.12, 28.11, 28.1, 28.08, 28.05, 27.96, 27.95, 27.97, 28.0, 28.76, 28.83, 28.85, 29.03, 28.66, 28.47, 28.27, 28.19, 28.24, 28.31], [28.14, 28.13, 28.13, 28.12, 28.1, 28.06, 28.03, 27.89, 27.9, 28.28, 28.43, 28.88, 29.2, 29.16, 28.66, 28.4, 28.07, 27.94, 27.9, 27.97], [28.16, 28.16, 28.16, 28.16, 28.14, 28.12, 28.04, 27.91, 27.86, 28.25, 28.31, 29.1, 29.11, 29.15, 28.37, 28.57, 28.17, 28.03, 28.25, 28.4], [28.04, 28.05, 28.2, 28.21, 28.21, 28.18, 28.08, 28.0, 27.86, 28.3, 28.7, 28.89, 28.98, 28.86, 28.42, 28.64, 28.41, 28.31, 28.37, 28.45], [28.5, 28.5, 28.5, 28.13, 28.18, 28.32, 28.22, 28.08, 27.98, 27.96, 28.99, 28.77, 28.84, 28.81, 28.42, 28.71, 28.57, 28.49, 28.49, 28.52], [28.5, 28.5, 28.5, 28.5, 28.5, 28.5, 28.5, 28.5, 28.22, 27.87, 28.2, 28.7, 28.75, 28.76, 28.4, 28.77, 28.67, 28.6, 28.59, 28.6], [28.5, 28.5, 28.5, 28.5, 28.5, 28.5, 28.5, 28.5, 28.5, -999.0, 28.2, 29.5, 29.5, 28.72, 28.38, 28.83, 28.77, 27.7, 27.7, 27.7], [28.5, 28.5, 28.5, 28.5, 28.5, 28.5, 28.5, 28.5, 28.5, 28.5, -999.0, 29.5, 29.5, 28.32, 28.84, 27.7, 27.7, 27.7, 27.7, 27.7], [28.5, 28.5, 28.5, 28.5, 28.5, 28.5, 28.5, 28.5, 28.5, 28.5, -999.0, 27.7, 27.7, 27.7, 28.69, 27.7, 27.7, 27.7, 27.7, 27.7], [28.5, 28.5, 28.5, 28.5, 28.5, 28.5, 28.5, 29.1, 29.1, 29.1, 29.1, 28.56, 27.7, 27.7, 27.7, 27.7, 27.7, 27.7, 27.7, 27.7], [28.5, 28.5, 28.88, 28.88, 28.9, 29.1, 29.1, 29.1, 29.1, 29.1, 28.22, 28.32, 28.18, 28.07, 28.2, 27.77, 27.78, 27.76, 27.75, 27.76], [28.89, 28.89, 28.71, 28.72, 29.1, 29.1, 29.1, 29.1, 29.1, 29.1, 28.5, 28.32, 28.14, 27.97, 27.89, 28.03, 28.14, 28.24, 28.31, 28.35], [28.71, 28.72, 28.73, 28.75, 29.1, 29.1, 29.1, 29.1, 29.1, 28.74, 28.56, 28.35, 28.13, 27.9, 27.73, 27.99, 28.15, 28.26, 28.33, 28.38], [28.73, 28.74, 28.75, 29.1, 29.1, 29.1, 29.1, 29.1, 28.97, 28.83, 28.75, 28.58, 28.12, 27.96, 27.96, 28.08, 28.22, 28.31, 28.38, 28.42], [28.73, 28.74, 29.27, 29.26, 29.25, 29.24, 29.21, 29.15, 29.0, 28.91, 28.79, 28.64, 28.16, 28.05, 28.17, 28.23, 28.32, 28.39, 28.44, 28.47], [29.28, 29.28, 29.27, 29.22, 29.22, 29.21, 29.2, 29.19, 28.95, 28.9, 28.82, 28.71, 28.19, 28.3, 28.32, 28.37, 28.42, 28.47, 28.51, 28.53], [29.24, 29.24, 29.24, 29.23, 29.23, 29.23, 29.23, 29.33, 28.96, 28.93, 28.87, 28.79, 28.32, 28.4, 28.43, 28.46, 28.5, 28.55, 28.58, 28.59], [29.25, 29.25, 29.25, 29.39, 29.38, 29.38, 29.37, 29.37, 29.38, 29.38, 29.39, 28.92, 29.02, 28.48, 28.51, 28.52, 28.5, 28.6, 28.67, 28.66], [29.41, 29.41, 29.41, 29.4, 29.4, 29.4, 29.4, 29.4, 29.41, 29.41, 29.42, 29.13, 29.04, 28.96, 28.88, 28.58, 28.29, 28.81, 28.8, 28.73], [29.42, 29.42, 29.42, 29.42, 29.42, 29.42, 29.43, 29.43, 29.42, 29.42, 29.44, 29.19, 29.06, 28.99, 28.93, 28.89, 28.93, 29.18, 28.89, 28.77], [29.43, 29.43, 29.43, 29.44, 29.44, 29.45, 29.45, 29.45, 29.44, 29.43, 29.32, 29.24, 29.12, 29.01, 28.97, 29.03, 29.08, 29.12, 28.86, 28.78], [29.44, 29.44, 29.45, 29.45, 29.46, 29.47, 29.48, 29.48, 29.49, 29.5, 29.37, 29.31, 29.2, 29.19, 29.13, 29.09, 29.09, 29.1, 29.09, 29.08], [29.45, 29.45, 29.46, 29.46, 29.47, 29.49, 29.5, 29.52, 29.55, 29.47, 29.49, 29.68, 29.68, 29.68, 29.18, 29.14, 29.12, 29.11, 29.1, 29.09], [29.45, 29.46, 29.47, 29.48, 29.49, 29.5, 29.52, 29.55, 29.6, 29.58, 29.77, 29.72, 29.7, 29.69, 29.23, 29.18, 29.15, 29.13, 29.12, 29.11], [29.46, 29.47, 29.48, 29.48, 29.5, 29.51, 29.53, 29.57, 29.69, 29.73, 29.75, 29.72, 29.7, 29.69, 29.26, 29.21, 29.17, 29.15, 29.14, 29.13], [29.47, 29.47, 29.48, 29.49, 29.5, 29.52, 29.54, 29.57, 29.69, 29.71, 29.72, 29.71, 29.7, 29.7, 29.28, 29.23, 29.19, 29.17, 29.15, 29.14], [29.47, 29.48, 29.49, 29.5, 29.51, 29.52, 29.54, 29.68, 29.69, 29.7, 29.7, 29.7, 29.7, 29.69, 29.28, 29.24, 29.21, 29.19, 29.17, 29.15]]}]