gis_exercise/awsData/contour/wdir_2023090618.json
[{"header": {"refTime": "2023-09-06T18:00:00.000Z", "nx": 21, "ny": 33, "lo1": 113.509, "la1": 22.2235, "lo2": 113.5947, "la2": 22.1034, "dx": 0.0042850000000001385, "dy": 0.003753125000000024, "parameterCategory": 2, "parameterCategoryName": "Temperature", "parameterNumber": 2}, "data": [-1.82, -1.82, -1.83, -1.99, -1.98, -2.28, -2.26, -2.24, -2.24, -2.2, -2.27, -2.34, -2.51, -2.55, -2.96, -3.01, -3.17, -3.19, -3.2, -3.2, -1.81, -1.82, -1.83, -1.84, -1.98, -1.97, -2.23, -2.17, -2.14, -2.15, -2.27, -2.37, -2.56, -2.59, -2.99, -3.16, -3.18, -3.2, -3.22, -3.22, -1.81, -1.81, -1.82, -1.84, -1.99, -1.98, -1.96, -2.12, -1.94, -2.11, -2.29, -2.44, -2.64, -2.66, -3.14, -3.17, -3.21, -3.23, -3.24, -3.25, -1.8, -1.81, -1.82, -1.83, -1.85, -1.99, -1.98, -1.95, -1.93, -2.17, -2.35, -2.55, -2.77, -2.73, -3.14, -3.19, -3.24, -3.27, -3.28, -3.28, -1.79, -1.79, -1.8, -1.82, -1.84, -2.01, -2.0, -1.99, -1.98, -2.24, -2.4, -2.76, -3.0, -2.78, -3.14, -3.21, -3.29, -3.33, -3.34, -3.32, -1.77, -1.78, -1.79, -1.8, -1.83, -1.86, -2.04, -2.04, -2.03, -2.0, -2.44, -2.63, -2.82, -3.04, -3.13, -3.25, -3.38, -3.44, -3.4, -3.35, -2.28, -1.76, -1.76, -1.77, -1.8, -1.85, -1.91, -2.1, -2.1, -2.09, -2.06, -2.41, -2.91, -2.99, -3.11, -3.29, -3.52, -3.6, -3.65, -3.62, -2.28, -2.25, -2.22, -2.32, -2.31, -1.79, -1.89, -2.05, -2.24, -2.07, -1.93, -2.45, -2.57, -2.99, -3.23, -3.38, -3.56, -3.62, -3.53, -3.46, -2.28, -2.25, -2.2, -2.14, -2.22, -2.23, -2.34, -1.94, -2.51, -2.11, -2.43, -2.7, -3.04, -2.87, -3.25, -3.34, -3.45, -3.49, -3.47, -3.44, -2.83, -2.78, -2.69, -2.11, -1.97, -1.99, -2.26, -2.56, -2.82, -2.71, -2.62, -2.86, -3.16, -2.94, -3.26, -3.32, -3.38, -3.41, -3.42, -3.4, -2.85, -2.8, -2.71, -2.56, -2.25, -1.33, -2.52, -3.17, -3.07, -3.05, -3.29, -2.81, -2.9, -2.87, -3.27, -3.3, -3.34, -3.37, -3.38, -3.37, -2.88, -2.84, -2.78, -2.69, -2.53, -2.46, -2.94, -3.57, -3.83, -4.01, -3.43, -3.46, -3.4, -2.8, -3.27, -3.29, -3.31, -3.3, -3.3, -3.3, -2.92, -2.9, -2.87, -2.86, -2.89, -3.07, -3.37, -3.61, -3.76, -3.56, -3.94, -3.51, -3.45, -2.84, -2.81, -3.2, -3.2, -3.21, -3.22, -3.23, -2.96, -2.96, -2.96, -3.0, -3.09, -3.3, -3.62, -3.52, -3.54, -3.49, -3.93, -3.46, -3.35, -3.26, -2.73, -3.08, -3.1, -3.12, -3.14, -3.17, -3.0, -3.01, -3.03, -3.08, -3.17, -3.3, -3.42, -3.4, -3.33, -3.25, -3.18, -2.64, -3.22, -3.12, -3.05, -2.94, -2.98, -3.02, -3.07, -3.1, -3.03, -3.05, -2.2, -2.26, -2.34, -3.17, -3.15, -3.08, -3.01, -2.97, -2.5, -2.48, -2.45, -2.28, -2.3, -2.49, -2.51, -2.53, -2.6, -2.63, -2.12, -2.14, -2.16, -2.19, -2.99, -2.93, -2.82, -2.68, -2.6, -2.62, -2.29, -2.34, -2.35, -2.33, -2.1, -2.16, -2.12, -2.1, -2.08, -2.07, -2.1, -2.1, -2.11, -2.11, -2.82, -2.7, -2.49, -2.2, -2.06, -1.87, -2.02, -2.23, -2.29, -2.08, -2.23, -2.17, -2.12, -2.09, -2.07, -2.06, -2.07, -2.07, -2.06, -2.8, -2.69, -2.52, -2.24, -1.78, -1.3, -1.68, -1.71, -1.87, -1.91, -2.04, -2.18, -2.14, -2.1, -2.08, -2.06, -2.05, -2.05, -2.04, -2.37, -2.32, -2.24, -2.11, -1.93, -1.67, -1.38, -1.56, -1.74, -1.88, -1.88, -1.97, -2.12, -2.1, -2.07, -2.05, -2.04, -2.03, -2.41, -2.38, -2.35, -2.3, -2.22, -2.13, -2.01, -1.89, -1.64, -1.72, -1.83, -1.92, -1.86, -2.08, -2.07, -2.06, -2.04, -2.03, -2.02, -2.02, -2.4, -2.37, -2.34, -2.29, -2.24, -2.18, -2.11, -1.61, -1.84, -1.89, -1.94, -1.98, -2.31, -2.05, -2.04, -2.03, -2.02, -2.01, -2.0, -2.0, -2.39, -2.36, -2.34, -1.63, -1.65, -1.67, -1.7, -1.75, -1.8, -1.83, -1.81, -2.02, -2.18, -2.03, -2.02, -2.01, -2.01, -1.99, -1.98, -1.98, -1.62, -1.63, -1.64, -1.66, -1.68, -1.72, -1.78, -1.87, -1.98, -2.04, -1.96, -2.08, -2.19, -2.12, -2.06, -1.99, -2.03, -1.94, -1.95, -1.97, -1.63, -1.64, -1.65, -1.67, -1.7, -1.75, -1.83, -1.95, -2.16, -2.34, -2.07, -2.07, -2.0, -2.13, -2.06, -2.01, -1.92, -1.88, -1.93, -1.96, -1.63, -1.64, -1.66, -1.68, -1.71, -1.75, -1.82, -1.94, -2.13, -2.29, -2.14, -2.0, -1.94, -2.14, -2.07, -1.79, -1.82, -1.82, -1.94, -1.96, -1.63, -1.64, -1.66, -1.68, -1.7, -1.73, -1.78, -1.84, -1.9, -1.9, -1.91, -1.86, -1.85, -1.62, -1.69, -1.74, -1.77, -1.78, -1.78, -1.78, -1.63, -1.64, -1.65, -1.66, -1.68, -1.7, -1.71, -1.72, -1.68, -1.69, -1.6, -1.61, -1.67, -1.71, -1.64, -1.7, -1.73, -1.75, -1.75, -1.75, -1.63, -1.63, -1.64, -1.65, -1.66, -1.66, -1.65, -1.62, -1.53, -1.43, -1.22, -1.45, -1.59, -1.66, -1.6, -1.65, -1.69, -1.71, -1.73, -1.73, -1.62, -1.63, -1.63, -1.63, -1.63, -1.63, -1.61, -1.56, -1.55, -1.39, -1.29, -1.44, -1.56, -1.64, -1.57, -1.62, -1.66, -1.69, -1.7, -1.71, -1.62, -1.62, -1.62, -1.62, -1.62, -1.6, -1.58, -1.54, -1.57, -1.48, -1.45, -1.5, -1.57, -1.63, -1.55, -1.6, -1.64, -1.66, -1.68, -1.69, -1.61, -1.61, -1.61, -1.61, -1.6, -1.59, -1.57, -1.65, -1.6, -1.55, -1.54, -1.56, -1.6, -1.64, -1.54, -1.59, -1.62, -1.64, -1.66, -1.67]}, {"header": {"refTime": "2023-09-06T18:00:00.000Z", "nx": 21, "ny": 33, "lo1": 113.509, "la1": 22.2235, "lo2": 113.5947, "la2": 22.1034, "dx": 0.0042850000000001385, "dy": 0.003753125000000024, "parameterCategory": 2, "parameterCategoryName": "Temperature", "parameterNumber": 3}, "data": [0.63, 0.61, 0.57, 0.3, 0.27, 0.03, -0.0, -0.04, -0.06, -0.15, -0.14, -0.13, -0.05, -0.03, -0.98, -1.07, -0.84, -0.9, -0.94, -0.97, 0.65, 0.63, 0.59, 0.55, 0.27, 0.22, -0.01, -0.08, -0.12, -0.18, -0.15, -0.14, -0.05, -0.03, -0.99, -0.79, -0.88, -0.96, -1.0, -1.03, 0.67, 0.65, 0.62, 0.58, 0.29, 0.24, 0.16, -0.1, -0.25, -0.19, -0.15, -0.14, -0.07, -0.04, -0.69, -0.82, -0.95, -1.04, -1.09, -1.1, 0.7, 0.68, 0.66, 0.62, 0.57, 0.29, 0.22, 0.11, -0.0, -0.15, -0.13, -0.15, -0.1, 0.09, -0.68, -0.87, -1.05, -1.16, -1.2, -1.2, 0.73, 0.72, 0.71, 0.68, 0.64, 0.36, 0.33, 0.29, 0.27, -0.08, -0.08, 0.05, -0.16, 0.05, -0.69, -0.96, -1.21, -1.35, -1.36, -1.31, 0.77, 0.77, 0.76, 0.75, 0.73, 0.7, 0.46, 0.47, 0.47, 0.46, 0.29, 0.17, 0.01, 0.05, -0.71, -1.1, -1.5, -1.67, -1.57, -1.43, 1.1, 0.82, 0.82, 0.82, 0.82, 0.81, 0.99, 0.65, 0.67, 0.73, 0.68, 0.4, 0.26, 0.2, -0.72, -1.24, -1.91, -2.15, -1.87, -1.65, 1.1, 1.11, 1.12, 1.06, 1.06, 1.06, 1.02, 0.98, 0.95, 0.72, 0.57, 0.6, 0.6, 0.29, -0.54, -1.1, -1.8, -2.06, -1.68, -1.42, 1.1, 1.11, 1.13, 1.14, 1.1, 1.09, 1.04, 1.0, 0.78, 0.75, 0.48, 0.46, 0.33, 0.39, -0.45, -0.9, -1.34, -1.53, -1.45, -1.32, 0.95, 0.97, 0.99, 1.16, 1.2, 1.18, 1.08, 0.98, 0.68, 0.66, 0.44, 0.37, 0.26, 0.35, -0.41, -0.74, -1.03, -1.19, -1.22, -1.18, 0.94, 0.96, 0.99, 1.03, 1.13, 1.41, 1.04, 0.83, 0.82, 0.62, 0.32, 0.38, 0.36, 0.37, -0.41, -0.64, -0.84, -0.98, -1.04, -1.05, 0.94, 0.95, 0.97, 1.0, 1.04, 1.06, 0.91, 0.7, 0.61, 0.43, 0.33, 0.39, 0.38, 0.39, -0.43, -0.59, -0.74, -1.2, -1.25, -1.27, 0.92, 0.93, 0.94, 0.95, 0.94, 0.89, 0.8, 0.7, 0.64, 0.71, 0.41, 0.41, 0.4, 0.13, 0.11, -0.93, -1.02, -1.09, -1.14, -1.17, 0.91, 0.91, 0.91, 0.9, 0.88, 0.82, 0.75, 0.75, 0.73, 0.74, 0.43, 0.05, 0.0, -0.04, 0.04, -0.87, -0.94, -1.0, -1.05, -1.09, 0.9, 0.9, 0.89, 0.88, 0.86, 0.82, 0.79, 0.38, 0.3, 0.25, 0.21, -0.21, -0.05, -0.1, -0.13, -0.81, -0.86, -0.92, -0.98, -1.02, 0.89, 0.89, 0.57, 0.56, 0.54, 0.28, 0.27, 0.22, 0.17, 0.14, -0.24, -0.27, -0.3, -0.41, -0.41, -0.3, -0.27, -0.25, -0.93, -0.96, 0.53, 0.52, 0.5, 0.48, 0.18, 0.16, 0.11, 0.03, -0.01, -0.01, -0.32, -0.32, -0.35, -0.38, -0.46, -0.45, -0.44, -0.43, -0.43, -0.42, 0.49, 0.47, 0.44, 0.4, 0.1, 0.04, -0.05, -0.18, -0.25, -0.35, -0.32, -0.36, -0.38, -0.46, -0.47, -0.45, -0.44, -0.43, -0.42, -0.42, 0.45, 0.43, 0.39, 0.09, 0.04, -0.04, -0.17, -0.37, -0.59, -0.44, -0.55, -0.52, -0.46, -0.45, -0.45, -0.44, -0.43, -0.42, -0.42, -0.42, 0.42, 0.39, -0.12, -0.14, -0.18, -0.24, -0.32, -0.44, -0.61, -0.58, -0.54, -0.52, -0.45, -0.43, -0.43, -0.42, -0.41, -0.41, -0.41, -0.41, -0.11, -0.12, -0.14, -0.17, -0.2, -0.25, -0.3, -0.36, -0.56, -0.54, -0.52, -0.5, -0.43, -0.42, -0.41, -0.4, -0.4, -0.4, -0.4, -0.41, -0.12, -0.14, -0.16, -0.18, -0.21, -0.25, -0.28, -0.38, -0.51, -0.5, -0.49, -0.49, -0.3, -0.41, -0.39, -0.38, -0.37, -0.38, -0.4, -0.41, -0.14, -0.15, -0.17, -0.3, -0.3, -0.31, -0.32, -0.32, -0.32, -0.31, -0.29, -0.36, -0.35, -0.4, -0.38, -0.36, -0.32, -0.36, -0.4, -0.41, -0.26, -0.27, -0.27, -0.27, -0.28, -0.28, -0.28, -0.28, -0.28, -0.28, -0.26, -0.1, -0.35, -0.36, -0.35, -0.35, -0.22, -0.4, -0.42, -0.42, -0.25, -0.25, -0.25, -0.25, -0.25, -0.25, -0.25, -0.25, -0.27, -0.28, -0.24, -0.1, -0.07, -0.36, -0.37, -0.38, -0.45, -0.53, -0.45, -0.43, -0.24, -0.23, -0.23, -0.23, -0.22, -0.22, -0.21, -0.22, -0.24, -0.26, -0.13, -0.07, -0.05, -0.37, -0.38, -0.3, -0.36, -0.39, -0.45, -0.43, -0.22, -0.22, -0.21, -0.21, -0.2, -0.19, -0.18, -0.17, -0.16, -0.14, -0.04, -0.01, -0.01, -0.15, -0.21, -0.26, -0.31, -0.33, -0.32, -0.31, -0.21, -0.2, -0.2, -0.19, -0.18, -0.16, -0.14, -0.11, -0.07, 0.05, 0.09, -0.03, -0.1, -0.18, -0.17, -0.22, -0.26, -0.28, -0.29, -0.28, -0.2, -0.19, -0.18, -0.17, -0.16, -0.14, -0.11, -0.07, -0.0, 0.16, 0.21, 0.06, -0.05, -0.14, -0.14, -0.19, -0.22, -0.25, -0.26, -0.26, -0.19, -0.18, -0.17, -0.16, -0.14, -0.12, -0.09, -0.04, 0.02, 0.11, 0.16, 0.06, -0.04, -0.12, -0.11, -0.16, -0.19, -0.22, -0.23, -0.24, -0.18, -0.17, -0.16, -0.15, -0.13, -0.11, -0.08, -0.04, -0.0, 0.04, 0.05, 0.01, -0.05, -0.11, -0.1, -0.14, -0.17, -0.19, -0.21, -0.22, -0.18, -0.17, -0.16, -0.14, -0.13, -0.1, -0.08, -0.06, -0.03, -0.01, -0.01, -0.03, -0.07, -0.12, -0.09, -0.13, -0.16, -0.18, -0.19, -0.2]}, {"header": {"refTime": "2023-09-06T18:00:00.000Z", "nx": 21, "ny": 33, "lo1": 113.509, "la1": 22.2235, "lo2": 113.5947, "la2": 22.1034, "dx": 0.0042850000000001385, "dy": 0.003753125000000024, "parameterCategory": 0, "parameterCategoryName": "Temperature", "parameterNumber": 0}, "data": [[29.85, 29.84, 29.84, 29.55, 29.55, 29.86, 29.85, 29.85, 29.85, 29.76, 29.79, 29.81, 30.07, 30.09, 30.05, 30.04, 30.14, 30.13, 30.12, 30.12], [29.85, 29.85, 29.84, 29.83, 29.55, 29.57, 29.84, 29.82, 29.81, 29.75, 29.79, 29.84, 30.1, 30.12, 30.07, 30.16, 30.14, 30.12, 30.11, 30.11], [29.86, 29.85, 29.84, 29.83, 29.55, 29.56, 29.58, 29.8, 29.73, 29.74, 29.8, 29.87, 30.14, 30.15, 30.18, 30.15, 30.13, 30.11, 30.1, 30.1], [29.87, 29.86, 29.85, 29.84, 29.83, 29.56, 29.57, 29.6, 29.62, 29.74, 29.82, 29.94, 30.21, 30.07, 30.19, 30.15, 30.11, 30.09, 30.09, 30.08], [29.88, 29.87, 29.86, 29.85, 29.84, 29.55, 29.56, 29.56, 29.55, 29.72, 29.81, 30.09, 30.27, 30.12, 30.18, 30.13, 30.09, 30.07, 30.06, 30.07], [29.89, 29.88, 29.88, 29.87, 29.86, 29.84, 29.55, 29.54, 29.52, 29.47, 29.82, 30.0, 30.15, 30.3, 30.16, 30.1, 30.05, 30.02, 30.03, 30.05], [29.98, 29.9, 29.9, 29.89, 29.88, 29.86, 29.67, 29.56, 29.53, 29.5, 29.47, 29.85, 30.23, 30.25, 30.14, 30.07, 29.99, 29.96, 29.99, 30.02], [29.99, 29.99, 29.99, 29.99, 29.98, 29.75, 29.71, 29.66, 29.66, 29.46, 29.27, 29.79, 29.8, 30.25, 29.97, 30.0, 29.95, 29.94, 29.96, 29.98], [29.91, 29.92, 30.01, 30.02, 30.02, 30.0, 29.94, 29.69, 29.51, 29.53, 29.48, 29.63, 29.7, 29.61, 29.98, 30.0, 29.98, 29.97, 29.97, 29.98], [30.2, 30.2, 30.2, 29.97, 30.0, 30.09, 30.03, 29.94, 29.36, 29.39, 29.71, 29.54, 29.59, 29.57, 29.98, 30.01, 30.0, 29.99, 29.99, 29.99], [30.2, 30.2, 30.2, 30.2, 30.2, 30.2, 30.2, 30.2, 30.02, 29.49, 29.1, 29.48, 29.53, 29.53, 29.98, 30.02, 30.01, 30.0, 30.0, 30.0], [30.2, 30.2, 30.2, 30.2, 30.2, 30.2, 30.2, 30.2, 30.2, -999.0, 29.1, 30.1, 30.1, 29.5, 29.98, 30.03, 30.02, 29.22, 29.23, 29.24], [30.2, 30.2, 30.2, 30.2, 30.2, 30.2, 30.2, 30.2, 30.2, 30.2, -999.0, 30.1, 30.1, 29.19, 29.59, 29.46, 29.47, 29.32, 29.35, 29.36], [30.2, 30.2, 30.2, 30.2, 30.2, 30.2, 30.2, 30.2, 30.2, 30.2, -999.0, 28.7, 28.7, 28.7, 29.47, 29.36, 29.38, 29.23, 29.26, 29.29], [30.2, 30.2, 30.2, 30.2, 30.2, 30.2, 30.2, 30.3, 30.3, 30.3, 30.3, 29.69, 28.7, 28.7, 28.7, 29.25, 29.29, 29.15, 29.19, 29.23], [30.2, 30.2, 30.26, 30.26, 30.27, 30.3, 30.3, 30.3, 30.3, 30.3, 29.29, 29.41, 29.25, 29.12, 29.27, 29.07, 29.12, 29.02, 29.28, 29.33], [30.26, 30.26, 30.24, 30.24, 30.3, 30.3, 30.3, 30.3, 30.3, 30.3, 29.61, 29.41, 29.2, 29.01, 29.0, 28.86, 28.91, 28.95, 28.98, 29.0], [30.24, 30.24, 30.24, 30.24, 30.3, 30.3, 30.3, 30.3, 30.3, 29.89, 29.68, 29.44, 29.19, 29.02, 28.74, 28.84, 28.92, 28.97, 29.0, 29.02], [30.24, 30.24, 30.24, 30.3, 30.3, 30.3, 30.3, 30.3, 30.16, 29.99, 29.76, 29.56, 29.32, 29.12, 28.83, 28.89, 28.95, 29.0, 29.02, 29.03], [30.24, 30.24, 30.07, 30.08, 30.1, 30.12, 30.15, 30.23, 30.11, 29.96, 29.78, 29.61, 29.4, 29.27, 28.94, 28.97, 29.01, 29.04, 29.05, 29.06], [30.06, 30.06, 30.07, 30.13, 30.14, 30.15, 30.17, 30.19, 29.96, 29.88, 29.77, 29.65, 29.47, 29.0, 29.02, 29.05, 29.08, 29.09, 29.09, 29.08], [30.11, 30.12, 30.12, 30.12, 30.12, 30.13, 30.13, 30.14, 29.88, 29.83, 29.76, 29.68, 29.41, 29.05, 29.09, 29.13, 29.16, 29.15, 29.12, 29.1], [30.11, 30.11, 30.11, 30.13, 30.13, 30.12, 30.12, 30.1, 30.09, 30.08, 30.08, 29.97, 29.48, 29.09, 29.13, 29.2, 29.27, 29.21, 29.14, 29.11], [30.13, 30.13, 30.12, 30.12, 30.11, 30.11, 30.09, 30.07, 30.04, 30.03, 30.05, 29.93, 29.49, 29.42, 29.37, 29.22, 29.46, 29.16, 29.11, 29.1], [30.13, 30.12, 30.12, 30.11, 30.11, 30.09, 30.08, 30.05, 30.0, 29.96, 30.02, 29.94, 29.92, 29.42, 29.36, 29.29, 29.1, 28.97, 29.07, 29.09], [30.12, 30.12, 30.12, 30.11, 30.1, 30.09, 30.07, 30.05, 30.0, 29.96, 29.95, 29.96, 29.95, 29.42, 29.35, 29.33, 29.24, 29.2, 29.07, 29.08], [30.12, 30.12, 30.11, 30.11, 30.1, 30.09, 30.08, 30.06, 30.05, 30.05, 29.99, 29.99, 29.97, 29.56, 29.46, 29.38, 29.32, 29.29, 29.29, 29.32], [30.12, 30.12, 30.11, 30.11, 30.1, 30.1, 30.09, 30.09, 30.09, 30.05, 30.06, 29.89, 29.79, 29.67, 29.52, 29.44, 29.38, 29.35, 29.35, 29.35], [30.12, 30.12, 30.11, 30.11, 30.11, 30.1, 30.1, 30.11, 30.12, 30.1, 30.12, 29.96, 29.83, 29.72, 29.57, 29.49, 29.44, 29.41, 29.39, 29.39], [30.12, 30.12, 30.12, 30.11, 30.11, 30.11, 30.11, 30.12, 29.94, 30.02, 30.07, 29.96, 29.85, 29.74, 29.6, 29.53, 29.48, 29.45, 29.43, 29.42], [30.12, 30.12, 30.12, 30.12, 30.11, 30.11, 30.12, 30.12, 29.91, 29.95, 29.96, 29.91, 29.83, 29.75, 29.62, 29.56, 29.52, 29.48, 29.46, 29.45], [30.12, 30.12, 30.12, 30.12, 30.12, 30.12, 30.12, 29.86, 29.88, 29.89, 29.89, 29.86, 29.8, 29.74, 29.63, 29.58, 29.54, 29.51, 29.49, 29.47]]}]