gis_exercise/awsData/contour/wdir_2023090316.json
[{"header": {"refTime": "2023-09-03T16:00:00.000Z", "nx": 21, "ny": 33, "lo1": 113.509, "la1": 22.2235, "lo2": 113.5947, "la2": 22.1034, "dx": 0.0042850000000001385, "dy": 0.003753125000000024, "parameterCategory": 2, "parameterCategoryName": "Temperature", "parameterNumber": 2}, "data": [-1.34, -1.31, -1.27, -0.98, -0.94, -1.11, -1.03, -0.96, -0.94, -0.8, -0.91, -1.01, -1.36, -1.42, -1.42, -1.45, -1.98, -1.98, -1.98, -1.98, -1.36, -1.33, -1.29, -1.24, -0.95, -0.88, -0.98, -0.83, -0.74, -0.71, -0.9, -1.06, -1.41, -1.48, -1.46, -1.98, -1.98, -1.98, -1.98, -1.98, -1.38, -1.36, -1.33, -1.28, -0.98, -0.91, -0.8, -0.73, -0.33, -0.64, -0.93, -1.14, -1.51, -1.56, -1.99, -1.98, -1.98, -1.98, -1.97, -1.97, -1.41, -1.4, -1.37, -1.33, -1.28, -0.98, -0.88, -0.73, -0.58, -0.76, -1.04, -1.3, -1.66, -1.81, -1.99, -1.98, -1.97, -1.97, -1.97, -1.97, -1.45, -1.44, -1.42, -1.4, -1.37, -1.07, -1.04, -0.98, -0.94, -0.94, -1.16, -1.81, -1.91, -1.84, -1.99, -1.98, -1.97, -1.96, -1.96, -1.97, -1.48, -1.48, -1.48, -1.48, -1.47, -1.45, -1.21, -1.24, -1.22, -1.17, -1.64, -1.76, -1.86, -2.18, -1.99, -1.97, -1.96, -1.95, -1.95, -1.96, -2.71, -1.53, -1.54, -1.55, -1.56, -1.58, -1.81, -1.5, -1.52, -1.61, -1.51, -1.71, -2.23, -2.26, -1.99, -1.97, -1.94, -1.93, -2.06, -2.1, -2.72, -2.69, -2.66, -2.52, -2.5, -1.82, -1.84, -1.91, -2.0, -1.56, -1.23, -1.97, -2.12, -2.34, -2.3, -2.2, -2.07, -2.02, -2.09, -2.14, -2.74, -2.71, -2.67, -2.61, -2.47, -2.46, -2.48, -1.85, -2.15, -1.65, -1.79, -2.13, -2.43, -2.29, -2.35, -2.25, -2.16, -2.12, -2.14, -2.16, -3.25, -3.21, -3.14, -2.62, -2.51, -2.37, -2.51, -2.65, -2.42, -2.26, -2.0, -2.24, -2.5, -2.33, -2.38, -2.3, -2.23, -2.19, -2.18, -2.19, -3.27, -3.23, -3.16, -3.04, -2.79, -2.06, -2.97, -3.41, -3.04, -2.63, -2.66, -2.19, -2.28, -2.26, -2.39, -2.32, -2.27, -2.24, -2.22, -2.22, -3.3, -3.27, -3.23, -3.15, -3.04, -2.97, -3.32, -3.66, -3.77, -3.82, -2.84, -2.98, -2.91, -2.19, -2.38, -2.33, -2.29, -2.27, -2.25, -2.25, -3.33, -3.32, -3.31, -3.31, -3.35, -3.53, -3.8, -3.78, -3.78, -3.69, -3.75, -3.05, -2.97, -2.43, -2.41, -2.33, -2.3, -2.28, -2.27, -2.26, -3.37, -3.37, -3.39, -3.43, -3.54, -3.77, -4.19, -3.86, -3.75, -3.69, -3.79, -3.07, -2.96, -2.88, -2.37, -2.31, -2.29, -2.28, -2.27, -2.26, -3.4, -3.42, -3.45, -3.5, -3.6, -3.74, -3.85, -3.63, -3.47, -3.35, -3.27, -2.49, -2.87, -2.78, -2.73, -2.28, -2.28, -2.27, -2.27, -2.26, -3.43, -3.45, -2.71, -2.77, -2.84, -3.4, -3.37, -3.27, -3.15, -3.08, -2.37, -2.35, -2.32, -2.08, -2.1, -2.39, -2.42, -2.45, -2.23, -2.24, -2.61, -2.62, -2.64, -2.66, -3.17, -3.11, -2.99, -2.82, -2.71, -2.73, -2.19, -2.23, -2.24, -2.22, -2.09, -1.96, -1.89, -1.84, -1.8, -1.77, -2.57, -2.57, -2.57, -2.55, -2.98, -2.84, -2.62, -2.31, -2.15, -1.99, -2.13, -2.13, -2.18, -2.07, -2.13, -1.98, -1.89, -1.83, -1.78, -1.75, -2.53, -2.52, -2.5, -2.95, -2.83, -2.65, -2.35, -1.85, -1.36, -1.78, -1.8, -1.94, -1.97, -2.06, -2.0, -1.93, -1.86, -1.8, -1.76, -1.73, -2.49, -2.47, -2.75, -2.68, -2.58, -2.42, -2.19, -1.85, -1.46, -1.67, -1.86, -1.98, -1.97, -2.05, -1.89, -1.86, -1.81, -1.76, -1.73, -1.7, -2.8, -2.77, -2.72, -2.66, -2.57, -2.45, -2.3, -2.14, -1.77, -1.86, -1.97, -2.05, -1.99, -1.82, -1.81, -1.79, -1.76, -1.73, -1.69, -1.67, -2.78, -2.75, -2.71, -2.66, -2.6, -2.52, -2.44, -1.86, -2.04, -2.09, -2.13, -2.16, -2.65, -1.76, -1.76, -1.76, -1.75, -1.7, -1.65, -1.62, -2.78, -2.75, -2.72, -1.91, -1.93, -1.95, -2.0, -2.06, -2.13, -2.17, -2.15, -2.44, -2.13, -1.72, -1.73, -1.76, -1.84, -1.7, -1.58, -1.57, -1.9, -1.91, -1.93, -1.95, -1.98, -2.03, -2.11, -2.22, -2.37, -2.44, -2.34, -2.57, -2.16, -1.99, -1.87, -1.72, -2.17, -1.47, -1.45, -1.5, -1.91, -1.93, -1.95, -1.97, -2.02, -2.08, -2.17, -2.33, -2.6, -2.83, -2.5, -2.56, -2.49, -1.99, -1.84, -1.69, -1.31, -0.99, -1.33, -1.45, -1.92, -1.94, -1.96, -1.99, -2.03, -2.09, -2.18, -2.32, -2.57, -2.77, -2.63, -2.47, -2.41, -2.0, -1.83, -1.39, -1.28, -1.21, -1.36, -1.44, -1.93, -1.94, -1.96, -1.99, -2.02, -2.07, -2.13, -2.21, -2.29, -2.3, -2.35, -2.29, -2.3, -1.4, -1.4, -1.37, -1.32, -1.3, -1.31, -1.33, -1.93, -1.94, -1.96, -1.98, -2.0, -2.03, -2.05, -2.06, -2.03, -2.08, -1.98, -1.69, -1.63, -1.53, -1.38, -1.37, -1.35, -1.33, -1.33, -1.35, -1.93, -1.94, -1.95, -1.96, -1.97, -1.98, -1.98, -1.95, -1.85, -1.76, -1.42, -1.55, -1.57, -1.52, -1.37, -1.37, -1.36, -1.35, -1.35, -1.36, -1.92, -1.93, -1.94, -1.95, -1.95, -1.94, -1.93, -1.88, -1.67, -1.54, -1.46, -1.52, -1.54, -1.51, -1.37, -1.37, -1.37, -1.36, -1.36, -1.36, -1.92, -1.92, -1.93, -1.93, -1.93, -1.92, -1.89, -1.85, -1.65, -1.58, -1.54, -1.54, -1.54, -1.51, -1.37, -1.37, -1.37, -1.37, -1.37, -1.37, -1.91, -1.92, -1.92, -1.92, -1.91, -1.9, -1.88, -1.69, -1.65, -1.61, -1.58, -1.56, -1.54, -1.52, -1.37, -1.37, -1.37, -1.37, -1.37, -1.37]}, {"header": {"refTime": "2023-09-03T16:00:00.000Z", "nx": 21, "ny": 33, "lo1": 113.509, "la1": 22.2235, "lo2": 113.5947, "la2": 22.1034, "dx": 0.0042850000000001385, "dy": 0.003753125000000024, "parameterCategory": 2, "parameterCategoryName": "Temperature", "parameterNumber": 3}, "data": [1.0, 1.01, 1.02, 1.09, 1.09, 1.51, 1.48, 1.45, 1.45, 1.26, 1.31, 1.36, 1.96, 2.01, 2.33, 2.41, 2.93, 2.97, 2.99, 3.01, 1.0, 1.01, 1.02, 1.04, 1.09, 1.09, 1.45, 1.38, 1.35, 1.23, 1.31, 1.39, 2.0, 2.05, 2.37, 2.89, 2.95, 2.99, 3.02, 3.04, 0.99, 1.0, 1.01, 1.03, 1.1, 1.09, 1.09, 1.33, 1.15, 1.21, 1.33, 1.46, 2.06, 2.1, 2.82, 2.9, 2.98, 3.03, 3.06, 3.07, 0.98, 0.99, 1.0, 1.02, 1.05, 1.11, 1.1, 1.09, 1.08, 1.23, 1.37, 1.57, 2.14, 2.02, 2.81, 2.93, 3.02, 3.09, 3.11, 3.11, 0.96, 0.97, 0.99, 1.01, 1.04, 1.12, 1.12, 1.11, 1.09, 1.23, 1.38, 2.01, 2.17, 2.07, 2.81, 2.98, 3.11, 3.18, 3.19, 3.17, 0.95, 0.95, 0.96, 0.98, 1.02, 1.07, 1.16, 1.16, 1.12, 1.02, 1.71, 1.94, 2.1, 2.56, 2.86, 3.06, 3.24, 3.32, 3.28, 3.22, 1.66, 0.92, 0.93, 0.95, 0.98, 1.05, 0.99, 1.26, 1.23, 1.32, 1.27, 1.87, 2.68, 2.68, 2.93, 3.15, 3.43, 3.54, 3.41, 3.32, 1.65, 1.61, 1.57, 1.7, 1.69, 0.83, 0.97, 1.23, 1.59, 1.22, 0.81, 2.25, 2.52, 2.77, 3.19, 3.34, 3.52, 3.59, 3.49, 3.42, 1.65, 1.61, 1.54, 1.46, 1.55, 1.58, 1.73, 1.05, 1.8, 1.38, 1.77, 2.34, 2.69, 2.52, 3.17, 3.29, 3.4, 3.45, 3.43, 3.4, 2.41, 2.33, 2.21, 1.41, 1.21, 1.23, 1.61, 2.03, 2.22, 2.02, 2.07, 2.41, 2.71, 2.54, 3.16, 3.25, 3.32, 3.36, 3.37, 3.36, 2.43, 2.35, 2.24, 2.03, 1.6, 0.33, 1.97, 2.86, 2.73, 2.54, 2.71, 2.34, 2.46, 2.44, 3.16, 3.22, 3.27, 3.31, 3.32, 3.33, 2.47, 2.41, 2.33, 2.2, 1.99, 1.89, 2.55, 3.42, 3.77, 3.94, 2.94, 3.4, 3.32, 2.36, 3.17, 3.21, 3.24, 3.16, 3.17, 3.17, 2.52, 2.5, 2.46, 2.44, 2.48, 2.74, 3.15, 3.47, 3.68, 3.41, 3.82, 3.48, 3.39, 2.79, 2.77, 3.04, 3.06, 3.08, 3.1, 3.11, 2.58, 2.58, 2.59, 2.63, 2.77, 3.06, 3.51, 3.36, 3.38, 3.31, 3.82, 3.37, 3.25, 3.16, 2.72, 2.96, 2.98, 3.01, 3.03, 3.05, 2.63, 2.65, 2.68, 2.75, 2.87, 3.06, 3.22, 3.75, 3.77, 3.77, 3.75, 3.26, 3.16, 3.06, 3.0, 2.86, 2.9, 2.94, 2.97, 3.0, 2.68, 2.7, 2.36, 2.43, 2.53, 3.67, 3.66, 3.66, 3.65, 3.65, 3.25, 3.15, 3.03, 2.65, 2.62, 2.69, 2.74, 2.78, 2.99, 3.04, 2.33, 2.36, 2.41, 2.47, 3.62, 3.6, 3.57, 3.53, 3.51, 3.52, 3.15, 3.06, 2.92, 2.75, 2.56, 2.54, 2.6, 2.65, 2.68, 2.7, 2.36, 2.4, 2.44, 2.5, 3.57, 3.53, 3.46, 3.37, 3.32, 3.0, 2.94, 3.0, 2.86, 2.56, 2.4, 2.53, 2.61, 2.66, 2.69, 2.71, 2.39, 2.42, 2.47, 3.57, 3.53, 3.47, 3.38, 3.22, 2.99, 2.98, 2.75, 2.67, 2.72, 2.63, 2.51, 2.58, 2.65, 2.69, 2.72, 2.74, 2.41, 2.44, 3.11, 3.11, 3.09, 3.08, 3.05, 3.03, 2.89, 2.82, 2.75, 2.68, 2.77, 2.73, 2.63, 2.66, 2.71, 2.74, 2.75, 2.76, 3.1, 3.1, 3.09, 3.08, 3.06, 3.05, 3.03, 3.01, 2.81, 2.78, 2.73, 2.68, 2.83, 2.7, 2.72, 2.75, 2.78, 2.79, 2.79, 2.79, 3.08, 3.08, 3.06, 3.05, 3.03, 3.02, 3.0, 2.53, 2.75, 2.74, 2.71, 2.68, 2.77, 2.75, 2.78, 2.83, 2.86, 2.85, 2.83, 2.81, 3.07, 3.06, 3.04, 2.38, 2.4, 2.42, 2.44, 2.46, 2.46, 2.45, 2.42, 2.92, 2.83, 2.79, 2.83, 2.9, 2.96, 2.91, 2.85, 2.82, 2.31, 2.32, 2.33, 2.34, 2.35, 2.37, 2.38, 2.4, 2.43, 2.43, 2.39, 2.42, 2.82, 2.86, 2.9, 2.92, 3.13, 2.88, 2.83, 2.82, 2.29, 2.29, 2.3, 2.3, 2.31, 2.31, 2.33, 2.36, 2.44, 2.52, 2.38, 2.37, 2.41, 2.84, 2.87, 2.89, 2.82, 2.72, 2.8, 2.81, 2.26, 2.26, 2.26, 2.26, 2.26, 2.26, 2.26, 2.3, 2.38, 2.46, 2.33, 2.28, 2.32, 2.83, 2.85, 2.62, 2.67, 2.66, 2.79, 2.8, 2.24, 2.23, 2.23, 2.22, 2.21, 2.19, 2.18, 2.18, 2.18, 2.15, 2.11, 2.11, 2.19, 2.26, 2.41, 2.52, 2.58, 2.6, 2.6, 2.59, 2.22, 2.21, 2.19, 2.18, 2.16, 2.13, 2.1, 2.05, 1.96, 1.85, 1.77, 1.76, 1.86, 1.96, 2.31, 2.42, 2.49, 2.53, 2.54, 2.54, 2.2, 2.18, 2.17, 2.14, 2.12, 2.08, 2.02, 1.94, 1.79, 1.56, 1.28, 1.58, 1.77, 1.89, 2.22, 2.34, 2.41, 2.46, 2.49, 2.5, 2.18, 2.16, 2.14, 2.12, 2.08, 2.04, 1.97, 1.88, 1.68, 1.49, 1.37, 1.56, 1.73, 1.85, 2.16, 2.27, 2.35, 2.4, 2.43, 2.45, 2.16, 2.14, 2.12, 2.09, 2.06, 2.01, 1.95, 1.87, 1.7, 1.61, 1.57, 1.64, 1.75, 1.84, 2.12, 2.22, 2.3, 2.35, 2.39, 2.41, 2.15, 2.13, 2.11, 2.08, 2.04, 2.0, 1.95, 1.8, 1.75, 1.7, 1.69, 1.72, 1.78, 1.85, 2.11, 2.19, 2.26, 2.31, 2.35, 2.38]}, {"header": {"refTime": "2023-09-03T16:00:00.000Z", "nx": 21, "ny": 33, "lo1": 113.509, "la1": 22.2235, "lo2": 113.5947, "la2": 22.1034, "dx": 0.0042850000000001385, "dy": 0.003753125000000024, "parameterCategory": 0, "parameterCategoryName": "Temperature", "parameterNumber": 0}, "data": [[30.71, 30.71, 30.71, 30.48, 30.5, 30.72, 30.74, 30.76, 30.77, 30.79, 30.78, 30.78, 31.08, 31.1, 30.66, 30.62, 30.74, 30.72, 30.7, 30.68], [30.71, 30.71, 30.71, 30.71, 30.5, 30.53, 30.74, 30.78, 30.8, 30.81, 30.79, 30.78, 31.08, 31.1, 30.66, 30.77, 30.73, 30.69, 30.67, 30.66], [30.71, 30.71, 30.7, 30.7, 30.49, 30.52, 30.58, 30.79, 30.88, 30.82, 30.79, 30.79, 31.09, 31.1, 30.82, 30.75, 30.7, 30.65, 30.63, 30.62], [30.71, 30.71, 30.7, 30.7, 30.69, 30.49, 30.54, 30.62, 30.69, 30.79, 30.78, 30.8, 31.08, 30.96, 30.82, 30.73, 30.65, 30.59, 30.57, 30.58], [30.71, 30.71, 30.7, 30.69, 30.68, 30.44, 30.46, 30.49, 30.5, 30.72, 30.74, 30.94, 30.98, 30.97, 30.82, 30.69, 30.57, 30.5, 30.5, 30.52], [30.72, 30.71, 30.7, 30.69, 30.67, 30.64, 30.39, 30.37, 30.36, 30.36, 30.83, 30.93, 30.98, 31.17, 30.81, 30.62, 30.44, 30.36, 30.4, 30.47], [30.65, 30.72, 30.71, 30.7, 30.68, 30.63, 30.38, 30.27, 30.25, 30.42, 30.51, 30.94, 31.28, 31.26, 30.8, 30.56, 30.24, 30.13, 30.1, 30.17], [30.67, 30.68, 30.68, 30.67, 30.65, 30.5, 30.41, 30.26, 30.19, 30.38, 30.34, 31.1, 31.11, 31.25, 30.5, 30.67, 30.32, 30.19, 30.39, 30.53], [30.53, 30.54, 30.72, 30.73, 30.74, 30.7, 30.58, 30.36, 30.13, 30.44, 30.7, 30.89, 30.98, 30.86, 30.54, 30.73, 30.53, 30.44, 30.49, 30.57], [31.1, 31.1, 31.1, 30.63, 30.7, 30.87, 30.75, 30.58, 30.16, 30.15, 30.99, 30.77, 30.84, 30.81, 30.54, 30.8, 30.67, 30.6, 30.6, 30.63], [31.1, 31.1, 31.1, 31.1, 31.1, 31.1, 31.1, 31.1, 30.75, 30.13, 30.2, 30.7, 30.75, 30.76, 30.52, 30.85, 30.76, 30.7, 30.69, 30.7], [31.1, 31.1, 31.1, 31.1, 31.1, 31.1, 31.1, 31.1, 31.1, -999.0, 30.2, 31.5, 31.5, 30.72, 30.5, 30.91, 30.85, 29.73, 29.73, 29.73], [31.1, 31.1, 31.1, 31.1, 31.1, 31.1, 31.1, 31.1, 31.1, 31.1, -999.0, 31.5, 31.5, 30.26, 30.81, 29.79, 29.79, 29.76, 29.76, 29.76], [31.1, 31.1, 31.1, 31.1, 31.1, 31.1, 31.1, 31.1, 31.1, 31.1, -999.0, 29.6, 29.6, 29.6, 30.64, 29.77, 29.77, 29.73, 29.74, 29.75], [31.1, 31.1, 31.1, 31.1, 31.1, 31.1, 31.1, 31.4, 31.4, 31.4, 31.4, 30.71, 29.6, 29.6, 29.6, 29.74, 29.75, 29.71, 29.72, 29.73], [31.1, 31.1, 31.29, 31.29, 31.3, 31.4, 31.4, 31.4, 31.4, 31.4, 30.27, 30.4, 30.22, 30.07, 30.24, 29.45, 29.43, 29.47, 29.57, 29.57], [31.29, 31.29, 31.21, 31.21, 31.4, 31.4, 31.4, 31.4, 31.4, 31.4, 30.63, 30.4, 30.17, 29.95, 29.77, 29.69, 29.73, 29.75, 29.77, 29.79], [31.21, 31.21, 31.22, 31.22, 31.4, 31.4, 31.4, 31.4, 31.4, 30.94, 30.7, 30.43, 30.15, 29.79, 29.62, 29.68, 29.73, 29.76, 29.78, 29.8], [31.21, 31.22, 31.22, 31.4, 31.4, 31.4, 31.4, 31.4, 31.24, 31.05, 30.71, 30.48, 30.02, 29.84, 29.67, 29.7, 29.74, 29.77, 29.79, 29.81], [31.22, 31.22, 30.89, 30.91, 30.94, 30.99, 31.06, 31.25, 31.13, 30.93, 30.71, 30.52, 30.05, 29.9, 29.73, 29.74, 29.77, 29.79, 29.81, 29.82], [30.85, 30.86, 30.88, 31.03, 31.05, 31.07, 31.11, 31.14, 30.91, 30.81, 30.68, 30.54, 30.05, 29.76, 29.76, 29.77, 29.79, 29.81, 29.83, 29.84], [30.98, 30.98, 30.99, 31.0, 31.0, 31.01, 31.02, 31.02, 30.76, 30.71, 30.63, 30.54, 29.77, 29.79, 29.79, 29.78, 29.79, 29.82, 29.85, 29.87], [30.96, 30.96, 30.96, 30.97, 30.97, 30.96, 30.95, 30.92, 30.9, 30.88, 30.88, 30.42, 30.13, 29.81, 29.8, 29.78, 29.73, 29.82, 29.89, 29.9], [30.96, 30.96, 30.96, 30.95, 30.94, 30.92, 30.89, 30.84, 30.79, 30.76, 30.79, 30.31, 30.14, 30.07, 30.0, 29.8, 29.53, 29.95, 29.97, 29.94], [30.95, 30.95, 30.94, 30.93, 30.91, 30.89, 30.85, 30.79, 30.69, 30.61, 30.72, 30.36, 30.25, 30.09, 30.03, 29.99, 30.04, 30.24, 30.03, 29.97], [30.95, 30.94, 30.93, 30.92, 30.9, 30.88, 30.84, 30.78, 30.69, 30.62, 30.47, 30.41, 30.31, 30.12, 30.07, 30.14, 30.16, 30.19, 30.02, 29.97], [30.94, 30.93, 30.92, 30.91, 30.9, 30.87, 30.85, 30.81, 30.78, 30.77, 30.53, 30.48, 30.39, 30.33, 30.25, 30.2, 30.19, 30.19, 30.18, 30.18], [30.93, 30.93, 30.92, 30.91, 30.9, 30.88, 30.86, 30.85, 30.85, 30.65, 30.67, 30.81, 30.78, 30.77, 30.31, 30.26, 30.23, 30.21, 30.2, 30.2], [30.93, 30.93, 30.92, 30.91, 30.9, 30.89, 30.88, 30.88, 30.89, 30.77, 30.95, 30.86, 30.81, 30.78, 30.36, 30.3, 30.26, 30.24, 30.23, 30.22], [30.93, 30.92, 30.92, 30.91, 30.9, 30.9, 30.89, 30.9, 30.83, 30.88, 30.92, 30.87, 30.82, 30.79, 30.4, 30.34, 30.3, 30.27, 30.25, 30.24], [30.93, 30.92, 30.92, 30.91, 30.91, 30.9, 30.9, 30.91, 30.82, 30.85, 30.86, 30.84, 30.82, 30.8, 30.42, 30.36, 30.32, 30.29, 30.27, 30.26], [30.93, 30.92, 30.92, 30.92, 30.91, 30.91, 30.91, 30.8, 30.81, 30.83, 30.83, 30.82, 30.81, 30.79, 30.42, 30.38, 30.34, 30.31, 30.29, 30.28]]}]