gis_exercise/awsData/contour/wdir_2023090207.json
[{"header": {"refTime": "2023-09-02T07:00:00.000Z", "nx": 21, "ny": 33, "lo1": 113.509, "la1": 22.2235, "lo2": 113.5947, "la2": 22.1034, "dx": 0.0042850000000001385, "dy": 0.003753125000000024, "parameterCategory": 2, "parameterCategoryName": "Temperature", "parameterNumber": 2}, "data": [-5.88, -5.88, -5.87, -6.45, -6.34, -7.47, -7.23, -7.01, -6.96, -6.45, -6.85, -7.24, -7.82, -8.0, -11.01, -11.38, -12.38, -12.54, -12.65, -12.72, -5.89, -5.89, -5.89, -5.87, -6.37, -6.2, -7.04, -6.56, -6.28, -6.15, -6.83, -7.41, -8.07, -8.24, -11.21, -12.25, -12.5, -12.69, -12.82, -12.88, -5.89, -5.9, -5.91, -5.91, -6.45, -6.28, -5.98, -6.2, -4.86, -5.9, -6.96, -7.76, -8.49, -8.59, -11.99, -12.34, -12.67, -12.92, -13.05, -13.09, -5.89, -5.91, -5.94, -5.96, -5.97, -6.46, -6.22, -5.8, -5.41, -6.28, -7.34, -8.38, -9.21, -9.32, -11.98, -12.48, -12.95, -13.26, -13.37, -13.35, -5.89, -5.91, -5.95, -6.01, -6.08, -6.73, -6.64, -6.48, -6.35, -6.83, -7.69, -9.48, -10.56, -9.55, -11.99, -12.72, -13.42, -13.8, -13.82, -13.67, -5.86, -5.89, -5.94, -6.02, -6.16, -6.35, -7.13, -7.2, -7.12, -6.88, -8.11, -8.9, -9.73, -11.18, -12.02, -13.09, -14.21, -14.68, -14.4, -14.0, -9.89, -5.84, -5.88, -5.97, -6.14, -6.45, -7.32, -7.98, -7.99, -7.54, -7.0, -7.85, -10.59, -11.08, -11.99, -13.46, -15.35, -16.05, -16.31, -15.99, -9.87, -9.7, -9.5, -9.16, -9.14, -6.6, -7.22, -8.31, -9.37, -7.45, -6.36, -8.46, -9.01, -11.31, -13.49, -14.59, -15.89, -16.36, -15.66, -15.19, -9.88, -9.67, -9.39, -9.02, -8.58, -8.71, -9.39, -7.55, -10.31, -7.63, -8.85, -10.22, -12.4, -11.35, -13.62, -14.34, -15.09, -15.42, -15.27, -15.01, -12.13, -11.83, -11.37, -8.79, -7.92, -7.32, -8.78, -10.38, -11.53, -10.91, -9.92, -11.41, -13.31, -11.87, -13.76, -14.14, -14.58, -14.84, -14.87, -14.77, -12.24, -11.95, -11.5, -10.68, -8.96, -3.94, -10.26, -13.47, -12.67, -12.49, -13.75, -11.06, -11.63, -11.43, -13.79, -14.02, -14.29, -14.49, -14.57, -14.56, -12.42, -12.21, -11.9, -11.4, -10.58, -10.18, -12.64, -15.39, -16.41, -17.85, -14.36, -14.23, -14.01, -11.0, -13.77, -13.94, -14.12, -15.43, -15.44, -15.43, -12.65, -12.56, -12.46, -12.41, -12.65, -13.79, -15.55, -15.99, -16.3, -15.52, -17.73, -14.45, -14.15, -12.13, -12.05, -15.0, -15.04, -15.09, -15.14, -15.17, -12.89, -12.9, -12.98, -13.22, -13.86, -15.3, -17.7, -16.13, -15.7, -15.35, -17.8, -15.55, -15.2, -14.91, -11.92, -14.55, -14.63, -14.73, -14.83, -14.91, -13.11, -13.19, -13.36, -13.69, -14.27, -15.16, -15.86, -14.14, -13.15, -12.35, -11.73, -9.23, -14.76, -14.41, -14.19, -14.03, -14.19, -14.37, -14.53, -14.67, -13.28, -13.4, -7.4, -7.78, -8.27, -12.39, -12.19, -11.48, -10.69, -10.22, -7.89, -8.39, -8.94, -9.09, -9.53, -12.83, -13.0, -13.15, -13.62, -13.78, -6.66, -6.76, -6.87, -6.96, -10.75, -10.27, -9.38, -8.18, -7.41, -7.54, -6.47, -7.62, -8.7, -9.69, -9.82, -11.15, -11.04, -10.95, -10.87, -10.82, -6.36, -6.35, -6.3, -6.14, -9.36, -8.32, -6.62, -4.32, -3.13, -3.44, -5.34, -6.92, -8.47, -9.62, -11.23, -11.19, -11.04, -10.93, -10.85, -10.79, -6.06, -5.96, -5.77, -9.13, -8.27, -6.88, -4.63, -0.92, 2.51, -1.56, -3.06, -5.17, -7.52, -9.16, -11.22, -11.12, -10.99, -10.89, -10.82, -10.76, -5.79, -5.62, -7.43, -6.93, -6.17, -5.03, -3.3, -0.86, 1.18, -1.04, -3.33, -5.13, -7.23, -8.54, -11.05, -11.0, -10.93, -10.84, -10.77, -10.71, -7.85, -7.61, -7.27, -6.81, -6.17, -5.3, -4.19, -3.04, -1.73, -2.78, -4.16, -5.4, -7.15, -10.93, -10.94, -10.93, -10.88, -10.8, -10.71, -10.64, -7.76, -7.54, -7.25, -6.88, -6.42, -5.88, -5.33, -2.76, -3.96, -4.56, -5.27, -5.93, -12.1, -10.86, -10.88, -10.92, -10.93, -10.8, -10.64, -10.55, -7.73, -7.54, -7.32, -3.82, -3.85, -3.93, -4.12, -4.47, -4.94, -5.29, -5.3, -7.27, -10.73, -10.79, -10.83, -10.99, -11.23, -10.83, -10.49, -10.42, -4.07, -4.11, -4.17, -4.27, -4.44, -4.71, -5.17, -5.89, -6.79, -7.26, -6.77, -10.44, -10.73, -10.68, -10.69, -10.91, -12.2, -10.24, -10.13, -10.25, -4.28, -4.36, -4.47, -4.64, -4.9, -5.29, -5.89, -6.84, -8.36, -9.59, -7.93, -10.26, -10.39, -10.63, -10.56, -10.45, -9.79, -8.89, -9.82, -10.12, -4.46, -4.57, -4.72, -4.93, -5.22, -5.63, -6.23, -7.11, -8.44, -9.47, -10.12, -9.91, -10.06, -10.58, -10.45, -9.42, -9.31, -9.15, -9.89, -10.1, -4.61, -4.73, -4.9, -5.12, -5.4, -5.78, -6.26, -6.84, -7.44, -7.63, -9.32, -9.32, -9.6, -8.6, -8.94, -9.14, -9.19, -9.19, -9.21, -9.23, -4.72, -4.86, -5.02, -5.23, -5.49, -5.79, -6.13, -6.46, -6.66, -8.4, -8.11, -7.47, -7.59, -7.62, -8.67, -8.91, -9.04, -9.09, -9.13, -9.15, -4.81, -4.94, -5.1, -5.29, -5.51, -5.75, -5.98, -6.17, -6.22, -7.34, -6.19, -6.94, -7.33, -7.48, -8.45, -8.71, -8.87, -8.97, -9.03, -9.06, -4.88, -5.0, -5.15, -5.31, -5.49, -5.68, -5.85, -5.97, -7.3, -6.76, -6.42, -6.87, -7.22, -7.4, -8.3, -8.56, -8.73, -8.85, -8.93, -8.97, -4.92, -5.04, -5.17, -5.31, -5.46, -5.61, -5.74, -5.83, -7.32, -7.05, -6.92, -7.05, -7.25, -7.39, -8.21, -8.45, -8.62, -8.75, -8.83, -8.89, -4.95, -5.05, -5.17, -5.29, -5.42, -5.54, -5.64, -7.56, -7.4, -7.25, -7.19, -7.23, -7.32, -7.41, -8.18, -8.38, -8.54, -8.67, -8.75, -8.82]}, {"header": {"refTime": "2023-09-02T07:00:00.000Z", "nx": 21, "ny": 33, "lo1": 113.509, "la1": 22.2235, "lo2": 113.5947, "la2": 22.1034, "dx": 0.0042850000000001385, "dy": 0.003753125000000024, "parameterCategory": 2, "parameterCategoryName": "Temperature", "parameterNumber": 3}, "data": [-1.49, -1.43, -1.37, -0.09, -0.08, -1.13, -1.05, -0.98, -0.97, -0.62, -0.78, -0.96, -1.75, -1.84, -2.12, -2.15, -2.62, -2.6, -2.58, -2.57, -1.52, -1.47, -1.4, -1.32, -0.09, -0.07, -0.96, -0.79, -0.69, -0.52, -0.79, -1.05, -1.87, -1.96, -2.21, -2.65, -2.62, -2.6, -2.58, -2.56, -1.57, -1.52, -1.46, -1.37, -0.11, -0.09, -0.06, -0.63, -0.11, -0.43, -0.86, -1.24, -2.08, -2.14, -2.72, -2.66, -2.61, -2.59, -2.57, -2.56, -1.62, -1.58, -1.53, -1.45, -1.34, -0.12, -0.1, -0.04, 0.01, -0.53, -1.0, -1.56, -2.44, -2.15, -2.74, -2.65, -2.6, -2.57, -2.55, -2.54, -1.69, -1.66, -1.62, -1.56, -1.47, -0.17, -0.17, -0.13, -0.08, -0.63, -1.07, -2.22, -2.95, -2.31, -2.72, -2.62, -2.57, -2.54, -2.53, -2.53, -1.77, -1.76, -1.73, -1.69, -1.62, -1.53, -0.27, -0.28, -0.2, -0.01, -1.21, -1.85, -2.44, -2.53, -2.65, -2.57, -2.53, -2.51, -2.51, -2.51, -1.69, -1.86, -1.86, -1.85, -1.81, -1.72, -1.31, -0.52, -0.47, -0.28, -0.06, -1.21, -2.14, -2.17, -2.53, -2.51, -2.48, -2.47, -2.41, -2.4, -1.7, -1.75, -1.8, -2.01, -2.0, -1.66, -1.45, -1.26, -1.13, -0.15, 0.62, -0.85, -1.12, -1.88, -1.73, -1.92, -2.16, -2.25, -2.12, -2.03, -1.7, -1.76, -1.84, -1.94, -2.18, -2.13, -1.91, -1.37, -0.49, -0.37, -0.23, -0.8, -1.03, -0.92, -1.67, -1.84, -1.99, -2.06, -2.04, -1.99, -1.31, -1.39, -1.51, -2.03, -2.28, -2.54, -2.14, -1.69, -0.23, -0.07, -0.5, -0.78, -0.97, -0.89, -1.63, -1.77, -1.88, -1.94, -1.95, -1.94, -1.28, -1.36, -1.47, -1.69, -2.15, -3.48, -1.83, -1.02, -1.19, -0.07, -0.08, -0.72, -0.81, -0.81, -1.63, -1.73, -1.81, -1.86, -1.89, -1.89, -1.23, -1.28, -1.36, -1.49, -1.71, -1.82, -1.19, -0.56, -0.34, -0.09, -0.08, -0.93, -1.0, -0.75, -1.64, -1.71, -1.77, -1.86, -1.89, -1.9, -1.17, -1.19, -1.21, -1.22, -1.14, -0.82, -0.34, -0.34, -0.33, -0.5, -0.15, -0.86, -0.94, -1.49, -1.5, -1.76, -1.8, -1.83, -1.85, -1.87, -1.1, -1.09, -1.07, -1.0, -0.81, -0.39, 0.34, -0.22, -0.41, -0.51, -0.1, -0.9, -1.01, -1.09, -1.55, -1.77, -1.79, -1.82, -1.83, -1.85, -1.04, -1.02, -0.97, -0.87, -0.7, -0.45, -0.25, 0.51, 0.48, 0.47, 0.48, -0.38, -1.09, -1.18, -1.24, -1.77, -1.79, -1.81, -1.82, -1.83, -1.0, -0.96, -0.65, -0.56, -0.44, 0.56, 0.56, 0.56, 0.55, 0.55, -0.23, -0.43, -0.65, -1.1, -1.19, 0.03, 0.36, 0.69, 0.6, 0.76, -0.65, -0.61, -0.54, -0.46, 0.58, 0.59, 0.61, 0.63, 0.64, 0.62, -0.18, -0.45, -0.76, -1.1, -0.43, -0.18, 0.4, 0.85, 1.16, 1.37, -0.58, -0.53, -0.46, -0.37, 0.6, 0.63, 0.67, 0.72, 0.74, 0.32, 0.03, -0.44, -0.82, -0.45, -1.61, -0.36, 0.47, 0.99, 1.32, 1.52, -0.53, -0.47, -0.4, 0.6, 0.63, 0.66, 0.71, 0.8, 0.8, 0.44, -0.07, -0.42, 0.64, 0.07, -0.46, 0.14, 0.84, 1.3, 1.57, 1.72, -0.48, -0.42, 0.53, 0.55, 0.57, 0.6, 0.65, 0.74, 0.55, 0.27, -0.06, -0.36, 1.11, 0.93, 0.65, 1.0, 1.44, 1.75, 1.9, 1.96, 0.5, 0.51, 0.51, 0.52, 0.53, 0.55, 0.58, 0.62, 0.24, 0.1, -0.1, -0.31, 1.62, 1.33, 1.52, 1.85, 2.15, 2.29, 2.28, 2.22, 0.48, 0.48, 0.49, 0.49, 0.49, 0.49, 0.5, 0.66, 0.05, -0.03, -0.15, -0.29, 1.72, 1.88, 2.2, 2.62, 2.93, 2.88, 2.64, 2.44, 0.47, 0.46, 0.46, 0.7, 0.68, 0.65, 0.62, 0.57, 0.53, 0.51, 0.53, 2.19, 2.29, 2.27, 2.68, 3.29, 3.93, 3.45, 2.84, 2.55, 0.73, 0.72, 0.71, 0.69, 0.67, 0.63, 0.57, 0.49, 0.38, 0.34, 0.42, 2.18, 2.17, 2.65, 3.13, 3.52, 5.59, 3.13, 2.67, 2.52, 0.73, 0.72, 0.71, 0.69, 0.66, 0.62, 0.55, 0.44, 0.23, 0.05, 0.32, 1.96, 2.68, 2.52, 2.92, 3.19, 2.58, 1.6, 2.35, 2.43, 0.74, 0.73, 0.72, 0.7, 0.68, 0.64, 0.58, 0.47, 0.28, 0.11, 1.2, 1.89, 2.53, 2.38, 2.68, 3.06, 2.77, 2.54, 2.32, 2.37, 0.75, 0.74, 0.73, 0.72, 0.7, 0.68, 0.64, 0.59, 0.54, 0.55, 1.53, 1.94, 2.42, 2.82, 2.92, 2.92, 2.84, 2.76, 2.8, 2.87, 0.76, 0.75, 0.75, 0.74, 0.73, 0.73, 0.73, 0.74, 0.8, 1.6, 1.73, 0.76, 0.6, 0.44, 2.8, 2.84, 2.84, 2.82, 2.84, 2.87, 0.77, 0.76, 0.76, 0.76, 0.77, 0.78, 0.81, 0.86, 0.98, 1.72, 1.38, 0.99, 0.72, 0.53, 2.71, 2.78, 2.81, 2.83, 2.85, 2.87, 0.78, 0.78, 0.78, 0.79, 0.8, 0.82, 0.86, 0.93, 0.87, 1.11, 1.26, 1.01, 0.77, 0.59, 2.65, 2.73, 2.78, 2.81, 2.84, 2.86, 0.79, 0.79, 0.8, 0.81, 0.82, 0.85, 0.89, 0.95, 0.83, 0.95, 0.99, 0.89, 0.74, 0.6, 2.62, 2.7, 2.76, 2.79, 2.82, 2.85, 0.79, 0.8, 0.81, 0.82, 0.84, 0.86, 0.9, 0.69, 0.76, 0.82, 0.83, 0.78, 0.69, 0.59, 2.61, 2.68, 2.74, 2.78, 2.81, 2.83]}, {"header": {"refTime": "2023-09-02T07:00:00.000Z", "nx": 21, "ny": 33, "lo1": 113.509, "la1": 22.2235, "lo2": 113.5947, "la2": 22.1034, "dx": 0.0042850000000001385, "dy": 0.003753125000000024, "parameterCategory": 0, "parameterCategoryName": "Temperature", "parameterNumber": 0}, "data": [[25.83, 25.82, 25.82, 25.59, 25.6, 25.84, 25.84, 25.84, 25.85, 25.79, 25.8, 25.81, 25.98, 25.99, 25.99, 25.99, 26.01, 26.01, 26.0, 26.0], [25.83, 25.83, 25.82, 25.82, 25.6, 25.61, 25.83, 25.83, 25.84, 25.79, 25.8, 25.82, 26.0, 26.01, 26.0, 26.02, 26.01, 26.0, 26.0, 25.99], [25.83, 25.83, 25.82, 25.82, 25.59, 25.61, 25.64, 25.82, 25.81, 25.79, 25.81, 25.84, 26.02, 26.03, 26.04, 26.02, 26.01, 26.0, 25.99, 25.99], [25.84, 25.83, 25.83, 25.82, 25.81, 25.6, 25.62, 25.66, 25.69, 25.78, 25.81, 25.88, 26.06, 25.93, 26.04, 26.02, 26.0, 25.99, 25.98, 25.98], [25.84, 25.84, 25.83, 25.83, 25.81, 25.58, 25.59, 25.6, 25.6, 25.74, 25.79, 25.95, 26.09, 25.97, 26.04, 26.01, 25.99, 25.98, 25.97, 25.97], [25.85, 25.84, 25.84, 25.83, 25.82, 25.8, 25.56, 25.56, 25.54, 25.5, 25.73, 25.87, 25.99, 26.1, 26.02, 25.99, 25.97, 25.95, 25.96, 25.97], [25.88, 25.85, 25.85, 25.85, 25.83, 25.81, 25.62, 25.54, 25.52, 25.47, 25.46, 25.75, 26.03, 26.05, 26.0, 25.98, 25.94, 25.93, 25.96, 25.97], [25.89, 25.89, 25.89, 25.89, 25.88, 25.7, 25.65, 25.6, 25.57, 25.45, 25.31, 25.68, 25.69, 26.05, 25.9, 25.9, 25.9, 25.9, 25.9, 25.9], [25.81, 25.82, 25.91, 25.92, 25.92, 25.9, 25.84, 25.63, 25.47, 25.49, 25.47, 25.57, 25.62, 25.56, 25.9, 25.9, 25.9, 25.9, 25.9, 25.9], [26.1, 26.1, 26.1, 25.87, 25.9, 25.99, 25.93, 25.84, 25.37, 25.39, 25.63, 25.51, 25.55, 25.53, 25.9, 25.9, 25.9, 25.9, 25.9, 25.9], [26.1, 26.1, 26.1, 26.1, 26.1, 26.1, 26.1, 26.1, 25.92, 25.46, 25.2, 25.47, 25.5, 25.5, 25.9, 25.9, 25.9, 25.9, 25.9, 25.9], [26.1, 26.1, 26.1, 26.1, 26.1, 26.1, 26.1, 26.1, 26.1, -999.0, 25.2, 25.9, 25.9, 25.48, 25.9, 25.9, 25.9, 25.45, 25.46, 25.46], [26.1, 26.1, 26.1, 26.1, 26.1, 26.1, 26.1, 26.1, 26.1, 26.1, -999.0, 25.9, 25.9, 25.38, 25.61, 25.61, 25.61, 25.52, 25.53, 25.54], [26.1, 26.1, 26.1, 26.1, 26.1, 26.1, 26.1, 26.1, 26.1, 26.1, -999.0, 25.1, 25.1, 25.1, 25.54, 25.54, 25.55, 25.45, 25.48, 25.49], [26.1, 26.1, 26.1, 26.1, 26.1, 26.1, 26.1, 26.0, 26.0, 26.0, 26.0, 25.65, 25.1, 25.1, 25.1, 25.47, 25.49, 25.4, 25.43, 25.45], [26.1, 26.1, 26.04, 26.04, 26.03, 26.0, 26.0, 26.0, 26.0, 26.0, 25.43, 25.5, 25.41, 25.34, 25.42, 25.32, 25.35, 25.29, 25.47, 25.5], [26.04, 26.04, 26.06, 26.06, 26.0, 26.0, 26.0, 26.0, 26.0, 26.0, 25.61, 25.5, 25.38, 25.28, 25.27, 25.24, 25.28, 25.32, 25.35, 25.37], [26.06, 26.06, 26.06, 26.06, 26.0, 26.0, 26.0, 26.0, 26.0, 25.77, 25.65, 25.52, 25.38, 25.28, 25.13, 25.22, 25.29, 25.33, 25.36, 25.38], [26.06, 26.06, 26.06, 26.0, 26.0, 26.0, 26.0, 26.0, 25.92, 25.82, 25.72, 25.61, 25.46, 25.34, 25.21, 25.26, 25.32, 25.36, 25.38, 25.39], [26.06, 26.06, 25.94, 25.95, 25.95, 25.95, 25.96, 25.98, 25.9, 25.83, 25.73, 25.64, 25.5, 25.43, 25.3, 25.33, 25.37, 25.39, 25.41, 25.41], [25.94, 25.94, 25.94, 25.96, 25.96, 25.96, 25.97, 25.97, 25.84, 25.8, 25.74, 25.67, 25.54, 25.36, 25.37, 25.4, 25.42, 25.43, 25.44, 25.44], [25.95, 25.95, 25.95, 25.96, 25.96, 25.96, 25.96, 25.95, 25.81, 25.78, 25.75, 25.7, 25.55, 25.4, 25.42, 25.45, 25.48, 25.48, 25.47, 25.46], [25.95, 25.95, 25.95, 25.94, 25.94, 25.94, 25.94, 25.94, 25.93, 25.93, 25.93, 25.88, 25.69, 25.43, 25.46, 25.5, 25.54, 25.52, 25.49, 25.47], [25.94, 25.94, 25.94, 25.93, 25.93, 25.93, 25.93, 25.93, 25.92, 25.92, 25.92, 25.85, 25.69, 25.66, 25.63, 25.52, 25.62, 25.52, 25.49, 25.48], [25.93, 25.93, 25.93, 25.93, 25.93, 25.93, 25.92, 25.92, 25.91, 25.91, 25.91, 25.86, 25.84, 25.66, 25.62, 25.59, 25.5, 25.47, 25.48, 25.48], [25.93, 25.93, 25.93, 25.93, 25.93, 25.92, 25.92, 25.92, 25.91, 25.91, 25.88, 25.86, 25.85, 25.66, 25.63, 25.6, 25.57, 25.55, 25.48, 25.47], [25.93, 25.93, 25.93, 25.93, 25.93, 25.92, 25.92, 25.92, 25.91, 25.91, 25.87, 25.86, 25.85, 25.67, 25.64, 25.62, 25.59, 25.58, 25.59, 25.59], [25.93, 25.93, 25.93, 25.93, 25.92, 25.92, 25.92, 25.92, 25.91, 25.88, 25.88, 25.83, 25.79, 25.75, 25.66, 25.64, 25.62, 25.61, 25.6, 25.61], [25.93, 25.93, 25.93, 25.92, 25.92, 25.92, 25.92, 25.91, 25.91, 25.89, 25.88, 25.84, 25.8, 25.77, 25.68, 25.65, 25.64, 25.62, 25.62, 25.62], [25.93, 25.93, 25.93, 25.92, 25.92, 25.92, 25.92, 25.91, 25.84, 25.86, 25.87, 25.84, 25.81, 25.77, 25.69, 25.67, 25.65, 25.64, 25.63, 25.63], [25.93, 25.93, 25.92, 25.92, 25.92, 25.92, 25.92, 25.92, 25.83, 25.84, 25.84, 25.82, 25.8, 25.78, 25.7, 25.68, 25.66, 25.65, 25.64, 25.64], [25.93, 25.93, 25.92, 25.92, 25.92, 25.92, 25.92, 25.82, 25.82, 25.82, 25.82, 25.81, 25.79, 25.77, 25.7, 25.68, 25.67, 25.66, 25.65, 25.65]]}]