gis_exercise/awsData/contour/wdir_2023091116.json
[{"header": {"refTime": "2023-09-11T16:00:00.000Z", "nx": 21, "ny": 33, "lo1": 113.509, "la1": 22.2235, "lo2": 113.5947, "la2": 22.1034, "dx": 0.0042850000000001385, "dy": 0.003753125000000024, "parameterCategory": 2, "parameterCategoryName": "Temperature", "parameterNumber": 2}, "data": [-1.2, -1.19, -1.18, -1.43, -1.4, -1.34, -1.3, -1.26, -1.25, -1.43, -1.53, -1.63, -1.78, -1.83, -2.84, -3.0, -3.63, -3.72, -3.78, -3.83, -1.2, -1.2, -1.19, -1.17, -1.4, -1.35, -1.26, -1.17, -1.12, -1.33, -1.51, -1.66, -1.82, -1.88, -2.88, -3.54, -3.68, -3.79, -3.86, -3.9, -1.21, -1.21, -1.2, -1.18, -1.42, -1.36, -1.28, -1.1, -0.86, -1.25, -1.54, -1.72, -1.89, -1.94, -3.35, -3.57, -3.75, -3.89, -3.97, -4.0, -1.22, -1.22, -1.21, -1.2, -1.19, -1.41, -1.34, -1.22, -1.11, -1.39, -1.65, -1.84, -2.0, -2.31, -3.33, -3.63, -3.89, -4.05, -4.12, -4.12, -1.23, -1.23, -1.23, -1.22, -1.22, -1.47, -1.44, -1.41, -1.4, -1.62, -1.79, -2.29, -2.24, -2.3, -3.34, -3.77, -4.12, -4.31, -4.33, -4.27, -1.24, -1.24, -1.24, -1.25, -1.25, -1.26, -1.54, -1.56, -1.6, -1.67, -2.34, -2.32, -2.29, -2.92, -3.44, -3.98, -4.5, -4.71, -4.6, -4.43, -1.51, -1.25, -1.26, -1.27, -1.28, -1.3, -1.72, -1.66, -1.71, -2.14, -2.25, -2.39, -3.08, -3.19, -3.57, -4.2, -5.02, -5.33, -5.26, -5.07, -1.51, -1.5, -1.5, -2.47, -2.43, -1.65, -1.69, -1.73, -1.8, -2.14, -2.28, -3.02, -3.18, -3.48, -4.59, -4.96, -5.4, -5.56, -5.32, -5.16, -1.51, -1.5, -1.49, -1.48, -2.36, -2.35, -2.41, -1.71, -2.53, -2.14, -3.15, -3.55, -4.2, -3.89, -4.62, -4.87, -5.13, -5.24, -5.19, -5.1, -2.59, -2.54, -2.47, -1.46, -1.43, -2.12, -2.44, -2.78, -3.17, -3.08, -3.47, -3.91, -4.47, -4.04, -4.66, -4.8, -4.95, -5.04, -5.05, -5.02, -2.58, -2.53, -2.46, -2.33, -2.09, -1.32, -2.46, -3.33, -3.65, -3.64, -4.54, -3.8, -3.97, -3.91, -4.67, -4.76, -4.85, -4.92, -4.95, -4.95, -2.59, -2.54, -2.48, -2.38, -2.25, -2.21, -2.75, -3.96, -4.56, -4.69, -4.7, -4.67, -4.62, -3.79, -4.66, -4.73, -4.79, -4.84, -4.84, -4.84, -2.6, -2.56, -2.52, -2.46, -2.42, -2.42, -2.56, -3.6, -4.23, -3.79, -4.52, -4.72, -4.65, -3.73, -3.67, -4.6, -4.62, -4.65, -4.67, -4.69, -2.62, -2.59, -2.56, -2.53, -2.49, -2.39, -2.0, -2.91, -3.44, -3.49, -4.38, -4.67, -4.51, -4.38, -3.51, -4.35, -4.39, -4.45, -4.5, -4.55, -2.65, -2.63, -2.61, -2.58, -2.56, -2.52, -2.54, -2.64, -2.84, -2.88, -2.83, -3.01, -4.28, -4.11, -4.0, -4.05, -4.14, -4.24, -4.33, -4.41, -2.67, -2.66, -1.16, -1.18, -1.19, -2.35, -2.34, -2.37, -2.42, -2.46, -2.76, -2.76, -2.74, -2.67, -2.7, -3.29, -3.37, -3.44, -3.67, -3.75, -1.12, -1.12, -1.12, -1.12, -2.25, -2.18, -2.08, -1.98, -1.95, -2.03, -2.41, -2.53, -2.6, -2.62, -2.41, -2.65, -2.67, -2.69, -2.7, -2.7, -1.09, -1.09, -1.08, -1.06, -2.12, -1.98, -1.77, -1.48, -1.35, -1.04, -1.29, -2.35, -2.5, -2.38, -2.57, -2.65, -2.68, -2.7, -2.71, -2.71, -1.07, -1.06, -1.04, -2.13, -2.0, -1.82, -1.52, -1.02, -0.46, -0.87, -1.16, -1.46, -2.1, -2.33, -2.64, -2.67, -2.69, -2.71, -2.72, -2.72, -1.05, -1.03, -1.06, -1.03, -0.98, -0.91, -0.79, -0.63, -0.63, -0.88, -1.16, -1.41, -2.08, -2.27, -2.69, -2.7, -2.72, -2.73, -2.73, -2.73, -1.09, -1.08, -1.06, -1.03, -0.99, -0.93, -0.86, -0.79, -0.91, -1.03, -1.21, -1.39, -2.09, -2.71, -2.73, -2.74, -2.76, -2.76, -2.74, -2.73, -1.09, -1.08, -1.06, -1.04, -1.01, -0.98, -0.95, -0.88, -1.1, -1.17, -1.27, -1.38, -2.47, -2.74, -2.76, -2.79, -2.81, -2.79, -2.76, -2.74, -1.09, -1.08, -1.07, -0.98, -0.98, -0.98, -0.99, -1.01, -1.04, -1.07, -1.08, -1.61, -2.29, -2.75, -2.78, -2.83, -2.9, -2.83, -2.75, -2.73, -1.01, -1.02, -1.02, -1.02, -1.03, -1.05, -1.08, -1.12, -1.18, -1.21, -1.18, -1.91, -2.26, -2.42, -2.56, -2.84, -3.1, -2.74, -2.7, -2.71, -1.03, -1.04, -1.05, -1.06, -1.07, -1.1, -1.14, -1.19, -1.28, -1.35, -1.27, -1.84, -2.01, -2.39, -2.52, -2.63, -2.66, -2.5, -2.65, -2.69, -1.05, -1.06, -1.07, -1.09, -1.11, -1.14, -1.17, -1.23, -1.3, -1.35, -1.66, -1.8, -1.95, -2.35, -2.47, -2.53, -2.54, -2.51, -2.65, -2.68, -1.07, -1.08, -1.09, -1.11, -1.13, -1.16, -1.19, -1.24, -1.28, -1.3, -1.67, -1.76, -1.89, -2.27, -2.38, -2.45, -2.48, -2.49, -2.5, -2.49, -1.08, -1.09, -1.11, -1.13, -1.15, -1.17, -1.21, -1.24, -1.27, -1.61, -1.62, -1.52, -1.57, -1.63, -2.3, -2.38, -2.43, -2.45, -2.46, -2.46, -1.09, -1.1, -1.12, -1.14, -1.16, -1.18, -1.21, -1.24, -1.28, -1.55, -1.43, -1.49, -1.55, -1.61, -2.24, -2.32, -2.37, -2.41, -2.42, -2.43, -1.1, -1.11, -1.13, -1.14, -1.16, -1.19, -1.21, -1.24, -1.5, -1.47, -1.45, -1.49, -1.55, -1.59, -2.19, -2.27, -2.33, -2.36, -2.39, -2.4, -1.11, -1.12, -1.13, -1.15, -1.17, -1.19, -1.21, -1.24, -1.51, -1.5, -1.5, -1.52, -1.55, -1.59, -2.16, -2.24, -2.29, -2.33, -2.36, -2.37, -1.11, -1.12, -1.14, -1.15, -1.17, -1.19, -1.2, -1.53, -1.53, -1.52, -1.52, -1.54, -1.56, -1.59, -2.15, -2.22, -2.27, -2.3, -2.33, -2.35]}, {"header": {"refTime": "2023-09-11T16:00:00.000Z", "nx": 21, "ny": 33, "lo1": 113.509, "la1": 22.2235, "lo2": 113.5947, "la2": 22.1034, "dx": 0.0042850000000001385, "dy": 0.003753125000000024, "parameterCategory": 2, "parameterCategoryName": "Temperature", "parameterNumber": 3}, "data": [-0.05, -0.06, -0.07, -0.12, -0.12, -0.2, -0.2, -0.2, -0.2, -0.1, -0.09, -0.08, -0.09, -0.08, 0.16, 0.2, 0.33, 0.35, 0.37, 0.38, -0.05, -0.05, -0.06, -0.07, -0.12, -0.13, -0.2, -0.2, -0.2, -0.12, -0.1, -0.08, -0.09, -0.08, 0.16, 0.3, 0.34, 0.37, 0.39, 0.4, -0.04, -0.05, -0.06, -0.07, -0.12, -0.13, -0.14, -0.2, -0.21, -0.13, -0.09, -0.08, -0.08, -0.08, 0.25, 0.31, 0.36, 0.4, 0.42, 0.43, -0.03, -0.04, -0.05, -0.06, -0.08, -0.13, -0.14, -0.15, -0.16, -0.11, -0.08, -0.07, -0.08, 0.0, 0.24, 0.33, 0.4, 0.44, 0.46, 0.46, -0.02, -0.03, -0.03, -0.05, -0.06, -0.13, -0.13, -0.13, -0.12, -0.06, -0.05, -0.0, -0.07, -0.01, 0.24, 0.36, 0.46, 0.51, 0.52, 0.5, -0.01, -0.01, -0.02, -0.03, -0.04, -0.07, -0.13, -0.13, -0.11, -0.07, 0.07, 0.03, -0.02, 0.22, 0.28, 0.42, 0.56, 0.62, 0.59, 0.54, -0.6, 0.01, 0.01, -0.0, -0.02, -0.04, 0.01, -0.14, -0.13, 0.03, 0.09, 0.09, 0.3, 0.34, 0.32, 0.48, 0.7, 0.78, 0.82, 0.79, -0.61, -0.58, -0.54, 0.38, 0.35, 0.08, 0.02, -0.09, -0.19, 0.04, 0.16, 0.35, 0.4, 0.47, 0.76, 0.82, 0.87, 0.89, 0.86, 0.84, -0.62, -0.58, -0.53, -0.47, 0.38, 0.36, 0.31, -0.01, 0.11, 0.02, 0.44, 0.56, 0.8, 0.68, 0.8, 0.82, 0.84, 0.86, 0.85, 0.84, -0.24, -0.22, -0.18, -0.45, -0.31, 0.41, 0.41, 0.41, 0.35, 0.34, 0.55, 0.7, 0.91, 0.74, 0.82, 0.82, 0.83, 0.83, 0.83, 0.83, -0.26, -0.25, -0.22, -0.16, -0.02, 0.35, 0.04, 0.13, 0.65, 0.52, 0.92, 0.66, 0.72, 0.7, 0.83, 0.82, 0.82, 0.82, 0.82, 0.82, -0.3, -0.29, -0.29, -0.26, -0.21, -0.17, -0.2, 0.28, 0.59, 0.39, 0.96, 0.92, 0.9, 0.65, 0.82, 0.82, 0.82, 0.83, 0.82, 0.81, -0.33, -0.34, -0.36, -0.4, -0.49, -0.72, -0.96, -0.15, 0.33, 0.11, 0.26, 0.93, 0.91, 0.6, 0.58, 0.79, 0.78, 0.78, 0.78, 0.78, -0.36, -0.39, -0.43, -0.51, -0.67, -1.06, -1.89, -0.78, -0.23, -0.12, 0.13, 0.92, 0.87, 0.82, 0.52, 0.72, 0.72, 0.73, 0.74, 0.75, -0.39, -0.42, -0.47, -0.56, -0.7, -0.92, -1.04, -0.85, -0.52, -0.37, -0.32, 0.46, 0.78, 0.72, 0.69, 0.63, 0.65, 0.67, 0.69, 0.71, -0.4, -0.44, -0.85, -0.91, -0.99, -0.84, -0.81, -0.68, -0.52, -0.41, 0.41, 0.39, 0.36, 0.33, 0.33, 0.84, 0.94, 1.04, 1.05, 1.11, -0.77, -0.79, -0.82, -0.86, -0.67, -0.66, -0.61, -0.52, -0.43, -0.38, 0.32, 0.32, 0.31, 0.27, 0.42, 0.69, 0.87, 1.01, 1.11, 1.18, -0.76, -0.77, -0.79, -0.8, -0.58, -0.54, -0.47, -0.37, -0.31, -0.5, -0.49, 0.28, 0.27, 0.41, 0.22, 0.64, 0.89, 1.06, 1.16, 1.23, -0.75, -0.75, -0.75, -0.54, -0.51, -0.47, -0.38, -0.26, -0.21, -0.38, -0.09, -0.05, 0.55, 0.51, 0.6, 0.79, 1.01, 1.15, 1.24, 1.29, -0.73, -0.73, -0.93, -0.89, -0.83, -0.75, -0.62, -0.45, -0.12, -0.12, -0.1, -0.08, 0.64, 0.68, 0.94, 1.05, 1.19, 1.29, 1.34, 1.37, -0.94, -0.92, -0.89, -0.85, -0.79, -0.72, -0.63, -0.55, -0.14, -0.14, -0.13, -0.1, 0.77, 1.16, 1.21, 1.31, 1.4, 1.45, 1.46, 1.45, -0.91, -0.88, -0.85, -0.81, -0.76, -0.71, -0.65, -0.22, -0.18, -0.17, -0.16, -0.14, 0.77, 1.33, 1.41, 1.53, 1.62, 1.62, 1.57, 1.52, -0.88, -0.86, -0.82, -0.22, -0.22, -0.23, -0.24, -0.25, -0.26, -0.27, -0.26, 0.47, 1.04, 1.45, 1.56, 1.72, 1.88, 1.78, 1.65, 1.57, -0.22, -0.22, -0.22, -0.22, -0.23, -0.24, -0.25, -0.27, -0.3, -0.31, -0.29, 0.41, 0.98, 1.25, 1.5, 1.79, 2.24, 1.76, 1.64, 1.58, -0.22, -0.22, -0.22, -0.23, -0.23, -0.25, -0.26, -0.29, -0.34, -0.38, -0.32, 0.32, 0.6, 1.21, 1.44, 1.62, 1.65, 1.47, 1.58, 1.57, -0.22, -0.22, -0.22, -0.23, -0.24, -0.25, -0.26, -0.29, -0.33, -0.37, 0.02, 0.27, 0.52, 1.15, 1.36, 1.54, 1.56, 1.54, 1.57, 1.56, -0.22, -0.22, -0.22, -0.23, -0.23, -0.24, -0.25, -0.26, -0.28, -0.28, 0.1, 0.26, 0.45, 1.17, 1.32, 1.43, 1.48, 1.5, 1.5, 1.49, -0.22, -0.22, -0.22, -0.22, -0.23, -0.23, -0.23, -0.23, -0.23, 0.08, 0.11, -0.01, 0.06, 0.16, 1.21, 1.33, 1.4, 1.43, 1.45, 1.45, -0.22, -0.22, -0.22, -0.22, -0.22, -0.22, -0.22, -0.21, -0.19, 0.06, -0.06, -0.01, 0.06, 0.14, 1.12, 1.24, 1.32, 1.37, 1.39, 1.4, -0.21, -0.22, -0.22, -0.22, -0.22, -0.21, -0.21, -0.2, -0.03, -0.04, -0.04, -0.0, 0.06, 0.12, 1.05, 1.17, 1.25, 1.31, 1.34, 1.36, -0.21, -0.21, -0.21, -0.21, -0.21, -0.21, -0.2, -0.19, -0.01, -0.01, -0.01, 0.02, 0.07, 0.12, 1.02, 1.12, 1.2, 1.26, 1.29, 1.32, -0.21, -0.21, -0.21, -0.21, -0.21, -0.21, -0.2, 0.01, 0.01, 0.01, 0.02, 0.05, 0.08, 0.12, 1.0, 1.09, 1.16, 1.22, 1.26, 1.28]}, {"header": {"refTime": "2023-09-11T16:00:00.000Z", "nx": 21, "ny": 33, "lo1": 113.509, "la1": 22.2235, "lo2": 113.5947, "la2": 22.1034, "dx": 0.0042850000000001385, "dy": 0.003753125000000024, "parameterCategory": 0, "parameterCategoryName": "Temperature", "parameterNumber": 0}, "data": [[26.28, 26.27, 26.26, 25.97, 25.98, 26.12, 26.12, 26.12, 26.12, 26.03, 26.02, 26.02, 26.16, 26.17, 26.06, 26.04, 26.06, 26.05, 26.04, 26.04], [26.28, 26.28, 26.27, 26.25, 25.98, 25.99, 26.12, 26.12, 26.12, 26.04, 26.03, 26.03, 26.17, 26.17, 26.06, 26.07, 26.05, 26.04, 26.03, 26.03], [26.29, 26.28, 26.27, 26.26, 25.98, 25.99, 26.0, 26.11, 26.1, 26.05, 26.03, 26.03, 26.17, 26.18, 26.09, 26.06, 26.04, 26.03, 26.02, 26.02], [26.3, 26.29, 26.28, 26.27, 26.25, 25.98, 25.99, 26.01, 26.03, 26.03, 26.02, 26.05, 26.18, 26.08, 26.09, 26.06, 26.03, 26.01, 26.0, 26.0], [26.31, 26.31, 26.3, 26.29, 26.27, 25.97, 25.98, 25.98, 25.98, 25.98, 26.0, 26.08, 26.15, 26.1, 26.09, 26.04, 26.0, 25.98, 25.98, 25.99], [26.32, 26.32, 26.31, 26.31, 26.29, 26.27, 25.97, 25.97, 25.95, 25.9, 25.97, 26.05, 26.11, 26.2, 26.08, 26.02, 25.96, 25.94, 25.95, 25.97], [26.43, 26.34, 26.34, 26.33, 26.32, 26.29, 26.12, 25.98, 25.96, 25.89, 25.85, 26.0, 26.2, 26.2, 26.07, 26.0, 25.9, 25.87, 25.87, 25.9], [26.44, 26.45, 26.45, 26.44, 26.43, 26.21, 26.16, 26.1, 26.05, 25.86, 25.71, 26.02, 26.02, 26.2, 25.95, 25.99, 25.9, 25.87, 25.92, 25.96], [26.36, 26.37, 26.47, 26.48, 26.48, 26.46, 26.39, 26.13, 25.94, 25.91, 25.83, 25.92, 25.96, 25.9, 25.96, 26.01, 25.96, 25.94, 25.95, 25.97], [26.7, 26.7, 26.7, 26.42, 26.46, 26.56, 26.49, 26.39, 25.82, 25.84, 25.96, 25.86, 25.9, 25.88, 25.96, 26.03, 25.99, 25.98, 25.98, 25.98], [26.7, 26.7, 26.7, 26.7, 26.7, 26.7, 26.7, 26.7, 26.49, 25.93, 25.6, 25.83, 25.86, 25.86, 25.96, 26.04, 26.01, 26.0, 26.0, 26.0], [26.7, 26.7, 26.7, 26.7, 26.7, 26.7, 26.7, 26.7, 26.7, -999.0, 25.6, 26.2, 26.2, 25.84, 25.95, 26.05, 26.04, 25.69, 25.69, 25.69], [26.7, 26.7, 26.7, 26.7, 26.7, 26.7, 26.7, 26.7, 26.7, 26.7, -999.0, 26.2, 26.2, 25.81, 25.98, 25.73, 25.73, 25.7, 25.71, 25.71], [26.7, 26.7, 26.7, 26.7, 26.7, 26.7, 26.7, 26.7, 26.7, 26.7, -999.0, 25.6, 25.6, 25.6, 25.93, 25.71, 25.71, 25.69, 25.69, 25.7], [26.7, 26.7, 26.7, 26.7, 26.7, 26.7, 26.7, 27.5, 27.5, 27.5, 27.5, 26.77, 25.6, 25.6, 25.6, 25.69, 25.7, 25.67, 25.68, 25.69], [26.7, 26.7, 27.2, 27.21, 27.23, 27.5, 27.5, 27.5, 27.5, 27.5, 26.3, 26.44, 26.26, 26.1, 26.28, 25.75, 25.77, 25.73, 25.76, 25.77], [27.21, 27.22, 26.98, 27.0, 27.5, 27.5, 27.5, 27.5, 27.5, 27.5, 26.68, 26.45, 26.2, 25.97, 25.87, 25.73, 25.78, 25.82, 25.84, 25.86], [26.99, 27.0, 27.01, 27.03, 27.5, 27.5, 27.5, 27.5, 27.5, 27.02, 26.76, 26.48, 26.18, 25.89, 25.64, 25.72, 25.78, 25.83, 25.86, 25.87], [27.0, 27.01, 27.03, 27.5, 27.5, 27.5, 27.5, 27.5, 27.33, 27.13, 26.82, 26.58, 26.19, 25.98, 25.71, 25.76, 25.81, 25.85, 25.87, 25.89], [27.01, 27.03, 27.1, 27.12, 27.15, 27.18, 27.24, 27.38, 27.24, 27.05, 26.83, 26.63, 26.26, 26.1, 25.79, 25.82, 25.86, 25.88, 25.9, 25.91], [27.07, 27.08, 27.1, 27.21, 27.23, 27.25, 27.27, 27.3, 27.04, 26.95, 26.81, 26.66, 26.3, 25.85, 25.86, 25.88, 25.91, 25.92, 25.93, 25.93], [27.17, 27.18, 27.18, 27.19, 27.19, 27.2, 27.2, 27.14, 26.92, 26.86, 26.78, 26.68, 26.12, 25.89, 25.91, 25.93, 25.95, 25.96, 25.96, 25.95], [27.16, 27.16, 27.16, 27.07, 27.07, 27.07, 27.06, 27.05, 27.03, 27.02, 27.01, 26.8, 26.33, 25.92, 25.94, 25.97, 25.99, 25.99, 25.99, 25.97], [27.05, 27.05, 27.05, 27.04, 27.04, 27.03, 27.01, 26.99, 26.95, 26.93, 26.95, 26.6, 26.34, 26.26, 26.19, 25.99, 26.01, 26.03, 26.01, 25.99], [27.04, 27.03, 27.03, 27.02, 27.01, 27.0, 26.97, 26.94, 26.89, 26.85, 26.9, 26.63, 26.56, 26.27, 26.2, 26.14, 26.03, 26.05, 26.01, 25.99], [27.02, 27.02, 27.01, 27.0, 26.99, 26.97, 26.95, 26.92, 26.88, 26.85, 26.7, 26.65, 26.58, 26.28, 26.22, 26.17, 26.14, 26.13, 26.01, 25.99], [27.01, 27.01, 27.0, 26.99, 26.98, 26.96, 26.94, 26.91, 26.89, 26.88, 26.7, 26.66, 26.61, 26.32, 26.26, 26.21, 26.18, 26.16, 26.17, 26.17], [27.01, 27.0, 26.99, 26.98, 26.97, 26.95, 26.93, 26.91, 26.89, 26.72, 26.72, 26.7, 26.65, 26.6, 26.3, 26.25, 26.22, 26.2, 26.19, 26.19], [27.0, 26.99, 26.98, 26.97, 26.96, 26.94, 26.93, 26.9, 26.88, 26.74, 26.77, 26.72, 26.66, 26.61, 26.33, 26.28, 26.25, 26.23, 26.22, 26.22], [26.99, 26.99, 26.98, 26.97, 26.95, 26.94, 26.92, 26.9, 26.72, 26.74, 26.75, 26.71, 26.67, 26.62, 26.36, 26.31, 26.28, 26.26, 26.24, 26.24], [26.99, 26.98, 26.97, 26.96, 26.95, 26.94, 26.92, 26.91, 26.7, 26.72, 26.72, 26.69, 26.66, 26.63, 26.37, 26.33, 26.3, 26.28, 26.26, 26.25], [26.99, 26.98, 26.97, 26.96, 26.95, 26.94, 26.93, 26.68, 26.69, 26.69, 26.69, 26.67, 26.65, 26.62, 26.38, 26.34, 26.32, 26.29, 26.28, 26.27]]}]