gis_exercise/awsData/contour/wdir_2023090623.json
[{"header": {"refTime": "2023-09-06T23:00:00.000Z", "nx": 21, "ny": 33, "lo1": 113.509, "la1": 22.2235, "lo2": 113.5947, "la2": 22.1034, "dx": 0.0042850000000001385, "dy": 0.003753125000000024, "parameterCategory": 2, "parameterCategoryName": "Temperature", "parameterNumber": 2}, "data": [0.2, 0.19, 0.18, 0.26, 0.25, -0.4, -0.38, -0.37, -0.39, -0.28, -0.35, -0.42, -0.91, -0.95, -1.39, -1.44, -1.69, -1.7, -1.71, -1.72, 0.21, 0.2, 0.19, 0.17, 0.25, 0.22, -0.35, -0.31, -0.29, -0.25, -0.36, -0.47, -0.96, -1.01, -1.43, -1.68, -1.7, -1.72, -1.73, -1.74, 0.22, 0.21, 0.2, 0.18, 0.25, 0.23, 0.19, -0.26, -0.11, -0.22, -0.39, -0.56, -1.06, -1.09, -1.66, -1.69, -1.72, -1.75, -1.76, -1.76, 0.23, 0.22, 0.21, 0.19, 0.17, 0.24, 0.21, 0.16, 0.11, -0.24, -0.44, -0.72, -1.23, -0.99, -1.66, -1.7, -1.75, -1.79, -1.8, -1.79, 0.24, 0.23, 0.22, 0.21, 0.2, 0.27, 0.25, 0.24, 0.25, -0.23, -0.44, -1.02, -1.43, -1.08, -1.66, -1.73, -1.81, -1.85, -1.85, -1.83, 0.25, 0.25, 0.24, 0.24, 0.22, 0.2, 0.29, 0.29, 0.33, 0.41, -0.45, -0.82, -1.15, -0.99, -1.64, -1.77, -1.9, -1.95, -1.92, -1.87, 0.68, 0.27, 0.27, 0.26, 0.25, 0.24, 0.47, 0.3, 0.34, 0.33, 0.35, -0.47, -0.76, -0.72, -1.62, -1.8, -2.03, -2.12, -1.73, -1.58, 0.69, 0.68, 0.66, 0.69, 0.67, 0.5, 0.46, 0.35, 0.17, 0.4, 0.7, -0.08, -0.2, -0.46, -0.74, -1.15, -1.66, -1.86, -1.57, -1.38, 0.7, 0.69, 0.68, 0.67, 0.69, 0.67, 0.63, 0.43, 0.6, 0.28, 0.41, 0.2, 0.34, 0.27, -0.59, -0.96, -1.31, -1.45, -1.4, -1.3, 1.1, 1.09, 1.06, 0.69, 0.67, 0.69, 0.72, 0.73, 0.83, 0.86, 0.37, 0.38, 0.51, 0.37, -0.5, -0.81, -1.05, -1.19, -1.22, -1.19, 1.11, 1.09, 1.07, 1.02, 0.92, 0.64, 1.01, 1.21, 0.98, 1.0, 1.1, 0.38, 0.39, 0.36, -0.5, -0.72, -0.9, -1.02, -1.08, -1.09, 1.12, 1.11, 1.09, 1.06, 1.01, 0.99, 1.14, 1.33, 1.42, 1.36, 1.16, 0.57, 0.51, 0.35, -0.53, -0.68, -0.82, -0.48, -0.54, -0.56, 1.13, 1.12, 1.12, 1.11, 1.12, 1.18, 1.27, 1.34, 1.39, 1.33, 1.29, 0.63, 0.56, 0.3, 0.31, -0.14, -0.24, -0.32, -0.39, -0.42, 1.14, 1.14, 1.14, 1.15, 1.18, 1.25, 1.35, 1.32, 1.32, 1.31, 1.3, 1.07, 1.02, 0.99, 0.36, -0.03, -0.11, -0.19, -0.25, -0.31, 1.15, 1.16, 1.16, 1.18, 1.21, 1.25, 1.28, 1.07, 1.0, 0.94, 0.89, 0.66, 1.0, 0.96, 0.94, 0.1, 0.02, -0.07, -0.14, -0.2, 1.16, 1.17, 0.6, 0.63, 0.65, 0.92, 0.9, 0.85, 0.79, 0.75, 0.55, 0.58, 0.61, 0.49, 0.53, 0.61, 0.58, 0.56, -0.26, -0.34, 0.54, 0.55, 0.55, 0.55, 0.78, 0.74, 0.66, 0.56, 0.5, 0.51, 0.42, 0.5, 0.58, 0.64, 0.5, 0.59, 0.53, 0.49, 0.46, 0.44, 0.51, 0.51, 0.49, 0.47, 0.66, 0.57, 0.43, 0.23, 0.13, 0.11, 0.27, 0.44, 0.55, 0.49, 0.71, 0.61, 0.53, 0.48, 0.44, 0.42, 0.48, 0.47, 0.44, 0.65, 0.57, 0.45, 0.26, -0.07, -0.37, -0.04, -0.22, -0.06, 0.25, 0.41, 0.62, 0.56, 0.49, 0.45, 0.42, 0.4, 0.46, 0.44, 0.01, -0.02, -0.06, -0.12, -0.21, -0.32, -0.44, -0.36, -0.25, -0.12, 0.18, 0.28, 0.51, 0.48, 0.43, 0.4, 0.39, 0.38, -0.0, -0.02, -0.04, -0.08, -0.12, -0.18, -0.24, -0.3, -0.41, -0.36, -0.29, -0.19, 0.13, 0.44, 0.43, 0.4, 0.37, 0.35, 0.35, 0.35, -0.04, -0.06, -0.09, -0.13, -0.17, -0.22, -0.27, -0.55, -0.42, -0.39, -0.34, -0.26, -0.03, 0.39, 0.36, 0.32, 0.3, 0.3, 0.32, 0.33, -0.08, -0.1, -0.13, -0.52, -0.53, -0.54, -0.56, -0.57, -0.59, -0.59, -0.58, -0.55, -0.18, 0.35, 0.32, 0.26, 0.21, 0.24, 0.29, 0.32, -0.5, -0.51, -0.51, -0.52, -0.53, -0.54, -0.56, -0.59, -0.63, -0.65, -0.61, -0.46, -0.21, -0.09, 0.0, 0.24, 0.08, 0.26, 0.3, 0.32, -0.5, -0.5, -0.51, -0.51, -0.52, -0.54, -0.56, -0.61, -0.68, -0.75, -0.64, -0.47, -0.39, -0.1, 0.0, 0.09, 0.3, 0.37, 0.32, 0.32, -0.49, -0.5, -0.5, -0.51, -0.51, -0.53, -0.55, -0.59, -0.66, -0.72, -0.55, -0.44, -0.37, -0.11, -0.01, 0.2, 0.24, 0.26, 0.33, 0.33, -0.49, -0.49, -0.49, -0.49, -0.5, -0.5, -0.51, -0.53, -0.55, -0.54, -0.43, -0.37, -0.34, 0.13, 0.16, 0.18, 0.21, 0.22, 0.22, 0.21, -0.48, -0.48, -0.48, -0.48, -0.48, -0.48, -0.47, -0.46, -0.43, -0.33, -0.28, -0.2, -0.17, -0.12, 0.14, 0.17, 0.19, 0.2, 0.2, 0.2, -0.48, -0.47, -0.47, -0.47, -0.46, -0.45, -0.44, -0.41, -0.35, -0.2, -0.09, -0.14, -0.14, -0.11, 0.13, 0.15, 0.17, 0.18, 0.18, 0.18, -0.47, -0.47, -0.46, -0.46, -0.45, -0.44, -0.41, -0.38, -0.2, -0.14, -0.11, -0.13, -0.13, -0.11, 0.12, 0.14, 0.16, 0.17, 0.17, 0.17, -0.46, -0.46, -0.46, -0.45, -0.44, -0.42, -0.4, -0.37, -0.18, -0.16, -0.14, -0.14, -0.13, -0.11, 0.11, 0.13, 0.15, 0.15, 0.16, 0.16, -0.46, -0.46, -0.45, -0.44, -0.43, -0.42, -0.4, -0.2, -0.18, -0.16, -0.15, -0.14, -0.13, -0.11, 0.11, 0.13, 0.14, 0.15, 0.15, 0.16]}, {"header": {"refTime": "2023-09-06T23:00:00.000Z", "nx": 21, "ny": 33, "lo1": 113.509, "la1": 22.2235, "lo2": 113.5947, "la2": 22.1034, "dx": 0.0042850000000001385, "dy": 0.003753125000000024, "parameterCategory": 2, "parameterCategoryName": "Temperature", "parameterNumber": 3}, "data": [1.24, 1.24, 1.23, 1.29, 1.28, 1.33, 1.32, 1.3, 1.3, 1.3, 1.33, 1.37, 2.0, 2.05, 2.03, 2.11, 2.93, 2.97, 3.0, 3.02, 1.24, 1.24, 1.24, 1.23, 1.28, 1.27, 1.3, 1.26, 1.24, 1.27, 1.33, 1.38, 2.01, 2.06, 2.04, 2.87, 2.94, 2.99, 3.02, 3.04, 1.24, 1.24, 1.24, 1.24, 1.29, 1.27, 1.25, 1.24, 1.13, 1.25, 1.34, 1.41, 2.02, 2.07, 2.77, 2.87, 2.96, 3.01, 3.05, 3.07, 1.24, 1.24, 1.24, 1.24, 1.24, 1.29, 1.27, 1.23, 1.2, 1.29, 1.38, 1.46, 2.0, 2.13, 2.74, 2.89, 3.0, 3.06, 3.09, 3.1, 1.24, 1.24, 1.25, 1.25, 1.25, 1.31, 1.3, 1.29, 1.28, 1.35, 1.42, 2.05, 1.85, 2.1, 2.76, 2.95, 3.07, 3.14, 3.15, 3.15, 1.24, 1.25, 1.25, 1.25, 1.26, 1.27, 1.34, 1.35, 1.35, 1.35, 2.17, 2.18, 2.07, 2.53, 2.86, 3.05, 3.19, 3.25, 3.23, 3.19, 1.26, 1.25, 1.25, 1.25, 1.26, 1.28, 1.38, 1.4, 1.4, 1.92, 2.05, 2.48, 2.96, 2.86, 3.02, 3.15, 3.33, 3.39, 3.15, 3.05, 1.26, 1.26, 1.26, 1.36, 1.36, 1.34, 1.37, 1.43, 1.62, 1.84, 1.7, 3.11, 3.34, 3.08, 3.48, 3.48, 3.5, 3.51, 3.5, 3.49, 1.25, 1.25, 1.25, 1.25, 1.34, 1.34, 1.38, 1.39, 1.48, 1.97, 2.52, 2.98, 3.08, 3.03, 3.44, 3.47, 3.48, 3.49, 3.49, 3.49, 1.26, 1.26, 1.25, 1.23, 1.22, 1.29, 1.34, 1.4, 1.49, 1.48, 2.72, 2.9, 2.98, 2.98, 3.41, 3.45, 3.47, 3.48, 3.48, 3.48, 1.26, 1.26, 1.25, 1.24, 1.22, 1.15, 1.25, 1.33, 1.44, 1.49, 2.04, 2.86, 2.92, 2.93, 3.41, 3.44, 3.46, 3.47, 3.47, 3.48, 1.26, 1.26, 1.25, 1.24, 1.23, 1.23, 1.28, 1.39, 1.45, 1.77, 1.99, 2.81, 2.91, 2.89, 3.42, 3.44, 3.45, 2.99, 3.0, 3.0, 1.26, 1.26, 1.25, 1.25, 1.24, 1.24, 1.25, 1.35, 1.42, 1.37, 1.86, 2.72, 2.82, 3.03, 3.0, 2.88, 2.89, 2.91, 2.93, 2.94, 1.26, 1.26, 1.26, 1.25, 1.25, 1.23, 1.19, 1.28, 1.34, 1.34, 1.81, 2.2, 2.26, 2.29, 2.9, 2.79, 2.81, 2.84, 2.86, 2.88, 1.26, 1.26, 1.26, 1.26, 1.25, 1.25, 1.25, 1.2, 1.21, 1.2, 1.19, 1.54, 2.22, 2.25, 2.26, 2.69, 2.72, 2.76, 2.8, 2.83, 1.27, 1.27, 1.04, 1.04, 1.04, 1.15, 1.14, 1.14, 1.13, 1.13, 1.45, 1.54, 1.65, 2.04, 2.07, 2.2, 2.19, 2.18, 2.31, 2.32, 1.02, 1.02, 1.02, 1.02, 1.12, 1.1, 1.08, 1.06, 1.04, 1.05, 1.4, 1.54, 1.69, 1.85, 1.92, 2.01, 1.95, 1.9, 1.87, 1.84, 1.01, 1.01, 1.0, 1.0, 1.08, 1.06, 1.02, 0.96, 0.93, 1.11, 1.26, 1.52, 1.7, 1.9, 2.14, 2.02, 1.94, 1.88, 1.85, 1.83, 1.0, 1.0, 0.99, 1.08, 1.06, 1.02, 0.97, 0.87, 0.82, 1.03, 1.11, 1.29, 1.64, 1.82, 2.04, 1.97, 1.9, 1.85, 1.82, 1.81, 1.0, 0.99, 0.82, 0.81, 0.8, 0.79, 0.77, 0.76, 0.84, 0.94, 1.08, 1.22, 1.57, 1.68, 1.92, 1.89, 1.84, 1.81, 1.79, 1.78, 0.81, 0.8, 0.8, 0.79, 0.78, 0.77, 0.76, 0.75, 0.91, 0.96, 1.05, 1.16, 1.51, 1.85, 1.83, 1.8, 1.77, 1.75, 1.75, 1.75, 0.8, 0.79, 0.79, 0.78, 0.77, 0.75, 0.74, 0.57, 0.91, 0.94, 1.0, 1.09, 1.39, 1.8, 1.77, 1.73, 1.7, 1.7, 1.71, 1.73, 0.79, 0.78, 0.77, 0.52, 0.53, 0.53, 0.53, 0.53, 0.53, 0.53, 0.52, 0.82, 1.2, 1.76, 1.72, 1.67, 1.62, 1.65, 1.69, 1.71, 0.5, 0.5, 0.51, 0.51, 0.51, 0.51, 0.51, 0.51, 0.51, 0.51, 0.5, 0.66, 1.18, 1.3, 1.39, 1.64, 1.51, 1.65, 1.69, 1.71, 0.5, 0.5, 0.5, 0.5, 0.5, 0.49, 0.49, 0.5, 0.5, 0.51, 0.49, 0.63, 0.7, 1.29, 1.39, 1.48, 1.68, 1.73, 1.7, 1.71, 0.49, 0.49, 0.49, 0.48, 0.48, 0.48, 0.48, 0.48, 0.49, 0.5, 0.55, 0.59, 0.65, 1.27, 1.37, 1.41, 1.49, 1.52, 1.71, 1.71, 0.48, 0.48, 0.48, 0.47, 0.47, 0.46, 0.46, 0.45, 0.45, 0.44, 0.51, 0.54, 0.61, 1.11, 1.23, 1.33, 1.4, 1.43, 1.43, 1.4, 0.47, 0.47, 0.47, 0.46, 0.46, 0.45, 0.44, 0.42, 0.4, 0.43, 0.42, 0.53, 0.65, 0.77, 1.15, 1.25, 1.32, 1.35, 1.37, 1.36, 0.47, 0.46, 0.46, 0.45, 0.44, 0.43, 0.42, 0.4, 0.36, 0.35, 0.29, 0.46, 0.6, 0.72, 1.08, 1.18, 1.25, 1.29, 1.31, 1.32, 0.46, 0.46, 0.45, 0.45, 0.44, 0.42, 0.41, 0.38, 0.48, 0.39, 0.34, 0.46, 0.58, 0.69, 1.03, 1.13, 1.19, 1.24, 1.26, 1.28, 0.46, 0.45, 0.45, 0.44, 0.43, 0.42, 0.4, 0.38, 0.51, 0.47, 0.46, 0.52, 0.6, 0.69, 1.01, 1.09, 1.15, 1.19, 1.22, 1.24, 0.46, 0.45, 0.44, 0.44, 0.43, 0.42, 0.4, 0.57, 0.55, 0.53, 0.53, 0.57, 0.63, 0.69, 0.99, 1.06, 1.12, 1.16, 1.19, 1.21]}, {"header": {"refTime": "2023-09-06T23:00:00.000Z", "nx": 21, "ny": 33, "lo1": 113.509, "la1": 22.2235, "lo2": 113.5947, "la2": 22.1034, "dx": 0.0042850000000001385, "dy": 0.003753125000000024, "parameterCategory": 0, "parameterCategoryName": "Temperature", "parameterNumber": 0}, "data": [[28.57, 28.56, 28.55, 28.25, 28.25, 28.52, 28.49, 28.47, 28.46, 28.28, 28.31, 28.34, 28.55, 28.57, 28.49, 28.48, 28.54, 28.53, 28.52, 28.51], [28.57, 28.57, 28.55, 28.54, 28.25, 28.24, 28.47, 28.42, 28.39, 28.27, 28.31, 28.36, 28.57, 28.59, 28.51, 28.56, 28.54, 28.52, 28.5, 28.5], [28.58, 28.57, 28.56, 28.55, 28.26, 28.25, 28.24, 28.39, 28.25, 28.26, 28.32, 28.4, 28.62, 28.63, 28.6, 28.56, 28.53, 28.5, 28.49, 28.48], [28.59, 28.59, 28.58, 28.57, 28.55, 28.27, 28.26, 28.24, 28.22, 28.26, 28.34, 28.46, 28.69, 28.57, 28.61, 28.55, 28.5, 28.48, 28.46, 28.46], [28.6, 28.6, 28.6, 28.59, 28.58, 28.28, 28.28, 28.27, 28.25, 28.25, 28.34, 28.59, 28.77, 28.61, 28.6, 28.53, 28.47, 28.44, 28.43, 28.44], [28.62, 28.62, 28.62, 28.61, 28.61, 28.6, 28.32, 28.33, 28.29, 28.21, 28.33, 28.5, 28.64, 28.77, 28.57, 28.49, 28.41, 28.38, 28.39, 28.42], [28.8, 28.63, 28.64, 28.64, 28.64, 28.64, 28.52, 28.43, 28.4, 28.23, 28.12, 28.34, 28.67, 28.7, 28.54, 28.45, 28.33, 28.29, 28.33, 28.37], [28.8, 28.8, 28.8, 28.8, 28.8, 28.55, 28.55, 28.6, 28.66, 28.19, 27.88, 28.25, 28.26, 28.7, 28.31, 28.34, 28.28, 28.25, 28.29, 28.32], [28.8, 28.8, 28.8, 28.8, 28.8, 28.8, 28.8, 28.56, 28.45, 28.27, 28.01, 28.13, 28.18, 28.11, 28.32, 28.36, 28.32, 28.3, 28.31, 28.33], [28.8, 28.8, 28.8, 28.8, 28.8, 28.8, 28.8, 28.8, 28.17, 28.24, 28.19, 28.05, 28.1, 28.07, 28.32, 28.37, 28.34, 28.33, 28.33, 28.34], [28.8, 28.8, 28.8, 28.8, 28.8, 28.8, 28.8, 28.8, 28.8, 28.42, 27.7, 28.0, 28.04, 28.04, 28.32, 28.38, 28.36, 28.35, 28.35, 28.35], [28.8, 28.8, 28.8, 28.8, 28.8, 28.8, 28.8, 28.8, 28.8, -999.0, 27.7, 28.5, 28.5, 28.02, 28.31, 28.39, 28.38, 27.46, 27.48, 27.48], [28.8, 28.8, 28.8, 28.8, 28.8, 28.8, 28.8, 28.8, 28.8, 28.8, -999.0, 28.5, 28.5, 27.46, 27.91, 27.73, 27.74, 27.58, 27.6, 27.61], [28.8, 28.8, 28.8, 28.8, 28.8, 28.8, 28.8, 28.8, 28.8, 28.8, -999.0, 26.9, 26.9, 26.9, 27.78, 27.62, 27.64, 27.48, 27.51, 27.54], [28.8, 28.8, 28.8, 28.8, 28.8, 28.8, 28.8, 28.1, 28.1, 28.1, 28.1, 27.64, 26.9, 26.9, 26.9, 27.5, 27.53, 27.38, 27.43, 27.47], [28.8, 28.8, 28.36, 28.35, 28.34, 28.1, 28.1, 28.1, 28.1, 28.1, 27.34, 27.43, 27.31, 27.22, 27.33, 27.27, 27.32, 27.22, 27.51, 27.55], [28.35, 28.35, 28.55, 28.54, 28.1, 28.1, 28.1, 28.1, 28.1, 28.1, 27.58, 27.44, 27.28, 27.13, 27.15, 27.14, 27.22, 27.29, 27.34, 27.37], [28.55, 28.54, 28.53, 28.51, 28.1, 28.1, 28.1, 28.1, 28.1, 27.8, 27.63, 27.45, 27.27, 27.16, 26.94, 27.11, 27.23, 27.31, 27.36, 27.39], [28.54, 28.53, 28.51, 28.1, 28.1, 28.1, 28.1, 28.1, 27.99, 27.87, 27.68, 27.53, 27.41, 27.25, 27.1, 27.18, 27.29, 27.35, 27.4, 27.42], [28.53, 28.52, 27.87, 27.88, 27.9, 27.92, 27.95, 28.03, 27.94, 27.82, 27.69, 27.56, 27.48, 27.39, 27.26, 27.31, 27.37, 27.42, 27.44, 27.46], [27.86, 27.86, 27.87, 27.93, 27.94, 27.95, 27.97, 27.99, 27.82, 27.76, 27.67, 27.58, 27.55, 27.35, 27.38, 27.42, 27.47, 27.49, 27.5, 27.5], [27.91, 27.92, 27.92, 27.92, 27.92, 27.93, 27.93, 27.98, 27.75, 27.71, 27.66, 27.6, 27.48, 27.43, 27.47, 27.52, 27.56, 27.57, 27.55, 27.53], [27.91, 27.91, 27.91, 27.98, 27.97, 27.97, 27.96, 27.94, 27.93, 27.92, 27.93, 27.87, 27.71, 27.49, 27.54, 27.6, 27.66, 27.64, 27.59, 27.56], [27.99, 27.98, 27.98, 27.97, 27.97, 27.96, 27.94, 27.91, 27.88, 27.86, 27.89, 27.87, 27.71, 27.71, 27.72, 27.64, 27.78, 27.65, 27.6, 27.57], [27.99, 27.98, 27.98, 27.97, 27.96, 27.95, 27.93, 27.89, 27.83, 27.77, 27.86, 27.88, 27.9, 27.71, 27.71, 27.71, 27.62, 27.58, 27.59, 27.57], [27.99, 27.98, 27.98, 27.97, 27.96, 27.95, 27.93, 27.9, 27.84, 27.79, 27.85, 27.9, 27.92, 27.7, 27.7, 27.77, 27.73, 27.71, 27.58, 27.57], [27.99, 27.98, 27.98, 27.98, 27.97, 27.96, 27.95, 27.93, 27.91, 27.91, 27.92, 27.95, 27.95, 27.88, 27.83, 27.79, 27.76, 27.75, 27.75, 27.76], [27.99, 27.99, 27.98, 27.98, 27.98, 27.97, 27.97, 27.97, 27.98, 28.0, 28.02, 27.95, 27.9, 27.85, 27.86, 27.82, 27.8, 27.78, 27.78, 27.78], [27.99, 27.99, 27.99, 27.99, 27.99, 27.99, 27.99, 28.0, 28.03, 28.08, 28.13, 28.01, 27.93, 27.88, 27.88, 27.85, 27.82, 27.81, 27.8, 27.8], [27.99, 27.99, 27.99, 27.99, 27.99, 28.0, 28.01, 28.02, 27.98, 28.05, 28.09, 28.02, 27.95, 27.89, 27.9, 27.87, 27.84, 27.83, 27.82, 27.81], [27.99, 27.99, 27.99, 28.0, 28.0, 28.0, 28.01, 28.03, 27.97, 28.0, 28.01, 27.98, 27.94, 27.9, 27.91, 27.88, 27.86, 27.84, 27.83, 27.83], [28.0, 28.0, 28.0, 28.0, 28.0, 28.01, 28.02, 27.93, 27.95, 27.97, 27.97, 27.95, 27.92, 27.89, 27.92, 27.89, 27.87, 27.86, 27.84, 27.84]]}]