gis_exercise/awsData/contour/wdir_2023090722.json
[{"header": {"refTime": "2023-09-07T22:00:00.000Z", "nx": 21, "ny": 33, "lo1": 113.509, "la1": 22.2235, "lo2": 113.5947, "la2": 22.1034, "dx": 0.0042850000000001385, "dy": 0.003753125000000024, "parameterCategory": 2, "parameterCategoryName": "Temperature", "parameterNumber": 2}, "data": [0.23, 0.22, 0.21, 0.12, 0.11, -0.08, -0.07, -0.07, -0.08, -0.03, -0.05, -0.06, -0.09, -0.09, -0.76, -0.83, -0.81, -0.85, -0.88, -0.9, 0.24, 0.23, 0.22, 0.2, 0.11, 0.1, -0.06, -0.06, -0.05, -0.03, -0.05, -0.08, -0.11, -0.11, -0.77, -0.77, -0.84, -0.89, -0.92, -0.94, 0.25, 0.24, 0.23, 0.21, 0.11, 0.1, 0.09, -0.04, -0.01, -0.02, -0.06, -0.1, -0.14, -0.13, -0.7, -0.79, -0.88, -0.95, -0.98, -1.0, 0.26, 0.25, 0.24, 0.22, 0.2, 0.11, 0.1, 0.08, 0.06, -0.02, -0.07, -0.14, -0.19, -0.09, -0.69, -0.83, -0.95, -1.03, -1.07, -1.06, 0.27, 0.26, 0.25, 0.24, 0.22, 0.12, 0.11, 0.11, 0.11, -0.01, -0.06, -0.12, -0.28, -0.13, -0.7, -0.89, -1.07, -1.17, -1.18, -1.14, 0.28, 0.28, 0.28, 0.26, 0.25, 0.22, 0.12, 0.13, 0.14, 0.17, 0.08, -0.03, -0.15, 0.18, -0.72, -0.99, -1.27, -1.39, -1.33, -1.23, 0.78, 0.3, 0.3, 0.3, 0.28, 0.25, 0.3, 0.13, 0.14, 0.25, 0.29, 0.13, 0.37, 0.41, -0.73, -1.09, -1.56, -1.73, -1.25, -1.02, 0.8, 0.79, 0.77, 0.82, 0.79, 0.38, 0.32, 0.22, 0.12, 0.26, 0.33, 0.56, 0.61, 0.61, 0.0, -0.55, -1.24, -1.5, -1.12, -0.86, 0.82, 0.81, 0.79, 0.77, 0.82, 0.79, 0.74, 0.29, 0.48, 0.25, 0.67, 0.82, 1.11, 0.97, 0.17, -0.32, -0.77, -0.96, -0.89, -0.75, 1.36, 1.34, 1.3, 0.81, 0.78, 0.82, 0.86, 0.88, 0.79, 0.75, 0.8, 0.99, 1.25, 1.05, 0.27, -0.12, -0.44, -0.61, -0.65, -0.61, 1.37, 1.35, 1.31, 1.25, 1.12, 0.74, 1.23, 1.51, 1.22, 1.02, 1.38, 0.95, 1.02, 0.99, 0.27, -0.0, -0.24, -0.39, -0.46, -0.47, 1.38, 1.36, 1.34, 1.3, 1.24, 1.21, 1.41, 1.69, 1.8, 1.86, 1.47, 1.38, 1.34, 0.93, 0.24, 0.05, -0.13, -0.44, -0.51, -0.54, 1.4, 1.39, 1.38, 1.37, 1.38, 1.45, 1.58, 1.69, 1.77, 1.68, 1.82, 1.42, 1.37, 0.65, 0.61, -0.15, -0.27, -0.36, -0.42, -0.46, 1.41, 1.41, 1.41, 1.43, 1.46, 1.55, 1.66, 1.64, 1.66, 1.64, 1.82, 1.19, 1.07, 0.97, 0.47, -0.18, -0.25, -0.32, -0.37, -0.41, 1.43, 1.43, 1.44, 1.46, 1.5, 1.55, 1.59, 1.4, 1.33, 1.27, 1.21, 0.46, 0.89, 0.76, 0.68, -0.21, -0.26, -0.3, -0.34, -0.37, 1.44, 1.45, 0.8, 0.83, 0.86, 1.22, 1.21, 1.15, 1.09, 1.05, 0.4, 0.31, 0.2, 0.03, 0.0, 0.12, 0.17, 0.23, -0.68, -0.7, 0.74, 0.74, 0.75, 0.75, 1.08, 1.03, 0.95, 0.84, 0.77, 0.79, 0.24, 0.18, 0.08, -0.06, -0.32, -0.14, -0.05, 0.02, 0.07, 0.11, 0.71, 0.7, 0.69, 0.67, 0.95, 0.85, 0.69, 0.46, 0.35, 0.04, 0.06, 0.09, 0.0, -0.33, -0.37, -0.16, -0.04, 0.04, 0.09, 0.13, 0.67, 0.66, 0.64, 0.93, 0.85, 0.71, 0.49, 0.14, -0.27, -0.08, -0.3, -0.29, -0.29, -0.3, -0.18, -0.09, 0.01, 0.08, 0.13, 0.16, 0.65, 0.63, 0.43, 0.39, 0.33, 0.25, 0.13, -0.04, -0.33, -0.3, -0.28, -0.28, -0.27, -0.26, -0.02, 0.02, 0.09, 0.14, 0.18, 0.2, 0.44, 0.42, 0.39, 0.35, 0.3, 0.23, 0.15, 0.06, -0.27, -0.26, -0.25, -0.25, -0.24, 0.08, 0.09, 0.13, 0.18, 0.21, 0.23, 0.24, 0.41, 0.39, 0.36, 0.32, 0.28, 0.23, 0.17, -0.19, -0.22, -0.21, -0.21, -0.22, -0.07, 0.15, 0.18, 0.22, 0.25, 0.27, 0.28, 0.28, 0.39, 0.37, 0.34, -0.17, -0.17, -0.17, -0.16, -0.15, -0.13, -0.12, -0.12, -0.04, 0.31, 0.21, 0.24, 0.28, 0.29, 0.33, 0.34, 0.32, -0.17, -0.17, -0.17, -0.16, -0.16, -0.15, -0.13, -0.11, -0.08, -0.06, -0.08, 0.02, 0.3, 0.34, 0.37, 0.32, 0.26, 0.43, 0.4, 0.36, -0.17, -0.16, -0.16, -0.15, -0.14, -0.13, -0.11, -0.08, -0.03, 0.02, -0.04, 0.01, 0.01, 0.34, 0.38, 0.41, 0.47, 0.56, 0.44, 0.38, -0.16, -0.16, -0.15, -0.15, -0.14, -0.13, -0.11, -0.08, -0.03, 0.01, 0.01, -0.01, -0.01, 0.34, 0.38, 0.37, 0.44, 0.47, 0.42, 0.38, -0.16, -0.16, -0.15, -0.14, -0.14, -0.13, -0.11, -0.09, -0.08, -0.07, -0.03, -0.04, -0.03, 0.22, 0.28, 0.34, 0.38, 0.4, 0.4, 0.38, -0.16, -0.15, -0.15, -0.14, -0.14, -0.13, -0.12, -0.12, -0.12, -0.08, -0.1, 0.02, 0.09, 0.17, 0.25, 0.3, 0.34, 0.36, 0.36, 0.36, -0.16, -0.15, -0.15, -0.15, -0.14, -0.14, -0.13, -0.13, -0.15, -0.13, -0.15, -0.04, 0.06, 0.13, 0.21, 0.27, 0.3, 0.32, 0.33, 0.34, -0.16, -0.15, -0.15, -0.15, -0.14, -0.14, -0.14, -0.15, -0.02, -0.08, -0.12, -0.04, 0.05, 0.12, 0.19, 0.24, 0.27, 0.29, 0.31, 0.31, -0.16, -0.15, -0.15, -0.15, -0.15, -0.15, -0.15, -0.15, 0.0, -0.03, -0.03, 0.0, 0.06, 0.11, 0.18, 0.22, 0.25, 0.27, 0.29, 0.3, -0.16, -0.15, -0.15, -0.15, -0.15, -0.15, -0.15, 0.04, 0.03, 0.01, 0.02, 0.04, 0.07, 0.12, 0.17, 0.21, 0.23, 0.25, 0.27, 0.28]}, {"header": {"refTime": "2023-09-07T22:00:00.000Z", "nx": 21, "ny": 33, "lo1": 113.509, "la1": 22.2235, "lo2": 113.5947, "la2": 22.1034, "dx": 0.0042850000000001385, "dy": 0.003753125000000024, "parameterCategory": 2, "parameterCategoryName": "Temperature", "parameterNumber": 3}, "data": [0.55, 0.53, 0.51, 0.39, 0.37, 0.37, 0.34, 0.31, 0.31, 0.39, 0.45, 0.51, 0.81, 0.86, 2.32, 2.55, 3.26, 3.4, 3.5, 3.57, 0.56, 0.54, 0.52, 0.49, 0.37, 0.34, 0.32, 0.26, 0.23, 0.33, 0.44, 0.53, 0.84, 0.89, 2.35, 3.11, 3.33, 3.5, 3.62, 3.68, 0.58, 0.56, 0.54, 0.51, 0.38, 0.35, 0.3, 0.22, 0.06, 0.29, 0.46, 0.58, 0.88, 0.92, 2.82, 3.16, 3.45, 3.66, 3.79, 3.83, 0.6, 0.58, 0.56, 0.54, 0.5, 0.38, 0.33, 0.26, 0.2, 0.37, 0.53, 0.65, 0.93, 1.12, 2.78, 3.26, 3.66, 3.92, 4.02, 4.03, 0.62, 0.61, 0.6, 0.58, 0.55, 0.41, 0.4, 0.38, 0.37, 0.5, 0.61, 1.08, 0.99, 1.1, 2.81, 3.47, 4.01, 4.31, 4.35, 4.26, 0.64, 0.64, 0.63, 0.62, 0.6, 0.57, 0.46, 0.47, 0.49, 0.52, 1.14, 1.14, 1.09, 1.31, 2.97, 3.8, 4.6, 4.93, 4.76, 4.5, 1.27, 0.67, 0.68, 0.67, 0.66, 0.64, 0.81, 0.54, 0.57, 0.95, 1.05, 1.27, 1.49, 1.46, 3.18, 4.15, 5.41, 5.87, 5.09, 4.61, 1.28, 1.27, 1.25, 1.26, 1.24, 0.88, 0.82, 0.73, 0.7, 0.92, 0.93, 1.56, 1.66, 1.56, 3.34, 4.26, 5.41, 5.84, 5.21, 4.79, 1.3, 1.29, 1.28, 1.26, 1.27, 1.24, 1.19, 0.79, 0.94, 0.97, 1.32, 1.52, 1.59, 1.56, 3.15, 3.91, 4.64, 4.96, 4.83, 4.61, 1.76, 1.74, 1.71, 1.29, 1.27, 1.28, 1.3, 1.31, 1.2, 1.16, 1.41, 1.51, 1.56, 1.54, 3.04, 3.62, 4.11, 4.4, 4.45, 4.38, 1.77, 1.75, 1.72, 1.67, 1.56, 1.24, 1.65, 1.87, 1.59, 1.39, 1.57, 1.49, 1.52, 1.52, 3.03, 3.44, 3.8, 4.04, 4.15, 4.16, 1.78, 1.76, 1.74, 1.71, 1.66, 1.63, 1.8, 2.0, 2.09, 2.07, 1.66, 1.87, 1.84, 1.5, 3.07, 3.36, 3.62, 3.89, 3.98, 4.02, 1.79, 1.78, 1.78, 1.77, 1.78, 1.85, 1.95, 2.02, 2.07, 2.0, 2.01, 1.9, 1.87, 1.85, 1.86, 3.35, 3.51, 3.65, 3.75, 3.81, 1.81, 1.81, 1.81, 1.82, 1.86, 1.93, 2.05, 2.0, 2.0, 1.98, 2.02, 2.01, 1.99, 1.99, 1.9, 3.2, 3.33, 3.45, 3.56, 3.64, 1.82, 1.82, 1.83, 1.85, 1.88, 1.93, 1.97, 1.98, 1.95, 1.92, 1.9, 1.92, 2.02, 2.03, 2.03, 3.03, 3.15, 3.28, 3.39, 3.49, 1.83, 1.84, 1.58, 1.6, 1.62, 1.9, 1.9, 1.87, 1.85, 1.83, 1.85, 1.89, 1.94, 1.86, 1.89, 1.93, 1.9, 1.87, 3.18, 3.26, 1.55, 1.55, 1.56, 1.57, 1.84, 1.82, 1.79, 1.74, 1.72, 1.72, 1.79, 1.87, 1.94, 2.02, 1.98, 2.21, 2.22, 2.24, 2.25, 2.26, 1.54, 1.54, 1.55, 1.55, 1.79, 1.75, 1.68, 1.59, 1.55, 1.6, 1.71, 1.84, 1.94, 1.97, 2.14, 2.2, 2.22, 2.24, 2.25, 2.26, 1.53, 1.53, 1.53, 1.78, 1.75, 1.69, 1.6, 1.46, 1.33, 1.52, 1.44, 1.56, 1.79, 1.91, 2.2, 2.21, 2.23, 2.24, 2.25, 2.27, 1.53, 1.52, 1.43, 1.42, 1.4, 1.38, 1.34, 1.31, 1.29, 1.34, 1.42, 1.51, 1.74, 1.81, 2.22, 2.22, 2.23, 2.24, 2.26, 2.27, 1.42, 1.41, 1.4, 1.39, 1.37, 1.34, 1.32, 1.3, 1.31, 1.33, 1.38, 1.46, 1.7, 2.23, 2.23, 2.22, 2.23, 2.24, 2.27, 2.28, 1.4, 1.39, 1.37, 1.36, 1.34, 1.31, 1.29, 0.96, 1.28, 1.3, 1.34, 1.39, 1.54, 2.24, 2.23, 2.21, 2.21, 2.24, 2.28, 2.3, 1.38, 1.36, 1.35, 0.89, 0.9, 0.9, 0.91, 0.91, 0.91, 0.9, 0.88, 1.16, 1.78, 2.25, 2.23, 2.19, 2.12, 2.22, 2.31, 2.33, 0.86, 0.86, 0.86, 0.87, 0.87, 0.87, 0.87, 0.87, 0.87, 0.87, 0.85, 0.9, 1.75, 1.9, 2.01, 2.2, 1.87, 2.36, 2.39, 2.36, 0.84, 0.84, 0.84, 0.84, 0.84, 0.84, 0.84, 0.84, 0.85, 0.87, 0.83, 0.87, 0.92, 1.9, 2.03, 2.16, 2.47, 2.69, 2.47, 2.4, 0.83, 0.83, 0.83, 0.82, 0.82, 0.81, 0.81, 0.81, 0.83, 0.85, 0.83, 0.83, 0.87, 1.89, 2.03, 2.08, 2.25, 2.33, 2.45, 2.4, 0.82, 0.82, 0.81, 0.8, 0.8, 0.79, 0.78, 0.77, 0.76, 0.74, 0.75, 0.77, 0.82, 1.63, 1.82, 1.97, 2.1, 2.15, 2.14, 2.1, 0.81, 0.8, 0.8, 0.79, 0.78, 0.76, 0.74, 0.72, 0.68, 0.65, 0.62, 0.92, 1.12, 1.34, 1.71, 1.86, 1.97, 2.03, 2.04, 2.03, 0.8, 0.79, 0.78, 0.77, 0.76, 0.74, 0.71, 0.68, 0.61, 0.53, 0.49, 0.79, 1.04, 1.25, 1.61, 1.76, 1.86, 1.92, 1.95, 1.96, 0.79, 0.78, 0.77, 0.76, 0.74, 0.72, 0.69, 0.65, 0.83, 0.68, 0.59, 0.79, 1.01, 1.21, 1.54, 1.67, 1.77, 1.84, 1.88, 1.9, 0.78, 0.77, 0.76, 0.75, 0.73, 0.71, 0.69, 0.65, 0.88, 0.81, 0.8, 0.89, 1.04, 1.19, 1.5, 1.62, 1.71, 1.77, 1.82, 1.84, 0.78, 0.77, 0.76, 0.74, 0.73, 0.71, 0.69, 0.99, 0.95, 0.92, 0.93, 0.99, 1.09, 1.2, 1.48, 1.58, 1.66, 1.72, 1.77, 1.8]}, {"header": {"refTime": "2023-09-07T22:00:00.000Z", "nx": 21, "ny": 33, "lo1": 113.509, "la1": 22.2235, "lo2": 113.5947, "la2": 22.1034, "dx": 0.0042850000000001385, "dy": 0.003753125000000024, "parameterCategory": 0, "parameterCategoryName": "Temperature", "parameterNumber": 0}, "data": [[26.67, 26.66, 26.65, 26.39, 26.39, 26.64, 26.62, 26.61, 26.61, 26.5, 26.53, 26.56, 26.77, 26.79, 26.72, 26.71, 26.81, 26.79, 26.78, 26.78], [26.68, 26.67, 26.66, 26.65, 26.39, 26.39, 26.61, 26.57, 26.55, 26.49, 26.53, 26.58, 26.8, 26.82, 26.74, 26.82, 26.8, 26.78, 26.77, 26.77], [26.69, 26.68, 26.67, 26.65, 26.39, 26.39, 26.39, 26.54, 26.44, 26.47, 26.54, 26.62, 26.84, 26.85, 26.85, 26.82, 26.79, 26.77, 26.76, 26.75], [26.7, 26.69, 26.68, 26.67, 26.65, 26.4, 26.4, 26.39, 26.39, 26.48, 26.57, 26.68, 26.91, 26.81, 26.86, 26.81, 26.77, 26.75, 26.74, 26.73], [26.71, 26.7, 26.7, 26.69, 26.67, 26.4, 26.41, 26.4, 26.39, 26.48, 26.57, 26.83, 26.99, 26.85, 26.86, 26.79, 26.74, 26.71, 26.71, 26.71], [26.72, 26.72, 26.72, 26.71, 26.7, 26.68, 26.42, 26.42, 26.4, 26.34, 26.6, 26.75, 26.88, 27.0, 26.83, 26.76, 26.69, 26.66, 26.67, 26.69], [26.87, 26.74, 26.74, 26.73, 26.73, 26.72, 26.6, 26.48, 26.46, 26.4, 26.34, 26.62, 26.93, 26.95, 26.8, 26.72, 26.62, 26.58, 26.61, 26.65], [26.87, 26.87, 26.87, 26.87, 26.87, 26.66, 26.63, 26.62, 26.63, 26.36, 26.15, 26.55, 26.56, 26.95, 26.61, 26.64, 26.58, 26.55, 26.59, 26.62], [26.83, 26.83, 26.89, 26.89, 26.89, 26.88, 26.84, 26.62, 26.48, 26.42, 26.31, 26.43, 26.48, 26.41, 26.62, 26.66, 26.62, 26.6, 26.61, 26.63], [27.0, 27.0, 27.0, 26.86, 26.88, 26.93, 26.9, 26.84, 26.3, 26.34, 26.49, 26.35, 26.4, 26.37, 26.62, 26.67, 26.64, 26.63, 26.63, 26.64], [27.0, 27.0, 27.0, 27.0, 27.0, 27.0, 27.0, 27.0, 26.89, 26.46, 26.0, 26.3, 26.34, 26.34, 26.62, 26.68, 26.66, 26.65, 26.65, 26.65], [27.0, 27.0, 27.0, 27.0, 27.0, 27.0, 27.0, 27.0, 27.0, -999.0, 26.0, 26.8, 26.8, 26.32, 26.61, 26.69, 26.68, 25.99, 26.0, 26.0], [27.0, 27.0, 27.0, 27.0, 27.0, 27.0, 27.0, 27.0, 27.0, 27.0, -999.0, 26.8, 26.8, 26.02, 26.36, 26.17, 26.18, 26.07, 26.08, 26.09], [27.0, 27.0, 27.0, 27.0, 27.0, 27.0, 27.0, 27.0, 27.0, 27.0, -999.0, 25.6, 25.6, 25.6, 26.26, 26.1, 26.11, 26.0, 26.02, 26.04], [27.0, 27.0, 27.0, 27.0, 27.0, 27.0, 27.0, 26.6, 26.6, 26.6, 26.6, 26.22, 25.6, 25.6, 25.6, 26.01, 26.04, 25.94, 25.97, 25.99], [27.0, 27.0, 26.75, 26.74, 26.74, 26.6, 26.6, 26.6, 26.6, 26.6, 25.97, 26.04, 25.95, 25.86, 25.96, 25.67, 25.68, 25.66, 25.89, 25.91], [26.74, 26.74, 26.86, 26.85, 26.6, 26.6, 26.6, 26.6, 26.6, 26.6, 26.17, 26.05, 25.92, 25.8, 25.74, 25.65, 25.66, 25.67, 25.68, 25.69], [26.86, 26.85, 26.85, 26.83, 26.6, 26.6, 26.6, 26.6, 26.6, 26.35, 26.21, 26.06, 25.91, 25.75, 25.62, 25.64, 25.66, 25.68, 25.69, 25.69], [26.85, 26.84, 26.83, 26.6, 26.6, 26.6, 26.6, 26.6, 26.51, 26.41, 26.22, 26.09, 25.91, 25.8, 25.64, 25.65, 25.67, 25.69, 25.69, 25.7], [26.84, 26.84, 26.31, 26.33, 26.35, 26.37, 26.41, 26.52, 26.45, 26.34, 26.22, 26.11, 25.94, 25.86, 25.67, 25.68, 25.69, 25.7, 25.7, 25.7], [26.3, 26.3, 26.31, 26.39, 26.4, 26.42, 26.44, 26.46, 26.33, 26.27, 26.2, 26.12, 25.97, 25.69, 25.69, 25.7, 25.71, 25.71, 25.71, 25.71], [26.37, 26.37, 26.37, 26.38, 26.38, 26.38, 26.39, 26.43, 26.25, 26.21, 26.17, 26.12, 25.83, 25.7, 25.71, 25.72, 25.73, 25.73, 25.72, 25.72], [26.36, 26.36, 26.36, 26.42, 26.41, 26.41, 26.4, 26.38, 26.36, 26.35, 26.36, 26.17, 25.88, 25.71, 25.72, 25.73, 25.75, 25.74, 25.73, 25.72], [26.42, 26.42, 26.42, 26.41, 26.4, 26.39, 26.37, 26.34, 26.3, 26.28, 26.31, 26.15, 25.89, 25.85, 25.82, 25.74, 25.77, 25.74, 25.73, 25.73], [26.42, 26.42, 26.41, 26.4, 26.39, 26.38, 26.35, 26.31, 26.24, 26.18, 26.27, 26.17, 26.15, 25.86, 25.82, 25.79, 25.73, 25.72, 25.73, 25.73], [26.42, 26.41, 26.41, 26.4, 26.39, 26.38, 26.35, 26.31, 26.25, 26.2, 26.19, 26.2, 26.18, 25.86, 25.83, 25.88, 25.83, 25.82, 25.73, 25.72], [26.42, 26.41, 26.41, 26.4, 26.39, 26.38, 26.37, 26.35, 26.33, 26.32, 26.26, 26.26, 26.23, 26.05, 25.98, 25.92, 25.88, 25.87, 25.87, 25.88], [26.42, 26.41, 26.41, 26.41, 26.4, 26.39, 26.39, 26.39, 26.4, 26.35, 26.37, 26.32, 26.25, 26.19, 26.03, 25.97, 25.93, 25.91, 25.9, 25.91], [26.42, 26.42, 26.41, 26.41, 26.41, 26.41, 26.41, 26.42, 26.45, 26.44, 26.52, 26.39, 26.3, 26.22, 26.07, 26.01, 25.97, 25.95, 25.94, 25.93], [26.42, 26.42, 26.42, 26.42, 26.41, 26.42, 26.42, 26.44, 26.36, 26.43, 26.48, 26.39, 26.31, 26.24, 26.1, 26.04, 26.0, 25.98, 25.96, 25.95], [26.42, 26.42, 26.42, 26.42, 26.42, 26.42, 26.43, 26.44, 26.34, 26.38, 26.39, 26.35, 26.3, 26.25, 26.12, 26.07, 26.03, 26.0, 25.99, 25.98], [26.42, 26.42, 26.42, 26.42, 26.43, 26.43, 26.44, 26.29, 26.32, 26.33, 26.34, 26.32, 26.28, 26.24, 26.12, 26.08, 26.05, 26.02, 26.01, 25.99]]}]