gis_exercise/awsData/contour/wdir_2023090403.json
[{"header": {"refTime": "2023-09-04T03:00:00.000Z", "nx": 21, "ny": 33, "lo1": 113.509, "la1": 22.2235, "lo2": 113.5947, "la2": 22.1034, "dx": 0.0042850000000001385, "dy": 0.003753125000000024, "parameterCategory": 2, "parameterCategoryName": "Temperature", "parameterNumber": 2}, "data": [0.19, 0.19, 0.19, 0.36, 0.34, 0.24, 0.22, 0.2, 0.2, 0.23, 0.25, 0.27, 0.29, 0.3, 0.47, 0.51, 0.7, 0.72, 0.74, 0.75, 0.2, 0.2, 0.19, 0.19, 0.35, 0.32, 0.21, 0.18, 0.16, 0.2, 0.25, 0.28, 0.29, 0.31, 0.48, 0.68, 0.71, 0.73, 0.75, 0.76, 0.2, 0.2, 0.2, 0.2, 0.35, 0.33, 0.29, 0.16, 0.08, 0.18, 0.25, 0.29, 0.3, 0.31, 0.63, 0.68, 0.72, 0.76, 0.77, 0.78, 0.2, 0.2, 0.2, 0.2, 0.2, 0.35, 0.32, 0.26, 0.21, 0.22, 0.28, 0.3, 0.31, 0.44, 0.62, 0.7, 0.75, 0.79, 0.81, 0.81, 0.2, 0.2, 0.2, 0.21, 0.21, 0.38, 0.37, 0.35, 0.35, 0.3, 0.32, 0.43, 0.35, 0.43, 0.63, 0.73, 0.8, 0.85, 0.85, 0.84, 0.2, 0.2, 0.2, 0.21, 0.22, 0.24, 0.42, 0.43, 0.44, 0.46, 0.53, 0.47, 0.41, 0.72, 0.66, 0.78, 0.88, 0.93, 0.91, 0.87, 0.67, 0.19, 0.2, 0.21, 0.22, 0.25, 0.45, 0.49, 0.51, 0.63, 0.64, 0.56, 0.83, 0.87, 0.7, 0.83, 0.99, 1.06, 1.16, 1.16, 0.67, 0.65, 0.63, 0.59, 0.58, 0.37, 0.42, 0.49, 0.57, 0.63, 0.66, 0.9, 0.96, 1.04, 1.27, 1.25, 1.22, 1.21, 1.23, 1.24, 0.68, 0.65, 0.62, 0.58, 0.53, 0.54, 0.6, 0.45, 0.78, 0.62, 1.0, 1.15, 1.45, 1.31, 1.33, 1.28, 1.25, 1.24, 1.24, 1.25, 0.99, 0.95, 0.9, 0.56, 0.47, 0.41, 0.56, 0.72, 0.95, 0.93, 1.13, 1.32, 1.58, 1.38, 1.37, 1.31, 1.28, 1.26, 1.26, 1.26, 1.0, 0.97, 0.92, 0.82, 0.63, 0.06, 0.78, 1.14, 1.0, 1.09, 1.49, 1.28, 1.35, 1.32, 1.37, 1.33, 1.3, 1.28, 1.27, 1.27, 1.02, 1.0, 0.96, 0.91, 0.81, 0.77, 1.05, 1.36, 1.48, 1.75, 1.52, 1.51, 1.51, 1.27, 1.36, 1.33, 1.31, 1.82, 1.81, 1.8, 1.05, 1.04, 1.03, 1.02, 1.05, 1.18, 1.38, 1.43, 1.46, 1.37, 1.78, 1.51, 1.5, 1.77, 1.79, 1.95, 1.92, 1.9, 1.88, 1.86, 1.08, 1.08, 1.09, 1.11, 1.19, 1.35, 1.62, 1.44, 1.4, 1.36, 1.77, 2.04, 2.09, 2.13, 1.89, 2.03, 2.0, 1.97, 1.94, 1.92, 1.1, 1.11, 1.13, 1.17, 1.23, 1.33, 1.41, 1.39, 1.31, 1.25, 1.2, 1.52, 2.15, 2.2, 2.23, 2.12, 2.08, 2.04, 2.01, 1.98, 1.12, 1.13, 0.7, 0.74, 0.79, 1.26, 1.24, 1.19, 1.13, 1.09, 1.35, 1.51, 1.69, 1.92, 2.01, 2.34, 2.31, 2.28, 2.03, 1.99, 0.64, 0.65, 0.67, 0.69, 1.13, 1.1, 1.03, 0.94, 0.88, 0.89, 1.26, 1.49, 1.75, 2.02, 2.2, 2.3, 2.19, 2.11, 2.06, 2.01, 0.62, 0.63, 0.64, 0.64, 1.03, 0.95, 0.82, 0.65, 0.56, 0.87, 1.16, 1.45, 1.78, 2.17, 2.53, 2.33, 2.19, 2.09, 2.03, 1.99, 0.61, 0.61, 0.6, 1.01, 0.95, 0.84, 0.67, 0.4, 0.21, 0.68, 0.92, 1.25, 1.75, 2.05, 2.35, 2.25, 2.13, 2.04, 1.99, 1.95, 0.59, 0.59, 0.82, 0.79, 0.73, 0.65, 0.53, 0.36, 0.34, 0.6, 0.9, 1.18, 1.66, 1.87, 2.16, 2.11, 2.03, 1.97, 1.93, 1.91, 0.84, 0.83, 0.8, 0.77, 0.72, 0.66, 0.58, 0.5, 0.62, 0.75, 0.93, 1.13, 1.59, 2.05, 2.02, 1.98, 1.93, 1.89, 1.87, 1.86, 0.83, 0.82, 0.79, 0.76, 0.73, 0.69, 0.65, 0.27, 0.78, 0.86, 0.97, 1.1, 1.82, 1.96, 1.92, 1.88, 1.84, 1.81, 1.8, 1.81, 0.83, 0.81, 0.79, 0.26, 0.27, 0.29, 0.31, 0.35, 0.38, 0.4, 0.39, 0.91, 1.36, 1.89, 1.85, 1.8, 1.78, 1.74, 1.74, 1.76, 0.24, 0.25, 0.26, 0.27, 0.29, 0.32, 0.36, 0.42, 0.5, 0.53, 0.47, 0.86, 1.34, 1.42, 1.49, 1.75, 1.79, 1.64, 1.68, 1.73, 0.24, 0.25, 0.26, 0.28, 0.3, 0.33, 0.38, 0.47, 0.62, 0.74, 0.55, 0.8, 0.87, 1.4, 1.47, 1.53, 1.61, 1.52, 1.65, 1.71, 0.24, 0.25, 0.26, 0.27, 0.29, 0.32, 0.37, 0.45, 0.59, 0.7, 0.73, 0.72, 0.78, 1.39, 1.45, 1.3, 1.36, 1.36, 1.67, 1.71, 0.24, 0.25, 0.26, 0.27, 0.28, 0.3, 0.33, 0.37, 0.41, 0.41, 0.56, 0.58, 0.67, 0.92, 1.08, 1.19, 1.26, 1.29, 1.29, 1.27, 0.24, 0.24, 0.25, 0.25, 0.26, 0.27, 0.27, 0.27, 0.24, 0.35, 0.29, 0.3, 0.42, 0.53, 0.97, 1.09, 1.17, 1.21, 1.22, 1.22, 0.23, 0.24, 0.24, 0.24, 0.24, 0.24, 0.22, 0.19, 0.12, 0.1, -0.13, 0.14, 0.33, 0.46, 0.88, 1.0, 1.08, 1.13, 1.16, 1.17, 0.23, 0.23, 0.23, 0.23, 0.22, 0.21, 0.19, 0.15, 0.22, 0.06, -0.04, 0.13, 0.3, 0.43, 0.81, 0.93, 1.01, 1.07, 1.1, 1.12, 0.22, 0.22, 0.22, 0.21, 0.21, 0.19, 0.17, 0.13, 0.25, 0.17, 0.15, 0.21, 0.32, 0.42, 0.78, 0.88, 0.96, 1.02, 1.06, 1.08, 0.22, 0.21, 0.21, 0.21, 0.2, 0.18, 0.16, 0.35, 0.3, 0.26, 0.25, 0.29, 0.36, 0.43, 0.76, 0.85, 0.92, 0.98, 1.02, 1.04]}, {"header": {"refTime": "2023-09-04T03:00:00.000Z", "nx": 21, "ny": 33, "lo1": 113.509, "la1": 22.2235, "lo2": 113.5947, "la2": 22.1034, "dx": 0.0042850000000001385, "dy": 0.003753125000000024, "parameterCategory": 2, "parameterCategoryName": "Temperature", "parameterNumber": 3}, "data": [-0.16, -0.16, -0.15, -0.22, -0.21, -0.29, -0.26, -0.23, -0.22, -0.15, -0.2, -0.24, -0.37, -0.4, -0.17, -0.16, -0.33, -0.31, -0.29, -0.28, -0.16, -0.16, -0.16, -0.15, -0.21, -0.19, -0.24, -0.18, -0.14, -0.12, -0.19, -0.26, -0.4, -0.42, -0.19, -0.35, -0.32, -0.29, -0.27, -0.26, -0.16, -0.16, -0.16, -0.16, -0.22, -0.2, -0.15, -0.13, 0.03, -0.09, -0.21, -0.29, -0.44, -0.45, -0.39, -0.34, -0.3, -0.26, -0.25, -0.24, -0.17, -0.17, -0.17, -0.17, -0.17, -0.22, -0.19, -0.13, -0.07, -0.14, -0.25, -0.36, -0.5, -0.55, -0.4, -0.32, -0.26, -0.23, -0.21, -0.21, -0.17, -0.17, -0.17, -0.18, -0.19, -0.26, -0.25, -0.23, -0.21, -0.21, -0.3, -0.55, -0.6, -0.56, -0.39, -0.29, -0.21, -0.16, -0.16, -0.17, -0.17, -0.17, -0.17, -0.18, -0.2, -0.22, -0.32, -0.33, -0.32, -0.3, -0.47, -0.53, -0.57, -0.54, -0.37, -0.24, -0.12, -0.07, -0.09, -0.14, 0.03, -0.17, -0.17, -0.18, -0.2, -0.24, -0.38, -0.44, -0.45, -0.46, -0.41, -0.49, -0.53, -0.51, -0.35, -0.19, 0.01, 0.08, 0.03, -0.02, 0.05, 0.04, 0.03, -0.1, -0.13, -0.29, -0.37, -0.5, -0.65, -0.44, -0.29, -0.44, -0.46, -0.47, -0.2, -0.08, 0.06, 0.11, 0.03, -0.02, 0.07, 0.06, 0.06, 0.04, -0.08, -0.1, -0.18, -0.41, -0.4, -0.48, -0.32, -0.36, -0.31, -0.33, -0.21, -0.12, -0.03, 0.01, -0.01, -0.04, 0.37, 0.36, 0.34, 0.08, 0.08, -0.01, -0.06, -0.12, -0.23, -0.22, -0.32, -0.31, -0.26, -0.31, -0.21, -0.15, -0.09, -0.06, -0.06, -0.07, 0.37, 0.37, 0.35, 0.33, 0.27, 0.11, 0.29, 0.35, 0.02, -0.11, -0.02, -0.31, -0.3, -0.31, -0.21, -0.17, -0.13, -0.1, -0.09, -0.09, 0.38, 0.38, 0.37, 0.36, 0.33, 0.32, 0.37, 0.38, 0.36, 0.32, 0.03, -0.15, -0.18, -0.32, -0.2, -0.18, -0.15, -0.03, -0.03, -0.03, 0.39, 0.39, 0.39, 0.39, 0.41, 0.46, 0.53, 0.44, 0.39, 0.4, 0.3, -0.11, -0.15, -0.34, -0.34, -0.09, -0.07, -0.06, -0.05, -0.05, 0.4, 0.4, 0.41, 0.43, 0.46, 0.54, 0.69, 0.52, 0.45, 0.43, 0.33, -0.01, -0.05, -0.08, -0.33, -0.11, -0.1, -0.09, -0.08, -0.07, 0.41, 0.41, 0.42, 0.44, 0.47, 0.52, 0.55, 0.49, 0.43, 0.39, 0.37, 0.02, -0.07, -0.1, -0.12, -0.14, -0.12, -0.11, -0.1, -0.09, 0.41, 0.42, 0.34, 0.36, 0.38, 0.45, 0.44, 0.41, 0.38, 0.35, 0.02, -0.01, -0.06, -0.19, -0.2, -0.21, -0.2, -0.19, -0.08, -0.06, 0.32, 0.32, 0.33, 0.33, 0.4, 0.38, 0.36, 0.32, 0.29, 0.29, -0.0, -0.04, -0.09, -0.14, -0.21, -0.21, -0.19, -0.17, -0.16, -0.16, 0.31, 0.31, 0.31, 0.31, 0.35, 0.33, 0.28, 0.22, 0.19, 0.1, 0.08, -0.05, -0.11, -0.21, -0.26, -0.22, -0.19, -0.17, -0.16, -0.15, 0.3, 0.3, 0.3, 0.34, 0.32, 0.29, 0.23, 0.13, 0.03, 0.07, -0.15, -0.19, -0.15, -0.19, -0.22, -0.2, -0.18, -0.16, -0.15, -0.14, 0.29, 0.29, 0.15, 0.14, 0.12, 0.1, 0.08, 0.05, -0.07, -0.11, -0.16, -0.19, -0.14, -0.16, -0.18, -0.17, -0.16, -0.14, -0.14, -0.13, 0.13, 0.13, 0.12, 0.11, 0.09, 0.07, 0.05, 0.03, -0.13, -0.16, -0.18, -0.2, -0.12, -0.16, -0.15, -0.14, -0.13, -0.13, -0.12, -0.12, 0.11, 0.1, 0.09, 0.08, 0.06, 0.04, 0.01, -0.15, -0.19, -0.2, -0.21, -0.22, -0.23, -0.14, -0.13, -0.12, -0.11, -0.11, -0.11, -0.11, 0.09, 0.08, 0.07, -0.16, -0.16, -0.17, -0.17, -0.19, -0.2, -0.21, -0.2, -0.18, -0.19, -0.13, -0.11, -0.1, -0.08, -0.09, -0.1, -0.11, -0.16, -0.16, -0.16, -0.17, -0.17, -0.18, -0.2, -0.22, -0.25, -0.26, -0.24, -0.22, -0.2, -0.16, -0.13, -0.09, -0.06, -0.08, -0.1, -0.1, -0.16, -0.16, -0.17, -0.17, -0.18, -0.19, -0.21, -0.24, -0.29, -0.33, -0.27, -0.23, -0.19, -0.17, -0.13, -0.11, -0.09, -0.1, -0.1, -0.1, -0.16, -0.17, -0.17, -0.18, -0.18, -0.2, -0.21, -0.24, -0.29, -0.32, -0.27, -0.22, -0.19, -0.17, -0.14, -0.07, -0.08, -0.08, -0.1, -0.11, -0.17, -0.17, -0.17, -0.18, -0.18, -0.19, -0.2, -0.22, -0.24, -0.24, -0.22, -0.19, -0.17, -0.07, -0.07, -0.07, -0.08, -0.08, -0.08, -0.08, -0.17, -0.17, -0.17, -0.18, -0.18, -0.19, -0.19, -0.19, -0.19, -0.18, -0.16, -0.17, -0.18, -0.18, -0.07, -0.07, -0.07, -0.08, -0.08, -0.07, -0.17, -0.17, -0.17, -0.17, -0.18, -0.18, -0.18, -0.17, -0.16, -0.13, -0.1, -0.14, -0.16, -0.17, -0.07, -0.07, -0.07, -0.07, -0.07, -0.07, -0.17, -0.17, -0.17, -0.17, -0.17, -0.17, -0.17, -0.16, -0.16, -0.13, -0.11, -0.14, -0.15, -0.16, -0.07, -0.07, -0.07, -0.07, -0.07, -0.07, -0.17, -0.17, -0.17, -0.17, -0.17, -0.17, -0.16, -0.16, -0.16, -0.15, -0.14, -0.15, -0.16, -0.16, -0.07, -0.07, -0.07, -0.07, -0.07, -0.07, -0.16, -0.17, -0.17, -0.17, -0.17, -0.16, -0.16, -0.17, -0.17, -0.16, -0.15, -0.16, -0.16, -0.16, -0.07, -0.07, -0.07, -0.07, -0.07, -0.07]}, {"header": {"refTime": "2023-09-04T03:00:00.000Z", "nx": 21, "ny": 33, "lo1": 113.509, "la1": 22.2235, "lo2": 113.5947, "la2": 22.1034, "dx": 0.0042850000000001385, "dy": 0.003753125000000024, "parameterCategory": 0, "parameterCategoryName": "Temperature", "parameterNumber": 0}, "data": [[27.9, 27.91, 27.91, 27.99, 27.98, 28.23, 28.21, 28.19, 28.2, 28.18, 28.24, 28.29, 28.5, 28.54, 28.55, 28.56, 28.75, 28.74, 28.74, 28.73], [27.9, 27.91, 27.91, 27.91, 27.99, 27.98, 28.19, 28.14, 28.12, 28.14, 28.24, 28.32, 28.54, 28.57, 28.58, 28.76, 28.75, 28.74, 28.73, 28.73], [27.9, 27.9, 27.91, 27.91, 27.99, 27.98, 27.97, 28.1, 27.95, 28.1, 28.26, 28.38, 28.61, 28.63, 28.78, 28.76, 28.74, 28.73, 28.72, 28.72], [27.9, 27.9, 27.91, 27.91, 27.92, 27.99, 27.98, 27.96, 27.94, 28.15, 28.31, 28.48, 28.71, 28.69, 28.79, 28.76, 28.73, 28.72, 28.71, 28.71], [27.89, 27.9, 27.9, 27.91, 27.92, 28.0, 28.0, 27.99, 27.98, 28.21, 28.35, 28.71, 28.88, 28.73, 28.79, 28.74, 28.72, 28.7, 28.7, 28.7], [27.89, 27.89, 27.89, 27.9, 27.92, 27.94, 28.03, 28.03, 28.02, 28.0, 28.47, 28.62, 28.76, 28.87, 28.77, 28.72, 28.69, 28.67, 28.68, 28.69], [27.87, 27.88, 27.88, 27.89, 27.9, 27.93, 27.97, 28.07, 28.07, 28.14, 28.14, 28.48, 28.77, 28.8, 28.74, 28.7, 28.65, 28.63, 28.67, 28.7], [27.86, 27.85, 27.85, 27.86, 27.87, 27.9, 27.96, 28.06, 28.19, 28.11, 28.01, 28.38, 28.39, 28.8, 28.6, 28.6, 28.6, 28.6, 28.6, 28.6], [27.94, 27.93, 27.83, 27.82, 27.82, 27.84, 27.91, 27.99, 28.1, 28.16, 28.17, 28.27, 28.32, 28.26, 28.6, 28.6, 28.6, 28.6, 28.6, 28.6], [27.6, 27.6, 27.6, 27.88, 27.84, 27.74, 27.81, 27.91, 28.03, 28.05, 28.33, 28.21, 28.25, 28.23, 28.6, 28.6, 28.6, 28.6, 28.6, 28.6], [27.6, 27.6, 27.6, 27.6, 27.6, 27.6, 27.6, 27.6, 27.81, 28.1, 27.9, 28.17, 28.2, 28.2, 28.6, 28.6, 28.6, 28.6, 28.6, 28.6], [27.6, 27.6, 27.6, 27.6, 27.6, 27.6, 27.6, 27.6, 27.6, -999.0, 27.9, 28.6, 28.6, 28.18, 28.6, 28.6, 28.6, 28.03, 28.05, 28.05], [27.6, 27.6, 27.6, 27.6, 27.6, 27.6, 27.6, 27.6, 27.6, 27.6, -999.0, 28.6, 28.6, 27.95, 28.23, 28.24, 28.24, 28.12, 28.14, 28.15], [27.6, 27.6, 27.6, 27.6, 27.6, 27.6, 27.6, 27.6, 27.6, 27.6, -999.0, 27.6, 27.6, 27.6, 28.15, 28.15, 28.17, 28.04, 28.07, 28.09], [27.6, 27.6, 27.6, 27.6, 27.6, 27.6, 27.6, 27.4, 27.4, 27.4, 27.4, 27.48, 27.6, 27.6, 27.6, 28.06, 28.09, 27.97, 28.01, 28.04], [27.6, 27.6, 27.47, 27.47, 27.47, 27.4, 27.4, 27.4, 27.4, 27.4, 27.53, 27.51, 27.53, 27.55, 27.53, 27.64, 27.64, 27.63, 27.89, 27.91], [27.47, 27.47, 27.53, 27.53, 27.4, 27.4, 27.4, 27.4, 27.4, 27.4, 27.49, 27.51, 27.54, 27.56, 27.59, 27.59, 27.58, 27.58, 27.58, 27.57], [27.53, 27.53, 27.52, 27.52, 27.4, 27.4, 27.4, 27.4, 27.4, 27.45, 27.48, 27.51, 27.54, 27.58, 27.6, 27.59, 27.58, 27.58, 27.58, 27.57], [27.52, 27.52, 27.52, 27.4, 27.4, 27.4, 27.4, 27.4, 27.42, 27.44, 27.49, 27.52, 27.56, 27.58, 27.59, 27.59, 27.58, 27.58, 27.57, 27.57], [27.52, 27.52, 27.51, 27.51, 27.5, 27.49, 27.47, 27.43, 27.44, 27.47, 27.5, 27.52, 27.56, 27.58, 27.58, 27.58, 27.58, 27.57, 27.57, 27.57], [27.52, 27.52, 27.52, 27.48, 27.48, 27.47, 27.47, 27.46, 27.48, 27.49, 27.51, 27.52, 27.57, 27.58, 27.58, 27.58, 27.58, 27.57, 27.57, 27.57], [27.49, 27.49, 27.49, 27.49, 27.49, 27.49, 27.48, 27.61, 27.51, 27.51, 27.52, 27.53, 27.63, 27.58, 27.58, 27.58, 27.58, 27.57, 27.57, 27.56], [27.5, 27.5, 27.5, 27.67, 27.67, 27.66, 27.65, 27.65, 27.65, 27.65, 27.67, 27.57, 27.57, 27.57, 27.57, 27.58, 27.59, 27.57, 27.56, 27.56], [27.7, 27.7, 27.7, 27.69, 27.69, 27.68, 27.68, 27.67, 27.67, 27.67, 27.68, 27.77, 27.57, 27.57, 27.57, 27.58, 27.63, 27.55, 27.54, 27.55], [27.71, 27.71, 27.71, 27.71, 27.71, 27.71, 27.7, 27.69, 27.67, 27.64, 27.69, 27.78, 27.8, 27.57, 27.56, 27.56, 27.53, 27.49, 27.53, 27.54], [27.72, 27.73, 27.73, 27.73, 27.73, 27.73, 27.73, 27.72, 27.69, 27.66, 27.76, 27.81, 27.83, 27.57, 27.56, 27.64, 27.6, 27.58, 27.53, 27.54], [27.73, 27.74, 27.74, 27.75, 27.75, 27.76, 27.76, 27.77, 27.77, 27.78, 27.85, 27.87, 27.86, 27.78, 27.72, 27.68, 27.64, 27.63, 27.63, 27.64], [27.74, 27.75, 27.75, 27.76, 27.77, 27.78, 27.8, 27.82, 27.86, 27.94, 27.97, 27.9, 27.85, 27.79, 27.76, 27.71, 27.68, 27.66, 27.66, 27.66], [27.75, 27.76, 27.77, 27.78, 27.79, 27.8, 27.83, 27.86, 27.92, 28.05, 28.12, 27.98, 27.89, 27.82, 27.79, 27.75, 27.71, 27.69, 27.69, 27.68], [27.76, 27.77, 27.78, 27.79, 27.8, 27.82, 27.85, 27.88, 27.94, 28.02, 28.07, 27.99, 27.9, 27.84, 27.81, 27.77, 27.74, 27.72, 27.71, 27.7], [27.77, 27.78, 27.78, 27.8, 27.81, 27.83, 27.86, 27.89, 27.93, 27.97, 27.98, 27.95, 27.89, 27.84, 27.83, 27.79, 27.76, 27.74, 27.73, 27.72], [27.77, 27.78, 27.79, 27.8, 27.82, 27.83, 27.86, 27.88, 27.9, 27.92, 27.93, 27.91, 27.88, 27.84, 27.83, 27.8, 27.78, 27.76, 27.74, 27.73]]}]