gis_exercise/awsData/contour/wdir_2023091204.json
[{"header": {"refTime": "2023-09-12T04:00:00.000Z", "nx": 21, "ny": 33, "lo1": 113.509, "la1": 22.2235, "lo2": 113.5947, "la2": 22.1034, "dx": 0.0042850000000001385, "dy": 0.003753125000000024, "parameterCategory": 2, "parameterCategoryName": "Temperature", "parameterNumber": 2}, "data": [-1.39, -1.4, -1.41, -1.62, -1.6, -1.74, -1.7, -1.67, -1.65, -1.54, -1.58, -1.63, -1.91, -1.94, -2.79, -2.93, -3.35, -3.43, -3.48, -3.52, -1.39, -1.4, -1.41, -1.41, -1.61, -1.58, -1.67, -1.6, -1.56, -1.5, -1.58, -1.65, -1.93, -1.97, -2.82, -3.27, -3.39, -3.49, -3.55, -3.58, -1.39, -1.39, -1.4, -1.41, -1.62, -1.59, -1.54, -1.55, -1.35, -1.47, -1.6, -1.7, -1.98, -2.0, -3.12, -3.3, -3.46, -3.58, -3.64, -3.67, -1.38, -1.39, -1.4, -1.42, -1.43, -1.62, -1.58, -1.51, -1.45, -1.51, -1.64, -1.77, -2.04, -2.08, -3.1, -3.36, -3.58, -3.72, -3.77, -3.77, -1.37, -1.38, -1.39, -1.41, -1.44, -1.67, -1.65, -1.63, -1.6, -1.58, -1.69, -2.07, -2.12, -2.09, -3.11, -3.47, -3.77, -3.93, -3.95, -3.9, -1.35, -1.36, -1.37, -1.4, -1.43, -1.49, -1.74, -1.75, -1.73, -1.68, -1.96, -2.05, -2.1, -2.67, -3.19, -3.65, -4.09, -4.28, -4.18, -4.04, -2.65, -1.34, -1.35, -1.37, -1.41, -1.48, -1.64, -1.88, -1.88, -1.92, -1.86, -2.04, -2.79, -2.87, -3.3, -3.84, -4.54, -4.8, -4.69, -4.51, -2.65, -2.59, -2.52, -2.33, -2.31, -1.46, -1.61, -1.87, -2.18, -1.88, -1.63, -2.56, -2.75, -3.08, -4.03, -4.38, -4.81, -4.97, -4.74, -4.58, -2.67, -2.6, -2.5, -2.38, -2.16, -2.19, -2.36, -1.69, -2.59, -1.95, -2.49, -2.95, -3.51, -3.24, -4.04, -4.29, -4.54, -4.65, -4.6, -4.52, -3.56, -3.45, -3.3, -2.33, -2.04, -1.79, -2.23, -2.71, -3.08, -2.9, -2.8, -3.22, -3.71, -3.35, -4.05, -4.21, -4.37, -4.46, -4.47, -4.44, -3.6, -3.5, -3.34, -3.07, -2.48, -0.78, -2.91, -3.98, -3.52, -3.46, -3.86, -3.12, -3.28, -3.23, -4.06, -4.16, -4.26, -4.34, -4.37, -4.37, -3.66, -3.59, -3.49, -3.32, -3.04, -2.9, -3.73, -4.6, -4.92, -5.33, -4.08, -4.18, -4.09, -3.12, -4.06, -4.13, -4.2, -4.32, -4.34, -4.33, -3.74, -3.71, -3.68, -3.67, -3.75, -4.15, -4.75, -4.84, -4.9, -4.66, -5.28, -4.26, -4.16, -3.33, -3.3, -4.11, -4.14, -4.18, -4.2, -4.22, -3.82, -3.83, -3.86, -3.94, -4.17, -4.68, -5.54, -4.93, -4.75, -4.62, -5.32, -4.3, -4.16, -4.04, -3.21, -3.94, -3.98, -4.03, -4.07, -4.11, -3.89, -3.92, -3.99, -4.1, -4.31, -4.62, -4.86, -4.44, -4.12, -3.87, -3.68, -2.57, -3.99, -3.85, -3.76, -3.73, -3.8, -3.88, -3.95, -4.0, -3.95, -4.0, -2.27, -2.4, -2.56, -3.92, -3.86, -3.64, -3.39, -3.24, -2.22, -2.29, -2.37, -2.25, -2.35, -2.97, -2.98, -3.0, -3.26, -3.3, -2.04, -2.08, -2.12, -2.16, -3.42, -3.28, -3.01, -2.65, -2.41, -2.45, -1.8, -2.05, -2.26, -2.43, -2.2, -2.47, -2.39, -2.33, -2.28, -2.25, -1.96, -1.96, -1.96, -1.92, -3.0, -2.69, -2.18, -1.49, -1.14, -1.07, -1.54, -1.84, -2.16, -2.15, -2.63, -2.5, -2.38, -2.31, -2.26, -2.23, -1.88, -1.85, -1.81, -2.93, -2.67, -2.26, -1.59, -0.48, 0.57, -0.54, -0.72, -1.22, -1.58, -2.0, -2.51, -2.43, -2.34, -2.27, -2.23, -2.2, -1.8, -1.76, -2.27, -2.12, -1.9, -1.57, -1.07, -0.38, 0.31, -0.23, -0.79, -1.22, -1.47, -1.77, -2.37, -2.32, -2.26, -2.22, -2.19, -2.17, -2.37, -2.3, -2.2, -2.06, -1.87, -1.61, -1.29, -0.96, -0.41, -0.66, -1.0, -1.3, -1.4, -2.28, -2.26, -2.23, -2.19, -2.15, -2.14, -2.13, -2.33, -2.26, -2.17, -2.05, -1.91, -1.74, -1.57, -0.53, -0.96, -1.11, -1.28, -1.44, -2.6, -2.21, -2.18, -2.15, -2.12, -2.1, -2.09, -2.09, -2.3, -2.24, -2.16, -0.73, -0.74, -0.78, -0.84, -0.94, -1.07, -1.15, -1.14, -1.52, -2.26, -2.15, -2.12, -2.1, -2.09, -2.05, -2.03, -2.05, -0.76, -0.77, -0.79, -0.82, -0.87, -0.96, -1.09, -1.29, -1.54, -1.66, -1.51, -2.1, -2.28, -2.19, -2.11, -2.06, -2.13, -1.95, -1.97, -2.01, -0.8, -0.82, -0.85, -0.9, -0.97, -1.08, -1.25, -1.52, -1.96, -2.32, -1.81, -2.08, -1.99, -2.19, -2.11, -2.03, -1.91, -1.81, -1.94, -1.99, -0.83, -0.86, -0.9, -0.95, -1.03, -1.14, -1.3, -1.55, -1.95, -2.26, -2.17, -1.97, -1.9, -2.2, -2.12, -1.69, -1.72, -1.72, -1.96, -2.0, -0.86, -0.89, -0.93, -0.98, -1.05, -1.14, -1.26, -1.41, -1.57, -1.6, -1.82, -1.74, -1.75, -1.41, -1.52, -1.61, -1.66, -1.67, -1.67, -1.66, -0.87, -0.9, -0.94, -0.99, -1.04, -1.11, -1.18, -1.24, -1.24, -1.48, -1.35, -1.34, -1.43, -1.49, -1.44, -1.53, -1.59, -1.62, -1.63, -1.63, -0.89, -0.91, -0.95, -0.98, -1.03, -1.07, -1.1, -1.1, -1.03, -1.08, -0.74, -1.1, -1.31, -1.42, -1.38, -1.47, -1.53, -1.56, -1.58, -1.59, -0.89, -0.92, -0.94, -0.97, -1.0, -1.03, -1.04, -1.01, -1.25, -1.01, -0.85, -1.07, -1.26, -1.38, -1.33, -1.41, -1.48, -1.52, -1.54, -1.56, -0.89, -0.92, -0.94, -0.96, -0.98, -0.99, -0.99, -0.97, -1.27, -1.15, -1.1, -1.17, -1.28, -1.37, -1.3, -1.38, -1.44, -1.48, -1.51, -1.53, -0.89, -0.91, -0.93, -0.95, -0.96, -0.97, -0.97, -1.39, -1.32, -1.25, -1.23, -1.26, -1.32, -1.38, -1.29, -1.36, -1.41, -1.45, -1.48, -1.5]}, {"header": {"refTime": "2023-09-12T04:00:00.000Z", "nx": 21, "ny": 33, "lo1": 113.509, "la1": 22.2235, "lo2": 113.5947, "la2": 22.1034, "dx": 0.0042850000000001385, "dy": 0.003753125000000024, "parameterCategory": 2, "parameterCategoryName": "Temperature", "parameterNumber": 3}, "data": [-0.13, -0.12, -0.12, 0.22, 0.2, 0.14, 0.11, 0.09, 0.08, 0.16, 0.21, 0.26, 0.41, 0.44, 0.42, 0.45, 0.83, 0.83, 0.84, 0.85, -0.13, -0.12, -0.12, -0.11, 0.21, 0.17, 0.09, 0.04, 0.01, 0.11, 0.2, 0.27, 0.42, 0.46, 0.44, 0.81, 0.83, 0.84, 0.85, 0.85, -0.13, -0.13, -0.12, -0.11, 0.22, 0.18, 0.13, 0.01, -0.13, 0.07, 0.21, 0.3, 0.45, 0.48, 0.79, 0.81, 0.83, 0.84, 0.85, 0.86, -0.14, -0.13, -0.12, -0.11, -0.1, 0.21, 0.17, 0.09, 0.02, 0.14, 0.27, 0.35, 0.49, 0.68, 0.78, 0.81, 0.84, 0.85, 0.86, 0.86, -0.14, -0.14, -0.13, -0.12, -0.1, 0.25, 0.23, 0.21, 0.21, 0.26, 0.34, 0.66, 0.57, 0.66, 0.78, 0.83, 0.85, 0.87, 0.87, 0.87, -0.15, -0.15, -0.14, -0.13, -0.1, -0.07, 0.3, 0.31, 0.33, 0.36, 0.74, 0.71, 0.65, 0.72, 0.81, 0.85, 0.88, 0.89, 0.89, 0.88, 0.18, -0.17, -0.16, -0.15, -0.12, -0.07, 0.23, 0.38, 0.41, 0.69, 0.75, 0.81, 0.84, 0.81, 0.85, 0.88, 0.9, 0.92, 0.84, 0.82, 0.17, 0.15, 0.13, 0.07, 0.08, 0.08, 0.18, 0.32, 0.51, 0.67, 0.71, 0.96, 0.99, 0.87, 0.95, 0.95, 0.94, 0.94, 0.94, 0.95, 0.17, 0.14, 0.11, 0.07, -0.01, 0.02, 0.13, 0.23, 0.57, 0.69, 0.84, 0.9, 0.88, 0.89, 0.94, 0.94, 0.94, 0.94, 0.94, 0.95, 0.28, 0.25, 0.2, 0.03, -0.08, -0.17, 0.01, 0.21, 0.64, 0.65, 0.85, 0.86, 0.84, 0.87, 0.93, 0.94, 0.94, 0.94, 0.94, 0.95, 0.29, 0.26, 0.22, 0.13, -0.06, -0.6, 0.08, 0.41, 0.4, 0.69, 0.78, 0.86, 0.86, 0.86, 0.93, 0.94, 0.94, 0.94, 0.94, 0.95, 0.31, 0.29, 0.26, 0.21, 0.12, 0.07, 0.33, 0.61, 0.7, 0.89, 0.79, 0.91, 0.91, 0.87, 0.93, 0.94, 0.94, 0.67, 0.67, 0.67, 0.34, 0.33, 0.32, 0.32, 0.34, 0.47, 0.67, 0.68, 0.7, 0.63, 0.89, 0.91, 0.91, 0.7, 0.68, 0.61, 0.62, 0.63, 0.63, 0.64, 0.37, 0.37, 0.38, 0.41, 0.48, 0.64, 0.92, 0.72, 0.66, 0.62, 0.9, 0.62, 0.59, 0.56, 0.61, 0.55, 0.56, 0.58, 0.59, 0.6, 0.39, 0.4, 0.42, 0.46, 0.52, 0.62, 0.7, 0.95, 0.93, 0.92, 0.92, 0.6, 0.53, 0.49, 0.47, 0.48, 0.51, 0.53, 0.55, 0.57, 0.41, 0.42, 0.44, 0.48, 0.53, 0.95, 0.95, 0.94, 0.93, 0.92, 0.64, 0.58, 0.5, 0.42, 0.39, 0.54, 0.6, 0.67, 0.76, 0.8, 0.43, 0.45, 0.47, 0.51, 0.93, 0.93, 0.93, 0.92, 0.91, 0.91, 0.63, 0.56, 0.46, 0.36, 0.4, 0.31, 0.37, 0.42, 0.45, 0.47, 0.45, 0.47, 0.5, 0.53, 0.93, 0.92, 0.91, 0.9, 0.89, 0.75, 0.68, 0.55, 0.44, 0.4, 0.18, 0.29, 0.38, 0.43, 0.47, 0.48, 0.47, 0.49, 0.51, 0.92, 0.92, 0.91, 0.9, 0.89, 0.84, 0.77, 0.36, 0.26, 0.61, 0.49, 0.28, 0.35, 0.42, 0.47, 0.49, 0.5, 0.48, 0.5, 0.5, 0.51, 0.52, 0.54, 0.59, 0.66, 0.62, 0.47, 0.32, 0.23, 0.69, 0.64, 0.41, 0.44, 0.49, 0.52, 0.53, 0.53, 0.45, 0.45, 0.45, 0.45, 0.46, 0.47, 0.49, 0.52, 0.38, 0.31, 0.23, 0.17, 0.78, 0.48, 0.5, 0.54, 0.58, 0.58, 0.57, 0.55, 0.41, 0.41, 0.4, 0.39, 0.38, 0.37, 0.36, 0.17, 0.18, 0.14, 0.1, 0.09, 0.35, 0.54, 0.58, 0.64, 0.68, 0.66, 0.61, 0.57, 0.38, 0.37, 0.36, 0.07, 0.07, 0.06, 0.04, 0.0, -0.05, -0.08, -0.08, 0.38, 0.2, 0.58, 0.64, 0.74, 0.85, 0.74, 0.61, 0.57, 0.05, 0.05, 0.04, 0.03, 0.01, -0.02, -0.07, -0.14, -0.23, -0.28, -0.23, 0.05, 0.16, 0.33, 0.49, 0.76, 1.19, 0.62, 0.55, 0.54, 0.03, 0.03, 0.01, -0.0, -0.03, -0.07, -0.13, -0.23, -0.4, -0.53, -0.35, -0.02, 0.2, 0.29, 0.43, 0.54, 0.49, 0.25, 0.47, 0.51, 0.02, 0.01, -0.01, -0.03, -0.06, -0.1, -0.16, -0.26, -0.4, -0.51, -0.25, -0.03, 0.17, 0.25, 0.36, 0.53, 0.47, 0.42, 0.47, 0.5, 0.0, -0.01, -0.02, -0.05, -0.07, -0.11, -0.16, -0.22, -0.28, -0.3, -0.13, 0.0, 0.14, 0.42, 0.47, 0.48, 0.47, 0.46, 0.47, 0.48, -0.01, -0.02, -0.03, -0.05, -0.08, -0.11, -0.14, -0.17, -0.18, -0.08, -0.04, -0.26, -0.28, -0.3, 0.42, 0.45, 0.46, 0.46, 0.47, 0.47, -0.01, -0.03, -0.04, -0.06, -0.08, -0.1, -0.12, -0.13, -0.12, -0.02, -0.08, -0.19, -0.25, -0.28, 0.39, 0.43, 0.44, 0.45, 0.46, 0.47, -0.02, -0.03, -0.04, -0.06, -0.07, -0.09, -0.1, -0.1, -0.23, -0.16, -0.11, -0.18, -0.23, -0.27, 0.37, 0.41, 0.43, 0.44, 0.45, 0.46, -0.02, -0.03, -0.04, -0.06, -0.07, -0.08, -0.09, -0.09, -0.24, -0.2, -0.18, -0.21, -0.24, -0.26, 0.36, 0.39, 0.41, 0.43, 0.44, 0.45, -0.02, -0.03, -0.04, -0.05, -0.06, -0.07, -0.08, -0.27, -0.25, -0.23, -0.22, -0.23, -0.25, -0.27, 0.35, 0.38, 0.4, 0.42, 0.43, 0.44]}, {"header": {"refTime": "2023-09-12T04:00:00.000Z", "nx": 21, "ny": 33, "lo1": 113.509, "la1": 22.2235, "lo2": 113.5947, "la2": 22.1034, "dx": 0.0042850000000001385, "dy": 0.003753125000000024, "parameterCategory": 0, "parameterCategoryName": "Temperature", "parameterNumber": 0}, "data": [[26.13, 26.12, 26.12, 25.89, 25.9, 26.14, 26.14, 26.14, 26.15, 26.09, 26.1, 26.11, 26.31, 26.32, 26.32, 26.32, 26.38, 26.37, 26.37, 26.37], [26.13, 26.13, 26.12, 26.12, 25.9, 25.91, 26.13, 26.13, 26.14, 26.09, 26.1, 26.12, 26.32, 26.33, 26.33, 26.38, 26.37, 26.37, 26.37, 26.36], [26.13, 26.13, 26.12, 26.12, 25.89, 25.91, 25.94, 26.12, 26.11, 26.09, 26.11, 26.14, 26.34, 26.35, 26.39, 26.38, 26.37, 26.37, 26.36, 26.36], [26.14, 26.13, 26.13, 26.12, 26.11, 25.9, 25.92, 25.96, 25.99, 26.08, 26.11, 26.18, 26.38, 26.26, 26.39, 26.38, 26.37, 26.36, 26.36, 26.35], [26.14, 26.14, 26.13, 26.13, 26.11, 25.88, 25.89, 25.9, 25.9, 26.04, 26.09, 26.27, 26.4, 26.29, 26.39, 26.37, 26.36, 26.35, 26.35, 26.35], [26.15, 26.14, 26.14, 26.13, 26.12, 26.1, 25.86, 25.86, 25.84, 25.8, 26.06, 26.2, 26.31, 26.43, 26.38, 26.36, 26.34, 26.34, 26.34, 26.34], [26.18, 26.15, 26.15, 26.15, 26.13, 26.11, 25.92, 25.84, 25.82, 25.79, 25.78, 26.09, 26.39, 26.4, 26.37, 26.35, 26.33, 26.32, 26.34, 26.35], [26.19, 26.19, 26.19, 26.19, 26.18, 26.0, 25.95, 25.9, 25.88, 25.76, 25.63, 26.05, 26.06, 26.4, 26.3, 26.3, 26.3, 26.3, 26.3, 26.3], [26.11, 26.12, 26.21, 26.22, 26.22, 26.2, 26.14, 25.93, 25.77, 25.82, 25.81, 25.93, 25.98, 25.91, 26.3, 26.3, 26.3, 26.3, 26.3, 26.3], [26.4, 26.4, 26.4, 26.17, 26.2, 26.29, 26.23, 26.14, 25.67, 25.69, 25.99, 25.85, 25.9, 25.87, 26.3, 26.3, 26.3, 26.3, 26.3, 26.3], [26.4, 26.4, 26.4, 26.4, 26.4, 26.4, 26.4, 26.4, 26.22, 25.76, 25.5, 25.8, 25.84, 25.84, 26.3, 26.3, 26.3, 26.3, 26.3, 26.3], [26.4, 26.4, 26.4, 26.4, 26.4, 26.4, 26.4, 26.4, 26.4, -999.0, 25.5, 26.3, 26.3, 25.82, 26.3, 26.3, 26.3, 25.73, 25.75, 25.75], [26.4, 26.4, 26.4, 26.4, 26.4, 26.4, 26.4, 26.4, 26.4, 26.4, -999.0, 26.3, 26.3, 25.65, 25.93, 25.94, 25.94, 25.82, 25.84, 25.85], [26.4, 26.4, 26.4, 26.4, 26.4, 26.4, 26.4, 26.4, 26.4, 26.4, -999.0, 25.3, 25.3, 25.3, 25.85, 25.85, 25.87, 25.74, 25.77, 25.79], [26.4, 26.4, 26.4, 26.4, 26.4, 26.4, 26.4, 26.3, 26.3, 26.3, 26.3, 25.92, 25.3, 25.3, 25.3, 25.76, 25.79, 25.67, 25.71, 25.74], [26.4, 26.4, 26.34, 26.34, 26.33, 26.3, 26.3, 26.3, 26.3, 26.3, 25.67, 25.74, 25.65, 25.56, 25.66, 25.67, 25.72, 25.62, 25.83, 25.87], [26.34, 26.34, 26.36, 26.36, 26.3, 26.3, 26.3, 26.3, 26.3, 26.3, 25.87, 25.75, 25.62, 25.5, 25.53, 25.51, 25.59, 25.64, 25.69, 25.71], [26.36, 26.36, 26.36, 26.36, 26.3, 26.3, 26.3, 26.3, 26.3, 26.05, 25.91, 25.76, 25.61, 25.54, 25.33, 25.49, 25.59, 25.66, 25.71, 25.73], [26.36, 26.36, 26.36, 26.3, 26.3, 26.3, 26.3, 26.3, 26.21, 26.11, 25.99, 25.87, 25.75, 25.62, 25.47, 25.55, 25.64, 25.7, 25.74, 25.76], [26.36, 26.36, 26.24, 26.25, 26.25, 26.25, 26.26, 26.28, 26.19, 26.11, 26.01, 25.9, 25.82, 25.74, 25.62, 25.66, 25.72, 25.76, 25.78, 25.79], [26.24, 26.24, 26.24, 26.26, 26.26, 26.26, 26.27, 26.27, 26.12, 26.08, 26.01, 25.93, 25.88, 25.7, 25.73, 25.77, 25.8, 25.82, 25.83, 25.82], [26.25, 26.25, 26.25, 26.26, 26.26, 26.26, 26.26, 26.27, 26.09, 26.06, 26.02, 25.97, 25.91, 25.77, 25.81, 25.86, 25.89, 25.89, 25.87, 25.86], [26.25, 26.25, 26.25, 26.26, 26.26, 26.26, 26.26, 26.26, 26.25, 26.25, 26.25, 26.26, 26.09, 25.82, 25.87, 25.93, 26.0, 25.96, 25.91, 25.88], [26.26, 26.26, 26.26, 26.26, 26.26, 26.26, 26.25, 26.25, 26.24, 26.24, 26.24, 26.25, 26.09, 26.07, 26.06, 25.97, 26.14, 25.96, 25.91, 25.88], [26.26, 26.26, 26.26, 26.26, 26.26, 26.26, 26.25, 26.24, 26.23, 26.22, 26.23, 26.25, 26.26, 26.07, 26.05, 26.03, 25.91, 25.85, 25.89, 25.88], [26.26, 26.26, 26.26, 26.26, 26.26, 26.26, 26.25, 26.24, 26.23, 26.22, 26.24, 26.25, 26.26, 26.07, 26.04, 26.03, 25.99, 25.97, 25.88, 25.87], [26.26, 26.26, 26.26, 26.26, 26.26, 26.26, 26.25, 26.25, 26.25, 26.24, 26.25, 26.26, 26.26, 26.11, 26.08, 26.05, 26.02, 26.01, 26.01, 26.02], [26.26, 26.26, 26.26, 26.26, 26.26, 26.26, 26.26, 26.26, 26.26, 26.27, 26.27, 26.18, 26.14, 26.1, 26.09, 26.07, 26.05, 26.03, 26.03, 26.04], [26.26, 26.26, 26.26, 26.26, 26.26, 26.26, 26.26, 26.26, 26.27, 26.28, 26.27, 26.21, 26.16, 26.11, 26.11, 26.08, 26.06, 26.05, 26.05, 26.05], [26.26, 26.26, 26.26, 26.26, 26.26, 26.26, 26.26, 26.27, 26.2, 26.23, 26.25, 26.21, 26.16, 26.12, 26.12, 26.1, 26.08, 26.07, 26.06, 26.06], [26.26, 26.26, 26.26, 26.26, 26.26, 26.26, 26.27, 26.27, 26.19, 26.21, 26.21, 26.19, 26.16, 26.12, 26.12, 26.1, 26.09, 26.08, 26.07, 26.07], [26.26, 26.26, 26.26, 26.26, 26.27, 26.27, 26.27, 26.17, 26.18, 26.18, 26.18, 26.17, 26.15, 26.12, 26.13, 26.11, 26.1, 26.09, 26.08, 26.08]]}]