gis_exercise/awsData/contour/wdir_2023090602.json
[{"header": {"refTime": "2023-09-06T02:00:00.000Z", "nx": 21, "ny": 33, "lo1": 113.509, "la1": 22.2235, "lo2": 113.5947, "la2": 22.1034, "dx": 0.0042850000000001385, "dy": 0.003753125000000024, "parameterCategory": 2, "parameterCategoryName": "Temperature", "parameterNumber": 2}, "data": [0.11, 0.12, 0.14, 0.02, 0.05, -0.0, 0.05, 0.1, 0.1, -0.05, -0.17, -0.3, -0.43, -0.49, -0.43, -0.45, -0.88, -0.87, -0.86, -0.85, 0.1, 0.11, 0.13, 0.16, 0.05, 0.11, 0.1, 0.21, 0.27, 0.07, -0.16, -0.34, -0.49, -0.55, -0.48, -0.9, -0.88, -0.86, -0.85, -0.84, 0.08, 0.1, 0.11, 0.14, 0.03, 0.09, 0.18, 0.29, 0.61, 0.16, -0.19, -0.43, -0.6, -0.64, -0.93, -0.9, -0.87, -0.84, -0.83, -0.82, 0.07, 0.08, 0.09, 0.11, 0.14, 0.04, 0.12, 0.25, 0.36, 0.0, -0.32, -0.59, -0.77, -1.03, -0.94, -0.89, -0.85, -0.82, -0.81, -0.81, 0.05, 0.06, 0.06, 0.07, 0.09, -0.03, 0.0, 0.04, 0.05, -0.25, -0.48, -1.04, -1.12, -1.05, -0.93, -0.86, -0.81, -0.78, -0.78, -0.78, 0.03, 0.03, 0.03, 0.03, 0.04, 0.04, -0.11, -0.13, -0.17, -0.22, -0.94, -1.0, -1.06, -1.11, -0.91, -0.83, -0.75, -0.72, -0.74, -0.76, -0.08, 0.01, 0.0, -0.0, -0.01, -0.03, -0.42, -0.26, -0.31, -0.65, -0.71, -0.93, -1.06, -1.08, -0.88, -0.79, -0.68, -0.63, -0.74, -0.8, -0.08, -0.08, -0.09, -0.38, -0.38, -0.38, -0.4, -0.41, -0.44, -0.65, -0.73, -0.91, -0.94, -1.06, -0.88, -0.79, -0.68, -0.64, -0.7, -0.74, -0.07, -0.08, -0.08, -0.1, -0.36, -0.36, -0.38, -0.41, -0.53, -0.64, -0.9, -0.97, -1.05, -1.01, -0.91, -0.83, -0.76, -0.73, -0.74, -0.76, -0.16, -0.16, -0.17, -0.08, -0.1, -0.32, -0.37, -0.43, -0.6, -0.62, -0.94, -1.0, -1.07, -1.02, -0.93, -0.86, -0.81, -0.78, -0.78, -0.78, -0.16, -0.16, -0.16, -0.16, -0.17, -0.18, -0.21, -0.31, -0.52, -0.64, -0.9, -0.99, -1.01, -1.01, -0.93, -0.88, -0.85, -0.82, -0.81, -0.81, -0.15, -0.15, -0.14, -0.14, -0.14, -0.15, -0.19, -0.39, -0.52, -0.58, -0.89, -0.97, -0.99, -0.99, -0.92, -0.89, -0.86, -0.88, -0.87, -0.86, -0.14, -0.14, -0.13, -0.12, -0.09, -0.04, -0.0, -0.27, -0.43, -0.34, -0.57, -0.95, -0.97, -1.05, -1.05, -0.94, -0.92, -0.9, -0.89, -0.88, -0.14, -0.13, -0.12, -0.1, -0.06, 0.03, 0.25, -0.07, -0.24, -0.27, -0.52, -0.97, -0.99, -1.0, -1.05, -0.95, -0.94, -0.92, -0.91, -0.9, -0.14, -0.13, -0.11, -0.09, -0.06, -0.01, 0.02, -0.12, -0.23, -0.29, -0.31, -0.77, -0.99, -1.0, -1.01, -0.96, -0.95, -0.94, -0.93, -0.92, -0.13, -0.13, -0.04, -0.02, -0.01, -0.14, -0.15, -0.19, -0.25, -0.28, -0.73, -0.77, -0.82, -0.94, -0.96, -0.93, -0.91, -0.89, -0.71, -0.69, -0.06, -0.06, -0.06, -0.05, -0.2, -0.2, -0.23, -0.26, -0.29, -0.31, -0.72, -0.77, -0.83, -0.9, -0.88, -0.77, -0.68, -0.6, -0.55, -0.51, -0.07, -0.07, -0.08, -0.08, -0.24, -0.25, -0.29, -0.33, -0.36, -0.41, -0.46, -0.77, -0.84, -0.88, -1.01, -0.8, -0.67, -0.58, -0.53, -0.49, -0.09, -0.09, -0.1, -0.25, -0.26, -0.29, -0.33, -0.39, -0.45, -0.44, -0.2, -0.25, -0.75, -0.83, -0.82, -0.72, -0.61, -0.54, -0.49, -0.46, -0.1, -0.1, 0.45, 0.41, 0.36, 0.29, 0.17, -0.02, -0.26, -0.16, -0.1, -0.14, -0.7, -0.75, -0.65, -0.59, -0.53, -0.47, -0.44, -0.42, 0.51, 0.5, 0.49, 0.46, 0.43, 0.38, 0.31, 0.23, -0.0, 0.03, 0.05, 0.01, -0.66, -0.54, -0.52, -0.48, -0.43, -0.4, -0.38, -0.37, 0.55, 0.54, 0.54, 0.53, 0.52, 0.5, 0.49, 0.42, 0.27, 0.29, 0.27, 0.2, 0.14, -0.46, -0.42, -0.38, -0.34, -0.32, -0.32, -0.33, 0.58, 0.58, 0.59, 0.5, 0.52, 0.55, 0.59, 0.66, 0.74, 0.78, 0.77, 0.61, 0.6, -0.4, -0.35, -0.31, -0.28, -0.26, -0.27, -0.29, 0.5, 0.51, 0.53, 0.55, 0.59, 0.64, 0.73, 0.86, 1.02, 1.1, 0.99, 0.87, 0.65, 0.42, 0.22, -0.26, -0.26, -0.18, -0.22, -0.26, 0.52, 0.54, 0.56, 0.59, 0.63, 0.7, 0.81, 0.99, 1.28, 1.53, 1.17, 0.9, 0.68, 0.45, 0.25, 0.09, -0.16, -0.11, -0.2, -0.25, 0.53, 0.55, 0.57, 0.61, 0.65, 0.72, 0.82, 0.99, 1.26, 1.48, 1.14, 0.85, 0.66, 0.49, 0.31, -0.11, -0.1, -0.09, -0.21, -0.25, 0.54, 0.56, 0.58, 0.61, 0.65, 0.71, 0.78, 0.87, 0.97, 0.98, 0.85, 0.7, 0.59, -0.09, -0.1, -0.1, -0.1, -0.1, -0.1, -0.1, 0.55, 0.56, 0.58, 0.61, 0.64, 0.67, 0.7, 0.73, 0.7, 0.61, 0.51, 0.56, 0.58, 0.56, -0.09, -0.09, -0.1, -0.1, -0.1, -0.1, 0.55, 0.56, 0.58, 0.6, 0.61, 0.63, 0.63, 0.61, 0.52, 0.34, 0.16, 0.39, 0.5, 0.52, -0.08, -0.09, -0.09, -0.1, -0.1, -0.1, 0.55, 0.56, 0.57, 0.58, 0.59, 0.59, 0.58, 0.54, 0.51, 0.34, 0.23, 0.36, 0.46, 0.5, -0.08, -0.08, -0.09, -0.09, -0.09, -0.1, 0.54, 0.55, 0.56, 0.57, 0.57, 0.56, 0.55, 0.51, 0.51, 0.42, 0.38, 0.42, 0.47, 0.5, -0.08, -0.08, -0.09, -0.09, -0.09, -0.09, 0.54, 0.55, 0.55, 0.55, 0.55, 0.55, 0.53, 0.58, 0.53, 0.48, 0.46, 0.47, 0.49, 0.5, -0.07, -0.08, -0.08, -0.09, -0.09, -0.09]}, {"header": {"refTime": "2023-09-06T02:00:00.000Z", "nx": 21, "ny": 33, "lo1": 113.509, "la1": 22.2235, "lo2": 113.5947, "la2": 22.1034, "dx": 0.0042850000000001385, "dy": 0.003753125000000024, "parameterCategory": 2, "parameterCategoryName": "Temperature", "parameterNumber": 3}, "data": [0.31, 0.31, 0.32, 0.43, 0.42, 0.72, 0.7, 0.69, 0.7, 0.82, 0.91, 1.0, 1.72, 1.8, 1.91, 2.0, 2.88, 2.91, 2.93, 2.95, 0.31, 0.31, 0.31, 0.32, 0.42, 0.42, 0.67, 0.62, 0.6, 0.75, 0.91, 1.04, 1.77, 1.85, 1.96, 2.84, 2.89, 2.93, 2.95, 2.97, 0.31, 0.31, 0.31, 0.32, 0.42, 0.42, 0.41, 0.57, 0.41, 0.7, 0.94, 1.13, 1.84, 1.91, 2.75, 2.84, 2.91, 2.95, 2.98, 3.0, 0.31, 0.31, 0.31, 0.31, 0.32, 0.42, 0.41, 0.4, 0.39, 0.78, 1.03, 1.27, 1.94, 2.04, 2.73, 2.86, 2.94, 3.0, 3.02, 3.03, 0.31, 0.31, 0.31, 0.31, 0.31, 0.42, 0.42, 0.42, 0.42, 0.91, 1.11, 1.99, 2.0, 2.05, 2.75, 2.9, 3.01, 3.07, 3.08, 3.07, 0.3, 0.3, 0.31, 0.31, 0.31, 0.31, 0.43, 0.43, 0.44, 0.47, 1.86, 2.01, 2.06, 2.4, 2.82, 2.98, 3.12, 3.17, 3.15, 3.11, 0.7, 0.3, 0.3, 0.3, 0.3, 0.31, 0.4, 0.42, 0.43, 1.09, 1.3, 2.11, 2.65, 2.56, 2.93, 3.07, 3.25, 3.32, 3.04, 2.92, 0.71, 0.69, 0.67, 0.28, 0.28, 0.37, 0.38, 0.38, 0.55, 1.0, 0.96, 2.49, 2.72, 2.65, 3.01, 3.12, 3.27, 3.33, 3.25, 3.19, 0.72, 0.7, 0.68, 0.64, 0.28, 0.28, 0.29, 0.39, 0.41, 1.13, 1.84, 2.31, 2.38, 2.34, 2.94, 3.06, 3.16, 3.21, 3.19, 3.16, 0.72, 0.7, 0.68, 0.64, 0.57, 0.27, 0.28, 0.29, 0.41, 0.44, 2.03, 2.2, 2.25, 2.27, 2.89, 3.0, 3.08, 3.13, 3.14, 3.13, 0.74, 0.72, 0.7, 0.65, 0.55, 0.26, 0.56, 0.61, 0.29, 0.41, 1.12, 2.16, 2.21, 2.23, 2.89, 2.97, 3.03, 3.07, 3.09, 3.1, 0.75, 0.75, 0.74, 0.71, 0.67, 0.64, 0.72, 0.6, 0.49, 1.03, 1.01, 1.95, 2.08, 2.2, 2.9, 2.96, 3.01, 2.52, 2.54, 2.55, 0.77, 0.78, 0.78, 0.8, 0.84, 0.96, 1.11, 0.79, 0.6, 0.67, 1.23, 1.82, 1.96, 2.34, 2.32, 2.34, 2.38, 2.41, 2.44, 2.46, 0.79, 0.8, 0.82, 0.86, 0.95, 1.14, 1.55, 1.05, 0.81, 0.76, 1.24, 1.26, 1.35, 1.4, 2.21, 2.23, 2.27, 2.31, 2.35, 2.38, 0.81, 0.82, 0.85, 0.89, 0.97, 1.08, 1.15, 1.21, 1.09, 1.04, 1.03, 0.98, 1.33, 1.38, 1.41, 2.1, 2.15, 2.21, 2.26, 2.31, 0.82, 0.84, 1.12, 1.15, 1.19, 1.24, 1.23, 1.18, 1.13, 1.09, 0.99, 1.05, 1.12, 1.57, 1.57, 1.68, 1.7, 1.72, 2.07, 2.11, 1.1, 1.11, 1.13, 1.15, 1.19, 1.2, 1.19, 1.17, 1.15, 1.13, 1.06, 1.11, 1.18, 1.27, 1.48, 1.61, 1.66, 1.69, 1.72, 1.74, 1.11, 1.12, 1.14, 1.16, 1.18, 1.18, 1.18, 1.18, 1.17, 1.38, 1.41, 1.14, 1.22, 1.47, 1.48, 1.59, 1.66, 1.7, 1.73, 1.75, 1.11, 1.12, 1.14, 1.17, 1.17, 1.17, 1.18, 1.19, 1.25, 1.34, 1.12, 1.15, 1.46, 1.48, 1.58, 1.63, 1.69, 1.73, 1.75, 1.77, 1.12, 1.13, 1.15, 1.15, 1.15, 1.15, 1.15, 1.16, 1.14, 1.1, 1.09, 1.11, 1.46, 1.49, 1.67, 1.7, 1.73, 1.76, 1.78, 1.79, 1.12, 1.12, 1.12, 1.11, 1.1, 1.09, 1.09, 1.09, 1.05, 1.03, 1.03, 1.05, 1.48, 1.72, 1.74, 1.76, 1.78, 1.8, 1.81, 1.81, 1.1, 1.09, 1.08, 1.07, 1.05, 1.03, 1.02, 0.82, 0.94, 0.94, 0.95, 0.97, 1.2, 1.77, 1.78, 1.8, 1.82, 1.83, 1.84, 1.84, 1.07, 1.06, 1.05, 0.76, 0.76, 0.75, 0.74, 0.72, 0.7, 0.68, 0.68, 0.97, 1.34, 1.8, 1.82, 1.84, 1.85, 1.86, 1.87, 1.86, 0.75, 0.75, 0.74, 0.74, 0.73, 0.71, 0.68, 0.64, 0.59, 0.56, 0.59, 0.78, 1.3, 1.47, 1.62, 1.86, 1.83, 1.91, 1.9, 1.88, 0.74, 0.73, 0.73, 0.72, 0.7, 0.68, 0.65, 0.59, 0.5, 0.43, 0.53, 0.74, 0.87, 1.46, 1.61, 1.75, 1.93, 1.98, 1.92, 1.89, 0.73, 0.72, 0.71, 0.7, 0.69, 0.66, 0.63, 0.58, 0.5, 0.44, 0.6, 0.73, 0.84, 1.43, 1.58, 1.75, 1.83, 1.85, 1.91, 1.89, 0.72, 0.71, 0.71, 0.69, 0.68, 0.66, 0.63, 0.6, 0.56, 0.55, 0.66, 0.74, 0.83, 1.5, 1.6, 1.69, 1.75, 1.78, 1.77, 1.75, 0.72, 0.71, 0.7, 0.69, 0.67, 0.66, 0.64, 0.62, 0.61, 0.68, 0.71, 0.8, 0.89, 1.0, 1.53, 1.62, 1.68, 1.71, 1.72, 1.72, 0.71, 0.7, 0.7, 0.69, 0.67, 0.66, 0.65, 0.64, 0.64, 0.71, 0.72, 0.79, 0.87, 0.97, 1.47, 1.56, 1.62, 1.65, 1.67, 1.68, 0.71, 0.7, 0.69, 0.69, 0.68, 0.67, 0.66, 0.66, 0.77, 0.75, 0.75, 0.8, 0.87, 0.96, 1.43, 1.51, 1.57, 1.61, 1.63, 1.64, 0.71, 0.7, 0.69, 0.69, 0.68, 0.67, 0.67, 0.66, 0.79, 0.79, 0.79, 0.83, 0.89, 0.95, 1.41, 1.48, 1.53, 1.57, 1.6, 1.61, 0.71, 0.7, 0.69, 0.69, 0.68, 0.68, 0.67, 0.82, 0.82, 0.82, 0.83, 0.86, 0.9, 0.95, 1.4, 1.46, 1.5, 1.54, 1.57, 1.59]}, {"header": {"refTime": "2023-09-06T02:00:00.000Z", "nx": 21, "ny": 33, "lo1": 113.509, "la1": 22.2235, "lo2": 113.5947, "la2": 22.1034, "dx": 0.0042850000000001385, "dy": 0.003753125000000024, "parameterCategory": 0, "parameterCategoryName": "Temperature", "parameterNumber": 0}, "data": [[27.59, 27.59, 27.59, 27.35, 27.36, 28.07, 28.03, 27.98, 27.99, 27.69, 27.78, 27.87, 28.39, 28.44, 28.63, 28.65, 28.86, 28.85, 28.84, 28.84], [27.59, 27.59, 27.59, 27.59, 27.36, 27.36, 27.98, 27.88, 27.83, 27.65, 27.79, 27.92, 28.46, 28.51, 28.68, 28.88, 28.87, 28.85, 28.84, 28.83], [27.59, 27.59, 27.6, 27.6, 27.37, 27.37, 27.37, 27.79, 27.5, 27.61, 27.82, 28.03, 28.58, 28.61, 28.92, 28.89, 28.86, 28.85, 28.84, 28.83], [27.59, 27.59, 27.6, 27.6, 27.61, 27.38, 27.38, 27.38, 27.37, 27.65, 27.89, 28.22, 28.78, 28.51, 28.93, 28.89, 28.86, 28.84, 28.83, 28.82], [27.59, 27.59, 27.6, 27.61, 27.62, 27.4, 27.41, 27.39, 27.36, 27.65, 27.9, 28.56, 29.05, 28.62, 28.93, 28.87, 28.84, 28.83, 28.82, 28.82], [27.58, 27.59, 27.6, 27.61, 27.63, 27.66, 27.45, 27.45, 27.39, 27.24, 27.88, 28.31, 28.71, 29.0, 28.88, 28.84, 28.82, 28.81, 28.81, 28.81], [27.65, 27.58, 27.59, 27.6, 27.62, 27.67, 27.47, 27.6, 27.55, 27.32, 27.15, 27.89, 28.72, 28.79, 28.81, 28.81, 28.8, 28.8, 28.91, 28.95], [27.63, 27.62, 27.62, 27.63, 27.65, 27.39, 27.49, 27.71, 27.98, 27.24, 26.67, 27.62, 27.63, 28.8, 28.58, 28.51, 28.64, 28.69, 28.62, 28.57], [27.77, 27.76, 27.58, 27.57, 27.56, 27.6, 27.72, 27.55, 27.59, 27.39, 27.03, 27.31, 27.45, 27.27, 28.56, 28.49, 28.56, 28.6, 28.58, 28.55], [27.2, 27.2, 27.2, 27.67, 27.6, 27.43, 27.55, 27.72, 27.12, 27.23, 27.46, 27.14, 27.24, 27.19, 28.56, 28.46, 28.51, 28.54, 28.54, 28.53], [27.2, 27.2, 27.2, 27.2, 27.2, 27.2, 27.2, 27.2, 27.55, 27.55, 26.3, 27.02, 27.11, 27.12, 28.57, 28.44, 28.48, 28.5, 28.5, 28.5], [27.2, 27.2, 27.2, 27.2, 27.2, 27.2, 27.2, 27.2, 27.2, -999.0, 26.3, 28.2, 28.2, 27.06, 28.57, 28.42, 28.44, 27.49, 27.52, 27.53], [27.2, 27.2, 27.2, 27.2, 27.2, 27.2, 27.2, 27.2, 27.2, 27.2, -999.0, 28.2, 28.2, 27.09, 27.58, 27.96, 27.98, 27.7, 27.74, 27.76], [27.2, 27.2, 27.2, 27.2, 27.2, 27.2, 27.2, 27.2, 27.2, 27.2, -999.0, 26.5, 26.5, 26.5, 27.43, 27.77, 27.81, 27.52, 27.58, 27.63], [27.2, 27.2, 27.2, 27.2, 27.2, 27.2, 27.2, 26.6, 26.6, 26.6, 26.6, 26.56, 26.5, 26.5, 26.5, 27.55, 27.62, 27.36, 27.44, 27.51], [27.2, 27.2, 26.82, 26.82, 26.8, 26.6, 26.6, 26.6, 26.6, 26.6, 26.54, 26.54, 26.53, 26.53, 26.54, 26.5, 26.5, 26.5, 27.1, 27.14], [26.81, 26.81, 26.99, 26.98, 26.6, 26.6, 26.6, 26.6, 26.6, 26.6, 26.56, 26.54, 26.53, 26.52, 26.51, 26.44, 26.42, 26.41, 26.4, 26.39], [26.99, 26.98, 26.97, 26.95, 26.6, 26.6, 26.6, 26.6, 26.6, 26.57, 26.56, 26.55, 26.53, 26.51, 26.5, 26.45, 26.42, 26.4, 26.39, 26.38], [26.97, 26.96, 26.95, 26.6, 26.6, 26.6, 26.6, 26.6, 26.59, 26.58, 26.5, 26.48, 26.53, 26.52, 26.45, 26.43, 26.41, 26.39, 26.38, 26.38], [26.97, 26.96, 26.37, 26.38, 26.4, 26.42, 26.45, 26.53, 26.55, 26.51, 26.48, 26.47, 26.53, 26.52, 26.42, 26.41, 26.39, 26.38, 26.37, 26.37], [26.36, 26.36, 26.37, 26.43, 26.44, 26.45, 26.47, 26.49, 26.49, 26.48, 26.46, 26.45, 26.53, 26.4, 26.39, 26.39, 26.38, 26.37, 26.36, 26.36], [26.41, 26.42, 26.42, 26.42, 26.42, 26.43, 26.43, 26.37, 26.44, 26.43, 26.43, 26.43, 26.4, 26.38, 26.38, 26.37, 26.37, 26.36, 26.35, 26.35], [26.41, 26.41, 26.41, 26.33, 26.33, 26.33, 26.33, 26.32, 26.31, 26.31, 26.3, 26.4, 26.27, 26.37, 26.36, 26.36, 26.37, 26.35, 26.33, 26.33], [26.31, 26.31, 26.31, 26.31, 26.31, 26.31, 26.3, 26.29, 26.27, 26.26, 26.26, 26.25, 26.27, 26.28, 26.3, 26.35, 26.42, 26.31, 26.31, 26.32], [26.3, 26.3, 26.3, 26.3, 26.29, 26.29, 26.27, 26.26, 26.24, 26.22, 26.24, 26.24, 26.26, 26.28, 26.29, 26.29, 26.28, 26.23, 26.29, 26.31], [26.3, 26.29, 26.29, 26.29, 26.28, 26.27, 26.26, 26.24, 26.22, 26.21, 26.21, 26.23, 26.25, 26.27, 26.28, 26.26, 26.25, 26.24, 26.29, 26.31], [26.29, 26.29, 26.28, 26.28, 26.27, 26.26, 26.25, 26.23, 26.22, 26.21, 26.2, 26.21, 26.23, 26.23, 26.24, 26.25, 26.25, 26.25, 26.25, 26.25], [26.28, 26.28, 26.27, 26.27, 26.26, 26.25, 26.24, 26.22, 26.2, 26.18, 26.17, 26.13, 26.13, 26.13, 26.23, 26.24, 26.24, 26.25, 26.25, 26.25], [26.28, 26.27, 26.27, 26.26, 26.25, 26.24, 26.23, 26.21, 26.19, 26.15, 26.11, 26.12, 26.13, 26.13, 26.22, 26.23, 26.24, 26.24, 26.24, 26.25], [26.27, 26.27, 26.26, 26.26, 26.25, 26.24, 26.22, 26.21, 26.13, 26.12, 26.11, 26.12, 26.12, 26.13, 26.21, 26.22, 26.23, 26.24, 26.24, 26.24], [26.27, 26.27, 26.26, 26.25, 26.24, 26.23, 26.22, 26.21, 26.13, 26.12, 26.12, 26.12, 26.12, 26.13, 26.21, 26.22, 26.23, 26.23, 26.24, 26.24], [26.27, 26.26, 26.26, 26.25, 26.24, 26.23, 26.22, 26.13, 26.13, 26.13, 26.12, 26.12, 26.13, 26.13, 26.21, 26.22, 26.22, 26.23, 26.23, 26.24]]}]