gis_exercise/awsData/contour/wdir_2023090808.json
[{"header": {"refTime": "2023-09-08T08:00:00.000Z", "nx": 21, "ny": 33, "lo1": 113.509, "la1": 22.2235, "lo2": 113.5947, "la2": 22.1034, "dx": 0.0042850000000001385, "dy": 0.003753125000000024, "parameterCategory": 2, "parameterCategoryName": "Temperature", "parameterNumber": 2}, "data": [-2.16, -2.16, -2.15, -2.2, -2.17, -2.22, -2.17, -2.13, -2.11, -2.01, -2.06, -2.12, -2.32, -2.36, -3.46, -3.62, -4.09, -4.19, -4.26, -4.31, -2.17, -2.16, -2.15, -2.14, -2.18, -2.14, -2.14, -2.05, -2.0, -1.96, -2.06, -2.14, -2.35, -2.38, -3.49, -3.99, -4.14, -4.26, -4.34, -4.39, -2.18, -2.17, -2.17, -2.15, -2.2, -2.16, -2.08, -2.0, -1.76, -1.92, -2.08, -2.18, -2.39, -2.42, -3.79, -4.02, -4.23, -4.38, -4.46, -4.5, -2.18, -2.18, -2.18, -2.17, -2.16, -2.2, -2.14, -2.04, -1.94, -1.99, -2.13, -2.26, -2.46, -2.57, -3.76, -4.1, -4.38, -4.56, -4.63, -4.63, -2.19, -2.19, -2.19, -2.2, -2.2, -2.27, -2.24, -2.2, -2.18, -2.09, -2.2, -2.56, -2.56, -2.58, -3.78, -4.24, -4.63, -4.84, -4.86, -4.8, -2.19, -2.2, -2.21, -2.22, -2.23, -2.26, -2.36, -2.37, -2.37, -2.33, -2.52, -2.56, -2.58, -3.31, -3.89, -4.48, -5.04, -5.28, -5.16, -4.97, -3.53, -2.2, -2.21, -2.23, -2.25, -2.3, -2.52, -2.55, -2.56, -2.61, -2.54, -2.58, -3.46, -3.58, -4.02, -4.72, -5.62, -5.96, -5.88, -5.67, -3.54, -3.49, -3.43, -3.31, -3.28, -2.41, -2.51, -2.68, -2.88, -2.58, -2.36, -3.27, -3.48, -3.88, -5.1, -5.52, -6.02, -6.21, -5.93, -5.75, -3.56, -3.5, -3.42, -3.32, -3.17, -3.18, -3.3, -2.56, -3.32, -2.63, -3.35, -3.86, -4.61, -4.25, -5.13, -5.42, -5.71, -5.84, -5.78, -5.68, -4.45, -4.36, -4.23, -3.29, -3.06, -2.89, -3.24, -3.62, -3.81, -3.64, -3.73, -4.26, -4.91, -4.42, -5.17, -5.34, -5.51, -5.61, -5.63, -5.59, -4.48, -4.4, -4.27, -4.03, -3.54, -2.08, -3.91, -4.83, -4.38, -4.19, -4.88, -4.13, -4.33, -4.27, -5.18, -5.29, -5.4, -5.48, -5.51, -5.51, -4.54, -4.48, -4.39, -4.24, -4.01, -3.89, -4.6, -5.38, -5.67, -6.15, -5.07, -5.13, -5.08, -4.12, -5.18, -5.25, -5.33, -5.44, -5.44, -5.44, -4.6, -4.58, -4.55, -4.54, -4.6, -4.94, -5.45, -5.56, -5.64, -5.42, -6.14, -5.18, -5.11, -4.19, -4.13, -5.18, -5.2, -5.23, -5.26, -5.28, -4.67, -4.68, -4.7, -4.77, -4.96, -5.38, -6.08, -5.61, -5.48, -5.38, -6.16, -5.17, -5.02, -4.89, -3.97, -4.91, -4.96, -5.02, -5.08, -5.13, -4.74, -4.76, -4.81, -4.9, -5.08, -5.33, -5.54, -5.15, -4.89, -4.67, -4.51, -3.36, -4.78, -4.62, -4.51, -4.61, -4.7, -4.81, -4.9, -4.98, -4.79, -4.82, -3.26, -3.37, -3.51, -4.69, -4.64, -4.45, -4.24, -4.12, -3.07, -3.09, -3.1, -3.07, -3.12, -3.8, -3.88, -3.95, -4.22, -4.3, -3.07, -3.1, -3.13, -3.17, -4.26, -4.14, -3.9, -3.59, -3.38, -3.42, -2.69, -2.85, -2.96, -3.03, -2.84, -3.14, -3.16, -3.17, -3.18, -3.18, -2.99, -3.0, -2.99, -2.96, -3.9, -3.62, -3.18, -2.57, -2.26, -2.07, -2.43, -2.66, -2.86, -2.81, -3.06, -3.13, -3.16, -3.18, -3.18, -3.19, -2.92, -2.9, -2.86, -3.84, -3.61, -3.25, -2.65, -1.68, -0.72, -1.63, -1.84, -2.22, -2.46, -2.74, -3.13, -3.15, -3.17, -3.19, -3.19, -3.19, -2.85, -2.81, -3.38, -3.25, -3.05, -2.75, -2.3, -1.66, -0.99, -1.47, -1.93, -2.26, -2.43, -2.66, -3.17, -3.18, -3.2, -3.21, -3.2, -3.2, -3.48, -3.42, -3.33, -3.21, -3.04, -2.82, -2.52, -2.22, -1.66, -1.88, -2.16, -2.37, -2.44, -3.19, -3.21, -3.22, -3.23, -3.23, -3.22, -3.21, -3.46, -3.4, -3.32, -3.23, -3.1, -2.96, -2.82, -1.85, -2.21, -2.34, -2.46, -2.56, -3.74, -3.21, -3.23, -3.26, -3.28, -3.26, -3.23, -3.21, -3.45, -3.4, -3.34, -2.0, -2.02, -2.06, -2.14, -2.25, -2.38, -2.47, -2.44, -3.01, -3.65, -3.23, -3.25, -3.31, -3.37, -3.3, -3.22, -3.2, -2.0, -2.02, -2.04, -2.08, -2.14, -2.23, -2.37, -2.59, -2.87, -3.0, -2.83, -3.44, -3.67, -3.56, -3.48, -3.31, -3.58, -3.2, -3.17, -3.17, -2.04, -2.06, -2.1, -2.15, -2.22, -2.34, -2.52, -2.82, -3.32, -3.73, -3.14, -3.4, -3.31, -3.56, -3.46, -3.37, -3.12, -2.95, -3.11, -3.15, -2.06, -2.09, -2.13, -2.19, -2.27, -2.38, -2.56, -2.83, -3.28, -3.64, -3.49, -3.25, -3.18, -3.57, -3.46, -2.91, -2.93, -2.92, -3.12, -3.15, -2.08, -2.11, -2.15, -2.2, -2.27, -2.36, -2.49, -2.64, -2.81, -2.83, -3.04, -2.95, -2.99, -2.53, -2.68, -2.79, -2.85, -2.87, -2.87, -2.86, -2.09, -2.12, -2.15, -2.2, -2.25, -2.31, -2.37, -2.41, -2.38, -2.58, -2.42, -2.36, -2.47, -2.54, -2.57, -2.69, -2.76, -2.8, -2.81, -2.82, -2.09, -2.12, -2.15, -2.18, -2.21, -2.24, -2.26, -2.22, -2.1, -2.05, -1.59, -2.05, -2.32, -2.45, -2.48, -2.6, -2.68, -2.73, -2.76, -2.77, -2.09, -2.11, -2.14, -2.16, -2.18, -2.18, -2.17, -2.11, -2.25, -1.93, -1.73, -2.01, -2.25, -2.4, -2.41, -2.53, -2.61, -2.67, -2.7, -2.72, -2.09, -2.11, -2.12, -2.14, -2.14, -2.14, -2.12, -2.06, -2.27, -2.11, -2.05, -2.14, -2.28, -2.39, -2.38, -2.48, -2.56, -2.62, -2.66, -2.68, -2.09, -2.1, -2.11, -2.12, -2.12, -2.11, -2.09, -2.43, -2.33, -2.25, -2.21, -2.25, -2.33, -2.4, -2.36, -2.45, -2.52, -2.58, -2.62, -2.65]}, {"header": {"refTime": "2023-09-08T08:00:00.000Z", "nx": 21, "ny": 33, "lo1": 113.509, "la1": 22.2235, "lo2": 113.5947, "la2": 22.1034, "dx": 0.0042850000000001385, "dy": 0.003753125000000024, "parameterCategory": 2, "parameterCategoryName": "Temperature", "parameterNumber": 3}, "data": [0.05, 0.05, 0.04, 0.38, 0.35, 0.42, 0.36, 0.32, 0.31, 0.37, 0.48, 0.58, 0.71, 0.76, 1.13, 1.2, 1.62, 1.64, 1.66, 1.67, 0.05, 0.05, 0.05, 0.04, 0.35, 0.3, 0.32, 0.21, 0.15, 0.28, 0.47, 0.62, 0.76, 0.82, 1.18, 1.6, 1.63, 1.66, 1.68, 1.69, 0.05, 0.05, 0.05, 0.05, 0.37, 0.32, 0.23, 0.13, -0.16, 0.2, 0.5, 0.7, 0.86, 0.89, 1.56, 1.61, 1.66, 1.69, 1.71, 1.72, 0.05, 0.05, 0.06, 0.06, 0.07, 0.37, 0.3, 0.17, 0.06, 0.33, 0.61, 0.83, 1.0, 1.21, 1.55, 1.63, 1.69, 1.74, 1.75, 1.75, 0.05, 0.05, 0.06, 0.07, 0.09, 0.44, 0.41, 0.37, 0.35, 0.54, 0.74, 1.22, 1.3, 1.23, 1.56, 1.66, 1.76, 1.81, 1.81, 1.8, 0.04, 0.05, 0.06, 0.08, 0.1, 0.15, 0.52, 0.54, 0.56, 0.59, 1.12, 1.18, 1.24, 1.32, 1.57, 1.72, 1.86, 1.93, 1.89, 1.84, 0.6, 0.04, 0.05, 0.07, 0.1, 0.17, 0.56, 0.69, 0.72, 0.94, 0.95, 1.11, 1.28, 1.3, 1.58, 1.77, 2.01, 2.1, 2.01, 1.94, 0.59, 0.56, 0.54, 0.62, 0.62, 0.39, 0.52, 0.71, 0.92, 0.94, 0.92, 1.12, 1.16, 1.3, 1.61, 1.79, 2.01, 2.09, 1.97, 1.89, 0.58, 0.55, 0.51, 0.46, 0.51, 0.53, 0.67, 0.58, 1.11, 0.95, 1.11, 1.2, 1.3, 1.25, 1.58, 1.73, 1.86, 1.93, 1.9, 1.86, 0.91, 0.86, 0.79, 0.4, 0.27, 0.26, 0.54, 0.84, 1.3, 1.26, 1.17, 1.25, 1.34, 1.27, 1.57, 1.67, 1.77, 1.82, 1.83, 1.81, 0.93, 0.88, 0.81, 0.68, 0.41, -0.38, 0.64, 1.19, 1.21, 1.45, 1.51, 1.23, 1.26, 1.25, 1.57, 1.64, 1.71, 1.75, 1.77, 1.77, 0.95, 0.92, 0.87, 0.79, 0.66, 0.59, 1.0, 1.53, 1.75, 1.89, 1.59, 1.57, 1.53, 1.23, 1.58, 1.63, 1.67, 1.48, 1.49, 1.49, 0.98, 0.97, 0.95, 0.94, 0.96, 1.12, 1.38, 1.57, 1.69, 1.53, 1.82, 1.61, 1.56, 1.01, 0.98, 1.31, 1.34, 1.37, 1.39, 1.4, 1.02, 1.02, 1.03, 1.05, 1.14, 1.33, 1.61, 1.5, 1.51, 1.47, 1.82, 1.37, 1.27, 1.19, 0.89, 1.18, 1.21, 1.25, 1.29, 1.32, 1.05, 1.06, 1.08, 1.13, 1.2, 1.32, 1.42, 1.79, 1.8, 1.8, 1.8, 1.27, 1.15, 1.05, 0.99, 1.03, 1.08, 1.14, 1.19, 1.24, 1.08, 1.1, 0.94, 0.99, 1.05, 1.75, 1.75, 1.75, 1.75, 1.75, 1.31, 1.18, 1.03, 0.77, 0.71, 0.97, 1.08, 1.19, 1.49, 1.57, 0.93, 0.95, 0.98, 1.02, 1.73, 1.72, 1.71, 1.7, 1.69, 1.7, 1.26, 1.12, 0.93, 0.72, 0.7, 0.85, 1.05, 1.21, 1.32, 1.4, 0.96, 0.98, 1.01, 1.05, 1.72, 1.7, 1.67, 1.63, 1.61, 1.28, 1.15, 1.08, 0.88, 0.7, 0.33, 0.78, 1.07, 1.26, 1.38, 1.45, 0.98, 1.0, 1.03, 1.72, 1.7, 1.67, 1.64, 1.57, 1.43, 1.31, 0.89, 0.73, 1.06, 0.86, 0.74, 0.95, 1.2, 1.36, 1.46, 1.52, 0.99, 1.02, 1.21, 1.22, 1.23, 1.24, 1.27, 1.33, 1.22, 1.05, 0.87, 0.73, 1.2, 1.11, 1.13, 1.25, 1.4, 1.51, 1.58, 1.61, 1.17, 1.17, 1.17, 1.17, 1.17, 1.18, 1.19, 1.21, 0.99, 0.91, 0.8, 0.71, 1.34, 1.36, 1.42, 1.53, 1.63, 1.69, 1.71, 1.7, 1.14, 1.14, 1.13, 1.12, 1.11, 1.1, 1.09, 0.88, 0.82, 0.77, 0.71, 0.67, 1.07, 1.55, 1.65, 1.77, 1.87, 1.88, 1.83, 1.79, 1.12, 1.11, 1.09, 0.79, 0.79, 0.78, 0.77, 0.74, 0.71, 0.68, 0.68, 1.28, 1.48, 1.69, 1.81, 1.97, 2.13, 2.06, 1.93, 1.85, 0.77, 0.76, 0.76, 0.75, 0.74, 0.72, 0.68, 0.63, 0.56, 0.52, 0.56, 0.95, 1.43, 1.66, 1.86, 2.06, 2.47, 2.06, 1.94, 1.87, 0.75, 0.74, 0.73, 0.72, 0.7, 0.67, 0.62, 0.55, 0.44, 0.34, 0.47, 0.87, 1.11, 1.62, 1.82, 1.97, 1.98, 1.84, 1.9, 1.87, 0.73, 0.72, 0.71, 0.7, 0.67, 0.64, 0.59, 0.53, 0.43, 0.35, 0.62, 0.83, 1.04, 1.58, 1.75, 1.91, 1.93, 1.91, 1.88, 1.85, 0.72, 0.71, 0.7, 0.68, 0.66, 0.63, 0.59, 0.54, 0.49, 0.48, 0.69, 0.82, 0.99, 1.6, 1.73, 1.82, 1.86, 1.88, 1.88, 1.87, 0.71, 0.7, 0.68, 0.67, 0.65, 0.62, 0.59, 0.56, 0.54, 0.68, 0.71, 0.61, 0.67, 0.75, 1.64, 1.73, 1.79, 1.82, 1.83, 1.84, 0.7, 0.69, 0.68, 0.66, 0.64, 0.62, 0.6, 0.58, 0.57, 0.67, 0.58, 0.61, 0.67, 0.73, 1.56, 1.66, 1.73, 1.77, 1.79, 1.8, 0.7, 0.68, 0.67, 0.66, 0.64, 0.62, 0.61, 0.59, 0.59, 0.59, 0.59, 0.62, 0.67, 0.72, 1.51, 1.6, 1.67, 1.72, 1.74, 1.76, 0.69, 0.68, 0.67, 0.66, 0.64, 0.63, 0.61, 0.6, 0.61, 0.61, 0.62, 0.64, 0.68, 0.72, 1.48, 1.56, 1.63, 1.67, 1.71, 1.73, 0.69, 0.68, 0.67, 0.66, 0.65, 0.63, 0.62, 0.63, 0.63, 0.63, 0.64, 0.66, 0.69, 0.72, 1.46, 1.54, 1.6, 1.64, 1.67, 1.7]}, {"header": {"refTime": "2023-09-08T08:00:00.000Z", "nx": 21, "ny": 33, "lo1": 113.509, "la1": 22.2235, "lo2": 113.5947, "la2": 22.1034, "dx": 0.0042850000000001385, "dy": 0.003753125000000024, "parameterCategory": 0, "parameterCategoryName": "Temperature", "parameterNumber": 0}, "data": [[25.23, 25.22, 25.22, 25.04, 25.05, 25.22, 25.22, 25.22, 25.23, 25.2, 25.21, 25.22, 25.34, 25.35, 25.35, 25.35, 25.38, 25.37, 25.37, 25.37], [25.23, 25.23, 25.22, 25.22, 25.05, 25.06, 25.21, 25.22, 25.22, 25.2, 25.21, 25.23, 25.35, 25.36, 25.36, 25.38, 25.37, 25.37, 25.37, 25.36], [25.23, 25.23, 25.22, 25.22, 25.04, 25.05, 25.08, 25.21, 25.2, 25.2, 25.22, 25.24, 25.37, 25.38, 25.39, 25.38, 25.37, 25.37, 25.36, 25.36], [25.24, 25.23, 25.23, 25.22, 25.21, 25.04, 25.06, 25.09, 25.12, 25.19, 25.22, 25.27, 25.4, 25.32, 25.39, 25.38, 25.37, 25.36, 25.36, 25.35], [25.24, 25.24, 25.23, 25.23, 25.21, 25.03, 25.04, 25.05, 25.04, 25.17, 25.21, 25.32, 25.43, 25.34, 25.39, 25.37, 25.36, 25.35, 25.35, 25.35], [25.25, 25.24, 25.24, 25.23, 25.22, 25.2, 25.01, 25.01, 25.0, 24.98, 25.18, 25.27, 25.36, 25.43, 25.38, 25.36, 25.34, 25.34, 25.34, 25.34], [25.28, 25.25, 25.25, 25.25, 25.23, 25.21, 25.07, 24.99, 24.98, 24.97, 24.97, 25.19, 25.39, 25.4, 25.37, 25.35, 25.33, 25.32, 25.34, 25.35], [25.29, 25.29, 25.29, 25.29, 25.28, 25.14, 25.1, 25.04, 24.99, 24.95, 24.87, 25.15, 25.15, 25.4, 25.3, 25.3, 25.3, 25.3, 25.3, 25.3], [25.21, 25.22, 25.31, 25.32, 25.32, 25.3, 25.24, 25.08, 24.94, 24.98, 24.99, 25.07, 25.1, 25.05, 25.3, 25.3, 25.3, 25.3, 25.3, 25.3], [25.5, 25.5, 25.5, 25.27, 25.3, 25.39, 25.33, 25.24, 24.89, 24.9, 25.1, 25.02, 25.05, 25.03, 25.3, 25.3, 25.3, 25.3, 25.3, 25.3], [25.5, 25.5, 25.5, 25.5, 25.5, 25.5, 25.5, 25.5, 25.32, 24.93, 24.8, 24.99, 25.01, 25.01, 25.3, 25.3, 25.3, 25.3, 25.3, 25.3], [25.5, 25.5, 25.5, 25.5, 25.5, 25.5, 25.5, 25.5, 25.5, -999.0, 24.8, 25.3, 25.3, 25.0, 25.3, 25.3, 25.3, 24.85, 24.86, 24.86], [25.5, 25.5, 25.5, 25.5, 25.5, 25.5, 25.5, 25.5, 25.5, 25.5, -999.0, 25.3, 25.3, 24.78, 25.01, 25.01, 25.01, 24.92, 24.93, 24.94], [25.5, 25.5, 25.5, 25.5, 25.5, 25.5, 25.5, 25.5, 25.5, 25.5, -999.0, 24.5, 24.5, 24.5, 24.94, 24.94, 24.95, 24.85, 24.88, 24.89], [25.5, 25.5, 25.5, 25.5, 25.5, 25.5, 25.5, 25.5, 25.5, 25.5, 25.5, 25.12, 24.5, 24.5, 24.5, 24.87, 24.89, 24.8, 24.83, 24.85], [25.5, 25.5, 25.5, 25.5, 25.5, 25.5, 25.5, 25.5, 25.5, 25.5, 24.87, 24.94, 24.85, 24.76, 24.86, 24.68, 24.71, 24.66, 24.84, 24.87], [25.5, 25.5, 25.5, 25.5, 25.5, 25.5, 25.5, 25.5, 25.5, 25.5, 25.07, 24.95, 24.82, 24.7, 24.68, 24.62, 24.66, 24.7, 24.72, 24.74], [25.5, 25.5, 25.5, 25.5, 25.5, 25.5, 25.5, 25.5, 25.5, 25.25, 25.11, 24.96, 24.81, 24.68, 24.53, 24.61, 24.67, 24.71, 24.73, 24.75], [25.5, 25.5, 25.5, 25.5, 25.5, 25.5, 25.5, 25.5, 25.41, 25.31, 25.19, 25.07, 24.86, 24.74, 24.6, 24.64, 24.69, 24.73, 24.75, 24.76], [25.5, 25.5, 25.44, 25.45, 25.45, 25.45, 25.46, 25.48, 25.39, 25.31, 25.21, 25.1, 24.91, 24.83, 24.68, 24.7, 24.74, 24.76, 24.77, 24.78], [25.44, 25.44, 25.44, 25.46, 25.46, 25.46, 25.47, 25.47, 25.32, 25.28, 25.21, 25.13, 24.95, 24.73, 24.74, 24.76, 24.78, 24.8, 24.8, 24.8], [25.45, 25.45, 25.45, 25.46, 25.46, 25.46, 25.46, 25.43, 25.29, 25.26, 25.22, 25.17, 24.95, 24.77, 24.79, 24.81, 24.83, 24.83, 24.83, 24.82], [25.45, 25.45, 25.45, 25.41, 25.41, 25.42, 25.42, 25.42, 25.41, 25.41, 25.41, 25.32, 25.09, 24.79, 24.82, 24.85, 24.88, 24.87, 24.85, 24.83], [25.41, 25.41, 25.41, 25.41, 25.41, 25.41, 25.41, 25.41, 25.4, 25.4, 25.4, 25.28, 25.1, 25.05, 25.0, 24.87, 24.94, 24.88, 24.85, 24.84], [25.4, 25.4, 25.4, 25.4, 25.4, 25.4, 25.4, 25.4, 25.4, 25.4, 25.39, 25.29, 25.25, 25.05, 25.0, 24.96, 24.86, 24.84, 24.85, 24.84], [25.4, 25.4, 25.4, 25.4, 25.4, 25.39, 25.39, 25.39, 25.39, 25.39, 25.33, 25.29, 25.26, 25.06, 25.01, 24.96, 24.93, 24.92, 24.84, 24.83], [25.4, 25.4, 25.4, 25.39, 25.39, 25.39, 25.39, 25.38, 25.38, 25.38, 25.31, 25.29, 25.26, 25.04, 25.01, 24.98, 24.96, 24.95, 24.95, 24.96], [25.4, 25.39, 25.39, 25.39, 25.39, 25.38, 25.38, 25.37, 25.37, 25.3, 25.3, 25.26, 25.22, 25.18, 25.03, 25.0, 24.98, 24.97, 24.97, 24.97], [25.39, 25.39, 25.39, 25.39, 25.38, 25.38, 25.37, 25.37, 25.35, 25.3, 25.29, 25.26, 25.23, 25.19, 25.05, 25.02, 25.0, 24.99, 24.98, 24.98], [25.39, 25.39, 25.39, 25.38, 25.38, 25.38, 25.37, 25.36, 25.27, 25.28, 25.28, 25.26, 25.23, 25.2, 25.06, 25.04, 25.02, 25.0, 25.0, 24.99], [25.39, 25.39, 25.39, 25.38, 25.38, 25.38, 25.37, 25.36, 25.26, 25.26, 25.26, 25.25, 25.23, 25.2, 25.07, 25.05, 25.03, 25.02, 25.01, 25.0], [25.39, 25.39, 25.38, 25.38, 25.38, 25.37, 25.37, 25.25, 25.25, 25.25, 25.24, 25.23, 25.22, 25.2, 25.07, 25.05, 25.04, 25.03, 25.02, 25.01]]}]