gis_exercise/awsData/contour/wdir_2023090813.json
[{"header": {"refTime": "2023-09-08T13:00:00.000Z", "nx": 21, "ny": 33, "lo1": 113.509, "la1": 22.2235, "lo2": 113.5947, "la2": 22.1034, "dx": 0.0042850000000001385, "dy": 0.003753125000000024, "parameterCategory": 2, "parameterCategoryName": "Temperature", "parameterNumber": 2}, "data": [-1.4, -1.4, -1.4, -1.38, -1.37, -1.37, -1.36, -1.35, -1.34, -1.1, -1.06, -1.03, -1.07, -1.05, -2.34, -2.5, -2.58, -2.69, -2.77, -2.83, -1.39, -1.4, -1.4, -1.41, -1.38, -1.37, -1.37, -1.36, -1.34, -1.14, -1.07, -1.02, -1.05, -1.03, -2.33, -2.46, -2.64, -2.78, -2.88, -2.93, -1.39, -1.4, -1.4, -1.41, -1.39, -1.38, -1.37, -1.36, -1.35, -1.17, -1.06, -0.99, -1.01, -1.0, -2.22, -2.5, -2.74, -2.92, -3.02, -3.06, -1.38, -1.39, -1.4, -1.41, -1.42, -1.39, -1.39, -1.37, -1.36, -1.12, -1.02, -0.94, -0.96, -0.86, -2.19, -2.59, -2.92, -3.13, -3.22, -3.22, -1.38, -1.38, -1.39, -1.4, -1.42, -1.41, -1.41, -1.4, -1.37, -1.03, -0.96, -0.85, -0.82, -0.86, -2.21, -2.76, -3.22, -3.47, -3.49, -3.41, -1.37, -1.37, -1.38, -1.39, -1.42, -1.45, -1.45, -1.45, -1.41, -1.32, -0.87, -0.87, -0.85, -1.45, -2.33, -3.03, -3.71, -4.0, -3.84, -3.62, -2.36, -1.36, -1.36, -1.37, -1.4, -1.45, -1.38, -1.55, -1.52, -1.23, -1.08, -0.91, -1.59, -1.69, -2.48, -3.32, -4.4, -4.8, -4.57, -4.28, -2.37, -2.32, -2.27, -2.11, -2.09, -1.28, -1.38, -1.57, -1.74, -1.21, -0.91, -1.49, -1.64, -1.96, -3.43, -4.02, -4.74, -5.0, -4.61, -4.35, -2.38, -2.33, -2.26, -2.17, -1.99, -2.01, -2.12, -1.43, -2.06, -1.26, -1.62, -2.01, -2.64, -2.34, -3.41, -3.84, -4.28, -4.47, -4.38, -4.24, -3.11, -3.03, -2.91, -2.14, -1.93, -1.74, -2.05, -2.39, -2.45, -2.27, -1.93, -2.36, -2.91, -2.49, -3.42, -3.7, -3.97, -4.13, -4.15, -4.11, -3.14, -3.06, -2.95, -2.74, -2.3, -1.02, -2.62, -3.42, -3.02, -2.76, -3.11, -2.26, -2.43, -2.36, -3.43, -3.62, -3.8, -3.93, -3.98, -3.98, -3.18, -3.13, -3.05, -2.93, -2.72, -2.61, -3.23, -3.88, -4.12, -4.44, -3.31, -3.23, -3.15, -2.24, -3.44, -3.57, -3.7, -4.26, -4.29, -4.3, -3.24, -3.22, -3.2, -3.19, -3.25, -3.56, -4.01, -4.07, -4.11, -3.93, -4.4, -3.31, -3.21, -2.69, -2.67, -3.99, -4.05, -4.1, -4.15, -4.17, -3.31, -3.31, -3.33, -3.4, -3.57, -3.96, -4.62, -4.15, -4.0, -3.9, -4.43, -3.76, -3.67, -3.6, -2.67, -3.84, -3.9, -3.96, -4.02, -4.06, -3.36, -3.38, -3.43, -3.52, -3.68, -3.91, -4.1, -3.92, -3.7, -3.54, -3.42, -2.69, -3.57, -3.48, -3.43, -3.67, -3.74, -3.82, -3.9, -3.96, -3.41, -3.44, -2.35, -2.45, -2.57, -3.59, -3.55, -3.4, -3.24, -3.14, -2.47, -2.52, -2.57, -2.48, -2.55, -2.87, -2.87, -2.86, -3.34, -3.38, -2.2, -2.23, -2.27, -2.31, -3.26, -3.17, -3.0, -2.77, -2.61, -2.63, -2.2, -2.37, -2.5, -2.62, -2.43, -2.48, -2.36, -2.27, -2.21, -2.16, -2.16, -2.17, -2.17, -2.16, -2.99, -2.79, -2.47, -2.02, -1.8, -1.76, -2.07, -2.23, -2.45, -2.41, -2.74, -2.51, -2.35, -2.25, -2.18, -2.13, -2.11, -2.11, -2.08, -2.95, -2.78, -2.52, -2.08, -1.38, -0.7, -1.42, -1.62, -1.95, -2.01, -2.29, -2.54, -2.42, -2.29, -2.19, -2.13, -2.09, -2.07, -2.05, -2.67, -2.57, -2.42, -2.2, -1.86, -1.38, -0.92, -1.3, -1.68, -1.96, -1.92, -2.12, -2.33, -2.27, -2.18, -2.12, -2.07, -2.05, -2.75, -2.7, -2.63, -2.54, -2.42, -2.25, -2.03, -1.81, -1.44, -1.62, -1.85, -2.04, -1.86, -2.2, -2.18, -2.13, -2.07, -2.03, -2.0, -1.99, -2.73, -2.68, -2.63, -2.55, -2.46, -2.36, -2.25, -1.54, -1.86, -1.96, -2.07, -2.16, -2.77, -2.1, -2.06, -2.02, -1.97, -1.94, -1.93, -1.93, -2.72, -2.68, -2.64, -1.65, -1.67, -1.7, -1.76, -1.84, -1.94, -2.0, -1.99, -2.15, -2.33, -2.03, -1.98, -1.94, -1.92, -1.87, -1.86, -1.88, -1.66, -1.67, -1.69, -1.72, -1.76, -1.83, -1.94, -2.1, -2.31, -2.4, -2.27, -2.51, -2.36, -2.19, -2.04, -1.88, -1.97, -1.75, -1.78, -1.83, -1.69, -1.7, -1.73, -1.77, -1.83, -1.91, -2.05, -2.27, -2.64, -2.94, -2.51, -2.51, -2.36, -2.2, -2.04, -1.9, -1.69, -1.57, -1.73, -1.81, -1.71, -1.73, -1.76, -1.8, -1.86, -1.95, -2.07, -2.28, -2.61, -2.88, -2.66, -2.42, -2.3, -2.22, -2.06, -1.6, -1.58, -1.56, -1.76, -1.81, -1.72, -1.74, -1.77, -1.81, -1.86, -1.93, -2.03, -2.14, -2.27, -2.28, -2.33, -2.22, -2.18, -1.5, -1.54, -1.56, -1.57, -1.57, -1.57, -1.57, -1.73, -1.75, -1.78, -1.81, -1.85, -1.89, -1.94, -1.97, -1.96, -2.02, -1.89, -1.83, -1.85, -1.84, -1.51, -1.54, -1.55, -1.56, -1.56, -1.56, -1.73, -1.75, -1.77, -1.8, -1.82, -1.85, -1.86, -1.84, -1.75, -1.66, -1.35, -1.63, -1.75, -1.79, -1.48, -1.51, -1.53, -1.54, -1.55, -1.55, -1.73, -1.75, -1.77, -1.78, -1.8, -1.81, -1.8, -1.76, -1.77, -1.56, -1.44, -1.59, -1.71, -1.76, -1.47, -1.5, -1.52, -1.53, -1.54, -1.54, -1.73, -1.74, -1.76, -1.77, -1.77, -1.77, -1.76, -1.72, -1.77, -1.67, -1.62, -1.66, -1.72, -1.76, -1.46, -1.48, -1.5, -1.52, -1.53, -1.54, -1.73, -1.74, -1.75, -1.75, -1.76, -1.75, -1.74, -1.86, -1.79, -1.74, -1.71, -1.72, -1.74, -1.77, -1.45, -1.48, -1.49, -1.51, -1.52, -1.53]}, {"header": {"refTime": "2023-09-08T13:00:00.000Z", "nx": 21, "ny": 33, "lo1": 113.509, "la1": 22.2235, "lo2": 113.5947, "la2": 22.1034, "dx": 0.0042850000000001385, "dy": 0.003753125000000024, "parameterCategory": 2, "parameterCategoryName": "Temperature", "parameterNumber": 3}, "data": [0.02, 0.01, 0.0, 0.11, 0.09, -0.04, -0.07, -0.1, -0.11, -0.12, -0.08, -0.05, -0.19, -0.18, -0.19, -0.2, -0.17, -0.18, -0.18, -0.19, 0.02, 0.02, 0.01, -0.0, 0.09, 0.06, -0.09, -0.14, -0.18, -0.15, -0.09, -0.05, -0.18, -0.17, -0.18, -0.16, -0.17, -0.18, -0.19, -0.19, 0.03, 0.03, 0.02, 0.01, 0.11, 0.07, 0.0, -0.17, -0.32, -0.18, -0.08, -0.03, -0.16, -0.15, -0.15, -0.16, -0.18, -0.19, -0.19, -0.19, 0.04, 0.03, 0.03, 0.02, 0.01, 0.1, 0.05, -0.04, -0.12, -0.13, -0.04, -0.0, -0.12, 0.03, -0.14, -0.17, -0.18, -0.2, -0.2, -0.2, 0.04, 0.04, 0.04, 0.04, 0.04, 0.16, 0.14, 0.11, 0.09, -0.03, 0.02, 0.04, 0.01, 0.02, -0.15, -0.18, -0.2, -0.21, -0.21, -0.21, 0.05, 0.05, 0.06, 0.06, 0.07, 0.09, 0.23, 0.24, 0.25, 0.26, 0.1, 0.05, 0.01, 0.01, -0.16, -0.19, -0.22, -0.23, -0.23, -0.22, 0.18, 0.06, 0.06, 0.07, 0.09, 0.12, 0.37, 0.35, 0.38, 0.34, 0.28, 0.04, -0.02, 0.01, -0.18, -0.21, -0.25, -0.26, -0.14, -0.1, 0.17, 0.17, 0.17, 0.21, 0.22, 0.3, 0.36, 0.44, 0.49, 0.36, 0.37, 0.04, -0.0, 0.04, -0.04, -0.11, -0.19, -0.22, -0.18, -0.15, 0.16, 0.16, 0.16, 0.15, 0.18, 0.2, 0.26, 0.38, 0.47, 0.33, 0.23, 0.15, 0.21, 0.18, -0.01, -0.07, -0.13, -0.16, -0.15, -0.13, 0.07, 0.07, 0.06, 0.12, 0.1, 0.12, 0.18, 0.25, 0.42, 0.42, 0.22, 0.22, 0.28, 0.22, 0.02, -0.04, -0.09, -0.11, -0.12, -0.11, 0.07, 0.07, 0.06, 0.05, 0.03, -0.04, 0.05, 0.11, 0.25, 0.38, 0.36, 0.22, 0.23, 0.22, 0.02, -0.02, -0.06, -0.08, -0.09, -0.09, 0.07, 0.07, 0.06, 0.06, 0.05, 0.04, 0.08, 0.15, 0.18, 0.24, 0.34, 0.16, 0.17, 0.21, 0.01, -0.02, -0.04, 0.04, 0.03, 0.03, 0.07, 0.07, 0.07, 0.07, 0.07, 0.08, 0.1, 0.14, 0.17, 0.14, 0.24, 0.16, 0.16, 0.13, 0.13, 0.11, 0.08, 0.07, 0.05, 0.05, 0.08, 0.08, 0.08, 0.08, 0.08, 0.09, 0.09, 0.11, 0.13, 0.13, 0.23, 0.26, 0.26, 0.26, 0.13, 0.11, 0.1, 0.08, 0.07, 0.06, 0.08, 0.08, 0.08, 0.08, 0.09, 0.09, 0.1, -0.08, -0.12, -0.15, -0.18, -0.16, 0.24, 0.24, 0.23, 0.12, 0.11, 0.09, 0.08, 0.07, 0.08, 0.08, -0.27, -0.26, -0.25, -0.18, -0.19, -0.22, -0.25, -0.27, -0.25, -0.2, -0.14, -0.05, -0.02, 0.44, 0.49, 0.54, 0.4, 0.42, -0.3, -0.3, -0.31, -0.31, -0.25, -0.28, -0.33, -0.39, -0.42, -0.41, -0.33, -0.24, -0.14, -0.04, 0.16, 0.38, 0.46, 0.52, 0.57, 0.6, -0.32, -0.33, -0.34, -0.36, -0.33, -0.38, -0.47, -0.59, -0.65, -0.57, -0.44, -0.27, -0.14, 0.13, 0.15, 0.35, 0.47, 0.55, 0.59, 0.62, -0.35, -0.36, -0.38, -0.34, -0.38, -0.45, -0.57, -0.76, -0.93, -0.68, -0.74, -0.6, 0.06, 0.15, 0.34, 0.43, 0.52, 0.59, 0.63, 0.65, -0.37, -0.38, -0.74, -0.75, -0.78, -0.82, -0.87, -0.93, -0.96, -0.88, -0.77, -0.65, 0.09, 0.2, 0.5, 0.55, 0.61, 0.65, 0.68, 0.68, -0.75, -0.76, -0.77, -0.79, -0.82, -0.85, -0.89, -0.92, -0.91, -0.87, -0.8, -0.71, 0.15, 0.59, 0.62, 0.67, 0.71, 0.73, 0.73, 0.72, -0.77, -0.79, -0.8, -0.82, -0.85, -0.88, -0.91, -0.89, -0.92, -0.9, -0.85, -0.78, 0.11, 0.67, 0.72, 0.78, 0.82, 0.81, 0.78, 0.75, -0.79, -0.81, -0.83, -0.79, -0.81, -0.83, -0.86, -0.88, -0.9, -0.9, -0.88, -0.48, 0.11, 0.73, 0.78, 0.87, 0.96, 0.9, 0.81, 0.77, -0.74, -0.75, -0.76, -0.77, -0.79, -0.81, -0.84, -0.89, -0.94, -0.96, -0.9, -0.21, 0.06, 0.31, 0.54, 0.91, 1.2, 0.85, 0.78, 0.76, -0.72, -0.73, -0.74, -0.75, -0.76, -0.78, -0.82, -0.88, -1.01, -1.12, -0.94, -0.27, 0.0, 0.27, 0.49, 0.66, 0.77, 0.63, 0.74, 0.75, -0.71, -0.71, -0.71, -0.72, -0.73, -0.74, -0.77, -0.83, -0.96, -1.07, -0.55, -0.24, -0.0, 0.22, 0.42, 0.79, 0.76, 0.73, 0.73, 0.74, -0.69, -0.69, -0.69, -0.69, -0.69, -0.69, -0.7, -0.72, -0.74, -0.72, -0.3, -0.13, 0.02, 0.69, 0.73, 0.75, 0.75, 0.75, 0.75, 0.76, -0.67, -0.67, -0.67, -0.66, -0.65, -0.64, -0.62, -0.58, -0.51, -0.12, -0.03, -0.16, -0.18, -0.16, 0.69, 0.72, 0.74, 0.74, 0.75, 0.75, -0.66, -0.65, -0.64, -0.63, -0.61, -0.59, -0.54, -0.47, -0.34, 0.09, 0.17, -0.02, -0.11, -0.13, 0.67, 0.7, 0.72, 0.73, 0.74, 0.74, -0.64, -0.63, -0.62, -0.6, -0.58, -0.55, -0.49, -0.41, -0.12, 0.02, 0.11, 0.0, -0.08, -0.11, 0.65, 0.68, 0.7, 0.72, 0.72, 0.73, -0.63, -0.62, -0.6, -0.58, -0.56, -0.52, -0.47, -0.4, -0.12, -0.05, -0.01, -0.04, -0.08, -0.11, 0.64, 0.67, 0.69, 0.7, 0.71, 0.72, -0.62, -0.61, -0.59, -0.57, -0.54, -0.51, -0.46, -0.18, -0.14, -0.1, -0.08, -0.08, -0.1, -0.11, 0.63, 0.66, 0.68, 0.69, 0.7, 0.71]}, {"header": {"refTime": "2023-09-08T13:00:00.000Z", "nx": 21, "ny": 33, "lo1": 113.509, "la1": 22.2235, "lo2": 113.5947, "la2": 22.1034, "dx": 0.0042850000000001385, "dy": 0.003753125000000024, "parameterCategory": 0, "parameterCategoryName": "Temperature", "parameterNumber": 0}, "data": [[24.35, 24.34, 24.34, 24.2, 24.2, 24.27, 24.27, 24.26, 24.27, 24.28, 24.29, 24.31, 24.44, 24.45, 24.5, 24.51, 24.66, 24.67, 24.67, 24.68], [24.35, 24.35, 24.34, 24.33, 24.2, 24.2, 24.26, 24.25, 24.25, 24.26, 24.29, 24.32, 24.45, 24.46, 24.5, 24.65, 24.66, 24.67, 24.68, 24.68], [24.36, 24.35, 24.34, 24.33, 24.2, 24.2, 24.2, 24.24, 24.21, 24.26, 24.3, 24.33, 24.46, 24.47, 24.64, 24.65, 24.67, 24.68, 24.68, 24.69], [24.37, 24.36, 24.35, 24.34, 24.33, 24.2, 24.2, 24.2, 24.2, 24.27, 24.31, 24.36, 24.48, 24.49, 24.63, 24.66, 24.68, 24.69, 24.69, 24.69], [24.38, 24.37, 24.36, 24.35, 24.34, 24.2, 24.2, 24.2, 24.2, 24.29, 24.32, 24.48, 24.49, 24.49, 24.64, 24.67, 24.69, 24.7, 24.71, 24.7], [24.39, 24.38, 24.38, 24.37, 24.36, 24.34, 24.2, 24.2, 24.2, 24.2, 24.44, 24.48, 24.5, 24.57, 24.65, 24.68, 24.72, 24.73, 24.72, 24.71], [24.48, 24.4, 24.4, 24.39, 24.38, 24.36, 24.33, 24.2, 24.2, 24.3, 24.33, 24.48, 24.61, 24.6, 24.67, 24.7, 24.75, 24.77, 24.74, 24.73], [24.49, 24.49, 24.49, 24.49, 24.48, 24.39, 24.34, 24.27, 24.23, 24.28, 24.26, 24.55, 24.55, 24.6, 24.76, 24.75, 24.77, 24.78, 24.77, 24.76], [24.41, 24.42, 24.51, 24.52, 24.52, 24.5, 24.44, 24.32, 24.2, 24.31, 24.39, 24.47, 24.5, 24.45, 24.76, 24.75, 24.76, 24.77, 24.76, 24.76], [24.7, 24.7, 24.7, 24.47, 24.5, 24.59, 24.53, 24.44, 24.2, 24.2, 24.5, 24.42, 24.45, 24.43, 24.76, 24.74, 24.75, 24.76, 24.76, 24.75], [24.7, 24.7, 24.7, 24.7, 24.7, 24.7, 24.7, 24.7, 24.52, 24.2, 24.2, 24.39, 24.41, 24.41, 24.76, 24.74, 24.75, 24.75, 24.75, 24.75], [24.7, 24.7, 24.7, 24.7, 24.7, 24.7, 24.7, 24.7, 24.7, -999.0, 24.2, 24.7, 24.7, 24.4, 24.76, 24.74, 24.74, 24.23, 24.25, 24.25], [24.7, 24.7, 24.7, 24.7, 24.7, 24.7, 24.7, 24.7, 24.7, 24.7, -999.0, 24.7, 24.7, 24.11, 24.37, 24.44, 24.44, 24.32, 24.34, 24.35], [24.7, 24.7, 24.7, 24.7, 24.7, 24.7, 24.7, 24.7, 24.7, 24.7, -999.0, 23.8, 23.8, 23.8, 24.29, 24.35, 24.37, 24.24, 24.27, 24.29], [24.7, 24.7, 24.7, 24.7, 24.7, 24.7, 24.7, 24.7, 24.7, 24.7, 24.7, 24.35, 23.8, 23.8, 23.8, 24.26, 24.29, 24.17, 24.21, 24.24], [24.7, 24.7, 24.7, 24.7, 24.7, 24.7, 24.7, 24.7, 24.7, 24.7, 24.13, 24.2, 24.11, 24.04, 24.12, 23.95, 23.97, 23.93, 24.17, 24.2], [24.7, 24.7, 24.7, 24.7, 24.7, 24.7, 24.7, 24.7, 24.7, 24.7, 24.31, 24.2, 24.08, 23.98, 23.95, 23.96, 24.02, 24.06, 24.1, 24.12], [24.7, 24.7, 24.7, 24.7, 24.7, 24.7, 24.7, 24.7, 24.7, 24.47, 24.35, 24.22, 24.08, 23.96, 23.82, 23.94, 24.02, 24.08, 24.11, 24.13], [24.7, 24.7, 24.7, 24.7, 24.7, 24.7, 24.7, 24.7, 24.62, 24.52, 24.46, 24.35, 24.12, 24.01, 23.93, 23.99, 24.06, 24.1, 24.13, 24.15], [24.7, 24.7, 24.76, 24.75, 24.75, 24.75, 24.74, 24.72, 24.63, 24.56, 24.48, 24.39, 24.16, 24.09, 24.03, 24.07, 24.11, 24.14, 24.16, 24.18], [24.76, 24.76, 24.76, 24.74, 24.74, 24.74, 24.73, 24.73, 24.58, 24.55, 24.49, 24.43, 24.19, 24.1, 24.11, 24.14, 24.17, 24.19, 24.2, 24.2], [24.75, 24.75, 24.75, 24.74, 24.74, 24.74, 24.74, 24.75, 24.58, 24.56, 24.52, 24.47, 24.25, 24.15, 24.17, 24.2, 24.22, 24.23, 24.24, 24.23], [24.75, 24.75, 24.75, 24.76, 24.76, 24.76, 24.76, 24.76, 24.77, 24.77, 24.77, 24.61, 24.51, 24.19, 24.21, 24.24, 24.25, 24.27, 24.27, 24.26], [24.76, 24.76, 24.76, 24.77, 24.77, 24.77, 24.77, 24.77, 24.78, 24.78, 24.78, 24.65, 24.52, 24.47, 24.42, 24.27, 24.25, 24.32, 24.3, 24.28], [24.77, 24.77, 24.77, 24.77, 24.77, 24.77, 24.78, 24.78, 24.79, 24.79, 24.79, 24.67, 24.62, 24.48, 24.43, 24.4, 24.34, 24.39, 24.32, 24.29], [24.77, 24.77, 24.77, 24.77, 24.77, 24.78, 24.78, 24.78, 24.79, 24.79, 24.73, 24.68, 24.64, 24.49, 24.45, 24.42, 24.42, 24.42, 24.31, 24.29], [24.77, 24.77, 24.77, 24.77, 24.77, 24.78, 24.78, 24.78, 24.79, 24.79, 24.72, 24.69, 24.65, 24.51, 24.48, 24.45, 24.44, 24.43, 24.43, 24.43], [24.77, 24.77, 24.77, 24.77, 24.78, 24.78, 24.78, 24.78, 24.79, 24.74, 24.74, 24.76, 24.74, 24.71, 24.5, 24.47, 24.46, 24.45, 24.45, 24.45], [24.77, 24.77, 24.77, 24.78, 24.78, 24.78, 24.78, 24.79, 24.79, 24.76, 24.79, 24.76, 24.74, 24.72, 24.52, 24.49, 24.48, 24.46, 24.46, 24.46], [24.77, 24.77, 24.77, 24.78, 24.78, 24.78, 24.78, 24.79, 24.76, 24.77, 24.78, 24.76, 24.74, 24.72, 24.54, 24.51, 24.49, 24.48, 24.47, 24.47], [24.77, 24.77, 24.78, 24.78, 24.78, 24.78, 24.78, 24.78, 24.76, 24.76, 24.76, 24.75, 24.74, 24.73, 24.55, 24.52, 24.5, 24.49, 24.48, 24.48], [24.77, 24.77, 24.78, 24.78, 24.78, 24.78, 24.78, 24.75, 24.75, 24.75, 24.75, 24.75, 24.74, 24.72, 24.55, 24.53, 24.51, 24.5, 24.49, 24.48]]}]