gis_exercise/awsData/contour/wdir_2023091013.json
[{"header": {"refTime": "2023-09-10T13:00:00.000Z", "nx": 21, "ny": 33, "lo1": 113.509, "la1": 22.2235, "lo2": 113.5947, "la2": 22.1034, "dx": 0.0042850000000001385, "dy": 0.003753125000000024, "parameterCategory": 2, "parameterCategoryName": "Temperature", "parameterNumber": 2}, "data": [-0.41, -0.42, -0.42, -0.56, -0.56, -0.46, -0.46, -0.47, -0.47, -0.58, -0.59, -0.6, -0.4, -0.39, -0.81, -0.85, -0.78, -0.8, -0.82, -0.84, -0.41, -0.41, -0.42, -0.42, -0.56, -0.55, -0.46, -0.47, -0.48, -0.57, -0.59, -0.59, -0.4, -0.4, -0.81, -0.75, -0.8, -0.83, -0.85, -0.86, -0.41, -0.41, -0.41, -0.42, -0.56, -0.55, -0.55, -0.48, -0.5, -0.56, -0.59, -0.59, -0.41, -0.4, -0.7, -0.77, -0.82, -0.87, -0.89, -0.9, -0.41, -0.41, -0.41, -0.41, -0.42, -0.55, -0.55, -0.54, -0.54, -0.58, -0.6, -0.59, -0.42, -0.49, -0.7, -0.79, -0.87, -0.92, -0.94, -0.94, -0.41, -0.41, -0.41, -0.41, -0.41, -0.55, -0.55, -0.55, -0.56, -0.63, -0.62, -0.5, -0.49, -0.48, -0.7, -0.83, -0.95, -1.01, -1.02, -0.99, -0.4, -0.4, -0.4, -0.4, -0.4, -0.4, -0.54, -0.54, -0.56, -0.61, -0.55, -0.5, -0.48, -0.33, -0.72, -0.9, -1.08, -1.16, -1.11, -1.05, -0.1, -0.4, -0.4, -0.4, -0.4, -0.39, -0.5, -0.51, -0.52, -0.56, -0.6, -0.47, -0.25, -0.26, -0.73, -0.96, -1.26, -1.38, -1.21, -1.1, -0.1, -0.11, -0.12, -0.05, -0.06, -0.49, -0.48, -0.45, -0.39, -0.59, -0.78, -0.32, -0.23, -0.22, -0.6, -0.87, -1.2, -1.32, -1.14, -1.02, -0.09, -0.1, -0.12, -0.14, -0.08, -0.08, -0.07, -0.47, -0.28, -0.53, -0.5, -0.32, -0.24, -0.28, -0.55, -0.77, -0.98, -1.07, -1.03, -0.97, 0.25, 0.23, 0.2, -0.14, -0.18, -0.14, -0.05, 0.04, -0.09, -0.18, -0.41, -0.32, -0.25, -0.29, -0.52, -0.69, -0.83, -0.91, -0.92, -0.9, 0.26, 0.24, 0.2, 0.14, 0.02, -0.35, 0.13, 0.41, 0.3, 0.06, -0.05, -0.34, -0.31, -0.31, -0.52, -0.64, -0.74, -0.81, -0.84, -0.84, 0.27, 0.25, 0.23, 0.19, 0.13, 0.1, 0.3, 0.58, 0.7, 0.6, 0.08, 0.18, 0.12, -0.33, -0.53, -0.61, -0.69, -0.88, -0.9, -0.91, 0.28, 0.28, 0.27, 0.26, 0.27, 0.33, 0.45, 0.58, 0.66, 0.57, 0.5, 0.24, 0.18, -0.27, -0.29, -0.75, -0.79, -0.83, -0.85, -0.87, 0.3, 0.3, 0.3, 0.31, 0.34, 0.42, 0.51, 0.52, 0.55, 0.53, 0.51, 0.12, 0.02, -0.04, -0.32, -0.72, -0.76, -0.79, -0.81, -0.83, 0.32, 0.32, 0.33, 0.34, 0.37, 0.42, 0.46, 0.23, 0.17, 0.1, 0.04, -0.37, -0.03, -0.11, -0.15, -0.7, -0.73, -0.76, -0.78, -0.8, 0.33, 0.33, -0.37, -0.35, -0.31, 0.04, 0.03, -0.03, -0.1, -0.14, -0.49, -0.5, -0.51, -0.74, -0.71, -0.37, -0.34, -0.31, -0.65, -0.65, -0.44, -0.44, -0.43, -0.44, -0.11, -0.16, -0.25, -0.37, -0.44, -0.42, -0.66, -0.61, -0.58, -0.57, -0.63, -0.17, -0.02, 0.1, 0.19, 0.25, -0.48, -0.48, -0.5, -0.52, -0.25, -0.36, -0.53, -0.77, -0.89, -1.02, -0.88, -0.69, -0.62, -0.65, -0.59, -0.22, -0.01, 0.13, 0.22, 0.28, -0.51, -0.53, -0.56, -0.27, -0.36, -0.51, -0.74, -1.13, -1.52, -1.18, -1.14, -1.0, -0.75, -0.66, -0.25, -0.1, 0.08, 0.2, 0.28, 0.33, -0.54, -0.57, -0.62, -0.67, -0.74, -0.84, -1.0, -1.22, -1.45, -1.28, -1.12, -0.99, -0.75, -0.66, 0.02, 0.1, 0.21, 0.3, 0.36, 0.4, -0.59, -0.62, -0.65, -0.69, -0.75, -0.83, -0.93, -1.04, -1.23, -1.15, -1.05, -0.97, -0.73, 0.19, 0.22, 0.29, 0.36, 0.42, 0.45, 0.47, -0.61, -0.63, -0.66, -0.69, -0.74, -0.79, -0.85, -1.06, -1.06, -1.01, -0.96, -0.92, -0.31, 0.32, 0.37, 0.43, 0.48, 0.52, 0.55, 0.55, -0.61, -0.63, -0.66, -0.95, -0.96, -0.96, -0.95, -0.92, -0.89, -0.86, -0.85, -0.67, 0.34, 0.42, 0.47, 0.52, 0.53, 0.61, 0.64, 0.62, -0.92, -0.92, -0.92, -0.91, -0.9, -0.89, -0.86, -0.81, -0.75, -0.72, -0.74, -0.34, 0.32, 0.45, 0.56, 0.59, 0.43, 0.8, 0.76, 0.69, -0.9, -0.9, -0.89, -0.88, -0.86, -0.83, -0.79, -0.73, -0.64, -0.56, -0.66, -0.36, -0.31, 0.45, 0.57, 0.69, 0.89, 1.09, 0.84, 0.73, -0.88, -0.88, -0.86, -0.85, -0.83, -0.8, -0.76, -0.7, -0.62, -0.56, -0.42, -0.38, -0.33, 0.44, 0.57, 0.68, 0.81, 0.87, 0.8, 0.72, -0.87, -0.86, -0.84, -0.83, -0.8, -0.77, -0.74, -0.69, -0.65, -0.63, -0.42, -0.39, -0.35, 0.36, 0.49, 0.61, 0.7, 0.74, 0.73, 0.7, -0.85, -0.84, -0.83, -0.81, -0.79, -0.76, -0.73, -0.69, -0.66, -0.45, -0.45, -0.21, -0.07, 0.1, 0.42, 0.52, 0.6, 0.65, 0.66, 0.65, -0.84, -0.83, -0.82, -0.8, -0.78, -0.75, -0.72, -0.69, -0.65, -0.48, -0.46, -0.28, -0.12, 0.04, 0.35, 0.45, 0.53, 0.57, 0.59, 0.6, -0.83, -0.82, -0.81, -0.79, -0.77, -0.75, -0.72, -0.69, -0.27, -0.35, -0.4, -0.27, -0.13, 0.01, 0.3, 0.39, 0.46, 0.51, 0.54, 0.55, -0.83, -0.82, -0.8, -0.79, -0.77, -0.75, -0.72, -0.7, -0.24, -0.27, -0.27, -0.21, -0.11, 0.0, 0.27, 0.35, 0.42, 0.46, 0.5, 0.51, -0.82, -0.81, -0.8, -0.78, -0.77, -0.75, -0.73, -0.17, -0.19, -0.2, -0.19, -0.15, -0.08, 0.01, 0.26, 0.33, 0.39, 0.43, 0.46, 0.48]}, {"header": {"refTime": "2023-09-10T13:00:00.000Z", "nx": 21, "ny": 33, "lo1": 113.509, "la1": 22.2235, "lo2": 113.5947, "la2": 22.1034, "dx": 0.0042850000000001385, "dy": 0.003753125000000024, "parameterCategory": 2, "parameterCategoryName": "Temperature", "parameterNumber": 3}, "data": [1.32, 1.3, 1.27, 1.14, 1.11, 1.1, 1.06, 1.03, 1.02, 1.05, 1.12, 1.19, 2.05, 2.13, 2.84, 3.05, 4.39, 4.5, 4.59, 4.66, 1.33, 1.31, 1.29, 1.25, 1.12, 1.08, 1.03, 0.96, 0.91, 0.99, 1.11, 1.21, 2.06, 2.15, 2.87, 4.24, 4.43, 4.58, 4.68, 4.74, 1.35, 1.33, 1.31, 1.28, 1.13, 1.09, 1.02, 0.9, 0.69, 0.94, 1.13, 1.26, 2.09, 2.18, 3.96, 4.26, 4.52, 4.7, 4.8, 4.85, 1.37, 1.36, 1.34, 1.31, 1.27, 1.13, 1.07, 0.97, 0.88, 1.03, 1.21, 1.34, 2.08, 2.36, 3.91, 4.34, 4.67, 4.88, 4.98, 4.99, 1.4, 1.39, 1.38, 1.35, 1.32, 1.18, 1.16, 1.13, 1.12, 1.18, 1.3, 2.24, 1.92, 2.31, 3.94, 4.52, 4.95, 5.18, 5.22, 5.16, 1.43, 1.42, 1.42, 1.41, 1.39, 1.37, 1.25, 1.27, 1.28, 1.3, 2.48, 2.45, 2.26, 2.89, 4.16, 4.81, 5.39, 5.63, 5.52, 5.34, 2.15, 1.46, 1.46, 1.46, 1.46, 1.45, 1.66, 1.38, 1.41, 2.21, 2.4, 2.92, 3.51, 3.38, 4.46, 5.11, 5.97, 6.29, 5.59, 5.22, 2.16, 2.14, 2.13, 2.41, 2.38, 1.71, 1.67, 1.62, 1.76, 2.1, 1.94, 3.82, 4.12, 3.69, 5.1, 5.58, 6.19, 6.41, 6.08, 5.86, 2.17, 2.16, 2.15, 2.12, 2.38, 2.35, 2.33, 1.65, 2.03, 2.27, 3.02, 3.62, 3.75, 3.69, 4.95, 5.38, 5.77, 5.94, 5.88, 5.76, 2.93, 2.9, 2.85, 2.15, 2.11, 2.31, 2.43, 2.55, 2.46, 2.37, 3.28, 3.51, 3.6, 3.61, 4.86, 5.2, 5.48, 5.64, 5.67, 5.63, 2.94, 2.9, 2.85, 2.76, 2.58, 2.02, 2.78, 3.26, 3.08, 2.79, 3.21, 3.46, 3.53, 3.55, 4.85, 5.1, 5.31, 5.44, 5.5, 5.51, 2.95, 2.92, 2.88, 2.82, 2.73, 2.69, 3.02, 3.58, 3.84, 3.87, 3.36, 4.18, 4.16, 3.5, 4.88, 5.06, 5.21, 4.45, 4.5, 4.52, 2.97, 2.95, 2.93, 2.91, 2.91, 2.98, 3.14, 3.5, 3.73, 3.53, 3.77, 4.21, 4.19, 3.43, 3.37, 3.96, 4.06, 4.16, 4.24, 4.29, 2.99, 2.98, 2.98, 2.98, 3.01, 3.07, 3.09, 3.28, 3.43, 3.43, 3.74, 3.31, 3.17, 3.06, 3.16, 3.67, 3.78, 3.89, 3.99, 4.07, 3.01, 3.01, 3.02, 3.03, 3.06, 3.1, 3.15, 3.15, 3.17, 3.15, 3.11, 2.58, 3.0, 2.86, 2.77, 3.34, 3.48, 3.63, 3.77, 3.88, 3.03, 3.04, 2.29, 2.32, 2.35, 2.98, 2.97, 2.95, 2.93, 2.92, 2.5, 2.41, 2.3, 2.06, 2.04, 2.08, 2.11, 2.15, 3.05, 3.15, 2.24, 2.25, 2.26, 2.27, 2.88, 2.83, 2.76, 2.68, 2.63, 2.66, 2.32, 2.27, 2.17, 2.03, 1.69, 2.14, 2.3, 2.43, 2.52, 2.59, 2.23, 2.23, 2.22, 2.22, 2.77, 2.68, 2.54, 2.34, 2.25, 1.89, 1.92, 2.17, 2.09, 1.68, 1.7, 2.09, 2.31, 2.46, 2.56, 2.63, 2.21, 2.2, 2.19, 2.76, 2.69, 2.57, 2.37, 2.04, 1.65, 1.8, 1.94, 1.97, 1.66, 1.68, 2.06, 2.21, 2.4, 2.53, 2.62, 2.68, 2.19, 2.18, 2.55, 2.51, 2.45, 2.36, 2.22, 2.02, 1.78, 1.9, 2.0, 2.03, 1.66, 1.67, 2.33, 2.42, 2.53, 2.63, 2.7, 2.75, 2.6, 2.58, 2.56, 2.52, 2.48, 2.41, 2.33, 2.24, 2.01, 2.06, 2.12, 2.13, 1.66, 2.51, 2.53, 2.59, 2.67, 2.74, 2.8, 2.83, 2.61, 2.59, 2.58, 2.56, 2.53, 2.5, 2.47, 2.06, 2.24, 2.27, 2.27, 2.25, 2.24, 2.64, 2.68, 2.71, 2.76, 2.83, 2.9, 2.92, 2.62, 2.61, 2.6, 2.04, 2.06, 2.1, 2.15, 2.22, 2.29, 2.32, 2.29, 2.4, 3.25, 2.75, 2.78, 2.77, 2.72, 2.9, 3.02, 3.02, 2.0, 2.01, 2.03, 2.06, 2.09, 2.15, 2.23, 2.36, 2.51, 2.58, 2.46, 2.32, 3.26, 3.23, 3.17, 2.86, 2.36, 3.22, 3.22, 3.12, 2.0, 2.01, 2.03, 2.06, 2.11, 2.17, 2.27, 2.45, 2.75, 3.0, 2.61, 2.33, 2.14, 3.26, 3.24, 3.24, 3.42, 3.84, 3.37, 3.19, 2.0, 2.01, 2.03, 2.06, 2.09, 2.15, 2.25, 2.4, 2.69, 2.92, 2.53, 2.23, 2.07, 3.29, 3.3, 2.96, 3.23, 3.35, 3.32, 3.2, 1.99, 2.0, 2.02, 2.04, 2.06, 2.1, 2.16, 2.24, 2.32, 2.31, 2.15, 2.01, 1.95, 2.41, 2.64, 2.85, 3.02, 3.1, 3.08, 3.02, 1.98, 1.99, 2.0, 2.01, 2.02, 2.04, 2.04, 2.03, 1.96, 1.8, 1.66, 2.18, 2.47, 2.76, 2.51, 2.7, 2.85, 2.92, 2.94, 2.92, 1.97, 1.97, 1.98, 1.98, 1.98, 1.97, 1.94, 1.87, 1.7, 1.39, 1.21, 1.83, 2.27, 2.6, 2.39, 2.57, 2.71, 2.79, 2.83, 2.83, 1.96, 1.96, 1.95, 1.95, 1.94, 1.91, 1.86, 1.77, 2.0, 1.63, 1.41, 1.81, 2.21, 2.52, 2.3, 2.47, 2.6, 2.68, 2.73, 2.75, 1.94, 1.94, 1.93, 1.92, 1.9, 1.87, 1.82, 1.74, 2.07, 1.89, 1.84, 2.0, 2.25, 2.49, 2.25, 2.4, 2.52, 2.6, 2.65, 2.68, 1.93, 1.93, 1.92, 1.9, 1.88, 1.85, 1.8, 2.29, 2.18, 2.1, 2.09, 2.18, 2.34, 2.51, 2.23, 2.36, 2.46, 2.53, 2.59, 2.63]}, {"header": {"refTime": "2023-09-10T13:00:00.000Z", "nx": 21, "ny": 33, "lo1": 113.509, "la1": 22.2235, "lo2": 113.5947, "la2": 22.1034, "dx": 0.0042850000000001385, "dy": 0.003753125000000024, "parameterCategory": 0, "parameterCategoryName": "Temperature", "parameterNumber": 0}, "data": [[25.23, 25.23, 25.23, 25.02, 25.03, 25.27, 25.27, 25.26, 25.27, 25.14, 25.14, 25.15, 25.34, 25.35, 25.27, 25.25, 25.27, 25.26, 25.25, 25.24], [25.23, 25.23, 25.23, 25.23, 25.03, 25.04, 25.26, 25.25, 25.25, 25.15, 25.15, 25.16, 25.35, 25.36, 25.27, 25.28, 25.26, 25.25, 25.24, 25.23], [25.23, 25.23, 25.23, 25.23, 25.03, 25.04, 25.06, 25.24, 25.21, 25.15, 25.15, 25.18, 25.37, 25.38, 25.31, 25.28, 25.25, 25.24, 25.23, 25.22], [25.23, 25.23, 25.23, 25.23, 25.23, 25.03, 25.05, 25.08, 25.11, 25.13, 25.15, 25.21, 25.4, 25.26, 25.31, 25.27, 25.24, 25.22, 25.21, 25.21], [25.24, 25.23, 25.23, 25.23, 25.23, 25.02, 25.03, 25.04, 25.03, 25.08, 25.12, 25.27, 25.4, 25.29, 25.31, 25.25, 25.21, 25.19, 25.18, 25.19], [25.24, 25.24, 25.24, 25.23, 25.23, 25.23, 25.02, 25.02, 24.99, 24.93, 25.06, 25.2, 25.31, 25.43, 25.29, 25.23, 25.16, 25.14, 25.15, 25.17], [25.26, 25.24, 25.24, 25.24, 25.24, 25.23, 25.05, 25.03, 25.0, 24.9, 24.84, 25.09, 25.39, 25.4, 25.27, 25.2, 25.1, 25.07, 25.09, 25.12], [25.26, 25.26, 25.26, 25.26, 25.26, 25.08, 25.07, 25.09, 25.13, 24.86, 24.65, 25.05, 25.06, 25.4, 25.11, 25.14, 25.08, 25.05, 25.09, 25.12], [25.24, 25.24, 25.26, 25.26, 25.26, 25.26, 25.25, 25.07, 24.98, 24.92, 24.81, 24.93, 24.98, 24.91, 25.12, 25.16, 25.12, 25.1, 25.11, 25.13], [25.3, 25.3, 25.3, 25.25, 25.26, 25.28, 25.27, 25.25, 24.8, 24.84, 24.99, 24.85, 24.9, 24.87, 25.12, 25.17, 25.14, 25.13, 25.13, 25.14], [25.3, 25.3, 25.3, 25.3, 25.3, 25.3, 25.3, 25.3, 25.26, 24.96, 24.5, 24.8, 24.84, 24.84, 25.12, 25.18, 25.16, 25.15, 25.15, 25.15], [25.3, 25.3, 25.3, 25.3, 25.3, 25.3, 25.3, 25.3, 25.3, -999.0, 24.5, 25.3, 25.3, 24.82, 25.11, 25.19, 25.18, 24.6, 24.61, 24.61], [25.3, 25.3, 25.3, 25.3, 25.3, 25.3, 25.3, 25.3, 25.3, 25.3, -999.0, 25.3, 25.3, 24.65, 24.93, 24.75, 24.75, 24.66, 24.68, 24.68], [25.3, 25.3, 25.3, 25.3, 25.3, 25.3, 25.3, 25.3, 25.3, 25.3, -999.0, 24.3, 24.3, 24.3, 24.85, 24.69, 24.7, 24.61, 24.63, 24.64], [25.3, 25.3, 25.3, 25.3, 25.3, 25.3, 25.3, 25.2, 25.2, 25.2, 25.2, 24.85, 24.3, 24.3, 24.3, 24.62, 24.64, 24.56, 24.59, 24.61], [25.3, 25.3, 25.24, 25.24, 25.23, 25.2, 25.2, 25.2, 25.2, 25.2, 24.63, 24.7, 24.61, 24.54, 24.62, 24.34, 24.34, 24.33, 24.51, 24.52], [25.24, 25.24, 25.26, 25.26, 25.2, 25.2, 25.2, 25.2, 25.2, 25.2, 24.81, 24.7, 24.58, 24.48, 24.42, 24.34, 24.36, 24.37, 24.38, 24.39], [25.26, 25.26, 25.26, 25.26, 25.2, 25.2, 25.2, 25.2, 25.2, 24.97, 24.85, 24.72, 24.58, 24.43, 24.32, 24.34, 24.36, 24.37, 24.38, 24.39], [25.26, 25.26, 25.26, 25.2, 25.2, 25.2, 25.2, 25.2, 25.12, 25.02, 24.89, 24.77, 24.56, 24.47, 24.34, 24.35, 24.37, 24.38, 24.39, 24.4], [25.26, 25.26, 25.03, 25.04, 25.05, 25.06, 25.09, 25.15, 25.08, 24.99, 24.89, 24.79, 24.59, 24.52, 24.36, 24.37, 24.38, 24.39, 24.4, 24.4], [25.02, 25.02, 25.03, 25.08, 25.08, 25.09, 25.1, 25.11, 24.99, 24.95, 24.88, 24.81, 24.61, 24.38, 24.38, 24.39, 24.4, 24.41, 24.41, 24.41], [25.06, 25.06, 25.06, 25.07, 25.07, 25.07, 25.07, 25.11, 24.94, 24.91, 24.87, 24.82, 24.53, 24.4, 24.4, 24.41, 24.41, 24.42, 24.42, 24.42], [25.05, 25.05, 25.05, 25.12, 25.11, 25.11, 25.1, 25.09, 25.08, 25.07, 25.08, 24.86, 24.61, 24.41, 24.41, 24.42, 24.42, 24.43, 24.43, 24.42], [25.12, 25.12, 25.12, 25.11, 25.11, 25.1, 25.08, 25.06, 25.04, 25.03, 25.05, 24.88, 24.63, 24.58, 24.53, 24.43, 24.42, 24.44, 24.44, 24.43], [25.12, 25.12, 25.12, 25.11, 25.1, 25.09, 25.08, 25.05, 25.0, 24.96, 25.02, 24.9, 24.86, 24.58, 24.54, 24.5, 24.45, 24.46, 24.44, 24.43], [25.12, 25.12, 25.12, 25.11, 25.11, 25.1, 25.08, 25.05, 25.01, 24.97, 24.94, 24.93, 24.9, 24.59, 24.55, 24.58, 24.55, 24.54, 24.44, 24.43], [25.12, 25.12, 25.12, 25.11, 25.11, 25.1, 25.09, 25.08, 25.07, 25.07, 25.0, 24.98, 24.94, 24.75, 24.68, 24.63, 24.59, 24.58, 24.58, 24.59], [25.12, 25.12, 25.12, 25.12, 25.12, 25.11, 25.11, 25.11, 25.12, 25.07, 25.09, 25.06, 25.01, 24.95, 24.73, 24.67, 24.64, 24.62, 24.61, 24.61], [25.13, 25.12, 25.12, 25.12, 25.12, 25.12, 25.13, 25.14, 25.16, 25.16, 25.23, 25.12, 25.04, 24.98, 24.77, 24.71, 24.68, 24.65, 24.64, 24.64], [25.13, 25.13, 25.13, 25.13, 25.13, 25.13, 25.14, 25.15, 25.1, 25.16, 25.2, 25.13, 25.05, 24.99, 24.8, 24.75, 24.71, 24.68, 24.67, 24.66], [25.13, 25.13, 25.13, 25.13, 25.13, 25.14, 25.15, 25.16, 25.08, 25.11, 25.12, 25.09, 25.04, 25.0, 24.82, 24.77, 24.73, 24.71, 24.69, 24.68], [25.13, 25.13, 25.13, 25.14, 25.14, 25.14, 25.15, 25.04, 25.06, 25.08, 25.08, 25.06, 25.03, 24.99, 24.82, 24.78, 24.75, 24.73, 24.71, 24.7]]}]