gis_exercise/awsData/contour/wdir_2023090715.json
[{"header": {"refTime": "2023-09-07T15:00:00.000Z", "nx": 21, "ny": 33, "lo1": 113.509, "la1": 22.2235, "lo2": 113.5947, "la2": 22.1034, "dx": 0.0042850000000001385, "dy": 0.003753125000000024, "parameterCategory": 2, "parameterCategoryName": "Temperature", "parameterNumber": 2}, "data": [-1.64, -1.63, -1.62, -1.46, -1.44, -1.86, -1.81, -1.76, -1.75, -1.6, -1.69, -1.78, -1.96, -2.0, -2.43, -2.46, -2.58, -2.59, -2.59, -2.59, -1.65, -1.64, -1.63, -1.61, -1.45, -1.42, -1.76, -1.65, -1.6, -1.54, -1.69, -1.83, -2.03, -2.07, -2.47, -2.59, -2.59, -2.6, -2.6, -2.6, -1.65, -1.65, -1.64, -1.62, -1.46, -1.44, -1.39, -1.57, -1.27, -1.48, -1.72, -1.92, -2.14, -2.16, -2.6, -2.6, -2.61, -2.62, -2.62, -2.62, -1.66, -1.66, -1.65, -1.64, -1.63, -1.47, -1.43, -1.37, -1.31, -1.56, -1.81, -2.08, -2.33, -2.26, -2.61, -2.61, -2.63, -2.64, -2.64, -2.64, -1.67, -1.67, -1.67, -1.67, -1.66, -1.51, -1.5, -1.47, -1.44, -1.65, -1.87, -2.31, -2.67, -2.33, -2.6, -2.62, -2.66, -2.68, -2.68, -2.66, -1.68, -1.68, -1.69, -1.69, -1.7, -1.71, -1.59, -1.6, -1.57, -1.49, -1.84, -2.11, -2.39, -2.54, -2.56, -2.63, -2.71, -2.75, -2.72, -2.68, -2.58, -1.69, -1.7, -1.71, -1.73, -1.76, -1.78, -1.75, -1.74, -1.56, -1.41, -1.76, -2.29, -2.38, -2.5, -2.63, -2.8, -2.86, -2.95, -2.94, -2.58, -2.55, -2.51, -2.33, -2.32, -1.74, -1.8, -1.93, -2.06, -1.53, -1.21, -1.64, -1.75, -2.3, -2.42, -2.57, -2.76, -2.83, -2.73, -2.66, -2.59, -2.56, -2.51, -2.45, -2.26, -2.27, -2.33, -1.83, -2.17, -1.58, -1.63, -1.89, -2.22, -2.06, -2.43, -2.54, -2.65, -2.69, -2.67, -2.64, -3.01, -2.96, -2.89, -2.43, -2.3, -2.11, -2.29, -2.49, -2.39, -2.24, -1.81, -2.05, -2.35, -2.13, -2.45, -2.51, -2.57, -2.61, -2.61, -2.6, -3.03, -2.98, -2.91, -2.78, -2.5, -1.7, -2.69, -3.16, -2.85, -2.56, -2.57, -2.0, -2.09, -2.06, -2.46, -2.49, -2.53, -2.56, -2.57, -2.57, -3.06, -3.03, -2.98, -2.9, -2.77, -2.71, -3.08, -3.42, -3.53, -3.64, -2.72, -2.71, -2.64, -1.99, -2.45, -2.48, -2.51, -2.69, -2.69, -2.69, -3.1, -3.09, -3.07, -3.07, -3.12, -3.32, -3.62, -3.57, -3.55, -3.46, -3.59, -2.78, -2.69, -2.22, -2.21, -2.63, -2.64, -2.64, -2.65, -2.66, -3.14, -3.14, -3.16, -3.21, -3.33, -3.6, -4.07, -3.68, -3.54, -3.47, -3.64, -2.94, -2.85, -2.78, -2.2, -2.57, -2.58, -2.59, -2.61, -2.62, -3.17, -3.19, -3.22, -3.28, -3.39, -3.55, -3.68, -3.18, -2.94, -2.76, -2.63, -1.9, -2.78, -2.7, -2.65, -2.5, -2.52, -2.54, -2.57, -2.59, -3.2, -3.22, -2.08, -2.15, -2.23, -2.83, -2.79, -2.63, -2.45, -2.34, -1.65, -1.72, -1.8, -1.69, -1.77, -2.27, -2.29, -2.3, -2.36, -2.38, -1.92, -1.94, -1.95, -1.96, -2.48, -2.38, -2.2, -1.95, -1.78, -1.8, -1.38, -1.57, -1.74, -1.89, -1.82, -2.11, -2.09, -2.08, -2.07, -2.07, -1.85, -1.84, -1.82, -1.78, -2.19, -1.98, -1.63, -1.16, -0.92, -0.93, -1.27, -1.43, -1.69, -1.78, -2.1, -2.11, -2.09, -2.08, -2.07, -2.07, -1.78, -1.75, -1.7, -2.14, -1.96, -1.68, -1.22, -0.47, 0.24, -0.55, -0.59, -0.95, -1.39, -1.69, -2.11, -2.1, -2.09, -2.07, -2.07, -2.06, -1.72, -1.67, -1.59, -1.49, -1.35, -1.12, -0.8, -0.34, 0.11, -0.24, -0.61, -0.92, -1.32, -1.55, -2.09, -2.08, -2.07, -2.07, -2.06, -2.06, -1.64, -1.59, -1.53, -1.43, -1.3, -1.13, -0.91, -0.7, -0.33, -0.5, -0.73, -0.94, -1.29, -2.08, -2.07, -2.07, -2.06, -2.06, -2.05, -2.05, -1.6, -1.55, -1.49, -1.41, -1.31, -1.19, -1.07, -0.48, -0.65, -0.75, -0.87, -0.99, -1.96, -2.06, -2.06, -2.06, -2.06, -2.05, -2.04, -2.04, -1.58, -1.53, -1.47, -0.66, -0.66, -0.67, -0.68, -0.73, -0.79, -0.84, -0.85, -1.08, -1.85, -2.06, -2.05, -2.06, -2.06, -2.04, -2.03, -2.03, -0.72, -0.72, -0.73, -0.74, -0.75, -0.79, -0.84, -0.93, -1.04, -1.1, -1.05, -1.64, -1.84, -1.89, -1.94, -2.05, -2.09, -2.02, -2.01, -2.02, -0.75, -0.76, -0.78, -0.8, -0.83, -0.88, -0.95, -1.07, -1.25, -1.39, -1.21, -1.62, -1.67, -1.88, -1.93, -1.96, -2.0, -1.96, -2.0, -2.02, -0.78, -0.8, -0.82, -0.85, -0.89, -0.94, -1.02, -1.13, -1.28, -1.39, -1.57, -1.59, -1.64, -1.87, -1.91, -1.9, -1.92, -1.92, -2.01, -2.02, -0.81, -0.83, -0.85, -0.88, -0.93, -0.98, -1.05, -1.12, -1.2, -1.24, -1.53, -1.56, -1.6, -1.76, -1.81, -1.86, -1.88, -1.89, -1.89, -1.89, -0.83, -0.85, -0.88, -0.91, -0.95, -1.0, -1.06, -1.12, -1.17, -1.48, -1.46, -1.46, -1.5, -1.54, -1.77, -1.82, -1.85, -1.86, -1.87, -1.87, -0.85, -0.87, -0.9, -0.93, -0.97, -1.01, -1.06, -1.11, -1.16, -1.41, -1.34, -1.42, -1.48, -1.52, -1.74, -1.79, -1.82, -1.83, -1.84, -1.85, -0.87, -0.89, -0.91, -0.94, -0.98, -1.01, -1.06, -1.1, -1.44, -1.39, -1.37, -1.42, -1.47, -1.51, -1.72, -1.76, -1.79, -1.81, -1.82, -1.83, -0.88, -0.9, -0.92, -0.95, -0.98, -1.01, -1.05, -1.08, -1.45, -1.43, -1.42, -1.44, -1.48, -1.51, -1.7, -1.74, -1.77, -1.79, -1.81, -1.81, -0.88, -0.9, -0.93, -0.95, -0.98, -1.01, -1.04, -1.48, -1.46, -1.45, -1.45, -1.47, -1.49, -1.51, -1.7, -1.73, -1.76, -1.78, -1.79, -1.8]}, {"header": {"refTime": "2023-09-07T15:00:00.000Z", "nx": 21, "ny": 33, "lo1": 113.509, "la1": 22.2235, "lo2": 113.5947, "la2": 22.1034, "dx": 0.0042850000000001385, "dy": 0.003753125000000024, "parameterCategory": 2, "parameterCategoryName": "Temperature", "parameterNumber": 3}, "data": [0.22, 0.19, 0.15, -0.02, -0.06, -0.31, -0.37, -0.43, -0.46, -0.6, -0.56, -0.52, -0.44, -0.41, -0.41, -0.37, 0.04, 0.06, 0.07, 0.08, 0.24, 0.21, 0.18, 0.13, -0.05, -0.13, -0.39, -0.51, -0.59, -0.65, -0.57, -0.51, -0.43, -0.4, -0.4, 0.02, 0.04, 0.07, 0.08, 0.09, 0.26, 0.24, 0.21, 0.16, -0.02, -0.1, -0.23, -0.57, -0.85, -0.69, -0.56, -0.5, -0.42, -0.38, -0.03, 0.02, 0.05, 0.08, 0.1, 0.1, 0.29, 0.28, 0.25, 0.22, 0.16, -0.02, -0.13, -0.31, -0.48, -0.61, -0.51, -0.47, -0.41, -0.14, -0.04, 0.03, 0.07, 0.1, 0.12, 0.12, 0.33, 0.32, 0.31, 0.28, 0.25, 0.09, 0.04, -0.02, -0.06, -0.47, -0.42, -0.18, -0.37, -0.18, -0.04, 0.05, 0.11, 0.14, 0.14, 0.14, 0.36, 0.36, 0.36, 0.36, 0.35, 0.35, 0.24, 0.27, 0.27, 0.23, 0.05, -0.07, -0.21, -0.1, 0.01, 0.09, 0.16, 0.19, 0.18, 0.16, 0.56, 0.41, 0.42, 0.43, 0.45, 0.47, 0.82, 0.54, 0.57, 0.6, 0.49, 0.14, 0.1, 0.07, 0.08, 0.14, 0.22, 0.25, 0.18, 0.14, 0.55, 0.56, 0.58, 0.63, 0.65, 0.8, 0.83, 0.92, 1.0, 0.59, 0.36, 0.39, 0.4, 0.18, 0.36, 0.35, 0.33, 0.33, 0.33, 0.34, 0.53, 0.54, 0.56, 0.58, 0.64, 0.65, 0.68, 0.86, 0.67, 0.62, 0.33, 0.36, 0.34, 0.35, 0.36, 0.35, 0.34, 0.34, 0.34, 0.34, 0.13, 0.16, 0.19, 0.56, 0.6, 0.65, 0.61, 0.58, 0.43, 0.41, 0.34, 0.34, 0.32, 0.34, 0.35, 0.35, 0.35, 0.34, 0.34, 0.34, 0.13, 0.15, 0.18, 0.24, 0.36, 0.73, 0.27, 0.05, 0.32, 0.27, 0.1, 0.34, 0.34, 0.34, 0.35, 0.35, 0.35, 0.35, 0.35, 0.35, 0.11, 0.13, 0.15, 0.19, 0.24, 0.27, 0.1, -0.09, -0.15, -0.17, 0.06, 0.17, 0.21, 0.34, 0.35, 0.35, 0.35, 0.36, 0.36, 0.36, 0.1, 0.1, 0.11, 0.11, 0.09, 0.01, -0.12, -0.14, -0.15, -0.1, -0.13, 0.14, 0.18, 0.4, 0.41, 0.37, 0.37, 0.37, 0.37, 0.37, 0.08, 0.08, 0.07, 0.05, 0.0, -0.11, -0.3, -0.16, -0.12, -0.09, -0.15, 0.14, 0.19, 0.22, 0.42, 0.38, 0.38, 0.38, 0.38, 0.37, 0.06, 0.06, 0.04, 0.02, -0.03, -0.09, -0.15, -0.01, 0.07, 0.13, 0.18, 0.48, 0.22, 0.25, 0.28, 0.4, 0.4, 0.39, 0.39, 0.38, 0.05, 0.04, 0.47, 0.45, 0.41, 0.12, 0.14, 0.19, 0.25, 0.29, 0.57, 0.55, 0.54, 0.64, 0.61, 0.63, 0.66, 0.69, 0.71, 0.72, 0.53, 0.52, 0.51, 0.51, 0.24, 0.28, 0.35, 0.44, 0.49, 0.49, 0.67, 0.62, 0.57, 0.54, 0.71, 0.68, 0.74, 0.79, 0.82, 0.85, 0.55, 0.55, 0.56, 0.57, 0.35, 0.43, 0.55, 0.72, 0.81, 0.84, 0.73, 0.67, 0.6, 0.71, 0.53, 0.66, 0.75, 0.8, 0.84, 0.86, 0.58, 0.58, 0.6, 0.37, 0.43, 0.53, 0.7, 0.98, 1.24, 0.97, 0.93, 0.81, 0.91, 0.79, 0.64, 0.71, 0.79, 0.84, 0.87, 0.88, 0.6, 0.61, 0.51, 0.55, 0.61, 0.69, 0.82, 0.99, 1.17, 1.04, 0.9, 0.8, 0.97, 0.9, 0.76, 0.8, 0.85, 0.89, 0.9, 0.91, 0.49, 0.51, 0.53, 0.57, 0.61, 0.68, 0.76, 0.84, 0.99, 0.93, 0.85, 0.78, 1.03, 0.84, 0.86, 0.9, 0.93, 0.94, 0.95, 0.94, 0.5, 0.51, 0.54, 0.56, 0.6, 0.64, 0.68, 0.86, 0.85, 0.81, 0.77, 0.74, 0.75, 0.9, 0.93, 0.98, 1.01, 1.01, 0.98, 0.97, 0.5, 0.52, 0.53, 0.78, 0.78, 0.78, 0.77, 0.75, 0.72, 0.69, 0.69, 0.93, 0.82, 0.94, 0.99, 1.05, 1.11, 1.07, 1.01, 0.98, 0.76, 0.75, 0.75, 0.75, 0.74, 0.72, 0.69, 0.65, 0.59, 0.56, 0.59, 0.66, 0.8, 0.89, 0.97, 1.07, 1.27, 1.04, 1.0, 0.98, 0.74, 0.74, 0.73, 0.72, 0.7, 0.68, 0.64, 0.58, 0.49, 0.42, 0.51, 0.62, 0.73, 0.87, 0.95, 1.01, 1.0, 0.91, 0.97, 0.97, 0.73, 0.72, 0.71, 0.7, 0.68, 0.65, 0.61, 0.56, 0.48, 0.42, 0.52, 0.61, 0.7, 0.85, 0.92, 0.99, 0.98, 0.96, 0.97, 0.97, 0.71, 0.71, 0.69, 0.68, 0.66, 0.63, 0.6, 0.56, 0.53, 0.51, 0.55, 0.61, 0.68, 0.88, 0.93, 0.95, 0.96, 0.96, 0.96, 0.97, 0.7, 0.69, 0.68, 0.67, 0.65, 0.63, 0.6, 0.57, 0.55, 0.55, 0.57, 0.5, 0.51, 0.52, 0.89, 0.92, 0.94, 0.95, 0.95, 0.95, 0.7, 0.69, 0.67, 0.66, 0.64, 0.62, 0.6, 0.58, 0.56, 0.56, 0.52, 0.51, 0.51, 0.52, 0.87, 0.9, 0.92, 0.93, 0.94, 0.94, 0.69, 0.68, 0.67, 0.66, 0.64, 0.62, 0.61, 0.59, 0.5, 0.51, 0.51, 0.51, 0.51, 0.52, 0.85, 0.88, 0.9, 0.92, 0.93, 0.93, 0.69, 0.68, 0.67, 0.65, 0.64, 0.63, 0.61, 0.6, 0.5, 0.5, 0.51, 0.51, 0.52, 0.52, 0.84, 0.87, 0.89, 0.9, 0.91, 0.92, 0.68, 0.67, 0.66, 0.65, 0.64, 0.63, 0.62, 0.5, 0.5, 0.5, 0.51, 0.51, 0.52, 0.52, 0.83, 0.86, 0.88, 0.89, 0.9, 0.91]}, {"header": {"refTime": "2023-09-07T15:00:00.000Z", "nx": 21, "ny": 33, "lo1": 113.509, "la1": 22.2235, "lo2": 113.5947, "la2": 22.1034, "dx": 0.0042850000000001385, "dy": 0.003753125000000024, "parameterCategory": 0, "parameterCategoryName": "Temperature", "parameterNumber": 0}, "data": [[28.39, 28.38, 28.37, 28.19, 28.19, 28.34, 28.34, 28.34, 28.35, 28.36, 28.38, 28.4, 28.63, 28.65, 28.47, 28.46, 28.64, 28.63, 28.62, 28.62], [28.39, 28.38, 28.38, 28.37, 28.19, 28.2, 28.33, 28.33, 28.34, 28.35, 28.38, 28.41, 28.64, 28.66, 28.48, 28.65, 28.63, 28.62, 28.61, 28.61], [28.4, 28.39, 28.38, 28.37, 28.19, 28.2, 28.22, 28.32, 28.31, 28.35, 28.39, 28.43, 28.66, 28.67, 28.66, 28.64, 28.62, 28.6, 28.59, 28.59], [28.4, 28.4, 28.39, 28.38, 28.36, 28.19, 28.2, 28.22, 28.24, 28.35, 28.4, 28.47, 28.68, 28.65, 28.66, 28.63, 28.6, 28.58, 28.57, 28.57], [28.41, 28.41, 28.4, 28.39, 28.37, 28.18, 28.18, 28.19, 28.19, 28.36, 28.41, 28.64, 28.68, 28.66, 28.66, 28.62, 28.57, 28.54, 28.54, 28.55], [28.42, 28.42, 28.41, 28.4, 28.38, 28.36, 28.16, 28.16, 28.16, 28.15, 28.55, 28.63, 28.67, 28.8, 28.66, 28.59, 28.52, 28.48, 28.5, 28.53], [28.49, 28.43, 28.43, 28.42, 28.41, 28.38, 28.28, 28.14, 28.13, 28.28, 28.33, 28.62, 28.87, 28.85, 28.67, 28.57, 28.44, 28.39, 28.37, 28.4], [28.5, 28.5, 28.51, 28.5, 28.49, 28.37, 28.3, 28.2, 28.15, 28.25, 28.21, 28.72, 28.73, 28.85, 28.56, 28.64, 28.48, 28.43, 28.52, 28.57], [28.4, 28.41, 28.53, 28.54, 28.55, 28.52, 28.44, 28.27, 28.1, 28.29, 28.45, 28.58, 28.64, 28.56, 28.58, 28.66, 28.58, 28.54, 28.56, 28.59], [28.8, 28.8, 28.8, 28.47, 28.52, 28.64, 28.56, 28.44, 28.1, 28.1, 28.65, 28.5, 28.54, 28.52, 28.58, 28.69, 28.64, 28.61, 28.61, 28.62], [28.8, 28.8, 28.8, 28.8, 28.8, 28.8, 28.8, 28.8, 28.55, 28.1, 28.1, 28.44, 28.48, 28.49, 28.57, 28.72, 28.68, 28.65, 28.65, 28.65], [28.8, 28.8, 28.8, 28.8, 28.8, 28.8, 28.8, 28.8, 28.8, -999.0, 28.1, 29.0, 29.0, 28.46, 28.56, 28.74, 28.72, 27.96, 27.97, 27.97], [28.8, 28.8, 28.8, 28.8, 28.8, 28.8, 28.8, 28.8, 28.8, 28.8, -999.0, 29.0, 29.0, 28.15, 28.52, 28.08, 28.09, 28.01, 28.02, 28.03], [28.8, 28.8, 28.8, 28.8, 28.8, 28.8, 28.8, 28.8, 28.8, 28.8, -999.0, 27.7, 27.7, 27.7, 28.41, 28.03, 28.04, 27.97, 27.98, 27.99], [28.8, 28.8, 28.8, 28.8, 28.8, 28.8, 28.8, 29.6, 29.6, 29.6, 29.6, 28.87, 27.7, 27.7, 27.7, 27.97, 27.99, 27.92, 27.94, 27.96], [28.8, 28.8, 29.3, 29.31, 29.33, 29.6, 29.6, 29.6, 29.6, 29.6, 28.4, 28.54, 28.36, 28.2, 28.38, 27.88, 27.91, 27.86, 27.99, 28.01], [29.31, 29.32, 29.08, 29.1, 29.6, 29.6, 29.6, 29.6, 29.6, 29.6, 28.78, 28.55, 28.3, 28.07, 27.98, 27.99, 28.09, 28.17, 28.23, 28.28], [29.09, 29.1, 29.11, 29.13, 29.6, 29.6, 29.6, 29.6, 29.6, 29.12, 28.86, 28.58, 28.28, 28.0, 27.74, 27.95, 28.1, 28.2, 28.26, 28.3], [29.1, 29.11, 29.13, 29.6, 29.6, 29.6, 29.6, 29.6, 29.43, 29.23, 29.03, 28.8, 28.31, 28.09, 27.93, 28.04, 28.16, 28.24, 28.3, 28.34], [29.11, 29.13, 29.54, 29.55, 29.55, 29.55, 29.56, 29.58, 29.41, 29.26, 29.06, 28.87, 28.38, 28.23, 28.12, 28.18, 28.25, 28.31, 28.35, 28.38], [29.54, 29.54, 29.54, 29.56, 29.56, 29.56, 29.57, 29.57, 29.28, 29.2, 29.08, 28.93, 28.43, 28.24, 28.26, 28.3, 28.35, 28.39, 28.42, 28.43], [29.55, 29.55, 29.55, 29.56, 29.56, 29.56, 29.56, 29.58, 29.23, 29.19, 29.1, 29.0, 28.45, 28.33, 28.36, 28.4, 28.43, 28.47, 28.48, 28.48], [29.55, 29.55, 29.55, 29.59, 29.59, 29.58, 29.58, 29.58, 29.57, 29.57, 29.57, 29.19, 28.98, 28.39, 28.43, 28.46, 28.47, 28.53, 28.55, 28.53], [29.59, 29.59, 29.59, 29.59, 29.59, 29.58, 29.58, 29.57, 29.56, 29.55, 29.56, 29.23, 29.0, 28.9, 28.81, 28.51, 28.39, 28.66, 28.63, 28.58], [29.59, 29.59, 29.59, 29.59, 29.59, 29.58, 29.58, 29.56, 29.54, 29.53, 29.55, 29.28, 29.16, 28.92, 28.84, 28.78, 28.72, 28.86, 28.68, 28.61], [29.59, 29.59, 29.59, 29.59, 29.59, 29.59, 29.58, 29.57, 29.55, 29.53, 29.39, 29.31, 29.21, 28.95, 28.88, 28.87, 28.87, 28.89, 28.66, 28.61], [29.6, 29.6, 29.59, 29.59, 29.59, 29.59, 29.59, 29.58, 29.58, 29.58, 29.41, 29.36, 29.27, 29.06, 28.98, 28.93, 28.91, 28.9, 28.9, 28.9], [29.6, 29.6, 29.6, 29.6, 29.6, 29.6, 29.6, 29.6, 29.61, 29.48, 29.49, 29.57, 29.53, 29.49, 29.04, 28.98, 28.95, 28.93, 28.93, 28.92], [29.6, 29.6, 29.6, 29.6, 29.6, 29.6, 29.61, 29.61, 29.63, 29.55, 29.66, 29.6, 29.55, 29.51, 29.09, 29.03, 28.99, 28.96, 28.95, 28.95], [29.6, 29.6, 29.6, 29.6, 29.6, 29.61, 29.61, 29.62, 29.59, 29.62, 29.64, 29.6, 29.56, 29.52, 29.12, 29.06, 29.02, 28.99, 28.98, 28.97], [29.6, 29.6, 29.6, 29.6, 29.61, 29.61, 29.61, 29.62, 29.58, 29.59, 29.6, 29.58, 29.55, 29.52, 29.14, 29.09, 29.05, 29.02, 29.0, 28.99], [29.6, 29.6, 29.6, 29.61, 29.61, 29.61, 29.62, 29.55, 29.56, 29.57, 29.57, 29.56, 29.54, 29.52, 29.15, 29.1, 29.07, 29.04, 29.02, 29.0]]}]