gis_exercise/awsData/contour/wdir_2023091410.json
[{"header": {"refTime": "2023-09-14T10:00:00.000Z", "nx": 21, "ny": 33, "lo1": 113.509, "la1": 22.2235, "lo2": 113.5947, "la2": 22.1034, "dx": 0.0042850000000001385, "dy": 0.003753125000000024, "parameterCategory": 2, "parameterCategoryName": "Temperature", "parameterNumber": 2}, "data": [-0.73, -0.75, -0.77, -1.04, -1.05, -1.32, -1.32, -1.32, -1.33, -1.36, -1.41, -1.45, -1.79, -1.82, -1.58, -1.57, -1.82, -1.8, -1.79, -1.78, -0.72, -0.74, -0.76, -0.79, -1.04, -1.06, -1.3, -1.29, -1.29, -1.34, -1.41, -1.47, -1.81, -1.85, -1.61, -1.84, -1.81, -1.79, -1.77, -1.76, -0.7, -0.72, -0.74, -0.77, -1.04, -1.05, -1.07, -1.27, -1.21, -1.32, -1.43, -1.52, -1.86, -1.89, -1.88, -1.83, -1.79, -1.76, -1.75, -1.74, -0.69, -0.7, -0.72, -0.74, -0.78, -1.04, -1.06, -1.09, -1.11, -1.34, -1.46, -1.6, -1.93, -1.88, -1.89, -1.82, -1.76, -1.72, -1.71, -1.71, -0.66, -0.67, -0.69, -0.71, -0.74, -1.02, -1.03, -1.04, -1.04, -1.37, -1.48, -1.88, -2.0, -1.91, -1.88, -1.79, -1.71, -1.66, -1.66, -1.67, -0.64, -0.64, -0.65, -0.67, -0.69, -0.73, -1.0, -1.0, -0.99, -0.99, -1.67, -1.82, -1.93, -2.07, -1.87, -1.74, -1.62, -1.57, -1.59, -1.64, -0.53, -0.61, -0.61, -0.61, -0.63, -0.67, -0.67, -0.96, -0.95, -1.16, -1.24, -1.74, -2.08, -2.06, -1.85, -1.69, -1.49, -1.42, -1.49, -1.55, -0.52, -0.51, -0.5, -0.48, -0.49, -0.55, -0.64, -0.77, -0.98, -1.12, -1.07, -1.81, -1.93, -2.05, -1.79, -1.65, -1.48, -1.41, -1.51, -1.57, -0.51, -0.5, -0.48, -0.45, -0.42, -0.45, -0.54, -0.68, -0.9, -1.19, -1.52, -1.77, -1.85, -1.81, -1.8, -1.69, -1.59, -1.54, -1.56, -1.6, -0.5, -0.48, -0.45, -0.41, -0.34, -0.29, -0.42, -0.58, -0.9, -0.9, -1.64, -1.75, -1.82, -1.79, -1.81, -1.73, -1.66, -1.62, -1.62, -1.63, -0.5, -0.48, -0.46, -0.4, -0.29, 0.02, -0.38, -0.58, -0.66, -0.89, -1.25, -1.72, -1.76, -1.76, -1.81, -1.76, -1.71, -1.68, -1.66, -1.66, -0.51, -0.5, -0.48, -0.45, -0.4, -0.37, -0.53, -0.7, -0.76, -1.09, -1.21, -1.65, -1.71, -1.74, -1.8, -1.77, -1.73, -1.16, -1.15, -1.14, -0.53, -0.52, -0.52, -0.51, -0.53, -0.6, -0.71, -0.74, -0.75, -0.71, -1.16, -1.59, -1.65, -1.47, -1.42, -1.12, -1.1, -1.09, -1.09, -1.09, -0.54, -0.54, -0.55, -0.57, -0.61, -0.7, -0.86, -0.75, -0.72, -0.7, -1.14, -0.99, -0.97, -0.95, -1.26, -1.0, -1.01, -1.02, -1.03, -1.04, -0.56, -0.56, -0.57, -0.6, -0.63, -0.69, -0.73, -0.86, -0.84, -0.83, -0.82, -0.56, -0.86, -0.81, -0.78, -0.86, -0.89, -0.93, -0.96, -0.99, -0.57, -0.58, -0.54, -0.56, -0.59, -0.84, -0.84, -0.83, -0.82, -0.81, -0.58, -0.53, -0.48, -0.63, -0.59, -0.58, -0.62, -0.66, -0.56, -0.59, -0.53, -0.54, -0.55, -0.57, -0.82, -0.82, -0.81, -0.79, -0.79, -0.79, -0.56, -0.51, -0.44, -0.36, -0.28, -0.2, -0.21, -0.21, -0.22, -0.22, -0.53, -0.54, -0.56, -0.57, -0.81, -0.8, -0.78, -0.76, -0.74, -0.62, -0.57, -0.5, -0.42, -0.28, -0.2, -0.2, -0.21, -0.21, -0.22, -0.22, -0.54, -0.55, -0.56, -0.8, -0.8, -0.78, -0.76, -0.72, -0.66, -0.63, -0.47, -0.4, -0.38, -0.32, -0.2, -0.21, -0.22, -0.22, -0.22, -0.22, -0.55, -0.55, -0.66, -0.66, -0.66, -0.65, -0.65, -0.65, -0.59, -0.53, -0.46, -0.41, -0.41, -0.37, -0.21, -0.22, -0.22, -0.23, -0.23, -0.22, -0.65, -0.65, -0.64, -0.64, -0.64, -0.63, -0.63, -0.63, -0.51, -0.49, -0.45, -0.41, -0.43, -0.22, -0.23, -0.23, -0.24, -0.24, -0.23, -0.23, -0.64, -0.63, -0.63, -0.62, -0.62, -0.61, -0.6, -0.45, -0.46, -0.45, -0.42, -0.4, -0.34, -0.23, -0.24, -0.25, -0.26, -0.25, -0.23, -0.23, -0.63, -0.62, -0.62, -0.4, -0.4, -0.4, -0.4, -0.4, -0.39, -0.39, -0.38, -0.48, -0.28, -0.23, -0.25, -0.27, -0.3, -0.26, -0.23, -0.22, -0.38, -0.38, -0.38, -0.38, -0.38, -0.38, -0.37, -0.37, -0.36, -0.35, -0.35, -0.31, -0.28, -0.27, -0.27, -0.27, -0.39, -0.22, -0.21, -0.21, -0.37, -0.37, -0.36, -0.36, -0.36, -0.36, -0.35, -0.34, -0.33, -0.33, -0.33, -0.3, -0.32, -0.27, -0.26, -0.25, -0.18, -0.11, -0.18, -0.2, -0.36, -0.36, -0.35, -0.35, -0.34, -0.34, -0.33, -0.32, -0.32, -0.32, -0.29, -0.28, -0.3, -0.26, -0.25, -0.2, -0.18, -0.16, -0.18, -0.2, -0.35, -0.35, -0.34, -0.34, -0.33, -0.32, -0.31, -0.3, -0.29, -0.28, -0.25, -0.26, -0.27, -0.17, -0.18, -0.18, -0.18, -0.17, -0.18, -0.18, -0.34, -0.34, -0.33, -0.33, -0.32, -0.31, -0.29, -0.27, -0.25, -0.21, -0.19, -0.13, -0.12, -0.11, -0.17, -0.18, -0.18, -0.18, -0.18, -0.18, -0.34, -0.33, -0.32, -0.32, -0.31, -0.29, -0.28, -0.25, -0.22, -0.16, -0.09, -0.11, -0.11, -0.11, -0.16, -0.17, -0.18, -0.18, -0.18, -0.18, -0.33, -0.33, -0.32, -0.31, -0.3, -0.29, -0.27, -0.25, -0.13, -0.11, -0.09, -0.1, -0.11, -0.11, -0.16, -0.17, -0.17, -0.17, -0.18, -0.18, -0.33, -0.32, -0.31, -0.3, -0.29, -0.28, -0.27, -0.24, -0.12, -0.11, -0.11, -0.11, -0.11, -0.11, -0.16, -0.16, -0.17, -0.17, -0.18, -0.18, -0.32, -0.32, -0.31, -0.3, -0.29, -0.28, -0.27, -0.13, -0.12, -0.12, -0.11, -0.11, -0.11, -0.11, -0.16, -0.16, -0.17, -0.17, -0.17, -0.18]}, {"header": {"refTime": "2023-09-14T10:00:00.000Z", "nx": 21, "ny": 33, "lo1": 113.509, "la1": 22.2235, "lo2": 113.5947, "la2": 22.1034, "dx": 0.0042850000000001385, "dy": 0.003753125000000024, "parameterCategory": 2, "parameterCategoryName": "Temperature", "parameterNumber": 3}, "data": [0.49, 0.47, 0.45, 0.32, 0.3, 0.63, 0.58, 0.53, 0.53, 0.58, 0.72, 0.85, 1.26, 1.34, 1.43, 1.47, 2.05, 2.04, 2.04, 2.04, 0.5, 0.48, 0.46, 0.43, 0.3, 0.27, 0.52, 0.41, 0.35, 0.47, 0.71, 0.9, 1.34, 1.41, 1.49, 2.05, 2.05, 2.04, 2.04, 2.04, 0.52, 0.5, 0.48, 0.45, 0.32, 0.28, 0.21, 0.31, -0.03, 0.39, 0.75, 1.02, 1.46, 1.52, 2.06, 2.05, 2.05, 2.04, 2.04, 2.04, 0.54, 0.52, 0.51, 0.48, 0.45, 0.31, 0.26, 0.17, 0.09, 0.52, 0.88, 1.22, 1.67, 1.79, 2.06, 2.05, 2.04, 2.04, 2.04, 2.04, 0.56, 0.55, 0.54, 0.52, 0.5, 0.37, 0.35, 0.32, 0.3, 0.73, 1.01, 1.8, 2.01, 1.84, 2.06, 2.05, 2.04, 2.04, 2.04, 2.04, 0.58, 0.58, 0.58, 0.57, 0.56, 0.54, 0.44, 0.45, 0.46, 0.46, 1.49, 1.7, 1.88, 2.1, 2.05, 2.04, 2.04, 2.04, 2.04, 2.04, 1.12, 0.61, 0.61, 0.62, 0.62, 0.61, 0.79, 0.57, 0.59, 0.92, 0.97, 1.54, 2.06, 2.08, 2.03, 2.03, 2.03, 2.03, 2.08, 2.1, 1.13, 1.12, 1.11, 0.99, 0.98, 0.82, 0.8, 0.78, 0.83, 0.87, 0.77, 1.63, 1.79, 2.07, 2.05, 2.05, 2.04, 2.04, 2.04, 2.05, 1.14, 1.13, 1.12, 1.1, 0.99, 0.98, 0.97, 0.8, 0.81, 0.95, 1.38, 1.71, 1.94, 1.83, 2.07, 2.06, 2.05, 2.05, 2.05, 2.05, 1.27, 1.26, 1.24, 1.12, 1.09, 1.0, 1.0, 1.0, 0.88, 0.85, 1.56, 1.77, 1.97, 1.85, 2.08, 2.06, 2.06, 2.05, 2.05, 2.05, 1.27, 1.26, 1.25, 1.22, 1.17, 1.01, 1.19, 1.25, 1.07, 0.93, 1.41, 1.73, 1.8, 1.79, 2.08, 2.07, 2.06, 2.06, 2.05, 2.05, 1.28, 1.27, 1.27, 1.25, 1.23, 1.21, 1.27, 1.28, 1.26, 1.54, 1.39, 1.83, 1.88, 1.74, 2.07, 2.07, 2.06, 1.95, 1.94, 1.94, 1.29, 1.29, 1.29, 1.29, 1.31, 1.36, 1.43, 1.34, 1.29, 1.3, 1.63, 1.77, 1.83, 1.91, 1.89, 1.92, 1.91, 1.91, 1.91, 1.91, 1.3, 1.3, 1.31, 1.32, 1.36, 1.43, 1.59, 1.42, 1.34, 1.32, 1.62, 1.63, 1.66, 1.67, 1.84, 1.87, 1.87, 1.87, 1.88, 1.89, 1.31, 1.31, 1.32, 1.34, 1.37, 1.41, 1.44, 1.4, 1.35, 1.32, 1.3, 1.25, 1.62, 1.63, 1.63, 1.8, 1.82, 1.83, 1.85, 1.86, 1.31, 1.32, 1.26, 1.28, 1.3, 1.37, 1.37, 1.34, 1.31, 1.28, 1.23, 1.26, 1.3, 1.53, 1.54, 1.56, 1.56, 1.56, 1.52, 1.52, 1.24, 1.25, 1.25, 1.26, 1.32, 1.32, 1.29, 1.26, 1.24, 1.23, 1.21, 1.26, 1.31, 1.37, 1.38, 1.34, 1.29, 1.25, 1.22, 1.2, 1.24, 1.24, 1.24, 1.24, 1.29, 1.27, 1.23, 1.18, 1.15, 1.23, 1.29, 1.25, 1.32, 1.38, 1.47, 1.36, 1.28, 1.24, 1.21, 1.19, 1.23, 1.23, 1.23, 1.28, 1.26, 1.23, 1.18, 1.11, 1.05, 1.17, 1.07, 1.13, 1.28, 1.34, 1.37, 1.32, 1.25, 1.21, 1.18, 1.17, 1.22, 1.22, 1.11, 1.1, 1.09, 1.07, 1.05, 1.03, 1.0, 1.01, 1.05, 1.09, 1.25, 1.29, 1.27, 1.24, 1.2, 1.17, 1.16, 1.14, 1.1, 1.09, 1.08, 1.07, 1.06, 1.04, 1.03, 1.01, 0.98, 0.99, 1.02, 1.05, 1.22, 1.21, 1.2, 1.18, 1.15, 1.13, 1.12, 1.12, 1.08, 1.07, 1.06, 1.05, 1.03, 1.01, 0.99, 0.7, 0.95, 0.95, 0.97, 1.01, 1.07, 1.17, 1.15, 1.12, 1.1, 1.09, 1.09, 1.1, 1.06, 1.05, 1.04, 0.62, 0.63, 0.64, 0.64, 0.65, 0.64, 0.63, 0.62, 0.85, 0.85, 1.13, 1.11, 1.08, 1.06, 1.05, 1.06, 1.07, 0.59, 0.6, 0.6, 0.6, 0.6, 0.6, 0.6, 0.6, 0.6, 0.59, 0.58, 0.59, 0.85, 0.89, 0.93, 1.06, 1.05, 1.01, 1.03, 1.06, 0.58, 0.58, 0.58, 0.58, 0.58, 0.57, 0.57, 0.57, 0.58, 0.59, 0.56, 0.57, 0.6, 0.88, 0.92, 0.95, 1.0, 0.97, 1.02, 1.05, 0.57, 0.56, 0.56, 0.56, 0.55, 0.55, 0.54, 0.54, 0.55, 0.57, 0.54, 0.53, 0.56, 0.87, 0.91, 0.85, 0.88, 0.89, 1.03, 1.05, 0.55, 0.55, 0.55, 0.54, 0.53, 0.52, 0.51, 0.5, 0.49, 0.47, 0.46, 0.47, 0.51, 0.66, 0.74, 0.79, 0.83, 0.84, 0.84, 0.83, 0.54, 0.54, 0.53, 0.52, 0.51, 0.49, 0.47, 0.45, 0.41, 0.36, 0.33, 0.35, 0.41, 0.47, 0.68, 0.74, 0.78, 0.8, 0.81, 0.81, 0.53, 0.53, 0.52, 0.51, 0.49, 0.47, 0.45, 0.41, 0.35, 0.25, 0.15, 0.28, 0.37, 0.44, 0.64, 0.7, 0.74, 0.77, 0.78, 0.78, 0.52, 0.52, 0.51, 0.49, 0.48, 0.46, 0.43, 0.39, 0.32, 0.24, 0.19, 0.28, 0.36, 0.42, 0.61, 0.67, 0.71, 0.73, 0.75, 0.76, 0.52, 0.51, 0.5, 0.48, 0.47, 0.45, 0.42, 0.38, 0.33, 0.29, 0.28, 0.32, 0.37, 0.42, 0.59, 0.64, 0.68, 0.71, 0.73, 0.74, 0.51, 0.5, 0.49, 0.48, 0.46, 0.44, 0.42, 0.38, 0.35, 0.34, 0.33, 0.35, 0.39, 0.42, 0.58, 0.63, 0.66, 0.69, 0.71, 0.72]}, {"header": {"refTime": "2023-09-14T10:00:00.000Z", "nx": 21, "ny": 33, "lo1": 113.509, "la1": 22.2235, "lo2": 113.5947, "la2": 22.1034, "dx": 0.0042850000000001385, "dy": 0.003753125000000024, "parameterCategory": 0, "parameterCategoryName": "Temperature", "parameterNumber": 0}, "data": [[27.09, 27.09, 27.09, 26.8, 26.82, 26.97, 26.99, 27.0, 27.0, 26.94, 26.92, 26.91, 26.99, 26.98, 26.89, 26.87, 26.77, 26.76, 26.75, 26.74], [27.1, 27.09, 27.09, 27.08, 26.81, 26.84, 26.99, 27.01, 27.03, 26.96, 26.93, 26.91, 26.99, 26.98, 26.88, 26.78, 26.76, 26.75, 26.74, 26.73], [27.1, 27.09, 27.09, 27.08, 26.81, 26.83, 26.87, 27.03, 27.08, 26.98, 26.93, 26.9, 26.98, 26.98, 26.81, 26.78, 26.75, 26.74, 26.73, 26.72], [27.1, 27.1, 27.09, 27.08, 27.07, 26.81, 26.84, 26.9, 26.95, 26.94, 26.9, 26.9, 26.98, 26.84, 26.81, 26.77, 26.74, 26.72, 26.71, 26.71], [27.11, 27.11, 27.1, 27.09, 27.07, 26.78, 26.8, 26.81, 26.81, 26.87, 26.86, 26.84, 26.93, 26.86, 26.81, 26.75, 26.71, 26.69, 26.68, 26.69], [27.12, 27.12, 27.11, 27.1, 27.08, 27.05, 26.75, 26.74, 26.73, 26.69, 26.72, 26.8, 26.87, 26.93, 26.79, 26.73, 26.66, 26.64, 26.65, 26.67], [27.14, 27.13, 27.13, 27.12, 27.1, 27.06, 26.82, 26.7, 26.68, 26.58, 26.56, 26.72, 26.89, 26.9, 26.77, 26.7, 26.6, 26.57, 26.59, 26.62], [27.16, 27.16, 27.16, 27.16, 27.14, 26.94, 26.86, 26.76, 26.67, 26.56, 26.47, 26.68, 26.68, 26.9, 26.61, 26.64, 26.58, 26.55, 26.59, 26.62], [27.04, 27.05, 27.2, 27.21, 27.21, 27.18, 27.08, 26.82, 26.6, 26.59, 26.55, 26.61, 26.64, 26.6, 26.62, 26.66, 26.62, 26.6, 26.61, 26.63], [27.5, 27.5, 27.5, 27.13, 27.18, 27.32, 27.22, 27.08, 26.53, 26.55, 26.64, 26.58, 26.6, 26.59, 26.62, 26.67, 26.64, 26.63, 26.63, 26.64], [27.5, 27.5, 27.5, 27.5, 27.5, 27.5, 27.5, 27.5, 27.22, 26.6, 26.4, 26.55, 26.57, 26.57, 26.62, 26.68, 26.66, 26.65, 26.65, 26.65], [27.5, 27.5, 27.5, 27.5, 27.5, 27.5, 27.5, 27.5, 27.5, -999.0, 26.4, 26.8, 26.8, 26.56, 26.61, 26.69, 26.68, 26.33, 26.33, 26.33], [27.5, 27.5, 27.5, 27.5, 27.5, 27.5, 27.5, 27.5, 27.5, 27.5, -999.0, 26.8, 26.8, 26.41, 26.58, 26.39, 26.39, 26.36, 26.36, 26.36], [27.5, 27.5, 27.5, 27.5, 27.5, 27.5, 27.5, 27.5, 27.5, 27.5, -999.0, 26.2, 26.2, 26.2, 26.53, 26.37, 26.37, 26.33, 26.34, 26.35], [27.5, 27.5, 27.5, 27.5, 27.5, 27.5, 27.5, 27.1, 27.1, 27.1, 27.1, 26.75, 26.2, 26.2, 26.2, 26.34, 26.35, 26.31, 26.32, 26.33], [27.5, 27.5, 27.25, 27.24, 27.24, 27.1, 27.1, 27.1, 27.1, 27.1, 26.53, 26.6, 26.51, 26.44, 26.52, 26.35, 26.37, 26.33, 26.39, 26.4], [27.24, 27.24, 27.36, 27.35, 27.1, 27.1, 27.1, 27.1, 27.1, 27.1, 26.71, 26.6, 26.48, 26.38, 26.35, 26.37, 26.44, 26.49, 26.52, 26.55], [27.36, 27.35, 27.35, 27.33, 27.1, 27.1, 27.1, 27.1, 27.1, 26.87, 26.75, 26.62, 26.48, 26.36, 26.22, 26.35, 26.44, 26.5, 26.54, 26.56], [27.35, 27.34, 27.33, 27.1, 27.1, 27.1, 27.1, 27.1, 27.02, 26.92, 26.86, 26.75, 26.52, 26.41, 26.34, 26.41, 26.48, 26.53, 26.56, 26.58], [27.34, 27.34, 27.16, 27.15, 27.15, 27.15, 27.14, 27.12, 27.03, 26.96, 26.88, 26.79, 26.56, 26.49, 26.45, 26.49, 26.54, 26.57, 26.6, 26.61], [27.16, 27.16, 27.16, 27.14, 27.14, 27.14, 27.13, 27.13, 26.98, 26.95, 26.89, 26.83, 26.59, 26.53, 26.54, 26.57, 26.6, 26.62, 26.63, 26.64], [27.15, 27.15, 27.15, 27.14, 27.14, 27.14, 27.14, 27.22, 26.98, 26.96, 26.92, 26.87, 26.65, 26.58, 26.6, 26.63, 26.65, 26.67, 26.67, 26.67], [27.15, 27.15, 27.15, 27.26, 27.26, 27.25, 27.25, 27.24, 27.24, 27.25, 27.25, 27.01, 26.94, 26.62, 26.65, 26.67, 26.69, 26.71, 26.71, 26.7], [27.28, 27.28, 27.28, 27.27, 27.27, 27.27, 27.26, 27.26, 27.25, 27.25, 27.26, 27.15, 26.95, 26.9, 26.86, 26.7, 26.67, 26.77, 26.75, 26.72], [27.29, 27.29, 27.29, 27.28, 27.28, 27.28, 27.28, 27.27, 27.25, 27.23, 27.27, 27.18, 27.13, 26.91, 26.87, 26.84, 26.8, 26.85, 26.77, 26.74], [27.29, 27.29, 27.29, 27.3, 27.3, 27.3, 27.29, 27.29, 27.27, 27.25, 27.23, 27.21, 27.17, 26.92, 26.89, 26.93, 26.91, 26.91, 26.76, 26.73], [27.3, 27.3, 27.3, 27.31, 27.31, 27.31, 27.32, 27.32, 27.32, 27.33, 27.28, 27.26, 27.22, 27.09, 27.02, 26.97, 26.95, 26.94, 26.94, 26.94], [27.31, 27.31, 27.31, 27.32, 27.32, 27.33, 27.34, 27.35, 27.37, 27.36, 27.38, 27.39, 27.35, 27.31, 27.07, 27.02, 26.99, 26.97, 26.96, 26.96], [27.31, 27.32, 27.32, 27.33, 27.33, 27.34, 27.36, 27.38, 27.42, 27.45, 27.54, 27.45, 27.38, 27.33, 27.11, 27.05, 27.02, 27.0, 26.99, 26.98], [27.32, 27.32, 27.33, 27.33, 27.34, 27.35, 27.37, 27.39, 27.42, 27.48, 27.51, 27.45, 27.39, 27.34, 27.13, 27.08, 27.05, 27.03, 27.01, 27.0], [27.32, 27.33, 27.33, 27.34, 27.35, 27.36, 27.38, 27.4, 27.41, 27.44, 27.45, 27.42, 27.38, 27.35, 27.15, 27.1, 27.07, 27.05, 27.03, 27.02], [27.32, 27.33, 27.34, 27.34, 27.35, 27.36, 27.38, 27.38, 27.39, 27.41, 27.41, 27.39, 27.37, 27.34, 27.16, 27.12, 27.09, 27.06, 27.05, 27.04]]}]