gis_exercise/awsData/contour/wdir_2023091320.json
[{"header": {"refTime": "2023-09-13T20:00:00.000Z", "nx": 21, "ny": 33, "lo1": 113.509, "la1": 22.2235, "lo2": 113.5947, "la2": 22.1034, "dx": 0.0042850000000001385, "dy": 0.003753125000000024, "parameterCategory": 2, "parameterCategoryName": "Temperature", "parameterNumber": 2}, "data": [-2.31, -2.31, -2.31, -2.26, -2.25, -2.5, -2.48, -2.47, -2.47, -2.43, -2.48, -2.54, -2.68, -2.7, -3.89, -4.04, -4.26, -4.34, -4.41, -4.45, -2.32, -2.31, -2.31, -2.31, -2.25, -2.25, -2.46, -2.42, -2.39, -2.4, -2.48, -2.56, -2.71, -2.74, -3.93, -4.18, -4.31, -4.42, -4.49, -4.52, -2.32, -2.32, -2.31, -2.31, -2.26, -2.25, -2.24, -2.37, -2.24, -2.37, -2.5, -2.61, -2.78, -2.79, -4.01, -4.21, -4.39, -4.53, -4.6, -4.63, -2.32, -2.32, -2.32, -2.32, -2.31, -2.26, -2.25, -2.24, -2.22, -2.41, -2.55, -2.71, -2.88, -2.84, -4.0, -4.28, -4.53, -4.69, -4.76, -4.75, -2.32, -2.32, -2.32, -2.32, -2.32, -2.27, -2.27, -2.26, -2.25, -2.46, -2.58, -2.86, -3.06, -2.88, -4.01, -4.41, -4.77, -4.96, -4.98, -4.91, -2.32, -2.33, -2.33, -2.33, -2.33, -2.34, -2.29, -2.29, -2.28, -2.26, -2.6, -2.76, -2.91, -3.48, -4.07, -4.62, -5.15, -5.38, -5.26, -5.07, -3.27, -2.33, -2.33, -2.33, -2.34, -2.35, -2.34, -2.34, -2.33, -2.32, -2.29, -2.57, -3.43, -3.57, -4.14, -4.82, -5.7, -6.03, -5.96, -5.76, -3.29, -3.25, -3.2, -3.15, -3.12, -2.33, -2.34, -2.39, -2.45, -2.3, -2.18, -2.97, -3.15, -3.74, -4.87, -5.36, -5.96, -6.18, -5.86, -5.64, -3.31, -3.27, -3.21, -3.14, -3.07, -3.06, -3.1, -2.36, -2.91, -2.33, -3.09, -3.55, -4.26, -3.92, -4.88, -5.23, -5.59, -5.74, -5.67, -5.55, -4.16, -4.1, -4.0, -3.15, -3.0, -2.91, -3.14, -3.37, -3.38, -3.25, -3.44, -3.93, -4.56, -4.09, -4.91, -5.12, -5.34, -5.47, -5.48, -5.44, -4.19, -4.12, -4.03, -3.85, -3.48, -2.39, -3.76, -4.47, -4.02, -3.74, -4.5, -3.82, -4.01, -3.94, -4.92, -5.06, -5.2, -5.3, -5.34, -5.34, -4.22, -4.18, -4.11, -4.0, -3.83, -3.74, -4.28, -4.9, -5.13, -5.52, -4.65, -4.68, -4.64, -3.8, -4.92, -5.02, -5.12, -5.53, -5.54, -5.55, -4.27, -4.25, -4.23, -4.22, -4.27, -4.51, -4.88, -5.01, -5.1, -4.92, -5.52, -4.72, -4.66, -4.13, -4.1, -5.29, -5.33, -5.37, -5.4, -5.42, -4.32, -4.33, -4.34, -4.39, -4.52, -4.83, -5.32, -5.02, -4.94, -4.87, -5.52, -5.02, -4.93, -4.86, -4.04, -5.1, -5.15, -5.2, -5.26, -5.3, -4.37, -4.39, -4.42, -4.49, -4.61, -4.8, -4.95, -4.16, -3.87, -3.62, -3.43, -2.83, -4.79, -4.69, -4.63, -4.88, -4.96, -5.04, -5.12, -5.18, -4.41, -4.43, -2.5, -2.59, -2.7, -3.61, -3.55, -3.33, -3.09, -2.95, -2.39, -2.58, -2.79, -3.0, -3.15, -4.09, -4.11, -4.13, -4.46, -4.52, -2.27, -2.29, -2.3, -2.3, -3.1, -2.95, -2.67, -2.3, -2.06, -2.11, -1.94, -2.35, -2.74, -3.11, -3.11, -3.46, -3.35, -3.25, -3.18, -3.13, -2.16, -2.14, -2.1, -2.02, -2.67, -2.34, -1.81, -1.09, -0.72, -0.89, -1.53, -2.12, -2.68, -3.05, -3.7, -3.5, -3.34, -3.23, -3.15, -3.11, -2.05, -2.0, -1.92, -2.6, -2.33, -1.89, -1.19, -0.02, 1.04, -0.29, -0.69, -1.4, -2.25, -2.84, -3.53, -3.41, -3.27, -3.17, -3.11, -3.07, -1.95, -1.88, -1.83, -1.68, -1.46, -1.11, -0.6, 0.12, 0.68, -0.01, -0.74, -1.34, -2.11, -2.55, -3.32, -3.25, -3.17, -3.1, -3.05, -3.01, -1.94, -1.87, -1.76, -1.62, -1.43, -1.17, -0.83, -0.49, -0.17, -0.5, -0.95, -1.37, -2.03, -3.19, -3.16, -3.12, -3.06, -3.01, -2.98, -2.96, -1.9, -1.83, -1.74, -1.62, -1.48, -1.31, -1.13, -0.32, -0.79, -0.98, -1.22, -1.46, -3.28, -3.08, -3.05, -3.02, -2.98, -2.94, -2.9, -2.89, -1.88, -1.82, -1.74, -0.62, -0.63, -0.64, -0.69, -0.78, -0.9, -0.99, -1.0, -1.55, -2.62, -3.01, -2.98, -2.96, -2.98, -2.88, -2.82, -2.83, -0.7, -0.71, -0.73, -0.75, -0.79, -0.86, -0.98, -1.16, -1.39, -1.51, -1.39, -2.47, -2.61, -2.64, -2.68, -2.9, -3.16, -2.68, -2.7, -2.76, -0.76, -0.78, -0.81, -0.86, -0.92, -1.02, -1.18, -1.42, -1.8, -2.1, -1.7, -2.42, -2.49, -2.62, -2.64, -2.64, -2.57, -2.33, -2.61, -2.72, -0.82, -0.84, -0.88, -0.94, -1.02, -1.12, -1.28, -1.5, -1.83, -2.08, -2.34, -2.34, -2.4, -2.6, -2.6, -2.41, -2.39, -2.35, -2.64, -2.72, -0.86, -0.89, -0.94, -1.0, -1.07, -1.17, -1.3, -1.46, -1.61, -1.67, -2.18, -2.21, -2.3, -2.18, -2.28, -2.34, -2.35, -2.35, -2.36, -2.36, -0.89, -0.93, -0.98, -1.04, -1.11, -1.19, -1.29, -1.38, -1.46, -1.98, -1.92, -1.77, -1.8, -1.82, -2.2, -2.27, -2.31, -2.33, -2.33, -2.34, -0.92, -0.96, -1.0, -1.06, -1.12, -1.19, -1.26, -1.33, -1.37, -1.75, -1.49, -1.65, -1.74, -1.79, -2.14, -2.22, -2.26, -2.29, -2.31, -2.31, -0.94, -0.98, -1.02, -1.07, -1.12, -1.18, -1.24, -1.29, -1.73, -1.61, -1.54, -1.64, -1.72, -1.77, -2.1, -2.17, -2.22, -2.26, -2.28, -2.29, -0.96, -0.99, -1.03, -1.07, -1.12, -1.17, -1.22, -1.26, -1.73, -1.67, -1.65, -1.68, -1.73, -1.76, -2.08, -2.14, -2.19, -2.23, -2.25, -2.27, -0.97, -1.0, -1.03, -1.07, -1.11, -1.15, -1.19, -1.79, -1.75, -1.72, -1.71, -1.72, -1.74, -1.77, -2.07, -2.13, -2.17, -2.2, -2.23, -2.25]}, {"header": {"refTime": "2023-09-13T20:00:00.000Z", "nx": 21, "ny": 33, "lo1": 113.509, "la1": 22.2235, "lo2": 113.5947, "la2": 22.1034, "dx": 0.0042850000000001385, "dy": 0.003753125000000024, "parameterCategory": 2, "parameterCategoryName": "Temperature", "parameterNumber": 3}, "data": [0.06, 0.05, 0.04, 0.23, 0.21, 0.35, 0.32, 0.29, 0.29, 0.49, 0.61, 0.72, 0.92, 0.98, 1.39, 1.47, 1.95, 1.98, 2.0, 2.01, 0.06, 0.05, 0.05, 0.04, 0.21, 0.18, 0.27, 0.2, 0.16, 0.39, 0.59, 0.76, 0.98, 1.04, 1.44, 1.93, 1.97, 2.0, 2.02, 2.03, 0.07, 0.06, 0.05, 0.04, 0.22, 0.19, 0.13, 0.13, -0.11, 0.31, 0.63, 0.85, 1.08, 1.12, 1.88, 1.94, 1.99, 2.03, 2.06, 2.06, 0.07, 0.07, 0.06, 0.06, 0.04, 0.21, 0.17, 0.09, 0.03, 0.44, 0.75, 1.0, 1.24, 1.44, 1.87, 1.96, 2.03, 2.08, 2.1, 2.1, 0.08, 0.08, 0.07, 0.07, 0.06, 0.25, 0.23, 0.21, 0.21, 0.66, 0.88, 1.45, 1.56, 1.47, 1.87, 2.0, 2.11, 2.17, 2.17, 2.15, 0.09, 0.09, 0.09, 0.09, 0.08, 0.08, 0.29, 0.3, 0.33, 0.4, 1.3, 1.4, 1.49, 1.52, 1.89, 2.06, 2.23, 2.3, 2.26, 2.2, 0.66, 0.09, 0.1, 0.1, 0.1, 0.11, 0.41, 0.34, 0.38, 0.8, 0.92, 1.31, 1.48, 1.48, 1.91, 2.12, 2.4, 2.5, 2.33, 2.23, 0.66, 0.65, 0.62, 0.85, 0.82, 0.38, 0.39, 0.37, 0.4, 0.79, 0.94, 1.28, 1.33, 1.45, 1.81, 2.04, 2.34, 2.45, 2.29, 2.18, 0.68, 0.66, 0.63, 0.59, 0.78, 0.77, 0.8, 0.38, 0.88, 0.79, 1.18, 1.29, 1.34, 1.31, 1.76, 1.95, 2.14, 2.23, 2.19, 2.13, 1.38, 1.34, 1.28, 0.59, 0.52, 0.66, 0.84, 1.03, 1.29, 1.26, 1.23, 1.29, 1.33, 1.31, 1.73, 1.88, 2.01, 2.08, 2.09, 2.07, 1.39, 1.35, 1.29, 1.17, 0.93, 0.23, 1.16, 1.72, 1.56, 1.59, 1.72, 1.28, 1.3, 1.29, 1.73, 1.83, 1.93, 1.99, 2.02, 2.02, 1.41, 1.38, 1.33, 1.26, 1.14, 1.09, 1.48, 2.08, 2.35, 2.28, 1.86, 1.83, 1.74, 1.28, 1.74, 1.81, 1.88, 1.62, 1.64, 1.64, 1.44, 1.42, 1.4, 1.38, 1.39, 1.5, 1.71, 2.04, 2.24, 2.05, 2.13, 1.91, 1.82, 1.06, 1.03, 1.4, 1.44, 1.48, 1.52, 1.54, 1.47, 1.46, 1.46, 1.48, 1.53, 1.64, 1.78, 1.87, 1.97, 1.95, 2.13, 1.6, 1.45, 1.34, 0.93, 1.26, 1.3, 1.35, 1.4, 1.44, 1.5, 1.5, 1.51, 1.54, 1.59, 1.66, 1.74, 1.84, 1.85, 1.83, 1.79, 1.21, 1.33, 1.2, 1.12, 1.09, 1.16, 1.23, 1.29, 1.34, 1.52, 1.53, 0.88, 0.92, 0.97, 1.69, 1.68, 1.66, 1.63, 1.62, 1.15, 1.05, 0.92, 0.52, 0.5, 0.89, 0.98, 1.07, 1.5, 1.58, 0.84, 0.85, 0.87, 0.89, 1.59, 1.55, 1.49, 1.41, 1.37, 1.39, 0.99, 0.92, 0.79, 0.64, 0.53, 0.63, 0.75, 0.85, 0.92, 0.97, 0.83, 0.84, 0.85, 0.85, 1.5, 1.41, 1.28, 1.11, 1.02, 0.66, 0.66, 0.83, 0.71, 0.52, 0.31, 0.59, 0.77, 0.88, 0.96, 1.0, 0.82, 0.82, 0.82, 1.49, 1.42, 1.31, 1.13, 0.84, 0.47, 0.59, 0.27, 0.25, 0.7, 0.62, 0.56, 0.7, 0.85, 0.95, 1.01, 1.04, 0.81, 0.81, 0.72, 0.7, 0.67, 0.63, 0.58, 0.52, 0.34, 0.29, 0.25, 0.23, 0.8, 0.8, 0.81, 0.89, 0.99, 1.05, 1.09, 1.1, 0.7, 0.69, 0.67, 0.65, 0.62, 0.58, 0.54, 0.5, 0.26, 0.24, 0.22, 0.21, 0.91, 0.96, 1.01, 1.08, 1.15, 1.18, 1.17, 1.15, 0.66, 0.65, 0.63, 0.6, 0.57, 0.53, 0.49, 0.19, 0.19, 0.18, 0.17, 0.17, 0.84, 1.09, 1.16, 1.25, 1.32, 1.31, 1.25, 1.2, 0.63, 0.61, 0.59, 0.17, 0.17, 0.16, 0.15, 0.14, 0.12, 0.11, 0.11, 0.71, 0.89, 1.17, 1.26, 1.41, 1.56, 1.44, 1.29, 1.22, 0.17, 0.17, 0.16, 0.16, 0.15, 0.14, 0.12, 0.09, 0.06, 0.04, 0.06, 0.6, 0.85, 1.04, 1.22, 1.46, 1.96, 1.35, 1.24, 1.21, 0.16, 0.16, 0.16, 0.15, 0.14, 0.12, 0.1, 0.06, -0.0, -0.06, 0.02, 0.52, 0.76, 1.0, 1.16, 1.28, 1.21, 0.96, 1.16, 1.19, 0.16, 0.16, 0.15, 0.14, 0.13, 0.12, 0.09, 0.06, -0.0, -0.05, 0.28, 0.49, 0.7, 0.95, 1.09, 1.21, 1.17, 1.12, 1.16, 1.17, 0.16, 0.15, 0.15, 0.14, 0.13, 0.12, 0.1, 0.08, 0.06, 0.06, 0.35, 0.48, 0.65, 1.0, 1.09, 1.14, 1.15, 1.14, 1.15, 1.16, 0.16, 0.15, 0.15, 0.14, 0.13, 0.13, 0.12, 0.11, 0.11, 0.34, 0.37, 0.16, 0.16, 0.18, 1.02, 1.08, 1.11, 1.12, 1.13, 1.14, 0.15, 0.15, 0.15, 0.14, 0.14, 0.13, 0.13, 0.13, 0.15, 0.34, 0.22, 0.18, 0.18, 0.18, 0.96, 1.03, 1.07, 1.09, 1.11, 1.12, 0.15, 0.15, 0.15, 0.14, 0.14, 0.14, 0.14, 0.15, 0.16, 0.19, 0.21, 0.19, 0.18, 0.19, 0.92, 0.99, 1.04, 1.07, 1.08, 1.1, 0.15, 0.15, 0.15, 0.15, 0.15, 0.15, 0.15, 0.15, 0.16, 0.18, 0.19, 0.19, 0.18, 0.19, 0.9, 0.96, 1.01, 1.04, 1.06, 1.08, 0.16, 0.15, 0.15, 0.15, 0.15, 0.15, 0.15, 0.15, 0.16, 0.17, 0.18, 0.18, 0.18, 0.18, 0.89, 0.95, 0.99, 1.02, 1.04, 1.06]}, {"header": {"refTime": "2023-09-13T20:00:00.000Z", "nx": 21, "ny": 33, "lo1": 113.509, "la1": 22.2235, "lo2": 113.5947, "la2": 22.1034, "dx": 0.0042850000000001385, "dy": 0.003753125000000024, "parameterCategory": 0, "parameterCategoryName": "Temperature", "parameterNumber": 0}, "data": [[27.6, 27.59, 27.59, 27.41, 27.42, 27.59, 27.6, 27.6, 27.61, 27.55, 27.56, 27.56, 27.68, 27.68, 27.63, 27.61, 27.6, 27.6, 27.59, 27.58], [27.6, 27.6, 27.59, 27.59, 27.42, 27.44, 27.59, 27.6, 27.6, 27.56, 27.56, 27.57, 27.69, 27.69, 27.63, 27.61, 27.6, 27.59, 27.58, 27.58], [27.6, 27.6, 27.59, 27.59, 27.42, 27.43, 27.46, 27.6, 27.6, 27.57, 27.56, 27.58, 27.7, 27.7, 27.64, 27.61, 27.59, 27.58, 27.57, 27.57], [27.6, 27.6, 27.6, 27.59, 27.59, 27.42, 27.44, 27.47, 27.5, 27.55, 27.56, 27.6, 27.72, 27.62, 27.64, 27.61, 27.58, 27.56, 27.56, 27.56], [27.61, 27.6, 27.6, 27.59, 27.59, 27.4, 27.41, 27.42, 27.42, 27.51, 27.54, 27.62, 27.73, 27.64, 27.64, 27.59, 27.56, 27.54, 27.54, 27.54], [27.61, 27.61, 27.6, 27.6, 27.59, 27.58, 27.39, 27.38, 27.37, 27.34, 27.48, 27.57, 27.66, 27.73, 27.62, 27.57, 27.52, 27.5, 27.51, 27.53], [27.62, 27.61, 27.61, 27.61, 27.6, 27.58, 27.42, 27.37, 27.35, 27.3, 27.29, 27.49, 27.69, 27.7, 27.6, 27.55, 27.48, 27.45, 27.47, 27.5], [27.63, 27.63, 27.63, 27.63, 27.62, 27.48, 27.45, 27.4, 27.38, 27.28, 27.18, 27.45, 27.45, 27.7, 27.47, 27.5, 27.45, 27.44, 27.46, 27.48], [27.57, 27.58, 27.65, 27.65, 27.66, 27.64, 27.59, 27.43, 27.3, 27.31, 27.29, 27.37, 27.4, 27.35, 27.48, 27.5, 27.48, 27.47, 27.47, 27.48], [27.8, 27.8, 27.8, 27.61, 27.64, 27.71, 27.66, 27.59, 27.23, 27.25, 27.4, 27.32, 27.35, 27.33, 27.48, 27.51, 27.5, 27.49, 27.49, 27.49], [27.8, 27.8, 27.8, 27.8, 27.8, 27.8, 27.8, 27.8, 27.66, 27.3, 27.1, 27.29, 27.31, 27.31, 27.48, 27.52, 27.51, 27.5, 27.5, 27.5], [27.8, 27.8, 27.8, 27.8, 27.8, 27.8, 27.8, 27.8, 27.8, -999.0, 27.1, 27.6, 27.6, 27.3, 27.48, 27.53, 27.52, 26.89, 26.9, 26.9], [27.8, 27.8, 27.8, 27.8, 27.8, 27.8, 27.8, 27.8, 27.8, 27.8, -999.0, 27.6, 27.6, 26.88, 27.2, 27.07, 27.08, 26.97, 26.98, 26.99], [27.8, 27.8, 27.8, 27.8, 27.8, 27.8, 27.8, 27.8, 27.8, 27.8, -999.0, 26.5, 26.5, 26.5, 27.1, 27.0, 27.01, 26.9, 26.92, 26.94], [27.8, 27.8, 27.8, 27.8, 27.8, 27.8, 27.8, 27.9, 27.9, 27.9, 27.9, 27.36, 26.5, 26.5, 26.5, 26.91, 26.94, 26.84, 26.87, 26.89], [27.8, 27.8, 27.86, 27.86, 27.87, 27.9, 27.9, 27.9, 27.9, 27.9, 27.02, 27.12, 26.98, 26.87, 27.0, 26.83, 26.88, 26.79, 26.98, 27.01], [27.86, 27.86, 27.84, 27.84, 27.9, 27.9, 27.9, 27.9, 27.9, 27.9, 27.3, 27.12, 26.94, 26.77, 26.77, 26.75, 26.84, 26.91, 26.96, 27.0], [27.84, 27.84, 27.84, 27.84, 27.9, 27.9, 27.9, 27.9, 27.9, 27.54, 27.36, 27.15, 26.93, 26.78, 26.54, 26.72, 26.85, 26.93, 26.99, 27.02], [27.84, 27.84, 27.84, 27.9, 27.9, 27.9, 27.9, 27.9, 27.77, 27.63, 27.44, 27.26, 27.05, 26.87, 26.71, 26.8, 26.9, 26.98, 27.02, 27.05], [27.84, 27.84, 27.73, 27.74, 27.75, 27.76, 27.79, 27.85, 27.74, 27.61, 27.46, 27.31, 27.12, 27.01, 26.87, 26.92, 26.99, 27.04, 27.07, 27.09], [27.72, 27.72, 27.73, 27.78, 27.78, 27.79, 27.8, 27.81, 27.61, 27.55, 27.45, 27.34, 27.18, 26.98, 27.0, 27.04, 27.09, 27.12, 27.13, 27.13], [27.76, 27.76, 27.76, 27.77, 27.77, 27.77, 27.77, 27.85, 27.55, 27.51, 27.45, 27.37, 27.15, 27.06, 27.1, 27.14, 27.18, 27.19, 27.18, 27.17], [27.75, 27.75, 27.75, 27.87, 27.86, 27.85, 27.84, 27.83, 27.81, 27.81, 27.82, 27.64, 27.44, 27.12, 27.16, 27.22, 27.27, 27.26, 27.23, 27.2], [27.88, 27.88, 27.87, 27.87, 27.86, 27.85, 27.83, 27.81, 27.77, 27.76, 27.79, 27.7, 27.45, 27.42, 27.4, 27.26, 27.35, 27.3, 27.26, 27.22], [27.88, 27.88, 27.87, 27.87, 27.86, 27.85, 27.83, 27.79, 27.73, 27.68, 27.76, 27.72, 27.71, 27.43, 27.4, 27.38, 27.29, 27.29, 27.26, 27.23], [27.88, 27.88, 27.88, 27.87, 27.87, 27.86, 27.84, 27.81, 27.75, 27.7, 27.73, 27.75, 27.74, 27.43, 27.41, 27.48, 27.43, 27.42, 27.25, 27.23], [27.89, 27.89, 27.88, 27.88, 27.88, 27.87, 27.86, 27.85, 27.83, 27.84, 27.81, 27.82, 27.79, 27.65, 27.58, 27.52, 27.48, 27.47, 27.47, 27.48], [27.89, 27.89, 27.89, 27.89, 27.89, 27.89, 27.89, 27.9, 27.92, 27.91, 27.94, 27.89, 27.82, 27.76, 27.63, 27.57, 27.53, 27.51, 27.5, 27.51], [27.9, 27.9, 27.9, 27.9, 27.9, 27.91, 27.92, 27.94, 27.98, 28.02, 28.11, 27.97, 27.87, 27.8, 27.67, 27.61, 27.57, 27.55, 27.54, 27.53], [27.9, 27.9, 27.9, 27.91, 27.91, 27.92, 27.93, 27.96, 27.93, 28.02, 28.07, 27.98, 27.89, 27.82, 27.7, 27.64, 27.6, 27.58, 27.56, 27.55], [27.9, 27.91, 27.91, 27.91, 27.92, 27.93, 27.94, 27.97, 27.91, 27.96, 27.97, 27.93, 27.87, 27.82, 27.72, 27.67, 27.63, 27.6, 27.59, 27.58], [27.91, 27.91, 27.91, 27.92, 27.92, 27.93, 27.95, 27.86, 27.89, 27.91, 27.91, 27.89, 27.86, 27.82, 27.72, 27.68, 27.65, 27.62, 27.61, 27.59]]}]