gis_exercise/awsData/contour/wdir_2023090704.json
[{"header": {"refTime": "2023-09-07T04:00:00.000Z", "nx": 21, "ny": 33, "lo1": 113.509, "la1": 22.2235, "lo2": 113.5947, "la2": 22.1034, "dx": 0.0042850000000001385, "dy": 0.003753125000000024, "parameterCategory": 2, "parameterCategoryName": "Temperature", "parameterNumber": 2}, "data": [0.72, 0.7, 0.69, 0.69, 0.67, 0.65, 0.61, 0.56, 0.55, 0.47, 0.53, 0.58, 0.56, 0.58, 0.39, 0.36, 0.45, 0.43, 0.41, 0.4, 0.72, 0.71, 0.7, 0.68, 0.67, 0.62, 0.58, 0.49, 0.43, 0.42, 0.52, 0.6, 0.59, 0.61, 0.41, 0.48, 0.44, 0.41, 0.39, 0.38, 0.73, 0.73, 0.71, 0.7, 0.69, 0.64, 0.56, 0.43, 0.2, 0.38, 0.54, 0.64, 0.64, 0.65, 0.54, 0.48, 0.42, 0.38, 0.36, 0.35, 0.75, 0.74, 0.73, 0.72, 0.7, 0.69, 0.62, 0.51, 0.41, 0.45, 0.6, 0.71, 0.72, 0.84, 0.55, 0.46, 0.38, 0.34, 0.32, 0.31, 0.76, 0.76, 0.76, 0.75, 0.75, 0.76, 0.73, 0.69, 0.67, 0.57, 0.67, 0.86, 0.92, 0.86, 0.54, 0.42, 0.32, 0.27, 0.26, 0.27, 0.77, 0.77, 0.78, 0.78, 0.79, 0.81, 0.86, 0.87, 0.87, 0.85, 0.81, 0.83, 0.86, 0.93, 0.51, 0.36, 0.22, 0.16, 0.19, 0.23, 1.21, 0.79, 0.8, 0.81, 0.83, 0.87, 1.11, 1.05, 1.07, 0.99, 0.88, 0.76, 0.87, 0.91, 0.45, 0.29, 0.08, -0.0, 0.24, 0.36, 1.21, 1.2, 1.19, 1.18, 1.19, 1.04, 1.1, 1.23, 1.32, 0.99, 0.86, 0.77, 0.78, 0.93, 0.6, 0.4, 0.15, 0.05, 0.19, 0.28, 1.2, 1.19, 1.17, 1.15, 1.13, 1.15, 1.22, 1.14, 1.31, 0.99, 0.89, 0.92, 1.06, 0.99, 0.67, 0.49, 0.32, 0.25, 0.28, 0.32, 1.26, 1.24, 1.21, 1.12, 1.06, 1.03, 1.14, 1.27, 1.34, 1.28, 0.94, 1.02, 1.14, 1.04, 0.71, 0.56, 0.44, 0.38, 0.36, 0.38, 1.26, 1.25, 1.22, 1.17, 1.07, 0.76, 1.15, 1.34, 1.37, 1.36, 1.29, 1.0, 1.03, 1.01, 0.72, 0.61, 0.52, 0.46, 0.43, 0.43, 1.27, 1.26, 1.24, 1.21, 1.16, 1.14, 1.29, 1.46, 1.53, 1.58, 1.34, 1.21, 1.19, 0.99, 0.7, 0.63, 0.56, 0.94, 0.92, 0.91, 1.29, 1.28, 1.27, 1.27, 1.28, 1.35, 1.46, 1.49, 1.52, 1.47, 1.55, 1.24, 1.21, 1.34, 1.37, 1.16, 1.11, 1.07, 1.03, 1.01, 1.3, 1.3, 1.31, 1.32, 1.36, 1.44, 1.58, 1.49, 1.47, 1.45, 1.56, 1.69, 1.71, 1.73, 1.46, 1.28, 1.23, 1.18, 1.14, 1.1, 1.31, 1.32, 1.33, 1.35, 1.38, 1.43, 1.47, 1.49, 1.46, 1.43, 1.41, 1.59, 1.76, 1.79, 1.81, 1.42, 1.36, 1.3, 1.24, 1.19, 1.32, 1.33, 1.13, 1.15, 1.18, 1.43, 1.43, 1.4, 1.38, 1.36, 1.52, 1.59, 1.68, 1.71, 1.76, 1.91, 1.89, 1.86, 1.44, 1.39, 1.11, 1.12, 1.13, 1.14, 1.38, 1.36, 1.33, 1.3, 1.27, 1.27, 1.47, 1.59, 1.71, 1.85, 1.94, 2.01, 1.97, 1.94, 1.92, 1.9, 1.11, 1.11, 1.11, 1.12, 1.33, 1.3, 1.24, 1.17, 1.13, 1.28, 1.42, 1.57, 1.73, 1.93, 2.1, 2.02, 1.97, 1.93, 1.91, 1.89, 1.1, 1.1, 1.1, 1.33, 1.3, 1.25, 1.18, 1.06, 0.97, 1.2, 1.22, 1.37, 1.72, 1.87, 2.03, 1.99, 1.94, 1.91, 1.89, 1.88, 1.1, 1.09, 1.1, 1.09, 1.07, 1.04, 1.01, 0.96, 0.98, 1.07, 1.19, 1.32, 1.68, 1.78, 1.96, 1.94, 1.91, 1.88, 1.87, 1.86, 1.09, 1.08, 1.08, 1.06, 1.04, 1.02, 1.0, 0.97, 1.05, 1.09, 1.17, 1.27, 1.65, 1.91, 1.9, 1.88, 1.86, 1.85, 1.84, 1.84, 1.08, 1.07, 1.06, 1.04, 1.03, 1.01, 0.99, 0.92, 1.06, 1.09, 1.14, 1.21, 1.58, 1.88, 1.86, 1.84, 1.83, 1.82, 1.82, 1.82, 1.06, 1.05, 1.04, 0.96, 0.95, 0.94, 0.93, 0.92, 0.92, 0.92, 0.93, 1.07, 1.38, 1.85, 1.83, 1.81, 1.79, 1.79, 1.79, 1.81, 0.98, 0.97, 0.97, 0.96, 0.96, 0.95, 0.94, 0.92, 0.9, 0.89, 0.91, 1.17, 1.36, 1.47, 1.56, 1.79, 1.78, 1.76, 1.78, 1.79, 0.98, 0.98, 0.98, 0.97, 0.97, 0.96, 0.94, 0.92, 0.87, 0.83, 0.9, 1.14, 1.24, 1.45, 1.55, 1.63, 1.75, 1.73, 1.77, 1.79, 0.99, 0.99, 0.98, 0.98, 0.98, 0.97, 0.96, 0.94, 0.89, 0.85, 1.04, 1.15, 1.24, 1.44, 1.52, 1.68, 1.69, 1.69, 1.77, 1.79, 0.99, 0.99, 0.99, 0.99, 0.99, 0.99, 0.99, 0.98, 0.97, 0.98, 1.13, 1.19, 1.25, 1.6, 1.63, 1.66, 1.67, 1.68, 1.68, 1.67, 1.0, 1.0, 1.0, 1.0, 1.01, 1.01, 1.02, 1.03, 1.05, 1.19, 1.23, 1.23, 1.24, 1.28, 1.61, 1.63, 1.65, 1.66, 1.66, 1.66, 1.0, 1.01, 1.01, 1.01, 1.02, 1.03, 1.04, 1.07, 1.12, 1.27, 1.31, 1.27, 1.26, 1.28, 1.59, 1.62, 1.63, 1.64, 1.65, 1.65, 1.01, 1.01, 1.02, 1.02, 1.03, 1.04, 1.06, 1.09, 1.23, 1.27, 1.3, 1.28, 1.27, 1.28, 1.58, 1.6, 1.62, 1.63, 1.64, 1.64, 1.01, 1.02, 1.02, 1.03, 1.04, 1.05, 1.07, 1.1, 1.24, 1.26, 1.27, 1.27, 1.27, 1.28, 1.57, 1.59, 1.61, 1.62, 1.63, 1.63, 1.02, 1.02, 1.03, 1.03, 1.04, 1.06, 1.07, 1.23, 1.24, 1.25, 1.26, 1.27, 1.27, 1.28, 1.57, 1.59, 1.6, 1.61, 1.62, 1.63]}, {"header": {"refTime": "2023-09-07T04:00:00.000Z", "nx": 21, "ny": 33, "lo1": 113.509, "la1": 22.2235, "lo2": 113.5947, "la2": 22.1034, "dx": 0.0042850000000001385, "dy": 0.003753125000000024, "parameterCategory": 2, "parameterCategoryName": "Temperature", "parameterNumber": 3}, "data": [-0.25, -0.27, -0.28, -0.67, -0.65, -0.34, -0.32, -0.3, -0.28, -0.15, -0.12, -0.08, -0.27, -0.28, -0.52, -0.61, -1.05, -1.11, -1.16, -1.19, -0.25, -0.26, -0.27, -0.29, -0.66, -0.63, -0.33, -0.31, -0.28, -0.17, -0.12, -0.06, -0.24, -0.25, -0.5, -0.97, -1.07, -1.15, -1.2, -1.23, -0.24, -0.25, -0.27, -0.29, -0.67, -0.64, -0.58, -0.31, -0.28, -0.19, -0.1, -0.02, -0.17, -0.19, -0.81, -0.98, -1.11, -1.2, -1.26, -1.29, -0.22, -0.24, -0.26, -0.28, -0.31, -0.67, -0.63, -0.55, -0.48, -0.17, -0.07, 0.06, -0.04, -0.2, -0.78, -1.01, -1.19, -1.3, -1.35, -1.36, -0.21, -0.22, -0.24, -0.27, -0.3, -0.72, -0.71, -0.68, -0.66, -0.17, -0.07, -0.12, 0.24, -0.13, -0.8, -1.11, -1.33, -1.45, -1.47, -1.44, -0.18, -0.19, -0.21, -0.24, -0.29, -0.36, -0.79, -0.81, -0.8, -0.77, -0.52, -0.33, -0.07, -0.48, -0.93, -1.26, -1.55, -1.67, -1.62, -1.53, -0.29, -0.16, -0.16, -0.19, -0.24, -0.33, -0.59, -0.94, -0.95, -1.07, -1.04, -0.74, -0.92, -0.87, -1.11, -1.42, -1.84, -1.99, -1.77, -1.62, -0.27, -0.25, -0.24, -0.54, -0.56, -0.34, -0.54, -0.85, -1.21, -1.03, -0.86, -1.4, -1.51, -1.16, -1.87, -1.98, -2.12, -2.18, -2.1, -2.05, -0.24, -0.22, -0.18, -0.14, -0.4, -0.45, -0.65, -0.64, -1.24, -1.09, -1.22, -1.44, -1.58, -1.51, -1.85, -1.94, -2.03, -2.07, -2.05, -2.03, -0.44, -0.39, -0.33, -0.05, 0.08, -0.08, -0.42, -0.81, -1.35, -1.28, -1.34, -1.47, -1.59, -1.52, -1.84, -1.91, -1.97, -2.0, -2.01, -2.0, -0.45, -0.4, -0.34, -0.22, 0.02, 0.75, -0.22, -0.81, -1.16, -1.44, -1.52, -1.44, -1.49, -1.48, -1.84, -1.89, -1.93, -1.96, -1.97, -1.97, -0.47, -0.43, -0.38, -0.3, -0.18, -0.13, -0.54, -1.2, -1.49, -1.67, -1.59, -1.79, -1.77, -1.45, -1.85, -1.88, -1.91, -1.65, -1.65, -1.65, -0.49, -0.47, -0.45, -0.42, -0.43, -0.54, -0.75, -1.14, -1.37, -1.15, -1.6, -1.8, -1.78, -1.35, -1.33, -1.51, -1.53, -1.55, -1.57, -1.58, -0.52, -0.51, -0.51, -0.52, -0.57, -0.67, -0.77, -0.92, -1.06, -1.04, -1.56, -1.5, -1.43, -1.36, -1.22, -1.39, -1.42, -1.45, -1.48, -1.51, -0.55, -0.55, -0.56, -0.58, -0.63, -0.7, -0.77, -0.96, -1.01, -1.0, -0.97, -0.86, -1.32, -1.25, -1.2, -1.25, -1.3, -1.35, -1.4, -1.44, -0.57, -0.58, 0.01, -0.02, -0.07, -0.83, -0.83, -0.82, -0.82, -0.82, -0.77, -0.75, -0.73, -0.65, -0.65, -0.68, -0.68, -0.67, -0.83, -0.85, 0.05, 0.03, 0.01, -0.01, -0.77, -0.73, -0.68, -0.63, -0.6, -0.63, -0.62, -0.65, -0.66, -0.64, -0.4, -0.35, -0.27, -0.21, -0.16, -0.13, 0.04, 0.03, 0.02, 0.01, -0.69, -0.63, -0.52, -0.38, -0.31, -0.16, -0.25, -0.58, -0.61, -0.4, -0.54, -0.37, -0.26, -0.19, -0.14, -0.11, 0.04, 0.04, 0.03, -0.69, -0.63, -0.55, -0.4, -0.16, 0.1, -0.08, -0.02, -0.12, -0.24, -0.34, -0.39, -0.31, -0.22, -0.15, -0.11, -0.09, 0.05, 0.04, -0.12, -0.1, -0.08, -0.04, 0.0, 0.07, 0.12, 0.06, -0.01, -0.09, -0.19, -0.25, -0.24, -0.2, -0.14, -0.09, -0.07, -0.05, -0.11, -0.1, -0.09, -0.07, -0.05, -0.02, 0.01, 0.04, 0.08, 0.05, -0.0, -0.06, -0.14, -0.15, -0.13, -0.1, -0.06, -0.03, -0.02, -0.01, -0.1, -0.08, -0.07, -0.05, -0.03, -0.01, 0.02, 0.05, 0.07, 0.05, 0.02, -0.03, -0.09, -0.08, -0.05, -0.01, 0.02, 0.03, 0.03, 0.02, -0.08, -0.07, -0.05, -0.01, -0.0, 0.01, 0.02, 0.03, 0.04, 0.04, 0.02, 0.19, 0.19, -0.03, 0.01, 0.05, 0.09, 0.09, 0.07, 0.05, -0.05, -0.04, -0.04, -0.03, -0.02, -0.01, 0.01, 0.03, 0.05, 0.06, 0.03, -0.02, 0.19, 0.19, 0.18, 0.09, 0.13, 0.14, 0.11, 0.07, -0.06, -0.05, -0.05, -0.04, -0.04, -0.03, -0.01, 0.02, 0.08, 0.14, 0.04, -0.03, -0.06, 0.19, 0.19, 0.18, 0.15, 0.17, 0.12, 0.08, -0.07, -0.06, -0.06, -0.06, -0.06, -0.05, -0.04, -0.01, 0.05, 0.1, -0.01, -0.08, -0.1, 0.19, 0.19, 0.06, 0.1, 0.11, 0.1, 0.08, -0.08, -0.08, -0.08, -0.08, -0.08, -0.08, -0.08, -0.08, -0.07, -0.08, -0.14, -0.17, -0.15, -0.12, -0.05, 0.01, 0.05, 0.07, 0.06, 0.05, -0.09, -0.09, -0.09, -0.1, -0.11, -0.12, -0.13, -0.15, -0.19, -0.28, -0.32, -0.27, -0.2, -0.14, -0.09, -0.04, 0.0, 0.02, 0.03, 0.03, -0.1, -0.1, -0.11, -0.12, -0.13, -0.14, -0.17, -0.21, -0.29, -0.43, -0.55, -0.37, -0.26, -0.18, -0.13, -0.08, -0.04, -0.01, -0.0, 0.0, -0.11, -0.11, -0.12, -0.13, -0.15, -0.17, -0.2, -0.25, -0.31, -0.42, -0.49, -0.38, -0.28, -0.2, -0.16, -0.11, -0.07, -0.04, -0.03, -0.02, -0.11, -0.12, -0.13, -0.14, -0.16, -0.18, -0.21, -0.25, -0.3, -0.35, -0.37, -0.33, -0.27, -0.21, -0.18, -0.13, -0.1, -0.07, -0.05, -0.04, -0.12, -0.13, -0.14, -0.15, -0.17, -0.19, -0.21, -0.24, -0.27, -0.3, -0.3, -0.28, -0.24, -0.2, -0.19, -0.15, -0.11, -0.09, -0.07, -0.06]}, {"header": {"refTime": "2023-09-07T04:00:00.000Z", "nx": 21, "ny": 33, "lo1": 113.509, "la1": 22.2235, "lo2": 113.5947, "la2": 22.1034, "dx": 0.0042850000000001385, "dy": 0.003753125000000024, "parameterCategory": 0, "parameterCategoryName": "Temperature", "parameterNumber": 0}, "data": [[28.11, 28.1, 28.09, 27.9, 27.9, 28.18, 28.17, 28.15, 28.16, 28.16, 28.22, 28.27, 28.46, 28.49, 28.5, 28.5, 28.63, 28.61, 28.6, 28.6], [28.12, 28.11, 28.1, 28.08, 27.9, 27.9, 28.14, 28.1, 28.09, 28.12, 28.22, 28.3, 28.5, 28.52, 28.53, 28.64, 28.62, 28.61, 28.6, 28.59], [28.12, 28.12, 28.11, 28.09, 27.91, 27.9, 27.9, 28.06, 27.94, 28.09, 28.24, 28.36, 28.56, 28.58, 28.68, 28.64, 28.61, 28.6, 28.58, 28.58], [28.13, 28.13, 28.12, 28.1, 28.09, 27.91, 27.91, 27.9, 27.9, 28.13, 28.29, 28.46, 28.67, 28.63, 28.68, 28.64, 28.6, 28.58, 28.57, 28.56], [28.14, 28.14, 28.13, 28.12, 28.1, 27.91, 27.91, 27.91, 27.9, 28.18, 28.32, 28.65, 28.85, 28.67, 28.68, 28.62, 28.57, 28.55, 28.55, 28.55], [28.16, 28.15, 28.15, 28.14, 28.13, 28.11, 27.92, 27.92, 27.91, 27.89, 28.38, 28.54, 28.7, 28.8, 28.65, 28.58, 28.53, 28.51, 28.52, 28.53], [28.28, 28.17, 28.17, 28.17, 28.15, 28.13, 28.07, 27.93, 27.93, 27.99, 27.99, 28.36, 28.66, 28.69, 28.6, 28.55, 28.48, 28.45, 28.51, 28.55], [28.29, 28.29, 28.29, 28.29, 28.28, 28.14, 28.1, 28.04, 28.0, 27.96, 27.89, 28.22, 28.22, 28.7, 28.4, 28.4, 28.4, 28.4, 28.4, 28.4], [28.21, 28.22, 28.31, 28.32, 28.32, 28.3, 28.24, 28.08, 27.94, 28.0, 28.03, 28.12, 28.16, 28.1, 28.4, 28.4, 28.4, 28.4, 28.4, 28.4], [28.5, 28.5, 28.5, 28.27, 28.3, 28.39, 28.33, 28.24, 27.89, 27.9, 28.16, 28.06, 28.1, 28.08, 28.4, 28.4, 28.4, 28.4, 28.4, 28.4], [28.5, 28.5, 28.5, 28.5, 28.5, 28.5, 28.5, 28.5, 28.32, 27.93, 27.8, 28.03, 28.06, 28.06, 28.4, 28.4, 28.4, 28.4, 28.4, 28.4], [28.5, 28.5, 28.5, 28.5, 28.5, 28.5, 28.5, 28.5, 28.5, -999.0, 27.8, 28.4, 28.4, 28.04, 28.4, 28.4, 28.4, 27.6, 27.62, 27.63], [28.5, 28.5, 28.5, 28.5, 28.5, 28.5, 28.5, 28.5, 28.5, 28.5, -999.0, 28.4, 28.4, 27.49, 27.89, 27.89, 27.9, 27.73, 27.75, 27.77], [28.5, 28.5, 28.5, 28.5, 28.5, 28.5, 28.5, 28.5, 28.5, 28.5, -999.0, 27.0, 27.0, 27.0, 27.77, 27.77, 27.8, 27.62, 27.66, 27.69], [28.5, 28.5, 28.5, 28.5, 28.5, 28.5, 28.5, 28.2, 28.2, 28.2, 28.2, 27.74, 27.0, 27.0, 27.0, 27.64, 27.68, 27.52, 27.57, 27.61], [28.5, 28.5, 28.31, 28.31, 28.3, 28.2, 28.2, 28.2, 28.2, 28.2, 27.44, 27.53, 27.41, 27.32, 27.43, 27.33, 27.38, 27.29, 27.61, 27.65], [28.31, 28.31, 28.39, 28.39, 28.2, 28.2, 28.2, 28.2, 28.2, 28.2, 27.68, 27.54, 27.38, 27.23, 27.24, 27.17, 27.23, 27.27, 27.31, 27.33], [28.39, 28.39, 28.38, 28.38, 28.2, 28.2, 28.2, 28.2, 28.2, 27.9, 27.73, 27.55, 27.37, 27.25, 27.04, 27.15, 27.23, 27.29, 27.32, 27.34], [28.39, 28.38, 28.38, 28.2, 28.2, 28.2, 28.2, 28.2, 28.09, 27.97, 27.8, 27.65, 27.49, 27.34, 27.14, 27.2, 27.27, 27.32, 27.35, 27.36], [28.38, 28.38, 28.03, 28.04, 28.05, 28.06, 28.09, 28.15, 28.05, 27.94, 27.81, 27.68, 27.56, 27.47, 27.25, 27.29, 27.33, 27.37, 27.38, 27.39], [28.02, 28.02, 28.03, 28.08, 28.08, 28.09, 28.1, 28.11, 27.94, 27.89, 27.8, 27.71, 27.62, 27.32, 27.34, 27.37, 27.4, 27.42, 27.42, 27.41], [28.06, 28.06, 28.06, 28.07, 28.07, 28.07, 28.07, 28.11, 27.88, 27.85, 27.8, 27.73, 27.58, 27.38, 27.41, 27.45, 27.48, 27.48, 27.46, 27.44], [28.05, 28.05, 28.05, 28.12, 28.11, 28.11, 28.1, 28.09, 28.08, 28.07, 28.08, 27.99, 27.69, 27.42, 27.46, 27.52, 27.58, 27.53, 27.48, 27.45], [28.12, 28.12, 28.12, 28.11, 28.11, 28.1, 28.08, 28.06, 28.04, 28.03, 28.05, 28.0, 27.7, 27.67, 27.64, 27.54, 27.72, 27.51, 27.47, 27.45], [28.12, 28.12, 28.12, 28.11, 28.1, 28.09, 28.08, 28.05, 28.0, 27.96, 28.02, 28.01, 28.01, 27.66, 27.63, 27.6, 27.47, 27.38, 27.44, 27.44], [28.12, 28.12, 28.12, 28.11, 28.11, 28.1, 28.08, 28.05, 28.01, 27.97, 28.0, 28.03, 28.03, 27.66, 27.63, 27.65, 27.58, 27.55, 27.44, 27.44], [28.12, 28.12, 28.12, 28.11, 28.11, 28.1, 28.09, 28.08, 28.07, 28.07, 28.06, 28.07, 28.06, 27.82, 27.75, 27.69, 27.64, 27.62, 27.62, 27.64], [28.12, 28.12, 28.12, 28.12, 28.12, 28.11, 28.11, 28.11, 28.12, 28.12, 28.14, 28.02, 27.94, 27.86, 27.79, 27.73, 27.69, 27.67, 27.66, 27.67], [28.13, 28.12, 28.12, 28.12, 28.12, 28.12, 28.13, 28.14, 28.16, 28.19, 28.22, 28.09, 27.98, 27.9, 27.82, 27.77, 27.73, 27.71, 27.7, 27.69], [28.13, 28.13, 28.13, 28.13, 28.13, 28.13, 28.14, 28.15, 28.06, 28.14, 28.18, 28.09, 28.0, 27.92, 27.85, 27.8, 27.76, 27.74, 27.72, 27.72], [28.13, 28.13, 28.13, 28.13, 28.13, 28.14, 28.15, 28.16, 28.04, 28.08, 28.09, 28.05, 27.98, 27.92, 27.87, 27.82, 27.79, 27.76, 27.75, 27.74], [28.13, 28.13, 28.13, 28.14, 28.14, 28.14, 28.15, 27.99, 28.01, 28.03, 28.03, 28.0, 27.96, 27.92, 27.87, 27.84, 27.8, 27.78, 27.77, 27.75]]}]