gis_exercise/awsData/contour/wdir_2023091015.json
[{"header": {"refTime": "2023-09-10T15:00:00.000Z", "nx": 21, "ny": 33, "lo1": 113.509, "la1": 22.2235, "lo2": 113.5947, "la2": 22.1034, "dx": 0.0042850000000001385, "dy": 0.003753125000000024, "parameterCategory": 2, "parameterCategoryName": "Temperature", "parameterNumber": 2}, "data": [-1.16, -1.15, -1.14, -1.11, -1.08, -1.36, -1.29, -1.23, -1.21, -1.04, -1.14, -1.24, -1.77, -1.84, -2.08, -2.16, -2.84, -2.86, -2.88, -2.89, -1.17, -1.16, -1.15, -1.13, -1.09, -1.03, -1.24, -1.1, -1.02, -0.96, -1.14, -1.29, -1.83, -1.9, -2.14, -2.81, -2.85, -2.88, -2.9, -2.91, -1.18, -1.17, -1.17, -1.15, -1.11, -1.06, -0.97, -1.01, -0.63, -0.89, -1.17, -1.38, -1.92, -1.98, -2.75, -2.81, -2.87, -2.91, -2.93, -2.94, -1.19, -1.19, -1.18, -1.18, -1.16, -1.11, -1.04, -0.92, -0.8, -0.99, -1.27, -1.54, -2.07, -2.15, -2.74, -2.83, -2.9, -2.95, -2.97, -2.97, -1.2, -1.2, -1.21, -1.21, -1.21, -1.2, -1.17, -1.12, -1.08, -1.14, -1.36, -2.14, -2.25, -2.18, -2.75, -2.87, -2.96, -3.01, -3.02, -3.01, -1.21, -1.22, -1.22, -1.24, -1.26, -1.29, -1.32, -1.34, -1.31, -1.23, -1.91, -2.09, -2.21, -2.81, -2.79, -2.93, -3.06, -3.11, -3.09, -3.05, -2.05, -1.22, -1.23, -1.25, -1.29, -1.35, -1.56, -1.58, -1.58, -1.72, -1.64, -2.04, -2.94, -2.99, -2.84, -2.99, -3.19, -3.27, -3.35, -3.34, -2.05, -2.02, -1.99, -2.25, -2.24, -1.43, -1.55, -1.78, -2.09, -1.64, -1.23, -2.57, -2.83, -3.17, -3.45, -3.45, -3.43, -3.43, -3.44, -3.44, -2.05, -2.01, -1.96, -1.9, -2.12, -2.14, -2.28, -1.62, -2.28, -1.78, -2.27, -2.85, -3.39, -3.13, -3.51, -3.47, -3.45, -3.44, -3.44, -3.45, -2.71, -2.65, -2.55, -1.85, -1.71, -1.84, -2.17, -2.54, -2.64, -2.45, -2.62, -3.06, -3.52, -3.21, -3.54, -3.5, -3.47, -3.46, -3.46, -3.45, -2.73, -2.66, -2.57, -2.4, -2.06, -1.03, -2.38, -3.16, -3.17, -2.93, -3.33, -2.96, -3.12, -3.08, -3.55, -3.51, -3.49, -3.47, -3.47, -3.46, -2.76, -2.71, -2.64, -2.53, -2.36, -2.28, -2.84, -3.66, -4.01, -4.26, -3.52, -3.92, -3.87, -2.97, -3.54, -3.51, -3.49, -3.25, -3.23, -3.22, -2.8, -2.77, -2.74, -2.71, -2.74, -2.91, -3.23, -3.64, -3.89, -3.62, -4.18, -3.96, -3.9, -3.11, -3.06, -3.19, -3.17, -3.16, -3.16, -3.16, -2.84, -2.83, -2.83, -2.86, -2.95, -3.14, -3.39, -3.43, -3.54, -3.5, -4.14, -3.69, -3.56, -3.44, -2.9, -3.04, -3.04, -3.06, -3.07, -3.09, -2.88, -2.89, -2.91, -2.95, -3.03, -3.16, -3.27, -3.38, -3.36, -3.31, -3.25, -2.68, -3.36, -3.22, -3.13, -2.86, -2.9, -2.94, -2.98, -3.02, -2.92, -2.93, -2.01, -2.07, -2.15, -3.15, -3.13, -3.09, -3.04, -3.02, -2.56, -2.49, -2.41, -2.24, -2.24, -2.48, -2.54, -2.59, -2.46, -2.5, -1.94, -1.96, -1.98, -2.01, -3.0, -2.93, -2.83, -2.71, -2.64, -2.67, -2.33, -2.33, -2.28, -2.2, -1.92, -2.03, -2.05, -2.07, -2.08, -2.09, -1.92, -1.93, -1.94, -1.95, -2.84, -2.72, -2.52, -2.25, -2.12, -1.8, -1.91, -2.21, -2.2, -1.91, -1.96, -2.02, -2.05, -2.07, -2.08, -2.09, -1.91, -1.91, -1.91, -2.83, -2.72, -2.56, -2.29, -1.85, -1.35, -1.65, -1.64, -1.74, -1.83, -1.9, -2.01, -2.04, -2.07, -2.08, -2.1, -2.1, -1.89, -1.89, -2.26, -2.21, -2.14, -2.04, -1.88, -1.66, -1.4, -1.54, -1.67, -1.76, -1.83, -1.9, -2.06, -2.07, -2.09, -2.1, -2.11, -2.11, -2.29, -2.27, -2.23, -2.19, -2.13, -2.05, -1.95, -1.84, -1.6, -1.66, -1.73, -1.79, -1.85, -2.09, -2.1, -2.11, -2.12, -2.13, -2.12, -2.12, -2.27, -2.25, -2.22, -2.19, -2.14, -2.09, -2.03, -1.6, -1.76, -1.79, -1.83, -1.85, -2.24, -2.11, -2.12, -2.14, -2.16, -2.15, -2.14, -2.13, -2.27, -2.24, -2.22, -1.62, -1.63, -1.65, -1.68, -1.71, -1.76, -1.78, -1.77, -2.04, -2.26, -2.12, -2.14, -2.17, -2.21, -2.18, -2.14, -2.13, -1.61, -1.62, -1.63, -1.64, -1.66, -1.69, -1.74, -1.81, -1.9, -1.94, -1.88, -2.08, -2.26, -2.24, -2.23, -2.18, -2.29, -2.15, -2.13, -2.13, -1.62, -1.62, -1.64, -1.65, -1.68, -1.72, -1.78, -1.87, -2.04, -2.19, -1.98, -2.06, -2.04, -2.24, -2.22, -2.2, -2.12, -2.06, -2.11, -2.12, -1.62, -1.63, -1.64, -1.66, -1.68, -1.72, -1.77, -1.86, -2.02, -2.15, -2.08, -2.0, -1.99, -2.24, -2.22, -2.01, -2.03, -2.03, -2.11, -2.12, -1.62, -1.63, -1.64, -1.65, -1.67, -1.7, -1.74, -1.79, -1.84, -1.84, -1.9, -1.87, -1.9, -1.81, -1.89, -1.95, -1.98, -1.99, -1.99, -1.99, -1.62, -1.63, -1.64, -1.65, -1.66, -1.67, -1.68, -1.69, -1.66, -1.71, -1.64, -1.64, -1.7, -1.75, -1.83, -1.9, -1.93, -1.96, -1.96, -1.96, -1.62, -1.62, -1.63, -1.63, -1.64, -1.64, -1.64, -1.61, -1.54, -1.49, -1.3, -1.5, -1.63, -1.7, -1.78, -1.85, -1.89, -1.92, -1.93, -1.94, -1.61, -1.62, -1.62, -1.62, -1.62, -1.62, -1.6, -1.57, -1.58, -1.45, -1.36, -1.49, -1.6, -1.68, -1.75, -1.81, -1.86, -1.88, -1.9, -1.91, -1.61, -1.61, -1.61, -1.61, -1.61, -1.6, -1.58, -1.55, -1.6, -1.53, -1.5, -1.55, -1.61, -1.67, -1.73, -1.79, -1.83, -1.86, -1.88, -1.89, -1.61, -1.61, -1.61, -1.6, -1.6, -1.59, -1.57, -1.67, -1.63, -1.59, -1.58, -1.6, -1.64, -1.68, -1.72, -1.77, -1.81, -1.84, -1.86, -1.87]}, {"header": {"refTime": "2023-09-10T15:00:00.000Z", "nx": 21, "ny": 33, "lo1": 113.509, "la1": 22.2235, "lo2": 113.5947, "la2": 22.1034, "dx": 0.0042850000000001385, "dy": 0.003753125000000024, "parameterCategory": 2, "parameterCategoryName": "Temperature", "parameterNumber": 3}, "data": [0.63, 0.62, 0.61, 0.68, 0.65, 0.75, 0.7, 0.65, 0.63, 0.61, 0.71, 0.8, 1.19, 1.25, 1.79, 1.91, 2.59, 2.65, 2.69, 2.72, 0.64, 0.63, 0.62, 0.6, 0.65, 0.6, 0.66, 0.55, 0.48, 0.53, 0.7, 0.83, 1.23, 1.3, 1.83, 2.53, 2.62, 2.69, 2.73, 2.76, 0.65, 0.64, 0.63, 0.61, 0.67, 0.62, 0.53, 0.47, 0.16, 0.46, 0.73, 0.91, 1.31, 1.36, 2.41, 2.55, 2.66, 2.75, 2.8, 2.82, 0.66, 0.65, 0.65, 0.64, 0.62, 0.67, 0.6, 0.48, 0.37, 0.57, 0.82, 1.03, 1.42, 1.6, 2.39, 2.59, 2.74, 2.84, 2.89, 2.89, 0.67, 0.67, 0.67, 0.67, 0.66, 0.74, 0.71, 0.67, 0.65, 0.75, 0.93, 1.58, 1.58, 1.61, 2.41, 2.67, 2.88, 2.99, 3.01, 2.98, 0.68, 0.68, 0.69, 0.7, 0.71, 0.73, 0.84, 0.86, 0.86, 0.85, 1.51, 1.59, 1.61, 2.06, 2.48, 2.8, 3.1, 3.23, 3.16, 3.07, 1.19, 0.69, 0.7, 0.72, 0.74, 0.78, 1.07, 1.03, 1.05, 1.35, 1.36, 1.64, 2.23, 2.24, 2.58, 2.94, 3.41, 3.58, 3.44, 3.3, 1.19, 1.17, 1.16, 1.27, 1.27, 0.98, 1.05, 1.18, 1.38, 1.3, 1.13, 2.09, 2.27, 2.41, 3.09, 3.31, 3.59, 3.69, 3.54, 3.44, 1.18, 1.16, 1.14, 1.11, 1.2, 1.22, 1.3, 1.09, 1.43, 1.38, 1.87, 2.27, 2.63, 2.46, 3.07, 3.24, 3.41, 3.49, 3.46, 3.4, 1.45, 1.42, 1.37, 1.08, 1.0, 1.05, 1.23, 1.42, 1.58, 1.51, 2.11, 2.4, 2.71, 2.5, 3.07, 3.19, 3.29, 3.36, 3.37, 3.35, 1.46, 1.43, 1.38, 1.3, 1.13, 0.63, 1.29, 1.66, 1.7, 1.7, 2.22, 2.34, 2.44, 2.42, 3.07, 3.15, 3.22, 3.27, 3.3, 3.3, 1.47, 1.45, 1.42, 1.36, 1.28, 1.24, 1.51, 1.9, 2.07, 2.4, 2.25, 2.65, 2.68, 2.34, 3.08, 3.13, 3.18, 2.88, 2.89, 2.88, 1.49, 1.48, 1.47, 1.45, 1.47, 1.55, 1.71, 1.9, 2.01, 1.89, 2.44, 2.61, 2.64, 2.25, 2.2, 2.65, 2.68, 2.71, 2.74, 2.75, 1.51, 1.51, 1.51, 1.53, 1.57, 1.67, 1.8, 1.81, 1.85, 1.83, 2.4, 2.21, 2.16, 2.1, 2.03, 2.44, 2.49, 2.54, 2.59, 2.63, 1.53, 1.54, 1.55, 1.57, 1.61, 1.68, 1.73, 1.99, 2.03, 2.04, 2.04, 1.72, 2.0, 1.92, 1.86, 2.2, 2.28, 2.37, 2.45, 2.51, 1.55, 1.56, 1.43, 1.46, 1.49, 1.97, 1.97, 1.98, 2.0, 2.01, 1.75, 1.66, 1.55, 1.61, 1.55, 1.85, 1.96, 2.08, 2.39, 2.49, 1.43, 1.44, 1.46, 1.48, 1.97, 1.97, 1.96, 1.96, 1.96, 1.97, 1.71, 1.61, 1.48, 1.33, 1.36, 1.54, 1.73, 1.88, 1.99, 2.06, 1.45, 1.46, 1.48, 1.5, 1.97, 1.96, 1.95, 1.93, 1.92, 1.67, 1.58, 1.58, 1.44, 1.36, 1.05, 1.48, 1.75, 1.93, 2.04, 2.11, 1.46, 1.48, 1.5, 1.97, 1.96, 1.95, 1.93, 1.9, 1.81, 1.7, 1.49, 1.38, 1.65, 1.49, 1.44, 1.64, 1.87, 2.03, 2.12, 2.18, 1.47, 1.49, 1.68, 1.69, 1.7, 1.71, 1.73, 1.76, 1.7, 1.6, 1.49, 1.4, 1.77, 1.71, 1.81, 1.92, 2.06, 2.17, 2.23, 2.26, 1.67, 1.67, 1.67, 1.67, 1.67, 1.68, 1.69, 1.7, 1.58, 1.53, 1.46, 1.4, 1.9, 2.03, 2.08, 2.18, 2.28, 2.34, 2.35, 2.35, 1.65, 1.65, 1.65, 1.65, 1.65, 1.65, 1.65, 1.46, 1.49, 1.46, 1.42, 1.39, 1.83, 2.21, 2.3, 2.41, 2.5, 2.51, 2.47, 2.43, 1.64, 1.64, 1.64, 1.37, 1.37, 1.38, 1.38, 1.38, 1.37, 1.35, 1.34, 1.98, 2.26, 2.34, 2.45, 2.59, 2.74, 2.68, 2.56, 2.49, 1.33, 1.33, 1.34, 1.34, 1.34, 1.34, 1.33, 1.32, 1.3, 1.29, 1.29, 1.65, 2.22, 2.39, 2.56, 2.68, 3.03, 2.7, 2.58, 2.52, 1.32, 1.32, 1.31, 1.31, 1.31, 1.3, 1.29, 1.28, 1.27, 1.26, 1.25, 1.57, 1.75, 2.36, 2.52, 2.64, 2.63, 2.52, 2.55, 2.52, 1.3, 1.3, 1.29, 1.29, 1.28, 1.27, 1.25, 1.24, 1.24, 1.24, 1.39, 1.51, 1.66, 2.33, 2.47, 2.48, 2.53, 2.52, 2.53, 2.5, 1.29, 1.28, 1.27, 1.26, 1.25, 1.24, 1.22, 1.2, 1.18, 1.16, 1.34, 1.42, 1.57, 2.08, 2.25, 2.37, 2.43, 2.45, 2.45, 2.44, 1.27, 1.27, 1.26, 1.24, 1.23, 1.21, 1.19, 1.15, 1.11, 1.21, 1.19, 1.15, 1.26, 1.37, 2.13, 2.26, 2.34, 2.38, 2.39, 2.39, 1.26, 1.25, 1.24, 1.23, 1.21, 1.19, 1.16, 1.12, 1.06, 1.07, 0.88, 1.06, 1.2, 1.32, 2.03, 2.16, 2.25, 2.3, 2.33, 2.34, 1.25, 1.24, 1.23, 1.22, 1.2, 1.17, 1.14, 1.1, 1.09, 1.0, 0.94, 1.06, 1.19, 1.29, 1.96, 2.09, 2.18, 2.23, 2.27, 2.29, 1.24, 1.23, 1.22, 1.21, 1.19, 1.16, 1.14, 1.1, 1.12, 1.07, 1.06, 1.12, 1.2, 1.29, 1.93, 2.04, 2.12, 2.18, 2.22, 2.25, 1.24, 1.23, 1.22, 1.2, 1.18, 1.16, 1.14, 1.19, 1.16, 1.14, 1.14, 1.17, 1.23, 1.29, 1.91, 2.0, 2.08, 2.14, 2.18, 2.21]}, {"header": {"refTime": "2023-09-10T15:00:00.000Z", "nx": 21, "ny": 33, "lo1": 113.509, "la1": 22.2235, "lo2": 113.5947, "la2": 22.1034, "dx": 0.0042850000000001385, "dy": 0.003753125000000024, "parameterCategory": 0, "parameterCategoryName": "Temperature", "parameterNumber": 0}, "data": [[25.2, 25.2, 25.2, 24.9, 24.92, 25.24, 25.25, 25.26, 25.27, 25.14, 25.13, 25.12, 25.36, 25.36, 25.35, 25.35, 25.31, 25.31, 25.3, 25.3], [25.2, 25.2, 25.2, 25.2, 24.92, 24.95, 25.25, 25.26, 25.28, 25.16, 25.14, 25.13, 25.36, 25.37, 25.36, 25.32, 25.31, 25.3, 25.3, 25.29], [25.2, 25.2, 25.2, 25.2, 24.91, 24.94, 24.99, 25.27, 25.29, 25.18, 25.14, 25.15, 25.38, 25.38, 25.34, 25.32, 25.31, 25.3, 25.29, 25.29], [25.2, 25.2, 25.2, 25.2, 25.2, 24.92, 24.96, 25.03, 25.09, 25.13, 25.12, 25.17, 25.4, 25.17, 25.34, 25.32, 25.3, 25.29, 25.28, 25.28], [25.21, 25.2, 25.2, 25.2, 25.19, 24.88, 24.9, 24.92, 24.92, 25.04, 25.06, 25.19, 25.37, 25.22, 25.34, 25.31, 25.29, 25.28, 25.27, 25.27], [25.21, 25.21, 25.2, 25.2, 25.19, 25.17, 24.85, 24.84, 24.8, 24.73, 24.92, 25.1, 25.25, 25.4, 25.32, 25.29, 25.27, 25.25, 25.26, 25.27], [25.18, 25.21, 25.21, 25.2, 25.19, 25.16, 24.85, 24.81, 24.77, 24.64, 24.59, 24.95, 25.33, 25.35, 25.3, 25.28, 25.24, 25.23, 25.26, 25.27], [25.19, 25.19, 25.19, 25.19, 25.18, 24.93, 24.88, 24.85, 24.84, 24.59, 24.37, 24.89, 24.9, 25.35, 25.2, 25.2, 25.2, 25.2, 25.2, 25.2], [25.11, 25.12, 25.21, 25.22, 25.22, 25.2, 25.14, 24.87, 24.68, 24.67, 24.58, 24.73, 24.8, 24.71, 25.2, 25.2, 25.2, 25.2, 25.2, 25.2], [25.4, 25.4, 25.4, 25.17, 25.2, 25.29, 25.23, 25.14, 24.5, 24.54, 24.81, 24.64, 24.69, 24.67, 25.2, 25.2, 25.2, 25.2, 25.2, 25.2], [25.4, 25.4, 25.4, 25.4, 25.4, 25.4, 25.4, 25.4, 25.22, 24.66, 24.2, 24.58, 24.63, 24.63, 25.2, 25.2, 25.2, 25.2, 25.2, 25.2], [25.4, 25.4, 25.4, 25.4, 25.4, 25.4, 25.4, 25.4, 25.4, -999.0, 24.2, 25.2, 25.2, 24.6, 25.2, 25.2, 25.2, 24.69, 24.7, 24.7], [25.4, 25.4, 25.4, 25.4, 25.4, 25.4, 25.4, 25.4, 25.4, 25.4, -999.0, 25.2, 25.2, 24.61, 24.87, 24.87, 24.88, 24.77, 24.78, 24.79], [25.4, 25.4, 25.4, 25.4, 25.4, 25.4, 25.4, 25.4, 25.4, 25.4, -999.0, 24.3, 24.3, 24.3, 24.79, 24.8, 24.81, 24.7, 24.72, 24.74], [25.4, 25.4, 25.4, 25.4, 25.4, 25.4, 25.4, 25.6, 25.6, 25.6, 25.6, 25.1, 24.3, 24.3, 24.3, 24.71, 24.74, 24.64, 24.67, 24.69], [25.4, 25.4, 25.53, 25.53, 25.53, 25.6, 25.6, 25.6, 25.6, 25.6, 24.78, 24.87, 24.75, 24.64, 24.76, 24.48, 24.51, 24.46, 24.67, 24.7], [25.53, 25.53, 25.47, 25.47, 25.6, 25.6, 25.6, 25.6, 25.6, 25.6, 25.04, 24.88, 24.71, 24.55, 24.51, 24.45, 24.5, 24.54, 24.57, 24.59], [25.47, 25.47, 25.48, 25.48, 25.6, 25.6, 25.6, 25.6, 25.6, 25.27, 25.1, 24.9, 24.7, 24.52, 24.33, 24.43, 24.51, 24.55, 24.58, 24.61], [25.48, 25.48, 25.48, 25.6, 25.6, 25.6, 25.6, 25.6, 25.48, 25.35, 25.15, 24.99, 24.75, 24.59, 24.42, 24.47, 24.54, 24.58, 24.61, 24.62], [25.48, 25.48, 25.37, 25.38, 25.4, 25.42, 25.45, 25.53, 25.43, 25.31, 25.16, 25.02, 24.8, 24.7, 24.52, 24.55, 24.59, 24.62, 24.64, 24.65], [25.36, 25.36, 25.37, 25.43, 25.44, 25.45, 25.47, 25.49, 25.3, 25.24, 25.15, 25.05, 24.84, 24.58, 24.59, 24.62, 24.64, 24.66, 24.67, 24.67], [25.41, 25.42, 25.42, 25.42, 25.42, 25.43, 25.43, 25.44, 25.23, 25.19, 25.14, 25.07, 24.75, 24.63, 24.65, 24.68, 24.7, 24.71, 24.7, 24.69], [25.41, 25.41, 25.41, 25.43, 25.43, 25.42, 25.42, 25.4, 25.39, 25.38, 25.38, 25.21, 24.95, 24.66, 24.69, 24.72, 24.75, 24.75, 24.73, 24.71], [25.43, 25.43, 25.42, 25.42, 25.41, 25.41, 25.39, 25.37, 25.34, 25.33, 25.35, 25.18, 24.96, 24.91, 24.87, 24.74, 24.78, 24.77, 24.75, 24.73], [25.43, 25.42, 25.42, 25.41, 25.41, 25.39, 25.38, 25.35, 25.3, 25.26, 25.32, 25.2, 25.16, 24.92, 24.88, 24.85, 24.77, 24.78, 24.75, 24.73], [25.42, 25.42, 25.42, 25.41, 25.4, 25.39, 25.37, 25.35, 25.3, 25.26, 25.23, 25.22, 25.19, 24.93, 24.89, 24.91, 24.87, 24.87, 24.74, 24.73], [25.42, 25.42, 25.41, 25.41, 25.4, 25.39, 25.38, 25.36, 25.35, 25.35, 25.27, 25.26, 25.22, 25.05, 24.99, 24.94, 24.91, 24.9, 24.9, 24.91], [25.42, 25.42, 25.41, 25.41, 25.4, 25.4, 25.39, 25.39, 25.39, 25.33, 25.34, 25.31, 25.26, 25.21, 25.03, 24.98, 24.95, 24.94, 24.93, 24.93], [25.42, 25.42, 25.41, 25.41, 25.41, 25.4, 25.4, 25.41, 25.42, 25.39, 25.45, 25.36, 25.29, 25.23, 25.06, 25.02, 24.98, 24.97, 24.96, 24.95], [25.42, 25.42, 25.42, 25.41, 25.41, 25.41, 25.41, 25.42, 25.34, 25.39, 25.42, 25.36, 25.3, 25.24, 25.09, 25.04, 25.01, 24.99, 24.98, 24.97], [25.42, 25.42, 25.42, 25.42, 25.41, 25.41, 25.42, 25.42, 25.32, 25.35, 25.35, 25.33, 25.29, 25.25, 25.1, 25.06, 25.03, 25.01, 25.0, 24.99], [25.42, 25.42, 25.42, 25.42, 25.42, 25.42, 25.42, 25.29, 25.3, 25.32, 25.32, 25.3, 25.27, 25.24, 25.11, 25.07, 25.05, 25.03, 25.01, 25.0]]}]