gis_exercise/awsData/contour/wdir_2023091221.json
[{"header": {"refTime": "2023-09-12T21:00:00.000Z", "nx": 21, "ny": 33, "lo1": 113.509, "la1": 22.2235, "lo2": 113.5947, "la2": 22.1034, "dx": 0.0042850000000001385, "dy": 0.003753125000000024, "parameterCategory": 2, "parameterCategoryName": "Temperature", "parameterNumber": 2}, "data": [-1.13, -1.15, -1.17, -1.5, -1.5, -1.98, -1.94, -1.91, -1.92, -1.88, -1.99, -2.1, -2.59, -2.66, -3.34, -3.45, -3.98, -4.02, -4.05, -4.08, -1.12, -1.14, -1.16, -1.18, -1.5, -1.49, -1.9, -1.81, -1.77, -1.81, -1.99, -2.15, -2.66, -2.73, -3.4, -3.93, -4.0, -4.06, -4.1, -4.12, -1.11, -1.13, -1.15, -1.18, -1.51, -1.49, -1.47, -1.73, -1.47, -1.74, -2.03, -2.26, -2.78, -2.82, -3.85, -3.95, -4.05, -4.12, -4.16, -4.17, -1.09, -1.11, -1.13, -1.16, -1.2, -1.51, -1.49, -1.46, -1.43, -1.83, -2.12, -2.44, -2.97, -2.93, -3.84, -3.99, -4.12, -4.21, -4.24, -4.24, -1.07, -1.08, -1.1, -1.13, -1.17, -1.53, -1.52, -1.51, -1.5, -1.94, -2.2, -2.94, -3.24, -2.99, -3.85, -4.06, -4.25, -4.35, -4.36, -4.32, -1.04, -1.05, -1.07, -1.09, -1.14, -1.2, -1.56, -1.57, -1.55, -1.51, -2.51, -2.8, -3.05, -3.58, -3.88, -4.17, -4.45, -4.57, -4.51, -4.41, -1.12, -1.01, -1.01, -1.03, -1.08, -1.16, -1.27, -1.65, -1.64, -1.84, -1.85, -2.57, -3.55, -3.63, -3.91, -4.27, -4.74, -4.92, -4.89, -4.79, -1.1, -1.08, -1.07, -1.58, -1.58, -1.05, -1.23, -1.51, -1.88, -1.77, -1.55, -2.9, -3.16, -3.72, -4.31, -4.57, -4.89, -5.0, -4.83, -4.72, -1.08, -1.06, -1.02, -0.98, -1.42, -1.46, -1.65, -1.32, -2.07, -1.88, -2.66, -3.25, -3.84, -3.56, -4.32, -4.51, -4.69, -4.77, -4.73, -4.67, -1.62, -1.57, -1.48, -0.9, -0.77, -1.08, -1.47, -1.9, -2.38, -2.27, -3.03, -3.49, -4.0, -3.65, -4.34, -4.45, -4.56, -4.63, -4.64, -4.62, -1.63, -1.57, -1.49, -1.34, -1.04, -0.13, -1.37, -2.16, -2.49, -2.62, -3.42, -3.39, -3.56, -3.52, -4.35, -4.42, -4.49, -4.54, -4.56, -4.56, -1.65, -1.6, -1.54, -1.44, -1.29, -1.22, -1.76, -2.69, -3.12, -3.58, -3.5, -3.99, -4.02, -3.39, -4.35, -4.4, -4.45, -4.22, -4.23, -4.22, -1.68, -1.65, -1.61, -1.58, -1.58, -1.69, -1.94, -2.55, -2.93, -2.61, -3.56, -3.96, -3.98, -3.44, -3.38, -3.99, -4.01, -4.04, -4.06, -4.08, -1.71, -1.7, -1.69, -1.69, -1.73, -1.82, -1.84, -2.18, -2.44, -2.43, -3.46, -3.63, -3.56, -3.48, -3.2, -3.75, -3.79, -3.85, -3.9, -3.94, -1.75, -1.74, -1.75, -1.77, -1.81, -1.88, -1.95, -2.26, -2.36, -2.38, -2.36, -2.39, -3.36, -3.25, -3.18, -3.47, -3.55, -3.65, -3.74, -3.81, -1.78, -1.78, -0.99, -1.02, -1.07, -2.1, -2.09, -2.11, -2.13, -2.16, -2.26, -2.25, -2.23, -2.37, -2.38, -2.86, -2.95, -3.05, -3.28, -3.37, -0.96, -0.97, -0.99, -1.02, -2.05, -2.0, -1.95, -1.9, -1.87, -1.92, -2.07, -2.12, -2.14, -2.13, -2.1, -2.33, -2.42, -2.49, -2.54, -2.57, -0.96, -0.98, -0.99, -1.01, -1.97, -1.89, -1.78, -1.62, -1.54, -1.34, -1.47, -2.02, -2.08, -2.08, -2.08, -2.3, -2.43, -2.51, -2.56, -2.59, -0.97, -0.98, -0.99, -1.97, -1.91, -1.8, -1.64, -1.36, -1.05, -1.26, -1.69, -1.85, -2.02, -2.1, -2.28, -2.38, -2.49, -2.56, -2.6, -2.62, -0.97, -0.98, -1.83, -1.8, -1.75, -1.68, -1.56, -1.38, -1.31, -1.54, -1.75, -1.89, -2.05, -2.15, -2.46, -2.51, -2.58, -2.63, -2.65, -2.66, -1.9, -1.89, -1.87, -1.85, -1.82, -1.77, -1.7, -1.62, -1.66, -1.76, -1.88, -1.97, -2.11, -2.56, -2.59, -2.64, -2.69, -2.71, -2.71, -2.7, -1.93, -1.92, -1.92, -1.91, -1.9, -1.89, -1.88, -2.03, -1.95, -2.01, -2.07, -2.09, -2.89, -2.65, -2.69, -2.76, -2.8, -2.8, -2.76, -2.74, -1.96, -1.96, -1.97, -2.2, -2.2, -2.21, -2.23, -2.28, -2.34, -2.39, -2.4, -2.61, -3.03, -2.71, -2.77, -2.86, -2.95, -2.89, -2.8, -2.76, -2.24, -2.25, -2.25, -2.27, -2.29, -2.33, -2.39, -2.48, -2.61, -2.67, -2.61, -3.13, -3.04, -3.01, -3.0, -2.9, -3.19, -2.85, -2.78, -2.75, -2.27, -2.29, -2.3, -2.32, -2.36, -2.41, -2.5, -2.63, -2.83, -2.99, -2.78, -3.11, -3.12, -3.01, -2.98, -2.95, -2.77, -2.64, -2.73, -2.74, -2.3, -2.32, -2.34, -2.37, -2.41, -2.47, -2.55, -2.67, -2.85, -2.98, -3.09, -3.07, -3.09, -3.0, -2.97, -2.84, -2.8, -2.77, -2.73, -2.73, -2.33, -2.35, -2.37, -2.4, -2.44, -2.5, -2.57, -2.65, -2.74, -2.77, -3.01, -3.01, -3.04, -2.81, -2.82, -2.82, -2.81, -2.8, -2.81, -2.81, -2.35, -2.37, -2.39, -2.42, -2.46, -2.51, -2.56, -2.62, -2.66, -2.92, -2.89, -2.76, -2.75, -2.72, -2.8, -2.81, -2.81, -2.81, -2.81, -2.82, -2.36, -2.38, -2.41, -2.44, -2.47, -2.51, -2.55, -2.59, -2.62, -2.81, -2.68, -2.72, -2.73, -2.71, -2.79, -2.8, -2.81, -2.81, -2.81, -2.81, -2.37, -2.39, -2.42, -2.44, -2.48, -2.51, -2.54, -2.57, -2.76, -2.72, -2.69, -2.71, -2.72, -2.71, -2.78, -2.8, -2.8, -2.81, -2.81, -2.81, -2.38, -2.4, -2.42, -2.45, -2.47, -2.5, -2.53, -2.55, -2.75, -2.73, -2.72, -2.72, -2.72, -2.71, -2.78, -2.79, -2.8, -2.8, -2.81, -2.81, -2.39, -2.41, -2.43, -2.45, -2.47, -2.49, -2.51, -2.76, -2.75, -2.74, -2.73, -2.72, -2.72, -2.71, -2.78, -2.79, -2.8, -2.8, -2.81, -2.81]}, {"header": {"refTime": "2023-09-12T21:00:00.000Z", "nx": 21, "ny": 33, "lo1": 113.509, "la1": 22.2235, "lo2": 113.5947, "la2": 22.1034, "dx": 0.0042850000000001385, "dy": 0.003753125000000024, "parameterCategory": 2, "parameterCategoryName": "Temperature", "parameterNumber": 3}, "data": [0.49, 0.47, 0.44, 0.27, 0.24, 0.45, 0.4, 0.36, 0.35, 0.45, 0.58, 0.71, 1.13, 1.21, 1.76, 1.88, 2.62, 2.66, 2.7, 2.72, 0.51, 0.48, 0.45, 0.41, 0.24, 0.2, 0.35, 0.24, 0.18, 0.34, 0.57, 0.75, 1.2, 1.28, 1.82, 2.57, 2.64, 2.7, 2.74, 2.76, 0.53, 0.51, 0.48, 0.44, 0.26, 0.21, 0.14, 0.15, -0.18, 0.25, 0.61, 0.86, 1.31, 1.37, 2.47, 2.58, 2.68, 2.75, 2.8, 2.81, 0.55, 0.54, 0.51, 0.48, 0.43, 0.25, 0.19, 0.09, -0.01, 0.39, 0.74, 1.04, 1.48, 1.68, 2.45, 2.62, 2.75, 2.84, 2.88, 2.88, 0.58, 0.57, 0.55, 0.53, 0.49, 0.31, 0.29, 0.25, 0.24, 0.62, 0.88, 1.68, 1.77, 1.71, 2.46, 2.69, 2.87, 2.97, 2.99, 2.96, 0.62, 0.61, 0.6, 0.59, 0.57, 0.53, 0.38, 0.4, 0.42, 0.45, 1.5, 1.63, 1.73, 2.06, 2.52, 2.8, 3.07, 3.19, 3.13, 3.04, 1.24, 0.66, 0.66, 0.66, 0.65, 0.63, 0.86, 0.52, 0.55, 1.0, 1.09, 1.59, 2.14, 2.15, 2.59, 2.92, 3.35, 3.51, 3.33, 3.19, 1.25, 1.24, 1.23, 1.43, 1.4, 0.93, 0.87, 0.79, 0.78, 0.95, 0.91, 1.87, 2.04, 2.23, 2.83, 3.1, 3.43, 3.55, 3.37, 3.25, 1.26, 1.26, 1.25, 1.24, 1.43, 1.4, 1.35, 0.84, 1.04, 1.02, 1.61, 1.98, 2.26, 2.13, 2.79, 3.01, 3.21, 3.3, 3.26, 3.2, 1.8, 1.79, 1.76, 1.28, 1.27, 1.42, 1.46, 1.49, 1.34, 1.28, 1.82, 2.07, 2.31, 2.15, 2.78, 2.93, 3.06, 3.14, 3.15, 3.13, 1.81, 1.79, 1.76, 1.71, 1.62, 1.33, 1.73, 2.0, 1.84, 1.57, 2.06, 2.01, 2.1, 2.08, 2.78, 2.88, 2.98, 3.04, 3.07, 3.07, 1.81, 1.8, 1.77, 1.74, 1.69, 1.67, 1.85, 2.18, 2.34, 2.43, 2.14, 2.48, 2.47, 2.02, 2.79, 2.86, 2.93, 2.49, 2.51, 2.5, 1.82, 1.81, 1.8, 1.78, 1.78, 1.81, 1.88, 2.12, 2.27, 2.15, 2.39, 2.49, 2.48, 1.8, 1.74, 2.21, 2.25, 2.29, 2.33, 2.35, 1.83, 1.82, 1.82, 1.82, 1.82, 1.84, 1.81, 1.97, 2.08, 2.08, 2.36, 1.95, 1.84, 1.74, 1.55, 1.97, 2.03, 2.09, 2.15, 2.2, 1.84, 1.84, 1.84, 1.84, 1.85, 1.86, 1.88, 1.98, 2.03, 2.04, 2.03, 1.48, 1.65, 1.52, 1.44, 1.7, 1.79, 1.89, 1.99, 2.06, 1.85, 1.85, 1.55, 1.56, 1.57, 1.92, 1.92, 1.93, 1.95, 1.96, 1.51, 1.37, 1.2, 1.04, 0.98, 1.27, 1.41, 1.54, 1.97, 2.08, 1.54, 1.54, 1.55, 1.56, 1.91, 1.89, 1.88, 1.86, 1.85, 1.87, 1.43, 1.28, 1.08, 0.84, 0.77, 0.86, 1.05, 1.19, 1.3, 1.37, 1.54, 1.55, 1.55, 1.55, 1.88, 1.86, 1.82, 1.76, 1.74, 1.33, 1.21, 1.23, 1.01, 0.77, 0.39, 0.8, 1.07, 1.24, 1.35, 1.42, 1.54, 1.55, 1.55, 1.89, 1.86, 1.83, 1.77, 1.67, 1.48, 1.36, 0.89, 0.73, 1.14, 0.93, 0.77, 0.96, 1.19, 1.34, 1.43, 1.48, 1.54, 1.54, 1.17, 1.18, 1.2, 1.22, 1.26, 1.33, 1.24, 1.04, 0.85, 0.71, 1.29, 1.2, 1.12, 1.24, 1.38, 1.48, 1.54, 1.56, 1.13, 1.13, 1.13, 1.13, 1.13, 1.14, 1.16, 1.19, 0.97, 0.88, 0.76, 0.67, 1.44, 1.34, 1.4, 1.5, 1.6, 1.65, 1.66, 1.65, 1.09, 1.09, 1.08, 1.07, 1.06, 1.05, 1.03, 0.81, 0.75, 0.7, 0.64, 0.6, 1.06, 1.52, 1.62, 1.74, 1.84, 1.83, 1.77, 1.72, 1.06, 1.05, 1.03, 0.71, 0.7, 0.69, 0.67, 0.64, 0.59, 0.55, 0.55, 1.22, 1.32, 1.65, 1.77, 1.94, 2.12, 2.01, 1.85, 1.77, 0.68, 0.68, 0.67, 0.66, 0.64, 0.62, 0.57, 0.49, 0.4, 0.35, 0.4, 0.85, 1.27, 1.52, 1.75, 2.02, 2.54, 1.96, 1.83, 1.78, 0.66, 0.65, 0.64, 0.63, 0.6, 0.56, 0.5, 0.4, 0.24, 0.11, 0.29, 0.76, 1.05, 1.47, 1.69, 1.86, 1.84, 1.62, 1.76, 1.76, 0.65, 0.63, 0.62, 0.6, 0.57, 0.53, 0.46, 0.37, 0.23, 0.13, 0.47, 0.73, 0.98, 1.42, 1.6, 1.81, 1.79, 1.75, 1.75, 1.74, 0.63, 0.62, 0.6, 0.58, 0.55, 0.51, 0.46, 0.41, 0.34, 0.33, 0.58, 0.74, 0.94, 1.53, 1.65, 1.72, 1.75, 1.75, 1.76, 1.76, 0.62, 0.61, 0.59, 0.57, 0.54, 0.51, 0.48, 0.45, 0.43, 0.6, 0.64, 0.46, 0.5, 0.55, 1.56, 1.64, 1.69, 1.71, 1.72, 1.73, 0.61, 0.6, 0.58, 0.56, 0.54, 0.52, 0.5, 0.48, 0.48, 0.63, 0.53, 0.5, 0.51, 0.55, 1.49, 1.58, 1.63, 1.67, 1.69, 1.7, 0.61, 0.59, 0.58, 0.56, 0.55, 0.53, 0.51, 0.5, 0.46, 0.5, 0.52, 0.51, 0.52, 0.54, 1.44, 1.52, 1.58, 1.62, 1.65, 1.67, 0.6, 0.59, 0.58, 0.56, 0.55, 0.54, 0.53, 0.52, 0.47, 0.49, 0.51, 0.51, 0.52, 0.54, 1.41, 1.49, 1.55, 1.59, 1.62, 1.64, 0.6, 0.59, 0.58, 0.57, 0.56, 0.54, 0.54, 0.47, 0.48, 0.49, 0.5, 0.51, 0.53, 0.54, 1.4, 1.46, 1.52, 1.56, 1.59, 1.61]}, {"header": {"refTime": "2023-09-12T21:00:00.000Z", "nx": 21, "ny": 33, "lo1": 113.509, "la1": 22.2235, "lo2": 113.5947, "la2": 22.1034, "dx": 0.0042850000000001385, "dy": 0.003753125000000024, "parameterCategory": 0, "parameterCategoryName": "Temperature", "parameterNumber": 0}, "data": [[26.95, 26.95, 26.94, 26.61, 26.62, 26.85, 26.85, 26.86, 26.87, 26.77, 26.76, 26.75, 26.94, 26.94, 26.94, 26.94, 26.94, 26.94, 26.93, 26.93], [26.96, 26.95, 26.95, 26.94, 26.62, 26.64, 26.85, 26.86, 26.87, 26.79, 26.77, 26.76, 26.94, 26.95, 26.94, 26.94, 26.94, 26.93, 26.93, 26.93], [26.96, 26.96, 26.95, 26.94, 26.61, 26.64, 26.68, 26.87, 26.89, 26.8, 26.77, 26.77, 26.95, 26.95, 26.95, 26.94, 26.94, 26.93, 26.93, 26.93], [26.97, 26.96, 26.96, 26.94, 26.93, 26.62, 26.65, 26.7, 26.75, 26.77, 26.75, 26.78, 26.96, 26.8, 26.95, 26.94, 26.93, 26.93, 26.93, 26.93], [26.98, 26.97, 26.96, 26.95, 26.94, 26.59, 26.61, 26.62, 26.62, 26.69, 26.71, 26.8, 26.92, 26.83, 26.95, 26.94, 26.93, 26.93, 26.92, 26.92], [26.99, 26.99, 26.98, 26.97, 26.95, 26.92, 26.57, 26.56, 26.54, 26.49, 26.63, 26.75, 26.85, 26.97, 26.94, 26.93, 26.92, 26.92, 26.92, 26.92], [27.04, 27.0, 27.0, 26.99, 26.97, 26.93, 26.67, 26.54, 26.51, 26.43, 26.4, 26.66, 26.94, 26.95, 26.93, 26.93, 26.91, 26.91, 26.92, 26.92], [27.06, 27.06, 27.06, 27.06, 27.04, 26.79, 26.71, 26.63, 26.56, 26.4, 26.23, 26.65, 26.66, 26.95, 26.9, 26.9, 26.9, 26.9, 26.9, 26.9], [26.94, 26.95, 27.1, 27.11, 27.11, 27.08, 26.98, 26.68, 26.44, 26.45, 26.41, 26.53, 26.58, 26.51, 26.9, 26.9, 26.9, 26.9, 26.9, 26.9], [27.4, 27.4, 27.4, 27.03, 27.08, 27.22, 27.12, 26.98, 26.32, 26.34, 26.59, 26.45, 26.5, 26.47, 26.9, 26.9, 26.9, 26.9, 26.9, 26.9], [27.4, 27.4, 27.4, 27.4, 27.4, 27.4, 27.4, 27.4, 27.12, 26.43, 26.1, 26.4, 26.44, 26.44, 26.9, 26.9, 26.9, 26.9, 26.9, 26.9], [27.4, 27.4, 27.4, 27.4, 27.4, 27.4, 27.4, 27.4, 27.4, -999.0, 26.1, 26.9, 26.9, 26.42, 26.9, 26.9, 26.9, 26.45, 26.46, 26.46], [27.4, 27.4, 27.4, 27.4, 27.4, 27.4, 27.4, 27.4, 27.4, 27.4, -999.0, 26.9, 26.9, 26.38, 26.61, 26.61, 26.61, 26.52, 26.53, 26.54], [27.4, 27.4, 27.4, 27.4, 27.4, 27.4, 27.4, 27.4, 27.4, 27.4, -999.0, 26.1, 26.1, 26.1, 26.54, 26.54, 26.55, 26.45, 26.48, 26.49], [27.4, 27.4, 27.4, 27.4, 27.4, 27.4, 27.4, 27.5, 27.5, 27.5, 27.5, 26.96, 26.1, 26.1, 26.1, 26.47, 26.49, 26.4, 26.43, 26.45], [27.4, 27.4, 27.46, 27.46, 27.47, 27.5, 27.5, 27.5, 27.5, 27.5, 26.62, 26.72, 26.58, 26.47, 26.6, 26.36, 26.4, 26.33, 26.5, 26.53], [27.46, 27.46, 27.44, 27.44, 27.5, 27.5, 27.5, 27.5, 27.5, 27.5, 26.9, 26.72, 26.54, 26.37, 26.35, 26.31, 26.38, 26.44, 26.48, 26.51], [27.44, 27.44, 27.44, 27.44, 27.5, 27.5, 27.5, 27.5, 27.5, 27.14, 26.96, 26.75, 26.53, 26.36, 26.14, 26.28, 26.39, 26.46, 26.5, 26.53], [27.44, 27.44, 27.44, 27.5, 27.5, 27.5, 27.5, 27.5, 27.37, 27.23, 27.04, 26.86, 26.61, 26.44, 26.27, 26.34, 26.43, 26.49, 26.53, 26.55], [27.44, 27.44, 27.33, 27.34, 27.35, 27.36, 27.39, 27.45, 27.34, 27.21, 27.06, 26.91, 26.67, 26.56, 26.41, 26.45, 26.5, 26.55, 26.57, 26.58], [27.32, 27.32, 27.33, 27.38, 27.38, 27.39, 27.4, 27.41, 27.21, 27.15, 27.05, 26.94, 26.73, 26.49, 26.51, 26.54, 26.58, 26.61, 26.62, 26.62], [27.36, 27.36, 27.36, 27.37, 27.37, 27.37, 27.37, 27.4, 27.15, 27.11, 27.05, 26.97, 26.68, 26.56, 26.59, 26.63, 26.66, 26.67, 26.66, 26.65], [27.35, 27.35, 27.35, 27.39, 27.39, 27.38, 27.38, 27.37, 27.36, 27.35, 27.35, 27.18, 26.95, 26.61, 26.64, 26.69, 26.72, 26.72, 26.7, 26.68], [27.39, 27.39, 27.39, 27.39, 27.38, 27.37, 27.36, 27.34, 27.32, 27.31, 27.33, 27.18, 26.96, 26.91, 26.87, 26.72, 26.78, 26.76, 26.73, 26.7], [27.39, 27.39, 27.39, 27.38, 27.38, 27.37, 27.35, 27.33, 27.28, 27.25, 27.3, 27.2, 27.16, 26.92, 26.88, 26.85, 26.76, 26.77, 26.73, 26.7], [27.39, 27.39, 27.39, 27.38, 27.37, 27.37, 27.35, 27.33, 27.29, 27.26, 27.23, 27.22, 27.19, 26.93, 26.89, 26.91, 26.87, 26.87, 26.72, 26.7], [27.39, 27.39, 27.39, 27.38, 27.38, 27.37, 27.36, 27.35, 27.34, 27.33, 27.27, 27.26, 27.22, 27.05, 26.99, 26.94, 26.91, 26.9, 26.9, 26.91], [27.39, 27.39, 27.39, 27.38, 27.38, 27.38, 27.37, 27.37, 27.38, 27.33, 27.34, 27.31, 27.26, 27.21, 27.03, 26.98, 26.95, 26.94, 26.93, 26.93], [27.39, 27.39, 27.39, 27.39, 27.38, 27.38, 27.39, 27.39, 27.41, 27.39, 27.45, 27.36, 27.29, 27.23, 27.06, 27.02, 26.98, 26.97, 26.96, 26.95], [27.39, 27.39, 27.39, 27.39, 27.39, 27.39, 27.39, 27.4, 27.34, 27.39, 27.42, 27.36, 27.3, 27.24, 27.09, 27.04, 27.01, 26.99, 26.98, 26.97], [27.39, 27.39, 27.39, 27.39, 27.39, 27.39, 27.4, 27.41, 27.32, 27.35, 27.35, 27.33, 27.29, 27.25, 27.1, 27.06, 27.03, 27.01, 27.0, 26.99], [27.39, 27.39, 27.39, 27.39, 27.4, 27.4, 27.4, 27.29, 27.3, 27.32, 27.32, 27.3, 27.27, 27.24, 27.11, 27.07, 27.05, 27.03, 27.01, 27.0]]}]