gis_exercise/awsData/contour/wdir_2023091200.json
[{"header": {"refTime": "2023-09-12T00:00:00.000Z", "nx": 21, "ny": 33, "lo1": 113.509, "la1": 22.2235, "lo2": 113.5947, "la2": 22.1034, "dx": 0.0042850000000001385, "dy": 0.003753125000000024, "parameterCategory": 2, "parameterCategoryName": "Temperature", "parameterNumber": 2}, "data": [-2.02, -2.02, -2.02, -2.19, -2.17, -2.34, -2.3, -2.26, -2.26, -2.23, -2.31, -2.39, -2.43, -2.46, -3.5, -3.62, -3.83, -3.9, -3.95, -3.98, -2.02, -2.02, -2.02, -2.02, -2.17, -2.14, -2.27, -2.18, -2.13, -2.17, -2.31, -2.42, -2.48, -2.51, -3.54, -3.77, -3.88, -3.96, -4.01, -4.04, -2.02, -2.02, -2.02, -2.02, -2.19, -2.16, -2.1, -2.12, -1.88, -2.12, -2.33, -2.49, -2.56, -2.58, -3.65, -3.8, -3.94, -4.05, -4.1, -4.12, -2.02, -2.02, -2.03, -2.03, -2.04, -2.19, -2.14, -2.07, -1.99, -2.2, -2.41, -2.61, -2.7, -2.76, -3.64, -3.86, -4.06, -4.18, -4.23, -4.23, -2.02, -2.02, -2.03, -2.04, -2.05, -2.23, -2.22, -2.19, -2.17, -2.33, -2.49, -2.8, -2.99, -2.8, -3.65, -3.96, -4.24, -4.4, -4.41, -4.35, -2.01, -2.02, -2.03, -2.04, -2.06, -2.1, -2.3, -2.31, -2.31, -2.29, -2.56, -2.69, -2.84, -3.49, -3.69, -4.12, -4.55, -4.74, -4.63, -4.48, -3.08, -2.01, -2.01, -2.03, -2.06, -2.11, -2.32, -2.43, -2.44, -2.41, -2.35, -2.49, -3.42, -3.61, -3.72, -4.28, -5.0, -5.27, -5.44, -5.34, -3.08, -3.04, -2.98, -3.0, -2.98, -2.19, -2.29, -2.46, -2.62, -2.41, -2.32, -2.95, -3.13, -3.83, -4.7, -5.01, -5.37, -5.5, -5.31, -5.18, -3.1, -3.05, -2.97, -2.88, -2.87, -2.88, -3.0, -2.35, -3.13, -2.42, -3.25, -3.71, -4.58, -4.16, -4.79, -4.97, -5.16, -5.25, -5.2, -5.13, -3.99, -3.9, -3.77, -2.85, -2.64, -2.57, -2.94, -3.33, -3.63, -3.49, -3.65, -4.22, -4.98, -4.39, -4.87, -4.93, -5.03, -5.1, -5.1, -5.07, -4.01, -3.93, -3.81, -3.58, -3.11, -1.73, -3.49, -4.42, -4.09, -4.01, -4.92, -4.09, -4.31, -4.22, -4.89, -4.91, -4.97, -5.01, -5.02, -5.02, -4.06, -4.0, -3.91, -3.77, -3.55, -3.44, -4.14, -4.98, -5.32, -5.88, -5.06, -4.97, -4.94, -4.05, -4.87, -4.89, -4.92, -5.38, -5.36, -5.35, -4.12, -4.09, -4.06, -4.04, -4.1, -4.39, -4.86, -5.1, -5.25, -5.0, -5.89, -5.0, -4.94, -4.31, -4.27, -5.27, -5.26, -5.26, -5.26, -5.27, -4.19, -4.18, -4.2, -4.26, -4.42, -4.78, -5.36, -5.05, -5.0, -4.92, -5.87, -5.37, -5.28, -5.19, -4.18, -5.08, -5.1, -5.13, -5.15, -5.18, -4.24, -4.26, -4.3, -4.39, -4.53, -4.76, -4.94, -4.28, -4.0, -3.75, -3.56, -2.93, -5.09, -4.97, -4.89, -4.87, -4.92, -4.98, -5.04, -5.09, -4.29, -4.32, -2.27, -2.37, -2.51, -3.7, -3.64, -3.42, -3.19, -3.05, -2.47, -2.65, -2.86, -3.12, -3.26, -4.24, -4.27, -4.31, -4.25, -4.28, -2.04, -2.06, -2.08, -2.1, -3.19, -3.03, -2.74, -2.36, -2.11, -2.16, -1.99, -2.4, -2.79, -3.15, -3.11, -3.49, -3.39, -3.3, -3.24, -3.19, -1.93, -1.92, -1.89, -1.82, -2.74, -2.4, -1.85, -1.1, -0.71, -0.84, -1.5, -2.16, -2.71, -3.05, -3.7, -3.53, -3.38, -3.28, -3.21, -3.16, -1.83, -1.78, -1.71, -2.67, -2.38, -1.93, -1.2, 0.01, 1.13, -0.23, -0.71, -1.44, -2.24, -2.84, -3.55, -3.44, -3.32, -3.23, -3.17, -3.13, -1.73, -1.67, -1.92, -1.76, -1.52, -1.17, -0.63, 0.13, 0.72, -0.01, -0.77, -1.39, -2.09, -2.54, -3.36, -3.3, -3.22, -3.16, -3.11, -3.08, -2.04, -1.96, -1.86, -1.71, -1.51, -1.24, -0.89, -0.53, -0.2, -0.54, -1.01, -1.44, -2.01, -3.24, -3.22, -3.18, -3.12, -3.08, -3.04, -3.03, -2.01, -1.93, -1.84, -1.72, -1.58, -1.41, -1.23, -0.39, -0.88, -1.08, -1.32, -1.57, -3.42, -3.14, -3.12, -3.08, -3.05, -3.01, -2.98, -2.97, -1.99, -1.93, -1.85, -0.7, -0.71, -0.73, -0.79, -0.89, -1.03, -1.14, -1.14, -1.7, -2.82, -3.07, -3.04, -3.03, -3.05, -2.95, -2.9, -2.91, -0.78, -0.79, -0.81, -0.84, -0.89, -0.97, -1.1, -1.31, -1.58, -1.72, -1.58, -2.65, -2.81, -2.81, -2.82, -2.97, -3.22, -2.77, -2.78, -2.84, -0.84, -0.87, -0.9, -0.95, -1.03, -1.14, -1.32, -1.6, -2.04, -2.41, -1.92, -2.6, -2.63, -2.8, -2.79, -2.77, -2.66, -2.44, -2.7, -2.8, -0.9, -0.93, -0.97, -1.04, -1.12, -1.24, -1.42, -1.68, -2.07, -2.37, -2.56, -2.5, -2.54, -2.78, -2.76, -2.48, -2.47, -2.44, -2.73, -2.8, -0.94, -0.98, -1.03, -1.09, -1.18, -1.29, -1.43, -1.6, -1.78, -1.84, -2.33, -2.33, -2.41, -2.21, -2.32, -2.39, -2.42, -2.43, -2.43, -2.43, -0.98, -1.02, -1.07, -1.13, -1.2, -1.3, -1.4, -1.5, -1.56, -2.07, -1.99, -1.85, -1.91, -1.94, -2.24, -2.32, -2.37, -2.39, -2.4, -2.4, -1.0, -1.04, -1.09, -1.15, -1.21, -1.28, -1.36, -1.41, -1.43, -1.77, -1.45, -1.69, -1.82, -1.89, -2.17, -2.26, -2.31, -2.34, -2.36, -2.37, -1.02, -1.06, -1.1, -1.15, -1.21, -1.27, -1.32, -1.36, -1.8, -1.63, -1.53, -1.67, -1.79, -1.86, -2.12, -2.21, -2.26, -2.3, -2.33, -2.34, -1.04, -1.07, -1.11, -1.15, -1.2, -1.24, -1.29, -1.32, -1.81, -1.72, -1.69, -1.73, -1.8, -1.86, -2.1, -2.17, -2.23, -2.27, -2.3, -2.31, -1.04, -1.08, -1.11, -1.15, -1.19, -1.22, -1.26, -1.88, -1.84, -1.79, -1.77, -1.79, -1.83, -1.87, -2.09, -2.15, -2.2, -2.24, -2.27, -2.29]}, {"header": {"refTime": "2023-09-12T00:00:00.000Z", "nx": 21, "ny": 33, "lo1": 113.509, "la1": 22.2235, "lo2": 113.5947, "la2": 22.1034, "dx": 0.0042850000000001385, "dy": 0.003753125000000024, "parameterCategory": 2, "parameterCategoryName": "Temperature", "parameterNumber": 3}, "data": [-0.03, -0.02, -0.02, 0.04, 0.05, -0.34, -0.31, -0.29, -0.29, -0.29, -0.37, -0.46, -0.72, -0.76, -0.68, -0.67, -0.86, -0.83, -0.81, -0.79, -0.03, -0.03, -0.02, -0.02, 0.04, 0.05, -0.27, -0.21, -0.18, -0.23, -0.37, -0.5, -0.77, -0.82, -0.73, -0.89, -0.85, -0.81, -0.79, -0.77, -0.03, -0.03, -0.03, -0.02, 0.04, 0.05, 0.06, -0.15, 0.05, -0.18, -0.4, -0.59, -0.87, -0.9, -0.96, -0.89, -0.83, -0.79, -0.76, -0.75, -0.04, -0.03, -0.03, -0.03, -0.02, 0.04, 0.05, 0.07, 0.08, -0.25, -0.48, -0.74, -1.04, -0.99, -0.97, -0.87, -0.79, -0.74, -0.72, -0.72, -0.04, -0.04, -0.04, -0.04, -0.03, 0.02, 0.03, 0.04, 0.05, -0.34, -0.54, -1.03, -1.32, -1.06, -0.96, -0.83, -0.73, -0.68, -0.67, -0.68, -0.04, -0.04, -0.04, -0.05, -0.05, -0.05, 0.0, -0.0, 0.01, 0.03, -0.64, -0.88, -1.11, -0.99, -0.91, -0.76, -0.63, -0.58, -0.6, -0.64, 0.25, -0.05, -0.05, -0.05, -0.06, -0.06, -0.07, -0.05, -0.04, -0.11, -0.11, -0.61, -0.79, -0.79, -0.83, -0.69, -0.51, -0.44, -0.45, -0.49, 0.26, 0.25, 0.23, 0.04, 0.03, -0.06, -0.07, -0.11, -0.17, -0.08, 0.04, -0.32, -0.38, -0.62, -0.31, -0.31, -0.31, -0.3, -0.31, -0.31, 0.28, 0.26, 0.24, 0.21, 0.04, 0.03, 0.02, -0.08, 0.02, -0.13, -0.11, -0.21, -0.17, -0.19, -0.29, -0.3, -0.3, -0.3, -0.3, -0.31, 0.48, 0.46, 0.43, 0.23, 0.17, 0.02, 0.05, 0.07, 0.14, 0.15, -0.13, -0.14, -0.1, -0.15, -0.27, -0.29, -0.3, -0.3, -0.3, -0.3, 0.49, 0.47, 0.45, 0.4, 0.29, -0.03, 0.34, 0.48, 0.21, 0.22, 0.22, -0.14, -0.14, -0.15, -0.27, -0.29, -0.29, -0.3, -0.3, -0.3, 0.51, 0.5, 0.48, 0.45, 0.4, 0.37, 0.5, 0.55, 0.54, 0.56, 0.25, -0.02, -0.06, -0.15, -0.28, -0.29, -0.29, -0.09, -0.09, -0.1, 0.52, 0.52, 0.52, 0.53, 0.55, 0.65, 0.78, 0.66, 0.58, 0.59, 0.55, 0.02, -0.03, -0.15, -0.14, -0.05, -0.06, -0.07, -0.07, -0.08, 0.54, 0.55, 0.56, 0.58, 0.65, 0.79, 1.05, 0.78, 0.66, 0.62, 0.58, 0.24, 0.21, 0.19, -0.11, -0.02, -0.03, -0.04, -0.05, -0.06, 0.56, 0.57, 0.58, 0.62, 0.67, 0.75, 0.81, 0.94, 0.89, 0.87, 0.86, 0.51, 0.21, 0.19, 0.18, 0.0, -0.01, -0.02, -0.03, -0.04, 0.57, 0.58, 0.72, 0.75, 0.79, 0.96, 0.95, 0.93, 0.91, 0.89, 0.56, 0.51, 0.44, 0.28, 0.26, 0.48, 0.55, 0.62, 0.59, 0.62, 0.71, 0.73, 0.74, 0.77, 0.94, 0.94, 0.94, 0.93, 0.92, 0.91, 0.58, 0.51, 0.42, 0.33, 0.47, 0.45, 0.56, 0.65, 0.7, 0.74, 0.73, 0.74, 0.76, 0.78, 0.93, 0.94, 0.94, 0.94, 0.94, 0.84, 0.76, 0.52, 0.41, 0.47, 0.18, 0.41, 0.57, 0.67, 0.74, 0.77, 0.74, 0.75, 0.77, 0.93, 0.93, 0.93, 0.94, 0.95, 0.94, 0.86, 0.48, 0.37, 0.74, 0.59, 0.39, 0.51, 0.65, 0.73, 0.79, 0.81, 0.74, 0.76, 0.68, 0.69, 0.7, 0.72, 0.75, 0.81, 0.74, 0.6, 0.45, 0.35, 0.85, 0.79, 0.61, 0.68, 0.77, 0.82, 0.85, 0.86, 0.64, 0.64, 0.64, 0.64, 0.64, 0.65, 0.67, 0.69, 0.53, 0.46, 0.38, 0.31, 0.97, 0.74, 0.78, 0.85, 0.91, 0.93, 0.92, 0.91, 0.61, 0.61, 0.6, 0.59, 0.58, 0.57, 0.56, 0.36, 0.35, 0.31, 0.27, 0.24, 0.64, 0.85, 0.92, 1.01, 1.07, 1.05, 0.99, 0.95, 0.58, 0.57, 0.56, 0.27, 0.27, 0.26, 0.25, 0.22, 0.18, 0.15, 0.15, 0.71, 0.63, 0.93, 1.01, 1.15, 1.3, 1.17, 1.02, 0.96, 0.25, 0.25, 0.24, 0.23, 0.22, 0.2, 0.16, 0.1, 0.02, -0.02, 0.02, 0.4, 0.59, 0.77, 0.95, 1.19, 1.71, 1.07, 0.96, 0.94, 0.23, 0.23, 0.22, 0.2, 0.18, 0.15, 0.1, 0.02, -0.11, -0.22, -0.08, 0.32, 0.56, 0.73, 0.89, 1.0, 0.92, 0.66, 0.88, 0.91, 0.22, 0.21, 0.2, 0.18, 0.15, 0.12, 0.07, -0.01, -0.12, -0.21, 0.07, 0.29, 0.5, 0.69, 0.81, 0.95, 0.89, 0.84, 0.88, 0.9, 0.21, 0.19, 0.18, 0.16, 0.14, 0.11, 0.07, 0.02, -0.04, -0.05, 0.16, 0.29, 0.46, 0.77, 0.84, 0.88, 0.88, 0.87, 0.88, 0.89, 0.2, 0.18, 0.17, 0.15, 0.13, 0.1, 0.08, 0.05, 0.03, 0.17, 0.2, -0.03, -0.04, -0.04, 0.78, 0.83, 0.85, 0.86, 0.87, 0.88, 0.19, 0.18, 0.16, 0.15, 0.13, 0.11, 0.09, 0.07, 0.07, 0.18, 0.07, 0.01, -0.02, -0.03, 0.73, 0.79, 0.82, 0.84, 0.85, 0.86, 0.18, 0.17, 0.16, 0.15, 0.13, 0.11, 0.1, 0.09, -0.02, 0.03, 0.05, 0.02, -0.01, -0.02, 0.7, 0.75, 0.79, 0.82, 0.83, 0.84, 0.18, 0.17, 0.16, 0.15, 0.13, 0.12, 0.11, 0.1, -0.02, 0.0, 0.01, 0.0, -0.01, -0.02, 0.68, 0.73, 0.77, 0.8, 0.81, 0.83, 0.18, 0.17, 0.16, 0.15, 0.14, 0.13, 0.12, -0.04, -0.03, -0.01, -0.01, -0.01, -0.02, -0.02, 0.67, 0.72, 0.75, 0.78, 0.8, 0.81]}, {"header": {"refTime": "2023-09-12T00:00:00.000Z", "nx": 21, "ny": 33, "lo1": 113.509, "la1": 22.2235, "lo2": 113.5947, "la2": 22.1034, "dx": 0.0042850000000001385, "dy": 0.003753125000000024, "parameterCategory": 0, "parameterCategoryName": "Temperature", "parameterNumber": 0}, "data": [[26.29, 26.28, 26.28, 26.02, 26.02, 26.27, 26.27, 26.26, 26.27, 26.19, 26.2, 26.21, 26.41, 26.42, 26.48, 26.49, 26.55, 26.55, 26.55, 26.55], [26.29, 26.29, 26.28, 26.27, 26.03, 26.04, 26.26, 26.25, 26.25, 26.19, 26.2, 26.22, 26.42, 26.43, 26.49, 26.55, 26.55, 26.55, 26.55, 26.55], [26.3, 26.29, 26.28, 26.28, 26.02, 26.04, 26.06, 26.24, 26.21, 26.19, 26.21, 26.24, 26.44, 26.45, 26.55, 26.55, 26.55, 26.55, 26.55, 26.55], [26.3, 26.3, 26.29, 26.28, 26.27, 26.03, 26.05, 26.08, 26.1, 26.18, 26.21, 26.28, 26.48, 26.36, 26.55, 26.55, 26.55, 26.55, 26.55, 26.55], [26.31, 26.3, 26.3, 26.29, 26.28, 26.01, 26.02, 26.03, 26.02, 26.14, 26.19, 26.37, 26.5, 26.39, 26.55, 26.55, 26.56, 26.56, 26.56, 26.56], [26.32, 26.31, 26.31, 26.3, 26.29, 26.27, 26.0, 26.0, 25.98, 25.93, 26.16, 26.3, 26.41, 26.53, 26.54, 26.55, 26.56, 26.57, 26.56, 26.56], [26.38, 26.33, 26.32, 26.32, 26.31, 26.29, 26.1, 26.0, 25.98, 25.93, 25.9, 26.19, 26.49, 26.5, 26.53, 26.55, 26.58, 26.58, 26.6, 26.6], [26.39, 26.39, 26.39, 26.39, 26.38, 26.18, 26.13, 26.08, 26.06, 25.9, 25.73, 26.15, 26.16, 26.5, 26.53, 26.5, 26.55, 26.56, 26.54, 26.52], [26.31, 26.32, 26.41, 26.42, 26.42, 26.4, 26.34, 26.11, 25.94, 25.95, 25.91, 26.03, 26.08, 26.01, 26.52, 26.5, 26.52, 26.53, 26.53, 26.52], [26.6, 26.6, 26.6, 26.37, 26.4, 26.49, 26.43, 26.34, 25.82, 25.84, 26.09, 25.95, 26.0, 25.97, 26.52, 26.49, 26.5, 26.51, 26.51, 26.51], [26.6, 26.6, 26.6, 26.6, 26.6, 26.6, 26.6, 26.6, 26.42, 25.93, 25.6, 25.9, 25.94, 25.94, 26.52, 26.48, 26.49, 26.5, 26.5, 26.5], [26.6, 26.6, 26.6, 26.6, 26.6, 26.6, 26.6, 26.6, 26.6, -999.0, 25.6, 26.4, 26.4, 25.92, 26.52, 26.47, 26.48, 25.92, 25.93, 25.94], [26.6, 26.6, 26.6, 26.6, 26.6, 26.6, 26.6, 26.6, 26.6, 26.6, -999.0, 26.4, 26.4, 25.75, 26.03, 26.16, 26.17, 26.02, 26.05, 26.06], [26.6, 26.6, 26.6, 26.6, 26.6, 26.6, 26.6, 26.6, 26.6, 26.6, -999.0, 25.4, 25.4, 25.4, 25.95, 26.06, 26.08, 25.93, 25.96, 25.99], [26.6, 26.6, 26.6, 26.6, 26.6, 26.6, 26.6, 26.5, 26.5, 26.5, 26.5, 26.08, 25.4, 25.4, 25.4, 25.95, 25.99, 25.85, 25.89, 25.93], [26.6, 26.6, 26.54, 26.54, 26.53, 26.5, 26.5, 26.5, 26.5, 26.5, 25.81, 25.89, 25.78, 25.69, 25.79, 25.8, 25.86, 25.76, 26.01, 26.05], [26.54, 26.54, 26.56, 26.56, 26.5, 26.5, 26.5, 26.5, 26.5, 26.5, 26.03, 25.89, 25.75, 25.61, 25.65, 25.63, 25.71, 25.77, 25.81, 25.84], [26.56, 26.56, 26.56, 26.56, 26.5, 26.5, 26.5, 26.5, 26.5, 26.22, 26.07, 25.91, 25.74, 25.66, 25.44, 25.6, 25.72, 25.79, 25.84, 25.86], [26.56, 26.56, 26.56, 26.5, 26.5, 26.5, 26.5, 26.5, 26.4, 26.29, 26.13, 25.99, 25.9, 25.75, 25.59, 25.67, 25.77, 25.83, 25.87, 25.89], [26.56, 26.56, 26.33, 26.34, 26.35, 26.36, 26.39, 26.45, 26.36, 26.26, 26.14, 26.02, 25.97, 25.89, 25.74, 25.79, 25.85, 25.89, 25.92, 25.93], [26.32, 26.32, 26.33, 26.38, 26.38, 26.39, 26.4, 26.41, 26.26, 26.21, 26.13, 26.04, 26.04, 25.83, 25.86, 25.9, 25.94, 25.96, 25.97, 25.96], [26.36, 26.36, 26.36, 26.37, 26.37, 26.37, 26.37, 26.4, 26.2, 26.17, 26.12, 26.06, 26.01, 25.91, 25.95, 26.0, 26.04, 26.04, 26.02, 26.0], [26.35, 26.35, 26.35, 26.39, 26.39, 26.38, 26.38, 26.37, 26.36, 26.35, 26.35, 26.37, 26.18, 25.96, 26.01, 26.08, 26.15, 26.11, 26.05, 26.02], [26.39, 26.39, 26.39, 26.39, 26.38, 26.37, 26.36, 26.34, 26.32, 26.31, 26.33, 26.35, 26.18, 26.18, 26.19, 26.12, 26.32, 26.1, 26.05, 26.02], [26.39, 26.39, 26.39, 26.38, 26.38, 26.37, 26.35, 26.33, 26.28, 26.25, 26.3, 26.34, 26.38, 26.17, 26.17, 26.17, 26.05, 25.97, 26.02, 26.02], [26.39, 26.39, 26.39, 26.38, 26.37, 26.37, 26.35, 26.33, 26.29, 26.26, 26.31, 26.35, 26.38, 26.17, 26.16, 26.19, 26.14, 26.11, 26.02, 26.01], [26.39, 26.39, 26.39, 26.38, 26.38, 26.37, 26.36, 26.35, 26.34, 26.33, 26.36, 26.38, 26.39, 26.27, 26.24, 26.21, 26.18, 26.16, 26.16, 26.18], [26.39, 26.39, 26.39, 26.38, 26.38, 26.38, 26.37, 26.37, 26.38, 26.4, 26.41, 26.31, 26.26, 26.21, 26.26, 26.23, 26.2, 26.19, 26.19, 26.19], [26.39, 26.39, 26.39, 26.39, 26.38, 26.38, 26.39, 26.39, 26.41, 26.44, 26.45, 26.36, 26.29, 26.23, 26.27, 26.25, 26.23, 26.21, 26.21, 26.21], [26.39, 26.39, 26.39, 26.39, 26.39, 26.39, 26.39, 26.4, 26.34, 26.39, 26.42, 26.36, 26.3, 26.24, 26.29, 26.26, 26.24, 26.23, 26.22, 26.22], [26.39, 26.39, 26.39, 26.39, 26.39, 26.39, 26.4, 26.41, 26.32, 26.35, 26.35, 26.33, 26.29, 26.25, 26.29, 26.27, 26.25, 26.24, 26.23, 26.23], [26.39, 26.39, 26.39, 26.39, 26.4, 26.4, 26.4, 26.29, 26.3, 26.32, 26.32, 26.3, 26.27, 26.24, 26.3, 26.28, 26.26, 26.25, 26.24, 26.24]]}]