gis_exercise/awsData/contour/wdir_2023090109.json
[{"header": {"refTime": "2023-09-01T09:00:00.000Z", "nx": 21, "ny": 33, "lo1": 113.509, "la1": 22.2235, "lo2": 113.5947, "la2": 22.1034, "dx": 0.0042850000000001385, "dy": 0.003753125000000024, "parameterCategory": 2, "parameterCategoryName": "Temperature", "parameterNumber": 2}, "data": [0.59, 0.58, 0.56, 0.82, 0.79, 0.59, 0.56, 0.54, 0.54, 0.93, 1.04, 1.15, 0.98, 1.02, 1.07, 1.09, 1.38, 1.38, 1.37, 1.37, 0.6, 0.59, 0.57, 0.55, 0.78, 0.74, 0.53, 0.47, 0.44, 0.82, 1.02, 1.17, 1.03, 1.07, 1.11, 1.39, 1.38, 1.37, 1.37, 1.36, 0.61, 0.6, 0.58, 0.56, 0.79, 0.74, 0.66, 0.42, 0.23, 0.73, 1.05, 1.24, 1.11, 1.14, 1.41, 1.39, 1.38, 1.37, 1.36, 1.36, 0.63, 0.62, 0.6, 0.58, 0.55, 0.78, 0.71, 0.6, 0.5, 0.89, 1.17, 1.35, 1.24, 1.63, 1.41, 1.39, 1.37, 1.36, 1.36, 1.36, 0.65, 0.64, 0.63, 0.61, 0.59, 0.82, 0.79, 0.77, 0.79, 1.18, 1.35, 1.64, 1.6, 1.62, 1.41, 1.38, 1.36, 1.35, 1.35, 1.35, 0.67, 0.67, 0.66, 0.65, 0.63, 0.6, 0.86, 0.88, 0.96, 1.11, 1.74, 1.66, 1.61, 1.42, 1.39, 1.36, 1.34, 1.34, 1.34, 1.34, 0.74, 0.7, 0.7, 0.69, 0.68, 0.65, 1.14, 0.88, 0.96, 1.47, 1.66, 1.66, 1.34, 1.35, 1.37, 1.35, 1.32, 1.32, 1.33, 1.34, 0.75, 0.76, 0.77, 0.99, 0.97, 1.18, 1.12, 0.95, 0.77, 1.52, 2.0, 1.48, 1.37, 1.31, 1.25, 1.26, 1.28, 1.28, 1.28, 1.27, 0.75, 0.77, 0.78, 0.81, 1.02, 1.0, 0.93, 1.07, 1.11, 1.42, 1.7, 1.47, 1.35, 1.41, 1.25, 1.26, 1.27, 1.27, 1.27, 1.27, 0.94, 0.95, 0.96, 0.83, 0.89, 1.08, 1.03, 0.97, 1.24, 1.36, 1.59, 1.46, 1.35, 1.41, 1.25, 1.25, 1.26, 1.26, 1.26, 1.26, 0.93, 0.94, 0.95, 0.97, 1.03, 1.19, 1.03, 1.01, 1.04, 1.32, 1.54, 1.49, 1.44, 1.44, 1.25, 1.25, 1.26, 1.26, 1.26, 1.26, 0.92, 0.92, 0.93, 0.94, 0.96, 0.98, 0.94, 1.02, 1.08, 1.01, 1.49, 1.22, 1.22, 1.48, 1.25, 1.25, 1.25, 1.32, 1.32, 1.32, 0.91, 0.9, 0.9, 0.89, 0.87, 0.8, 0.72, 0.91, 1.02, 0.97, 0.98, 1.22, 1.22, 1.29, 1.29, 1.32, 1.32, 1.32, 1.32, 1.32, 0.9, 0.89, 0.88, 0.86, 0.81, 0.7, 0.46, 0.75, 0.89, 0.92, 0.95, 1.28, 1.29, 1.3, 1.31, 1.34, 1.34, 1.33, 1.33, 1.33, 0.89, 0.88, 0.86, 0.84, 0.8, 0.73, 0.69, 0.84, 0.95, 1.01, 1.05, 1.4, 1.31, 1.32, 1.33, 1.35, 1.35, 1.34, 1.34, 1.34, 0.88, 0.87, 0.97, 0.95, 0.92, 0.9, 0.91, 0.97, 1.03, 1.07, 1.42, 1.42, 1.42, 1.43, 1.43, 1.87, 1.95, 2.04, 2.12, 2.16, 1.01, 1.0, 1.0, 0.99, 0.99, 1.01, 1.05, 1.11, 1.15, 1.16, 1.45, 1.44, 1.43, 1.43, 1.75, 1.59, 1.64, 1.68, 1.7, 1.71, 1.02, 1.02, 1.03, 1.04, 1.06, 1.1, 1.17, 1.27, 1.32, 1.32, 1.29, 1.45, 1.44, 1.74, 1.48, 1.57, 1.65, 1.69, 1.72, 1.73, 1.04, 1.05, 1.06, 1.08, 1.11, 1.16, 1.25, 1.4, 1.54, 1.4, 1.61, 1.59, 1.96, 1.86, 1.57, 1.63, 1.69, 1.73, 1.75, 1.74, 1.06, 1.06, 1.27, 1.28, 1.31, 1.35, 1.41, 1.48, 1.62, 1.63, 1.62, 1.6, 2.07, 2.07, 1.69, 1.73, 1.77, 1.79, 1.78, 1.77, 1.28, 1.29, 1.3, 1.33, 1.36, 1.39, 1.43, 1.47, 1.64, 1.64, 1.64, 1.63, 2.21, 1.75, 1.79, 1.84, 1.88, 1.87, 1.82, 1.78, 1.3, 1.32, 1.34, 1.36, 1.39, 1.42, 1.46, 1.98, 1.68, 1.67, 1.67, 1.65, 2.42, 1.82, 1.88, 1.97, 2.03, 1.96, 1.85, 1.78, 1.33, 1.34, 1.37, 2.11, 2.1, 2.08, 2.06, 2.05, 2.04, 2.05, 2.08, 2.37, 1.94, 1.85, 1.95, 2.12, 2.34, 2.08, 1.82, 1.75, 2.17, 2.16, 2.16, 2.15, 2.14, 2.12, 2.11, 2.09, 2.07, 2.06, 2.1, 2.75, 1.92, 1.95, 2.02, 2.12, 3.05, 1.77, 1.64, 1.67, 2.19, 2.19, 2.18, 2.18, 2.18, 2.17, 2.15, 2.12, 2.05, 1.99, 2.11, 2.7, 2.92, 1.91, 1.92, 1.9, 1.48, 0.92, 1.45, 1.59, 2.21, 2.21, 2.21, 2.22, 2.22, 2.22, 2.21, 2.18, 2.11, 2.04, 2.48, 2.73, 2.92, 1.87, 1.84, 1.96, 1.69, 1.54, 1.47, 1.57, 2.23, 2.24, 2.24, 2.25, 2.26, 2.27, 2.28, 2.28, 2.28, 2.31, 2.69, 2.82, 2.94, 2.32, 2.17, 2.02, 1.87, 1.78, 1.81, 1.87, 2.25, 2.26, 2.27, 2.28, 2.3, 2.32, 2.35, 2.4, 2.47, 2.84, 2.92, 2.29, 2.04, 1.77, 2.24, 2.11, 2.0, 1.93, 1.92, 1.94, 2.27, 2.28, 2.29, 2.31, 2.34, 2.37, 2.42, 2.49, 2.62, 3.02, 2.96, 2.52, 2.17, 1.89, 2.31, 2.19, 2.09, 2.04, 2.01, 2.01, 2.29, 2.3, 2.32, 2.34, 2.37, 2.4, 2.46, 2.54, 2.43, 2.67, 2.82, 2.52, 2.21, 1.96, 2.36, 2.25, 2.17, 2.11, 2.08, 2.07, 2.3, 2.31, 2.33, 2.36, 2.39, 2.43, 2.48, 2.55, 2.36, 2.48, 2.51, 2.38, 2.18, 1.97, 2.39, 2.3, 2.22, 2.17, 2.14, 2.12, 2.31, 2.33, 2.35, 2.37, 2.4, 2.43, 2.48, 2.2, 2.27, 2.32, 2.32, 2.24, 2.11, 1.96, 2.41, 2.33, 2.26, 2.22, 2.18, 2.16]}, {"header": {"refTime": "2023-09-01T09:00:00.000Z", "nx": 21, "ny": 33, "lo1": 113.509, "la1": 22.2235, "lo2": 113.5947, "la2": 22.1034, "dx": 0.0042850000000001385, "dy": 0.003753125000000024, "parameterCategory": 2, "parameterCategoryName": "Temperature", "parameterNumber": 3}, "data": [-3.14, -3.14, -3.13, -2.7, -2.73, -2.17, -2.24, -2.29, -2.28, -2.14, -1.94, -1.75, -2.08, -2.02, -2.77, -2.95, -3.41, -3.57, -3.69, -3.77, -3.15, -3.14, -3.13, -3.12, -2.72, -2.76, -2.32, -2.46, -2.53, -2.3, -1.95, -1.67, -1.94, -1.9, -2.68, -3.22, -3.47, -3.66, -3.8, -3.87, -3.15, -3.14, -3.13, -3.12, -2.71, -2.75, -2.82, -2.6, -3.04, -2.42, -1.89, -1.49, -1.71, -1.71, -2.86, -3.25, -3.58, -3.82, -3.95, -4.02, -3.16, -3.15, -3.14, -3.12, -3.1, -2.71, -2.77, -2.86, -2.95, -2.23, -1.7, -1.19, -1.29, -1.27, -2.78, -3.35, -3.79, -4.06, -4.18, -4.2, -3.17, -3.16, -3.15, -3.13, -3.1, -2.66, -2.68, -2.71, -2.72, -1.94, -1.51, -1.11, -0.36, -1.12, -2.83, -3.58, -4.14, -4.44, -4.49, -4.42, -3.19, -3.18, -3.17, -3.15, -3.11, -3.06, -2.6, -2.58, -2.56, -2.54, -1.93, -1.53, -1.01, -2.25, -3.12, -3.96, -4.71, -5.02, -4.88, -4.65, -3.09, -3.21, -3.2, -3.18, -3.14, -3.07, -2.72, -2.48, -2.45, -2.67, -2.78, -2.38, -3.21, -3.19, -3.52, -4.36, -5.46, -5.87, -5.55, -5.24, -3.11, -3.12, -3.13, -3.36, -3.33, -2.92, -2.77, -2.56, -2.44, -2.61, -2.5, -4.12, -4.43, -3.96, -5.74, -6.0, -6.31, -6.42, -6.25, -6.14, -3.13, -3.15, -3.17, -3.2, -3.43, -3.38, -3.24, -2.7, -2.55, -2.71, -3.87, -4.56, -5.28, -4.94, -5.77, -5.94, -6.12, -6.2, -6.16, -6.1, -3.51, -3.53, -3.55, -3.27, -3.37, -3.59, -3.45, -3.29, -2.77, -2.72, -4.31, -4.87, -5.49, -5.06, -5.8, -5.89, -5.99, -6.06, -6.06, -6.04, -3.5, -3.51, -3.53, -3.57, -3.66, -3.9, -3.64, -3.57, -3.42, -2.93, -4.27, -4.74, -4.95, -4.89, -5.81, -5.86, -5.93, -5.97, -5.99, -5.99, -3.49, -3.49, -3.51, -3.53, -3.56, -3.59, -3.51, -3.55, -3.6, -4.06, -4.21, -4.95, -5.08, -4.74, -5.8, -5.84, -5.88, -5.9, -5.9, -5.89, -3.47, -3.47, -3.47, -3.46, -3.43, -3.34, -3.23, -3.42, -3.54, -3.5, -4.22, -4.82, -4.94, -5.09, -5.04, -5.72, -5.73, -5.75, -5.77, -5.78, -3.46, -3.45, -3.44, -3.41, -3.35, -3.21, -2.93, -3.26, -3.41, -3.45, -4.12, -4.71, -4.78, -4.8, -4.91, -5.53, -5.56, -5.6, -5.64, -5.67, -3.44, -3.43, -3.42, -3.38, -3.33, -3.25, -3.2, -3.37, -3.5, -3.58, -3.62, -4.08, -4.66, -4.66, -4.65, -5.3, -5.36, -5.44, -5.51, -5.57, -3.44, -3.42, -3.6, -3.57, -3.53, -3.45, -3.47, -3.54, -3.61, -3.66, -4.11, -4.11, -4.12, -4.66, -4.63, -4.79, -4.87, -4.94, -5.1, -5.16, -3.65, -3.65, -3.64, -3.63, -3.57, -3.6, -3.65, -3.73, -3.79, -3.79, -4.15, -4.14, -4.14, -4.14, -4.31, -4.51, -4.63, -4.73, -4.8, -4.85, -3.67, -3.67, -3.68, -3.69, -3.66, -3.72, -3.81, -3.95, -4.02, -4.04, -3.99, -4.17, -4.15, -4.3, -4.18, -4.47, -4.64, -4.76, -4.83, -4.88, -3.69, -3.7, -3.71, -3.68, -3.73, -3.8, -3.93, -4.13, -4.32, -4.14, -4.0, -3.96, -4.42, -4.36, -4.44, -4.57, -4.72, -4.82, -4.88, -4.92, -3.71, -3.72, -3.38, -3.42, -3.49, -3.58, -3.73, -3.94, -4.19, -4.05, -3.94, -3.9, -4.47, -4.45, -4.67, -4.74, -4.84, -4.91, -4.95, -4.98, -3.33, -3.35, -3.37, -3.41, -3.46, -3.53, -3.62, -3.72, -3.95, -3.89, -3.83, -3.81, -4.53, -4.81, -4.84, -4.9, -4.96, -5.01, -5.03, -5.03, -3.32, -3.34, -3.35, -3.38, -3.41, -3.44, -3.48, -3.68, -3.72, -3.68, -3.67, -3.68, -3.98, -4.93, -4.97, -5.03, -5.08, -5.11, -5.1, -5.09, -3.31, -3.32, -3.33, -3.6, -3.59, -3.58, -3.54, -3.5, -3.43, -3.4, -3.41, -3.81, -4.32, -5.01, -5.06, -5.13, -5.18, -5.2, -5.17, -5.14, -3.6, -3.59, -3.58, -3.56, -3.54, -3.5, -3.43, -3.34, -3.21, -3.15, -3.23, -3.54, -4.26, -4.56, -4.82, -5.19, -5.23, -5.28, -5.23, -5.18, -3.58, -3.57, -3.55, -3.53, -3.49, -3.44, -3.36, -3.23, -3.01, -2.83, -3.09, -3.48, -3.73, -4.52, -4.79, -5.02, -5.3, -5.35, -5.25, -5.19, -3.57, -3.55, -3.53, -3.51, -3.47, -3.42, -3.34, -3.22, -3.03, -2.87, -3.21, -3.49, -3.71, -4.48, -4.74, -5.12, -5.2, -5.23, -5.23, -5.19, -3.56, -3.54, -3.52, -3.5, -3.47, -3.42, -3.37, -3.3, -3.22, -3.21, -3.42, -3.57, -3.72, -4.8, -4.93, -5.04, -5.11, -5.14, -5.14, -5.12, -3.55, -3.54, -3.52, -3.5, -3.47, -3.44, -3.41, -3.39, -3.4, -3.54, -3.62, -3.71, -3.81, -3.95, -4.85, -4.95, -5.02, -5.06, -5.07, -5.07, -3.55, -3.53, -3.52, -3.5, -3.49, -3.47, -3.46, -3.47, -3.51, -3.69, -3.79, -3.77, -3.83, -3.93, -4.78, -4.88, -4.95, -4.99, -5.02, -5.02, -3.54, -3.53, -3.52, -3.51, -3.5, -3.49, -3.49, -3.51, -3.69, -3.75, -3.79, -3.79, -3.84, -3.92, -4.72, -4.82, -4.89, -4.94, -4.97, -4.98, -3.54, -3.54, -3.53, -3.52, -3.51, -3.51, -3.52, -3.53, -3.72, -3.75, -3.78, -3.81, -3.85, -3.92, -4.69, -4.78, -4.85, -4.89, -4.93, -4.94, -3.55, -3.54, -3.53, -3.53, -3.52, -3.52, -3.53, -3.72, -3.74, -3.77, -3.79, -3.82, -3.86, -3.92, -4.68, -4.76, -4.81, -4.86, -4.89, -4.91]}, {"header": {"refTime": "2023-09-01T09:00:00.000Z", "nx": 21, "ny": 33, "lo1": 113.509, "la1": 22.2235, "lo2": 113.5947, "la2": 22.1034, "dx": 0.0042850000000001385, "dy": 0.003753125000000024, "parameterCategory": 0, "parameterCategoryName": "Temperature", "parameterNumber": 0}, "data": [[28.39, 28.38, 28.38, 28.14, 28.15, 28.41, 28.41, 28.41, 28.41, 28.35, 28.38, 28.4, 28.68, 28.7, 28.58, 28.57, 28.72, 28.71, 28.7, 28.7], [28.39, 28.39, 28.38, 28.37, 28.15, 28.16, 28.4, 28.38, 28.38, 28.35, 28.38, 28.42, 28.7, 28.72, 28.59, 28.73, 28.72, 28.7, 28.69, 28.69], [28.4, 28.39, 28.38, 28.38, 28.15, 28.16, 28.18, 28.37, 28.32, 28.34, 28.39, 28.45, 28.73, 28.75, 28.76, 28.73, 28.7, 28.69, 28.68, 28.67], [28.4, 28.4, 28.39, 28.38, 28.37, 28.15, 28.17, 28.19, 28.22, 28.34, 28.41, 28.51, 28.79, 28.68, 28.76, 28.72, 28.69, 28.66, 28.65, 28.65], [28.41, 28.4, 28.4, 28.39, 28.38, 28.14, 28.15, 28.15, 28.15, 28.33, 28.4, 28.68, 28.81, 28.71, 28.76, 28.7, 28.65, 28.63, 28.62, 28.63], [28.42, 28.41, 28.41, 28.4, 28.39, 28.37, 28.13, 28.13, 28.11, 28.07, 28.48, 28.62, 28.74, 28.9, 28.75, 28.67, 28.6, 28.57, 28.59, 28.61], [28.48, 28.43, 28.42, 28.42, 28.41, 28.39, 28.22, 28.12, 28.1, 28.15, 28.16, 28.54, 28.9, 28.9, 28.73, 28.64, 28.53, 28.48, 28.49, 28.52], [28.49, 28.49, 28.49, 28.49, 28.48, 28.3, 28.25, 28.2, 28.2, 28.11, 27.96, 28.56, 28.57, 28.9, 28.59, 28.64, 28.53, 28.49, 28.55, 28.6], [28.41, 28.42, 28.51, 28.52, 28.52, 28.5, 28.44, 28.23, 28.07, 28.18, 28.22, 28.38, 28.46, 28.36, 28.6, 28.66, 28.6, 28.57, 28.59, 28.61], [28.7, 28.7, 28.7, 28.47, 28.5, 28.59, 28.53, 28.44, 27.97, 27.99, 28.47, 28.28, 28.34, 28.32, 28.6, 28.68, 28.64, 28.62, 28.62, 28.63], [28.7, 28.7, 28.7, 28.7, 28.7, 28.7, 28.7, 28.7, 28.52, 28.06, 27.8, 28.22, 28.27, 28.27, 28.59, 28.7, 28.67, 28.65, 28.65, 28.65], [28.7, 28.7, 28.7, 28.7, 28.7, 28.7, 28.7, 28.7, 28.7, -999.0, 27.8, 28.9, 28.9, 28.24, 28.59, 28.71, 28.7, 27.72, 27.73, 27.74], [28.7, 28.7, 28.7, 28.7, 28.7, 28.7, 28.7, 28.7, 28.7, 28.7, -999.0, 28.9, 28.9, 27.79, 28.28, 27.96, 27.97, 27.82, 27.85, 27.86], [28.7, 28.7, 28.7, 28.7, 28.7, 28.7, 28.7, 28.7, 28.7, 28.7, -999.0, 27.2, 27.2, 27.2, 28.13, 27.86, 27.88, 27.73, 27.76, 27.79], [28.7, 28.7, 28.7, 28.7, 28.7, 28.7, 28.7, 28.9, 28.9, 28.9, 28.9, 28.25, 27.2, 27.2, 27.2, 27.75, 27.79, 27.65, 27.69, 27.73], [28.7, 28.7, 28.83, 28.83, 28.83, 28.9, 28.9, 28.9, 28.9, 28.9, 27.83, 27.95, 27.79, 27.65, 27.81, 27.53, 27.58, 27.49, 27.76, 27.8], [28.83, 28.83, 28.77, 28.77, 28.9, 28.9, 28.9, 28.9, 28.9, 28.9, 28.17, 27.96, 27.74, 27.53, 27.5, 27.42, 27.5, 27.57, 27.61, 27.64], [28.77, 28.77, 28.78, 28.78, 28.9, 28.9, 28.9, 28.9, 28.9, 28.47, 28.24, 27.98, 27.72, 27.52, 27.24, 27.4, 27.51, 27.58, 27.63, 27.66], [28.78, 28.78, 28.78, 28.9, 28.9, 28.9, 28.9, 28.9, 28.75, 28.57, 28.37, 28.16, 27.83, 27.62, 27.38, 27.47, 27.56, 27.62, 27.66, 27.69], [28.78, 28.78, 28.79, 28.79, 28.8, 28.81, 28.83, 28.87, 28.72, 28.57, 28.4, 28.22, 27.91, 27.77, 27.53, 27.58, 27.64, 27.68, 27.71, 27.72], [28.78, 28.78, 28.78, 28.82, 28.82, 28.83, 28.83, 28.84, 28.59, 28.52, 28.4, 28.27, 27.98, 27.62, 27.65, 27.69, 27.73, 27.75, 27.76, 27.76], [28.81, 28.81, 28.81, 28.81, 28.81, 28.81, 28.82, 28.76, 28.53, 28.49, 28.41, 28.32, 27.98, 27.7, 27.73, 27.78, 27.82, 27.82, 27.81, 27.79], [28.8, 28.8, 28.8, 28.73, 28.73, 28.73, 28.73, 28.73, 28.73, 28.72, 28.72, 28.6, 28.23, 27.75, 27.79, 27.85, 27.91, 27.89, 27.85, 27.82], [28.71, 28.71, 28.71, 28.72, 28.72, 28.72, 28.71, 28.71, 28.71, 28.7, 28.7, 28.5, 28.25, 28.17, 28.1, 27.89, 28.01, 27.91, 27.86, 27.83], [28.71, 28.71, 28.71, 28.71, 28.7, 28.7, 28.7, 28.7, 28.69, 28.7, 28.69, 28.52, 28.46, 28.18, 28.1, 28.04, 27.88, 27.85, 27.85, 27.83], [28.7, 28.7, 28.7, 28.7, 28.69, 28.69, 28.69, 28.68, 28.68, 28.69, 28.58, 28.52, 28.47, 28.19, 28.12, 28.03, 27.99, 27.97, 27.84, 27.83], [28.7, 28.69, 28.69, 28.69, 28.68, 28.68, 28.67, 28.67, 28.66, 28.65, 28.54, 28.51, 28.47, 28.15, 28.1, 28.06, 28.03, 28.01, 28.02, 28.02], [28.69, 28.69, 28.68, 28.68, 28.67, 28.67, 28.66, 28.65, 28.63, 28.53, 28.52, 28.46, 28.41, 28.35, 28.13, 28.09, 28.06, 28.04, 28.04, 28.04], [28.69, 28.68, 28.68, 28.67, 28.67, 28.66, 28.65, 28.63, 28.61, 28.51, 28.49, 28.46, 28.42, 28.37, 28.15, 28.12, 28.09, 28.07, 28.06, 28.06], [28.68, 28.68, 28.68, 28.67, 28.66, 28.65, 28.64, 28.62, 28.47, 28.48, 28.48, 28.45, 28.42, 28.38, 28.17, 28.14, 28.11, 28.09, 28.08, 28.08], [28.68, 28.68, 28.67, 28.67, 28.66, 28.65, 28.64, 28.62, 28.46, 28.46, 28.46, 28.44, 28.41, 28.38, 28.18, 28.15, 28.13, 28.11, 28.1, 28.09], [28.68, 28.67, 28.67, 28.66, 28.66, 28.65, 28.64, 28.44, 28.45, 28.44, 28.44, 28.42, 28.4, 28.38, 28.19, 28.16, 28.14, 28.12, 28.11, 28.1]]}]