gis_exercise/awsData/contour/wdir_2023083104.json
[{"header": {"refTime": "2023-08-31T04:00:00.000Z", "nx": 21, "ny": 33, "lo1": 113.509, "la1": 22.2235, "lo2": 113.5947, "la2": 22.1034, "dx": 0.0042850000000001385, "dy": 0.003753125000000024, "parameterCategory": 2, "parameterCategoryName": "Temperature", "parameterNumber": 2}, "data": [0.46, 0.46, 0.47, 0.78, 0.77, 0.54, 0.55, 0.56, 0.57, 0.84, 0.85, 0.87, 0.72, 0.72, 0.33, 0.29, 0.33, 0.31, 0.29, 0.27, 0.45, 0.46, 0.46, 0.47, 0.77, 0.76, 0.55, 0.57, 0.59, 0.81, 0.84, 0.86, 0.72, 0.72, 0.32, 0.36, 0.32, 0.28, 0.26, 0.25, 0.45, 0.45, 0.46, 0.46, 0.76, 0.76, 0.74, 0.58, 0.63, 0.79, 0.85, 0.86, 0.71, 0.72, 0.41, 0.35, 0.29, 0.25, 0.22, 0.22, 0.45, 0.45, 0.45, 0.45, 0.46, 0.75, 0.74, 0.73, 0.72, 0.84, 0.87, 0.85, 0.7, 0.91, 0.41, 0.32, 0.24, 0.19, 0.17, 0.17, 0.44, 0.44, 0.44, 0.44, 0.45, 0.75, 0.74, 0.75, 0.77, 0.93, 0.93, 0.89, 0.74, 0.87, 0.41, 0.28, 0.17, 0.11, 0.1, 0.12, 0.44, 0.44, 0.44, 0.43, 0.43, 0.43, 0.72, 0.73, 0.78, 0.89, 1.11, 0.97, 0.85, 0.72, 0.39, 0.22, 0.04, -0.03, 0.01, 0.07, 0.21, 0.43, 0.43, 0.43, 0.42, 0.41, 0.64, 0.64, 0.68, 1.02, 1.19, 1.1, 0.78, 0.75, 0.38, 0.15, -0.14, -0.25, -0.13, -0.03, 0.21, 0.21, 0.22, 0.34, 0.34, 0.63, 0.61, 0.51, 0.43, 1.06, 1.44, 1.07, 0.98, 0.77, 0.39, 0.16, -0.12, -0.22, -0.07, 0.03, 0.21, 0.21, 0.22, 0.24, 0.36, 0.35, 0.33, 0.59, 0.61, 0.98, 1.19, 0.99, 0.83, 0.91, 0.43, 0.24, 0.07, -0.01, 0.02, 0.08, 0.23, 0.24, 0.25, 0.25, 0.28, 0.38, 0.36, 0.33, 0.65, 0.76, 1.07, 0.94, 0.8, 0.89, 0.44, 0.31, 0.19, 0.13, 0.12, 0.13, 0.22, 0.23, 0.24, 0.26, 0.31, 0.44, 0.29, 0.25, 0.32, 0.66, 0.82, 0.97, 0.92, 0.93, 0.44, 0.35, 0.27, 0.21, 0.19, 0.19, 0.21, 0.22, 0.22, 0.24, 0.26, 0.27, 0.22, 0.24, 0.26, 0.27, 0.75, 0.62, 0.64, 0.97, 0.43, 0.37, 0.31, 0.12, 0.1, 0.09, 0.21, 0.21, 0.21, 0.2, 0.19, 0.14, 0.08, 0.17, 0.23, 0.22, 0.27, 0.6, 0.63, 0.66, 0.66, 0.23, 0.19, 0.16, 0.14, 0.13, 0.2, 0.19, 0.19, 0.17, 0.14, 0.07, -0.08, 0.09, 0.17, 0.19, 0.25, 0.44, 0.45, 0.46, 0.63, 0.25, 0.23, 0.2, 0.18, 0.16, 0.19, 0.19, 0.18, 0.16, 0.13, 0.09, 0.06, 0.19, 0.26, 0.31, 0.34, 0.52, 0.44, 0.45, 0.45, 0.28, 0.26, 0.23, 0.21, 0.19, 0.19, 0.18, 0.33, 0.32, 0.3, 0.25, 0.26, 0.3, 0.35, 0.38, 0.56, 0.54, 0.52, 0.56, 0.54, 0.66, 0.7, 0.75, 0.5, 0.5, 0.37, 0.36, 0.36, 0.36, 0.32, 0.34, 0.38, 0.43, 0.47, 0.47, 0.6, 0.56, 0.52, 0.49, 0.6, 0.3, 0.25, 0.22, 0.19, 0.16, 0.38, 0.38, 0.39, 0.4, 0.38, 0.42, 0.49, 0.58, 0.63, 0.6, 0.53, 0.58, 0.53, 0.6, 0.45, 0.32, 0.26, 0.21, 0.18, 0.15, 0.4, 0.4, 0.41, 0.4, 0.43, 0.48, 0.57, 0.71, 0.83, 0.67, 0.63, 0.56, 0.76, 0.67, 0.33, 0.29, 0.24, 0.2, 0.17, 0.14, 0.41, 0.42, 0.36, 0.38, 0.42, 0.47, 0.55, 0.66, 0.78, 0.7, 0.61, 0.56, 0.82, 0.78, 0.26, 0.24, 0.21, 0.18, 0.15, 0.12, 0.34, 0.35, 0.37, 0.39, 0.42, 0.46, 0.51, 0.56, 0.66, 0.62, 0.57, 0.53, 0.88, 0.22, 0.22, 0.22, 0.2, 0.17, 0.13, 0.09, 0.35, 0.36, 0.37, 0.39, 0.41, 0.43, 0.46, 0.24, 0.56, 0.54, 0.52, 0.5, 0.7, 0.19, 0.2, 0.23, 0.23, 0.17, 0.1, 0.06, 0.35, 0.35, 0.37, 0.04, 0.06, 0.09, 0.1, 0.11, 0.11, 0.09, 0.05, 0.75, 0.09, 0.16, 0.19, 0.26, 0.38, 0.19, 0.03, 0.0, -0.04, -0.03, -0.02, -0.01, -0.0, 0.01, 0.02, 0.03, 0.04, 0.03, -0.01, 0.1, 0.08, 0.08, 0.1, 0.23, 0.83, -0.08, -0.13, -0.08, -0.07, -0.07, -0.07, -0.07, -0.07, -0.07, -0.06, -0.04, 0.02, 0.08, -0.05, 0.03, 0.12, 0.05, 0.04, 0.0, -0.28, -0.7, -0.27, -0.14, -0.11, -0.11, -0.11, -0.12, -0.13, -0.14, -0.14, -0.12, -0.06, 0.01, -0.07, -0.09, 0.0, 0.02, -0.02, -0.34, -0.43, -0.51, -0.24, -0.15, -0.14, -0.15, -0.16, -0.17, -0.19, -0.21, -0.23, -0.25, -0.26, -0.31, -0.3, -0.27, -0.15, -0.58, -0.48, -0.43, -0.44, -0.46, -0.45, -0.43, -0.17, -0.18, -0.2, -0.22, -0.25, -0.28, -0.33, -0.4, -0.5, -0.6, -0.68, -1.01, -1.01, -1.05, -0.57, -0.5, -0.47, -0.46, -0.45, -0.44, -0.19, -0.21, -0.23, -0.26, -0.3, -0.35, -0.41, -0.52, -0.69, -0.93, -1.34, -1.16, -1.08, -1.07, -0.63, -0.56, -0.52, -0.49, -0.48, -0.46, -0.21, -0.23, -0.26, -0.29, -0.33, -0.39, -0.47, -0.58, -1.05, -1.19, -1.28, -1.18, -1.11, -1.09, -0.68, -0.6, -0.55, -0.52, -0.5, -0.48, -0.23, -0.26, -0.28, -0.32, -0.36, -0.42, -0.49, -0.59, -1.05, -1.13, -1.16, -1.14, -1.11, -1.09, -0.7, -0.63, -0.58, -0.55, -0.52, -0.51, -0.25, -0.27, -0.3, -0.33, -0.38, -0.43, -0.49, -1.0, -1.04, -1.08, -1.1, -1.1, -1.09, -1.09, -0.71, -0.65, -0.61, -0.57, -0.54, -0.52]}, {"header": {"refTime": "2023-08-31T04:00:00.000Z", "nx": 21, "ny": 33, "lo1": 113.509, "la1": 22.2235, "lo2": 113.5947, "la2": 22.1034, "dx": 0.0042850000000001385, "dy": 0.003753125000000024, "parameterCategory": 2, "parameterCategoryName": "Temperature", "parameterNumber": 3}, "data": [-2.16, -2.13, -2.1, -1.77, -1.75, -1.47, -1.47, -1.46, -1.46, -1.64, -1.65, -1.66, -1.88, -1.91, -2.89, -3.07, -3.75, -3.87, -3.97, -4.03, -2.18, -2.15, -2.11, -2.07, -1.75, -1.73, -1.47, -1.47, -1.46, -1.61, -1.64, -1.66, -1.86, -1.89, -2.89, -3.62, -3.81, -3.96, -4.06, -4.12, -2.2, -2.18, -2.14, -2.09, -1.76, -1.73, -1.69, -1.47, -1.46, -1.59, -1.64, -1.65, -1.84, -1.88, -3.35, -3.65, -3.91, -4.09, -4.2, -4.24, -2.24, -2.21, -2.18, -2.13, -2.07, -1.75, -1.72, -1.67, -1.62, -1.64, -1.67, -1.63, -1.77, -2.05, -3.3, -3.73, -4.08, -4.29, -4.39, -4.4, -2.28, -2.26, -2.23, -2.19, -2.12, -1.77, -1.76, -1.74, -1.76, -1.74, -1.72, -1.97, -1.63, -1.98, -3.33, -3.91, -4.37, -4.62, -4.65, -4.58, -2.32, -2.31, -2.29, -2.26, -2.2, -2.12, -1.78, -1.79, -1.83, -1.92, -2.35, -2.17, -1.93, -2.78, -3.51, -4.21, -4.85, -5.12, -4.98, -4.78, -3.21, -2.38, -2.38, -2.36, -2.31, -2.22, -2.34, -1.78, -1.83, -2.36, -2.55, -2.55, -3.26, -3.31, -3.75, -4.51, -5.5, -5.86, -5.66, -5.4, -3.25, -3.24, -3.22, -2.83, -2.79, -2.59, -2.39, -2.06, -1.79, -2.35, -2.54, -3.6, -3.81, -3.79, -5.24, -5.61, -6.05, -6.22, -5.98, -5.81, -3.29, -3.29, -3.29, -3.28, -2.93, -2.87, -2.68, -2.29, -2.07, -2.36, -3.6, -4.09, -4.75, -4.44, -5.26, -5.51, -5.78, -5.89, -5.84, -5.75, -3.71, -3.71, -3.7, -3.38, -3.4, -3.16, -2.95, -2.71, -2.3, -2.33, -3.96, -4.43, -5.0, -4.58, -5.29, -5.44, -5.59, -5.69, -5.7, -5.67, -3.72, -3.72, -3.72, -3.71, -3.7, -3.67, -3.64, -3.53, -2.8, -2.47, -3.92, -4.32, -4.5, -4.44, -5.3, -5.39, -5.49, -5.56, -5.59, -5.59, -3.73, -3.73, -3.73, -3.74, -3.74, -3.73, -3.68, -3.42, -3.27, -3.92, -3.81, -4.27, -4.41, -4.31, -5.29, -5.36, -5.43, -5.65, -5.66, -5.65, -3.73, -3.74, -3.75, -3.77, -3.8, -3.86, -3.92, -3.58, -3.38, -3.49, -4.19, -4.13, -4.26, -4.57, -4.53, -5.45, -5.47, -5.5, -5.52, -5.54, -3.74, -3.75, -3.77, -3.79, -3.84, -3.96, -4.24, -3.83, -3.62, -3.58, -4.17, -4.21, -4.31, -4.36, -4.44, -5.26, -5.3, -5.35, -5.39, -5.43, -3.75, -3.76, -3.77, -3.8, -3.84, -3.91, -3.94, -3.7, -3.55, -3.47, -3.43, -3.34, -4.22, -4.25, -4.26, -5.05, -5.12, -5.19, -5.26, -5.32, -3.75, -3.76, -3.77, -3.79, -3.81, -3.65, -3.64, -3.57, -3.49, -3.43, -3.29, -3.37, -3.47, -4.15, -4.16, -4.76, -4.87, -4.98, -5.26, -5.35, -3.72, -3.73, -3.73, -3.73, -3.55, -3.53, -3.49, -3.43, -3.37, -3.36, -3.29, -3.4, -3.53, -3.67, -4.11, -4.59, -4.81, -4.98, -5.1, -5.18, -3.7, -3.7, -3.69, -3.68, -3.48, -3.44, -3.37, -3.28, -3.22, -3.46, -3.58, -3.41, -3.56, -4.08, -4.0, -4.52, -4.83, -5.03, -5.16, -5.24, -3.68, -3.67, -3.66, -3.46, -3.43, -3.38, -3.29, -3.15, -3.08, -3.34, -3.19, -3.31, -4.1, -4.15, -4.48, -4.7, -4.96, -5.14, -5.25, -5.31, -3.66, -3.65, -3.33, -3.31, -3.28, -3.24, -3.18, -3.1, -3.02, -3.07, -3.16, -3.26, -4.17, -4.27, -4.88, -5.01, -5.17, -5.29, -5.37, -5.41, -3.32, -3.31, -3.29, -3.26, -3.23, -3.19, -3.15, -3.11, -3.03, -3.07, -3.12, -3.2, -4.27, -5.13, -5.19, -5.3, -5.41, -5.48, -5.5, -5.51, -3.29, -3.27, -3.25, -3.22, -3.19, -3.15, -3.11, -2.47, -3.01, -3.03, -3.07, -3.13, -4.24, -5.33, -5.42, -5.54, -5.64, -5.66, -5.64, -5.6, -3.26, -3.24, -3.22, -2.3, -2.32, -2.34, -2.36, -2.38, -2.39, -2.37, -2.34, -3.65, -4.77, -5.48, -5.59, -5.73, -5.86, -5.83, -5.75, -5.68, -2.22, -2.23, -2.24, -2.25, -2.26, -2.28, -2.3, -2.33, -2.36, -2.36, -2.31, -3.05, -4.69, -5.07, -5.41, -5.83, -6.07, -5.92, -5.81, -5.73, -2.19, -2.2, -2.2, -2.21, -2.21, -2.22, -2.24, -2.28, -2.37, -2.46, -2.3, -2.9, -3.19, -5.02, -5.36, -5.64, -5.89, -5.87, -5.81, -5.74, -2.17, -2.16, -2.16, -2.16, -2.16, -2.16, -2.17, -2.2, -2.3, -2.39, -2.59, -2.73, -3.0, -4.96, -5.28, -5.24, -5.47, -5.52, -5.78, -5.73, -2.14, -2.13, -2.12, -2.11, -2.1, -2.09, -2.08, -2.07, -2.08, -2.04, -2.36, -2.49, -2.77, -4.18, -4.62, -4.96, -5.18, -5.26, -5.25, -5.2, -2.11, -2.1, -2.09, -2.07, -2.05, -2.02, -1.98, -1.92, -1.82, -1.99, -1.91, -2.11, -2.46, -2.83, -4.33, -4.67, -4.9, -5.02, -5.06, -5.05, -2.09, -2.07, -2.06, -2.03, -2.0, -1.96, -1.9, -1.8, -1.63, -1.59, -1.19, -1.8, -2.27, -2.67, -4.08, -4.42, -4.66, -4.8, -4.88, -4.9, -2.07, -2.05, -2.03, -2.0, -1.96, -1.91, -1.84, -1.73, -1.92, -1.59, -1.39, -1.79, -2.22, -2.57, -3.9, -4.23, -4.46, -4.62, -4.71, -4.76, -2.05, -2.03, -2.01, -1.98, -1.94, -1.88, -1.82, -1.72, -2.01, -1.85, -1.81, -1.99, -2.27, -2.55, -3.8, -4.09, -4.31, -4.47, -4.58, -4.64, -2.03, -2.01, -1.99, -1.96, -1.92, -1.87, -1.81, -2.23, -2.13, -2.06, -2.07, -2.18, -2.36, -2.57, -3.75, -4.01, -4.2, -4.35, -4.46, -4.54]}, {"header": {"refTime": "2023-08-31T04:00:00.000Z", "nx": 21, "ny": 33, "lo1": 113.509, "la1": 22.2235, "lo2": 113.5947, "la2": 22.1034, "dx": 0.0042850000000001385, "dy": 0.003753125000000024, "parameterCategory": 0, "parameterCategoryName": "Temperature", "parameterNumber": 0}, "data": [[27.2, 27.19, 27.19, 27.01, 27.02, 27.26, 27.26, 27.27, 27.27, 27.23, 27.25, 27.27, 27.47, 27.49, 27.44, 27.43, 27.5, 27.5, 27.49, 27.48], [27.2, 27.2, 27.19, 27.19, 27.02, 27.04, 27.25, 27.25, 27.25, 27.23, 27.25, 27.28, 27.49, 27.5, 27.45, 27.51, 27.5, 27.49, 27.48, 27.48], [27.2, 27.2, 27.19, 27.19, 27.02, 27.03, 27.06, 27.24, 27.21, 27.22, 27.26, 27.31, 27.52, 27.53, 27.54, 27.51, 27.49, 27.48, 27.47, 27.47], [27.2, 27.2, 27.2, 27.19, 27.19, 27.02, 27.04, 27.07, 27.1, 27.22, 27.27, 27.36, 27.57, 27.46, 27.54, 27.51, 27.48, 27.46, 27.46, 27.46], [27.21, 27.2, 27.2, 27.19, 27.19, 27.0, 27.01, 27.02, 27.02, 27.2, 27.26, 27.47, 27.6, 27.49, 27.54, 27.49, 27.46, 27.44, 27.44, 27.44], [27.21, 27.21, 27.2, 27.2, 27.19, 27.18, 26.99, 26.98, 26.97, 26.94, 27.26, 27.4, 27.51, 27.63, 27.52, 27.47, 27.42, 27.4, 27.41, 27.43], [27.22, 27.21, 27.21, 27.21, 27.2, 27.18, 27.02, 26.97, 26.95, 26.96, 26.96, 27.29, 27.59, 27.6, 27.5, 27.45, 27.38, 27.35, 27.37, 27.4], [27.23, 27.23, 27.23, 27.23, 27.22, 27.08, 27.05, 27.0, 27.0, 26.93, 26.82, 27.25, 27.26, 27.6, 27.37, 27.4, 27.35, 27.34, 27.36, 27.38], [27.17, 27.18, 27.25, 27.25, 27.26, 27.24, 27.19, 27.03, 26.9, 26.98, 27.01, 27.13, 27.18, 27.11, 27.38, 27.4, 27.38, 27.37, 27.37, 27.38], [27.4, 27.4, 27.4, 27.21, 27.24, 27.31, 27.26, 27.19, 26.83, 26.85, 27.19, 27.05, 27.1, 27.07, 27.38, 27.41, 27.4, 27.39, 27.39, 27.39], [27.4, 27.4, 27.4, 27.4, 27.4, 27.4, 27.4, 27.4, 27.26, 26.9, 26.7, 27.0, 27.04, 27.04, 27.38, 27.42, 27.41, 27.4, 27.4, 27.4], [27.4, 27.4, 27.4, 27.4, 27.4, 27.4, 27.4, 27.4, 27.4, -999.0, 26.7, 27.5, 27.5, 27.02, 27.38, 27.43, 27.42, 26.45, 26.47, 26.47], [27.4, 27.4, 27.4, 27.4, 27.4, 27.4, 27.4, 27.4, 27.4, 27.4, -999.0, 27.5, 27.5, 26.39, 26.88, 26.75, 26.77, 26.58, 26.61, 26.62], [27.4, 27.4, 27.4, 27.4, 27.4, 27.4, 27.4, 27.4, 27.4, 27.4, -999.0, 25.8, 25.8, 25.8, 26.73, 26.63, 26.65, 26.46, 26.5, 26.54], [27.4, 27.4, 27.4, 27.4, 27.4, 27.4, 27.4, 27.4, 27.4, 27.4, 27.4, 26.79, 25.8, 25.8, 25.8, 26.49, 26.53, 26.36, 26.41, 26.46], [27.4, 27.4, 27.4, 27.4, 27.4, 27.4, 27.4, 27.4, 27.4, 27.4, 26.39, 26.51, 26.35, 26.22, 26.37, 26.35, 26.43, 26.29, 26.6, 26.65], [27.4, 27.4, 27.4, 27.4, 27.4, 27.4, 27.4, 27.4, 27.4, 27.4, 26.71, 26.51, 26.3, 26.11, 26.16, 26.15, 26.27, 26.36, 26.43, 26.48], [27.4, 27.4, 27.4, 27.4, 27.4, 27.4, 27.4, 27.4, 27.4, 26.99, 26.78, 26.54, 26.29, 26.17, 25.85, 26.11, 26.28, 26.39, 26.46, 26.51], [27.4, 27.4, 27.4, 27.4, 27.4, 27.4, 27.4, 27.4, 27.26, 27.09, 26.96, 26.76, 26.51, 26.29, 26.08, 26.21, 26.36, 26.45, 26.52, 26.55], [27.4, 27.4, 27.46, 27.45, 27.45, 27.45, 27.44, 27.42, 27.26, 27.14, 26.99, 26.82, 26.61, 26.49, 26.31, 26.39, 26.48, 26.55, 26.58, 26.6], [27.46, 27.46, 27.46, 27.44, 27.44, 27.44, 27.43, 27.43, 27.18, 27.11, 27.01, 26.89, 26.71, 26.46, 26.49, 26.55, 26.62, 26.65, 26.66, 26.66], [27.45, 27.45, 27.45, 27.44, 27.44, 27.44, 27.44, 27.49, 27.16, 27.12, 27.05, 26.96, 26.83, 26.57, 26.63, 26.7, 26.76, 26.76, 26.74, 26.71], [27.45, 27.45, 27.45, 27.51, 27.51, 27.51, 27.5, 27.5, 27.5, 27.51, 27.51, 27.42, 27.17, 26.65, 26.72, 26.82, 26.91, 26.87, 26.79, 26.75], [27.52, 27.52, 27.52, 27.52, 27.52, 27.52, 27.52, 27.52, 27.51, 27.52, 27.52, 27.5, 27.18, 27.12, 27.08, 26.87, 27.11, 26.88, 26.81, 26.76], [27.53, 27.53, 27.53, 27.53, 27.53, 27.53, 27.53, 27.52, 27.52, 27.51, 27.53, 27.51, 27.5, 27.12, 27.07, 27.02, 26.83, 26.75, 26.78, 26.76], [27.53, 27.53, 27.53, 27.53, 27.53, 27.54, 27.54, 27.53, 27.53, 27.52, 27.53, 27.53, 27.51, 27.12, 27.07, 27.05, 26.98, 26.95, 26.77, 26.75], [27.53, 27.54, 27.54, 27.54, 27.54, 27.54, 27.55, 27.55, 27.55, 27.56, 27.55, 27.55, 27.53, 27.22, 27.15, 27.09, 27.04, 27.02, 27.02, 27.04], [27.54, 27.54, 27.54, 27.55, 27.55, 27.55, 27.56, 27.57, 27.58, 27.59, 27.6, 27.48, 27.4, 27.32, 27.19, 27.13, 27.09, 27.07, 27.06, 27.07], [27.54, 27.54, 27.55, 27.55, 27.55, 27.56, 27.57, 27.58, 27.6, 27.63, 27.64, 27.53, 27.44, 27.35, 27.22, 27.17, 27.13, 27.11, 27.1, 27.09], [27.54, 27.55, 27.55, 27.55, 27.56, 27.57, 27.58, 27.59, 27.52, 27.57, 27.6, 27.53, 27.44, 27.37, 27.25, 27.2, 27.16, 27.14, 27.12, 27.12], [27.55, 27.55, 27.55, 27.56, 27.56, 27.57, 27.58, 27.59, 27.5, 27.52, 27.53, 27.49, 27.43, 27.37, 27.27, 27.22, 27.19, 27.16, 27.15, 27.14], [27.55, 27.55, 27.56, 27.56, 27.56, 27.57, 27.58, 27.45, 27.47, 27.48, 27.48, 27.45, 27.41, 27.37, 27.27, 27.24, 27.2, 27.18, 27.17, 27.15]]}]