gis_exercise/awsData/contour/wdir_2023090701.json
[{"header": {"refTime": "2023-09-07T01:00:00.000Z", "nx": 21, "ny": 33, "lo1": 113.509, "la1": 22.2235, "lo2": 113.5947, "la2": 22.1034, "dx": 0.0042850000000001385, "dy": 0.003753125000000024, "parameterCategory": 2, "parameterCategoryName": "Temperature", "parameterNumber": 2}, "data": [0.85, 0.85, 0.85, 0.54, 0.55, 0.35, 0.36, 0.38, 0.36, 0.07, -0.04, -0.15, -0.37, -0.43, -0.39, -0.41, -0.81, -0.8, -0.79, -0.78, 0.86, 0.85, 0.85, 0.84, 0.55, 0.56, 0.4, 0.44, 0.46, 0.17, -0.03, -0.19, -0.43, -0.49, -0.44, -0.83, -0.81, -0.79, -0.78, -0.77, 0.86, 0.86, 0.85, 0.85, 0.55, 0.56, 0.58, 0.5, 0.66, 0.24, -0.07, -0.29, -0.53, -0.57, -0.86, -0.83, -0.8, -0.78, -0.77, -0.76, 0.86, 0.86, 0.86, 0.85, 0.85, 0.56, 0.58, 0.6, 0.62, 0.12, -0.18, -0.44, -0.7, -0.86, -0.87, -0.82, -0.78, -0.76, -0.74, -0.74, 0.87, 0.87, 0.86, 0.86, 0.86, 0.56, 0.56, 0.57, 0.55, -0.08, -0.31, -0.88, -1.01, -0.89, -0.86, -0.8, -0.75, -0.72, -0.72, -0.72, 0.87, 0.87, 0.87, 0.87, 0.87, 0.87, 0.57, 0.56, 0.52, 0.42, -0.68, -0.81, -0.92, -0.88, -0.84, -0.76, -0.7, -0.67, -0.68, -0.7, 1.03, 0.88, 0.88, 0.88, 0.88, 0.88, 0.64, 0.62, 0.58, 0.06, -0.14, -0.69, -0.8, -0.79, -0.81, -0.73, -0.63, -0.59, -0.59, -0.61, 1.03, 1.02, 1.02, 0.77, 0.77, 0.67, 0.67, 0.72, 0.7, 0.06, -0.2, -0.57, -0.61, -0.71, -0.56, -0.54, -0.53, -0.53, -0.53, -0.54, 1.03, 1.03, 1.02, 1.01, 0.78, 0.78, 0.78, 0.68, 0.51, 0.07, -0.42, -0.5, -0.47, -0.48, -0.54, -0.54, -0.54, -0.53, -0.54, -0.54, 0.84, 0.85, 0.85, 1.02, 1.0, 0.81, 0.77, 0.72, 0.38, 0.31, -0.44, -0.45, -0.43, -0.46, -0.53, -0.54, -0.54, -0.54, -0.54, -0.54, 0.85, 0.85, 0.86, 0.87, 0.88, 0.94, 0.82, 0.69, 0.57, 0.3, -0.13, -0.45, -0.45, -0.46, -0.53, -0.54, -0.54, -0.54, -0.54, -0.54, 0.85, 0.86, 0.86, 0.87, 0.89, 0.89, 0.82, 0.59, 0.46, 0.34, -0.08, -0.3, -0.34, -0.46, -0.53, -0.54, -0.54, -0.41, -0.41, -0.41, 0.85, 0.86, 0.87, 0.88, 0.9, 0.93, 0.94, 0.69, 0.55, 0.63, 0.33, -0.26, -0.3, -0.47, -0.47, -0.39, -0.39, -0.4, -0.4, -0.4, 0.85, 0.86, 0.87, 0.89, 0.91, 0.98, 1.14, 0.87, 0.73, 0.7, 0.39, -0.12, -0.15, -0.18, -0.45, -0.38, -0.38, -0.39, -0.39, -0.4, 0.85, 0.86, 0.87, 0.89, 0.91, 0.94, 0.96, 0.69, 0.58, 0.51, 0.48, -0.04, -0.16, -0.19, -0.2, -0.37, -0.37, -0.38, -0.38, -0.39, 0.85, 0.86, 0.79, 0.8, 0.81, 0.64, 0.63, 0.57, 0.5, 0.46, -0.03, -0.07, -0.1, -0.26, -0.27, -0.18, -0.15, -0.13, -0.15, -0.14, 0.75, 0.75, 0.75, 0.75, 0.55, 0.53, 0.49, 0.43, 0.39, 0.38, -0.05, -0.09, -0.13, -0.19, -0.19, -0.02, 0.07, 0.15, 0.21, 0.25, 0.73, 0.72, 0.71, 0.69, 0.48, 0.44, 0.37, 0.28, 0.23, 0.16, 0.15, -0.1, -0.15, -0.19, -0.29, -0.06, 0.08, 0.17, 0.23, 0.27, 0.7, 0.69, 0.67, 0.46, 0.43, 0.38, 0.29, 0.15, 0.01, 0.1, -0.13, -0.16, -0.1, -0.15, -0.08, 0.02, 0.14, 0.22, 0.28, 0.31, 0.68, 0.67, 0.37, 0.35, 0.32, 0.27, 0.2, 0.12, -0.07, -0.1, -0.12, -0.15, -0.06, -0.08, 0.11, 0.16, 0.24, 0.29, 0.33, 0.35, 0.36, 0.35, 0.33, 0.31, 0.28, 0.24, 0.2, 0.15, -0.09, -0.11, -0.12, -0.14, -0.02, 0.22, 0.24, 0.29, 0.34, 0.37, 0.39, 0.4, 0.34, 0.33, 0.31, 0.28, 0.25, 0.22, 0.19, -0.1, -0.11, -0.11, -0.12, -0.14, 0.01, 0.31, 0.34, 0.39, 0.43, 0.45, 0.45, 0.44, 0.32, 0.3, 0.28, -0.12, -0.12, -0.11, -0.11, -0.11, -0.11, -0.11, -0.11, 0.07, 0.37, 0.37, 0.42, 0.46, 0.5, 0.52, 0.51, 0.49, -0.13, -0.13, -0.12, -0.12, -0.12, -0.12, -0.12, -0.12, -0.11, -0.11, -0.12, -0.0, 0.35, 0.43, 0.5, 0.51, 0.51, 0.6, 0.56, 0.52, -0.13, -0.13, -0.13, -0.13, -0.13, -0.13, -0.13, -0.12, -0.11, -0.1, -0.12, -0.02, 0.02, 0.42, 0.5, 0.56, 0.62, 0.69, 0.59, 0.54, -0.13, -0.13, -0.13, -0.13, -0.13, -0.13, -0.13, -0.13, -0.12, -0.11, -0.07, -0.05, -0.0, 0.42, 0.49, 0.52, 0.58, 0.6, 0.57, 0.53, -0.14, -0.14, -0.14, -0.14, -0.14, -0.14, -0.14, -0.14, -0.14, -0.15, -0.09, -0.07, -0.03, 0.32, 0.4, 0.47, 0.52, 0.54, 0.53, 0.52, -0.14, -0.14, -0.14, -0.14, -0.15, -0.15, -0.15, -0.16, -0.17, -0.14, -0.15, -0.05, 0.02, 0.11, 0.35, 0.42, 0.46, 0.49, 0.49, 0.49, -0.14, -0.14, -0.14, -0.15, -0.15, -0.16, -0.16, -0.17, -0.19, -0.18, -0.21, -0.1, -0.01, 0.08, 0.31, 0.37, 0.41, 0.44, 0.46, 0.46, -0.14, -0.15, -0.15, -0.15, -0.15, -0.16, -0.17, -0.18, -0.09, -0.15, -0.18, -0.1, -0.02, 0.06, 0.27, 0.33, 0.38, 0.41, 0.42, 0.43, -0.15, -0.15, -0.15, -0.15, -0.16, -0.16, -0.17, -0.18, -0.07, -0.1, -0.1, -0.06, -0.01, 0.05, 0.25, 0.31, 0.35, 0.38, 0.4, 0.41, -0.15, -0.15, -0.15, -0.16, -0.16, -0.16, -0.17, -0.03, -0.05, -0.06, -0.05, -0.03, 0.01, 0.06, 0.25, 0.29, 0.33, 0.36, 0.38, 0.39]}, {"header": {"refTime": "2023-09-07T01:00:00.000Z", "nx": 21, "ny": 33, "lo1": 113.509, "la1": 22.2235, "lo2": 113.5947, "la2": 22.1034, "dx": 0.0042850000000001385, "dy": 0.003753125000000024, "parameterCategory": 2, "parameterCategoryName": "Temperature", "parameterNumber": 3}, "data": [0.55, 0.55, 0.56, 0.72, 0.72, 0.68, 0.69, 0.69, 0.7, 0.87, 0.89, 0.92, 1.2, 1.23, 1.26, 1.32, 1.78, 1.81, 1.83, 1.84, 0.55, 0.55, 0.55, 0.56, 0.72, 0.72, 0.68, 0.69, 0.7, 0.84, 0.89, 0.92, 1.2, 1.23, 1.27, 1.75, 1.79, 1.82, 1.85, 1.86, 0.55, 0.55, 0.55, 0.55, 0.71, 0.71, 0.71, 0.69, 0.69, 0.82, 0.89, 0.93, 1.2, 1.24, 1.68, 1.75, 1.81, 1.85, 1.87, 1.88, 0.54, 0.54, 0.55, 0.55, 0.55, 0.71, 0.71, 0.71, 0.71, 0.86, 0.92, 0.96, 1.19, 1.33, 1.66, 1.76, 1.84, 1.88, 1.9, 1.91, 0.54, 0.54, 0.54, 0.54, 0.54, 0.7, 0.7, 0.7, 0.72, 0.92, 0.96, 1.28, 1.13, 1.3, 1.67, 1.8, 1.89, 1.94, 1.95, 1.94, 0.54, 0.54, 0.54, 0.53, 0.53, 0.53, 0.68, 0.68, 0.71, 0.77, 1.41, 1.37, 1.28, 1.43, 1.74, 1.87, 1.98, 2.02, 2.0, 1.97, 0.63, 0.54, 0.53, 0.53, 0.52, 0.51, 0.62, 0.62, 0.64, 1.11, 1.3, 1.57, 1.66, 1.6, 1.83, 1.94, 2.08, 2.14, 1.93, 1.84, 0.63, 0.63, 0.62, 0.57, 0.57, 0.62, 0.6, 0.54, 0.56, 1.09, 1.24, 1.85, 1.93, 1.69, 1.98, 2.05, 2.14, 2.17, 2.12, 2.09, 0.64, 0.63, 0.63, 0.62, 0.58, 0.57, 0.55, 0.59, 0.66, 1.12, 1.56, 1.71, 1.66, 1.69, 1.94, 2.01, 2.07, 2.1, 2.09, 2.07, 0.78, 0.78, 0.77, 0.63, 0.62, 0.58, 0.59, 0.59, 0.75, 0.81, 1.6, 1.62, 1.58, 1.64, 1.91, 1.98, 2.02, 2.05, 2.06, 2.05, 0.79, 0.78, 0.77, 0.75, 0.7, 0.58, 0.73, 0.8, 0.67, 0.82, 1.18, 1.62, 1.62, 1.64, 1.91, 1.96, 2.0, 2.02, 2.03, 2.03, 0.79, 0.79, 0.78, 0.77, 0.75, 0.74, 0.79, 0.84, 0.85, 1.02, 1.14, 1.51, 1.55, 1.64, 1.92, 1.95, 1.98, 1.67, 1.68, 1.69, 0.8, 0.8, 0.8, 0.8, 0.8, 0.84, 0.89, 0.87, 0.86, 0.85, 1.07, 1.46, 1.51, 1.58, 1.57, 1.56, 1.58, 1.61, 1.62, 1.63, 0.81, 0.81, 0.81, 0.82, 0.84, 0.89, 0.97, 0.89, 0.87, 0.85, 1.06, 1.11, 1.13, 1.14, 1.5, 1.49, 1.52, 1.54, 1.57, 1.59, 0.81, 0.81, 0.82, 0.83, 0.85, 0.88, 0.9, 0.79, 0.75, 0.71, 0.69, 0.71, 1.11, 1.12, 1.12, 1.42, 1.45, 1.49, 1.52, 1.54, 0.82, 0.82, 0.61, 0.62, 0.64, 0.73, 0.72, 0.69, 0.66, 0.63, 0.65, 0.7, 0.76, 0.93, 0.96, 1.15, 1.16, 1.16, 1.38, 1.4, 0.58, 0.59, 0.59, 0.59, 0.66, 0.64, 0.61, 0.56, 0.53, 0.54, 0.6, 0.68, 0.78, 0.87, 0.95, 1.11, 1.13, 1.14, 1.15, 1.16, 0.57, 0.57, 0.56, 0.55, 0.61, 0.57, 0.51, 0.42, 0.37, 0.47, 0.58, 0.66, 0.78, 0.94, 1.04, 1.1, 1.13, 1.14, 1.16, 1.16, 0.56, 0.55, 0.54, 0.6, 0.57, 0.51, 0.43, 0.29, 0.18, 0.38, 0.59, 0.72, 0.8, 0.9, 1.1, 1.12, 1.14, 1.15, 1.16, 1.17, 0.54, 0.53, 0.72, 0.7, 0.66, 0.6, 0.51, 0.38, 0.32, 0.47, 0.62, 0.73, 0.78, 0.86, 1.13, 1.14, 1.15, 1.16, 1.17, 1.18, 0.75, 0.74, 0.73, 0.71, 0.68, 0.64, 0.59, 0.53, 0.52, 0.59, 0.69, 0.76, 0.77, 1.15, 1.15, 1.16, 1.17, 1.18, 1.18, 1.19, 0.76, 0.75, 0.74, 0.73, 0.72, 0.7, 0.68, 0.51, 0.69, 0.73, 0.78, 0.81, 1.15, 1.17, 1.17, 1.18, 1.18, 1.19, 1.19, 1.2, 0.77, 0.77, 0.76, 0.54, 0.55, 0.56, 0.59, 0.63, 0.67, 0.7, 0.68, 0.89, 1.25, 1.18, 1.18, 1.19, 1.19, 1.2, 1.21, 1.21, 0.53, 0.54, 0.55, 0.56, 0.58, 0.61, 0.66, 0.73, 0.82, 0.86, 0.8, 0.96, 1.26, 1.25, 1.24, 1.2, 1.16, 1.23, 1.22, 1.22, 0.54, 0.54, 0.56, 0.57, 0.6, 0.64, 0.7, 0.79, 0.96, 1.1, 0.9, 0.94, 0.91, 1.25, 1.24, 1.24, 1.24, 1.28, 1.24, 1.22, 0.54, 0.55, 0.56, 0.58, 0.6, 0.64, 0.7, 0.79, 0.94, 1.07, 0.98, 0.88, 0.86, 1.25, 1.25, 1.07, 1.13, 1.15, 1.23, 1.22, 0.54, 0.55, 0.56, 0.58, 0.6, 0.63, 0.66, 0.71, 0.76, 0.77, 0.81, 0.77, 0.78, 0.84, 0.93, 1.01, 1.06, 1.09, 1.08, 1.07, 0.54, 0.55, 0.56, 0.57, 0.58, 0.6, 0.61, 0.62, 0.6, 0.63, 0.56, 0.65, 0.74, 0.83, 0.87, 0.95, 1.0, 1.03, 1.04, 1.03, 0.54, 0.55, 0.55, 0.56, 0.57, 0.57, 0.57, 0.54, 0.48, 0.42, 0.27, 0.51, 0.67, 0.77, 0.82, 0.89, 0.95, 0.98, 1.0, 1.0, 0.54, 0.54, 0.55, 0.55, 0.55, 0.55, 0.53, 0.5, 0.59, 0.44, 0.35, 0.5, 0.64, 0.74, 0.78, 0.85, 0.9, 0.94, 0.96, 0.97, 0.53, 0.54, 0.54, 0.54, 0.54, 0.53, 0.51, 0.48, 0.61, 0.53, 0.51, 0.57, 0.65, 0.74, 0.76, 0.82, 0.87, 0.9, 0.93, 0.94, 0.53, 0.53, 0.53, 0.53, 0.53, 0.52, 0.5, 0.69, 0.65, 0.61, 0.6, 0.63, 0.69, 0.74, 0.75, 0.8, 0.85, 0.88, 0.9, 0.92]}, {"header": {"refTime": "2023-09-07T01:00:00.000Z", "nx": 21, "ny": 33, "lo1": 113.509, "la1": 22.2235, "lo2": 113.5947, "la2": 22.1034, "dx": 0.0042850000000001385, "dy": 0.003753125000000024, "parameterCategory": 0, "parameterCategoryName": "Temperature", "parameterNumber": 0}, "data": [[28.45, 28.44, 28.44, 28.22, 28.22, 28.47, 28.45, 28.43, 28.42, 28.21, 28.23, 28.24, 28.4, 28.41, 28.46, 28.46, 28.46, 28.45, 28.45, 28.44], [28.45, 28.45, 28.44, 28.43, 28.23, 28.22, 28.43, 28.39, 28.36, 28.21, 28.23, 28.26, 28.42, 28.43, 28.48, 28.47, 28.46, 28.45, 28.45, 28.44], [28.46, 28.45, 28.45, 28.44, 28.23, 28.23, 28.22, 28.36, 28.24, 28.21, 28.24, 28.29, 28.45, 28.45, 28.49, 28.47, 28.46, 28.45, 28.44, 28.44], [28.46, 28.46, 28.46, 28.45, 28.44, 28.24, 28.23, 28.22, 28.21, 28.2, 28.25, 28.34, 28.51, 28.37, 28.49, 28.47, 28.45, 28.44, 28.44, 28.44], [28.46, 28.46, 28.46, 28.46, 28.46, 28.26, 28.26, 28.25, 28.22, 28.17, 28.23, 28.39, 28.57, 28.41, 28.49, 28.46, 28.44, 28.43, 28.43, 28.43], [28.47, 28.47, 28.47, 28.48, 28.48, 28.49, 28.3, 28.3, 28.26, 28.17, 28.14, 28.3, 28.44, 28.53, 28.47, 28.44, 28.43, 28.42, 28.42, 28.43], [28.58, 28.47, 28.48, 28.48, 28.5, 28.52, 28.4, 28.4, 28.37, 28.13, 27.99, 28.13, 28.42, 28.44, 28.44, 28.43, 28.41, 28.41, 28.46, 28.47], [28.57, 28.57, 28.57, 28.57, 28.58, 28.38, 28.42, 28.52, 28.63, 28.09, 27.77, 28.02, 28.02, 28.45, 28.33, 28.3, 28.35, 28.36, 28.34, 28.32], [28.63, 28.62, 28.55, 28.55, 28.54, 28.56, 28.61, 28.44, 28.42, 28.16, 27.83, 27.92, 27.96, 27.9, 28.32, 28.3, 28.32, 28.33, 28.33, 28.32], [28.4, 28.4, 28.4, 28.59, 28.56, 28.49, 28.54, 28.61, 28.12, 28.18, 27.96, 27.86, 27.9, 27.88, 28.32, 28.29, 28.3, 28.31, 28.31, 28.31], [28.4, 28.4, 28.4, 28.4, 28.4, 28.4, 28.4, 28.4, 28.54, 28.39, 27.6, 27.83, 27.86, 27.86, 28.32, 28.28, 28.29, 28.3, 28.3, 28.3], [28.4, 28.4, 28.4, 28.4, 28.4, 28.4, 28.4, 28.4, 28.4, -999.0, 27.6, 28.2, 28.2, 27.84, 28.32, 28.27, 28.28, 27.55, 27.57, 27.57], [28.4, 28.4, 28.4, 28.4, 28.4, 28.4, 28.4, 28.4, 28.4, 28.4, -999.0, 28.2, 28.2, 27.35, 27.72, 27.85, 27.87, 27.68, 27.71, 27.72], [28.4, 28.4, 28.4, 28.4, 28.4, 28.4, 28.4, 28.4, 28.4, 28.4, -999.0, 26.9, 26.9, 26.9, 27.61, 27.73, 27.75, 27.56, 27.6, 27.64], [28.4, 28.4, 28.4, 28.4, 28.4, 28.4, 28.4, 27.8, 27.8, 27.8, 27.8, 27.45, 26.9, 26.9, 26.9, 27.59, 27.63, 27.46, 27.51, 27.56], [28.4, 28.4, 28.02, 28.02, 28.0, 27.8, 27.8, 27.8, 27.8, 27.8, 27.23, 27.3, 27.21, 27.14, 27.22, 27.19, 27.24, 27.16, 27.51, 27.55], [28.01, 28.01, 28.19, 28.18, 27.8, 27.8, 27.8, 27.8, 27.8, 27.8, 27.41, 27.3, 27.18, 27.08, 27.1, 26.98, 27.01, 27.03, 27.05, 27.06], [28.19, 28.18, 28.17, 28.15, 27.8, 27.8, 27.8, 27.8, 27.8, 27.57, 27.45, 27.32, 27.18, 27.1, 26.93, 26.97, 27.02, 27.04, 27.06, 27.06], [28.17, 28.16, 28.15, 27.8, 27.8, 27.8, 27.8, 27.8, 27.72, 27.62, 27.47, 27.35, 27.29, 27.17, 26.97, 27.0, 27.04, 27.06, 27.07, 27.07], [28.17, 28.16, 27.57, 27.58, 27.6, 27.62, 27.65, 27.73, 27.67, 27.58, 27.47, 27.37, 27.35, 27.28, 27.03, 27.05, 27.07, 27.08, 27.09, 27.09], [27.56, 27.56, 27.57, 27.63, 27.64, 27.65, 27.67, 27.69, 27.57, 27.52, 27.45, 27.38, 27.4, 27.06, 27.08, 27.1, 27.11, 27.12, 27.11, 27.1], [27.61, 27.62, 27.62, 27.62, 27.62, 27.63, 27.63, 27.66, 27.5, 27.47, 27.43, 27.39, 27.32, 27.09, 27.12, 27.15, 27.17, 27.15, 27.12, 27.1], [27.61, 27.61, 27.61, 27.65, 27.65, 27.65, 27.64, 27.62, 27.61, 27.6, 27.61, 27.6, 27.26, 27.11, 27.14, 27.19, 27.26, 27.19, 27.13, 27.1], [27.66, 27.66, 27.65, 27.65, 27.64, 27.63, 27.61, 27.59, 27.56, 27.55, 27.57, 27.57, 27.26, 27.25, 27.24, 27.2, 27.44, 27.12, 27.09, 27.09], [27.66, 27.65, 27.65, 27.64, 27.63, 27.62, 27.6, 27.57, 27.51, 27.47, 27.54, 27.57, 27.6, 27.24, 27.22, 27.19, 27.05, 26.91, 27.04, 27.07], [27.65, 27.65, 27.65, 27.64, 27.63, 27.62, 27.6, 27.57, 27.52, 27.48, 27.54, 27.59, 27.61, 27.23, 27.2, 27.23, 27.15, 27.1, 27.04, 27.06], [27.65, 27.65, 27.65, 27.64, 27.64, 27.63, 27.61, 27.6, 27.58, 27.58, 27.6, 27.62, 27.63, 27.38, 27.32, 27.26, 27.21, 27.18, 27.19, 27.21], [27.65, 27.65, 27.65, 27.64, 27.64, 27.64, 27.63, 27.63, 27.64, 27.65, 27.67, 27.5, 27.42, 27.33, 27.35, 27.3, 27.26, 27.23, 27.23, 27.23], [27.65, 27.65, 27.65, 27.65, 27.65, 27.65, 27.65, 27.65, 27.68, 27.72, 27.72, 27.58, 27.46, 27.37, 27.38, 27.33, 27.29, 27.27, 27.26, 27.26], [27.66, 27.65, 27.65, 27.65, 27.65, 27.65, 27.66, 27.67, 27.55, 27.63, 27.67, 27.58, 27.48, 27.39, 27.41, 27.36, 27.33, 27.3, 27.29, 27.28], [27.66, 27.66, 27.66, 27.66, 27.66, 27.66, 27.67, 27.68, 27.53, 27.57, 27.57, 27.53, 27.46, 27.4, 27.42, 27.38, 27.35, 27.33, 27.31, 27.3], [27.66, 27.66, 27.66, 27.66, 27.66, 27.66, 27.67, 27.48, 27.5, 27.51, 27.51, 27.49, 27.44, 27.39, 27.43, 27.39, 27.36, 27.34, 27.33, 27.32]]}]