gis_exercise/awsData/contour/wdir_2023090805.json
[{"header": {"refTime": "2023-09-08T05:00:00.000Z", "nx": 21, "ny": 33, "lo1": 113.509, "la1": 22.2235, "lo2": 113.5947, "la2": 22.1034, "dx": 0.0042850000000001385, "dy": 0.003753125000000024, "parameterCategory": 2, "parameterCategoryName": "Temperature", "parameterNumber": 2}, "data": [-1.86, -1.89, -1.92, -2.35, -2.34, -3.02, -2.97, -2.93, -2.93, -2.76, -2.87, -2.98, -3.81, -3.89, -4.95, -5.13, -5.93, -6.02, -6.08, -6.12, -1.84, -1.87, -1.9, -1.94, -2.35, -2.34, -2.91, -2.81, -2.75, -2.69, -2.87, -3.05, -3.88, -3.97, -5.02, -5.85, -5.98, -6.09, -6.16, -6.2, -1.82, -1.85, -1.88, -1.93, -2.36, -2.35, -2.33, -2.71, -2.39, -2.63, -2.92, -3.17, -4.01, -4.07, -5.67, -5.88, -6.06, -6.19, -6.27, -6.29, -1.79, -1.82, -1.85, -1.9, -1.96, -2.36, -2.35, -2.33, -2.31, -2.7, -3.01, -3.39, -4.21, -4.08, -5.65, -5.94, -6.19, -6.35, -6.42, -6.42, -1.75, -1.77, -1.81, -1.85, -1.92, -2.39, -2.39, -2.37, -2.34, -2.77, -3.07, -4.08, -4.41, -4.16, -5.67, -6.07, -6.42, -6.6, -6.62, -6.56, -1.7, -1.72, -1.74, -1.79, -1.86, -1.97, -2.44, -2.44, -2.4, -2.3, -3.53, -3.92, -4.22, -5.39, -5.75, -6.28, -6.79, -7.0, -6.89, -6.72, -2.48, -1.65, -1.66, -1.69, -1.76, -1.89, -1.95, -2.57, -2.54, -2.74, -2.72, -3.7, -5.52, -5.66, -5.86, -6.49, -7.31, -7.61, -7.67, -7.52, -2.46, -2.4, -2.34, -2.6, -2.59, -1.61, -1.89, -2.36, -2.98, -2.62, -2.14, -4.63, -5.12, -5.99, -7.07, -7.39, -7.76, -7.9, -7.7, -7.56, -2.45, -2.38, -2.28, -2.16, -2.34, -2.4, -2.7, -2.03, -3.26, -2.82, -4.24, -5.36, -6.53, -5.97, -7.14, -7.33, -7.54, -7.63, -7.59, -7.51, -3.39, -3.27, -3.1, -2.04, -1.73, -1.78, -2.42, -3.13, -3.79, -3.56, -4.96, -5.87, -6.88, -6.17, -7.21, -7.29, -7.4, -7.47, -7.48, -7.45, -3.42, -3.31, -3.14, -2.83, -2.18, -0.26, -2.74, -4.1, -4.12, -4.19, -5.72, -5.66, -6.0, -5.9, -7.22, -7.26, -7.33, -7.38, -7.39, -7.39, -3.48, -3.4, -3.27, -3.08, -2.76, -2.61, -3.62, -4.95, -5.51, -6.57, -5.85, -6.75, -6.82, -5.66, -7.21, -7.24, -7.28, -6.81, -6.8, -6.77, -3.56, -3.52, -3.47, -3.44, -3.49, -3.86, -4.49, -5.02, -5.35, -4.93, -6.66, -6.68, -6.72, -5.68, -5.56, -6.48, -6.48, -6.5, -6.53, -6.55, -3.65, -3.64, -3.66, -3.72, -3.91, -4.35, -4.98, -4.8, -4.86, -4.77, -6.57, -6.04, -5.9, -5.75, -5.19, -6.03, -6.09, -6.16, -6.24, -6.31, -3.73, -3.75, -3.79, -3.89, -4.07, -4.35, -4.58, -4.82, -4.74, -4.63, -4.52, -3.67, -5.49, -5.28, -5.14, -5.51, -5.65, -5.81, -5.96, -6.08, -3.79, -3.83, -2.44, -2.55, -2.71, -4.45, -4.42, -4.33, -4.22, -4.17, -3.46, -3.4, -3.34, -3.66, -3.64, -4.05, -4.15, -4.25, -4.34, -4.45, -2.3, -2.34, -2.4, -2.46, -4.18, -4.08, -3.91, -3.69, -3.56, -3.61, -3.11, -3.17, -3.17, -3.11, -2.74, -2.8, -2.76, -2.73, -2.7, -2.68, -2.28, -2.31, -2.34, -2.36, -3.92, -3.71, -3.38, -2.93, -2.71, -2.35, -2.57, -2.99, -3.05, -2.72, -2.9, -2.82, -2.76, -2.72, -2.69, -2.67, -2.26, -2.27, -2.28, -3.88, -3.71, -3.44, -2.99, -2.26, -1.48, -2.06, -2.13, -2.37, -2.49, -2.67, -2.83, -2.79, -2.74, -2.7, -2.67, -2.66, -2.24, -2.24, -3.15, -3.07, -2.94, -2.75, -2.46, -2.06, -1.62, -1.9, -2.18, -2.39, -2.45, -2.59, -2.76, -2.73, -2.7, -2.68, -2.65, -2.64, -3.21, -3.17, -3.11, -3.03, -2.93, -2.78, -2.59, -2.4, -2.02, -2.15, -2.32, -2.45, -2.44, -2.71, -2.7, -2.69, -2.67, -2.65, -2.63, -2.62, -3.19, -3.15, -3.1, -3.04, -2.96, -2.86, -2.76, -2.1, -2.34, -2.42, -2.5, -2.56, -3.19, -2.67, -2.67, -2.66, -2.66, -2.63, -2.6, -2.59, -3.18, -3.14, -3.1, -2.18, -2.19, -2.22, -2.26, -2.33, -2.41, -2.46, -2.44, -2.75, -2.91, -2.65, -2.64, -2.66, -2.69, -2.62, -2.56, -2.56, -2.18, -2.19, -2.2, -2.23, -2.26, -2.32, -2.4, -2.53, -2.7, -2.78, -2.67, -2.98, -2.93, -2.82, -2.74, -2.63, -2.85, -2.5, -2.49, -2.52, -2.2, -2.21, -2.23, -2.26, -2.31, -2.38, -2.49, -2.67, -2.97, -3.21, -2.86, -2.96, -2.89, -2.82, -2.72, -2.63, -2.42, -2.25, -2.43, -2.49, -2.21, -2.23, -2.25, -2.28, -2.33, -2.4, -2.5, -2.67, -2.94, -3.16, -3.03, -2.87, -2.82, -2.83, -2.72, -2.34, -2.32, -2.29, -2.45, -2.49, -2.22, -2.24, -2.26, -2.29, -2.33, -2.38, -2.46, -2.55, -2.65, -2.66, -2.75, -2.69, -2.7, -2.2, -2.26, -2.29, -2.3, -2.3, -2.3, -2.31, -2.22, -2.24, -2.26, -2.28, -2.31, -2.35, -2.38, -2.4, -2.38, -2.47, -2.37, -2.26, -2.29, -2.28, -2.21, -2.25, -2.27, -2.28, -2.29, -2.29, -2.23, -2.24, -2.26, -2.27, -2.29, -2.31, -2.31, -2.29, -2.2, -2.15, -1.85, -2.09, -2.2, -2.24, -2.17, -2.22, -2.25, -2.26, -2.27, -2.28, -2.22, -2.24, -2.25, -2.26, -2.27, -2.27, -2.26, -2.22, -2.21, -2.03, -1.92, -2.06, -2.17, -2.22, -2.14, -2.19, -2.22, -2.24, -2.25, -2.26, -2.22, -2.23, -2.24, -2.24, -2.25, -2.24, -2.23, -2.19, -2.21, -2.12, -2.08, -2.12, -2.18, -2.21, -2.13, -2.17, -2.2, -2.22, -2.24, -2.25, -2.22, -2.22, -2.23, -2.23, -2.23, -2.22, -2.21, -2.29, -2.24, -2.19, -2.16, -2.17, -2.2, -2.22, -2.12, -2.16, -2.19, -2.21, -2.22, -2.24]}, {"header": {"refTime": "2023-09-08T05:00:00.000Z", "nx": 21, "ny": 33, "lo1": 113.509, "la1": 22.2235, "lo2": 113.5947, "la2": 22.1034, "dx": 0.0042850000000001385, "dy": 0.003753125000000024, "parameterCategory": 2, "parameterCategoryName": "Temperature", "parameterNumber": 3}, "data": [1.14, 1.1, 1.05, 0.85, 0.8, 0.84, 0.75, 0.67, 0.65, 0.78, 0.96, 1.14, 1.53, 1.64, 2.46, 2.63, 3.65, 3.73, 3.78, 3.82, 1.17, 1.13, 1.08, 1.01, 0.8, 0.71, 0.68, 0.5, 0.39, 0.62, 0.94, 1.19, 1.62, 1.72, 2.54, 3.57, 3.69, 3.78, 3.85, 3.88, 1.21, 1.17, 1.12, 1.06, 0.84, 0.74, 0.58, 0.36, -0.15, 0.49, 0.99, 1.32, 1.76, 1.84, 3.41, 3.6, 3.75, 3.87, 3.93, 3.96, 1.25, 1.22, 1.18, 1.13, 1.04, 0.82, 0.7, 0.48, 0.27, 0.71, 1.18, 1.55, 1.97, 2.4, 3.39, 3.65, 3.87, 4.0, 4.06, 4.06, 1.3, 1.29, 1.26, 1.22, 1.16, 0.95, 0.9, 0.83, 0.8, 1.08, 1.41, 2.38, 2.38, 2.41, 3.41, 3.76, 4.06, 4.21, 4.23, 4.19, 1.36, 1.36, 1.35, 1.33, 1.29, 1.25, 1.11, 1.14, 1.18, 1.23, 2.33, 2.39, 2.41, 2.72, 3.5, 3.94, 4.37, 4.55, 4.45, 4.31, 2.62, 1.43, 1.44, 1.44, 1.43, 1.42, 1.94, 1.39, 1.46, 2.04, 2.12, 2.44, 2.86, 2.86, 3.62, 4.13, 4.8, 5.05, 4.71, 4.48, 2.64, 2.62, 2.6, 2.67, 2.64, 2.02, 1.96, 1.86, 1.83, 2.0, 1.98, 2.76, 2.9, 2.97, 3.92, 4.35, 4.89, 5.09, 4.8, 4.6, 2.66, 2.65, 2.63, 2.59, 2.66, 2.63, 2.58, 1.93, 2.23, 2.06, 2.56, 2.86, 3.08, 2.97, 3.85, 4.2, 4.54, 4.68, 4.62, 4.52, 3.4, 3.36, 3.31, 2.63, 2.58, 2.63, 2.71, 2.78, 2.64, 2.56, 2.73, 2.92, 3.12, 2.99, 3.81, 4.07, 4.29, 4.42, 4.44, 4.41, 3.41, 3.37, 3.32, 3.23, 3.03, 2.45, 3.2, 3.62, 3.26, 2.95, 3.24, 2.88, 2.95, 2.94, 3.81, 3.99, 4.15, 4.26, 4.31, 4.31, 3.43, 3.4, 3.36, 3.3, 3.21, 3.16, 3.47, 3.88, 4.06, 4.05, 3.39, 3.56, 3.5, 2.89, 3.83, 3.95, 4.07, 3.7, 3.73, 3.74, 3.45, 3.44, 3.42, 3.41, 3.43, 3.53, 3.72, 3.9, 4.01, 3.87, 3.96, 3.62, 3.56, 2.64, 2.59, 3.33, 3.4, 3.46, 3.52, 3.55, 3.47, 3.47, 3.48, 3.49, 3.55, 3.68, 3.86, 3.82, 3.85, 3.82, 3.96, 3.14, 2.98, 2.85, 2.42, 3.07, 3.15, 3.23, 3.31, 3.38, 3.5, 3.5, 3.52, 3.55, 3.6, 3.68, 3.75, 3.59, 3.52, 3.44, 3.38, 2.43, 2.78, 2.62, 2.52, 2.77, 2.89, 3.01, 3.12, 3.21, 3.52, 3.53, 2.75, 2.79, 2.84, 3.38, 3.36, 3.29, 3.22, 3.18, 2.36, 2.24, 2.09, 1.76, 1.73, 1.99, 2.08, 2.16, 2.81, 2.92, 2.67, 2.68, 2.69, 2.7, 3.21, 3.15, 3.05, 2.92, 2.84, 2.87, 2.17, 2.08, 1.94, 1.75, 1.49, 1.59, 1.69, 1.77, 1.82, 1.86, 2.64, 2.64, 2.63, 2.61, 3.05, 2.94, 2.74, 2.48, 2.35, 1.93, 1.94, 1.98, 1.84, 1.49, 1.33, 1.56, 1.7, 1.79, 1.85, 1.89, 2.61, 2.6, 2.57, 3.03, 2.93, 2.77, 2.52, 2.09, 1.59, 1.8, 1.05, 1.01, 1.62, 1.56, 1.54, 1.64, 1.76, 1.85, 1.89, 1.92, 2.58, 2.56, 1.72, 1.7, 1.66, 1.61, 1.56, 1.51, 1.23, 1.09, 0.98, 0.94, 1.69, 1.68, 1.73, 1.79, 1.87, 1.92, 1.95, 1.96, 1.65, 1.63, 1.61, 1.57, 1.52, 1.47, 1.42, 1.38, 0.97, 0.91, 0.85, 0.83, 1.77, 1.85, 1.88, 1.94, 1.99, 2.02, 2.02, 2.01, 1.57, 1.54, 1.5, 1.45, 1.39, 1.32, 1.25, 0.62, 0.71, 0.68, 0.67, 0.69, 1.17, 1.95, 2.0, 2.07, 2.12, 2.12, 2.08, 2.05, 1.5, 1.46, 1.4, 0.52, 0.52, 0.5, 0.47, 0.41, 0.35, 0.3, 0.31, 0.93, 1.22, 2.01, 2.08, 2.18, 2.28, 2.21, 2.12, 2.07, 0.51, 0.5, 0.49, 0.47, 0.45, 0.41, 0.34, 0.23, 0.1, 0.04, 0.12, 0.57, 1.16, 1.47, 1.76, 2.22, 2.52, 2.18, 2.1, 2.08, 0.49, 0.48, 0.46, 0.43, 0.4, 0.34, 0.25, 0.11, -0.12, -0.31, -0.04, 0.48, 0.8, 1.43, 1.71, 1.93, 2.1, 1.97, 2.06, 2.06, 0.47, 0.46, 0.44, 0.41, 0.37, 0.31, 0.23, 0.1, -0.11, -0.27, 0.15, 0.47, 0.75, 1.37, 1.62, 1.98, 2.0, 1.98, 2.05, 2.06, 0.46, 0.44, 0.42, 0.39, 0.36, 0.31, 0.25, 0.17, 0.09, 0.07, 0.35, 0.54, 0.74, 1.67, 1.8, 1.88, 1.93, 1.94, 1.95, 1.94, 0.45, 0.43, 0.41, 0.39, 0.36, 0.33, 0.29, 0.26, 0.26, 0.45, 0.52, 0.44, 0.5, 0.59, 1.7, 1.8, 1.86, 1.89, 1.9, 1.9, 0.44, 0.43, 0.41, 0.39, 0.37, 0.35, 0.33, 0.33, 0.37, 0.57, 0.58, 0.52, 0.53, 0.59, 1.63, 1.73, 1.79, 1.83, 1.85, 1.86, 0.44, 0.43, 0.41, 0.4, 0.38, 0.37, 0.36, 0.38, 0.44, 0.51, 0.56, 0.54, 0.55, 0.59, 1.57, 1.67, 1.74, 1.78, 1.81, 1.83, 0.44, 0.43, 0.42, 0.4, 0.39, 0.39, 0.39, 0.4, 0.46, 0.5, 0.53, 0.53, 0.55, 0.58, 1.54, 1.63, 1.69, 1.74, 1.77, 1.79, 0.44, 0.43, 0.42, 0.41, 0.4, 0.4, 0.4, 0.44, 0.47, 0.49, 0.52, 0.53, 0.55, 0.58, 1.53, 1.6, 1.66, 1.71, 1.74, 1.76]}, {"header": {"refTime": "2023-09-08T05:00:00.000Z", "nx": 21, "ny": 33, "lo1": 113.509, "la1": 22.2235, "lo2": 113.5947, "la2": 22.1034, "dx": 0.0042850000000001385, "dy": 0.003753125000000024, "parameterCategory": 0, "parameterCategoryName": "Temperature", "parameterNumber": 0}, "data": [[25.15, 25.14, 25.14, 24.97, 24.98, 25.05, 25.04, 25.04, 25.04, 25.03, 25.04, 25.05, 25.1, 25.11, 25.2, 25.21, 25.24, 25.25, 25.25, 25.26], [25.15, 25.15, 25.14, 25.13, 24.98, 24.98, 25.04, 25.03, 25.03, 25.03, 25.04, 25.05, 25.11, 25.12, 25.2, 25.24, 25.25, 25.25, 25.26, 25.26], [25.16, 25.15, 25.14, 25.13, 24.98, 24.98, 24.98, 25.03, 25.01, 25.02, 25.04, 25.07, 25.12, 25.13, 25.23, 25.24, 25.25, 25.26, 25.27, 25.27], [25.17, 25.16, 25.15, 25.14, 25.13, 24.98, 24.98, 24.98, 24.99, 25.03, 25.05, 25.08, 25.14, 25.12, 25.23, 25.25, 25.26, 25.27, 25.28, 25.27], [25.18, 25.17, 25.16, 25.15, 25.14, 24.97, 24.98, 24.98, 24.98, 25.03, 25.05, 25.12, 25.17, 25.13, 25.23, 25.25, 25.28, 25.29, 25.29, 25.28], [25.19, 25.18, 25.18, 25.17, 25.16, 25.14, 24.97, 24.97, 24.97, 24.96, 25.06, 25.1, 25.14, 25.17, 25.23, 25.27, 25.3, 25.32, 25.31, 25.3], [25.28, 25.2, 25.2, 25.19, 25.18, 25.16, 25.1, 24.98, 24.97, 24.97, 24.97, 25.06, 25.14, 25.15, 25.23, 25.28, 25.34, 25.36, 25.36, 25.35], [25.29, 25.29, 25.29, 25.29, 25.28, 25.17, 25.12, 25.05, 24.99, 24.97, 24.93, 25.04, 25.04, 25.15, 25.29, 25.26, 25.32, 25.35, 25.31, 25.28], [25.21, 25.22, 25.31, 25.32, 25.32, 25.3, 25.24, 25.1, 24.97, 24.98, 24.98, 25.01, 25.02, 25.0, 25.28, 25.24, 25.28, 25.3, 25.29, 25.27], [25.5, 25.5, 25.5, 25.27, 25.3, 25.39, 25.33, 25.24, 24.94, 24.95, 25.02, 24.99, 25.0, 24.99, 25.28, 25.23, 25.26, 25.27, 25.27, 25.26], [25.5, 25.5, 25.5, 25.5, 25.5, 25.5, 25.5, 25.5, 25.32, 24.97, 24.9, 24.98, 24.99, 24.99, 25.28, 25.22, 25.24, 25.25, 25.25, 25.25], [25.5, 25.5, 25.5, 25.5, 25.5, 25.5, 25.5, 25.5, 25.5, -999.0, 24.9, 25.1, 25.1, 24.98, 25.29, 25.21, 25.22, 24.89, 24.9, 24.9], [25.5, 25.5, 25.5, 25.5, 25.5, 25.5, 25.5, 25.5, 25.5, 25.5, -999.0, 25.1, 25.1, 24.71, 24.88, 25.07, 25.08, 24.97, 24.98, 24.99], [25.5, 25.5, 25.5, 25.5, 25.5, 25.5, 25.5, 25.5, 25.5, 25.5, -999.0, 24.5, 24.5, 24.5, 24.83, 25.0, 25.01, 24.9, 24.92, 24.94], [25.5, 25.5, 25.5, 25.5, 25.5, 25.5, 25.5, 25.3, 25.3, 25.3, 25.3, 24.99, 24.5, 24.5, 24.5, 24.91, 24.94, 24.84, 24.87, 24.89], [25.5, 25.5, 25.37, 25.37, 25.37, 25.3, 25.3, 25.3, 25.3, 25.3, 24.8, 24.85, 24.78, 24.71, 24.79, 24.57, 24.58, 24.56, 24.79, 24.81], [25.37, 25.37, 25.43, 25.43, 25.3, 25.3, 25.3, 25.3, 25.3, 25.3, 24.96, 24.86, 24.75, 24.66, 24.62, 24.55, 24.56, 24.57, 24.58, 24.59], [25.43, 25.43, 25.42, 25.42, 25.3, 25.3, 25.3, 25.3, 25.3, 25.1, 24.99, 24.87, 24.74, 24.63, 24.52, 24.54, 24.56, 24.58, 24.59, 24.59], [25.42, 25.42, 25.42, 25.3, 25.3, 25.3, 25.3, 25.3, 25.23, 25.14, 25.07, 24.97, 24.76, 24.66, 24.54, 24.55, 24.57, 24.59, 24.59, 24.6], [25.42, 25.42, 25.3, 25.3, 25.3, 25.3, 25.3, 25.3, 25.22, 25.16, 25.08, 25.0, 24.78, 24.72, 24.57, 24.58, 24.59, 24.6, 24.6, 24.6], [25.3, 25.3, 25.3, 25.3, 25.3, 25.3, 25.3, 25.3, 25.18, 25.14, 25.09, 25.03, 24.8, 24.59, 24.59, 24.6, 24.61, 24.61, 24.61, 24.61], [25.3, 25.3, 25.3, 25.3, 25.3, 25.3, 25.3, 25.23, 25.16, 25.14, 25.11, 25.06, 24.82, 24.6, 24.61, 24.62, 24.63, 24.63, 24.62, 24.62], [25.3, 25.3, 25.3, 25.2, 25.2, 25.21, 25.21, 25.22, 25.22, 25.22, 25.22, 25.14, 24.89, 24.61, 24.62, 24.63, 24.65, 24.64, 24.63, 24.62], [25.18, 25.19, 25.19, 25.19, 25.2, 25.2, 25.21, 25.22, 25.23, 25.23, 25.22, 25.05, 24.91, 24.84, 24.78, 24.64, 24.67, 24.64, 24.63, 24.63], [25.18, 25.18, 25.18, 25.18, 25.19, 25.19, 25.2, 25.21, 25.24, 25.26, 25.22, 25.06, 25.01, 24.84, 24.78, 24.73, 24.63, 24.62, 24.63, 24.63], [25.17, 25.17, 25.18, 25.18, 25.18, 25.18, 25.18, 25.2, 25.22, 25.25, 25.13, 25.06, 25.0, 24.85, 24.79, 24.69, 24.67, 24.66, 24.63, 24.62], [25.17, 25.17, 25.17, 25.17, 25.17, 25.16, 25.16, 25.17, 25.17, 25.16, 25.06, 25.03, 24.99, 24.74, 24.72, 24.7, 24.69, 24.68, 24.68, 24.69], [25.16, 25.16, 25.16, 25.16, 25.15, 25.15, 25.14, 25.13, 25.11, 25.02, 24.99, 24.97, 24.96, 24.93, 24.73, 24.71, 24.7, 24.69, 24.69, 24.69], [25.16, 25.16, 25.15, 25.15, 25.14, 25.14, 25.12, 25.11, 25.07, 24.96, 24.92, 24.95, 24.95, 24.93, 24.74, 24.73, 24.71, 24.71, 24.7, 24.7], [25.16, 25.15, 25.15, 25.14, 25.14, 25.13, 25.11, 25.09, 24.97, 24.95, 24.93, 24.94, 24.94, 24.93, 24.75, 24.74, 24.72, 24.72, 24.71, 24.71], [25.15, 25.15, 25.14, 25.14, 25.13, 25.12, 25.11, 25.09, 24.97, 24.95, 24.94, 24.94, 24.94, 24.93, 24.76, 24.74, 24.73, 24.72, 24.72, 24.71], [25.15, 25.15, 25.14, 25.13, 25.13, 25.12, 25.11, 24.97, 24.97, 24.96, 24.95, 24.94, 24.94, 24.93, 24.76, 24.75, 24.74, 24.73, 24.72, 24.72]]}]