gis_exercise/awsData/contour/wdir_2023090815.json
[{"header": {"refTime": "2023-09-08T15:00:00.000Z", "nx": 21, "ny": 33, "lo1": 113.509, "la1": 22.2235, "lo2": 113.5947, "la2": 22.1034, "dx": 0.0042850000000001385, "dy": 0.003753125000000024, "parameterCategory": 2, "parameterCategoryName": "Temperature", "parameterNumber": 2}, "data": [-0.62, -0.62, -0.61, -0.59, -0.59, -0.47, -0.47, -0.46, -0.45, -0.4, -0.38, -0.36, -0.28, -0.27, -0.77, -0.84, -0.85, -0.9, -0.93, -0.96, -0.62, -0.62, -0.62, -0.61, -0.59, -0.58, -0.47, -0.47, -0.46, -0.41, -0.38, -0.35, -0.27, -0.26, -0.77, -0.8, -0.88, -0.93, -0.97, -1.0, -0.62, -0.62, -0.62, -0.62, -0.6, -0.59, -0.57, -0.48, -0.48, -0.42, -0.37, -0.33, -0.25, -0.24, -0.7, -0.82, -0.92, -0.99, -1.03, -1.05, -0.63, -0.63, -0.62, -0.62, -0.62, -0.6, -0.58, -0.56, -0.54, -0.41, -0.35, -0.29, -0.21, -0.23, -0.69, -0.85, -0.99, -1.08, -1.11, -1.11, -0.63, -0.63, -0.63, -0.63, -0.63, -0.61, -0.61, -0.6, -0.59, -0.39, -0.34, -0.22, -0.14, -0.21, -0.7, -0.92, -1.11, -1.21, -1.22, -1.19, -0.63, -0.63, -0.63, -0.64, -0.64, -0.64, -0.63, -0.64, -0.63, -0.62, -0.33, -0.26, -0.2, -0.38, -0.75, -1.04, -1.31, -1.43, -1.37, -1.28, -1.37, -0.64, -0.64, -0.64, -0.65, -0.65, -0.69, -0.68, -0.68, -0.59, -0.54, -0.33, -0.45, -0.48, -0.82, -1.15, -1.59, -1.75, -1.64, -1.52, -1.38, -1.35, -1.31, -1.39, -1.36, -0.67, -0.69, -0.72, -0.73, -0.59, -0.55, -0.55, -0.56, -0.6, -1.19, -1.43, -1.72, -1.83, -1.67, -1.57, -1.39, -1.36, -1.32, -1.27, -1.32, -1.31, -1.34, -0.7, -1.2, -0.59, -0.67, -0.72, -0.91, -0.82, -1.18, -1.36, -1.54, -1.61, -1.58, -1.52, -2.16, -2.1, -2.02, -1.27, -1.16, -1.17, -1.37, -1.59, -1.63, -1.51, -0.74, -0.84, -1.0, -0.87, -1.18, -1.3, -1.41, -1.48, -1.49, -1.47, -2.18, -2.12, -2.04, -1.9, -1.59, -0.7, -1.85, -2.47, -2.17, -1.95, -1.8, -0.82, -0.86, -0.84, -1.19, -1.27, -1.34, -1.39, -1.42, -1.42, -2.2, -2.17, -2.11, -2.02, -1.87, -1.8, -2.26, -2.86, -3.1, -2.94, -2.03, -1.69, -1.54, -0.81, -1.19, -1.24, -1.3, -1.65, -1.67, -1.67, -2.24, -2.22, -2.2, -2.19, -2.22, -2.39, -2.69, -2.9, -3.04, -2.86, -2.76, -1.83, -1.68, -1.04, -1.05, -1.57, -1.6, -1.62, -1.63, -1.64, -2.28, -2.28, -2.29, -2.32, -2.42, -2.63, -2.95, -2.83, -2.84, -2.79, -2.79, -2.18, -2.05, -1.95, -1.1, -1.56, -1.58, -1.59, -1.61, -1.62, -2.32, -2.33, -2.35, -2.4, -2.49, -2.62, -2.73, -2.36, -2.21, -2.07, -1.95, -1.37, -2.01, -1.91, -1.86, -1.54, -1.56, -1.57, -1.59, -1.6, -2.35, -2.37, -1.05, -1.12, -1.2, -2.0, -1.97, -1.84, -1.7, -1.62, -1.11, -1.17, -1.22, -0.83, -0.92, -1.7, -1.74, -1.79, -2.03, -2.07, -0.91, -0.93, -0.94, -0.95, -1.69, -1.59, -1.42, -1.18, -1.04, -1.07, -0.8, -0.98, -1.14, -1.26, -1.29, -1.9, -2.06, -2.19, -2.28, -2.34, -0.85, -0.84, -0.82, -0.78, -1.42, -1.21, -0.87, -0.41, -0.17, -0.1, -0.44, -0.83, -1.07, -1.25, -1.44, -1.85, -2.08, -2.22, -2.32, -2.38, -0.79, -0.76, -0.72, -1.38, -1.2, -0.92, -0.47, 0.28, 1.01, 0.25, -0.43, -0.82, -0.96, -1.22, -1.82, -1.98, -2.17, -2.3, -2.38, -2.43, -0.73, -0.69, -1.52, -1.41, -1.24, -0.97, -0.57, 0.03, 0.51, -0.04, -0.56, -0.91, -0.96, -1.19, -2.12, -2.21, -2.33, -2.42, -2.47, -2.5, -1.67, -1.62, -1.55, -1.46, -1.32, -1.13, -0.88, -0.61, -0.31, -0.56, -0.87, -1.09, -1.0, -2.3, -2.34, -2.42, -2.5, -2.55, -2.57, -2.57, -1.7, -1.66, -1.61, -1.55, -1.47, -1.37, -1.28, -0.93, -1.02, -1.16, -1.29, -1.37, -2.74, -2.44, -2.51, -2.59, -2.66, -2.68, -2.67, -2.65, -1.74, -1.71, -1.69, -1.24, -1.25, -1.29, -1.36, -1.49, -1.66, -1.77, -1.76, -2.11, -3.31, -2.55, -2.63, -2.73, -2.81, -2.8, -2.75, -2.71, -1.3, -1.31, -1.34, -1.38, -1.44, -1.54, -1.71, -1.96, -2.29, -2.45, -2.26, -3.03, -3.33, -3.23, -3.14, -2.8, -2.93, -2.88, -2.81, -2.74, -1.36, -1.39, -1.43, -1.49, -1.58, -1.72, -1.93, -2.28, -2.83, -3.29, -2.66, -3.02, -2.9, -3.24, -3.15, -3.07, -2.88, -2.89, -2.82, -2.76, -1.41, -1.45, -1.5, -1.57, -1.67, -1.81, -2.02, -2.34, -2.84, -3.22, -3.15, -2.9, -2.8, -3.26, -3.17, -2.72, -2.79, -2.81, -2.79, -2.75, -1.45, -1.49, -1.55, -1.62, -1.71, -1.84, -2.0, -2.2, -2.41, -2.46, -2.76, -2.66, -2.65, -2.39, -2.52, -2.63, -2.7, -2.73, -2.73, -2.71, -1.48, -1.52, -1.58, -1.64, -1.72, -1.82, -1.92, -2.01, -2.05, -2.39, -2.25, -2.34, -2.47, -2.56, -2.43, -2.54, -2.61, -2.65, -2.66, -2.66, -1.5, -1.54, -1.59, -1.65, -1.71, -1.78, -1.84, -1.87, -1.82, -1.96, -1.63, -2.06, -2.32, -2.47, -2.36, -2.46, -2.54, -2.58, -2.61, -2.61, -1.52, -1.55, -1.6, -1.64, -1.69, -1.74, -1.77, -1.77, -2.23, -1.94, -1.76, -2.03, -2.27, -2.42, -2.3, -2.4, -2.48, -2.52, -2.55, -2.57, -1.53, -1.56, -1.59, -1.63, -1.67, -1.7, -1.72, -1.72, -2.26, -2.11, -2.06, -2.15, -2.29, -2.41, -2.27, -2.36, -2.43, -2.48, -2.51, -2.53, -1.53, -1.56, -1.59, -1.62, -1.65, -1.67, -1.69, -2.4, -2.32, -2.24, -2.22, -2.26, -2.34, -2.42, -2.25, -2.33, -2.39, -2.44, -2.48, -2.5]}, {"header": {"refTime": "2023-09-08T15:00:00.000Z", "nx": 21, "ny": 33, "lo1": 113.509, "la1": 22.2235, "lo2": 113.5947, "la2": 22.1034, "dx": 0.0042850000000001385, "dy": 0.003753125000000024, "parameterCategory": 2, "parameterCategoryName": "Temperature", "parameterNumber": 3}, "data": [-0.87, -0.84, -0.81, -0.68, -0.65, -0.41, -0.38, -0.36, -0.35, -0.46, -0.5, -0.54, -0.76, -0.8, -1.51, -1.66, -2.35, -2.44, -2.51, -2.55, -0.88, -0.86, -0.83, -0.79, -0.66, -0.61, -0.37, -0.32, -0.29, -0.41, -0.49, -0.54, -0.77, -0.81, -1.53, -2.24, -2.39, -2.5, -2.58, -2.62, -0.91, -0.88, -0.85, -0.81, -0.67, -0.62, -0.55, -0.29, -0.16, -0.37, -0.5, -0.56, -0.77, -0.81, -2.04, -2.27, -2.46, -2.6, -2.68, -2.71, -0.93, -0.91, -0.89, -0.85, -0.8, -0.66, -0.6, -0.5, -0.41, -0.45, -0.55, -0.58, -0.75, -1.06, -2.0, -2.33, -2.59, -2.75, -2.82, -2.83, -0.96, -0.95, -0.93, -0.9, -0.86, -0.71, -0.69, -0.66, -0.66, -0.6, -0.64, -0.99, -0.72, -1.0, -2.03, -2.46, -2.8, -2.99, -3.01, -2.97, -1.0, -0.99, -0.98, -0.97, -0.94, -0.89, -0.78, -0.79, -0.83, -0.88, -1.3, -1.15, -0.96, -1.34, -2.17, -2.68, -3.16, -3.36, -3.26, -3.11, -1.48, -1.04, -1.04, -1.04, -1.02, -0.99, -1.25, -0.88, -0.92, -1.38, -1.5, -1.47, -1.69, -1.66, -2.36, -2.91, -3.64, -3.91, -3.53, -3.27, -1.5, -1.5, -1.49, -1.68, -1.65, -1.35, -1.27, -1.12, -1.03, -1.36, -1.44, -2.04, -2.14, -1.91, -3.0, -3.39, -3.87, -4.04, -3.78, -3.61, -1.51, -1.52, -1.52, -1.53, -1.7, -1.67, -1.59, -1.22, -1.3, -1.38, -1.9, -2.11, -2.28, -2.2, -2.94, -3.25, -3.55, -3.68, -3.63, -3.54, -1.95, -1.94, -1.93, -1.57, -1.6, -1.75, -1.73, -1.69, -1.55, -1.54, -2.02, -2.16, -2.31, -2.21, -2.91, -3.13, -3.34, -3.45, -3.47, -3.44, -1.95, -1.94, -1.93, -1.92, -1.89, -1.81, -1.95, -2.07, -1.93, -1.74, -2.15, -2.13, -2.18, -2.17, -2.91, -3.07, -3.21, -3.3, -3.35, -3.35, -1.94, -1.94, -1.93, -1.92, -1.9, -1.9, -1.97, -2.17, -2.27, -2.29, -2.2, -2.4, -2.39, -2.14, -2.92, -3.03, -3.13, -2.9, -2.94, -2.94, -1.94, -1.94, -1.93, -1.92, -1.91, -1.89, -1.9, -2.09, -2.21, -2.14, -2.27, -2.4, -2.39, -1.98, -1.94, -2.6, -2.66, -2.72, -2.76, -2.79, -1.94, -1.94, -1.93, -1.92, -1.91, -1.87, -1.77, -1.96, -2.07, -2.08, -2.24, -2.06, -2.0, -1.94, -1.82, -2.4, -2.47, -2.54, -2.6, -2.65, -1.95, -1.94, -1.94, -1.93, -1.92, -1.9, -1.89, -1.54, -1.51, -1.46, -1.4, -1.15, -1.88, -1.8, -1.75, -2.18, -2.27, -2.36, -2.45, -2.53, -1.95, -1.95, -1.17, -1.17, -1.18, -1.35, -1.34, -1.29, -1.24, -1.21, -1.01, -1.03, -1.04, -1.06, -1.08, -0.79, -0.71, -0.63, -1.09, -1.1, -1.11, -1.1, -1.09, -1.07, -1.21, -1.16, -1.07, -0.96, -0.9, -0.92, -0.83, -0.91, -0.97, -1.01, -0.55, -0.57, -0.39, -0.26, -0.17, -0.1, -1.06, -1.04, -1.02, -0.97, -1.08, -0.97, -0.8, -0.57, -0.45, -0.35, -0.52, -0.82, -0.93, -0.55, -0.98, -0.62, -0.37, -0.22, -0.12, -0.06, -1.02, -0.99, -0.95, -1.06, -0.97, -0.83, -0.6, -0.22, 0.17, -0.19, -0.16, -0.34, -0.12, -0.36, -0.65, -0.47, -0.26, -0.12, -0.04, -0.0, -0.98, -0.95, -0.48, -0.44, -0.38, -0.3, -0.18, -0.01, 0.15, 0.0, -0.16, -0.31, 0.04, -0.06, -0.32, -0.21, -0.08, 0.02, 0.06, 0.07, -0.49, -0.47, -0.44, -0.4, -0.35, -0.28, -0.2, -0.12, -0.01, -0.08, -0.18, -0.29, 0.22, -0.11, -0.05, 0.05, 0.14, 0.18, 0.17, 0.15, -0.47, -0.44, -0.42, -0.38, -0.34, -0.29, -0.23, 0.16, -0.1, -0.14, -0.2, -0.27, 0.2, 0.06, 0.16, 0.29, 0.39, 0.36, 0.28, 0.21, -0.45, -0.43, -0.4, 0.15, 0.15, 0.14, 0.13, 0.11, 0.09, 0.08, 0.09, 0.54, 0.31, 0.17, 0.3, 0.5, 0.72, 0.55, 0.33, 0.24, 0.16, 0.16, 0.15, 0.14, 0.14, 0.12, 0.1, 0.06, 0.02, 0.0, 0.03, 0.49, 0.28, 0.39, 0.5, 0.57, 1.29, 0.41, 0.26, 0.22, 0.16, 0.15, 0.15, 0.14, 0.13, 0.11, 0.08, 0.04, -0.04, -0.11, -0.01, 0.43, 0.63, 0.35, 0.43, 0.48, 0.21, -0.15, 0.14, 0.18, 0.16, 0.15, 0.15, 0.14, 0.13, 0.11, 0.08, 0.04, -0.03, -0.09, 0.21, 0.41, 0.59, 0.31, 0.36, 0.45, 0.32, 0.23, 0.14, 0.16, 0.16, 0.15, 0.15, 0.14, 0.13, 0.12, 0.1, 0.08, 0.06, 0.06, 0.31, 0.43, 0.57, 0.47, 0.46, 0.43, 0.37, 0.34, 0.35, 0.38, 0.16, 0.15, 0.15, 0.14, 0.14, 0.13, 0.13, 0.13, 0.14, 0.35, 0.39, 0.01, -0.08, -0.18, 0.45, 0.43, 0.4, 0.38, 0.38, 0.4, 0.16, 0.16, 0.15, 0.15, 0.15, 0.15, 0.15, 0.16, 0.2, 0.39, 0.28, 0.11, -0.03, -0.13, 0.44, 0.43, 0.42, 0.41, 0.41, 0.41, 0.16, 0.16, 0.16, 0.16, 0.16, 0.16, 0.17, 0.19, 0.07, 0.17, 0.23, 0.11, -0.01, -0.11, 0.44, 0.43, 0.43, 0.42, 0.42, 0.42, 0.16, 0.16, 0.16, 0.16, 0.16, 0.17, 0.18, 0.19, 0.04, 0.09, 0.1, 0.05, -0.02, -0.1, 0.44, 0.44, 0.43, 0.43, 0.43, 0.43, 0.16, 0.16, 0.16, 0.17, 0.17, 0.17, 0.18, -0.02, 0.01, 0.03, 0.03, -0.0, -0.05, -0.11, 0.44, 0.44, 0.44, 0.44, 0.44, 0.44]}, {"header": {"refTime": "2023-09-08T15:00:00.000Z", "nx": 21, "ny": 33, "lo1": 113.509, "la1": 22.2235, "lo2": 113.5947, "la2": 22.1034, "dx": 0.0042850000000001385, "dy": 0.003753125000000024, "parameterCategory": 0, "parameterCategoryName": "Temperature", "parameterNumber": 0}, "data": [[25.25, 25.25, 25.24, 25.06, 25.06, 25.24, 25.23, 25.23, 25.22, 25.12, 25.14, 25.15, 25.38, 25.39, 25.44, 25.45, 25.6, 25.6, 25.61, 25.61], [25.26, 25.25, 25.25, 25.24, 25.06, 25.06, 25.22, 25.2, 25.19, 25.12, 25.14, 25.17, 25.39, 25.41, 25.45, 25.59, 25.6, 25.61, 25.61, 25.61], [25.26, 25.26, 25.25, 25.24, 25.06, 25.06, 25.07, 25.18, 25.12, 25.12, 25.15, 25.19, 25.41, 25.42, 25.58, 25.59, 25.6, 25.61, 25.61, 25.62], [25.26, 25.26, 25.26, 25.25, 25.24, 25.07, 25.07, 25.07, 25.08, 25.11, 25.16, 25.23, 25.44, 25.37, 25.58, 25.6, 25.61, 25.62, 25.62, 25.62], [25.27, 25.27, 25.26, 25.26, 25.25, 25.07, 25.07, 25.07, 25.06, 25.1, 25.15, 25.36, 25.45, 25.39, 25.58, 25.6, 25.62, 25.63, 25.63, 25.63], [25.28, 25.28, 25.27, 25.27, 25.27, 25.26, 25.08, 25.08, 25.06, 25.01, 25.22, 25.32, 25.4, 25.53, 25.59, 25.61, 25.64, 25.65, 25.64, 25.64], [25.36, 25.28, 25.28, 25.28, 25.28, 25.28, 25.17, 25.12, 25.1, 25.08, 25.05, 25.28, 25.56, 25.55, 25.6, 25.63, 25.66, 25.67, 25.66, 25.65], [25.36, 25.36, 25.36, 25.36, 25.36, 25.2, 25.19, 25.21, 25.25, 25.04, 24.85, 25.32, 25.33, 25.55, 25.66, 25.65, 25.67, 25.68, 25.67, 25.66], [25.34, 25.34, 25.36, 25.36, 25.36, 25.36, 25.35, 25.19, 25.11, 25.11, 25.05, 25.18, 25.24, 25.16, 25.66, 25.65, 25.66, 25.67, 25.66, 25.66], [25.4, 25.4, 25.4, 25.35, 25.36, 25.38, 25.37, 25.35, 24.96, 24.99, 25.25, 25.1, 25.14, 25.12, 25.66, 25.64, 25.65, 25.66, 25.66, 25.65], [25.4, 25.4, 25.4, 25.4, 25.4, 25.4, 25.4, 25.4, 25.36, 25.09, 24.7, 25.04, 25.08, 25.09, 25.66, 25.64, 25.65, 25.65, 25.65, 25.65], [25.4, 25.4, 25.4, 25.4, 25.4, 25.4, 25.4, 25.4, 25.4, -999.0, 24.7, 25.6, 25.6, 25.06, 25.66, 25.64, 25.64, 25.13, 25.15, 25.15], [25.4, 25.4, 25.4, 25.4, 25.4, 25.4, 25.4, 25.4, 25.4, 25.4, -999.0, 25.6, 25.6, 25.01, 25.27, 25.34, 25.34, 25.22, 25.24, 25.25], [25.4, 25.4, 25.4, 25.4, 25.4, 25.4, 25.4, 25.4, 25.4, 25.4, -999.0, 24.7, 24.7, 24.7, 25.19, 25.25, 25.27, 25.14, 25.17, 25.19], [25.4, 25.4, 25.4, 25.4, 25.4, 25.4, 25.4, 25.9, 25.9, 25.9, 25.9, 25.44, 24.7, 24.7, 24.7, 25.16, 25.19, 25.07, 25.11, 25.14], [25.4, 25.4, 25.71, 25.72, 25.73, 25.9, 25.9, 25.9, 25.9, 25.9, 25.14, 25.23, 25.11, 25.02, 25.13, 25.03, 25.08, 24.99, 25.2, 25.24], [25.72, 25.72, 25.58, 25.58, 25.9, 25.9, 25.9, 25.9, 25.9, 25.9, 25.38, 25.24, 25.08, 24.93, 24.94, 24.9, 24.97, 25.02, 25.06, 25.08], [25.58, 25.58, 25.59, 25.61, 25.9, 25.9, 25.9, 25.9, 25.9, 25.6, 25.43, 25.25, 25.07, 24.95, 24.74, 24.87, 24.97, 25.04, 25.08, 25.1], [25.59, 25.6, 25.61, 25.9, 25.9, 25.9, 25.9, 25.9, 25.79, 25.67, 25.48, 25.33, 25.19, 25.04, 24.86, 24.93, 25.02, 25.07, 25.11, 25.13], [25.6, 25.6, 25.67, 25.68, 25.7, 25.72, 25.75, 25.83, 25.74, 25.62, 25.49, 25.36, 25.26, 25.17, 24.99, 25.03, 25.09, 25.12, 25.15, 25.16], [25.66, 25.66, 25.67, 25.73, 25.74, 25.75, 25.77, 25.79, 25.62, 25.56, 25.47, 25.38, 25.32, 25.07, 25.09, 25.13, 25.17, 25.19, 25.19, 25.19], [25.71, 25.72, 25.72, 25.72, 25.72, 25.73, 25.73, 25.76, 25.55, 25.51, 25.46, 25.4, 25.25, 25.14, 25.17, 25.21, 25.25, 25.25, 25.23, 25.22], [25.71, 25.71, 25.71, 25.75, 25.75, 25.75, 25.74, 25.72, 25.71, 25.7, 25.71, 25.64, 25.41, 25.18, 25.23, 25.28, 25.34, 25.31, 25.26, 25.24], [25.76, 25.76, 25.75, 25.75, 25.74, 25.73, 25.71, 25.69, 25.66, 25.65, 25.67, 25.62, 25.42, 25.4, 25.4, 25.31, 25.47, 25.31, 25.26, 25.24], [25.76, 25.75, 25.75, 25.74, 25.73, 25.72, 25.7, 25.67, 25.61, 25.57, 25.64, 25.63, 25.64, 25.4, 25.39, 25.37, 25.28, 25.22, 25.25, 25.24], [25.75, 25.75, 25.75, 25.74, 25.73, 25.72, 25.7, 25.67, 25.62, 25.58, 25.61, 25.65, 25.66, 25.4, 25.38, 25.42, 25.37, 25.35, 25.24, 25.23], [25.75, 25.75, 25.75, 25.74, 25.74, 25.73, 25.71, 25.7, 25.68, 25.68, 25.67, 25.69, 25.68, 25.55, 25.5, 25.45, 25.42, 25.4, 25.4, 25.42], [25.75, 25.75, 25.75, 25.74, 25.74, 25.74, 25.73, 25.73, 25.74, 25.73, 25.75, 25.66, 25.61, 25.55, 25.52, 25.48, 25.45, 25.44, 25.43, 25.44], [25.75, 25.75, 25.75, 25.75, 25.75, 25.75, 25.75, 25.75, 25.78, 25.8, 25.83, 25.72, 25.64, 25.58, 25.55, 25.51, 25.48, 25.47, 25.46, 25.46], [25.76, 25.75, 25.75, 25.75, 25.75, 25.75, 25.76, 25.77, 25.7, 25.76, 25.8, 25.73, 25.65, 25.59, 25.57, 25.53, 25.51, 25.49, 25.48, 25.47], [25.76, 25.76, 25.76, 25.76, 25.76, 25.76, 25.77, 25.78, 25.68, 25.71, 25.72, 25.69, 25.64, 25.6, 25.58, 25.55, 25.52, 25.51, 25.49, 25.49], [25.76, 25.76, 25.76, 25.76, 25.76, 25.76, 25.77, 25.64, 25.66, 25.68, 25.68, 25.66, 25.63, 25.59, 25.59, 25.56, 25.54, 25.52, 25.51, 25.5]]}]