gis_exercise/awsData/contour/wdir_2023090907.json
[{"header": {"refTime": "2023-09-09T07:00:00.000Z", "nx": 21, "ny": 33, "lo1": 113.509, "la1": 22.2235, "lo2": 113.5947, "la2": 22.1034, "dx": 0.0042850000000001385, "dy": 0.003753125000000024, "parameterCategory": 2, "parameterCategoryName": "Temperature", "parameterNumber": 2}, "data": [-1.5, -1.5, -1.51, -1.65, -1.64, -1.97, -1.95, -1.92, -1.93, -1.93, -2.01, -2.09, -2.58, -2.64, -3.27, -3.39, -3.98, -4.04, -4.08, -4.11, -1.5, -1.5, -1.51, -1.52, -1.64, -1.64, -1.91, -1.85, -1.82, -1.88, -2.01, -2.13, -2.63, -2.69, -3.32, -3.92, -4.01, -4.08, -4.13, -4.16, -1.49, -1.5, -1.5, -1.51, -1.65, -1.64, -1.62, -1.8, -1.61, -1.83, -2.04, -2.21, -2.71, -2.75, -3.81, -3.94, -4.06, -4.15, -4.2, -4.22, -1.48, -1.49, -1.5, -1.51, -1.52, -1.65, -1.64, -1.62, -1.6, -1.9, -2.11, -2.34, -2.83, -2.84, -3.79, -3.98, -4.15, -4.25, -4.29, -4.3, -1.48, -1.48, -1.49, -1.5, -1.52, -1.66, -1.66, -1.65, -1.64, -1.99, -2.17, -2.83, -2.96, -2.87, -3.8, -4.07, -4.29, -4.41, -4.43, -4.39, -1.47, -1.47, -1.48, -1.49, -1.51, -1.53, -1.69, -1.69, -1.68, -1.67, -2.58, -2.77, -2.9, -3.59, -3.87, -4.21, -4.53, -4.67, -4.59, -4.49, -1.78, -1.45, -1.46, -1.47, -1.49, -1.52, -1.59, -1.73, -1.73, -2.03, -2.1, -2.7, -3.71, -3.79, -3.95, -4.35, -4.86, -5.05, -5.04, -4.93, -1.77, -1.76, -1.74, -2.04, -2.02, -1.49, -1.57, -1.69, -1.91, -1.97, -1.82, -3.29, -3.57, -4.0, -4.7, -4.9, -5.14, -5.23, -5.1, -5.01, -1.77, -1.75, -1.72, -1.68, -1.94, -1.95, -2.04, -1.61, -2.15, -2.07, -3.05, -3.69, -4.34, -4.03, -4.73, -4.86, -5.0, -5.06, -5.03, -4.98, -2.36, -2.31, -2.24, -1.65, -1.56, -1.74, -1.99, -2.26, -2.48, -2.39, -3.46, -3.97, -4.53, -4.14, -4.77, -4.83, -4.91, -4.95, -4.96, -4.94, -2.36, -2.32, -2.25, -2.13, -1.88, -1.13, -2.13, -2.74, -2.77, -2.74, -3.77, -3.85, -4.04, -3.99, -4.77, -4.81, -4.85, -4.89, -4.9, -4.9, -2.38, -2.35, -2.3, -2.22, -2.09, -2.04, -2.46, -3.14, -3.44, -3.97, -3.81, -4.37, -4.43, -3.85, -4.77, -4.79, -4.82, -4.53, -4.52, -4.51, -2.41, -2.39, -2.36, -2.34, -2.35, -2.46, -2.68, -3.07, -3.32, -3.09, -4.02, -4.32, -4.36, -3.85, -3.78, -4.32, -4.32, -4.34, -4.36, -4.37, -2.44, -2.43, -2.43, -2.44, -2.49, -2.59, -2.69, -2.85, -2.99, -2.97, -3.94, -3.91, -3.85, -3.78, -3.56, -4.06, -4.09, -4.14, -4.19, -4.23, -2.47, -2.47, -2.48, -2.5, -2.55, -2.62, -2.7, -2.69, -2.7, -2.66, -2.6, -2.4, -3.62, -3.51, -3.44, -3.75, -3.83, -3.93, -4.02, -4.09, -2.49, -2.5, -1.6, -1.64, -1.69, -2.48, -2.46, -2.43, -2.39, -2.37, -2.24, -2.24, -2.25, -2.53, -2.54, -3.03, -3.12, -3.21, -3.32, -3.4, -1.54, -1.55, -1.56, -1.58, -2.34, -2.28, -2.19, -2.08, -2.01, -2.05, -2.02, -2.11, -2.17, -2.2, -2.15, -2.21, -2.2, -2.19, -2.19, -2.18, -1.52, -1.52, -1.52, -1.51, -2.2, -2.09, -1.9, -1.65, -1.53, -1.39, -1.57, -2.0, -2.11, -2.13, -2.22, -2.21, -2.21, -2.2, -2.19, -2.18, -1.49, -1.49, -1.48, -2.19, -2.09, -1.94, -1.69, -1.27, -0.84, -1.22, -1.29, -1.49, -1.98, -2.12, -2.22, -2.21, -2.21, -2.2, -2.19, -2.18, -1.47, -1.46, -1.58, -1.54, -1.48, -1.39, -1.25, -1.06, -0.91, -1.09, -1.29, -1.46, -1.98, -2.11, -2.21, -2.22, -2.21, -2.2, -2.19, -2.17, -1.6, -1.58, -1.55, -1.51, -1.46, -1.39, -1.3, -1.21, -1.12, -1.21, -1.33, -1.46, -2.01, -2.21, -2.22, -2.23, -2.23, -2.21, -2.19, -2.17, -1.59, -1.57, -1.54, -1.51, -1.46, -1.42, -1.37, -1.08, -1.27, -1.32, -1.39, -1.46, -2.33, -2.21, -2.23, -2.26, -2.27, -2.23, -2.18, -2.15, -1.58, -1.56, -1.53, -1.14, -1.14, -1.15, -1.16, -1.18, -1.21, -1.23, -1.23, -1.74, -1.96, -2.21, -2.24, -2.3, -2.39, -2.27, -2.15, -2.12, -1.15, -1.15, -1.16, -1.17, -1.18, -1.19, -1.22, -1.26, -1.32, -1.35, -1.32, -1.89, -1.94, -2.01, -2.1, -2.29, -2.72, -2.09, -2.05, -2.07, -1.16, -1.17, -1.18, -1.19, -1.2, -1.23, -1.26, -1.32, -1.41, -1.49, -1.39, -1.83, -1.97, -1.99, -2.05, -2.08, -1.95, -1.67, -1.95, -2.03, -1.17, -1.18, -1.19, -1.2, -1.22, -1.24, -1.28, -1.33, -1.42, -1.48, -1.69, -1.78, -1.9, -1.96, -1.99, -1.93, -1.87, -1.82, -1.97, -2.03, -1.18, -1.19, -1.2, -1.21, -1.23, -1.25, -1.28, -1.31, -1.35, -1.36, -1.65, -1.71, -1.83, -1.79, -1.85, -1.87, -1.87, -1.86, -1.86, -1.88, -1.19, -1.2, -1.21, -1.22, -1.23, -1.25, -1.27, -1.29, -1.3, -1.54, -1.53, -1.3, -1.29, -1.27, -1.79, -1.83, -1.85, -1.85, -1.86, -1.87, -1.19, -1.2, -1.21, -1.22, -1.23, -1.25, -1.26, -1.27, -1.27, -1.43, -1.24, -1.27, -1.27, -1.26, -1.75, -1.79, -1.82, -1.84, -1.85, -1.85, -1.2, -1.2, -1.21, -1.22, -1.23, -1.24, -1.25, -1.25, -1.29, -1.26, -1.25, -1.26, -1.27, -1.26, -1.72, -1.77, -1.8, -1.82, -1.83, -1.84, -1.2, -1.21, -1.21, -1.22, -1.23, -1.24, -1.24, -1.24, -1.29, -1.27, -1.27, -1.27, -1.27, -1.26, -1.7, -1.75, -1.78, -1.8, -1.82, -1.83, -1.2, -1.21, -1.21, -1.22, -1.23, -1.23, -1.24, -1.3, -1.29, -1.28, -1.27, -1.27, -1.27, -1.26, -1.7, -1.74, -1.77, -1.79, -1.8, -1.82]}, {"header": {"refTime": "2023-09-09T07:00:00.000Z", "nx": 21, "ny": 33, "lo1": 113.509, "la1": 22.2235, "lo2": 113.5947, "la2": 22.1034, "dx": 0.0042850000000001385, "dy": 0.003753125000000024, "parameterCategory": 2, "parameterCategoryName": "Temperature", "parameterNumber": 3}, "data": [-0.15, -0.15, -0.15, 0.19, 0.16, 0.21, 0.16, 0.12, 0.11, 0.14, 0.23, 0.32, 0.75, 0.82, 1.68, 1.85, 2.68, 2.77, 2.84, 2.88, -0.15, -0.15, -0.14, -0.14, 0.17, 0.12, 0.13, 0.03, -0.03, 0.06, 0.22, 0.35, 0.79, 0.86, 1.72, 2.58, 2.72, 2.83, 2.91, 2.95, -0.15, -0.14, -0.14, -0.14, 0.19, 0.14, 0.05, -0.05, -0.32, -0.01, 0.25, 0.42, 0.86, 0.92, 2.38, 2.6, 2.8, 2.93, 3.01, 3.05, -0.15, -0.14, -0.14, -0.13, -0.12, 0.18, 0.11, -0.0, -0.11, 0.1, 0.34, 0.54, 0.94, 1.17, 2.35, 2.67, 2.93, 3.09, 3.16, 3.17, -0.15, -0.15, -0.14, -0.12, -0.1, 0.25, 0.22, 0.18, 0.17, 0.29, 0.46, 1.13, 1.06, 1.17, 2.37, 2.8, 3.15, 3.34, 3.37, 3.31, -0.16, -0.16, -0.14, -0.12, -0.09, -0.05, 0.34, 0.35, 0.37, 0.38, 1.15, 1.18, 1.16, 1.75, 2.49, 3.02, 3.52, 3.73, 3.63, 3.46, 0.44, -0.17, -0.16, -0.14, -0.1, -0.03, 0.34, 0.5, 0.53, 0.95, 1.02, 1.32, 2.02, 2.04, 2.65, 3.25, 4.03, 4.32, 4.04, 3.81, 0.43, 0.4, 0.37, 0.48, 0.48, 0.15, 0.29, 0.51, 0.81, 0.9, 0.8, 1.96, 2.18, 2.29, 3.41, 3.81, 4.3, 4.48, 4.21, 4.04, 0.42, 0.39, 0.34, 0.28, 0.36, 0.39, 0.54, 0.36, 0.98, 0.98, 1.73, 2.22, 2.67, 2.45, 3.38, 3.68, 3.98, 4.12, 4.06, 3.96, 0.85, 0.79, 0.71, 0.22, 0.07, 0.08, 0.39, 0.74, 1.22, 1.16, 2.03, 2.4, 2.79, 2.52, 3.37, 3.58, 3.77, 3.88, 3.9, 3.87, 0.86, 0.81, 0.73, 0.58, 0.26, -0.66, 0.53, 1.18, 1.2, 1.41, 2.18, 2.31, 2.45, 2.41, 3.37, 3.51, 3.65, 3.74, 3.78, 3.78, 0.89, 0.85, 0.79, 0.7, 0.55, 0.47, 0.96, 1.59, 1.85, 2.39, 2.21, 2.67, 2.72, 2.32, 3.38, 3.48, 3.57, 3.43, 3.45, 3.46, 0.93, 0.91, 0.89, 0.87, 0.9, 1.08, 1.39, 1.63, 1.78, 1.58, 2.45, 2.63, 2.67, 2.39, 2.34, 3.13, 3.18, 3.23, 3.27, 3.3, 0.97, 0.97, 0.98, 1.01, 1.11, 1.32, 1.63, 1.53, 1.55, 1.51, 2.4, 2.35, 2.33, 2.29, 2.2, 2.9, 2.97, 3.04, 3.1, 3.15, 1.01, 1.02, 1.05, 1.09, 1.18, 1.32, 1.43, 1.88, 1.91, 1.91, 1.91, 1.74, 2.19, 2.12, 2.08, 2.64, 2.74, 2.84, 2.94, 3.01, 1.04, 1.06, 0.89, 0.94, 1.01, 1.84, 1.84, 1.84, 1.85, 1.86, 1.73, 1.69, 1.63, 1.79, 1.76, 2.12, 2.23, 2.33, 2.83, 2.94, 0.87, 0.9, 0.93, 0.98, 1.83, 1.82, 1.8, 1.79, 1.79, 1.8, 1.68, 1.64, 1.58, 1.51, 1.6, 1.74, 1.87, 1.98, 2.06, 2.11, 0.91, 0.93, 0.97, 1.02, 1.81, 1.79, 1.76, 1.73, 1.71, 1.55, 1.53, 1.61, 1.55, 1.59, 1.38, 1.69, 1.89, 2.02, 2.1, 2.15, 0.93, 0.96, 1.0, 1.81, 1.79, 1.77, 1.73, 1.66, 1.56, 1.55, 1.37, 1.33, 1.78, 1.69, 1.67, 1.81, 1.98, 2.09, 2.16, 2.2, 0.95, 0.98, 1.43, 1.43, 1.43, 1.44, 1.46, 1.49, 1.46, 1.4, 1.35, 1.31, 1.87, 1.87, 1.93, 2.02, 2.12, 2.2, 2.24, 2.26, 1.41, 1.4, 1.4, 1.4, 1.4, 1.4, 1.41, 1.42, 1.36, 1.33, 1.3, 1.28, 1.98, 2.1, 2.14, 2.22, 2.29, 2.33, 2.33, 2.32, 1.39, 1.38, 1.38, 1.37, 1.37, 1.36, 1.35, 1.16, 1.27, 1.25, 1.24, 1.24, 1.85, 2.23, 2.3, 2.4, 2.47, 2.46, 2.42, 2.37, 1.37, 1.37, 1.36, 1.08, 1.09, 1.09, 1.09, 1.08, 1.06, 1.04, 1.03, 1.74, 2.0, 2.32, 2.42, 2.55, 2.69, 2.6, 2.47, 2.41, 1.06, 1.06, 1.06, 1.06, 1.05, 1.04, 1.03, 1.01, 0.98, 0.96, 0.97, 1.45, 1.96, 2.17, 2.36, 2.61, 3.04, 2.55, 2.45, 2.41, 1.04, 1.04, 1.04, 1.03, 1.02, 1.01, 0.99, 0.96, 0.91, 0.88, 0.92, 1.36, 1.59, 2.13, 2.31, 2.45, 2.44, 2.25, 2.39, 2.39, 1.03, 1.03, 1.02, 1.01, 1.0, 0.98, 0.96, 0.93, 0.9, 0.87, 1.12, 1.3, 1.5, 2.08, 2.24, 2.31, 2.33, 2.3, 2.38, 2.38, 1.02, 1.01, 1.0, 0.99, 0.98, 0.96, 0.94, 0.91, 0.89, 0.87, 1.12, 1.24, 1.41, 1.94, 2.09, 2.2, 2.25, 2.26, 2.27, 2.26, 1.01, 1.0, 0.99, 0.98, 0.96, 0.94, 0.92, 0.9, 0.87, 1.03, 1.03, 0.91, 0.99, 1.08, 1.98, 2.1, 2.17, 2.2, 2.21, 2.22, 1.0, 0.99, 0.98, 0.97, 0.95, 0.93, 0.91, 0.88, 0.84, 0.93, 0.76, 0.86, 0.96, 1.04, 1.89, 2.01, 2.09, 2.13, 2.16, 2.17, 0.99, 0.98, 0.97, 0.96, 0.94, 0.93, 0.9, 0.88, 0.87, 0.82, 0.79, 0.87, 0.95, 1.02, 1.82, 1.94, 2.02, 2.07, 2.11, 2.13, 0.99, 0.98, 0.97, 0.95, 0.94, 0.92, 0.9, 0.88, 0.89, 0.87, 0.87, 0.9, 0.96, 1.02, 1.79, 1.89, 1.97, 2.03, 2.06, 2.09, 0.98, 0.97, 0.96, 0.95, 0.94, 0.92, 0.91, 0.94, 0.92, 0.91, 0.92, 0.94, 0.98, 1.02, 1.77, 1.86, 1.93, 1.99, 2.03, 2.05]}, {"header": {"refTime": "2023-09-09T07:00:00.000Z", "nx": 21, "ny": 33, "lo1": 113.509, "la1": 22.2235, "lo2": 113.5947, "la2": 22.1034, "dx": 0.0042850000000001385, "dy": 0.003753125000000024, "parameterCategory": 0, "parameterCategoryName": "Temperature", "parameterNumber": 0}, "data": [[24.64, 24.64, 24.63, 24.48, 24.49, 24.65, 24.65, 24.66, 24.67, 24.63, 24.62, 24.62, 24.76, 24.77, 24.8, 24.8, 24.84, 24.84, 24.84, 24.84], [24.64, 24.63, 24.63, 24.63, 24.49, 24.51, 24.65, 24.66, 24.67, 24.64, 24.63, 24.63, 24.77, 24.77, 24.8, 24.83, 24.84, 24.84, 24.84, 24.84], [24.64, 24.63, 24.63, 24.63, 24.49, 24.5, 24.53, 24.67, 24.69, 24.65, 24.63, 24.63, 24.77, 24.78, 24.83, 24.83, 24.84, 24.84, 24.84, 24.85], [24.64, 24.64, 24.63, 24.63, 24.63, 24.49, 24.51, 24.55, 24.59, 24.63, 24.62, 24.65, 24.78, 24.68, 24.83, 24.84, 24.84, 24.85, 24.85, 24.85], [24.64, 24.64, 24.63, 24.63, 24.62, 24.47, 24.48, 24.49, 24.49, 24.58, 24.6, 24.68, 24.75, 24.7, 24.83, 24.84, 24.85, 24.85, 24.86, 24.85], [24.64, 24.64, 24.64, 24.63, 24.62, 24.61, 24.45, 24.44, 24.43, 24.4, 24.57, 24.65, 24.71, 24.8, 24.83, 24.85, 24.86, 24.87, 24.86, 24.86], [24.62, 24.64, 24.64, 24.64, 24.63, 24.61, 24.45, 24.41, 24.39, 24.39, 24.39, 24.6, 24.8, 24.8, 24.83, 24.85, 24.87, 24.88, 24.88, 24.88], [24.63, 24.63, 24.63, 24.63, 24.62, 24.51, 24.47, 24.42, 24.4, 24.36, 24.29, 24.62, 24.62, 24.8, 24.86, 24.85, 24.87, 24.88, 24.87, 24.86], [24.57, 24.58, 24.65, 24.65, 24.66, 24.64, 24.59, 24.45, 24.34, 24.4, 24.43, 24.52, 24.56, 24.5, 24.86, 24.85, 24.86, 24.87, 24.86, 24.86], [24.8, 24.8, 24.8, 24.61, 24.64, 24.71, 24.66, 24.59, 24.29, 24.3, 24.56, 24.46, 24.5, 24.48, 24.86, 24.84, 24.85, 24.86, 24.86, 24.85], [24.8, 24.8, 24.8, 24.8, 24.8, 24.8, 24.8, 24.8, 24.66, 24.33, 24.2, 24.43, 24.46, 24.46, 24.86, 24.84, 24.85, 24.85, 24.85, 24.85], [24.8, 24.8, 24.8, 24.8, 24.8, 24.8, 24.8, 24.8, 24.8, -999.0, 24.2, 24.8, 24.8, 24.44, 24.86, 24.84, 24.84, 24.27, 24.29, 24.29], [24.8, 24.8, 24.8, 24.8, 24.8, 24.8, 24.8, 24.8, 24.8, 24.8, -999.0, 24.8, 24.8, 24.15, 24.43, 24.5, 24.51, 24.37, 24.39, 24.4], [24.8, 24.8, 24.8, 24.8, 24.8, 24.8, 24.8, 24.8, 24.8, 24.8, -999.0, 23.8, 23.8, 23.8, 24.35, 24.41, 24.43, 24.29, 24.32, 24.34], [24.8, 24.8, 24.8, 24.8, 24.8, 24.8, 24.8, 24.7, 24.7, 24.7, 24.7, 24.35, 23.8, 23.8, 23.8, 24.3, 24.34, 24.21, 24.25, 24.28], [24.8, 24.8, 24.74, 24.74, 24.73, 24.7, 24.7, 24.7, 24.7, 24.7, 24.13, 24.2, 24.11, 24.04, 24.12, 24.02, 24.05, 23.99, 24.25, 24.28], [24.74, 24.74, 24.76, 24.76, 24.7, 24.7, 24.7, 24.7, 24.7, 24.7, 24.31, 24.2, 24.08, 23.98, 23.97, 23.95, 24.0, 24.04, 24.07, 24.09], [24.76, 24.76, 24.76, 24.76, 24.7, 24.7, 24.7, 24.7, 24.7, 24.47, 24.35, 24.22, 24.08, 23.98, 23.83, 23.93, 24.01, 24.06, 24.09, 24.11], [24.76, 24.76, 24.76, 24.7, 24.7, 24.7, 24.7, 24.7, 24.62, 24.52, 24.44, 24.33, 24.16, 24.04, 23.92, 23.98, 24.04, 24.08, 24.11, 24.13], [24.76, 24.76, 24.7, 24.7, 24.7, 24.7, 24.7, 24.7, 24.62, 24.55, 24.46, 24.36, 24.2, 24.13, 24.02, 24.05, 24.09, 24.12, 24.14, 24.15], [24.7, 24.7, 24.7, 24.7, 24.7, 24.7, 24.7, 24.7, 24.56, 24.52, 24.47, 24.4, 24.24, 24.08, 24.1, 24.12, 24.15, 24.17, 24.17, 24.17], [24.7, 24.7, 24.7, 24.7, 24.7, 24.7, 24.7, 24.72, 24.54, 24.52, 24.48, 24.43, 24.29, 24.13, 24.16, 24.19, 24.21, 24.21, 24.21, 24.2], [24.7, 24.7, 24.7, 24.73, 24.72, 24.72, 24.72, 24.72, 24.72, 24.72, 24.72, 24.62, 24.45, 24.17, 24.2, 24.23, 24.27, 24.26, 24.23, 24.21], [24.73, 24.73, 24.73, 24.73, 24.73, 24.72, 24.72, 24.72, 24.72, 24.72, 24.72, 24.65, 24.46, 24.42, 24.38, 24.26, 24.34, 24.27, 24.24, 24.22], [24.73, 24.73, 24.73, 24.73, 24.73, 24.73, 24.73, 24.72, 24.72, 24.71, 24.72, 24.66, 24.64, 24.42, 24.38, 24.35, 24.26, 24.24, 24.24, 24.22], [24.73, 24.73, 24.73, 24.73, 24.73, 24.73, 24.73, 24.73, 24.72, 24.71, 24.69, 24.67, 24.65, 24.43, 24.39, 24.37, 24.34, 24.33, 24.23, 24.22], [24.73, 24.73, 24.73, 24.73, 24.73, 24.73, 24.73, 24.73, 24.73, 24.73, 24.7, 24.69, 24.67, 24.48, 24.43, 24.4, 24.37, 24.36, 24.36, 24.37], [24.73, 24.73, 24.73, 24.74, 24.74, 24.74, 24.74, 24.74, 24.75, 24.72, 24.73, 24.68, 24.64, 24.6, 24.46, 24.43, 24.4, 24.39, 24.39, 24.39], [24.74, 24.74, 24.74, 24.74, 24.74, 24.74, 24.74, 24.75, 24.76, 24.75, 24.77, 24.71, 24.66, 24.61, 24.49, 24.45, 24.43, 24.41, 24.4, 24.4], [24.74, 24.74, 24.74, 24.74, 24.74, 24.74, 24.75, 24.75, 24.7, 24.73, 24.75, 24.71, 24.66, 24.62, 24.5, 24.47, 24.45, 24.43, 24.42, 24.42], [24.74, 24.74, 24.74, 24.74, 24.74, 24.74, 24.75, 24.75, 24.69, 24.71, 24.71, 24.69, 24.66, 24.62, 24.51, 24.48, 24.46, 24.45, 24.44, 24.43], [24.74, 24.74, 24.74, 24.74, 24.74, 24.75, 24.75, 24.67, 24.68, 24.68, 24.68, 24.67, 24.65, 24.62, 24.52, 24.49, 24.47, 24.46, 24.45, 24.44]]}]