gis_exercise/awsData/contour/wdir_2023091321.json
[{"header": {"refTime": "2023-09-13T21:00:00.000Z", "nx": 21, "ny": 33, "lo1": 113.509, "la1": 22.2235, "lo2": 113.5947, "la2": 22.1034, "dx": 0.0042850000000001385, "dy": 0.003753125000000024, "parameterCategory": 2, "parameterCategoryName": "Temperature", "parameterNumber": 2}, "data": [-2.32, -2.33, -2.34, -2.52, -2.5, -2.98, -2.92, -2.87, -2.87, -2.7, -2.81, -2.91, -3.35, -3.41, -4.57, -4.73, -5.23, -5.31, -5.37, -5.41, -2.32, -2.33, -2.33, -2.34, -2.51, -2.48, -2.87, -2.75, -2.69, -2.63, -2.81, -2.97, -3.42, -3.48, -4.63, -5.15, -5.28, -5.38, -5.44, -5.48, -2.31, -2.32, -2.33, -2.35, -2.53, -2.5, -2.45, -2.66, -2.31, -2.56, -2.84, -3.07, -3.54, -3.58, -5.0, -5.19, -5.36, -5.48, -5.55, -5.57, -2.3, -2.31, -2.33, -2.35, -2.37, -2.53, -2.49, -2.42, -2.35, -2.65, -2.94, -3.26, -3.73, -3.68, -4.99, -5.25, -5.49, -5.64, -5.7, -5.69, -2.29, -2.3, -2.32, -2.34, -2.37, -2.59, -2.57, -2.54, -2.51, -2.76, -3.01, -3.71, -4.03, -3.75, -5.0, -5.37, -5.71, -5.89, -5.9, -5.84, -2.27, -2.28, -2.3, -2.32, -2.37, -2.43, -2.67, -2.68, -2.65, -2.56, -3.25, -3.54, -3.81, -4.77, -5.05, -5.57, -6.07, -6.29, -6.17, -5.99, -3.34, -2.25, -2.26, -2.28, -2.33, -2.43, -2.55, -2.85, -2.84, -2.83, -2.73, -3.27, -4.75, -4.95, -5.12, -5.76, -6.59, -6.9, -7.04, -6.91, -3.33, -3.28, -3.22, -3.31, -3.3, -2.33, -2.52, -2.86, -3.25, -2.76, -2.38, -3.97, -4.32, -5.22, -6.26, -6.61, -7.02, -7.17, -6.95, -6.8, -3.34, -3.27, -3.19, -3.08, -3.12, -3.15, -3.37, -2.62, -3.6, -2.88, -3.96, -4.8, -5.91, -5.38, -6.35, -6.55, -6.78, -6.88, -6.83, -6.75, -4.24, -4.14, -3.99, -3.0, -2.74, -2.7, -3.19, -3.74, -4.1, -3.88, -4.56, -5.36, -6.33, -5.61, -6.43, -6.51, -6.63, -6.7, -6.71, -6.68, -4.27, -4.18, -4.03, -3.76, -3.19, -1.52, -3.65, -4.79, -4.6, -4.49, -5.71, -5.17, -5.48, -5.38, -6.44, -6.48, -6.55, -6.6, -6.62, -6.61, -4.33, -4.26, -4.15, -3.98, -3.71, -3.58, -4.43, -5.49, -5.92, -6.75, -5.86, -6.25, -6.27, -5.16, -6.43, -6.46, -6.5, -6.53, -6.52, -6.5, -4.4, -4.37, -4.33, -4.3, -4.36, -4.71, -5.27, -5.6, -5.82, -5.5, -6.81, -6.24, -6.22, -5.31, -5.23, -6.3, -6.29, -6.3, -6.32, -6.33, -4.48, -4.48, -4.49, -4.56, -4.74, -5.16, -5.8, -5.51, -5.49, -5.39, -6.76, -6.13, -6.0, -5.87, -4.98, -5.96, -5.99, -6.05, -6.11, -6.16, -4.55, -4.57, -4.62, -4.71, -4.88, -5.14, -5.35, -4.95, -4.72, -4.5, -4.32, -3.44, -5.68, -5.5, -5.38, -5.56, -5.66, -5.79, -5.9, -5.99, -4.61, -4.64, -2.68, -2.79, -2.94, -4.41, -4.35, -4.16, -3.95, -3.83, -3.05, -3.14, -3.23, -3.55, -3.63, -4.58, -4.68, -4.78, -4.82, -4.91, -2.46, -2.49, -2.53, -2.56, -3.93, -3.78, -3.52, -3.16, -2.94, -2.99, -2.58, -2.86, -3.1, -3.29, -3.17, -3.54, -3.51, -3.49, -3.48, -3.47, -2.38, -2.38, -2.36, -2.32, -3.52, -3.2, -2.69, -1.99, -1.63, -1.53, -2.05, -2.62, -3.0, -3.12, -3.54, -3.55, -3.52, -3.49, -3.48, -3.46, -2.29, -2.27, -2.22, -3.46, -3.19, -2.77, -2.08, -0.95, 0.14, -1.0, -1.25, -1.82, -2.56, -3.0, -3.55, -3.53, -3.51, -3.49, -3.47, -3.45, -2.22, -2.17, -2.56, -2.42, -2.2, -1.89, -1.41, -0.74, -0.14, -0.71, -1.31, -1.79, -2.49, -2.85, -3.52, -3.51, -3.5, -3.48, -3.46, -3.44, -2.66, -2.59, -2.49, -2.36, -2.18, -1.93, -1.62, -1.3, -0.87, -1.14, -1.51, -1.84, -2.48, -3.5, -3.5, -3.5, -3.5, -3.47, -3.45, -3.43, -2.61, -2.55, -2.46, -2.35, -2.22, -2.06, -1.89, -1.11, -1.42, -1.58, -1.77, -1.95, -3.68, -3.48, -3.5, -3.51, -3.52, -3.48, -3.43, -3.41, -2.59, -2.53, -2.46, -1.39, -1.39, -1.41, -1.45, -1.53, -1.64, -1.73, -1.74, -2.32, -3.29, -3.47, -3.49, -3.54, -3.62, -3.5, -3.4, -3.37, -1.46, -1.47, -1.48, -1.51, -1.54, -1.61, -1.71, -1.88, -2.09, -2.2, -2.09, -3.15, -3.27, -3.32, -3.37, -3.52, -3.91, -3.33, -3.29, -3.33, -1.52, -1.54, -1.56, -1.6, -1.66, -1.75, -1.9, -2.11, -2.46, -2.74, -2.37, -3.09, -3.19, -3.3, -3.33, -3.34, -3.2, -2.94, -3.2, -3.29, -1.57, -1.59, -1.63, -1.68, -1.75, -1.85, -1.99, -2.19, -2.49, -2.72, -3.0, -3.01, -3.1, -3.27, -3.28, -3.11, -3.07, -3.02, -3.22, -3.28, -1.61, -1.64, -1.68, -1.73, -1.8, -1.89, -2.01, -2.15, -2.29, -2.34, -2.85, -2.89, -3.0, -2.88, -2.98, -3.03, -3.04, -3.04, -3.05, -3.05, -1.64, -1.67, -1.71, -1.77, -1.83, -1.91, -2.0, -2.09, -2.15, -2.66, -2.61, -2.42, -2.44, -2.45, -2.9, -2.97, -3.0, -3.02, -3.03, -3.03, -1.66, -1.7, -1.74, -1.79, -1.84, -1.91, -1.98, -2.04, -2.08, -2.45, -2.18, -2.32, -2.39, -2.42, -2.84, -2.91, -2.96, -2.98, -3.0, -3.01, -1.68, -1.72, -1.75, -1.8, -1.85, -1.9, -1.95, -2.0, -2.38, -2.28, -2.22, -2.3, -2.37, -2.41, -2.8, -2.87, -2.92, -2.95, -2.97, -2.98, -1.7, -1.73, -1.76, -1.8, -1.84, -1.89, -1.93, -1.97, -2.39, -2.34, -2.31, -2.34, -2.38, -2.4, -2.78, -2.84, -2.89, -2.92, -2.95, -2.96, -1.7, -1.73, -1.77, -1.8, -1.84, -1.87, -1.91, -2.43, -2.4, -2.38, -2.36, -2.37, -2.39, -2.41, -2.77, -2.82, -2.87, -2.9, -2.93, -2.94]}, {"header": {"refTime": "2023-09-13T21:00:00.000Z", "nx": 21, "ny": 33, "lo1": 113.509, "la1": 22.2235, "lo2": 113.5947, "la2": 22.1034, "dx": 0.0042850000000001385, "dy": 0.003753125000000024, "parameterCategory": 2, "parameterCategoryName": "Temperature", "parameterNumber": 3}, "data": [0.31, 0.3, 0.29, 0.5, 0.47, 0.3, 0.26, 0.22, 0.21, 0.29, 0.36, 0.42, 0.66, 0.71, 0.7, 0.75, 1.37, 1.4, 1.42, 1.43, 0.32, 0.31, 0.3, 0.28, 0.47, 0.42, 0.23, 0.16, 0.11, 0.23, 0.34, 0.43, 0.68, 0.73, 0.72, 1.34, 1.38, 1.41, 1.43, 1.44, 0.33, 0.32, 0.31, 0.3, 0.49, 0.44, 0.35, 0.11, -0.09, 0.17, 0.36, 0.46, 0.7, 0.75, 1.28, 1.34, 1.39, 1.43, 1.45, 1.46, 0.34, 0.33, 0.33, 0.32, 0.3, 0.48, 0.41, 0.29, 0.18, 0.27, 0.43, 0.52, 0.73, 1.03, 1.26, 1.35, 1.42, 1.46, 1.47, 1.48, 0.34, 0.34, 0.34, 0.34, 0.34, 0.55, 0.52, 0.48, 0.47, 0.45, 0.53, 0.98, 0.77, 0.99, 1.27, 1.39, 1.46, 1.5, 1.51, 1.51, 0.35, 0.36, 0.36, 0.37, 0.37, 0.39, 0.63, 0.65, 0.68, 0.72, 1.19, 1.1, 0.96, 1.21, 1.34, 1.45, 1.53, 1.57, 1.55, 1.53, 0.8, 0.37, 0.37, 0.38, 0.4, 0.43, 0.82, 0.77, 0.81, 1.24, 1.32, 1.34, 1.48, 1.44, 1.43, 1.51, 1.62, 1.65, 1.56, 1.52, 0.8, 0.79, 0.77, 0.76, 0.77, 0.73, 0.79, 0.86, 1.0, 1.21, 1.24, 1.75, 1.83, 1.6, 1.84, 1.81, 1.78, 1.76, 1.78, 1.8, 0.8, 0.78, 0.76, 0.73, 0.72, 0.73, 0.79, 0.82, 1.06, 1.25, 1.56, 1.72, 1.78, 1.75, 1.84, 1.82, 1.8, 1.79, 1.79, 1.8, 0.94, 0.91, 0.88, 0.71, 0.64, 0.61, 0.73, 0.86, 1.14, 1.15, 1.64, 1.71, 1.76, 1.74, 1.84, 1.83, 1.81, 1.81, 1.8, 1.81, 0.94, 0.92, 0.89, 0.83, 0.7, 0.33, 0.8, 1.04, 1.02, 1.21, 1.48, 1.7, 1.72, 1.72, 1.84, 1.83, 1.82, 1.82, 1.81, 1.81, 0.96, 0.94, 0.92, 0.88, 0.82, 0.79, 0.98, 1.19, 1.27, 1.49, 1.48, 1.73, 1.76, 1.71, 1.84, 1.83, 1.83, 1.26, 1.26, 1.25, 0.97, 0.97, 0.96, 0.95, 0.97, 1.05, 1.18, 1.23, 1.26, 1.2, 1.52, 1.71, 1.74, 1.31, 1.26, 1.15, 1.15, 1.16, 1.17, 1.17, 0.99, 0.99, 1.0, 1.01, 1.06, 1.16, 1.33, 1.23, 1.21, 1.18, 1.51, 1.11, 1.04, 0.98, 1.09, 1.0, 1.02, 1.04, 1.07, 1.09, 1.01, 1.01, 1.02, 1.05, 1.09, 1.15, 1.2, 1.53, 1.56, 1.59, 1.61, 1.08, 0.9, 0.81, 0.76, 0.82, 0.87, 0.92, 0.97, 1.02, 1.02, 1.03, 1.23, 1.25, 1.28, 1.59, 1.59, 1.61, 1.64, 1.65, 1.2, 1.04, 0.86, 0.77, 0.68, 0.83, 0.97, 1.1, 1.19, 1.28, 1.25, 1.26, 1.28, 1.31, 1.63, 1.65, 1.68, 1.71, 1.74, 1.73, 1.23, 1.02, 0.77, 0.5, 0.52, 0.53, 0.74, 0.9, 1.01, 1.09, 1.28, 1.3, 1.32, 1.36, 1.68, 1.71, 1.76, 1.83, 1.87, 1.51, 1.29, 1.03, 0.73, 0.53, 0.02, 0.46, 0.76, 0.95, 1.07, 1.14, 1.31, 1.33, 1.36, 1.68, 1.71, 1.75, 1.82, 1.93, 1.96, 1.63, 1.1, 0.82, 1.05, 0.73, 0.42, 0.64, 0.89, 1.06, 1.16, 1.22, 1.33, 1.35, 1.32, 1.35, 1.39, 1.46, 1.56, 1.72, 1.67, 1.38, 1.07, 0.83, 1.23, 1.06, 0.82, 0.94, 1.1, 1.22, 1.28, 1.31, 1.26, 1.27, 1.29, 1.31, 1.33, 1.38, 1.44, 1.5, 1.29, 1.15, 0.97, 0.8, 1.4, 1.06, 1.13, 1.24, 1.35, 1.4, 1.41, 1.4, 1.24, 1.24, 1.25, 1.25, 1.26, 1.27, 1.28, 1.09, 1.0, 0.92, 0.83, 0.74, 0.92, 1.26, 1.36, 1.5, 1.6, 1.6, 1.54, 1.48, 1.21, 1.21, 1.2, 0.92, 0.92, 0.91, 0.9, 0.86, 0.81, 0.76, 0.75, 1.41, 1.26, 1.4, 1.53, 1.72, 1.91, 1.79, 1.63, 1.54, 0.86, 0.86, 0.86, 0.85, 0.83, 0.8, 0.75, 0.67, 0.57, 0.52, 0.56, 0.82, 1.21, 1.42, 1.62, 1.81, 2.34, 1.76, 1.61, 1.55, 0.83, 0.82, 0.81, 0.79, 0.76, 0.72, 0.65, 0.55, 0.39, 0.26, 0.42, 0.74, 0.98, 1.38, 1.57, 1.7, 1.63, 1.41, 1.55, 1.54, 0.8, 0.79, 0.77, 0.74, 0.71, 0.66, 0.59, 0.49, 0.36, 0.26, 0.48, 0.69, 0.91, 1.34, 1.49, 1.6, 1.59, 1.55, 1.53, 1.52, 0.78, 0.76, 0.74, 0.71, 0.67, 0.62, 0.56, 0.49, 0.42, 0.39, 0.53, 0.66, 0.84, 1.31, 1.43, 1.51, 1.54, 1.54, 1.55, 1.55, 0.76, 0.74, 0.71, 0.68, 0.65, 0.6, 0.55, 0.49, 0.44, 0.49, 0.5, 0.33, 0.37, 0.43, 1.34, 1.43, 1.48, 1.5, 1.51, 1.52, 0.74, 0.72, 0.69, 0.67, 0.63, 0.59, 0.54, 0.5, 0.44, 0.45, 0.3, 0.33, 0.37, 0.41, 1.26, 1.36, 1.42, 1.45, 1.47, 1.49, 0.73, 0.71, 0.68, 0.65, 0.62, 0.59, 0.54, 0.5, 0.32, 0.31, 0.31, 0.34, 0.37, 0.41, 1.21, 1.3, 1.37, 1.41, 1.44, 1.45, 0.71, 0.7, 0.67, 0.65, 0.62, 0.59, 0.55, 0.51, 0.33, 0.33, 0.33, 0.35, 0.37, 0.4, 1.18, 1.26, 1.33, 1.37, 1.4, 1.42, 0.71, 0.69, 0.67, 0.64, 0.62, 0.59, 0.56, 0.34, 0.34, 0.34, 0.35, 0.36, 0.38, 0.41, 1.17, 1.24, 1.3, 1.34, 1.37, 1.39]}, {"header": {"refTime": "2023-09-13T21:00:00.000Z", "nx": 21, "ny": 33, "lo1": 113.509, "la1": 22.2235, "lo2": 113.5947, "la2": 22.1034, "dx": 0.0042850000000001385, "dy": 0.003753125000000024, "parameterCategory": 0, "parameterCategoryName": "Temperature", "parameterNumber": 0}, "data": [[27.67, 27.68, 27.68, 27.5, 27.52, 27.72, 27.73, 27.74, 27.75, 27.69, 27.68, 27.68, 27.82, 27.82, 27.78, 27.78, 27.74, 27.73, 27.73, 27.72], [27.67, 27.67, 27.68, 27.68, 27.51, 27.54, 27.73, 27.75, 27.76, 27.71, 27.69, 27.68, 27.82, 27.82, 27.79, 27.75, 27.74, 27.73, 27.72, 27.72], [27.67, 27.67, 27.67, 27.67, 27.51, 27.53, 27.57, 27.75, 27.79, 27.72, 27.69, 27.69, 27.83, 27.83, 27.76, 27.75, 27.73, 27.72, 27.72, 27.71], [27.67, 27.67, 27.67, 27.67, 27.67, 27.51, 27.54, 27.6, 27.65, 27.69, 27.68, 27.7, 27.84, 27.7, 27.77, 27.74, 27.72, 27.71, 27.71, 27.71], [27.67, 27.67, 27.67, 27.66, 27.66, 27.48, 27.5, 27.51, 27.51, 27.62, 27.64, 27.7, 27.82, 27.72, 27.76, 27.73, 27.71, 27.7, 27.69, 27.7], [27.67, 27.67, 27.67, 27.66, 27.65, 27.64, 27.45, 27.44, 27.43, 27.39, 27.54, 27.65, 27.74, 27.83, 27.75, 27.72, 27.68, 27.67, 27.68, 27.69], [27.62, 27.67, 27.67, 27.66, 27.65, 27.63, 27.42, 27.4, 27.38, 27.32, 27.31, 27.55, 27.79, 27.8, 27.73, 27.7, 27.65, 27.63, 27.66, 27.67], [27.63, 27.63, 27.63, 27.63, 27.62, 27.48, 27.45, 27.4, 27.38, 27.3, 27.19, 27.52, 27.52, 27.8, 27.64, 27.65, 27.63, 27.62, 27.63, 27.64], [27.57, 27.58, 27.65, 27.65, 27.66, 27.64, 27.59, 27.43, 27.3, 27.34, 27.33, 27.42, 27.46, 27.4, 27.64, 27.65, 27.64, 27.63, 27.64, 27.64], [27.8, 27.8, 27.8, 27.61, 27.64, 27.71, 27.66, 27.59, 27.23, 27.25, 27.46, 27.36, 27.4, 27.38, 27.64, 27.66, 27.65, 27.64, 27.64, 27.65], [27.8, 27.8, 27.8, 27.8, 27.8, 27.8, 27.8, 27.8, 27.66, 27.3, 27.1, 27.33, 27.36, 27.36, 27.64, 27.66, 27.65, 27.65, 27.65, 27.65], [27.8, 27.8, 27.8, 27.8, 27.8, 27.8, 27.8, 27.8, 27.8, -999.0, 27.1, 27.7, 27.7, 27.34, 27.64, 27.66, 27.66, 27.15, 27.16, 27.16], [27.8, 27.8, 27.8, 27.8, 27.8, 27.8, 27.8, 27.8, 27.8, 27.8, -999.0, 27.7, 27.7, 27.11, 27.37, 27.31, 27.31, 27.22, 27.23, 27.24], [27.8, 27.8, 27.8, 27.8, 27.8, 27.8, 27.8, 27.8, 27.8, 27.8, -999.0, 26.8, 26.8, 26.8, 27.29, 27.24, 27.25, 27.15, 27.18, 27.19], [27.8, 27.8, 27.8, 27.8, 27.8, 27.8, 27.8, 27.9, 27.9, 27.9, 27.9, 27.48, 26.8, 26.8, 26.8, 27.17, 27.19, 27.1, 27.13, 27.15], [27.8, 27.8, 27.86, 27.86, 27.87, 27.9, 27.9, 27.9, 27.9, 27.9, 27.21, 27.29, 27.18, 27.09, 27.19, 27.06, 27.1, 27.03, 27.2, 27.23], [27.86, 27.86, 27.84, 27.84, 27.9, 27.9, 27.9, 27.9, 27.9, 27.9, 27.43, 27.29, 27.15, 27.01, 27.01, 26.99, 27.06, 27.12, 27.15, 27.18], [27.84, 27.84, 27.84, 27.84, 27.9, 27.9, 27.9, 27.9, 27.9, 27.62, 27.47, 27.31, 27.14, 27.02, 26.83, 26.97, 27.07, 27.13, 27.17, 27.2], [27.84, 27.84, 27.84, 27.9, 27.9, 27.9, 27.9, 27.9, 27.8, 27.69, 27.56, 27.43, 27.23, 27.09, 26.96, 27.03, 27.11, 27.17, 27.2, 27.22], [27.84, 27.84, 27.84, 27.85, 27.85, 27.85, 27.86, 27.88, 27.79, 27.69, 27.58, 27.46, 27.28, 27.2, 27.09, 27.13, 27.18, 27.22, 27.24, 27.25], [27.84, 27.84, 27.84, 27.86, 27.86, 27.86, 27.87, 27.87, 27.71, 27.66, 27.59, 27.5, 27.33, 27.16, 27.18, 27.22, 27.25, 27.27, 27.28, 27.28], [27.85, 27.85, 27.85, 27.86, 27.86, 27.86, 27.86, 27.9, 27.67, 27.64, 27.6, 27.54, 27.35, 27.23, 27.26, 27.29, 27.32, 27.33, 27.32, 27.31], [27.85, 27.85, 27.85, 27.91, 27.91, 27.91, 27.9, 27.9, 27.89, 27.89, 27.89, 27.75, 27.58, 27.27, 27.31, 27.35, 27.39, 27.39, 27.36, 27.34], [27.92, 27.92, 27.92, 27.92, 27.91, 27.91, 27.9, 27.89, 27.88, 27.87, 27.88, 27.8, 27.59, 27.55, 27.52, 27.38, 27.46, 27.41, 27.38, 27.35], [27.92, 27.92, 27.92, 27.92, 27.92, 27.91, 27.9, 27.89, 27.86, 27.84, 27.87, 27.82, 27.79, 27.56, 27.52, 27.49, 27.41, 27.4, 27.38, 27.36], [27.93, 27.93, 27.92, 27.92, 27.92, 27.92, 27.91, 27.89, 27.87, 27.85, 27.84, 27.84, 27.82, 27.56, 27.53, 27.55, 27.51, 27.5, 27.37, 27.35], [27.93, 27.93, 27.93, 27.93, 27.93, 27.92, 27.92, 27.92, 27.91, 27.91, 27.88, 27.87, 27.85, 27.68, 27.63, 27.58, 27.55, 27.54, 27.54, 27.55], [27.93, 27.93, 27.93, 27.93, 27.93, 27.93, 27.94, 27.94, 27.95, 27.94, 27.95, 27.91, 27.86, 27.81, 27.66, 27.62, 27.59, 27.57, 27.57, 27.57], [27.93, 27.93, 27.94, 27.94, 27.94, 27.94, 27.95, 27.96, 27.98, 28.0, 28.05, 27.96, 27.89, 27.83, 27.69, 27.65, 27.62, 27.6, 27.59, 27.59], [27.94, 27.94, 27.94, 27.94, 27.94, 27.95, 27.96, 27.97, 27.94, 27.99, 28.02, 27.96, 27.9, 27.84, 27.72, 27.67, 27.64, 27.62, 27.61, 27.61], [27.94, 27.94, 27.94, 27.94, 27.95, 27.95, 27.96, 27.98, 27.92, 27.95, 27.95, 27.93, 27.89, 27.85, 27.73, 27.69, 27.66, 27.64, 27.63, 27.62], [27.94, 27.94, 27.94, 27.95, 27.95, 27.96, 27.96, 27.89, 27.9, 27.92, 27.92, 27.9, 27.87, 27.84, 27.73, 27.7, 27.68, 27.66, 27.64, 27.64]]}]