gis_exercise/awsData/contour/wdir_2023091301.json
[{"header": {"refTime": "2023-09-13T01:00:00.000Z", "nx": 21, "ny": 33, "lo1": 113.509, "la1": 22.2235, "lo2": 113.5947, "la2": 22.1034, "dx": 0.0042850000000001385, "dy": 0.003753125000000024, "parameterCategory": 2, "parameterCategoryName": "Temperature", "parameterNumber": 2}, "data": [-1.54, -1.52, -1.49, -1.34, -1.31, -1.44, -1.39, -1.35, -1.34, -1.36, -1.47, -1.57, -1.81, -1.87, -2.37, -2.46, -2.96, -3.0, -3.02, -3.04, -1.56, -1.53, -1.51, -1.47, -1.32, -1.27, -1.35, -1.24, -1.18, -1.28, -1.46, -1.61, -1.86, -1.92, -2.41, -2.92, -2.98, -3.03, -3.06, -3.07, -1.57, -1.56, -1.53, -1.5, -1.33, -1.29, -1.21, -1.16, -0.87, -1.2, -1.49, -1.69, -1.95, -2.0, -2.85, -2.94, -3.01, -3.07, -3.1, -3.12, -1.6, -1.58, -1.56, -1.53, -1.49, -1.33, -1.27, -1.16, -1.05, -1.32, -1.59, -1.83, -2.1, -2.27, -2.84, -2.96, -3.07, -3.14, -3.17, -3.17, -1.62, -1.62, -1.6, -1.58, -1.55, -1.39, -1.37, -1.33, -1.31, -1.51, -1.71, -2.27, -2.36, -2.29, -2.84, -3.02, -3.17, -3.25, -3.26, -3.23, -1.65, -1.65, -1.65, -1.64, -1.62, -1.6, -1.48, -1.5, -1.51, -1.51, -2.13, -2.23, -2.31, -2.6, -2.88, -3.11, -3.33, -3.43, -3.38, -3.3, -2.59, -1.69, -1.69, -1.7, -1.7, -1.69, -1.92, -1.64, -1.67, -1.9, -1.91, -2.16, -2.62, -2.67, -2.92, -3.2, -3.56, -3.7, -3.64, -3.55, -2.6, -2.58, -2.55, -2.61, -2.58, -1.96, -1.93, -1.9, -1.91, -1.87, -1.79, -2.39, -2.51, -2.75, -3.23, -3.43, -3.67, -3.76, -3.63, -3.54, -2.62, -2.6, -2.57, -2.53, -2.57, -2.55, -2.54, -1.92, -2.26, -1.91, -2.32, -2.6, -2.91, -2.76, -3.23, -3.37, -3.52, -3.58, -3.56, -3.51, -3.29, -3.25, -3.19, -2.55, -2.48, -2.5, -2.62, -2.74, -2.63, -2.53, -2.5, -2.74, -3.01, -2.82, -3.24, -3.33, -3.42, -3.47, -3.48, -3.46, -3.3, -3.27, -3.21, -3.1, -2.88, -2.23, -3.07, -3.52, -3.21, -2.92, -3.18, -2.69, -2.78, -2.75, -3.24, -3.3, -3.36, -3.4, -3.42, -3.42, -3.33, -3.3, -3.25, -3.19, -3.08, -3.03, -3.37, -3.81, -3.99, -4.03, -3.34, -3.39, -3.32, -2.69, -3.24, -3.28, -3.33, -3.17, -3.17, -3.17, -3.35, -3.34, -3.32, -3.31, -3.33, -3.46, -3.68, -3.84, -3.94, -3.8, -3.95, -3.45, -3.38, -2.59, -2.55, -2.99, -3.01, -3.04, -3.06, -3.07, -3.38, -3.38, -3.39, -3.41, -3.48, -3.63, -3.87, -3.78, -3.79, -3.75, -3.96, -3.24, -3.1, -2.98, -2.43, -2.83, -2.86, -2.9, -2.94, -2.97, -3.41, -3.42, -3.43, -3.47, -3.53, -3.63, -3.71, -3.48, -3.38, -3.28, -3.2, -2.38, -2.93, -2.8, -2.71, -2.64, -2.7, -2.76, -2.83, -2.88, -3.43, -3.44, -2.54, -2.59, -2.64, -3.23, -3.21, -3.12, -3.03, -2.98, -2.26, -2.2, -2.12, -1.87, -1.87, -2.1, -2.15, -2.19, -2.38, -2.44, -2.44, -2.45, -2.47, -2.47, -3.02, -2.95, -2.83, -2.67, -2.57, -2.6, -2.04, -2.04, -1.99, -1.91, -1.64, -1.62, -1.6, -1.59, -1.57, -1.56, -2.4, -2.4, -2.39, -2.36, -2.83, -2.69, -2.46, -2.14, -1.98, -1.69, -1.8, -1.92, -1.91, -1.62, -1.67, -1.63, -1.6, -1.58, -1.57, -1.56, -2.36, -2.34, -2.32, -2.81, -2.69, -2.5, -2.18, -1.67, -1.12, -1.49, -1.48, -1.59, -1.55, -1.62, -1.64, -1.62, -1.59, -1.58, -1.56, -1.55, -2.32, -2.3, -2.42, -2.35, -2.25, -2.11, -1.89, -1.59, -1.2, -1.38, -1.53, -1.63, -1.55, -1.61, -1.6, -1.6, -1.58, -1.57, -1.55, -1.54, -2.46, -2.43, -2.39, -2.33, -2.25, -2.14, -1.99, -1.85, -1.47, -1.55, -1.64, -1.7, -1.56, -1.58, -1.59, -1.58, -1.58, -1.56, -1.54, -1.53, -2.45, -2.42, -2.38, -2.33, -2.27, -2.2, -2.12, -1.71, -1.71, -1.75, -1.79, -1.8, -2.16, -1.57, -1.57, -1.58, -1.58, -1.56, -1.53, -1.52, -2.44, -2.41, -2.38, -1.81, -1.82, -1.83, -1.86, -1.9, -1.96, -2.0, -2.0, -2.04, -1.96, -1.56, -1.57, -1.59, -1.64, -1.57, -1.5, -1.49, -1.83, -1.84, -1.84, -1.86, -1.88, -1.92, -1.97, -2.06, -2.18, -2.23, -2.17, -2.35, -1.98, -1.85, -1.75, -1.58, -1.82, -1.46, -1.44, -1.46, -1.85, -1.86, -1.87, -1.9, -1.93, -1.98, -2.05, -2.17, -2.37, -2.53, -2.3, -2.35, -2.28, -1.86, -1.74, -1.63, -1.38, -1.21, -1.38, -1.44, -1.87, -1.88, -1.9, -1.92, -1.96, -2.01, -2.08, -2.19, -2.37, -2.5, -2.43, -2.32, -2.26, -1.87, -1.74, -1.49, -1.41, -1.37, -1.39, -1.43, -1.88, -1.9, -1.91, -1.94, -1.97, -2.01, -2.07, -2.14, -2.21, -2.23, -2.29, -2.24, -2.21, -1.58, -1.54, -1.5, -1.46, -1.44, -1.44, -1.46, -1.89, -1.91, -1.92, -1.95, -1.97, -2.0, -2.04, -2.07, -2.08, -2.16, -2.11, -1.94, -1.88, -1.79, -1.56, -1.52, -1.5, -1.48, -1.48, -1.48, -1.9, -1.91, -1.93, -1.95, -1.97, -1.99, -2.01, -2.01, -1.99, -2.01, -1.85, -1.88, -1.86, -1.8, -1.58, -1.55, -1.52, -1.51, -1.5, -1.5, -1.9, -1.91, -1.93, -1.94, -1.96, -1.97, -1.98, -1.98, -1.94, -1.89, -1.86, -1.87, -1.85, -1.8, -1.59, -1.56, -1.54, -1.53, -1.52, -1.52, -1.9, -1.92, -1.93, -1.94, -1.95, -1.96, -1.97, -1.96, -1.93, -1.9, -1.88, -1.86, -1.84, -1.81, -1.6, -1.57, -1.56, -1.54, -1.53, -1.53, -1.91, -1.91, -1.92, -1.93, -1.94, -1.95, -1.95, -1.93, -1.91, -1.9, -1.88, -1.86, -1.84, -1.81, -1.6, -1.58, -1.57, -1.55, -1.54, -1.54]}, {"header": {"refTime": "2023-09-13T01:00:00.000Z", "nx": 21, "ny": 33, "lo1": 113.509, "la1": 22.2235, "lo2": 113.5947, "la2": 22.1034, "dx": 0.0042850000000001385, "dy": 0.003753125000000024, "parameterCategory": 2, "parameterCategoryName": "Temperature", "parameterNumber": 3}, "data": [0.21, 0.19, 0.17, 0.21, 0.17, 0.13, 0.08, 0.03, 0.01, 0.01, 0.09, 0.16, 0.55, 0.6, 1.03, 1.14, 1.9, 1.96, 2.01, 2.04, 0.22, 0.21, 0.19, 0.16, 0.18, 0.13, 0.04, -0.06, -0.12, -0.06, 0.07, 0.18, 0.57, 0.63, 1.06, 1.83, 1.93, 2.0, 2.05, 2.08, 0.23, 0.22, 0.2, 0.18, 0.2, 0.15, 0.05, -0.12, -0.39, -0.12, 0.1, 0.23, 0.62, 0.67, 1.7, 1.85, 1.97, 2.06, 2.11, 2.14, 0.25, 0.24, 0.23, 0.21, 0.18, 0.2, 0.12, -0.01, -0.13, -0.02, 0.18, 0.32, 0.67, 0.92, 1.67, 1.88, 2.05, 2.16, 2.2, 2.21, 0.27, 0.26, 0.26, 0.25, 0.24, 0.27, 0.24, 0.2, 0.18, 0.15, 0.28, 0.88, 0.73, 0.9, 1.69, 1.97, 2.19, 2.31, 2.33, 2.3, 0.28, 0.28, 0.29, 0.29, 0.29, 0.3, 0.38, 0.4, 0.41, 0.41, 0.99, 0.96, 0.88, 1.23, 1.79, 2.12, 2.42, 2.54, 2.48, 2.39, 0.84, 0.31, 0.31, 0.32, 0.34, 0.37, 0.69, 0.57, 0.6, 0.98, 1.02, 1.17, 1.51, 1.47, 1.93, 2.27, 2.72, 2.88, 2.6, 2.43, 0.84, 0.83, 0.82, 0.86, 0.85, 0.63, 0.68, 0.76, 0.92, 0.93, 0.8, 1.63, 1.77, 1.64, 2.34, 2.58, 2.86, 2.97, 2.81, 2.71, 0.84, 0.83, 0.81, 0.78, 0.81, 0.82, 0.87, 0.71, 0.95, 1.01, 1.33, 1.63, 1.78, 1.71, 2.29, 2.49, 2.67, 2.75, 2.72, 2.66, 1.05, 1.03, 0.99, 0.76, 0.7, 0.7, 0.83, 0.96, 1.06, 1.01, 1.48, 1.64, 1.76, 1.7, 2.27, 2.41, 2.54, 2.61, 2.62, 2.6, 1.06, 1.03, 1.0, 0.94, 0.81, 0.42, 0.92, 1.19, 1.16, 1.15, 1.43, 1.6, 1.66, 1.66, 2.26, 2.37, 2.46, 2.52, 2.55, 2.55, 1.07, 1.05, 1.03, 0.99, 0.92, 0.89, 1.1, 1.36, 1.46, 1.65, 1.46, 1.85, 1.86, 1.62, 2.28, 2.35, 2.41, 2.26, 2.28, 2.29, 1.09, 1.08, 1.07, 1.06, 1.07, 1.15, 1.28, 1.37, 1.44, 1.35, 1.66, 1.83, 1.85, 1.74, 1.72, 2.08, 2.12, 2.16, 2.19, 2.2, 1.1, 1.1, 1.11, 1.12, 1.16, 1.25, 1.39, 1.34, 1.35, 1.32, 1.65, 1.61, 1.6, 1.58, 1.66, 1.97, 2.01, 2.06, 2.1, 2.13, 1.12, 1.12, 1.13, 1.16, 1.19, 1.25, 1.3, 1.37, 1.36, 1.34, 1.32, 1.25, 1.55, 1.53, 1.51, 1.86, 1.91, 1.96, 2.01, 2.05, 1.13, 1.14, 0.91, 0.93, 0.96, 1.31, 1.3, 1.29, 1.27, 1.26, 1.21, 1.22, 1.22, 1.28, 1.29, 1.6, 1.65, 1.7, 2.08, 2.14, 0.88, 0.89, 0.9, 0.92, 1.26, 1.24, 1.22, 1.18, 1.16, 1.17, 1.15, 1.18, 1.21, 1.23, 1.33, 1.42, 1.48, 1.52, 1.55, 1.57, 0.88, 0.89, 0.9, 0.91, 1.22, 1.18, 1.13, 1.05, 1.01, 0.99, 1.06, 1.15, 1.2, 1.32, 1.28, 1.41, 1.49, 1.54, 1.57, 1.59, 0.88, 0.89, 0.89, 1.21, 1.18, 1.14, 1.06, 0.94, 0.81, 0.94, 0.99, 1.06, 1.33, 1.35, 1.4, 1.46, 1.53, 1.57, 1.59, 1.61, 0.88, 0.88, 1.11, 1.09, 1.07, 1.03, 0.98, 0.91, 0.85, 0.92, 1.0, 1.05, 1.37, 1.42, 1.51, 1.54, 1.59, 1.62, 1.63, 1.63, 1.12, 1.11, 1.1, 1.09, 1.07, 1.04, 1.01, 0.98, 0.94, 0.98, 1.02, 1.06, 1.42, 1.58, 1.6, 1.63, 1.66, 1.67, 1.67, 1.66, 1.12, 1.11, 1.1, 1.09, 1.08, 1.06, 1.04, 0.89, 1.01, 1.03, 1.05, 1.07, 1.62, 1.63, 1.67, 1.71, 1.75, 1.74, 1.7, 1.67, 1.11, 1.11, 1.1, 0.88, 0.89, 0.9, 0.91, 0.93, 0.94, 0.95, 0.95, 1.4, 1.59, 1.67, 1.72, 1.79, 1.87, 1.8, 1.71, 1.68, 0.87, 0.88, 0.88, 0.89, 0.9, 0.91, 0.93, 0.96, 1.0, 1.02, 0.99, 1.36, 1.58, 1.65, 1.72, 1.81, 2.11, 1.73, 1.68, 1.67, 0.87, 0.88, 0.88, 0.89, 0.9, 0.92, 0.94, 0.99, 1.06, 1.13, 1.03, 1.31, 1.4, 1.63, 1.69, 1.73, 1.65, 1.49, 1.62, 1.65, 0.87, 0.88, 0.88, 0.89, 0.9, 0.91, 0.94, 0.98, 1.05, 1.11, 1.21, 1.25, 1.34, 1.61, 1.65, 1.57, 1.56, 1.54, 1.62, 1.64, 0.87, 0.87, 0.88, 0.88, 0.89, 0.9, 0.91, 0.93, 0.96, 0.95, 1.12, 1.16, 1.26, 1.35, 1.44, 1.5, 1.52, 1.53, 1.53, 1.53, 0.87, 0.87, 0.87, 0.88, 0.88, 0.88, 0.89, 0.88, 0.87, 0.99, 0.96, 0.85, 0.9, 0.93, 1.37, 1.44, 1.48, 1.49, 1.5, 1.51, 0.87, 0.87, 0.87, 0.87, 0.87, 0.87, 0.86, 0.84, 0.8, 0.85, 0.66, 0.78, 0.86, 0.91, 1.31, 1.38, 1.43, 1.46, 1.47, 1.48, 0.86, 0.86, 0.86, 0.86, 0.86, 0.85, 0.84, 0.82, 0.82, 0.75, 0.7, 0.77, 0.84, 0.89, 1.27, 1.34, 1.39, 1.42, 1.44, 1.45, 0.86, 0.86, 0.86, 0.86, 0.85, 0.84, 0.83, 0.81, 0.83, 0.8, 0.78, 0.81, 0.85, 0.89, 1.25, 1.31, 1.36, 1.39, 1.42, 1.43, 0.86, 0.86, 0.85, 0.85, 0.85, 0.84, 0.83, 0.87, 0.85, 0.83, 0.83, 0.84, 0.87, 0.89, 1.24, 1.3, 1.34, 1.37, 1.39, 1.41]}, {"header": {"refTime": "2023-09-13T01:00:00.000Z", "nx": 21, "ny": 33, "lo1": 113.509, "la1": 22.2235, "lo2": 113.5947, "la2": 22.1034, "dx": 0.0042850000000001385, "dy": 0.003753125000000024, "parameterCategory": 0, "parameterCategoryName": "Temperature", "parameterNumber": 0}, "data": [[26.8, 26.79, 26.79, 26.54, 26.55, 26.82, 26.82, 26.82, 26.83, 26.72, 26.72, 26.73, 26.92, 26.93, 26.92, 26.92, 26.91, 26.91, 26.9, 26.9], [26.8, 26.8, 26.79, 26.79, 26.55, 26.57, 26.81, 26.82, 26.82, 26.73, 26.73, 26.74, 26.93, 26.94, 26.93, 26.92, 26.91, 26.9, 26.9, 26.89], [26.8, 26.8, 26.79, 26.79, 26.54, 26.56, 26.6, 26.81, 26.8, 26.74, 26.73, 26.76, 26.95, 26.95, 26.94, 26.92, 26.91, 26.9, 26.89, 26.89], [26.8, 26.8, 26.8, 26.79, 26.79, 26.55, 26.58, 26.62, 26.66, 26.71, 26.73, 26.79, 26.98, 26.81, 26.94, 26.92, 26.9, 26.89, 26.88, 26.88], [26.81, 26.8, 26.8, 26.79, 26.79, 26.53, 26.54, 26.55, 26.55, 26.65, 26.69, 26.83, 26.99, 26.85, 26.94, 26.91, 26.89, 26.88, 26.87, 26.87], [26.81, 26.81, 26.8, 26.8, 26.79, 26.78, 26.51, 26.5, 26.48, 26.42, 26.6, 26.75, 26.88, 27.0, 26.92, 26.89, 26.87, 26.85, 26.86, 26.87], [26.82, 26.81, 26.81, 26.81, 26.8, 26.78, 26.55, 26.49, 26.46, 26.36, 26.32, 26.62, 26.93, 26.95, 26.9, 26.88, 26.84, 26.83, 26.86, 26.87], [26.83, 26.83, 26.83, 26.83, 26.82, 26.62, 26.58, 26.55, 26.54, 26.33, 26.14, 26.55, 26.56, 26.95, 26.8, 26.8, 26.8, 26.8, 26.8, 26.8], [26.77, 26.78, 26.85, 26.85, 26.86, 26.84, 26.79, 26.56, 26.41, 26.39, 26.31, 26.43, 26.48, 26.41, 26.8, 26.8, 26.8, 26.8, 26.8, 26.8], [27.0, 27.0, 27.0, 26.81, 26.84, 26.91, 26.86, 26.79, 26.26, 26.29, 26.49, 26.35, 26.4, 26.37, 26.8, 26.8, 26.8, 26.8, 26.8, 26.8], [27.0, 27.0, 27.0, 27.0, 27.0, 27.0, 27.0, 27.0, 26.86, 26.39, 26.0, 26.3, 26.34, 26.34, 26.8, 26.8, 26.8, 26.8, 26.8, 26.8], [27.0, 27.0, 27.0, 27.0, 27.0, 27.0, 27.0, 27.0, 27.0, -999.0, 26.0, 26.8, 26.8, 26.32, 26.8, 26.8, 26.8, 26.29, 26.3, 26.3], [27.0, 27.0, 27.0, 27.0, 27.0, 27.0, 27.0, 27.0, 27.0, 27.0, -999.0, 26.8, 26.8, 26.21, 26.47, 26.47, 26.48, 26.37, 26.38, 26.39], [27.0, 27.0, 27.0, 27.0, 27.0, 27.0, 27.0, 27.0, 27.0, 27.0, -999.0, 25.9, 25.9, 25.9, 26.39, 26.4, 26.41, 26.3, 26.32, 26.34], [27.0, 27.0, 27.0, 27.0, 27.0, 27.0, 27.0, 27.2, 27.2, 27.2, 27.2, 26.7, 25.9, 25.9, 25.9, 26.31, 26.34, 26.24, 26.27, 26.29], [27.0, 27.0, 27.13, 27.13, 27.13, 27.2, 27.2, 27.2, 27.2, 27.2, 26.38, 26.47, 26.35, 26.24, 26.36, 26.16, 26.2, 26.13, 26.32, 26.35], [27.13, 27.13, 27.07, 27.07, 27.2, 27.2, 27.2, 27.2, 27.2, 27.2, 26.64, 26.48, 26.31, 26.15, 26.13, 26.09, 26.16, 26.22, 26.25, 26.28], [27.07, 27.07, 27.08, 27.08, 27.2, 27.2, 27.2, 27.2, 27.2, 26.87, 26.7, 26.5, 26.3, 26.15, 25.93, 26.07, 26.17, 26.23, 26.27, 26.3], [27.08, 27.08, 27.08, 27.2, 27.2, 27.2, 27.2, 27.2, 27.08, 26.95, 26.79, 26.62, 26.38, 26.22, 26.06, 26.13, 26.21, 26.27, 26.3, 26.32], [27.08, 27.08, 27.09, 27.09, 27.1, 27.11, 27.13, 27.17, 27.06, 26.94, 26.8, 26.67, 26.44, 26.34, 26.19, 26.23, 26.28, 26.32, 26.34, 26.35], [27.08, 27.08, 27.08, 27.12, 27.12, 27.13, 27.13, 27.14, 26.95, 26.89, 26.81, 26.71, 26.5, 26.26, 26.28, 26.32, 26.35, 26.37, 26.38, 26.38], [27.11, 27.11, 27.11, 27.11, 27.11, 27.11, 27.12, 27.11, 26.9, 26.87, 26.81, 26.74, 26.48, 26.33, 26.36, 26.39, 26.42, 26.43, 26.42, 26.41], [27.1, 27.1, 27.1, 27.1, 27.1, 27.1, 27.1, 27.09, 27.09, 27.08, 27.08, 26.95, 26.72, 26.37, 26.41, 26.45, 26.49, 26.49, 26.46, 26.44], [27.1, 27.1, 27.1, 27.1, 27.09, 27.09, 27.08, 27.07, 27.06, 27.06, 27.06, 26.93, 26.73, 26.68, 26.64, 26.48, 26.56, 26.51, 26.48, 26.45], [27.1, 27.1, 27.09, 27.09, 27.09, 27.08, 27.08, 27.06, 27.04, 27.02, 27.05, 26.94, 26.91, 26.68, 26.64, 26.6, 26.51, 26.5, 26.48, 26.46], [27.1, 27.09, 27.09, 27.09, 27.09, 27.08, 27.07, 27.06, 27.04, 27.03, 26.98, 26.96, 26.92, 26.69, 26.65, 26.63, 26.6, 26.59, 26.47, 26.45], [27.09, 27.09, 27.09, 27.09, 27.08, 27.08, 27.07, 27.07, 27.06, 27.06, 26.99, 26.97, 26.94, 26.75, 26.7, 26.66, 26.64, 26.62, 26.63, 26.63], [27.09, 27.09, 27.09, 27.09, 27.08, 27.08, 27.08, 27.07, 27.07, 27.01, 27.02, 26.98, 26.94, 26.9, 26.73, 26.69, 26.67, 26.65, 26.65, 26.65], [27.09, 27.09, 27.09, 27.09, 27.08, 27.08, 27.08, 27.08, 27.08, 27.04, 27.07, 27.01, 26.96, 26.91, 26.76, 26.72, 26.69, 26.68, 26.67, 26.67], [27.09, 27.09, 27.09, 27.09, 27.09, 27.08, 27.08, 27.08, 27.0, 27.03, 27.05, 27.01, 26.96, 26.92, 26.78, 26.74, 26.71, 26.7, 26.69, 26.68], [27.09, 27.09, 27.09, 27.09, 27.09, 27.08, 27.08, 27.08, 26.99, 27.01, 27.01, 26.99, 26.96, 26.92, 26.79, 26.75, 26.73, 26.71, 26.7, 26.7], [27.09, 27.09, 27.09, 27.09, 27.09, 27.09, 27.09, 26.97, 26.98, 26.98, 26.98, 26.97, 26.95, 26.92, 26.79, 26.76, 26.74, 26.73, 26.71, 26.71]]}]