gis_exercise/awsData/contour/wdir_2023090104.json
[{"header": {"refTime": "2023-09-01T04:00:00.000Z", "nx": 21, "ny": 33, "lo1": 113.509, "la1": 22.2235, "lo2": 113.5947, "la2": 22.1034, "dx": 0.0042850000000001385, "dy": 0.003753125000000024, "parameterCategory": 2, "parameterCategoryName": "Temperature", "parameterNumber": 2}, "data": [0.76, 0.73, 0.7, 1.22, 1.14, 0.75, 0.66, 0.56, 0.54, 0.85, 1.04, 1.22, 0.86, 0.93, 1.22, 1.27, 1.71, 1.71, 1.71, 1.71, 0.77, 0.75, 0.72, 0.67, 1.15, 1.02, 0.59, 0.39, 0.28, 0.66, 1.0, 1.26, 0.94, 1.01, 1.29, 1.71, 1.72, 1.72, 1.72, 1.72, 0.8, 0.78, 0.75, 0.71, 1.19, 1.06, 0.83, 0.26, -0.27, 0.51, 1.05, 1.37, 1.08, 1.13, 1.72, 1.72, 1.73, 1.73, 1.73, 1.73, 0.82, 0.81, 0.79, 0.76, 0.72, 1.17, 0.99, 0.68, 0.4, 0.79, 1.26, 1.56, 1.31, 1.98, 1.72, 1.73, 1.74, 1.75, 1.75, 1.74, 0.85, 0.85, 0.84, 0.83, 0.81, 1.33, 1.26, 1.17, 1.15, 1.28, 1.57, 2.0, 1.95, 1.95, 1.72, 1.73, 1.76, 1.77, 1.77, 1.76, 0.88, 0.88, 0.89, 0.9, 0.91, 0.93, 1.53, 1.58, 1.67, 1.81, 2.17, 2.02, 1.94, 1.93, 1.7, 1.74, 1.79, 1.81, 1.8, 1.77, 1.3, 0.91, 0.93, 0.95, 0.99, 1.05, 2.06, 1.86, 1.98, 2.38, 2.41, 1.99, 1.81, 1.92, 1.66, 1.74, 1.84, 1.88, 2.13, 2.17, 1.28, 1.28, 1.29, 1.68, 1.69, 1.89, 1.99, 2.1, 2.13, 2.46, 2.82, 1.96, 1.84, 1.98, 2.04, 2.03, 2.0, 1.99, 2.0, 2.02, 1.26, 1.26, 1.25, 1.25, 1.6, 1.63, 1.74, 2.04, 2.43, 2.32, 2.54, 2.32, 2.51, 2.42, 2.12, 2.07, 2.03, 2.02, 2.02, 2.03, 1.36, 1.35, 1.33, 1.2, 1.16, 1.43, 1.62, 1.83, 2.51, 2.59, 2.51, 2.54, 2.72, 2.53, 2.18, 2.11, 2.07, 2.05, 2.04, 2.04, 1.36, 1.34, 1.32, 1.28, 1.2, 0.96, 1.34, 1.64, 2.03, 2.56, 2.92, 2.53, 2.56, 2.52, 2.19, 2.13, 2.09, 2.07, 2.06, 2.05, 1.36, 1.34, 1.32, 1.29, 1.25, 1.24, 1.42, 1.86, 2.09, 2.27, 2.86, 2.34, 2.35, 2.5, 2.17, 2.13, 2.1, 2.3, 2.27, 2.26, 1.36, 1.35, 1.33, 1.31, 1.29, 1.28, 1.31, 1.71, 1.96, 1.79, 2.25, 2.33, 2.33, 2.14, 2.12, 2.35, 2.31, 2.29, 2.27, 2.26, 1.37, 1.36, 1.34, 1.33, 1.31, 1.25, 1.07, 1.44, 1.66, 1.68, 2.18, 2.51, 2.49, 2.47, 2.07, 2.29, 2.27, 2.26, 2.25, 2.25, 1.37, 1.37, 1.36, 1.34, 1.33, 1.3, 1.3, 1.38, 1.47, 1.5, 1.49, 1.77, 2.41, 2.37, 2.34, 2.22, 2.22, 2.23, 2.23, 2.24, 1.38, 1.38, 0.89, 0.89, 0.89, 1.29, 1.29, 1.32, 1.35, 1.37, 1.67, 1.7, 1.73, 1.89, 1.91, 2.49, 2.59, 2.68, 2.46, 2.5, 0.88, 0.88, 0.88, 0.88, 1.28, 1.26, 1.24, 1.21, 1.21, 1.24, 1.56, 1.64, 1.71, 1.77, 1.97, 1.99, 2.03, 2.06, 2.07, 2.08, 0.88, 0.87, 0.87, 0.87, 1.25, 1.21, 1.15, 1.08, 1.04, 1.01, 1.13, 1.58, 1.69, 1.95, 1.89, 1.98, 2.04, 2.07, 2.09, 2.09, 0.87, 0.87, 0.87, 1.26, 1.22, 1.17, 1.09, 0.95, 0.81, 0.96, 1.12, 1.26, 1.94, 2.0, 1.98, 2.02, 2.07, 2.1, 2.11, 2.11, 0.87, 0.87, 0.88, 0.88, 0.87, 0.86, 0.84, 0.81, 0.88, 0.99, 1.11, 1.23, 2.0, 2.1, 2.07, 2.1, 2.13, 2.14, 2.14, 2.12, 0.89, 0.89, 0.88, 0.88, 0.87, 0.86, 0.85, 0.84, 0.98, 1.04, 1.11, 1.2, 2.09, 2.12, 2.15, 2.18, 2.21, 2.2, 2.17, 2.14, 0.89, 0.89, 0.89, 0.89, 0.88, 0.88, 0.87, 1.07, 1.04, 1.07, 1.12, 1.18, 2.25, 2.16, 2.22, 2.29, 2.33, 2.28, 2.19, 2.13, 0.89, 0.89, 0.89, 1.19, 1.17, 1.16, 1.14, 1.13, 1.13, 1.14, 1.16, 1.7, 1.81, 2.19, 2.26, 2.4, 2.57, 2.37, 2.16, 2.1, 1.23, 1.23, 1.22, 1.21, 1.21, 1.2, 1.18, 1.17, 1.15, 1.15, 1.18, 2.0, 1.77, 1.92, 2.09, 2.4, 3.13, 2.12, 2.02, 2.04, 1.25, 1.25, 1.25, 1.24, 1.24, 1.23, 1.22, 1.2, 1.15, 1.09, 1.19, 1.93, 2.21, 1.88, 2.0, 2.08, 1.89, 1.44, 1.87, 1.98, 1.27, 1.27, 1.27, 1.27, 1.27, 1.28, 1.27, 1.25, 1.19, 1.14, 1.64, 1.92, 2.17, 1.82, 1.91, 2.09, 1.93, 1.82, 1.89, 1.97, 1.29, 1.29, 1.3, 1.3, 1.31, 1.32, 1.33, 1.33, 1.33, 1.36, 1.82, 1.98, 2.16, 2.14, 2.12, 2.07, 2.0, 1.96, 1.98, 2.01, 1.3, 1.31, 1.32, 1.33, 1.34, 1.36, 1.39, 1.43, 1.49, 1.91, 1.98, 1.53, 1.41, 1.29, 2.11, 2.08, 2.05, 2.02, 2.02, 2.04, 1.32, 1.33, 1.34, 1.36, 1.38, 1.4, 1.44, 1.5, 1.61, 2.03, 1.95, 1.68, 1.49, 1.35, 2.11, 2.09, 2.07, 2.06, 2.05, 2.06, 1.33, 1.34, 1.36, 1.38, 1.4, 1.43, 1.48, 1.55, 1.61, 1.77, 1.86, 1.69, 1.52, 1.39, 2.11, 2.1, 2.08, 2.08, 2.07, 2.07, 1.34, 1.36, 1.37, 1.39, 1.42, 1.45, 1.49, 1.55, 1.58, 1.66, 1.68, 1.61, 1.5, 1.4, 2.11, 2.1, 2.09, 2.09, 2.09, 2.09, 1.35, 1.37, 1.38, 1.4, 1.43, 1.46, 1.5, 1.48, 1.53, 1.57, 1.57, 1.53, 1.47, 1.39, 2.11, 2.11, 2.1, 2.1, 2.1, 2.09]}, {"header": {"refTime": "2023-09-01T04:00:00.000Z", "nx": 21, "ny": 33, "lo1": 113.509, "la1": 22.2235, "lo2": 113.5947, "la2": 22.1034, "dx": 0.0042850000000001385, "dy": 0.003753125000000024, "parameterCategory": 2, "parameterCategoryName": "Temperature", "parameterNumber": 3}, "data": [-3.19, -3.15, -3.1, -2.4, -2.38, -2.11, -2.08, -2.05, -2.03, -1.84, -1.81, -1.78, -2.1, -2.12, -2.94, -3.11, -3.75, -3.87, -3.96, -4.02, -3.22, -3.18, -3.13, -3.06, -2.39, -2.35, -2.09, -2.04, -2.01, -1.85, -1.81, -1.76, -2.07, -2.09, -2.92, -3.62, -3.8, -3.95, -4.05, -4.11, -3.26, -3.22, -3.17, -3.1, -2.41, -2.37, -2.3, -2.04, -1.97, -1.87, -1.79, -1.72, -2.01, -2.04, -3.35, -3.64, -3.89, -4.07, -4.18, -4.22, -3.3, -3.27, -3.23, -3.17, -3.08, -2.41, -2.35, -2.26, -2.17, -1.86, -1.77, -1.66, -1.88, -2.03, -3.3, -3.72, -4.06, -4.27, -4.36, -4.37, -3.35, -3.33, -3.3, -3.25, -3.18, -2.47, -2.45, -2.41, -2.38, -1.85, -1.76, -1.94, -1.56, -1.96, -3.33, -3.9, -4.34, -4.57, -4.61, -4.55, -3.41, -3.4, -3.39, -3.36, -3.3, -3.23, -2.56, -2.57, -2.55, -2.5, -2.33, -2.16, -1.9, -2.82, -3.52, -4.19, -4.79, -5.04, -4.92, -4.73, -4.09, -3.49, -3.49, -3.48, -3.45, -3.38, -3.37, -2.74, -2.75, -2.88, -2.84, -2.6, -3.38, -3.4, -3.78, -4.48, -5.4, -5.74, -5.51, -5.27, -4.11, -4.11, -4.12, -4.56, -4.51, -3.6, -3.45, -3.26, -3.12, -2.83, -2.53, -3.76, -4.01, -3.91, -5.3, -5.6, -5.97, -6.11, -5.91, -5.77, -4.13, -4.15, -4.16, -4.19, -4.6, -4.54, -4.4, -3.38, -3.42, -2.93, -3.6, -4.18, -4.82, -4.51, -5.32, -5.53, -5.74, -5.84, -5.79, -5.72, -4.88, -4.88, -4.88, -4.26, -4.34, -4.7, -4.65, -4.57, -3.83, -3.66, -3.98, -4.47, -5.02, -4.62, -5.34, -5.46, -5.59, -5.67, -5.68, -5.65, -4.87, -4.87, -4.86, -4.86, -4.85, -4.82, -4.94, -5.13, -4.97, -4.15, -4.79, -4.35, -4.54, -4.48, -5.35, -5.43, -5.51, -5.57, -5.59, -5.59, -4.86, -4.86, -4.85, -4.84, -4.83, -4.83, -4.92, -5.29, -5.5, -5.46, -4.95, -5.26, -5.23, -4.35, -5.35, -5.4, -5.46, -5.44, -5.45, -5.44, -4.86, -4.85, -4.83, -4.81, -4.78, -4.71, -4.66, -5.1, -5.36, -5.21, -5.39, -5.29, -5.24, -4.54, -4.49, -5.23, -5.25, -5.28, -5.3, -5.32, -4.85, -4.84, -4.82, -4.79, -4.73, -4.6, -4.28, -4.78, -5.05, -5.09, -5.32, -5.18, -5.06, -4.96, -4.35, -5.02, -5.05, -5.1, -5.15, -5.19, -4.85, -4.84, -4.82, -4.79, -4.74, -4.67, -4.63, -4.59, -4.69, -4.72, -4.71, -4.45, -4.87, -4.74, -4.66, -4.77, -4.84, -4.93, -5.01, -5.07, -4.85, -4.84, -4.25, -4.24, -4.22, -4.48, -4.48, -4.51, -4.55, -4.57, -4.41, -4.31, -4.18, -4.06, -4.02, -4.17, -4.25, -4.32, -4.55, -4.62, -4.25, -4.24, -4.23, -4.21, -4.47, -4.44, -4.42, -4.39, -4.39, -4.42, -4.27, -4.19, -4.06, -3.9, -3.68, -3.85, -3.96, -4.05, -4.11, -4.16, -4.23, -4.22, -4.21, -4.19, -4.43, -4.39, -4.32, -4.23, -4.19, -3.82, -3.79, -4.11, -3.99, -3.68, -3.55, -3.81, -3.97, -4.07, -4.14, -4.19, -4.22, -4.2, -4.19, -4.44, -4.4, -4.34, -4.24, -4.08, -3.83, -3.82, -3.18, -3.12, -3.79, -3.73, -3.79, -3.91, -4.04, -4.13, -4.19, -4.22, -4.2, -4.19, -3.1, -3.12, -3.15, -3.19, -3.28, -3.43, -3.47, -3.25, -3.08, -3.02, -3.84, -3.82, -4.0, -4.06, -4.15, -4.21, -4.25, -4.27, -3.0, -3.01, -3.01, -3.01, -3.03, -3.05, -3.09, -3.15, -3.07, -2.98, -2.89, -2.87, -3.9, -4.13, -4.16, -4.21, -4.27, -4.3, -4.32, -4.32, -2.94, -2.93, -2.92, -2.91, -2.89, -2.87, -2.85, -2.61, -2.7, -2.65, -2.63, -2.66, -2.96, -4.23, -4.27, -4.33, -4.38, -4.4, -4.39, -4.38, -2.88, -2.86, -2.83, -2.47, -2.46, -2.43, -2.38, -2.3, -2.2, -2.13, -2.15, -2.68, -3.2, -4.3, -4.36, -4.42, -4.47, -4.48, -4.45, -4.42, -2.46, -2.44, -2.43, -2.4, -2.36, -2.3, -2.19, -2.03, -1.83, -1.74, -1.86, -2.22, -3.11, -3.53, -3.89, -4.47, -4.53, -4.55, -4.5, -4.45, -2.43, -2.41, -2.38, -2.35, -2.29, -2.21, -2.07, -1.86, -1.51, -1.21, -1.63, -2.14, -2.5, -3.48, -3.85, -4.16, -4.56, -4.59, -4.51, -4.47, -2.4, -2.38, -2.35, -2.31, -2.25, -2.17, -2.04, -1.84, -1.52, -1.27, -1.76, -2.17, -2.48, -3.42, -3.77, -4.33, -4.42, -4.45, -4.5, -4.46, -2.39, -2.36, -2.33, -2.29, -2.24, -2.17, -2.08, -1.96, -1.84, -1.82, -2.08, -2.3, -2.51, -3.96, -4.11, -4.24, -4.32, -4.35, -4.35, -4.32, -2.38, -2.35, -2.33, -2.29, -2.25, -2.2, -2.15, -2.11, -2.12, -2.29, -2.41, -2.49, -2.6, -2.77, -4.01, -4.14, -4.22, -4.26, -4.27, -4.27, -2.37, -2.35, -2.33, -2.3, -2.27, -2.24, -2.22, -2.23, -2.3, -2.54, -2.7, -2.61, -2.64, -2.76, -3.93, -4.05, -4.13, -4.18, -4.21, -4.22, -2.37, -2.35, -2.33, -2.31, -2.29, -2.28, -2.28, -2.3, -2.48, -2.6, -2.68, -2.65, -2.67, -2.75, -3.86, -3.98, -4.06, -4.12, -4.15, -4.17, -2.37, -2.35, -2.34, -2.32, -2.31, -2.31, -2.31, -2.34, -2.52, -2.58, -2.62, -2.65, -2.68, -2.75, -3.83, -3.93, -4.01, -4.06, -4.1, -4.12, -2.37, -2.36, -2.35, -2.33, -2.33, -2.33, -2.33, -2.5, -2.54, -2.58, -2.62, -2.65, -2.69, -2.75, -3.81, -3.9, -3.97, -4.02, -4.06, -4.09]}, {"header": {"refTime": "2023-09-01T04:00:00.000Z", "nx": 21, "ny": 33, "lo1": 113.509, "la1": 22.2235, "lo2": 113.5947, "la2": 22.1034, "dx": 0.0042850000000001385, "dy": 0.003753125000000024, "parameterCategory": 0, "parameterCategoryName": "Temperature", "parameterNumber": 0}, "data": [[27.67, 27.66, 27.65, 27.46, 27.46, 27.64, 27.62, 27.61, 27.61, 27.6, 27.64, 27.69, 27.84, 27.86, 27.82, 27.81, 27.94, 27.93, 27.92, 27.92], [27.68, 27.67, 27.66, 27.64, 27.46, 27.45, 27.6, 27.57, 27.55, 27.57, 27.64, 27.71, 27.86, 27.89, 27.84, 27.96, 27.94, 27.92, 27.91, 27.91], [27.69, 27.68, 27.67, 27.65, 27.46, 27.46, 27.45, 27.54, 27.44, 27.55, 27.66, 27.75, 27.91, 27.93, 27.98, 27.95, 27.93, 27.91, 27.9, 27.9], [27.7, 27.69, 27.68, 27.66, 27.64, 27.46, 27.45, 27.44, 27.43, 27.58, 27.7, 27.82, 27.99, 27.97, 27.99, 27.95, 27.91, 27.89, 27.89, 27.88], [27.71, 27.7, 27.7, 27.68, 27.67, 27.47, 27.47, 27.46, 27.46, 27.63, 27.73, 27.99, 28.11, 28.0, 27.98, 27.93, 27.89, 27.87, 27.86, 27.87], [27.72, 27.72, 27.72, 27.71, 27.69, 27.67, 27.48, 27.49, 27.48, 27.47, 27.81, 27.92, 28.02, 28.1, 27.96, 27.9, 27.85, 27.82, 27.83, 27.85], [27.88, 27.74, 27.74, 27.74, 27.73, 27.71, 27.67, 27.52, 27.51, 27.57, 27.57, 27.81, 28.03, 28.05, 27.94, 27.87, 27.79, 27.76, 27.79, 27.82], [27.89, 27.89, 27.89, 27.89, 27.88, 27.74, 27.7, 27.64, 27.59, 27.55, 27.47, 27.75, 27.75, 28.05, 27.77, 27.8, 27.75, 27.74, 27.76, 27.78], [27.81, 27.82, 27.91, 27.92, 27.92, 27.9, 27.84, 27.68, 27.54, 27.58, 27.59, 27.67, 27.7, 27.65, 27.78, 27.8, 27.78, 27.77, 27.77, 27.78], [28.1, 28.1, 28.1, 27.87, 27.9, 27.99, 27.93, 27.84, 27.49, 27.5, 27.7, 27.62, 27.65, 27.63, 27.78, 27.81, 27.8, 27.79, 27.79, 27.79], [28.1, 28.1, 28.1, 28.1, 28.1, 28.1, 28.1, 28.1, 27.92, 27.53, 27.4, 27.59, 27.61, 27.61, 27.78, 27.82, 27.81, 27.8, 27.8, 27.8], [28.1, 28.1, 28.1, 28.1, 28.1, 28.1, 28.1, 28.1, 28.1, -999.0, 27.4, 27.9, 27.9, 27.6, 27.78, 27.83, 27.82, 26.96, 26.98, 26.98], [28.1, 28.1, 28.1, 28.1, 28.1, 28.1, 28.1, 28.1, 28.1, 28.1, -999.0, 27.9, 27.9, 26.92, 27.35, 27.23, 27.24, 27.08, 27.1, 27.11], [28.1, 28.1, 28.1, 28.1, 28.1, 28.1, 28.1, 28.1, 28.1, 28.1, -999.0, 26.4, 26.4, 26.4, 27.22, 27.12, 27.14, 26.98, 27.01, 27.04], [28.1, 28.1, 28.1, 28.1, 28.1, 28.1, 28.1, 27.9, 27.9, 27.9, 27.9, 27.32, 26.4, 26.4, 26.4, 27.0, 27.03, 26.88, 26.93, 26.97], [28.1, 28.1, 27.97, 27.97, 27.97, 27.9, 27.9, 27.9, 27.9, 27.9, 26.96, 27.06, 26.92, 26.8, 26.93, 26.95, 27.03, 26.89, 27.15, 27.2], [27.97, 27.97, 28.03, 28.03, 27.9, 27.9, 27.9, 27.9, 27.9, 27.9, 27.25, 27.07, 26.87, 26.69, 26.75, 26.72, 26.83, 26.92, 26.98, 27.02], [28.03, 28.03, 28.02, 28.02, 27.9, 27.9, 27.9, 27.9, 27.9, 27.52, 27.32, 27.09, 26.86, 26.76, 26.45, 26.68, 26.84, 26.94, 27.01, 27.05], [28.02, 28.02, 28.02, 27.9, 27.9, 27.9, 27.9, 27.9, 27.77, 27.61, 27.47, 27.28, 27.08, 26.88, 26.66, 26.78, 26.91, 27.0, 27.06, 27.09], [28.02, 28.02, 27.9, 27.9, 27.9, 27.9, 27.9, 27.9, 27.76, 27.64, 27.49, 27.34, 27.18, 27.07, 26.87, 26.94, 27.03, 27.09, 27.12, 27.14], [27.9, 27.9, 27.9, 27.9, 27.9, 27.9, 27.9, 27.9, 27.67, 27.61, 27.51, 27.39, 27.28, 27.0, 27.04, 27.1, 27.16, 27.19, 27.19, 27.19], [27.9, 27.9, 27.9, 27.9, 27.9, 27.9, 27.9, 27.95, 27.64, 27.6, 27.54, 27.45, 27.37, 27.11, 27.16, 27.24, 27.29, 27.29, 27.26, 27.23], [27.9, 27.9, 27.9, 27.98, 27.97, 27.97, 27.96, 27.96, 27.96, 27.96, 27.96, 27.9, 27.63, 27.18, 27.25, 27.35, 27.45, 27.39, 27.31, 27.26], [27.99, 27.99, 27.98, 27.98, 27.98, 27.97, 27.97, 27.96, 27.95, 27.95, 27.96, 27.97, 27.64, 27.6, 27.57, 27.4, 27.66, 27.38, 27.31, 27.27], [27.99, 27.99, 27.99, 27.99, 27.98, 27.98, 27.98, 27.97, 27.95, 27.93, 27.96, 27.98, 27.99, 27.6, 27.55, 27.51, 27.32, 27.22, 27.28, 27.27], [27.99, 27.99, 27.99, 27.99, 27.99, 27.99, 27.99, 27.98, 27.96, 27.94, 27.98, 28.0, 28.0, 27.59, 27.55, 27.55, 27.47, 27.43, 27.27, 27.26], [28.0, 28.0, 28.0, 28.0, 28.0, 28.0, 28.0, 28.0, 28.0, 28.0, 28.02, 28.03, 28.02, 27.72, 27.65, 27.58, 27.53, 27.51, 27.51, 27.53], [28.0, 28.0, 28.0, 28.01, 28.01, 28.01, 28.02, 28.03, 28.04, 28.07, 28.08, 27.93, 27.85, 27.76, 27.69, 27.63, 27.58, 27.56, 27.55, 27.56], [28.01, 28.01, 28.01, 28.01, 28.02, 28.02, 28.03, 28.05, 28.07, 28.12, 28.13, 28.0, 27.89, 27.8, 27.72, 27.67, 27.63, 27.6, 27.59, 27.59], [28.01, 28.01, 28.01, 28.02, 28.02, 28.03, 28.04, 28.06, 27.98, 28.04, 28.09, 28.0, 27.9, 27.82, 27.75, 27.7, 27.66, 27.63, 27.62, 27.61], [28.01, 28.01, 28.02, 28.02, 28.03, 28.03, 28.05, 28.06, 27.95, 27.99, 27.99, 27.95, 27.89, 27.82, 27.76, 27.72, 27.68, 27.66, 27.64, 27.63], [28.01, 28.02, 28.02, 28.02, 28.03, 28.04, 28.05, 27.91, 27.93, 27.94, 27.94, 27.91, 27.87, 27.82, 27.77, 27.73, 27.7, 27.68, 27.66, 27.65]]}]