gis_exercise/awsData/contour/wdir_2023090521.json
[{"header": {"refTime": "2023-09-05T21:00:00.000Z", "nx": 21, "ny": 33, "lo1": 113.509, "la1": 22.2235, "lo2": 113.5947, "la2": 22.1034, "dx": 0.0042850000000001385, "dy": 0.003753125000000024, "parameterCategory": 2, "parameterCategoryName": "Temperature", "parameterNumber": 2}, "data": [0.69, 0.67, 0.64, 0.54, 0.5, 0.2, 0.16, 0.11, 0.08, -0.04, -0.02, 0.0, -0.02, -0.0, 0.08, 0.12, 0.4, 0.43, 0.45, 0.46, 0.71, 0.69, 0.66, 0.62, 0.51, 0.45, 0.14, 0.05, -0.01, -0.07, -0.03, -0.0, -0.02, -0.01, 0.08, 0.37, 0.41, 0.44, 0.46, 0.47, 0.73, 0.71, 0.69, 0.65, 0.54, 0.47, 0.36, 0.02, -0.19, -0.09, -0.02, -0.01, -0.03, -0.01, 0.31, 0.38, 0.43, 0.46, 0.48, 0.49, 0.75, 0.74, 0.72, 0.7, 0.65, 0.53, 0.44, 0.29, 0.15, -0.04, 0.0, -0.01, -0.05, 0.19, 0.3, 0.39, 0.46, 0.5, 0.52, 0.52, 0.78, 0.77, 0.77, 0.75, 0.73, 0.63, 0.59, 0.54, 0.51, 0.07, 0.07, 0.15, -0.06, 0.14, 0.31, 0.42, 0.51, 0.55, 0.56, 0.55, 0.81, 0.81, 0.81, 0.81, 0.81, 0.81, 0.75, 0.78, 0.78, 0.76, 0.42, 0.27, 0.11, 0.22, 0.36, 0.48, 0.59, 0.63, 0.61, 0.58, 1.16, 0.84, 0.85, 0.86, 0.88, 0.91, 1.22, 1.01, 1.03, 1.02, 0.92, 0.49, 0.41, 0.4, 0.43, 0.55, 0.7, 0.75, 0.69, 0.64, 1.15, 1.16, 1.16, 1.24, 1.25, 1.19, 1.22, 1.31, 1.36, 1.02, 0.86, 0.75, 0.74, 0.53, 0.79, 0.81, 0.83, 0.84, 0.83, 0.82, 1.15, 1.15, 1.15, 1.15, 1.22, 1.23, 1.27, 1.25, 1.26, 1.03, 0.79, 0.77, 0.79, 0.78, 0.79, 0.81, 0.82, 0.83, 0.82, 0.82, 1.05, 1.05, 1.06, 1.13, 1.13, 1.18, 1.21, 1.26, 1.2, 1.15, 0.79, 0.79, 0.8, 0.79, 0.8, 0.8, 0.81, 0.82, 0.82, 0.81, 1.05, 1.05, 1.05, 1.06, 1.07, 1.09, 1.07, 1.08, 1.23, 1.16, 0.94, 0.79, 0.79, 0.79, 0.8, 0.8, 0.81, 0.81, 0.81, 0.81, 1.05, 1.05, 1.05, 1.05, 1.05, 1.06, 1.06, 1.1, 1.12, 1.04, 0.97, 0.9, 0.87, 0.79, 0.8, 0.8, 0.8, 0.84, 0.84, 0.84, 1.05, 1.04, 1.04, 1.04, 1.03, 1.02, 1.0, 1.06, 1.1, 1.08, 1.0, 0.92, 0.89, 0.78, 0.78, 0.83, 0.83, 0.83, 0.83, 0.83, 1.04, 1.04, 1.04, 1.03, 1.02, 0.99, 0.93, 1.01, 1.06, 1.07, 1.0, 0.95, 0.93, 0.91, 0.78, 0.83, 0.83, 0.83, 0.83, 0.83, 1.04, 1.04, 1.04, 1.03, 1.02, 1.0, 0.99, 1.01, 1.04, 1.05, 1.05, 1.01, 0.92, 0.9, 0.89, 0.82, 0.82, 0.83, 0.83, 0.83, 1.04, 1.04, 1.0, 1.0, 0.99, 1.01, 1.01, 1.02, 1.03, 1.04, 1.01, 0.99, 0.96, 0.86, 0.85, 0.78, 0.78, 0.78, 0.78, 0.78, 1.01, 1.01, 1.0, 1.0, 1.02, 1.02, 1.03, 1.03, 1.04, 1.04, 1.01, 0.98, 0.94, 0.89, 0.81, 0.7, 0.66, 0.63, 0.61, 0.6, 1.01, 1.01, 1.01, 1.01, 1.03, 1.03, 1.04, 1.04, 1.05, 0.97, 0.94, 0.97, 0.93, 0.82, 0.8, 0.71, 0.66, 0.62, 0.6, 0.59, 1.01, 1.01, 1.01, 1.03, 1.03, 1.04, 1.04, 1.05, 1.04, 0.99, 0.87, 0.83, 0.85, 0.82, 0.72, 0.68, 0.64, 0.61, 0.59, 0.57, 1.01, 1.01, 0.83, 0.84, 0.85, 0.87, 0.9, 0.95, 0.96, 0.9, 0.85, 0.82, 0.85, 0.83, 0.65, 0.63, 0.61, 0.58, 0.57, 0.56, 0.82, 0.82, 0.82, 0.83, 0.83, 0.85, 0.86, 0.88, 0.87, 0.84, 0.81, 0.79, 0.84, 0.61, 0.6, 0.59, 0.57, 0.56, 0.55, 0.54, 0.81, 0.81, 0.81, 0.81, 0.81, 0.81, 0.81, 0.63, 0.79, 0.77, 0.76, 0.76, 0.64, 0.58, 0.57, 0.56, 0.54, 0.53, 0.52, 0.52, 0.8, 0.79, 0.79, 0.53, 0.54, 0.54, 0.55, 0.54, 0.53, 0.52, 0.5, 0.68, 0.45, 0.56, 0.54, 0.54, 0.54, 0.51, 0.5, 0.5, 0.49, 0.49, 0.49, 0.5, 0.5, 0.5, 0.49, 0.48, 0.46, 0.45, 0.44, 0.35, 0.45, 0.45, 0.46, 0.52, 0.58, 0.46, 0.47, 0.49, 0.47, 0.47, 0.47, 0.47, 0.46, 0.45, 0.44, 0.43, 0.42, 0.42, 0.41, 0.33, 0.34, 0.45, 0.45, 0.45, 0.43, 0.37, 0.44, 0.47, 0.45, 0.45, 0.45, 0.44, 0.43, 0.42, 0.4, 0.39, 0.39, 0.4, 0.32, 0.3, 0.31, 0.44, 0.44, 0.35, 0.35, 0.35, 0.45, 0.47, 0.44, 0.43, 0.42, 0.41, 0.4, 0.38, 0.36, 0.34, 0.33, 0.3, 0.24, 0.23, 0.26, 0.24, 0.28, 0.31, 0.33, 0.33, 0.34, 0.33, 0.42, 0.42, 0.4, 0.39, 0.37, 0.35, 0.33, 0.29, 0.24, 0.14, 0.11, 0.08, 0.11, 0.13, 0.25, 0.28, 0.3, 0.31, 0.32, 0.32, 0.41, 0.4, 0.39, 0.37, 0.35, 0.33, 0.29, 0.25, 0.18, 0.03, -0.07, 0.02, 0.08, 0.11, 0.22, 0.26, 0.28, 0.29, 0.3, 0.31, 0.4, 0.39, 0.38, 0.36, 0.34, 0.31, 0.28, 0.23, 0.06, -0.0, -0.04, 0.02, 0.07, 0.1, 0.2, 0.24, 0.26, 0.28, 0.29, 0.29, 0.39, 0.38, 0.37, 0.35, 0.33, 0.3, 0.27, 0.23, 0.07, 0.03, 0.02, 0.04, 0.07, 0.1, 0.19, 0.22, 0.25, 0.26, 0.27, 0.28, 0.38, 0.37, 0.36, 0.34, 0.32, 0.3, 0.27, 0.1, 0.08, 0.06, 0.06, 0.07, 0.08, 0.1, 0.19, 0.21, 0.23, 0.25, 0.26, 0.27]}, {"header": {"refTime": "2023-09-05T21:00:00.000Z", "nx": 21, "ny": 33, "lo1": 113.509, "la1": 22.2235, "lo2": 113.5947, "la2": 22.1034, "dx": 0.0042850000000001385, "dy": 0.003753125000000024, "parameterCategory": 2, "parameterCategoryName": "Temperature", "parameterNumber": 3}, "data": [-0.72, -0.72, -0.73, -1.07, -1.05, -0.76, -0.74, -0.72, -0.71, -0.73, -0.73, -0.73, -0.84, -0.86, -0.94, -1.0, -1.41, -1.45, -1.48, -1.5, -0.72, -0.72, -0.73, -0.73, -1.05, -1.02, -0.74, -0.72, -0.7, -0.72, -0.72, -0.71, -0.82, -0.84, -0.94, -1.36, -1.43, -1.47, -1.51, -1.53, -0.71, -0.72, -0.73, -0.73, -1.06, -1.03, -0.97, -0.71, -0.67, -0.71, -0.72, -0.69, -0.79, -0.82, -1.26, -1.37, -1.45, -1.51, -1.54, -1.56, -0.71, -0.71, -0.72, -0.73, -0.75, -1.06, -1.01, -0.94, -0.87, -0.74, -0.72, -0.66, -0.72, -0.94, -1.24, -1.39, -1.5, -1.56, -1.59, -1.6, -0.7, -0.71, -0.72, -0.73, -0.75, -1.1, -1.08, -1.06, -1.05, -0.8, -0.76, -0.88, -0.57, -0.88, -1.26, -1.45, -1.58, -1.65, -1.66, -1.65, -0.69, -0.69, -0.7, -0.72, -0.75, -0.79, -1.15, -1.17, -1.18, -1.21, -1.22, -1.05, -0.83, -1.21, -1.34, -1.54, -1.71, -1.78, -1.75, -1.7, -0.87, -0.68, -0.68, -0.7, -0.73, -0.78, -1.08, -1.25, -1.27, -1.53, -1.59, -1.38, -1.56, -1.54, -1.47, -1.65, -1.88, -1.96, -1.92, -1.86, -0.85, -0.84, -0.83, -1.04, -1.04, -0.92, -1.04, -1.19, -1.39, -1.52, -1.53, -1.97, -2.05, -1.81, -2.23, -2.21, -2.17, -2.16, -2.18, -2.19, -0.84, -0.82, -0.8, -0.77, -0.95, -0.97, -1.09, -1.09, -1.53, -1.54, -1.9, -2.08, -2.27, -2.18, -2.26, -2.23, -2.2, -2.19, -2.19, -2.2, -1.07, -1.04, -0.99, -0.72, -0.63, -0.74, -0.97, -1.22, -1.67, -1.65, -2.02, -2.17, -2.33, -2.22, -2.28, -2.24, -2.22, -2.21, -2.21, -2.21, -1.08, -1.05, -1.0, -0.91, -0.73, -0.2, -0.91, -1.34, -1.51, -1.77, -2.12, -2.13, -2.19, -2.17, -2.28, -2.25, -2.23, -2.22, -2.22, -2.21, -1.09, -1.07, -1.03, -0.97, -0.89, -0.85, -1.15, -1.62, -1.83, -2.08, -2.14, -2.29, -2.31, -2.13, -2.27, -2.26, -2.24, -2.1, -2.09, -2.08, -1.11, -1.1, -1.08, -1.06, -1.07, -1.15, -1.31, -1.58, -1.75, -1.59, -2.07, -2.28, -2.29, -2.08, -2.06, -2.08, -2.07, -2.06, -2.06, -2.05, -1.13, -1.13, -1.13, -1.13, -1.17, -1.25, -1.33, -1.43, -1.52, -1.51, -2.03, -2.12, -2.09, -2.06, -1.98, -2.01, -2.01, -2.01, -2.02, -2.02, -1.15, -1.16, -1.16, -1.18, -1.22, -1.27, -1.32, -1.62, -1.68, -1.7, -1.71, -1.74, -2.01, -1.97, -1.94, -1.92, -1.94, -1.96, -1.98, -1.99, -1.17, -1.18, -0.98, -1.01, -1.04, -1.59, -1.59, -1.61, -1.64, -1.65, -1.72, -1.69, -1.66, -1.71, -1.7, -1.62, -1.63, -1.63, -1.53, -1.53, -0.98, -0.99, -1.01, -1.04, -1.6, -1.59, -1.59, -1.59, -1.6, -1.61, -1.66, -1.65, -1.63, -1.59, -1.44, -1.27, -1.19, -1.13, -1.08, -1.05, -1.0, -1.02, -1.04, -1.06, -1.6, -1.58, -1.57, -1.55, -1.55, -1.44, -1.44, -1.63, -1.6, -1.44, -1.49, -1.3, -1.19, -1.11, -1.06, -1.03, -1.02, -1.03, -1.06, -1.6, -1.59, -1.58, -1.56, -1.52, -1.45, -1.45, -1.28, -1.27, -1.4, -1.42, -1.32, -1.24, -1.14, -1.07, -1.03, -1.0, -1.03, -1.05, -1.13, -1.14, -1.16, -1.18, -1.22, -1.29, -1.35, -1.28, -1.24, -1.23, -1.37, -1.38, -1.17, -1.13, -1.07, -1.02, -0.99, -0.97, -1.1, -1.1, -1.11, -1.11, -1.12, -1.14, -1.16, -1.19, -1.22, -1.19, -1.17, -1.17, -1.35, -1.08, -1.06, -1.02, -0.98, -0.95, -0.94, -0.93, -1.08, -1.08, -1.08, -1.08, -1.08, -1.08, -1.08, -0.87, -1.09, -1.08, -1.08, -1.1, -0.99, -1.01, -0.98, -0.95, -0.91, -0.89, -0.89, -0.89, -1.06, -1.06, -1.05, -0.75, -0.75, -0.76, -0.75, -0.74, -0.71, -0.69, -0.67, -0.87, -0.62, -0.95, -0.92, -0.89, -0.87, -0.84, -0.84, -0.85, -0.71, -0.71, -0.71, -0.71, -0.7, -0.69, -0.67, -0.64, -0.59, -0.57, -0.58, -0.49, -0.61, -0.65, -0.69, -0.85, -0.9, -0.76, -0.78, -0.82, -0.69, -0.68, -0.68, -0.67, -0.66, -0.64, -0.61, -0.57, -0.51, -0.46, -0.51, -0.47, -0.51, -0.64, -0.67, -0.69, -0.72, -0.65, -0.75, -0.81, -0.67, -0.66, -0.65, -0.64, -0.62, -0.59, -0.56, -0.52, -0.48, -0.45, -0.42, -0.44, -0.48, -0.63, -0.65, -0.62, -0.63, -0.62, -0.77, -0.81, -0.65, -0.64, -0.63, -0.61, -0.59, -0.56, -0.53, -0.49, -0.46, -0.44, -0.38, -0.4, -0.45, -0.52, -0.56, -0.59, -0.6, -0.61, -0.61, -0.61, -0.63, -0.62, -0.61, -0.59, -0.57, -0.54, -0.5, -0.47, -0.42, -0.33, -0.31, -0.27, -0.29, -0.31, -0.53, -0.56, -0.58, -0.59, -0.59, -0.59, -0.62, -0.61, -0.59, -0.57, -0.55, -0.52, -0.48, -0.44, -0.38, -0.26, -0.18, -0.24, -0.28, -0.3, -0.5, -0.53, -0.56, -0.57, -0.58, -0.58, -0.61, -0.59, -0.58, -0.56, -0.54, -0.51, -0.47, -0.43, -0.26, -0.22, -0.2, -0.23, -0.27, -0.29, -0.48, -0.51, -0.54, -0.55, -0.56, -0.57, -0.6, -0.59, -0.57, -0.55, -0.53, -0.5, -0.47, -0.43, -0.26, -0.24, -0.24, -0.25, -0.27, -0.29, -0.47, -0.5, -0.52, -0.54, -0.55, -0.56, -0.59, -0.58, -0.56, -0.55, -0.53, -0.5, -0.48, -0.28, -0.27, -0.26, -0.26, -0.27, -0.28, -0.29, -0.46, -0.49, -0.51, -0.53, -0.54, -0.55]}, {"header": {"refTime": "2023-09-05T21:00:00.000Z", "nx": 21, "ny": 33, "lo1": 113.509, "la1": 22.2235, "lo2": 113.5947, "la2": 22.1034, "dx": 0.0042850000000001385, "dy": 0.003753125000000024, "parameterCategory": 0, "parameterCategoryName": "Temperature", "parameterNumber": 0}, "data": [[30.94, 30.94, 30.93, 30.76, 30.76, 30.94, 30.92, 30.91, 30.91, 30.86, 30.89, 30.93, 31.15, 31.17, 31.19, 31.2, 31.4, 31.4, 31.4, 31.4], [30.95, 30.94, 30.93, 30.92, 30.76, 30.76, 30.91, 30.87, 30.85, 30.83, 30.89, 30.95, 31.17, 31.19, 31.21, 31.4, 31.4, 31.4, 31.4, 31.4], [30.96, 30.95, 30.94, 30.93, 30.77, 30.76, 30.75, 30.84, 30.74, 30.81, 30.91, 30.98, 31.21, 31.23, 31.4, 31.4, 31.4, 31.4, 31.4, 31.4], [30.96, 30.96, 30.95, 30.94, 30.92, 30.77, 30.76, 30.74, 30.73, 30.84, 30.94, 31.05, 31.27, 31.24, 31.4, 31.4, 31.4, 31.4, 31.4, 31.4], [30.97, 30.97, 30.96, 30.96, 30.94, 30.78, 30.78, 30.77, 30.76, 30.87, 30.96, 31.24, 31.34, 31.27, 31.4, 31.4, 31.4, 31.4, 31.4, 31.4], [30.98, 30.98, 30.98, 30.97, 30.97, 30.96, 30.8, 30.8, 30.79, 30.76, 31.09, 31.2, 31.28, 31.4, 31.4, 31.4, 31.4, 31.4, 31.4, 31.4], [31.11, 31.0, 31.0, 31.0, 30.99, 30.99, 30.95, 30.85, 30.84, 30.89, 30.88, 31.14, 31.4, 31.4, 31.4, 31.4, 31.4, 31.4, 31.4, 31.4], [31.11, 31.12, 31.12, 31.11, 31.11, 30.99, 30.97, 30.96, 30.98, 30.86, 30.73, 31.15, 31.16, 31.4, 31.4, 31.4, 31.4, 31.4, 31.4, 31.4], [31.09, 31.09, 31.12, 31.13, 31.13, 31.12, 31.1, 30.96, 30.87, 30.92, 30.91, 31.03, 31.08, 31.01, 31.4, 31.4, 31.4, 31.4, 31.4, 31.4], [31.2, 31.2, 31.2, 31.11, 31.12, 31.15, 31.13, 31.1, 30.77, 30.79, 31.09, 30.95, 31.0, 30.97, 31.4, 31.4, 31.4, 31.4, 31.4, 31.4], [31.2, 31.2, 31.2, 31.2, 31.2, 31.2, 31.2, 31.2, 31.13, 30.86, 30.6, 30.9, 30.94, 30.94, 31.4, 31.4, 31.4, 31.4, 31.4, 31.4], [31.2, 31.2, 31.2, 31.2, 31.2, 31.2, 31.2, 31.2, 31.2, -999.0, 30.6, 31.4, 31.4, 30.92, 31.4, 31.4, 31.4, 29.98, 30.01, 30.02], [31.2, 31.2, 31.2, 31.2, 31.2, 31.2, 31.2, 31.2, 31.2, 31.2, -999.0, 31.4, 31.4, 29.77, 30.49, 30.49, 30.51, 30.2, 30.24, 30.27], [31.2, 31.2, 31.2, 31.2, 31.2, 31.2, 31.2, 31.2, 31.2, 31.2, -999.0, 28.9, 28.9, 28.9, 30.27, 30.28, 30.32, 30.01, 30.07, 30.13], [31.2, 31.2, 31.2, 31.2, 31.2, 31.2, 31.2, 30.6, 30.6, 30.6, 30.6, 29.95, 28.9, 28.9, 28.9, 30.04, 30.12, 29.83, 29.92, 30.0], [31.2, 31.2, 30.82, 30.82, 30.8, 30.6, 30.6, 30.6, 30.6, 30.6, 29.53, 29.65, 29.49, 29.35, 29.51, 29.49, 29.58, 29.42, 29.98, 30.06], [30.81, 30.81, 30.99, 30.98, 30.6, 30.6, 30.6, 30.6, 30.6, 30.6, 29.87, 29.66, 29.44, 29.23, 29.28, 29.2, 29.31, 29.4, 29.45, 29.5], [30.99, 30.98, 30.97, 30.95, 30.6, 30.6, 30.6, 30.6, 30.6, 30.17, 29.94, 29.68, 29.42, 29.29, 28.96, 29.17, 29.32, 29.42, 29.48, 29.52], [30.97, 30.96, 30.95, 30.6, 30.6, 30.6, 30.6, 30.6, 30.45, 30.27, 30.17, 29.96, 29.66, 29.43, 29.15, 29.26, 29.39, 29.48, 29.53, 29.56], [30.97, 30.96, 30.77, 30.76, 30.75, 30.74, 30.71, 30.65, 30.47, 30.36, 30.21, 30.03, 29.76, 29.63, 29.36, 29.42, 29.5, 29.56, 29.59, 29.61], [30.78, 30.78, 30.77, 30.72, 30.72, 30.71, 30.7, 30.69, 30.41, 30.35, 30.24, 30.11, 29.87, 29.48, 29.52, 29.58, 29.63, 29.66, 29.66, 29.65], [30.74, 30.74, 30.74, 30.73, 30.73, 30.73, 30.73, 30.74, 30.41, 30.37, 30.3, 30.2, 30.06, 29.59, 29.64, 29.71, 29.77, 29.77, 29.73, 29.7], [30.75, 30.75, 30.75, 30.76, 30.76, 30.76, 30.77, 30.77, 30.78, 30.79, 30.79, 30.71, 30.29, 29.66, 29.73, 29.83, 29.94, 29.87, 29.77, 29.72], [30.76, 30.77, 30.77, 30.77, 30.77, 30.78, 30.79, 30.8, 30.82, 30.83, 30.82, 30.78, 30.31, 30.21, 30.13, 29.88, 30.2, 29.83, 29.75, 29.72], [30.77, 30.77, 30.77, 30.78, 30.78, 30.79, 30.8, 30.82, 30.85, 30.87, 30.84, 30.79, 30.75, 30.21, 30.12, 30.03, 29.75, 29.61, 29.71, 29.71], [30.77, 30.77, 30.78, 30.78, 30.79, 30.79, 30.81, 30.82, 30.85, 30.87, 30.83, 30.79, 30.76, 30.22, 30.12, 30.01, 29.92, 29.87, 29.7, 29.7], [30.78, 30.78, 30.78, 30.79, 30.79, 30.8, 30.81, 30.82, 30.83, 30.83, 30.81, 30.79, 30.76, 30.22, 30.13, 30.06, 29.99, 29.96, 29.97, 29.99], [30.78, 30.78, 30.78, 30.79, 30.79, 30.8, 30.81, 30.81, 30.82, 30.8, 30.8, 30.61, 30.51, 30.39, 30.18, 30.11, 30.06, 30.03, 30.02, 30.03], [30.78, 30.78, 30.79, 30.79, 30.79, 30.8, 30.8, 30.81, 30.81, 30.8, 30.75, 30.64, 30.54, 30.43, 30.23, 30.16, 30.11, 30.08, 30.06, 30.06], [30.78, 30.78, 30.79, 30.79, 30.79, 30.8, 30.8, 30.8, 30.65, 30.69, 30.71, 30.64, 30.54, 30.45, 30.26, 30.19, 30.15, 30.12, 30.1, 30.09], [30.78, 30.78, 30.79, 30.79, 30.79, 30.8, 30.8, 30.8, 30.62, 30.64, 30.64, 30.6, 30.53, 30.45, 30.28, 30.22, 30.18, 30.15, 30.13, 30.12], [30.78, 30.78, 30.79, 30.79, 30.79, 30.79, 30.8, 30.58, 30.59, 30.6, 30.59, 30.56, 30.51, 30.45, 30.29, 30.24, 30.2, 30.17, 30.15, 30.14]]}]