gis_exercise/awsData/contour/wdir_2023090414.json
[{"header": {"refTime": "2023-09-04T14:00:00.000Z", "nx": 21, "ny": 33, "lo1": 113.509, "la1": 22.2235, "lo2": 113.5947, "la2": 22.1034, "dx": 0.0042850000000001385, "dy": 0.003753125000000024, "parameterCategory": 2, "parameterCategoryName": "Temperature", "parameterNumber": 2}, "data": [-1.24, -1.25, -1.26, -1.26, -1.25, -0.92, -0.91, -0.89, -0.86, -0.4, -0.26, -0.13, -0.14, -0.09, -0.64, -0.73, -0.72, -0.8, -0.87, -0.91, -1.24, -1.25, -1.26, -1.27, -1.26, -1.24, -0.95, -0.95, -0.93, -0.5, -0.27, -0.08, -0.06, -0.02, -0.58, -0.62, -0.76, -0.86, -0.93, -0.98, -1.23, -1.24, -1.25, -1.27, -1.27, -1.26, -1.23, -1.0, -1.08, -0.59, -0.23, 0.03, 0.08, 0.1, -0.43, -0.64, -0.82, -0.95, -1.03, -1.06, -1.22, -1.23, -1.25, -1.27, -1.29, -1.29, -1.26, -1.22, -1.18, -0.45, -0.1, 0.22, 0.32, 0.41, -0.39, -0.7, -0.94, -1.09, -1.16, -1.17, -1.21, -1.22, -1.24, -1.26, -1.29, -1.33, -1.32, -1.29, -1.25, -0.24, 0.03, 0.48, 0.82, 0.48, -0.41, -0.82, -1.14, -1.31, -1.34, -1.29, -1.19, -1.2, -1.21, -1.24, -1.29, -1.36, -1.4, -1.41, -1.35, -1.2, 0.07, 0.28, 0.53, -0.11, -0.55, -1.03, -1.47, -1.65, -1.56, -1.43, -2.2, -1.17, -1.18, -1.2, -1.25, -1.35, -1.29, -1.61, -1.56, -1.06, -0.79, -0.09, -0.52, -0.56, -0.74, -1.25, -1.91, -2.16, -2.05, -1.88, -2.19, -2.14, -2.08, -2.27, -2.26, -1.08, -1.28, -1.65, -1.99, -1.02, -0.49, -0.94, -1.07, -0.95, -1.95, -2.15, -2.37, -2.46, -2.33, -2.25, -2.19, -2.13, -2.05, -1.94, -2.07, -2.11, -2.33, -1.38, -2.37, -1.11, -0.98, -1.3, -1.76, -1.54, -1.99, -2.11, -2.24, -2.29, -2.27, -2.22, -3.14, -3.04, -2.89, -1.86, -1.6, -1.64, -2.15, -2.71, -2.88, -2.6, -1.22, -1.54, -1.94, -1.64, -2.02, -2.08, -2.15, -2.19, -2.2, -2.18, -3.17, -3.07, -2.92, -2.65, -2.09, -0.43, -2.57, -3.74, -3.62, -3.29, -2.92, -1.46, -1.59, -1.55, -2.02, -2.06, -2.1, -2.13, -2.15, -2.14, -3.22, -3.15, -3.04, -2.87, -2.6, -2.47, -3.33, -4.47, -4.94, -4.84, -3.3, -3.02, -2.8, -1.46, -2.02, -2.04, -2.07, -2.21, -2.21, -2.21, -3.29, -3.25, -3.21, -3.18, -3.23, -3.56, -4.1, -4.54, -4.81, -4.46, -4.57, -3.22, -2.99, -1.6, -1.57, -2.11, -2.12, -2.13, -2.13, -2.14, -3.36, -3.36, -3.37, -3.43, -3.6, -3.99, -4.55, -4.37, -4.41, -4.32, -4.61, -3.37, -3.09, -2.89, -1.51, -1.99, -2.01, -2.03, -2.06, -2.08, -3.43, -3.45, -3.49, -3.58, -3.74, -3.98, -4.19, -3.83, -3.63, -3.43, -3.25, -1.95, -2.9, -2.67, -2.53, -1.85, -1.89, -1.94, -1.98, -2.01, -3.49, -3.52, -1.52, -1.63, -1.77, -3.28, -3.23, -3.05, -2.86, -2.75, -1.62, -1.58, -1.52, -0.84, -0.91, -1.29, -1.29, -1.29, -1.32, -1.33, -1.31, -1.34, -1.37, -1.4, -2.83, -2.68, -2.42, -2.07, -1.86, -1.92, -1.13, -1.26, -1.31, -1.3, -0.72, -1.24, -1.27, -1.29, -1.31, -1.33, -1.23, -1.23, -1.22, -1.18, -2.42, -2.11, -1.6, -0.91, -0.56, -0.16, -0.53, -1.01, -1.16, -0.69, -1.1, -1.23, -1.27, -1.3, -1.32, -1.33, -1.15, -1.12, -1.07, -2.36, -2.1, -1.69, -1.01, 0.11, 1.26, 0.31, 0.21, -0.18, -0.22, -0.55, -1.22, -1.24, -1.28, -1.3, -1.33, -1.34, -1.07, -1.03, -1.41, -1.27, -1.07, -0.76, -0.3, 0.35, 1.04, 0.59, 0.13, -0.2, -0.12, -0.35, -1.26, -1.27, -1.29, -1.32, -1.34, -1.36, -1.5, -1.43, -1.34, -1.21, -1.04, -0.8, -0.5, -0.2, 0.41, 0.2, -0.07, -0.3, -0.04, -1.29, -1.29, -1.29, -1.3, -1.32, -1.35, -1.37, -1.46, -1.4, -1.32, -1.21, -1.08, -0.93, -0.77, -0.04, -0.1, -0.22, -0.35, -0.46, -1.16, -1.31, -1.3, -1.28, -1.28, -1.32, -1.37, -1.4, -1.44, -1.39, -1.32, -0.32, -0.32, -0.33, -0.37, -0.45, -0.56, -0.64, -0.65, -0.45, -1.62, -1.33, -1.31, -1.26, -1.17, -1.3, -1.42, -1.44, -0.39, -0.4, -0.41, -0.43, -0.46, -0.52, -0.63, -0.79, -0.99, -1.1, -0.99, -1.33, -1.64, -1.57, -1.49, -1.28, -0.85, -1.49, -1.53, -1.5, -0.44, -0.46, -0.49, -0.52, -0.58, -0.67, -0.81, -1.02, -1.35, -1.61, -1.26, -1.37, -1.21, -1.59, -1.54, -1.51, -1.64, -1.93, -1.63, -1.54, -0.49, -0.51, -0.55, -0.6, -0.67, -0.76, -0.9, -1.09, -1.38, -1.6, -1.53, -1.35, -1.21, -1.62, -1.59, -1.46, -1.59, -1.67, -1.61, -1.55, -0.53, -0.56, -0.6, -0.65, -0.72, -0.81, -0.92, -1.06, -1.2, -1.25, -1.39, -1.29, -1.2, -1.33, -1.39, -1.45, -1.51, -1.55, -1.54, -1.51, -0.56, -0.59, -0.64, -0.69, -0.75, -0.83, -0.91, -1.0, -1.07, -1.29, -1.23, -1.55, -1.66, -1.77, -1.37, -1.42, -1.46, -1.49, -1.49, -1.48, -0.59, -0.62, -0.66, -0.71, -0.77, -0.83, -0.9, -0.96, -1.0, -1.17, -1.18, -1.42, -1.59, -1.72, -1.34, -1.39, -1.42, -1.45, -1.45, -1.45, -0.61, -0.64, -0.68, -0.72, -0.77, -0.82, -0.88, -0.93, -1.48, -1.34, -1.26, -1.41, -1.56, -1.68, -1.33, -1.36, -1.39, -1.42, -1.43, -1.43, -0.62, -0.65, -0.69, -0.72, -0.77, -0.81, -0.86, -0.9, -1.51, -1.44, -1.42, -1.48, -1.58, -1.67, -1.31, -1.35, -1.37, -1.39, -1.4, -1.41, -0.63, -0.66, -0.69, -0.72, -0.76, -0.8, -0.83, -1.59, -1.55, -1.52, -1.51, -1.55, -1.61, -1.68, -1.31, -1.34, -1.36, -1.38, -1.39, -1.4]}, {"header": {"refTime": "2023-09-04T14:00:00.000Z", "nx": 21, "ny": 33, "lo1": 113.509, "la1": 22.2235, "lo2": 113.5947, "la2": 22.1034, "dx": 0.0042850000000001385, "dy": 0.003753125000000024, "parameterCategory": 2, "parameterCategoryName": "Temperature", "parameterNumber": 3}, "data": [-1.92, -1.9, -1.88, -1.79, -1.78, -1.21, -1.23, -1.23, -1.22, -1.27, -1.2, -1.12, -1.12, -1.1, -2.12, -2.31, -2.74, -2.88, -2.99, -3.06, -1.92, -1.91, -1.89, -1.87, -1.78, -1.76, -1.26, -1.29, -1.31, -1.31, -1.19, -1.08, -1.05, -1.04, -2.08, -2.59, -2.81, -2.98, -3.09, -3.16, -1.94, -1.92, -1.91, -1.88, -1.78, -1.76, -1.73, -1.35, -1.48, -1.34, -1.16, -0.99, -0.94, -0.95, -2.27, -2.62, -2.91, -3.13, -3.25, -3.3, -1.95, -1.94, -1.93, -1.9, -1.87, -1.78, -1.75, -1.71, -1.67, -1.31, -1.1, -0.84, -0.73, -0.97, -2.22, -2.71, -3.11, -3.36, -3.46, -3.48, -1.97, -1.96, -1.95, -1.93, -1.9, -1.8, -1.79, -1.77, -1.78, -1.29, -1.08, -0.87, -0.33, -0.86, -2.26, -2.92, -3.44, -3.72, -3.76, -3.69, -1.99, -1.99, -1.98, -1.97, -1.94, -1.91, -1.82, -1.82, -1.85, -1.9, -1.52, -1.17, -0.77, -1.39, -2.47, -3.26, -3.98, -4.29, -4.14, -3.91, -2.43, -2.02, -2.02, -2.01, -1.99, -1.96, -2.09, -1.83, -1.86, -2.14, -2.23, -1.74, -1.96, -1.95, -2.76, -3.61, -4.72, -5.13, -4.69, -4.35, -2.44, -2.44, -2.43, -2.25, -2.24, -2.19, -2.11, -1.96, -1.85, -2.14, -2.27, -2.71, -2.79, -2.42, -4.08, -4.58, -5.2, -5.43, -5.09, -4.87, -2.46, -2.46, -2.45, -2.45, -2.29, -2.27, -2.19, -2.06, -1.99, -2.14, -2.76, -2.98, -3.33, -3.16, -4.03, -4.42, -4.8, -4.97, -4.9, -4.78, -2.63, -2.63, -2.63, -2.49, -2.5, -2.38, -2.3, -2.2, -2.08, -2.11, -2.93, -3.17, -3.47, -3.24, -4.02, -4.28, -4.53, -4.67, -4.69, -4.66, -2.64, -2.64, -2.63, -2.63, -2.62, -2.59, -2.6, -2.56, -2.24, -2.15, -2.91, -3.12, -3.21, -3.17, -4.02, -4.2, -4.37, -4.49, -4.54, -4.54, -2.64, -2.64, -2.64, -2.64, -2.64, -2.63, -2.62, -2.51, -2.45, -2.81, -2.84, -3.04, -3.11, -3.11, -4.03, -4.16, -4.28, -4.79, -4.83, -4.84, -2.65, -2.65, -2.65, -2.66, -2.67, -2.71, -2.74, -2.59, -2.5, -2.54, -2.96, -2.96, -3.03, -3.54, -3.55, -4.57, -4.64, -4.69, -4.73, -4.75, -2.65, -2.65, -2.66, -2.67, -2.7, -2.76, -2.89, -2.7, -2.6, -2.59, -2.94, -3.35, -3.46, -3.54, -3.61, -4.51, -4.56, -4.61, -4.65, -4.68, -2.65, -2.66, -2.67, -2.68, -2.7, -2.73, -2.75, -2.11, -1.93, -1.79, -1.7, -2.12, -3.51, -3.59, -3.64, -4.43, -4.48, -4.53, -4.58, -4.62, -2.65, -2.66, -1.88, -1.9, -1.92, -1.87, -1.84, -1.72, -1.59, -1.51, -1.83, -2.11, -2.43, -3.06, -3.2, -4.17, -4.2, -4.23, -4.76, -4.81, -1.78, -1.77, -1.76, -1.74, -1.62, -1.56, -1.43, -1.25, -1.13, -1.14, -1.67, -2.08, -2.54, -3.03, -3.59, -4.15, -4.19, -4.22, -4.24, -4.25, -1.7, -1.68, -1.64, -1.58, -1.42, -1.27, -1.03, -0.7, -0.53, -1.1, -1.61, -2.01, -2.59, -3.53, -3.98, -4.14, -4.19, -4.23, -4.25, -4.26, -1.64, -1.6, -1.54, -1.38, -1.26, -1.06, -0.74, -0.22, 0.14, -0.74, -1.42, -2.02, -2.94, -3.4, -4.13, -4.17, -4.22, -4.25, -4.27, -4.28, -1.58, -1.53, -1.56, -1.47, -1.34, -1.15, -0.85, -0.42, -0.28, -0.86, -1.46, -1.97, -2.86, -3.24, -4.21, -4.23, -4.26, -4.28, -4.29, -4.29, -1.65, -1.61, -1.56, -1.48, -1.38, -1.24, -1.05, -0.86, -0.99, -1.26, -1.64, -1.99, -2.85, -4.26, -4.27, -4.3, -4.32, -4.32, -4.32, -4.31, -1.66, -1.63, -1.58, -1.53, -1.47, -1.39, -1.31, -0.92, -1.5, -1.66, -1.86, -2.07, -3.94, -4.3, -4.32, -4.36, -4.38, -4.37, -4.34, -4.32, -1.67, -1.65, -1.63, -1.09, -1.11, -1.13, -1.19, -1.27, -1.38, -1.46, -1.45, -2.42, -3.86, -4.32, -4.36, -4.41, -4.47, -4.42, -4.35, -4.33, -1.12, -1.13, -1.15, -1.18, -1.22, -1.29, -1.4, -1.58, -1.8, -1.91, -1.77, -2.9, -3.82, -3.99, -4.15, -4.43, -4.65, -4.36, -4.32, -4.32, -1.15, -1.17, -1.2, -1.24, -1.31, -1.4, -1.54, -1.78, -2.16, -2.48, -2.03, -2.8, -2.94, -3.96, -4.11, -4.23, -4.3, -4.17, -4.28, -4.3, -1.18, -1.21, -1.24, -1.29, -1.36, -1.45, -1.59, -1.81, -2.15, -2.42, -2.65, -2.65, -2.79, -3.93, -4.06, -3.85, -3.96, -3.97, -4.28, -4.3, -1.21, -1.23, -1.27, -1.32, -1.38, -1.46, -1.56, -1.69, -1.83, -1.86, -2.37, -2.42, -2.59, -3.16, -3.44, -3.66, -3.78, -3.83, -3.83, -3.8, -1.22, -1.25, -1.28, -1.32, -1.37, -1.43, -1.5, -1.55, -1.55, -2.01, -1.92, -1.95, -2.17, -2.38, -3.25, -3.47, -3.61, -3.68, -3.71, -3.71, -1.24, -1.26, -1.29, -1.32, -1.36, -1.4, -1.43, -1.43, -1.38, -1.61, -1.22, -1.69, -2.02, -2.27, -3.08, -3.3, -3.46, -3.55, -3.6, -3.61, -1.24, -1.26, -1.29, -1.31, -1.34, -1.36, -1.37, -1.36, -1.82, -1.54, -1.37, -1.67, -1.97, -2.2, -2.96, -3.18, -3.33, -3.43, -3.49, -3.53, -1.24, -1.26, -1.28, -1.3, -1.32, -1.34, -1.34, -1.32, -1.87, -1.74, -1.69, -1.82, -2.0, -2.18, -2.89, -3.09, -3.23, -3.33, -3.4, -3.45, -1.24, -1.26, -1.28, -1.29, -1.31, -1.31, -1.31, -2.04, -1.96, -1.89, -1.88, -1.95, -2.07, -2.2, -2.87, -3.03, -3.16, -3.26, -3.33, -3.38]}, {"header": {"refTime": "2023-09-04T14:00:00.000Z", "nx": 21, "ny": 33, "lo1": 113.509, "la1": 22.2235, "lo2": 113.5947, "la2": 22.1034, "dx": 0.0042850000000001385, "dy": 0.003753125000000024, "parameterCategory": 0, "parameterCategoryName": "Temperature", "parameterNumber": 0}, "data": [[33.63, 33.63, 33.62, 33.01, 33.05, 33.35, 33.39, 33.43, 33.44, 33.27, 33.2, 33.14, 33.4, 33.38, 33.2, 33.17, 33.01, 33.0, 32.99, 32.99], [33.64, 33.63, 33.62, 33.62, 33.05, 33.11, 33.41, 33.49, 33.54, 33.35, 33.22, 33.13, 33.38, 33.36, 33.18, 33.02, 33.0, 32.99, 32.98, 32.98], [33.64, 33.63, 33.62, 33.62, 33.03, 33.09, 33.2, 33.54, 33.73, 33.41, 33.21, 33.1, 33.34, 33.32, 33.04, 33.02, 32.99, 32.98, 32.97, 32.97], [33.65, 33.64, 33.63, 33.61, 33.6, 33.04, 33.12, 33.27, 33.4, 33.29, 33.13, 33.05, 33.27, 32.93, 33.04, 33.01, 32.98, 32.96, 32.95, 32.95], [33.65, 33.65, 33.63, 33.61, 33.59, 32.96, 33.0, 33.04, 33.05, 33.07, 32.99, 32.92, 33.03, 32.96, 33.04, 32.99, 32.95, 32.92, 32.92, 32.93], [33.67, 33.66, 33.65, 33.62, 33.59, 33.53, 32.88, 32.85, 32.81, 32.72, 32.73, 32.88, 32.98, 33.17, 33.03, 32.97, 32.9, 32.87, 32.89, 32.91], [33.64, 33.68, 33.67, 33.65, 33.61, 33.53, 32.95, 32.74, 32.67, 32.49, 32.47, 32.82, 33.21, 33.2, 33.03, 32.94, 32.83, 32.78, 32.77, 32.8], [33.67, 33.68, 33.69, 33.68, 33.64, 33.19, 33.02, 32.82, 32.66, 32.44, 32.21, 32.9, 32.91, 33.2, 32.92, 32.99, 32.86, 32.81, 32.88, 32.93], [33.43, 33.45, 33.75, 33.78, 33.79, 33.72, 33.52, 32.95, 32.48, 32.53, 32.5, 32.69, 32.78, 32.66, 32.94, 33.01, 32.94, 32.9, 32.92, 32.95], [34.4, 34.4, 34.4, 33.6, 33.72, 34.01, 33.81, 33.52, 32.3, 32.34, 32.79, 32.57, 32.64, 32.61, 32.94, 33.04, 32.99, 32.96, 32.96, 32.97], [34.4, 34.4, 34.4, 34.4, 34.4, 34.4, 34.4, 34.4, 33.8, 32.46, 32.0, 32.5, 32.55, 32.56, 32.93, 33.06, 33.02, 33.0, 33.0, 33.0], [34.4, 34.4, 34.4, 34.4, 34.4, 34.4, 34.4, 34.4, 34.4, -999.0, 32.0, 33.3, 33.3, 32.52, 32.93, 33.08, 33.06, 33.1, 33.09, 33.09], [34.4, 34.4, 34.4, 34.4, 34.4, 34.4, 34.4, 34.4, 34.4, 34.4, -999.0, 33.3, 33.3, 33.37, 33.34, 32.95, 32.95, 33.04, 33.02, 33.02], [34.4, 34.4, 34.4, 34.4, 34.4, 34.4, 34.4, 34.4, 34.4, 34.4, -999.0, 33.4, 33.4, 33.4, 33.35, 33.01, 33.0, 33.09, 33.07, 33.06], [34.4, 34.4, 34.4, 34.4, 34.4, 34.4, 34.4, 34.1, 34.1, 34.1, 34.1, 33.83, 33.4, 33.4, 33.4, 33.08, 33.06, 33.14, 33.11, 33.09], [34.4, 34.4, 34.21, 34.21, 34.2, 34.1, 34.1, 34.1, 34.1, 34.1, 33.66, 33.71, 33.64, 33.58, 33.65, 32.74, 32.64, 32.82, 32.73, 32.68], [34.21, 34.21, 34.29, 34.29, 34.1, 34.1, 34.1, 34.1, 34.1, 34.1, 33.8, 33.71, 33.62, 33.54, 33.28, 33.12, 33.02, 32.95, 32.89, 32.86], [34.29, 34.29, 34.28, 34.28, 34.1, 34.1, 34.1, 34.1, 34.1, 33.92, 33.83, 33.72, 33.61, 33.3, 33.38, 33.15, 33.01, 32.92, 32.87, 32.83], [34.29, 34.28, 34.28, 34.1, 34.1, 34.1, 34.1, 34.1, 34.04, 33.96, 33.71, 33.62, 33.27, 33.24, 33.17, 33.06, 32.95, 32.87, 32.82, 32.8], [34.28, 34.28, 33.53, 33.56, 33.59, 33.65, 33.73, 33.94, 33.92, 33.81, 33.69, 33.61, 33.21, 33.14, 32.98, 32.92, 32.84, 32.79, 32.76, 32.76], [33.49, 33.5, 33.52, 33.69, 33.71, 33.74, 33.77, 33.81, 33.76, 33.7, 33.63, 33.58, 33.12, 32.86, 32.83, 32.77, 32.71, 32.69, 32.7, 32.71], [33.63, 33.64, 33.64, 33.65, 33.66, 33.67, 33.68, 33.81, 33.62, 33.59, 33.56, 33.53, 32.73, 32.76, 32.71, 32.63, 32.57, 32.59, 32.64, 32.68], [33.62, 33.62, 33.62, 33.81, 33.8, 33.78, 33.75, 33.72, 33.68, 33.66, 33.68, 33.0, 32.69, 32.7, 32.62, 32.51, 32.38, 32.48, 32.61, 32.66], [33.83, 33.82, 33.81, 33.8, 33.78, 33.75, 33.71, 33.64, 33.56, 33.52, 33.58, 33.06, 32.71, 32.63, 32.54, 32.47, 32.03, 32.57, 32.66, 32.68], [33.83, 33.82, 33.81, 33.79, 33.77, 33.74, 33.68, 33.59, 33.43, 33.29, 33.5, 33.13, 33.02, 32.65, 32.59, 32.55, 32.69, 32.91, 32.73, 32.7], [33.83, 33.82, 33.81, 33.8, 33.77, 33.74, 33.69, 33.61, 33.46, 33.33, 33.24, 33.23, 33.12, 32.68, 32.63, 32.82, 32.82, 32.85, 32.73, 32.71], [33.83, 33.82, 33.82, 33.8, 33.79, 33.77, 33.74, 33.69, 33.65, 33.65, 33.43, 33.38, 33.26, 33.18, 33.03, 32.94, 32.89, 32.88, 32.88, 32.88], [33.84, 33.83, 33.82, 33.82, 33.81, 33.8, 33.79, 33.8, 33.83, 33.67, 33.73, 33.87, 33.79, 33.73, 33.14, 33.03, 32.97, 32.94, 32.92, 32.92], [33.84, 33.84, 33.84, 33.83, 33.83, 33.84, 33.85, 33.88, 33.96, 33.94, 34.25, 34.01, 33.87, 33.78, 33.24, 33.12, 33.05, 33.0, 32.98, 32.96], [33.85, 33.85, 33.85, 33.85, 33.85, 33.86, 33.89, 33.93, 33.93, 34.08, 34.18, 34.03, 33.9, 33.81, 33.3, 33.19, 33.11, 33.06, 33.02, 33.01], [33.85, 33.85, 33.86, 33.86, 33.87, 33.88, 33.91, 33.95, 33.91, 33.99, 34.02, 33.96, 33.88, 33.81, 33.34, 33.23, 33.16, 33.1, 33.07, 33.04], [33.86, 33.86, 33.86, 33.87, 33.88, 33.89, 33.92, 33.83, 33.88, 33.91, 33.93, 33.9, 33.85, 33.81, 33.35, 33.26, 33.19, 33.14, 33.1, 33.08]]}]