gis_exercise/awsData/contour/wdir_2023091409.json
[{"header": {"refTime": "2023-09-14T09:00:00.000Z", "nx": 21, "ny": 33, "lo1": 113.509, "la1": 22.2235, "lo2": 113.5947, "la2": 22.1034, "dx": 0.0042850000000001385, "dy": 0.003753125000000024, "parameterCategory": 2, "parameterCategoryName": "Temperature", "parameterNumber": 2}, "data": [-0.07, -0.08, -0.09, -0.5, -0.49, -0.67, -0.65, -0.63, -0.64, -0.84, -0.94, -1.04, -1.41, -1.47, -1.66, -1.73, -2.32, -2.34, -2.35, -2.37, -0.07, -0.08, -0.09, -0.1, -0.48, -0.47, -0.61, -0.57, -0.55, -0.76, -0.93, -1.07, -1.45, -1.52, -1.71, -2.29, -2.33, -2.35, -2.37, -2.38, -0.06, -0.07, -0.08, -0.1, -0.49, -0.47, -0.45, -0.51, -0.36, -0.7, -0.96, -1.15, -1.54, -1.59, -2.25, -2.3, -2.34, -2.37, -2.39, -2.4, -0.05, -0.05, -0.07, -0.08, -0.1, -0.48, -0.46, -0.43, -0.4, -0.8, -1.06, -1.29, -1.66, -1.81, -2.24, -2.31, -2.37, -2.41, -2.43, -2.43, -0.03, -0.04, -0.05, -0.06, -0.09, -0.49, -0.48, -0.48, -0.49, -0.97, -1.17, -1.8, -1.85, -1.83, -2.24, -2.34, -2.42, -2.46, -2.47, -2.46, -0.02, -0.02, -0.03, -0.04, -0.06, -0.09, -0.5, -0.5, -0.53, -0.6, -1.68, -1.78, -1.84, -2.2, -2.28, -2.39, -2.5, -2.55, -2.53, -2.49, -0.02, 0.0, 0.0, -0.01, -0.02, -0.06, -0.3, -0.48, -0.52, -1.05, -1.23, -1.78, -2.31, -2.32, -2.32, -2.45, -2.61, -2.67, -2.67, -2.64, -0.01, -0.0, 0.0, -0.43, -0.42, -0.18, -0.26, -0.33, -0.51, -1.01, -1.15, -2.11, -2.27, -2.44, -2.68, -2.71, -2.75, -2.76, -2.74, -2.73, -0.01, 0.01, 0.02, 0.04, -0.35, -0.36, -0.44, -0.29, -0.83, -1.05, -1.89, -2.25, -2.55, -2.41, -2.7, -2.71, -2.73, -2.74, -2.73, -2.73, -0.51, -0.48, -0.43, 0.08, 0.14, -0.16, -0.39, -0.64, -1.14, -1.13, -2.1, -2.35, -2.61, -2.44, -2.71, -2.71, -2.72, -2.72, -2.72, -2.72, -0.52, -0.48, -0.43, -0.34, -0.15, 0.41, -0.38, -0.91, -1.1, -1.36, -2.13, -2.3, -2.39, -2.37, -2.71, -2.71, -2.71, -2.72, -2.72, -2.72, -0.53, -0.5, -0.45, -0.39, -0.29, -0.26, -0.61, -1.28, -1.6, -1.93, -2.15, -2.53, -2.57, -2.3, -2.71, -2.71, -2.71, -2.52, -2.52, -2.51, -0.54, -0.52, -0.49, -0.47, -0.46, -0.5, -0.64, -1.14, -1.45, -1.21, -1.92, -2.5, -2.53, -2.37, -2.34, -2.46, -2.45, -2.45, -2.46, -2.46, -0.56, -0.55, -0.54, -0.53, -0.54, -0.55, -0.47, -0.83, -1.06, -1.06, -1.83, -2.27, -2.26, -2.23, -2.24, -2.35, -2.36, -2.38, -2.39, -2.41, -0.58, -0.58, -0.57, -0.58, -0.59, -0.61, -0.65, -0.95, -1.08, -1.12, -1.12, -1.5, -2.16, -2.12, -2.1, -2.23, -2.26, -2.3, -2.33, -2.36, -0.6, -0.6, -0.14, -0.16, -0.19, -0.88, -0.89, -0.93, -0.97, -1.01, -1.41, -1.44, -1.47, -1.66, -1.68, -1.91, -1.93, -1.96, -1.95, -1.98, -0.15, -0.16, -0.17, -0.19, -0.9, -0.88, -0.87, -0.86, -0.87, -0.9, -1.3, -1.38, -1.45, -1.51, -1.5, -1.51, -1.47, -1.44, -1.42, -1.4, -0.16, -0.17, -0.19, -0.21, -0.88, -0.86, -0.82, -0.77, -0.75, -0.72, -0.83, -1.33, -1.43, -1.49, -1.6, -1.52, -1.47, -1.43, -1.41, -1.39, -0.18, -0.19, -0.2, -0.89, -0.87, -0.83, -0.78, -0.68, -0.57, -0.69, -0.95, -1.09, -1.34, -1.45, -1.53, -1.49, -1.45, -1.42, -1.39, -1.38, -0.19, -0.2, -0.64, -0.63, -0.63, -0.63, -0.61, -0.59, -0.69, -0.82, -0.95, -1.07, -1.32, -1.41, -1.46, -1.44, -1.42, -1.39, -1.37, -1.36, -0.66, -0.66, -0.66, -0.66, -0.66, -0.66, -0.65, -0.64, -0.83, -0.89, -0.98, -1.06, -1.31, -1.42, -1.42, -1.4, -1.39, -1.37, -1.35, -1.34, -0.67, -0.67, -0.68, -0.68, -0.69, -0.69, -0.7, -0.72, -0.93, -0.96, -1.01, -1.06, -1.49, -1.39, -1.38, -1.38, -1.37, -1.35, -1.32, -1.32, -0.68, -0.69, -0.69, -0.72, -0.73, -0.73, -0.75, -0.77, -0.79, -0.8, -0.79, -1.1, -1.2, -1.36, -1.36, -1.37, -1.39, -1.33, -1.29, -1.29, -0.71, -0.72, -0.72, -0.73, -0.74, -0.75, -0.78, -0.82, -0.86, -0.89, -0.85, -1.1, -1.2, -1.22, -1.24, -1.35, -1.51, -1.24, -1.23, -1.26, -0.71, -0.72, -0.72, -0.73, -0.75, -0.77, -0.8, -0.85, -0.94, -1.01, -0.9, -1.07, -1.11, -1.21, -1.22, -1.23, -1.17, -1.04, -1.19, -1.24, -0.71, -0.72, -0.73, -0.73, -0.75, -0.76, -0.79, -0.84, -0.92, -0.99, -1.02, -1.02, -1.06, -1.2, -1.2, -1.09, -1.08, -1.06, -1.2, -1.23, -0.71, -0.72, -0.72, -0.73, -0.74, -0.75, -0.77, -0.8, -0.82, -0.82, -0.92, -0.94, -0.99, -0.94, -1.0, -1.04, -1.05, -1.06, -1.06, -1.06, -0.71, -0.72, -0.72, -0.73, -0.73, -0.74, -0.74, -0.74, -0.73, -0.8, -0.77, -0.68, -0.71, -0.72, -0.96, -1.0, -1.02, -1.04, -1.04, -1.04, -0.71, -0.71, -0.72, -0.72, -0.72, -0.72, -0.71, -0.7, -0.66, -0.67, -0.51, -0.61, -0.67, -0.7, -0.92, -0.97, -1.0, -1.01, -1.02, -1.03, -0.71, -0.71, -0.71, -0.71, -0.71, -0.71, -0.69, -0.67, -0.66, -0.59, -0.54, -0.61, -0.66, -0.69, -0.89, -0.94, -0.97, -0.99, -1.0, -1.01, -0.71, -0.71, -0.71, -0.7, -0.7, -0.7, -0.68, -0.66, -0.66, -0.63, -0.61, -0.63, -0.66, -0.69, -0.88, -0.92, -0.95, -0.97, -0.99, -1.0, -0.7, -0.7, -0.7, -0.7, -0.7, -0.69, -0.68, -0.7, -0.68, -0.66, -0.65, -0.66, -0.67, -0.69, -0.87, -0.91, -0.94, -0.96, -0.97, -0.98]}, {"header": {"refTime": "2023-09-14T09:00:00.000Z", "nx": 21, "ny": 33, "lo1": 113.509, "la1": 22.2235, "lo2": 113.5947, "la2": 22.1034, "dx": 0.0042850000000001385, "dy": 0.003753125000000024, "parameterCategory": 2, "parameterCategoryName": "Temperature", "parameterNumber": 3}, "data": [0.52, 0.5, 0.48, 0.35, 0.34, 0.35, 0.32, 0.3, 0.3, 0.31, 0.35, 0.39, 0.79, 0.83, 0.99, 1.07, 1.68, 1.72, 1.74, 1.77, 0.52, 0.51, 0.49, 0.47, 0.34, 0.32, 0.31, 0.26, 0.23, 0.27, 0.35, 0.41, 0.8, 0.85, 1.01, 1.63, 1.69, 1.74, 1.77, 1.79, 0.54, 0.53, 0.51, 0.49, 0.35, 0.33, 0.28, 0.23, 0.1, 0.24, 0.36, 0.44, 0.82, 0.87, 1.53, 1.63, 1.71, 1.77, 1.81, 1.82, 0.55, 0.54, 0.53, 0.51, 0.48, 0.35, 0.32, 0.26, 0.2, 0.29, 0.4, 0.49, 0.84, 0.98, 1.51, 1.66, 1.76, 1.83, 1.86, 1.87, 0.57, 0.56, 0.55, 0.54, 0.52, 0.38, 0.37, 0.35, 0.34, 0.38, 0.46, 0.93, 0.8, 0.96, 1.53, 1.71, 1.85, 1.92, 1.93, 1.92, 0.59, 0.59, 0.58, 0.57, 0.56, 0.54, 0.43, 0.43, 0.44, 0.45, 1.02, 1.01, 0.94, 1.39, 1.61, 1.81, 1.98, 2.05, 2.02, 1.97, 0.89, 0.61, 0.62, 0.62, 0.61, 0.6, 0.7, 0.51, 0.52, 0.88, 0.96, 1.2, 1.68, 1.66, 1.72, 1.91, 2.15, 2.25, 2.15, 2.07, 0.9, 0.89, 0.89, 0.93, 0.92, 0.75, 0.72, 0.67, 0.71, 0.83, 0.75, 1.75, 1.93, 1.87, 2.29, 2.33, 2.38, 2.39, 2.37, 2.35, 0.9, 0.9, 0.9, 0.9, 0.94, 0.93, 0.9, 0.7, 0.71, 0.91, 1.46, 1.84, 2.09, 1.97, 2.3, 2.32, 2.35, 2.36, 2.35, 2.35, 1.07, 1.06, 1.06, 0.92, 0.93, 0.97, 0.95, 0.93, 0.8, 0.78, 1.66, 1.9, 2.12, 1.98, 2.3, 2.32, 2.33, 2.34, 2.34, 2.34, 1.07, 1.06, 1.06, 1.05, 1.04, 1.0, 1.06, 1.1, 1.02, 0.87, 1.46, 1.85, 1.93, 1.92, 2.3, 2.31, 2.32, 2.33, 2.33, 2.33, 1.07, 1.06, 1.06, 1.06, 1.05, 1.05, 1.07, 1.13, 1.16, 1.42, 1.43, 1.94, 2.01, 1.86, 2.3, 2.31, 2.32, 2.07, 2.07, 2.07, 1.07, 1.07, 1.06, 1.06, 1.06, 1.06, 1.07, 1.12, 1.15, 1.12, 1.5, 1.87, 1.94, 1.94, 1.91, 1.99, 2.0, 2.0, 2.01, 2.01, 1.07, 1.07, 1.07, 1.07, 1.06, 1.06, 1.05, 1.09, 1.11, 1.11, 1.47, 1.58, 1.6, 1.6, 1.81, 1.89, 1.9, 1.92, 1.94, 1.96, 1.07, 1.07, 1.07, 1.07, 1.07, 1.07, 1.07, 1.1, 1.11, 1.12, 1.12, 1.16, 1.53, 1.52, 1.51, 1.77, 1.8, 1.84, 1.88, 1.91, 1.07, 1.07, 1.03, 1.03, 1.04, 1.09, 1.09, 1.1, 1.1, 1.11, 1.15, 1.16, 1.16, 1.4, 1.39, 1.51, 1.55, 1.58, 1.63, 1.67, 1.04, 1.04, 1.04, 1.04, 1.1, 1.09, 1.09, 1.1, 1.1, 1.1, 1.14, 1.15, 1.16, 1.16, 1.22, 1.24, 1.26, 1.28, 1.29, 1.3, 1.04, 1.04, 1.04, 1.04, 1.1, 1.09, 1.09, 1.09, 1.09, 1.09, 1.1, 1.15, 1.16, 1.22, 1.18, 1.23, 1.26, 1.28, 1.29, 1.3, 1.04, 1.04, 1.04, 1.1, 1.1, 1.09, 1.09, 1.09, 1.08, 1.09, 1.28, 1.3, 1.24, 1.23, 1.23, 1.25, 1.28, 1.3, 1.3, 1.31, 1.04, 1.04, 1.32, 1.31, 1.3, 1.28, 1.26, 1.21, 1.19, 1.26, 1.31, 1.33, 1.26, 1.27, 1.27, 1.29, 1.3, 1.31, 1.32, 1.32, 1.35, 1.34, 1.34, 1.34, 1.34, 1.33, 1.31, 1.3, 1.31, 1.34, 1.37, 1.38, 1.28, 1.3, 1.31, 1.32, 1.33, 1.34, 1.33, 1.33, 1.36, 1.37, 1.37, 1.37, 1.38, 1.38, 1.39, 1.25, 1.43, 1.45, 1.45, 1.44, 1.61, 1.32, 1.33, 1.35, 1.37, 1.36, 1.35, 1.33, 1.38, 1.39, 1.4, 1.2, 1.22, 1.25, 1.28, 1.32, 1.36, 1.38, 1.35, 1.65, 1.62, 1.33, 1.35, 1.39, 1.42, 1.39, 1.35, 1.34, 1.17, 1.18, 1.19, 1.21, 1.23, 1.26, 1.31, 1.39, 1.48, 1.52, 1.45, 1.48, 1.63, 1.57, 1.51, 1.39, 1.53, 1.35, 1.33, 1.33, 1.16, 1.17, 1.18, 1.2, 1.23, 1.26, 1.32, 1.43, 1.62, 1.78, 1.53, 1.46, 1.4, 1.57, 1.51, 1.45, 1.32, 1.24, 1.31, 1.32, 1.15, 1.16, 1.17, 1.19, 1.21, 1.24, 1.3, 1.39, 1.57, 1.72, 1.53, 1.38, 1.33, 1.57, 1.51, 1.19, 1.21, 1.21, 1.31, 1.32, 1.14, 1.15, 1.16, 1.17, 1.18, 1.2, 1.23, 1.27, 1.32, 1.3, 1.26, 1.2, 1.22, 0.96, 1.06, 1.12, 1.16, 1.17, 1.17, 1.17, 1.13, 1.14, 1.14, 1.14, 1.15, 1.15, 1.14, 1.12, 1.06, 0.99, 0.9, 0.89, 0.96, 1.0, 0.99, 1.06, 1.11, 1.13, 1.14, 1.14, 1.12, 1.12, 1.12, 1.12, 1.11, 1.1, 1.07, 1.01, 0.88, 0.68, 0.42, 0.7, 0.86, 0.95, 0.94, 1.01, 1.06, 1.09, 1.1, 1.11, 1.11, 1.11, 1.1, 1.09, 1.08, 1.05, 1.01, 0.94, 0.82, 0.63, 0.51, 0.68, 0.82, 0.91, 0.9, 0.97, 1.02, 1.05, 1.07, 1.08, 1.1, 1.09, 1.09, 1.07, 1.06, 1.03, 0.98, 0.92, 0.83, 0.74, 0.7, 0.75, 0.84, 0.91, 0.88, 0.94, 0.99, 1.02, 1.04, 1.06, 1.09, 1.08, 1.07, 1.06, 1.04, 1.01, 0.97, 0.92, 0.87, 0.82, 0.8, 0.82, 0.87, 0.92, 0.87, 0.92, 0.96, 1.0, 1.02, 1.04]}, {"header": {"refTime": "2023-09-14T09:00:00.000Z", "nx": 21, "ny": 33, "lo1": 113.509, "la1": 22.2235, "lo2": 113.5947, "la2": 22.1034, "dx": 0.0042850000000001385, "dy": 0.003753125000000024, "parameterCategory": 0, "parameterCategoryName": "Temperature", "parameterNumber": 0}, "data": [[27.98, 27.98, 27.97, 27.71, 27.71, 27.95, 27.94, 27.92, 27.92, 27.74, 27.74, 27.75, 27.94, 27.95, 27.78, 27.76, 27.76, 27.74, 27.73, 27.72], [27.99, 27.98, 27.98, 27.97, 27.72, 27.72, 27.93, 27.9, 27.89, 27.75, 27.75, 27.76, 27.95, 27.96, 27.79, 27.78, 27.75, 27.73, 27.71, 27.71], [27.99, 27.99, 27.98, 27.97, 27.72, 27.72, 27.73, 27.89, 27.82, 27.75, 27.75, 27.78, 27.97, 27.98, 27.82, 27.78, 27.74, 27.71, 27.69, 27.69], [28.0, 27.99, 27.99, 27.98, 27.97, 27.73, 27.73, 27.74, 27.75, 27.73, 27.75, 27.81, 28.0, 27.86, 27.83, 27.76, 27.71, 27.68, 27.66, 27.66], [28.0, 28.0, 28.0, 27.99, 27.99, 27.73, 27.73, 27.73, 27.71, 27.68, 27.72, 27.87, 28.0, 27.89, 27.82, 27.74, 27.66, 27.62, 27.62, 27.63], [28.01, 28.01, 28.01, 28.01, 28.0, 28.0, 27.75, 27.74, 27.71, 27.63, 27.66, 27.8, 27.91, 28.03, 27.8, 27.69, 27.59, 27.54, 27.56, 27.6], [28.1, 28.02, 28.02, 28.02, 28.02, 28.02, 27.85, 27.81, 27.77, 27.6, 27.5, 27.69, 27.99, 28.0, 27.77, 27.64, 27.48, 27.42, 27.45, 27.5], [28.1, 28.1, 28.1, 28.1, 28.1, 27.87, 27.87, 27.92, 27.98, 27.56, 27.27, 27.65, 27.66, 28.0, 27.52, 27.59, 27.46, 27.41, 27.48, 27.53], [28.1, 28.1, 28.1, 28.1, 28.1, 28.1, 28.1, 27.88, 27.78, 27.63, 27.41, 27.53, 27.58, 27.51, 27.54, 27.61, 27.54, 27.5, 27.52, 27.55], [28.1, 28.1, 28.1, 28.1, 28.1, 28.1, 28.1, 28.1, 27.53, 27.59, 27.59, 27.45, 27.5, 27.47, 27.54, 27.64, 27.59, 27.56, 27.56, 27.57], [28.1, 28.1, 28.1, 28.1, 28.1, 28.1, 28.1, 28.1, 28.1, 27.76, 27.1, 27.4, 27.44, 27.44, 27.53, 27.66, 27.62, 27.6, 27.6, 27.6], [28.1, 28.1, 28.1, 28.1, 28.1, 28.1, 28.1, 28.1, 28.1, -999.0, 27.1, 27.9, 27.9, 27.42, 27.53, 27.68, 27.66, 26.9, 26.91, 26.91], [28.1, 28.1, 28.1, 28.1, 28.1, 28.1, 28.1, 28.1, 28.1, 28.1, -999.0, 27.9, 27.9, 27.05, 27.42, 27.05, 27.05, 26.96, 26.98, 26.98], [28.1, 28.1, 28.1, 28.1, 28.1, 28.1, 28.1, 28.1, 28.1, 28.1, -999.0, 26.6, 26.6, 26.6, 27.31, 26.99, 27.0, 26.91, 26.93, 26.94], [28.1, 28.1, 28.1, 28.1, 28.1, 28.1, 28.1, 27.9, 27.9, 27.9, 27.9, 27.4, 26.6, 26.6, 26.6, 26.92, 26.94, 26.86, 26.89, 26.91], [28.1, 28.1, 27.97, 27.97, 27.97, 27.9, 27.9, 27.9, 27.9, 27.9, 27.08, 27.17, 27.05, 26.94, 27.06, 26.71, 26.73, 26.7, 26.86, 26.88], [27.97, 27.97, 28.03, 28.03, 27.9, 27.9, 27.9, 27.9, 27.9, 27.9, 27.34, 27.18, 27.01, 26.85, 26.79, 26.7, 26.74, 26.77, 26.79, 26.8], [28.03, 28.03, 28.02, 28.02, 27.9, 27.9, 27.9, 27.9, 27.9, 27.57, 27.4, 27.2, 27.0, 26.8, 26.63, 26.69, 26.74, 26.78, 26.8, 26.81], [28.02, 28.02, 28.02, 27.9, 27.9, 27.9, 27.9, 27.9, 27.78, 27.65, 27.47, 27.31, 27.01, 26.86, 26.68, 26.72, 26.76, 26.79, 26.81, 26.83], [28.02, 28.02, 27.73, 27.74, 27.75, 27.76, 27.79, 27.85, 27.74, 27.62, 27.48, 27.34, 27.05, 26.95, 26.75, 26.77, 26.8, 26.82, 26.83, 26.84], [27.72, 27.72, 27.73, 27.78, 27.78, 27.79, 27.8, 27.81, 27.63, 27.57, 27.48, 27.38, 27.09, 26.79, 26.8, 26.82, 26.84, 26.85, 26.86, 26.86], [27.76, 27.76, 27.76, 27.77, 27.77, 27.77, 27.77, 27.78, 27.57, 27.53, 27.47, 27.4, 27.02, 26.83, 26.84, 26.86, 26.87, 26.88, 26.88, 26.88], [27.75, 27.75, 27.75, 27.77, 27.76, 27.76, 27.76, 27.75, 27.74, 27.73, 27.73, 27.5, 27.19, 26.85, 26.87, 26.89, 26.9, 26.91, 26.9, 26.89], [27.76, 27.76, 27.76, 27.76, 27.75, 27.75, 27.74, 27.72, 27.7, 27.69, 27.7, 27.48, 27.2, 27.13, 27.07, 26.9, 26.91, 26.93, 26.92, 26.9], [27.76, 27.76, 27.76, 27.75, 27.75, 27.74, 27.73, 27.7, 27.67, 27.64, 27.68, 27.5, 27.45, 27.14, 27.08, 27.02, 26.94, 26.95, 26.92, 26.91], [27.76, 27.76, 27.75, 27.75, 27.74, 27.74, 27.72, 27.7, 27.67, 27.65, 27.57, 27.53, 27.48, 27.15, 27.09, 27.08, 27.05, 27.04, 26.92, 26.91], [27.76, 27.76, 27.75, 27.75, 27.74, 27.74, 27.73, 27.71, 27.7, 27.7, 27.59, 27.56, 27.51, 27.25, 27.18, 27.13, 27.09, 27.08, 27.08, 27.09], [27.76, 27.75, 27.75, 27.75, 27.74, 27.74, 27.73, 27.73, 27.73, 27.64, 27.65, 27.62, 27.57, 27.51, 27.23, 27.17, 27.14, 27.12, 27.11, 27.11], [27.76, 27.75, 27.75, 27.75, 27.75, 27.74, 27.74, 27.74, 27.75, 27.69, 27.75, 27.66, 27.59, 27.53, 27.27, 27.21, 27.18, 27.15, 27.14, 27.14], [27.76, 27.75, 27.75, 27.75, 27.75, 27.75, 27.75, 27.75, 27.65, 27.7, 27.72, 27.66, 27.6, 27.55, 27.3, 27.25, 27.21, 27.18, 27.17, 27.16], [27.76, 27.75, 27.75, 27.75, 27.75, 27.75, 27.75, 27.75, 27.64, 27.66, 27.66, 27.64, 27.59, 27.55, 27.32, 27.27, 27.23, 27.21, 27.19, 27.18], [27.76, 27.75, 27.75, 27.75, 27.75, 27.75, 27.75, 27.6, 27.62, 27.63, 27.62, 27.61, 27.58, 27.55, 27.32, 27.28, 27.25, 27.23, 27.21, 27.2]]}]