gis_exercise/awsData/contour/wdir_2023090820.json
[{"header": {"refTime": "2023-09-08T20:00:00.000Z", "nx": 21, "ny": 33, "lo1": 113.509, "la1": 22.2235, "lo2": 113.5947, "la2": 22.1034, "dx": 0.0042850000000001385, "dy": 0.003753125000000024, "parameterCategory": 2, "parameterCategoryName": "Temperature", "parameterNumber": 2}, "data": [-2.83, -2.82, -2.8, -2.99, -2.95, -3.23, -3.17, -3.11, -3.12, -3.35, -3.54, -3.72, -4.27, -4.38, -5.51, -5.72, -6.78, -6.87, -6.94, -6.99, -2.84, -2.83, -2.81, -2.79, -2.96, -2.9, -3.1, -2.97, -2.9, -3.2, -3.52, -3.79, -4.36, -4.47, -5.6, -6.68, -6.83, -6.94, -7.02, -7.07, -2.86, -2.84, -2.83, -2.81, -2.97, -2.92, -2.83, -2.84, -2.44, -3.07, -3.58, -3.93, -4.52, -4.61, -6.48, -6.71, -6.91, -7.06, -7.14, -7.17, -2.87, -2.86, -2.85, -2.83, -2.81, -2.96, -2.89, -2.76, -2.65, -3.28, -3.76, -4.19, -4.76, -5.07, -6.45, -6.78, -7.06, -7.23, -7.31, -7.31, -2.89, -2.88, -2.87, -2.87, -2.85, -3.03, -3.0, -2.96, -2.96, -3.61, -3.97, -5.06, -5.18, -5.1, -6.47, -6.92, -7.3, -7.51, -7.53, -7.47, -2.9, -2.9, -2.9, -2.9, -2.9, -2.89, -3.1, -3.12, -3.17, -3.24, -4.83, -5.01, -5.13, -6.09, -6.58, -7.15, -7.71, -7.95, -7.82, -7.64, -4.79, -2.92, -2.93, -2.93, -2.94, -2.95, -3.37, -3.22, -3.28, -4.01, -4.21, -4.95, -6.26, -6.39, -6.71, -7.39, -8.28, -8.61, -8.6, -8.41, -4.81, -4.75, -4.66, -4.55, -4.48, -3.34, -3.35, -3.34, -3.46, -3.96, -4.05, -5.8, -6.14, -6.73, -7.93, -8.3, -8.74, -8.9, -8.66, -8.5, -4.86, -4.79, -4.69, -4.56, -4.42, -4.39, -4.44, -3.35, -4.37, -4.03, -5.68, -6.48, -7.44, -6.98, -7.98, -8.22, -8.47, -8.58, -8.53, -8.44, -6.42, -6.3, -6.13, -4.58, -4.32, -4.15, -4.53, -4.93, -5.25, -5.12, -6.22, -6.94, -7.77, -7.17, -8.04, -8.16, -8.3, -8.39, -8.4, -8.36, -6.46, -6.35, -6.17, -5.86, -5.2, -3.28, -5.71, -6.95, -6.09, -5.91, -7.4, -6.77, -7.04, -6.96, -8.05, -8.12, -8.21, -8.27, -8.3, -8.29, -6.53, -6.45, -6.33, -6.14, -5.82, -5.67, -6.62, -7.7, -8.11, -8.86, -7.61, -7.99, -7.96, -6.76, -8.04, -8.09, -8.15, -7.93, -7.92, -7.91, -6.62, -6.58, -6.54, -6.52, -6.61, -7.04, -7.71, -7.92, -8.06, -7.74, -8.88, -8.01, -7.96, -6.73, -6.63, -7.62, -7.63, -7.66, -7.69, -7.71, -6.71, -6.71, -6.74, -6.83, -7.07, -7.61, -8.5, -7.94, -7.8, -7.67, -8.87, -7.65, -7.46, -7.28, -6.35, -7.25, -7.3, -7.37, -7.45, -7.51, -6.79, -6.82, -6.88, -7.01, -7.23, -7.56, -7.82, -7.29, -6.95, -6.67, -6.44, -4.96, -7.1, -6.87, -6.72, -6.81, -6.94, -7.08, -7.2, -7.31, -6.86, -6.9, -4.74, -4.88, -5.07, -6.66, -6.59, -6.34, -6.07, -5.9, -4.56, -4.6, -4.62, -4.7, -4.77, -5.93, -6.09, -6.23, -6.45, -6.58, -4.47, -4.51, -4.56, -4.6, -6.08, -5.91, -5.59, -5.16, -4.89, -4.94, -4.04, -4.27, -4.44, -4.55, -4.43, -4.95, -5.06, -5.14, -5.19, -5.23, -4.37, -4.37, -4.36, -4.31, -5.59, -5.21, -4.61, -3.78, -3.36, -3.12, -3.62, -4.0, -4.3, -4.37, -4.63, -4.92, -5.07, -5.16, -5.22, -5.25, -4.27, -4.24, -4.18, -5.5, -5.2, -4.7, -3.9, -2.57, -1.26, -2.51, -3.07, -3.62, -3.96, -4.32, -4.9, -5.01, -5.14, -5.22, -5.27, -5.29, -4.18, -4.12, -5.2, -5.01, -4.72, -4.29, -3.64, -2.71, -1.79, -2.53, -3.23, -3.71, -3.96, -4.29, -5.11, -5.18, -5.26, -5.31, -5.33, -5.34, -5.38, -5.29, -5.17, -5.0, -4.77, -4.45, -4.03, -3.6, -2.87, -3.21, -3.62, -3.94, -4.02, -5.23, -5.27, -5.34, -5.4, -5.42, -5.4, -5.38, -5.37, -5.29, -5.19, -5.07, -4.91, -4.72, -4.53, -3.46, -3.78, -3.97, -4.16, -4.28, -6.26, -5.34, -5.41, -5.5, -5.56, -5.53, -5.47, -5.41, -5.38, -5.32, -5.25, -3.78, -3.81, -3.87, -3.98, -4.16, -4.38, -4.52, -4.49, -5.28, -6.31, -5.41, -5.5, -5.64, -5.8, -5.66, -5.49, -5.42, -3.83, -3.85, -3.89, -3.95, -4.03, -4.17, -4.4, -4.75, -5.19, -5.4, -5.14, -6.25, -6.35, -6.17, -6.03, -5.68, -6.26, -5.52, -5.41, -5.4, -3.9, -3.94, -3.99, -4.07, -4.2, -4.38, -4.67, -5.14, -5.91, -6.55, -5.65, -6.19, -6.07, -6.17, -6.0, -5.84, -5.35, -5.04, -5.31, -5.36, -3.95, -4.0, -4.07, -4.16, -4.29, -4.48, -4.76, -5.19, -5.89, -6.44, -6.31, -5.98, -5.9, -6.17, -5.99, -5.2, -5.18, -5.14, -5.31, -5.34, -3.99, -4.05, -4.11, -4.2, -4.32, -4.48, -4.69, -4.95, -5.22, -5.27, -5.7, -5.58, -5.63, -4.77, -4.94, -5.06, -5.11, -5.12, -5.12, -5.12, -4.02, -4.07, -4.14, -4.22, -4.31, -4.42, -4.54, -4.64, -4.64, -5.07, -4.85, -4.66, -4.77, -4.8, -4.81, -4.94, -5.01, -5.05, -5.07, -5.07, -4.04, -4.09, -4.14, -4.21, -4.28, -4.35, -4.4, -4.39, -4.26, -4.35, -3.68, -4.26, -4.56, -4.7, -4.7, -4.84, -4.93, -4.98, -5.01, -5.02, -4.05, -4.09, -4.14, -4.19, -4.23, -4.27, -4.28, -4.24, -4.53, -4.12, -3.86, -4.2, -4.48, -4.63, -4.62, -4.76, -4.85, -4.91, -4.95, -4.97, -4.05, -4.09, -4.13, -4.16, -4.19, -4.21, -4.21, -4.16, -4.55, -4.34, -4.25, -4.35, -4.5, -4.62, -4.58, -4.7, -4.79, -4.86, -4.9, -4.93, -4.05, -4.08, -4.11, -4.14, -4.16, -4.17, -4.16, -4.73, -4.61, -4.5, -4.45, -4.49, -4.56, -4.64, -4.56, -4.67, -4.75, -4.81, -4.86, -4.89]}, {"header": {"refTime": "2023-09-08T20:00:00.000Z", "nx": 21, "ny": 33, "lo1": 113.509, "la1": 22.2235, "lo2": 113.5947, "la2": 22.1034, "dx": 0.0042850000000001385, "dy": 0.003753125000000024, "parameterCategory": 2, "parameterCategoryName": "Temperature", "parameterNumber": 3}, "data": [0.44, 0.44, 0.44, 0.85, 0.81, 0.97, 0.91, 0.85, 0.85, 0.99, 1.14, 1.29, 1.89, 1.99, 2.64, 2.8, 3.88, 3.95, 4.0, 4.04, 0.44, 0.44, 0.44, 0.44, 0.82, 0.76, 0.85, 0.72, 0.65, 0.86, 1.13, 1.34, 1.96, 2.06, 2.71, 3.8, 3.91, 4.0, 4.06, 4.1, 0.45, 0.45, 0.45, 0.45, 0.84, 0.78, 0.68, 0.62, 0.25, 0.76, 1.17, 1.45, 2.08, 2.16, 3.64, 3.82, 3.97, 4.08, 4.14, 4.17, 0.45, 0.45, 0.45, 0.46, 0.46, 0.83, 0.75, 0.61, 0.49, 0.93, 1.32, 1.65, 2.24, 2.55, 3.61, 3.87, 4.07, 4.2, 4.25, 4.26, 0.44, 0.45, 0.46, 0.47, 0.48, 0.9, 0.87, 0.83, 0.81, 1.21, 1.5, 2.51, 2.49, 2.56, 3.63, 3.97, 4.24, 4.39, 4.41, 4.37, 0.44, 0.45, 0.46, 0.47, 0.5, 0.54, 0.99, 1.01, 1.04, 1.09, 2.44, 2.54, 2.56, 3.04, 3.74, 4.15, 4.53, 4.69, 4.61, 4.49, 1.52, 0.44, 0.44, 0.46, 0.5, 0.56, 1.04, 1.15, 1.2, 1.89, 2.05, 2.64, 3.29, 3.27, 3.88, 4.33, 4.92, 5.13, 4.81, 4.6, 1.52, 1.48, 1.42, 1.4, 1.39, 0.85, 0.98, 1.16, 1.48, 1.83, 1.8, 3.16, 3.39, 3.44, 4.32, 4.65, 5.07, 5.22, 4.99, 4.84, 1.53, 1.48, 1.4, 1.31, 1.26, 1.28, 1.43, 1.04, 1.86, 1.92, 2.74, 3.23, 3.52, 3.38, 4.26, 4.53, 4.79, 4.91, 4.86, 4.78, 2.31, 2.22, 2.1, 1.26, 1.04, 0.95, 1.32, 1.73, 2.3, 2.23, 2.99, 3.28, 3.53, 3.39, 4.23, 4.43, 4.6, 4.7, 4.72, 4.69, 2.33, 2.25, 2.13, 1.91, 1.44, 0.07, 1.81, 2.71, 2.44, 2.63, 3.24, 3.22, 3.32, 3.31, 4.23, 4.37, 4.49, 4.58, 4.61, 4.62, 2.38, 2.32, 2.24, 2.1, 1.88, 1.77, 2.45, 3.26, 3.57, 4.01, 3.36, 3.86, 3.84, 3.24, 4.24, 4.34, 4.43, 3.68, 3.7, 3.7, 2.44, 2.41, 2.39, 2.37, 2.43, 2.72, 3.19, 3.39, 3.52, 3.28, 3.98, 3.88, 3.86, 2.84, 2.76, 3.28, 3.34, 3.4, 3.45, 3.49, 2.51, 2.51, 2.52, 2.59, 2.75, 3.12, 3.71, 3.37, 3.3, 3.21, 3.98, 3.0, 2.83, 2.68, 2.48, 2.95, 3.03, 3.12, 3.21, 3.28, 2.56, 2.58, 2.63, 2.71, 2.86, 3.09, 3.27, 3.9, 3.88, 3.87, 3.86, 2.67, 2.56, 2.37, 2.25, 2.57, 2.7, 2.84, 2.97, 3.08, 2.61, 2.64, 2.51, 2.59, 2.71, 3.85, 3.85, 3.83, 3.82, 3.81, 2.78, 2.52, 2.22, 1.88, 1.75, 2.11, 2.32, 2.53, 3.16, 3.34, 2.48, 2.52, 2.58, 2.65, 3.81, 3.8, 3.78, 3.75, 3.74, 3.74, 2.72, 2.41, 2.03, 1.59, 1.49, 1.52, 1.83, 2.07, 2.24, 2.35, 2.53, 2.57, 2.63, 2.7, 3.78, 3.75, 3.71, 3.66, 3.63, 2.97, 2.69, 2.37, 1.92, 1.5, 0.78, 1.43, 1.86, 2.14, 2.32, 2.43, 2.56, 2.61, 2.66, 3.78, 3.75, 3.72, 3.66, 3.57, 3.34, 3.05, 2.21, 1.85, 2.23, 1.8, 1.37, 1.69, 2.06, 2.3, 2.45, 2.53, 2.59, 2.63, 2.99, 3.0, 3.01, 3.04, 3.09, 3.18, 2.92, 2.56, 2.18, 1.87, 2.49, 2.29, 1.95, 2.14, 2.37, 2.54, 2.63, 2.66, 2.92, 2.92, 2.91, 2.91, 2.91, 2.92, 2.94, 2.97, 2.47, 2.3, 2.07, 1.85, 2.76, 2.32, 2.41, 2.58, 2.74, 2.82, 2.83, 2.8, 2.87, 2.85, 2.84, 2.82, 2.81, 2.78, 2.76, 2.1, 2.14, 2.04, 1.92, 1.79, 2.27, 2.61, 2.77, 2.97, 3.13, 3.12, 3.02, 2.92, 2.81, 2.79, 2.77, 1.82, 1.83, 1.84, 1.84, 1.81, 1.76, 1.71, 1.67, 2.89, 2.7, 2.81, 3.01, 3.3, 3.61, 3.41, 3.14, 3.0, 1.72, 1.72, 1.72, 1.72, 1.71, 1.69, 1.65, 1.59, 1.5, 1.45, 1.46, 1.94, 2.64, 2.92, 3.2, 3.43, 4.33, 3.31, 3.09, 3.0, 1.67, 1.66, 1.65, 1.63, 1.61, 1.57, 1.51, 1.43, 1.32, 1.25, 1.31, 1.79, 2.13, 2.86, 3.1, 3.28, 3.09, 2.7, 2.97, 2.97, 1.62, 1.61, 1.59, 1.56, 1.52, 1.47, 1.41, 1.33, 1.25, 1.21, 1.43, 1.66, 1.97, 2.79, 2.99, 2.95, 2.94, 2.88, 2.94, 2.95, 1.58, 1.56, 1.53, 1.49, 1.45, 1.39, 1.32, 1.24, 1.17, 1.11, 1.33, 1.5, 1.79, 2.35, 2.6, 2.76, 2.83, 2.85, 2.85, 2.85, 1.54, 1.51, 1.48, 1.44, 1.39, 1.33, 1.25, 1.15, 1.04, 1.09, 1.05, 0.78, 0.89, 1.0, 2.41, 2.59, 2.7, 2.75, 2.78, 2.79, 1.51, 1.48, 1.44, 1.4, 1.34, 1.28, 1.19, 1.08, 0.93, 0.82, 0.42, 0.65, 0.82, 0.94, 2.26, 2.45, 2.58, 2.65, 2.69, 2.71, 1.48, 1.45, 1.41, 1.37, 1.31, 1.24, 1.16, 1.05, 0.71, 0.58, 0.5, 0.65, 0.79, 0.91, 2.15, 2.34, 2.47, 2.56, 2.61, 2.64, 1.46, 1.43, 1.39, 1.34, 1.29, 1.23, 1.15, 1.05, 0.74, 0.67, 0.65, 0.72, 0.81, 0.9, 2.09, 2.26, 2.39, 2.48, 2.54, 2.58, 1.44, 1.41, 1.37, 1.33, 1.28, 1.22, 1.16, 0.82, 0.78, 0.75, 0.75, 0.78, 0.84, 0.91, 2.06, 2.21, 2.33, 2.41, 2.48, 2.52]}, {"header": {"refTime": "2023-09-08T20:00:00.000Z", "nx": 21, "ny": 33, "lo1": 113.509, "la1": 22.2235, "lo2": 113.5947, "la2": 22.1034, "dx": 0.0042850000000001385, "dy": 0.003753125000000024, "parameterCategory": 0, "parameterCategoryName": "Temperature", "parameterNumber": 0}, "data": [[25.63, 25.62, 25.62, 25.39, 25.4, 25.59, 25.6, 25.6, 25.61, 25.53, 25.53, 25.54, 25.73, 25.73, 25.74, 25.74, 25.8, 25.8, 25.8, 25.8], [25.63, 25.63, 25.62, 25.62, 25.4, 25.41, 25.59, 25.6, 25.6, 25.54, 25.54, 25.54, 25.73, 25.74, 25.75, 25.8, 25.8, 25.8, 25.8, 25.8], [25.63, 25.63, 25.62, 25.62, 25.39, 25.41, 25.44, 25.6, 25.6, 25.55, 25.54, 25.56, 25.74, 25.75, 25.8, 25.8, 25.8, 25.8, 25.8, 25.8], [25.64, 25.63, 25.63, 25.62, 25.61, 25.4, 25.42, 25.46, 25.49, 25.53, 25.54, 25.58, 25.76, 25.64, 25.8, 25.8, 25.8, 25.8, 25.8, 25.8], [25.64, 25.64, 25.63, 25.63, 25.61, 25.38, 25.39, 25.4, 25.4, 25.48, 25.51, 25.64, 25.74, 25.67, 25.8, 25.8, 25.8, 25.8, 25.8, 25.8], [25.65, 25.64, 25.64, 25.63, 25.62, 25.6, 25.36, 25.36, 25.34, 25.3, 25.49, 25.6, 25.68, 25.8, 25.8, 25.8, 25.8, 25.8, 25.8, 25.8], [25.68, 25.65, 25.65, 25.65, 25.63, 25.61, 25.42, 25.34, 25.32, 25.29, 25.28, 25.54, 25.8, 25.8, 25.8, 25.8, 25.8, 25.8, 25.8, 25.8], [25.69, 25.69, 25.69, 25.69, 25.68, 25.5, 25.45, 25.4, 25.38, 25.26, 25.13, 25.55, 25.56, 25.8, 25.8, 25.8, 25.8, 25.8, 25.8, 25.8], [25.61, 25.62, 25.71, 25.72, 25.72, 25.7, 25.64, 25.43, 25.27, 25.32, 25.31, 25.43, 25.48, 25.41, 25.8, 25.8, 25.8, 25.8, 25.8, 25.8], [25.9, 25.9, 25.9, 25.67, 25.7, 25.79, 25.73, 25.64, 25.17, 25.19, 25.49, 25.35, 25.4, 25.37, 25.8, 25.8, 25.8, 25.8, 25.8, 25.8], [25.9, 25.9, 25.9, 25.9, 25.9, 25.9, 25.9, 25.9, 25.72, 25.26, 25.0, 25.3, 25.34, 25.34, 25.8, 25.8, 25.8, 25.8, 25.8, 25.8], [25.9, 25.9, 25.9, 25.9, 25.9, 25.9, 25.9, 25.9, 25.9, -999.0, 25.0, 25.8, 25.8, 25.32, 25.8, 25.8, 25.8, 25.12, 25.13, 25.14], [25.9, 25.9, 25.9, 25.9, 25.9, 25.9, 25.9, 25.9, 25.9, 25.9, -999.0, 25.8, 25.8, 25.02, 25.36, 25.36, 25.37, 25.22, 25.25, 25.26], [25.9, 25.9, 25.9, 25.9, 25.9, 25.9, 25.9, 25.9, 25.9, 25.9, -999.0, 24.6, 24.6, 24.6, 25.26, 25.26, 25.28, 25.13, 25.16, 25.19], [25.9, 25.9, 25.9, 25.9, 25.9, 25.9, 25.9, 25.6, 25.6, 25.6, 25.6, 25.22, 24.6, 24.6, 24.6, 25.15, 25.19, 25.05, 25.09, 25.13], [25.9, 25.9, 25.71, 25.71, 25.7, 25.6, 25.6, 25.6, 25.6, 25.6, 24.97, 25.04, 24.95, 24.86, 24.96, 24.82, 24.85, 24.79, 25.07, 25.11], [25.71, 25.71, 25.79, 25.79, 25.6, 25.6, 25.6, 25.6, 25.6, 25.6, 25.17, 25.05, 24.92, 24.8, 24.79, 24.75, 24.8, 24.84, 24.87, 24.89], [25.79, 25.79, 25.78, 25.78, 25.6, 25.6, 25.6, 25.6, 25.6, 25.35, 25.21, 25.06, 24.91, 24.8, 24.63, 24.73, 24.81, 24.86, 24.89, 24.91], [25.79, 25.78, 25.78, 25.6, 25.6, 25.6, 25.6, 25.6, 25.51, 25.41, 25.27, 25.15, 24.98, 24.86, 24.72, 24.78, 24.84, 24.88, 24.91, 24.93], [25.78, 25.78, 25.49, 25.49, 25.5, 25.51, 25.53, 25.57, 25.48, 25.39, 25.29, 25.18, 25.03, 24.95, 24.82, 24.85, 24.89, 24.92, 24.94, 24.95], [25.48, 25.48, 25.48, 25.52, 25.52, 25.53, 25.53, 25.54, 25.4, 25.35, 25.28, 25.21, 25.08, 24.88, 24.9, 24.92, 24.95, 24.97, 24.97, 24.97], [25.51, 25.51, 25.51, 25.51, 25.51, 25.51, 25.52, 25.51, 25.35, 25.33, 25.28, 25.23, 25.05, 24.93, 24.96, 24.99, 25.01, 25.01, 25.01, 25.0], [25.5, 25.5, 25.5, 25.5, 25.5, 25.5, 25.5, 25.49, 25.49, 25.48, 25.48, 25.41, 25.21, 24.97, 25.0, 25.03, 25.07, 25.06, 25.03, 25.01], [25.5, 25.5, 25.5, 25.5, 25.49, 25.49, 25.48, 25.47, 25.46, 25.46, 25.46, 25.38, 25.22, 25.19, 25.16, 25.06, 25.14, 25.07, 25.04, 25.02], [25.5, 25.5, 25.49, 25.49, 25.49, 25.48, 25.48, 25.46, 25.44, 25.42, 25.45, 25.38, 25.37, 25.19, 25.16, 25.14, 25.06, 25.04, 25.04, 25.02], [25.5, 25.49, 25.49, 25.49, 25.49, 25.48, 25.47, 25.46, 25.44, 25.43, 25.4, 25.39, 25.38, 25.19, 25.17, 25.16, 25.13, 25.12, 25.03, 25.02], [25.49, 25.49, 25.49, 25.49, 25.48, 25.48, 25.47, 25.47, 25.46, 25.46, 25.41, 25.41, 25.39, 25.24, 25.21, 25.18, 25.16, 25.15, 25.15, 25.16], [25.49, 25.49, 25.49, 25.49, 25.48, 25.48, 25.48, 25.47, 25.47, 25.44, 25.44, 25.4, 25.36, 25.32, 25.23, 25.2, 25.18, 25.17, 25.17, 25.17], [25.49, 25.49, 25.49, 25.49, 25.48, 25.48, 25.48, 25.48, 25.48, 25.46, 25.47, 25.42, 25.38, 25.34, 25.25, 25.22, 25.2, 25.19, 25.18, 25.18], [25.49, 25.49, 25.49, 25.49, 25.49, 25.48, 25.48, 25.48, 25.41, 25.44, 25.46, 25.42, 25.38, 25.35, 25.26, 25.24, 25.22, 25.2, 25.2, 25.19], [25.49, 25.49, 25.49, 25.49, 25.49, 25.48, 25.48, 25.48, 25.4, 25.42, 25.42, 25.4, 25.38, 25.35, 25.27, 25.25, 25.23, 25.22, 25.21, 25.2], [25.49, 25.49, 25.49, 25.49, 25.49, 25.49, 25.49, 25.39, 25.39, 25.4, 25.4, 25.39, 25.37, 25.35, 25.27, 25.25, 25.24, 25.23, 25.22, 25.21]]}]