gis_exercise/awsData/contour/wdir_2023091302.json
[{"header": {"refTime": "2023-09-13T02:00:00.000Z", "nx": 21, "ny": 33, "lo1": 113.509, "la1": 22.2235, "lo2": 113.5947, "la2": 22.1034, "dx": 0.0042850000000001385, "dy": 0.003753125000000024, "parameterCategory": 2, "parameterCategoryName": "Temperature", "parameterNumber": 2}, "data": [-1.6, -1.61, -1.62, -1.81, -1.81, -1.9, -1.89, -1.87, -1.87, -1.74, -1.74, -1.74, -1.81, -1.81, -2.21, -2.26, -2.3, -2.33, -2.35, -2.37, -1.59, -1.6, -1.62, -1.63, -1.81, -1.81, -1.88, -1.86, -1.84, -1.74, -1.74, -1.75, -1.82, -1.82, -2.21, -2.27, -2.32, -2.35, -2.38, -2.39, -1.58, -1.59, -1.61, -1.63, -1.82, -1.81, -1.8, -1.84, -1.78, -1.74, -1.74, -1.75, -1.83, -1.83, -2.21, -2.28, -2.35, -2.39, -2.42, -2.43, -1.57, -1.58, -1.59, -1.62, -1.64, -1.82, -1.81, -1.8, -1.78, -1.73, -1.74, -1.77, -1.84, -1.78, -2.2, -2.3, -2.39, -2.45, -2.47, -2.47, -1.55, -1.56, -1.57, -1.6, -1.63, -1.84, -1.83, -1.82, -1.81, -1.71, -1.73, -1.78, -1.84, -1.79, -2.21, -2.35, -2.48, -2.54, -2.55, -2.53, -1.53, -1.53, -1.54, -1.57, -1.6, -1.65, -1.86, -1.87, -1.84, -1.79, -1.69, -1.75, -1.8, -2.09, -2.23, -2.42, -2.61, -2.69, -2.65, -2.58, -2.22, -1.5, -1.51, -1.52, -1.56, -1.62, -1.65, -1.94, -1.92, -1.77, -1.68, -1.7, -2.11, -2.17, -2.26, -2.5, -2.8, -2.92, -2.94, -2.88, -2.22, -2.18, -2.13, -1.99, -1.99, -1.49, -1.62, -1.85, -2.08, -1.75, -1.56, -1.93, -2.02, -2.26, -2.65, -2.79, -2.95, -3.01, -2.92, -2.86, -2.22, -2.18, -2.11, -2.03, -1.87, -1.89, -2.04, -1.69, -2.29, -1.79, -1.97, -2.19, -2.53, -2.37, -2.68, -2.76, -2.85, -2.89, -2.87, -2.84, -2.7, -2.64, -2.53, -1.98, -1.78, -1.59, -1.91, -2.25, -2.55, -2.43, -2.14, -2.37, -2.66, -2.44, -2.7, -2.74, -2.79, -2.82, -2.83, -2.81, -2.73, -2.67, -2.56, -2.38, -1.99, -0.87, -2.27, -2.97, -2.74, -2.76, -2.88, -2.31, -2.4, -2.37, -2.71, -2.73, -2.76, -2.78, -2.79, -2.79, -2.77, -2.73, -2.66, -2.55, -2.36, -2.27, -2.81, -3.38, -3.58, -3.82, -3.02, -2.97, -2.9, -2.31, -2.7, -2.72, -2.74, -2.76, -2.76, -2.75, -2.83, -2.81, -2.79, -2.78, -2.84, -3.1, -3.51, -3.54, -3.57, -3.42, -3.78, -3.03, -2.96, -2.32, -2.29, -2.68, -2.68, -2.68, -2.69, -2.7, -2.88, -2.88, -2.9, -2.96, -3.12, -3.46, -4.05, -3.62, -3.49, -3.4, -3.81, -3.02, -2.91, -2.82, -2.22, -2.56, -2.58, -2.6, -2.62, -2.64, -2.93, -2.95, -2.99, -3.07, -3.21, -3.42, -3.58, -3.55, -3.39, -3.26, -3.18, -2.3, -2.78, -2.67, -2.6, -2.44, -2.47, -2.51, -2.55, -2.58, -2.97, -3.0, -2.24, -2.32, -2.43, -3.31, -3.28, -3.17, -3.05, -2.98, -2.19, -2.15, -2.09, -1.89, -1.9, -2.18, -2.22, -2.27, -2.32, -2.36, -2.13, -2.16, -2.19, -2.23, -3.08, -3.01, -2.88, -2.71, -2.6, -2.62, -1.99, -2.01, -1.99, -1.94, -1.77, -1.78, -1.77, -1.76, -1.76, -1.75, -2.1, -2.12, -2.13, -2.14, -2.88, -2.74, -2.5, -2.18, -2.01, -1.81, -1.93, -1.91, -1.93, -1.76, -1.79, -1.78, -1.77, -1.76, -1.76, -1.75, -2.08, -2.08, -2.07, -2.84, -2.73, -2.53, -2.22, -1.71, -1.18, -1.59, -1.51, -1.62, -1.69, -1.76, -1.78, -1.78, -1.77, -1.77, -1.76, -1.75, -2.05, -2.04, -2.5, -2.44, -2.33, -2.18, -1.96, -1.64, -1.23, -1.4, -1.55, -1.65, -1.7, -1.77, -1.78, -1.78, -1.77, -1.77, -1.76, -1.75, -2.54, -2.51, -2.46, -2.4, -2.31, -2.19, -2.04, -1.89, -1.48, -1.55, -1.64, -1.71, -1.72, -1.77, -1.78, -1.78, -1.78, -1.77, -1.75, -1.74, -2.52, -2.48, -2.44, -2.39, -2.32, -2.24, -2.16, -1.6, -1.69, -1.73, -1.77, -1.79, -2.26, -1.77, -1.78, -1.8, -1.81, -1.79, -1.75, -1.73, -2.5, -2.47, -2.43, -1.66, -1.67, -1.69, -1.72, -1.76, -1.82, -1.85, -1.84, -2.07, -2.05, -1.77, -1.79, -1.83, -1.89, -1.81, -1.73, -1.71, -1.67, -1.67, -1.68, -1.7, -1.72, -1.76, -1.81, -1.9, -2.01, -2.06, -1.99, -2.25, -2.06, -1.98, -1.92, -1.82, -2.12, -1.69, -1.65, -1.67, -1.68, -1.69, -1.7, -1.72, -1.75, -1.8, -1.87, -1.99, -2.19, -2.35, -2.12, -2.23, -2.2, -1.98, -1.9, -1.82, -1.59, -1.39, -1.59, -1.65, -1.69, -1.7, -1.72, -1.74, -1.77, -1.82, -1.89, -2.0, -2.17, -2.32, -2.26, -2.17, -2.15, -1.98, -1.89, -1.62, -1.56, -1.52, -1.6, -1.64, -1.7, -1.71, -1.73, -1.75, -1.77, -1.81, -1.86, -1.92, -1.99, -2.0, -2.09, -2.06, -2.07, -1.58, -1.6, -1.6, -1.58, -1.57, -1.57, -1.59, -1.7, -1.71, -1.73, -1.74, -1.77, -1.79, -1.81, -1.83, -1.82, -1.91, -1.84, -1.68, -1.65, -1.61, -1.58, -1.59, -1.58, -1.58, -1.58, -1.59, -1.7, -1.71, -1.73, -1.74, -1.75, -1.76, -1.77, -1.76, -1.71, -1.7, -1.47, -1.58, -1.61, -1.6, -1.57, -1.58, -1.58, -1.58, -1.58, -1.59, -1.7, -1.71, -1.72, -1.73, -1.74, -1.74, -1.74, -1.71, -1.66, -1.57, -1.51, -1.56, -1.59, -1.59, -1.56, -1.57, -1.58, -1.58, -1.58, -1.59, -1.7, -1.71, -1.72, -1.72, -1.72, -1.72, -1.72, -1.7, -1.65, -1.6, -1.58, -1.58, -1.59, -1.59, -1.55, -1.56, -1.57, -1.58, -1.58, -1.59, -1.7, -1.71, -1.71, -1.71, -1.71, -1.71, -1.7, -1.68, -1.65, -1.62, -1.61, -1.6, -1.6, -1.59, -1.55, -1.56, -1.57, -1.58, -1.58, -1.58]}, {"header": {"refTime": "2023-09-13T02:00:00.000Z", "nx": 21, "ny": 33, "lo1": 113.509, "la1": 22.2235, "lo2": 113.5947, "la2": 22.1034, "dx": 0.0042850000000001385, "dy": 0.003753125000000024, "parameterCategory": 2, "parameterCategoryName": "Temperature", "parameterNumber": 3}, "data": [0.25, 0.23, 0.21, -0.01, -0.03, -0.17, -0.19, -0.21, -0.22, -0.2, -0.18, -0.16, 0.06, 0.09, 0.37, 0.45, 0.93, 0.98, 1.01, 1.04, 0.27, 0.25, 0.22, 0.19, -0.03, -0.06, -0.2, -0.23, -0.26, -0.23, -0.19, -0.16, 0.06, 0.09, 0.37, 0.87, 0.95, 1.01, 1.05, 1.07, 0.28, 0.27, 0.24, 0.21, -0.02, -0.05, -0.1, -0.25, -0.34, -0.25, -0.18, -0.15, 0.06, 0.09, 0.76, 0.88, 0.98, 1.06, 1.1, 1.12, 0.31, 0.29, 0.27, 0.24, 0.2, -0.02, -0.06, -0.13, -0.19, -0.21, -0.16, -0.14, 0.03, 0.2, 0.73, 0.91, 1.05, 1.13, 1.17, 1.18, 0.33, 0.32, 0.31, 0.28, 0.25, 0.02, -0.0, -0.02, -0.03, -0.13, -0.11, 0.16, -0.04, 0.17, 0.75, 0.98, 1.16, 1.25, 1.27, 1.25, 0.36, 0.36, 0.35, 0.34, 0.31, 0.27, 0.06, 0.08, 0.09, 0.1, 0.35, 0.27, 0.14, 0.47, 0.84, 1.1, 1.34, 1.44, 1.39, 1.32, 0.52, 0.4, 0.4, 0.4, 0.38, 0.35, 0.47, 0.15, 0.17, 0.45, 0.5, 0.5, 0.75, 0.72, 0.96, 1.23, 1.58, 1.71, 1.54, 1.42, 0.53, 0.54, 0.55, 0.54, 0.54, 0.57, 0.49, 0.39, 0.32, 0.42, 0.39, 0.97, 1.07, 0.92, 1.48, 1.61, 1.77, 1.83, 1.74, 1.69, 0.54, 0.55, 0.57, 0.59, 0.6, 0.58, 0.5, 0.46, 0.23, 0.46, 0.81, 1.03, 1.19, 1.11, 1.47, 1.57, 1.67, 1.71, 1.69, 1.66, 0.47, 0.49, 0.52, 0.63, 0.69, 0.72, 0.59, 0.44, 0.18, 0.2, 0.93, 1.07, 1.21, 1.13, 1.46, 1.53, 1.6, 1.63, 1.64, 1.63, 0.46, 0.48, 0.51, 0.56, 0.68, 1.02, 0.59, 0.36, 0.31, 0.15, 0.6, 1.04, 1.09, 1.08, 1.46, 1.51, 1.56, 1.59, 1.6, 1.6, 0.45, 0.46, 0.48, 0.52, 0.57, 0.6, 0.43, 0.22, 0.14, 0.31, 0.53, 0.89, 0.97, 1.05, 1.46, 1.5, 1.53, 1.28, 1.29, 1.28, 0.43, 0.44, 0.45, 0.45, 0.44, 0.37, 0.25, 0.19, 0.15, 0.22, 0.41, 0.81, 0.89, 0.94, 0.91, 1.13, 1.15, 1.17, 1.19, 1.2, 0.42, 0.42, 0.41, 0.4, 0.36, 0.27, 0.13, 0.2, 0.21, 0.24, 0.39, 0.49, 0.52, 0.52, 0.81, 1.01, 1.03, 1.07, 1.1, 1.13, 0.4, 0.4, 0.39, 0.37, 0.33, 0.28, 0.23, 0.45, 0.54, 0.61, 0.66, 0.68, 0.44, 0.44, 0.43, 0.86, 0.91, 0.96, 1.01, 1.05, 0.39, 0.38, 0.97, 0.95, 0.91, 0.62, 0.64, 0.7, 0.77, 0.81, 0.83, 0.74, 0.63, 0.81, 0.73, 0.83, 0.94, 1.04, 1.29, 1.37, 1.04, 1.04, 1.03, 1.03, 0.77, 0.81, 0.9, 1.01, 1.08, 1.06, 0.97, 0.8, 0.63, 0.46, 0.65, 0.68, 0.88, 1.03, 1.14, 1.21, 1.07, 1.08, 1.09, 1.11, 0.9, 1.0, 1.16, 1.37, 1.48, 1.35, 1.11, 0.86, 0.63, 0.66, 0.2, 0.62, 0.9, 1.08, 1.19, 1.26, 1.11, 1.12, 1.15, 0.92, 1.0, 1.13, 1.34, 1.69, 1.99, 1.54, 1.26, 0.98, 1.15, 0.85, 0.58, 0.78, 1.02, 1.18, 1.27, 1.33, 1.14, 1.16, 1.0, 1.05, 1.12, 1.23, 1.41, 1.65, 1.8, 1.52, 1.23, 1.0, 1.3, 1.15, 0.95, 1.07, 1.22, 1.32, 1.38, 1.41, 0.95, 0.97, 1.0, 1.05, 1.11, 1.19, 1.3, 1.41, 1.44, 1.31, 1.13, 0.97, 1.46, 1.18, 1.24, 1.34, 1.44, 1.5, 1.51, 1.5, 0.95, 0.97, 0.99, 1.03, 1.07, 1.11, 1.16, 1.27, 1.18, 1.1, 1.01, 0.92, 1.0, 1.36, 1.46, 1.58, 1.67, 1.68, 1.63, 1.58, 0.94, 0.96, 0.98, 1.11, 1.12, 1.11, 1.1, 1.06, 1.01, 0.97, 0.96, 1.5, 1.4, 1.49, 1.61, 1.77, 1.93, 1.85, 1.72, 1.64, 1.07, 1.07, 1.06, 1.05, 1.04, 1.01, 0.96, 0.89, 0.8, 0.75, 0.79, 0.97, 1.35, 1.54, 1.71, 1.86, 2.27, 1.85, 1.72, 1.66, 1.04, 1.03, 1.02, 1.0, 0.97, 0.93, 0.87, 0.77, 0.63, 0.51, 0.66, 0.9, 1.1, 1.51, 1.67, 1.8, 1.76, 1.61, 1.68, 1.66, 1.01, 1.0, 0.98, 0.96, 0.93, 0.88, 0.82, 0.73, 0.6, 0.51, 0.69, 0.86, 1.05, 1.47, 1.61, 1.72, 1.73, 1.7, 1.66, 1.64, 0.99, 0.97, 0.95, 0.93, 0.89, 0.85, 0.79, 0.72, 0.66, 0.63, 0.73, 0.84, 0.99, 1.46, 1.57, 1.64, 1.68, 1.68, 1.69, 1.68, 0.97, 0.95, 0.93, 0.9, 0.87, 0.83, 0.78, 0.73, 0.68, 0.7, 0.72, 0.61, 0.66, 0.72, 1.49, 1.57, 1.62, 1.64, 1.65, 1.65, 0.95, 0.94, 0.91, 0.89, 0.86, 0.82, 0.78, 0.73, 0.69, 0.68, 0.57, 0.61, 0.65, 0.7, 1.42, 1.51, 1.56, 1.59, 1.61, 1.62, 0.94, 0.92, 0.9, 0.88, 0.85, 0.82, 0.78, 0.74, 0.59, 0.59, 0.59, 0.61, 0.65, 0.69, 1.37, 1.46, 1.51, 1.55, 1.58, 1.59, 0.93, 0.92, 0.89, 0.87, 0.85, 0.82, 0.79, 0.75, 0.61, 0.61, 0.61, 0.63, 0.66, 0.69, 1.35, 1.42, 1.48, 1.52, 1.54, 1.56, 0.93, 0.91, 0.89, 0.87, 0.85, 0.82, 0.8, 0.62, 0.62, 0.62, 0.63, 0.64, 0.67, 0.69, 1.34, 1.4, 1.45, 1.49, 1.52, 1.54]}, {"header": {"refTime": "2023-09-13T02:00:00.000Z", "nx": 21, "ny": 33, "lo1": 113.509, "la1": 22.2235, "lo2": 113.5947, "la2": 22.1034, "dx": 0.0042850000000001385, "dy": 0.003753125000000024, "parameterCategory": 0, "parameterCategoryName": "Temperature", "parameterNumber": 0}, "data": [[26.77, 26.76, 26.76, 26.51, 26.52, 26.79, 26.8, 26.8, 26.81, 26.72, 26.72, 26.73, 26.92, 26.93, 26.95, 26.95, 26.95, 26.94, 26.94, 26.94], [26.77, 26.76, 26.76, 26.76, 26.52, 26.54, 26.79, 26.8, 26.81, 26.73, 26.73, 26.74, 26.93, 26.94, 26.96, 26.95, 26.95, 26.94, 26.94, 26.94], [26.77, 26.77, 26.76, 26.76, 26.51, 26.54, 26.58, 26.8, 26.8, 26.74, 26.73, 26.76, 26.95, 26.95, 26.97, 26.96, 26.95, 26.94, 26.94, 26.93], [26.77, 26.77, 26.76, 26.76, 26.75, 26.52, 26.55, 26.6, 26.65, 26.71, 26.73, 26.79, 26.98, 26.81, 26.97, 26.95, 26.94, 26.94, 26.93, 26.93], [26.77, 26.77, 26.77, 26.76, 26.75, 26.49, 26.51, 26.52, 26.52, 26.65, 26.69, 26.83, 26.99, 26.85, 26.97, 26.95, 26.94, 26.93, 26.93, 26.93], [26.78, 26.78, 26.77, 26.76, 26.75, 26.74, 26.47, 26.46, 26.44, 26.39, 26.6, 26.75, 26.88, 27.0, 26.95, 26.94, 26.93, 26.92, 26.92, 26.92], [26.78, 26.78, 26.78, 26.77, 26.76, 26.74, 26.5, 26.44, 26.41, 26.33, 26.3, 26.62, 26.93, 26.95, 26.94, 26.93, 26.91, 26.91, 26.94, 26.95], [26.79, 26.79, 26.79, 26.79, 26.78, 26.58, 26.53, 26.48, 26.46, 26.3, 26.13, 26.55, 26.56, 26.95, 26.86, 26.85, 26.87, 26.88, 26.87, 26.86], [26.71, 26.72, 26.81, 26.82, 26.82, 26.8, 26.74, 26.51, 26.34, 26.35, 26.31, 26.43, 26.48, 26.41, 26.86, 26.85, 26.86, 26.87, 26.86, 26.86], [27.0, 27.0, 27.0, 26.77, 26.8, 26.89, 26.83, 26.74, 26.22, 26.24, 26.49, 26.35, 26.4, 26.37, 26.86, 26.84, 26.85, 26.86, 26.86, 26.85], [27.0, 27.0, 27.0, 27.0, 27.0, 27.0, 27.0, 27.0, 26.82, 26.33, 26.0, 26.3, 26.34, 26.34, 26.86, 26.84, 26.85, 26.85, 26.85, 26.85], [27.0, 27.0, 27.0, 27.0, 27.0, 27.0, 27.0, 27.0, 27.0, -999.0, 26.0, 26.8, 26.8, 26.32, 26.86, 26.84, 26.84, 26.33, 26.35, 26.35], [27.0, 27.0, 27.0, 27.0, 27.0, 27.0, 27.0, 27.0, 27.0, 27.0, -999.0, 26.8, 26.8, 26.21, 26.47, 26.54, 26.54, 26.42, 26.44, 26.45], [27.0, 27.0, 27.0, 27.0, 27.0, 27.0, 27.0, 27.0, 27.0, 27.0, -999.0, 25.9, 25.9, 25.9, 26.39, 26.45, 26.47, 26.34, 26.37, 26.39], [27.0, 27.0, 27.0, 27.0, 27.0, 27.0, 27.0, 27.1, 27.1, 27.1, 27.1, 26.64, 25.9, 25.9, 25.9, 26.36, 26.39, 26.27, 26.31, 26.34], [27.0, 27.0, 27.06, 27.06, 27.07, 27.1, 27.1, 27.1, 27.1, 27.1, 26.34, 26.43, 26.31, 26.22, 26.33, 26.19, 26.24, 26.16, 26.38, 26.41], [27.06, 27.06, 27.04, 27.04, 27.1, 27.1, 27.1, 27.1, 27.1, 27.1, 26.58, 26.44, 26.28, 26.13, 26.13, 26.11, 26.18, 26.24, 26.28, 26.31], [27.04, 27.04, 27.04, 27.04, 27.1, 27.1, 27.1, 27.1, 27.1, 26.8, 26.63, 26.45, 26.27, 26.14, 25.93, 26.09, 26.19, 26.26, 26.3, 26.33], [27.04, 27.04, 27.04, 27.1, 27.1, 27.1, 27.1, 27.1, 26.99, 26.87, 26.74, 26.59, 26.37, 26.22, 26.07, 26.15, 26.23, 26.3, 26.33, 26.35], [27.04, 27.04, 27.04, 27.05, 27.05, 27.05, 27.06, 27.08, 26.98, 26.88, 26.75, 26.63, 26.44, 26.34, 26.21, 26.25, 26.31, 26.35, 26.37, 26.39], [27.04, 27.04, 27.04, 27.06, 27.06, 27.06, 27.07, 27.07, 26.89, 26.84, 26.76, 26.67, 26.49, 26.29, 26.31, 26.35, 26.39, 26.41, 26.42, 26.42], [27.05, 27.05, 27.05, 27.06, 27.06, 27.06, 27.06, 27.05, 26.86, 26.82, 26.77, 26.71, 26.51, 26.36, 26.39, 26.44, 26.47, 26.48, 26.47, 26.45], [27.05, 27.05, 27.05, 27.04, 27.04, 27.04, 27.04, 27.04, 27.03, 27.03, 27.03, 26.95, 26.75, 26.41, 26.45, 26.5, 26.55, 26.54, 26.5, 26.48], [27.04, 27.04, 27.04, 27.03, 27.03, 27.03, 27.03, 27.03, 27.02, 27.02, 27.02, 26.93, 26.76, 26.72, 26.68, 26.54, 26.63, 26.56, 26.52, 26.49], [27.03, 27.03, 27.03, 27.03, 27.03, 27.03, 27.02, 27.02, 27.01, 27.01, 27.01, 26.94, 26.91, 26.72, 26.68, 26.65, 26.55, 26.53, 26.52, 26.5], [27.03, 27.03, 27.03, 27.03, 27.03, 27.02, 27.02, 27.02, 27.01, 27.01, 26.96, 26.94, 26.92, 26.73, 26.69, 26.66, 26.63, 26.62, 26.51, 26.49], [27.03, 27.03, 27.03, 27.03, 27.03, 27.02, 27.02, 27.02, 27.01, 27.01, 26.96, 26.95, 26.93, 26.74, 26.71, 26.68, 26.66, 26.65, 26.65, 26.66], [27.03, 27.03, 27.03, 27.03, 27.02, 27.02, 27.02, 27.02, 27.01, 26.97, 26.97, 26.93, 26.89, 26.85, 26.73, 26.7, 26.68, 26.67, 26.67, 26.67], [27.03, 27.03, 27.03, 27.02, 27.02, 27.02, 27.02, 27.01, 27.01, 26.98, 26.98, 26.94, 26.9, 26.87, 26.75, 26.72, 26.7, 26.69, 26.68, 26.68], [27.03, 27.03, 27.03, 27.02, 27.02, 27.02, 27.02, 27.01, 26.94, 26.96, 26.97, 26.94, 26.91, 26.87, 26.76, 26.74, 26.72, 26.7, 26.7, 26.69], [27.03, 27.03, 27.02, 27.02, 27.02, 27.02, 27.02, 27.02, 26.93, 26.94, 26.94, 26.92, 26.9, 26.88, 26.77, 26.75, 26.73, 26.72, 26.71, 26.7], [27.03, 27.03, 27.02, 27.02, 27.02, 27.02, 27.02, 26.92, 26.92, 26.92, 26.92, 26.91, 26.89, 26.87, 26.77, 26.75, 26.74, 26.73, 26.72, 26.71]]}]