gis_exercise/awsData/contour/wdir_2023090706.json
[{"header": {"refTime": "2023-09-07T06:00:00.000Z", "nx": 21, "ny": 33, "lo1": 113.509, "la1": 22.2235, "lo2": 113.5947, "la2": 22.1034, "dx": 0.0042850000000001385, "dy": 0.003753125000000024, "parameterCategory": 2, "parameterCategoryName": "Temperature", "parameterNumber": 2}, "data": [0.65, 0.63, 0.61, 0.43, 0.41, 0.13, 0.11, 0.09, 0.07, 0.03, 0.02, 0.01, -0.34, -0.36, -0.27, -0.27, -0.48, -0.47, -0.47, -0.47, 0.67, 0.65, 0.62, 0.59, 0.41, 0.38, 0.11, 0.08, 0.05, 0.02, 0.01, -0.01, -0.36, -0.38, -0.28, -0.48, -0.47, -0.47, -0.47, -0.47, 0.68, 0.67, 0.64, 0.61, 0.42, 0.39, 0.33, 0.07, 0.01, 0.02, 0.01, -0.03, -0.38, -0.39, -0.48, -0.47, -0.47, -0.46, -0.46, -0.46, 0.7, 0.69, 0.67, 0.64, 0.61, 0.42, 0.37, 0.29, 0.22, 0.04, 0.0, -0.07, -0.4, -0.28, -0.48, -0.47, -0.46, -0.46, -0.45, -0.46, 0.73, 0.72, 0.71, 0.69, 0.66, 0.47, 0.45, 0.42, 0.41, 0.08, 0.03, -0.26, -0.36, -0.3, -0.48, -0.47, -0.45, -0.44, -0.44, -0.45, 0.75, 0.75, 0.75, 0.74, 0.72, 0.69, 0.53, 0.55, 0.55, 0.56, -0.09, -0.23, -0.32, -0.43, -0.49, -0.46, -0.43, -0.42, -0.43, -0.44, 1.21, 0.79, 0.79, 0.79, 0.78, 0.77, 0.92, 0.66, 0.68, 0.46, 0.35, -0.19, -0.48, -0.44, -0.5, -0.46, -0.4, -0.38, -0.3, -0.29, 1.22, 1.21, 1.21, 1.36, 1.35, 0.98, 0.94, 0.89, 0.74, 0.5, 0.52, -0.26, -0.38, -0.42, -0.37, -0.36, -0.35, -0.35, -0.35, -0.35, 1.23, 1.23, 1.22, 1.22, 1.36, 1.35, 1.31, 0.92, 1.04, 0.44, 0.09, -0.14, -0.16, -0.15, -0.35, -0.35, -0.35, -0.35, -0.35, -0.35, 1.59, 1.58, 1.56, 1.24, 1.24, 1.36, 1.39, 1.41, 1.24, 1.18, 0.0, -0.07, -0.08, -0.11, -0.33, -0.34, -0.35, -0.35, -0.35, -0.35, 1.59, 1.58, 1.56, 1.53, 1.48, 1.3, 1.55, 1.73, 1.64, 1.4, 0.91, -0.06, -0.08, -0.09, -0.32, -0.34, -0.35, -0.35, -0.35, -0.35, 1.59, 1.58, 1.57, 1.55, 1.52, 1.51, 1.62, 1.85, 1.96, 1.55, 1.07, 0.44, 0.3, -0.08, -0.33, -0.34, -0.35, -0.04, -0.04, -0.04, 1.6, 1.59, 1.58, 1.57, 1.57, 1.58, 1.62, 1.8, 1.91, 1.82, 1.36, 0.58, 0.43, -0.11, -0.1, 0.03, 0.02, 0.01, -0.0, -0.01, 1.6, 1.6, 1.59, 1.59, 1.59, 1.59, 1.54, 1.68, 1.77, 1.77, 1.39, 0.94, 0.81, 0.74, -0.04, 0.07, 0.06, 0.05, 0.03, 0.02, 1.61, 1.61, 1.6, 1.6, 1.61, 1.61, 1.62, 1.49, 1.49, 1.47, 1.44, 1.02, 0.8, 0.72, 0.68, 0.13, 0.11, 0.09, 0.07, 0.05, 1.62, 1.61, 1.13, 1.14, 1.14, 1.38, 1.37, 1.35, 1.33, 1.32, 0.98, 0.91, 0.83, 0.32, 0.32, 0.33, 0.32, 0.31, 0.22, 0.21, 1.09, 1.09, 1.09, 1.09, 1.3, 1.27, 1.22, 1.16, 1.13, 1.14, 0.86, 0.82, 0.74, 0.64, 0.41, 0.35, 0.33, 0.32, 0.31, 0.3, 1.07, 1.07, 1.06, 1.04, 1.23, 1.16, 1.07, 0.93, 0.86, 0.62, 0.63, 0.75, 0.69, 0.41, 0.4, 0.36, 0.33, 0.32, 0.31, 0.3, 1.05, 1.04, 1.02, 1.22, 1.17, 1.08, 0.95, 0.73, 0.46, 0.56, 0.42, 0.42, 0.41, 0.41, 0.36, 0.34, 0.32, 0.31, 0.3, 0.29, 1.03, 1.02, 0.79, 0.77, 0.74, 0.7, 0.64, 0.56, 0.41, 0.42, 0.42, 0.42, 0.41, 0.41, 0.33, 0.32, 0.31, 0.3, 0.29, 0.28, 0.79, 0.78, 0.76, 0.74, 0.71, 0.68, 0.64, 0.6, 0.42, 0.42, 0.43, 0.43, 0.41, 0.31, 0.31, 0.3, 0.3, 0.29, 0.28, 0.27, 0.77, 0.76, 0.74, 0.72, 0.7, 0.67, 0.64, 0.31, 0.43, 0.43, 0.43, 0.43, 0.45, 0.3, 0.29, 0.29, 0.29, 0.28, 0.27, 0.26, 0.76, 0.74, 0.73, 0.26, 0.27, 0.28, 0.29, 0.31, 0.32, 0.32, 0.3, 0.45, 0.33, 0.29, 0.28, 0.29, 0.3, 0.27, 0.25, 0.25, 0.24, 0.24, 0.25, 0.25, 0.26, 0.27, 0.29, 0.31, 0.33, 0.34, 0.31, 0.29, 0.34, 0.31, 0.29, 0.28, 0.35, 0.23, 0.23, 0.24, 0.23, 0.23, 0.24, 0.24, 0.25, 0.26, 0.27, 0.3, 0.36, 0.41, 0.33, 0.28, 0.26, 0.31, 0.28, 0.26, 0.2, 0.14, 0.21, 0.23, 0.22, 0.22, 0.23, 0.23, 0.23, 0.24, 0.25, 0.28, 0.34, 0.39, 0.3, 0.24, 0.23, 0.31, 0.28, 0.14, 0.14, 0.13, 0.21, 0.23, 0.21, 0.21, 0.21, 0.21, 0.21, 0.21, 0.22, 0.22, 0.23, 0.22, 0.18, 0.16, 0.18, 0.05, 0.08, 0.11, 0.12, 0.13, 0.13, 0.13, 0.21, 0.2, 0.2, 0.2, 0.19, 0.19, 0.18, 0.16, 0.12, 0.07, 0.02, -0.0, 0.02, 0.03, 0.06, 0.09, 0.1, 0.11, 0.11, 0.12, 0.2, 0.19, 0.19, 0.18, 0.17, 0.16, 0.14, 0.11, 0.04, -0.07, -0.19, -0.08, -0.02, 0.01, 0.03, 0.06, 0.08, 0.09, 0.1, 0.1, 0.19, 0.19, 0.18, 0.17, 0.16, 0.14, 0.12, 0.08, -0.03, -0.11, -0.16, -0.09, -0.03, -0.0, 0.02, 0.05, 0.07, 0.08, 0.09, 0.09, 0.18, 0.18, 0.17, 0.16, 0.15, 0.13, 0.11, 0.07, -0.03, -0.07, -0.08, -0.06, -0.03, -0.0, 0.01, 0.03, 0.05, 0.07, 0.08, 0.08, 0.18, 0.17, 0.17, 0.16, 0.14, 0.13, 0.1, 0.01, -0.01, -0.03, -0.04, -0.03, -0.02, -0.0, 0.0, 0.03, 0.04, 0.06, 0.07, 0.07]}, {"header": {"refTime": "2023-09-07T06:00:00.000Z", "nx": 21, "ny": 33, "lo1": 113.509, "la1": 22.2235, "lo2": 113.5947, "la2": 22.1034, "dx": 0.0042850000000001385, "dy": 0.003753125000000024, "parameterCategory": 2, "parameterCategoryName": "Temperature", "parameterNumber": 3}, "data": [0.07, 0.06, 0.05, -0.11, -0.1, -0.26, -0.24, -0.22, -0.22, -0.11, -0.14, -0.16, -0.45, -0.47, -0.65, -0.7, -0.98, -1.0, -1.02, -1.03, 0.07, 0.06, 0.05, 0.04, -0.11, -0.1, -0.23, -0.19, -0.16, -0.09, -0.14, -0.18, -0.46, -0.49, -0.67, -0.96, -0.99, -1.02, -1.03, -1.04, 0.08, 0.07, 0.06, 0.04, -0.11, -0.1, -0.09, -0.16, -0.04, -0.08, -0.15, -0.21, -0.49, -0.51, -0.91, -0.96, -1.01, -1.04, -1.06, -1.07, 0.09, 0.08, 0.07, 0.05, 0.03, -0.12, -0.1, -0.08, -0.05, -0.1, -0.17, -0.26, -0.53, -0.51, -0.91, -0.98, -1.04, -1.07, -1.09, -1.09, 0.1, 0.1, 0.08, 0.06, 0.04, -0.14, -0.13, -0.12, -0.1, -0.11, -0.18, -0.49, -0.54, -0.52, -0.91, -1.01, -1.09, -1.13, -1.13, -1.12, 0.12, 0.12, 0.1, 0.09, 0.06, 0.01, -0.17, -0.18, -0.16, -0.11, -0.38, -0.48, -0.53, -0.77, -0.94, -1.06, -1.17, -1.21, -1.19, -1.16, 0.13, 0.14, 0.14, 0.12, 0.09, 0.03, -0.02, -0.26, -0.24, -0.28, -0.24, -0.47, -0.85, -0.85, -0.98, -1.11, -1.28, -1.34, -1.27, -1.21, 0.15, 0.16, 0.16, 0.26, 0.24, 0.13, 0.0, -0.2, -0.46, -0.24, -0.01, -0.69, -0.81, -0.91, -1.16, -1.24, -1.34, -1.38, -1.32, -1.29, 0.17, 0.18, 0.2, 0.22, 0.32, 0.29, 0.17, -0.06, -0.18, -0.31, -0.47, -0.73, -0.91, -0.82, -1.15, -1.21, -1.27, -1.3, -1.29, -1.27, 0.42, 0.43, 0.45, 0.28, 0.35, 0.46, 0.34, 0.19, -0.03, -0.0, -0.61, -0.77, -0.92, -0.83, -1.14, -1.19, -1.23, -1.25, -1.26, -1.25, 0.41, 0.43, 0.44, 0.48, 0.55, 0.75, 0.51, 0.42, 0.25, 0.08, -0.23, -0.74, -0.79, -0.79, -1.14, -1.17, -1.2, -1.22, -1.23, -1.23, 0.4, 0.41, 0.42, 0.44, 0.47, 0.49, 0.41, 0.37, 0.37, -0.02, -0.16, -0.6, -0.68, -0.75, -1.15, -1.17, -1.19, -1.11, -1.11, -1.11, 0.39, 0.39, 0.4, 0.39, 0.38, 0.31, 0.23, 0.3, 0.35, 0.35, -0.15, -0.51, -0.6, -0.9, -0.88, -1.03, -1.04, -1.06, -1.07, -1.07, 0.38, 0.38, 0.37, 0.35, 0.32, 0.23, 0.06, 0.23, 0.3, 0.33, -0.13, -0.38, -0.45, -0.5, -0.84, -0.97, -0.99, -1.01, -1.02, -1.03, 0.37, 0.37, 0.35, 0.33, 0.3, 0.25, 0.21, 0.1, 0.13, 0.14, 0.14, -0.07, -0.44, -0.48, -0.5, -0.91, -0.93, -0.96, -0.98, -1.0, 0.36, 0.36, 0.24, 0.23, 0.2, 0.09, 0.09, 0.1, 0.11, 0.12, -0.05, -0.11, -0.19, -0.56, -0.57, -0.7, -0.71, -0.72, -0.83, -0.85, 0.25, 0.24, 0.23, 0.21, 0.09, 0.09, 0.08, 0.08, 0.09, 0.09, -0.08, -0.15, -0.24, -0.35, -0.51, -0.51, -0.48, -0.46, -0.45, -0.44, 0.23, 0.23, 0.21, 0.2, 0.09, 0.08, 0.07, 0.06, 0.06, -0.12, -0.18, -0.17, -0.27, -0.51, -0.57, -0.51, -0.48, -0.46, -0.44, -0.43, 0.23, 0.22, 0.2, 0.09, 0.08, 0.08, 0.06, 0.04, -0.02, -0.09, -0.18, -0.25, -0.43, -0.49, -0.52, -0.5, -0.47, -0.45, -0.43, -0.42, 0.22, 0.21, -0.03, -0.03, -0.03, -0.03, -0.02, -0.01, -0.06, -0.11, -0.17, -0.23, -0.42, -0.47, -0.48, -0.47, -0.45, -0.43, -0.42, -0.41, -0.03, -0.03, -0.03, -0.03, -0.03, -0.03, -0.03, -0.02, -0.11, -0.13, -0.17, -0.22, -0.42, -0.45, -0.45, -0.44, -0.43, -0.42, -0.41, -0.4, -0.04, -0.04, -0.04, -0.04, -0.04, -0.03, -0.03, -0.01, -0.13, -0.15, -0.17, -0.2, -0.45, -0.43, -0.43, -0.43, -0.42, -0.41, -0.39, -0.39, -0.04, -0.04, -0.04, 0.0, -0.0, -0.0, -0.01, -0.01, -0.02, -0.02, -0.02, -0.21, -0.26, -0.42, -0.42, -0.42, -0.44, -0.4, -0.37, -0.37, 0.01, 0.01, 0.0, 0.0, -0.0, -0.01, -0.01, -0.02, -0.03, -0.04, -0.03, -0.18, -0.25, -0.28, -0.31, -0.41, -0.52, -0.34, -0.33, -0.35, 0.01, 0.01, 0.0, 0.0, -0.0, -0.0, -0.01, -0.02, -0.05, -0.07, -0.04, -0.16, -0.2, -0.27, -0.3, -0.31, -0.29, -0.21, -0.3, -0.34, 0.01, 0.01, 0.01, 0.0, 0.0, -0.0, -0.01, -0.02, -0.04, -0.06, -0.11, -0.13, -0.17, -0.26, -0.28, -0.25, -0.24, -0.22, -0.31, -0.33, 0.01, 0.01, 0.01, 0.01, 0.01, 0.0, 0.0, -0.0, -0.01, -0.01, -0.08, -0.1, -0.14, -0.16, -0.2, -0.22, -0.23, -0.23, -0.23, -0.23, 0.01, 0.01, 0.01, 0.01, 0.01, 0.01, 0.01, 0.02, 0.02, -0.03, -0.02, 0.04, 0.03, 0.03, -0.17, -0.2, -0.21, -0.22, -0.22, -0.22, 0.01, 0.01, 0.01, 0.01, 0.02, 0.02, 0.02, 0.03, 0.05, 0.03, 0.11, 0.07, 0.05, 0.03, -0.15, -0.18, -0.19, -0.2, -0.21, -0.21, 0.01, 0.02, 0.02, 0.02, 0.02, 0.02, 0.03, 0.04, 0.05, 0.08, 0.1, 0.07, 0.05, 0.04, -0.13, -0.16, -0.18, -0.19, -0.2, -0.2, 0.02, 0.02, 0.02, 0.02, 0.02, 0.03, 0.03, 0.04, 0.05, 0.06, 0.07, 0.06, 0.05, 0.04, -0.13, -0.15, -0.17, -0.18, -0.19, -0.19, 0.02, 0.02, 0.02, 0.02, 0.03, 0.03, 0.03, 0.04, 0.05, 0.05, 0.06, 0.05, 0.05, 0.04, -0.12, -0.14, -0.16, -0.17, -0.18, -0.19]}, {"header": {"refTime": "2023-09-07T06:00:00.000Z", "nx": 21, "ny": 33, "lo1": 113.509, "la1": 22.2235, "lo2": 113.5947, "la2": 22.1034, "dx": 0.0042850000000001385, "dy": 0.003753125000000024, "parameterCategory": 0, "parameterCategoryName": "Temperature", "parameterNumber": 0}, "data": [[27.52, 27.5, 27.48, 27.31, 27.29, 27.41, 27.38, 27.35, 27.35, 27.33, 27.39, 27.45, 27.61, 27.65, 27.64, 27.66, 27.9, 27.9, 27.89, 27.89], [27.53, 27.51, 27.5, 27.47, 27.3, 27.27, 27.36, 27.29, 27.26, 27.28, 27.39, 27.47, 27.65, 27.68, 27.67, 27.91, 27.9, 27.89, 27.89, 27.89], [27.54, 27.53, 27.51, 27.49, 27.31, 27.28, 27.24, 27.24, 27.06, 27.24, 27.4, 27.52, 27.7, 27.73, 27.92, 27.91, 27.9, 27.89, 27.89, 27.88], [27.56, 27.55, 27.53, 27.51, 27.48, 27.31, 27.27, 27.21, 27.16, 27.31, 27.46, 27.61, 27.79, 27.86, 27.92, 27.9, 27.89, 27.88, 27.88, 27.88], [27.58, 27.57, 27.56, 27.55, 27.52, 27.35, 27.33, 27.31, 27.3, 27.4, 27.53, 27.86, 27.94, 27.88, 27.92, 27.9, 27.88, 27.87, 27.87, 27.87], [27.6, 27.6, 27.59, 27.58, 27.57, 27.55, 27.4, 27.41, 27.41, 27.39, 27.74, 27.82, 27.89, 27.97, 27.91, 27.89, 27.86, 27.85, 27.86, 27.86], [27.87, 27.62, 27.63, 27.63, 27.62, 27.61, 27.7, 27.5, 27.51, 27.6, 27.59, 27.76, 27.94, 27.95, 27.9, 27.87, 27.84, 27.83, 27.84, 27.85], [27.87, 27.87, 27.87, 27.87, 27.87, 27.75, 27.72, 27.69, 27.68, 27.58, 27.48, 27.75, 27.75, 27.95, 27.84, 27.85, 27.83, 27.82, 27.83, 27.84], [27.83, 27.83, 27.89, 27.89, 27.89, 27.88, 27.84, 27.71, 27.6, 27.61, 27.59, 27.67, 27.7, 27.65, 27.84, 27.85, 27.84, 27.83, 27.84, 27.84], [28.0, 28.0, 28.0, 27.86, 27.88, 27.93, 27.9, 27.84, 27.53, 27.55, 27.7, 27.62, 27.65, 27.63, 27.84, 27.86, 27.85, 27.84, 27.84, 27.85], [28.0, 28.0, 28.0, 28.0, 28.0, 28.0, 28.0, 28.0, 27.89, 27.6, 27.4, 27.59, 27.61, 27.61, 27.84, 27.86, 27.85, 27.85, 27.85, 27.85], [28.0, 28.0, 28.0, 28.0, 28.0, 28.0, 28.0, 28.0, 28.0, -999.0, 27.4, 27.9, 27.9, 27.6, 27.84, 27.86, 27.86, 27.06, 27.08, 27.08], [28.0, 28.0, 28.0, 28.0, 28.0, 28.0, 28.0, 28.0, 28.0, 28.0, -999.0, 27.9, 27.9, 26.99, 27.39, 27.33, 27.34, 27.18, 27.2, 27.21], [28.0, 28.0, 28.0, 28.0, 28.0, 28.0, 28.0, 28.0, 28.0, 28.0, -999.0, 26.5, 26.5, 26.5, 27.27, 27.22, 27.24, 27.08, 27.11, 27.14], [28.0, 28.0, 28.0, 28.0, 28.0, 28.0, 28.0, 27.5, 27.5, 27.5, 27.5, 27.12, 26.5, 26.5, 26.5, 27.1, 27.13, 26.98, 27.03, 27.07], [28.0, 28.0, 27.69, 27.68, 27.67, 27.5, 27.5, 27.5, 27.5, 27.5, 26.87, 26.94, 26.85, 26.76, 26.86, 26.94, 27.01, 26.89, 27.16, 27.21], [27.68, 27.68, 27.82, 27.82, 27.5, 27.5, 27.5, 27.5, 27.5, 27.5, 27.07, 26.95, 26.82, 26.7, 26.75, 26.71, 26.79, 26.85, 26.89, 26.92], [27.82, 27.82, 27.81, 27.79, 27.5, 27.5, 27.5, 27.5, 27.5, 27.25, 27.11, 26.96, 26.81, 26.76, 26.54, 26.69, 26.8, 26.87, 26.91, 26.94], [27.81, 27.8, 27.79, 27.5, 27.5, 27.5, 27.5, 27.5, 27.41, 27.31, 27.21, 27.09, 26.99, 26.85, 26.68, 26.76, 26.85, 26.91, 26.94, 26.96], [27.8, 27.8, 27.5, 27.5, 27.5, 27.5, 27.5, 27.5, 27.41, 27.33, 27.23, 27.13, 27.07, 26.99, 26.82, 26.87, 26.93, 26.97, 26.99, 27.0], [27.5, 27.5, 27.5, 27.5, 27.5, 27.5, 27.5, 27.5, 27.34, 27.3, 27.24, 27.16, 27.14, 26.91, 26.94, 26.98, 27.02, 27.04, 27.04, 27.03], [27.5, 27.5, 27.5, 27.5, 27.5, 27.5, 27.5, 27.52, 27.33, 27.3, 27.26, 27.2, 27.21, 26.98, 27.03, 27.08, 27.12, 27.11, 27.08, 27.06], [27.5, 27.5, 27.5, 27.53, 27.52, 27.52, 27.52, 27.52, 27.52, 27.52, 27.52, 27.55, 27.33, 27.03, 27.09, 27.16, 27.25, 27.19, 27.11, 27.07], [27.53, 27.53, 27.53, 27.53, 27.53, 27.52, 27.52, 27.52, 27.52, 27.52, 27.52, 27.57, 27.33, 27.31, 27.29, 27.2, 27.45, 27.15, 27.09, 27.07], [27.53, 27.53, 27.53, 27.53, 27.53, 27.53, 27.53, 27.52, 27.52, 27.51, 27.52, 27.57, 27.59, 27.3, 27.28, 27.25, 27.08, 26.96, 27.05, 27.06], [27.53, 27.53, 27.53, 27.53, 27.53, 27.53, 27.53, 27.53, 27.52, 27.51, 27.55, 27.57, 27.59, 27.3, 27.27, 27.24, 27.18, 27.14, 27.05, 27.05], [27.53, 27.53, 27.53, 27.53, 27.53, 27.53, 27.53, 27.53, 27.53, 27.53, 27.57, 27.58, 27.59, 27.34, 27.3, 27.26, 27.22, 27.2, 27.21, 27.22], [27.53, 27.53, 27.53, 27.54, 27.54, 27.54, 27.54, 27.54, 27.55, 27.58, 27.58, 27.44, 27.38, 27.31, 27.32, 27.28, 27.25, 27.24, 27.24, 27.24], [27.54, 27.54, 27.54, 27.54, 27.54, 27.54, 27.54, 27.55, 27.56, 27.59, 27.56, 27.47, 27.4, 27.33, 27.34, 27.31, 27.28, 27.27, 27.26, 27.26], [27.54, 27.54, 27.54, 27.54, 27.54, 27.54, 27.55, 27.55, 27.47, 27.51, 27.53, 27.47, 27.41, 27.35, 27.35, 27.32, 27.3, 27.29, 27.28, 27.27], [27.54, 27.54, 27.54, 27.54, 27.54, 27.54, 27.55, 27.55, 27.45, 27.47, 27.47, 27.44, 27.4, 27.35, 27.36, 27.34, 27.32, 27.3, 27.29, 27.29], [27.54, 27.54, 27.54, 27.54, 27.54, 27.55, 27.55, 27.42, 27.43, 27.44, 27.43, 27.41, 27.38, 27.35, 27.37, 27.35, 27.33, 27.31, 27.3, 27.3]]}]