gis_exercise/awsData/contour/wdir_2023090903.json
[{"header": {"refTime": "2023-09-09T03:00:00.000Z", "nx": 21, "ny": 33, "lo1": 113.509, "la1": 22.2235, "lo2": 113.5947, "la2": 22.1034, "dx": 0.0042850000000001385, "dy": 0.003753125000000024, "parameterCategory": 2, "parameterCategoryName": "Temperature", "parameterNumber": 2}, "data": [-1.99, -1.99, -1.99, -2.38, -2.35, -2.49, -2.44, -2.39, -2.38, -2.39, -2.5, -2.61, -2.91, -2.98, -4.3, -4.51, -5.18, -5.29, -5.38, -5.43, -1.99, -1.99, -2.0, -2.0, -2.36, -2.31, -2.39, -2.28, -2.22, -2.3, -2.49, -2.65, -2.97, -3.03, -4.36, -5.07, -5.24, -5.38, -5.47, -5.52, -1.98, -1.99, -2.0, -2.0, -2.37, -2.32, -2.24, -2.2, -1.88, -2.23, -2.53, -2.73, -3.06, -3.11, -4.85, -5.11, -5.34, -5.51, -5.61, -5.65, -1.98, -1.99, -2.0, -2.01, -2.02, -2.37, -2.3, -2.19, -2.08, -2.35, -2.63, -2.88, -3.2, -3.39, -4.82, -5.2, -5.52, -5.72, -5.8, -5.8, -1.97, -1.98, -1.99, -2.01, -2.04, -2.44, -2.41, -2.37, -2.35, -2.54, -2.76, -3.38, -3.46, -3.41, -4.84, -5.36, -5.8, -6.05, -6.07, -5.99, -1.96, -1.96, -1.98, -2.0, -2.04, -2.1, -2.53, -2.55, -2.56, -2.56, -3.25, -3.35, -3.42, -4.4, -4.95, -5.63, -6.28, -6.56, -6.41, -6.19, -3.57, -1.94, -1.95, -1.97, -2.02, -2.1, -2.48, -2.7, -2.73, -3.0, -3.01, -3.31, -4.55, -4.73, -5.09, -5.9, -6.95, -7.34, -7.36, -7.15, -3.58, -3.5, -3.42, -3.3, -3.27, -2.26, -2.43, -2.69, -3.01, -2.96, -2.85, -4.18, -4.48, -5.11, -6.5, -6.95, -7.48, -7.68, -7.39, -7.2, -3.59, -3.51, -3.4, -3.25, -3.1, -3.12, -3.32, -2.51, -3.68, -3.02, -4.29, -5.0, -6.05, -5.55, -6.57, -6.86, -7.16, -7.3, -7.23, -7.13, -4.83, -4.7, -4.51, -3.2, -2.86, -2.65, -3.2, -3.78, -4.37, -4.2, -4.82, -5.56, -6.47, -5.78, -6.64, -6.79, -6.96, -7.06, -7.07, -7.03, -4.87, -4.75, -4.56, -4.22, -3.5, -1.4, -4.05, -5.41, -4.86, -4.9, -6.17, -5.39, -5.67, -5.57, -6.66, -6.74, -6.84, -6.92, -6.95, -6.95, -4.95, -4.86, -4.73, -4.52, -4.18, -4.01, -5.04, -6.22, -6.67, -7.53, -6.36, -6.54, -6.51, -5.36, -6.65, -6.71, -6.78, -7.08, -7.08, -7.07, -5.04, -5.0, -4.96, -4.94, -5.03, -5.5, -6.24, -6.46, -6.61, -6.27, -7.57, -6.56, -6.5, -5.66, -5.59, -6.85, -6.85, -6.88, -6.9, -6.91, -5.14, -5.15, -5.18, -5.28, -5.54, -6.13, -7.11, -6.49, -6.33, -6.19, -7.56, -6.73, -6.61, -6.49, -5.44, -6.56, -6.6, -6.66, -6.71, -6.76, -5.23, -5.27, -5.33, -5.47, -5.71, -6.07, -6.36, -6.13, -5.83, -5.58, -5.39, -4.38, -6.35, -6.19, -6.08, -6.23, -6.32, -6.43, -6.53, -6.61, -5.31, -5.35, -3.5, -3.66, -3.85, -5.59, -5.52, -5.31, -5.07, -4.93, -3.99, -4.09, -4.18, -4.38, -4.47, -5.23, -5.29, -5.34, -5.47, -5.54, -3.27, -3.32, -3.38, -3.44, -5.08, -4.93, -4.66, -4.29, -4.05, -4.1, -3.55, -3.83, -4.07, -4.27, -4.08, -4.27, -4.16, -4.07, -4.0, -3.95, -3.2, -3.22, -3.23, -3.21, -4.65, -4.33, -3.81, -3.1, -2.73, -2.67, -3.19, -3.6, -3.97, -4.03, -4.52, -4.31, -4.15, -4.04, -3.97, -3.92, -3.13, -3.12, -3.09, -4.58, -4.32, -3.89, -3.19, -2.05, -0.95, -2.12, -2.36, -2.92, -3.42, -3.88, -4.34, -4.22, -4.09, -3.99, -3.93, -3.88, -3.06, -3.03, -3.84, -3.69, -3.46, -3.13, -2.62, -1.91, -1.24, -1.83, -2.43, -2.9, -3.31, -3.66, -4.13, -4.07, -3.99, -3.92, -3.87, -3.83, -3.94, -3.87, -3.77, -3.63, -3.44, -3.18, -2.85, -2.51, -2.0, -2.28, -2.64, -2.97, -3.26, -4.0, -3.99, -3.94, -3.89, -3.84, -3.8, -3.78, -3.9, -3.83, -3.74, -3.62, -3.48, -3.31, -3.14, -2.15, -2.59, -2.74, -2.93, -3.11, -4.51, -3.91, -3.88, -3.85, -3.82, -3.77, -3.72, -3.71, -3.88, -3.82, -3.74, -2.38, -2.39, -2.42, -2.48, -2.58, -2.71, -2.8, -2.79, -3.27, -3.87, -3.83, -3.8, -3.8, -3.83, -3.71, -3.64, -3.64, -2.42, -2.43, -2.45, -2.48, -2.53, -2.61, -2.74, -2.94, -3.2, -3.32, -3.18, -3.94, -3.88, -3.79, -3.72, -3.74, -4.05, -3.5, -3.51, -3.57, -2.47, -2.49, -2.52, -2.57, -2.64, -2.75, -2.92, -3.18, -3.62, -3.98, -3.48, -3.91, -3.87, -3.78, -3.69, -3.6, -3.37, -3.1, -3.41, -3.53, -2.51, -2.53, -2.57, -2.63, -2.71, -2.82, -2.98, -3.23, -3.62, -3.92, -3.94, -3.8, -3.78, -3.78, -3.68, -3.26, -3.21, -3.16, -3.44, -3.52, -2.54, -2.57, -2.61, -2.67, -2.74, -2.83, -2.96, -3.11, -3.28, -3.31, -3.64, -3.59, -3.63, -3.07, -3.15, -3.19, -3.19, -3.19, -3.19, -3.2, -2.56, -2.59, -2.63, -2.68, -2.74, -2.82, -2.89, -2.96, -2.98, -3.31, -3.2, -3.01, -3.03, -3.01, -3.08, -3.14, -3.16, -3.17, -3.18, -3.19, -2.58, -2.61, -2.64, -2.68, -2.73, -2.78, -2.83, -2.84, -2.8, -2.94, -2.57, -2.82, -2.94, -2.97, -3.03, -3.09, -3.13, -3.15, -3.16, -3.17, -2.59, -2.61, -2.64, -2.68, -2.72, -2.75, -2.77, -2.77, -2.96, -2.77, -2.65, -2.79, -2.9, -2.95, -3.0, -3.06, -3.1, -3.12, -3.14, -3.15, -2.59, -2.62, -2.64, -2.67, -2.7, -2.72, -2.73, -2.73, -2.96, -2.86, -2.82, -2.85, -2.91, -2.94, -2.98, -3.03, -3.07, -3.1, -3.12, -3.13, -2.59, -2.61, -2.64, -2.66, -2.68, -2.7, -2.7, -3.04, -2.98, -2.93, -2.9, -2.91, -2.93, -2.95, -2.97, -3.02, -3.06, -3.08, -3.1, -3.12]}, {"header": {"refTime": "2023-09-09T03:00:00.000Z", "nx": 21, "ny": 33, "lo1": 113.509, "la1": 22.2235, "lo2": 113.5947, "la2": 22.1034, "dx": 0.0042850000000001385, "dy": 0.003753125000000024, "parameterCategory": 2, "parameterCategoryName": "Temperature", "parameterNumber": 3}, "data": [-0.46, -0.45, -0.44, 0.2, 0.18, 0.04, 0.02, -0.0, 0.0, 0.28, 0.37, 0.45, 0.6, 0.65, 0.86, 0.94, 1.51, 1.54, 1.57, 1.58, -0.47, -0.46, -0.45, -0.43, 0.18, 0.14, -0.01, -0.06, -0.08, 0.19, 0.35, 0.47, 0.63, 0.68, 0.89, 1.48, 1.53, 1.56, 1.59, 1.61, -0.48, -0.47, -0.45, -0.44, 0.19, 0.14, 0.08, -0.1, -0.26, 0.12, 0.37, 0.52, 0.68, 0.73, 1.4, 1.48, 1.55, 1.59, 1.62, 1.63, -0.49, -0.48, -0.47, -0.45, -0.42, 0.17, 0.12, 0.03, -0.05, 0.25, 0.47, 0.61, 0.76, 1.09, 1.39, 1.5, 1.59, 1.64, 1.67, 1.67, -0.51, -0.5, -0.48, -0.46, -0.44, 0.21, 0.19, 0.17, 0.18, 0.47, 0.6, 1.06, 0.92, 1.06, 1.4, 1.55, 1.66, 1.72, 1.73, 1.72, -0.53, -0.52, -0.51, -0.49, -0.46, -0.41, 0.25, 0.26, 0.32, 0.43, 1.21, 1.14, 1.04, 1.14, 1.46, 1.62, 1.77, 1.84, 1.81, 1.76, 0.03, -0.55, -0.54, -0.53, -0.5, -0.44, 0.05, 0.27, 0.34, 0.92, 1.12, 1.29, 1.3, 1.27, 1.53, 1.7, 1.93, 2.01, 1.84, 1.75, 0.03, -0.0, -0.04, -0.08, -0.09, -0.15, -0.03, 0.09, 0.28, 0.93, 1.21, 1.49, 1.52, 1.36, 1.72, 1.84, 1.99, 2.05, 1.96, 1.91, 0.03, -0.01, -0.06, -0.13, -0.2, -0.17, -0.04, 0.02, 0.66, 0.91, 1.4, 1.45, 1.45, 1.45, 1.69, 1.79, 1.89, 1.93, 1.91, 1.89, 0.49, 0.43, 0.34, -0.18, -0.35, -0.44, -0.16, 0.16, 0.94, 0.98, 1.42, 1.43, 1.42, 1.44, 1.67, 1.75, 1.82, 1.86, 1.86, 1.85, 0.51, 0.46, 0.37, 0.21, -0.13, -1.11, 0.13, 0.77, 0.62, 1.13, 1.46, 1.43, 1.43, 1.43, 1.67, 1.72, 1.77, 1.81, 1.82, 1.83, 0.55, 0.51, 0.45, 0.35, 0.19, 0.11, 0.59, 1.15, 1.36, 1.65, 1.49, 1.56, 1.54, 1.43, 1.67, 1.71, 1.75, 1.4, 1.41, 1.41, 0.59, 0.57, 0.55, 0.54, 0.59, 0.81, 1.15, 1.26, 1.33, 1.17, 1.62, 1.57, 1.56, 1.12, 1.09, 1.24, 1.26, 1.29, 1.31, 1.33, 0.64, 0.64, 0.65, 0.7, 0.82, 1.1, 1.55, 1.27, 1.2, 1.13, 1.63, 1.17, 1.1, 1.03, 0.98, 1.11, 1.15, 1.18, 1.22, 1.25, 0.68, 0.7, 0.73, 0.79, 0.9, 1.07, 1.21, 1.83, 1.85, 1.86, 1.88, 1.34, 1.0, 0.92, 0.87, 0.97, 1.02, 1.08, 1.13, 1.17, 0.72, 0.74, 0.93, 0.99, 1.07, 1.87, 1.87, 1.89, 1.91, 1.92, 1.45, 1.3, 1.13, 0.9, 0.82, 1.04, 1.16, 1.29, 1.6, 1.69, 0.93, 0.97, 1.01, 1.07, 1.91, 1.92, 1.94, 1.97, 1.98, 1.98, 1.48, 1.28, 1.04, 0.78, 0.83, 0.77, 0.95, 1.09, 1.19, 1.26, 0.99, 1.03, 1.08, 1.15, 1.94, 1.96, 2.0, 2.06, 2.09, 1.75, 1.53, 1.28, 1.0, 0.84, 0.33, 0.71, 0.97, 1.14, 1.25, 1.31, 1.03, 1.08, 1.14, 1.94, 1.96, 2.0, 2.05, 2.14, 2.15, 1.85, 1.38, 1.11, 1.36, 1.05, 0.67, 0.87, 1.09, 1.24, 1.33, 1.37, 1.07, 1.12, 1.64, 1.67, 1.7, 1.75, 1.83, 1.96, 1.89, 1.63, 1.36, 1.13, 1.54, 1.39, 1.03, 1.15, 1.29, 1.39, 1.43, 1.45, 1.6, 1.6, 1.61, 1.63, 1.65, 1.68, 1.73, 1.79, 1.57, 1.44, 1.27, 1.12, 1.73, 1.25, 1.31, 1.42, 1.52, 1.56, 1.56, 1.53, 1.57, 1.58, 1.58, 1.58, 1.59, 1.6, 1.6, 1.43, 1.32, 1.25, 1.16, 1.07, 1.37, 1.43, 1.53, 1.67, 1.77, 1.75, 1.67, 1.6, 1.55, 1.55, 1.54, 1.28, 1.28, 1.28, 1.27, 1.24, 1.19, 1.16, 1.15, 1.83, 1.51, 1.55, 1.69, 1.89, 2.11, 1.94, 1.73, 1.64, 1.24, 1.24, 1.23, 1.23, 1.21, 1.19, 1.15, 1.08, 1.0, 0.96, 0.99, 1.33, 1.47, 1.64, 1.81, 1.96, 2.67, 1.82, 1.67, 1.62, 1.21, 1.2, 1.19, 1.18, 1.15, 1.12, 1.06, 0.98, 0.85, 0.75, 0.87, 1.24, 1.48, 1.59, 1.73, 1.83, 1.63, 1.29, 1.56, 1.59, 1.19, 1.17, 1.16, 1.14, 1.11, 1.07, 1.01, 0.93, 0.82, 0.75, 0.98, 1.19, 1.41, 1.54, 1.65, 1.7, 1.63, 1.55, 1.55, 1.57, 1.16, 1.15, 1.13, 1.11, 1.08, 1.04, 0.98, 0.93, 0.87, 0.84, 1.02, 1.15, 1.33, 1.5, 1.59, 1.63, 1.62, 1.6, 1.61, 1.63, 1.15, 1.13, 1.11, 1.08, 1.05, 1.02, 0.97, 0.92, 0.88, 0.96, 0.98, 0.67, 0.65, 0.64, 1.51, 1.57, 1.59, 1.6, 1.61, 1.62, 1.13, 1.11, 1.09, 1.07, 1.04, 1.0, 0.97, 0.92, 0.88, 0.91, 0.71, 0.68, 0.66, 0.65, 1.46, 1.52, 1.56, 1.58, 1.59, 1.6, 1.12, 1.1, 1.08, 1.06, 1.03, 1.0, 0.96, 0.93, 0.68, 0.69, 0.7, 0.69, 0.67, 0.65, 1.42, 1.48, 1.52, 1.55, 1.57, 1.58, 1.11, 1.09, 1.07, 1.05, 1.03, 1.0, 0.97, 0.94, 0.67, 0.68, 0.68, 0.68, 0.66, 0.65, 1.39, 1.45, 1.5, 1.53, 1.55, 1.56, 1.1, 1.09, 1.07, 1.05, 1.03, 1.0, 0.98, 0.66, 0.67, 0.67, 0.67, 0.67, 0.66, 0.65, 1.39, 1.44, 1.48, 1.51, 1.53, 1.55]}, {"header": {"refTime": "2023-09-09T03:00:00.000Z", "nx": 21, "ny": 33, "lo1": 113.509, "la1": 22.2235, "lo2": 113.5947, "la2": 22.1034, "dx": 0.0042850000000001385, "dy": 0.003753125000000024, "parameterCategory": 0, "parameterCategoryName": "Temperature", "parameterNumber": 0}, "data": [[25.99, 25.99, 25.98, 25.72, 25.73, 26.02, 26.01, 26.01, 26.01, 25.89, 25.9, 25.92, 26.17, 26.19, 26.25, 26.26, 26.35, 26.35, 26.35, 26.35], [25.99, 25.99, 25.98, 25.98, 25.73, 25.74, 26.0, 25.99, 25.98, 25.89, 25.91, 25.94, 26.19, 26.2, 26.26, 26.35, 26.35, 26.35, 26.35, 26.35], [26.0, 25.99, 25.99, 25.98, 25.73, 25.74, 25.76, 25.97, 25.92, 25.89, 25.92, 25.97, 26.22, 26.23, 26.35, 26.35, 26.35, 26.35, 26.35, 26.35], [26.0, 26.0, 25.99, 25.99, 25.98, 25.73, 25.75, 25.78, 25.81, 25.88, 25.92, 26.01, 26.27, 26.12, 26.35, 26.35, 26.35, 26.35, 26.35, 26.35], [26.01, 26.0, 26.0, 25.99, 25.98, 25.72, 25.73, 25.74, 25.73, 25.84, 25.9, 26.13, 26.29, 26.16, 26.35, 26.35, 26.36, 26.36, 26.36, 26.36], [26.01, 26.01, 26.01, 26.0, 25.99, 25.98, 25.72, 25.72, 25.69, 25.63, 25.89, 26.05, 26.18, 26.33, 26.34, 26.35, 26.36, 26.37, 26.36, 26.36], [26.07, 26.02, 26.02, 26.02, 26.01, 26.0, 25.8, 25.73, 25.7, 25.64, 25.59, 25.92, 26.29, 26.3, 26.33, 26.35, 26.38, 26.38, 26.4, 26.4], [26.07, 26.07, 26.07, 26.07, 26.07, 25.86, 25.83, 25.82, 25.84, 25.59, 25.37, 25.89, 25.9, 26.3, 26.33, 26.3, 26.35, 26.36, 26.34, 26.32], [26.03, 26.03, 26.09, 26.09, 26.09, 26.08, 26.04, 25.82, 25.68, 25.67, 25.58, 25.73, 25.8, 25.71, 26.32, 26.3, 26.32, 26.33, 26.33, 26.32], [26.2, 26.2, 26.2, 26.06, 26.08, 26.13, 26.1, 26.04, 25.5, 25.54, 25.81, 25.64, 25.69, 25.67, 26.32, 26.29, 26.3, 26.31, 26.31, 26.31], [26.2, 26.2, 26.2, 26.2, 26.2, 26.2, 26.2, 26.2, 26.09, 25.66, 25.2, 25.58, 25.63, 25.63, 26.32, 26.28, 26.29, 26.3, 26.3, 26.3], [26.2, 26.2, 26.2, 26.2, 26.2, 26.2, 26.2, 26.2, 26.2, -999.0, 25.2, 26.2, 26.2, 25.6, 26.32, 26.27, 26.28, 25.66, 25.68, 25.68], [26.2, 26.2, 26.2, 26.2, 26.2, 26.2, 26.2, 26.2, 26.2, 26.2, -999.0, 26.2, 26.2, 25.48, 25.8, 25.93, 25.94, 25.78, 25.8, 25.81], [26.2, 26.2, 26.2, 26.2, 26.2, 26.2, 26.2, 26.2, 26.2, 26.2, -999.0, 25.1, 25.1, 25.1, 25.7, 25.82, 25.84, 25.68, 25.71, 25.74], [26.2, 26.2, 26.2, 26.2, 26.2, 26.2, 26.2, 26.2, 26.2, 26.2, 26.2, 25.78, 25.1, 25.1, 25.1, 25.7, 25.73, 25.58, 25.63, 25.67], [26.2, 26.2, 26.2, 26.2, 26.2, 26.2, 26.2, 26.2, 26.2, 26.2, 25.51, 25.59, 25.48, 25.39, 25.49, 25.47, 25.52, 25.42, 25.71, 25.75], [26.2, 26.2, 26.2, 26.2, 26.2, 26.2, 26.2, 26.2, 26.2, 26.2, 25.73, 25.59, 25.45, 25.31, 25.34, 25.33, 25.41, 25.47, 25.51, 25.54], [26.2, 26.2, 26.2, 26.2, 26.2, 26.2, 26.2, 26.2, 26.2, 25.92, 25.77, 25.61, 25.44, 25.35, 25.14, 25.3, 25.41, 25.49, 25.53, 25.56], [26.2, 26.2, 26.2, 26.2, 26.2, 26.2, 26.2, 26.2, 26.1, 25.99, 25.86, 25.73, 25.58, 25.43, 25.29, 25.37, 25.46, 25.53, 25.57, 25.59], [26.2, 26.2, 26.14, 26.15, 26.15, 26.15, 26.16, 26.18, 26.09, 25.99, 25.88, 25.76, 25.65, 25.57, 25.44, 25.48, 25.54, 25.59, 25.61, 25.62], [26.14, 26.14, 26.14, 26.16, 26.16, 26.16, 26.17, 26.17, 26.01, 25.96, 25.89, 25.8, 25.72, 25.53, 25.55, 25.59, 25.63, 25.66, 25.66, 25.66], [26.15, 26.15, 26.15, 26.16, 26.16, 26.16, 26.16, 26.15, 25.97, 25.94, 25.9, 25.84, 25.75, 25.6, 25.64, 25.69, 25.73, 25.73, 25.71, 25.69], [26.15, 26.15, 26.15, 26.14, 26.14, 26.14, 26.14, 26.14, 26.13, 26.13, 26.13, 26.13, 25.95, 25.66, 25.7, 25.77, 25.83, 25.8, 25.75, 25.72], [26.14, 26.14, 26.14, 26.13, 26.13, 26.13, 26.13, 26.13, 26.12, 26.12, 26.12, 26.1, 25.96, 25.93, 25.92, 25.8, 25.96, 25.8, 25.75, 25.73], [26.13, 26.13, 26.13, 26.13, 26.13, 26.13, 26.12, 26.12, 26.11, 26.11, 26.11, 26.1, 26.1, 25.93, 25.91, 25.89, 25.77, 25.71, 25.74, 25.73], [26.13, 26.13, 26.13, 26.13, 26.13, 26.12, 26.12, 26.12, 26.11, 26.11, 26.1, 26.1, 26.1, 25.93, 25.9, 25.88, 25.84, 25.82, 25.73, 25.72], [26.13, 26.13, 26.13, 26.13, 26.13, 26.12, 26.12, 26.12, 26.11, 26.11, 26.1, 26.1, 26.1, 25.94, 25.91, 25.89, 25.87, 25.86, 25.86, 25.87], [26.13, 26.13, 26.13, 26.13, 26.12, 26.12, 26.12, 26.12, 26.11, 26.1, 26.1, 26.03, 25.99, 25.95, 25.93, 25.9, 25.89, 25.88, 25.88, 25.88], [26.13, 26.13, 26.13, 26.12, 26.12, 26.12, 26.12, 26.11, 26.11, 26.1, 26.08, 26.04, 26.0, 25.97, 25.94, 25.92, 25.9, 25.89, 25.89, 25.89], [26.13, 26.13, 26.13, 26.12, 26.12, 26.12, 26.12, 26.11, 26.04, 26.06, 26.07, 26.04, 26.01, 25.97, 25.95, 25.93, 25.92, 25.91, 25.9, 25.9], [26.13, 26.13, 26.12, 26.12, 26.12, 26.12, 26.12, 26.12, 26.03, 26.04, 26.04, 26.02, 26.0, 25.98, 25.95, 25.94, 25.92, 25.92, 25.91, 25.91], [26.13, 26.13, 26.12, 26.12, 26.12, 26.12, 26.12, 26.02, 26.02, 26.02, 26.02, 26.01, 25.99, 25.97, 25.96, 25.94, 25.93, 25.92, 25.92, 25.91]]}]