gis_exercise/awsData/contour/wdir_2023090303.json
[{"header": {"refTime": "2023-09-03T03:00:00.000Z", "nx": 21, "ny": 33, "lo1": 113.509, "la1": 22.2235, "lo2": 113.5947, "la2": 22.1034, "dx": 0.0042850000000001385, "dy": 0.003753125000000024, "parameterCategory": 2, "parameterCategoryName": "Temperature", "parameterNumber": 2}, "data": [-1.53, -1.51, -1.49, -1.69, -1.64, -1.72, -1.64, -1.56, -1.54, -1.63, -1.8, -1.96, -2.37, -2.47, -3.86, -4.1, -5.12, -5.24, -5.33, -5.39, -1.54, -1.53, -1.5, -1.47, -1.65, -1.57, -1.57, -1.4, -1.3, -1.49, -1.78, -2.01, -2.45, -2.54, -3.93, -4.99, -5.18, -5.34, -5.44, -5.49, -1.56, -1.54, -1.53, -1.5, -1.68, -1.59, -1.45, -1.27, -0.8, -1.37, -1.83, -2.14, -2.58, -2.65, -4.74, -5.03, -5.29, -5.48, -5.59, -5.63, -1.58, -1.57, -1.56, -1.54, -1.5, -1.67, -1.55, -1.36, -1.17, -1.57, -2.0, -2.35, -2.77, -3.15, -4.7, -5.12, -5.48, -5.7, -5.8, -5.8, -1.6, -1.59, -1.59, -1.58, -1.57, -1.78, -1.74, -1.67, -1.65, -1.9, -2.21, -3.13, -3.14, -3.16, -4.73, -5.31, -5.79, -6.06, -6.09, -6.0, -1.61, -1.62, -1.62, -1.63, -1.64, -1.66, -1.93, -1.96, -1.99, -2.03, -3.06, -3.13, -3.16, -3.98, -4.86, -5.6, -6.31, -6.61, -6.46, -6.22, -3.26, -1.64, -1.65, -1.67, -1.7, -1.75, -2.31, -2.2, -2.26, -2.77, -2.83, -3.16, -4.18, -4.29, -5.04, -5.91, -7.04, -7.46, -7.23, -6.94, -3.27, -3.21, -3.15, -2.97, -2.94, -2.18, -2.28, -2.42, -2.63, -2.73, -2.66, -3.94, -4.2, -4.61, -6.16, -6.74, -7.44, -7.7, -7.32, -7.06, -3.29, -3.23, -3.14, -3.03, -2.84, -2.85, -2.96, -2.32, -3.13, -2.79, -3.9, -4.52, -5.32, -4.93, -6.15, -6.57, -7.0, -7.18, -7.1, -6.96, -4.24, -4.15, -4.0, -3.01, -2.77, -2.55, -2.91, -3.3, -3.66, -3.55, -4.34, -4.91, -5.61, -5.1, -6.17, -6.44, -6.7, -6.86, -6.88, -6.83, -4.27, -4.19, -4.05, -3.8, -3.27, -1.73, -3.65, -4.62, -4.09, -4.07, -5.18, -4.78, -5.0, -4.93, -6.18, -6.36, -6.53, -6.65, -6.71, -6.71, -4.33, -4.27, -4.17, -4.02, -3.77, -3.64, -4.39, -5.19, -5.47, -6.19, -5.3, -5.6, -5.6, -4.77, -6.19, -6.31, -6.43, -6.76, -6.79, -6.79, -4.4, -4.37, -4.35, -4.34, -4.41, -4.77, -5.32, -5.4, -5.46, -5.24, -6.26, -5.59, -5.58, -5.17, -5.13, -6.45, -6.5, -6.56, -6.6, -6.63, -4.48, -4.48, -4.51, -4.59, -4.79, -5.25, -6.03, -5.48, -5.32, -5.2, -6.25, -5.78, -5.73, -5.67, -5.05, -6.22, -6.28, -6.35, -6.42, -6.47, -4.54, -4.57, -4.62, -4.73, -4.92, -5.2, -5.42, -4.92, -4.61, -4.36, -4.17, -3.58, -5.57, -5.49, -5.44, -5.95, -6.04, -6.15, -6.25, -6.33, -4.6, -4.63, -2.9, -3.02, -3.18, -4.4, -4.34, -4.13, -3.89, -3.74, -3.17, -3.36, -3.58, -3.93, -4.06, -5.04, -5.08, -5.12, -5.59, -5.67, -2.68, -2.71, -2.75, -2.78, -3.91, -3.77, -3.51, -3.15, -2.92, -2.95, -2.76, -3.15, -3.54, -3.91, -4.0, -4.37, -4.29, -4.22, -4.17, -4.13, -2.59, -2.59, -2.58, -2.54, -3.5, -3.19, -2.69, -2.0, -1.65, -1.86, -2.48, -2.95, -3.49, -3.94, -4.51, -4.4, -4.28, -4.2, -4.15, -4.11, -2.51, -2.48, -2.43, -3.43, -3.17, -2.76, -2.1, -1.0, -0.01, -1.29, -1.83, -2.51, -3.21, -3.76, -4.41, -4.33, -4.24, -4.17, -4.12, -4.09, -2.43, -2.38, -3.04, -2.89, -2.66, -2.31, -1.79, -1.04, -0.46, -1.17, -1.91, -2.5, -3.09, -3.51, -4.27, -4.23, -4.17, -4.12, -4.08, -4.05, -3.18, -3.1, -3.0, -2.86, -2.67, -2.41, -2.07, -1.72, -1.39, -1.72, -2.17, -2.57, -3.03, -4.18, -4.17, -4.14, -4.1, -4.06, -4.03, -4.01, -3.15, -3.09, -3.0, -2.89, -2.75, -2.59, -2.43, -1.05, -2.09, -2.29, -2.52, -2.74, -4.56, -4.11, -4.1, -4.08, -4.06, -4.02, -3.98, -3.96, -3.15, -3.09, -3.03, -1.1, -1.15, -1.23, -1.34, -1.5, -1.68, -1.78, -1.72, -3.0, -4.02, -4.06, -4.05, -4.06, -4.1, -3.99, -3.91, -3.91, -1.05, -1.08, -1.12, -1.18, -1.26, -1.4, -1.6, -1.91, -2.29, -2.47, -2.19, -3.1, -4.03, -3.98, -3.95, -4.01, -4.33, -3.8, -3.79, -3.84, -1.07, -1.1, -1.15, -1.22, -1.33, -1.49, -1.74, -2.17, -2.89, -3.5, -2.59, -2.99, -2.94, -3.97, -3.92, -3.87, -3.67, -3.42, -3.7, -3.8, -1.08, -1.12, -1.17, -1.24, -1.34, -1.49, -1.73, -2.11, -2.78, -3.33, -3.05, -2.7, -2.67, -3.96, -3.9, -3.0, -3.14, -3.14, -3.73, -3.8, -1.08, -1.11, -1.16, -1.22, -1.3, -1.41, -1.56, -1.76, -1.98, -1.98, -2.25, -2.15, -2.29, -2.05, -2.44, -2.74, -2.9, -2.96, -2.96, -2.93, -1.07, -1.1, -1.13, -1.18, -1.23, -1.28, -1.33, -1.33, -1.21, -1.41, -1.12, -1.12, -1.43, -1.67, -2.17, -2.48, -2.67, -2.77, -2.8, -2.8, -1.06, -1.08, -1.1, -1.12, -1.14, -1.14, -1.11, -0.99, -0.68, -0.44, 0.42, -0.53, -1.11, -1.47, -1.94, -2.25, -2.46, -2.58, -2.65, -2.68, -1.04, -1.05, -1.06, -1.07, -1.06, -1.03, -0.95, -0.79, -0.88, -0.26, 0.13, -0.46, -0.99, -1.35, -1.78, -2.07, -2.28, -2.42, -2.51, -2.56, -1.02, -1.02, -1.02, -1.02, -1.0, -0.95, -0.86, -0.71, -0.95, -0.64, -0.52, -0.73, -1.05, -1.32, -1.68, -1.95, -2.15, -2.29, -2.39, -2.45, -1.0, -1.0, -0.99, -0.98, -0.95, -0.9, -0.82, -1.27, -1.09, -0.93, -0.88, -0.98, -1.16, -1.35, -1.64, -1.87, -2.05, -2.19, -2.29, -2.36]}, {"header": {"refTime": "2023-09-03T03:00:00.000Z", "nx": 21, "ny": 33, "lo1": 113.509, "la1": 22.2235, "lo2": 113.5947, "la2": 22.1034, "dx": 0.0042850000000001385, "dy": 0.003753125000000024, "parameterCategory": 2, "parameterCategoryName": "Temperature", "parameterNumber": 3}, "data": [-0.03, -0.03, -0.03, 0.44, 0.4, -0.16, -0.19, -0.21, -0.24, -0.18, -0.19, -0.2, -0.15, -0.14, 0.04, 0.13, 0.7, 0.76, 0.81, 0.85, -0.03, -0.03, -0.03, -0.03, 0.4, 0.35, -0.18, -0.22, -0.24, -0.19, -0.2, -0.23, -0.18, -0.17, 0.02, 0.62, 0.72, 0.8, 0.85, 0.89, -0.03, -0.03, -0.02, -0.02, 0.42, 0.36, 0.27, -0.21, -0.27, -0.2, -0.21, -0.28, -0.25, -0.22, 0.45, 0.62, 0.76, 0.86, 0.91, 0.94, -0.03, -0.03, -0.02, -0.01, -0.01, 0.41, 0.34, 0.2, 0.08, -0.16, -0.21, -0.35, -0.38, 0.0, 0.42, 0.66, 0.84, 0.95, 1.0, 1.01, -0.04, -0.03, -0.02, -0.01, 0.01, 0.49, 0.45, 0.41, 0.4, -0.05, -0.15, -0.09, -0.61, -0.11, 0.44, 0.75, 0.98, 1.09, 1.12, 1.09, -0.04, -0.04, -0.03, -0.01, 0.02, 0.07, 0.57, 0.59, 0.63, 0.69, 0.53, 0.19, -0.19, 0.02, 0.58, 0.91, 1.19, 1.31, 1.26, 1.18, 0.41, -0.05, -0.04, -0.02, 0.01, 0.08, 0.57, 0.72, 0.77, 1.15, 1.22, 0.74, 0.5, 0.41, 0.78, 1.08, 1.48, 1.62, 1.29, 1.11, 0.4, 0.38, 0.35, 0.21, 0.22, 0.38, 0.51, 0.7, 0.92, 1.14, 1.23, 1.31, 1.3, 0.68, 1.4, 1.53, 1.7, 1.77, 1.67, 1.61, 0.39, 0.36, 0.32, 0.27, 0.12, 0.16, 0.3, 0.58, 0.94, 1.14, 1.2, 1.18, 1.06, 1.12, 1.35, 1.47, 1.58, 1.63, 1.62, 1.58, 0.39, 0.35, 0.3, 0.21, 0.08, -0.08, 0.12, 0.36, 0.94, 0.98, 1.16, 1.1, 0.99, 1.08, 1.31, 1.42, 1.5, 1.55, 1.56, 1.55, 0.4, 0.37, 0.32, 0.22, 0.02, -0.56, 0.15, 0.48, 0.49, 0.94, 0.95, 1.11, 1.09, 1.1, 1.31, 1.39, 1.45, 1.49, 1.51, 1.51, 0.43, 0.4, 0.37, 0.31, 0.22, 0.17, 0.44, 0.67, 0.73, 0.95, 0.93, 1.02, 1.02, 1.12, 1.32, 1.37, 1.42, 1.09, 1.11, 1.11, 0.45, 0.45, 0.44, 0.44, 0.47, 0.62, 0.84, 0.79, 0.76, 0.7, 0.97, 1.01, 1.02, 0.83, 0.81, 0.93, 0.96, 0.99, 1.02, 1.03, 0.48, 0.49, 0.5, 0.54, 0.63, 0.83, 1.19, 0.88, 0.76, 0.71, 0.99, 0.63, 0.6, 0.57, 0.73, 0.83, 0.86, 0.9, 0.94, 0.96, 0.51, 0.52, 0.55, 0.59, 0.67, 0.79, 0.88, 1.22, 1.19, 1.19, 1.19, 0.78, 0.54, 0.51, 0.48, 0.72, 0.76, 0.81, 0.86, 0.9, 0.53, 0.55, 0.75, 0.79, 0.85, 1.26, 1.26, 1.25, 1.24, 1.24, 0.86, 0.77, 0.67, 0.57, 0.52, 0.8, 0.91, 1.01, 1.38, 1.47, 0.75, 0.77, 0.8, 0.84, 1.27, 1.27, 1.29, 1.3, 1.3, 1.29, 0.9, 0.77, 0.63, 0.48, 0.63, 0.36, 0.42, 0.47, 0.5, 0.52, 0.78, 0.81, 0.84, 0.88, 1.28, 1.3, 1.32, 1.35, 1.37, 1.19, 1.06, 0.79, 0.61, 0.63, 0.23, 0.34, 0.44, 0.49, 0.53, 0.54, 0.81, 0.84, 0.87, 1.28, 1.29, 1.31, 1.35, 1.41, 1.43, 1.25, 0.7, 0.52, 1.03, 0.81, 0.33, 0.41, 0.49, 0.54, 0.56, 0.56, 0.83, 0.86, 0.85, 0.87, 0.9, 0.95, 1.03, 1.16, 1.13, 0.88, 0.65, 0.49, 1.18, 1.09, 0.48, 0.53, 0.58, 0.61, 0.61, 0.59, 0.79, 0.79, 0.8, 0.81, 0.82, 0.85, 0.89, 0.95, 0.77, 0.66, 0.53, 0.42, 1.34, 0.56, 0.6, 0.66, 0.7, 0.7, 0.66, 0.62, 0.75, 0.74, 0.74, 0.74, 0.73, 0.73, 0.72, 0.54, 0.48, 0.42, 0.35, 0.31, 0.78, 0.64, 0.71, 0.81, 0.87, 0.81, 0.7, 0.62, 0.71, 0.7, 0.68, 0.42, 0.41, 0.39, 0.36, 0.31, 0.24, 0.19, 0.2, 0.92, 0.28, 0.69, 0.79, 0.97, 1.2, 0.94, 0.67, 0.59, 0.39, 0.39, 0.38, 0.36, 0.33, 0.29, 0.22, 0.12, -0.02, -0.09, -0.01, 0.48, 0.23, 0.42, 0.62, 0.98, 1.93, 0.63, 0.49, 0.51, 0.37, 0.36, 0.34, 0.31, 0.28, 0.22, 0.13, -0.01, -0.25, -0.44, -0.17, 0.38, 0.72, 0.35, 0.51, 0.61, 0.33, -0.24, 0.3, 0.44, 0.35, 0.33, 0.31, 0.28, 0.24, 0.18, 0.09, -0.04, -0.25, -0.41, 0.02, 0.36, 0.66, 0.29, 0.39, 0.57, 0.37, 0.24, 0.32, 0.42, 0.33, 0.31, 0.29, 0.26, 0.22, 0.17, 0.1, 0.02, -0.07, -0.09, 0.2, 0.4, 0.62, 0.58, 0.58, 0.53, 0.45, 0.4, 0.42, 0.47, 0.32, 0.3, 0.28, 0.25, 0.22, 0.18, 0.13, 0.1, 0.08, 0.27, 0.34, -0.22, -0.36, -0.5, 0.55, 0.53, 0.49, 0.47, 0.47, 0.49, 0.31, 0.29, 0.27, 0.25, 0.22, 0.19, 0.17, 0.16, 0.18, 0.36, 0.21, -0.07, -0.27, -0.43, 0.53, 0.53, 0.51, 0.5, 0.5, 0.51, 0.3, 0.29, 0.27, 0.25, 0.23, 0.21, 0.2, 0.2, -0.14, 0.02, 0.12, -0.06, -0.24, -0.39, 0.53, 0.53, 0.52, 0.52, 0.52, 0.52, 0.3, 0.28, 0.27, 0.25, 0.24, 0.22, 0.22, 0.22, -0.18, -0.1, -0.07, -0.15, -0.27, -0.38, 0.52, 0.53, 0.53, 0.53, 0.53, 0.53, 0.3, 0.28, 0.27, 0.26, 0.25, 0.24, 0.23, -0.28, -0.23, -0.19, -0.19, -0.23, -0.31, -0.39, 0.52, 0.53, 0.53, 0.53, 0.53, 0.54]}, {"header": {"refTime": "2023-09-03T03:00:00.000Z", "nx": 21, "ny": 33, "lo1": 113.509, "la1": 22.2235, "lo2": 113.5947, "la2": 22.1034, "dx": 0.0042850000000001385, "dy": 0.003753125000000024, "parameterCategory": 0, "parameterCategoryName": "Temperature", "parameterNumber": 0}, "data": [[26.6, 26.59, 26.58, 26.36, 26.36, 26.54, 26.52, 26.51, 26.51, 26.46, 26.49, 26.53, 26.7, 26.72, 26.76, 26.77, 26.91, 26.91, 26.91, 26.91], [26.61, 26.6, 26.59, 26.57, 26.36, 26.36, 26.51, 26.47, 26.45, 26.43, 26.49, 26.55, 26.72, 26.74, 26.78, 26.91, 26.91, 26.91, 26.91, 26.91], [26.62, 26.61, 26.6, 26.58, 26.37, 26.36, 26.35, 26.44, 26.34, 26.41, 26.51, 26.58, 26.76, 26.78, 26.92, 26.91, 26.91, 26.91, 26.91, 26.9], [26.63, 26.62, 26.61, 26.6, 26.58, 26.37, 26.36, 26.34, 26.33, 26.44, 26.54, 26.65, 26.83, 26.8, 26.92, 26.91, 26.91, 26.91, 26.9, 26.9], [26.64, 26.64, 26.63, 26.62, 26.6, 26.38, 26.38, 26.37, 26.36, 26.47, 26.56, 26.8, 26.92, 26.82, 26.92, 26.91, 26.91, 26.9, 26.9, 26.9], [26.66, 26.66, 26.65, 26.64, 26.63, 26.61, 26.4, 26.4, 26.39, 26.36, 26.64, 26.75, 26.84, 26.93, 26.91, 26.91, 26.9, 26.9, 26.9, 26.9], [26.82, 26.67, 26.68, 26.67, 26.67, 26.65, 26.6, 26.45, 26.44, 26.45, 26.43, 26.65, 26.89, 26.9, 26.9, 26.9, 26.9, 26.9, 26.92, 26.92], [26.83, 26.83, 26.83, 26.83, 26.82, 26.66, 26.62, 26.59, 26.57, 26.43, 26.3, 26.62, 26.62, 26.9, 26.86, 26.85, 26.87, 26.88, 26.87, 26.86], [26.77, 26.78, 26.85, 26.85, 26.86, 26.84, 26.79, 26.61, 26.47, 26.47, 26.43, 26.52, 26.56, 26.5, 26.86, 26.85, 26.86, 26.87, 26.86, 26.86], [27.0, 27.0, 27.0, 26.81, 26.84, 26.91, 26.86, 26.79, 26.37, 26.39, 26.56, 26.46, 26.5, 26.48, 26.86, 26.84, 26.85, 26.86, 26.86, 26.85], [27.0, 27.0, 27.0, 27.0, 27.0, 27.0, 27.0, 27.0, 26.86, 26.46, 26.2, 26.43, 26.46, 26.46, 26.86, 26.84, 26.85, 26.85, 26.85, 26.85], [27.0, 27.0, 27.0, 27.0, 27.0, 27.0, 27.0, 27.0, 27.0, -999.0, 26.2, 26.8, 26.8, 26.44, 26.86, 26.84, 26.84, 26.16, 26.18, 26.18], [27.0, 27.0, 27.0, 27.0, 27.0, 27.0, 27.0, 27.0, 27.0, 27.0, -999.0, 26.8, 26.8, 26.02, 26.36, 26.43, 26.44, 26.28, 26.3, 26.31], [27.0, 27.0, 27.0, 27.0, 27.0, 27.0, 27.0, 27.0, 27.0, 27.0, -999.0, 25.6, 25.6, 25.6, 26.26, 26.32, 26.34, 26.18, 26.21, 26.24], [27.0, 27.0, 27.0, 27.0, 27.0, 27.0, 27.0, 26.5, 26.5, 26.5, 26.5, 26.15, 25.6, 25.6, 25.6, 26.2, 26.23, 26.08, 26.13, 26.17], [27.0, 27.0, 26.69, 26.68, 26.67, 26.5, 26.5, 26.5, 26.5, 26.5, 25.93, 26.0, 25.91, 25.84, 25.92, 26.0, 26.06, 25.96, 26.24, 26.28], [26.68, 26.68, 26.82, 26.82, 26.5, 26.5, 26.5, 26.5, 26.5, 26.5, 26.11, 26.0, 25.88, 25.78, 25.83, 25.81, 25.89, 25.95, 25.99, 26.02], [26.82, 26.82, 26.81, 26.79, 26.5, 26.5, 26.5, 26.5, 26.5, 26.27, 26.15, 26.02, 25.88, 25.84, 25.63, 25.79, 25.9, 25.97, 26.01, 26.04], [26.81, 26.8, 26.79, 26.5, 26.5, 26.5, 26.5, 26.5, 26.42, 26.32, 26.26, 26.15, 26.05, 25.92, 25.78, 25.85, 25.94, 26.0, 26.04, 26.06], [26.8, 26.8, 26.56, 26.55, 26.55, 26.55, 26.54, 26.52, 26.43, 26.36, 26.28, 26.19, 26.11, 26.05, 25.92, 25.96, 26.02, 26.06, 26.08, 26.09], [26.56, 26.56, 26.56, 26.54, 26.54, 26.54, 26.53, 26.53, 26.38, 26.35, 26.29, 26.23, 26.18, 26.01, 26.03, 26.07, 26.11, 26.13, 26.13, 26.13], [26.55, 26.55, 26.55, 26.54, 26.54, 26.54, 26.54, 26.6, 26.38, 26.36, 26.32, 26.27, 26.28, 26.08, 26.12, 26.17, 26.21, 26.2, 26.18, 26.16], [26.55, 26.55, 26.55, 26.64, 26.63, 26.63, 26.63, 26.62, 26.62, 26.63, 26.63, 26.6, 26.43, 26.13, 26.18, 26.25, 26.32, 26.27, 26.21, 26.18], [26.65, 26.65, 26.65, 26.65, 26.64, 26.64, 26.64, 26.64, 26.63, 26.63, 26.64, 26.7, 26.43, 26.4, 26.39, 26.28, 26.5, 26.25, 26.2, 26.18], [26.66, 26.66, 26.66, 26.66, 26.65, 26.65, 26.65, 26.65, 26.63, 26.62, 26.65, 26.7, 26.72, 26.4, 26.37, 26.35, 26.2, 26.11, 26.17, 26.17], [26.66, 26.66, 26.66, 26.66, 26.67, 26.67, 26.67, 26.66, 26.65, 26.63, 26.69, 26.72, 26.73, 26.4, 26.37, 26.38, 26.31, 26.28, 26.16, 26.16], [26.67, 26.67, 26.67, 26.67, 26.68, 26.68, 26.68, 26.68, 26.68, 26.69, 26.73, 26.74, 26.74, 26.51, 26.46, 26.4, 26.36, 26.34, 26.35, 26.36], [26.67, 26.67, 26.68, 26.68, 26.69, 26.69, 26.7, 26.71, 26.73, 26.78, 26.79, 26.66, 26.59, 26.52, 26.49, 26.44, 26.4, 26.38, 26.38, 26.39], [26.68, 26.68, 26.68, 26.69, 26.69, 26.7, 26.71, 26.73, 26.76, 26.83, 26.84, 26.72, 26.63, 26.55, 26.52, 26.47, 26.44, 26.42, 26.41, 26.41], [26.68, 26.68, 26.69, 26.69, 26.7, 26.71, 26.72, 26.74, 26.7, 26.76, 26.8, 26.72, 26.64, 26.57, 26.54, 26.5, 26.47, 26.45, 26.43, 26.43], [26.68, 26.69, 26.69, 26.7, 26.71, 26.71, 26.73, 26.74, 26.68, 26.71, 26.72, 26.68, 26.63, 26.57, 26.55, 26.51, 26.49, 26.47, 26.45, 26.44], [26.69, 26.69, 26.7, 26.7, 26.71, 26.72, 26.73, 26.64, 26.66, 26.67, 26.67, 26.65, 26.61, 26.57, 26.56, 26.53, 26.5, 26.48, 26.47, 26.46]]}]