gis_exercise/awsData/contour/wdir_2023090612.json
[{"header": {"refTime": "2023-09-06T12:00:00.000Z", "nx": 21, "ny": 33, "lo1": 113.509, "la1": 22.2235, "lo2": 113.5947, "la2": 22.1034, "dx": 0.0042850000000001385, "dy": 0.003753125000000024, "parameterCategory": 2, "parameterCategoryName": "Temperature", "parameterNumber": 2}, "data": [-2.06, -2.05, -2.04, -1.71, -1.71, -1.92, -1.9, -1.87, -1.86, -1.55, -1.55, -1.54, -1.74, -1.74, -2.11, -2.15, -2.2, -2.22, -2.24, -2.26, -2.07, -2.06, -2.05, -2.03, -1.71, -1.71, -1.89, -1.84, -1.81, -1.57, -1.55, -1.55, -1.75, -1.75, -2.11, -2.17, -2.21, -2.25, -2.27, -2.28, -2.07, -2.07, -2.06, -2.05, -1.72, -1.72, -1.71, -1.82, -1.71, -1.59, -1.56, -1.56, -1.75, -1.76, -2.11, -2.18, -2.24, -2.28, -2.31, -2.31, -2.08, -2.08, -2.07, -2.06, -2.05, -1.73, -1.72, -1.7, -1.69, -1.55, -1.54, -1.58, -1.77, -1.6, -2.11, -2.2, -2.28, -2.34, -2.36, -2.36, -2.09, -2.09, -2.09, -2.08, -2.08, -1.76, -1.75, -1.74, -1.71, -1.48, -1.5, -1.61, -1.73, -1.63, -2.11, -2.24, -2.36, -2.42, -2.43, -2.41, -2.1, -2.1, -2.1, -2.1, -2.11, -2.12, -1.81, -1.81, -1.76, -1.63, -1.42, -1.55, -1.65, -1.91, -2.14, -2.31, -2.48, -2.56, -2.52, -2.46, -2.85, -2.11, -2.11, -2.12, -2.13, -2.16, -1.98, -1.95, -1.91, -1.58, -1.39, -1.45, -1.91, -1.95, -2.16, -2.38, -2.66, -2.76, -2.71, -2.64, -2.86, -2.83, -2.8, -2.53, -2.52, -1.97, -2.01, -2.14, -2.26, -1.53, -1.08, -1.63, -1.75, -2.0, -2.36, -2.53, -2.73, -2.8, -2.69, -2.62, -2.87, -2.84, -2.8, -2.75, -2.49, -2.49, -2.54, -2.04, -2.21, -1.63, -1.5, -1.78, -2.05, -1.92, -2.36, -2.48, -2.6, -2.65, -2.63, -2.59, -3.11, -3.08, -3.02, -2.74, -2.63, -2.4, -2.51, -2.63, -2.32, -2.15, -1.68, -1.89, -2.13, -1.97, -2.36, -2.44, -2.51, -2.56, -2.56, -2.55, -3.13, -3.1, -3.05, -2.95, -2.74, -2.15, -2.86, -3.16, -2.84, -2.42, -2.26, -1.84, -1.92, -1.9, -2.36, -2.41, -2.47, -2.5, -2.52, -2.52, -3.16, -3.14, -3.1, -3.05, -2.95, -2.9, -3.16, -3.31, -3.33, -3.37, -2.41, -2.51, -2.45, -1.85, -2.36, -2.4, -2.44, -2.76, -2.77, -2.77, -3.19, -3.18, -3.18, -3.18, -3.23, -3.4, -3.64, -3.48, -3.38, -3.36, -3.35, -2.57, -2.51, -2.33, -2.35, -2.72, -2.74, -2.75, -2.76, -2.77, -3.22, -3.23, -3.25, -3.29, -3.4, -3.64, -4.09, -3.65, -3.47, -3.4, -3.4, -2.89, -2.85, -2.83, -2.4, -2.73, -2.74, -2.75, -2.76, -2.76, -3.25, -3.27, -3.3, -3.35, -3.45, -3.59, -3.69, -3.31, -3.1, -2.95, -2.85, -2.36, -2.86, -2.84, -2.82, -2.74, -2.75, -2.75, -2.76, -2.76, -3.27, -3.29, -2.57, -2.63, -2.7, -3.07, -3.04, -2.91, -2.76, -2.67, -2.18, -2.27, -2.36, -2.27, -2.34, -2.63, -2.6, -2.58, -2.69, -2.68, -2.45, -2.47, -2.48, -2.49, -2.81, -2.74, -2.61, -2.42, -2.29, -2.3, -2.01, -2.18, -2.34, -2.5, -2.47, -2.61, -2.55, -2.49, -2.46, -2.43, -2.4, -2.4, -2.39, -2.36, -2.6, -2.45, -2.2, -1.86, -1.68, -1.79, -2.06, -2.1, -2.32, -2.45, -2.75, -2.63, -2.54, -2.48, -2.44, -2.41, -2.35, -2.33, -2.3, -2.55, -2.43, -2.23, -1.91, -1.37, -0.9, -1.51, -1.71, -2.0, -2.1, -2.35, -2.65, -2.58, -2.5, -2.45, -2.41, -2.39, -2.31, -2.28, -2.51, -2.43, -2.3, -2.12, -1.85, -1.45, -1.09, -1.42, -1.75, -2.01, -2.02, -2.2, -2.52, -2.49, -2.44, -2.4, -2.38, -2.36, -2.57, -2.54, -2.48, -2.41, -2.31, -2.17, -1.99, -1.8, -1.54, -1.69, -1.89, -2.06, -1.97, -2.45, -2.43, -2.4, -2.37, -2.35, -2.34, -2.33, -2.56, -2.52, -2.48, -2.42, -2.35, -2.26, -2.17, -1.72, -1.89, -1.98, -2.08, -2.16, -2.73, -2.39, -2.36, -2.33, -2.31, -2.29, -2.29, -2.3, -2.56, -2.53, -2.49, -1.87, -1.88, -1.89, -1.93, -1.99, -2.07, -2.12, -2.12, -2.15, -2.52, -2.35, -2.32, -2.28, -2.25, -2.25, -2.26, -2.27, -1.9, -1.91, -1.92, -1.94, -1.97, -2.01, -2.09, -2.21, -2.37, -2.44, -2.36, -2.62, -2.54, -2.44, -2.35, -2.25, -2.23, -2.2, -2.23, -2.25, -1.93, -1.94, -1.96, -1.99, -2.04, -2.1, -2.2, -2.36, -2.62, -2.84, -2.55, -2.63, -2.53, -2.45, -2.36, -2.28, -2.19, -2.16, -2.21, -2.25, -1.96, -1.97, -2.0, -2.03, -2.08, -2.15, -2.25, -2.4, -2.63, -2.81, -2.73, -2.59, -2.51, -2.47, -2.38, -2.14, -2.14, -2.13, -2.23, -2.25, -1.98, -2.0, -2.02, -2.06, -2.1, -2.16, -2.24, -2.34, -2.43, -2.46, -2.56, -2.49, -2.45, -2.1, -2.11, -2.12, -2.13, -2.13, -2.13, -2.13, -1.99, -2.01, -2.04, -2.07, -2.11, -2.16, -2.21, -2.25, -2.27, -2.4, -2.34, -2.33, -2.35, -2.35, -2.1, -2.11, -2.12, -2.12, -2.13, -2.13, -2.0, -2.02, -2.05, -2.08, -2.11, -2.14, -2.17, -2.19, -2.17, -2.22, -2.08, -2.23, -2.3, -2.32, -2.09, -2.11, -2.11, -2.12, -2.12, -2.12, -2.01, -2.03, -2.05, -2.08, -2.1, -2.12, -2.14, -2.15, -2.3, -2.19, -2.13, -2.21, -2.28, -2.31, -2.09, -2.1, -2.11, -2.11, -2.12, -2.12, -2.02, -2.03, -2.05, -2.07, -2.09, -2.11, -2.12, -2.12, -2.3, -2.25, -2.22, -2.25, -2.28, -2.3, -2.09, -2.1, -2.1, -2.11, -2.11, -2.11, -2.02, -2.03, -2.05, -2.07, -2.08, -2.09, -2.1, -2.35, -2.32, -2.29, -2.27, -2.28, -2.29, -2.31, -2.08, -2.09, -2.1, -2.1, -2.11, -2.11]}, {"header": {"refTime": "2023-09-06T12:00:00.000Z", "nx": 21, "ny": 33, "lo1": 113.509, "la1": 22.2235, "lo2": 113.5947, "la2": 22.1034, "dx": 0.0042850000000001385, "dy": 0.003753125000000024, "parameterCategory": 2, "parameterCategoryName": "Temperature", "parameterNumber": 3}, "data": [0.35, 0.32, 0.29, -0.1, -0.1, 0.06, 0.05, 0.03, 0.04, 0.18, 0.26, 0.33, 0.76, 0.82, 0.7, 0.73, 1.31, 1.31, 1.32, 1.32, 0.37, 0.34, 0.31, 0.27, -0.1, -0.12, 0.02, -0.03, -0.05, 0.11, 0.25, 0.36, 0.8, 0.86, 0.73, 1.3, 1.31, 1.31, 1.31, 1.31, 0.39, 0.36, 0.33, 0.29, -0.1, -0.11, -0.14, -0.07, -0.21, 0.06, 0.27, 0.43, 0.86, 0.91, 1.29, 1.3, 1.3, 1.31, 1.31, 1.31, 0.42, 0.4, 0.36, 0.32, 0.27, -0.11, -0.12, -0.15, -0.18, 0.14, 0.35, 0.54, 0.95, 1.08, 1.29, 1.3, 1.3, 1.3, 1.3, 1.31, 0.45, 0.44, 0.41, 0.37, 0.32, -0.09, -0.1, -0.11, -0.1, 0.27, 0.43, 1.05, 1.06, 1.09, 1.29, 1.3, 1.29, 1.29, 1.29, 1.3, 0.49, 0.49, 0.47, 0.44, 0.39, 0.31, -0.08, -0.08, -0.06, -0.02, 0.97, 1.06, 1.09, 1.39, 1.31, 1.3, 1.28, 1.27, 1.28, 1.29, 0.88, 0.54, 0.54, 0.52, 0.48, 0.4, 0.41, -0.08, -0.06, 0.43, 0.59, 1.11, 1.54, 1.52, 1.35, 1.31, 1.26, 1.24, 1.25, 1.27, 0.9, 0.91, 0.91, 1.01, 0.97, 0.64, 0.46, 0.18, -0.0, 0.39, 0.44, 1.42, 1.58, 1.61, 1.59, 1.49, 1.36, 1.31, 1.38, 1.43, 0.93, 0.95, 0.97, 0.99, 1.1, 1.04, 0.87, 0.37, 0.21, 0.45, 1.09, 1.43, 1.59, 1.51, 1.61, 1.52, 1.44, 1.41, 1.42, 1.45, 1.36, 1.37, 1.39, 1.07, 1.16, 1.29, 1.12, 0.92, 0.46, 0.44, 1.26, 1.44, 1.57, 1.5, 1.62, 1.56, 1.5, 1.47, 1.46, 1.47, 1.36, 1.37, 1.38, 1.42, 1.48, 1.68, 1.45, 1.36, 1.06, 0.64, 1.17, 1.4, 1.46, 1.46, 1.62, 1.57, 1.54, 1.51, 1.5, 1.5, 1.35, 1.35, 1.36, 1.38, 1.41, 1.43, 1.35, 1.32, 1.33, 1.33, 1.2, 1.64, 1.66, 1.41, 1.61, 1.58, 1.56, 1.08, 1.06, 1.05, 1.34, 1.34, 1.34, 1.33, 1.32, 1.25, 1.17, 1.25, 1.3, 1.3, 1.34, 1.61, 1.64, 1.29, 1.25, 1.03, 1.02, 1.01, 1.01, 1.01, 1.32, 1.32, 1.31, 1.3, 1.26, 1.17, 1.0, 1.18, 1.25, 1.28, 1.31, 1.12, 1.07, 1.01, 1.1, 0.92, 0.93, 0.94, 0.95, 0.96, 1.31, 1.31, 1.3, 1.28, 1.24, 1.19, 1.15, 1.13, 1.18, 1.2, 1.22, 0.92, 0.94, 0.87, 0.83, 0.79, 0.82, 0.85, 0.89, 0.91, 1.31, 1.3, 1.29, 1.28, 1.25, 1.15, 1.15, 1.17, 1.2, 1.22, 0.98, 0.88, 0.76, 0.72, 0.66, 0.52, 0.56, 0.6, 0.51, 0.54, 1.31, 1.3, 1.29, 1.28, 1.18, 1.19, 1.2, 1.22, 1.24, 1.24, 0.97, 0.85, 0.69, 0.52, 0.33, 0.04, 0.0, -0.03, -0.05, -0.07, 1.31, 1.3, 1.3, 1.29, 1.2, 1.22, 1.24, 1.27, 1.29, 1.03, 0.9, 0.84, 0.65, 0.34, 0.17, 0.05, 0.0, -0.04, -0.06, -0.08, 1.31, 1.31, 1.3, 1.21, 1.22, 1.24, 1.26, 1.31, 1.29, 1.1, 0.56, 0.39, 0.54, 0.4, 0.06, 0.03, -0.02, -0.05, -0.07, -0.09, 1.31, 1.31, 0.55, 0.58, 0.62, 0.69, 0.79, 0.96, 0.98, 0.73, 0.5, 0.35, 0.59, 0.49, -0.0, -0.02, -0.05, -0.07, -0.09, -0.11, 0.48, 0.49, 0.5, 0.52, 0.54, 0.58, 0.64, 0.71, 0.61, 0.49, 0.36, 0.26, 0.62, -0.04, -0.04, -0.05, -0.07, -0.09, -0.11, -0.13, 0.44, 0.44, 0.44, 0.44, 0.44, 0.45, 0.45, 0.33, 0.28, 0.22, 0.16, 0.13, -0.15, -0.07, -0.07, -0.07, -0.08, -0.11, -0.14, -0.15, 0.4, 0.39, 0.38, 0.2, 0.19, 0.18, 0.14, 0.08, -0.0, -0.05, -0.05, 0.05, -0.53, -0.1, -0.09, -0.07, -0.03, -0.11, -0.18, -0.19, 0.18, 0.17, 0.16, 0.14, 0.11, 0.06, -0.02, -0.14, -0.3, -0.37, -0.28, -0.36, -0.55, -0.45, -0.35, -0.09, 0.16, -0.24, -0.26, -0.23, 0.16, 0.14, 0.12, 0.09, 0.05, -0.02, -0.12, -0.28, -0.55, -0.78, -0.47, -0.38, -0.22, -0.47, -0.39, -0.32, -0.33, -0.52, -0.32, -0.26, 0.13, 0.12, 0.09, 0.06, 0.01, -0.05, -0.15, -0.31, -0.55, -0.74, -0.55, -0.34, -0.2, -0.5, -0.43, -0.2, -0.29, -0.34, -0.31, -0.26, 0.12, 0.1, 0.07, 0.04, -0.0, -0.06, -0.14, -0.23, -0.33, -0.35, -0.34, -0.23, -0.16, -0.06, -0.12, -0.17, -0.23, -0.25, -0.25, -0.22, 0.11, 0.09, 0.06, 0.03, -0.0, -0.05, -0.09, -0.13, -0.14, -0.17, -0.09, -0.31, -0.4, -0.49, -0.09, -0.14, -0.18, -0.2, -0.21, -0.2, 0.1, 0.08, 0.06, 0.03, 0.01, -0.02, -0.04, -0.05, -0.01, 0.03, 0.11, -0.15, -0.32, -0.43, -0.07, -0.11, -0.14, -0.16, -0.17, -0.17, 0.09, 0.08, 0.06, 0.04, 0.02, 0.0, -0.01, 0.0, -0.24, -0.07, 0.03, -0.13, -0.29, -0.39, -0.05, -0.09, -0.12, -0.14, -0.15, -0.15, 0.09, 0.08, 0.06, 0.05, 0.03, 0.02, 0.02, 0.03, -0.26, -0.18, -0.15, -0.21, -0.3, -0.39, -0.03, -0.07, -0.1, -0.12, -0.13, -0.13, 0.09, 0.08, 0.06, 0.05, 0.04, 0.04, 0.03, -0.35, -0.3, -0.26, -0.25, -0.28, -0.33, -0.39, -0.03, -0.06, -0.08, -0.1, -0.11, -0.12]}, {"header": {"refTime": "2023-09-06T12:00:00.000Z", "nx": 21, "ny": 33, "lo1": 113.509, "la1": 22.2235, "lo2": 113.5947, "la2": 22.1034, "dx": 0.0042850000000001385, "dy": 0.003753125000000024, "parameterCategory": 0, "parameterCategoryName": "Temperature", "parameterNumber": 0}, "data": [[30.42, 30.41, 30.4, 30.48, 30.45, 30.39, 30.35, 30.31, 30.3, 30.32, 30.39, 30.45, 30.74, 30.79, 30.19, 30.16, 30.67, 30.64, 30.62, 30.6], [30.43, 30.42, 30.41, 30.39, 30.46, 30.41, 30.33, 30.24, 30.2, 30.26, 30.38, 30.47, 30.76, 30.81, 30.21, 30.69, 30.64, 30.61, 30.58, 30.57], [30.44, 30.43, 30.42, 30.41, 30.48, 30.43, 30.35, 30.19, 29.97, 30.21, 30.39, 30.51, 30.8, 30.84, 30.74, 30.67, 30.61, 30.56, 30.53, 30.52], [30.45, 30.45, 30.44, 30.43, 30.41, 30.47, 30.41, 30.3, 30.19, 30.3, 30.46, 30.58, 30.84, 31.07, 30.74, 30.64, 30.55, 30.49, 30.46, 30.47], [30.47, 30.46, 30.46, 30.46, 30.45, 30.54, 30.51, 30.47, 30.46, 30.45, 30.56, 31.03, 30.91, 31.05, 30.74, 30.6, 30.45, 30.37, 30.37, 30.4], [30.48, 30.48, 30.48, 30.49, 30.49, 30.5, 30.62, 30.64, 30.65, 30.66, 31.14, 31.11, 31.03, 31.17, 30.75, 30.52, 30.29, 30.19, 30.25, 30.33], [30.72, 30.49, 30.5, 30.51, 30.53, 30.55, 30.85, 30.77, 30.8, 31.13, 31.17, 31.28, 31.43, 31.36, 30.76, 30.45, 30.04, 29.89, 29.82, 29.9], [30.71, 30.71, 30.71, 30.71, 30.72, 30.79, 30.84, 30.91, 31.04, 31.1, 31.03, 31.59, 31.6, 31.35, 30.46, 30.71, 30.2, 30.02, 30.31, 30.5], [30.79, 30.78, 30.69, 30.68, 30.68, 30.7, 30.76, 30.86, 30.97, 31.15, 31.28, 31.43, 31.5, 31.41, 30.52, 30.8, 30.5, 30.38, 30.45, 30.56], [30.5, 30.5, 30.5, 30.73, 30.7, 30.61, 30.67, 30.76, 30.94, 30.95, 31.51, 31.34, 31.39, 31.37, 30.52, 30.89, 30.71, 30.61, 30.61, 30.65], [30.5, 30.5, 30.5, 30.5, 30.5, 30.5, 30.5, 30.5, 30.68, 30.97, 30.9, 31.28, 31.33, 31.33, 30.49, 30.97, 30.83, 30.76, 30.74, 30.75], [30.5, 30.5, 30.5, 30.5, 30.5, 30.5, 30.5, 30.5, 30.5, -999.0, 30.9, 31.9, 31.9, 31.3, 30.47, 31.05, 30.97, 29.49, 29.49, 29.49], [30.5, 30.5, 30.5, 30.5, 30.5, 30.5, 30.5, 30.5, 30.5, 30.5, -999.0, 31.9, 31.9, 30.27, 30.99, 29.53, 29.53, 29.5, 29.51, 29.51], [30.5, 30.5, 30.5, 30.5, 30.5, 30.5, 30.5, 30.5, 30.5, 30.5, -999.0, 29.4, 29.4, 29.4, 30.77, 29.51, 29.51, 29.49, 29.49, 29.5], [30.5, 30.5, 30.5, 30.5, 30.5, 30.5, 30.5, 32.3, 32.3, 32.3, 32.3, 31.19, 29.4, 29.4, 29.4, 29.49, 29.5, 29.47, 29.48, 29.49], [30.5, 30.5, 31.63, 31.65, 31.69, 32.3, 32.3, 32.3, 32.3, 32.3, 30.48, 30.68, 30.4, 30.16, 30.43, 29.84, 29.91, 29.79, 29.78, 29.81], [31.66, 31.67, 31.13, 31.17, 32.3, 32.3, 32.3, 32.3, 32.3, 32.3, 31.05, 30.69, 30.31, 29.97, 29.88, 29.95, 30.15, 30.3, 30.42, 30.5], [31.14, 31.16, 31.2, 31.24, 32.3, 32.3, 32.3, 32.3, 32.3, 31.56, 31.17, 30.74, 30.29, 29.91, 29.47, 29.89, 30.17, 30.35, 30.47, 30.55], [31.18, 31.21, 31.25, 32.3, 32.3, 32.3, 32.3, 32.3, 32.04, 31.74, 31.32, 30.95, 30.41, 30.07, 29.85, 30.05, 30.28, 30.44, 30.55, 30.61], [31.2, 31.23, 31.84, 31.87, 31.89, 31.94, 32.0, 32.17, 31.94, 31.66, 31.34, 31.03, 30.53, 30.3, 30.2, 30.32, 30.46, 30.58, 30.65, 30.7], [31.81, 31.82, 31.84, 31.97, 31.99, 32.01, 32.04, 32.07, 31.66, 31.52, 31.32, 31.09, 30.63, 30.43, 30.47, 30.56, 30.66, 30.73, 30.77, 30.79], [31.93, 31.93, 31.94, 31.94, 31.95, 31.96, 31.96, 31.88, 31.51, 31.43, 31.3, 31.15, 30.47, 30.6, 30.67, 30.75, 30.83, 30.88, 30.9, 30.89], [31.91, 31.91, 31.91, 31.81, 31.81, 31.81, 31.8, 31.79, 31.77, 31.75, 31.74, 31.5, 31.35, 30.73, 30.81, 30.88, 30.93, 31.0, 31.02, 30.98], [31.78, 31.78, 31.78, 31.78, 31.77, 31.76, 31.74, 31.71, 31.67, 31.65, 31.67, 31.28, 31.36, 31.32, 31.28, 30.98, 30.86, 31.21, 31.15, 31.06], [31.77, 31.77, 31.76, 31.75, 31.74, 31.73, 31.7, 31.66, 31.6, 31.56, 31.61, 31.31, 31.23, 31.34, 31.32, 31.3, 31.3, 31.5, 31.23, 31.1], [31.76, 31.75, 31.74, 31.73, 31.72, 31.7, 31.67, 31.64, 31.59, 31.55, 31.39, 31.33, 31.26, 31.36, 31.35, 31.36, 31.41, 31.45, 31.19, 31.1], [31.75, 31.74, 31.73, 31.72, 31.7, 31.68, 31.66, 31.63, 31.6, 31.59, 31.39, 31.34, 31.28, 31.37, 31.37, 31.37, 31.4, 31.41, 31.4, 31.39], [31.74, 31.73, 31.72, 31.71, 31.69, 31.67, 31.65, 31.62, 31.6, 31.41, 31.41, 31.57, 31.61, 31.65, 31.38, 31.38, 31.39, 31.39, 31.39, 31.39], [31.73, 31.72, 31.71, 31.7, 31.68, 31.66, 31.64, 31.62, 31.59, 31.43, 31.52, 31.56, 31.6, 31.63, 31.39, 31.39, 31.39, 31.39, 31.39, 31.38], [31.72, 31.71, 31.7, 31.69, 31.68, 31.66, 31.64, 31.62, 31.56, 31.54, 31.53, 31.56, 31.59, 31.63, 31.4, 31.39, 31.39, 31.39, 31.38, 31.38], [31.72, 31.71, 31.7, 31.69, 31.67, 31.66, 31.64, 31.62, 31.57, 31.56, 31.56, 31.58, 31.6, 31.62, 31.4, 31.39, 31.39, 31.39, 31.38, 31.38], [31.71, 31.71, 31.7, 31.69, 31.67, 31.66, 31.65, 31.58, 31.58, 31.58, 31.58, 31.59, 31.61, 31.63, 31.4, 31.39, 31.39, 31.39, 31.38, 31.38]]}]