gis_exercise/awsData/contour/wdir_2023091203.json
[{"header": {"refTime": "2023-09-12T03:00:00.000Z", "nx": 21, "ny": 33, "lo1": 113.509, "la1": 22.2235, "lo2": 113.5947, "la2": 22.1034, "dx": 0.0042850000000001385, "dy": 0.003753125000000024, "parameterCategory": 2, "parameterCategoryName": "Temperature", "parameterNumber": 2}, "data": [-1.59, -1.6, -1.61, -1.67, -1.67, -1.89, -1.87, -1.85, -1.85, -1.65, -1.67, -1.68, -1.78, -1.79, -2.45, -2.52, -2.54, -2.58, -2.61, -2.63, -1.59, -1.6, -1.61, -1.62, -1.67, -1.67, -1.86, -1.82, -1.8, -1.65, -1.67, -1.69, -1.8, -1.8, -2.47, -2.5, -2.57, -2.62, -2.66, -2.67, -1.58, -1.59, -1.6, -1.62, -1.68, -1.67, -1.67, -1.79, -1.69, -1.65, -1.68, -1.72, -1.83, -1.83, -2.42, -2.52, -2.61, -2.68, -2.72, -2.73, -1.57, -1.58, -1.59, -1.61, -1.63, -1.68, -1.68, -1.67, -1.66, -1.64, -1.68, -1.76, -1.88, -1.75, -2.41, -2.56, -2.68, -2.77, -2.8, -2.8, -1.56, -1.57, -1.58, -1.6, -1.62, -1.7, -1.7, -1.69, -1.67, -1.61, -1.67, -1.77, -1.95, -1.78, -2.42, -2.62, -2.81, -2.91, -2.92, -2.88, -1.54, -1.55, -1.56, -1.58, -1.61, -1.65, -1.73, -1.73, -1.7, -1.61, -1.54, -1.68, -1.81, -2.05, -2.44, -2.73, -3.01, -3.13, -3.06, -2.96, -2.36, -1.52, -1.53, -1.54, -1.57, -1.63, -1.58, -1.82, -1.8, -1.54, -1.4, -1.51, -1.97, -2.04, -2.46, -2.83, -3.3, -3.48, -3.39, -3.27, -2.36, -2.32, -2.27, -2.15, -2.14, -1.45, -1.57, -1.8, -2.02, -1.51, -1.22, -1.61, -1.71, -2.07, -2.66, -2.98, -3.37, -3.51, -3.3, -3.16, -2.37, -2.32, -2.25, -2.16, -2.02, -2.04, -2.18, -1.64, -2.26, -1.57, -1.62, -1.87, -2.2, -2.04, -2.65, -2.88, -3.12, -3.22, -3.18, -3.1, -2.96, -2.89, -2.78, -2.12, -1.91, -1.75, -2.07, -2.42, -2.58, -2.41, -1.8, -2.04, -2.33, -2.11, -2.65, -2.8, -2.95, -3.04, -3.05, -3.03, -2.99, -2.92, -2.81, -2.62, -2.2, -1.0, -2.51, -3.26, -2.98, -2.83, -2.77, -1.98, -2.07, -2.04, -2.65, -2.76, -2.86, -2.93, -2.96, -2.96, -3.03, -2.98, -2.91, -2.79, -2.59, -2.5, -3.08, -3.7, -3.93, -4.05, -2.98, -2.88, -2.77, -1.98, -2.66, -2.73, -2.8, -3.12, -3.14, -3.14, -3.09, -3.06, -3.04, -3.03, -3.09, -3.37, -3.79, -3.86, -3.92, -3.74, -3.95, -2.98, -2.86, -2.29, -2.29, -2.98, -3.02, -3.05, -3.07, -3.08, -3.14, -3.15, -3.17, -3.23, -3.38, -3.74, -4.34, -3.92, -3.8, -3.71, -3.99, -3.26, -3.15, -3.07, -2.31, -2.91, -2.95, -2.98, -3.01, -3.03, -3.2, -3.22, -3.26, -3.34, -3.48, -3.7, -3.87, -3.55, -3.32, -3.14, -3.01, -2.27, -3.09, -3.0, -2.94, -2.84, -2.87, -2.91, -2.95, -2.98, -3.24, -3.27, -2.0, -2.1, -2.21, -3.17, -3.13, -2.97, -2.8, -2.69, -2.01, -2.07, -2.15, -1.91, -1.99, -2.56, -2.58, -2.59, -2.88, -2.91, -1.84, -1.87, -1.9, -1.92, -2.82, -2.71, -2.52, -2.26, -2.09, -2.12, -1.7, -1.9, -2.07, -2.22, -2.14, -2.3, -2.25, -2.2, -2.17, -2.15, -1.78, -1.78, -1.78, -1.75, -2.51, -2.29, -1.92, -1.43, -1.17, -1.15, -1.5, -1.75, -2.01, -2.1, -2.41, -2.32, -2.25, -2.2, -2.16, -2.13, -1.72, -1.7, -1.67, -2.46, -2.28, -1.98, -1.49, -0.69, 0.07, -0.76, -0.93, -1.31, -1.7, -2.01, -2.33, -2.28, -2.22, -2.17, -2.14, -2.12, -1.67, -1.63, -2.0, -1.89, -1.73, -1.49, -1.13, -0.63, -0.14, -0.55, -0.98, -1.31, -1.64, -1.88, -2.24, -2.21, -2.18, -2.14, -2.11, -2.09, -2.07, -2.02, -1.95, -1.85, -1.71, -1.53, -1.29, -1.05, -0.68, -0.88, -1.13, -1.36, -1.62, -2.18, -2.18, -2.16, -2.13, -2.11, -2.08, -2.06, -2.05, -2.0, -1.93, -1.85, -1.75, -1.63, -1.5, -0.77, -1.1, -1.21, -1.34, -1.46, -2.54, -2.14, -2.13, -2.13, -2.12, -2.08, -2.05, -2.03, -2.03, -1.99, -1.93, -0.92, -0.94, -0.96, -1.0, -1.08, -1.17, -1.24, -1.23, -1.67, -2.14, -2.1, -2.1, -2.12, -2.16, -2.07, -2.0, -1.99, -0.95, -0.96, -0.97, -1.0, -1.03, -1.09, -1.19, -1.34, -1.52, -1.62, -1.5, -2.11, -2.15, -2.1, -2.07, -2.09, -2.37, -1.92, -1.9, -1.94, -0.98, -1.0, -1.02, -1.05, -1.11, -1.19, -1.31, -1.51, -1.83, -2.1, -1.73, -2.07, -2.07, -2.09, -2.04, -1.99, -1.81, -1.6, -1.83, -1.91, -1.0, -1.03, -1.05, -1.09, -1.15, -1.23, -1.35, -1.53, -1.83, -2.06, -2.08, -1.98, -1.98, -2.09, -2.03, -1.7, -1.68, -1.64, -1.85, -1.91, -1.02, -1.05, -1.08, -1.12, -1.17, -1.24, -1.33, -1.44, -1.56, -1.58, -1.83, -1.81, -1.86, -1.51, -1.59, -1.64, -1.65, -1.65, -1.65, -1.66, -1.04, -1.06, -1.09, -1.12, -1.17, -1.22, -1.27, -1.31, -1.32, -1.57, -1.48, -1.33, -1.37, -1.37, -1.52, -1.58, -1.61, -1.63, -1.63, -1.64, -1.05, -1.07, -1.09, -1.12, -1.15, -1.19, -1.21, -1.21, -1.17, -1.26, -0.95, -1.18, -1.29, -1.33, -1.47, -1.53, -1.57, -1.6, -1.61, -1.62, -1.05, -1.07, -1.09, -1.12, -1.14, -1.16, -1.17, -1.15, -1.28, -1.12, -1.02, -1.15, -1.26, -1.31, -1.43, -1.5, -1.54, -1.57, -1.59, -1.6, -1.05, -1.07, -1.09, -1.11, -1.12, -1.13, -1.14, -1.12, -1.29, -1.21, -1.17, -1.21, -1.27, -1.31, -1.41, -1.47, -1.51, -1.54, -1.56, -1.58, -1.06, -1.07, -1.08, -1.1, -1.11, -1.12, -1.12, -1.36, -1.31, -1.27, -1.25, -1.26, -1.29, -1.31, -1.4, -1.45, -1.49, -1.52, -1.54, -1.56]}, {"header": {"refTime": "2023-09-12T03:00:00.000Z", "nx": 21, "ny": 33, "lo1": 113.509, "la1": 22.2235, "lo2": 113.5947, "la2": 22.1034, "dx": 0.0042850000000001385, "dy": 0.003753125000000024, "parameterCategory": 2, "parameterCategoryName": "Temperature", "parameterNumber": 3}, "data": [-0.27, -0.27, -0.27, -0.12, -0.13, -0.43, -0.43, -0.43, -0.43, -0.29, -0.3, -0.3, -0.36, -0.36, -0.08, -0.01, 0.22, 0.26, 0.29, 0.31, -0.26, -0.27, -0.27, -0.28, -0.13, -0.15, -0.42, -0.42, -0.42, -0.31, -0.3, -0.31, -0.38, -0.37, -0.08, 0.17, 0.23, 0.29, 0.32, 0.34, -0.26, -0.26, -0.27, -0.27, -0.13, -0.15, -0.18, -0.41, -0.39, -0.32, -0.31, -0.33, -0.4, -0.39, 0.07, 0.17, 0.27, 0.33, 0.37, 0.39, -0.25, -0.26, -0.26, -0.27, -0.28, -0.14, -0.16, -0.21, -0.25, -0.29, -0.3, -0.37, -0.46, -0.25, 0.05, 0.2, 0.32, 0.4, 0.43, 0.44, -0.25, -0.25, -0.25, -0.26, -0.27, -0.12, -0.13, -0.14, -0.13, -0.22, -0.26, -0.29, -0.53, -0.3, 0.06, 0.27, 0.43, 0.51, 0.52, 0.5, -0.24, -0.24, -0.25, -0.25, -0.25, -0.26, -0.11, -0.1, -0.07, 0.0, 0.02, -0.16, -0.34, -0.24, 0.13, 0.37, 0.59, 0.68, 0.64, 0.57, -0.06, -0.24, -0.24, -0.24, -0.24, -0.25, -0.03, -0.1, -0.07, 0.19, 0.29, 0.08, -0.04, -0.06, 0.23, 0.48, 0.81, 0.93, 0.76, 0.64, -0.06, -0.06, -0.07, 0.09, 0.08, -0.03, -0.05, -0.1, -0.15, 0.21, 0.42, 0.35, 0.33, 0.08, 0.59, 0.75, 0.94, 1.01, 0.91, 0.84, -0.05, -0.05, -0.06, -0.07, 0.08, 0.07, 0.06, -0.06, 0.14, 0.18, 0.41, 0.37, 0.37, 0.37, 0.57, 0.69, 0.81, 0.87, 0.84, 0.81, 0.28, 0.26, 0.24, -0.06, -0.07, 0.05, 0.1, 0.15, 0.34, 0.36, 0.39, 0.38, 0.38, 0.37, 0.55, 0.64, 0.73, 0.77, 0.78, 0.77, 0.28, 0.26, 0.24, 0.21, 0.13, -0.09, 0.22, 0.43, 0.38, 0.48, 0.6, 0.38, 0.38, 0.38, 0.55, 0.62, 0.67, 0.71, 0.73, 0.73, 0.28, 0.27, 0.25, 0.23, 0.19, 0.18, 0.31, 0.57, 0.69, 0.65, 0.64, 0.51, 0.48, 0.38, 0.56, 0.6, 0.65, 0.73, 0.75, 0.75, 0.29, 0.28, 0.27, 0.26, 0.26, 0.28, 0.33, 0.52, 0.63, 0.54, 0.58, 0.55, 0.51, 0.38, 0.38, 0.65, 0.68, 0.7, 0.71, 0.72, 0.3, 0.29, 0.29, 0.29, 0.29, 0.3, 0.27, 0.4, 0.49, 0.49, 0.57, 0.62, 0.59, 0.57, 0.39, 0.63, 0.65, 0.67, 0.68, 0.7, 0.3, 0.3, 0.3, 0.3, 0.31, 0.32, 0.33, 0.23, 0.23, 0.2, 0.17, 0.24, 0.58, 0.56, 0.55, 0.61, 0.62, 0.64, 0.66, 0.67, 0.31, 0.31, -0.18, -0.17, -0.16, 0.11, 0.1, 0.08, 0.06, 0.05, 0.13, 0.17, 0.23, 0.17, 0.22, 0.68, 0.72, 0.76, 0.99, 1.03, -0.22, -0.22, -0.22, -0.22, 0.03, 0.0, -0.05, -0.11, -0.15, -0.13, 0.01, 0.11, 0.21, 0.31, 0.45, 0.58, 0.62, 0.65, 0.67, 0.68, -0.24, -0.24, -0.25, -0.27, -0.04, -0.11, -0.21, -0.35, -0.42, -0.39, -0.23, 0.06, 0.2, 0.43, 0.48, 0.57, 0.63, 0.66, 0.68, 0.69, -0.26, -0.27, -0.28, -0.05, -0.1, -0.19, -0.33, -0.56, -0.77, -0.5, -0.41, -0.24, 0.32, 0.43, 0.57, 0.61, 0.65, 0.68, 0.69, 0.7, -0.28, -0.29, -0.39, -0.42, -0.45, -0.5, -0.57, -0.68, -0.71, -0.58, -0.42, -0.27, 0.34, 0.46, 0.64, 0.67, 0.7, 0.72, 0.72, 0.71, -0.38, -0.4, -0.41, -0.43, -0.46, -0.5, -0.55, -0.6, -0.57, -0.5, -0.41, -0.3, 0.39, 0.69, 0.71, 0.74, 0.76, 0.76, 0.75, 0.73, -0.39, -0.41, -0.42, -0.44, -0.46, -0.49, -0.52, -0.57, -0.49, -0.45, -0.39, -0.32, 0.57, 0.73, 0.76, 0.81, 0.84, 0.81, 0.77, 0.74, -0.4, -0.41, -0.43, -0.49, -0.5, -0.5, -0.51, -0.5, -0.5, -0.48, -0.47, -0.01, 0.37, 0.76, 0.8, 0.88, 0.98, 0.87, 0.76, 0.73, -0.46, -0.46, -0.46, -0.46, -0.47, -0.47, -0.46, -0.46, -0.45, -0.44, -0.43, 0.21, 0.34, 0.49, 0.63, 0.89, 1.28, 0.75, 0.69, 0.7, -0.44, -0.44, -0.44, -0.44, -0.44, -0.43, -0.43, -0.42, -0.42, -0.42, -0.4, 0.15, 0.34, 0.45, 0.58, 0.67, 0.63, 0.41, 0.62, 0.67, -0.43, -0.43, -0.42, -0.42, -0.41, -0.4, -0.39, -0.39, -0.39, -0.4, -0.06, 0.13, 0.3, 0.41, 0.52, 0.64, 0.59, 0.54, 0.62, 0.66, -0.42, -0.41, -0.41, -0.4, -0.39, -0.38, -0.36, -0.35, -0.34, -0.32, 0.03, 0.14, 0.27, 0.52, 0.57, 0.59, 0.59, 0.58, 0.58, 0.6, -0.41, -0.4, -0.39, -0.38, -0.37, -0.35, -0.33, -0.31, -0.27, 0.04, 0.08, -0.12, -0.14, -0.14, 0.52, 0.56, 0.57, 0.57, 0.58, 0.59, -0.4, -0.39, -0.38, -0.37, -0.35, -0.33, -0.31, -0.27, -0.21, 0.07, -0.01, -0.07, -0.11, -0.13, 0.49, 0.53, 0.55, 0.56, 0.57, 0.58, -0.39, -0.38, -0.37, -0.36, -0.34, -0.32, -0.29, -0.25, -0.11, -0.06, -0.03, -0.07, -0.1, -0.12, 0.46, 0.5, 0.53, 0.55, 0.56, 0.57, -0.38, -0.37, -0.36, -0.35, -0.33, -0.31, -0.29, -0.25, -0.11, -0.08, -0.07, -0.09, -0.11, -0.12, 0.45, 0.49, 0.51, 0.53, 0.55, 0.55, -0.38, -0.37, -0.36, -0.34, -0.33, -0.31, -0.29, -0.13, -0.12, -0.1, -0.1, -0.1, -0.11, -0.12, 0.45, 0.48, 0.5, 0.52, 0.53, 0.54]}, {"header": {"refTime": "2023-09-12T03:00:00.000Z", "nx": 21, "ny": 33, "lo1": 113.509, "la1": 22.2235, "lo2": 113.5947, "la2": 22.1034, "dx": 0.0042850000000001385, "dy": 0.003753125000000024, "parameterCategory": 0, "parameterCategoryName": "Temperature", "parameterNumber": 0}, "data": [[26.09, 26.08, 26.08, 25.82, 25.82, 26.07, 26.07, 26.06, 26.07, 25.99, 26.0, 26.01, 26.21, 26.22, 26.28, 26.29, 26.35, 26.35, 26.35, 26.35], [26.09, 26.09, 26.08, 26.07, 25.83, 25.84, 26.06, 26.05, 26.05, 25.99, 26.0, 26.02, 26.22, 26.23, 26.29, 26.35, 26.35, 26.35, 26.35, 26.35], [26.1, 26.09, 26.08, 26.08, 25.82, 25.84, 25.86, 26.04, 26.01, 25.99, 26.01, 26.04, 26.24, 26.25, 26.35, 26.35, 26.35, 26.35, 26.35, 26.35], [26.1, 26.1, 26.09, 26.08, 26.07, 25.83, 25.85, 25.88, 25.9, 25.98, 26.01, 26.08, 26.28, 26.16, 26.35, 26.35, 26.35, 26.35, 26.35, 26.35], [26.11, 26.1, 26.1, 26.09, 26.08, 25.81, 25.82, 25.83, 25.82, 25.94, 25.99, 26.17, 26.3, 26.19, 26.35, 26.35, 26.36, 26.36, 26.36, 26.36], [26.12, 26.11, 26.11, 26.1, 26.09, 26.07, 25.8, 25.8, 25.78, 25.73, 25.96, 26.1, 26.21, 26.33, 26.34, 26.35, 26.36, 26.37, 26.36, 26.36], [26.18, 26.13, 26.12, 26.12, 26.11, 26.09, 25.9, 25.8, 25.78, 25.73, 25.7, 25.99, 26.29, 26.3, 26.33, 26.35, 26.38, 26.38, 26.4, 26.4], [26.19, 26.19, 26.19, 26.19, 26.18, 25.98, 25.93, 25.88, 25.86, 25.7, 25.53, 25.95, 25.96, 26.3, 26.33, 26.3, 26.35, 26.36, 26.34, 26.32], [26.11, 26.12, 26.21, 26.22, 26.22, 26.2, 26.14, 25.91, 25.74, 25.75, 25.71, 25.83, 25.88, 25.81, 26.32, 26.3, 26.32, 26.33, 26.33, 26.32], [26.4, 26.4, 26.4, 26.17, 26.2, 26.29, 26.23, 26.14, 25.62, 25.64, 25.89, 25.75, 25.8, 25.77, 26.32, 26.29, 26.3, 26.31, 26.31, 26.31], [26.4, 26.4, 26.4, 26.4, 26.4, 26.4, 26.4, 26.4, 26.22, 25.73, 25.4, 25.7, 25.74, 25.74, 26.32, 26.28, 26.29, 26.3, 26.3, 26.3], [26.4, 26.4, 26.4, 26.4, 26.4, 26.4, 26.4, 26.4, 26.4, -999.0, 25.4, 26.2, 26.2, 25.72, 26.32, 26.27, 26.28, 25.77, 25.79, 25.79], [26.4, 26.4, 26.4, 26.4, 26.4, 26.4, 26.4, 26.4, 26.4, 26.4, -999.0, 26.2, 26.2, 25.61, 25.87, 26.0, 26.01, 25.87, 25.89, 25.9], [26.4, 26.4, 26.4, 26.4, 26.4, 26.4, 26.4, 26.4, 26.4, 26.4, -999.0, 25.3, 25.3, 25.3, 25.79, 25.91, 25.93, 25.79, 25.82, 25.84], [26.4, 26.4, 26.4, 26.4, 26.4, 26.4, 26.4, 26.3, 26.3, 26.3, 26.3, 25.92, 25.3, 25.3, 25.3, 25.8, 25.84, 25.71, 25.75, 25.78], [26.4, 26.4, 26.34, 26.34, 26.33, 26.3, 26.3, 26.3, 26.3, 26.3, 25.67, 25.74, 25.65, 25.56, 25.66, 25.63, 25.68, 25.59, 25.83, 25.87], [26.34, 26.34, 26.36, 26.36, 26.3, 26.3, 26.3, 26.3, 26.3, 26.3, 25.87, 25.75, 25.62, 25.5, 25.52, 25.51, 25.58, 25.64, 25.68, 25.71], [26.36, 26.36, 26.36, 26.36, 26.3, 26.3, 26.3, 26.3, 26.3, 26.05, 25.91, 25.76, 25.61, 25.53, 25.33, 25.49, 25.59, 25.66, 25.7, 25.73], [26.36, 26.36, 26.36, 26.3, 26.3, 26.3, 26.3, 26.3, 26.21, 26.11, 26.01, 25.89, 25.74, 25.6, 25.47, 25.55, 25.64, 25.7, 25.74, 25.76], [26.36, 26.36, 26.3, 26.3, 26.3, 26.3, 26.3, 26.3, 26.21, 26.13, 26.03, 25.93, 25.8, 25.72, 25.61, 25.66, 25.71, 25.75, 25.78, 25.79], [26.3, 26.3, 26.3, 26.3, 26.3, 26.3, 26.3, 26.3, 26.14, 26.1, 26.04, 25.96, 25.86, 25.7, 25.72, 25.76, 25.8, 25.82, 25.82, 25.82], [26.3, 26.3, 26.3, 26.3, 26.3, 26.3, 26.3, 26.32, 26.13, 26.1, 26.06, 26.0, 25.91, 25.77, 25.8, 25.85, 25.88, 25.89, 25.87, 25.85], [26.3, 26.3, 26.3, 26.33, 26.32, 26.32, 26.32, 26.32, 26.32, 26.32, 26.32, 26.27, 26.12, 25.82, 25.86, 25.92, 25.97, 25.95, 25.91, 25.88], [26.33, 26.33, 26.33, 26.33, 26.33, 26.32, 26.32, 26.32, 26.32, 26.32, 26.32, 26.3, 26.12, 26.09, 26.07, 25.95, 26.09, 25.96, 25.91, 25.89], [26.33, 26.33, 26.33, 26.33, 26.33, 26.33, 26.33, 26.32, 26.32, 26.31, 26.32, 26.31, 26.3, 26.09, 26.07, 26.04, 25.93, 25.89, 25.9, 25.89], [26.33, 26.33, 26.33, 26.33, 26.33, 26.33, 26.33, 26.33, 26.32, 26.31, 26.31, 26.31, 26.31, 26.1, 26.07, 26.05, 26.02, 26.0, 25.89, 25.88], [26.33, 26.33, 26.33, 26.33, 26.33, 26.33, 26.33, 26.33, 26.33, 26.33, 26.33, 26.32, 26.32, 26.14, 26.11, 26.07, 26.05, 26.04, 26.04, 26.05], [26.33, 26.33, 26.33, 26.34, 26.34, 26.34, 26.34, 26.34, 26.35, 26.35, 26.35, 26.28, 26.24, 26.2, 26.13, 26.1, 26.07, 26.06, 26.06, 26.06], [26.34, 26.34, 26.34, 26.34, 26.34, 26.34, 26.34, 26.35, 26.36, 26.37, 26.37, 26.31, 26.26, 26.21, 26.15, 26.12, 26.1, 26.08, 26.08, 26.08], [26.34, 26.34, 26.34, 26.34, 26.34, 26.34, 26.35, 26.35, 26.3, 26.33, 26.35, 26.31, 26.26, 26.22, 26.16, 26.13, 26.11, 26.1, 26.09, 26.09], [26.34, 26.34, 26.34, 26.34, 26.34, 26.34, 26.35, 26.35, 26.29, 26.31, 26.31, 26.29, 26.26, 26.22, 26.17, 26.14, 26.13, 26.11, 26.1, 26.1], [26.34, 26.34, 26.34, 26.34, 26.34, 26.35, 26.35, 26.27, 26.28, 26.28, 26.28, 26.27, 26.25, 26.22, 26.17, 26.15, 26.14, 26.12, 26.11, 26.11]]}]