gis_exercise/awsData/contour/wdir_2023090504.json
[{"header": {"refTime": "2023-09-05T04:00:00.000Z", "nx": 21, "ny": 33, "lo1": 113.509, "la1": 22.2235, "lo2": 113.5947, "la2": 22.1034, "dx": 0.0042850000000001385, "dy": 0.003753125000000024, "parameterCategory": 2, "parameterCategoryName": "Temperature", "parameterNumber": 2}, "data": [0.84, 0.84, 0.84, 1.25, 1.22, 0.93, 0.9, 0.86, 0.85, 0.93, 0.98, 1.02, 0.97, 0.99, 0.92, 0.94, 1.24, 1.25, 1.25, 1.25, 0.84, 0.84, 0.84, 0.84, 1.22, 1.17, 0.88, 0.81, 0.77, 0.88, 0.96, 1.02, 0.98, 1.0, 0.93, 1.23, 1.24, 1.25, 1.25, 1.25, 0.84, 0.84, 0.84, 0.84, 1.24, 1.19, 1.09, 0.78, 0.61, 0.83, 0.97, 1.04, 0.99, 1.02, 1.21, 1.23, 1.24, 1.25, 1.25, 1.26, 0.84, 0.84, 0.85, 0.85, 0.86, 1.23, 1.16, 1.03, 0.91, 0.92, 1.03, 1.06, 1.01, 1.31, 1.2, 1.23, 1.24, 1.25, 1.25, 1.26, 0.84, 0.84, 0.85, 0.86, 0.88, 1.3, 1.27, 1.23, 1.22, 1.09, 1.13, 1.29, 1.1, 1.27, 1.21, 1.24, 1.25, 1.25, 1.26, 1.26, 0.83, 0.84, 0.85, 0.86, 0.89, 0.93, 1.39, 1.41, 1.44, 1.49, 1.54, 1.39, 1.24, 1.59, 1.23, 1.25, 1.26, 1.26, 1.26, 1.26, 1.13, 0.83, 0.83, 0.85, 0.89, 0.95, 1.42, 1.54, 1.59, 1.81, 1.84, 1.57, 1.77, 1.83, 1.27, 1.27, 1.26, 1.26, 1.51, 1.58, 1.12, 1.1, 1.09, 1.27, 1.28, 1.24, 1.36, 1.53, 1.71, 1.83, 1.92, 2.02, 2.06, 2.06, 2.07, 1.86, 1.58, 1.48, 1.63, 1.73, 1.1, 1.08, 1.05, 1.02, 1.17, 1.2, 1.33, 1.42, 1.88, 1.8, 2.21, 2.33, 2.65, 2.5, 2.18, 1.97, 1.78, 1.7, 1.73, 1.78, 1.29, 1.26, 1.21, 0.96, 0.87, 0.95, 1.19, 1.46, 2.0, 2.0, 2.34, 2.53, 2.82, 2.59, 2.25, 2.06, 1.92, 1.84, 1.83, 1.84, 1.3, 1.27, 1.22, 1.13, 0.94, 0.38, 1.12, 1.55, 1.73, 2.09, 2.6, 2.49, 2.57, 2.53, 2.25, 2.12, 2.01, 1.94, 1.9, 1.9, 1.32, 1.29, 1.25, 1.19, 1.1, 1.06, 1.37, 1.83, 2.04, 2.41, 2.58, 2.54, 2.57, 2.47, 2.23, 2.14, 2.06, 2.24, 2.21, 2.19, 1.34, 1.32, 1.31, 1.29, 1.3, 1.39, 1.56, 1.81, 1.96, 1.81, 2.45, 2.51, 2.53, 2.58, 2.56, 2.42, 2.36, 2.31, 2.27, 2.25, 1.36, 1.36, 1.36, 1.37, 1.41, 1.51, 1.62, 1.68, 1.75, 1.73, 2.4, 2.73, 2.75, 2.76, 2.55, 2.44, 2.39, 2.35, 2.32, 2.3, 1.38, 1.39, 1.4, 1.42, 1.46, 1.52, 1.58, 1.76, 1.79, 1.79, 1.77, 2.07, 2.71, 2.71, 2.71, 2.46, 2.42, 2.39, 2.36, 2.33, 1.4, 1.41, 1.06, 1.09, 1.13, 1.69, 1.68, 1.68, 1.68, 1.68, 1.97, 2.05, 2.13, 2.39, 2.42, 2.68, 2.69, 2.71, 2.2, 2.17, 1.04, 1.05, 1.07, 1.09, 1.65, 1.63, 1.6, 1.57, 1.55, 1.57, 1.89, 2.02, 2.15, 2.28, 2.37, 2.38, 2.32, 2.27, 2.24, 2.21, 1.05, 1.06, 1.07, 1.09, 1.61, 1.57, 1.51, 1.42, 1.38, 1.49, 1.65, 1.98, 2.15, 2.35, 2.52, 2.4, 2.32, 2.26, 2.23, 2.2, 1.05, 1.06, 1.07, 1.61, 1.57, 1.52, 1.44, 1.3, 1.18, 1.41, 1.61, 1.79, 2.14, 2.29, 2.41, 2.35, 2.29, 2.24, 2.2, 2.18, 1.05, 1.06, 1.42, 1.4, 1.38, 1.35, 1.3, 1.24, 1.29, 1.43, 1.6, 1.76, 2.1, 2.22, 2.31, 2.28, 2.23, 2.2, 2.17, 2.15, 1.43, 1.42, 1.42, 1.4, 1.39, 1.37, 1.34, 1.31, 1.44, 1.51, 1.62, 1.73, 2.08, 2.24, 2.23, 2.21, 2.18, 2.16, 2.14, 2.12, 1.43, 1.43, 1.42, 1.41, 1.4, 1.39, 1.38, 1.37, 1.54, 1.58, 1.64, 1.72, 2.23, 2.19, 2.18, 2.16, 2.15, 2.12, 2.1, 2.09, 1.43, 1.43, 1.43, 1.42, 1.41, 1.42, 1.42, 1.43, 1.44, 1.46, 1.46, 1.7, 1.86, 2.15, 2.14, 2.14, 2.15, 2.09, 2.05, 2.06, 1.43, 1.43, 1.43, 1.43, 1.44, 1.45, 1.46, 1.48, 1.51, 1.52, 1.51, 1.83, 1.84, 1.89, 1.94, 2.11, 2.27, 1.98, 1.99, 2.02, 1.44, 1.44, 1.45, 1.45, 1.46, 1.47, 1.49, 1.51, 1.55, 1.59, 1.55, 1.81, 1.88, 1.88, 1.91, 1.94, 1.91, 1.77, 1.93, 2.0, 1.45, 1.45, 1.46, 1.46, 1.47, 1.49, 1.5, 1.53, 1.56, 1.59, 1.73, 1.79, 1.86, 1.86, 1.89, 1.89, 1.85, 1.83, 1.95, 1.99, 1.46, 1.46, 1.47, 1.47, 1.48, 1.5, 1.51, 1.53, 1.55, 1.56, 1.73, 1.77, 1.83, 1.83, 1.86, 1.86, 1.86, 1.85, 1.85, 1.86, 1.46, 1.47, 1.47, 1.48, 1.49, 1.5, 1.52, 1.54, 1.55, 1.7, 1.71, 1.59, 1.58, 1.56, 1.83, 1.85, 1.85, 1.85, 1.85, 1.86, 1.47, 1.47, 1.48, 1.49, 1.5, 1.51, 1.52, 1.54, 1.55, 1.68, 1.6, 1.59, 1.58, 1.57, 1.82, 1.83, 1.84, 1.85, 1.85, 1.85, 1.47, 1.48, 1.48, 1.49, 1.5, 1.51, 1.52, 1.54, 1.59, 1.6, 1.6, 1.59, 1.58, 1.57, 1.81, 1.82, 1.83, 1.84, 1.85, 1.85, 1.47, 1.48, 1.49, 1.49, 1.5, 1.51, 1.52, 1.53, 1.59, 1.59, 1.59, 1.59, 1.58, 1.57, 1.8, 1.82, 1.83, 1.84, 1.84, 1.85, 1.48, 1.48, 1.49, 1.49, 1.5, 1.51, 1.52, 1.58, 1.59, 1.59, 1.58, 1.58, 1.58, 1.57, 1.8, 1.81, 1.82, 1.83, 1.84, 1.84]}, {"header": {"refTime": "2023-09-05T04:00:00.000Z", "nx": 21, "ny": 33, "lo1": 113.509, "la1": 22.2235, "lo2": 113.5947, "la2": 22.1034, "dx": 0.0042850000000001385, "dy": 0.003753125000000024, "parameterCategory": 2, "parameterCategoryName": "Temperature", "parameterNumber": 3}, "data": [-1.34, -1.31, -1.27, -1.13, -1.08, -0.84, -0.78, -0.73, -0.7, -0.68, -0.74, -0.79, -1.04, -1.09, -1.06, -1.12, -1.78, -1.81, -1.83, -1.84, -1.36, -1.33, -1.29, -1.24, -1.09, -1.02, -0.76, -0.65, -0.58, -0.61, -0.72, -0.8, -1.05, -1.1, -1.08, -1.74, -1.78, -1.82, -1.84, -1.85, -1.38, -1.36, -1.32, -1.28, -1.12, -1.04, -0.92, -0.59, -0.32, -0.56, -0.74, -0.83, -1.07, -1.12, -1.67, -1.74, -1.8, -1.84, -1.86, -1.87, -1.41, -1.39, -1.37, -1.33, -1.27, -1.11, -1.01, -0.84, -0.68, -0.66, -0.81, -0.88, -1.08, -1.41, -1.65, -1.75, -1.82, -1.87, -1.89, -1.9, -1.45, -1.44, -1.42, -1.4, -1.36, -1.21, -1.17, -1.11, -1.09, -0.84, -0.92, -1.36, -1.1, -1.37, -1.66, -1.79, -1.87, -1.92, -1.93, -1.92, -1.49, -1.48, -1.48, -1.47, -1.46, -1.44, -1.34, -1.37, -1.38, -1.39, -1.63, -1.5, -1.33, -1.89, -1.73, -1.86, -1.95, -1.99, -1.98, -1.95, -2.03, -1.53, -1.54, -1.55, -1.55, -1.56, -1.93, -1.59, -1.63, -1.95, -1.95, -1.8, -2.25, -2.26, -1.85, -1.93, -2.04, -2.08, -2.21, -2.22, -2.03, -2.03, -2.03, -2.56, -2.53, -1.95, -1.94, -1.95, -1.99, -1.91, -1.8, -2.53, -2.68, -2.59, -2.83, -2.66, -2.43, -2.35, -2.48, -2.56, -2.03, -2.04, -2.04, -2.04, -2.52, -2.51, -2.51, -1.94, -2.28, -1.97, -2.44, -2.78, -3.17, -2.98, -2.91, -2.75, -2.59, -2.53, -2.55, -2.6, -2.62, -2.6, -2.58, -2.04, -2.05, -2.43, -2.56, -2.7, -2.62, -2.52, -2.67, -2.96, -3.29, -3.05, -2.97, -2.82, -2.71, -2.65, -2.63, -2.64, -2.62, -2.6, -2.57, -2.52, -2.42, -2.1, -2.59, -2.99, -3.13, -2.87, -3.27, -2.89, -3.0, -2.97, -2.97, -2.86, -2.78, -2.72, -2.7, -2.69, -2.62, -2.6, -2.57, -2.53, -2.47, -2.46, -2.7, -3.29, -3.6, -3.58, -3.39, -3.53, -3.5, -2.89, -2.96, -2.88, -2.82, -2.78, -2.75, -2.73, -2.62, -2.6, -2.58, -2.55, -2.52, -2.5, -2.54, -3.09, -3.42, -3.2, -3.47, -3.57, -3.52, -3.04, -3.01, -2.88, -2.83, -2.79, -2.76, -2.75, -2.63, -2.61, -2.59, -2.57, -2.54, -2.45, -2.2, -2.71, -3.01, -3.04, -3.4, -3.56, -3.48, -3.41, -2.94, -2.84, -2.81, -2.79, -2.77, -2.76, -2.63, -2.62, -2.61, -2.59, -2.57, -2.53, -2.52, -2.6, -2.73, -2.76, -2.75, -2.86, -3.36, -3.28, -3.22, -2.79, -2.78, -2.77, -2.76, -2.76, -2.64, -2.64, -1.94, -1.94, -1.94, -2.48, -2.48, -2.51, -2.55, -2.58, -2.76, -2.74, -2.71, -2.61, -2.62, -2.72, -2.73, -2.74, -2.34, -2.33, -1.93, -1.93, -1.93, -1.93, -2.46, -2.43, -2.39, -2.36, -2.36, -2.4, -2.6, -2.63, -2.64, -2.62, -2.4, -2.34, -2.27, -2.22, -2.17, -2.15, -1.92, -1.92, -1.92, -1.91, -2.41, -2.36, -2.27, -2.16, -2.11, -1.92, -2.02, -2.55, -2.58, -2.39, -2.52, -2.37, -2.27, -2.2, -2.16, -2.13, -1.92, -1.91, -1.9, -2.42, -2.37, -2.3, -2.18, -1.98, -1.73, -1.87, -1.71, -1.81, -2.24, -2.34, -2.38, -2.31, -2.23, -2.17, -2.13, -2.1, -1.91, -1.9, -1.47, -1.47, -1.48, -1.49, -1.51, -1.55, -1.63, -1.62, -1.65, -1.73, -2.2, -2.27, -2.25, -2.21, -2.16, -2.12, -2.09, -2.07, -1.43, -1.43, -1.43, -1.43, -1.43, -1.43, -1.44, -1.45, -1.53, -1.54, -1.57, -1.63, -2.17, -2.17, -2.16, -2.13, -2.09, -2.06, -2.05, -2.04, -1.4, -1.4, -1.39, -1.38, -1.37, -1.35, -1.34, -1.21, -1.4, -1.41, -1.44, -1.51, -1.76, -2.11, -2.09, -2.06, -2.03, -2.01, -2.0, -2.0, -1.38, -1.36, -1.35, -1.17, -1.16, -1.15, -1.13, -1.09, -1.05, -1.03, -1.04, -1.28, -1.36, -2.06, -2.03, -2.01, -2.0, -1.97, -1.95, -1.97, -1.16, -1.16, -1.15, -1.14, -1.12, -1.1, -1.05, -0.99, -0.91, -0.87, -0.92, -1.12, -1.33, -1.48, -1.62, -1.98, -2.04, -1.88, -1.9, -1.94, -1.15, -1.14, -1.13, -1.12, -1.1, -1.06, -1.01, -0.92, -0.78, -0.66, -0.83, -1.08, -1.24, -1.46, -1.59, -1.7, -1.84, -1.75, -1.87, -1.92, -1.14, -1.13, -1.12, -1.11, -1.08, -1.05, -1.0, -0.92, -0.79, -0.68, -0.91, -1.09, -1.23, -1.43, -1.55, -1.76, -1.76, -1.74, -1.88, -1.92, -1.14, -1.13, -1.12, -1.1, -1.08, -1.05, -1.02, -0.97, -0.92, -0.92, -1.05, -1.15, -1.24, -1.67, -1.71, -1.73, -1.74, -1.74, -1.74, -1.74, -1.13, -1.13, -1.12, -1.1, -1.09, -1.07, -1.05, -1.04, -1.04, -1.14, -1.19, -1.12, -1.13, -1.15, -1.68, -1.71, -1.72, -1.73, -1.73, -1.73, -1.13, -1.13, -1.12, -1.11, -1.1, -1.09, -1.08, -1.09, -1.12, -1.25, -1.28, -1.2, -1.16, -1.17, -1.65, -1.68, -1.7, -1.71, -1.72, -1.72, -1.13, -1.13, -1.12, -1.11, -1.11, -1.1, -1.11, -1.12, -1.14, -1.21, -1.26, -1.21, -1.18, -1.17, -1.64, -1.67, -1.69, -1.7, -1.71, -1.71, -1.13, -1.13, -1.12, -1.12, -1.12, -1.12, -1.12, -1.13, -1.14, -1.18, -1.2, -1.19, -1.18, -1.17, -1.63, -1.66, -1.67, -1.69, -1.7, -1.7, -1.13, -1.13, -1.13, -1.12, -1.12, -1.12, -1.13, -1.12, -1.14, -1.16, -1.17, -1.17, -1.17, -1.17, -1.62, -1.65, -1.67, -1.68, -1.69, -1.7]}, {"header": {"refTime": "2023-09-05T04:00:00.000Z", "nx": 21, "ny": 33, "lo1": 113.509, "la1": 22.2235, "lo2": 113.5947, "la2": 22.1034, "dx": 0.0042850000000001385, "dy": 0.003753125000000024, "parameterCategory": 0, "parameterCategoryName": "Temperature", "parameterNumber": 0}, "data": [[29.59, 29.58, 29.57, 29.4, 29.39, 29.63, 29.6, 29.58, 29.58, 29.61, 29.69, 29.77, 30.0, 30.04, 30.04, 30.05, 30.31, 30.3, 30.3, 30.29], [29.6, 29.59, 29.57, 29.55, 29.39, 29.37, 29.57, 29.51, 29.48, 29.55, 29.69, 29.8, 30.04, 30.09, 30.07, 30.33, 30.31, 30.3, 30.29, 30.28], [29.61, 29.6, 29.59, 29.57, 29.39, 29.38, 29.35, 29.45, 29.27, 29.5, 29.71, 29.87, 30.12, 30.15, 30.36, 30.33, 30.3, 30.29, 30.28, 30.27], [29.63, 29.62, 29.61, 29.59, 29.56, 29.39, 29.37, 29.33, 29.3, 29.58, 29.79, 30.0, 30.25, 30.29, 30.36, 30.32, 30.29, 30.27, 30.26, 30.26], [29.65, 29.64, 29.63, 29.61, 29.59, 29.42, 29.41, 29.39, 29.39, 29.69, 29.86, 30.31, 30.48, 30.33, 30.36, 30.3, 30.27, 30.25, 30.24, 30.25], [29.66, 29.66, 29.66, 29.65, 29.63, 29.61, 29.44, 29.45, 29.45, 29.45, 30.07, 30.22, 30.36, 30.47, 30.34, 30.28, 30.23, 30.21, 30.22, 30.23], [29.88, 29.69, 29.69, 29.68, 29.68, 29.66, 29.7, 29.5, 29.51, 29.67, 29.7, 30.08, 30.37, 30.4, 30.3, 30.25, 30.18, 30.15, 30.19, 30.22], [29.89, 29.89, 29.89, 29.89, 29.88, 29.77, 29.72, 29.65, 29.62, 29.65, 29.59, 29.98, 29.99, 30.4, 30.14, 30.15, 30.13, 30.12, 30.13, 30.14], [29.81, 29.82, 29.91, 29.92, 29.92, 29.9, 29.84, 29.7, 29.57, 29.69, 29.77, 29.87, 29.92, 29.86, 30.14, 30.15, 30.14, 30.13, 30.14, 30.14], [30.1, 30.1, 30.1, 29.87, 29.9, 29.99, 29.93, 29.84, 29.54, 29.55, 29.93, 29.81, 29.85, 29.83, 30.14, 30.16, 30.15, 30.14, 30.14, 30.15], [30.1, 30.1, 30.1, 30.1, 30.1, 30.1, 30.1, 30.1, 29.92, 29.57, 29.5, 29.77, 29.8, 29.8, 30.14, 30.16, 30.15, 30.15, 30.15, 30.15], [30.1, 30.1, 30.1, 30.1, 30.1, 30.1, 30.1, 30.1, 30.1, -999.0, 29.5, 30.2, 30.2, 29.78, 30.14, 30.16, 30.16, 28.96, 28.99, 29.0], [30.1, 30.1, 30.1, 30.1, 30.1, 30.1, 30.1, 30.1, 30.1, 30.1, -999.0, 30.2, 30.2, 28.83, 29.43, 29.37, 29.39, 29.14, 29.18, 29.2], [30.1, 30.1, 30.1, 30.1, 30.1, 30.1, 30.1, 30.1, 30.1, 30.1, -999.0, 28.1, 28.1, 28.1, 29.25, 29.21, 29.24, 28.99, 29.04, 29.08], [30.1, 30.1, 30.1, 30.1, 30.1, 30.1, 30.1, 29.4, 29.4, 29.4, 29.4, 28.9, 28.1, 28.1, 28.1, 29.02, 29.08, 28.84, 28.92, 28.98], [30.1, 30.1, 29.66, 29.65, 29.64, 29.4, 29.4, 29.4, 29.4, 29.4, 28.58, 28.67, 28.55, 28.44, 28.56, 28.76, 28.86, 28.68, 29.11, 29.18], [29.65, 29.65, 29.85, 29.84, 29.4, 29.4, 29.4, 29.4, 29.4, 29.4, 28.84, 28.68, 28.51, 28.35, 28.46, 28.44, 28.55, 28.65, 28.71, 28.76], [29.85, 29.84, 29.83, 29.81, 29.4, 29.4, 29.4, 29.4, 29.4, 29.07, 28.9, 28.7, 28.5, 28.46, 28.15, 28.4, 28.57, 28.68, 28.74, 28.79], [29.84, 29.83, 29.81, 29.4, 29.4, 29.4, 29.4, 29.4, 29.28, 29.15, 29.03, 28.86, 28.78, 28.59, 28.38, 28.5, 28.64, 28.74, 28.79, 28.83], [29.83, 29.82, 29.4, 29.4, 29.4, 29.4, 29.4, 29.4, 29.28, 29.18, 29.05, 28.91, 28.89, 28.79, 28.6, 28.68, 28.77, 28.83, 28.86, 28.88], [29.4, 29.4, 29.4, 29.4, 29.4, 29.4, 29.4, 29.4, 29.2, 29.15, 29.06, 28.96, 29.0, 28.74, 28.78, 28.85, 28.91, 28.94, 28.94, 28.93], [29.4, 29.4, 29.4, 29.4, 29.4, 29.4, 29.4, 29.43, 29.17, 29.14, 29.09, 29.01, 29.1, 28.86, 28.92, 29.0, 29.06, 29.06, 29.01, 28.98], [29.4, 29.4, 29.4, 29.45, 29.45, 29.45, 29.44, 29.44, 29.44, 29.44, 29.44, 29.53, 29.3, 28.94, 29.01, 29.13, 29.25, 29.17, 29.06, 29.0], [29.46, 29.46, 29.46, 29.45, 29.45, 29.45, 29.45, 29.44, 29.44, 29.43, 29.44, 29.57, 29.3, 29.29, 29.29, 29.18, 29.55, 29.12, 29.04, 29.0], [29.46, 29.46, 29.46, 29.46, 29.46, 29.45, 29.45, 29.44, 29.43, 29.42, 29.44, 29.56, 29.61, 29.28, 29.26, 29.24, 29.03, 28.86, 28.98, 28.99], [29.46, 29.46, 29.46, 29.46, 29.46, 29.46, 29.46, 29.45, 29.44, 29.43, 29.51, 29.56, 29.6, 29.27, 29.24, 29.23, 29.15, 29.1, 28.98, 28.98], [29.47, 29.47, 29.47, 29.47, 29.47, 29.47, 29.47, 29.47, 29.46, 29.47, 29.54, 29.57, 29.6, 29.34, 29.3, 29.25, 29.2, 29.18, 29.18, 29.2], [29.47, 29.47, 29.47, 29.47, 29.47, 29.47, 29.48, 29.48, 29.49, 29.56, 29.57, 29.38, 29.3, 29.22, 29.32, 29.27, 29.24, 29.22, 29.22, 29.23], [29.47, 29.47, 29.47, 29.47, 29.48, 29.48, 29.49, 29.5, 29.52, 29.58, 29.54, 29.43, 29.34, 29.25, 29.34, 29.3, 29.27, 29.25, 29.25, 29.25], [29.47, 29.47, 29.48, 29.48, 29.48, 29.49, 29.49, 29.5, 29.42, 29.47, 29.5, 29.43, 29.34, 29.27, 29.35, 29.32, 29.29, 29.28, 29.27, 29.26], [29.47, 29.48, 29.48, 29.48, 29.48, 29.49, 29.5, 29.51, 29.4, 29.42, 29.43, 29.39, 29.33, 29.27, 29.36, 29.33, 29.31, 29.29, 29.28, 29.28], [29.48, 29.48, 29.48, 29.48, 29.49, 29.49, 29.5, 29.35, 29.37, 29.38, 29.38, 29.35, 29.31, 29.27, 29.36, 29.34, 29.32, 29.31, 29.3, 29.29]]}]