gis_exercise/awsData/contour/wdir_2023090509.json
[{"header": {"refTime": "2023-09-05T09:00:00.000Z", "nx": 21, "ny": 33, "lo1": 113.509, "la1": 22.2235, "lo2": 113.5947, "la2": 22.1034, "dx": 0.0042850000000001385, "dy": 0.003753125000000024, "parameterCategory": 2, "parameterCategoryName": "Temperature", "parameterNumber": 2}, "data": [1.63, 1.61, 1.59, 1.39, 1.38, 1.42, 1.4, 1.37, 1.37, 1.41, 1.47, 1.53, 1.62, 1.65, 1.61, 1.62, 1.83, 1.83, 1.82, 1.82, 1.64, 1.63, 1.6, 1.57, 1.38, 1.35, 1.37, 1.31, 1.28, 1.36, 1.47, 1.55, 1.65, 1.68, 1.64, 1.84, 1.83, 1.82, 1.81, 1.81, 1.66, 1.64, 1.62, 1.59, 1.39, 1.36, 1.31, 1.27, 1.1, 1.31, 1.48, 1.6, 1.7, 1.72, 1.86, 1.84, 1.82, 1.81, 1.81, 1.8, 1.68, 1.67, 1.65, 1.62, 1.58, 1.38, 1.35, 1.28, 1.22, 1.39, 1.55, 1.68, 1.79, 1.91, 1.87, 1.84, 1.81, 1.8, 1.79, 1.79, 1.71, 1.7, 1.68, 1.66, 1.63, 1.42, 1.41, 1.39, 1.38, 1.51, 1.62, 1.91, 1.96, 1.92, 1.86, 1.82, 1.79, 1.78, 1.78, 1.78, 1.73, 1.73, 1.72, 1.71, 1.69, 1.65, 1.47, 1.48, 1.49, 1.51, 1.84, 1.88, 1.93, 2.17, 1.85, 1.8, 1.76, 1.74, 1.75, 1.77, 2.1, 1.77, 1.77, 1.77, 1.75, 1.73, 1.85, 1.56, 1.58, 1.72, 1.73, 1.84, 2.18, 2.23, 1.83, 1.78, 1.72, 1.7, 1.92, 2.0, 2.11, 2.11, 2.11, 2.07, 2.05, 1.94, 1.87, 1.77, 1.68, 1.71, 1.71, 2.04, 2.11, 2.32, 2.2, 2.06, 1.87, 1.81, 1.91, 1.98, 2.12, 2.13, 2.13, 2.14, 2.1, 2.08, 2.01, 1.84, 1.74, 1.72, 2.09, 2.27, 2.56, 2.42, 2.28, 2.14, 2.01, 1.95, 1.97, 2.01, 2.24, 2.25, 2.25, 2.17, 2.2, 2.18, 2.11, 2.02, 1.81, 1.79, 2.23, 2.43, 2.69, 2.49, 2.33, 2.2, 2.11, 2.05, 2.04, 2.05, 2.24, 2.25, 2.25, 2.26, 2.29, 2.36, 2.26, 2.2, 2.04, 1.85, 2.33, 2.39, 2.46, 2.43, 2.34, 2.24, 2.17, 2.12, 2.09, 2.09, 2.24, 2.24, 2.25, 2.26, 2.27, 2.27, 2.23, 2.16, 2.13, 2.32, 2.31, 2.42, 2.47, 2.38, 2.32, 2.26, 2.2, 2.53, 2.5, 2.5, 2.24, 2.24, 2.24, 2.25, 2.25, 2.24, 2.22, 2.17, 2.14, 2.17, 2.4, 2.38, 2.42, 2.76, 2.77, 2.7, 2.65, 2.61, 2.58, 2.57, 2.23, 2.24, 2.24, 2.24, 2.23, 2.23, 2.22, 2.2, 2.18, 2.18, 2.38, 2.74, 2.81, 2.86, 2.82, 2.76, 2.73, 2.69, 2.65, 2.63, 2.23, 2.23, 2.23, 2.23, 2.23, 2.22, 2.22, 2.0, 1.96, 1.92, 1.9, 2.26, 2.84, 2.9, 2.93, 2.84, 2.8, 2.75, 2.71, 2.68, 2.23, 2.23, 2.02, 2.02, 2.02, 1.94, 1.93, 1.9, 1.87, 1.85, 2.15, 2.28, 2.44, 2.79, 2.85, 3.09, 3.07, 3.05, 2.66, 2.61, 1.99, 1.99, 1.98, 1.97, 1.87, 1.86, 1.82, 1.78, 1.74, 1.75, 2.11, 2.29, 2.51, 2.74, 2.93, 2.68, 2.48, 2.33, 2.22, 2.14, 1.97, 1.96, 1.94, 1.92, 1.82, 1.78, 1.72, 1.63, 1.58, 1.88, 2.08, 2.28, 2.54, 2.91, 3.18, 2.74, 2.47, 2.29, 2.17, 2.09, 1.95, 1.93, 1.91, 1.81, 1.78, 1.73, 1.64, 1.5, 1.44, 1.75, 2.0, 2.25, 2.59, 2.81, 2.78, 2.59, 2.36, 2.2, 2.09, 2.02, 1.93, 1.91, 1.82, 1.8, 1.77, 1.72, 1.65, 1.54, 1.57, 1.77, 2.0, 2.2, 2.52, 2.67, 2.44, 2.33, 2.19, 2.07, 1.99, 1.94, 1.85, 1.84, 1.82, 1.8, 1.78, 1.74, 1.69, 1.64, 1.79, 1.89, 2.03, 2.18, 2.47, 2.22, 2.18, 2.1, 2.01, 1.93, 1.87, 1.84, 1.85, 1.84, 1.83, 1.81, 1.79, 1.77, 1.75, 1.74, 1.92, 1.98, 2.06, 2.16, 2.67, 2.05, 2.0, 1.94, 1.87, 1.8, 1.75, 1.74, 1.85, 1.84, 1.83, 1.83, 1.82, 1.82, 1.83, 1.84, 1.86, 1.88, 1.89, 2.01, 1.66, 1.92, 1.87, 1.83, 1.85, 1.7, 1.62, 1.64, 1.85, 1.85, 1.86, 1.86, 1.86, 1.87, 1.89, 1.92, 1.95, 1.97, 1.96, 2.27, 1.67, 1.6, 1.57, 1.73, 2.11, 1.4, 1.43, 1.53, 1.87, 1.87, 1.88, 1.88, 1.89, 1.91, 1.93, 1.97, 2.02, 2.06, 2.02, 2.25, 2.3, 1.59, 1.52, 1.45, 1.23, 0.87, 1.3, 1.47, 1.88, 1.89, 1.9, 1.91, 1.92, 1.94, 1.97, 2.0, 2.04, 2.07, 2.2, 2.25, 2.29, 1.58, 1.49, 1.41, 1.24, 1.15, 1.35, 1.47, 1.9, 1.9, 1.91, 1.93, 1.94, 1.96, 1.99, 2.01, 2.04, 2.06, 2.22, 2.25, 2.28, 1.64, 1.55, 1.45, 1.35, 1.3, 1.32, 1.36, 1.91, 1.92, 1.93, 1.94, 1.96, 1.98, 2.0, 2.03, 2.06, 2.23, 2.24, 1.86, 1.71, 1.54, 1.59, 1.5, 1.44, 1.4, 1.39, 1.4, 1.92, 1.93, 1.94, 1.95, 1.97, 1.99, 2.01, 2.04, 2.08, 2.24, 2.13, 1.94, 1.77, 1.6, 1.64, 1.56, 1.5, 1.46, 1.45, 1.45, 1.93, 1.94, 1.95, 1.96, 1.98, 2.0, 2.02, 2.05, 1.93, 2.02, 2.07, 1.93, 1.78, 1.63, 1.67, 1.6, 1.55, 1.51, 1.49, 1.48, 1.93, 1.94, 1.95, 1.97, 1.98, 2.0, 2.02, 2.05, 1.89, 1.93, 1.93, 1.86, 1.76, 1.64, 1.69, 1.63, 1.58, 1.55, 1.53, 1.51, 1.94, 1.95, 1.96, 1.97, 1.98, 2.0, 2.02, 1.82, 1.84, 1.86, 1.84, 1.8, 1.72, 1.64, 1.7, 1.65, 1.61, 1.58, 1.55, 1.54]}, {"header": {"refTime": "2023-09-05T09:00:00.000Z", "nx": 21, "ny": 33, "lo1": 113.509, "la1": 22.2235, "lo2": 113.5947, "la2": 22.1034, "dx": 0.0042850000000001385, "dy": 0.003753125000000024, "parameterCategory": 2, "parameterCategoryName": "Temperature", "parameterNumber": 3}, "data": [-1.16, -1.12, -1.08, -0.82, -0.76, -0.43, -0.35, -0.26, -0.22, 0.0, -0.04, -0.08, -0.63, -0.69, -0.66, -0.77, -1.82, -1.88, -1.93, -1.96, -1.18, -1.15, -1.1, -1.04, -0.77, -0.68, -0.32, -0.17, -0.07, 0.05, -0.03, -0.08, -0.62, -0.69, -0.67, -1.74, -1.83, -1.91, -1.96, -1.99, -1.22, -1.19, -1.15, -1.09, -0.81, -0.71, -0.55, -0.1, 0.25, 0.09, -0.04, -0.09, -0.61, -0.68, -1.58, -1.74, -1.87, -1.95, -2.01, -2.03, -1.26, -1.24, -1.2, -1.16, -1.09, -0.81, -0.68, -0.45, -0.23, 0.01, -0.09, -0.11, -0.54, -0.92, -1.54, -1.77, -1.93, -2.03, -2.07, -2.09, -1.3, -1.29, -1.27, -1.25, -1.21, -0.95, -0.9, -0.82, -0.76, -0.15, -0.18, -0.81, -0.35, -0.84, -1.57, -1.85, -2.04, -2.14, -2.17, -2.15, -1.34, -1.35, -1.34, -1.34, -1.34, -1.33, -1.15, -1.19, -1.18, -1.12, -1.27, -1.07, -0.77, -1.56, -1.72, -2.0, -2.22, -2.31, -2.28, -2.22, -2.1, -1.4, -1.42, -1.43, -1.46, -1.5, -1.91, -1.55, -1.59, -1.93, -1.86, -1.63, -2.23, -2.17, -1.95, -2.16, -2.44, -2.54, -2.45, -2.37, -2.1, -2.09, -2.09, -2.38, -2.37, -1.88, -1.93, -2.06, -2.27, -1.84, -1.42, -2.75, -3.0, -2.63, -3.22, -3.09, -2.93, -2.88, -2.96, -3.02, -2.09, -2.08, -2.08, -2.07, -2.32, -2.33, -2.39, -1.96, -2.19, -1.99, -2.34, -2.87, -3.24, -3.07, -3.26, -3.15, -3.04, -3.0, -3.02, -3.05, -2.34, -2.32, -2.3, -2.05, -2.02, -2.21, -2.34, -2.49, -2.32, -2.18, -2.63, -2.97, -3.28, -3.09, -3.29, -3.2, -3.12, -3.08, -3.07, -3.08, -2.34, -2.32, -2.29, -2.25, -2.16, -1.87, -2.28, -2.57, -2.73, -2.43, -2.77, -2.89, -3.01, -2.99, -3.29, -3.22, -3.17, -3.13, -3.11, -3.11, -2.34, -2.32, -2.3, -2.27, -2.22, -2.2, -2.39, -2.77, -2.96, -3.12, -2.85, -3.43, -3.45, -2.91, -3.28, -3.24, -3.19, -3.11, -3.09, -3.08, -2.35, -2.34, -2.32, -2.3, -2.29, -2.31, -2.37, -2.68, -2.87, -2.73, -3.1, -3.41, -3.43, -3.34, -3.32, -3.17, -3.14, -3.12, -3.1, -3.09, -2.36, -2.35, -2.34, -2.33, -2.33, -2.32, -2.23, -2.48, -2.63, -2.64, -3.05, -3.34, -3.33, -3.32, -3.28, -3.15, -3.13, -3.12, -3.11, -3.1, -2.37, -2.36, -2.36, -2.35, -2.35, -2.35, -2.37, -2.65, -2.76, -2.81, -2.83, -3.09, -3.28, -3.26, -3.25, -3.12, -3.12, -3.11, -3.11, -3.1, -2.37, -2.37, -2.27, -2.27, -2.28, -2.66, -2.66, -2.71, -2.76, -2.8, -3.07, -3.07, -3.06, -3.12, -3.12, -3.23, -3.26, -3.29, -3.07, -3.08, -2.29, -2.29, -2.3, -2.31, -2.71, -2.72, -2.73, -2.77, -2.8, -2.81, -3.05, -3.05, -3.04, -3.03, -3.05, -3.18, -3.24, -3.29, -3.33, -3.35, -2.31, -2.32, -2.33, -2.36, -2.74, -2.76, -2.78, -2.82, -2.84, -2.79, -2.78, -3.03, -3.03, -3.05, -3.01, -3.16, -3.25, -3.31, -3.34, -3.37, -2.33, -2.34, -2.36, -2.76, -2.77, -2.79, -2.82, -2.86, -2.89, -2.83, -2.58, -2.57, -3.07, -3.07, -3.15, -3.21, -3.29, -3.34, -3.37, -3.39, -2.35, -2.36, -2.13, -2.16, -2.2, -2.27, -2.37, -2.54, -2.71, -2.59, -2.51, -2.49, -3.09, -3.1, -3.26, -3.3, -3.35, -3.38, -3.4, -3.42, -2.07, -2.08, -2.1, -2.12, -2.15, -2.19, -2.25, -2.32, -2.47, -2.42, -2.38, -2.38, -3.12, -3.33, -3.35, -3.38, -3.41, -3.43, -3.44, -3.45, -2.05, -2.05, -2.06, -2.06, -2.07, -2.09, -2.1, -2.07, -2.22, -2.2, -2.2, -2.23, -2.49, -3.39, -3.42, -3.45, -3.47, -3.48, -3.48, -3.48, -2.02, -2.02, -2.01, -1.97, -1.96, -1.95, -1.92, -1.87, -1.8, -1.76, -1.76, -2.2, -2.61, -3.43, -3.46, -3.49, -3.52, -3.53, -3.52, -3.5, -1.95, -1.94, -1.93, -1.92, -1.89, -1.85, -1.79, -1.69, -1.56, -1.5, -1.58, -1.84, -2.55, -2.85, -3.1, -3.52, -3.54, -3.58, -3.55, -3.52, -1.93, -1.92, -1.9, -1.88, -1.84, -1.79, -1.71, -1.57, -1.35, -1.18, -1.42, -1.77, -2.02, -2.81, -3.08, -3.29, -3.59, -3.62, -3.56, -3.53, -1.91, -1.9, -1.88, -1.85, -1.81, -1.76, -1.68, -1.55, -1.36, -1.2, -1.51, -1.77, -1.99, -2.77, -3.02, -3.37, -3.45, -3.48, -3.55, -3.53, -1.9, -1.88, -1.86, -1.83, -1.8, -1.75, -1.69, -1.61, -1.53, -1.52, -1.69, -1.84, -1.99, -3.04, -3.17, -3.28, -3.35, -3.39, -3.38, -3.36, -1.89, -1.87, -1.85, -1.83, -1.8, -1.76, -1.72, -1.69, -1.69, -1.79, -1.86, -1.94, -2.04, -2.19, -3.08, -3.19, -3.27, -3.3, -3.32, -3.31, -1.88, -1.86, -1.85, -1.83, -1.8, -1.78, -1.76, -1.76, -1.78, -1.91, -1.98, -1.98, -2.05, -2.16, -3.01, -3.11, -3.19, -3.23, -3.26, -3.27, -1.87, -1.86, -1.85, -1.83, -1.81, -1.8, -1.79, -1.79, -1.92, -1.96, -1.99, -2.01, -2.07, -2.15, -2.95, -3.05, -3.13, -3.18, -3.21, -3.22, -1.87, -1.86, -1.85, -1.83, -1.82, -1.81, -1.81, -1.82, -1.95, -1.97, -2.0, -2.03, -2.08, -2.15, -2.92, -3.01, -3.08, -3.13, -3.16, -3.18, -1.87, -1.86, -1.85, -1.84, -1.83, -1.82, -1.82, -1.96, -1.97, -1.99, -2.02, -2.05, -2.09, -2.15, -2.91, -2.98, -3.05, -3.09, -3.13, -3.15]}, {"header": {"refTime": "2023-09-05T09:00:00.000Z", "nx": 21, "ny": 33, "lo1": 113.509, "la1": 22.2235, "lo2": 113.5947, "la2": 22.1034, "dx": 0.0042850000000001385, "dy": 0.003753125000000024, "parameterCategory": 0, "parameterCategoryName": "Temperature", "parameterNumber": 0}, "data": [[30.23, 30.24, 30.25, 30.11, 30.13, 30.51, 30.53, 30.54, 30.56, 30.53, 30.54, 30.55, 30.94, 30.96, 30.81, 30.8, 30.95, 30.94, 30.93, 30.92], [30.22, 30.23, 30.24, 30.25, 30.13, 30.17, 30.52, 30.55, 30.57, 30.54, 30.55, 30.57, 30.96, 30.98, 30.82, 30.96, 30.94, 30.93, 30.92, 30.91], [30.22, 30.22, 30.23, 30.24, 30.11, 30.15, 30.22, 30.55, 30.59, 30.55, 30.56, 30.6, 30.98, 31.0, 30.98, 30.96, 30.93, 30.91, 30.9, 30.9], [30.21, 30.21, 30.22, 30.23, 30.24, 30.12, 30.17, 30.26, 30.35, 30.52, 30.56, 30.65, 31.02, 30.83, 30.99, 30.95, 30.91, 30.89, 30.88, 30.88], [30.2, 30.2, 30.2, 30.21, 30.21, 30.07, 30.09, 30.12, 30.13, 30.45, 30.52, 30.83, 30.99, 30.87, 30.99, 30.93, 30.88, 30.85, 30.85, 30.86], [30.19, 30.19, 30.19, 30.19, 30.18, 30.17, 30.01, 29.99, 29.97, 29.94, 30.55, 30.75, 30.9, 31.13, 30.98, 30.9, 30.82, 30.79, 30.81, 30.83], [30.02, 30.18, 30.18, 30.17, 30.16, 30.14, 29.85, 29.9, 29.87, 29.98, 30.05, 30.64, 31.16, 31.15, 30.97, 30.87, 30.74, 30.69, 30.69, 30.72], [30.03, 30.03, 30.03, 30.03, 30.02, 29.91, 29.87, 29.82, 29.86, 29.93, 29.8, 30.71, 30.72, 31.15, 30.82, 30.89, 30.76, 30.71, 30.78, 30.83], [29.97, 29.98, 30.05, 30.05, 30.06, 30.04, 29.99, 29.85, 29.74, 30.01, 30.21, 30.45, 30.57, 30.41, 30.84, 30.91, 30.84, 30.8, 30.82, 30.85], [30.2, 30.2, 30.2, 30.01, 30.04, 30.11, 30.06, 29.99, 29.69, 29.7, 30.57, 30.31, 30.39, 30.35, 30.84, 30.94, 30.89, 30.86, 30.86, 30.87], [30.2, 30.2, 30.2, 30.2, 30.2, 30.2, 30.2, 30.2, 30.06, 29.73, 29.6, 30.21, 30.28, 30.29, 30.83, 30.96, 30.92, 30.9, 30.9, 30.9], [30.2, 30.2, 30.2, 30.2, 30.2, 30.2, 30.2, 30.2, 30.2, -999.0, 29.6, 31.2, 31.2, 30.24, 30.83, 30.98, 30.96, 29.86, 29.88, 29.88], [30.2, 30.2, 30.2, 30.2, 30.2, 30.2, 30.2, 30.2, 30.2, 30.2, -999.0, 31.2, 31.2, 29.96, 30.51, 30.13, 30.14, 29.98, 30.0, 30.01], [30.2, 30.2, 30.2, 30.2, 30.2, 30.2, 30.2, 30.2, 30.2, 30.2, -999.0, 29.3, 29.3, 29.3, 30.34, 30.02, 30.04, 29.88, 29.91, 29.94], [30.2, 30.2, 30.2, 30.2, 30.2, 30.2, 30.2, 30.4, 30.4, 30.4, 30.4, 29.98, 29.3, 29.3, 29.3, 29.9, 29.93, 29.78, 29.83, 29.87], [30.2, 30.2, 30.33, 30.33, 30.33, 30.4, 30.4, 30.4, 30.4, 30.4, 29.71, 29.79, 29.68, 29.59, 29.69, 29.48, 29.51, 29.46, 29.77, 29.81], [30.33, 30.33, 30.27, 30.27, 30.4, 30.4, 30.4, 30.4, 30.4, 30.4, 29.93, 29.79, 29.65, 29.51, 29.49, 29.39, 29.42, 29.45, 29.47, 29.48], [30.27, 30.27, 30.28, 30.28, 30.4, 30.4, 30.4, 30.4, 30.4, 30.12, 29.97, 29.81, 29.64, 29.5, 29.33, 29.38, 29.43, 29.46, 29.48, 29.49], [30.28, 30.28, 30.28, 30.4, 30.4, 30.4, 30.4, 30.4, 30.3, 30.19, 30.08, 29.95, 29.69, 29.56, 29.38, 29.41, 29.45, 29.47, 29.49, 29.5], [30.28, 30.28, 30.4, 30.4, 30.4, 30.4, 30.4, 30.4, 30.3, 30.21, 30.1, 29.99, 29.74, 29.65, 29.44, 29.46, 29.48, 29.5, 29.51, 29.51], [30.4, 30.4, 30.4, 30.4, 30.4, 30.4, 30.4, 30.4, 30.23, 30.18, 30.11, 30.03, 29.78, 29.48, 29.49, 29.5, 29.52, 29.53, 29.53, 29.53], [30.4, 30.4, 30.4, 30.4, 30.4, 30.4, 30.4, 30.35, 30.21, 30.18, 30.13, 30.07, 29.82, 29.51, 29.52, 29.55, 29.56, 29.56, 29.55, 29.54], [30.4, 30.4, 30.4, 30.32, 30.33, 30.33, 30.34, 30.34, 30.34, 30.34, 30.34, 30.24, 29.9, 29.53, 29.55, 29.58, 29.62, 29.59, 29.56, 29.55], [30.31, 30.31, 30.32, 30.32, 30.32, 30.33, 30.33, 30.34, 30.35, 30.35, 30.34, 30.18, 29.92, 29.84, 29.76, 29.6, 29.7, 29.58, 29.55, 29.55], [30.31, 30.31, 30.31, 30.31, 30.32, 30.32, 30.32, 30.33, 30.35, 30.37, 30.34, 30.19, 30.13, 29.84, 29.76, 29.7, 29.55, 29.5, 29.54, 29.54], [30.31, 30.31, 30.31, 30.31, 30.31, 30.31, 30.31, 30.32, 30.34, 30.36, 30.25, 30.19, 30.14, 29.85, 29.78, 29.67, 29.63, 29.61, 29.54, 29.54], [30.3, 30.3, 30.3, 30.3, 30.3, 30.3, 30.3, 30.3, 30.3, 30.3, 30.2, 30.17, 30.13, 29.78, 29.73, 29.69, 29.66, 29.65, 29.65, 29.66], [30.3, 30.3, 30.3, 30.29, 30.29, 30.29, 30.28, 30.27, 30.26, 30.17, 30.16, 30.09, 30.04, 29.98, 29.76, 29.72, 29.7, 29.68, 29.68, 29.68], [30.29, 30.29, 30.29, 30.29, 30.28, 30.28, 30.27, 30.25, 30.23, 30.14, 30.1, 30.08, 30.04, 30.0, 29.78, 29.75, 29.72, 29.71, 29.7, 29.7], [30.29, 30.29, 30.29, 30.28, 30.28, 30.27, 30.26, 30.24, 30.1, 30.1, 30.09, 30.07, 30.04, 30.0, 29.8, 29.77, 29.74, 29.73, 29.72, 29.71], [30.29, 30.29, 30.28, 30.28, 30.27, 30.27, 30.25, 30.24, 30.09, 30.08, 30.08, 30.06, 30.04, 30.0, 29.81, 29.78, 29.76, 29.74, 29.73, 29.73], [30.29, 30.28, 30.28, 30.28, 30.27, 30.26, 30.25, 30.08, 30.07, 30.07, 30.06, 30.05, 30.03, 30.0, 29.82, 29.79, 29.77, 29.76, 29.74, 29.74]]}]