gis_exercise/awsData/contour/wdir_2023090213.json
[{"header": {"refTime": "2023-09-02T13:00:00.000Z", "nx": 21, "ny": 33, "lo1": 113.509, "la1": 22.2235, "lo2": 113.5947, "la2": 22.1034, "dx": 0.0042850000000001385, "dy": 0.003753125000000024, "parameterCategory": 2, "parameterCategoryName": "Temperature", "parameterNumber": 2}, "data": [-3.83, -3.84, -3.84, -4.2, -4.16, -4.85, -4.75, -4.66, -4.66, -4.59, -4.81, -5.02, -5.4, -5.5, -7.47, -7.72, -8.34, -8.45, -8.54, -8.59, -3.83, -3.84, -3.84, -3.85, -4.17, -4.11, -4.65, -4.45, -4.34, -4.43, -4.8, -5.12, -5.53, -5.63, -7.58, -8.24, -8.42, -8.56, -8.65, -8.7, -3.83, -3.84, -3.85, -3.85, -4.2, -4.14, -4.03, -4.28, -3.69, -4.3, -4.87, -5.31, -5.77, -5.82, -8.04, -8.3, -8.54, -8.72, -8.81, -8.85, -3.82, -3.83, -3.85, -3.86, -3.88, -4.2, -4.12, -3.97, -3.84, -4.5, -5.08, -5.66, -6.16, -6.2, -8.02, -8.4, -8.73, -8.96, -9.04, -9.03, -3.81, -3.82, -3.84, -3.87, -3.9, -4.29, -4.26, -4.21, -4.17, -4.79, -5.27, -6.29, -6.89, -6.33, -8.03, -8.57, -9.06, -9.34, -9.36, -9.25, -3.79, -3.8, -3.82, -3.86, -3.91, -3.99, -4.42, -4.44, -4.43, -4.37, -5.52, -5.97, -6.43, -7.8, -8.08, -8.84, -9.62, -9.95, -9.76, -9.49, -6.1, -3.78, -3.79, -3.82, -3.89, -4.01, -4.37, -4.69, -4.7, -4.74, -4.63, -5.39, -7.57, -7.95, -8.1, -9.11, -10.42, -10.9, -11.29, -11.14, -6.1, -6.0, -5.88, -5.76, -5.72, -4.08, -4.32, -4.72, -5.16, -4.7, -4.38, -6.26, -6.71, -8.32, -9.85, -10.42, -11.08, -11.32, -10.97, -10.73, -6.13, -6.02, -5.86, -5.65, -5.47, -5.5, -5.78, -4.44, -6.1, -4.78, -6.61, -7.74, -9.55, -8.68, -10.03, -10.35, -10.7, -10.86, -10.78, -10.65, -7.92, -7.74, -7.46, -5.57, -5.1, -4.83, -5.61, -6.45, -7.09, -6.78, -7.5, -8.74, -10.32, -9.12, -10.19, -10.29, -10.47, -10.58, -10.59, -10.54, -7.98, -7.81, -7.54, -7.05, -6.03, -3.03, -6.82, -8.77, -8.01, -7.86, -9.85, -8.45, -8.92, -8.75, -10.22, -10.26, -10.35, -10.42, -10.45, -10.44, -8.09, -7.96, -7.78, -7.48, -6.99, -6.75, -8.23, -9.95, -10.6, -11.92, -10.13, -10.27, -10.24, -8.4, -10.18, -10.22, -10.27, -11.1, -11.07, -11.05, -8.22, -8.17, -8.11, -8.07, -8.2, -8.87, -9.91, -10.27, -10.51, -10.01, -12.0, -10.3, -10.21, -9.1, -9.01, -10.9, -10.87, -10.87, -10.88, -10.89, -8.37, -8.37, -8.41, -8.55, -8.92, -9.75, -11.11, -10.28, -10.08, -9.88, -11.97, -10.97, -10.81, -10.65, -8.83, -10.54, -10.56, -10.61, -10.66, -10.71, -8.49, -8.54, -8.64, -8.83, -9.17, -9.68, -10.09, -9.37, -8.88, -8.47, -8.14, -6.87, -10.44, -10.22, -10.08, -10.11, -10.21, -10.33, -10.44, -10.53, -8.6, -8.67, -5.44, -5.66, -5.94, -8.44, -8.34, -7.97, -7.57, -7.33, -6.15, -6.41, -6.69, -7.19, -7.4, -9.04, -9.14, -9.23, -9.11, -9.19, -5.04, -5.11, -5.18, -5.25, -7.58, -7.33, -6.85, -6.23, -5.82, -5.9, -5.38, -5.99, -6.56, -7.08, -7.04, -7.59, -7.44, -7.32, -7.23, -7.16, -4.9, -4.91, -4.89, -4.83, -6.85, -6.3, -5.4, -4.18, -3.55, -3.69, -4.7, -5.61, -6.43, -6.94, -7.87, -7.64, -7.43, -7.29, -7.2, -7.13, -4.76, -4.71, -4.63, -6.73, -6.27, -5.54, -4.34, -2.38, -0.55, -2.7, -3.36, -4.48, -5.76, -6.65, -7.67, -7.52, -7.35, -7.23, -7.14, -7.08, -4.62, -4.55, -5.55, -5.29, -4.9, -4.32, -3.44, -2.2, -1.17, -2.3, -3.47, -4.43, -5.57, -6.26, -7.41, -7.34, -7.23, -7.14, -7.06, -7.01, -5.75, -5.62, -5.45, -5.21, -4.88, -4.43, -3.86, -3.27, -2.61, -3.15, -3.86, -4.52, -5.48, -7.25, -7.23, -7.18, -7.11, -7.04, -6.98, -6.94, -5.69, -5.57, -5.41, -5.22, -4.98, -4.69, -4.4, -2.81, -3.69, -4.0, -4.38, -4.74, -7.8, -7.13, -7.11, -7.08, -7.05, -6.96, -6.88, -6.85, -5.66, -5.55, -5.43, -3.25, -3.27, -3.32, -3.43, -3.61, -3.84, -4.0, -3.99, -5.17, -6.76, -7.03, -7.01, -7.04, -7.13, -6.92, -6.76, -6.75, -3.34, -3.36, -3.39, -3.45, -3.54, -3.68, -3.91, -4.27, -4.73, -4.96, -4.7, -6.46, -6.75, -6.73, -6.74, -6.96, -7.59, -6.55, -6.53, -6.63, -3.43, -3.47, -3.53, -3.61, -3.74, -3.93, -4.24, -4.72, -5.5, -6.14, -5.26, -6.35, -6.42, -6.7, -6.67, -6.62, -6.31, -5.81, -6.36, -6.55, -3.5, -3.55, -3.63, -3.73, -3.87, -4.07, -4.37, -4.81, -5.51, -6.05, -6.28, -6.14, -6.21, -6.68, -6.61, -5.98, -5.94, -5.86, -6.41, -6.54, -3.56, -3.62, -3.7, -3.8, -3.93, -4.11, -4.34, -4.62, -4.91, -4.99, -5.77, -5.76, -5.93, -5.42, -5.65, -5.8, -5.85, -5.85, -5.86, -5.87, -3.61, -3.67, -3.74, -3.84, -3.95, -4.09, -4.23, -4.37, -4.42, -5.19, -5.01, -4.69, -4.8, -4.85, -5.47, -5.64, -5.73, -5.78, -5.8, -5.81, -3.64, -3.7, -3.77, -3.85, -3.94, -4.03, -4.12, -4.17, -4.11, -4.53, -3.83, -4.34, -4.62, -4.75, -5.33, -5.51, -5.62, -5.69, -5.73, -5.75, -3.66, -3.71, -3.77, -3.84, -3.91, -3.98, -4.03, -4.04, -4.57, -4.21, -3.99, -4.3, -4.55, -4.69, -5.23, -5.4, -5.52, -5.6, -5.65, -5.69, -3.67, -3.72, -3.77, -3.83, -3.88, -3.93, -3.96, -3.97, -4.59, -4.41, -4.33, -4.43, -4.57, -4.68, -5.17, -5.33, -5.45, -5.53, -5.59, -5.63, -3.68, -3.72, -3.77, -3.81, -3.86, -3.89, -3.91, -4.76, -4.65, -4.55, -4.52, -4.55, -4.62, -4.7, -5.15, -5.29, -5.39, -5.48, -5.54, -5.58]}, {"header": {"refTime": "2023-09-02T13:00:00.000Z", "nx": 21, "ny": 33, "lo1": 113.509, "la1": 22.2235, "lo2": 113.5947, "la2": 22.1034, "dx": 0.0042850000000001385, "dy": 0.003753125000000024, "parameterCategory": 2, "parameterCategoryName": "Temperature", "parameterNumber": 3}, "data": [-0.54, -0.51, -0.47, 0.43, 0.43, -0.34, -0.3, -0.26, -0.26, -0.03, -0.14, -0.24, -0.73, -0.79, -1.0, -1.01, -1.2, -1.19, -1.17, -1.16, -0.56, -0.53, -0.49, -0.44, 0.42, 0.42, -0.24, -0.14, -0.09, 0.03, -0.15, -0.31, -0.82, -0.87, -1.06, -1.23, -1.2, -1.18, -1.16, -1.15, -0.59, -0.56, -0.52, -0.47, 0.42, 0.41, 0.41, -0.05, 0.26, 0.08, -0.19, -0.43, -0.96, -0.99, -1.29, -1.24, -1.2, -1.17, -1.16, -1.14, -0.63, -0.6, -0.57, -0.52, -0.45, 0.4, 0.4, 0.4, 0.41, 0.02, -0.27, -0.65, -1.2, -0.94, -1.31, -1.23, -1.18, -1.16, -1.14, -1.13, -0.67, -0.65, -0.62, -0.58, -0.52, 0.39, 0.39, 0.4, 0.43, -0.01, -0.3, -1.0, -1.56, -1.06, -1.3, -1.21, -1.16, -1.13, -1.12, -1.12, -0.72, -0.71, -0.7, -0.67, -0.61, -0.54, 0.35, 0.35, 0.41, 0.54, -0.25, -0.72, -1.16, -1.19, -1.23, -1.16, -1.12, -1.1, -1.1, -1.1, -0.35, -0.78, -0.78, -0.77, -0.73, -0.66, -0.29, 0.23, 0.28, 0.46, 0.6, -0.22, -0.86, -0.9, -1.13, -1.11, -1.07, -1.06, -1.06, -1.06, -0.36, -0.4, -0.45, -0.85, -0.84, -0.56, -0.4, -0.23, -0.1, 0.54, 1.03, 0.1, -0.08, -0.68, -0.53, -0.66, -0.83, -0.9, -0.8, -0.74, -0.36, -0.41, -0.48, -0.58, -0.98, -0.94, -0.76, -0.33, 0.27, 0.4, 0.47, 0.1, -0.08, 0.0, -0.49, -0.61, -0.72, -0.77, -0.75, -0.71, -0.16, -0.23, -0.32, -0.64, -0.86, -1.24, -0.96, -0.63, 0.4, 0.52, 0.28, 0.09, -0.06, 0.01, -0.48, -0.56, -0.64, -0.68, -0.69, -0.68, -0.13, -0.19, -0.29, -0.46, -0.83, -1.9, -0.61, -0.05, -0.33, 0.49, 0.46, 0.13, 0.06, 0.07, -0.48, -0.54, -0.59, -0.63, -0.64, -0.65, -0.08, -0.12, -0.18, -0.29, -0.46, -0.55, -0.08, 0.25, 0.32, 0.61, 0.45, -0.07, -0.11, 0.11, -0.48, -0.53, -0.57, -0.84, -0.86, -0.87, -0.03, -0.04, -0.05, -0.05, 0.03, 0.33, 0.74, 0.53, 0.4, 0.34, 0.61, -0.03, -0.07, -0.57, -0.59, -0.82, -0.84, -0.86, -0.87, -0.88, 0.03, 0.04, 0.07, 0.14, 0.32, 0.74, 1.49, 0.79, 0.5, 0.39, 0.68, -0.29, -0.38, -0.45, -0.69, -0.87, -0.88, -0.89, -0.89, -0.89, 0.08, 0.1, 0.16, 0.25, 0.41, 0.66, 0.83, 1.76, 1.74, 1.77, 1.82, 0.75, -0.48, -0.57, -0.62, -0.94, -0.93, -0.93, -0.92, -0.91, 0.12, 0.15, 1.1, 1.17, 1.28, 1.96, 1.98, 2.0, 2.03, 2.04, 1.07, 0.77, 0.43, -0.02, -0.19, 0.08, 0.32, 0.55, 0.52, 0.64, 1.15, 1.19, 1.25, 1.35, 2.09, 2.14, 2.23, 2.33, 2.39, 2.35, 1.25, 0.81, 0.31, -0.21, 0.03, -0.41, -0.11, 0.12, 0.28, 0.38, 1.24, 1.3, 1.39, 1.5, 2.22, 2.33, 2.5, 2.74, 2.85, 2.3, 1.77, 0.89, 0.27, 0.05, -1.08, -0.5, -0.07, 0.2, 0.36, 0.46, 1.33, 1.4, 1.49, 2.23, 2.32, 2.47, 2.7, 3.1, 3.36, 2.59, 1.24, 0.58, 1.23, 0.51, -0.55, -0.23, 0.13, 0.37, 0.5, 0.57, 1.39, 1.47, 1.6, 1.67, 1.78, 1.95, 2.23, 2.66, 2.61, 1.88, 1.14, 0.58, 1.61, 1.24, 0.04, 0.23, 0.46, 0.62, 0.68, 0.69, 1.44, 1.47, 1.5, 1.55, 1.63, 1.74, 1.9, 2.08, 1.63, 1.29, 0.85, 0.46, 2.0, 0.4, 0.51, 0.7, 0.87, 0.92, 0.88, 0.82, 1.37, 1.37, 1.39, 1.4, 1.42, 1.45, 1.48, 1.21, 0.87, 0.67, 0.45, 0.25, 0.59, 0.7, 0.89, 1.15, 1.33, 1.26, 1.06, 0.92, 1.29, 1.28, 1.26, 0.85, 0.84, 0.81, 0.74, 0.62, 0.45, 0.34, 0.33, 1.64, 0.4, 0.9, 1.16, 1.57, 2.03, 1.61, 1.13, 0.94, 0.77, 0.76, 0.73, 0.7, 0.64, 0.54, 0.38, 0.13, -0.19, -0.35, -0.18, 0.44, 0.3, 0.71, 1.12, 1.68, 3.34, 1.22, 0.91, 0.87, 0.7, 0.67, 0.63, 0.57, 0.48, 0.34, 0.13, -0.2, -0.74, -1.17, -0.58, 0.25, 0.89, 0.6, 0.94, 1.17, 0.74, -0.14, 0.62, 0.77, 0.64, 0.6, 0.55, 0.48, 0.37, 0.23, 0.02, -0.29, -0.76, -1.12, -0.41, 0.22, 0.78, 0.48, 0.73, 1.13, 0.85, 0.64, 0.62, 0.72, 0.59, 0.54, 0.49, 0.41, 0.31, 0.18, 0.02, -0.19, -0.4, -0.46, -0.06, 0.31, 0.72, 1.02, 1.07, 1.04, 0.94, 0.87, 0.9, 0.96, 0.55, 0.5, 0.45, 0.37, 0.29, 0.18, 0.07, -0.04, -0.11, 0.08, 0.21, -0.66, -0.85, -1.02, 0.99, 1.0, 0.97, 0.94, 0.95, 0.98, 0.52, 0.47, 0.42, 0.36, 0.28, 0.2, 0.12, 0.07, 0.06, 0.26, 0.03, -0.41, -0.7, -0.91, 0.94, 0.97, 0.97, 0.97, 0.98, 0.99, 0.5, 0.46, 0.41, 0.35, 0.29, 0.23, 0.17, 0.14, -0.54, -0.27, -0.11, -0.39, -0.65, -0.85, 0.9, 0.94, 0.96, 0.97, 0.99, 1.0, 0.49, 0.45, 0.4, 0.35, 0.3, 0.26, 0.22, 0.19, -0.59, -0.45, -0.41, -0.52, -0.68, -0.84, 0.89, 0.93, 0.95, 0.97, 0.99, 1.0, 0.48, 0.44, 0.4, 0.36, 0.32, 0.28, 0.25, -0.74, -0.66, -0.59, -0.58, -0.64, -0.74, -0.85, 0.88, 0.92, 0.95, 0.97, 0.98, 1.0]}, {"header": {"refTime": "2023-09-02T13:00:00.000Z", "nx": 21, "ny": 33, "lo1": 113.509, "la1": 22.2235, "lo2": 113.5947, "la2": 22.1034, "dx": 0.0042850000000001385, "dy": 0.003753125000000024, "parameterCategory": 0, "parameterCategoryName": "Temperature", "parameterNumber": 0}, "data": [[26.59, 26.58, 26.58, 26.32, 26.32, 26.57, 26.57, 26.56, 26.57, 26.49, 26.5, 26.51, 26.75, 26.77, 26.72, 26.72, 26.83, 26.82, 26.82, 26.82], [26.59, 26.59, 26.58, 26.57, 26.33, 26.34, 26.56, 26.55, 26.55, 26.49, 26.5, 26.52, 26.77, 26.78, 26.73, 26.83, 26.83, 26.82, 26.82, 26.81], [26.6, 26.59, 26.58, 26.58, 26.32, 26.34, 26.36, 26.54, 26.51, 26.49, 26.51, 26.54, 26.79, 26.8, 26.84, 26.83, 26.82, 26.81, 26.81, 26.81], [26.6, 26.6, 26.59, 26.58, 26.57, 26.33, 26.35, 26.38, 26.4, 26.48, 26.51, 26.58, 26.82, 26.7, 26.84, 26.83, 26.81, 26.81, 26.8, 26.8], [26.61, 26.6, 26.6, 26.59, 26.58, 26.31, 26.32, 26.33, 26.32, 26.44, 26.49, 26.7, 26.82, 26.73, 26.84, 26.82, 26.8, 26.79, 26.79, 26.79], [26.62, 26.61, 26.61, 26.6, 26.59, 26.57, 26.3, 26.3, 26.28, 26.23, 26.52, 26.65, 26.75, 26.9, 26.84, 26.81, 26.78, 26.77, 26.77, 26.78], [26.68, 26.63, 26.62, 26.62, 26.61, 26.59, 26.4, 26.3, 26.28, 26.27, 26.25, 26.57, 26.9, 26.9, 26.83, 26.8, 26.75, 26.73, 26.74, 26.75], [26.69, 26.69, 26.69, 26.69, 26.68, 26.48, 26.43, 26.38, 26.37, 26.23, 26.06, 26.59, 26.6, 26.9, 26.77, 26.8, 26.75, 26.74, 26.76, 26.78], [26.61, 26.62, 26.71, 26.72, 26.72, 26.7, 26.64, 26.41, 26.24, 26.29, 26.28, 26.43, 26.5, 26.41, 26.78, 26.8, 26.78, 26.77, 26.77, 26.78], [26.9, 26.9, 26.9, 26.67, 26.7, 26.79, 26.73, 26.64, 26.12, 26.14, 26.51, 26.34, 26.39, 26.37, 26.78, 26.81, 26.8, 26.79, 26.79, 26.79], [26.9, 26.9, 26.9, 26.9, 26.9, 26.9, 26.9, 26.9, 26.72, 26.23, 25.9, 26.28, 26.33, 26.33, 26.78, 26.82, 26.81, 26.8, 26.8, 26.8], [26.9, 26.9, 26.9, 26.9, 26.9, 26.9, 26.9, 26.9, 26.9, -999.0, 25.9, 26.9, 26.9, 26.3, 26.78, 26.83, 26.82, 26.07, 26.09, 26.09], [26.9, 26.9, 26.9, 26.9, 26.9, 26.9, 26.9, 26.9, 26.9, 26.9, -999.0, 26.9, 26.9, 26.05, 26.42, 26.3, 26.31, 26.17, 26.19, 26.2], [26.9, 26.9, 26.9, 26.9, 26.9, 26.9, 26.9, 26.9, 26.9, 26.9, -999.0, 25.6, 25.6, 25.6, 26.31, 26.21, 26.23, 26.09, 26.12, 26.14], [26.9, 26.9, 26.9, 26.9, 26.9, 26.9, 26.9, 26.9, 26.9, 26.9, 26.9, 26.4, 25.6, 25.6, 25.6, 26.1, 26.14, 26.01, 26.05, 26.08], [26.9, 26.9, 26.9, 26.9, 26.9, 26.9, 26.9, 26.9, 26.9, 26.9, 26.08, 26.17, 26.05, 25.94, 26.06, 25.93, 25.98, 25.89, 26.13, 26.17], [26.9, 26.9, 26.9, 26.9, 26.9, 26.9, 26.9, 26.9, 26.9, 26.9, 26.34, 26.18, 26.01, 25.85, 25.86, 25.82, 25.9, 25.97, 26.01, 26.04], [26.9, 26.9, 26.9, 26.9, 26.9, 26.9, 26.9, 26.9, 26.9, 26.57, 26.4, 26.2, 26.0, 25.87, 25.64, 25.8, 25.91, 25.98, 26.03, 26.06], [26.9, 26.9, 26.9, 26.9, 26.9, 26.9, 26.9, 26.9, 26.78, 26.65, 26.51, 26.34, 26.12, 25.95, 25.78, 25.87, 25.96, 26.02, 26.06, 26.09], [26.9, 26.9, 26.84, 26.85, 26.85, 26.85, 26.86, 26.88, 26.77, 26.66, 26.53, 26.39, 26.19, 26.09, 25.93, 25.98, 26.04, 26.08, 26.11, 26.12], [26.84, 26.84, 26.84, 26.86, 26.86, 26.86, 26.87, 26.87, 26.67, 26.62, 26.53, 26.43, 26.25, 26.02, 26.05, 26.09, 26.13, 26.15, 26.16, 26.16], [26.85, 26.85, 26.85, 26.86, 26.86, 26.86, 26.86, 26.85, 26.64, 26.6, 26.55, 26.48, 26.28, 26.1, 26.13, 26.18, 26.22, 26.22, 26.21, 26.19], [26.85, 26.85, 26.85, 26.84, 26.84, 26.84, 26.84, 26.84, 26.83, 26.83, 26.83, 26.75, 26.52, 26.15, 26.19, 26.25, 26.31, 26.29, 26.25, 26.22], [26.84, 26.84, 26.84, 26.83, 26.83, 26.83, 26.83, 26.83, 26.82, 26.82, 26.82, 26.73, 26.53, 26.48, 26.45, 26.29, 26.41, 26.31, 26.26, 26.23], [26.83, 26.83, 26.83, 26.83, 26.83, 26.83, 26.82, 26.82, 26.81, 26.81, 26.81, 26.74, 26.71, 26.49, 26.44, 26.41, 26.28, 26.25, 26.25, 26.23], [26.83, 26.83, 26.83, 26.83, 26.83, 26.82, 26.82, 26.82, 26.81, 26.81, 26.76, 26.74, 26.72, 26.49, 26.45, 26.41, 26.38, 26.36, 26.24, 26.23], [26.83, 26.83, 26.83, 26.83, 26.83, 26.82, 26.82, 26.82, 26.81, 26.81, 26.76, 26.75, 26.73, 26.51, 26.47, 26.44, 26.41, 26.4, 26.4, 26.41], [26.83, 26.83, 26.83, 26.83, 26.82, 26.82, 26.82, 26.82, 26.81, 26.77, 26.77, 26.71, 26.67, 26.62, 26.49, 26.46, 26.44, 26.43, 26.42, 26.42], [26.83, 26.83, 26.83, 26.82, 26.82, 26.82, 26.82, 26.81, 26.81, 26.78, 26.78, 26.73, 26.68, 26.64, 26.52, 26.48, 26.46, 26.45, 26.44, 26.44], [26.83, 26.83, 26.83, 26.82, 26.82, 26.82, 26.82, 26.81, 26.73, 26.75, 26.76, 26.73, 26.69, 26.65, 26.53, 26.5, 26.48, 26.47, 26.46, 26.45], [26.83, 26.83, 26.82, 26.82, 26.82, 26.82, 26.82, 26.82, 26.72, 26.73, 26.73, 26.71, 26.68, 26.65, 26.54, 26.51, 26.49, 26.48, 26.47, 26.46], [26.83, 26.83, 26.82, 26.82, 26.82, 26.82, 26.82, 26.7, 26.71, 26.71, 26.7, 26.69, 26.67, 26.65, 26.55, 26.52, 26.5, 26.49, 26.48, 26.47]]}]