gis_exercise/awsData/contour/wdir_2023090802.json
[{"header": {"refTime": "2023-09-08T02:00:00.000Z", "nx": 21, "ny": 33, "lo1": 113.509, "la1": 22.2235, "lo2": 113.5947, "la2": 22.1034, "dx": 0.0042850000000001385, "dy": 0.003753125000000024, "parameterCategory": 2, "parameterCategoryName": "Temperature", "parameterNumber": 2}, "data": [-0.63, -0.64, -0.64, -0.79, -0.77, -1.23, -1.18, -1.13, -1.13, -0.99, -1.09, -1.2, -1.88, -1.96, -2.24, -2.33, -3.05, -3.08, -3.1, -3.11, -0.63, -0.64, -0.64, -0.65, -0.78, -0.76, -1.13, -1.02, -0.95, -0.92, -1.09, -1.25, -1.95, -2.02, -2.3, -3.02, -3.06, -3.1, -3.12, -3.13, -0.63, -0.63, -0.64, -0.65, -0.8, -0.77, -0.72, -0.92, -0.6, -0.85, -1.13, -1.36, -2.05, -2.11, -2.96, -3.03, -3.09, -3.13, -3.15, -3.16, -0.62, -0.63, -0.64, -0.65, -0.67, -0.8, -0.76, -0.7, -0.63, -0.94, -1.23, -1.54, -2.21, -2.2, -2.95, -3.05, -3.12, -3.17, -3.19, -3.2, -0.61, -0.62, -0.63, -0.65, -0.68, -0.85, -0.83, -0.81, -0.78, -1.05, -1.3, -2.19, -2.39, -2.26, -2.96, -3.09, -3.19, -3.25, -3.25, -3.24, -0.59, -0.6, -0.62, -0.64, -0.68, -0.73, -0.92, -0.93, -0.9, -0.83, -1.84, -2.11, -2.3, -2.89, -3.0, -3.15, -3.3, -3.36, -3.33, -3.28, -1.05, -0.58, -0.59, -0.61, -0.65, -0.73, -0.84, -1.09, -1.08, -1.32, -1.3, -2.0, -3.0, -3.02, -3.05, -3.22, -3.45, -3.53, -3.53, -3.48, -1.04, -1.01, -0.98, -1.08, -1.09, -0.66, -0.82, -1.11, -1.51, -1.22, -0.82, -2.48, -2.79, -3.16, -3.48, -3.54, -3.61, -3.64, -3.6, -3.57, -1.02, -0.99, -0.94, -0.89, -0.95, -0.99, -1.16, -0.91, -1.45, -1.38, -2.01, -2.68, -3.18, -2.94, -3.5, -3.53, -3.57, -3.59, -3.58, -3.57, -1.32, -1.26, -1.19, -0.82, -0.67, -0.67, -0.98, -1.33, -1.6, -1.47, -2.39, -2.83, -3.26, -2.98, -3.52, -3.53, -3.55, -3.56, -3.56, -3.55, -1.33, -1.28, -1.2, -1.07, -0.78, 0.07, -1.02, -1.62, -1.72, -1.73, -2.41, -2.73, -2.89, -2.86, -3.52, -3.53, -3.54, -3.54, -3.55, -3.54, -1.36, -1.32, -1.27, -1.18, -1.04, -0.97, -1.41, -1.99, -2.23, -2.78, -2.46, -3.21, -3.27, -2.75, -3.52, -3.52, -3.53, -3.18, -3.17, -3.16, -1.39, -1.37, -1.35, -1.34, -1.37, -1.53, -1.81, -2.03, -2.17, -1.99, -2.84, -3.15, -3.21, -2.93, -2.88, -3.05, -3.05, -3.06, -3.07, -3.07, -1.43, -1.43, -1.44, -1.47, -1.56, -1.75, -2.05, -1.95, -1.96, -1.92, -2.8, -2.73, -2.71, -2.67, -2.71, -2.88, -2.9, -2.93, -2.96, -2.98, -1.47, -1.48, -1.5, -1.54, -1.63, -1.75, -1.86, -2.14, -2.13, -2.12, -2.09, -1.9, -2.55, -2.49, -2.45, -2.67, -2.73, -2.79, -2.85, -2.89, -1.5, -1.51, -1.17, -1.22, -1.29, -2.05, -2.04, -2.03, -2.01, -2.0, -1.85, -1.83, -1.8, -2.02, -2.0, -2.29, -2.36, -2.44, -2.48, -2.54, -1.14, -1.16, -1.19, -1.22, -1.99, -1.97, -1.93, -1.88, -1.85, -1.87, -1.76, -1.76, -1.75, -1.73, -1.74, -1.83, -1.89, -1.94, -1.97, -1.99, -1.15, -1.17, -1.2, -1.22, -1.93, -1.88, -1.81, -1.7, -1.65, -1.54, -1.59, -1.72, -1.72, -1.73, -1.67, -1.81, -1.9, -1.96, -1.99, -2.01, -1.16, -1.18, -1.2, -1.93, -1.88, -1.82, -1.72, -1.54, -1.35, -1.48, -1.8, -1.86, -1.76, -1.76, -1.8, -1.87, -1.94, -1.99, -2.02, -2.03, -1.17, -1.18, -2.16, -2.13, -2.08, -2.01, -1.89, -1.71, -1.57, -1.73, -1.87, -1.92, -1.79, -1.83, -1.92, -1.96, -2.01, -2.04, -2.05, -2.06, -2.22, -2.21, -2.2, -2.17, -2.14, -2.09, -2.02, -1.95, -1.86, -1.93, -2.0, -2.03, -1.84, -1.99, -2.01, -2.05, -2.08, -2.1, -2.09, -2.08, -2.25, -2.25, -2.24, -2.23, -2.22, -2.21, -2.19, -2.18, -2.13, -2.17, -2.19, -2.17, -2.59, -2.05, -2.09, -2.14, -2.17, -2.16, -2.13, -2.11, -2.28, -2.28, -2.29, -2.29, -2.3, -2.32, -2.35, -2.41, -2.48, -2.52, -2.51, -2.63, -2.69, -2.09, -2.14, -2.21, -2.29, -2.23, -2.15, -2.12, -2.3, -2.31, -2.32, -2.34, -2.37, -2.41, -2.49, -2.6, -2.74, -2.81, -2.72, -2.95, -2.72, -2.59, -2.49, -2.24, -2.5, -2.18, -2.12, -2.11, -2.32, -2.34, -2.35, -2.38, -2.42, -2.48, -2.57, -2.72, -2.97, -3.17, -2.88, -2.95, -2.86, -2.6, -2.48, -2.38, -2.11, -1.97, -2.08, -2.1, -2.34, -2.36, -2.38, -2.41, -2.45, -2.51, -2.6, -2.74, -2.96, -3.13, -3.03, -2.89, -2.82, -2.61, -2.49, -2.18, -2.14, -2.11, -2.08, -2.09, -2.36, -2.37, -2.39, -2.42, -2.46, -2.51, -2.58, -2.66, -2.75, -2.76, -2.83, -2.77, -2.75, -2.19, -2.19, -2.18, -2.16, -2.14, -2.15, -2.16, -2.36, -2.38, -2.4, -2.43, -2.46, -2.49, -2.53, -2.56, -2.56, -2.65, -2.58, -2.45, -2.44, -2.39, -2.18, -2.17, -2.17, -2.16, -2.16, -2.17, -2.37, -2.39, -2.4, -2.42, -2.45, -2.47, -2.48, -2.48, -2.44, -2.43, -2.23, -2.35, -2.39, -2.37, -2.17, -2.17, -2.17, -2.17, -2.17, -2.17, -2.37, -2.39, -2.4, -2.42, -2.43, -2.44, -2.45, -2.43, -2.43, -2.33, -2.26, -2.33, -2.37, -2.36, -2.17, -2.17, -2.17, -2.17, -2.17, -2.17, -2.37, -2.39, -2.4, -2.41, -2.42, -2.43, -2.42, -2.41, -2.43, -2.37, -2.34, -2.35, -2.37, -2.36, -2.17, -2.17, -2.17, -2.17, -2.17, -2.17, -2.37, -2.38, -2.39, -2.4, -2.41, -2.41, -2.41, -2.46, -2.43, -2.4, -2.38, -2.37, -2.37, -2.37, -2.17, -2.17, -2.17, -2.17, -2.18, -2.18]}, {"header": {"refTime": "2023-09-08T02:00:00.000Z", "nx": 21, "ny": 33, "lo1": 113.509, "la1": 22.2235, "lo2": 113.5947, "la2": 22.1034, "dx": 0.0042850000000001385, "dy": 0.003753125000000024, "parameterCategory": 2, "parameterCategoryName": "Temperature", "parameterNumber": 3}, "data": [0.56, 0.54, 0.52, 0.42, 0.39, 0.51, 0.46, 0.42, 0.41, 0.45, 0.55, 0.65, 1.41, 1.5, 1.92, 2.07, 3.21, 3.28, 3.34, 3.37, 0.57, 0.56, 0.53, 0.5, 0.39, 0.35, 0.42, 0.32, 0.27, 0.37, 0.54, 0.68, 1.45, 1.54, 1.96, 3.12, 3.23, 3.32, 3.39, 3.42, 0.59, 0.57, 0.55, 0.52, 0.41, 0.36, 0.29, 0.25, -0.03, 0.3, 0.57, 0.76, 1.51, 1.6, 2.94, 3.13, 3.28, 3.4, 3.46, 3.49, 0.61, 0.6, 0.58, 0.56, 0.52, 0.4, 0.35, 0.24, 0.15, 0.41, 0.67, 0.89, 1.58, 1.82, 2.91, 3.17, 3.38, 3.51, 3.57, 3.58, 0.63, 0.63, 0.62, 0.6, 0.57, 0.46, 0.44, 0.41, 0.39, 0.59, 0.79, 1.75, 1.6, 1.81, 2.93, 3.28, 3.55, 3.69, 3.71, 3.68, 0.66, 0.66, 0.65, 0.65, 0.63, 0.62, 0.54, 0.56, 0.57, 0.58, 1.79, 1.85, 1.79, 2.48, 3.07, 3.46, 3.81, 3.96, 3.89, 3.79, 1.35, 0.69, 0.69, 0.7, 0.7, 0.69, 0.92, 0.68, 0.71, 1.39, 1.54, 2.12, 2.92, 2.87, 3.26, 3.65, 4.16, 4.35, 4.06, 3.87, 1.36, 1.35, 1.33, 1.43, 1.41, 0.95, 0.93, 0.91, 1.05, 1.29, 1.13, 2.94, 3.24, 3.16, 4.0, 4.2, 4.44, 4.53, 4.4, 4.31, 1.37, 1.36, 1.34, 1.32, 1.41, 1.39, 1.38, 0.92, 1.19, 1.44, 2.34, 2.99, 3.34, 3.17, 3.97, 4.13, 4.28, 4.35, 4.32, 4.27, 1.89, 1.86, 1.82, 1.33, 1.29, 1.35, 1.44, 1.54, 1.47, 1.4, 2.67, 3.04, 3.34, 3.17, 3.95, 4.06, 4.17, 4.23, 4.24, 4.22, 1.89, 1.87, 1.82, 1.75, 1.59, 1.13, 1.74, 2.08, 1.9, 1.69, 2.5, 2.96, 3.08, 3.07, 3.95, 4.03, 4.1, 4.15, 4.17, 4.18, 1.91, 1.89, 1.86, 1.81, 1.73, 1.7, 1.95, 2.31, 2.46, 2.82, 2.54, 3.38, 3.44, 2.98, 3.95, 4.01, 4.07, 3.3, 3.31, 3.31, 1.93, 1.91, 1.9, 1.89, 1.9, 1.98, 2.13, 2.3, 2.41, 2.29, 2.87, 3.33, 3.38, 2.8, 2.72, 3.0, 3.03, 3.07, 3.11, 3.13, 1.95, 1.94, 1.94, 1.96, 2.0, 2.08, 2.2, 2.21, 2.26, 2.24, 2.83, 2.44, 2.37, 2.28, 2.45, 2.71, 2.76, 2.84, 2.9, 2.96, 1.96, 1.97, 1.98, 2.0, 2.03, 2.09, 2.14, 2.3, 2.31, 2.31, 2.29, 1.73, 2.14, 2.02, 1.94, 2.37, 2.48, 2.6, 2.71, 2.8, 1.98, 1.99, 1.74, 1.76, 1.79, 2.24, 2.24, 2.23, 2.23, 2.23, 1.76, 1.63, 1.48, 1.53, 1.46, 1.75, 1.88, 2.02, 2.42, 2.54, 1.72, 1.73, 1.74, 1.76, 2.21, 2.19, 2.17, 2.14, 2.13, 2.14, 1.68, 1.55, 1.37, 1.16, 1.11, 1.21, 1.39, 1.53, 1.62, 1.69, 1.73, 1.74, 1.75, 1.76, 2.18, 2.15, 2.1, 2.04, 2.0, 1.65, 1.55, 1.51, 1.31, 1.11, 0.76, 1.15, 1.41, 1.57, 1.67, 1.74, 1.73, 1.74, 1.75, 2.17, 2.15, 2.11, 2.04, 1.94, 1.75, 1.67, 1.44, 1.3, 1.44, 1.26, 1.12, 1.3, 1.52, 1.66, 1.75, 1.8, 1.73, 1.74, 1.88, 1.87, 1.87, 1.85, 1.84, 1.81, 1.66, 1.56, 1.45, 1.34, 1.57, 1.5, 1.46, 1.56, 1.7, 1.8, 1.85, 1.87, 1.87, 1.87, 1.86, 1.86, 1.85, 1.84, 1.82, 1.81, 1.57, 1.52, 1.45, 1.37, 1.71, 1.67, 1.72, 1.82, 1.91, 1.96, 1.97, 1.95, 1.86, 1.86, 1.85, 1.84, 1.83, 1.82, 1.81, 1.56, 1.53, 1.5, 1.45, 1.4, 1.79, 1.84, 1.92, 2.04, 2.13, 2.13, 2.08, 2.03, 1.85, 1.85, 1.84, 1.48, 1.49, 1.5, 1.51, 1.52, 1.52, 1.52, 1.5, 2.07, 2.12, 1.95, 2.07, 2.22, 2.38, 2.29, 2.15, 2.07, 1.45, 1.46, 1.46, 1.47, 1.47, 1.48, 1.49, 1.5, 1.51, 1.51, 1.49, 1.8, 2.09, 2.19, 2.29, 2.3, 2.76, 2.26, 2.14, 2.09, 1.44, 1.44, 1.44, 1.45, 1.45, 1.45, 1.46, 1.48, 1.51, 1.55, 1.48, 1.74, 1.87, 2.16, 2.25, 2.3, 2.15, 1.97, 2.08, 2.07, 1.43, 1.43, 1.43, 1.43, 1.42, 1.42, 1.43, 1.44, 1.48, 1.52, 1.61, 1.67, 1.78, 2.14, 2.2, 2.11, 2.1, 2.07, 2.07, 2.06, 1.42, 1.41, 1.41, 1.41, 1.4, 1.39, 1.39, 1.39, 1.39, 1.37, 1.51, 1.57, 1.69, 1.83, 1.94, 2.02, 2.05, 2.06, 2.06, 2.06, 1.4, 1.4, 1.39, 1.39, 1.38, 1.36, 1.35, 1.32, 1.28, 1.35, 1.32, 1.19, 1.24, 1.29, 1.86, 1.94, 1.99, 2.01, 2.03, 2.03, 1.39, 1.39, 1.38, 1.37, 1.36, 1.34, 1.31, 1.27, 1.2, 1.18, 0.95, 1.1, 1.19, 1.25, 1.78, 1.87, 1.93, 1.97, 1.99, 2.0, 1.39, 1.38, 1.37, 1.36, 1.34, 1.32, 1.29, 1.24, 1.15, 1.06, 1.0, 1.09, 1.18, 1.24, 1.73, 1.82, 1.88, 1.92, 1.95, 1.96, 1.38, 1.37, 1.36, 1.35, 1.33, 1.31, 1.28, 1.24, 1.16, 1.11, 1.1, 1.13, 1.18, 1.23, 1.7, 1.78, 1.84, 1.89, 1.92, 1.93, 1.37, 1.36, 1.35, 1.34, 1.32, 1.3, 1.28, 1.21, 1.18, 1.16, 1.15, 1.17, 1.2, 1.24, 1.69, 1.76, 1.82, 1.86, 1.89, 1.91]}, {"header": {"refTime": "2023-09-08T02:00:00.000Z", "nx": 21, "ny": 33, "lo1": 113.509, "la1": 22.2235, "lo2": 113.5947, "la2": 22.1034, "dx": 0.0042850000000001385, "dy": 0.003753125000000024, "parameterCategory": 0, "parameterCategoryName": "Temperature", "parameterNumber": 0}, "data": [[26.22, 26.21, 26.21, 26.1, 26.1, 26.19, 26.19, 26.18, 26.19, 26.23, 26.26, 26.29, 26.31, 26.32, 26.38, 26.39, 26.45, 26.45, 26.45, 26.45], [26.22, 26.22, 26.21, 26.2, 26.1, 26.1, 26.18, 26.17, 26.16, 26.2, 26.25, 26.3, 26.32, 26.33, 26.39, 26.45, 26.45, 26.45, 26.45, 26.45], [26.23, 26.22, 26.22, 26.21, 26.1, 26.1, 26.1, 26.15, 26.11, 26.19, 26.26, 26.32, 26.34, 26.35, 26.45, 26.45, 26.45, 26.45, 26.45, 26.45], [26.23, 26.23, 26.22, 26.21, 26.2, 26.1, 26.1, 26.1, 26.1, 26.21, 26.29, 26.37, 26.38, 26.44, 26.45, 26.45, 26.45, 26.45, 26.45, 26.45], [26.24, 26.24, 26.23, 26.22, 26.21, 26.1, 26.1, 26.1, 26.1, 26.33, 26.33, 26.43, 26.48, 26.45, 26.45, 26.45, 26.46, 26.46, 26.46, 26.46], [26.25, 26.25, 26.24, 26.24, 26.23, 26.21, 26.1, 26.1, 26.1, 26.1, 26.38, 26.43, 26.45, 26.43, 26.44, 26.45, 26.46, 26.47, 26.46, 26.46], [26.32, 26.26, 26.26, 26.25, 26.25, 26.23, 26.3, 26.1, 26.1, 26.2, 26.18, 26.41, 26.39, 26.4, 26.43, 26.45, 26.48, 26.48, 26.5, 26.5], [26.33, 26.33, 26.33, 26.33, 26.32, 26.3, 26.25, 26.21, 26.12, 26.19, 26.19, 26.3, 26.3, 26.4, 26.43, 26.4, 26.45, 26.46, 26.44, 26.42], [26.27, 26.28, 26.35, 26.35, 26.36, 26.34, 26.29, 26.22, 26.1, 26.21, 26.3, 26.3, 26.3, 26.3, 26.42, 26.4, 26.42, 26.43, 26.43, 26.42], [26.5, 26.5, 26.5, 26.31, 26.34, 26.41, 26.36, 26.29, 26.1, 26.1, 26.3, 26.3, 26.3, 26.3, 26.42, 26.39, 26.4, 26.41, 26.41, 26.41], [26.5, 26.5, 26.5, 26.5, 26.5, 26.5, 26.5, 26.5, 26.36, 26.1, -999.0, 26.3, 26.3, 26.3, 26.42, 26.38, 26.39, 26.4, 26.4, 26.4], [26.5, 26.5, 26.5, 26.5, 26.5, 26.5, 26.5, 26.5, 26.5, -999.0, -999.0, 26.3, 26.3, 26.3, 26.42, 26.37, 26.38, 25.82, 25.83, 25.84], [26.5, 26.5, 26.5, 26.5, 26.5, 26.5, 26.5, 26.5, 26.5, 26.5, -999.0, 26.3, 26.3, 25.65, 25.93, 26.06, 26.07, 25.92, 25.95, 25.96], [26.5, 26.5, 26.5, 26.5, 26.5, 26.5, 26.5, 26.5, 26.5, 26.5, -999.0, 25.3, 25.3, 25.3, 25.85, 25.96, 25.98, 25.83, 25.86, 25.89], [26.5, 26.5, 26.5, 26.5, 26.5, 26.5, 26.5, 26.5, 26.5, 26.5, 26.5, 26.04, 25.3, 25.3, 25.3, 25.85, 25.89, 25.75, 25.79, 25.83], [26.5, 26.5, 26.5, 26.5, 26.5, 26.5, 26.5, 26.5, 26.5, 26.5, 25.74, 25.83, 25.71, 25.62, 25.73, 25.56, 25.6, 25.53, 25.8, 25.84], [26.5, 26.5, 26.5, 26.5, 26.5, 26.5, 26.5, 26.5, 26.5, 26.5, 25.98, 25.84, 25.68, 25.53, 25.52, 25.49, 25.56, 25.62, 25.65, 25.68], [26.5, 26.5, 26.5, 26.5, 26.5, 26.5, 26.5, 26.5, 26.5, 26.2, 26.03, 25.85, 25.67, 25.53, 25.33, 25.47, 25.57, 25.63, 25.67, 25.7], [26.5, 26.5, 26.5, 26.5, 26.5, 26.5, 26.5, 26.5, 26.39, 26.27, 26.15, 26.0, 25.76, 25.61, 25.46, 25.53, 25.61, 25.67, 25.7, 25.72], [26.5, 26.5, 26.5, 26.5, 26.5, 26.5, 26.5, 26.5, 26.39, 26.29, 26.18, 26.05, 25.81, 25.72, 25.59, 25.63, 25.68, 25.72, 25.74, 25.75], [26.5, 26.5, 26.5, 26.5, 26.5, 26.5, 26.5, 26.5, 26.31, 26.27, 26.19, 26.1, 25.86, 25.66, 25.68, 25.72, 25.75, 25.77, 25.78, 25.78], [26.5, 26.5, 26.5, 26.5, 26.5, 26.5, 26.5, 26.52, 26.29, 26.26, 26.21, 26.14, 25.91, 25.73, 25.76, 25.79, 25.82, 25.83, 25.82, 25.81], [26.5, 26.5, 26.5, 26.53, 26.52, 26.52, 26.52, 26.52, 26.52, 26.52, 26.52, 26.37, 26.16, 25.77, 25.81, 25.85, 25.89, 25.89, 25.86, 25.84], [26.53, 26.53, 26.53, 26.53, 26.53, 26.52, 26.52, 26.52, 26.52, 26.52, 26.52, 26.4, 26.17, 26.11, 26.06, 25.88, 25.96, 25.91, 25.88, 25.85], [26.53, 26.53, 26.53, 26.53, 26.53, 26.53, 26.53, 26.52, 26.52, 26.51, 26.52, 26.42, 26.38, 26.11, 26.06, 26.02, 25.91, 25.9, 25.88, 25.86], [26.53, 26.53, 26.53, 26.53, 26.53, 26.53, 26.53, 26.53, 26.52, 26.51, 26.46, 26.44, 26.4, 26.12, 26.07, 26.05, 26.01, 26.0, 25.87, 25.85], [26.53, 26.53, 26.53, 26.53, 26.53, 26.53, 26.53, 26.53, 26.53, 26.53, 26.48, 26.45, 26.42, 26.18, 26.13, 26.08, 26.05, 26.04, 26.04, 26.05], [26.53, 26.53, 26.53, 26.54, 26.54, 26.54, 26.54, 26.54, 26.55, 26.5, 26.51, 26.47, 26.42, 26.37, 26.16, 26.12, 26.09, 26.07, 26.07, 26.07], [26.54, 26.54, 26.54, 26.54, 26.54, 26.54, 26.54, 26.55, 26.56, 26.54, 26.56, 26.5, 26.44, 26.39, 26.19, 26.15, 26.12, 26.1, 26.09, 26.09], [26.54, 26.54, 26.54, 26.54, 26.54, 26.54, 26.55, 26.55, 26.49, 26.52, 26.54, 26.5, 26.44, 26.4, 26.22, 26.17, 26.14, 26.12, 26.11, 26.11], [26.54, 26.54, 26.54, 26.54, 26.54, 26.54, 26.55, 26.55, 26.48, 26.49, 26.5, 26.47, 26.44, 26.4, 26.23, 26.19, 26.16, 26.14, 26.13, 26.12], [26.54, 26.54, 26.54, 26.54, 26.54, 26.55, 26.55, 26.45, 26.46, 26.47, 26.46, 26.45, 26.43, 26.4, 26.23, 26.2, 26.18, 26.16, 26.14, 26.14]]}]