gis_exercise/awsData/contour/wdir_2023090320.json
[{"header": {"refTime": "2023-09-03T20:00:00.000Z", "nx": 21, "ny": 33, "lo1": 113.509, "la1": 22.2235, "lo2": 113.5947, "la2": 22.1034, "dx": 0.0042850000000001385, "dy": 0.003753125000000024, "parameterCategory": 2, "parameterCategoryName": "Temperature", "parameterNumber": 2}, "data": [-0.11, -0.13, -0.15, -0.47, -0.47, -0.48, -0.49, -0.49, -0.49, -0.51, -0.51, -0.51, -0.51, -0.52, -0.49, -0.49, -0.49, -0.49, -0.49, -0.49, -0.1, -0.12, -0.14, -0.16, -0.47, -0.48, -0.49, -0.49, -0.49, -0.51, -0.51, -0.51, -0.52, -0.52, -0.5, -0.5, -0.49, -0.49, -0.49, -0.49, -0.09, -0.1, -0.12, -0.15, -0.47, -0.48, -0.48, -0.49, -0.5, -0.5, -0.51, -0.51, -0.52, -0.52, -0.5, -0.5, -0.49, -0.49, -0.49, -0.49, -0.07, -0.08, -0.1, -0.13, -0.16, -0.47, -0.48, -0.48, -0.49, -0.51, -0.51, -0.51, -0.52, -0.52, -0.5, -0.49, -0.49, -0.48, -0.48, -0.48, -0.05, -0.06, -0.07, -0.1, -0.13, -0.47, -0.47, -0.47, -0.47, -0.51, -0.51, -0.52, -0.53, -0.52, -0.5, -0.49, -0.48, -0.48, -0.48, -0.48, -0.02, -0.03, -0.04, -0.06, -0.09, -0.13, -0.46, -0.46, -0.46, -0.47, -0.51, -0.52, -0.52, -0.66, -0.5, -0.49, -0.47, -0.47, -0.47, -0.48, 0.7, 0.01, 0.01, -0.0, -0.03, -0.08, -0.15, -0.45, -0.45, -0.47, -0.49, -0.51, -0.68, -0.71, -0.5, -0.48, -0.46, -0.45, -0.57, -0.61, 0.72, 0.71, 0.68, 0.1, 0.09, -0.01, -0.11, -0.27, -0.43, -0.47, -0.49, -0.64, -0.67, -0.76, -0.73, -0.65, -0.56, -0.52, -0.58, -0.61, 0.75, 0.74, 0.72, 0.7, 0.17, 0.14, 0.03, -0.17, -0.41, -0.47, -0.68, -0.77, -0.93, -0.85, -0.77, -0.69, -0.63, -0.6, -0.61, -0.63, 0.82, 0.81, 0.8, 0.76, 0.74, 0.32, 0.17, -0.0, -0.39, -0.41, -0.76, -0.86, -1.0, -0.89, -0.8, -0.73, -0.68, -0.65, -0.64, -0.65, 0.83, 0.83, 0.83, 0.81, 0.78, 0.71, 0.7, 0.54, -0.08, -0.38, -0.69, -0.84, -0.88, -0.86, -0.8, -0.75, -0.71, -0.68, -0.67, -0.67, 0.84, 0.85, 0.85, 0.86, 0.85, 0.83, 0.78, 0.39, 0.16, 0.03, -0.64, -0.73, -0.78, -0.83, -0.79, -0.76, -0.73, -0.26, -0.24, -0.23, 0.86, 0.87, 0.89, 0.91, 0.96, 1.07, 1.16, 0.64, 0.33, 0.49, 0.05, -0.68, -0.73, -0.32, -0.27, -0.2, -0.18, -0.17, -0.16, -0.16, 0.87, 0.89, 0.91, 0.95, 1.04, 1.23, 1.68, 1.03, 0.7, 0.64, 0.15, -0.17, -0.13, -0.07, -0.08, -0.03, -0.04, -0.05, -0.07, -0.09, 0.88, 0.9, 0.93, 0.97, 1.04, 1.15, 1.2, 0.88, 0.66, 0.54, 0.49, 0.28, 0.05, 0.13, 0.19, 0.16, 0.12, 0.07, 0.02, -0.01, 0.88, 0.9, 0.99, 1.02, 1.06, 0.83, 0.81, 0.71, 0.59, 0.51, 0.23, 0.34, 0.47, 0.4, 0.46, 0.46, 0.38, 0.31, 0.43, 0.38, 0.92, 0.93, 0.94, 0.94, 0.68, 0.67, 0.61, 0.52, 0.45, 0.42, 0.25, 0.38, 0.54, 0.73, 0.86, 0.92, 0.85, 0.79, 0.76, 0.73, 0.89, 0.89, 0.89, 0.87, 0.59, 0.54, 0.45, 0.33, 0.26, 0.57, 0.72, 0.4, 0.59, 0.85, 1.08, 0.94, 0.84, 0.78, 0.74, 0.71, 0.87, 0.86, 0.84, 0.56, 0.52, 0.45, 0.34, 0.17, 0.09, 0.42, 0.27, 0.42, 0.61, 0.76, 0.95, 0.88, 0.8, 0.74, 0.71, 0.69, 0.84, 0.83, 0.59, 0.55, 0.5, 0.43, 0.33, 0.19, 0.04, 0.13, 0.25, 0.37, 0.53, 0.62, 0.82, 0.78, 0.72, 0.69, 0.67, 0.66, 0.58, 0.56, 0.54, 0.5, 0.45, 0.39, 0.32, 0.25, 0.11, 0.16, 0.24, 0.33, 0.47, 0.74, 0.72, 0.68, 0.64, 0.62, 0.62, 0.63, 0.55, 0.52, 0.49, 0.46, 0.41, 0.36, 0.31, -0.1, 0.13, 0.16, 0.21, 0.28, 0.4, 0.67, 0.63, 0.59, 0.55, 0.55, 0.58, 0.6, 0.52, 0.49, 0.46, -0.12, -0.12, -0.11, -0.11, -0.11, -0.11, -0.11, -0.11, -0.03, 0.25, 0.62, 0.58, 0.51, 0.44, 0.49, 0.55, 0.58, -0.12, -0.12, -0.12, -0.12, -0.12, -0.12, -0.12, -0.11, -0.11, -0.11, -0.11, -0.08, 0.24, 0.29, 0.33, 0.48, 0.28, 0.51, 0.56, 0.58, -0.13, -0.13, -0.13, -0.13, -0.12, -0.12, -0.12, -0.12, -0.11, -0.1, -0.11, -0.09, -0.08, 0.29, 0.34, 0.39, 0.56, 0.65, 0.59, 0.59, -0.13, -0.13, -0.13, -0.13, -0.13, -0.13, -0.13, -0.12, -0.11, -0.1, -0.1, -0.1, -0.09, 0.29, 0.35, 0.37, 0.44, 0.47, 0.59, 0.59, -0.13, -0.13, -0.13, -0.13, -0.13, -0.13, -0.13, -0.13, -0.13, -0.14, -0.13, -0.12, -0.11, 0.21, 0.28, 0.34, 0.38, 0.41, 0.4, 0.39, -0.13, -0.13, -0.14, -0.14, -0.14, -0.14, -0.14, -0.15, -0.16, -0.15, -0.16, -0.04, 0.04, 0.12, 0.24, 0.3, 0.34, 0.36, 0.36, 0.36, -0.14, -0.14, -0.14, -0.14, -0.14, -0.15, -0.15, -0.16, -0.17, -0.19, -0.19, -0.08, 0.01, 0.09, 0.21, 0.26, 0.3, 0.32, 0.33, 0.33, -0.14, -0.14, -0.14, -0.14, -0.15, -0.15, -0.16, -0.17, -0.07, -0.12, -0.15, -0.08, 0.0, 0.07, 0.18, 0.23, 0.27, 0.29, 0.3, 0.31, -0.14, -0.14, -0.14, -0.14, -0.15, -0.15, -0.16, -0.17, -0.05, -0.08, -0.08, -0.04, 0.01, 0.07, 0.17, 0.21, 0.24, 0.27, 0.28, 0.29, -0.14, -0.14, -0.14, -0.15, -0.15, -0.15, -0.16, -0.01, -0.03, -0.04, -0.03, -0.01, 0.03, 0.07, 0.16, 0.2, 0.23, 0.25, 0.26, 0.28]}, {"header": {"refTime": "2023-09-03T20:00:00.000Z", "nx": 21, "ny": 33, "lo1": 113.509, "la1": 22.2235, "lo2": 113.5947, "la2": 22.1034, "dx": 0.0042850000000001385, "dy": 0.003753125000000024, "parameterCategory": 2, "parameterCategoryName": "Temperature", "parameterNumber": 3}, "data": [0.4, 0.38, 0.37, 0.15, 0.14, 0.12, 0.11, 0.1, 0.09, 0.12, 0.14, 0.16, 0.31, 0.33, 0.26, 0.28, 0.53, 0.53, 0.54, 0.54, 0.41, 0.39, 0.38, 0.35, 0.15, 0.13, 0.1, 0.07, 0.06, 0.09, 0.14, 0.17, 0.31, 0.33, 0.27, 0.52, 0.53, 0.53, 0.54, 0.54, 0.42, 0.41, 0.39, 0.36, 0.15, 0.14, 0.11, 0.06, -0.01, 0.08, 0.14, 0.18, 0.32, 0.34, 0.5, 0.52, 0.53, 0.54, 0.54, 0.54, 0.44, 0.43, 0.41, 0.39, 0.35, 0.15, 0.13, 0.09, 0.06, 0.11, 0.17, 0.21, 0.33, 0.42, 0.5, 0.52, 0.53, 0.54, 0.54, 0.55, 0.46, 0.45, 0.44, 0.42, 0.39, 0.17, 0.16, 0.15, 0.15, 0.16, 0.2, 0.4, 0.34, 0.41, 0.5, 0.53, 0.54, 0.54, 0.55, 0.55, 0.49, 0.48, 0.47, 0.46, 0.43, 0.4, 0.19, 0.2, 0.21, 0.22, 0.46, 0.44, 0.4, 0.55, 0.52, 0.54, 0.54, 0.55, 0.55, 0.55, 0.75, 0.51, 0.51, 0.51, 0.49, 0.46, 0.5, 0.23, 0.25, 0.42, 0.46, 0.53, 0.67, 0.66, 0.56, 0.55, 0.55, 0.55, 0.55, 0.56, 0.77, 0.77, 0.77, 0.72, 0.71, 0.6, 0.52, 0.41, 0.32, 0.4, 0.39, 0.73, 0.79, 0.73, 0.77, 0.71, 0.63, 0.61, 0.65, 0.67, 0.78, 0.78, 0.79, 0.8, 0.76, 0.74, 0.66, 0.48, 0.36, 0.43, 0.62, 0.74, 0.81, 0.78, 0.78, 0.73, 0.68, 0.66, 0.67, 0.68, 0.88, 0.89, 0.9, 0.84, 0.87, 0.86, 0.77, 0.66, 0.41, 0.41, 0.69, 0.75, 0.81, 0.78, 0.79, 0.75, 0.72, 0.7, 0.7, 0.7, 0.88, 0.89, 0.9, 0.92, 0.96, 1.08, 0.92, 0.83, 0.66, 0.46, 0.64, 0.74, 0.76, 0.76, 0.79, 0.76, 0.74, 0.72, 0.71, 0.71, 0.88, 0.89, 0.89, 0.91, 0.93, 0.94, 0.87, 0.77, 0.72, 0.73, 0.64, 0.8, 0.81, 0.74, 0.78, 0.77, 0.75, 0.85, 0.85, 0.85, 0.88, 0.88, 0.88, 0.89, 0.88, 0.87, 0.83, 0.77, 0.74, 0.77, 0.76, 0.79, 0.8, 0.99, 1.0, 0.92, 0.9, 0.89, 0.88, 0.88, 0.87, 0.87, 0.87, 0.87, 0.86, 0.84, 0.82, 0.8, 0.79, 0.79, 0.76, 0.91, 0.94, 0.97, 1.04, 0.96, 0.95, 0.93, 0.92, 0.91, 0.87, 0.87, 0.86, 0.86, 0.85, 0.84, 0.83, 0.6, 0.55, 0.51, 0.49, 0.67, 0.98, 1.01, 1.04, 1.02, 1.0, 0.97, 0.95, 0.94, 0.86, 0.86, 0.66, 0.66, 0.65, 0.54, 0.53, 0.5, 0.46, 0.44, 0.58, 0.67, 0.77, 0.92, 0.96, 1.15, 1.13, 1.12, 1.01, 0.99, 0.64, 0.63, 0.62, 0.61, 0.47, 0.46, 0.42, 0.38, 0.35, 0.35, 0.54, 0.67, 0.81, 0.97, 1.09, 1.31, 1.32, 1.33, 1.34, 1.35, 0.61, 0.6, 0.59, 0.56, 0.42, 0.38, 0.32, 0.24, 0.19, 0.38, 0.53, 0.65, 0.83, 1.07, 1.26, 1.31, 1.32, 1.33, 1.34, 1.35, 0.59, 0.58, 0.55, 0.41, 0.38, 0.33, 0.25, 0.12, 0.03, 0.28, 0.46, 0.63, 0.86, 1.01, 1.31, 1.32, 1.33, 1.34, 1.35, 1.35, 0.57, 0.55, 0.43, 0.41, 0.38, 0.33, 0.26, 0.15, 0.14, 0.29, 0.46, 0.61, 0.81, 0.92, 1.32, 1.33, 1.33, 1.34, 1.35, 1.36, 0.45, 0.44, 0.43, 0.41, 0.38, 0.35, 0.3, 0.25, 0.32, 0.39, 0.5, 0.6, 0.78, 1.33, 1.33, 1.33, 1.34, 1.35, 1.36, 1.36, 0.45, 0.44, 0.43, 0.42, 0.4, 0.38, 0.36, 0.24, 0.44, 0.48, 0.54, 0.61, 1.0, 1.34, 1.34, 1.33, 1.33, 1.34, 1.36, 1.37, 0.45, 0.45, 0.44, 0.27, 0.27, 0.28, 0.29, 0.31, 0.34, 0.36, 0.35, 0.55, 1.13, 1.35, 1.34, 1.32, 1.29, 1.34, 1.38, 1.39, 0.27, 0.28, 0.28, 0.29, 0.3, 0.31, 0.34, 0.38, 0.43, 0.46, 0.43, 0.64, 1.11, 1.18, 1.24, 1.33, 1.18, 1.41, 1.42, 1.41, 0.28, 0.28, 0.29, 0.3, 0.31, 0.34, 0.37, 0.43, 0.52, 0.59, 0.48, 0.62, 0.64, 1.18, 1.25, 1.31, 1.46, 1.56, 1.46, 1.42, 0.29, 0.29, 0.3, 0.31, 0.32, 0.35, 0.38, 0.43, 0.51, 0.58, 0.6, 0.59, 0.6, 1.18, 1.25, 1.23, 1.33, 1.37, 1.45, 1.43, 0.29, 0.3, 0.3, 0.31, 0.33, 0.34, 0.37, 0.4, 0.43, 0.43, 0.53, 0.53, 0.56, 0.97, 1.08, 1.17, 1.24, 1.27, 1.27, 1.24, 0.29, 0.3, 0.3, 0.31, 0.32, 0.34, 0.35, 0.36, 0.36, 0.44, 0.41, 0.57, 0.69, 0.81, 1.01, 1.1, 1.16, 1.2, 1.21, 1.2, 0.29, 0.3, 0.3, 0.31, 0.32, 0.33, 0.33, 0.33, 0.31, 0.34, 0.28, 0.48, 0.63, 0.75, 0.95, 1.04, 1.1, 1.14, 1.16, 1.16, 0.29, 0.3, 0.3, 0.31, 0.31, 0.32, 0.32, 0.31, 0.51, 0.41, 0.35, 0.47, 0.61, 0.73, 0.91, 0.99, 1.05, 1.09, 1.11, 1.12, 0.29, 0.3, 0.3, 0.3, 0.31, 0.31, 0.31, 0.3, 0.54, 0.49, 0.48, 0.54, 0.63, 0.72, 0.88, 0.96, 1.01, 1.05, 1.08, 1.09, 0.29, 0.3, 0.3, 0.3, 0.3, 0.3, 0.3, 0.61, 0.58, 0.56, 0.56, 0.6, 0.66, 0.72, 0.87, 0.93, 0.98, 1.02, 1.05, 1.06]}, {"header": {"refTime": "2023-09-03T20:00:00.000Z", "nx": 21, "ny": 33, "lo1": 113.509, "la1": 22.2235, "lo2": 113.5947, "la2": 22.1034, "dx": 0.0042850000000001385, "dy": 0.003753125000000024, "parameterCategory": 0, "parameterCategoryName": "Temperature", "parameterNumber": 0}, "data": [[28.87, 28.87, 28.87, 28.71, 28.72, 29.07, 29.05, 29.03, 29.03, 28.82, 28.84, 28.87, 29.13, 29.14, 29.06, 29.05, 29.08, 29.06, 29.05, 29.04], [28.87, 28.87, 28.87, 28.87, 28.72, 28.73, 29.03, 28.99, 28.97, 28.82, 28.85, 28.89, 29.15, 29.17, 29.08, 29.1, 29.07, 29.05, 29.04, 29.03], [28.86, 28.87, 28.87, 28.87, 28.72, 28.73, 28.74, 28.96, 28.84, 28.81, 28.86, 28.93, 29.19, 29.2, 29.15, 29.1, 29.06, 29.03, 29.02, 29.01], [28.86, 28.87, 28.87, 28.87, 28.88, 28.73, 28.74, 28.75, 28.75, 28.81, 28.88, 29.0, 29.27, 29.09, 29.15, 29.09, 29.04, 29.01, 28.99, 28.99], [28.86, 28.86, 28.87, 28.87, 28.88, 28.74, 28.74, 28.74, 28.72, 28.77, 28.86, 29.11, 29.34, 29.14, 29.15, 29.06, 29.0, 28.96, 28.96, 28.96], [28.85, 28.86, 28.86, 28.87, 28.88, 28.9, 28.76, 28.76, 28.72, 28.62, 28.79, 28.99, 29.18, 29.33, 29.12, 29.02, 28.93, 28.89, 28.91, 28.94], [28.87, 28.85, 28.85, 28.86, 28.88, 28.9, 28.75, 28.84, 28.8, 28.61, 28.49, 28.8, 29.22, 29.24, 29.07, 28.97, 28.84, 28.79, 28.85, 28.9], [28.86, 28.85, 28.85, 28.86, 28.87, 28.7, 28.76, 28.9, 29.05, 28.56, 28.21, 28.69, 28.7, 29.25, 28.81, 28.84, 28.78, 28.75, 28.79, 28.82], [28.94, 28.93, 28.83, 28.82, 28.82, 28.84, 28.91, 28.79, 28.82, 28.65, 28.38, 28.53, 28.6, 28.51, 28.82, 28.86, 28.82, 28.8, 28.81, 28.83], [28.6, 28.6, 28.6, 28.88, 28.84, 28.74, 28.81, 28.91, 28.52, 28.58, 28.61, 28.44, 28.49, 28.47, 28.82, 28.87, 28.84, 28.83, 28.83, 28.84], [28.6, 28.6, 28.6, 28.6, 28.6, 28.6, 28.6, 28.6, 28.81, 28.79, 28.0, 28.38, 28.43, 28.43, 28.82, 28.88, 28.86, 28.85, 28.85, 28.85], [28.6, 28.6, 28.6, 28.6, 28.6, 28.6, 28.6, 28.6, 28.6, -999.0, 28.0, 29.0, 29.0, 28.4, 28.81, 28.89, 28.88, 28.25, 28.26, 28.26], [28.6, 28.6, 28.6, 28.6, 28.6, 28.6, 28.6, 28.6, 28.6, 28.6, -999.0, 29.0, 29.0, 28.28, 28.6, 28.41, 28.41, 28.32, 28.33, 28.34], [28.6, 28.6, 28.6, 28.6, 28.6, 28.6, 28.6, 28.6, 28.6, 28.6, -999.0, 27.9, 27.9, 27.9, 28.5, 28.34, 28.35, 28.25, 28.28, 28.29], [28.6, 28.6, 28.6, 28.6, 28.6, 28.6, 28.6, 28.6, 28.6, 28.6, 28.6, 28.33, 27.9, 27.9, 27.9, 28.27, 28.29, 28.2, 28.23, 28.25], [28.6, 28.6, 28.6, 28.6, 28.6, 28.6, 28.6, 28.6, 28.6, 28.6, 28.16, 28.21, 28.14, 28.08, 28.15, 28.01, 28.03, 28.0, 28.19, 28.21], [28.6, 28.6, 28.6, 28.6, 28.6, 28.6, 28.6, 28.6, 28.6, 28.6, 28.3, 28.21, 28.12, 28.04, 28.02, 27.76, 27.71, 27.67, 27.64, 27.62], [28.6, 28.6, 28.6, 28.6, 28.6, 28.6, 28.6, 28.6, 28.6, 28.42, 28.33, 28.22, 28.11, 28.02, 27.92, 27.78, 27.71, 27.67, 27.63, 27.61], [28.6, 28.6, 28.6, 28.6, 28.6, 28.6, 28.6, 28.6, 28.54, 28.46, 28.29, 28.19, 28.15, 28.06, 27.79, 27.74, 27.69, 27.65, 27.62, 27.59], [28.6, 28.6, 28.26, 28.27, 28.3, 28.33, 28.38, 28.5, 28.47, 28.38, 28.28, 28.2, 28.18, 28.12, 27.71, 27.68, 27.65, 27.62, 27.59, 27.57], [28.23, 28.24, 28.25, 28.35, 28.36, 28.38, 28.4, 28.43, 28.35, 28.31, 28.25, 28.19, 28.2, 27.66, 27.65, 27.64, 27.61, 27.59, 27.56, 27.55], [28.32, 28.32, 28.33, 28.33, 28.34, 28.34, 28.35, 28.41, 28.26, 28.24, 28.21, 28.18, 28.03, 27.62, 27.61, 27.61, 27.6, 27.57, 27.53, 27.52], [28.31, 28.31, 28.31, 28.41, 28.4, 28.39, 28.38, 28.36, 28.33, 28.32, 28.33, 28.23, 27.65, 27.58, 27.58, 27.6, 27.65, 27.56, 27.49, 27.48], [28.42, 28.41, 28.41, 28.4, 28.39, 28.37, 28.35, 28.31, 28.26, 28.24, 28.27, 28.22, 27.66, 27.61, 27.57, 27.58, 27.85, 27.41, 27.4, 27.43], [28.41, 28.41, 28.4, 28.39, 28.38, 28.36, 28.33, 28.28, 28.18, 28.11, 28.22, 28.23, 28.26, 27.6, 27.55, 27.49, 27.31, 27.1, 27.32, 27.4], [28.41, 28.41, 28.4, 28.39, 28.38, 28.36, 28.33, 28.28, 28.2, 28.13, 28.2, 28.26, 28.29, 27.59, 27.53, 27.57, 27.43, 27.37, 27.34, 27.4], [28.41, 28.41, 28.4, 28.4, 28.39, 28.37, 28.35, 28.33, 28.3, 28.3, 28.3, 28.33, 28.33, 27.86, 27.74, 27.63, 27.54, 27.5, 27.51, 27.54], [28.41, 28.41, 28.41, 28.4, 28.4, 28.39, 28.39, 28.39, 28.4, 28.41, 28.45, 28.18, 28.04, 27.88, 27.81, 27.71, 27.63, 27.59, 27.58, 27.59], [28.42, 28.41, 28.41, 28.41, 28.41, 28.41, 28.41, 28.43, 28.47, 28.53, 28.56, 28.31, 28.11, 27.95, 27.87, 27.77, 27.7, 27.66, 27.64, 27.64], [28.42, 28.42, 28.42, 28.42, 28.42, 28.42, 28.43, 28.46, 28.26, 28.4, 28.48, 28.31, 28.14, 27.99, 27.92, 27.83, 27.76, 27.72, 27.69, 27.68], [28.42, 28.42, 28.42, 28.42, 28.43, 28.43, 28.45, 28.47, 28.22, 28.29, 28.3, 28.23, 28.11, 28.0, 27.95, 27.87, 27.81, 27.76, 27.73, 27.72], [28.42, 28.43, 28.43, 28.43, 28.43, 28.44, 28.45, 28.13, 28.17, 28.2, 28.2, 28.15, 28.07, 27.99, 27.96, 27.89, 27.84, 27.8, 27.77, 27.75]]}]