gis_exercise/awsData/contour/wdir_2023090520.json
[{"header": {"refTime": "2023-09-05T20:00:00.000Z", "nx": 21, "ny": 33, "lo1": 113.509, "la1": 22.2235, "lo2": 113.5947, "la2": 22.1034, "dx": 0.0042850000000001385, "dy": 0.003753125000000024, "parameterCategory": 2, "parameterCategoryName": "Temperature", "parameterNumber": 2}, "data": [0.44, 0.43, 0.4, 0.33, 0.3, 0.19, 0.15, 0.12, 0.11, 0.15, 0.2, 0.25, 0.04, 0.06, 0.05, 0.04, 0.02, 0.0, -0.01, -0.02, 0.46, 0.44, 0.42, 0.38, 0.31, 0.26, 0.13, 0.06, 0.02, 0.09, 0.19, 0.26, 0.07, 0.08, 0.07, 0.04, 0.01, -0.01, -0.02, -0.03, 0.47, 0.46, 0.44, 0.41, 0.32, 0.28, 0.2, 0.02, -0.16, 0.05, 0.2, 0.29, 0.11, 0.12, 0.08, 0.04, 0.0, -0.02, -0.03, -0.04, 0.49, 0.48, 0.46, 0.44, 0.4, 0.31, 0.25, 0.15, 0.06, 0.13, 0.26, 0.35, 0.19, 0.36, 0.09, 0.03, -0.01, -0.04, -0.05, -0.06, 0.52, 0.51, 0.5, 0.48, 0.45, 0.37, 0.35, 0.32, 0.3, 0.27, 0.35, 0.39, 0.41, 0.36, 0.08, 0.01, -0.05, -0.07, -0.08, -0.07, 0.54, 0.54, 0.53, 0.53, 0.51, 0.5, 0.45, 0.46, 0.48, 0.5, 0.4, 0.36, 0.36, 0.04, 0.04, -0.03, -0.1, -0.12, -0.11, -0.09, 0.89, 0.57, 0.58, 0.58, 0.58, 0.57, 0.82, 0.58, 0.61, 0.58, 0.52, 0.29, -0.11, -0.11, -0.01, -0.07, -0.16, -0.19, -0.21, -0.2, 0.9, 0.9, 0.9, 1.21, 1.19, 0.85, 0.82, 0.79, 0.69, 0.61, 0.67, -0.06, -0.19, -0.24, -0.4, -0.36, -0.31, -0.29, -0.32, -0.34, 0.9, 0.9, 0.9, 0.91, 1.2, 1.18, 1.17, 0.81, 1.01, 0.56, 0.12, -0.16, -0.39, -0.28, -0.42, -0.38, -0.35, -0.33, -0.34, -0.35, 1.31, 1.29, 1.28, 0.92, 0.93, 1.16, 1.23, 1.29, 1.25, 1.2, -0.04, -0.24, -0.44, -0.31, -0.44, -0.4, -0.37, -0.36, -0.36, -0.36, 1.3, 1.29, 1.27, 1.24, 1.19, 1.0, 1.29, 1.53, 1.57, 1.43, 0.71, -0.19, -0.27, -0.25, -0.44, -0.41, -0.39, -0.38, -0.37, -0.37, 1.3, 1.29, 1.27, 1.25, 1.22, 1.21, 1.35, 1.71, 1.89, 1.31, 0.9, 0.33, 0.17, -0.2, -0.44, -0.42, -0.4, -0.24, -0.23, -0.23, 1.3, 1.29, 1.28, 1.26, 1.24, 1.23, 1.25, 1.58, 1.78, 1.65, 1.05, 0.5, 0.33, -0.27, -0.25, -0.23, -0.22, -0.21, -0.21, -0.21, 1.31, 1.3, 1.29, 1.27, 1.25, 1.2, 1.04, 1.36, 1.54, 1.56, 1.07, 0.71, 0.56, 0.48, -0.17, -0.17, -0.16, -0.17, -0.17, -0.18, 1.31, 1.3, 1.3, 1.28, 1.27, 1.24, 1.24, 1.33, 1.42, 1.45, 1.45, 1.17, 0.58, 0.5, 0.45, -0.09, -0.1, -0.12, -0.14, -0.15, 1.32, 1.31, 0.96, 0.96, 0.96, 1.27, 1.28, 1.3, 1.34, 1.36, 1.17, 1.07, 0.94, 0.23, 0.23, 0.01, -0.02, -0.05, 0.03, 0.01, 0.96, 0.96, 0.96, 0.96, 1.28, 1.27, 1.26, 1.25, 1.25, 1.28, 1.08, 0.98, 0.84, 0.67, 0.32, 0.03, -0.06, -0.13, -0.19, -0.22, 0.96, 0.96, 0.96, 0.96, 1.27, 1.24, 1.21, 1.17, 1.15, 0.82, 0.75, 0.93, 0.78, 0.33, 0.3, 0.06, -0.07, -0.15, -0.21, -0.25, 0.96, 0.96, 0.96, 1.27, 1.25, 1.22, 1.18, 1.1, 0.94, 0.85, 0.72, 0.63, 0.4, 0.34, 0.08, -0.01, -0.12, -0.2, -0.25, -0.28, 0.96, 0.96, 0.88, 0.88, 0.88, 0.89, 0.9, 0.92, 0.87, 0.8, 0.72, 0.65, 0.39, 0.34, -0.08, -0.14, -0.2, -0.26, -0.3, -0.32, 0.87, 0.87, 0.87, 0.87, 0.87, 0.88, 0.88, 0.89, 0.79, 0.76, 0.71, 0.66, 0.38, -0.19, -0.21, -0.25, -0.29, -0.33, -0.35, -0.36, 0.86, 0.86, 0.86, 0.86, 0.86, 0.86, 0.86, 0.65, 0.74, 0.72, 0.69, 0.66, 0.27, -0.27, -0.3, -0.33, -0.37, -0.4, -0.41, -0.41, 0.86, 0.85, 0.85, 0.55, 0.56, 0.57, 0.58, 0.59, 0.59, 0.58, 0.56, 0.54, -0.12, -0.33, -0.36, -0.39, -0.4, -0.45, -0.47, -0.46, 0.5, 0.51, 0.51, 0.52, 0.53, 0.53, 0.54, 0.55, 0.56, 0.56, 0.54, 0.23, -0.09, -0.22, -0.33, -0.44, -0.33, -0.57, -0.54, -0.5, 0.49, 0.49, 0.49, 0.49, 0.49, 0.5, 0.5, 0.52, 0.56, 0.6, 0.52, 0.24, 0.15, -0.22, -0.34, -0.45, -0.62, -0.74, -0.59, -0.52, 0.47, 0.47, 0.47, 0.46, 0.46, 0.46, 0.46, 0.48, 0.52, 0.57, 0.33, 0.21, 0.13, -0.2, -0.32, -0.57, -0.63, -0.66, -0.57, -0.52, 0.45, 0.45, 0.44, 0.44, 0.43, 0.42, 0.41, 0.4, 0.4, 0.38, 0.19, 0.13, 0.09, -0.49, -0.52, -0.56, -0.59, -0.61, -0.6, -0.59, 0.44, 0.43, 0.42, 0.41, 0.4, 0.38, 0.36, 0.32, 0.26, 0.06, 0.01, -0.11, -0.15, -0.22, -0.51, -0.54, -0.56, -0.58, -0.58, -0.57, 0.42, 0.41, 0.4, 0.39, 0.37, 0.34, 0.31, 0.25, 0.16, -0.09, -0.23, -0.17, -0.18, -0.22, -0.49, -0.52, -0.54, -0.55, -0.56, -0.56, 0.41, 0.4, 0.39, 0.37, 0.35, 0.32, 0.28, 0.22, -0.11, -0.17, -0.21, -0.19, -0.19, -0.22, -0.48, -0.5, -0.52, -0.54, -0.54, -0.55, 0.4, 0.39, 0.38, 0.36, 0.33, 0.3, 0.26, 0.21, -0.13, -0.16, -0.18, -0.19, -0.2, -0.22, -0.47, -0.49, -0.51, -0.52, -0.53, -0.54, 0.39, 0.38, 0.37, 0.35, 0.33, 0.3, 0.26, -0.11, -0.13, -0.15, -0.17, -0.18, -0.2, -0.22, -0.47, -0.49, -0.5, -0.51, -0.52, -0.53]}, {"header": {"refTime": "2023-09-05T20:00:00.000Z", "nx": 21, "ny": 33, "lo1": 113.509, "la1": 22.2235, "lo2": 113.5947, "la2": 22.1034, "dx": 0.0042850000000001385, "dy": 0.003753125000000024, "parameterCategory": 2, "parameterCategoryName": "Temperature", "parameterNumber": 3}, "data": [-0.99, -0.97, -0.95, -0.93, -0.9, -0.62, -0.59, -0.55, -0.53, -0.49, -0.5, -0.51, -0.66, -0.68, -1.02, -1.11, -1.62, -1.68, -1.72, -1.75, -1.0, -0.98, -0.96, -0.94, -0.91, -0.86, -0.58, -0.52, -0.48, -0.46, -0.49, -0.5, -0.65, -0.67, -1.02, -1.54, -1.64, -1.71, -1.76, -1.79, -1.01, -1.0, -0.98, -0.96, -0.92, -0.88, -0.79, -0.5, -0.37, -0.45, -0.49, -0.49, -0.63, -0.66, -1.4, -1.55, -1.68, -1.77, -1.83, -1.85, -1.03, -1.02, -1.01, -0.99, -0.96, -0.92, -0.85, -0.74, -0.63, -0.49, -0.51, -0.47, -0.57, -0.81, -1.37, -1.59, -1.76, -1.87, -1.91, -1.92, -1.05, -1.04, -1.03, -1.02, -1.01, -0.99, -0.96, -0.92, -0.9, -0.58, -0.56, -0.75, -0.46, -0.75, -1.39, -1.68, -1.9, -2.01, -2.03, -2.01, -1.06, -1.07, -1.07, -1.06, -1.06, -1.06, -1.08, -1.09, -1.1, -1.11, -1.08, -0.91, -0.7, -1.13, -1.5, -1.83, -2.12, -2.24, -2.18, -2.1, -1.55, -1.09, -1.09, -1.1, -1.11, -1.13, -1.4, -1.25, -1.27, -1.48, -1.48, -1.24, -1.49, -1.48, -1.65, -1.98, -2.41, -2.57, -2.43, -2.3, -1.55, -1.55, -1.54, -1.57, -1.56, -1.37, -1.39, -1.44, -1.52, -1.46, -1.36, -1.86, -1.96, -1.76, -2.45, -2.57, -2.72, -2.77, -2.69, -2.64, -1.56, -1.55, -1.53, -1.52, -1.54, -1.54, -1.57, -1.41, -1.57, -1.5, -1.78, -2.01, -2.24, -2.13, -2.45, -2.54, -2.62, -2.66, -2.65, -2.62, -1.73, -1.71, -1.69, -1.51, -1.47, -1.47, -1.55, -1.64, -1.66, -1.62, -1.93, -2.11, -2.31, -2.17, -2.46, -2.51, -2.56, -2.6, -2.6, -2.59, -1.73, -1.72, -1.69, -1.65, -1.56, -1.29, -1.64, -1.83, -1.79, -1.74, -2.06, -2.07, -2.14, -2.12, -2.46, -2.5, -2.53, -2.55, -2.56, -2.56, -1.74, -1.73, -1.71, -1.69, -1.64, -1.62, -1.76, -1.95, -2.02, -2.21, -2.08, -2.26, -2.28, -2.07, -2.46, -2.49, -2.51, -2.66, -2.67, -2.67, -1.75, -1.75, -1.74, -1.74, -1.74, -1.8, -1.89, -1.96, -2.0, -1.94, -2.24, -2.25, -2.26, -2.33, -2.32, -2.62, -2.63, -2.63, -2.64, -2.65, -1.77, -1.77, -1.77, -1.78, -1.81, -1.87, -1.96, -1.93, -1.94, -1.92, -2.22, -2.37, -2.39, -2.4, -2.33, -2.59, -2.6, -2.61, -2.62, -2.62, -1.78, -1.78, -1.79, -1.8, -1.83, -1.87, -1.9, -2.0, -2.0, -1.99, -1.98, -2.12, -2.38, -2.39, -2.39, -2.55, -2.57, -2.58, -2.59, -2.61, -1.79, -1.79, -1.69, -1.7, -1.73, -1.97, -1.97, -1.96, -1.96, -1.96, -2.08, -2.12, -2.16, -2.29, -2.31, -2.41, -2.41, -2.41, -2.49, -2.5, -1.68, -1.69, -1.7, -1.71, -1.95, -1.95, -1.93, -1.92, -1.91, -1.92, -2.06, -2.11, -2.18, -2.24, -2.3, -2.2, -2.14, -2.09, -2.05, -2.02, -1.68, -1.69, -1.7, -1.71, -1.94, -1.92, -1.9, -1.87, -1.85, -1.93, -1.99, -2.1, -2.18, -2.29, -2.37, -2.22, -2.13, -2.08, -2.04, -2.01, -1.69, -1.69, -1.7, -1.93, -1.92, -1.9, -1.87, -1.82, -1.79, -1.89, -1.69, -1.76, -2.19, -2.26, -2.24, -2.17, -2.1, -2.05, -2.01, -1.99, -1.69, -1.7, -1.47, -1.48, -1.49, -1.51, -1.54, -1.59, -1.66, -1.63, -1.63, -1.68, -2.17, -2.22, -2.13, -2.09, -2.04, -2.0, -1.98, -1.96, -1.43, -1.43, -1.43, -1.43, -1.43, -1.44, -1.45, -1.47, -1.54, -1.53, -1.54, -1.59, -2.16, -2.05, -2.04, -2.02, -1.99, -1.96, -1.94, -1.93, -1.4, -1.4, -1.39, -1.38, -1.37, -1.36, -1.35, -1.04, -1.39, -1.39, -1.41, -1.47, -1.72, -2.0, -1.98, -1.97, -1.95, -1.92, -1.9, -1.89, -1.37, -1.36, -1.35, -0.9, -0.91, -0.91, -0.9, -0.88, -0.85, -0.82, -0.8, -1.31, -1.28, -1.96, -1.94, -1.94, -1.95, -1.89, -1.85, -1.85, -0.86, -0.86, -0.86, -0.85, -0.84, -0.83, -0.8, -0.75, -0.69, -0.66, -0.68, -0.86, -1.25, -1.4, -1.55, -1.9, -2.07, -1.77, -1.78, -1.82, -0.83, -0.83, -0.82, -0.81, -0.79, -0.77, -0.73, -0.67, -0.58, -0.51, -0.59, -0.79, -0.95, -1.38, -1.51, -1.61, -1.7, -1.56, -1.73, -1.79, -0.81, -0.8, -0.79, -0.77, -0.75, -0.72, -0.68, -0.62, -0.55, -0.5, -0.62, -0.75, -0.89, -1.34, -1.46, -1.51, -1.52, -1.51, -1.74, -1.79, -0.79, -0.78, -0.76, -0.74, -0.72, -0.69, -0.64, -0.6, -0.55, -0.53, -0.61, -0.7, -0.83, -1.23, -1.34, -1.42, -1.46, -1.48, -1.48, -1.47, -0.77, -0.76, -0.74, -0.72, -0.69, -0.66, -0.62, -0.58, -0.53, -0.54, -0.54, -0.47, -0.53, -0.6, -1.26, -1.35, -1.4, -1.43, -1.44, -1.44, -0.76, -0.74, -0.73, -0.7, -0.68, -0.64, -0.61, -0.56, -0.5, -0.47, -0.34, -0.43, -0.5, -0.57, -1.19, -1.28, -1.34, -1.37, -1.39, -1.4, -0.75, -0.73, -0.71, -0.69, -0.67, -0.63, -0.6, -0.55, -0.44, -0.39, -0.37, -0.43, -0.5, -0.56, -1.14, -1.23, -1.29, -1.33, -1.35, -1.37, -0.74, -0.72, -0.7, -0.68, -0.66, -0.63, -0.6, -0.56, -0.45, -0.43, -0.43, -0.46, -0.51, -0.55, -1.11, -1.19, -1.25, -1.29, -1.32, -1.34, -0.73, -0.72, -0.7, -0.68, -0.66, -0.63, -0.6, -0.49, -0.47, -0.47, -0.47, -0.49, -0.52, -0.56, -1.1, -1.17, -1.22, -1.26, -1.29, -1.31]}, {"header": {"refTime": "2023-09-05T20:00:00.000Z", "nx": 21, "ny": 33, "lo1": 113.509, "la1": 22.2235, "lo2": 113.5947, "la2": 22.1034, "dx": 0.0042850000000001385, "dy": 0.003753125000000024, "parameterCategory": 0, "parameterCategoryName": "Temperature", "parameterNumber": 0}, "data": [[31.2, 31.19, 31.18, 30.96, 30.96, 31.09, 31.08, 31.07, 31.06, 31.01, 31.03, 31.06, 31.17, 31.19, 31.31, 31.32, 31.42, 31.42, 31.43, 31.43], [31.21, 31.2, 31.19, 31.17, 30.96, 30.96, 31.07, 31.04, 31.02, 30.99, 31.03, 31.07, 31.19, 31.2, 31.32, 31.41, 31.42, 31.43, 31.43, 31.43], [31.22, 31.21, 31.2, 31.18, 30.97, 30.96, 30.95, 31.01, 30.93, 30.98, 31.04, 31.1, 31.22, 31.23, 31.41, 31.42, 31.43, 31.44, 31.44, 31.44], [31.23, 31.22, 31.21, 31.2, 31.18, 30.97, 30.96, 30.94, 30.93, 31.0, 31.06, 31.14, 31.27, 31.24, 31.41, 31.42, 31.44, 31.45, 31.45, 31.45], [31.24, 31.24, 31.23, 31.22, 31.2, 30.98, 30.98, 30.97, 30.96, 31.01, 31.08, 31.24, 31.33, 31.26, 31.41, 31.43, 31.45, 31.47, 31.47, 31.46], [31.26, 31.26, 31.25, 31.24, 31.23, 31.21, 31.0, 31.0, 30.99, 30.96, 31.12, 31.2, 31.27, 31.33, 31.4, 31.44, 31.48, 31.5, 31.49, 31.47], [31.42, 31.27, 31.28, 31.27, 31.27, 31.25, 31.2, 31.05, 31.04, 31.02, 30.98, 31.12, 31.29, 31.3, 31.4, 31.45, 31.52, 31.55, 31.56, 31.55], [31.43, 31.43, 31.43, 31.43, 31.42, 31.26, 31.22, 31.19, 31.15, 31.0, 30.88, 31.08, 31.08, 31.3, 31.45, 31.41, 31.5, 31.53, 31.48, 31.44], [31.37, 31.38, 31.45, 31.45, 31.46, 31.44, 31.39, 31.21, 31.07, 31.03, 30.95, 31.01, 31.04, 31.0, 31.44, 31.39, 31.44, 31.46, 31.45, 31.43], [31.6, 31.6, 31.6, 31.41, 31.44, 31.51, 31.46, 31.39, 30.97, 30.99, 31.04, 30.98, 31.0, 30.99, 31.44, 31.37, 31.41, 31.42, 31.42, 31.42], [31.6, 31.6, 31.6, 31.6, 31.6, 31.6, 31.6, 31.6, 31.46, 31.06, 30.8, 30.95, 30.97, 30.97, 31.44, 31.36, 31.39, 31.4, 31.4, 31.4], [31.6, 31.6, 31.6, 31.6, 31.6, 31.6, 31.6, 31.6, 31.6, -999.0, 30.8, 31.2, 31.2, 30.96, 31.45, 31.35, 31.36, 30.01, 30.05, 30.06], [31.6, 31.6, 31.6, 31.6, 31.6, 31.6, 31.6, 31.6, 31.6, 31.6, -999.0, 31.2, 31.2, 29.63, 30.32, 30.58, 30.6, 30.26, 30.31, 30.34], [31.6, 31.6, 31.6, 31.6, 31.6, 31.6, 31.6, 31.6, 31.6, 31.6, -999.0, 28.8, 28.8, 28.8, 30.12, 30.35, 30.39, 30.04, 30.12, 30.17], [31.6, 31.6, 31.6, 31.6, 31.6, 31.6, 31.6, 31.2, 31.2, 31.2, 31.2, 30.28, 28.8, 28.8, 28.8, 30.08, 30.17, 29.84, 29.94, 30.03], [31.6, 31.6, 31.35, 31.34, 31.34, 31.2, 31.2, 31.2, 31.2, 31.2, 29.69, 29.86, 29.63, 29.43, 29.66, 29.46, 29.56, 29.38, 30.02, 30.1], [31.34, 31.34, 31.46, 31.45, 31.2, 31.2, 31.2, 31.2, 31.2, 31.2, 30.17, 29.87, 29.56, 29.27, 29.29, 29.04, 29.12, 29.18, 29.23, 29.26], [31.46, 31.45, 31.45, 31.43, 31.2, 31.2, 31.2, 31.2, 31.2, 30.59, 30.27, 29.91, 29.53, 29.31, 28.87, 29.01, 29.13, 29.21, 29.25, 29.28], [31.45, 31.44, 31.43, 31.2, 31.2, 31.2, 31.2, 31.2, 30.98, 30.73, 30.51, 30.21, 29.78, 29.47, 29.0, 29.09, 29.19, 29.25, 29.29, 29.31], [31.44, 31.44, 31.2, 31.2, 31.2, 31.2, 31.2, 31.2, 30.97, 30.79, 30.55, 30.3, 29.92, 29.73, 29.16, 29.22, 29.28, 29.32, 29.34, 29.34], [31.2, 31.2, 31.2, 31.2, 31.2, 31.2, 31.2, 31.2, 30.83, 30.73, 30.58, 30.39, 30.04, 29.26, 29.3, 29.35, 29.39, 29.41, 29.4, 29.38], [31.2, 31.2, 31.2, 31.2, 31.2, 31.2, 31.2, 31.25, 30.78, 30.72, 30.62, 30.48, 30.16, 29.35, 29.4, 29.47, 29.53, 29.5, 29.45, 29.4], [31.2, 31.2, 31.2, 31.28, 31.27, 31.27, 31.26, 31.26, 31.26, 31.26, 31.26, 31.04, 30.2, 29.4, 29.47, 29.59, 29.72, 29.6, 29.46, 29.41], [31.29, 31.29, 31.28, 31.28, 31.28, 31.27, 31.27, 31.26, 31.25, 31.25, 31.26, 31.13, 30.23, 30.06, 29.94, 29.62, 30.1, 29.48, 29.4, 29.39], [31.29, 31.29, 31.29, 31.29, 31.28, 31.28, 31.28, 31.27, 31.25, 31.23, 31.26, 31.15, 31.1, 30.07, 29.91, 29.77, 29.35, 29.09, 29.31, 29.36], [31.29, 31.29, 31.29, 31.29, 31.29, 31.29, 31.29, 31.28, 31.26, 31.24, 31.2, 31.18, 31.14, 30.07, 29.91, 29.8, 29.62, 29.53, 29.31, 29.35], [31.3, 31.3, 31.3, 31.3, 31.3, 31.3, 31.3, 31.3, 31.3, 31.3, 31.24, 31.22, 31.18, 30.24, 30.06, 29.9, 29.77, 29.71, 29.73, 29.77], [31.3, 31.3, 31.3, 31.31, 31.31, 31.31, 31.32, 31.33, 31.34, 31.31, 31.32, 30.97, 30.76, 30.53, 30.17, 30.02, 29.91, 29.85, 29.83, 29.84], [31.31, 31.31, 31.31, 31.31, 31.32, 31.32, 31.33, 31.35, 31.37, 31.38, 31.36, 31.09, 30.84, 30.62, 30.26, 30.12, 30.01, 29.95, 29.92, 29.91], [31.31, 31.31, 31.31, 31.32, 31.32, 31.33, 31.34, 31.36, 31.06, 31.19, 31.27, 31.08, 30.86, 30.66, 30.33, 30.2, 30.1, 30.03, 29.99, 29.98], [31.31, 31.31, 31.32, 31.32, 31.33, 31.33, 31.35, 31.36, 31.01, 31.07, 31.08, 30.98, 30.83, 30.68, 30.37, 30.25, 30.16, 30.1, 30.06, 30.03], [31.31, 31.32, 31.32, 31.32, 31.33, 31.34, 31.35, 30.9, 30.94, 30.96, 30.95, 30.89, 30.79, 30.67, 30.39, 30.29, 30.21, 30.15, 30.1, 30.08]]}]