gis_exercise/awsData/contour/wdir_2023083106.json
[{"header": {"refTime": "2023-08-31T06:00:00.000Z", "nx": 21, "ny": 33, "lo1": 113.509, "la1": 22.2235, "lo2": 113.5947, "la2": 22.1034, "dx": 0.0042850000000001385, "dy": 0.003753125000000024, "parameterCategory": 2, "parameterCategoryName": "Temperature", "parameterNumber": 2}, "data": [0.17, 0.17, 0.18, 0.63, 0.61, 0.48, 0.45, 0.42, 0.42, 0.53, 0.6, 0.66, 0.6, 0.63, 0.43, 0.41, 0.61, 0.59, 0.57, 0.56, 0.16, 0.17, 0.18, 0.18, 0.61, 0.57, 0.43, 0.37, 0.33, 0.47, 0.59, 0.67, 0.63, 0.66, 0.45, 0.63, 0.59, 0.57, 0.55, 0.55, 0.16, 0.17, 0.17, 0.18, 0.62, 0.58, 0.51, 0.32, 0.15, 0.42, 0.6, 0.71, 0.67, 0.7, 0.67, 0.62, 0.58, 0.55, 0.53, 0.52, 0.15, 0.16, 0.17, 0.18, 0.2, 0.61, 0.56, 0.46, 0.37, 0.51, 0.67, 0.77, 0.74, 0.98, 0.67, 0.6, 0.55, 0.51, 0.5, 0.5, 0.14, 0.15, 0.16, 0.18, 0.2, 0.67, 0.64, 0.61, 0.61, 0.68, 0.77, 0.98, 0.93, 0.96, 0.67, 0.57, 0.5, 0.45, 0.45, 0.46, 0.13, 0.14, 0.15, 0.17, 0.2, 0.24, 0.73, 0.74, 0.77, 0.83, 1.05, 1.0, 0.96, 0.75, 0.65, 0.53, 0.41, 0.36, 0.39, 0.43, -0.25, 0.12, 0.12, 0.14, 0.17, 0.23, 0.64, 0.82, 0.87, 1.07, 1.11, 1.02, 0.73, 0.7, 0.62, 0.48, 0.29, 0.22, 0.23, 0.26, -0.28, -0.27, -0.25, 0.06, 0.08, 0.45, 0.58, 0.75, 0.91, 1.09, 1.22, 0.85, 0.78, 0.63, 0.38, 0.3, 0.2, 0.17, 0.22, 0.26, -0.3, -0.3, -0.29, -0.28, -0.01, 0.03, 0.16, 0.64, 0.82, 1.05, 0.89, 0.71, 0.5, 0.6, 0.37, 0.32, 0.26, 0.24, 0.25, 0.27, -0.58, -0.58, -0.57, -0.35, -0.35, -0.15, -0.02, 0.14, 0.68, 0.75, 0.77, 0.61, 0.43, 0.56, 0.36, 0.33, 0.3, 0.28, 0.28, 0.29, -0.59, -0.58, -0.58, -0.57, -0.54, -0.48, -0.51, -0.45, 0.08, 0.58, 0.44, 0.65, 0.59, 0.61, 0.36, 0.34, 0.32, 0.31, 0.3, 0.3, -0.59, -0.6, -0.6, -0.6, -0.59, -0.58, -0.56, -0.38, -0.26, -0.27, 0.37, 0.3, 0.32, 0.65, 0.36, 0.35, 0.34, 0.14, 0.14, 0.14, -0.6, -0.61, -0.62, -0.63, -0.65, -0.72, -0.77, -0.51, -0.35, -0.43, -0.29, 0.28, 0.31, 0.39, 0.39, 0.16, 0.15, 0.15, 0.15, 0.15, -0.61, -0.62, -0.63, -0.66, -0.7, -0.81, -1.05, -0.71, -0.54, -0.5, -0.34, 0.1, 0.11, 0.12, 0.37, 0.16, 0.16, 0.16, 0.15, 0.15, -0.62, -0.63, -0.64, -0.66, -0.7, -0.76, -0.8, -0.51, -0.36, -0.28, -0.23, 0.22, 0.12, 0.13, 0.14, 0.17, 0.17, 0.16, 0.16, 0.16, -0.62, -0.63, -0.47, -0.49, -0.52, -0.43, -0.41, -0.34, -0.25, -0.2, 0.25, 0.25, 0.24, 0.27, 0.26, 0.45, 0.49, 0.54, 0.55, 0.57, -0.42, -0.42, -0.42, -0.42, -0.3, -0.28, -0.22, -0.14, -0.08, -0.07, 0.29, 0.27, 0.25, 0.23, 0.4, 0.13, 0.1, 0.07, 0.05, 0.03, -0.39, -0.39, -0.37, -0.35, -0.21, -0.15, -0.05, 0.08, 0.16, 0.14, 0.08, 0.29, 0.26, 0.4, 0.24, 0.14, 0.1, 0.07, 0.04, 0.02, -0.36, -0.35, -0.33, -0.19, -0.14, -0.06, 0.07, 0.27, 0.46, 0.25, 0.31, 0.26, 0.55, 0.47, 0.15, 0.12, 0.09, 0.06, 0.03, 0.01, -0.34, -0.32, -0.23, -0.19, -0.14, -0.06, 0.06, 0.22, 0.44, 0.36, 0.29, 0.25, 0.62, 0.6, 0.11, 0.1, 0.08, 0.05, 0.02, -0.0, -0.24, -0.23, -0.2, -0.17, -0.12, -0.06, 0.02, 0.09, 0.32, 0.29, 0.25, 0.22, 0.69, 0.08, 0.09, 0.09, 0.08, 0.05, 0.01, -0.02, -0.23, -0.21, -0.19, -0.16, -0.12, -0.08, -0.04, -0.04, 0.22, 0.2, 0.18, 0.18, 0.5, 0.06, 0.08, 0.12, 0.13, 0.07, -0.01, -0.06, -0.22, -0.2, -0.18, -0.2, -0.19, -0.17, -0.16, -0.16, -0.17, -0.19, -0.22, 0.48, -0.12, 0.04, 0.08, 0.17, 0.3, 0.11, -0.07, -0.11, -0.26, -0.26, -0.25, -0.25, -0.24, -0.24, -0.24, -0.25, -0.25, -0.26, -0.29, -0.06, -0.13, -0.1, -0.04, 0.14, 0.8, -0.18, -0.24, -0.19, -0.29, -0.29, -0.29, -0.29, -0.3, -0.3, -0.31, -0.31, -0.29, -0.27, -0.33, -0.14, 0.01, -0.13, -0.11, -0.12, -0.4, -0.84, -0.39, -0.25, -0.32, -0.32, -0.33, -0.34, -0.35, -0.36, -0.37, -0.38, -0.35, -0.31, -0.28, -0.23, -0.1, -0.16, -0.17, -0.4, -0.51, -0.6, -0.36, -0.27, -0.34, -0.35, -0.36, -0.38, -0.4, -0.42, -0.44, -0.46, -0.48, -0.52, -0.43, -0.37, -0.23, -0.58, -0.51, -0.48, -0.5, -0.53, -0.51, -0.49, -0.37, -0.38, -0.39, -0.41, -0.44, -0.47, -0.51, -0.56, -0.64, -0.65, -0.71, -1.08, -1.11, -1.17, -0.58, -0.54, -0.52, -0.52, -0.51, -0.5, -0.39, -0.4, -0.42, -0.44, -0.47, -0.51, -0.57, -0.64, -0.77, -0.9, -1.26, -1.17, -1.15, -1.17, -0.64, -0.58, -0.55, -0.53, -0.52, -0.51, -0.4, -0.42, -0.44, -0.47, -0.5, -0.55, -0.6, -0.69, -1.1, -1.18, -1.23, -1.19, -1.17, -1.18, -0.68, -0.62, -0.58, -0.55, -0.54, -0.52, -0.42, -0.44, -0.46, -0.49, -0.52, -0.56, -0.62, -0.69, -1.11, -1.15, -1.17, -1.17, -1.17, -1.18, -0.7, -0.64, -0.6, -0.57, -0.55, -0.54, -0.43, -0.45, -0.47, -0.5, -0.53, -0.57, -0.62, -1.08, -1.11, -1.13, -1.15, -1.16, -1.16, -1.18, -0.7, -0.65, -0.62, -0.59, -0.57, -0.55]}, {"header": {"refTime": "2023-08-31T06:00:00.000Z", "nx": 21, "ny": 33, "lo1": 113.509, "la1": 22.2235, "lo2": 113.5947, "la2": 22.1034, "dx": 0.0042850000000001385, "dy": 0.003753125000000024, "parameterCategory": 2, "parameterCategoryName": "Temperature", "parameterNumber": 3}, "data": [-1.57, -1.55, -1.52, -1.44, -1.4, -0.63, -0.62, -0.61, -0.58, -0.64, -0.57, -0.51, -0.61, -0.6, -1.25, -1.43, -2.16, -2.29, -2.39, -2.46, -1.59, -1.57, -1.53, -1.49, -1.41, -1.36, -0.65, -0.66, -0.65, -0.66, -0.56, -0.45, -0.53, -0.53, -1.21, -2.0, -2.21, -2.37, -2.48, -2.55, -1.61, -1.59, -1.56, -1.52, -1.42, -1.37, -1.28, -0.7, -0.76, -0.68, -0.53, -0.36, -0.4, -0.43, -1.69, -2.02, -2.3, -2.5, -2.61, -2.67, -1.64, -1.62, -1.59, -1.56, -1.51, -1.41, -1.34, -1.23, -1.12, -0.68, -0.49, -0.19, -0.14, -0.56, -1.63, -2.11, -2.47, -2.7, -2.8, -2.82, -1.67, -1.66, -1.64, -1.61, -1.57, -1.47, -1.45, -1.41, -1.41, -0.73, -0.51, -0.42, 0.33, -0.41, -1.67, -2.3, -2.77, -3.02, -3.06, -3.01, -1.7, -1.7, -1.69, -1.67, -1.65, -1.61, -1.55, -1.56, -1.6, -1.67, -1.32, -0.84, -0.29, -1.19, -1.91, -2.62, -3.25, -3.51, -3.39, -3.2, -2.69, -1.74, -1.75, -1.74, -1.73, -1.7, -2.03, -1.66, -1.71, -2.18, -2.3, -1.65, -2.01, -1.99, -2.25, -2.96, -3.88, -4.22, -3.96, -3.69, -2.71, -2.69, -2.66, -2.27, -2.25, -2.11, -2.04, -1.9, -1.82, -2.17, -2.28, -3.04, -3.19, -2.64, -4.13, -4.35, -4.6, -4.69, -4.56, -4.46, -2.74, -2.72, -2.69, -2.66, -2.3, -2.27, -2.2, -2.0, -2.01, -2.18, -3.04, -3.4, -3.88, -3.65, -4.16, -4.3, -4.44, -4.51, -4.48, -4.43, -3.04, -3.02, -2.99, -2.7, -2.65, -2.36, -2.31, -2.26, -2.18, -2.19, -3.3, -3.65, -4.06, -3.75, -4.19, -4.26, -4.35, -4.4, -4.4, -4.38, -3.05, -3.04, -3.01, -2.95, -2.83, -2.48, -2.85, -2.95, -2.39, -2.3, -3.31, -3.57, -3.7, -3.65, -4.2, -4.24, -4.29, -4.33, -4.34, -4.34, -3.07, -3.06, -3.05, -3.02, -2.97, -2.93, -3.04, -2.96, -2.88, -3.45, -3.24, -3.57, -3.66, -3.56, -4.19, -4.22, -4.26, -4.59, -4.59, -4.59, -3.1, -3.1, -3.1, -3.12, -3.16, -3.3, -3.46, -3.16, -2.98, -3.03, -3.65, -3.47, -3.56, -3.95, -3.94, -4.52, -4.53, -4.54, -4.54, -4.55, -3.12, -3.13, -3.15, -3.19, -3.28, -3.49, -3.91, -3.41, -3.18, -3.12, -3.66, -3.73, -3.83, -3.88, -3.93, -4.46, -4.47, -4.48, -4.5, -4.51, -3.14, -3.15, -3.18, -3.23, -3.31, -3.43, -3.5, -3.42, -3.26, -3.18, -3.14, -3.15, -3.81, -3.87, -3.9, -4.38, -4.4, -4.43, -4.45, -4.47, -3.15, -3.17, -3.18, -3.22, -3.27, -3.37, -3.35, -3.28, -3.2, -3.14, -3.08, -3.19, -3.33, -3.85, -3.89, -4.55, -4.64, -4.73, -4.86, -4.92, -3.13, -3.14, -3.16, -3.18, -3.26, -3.24, -3.2, -3.13, -3.08, -3.06, -3.09, -3.23, -3.4, -3.59, -4.09, -4.61, -4.83, -5.0, -5.12, -5.2, -3.12, -3.13, -3.13, -3.14, -3.19, -3.14, -3.07, -2.97, -2.92, -3.21, -3.37, -3.24, -3.44, -4.06, -4.01, -4.54, -4.85, -5.05, -5.17, -5.26, -3.11, -3.11, -3.11, -3.16, -3.13, -3.08, -2.99, -2.84, -2.78, -3.08, -3.32, -3.5, -4.04, -4.12, -4.5, -4.72, -4.98, -5.16, -5.27, -5.33, -3.1, -3.09, -3.55, -3.52, -3.46, -3.38, -3.25, -3.06, -2.94, -3.14, -3.35, -3.51, -4.11, -4.23, -4.9, -5.03, -5.19, -5.32, -5.39, -5.42, -3.6, -3.58, -3.56, -3.53, -3.48, -3.42, -3.34, -3.25, -3.22, -3.31, -3.44, -3.54, -4.21, -5.15, -5.21, -5.32, -5.43, -5.5, -5.52, -5.53, -3.6, -3.59, -3.57, -3.55, -3.52, -3.49, -3.46, -2.79, -3.43, -3.49, -3.55, -3.6, -4.8, -5.35, -5.45, -5.57, -5.66, -5.69, -5.66, -5.62, -3.61, -3.6, -3.59, -2.65, -2.69, -2.74, -2.81, -2.89, -2.96, -2.99, -2.93, -4.29, -5.38, -5.5, -5.61, -5.76, -5.89, -5.86, -5.77, -5.7, -2.56, -2.58, -2.6, -2.64, -2.68, -2.75, -2.85, -2.99, -3.17, -3.24, -3.09, -3.77, -5.33, -5.54, -5.73, -5.86, -6.13, -5.94, -5.82, -5.74, -2.54, -2.56, -2.58, -2.61, -2.66, -2.73, -2.85, -3.05, -3.41, -3.73, -3.23, -3.64, -3.76, -5.51, -5.7, -5.85, -5.9, -5.86, -5.82, -5.75, -2.51, -2.53, -2.55, -2.57, -2.61, -2.67, -2.77, -2.95, -3.31, -3.61, -3.51, -3.4, -3.52, -5.47, -5.64, -5.19, -5.43, -5.48, -5.79, -5.74, -2.49, -2.5, -2.51, -2.52, -2.54, -2.57, -2.62, -2.69, -2.78, -2.74, -2.97, -2.98, -3.2, -4.04, -4.52, -4.88, -5.11, -5.21, -5.2, -5.14, -2.46, -2.46, -2.46, -2.46, -2.46, -2.45, -2.43, -2.38, -2.24, -2.33, -2.13, -2.34, -2.73, -3.11, -4.2, -4.57, -4.82, -4.95, -4.99, -4.98, -2.43, -2.43, -2.42, -2.4, -2.38, -2.34, -2.27, -2.13, -1.85, -1.6, -0.96, -1.84, -2.45, -2.9, -3.93, -4.3, -4.56, -4.71, -4.79, -4.82, -2.41, -2.39, -2.38, -2.35, -2.31, -2.25, -2.15, -1.99, -2.09, -1.56, -1.24, -1.81, -2.36, -2.78, -3.74, -4.09, -4.35, -4.51, -4.62, -4.67, -2.38, -2.36, -2.34, -2.31, -2.26, -2.19, -2.09, -1.95, -2.18, -1.93, -1.84, -2.07, -2.42, -2.75, -3.63, -3.94, -4.18, -4.35, -4.47, -4.54, -2.36, -2.34, -2.31, -2.28, -2.23, -2.16, -2.08, -2.49, -2.34, -2.21, -2.2, -2.32, -2.54, -2.78, -3.58, -3.85, -4.07, -4.23, -4.35, -4.43]}, {"header": {"refTime": "2023-08-31T06:00:00.000Z", "nx": 21, "ny": 33, "lo1": 113.509, "la1": 22.2235, "lo2": 113.5947, "la2": 22.1034, "dx": 0.0042850000000001385, "dy": 0.003753125000000024, "parameterCategory": 0, "parameterCategoryName": "Temperature", "parameterNumber": 0}, "data": [[26.96, 26.95, 26.95, 26.77, 26.77, 27.01, 27.01, 27.01, 27.01, 26.97, 27.0, 27.02, 27.21, 27.23, 27.18, 27.17, 27.24, 27.23, 27.22, 27.22], [26.96, 26.96, 26.95, 26.95, 26.77, 26.78, 27.0, 26.98, 26.98, 26.96, 27.0, 27.04, 27.23, 27.25, 27.19, 27.26, 27.24, 27.22, 27.21, 27.21], [26.96, 26.96, 26.95, 26.95, 26.77, 26.78, 26.8, 26.97, 26.92, 26.95, 27.01, 27.07, 27.27, 27.28, 27.28, 27.25, 27.23, 27.21, 27.2, 27.2], [26.97, 26.96, 26.96, 26.95, 26.94, 26.78, 26.79, 26.81, 26.83, 26.96, 27.03, 27.13, 27.33, 27.23, 27.29, 27.25, 27.21, 27.19, 27.19, 27.18], [26.97, 26.97, 26.97, 26.96, 26.95, 26.76, 26.77, 26.78, 26.77, 26.95, 27.03, 27.25, 27.39, 27.27, 27.28, 27.23, 27.19, 27.17, 27.16, 27.17], [26.98, 26.98, 26.97, 26.97, 26.96, 26.94, 26.76, 26.75, 26.74, 26.71, 27.03, 27.17, 27.29, 27.4, 27.26, 27.2, 27.15, 27.12, 27.13, 27.15], [27.02, 26.99, 26.99, 26.98, 26.97, 26.95, 26.82, 26.75, 26.73, 26.74, 26.74, 27.05, 27.33, 27.35, 27.24, 27.17, 27.09, 27.06, 27.09, 27.12], [27.03, 27.03, 27.03, 27.03, 27.02, 26.88, 26.85, 26.8, 26.79, 26.71, 26.61, 26.98, 26.99, 27.35, 27.07, 27.1, 27.05, 27.04, 27.06, 27.08], [26.97, 26.98, 27.05, 27.05, 27.06, 27.04, 26.99, 26.83, 26.7, 26.76, 26.77, 26.87, 26.92, 26.86, 27.08, 27.1, 27.08, 27.07, 27.07, 27.08], [27.2, 27.2, 27.2, 27.01, 27.04, 27.11, 27.06, 26.99, 26.63, 26.65, 26.93, 26.81, 26.85, 26.83, 27.08, 27.11, 27.1, 27.09, 27.09, 27.09], [27.2, 27.2, 27.2, 27.2, 27.2, 27.2, 27.2, 27.2, 27.06, 26.7, 26.5, 26.77, 26.8, 26.8, 27.08, 27.12, 27.11, 27.1, 27.1, 27.1], [27.2, 27.2, 27.2, 27.2, 27.2, 27.2, 27.2, 27.2, 27.2, -999.0, 26.5, 27.2, 27.2, 26.78, 27.08, 27.13, 27.12, 26.03, 26.06, 26.06], [27.2, 27.2, 27.2, 27.2, 27.2, 27.2, 27.2, 27.2, 27.2, 27.2, -999.0, 27.2, 27.2, 25.96, 26.51, 26.38, 26.39, 26.18, 26.21, 26.23], [27.2, 27.2, 27.2, 27.2, 27.2, 27.2, 27.2, 27.2, 27.2, 27.2, -999.0, 25.3, 25.3, 25.3, 26.34, 26.24, 26.27, 26.05, 26.1, 26.13], [27.2, 27.2, 27.2, 27.2, 27.2, 27.2, 27.2, 27.2, 27.2, 27.2, 27.2, 26.47, 25.3, 25.3, 25.3, 26.08, 26.13, 25.93, 25.99, 26.04], [27.2, 27.2, 27.2, 27.2, 27.2, 27.2, 27.2, 27.2, 27.2, 27.2, 26.0, 26.14, 25.96, 25.8, 25.98, 25.92, 26.02, 25.85, 26.2, 26.27], [27.2, 27.2, 27.2, 27.2, 27.2, 27.2, 27.2, 27.2, 27.2, 27.2, 26.38, 26.15, 25.9, 25.67, 25.72, 25.7, 25.85, 25.96, 26.04, 26.1], [27.2, 27.2, 27.2, 27.2, 27.2, 27.2, 27.2, 27.2, 27.2, 26.72, 26.46, 26.18, 25.88, 25.73, 25.36, 25.66, 25.86, 25.99, 26.08, 26.13], [27.2, 27.2, 27.2, 27.2, 27.2, 27.2, 27.2, 27.2, 27.03, 26.83, 26.65, 26.42, 26.13, 25.87, 25.63, 25.78, 25.95, 26.07, 26.14, 26.18], [27.2, 27.2, 27.2, 27.2, 27.2, 27.2, 27.2, 27.2, 27.02, 26.87, 26.69, 26.49, 26.25, 26.1, 25.9, 25.99, 26.09, 26.17, 26.22, 26.24], [27.2, 27.2, 27.2, 27.2, 27.2, 27.2, 27.2, 27.2, 26.9, 26.83, 26.71, 26.56, 26.36, 26.07, 26.11, 26.18, 26.26, 26.3, 26.31, 26.31], [27.2, 27.2, 27.2, 27.2, 27.2, 27.2, 27.2, 27.23, 26.87, 26.82, 26.74, 26.63, 26.46, 26.2, 26.27, 26.35, 26.42, 26.43, 26.4, 26.37], [27.2, 27.2, 27.2, 27.25, 27.25, 27.25, 27.24, 27.24, 27.24, 27.24, 27.24, 27.15, 26.87, 26.3, 26.38, 26.49, 26.59, 26.55, 26.47, 26.41], [27.26, 27.26, 27.26, 27.25, 27.25, 27.25, 27.25, 27.24, 27.24, 27.23, 27.24, 27.2, 26.88, 26.82, 26.78, 26.55, 26.8, 26.57, 26.48, 26.44], [27.26, 27.26, 27.26, 27.26, 27.26, 27.25, 27.25, 27.24, 27.23, 27.22, 27.24, 27.21, 27.2, 26.82, 26.77, 26.72, 26.52, 26.45, 26.46, 26.44], [27.26, 27.26, 27.26, 27.26, 27.26, 27.26, 27.26, 27.25, 27.24, 27.23, 27.23, 27.23, 27.21, 26.82, 26.77, 26.75, 26.68, 26.65, 26.45, 26.43], [27.27, 27.27, 27.27, 27.27, 27.27, 27.27, 27.27, 27.27, 27.26, 27.27, 27.25, 27.25, 27.23, 26.92, 26.85, 26.79, 26.74, 26.72, 26.72, 26.74], [27.27, 27.27, 27.27, 27.27, 27.27, 27.27, 27.28, 27.28, 27.29, 27.29, 27.3, 27.18, 27.1, 27.02, 26.89, 26.83, 26.79, 26.77, 26.76, 26.77], [27.27, 27.27, 27.27, 27.27, 27.28, 27.28, 27.29, 27.3, 27.32, 27.33, 27.34, 27.23, 27.14, 27.05, 26.92, 26.87, 26.83, 26.81, 26.8, 26.79], [27.27, 27.27, 27.28, 27.28, 27.28, 27.29, 27.29, 27.3, 27.22, 27.27, 27.3, 27.23, 27.14, 27.07, 26.95, 26.9, 26.86, 26.84, 26.82, 26.82], [27.27, 27.28, 27.28, 27.28, 27.28, 27.29, 27.3, 27.31, 27.2, 27.22, 27.23, 27.19, 27.13, 27.07, 26.97, 26.92, 26.89, 26.86, 26.85, 26.84], [27.28, 27.28, 27.28, 27.28, 27.29, 27.29, 27.3, 27.15, 27.17, 27.18, 27.18, 27.15, 27.11, 27.07, 26.97, 26.94, 26.9, 26.88, 26.87, 26.85]]}]