gis_exercise/awsData/contour/wdir_2023090105.json
[{"header": {"refTime": "2023-09-01T05:00:00.000Z", "nx": 21, "ny": 33, "lo1": 113.509, "la1": 22.2235, "lo2": 113.5947, "la2": 22.1034, "dx": 0.0042850000000001385, "dy": 0.003753125000000024, "parameterCategory": 2, "parameterCategoryName": "Temperature", "parameterNumber": 2}, "data": [0.85, 0.84, 0.81, 1.16, 1.11, 0.75, 0.71, 0.66, 0.65, 0.93, 1.03, 1.13, 0.96, 1.01, 1.29, 1.36, 1.79, 1.81, 1.83, 1.85, 0.86, 0.85, 0.83, 0.8, 1.11, 1.03, 0.67, 0.58, 0.52, 0.82, 1.01, 1.15, 1.0, 1.04, 1.33, 1.76, 1.8, 1.83, 1.85, 1.87, 0.88, 0.86, 0.85, 0.82, 1.13, 1.05, 0.92, 0.51, 0.25, 0.73, 1.03, 1.2, 1.06, 1.09, 1.7, 1.77, 1.82, 1.86, 1.89, 1.89, 0.9, 0.89, 0.87, 0.85, 0.82, 1.12, 1.01, 0.84, 0.67, 0.9, 1.15, 1.28, 1.15, 1.63, 1.69, 1.79, 1.86, 1.91, 1.93, 1.93, 0.91, 0.91, 0.9, 0.89, 0.87, 1.21, 1.16, 1.11, 1.11, 1.21, 1.34, 1.62, 1.44, 1.59, 1.7, 1.82, 1.93, 1.98, 1.99, 1.97, 0.93, 0.94, 0.94, 0.93, 0.93, 0.93, 1.31, 1.33, 1.4, 1.53, 1.88, 1.7, 1.56, 1.77, 1.73, 1.89, 2.04, 2.1, 2.07, 2.02, 1.33, 0.96, 0.97, 0.97, 0.99, 1.0, 1.64, 1.45, 1.54, 1.98, 2.1, 1.84, 1.87, 1.94, 1.78, 1.95, 2.19, 2.27, 2.39, 2.38, 1.33, 1.33, 1.32, 1.65, 1.64, 1.58, 1.6, 1.58, 1.54, 2.03, 2.38, 2.14, 2.11, 2.12, 2.43, 2.44, 2.44, 2.44, 2.44, 2.44, 1.33, 1.32, 1.32, 1.31, 1.61, 1.61, 1.64, 1.6, 1.96, 1.94, 2.47, 2.45, 2.7, 2.58, 2.49, 2.47, 2.45, 2.45, 2.45, 2.45, 1.72, 1.7, 1.67, 1.3, 1.28, 1.51, 1.64, 1.77, 2.21, 2.26, 2.53, 2.65, 2.88, 2.68, 2.54, 2.49, 2.47, 2.46, 2.45, 2.45, 1.72, 1.7, 1.67, 1.62, 1.51, 1.19, 1.66, 1.99, 2.1, 2.38, 2.93, 2.62, 2.67, 2.64, 2.55, 2.51, 2.48, 2.47, 2.46, 2.46, 1.72, 1.71, 1.68, 1.64, 1.59, 1.57, 1.78, 2.23, 2.45, 2.63, 2.93, 2.67, 2.67, 2.6, 2.54, 2.51, 2.49, 2.72, 2.7, 2.7, 1.73, 1.72, 1.7, 1.68, 1.67, 1.68, 1.75, 2.11, 2.33, 2.17, 2.61, 2.66, 2.65, 2.54, 2.53, 2.76, 2.74, 2.72, 2.71, 2.7, 1.74, 1.73, 1.72, 1.71, 1.71, 1.69, 1.58, 1.88, 2.06, 2.07, 2.55, 2.89, 2.88, 2.86, 2.52, 2.73, 2.72, 2.71, 2.7, 2.7, 1.75, 1.75, 1.74, 1.74, 1.74, 1.73, 1.75, 2.0, 2.11, 2.15, 2.16, 2.47, 2.82, 2.8, 2.78, 2.69, 2.69, 2.69, 2.69, 2.69, 1.76, 1.76, 1.52, 1.53, 1.53, 1.97, 1.98, 2.02, 2.07, 2.1, 2.43, 2.44, 2.45, 2.55, 2.55, 3.09, 3.19, 3.28, 3.15, 3.19, 1.53, 1.54, 1.55, 1.56, 2.01, 2.0, 2.01, 2.03, 2.05, 2.07, 2.37, 2.4, 2.43, 2.45, 2.7, 2.48, 2.48, 2.47, 2.46, 2.45, 1.55, 1.56, 1.57, 1.59, 2.02, 2.02, 2.02, 2.02, 2.03, 1.99, 2.04, 2.38, 2.42, 2.68, 2.52, 2.49, 2.48, 2.48, 2.46, 2.45, 1.56, 1.57, 1.59, 2.04, 2.03, 2.03, 2.02, 2.01, 1.98, 2.0, 2.15, 2.21, 2.79, 2.78, 2.49, 2.5, 2.5, 2.49, 2.47, 2.45, 1.58, 1.59, 1.85, 1.86, 1.87, 1.88, 1.91, 1.93, 2.04, 2.09, 2.14, 2.2, 2.88, 2.94, 2.51, 2.52, 2.52, 2.5, 2.47, 2.44, 1.85, 1.86, 1.86, 1.87, 1.88, 1.9, 1.91, 1.93, 2.09, 2.11, 2.14, 2.18, 3.0, 2.51, 2.54, 2.57, 2.57, 2.54, 2.48, 2.43, 1.86, 1.87, 1.88, 1.89, 1.9, 1.91, 1.92, 2.03, 2.11, 2.12, 2.14, 2.17, 3.14, 2.53, 2.58, 2.65, 2.68, 2.6, 2.47, 2.4, 1.87, 1.88, 1.89, 2.04, 2.04, 2.04, 2.04, 2.04, 2.05, 2.05, 2.05, 2.8, 2.34, 2.52, 2.6, 2.76, 2.98, 2.68, 2.4, 2.33, 2.04, 2.04, 2.04, 2.04, 2.05, 2.05, 2.05, 2.05, 2.06, 2.06, 2.06, 2.78, 2.31, 2.38, 2.48, 2.74, 3.76, 2.28, 2.17, 2.22, 2.05, 2.05, 2.05, 2.05, 2.05, 2.05, 2.05, 2.06, 2.07, 2.08, 2.07, 2.69, 2.94, 2.33, 2.37, 2.37, 1.95, 1.28, 1.94, 2.13, 2.05, 2.05, 2.05, 2.05, 2.05, 2.05, 2.06, 2.06, 2.07, 2.08, 2.42, 2.63, 2.85, 2.28, 2.27, 2.19, 1.96, 1.8, 1.98, 2.11, 2.05, 2.05, 2.05, 2.05, 2.05, 2.06, 2.06, 2.06, 2.07, 2.07, 2.44, 2.58, 2.77, 2.23, 2.21, 2.15, 2.06, 2.0, 2.02, 2.07, 2.05, 2.05, 2.05, 2.05, 2.05, 2.06, 2.06, 2.06, 2.06, 2.36, 2.37, 1.73, 1.57, 1.39, 2.19, 2.15, 2.11, 2.08, 2.08, 2.1, 2.05, 2.05, 2.05, 2.05, 2.05, 2.06, 2.06, 2.06, 2.06, 2.28, 1.98, 1.8, 1.62, 1.45, 2.17, 2.16, 2.14, 2.12, 2.12, 2.13, 2.05, 2.05, 2.05, 2.05, 2.06, 2.06, 2.06, 2.06, 1.8, 1.87, 1.92, 1.79, 1.63, 1.48, 2.17, 2.16, 2.15, 2.14, 2.14, 2.15, 2.05, 2.05, 2.05, 2.05, 2.06, 2.06, 2.06, 2.06, 1.75, 1.79, 1.79, 1.72, 1.61, 1.49, 2.17, 2.17, 2.16, 2.16, 2.16, 2.16, 2.05, 2.05, 2.05, 2.05, 2.06, 2.06, 2.06, 1.68, 1.7, 1.71, 1.7, 1.65, 1.58, 1.49, 2.17, 2.17, 2.17, 2.17, 2.17, 2.17]}, {"header": {"refTime": "2023-09-01T05:00:00.000Z", "nx": 21, "ny": 33, "lo1": 113.509, "la1": 22.2235, "lo2": 113.5947, "la2": 22.1034, "dx": 0.0042850000000001385, "dy": 0.003753125000000024, "parameterCategory": 2, "parameterCategoryName": "Temperature", "parameterNumber": 3}, "data": [-3.08, -3.05, -3.01, -2.5, -2.5, -2.16, -2.17, -2.18, -2.18, -2.21, -2.16, -2.11, -2.35, -2.35, -3.43, -3.64, -4.23, -4.37, -4.48, -4.55, -3.1, -3.07, -3.03, -2.98, -2.5, -2.49, -2.2, -2.22, -2.24, -2.24, -2.16, -2.08, -2.3, -2.31, -3.41, -4.07, -4.29, -4.47, -4.59, -4.66, -3.12, -3.1, -3.06, -3.01, -2.5, -2.49, -2.48, -2.26, -2.36, -2.26, -2.14, -2.03, -2.22, -2.24, -3.75, -4.1, -4.4, -4.62, -4.74, -4.8, -3.16, -3.13, -3.1, -3.05, -2.98, -2.49, -2.48, -2.47, -2.45, -2.23, -2.1, -1.94, -2.06, -2.22, -3.7, -4.2, -4.6, -4.86, -4.97, -4.98, -3.2, -3.18, -3.15, -3.1, -3.04, -2.5, -2.5, -2.49, -2.5, -2.21, -2.08, -2.13, -1.71, -2.14, -3.73, -4.41, -4.95, -5.23, -5.27, -5.2, -3.25, -3.24, -3.22, -3.18, -3.12, -3.03, -2.51, -2.51, -2.52, -2.56, -2.6, -2.37, -2.08, -2.99, -3.95, -4.76, -5.5, -5.82, -5.66, -5.42, -4.01, -3.3, -3.3, -3.28, -3.23, -3.13, -3.07, -2.5, -2.52, -2.88, -2.99, -2.85, -3.56, -3.59, -4.24, -5.11, -6.25, -6.68, -6.35, -6.03, -4.04, -4.04, -4.02, -4.23, -4.17, -3.35, -3.14, -2.81, -2.55, -2.84, -2.88, -4.03, -4.25, -4.12, -5.82, -6.28, -6.84, -7.05, -6.75, -6.54, -4.08, -4.09, -4.09, -4.1, -4.3, -4.22, -4.02, -3.03, -3.11, -2.89, -3.96, -4.48, -5.12, -4.81, -5.81, -6.15, -6.49, -6.64, -6.57, -6.46, -5.05, -5.03, -5.01, -4.2, -4.25, -4.46, -4.36, -4.23, -3.65, -3.56, -4.32, -4.79, -5.35, -4.94, -5.83, -6.04, -6.25, -6.37, -6.39, -6.35, -5.05, -5.03, -5.01, -4.97, -4.9, -4.68, -5.0, -5.24, -4.72, -4.06, -5.05, -4.68, -4.86, -4.8, -5.83, -5.98, -6.12, -6.21, -6.25, -6.26, -5.05, -5.04, -5.02, -4.99, -4.95, -4.94, -5.09, -5.4, -5.56, -5.69, -5.17, -5.43, -5.42, -4.67, -5.84, -5.94, -6.04, -6.13, -6.15, -6.15, -5.05, -5.04, -5.03, -5.02, -5.01, -5.02, -5.06, -5.32, -5.48, -5.36, -5.68, -5.44, -5.41, -4.86, -4.81, -5.84, -5.89, -5.93, -5.97, -6.0, -5.06, -5.05, -5.05, -5.04, -5.04, -5.02, -4.94, -5.15, -5.28, -5.29, -5.64, -5.41, -5.32, -5.25, -4.69, -5.61, -5.67, -5.73, -5.8, -5.85, -5.07, -5.06, -5.06, -5.06, -5.05, -5.05, -5.06, -5.18, -5.24, -5.26, -5.26, -4.91, -5.15, -5.04, -4.98, -5.34, -5.43, -5.53, -5.63, -5.71, -5.07, -5.07, -4.82, -4.82, -4.83, -5.14, -5.14, -5.16, -5.18, -5.2, -4.93, -4.81, -4.68, -4.63, -4.57, -4.63, -4.71, -4.78, -5.21, -5.3, -4.82, -4.82, -4.82, -4.83, -5.14, -5.13, -5.12, -5.12, -5.12, -5.14, -4.86, -4.74, -4.58, -4.4, -4.22, -4.32, -4.43, -4.52, -4.59, -4.64, -4.82, -4.82, -4.83, -4.83, -5.13, -5.11, -5.09, -5.06, -5.05, -4.72, -4.62, -4.7, -4.52, -4.23, -4.02, -4.28, -4.44, -4.55, -4.62, -4.67, -4.82, -4.83, -4.83, -5.14, -5.12, -5.1, -5.06, -5.01, -4.87, -4.75, -4.14, -4.0, -4.44, -4.31, -4.26, -4.38, -4.51, -4.61, -4.67, -4.71, -4.83, -4.83, -4.15, -4.17, -4.21, -4.26, -4.36, -4.52, -4.52, -4.27, -4.06, -3.93, -4.51, -4.44, -4.47, -4.54, -4.63, -4.69, -4.73, -4.76, -4.07, -4.07, -4.08, -4.09, -4.11, -4.14, -4.19, -4.25, -4.12, -4.01, -3.89, -3.81, -4.58, -4.61, -4.64, -4.69, -4.75, -4.79, -4.81, -4.81, -4.02, -4.01, -4.0, -3.99, -3.99, -3.98, -3.97, -3.68, -3.76, -3.7, -3.66, -3.65, -3.75, -4.71, -4.76, -4.82, -4.87, -4.89, -4.88, -4.86, -3.96, -3.95, -3.93, -3.51, -3.5, -3.48, -3.45, -3.38, -3.3, -3.24, -3.24, -3.75, -4.01, -4.79, -4.85, -4.92, -4.98, -4.98, -4.94, -4.91, -3.47, -3.46, -3.45, -3.43, -3.4, -3.35, -3.26, -3.13, -2.97, -2.88, -2.98, -3.17, -3.94, -4.27, -4.55, -4.98, -5.07, -5.04, -4.98, -4.94, -3.43, -3.42, -3.4, -3.37, -3.32, -3.25, -3.14, -2.97, -2.69, -2.46, -2.77, -3.09, -3.38, -4.23, -4.52, -4.76, -5.04, -5.05, -4.99, -4.95, -3.4, -3.38, -3.36, -3.32, -3.27, -3.19, -3.09, -2.93, -2.68, -2.49, -2.8, -3.09, -3.34, -4.18, -4.45, -4.83, -4.91, -4.93, -4.97, -4.94, -3.38, -3.36, -3.33, -3.29, -3.24, -3.17, -3.09, -2.99, -2.88, -2.85, -2.99, -3.16, -3.33, -4.46, -4.61, -4.73, -4.81, -4.84, -4.83, -4.81, -3.36, -3.34, -3.31, -3.27, -3.23, -3.18, -3.12, -3.07, -3.04, -3.09, -3.16, -3.23, -3.34, -3.49, -4.51, -4.63, -4.71, -4.75, -4.77, -4.76, -3.35, -3.32, -3.3, -3.27, -3.23, -3.19, -3.15, -3.13, -3.14, -3.22, -3.28, -3.28, -3.35, -3.47, -4.42, -4.54, -4.63, -4.68, -4.7, -4.71, -3.34, -3.32, -3.29, -3.27, -3.24, -3.21, -3.18, -3.17, -3.21, -3.25, -3.28, -3.3, -3.36, -3.45, -4.36, -4.48, -4.56, -4.61, -4.65, -4.66, -3.33, -3.31, -3.29, -3.27, -3.25, -3.22, -3.21, -3.2, -3.24, -3.27, -3.29, -3.32, -3.38, -3.45, -4.33, -4.43, -4.51, -4.56, -4.6, -4.62, -3.33, -3.31, -3.29, -3.27, -3.25, -3.24, -3.22, -3.25, -3.27, -3.29, -3.31, -3.35, -3.39, -3.45, -4.31, -4.4, -4.47, -4.52, -4.56, -4.58]}, {"header": {"refTime": "2023-09-01T05:00:00.000Z", "nx": 21, "ny": 33, "lo1": 113.509, "la1": 22.2235, "lo2": 113.5947, "la2": 22.1034, "dx": 0.0042850000000001385, "dy": 0.003753125000000024, "parameterCategory": 0, "parameterCategoryName": "Temperature", "parameterNumber": 0}, "data": [[27.45, 27.44, 27.44, 27.25, 27.25, 27.44, 27.43, 27.43, 27.43, 27.41, 27.44, 27.47, 27.63, 27.65, 27.58, 27.57, 27.67, 27.66, 27.65, 27.64], [27.45, 27.45, 27.44, 27.43, 27.25, 27.26, 27.42, 27.4, 27.39, 27.4, 27.44, 27.49, 27.65, 27.67, 27.59, 27.68, 27.66, 27.65, 27.64, 27.63], [27.46, 27.45, 27.44, 27.43, 27.25, 27.25, 27.26, 27.38, 27.32, 27.38, 27.45, 27.52, 27.69, 27.7, 27.71, 27.68, 27.65, 27.64, 27.63, 27.62], [27.47, 27.46, 27.45, 27.44, 27.43, 27.25, 27.26, 27.27, 27.27, 27.4, 27.48, 27.57, 27.75, 27.7, 27.71, 27.67, 27.64, 27.62, 27.61, 27.61], [27.48, 27.47, 27.46, 27.45, 27.44, 27.25, 27.25, 27.25, 27.25, 27.41, 27.49, 27.7, 27.82, 27.72, 27.71, 27.65, 27.61, 27.59, 27.58, 27.59], [27.49, 27.48, 27.48, 27.47, 27.46, 27.44, 27.25, 27.25, 27.24, 27.22, 27.54, 27.65, 27.74, 27.83, 27.69, 27.63, 27.56, 27.54, 27.55, 27.57], [27.58, 27.5, 27.5, 27.49, 27.48, 27.46, 27.37, 27.25, 27.24, 27.29, 27.29, 27.55, 27.79, 27.8, 27.67, 27.6, 27.5, 27.47, 27.49, 27.52], [27.59, 27.59, 27.59, 27.59, 27.58, 27.44, 27.4, 27.34, 27.3, 27.26, 27.19, 27.52, 27.52, 27.8, 27.51, 27.54, 27.48, 27.45, 27.49, 27.52], [27.51, 27.52, 27.61, 27.62, 27.62, 27.6, 27.54, 27.38, 27.24, 27.3, 27.33, 27.42, 27.46, 27.4, 27.52, 27.56, 27.52, 27.5, 27.51, 27.53], [27.8, 27.8, 27.8, 27.57, 27.6, 27.69, 27.63, 27.54, 27.19, 27.2, 27.46, 27.36, 27.4, 27.38, 27.52, 27.57, 27.54, 27.53, 27.53, 27.54], [27.8, 27.8, 27.8, 27.8, 27.8, 27.8, 27.8, 27.8, 27.62, 27.23, 27.1, 27.33, 27.36, 27.36, 27.52, 27.58, 27.56, 27.55, 27.55, 27.55], [27.8, 27.8, 27.8, 27.8, 27.8, 27.8, 27.8, 27.8, 27.8, -999.0, 27.1, 27.7, 27.7, 27.34, 27.51, 27.59, 27.58, 26.77, 26.79, 26.79], [27.8, 27.8, 27.8, 27.8, 27.8, 27.8, 27.8, 27.8, 27.8, 27.8, -999.0, 27.7, 27.7, 26.79, 27.19, 27.0, 27.01, 26.87, 26.89, 26.9], [27.8, 27.8, 27.8, 27.8, 27.8, 27.8, 27.8, 27.8, 27.8, 27.8, -999.0, 26.3, 26.3, 26.3, 27.07, 26.91, 26.93, 26.79, 26.82, 26.84], [27.8, 27.8, 27.8, 27.8, 27.8, 27.8, 27.8, 27.7, 27.7, 27.7, 27.7, 27.16, 26.3, 26.3, 26.3, 26.8, 26.84, 26.71, 26.75, 26.78], [27.8, 27.8, 27.74, 27.74, 27.73, 27.7, 27.7, 27.7, 27.7, 27.7, 26.82, 26.92, 26.78, 26.67, 26.8, 26.81, 26.89, 26.75, 26.97, 27.01], [27.74, 27.74, 27.76, 27.76, 27.7, 27.7, 27.7, 27.7, 27.7, 27.7, 27.1, 26.92, 26.74, 26.57, 26.62, 26.63, 26.75, 26.84, 26.9, 26.95], [27.76, 27.76, 27.76, 27.76, 27.7, 27.7, 27.7, 27.7, 27.7, 27.34, 27.16, 26.95, 26.73, 26.63, 26.35, 26.59, 26.76, 26.87, 26.93, 26.98], [27.76, 27.76, 27.76, 27.7, 27.7, 27.7, 27.7, 27.7, 27.57, 27.43, 27.32, 27.14, 26.94, 26.75, 26.57, 26.69, 26.83, 26.93, 26.98, 27.02], [27.76, 27.76, 27.76, 27.75, 27.75, 27.75, 27.74, 27.72, 27.58, 27.48, 27.34, 27.2, 27.03, 26.92, 26.79, 26.86, 26.95, 27.01, 27.05, 27.07], [27.76, 27.76, 27.76, 27.74, 27.74, 27.74, 27.73, 27.73, 27.51, 27.45, 27.36, 27.26, 27.12, 26.93, 26.96, 27.02, 27.08, 27.11, 27.12, 27.12], [27.75, 27.75, 27.75, 27.74, 27.74, 27.74, 27.74, 27.8, 27.49, 27.46, 27.4, 27.32, 27.24, 27.04, 27.09, 27.16, 27.21, 27.22, 27.2, 27.17], [27.75, 27.75, 27.75, 27.84, 27.83, 27.83, 27.83, 27.82, 27.82, 27.83, 27.83, 27.74, 27.56, 27.11, 27.18, 27.27, 27.35, 27.32, 27.25, 27.21], [27.85, 27.85, 27.85, 27.85, 27.84, 27.84, 27.84, 27.84, 27.83, 27.83, 27.84, 27.85, 27.57, 27.53, 27.5, 27.32, 27.53, 27.33, 27.26, 27.22], [27.86, 27.86, 27.86, 27.86, 27.85, 27.85, 27.85, 27.85, 27.83, 27.82, 27.85, 27.86, 27.86, 27.53, 27.49, 27.45, 27.29, 27.23, 27.25, 27.22], [27.86, 27.86, 27.86, 27.86, 27.87, 27.87, 27.87, 27.86, 27.85, 27.83, 27.86, 27.88, 27.87, 27.53, 27.49, 27.49, 27.43, 27.41, 27.23, 27.22], [27.87, 27.87, 27.87, 27.87, 27.88, 27.88, 27.88, 27.88, 27.88, 27.89, 27.91, 27.91, 27.9, 27.65, 27.59, 27.53, 27.49, 27.47, 27.47, 27.49], [27.87, 27.87, 27.88, 27.88, 27.89, 27.89, 27.9, 27.91, 27.93, 27.96, 27.97, 27.86, 27.79, 27.72, 27.62, 27.57, 27.53, 27.51, 27.51, 27.51], [27.88, 27.88, 27.88, 27.89, 27.89, 27.9, 27.91, 27.93, 27.96, 28.01, 28.04, 27.92, 27.83, 27.75, 27.66, 27.61, 27.57, 27.55, 27.54, 27.53], [27.88, 27.88, 27.89, 27.89, 27.9, 27.91, 27.92, 27.94, 27.9, 27.96, 28.0, 27.92, 27.84, 27.77, 27.68, 27.63, 27.6, 27.58, 27.56, 27.56], [27.88, 27.89, 27.89, 27.9, 27.91, 27.91, 27.93, 27.94, 27.88, 27.91, 27.92, 27.88, 27.83, 27.77, 27.7, 27.65, 27.62, 27.6, 27.58, 27.58], [27.89, 27.89, 27.9, 27.9, 27.91, 27.92, 27.93, 27.84, 27.86, 27.87, 27.87, 27.85, 27.81, 27.77, 27.7, 27.67, 27.64, 27.62, 27.6, 27.59]]}]