gis_exercise/awsData/contour/wdir_2023090920.json
[{"header": {"refTime": "2023-09-09T20:00:00.000Z", "nx": 21, "ny": 33, "lo1": 113.509, "la1": 22.2235, "lo2": 113.5947, "la2": 22.1034, "dx": 0.0042850000000001385, "dy": 0.003753125000000024, "parameterCategory": 2, "parameterCategoryName": "Temperature", "parameterNumber": 2}, "data": [-0.76, -0.79, -0.82, -1.42, -1.41, -1.54, -1.52, -1.49, -1.48, -1.32, -1.34, -1.36, -1.69, -1.71, -2.39, -2.51, -2.91, -2.98, -3.03, -3.07, -0.74, -0.77, -0.81, -0.85, -1.41, -1.4, -1.5, -1.45, -1.42, -1.31, -1.34, -1.37, -1.7, -1.72, -2.41, -2.84, -2.94, -3.03, -3.09, -3.12, -0.71, -0.74, -0.78, -0.83, -1.42, -1.41, -1.38, -1.42, -1.29, -1.3, -1.34, -1.39, -1.71, -1.74, -2.69, -2.86, -3.0, -3.11, -3.17, -3.2, -0.68, -0.71, -0.75, -0.8, -0.87, -1.43, -1.4, -1.37, -1.33, -1.31, -1.36, -1.43, -1.73, -1.71, -2.66, -2.91, -3.11, -3.23, -3.29, -3.29, -0.64, -0.66, -0.7, -0.75, -0.82, -1.46, -1.45, -1.43, -1.41, -1.31, -1.36, -1.69, -1.69, -1.72, -2.68, -3.01, -3.28, -3.43, -3.44, -3.4, -0.59, -0.6, -0.63, -0.68, -0.76, -0.87, -1.51, -1.51, -1.49, -1.42, -1.62, -1.69, -1.72, -2.16, -2.77, -3.18, -3.57, -3.73, -3.64, -3.52, -0.57, -0.52, -0.53, -0.57, -0.64, -0.78, -0.96, -1.63, -1.61, -1.63, -1.56, -1.74, -2.33, -2.34, -2.88, -3.35, -3.96, -4.18, -3.95, -3.76, -0.54, -0.51, -0.49, -1.37, -1.37, -0.58, -0.88, -1.36, -1.91, -1.57, -1.27, -2.19, -2.37, -2.51, -3.37, -3.71, -4.13, -4.28, -4.06, -3.9, -0.5, -0.46, -0.4, -0.33, -1.1, -1.17, -1.5, -1.03, -2.27, -1.67, -1.97, -2.37, -2.72, -2.55, -3.34, -3.6, -3.86, -3.97, -3.92, -3.84, -1.31, -1.22, -1.09, -0.2, 0.01, -0.53, -1.18, -1.9, -2.73, -2.55, -2.21, -2.5, -2.8, -2.6, -3.32, -3.51, -3.67, -3.77, -3.79, -3.76, -1.32, -1.23, -1.1, -0.87, -0.39, 1.05, -0.92, -2.19, -2.83, -3.1, -3.16, -2.43, -2.54, -2.51, -3.33, -3.45, -3.57, -3.65, -3.68, -3.68, -1.35, -1.28, -1.17, -1.01, -0.77, -0.67, -1.54, -3.05, -3.77, -3.82, -3.42, -3.54, -3.42, -2.44, -3.33, -3.42, -3.5, -3.24, -3.26, -3.26, -1.4, -1.35, -1.29, -1.23, -1.22, -1.39, -1.77, -2.8, -3.44, -2.91, -3.55, -3.65, -3.52, -2.36, -2.32, -2.95, -3.0, -3.05, -3.08, -3.11, -1.45, -1.42, -1.41, -1.41, -1.46, -1.58, -1.55, -2.17, -2.62, -2.61, -3.46, -3.31, -3.1, -2.93, -2.16, -2.73, -2.79, -2.85, -2.92, -2.97, -1.5, -1.49, -1.5, -1.53, -1.59, -1.68, -1.79, -2.43, -2.65, -2.72, -2.7, -2.48, -2.88, -2.69, -2.56, -2.47, -2.56, -2.66, -2.75, -2.83, -1.55, -1.55, -0.45, -0.51, -0.58, -2.23, -2.23, -2.29, -2.36, -2.42, -2.37, -2.23, -2.07, -1.55, -1.53, -1.91, -2.01, -2.11, -2.57, -2.67, -0.43, -0.46, -0.49, -0.54, -2.21, -2.16, -2.11, -2.06, -2.06, -2.13, -2.09, -2.02, -1.87, -1.67, -1.35, -1.53, -1.66, -1.76, -1.83, -1.87, -0.46, -0.49, -0.52, -0.57, -2.14, -2.05, -1.92, -1.75, -1.67, -1.11, -1.13, -1.87, -1.75, -1.34, -1.2, -1.49, -1.67, -1.79, -1.86, -1.9, -0.48, -0.51, -0.54, -2.15, -2.08, -1.96, -1.77, -1.46, -1.01, -1.08, -1.39, -1.43, -1.45, -1.42, -1.47, -1.6, -1.75, -1.85, -1.91, -1.95, -0.5, -0.52, -1.64, -1.62, -1.59, -1.53, -1.45, -1.31, -1.21, -1.35, -1.45, -1.49, -1.52, -1.55, -1.71, -1.79, -1.88, -1.95, -1.99, -2.0, -1.7, -1.69, -1.68, -1.67, -1.65, -1.61, -1.57, -1.51, -1.46, -1.52, -1.57, -1.59, -1.61, -1.86, -1.9, -1.97, -2.03, -2.06, -2.07, -2.06, -1.73, -1.73, -1.73, -1.73, -1.72, -1.72, -1.72, -1.74, -1.7, -1.73, -1.74, -1.72, -2.32, -1.98, -2.04, -2.13, -2.19, -2.19, -2.15, -2.11, -1.76, -1.77, -1.77, -1.82, -1.83, -1.85, -1.89, -1.94, -2.0, -2.04, -2.03, -2.36, -2.57, -2.06, -2.14, -2.26, -2.38, -2.3, -2.2, -2.14, -1.83, -1.84, -1.85, -1.87, -1.89, -1.93, -2.0, -2.1, -2.23, -2.29, -2.21, -2.59, -2.58, -2.53, -2.5, -2.31, -2.67, -2.27, -2.18, -2.15, -1.85, -1.86, -1.88, -1.9, -1.94, -1.99, -2.07, -2.21, -2.44, -2.63, -2.36, -2.56, -2.55, -2.53, -2.48, -2.43, -2.18, -2.03, -2.13, -2.13, -1.86, -1.88, -1.89, -1.92, -1.96, -2.01, -2.09, -2.22, -2.43, -2.59, -2.57, -2.49, -2.48, -2.52, -2.47, -2.2, -2.18, -2.15, -2.12, -2.12, -1.87, -1.89, -1.9, -1.93, -1.96, -2.01, -2.07, -2.14, -2.22, -2.23, -2.38, -2.35, -2.39, -2.07, -2.12, -2.16, -2.16, -2.16, -2.17, -2.17, -1.88, -1.89, -1.91, -1.93, -1.96, -1.99, -2.02, -2.04, -2.03, -2.17, -2.1, -1.98, -2.0, -1.99, -2.08, -2.12, -2.14, -2.15, -2.15, -2.16, -1.88, -1.89, -1.91, -1.92, -1.94, -1.96, -1.97, -1.96, -1.91, -1.93, -1.68, -1.85, -1.94, -1.96, -2.04, -2.08, -2.11, -2.13, -2.14, -2.14, -1.88, -1.89, -1.9, -1.92, -1.93, -1.93, -1.93, -1.91, -1.94, -1.81, -1.74, -1.84, -1.91, -1.95, -2.01, -2.06, -2.09, -2.11, -2.12, -2.13, -1.88, -1.89, -1.9, -1.91, -1.91, -1.91, -1.91, -1.89, -1.94, -1.88, -1.85, -1.88, -1.92, -1.94, -2.0, -2.04, -2.07, -2.09, -2.1, -2.11, -1.88, -1.89, -1.89, -1.9, -1.9, -1.9, -1.89, -2.0, -1.96, -1.92, -1.91, -1.91, -1.93, -1.95, -1.99, -2.03, -2.06, -2.08, -2.09, -2.1]}, {"header": {"refTime": "2023-09-09T20:00:00.000Z", "nx": 21, "ny": 33, "lo1": 113.509, "la1": 22.2235, "lo2": 113.5947, "la2": 22.1034, "dx": 0.0042850000000001385, "dy": 0.003753125000000024, "parameterCategory": 2, "parameterCategoryName": "Temperature", "parameterNumber": 3}, "data": [0.22, 0.2, 0.19, 0.32, 0.28, 0.64, 0.57, 0.5, 0.5, 0.58, 0.75, 0.92, 2.02, 2.16, 2.5, 2.67, 4.2, 4.27, 4.32, 4.35, 0.22, 0.21, 0.2, 0.18, 0.29, 0.24, 0.5, 0.35, 0.27, 0.44, 0.74, 0.99, 2.1, 2.24, 2.58, 4.11, 4.22, 4.3, 4.36, 4.4, 0.23, 0.23, 0.21, 0.2, 0.31, 0.25, 0.16, 0.23, -0.21, 0.33, 0.79, 1.13, 2.23, 2.36, 3.95, 4.12, 4.27, 4.37, 4.43, 4.45, 0.25, 0.24, 0.23, 0.22, 0.2, 0.3, 0.23, 0.1, -0.02, 0.51, 0.96, 1.38, 2.41, 2.69, 3.91, 4.16, 4.35, 4.47, 4.52, 4.53, 0.26, 0.26, 0.25, 0.25, 0.25, 0.38, 0.35, 0.31, 0.29, 0.79, 1.14, 2.61, 2.57, 2.7, 3.94, 4.26, 4.5, 4.62, 4.64, 4.62, 0.27, 0.27, 0.27, 0.28, 0.29, 0.31, 0.47, 0.49, 0.51, 0.52, 2.48, 2.67, 2.71, 3.6, 4.08, 4.43, 4.73, 4.86, 4.8, 4.71, 0.86, 0.28, 0.29, 0.3, 0.33, 0.36, 0.71, 0.65, 0.69, 1.63, 1.85, 2.88, 4.08, 4.03, 4.27, 4.6, 5.04, 5.2, 4.96, 4.8, 0.86, 0.84, 0.82, 1.55, 1.51, 0.62, 0.69, 0.8, 1.14, 1.5, 1.27, 3.85, 4.28, 4.35, 5.1, 5.21, 5.35, 5.4, 5.32, 5.27, 0.86, 0.83, 0.81, 0.77, 1.42, 1.42, 1.51, 0.73, 1.54, 1.71, 3.0, 3.93, 4.45, 4.2, 5.08, 5.17, 5.26, 5.29, 5.28, 5.25, 1.88, 1.82, 1.74, 0.74, 0.66, 1.15, 1.5, 1.87, 2.13, 1.99, 3.48, 4.0, 4.44, 4.2, 5.07, 5.13, 5.19, 5.23, 5.23, 5.22, 1.89, 1.83, 1.74, 1.58, 1.26, 0.3, 1.65, 2.55, 2.72, 2.58, 3.62, 3.89, 4.07, 4.06, 5.07, 5.11, 5.16, 5.18, 5.2, 5.2, 1.9, 1.85, 1.78, 1.67, 1.51, 1.44, 2.05, 3.18, 3.72, 4.06, 3.78, 4.85, 4.86, 3.93, 5.07, 5.1, 5.13, 4.43, 4.44, 4.43, 1.93, 1.9, 1.85, 1.81, 1.79, 1.88, 2.12, 2.95, 3.46, 3.06, 3.96, 4.83, 4.85, 4.11, 4.05, 4.2, 4.22, 4.24, 4.27, 4.29, 1.97, 1.95, 1.93, 1.92, 1.94, 1.97, 1.84, 2.42, 2.81, 2.82, 3.85, 4.05, 3.94, 3.83, 3.8, 3.95, 3.99, 4.05, 4.1, 4.15, 2.0, 1.99, 1.99, 2.0, 2.02, 2.05, 2.12, 2.32, 2.45, 2.47, 2.42, 2.51, 3.71, 3.57, 3.48, 3.65, 3.74, 3.84, 3.93, 4.01, 2.03, 2.03, 0.8, 0.83, 0.88, 2.06, 2.06, 2.07, 2.09, 2.11, 2.29, 2.3, 2.29, 2.34, 2.37, 2.94, 3.02, 3.1, 3.34, 3.42, 0.75, 0.76, 0.77, 0.79, 1.96, 1.9, 1.81, 1.71, 1.67, 1.74, 2.0, 2.11, 2.18, 2.21, 2.08, 2.35, 2.4, 2.44, 2.46, 2.48, 0.73, 0.74, 0.74, 0.74, 1.84, 1.71, 1.52, 1.26, 1.14, 0.9, 1.12, 1.96, 2.09, 2.05, 2.19, 2.33, 2.41, 2.45, 2.48, 2.49, 0.72, 0.72, 0.72, 1.84, 1.73, 1.56, 1.3, 0.85, 0.36, 0.74, 0.78, 1.04, 1.84, 2.02, 2.33, 2.38, 2.44, 2.48, 2.5, 2.51, 0.71, 0.7, 0.7, 0.67, 0.64, 0.58, 0.5, 0.4, 0.39, 0.55, 0.75, 0.96, 1.83, 2.0, 2.42, 2.45, 2.49, 2.52, 2.53, 2.53, 0.7, 0.68, 0.66, 0.64, 0.6, 0.55, 0.5, 0.45, 0.52, 0.6, 0.73, 0.89, 1.86, 2.48, 2.5, 2.53, 2.56, 2.57, 2.56, 2.55, 0.67, 0.66, 0.64, 0.61, 0.58, 0.54, 0.5, 0.29, 0.56, 0.61, 0.7, 0.81, 1.89, 2.53, 2.56, 2.61, 2.63, 2.62, 2.59, 2.57, 0.65, 0.63, 0.61, 0.33, 0.33, 0.32, 0.32, 0.31, 0.31, 0.31, 0.32, 1.01, 1.79, 2.57, 2.61, 2.67, 2.75, 2.68, 2.61, 2.57, 0.35, 0.35, 0.35, 0.34, 0.34, 0.33, 0.33, 0.32, 0.31, 0.31, 0.33, 1.08, 1.73, 2.0, 2.25, 2.69, 2.95, 2.62, 2.57, 2.56, 0.36, 0.35, 0.35, 0.35, 0.35, 0.35, 0.34, 0.33, 0.31, 0.29, 0.33, 1.0, 1.27, 1.96, 2.2, 2.39, 2.55, 2.41, 2.53, 2.55, 0.36, 0.36, 0.36, 0.36, 0.36, 0.36, 0.36, 0.35, 0.32, 0.3, 0.71, 0.95, 1.19, 1.91, 2.13, 2.33, 2.37, 2.36, 2.53, 2.54, 0.37, 0.37, 0.37, 0.37, 0.38, 0.38, 0.38, 0.38, 0.38, 0.39, 0.79, 0.95, 1.14, 1.94, 2.1, 2.22, 2.28, 2.3, 2.3, 2.29, 0.37, 0.38, 0.38, 0.38, 0.39, 0.39, 0.4, 0.42, 0.44, 0.78, 0.81, 0.75, 0.85, 0.96, 1.99, 2.11, 2.19, 2.23, 2.24, 2.24, 0.38, 0.38, 0.39, 0.39, 0.4, 0.41, 0.42, 0.44, 0.48, 0.78, 0.68, 0.75, 0.83, 0.93, 1.89, 2.02, 2.1, 2.16, 2.18, 2.19, 0.38, 0.39, 0.39, 0.4, 0.41, 0.42, 0.44, 0.46, 0.72, 0.71, 0.71, 0.76, 0.83, 0.92, 1.83, 1.95, 2.03, 2.09, 2.13, 2.15, 0.39, 0.39, 0.4, 0.4, 0.41, 0.43, 0.44, 0.46, 0.75, 0.75, 0.75, 0.79, 0.85, 0.91, 1.79, 1.9, 1.98, 2.04, 2.08, 2.1, 0.39, 0.4, 0.4, 0.41, 0.42, 0.43, 0.44, 0.78, 0.78, 0.78, 0.79, 0.82, 0.86, 0.92, 1.77, 1.87, 1.94, 2.0, 2.04, 2.07]}, {"header": {"refTime": "2023-09-09T20:00:00.000Z", "nx": 21, "ny": 33, "lo1": 113.509, "la1": 22.2235, "lo2": 113.5947, "la2": 22.1034, "dx": 0.0042850000000001385, "dy": 0.003753125000000024, "parameterCategory": 0, "parameterCategoryName": "Temperature", "parameterNumber": 0}, "data": [[25.65, 25.65, 25.64, 25.3, 25.31, 25.71, 25.7, 25.69, 25.69, 25.53, 25.55, 25.58, 25.94, 25.96, 26.03, 26.04, 26.18, 26.18, 26.18, 26.18], [25.65, 25.65, 25.64, 25.63, 25.31, 25.32, 25.68, 25.65, 25.64, 25.52, 25.56, 25.61, 25.96, 25.99, 26.05, 26.19, 26.18, 26.18, 26.18, 26.18], [25.66, 25.65, 25.65, 25.64, 25.31, 25.32, 25.35, 25.62, 25.53, 25.52, 25.58, 25.65, 26.01, 26.03, 26.19, 26.19, 26.19, 26.18, 26.18, 26.18], [25.67, 25.66, 25.65, 25.65, 25.63, 25.32, 25.34, 25.37, 25.39, 25.51, 25.59, 25.73, 26.09, 25.9, 26.2, 26.19, 26.19, 26.18, 26.18, 26.18], [25.67, 25.67, 25.66, 25.66, 25.65, 25.31, 25.32, 25.32, 25.31, 25.47, 25.57, 25.91, 26.14, 25.95, 26.2, 26.19, 26.18, 26.18, 26.18, 26.18], [25.68, 25.68, 25.68, 25.67, 25.66, 25.65, 25.31, 25.31, 25.27, 25.18, 25.57, 25.8, 25.99, 26.2, 26.18, 26.18, 26.19, 26.19, 26.18, 26.18], [25.77, 25.69, 25.69, 25.69, 25.68, 25.67, 25.42, 25.34, 25.31, 25.22, 25.15, 25.62, 26.13, 26.15, 26.17, 26.18, 26.19, 26.19, 26.22, 26.22], [25.77, 25.77, 25.77, 25.77, 25.77, 25.49, 25.46, 25.46, 25.51, 25.16, 24.84, 25.57, 25.58, 26.15, 26.13, 26.1, 26.15, 26.16, 26.14, 26.12], [25.73, 25.73, 25.79, 25.79, 25.79, 25.78, 25.74, 25.45, 25.28, 25.26, 25.14, 25.34, 25.44, 25.31, 26.12, 26.1, 26.12, 26.13, 26.13, 26.12], [25.9, 25.9, 25.9, 25.76, 25.78, 25.83, 25.8, 25.74, 25.03, 25.09, 25.45, 25.22, 25.29, 25.26, 26.12, 26.09, 26.1, 26.11, 26.11, 26.11], [25.9, 25.9, 25.9, 25.9, 25.9, 25.9, 25.9, 25.9, 25.79, 25.26, 24.6, 25.13, 25.2, 25.2, 26.12, 26.08, 26.09, 26.1, 26.1, 26.1], [25.9, 25.9, 25.9, 25.9, 25.9, 25.9, 25.9, 25.9, 25.9, -999.0, 24.6, 26.0, 26.0, 25.16, 26.12, 26.07, 26.08, 25.35, 25.37, 25.37], [25.9, 25.9, 25.9, 25.9, 25.9, 25.9, 25.9, 25.9, 25.9, 25.9, -999.0, 26.0, 26.0, 25.15, 25.52, 25.65, 25.67, 25.48, 25.51, 25.52], [25.9, 25.9, 25.9, 25.9, 25.9, 25.9, 25.9, 25.9, 25.9, 25.9, -999.0, 24.7, 24.7, 24.7, 25.41, 25.53, 25.55, 25.36, 25.4, 25.44], [25.9, 25.9, 25.9, 25.9, 25.9, 25.9, 25.9, 26.0, 26.0, 26.0, 26.0, 25.5, 24.7, 24.7, 24.7, 25.39, 25.43, 25.26, 25.31, 25.36], [25.9, 25.9, 25.96, 25.96, 25.97, 26.0, 26.0, 26.0, 26.0, 26.0, 25.18, 25.27, 25.15, 25.04, 25.16, 25.03, 25.08, 24.99, 25.33, 25.38], [25.96, 25.96, 25.94, 25.94, 26.0, 26.0, 26.0, 26.0, 26.0, 26.0, 25.44, 25.28, 25.11, 24.95, 24.96, 24.92, 25.0, 25.07, 25.11, 25.14], [25.94, 25.94, 25.94, 25.94, 26.0, 26.0, 26.0, 26.0, 26.0, 25.67, 25.5, 25.3, 25.1, 24.97, 24.74, 24.9, 25.01, 25.08, 25.13, 25.16], [25.94, 25.94, 25.94, 26.0, 26.0, 26.0, 26.0, 26.0, 25.88, 25.75, 25.61, 25.44, 25.22, 25.05, 24.88, 24.97, 25.06, 25.12, 25.16, 25.19], [25.94, 25.94, 25.94, 25.95, 25.95, 25.95, 25.96, 25.98, 25.87, 25.76, 25.63, 25.49, 25.29, 25.19, 25.03, 25.08, 25.14, 25.18, 25.21, 25.22], [25.94, 25.94, 25.94, 25.96, 25.96, 25.96, 25.97, 25.97, 25.77, 25.72, 25.63, 25.53, 25.35, 25.12, 25.15, 25.19, 25.23, 25.25, 25.26, 25.26], [25.95, 25.95, 25.95, 25.96, 25.96, 25.96, 25.96, 26.02, 25.74, 25.7, 25.65, 25.58, 25.38, 25.2, 25.23, 25.28, 25.32, 25.32, 25.31, 25.29], [25.95, 25.95, 25.95, 26.04, 26.03, 26.03, 26.02, 26.02, 26.01, 26.01, 26.01, 25.85, 25.62, 25.25, 25.29, 25.35, 25.41, 25.39, 25.35, 25.32], [26.05, 26.05, 26.05, 26.04, 26.04, 26.03, 26.02, 26.01, 25.99, 25.99, 26.0, 25.93, 25.63, 25.58, 25.55, 25.39, 25.51, 25.41, 25.36, 25.33], [26.05, 26.05, 26.05, 26.05, 26.04, 26.04, 26.03, 26.01, 25.97, 25.94, 25.99, 25.94, 25.92, 25.59, 25.54, 25.51, 25.38, 25.35, 25.35, 25.33], [26.06, 26.06, 26.06, 26.05, 26.05, 26.05, 26.04, 26.02, 25.99, 25.96, 25.96, 25.97, 25.95, 25.59, 25.55, 25.57, 25.52, 25.5, 25.34, 25.33], [26.06, 26.06, 26.06, 26.06, 26.06, 26.06, 26.05, 26.05, 26.04, 26.05, 26.02, 26.02, 25.99, 25.75, 25.68, 25.62, 25.58, 25.56, 25.56, 25.57], [26.07, 26.07, 26.07, 26.07, 26.07, 26.07, 26.08, 26.08, 26.1, 26.09, 26.11, 26.03, 25.96, 25.89, 25.73, 25.67, 25.62, 25.6, 25.6, 25.6], [26.07, 26.07, 26.07, 26.07, 26.08, 26.08, 26.09, 26.11, 26.14, 26.17, 26.23, 26.1, 26.0, 25.92, 25.77, 25.71, 25.67, 25.64, 25.63, 25.63], [26.07, 26.07, 26.08, 26.08, 26.09, 26.09, 26.11, 26.12, 26.07, 26.14, 26.19, 26.1, 26.01, 25.94, 25.8, 25.74, 25.7, 25.67, 25.66, 25.65], [26.08, 26.08, 26.08, 26.09, 26.09, 26.1, 26.11, 26.13, 26.06, 26.09, 26.1, 26.06, 26.0, 25.95, 25.81, 25.76, 25.73, 25.7, 25.68, 25.67], [26.08, 26.08, 26.08, 26.09, 26.09, 26.1, 26.11, 26.01, 26.03, 26.04, 26.04, 26.02, 25.99, 25.94, 25.82, 25.78, 25.75, 25.72, 25.7, 25.69]]}]