gis_exercise/awsData/contour/wdir_2023090322.json
[{"header": {"refTime": "2023-09-03T22:00:00.000Z", "nx": 21, "ny": 33, "lo1": 113.509, "la1": 22.2235, "lo2": 113.5947, "la2": 22.1034, "dx": 0.0042850000000001385, "dy": 0.003753125000000024, "parameterCategory": 2, "parameterCategoryName": "Temperature", "parameterNumber": 2}, "data": [0.29, 0.3, 0.3, 0.38, 0.38, 0.2, 0.21, 0.22, 0.22, 0.2, 0.16, 0.12, -0.12, -0.15, 0.2, 0.23, 0.03, 0.06, 0.08, 0.09, 0.29, 0.3, 0.3, 0.31, 0.38, 0.38, 0.23, 0.25, 0.27, 0.23, 0.16, 0.1, -0.14, -0.17, 0.18, -0.0, 0.04, 0.08, 0.11, 0.12, 0.29, 0.29, 0.3, 0.3, 0.38, 0.38, 0.39, 0.28, 0.36, 0.25, 0.15, 0.06, -0.18, -0.21, -0.06, 0.01, 0.07, 0.12, 0.14, 0.15, 0.28, 0.29, 0.29, 0.3, 0.31, 0.38, 0.38, 0.39, 0.39, 0.22, 0.11, -0.01, -0.25, -0.24, -0.07, 0.03, 0.12, 0.17, 0.2, 0.2, 0.28, 0.28, 0.28, 0.29, 0.3, 0.38, 0.38, 0.38, 0.38, 0.18, 0.08, -0.24, -0.32, -0.26, -0.06, 0.08, 0.2, 0.26, 0.27, 0.25, 0.27, 0.27, 0.28, 0.28, 0.29, 0.3, 0.38, 0.37, 0.38, 0.38, -0.1, -0.2, -0.28, -0.15, -0.04, 0.15, 0.33, 0.4, 0.36, 0.3, 0.7, 0.27, 0.27, 0.27, 0.27, 0.28, 0.3, 0.37, 0.37, 0.21, 0.17, -0.15, -0.13, -0.07, -0.01, 0.22, 0.51, 0.62, 0.66, 0.61, 0.71, 0.69, 0.66, 0.67, 0.65, 0.27, 0.29, 0.32, 0.3, 0.24, 0.3, 0.0, -0.03, 0.04, 0.42, 0.53, 0.67, 0.72, 0.65, 0.6, 0.72, 0.7, 0.67, 0.62, 0.62, 0.62, 0.65, 0.3, 0.66, 0.2, 0.29, 0.25, 0.45, 0.36, 0.44, 0.51, 0.59, 0.62, 0.61, 0.58, 1.21, 1.17, 1.11, 0.62, 0.53, 0.51, 0.66, 0.81, 0.93, 0.88, 0.33, 0.42, 0.6, 0.44, 0.47, 0.5, 0.54, 0.56, 0.57, 0.56, 1.22, 1.19, 1.13, 1.03, 0.81, 0.17, 0.98, 1.41, 1.19, 1.14, 1.15, 0.39, 0.43, 0.41, 0.48, 0.49, 0.51, 0.53, 0.54, 0.53, 1.24, 1.22, 1.18, 1.11, 1.01, 0.96, 1.28, 1.67, 1.82, 1.8, 1.27, 0.88, 0.8, 0.37, 0.47, 0.48, 0.5, 0.82, 0.82, 0.81, 1.27, 1.26, 1.24, 1.24, 1.26, 1.4, 1.61, 1.72, 1.79, 1.68, 1.71, 0.97, 0.87, 0.43, 0.43, 0.81, 0.81, 0.81, 0.81, 0.81, 1.3, 1.3, 1.31, 1.33, 1.41, 1.57, 1.83, 1.7, 1.68, 1.64, 1.73, 1.29, 1.2, 1.14, 0.46, 0.79, 0.79, 0.8, 0.8, 0.8, 1.33, 1.34, 1.36, 1.39, 1.46, 1.56, 1.65, 1.58, 1.5, 1.43, 1.37, 0.92, 1.16, 1.09, 1.05, 0.77, 0.78, 0.78, 0.79, 0.79, 1.35, 1.36, 0.76, 0.8, 0.86, 1.4, 1.39, 1.33, 1.26, 1.22, 0.82, 0.81, 0.79, 0.54, 0.57, 0.75, 0.76, 0.77, 0.75, 0.76, 0.69, 0.7, 0.72, 0.73, 1.25, 1.21, 1.12, 1.01, 0.94, 0.96, 0.67, 0.71, 0.72, 0.72, 0.59, 0.7, 0.71, 0.72, 0.72, 0.73, 0.67, 0.67, 0.67, 0.67, 1.12, 1.02, 0.86, 0.64, 0.53, 0.41, 0.52, 0.63, 0.68, 0.58, 0.66, 0.7, 0.71, 0.72, 0.72, 0.73, 0.64, 0.64, 0.63, 1.1, 1.02, 0.89, 0.67, 0.32, -0.05, 0.26, 0.09, 0.2, 0.46, 0.55, 0.7, 0.71, 0.72, 0.72, 0.73, 0.73, 0.62, 0.61, 0.56, 0.52, 0.47, 0.38, 0.27, 0.11, -0.09, -0.01, 0.08, 0.18, 0.45, 0.52, 0.71, 0.72, 0.73, 0.73, 0.73, 0.74, 0.56, 0.54, 0.51, 0.47, 0.42, 0.35, 0.27, 0.19, -0.01, 0.03, 0.09, 0.15, 0.44, 0.72, 0.73, 0.73, 0.74, 0.74, 0.74, 0.74, 0.53, 0.5, 0.47, 0.43, 0.39, 0.33, 0.28, -0.09, 0.03, 0.05, 0.09, 0.13, 0.5, 0.73, 0.74, 0.74, 0.75, 0.75, 0.75, 0.74, 0.5, 0.47, 0.44, -0.07, -0.08, -0.08, -0.07, -0.07, -0.07, -0.06, -0.06, 0.16, 0.48, 0.74, 0.75, 0.76, 0.76, 0.76, 0.75, 0.75, -0.07, -0.07, -0.07, -0.07, -0.07, -0.06, -0.06, -0.05, -0.04, -0.04, -0.04, 0.2, 0.46, 0.55, 0.62, 0.76, 0.79, 0.75, 0.75, 0.75, -0.07, -0.07, -0.06, -0.06, -0.06, -0.06, -0.05, -0.04, -0.02, -0.01, -0.03, 0.17, 0.25, 0.54, 0.61, 0.67, 0.75, 0.73, 0.74, 0.74, -0.06, -0.06, -0.06, -0.06, -0.05, -0.05, -0.04, -0.03, -0.02, -0.01, 0.1, 0.16, 0.22, 0.52, 0.59, 0.64, 0.67, 0.68, 0.74, 0.74, -0.06, -0.06, -0.06, -0.05, -0.05, -0.04, -0.04, -0.03, -0.02, -0.02, 0.1, 0.14, 0.2, 0.49, 0.55, 0.6, 0.63, 0.64, 0.64, 0.63, -0.06, -0.06, -0.05, -0.05, -0.05, -0.04, -0.04, -0.03, -0.02, 0.08, 0.09, 0.1, 0.15, 0.21, 0.51, 0.56, 0.59, 0.61, 0.61, 0.61, -0.06, -0.05, -0.05, -0.05, -0.04, -0.04, -0.03, -0.03, -0.02, 0.06, 0.03, 0.08, 0.14, 0.19, 0.47, 0.52, 0.56, 0.58, 0.59, 0.59, -0.05, -0.05, -0.05, -0.05, -0.04, -0.04, -0.03, -0.03, 0.08, 0.06, 0.05, 0.09, 0.13, 0.18, 0.45, 0.49, 0.53, 0.55, 0.57, 0.57, -0.05, -0.05, -0.05, -0.05, -0.04, -0.04, -0.03, -0.03, 0.1, 0.09, 0.09, 0.11, 0.14, 0.18, 0.43, 0.47, 0.51, 0.53, 0.55, 0.56, -0.05, -0.05, -0.05, -0.05, -0.04, -0.04, -0.04, 0.12, 0.11, 0.11, 0.11, 0.13, 0.15, 0.18, 0.43, 0.46, 0.49, 0.51, 0.53, 0.54]}, {"header": {"refTime": "2023-09-03T22:00:00.000Z", "nx": 21, "ny": 33, "lo1": 113.509, "la1": 22.2235, "lo2": 113.5947, "la2": 22.1034, "dx": 0.0042850000000001385, "dy": 0.003753125000000024, "parameterCategory": 2, "parameterCategoryName": "Temperature", "parameterNumber": 3}, "data": [-0.04, -0.04, -0.05, -0.02, -0.02, -0.16, -0.16, -0.15, -0.15, -0.06, -0.07, -0.08, 0.06, 0.07, 0.09, 0.13, 0.42, 0.45, 0.47, 0.48, -0.04, -0.04, -0.05, -0.05, -0.02, -0.02, -0.15, -0.13, -0.13, -0.06, -0.07, -0.09, 0.04, 0.06, 0.09, 0.39, 0.43, 0.46, 0.48, 0.49, -0.04, -0.04, -0.04, -0.05, -0.02, -0.02, -0.03, -0.12, -0.08, -0.06, -0.08, -0.1, 0.02, 0.03, 0.32, 0.39, 0.44, 0.48, 0.5, 0.51, -0.04, -0.04, -0.04, -0.05, -0.05, -0.03, -0.03, -0.03, -0.04, -0.06, -0.08, -0.13, -0.04, 0.07, 0.3, 0.4, 0.47, 0.51, 0.54, 0.54, -0.03, -0.03, -0.04, -0.04, -0.05, -0.03, -0.03, -0.03, -0.02, -0.04, -0.07, 0.03, -0.17, 0.03, 0.31, 0.44, 0.52, 0.57, 0.58, 0.57, -0.03, -0.03, -0.03, -0.04, -0.05, -0.06, -0.04, -0.03, -0.02, 0.02, 0.24, 0.14, 0.0, 0.21, 0.38, 0.5, 0.61, 0.65, 0.63, 0.6, 0.23, -0.02, -0.02, -0.03, -0.04, -0.05, 0.01, -0.07, -0.05, 0.23, 0.34, 0.36, 0.45, 0.42, 0.47, 0.57, 0.71, 0.76, 0.66, 0.61, 0.24, 0.23, 0.22, 0.07, 0.06, 0.04, 0.01, -0.07, -0.09, 0.22, 0.32, 0.71, 0.77, 0.57, 0.84, 0.84, 0.85, 0.86, 0.85, 0.85, 0.25, 0.25, 0.24, 0.22, 0.08, 0.07, 0.03, -0.01, -0.0, 0.23, 0.58, 0.7, 0.75, 0.73, 0.83, 0.84, 0.85, 0.85, 0.85, 0.85, 0.39, 0.38, 0.37, 0.24, 0.22, 0.11, 0.09, 0.06, 0.08, 0.11, 0.64, 0.7, 0.74, 0.72, 0.83, 0.84, 0.84, 0.84, 0.85, 0.84, 0.4, 0.39, 0.38, 0.36, 0.31, 0.18, 0.32, 0.35, 0.12, 0.14, 0.46, 0.68, 0.7, 0.7, 0.83, 0.83, 0.84, 0.84, 0.84, 0.84, 0.4, 0.4, 0.4, 0.38, 0.36, 0.35, 0.39, 0.36, 0.33, 0.5, 0.43, 0.64, 0.68, 0.69, 0.83, 0.83, 0.84, 1.05, 1.06, 1.06, 0.41, 0.41, 0.42, 0.42, 0.44, 0.49, 0.56, 0.44, 0.37, 0.39, 0.55, 0.61, 0.65, 1.07, 1.09, 1.1, 1.1, 1.1, 1.1, 1.1, 0.42, 0.43, 0.43, 0.45, 0.49, 0.57, 0.73, 0.54, 0.44, 0.42, 0.56, 0.84, 0.91, 0.98, 1.17, 1.17, 1.17, 1.15, 1.14, 1.13, 0.43, 0.44, 0.45, 0.47, 0.5, 0.54, 0.57, 0.58, 0.53, 0.5, 0.5, 0.82, 1.0, 1.08, 1.12, 1.26, 1.23, 1.21, 1.19, 1.17, 0.43, 0.44, 0.51, 0.52, 0.54, 0.58, 0.58, 0.55, 0.53, 0.51, 0.77, 0.88, 1.01, 1.23, 1.28, 1.26, 1.2, 1.14, 1.11, 1.07, 0.5, 0.5, 0.51, 0.52, 0.55, 0.55, 0.54, 0.53, 0.51, 0.51, 0.79, 0.92, 1.09, 1.27, 1.38, 1.37, 1.26, 1.18, 1.12, 1.08, 0.5, 0.5, 0.51, 0.51, 0.54, 0.53, 0.52, 0.5, 0.49, 0.78, 0.91, 0.94, 1.13, 1.37, 1.63, 1.4, 1.25, 1.16, 1.1, 1.06, 0.5, 0.5, 0.5, 0.53, 0.53, 0.52, 0.51, 0.49, 0.53, 0.71, 0.72, 0.87, 1.1, 1.27, 1.42, 1.31, 1.19, 1.1, 1.05, 1.02, 0.5, 0.5, 0.45, 0.45, 0.45, 0.44, 0.44, 0.44, 0.52, 0.59, 0.69, 0.81, 1.02, 1.11, 1.23, 1.16, 1.08, 1.02, 0.99, 0.98, 0.44, 0.44, 0.43, 0.43, 0.42, 0.42, 0.41, 0.41, 0.54, 0.58, 0.64, 0.74, 0.94, 1.1, 1.07, 1.02, 0.96, 0.93, 0.92, 0.93, 0.42, 0.42, 0.41, 0.4, 0.39, 0.38, 0.37, 0.22, 0.51, 0.53, 0.58, 0.66, 0.71, 1.0, 0.96, 0.89, 0.84, 0.84, 0.86, 0.88, 0.41, 0.4, 0.39, 0.18, 0.18, 0.18, 0.17, 0.17, 0.15, 0.14, 0.14, 0.24, 0.41, 0.93, 0.87, 0.79, 0.71, 0.75, 0.81, 0.85, 0.16, 0.16, 0.16, 0.16, 0.16, 0.15, 0.14, 0.12, 0.1, 0.09, 0.1, 0.09, 0.4, 0.47, 0.53, 0.74, 0.54, 0.74, 0.8, 0.84, 0.16, 0.15, 0.15, 0.15, 0.14, 0.13, 0.11, 0.09, 0.06, 0.03, 0.06, 0.08, 0.11, 0.47, 0.53, 0.59, 0.78, 0.84, 0.82, 0.84, 0.15, 0.14, 0.14, 0.13, 0.13, 0.11, 0.1, 0.08, 0.05, 0.03, 0.05, 0.07, 0.1, 0.46, 0.53, 0.58, 0.64, 0.67, 0.83, 0.84, 0.14, 0.14, 0.13, 0.13, 0.12, 0.1, 0.09, 0.07, 0.06, 0.05, 0.05, 0.07, 0.09, 0.44, 0.5, 0.55, 0.59, 0.61, 0.61, 0.59, 0.14, 0.13, 0.13, 0.12, 0.11, 0.1, 0.09, 0.07, 0.06, 0.04, 0.04, 0.14, 0.21, 0.28, 0.46, 0.51, 0.55, 0.57, 0.57, 0.57, 0.13, 0.13, 0.12, 0.11, 0.1, 0.09, 0.08, 0.07, 0.05, 0.03, 0.04, 0.11, 0.19, 0.26, 0.43, 0.48, 0.51, 0.53, 0.54, 0.55, 0.13, 0.12, 0.12, 0.11, 0.1, 0.09, 0.08, 0.07, 0.11, 0.08, 0.06, 0.12, 0.18, 0.24, 0.4, 0.45, 0.48, 0.51, 0.52, 0.52, 0.12, 0.12, 0.11, 0.11, 0.1, 0.09, 0.08, 0.07, 0.13, 0.12, 0.12, 0.15, 0.19, 0.24, 0.39, 0.43, 0.46, 0.48, 0.5, 0.51, 0.12, 0.12, 0.11, 0.11, 0.1, 0.09, 0.08, 0.16, 0.15, 0.15, 0.15, 0.17, 0.21, 0.24, 0.38, 0.42, 0.45, 0.47, 0.48, 0.49]}, {"header": {"refTime": "2023-09-03T22:00:00.000Z", "nx": 21, "ny": 33, "lo1": 113.509, "la1": 22.2235, "lo2": 113.5947, "la2": 22.1034, "dx": 0.0042850000000001385, "dy": 0.003753125000000024, "parameterCategory": 0, "parameterCategoryName": "Temperature", "parameterNumber": 0}, "data": [[28.65, 28.65, 28.66, 28.77, 28.77, 28.77, 28.78, 28.78, 28.78, 28.8, 28.8, 28.8, 28.87, 28.88, 28.74, 28.74, 28.81, 28.8, 28.8, 28.8], [28.65, 28.65, 28.66, 28.67, 28.77, 28.77, 28.78, 28.78, 28.79, 28.8, 28.8, 28.8, 28.87, 28.88, 28.74, 28.81, 28.8, 28.8, 28.79, 28.79], [28.64, 28.65, 28.65, 28.66, 28.77, 28.77, 28.78, 28.78, 28.8, 28.8, 28.8, 28.8, 28.87, 28.87, 28.82, 28.81, 28.8, 28.79, 28.78, 28.78], [28.63, 28.64, 28.65, 28.65, 28.67, 28.77, 28.77, 28.78, 28.79, 28.8, 28.8, 28.8, 28.86, 28.87, 28.82, 28.8, 28.79, 28.77, 28.77, 28.77], [28.63, 28.63, 28.64, 28.64, 28.65, 28.77, 28.77, 28.77, 28.77, 28.8, 28.8, 28.86, 28.83, 28.86, 28.82, 28.79, 28.77, 28.75, 28.75, 28.76], [28.62, 28.62, 28.62, 28.63, 28.64, 28.65, 28.76, 28.76, 28.76, 28.77, 28.88, 28.88, 28.86, 28.9, 28.82, 28.78, 28.74, 28.72, 28.73, 28.75], [28.53, 28.61, 28.61, 28.61, 28.62, 28.63, 28.65, 28.74, 28.74, 28.82, 28.86, 28.92, 28.97, 28.95, 28.83, 28.77, 28.69, 28.66, 28.64, 28.65], [28.53, 28.53, 28.53, 28.53, 28.53, 28.61, 28.64, 28.67, 28.73, 28.82, 28.83, 29.01, 29.01, 28.95, 28.79, 28.84, 28.73, 28.69, 28.75, 28.8], [28.57, 28.57, 28.51, 28.51, 28.51, 28.52, 28.56, 28.65, 28.73, 28.83, 28.92, 28.96, 28.98, 28.95, 28.8, 28.86, 28.8, 28.77, 28.79, 28.81], [28.4, 28.4, 28.4, 28.54, 28.52, 28.47, 28.5, 28.56, 28.76, 28.75, 28.98, 28.93, 28.95, 28.94, 28.8, 28.88, 28.84, 28.82, 28.82, 28.83], [28.4, 28.4, 28.4, 28.4, 28.4, 28.4, 28.4, 28.4, 28.51, 28.73, 28.8, 28.91, 28.93, 28.93, 28.79, 28.9, 28.87, 28.85, 28.85, 28.85], [28.4, 28.4, 28.4, 28.4, 28.4, 28.4, 28.4, 28.4, 28.4, -999.0, 28.8, 29.1, 29.1, 28.92, 28.79, 28.91, 28.9, 28.32, 28.32, 28.32], [28.4, 28.4, 28.4, 28.4, 28.4, 28.4, 28.4, 28.4, 28.4, 28.4, -999.0, 29.1, 29.1, 28.45, 28.73, 28.42, 28.42, 28.36, 28.37, 28.37], [28.4, 28.4, 28.4, 28.4, 28.4, 28.4, 28.4, 28.4, 28.4, 28.4, -999.0, 28.1, 28.1, 28.1, 28.65, 28.38, 28.38, 28.32, 28.33, 28.35], [28.4, 28.4, 28.4, 28.4, 28.4, 28.4, 28.4, 28.4, 28.4, 28.4, 28.4, 28.28, 28.1, 28.1, 28.1, 28.33, 28.34, 28.29, 28.3, 28.32], [28.4, 28.4, 28.4, 28.4, 28.4, 28.4, 28.4, 28.4, 28.4, 28.4, 28.21, 28.23, 28.2, 28.18, 28.21, 28.25, 28.27, 28.23, 28.34, 28.36], [28.4, 28.4, 28.4, 28.4, 28.4, 28.4, 28.4, 28.4, 28.4, 28.4, 28.27, 28.23, 28.19, 28.16, 28.18, 27.94, 27.88, 27.83, 27.79, 27.77], [28.4, 28.4, 28.4, 28.4, 28.4, 28.4, 28.4, 28.4, 28.4, 28.32, 28.28, 28.24, 28.19, 28.18, 28.11, 27.96, 27.88, 27.82, 27.78, 27.75], [28.4, 28.4, 28.4, 28.4, 28.4, 28.4, 28.4, 28.4, 28.37, 28.34, 28.18, 28.14, 28.25, 28.21, 27.97, 27.91, 27.85, 27.8, 27.76, 27.73], [28.4, 28.4, 28.0, 28.02, 28.05, 28.08, 28.14, 28.28, 28.29, 28.23, 28.16, 28.13, 28.28, 28.26, 27.87, 27.84, 27.8, 27.76, 27.73, 27.71], [27.97, 27.98, 28.0, 28.11, 28.13, 28.15, 28.17, 28.2, 28.19, 28.16, 28.12, 28.1, 28.3, 27.81, 27.8, 27.79, 27.76, 27.73, 27.7, 27.68], [28.07, 28.08, 28.08, 28.09, 28.09, 28.1, 28.1, 28.11, 28.1, 28.08, 28.07, 28.06, 28.1, 27.76, 27.76, 27.76, 27.75, 27.7, 27.66, 27.64], [28.06, 28.06, 28.06, 28.07, 28.07, 28.06, 28.05, 28.03, 28.01, 27.99, 28.0, 28.12, 27.61, 27.72, 27.72, 27.75, 27.81, 27.69, 27.6, 27.59], [28.06, 28.06, 28.06, 28.05, 28.04, 28.03, 28.01, 27.97, 27.93, 27.9, 27.93, 28.0, 27.61, 27.6, 27.61, 27.72, 28.07, 27.51, 27.49, 27.54], [28.06, 28.05, 28.05, 28.04, 28.03, 28.01, 27.98, 27.93, 27.85, 27.79, 27.88, 27.98, 28.06, 27.59, 27.57, 27.55, 27.38, 27.12, 27.4, 27.5], [28.05, 28.05, 28.04, 28.03, 28.02, 28.0, 27.97, 27.92, 27.85, 27.8, 27.9, 27.98, 28.05, 27.57, 27.54, 27.55, 27.43, 27.36, 27.42, 27.49], [28.05, 28.04, 28.03, 28.02, 28.01, 27.99, 27.97, 27.95, 27.92, 27.91, 27.96, 28.01, 28.05, 27.71, 27.64, 27.58, 27.51, 27.47, 27.48, 27.51], [28.04, 28.04, 28.03, 28.02, 28.01, 28.0, 27.99, 27.98, 27.97, 28.0, 28.03, 27.75, 27.63, 27.51, 27.67, 27.61, 27.57, 27.54, 27.53, 27.54], [28.04, 28.03, 28.03, 28.02, 28.01, 28.01, 28.0, 28.0, 28.01, 28.05, 28.0, 27.83, 27.69, 27.56, 27.7, 27.65, 27.61, 27.58, 27.57, 27.57], [28.04, 28.03, 28.03, 28.02, 28.02, 28.01, 28.01, 28.01, 27.8, 27.89, 27.95, 27.83, 27.7, 27.59, 27.73, 27.68, 27.64, 27.62, 27.6, 27.6], [28.04, 28.03, 28.03, 28.03, 28.02, 28.02, 28.02, 28.02, 27.77, 27.82, 27.83, 27.77, 27.69, 27.6, 27.74, 27.7, 27.67, 27.64, 27.63, 27.62], [28.04, 28.03, 28.03, 28.03, 28.03, 28.02, 28.02, 27.71, 27.73, 27.75, 27.75, 27.71, 27.66, 27.59, 27.75, 27.71, 27.68, 27.66, 27.65, 27.64]]}]