gis_exercise/awsData/contour/wdir_2023091009.json
[{"header": {"refTime": "2023-09-10T09:00:00.000Z", "nx": 21, "ny": 33, "lo1": 113.509, "la1": 22.2235, "lo2": 113.5947, "la2": 22.1034, "dx": 0.0042850000000001385, "dy": 0.003753125000000024, "parameterCategory": 2, "parameterCategoryName": "Temperature", "parameterNumber": 2}, "data": [-2.39, -2.39, -2.39, -2.48, -2.47, -2.55, -2.53, -2.51, -2.5, -2.42, -2.44, -2.47, -2.65, -2.67, -4.14, -4.34, -4.72, -4.85, -4.94, -5.01, -2.39, -2.39, -2.39, -2.4, -2.47, -2.46, -2.52, -2.47, -2.45, -2.4, -2.44, -2.48, -2.67, -2.69, -4.16, -4.59, -4.79, -4.95, -5.06, -5.11, -2.39, -2.39, -2.39, -2.4, -2.48, -2.46, -2.44, -2.45, -2.34, -2.39, -2.45, -2.5, -2.69, -2.71, -4.33, -4.64, -4.91, -5.1, -5.21, -5.26, -2.38, -2.39, -2.39, -2.4, -2.41, -2.48, -2.46, -2.42, -2.39, -2.41, -2.47, -2.54, -2.72, -2.73, -4.29, -4.73, -5.1, -5.34, -5.44, -5.44, -2.38, -2.38, -2.39, -2.4, -2.41, -2.51, -2.5, -2.48, -2.47, -2.44, -2.49, -2.72, -2.74, -2.74, -4.32, -4.93, -5.44, -5.71, -5.75, -5.66, -2.37, -2.37, -2.38, -2.39, -2.41, -2.44, -2.55, -2.55, -2.54, -2.51, -2.67, -2.72, -2.74, -3.56, -4.45, -5.23, -5.99, -6.31, -6.14, -5.88, -3.72, -2.36, -2.37, -2.38, -2.4, -2.44, -2.51, -2.64, -2.63, -2.66, -2.62, -2.73, -3.72, -3.86, -4.62, -5.55, -6.76, -7.2, -7.01, -6.71, -3.74, -3.68, -3.61, -3.49, -3.46, -2.42, -2.5, -2.65, -2.82, -2.63, -2.46, -3.49, -3.72, -4.19, -5.82, -6.44, -7.19, -7.47, -7.06, -6.79, -3.76, -3.7, -3.61, -3.49, -3.35, -3.35, -3.46, -2.54, -3.43, -2.68, -3.59, -4.16, -5.01, -4.6, -5.82, -6.27, -6.72, -6.92, -6.83, -6.68, -4.91, -4.8, -4.65, -3.47, -3.22, -3.05, -3.44, -3.85, -4.06, -3.88, -4.02, -4.61, -5.36, -4.8, -5.85, -6.13, -6.41, -6.57, -6.59, -6.54, -4.94, -4.85, -4.69, -4.42, -3.84, -2.15, -4.28, -5.37, -4.78, -4.55, -5.39, -4.47, -4.7, -4.62, -5.87, -6.04, -6.23, -6.35, -6.41, -6.41, -5.0, -4.93, -4.83, -4.66, -4.38, -4.25, -5.08, -6.01, -6.36, -6.88, -5.62, -5.66, -5.59, -4.45, -5.87, -5.99, -6.12, -6.31, -6.33, -6.33, -5.08, -5.05, -5.02, -5.0, -5.08, -5.46, -6.05, -6.21, -6.32, -6.05, -6.85, -5.72, -5.63, -4.56, -4.5, -5.93, -5.99, -6.04, -6.09, -6.12, -5.16, -5.16, -5.19, -5.27, -5.48, -5.96, -6.76, -6.25, -6.11, -5.99, -6.87, -5.76, -5.58, -5.43, -4.33, -5.61, -5.69, -5.78, -5.86, -5.92, -5.23, -5.26, -5.32, -5.43, -5.62, -5.92, -6.15, -5.35, -4.98, -4.67, -4.43, -3.14, -5.31, -5.12, -5.0, -5.24, -5.37, -5.51, -5.63, -5.74, -5.29, -5.33, -2.98, -3.11, -3.28, -4.67, -4.6, -4.33, -4.02, -3.85, -2.67, -2.78, -2.9, -2.93, -3.05, -4.19, -4.28, -4.37, -4.87, -4.98, -2.7, -2.73, -2.76, -2.78, -4.04, -3.86, -3.51, -3.05, -2.75, -2.81, -2.11, -2.45, -2.75, -3.0, -2.88, -3.42, -3.43, -3.43, -3.43, -3.43, -2.57, -2.56, -2.53, -2.45, -3.51, -3.1, -2.45, -1.55, -1.09, -1.02, -1.66, -2.17, -2.63, -2.82, -3.33, -3.42, -3.43, -3.44, -3.44, -3.44, -2.45, -2.4, -2.31, -3.42, -3.08, -2.55, -1.67, -0.24, 1.14, -0.33, -0.79, -1.49, -2.14, -2.67, -3.42, -3.43, -3.44, -3.45, -3.44, -3.44, -2.34, -2.26, -2.73, -2.54, -2.25, -1.81, -1.14, -0.2, 0.67, -0.12, -0.91, -1.51, -2.05, -2.49, -3.44, -3.45, -3.46, -3.46, -3.45, -3.44, -2.89, -2.8, -2.67, -2.49, -2.25, -1.91, -1.48, -1.04, -0.4, -0.76, -1.24, -1.65, -2.04, -3.46, -3.47, -3.48, -3.49, -3.48, -3.46, -3.44, -2.86, -2.77, -2.66, -2.52, -2.34, -2.13, -1.92, -0.91, -1.24, -1.45, -1.68, -1.89, -3.96, -3.47, -3.49, -3.52, -3.54, -3.51, -3.46, -3.44, -2.85, -2.77, -2.69, -1.31, -1.32, -1.36, -1.43, -1.57, -1.75, -1.88, -1.88, -2.46, -3.74, -3.47, -3.51, -3.57, -3.65, -3.55, -3.44, -3.42, -1.41, -1.42, -1.44, -1.48, -1.55, -1.66, -1.83, -2.11, -2.46, -2.64, -2.45, -3.66, -3.75, -3.68, -3.64, -3.57, -3.94, -3.41, -3.36, -3.38, -1.48, -1.51, -1.56, -1.62, -1.72, -1.87, -2.11, -2.48, -3.06, -3.54, -2.9, -3.62, -3.6, -3.67, -3.61, -3.54, -3.29, -3.05, -3.28, -3.35, -1.55, -1.59, -1.65, -1.73, -1.84, -2.0, -2.23, -2.57, -3.09, -3.49, -3.64, -3.5, -3.49, -3.67, -3.59, -3.17, -3.15, -3.11, -3.29, -3.34, -1.61, -1.66, -1.72, -1.8, -1.91, -2.06, -2.24, -2.46, -2.7, -2.77, -3.31, -3.27, -3.33, -2.9, -3.01, -3.08, -3.11, -3.11, -3.11, -3.12, -1.65, -1.7, -1.77, -1.85, -1.94, -2.06, -2.19, -2.31, -2.38, -2.96, -2.84, -2.69, -2.75, -2.77, -2.93, -3.01, -3.05, -3.07, -3.08, -3.09, -1.68, -1.73, -1.79, -1.87, -1.95, -2.04, -2.13, -2.19, -2.2, -2.56, -2.17, -2.48, -2.64, -2.71, -2.85, -2.94, -3.0, -3.03, -3.05, -3.06, -1.71, -1.76, -1.81, -1.87, -1.94, -2.01, -2.07, -2.11, -2.62, -2.4, -2.26, -2.45, -2.6, -2.68, -2.81, -2.89, -2.95, -2.99, -3.01, -3.03, -1.72, -1.77, -1.82, -1.87, -1.93, -1.98, -2.03, -2.06, -2.63, -2.52, -2.47, -2.53, -2.61, -2.67, -2.78, -2.86, -2.91, -2.95, -2.98, -3.0, -1.73, -1.77, -1.82, -1.86, -1.91, -1.95, -1.99, -2.73, -2.66, -2.6, -2.58, -2.6, -2.64, -2.68, -2.77, -2.83, -2.89, -2.93, -2.95, -2.98]}, {"header": {"refTime": "2023-09-10T09:00:00.000Z", "nx": 21, "ny": 33, "lo1": 113.509, "la1": 22.2235, "lo2": 113.5947, "la2": 22.1034, "dx": 0.0042850000000001385, "dy": 0.003753125000000024, "parameterCategory": 2, "parameterCategoryName": "Temperature", "parameterNumber": 3}, "data": [0.24, 0.24, 0.24, 0.49, 0.47, 0.45, 0.41, 0.38, 0.37, 0.41, 0.48, 0.54, 0.61, 0.65, 0.92, 0.98, 1.28, 1.31, 1.32, 1.33, 0.25, 0.25, 0.24, 0.24, 0.47, 0.43, 0.38, 0.31, 0.27, 0.35, 0.47, 0.56, 0.64, 0.68, 0.95, 1.26, 1.3, 1.32, 1.34, 1.35, 0.25, 0.25, 0.25, 0.25, 0.48, 0.44, 0.38, 0.26, 0.07, 0.3, 0.49, 0.61, 0.69, 0.72, 1.22, 1.27, 1.32, 1.35, 1.37, 1.38, 0.25, 0.25, 0.25, 0.26, 0.26, 0.48, 0.42, 0.33, 0.25, 0.39, 0.56, 0.68, 0.77, 0.94, 1.21, 1.29, 1.35, 1.39, 1.41, 1.41, 0.25, 0.25, 0.26, 0.26, 0.27, 0.53, 0.51, 0.48, 0.47, 0.53, 0.65, 0.94, 0.94, 0.95, 1.21, 1.32, 1.41, 1.46, 1.46, 1.45, 0.24, 0.25, 0.26, 0.27, 0.29, 0.32, 0.6, 0.61, 0.63, 0.65, 0.94, 0.94, 0.95, 1.09, 1.24, 1.37, 1.5, 1.56, 1.53, 1.49, 0.74, 0.24, 0.25, 0.26, 0.29, 0.33, 0.64, 0.72, 0.75, 0.91, 0.92, 0.95, 1.12, 1.14, 1.27, 1.43, 1.64, 1.71, 1.69, 1.63, 0.74, 0.72, 0.69, 0.79, 0.79, 0.51, 0.6, 0.74, 0.89, 0.9, 0.91, 1.08, 1.12, 1.2, 1.48, 1.59, 1.72, 1.76, 1.69, 1.65, 0.73, 0.71, 0.67, 0.63, 0.7, 0.72, 0.82, 0.65, 1.12, 0.91, 1.11, 1.2, 1.35, 1.28, 1.48, 1.56, 1.64, 1.67, 1.65, 1.63, 1.11, 1.07, 1.01, 0.59, 0.48, 0.5, 0.73, 0.98, 1.34, 1.29, 1.18, 1.28, 1.42, 1.32, 1.49, 1.54, 1.58, 1.61, 1.61, 1.6, 1.12, 1.08, 1.02, 0.91, 0.67, -0.04, 0.87, 1.38, 1.36, 1.5, 1.61, 1.26, 1.3, 1.29, 1.49, 1.52, 1.55, 1.57, 1.58, 1.58, 1.15, 1.12, 1.07, 1.0, 0.88, 0.83, 1.2, 1.69, 1.9, 2.01, 1.7, 1.64, 1.59, 1.26, 1.49, 1.51, 1.54, 1.31, 1.31, 1.31, 1.18, 1.16, 1.14, 1.13, 1.15, 1.29, 1.51, 1.71, 1.84, 1.68, 1.94, 1.68, 1.63, 0.99, 0.96, 1.19, 1.2, 1.21, 1.22, 1.23, 1.21, 1.2, 1.21, 1.23, 1.3, 1.46, 1.69, 1.63, 1.66, 1.62, 1.94, 1.42, 1.31, 1.22, 0.84, 1.05, 1.08, 1.11, 1.13, 1.16, 1.24, 1.24, 1.26, 1.3, 1.36, 1.46, 1.55, 1.81, 1.82, 1.82, 1.8, 1.19, 1.17, 1.06, 0.99, 0.9, 0.94, 1.0, 1.05, 1.08, 1.26, 1.27, 1.01, 1.05, 1.11, 1.75, 1.75, 1.74, 1.73, 1.73, 1.22, 1.09, 0.93, 0.66, 0.6, 0.91, 1.03, 1.15, 1.31, 1.4, 0.99, 1.01, 1.03, 1.07, 1.71, 1.7, 1.67, 1.64, 1.62, 1.63, 1.14, 1.0, 0.81, 0.6, 0.55, 0.52, 0.67, 0.78, 0.85, 0.9, 1.01, 1.02, 1.05, 1.07, 1.67, 1.64, 1.59, 1.52, 1.48, 1.11, 1.0, 0.96, 0.75, 0.55, 0.18, 0.48, 0.68, 0.81, 0.89, 0.94, 1.02, 1.03, 1.05, 1.67, 1.64, 1.6, 1.53, 1.41, 1.21, 1.12, 0.59, 0.43, 0.91, 0.71, 0.45, 0.61, 0.78, 0.89, 0.95, 0.99, 1.02, 1.04, 0.93, 0.94, 0.95, 0.96, 0.99, 1.05, 0.93, 0.74, 0.55, 0.41, 1.06, 0.98, 0.73, 0.82, 0.93, 1.01, 1.04, 1.05, 0.88, 0.88, 0.87, 0.87, 0.87, 0.87, 0.88, 0.9, 0.65, 0.56, 0.45, 0.36, 1.21, 0.9, 0.95, 1.04, 1.12, 1.15, 1.13, 1.11, 0.84, 0.83, 0.81, 0.8, 0.78, 0.76, 0.74, 0.48, 0.41, 0.36, 0.31, 0.27, 0.78, 1.04, 1.13, 1.24, 1.33, 1.3, 1.22, 1.16, 0.79, 0.78, 0.76, 0.39, 0.38, 0.37, 0.34, 0.3, 0.25, 0.21, 0.21, 0.88, 0.76, 1.14, 1.25, 1.43, 1.62, 1.46, 1.26, 1.18, 0.37, 0.37, 0.36, 0.35, 0.32, 0.29, 0.23, 0.15, 0.04, -0.02, 0.05, 0.54, 0.7, 0.93, 1.16, 1.48, 2.15, 1.31, 1.18, 1.15, 0.35, 0.34, 0.33, 0.31, 0.28, 0.23, 0.16, 0.04, -0.15, -0.3, -0.09, 0.45, 0.76, 0.88, 1.08, 1.23, 1.13, 0.78, 1.07, 1.12, 0.34, 0.33, 0.31, 0.29, 0.25, 0.2, 0.13, 0.03, -0.14, -0.28, 0.12, 0.43, 0.7, 0.82, 0.99, 1.21, 1.12, 1.05, 1.07, 1.1, 0.33, 0.31, 0.29, 0.27, 0.24, 0.2, 0.14, 0.08, 0.01, -0.01, 0.28, 0.46, 0.67, 1.05, 1.12, 1.14, 1.13, 1.11, 1.12, 1.14, 0.32, 0.3, 0.29, 0.26, 0.24, 0.21, 0.18, 0.15, 0.14, 0.34, 0.4, 0.08, 0.04, 0.02, 1.06, 1.09, 1.11, 1.11, 1.12, 1.13, 0.31, 0.3, 0.28, 0.26, 0.24, 0.22, 0.21, 0.2, 0.22, 0.42, 0.32, 0.18, 0.09, 0.05, 1.01, 1.06, 1.08, 1.1, 1.11, 1.12, 0.31, 0.29, 0.28, 0.27, 0.25, 0.24, 0.23, 0.23, 0.12, 0.21, 0.28, 0.19, 0.11, 0.07, 0.98, 1.03, 1.06, 1.08, 1.1, 1.11, 0.3, 0.29, 0.28, 0.27, 0.26, 0.25, 0.25, 0.25, 0.11, 0.16, 0.18, 0.15, 0.11, 0.07, 0.96, 1.01, 1.04, 1.06, 1.08, 1.09, 0.3, 0.29, 0.29, 0.28, 0.27, 0.26, 0.26, 0.06, 0.09, 0.12, 0.12, 0.11, 0.09, 0.07, 0.95, 0.99, 1.03, 1.05, 1.07, 1.08]}, {"header": {"refTime": "2023-09-10T09:00:00.000Z", "nx": 21, "ny": 33, "lo1": 113.509, "la1": 22.2235, "lo2": 113.5947, "la2": 22.1034, "dx": 0.0042850000000001385, "dy": 0.003753125000000024, "parameterCategory": 0, "parameterCategoryName": "Temperature", "parameterNumber": 0}, "data": [[25.26, 25.25, 25.25, 25.02, 25.02, 25.27, 25.27, 25.26, 25.27, 25.19, 25.2, 25.21, 25.41, 25.42, 25.42, 25.42, 25.48, 25.47, 25.47, 25.47], [25.26, 25.26, 25.25, 25.25, 25.03, 25.04, 25.26, 25.25, 25.25, 25.19, 25.2, 25.22, 25.42, 25.43, 25.43, 25.48, 25.47, 25.47, 25.47, 25.46], [25.26, 25.26, 25.25, 25.25, 25.02, 25.04, 25.06, 25.24, 25.21, 25.19, 25.21, 25.24, 25.44, 25.45, 25.49, 25.48, 25.47, 25.47, 25.46, 25.46], [25.27, 25.26, 25.26, 25.25, 25.24, 25.03, 25.05, 25.08, 25.1, 25.18, 25.21, 25.28, 25.48, 25.36, 25.49, 25.48, 25.47, 25.46, 25.46, 25.45], [25.27, 25.27, 25.27, 25.26, 25.25, 25.01, 25.02, 25.03, 25.02, 25.14, 25.19, 25.37, 25.5, 25.39, 25.49, 25.47, 25.46, 25.45, 25.45, 25.45], [25.28, 25.28, 25.27, 25.27, 25.26, 25.24, 25.0, 25.0, 24.98, 24.93, 25.16, 25.3, 25.41, 25.53, 25.48, 25.46, 25.44, 25.44, 25.44, 25.44], [25.32, 25.29, 25.29, 25.28, 25.27, 25.25, 25.07, 25.0, 24.98, 24.93, 24.9, 25.19, 25.49, 25.5, 25.47, 25.45, 25.43, 25.42, 25.44, 25.45], [25.33, 25.33, 25.33, 25.33, 25.32, 25.14, 25.1, 25.07, 25.06, 24.9, 24.73, 25.15, 25.16, 25.5, 25.4, 25.4, 25.4, 25.4, 25.4, 25.4], [25.27, 25.28, 25.35, 25.35, 25.36, 25.34, 25.29, 25.09, 24.94, 24.95, 24.91, 25.03, 25.08, 25.01, 25.4, 25.4, 25.4, 25.4, 25.4, 25.4], [25.5, 25.5, 25.5, 25.31, 25.34, 25.41, 25.36, 25.29, 24.82, 24.84, 25.09, 24.95, 25.0, 24.97, 25.4, 25.4, 25.4, 25.4, 25.4, 25.4], [25.5, 25.5, 25.5, 25.5, 25.5, 25.5, 25.5, 25.5, 25.36, 24.93, 24.6, 24.9, 24.94, 24.94, 25.4, 25.4, 25.4, 25.4, 25.4, 25.4], [25.5, 25.5, 25.5, 25.5, 25.5, 25.5, 25.5, 25.5, 25.5, -999.0, 24.6, 25.4, 25.4, 24.92, 25.4, 25.4, 25.4, 24.89, 24.9, 24.9], [25.5, 25.5, 25.5, 25.5, 25.5, 25.5, 25.5, 25.5, 25.5, 25.5, -999.0, 25.4, 25.4, 24.81, 25.07, 25.07, 25.08, 24.97, 24.98, 24.99], [25.5, 25.5, 25.5, 25.5, 25.5, 25.5, 25.5, 25.5, 25.5, 25.5, -999.0, 24.5, 24.5, 24.5, 24.99, 25.0, 25.01, 24.9, 24.92, 24.94], [25.5, 25.5, 25.5, 25.5, 25.5, 25.5, 25.5, 25.7, 25.7, 25.7, 25.7, 25.24, 24.5, 24.5, 24.5, 24.91, 24.94, 24.84, 24.87, 24.89], [25.5, 25.5, 25.63, 25.63, 25.63, 25.7, 25.7, 25.7, 25.7, 25.7, 24.94, 25.03, 24.91, 24.82, 24.93, 24.83, 24.88, 24.79, 24.98, 25.01], [25.63, 25.63, 25.57, 25.57, 25.7, 25.7, 25.7, 25.7, 25.7, 25.7, 25.18, 25.04, 24.88, 24.73, 24.74, 24.75, 24.84, 24.91, 24.96, 25.0], [25.57, 25.57, 25.58, 25.58, 25.7, 25.7, 25.7, 25.7, 25.7, 25.4, 25.23, 25.05, 24.87, 24.75, 24.54, 24.72, 24.85, 24.93, 24.99, 25.02], [25.58, 25.58, 25.58, 25.7, 25.7, 25.7, 25.7, 25.7, 25.59, 25.47, 25.35, 25.2, 24.99, 24.84, 24.71, 24.8, 24.9, 24.98, 25.02, 25.05], [25.58, 25.58, 25.7, 25.7, 25.7, 25.7, 25.7, 25.7, 25.59, 25.49, 25.38, 25.25, 25.06, 24.97, 24.87, 24.92, 24.99, 25.04, 25.07, 25.09], [25.7, 25.7, 25.7, 25.7, 25.7, 25.7, 25.7, 25.7, 25.51, 25.47, 25.39, 25.3, 25.12, 24.98, 25.0, 25.04, 25.09, 25.12, 25.13, 25.13], [25.7, 25.7, 25.7, 25.7, 25.7, 25.7, 25.7, 25.73, 25.49, 25.46, 25.41, 25.34, 25.18, 25.06, 25.1, 25.14, 25.18, 25.19, 25.18, 25.17], [25.7, 25.7, 25.7, 25.75, 25.75, 25.75, 25.74, 25.74, 25.74, 25.74, 25.74, 25.62, 25.48, 25.12, 25.16, 25.22, 25.27, 25.26, 25.23, 25.2], [25.76, 25.76, 25.76, 25.75, 25.75, 25.75, 25.75, 25.74, 25.74, 25.73, 25.74, 25.68, 25.49, 25.45, 25.42, 25.26, 25.35, 25.3, 25.26, 25.22], [25.76, 25.76, 25.76, 25.76, 25.76, 25.75, 25.75, 25.74, 25.73, 25.72, 25.74, 25.69, 25.67, 25.46, 25.42, 25.39, 25.29, 25.29, 25.26, 25.23], [25.76, 25.76, 25.76, 25.76, 25.76, 25.76, 25.76, 25.75, 25.74, 25.73, 25.71, 25.71, 25.68, 25.46, 25.43, 25.43, 25.4, 25.39, 25.25, 25.23], [25.77, 25.77, 25.77, 25.77, 25.77, 25.77, 25.77, 25.77, 25.76, 25.77, 25.74, 25.73, 25.71, 25.55, 25.5, 25.46, 25.44, 25.42, 25.43, 25.43], [25.77, 25.77, 25.77, 25.77, 25.77, 25.77, 25.78, 25.78, 25.79, 25.78, 25.79, 25.75, 25.71, 25.67, 25.53, 25.49, 25.47, 25.45, 25.45, 25.45], [25.77, 25.77, 25.77, 25.77, 25.78, 25.78, 25.79, 25.8, 25.82, 25.82, 25.86, 25.79, 25.73, 25.69, 25.56, 25.52, 25.49, 25.48, 25.47, 25.47], [25.77, 25.77, 25.78, 25.78, 25.78, 25.79, 25.79, 25.8, 25.77, 25.81, 25.84, 25.79, 25.74, 25.7, 25.58, 25.54, 25.51, 25.5, 25.49, 25.48], [25.77, 25.78, 25.78, 25.78, 25.78, 25.79, 25.8, 25.81, 25.76, 25.78, 25.79, 25.77, 25.73, 25.7, 25.59, 25.55, 25.53, 25.51, 25.5, 25.5], [25.78, 25.78, 25.78, 25.78, 25.79, 25.79, 25.8, 25.74, 25.75, 25.76, 25.76, 25.74, 25.72, 25.7, 25.59, 25.56, 25.54, 25.53, 25.51, 25.51]]}]