gis_exercise/awsData/contour/wdir_2023091313.json
[{"header": {"refTime": "2023-09-13T13:00:00.000Z", "nx": 21, "ny": 33, "lo1": 113.509, "la1": 22.2235, "lo2": 113.5947, "la2": 22.1034, "dx": 0.0042850000000001385, "dy": 0.003753125000000024, "parameterCategory": 2, "parameterCategoryName": "Temperature", "parameterNumber": 2}, "data": [-2.02, -2.04, -2.06, -2.53, -2.51, -2.8, -2.75, -2.7, -2.68, -2.42, -2.47, -2.53, -2.79, -2.83, -3.29, -3.35, -3.59, -3.62, -3.64, -3.65, -2.0, -2.03, -2.05, -2.09, -2.52, -2.49, -2.71, -2.61, -2.55, -2.38, -2.47, -2.56, -2.83, -2.86, -3.32, -3.56, -3.61, -3.64, -3.66, -3.68, -1.98, -2.01, -2.04, -2.08, -2.54, -2.51, -2.45, -2.54, -2.26, -2.35, -2.49, -2.62, -2.9, -2.92, -3.51, -3.58, -3.64, -3.68, -3.7, -3.71, -1.96, -1.98, -2.02, -2.06, -2.11, -2.54, -2.5, -2.42, -2.35, -2.39, -2.54, -2.72, -3.01, -2.94, -3.51, -3.6, -3.68, -3.74, -3.76, -3.76, -1.92, -1.95, -1.98, -2.03, -2.1, -2.6, -2.59, -2.55, -2.51, -2.43, -2.57, -2.96, -3.16, -2.99, -3.51, -3.64, -3.76, -3.83, -3.83, -3.81, -1.88, -1.9, -1.92, -1.97, -2.05, -2.17, -2.7, -2.71, -2.67, -2.56, -2.67, -2.86, -3.02, -3.34, -3.53, -3.71, -3.89, -3.97, -3.93, -3.86, -2.92, -1.83, -1.85, -1.88, -1.97, -2.12, -2.31, -2.92, -2.9, -2.68, -2.5, -2.68, -3.29, -3.35, -3.54, -3.78, -4.08, -4.2, -4.2, -4.13, -2.9, -2.83, -2.76, -2.52, -2.54, -1.92, -2.24, -2.78, -3.34, -2.63, -2.19, -2.86, -3.01, -3.4, -3.77, -3.95, -4.17, -4.25, -4.13, -4.05, -2.88, -2.8, -2.69, -2.55, -2.27, -2.35, -2.69, -2.41, -3.43, -2.73, -2.75, -3.1, -3.48, -3.3, -3.78, -3.91, -4.03, -4.09, -4.06, -4.02, -3.36, -3.25, -3.08, -2.42, -2.06, -1.73, -2.32, -2.98, -3.68, -3.49, -2.98, -3.27, -3.6, -3.37, -3.8, -3.87, -3.95, -3.99, -4.0, -3.98, -3.4, -3.3, -3.13, -2.83, -2.2, -0.35, -2.65, -3.78, -3.66, -3.89, -3.83, -3.2, -3.31, -3.28, -3.8, -3.85, -3.9, -3.93, -3.95, -3.95, -3.47, -3.39, -3.28, -3.1, -2.8, -2.65, -3.53, -4.44, -4.77, -5.19, -4.03, -4.11, -4.02, -3.2, -3.8, -3.83, -3.87, -3.89, -3.9, -3.9, -3.56, -3.52, -3.49, -3.48, -3.58, -4.02, -4.68, -4.72, -4.76, -4.52, -5.13, -4.19, -4.09, -3.37, -3.35, -3.78, -3.79, -3.81, -3.82, -3.83, -3.65, -3.65, -3.69, -3.79, -4.04, -4.61, -5.58, -4.86, -4.63, -4.49, -5.18, -4.19, -4.05, -3.95, -3.28, -3.67, -3.69, -3.72, -3.74, -3.76, -3.73, -3.76, -3.83, -3.96, -4.19, -4.53, -4.8, -4.94, -4.71, -4.54, -4.42, -3.34, -3.92, -3.8, -3.73, -3.54, -3.58, -3.62, -3.67, -3.7, -3.79, -3.84, -2.89, -3.02, -3.2, -4.63, -4.59, -4.44, -4.27, -4.17, -3.18, -3.16, -3.12, -2.85, -2.87, -3.28, -3.33, -3.37, -3.51, -3.56, -2.74, -2.78, -2.85, -2.92, -4.31, -4.23, -4.06, -3.83, -3.68, -3.7, -2.94, -2.99, -3.01, -2.99, -2.82, -2.98, -3.01, -3.04, -3.05, -3.06, -2.72, -2.75, -2.79, -2.81, -4.05, -3.86, -3.55, -3.13, -2.91, -2.71, -2.9, -2.87, -2.93, -2.8, -2.88, -2.97, -3.02, -3.04, -3.06, -3.07, -2.7, -2.71, -2.72, -4.0, -3.85, -3.6, -3.19, -2.51, -1.84, -2.41, -2.49, -2.68, -2.67, -2.79, -2.96, -3.0, -3.04, -3.06, -3.08, -3.08, -2.67, -2.68, -3.83, -3.73, -3.59, -3.37, -3.04, -2.56, -2.01, -2.3, -2.58, -2.74, -2.67, -2.79, -3.03, -3.05, -3.08, -3.09, -3.1, -3.1, -3.91, -3.87, -3.8, -3.71, -3.59, -3.42, -3.21, -2.99, -2.47, -2.6, -2.76, -2.86, -2.7, -3.07, -3.08, -3.1, -3.12, -3.13, -3.12, -3.11, -3.9, -3.85, -3.8, -3.73, -3.64, -3.53, -3.43, -2.61, -2.86, -2.94, -3.0, -3.03, -3.7, -3.1, -3.13, -3.16, -3.18, -3.17, -3.14, -3.12, -3.89, -3.85, -3.81, -2.67, -2.7, -2.74, -2.8, -2.9, -3.01, -3.07, -3.03, -3.46, -3.71, -3.12, -3.16, -3.21, -3.28, -3.21, -3.14, -3.12, -2.65, -2.67, -2.69, -2.73, -2.77, -2.85, -2.97, -3.15, -3.38, -3.48, -3.32, -3.63, -3.74, -3.59, -3.48, -3.22, -3.47, -3.14, -3.1, -3.1, -2.67, -2.69, -2.72, -2.76, -2.82, -2.92, -3.07, -3.31, -3.73, -4.08, -3.57, -3.6, -3.48, -3.6, -3.47, -3.35, -3.07, -2.94, -3.06, -3.09, -2.68, -2.7, -2.73, -2.78, -2.84, -2.93, -3.07, -3.29, -3.68, -3.99, -3.73, -3.47, -3.37, -3.61, -3.48, -2.92, -2.94, -2.92, -3.06, -3.08, -2.69, -2.71, -2.74, -2.77, -2.82, -2.89, -2.98, -3.11, -3.24, -3.24, -3.3, -3.19, -3.19, -2.62, -2.75, -2.83, -2.87, -2.89, -2.89, -2.88, -2.69, -2.7, -2.73, -2.76, -2.79, -2.83, -2.86, -2.88, -2.82, -2.86, -2.7, -2.65, -2.74, -2.79, -2.66, -2.75, -2.81, -2.83, -2.85, -2.85, -2.68, -2.7, -2.71, -2.73, -2.75, -2.76, -2.75, -2.69, -2.54, -2.36, -1.93, -2.36, -2.6, -2.71, -2.59, -2.68, -2.74, -2.78, -2.8, -2.81, -2.67, -2.68, -2.69, -2.7, -2.71, -2.7, -2.66, -2.58, -2.55, -2.25, -2.07, -2.32, -2.54, -2.66, -2.53, -2.63, -2.69, -2.73, -2.76, -2.77, -2.67, -2.67, -2.68, -2.68, -2.67, -2.65, -2.61, -2.54, -2.57, -2.42, -2.35, -2.44, -2.56, -2.65, -2.5, -2.59, -2.65, -2.69, -2.72, -2.74, -2.66, -2.66, -2.66, -2.66, -2.65, -2.63, -2.59, -2.71, -2.62, -2.54, -2.51, -2.54, -2.6, -2.66, -2.49, -2.56, -2.62, -2.66, -2.69, -2.72]}, {"header": {"refTime": "2023-09-13T13:00:00.000Z", "nx": 21, "ny": 33, "lo1": 113.509, "la1": 22.2235, "lo2": 113.5947, "la2": 22.1034, "dx": 0.0042850000000001385, "dy": 0.003753125000000024, "parameterCategory": 2, "parameterCategoryName": "Temperature", "parameterNumber": 3}, "data": [0.47, 0.44, 0.41, 0.11, 0.09, 0.22, 0.18, 0.14, 0.14, 0.18, 0.28, 0.37, 0.85, 0.92, 1.25, 1.36, 2.11, 2.16, 2.19, 2.21, 0.49, 0.46, 0.43, 0.38, 0.09, 0.06, 0.14, 0.06, 0.01, 0.11, 0.27, 0.4, 0.89, 0.96, 1.3, 2.06, 2.13, 2.18, 2.22, 2.24, 0.51, 0.49, 0.45, 0.41, 0.11, 0.07, 0.0, -0.01, -0.26, 0.04, 0.3, 0.47, 0.96, 1.02, 1.96, 2.07, 2.16, 2.23, 2.27, 2.29, 0.54, 0.52, 0.49, 0.45, 0.4, 0.1, 0.05, -0.03, -0.11, 0.15, 0.39, 0.6, 1.06, 1.24, 1.94, 2.1, 2.22, 2.3, 2.34, 2.34, 0.57, 0.56, 0.54, 0.51, 0.46, 0.15, 0.13, 0.1, 0.09, 0.31, 0.49, 1.2, 1.18, 1.24, 1.95, 2.16, 2.33, 2.42, 2.43, 2.41, 0.61, 0.61, 0.59, 0.57, 0.54, 0.5, 0.21, 0.23, 0.24, 0.25, 1.15, 1.23, 1.24, 1.56, 2.02, 2.27, 2.5, 2.59, 2.55, 2.48, 0.69, 0.66, 0.66, 0.65, 0.63, 0.6, 0.74, 0.33, 0.36, 0.8, 0.9, 1.32, 1.76, 1.73, 2.13, 2.39, 2.72, 2.85, 2.61, 2.47, 0.7, 0.71, 0.74, 0.92, 0.91, 0.86, 0.77, 0.64, 0.59, 0.75, 0.66, 1.69, 1.86, 1.84, 2.37, 2.56, 2.81, 2.9, 2.76, 2.68, 0.7, 0.72, 0.76, 0.8, 0.98, 0.96, 0.86, 0.72, 0.48, 0.84, 1.31, 1.66, 1.81, 1.74, 2.32, 2.49, 2.64, 2.71, 2.68, 2.64, 0.69, 0.71, 0.76, 0.84, 0.94, 1.12, 0.98, 0.82, 0.47, 0.47, 1.48, 1.66, 1.78, 1.73, 2.29, 2.42, 2.53, 2.59, 2.6, 2.59, 0.67, 0.7, 0.74, 0.82, 0.98, 1.45, 0.89, 0.64, 0.71, 0.47, 0.99, 1.62, 1.68, 1.68, 2.29, 2.38, 2.46, 2.51, 2.54, 2.54, 0.65, 0.67, 0.7, 0.74, 0.82, 0.86, 0.65, 0.52, 0.49, 0.61, 0.93, 1.53, 1.62, 1.64, 2.3, 2.37, 2.42, 1.96, 1.98, 1.98, 0.63, 0.63, 0.64, 0.63, 0.6, 0.47, 0.29, 0.39, 0.45, 0.48, 0.69, 1.45, 1.54, 1.51, 1.47, 1.72, 1.76, 1.8, 1.83, 1.86, 0.6, 0.6, 0.58, 0.55, 0.47, 0.29, -0.05, 0.27, 0.4, 0.45, 0.63, 0.88, 0.9, 0.9, 1.32, 1.54, 1.59, 1.65, 1.7, 1.74, 0.58, 0.57, 0.55, 0.51, 0.43, 0.32, 0.25, 0.58, 0.76, 0.88, 0.96, 1.11, 0.8, 0.78, 0.76, 1.34, 1.41, 1.49, 1.57, 1.63, 0.57, 0.55, 1.2, 1.16, 1.1, 0.8, 0.82, 0.93, 1.05, 1.12, 1.3, 1.17, 1.02, 1.18, 1.07, 0.96, 1.05, 1.14, 1.53, 1.62, 1.3, 1.29, 1.28, 1.27, 1.02, 1.08, 1.19, 1.35, 1.46, 1.45, 1.45, 1.23, 1.0, 0.77, 0.82, 0.81, 0.98, 1.12, 1.22, 1.29, 1.35, 1.35, 1.36, 1.39, 1.2, 1.33, 1.54, 1.83, 1.98, 1.76, 1.45, 1.3, 1.0, 0.84, 0.38, 0.75, 1.0, 1.16, 1.27, 1.34, 1.39, 1.41, 1.44, 1.23, 1.34, 1.51, 1.79, 2.25, 2.64, 2.03, 1.72, 1.38, 1.35, 1.02, 0.71, 0.9, 1.11, 1.25, 1.34, 1.4, 1.43, 1.46, 1.25, 1.32, 1.42, 1.58, 1.82, 2.17, 2.41, 2.06, 1.69, 1.39, 1.49, 1.29, 1.05, 1.15, 1.28, 1.38, 1.44, 1.47, 1.18, 1.22, 1.26, 1.33, 1.41, 1.53, 1.69, 1.85, 1.95, 1.79, 1.57, 1.36, 1.62, 1.25, 1.3, 1.39, 1.48, 1.53, 1.56, 1.56, 1.19, 1.22, 1.26, 1.31, 1.37, 1.44, 1.51, 1.76, 1.61, 1.52, 1.4, 1.29, 0.98, 1.42, 1.49, 1.59, 1.67, 1.69, 1.67, 1.64, 1.19, 1.21, 1.24, 1.56, 1.56, 1.56, 1.53, 1.49, 1.42, 1.37, 1.36, 1.67, 1.47, 1.53, 1.63, 1.74, 1.85, 1.83, 1.76, 1.7, 1.51, 1.5, 1.5, 1.49, 1.46, 1.43, 1.37, 1.27, 1.14, 1.08, 1.14, 1.05, 1.43, 1.59, 1.74, 1.83, 2.03, 1.9, 1.81, 1.74, 1.47, 1.46, 1.44, 1.42, 1.38, 1.33, 1.25, 1.12, 0.92, 0.76, 0.96, 1.0, 1.15, 1.57, 1.72, 1.83, 1.87, 1.85, 1.8, 1.75, 1.44, 1.42, 1.4, 1.37, 1.33, 1.27, 1.18, 1.06, 0.89, 0.76, 0.85, 0.99, 1.12, 1.55, 1.68, 1.83, 1.86, 1.87, 1.78, 1.74, 1.41, 1.39, 1.36, 1.33, 1.29, 1.23, 1.16, 1.07, 0.98, 0.95, 0.92, 1.0, 1.1, 1.62, 1.71, 1.77, 1.81, 1.82, 1.82, 1.81, 1.39, 1.36, 1.34, 1.3, 1.26, 1.21, 1.15, 1.09, 1.04, 0.94, 0.96, 0.97, 1.02, 1.09, 1.65, 1.71, 1.76, 1.78, 1.79, 1.79, 1.37, 1.35, 1.32, 1.29, 1.25, 1.2, 1.15, 1.1, 1.06, 0.96, 0.95, 0.97, 1.02, 1.08, 1.6, 1.66, 1.71, 1.74, 1.75, 1.76, 1.35, 1.33, 1.31, 1.27, 1.24, 1.2, 1.16, 1.12, 0.95, 0.95, 0.96, 0.98, 1.02, 1.07, 1.56, 1.63, 1.67, 1.7, 1.72, 1.73, 1.34, 1.32, 1.3, 1.27, 1.24, 1.2, 1.17, 1.13, 0.97, 0.97, 0.98, 1.0, 1.03, 1.07, 1.54, 1.6, 1.64, 1.67, 1.69, 1.71, 1.34, 1.32, 1.29, 1.27, 1.24, 1.21, 1.18, 0.98, 0.98, 0.99, 1.0, 1.01, 1.04, 1.07, 1.53, 1.58, 1.62, 1.65, 1.67, 1.69]}, {"header": {"refTime": "2023-09-13T13:00:00.000Z", "nx": 21, "ny": 33, "lo1": 113.509, "la1": 22.2235, "lo2": 113.5947, "la2": 22.1034, "dx": 0.0042850000000001385, "dy": 0.003753125000000024, "parameterCategory": 0, "parameterCategoryName": "Temperature", "parameterNumber": 0}, "data": [[29.27, 29.27, 29.27, 29.35, 29.35, 29.22, 29.24, 29.26, 29.27, 29.47, 29.48, 29.48, 29.67, 29.69, 29.04, 29.01, 29.32, 29.29, 29.27, 29.26], [29.27, 29.27, 29.27, 29.27, 29.35, 29.36, 29.25, 29.28, 29.3, 29.46, 29.47, 29.47, 29.66, 29.68, 29.04, 29.34, 29.3, 29.26, 29.24, 29.23], [29.27, 29.27, 29.27, 29.27, 29.34, 29.35, 29.36, 29.29, 29.38, 29.45, 29.47, 29.47, 29.64, 29.67, 29.38, 29.32, 29.26, 29.22, 29.19, 29.19], [29.27, 29.27, 29.27, 29.26, 29.26, 29.33, 29.34, 29.36, 29.38, 29.47, 29.48, 29.45, 29.59, 29.74, 29.37, 29.29, 29.21, 29.15, 29.13, 29.14], [29.28, 29.27, 29.27, 29.26, 29.25, 29.32, 29.32, 29.33, 29.35, 29.52, 29.5, 29.69, 29.48, 29.7, 29.38, 29.25, 29.12, 29.04, 29.04, 29.07], [29.28, 29.28, 29.27, 29.26, 29.24, 29.22, 29.28, 29.27, 29.31, 29.39, 29.91, 29.81, 29.67, 29.77, 29.39, 29.18, 28.96, 28.87, 28.92, 29.01], [29.24, 29.29, 29.28, 29.27, 29.25, 29.21, 29.28, 29.17, 29.2, 29.68, 29.89, 30.06, 30.1, 30.01, 29.43, 29.12, 28.73, 28.59, 28.48, 28.55], [29.26, 29.26, 29.26, 29.26, 29.24, 29.35, 29.28, 29.12, 29.04, 29.67, 29.91, 30.45, 30.46, 30.0, 29.19, 29.45, 28.93, 28.74, 29.04, 29.24], [29.14, 29.15, 29.3, 29.31, 29.31, 29.28, 29.18, 29.23, 29.15, 29.67, 30.21, 30.33, 30.38, 30.31, 29.26, 29.55, 29.24, 29.12, 29.19, 29.3], [29.6, 29.6, 29.6, 29.23, 29.28, 29.42, 29.32, 29.18, 29.43, 29.36, 30.39, 30.25, 30.3, 30.27, 29.26, 29.65, 29.46, 29.35, 29.35, 29.4], [29.6, 29.6, 29.6, 29.6, 29.6, 29.6, 29.6, 29.6, 29.32, 29.18, 29.9, 30.2, 30.24, 30.24, 29.23, 29.73, 29.59, 29.51, 29.49, 29.5], [29.6, 29.6, 29.6, 29.6, 29.6, 29.6, 29.6, 29.6, 29.6, -999.0, 29.9, 30.7, 30.7, 30.22, 29.21, 29.81, 29.73, 28.93, 28.91, 28.91], [29.6, 29.6, 29.6, 29.6, 29.6, 29.6, 29.6, 29.6, 29.6, 29.6, -999.0, 30.7, 30.7, 29.85, 30.22, 28.7, 28.69, 28.83, 28.81, 28.8], [29.6, 29.6, 29.6, 29.6, 29.6, 29.6, 29.6, 29.6, 29.6, 29.6, -999.0, 29.4, 29.4, 29.4, 30.11, 28.79, 28.77, 28.91, 28.88, 28.86], [29.6, 29.6, 29.6, 29.6, 29.6, 29.6, 29.6, 29.7, 29.7, 29.7, 29.7, 29.58, 29.4, 29.4, 29.4, 28.9, 28.86, 28.99, 28.95, 28.92], [29.6, 29.6, 29.66, 29.66, 29.67, 29.7, 29.7, 29.7, 29.7, 29.7, 29.51, 29.53, 29.5, 29.48, 29.51, 29.0, 28.94, 29.04, 28.81, 28.77], [29.66, 29.66, 29.64, 29.64, 29.7, 29.7, 29.7, 29.7, 29.7, 29.7, 29.57, 29.53, 29.49, 29.46, 29.31, 29.34, 29.32, 29.31, 29.3, 29.3], [29.64, 29.64, 29.64, 29.64, 29.7, 29.7, 29.7, 29.7, 29.7, 29.62, 29.58, 29.54, 29.49, 29.32, 29.39, 29.35, 29.32, 29.3, 29.29, 29.29], [29.64, 29.64, 29.64, 29.7, 29.7, 29.7, 29.7, 29.7, 29.67, 29.64, 29.74, 29.71, 29.28, 29.28, 29.35, 29.32, 29.3, 29.29, 29.28, 29.28], [29.64, 29.64, 30.1, 30.08, 30.05, 30.02, 29.96, 29.82, 29.75, 29.77, 29.77, 29.75, 29.24, 29.21, 29.3, 29.29, 29.27, 29.26, 29.27, 29.27], [30.13, 30.12, 30.1, 29.99, 29.97, 29.95, 29.93, 29.9, 29.82, 29.82, 29.82, 29.8, 29.19, 29.28, 29.26, 29.24, 29.23, 29.23, 29.25, 29.27], [30.03, 30.02, 30.02, 30.01, 30.01, 30.0, 30.0, 30.22, 29.9, 29.9, 29.89, 29.86, 29.38, 29.25, 29.22, 29.19, 29.16, 29.19, 29.24, 29.27], [30.04, 30.04, 30.04, 30.36, 30.35, 30.33, 30.33, 30.33, 30.34, 30.36, 30.38, 29.64, 29.64, 29.24, 29.2, 29.13, 29.04, 29.14, 29.25, 29.29], [30.41, 30.41, 30.4, 30.4, 30.4, 30.39, 30.4, 30.4, 30.41, 30.42, 30.44, 30.11, 29.67, 29.53, 29.39, 29.13, 28.73, 29.28, 29.33, 29.32], [30.44, 30.44, 30.44, 30.44, 30.44, 30.45, 30.46, 30.46, 30.45, 30.44, 30.48, 30.19, 30.02, 29.57, 29.45, 29.36, 29.4, 29.64, 29.41, 29.35], [30.46, 30.46, 30.47, 30.48, 30.49, 30.5, 30.51, 30.51, 30.5, 30.47, 30.37, 30.28, 30.13, 29.6, 29.51, 29.6, 29.59, 29.63, 29.4, 29.36], [30.48, 30.49, 30.5, 30.51, 30.52, 30.54, 30.57, 30.59, 30.6, 30.63, 30.49, 30.41, 30.25, 29.99, 29.83, 29.72, 29.67, 29.66, 29.65, 29.66], [30.5, 30.51, 30.52, 30.54, 30.56, 30.59, 30.62, 30.67, 30.73, 30.69, 30.73, 30.87, 30.79, 30.71, 29.94, 29.83, 29.76, 29.72, 29.71, 29.7], [30.52, 30.53, 30.54, 30.56, 30.59, 30.62, 30.67, 30.73, 30.84, 30.9, 31.18, 30.99, 30.85, 30.76, 30.04, 29.92, 29.84, 29.79, 29.76, 29.75], [30.53, 30.55, 30.56, 30.59, 30.61, 30.65, 30.7, 30.77, 30.93, 31.05, 31.12, 30.99, 30.87, 30.79, 30.11, 29.99, 29.91, 29.85, 29.81, 29.79], [30.54, 30.56, 30.58, 30.6, 30.63, 30.66, 30.71, 30.77, 30.91, 30.97, 30.98, 30.94, 30.86, 30.79, 30.15, 30.04, 29.96, 29.9, 29.86, 29.84], [30.55, 30.57, 30.59, 30.61, 30.64, 30.67, 30.71, 30.84, 30.87, 30.9, 30.91, 30.88, 30.84, 30.79, 30.17, 30.07, 30.0, 29.94, 29.9, 29.87]]}]