gis_exercise/awsData/contour/wdir_2023090606.json
[{"header": {"refTime": "2023-09-06T06:00:00.000Z", "nx": 21, "ny": 33, "lo1": 113.509, "la1": 22.2235, "lo2": 113.5947, "la2": 22.1034, "dx": 0.0042850000000001385, "dy": 0.003753125000000024, "parameterCategory": 2, "parameterCategoryName": "Temperature", "parameterNumber": 2}, "data": [0.95, 0.95, 0.95, 0.9, 0.9, 0.59, 0.59, 0.59, 0.58, 0.36, 0.27, 0.17, 0.58, 0.58, 0.02, 0.03, 0.49, 0.51, 0.52, 0.54, 0.95, 0.95, 0.95, 0.95, 0.9, 0.89, 0.63, 0.65, 0.65, 0.43, 0.27, 0.13, 0.51, 0.51, -0.02, 0.44, 0.48, 0.5, 0.52, 0.53, 0.95, 0.95, 0.95, 0.95, 0.91, 0.9, 0.89, 0.69, 0.8, 0.49, 0.24, 0.05, 0.39, 0.41, 0.37, 0.43, 0.47, 0.5, 0.52, 0.53, 0.95, 0.95, 0.95, 0.96, 0.96, 0.91, 0.9, 0.88, 0.87, 0.4, 0.15, -0.09, 0.16, 0.21, 0.34, 0.43, 0.47, 0.5, 0.51, 0.53, 0.95, 0.95, 0.95, 0.96, 0.97, 0.93, 0.93, 0.92, 0.9, 0.27, 0.07, 0.09, -0.4, 0.12, 0.36, 0.45, 0.48, 0.49, 0.51, 0.53, 0.94, 0.95, 0.95, 0.96, 0.97, 0.99, 0.96, 0.97, 0.94, 0.88, 0.59, 0.37, 0.04, 0.8, 0.47, 0.51, 0.49, 0.47, 0.5, 0.52, 1.38, 0.94, 0.94, 0.95, 0.97, 1.0, 0.96, 1.05, 1.03, 1.18, 1.17, 0.95, 1.47, 1.41, 0.66, 0.56, 0.46, 0.42, 0.54, 0.6, 1.38, 1.36, 1.34, 1.33, 1.33, 0.9, 0.96, 1.09, 1.31, 1.1, 0.8, 2.05, 2.28, 1.87, 1.93, 1.51, 0.98, 0.78, 1.07, 1.27, 1.38, 1.36, 1.33, 1.29, 1.27, 1.28, 1.35, 1.0, 1.31, 1.23, 1.67, 2.16, 2.48, 2.33, 2.03, 1.67, 1.33, 1.19, 1.25, 1.35, 1.7, 1.66, 1.61, 1.26, 1.17, 1.13, 1.3, 1.48, 1.48, 1.37, 1.93, 2.24, 2.52, 2.35, 2.09, 1.82, 1.58, 1.45, 1.43, 1.46, 1.71, 1.67, 1.62, 1.53, 1.32, 0.74, 1.48, 1.87, 1.77, 1.62, 2.03, 2.17, 2.28, 2.26, 2.09, 1.9, 1.73, 1.61, 1.56, 1.56, 1.73, 1.7, 1.67, 1.61, 1.51, 1.46, 1.76, 2.11, 2.25, 2.54, 2.1, 2.64, 2.66, 2.19, 2.07, 1.94, 1.81, 1.72, 1.68, 1.66, 1.75, 1.74, 1.73, 1.72, 1.75, 1.87, 2.08, 2.16, 2.22, 2.12, 2.56, 2.62, 2.64, 2.64, 2.64, 1.98, 1.9, 1.84, 1.79, 1.76, 1.78, 1.78, 1.79, 1.82, 1.88, 2.04, 2.29, 2.15, 2.13, 2.09, 2.55, 2.61, 2.62, 2.62, 2.61, 2.05, 1.99, 1.93, 1.88, 1.84, 1.81, 1.82, 1.83, 1.87, 1.93, 2.03, 2.11, 1.98, 1.89, 1.82, 1.75, 1.8, 2.59, 2.59, 2.59, 2.12, 2.06, 2.0, 1.95, 1.91, 1.83, 1.84, 1.21, 1.25, 1.3, 1.8, 1.78, 1.72, 1.64, 1.6, 1.62, 1.73, 1.86, 2.06, 2.13, 2.6, 2.61, 2.62, 1.98, 1.94, 1.13, 1.14, 1.16, 1.17, 1.64, 1.59, 1.5, 1.38, 1.3, 1.32, 1.48, 1.67, 1.88, 2.09, 2.23, 2.28, 2.2, 2.14, 2.09, 2.06, 1.1, 1.11, 1.1, 1.09, 1.5, 1.39, 1.22, 0.99, 0.87, 1.04, 1.32, 1.6, 1.88, 2.2, 2.46, 2.3, 2.2, 2.12, 2.07, 2.04, 1.08, 1.07, 1.05, 1.48, 1.39, 1.25, 1.02, 0.64, 0.32, 0.83, 0.78, 1.08, 1.87, 2.12, 2.32, 2.25, 2.16, 2.09, 2.05, 2.01, 1.05, 1.04, 0.85, 0.81, 0.75, 0.67, 0.55, 0.4, 0.32, 0.51, 0.74, 0.99, 1.82, 2.01, 2.19, 2.15, 2.09, 2.04, 2.01, 1.98, 0.84, 0.82, 0.79, 0.75, 0.69, 0.62, 0.54, 0.46, 0.46, 0.56, 0.71, 0.9, 1.8, 2.1, 2.09, 2.07, 2.03, 1.99, 1.96, 1.94, 0.8, 0.78, 0.74, 0.7, 0.65, 0.59, 0.53, 0.07, 0.51, 0.57, 0.67, 0.81, 1.76, 2.04, 2.03, 2.01, 1.99, 1.95, 1.91, 1.9, 0.77, 0.74, 0.71, 0.07, 0.07, 0.07, 0.07, 0.07, 0.07, 0.07, 0.07, 0.77, 1.15, 1.99, 1.98, 1.99, 2.03, 1.93, 1.85, 1.84, 0.06, 0.06, 0.06, 0.06, 0.07, 0.07, 0.07, 0.07, 0.07, 0.07, 0.07, 0.7, 1.1, 1.3, 1.48, 1.95, 2.26, 1.74, 1.73, 1.78, 0.06, 0.06, 0.06, 0.06, 0.06, 0.06, 0.06, 0.07, 0.07, 0.08, 0.07, 0.61, 0.84, 1.26, 1.43, 1.55, 1.62, 1.37, 1.64, 1.74, 0.06, 0.06, 0.06, 0.06, 0.06, 0.06, 0.06, 0.06, 0.07, 0.07, 0.37, 0.55, 0.76, 1.21, 1.36, 1.42, 1.41, 1.37, 1.67, 1.74, 0.06, 0.06, 0.06, 0.06, 0.06, 0.06, 0.06, 0.06, 0.06, 0.06, 0.38, 0.5, 0.67, 1.1, 1.23, 1.32, 1.35, 1.36, 1.36, 1.37, 0.06, 0.06, 0.06, 0.06, 0.06, 0.05, 0.05, 0.05, 0.05, 0.3, 0.3, 0.14, 0.19, 0.25, 1.13, 1.23, 1.29, 1.31, 1.33, 1.33, 0.06, 0.06, 0.06, 0.05, 0.05, 0.05, 0.05, 0.04, 0.04, 0.21, 0.04, 0.11, 0.17, 0.23, 1.05, 1.15, 1.22, 1.26, 1.28, 1.29, 0.06, 0.06, 0.05, 0.05, 0.05, 0.05, 0.05, 0.04, 0.11, 0.08, 0.06, 0.11, 0.17, 0.22, 0.99, 1.09, 1.16, 1.21, 1.24, 1.26, 0.06, 0.05, 0.05, 0.05, 0.05, 0.05, 0.04, 0.04, 0.13, 0.11, 0.11, 0.13, 0.17, 0.21, 0.96, 1.05, 1.12, 1.17, 1.2, 1.22, 0.05, 0.05, 0.05, 0.05, 0.05, 0.05, 0.04, 0.15, 0.15, 0.14, 0.14, 0.16, 0.18, 0.22, 0.95, 1.03, 1.09, 1.13, 1.17, 1.19]}, {"header": {"refTime": "2023-09-06T06:00:00.000Z", "nx": 21, "ny": 33, "lo1": 113.509, "la1": 22.2235, "lo2": 113.5947, "la2": 22.1034, "dx": 0.0042850000000001385, "dy": 0.003753125000000024, "parameterCategory": 2, "parameterCategoryName": "Temperature", "parameterNumber": 3}, "data": [-0.02, -0.01, 0.01, -0.02, 0.0, 0.05, 0.09, 0.14, 0.16, 0.29, 0.25, 0.21, 0.25, 0.24, 0.55, 0.59, 0.55, 0.58, 0.6, 0.62, -0.02, -0.02, -0.0, 0.01, -0.0, 0.04, 0.12, 0.2, 0.26, 0.33, 0.26, 0.2, 0.24, 0.22, 0.53, 0.51, 0.56, 0.6, 0.63, 0.65, -0.03, -0.03, -0.02, -0.0, -0.02, 0.02, 0.11, 0.25, 0.47, 0.36, 0.25, 0.18, 0.2, 0.19, 0.44, 0.52, 0.59, 0.64, 0.67, 0.68, -0.04, -0.04, -0.03, -0.03, -0.01, -0.02, 0.04, 0.16, 0.26, 0.31, 0.2, 0.13, 0.15, 0.04, 0.43, 0.55, 0.64, 0.7, 0.72, 0.72, -0.05, -0.05, -0.05, -0.05, -0.05, -0.1, -0.07, -0.03, 0.0, 0.22, 0.15, 0.04, 0.01, 0.04, 0.44, 0.6, 0.72, 0.79, 0.8, 0.78, -0.06, -0.06, -0.07, -0.08, -0.09, -0.12, -0.2, -0.22, -0.2, -0.16, 0.05, 0.05, 0.04, -0.03, 0.48, 0.67, 0.86, 0.93, 0.89, 0.83, 0.07, -0.07, -0.08, -0.09, -0.12, -0.17, -0.4, -0.41, -0.42, -0.26, -0.12, 0.09, 0.01, -0.03, 0.53, 0.75, 1.04, 1.15, 0.87, 0.73, 0.09, 0.08, 0.06, -0.13, -0.15, -0.29, -0.39, -0.57, -0.71, -0.26, -0.07, 0.06, 0.06, -0.05, 0.37, 0.63, 0.96, 1.08, 0.9, 0.78, 0.12, 0.11, 0.1, 0.09, -0.09, -0.12, -0.21, -0.44, -0.44, -0.27, -0.06, -0.07, -0.2, -0.14, 0.29, 0.52, 0.73, 0.83, 0.79, 0.73, 0.47, 0.46, 0.45, 0.14, 0.13, 0.0, -0.07, -0.15, -0.24, -0.21, -0.09, -0.16, -0.27, -0.18, 0.24, 0.42, 0.57, 0.66, 0.68, 0.66, 0.48, 0.47, 0.46, 0.43, 0.36, 0.17, 0.38, 0.44, 0.0, -0.09, -0.07, -0.14, -0.17, -0.16, 0.23, 0.37, 0.48, 0.55, 0.59, 0.59, 0.49, 0.49, 0.48, 0.46, 0.43, 0.41, 0.48, 0.46, 0.42, 0.33, -0.01, -0.0, -0.04, -0.14, 0.25, 0.34, 0.43, 0.37, 0.4, 0.41, 0.5, 0.5, 0.5, 0.51, 0.53, 0.6, 0.69, 0.55, 0.47, 0.49, 0.3, 0.03, -0.0, -0.16, -0.16, 0.18, 0.24, 0.29, 0.32, 0.35, 0.51, 0.52, 0.53, 0.55, 0.59, 0.7, 0.91, 0.67, 0.56, 0.53, 0.34, -0.07, -0.11, -0.13, -0.15, 0.14, 0.18, 0.22, 0.26, 0.29, 0.52, 0.53, 0.55, 0.57, 0.61, 0.67, 0.71, 0.63, 0.54, 0.49, 0.47, 0.07, -0.1, -0.12, -0.13, 0.09, 0.13, 0.17, 0.21, 0.24, 0.53, 0.54, 0.47, 0.49, 0.51, 0.58, 0.57, 0.53, 0.48, 0.45, 0.07, 0.04, 0.01, -0.19, -0.19, -0.28, -0.29, -0.3, 0.15, 0.18, 0.43, 0.44, 0.45, 0.46, 0.51, 0.5, 0.47, 0.42, 0.38, 0.38, 0.05, 0.02, -0.02, -0.07, -0.18, -0.12, -0.1, -0.09, -0.08, -0.07, 0.42, 0.43, 0.43, 0.42, 0.46, 0.43, 0.37, 0.3, 0.26, 0.19, 0.18, 0.01, -0.04, -0.17, -0.18, -0.13, -0.1, -0.09, -0.07, -0.06, 0.41, 0.41, 0.41, 0.45, 0.42, 0.38, 0.31, 0.19, 0.07, 0.14, -0.02, -0.05, -0.16, -0.18, -0.13, -0.12, -0.1, -0.08, -0.07, -0.06, 0.4, 0.4, 0.36, 0.35, 0.32, 0.28, 0.23, 0.16, 0.01, 0.0, -0.02, -0.04, -0.17, -0.19, -0.1, -0.1, -0.08, -0.07, -0.06, -0.05, 0.36, 0.35, 0.34, 0.32, 0.3, 0.27, 0.23, 0.2, 0.01, -0.0, -0.01, -0.03, -0.18, -0.08, -0.08, -0.08, -0.07, -0.06, -0.05, -0.04, 0.34, 0.33, 0.32, 0.3, 0.28, 0.25, 0.23, 0.03, 0.0, -0.0, -0.01, -0.02, -0.18, -0.07, -0.07, -0.07, -0.07, -0.06, -0.04, -0.03, 0.33, 0.32, 0.3, 0.03, 0.03, 0.03, 0.04, 0.04, 0.04, 0.04, 0.04, -0.08, 0.02, -0.06, -0.06, -0.08, -0.11, -0.06, -0.02, -0.01, 0.03, 0.03, 0.03, 0.03, 0.03, 0.03, 0.04, 0.04, 0.04, 0.04, 0.04, -0.07, 0.02, 0.01, -0.01, -0.07, -0.23, 0.02, 0.03, 0.01, 0.03, 0.03, 0.03, 0.03, 0.03, 0.03, 0.04, 0.04, 0.05, 0.05, 0.04, -0.06, -0.1, 0.02, 0.01, 0.01, 0.08, 0.19, 0.07, 0.03, 0.03, 0.03, 0.03, 0.03, 0.03, 0.03, 0.04, 0.04, 0.04, 0.05, -0.01, -0.05, -0.09, 0.03, 0.03, 0.03, 0.08, 0.1, 0.06, 0.03, 0.03, 0.03, 0.03, 0.03, 0.03, 0.03, 0.03, 0.03, 0.04, 0.03, -0.03, -0.05, -0.08, 0.02, 0.02, 0.04, 0.06, 0.07, 0.06, 0.05, 0.03, 0.03, 0.03, 0.03, 0.03, 0.03, 0.03, 0.03, 0.03, -0.02, -0.03, 0.09, 0.12, 0.15, 0.02, 0.03, 0.04, 0.05, 0.05, 0.05, 0.03, 0.03, 0.03, 0.03, 0.03, 0.03, 0.03, 0.03, 0.02, -0.02, 0.02, 0.07, 0.1, 0.14, 0.02, 0.03, 0.04, 0.04, 0.04, 0.04, 0.03, 0.03, 0.03, 0.03, 0.03, 0.03, 0.03, 0.02, 0.07, 0.05, 0.04, 0.07, 0.1, 0.13, 0.02, 0.03, 0.03, 0.03, 0.04, 0.04, 0.03, 0.03, 0.03, 0.03, 0.03, 0.03, 0.02, 0.02, 0.08, 0.07, 0.07, 0.08, 0.11, 0.13, 0.02, 0.02, 0.03, 0.03, 0.03, 0.03, 0.03, 0.03, 0.03, 0.03, 0.03, 0.03, 0.02, 0.1, 0.09, 0.09, 0.09, 0.1, 0.11, 0.13, 0.02, 0.02, 0.03, 0.03, 0.03, 0.03]}, {"header": {"refTime": "2023-09-06T06:00:00.000Z", "nx": 21, "ny": 33, "lo1": 113.509, "la1": 22.2235, "lo2": 113.5947, "la2": 22.1034, "dx": 0.0042850000000001385, "dy": 0.003753125000000024, "parameterCategory": 0, "parameterCategoryName": "Temperature", "parameterNumber": 0}, "data": [[28.91, 28.91, 28.91, 28.76, 28.77, 28.97, 28.98, 28.98, 28.98, 28.89, 28.88, 28.88, 29.14, 29.14, 28.9, 28.88, 28.97, 28.95, 28.94, 28.93], [28.91, 28.91, 28.91, 28.91, 28.77, 28.79, 28.98, 28.98, 28.99, 28.91, 28.89, 28.88, 29.14, 29.15, 28.9, 28.98, 28.96, 28.94, 28.93, 28.92], [28.9, 28.91, 28.91, 28.91, 28.77, 28.79, 28.82, 28.98, 29.0, 28.92, 28.89, 28.89, 29.14, 29.15, 29.01, 28.97, 28.94, 28.92, 28.9, 28.9], [28.9, 28.9, 28.9, 28.91, 28.91, 28.77, 28.8, 28.84, 28.88, 28.89, 28.88, 28.9, 29.14, 29.01, 29.01, 28.96, 28.91, 28.89, 28.87, 28.88], [28.9, 28.9, 28.9, 28.9, 28.9, 28.75, 28.77, 28.78, 28.77, 28.82, 28.84, 29.0, 29.06, 29.03, 29.01, 28.94, 28.87, 28.83, 28.83, 28.85], [28.9, 28.9, 28.9, 28.9, 28.9, 28.89, 28.74, 28.73, 28.71, 28.66, 28.87, 28.98, 29.04, 29.2, 29.0, 28.9, 28.8, 28.75, 28.78, 28.81], [28.86, 28.9, 28.89, 28.89, 28.89, 28.88, 28.7, 28.72, 28.69, 28.69, 28.68, 28.96, 29.27, 29.25, 29.0, 28.86, 28.69, 28.63, 28.61, 28.65], [28.86, 28.86, 28.86, 28.86, 28.86, 28.72, 28.72, 28.72, 28.78, 28.64, 28.47, 29.06, 29.07, 29.25, 28.84, 28.93, 28.74, 28.66, 28.78, 28.85], [28.84, 28.84, 28.86, 28.86, 28.86, 28.86, 28.85, 28.71, 28.64, 28.72, 28.72, 28.88, 28.96, 28.86, 28.86, 28.97, 28.85, 28.81, 28.83, 28.88], [28.9, 28.9, 28.9, 28.85, 28.86, 28.88, 28.87, 28.85, 28.52, 28.54, 28.97, 28.78, 28.84, 28.82, 28.86, 29.01, 28.93, 28.9, 28.89, 28.91], [28.9, 28.9, 28.9, 28.9, 28.9, 28.9, 28.9, 28.9, 28.86, 28.63, 28.3, 28.72, 28.77, 28.77, 28.85, 29.04, 28.98, 28.95, 28.94, 28.95], [28.9, 28.9, 28.9, 28.9, 28.9, 28.9, 28.9, 28.9, 28.9, -999.0, 28.3, 29.4, 29.4, 28.74, 28.84, 29.07, 29.03, 28.05, 28.06, 28.06], [28.9, 28.9, 28.9, 28.9, 28.9, 28.9, 28.9, 28.9, 28.9, 28.9, -999.0, 29.4, 29.4, 28.29, 28.78, 28.21, 28.21, 28.12, 28.13, 28.14], [28.9, 28.9, 28.9, 28.9, 28.9, 28.9, 28.9, 28.9, 28.9, 28.9, -999.0, 27.7, 27.7, 27.7, 28.63, 28.14, 28.15, 28.05, 28.08, 28.09], [28.9, 28.9, 28.9, 28.9, 28.9, 28.9, 28.9, 27.7, 27.7, 27.7, 27.7, 27.7, 27.7, 27.7, 27.7, 28.07, 28.09, 28.0, 28.03, 28.05], [28.9, 28.9, 28.14, 28.13, 28.11, 27.7, 27.7, 27.7, 27.7, 27.7, 27.7, 27.7, 27.7, 27.7, 27.7, 27.92, 27.95, 27.89, 28.07, 28.1], [28.13, 28.12, 28.48, 28.46, 27.7, 27.7, 27.7, 27.7, 27.7, 27.7, 27.7, 27.7, 27.7, 27.7, 27.77, 27.6, 27.56, 27.53, 27.5, 27.48], [28.47, 28.46, 28.44, 28.4, 27.7, 27.7, 27.7, 27.7, 27.7, 27.7, 27.7, 27.7, 27.7, 27.76, 27.71, 27.61, 27.56, 27.52, 27.5, 27.48], [28.45, 28.43, 28.4, 27.7, 27.7, 27.7, 27.7, 27.7, 27.7, 27.7, 27.64, 27.64, 27.81, 27.79, 27.62, 27.58, 27.54, 27.51, 27.48, 27.46], [28.43, 28.41, 27.53, 27.54, 27.55, 27.56, 27.59, 27.65, 27.67, 27.65, 27.63, 27.63, 27.83, 27.84, 27.56, 27.54, 27.52, 27.49, 27.47, 27.45], [27.52, 27.52, 27.53, 27.58, 27.58, 27.59, 27.6, 27.61, 27.63, 27.62, 27.61, 27.61, 27.86, 27.52, 27.52, 27.51, 27.5, 27.47, 27.45, 27.43], [27.56, 27.56, 27.56, 27.57, 27.57, 27.57, 27.57, 27.6, 27.59, 27.59, 27.59, 27.59, 27.79, 27.49, 27.5, 27.51, 27.5, 27.47, 27.42, 27.4], [27.55, 27.55, 27.55, 27.59, 27.59, 27.58, 27.58, 27.57, 27.56, 27.55, 27.55, 27.73, 27.37, 27.47, 27.48, 27.52, 27.59, 27.47, 27.38, 27.36], [27.59, 27.59, 27.59, 27.59, 27.58, 27.57, 27.56, 27.54, 27.52, 27.51, 27.53, 27.7, 27.37, 27.37, 27.39, 27.49, 27.86, 27.3, 27.27, 27.31], [27.59, 27.59, 27.59, 27.58, 27.58, 27.57, 27.55, 27.53, 27.48, 27.45, 27.5, 27.67, 27.76, 27.36, 27.35, 27.34, 27.17, 26.91, 27.18, 27.27], [27.59, 27.59, 27.59, 27.58, 27.57, 27.57, 27.55, 27.53, 27.49, 27.46, 27.58, 27.67, 27.74, 27.34, 27.32, 27.32, 27.21, 27.14, 27.2, 27.26], [27.59, 27.59, 27.59, 27.58, 27.58, 27.57, 27.56, 27.55, 27.54, 27.53, 27.63, 27.68, 27.74, 27.44, 27.39, 27.33, 27.28, 27.24, 27.25, 27.28], [27.59, 27.59, 27.59, 27.58, 27.58, 27.58, 27.57, 27.57, 27.58, 27.66, 27.68, 27.4, 27.31, 27.2, 27.41, 27.36, 27.32, 27.3, 27.3, 27.31], [27.59, 27.59, 27.59, 27.59, 27.58, 27.58, 27.59, 27.59, 27.61, 27.69, 27.62, 27.47, 27.35, 27.24, 27.43, 27.39, 27.36, 27.34, 27.33, 27.33], [27.59, 27.59, 27.59, 27.59, 27.59, 27.59, 27.59, 27.6, 27.45, 27.53, 27.57, 27.47, 27.36, 27.27, 27.44, 27.41, 27.38, 27.36, 27.35, 27.35], [27.59, 27.59, 27.59, 27.59, 27.59, 27.59, 27.6, 27.61, 27.43, 27.46, 27.47, 27.42, 27.35, 27.27, 27.45, 27.42, 27.4, 27.38, 27.37, 27.37], [27.59, 27.59, 27.59, 27.59, 27.6, 27.6, 27.6, 27.37, 27.39, 27.41, 27.41, 27.37, 27.33, 27.27, 27.46, 27.43, 27.41, 27.4, 27.39, 27.38]]}]