gis_exercise/awsData/contour/wdir_2023090523.json
[{"header": {"refTime": "2023-09-05T23:00:00.000Z", "nx": 21, "ny": 33, "lo1": 113.509, "la1": 22.2235, "lo2": 113.5947, "la2": 22.1034, "dx": 0.0042850000000001385, "dy": 0.003753125000000024, "parameterCategory": 2, "parameterCategoryName": "Temperature", "parameterNumber": 2}, "data": [1.63, 1.61, 1.59, 1.33, 1.31, 1.28, 1.25, 1.21, 1.2, 1.08, 1.1, 1.13, 1.04, 1.05, 1.68, 1.76, 1.8, 1.84, 1.88, 1.9, 1.64, 1.62, 1.6, 1.57, 1.32, 1.28, 1.23, 1.17, 1.13, 1.06, 1.1, 1.13, 1.06, 1.06, 1.69, 1.76, 1.83, 1.88, 1.92, 1.94, 1.66, 1.64, 1.62, 1.59, 1.33, 1.3, 1.24, 1.13, 0.97, 1.04, 1.11, 1.15, 1.08, 1.08, 1.67, 1.78, 1.87, 1.94, 1.98, 1.99, 1.68, 1.67, 1.65, 1.62, 1.58, 1.33, 1.28, 1.2, 1.13, 1.07, 1.13, 1.18, 1.12, 1.18, 1.67, 1.81, 1.94, 2.03, 2.06, 2.06, 1.7, 1.7, 1.68, 1.67, 1.64, 1.39, 1.37, 1.34, 1.31, 1.12, 1.17, 1.19, 1.23, 1.18, 1.67, 1.88, 2.07, 2.17, 2.18, 2.14, 1.73, 1.73, 1.72, 1.72, 1.7, 1.69, 1.46, 1.48, 1.46, 1.42, 1.16, 1.16, 1.19, 1.57, 1.7, 1.99, 2.27, 2.39, 2.32, 2.23, 2.57, 1.76, 1.76, 1.77, 1.77, 1.77, 1.85, 1.62, 1.63, 1.44, 1.31, 1.1, 1.55, 1.67, 1.73, 2.09, 2.56, 2.73, 2.83, 2.77, 2.58, 2.56, 2.53, 2.49, 2.47, 1.89, 1.88, 1.89, 1.85, 1.44, 1.28, 1.41, 1.48, 1.83, 2.41, 2.6, 2.82, 2.9, 2.78, 2.7, 2.6, 2.58, 2.55, 2.51, 2.46, 2.45, 2.44, 1.88, 2.1, 1.44, 1.68, 1.88, 2.38, 2.14, 2.46, 2.57, 2.69, 2.74, 2.72, 2.67, 3.08, 3.05, 3.0, 2.53, 2.46, 2.41, 2.5, 2.59, 2.36, 2.24, 1.88, 2.19, 2.64, 2.28, 2.52, 2.55, 2.61, 2.65, 2.65, 2.63, 3.09, 3.06, 3.01, 2.93, 2.74, 2.2, 2.88, 3.22, 2.93, 2.57, 2.85, 2.12, 2.24, 2.19, 2.52, 2.54, 2.57, 2.6, 2.61, 2.6, 3.11, 3.09, 3.06, 3.0, 2.92, 2.87, 3.14, 3.43, 3.54, 3.66, 2.97, 2.76, 2.7, 2.1, 2.51, 2.53, 2.55, 2.88, 2.88, 2.87, 3.14, 3.13, 3.12, 3.11, 3.14, 3.26, 3.45, 3.49, 3.53, 3.44, 3.63, 2.81, 2.74, 2.23, 2.21, 2.83, 2.82, 2.82, 2.82, 2.83, 3.16, 3.16, 3.17, 3.2, 3.27, 3.42, 3.68, 3.51, 3.46, 3.42, 3.64, 3.11, 3.02, 2.95, 2.17, 2.73, 2.74, 2.75, 2.77, 2.78, 3.19, 3.19, 3.21, 3.25, 3.31, 3.41, 3.48, 3.1, 2.95, 2.83, 2.74, 2.13, 2.91, 2.82, 2.76, 2.62, 2.65, 2.68, 2.71, 2.73, 3.2, 3.22, 2.29, 2.34, 2.39, 2.83, 2.8, 2.7, 2.58, 2.51, 1.95, 1.98, 1.99, 1.94, 1.98, 2.3, 2.33, 2.35, 2.3, 2.32, 2.18, 2.19, 2.2, 2.2, 2.59, 2.51, 2.38, 2.2, 2.08, 2.1, 1.73, 1.84, 1.92, 1.98, 1.84, 1.98, 1.96, 1.94, 1.93, 1.92, 2.13, 2.12, 2.1, 2.06, 2.37, 2.22, 1.96, 1.61, 1.43, 1.34, 1.56, 1.73, 1.87, 1.81, 2.02, 1.99, 1.96, 1.94, 1.92, 1.91, 2.07, 2.05, 2.01, 2.34, 2.21, 2.0, 1.66, 1.09, 0.54, 1.08, 0.8, 1.02, 1.56, 1.75, 2.0, 1.97, 1.94, 1.92, 1.91, 1.9, 2.03, 1.99, 1.45, 1.39, 1.3, 1.17, 0.99, 0.75, 0.45, 0.59, 0.77, 0.96, 1.51, 1.66, 1.95, 1.94, 1.92, 1.91, 1.9, 1.89, 1.44, 1.41, 1.36, 1.3, 1.21, 1.11, 0.98, 0.85, 0.57, 0.64, 0.75, 0.89, 1.49, 1.93, 1.92, 1.91, 1.9, 1.89, 1.88, 1.88, 1.38, 1.34, 1.29, 1.23, 1.15, 1.06, 0.97, 0.31, 0.61, 0.65, 0.73, 0.83, 1.48, 1.91, 1.9, 1.89, 1.89, 1.88, 1.87, 1.87, 1.33, 1.29, 1.24, 0.31, 0.31, 0.31, 0.31, 0.31, 0.31, 0.32, 0.32, 0.76, 1.27, 1.89, 1.89, 1.88, 1.89, 1.87, 1.85, 1.85, 0.31, 0.31, 0.31, 0.31, 0.32, 0.32, 0.32, 0.32, 0.32, 0.32, 0.32, 0.74, 1.24, 1.4, 1.55, 1.87, 1.93, 1.82, 1.83, 1.84, 0.32, 0.32, 0.32, 0.32, 0.32, 0.32, 0.32, 0.32, 0.32, 0.33, 0.32, 0.69, 0.84, 1.38, 1.53, 1.65, 1.8, 1.75, 1.81, 1.83, 0.32, 0.32, 0.32, 0.32, 0.32, 0.32, 0.32, 0.32, 0.33, 0.33, 0.53, 0.65, 0.79, 1.35, 1.49, 1.58, 1.63, 1.64, 1.81, 1.83, 0.32, 0.32, 0.32, 0.32, 0.32, 0.32, 0.32, 0.32, 0.33, 0.33, 0.55, 0.63, 0.74, 1.29, 1.41, 1.5, 1.56, 1.58, 1.58, 1.56, 0.32, 0.32, 0.32, 0.32, 0.32, 0.32, 0.32, 0.33, 0.33, 0.5, 0.51, 0.52, 0.61, 0.71, 1.33, 1.42, 1.48, 1.51, 1.53, 1.52, 0.32, 0.32, 0.32, 0.32, 0.32, 0.32, 0.32, 0.33, 0.33, 0.46, 0.39, 0.49, 0.58, 0.68, 1.25, 1.35, 1.42, 1.46, 1.48, 1.48, 0.32, 0.32, 0.32, 0.32, 0.32, 0.32, 0.32, 0.33, 0.49, 0.44, 0.42, 0.49, 0.58, 0.66, 1.2, 1.3, 1.36, 1.4, 1.43, 1.45, 0.32, 0.32, 0.32, 0.32, 0.32, 0.32, 0.32, 0.33, 0.51, 0.49, 0.49, 0.53, 0.59, 0.65, 1.17, 1.26, 1.32, 1.36, 1.39, 1.41, 0.32, 0.32, 0.32, 0.32, 0.32, 0.32, 0.32, 0.55, 0.54, 0.53, 0.54, 0.57, 0.61, 0.66, 1.16, 1.23, 1.29, 1.33, 1.36, 1.38]}, {"header": {"refTime": "2023-09-05T23:00:00.000Z", "nx": 21, "ny": 33, "lo1": 113.509, "la1": 22.2235, "lo2": 113.5947, "la2": 22.1034, "dx": 0.0042850000000001385, "dy": 0.003753125000000024, "parameterCategory": 2, "parameterCategoryName": "Temperature", "parameterNumber": 3}, "data": [1.01, 1.0, 0.98, 0.82, 0.81, 0.29, 0.3, 0.31, 0.3, 0.4, 0.35, 0.28, 0.62, 0.63, 0.49, 0.57, 1.3, 1.36, 1.41, 1.44, 1.03, 1.01, 0.99, 0.96, 0.81, 0.79, 0.33, 0.37, 0.39, 0.43, 0.34, 0.24, 0.55, 0.57, 0.46, 1.2, 1.31, 1.38, 1.44, 1.48, 1.04, 1.03, 1.0, 0.97, 0.81, 0.8, 0.77, 0.42, 0.55, 0.46, 0.31, 0.17, 0.44, 0.48, 1.03, 1.2, 1.34, 1.43, 1.49, 1.52, 1.06, 1.05, 1.03, 1.0, 0.96, 0.81, 0.78, 0.75, 0.72, 0.44, 0.27, 0.04, 0.21, 0.5, 0.98, 1.23, 1.4, 1.51, 1.56, 1.58, 1.09, 1.07, 1.06, 1.03, 0.99, 0.82, 0.81, 0.8, 0.81, 0.44, 0.26, 0.37, -0.27, 0.38, 1.01, 1.32, 1.52, 1.63, 1.65, 1.65, 1.11, 1.11, 1.1, 1.07, 1.04, 0.99, 0.83, 0.83, 0.87, 0.93, 1.08, 0.73, 0.28, 0.8, 1.19, 1.48, 1.71, 1.8, 1.77, 1.72, 1.24, 1.15, 1.15, 1.13, 1.1, 1.05, 1.17, 0.82, 0.85, 1.46, 1.66, 1.45, 1.54, 1.41, 1.45, 1.65, 1.93, 2.03, 1.75, 1.62, 1.26, 1.27, 1.28, 1.24, 1.23, 1.31, 1.19, 0.98, 0.87, 1.42, 1.54, 2.44, 2.57, 1.84, 2.47, 2.4, 2.33, 2.3, 2.34, 2.37, 1.27, 1.29, 1.31, 1.34, 1.32, 1.29, 1.16, 1.12, 0.87, 1.47, 2.06, 2.31, 2.33, 2.32, 2.45, 2.41, 2.37, 2.35, 2.36, 2.38, 1.32, 1.34, 1.38, 1.39, 1.48, 1.49, 1.32, 1.12, 0.91, 0.97, 2.15, 2.23, 2.24, 2.27, 2.44, 2.42, 2.4, 2.39, 2.39, 2.39, 1.31, 1.34, 1.37, 1.43, 1.55, 1.91, 1.45, 1.2, 1.03, 0.92, 1.49, 2.22, 2.24, 2.25, 2.44, 2.43, 2.42, 2.41, 2.4, 2.4, 1.3, 1.32, 1.34, 1.38, 1.44, 1.46, 1.28, 1.05, 0.95, 1.12, 1.4, 1.98, 2.07, 2.24, 2.44, 2.43, 2.42, 2.17, 2.17, 2.17, 1.29, 1.3, 1.3, 1.31, 1.3, 1.22, 1.1, 1.03, 0.97, 1.05, 1.23, 1.89, 1.99, 2.38, 2.37, 2.15, 2.15, 2.16, 2.16, 2.16, 1.27, 1.27, 1.27, 1.25, 1.22, 1.13, 0.99, 1.05, 1.05, 1.07, 1.2, 1.61, 1.7, 1.75, 2.33, 2.14, 2.14, 2.15, 2.15, 2.15, 1.26, 1.25, 1.24, 1.22, 1.19, 1.13, 1.08, 0.82, 0.79, 0.77, 0.76, 1.17, 1.72, 1.78, 1.81, 2.12, 2.13, 2.13, 2.14, 2.14, 1.24, 1.24, 1.15, 1.13, 1.11, 0.79, 0.79, 0.77, 0.76, 0.75, 1.09, 1.21, 1.35, 1.76, 1.8, 1.82, 1.77, 1.72, 1.71, 1.68, 1.14, 1.13, 1.12, 1.09, 0.76, 0.76, 0.74, 0.72, 0.71, 0.71, 1.08, 1.24, 1.42, 1.62, 1.71, 1.88, 1.82, 1.77, 1.74, 1.72, 1.12, 1.1, 1.08, 1.06, 0.74, 0.73, 0.7, 0.66, 0.64, 0.92, 1.08, 1.24, 1.46, 1.7, 2.0, 1.9, 1.81, 1.75, 1.72, 1.7, 1.1, 1.08, 1.06, 0.74, 0.72, 0.7, 0.67, 0.61, 0.62, 0.84, 0.94, 1.13, 1.37, 1.58, 1.91, 1.84, 1.77, 1.72, 1.69, 1.68, 1.08, 1.06, 0.62, 0.62, 0.61, 0.6, 0.58, 0.56, 0.66, 0.76, 0.91, 1.06, 1.28, 1.39, 1.78, 1.74, 1.7, 1.67, 1.66, 1.66, 0.62, 0.62, 0.61, 0.6, 0.59, 0.58, 0.57, 0.56, 0.73, 0.79, 0.88, 1.0, 1.18, 1.71, 1.69, 1.65, 1.61, 1.6, 1.61, 1.63, 0.61, 0.6, 0.6, 0.59, 0.58, 0.57, 0.56, 0.62, 0.74, 0.78, 0.84, 0.93, 1.05, 1.65, 1.61, 1.55, 1.51, 1.53, 1.58, 1.61, 0.6, 0.59, 0.59, 0.68, 0.67, 0.66, 0.64, 0.63, 0.61, 0.61, 0.63, 0.48, 1.06, 1.61, 1.55, 1.46, 1.35, 1.45, 1.57, 1.61, 0.72, 0.71, 0.7, 0.7, 0.69, 0.67, 0.65, 0.62, 0.59, 0.58, 0.61, 0.68, 1.04, 1.15, 1.23, 1.44, 1.04, 1.56, 1.63, 1.63, 0.72, 0.72, 0.72, 0.71, 0.7, 0.69, 0.67, 0.63, 0.55, 0.48, 0.59, 0.69, 0.73, 1.15, 1.26, 1.35, 1.68, 1.9, 1.7, 1.66, 0.73, 0.73, 0.73, 0.73, 0.72, 0.71, 0.69, 0.66, 0.58, 0.51, 0.65, 0.74, 0.77, 1.15, 1.26, 1.52, 1.61, 1.67, 1.7, 1.67, 0.74, 0.74, 0.74, 0.75, 0.74, 0.74, 0.74, 0.73, 0.71, 0.73, 0.8, 0.83, 0.83, 1.46, 1.48, 1.52, 1.56, 1.59, 1.58, 1.56, 0.75, 0.76, 0.76, 0.76, 0.77, 0.78, 0.79, 0.81, 0.86, 0.94, 1.0, 1.22, 1.28, 1.38, 1.48, 1.51, 1.53, 1.55, 1.55, 1.54, 0.76, 0.77, 0.77, 0.78, 0.79, 0.81, 0.83, 0.88, 0.96, 1.11, 1.31, 1.28, 1.3, 1.37, 1.47, 1.49, 1.51, 1.53, 1.53, 1.53, 0.77, 0.78, 0.79, 0.8, 0.81, 0.83, 0.86, 0.91, 1.22, 1.27, 1.31, 1.3, 1.32, 1.36, 1.47, 1.48, 1.5, 1.51, 1.51, 1.51, 0.78, 0.79, 0.8, 0.81, 0.83, 0.85, 0.88, 0.92, 1.24, 1.26, 1.29, 1.3, 1.32, 1.36, 1.46, 1.48, 1.49, 1.5, 1.5, 1.5, 0.79, 0.8, 0.81, 0.82, 0.83, 0.86, 0.88, 1.23, 1.25, 1.27, 1.29, 1.31, 1.33, 1.36, 1.46, 1.47, 1.48, 1.49, 1.49, 1.5]}, {"header": {"refTime": "2023-09-05T23:00:00.000Z", "nx": 21, "ny": 33, "lo1": 113.509, "la1": 22.2235, "lo2": 113.5947, "la2": 22.1034, "dx": 0.0042850000000001385, "dy": 0.003753125000000024, "parameterCategory": 0, "parameterCategoryName": "Temperature", "parameterNumber": 0}, "data": [[30.42, 30.42, 30.43, 30.28, 30.3, 30.69, 30.69, 30.69, 30.69, 30.56, 30.57, 30.59, 30.77, 30.77, 30.79, 30.77, 30.67, 30.66, 30.64, 30.63], [30.41, 30.42, 30.43, 30.44, 30.3, 30.32, 30.67, 30.67, 30.67, 30.57, 30.58, 30.61, 30.79, 30.8, 30.81, 30.7, 30.67, 30.65, 30.63, 30.63], [30.41, 30.41, 30.42, 30.43, 30.29, 30.32, 30.36, 30.65, 30.62, 30.57, 30.59, 30.64, 30.83, 30.83, 30.74, 30.7, 30.66, 30.64, 30.62, 30.61], [30.4, 30.41, 30.41, 30.42, 30.43, 30.3, 30.33, 30.39, 30.44, 30.55, 30.59, 30.7, 30.91, 30.68, 30.75, 30.69, 30.64, 30.61, 30.6, 30.6], [30.4, 30.4, 30.4, 30.41, 30.42, 30.28, 30.29, 30.31, 30.3, 30.48, 30.56, 30.71, 30.99, 30.74, 30.75, 30.66, 30.61, 30.58, 30.57, 30.58], [30.39, 30.39, 30.39, 30.39, 30.4, 30.41, 30.26, 30.25, 30.21, 30.14, 30.34, 30.57, 30.79, 30.9, 30.7, 30.62, 30.56, 30.53, 30.54, 30.56], [30.29, 30.38, 30.38, 30.38, 30.38, 30.39, 30.15, 30.25, 30.21, 30.01, 29.93, 30.31, 30.69, 30.74, 30.64, 30.58, 30.49, 30.46, 30.55, 30.6], [30.29, 30.28, 30.28, 30.29, 30.29, 30.14, 30.16, 30.23, 30.3, 29.98, 29.75, 30.08, 30.09, 30.75, 30.36, 30.35, 30.37, 30.38, 30.37, 30.36], [30.31, 30.31, 30.28, 30.27, 30.27, 30.28, 30.3, 30.18, 30.15, 30.04, 29.87, 29.97, 30.02, 29.96, 30.36, 30.35, 30.36, 30.37, 30.36, 30.36], [30.2, 30.2, 30.2, 30.29, 30.28, 30.25, 30.27, 30.3, 29.95, 29.99, 30.03, 29.91, 29.95, 29.93, 30.36, 30.34, 30.35, 30.36, 30.36, 30.35], [30.2, 30.2, 30.2, 30.2, 30.2, 30.2, 30.2, 30.2, 30.27, 30.13, 29.6, 29.87, 29.9, 29.9, 30.36, 30.34, 30.35, 30.35, 30.35, 30.35], [30.2, 30.2, 30.2, 30.2, 30.2, 30.2, 30.2, 30.2, 30.2, -999.0, 29.6, 30.3, 30.3, 29.88, 30.36, 30.34, 30.34, 29.72, 29.73, 29.74], [30.2, 30.2, 30.2, 30.2, 30.2, 30.2, 30.2, 30.2, 30.2, 30.2, -999.0, 30.3, 30.3, 29.58, 29.9, 29.96, 29.97, 29.82, 29.85, 29.86], [30.2, 30.2, 30.2, 30.2, 30.2, 30.2, 30.2, 30.2, 30.2, 30.2, -999.0, 29.2, 29.2, 29.2, 29.8, 29.86, 29.88, 29.73, 29.76, 29.79], [30.2, 30.2, 30.2, 30.2, 30.2, 30.2, 30.2, 29.8, 29.8, 29.8, 29.8, 29.57, 29.2, 29.2, 29.2, 29.75, 29.79, 29.65, 29.69, 29.73], [30.2, 30.2, 29.95, 29.94, 29.94, 29.8, 29.8, 29.8, 29.8, 29.8, 29.42, 29.47, 29.41, 29.36, 29.41, 29.31, 29.33, 29.3, 29.59, 29.62], [29.94, 29.94, 30.06, 30.05, 29.8, 29.8, 29.8, 29.8, 29.8, 29.8, 29.54, 29.47, 29.39, 29.32, 29.31, 29.2, 29.21, 29.21, 29.21, 29.21], [30.06, 30.05, 30.05, 30.03, 29.8, 29.8, 29.8, 29.8, 29.8, 29.65, 29.57, 29.48, 29.38, 29.31, 29.22, 29.2, 29.21, 29.21, 29.21, 29.21], [30.05, 30.04, 30.03, 29.8, 29.8, 29.8, 29.8, 29.8, 29.75, 29.68, 29.61, 29.53, 29.42, 29.35, 29.2, 29.21, 29.21, 29.21, 29.21, 29.21], [30.04, 30.04, 29.74, 29.75, 29.75, 29.75, 29.76, 29.78, 29.73, 29.68, 29.62, 29.55, 29.45, 29.4, 29.21, 29.21, 29.21, 29.21, 29.21, 29.21], [29.74, 29.74, 29.74, 29.76, 29.76, 29.76, 29.77, 29.77, 29.68, 29.66, 29.62, 29.57, 29.47, 29.21, 29.22, 29.22, 29.22, 29.22, 29.21, 29.21], [29.75, 29.75, 29.75, 29.76, 29.76, 29.76, 29.76, 29.85, 29.66, 29.64, 29.62, 29.59, 29.46, 29.22, 29.22, 29.23, 29.24, 29.23, 29.21, 29.2], [29.75, 29.75, 29.75, 29.89, 29.88, 29.87, 29.87, 29.86, 29.85, 29.85, 29.86, 29.68, 29.4, 29.22, 29.23, 29.25, 29.27, 29.24, 29.21, 29.2], [29.91, 29.91, 29.9, 29.9, 29.89, 29.88, 29.87, 29.85, 29.83, 29.82, 29.85, 29.8, 29.41, 29.36, 29.32, 29.24, 29.36, 29.19, 29.18, 29.18], [29.91, 29.91, 29.91, 29.91, 29.9, 29.89, 29.88, 29.85, 29.81, 29.76, 29.83, 29.82, 29.81, 29.36, 29.31, 29.27, 29.15, 29.08, 29.15, 29.17], [29.92, 29.92, 29.92, 29.92, 29.91, 29.91, 29.9, 29.87, 29.83, 29.78, 29.83, 29.85, 29.84, 29.36, 29.31, 29.36, 29.28, 29.24, 29.16, 29.17], [29.93, 29.93, 29.93, 29.93, 29.93, 29.93, 29.92, 29.92, 29.91, 29.92, 29.91, 29.92, 29.89, 29.59, 29.49, 29.41, 29.35, 29.33, 29.33, 29.35], [29.93, 29.93, 29.94, 29.94, 29.94, 29.95, 29.95, 29.97, 29.99, 30.01, 30.04, 29.92, 29.82, 29.71, 29.55, 29.47, 29.42, 29.39, 29.38, 29.39], [29.94, 29.94, 29.94, 29.95, 29.96, 29.97, 29.98, 30.01, 30.06, 30.12, 30.19, 30.01, 29.87, 29.76, 29.61, 29.53, 29.48, 29.44, 29.43, 29.42], [29.94, 29.95, 29.95, 29.96, 29.97, 29.98, 30.0, 30.03, 29.97, 30.07, 30.14, 30.01, 29.89, 29.79, 29.65, 29.57, 29.52, 29.49, 29.46, 29.45], [29.95, 29.95, 29.96, 29.97, 29.98, 29.99, 30.01, 30.04, 29.95, 30.0, 30.01, 29.96, 29.88, 29.8, 29.67, 29.6, 29.56, 29.52, 29.5, 29.48], [29.95, 29.96, 29.96, 29.97, 29.98, 29.99, 30.01, 29.88, 29.91, 29.93, 29.93, 29.9, 29.85, 29.79, 29.68, 29.62, 29.58, 29.55, 29.52, 29.51]]}]