gis_exercise/awsData/contour/wdir_2023090915.json
[{"header": {"refTime": "2023-09-09T15:00:00.000Z", "nx": 21, "ny": 33, "lo1": 113.509, "la1": 22.2235, "lo2": 113.5947, "la2": 22.1034, "dx": 0.0042850000000001385, "dy": 0.003753125000000024, "parameterCategory": 2, "parameterCategoryName": "Temperature", "parameterNumber": 2}, "data": [-0.49, -0.5, -0.53, -0.93, -0.93, -1.54, -1.51, -1.48, -1.5, -1.61, -1.76, -1.9, -2.58, -2.67, -3.62, -3.78, -4.57, -4.64, -4.69, -4.72, -0.47, -0.49, -0.52, -0.55, -0.93, -0.93, -1.45, -1.37, -1.34, -1.51, -1.75, -1.97, -2.66, -2.75, -3.69, -4.5, -4.61, -4.69, -4.75, -4.78, -0.46, -0.47, -0.5, -0.53, -0.93, -0.93, -0.93, -1.28, -1.02, -1.43, -1.8, -2.1, -2.81, -2.88, -4.36, -4.52, -4.67, -4.78, -4.84, -4.86, -0.44, -0.45, -0.47, -0.5, -0.55, -0.93, -0.93, -0.93, -0.93, -1.55, -1.93, -2.34, -3.05, -3.04, -4.34, -4.58, -4.78, -4.91, -4.97, -4.97, -0.41, -0.42, -0.44, -0.47, -0.51, -0.93, -0.93, -0.93, -0.93, -1.71, -2.04, -3.05, -3.38, -3.12, -4.35, -4.69, -4.97, -5.13, -5.14, -5.09, -0.38, -0.39, -0.4, -0.42, -0.46, -0.51, -0.93, -0.93, -0.94, -0.95, -2.55, -2.89, -3.18, -3.87, -4.42, -4.85, -5.28, -5.46, -5.36, -5.22, -0.39, -0.34, -0.35, -0.36, -0.39, -0.45, -0.57, -0.93, -0.93, -1.44, -1.59, -2.66, -3.88, -3.97, -4.49, -5.02, -5.72, -5.97, -5.85, -5.67, -0.38, -0.36, -0.34, -0.86, -0.85, -0.39, -0.52, -0.71, -1.06, -1.36, -1.28, -3.13, -3.47, -4.1, -5.01, -5.41, -5.9, -6.08, -5.81, -5.64, -0.37, -0.34, -0.31, -0.27, -0.72, -0.75, -0.9, -0.59, -1.33, -1.48, -2.77, -3.53, -4.24, -3.9, -5.0, -5.3, -5.59, -5.72, -5.66, -5.57, -0.99, -0.94, -0.86, -0.21, -0.1, -0.42, -0.78, -1.16, -1.7, -1.63, -3.23, -3.81, -4.42, -4.0, -5.01, -5.2, -5.38, -5.49, -5.51, -5.47, -1.0, -0.95, -0.87, -0.73, -0.44, 0.43, -0.76, -1.52, -1.78, -1.98, -3.32, -3.68, -3.89, -3.84, -5.02, -5.14, -5.27, -5.35, -5.39, -5.39, -1.02, -0.98, -0.91, -0.82, -0.67, -0.61, -1.13, -2.04, -2.47, -3.17, -3.33, -4.12, -4.21, -3.69, -5.02, -5.11, -5.2, -4.91, -4.92, -4.92, -1.05, -1.02, -0.98, -0.95, -0.94, -1.05, -1.28, -1.9, -2.27, -1.96, -3.24, -4.02, -4.11, -3.79, -3.71, -4.57, -4.61, -4.66, -4.7, -4.73, -1.08, -1.07, -1.05, -1.06, -1.09, -1.16, -1.16, -1.52, -1.78, -1.78, -3.11, -3.57, -3.55, -3.5, -3.49, -4.26, -4.32, -4.4, -4.48, -4.54, -1.11, -1.11, -1.11, -1.13, -1.17, -1.22, -1.3, -1.95, -2.14, -2.23, -2.25, -2.54, -3.33, -3.25, -3.19, -3.9, -4.01, -4.15, -4.27, -4.36, -1.14, -1.14, -0.88, -0.91, -0.95, -1.94, -1.96, -2.03, -2.12, -2.18, -2.52, -2.47, -2.41, -2.77, -2.73, -3.07, -3.19, -3.31, -3.74, -3.86, -0.91, -0.93, -0.96, -1.0, -2.03, -2.03, -2.05, -2.1, -2.14, -2.18, -2.45, -2.42, -2.36, -2.28, -2.33, -2.34, -2.42, -2.48, -2.53, -2.56, -0.96, -0.99, -1.03, -1.08, -2.07, -2.08, -2.11, -2.15, -2.18, -1.98, -1.95, -2.38, -2.32, -2.32, -2.14, -2.31, -2.43, -2.51, -2.55, -2.58, -1.0, -1.04, -1.09, -2.1, -2.1, -2.12, -2.15, -2.19, -2.17, -2.05, -2.41, -2.4, -2.47, -2.4, -2.3, -2.39, -2.49, -2.55, -2.59, -2.61, -1.04, -1.08, -2.17, -2.18, -2.2, -2.21, -2.24, -2.25, -2.35, -2.41, -2.45, -2.45, -2.55, -2.55, -2.46, -2.52, -2.58, -2.62, -2.64, -2.64, -2.21, -2.22, -2.23, -2.25, -2.27, -2.29, -2.31, -2.33, -2.49, -2.51, -2.53, -2.52, -2.65, -2.56, -2.6, -2.65, -2.69, -2.71, -2.69, -2.67, -2.25, -2.27, -2.29, -2.31, -2.34, -2.37, -2.41, -2.53, -2.63, -2.64, -2.64, -2.61, -3.11, -2.65, -2.7, -2.78, -2.83, -2.8, -2.74, -2.7, -2.29, -2.31, -2.34, -2.5, -2.52, -2.55, -2.58, -2.62, -2.67, -2.69, -2.67, -3.2, -3.09, -2.7, -2.77, -2.89, -3.03, -2.9, -2.76, -2.7, -2.47, -2.48, -2.49, -2.51, -2.54, -2.57, -2.63, -2.71, -2.82, -2.86, -2.78, -3.09, -3.09, -3.05, -3.03, -2.92, -3.43, -2.78, -2.69, -2.68, -2.47, -2.48, -2.49, -2.51, -2.54, -2.58, -2.65, -2.77, -2.97, -3.14, -2.88, -3.04, -3.06, -3.03, -2.99, -2.93, -2.63, -2.36, -2.6, -2.65, -2.47, -2.48, -2.49, -2.51, -2.53, -2.57, -2.63, -2.74, -2.93, -3.09, -3.02, -2.93, -2.96, -3.02, -2.96, -2.61, -2.57, -2.51, -2.6, -2.63, -2.46, -2.47, -2.48, -2.49, -2.51, -2.53, -2.57, -2.62, -2.67, -2.66, -2.76, -2.75, -2.82, -2.4, -2.49, -2.54, -2.55, -2.54, -2.55, -2.56, -2.45, -2.46, -2.46, -2.47, -2.48, -2.48, -2.49, -2.47, -2.42, -2.47, -2.38, -2.17, -2.19, -2.18, -2.42, -2.48, -2.51, -2.52, -2.53, -2.54, -2.44, -2.45, -2.45, -2.45, -2.44, -2.44, -2.41, -2.36, -2.24, -2.14, -1.79, -2.01, -2.11, -2.14, -2.36, -2.43, -2.47, -2.49, -2.51, -2.52, -2.43, -2.43, -2.43, -2.43, -2.42, -2.4, -2.36, -2.29, -2.12, -1.96, -1.85, -1.98, -2.08, -2.12, -2.32, -2.39, -2.43, -2.46, -2.48, -2.5, -2.43, -2.42, -2.42, -2.41, -2.39, -2.37, -2.33, -2.27, -2.12, -2.04, -2.0, -2.03, -2.08, -2.12, -2.3, -2.36, -2.41, -2.44, -2.46, -2.48, -2.42, -2.41, -2.41, -2.39, -2.38, -2.35, -2.32, -2.19, -2.14, -2.1, -2.07, -2.08, -2.1, -2.12, -2.29, -2.34, -2.39, -2.42, -2.44, -2.46]}, {"header": {"refTime": "2023-09-09T15:00:00.000Z", "nx": 21, "ny": 33, "lo1": 113.509, "la1": 22.2235, "lo2": 113.5947, "la2": 22.1034, "dx": 0.0042850000000001385, "dy": 0.003753125000000024, "parameterCategory": 2, "parameterCategoryName": "Temperature", "parameterNumber": 3}, "data": [1.99, 1.96, 1.91, 1.22, 1.21, 1.44, 1.42, 1.39, 1.39, 1.35, 1.41, 1.47, 2.55, 2.63, 3.2, 3.4, 4.74, 4.85, 4.93, 4.98, 2.02, 1.98, 1.94, 1.88, 1.22, 1.2, 1.39, 1.33, 1.3, 1.31, 1.41, 1.49, 2.56, 2.66, 3.24, 4.61, 4.78, 4.91, 5.0, 5.06, 2.05, 2.01, 1.97, 1.91, 1.22, 1.21, 1.18, 1.28, 1.12, 1.27, 1.43, 1.55, 2.59, 2.69, 4.35, 4.63, 4.85, 5.02, 5.11, 5.15, 2.09, 2.06, 2.02, 1.96, 1.89, 1.22, 1.2, 1.17, 1.14, 1.32, 1.48, 1.65, 2.59, 2.7, 4.3, 4.69, 4.99, 5.18, 5.26, 5.28, 2.13, 2.11, 2.08, 2.03, 1.96, 1.25, 1.24, 1.23, 1.21, 1.39, 1.53, 2.59, 2.38, 2.68, 4.34, 4.85, 5.23, 5.44, 5.47, 5.43, 2.19, 2.18, 2.16, 2.12, 2.06, 1.98, 1.28, 1.29, 1.28, 1.25, 2.65, 2.74, 2.66, 3.69, 4.54, 5.11, 5.62, 5.83, 5.73, 5.58, 2.95, 2.25, 2.25, 2.24, 2.19, 2.1, 1.97, 1.36, 1.36, 2.11, 2.3, 3.13, 4.35, 4.26, 4.82, 5.39, 6.13, 6.41, 5.98, 5.7, 2.99, 2.99, 2.98, 3.36, 3.3, 2.26, 2.06, 1.79, 1.73, 1.97, 1.66, 4.35, 4.81, 4.7, 5.92, 6.2, 6.54, 6.66, 6.48, 6.35, 3.02, 3.03, 3.04, 3.05, 3.41, 3.34, 3.15, 1.96, 2.06, 2.2, 3.45, 4.43, 4.96, 4.71, 5.87, 6.1, 6.31, 6.41, 6.37, 6.3, 4.03, 4.02, 4.0, 3.15, 3.22, 3.54, 3.48, 3.38, 2.63, 2.47, 3.95, 4.5, 4.95, 4.7, 5.84, 6.01, 6.16, 6.24, 6.25, 6.23, 4.03, 4.02, 3.99, 3.96, 3.9, 3.68, 4.02, 4.31, 3.93, 3.06, 4.06, 4.38, 4.57, 4.55, 5.84, 5.96, 6.06, 6.13, 6.17, 6.17, 4.03, 4.01, 3.99, 3.97, 3.93, 3.92, 4.09, 4.53, 4.75, 4.86, 4.23, 5.37, 5.38, 4.42, 5.85, 5.93, 6.01, 5.0, 5.02, 5.02, 4.03, 4.02, 4.0, 3.98, 3.95, 3.93, 3.95, 4.37, 4.62, 4.46, 4.82, 5.35, 5.37, 4.3, 4.2, 4.59, 4.64, 4.69, 4.74, 4.78, 4.03, 4.02, 4.01, 3.99, 3.96, 3.89, 3.68, 4.08, 4.31, 4.34, 4.75, 4.2, 4.03, 3.87, 3.84, 4.2, 4.28, 4.38, 4.47, 4.55, 4.04, 4.03, 4.02, 4.0, 3.98, 3.94, 3.94, 3.97, 4.06, 4.09, 4.07, 3.29, 3.71, 3.5, 3.37, 3.75, 3.9, 4.06, 4.21, 4.33, 4.04, 4.04, 3.48, 3.48, 3.48, 3.87, 3.87, 3.89, 3.92, 3.94, 3.32, 3.11, 2.85, 2.68, 2.57, 2.83, 3.0, 3.17, 3.71, 3.87, 3.47, 3.47, 3.47, 3.46, 3.85, 3.82, 3.79, 3.76, 3.76, 3.79, 3.17, 2.96, 2.66, 2.31, 2.05, 2.01, 2.18, 2.31, 2.4, 2.46, 3.46, 3.46, 3.45, 3.44, 3.81, 3.76, 3.69, 3.6, 3.55, 2.92, 2.76, 2.87, 2.54, 2.05, 1.61, 1.96, 2.2, 2.35, 2.45, 2.51, 3.46, 3.45, 3.44, 3.81, 3.77, 3.71, 3.61, 3.44, 3.14, 2.97, 2.61, 2.4, 2.5, 2.24, 1.93, 2.11, 2.31, 2.44, 2.52, 2.57, 3.45, 3.44, 3.16, 3.16, 3.16, 3.15, 3.15, 3.16, 2.98, 2.81, 2.62, 2.44, 2.66, 2.54, 2.25, 2.36, 2.49, 2.58, 2.62, 2.64, 3.14, 3.14, 3.14, 3.13, 3.13, 3.12, 3.12, 3.12, 2.81, 2.73, 2.61, 2.48, 2.83, 2.46, 2.51, 2.61, 2.7, 2.74, 2.73, 2.71, 3.12, 3.12, 3.11, 3.11, 3.1, 3.08, 3.07, 2.58, 2.71, 2.66, 2.59, 2.5, 2.81, 2.62, 2.71, 2.84, 2.93, 2.91, 2.84, 2.78, 3.11, 3.1, 3.09, 2.38, 2.4, 2.43, 2.45, 2.47, 2.47, 2.45, 2.41, 3.27, 2.98, 2.73, 2.85, 3.04, 3.24, 3.09, 2.9, 2.81, 2.3, 2.3, 2.32, 2.33, 2.34, 2.36, 2.37, 2.4, 2.42, 2.42, 2.37, 2.6, 2.95, 3.02, 3.11, 3.11, 3.75, 2.98, 2.84, 2.8, 2.26, 2.27, 2.27, 2.27, 2.28, 2.29, 2.3, 2.34, 2.43, 2.51, 2.35, 2.51, 2.64, 2.99, 3.05, 3.07, 2.81, 2.49, 2.74, 2.77, 2.23, 2.23, 2.23, 2.22, 2.22, 2.21, 2.22, 2.25, 2.35, 2.44, 2.38, 2.38, 2.49, 2.96, 2.99, 2.69, 2.67, 2.62, 2.73, 2.75, 2.2, 2.19, 2.18, 2.17, 2.15, 2.14, 2.12, 2.11, 2.11, 2.06, 2.12, 2.16, 2.31, 2.25, 2.43, 2.55, 2.6, 2.6, 2.61, 2.61, 2.17, 2.16, 2.14, 2.12, 2.09, 2.06, 2.01, 1.94, 1.83, 1.78, 1.68, 1.47, 1.56, 1.62, 2.3, 2.43, 2.5, 2.54, 2.56, 2.56, 2.14, 2.13, 2.1, 2.08, 2.04, 1.99, 1.92, 1.81, 1.63, 1.39, 0.96, 1.27, 1.45, 1.56, 2.18, 2.32, 2.41, 2.47, 2.5, 2.51, 2.12, 2.1, 2.07, 2.04, 2.0, 1.94, 1.86, 1.74, 1.39, 1.19, 1.06, 1.25, 1.41, 1.52, 2.11, 2.24, 2.34, 2.4, 2.44, 2.46, 2.1, 2.08, 2.05, 2.01, 1.97, 1.91, 1.83, 1.73, 1.41, 1.31, 1.27, 1.33, 1.43, 1.51, 2.06, 2.19, 2.28, 2.34, 2.39, 2.42, 2.08, 2.06, 2.03, 1.99, 1.95, 1.9, 1.83, 1.52, 1.46, 1.4, 1.38, 1.41, 1.46, 1.52, 2.04, 2.15, 2.24, 2.3, 2.34, 2.38]}, {"header": {"refTime": "2023-09-09T15:00:00.000Z", "nx": 21, "ny": 33, "lo1": 113.509, "la1": 22.2235, "lo2": 113.5947, "la2": 22.1034, "dx": 0.0042850000000001385, "dy": 0.003753125000000024, "parameterCategory": 0, "parameterCategoryName": "Temperature", "parameterNumber": 0}, "data": [[26.16, 26.15, 26.13, 25.89, 25.88, 26.09, 26.06, 26.03, 26.02, 25.86, 25.9, 25.94, 26.21, 26.24, 26.2, 26.21, 26.43, 26.42, 26.42, 26.42], [26.17, 26.16, 26.14, 26.12, 25.88, 25.86, 26.04, 25.98, 25.94, 25.84, 25.9, 25.96, 26.24, 26.26, 26.22, 26.43, 26.43, 26.42, 26.42, 26.41], [26.18, 26.17, 26.16, 26.14, 25.89, 25.87, 25.85, 25.93, 25.76, 25.82, 25.92, 26.0, 26.28, 26.3, 26.44, 26.43, 26.42, 26.41, 26.41, 26.41], [26.19, 26.18, 26.17, 26.16, 26.14, 25.9, 25.87, 25.83, 25.79, 25.84, 25.95, 26.08, 26.35, 26.3, 26.44, 26.43, 26.41, 26.41, 26.4, 26.4], [26.2, 26.2, 26.2, 26.19, 26.17, 25.93, 25.92, 25.9, 25.88, 25.87, 25.97, 26.3, 26.42, 26.33, 26.44, 26.42, 26.4, 26.39, 26.39, 26.39], [26.22, 26.22, 26.22, 26.22, 26.21, 26.21, 25.98, 25.99, 25.96, 25.89, 26.12, 26.25, 26.35, 26.5, 26.44, 26.41, 26.38, 26.37, 26.37, 26.38], [26.44, 26.24, 26.24, 26.25, 26.25, 26.26, 26.22, 26.11, 26.1, 26.04, 25.95, 26.17, 26.5, 26.5, 26.43, 26.4, 26.35, 26.33, 26.34, 26.35], [26.44, 26.44, 26.44, 26.44, 26.44, 26.24, 26.25, 26.3, 26.39, 25.99, 25.7, 26.19, 26.2, 26.5, 26.37, 26.4, 26.35, 26.34, 26.36, 26.38], [26.46, 26.46, 26.44, 26.44, 26.44, 26.44, 26.45, 26.26, 26.18, 26.07, 25.88, 26.03, 26.1, 26.01, 26.38, 26.4, 26.38, 26.37, 26.37, 26.38], [26.4, 26.4, 26.4, 26.45, 26.44, 26.42, 26.43, 26.45, 25.93, 25.99, 26.11, 25.94, 25.99, 25.97, 26.38, 26.41, 26.4, 26.39, 26.39, 26.39], [26.4, 26.4, 26.4, 26.4, 26.4, 26.4, 26.4, 26.4, 26.44, 26.16, 25.5, 25.88, 25.93, 25.93, 26.38, 26.42, 26.41, 26.4, 26.4, 26.4], [26.4, 26.4, 26.4, 26.4, 26.4, 26.4, 26.4, 26.4, 26.4, -999.0, 25.5, 26.5, 26.5, 25.9, 26.38, 26.43, 26.42, 25.79, 25.8, 25.8], [26.4, 26.4, 26.4, 26.4, 26.4, 26.4, 26.4, 26.4, 26.4, 26.4, -999.0, 26.5, 26.5, 25.78, 26.1, 25.97, 25.98, 25.87, 25.88, 25.89], [26.4, 26.4, 26.4, 26.4, 26.4, 26.4, 26.4, 26.4, 26.4, 26.4, -999.0, 25.4, 25.4, 25.4, 26.0, 25.9, 25.91, 25.8, 25.82, 25.84], [26.4, 26.4, 26.4, 26.4, 26.4, 26.4, 26.4, 26.6, 26.6, 26.6, 26.6, 26.14, 25.4, 25.4, 25.4, 25.81, 25.84, 25.74, 25.77, 25.79], [26.4, 26.4, 26.53, 26.53, 26.53, 26.6, 26.6, 26.6, 26.6, 26.6, 25.84, 25.93, 25.81, 25.72, 25.83, 25.69, 25.74, 25.66, 25.85, 25.88], [26.53, 26.53, 26.47, 26.47, 26.6, 26.6, 26.6, 26.6, 26.6, 26.6, 26.08, 25.94, 25.78, 25.63, 25.63, 25.65, 25.74, 25.81, 25.86, 25.9], [26.47, 26.47, 26.48, 26.48, 26.6, 26.6, 26.6, 26.6, 26.6, 26.3, 26.13, 25.95, 25.77, 25.64, 25.43, 25.62, 25.75, 25.83, 25.88, 25.92], [26.48, 26.48, 26.48, 26.6, 26.6, 26.6, 26.6, 26.6, 26.49, 26.37, 26.27, 26.12, 25.87, 25.72, 25.6, 25.7, 25.8, 25.87, 25.92, 25.95], [26.48, 26.48, 26.66, 26.65, 26.65, 26.65, 26.64, 26.62, 26.5, 26.41, 26.3, 26.17, 25.94, 25.84, 25.77, 25.82, 25.89, 25.94, 25.97, 25.99], [26.66, 26.66, 26.66, 26.64, 26.64, 26.64, 26.63, 26.63, 26.44, 26.39, 26.32, 26.22, 25.99, 25.87, 25.89, 25.94, 25.98, 26.01, 26.03, 26.03], [26.65, 26.65, 26.65, 26.64, 26.64, 26.64, 26.64, 26.69, 26.43, 26.4, 26.35, 26.28, 26.08, 25.95, 25.99, 26.03, 26.07, 26.08, 26.08, 26.07], [26.65, 26.65, 26.65, 26.71, 26.71, 26.71, 26.7, 26.7, 26.7, 26.71, 26.71, 26.54, 26.41, 26.01, 26.05, 26.11, 26.15, 26.15, 26.13, 26.1], [26.72, 26.72, 26.72, 26.72, 26.72, 26.72, 26.72, 26.72, 26.71, 26.72, 26.72, 26.63, 26.43, 26.38, 26.33, 26.15, 26.2, 26.2, 26.16, 26.13], [26.73, 26.73, 26.73, 26.73, 26.73, 26.73, 26.73, 26.72, 26.72, 26.71, 26.73, 26.65, 26.61, 26.38, 26.34, 26.3, 26.21, 26.23, 26.18, 26.14], [26.73, 26.73, 26.73, 26.73, 26.73, 26.74, 26.74, 26.73, 26.73, 26.72, 26.69, 26.67, 26.63, 26.39, 26.35, 26.35, 26.33, 26.32, 26.16, 26.13], [26.73, 26.74, 26.74, 26.74, 26.74, 26.74, 26.75, 26.75, 26.75, 26.76, 26.72, 26.7, 26.66, 26.48, 26.43, 26.39, 26.36, 26.35, 26.35, 26.36], [26.74, 26.74, 26.74, 26.75, 26.75, 26.75, 26.76, 26.77, 26.78, 26.76, 26.77, 26.75, 26.71, 26.67, 26.46, 26.42, 26.39, 26.38, 26.37, 26.38], [26.74, 26.74, 26.75, 26.75, 26.75, 26.76, 26.77, 26.78, 26.8, 26.81, 26.86, 26.79, 26.73, 26.69, 26.5, 26.45, 26.42, 26.41, 26.4, 26.39], [26.74, 26.75, 26.75, 26.75, 26.76, 26.77, 26.78, 26.79, 26.77, 26.81, 26.84, 26.79, 26.74, 26.7, 26.52, 26.48, 26.45, 26.43, 26.42, 26.41], [26.75, 26.75, 26.75, 26.76, 26.76, 26.77, 26.78, 26.79, 26.76, 26.78, 26.79, 26.77, 26.73, 26.7, 26.53, 26.49, 26.47, 26.45, 26.43, 26.43], [26.75, 26.75, 26.76, 26.76, 26.76, 26.77, 26.78, 26.74, 26.75, 26.76, 26.76, 26.74, 26.72, 26.7, 26.54, 26.51, 26.48, 26.46, 26.45, 26.44]]}]