gis_exercise/awsData/contour/wdir_2023090110.json
[{"header": {"refTime": "2023-09-01T10:00:00.000Z", "nx": 21, "ny": 33, "lo1": 113.509, "la1": 22.2235, "lo2": 113.5947, "la2": 22.1034, "dx": 0.0042850000000001385, "dy": 0.003753125000000024, "parameterCategory": 2, "parameterCategoryName": "Temperature", "parameterNumber": 2}, "data": [0.85, 0.84, 0.82, 1.17, 1.13, 0.81, 0.77, 0.74, 0.73, 1.08, 1.19, 1.29, 1.25, 1.3, 1.22, 1.26, 1.79, 1.79, 1.79, 1.8, 0.86, 0.85, 0.83, 0.81, 1.13, 1.07, 0.74, 0.67, 0.63, 0.97, 1.16, 1.3, 1.28, 1.33, 1.26, 1.78, 1.78, 1.79, 1.79, 1.8, 0.87, 0.86, 0.85, 0.82, 1.15, 1.08, 0.97, 0.61, 0.41, 0.89, 1.19, 1.35, 1.34, 1.38, 1.76, 1.77, 1.78, 1.79, 1.79, 1.8, 0.89, 0.88, 0.87, 0.85, 0.82, 1.13, 1.04, 0.9, 0.77, 1.05, 1.31, 1.44, 1.42, 1.9, 1.75, 1.77, 1.78, 1.79, 1.79, 1.8, 0.91, 0.9, 0.89, 0.88, 0.86, 1.2, 1.16, 1.13, 1.14, 1.35, 1.49, 1.87, 1.66, 1.85, 1.76, 1.78, 1.79, 1.79, 1.79, 1.8, 0.92, 0.92, 0.92, 0.92, 0.91, 0.9, 1.27, 1.29, 1.37, 1.52, 2.15, 1.98, 1.81, 1.85, 1.78, 1.79, 1.79, 1.79, 1.79, 1.8, 1.18, 0.95, 0.95, 0.95, 0.95, 0.95, 1.55, 1.35, 1.44, 2.06, 2.26, 2.18, 2.0, 1.99, 1.82, 1.81, 1.79, 1.78, 1.81, 1.82, 1.19, 1.19, 1.19, 1.54, 1.52, 1.52, 1.51, 1.42, 1.36, 2.09, 2.51, 2.35, 2.31, 2.09, 2.11, 2.02, 1.9, 1.86, 1.92, 1.97, 1.19, 1.19, 1.19, 1.19, 1.51, 1.5, 1.5, 1.49, 1.79, 2.02, 2.46, 2.37, 2.33, 2.35, 2.13, 2.05, 1.98, 1.95, 1.96, 1.98, 1.59, 1.58, 1.56, 1.2, 1.2, 1.46, 1.55, 1.63, 2.05, 2.13, 2.42, 2.37, 2.34, 2.36, 2.14, 2.08, 2.03, 2.01, 2.0, 2.01, 1.59, 1.58, 1.56, 1.52, 1.46, 1.26, 1.58, 1.84, 1.93, 2.23, 2.53, 2.38, 2.37, 2.37, 2.15, 2.1, 2.07, 2.04, 2.03, 2.03, 1.59, 1.58, 1.56, 1.53, 1.5, 1.49, 1.65, 2.04, 2.24, 2.22, 2.54, 2.38, 2.36, 2.38, 2.14, 2.11, 2.08, 2.12, 2.11, 2.1, 1.59, 1.58, 1.56, 1.55, 1.53, 1.51, 1.54, 1.9, 2.13, 1.98, 2.15, 2.4, 2.38, 2.31, 2.32, 2.18, 2.16, 2.15, 2.14, 2.13, 1.6, 1.59, 1.57, 1.56, 1.53, 1.48, 1.3, 1.65, 1.85, 1.87, 2.1, 2.46, 2.44, 2.43, 2.33, 2.21, 2.19, 2.18, 2.17, 2.16, 1.6, 1.59, 1.58, 1.57, 1.55, 1.53, 1.52, 1.7, 1.82, 1.86, 1.87, 2.26, 2.44, 2.43, 2.43, 2.24, 2.22, 2.21, 2.19, 2.18, 1.61, 1.6, 1.33, 1.32, 1.32, 1.67, 1.68, 1.72, 1.77, 1.81, 2.2, 2.22, 2.26, 2.22, 2.25, 3.1, 3.24, 3.37, 3.33, 3.38, 1.34, 1.34, 1.34, 1.35, 1.71, 1.7, 1.71, 1.72, 1.74, 1.76, 2.14, 2.19, 2.25, 2.3, 2.75, 2.74, 2.86, 2.95, 3.01, 3.05, 1.35, 1.35, 1.36, 1.37, 1.72, 1.71, 1.71, 1.7, 1.71, 1.7, 1.78, 2.16, 2.24, 2.73, 2.46, 2.71, 2.88, 2.99, 3.05, 3.08, 1.36, 1.36, 1.37, 1.73, 1.72, 1.72, 1.71, 1.68, 1.65, 1.7, 1.95, 2.05, 2.91, 2.88, 2.69, 2.83, 2.97, 3.06, 3.11, 3.12, 1.37, 1.37, 1.62, 1.62, 1.63, 1.64, 1.64, 1.65, 1.77, 1.85, 1.95, 2.03, 3.06, 3.14, 2.94, 3.03, 3.12, 3.17, 3.18, 3.17, 1.63, 1.64, 1.64, 1.65, 1.66, 1.67, 1.68, 1.68, 1.87, 1.91, 1.97, 2.03, 3.26, 3.09, 3.15, 3.24, 3.32, 3.32, 3.27, 3.22, 1.65, 1.66, 1.67, 1.68, 1.69, 1.7, 1.72, 2.07, 1.94, 1.97, 2.0, 2.04, 3.58, 3.22, 3.33, 3.48, 3.57, 3.49, 3.34, 3.24, 1.67, 1.68, 1.69, 2.19, 2.18, 2.17, 2.15, 2.15, 2.15, 2.16, 2.19, 3.1, 3.04, 3.3, 3.45, 3.71, 4.03, 3.68, 3.33, 3.21, 2.24, 2.24, 2.23, 2.23, 2.22, 2.21, 2.21, 2.2, 2.2, 2.2, 2.23, 3.42, 2.99, 3.18, 3.39, 3.74, 5.01, 3.29, 3.1, 3.11, 2.26, 2.26, 2.26, 2.26, 2.26, 2.26, 2.26, 2.25, 2.21, 2.18, 2.25, 3.3, 3.69, 3.11, 3.26, 3.34, 2.9, 2.16, 2.85, 3.02, 2.28, 2.29, 2.29, 2.29, 2.3, 2.31, 2.31, 2.3, 2.26, 2.22, 2.89, 3.26, 3.61, 3.03, 3.12, 3.25, 2.99, 2.81, 2.87, 2.99, 2.3, 2.31, 2.32, 2.33, 2.34, 2.35, 2.37, 2.38, 2.39, 2.41, 3.07, 3.29, 3.56, 3.3, 3.28, 3.22, 3.1, 3.03, 3.06, 3.12, 2.32, 2.33, 2.34, 2.36, 2.37, 2.4, 2.43, 2.47, 2.53, 3.11, 3.18, 2.44, 2.25, 2.05, 3.26, 3.22, 3.16, 3.13, 3.13, 3.16, 2.34, 2.35, 2.36, 2.38, 2.41, 2.44, 2.48, 2.54, 2.65, 3.18, 2.95, 2.61, 2.35, 2.14, 3.24, 3.22, 3.2, 3.18, 3.17, 3.19, 2.35, 2.37, 2.38, 2.4, 2.43, 2.46, 2.51, 2.58, 2.54, 2.73, 2.84, 2.62, 2.38, 2.19, 3.24, 3.23, 3.22, 3.21, 3.2, 3.21, 2.37, 2.38, 2.4, 2.42, 2.45, 2.48, 2.53, 2.59, 2.49, 2.58, 2.61, 2.51, 2.35, 2.2, 3.24, 3.24, 3.23, 3.22, 3.22, 3.22, 2.38, 2.39, 2.41, 2.43, 2.46, 2.49, 2.53, 2.37, 2.43, 2.47, 2.46, 2.4, 2.3, 2.19, 3.24, 3.24, 3.24, 3.23, 3.23, 3.24]}, {"header": {"refTime": "2023-09-01T10:00:00.000Z", "nx": 21, "ny": 33, "lo1": 113.509, "la1": 22.2235, "lo2": 113.5947, "la2": 22.1034, "dx": 0.0042850000000001385, "dy": 0.003753125000000024, "parameterCategory": 2, "parameterCategoryName": "Temperature", "parameterNumber": 3}, "data": [-3.24, -3.24, -3.23, -2.94, -2.95, -2.32, -2.37, -2.41, -2.39, -2.26, -2.07, -1.89, -2.0, -1.94, -3.29, -3.53, -3.9, -4.1, -4.24, -4.34, -3.25, -3.24, -3.23, -3.22, -2.95, -2.97, -2.44, -2.55, -2.61, -2.39, -2.08, -1.81, -1.87, -1.82, -3.21, -3.68, -3.99, -4.23, -4.39, -4.48, -3.25, -3.24, -3.23, -3.22, -2.94, -2.96, -2.99, -2.67, -3.05, -2.5, -2.02, -1.64, -1.66, -1.64, -3.25, -3.73, -4.14, -4.43, -4.6, -4.68, -3.26, -3.25, -3.24, -3.23, -3.21, -2.94, -2.97, -3.02, -3.06, -2.34, -1.85, -1.35, -1.27, -1.31, -3.17, -3.86, -4.41, -4.75, -4.9, -4.92, -3.27, -3.26, -3.25, -3.24, -3.22, -2.92, -2.93, -2.94, -2.95, -2.1, -1.69, -1.17, -0.46, -1.17, -3.22, -4.15, -4.87, -5.26, -5.31, -5.21, -3.28, -3.28, -3.27, -3.26, -3.23, -3.2, -2.89, -2.88, -2.87, -2.85, -2.0, -1.57, -1.06, -2.06, -3.52, -4.62, -5.62, -6.04, -5.83, -5.52, -3.27, -3.3, -3.3, -3.28, -3.26, -3.21, -3.01, -2.83, -2.82, -2.92, -2.96, -2.34, -2.88, -2.87, -3.94, -5.11, -6.63, -7.2, -6.61, -6.13, -3.28, -3.29, -3.3, -3.7, -3.67, -3.15, -3.05, -2.91, -2.82, -2.88, -2.81, -3.81, -4.01, -3.55, -5.85, -6.52, -7.34, -7.64, -7.19, -6.9, -3.3, -3.31, -3.32, -3.34, -3.72, -3.69, -3.6, -3.0, -3.09, -2.93, -3.75, -4.22, -4.79, -4.52, -5.8, -6.31, -6.81, -7.03, -6.94, -6.78, -3.83, -3.83, -3.83, -3.39, -3.45, -3.78, -3.76, -3.73, -3.39, -3.32, -4.07, -4.5, -5.0, -4.63, -5.79, -6.13, -6.45, -6.64, -6.67, -6.62, -3.82, -3.82, -3.82, -3.81, -3.82, -3.81, -3.89, -4.05, -4.03, -3.63, -4.49, -4.4, -4.56, -4.51, -5.79, -6.03, -6.25, -6.4, -6.47, -6.47, -3.81, -3.81, -3.8, -3.79, -3.79, -3.79, -3.87, -4.19, -4.37, -4.56, -4.54, -4.85, -4.88, -4.39, -5.8, -5.97, -6.13, -6.37, -6.41, -6.42, -3.81, -3.8, -3.78, -3.76, -3.73, -3.66, -3.62, -4.01, -4.25, -4.11, -4.57, -4.81, -4.83, -4.67, -4.64, -5.98, -6.07, -6.14, -6.2, -6.24, -3.8, -3.79, -3.77, -3.74, -3.69, -3.56, -3.26, -3.72, -3.96, -4.0, -4.49, -4.89, -4.88, -4.86, -4.56, -5.75, -5.84, -5.93, -6.01, -6.07, -3.8, -3.78, -3.76, -3.74, -3.69, -3.62, -3.59, -3.85, -4.01, -4.1, -4.13, -4.46, -4.77, -4.73, -4.7, -5.49, -5.6, -5.72, -5.83, -5.92, -3.8, -3.78, -3.71, -3.69, -3.67, -3.88, -3.9, -3.97, -4.06, -4.12, -4.47, -4.43, -4.39, -4.55, -4.52, -4.63, -4.68, -4.74, -5.46, -5.56, -3.75, -3.75, -3.75, -3.75, -3.99, -4.0, -4.04, -4.1, -4.16, -4.18, -4.45, -4.41, -4.36, -4.29, -4.29, -4.42, -4.51, -4.58, -4.63, -4.67, -3.78, -3.78, -3.79, -3.8, -4.05, -4.09, -4.15, -4.24, -4.29, -4.15, -4.1, -4.4, -4.34, -4.29, -4.18, -4.39, -4.52, -4.6, -4.66, -4.69, -3.8, -3.81, -3.82, -4.08, -4.1, -4.15, -4.23, -4.35, -4.42, -4.25, -3.99, -3.93, -4.4, -4.34, -4.37, -4.46, -4.57, -4.65, -4.69, -4.72, -3.82, -3.83, -3.43, -3.47, -3.53, -3.63, -3.78, -4.0, -4.23, -4.06, -3.92, -3.86, -4.45, -4.42, -4.54, -4.59, -4.66, -4.71, -4.74, -4.76, -3.37, -3.38, -3.41, -3.44, -3.49, -3.55, -3.64, -3.74, -3.93, -3.86, -3.78, -3.75, -4.49, -4.64, -4.67, -4.71, -4.76, -4.79, -4.8, -4.81, -3.35, -3.36, -3.37, -3.39, -3.41, -3.44, -3.47, -3.65, -3.64, -3.6, -3.58, -3.6, -3.81, -4.73, -4.76, -4.81, -4.85, -4.86, -4.86, -4.85, -3.32, -3.33, -3.33, -3.57, -3.55, -3.53, -3.49, -3.42, -3.35, -3.3, -3.32, -3.64, -4.01, -4.79, -4.83, -4.88, -4.93, -4.93, -4.91, -4.88, -3.57, -3.56, -3.54, -3.52, -3.49, -3.44, -3.36, -3.23, -3.08, -3.0, -3.1, -3.37, -3.95, -4.25, -4.51, -4.93, -4.98, -4.99, -4.95, -4.91, -3.55, -3.54, -3.52, -3.49, -3.44, -3.38, -3.27, -3.11, -2.82, -2.59, -2.93, -3.32, -3.59, -4.21, -4.49, -4.71, -4.99, -5.01, -4.96, -4.92, -3.54, -3.52, -3.5, -3.47, -3.42, -3.36, -3.26, -3.1, -2.85, -2.64, -3.03, -3.35, -3.59, -4.17, -4.42, -4.88, -4.93, -4.95, -4.94, -4.91, -3.53, -3.51, -3.49, -3.46, -3.42, -3.37, -3.3, -3.21, -3.12, -3.11, -3.31, -3.48, -3.63, -4.67, -4.76, -4.83, -4.87, -4.89, -4.89, -4.88, -3.52, -3.51, -3.49, -3.46, -3.44, -3.4, -3.37, -3.35, -3.37, -3.51, -3.62, -3.66, -3.71, -3.81, -4.7, -4.77, -4.82, -4.84, -4.85, -4.85, -3.52, -3.51, -3.49, -3.47, -3.46, -3.44, -3.44, -3.46, -3.53, -3.75, -3.91, -3.78, -3.77, -3.82, -4.65, -4.72, -4.77, -4.8, -4.81, -4.82, -3.52, -3.51, -3.5, -3.49, -3.48, -3.48, -3.49, -3.52, -3.67, -3.79, -3.87, -3.81, -3.79, -3.83, -4.62, -4.68, -4.73, -4.76, -4.78, -4.79, -3.52, -3.52, -3.51, -3.5, -3.5, -3.5, -3.52, -3.55, -3.69, -3.75, -3.79, -3.79, -3.8, -3.83, -4.6, -4.66, -4.7, -4.73, -4.75, -4.76, -3.53, -3.52, -3.52, -3.51, -3.51, -3.52, -3.53, -3.66, -3.69, -3.73, -3.76, -3.78, -3.8, -3.82, -4.59, -4.64, -4.68, -4.71, -4.73, -4.74]}, {"header": {"refTime": "2023-09-01T10:00:00.000Z", "nx": 21, "ny": 33, "lo1": 113.509, "la1": 22.2235, "lo2": 113.5947, "la2": 22.1034, "dx": 0.0042850000000001385, "dy": 0.003753125000000024, "parameterCategory": 0, "parameterCategoryName": "Temperature", "parameterNumber": 0}, "data": [[28.49, 28.49, 28.48, 28.3, 28.3, 28.59, 28.58, 28.57, 28.57, 28.52, 28.56, 28.6, 28.91, 28.94, 28.87, 28.88, 29.09, 29.09, 29.08, 29.08], [28.49, 28.49, 28.48, 28.48, 28.3, 28.31, 28.56, 28.54, 28.53, 28.51, 28.56, 28.62, 28.94, 28.96, 28.9, 29.1, 29.09, 29.08, 29.07, 29.07], [28.5, 28.49, 28.49, 28.48, 28.3, 28.31, 28.32, 28.51, 28.43, 28.49, 28.58, 28.66, 28.98, 29.0, 29.12, 29.1, 29.08, 29.07, 29.07, 29.06], [28.5, 28.5, 28.49, 28.49, 28.48, 28.31, 28.32, 28.33, 28.35, 28.51, 28.61, 28.74, 29.05, 28.96, 29.12, 29.09, 29.07, 29.06, 29.05, 29.05], [28.51, 28.5, 28.5, 28.49, 28.48, 28.3, 28.3, 28.31, 28.3, 28.51, 28.61, 28.96, 29.11, 29.0, 29.12, 29.08, 29.05, 29.04, 29.03, 29.04], [28.51, 28.51, 28.51, 28.5, 28.49, 28.48, 28.3, 28.29, 28.28, 28.24, 28.74, 28.9, 29.02, 29.2, 29.11, 29.06, 29.02, 29.0, 29.01, 29.03], [28.57, 28.52, 28.52, 28.52, 28.51, 28.5, 28.37, 28.3, 28.29, 28.37, 28.38, 28.8, 29.2, 29.2, 29.1, 29.05, 28.98, 28.95, 28.96, 28.97], [28.57, 28.57, 28.57, 28.57, 28.57, 28.42, 28.39, 28.37, 28.4, 28.33, 28.17, 28.83, 28.84, 29.2, 29.01, 29.04, 28.98, 28.95, 28.99, 29.02], [28.53, 28.53, 28.59, 28.59, 28.59, 28.58, 28.54, 28.38, 28.27, 28.4, 28.46, 28.64, 28.72, 28.61, 29.02, 29.06, 29.02, 29.0, 29.01, 29.03], [28.7, 28.7, 28.7, 28.56, 28.58, 28.63, 28.6, 28.54, 28.17, 28.19, 28.73, 28.53, 28.59, 28.56, 29.02, 29.07, 29.04, 29.03, 29.03, 29.04], [28.7, 28.7, 28.7, 28.7, 28.7, 28.7, 28.7, 28.7, 28.59, 28.26, 28.0, 28.46, 28.51, 28.51, 29.02, 29.08, 29.06, 29.05, 29.05, 29.05], [28.7, 28.7, 28.7, 28.7, 28.7, 28.7, 28.7, 28.7, 28.7, -999.0, 28.0, 29.2, 29.2, 28.48, 29.01, 29.09, 29.08, 28.22, 28.23, 28.24], [28.7, 28.7, 28.7, 28.7, 28.7, 28.7, 28.7, 28.7, 28.7, 28.7, -999.0, 29.2, 29.2, 28.22, 28.65, 28.46, 28.47, 28.32, 28.35, 28.36], [28.7, 28.7, 28.7, 28.7, 28.7, 28.7, 28.7, 28.7, 28.7, 28.7, -999.0, 27.7, 27.7, 27.7, 28.52, 28.36, 28.38, 28.23, 28.26, 28.29], [28.7, 28.7, 28.7, 28.7, 28.7, 28.7, 28.7, 28.9, 28.9, 28.9, 28.9, 28.44, 27.7, 27.7, 27.7, 28.25, 28.29, 28.15, 28.19, 28.23], [28.7, 28.7, 28.83, 28.83, 28.83, 28.9, 28.9, 28.9, 28.9, 28.9, 28.14, 28.23, 28.11, 28.02, 28.13, 28.03, 28.08, 27.99, 28.26, 28.3], [28.83, 28.83, 28.77, 28.77, 28.9, 28.9, 28.9, 28.9, 28.9, 28.9, 28.38, 28.24, 28.08, 27.93, 27.94, 27.92, 28.0, 28.07, 28.11, 28.14], [28.77, 28.77, 28.78, 28.78, 28.9, 28.9, 28.9, 28.9, 28.9, 28.6, 28.43, 28.25, 28.07, 27.95, 27.74, 27.9, 28.01, 28.08, 28.13, 28.16], [28.78, 28.78, 28.78, 28.9, 28.9, 28.9, 28.9, 28.9, 28.79, 28.67, 28.55, 28.4, 28.19, 28.04, 27.88, 27.97, 28.06, 28.12, 28.16, 28.19], [28.78, 28.78, 28.9, 28.9, 28.9, 28.9, 28.9, 28.9, 28.79, 28.69, 28.58, 28.45, 28.26, 28.17, 28.03, 28.08, 28.14, 28.18, 28.21, 28.22], [28.9, 28.9, 28.9, 28.9, 28.9, 28.9, 28.9, 28.9, 28.71, 28.67, 28.59, 28.5, 28.32, 28.12, 28.15, 28.19, 28.23, 28.25, 28.26, 28.26], [28.9, 28.9, 28.9, 28.9, 28.9, 28.9, 28.9, 28.9, 28.69, 28.66, 28.61, 28.54, 28.38, 28.2, 28.23, 28.28, 28.32, 28.32, 28.31, 28.29], [28.9, 28.9, 28.9, 28.9, 28.9, 28.9, 28.9, 28.9, 28.9, 28.9, 28.9, 28.82, 28.62, 28.25, 28.29, 28.35, 28.41, 28.39, 28.35, 28.32], [28.9, 28.9, 28.9, 28.9, 28.9, 28.9, 28.9, 28.9, 28.9, 28.9, 28.9, 28.83, 28.63, 28.58, 28.55, 28.39, 28.51, 28.41, 28.36, 28.33], [28.9, 28.9, 28.9, 28.9, 28.9, 28.9, 28.9, 28.9, 28.9, 28.9, 28.9, 28.84, 28.81, 28.59, 28.54, 28.51, 28.38, 28.35, 28.35, 28.33], [28.9, 28.9, 28.9, 28.9, 28.9, 28.9, 28.9, 28.9, 28.9, 28.9, 28.86, 28.84, 28.82, 28.59, 28.55, 28.51, 28.48, 28.46, 28.34, 28.33], [28.9, 28.9, 28.9, 28.9, 28.9, 28.9, 28.9, 28.9, 28.9, 28.9, 28.86, 28.85, 28.83, 28.61, 28.57, 28.54, 28.51, 28.5, 28.5, 28.51], [28.9, 28.9, 28.9, 28.9, 28.9, 28.9, 28.9, 28.9, 28.9, 28.87, 28.87, 28.81, 28.77, 28.72, 28.59, 28.56, 28.54, 28.53, 28.52, 28.52], [28.9, 28.9, 28.9, 28.9, 28.9, 28.9, 28.9, 28.9, 28.9, 28.88, 28.88, 28.83, 28.78, 28.74, 28.62, 28.58, 28.56, 28.55, 28.54, 28.54], [28.9, 28.9, 28.9, 28.9, 28.9, 28.9, 28.9, 28.9, 28.83, 28.85, 28.86, 28.83, 28.79, 28.75, 28.63, 28.6, 28.58, 28.57, 28.56, 28.55], [28.9, 28.9, 28.9, 28.9, 28.9, 28.9, 28.9, 28.9, 28.82, 28.83, 28.83, 28.81, 28.78, 28.75, 28.64, 28.61, 28.59, 28.58, 28.57, 28.56], [28.9, 28.9, 28.9, 28.9, 28.9, 28.9, 28.9, 28.8, 28.81, 28.81, 28.8, 28.79, 28.77, 28.75, 28.65, 28.62, 28.6, 28.59, 28.58, 28.57]]}]