gis_exercise/awsData/contour/wdir_2023091108.json
[{"header": {"refTime": "2023-09-11T08:00:00.000Z", "nx": 21, "ny": 33, "lo1": 113.509, "la1": 22.2235, "lo2": 113.5947, "la2": 22.1034, "dx": 0.0042850000000001385, "dy": 0.003753125000000024, "parameterCategory": 2, "parameterCategoryName": "Temperature", "parameterNumber": 2}, "data": [-1.48, -1.51, -1.54, -1.95, -1.95, -2.13, -2.12, -2.12, -2.11, -1.94, -1.93, -1.92, -2.02, -2.01, -3.15, -3.28, -3.33, -3.42, -3.48, -3.53, -1.46, -1.49, -1.53, -1.57, -1.95, -1.96, -2.12, -2.11, -2.1, -1.96, -1.94, -1.92, -2.02, -2.01, -3.15, -3.24, -3.38, -3.49, -3.57, -3.61, -1.44, -1.47, -1.5, -1.55, -1.96, -1.96, -1.98, -2.11, -2.09, -1.98, -1.94, -1.93, -2.02, -2.02, -3.06, -3.27, -3.46, -3.6, -3.68, -3.71, -1.41, -1.43, -1.47, -1.51, -1.58, -1.96, -1.97, -1.99, -2.01, -1.94, -1.92, -1.93, -2.03, -1.88, -3.04, -3.35, -3.61, -3.78, -3.84, -3.84, -1.37, -1.39, -1.42, -1.46, -1.53, -1.96, -1.97, -1.97, -1.95, -1.87, -1.88, -1.89, -2.01, -1.91, -3.06, -3.48, -3.85, -4.05, -4.07, -4.0, -1.32, -1.33, -1.35, -1.39, -1.45, -1.54, -1.97, -1.96, -1.93, -1.86, -1.73, -1.83, -1.93, -2.54, -3.13, -3.7, -4.25, -4.48, -4.35, -4.17, -2.05, -1.27, -1.27, -1.3, -1.35, -1.45, -1.43, -2.01, -1.98, -1.75, -1.65, -1.74, -2.57, -2.71, -3.23, -3.92, -4.81, -5.14, -5.06, -4.86, -2.04, -1.99, -1.92, -1.78, -1.78, -1.16, -1.38, -1.75, -2.12, -1.73, -1.49, -2.24, -2.42, -2.93, -4.09, -4.56, -5.12, -5.33, -5.02, -4.82, -2.04, -1.97, -1.88, -1.76, -1.58, -1.63, -1.87, -1.5, -2.4, -1.78, -2.36, -2.82, -3.54, -3.19, -4.11, -4.44, -4.77, -4.92, -4.85, -4.74, -2.66, -2.56, -2.41, -1.67, -1.38, -1.16, -1.64, -2.17, -2.73, -2.59, -2.72, -3.21, -3.84, -3.36, -4.15, -4.34, -4.54, -4.66, -4.67, -4.64, -2.69, -2.6, -2.46, -2.2, -1.65, -0.04, -2.05, -3.06, -2.85, -3.0, -3.66, -3.09, -3.28, -3.21, -4.16, -4.28, -4.41, -4.5, -4.54, -4.54, -2.75, -2.69, -2.59, -2.43, -2.17, -2.04, -2.82, -3.66, -3.97, -4.62, -3.78, -3.85, -3.84, -3.07, -4.15, -4.24, -4.33, -4.63, -4.64, -4.64, -2.83, -2.8, -2.77, -2.75, -2.83, -3.2, -3.77, -3.87, -3.95, -3.71, -4.66, -3.87, -3.83, -3.28, -3.24, -4.38, -4.41, -4.45, -4.48, -4.5, -2.9, -2.91, -2.93, -3.02, -3.22, -3.7, -4.5, -3.95, -3.78, -3.67, -4.67, -4.05, -3.97, -3.89, -3.15, -4.16, -4.21, -4.27, -4.32, -4.37, -2.97, -3.0, -3.06, -3.16, -3.36, -3.65, -3.87, -3.64, -3.39, -3.18, -3.03, -2.28, -3.79, -3.69, -3.62, -3.91, -3.99, -4.08, -4.17, -4.24, -3.03, -3.07, -1.66, -1.78, -1.94, -3.22, -3.17, -2.99, -2.79, -2.67, -1.97, -2.07, -2.18, -2.35, -2.43, -3.09, -3.13, -3.17, -3.48, -3.54, -1.48, -1.51, -1.56, -1.6, -2.82, -2.7, -2.48, -2.19, -2.0, -2.03, -1.64, -1.88, -2.11, -2.31, -2.24, -2.51, -2.46, -2.42, -2.39, -2.37, -1.42, -1.43, -1.44, -1.42, -2.48, -2.22, -1.81, -1.25, -0.96, -0.99, -1.42, -1.71, -2.04, -2.2, -2.59, -2.53, -2.46, -2.41, -2.38, -2.36, -1.36, -1.35, -1.32, -2.42, -2.21, -1.87, -1.33, -0.43, 0.41, -0.54, -0.7, -1.16, -1.7, -2.07, -2.54, -2.49, -2.43, -2.39, -2.36, -2.34, -1.31, -1.28, -1.81, -1.69, -1.52, -1.25, -0.86, -0.31, 0.21, -0.25, -0.74, -1.13, -1.61, -1.9, -2.45, -2.42, -2.39, -2.36, -2.33, -2.32, -1.89, -1.83, -1.75, -1.64, -1.48, -1.28, -1.02, -0.76, -0.38, -0.6, -0.89, -1.16, -1.57, -2.39, -2.39, -2.37, -2.35, -2.32, -2.3, -2.29, -1.85, -1.79, -1.72, -1.62, -1.51, -1.37, -1.23, -0.53, -0.81, -0.94, -1.09, -1.24, -2.48, -2.35, -2.34, -2.33, -2.32, -2.29, -2.27, -2.26, -1.82, -1.77, -1.71, -0.75, -0.75, -0.76, -0.8, -0.86, -0.95, -1.01, -1.02, -1.38, -2.15, -2.32, -2.31, -2.32, -2.34, -2.28, -2.23, -2.23, -0.8, -0.81, -0.82, -0.84, -0.87, -0.92, -1.0, -1.13, -1.3, -1.38, -1.3, -2.03, -2.14, -2.16, -2.18, -2.29, -2.47, -2.16, -2.16, -2.19, -0.85, -0.86, -0.88, -0.91, -0.96, -1.03, -1.14, -1.31, -1.59, -1.8, -1.52, -2.0, -2.04, -2.15, -2.16, -2.16, -2.09, -1.95, -2.11, -2.17, -0.88, -0.9, -0.93, -0.97, -1.03, -1.1, -1.21, -1.37, -1.61, -1.79, -1.96, -1.94, -1.98, -2.13, -2.13, -1.99, -1.98, -1.96, -2.13, -2.17, -0.91, -0.94, -0.97, -1.01, -1.07, -1.14, -1.23, -1.34, -1.45, -1.49, -1.84, -1.85, -1.91, -1.83, -1.9, -1.94, -1.96, -1.96, -1.96, -1.96, -0.94, -0.97, -1.0, -1.04, -1.09, -1.15, -1.22, -1.29, -1.33, -1.7, -1.65, -1.56, -1.59, -1.6, -1.85, -1.9, -1.92, -1.94, -1.94, -1.95, -0.96, -0.98, -1.02, -1.05, -1.1, -1.15, -1.2, -1.25, -1.27, -1.53, -1.35, -1.47, -1.54, -1.58, -1.8, -1.86, -1.89, -1.91, -1.92, -1.93, -0.97, -1.0, -1.03, -1.06, -1.1, -1.14, -1.18, -1.22, -1.53, -1.44, -1.39, -1.46, -1.53, -1.57, -1.78, -1.83, -1.86, -1.88, -1.9, -1.91, -0.98, -1.01, -1.03, -1.06, -1.1, -1.13, -1.16, -1.19, -1.53, -1.49, -1.47, -1.5, -1.53, -1.56, -1.76, -1.81, -1.84, -1.86, -1.88, -1.89, -0.99, -1.01, -1.04, -1.06, -1.09, -1.12, -1.15, -1.58, -1.55, -1.53, -1.52, -1.53, -1.55, -1.57, -1.75, -1.79, -1.82, -1.85, -1.86, -1.88]}, {"header": {"refTime": "2023-09-11T08:00:00.000Z", "nx": 21, "ny": 33, "lo1": 113.509, "la1": 22.2235, "lo2": 113.5947, "la2": 22.1034, "dx": 0.0042850000000001385, "dy": 0.003753125000000024, "parameterCategory": 2, "parameterCategoryName": "Temperature", "parameterNumber": 3}, "data": [0.33, 0.32, 0.29, 0.09, 0.07, -0.08, -0.1, -0.12, -0.13, -0.16, -0.14, -0.13, -0.05, -0.04, 0.14, 0.19, 0.48, 0.51, 0.53, 0.54, 0.35, 0.33, 0.3, 0.27, 0.08, 0.05, -0.11, -0.15, -0.17, -0.18, -0.15, -0.13, -0.05, -0.04, 0.15, 0.44, 0.49, 0.52, 0.55, 0.57, 0.36, 0.35, 0.32, 0.29, 0.09, 0.06, 0.0, -0.16, -0.26, -0.19, -0.14, -0.13, -0.06, -0.04, 0.37, 0.44, 0.51, 0.55, 0.58, 0.59, 0.38, 0.37, 0.35, 0.32, 0.29, 0.09, 0.04, -0.03, -0.1, -0.16, -0.13, -0.13, -0.08, 0.07, 0.35, 0.46, 0.55, 0.6, 0.63, 0.63, 0.41, 0.4, 0.39, 0.37, 0.34, 0.13, 0.11, 0.09, 0.08, -0.09, -0.09, 0.04, -0.1, 0.04, 0.36, 0.51, 0.62, 0.68, 0.69, 0.67, 0.44, 0.43, 0.43, 0.41, 0.39, 0.37, 0.19, 0.2, 0.2, 0.21, 0.2, 0.12, 0.02, 0.22, 0.42, 0.58, 0.73, 0.79, 0.76, 0.72, 0.91, 0.47, 0.47, 0.47, 0.46, 0.44, 0.57, 0.3, 0.31, 0.42, 0.42, 0.28, 0.4, 0.39, 0.49, 0.66, 0.88, 0.96, 0.89, 0.82, 0.92, 0.92, 0.91, 0.94, 0.92, 0.64, 0.59, 0.52, 0.47, 0.41, 0.36, 0.58, 0.63, 0.53, 0.88, 0.94, 1.03, 1.06, 1.01, 0.98, 0.94, 0.93, 0.93, 0.93, 0.95, 0.93, 0.89, 0.57, 0.6, 0.43, 0.55, 0.65, 0.76, 0.71, 0.88, 0.93, 0.97, 1.0, 0.99, 0.97, 1.21, 1.2, 1.19, 0.95, 0.95, 0.98, 0.97, 0.95, 0.75, 0.71, 0.62, 0.7, 0.8, 0.73, 0.88, 0.91, 0.94, 0.96, 0.96, 0.96, 1.21, 1.21, 1.19, 1.17, 1.13, 1.01, 1.17, 1.27, 1.11, 0.87, 0.92, 0.68, 0.71, 0.7, 0.88, 0.9, 0.92, 0.93, 0.94, 0.94, 1.22, 1.21, 1.2, 1.19, 1.17, 1.16, 1.23, 1.33, 1.37, 1.31, 0.99, 1.0, 0.96, 0.68, 0.88, 0.89, 0.91, 0.9, 0.9, 0.9, 1.22, 1.22, 1.21, 1.21, 1.21, 1.23, 1.27, 1.33, 1.36, 1.32, 1.26, 1.03, 0.99, 0.71, 0.7, 0.85, 0.86, 0.86, 0.87, 0.87, 1.23, 1.23, 1.23, 1.23, 1.24, 1.26, 1.29, 1.3, 1.31, 1.31, 1.27, 1.01, 0.96, 0.91, 0.67, 0.81, 0.82, 0.83, 0.84, 0.85, 1.23, 1.23, 1.23, 1.24, 1.25, 1.26, 1.28, 1.25, 1.25, 1.23, 1.22, 0.94, 0.91, 0.86, 0.83, 0.76, 0.78, 0.79, 0.81, 0.82, 1.24, 1.24, 1.07, 1.08, 1.09, 1.21, 1.21, 1.2, 1.19, 1.18, 0.94, 0.89, 0.83, 0.67, 0.65, 0.85, 0.9, 0.96, 1.05, 1.09, 1.06, 1.06, 1.06, 1.06, 1.18, 1.17, 1.15, 1.12, 1.11, 1.11, 0.89, 0.84, 0.78, 0.7, 0.71, 0.67, 0.73, 0.77, 0.8, 0.82, 1.05, 1.05, 1.05, 1.04, 1.15, 1.13, 1.09, 1.04, 1.01, 0.86, 0.83, 0.82, 0.75, 0.7, 0.54, 0.66, 0.74, 0.78, 0.81, 0.83, 1.04, 1.04, 1.04, 1.15, 1.13, 1.09, 1.04, 0.96, 0.84, 0.85, 0.55, 0.5, 0.85, 0.78, 0.65, 0.71, 0.77, 0.82, 0.84, 0.85, 1.04, 1.03, 0.7, 0.7, 0.7, 0.7, 0.72, 0.74, 0.69, 0.6, 0.52, 0.47, 0.92, 0.9, 0.76, 0.79, 0.84, 0.86, 0.87, 0.87, 0.67, 0.66, 0.66, 0.65, 0.65, 0.65, 0.65, 0.65, 0.54, 0.5, 0.45, 0.43, 0.99, 0.82, 0.85, 0.88, 0.92, 0.92, 0.91, 0.9, 0.64, 0.63, 0.62, 0.61, 0.59, 0.58, 0.56, 0.37, 0.4, 0.38, 0.36, 0.36, 0.72, 0.88, 0.92, 0.98, 1.01, 0.99, 0.94, 0.91, 0.61, 0.6, 0.58, 0.31, 0.31, 0.3, 0.29, 0.26, 0.23, 0.21, 0.21, 0.65, 0.58, 0.92, 0.97, 1.06, 1.17, 1.06, 0.95, 0.91, 0.3, 0.3, 0.29, 0.29, 0.27, 0.25, 0.22, 0.17, 0.1, 0.07, 0.11, 0.43, 0.55, 0.7, 0.84, 1.08, 1.48, 0.96, 0.89, 0.89, 0.29, 0.28, 0.28, 0.26, 0.25, 0.22, 0.17, 0.11, -0.01, -0.1, 0.03, 0.37, 0.56, 0.66, 0.79, 0.88, 0.84, 0.62, 0.81, 0.86, 0.28, 0.27, 0.26, 0.25, 0.23, 0.2, 0.16, 0.09, -0.01, -0.08, 0.16, 0.35, 0.52, 0.63, 0.73, 0.86, 0.81, 0.76, 0.82, 0.85, 0.27, 0.26, 0.25, 0.24, 0.22, 0.19, 0.16, 0.12, 0.08, 0.07, 0.25, 0.37, 0.5, 0.74, 0.79, 0.81, 0.81, 0.8, 0.8, 0.81, 0.26, 0.26, 0.25, 0.23, 0.22, 0.2, 0.18, 0.16, 0.15, 0.28, 0.31, 0.11, 0.1, 0.09, 0.75, 0.78, 0.79, 0.8, 0.8, 0.81, 0.26, 0.25, 0.24, 0.23, 0.22, 0.21, 0.19, 0.19, 0.2, 0.31, 0.24, 0.17, 0.12, 0.1, 0.71, 0.75, 0.77, 0.78, 0.79, 0.8, 0.26, 0.25, 0.24, 0.23, 0.22, 0.21, 0.21, 0.21, 0.13, 0.18, 0.22, 0.17, 0.13, 0.11, 0.69, 0.73, 0.75, 0.77, 0.78, 0.79, 0.26, 0.25, 0.24, 0.23, 0.23, 0.22, 0.22, 0.22, 0.13, 0.16, 0.17, 0.15, 0.13, 0.11, 0.68, 0.71, 0.74, 0.76, 0.77, 0.78, 0.26, 0.25, 0.24, 0.24, 0.23, 0.23, 0.22, 0.1, 0.12, 0.13, 0.14, 0.13, 0.12, 0.11, 0.67, 0.7, 0.73, 0.75, 0.76, 0.77]}, {"header": {"refTime": "2023-09-11T08:00:00.000Z", "nx": 21, "ny": 33, "lo1": 113.509, "la1": 22.2235, "lo2": 113.5947, "la2": 22.1034, "dx": 0.0042850000000001385, "dy": 0.003753125000000024, "parameterCategory": 0, "parameterCategoryName": "Temperature", "parameterNumber": 0}, "data": [[26.7, 26.69, 26.69, 26.43, 26.44, 26.67, 26.67, 26.68, 26.69, 26.62, 26.61, 26.61, 26.8, 26.81, 26.78, 26.78, 26.8, 26.8, 26.79, 26.79], [26.7, 26.69, 26.69, 26.69, 26.44, 26.46, 26.67, 26.68, 26.69, 26.63, 26.62, 26.62, 26.81, 26.82, 26.79, 26.81, 26.8, 26.79, 26.79, 26.79], [26.7, 26.7, 26.69, 26.69, 26.44, 26.46, 26.49, 26.68, 26.7, 26.64, 26.62, 26.63, 26.82, 26.83, 26.82, 26.81, 26.8, 26.79, 26.79, 26.78], [26.7, 26.7, 26.69, 26.69, 26.68, 26.44, 26.47, 26.52, 26.56, 26.61, 26.61, 26.66, 26.84, 26.7, 26.82, 26.8, 26.79, 26.78, 26.78, 26.78], [26.71, 26.7, 26.7, 26.69, 26.68, 26.42, 26.43, 26.44, 26.44, 26.55, 26.58, 26.7, 26.82, 26.73, 26.82, 26.8, 26.78, 26.77, 26.77, 26.77], [26.71, 26.71, 26.71, 26.7, 26.68, 26.66, 26.39, 26.39, 26.37, 26.32, 26.53, 26.65, 26.75, 26.87, 26.81, 26.79, 26.76, 26.75, 26.76, 26.76], [26.73, 26.72, 26.72, 26.71, 26.7, 26.67, 26.45, 26.36, 26.33, 26.29, 26.28, 26.56, 26.84, 26.85, 26.8, 26.77, 26.74, 26.73, 26.74, 26.75], [26.74, 26.75, 26.75, 26.74, 26.73, 26.54, 26.48, 26.42, 26.38, 26.26, 26.13, 26.55, 26.56, 26.85, 26.74, 26.75, 26.73, 26.72, 26.73, 26.74], [26.66, 26.67, 26.77, 26.78, 26.78, 26.76, 26.69, 26.46, 26.27, 26.32, 26.31, 26.43, 26.48, 26.41, 26.74, 26.75, 26.74, 26.73, 26.74, 26.74], [27.0, 27.0, 27.0, 26.72, 26.76, 26.86, 26.79, 26.69, 26.17, 26.19, 26.49, 26.35, 26.4, 26.37, 26.74, 26.76, 26.75, 26.74, 26.74, 26.75], [27.0, 27.0, 27.0, 27.0, 27.0, 27.0, 27.0, 27.0, 26.79, 26.26, 26.0, 26.3, 26.34, 26.34, 26.74, 26.76, 26.75, 26.75, 26.75, 26.75], [27.0, 27.0, 27.0, 27.0, 27.0, 27.0, 27.0, 27.0, 27.0, -999.0, 26.0, 26.8, 26.8, 26.32, 26.74, 26.76, 26.76, 26.25, 26.26, 26.26], [27.0, 27.0, 27.0, 27.0, 27.0, 27.0, 27.0, 27.0, 27.0, 27.0, -999.0, 26.8, 26.8, 26.21, 26.47, 26.41, 26.41, 26.32, 26.33, 26.34], [27.0, 27.0, 27.0, 27.0, 27.0, 27.0, 27.0, 27.0, 27.0, 27.0, -999.0, 25.9, 25.9, 25.9, 26.39, 26.34, 26.35, 26.25, 26.28, 26.29], [27.0, 27.0, 27.0, 27.0, 27.0, 27.0, 27.0, 27.1, 27.1, 27.1, 27.1, 26.64, 25.9, 25.9, 25.9, 26.27, 26.29, 26.2, 26.23, 26.25], [27.0, 27.0, 27.06, 27.06, 27.07, 27.1, 27.1, 27.1, 27.1, 27.1, 26.34, 26.43, 26.31, 26.22, 26.33, 26.19, 26.24, 26.16, 26.33, 26.36], [27.06, 27.06, 27.04, 27.04, 27.1, 27.1, 27.1, 27.1, 27.1, 27.1, 26.58, 26.44, 26.28, 26.13, 26.13, 26.21, 26.32, 26.4, 26.46, 26.51], [27.04, 27.04, 27.04, 27.04, 27.1, 27.1, 27.1, 27.1, 27.1, 26.8, 26.63, 26.45, 26.27, 26.14, 25.93, 26.17, 26.33, 26.43, 26.49, 26.54], [27.04, 27.04, 27.04, 27.1, 27.1, 27.1, 27.1, 27.1, 26.99, 26.87, 26.79, 26.64, 26.37, 26.22, 26.15, 26.26, 26.39, 26.48, 26.54, 26.57], [27.04, 27.04, 27.21, 27.21, 27.2, 27.19, 27.17, 27.13, 27.01, 26.93, 26.82, 26.7, 26.44, 26.34, 26.35, 26.41, 26.49, 26.56, 26.6, 26.62], [27.22, 27.22, 27.22, 27.18, 27.18, 27.17, 27.17, 27.16, 26.96, 26.92, 26.84, 26.75, 26.49, 26.47, 26.5, 26.55, 26.6, 26.64, 26.66, 26.67], [27.19, 27.19, 27.19, 27.19, 27.19, 27.19, 27.18, 27.22, 26.96, 26.94, 26.89, 26.81, 26.61, 26.57, 26.61, 26.66, 26.7, 26.73, 26.73, 26.72], [27.2, 27.2, 27.2, 27.25, 27.25, 27.25, 27.25, 27.25, 27.25, 27.26, 27.26, 27.08, 27.07, 26.64, 26.69, 26.74, 26.78, 26.8, 26.8, 26.77], [27.26, 27.26, 27.26, 27.26, 27.26, 27.26, 27.26, 27.27, 27.27, 27.28, 27.28, 27.18, 27.08, 27.04, 27.0, 26.79, 26.78, 26.9, 26.86, 26.81], [27.26, 27.26, 27.26, 27.27, 27.27, 27.27, 27.28, 27.28, 27.29, 27.3, 27.29, 27.2, 27.15, 27.05, 27.01, 26.98, 26.93, 27.0, 26.89, 26.83], [27.27, 27.27, 27.27, 27.27, 27.28, 27.28, 27.29, 27.29, 27.3, 27.3, 27.25, 27.22, 27.17, 27.06, 27.03, 27.03, 27.03, 27.04, 26.87, 26.83], [27.27, 27.27, 27.28, 27.28, 27.28, 27.29, 27.29, 27.3, 27.31, 27.31, 27.26, 27.24, 27.19, 27.11, 27.08, 27.05, 27.05, 27.04, 27.04, 27.04], [27.27, 27.28, 27.28, 27.28, 27.29, 27.29, 27.3, 27.31, 27.32, 27.29, 27.3, 27.34, 27.33, 27.31, 27.1, 27.08, 27.06, 27.06, 27.05, 27.05], [27.28, 27.28, 27.28, 27.29, 27.29, 27.3, 27.31, 27.32, 27.33, 27.33, 27.38, 27.36, 27.34, 27.32, 27.13, 27.1, 27.08, 27.07, 27.06, 27.06], [27.28, 27.28, 27.29, 27.29, 27.3, 27.3, 27.31, 27.32, 27.35, 27.37, 27.37, 27.36, 27.34, 27.32, 27.14, 27.11, 27.1, 27.08, 27.08, 27.07], [27.28, 27.29, 27.29, 27.29, 27.3, 27.31, 27.31, 27.32, 27.35, 27.35, 27.36, 27.35, 27.34, 27.32, 27.15, 27.12, 27.11, 27.09, 27.09, 27.08], [27.28, 27.29, 27.29, 27.29, 27.3, 27.31, 27.31, 27.34, 27.34, 27.34, 27.34, 27.34, 27.33, 27.32, 27.15, 27.13, 27.12, 27.1, 27.09, 27.09]]}]