gis_exercise/awsData/contour/wdir_2023090908.json
[{"header": {"refTime": "2023-09-09T08:00:00.000Z", "nx": 21, "ny": 33, "lo1": 113.509, "la1": 22.2235, "lo2": 113.5947, "la2": 22.1034, "dx": 0.0042850000000001385, "dy": 0.003753125000000024, "parameterCategory": 2, "parameterCategoryName": "Temperature", "parameterNumber": 2}, "data": [-1.22, -1.25, -1.28, -1.76, -1.76, -1.94, -1.93, -1.92, -1.92, -1.83, -1.85, -1.87, -2.06, -2.08, -2.79, -2.89, -3.09, -3.15, -3.19, -3.22, -1.21, -1.23, -1.27, -1.31, -1.76, -1.76, -1.92, -1.89, -1.88, -1.82, -1.85, -1.88, -2.08, -2.09, -2.8, -3.03, -3.12, -3.2, -3.25, -3.27, -1.18, -1.21, -1.24, -1.29, -1.77, -1.77, -1.77, -1.87, -1.81, -1.82, -1.86, -1.9, -2.1, -2.11, -2.91, -3.05, -3.18, -3.27, -3.32, -3.34, -1.15, -1.18, -1.21, -1.26, -1.32, -1.77, -1.77, -1.77, -1.77, -1.82, -1.87, -1.95, -2.14, -2.07, -2.9, -3.1, -3.27, -3.38, -3.42, -3.42, -1.12, -1.13, -1.16, -1.21, -1.27, -1.77, -1.78, -1.77, -1.76, -1.81, -1.87, -2.07, -2.16, -2.09, -2.91, -3.19, -3.43, -3.55, -3.57, -3.53, -1.07, -1.08, -1.1, -1.14, -1.2, -1.29, -1.79, -1.79, -1.77, -1.73, -1.93, -2.03, -2.11, -2.58, -2.97, -3.33, -3.68, -3.83, -3.75, -3.63, -1.88, -1.02, -1.03, -1.05, -1.1, -1.2, -1.28, -1.83, -1.81, -1.79, -1.76, -1.97, -2.64, -2.72, -3.04, -3.47, -4.04, -4.25, -4.2, -4.06, -1.87, -1.81, -1.74, -1.73, -1.73, -1.0, -1.22, -1.56, -1.94, -1.76, -1.59, -2.37, -2.53, -2.88, -3.63, -3.91, -4.26, -4.38, -4.2, -4.07, -1.87, -1.8, -1.7, -1.58, -1.53, -1.57, -1.81, -1.33, -2.37, -1.81, -2.34, -2.73, -3.24, -2.99, -3.64, -3.84, -4.04, -4.13, -4.09, -4.02, -2.7, -2.6, -2.44, -1.5, -1.2, -1.08, -1.6, -2.17, -2.83, -2.69, -2.62, -2.98, -3.42, -3.1, -3.66, -3.78, -3.9, -3.98, -3.98, -3.96, -2.74, -2.64, -2.48, -2.2, -1.6, 0.15, -2.07, -3.22, -3.01, -3.19, -3.59, -2.9, -3.03, -2.99, -3.67, -3.74, -3.82, -3.88, -3.9, -3.9, -2.8, -2.72, -2.61, -2.44, -2.15, -2.01, -2.89, -3.92, -4.32, -4.75, -3.79, -3.83, -3.76, -2.89, -3.67, -3.72, -3.78, -3.88, -3.89, -3.89, -2.87, -2.84, -2.8, -2.78, -2.85, -3.23, -3.83, -4.08, -4.25, -3.95, -4.68, -3.91, -3.82, -3.05, -3.02, -3.71, -3.73, -3.76, -3.78, -3.79, -2.96, -2.96, -2.98, -3.06, -3.26, -3.73, -4.49, -4.06, -3.97, -3.86, -4.69, -3.96, -3.82, -3.71, -2.94, -3.56, -3.59, -3.63, -3.67, -3.7, -3.03, -3.06, -3.11, -3.22, -3.41, -3.7, -3.93, -4.01, -3.85, -3.7, -3.58, -2.76, -3.67, -3.53, -3.45, -3.38, -3.43, -3.5, -3.56, -3.61, -3.09, -3.13, -1.92, -2.04, -2.19, -3.66, -3.63, -3.5, -3.36, -3.27, -2.54, -2.54, -2.54, -2.36, -2.4, -2.9, -2.95, -3.0, -3.2, -3.26, -1.77, -1.81, -1.87, -1.93, -3.35, -3.26, -3.08, -2.85, -2.71, -2.74, -2.24, -2.35, -2.43, -2.46, -2.29, -2.39, -2.35, -2.33, -2.31, -2.29, -1.75, -1.77, -1.79, -1.81, -3.08, -2.88, -2.55, -2.09, -1.86, -1.68, -1.95, -2.2, -2.34, -2.26, -2.45, -2.4, -2.35, -2.32, -2.3, -2.28, -1.72, -1.72, -1.72, -3.04, -2.87, -2.6, -2.16, -1.43, -0.69, -1.36, -1.37, -1.65, -2.01, -2.21, -2.41, -2.38, -2.34, -2.31, -2.29, -2.27, -1.68, -1.68, -2.4, -2.31, -2.17, -1.97, -1.67, -1.26, -0.81, -1.1, -1.41, -1.64, -1.98, -2.15, -2.36, -2.34, -2.32, -2.3, -2.28, -2.26, -2.45, -2.4, -2.34, -2.26, -2.14, -1.98, -1.79, -1.59, -1.2, -1.33, -1.52, -1.68, -1.98, -2.32, -2.32, -2.32, -2.31, -2.28, -2.26, -2.24, -2.41, -2.37, -2.31, -2.24, -2.15, -2.04, -1.93, -1.4, -1.49, -1.58, -1.67, -1.76, -2.66, -2.3, -2.31, -2.32, -2.32, -2.28, -2.24, -2.22, -2.39, -2.35, -2.3, -1.56, -1.56, -1.57, -1.59, -1.63, -1.69, -1.74, -1.75, -2.01, -2.29, -2.28, -2.29, -2.33, -2.4, -2.29, -2.2, -2.18, -1.61, -1.61, -1.62, -1.63, -1.65, -1.68, -1.74, -1.83, -1.94, -2.0, -1.95, -2.52, -2.29, -2.27, -2.27, -2.31, -2.66, -2.13, -2.1, -2.13, -1.64, -1.65, -1.67, -1.69, -1.72, -1.77, -1.84, -1.96, -2.14, -2.29, -2.1, -2.49, -2.53, -2.26, -2.23, -2.2, -2.01, -1.77, -2.02, -2.1, -1.67, -1.68, -1.7, -1.73, -1.77, -1.82, -1.9, -2.01, -2.17, -2.28, -2.44, -2.45, -2.5, -2.25, -2.21, -2.08, -2.0, -1.94, -2.04, -2.09, -1.69, -1.71, -1.73, -1.76, -1.8, -1.85, -1.92, -2.0, -2.07, -2.11, -2.38, -2.4, -2.45, -2.1, -2.09, -2.07, -2.04, -2.01, -2.02, -2.04, -1.71, -1.73, -1.76, -1.79, -1.82, -1.87, -1.92, -1.97, -2.02, -2.3, -2.28, -2.05, -2.0, -1.93, -2.08, -2.07, -2.06, -2.04, -2.04, -2.05, -1.73, -1.75, -1.77, -1.8, -1.84, -1.87, -1.92, -1.96, -1.99, -2.21, -2.06, -2.04, -2.0, -1.94, -2.08, -2.07, -2.07, -2.06, -2.06, -2.06, -1.74, -1.76, -1.78, -1.81, -1.84, -1.87, -1.91, -1.94, -2.07, -2.06, -2.05, -2.03, -2.0, -1.95, -2.08, -2.08, -2.07, -2.07, -2.07, -2.07, -1.75, -1.77, -1.79, -1.81, -1.84, -1.87, -1.9, -1.92, -2.05, -2.05, -2.04, -2.02, -1.99, -1.95, -2.08, -2.08, -2.08, -2.07, -2.07, -2.07, -1.76, -1.77, -1.79, -1.81, -1.84, -1.86, -1.88, -2.04, -2.04, -2.03, -2.02, -2.0, -1.98, -1.95, -2.08, -2.08, -2.08, -2.08, -2.08, -2.08]}, {"header": {"refTime": "2023-09-09T08:00:00.000Z", "nx": 21, "ny": 33, "lo1": 113.509, "la1": 22.2235, "lo2": 113.5947, "la2": 22.1034, "dx": 0.0042850000000001385, "dy": 0.003753125000000024, "parameterCategory": 2, "parameterCategoryName": "Temperature", "parameterNumber": 3}, "data": [-0.22, -0.22, -0.21, 0.12, 0.1, 0.06, 0.04, 0.02, 0.02, 0.14, 0.2, 0.26, 0.36, 0.4, 0.68, 0.74, 1.1, 1.13, 1.15, 1.16, -0.22, -0.22, -0.21, -0.21, 0.1, 0.07, 0.02, -0.03, -0.05, 0.08, 0.19, 0.27, 0.39, 0.42, 0.71, 1.07, 1.12, 1.15, 1.17, 1.19, -0.22, -0.22, -0.21, -0.21, 0.11, 0.08, 0.03, -0.07, -0.2, 0.04, 0.21, 0.31, 0.43, 0.46, 1.01, 1.08, 1.14, 1.18, 1.21, 1.22, -0.23, -0.22, -0.22, -0.21, -0.2, 0.1, 0.06, -0.0, -0.06, 0.12, 0.27, 0.38, 0.49, 0.68, 1.0, 1.1, 1.18, 1.23, 1.25, 1.25, -0.23, -0.23, -0.22, -0.21, -0.2, 0.14, 0.12, 0.1, 0.1, 0.25, 0.36, 0.66, 0.63, 0.67, 1.01, 1.14, 1.25, 1.31, 1.32, 1.3, -0.24, -0.24, -0.23, -0.22, -0.2, -0.17, 0.17, 0.18, 0.21, 0.26, 0.7, 0.69, 0.66, 0.76, 1.04, 1.21, 1.37, 1.43, 1.4, 1.35, -0.06, -0.25, -0.25, -0.24, -0.22, -0.18, 0.11, 0.23, 0.26, 0.55, 0.63, 0.74, 0.82, 0.82, 1.09, 1.28, 1.52, 1.61, 1.49, 1.4, -0.07, -0.08, -0.09, -0.18, -0.17, -0.01, 0.07, 0.17, 0.3, 0.55, 0.64, 0.86, 0.89, 0.87, 1.22, 1.37, 1.56, 1.63, 1.53, 1.46, -0.08, -0.09, -0.11, -0.14, -0.23, -0.21, -0.13, 0.11, 0.3, 0.54, 0.81, 0.88, 0.94, 0.91, 1.2, 1.32, 1.44, 1.49, 1.47, 1.43, -0.11, -0.13, -0.16, -0.17, -0.25, -0.34, -0.23, -0.11, 0.29, 0.33, 0.85, 0.9, 0.95, 0.92, 1.18, 1.27, 1.35, 1.4, 1.41, 1.4, -0.1, -0.12, -0.15, -0.2, -0.3, -0.6, -0.24, -0.07, -0.05, 0.28, 0.6, 0.89, 0.91, 0.91, 1.18, 1.25, 1.3, 1.34, 1.36, 1.36, -0.09, -0.1, -0.12, -0.15, -0.2, -0.22, -0.09, 0.02, 0.05, 0.36, 0.54, 0.7, 0.75, 0.89, 1.19, 1.23, 1.27, 1.28, 1.29, 1.3, -0.08, -0.08, -0.08, -0.08, -0.06, 0.02, 0.13, 0.09, 0.06, 0.04, 0.44, 0.65, 0.7, 0.92, 0.91, 1.18, 1.2, 1.22, 1.24, 1.25, -0.06, -0.06, -0.05, -0.03, 0.02, 0.13, 0.33, 0.15, 0.08, 0.05, 0.43, 0.6, 0.65, 0.68, 0.9, 1.13, 1.15, 1.18, 1.2, 1.21, -0.05, -0.04, -0.03, -0.0, 0.04, 0.11, 0.16, 0.43, 0.44, 0.45, 0.47, 0.62, 0.65, 0.69, 0.7, 1.08, 1.1, 1.13, 1.16, 1.18, -0.04, -0.03, 0.25, 0.27, 0.3, 0.5, 0.5, 0.51, 0.53, 0.53, 0.65, 0.67, 0.69, 0.89, 0.88, 1.07, 1.12, 1.17, 1.41, 1.45, 0.26, 0.28, 0.29, 0.32, 0.54, 0.56, 0.58, 0.62, 0.64, 0.63, 0.72, 0.71, 0.72, 0.74, 0.97, 0.96, 1.01, 1.05, 1.08, 1.1, 0.29, 0.31, 0.33, 0.37, 0.58, 0.62, 0.67, 0.74, 0.78, 0.86, 0.83, 0.75, 0.75, 0.97, 0.83, 0.94, 1.02, 1.07, 1.1, 1.11, 0.32, 0.34, 0.37, 0.59, 0.61, 0.66, 0.73, 0.86, 0.99, 0.91, 0.71, 0.67, 1.1, 1.03, 0.93, 0.99, 1.06, 1.1, 1.12, 1.13, 0.34, 0.36, 0.46, 0.48, 0.51, 0.56, 0.64, 0.76, 0.86, 0.75, 0.67, 0.63, 1.15, 1.14, 1.04, 1.08, 1.12, 1.15, 1.16, 1.16, 0.42, 0.42, 0.43, 0.45, 0.47, 0.51, 0.55, 0.6, 0.67, 0.63, 0.58, 0.56, 1.22, 1.11, 1.13, 1.16, 1.19, 1.2, 1.19, 1.18, 0.4, 0.4, 0.41, 0.41, 0.42, 0.43, 0.44, 0.45, 0.5, 0.47, 0.46, 0.47, 0.83, 1.16, 1.2, 1.25, 1.29, 1.27, 1.23, 1.2, 0.38, 0.38, 0.38, 0.38, 0.37, 0.36, 0.34, 0.31, 0.26, 0.23, 0.24, 0.69, 0.71, 1.2, 1.25, 1.33, 1.43, 1.34, 1.23, 1.2, 0.37, 0.36, 0.36, 0.35, 0.33, 0.3, 0.25, 0.18, 0.1, 0.05, 0.11, 0.44, 0.67, 0.86, 1.04, 1.35, 1.7, 1.24, 1.18, 1.18, 0.35, 0.35, 0.33, 0.32, 0.29, 0.26, 0.2, 0.1, -0.05, -0.18, -0.0, 0.38, 0.6, 0.82, 0.99, 1.12, 1.14, 0.95, 1.12, 1.16, 0.34, 0.33, 0.32, 0.3, 0.27, 0.23, 0.18, 0.09, -0.05, -0.16, 0.14, 0.37, 0.57, 0.78, 0.92, 1.13, 1.09, 1.06, 1.12, 1.15, 0.33, 0.32, 0.31, 0.29, 0.26, 0.23, 0.19, 0.14, 0.08, 0.07, 0.27, 0.41, 0.55, 0.98, 1.04, 1.08, 1.08, 1.08, 1.08, 1.09, 0.33, 0.31, 0.3, 0.28, 0.26, 0.24, 0.22, 0.19, 0.19, 0.33, 0.38, 0.21, 0.21, 0.23, 0.99, 1.03, 1.05, 1.06, 1.07, 1.07, 0.32, 0.31, 0.3, 0.29, 0.27, 0.26, 0.24, 0.24, 0.26, 0.41, 0.37, 0.28, 0.25, 0.24, 0.95, 1.0, 1.03, 1.04, 1.05, 1.06, 0.32, 0.31, 0.3, 0.29, 0.28, 0.27, 0.26, 0.27, 0.23, 0.3, 0.35, 0.29, 0.26, 0.25, 0.92, 0.97, 1.0, 1.02, 1.04, 1.04, 0.32, 0.31, 0.3, 0.29, 0.29, 0.28, 0.28, 0.28, 0.23, 0.27, 0.29, 0.27, 0.26, 0.25, 0.91, 0.95, 0.98, 1.0, 1.02, 1.03, 0.32, 0.31, 0.3, 0.3, 0.29, 0.29, 0.29, 0.21, 0.23, 0.25, 0.26, 0.26, 0.25, 0.25, 0.9, 0.94, 0.97, 0.99, 1.01, 1.02]}, {"header": {"refTime": "2023-09-09T08:00:00.000Z", "nx": 21, "ny": 33, "lo1": 113.509, "la1": 22.2235, "lo2": 113.5947, "la2": 22.1034, "dx": 0.0042850000000001385, "dy": 0.003753125000000024, "parameterCategory": 0, "parameterCategoryName": "Temperature", "parameterNumber": 0}, "data": [[24.89, 24.88, 24.88, 24.64, 24.65, 24.87, 24.87, 24.86, 24.87, 24.8, 24.82, 24.83, 25.03, 25.04, 25.05, 25.06, 25.14, 25.14, 25.13, 25.13], [24.89, 24.89, 24.88, 24.87, 24.65, 24.66, 24.86, 24.85, 24.85, 24.8, 24.82, 24.84, 25.04, 25.06, 25.06, 25.14, 25.14, 25.13, 25.13, 25.13], [24.9, 24.89, 24.88, 24.88, 24.65, 24.66, 24.68, 24.84, 24.81, 24.8, 24.83, 24.87, 25.07, 25.08, 25.15, 25.14, 25.14, 25.13, 25.13, 25.13], [24.9, 24.9, 24.89, 24.88, 24.87, 24.65, 24.67, 24.69, 24.72, 24.8, 24.83, 24.9, 25.1, 25.0, 25.15, 25.14, 25.13, 25.13, 25.13, 25.13], [24.91, 24.9, 24.9, 24.89, 24.88, 24.64, 24.65, 24.65, 24.65, 24.77, 24.82, 25.0, 25.12, 25.03, 25.15, 25.14, 25.13, 25.13, 25.12, 25.12], [24.92, 24.91, 24.91, 24.9, 24.89, 24.87, 24.63, 24.63, 24.61, 24.57, 24.83, 24.95, 25.05, 25.17, 25.14, 25.13, 25.12, 25.12, 25.12, 25.12], [24.98, 24.93, 24.92, 24.92, 24.91, 24.89, 24.72, 24.62, 24.6, 24.59, 24.58, 24.86, 25.14, 25.15, 25.13, 25.13, 25.11, 25.11, 25.12, 25.12], [24.99, 24.99, 24.99, 24.99, 24.98, 24.8, 24.75, 24.7, 24.68, 24.56, 24.43, 24.85, 24.86, 25.15, 25.1, 25.1, 25.1, 25.1, 25.1, 25.1], [24.91, 24.92, 25.01, 25.02, 25.02, 25.0, 24.94, 24.73, 24.57, 24.62, 24.61, 24.73, 24.78, 24.71, 25.1, 25.1, 25.1, 25.1, 25.1, 25.1], [25.2, 25.2, 25.2, 24.97, 25.0, 25.09, 25.03, 24.94, 24.47, 24.49, 24.79, 24.65, 24.7, 24.67, 25.1, 25.1, 25.1, 25.1, 25.1, 25.1], [25.2, 25.2, 25.2, 25.2, 25.2, 25.2, 25.2, 25.2, 25.02, 24.56, 24.3, 24.6, 24.64, 24.64, 25.1, 25.1, 25.1, 25.1, 25.1, 25.1], [25.2, 25.2, 25.2, 25.2, 25.2, 25.2, 25.2, 25.2, 25.2, -999.0, 24.3, 25.1, 25.1, 24.62, 25.1, 25.1, 25.1, 24.53, 24.55, 24.55], [25.2, 25.2, 25.2, 25.2, 25.2, 25.2, 25.2, 25.2, 25.2, 25.2, -999.0, 25.1, 25.1, 24.45, 24.73, 24.74, 24.74, 24.62, 24.64, 24.65], [25.2, 25.2, 25.2, 25.2, 25.2, 25.2, 25.2, 25.2, 25.2, 25.2, -999.0, 24.1, 24.1, 24.1, 24.65, 24.65, 24.67, 24.54, 24.57, 24.59], [25.2, 25.2, 25.2, 25.2, 25.2, 25.2, 25.2, 25.1, 25.1, 25.1, 25.1, 24.72, 24.1, 24.1, 24.1, 24.56, 24.59, 24.47, 24.51, 24.54], [25.2, 25.2, 25.14, 25.14, 25.13, 25.1, 25.1, 25.1, 25.1, 25.1, 24.47, 24.54, 24.45, 24.36, 24.46, 24.5, 24.56, 24.46, 24.66, 24.7], [25.14, 25.14, 25.16, 25.16, 25.1, 25.1, 25.1, 25.1, 25.1, 25.1, 24.67, 24.55, 24.42, 24.3, 24.34, 24.37, 24.46, 24.54, 24.59, 24.63], [25.16, 25.16, 25.16, 25.16, 25.1, 25.1, 25.1, 25.1, 25.1, 24.85, 24.71, 24.56, 24.41, 24.35, 24.14, 24.34, 24.47, 24.56, 24.62, 24.65], [25.16, 25.16, 25.16, 25.1, 25.1, 25.1, 25.1, 25.1, 25.01, 24.91, 24.83, 24.71, 24.57, 24.43, 24.32, 24.42, 24.53, 24.61, 24.66, 24.69], [25.16, 25.16, 25.16, 25.15, 25.15, 25.15, 25.14, 25.12, 25.02, 24.95, 24.85, 24.75, 24.64, 24.57, 24.5, 24.56, 24.63, 24.68, 24.71, 24.73], [25.16, 25.16, 25.16, 25.14, 25.14, 25.14, 25.13, 25.13, 24.97, 24.93, 24.87, 24.79, 24.71, 24.61, 24.64, 24.69, 24.73, 24.76, 24.77, 24.77], [25.15, 25.15, 25.15, 25.14, 25.14, 25.14, 25.14, 25.17, 24.96, 24.94, 24.9, 24.84, 24.81, 24.7, 24.74, 24.8, 24.84, 24.85, 24.83, 24.81], [25.15, 25.15, 25.15, 25.19, 25.19, 25.18, 25.18, 25.18, 25.19, 25.19, 25.19, 25.17, 25.08, 24.76, 24.82, 24.89, 24.95, 24.93, 24.88, 24.84], [25.19, 25.19, 25.19, 25.19, 25.19, 25.19, 25.19, 25.19, 25.2, 25.2, 25.2, 25.22, 25.08, 25.07, 25.05, 24.93, 25.08, 24.95, 24.89, 24.86], [25.2, 25.2, 25.2, 25.2, 25.2, 25.2, 25.2, 25.2, 25.2, 25.2, 25.21, 25.23, 25.23, 25.06, 25.05, 25.03, 24.92, 24.88, 24.88, 24.86], [25.2, 25.2, 25.2, 25.2, 25.2, 25.21, 25.21, 25.21, 25.21, 25.21, 25.23, 25.23, 25.23, 25.06, 25.04, 25.04, 25.01, 24.99, 24.87, 24.85], [25.2, 25.2, 25.2, 25.21, 25.21, 25.21, 25.21, 25.22, 25.22, 25.22, 25.24, 25.24, 25.24, 25.11, 25.08, 25.05, 25.03, 25.02, 25.02, 25.03], [25.2, 25.21, 25.21, 25.21, 25.21, 25.22, 25.22, 25.23, 25.23, 25.26, 25.26, 25.2, 25.16, 25.12, 25.09, 25.07, 25.05, 25.04, 25.04, 25.04], [25.21, 25.21, 25.21, 25.21, 25.22, 25.22, 25.23, 25.23, 25.25, 25.27, 25.27, 25.22, 25.18, 25.14, 25.11, 25.09, 25.07, 25.06, 25.05, 25.05], [25.21, 25.21, 25.21, 25.22, 25.22, 25.22, 25.23, 25.24, 25.21, 25.24, 25.26, 25.22, 25.18, 25.15, 25.12, 25.1, 25.08, 25.07, 25.07, 25.06], [25.21, 25.21, 25.21, 25.22, 25.22, 25.22, 25.23, 25.24, 25.2, 25.22, 25.22, 25.2, 25.18, 25.15, 25.13, 25.11, 25.09, 25.08, 25.08, 25.07], [25.21, 25.21, 25.22, 25.22, 25.22, 25.23, 25.23, 25.19, 25.19, 25.2, 25.2, 25.19, 25.17, 25.15, 25.13, 25.11, 25.1, 25.09, 25.08, 25.08]]}]