gis_exercise/awsData/contour/wdir_2023091416.json
[{"header": {"refTime": "2023-09-14T16:00:00.000Z", "nx": 21, "ny": 33, "lo1": 113.509, "la1": 22.2235, "lo2": 113.5947, "la2": 22.1034, "dx": 0.0042850000000001385, "dy": 0.003753125000000024, "parameterCategory": 2, "parameterCategoryName": "Temperature", "parameterNumber": 2}, "data": [-0.99, -0.98, -0.97, -0.92, -0.89, -0.85, -0.8, -0.75, -0.73, -0.54, -0.57, -0.6, -0.48, -0.48, -0.3, -0.27, -0.19, -0.16, -0.14, -0.13, -1.0, -0.99, -0.98, -0.96, -0.9, -0.85, -0.78, -0.69, -0.63, -0.51, -0.57, -0.61, -0.49, -0.5, -0.31, -0.22, -0.18, -0.15, -0.12, -0.11, -1.01, -1.0, -0.99, -0.98, -0.92, -0.87, -0.79, -0.64, -0.42, -0.49, -0.57, -0.63, -0.52, -0.52, -0.29, -0.22, -0.16, -0.12, -0.09, -0.08, -1.02, -1.02, -1.01, -1.0, -0.98, -0.92, -0.85, -0.74, -0.63, -0.53, -0.61, -0.66, -0.57, -0.64, -0.3, -0.2, -0.12, -0.07, -0.05, -0.05, -1.04, -1.04, -1.04, -1.04, -1.03, -1.0, -0.97, -0.93, -0.89, -0.6, -0.65, -0.66, -0.72, -0.65, -0.29, -0.16, -0.06, -0.0, 0.0, -0.01, -1.05, -1.05, -1.06, -1.07, -1.08, -1.11, -1.11, -1.13, -1.11, -1.04, -0.62, -0.62, -0.66, -0.48, -0.24, -0.09, 0.05, 0.1, 0.07, 0.03, -1.61, -1.06, -1.07, -1.09, -1.12, -1.17, -1.36, -1.34, -1.35, -1.05, -0.85, -0.54, -0.36, -0.38, -0.18, -0.02, 0.18, 0.26, 0.15, 0.07, -1.6, -1.59, -1.57, -1.48, -1.49, -1.26, -1.36, -1.55, -1.67, -1.05, -0.8, -0.32, -0.25, -0.29, 0.03, 0.13, 0.26, 0.31, 0.24, 0.19, -1.6, -1.57, -1.55, -1.51, -1.42, -1.44, -1.54, -1.41, -1.62, -1.06, -0.44, -0.3, -0.21, -0.25, 0.01, 0.1, 0.18, 0.21, 0.2, 0.17, -1.62, -1.6, -1.56, -1.47, -1.38, -1.27, -1.42, -1.59, -1.62, -1.53, -0.37, -0.28, -0.21, -0.25, 0.0, 0.06, 0.12, 0.15, 0.15, 0.15, -1.63, -1.61, -1.57, -1.5, -1.35, -0.93, -1.45, -1.71, -1.71, -1.63, -0.93, -0.3, -0.27, -0.27, 0.0, 0.05, 0.08, 0.11, 0.12, 0.12, -1.65, -1.63, -1.61, -1.57, -1.5, -1.46, -1.66, -1.85, -1.91, -1.67, -1.07, -0.71, -0.6, -0.3, 0.01, 0.04, 0.06, -0.16, -0.16, -0.16, -1.67, -1.67, -1.66, -1.66, -1.68, -1.79, -1.95, -1.93, -1.92, -1.87, -1.54, -0.82, -0.71, -0.42, -0.44, -0.28, -0.27, -0.25, -0.23, -0.22, -1.69, -1.7, -1.71, -1.73, -1.79, -1.94, -2.19, -1.98, -1.91, -1.87, -1.6, -1.12, -1.04, -1.0, -0.53, -0.38, -0.36, -0.33, -0.31, -0.28, -1.71, -1.72, -1.74, -1.77, -1.83, -1.92, -1.98, -2.03, -1.97, -1.93, -1.9, -1.48, -1.08, -1.05, -1.03, -0.5, -0.46, -0.42, -0.38, -0.34, -1.73, -1.74, -1.57, -1.61, -1.65, -1.96, -1.96, -1.92, -1.88, -1.86, -1.47, -1.43, -1.37, -0.94, -0.95, -0.93, -0.92, -0.91, -0.76, -0.73, -1.54, -1.55, -1.57, -1.59, -1.9, -1.88, -1.84, -1.8, -1.76, -1.76, -1.43, -1.39, -1.33, -1.25, -1.14, -1.01, -0.98, -0.96, -0.94, -0.93, -1.54, -1.55, -1.56, -1.57, -1.84, -1.8, -1.74, -1.65, -1.61, -1.48, -1.46, -1.36, -1.3, -1.14, -1.1, -1.02, -0.98, -0.96, -0.94, -0.92, -1.54, -1.54, -1.55, -1.83, -1.8, -1.75, -1.66, -1.53, -1.37, -1.43, -1.18, -1.14, -1.19, -1.16, -1.03, -1.0, -0.97, -0.94, -0.93, -0.91, -1.53, -1.54, -1.53, -1.51, -1.5, -1.47, -1.43, -1.39, -1.26, -1.21, -1.17, -1.14, -1.21, -1.19, -0.98, -0.97, -0.95, -0.93, -0.91, -0.9, -1.51, -1.5, -1.49, -1.47, -1.45, -1.43, -1.4, -1.38, -1.19, -1.17, -1.14, -1.12, -1.22, -0.95, -0.95, -0.94, -0.93, -0.91, -0.9, -0.89, -1.48, -1.47, -1.46, -1.44, -1.42, -1.39, -1.36, -0.98, -1.13, -1.11, -1.1, -1.1, -1.09, -0.93, -0.93, -0.93, -0.92, -0.9, -0.88, -0.87, -1.46, -1.45, -1.43, -0.89, -0.9, -0.91, -0.91, -0.91, -0.91, -0.9, -0.88, -1.12, -0.85, -0.91, -0.91, -0.93, -0.96, -0.9, -0.85, -0.85, -0.85, -0.86, -0.86, -0.86, -0.87, -0.87, -0.87, -0.86, -0.86, -0.85, -0.84, -0.82, -0.85, -0.85, -0.85, -0.91, -1.09, -0.81, -0.8, -0.82, -0.84, -0.84, -0.84, -0.84, -0.83, -0.83, -0.83, -0.83, -0.84, -0.85, -0.81, -0.8, -0.83, -0.84, -0.83, -0.82, -0.74, -0.61, -0.75, -0.8, -0.82, -0.82, -0.82, -0.81, -0.81, -0.8, -0.79, -0.79, -0.8, -0.82, -0.77, -0.76, -0.78, -0.83, -0.82, -0.7, -0.68, -0.65, -0.76, -0.79, -0.81, -0.8, -0.8, -0.79, -0.78, -0.77, -0.75, -0.74, -0.73, -0.71, -0.68, -0.68, -0.73, -0.6, -0.64, -0.66, -0.67, -0.66, -0.67, -0.67, -0.8, -0.79, -0.78, -0.77, -0.75, -0.74, -0.71, -0.68, -0.64, -0.57, -0.54, -0.44, -0.45, -0.44, -0.61, -0.63, -0.65, -0.65, -0.66, -0.66, -0.78, -0.77, -0.76, -0.75, -0.73, -0.71, -0.68, -0.63, -0.56, -0.44, -0.3, -0.38, -0.42, -0.43, -0.58, -0.61, -0.63, -0.64, -0.65, -0.65, -0.77, -0.76, -0.75, -0.74, -0.72, -0.69, -0.66, -0.61, -0.42, -0.36, -0.32, -0.37, -0.41, -0.42, -0.56, -0.59, -0.61, -0.63, -0.64, -0.64, -0.76, -0.75, -0.74, -0.73, -0.71, -0.68, -0.65, -0.61, -0.42, -0.39, -0.38, -0.39, -0.41, -0.42, -0.55, -0.58, -0.6, -0.61, -0.63, -0.63, -0.76, -0.75, -0.73, -0.72, -0.7, -0.68, -0.65, -0.45, -0.43, -0.41, -0.4, -0.41, -0.42, -0.42, -0.55, -0.57, -0.59, -0.61, -0.62, -0.62]}, {"header": {"refTime": "2023-09-14T16:00:00.000Z", "nx": 21, "ny": 33, "lo1": 113.509, "la1": 22.2235, "lo2": 113.5947, "la2": 22.1034, "dx": 0.0042850000000001385, "dy": 0.003753125000000024, "parameterCategory": 2, "parameterCategoryName": "Temperature", "parameterNumber": 3}, "data": [0.18, 0.18, 0.18, 0.25, 0.25, 0.36, 0.35, 0.35, 0.35, 0.43, 0.47, 0.51, 0.75, 0.78, 0.88, 0.92, 1.24, 1.25, 1.27, 1.27, 0.18, 0.18, 0.18, 0.18, 0.25, 0.24, 0.34, 0.32, 0.31, 0.39, 0.47, 0.53, 0.77, 0.8, 0.9, 1.22, 1.25, 1.26, 1.28, 1.28, 0.18, 0.18, 0.18, 0.18, 0.25, 0.24, 0.24, 0.29, 0.23, 0.37, 0.48, 0.56, 0.8, 0.83, 1.19, 1.23, 1.26, 1.28, 1.29, 1.3, 0.17, 0.17, 0.18, 0.18, 0.18, 0.25, 0.24, 0.23, 0.23, 0.41, 0.52, 0.63, 0.85, 0.91, 1.18, 1.24, 1.28, 1.3, 1.31, 1.31, 0.17, 0.17, 0.17, 0.17, 0.18, 0.25, 0.25, 0.24, 0.25, 0.47, 0.56, 0.9, 0.91, 0.92, 1.19, 1.26, 1.31, 1.34, 1.34, 1.33, 0.17, 0.17, 0.17, 0.17, 0.17, 0.17, 0.25, 0.25, 0.26, 0.28, 0.83, 0.89, 0.92, 1.05, 1.21, 1.29, 1.36, 1.39, 1.38, 1.35, 0.1, 0.17, 0.17, 0.17, 0.17, 0.17, 0.23, 0.24, 0.25, 0.51, 0.6, 0.91, 1.12, 1.1, 1.25, 1.33, 1.43, 1.47, 1.38, 1.33, 0.1, 0.1, 0.11, 0.13, 0.13, 0.22, 0.22, 0.21, 0.26, 0.49, 0.51, 1.04, 1.12, 1.14, 1.3, 1.37, 1.45, 1.48, 1.43, 1.4, 0.1, 0.1, 0.11, 0.11, 0.13, 0.13, 0.13, 0.22, 0.21, 0.52, 0.85, 1.02, 1.08, 1.05, 1.28, 1.34, 1.39, 1.42, 1.41, 1.39, 0.06, 0.07, 0.07, 0.11, 0.12, 0.14, 0.13, 0.12, 0.2, 0.22, 0.92, 1.0, 1.05, 1.04, 1.27, 1.32, 1.35, 1.37, 1.38, 1.37, 0.06, 0.06, 0.07, 0.08, 0.1, 0.15, 0.09, 0.06, 0.1, 0.18, 0.55, 0.99, 1.01, 1.01, 1.27, 1.3, 1.33, 1.35, 1.36, 1.36, 0.06, 0.06, 0.06, 0.07, 0.08, 0.08, 0.06, 0.04, 0.04, 0.24, 0.48, 0.82, 0.89, 1.0, 1.27, 1.3, 1.32, 1.22, 1.23, 1.23, 0.06, 0.06, 0.06, 0.06, 0.05, 0.04, 0.02, 0.03, 0.03, 0.04, 0.32, 0.76, 0.83, 1.09, 1.08, 1.16, 1.17, 1.19, 1.2, 1.2, 0.05, 0.05, 0.05, 0.05, 0.04, 0.02, -0.02, 0.01, 0.03, 0.03, 0.29, 0.63, 0.69, 0.72, 1.06, 1.12, 1.14, 1.15, 1.16, 1.18, 0.05, 0.05, 0.05, 0.04, 0.03, 0.02, 0.01, 0.07, 0.1, 0.11, 0.13, 0.45, 0.69, 0.73, 0.75, 1.08, 1.1, 1.12, 1.14, 1.15, 0.05, 0.05, 0.15, 0.15, 0.14, 0.11, 0.11, 0.12, 0.14, 0.15, 0.44, 0.5, 0.56, 0.83, 0.84, 0.86, 0.85, 0.84, 0.95, 0.96, 0.17, 0.17, 0.17, 0.17, 0.14, 0.15, 0.17, 0.19, 0.21, 0.2, 0.47, 0.53, 0.6, 0.69, 0.79, 0.69, 0.62, 0.57, 0.53, 0.51, 0.18, 0.18, 0.18, 0.19, 0.17, 0.19, 0.22, 0.26, 0.29, 0.43, 0.47, 0.55, 0.63, 0.78, 0.87, 0.71, 0.62, 0.56, 0.52, 0.49, 0.18, 0.19, 0.19, 0.17, 0.19, 0.21, 0.26, 0.33, 0.43, 0.44, 0.52, 0.57, 0.69, 0.75, 0.73, 0.66, 0.58, 0.53, 0.49, 0.47, 0.19, 0.2, 0.21, 0.22, 0.24, 0.26, 0.29, 0.34, 0.45, 0.47, 0.5, 0.55, 0.66, 0.7, 0.61, 0.57, 0.52, 0.48, 0.45, 0.44, 0.21, 0.21, 0.22, 0.23, 0.24, 0.26, 0.28, 0.3, 0.45, 0.46, 0.48, 0.52, 0.64, 0.53, 0.52, 0.49, 0.45, 0.43, 0.41, 0.4, 0.21, 0.22, 0.22, 0.23, 0.24, 0.25, 0.26, 0.33, 0.43, 0.44, 0.45, 0.48, 0.54, 0.47, 0.45, 0.42, 0.4, 0.38, 0.37, 0.37, 0.21, 0.22, 0.22, 0.32, 0.32, 0.32, 0.31, 0.31, 0.3, 0.3, 0.3, 0.35, 0.23, 0.43, 0.4, 0.38, 0.37, 0.34, 0.33, 0.34, 0.32, 0.32, 0.32, 0.31, 0.31, 0.31, 0.3, 0.29, 0.27, 0.27, 0.28, 0.31, 0.23, 0.23, 0.25, 0.34, 0.4, 0.26, 0.28, 0.31, 0.32, 0.31, 0.31, 0.31, 0.31, 0.3, 0.29, 0.27, 0.25, 0.23, 0.26, 0.3, 0.33, 0.23, 0.23, 0.23, 0.23, 0.15, 0.25, 0.3, 0.31, 0.31, 0.31, 0.31, 0.3, 0.3, 0.29, 0.27, 0.25, 0.23, 0.27, 0.3, 0.32, 0.22, 0.22, 0.23, 0.2, 0.19, 0.26, 0.3, 0.31, 0.31, 0.31, 0.3, 0.3, 0.29, 0.29, 0.28, 0.27, 0.27, 0.29, 0.3, 0.32, 0.26, 0.25, 0.24, 0.22, 0.21, 0.21, 0.22, 0.31, 0.31, 0.31, 0.3, 0.3, 0.3, 0.29, 0.29, 0.29, 0.3, 0.3, 0.23, 0.21, 0.18, 0.25, 0.24, 0.23, 0.23, 0.23, 0.23, 0.31, 0.31, 0.31, 0.3, 0.3, 0.3, 0.29, 0.29, 0.3, 0.31, 0.3, 0.25, 0.22, 0.19, 0.26, 0.25, 0.24, 0.24, 0.23, 0.23, 0.31, 0.31, 0.31, 0.3, 0.3, 0.3, 0.3, 0.3, 0.25, 0.27, 0.28, 0.25, 0.22, 0.2, 0.26, 0.25, 0.25, 0.24, 0.24, 0.24, 0.31, 0.31, 0.31, 0.3, 0.3, 0.3, 0.3, 0.3, 0.24, 0.25, 0.25, 0.24, 0.22, 0.2, 0.26, 0.26, 0.25, 0.25, 0.24, 0.24, 0.31, 0.31, 0.31, 0.3, 0.3, 0.3, 0.3, 0.22, 0.23, 0.23, 0.23, 0.23, 0.21, 0.2, 0.26, 0.26, 0.25, 0.25, 0.25, 0.25]}, {"header": {"refTime": "2023-09-14T16:00:00.000Z", "nx": 21, "ny": 33, "lo1": 113.509, "la1": 22.2235, "lo2": 113.5947, "la2": 22.1034, "dx": 0.0042850000000001385, "dy": 0.003753125000000024, "parameterCategory": 0, "parameterCategoryName": "Temperature", "parameterNumber": 0}, "data": [[27.37, 27.38, 27.38, 27.12, 27.14, 27.4, 27.41, 27.42, 27.43, 27.31, 27.29, 27.27, 27.43, 27.42, 27.36, 27.34, 27.24, 27.23, 27.22, 27.22], [27.37, 27.37, 27.38, 27.38, 27.14, 27.17, 27.41, 27.43, 27.44, 27.34, 27.3, 27.28, 27.43, 27.42, 27.36, 27.26, 27.24, 27.22, 27.21, 27.21], [27.37, 27.37, 27.37, 27.37, 27.13, 27.16, 27.21, 27.44, 27.49, 27.36, 27.3, 27.28, 27.43, 27.43, 27.28, 27.25, 27.23, 27.21, 27.2, 27.2], [27.37, 27.37, 27.37, 27.37, 27.37, 27.14, 27.18, 27.25, 27.31, 27.31, 27.27, 27.29, 27.44, 27.23, 27.29, 27.25, 27.21, 27.19, 27.19, 27.18], [27.37, 27.37, 27.37, 27.36, 27.36, 27.11, 27.13, 27.14, 27.14, 27.21, 27.21, 27.25, 27.39, 27.27, 27.28, 27.23, 27.19, 27.17, 27.16, 27.17], [27.37, 27.37, 27.37, 27.36, 27.35, 27.34, 27.08, 27.07, 27.03, 26.97, 27.03, 27.17, 27.29, 27.4, 27.26, 27.2, 27.15, 27.12, 27.13, 27.15], [27.32, 27.37, 27.37, 27.36, 27.35, 27.33, 27.05, 27.03, 26.99, 26.84, 26.8, 27.05, 27.33, 27.35, 27.24, 27.17, 27.09, 27.06, 27.09, 27.12], [27.33, 27.33, 27.33, 27.33, 27.32, 27.12, 27.08, 27.05, 27.04, 26.81, 26.63, 26.98, 26.99, 27.35, 27.07, 27.1, 27.05, 27.04, 27.06, 27.08], [27.27, 27.28, 27.35, 27.35, 27.36, 27.34, 27.29, 27.06, 26.91, 26.87, 26.77, 26.87, 26.92, 26.86, 27.08, 27.1, 27.08, 27.07, 27.07, 27.08], [27.5, 27.5, 27.5, 27.31, 27.34, 27.41, 27.36, 27.29, 26.76, 26.79, 26.93, 26.81, 26.85, 26.83, 27.08, 27.11, 27.1, 27.09, 27.09, 27.09], [27.5, 27.5, 27.5, 27.5, 27.5, 27.5, 27.5, 27.5, 27.36, 26.89, 26.5, 26.77, 26.8, 26.8, 27.08, 27.12, 27.11, 27.1, 27.1, 27.1], [27.5, 27.5, 27.5, 27.5, 27.5, 27.5, 27.5, 27.5, 27.5, -999.0, 26.5, 27.2, 27.2, 26.78, 27.08, 27.13, 27.12, 26.66, 26.67, 26.67], [27.5, 27.5, 27.5, 27.5, 27.5, 27.5, 27.5, 27.5, 27.5, 27.5, -999.0, 27.2, 27.2, 26.68, 26.91, 26.78, 26.79, 26.71, 26.72, 26.73], [27.5, 27.5, 27.5, 27.5, 27.5, 27.5, 27.5, 27.5, 27.5, 27.5, -999.0, 26.4, 26.4, 26.4, 26.84, 26.73, 26.74, 26.67, 26.68, 26.69], [27.5, 27.5, 27.5, 27.5, 27.5, 27.5, 27.5, 27.8, 27.8, 27.8, 27.8, 27.26, 26.4, 26.4, 26.4, 26.67, 26.69, 26.62, 26.64, 26.66], [27.5, 27.5, 27.69, 27.69, 27.7, 27.8, 27.8, 27.8, 27.8, 27.8, 26.92, 27.02, 26.88, 26.77, 26.9, 26.58, 26.61, 26.56, 26.69, 26.71], [27.69, 27.69, 27.61, 27.61, 27.8, 27.8, 27.8, 27.8, 27.8, 27.8, 27.2, 27.02, 26.84, 26.67, 26.62, 26.59, 26.66, 26.71, 26.75, 26.78], [27.61, 27.61, 27.62, 27.62, 27.8, 27.8, 27.8, 27.8, 27.8, 27.44, 27.26, 27.05, 26.83, 26.64, 26.43, 26.57, 26.66, 26.73, 26.77, 26.79], [27.61, 27.62, 27.62, 27.8, 27.8, 27.8, 27.8, 27.8, 27.67, 27.53, 27.4, 27.22, 26.87, 26.71, 26.55, 26.62, 26.7, 26.76, 26.79, 26.82], [27.62, 27.62, 27.8, 27.8, 27.8, 27.8, 27.8, 27.8, 27.67, 27.56, 27.42, 27.28, 26.93, 26.82, 26.68, 26.72, 26.77, 26.81, 26.83, 26.85], [27.8, 27.8, 27.8, 27.8, 27.8, 27.8, 27.8, 27.8, 27.58, 27.53, 27.44, 27.33, 26.97, 26.76, 26.77, 26.8, 26.84, 26.86, 26.87, 26.88], [27.8, 27.8, 27.8, 27.8, 27.8, 27.8, 27.8, 27.83, 27.56, 27.52, 27.46, 27.38, 27.02, 26.82, 26.84, 26.87, 26.9, 26.91, 26.92, 26.91], [27.8, 27.8, 27.8, 27.85, 27.85, 27.85, 27.84, 27.84, 27.84, 27.84, 27.84, 27.56, 27.32, 26.86, 26.89, 26.92, 26.94, 26.96, 26.96, 26.94], [27.86, 27.86, 27.86, 27.85, 27.85, 27.85, 27.85, 27.84, 27.84, 27.83, 27.84, 27.63, 27.34, 27.26, 27.18, 26.95, 26.95, 27.02, 26.99, 26.96], [27.86, 27.86, 27.86, 27.86, 27.86, 27.85, 27.85, 27.84, 27.83, 27.82, 27.84, 27.66, 27.59, 27.27, 27.19, 27.13, 27.04, 27.08, 27.01, 26.97], [27.86, 27.86, 27.86, 27.86, 27.86, 27.86, 27.86, 27.85, 27.84, 27.83, 27.74, 27.69, 27.62, 27.28, 27.22, 27.2, 27.17, 27.17, 27.0, 26.97], [27.87, 27.87, 27.87, 27.87, 27.87, 27.87, 27.87, 27.87, 27.86, 27.87, 27.76, 27.73, 27.66, 27.39, 27.31, 27.25, 27.22, 27.21, 27.21, 27.21], [27.87, 27.87, 27.87, 27.87, 27.87, 27.87, 27.88, 27.88, 27.89, 27.82, 27.83, 27.82, 27.77, 27.71, 27.37, 27.3, 27.27, 27.25, 27.24, 27.24], [27.87, 27.87, 27.87, 27.87, 27.88, 27.88, 27.89, 27.9, 27.92, 27.88, 27.95, 27.86, 27.79, 27.73, 27.41, 27.35, 27.31, 27.28, 27.27, 27.26], [27.87, 27.87, 27.88, 27.88, 27.88, 27.89, 27.89, 27.9, 27.85, 27.9, 27.92, 27.86, 27.8, 27.75, 27.44, 27.38, 27.34, 27.32, 27.3, 27.29], [27.87, 27.88, 27.88, 27.88, 27.88, 27.89, 27.9, 27.91, 27.84, 27.86, 27.86, 27.84, 27.79, 27.75, 27.46, 27.41, 27.37, 27.34, 27.32, 27.31], [27.88, 27.88, 27.88, 27.88, 27.89, 27.89, 27.9, 27.8, 27.82, 27.83, 27.82, 27.81, 27.78, 27.75, 27.47, 27.42, 27.39, 27.36, 27.34, 27.33]]}]