gis_exercise/awsData/contour/wdir_2023091414.json
[{"header": {"refTime": "2023-09-14T14:00:00.000Z", "nx": 21, "ny": 33, "lo1": 113.509, "la1": 22.2235, "lo2": 113.5947, "la2": 22.1034, "dx": 0.0042850000000001385, "dy": 0.003753125000000024, "parameterCategory": 2, "parameterCategoryName": "Temperature", "parameterNumber": 2}, "data": [-1.42, -1.41, -1.4, -1.27, -1.25, -1.42, -1.38, -1.34, -1.32, -1.19, -1.24, -1.3, -1.58, -1.62, -1.69, -1.72, -2.06, -2.06, -2.07, -2.07, -1.43, -1.42, -1.41, -1.39, -1.26, -1.23, -1.35, -1.26, -1.21, -1.15, -1.24, -1.33, -1.62, -1.65, -1.71, -2.05, -2.06, -2.07, -2.07, -2.08, -1.44, -1.43, -1.42, -1.4, -1.28, -1.24, -1.19, -1.2, -0.97, -1.11, -1.26, -1.38, -1.67, -1.7, -2.03, -2.05, -2.06, -2.07, -2.08, -2.08, -1.45, -1.45, -1.44, -1.43, -1.41, -1.28, -1.23, -1.16, -1.08, -1.16, -1.31, -1.47, -1.75, -1.79, -2.03, -2.05, -2.07, -2.08, -2.09, -2.09, -1.46, -1.46, -1.46, -1.45, -1.45, -1.33, -1.31, -1.28, -1.26, -1.24, -1.36, -1.78, -1.86, -1.81, -2.03, -2.06, -2.09, -2.1, -2.1, -2.1, -1.47, -1.48, -1.48, -1.48, -1.49, -1.5, -1.41, -1.42, -1.4, -1.34, -1.64, -1.75, -1.82, -2.08, -2.05, -2.08, -2.11, -2.12, -2.12, -2.11, -2.44, -1.49, -1.5, -1.51, -1.52, -1.55, -1.64, -1.58, -1.58, -1.59, -1.52, -1.71, -2.13, -2.15, -2.06, -2.1, -2.14, -2.16, -2.2, -2.21, -2.45, -2.42, -2.38, -2.18, -2.16, -1.6, -1.65, -1.76, -1.91, -1.55, -1.27, -1.92, -2.05, -2.21, -2.28, -2.26, -2.23, -2.22, -2.24, -2.25, -2.46, -2.43, -2.38, -2.31, -2.11, -2.12, -2.17, -1.68, -2.04, -1.63, -1.74, -2.03, -2.26, -2.15, -2.3, -2.28, -2.25, -2.24, -2.25, -2.25, -2.92, -2.87, -2.79, -2.3, -2.16, -1.97, -2.15, -2.34, -2.28, -2.15, -1.91, -2.1, -2.3, -2.17, -2.32, -2.29, -2.27, -2.26, -2.26, -2.26, -2.94, -2.89, -2.82, -2.68, -2.4, -1.56, -2.59, -3.07, -2.72, -2.47, -2.46, -2.06, -2.13, -2.12, -2.32, -2.3, -2.28, -2.27, -2.27, -2.27, -2.97, -2.94, -2.89, -2.81, -2.68, -2.61, -2.99, -3.34, -3.45, -3.54, -2.62, -2.75, -2.68, -2.06, -2.32, -2.3, -2.29, -1.99, -1.98, -1.97, -3.01, -3.0, -2.99, -2.99, -3.04, -3.25, -3.56, -3.5, -3.48, -3.39, -3.49, -2.82, -2.75, -1.96, -1.93, -1.93, -1.92, -1.91, -1.91, -1.92, -3.06, -3.06, -3.08, -3.13, -3.25, -3.54, -4.04, -3.62, -3.47, -3.4, -3.54, -2.51, -2.36, -2.25, -1.8, -1.81, -1.82, -1.83, -1.85, -1.86, -3.09, -3.11, -3.14, -3.21, -3.32, -3.49, -3.62, -3.5, -3.33, -3.21, -3.14, -2.0, -2.21, -2.07, -1.99, -1.68, -1.71, -1.74, -1.78, -1.81, -3.12, -3.15, -2.53, -2.6, -2.69, -3.29, -3.27, -3.17, -3.05, -2.98, -1.95, -1.84, -1.71, -1.37, -1.35, -1.46, -1.52, -1.57, -1.53, -1.57, -2.44, -2.46, -2.48, -2.51, -3.08, -3.03, -2.91, -2.76, -2.66, -2.67, -1.79, -1.71, -1.57, -1.4, -1.12, -1.12, -1.16, -1.19, -1.21, -1.22, -2.41, -2.42, -2.42, -2.42, -2.91, -2.78, -2.58, -2.3, -2.15, -1.81, -1.82, -1.62, -1.49, -1.12, -1.02, -1.11, -1.16, -1.2, -1.22, -1.23, -2.38, -2.38, -2.37, -2.87, -2.77, -2.61, -2.34, -1.89, -1.4, -1.65, -1.26, -1.23, -1.22, -1.17, -1.1, -1.14, -1.19, -1.22, -1.24, -1.25, -2.35, -2.34, -2.35, -2.3, -2.22, -2.1, -1.94, -1.71, -1.28, -1.28, -1.28, -1.25, -1.26, -1.24, -1.18, -1.2, -1.23, -1.25, -1.26, -1.26, -2.36, -2.33, -2.29, -2.23, -2.16, -2.06, -1.95, -1.83, -1.31, -1.31, -1.3, -1.28, -1.3, -1.22, -1.24, -1.26, -1.29, -1.29, -1.29, -1.28, -2.31, -2.28, -2.24, -2.18, -2.12, -2.04, -1.96, -1.37, -1.35, -1.35, -1.34, -1.32, -1.47, -1.26, -1.29, -1.32, -1.35, -1.34, -1.31, -1.3, -2.28, -2.24, -2.2, -1.37, -1.37, -1.38, -1.39, -1.41, -1.42, -1.43, -1.42, -1.57, -1.49, -1.29, -1.32, -1.38, -1.43, -1.38, -1.32, -1.3, -1.36, -1.36, -1.37, -1.37, -1.38, -1.39, -1.41, -1.44, -1.47, -1.48, -1.46, -1.56, -1.49, -1.47, -1.45, -1.39, -1.6, -1.34, -1.3, -1.29, -1.36, -1.37, -1.37, -1.38, -1.38, -1.4, -1.42, -1.46, -1.52, -1.57, -1.49, -1.54, -1.55, -1.46, -1.44, -1.41, -1.28, -1.17, -1.26, -1.28, -1.36, -1.37, -1.37, -1.38, -1.38, -1.4, -1.41, -1.45, -1.51, -1.55, -1.54, -1.51, -1.52, -1.46, -1.43, -1.31, -1.28, -1.26, -1.26, -1.27, -1.36, -1.36, -1.37, -1.37, -1.38, -1.39, -1.4, -1.41, -1.43, -1.43, -1.46, -1.46, -1.48, -1.28, -1.3, -1.3, -1.29, -1.28, -1.29, -1.29, -1.36, -1.36, -1.36, -1.37, -1.37, -1.37, -1.37, -1.37, -1.36, -1.38, -1.35, -1.26, -1.25, -1.22, -1.28, -1.29, -1.29, -1.29, -1.29, -1.29, -1.36, -1.36, -1.36, -1.36, -1.36, -1.36, -1.35, -1.34, -1.31, -1.28, -1.17, -1.22, -1.23, -1.22, -1.27, -1.28, -1.28, -1.29, -1.29, -1.29, -1.36, -1.36, -1.36, -1.35, -1.35, -1.35, -1.34, -1.32, -1.25, -1.21, -1.19, -1.21, -1.22, -1.22, -1.26, -1.27, -1.28, -1.28, -1.29, -1.29, -1.35, -1.35, -1.35, -1.35, -1.35, -1.34, -1.33, -1.31, -1.25, -1.23, -1.21, -1.22, -1.22, -1.22, -1.26, -1.27, -1.28, -1.28, -1.28, -1.29, -1.35, -1.35, -1.35, -1.35, -1.34, -1.34, -1.33, -1.26, -1.25, -1.23, -1.23, -1.22, -1.22, -1.22, -1.26, -1.27, -1.27, -1.28, -1.28, -1.29]}, {"header": {"refTime": "2023-09-14T14:00:00.000Z", "nx": 21, "ny": 33, "lo1": 113.509, "la1": 22.2235, "lo2": 113.5947, "la2": 22.1034, "dx": 0.0042850000000001385, "dy": 0.003753125000000024, "parameterCategory": 2, "parameterCategoryName": "Temperature", "parameterNumber": 3}, "data": [0.62, 0.61, 0.58, 0.35, 0.34, 0.64, 0.61, 0.57, 0.58, 0.63, 0.73, 0.84, 1.27, 1.34, 1.44, 1.49, 2.04, 2.04, 2.05, 2.05, 0.63, 0.62, 0.59, 0.56, 0.34, 0.32, 0.56, 0.48, 0.44, 0.55, 0.73, 0.88, 1.33, 1.39, 1.49, 2.03, 2.04, 2.05, 2.05, 2.06, 0.65, 0.63, 0.61, 0.58, 0.35, 0.33, 0.29, 0.41, 0.17, 0.48, 0.76, 0.97, 1.43, 1.48, 2.02, 2.03, 2.05, 2.06, 2.06, 2.06, 0.67, 0.66, 0.64, 0.61, 0.57, 0.35, 0.32, 0.26, 0.22, 0.58, 0.86, 1.13, 1.58, 1.66, 2.01, 2.04, 2.06, 2.07, 2.07, 2.07, 0.69, 0.68, 0.67, 0.65, 0.62, 0.38, 0.37, 0.35, 0.34, 0.73, 0.96, 1.66, 1.81, 1.7, 2.02, 2.05, 2.07, 2.08, 2.09, 2.08, 0.72, 0.72, 0.71, 0.69, 0.67, 0.64, 0.42, 0.43, 0.43, 0.43, 1.41, 1.59, 1.73, 1.97, 2.02, 2.06, 2.1, 2.11, 2.1, 2.09, 0.9, 0.75, 0.75, 0.75, 0.73, 0.71, 0.77, 0.49, 0.51, 0.85, 0.92, 1.49, 1.99, 1.99, 2.04, 2.08, 2.13, 2.15, 2.13, 2.11, 0.9, 0.91, 0.92, 1.14, 1.12, 0.87, 0.8, 0.7, 0.69, 0.8, 0.71, 1.65, 1.81, 2.01, 2.09, 2.12, 2.15, 2.16, 2.15, 2.13, 0.91, 0.92, 0.94, 0.96, 1.16, 1.14, 1.07, 0.77, 0.74, 0.88, 1.34, 1.69, 1.88, 1.79, 2.09, 2.11, 2.13, 2.14, 2.14, 2.13, 1.14, 1.15, 1.16, 0.99, 1.04, 1.23, 1.18, 1.12, 0.87, 0.83, 1.52, 1.72, 1.88, 1.79, 2.09, 2.1, 2.12, 2.12, 2.12, 2.12, 1.14, 1.14, 1.15, 1.17, 1.21, 1.33, 1.22, 1.22, 1.22, 0.97, 1.41, 1.67, 1.74, 1.74, 2.09, 2.1, 2.11, 2.11, 2.12, 2.12, 1.13, 1.13, 1.13, 1.14, 1.16, 1.17, 1.15, 1.25, 1.32, 1.39, 1.42, 1.87, 1.91, 1.69, 2.09, 2.1, 2.1, 1.86, 1.86, 1.86, 1.12, 1.12, 1.11, 1.1, 1.08, 1.02, 0.95, 1.14, 1.26, 1.21, 1.4, 1.83, 1.87, 1.78, 1.75, 1.79, 1.79, 1.8, 1.81, 1.81, 1.11, 1.1, 1.09, 1.07, 1.03, 0.93, 0.71, 0.99, 1.13, 1.16, 1.36, 1.56, 1.55, 1.54, 1.67, 1.7, 1.72, 1.73, 1.75, 1.77, 1.1, 1.09, 1.08, 1.06, 1.02, 0.96, 0.93, 1.09, 1.19, 1.25, 1.28, 1.43, 1.49, 1.46, 1.45, 1.6, 1.63, 1.67, 1.7, 1.72, 1.1, 1.09, 1.17, 1.15, 1.13, 1.14, 1.15, 1.21, 1.27, 1.31, 1.48, 1.43, 1.38, 1.45, 1.42, 1.54, 1.6, 1.66, 1.74, 1.79, 1.21, 1.2, 1.2, 1.19, 1.23, 1.24, 1.28, 1.34, 1.38, 1.39, 1.49, 1.43, 1.36, 1.28, 1.34, 1.37, 1.47, 1.54, 1.59, 1.62, 1.22, 1.23, 1.23, 1.24, 1.29, 1.33, 1.4, 1.49, 1.53, 1.42, 1.34, 1.44, 1.35, 1.34, 1.15, 1.35, 1.48, 1.56, 1.61, 1.64, 1.24, 1.25, 1.26, 1.31, 1.34, 1.39, 1.47, 1.61, 1.71, 1.51, 1.41, 1.31, 1.53, 1.42, 1.33, 1.42, 1.53, 1.61, 1.65, 1.68, 1.26, 1.26, 1.12, 1.14, 1.19, 1.25, 1.35, 1.49, 1.62, 1.5, 1.38, 1.3, 1.61, 1.56, 1.5, 1.56, 1.63, 1.68, 1.7, 1.72, 1.09, 1.1, 1.12, 1.14, 1.18, 1.22, 1.29, 1.35, 1.44, 1.39, 1.32, 1.26, 1.68, 1.61, 1.64, 1.69, 1.73, 1.76, 1.76, 1.76, 1.09, 1.1, 1.11, 1.13, 1.15, 1.18, 1.21, 1.23, 1.3, 1.27, 1.24, 1.21, 1.4, 1.7, 1.74, 1.8, 1.85, 1.85, 1.82, 1.79, 1.08, 1.09, 1.1, 1.12, 1.12, 1.12, 1.12, 1.1, 1.07, 1.05, 1.04, 1.49, 1.53, 1.76, 1.81, 1.9, 1.98, 1.93, 1.86, 1.82, 1.08, 1.08, 1.08, 1.08, 1.07, 1.06, 1.03, 1.0, 0.95, 0.92, 0.94, 1.12, 1.5, 1.64, 1.77, 1.94, 2.18, 1.91, 1.85, 1.82, 1.06, 1.06, 1.05, 1.04, 1.03, 1.01, 0.97, 0.92, 0.85, 0.8, 0.86, 1.06, 1.21, 1.61, 1.74, 1.84, 1.86, 1.76, 1.82, 1.82, 1.04, 1.04, 1.03, 1.01, 0.99, 0.97, 0.93, 0.89, 0.83, 0.79, 0.91, 1.02, 1.15, 1.59, 1.69, 1.75, 1.77, 1.76, 1.81, 1.81, 1.03, 1.02, 1.01, 0.99, 0.97, 0.94, 0.91, 0.87, 0.83, 0.81, 0.9, 0.98, 1.09, 1.49, 1.6, 1.67, 1.71, 1.73, 1.73, 1.72, 1.01, 1.0, 0.99, 0.97, 0.95, 0.92, 0.89, 0.86, 0.82, 0.84, 0.84, 0.79, 0.86, 0.93, 1.52, 1.6, 1.65, 1.68, 1.69, 1.69, 1.0, 0.99, 0.98, 0.96, 0.94, 0.91, 0.88, 0.84, 0.8, 0.78, 0.67, 0.76, 0.83, 0.9, 1.46, 1.54, 1.6, 1.63, 1.65, 1.65, 0.99, 0.98, 0.97, 0.95, 0.93, 0.9, 0.87, 0.84, 0.77, 0.73, 0.7, 0.76, 0.83, 0.89, 1.41, 1.49, 1.55, 1.59, 1.61, 1.62, 0.98, 0.97, 0.96, 0.94, 0.92, 0.9, 0.87, 0.84, 0.78, 0.76, 0.76, 0.79, 0.84, 0.88, 1.38, 1.46, 1.51, 1.55, 1.58, 1.59, 0.98, 0.97, 0.95, 0.94, 0.92, 0.9, 0.88, 0.81, 0.8, 0.8, 0.8, 0.82, 0.85, 0.89, 1.37, 1.44, 1.49, 1.52, 1.55, 1.57]}, {"header": {"refTime": "2023-09-14T14:00:00.000Z", "nx": 21, "ny": 33, "lo1": 113.509, "la1": 22.2235, "lo2": 113.5947, "la2": 22.1034, "dx": 0.0042850000000001385, "dy": 0.003753125000000024, "parameterCategory": 0, "parameterCategoryName": "Temperature", "parameterNumber": 0}, "data": [[27.35, 27.36, 27.36, 27.36, 27.38, 27.42, 27.44, 27.46, 27.47, 27.57, 27.56, 27.55, 27.46, 27.46, 27.3, 27.27, 27.14, 27.12, 27.1, 27.09], [27.35, 27.35, 27.36, 27.37, 27.37, 27.4, 27.45, 27.48, 27.5, 27.57, 27.56, 27.55, 27.46, 27.45, 27.3, 27.16, 27.13, 27.1, 27.09, 27.08], [27.34, 27.35, 27.35, 27.36, 27.36, 27.39, 27.43, 27.49, 27.58, 27.58, 27.56, 27.54, 27.46, 27.45, 27.2, 27.15, 27.11, 27.08, 27.07, 27.06], [27.34, 27.34, 27.34, 27.35, 27.36, 27.36, 27.4, 27.45, 27.5, 27.57, 27.55, 27.53, 27.46, 27.41, 27.2, 27.14, 27.09, 27.05, 27.04, 27.04], [27.34, 27.34, 27.34, 27.34, 27.34, 27.32, 27.33, 27.36, 27.37, 27.54, 27.54, 27.39, 27.47, 27.42, 27.2, 27.11, 27.04, 27.0, 27.0, 27.01], [27.33, 27.33, 27.33, 27.32, 27.32, 27.31, 27.26, 27.25, 27.33, 27.37, 27.32, 27.4, 27.43, 27.4, 27.17, 27.07, 26.97, 26.93, 26.95, 26.98], [27.22, 27.33, 27.32, 27.32, 27.3, 27.28, 27.2, 27.23, 27.21, 27.1, 27.08, 27.36, 27.33, 27.35, 27.14, 27.02, 26.87, 26.81, 26.85, 26.9], [27.23, 27.23, 27.23, 27.23, 27.22, 27.2, 27.15, 27.11, 27.02, 27.09, 27.09, 27.2, 27.2, 27.35, 26.89, 26.94, 26.83, 26.79, 26.85, 26.9], [27.17, 27.18, 27.25, 27.25, 27.26, 27.24, 27.19, 27.12, 27.0, 27.11, 27.2, 27.2, 27.2, 27.2, 26.9, 26.96, 26.9, 26.87, 26.89, 26.91], [27.4, 27.4, 27.4, 27.21, 27.24, 27.31, 27.26, 27.19, 27.0, 27.0, 27.2, 27.2, 27.2, 27.2, 26.9, 26.98, 26.94, 26.92, 26.92, 26.93], [27.4, 27.4, 27.4, 27.4, 27.4, 27.4, 27.4, 27.4, 27.26, 27.0, -999.0, 27.2, 27.2, 27.2, 26.89, 27.0, 26.97, 26.95, 26.95, 26.95], [27.4, 27.4, 27.4, 27.4, 27.4, 27.4, 27.4, 27.4, 27.4, -999.0, -999.0, 27.2, 27.2, 27.2, 26.89, 27.01, 27.0, 26.42, 26.42, 26.42], [27.4, 27.4, 27.4, 27.4, 27.4, 27.4, 27.4, 27.4, 27.4, 27.4, -999.0, 27.2, 27.2, 26.55, 26.83, 26.52, 26.52, 26.46, 26.47, 26.47], [27.4, 27.4, 27.4, 27.4, 27.4, 27.4, 27.4, 27.4, 27.4, 27.4, -999.0, 26.2, 26.2, 26.2, 26.75, 26.48, 26.48, 26.42, 26.43, 26.45], [27.4, 27.4, 27.4, 27.4, 27.4, 27.4, 27.4, 27.5, 27.5, 27.5, 27.5, 27.0, 26.2, 26.2, 26.2, 26.43, 26.44, 26.39, 26.4, 26.42], [27.4, 27.4, 27.46, 27.46, 27.47, 27.5, 27.5, 27.5, 27.5, 27.5, 26.68, 26.77, 26.65, 26.54, 26.66, 26.16, 26.16, 26.17, 26.3, 26.31], [27.46, 27.46, 27.44, 27.44, 27.5, 27.5, 27.5, 27.5, 27.5, 27.5, 26.94, 26.78, 26.61, 26.45, 26.34, 26.21, 26.22, 26.22, 26.22, 26.23], [27.44, 27.44, 27.44, 27.44, 27.5, 27.5, 27.5, 27.5, 27.5, 27.17, 27.0, 26.8, 26.6, 26.36, 26.22, 26.21, 26.22, 26.22, 26.22, 26.23], [27.44, 27.44, 27.44, 27.5, 27.5, 27.5, 27.5, 27.5, 27.38, 27.25, 27.11, 26.94, 26.54, 26.4, 26.21, 26.21, 26.22, 26.22, 26.23, 26.23], [27.44, 27.44, 27.44, 27.45, 27.45, 27.45, 27.46, 27.48, 27.37, 27.26, 27.13, 26.99, 26.57, 26.46, 26.22, 26.22, 26.22, 26.23, 26.23, 26.23], [27.44, 27.44, 27.44, 27.46, 27.46, 27.46, 27.47, 27.47, 27.27, 27.22, 27.13, 27.03, 26.58, 26.22, 26.22, 26.22, 26.22, 26.23, 26.23, 26.23], [27.45, 27.45, 27.45, 27.46, 27.46, 27.46, 27.46, 27.45, 27.24, 27.2, 27.15, 27.08, 26.56, 26.22, 26.22, 26.22, 26.22, 26.23, 26.23, 26.24], [27.45, 27.45, 27.45, 27.44, 27.44, 27.44, 27.44, 27.44, 27.43, 27.43, 27.43, 27.09, 26.67, 26.23, 26.23, 26.22, 26.21, 26.23, 26.24, 26.24], [27.44, 27.44, 27.44, 27.43, 27.43, 27.43, 27.43, 27.43, 27.42, 27.42, 27.42, 27.08, 26.7, 26.57, 26.45, 26.22, 26.17, 26.25, 26.26, 26.25], [27.43, 27.43, 27.43, 27.43, 27.43, 27.43, 27.42, 27.42, 27.41, 27.41, 27.41, 27.12, 27.01, 26.59, 26.47, 26.38, 26.27, 26.31, 26.27, 26.26], [27.43, 27.43, 27.43, 27.43, 27.43, 27.42, 27.42, 27.42, 27.41, 27.41, 27.24, 27.15, 27.05, 26.61, 26.5, 26.43, 26.39, 26.39, 26.27, 26.26], [27.43, 27.43, 27.43, 27.43, 27.43, 27.42, 27.42, 27.42, 27.41, 27.41, 27.23, 27.17, 27.09, 26.66, 26.57, 26.49, 26.45, 26.43, 26.44, 26.45], [27.43, 27.43, 27.43, 27.43, 27.42, 27.42, 27.42, 27.42, 27.41, 27.27, 27.26, 27.25, 27.19, 27.11, 26.63, 26.56, 26.51, 26.48, 26.48, 26.48], [27.43, 27.43, 27.43, 27.42, 27.42, 27.42, 27.42, 27.41, 27.41, 27.3, 27.36, 27.28, 27.21, 27.13, 26.69, 26.61, 26.56, 26.53, 26.51, 26.51], [27.43, 27.43, 27.43, 27.42, 27.42, 27.42, 27.42, 27.41, 27.28, 27.32, 27.33, 27.28, 27.21, 27.15, 26.73, 26.65, 26.6, 26.57, 26.55, 26.54], [27.43, 27.43, 27.42, 27.42, 27.42, 27.42, 27.42, 27.42, 27.26, 27.28, 27.28, 27.25, 27.2, 27.15, 26.75, 26.68, 26.64, 26.6, 26.58, 26.56], [27.43, 27.43, 27.42, 27.42, 27.42, 27.42, 27.42, 27.23, 27.24, 27.25, 27.24, 27.22, 27.19, 27.15, 26.76, 26.7, 26.66, 26.63, 26.6, 26.59]]}]