gis_exercise/awsData/contour/wdir_2023091006.json
[{"header": {"refTime": "2023-09-10T06:00:00.000Z", "nx": 21, "ny": 33, "lo1": 113.509, "la1": 22.2235, "lo2": 113.5947, "la2": 22.1034, "dx": 0.0042850000000001385, "dy": 0.003753125000000024, "parameterCategory": 2, "parameterCategoryName": "Temperature", "parameterNumber": 2}, "data": [0.49, 0.48, 0.47, -0.19, -0.16, -0.27, -0.23, -0.19, -0.2, -0.5, -0.66, -0.8, -1.44, -1.55, -1.1, -1.14, -2.19, -2.18, -2.17, -2.17, 0.5, 0.49, 0.48, 0.46, -0.16, -0.11, -0.18, -0.08, -0.03, -0.37, -0.64, -0.85, -1.51, -1.62, -1.17, -2.19, -2.17, -2.16, -2.15, -2.14, 0.51, 0.5, 0.48, 0.47, -0.17, -0.12, -0.05, 0.01, 0.3, -0.26, -0.68, -0.97, -1.62, -1.71, -2.2, -2.18, -2.15, -2.13, -2.12, -2.12, 0.52, 0.51, 0.49, 0.47, 0.45, -0.16, -0.1, 0.01, 0.1, -0.45, -0.84, -1.16, -1.77, -2.14, -2.19, -2.16, -2.12, -2.09, -2.08, -2.09, 0.53, 0.52, 0.51, 0.49, 0.46, -0.21, -0.18, -0.15, -0.16, -0.75, -1.03, -2.08, -2.0, -2.13, -2.2, -2.14, -2.06, -2.02, -2.02, -2.05, 0.55, 0.55, 0.53, 0.51, 0.48, 0.43, -0.25, -0.27, -0.33, -0.44, -2.09, -2.15, -2.12, -2.35, -2.23, -2.11, -1.97, -1.91, -1.95, -2.0, 0.0, 0.57, 0.57, 0.55, 0.52, 0.45, -0.07, -0.31, -0.37, -1.31, -1.61, -2.32, -2.63, -2.53, -2.29, -2.08, -1.82, -1.72, -1.67, -1.7, 0.01, 0.04, 0.08, -0.19, -0.18, 0.14, 0.0, -0.14, -0.46, -1.26, -1.44, -2.66, -2.83, -2.61, -2.37, -2.14, -1.86, -1.76, -1.91, -2.01, 0.01, 0.05, 0.11, 0.17, -0.05, -0.07, -0.22, -0.05, -0.9, -1.33, -2.1, -2.42, -2.38, -2.4, -2.36, -2.2, -2.03, -1.96, -1.99, -2.05, -0.73, -0.66, -0.56, 0.23, 0.4, 0.27, -0.11, -0.52, -1.35, -1.35, -2.2, -2.27, -2.23, -2.32, -2.35, -2.25, -2.15, -2.09, -2.08, -2.1, -0.75, -0.68, -0.57, -0.39, 0.0, 1.16, -0.36, -1.22, -1.21, -1.67, -2.08, -2.26, -2.28, -2.3, -2.34, -2.28, -2.21, -2.17, -2.15, -2.15, -0.78, -0.73, -0.65, -0.53, -0.34, -0.25, -0.88, -1.78, -2.17, -2.39, -2.18, -2.7, -2.67, -2.29, -2.34, -2.3, -2.25, -2.28, -2.27, -2.27, -0.83, -0.8, -0.77, -0.74, -0.77, -0.97, -1.33, -1.77, -2.04, -1.75, -2.29, -2.72, -2.7, -2.94, -2.98, -2.44, -2.42, -2.4, -2.38, -2.37, -0.88, -0.87, -0.88, -0.91, -1.01, -1.23, -1.53, -1.55, -1.66, -1.61, -2.26, -2.83, -2.85, -2.89, -3.08, -2.59, -2.56, -2.52, -2.49, -2.46, -0.93, -0.93, -0.96, -1.01, -1.11, -1.25, -1.38, -2.21, -2.34, -2.41, -2.44, -3.14, -2.97, -3.02, -3.06, -2.77, -2.72, -2.65, -2.59, -2.54, -0.97, -0.98, -1.01, -1.06, -1.14, -2.25, -2.26, -2.32, -2.39, -2.44, -3.1, -3.17, -3.25, -3.16, -3.21, -2.75, -2.62, -2.48, -2.23, -2.12, -1.04, -1.07, -1.12, -1.18, -2.34, -2.35, -2.39, -2.44, -2.49, -2.5, -3.1, -3.19, -3.3, -3.42, -3.21, -2.57, -2.18, -1.87, -1.65, -1.5, -1.11, -1.15, -1.21, -1.29, -2.4, -2.43, -2.49, -2.57, -2.61, -2.75, -2.83, -3.19, -3.32, -3.21, -3.6, -2.7, -2.14, -1.79, -1.55, -1.4, -1.16, -1.22, -1.29, -2.42, -2.44, -2.48, -2.56, -2.67, -2.8, -2.79, -3.11, -3.21, -2.85, -3.04, -2.77, -2.37, -1.91, -1.59, -1.39, -1.27, -1.21, -1.27, -2.48, -2.5, -2.52, -2.57, -2.62, -2.69, -2.93, -3.01, -3.1, -3.19, -2.69, -2.74, -2.06, -1.83, -1.54, -1.32, -1.18, -1.1, -2.49, -2.5, -2.51, -2.53, -2.56, -2.6, -2.64, -2.68, -3.0, -3.04, -3.1, -3.17, -2.52, -1.61, -1.51, -1.33, -1.13, -1.0, -0.93, -0.92, -2.51, -2.53, -2.54, -2.57, -2.59, -2.63, -2.66, -2.7, -3.04, -3.07, -3.1, -3.15, -2.42, -1.25, -1.11, -0.92, -0.76, -0.68, -0.69, -0.73, -2.53, -2.55, -2.57, -2.61, -2.63, -2.64, -2.67, -2.69, -2.7, -2.71, -2.68, -2.28, -1.1, -1.0, -0.82, -0.61, -0.45, -0.41, -0.47, -0.57, -2.57, -2.58, -2.58, -2.59, -2.61, -2.63, -2.65, -2.69, -2.74, -2.75, -2.7, -2.05, -1.16, -0.83, -0.55, -0.43, -0.31, -0.13, -0.29, -0.46, -2.56, -2.56, -2.57, -2.57, -2.59, -2.6, -2.63, -2.69, -2.79, -2.88, -2.73, -2.11, -1.86, -0.86, -0.56, -0.31, -0.07, 0.09, -0.22, -0.4, -2.54, -2.54, -2.55, -2.55, -2.56, -2.57, -2.59, -2.64, -2.75, -2.84, -2.37, -2.09, -1.87, -0.91, -0.62, -0.18, -0.06, -0.01, -0.29, -0.42, -2.53, -2.53, -2.53, -2.53, -2.53, -2.53, -2.53, -2.55, -2.57, -2.55, -2.16, -2.01, -1.86, -0.56, -0.41, -0.28, -0.18, -0.14, -0.14, -0.17, -2.51, -2.51, -2.51, -2.5, -2.49, -2.48, -2.47, -2.44, -2.38, -2.02, -1.94, -1.76, -1.62, -1.43, -0.5, -0.37, -0.29, -0.24, -0.22, -0.23, -2.5, -2.49, -2.49, -2.48, -2.46, -2.44, -2.4, -2.34, -2.23, -1.85, -1.72, -1.7, -1.61, -1.46, -0.59, -0.46, -0.38, -0.32, -0.3, -0.29, -2.49, -2.48, -2.47, -2.46, -2.44, -2.41, -2.36, -2.3, -1.79, -1.74, -1.71, -1.68, -1.59, -1.48, -0.65, -0.53, -0.45, -0.39, -0.36, -0.34, -2.48, -2.47, -2.45, -2.44, -2.42, -2.39, -2.34, -2.28, -1.75, -1.72, -1.69, -1.65, -1.58, -1.48, -0.68, -0.58, -0.5, -0.45, -0.41, -0.39, -2.47, -2.46, -2.44, -2.43, -2.4, -2.38, -2.34, -1.73, -1.71, -1.69, -1.66, -1.62, -1.56, -1.48, -0.7, -0.61, -0.54, -0.49, -0.45, -0.42]}, {"header": {"refTime": "2023-09-10T06:00:00.000Z", "nx": 21, "ny": 33, "lo1": 113.509, "la1": 22.2235, "lo2": 113.5947, "la2": 22.1034, "dx": 0.0042850000000001385, "dy": 0.003753125000000024, "parameterCategory": 2, "parameterCategoryName": "Temperature", "parameterNumber": 3}, "data": [1.76, 1.73, 1.7, 1.33, 1.31, 1.69, 1.64, 1.59, 1.58, 1.52, 1.64, 1.76, 3.33, 3.47, 4.02, 4.27, 6.22, 6.35, 6.44, 6.51, 1.78, 1.75, 1.72, 1.68, 1.31, 1.28, 1.58, 1.47, 1.4, 1.44, 1.64, 1.81, 3.37, 3.52, 4.08, 6.07, 6.26, 6.42, 6.52, 6.59, 1.8, 1.78, 1.75, 1.71, 1.33, 1.29, 1.23, 1.37, 1.03, 1.36, 1.68, 1.92, 3.45, 3.59, 5.76, 6.08, 6.35, 6.53, 6.64, 6.7, 1.83, 1.81, 1.78, 1.75, 1.7, 1.33, 1.28, 1.2, 1.12, 1.47, 1.79, 2.11, 3.5, 3.7, 5.7, 6.16, 6.5, 6.72, 6.82, 6.84, 1.86, 1.85, 1.83, 1.8, 1.76, 1.38, 1.36, 1.33, 1.31, 1.63, 1.89, 3.55, 3.31, 3.68, 5.74, 6.34, 6.78, 7.01, 7.05, 7.0, 1.89, 1.89, 1.88, 1.87, 1.84, 1.81, 1.46, 1.47, 1.46, 1.42, 3.56, 3.73, 3.66, 4.94, 5.99, 6.65, 7.21, 7.45, 7.34, 7.18, 2.74, 1.94, 1.94, 1.94, 1.93, 1.91, 1.97, 1.62, 1.63, 2.73, 2.98, 4.23, 5.8, 5.66, 6.36, 6.97, 7.78, 8.08, 7.49, 7.16, 2.76, 2.74, 2.72, 3.21, 3.16, 2.06, 2.01, 1.95, 2.23, 2.52, 2.05, 5.75, 6.37, 6.17, 7.57, 7.86, 8.23, 8.36, 8.16, 8.03, 2.78, 2.77, 2.75, 2.73, 3.16, 3.13, 3.09, 1.98, 2.47, 2.85, 4.41, 5.71, 6.3, 6.01, 7.49, 7.74, 7.98, 8.08, 8.04, 7.97, 3.84, 3.8, 3.74, 2.76, 2.72, 3.08, 3.24, 3.4, 3.06, 2.87, 5.04, 5.71, 6.2, 5.96, 7.43, 7.64, 7.8, 7.9, 7.92, 7.89, 3.85, 3.8, 3.74, 3.62, 3.39, 2.67, 3.66, 4.32, 4.14, 3.52, 4.79, 5.56, 5.79, 5.78, 7.43, 7.58, 7.7, 7.78, 7.82, 7.82, 3.86, 3.82, 3.77, 3.69, 3.57, 3.52, 3.96, 4.77, 5.15, 5.54, 4.95, 6.64, 6.7, 5.63, 7.45, 7.55, 7.64, 6.65, 6.68, 6.68, 3.88, 3.86, 3.83, 3.8, 3.79, 3.86, 4.04, 4.61, 4.97, 4.69, 5.53, 6.58, 6.65, 5.99, 5.91, 6.23, 6.29, 6.36, 6.41, 6.45, 3.91, 3.89, 3.88, 3.88, 3.9, 3.93, 3.87, 4.26, 4.51, 4.52, 5.43, 5.44, 5.35, 5.25, 5.6, 5.89, 5.97, 6.07, 6.16, 6.24, 3.93, 3.93, 3.93, 3.94, 3.96, 3.99, 4.04, 4.4, 4.53, 4.58, 4.57, 4.41, 5.11, 4.97, 4.88, 5.5, 5.63, 5.78, 5.92, 6.03, 3.96, 3.96, 3.39, 3.41, 3.45, 4.3, 4.3, 4.34, 4.39, 4.43, 4.37, 4.27, 4.16, 4.22, 4.18, 4.14, 4.2, 4.24, 4.82, 4.92, 3.39, 3.4, 3.41, 3.44, 4.3, 4.28, 4.26, 4.24, 4.25, 4.29, 4.23, 4.16, 4.04, 3.89, 3.55, 3.75, 3.82, 3.88, 3.92, 3.95, 3.4, 3.42, 3.43, 3.46, 4.28, 4.24, 4.18, 4.1, 4.07, 3.71, 3.69, 4.08, 3.97, 3.55, 3.54, 3.72, 3.82, 3.89, 3.94, 3.97, 3.42, 3.43, 3.45, 4.29, 4.25, 4.2, 4.12, 3.97, 3.75, 3.72, 3.69, 3.66, 3.57, 3.55, 3.7, 3.78, 3.86, 3.92, 3.97, 4.0, 3.43, 3.44, 3.75, 3.75, 3.75, 3.75, 3.75, 3.75, 3.73, 3.71, 3.69, 3.67, 3.57, 3.55, 3.83, 3.87, 3.92, 3.97, 4.0, 4.03, 3.75, 3.75, 3.75, 3.75, 3.75, 3.75, 3.75, 3.75, 3.72, 3.71, 3.69, 3.68, 3.56, 3.91, 3.92, 3.95, 3.98, 4.02, 4.04, 4.06, 3.75, 3.75, 3.75, 3.75, 3.75, 3.75, 3.75, 3.24, 3.71, 3.7, 3.69, 3.68, 3.55, 3.97, 3.98, 4.0, 4.01, 4.05, 4.09, 4.11, 3.75, 3.75, 3.75, 3.01, 3.05, 3.09, 3.13, 3.17, 3.19, 3.19, 3.13, 3.64, 4.04, 4.02, 4.03, 4.02, 3.98, 4.08, 4.15, 4.16, 2.91, 2.92, 2.94, 2.96, 2.99, 3.02, 3.07, 3.13, 3.21, 3.24, 3.14, 2.93, 4.03, 4.08, 4.1, 4.06, 3.76, 4.25, 4.26, 4.21, 2.87, 2.88, 2.89, 2.91, 2.93, 2.95, 3.0, 3.1, 3.29, 3.46, 3.16, 2.89, 2.81, 4.09, 4.14, 4.19, 4.37, 4.6, 4.34, 4.25, 2.84, 2.84, 2.84, 2.85, 2.85, 2.87, 2.9, 2.99, 3.18, 3.36, 2.97, 2.74, 2.68, 4.1, 4.16, 3.79, 4.03, 4.13, 4.32, 4.25, 2.8, 2.8, 2.79, 2.78, 2.77, 2.77, 2.77, 2.78, 2.8, 2.75, 2.54, 2.46, 2.49, 3.06, 3.36, 3.61, 3.8, 3.88, 3.87, 3.81, 2.77, 2.75, 2.74, 2.72, 2.69, 2.66, 2.61, 2.54, 2.39, 2.11, 1.95, 2.35, 2.66, 2.97, 3.17, 3.42, 3.59, 3.68, 3.71, 3.69, 2.73, 2.71, 2.69, 2.66, 2.62, 2.56, 2.48, 2.34, 2.08, 1.6, 1.28, 1.96, 2.44, 2.8, 3.01, 3.25, 3.42, 3.52, 3.57, 3.58, 2.7, 2.68, 2.65, 2.61, 2.56, 2.49, 2.39, 2.23, 2.15, 1.74, 1.49, 1.94, 2.37, 2.7, 2.89, 3.11, 3.28, 3.39, 3.45, 3.48, 2.67, 2.65, 2.62, 2.58, 2.52, 2.45, 2.35, 2.21, 2.23, 2.03, 1.96, 2.14, 2.42, 2.68, 2.82, 3.02, 3.17, 3.28, 3.35, 3.4, 2.65, 2.63, 2.59, 2.55, 2.49, 2.43, 2.34, 2.47, 2.35, 2.25, 2.24, 2.34, 2.51, 2.7, 2.79, 2.96, 3.1, 3.2, 3.27, 3.32]}, {"header": {"refTime": "2023-09-10T06:00:00.000Z", "nx": 21, "ny": 33, "lo1": 113.509, "la1": 22.2235, "lo2": 113.5947, "la2": 22.1034, "dx": 0.0042850000000001385, "dy": 0.003753125000000024, "parameterCategory": 0, "parameterCategoryName": "Temperature", "parameterNumber": 0}, "data": [[24.35, 24.35, 24.35, 24.26, 24.27, 24.4, 24.41, 24.42, 24.42, 24.36, 24.34, 24.33, 24.46, 24.46, 24.37, 24.36, 24.36, 24.35, 24.35, 24.34], [24.34, 24.35, 24.35, 24.36, 24.27, 24.29, 24.41, 24.43, 24.44, 24.38, 24.35, 24.33, 24.46, 24.45, 24.37, 24.36, 24.35, 24.35, 24.34, 24.34], [24.34, 24.34, 24.35, 24.35, 24.26, 24.28, 24.31, 24.44, 24.49, 24.4, 24.35, 24.33, 24.45, 24.45, 24.37, 24.36, 24.35, 24.34, 24.33, 24.33], [24.34, 24.34, 24.34, 24.35, 24.35, 24.27, 24.29, 24.34, 24.38, 24.36, 24.32, 24.32, 24.44, 24.32, 24.37, 24.35, 24.34, 24.33, 24.32, 24.33], [24.33, 24.33, 24.33, 24.34, 24.34, 24.24, 24.26, 24.27, 24.27, 24.3, 24.29, 24.32, 24.37, 24.34, 24.37, 24.35, 24.32, 24.31, 24.31, 24.32], [24.33, 24.33, 24.33, 24.33, 24.33, 24.33, 24.22, 24.21, 24.2, 24.16, 24.24, 24.3, 24.35, 24.43, 24.37, 24.33, 24.3, 24.28, 24.29, 24.3], [24.26, 24.32, 24.32, 24.32, 24.32, 24.31, 24.15, 24.18, 24.16, 24.12, 24.11, 24.27, 24.46, 24.45, 24.37, 24.32, 24.26, 24.24, 24.24, 24.25], [24.26, 24.26, 24.26, 24.26, 24.26, 24.17, 24.16, 24.16, 24.18, 24.1, 23.99, 24.32, 24.32, 24.45, 24.31, 24.34, 24.28, 24.25, 24.29, 24.32], [24.24, 24.24, 24.26, 24.26, 24.26, 24.26, 24.25, 24.16, 24.1, 24.14, 24.13, 24.22, 24.26, 24.2, 24.32, 24.36, 24.32, 24.3, 24.31, 24.33], [24.3, 24.3, 24.3, 24.25, 24.26, 24.28, 24.27, 24.25, 24.03, 24.05, 24.26, 24.16, 24.2, 24.18, 24.32, 24.37, 24.34, 24.33, 24.33, 24.34], [24.3, 24.3, 24.3, 24.3, 24.3, 24.3, 24.3, 24.3, 24.26, 24.1, 23.9, 24.13, 24.16, 24.16, 24.32, 24.38, 24.36, 24.35, 24.35, 24.35], [24.3, 24.3, 24.3, 24.3, 24.3, 24.3, 24.3, 24.3, 24.3, -999.0, 23.9, 24.5, 24.5, 24.14, 24.31, 24.39, 24.38, 23.86, 23.87, 23.87], [24.3, 24.3, 24.3, 24.3, 24.3, 24.3, 24.3, 24.3, 24.3, 24.3, -999.0, 24.5, 24.5, 23.91, 24.17, 23.98, 23.99, 23.91, 23.92, 23.93], [24.3, 24.3, 24.3, 24.3, 24.3, 24.3, 24.3, 24.3, 24.3, 24.3, -999.0, 23.6, 23.6, 23.6, 24.09, 23.93, 23.94, 23.87, 23.88, 23.89], [24.3, 24.3, 24.3, 24.3, 24.3, 24.3, 24.3, 24.2, 24.2, 24.2, 24.2, 23.97, 23.6, 23.6, 23.6, 23.87, 23.89, 23.82, 23.84, 23.86], [24.3, 24.3, 24.24, 24.24, 24.23, 24.2, 24.2, 24.2, 24.2, 24.2, 23.82, 23.87, 23.81, 23.76, 23.81, 23.82, 23.85, 23.79, 23.92, 23.94], [24.24, 24.24, 24.26, 24.26, 24.2, 24.2, 24.2, 24.2, 24.2, 24.2, 23.94, 23.87, 23.79, 23.72, 23.74, 23.78, 23.84, 23.89, 23.93, 23.95], [24.26, 24.26, 24.26, 24.26, 24.2, 24.2, 24.2, 24.2, 24.2, 24.05, 23.97, 23.88, 23.78, 23.74, 23.62, 23.76, 23.85, 23.9, 23.94, 23.97], [24.26, 24.26, 24.26, 24.2, 24.2, 24.2, 24.2, 24.2, 24.15, 24.08, 24.01, 23.93, 23.87, 23.79, 23.74, 23.81, 23.88, 23.94, 23.97, 23.99], [24.26, 24.26, 24.14, 24.15, 24.15, 24.15, 24.16, 24.18, 24.13, 24.08, 24.02, 23.95, 23.91, 23.87, 23.86, 23.9, 23.95, 23.98, 24.0, 24.01], [24.14, 24.14, 24.14, 24.16, 24.16, 24.16, 24.17, 24.17, 24.08, 24.06, 24.02, 23.97, 23.95, 23.93, 23.95, 23.98, 24.01, 24.03, 24.04, 24.04], [24.15, 24.15, 24.15, 24.16, 24.16, 24.16, 24.16, 24.17, 24.06, 24.04, 24.02, 23.99, 23.95, 23.99, 24.02, 24.05, 24.08, 24.09, 24.08, 24.07], [24.15, 24.15, 24.15, 24.16, 24.16, 24.16, 24.16, 24.16, 24.15, 24.15, 24.15, 24.16, 24.16, 24.03, 24.06, 24.1, 24.14, 24.13, 24.12, 24.1], [24.16, 24.16, 24.16, 24.16, 24.16, 24.16, 24.15, 24.15, 24.14, 24.14, 24.14, 24.15, 24.16, 24.17, 24.18, 24.13, 24.18, 24.17, 24.14, 24.11], [24.16, 24.16, 24.16, 24.16, 24.16, 24.16, 24.15, 24.14, 24.13, 24.12, 24.13, 24.15, 24.16, 24.17, 24.18, 24.19, 24.17, 24.17, 24.14, 24.12], [24.16, 24.16, 24.16, 24.16, 24.16, 24.16, 24.15, 24.14, 24.13, 24.12, 24.14, 24.15, 24.16, 24.17, 24.18, 24.2, 24.2, 24.2, 24.13, 24.12], [24.16, 24.16, 24.16, 24.16, 24.16, 24.16, 24.15, 24.15, 24.15, 24.14, 24.15, 24.16, 24.16, 24.2, 24.2, 24.2, 24.2, 24.2, 24.2, 24.2], [24.16, 24.16, 24.16, 24.16, 24.16, 24.16, 24.16, 24.16, 24.16, 24.17, 24.17, 24.17, 24.17, 24.17, 24.2, 24.2, 24.2, 24.2, 24.2, 24.2], [24.16, 24.16, 24.16, 24.16, 24.16, 24.16, 24.16, 24.16, 24.17, 24.18, 24.19, 24.18, 24.17, 24.17, 24.2, 24.2, 24.2, 24.2, 24.2, 24.2], [24.16, 24.16, 24.16, 24.16, 24.16, 24.16, 24.16, 24.17, 24.17, 24.18, 24.19, 24.18, 24.18, 24.17, 24.2, 24.2, 24.2, 24.2, 24.2, 24.2], [24.16, 24.16, 24.16, 24.16, 24.16, 24.16, 24.17, 24.17, 24.17, 24.18, 24.18, 24.18, 24.18, 24.17, 24.2, 24.2, 24.2, 24.2, 24.2, 24.2], [24.16, 24.16, 24.16, 24.16, 24.17, 24.17, 24.17, 24.17, 24.17, 24.17, 24.18, 24.18, 24.17, 24.17, 24.2, 24.2, 24.2, 24.2, 24.2, 24.2]]}]