gis_exercise/awsData/contour/wdir_2023091210.json
[{"header": {"refTime": "2023-09-12T10:00:00.000Z", "nx": 21, "ny": 33, "lo1": 113.509, "la1": 22.2235, "lo2": 113.5947, "la2": 22.1034, "dx": 0.0042850000000001385, "dy": 0.003753125000000024, "parameterCategory": 2, "parameterCategoryName": "Temperature", "parameterNumber": 2}, "data": [-2.05, -2.05, -2.05, -1.95, -1.95, -2.42, -2.38, -2.34, -2.33, -2.07, -2.14, -2.2, -2.52, -2.55, -2.76, -2.78, -2.91, -2.9, -2.9, -2.89, -2.05, -2.05, -2.05, -2.06, -1.96, -1.94, -2.34, -2.25, -2.2, -2.04, -2.14, -2.24, -2.57, -2.6, -2.8, -2.92, -2.91, -2.9, -2.9, -2.9, -2.05, -2.05, -2.06, -2.06, -1.97, -1.95, -1.93, -2.18, -1.93, -2.01, -2.17, -2.32, -2.65, -2.67, -2.94, -2.92, -2.91, -2.91, -2.9, -2.9, -2.05, -2.05, -2.06, -2.07, -2.07, -1.98, -1.96, -1.93, -1.89, -2.04, -2.22, -2.45, -2.8, -2.63, -2.95, -2.92, -2.91, -2.91, -2.91, -2.9, -2.04, -2.05, -2.06, -2.07, -2.09, -2.01, -2.0, -1.98, -1.95, -2.05, -2.23, -2.67, -3.01, -2.71, -2.94, -2.92, -2.91, -2.91, -2.91, -2.9, -2.04, -2.04, -2.05, -2.07, -2.09, -2.13, -2.07, -2.08, -2.03, -1.9, -2.2, -2.49, -2.77, -2.99, -2.91, -2.91, -2.92, -2.93, -2.92, -2.91, -2.68, -2.03, -2.04, -2.05, -2.08, -2.15, -2.07, -2.23, -2.2, -1.95, -1.77, -2.18, -2.82, -2.88, -2.85, -2.89, -2.94, -2.95, -3.06, -3.09, -2.67, -2.65, -2.61, -2.51, -2.51, -1.95, -2.07, -2.32, -2.59, -1.89, -1.43, -2.17, -2.33, -2.83, -2.82, -2.87, -2.92, -2.94, -2.91, -2.89, -2.67, -2.64, -2.59, -2.53, -2.4, -2.43, -2.56, -2.14, -2.55, -2.0, -2.0, -2.36, -2.7, -2.54, -2.84, -2.87, -2.89, -2.91, -2.9, -2.89, -2.96, -2.91, -2.84, -2.48, -2.32, -2.18, -2.43, -2.71, -2.69, -2.52, -2.22, -2.5, -2.79, -2.59, -2.86, -2.87, -2.88, -2.89, -2.88, -2.88, -2.98, -2.94, -2.86, -2.73, -2.44, -1.61, -2.64, -3.16, -3.04, -2.81, -2.8, -2.43, -2.53, -2.51, -2.87, -2.87, -2.87, -2.87, -2.87, -2.87, -3.01, -2.98, -2.93, -2.85, -2.71, -2.64, -3.04, -3.46, -3.6, -3.78, -2.95, -3.14, -3.09, -2.44, -2.86, -2.86, -2.86, -3.04, -3.03, -3.03, -3.05, -3.04, -3.02, -3.02, -3.06, -3.26, -3.56, -3.58, -3.6, -3.49, -3.74, -3.19, -3.13, -2.85, -2.84, -3.04, -3.04, -3.03, -3.03, -3.03, -3.09, -3.1, -3.11, -3.16, -3.27, -3.53, -3.96, -3.64, -3.54, -3.48, -3.77, -3.36, -3.31, -3.27, -2.85, -3.03, -3.03, -3.02, -3.02, -3.02, -3.13, -3.15, -3.18, -3.23, -3.34, -3.49, -3.61, -3.09, -2.86, -2.67, -2.54, -2.12, -3.27, -3.22, -3.2, -3.01, -3.01, -3.01, -3.02, -3.02, -3.16, -3.18, -1.89, -1.96, -2.05, -2.71, -2.66, -2.5, -2.32, -2.22, -1.81, -1.96, -2.13, -2.16, -2.28, -2.9, -2.89, -2.87, -2.82, -2.81, -1.73, -1.74, -1.76, -1.76, -2.34, -2.24, -2.04, -1.78, -1.61, -1.63, -1.51, -1.81, -2.11, -2.39, -2.41, -2.76, -2.71, -2.66, -2.63, -2.61, -1.65, -1.64, -1.62, -1.57, -2.04, -1.81, -1.44, -0.93, -0.67, -0.84, -1.3, -1.67, -2.07, -2.36, -2.85, -2.78, -2.7, -2.65, -2.62, -2.6, -1.58, -1.54, -1.49, -1.98, -1.8, -1.49, -1.0, -0.19, 0.53, -0.41, -0.84, -1.36, -1.77, -2.2, -2.79, -2.74, -2.67, -2.62, -2.59, -2.58, -1.51, -1.46, -1.73, -1.61, -1.44, -1.18, -0.79, -0.23, 0.19, -0.35, -0.9, -1.35, -1.66, -1.97, -2.69, -2.66, -2.62, -2.58, -2.56, -2.55, -1.83, -1.77, -1.7, -1.59, -1.45, -1.26, -1.0, -0.74, -0.51, -0.76, -1.1, -1.41, -1.59, -2.63, -2.61, -2.59, -2.56, -2.54, -2.53, -2.53, -1.81, -1.76, -1.7, -1.62, -1.52, -1.4, -1.28, -0.71, -1.05, -1.19, -1.37, -1.53, -2.72, -2.58, -2.55, -2.53, -2.5, -2.49, -2.49, -2.5, -1.81, -1.77, -1.72, -0.95, -0.96, -0.98, -1.03, -1.12, -1.23, -1.31, -1.31, -1.58, -2.53, -2.54, -2.51, -2.48, -2.46, -2.45, -2.46, -2.48, -1.01, -1.01, -1.03, -1.06, -1.1, -1.17, -1.28, -1.45, -1.67, -1.79, -1.66, -2.31, -2.53, -2.49, -2.46, -2.46, -2.45, -2.41, -2.43, -2.46, -1.05, -1.07, -1.1, -1.14, -1.2, -1.3, -1.45, -1.68, -2.05, -2.36, -1.94, -2.3, -2.25, -2.5, -2.46, -2.43, -2.4, -2.38, -2.42, -2.45, -1.09, -1.12, -1.16, -1.21, -1.28, -1.38, -1.52, -1.74, -2.07, -2.32, -2.35, -2.22, -2.18, -2.5, -2.47, -2.21, -2.26, -2.26, -2.43, -2.45, -1.13, -1.16, -1.2, -1.25, -1.32, -1.4, -1.52, -1.66, -1.8, -1.85, -2.13, -2.08, -2.09, -1.98, -2.08, -2.15, -2.19, -2.21, -2.21, -2.2, -1.15, -1.18, -1.22, -1.27, -1.33, -1.4, -1.48, -1.55, -1.59, -1.9, -1.82, -1.86, -1.94, -2.01, -2.02, -2.09, -2.14, -2.16, -2.17, -2.17, -1.17, -1.2, -1.24, -1.28, -1.33, -1.39, -1.44, -1.47, -1.47, -1.64, -1.43, -1.7, -1.86, -1.95, -1.96, -2.04, -2.09, -2.12, -2.13, -2.14, -1.18, -1.21, -1.25, -1.28, -1.32, -1.36, -1.4, -1.42, -1.79, -1.62, -1.52, -1.68, -1.82, -1.92, -1.92, -1.99, -2.04, -2.08, -2.1, -2.11, -1.19, -1.22, -1.25, -1.28, -1.31, -1.34, -1.37, -1.38, -1.81, -1.73, -1.69, -1.75, -1.84, -1.91, -1.9, -1.96, -2.01, -2.04, -2.07, -2.08, -1.2, -1.22, -1.25, -1.28, -1.3, -1.33, -1.35, -1.9, -1.85, -1.81, -1.79, -1.82, -1.87, -1.92, -1.89, -1.95, -1.99, -2.02, -2.04, -2.06]}, {"header": {"refTime": "2023-09-12T10:00:00.000Z", "nx": 21, "ny": 33, "lo1": 113.509, "la1": 22.2235, "lo2": 113.5947, "la2": 22.1034, "dx": 0.0042850000000001385, "dy": 0.003753125000000024, "parameterCategory": 2, "parameterCategoryName": "Temperature", "parameterNumber": 3}, "data": [-0.32, -0.35, -0.38, -0.39, -0.43, -0.83, -0.86, -0.9, -0.92, -0.79, -0.74, -0.7, -0.86, -0.84, -0.67, -0.62, -0.32, -0.3, -0.28, -0.26, -0.31, -0.33, -0.36, -0.41, -0.42, -0.49, -0.88, -0.95, -0.99, -0.85, -0.76, -0.71, -0.86, -0.84, -0.66, -0.36, -0.31, -0.28, -0.26, -0.24, -0.28, -0.31, -0.34, -0.38, -0.4, -0.47, -0.58, -0.98, -1.15, -0.9, -0.75, -0.7, -0.85, -0.83, -0.42, -0.35, -0.29, -0.25, -0.23, -0.22, -0.26, -0.27, -0.3, -0.33, -0.39, -0.42, -0.5, -0.65, -0.79, -0.8, -0.69, -0.69, -0.85, -0.48, -0.43, -0.33, -0.26, -0.21, -0.19, -0.19, -0.23, -0.24, -0.25, -0.28, -0.32, -0.34, -0.37, -0.42, -0.42, -0.61, -0.58, -0.51, -0.75, -0.54, -0.42, -0.29, -0.19, -0.14, -0.13, -0.15, -0.19, -0.19, -0.2, -0.21, -0.24, -0.26, -0.24, -0.22, -0.18, -0.1, -0.17, -0.38, -0.58, -0.58, -0.38, -0.23, -0.09, -0.04, -0.06, -0.1, -0.0, -0.15, -0.14, -0.14, -0.15, -0.16, 0.26, -0.09, -0.03, 0.22, 0.25, -0.16, -0.43, -0.44, -0.31, -0.16, 0.04, 0.12, 0.03, -0.04, -0.0, 0.01, 0.03, 0.04, 0.04, 0.31, 0.26, 0.17, 0.05, 0.25, 0.43, -0.0, -0.08, -0.33, -0.02, 0.06, 0.15, 0.18, 0.13, 0.1, -0.0, 0.01, 0.03, 0.06, 0.08, 0.07, 0.02, 0.24, 0.03, 0.19, 0.18, 0.02, -0.04, -0.01, -0.03, 0.03, 0.09, 0.11, 0.1, 0.09, -0.19, -0.17, -0.13, 0.08, 0.14, 0.17, 0.06, -0.06, -0.06, 0.01, 0.11, 0.03, -0.02, 0.0, -0.03, 0.01, 0.05, 0.07, 0.07, 0.07, -0.2, -0.18, -0.14, -0.08, 0.05, 0.43, -0.05, -0.3, -0.24, -0.15, -0.07, 0.05, 0.02, 0.02, -0.03, -0.0, 0.02, 0.04, 0.05, 0.05, -0.21, -0.19, -0.17, -0.13, -0.07, -0.04, -0.23, -0.45, -0.54, -0.54, -0.15, -0.3, -0.26, 0.04, -0.03, -0.01, 0.01, -0.09, -0.09, -0.09, -0.23, -0.22, -0.21, -0.21, -0.22, -0.31, -0.44, -0.49, -0.52, -0.46, -0.49, -0.33, -0.3, -0.29, -0.31, -0.17, -0.16, -0.15, -0.14, -0.13, -0.25, -0.25, -0.25, -0.27, -0.31, -0.42, -0.59, -0.49, -0.47, -0.44, -0.51, -0.47, -0.46, -0.46, -0.36, -0.23, -0.22, -0.2, -0.18, -0.17, -0.26, -0.27, -0.28, -0.3, -0.35, -0.41, -0.46, -0.64, -0.63, -0.63, -0.62, -0.63, -0.5, -0.51, -0.51, -0.31, -0.28, -0.25, -0.23, -0.21, -0.28, -0.28, -0.25, -0.28, -0.31, -0.62, -0.62, -0.62, -0.62, -0.61, -0.62, -0.63, -0.63, -0.52, -0.53, -0.23, -0.16, -0.09, 0.05, 0.1, -0.25, -0.26, -0.27, -0.29, -0.61, -0.61, -0.61, -0.6, -0.59, -0.6, -0.61, -0.62, -0.63, -0.65, -0.46, -0.44, -0.36, -0.3, -0.25, -0.23, -0.26, -0.27, -0.29, -0.31, -0.61, -0.6, -0.59, -0.57, -0.57, -0.58, -0.59, -0.62, -0.63, -0.46, -0.64, -0.47, -0.35, -0.28, -0.23, -0.21, -0.27, -0.28, -0.3, -0.6, -0.6, -0.59, -0.58, -0.55, -0.53, -0.56, -0.56, -0.58, -0.31, -0.38, -0.48, -0.39, -0.29, -0.23, -0.19, -0.18, -0.28, -0.29, -0.55, -0.55, -0.55, -0.54, -0.54, -0.53, -0.53, -0.54, -0.55, -0.57, -0.23, -0.24, -0.32, -0.27, -0.2, -0.16, -0.14, -0.14, -0.55, -0.55, -0.55, -0.55, -0.54, -0.54, -0.54, -0.53, -0.53, -0.54, -0.55, -0.56, -0.14, -0.22, -0.19, -0.14, -0.09, -0.08, -0.09, -0.11, -0.55, -0.55, -0.55, -0.54, -0.54, -0.54, -0.53, -0.36, -0.53, -0.54, -0.54, -0.55, -0.05, -0.14, -0.08, -0.01, 0.04, 0.02, -0.04, -0.08, -0.55, -0.55, -0.54, -0.3, -0.31, -0.32, -0.33, -0.34, -0.35, -0.35, -0.33, -0.08, -0.1, -0.08, -0.01, 0.1, 0.23, 0.11, -0.02, -0.08, -0.27, -0.28, -0.28, -0.29, -0.29, -0.3, -0.31, -0.33, -0.35, -0.36, -0.33, 0.1, -0.12, -0.05, 0.04, 0.13, 0.61, -0.0, -0.09, -0.1, -0.26, -0.26, -0.27, -0.27, -0.27, -0.28, -0.29, -0.32, -0.37, -0.42, -0.34, 0.06, 0.21, -0.07, -0.01, 0.02, -0.14, -0.39, -0.17, -0.13, -0.25, -0.25, -0.25, -0.25, -0.25, -0.26, -0.27, -0.29, -0.34, -0.39, -0.1, 0.07, 0.2, -0.1, -0.06, 0.05, -0.05, -0.12, -0.17, -0.14, -0.24, -0.24, -0.24, -0.24, -0.23, -0.23, -0.23, -0.23, -0.24, -0.22, 0.03, 0.12, 0.21, 0.14, 0.1, 0.06, 0.01, -0.02, -0.02, 0.01, -0.23, -0.23, -0.22, -0.22, -0.21, -0.2, -0.19, -0.17, -0.13, 0.11, 0.15, -0.13, -0.22, -0.31, 0.11, 0.08, 0.04, 0.02, 0.02, 0.03, -0.22, -0.22, -0.21, -0.2, -0.19, -0.17, -0.15, -0.11, -0.04, 0.2, 0.18, -0.02, -0.16, -0.26, 0.12, 0.1, 0.07, 0.06, 0.05, 0.05, -0.21, -0.21, -0.2, -0.19, -0.17, -0.15, -0.13, -0.08, -0.07, 0.05, 0.11, -0.01, -0.14, -0.23, 0.13, 0.11, 0.09, 0.08, 0.07, 0.07, -0.21, -0.2, -0.19, -0.18, -0.16, -0.14, -0.11, -0.08, -0.09, -0.04, -0.02, -0.07, -0.15, -0.23, 0.14, 0.12, 0.1, 0.09, 0.09, 0.08, -0.2, -0.19, -0.18, -0.17, -0.16, -0.14, -0.11, -0.16, -0.13, -0.1, -0.1, -0.13, -0.18, -0.23, 0.14, 0.13, 0.11, 0.1, 0.1, 0.09]}, {"header": {"refTime": "2023-09-12T10:00:00.000Z", "nx": 21, "ny": 33, "lo1": 113.509, "la1": 22.2235, "lo2": 113.5947, "la2": 22.1034, "dx": 0.0042850000000001385, "dy": 0.003753125000000024, "parameterCategory": 0, "parameterCategoryName": "Temperature", "parameterNumber": 0}, "data": [[27.96, 27.95, 27.95, 28.05, 28.04, 27.99, 27.99, 27.99, 27.99, 28.21, 28.25, 28.3, 28.38, 28.41, 28.12, 28.11, 28.36, 28.34, 28.33, 28.32], [27.96, 27.95, 27.95, 27.94, 28.04, 28.03, 27.97, 27.97, 27.97, 28.16, 28.24, 28.31, 28.4, 28.42, 28.13, 28.37, 28.35, 28.32, 28.31, 28.3], [27.96, 27.96, 27.95, 27.94, 28.04, 28.03, 28.01, 27.95, 27.92, 28.13, 28.26, 28.34, 28.42, 28.45, 28.41, 28.36, 28.33, 28.3, 28.28, 28.28], [27.97, 27.96, 27.96, 27.95, 27.94, 28.03, 28.02, 28.0, 27.98, 28.19, 28.31, 28.38, 28.46, 28.63, 28.41, 28.35, 28.3, 28.26, 28.25, 28.25], [27.98, 27.97, 27.97, 27.96, 27.94, 28.03, 28.02, 28.02, 28.04, 28.31, 28.38, 28.62, 28.55, 28.62, 28.41, 28.32, 28.24, 28.2, 28.2, 28.21], [27.98, 27.98, 27.98, 27.97, 27.95, 27.93, 28.02, 28.02, 28.06, 28.15, 28.69, 28.65, 28.61, 28.63, 28.4, 28.28, 28.16, 28.1, 28.13, 28.18], [28.03, 27.99, 27.99, 27.99, 27.97, 27.94, 28.1, 27.98, 28.01, 28.4, 28.56, 28.73, 28.73, 28.7, 28.4, 28.24, 28.03, 27.95, 27.93, 27.97], [28.04, 28.05, 28.05, 28.04, 28.03, 28.15, 28.1, 27.97, 27.88, 28.4, 28.64, 28.84, 28.84, 28.7, 28.21, 28.33, 28.09, 28.0, 28.14, 28.23], [27.96, 27.97, 28.07, 28.08, 28.08, 28.06, 27.99, 28.06, 28.02, 28.38, 28.78, 28.81, 28.82, 28.8, 28.24, 28.37, 28.23, 28.17, 28.21, 28.26], [28.3, 28.3, 28.3, 28.02, 28.06, 28.16, 28.09, 27.99, 28.27, 28.21, 28.82, 28.79, 28.8, 28.79, 28.24, 28.42, 28.33, 28.28, 28.28, 28.3], [28.3, 28.3, 28.3, 28.3, 28.3, 28.3, 28.3, 28.3, 28.09, 28.04, 28.7, 28.78, 28.79, 28.79, 28.23, 28.46, 28.39, 28.35, 28.34, 28.35], [28.3, 28.3, 28.3, 28.3, 28.3, 28.3, 28.3, 28.3, 28.3, -999.0, 28.7, 28.9, 28.9, 28.78, 28.22, 28.49, 28.45, 28.03, 28.02, 28.02], [28.3, 28.3, 28.3, 28.3, 28.3, 28.3, 28.3, 28.3, 28.3, 28.3, -999.0, 28.9, 28.9, 28.44, 28.64, 27.95, 27.94, 27.99, 27.98, 27.98], [28.3, 28.3, 28.3, 28.3, 28.3, 28.3, 28.3, 28.3, 28.3, 28.3, -999.0, 28.2, 28.2, 28.2, 28.58, 27.98, 27.97, 28.02, 28.01, 28.0], [28.3, 28.3, 28.3, 28.3, 28.3, 28.3, 28.3, 28.5, 28.5, 28.5, 28.5, 28.38, 28.2, 28.2, 28.2, 28.02, 28.0, 28.05, 28.04, 28.02], [28.3, 28.3, 28.43, 28.43, 28.43, 28.5, 28.5, 28.5, 28.5, 28.5, 28.31, 28.33, 28.3, 28.28, 28.31, 27.94, 27.9, 27.97, 27.91, 27.88], [28.43, 28.43, 28.37, 28.37, 28.5, 28.5, 28.5, 28.5, 28.5, 28.5, 28.37, 28.33, 28.29, 28.26, 28.16, 28.23, 28.24, 28.25, 28.26, 28.27], [28.37, 28.37, 28.38, 28.38, 28.5, 28.5, 28.5, 28.5, 28.5, 28.42, 28.38, 28.34, 28.29, 28.16, 28.19, 28.23, 28.24, 28.25, 28.27, 28.27], [28.38, 28.38, 28.38, 28.5, 28.5, 28.5, 28.5, 28.5, 28.47, 28.44, 28.65, 28.63, 28.16, 28.14, 28.22, 28.23, 28.24, 28.26, 28.27, 28.28], [28.38, 28.38, 29.24, 29.21, 29.16, 29.09, 28.98, 28.71, 28.62, 28.67, 28.71, 28.69, 28.13, 28.11, 28.24, 28.24, 28.25, 28.26, 28.27, 28.28], [29.29, 29.27, 29.25, 29.04, 29.01, 28.97, 28.92, 28.87, 28.76, 28.78, 28.79, 28.77, 28.1, 28.25, 28.24, 28.24, 28.24, 28.26, 28.28, 28.29], [29.11, 29.1, 29.09, 29.08, 29.07, 29.06, 29.05, 28.99, 28.91, 28.92, 28.91, 28.88, 28.5, 28.25, 28.24, 28.22, 28.21, 28.24, 28.28, 28.31], [29.13, 29.13, 29.13, 29.02, 29.03, 29.05, 29.07, 29.11, 29.16, 29.18, 29.17, 28.81, 28.86, 28.26, 28.24, 28.19, 28.13, 28.22, 28.31, 28.33], [29.02, 29.03, 29.04, 29.05, 29.07, 29.1, 29.15, 29.22, 29.32, 29.36, 29.3, 28.96, 28.89, 28.72, 28.56, 28.21, 27.88, 28.36, 28.39, 28.37], [29.03, 29.04, 29.05, 29.07, 29.09, 29.13, 29.19, 29.3, 29.46, 29.61, 29.4, 29.02, 28.79, 28.76, 28.61, 28.5, 28.47, 28.69, 28.47, 28.4], [29.04, 29.05, 29.06, 29.08, 29.1, 29.14, 29.2, 29.29, 29.45, 29.57, 29.25, 29.01, 28.81, 28.8, 28.67, 28.44, 28.5, 28.55, 28.46, 28.41], [29.04, 29.05, 29.06, 29.08, 29.1, 29.13, 29.17, 29.22, 29.28, 29.28, 29.07, 28.93, 28.8, 28.48, 28.46, 28.46, 28.48, 28.5, 28.49, 28.48], [29.04, 29.05, 29.06, 29.08, 29.09, 29.11, 29.13, 29.14, 29.12, 28.96, 28.89, 29.1, 29.14, 29.17, 28.48, 28.48, 28.48, 28.48, 28.48, 28.47], [29.04, 29.05, 29.06, 29.07, 29.08, 29.08, 29.09, 29.07, 29.02, 28.82, 28.81, 28.99, 29.08, 29.14, 28.5, 28.49, 28.48, 28.48, 28.48, 28.47], [29.04, 29.05, 29.05, 29.06, 29.06, 29.06, 29.05, 29.03, 29.06, 28.94, 28.87, 28.97, 29.06, 29.12, 28.51, 28.5, 28.49, 28.48, 28.48, 28.48], [29.04, 29.04, 29.05, 29.05, 29.05, 29.05, 29.04, 29.01, 29.07, 29.01, 28.98, 29.02, 29.07, 29.11, 28.52, 28.5, 28.49, 28.49, 28.48, 28.48], [29.04, 29.04, 29.04, 29.04, 29.04, 29.04, 29.03, 29.12, 29.09, 29.06, 29.05, 29.06, 29.09, 29.12, 28.52, 28.51, 28.5, 28.49, 28.48, 28.48]]}]