gis_exercise/awsData/contour/wdir_2023091215.json
[{"header": {"refTime": "2023-09-12T15:00:00.000Z", "nx": 21, "ny": 33, "lo1": 113.509, "la1": 22.2235, "lo2": 113.5947, "la2": 22.1034, "dx": 0.0042850000000001385, "dy": 0.003753125000000024, "parameterCategory": 2, "parameterCategoryName": "Temperature", "parameterNumber": 2}, "data": [-2.08, -2.07, -2.05, -1.9, -1.88, -2.32, -2.25, -2.18, -2.17, -1.89, -2.0, -2.1, -2.69, -2.76, -3.17, -3.26, -3.88, -3.91, -3.94, -3.95, -2.08, -2.08, -2.06, -2.04, -1.89, -1.85, -2.2, -2.05, -1.97, -1.82, -2.0, -2.15, -2.75, -2.82, -3.23, -3.85, -3.9, -3.94, -3.96, -3.98, -2.09, -2.09, -2.08, -2.06, -1.91, -1.87, -1.79, -1.95, -1.55, -1.76, -2.03, -2.25, -2.86, -2.92, -3.78, -3.86, -3.93, -3.98, -4.0, -4.01, -2.1, -2.1, -2.1, -2.09, -2.07, -1.92, -1.86, -1.75, -1.65, -1.84, -2.12, -2.43, -3.03, -3.0, -3.78, -3.88, -3.98, -4.03, -4.06, -4.06, -2.11, -2.11, -2.12, -2.12, -2.12, -2.0, -1.97, -1.93, -1.88, -1.95, -2.19, -3.0, -3.23, -3.06, -3.78, -3.93, -4.06, -4.13, -4.13, -4.11, -2.12, -2.13, -2.13, -2.15, -2.17, -2.21, -2.12, -2.14, -2.09, -1.96, -2.61, -2.89, -3.1, -3.57, -3.81, -4.01, -4.19, -4.27, -4.23, -4.17, -3.15, -2.13, -2.14, -2.16, -2.2, -2.27, -2.35, -2.39, -2.37, -2.37, -2.22, -2.73, -3.6, -3.63, -3.86, -4.09, -4.38, -4.49, -4.43, -4.35, -3.15, -3.11, -3.07, -3.24, -3.22, -2.23, -2.36, -2.63, -2.97, -2.27, -1.71, -3.06, -3.32, -3.71, -4.11, -4.27, -4.47, -4.55, -4.44, -4.37, -3.15, -3.11, -3.05, -2.97, -3.1, -3.12, -3.26, -2.43, -3.14, -2.44, -2.66, -3.23, -3.65, -3.45, -4.1, -4.22, -4.35, -4.4, -4.38, -4.34, -3.9, -3.83, -3.72, -2.92, -2.74, -2.79, -3.16, -3.56, -3.54, -3.3, -2.98, -3.35, -3.72, -3.49, -4.11, -4.18, -4.26, -4.3, -4.31, -4.3, -3.92, -3.85, -3.74, -3.55, -3.13, -1.91, -3.49, -4.36, -4.25, -3.87, -3.88, -3.27, -3.4, -3.38, -4.11, -4.16, -4.21, -4.25, -4.26, -4.26, -3.96, -3.91, -3.83, -3.7, -3.5, -3.41, -4.05, -4.91, -5.26, -5.33, -4.16, -4.51, -4.4, -3.29, -4.11, -4.15, -4.18, -4.13, -4.14, -4.14, -4.01, -3.98, -3.95, -3.93, -3.97, -4.2, -4.6, -4.94, -5.16, -4.89, -5.17, -4.61, -4.5, -3.68, -3.66, -4.01, -4.02, -4.04, -4.06, -4.07, -4.07, -4.06, -4.07, -4.11, -4.23, -4.51, -4.9, -4.8, -4.85, -4.78, -5.18, -4.54, -4.38, -4.26, -3.59, -3.9, -3.93, -3.96, -3.98, -4.0, -4.12, -4.13, -4.16, -4.22, -4.34, -4.51, -4.66, -4.66, -4.58, -4.48, -4.39, -3.7, -4.26, -4.12, -4.04, -3.78, -3.82, -3.87, -3.91, -3.94, -4.16, -4.18, -3.06, -3.14, -3.24, -4.36, -4.33, -4.25, -4.16, -4.11, -3.52, -3.49, -3.45, -3.07, -3.1, -3.48, -3.52, -3.55, -3.73, -3.77, -2.95, -2.98, -3.01, -3.04, -4.13, -4.05, -3.91, -3.73, -3.62, -3.66, -3.25, -3.31, -3.32, -3.29, -3.06, -3.27, -3.3, -3.33, -3.35, -3.36, -2.93, -2.94, -2.94, -2.94, -3.91, -3.75, -3.47, -3.11, -2.92, -2.66, -2.85, -3.17, -3.23, -3.04, -3.16, -3.26, -3.31, -3.34, -3.36, -3.37, -2.89, -2.89, -2.88, -3.88, -3.74, -3.52, -3.16, -2.56, -1.93, -2.42, -2.49, -2.69, -2.87, -3.01, -3.25, -3.29, -3.33, -3.36, -3.37, -3.38, -2.87, -2.85, -3.33, -3.26, -3.16, -3.0, -2.76, -2.42, -2.05, -2.29, -2.53, -2.71, -2.86, -2.98, -3.32, -3.34, -3.36, -3.38, -3.39, -3.39, -3.39, -3.35, -3.3, -3.24, -3.15, -3.02, -2.87, -2.71, -2.39, -2.5, -2.65, -2.76, -2.87, -3.36, -3.37, -3.39, -3.41, -3.41, -3.41, -3.41, -3.37, -3.34, -3.29, -3.24, -3.17, -3.09, -3.01, -2.46, -2.67, -2.73, -2.8, -2.85, -3.52, -3.39, -3.41, -3.43, -3.45, -3.45, -3.43, -3.42, -3.36, -3.33, -3.3, -2.53, -2.55, -2.57, -2.61, -2.66, -2.73, -2.77, -2.76, -3.11, -3.57, -3.41, -3.44, -3.47, -3.51, -3.48, -3.44, -3.43, -2.53, -2.54, -2.56, -2.58, -2.6, -2.65, -2.72, -2.83, -2.97, -3.04, -2.95, -3.32, -3.57, -3.55, -3.54, -3.49, -3.61, -3.46, -3.43, -3.43, -2.55, -2.56, -2.58, -2.61, -2.65, -2.7, -2.8, -2.95, -3.2, -3.41, -3.11, -3.29, -3.26, -3.55, -3.53, -3.51, -3.43, -3.37, -3.41, -3.42, -2.56, -2.58, -2.6, -2.63, -2.67, -2.72, -2.81, -2.95, -3.18, -3.36, -3.31, -3.2, -3.19, -3.55, -3.53, -3.27, -3.31, -3.31, -3.41, -3.42, -2.57, -2.59, -2.61, -2.63, -2.67, -2.71, -2.77, -2.85, -2.94, -2.95, -3.08, -3.05, -3.08, -3.0, -3.11, -3.19, -3.24, -3.26, -3.26, -3.25, -2.58, -2.59, -2.61, -2.63, -2.65, -2.68, -2.71, -2.73, -2.72, -2.84, -2.75, -2.76, -2.85, -2.92, -3.04, -3.12, -3.18, -3.2, -3.21, -3.21, -2.58, -2.59, -2.6, -2.62, -2.64, -2.65, -2.65, -2.64, -2.57, -2.56, -2.31, -2.59, -2.76, -2.86, -2.97, -3.06, -3.12, -3.15, -3.17, -3.18, -2.58, -2.59, -2.6, -2.61, -2.62, -2.62, -2.61, -2.58, -2.69, -2.51, -2.4, -2.57, -2.72, -2.82, -2.93, -3.01, -3.07, -3.11, -3.13, -3.14, -2.57, -2.58, -2.59, -2.6, -2.6, -2.6, -2.58, -2.55, -2.71, -2.62, -2.59, -2.65, -2.74, -2.82, -2.9, -2.97, -3.03, -3.07, -3.1, -3.11, -2.57, -2.58, -2.58, -2.59, -2.59, -2.58, -2.57, -2.8, -2.75, -2.7, -2.69, -2.72, -2.77, -2.83, -2.89, -2.95, -3.0, -3.04, -3.07, -3.09]}, {"header": {"refTime": "2023-09-12T15:00:00.000Z", "nx": 21, "ny": 33, "lo1": 113.509, "la1": 22.2235, "lo2": 113.5947, "la2": 22.1034, "dx": 0.0042850000000001385, "dy": 0.003753125000000024, "parameterCategory": 2, "parameterCategoryName": "Temperature", "parameterNumber": 3}, "data": [0.37, 0.37, 0.38, 0.61, 0.61, 0.88, 0.86, 0.85, 0.86, 1.0, 1.09, 1.18, 1.68, 1.74, 2.05, 2.13, 2.79, 2.82, 2.84, 2.86, 0.36, 0.37, 0.38, 0.39, 0.61, 0.6, 0.83, 0.78, 0.76, 0.93, 1.09, 1.22, 1.73, 1.79, 2.09, 2.75, 2.8, 2.84, 2.87, 2.89, 0.36, 0.36, 0.37, 0.38, 0.61, 0.6, 0.59, 0.73, 0.57, 0.87, 1.12, 1.3, 1.81, 1.86, 2.68, 2.76, 2.83, 2.88, 2.91, 2.92, 0.35, 0.35, 0.36, 0.37, 0.39, 0.6, 0.6, 0.58, 0.57, 0.96, 1.2, 1.44, 1.93, 2.02, 2.66, 2.78, 2.87, 2.93, 2.96, 2.96, 0.34, 0.34, 0.35, 0.36, 0.37, 0.61, 0.61, 0.6, 0.61, 1.09, 1.29, 2.0, 2.08, 2.04, 2.67, 2.83, 2.95, 3.02, 3.03, 3.01, 0.33, 0.33, 0.34, 0.34, 0.36, 0.37, 0.61, 0.61, 0.63, 0.67, 1.82, 1.97, 2.06, 2.4, 2.72, 2.91, 3.08, 3.16, 3.12, 3.06, 0.93, 0.32, 0.32, 0.32, 0.33, 0.35, 0.49, 0.6, 0.62, 1.13, 1.29, 1.96, 2.52, 2.5, 2.79, 2.99, 3.26, 3.36, 3.2, 3.1, 0.94, 0.91, 0.87, 0.73, 0.71, 0.42, 0.46, 0.51, 0.68, 1.07, 1.09, 2.26, 2.45, 2.58, 2.98, 3.13, 3.32, 3.39, 3.29, 3.22, 0.95, 0.92, 0.87, 0.81, 0.66, 0.67, 0.72, 0.48, 0.91, 1.15, 1.89, 2.29, 2.51, 2.41, 2.95, 3.08, 3.2, 3.25, 3.23, 3.19, 1.45, 1.4, 1.32, 0.8, 0.67, 0.52, 0.7, 0.89, 1.2, 1.17, 2.09, 2.32, 2.51, 2.41, 2.93, 3.03, 3.11, 3.16, 3.16, 3.15, 1.47, 1.42, 1.35, 1.22, 0.93, 0.11, 1.13, 1.63, 1.3, 1.4, 2.03, 2.27, 2.35, 2.34, 2.93, 3.0, 3.06, 3.1, 3.12, 3.12, 1.5, 1.47, 1.42, 1.34, 1.2, 1.14, 1.53, 1.92, 2.05, 2.45, 2.07, 2.58, 2.6, 2.29, 2.94, 2.99, 3.03, 2.43, 2.44, 2.43, 1.54, 1.53, 1.51, 1.51, 1.55, 1.76, 2.05, 2.05, 2.06, 1.95, 2.5, 2.55, 2.58, 2.03, 1.98, 2.19, 2.21, 2.25, 2.28, 2.3, 1.58, 1.59, 1.6, 1.65, 1.76, 2.03, 2.48, 2.13, 2.01, 1.95, 2.51, 1.86, 1.78, 1.7, 1.76, 1.96, 2.01, 2.06, 2.12, 2.16, 1.62, 1.63, 1.67, 1.72, 1.83, 1.99, 2.11, 2.64, 2.64, 2.65, 2.66, 1.85, 1.6, 1.49, 1.42, 1.7, 1.78, 1.88, 1.96, 2.03, 1.65, 1.67, 1.96, 2.01, 2.08, 2.7, 2.71, 2.71, 2.72, 2.72, 2.01, 1.81, 1.57, 1.45, 1.33, 1.21, 1.32, 1.42, 1.74, 1.84, 1.96, 1.99, 2.03, 2.09, 2.74, 2.75, 2.78, 2.8, 2.82, 2.81, 2.05, 1.78, 1.46, 1.12, 0.94, 0.86, 1.02, 1.15, 1.25, 1.31, 2.01, 2.05, 2.1, 2.16, 2.77, 2.8, 2.85, 2.92, 2.95, 2.51, 2.22, 1.79, 1.41, 0.96, 0.47, 0.81, 1.04, 1.19, 1.29, 1.35, 2.06, 2.09, 2.15, 2.78, 2.8, 2.84, 2.91, 3.02, 3.03, 2.64, 1.82, 1.45, 1.51, 1.15, 0.77, 0.95, 1.14, 1.28, 1.36, 1.41, 2.09, 2.13, 2.2, 2.23, 2.28, 2.36, 2.49, 2.69, 2.59, 2.18, 1.77, 1.45, 1.66, 1.44, 1.09, 1.18, 1.31, 1.4, 1.45, 1.48, 2.11, 2.12, 2.13, 2.15, 2.18, 2.23, 2.3, 2.38, 2.04, 1.85, 1.6, 1.39, 1.79, 1.28, 1.33, 1.41, 1.5, 1.55, 1.56, 1.56, 2.06, 2.06, 2.06, 2.06, 2.06, 2.06, 2.06, 1.78, 1.62, 1.51, 1.39, 1.28, 0.95, 1.43, 1.51, 1.6, 1.68, 1.69, 1.66, 1.63, 2.01, 2.0, 1.98, 1.56, 1.56, 1.55, 1.51, 1.45, 1.36, 1.29, 1.29, 1.64, 1.32, 1.54, 1.64, 1.76, 1.88, 1.83, 1.74, 1.68, 1.51, 1.5, 1.49, 1.48, 1.45, 1.39, 1.31, 1.18, 1.01, 0.92, 1.01, 0.94, 1.27, 1.47, 1.65, 1.83, 2.11, 1.86, 1.77, 1.71, 1.47, 1.45, 1.43, 1.4, 1.35, 1.28, 1.17, 0.99, 0.71, 0.49, 0.79, 0.89, 1.09, 1.44, 1.62, 1.76, 1.81, 1.73, 1.74, 1.71, 1.43, 1.41, 1.38, 1.34, 1.29, 1.21, 1.1, 0.93, 0.69, 0.5, 0.68, 0.89, 1.07, 1.41, 1.56, 1.81, 1.81, 1.8, 1.72, 1.7, 1.4, 1.38, 1.35, 1.3, 1.25, 1.18, 1.08, 0.97, 0.86, 0.82, 0.82, 0.95, 1.07, 1.64, 1.71, 1.76, 1.78, 1.79, 1.79, 1.79, 1.38, 1.35, 1.32, 1.28, 1.23, 1.17, 1.1, 1.03, 0.99, 0.91, 0.96, 0.9, 0.92, 0.97, 1.66, 1.71, 1.74, 1.76, 1.76, 1.77, 1.36, 1.33, 1.3, 1.26, 1.22, 1.17, 1.12, 1.08, 1.05, 1.01, 1.03, 0.96, 0.95, 0.97, 1.62, 1.67, 1.71, 1.73, 1.74, 1.75, 1.35, 1.32, 1.29, 1.26, 1.22, 1.18, 1.14, 1.11, 0.9, 0.97, 1.01, 0.98, 0.96, 0.98, 1.59, 1.64, 1.68, 1.7, 1.72, 1.73, 1.34, 1.31, 1.28, 1.26, 1.22, 1.19, 1.16, 1.13, 0.91, 0.95, 0.97, 0.97, 0.97, 0.98, 1.57, 1.62, 1.66, 1.68, 1.7, 1.71, 1.33, 1.31, 1.28, 1.26, 1.23, 1.2, 1.18, 0.89, 0.91, 0.94, 0.95, 0.96, 0.96, 0.98, 1.57, 1.61, 1.64, 1.66, 1.68, 1.69]}, {"header": {"refTime": "2023-09-12T15:00:00.000Z", "nx": 21, "ny": 33, "lo1": 113.509, "la1": 22.2235, "lo2": 113.5947, "la2": 22.1034, "dx": 0.0042850000000001385, "dy": 0.003753125000000024, "parameterCategory": 0, "parameterCategoryName": "Temperature", "parameterNumber": 0}, "data": [[29.69, 29.7, 29.7, 29.77, 29.78, 29.77, 29.79, 29.82, 29.83, 29.93, 29.92, 29.91, 30.09, 30.1, 29.52, 29.47, 29.62, 29.58, 29.56, 29.55], [29.69, 29.69, 29.7, 29.71, 29.77, 29.79, 29.8, 29.84, 29.87, 29.94, 29.92, 29.9, 30.08, 30.09, 29.51, 29.64, 29.59, 29.55, 29.53, 29.52], [29.68, 29.68, 29.69, 29.7, 29.76, 29.78, 29.82, 29.87, 29.97, 29.95, 29.91, 29.89, 30.06, 30.07, 29.69, 29.62, 29.56, 29.51, 29.48, 29.47], [29.67, 29.68, 29.68, 29.69, 29.7, 29.76, 29.79, 29.84, 29.88, 29.94, 29.9, 29.87, 30.02, 30.03, 29.69, 29.59, 29.5, 29.44, 29.42, 29.42], [29.67, 29.67, 29.67, 29.67, 29.67, 29.73, 29.74, 29.76, 29.78, 29.91, 29.89, 29.99, 29.89, 30.01, 29.69, 29.55, 29.41, 29.33, 29.33, 29.36], [29.66, 29.66, 29.66, 29.66, 29.65, 29.64, 29.68, 29.67, 29.69, 29.72, 30.08, 30.06, 29.99, 30.1, 29.69, 29.47, 29.25, 29.15, 29.21, 29.29], [29.52, 29.65, 29.65, 29.64, 29.63, 29.61, 29.55, 29.57, 29.58, 29.85, 29.99, 30.2, 30.31, 30.26, 29.7, 29.4, 29.02, 28.88, 28.82, 28.9], [29.53, 29.53, 29.53, 29.53, 29.52, 29.59, 29.55, 29.47, 29.45, 29.83, 29.95, 30.45, 30.46, 30.25, 29.38, 29.61, 29.15, 28.98, 29.25, 29.42], [29.47, 29.48, 29.55, 29.55, 29.56, 29.54, 29.49, 29.53, 29.49, 29.85, 30.21, 30.33, 30.38, 30.31, 29.44, 29.69, 29.43, 29.31, 29.38, 29.48], [29.7, 29.7, 29.7, 29.51, 29.54, 29.61, 29.56, 29.49, 29.64, 29.61, 30.39, 30.25, 30.3, 30.27, 29.44, 29.78, 29.61, 29.52, 29.52, 29.56], [29.7, 29.7, 29.7, 29.7, 29.7, 29.7, 29.7, 29.7, 29.56, 29.51, 29.9, 30.2, 30.24, 30.24, 29.42, 29.85, 29.73, 29.66, 29.64, 29.65], [29.7, 29.7, 29.7, 29.7, 29.7, 29.7, 29.7, 29.7, 29.7, -999.0, 29.9, 30.7, 30.7, 30.22, 29.39, 29.92, 29.85, 28.66, 28.66, 28.66], [29.7, 29.7, 29.7, 29.7, 29.7, 29.7, 29.7, 29.7, 29.7, 29.7, -999.0, 30.7, 30.7, 29.39, 29.97, 28.64, 28.64, 28.65, 28.65, 28.65], [29.7, 29.7, 29.7, 29.7, 29.7, 29.7, 29.7, 29.7, 29.7, 29.7, -999.0, 28.7, 28.7, 28.7, 29.8, 28.64, 28.64, 28.66, 28.65, 28.65], [29.7, 29.7, 29.7, 29.7, 29.7, 29.7, 29.7, 29.6, 29.6, 29.6, 29.6, 29.25, 28.7, 28.7, 28.7, 28.65, 28.65, 28.66, 28.66, 28.66], [29.7, 29.7, 29.64, 29.64, 29.63, 29.6, 29.6, 29.6, 29.6, 29.6, 29.03, 29.1, 29.01, 28.94, 29.02, 28.63, 28.62, 28.64, 28.62, 28.61], [29.64, 29.64, 29.66, 29.66, 29.6, 29.6, 29.6, 29.6, 29.6, 29.6, 29.21, 29.1, 28.98, 28.88, 28.78, 28.84, 28.89, 28.93, 28.96, 28.98], [29.66, 29.66, 29.66, 29.66, 29.6, 29.6, 29.6, 29.6, 29.6, 29.37, 29.25, 29.12, 28.98, 28.8, 28.71, 28.82, 28.89, 28.94, 28.97, 28.99], [29.66, 29.66, 29.66, 29.6, 29.6, 29.6, 29.6, 29.6, 29.52, 29.42, 29.27, 29.15, 28.91, 28.82, 28.81, 28.86, 28.92, 28.96, 28.99, 29.01], [29.66, 29.66, 29.37, 29.38, 29.4, 29.42, 29.45, 29.53, 29.47, 29.38, 29.27, 29.17, 28.92, 28.85, 28.89, 28.92, 28.96, 28.99, 29.01, 29.03], [29.36, 29.36, 29.37, 29.43, 29.44, 29.45, 29.47, 29.49, 29.37, 29.32, 29.25, 29.18, 28.92, 28.95, 28.95, 28.97, 28.99, 29.02, 29.04, 29.05], [29.41, 29.42, 29.42, 29.42, 29.42, 29.43, 29.43, 29.55, 29.3, 29.27, 29.23, 29.19, 28.8, 28.99, 29.0, 29.0, 29.01, 29.04, 29.07, 29.08], [29.41, 29.41, 29.41, 29.58, 29.57, 29.56, 29.54, 29.52, 29.5, 29.5, 29.51, 29.13, 29.17, 29.02, 29.03, 29.01, 28.98, 29.06, 29.12, 29.12], [29.6, 29.6, 29.59, 29.58, 29.57, 29.56, 29.53, 29.5, 29.45, 29.43, 29.47, 29.25, 29.18, 29.17, 29.15, 29.04, 28.8, 29.19, 29.2, 29.16], [29.61, 29.6, 29.6, 29.59, 29.58, 29.56, 29.53, 29.48, 29.39, 29.31, 29.43, 29.29, 29.24, 29.18, 29.18, 29.18, 29.28, 29.46, 29.26, 29.19], [29.61, 29.61, 29.6, 29.6, 29.59, 29.57, 29.55, 29.5, 29.42, 29.34, 29.34, 29.35, 29.31, 29.19, 29.2, 29.36, 29.39, 29.42, 29.24, 29.2], [29.62, 29.61, 29.61, 29.61, 29.6, 29.59, 29.58, 29.56, 29.54, 29.55, 29.47, 29.46, 29.39, 29.52, 29.46, 29.42, 29.41, 29.41, 29.41, 29.4], [29.62, 29.62, 29.62, 29.62, 29.62, 29.62, 29.63, 29.64, 29.67, 29.63, 29.67, 29.8, 29.78, 29.78, 29.51, 29.46, 29.44, 29.43, 29.42, 29.42], [29.63, 29.63, 29.63, 29.64, 29.64, 29.65, 29.67, 29.7, 29.76, 29.81, 30.02, 29.89, 29.83, 29.8, 29.55, 29.5, 29.47, 29.45, 29.44, 29.43], [29.64, 29.64, 29.64, 29.65, 29.66, 29.67, 29.69, 29.73, 29.83, 29.92, 29.98, 29.9, 29.84, 29.81, 29.58, 29.53, 29.5, 29.48, 29.46, 29.45], [29.64, 29.65, 29.65, 29.66, 29.67, 29.68, 29.71, 29.74, 29.83, 29.87, 29.89, 29.87, 29.84, 29.82, 29.6, 29.55, 29.52, 29.5, 29.48, 29.47], [29.65, 29.65, 29.66, 29.67, 29.68, 29.69, 29.71, 29.79, 29.82, 29.84, 29.85, 29.84, 29.83, 29.81, 29.61, 29.57, 29.54, 29.51, 29.49, 29.48]]}]