gis_exercise/awsData/contour/wdir_2023090902.json
[{"header": {"refTime": "2023-09-09T02:00:00.000Z", "nx": 21, "ny": 33, "lo1": 113.509, "la1": 22.2235, "lo2": 113.5947, "la2": 22.1034, "dx": 0.0042850000000001385, "dy": 0.003753125000000024, "parameterCategory": 2, "parameterCategoryName": "Temperature", "parameterNumber": 2}, "data": [-2.22, -2.2, -2.18, -1.89, -1.88, -2.14, -2.1, -2.07, -2.07, -2.09, -2.18, -2.27, -2.7, -2.76, -3.38, -3.5, -4.11, -4.16, -4.2, -4.23, -2.24, -2.22, -2.19, -2.16, -1.88, -1.86, -2.06, -1.98, -1.94, -2.02, -2.17, -2.31, -2.75, -2.81, -3.43, -4.05, -4.14, -4.2, -4.25, -4.27, -2.26, -2.24, -2.21, -2.18, -1.89, -1.87, -1.83, -1.92, -1.68, -1.96, -2.2, -2.39, -2.84, -2.88, -3.94, -4.07, -4.18, -4.27, -4.31, -4.33, -2.28, -2.26, -2.24, -2.21, -2.17, -1.89, -1.86, -1.8, -1.75, -2.05, -2.29, -2.53, -2.96, -3.05, -3.92, -4.11, -4.27, -4.37, -4.41, -4.41, -2.3, -2.29, -2.28, -2.25, -2.22, -1.93, -1.91, -1.89, -1.88, -2.18, -2.38, -3.04, -3.15, -3.08, -3.93, -4.19, -4.4, -4.52, -4.54, -4.5, -2.33, -2.33, -2.32, -2.31, -2.28, -2.24, -1.97, -1.98, -1.98, -1.98, -2.83, -2.99, -3.1, -3.78, -3.99, -4.32, -4.64, -4.77, -4.7, -4.59, -3.44, -2.37, -2.37, -2.37, -2.35, -2.32, -2.38, -2.06, -2.08, -2.38, -2.44, -2.94, -3.9, -3.99, -4.07, -4.46, -4.95, -5.14, -5.17, -5.08, -3.47, -3.44, -3.4, -3.42, -3.37, -2.48, -2.41, -2.31, -2.29, -2.33, -2.2, -3.53, -3.79, -4.22, -4.89, -5.06, -5.26, -5.34, -5.23, -5.16, -3.5, -3.48, -3.44, -3.39, -3.39, -3.36, -3.3, -2.37, -2.77, -2.41, -3.37, -3.97, -4.64, -4.32, -4.94, -5.04, -5.15, -5.19, -5.17, -5.13, -4.47, -4.41, -4.34, -3.44, -3.35, -3.35, -3.46, -3.57, -3.3, -3.17, -3.77, -4.28, -4.85, -4.44, -4.98, -5.02, -5.07, -5.11, -5.11, -5.1, -4.48, -4.43, -4.36, -4.22, -3.94, -3.1, -4.17, -4.74, -4.2, -3.71, -4.58, -4.16, -4.35, -4.29, -4.99, -5.0, -5.03, -5.06, -5.07, -5.06, -4.51, -4.47, -4.42, -4.34, -4.2, -4.13, -4.56, -5.09, -5.3, -5.6, -4.74, -5.07, -5.04, -4.16, -4.98, -4.99, -5.01, -4.78, -4.77, -4.75, -4.55, -4.53, -4.51, -4.5, -4.53, -4.7, -4.99, -5.15, -5.25, -5.09, -5.6, -5.09, -5.05, -4.14, -4.07, -4.6, -4.6, -4.61, -4.62, -4.63, -4.59, -4.58, -4.59, -4.63, -4.72, -4.93, -5.26, -5.11, -5.09, -5.04, -5.59, -4.78, -4.63, -4.5, -3.87, -4.35, -4.38, -4.42, -4.46, -4.5, -4.62, -4.63, -4.66, -4.7, -4.79, -4.92, -5.03, -4.73, -4.59, -4.46, -4.35, -3.36, -4.38, -4.21, -4.1, -4.06, -4.13, -4.22, -4.31, -4.37, -4.65, -4.67, -3.54, -3.6, -3.68, -4.42, -4.38, -4.27, -4.15, -4.07, -3.19, -3.13, -3.05, -3.0, -2.99, -3.41, -3.49, -3.58, -3.62, -3.7, -3.42, -3.43, -3.45, -3.46, -4.14, -4.05, -3.9, -3.69, -3.56, -3.59, -2.92, -2.94, -2.91, -2.83, -2.58, -2.61, -2.61, -2.61, -2.6, -2.6, -3.37, -3.36, -3.35, -3.32, -3.9, -3.72, -3.42, -3.02, -2.81, -2.49, -2.65, -2.8, -2.81, -2.56, -2.6, -2.61, -2.61, -2.61, -2.61, -2.6, -3.31, -3.29, -3.26, -3.86, -3.71, -3.47, -3.07, -2.42, -1.73, -2.23, -2.38, -2.55, -2.47, -2.57, -2.61, -2.62, -2.62, -2.62, -2.61, -2.6, -3.27, -3.23, -3.61, -3.52, -3.39, -3.18, -2.88, -2.44, -1.93, -2.21, -2.47, -2.62, -2.49, -2.59, -2.62, -2.63, -2.63, -2.62, -2.61, -2.6, -3.69, -3.65, -3.59, -3.51, -3.4, -3.25, -3.06, -2.85, -2.38, -2.51, -2.66, -2.75, -2.52, -2.63, -2.64, -2.65, -2.65, -2.64, -2.62, -2.6, -3.69, -3.65, -3.6, -3.54, -3.47, -3.38, -3.29, -2.71, -2.79, -2.86, -2.92, -2.93, -3.57, -2.63, -2.65, -2.68, -2.7, -2.66, -2.61, -2.59, -3.69, -3.66, -3.63, -2.83, -2.85, -2.88, -2.94, -3.02, -3.13, -3.19, -3.18, -3.41, -3.35, -2.63, -2.66, -2.73, -2.82, -2.7, -2.59, -2.56, -2.84, -2.86, -2.87, -2.9, -2.95, -3.02, -3.13, -3.29, -3.51, -3.61, -3.47, -3.79, -3.39, -3.18, -3.02, -2.72, -3.13, -2.54, -2.5, -2.52, -2.87, -2.89, -2.92, -2.96, -3.01, -3.1, -3.24, -3.47, -3.85, -4.16, -3.71, -3.78, -3.65, -3.19, -3.0, -2.82, -2.41, -2.15, -2.41, -2.48, -2.89, -2.91, -2.95, -2.99, -3.05, -3.14, -3.27, -3.48, -3.82, -4.1, -3.91, -3.68, -3.58, -3.21, -3.01, -2.49, -2.41, -2.35, -2.42, -2.47, -2.91, -2.93, -2.96, -3.0, -3.06, -3.13, -3.22, -3.35, -3.48, -3.49, -3.57, -3.48, -3.45, -2.49, -2.49, -2.47, -2.44, -2.42, -2.43, -2.45, -2.92, -2.94, -2.97, -3.0, -3.04, -3.09, -3.14, -3.18, -3.16, -3.26, -3.13, -2.9, -2.86, -2.78, -2.47, -2.47, -2.45, -2.44, -2.45, -2.45, -2.92, -2.94, -2.96, -2.99, -3.02, -3.04, -3.06, -3.04, -2.95, -2.88, -2.52, -2.73, -2.79, -2.76, -2.47, -2.47, -2.46, -2.46, -2.46, -2.46, -2.92, -2.94, -2.96, -2.98, -2.99, -3.0, -2.99, -2.96, -2.87, -2.69, -2.58, -2.69, -2.75, -2.74, -2.46, -2.46, -2.46, -2.46, -2.46, -2.47, -2.92, -2.93, -2.95, -2.96, -2.97, -2.97, -2.96, -2.92, -2.85, -2.76, -2.71, -2.73, -2.75, -2.74, -2.46, -2.46, -2.46, -2.47, -2.47, -2.47, -2.92, -2.93, -2.94, -2.95, -2.95, -2.95, -2.93, -2.91, -2.86, -2.81, -2.77, -2.76, -2.76, -2.75, -2.46, -2.46, -2.47, -2.47, -2.47, -2.47]}, {"header": {"refTime": "2023-09-09T02:00:00.000Z", "nx": 21, "ny": 33, "lo1": 113.509, "la1": 22.2235, "lo2": 113.5947, "la2": 22.1034, "dx": 0.0042850000000001385, "dy": 0.003753125000000024, "parameterCategory": 2, "parameterCategoryName": "Temperature", "parameterNumber": 3}, "data": [0.65, 0.64, 0.62, 0.64, 0.6, 0.61, 0.55, 0.49, 0.47, 0.41, 0.49, 0.57, 1.05, 1.11, 1.58, 1.71, 2.55, 2.61, 2.66, 2.7, 0.66, 0.65, 0.63, 0.6, 0.61, 0.55, 0.51, 0.4, 0.33, 0.33, 0.48, 0.59, 1.07, 1.14, 1.61, 2.47, 2.57, 2.66, 2.71, 2.74, 0.67, 0.66, 0.65, 0.62, 0.64, 0.58, 0.47, 0.32, 0.02, 0.28, 0.5, 0.65, 1.13, 1.19, 2.32, 2.48, 2.62, 2.72, 2.78, 2.81, 0.69, 0.68, 0.67, 0.66, 0.63, 0.63, 0.55, 0.41, 0.28, 0.38, 0.58, 0.75, 1.18, 1.42, 2.29, 2.53, 2.71, 2.83, 2.88, 2.89, 0.71, 0.7, 0.7, 0.7, 0.69, 0.72, 0.69, 0.64, 0.61, 0.54, 0.69, 1.36, 1.23, 1.4, 2.31, 2.62, 2.87, 3.0, 3.02, 2.98, 0.72, 0.72, 0.73, 0.73, 0.74, 0.76, 0.84, 0.86, 0.86, 0.84, 1.44, 1.45, 1.38, 2.03, 2.42, 2.79, 3.12, 3.26, 3.19, 3.09, 1.79, 0.74, 0.75, 0.77, 0.79, 0.84, 1.15, 1.07, 1.09, 1.45, 1.46, 1.66, 2.37, 2.37, 2.57, 2.95, 3.45, 3.63, 3.5, 3.36, 1.8, 1.76, 1.72, 1.62, 1.61, 1.06, 1.14, 1.28, 1.51, 1.38, 1.15, 2.4, 2.63, 2.67, 3.43, 3.59, 3.78, 3.84, 3.74, 3.68, 1.81, 1.77, 1.71, 1.65, 1.53, 1.54, 1.63, 1.18, 1.67, 1.49, 2.11, 2.63, 3.07, 2.86, 3.44, 3.55, 3.66, 3.71, 3.69, 3.65, 2.34, 2.28, 2.19, 1.62, 1.47, 1.34, 1.57, 1.83, 1.96, 1.85, 2.41, 2.79, 3.17, 2.92, 3.46, 3.52, 3.58, 3.62, 3.63, 3.62, 2.36, 2.3, 2.22, 2.06, 1.74, 0.78, 1.98, 2.57, 2.3, 2.19, 2.76, 2.7, 2.84, 2.81, 3.46, 3.5, 3.54, 3.57, 3.58, 3.58, 2.39, 2.35, 2.29, 2.2, 2.05, 1.97, 2.43, 2.93, 3.11, 3.52, 2.86, 3.31, 3.32, 2.71, 3.46, 3.49, 3.52, 3.16, 3.16, 3.15, 2.44, 2.42, 2.4, 2.39, 2.44, 2.66, 3.0, 3.05, 3.1, 2.96, 3.55, 3.31, 3.3, 2.68, 2.62, 2.97, 2.98, 3.0, 3.02, 3.04, 2.48, 2.48, 2.5, 2.55, 2.67, 2.96, 3.43, 3.1, 3.0, 2.93, 3.55, 2.87, 2.78, 2.69, 2.43, 2.76, 2.79, 2.84, 2.88, 2.92, 2.52, 2.54, 2.57, 2.64, 2.75, 2.93, 3.06, 3.23, 3.15, 3.08, 3.03, 2.2, 2.58, 2.46, 2.38, 2.51, 2.58, 2.66, 2.74, 2.8, 2.56, 2.58, 2.2, 2.27, 2.36, 3.11, 3.09, 3.04, 2.97, 2.93, 2.19, 2.08, 1.95, 1.89, 1.84, 2.33, 2.48, 2.63, 2.84, 2.95, 2.14, 2.17, 2.2, 2.24, 2.99, 2.95, 2.89, 2.8, 2.74, 2.74, 2.08, 1.98, 1.84, 1.67, 1.7, 1.82, 2.02, 2.17, 2.27, 2.35, 2.14, 2.16, 2.19, 2.21, 2.88, 2.81, 2.69, 2.52, 2.43, 2.11, 2.07, 1.92, 1.77, 1.69, 1.34, 1.76, 2.04, 2.22, 2.33, 2.4, 2.14, 2.16, 2.17, 2.86, 2.8, 2.7, 2.54, 2.27, 1.95, 2.04, 1.42, 1.33, 2.01, 1.85, 1.73, 1.93, 2.17, 2.32, 2.41, 2.46, 2.14, 2.15, 2.04, 2.02, 2.0, 1.96, 1.93, 1.9, 1.66, 1.51, 1.38, 1.3, 2.16, 2.13, 2.1, 2.22, 2.37, 2.47, 2.53, 2.55, 1.99, 1.97, 1.95, 1.93, 1.89, 1.86, 1.82, 1.79, 1.43, 1.36, 1.28, 1.23, 2.33, 2.33, 2.4, 2.51, 2.61, 2.66, 2.65, 2.63, 1.93, 1.9, 1.87, 1.84, 1.79, 1.74, 1.69, 1.16, 1.22, 1.18, 1.15, 1.14, 1.97, 2.52, 2.63, 2.77, 2.87, 2.85, 2.77, 2.71, 1.87, 1.84, 1.8, 1.05, 1.05, 1.04, 1.02, 0.99, 0.94, 0.9, 0.9, 1.86, 2.1, 2.65, 2.79, 2.99, 3.21, 3.05, 2.84, 2.75, 1.02, 1.02, 1.01, 1.0, 0.99, 0.96, 0.91, 0.84, 0.75, 0.71, 0.75, 1.45, 2.03, 2.35, 2.66, 3.07, 3.76, 2.94, 2.79, 2.74, 1.0, 0.99, 0.98, 0.96, 0.94, 0.9, 0.84, 0.75, 0.6, 0.48, 0.64, 1.33, 1.7, 2.29, 2.57, 2.79, 2.76, 2.43, 2.68, 2.71, 0.98, 0.97, 0.95, 0.93, 0.9, 0.86, 0.8, 0.72, 0.59, 0.49, 0.94, 1.27, 1.6, 2.22, 2.46, 2.67, 2.65, 2.59, 2.67, 2.69, 0.96, 0.95, 0.93, 0.91, 0.88, 0.85, 0.8, 0.74, 0.68, 0.66, 1.04, 1.25, 1.51, 2.26, 2.43, 2.54, 2.58, 2.59, 2.59, 2.6, 0.95, 0.94, 0.92, 0.9, 0.87, 0.84, 0.81, 0.77, 0.75, 1.01, 1.05, 0.8, 0.86, 0.93, 2.3, 2.42, 2.49, 2.53, 2.54, 2.55, 0.94, 0.93, 0.91, 0.89, 0.87, 0.84, 0.82, 0.8, 0.79, 0.99, 0.81, 0.82, 0.86, 0.92, 2.19, 2.32, 2.41, 2.46, 2.49, 2.5, 0.93, 0.92, 0.91, 0.89, 0.87, 0.85, 0.83, 0.81, 0.79, 0.8, 0.81, 0.83, 0.86, 0.91, 2.11, 2.25, 2.34, 2.39, 2.43, 2.46, 0.93, 0.92, 0.9, 0.89, 0.87, 0.86, 0.84, 0.83, 0.8, 0.81, 0.82, 0.84, 0.87, 0.91, 2.07, 2.19, 2.28, 2.34, 2.38, 2.41, 0.93, 0.92, 0.9, 0.89, 0.88, 0.86, 0.85, 0.81, 0.82, 0.82, 0.84, 0.85, 0.88, 0.91, 2.05, 2.16, 2.24, 2.3, 2.34, 2.38]}, {"header": {"refTime": "2023-09-09T02:00:00.000Z", "nx": 21, "ny": 33, "lo1": 113.509, "la1": 22.2235, "lo2": 113.5947, "la2": 22.1034, "dx": 0.0042850000000001385, "dy": 0.003753125000000024, "parameterCategory": 0, "parameterCategoryName": "Temperature", "parameterNumber": 0}, "data": [[25.89, 25.89, 25.88, 25.67, 25.68, 25.92, 25.91, 25.91, 25.91, 25.83, 25.85, 25.87, 26.09, 26.11, 26.15, 26.16, 26.27, 26.27, 26.27, 26.27], [25.89, 25.89, 25.88, 25.88, 25.68, 25.69, 25.9, 25.89, 25.88, 25.83, 25.85, 25.88, 26.11, 26.13, 26.16, 26.27, 26.27, 26.27, 26.27, 26.27], [25.9, 25.89, 25.89, 25.88, 25.68, 25.69, 25.7, 25.87, 25.82, 25.82, 25.86, 25.91, 26.14, 26.15, 26.27, 26.27, 26.27, 26.28, 26.28, 26.28], [25.9, 25.9, 25.89, 25.89, 25.88, 25.68, 25.69, 25.71, 25.73, 25.82, 25.87, 25.96, 26.18, 26.08, 26.28, 26.28, 26.28, 26.28, 26.28, 26.28], [25.91, 25.9, 25.9, 25.89, 25.88, 25.67, 25.68, 25.68, 25.68, 25.8, 25.86, 26.08, 26.21, 26.11, 26.27, 26.28, 26.28, 26.28, 26.28, 26.28], [25.91, 25.91, 25.91, 25.9, 25.89, 25.88, 25.67, 25.67, 25.65, 25.6, 25.89, 26.02, 26.13, 26.27, 26.27, 26.28, 26.28, 26.28, 26.28, 26.28], [25.97, 25.92, 25.92, 25.92, 25.91, 25.9, 25.75, 25.68, 25.66, 25.65, 25.63, 25.93, 26.24, 26.25, 26.27, 26.28, 26.29, 26.29, 26.3, 26.3], [25.97, 25.97, 25.97, 25.97, 25.97, 25.8, 25.77, 25.75, 25.77, 25.61, 25.45, 25.92, 25.93, 26.25, 26.26, 26.25, 26.27, 26.28, 26.27, 26.26], [25.93, 25.93, 25.99, 25.99, 25.99, 25.98, 25.94, 25.76, 25.64, 25.67, 25.65, 25.78, 25.84, 25.76, 26.26, 26.25, 26.26, 26.27, 26.26, 26.26], [26.1, 26.1, 26.1, 25.96, 25.98, 26.03, 26.0, 25.94, 25.52, 25.54, 25.85, 25.7, 25.74, 25.72, 26.26, 26.24, 26.25, 26.26, 26.26, 26.25], [26.1, 26.1, 26.1, 26.1, 26.1, 26.1, 26.1, 26.1, 25.99, 25.63, 25.3, 25.64, 25.68, 25.69, 26.26, 26.24, 26.25, 26.25, 26.25, 26.25], [26.1, 26.1, 26.1, 26.1, 26.1, 26.1, 26.1, 26.1, 26.1, -999.0, 25.3, 26.2, 26.2, 25.66, 26.26, 26.24, 26.24, 25.62, 25.63, 25.64], [26.1, 26.1, 26.1, 26.1, 26.1, 26.1, 26.1, 26.1, 26.1, 26.1, -999.0, 26.2, 26.2, 25.48, 25.8, 25.86, 25.87, 25.72, 25.75, 25.76], [26.1, 26.1, 26.1, 26.1, 26.1, 26.1, 26.1, 26.1, 26.1, 26.1, -999.0, 25.1, 25.1, 25.1, 25.7, 25.76, 25.78, 25.63, 25.66, 25.69], [26.1, 26.1, 26.1, 26.1, 26.1, 26.1, 26.1, 26.1, 26.1, 26.1, 26.1, 25.72, 25.1, 25.1, 25.1, 25.65, 25.69, 25.55, 25.59, 25.63], [26.1, 26.1, 26.1, 26.1, 26.1, 26.1, 26.1, 26.1, 26.1, 26.1, 25.47, 25.54, 25.45, 25.36, 25.46, 25.36, 25.4, 25.33, 25.6, 25.64], [26.1, 26.1, 26.1, 26.1, 26.1, 26.1, 26.1, 26.1, 26.1, 26.1, 25.67, 25.55, 25.42, 25.3, 25.3, 25.28, 25.34, 25.39, 25.43, 25.45], [26.1, 26.1, 26.1, 26.1, 26.1, 26.1, 26.1, 26.1, 26.1, 25.85, 25.71, 25.56, 25.41, 25.31, 25.13, 25.26, 25.35, 25.41, 25.44, 25.47], [26.1, 26.1, 26.1, 26.1, 26.1, 26.1, 26.1, 26.1, 26.01, 25.91, 25.79, 25.67, 25.5, 25.37, 25.25, 25.31, 25.39, 25.44, 25.47, 25.49], [26.1, 26.1, 26.04, 26.05, 26.05, 26.05, 26.06, 26.08, 25.99, 25.91, 25.81, 25.7, 25.55, 25.48, 25.37, 25.4, 25.45, 25.49, 25.51, 25.52], [26.04, 26.04, 26.04, 26.06, 26.06, 26.06, 26.07, 26.07, 25.92, 25.88, 25.81, 25.73, 25.6, 25.44, 25.46, 25.49, 25.52, 25.54, 25.55, 25.55], [26.05, 26.05, 26.05, 26.06, 26.06, 26.06, 26.06, 26.03, 25.89, 25.86, 25.82, 25.77, 25.62, 25.5, 25.53, 25.56, 25.59, 25.6, 25.59, 25.57], [26.05, 26.05, 26.05, 26.01, 26.01, 26.02, 26.02, 26.02, 26.01, 26.01, 26.01, 25.98, 25.81, 25.54, 25.57, 25.62, 25.66, 25.65, 25.62, 25.6], [26.01, 26.01, 26.01, 26.01, 26.01, 26.01, 26.01, 26.01, 26.0, 26.0, 26.0, 25.93, 25.82, 25.79, 25.76, 25.65, 25.74, 25.67, 25.63, 25.61], [26.0, 26.0, 26.0, 26.0, 26.0, 26.0, 26.0, 26.0, 26.0, 26.0, 25.99, 25.93, 25.91, 25.79, 25.76, 25.74, 25.65, 25.63, 25.63, 25.61], [26.0, 26.0, 26.0, 26.0, 26.0, 25.99, 25.99, 25.99, 25.99, 25.99, 25.95, 25.93, 25.91, 25.79, 25.77, 25.73, 25.71, 25.7, 25.62, 25.61], [26.0, 26.0, 26.0, 25.99, 25.99, 25.99, 25.99, 25.98, 25.98, 25.98, 25.93, 25.92, 25.91, 25.77, 25.75, 25.74, 25.72, 25.72, 25.72, 25.72], [26.0, 25.99, 25.99, 25.99, 25.99, 25.98, 25.98, 25.97, 25.97, 25.92, 25.92, 25.89, 25.87, 25.84, 25.76, 25.75, 25.74, 25.73, 25.73, 25.73], [25.99, 25.99, 25.99, 25.99, 25.98, 25.98, 25.97, 25.97, 25.95, 25.91, 25.9, 25.89, 25.87, 25.85, 25.77, 25.76, 25.75, 25.74, 25.74, 25.74], [25.99, 25.99, 25.99, 25.98, 25.98, 25.98, 25.97, 25.96, 25.89, 25.89, 25.89, 25.88, 25.87, 25.85, 25.78, 25.77, 25.76, 25.75, 25.75, 25.74], [25.99, 25.99, 25.99, 25.98, 25.98, 25.98, 25.97, 25.96, 25.89, 25.89, 25.88, 25.88, 25.87, 25.85, 25.78, 25.77, 25.76, 25.76, 25.75, 25.75], [25.99, 25.99, 25.98, 25.98, 25.98, 25.97, 25.97, 25.88, 25.88, 25.88, 25.88, 25.87, 25.86, 25.85, 25.79, 25.78, 25.77, 25.76, 25.76, 25.75]]}]