gis_exercise/awsData/contour/wdir_2023083108.json
[{"header": {"refTime": "2023-08-31T08:00:00.000Z", "nx": 21, "ny": 33, "lo1": 113.509, "la1": 22.2235, "lo2": 113.5947, "la2": 22.1034, "dx": 0.0042850000000001385, "dy": 0.003753125000000024, "parameterCategory": 2, "parameterCategoryName": "Temperature", "parameterNumber": 2}, "data": [0.21, 0.21, 0.2, 0.46, 0.44, 0.5, 0.47, 0.44, 0.45, 0.71, 0.83, 0.94, 0.79, 0.83, 0.69, 0.66, 0.73, 0.69, 0.65, 0.63, 0.22, 0.21, 0.21, 0.2, 0.44, 0.41, 0.43, 0.36, 0.33, 0.61, 0.81, 0.98, 0.85, 0.89, 0.74, 0.78, 0.71, 0.66, 0.63, 0.6, 0.22, 0.22, 0.21, 0.2, 0.45, 0.41, 0.35, 0.29, 0.08, 0.52, 0.85, 1.06, 0.96, 0.98, 0.88, 0.77, 0.68, 0.62, 0.59, 0.57, 0.23, 0.22, 0.22, 0.21, 0.2, 0.44, 0.39, 0.31, 0.24, 0.67, 0.97, 1.21, 1.15, 1.37, 0.9, 0.75, 0.63, 0.56, 0.53, 0.52, 0.23, 0.23, 0.23, 0.23, 0.22, 0.47, 0.45, 0.43, 0.44, 0.91, 1.12, 1.42, 1.6, 1.4, 0.89, 0.69, 0.54, 0.46, 0.45, 0.46, 0.24, 0.24, 0.24, 0.24, 0.24, 0.24, 0.51, 0.52, 0.57, 0.66, 1.24, 1.31, 1.43, 1.07, 0.8, 0.58, 0.39, 0.31, 0.35, 0.4, 0.14, 0.25, 0.25, 0.25, 0.26, 0.26, 0.61, 0.54, 0.59, 0.84, 0.93, 1.09, 0.79, 0.81, 0.69, 0.48, 0.2, 0.09, 0.22, 0.31, 0.13, 0.14, 0.15, 0.28, 0.28, 0.58, 0.59, 0.54, 0.48, 0.89, 1.19, 0.59, 0.48, 0.61, 0.14, 0.07, -0.01, -0.04, 0.0, 0.03, 0.13, 0.13, 0.15, 0.16, 0.28, 0.28, 0.29, 0.58, 0.58, 0.81, 0.78, 0.52, 0.34, 0.43, 0.14, 0.09, 0.04, 0.02, 0.03, 0.05, 0.04, 0.05, 0.06, 0.16, 0.19, 0.29, 0.28, 0.26, 0.55, 0.65, 0.64, 0.47, 0.31, 0.41, 0.14, 0.11, 0.08, 0.06, 0.06, 0.06, 0.03, 0.04, 0.06, 0.08, 0.14, 0.32, 0.12, 0.05, 0.2, 0.52, 0.48, 0.51, 0.45, 0.46, 0.14, 0.12, 0.1, 0.08, 0.08, 0.08, 0.02, 0.03, 0.04, 0.05, 0.08, 0.1, 0.03, 0.02, 0.03, -0.03, 0.42, 0.18, 0.19, 0.5, 0.14, 0.12, 0.11, -0.1, -0.11, -0.11, 0.01, 0.01, 0.01, 0.01, -0.01, -0.07, -0.14, -0.05, 0.0, -0.0, -0.04, 0.17, 0.18, 0.07, 0.05, -0.1, -0.11, -0.12, -0.12, -0.12, 0.0, -0.0, -0.01, -0.02, -0.06, -0.15, -0.31, -0.13, -0.05, -0.03, -0.06, -0.04, -0.05, -0.07, 0.0, -0.13, -0.13, -0.13, -0.13, -0.13, -0.01, -0.01, -0.02, -0.04, -0.07, -0.12, -0.16, 0.11, 0.21, 0.29, 0.34, 0.34, -0.09, -0.11, -0.13, -0.17, -0.16, -0.15, -0.15, -0.14, -0.01, -0.02, 0.36, 0.34, 0.32, 0.23, 0.25, 0.31, 0.39, 0.43, 0.46, 0.36, 0.24, 0.14, 0.08, 0.06, 0.13, 0.19, 0.19, 0.23, 0.42, 0.42, 0.42, 0.42, 0.36, 0.4, 0.47, 0.56, 0.63, 0.62, 0.54, 0.39, 0.21, 0.03, 0.07, -0.23, -0.19, -0.16, -0.15, -0.14, 0.45, 0.46, 0.47, 0.5, 0.47, 0.55, 0.68, 0.85, 0.94, 0.75, 0.54, 0.42, 0.2, 0.09, -0.27, -0.24, -0.18, -0.15, -0.13, -0.13, 0.48, 0.5, 0.52, 0.49, 0.56, 0.66, 0.83, 1.11, 1.32, 0.92, 0.91, 0.68, 0.48, 0.23, -0.24, -0.2, -0.15, -0.12, -0.11, -0.11, 0.51, 0.53, 0.79, 0.82, 0.87, 0.95, 1.06, 1.2, 1.29, 1.13, 0.93, 0.74, 0.59, 0.45, -0.16, -0.13, -0.1, -0.09, -0.09, -0.1, 0.78, 0.8, 0.83, 0.86, 0.91, 0.97, 1.04, 1.12, 1.14, 1.05, 0.93, 0.79, 0.7, -0.11, -0.09, -0.05, -0.03, -0.03, -0.06, -0.09, 0.81, 0.83, 0.86, 0.89, 0.93, 0.98, 1.03, 1.44, 1.06, 1.01, 0.93, 0.84, 0.7, -0.07, -0.02, 0.04, 0.07, 0.03, -0.04, -0.08, 0.83, 0.85, 0.88, 1.46, 1.45, 1.44, 1.43, 1.42, 1.4, 1.4, 1.41, 1.32, 0.46, -0.04, 0.02, 0.13, 0.27, 0.11, -0.05, -0.11, 1.47, 1.47, 1.46, 1.46, 1.45, 1.44, 1.42, 1.39, 1.36, 1.35, 1.37, 1.38, 0.48, 0.37, 0.29, 0.14, 0.73, -0.09, -0.17, -0.15, 1.47, 1.47, 1.46, 1.46, 1.45, 1.44, 1.42, 1.38, 1.31, 1.26, 1.34, 1.38, 1.41, 0.36, 0.25, 0.14, -0.27, -0.63, -0.29, -0.2, 1.48, 1.47, 1.47, 1.46, 1.46, 1.44, 1.43, 1.39, 1.33, 1.28, 1.36, 1.41, 1.44, 0.35, 0.23, 0.18, -0.03, -0.14, -0.28, -0.21, 1.48, 1.48, 1.47, 1.47, 1.47, 1.46, 1.45, 1.44, 1.42, 1.42, 1.45, 1.47, 1.47, 0.61, 0.44, 0.27, 0.13, 0.07, 0.08, 0.13, 1.48, 1.48, 1.48, 1.48, 1.48, 1.48, 1.48, 1.49, 1.51, 1.54, 1.58, 1.14, 0.91, 0.67, 0.53, 0.38, 0.27, 0.21, 0.19, 0.21, 1.49, 1.49, 1.49, 1.49, 1.49, 1.5, 1.51, 1.53, 1.57, 1.65, 1.62, 1.29, 1.01, 0.76, 0.62, 0.48, 0.38, 0.31, 0.28, 0.28, 1.49, 1.49, 1.49, 1.5, 1.5, 1.51, 1.53, 1.55, 1.25, 1.41, 1.51, 1.29, 1.04, 0.82, 0.69, 0.56, 0.46, 0.4, 0.36, 0.34, 1.49, 1.5, 1.5, 1.5, 1.51, 1.52, 1.54, 1.56, 1.19, 1.27, 1.28, 1.17, 1.0, 0.83, 0.73, 0.61, 0.53, 0.46, 0.42, 0.4, 1.5, 1.5, 1.5, 1.51, 1.52, 1.53, 1.54, 1.06, 1.11, 1.14, 1.13, 1.06, 0.95, 0.82, 0.75, 0.65, 0.57, 0.51, 0.47, 0.44]}, {"header": {"refTime": "2023-08-31T08:00:00.000Z", "nx": 21, "ny": 33, "lo1": 113.509, "la1": 22.2235, "lo2": 113.5947, "la2": 22.1034, "dx": 0.0042850000000001385, "dy": 0.003753125000000024, "parameterCategory": 2, "parameterCategoryName": "Temperature", "parameterNumber": 3}, "data": [-2.84, -2.81, -2.78, -2.57, -2.55, -1.7, -1.7, -1.69, -1.66, -1.61, -1.5, -1.39, -1.47, -1.45, -2.24, -2.43, -3.1, -3.25, -3.37, -3.44, -2.86, -2.83, -2.8, -2.76, -2.55, -2.5, -1.74, -1.76, -1.76, -1.66, -1.49, -1.32, -1.37, -1.36, -2.18, -2.92, -3.16, -3.35, -3.47, -3.55, -2.88, -2.86, -2.83, -2.78, -2.57, -2.52, -2.44, -1.82, -1.94, -1.71, -1.45, -1.19, -1.2, -1.22, -2.56, -2.95, -3.27, -3.49, -3.63, -3.69, -2.91, -2.89, -2.86, -2.83, -2.77, -2.56, -2.5, -2.39, -2.29, -1.66, -1.36, -0.97, -0.88, -1.25, -2.49, -3.04, -3.47, -3.73, -3.85, -3.87, -2.94, -2.93, -2.91, -2.88, -2.84, -2.62, -2.59, -2.56, -2.55, -1.64, -1.33, -1.09, -0.26, -1.08, -2.54, -3.27, -3.81, -4.1, -4.15, -4.08, -2.98, -2.98, -2.97, -2.95, -2.92, -2.88, -2.69, -2.71, -2.73, -2.76, -2.08, -1.55, -0.94, -2.05, -2.81, -3.64, -4.37, -4.68, -4.53, -4.31, -3.73, -3.03, -3.03, -3.03, -3.01, -2.98, -3.21, -2.83, -2.86, -3.19, -3.25, -2.44, -2.97, -2.97, -3.2, -4.02, -5.1, -5.51, -5.27, -4.98, -3.74, -3.73, -3.72, -3.58, -3.56, -3.31, -3.24, -3.12, -3.04, -3.17, -3.17, -4.08, -4.28, -3.75, -5.47, -5.7, -5.98, -6.08, -5.93, -5.83, -3.76, -3.76, -3.75, -3.73, -3.61, -3.58, -3.51, -3.2, -3.19, -3.2, -4.13, -4.59, -5.26, -4.94, -5.52, -5.66, -5.81, -5.88, -5.85, -5.79, -4.06, -4.05, -4.03, -3.78, -3.77, -3.67, -3.63, -3.56, -3.35, -3.33, -4.47, -4.94, -5.52, -5.08, -5.57, -5.63, -5.71, -5.76, -5.77, -5.75, -4.06, -4.06, -4.04, -4.02, -3.96, -3.8, -3.98, -4.04, -3.7, -3.47, -4.62, -4.83, -5.01, -4.95, -5.58, -5.61, -5.66, -5.69, -5.71, -5.7, -4.07, -4.07, -4.06, -4.05, -4.02, -4.01, -4.06, -4.06, -4.04, -4.62, -4.56, -4.92, -5.03, -4.82, -5.57, -5.59, -5.62, -5.92, -5.91, -5.91, -4.08, -4.08, -4.08, -4.09, -4.1, -4.16, -4.23, -4.13, -4.08, -4.09, -4.81, -4.81, -4.9, -5.15, -5.12, -5.83, -5.83, -5.83, -5.84, -5.84, -4.09, -4.1, -4.1, -4.12, -4.15, -4.24, -4.4, -4.22, -4.14, -4.11, -4.78, -5.01, -5.09, -5.13, -5.06, -5.7, -5.71, -5.73, -5.76, -5.77, -4.1, -4.11, -4.12, -4.14, -4.17, -4.22, -4.25, -4.04, -3.95, -3.89, -3.85, -3.98, -5.01, -5.03, -5.04, -5.54, -5.58, -5.63, -5.67, -5.71, -4.11, -4.11, -3.83, -3.85, -3.87, -3.95, -3.93, -3.88, -3.81, -3.78, -3.86, -3.98, -4.11, -4.73, -4.76, -5.32, -5.39, -5.45, -5.5, -5.55, -3.78, -3.79, -3.79, -3.79, -3.84, -3.81, -3.75, -3.68, -3.63, -3.63, -3.8, -3.97, -4.17, -4.37, -4.7, -5.11, -5.23, -5.32, -5.38, -5.43, -3.76, -3.75, -3.75, -3.73, -3.75, -3.69, -3.59, -3.45, -3.38, -3.62, -3.83, -3.95, -4.19, -4.67, -4.78, -5.08, -5.24, -5.35, -5.41, -5.46, -3.74, -3.72, -3.71, -3.73, -3.68, -3.6, -3.47, -3.25, -3.1, -3.47, -3.25, -3.47, -4.49, -4.65, -5.05, -5.17, -5.31, -5.4, -5.46, -5.5, -3.71, -3.7, -3.12, -3.11, -3.08, -3.05, -3.01, -2.97, -2.98, -3.05, -3.18, -3.36, -4.49, -4.65, -5.27, -5.33, -5.42, -5.49, -5.53, -5.55, -3.08, -3.07, -3.05, -3.03, -3.0, -2.96, -2.93, -2.9, -2.95, -2.99, -3.08, -3.22, -4.53, -5.4, -5.43, -5.49, -5.55, -5.58, -5.6, -5.6, -3.03, -3.01, -2.99, -2.95, -2.92, -2.87, -2.83, -2.51, -2.83, -2.86, -2.94, -3.06, -4.16, -5.51, -5.55, -5.62, -5.67, -5.68, -5.67, -5.65, -2.99, -2.96, -2.93, -2.49, -2.48, -2.46, -2.44, -2.4, -2.36, -2.33, -2.35, -3.2, -4.35, -5.58, -5.64, -5.72, -5.78, -5.77, -5.73, -5.69, -2.5, -2.49, -2.48, -2.47, -2.45, -2.42, -2.37, -2.3, -2.21, -2.17, -2.23, -3.06, -4.26, -4.71, -5.11, -5.77, -5.88, -5.82, -5.76, -5.72, -2.49, -2.48, -2.47, -2.45, -2.43, -2.39, -2.33, -2.23, -2.07, -1.93, -2.13, -2.94, -3.33, -4.66, -5.07, -5.4, -5.81, -5.81, -5.77, -5.73, -2.48, -2.48, -2.46, -2.45, -2.42, -2.39, -2.33, -2.24, -2.09, -1.97, -2.53, -2.92, -3.26, -4.59, -4.97, -5.42, -5.56, -5.59, -5.75, -5.72, -2.48, -2.47, -2.46, -2.45, -2.43, -2.4, -2.36, -2.31, -2.26, -2.26, -2.73, -2.96, -3.22, -4.81, -5.06, -5.26, -5.39, -5.44, -5.43, -5.4, -2.48, -2.47, -2.47, -2.45, -2.44, -2.43, -2.41, -2.4, -2.43, -2.8, -2.87, -2.98, -3.17, -3.41, -4.9, -5.1, -5.23, -5.3, -5.32, -5.31, -2.48, -2.48, -2.47, -2.46, -2.46, -2.45, -2.46, -2.48, -2.54, -2.89, -2.9, -2.99, -3.15, -3.35, -4.75, -4.95, -5.09, -5.17, -5.21, -5.23, -2.49, -2.48, -2.48, -2.47, -2.47, -2.48, -2.49, -2.52, -2.92, -2.93, -2.93, -3.02, -3.16, -3.32, -4.65, -4.84, -4.97, -5.06, -5.12, -5.15, -2.49, -2.49, -2.48, -2.48, -2.49, -2.49, -2.51, -2.54, -2.98, -2.98, -3.01, -3.08, -3.18, -3.31, -4.59, -4.76, -4.89, -4.98, -5.04, -5.08, -2.49, -2.49, -2.49, -2.49, -2.5, -2.5, -2.52, -3.02, -3.03, -3.04, -3.07, -3.13, -3.22, -3.32, -4.56, -4.71, -4.82, -4.91, -4.97, -5.02]}, {"header": {"refTime": "2023-08-31T08:00:00.000Z", "nx": 21, "ny": 33, "lo1": 113.509, "la1": 22.2235, "lo2": 113.5947, "la2": 22.1034, "dx": 0.0042850000000001385, "dy": 0.003753125000000024, "parameterCategory": 0, "parameterCategoryName": "Temperature", "parameterNumber": 0}, "data": [[27.92, 27.93, 27.93, 27.82, 27.84, 28.14, 28.15, 28.16, 28.18, 28.15, 28.15, 28.16, 28.43, 28.44, 28.39, 28.39, 28.47, 28.46, 28.45, 28.45], [27.92, 27.92, 27.93, 27.94, 27.83, 27.86, 28.15, 28.16, 28.18, 28.15, 28.16, 28.18, 28.44, 28.46, 28.4, 28.47, 28.46, 28.45, 28.45, 28.45], [27.91, 27.92, 27.92, 27.93, 27.82, 27.85, 27.91, 28.16, 28.19, 28.16, 28.17, 28.2, 28.47, 28.48, 28.49, 28.47, 28.46, 28.45, 28.44, 28.44], [27.91, 27.91, 27.91, 27.92, 27.93, 27.83, 27.87, 27.94, 28.01, 28.14, 28.16, 28.24, 28.5, 28.34, 28.49, 28.47, 28.45, 28.43, 28.43, 28.43], [27.9, 27.9, 27.9, 27.9, 27.91, 27.79, 27.81, 27.83, 27.83, 28.08, 28.13, 28.35, 28.5, 28.38, 28.49, 28.46, 28.43, 28.42, 28.41, 28.42], [27.89, 27.89, 27.89, 27.89, 27.89, 27.88, 27.74, 27.73, 27.71, 27.68, 28.11, 28.27, 28.4, 28.57, 28.48, 28.44, 28.4, 28.39, 28.39, 28.41], [27.77, 27.89, 27.88, 27.88, 27.87, 27.85, 27.62, 27.66, 27.64, 27.68, 27.72, 28.16, 28.54, 28.55, 28.47, 28.42, 28.36, 28.34, 28.36, 28.37], [27.77, 27.77, 27.77, 27.77, 27.77, 27.67, 27.64, 27.61, 27.63, 27.65, 27.55, 28.16, 28.17, 28.55, 28.37, 28.4, 28.35, 28.34, 28.36, 28.38], [27.73, 27.73, 27.79, 27.79, 27.79, 27.78, 27.74, 27.63, 27.54, 27.71, 27.82, 27.98, 28.06, 27.96, 28.38, 28.4, 28.38, 28.37, 28.37, 28.38], [27.9, 27.9, 27.9, 27.76, 27.78, 27.83, 27.8, 27.74, 27.49, 27.5, 28.07, 27.88, 27.94, 27.92, 28.38, 28.41, 28.4, 28.39, 28.39, 28.39], [27.9, 27.9, 27.9, 27.9, 27.9, 27.9, 27.9, 27.9, 27.79, 27.53, 27.4, 27.82, 27.87, 27.87, 28.38, 28.42, 28.41, 28.4, 28.4, 28.4], [27.9, 27.9, 27.9, 27.9, 27.9, 27.9, 27.9, 27.9, 27.9, -999.0, 27.4, 28.5, 28.5, 27.84, 28.38, 28.43, 28.42, 27.62, 27.63, 27.64], [27.9, 27.9, 27.9, 27.9, 27.9, 27.9, 27.9, 27.9, 27.9, 27.9, -999.0, 28.5, 28.5, 27.59, 27.99, 27.86, 27.87, 27.72, 27.75, 27.76], [27.9, 27.9, 27.9, 27.9, 27.9, 27.9, 27.9, 27.9, 27.9, 27.9, -999.0, 27.1, 27.1, 27.1, 27.87, 27.76, 27.78, 27.63, 27.66, 27.69], [27.9, 27.9, 27.9, 27.9, 27.9, 27.9, 27.9, 27.6, 27.6, 27.6, 27.6, 27.41, 27.1, 27.1, 27.1, 27.65, 27.69, 27.55, 27.59, 27.63], [27.9, 27.9, 27.71, 27.71, 27.7, 27.6, 27.6, 27.6, 27.6, 27.6, 27.29, 27.32, 27.27, 27.23, 27.28, 27.28, 27.31, 27.26, 27.55, 27.58], [27.71, 27.71, 27.79, 27.79, 27.6, 27.6, 27.6, 27.6, 27.6, 27.6, 27.38, 27.32, 27.26, 27.2, 27.22, 27.22, 27.26, 27.3, 27.32, 27.34], [27.79, 27.79, 27.78, 27.78, 27.6, 27.6, 27.6, 27.6, 27.6, 27.47, 27.41, 27.33, 27.25, 27.22, 27.12, 27.21, 27.27, 27.31, 27.33, 27.35], [27.79, 27.78, 27.78, 27.6, 27.6, 27.6, 27.6, 27.6, 27.56, 27.5, 27.59, 27.53, 27.33, 27.26, 27.2, 27.24, 27.29, 27.33, 27.35, 27.36], [27.78, 27.78, 28.0, 27.98, 27.95, 27.92, 27.86, 27.72, 27.63, 27.64, 27.62, 27.57, 27.36, 27.32, 27.28, 27.3, 27.34, 27.36, 27.37, 27.38], [28.03, 28.02, 28.0, 27.89, 27.87, 27.85, 27.83, 27.8, 27.69, 27.68, 27.67, 27.63, 27.39, 27.33, 27.34, 27.36, 27.38, 27.4, 27.4, 27.4], [27.93, 27.92, 27.92, 27.91, 27.91, 27.9, 27.9, 27.88, 27.76, 27.76, 27.74, 27.7, 27.65, 27.37, 27.39, 27.41, 27.43, 27.43, 27.43, 27.42], [27.94, 27.94, 27.94, 27.91, 27.91, 27.92, 27.93, 27.95, 27.97, 27.99, 27.98, 27.91, 27.8, 27.39, 27.42, 27.45, 27.48, 27.47, 27.45, 27.43], [27.91, 27.91, 27.91, 27.92, 27.93, 27.95, 27.97, 28.01, 28.06, 28.08, 28.05, 28.0, 27.82, 27.73, 27.66, 27.47, 27.54, 27.48, 27.45, 27.44], [27.91, 27.92, 27.92, 27.93, 27.95, 27.97, 28.0, 28.05, 28.13, 28.2, 28.1, 28.02, 27.95, 27.74, 27.66, 27.6, 27.46, 27.44, 27.45, 27.44], [27.92, 27.92, 27.93, 27.94, 27.95, 27.97, 28.0, 28.05, 28.13, 28.19, 28.09, 28.01, 27.94, 27.75, 27.68, 27.54, 27.52, 27.51, 27.44, 27.43], [27.92, 27.93, 27.93, 27.94, 27.96, 27.97, 27.99, 28.02, 28.05, 28.05, 28.01, 27.97, 27.93, 27.61, 27.58, 27.56, 27.54, 27.53, 27.53, 27.54], [27.92, 27.93, 27.94, 27.94, 27.95, 27.96, 27.97, 27.98, 27.98, 27.95, 27.92, 27.89, 27.87, 27.83, 27.6, 27.57, 27.56, 27.55, 27.55, 27.55], [27.93, 27.93, 27.93, 27.94, 27.95, 27.95, 27.96, 27.95, 27.93, 27.88, 27.83, 27.86, 27.85, 27.83, 27.61, 27.59, 27.57, 27.57, 27.56, 27.56], [27.93, 27.93, 27.93, 27.94, 27.94, 27.94, 27.94, 27.93, 27.89, 27.86, 27.84, 27.85, 27.85, 27.83, 27.62, 27.6, 27.59, 27.58, 27.57, 27.57], [27.92, 27.93, 27.93, 27.93, 27.94, 27.94, 27.93, 27.92, 27.88, 27.86, 27.85, 27.85, 27.84, 27.83, 27.63, 27.61, 27.6, 27.59, 27.58, 27.58], [27.92, 27.93, 27.93, 27.93, 27.93, 27.93, 27.93, 27.89, 27.88, 27.87, 27.86, 27.85, 27.84, 27.83, 27.63, 27.62, 27.6, 27.59, 27.59, 27.58]]}]