gis_exercise/awsData/contour/wdir_2023090800.json
[{"header": {"refTime": "2023-09-08T00:00:00.000Z", "nx": 21, "ny": 33, "lo1": 113.509, "la1": 22.2235, "lo2": 113.5947, "la2": 22.1034, "dx": 0.0042850000000001385, "dy": 0.003753125000000024, "parameterCategory": 2, "parameterCategoryName": "Temperature", "parameterNumber": 2}, "data": [-0.61, -0.62, -0.64, -1.04, -1.02, -1.38, -1.31, -1.25, -1.23, -1.04, -1.14, -1.25, -1.88, -1.96, -2.23, -2.32, -3.06, -3.09, -3.11, -3.13, -0.6, -0.62, -0.64, -0.65, -1.03, -0.98, -1.26, -1.12, -1.04, -0.96, -1.14, -1.3, -1.94, -2.01, -2.29, -3.02, -3.07, -3.11, -3.13, -3.15, -0.59, -0.61, -0.63, -0.65, -1.05, -1.0, -0.92, -1.02, -0.65, -0.9, -1.18, -1.39, -2.04, -2.1, -2.95, -3.03, -3.09, -3.14, -3.17, -3.18, -0.58, -0.59, -0.62, -0.65, -0.68, -1.05, -0.99, -0.88, -0.78, -0.99, -1.27, -1.56, -2.18, -2.23, -2.94, -3.05, -3.14, -3.19, -3.21, -3.22, -0.55, -0.57, -0.6, -0.64, -0.69, -1.13, -1.1, -1.06, -1.02, -1.12, -1.36, -2.21, -2.35, -2.27, -2.95, -3.1, -3.21, -3.27, -3.28, -3.26, -0.52, -0.54, -0.56, -0.6, -0.67, -0.77, -1.24, -1.26, -1.22, -1.13, -1.93, -2.15, -2.3, -2.8, -3.0, -3.17, -3.33, -3.39, -3.36, -3.31, -0.87, -0.49, -0.5, -0.54, -0.61, -0.75, -1.02, -1.49, -1.48, -1.64, -1.57, -2.1, -2.93, -2.93, -3.06, -3.25, -3.49, -3.57, -3.5, -3.44, -0.83, -0.81, -0.78, -1.09, -1.11, -0.67, -0.96, -1.43, -2.01, -1.55, -1.09, -2.52, -2.79, -3.05, -3.41, -3.5, -3.62, -3.66, -3.6, -3.56, -0.8, -0.76, -0.7, -0.63, -0.88, -0.96, -1.25, -1.1, -1.93, -1.71, -2.07, -2.65, -3.04, -2.85, -3.41, -3.48, -3.54, -3.57, -3.56, -3.54, -1.07, -1.01, -0.91, -0.51, -0.3, -0.43, -0.92, -1.47, -2.08, -1.93, -2.39, -2.75, -3.08, -2.87, -3.41, -3.46, -3.5, -3.52, -3.53, -3.52, -1.09, -1.02, -0.92, -0.74, -0.36, 0.75, -0.72, -1.57, -1.97, -2.21, -2.55, -2.66, -2.79, -2.77, -3.42, -3.44, -3.47, -3.49, -3.5, -3.5, -1.12, -1.07, -1.0, -0.88, -0.69, -0.61, -1.22, -2.11, -2.5, -2.94, -2.65, -3.26, -3.28, -2.68, -3.42, -3.44, -3.46, -3.25, -3.25, -3.25, -1.17, -1.14, -1.1, -1.08, -1.1, -1.29, -1.64, -2.09, -2.37, -2.07, -2.91, -3.25, -3.26, -2.98, -2.95, -3.14, -3.15, -3.16, -3.18, -3.18, -1.21, -1.21, -1.21, -1.24, -1.33, -1.53, -1.79, -1.86, -1.98, -1.94, -2.86, -3.0, -2.96, -2.92, -2.85, -3.03, -3.05, -3.07, -3.1, -3.12, -1.26, -1.27, -1.29, -1.33, -1.42, -1.56, -1.68, -2.19, -2.26, -2.28, -2.26, -2.35, -2.86, -2.81, -2.77, -2.89, -2.93, -2.98, -3.02, -3.05, -1.3, -1.31, -0.87, -0.93, -1.01, -2.1, -2.1, -2.11, -2.13, -2.15, -2.27, -2.27, -2.27, -2.33, -2.33, -2.44, -2.46, -2.48, -2.57, -2.6, -0.86, -0.88, -0.92, -0.97, -2.08, -2.05, -2.03, -2.0, -1.99, -2.02, -2.16, -2.2, -2.22, -2.23, -2.11, -1.89, -1.77, -1.68, -1.61, -1.56, -0.89, -0.92, -0.95, -1.0, -2.04, -2.0, -1.94, -1.85, -1.81, -1.71, -1.79, -2.14, -2.19, -2.11, -2.21, -1.93, -1.76, -1.65, -1.58, -1.53, -0.91, -0.94, -0.98, -2.04, -2.01, -1.95, -1.86, -1.72, -1.54, -1.67, -1.86, -1.96, -1.99, -2.07, -1.96, -1.84, -1.7, -1.6, -1.53, -1.49, -0.93, -0.96, -1.85, -1.83, -1.82, -1.79, -1.74, -1.66, -1.66, -1.77, -1.88, -1.97, -1.96, -2.02, -1.75, -1.68, -1.6, -1.52, -1.47, -1.44, -1.87, -1.87, -1.86, -1.85, -1.84, -1.82, -1.79, -1.76, -1.81, -1.86, -1.93, -1.99, -1.95, -1.61, -1.59, -1.55, -1.49, -1.44, -1.4, -1.38, -1.88, -1.88, -1.88, -1.88, -1.87, -1.86, -1.86, -1.82, -1.93, -1.96, -1.99, -2.02, -2.21, -1.51, -1.48, -1.45, -1.42, -1.37, -1.33, -1.32, -1.9, -1.9, -1.9, -1.85, -1.86, -1.87, -1.89, -1.91, -1.94, -1.96, -1.95, -2.02, -1.58, -1.44, -1.41, -1.4, -1.42, -1.31, -1.24, -1.25, -1.85, -1.86, -1.86, -1.87, -1.88, -1.9, -1.94, -1.99, -2.05, -2.08, -2.04, -2.11, -1.6, -1.47, -1.37, -1.33, -1.63, -1.1, -1.11, -1.18, -1.86, -1.87, -1.87, -1.89, -1.9, -1.93, -1.97, -2.03, -2.14, -2.24, -2.1, -2.11, -2.07, -1.47, -1.35, -1.23, -0.97, -0.71, -1.01, -1.13, -1.87, -1.87, -1.88, -1.89, -1.91, -1.94, -1.97, -2.03, -2.13, -2.22, -2.15, -2.08, -2.05, -1.47, -1.34, -1.11, -0.99, -0.92, -1.04, -1.13, -1.87, -1.88, -1.88, -1.9, -1.91, -1.93, -1.96, -1.99, -2.03, -2.03, -2.05, -2.01, -2.01, -1.27, -1.2, -1.13, -1.07, -1.03, -1.04, -1.07, -1.87, -1.88, -1.88, -1.89, -1.9, -1.92, -1.93, -1.94, -1.93, -1.95, -1.91, -1.64, -1.54, -1.4, -1.23, -1.17, -1.13, -1.1, -1.09, -1.1, -1.87, -1.88, -1.88, -1.89, -1.9, -1.9, -1.9, -1.89, -1.86, -1.83, -1.67, -1.62, -1.54, -1.43, -1.26, -1.21, -1.17, -1.14, -1.13, -1.13, -1.87, -1.87, -1.88, -1.88, -1.89, -1.89, -1.88, -1.87, -1.67, -1.66, -1.65, -1.61, -1.54, -1.45, -1.29, -1.24, -1.2, -1.18, -1.16, -1.16, -1.87, -1.87, -1.88, -1.88, -1.88, -1.88, -1.87, -1.86, -1.64, -1.63, -1.62, -1.58, -1.52, -1.45, -1.3, -1.26, -1.23, -1.2, -1.19, -1.18, -1.87, -1.87, -1.87, -1.87, -1.87, -1.87, -1.86, -1.61, -1.61, -1.6, -1.58, -1.55, -1.51, -1.45, -1.31, -1.27, -1.25, -1.22, -1.21, -1.2]}, {"header": {"refTime": "2023-09-08T00:00:00.000Z", "nx": 21, "ny": 33, "lo1": 113.509, "la1": 22.2235, "lo2": 113.5947, "la2": 22.1034, "dx": 0.0042850000000001385, "dy": 0.003753125000000024, "parameterCategory": 2, "parameterCategoryName": "Temperature", "parameterNumber": 3}, "data": [0.69, 0.68, 0.67, 0.71, 0.69, 1.08, 1.03, 0.98, 0.97, 0.94, 1.06, 1.19, 2.18, 2.29, 2.99, 3.18, 4.46, 4.55, 4.62, 4.66, 0.69, 0.69, 0.68, 0.67, 0.69, 0.66, 0.97, 0.86, 0.79, 0.85, 1.06, 1.24, 2.24, 2.36, 3.05, 4.35, 4.49, 4.61, 4.68, 4.73, 0.7, 0.69, 0.69, 0.68, 0.71, 0.67, 0.62, 0.76, 0.42, 0.77, 1.1, 1.35, 2.35, 2.44, 4.14, 4.37, 4.56, 4.7, 4.78, 4.82, 0.7, 0.7, 0.7, 0.69, 0.69, 0.71, 0.66, 0.58, 0.5, 0.89, 1.22, 1.55, 2.48, 2.61, 4.11, 4.43, 4.69, 4.85, 4.92, 4.93, 0.71, 0.71, 0.71, 0.71, 0.71, 0.76, 0.74, 0.71, 0.69, 1.05, 1.33, 2.54, 2.55, 2.63, 4.13, 4.57, 4.9, 5.09, 5.11, 5.07, 0.71, 0.71, 0.72, 0.73, 0.74, 0.76, 0.83, 0.85, 0.84, 0.81, 2.36, 2.57, 2.64, 3.46, 4.28, 4.79, 5.25, 5.45, 5.35, 5.21, 1.44, 0.72, 0.72, 0.74, 0.76, 0.8, 0.97, 0.99, 0.99, 1.66, 1.79, 2.71, 3.86, 3.81, 4.48, 5.02, 5.72, 5.98, 5.59, 5.34, 1.44, 1.41, 1.38, 1.28, 1.28, 0.88, 0.96, 1.1, 1.44, 1.53, 1.2, 3.56, 3.97, 4.08, 5.17, 5.53, 5.97, 6.13, 5.89, 5.73, 1.44, 1.41, 1.37, 1.31, 1.21, 1.22, 1.31, 1.0, 1.38, 1.74, 2.78, 3.65, 4.14, 3.9, 5.1, 5.39, 5.67, 5.8, 5.75, 5.66, 1.8, 1.75, 1.68, 1.29, 1.16, 1.04, 1.23, 1.45, 1.57, 1.47, 3.23, 3.72, 4.14, 3.91, 5.07, 5.28, 5.47, 5.58, 5.6, 5.57, 1.81, 1.77, 1.7, 1.58, 1.33, 0.58, 1.51, 1.97, 1.79, 1.72, 2.78, 3.61, 3.79, 3.77, 5.07, 5.22, 5.35, 5.44, 5.48, 5.49, 1.84, 1.81, 1.77, 1.69, 1.57, 1.51, 1.87, 2.24, 2.37, 3.08, 2.77, 3.96, 4.08, 3.65, 5.08, 5.19, 5.29, 4.64, 4.67, 4.67, 1.88, 1.86, 1.85, 1.85, 1.88, 2.06, 2.33, 2.35, 2.37, 2.27, 3.24, 3.84, 3.96, 3.77, 3.7, 4.26, 4.32, 4.38, 4.44, 4.47, 1.91, 1.91, 1.93, 1.97, 2.07, 2.3, 2.69, 2.4, 2.31, 2.25, 3.2, 3.04, 3.04, 3.01, 3.46, 3.96, 4.04, 4.13, 4.21, 4.28, 1.94, 1.96, 1.98, 2.04, 2.13, 2.27, 2.37, 2.7, 2.67, 2.65, 2.64, 2.3, 2.86, 2.8, 2.76, 3.61, 3.73, 3.87, 3.99, 4.09, 1.97, 1.99, 1.99, 2.04, 2.11, 2.68, 2.68, 2.66, 2.65, 2.63, 2.32, 2.27, 2.2, 2.55, 2.5, 2.81, 2.93, 3.05, 3.65, 3.78, 1.98, 2.0, 2.03, 2.07, 2.66, 2.65, 2.64, 2.62, 2.61, 2.61, 2.31, 2.24, 2.16, 2.07, 2.18, 2.48, 2.7, 2.88, 3.0, 3.09, 2.0, 2.03, 2.06, 2.1, 2.64, 2.63, 2.61, 2.58, 2.57, 2.43, 2.37, 2.24, 2.14, 2.17, 1.91, 2.41, 2.73, 2.93, 3.06, 3.14, 2.02, 2.05, 2.08, 2.63, 2.62, 2.61, 2.58, 2.54, 2.48, 2.43, 2.09, 2.0, 2.42, 2.29, 2.37, 2.6, 2.86, 3.04, 3.15, 3.22, 2.04, 2.06, 2.29, 2.29, 2.29, 2.3, 2.32, 2.37, 2.3, 2.17, 2.06, 1.98, 2.53, 2.49, 2.78, 2.91, 3.07, 3.2, 3.27, 3.31, 2.25, 2.25, 2.25, 2.24, 2.24, 2.24, 2.25, 2.26, 2.11, 2.06, 1.99, 1.94, 2.65, 3.03, 3.09, 3.2, 3.31, 3.38, 3.41, 3.41, 2.22, 2.21, 2.21, 2.19, 2.18, 2.17, 2.15, 1.76, 1.96, 1.92, 1.89, 1.88, 2.37, 3.23, 3.32, 3.44, 3.53, 3.56, 3.55, 3.51, 2.19, 2.18, 2.17, 1.6, 1.61, 1.62, 1.62, 1.61, 1.58, 1.55, 1.53, 2.37, 2.98, 3.38, 3.49, 3.63, 3.74, 3.73, 3.66, 3.59, 1.54, 1.54, 1.55, 1.55, 1.54, 1.54, 1.52, 1.49, 1.45, 1.42, 1.42, 1.81, 2.92, 3.21, 3.46, 3.73, 3.92, 3.84, 3.73, 3.65, 1.51, 1.51, 1.51, 1.5, 1.49, 1.47, 1.44, 1.4, 1.36, 1.33, 1.35, 1.71, 1.94, 3.17, 3.43, 3.65, 3.83, 3.84, 3.74, 3.66, 1.49, 1.48, 1.47, 1.46, 1.44, 1.41, 1.38, 1.34, 1.32, 1.3, 1.48, 1.62, 1.83, 3.13, 3.37, 3.45, 3.6, 3.64, 3.71, 3.65, 1.46, 1.45, 1.44, 1.42, 1.39, 1.36, 1.33, 1.29, 1.25, 1.22, 1.4, 1.52, 1.71, 2.78, 3.06, 3.28, 3.41, 3.47, 3.46, 3.43, 1.44, 1.43, 1.41, 1.39, 1.36, 1.32, 1.28, 1.23, 1.16, 1.23, 1.21, 1.34, 1.56, 1.8, 2.88, 3.1, 3.24, 3.32, 3.34, 3.33, 1.42, 1.41, 1.39, 1.36, 1.33, 1.29, 1.24, 1.18, 1.08, 1.05, 0.85, 1.18, 1.46, 1.71, 2.72, 2.94, 3.09, 3.18, 3.22, 3.24, 1.41, 1.39, 1.37, 1.34, 1.31, 1.27, 1.22, 1.15, 1.23, 1.06, 0.96, 1.19, 1.44, 1.65, 2.6, 2.81, 2.96, 3.06, 3.12, 3.15, 1.39, 1.38, 1.35, 1.33, 1.3, 1.26, 1.21, 1.15, 1.29, 1.21, 1.19, 1.3, 1.47, 1.64, 2.54, 2.73, 2.87, 2.97, 3.03, 3.08, 1.38, 1.37, 1.34, 1.32, 1.29, 1.26, 1.22, 1.41, 1.36, 1.33, 1.34, 1.41, 1.52, 1.65, 2.51, 2.67, 2.8, 2.89, 2.96, 3.01]}, {"header": {"refTime": "2023-09-08T00:00:00.000Z", "nx": 21, "ny": 33, "lo1": 113.509, "la1": 22.2235, "lo2": 113.5947, "la2": 22.1034, "dx": 0.0042850000000001385, "dy": 0.003753125000000024, "parameterCategory": 0, "parameterCategoryName": "Temperature", "parameterNumber": 0}, "data": [[26.32, 26.32, 26.31, 26.1, 26.11, 26.27, 26.27, 26.26, 26.26, 26.15, 26.16, 26.16, 26.3, 26.31, 26.23, 26.21, 26.23, 26.22, 26.21, 26.21], [26.32, 26.32, 26.31, 26.31, 26.11, 26.11, 26.26, 26.25, 26.25, 26.16, 26.16, 26.17, 26.31, 26.32, 26.23, 26.24, 26.23, 26.21, 26.21, 26.2], [26.33, 26.32, 26.32, 26.31, 26.11, 26.11, 26.13, 26.24, 26.21, 26.17, 26.16, 26.18, 26.32, 26.33, 26.26, 26.24, 26.22, 26.2, 26.2, 26.19], [26.33, 26.33, 26.32, 26.32, 26.31, 26.11, 26.12, 26.13, 26.15, 26.15, 26.16, 26.2, 26.34, 26.24, 26.26, 26.23, 26.2, 26.19, 26.18, 26.18], [26.34, 26.34, 26.33, 26.33, 26.32, 26.11, 26.11, 26.11, 26.11, 26.11, 26.14, 26.24, 26.34, 26.26, 26.26, 26.22, 26.18, 26.16, 26.16, 26.16], [26.34, 26.34, 26.34, 26.34, 26.33, 26.32, 26.11, 26.11, 26.09, 26.04, 26.1, 26.2, 26.28, 26.37, 26.25, 26.19, 26.14, 26.12, 26.13, 26.15], [26.41, 26.35, 26.35, 26.35, 26.35, 26.34, 26.2, 26.14, 26.12, 26.02, 25.97, 26.13, 26.34, 26.35, 26.23, 26.17, 26.09, 26.06, 26.07, 26.1], [26.41, 26.42, 26.42, 26.41, 26.41, 26.24, 26.22, 26.22, 26.23, 26.0, 25.82, 26.12, 26.12, 26.35, 26.11, 26.14, 26.08, 26.05, 26.09, 26.12], [26.39, 26.39, 26.42, 26.43, 26.43, 26.42, 26.4, 26.22, 26.11, 26.04, 25.93, 26.02, 26.06, 26.0, 26.12, 26.16, 26.12, 26.1, 26.11, 26.13], [26.5, 26.5, 26.5, 26.41, 26.42, 26.45, 26.43, 26.4, 25.96, 25.99, 26.06, 25.96, 26.0, 25.98, 26.12, 26.17, 26.14, 26.13, 26.13, 26.14], [26.5, 26.5, 26.5, 26.5, 26.5, 26.5, 26.5, 26.5, 26.43, 26.09, 25.7, 25.93, 25.96, 25.96, 26.12, 26.18, 26.16, 26.15, 26.15, 26.15], [26.5, 26.5, 26.5, 26.5, 26.5, 26.5, 26.5, 26.5, 26.5, -999.0, 25.7, 26.3, 26.3, 25.94, 26.11, 26.19, 26.18, 25.66, 25.67, 25.67], [26.5, 26.5, 26.5, 26.5, 26.5, 26.5, 26.5, 26.5, 26.5, 26.5, -999.0, 26.3, 26.3, 25.71, 25.97, 25.78, 25.79, 25.71, 25.72, 25.73], [26.5, 26.5, 26.5, 26.5, 26.5, 26.5, 26.5, 26.5, 26.5, 26.5, -999.0, 25.4, 25.4, 25.4, 25.89, 25.73, 25.74, 25.67, 25.68, 25.69], [26.5, 26.5, 26.5, 26.5, 26.5, 26.5, 26.5, 26.3, 26.3, 26.3, 26.3, 25.95, 25.4, 25.4, 25.4, 25.67, 25.69, 25.62, 25.64, 25.66], [26.5, 26.5, 26.37, 26.37, 26.37, 26.3, 26.3, 26.3, 26.3, 26.3, 25.73, 25.8, 25.71, 25.64, 25.72, 25.55, 25.57, 25.53, 25.66, 25.68], [26.37, 26.37, 26.43, 26.43, 26.3, 26.3, 26.3, 26.3, 26.3, 26.3, 25.91, 25.8, 25.68, 25.58, 25.55, 25.5, 25.54, 25.57, 25.59, 25.61], [26.43, 26.43, 26.42, 26.42, 26.3, 26.3, 26.3, 26.3, 26.3, 26.07, 25.95, 25.82, 25.68, 25.56, 25.42, 25.49, 25.55, 25.58, 25.6, 25.61], [26.42, 26.42, 26.42, 26.3, 26.3, 26.3, 26.3, 26.3, 26.22, 26.12, 26.04, 25.93, 25.72, 25.61, 25.49, 25.52, 25.57, 25.6, 25.62, 25.63], [26.42, 26.42, 26.3, 26.3, 26.3, 26.3, 26.3, 26.3, 26.22, 26.15, 26.06, 25.96, 25.76, 25.69, 25.55, 25.58, 25.6, 25.62, 25.64, 25.64], [26.3, 26.3, 26.3, 26.3, 26.3, 26.3, 26.3, 26.3, 26.16, 26.12, 26.07, 26.0, 25.79, 25.6, 25.61, 25.63, 25.64, 25.66, 25.66, 25.66], [26.3, 26.3, 26.3, 26.3, 26.3, 26.3, 26.3, 26.32, 26.14, 26.12, 26.08, 26.03, 25.82, 25.63, 25.65, 25.67, 25.68, 25.69, 25.68, 25.68], [26.3, 26.3, 26.3, 26.33, 26.32, 26.32, 26.32, 26.32, 26.32, 26.32, 26.32, 26.17, 25.96, 25.66, 25.68, 25.7, 25.72, 25.72, 25.7, 25.69], [26.33, 26.33, 26.33, 26.33, 26.33, 26.32, 26.32, 26.32, 26.32, 26.32, 26.32, 26.2, 25.97, 25.91, 25.86, 25.72, 25.77, 25.73, 25.71, 25.7], [26.33, 26.33, 26.33, 26.33, 26.33, 26.33, 26.33, 26.32, 26.32, 26.31, 26.32, 26.22, 26.18, 25.91, 25.86, 25.82, 25.72, 25.71, 25.71, 25.7], [26.33, 26.33, 26.33, 26.33, 26.33, 26.33, 26.33, 26.33, 26.32, 26.31, 26.26, 26.24, 26.2, 25.92, 25.87, 25.85, 25.81, 25.8, 25.7, 25.7], [26.33, 26.33, 26.33, 26.33, 26.33, 26.33, 26.33, 26.33, 26.33, 26.33, 26.28, 26.25, 26.22, 25.98, 25.93, 25.88, 25.85, 25.84, 25.84, 25.85], [26.33, 26.33, 26.33, 26.34, 26.34, 26.34, 26.34, 26.34, 26.35, 26.3, 26.31, 26.27, 26.22, 26.17, 25.96, 25.92, 25.89, 25.87, 25.87, 25.87], [26.34, 26.34, 26.34, 26.34, 26.34, 26.34, 26.34, 26.35, 26.36, 26.34, 26.36, 26.3, 26.24, 26.19, 25.99, 25.95, 25.92, 25.9, 25.89, 25.89], [26.34, 26.34, 26.34, 26.34, 26.34, 26.34, 26.35, 26.35, 26.29, 26.32, 26.34, 26.3, 26.24, 26.2, 26.02, 25.97, 25.94, 25.92, 25.91, 25.91], [26.34, 26.34, 26.34, 26.34, 26.34, 26.34, 26.35, 26.35, 26.28, 26.29, 26.3, 26.27, 26.24, 26.2, 26.03, 25.99, 25.96, 25.94, 25.93, 25.92], [26.34, 26.34, 26.34, 26.34, 26.34, 26.35, 26.35, 26.25, 26.26, 26.27, 26.26, 26.25, 26.23, 26.2, 26.03, 26.0, 25.98, 25.96, 25.94, 25.94]]}]