gis_exercise/awsData/contour/wdir_2023090115.json
[{"header": {"refTime": "2023-09-01T15:00:00.000Z", "nx": 21, "ny": 33, "lo1": 113.509, "la1": 22.2235, "lo2": 113.5947, "la2": 22.1034, "dx": 0.0042850000000001385, "dy": 0.003753125000000024, "parameterCategory": 2, "parameterCategoryName": "Temperature", "parameterNumber": 2}, "data": [1.26, 1.21, 1.15, 1.71, 1.59, 0.95, 0.8, 0.65, 0.61, 0.96, 1.23, 1.47, 1.2, 1.31, 1.67, 1.78, 2.74, 2.77, 2.79, 2.8, 1.29, 1.25, 1.19, 1.1, 1.6, 1.4, 0.7, 0.41, 0.23, 0.7, 1.17, 1.52, 1.3, 1.41, 1.76, 2.71, 2.75, 2.79, 2.81, 2.82, 1.33, 1.3, 1.24, 1.17, 1.67, 1.46, 1.12, 0.21, -0.57, 0.49, 1.24, 1.66, 1.47, 1.55, 2.66, 2.72, 2.78, 2.82, 2.84, 2.85, 1.38, 1.36, 1.32, 1.26, 1.18, 1.64, 1.36, 0.89, 0.46, 0.88, 1.53, 1.9, 1.73, 2.74, 2.65, 2.74, 2.82, 2.87, 2.89, 2.89, 1.43, 1.42, 1.41, 1.38, 1.34, 1.9, 1.78, 1.64, 1.6, 1.58, 1.95, 2.73, 2.47, 2.68, 2.65, 2.78, 2.89, 2.94, 2.95, 2.93, 1.49, 1.49, 1.5, 1.5, 1.51, 1.53, 2.21, 2.29, 2.4, 2.58, 3.14, 2.86, 2.63, 2.88, 2.68, 2.85, 3.0, 3.06, 3.03, 2.98, 2.75, 1.56, 1.58, 1.61, 1.66, 1.74, 3.19, 2.75, 2.93, 3.61, 3.67, 3.05, 3.0, 3.1, 2.73, 2.91, 3.15, 3.24, 3.49, 3.52, 2.73, 2.72, 2.7, 3.07, 3.07, 2.98, 3.11, 3.25, 3.33, 3.69, 4.06, 3.42, 3.34, 3.35, 3.66, 3.61, 3.52, 3.49, 3.54, 3.57, 2.72, 2.7, 2.67, 2.63, 2.95, 2.98, 3.12, 3.17, 3.84, 3.56, 4.01, 3.89, 4.24, 4.07, 3.77, 3.67, 3.6, 3.57, 3.58, 3.59, 3.18, 3.14, 3.07, 2.57, 2.47, 2.68, 2.99, 3.33, 4.12, 4.16, 4.06, 4.2, 4.51, 4.22, 3.85, 3.73, 3.66, 3.63, 3.62, 3.62, 3.19, 3.14, 3.07, 2.95, 2.7, 1.95, 2.97, 3.6, 3.81, 4.33, 4.83, 4.16, 4.23, 4.17, 3.86, 3.77, 3.7, 3.67, 3.65, 3.64, 3.21, 3.17, 3.12, 3.04, 2.91, 2.86, 3.29, 4.02, 4.36, 4.62, 4.85, 4.3, 4.28, 4.12, 3.84, 3.78, 3.73, 4.17, 4.14, 4.12, 3.23, 3.21, 3.18, 3.16, 3.16, 3.26, 3.47, 3.93, 4.21, 3.97, 4.58, 4.33, 4.28, 4.06, 4.05, 4.3, 4.25, 4.21, 4.18, 4.16, 3.26, 3.25, 3.25, 3.25, 3.3, 3.38, 3.44, 3.66, 3.84, 3.83, 4.51, 4.79, 4.75, 4.72, 4.06, 4.29, 4.26, 4.23, 4.2, 4.19, 3.29, 3.29, 3.3, 3.32, 3.36, 3.42, 3.49, 3.69, 3.75, 3.75, 3.72, 3.97, 4.69, 4.64, 4.62, 4.28, 4.26, 4.24, 4.22, 4.21, 3.32, 3.32, 2.64, 2.68, 2.72, 3.55, 3.54, 3.54, 3.54, 3.55, 3.82, 3.88, 3.94, 4.03, 4.07, 4.59, 4.65, 4.7, 4.31, 4.31, 2.61, 2.62, 2.64, 2.66, 3.48, 3.44, 3.39, 3.33, 3.3, 3.34, 3.66, 3.79, 3.91, 4.03, 4.14, 3.87, 3.74, 3.63, 3.55, 3.49, 2.61, 2.62, 2.63, 2.64, 3.4, 3.33, 3.22, 3.06, 2.99, 3.0, 3.19, 3.71, 3.89, 4.11, 4.22, 3.91, 3.73, 3.61, 3.52, 3.46, 2.61, 2.61, 2.62, 3.4, 3.34, 3.24, 3.08, 2.82, 2.57, 2.88, 2.92, 3.14, 3.93, 4.09, 3.94, 3.82, 3.67, 3.55, 3.47, 3.41, 2.6, 2.61, 2.71, 2.69, 2.67, 2.64, 2.6, 2.54, 2.59, 2.72, 2.88, 3.07, 3.93, 4.08, 3.72, 3.66, 3.57, 3.48, 3.41, 3.36, 2.7, 2.69, 2.68, 2.66, 2.64, 2.61, 2.58, 2.55, 2.67, 2.74, 2.85, 2.99, 3.96, 3.58, 3.57, 3.54, 3.48, 3.41, 3.33, 3.29, 2.68, 2.67, 2.65, 2.64, 2.61, 2.59, 2.56, 2.57, 2.69, 2.73, 2.8, 2.91, 3.93, 3.48, 3.47, 3.47, 3.45, 3.36, 3.25, 3.2, 2.66, 2.65, 2.63, 2.66, 2.65, 2.63, 2.61, 2.59, 2.57, 2.57, 2.59, 3.11, 2.74, 3.39, 3.4, 3.47, 3.61, 3.34, 3.12, 3.09, 2.7, 2.7, 2.69, 2.68, 2.66, 2.65, 2.62, 2.58, 2.54, 2.52, 2.57, 3.33, 2.71, 2.82, 2.95, 3.39, 4.24, 2.9, 2.85, 2.96, 2.72, 2.71, 2.71, 2.7, 2.69, 2.67, 2.64, 2.59, 2.49, 2.4, 2.55, 3.26, 3.55, 2.76, 2.84, 2.87, 2.59, 1.97, 2.63, 2.86, 2.73, 2.73, 2.72, 2.72, 2.71, 2.7, 2.68, 2.63, 2.53, 2.44, 2.96, 3.26, 3.52, 2.71, 2.74, 2.89, 2.63, 2.48, 2.69, 2.85, 2.74, 2.74, 2.74, 2.75, 2.75, 2.74, 2.74, 2.73, 2.71, 2.73, 3.17, 3.34, 3.52, 3.12, 3.02, 2.91, 2.78, 2.71, 2.73, 2.79, 2.76, 2.76, 2.77, 2.77, 2.78, 2.79, 2.81, 2.84, 2.9, 3.29, 3.37, 2.73, 2.51, 2.28, 3.05, 2.96, 2.88, 2.83, 2.82, 2.84, 2.77, 2.78, 2.78, 2.8, 2.81, 2.83, 2.87, 2.93, 3.04, 3.45, 3.34, 2.94, 2.63, 2.39, 3.09, 3.01, 2.95, 2.91, 2.89, 2.9, 2.78, 2.79, 2.8, 2.82, 2.84, 2.86, 2.91, 2.98, 2.85, 3.07, 3.21, 2.94, 2.67, 2.45, 3.12, 3.05, 3.0, 2.96, 2.94, 2.94, 2.79, 2.8, 2.82, 2.83, 2.85, 2.89, 2.93, 2.99, 2.79, 2.9, 2.93, 2.82, 2.64, 2.46, 3.13, 3.08, 3.03, 3.0, 2.98, 2.97, 2.8, 2.81, 2.83, 2.84, 2.87, 2.9, 2.93, 2.65, 2.71, 2.76, 2.76, 2.69, 2.58, 2.45, 3.14, 3.1, 3.06, 3.03, 3.01, 3.0]}, {"header": {"refTime": "2023-09-01T15:00:00.000Z", "nx": 21, "ny": 33, "lo1": 113.509, "la1": 22.2235, "lo2": 113.5947, "la2": 22.1034, "dx": 0.0042850000000001385, "dy": 0.003753125000000024, "parameterCategory": 2, "parameterCategoryName": "Temperature", "parameterNumber": 3}, "data": [-3.82, -3.79, -3.75, -3.74, -3.68, -2.89, -2.84, -2.78, -2.74, -2.66, -2.64, -2.61, -2.97, -3.0, -4.05, -4.32, -5.52, -5.7, -5.84, -5.93, -3.85, -3.82, -3.78, -3.72, -3.69, -3.6, -2.84, -2.76, -2.7, -2.65, -2.62, -2.57, -2.91, -2.95, -4.03, -5.3, -5.59, -5.81, -5.97, -6.06, -3.87, -3.85, -3.81, -3.76, -3.72, -3.63, -3.47, -2.76, -2.6, -2.64, -2.6, -2.5, -2.8, -2.86, -4.88, -5.34, -5.72, -5.99, -6.15, -6.23, -3.91, -3.89, -3.86, -3.82, -3.76, -3.71, -3.58, -3.36, -3.16, -2.69, -2.6, -2.39, -2.57, -3.12, -4.8, -5.46, -5.96, -6.28, -6.42, -6.44, -3.94, -3.93, -3.92, -3.9, -3.86, -3.84, -3.79, -3.72, -3.69, -2.82, -2.67, -2.94, -2.11, -2.95, -4.86, -5.72, -6.38, -6.73, -6.79, -6.7, -3.98, -3.98, -3.98, -3.98, -3.97, -3.96, -4.01, -4.05, -4.07, -4.09, -3.9, -3.42, -2.82, -4.0, -5.18, -6.16, -7.05, -7.42, -7.24, -6.97, -5.19, -4.03, -4.04, -4.05, -4.07, -4.1, -4.64, -4.33, -4.39, -4.94, -4.99, -4.34, -5.01, -4.97, -5.62, -6.62, -7.94, -8.43, -7.96, -7.56, -5.19, -5.17, -5.14, -5.95, -5.9, -4.6, -4.64, -4.7, -4.85, -4.88, -4.74, -6.09, -6.35, -5.76, -7.85, -8.27, -8.78, -8.97, -8.69, -8.51, -5.2, -5.18, -5.14, -5.08, -5.82, -5.8, -5.86, -4.65, -5.65, -4.97, -5.9, -6.5, -7.14, -6.83, -7.84, -8.15, -8.46, -8.59, -8.53, -8.43, -6.67, -6.59, -6.48, -5.08, -4.96, -5.52, -5.93, -6.35, -6.49, -6.29, -6.28, -6.78, -7.33, -6.94, -7.85, -8.05, -8.24, -8.35, -8.37, -8.33, -6.68, -6.6, -6.48, -6.27, -5.84, -4.54, -6.33, -7.5, -7.49, -7.13, -7.72, -6.67, -6.85, -6.8, -7.86, -7.99, -8.12, -8.21, -8.24, -8.24, -6.71, -6.64, -6.55, -6.4, -6.18, -6.09, -6.88, -8.29, -8.96, -8.93, -8.05, -8.19, -8.04, -6.67, -7.86, -7.95, -8.04, -8.03, -8.04, -8.04, -6.75, -6.7, -6.65, -6.6, -6.58, -6.72, -7.07, -8.05, -8.65, -8.16, -8.65, -8.33, -8.17, -6.86, -6.81, -7.74, -7.78, -7.83, -7.86, -7.89, -6.8, -6.77, -6.75, -6.75, -6.8, -6.88, -6.83, -7.44, -7.87, -7.87, -8.57, -8.23, -7.99, -7.8, -6.67, -7.5, -7.55, -7.62, -7.69, -7.74, -6.84, -6.84, -6.84, -6.86, -6.91, -6.98, -7.08, -7.67, -7.88, -7.95, -7.93, -7.5, -7.75, -7.53, -7.39, -7.22, -7.31, -7.42, -7.51, -7.59, -6.89, -6.89, -5.86, -5.9, -5.97, -7.49, -7.49, -7.55, -7.62, -7.67, -7.43, -7.24, -7.02, -6.4, -6.36, -6.55, -6.64, -6.73, -7.15, -7.24, -5.84, -5.86, -5.89, -5.94, -7.47, -7.42, -7.38, -7.34, -7.34, -7.4, -7.17, -7.03, -6.79, -6.5, -6.05, -6.19, -6.31, -6.41, -6.49, -6.53, -5.86, -5.89, -5.92, -5.96, -7.41, -7.33, -7.21, -7.05, -6.98, -6.31, -6.26, -6.88, -6.66, -6.05, -5.86, -6.15, -6.33, -6.44, -6.52, -6.57, -5.88, -5.91, -5.94, -7.42, -7.35, -7.24, -7.07, -6.79, -6.34, -6.31, -5.44, -5.34, -6.23, -6.13, -6.12, -6.25, -6.4, -6.51, -6.57, -6.61, -5.9, -5.92, -5.35, -5.37, -5.41, -5.48, -5.6, -5.81, -5.85, -5.55, -5.31, -5.21, -6.31, -6.27, -6.36, -6.44, -6.53, -6.6, -6.64, -6.67, -5.22, -5.23, -5.23, -5.24, -5.25, -5.28, -5.34, -5.42, -5.31, -5.18, -5.05, -5.0, -6.39, -6.51, -6.54, -6.61, -6.67, -6.71, -6.73, -6.72, -5.14, -5.12, -5.11, -5.09, -5.07, -5.04, -5.02, -4.62, -4.79, -4.72, -4.69, -4.72, -5.13, -6.63, -6.68, -6.76, -6.82, -6.83, -6.81, -6.78, -5.05, -5.02, -4.99, -4.41, -4.4, -4.36, -4.3, -4.2, -4.06, -3.98, -3.99, -4.79, -5.28, -6.71, -6.78, -6.88, -6.96, -6.93, -6.87, -6.82, -4.38, -4.36, -4.34, -4.31, -4.26, -4.18, -4.04, -3.83, -3.57, -3.44, -3.6, -4.07, -5.17, -5.69, -6.16, -6.93, -7.13, -6.96, -6.89, -6.84, -4.33, -4.31, -4.28, -4.23, -4.16, -4.05, -3.87, -3.59, -3.14, -2.76, -3.29, -3.95, -4.43, -5.63, -6.1, -6.49, -6.93, -6.88, -6.88, -6.85, -4.3, -4.27, -4.23, -4.17, -4.09, -3.98, -3.81, -3.56, -3.15, -2.83, -3.45, -3.97, -4.39, -5.54, -5.98, -6.65, -6.74, -6.75, -6.86, -6.84, -4.27, -4.24, -4.2, -4.14, -4.07, -3.97, -3.85, -3.69, -3.53, -3.49, -3.82, -4.11, -4.4, -6.15, -6.36, -6.51, -6.61, -6.65, -6.64, -6.62, -4.25, -4.22, -4.18, -4.13, -4.07, -4.0, -3.93, -3.86, -3.85, -4.05, -4.19, -4.21, -4.34, -4.54, -6.22, -6.38, -6.48, -6.54, -6.55, -6.55, -4.24, -4.21, -4.17, -4.13, -4.09, -4.04, -4.01, -4.0, -4.06, -4.33, -4.46, -4.35, -4.4, -4.53, -6.1, -6.26, -6.37, -6.44, -6.47, -6.48, -4.23, -4.2, -4.17, -4.14, -4.11, -4.08, -4.07, -4.08, -4.21, -4.34, -4.43, -4.4, -4.43, -4.52, -6.01, -6.17, -6.28, -6.35, -6.4, -6.42, -4.23, -4.2, -4.18, -4.15, -4.13, -4.11, -4.11, -4.13, -4.25, -4.32, -4.37, -4.4, -4.44, -4.52, -5.97, -6.1, -6.21, -6.28, -6.33, -6.36, -4.23, -4.21, -4.19, -4.17, -4.15, -4.14, -4.14, -4.23, -4.27, -4.32, -4.36, -4.4, -4.45, -4.52, -5.95, -6.06, -6.16, -6.23, -6.28, -6.32]}, {"header": {"refTime": "2023-09-01T15:00:00.000Z", "nx": 21, "ny": 33, "lo1": 113.509, "la1": 22.2235, "lo2": 113.5947, "la2": 22.1034, "dx": 0.0042850000000001385, "dy": 0.003753125000000024, "parameterCategory": 0, "parameterCategoryName": "Temperature", "parameterNumber": 0}, "data": [[29.48, 29.47, 29.46, 29.2, 29.2, 29.46, 29.45, 29.45, 29.45, 29.4, 29.43, 29.46, 29.72, 29.75, 29.62, 29.61, 29.76, 29.75, 29.74, 29.73], [29.48, 29.48, 29.47, 29.45, 29.2, 29.21, 29.44, 29.42, 29.41, 29.39, 29.43, 29.48, 29.74, 29.77, 29.64, 29.78, 29.75, 29.74, 29.72, 29.72], [29.49, 29.48, 29.47, 29.46, 29.2, 29.21, 29.22, 29.4, 29.33, 29.37, 29.44, 29.52, 29.78, 29.8, 29.8, 29.77, 29.74, 29.72, 29.71, 29.7], [29.5, 29.49, 29.48, 29.47, 29.45, 29.21, 29.22, 29.23, 29.25, 29.38, 29.47, 29.58, 29.85, 29.76, 29.81, 29.76, 29.72, 29.69, 29.68, 29.68], [29.51, 29.51, 29.5, 29.49, 29.47, 29.2, 29.2, 29.21, 29.2, 29.38, 29.47, 29.77, 29.9, 29.79, 29.81, 29.74, 29.68, 29.65, 29.65, 29.66], [29.52, 29.52, 29.51, 29.51, 29.49, 29.47, 29.2, 29.19, 29.18, 29.14, 29.55, 29.7, 29.82, 29.97, 29.79, 29.7, 29.62, 29.59, 29.61, 29.63], [29.63, 29.54, 29.54, 29.53, 29.52, 29.49, 29.35, 29.2, 29.19, 29.23, 29.23, 29.6, 29.94, 29.95, 29.77, 29.67, 29.54, 29.49, 29.51, 29.55], [29.64, 29.65, 29.65, 29.64, 29.63, 29.44, 29.38, 29.32, 29.29, 29.2, 29.05, 29.59, 29.6, 29.95, 29.59, 29.64, 29.53, 29.49, 29.55, 29.6], [29.56, 29.57, 29.67, 29.68, 29.68, 29.66, 29.59, 29.36, 29.17, 29.26, 29.28, 29.43, 29.5, 29.41, 29.6, 29.66, 29.6, 29.57, 29.59, 29.61], [29.9, 29.9, 29.9, 29.62, 29.66, 29.76, 29.69, 29.59, 29.07, 29.09, 29.51, 29.34, 29.39, 29.37, 29.6, 29.68, 29.64, 29.62, 29.62, 29.63], [29.9, 29.9, 29.9, 29.9, 29.9, 29.9, 29.9, 29.9, 29.69, 29.16, 28.9, 29.28, 29.33, 29.33, 29.59, 29.7, 29.67, 29.65, 29.65, 29.65], [29.9, 29.9, 29.9, 29.9, 29.9, 29.9, 29.9, 29.9, 29.9, -999.0, 28.9, 29.9, 29.9, 29.3, 29.59, 29.71, 29.7, 28.77, 28.79, 28.79], [29.9, 29.9, 29.9, 29.9, 29.9, 29.9, 29.9, 29.9, 29.9, 29.9, -999.0, 29.9, 29.9, 28.86, 29.31, 29.0, 29.01, 28.87, 28.89, 28.9], [29.9, 29.9, 29.9, 29.9, 29.9, 29.9, 29.9, 29.9, 29.9, 29.9, -999.0, 28.3, 28.3, 28.3, 29.18, 28.91, 28.93, 28.79, 28.82, 28.84], [29.9, 29.9, 29.9, 29.9, 29.9, 29.9, 29.9, 29.8, 29.8, 29.8, 29.8, 29.22, 28.3, 28.3, 28.3, 28.8, 28.84, 28.71, 28.75, 28.78], [29.9, 29.9, 29.84, 29.84, 29.83, 29.8, 29.8, 29.8, 29.8, 29.8, 28.86, 28.96, 28.82, 28.7, 28.83, 28.81, 28.89, 28.75, 28.97, 29.01], [29.84, 29.84, 29.86, 29.86, 29.8, 29.8, 29.8, 29.8, 29.8, 29.8, 29.15, 28.97, 28.77, 28.59, 28.64, 28.59, 28.69, 28.77, 28.82, 28.86], [29.86, 29.86, 29.86, 29.86, 29.8, 29.8, 29.8, 29.8, 29.8, 29.42, 29.22, 28.99, 28.76, 28.65, 28.35, 28.56, 28.7, 28.79, 28.85, 28.89], [29.86, 29.86, 29.86, 29.8, 29.8, 29.8, 29.8, 29.8, 29.67, 29.51, 29.4, 29.22, 28.96, 28.76, 28.54, 28.64, 28.76, 28.85, 28.9, 28.92], [29.86, 29.86, 29.91, 29.91, 29.9, 29.89, 29.87, 29.83, 29.68, 29.58, 29.44, 29.28, 29.06, 28.94, 28.73, 28.79, 28.87, 28.92, 28.95, 28.97], [29.92, 29.92, 29.92, 29.88, 29.88, 29.87, 29.87, 29.86, 29.61, 29.56, 29.47, 29.35, 29.15, 28.85, 28.88, 28.93, 28.99, 29.02, 29.02, 29.01], [29.89, 29.89, 29.89, 29.89, 29.89, 29.89, 29.88, 29.9, 29.61, 29.58, 29.51, 29.42, 29.3, 28.95, 29.0, 29.06, 29.11, 29.11, 29.08, 29.05], [29.9, 29.9, 29.9, 29.92, 29.92, 29.92, 29.92, 29.93, 29.93, 29.94, 29.94, 29.86, 29.54, 29.01, 29.08, 29.17, 29.26, 29.2, 29.12, 29.08], [29.93, 29.93, 29.93, 29.93, 29.93, 29.93, 29.94, 29.95, 29.96, 29.96, 29.96, 29.93, 29.56, 29.48, 29.42, 29.21, 29.47, 29.19, 29.12, 29.09], [29.93, 29.93, 29.93, 29.94, 29.94, 29.94, 29.95, 29.96, 29.97, 29.99, 29.97, 29.94, 29.91, 29.48, 29.41, 29.35, 29.13, 29.02, 29.09, 29.08], [29.94, 29.94, 29.94, 29.94, 29.95, 29.95, 29.96, 29.97, 29.98, 29.99, 29.96, 29.94, 29.92, 29.49, 29.41, 29.35, 29.27, 29.23, 29.08, 29.07], [29.94, 29.94, 29.94, 29.95, 29.95, 29.95, 29.96, 29.97, 29.97, 29.98, 29.96, 29.95, 29.93, 29.52, 29.45, 29.38, 29.33, 29.31, 29.31, 29.33], [29.94, 29.94, 29.95, 29.95, 29.95, 29.96, 29.96, 29.97, 29.97, 29.97, 29.97, 29.82, 29.74, 29.65, 29.49, 29.43, 29.38, 29.36, 29.35, 29.36], [29.94, 29.95, 29.95, 29.95, 29.95, 29.96, 29.96, 29.97, 29.98, 29.98, 29.95, 29.86, 29.77, 29.68, 29.52, 29.47, 29.43, 29.4, 29.39, 29.39], [29.94, 29.95, 29.95, 29.95, 29.96, 29.96, 29.96, 29.97, 29.86, 29.9, 29.92, 29.85, 29.77, 29.7, 29.55, 29.5, 29.46, 29.43, 29.42, 29.41], [29.95, 29.95, 29.95, 29.95, 29.96, 29.96, 29.96, 29.97, 29.84, 29.85, 29.85, 29.82, 29.76, 29.7, 29.56, 29.52, 29.48, 29.46, 29.44, 29.43], [29.95, 29.95, 29.95, 29.95, 29.96, 29.96, 29.96, 29.8, 29.81, 29.82, 29.81, 29.78, 29.74, 29.7, 29.57, 29.53, 29.5, 29.48, 29.46, 29.45]]}]