gis_exercise/awsData/contour/wdir_2023083122.json
[{"header": {"refTime": "2023-08-31T22:00:00.000Z", "nx": 21, "ny": 33, "lo1": 113.509, "la1": 22.2235, "lo2": 113.5947, "la2": 22.1034, "dx": 0.0042850000000001385, "dy": 0.003753125000000024, "parameterCategory": 2, "parameterCategoryName": "Temperature", "parameterNumber": 2}, "data": [0.54, 0.54, 0.54, 1.08, 1.04, 0.97, 0.92, 0.87, 0.86, 1.0, 1.11, 1.22, 1.31, 1.36, 1.56, 1.61, 2.1, 2.11, 2.12, 2.13, 0.54, 0.54, 0.55, 0.55, 1.04, 0.98, 0.87, 0.77, 0.71, 0.9, 1.1, 1.25, 1.35, 1.41, 1.6, 2.08, 2.11, 2.12, 2.14, 2.14, 0.54, 0.54, 0.55, 0.55, 1.07, 1.0, 0.9, 0.69, 0.4, 0.82, 1.13, 1.32, 1.44, 1.48, 2.05, 2.09, 2.12, 2.14, 2.16, 2.16, 0.53, 0.54, 0.55, 0.56, 0.57, 1.05, 0.97, 0.83, 0.7, 0.96, 1.24, 1.45, 1.56, 1.88, 2.04, 2.1, 2.14, 2.17, 2.18, 2.18, 0.53, 0.54, 0.55, 0.56, 0.59, 1.13, 1.1, 1.05, 1.04, 1.21, 1.4, 1.87, 1.85, 1.87, 2.05, 2.12, 2.18, 2.21, 2.22, 2.21, 0.52, 0.52, 0.54, 0.56, 0.6, 0.65, 1.23, 1.25, 1.29, 1.35, 1.9, 1.89, 1.87, 2.22, 2.07, 2.16, 2.25, 2.28, 2.26, 2.23, 0.56, 0.51, 0.52, 0.54, 0.58, 0.66, 1.2, 1.39, 1.44, 1.79, 1.86, 1.92, 2.3, 2.37, 2.09, 2.2, 2.33, 2.39, 2.56, 2.58, 0.54, 0.53, 0.53, 0.8, 0.82, 0.97, 1.13, 1.34, 1.58, 1.8, 1.9, 2.26, 2.34, 2.53, 2.71, 2.66, 2.58, 2.55, 2.59, 2.62, 0.51, 0.5, 0.48, 0.46, 0.7, 0.74, 0.9, 1.2, 1.63, 1.79, 2.38, 2.59, 2.97, 2.78, 2.78, 2.7, 2.64, 2.62, 2.62, 2.64, 0.51, 0.49, 0.45, 0.38, 0.31, 0.46, 0.7, 0.98, 1.65, 1.69, 2.55, 2.8, 3.14, 2.88, 2.83, 2.75, 2.69, 2.66, 2.66, 2.66, 0.52, 0.49, 0.45, 0.39, 0.26, -0.13, 0.41, 0.77, 1.15, 1.66, 2.46, 2.75, 2.84, 2.81, 2.84, 2.77, 2.73, 2.7, 2.68, 2.68, 0.52, 0.5, 0.47, 0.43, 0.37, 0.34, 0.58, 1.01, 1.22, 1.77, 2.36, 2.54, 2.65, 2.73, 2.83, 2.78, 2.74, 2.77, 2.75, 2.74, 0.54, 0.52, 0.51, 0.49, 0.48, 0.53, 0.63, 0.93, 1.12, 0.97, 1.89, 2.44, 2.53, 2.72, 2.69, 2.81, 2.77, 2.75, 2.73, 2.73, 0.55, 0.54, 0.54, 0.54, 0.55, 0.57, 0.55, 0.74, 0.88, 0.88, 1.8, 2.43, 2.5, 2.53, 2.61, 2.73, 2.72, 2.71, 2.71, 2.71, 0.56, 0.56, 0.56, 0.57, 0.58, 0.6, 0.63, 0.83, 0.9, 0.92, 0.92, 1.49, 2.43, 2.44, 2.44, 2.64, 2.65, 2.66, 2.67, 2.68, 0.58, 0.58, 0.28, 0.3, 0.32, 0.78, 0.78, 0.8, 0.83, 0.85, 1.38, 1.48, 1.6, 2.13, 2.16, 2.95, 3.07, 3.18, 2.98, 3.03, 0.28, 0.29, 0.3, 0.31, 0.78, 0.77, 0.76, 0.75, 0.75, 0.77, 1.31, 1.47, 1.64, 1.81, 2.27, 2.39, 2.46, 2.52, 2.55, 2.58, 0.29, 0.3, 0.31, 0.32, 0.77, 0.75, 0.72, 0.68, 0.66, 0.84, 1.01, 1.44, 1.65, 2.24, 2.2, 2.37, 2.48, 2.54, 2.58, 2.59, 0.3, 0.31, 0.32, 0.77, 0.75, 0.73, 0.68, 0.61, 0.57, 0.78, 1.25, 1.47, 2.19, 2.3, 2.36, 2.44, 2.53, 2.59, 2.61, 2.62, 0.3, 0.31, 0.89, 0.88, 0.86, 0.83, 0.78, 0.7, 0.81, 1.04, 1.27, 1.46, 2.26, 2.41, 2.52, 2.57, 2.63, 2.66, 2.66, 2.65, 0.93, 0.93, 0.93, 0.92, 0.91, 0.9, 0.87, 0.84, 1.1, 1.2, 1.34, 1.47, 2.38, 2.61, 2.65, 2.71, 2.75, 2.75, 2.72, 2.68, 0.96, 0.96, 0.97, 0.97, 0.98, 0.98, 0.99, 0.94, 1.3, 1.37, 1.44, 1.51, 2.94, 2.69, 2.76, 2.85, 2.92, 2.86, 2.76, 2.69, 0.99, 1.0, 1.01, 0.95, 0.96, 0.99, 1.02, 1.07, 1.13, 1.16, 1.13, 2.27, 2.55, 2.74, 2.84, 3.01, 3.22, 2.99, 2.75, 2.67, 0.93, 0.94, 0.95, 0.97, 0.99, 1.03, 1.1, 1.19, 1.31, 1.36, 1.27, 2.21, 2.51, 2.64, 2.79, 3.02, 3.88, 2.71, 2.59, 2.6, 0.93, 0.94, 0.96, 0.98, 1.01, 1.06, 1.14, 1.26, 1.48, 1.67, 1.39, 2.09, 2.31, 2.59, 2.69, 2.75, 2.45, 1.95, 2.42, 2.54, 0.93, 0.94, 0.96, 0.98, 1.01, 1.05, 1.12, 1.24, 1.45, 1.62, 1.85, 1.94, 2.14, 2.54, 2.6, 2.32, 2.26, 2.16, 2.44, 2.52, 0.93, 0.94, 0.95, 0.97, 0.99, 1.03, 1.07, 1.13, 1.19, 1.19, 1.62, 1.71, 1.94, 1.86, 2.05, 2.17, 2.19, 2.19, 2.2, 2.22, 0.93, 0.93, 0.94, 0.96, 0.97, 0.98, 0.99, 0.99, 0.95, 1.27, 1.19, 0.81, 0.86, 0.89, 1.9, 2.04, 2.11, 2.14, 2.16, 2.17, 0.92, 0.93, 0.93, 0.94, 0.94, 0.94, 0.92, 0.88, 0.78, 0.89, 0.39, 0.64, 0.77, 0.84, 1.78, 1.93, 2.02, 2.07, 2.1, 2.12, 0.91, 0.92, 0.92, 0.92, 0.91, 0.9, 0.87, 0.82, 0.75, 0.57, 0.46, 0.61, 0.74, 0.81, 1.69, 1.84, 1.94, 2.0, 2.05, 2.07, 0.91, 0.91, 0.91, 0.9, 0.89, 0.88, 0.84, 0.79, 0.76, 0.67, 0.63, 0.68, 0.75, 0.8, 1.65, 1.78, 1.88, 1.95, 1.99, 2.03, 0.9, 0.9, 0.9, 0.89, 0.88, 0.86, 0.83, 0.84, 0.79, 0.74, 0.72, 0.74, 0.78, 0.81, 1.63, 1.74, 1.83, 1.9, 1.95, 1.99]}, {"header": {"refTime": "2023-08-31T22:00:00.000Z", "nx": 21, "ny": 33, "lo1": 113.509, "la1": 22.2235, "lo2": 113.5947, "la2": 22.1034, "dx": 0.0042850000000001385, "dy": 0.003753125000000024, "parameterCategory": 2, "parameterCategoryName": "Temperature", "parameterNumber": 3}, "data": [-1.3, -1.26, -1.21, -0.76, -0.72, -0.67, -0.6, -0.54, -0.52, -0.36, -0.42, -0.47, -1.04, -1.11, -1.0, -1.07, -1.94, -1.97, -2.0, -2.01, -1.32, -1.29, -1.24, -1.18, -0.73, -0.67, -0.57, -0.46, -0.38, -0.3, -0.41, -0.49, -1.06, -1.13, -1.02, -1.89, -1.94, -1.98, -2.01, -2.03, -1.35, -1.32, -1.28, -1.22, -0.76, -0.69, -0.58, -0.39, -0.09, -0.26, -0.43, -0.53, -1.08, -1.15, -1.8, -1.89, -1.96, -2.0, -2.03, -2.05, -1.39, -1.37, -1.33, -1.28, -1.21, -0.76, -0.67, -0.52, -0.37, -0.34, -0.49, -0.6, -1.09, -1.32, -1.78, -1.9, -1.99, -2.03, -2.06, -2.07, -1.44, -1.42, -1.4, -1.37, -1.31, -0.85, -0.82, -0.76, -0.72, -0.47, -0.57, -1.24, -1.02, -1.28, -1.8, -1.95, -2.04, -2.09, -2.1, -2.1, -1.49, -1.49, -1.48, -1.46, -1.43, -1.4, -0.99, -1.01, -1.0, -0.95, -1.42, -1.38, -1.25, -2.1, -1.89, -2.03, -2.12, -2.16, -2.15, -2.13, -2.7, -1.55, -1.56, -1.56, -1.56, -1.55, -1.73, -1.27, -1.28, -1.61, -1.58, -1.7, -2.58, -2.58, -2.04, -2.11, -2.21, -2.25, -2.39, -2.42, -2.72, -2.7, -2.67, -2.51, -2.49, -1.83, -1.78, -1.75, -1.81, -1.52, -1.16, -2.71, -3.01, -2.99, -3.25, -3.01, -2.7, -2.58, -2.75, -2.87, -2.74, -2.72, -2.7, -2.66, -2.51, -2.49, -2.44, -1.76, -1.88, -1.67, -2.35, -3.0, -3.57, -3.3, -3.35, -3.13, -2.92, -2.82, -2.86, -2.92, -3.23, -3.2, -3.15, -2.69, -2.63, -2.51, -2.54, -2.57, -2.13, -1.99, -2.73, -3.21, -3.7, -3.37, -3.42, -3.23, -3.07, -2.99, -2.97, -2.99, -3.24, -3.21, -3.17, -3.09, -2.92, -2.44, -3.03, -3.3, -2.87, -2.34, -3.04, -3.1, -3.27, -3.24, -3.43, -3.28, -3.17, -3.09, -3.06, -3.05, -3.26, -3.24, -3.21, -3.17, -3.09, -3.05, -3.27, -3.45, -3.49, -3.85, -3.12, -3.74, -3.77, -3.11, -3.41, -3.31, -3.22, -3.18, -3.14, -3.12, -3.28, -3.28, -3.27, -3.27, -3.3, -3.43, -3.62, -3.55, -3.52, -3.48, -3.93, -3.71, -3.73, -3.6, -3.57, -3.33, -3.27, -3.22, -3.18, -3.16, -3.31, -3.31, -3.33, -3.36, -3.43, -3.61, -3.92, -3.65, -3.54, -3.49, -3.93, -3.69, -3.68, -3.67, -3.5, -3.3, -3.26, -3.23, -3.2, -3.19, -3.33, -3.34, -3.36, -3.4, -3.47, -3.58, -3.66, -3.63, -3.53, -3.47, -3.43, -3.11, -3.6, -3.57, -3.54, -3.27, -3.25, -3.23, -3.21, -3.2, -3.35, -3.36, -3.11, -3.15, -3.2, -3.54, -3.52, -3.47, -3.4, -3.36, -3.06, -3.07, -3.08, -3.25, -3.25, -3.48, -3.53, -3.57, -3.08, -3.08, -3.06, -3.07, -3.09, -3.11, -3.43, -3.4, -3.35, -3.27, -3.22, -3.22, -2.99, -3.03, -3.06, -3.08, -3.12, -3.34, -3.42, -3.49, -3.53, -3.56, -3.05, -3.06, -3.06, -3.07, -3.34, -3.28, -3.18, -3.05, -2.98, -2.97, -3.05, -3.0, -3.04, -3.11, -3.11, -3.31, -3.43, -3.5, -3.55, -3.58, -3.04, -3.04, -3.04, -3.32, -3.27, -3.2, -3.07, -2.85, -2.65, -2.86, -2.34, -2.39, -3.08, -3.12, -3.3, -3.38, -3.48, -3.54, -3.59, -3.61, -3.02, -3.02, -2.5, -2.49, -2.48, -2.46, -2.45, -2.46, -2.38, -2.29, -2.26, -2.29, -3.09, -3.14, -3.45, -3.49, -3.55, -3.6, -3.63, -3.65, -2.43, -2.42, -2.41, -2.38, -2.36, -2.33, -2.32, -2.31, -2.16, -2.13, -2.12, -2.16, -3.11, -3.54, -3.56, -3.6, -3.64, -3.67, -3.68, -3.69, -2.37, -2.35, -2.32, -2.28, -2.24, -2.2, -2.15, -1.52, -1.92, -1.91, -1.92, -1.99, -2.47, -3.61, -3.64, -3.68, -3.71, -3.73, -3.73, -3.72, -2.31, -2.28, -2.24, -1.34, -1.34, -1.34, -1.32, -1.28, -1.22, -1.18, -1.17, -1.97, -2.64, -3.67, -3.7, -3.74, -3.77, -3.79, -3.78, -3.76, -1.28, -1.28, -1.28, -1.27, -1.25, -1.22, -1.17, -1.09, -0.99, -0.93, -0.98, -1.35, -2.56, -2.93, -3.25, -3.78, -3.79, -3.85, -3.82, -3.78, -1.25, -1.24, -1.23, -1.21, -1.18, -1.13, -1.06, -0.96, -0.8, -0.67, -0.83, -1.25, -1.54, -2.89, -3.22, -3.5, -3.87, -3.91, -3.84, -3.8, -1.22, -1.2, -1.18, -1.16, -1.12, -1.07, -1.0, -0.9, -0.77, -0.67, -0.94, -1.19, -1.45, -2.83, -3.14, -3.41, -3.57, -3.62, -3.82, -3.79, -1.19, -1.17, -1.15, -1.12, -1.08, -1.03, -0.97, -0.9, -0.82, -0.79, -0.99, -1.15, -1.36, -2.74, -3.01, -3.23, -3.38, -3.44, -3.43, -3.39, -1.17, -1.15, -1.12, -1.09, -1.05, -1.01, -0.95, -0.9, -0.84, -0.93, -0.95, -1.12, -1.34, -1.6, -2.83, -3.05, -3.2, -3.28, -3.3, -3.29, -1.15, -1.13, -1.1, -1.07, -1.04, -0.99, -0.95, -0.89, -0.84, -0.87, -0.78, -1.03, -1.28, -1.52, -2.68, -2.9, -3.05, -3.14, -3.18, -3.2, -1.14, -1.11, -1.09, -1.06, -1.03, -0.99, -0.95, -0.9, -1.02, -0.92, -0.87, -1.05, -1.26, -1.47, -2.57, -2.77, -2.92, -3.02, -3.08, -3.11, -1.12, -1.1, -1.08, -1.05, -1.02, -0.99, -0.95, -0.91, -1.08, -1.04, -1.04, -1.14, -1.29, -1.46, -2.5, -2.69, -2.83, -2.92, -2.99, -3.03, -1.12, -1.1, -1.08, -1.05, -1.02, -0.99, -0.96, -1.18, -1.16, -1.14, -1.16, -1.23, -1.34, -1.47, -2.48, -2.63, -2.76, -2.85, -2.92, -2.97]}, {"header": {"refTime": "2023-08-31T22:00:00.000Z", "nx": 21, "ny": 33, "lo1": 113.509, "la1": 22.2235, "lo2": 113.5947, "la2": 22.1034, "dx": 0.0042850000000001385, "dy": 0.003753125000000024, "parameterCategory": 0, "parameterCategoryName": "Temperature", "parameterNumber": 0}, "data": [[26.71, 26.69, 26.65, 26.33, 26.31, 26.6, 26.54, 26.49, 26.48, 26.51, 26.64, 26.77, 27.11, 27.18, 27.28, 27.32, 27.82, 27.82, 27.81, 27.81], [26.73, 26.7, 26.67, 26.62, 26.31, 26.27, 26.48, 26.37, 26.3, 26.41, 26.63, 26.82, 27.18, 27.25, 27.34, 27.83, 27.82, 27.82, 27.81, 27.81], [26.76, 26.73, 26.7, 26.65, 26.33, 26.28, 26.21, 26.27, 25.92, 26.32, 26.67, 26.93, 27.3, 27.35, 27.84, 27.83, 27.82, 27.82, 27.81, 27.81], [26.79, 26.77, 26.74, 26.7, 26.64, 26.32, 26.26, 26.16, 26.07, 26.46, 26.8, 27.12, 27.5, 27.63, 27.84, 27.83, 27.82, 27.81, 27.81, 27.81], [26.82, 26.81, 26.79, 26.76, 26.71, 26.39, 26.36, 26.33, 26.31, 26.66, 26.93, 27.65, 27.85, 27.68, 27.84, 27.82, 27.81, 27.81, 27.81, 27.81], [26.86, 26.86, 26.85, 26.83, 26.8, 26.76, 26.47, 26.48, 26.49, 26.49, 27.35, 27.55, 27.72, 27.87, 27.83, 27.81, 27.81, 27.8, 27.8, 27.8], [27.34, 26.91, 26.91, 26.91, 26.9, 26.87, 27.02, 26.62, 26.65, 26.9, 26.91, 27.38, 27.77, 27.8, 27.8, 27.8, 27.8, 27.8, 27.84, 27.85], [27.36, 27.36, 27.36, 27.36, 27.34, 27.14, 27.06, 26.96, 26.91, 26.86, 26.74, 27.29, 27.3, 27.8, 27.73, 27.7, 27.75, 27.76, 27.74, 27.72], [27.24, 27.25, 27.4, 27.41, 27.41, 27.38, 27.28, 27.02, 26.8, 26.92, 26.98, 27.13, 27.2, 27.11, 27.72, 27.7, 27.72, 27.73, 27.73, 27.72], [27.7, 27.7, 27.7, 27.33, 27.38, 27.52, 27.42, 27.28, 26.73, 26.75, 27.21, 27.04, 27.09, 27.07, 27.72, 27.69, 27.7, 27.71, 27.71, 27.71], [27.7, 27.7, 27.7, 27.7, 27.7, 27.7, 27.7, 27.7, 27.42, 26.8, 26.6, 26.98, 27.03, 27.03, 27.72, 27.68, 27.69, 27.7, 27.7, 27.7], [27.7, 27.7, 27.7, 27.7, 27.7, 27.7, 27.7, 27.7, 27.7, -999.0, 26.6, 27.6, 27.6, 27.0, 27.72, 27.67, 27.68, 26.55, 26.58, 26.59], [27.7, 27.7, 27.7, 27.7, 27.7, 27.7, 27.7, 27.7, 27.7, 27.7, -999.0, 27.6, 27.6, 26.29, 26.87, 27.0, 27.02, 26.74, 26.78, 26.81], [27.7, 27.7, 27.7, 27.7, 27.7, 27.7, 27.7, 27.7, 27.7, 27.7, -999.0, 25.6, 25.6, 25.6, 26.7, 26.82, 26.85, 26.57, 26.63, 26.68], [27.7, 27.7, 27.7, 27.7, 27.7, 27.7, 27.7, 27.3, 27.3, 27.3, 27.3, 26.65, 25.6, 25.6, 25.6, 26.61, 26.67, 26.42, 26.5, 26.56], [27.7, 27.7, 27.45, 27.44, 27.44, 27.3, 27.3, 27.3, 27.3, 27.3, 26.23, 26.35, 26.19, 26.05, 26.21, 26.55, 26.7, 26.44, 26.88, 26.97], [27.44, 27.44, 27.56, 27.55, 27.3, 27.3, 27.3, 27.3, 27.3, 27.3, 26.57, 26.36, 26.14, 25.93, 26.09, 26.07, 26.24, 26.37, 26.46, 26.52], [27.56, 27.55, 27.55, 27.53, 27.3, 27.3, 27.3, 27.3, 27.3, 26.87, 26.64, 26.38, 26.12, 26.1, 25.67, 26.02, 26.26, 26.41, 26.51, 26.57], [27.55, 27.54, 27.53, 27.3, 27.3, 27.3, 27.3, 27.3, 27.15, 26.97, 26.75, 26.54, 26.54, 26.28, 25.99, 26.17, 26.37, 26.5, 26.58, 26.63], [27.54, 27.54, 27.13, 27.14, 27.15, 27.16, 27.19, 27.25, 27.11, 26.96, 26.77, 26.59, 26.69, 26.56, 26.31, 26.41, 26.54, 26.63, 26.68, 26.7], [27.12, 27.12, 27.13, 27.18, 27.18, 27.19, 27.2, 27.21, 26.97, 26.89, 26.77, 26.64, 26.84, 26.51, 26.56, 26.66, 26.74, 26.79, 26.79, 26.77], [27.16, 27.16, 27.16, 27.17, 27.17, 27.17, 27.17, 27.2, 26.9, 26.85, 26.78, 26.69, 26.89, 26.67, 26.76, 26.87, 26.96, 26.95, 26.89, 26.84], [27.15, 27.15, 27.15, 27.19, 27.19, 27.18, 27.18, 27.17, 27.16, 27.15, 27.15, 27.4, 27.13, 26.78, 26.89, 27.06, 27.24, 27.12, 26.95, 26.87], [27.19, 27.19, 27.19, 27.19, 27.18, 27.17, 27.16, 27.14, 27.12, 27.11, 27.13, 27.37, 27.12, 27.16, 27.2, 27.13, 27.68, 27.04, 26.91, 26.87], [27.19, 27.19, 27.19, 27.18, 27.18, 27.17, 27.15, 27.13, 27.08, 27.05, 27.1, 27.34, 27.45, 27.13, 27.16, 27.16, 26.9, 26.65, 26.83, 26.85], [27.19, 27.19, 27.19, 27.18, 27.17, 27.17, 27.15, 27.13, 27.09, 27.06, 27.22, 27.33, 27.43, 27.11, 27.11, 27.13, 27.03, 26.96, 26.82, 26.83], [27.19, 27.19, 27.19, 27.18, 27.18, 27.17, 27.16, 27.15, 27.14, 27.13, 27.27, 27.34, 27.41, 27.2, 27.17, 27.13, 27.08, 27.05, 27.06, 27.09], [27.19, 27.19, 27.19, 27.18, 27.18, 27.18, 27.17, 27.17, 27.18, 27.29, 27.31, 27.03, 26.95, 26.86, 27.18, 27.14, 27.12, 27.1, 27.1, 27.11], [27.19, 27.19, 27.19, 27.19, 27.18, 27.18, 27.19, 27.19, 27.21, 27.31, 27.23, 27.1, 26.99, 26.9, 27.18, 27.16, 27.14, 27.12, 27.12, 27.12], [27.19, 27.19, 27.19, 27.19, 27.19, 27.19, 27.19, 27.2, 27.08, 27.14, 27.19, 27.1, 27.0, 26.92, 27.19, 27.17, 27.15, 27.14, 27.14, 27.14], [27.19, 27.19, 27.19, 27.19, 27.19, 27.19, 27.2, 27.21, 27.05, 27.09, 27.09, 27.05, 26.99, 26.92, 27.19, 27.18, 27.17, 27.16, 27.15, 27.15], [27.19, 27.19, 27.19, 27.19, 27.2, 27.2, 27.2, 27.01, 27.03, 27.04, 27.04, 27.01, 26.97, 26.92, 27.2, 27.19, 27.17, 27.17, 27.16, 27.16]]}]