gis_exercise/awsData/contour/wdir_2023091401.json
[{"header": {"refTime": "2023-09-14T01:00:00.000Z", "nx": 21, "ny": 33, "lo1": 113.509, "la1": 22.2235, "lo2": 113.5947, "la2": 22.1034, "dx": 0.0042850000000001385, "dy": 0.003753125000000024, "parameterCategory": 2, "parameterCategoryName": "Temperature", "parameterNumber": 2}, "data": [-2.44, -2.44, -2.44, -2.45, -2.44, -2.94, -2.89, -2.85, -2.85, -2.68, -2.79, -2.89, -3.04, -3.08, -4.36, -4.49, -4.61, -4.68, -4.73, -4.76, -2.44, -2.44, -2.44, -2.44, -2.44, -2.42, -2.84, -2.74, -2.68, -2.62, -2.79, -2.94, -3.12, -3.15, -4.41, -4.56, -4.66, -4.75, -4.8, -4.83, -2.43, -2.44, -2.44, -2.45, -2.46, -2.44, -2.4, -2.65, -2.34, -2.56, -2.82, -3.04, -3.24, -3.26, -4.45, -4.6, -4.74, -4.84, -4.9, -4.92, -2.43, -2.44, -2.44, -2.45, -2.46, -2.46, -2.43, -2.38, -2.34, -2.64, -2.91, -3.22, -3.47, -3.34, -4.45, -4.66, -4.86, -4.99, -5.04, -5.03, -2.43, -2.43, -2.44, -2.46, -2.47, -2.5, -2.49, -2.47, -2.44, -2.72, -2.97, -3.41, -3.87, -3.44, -4.45, -4.76, -5.06, -5.22, -5.23, -5.16, -2.42, -2.42, -2.43, -2.45, -2.48, -2.52, -2.57, -2.57, -2.54, -2.45, -2.83, -3.16, -3.51, -4.08, -4.46, -4.92, -5.39, -5.6, -5.48, -5.31, -3.79, -2.41, -2.42, -2.44, -2.47, -2.53, -2.56, -2.72, -2.7, -2.45, -2.29, -2.7, -3.8, -4.0, -4.44, -5.07, -5.88, -6.18, -6.27, -6.13, -3.8, -3.74, -3.67, -3.62, -3.59, -2.43, -2.55, -2.78, -3.0, -2.42, -2.1, -2.9, -3.11, -4.08, -5.01, -5.5, -6.08, -6.29, -5.98, -5.77, -3.82, -3.75, -3.66, -3.53, -3.45, -3.47, -3.61, -2.62, -3.56, -2.48, -3.1, -3.63, -4.51, -4.09, -5.06, -5.38, -5.72, -5.87, -5.8, -5.69, -4.94, -4.83, -4.67, -3.5, -3.23, -3.1, -3.54, -4.02, -4.17, -3.94, -3.53, -4.12, -4.89, -4.3, -5.11, -5.29, -5.49, -5.61, -5.62, -5.58, -4.97, -4.87, -4.71, -4.43, -3.82, -2.06, -4.29, -5.45, -4.97, -4.65, -5.22, -3.98, -4.21, -4.13, -5.12, -5.23, -5.36, -5.45, -5.49, -5.48, -5.04, -4.96, -4.85, -4.67, -4.39, -4.25, -5.12, -6.15, -6.55, -6.95, -5.5, -5.36, -5.25, -3.96, -5.12, -5.2, -5.28, -5.9, -5.91, -5.91, -5.11, -5.08, -5.04, -5.02, -5.1, -5.48, -6.09, -6.33, -6.48, -6.18, -6.86, -5.47, -5.33, -4.46, -4.43, -5.72, -5.74, -5.77, -5.79, -5.81, -5.2, -5.2, -5.22, -5.3, -5.51, -5.99, -6.77, -6.32, -6.22, -6.1, -6.88, -6.01, -5.86, -5.74, -4.4, -5.55, -5.58, -5.63, -5.67, -5.7, -5.27, -5.3, -5.35, -5.46, -5.66, -5.96, -6.19, -5.59, -5.27, -4.99, -4.77, -3.82, -5.69, -5.54, -5.45, -5.35, -5.41, -5.49, -5.55, -5.61, -5.33, -5.37, -3.18, -3.31, -3.47, -4.96, -4.89, -4.65, -4.38, -4.22, -3.35, -3.5, -3.66, -3.59, -3.73, -4.85, -4.9, -4.95, -5.19, -5.25, -2.92, -2.95, -2.99, -3.02, -4.39, -4.22, -3.9, -3.48, -3.21, -3.26, -2.83, -3.21, -3.55, -3.85, -3.81, -4.22, -4.16, -4.12, -4.08, -4.06, -2.81, -2.8, -2.78, -2.72, -3.9, -3.53, -2.92, -2.1, -1.68, -1.7, -2.35, -2.95, -3.45, -3.74, -4.29, -4.24, -4.16, -4.11, -4.07, -4.04, -2.7, -2.67, -2.6, -3.82, -3.51, -3.02, -2.21, -0.89, 0.35, -1.05, -0.9, -1.59, -3.02, -3.58, -4.25, -4.2, -4.14, -4.09, -4.05, -4.02, -2.61, -2.55, -2.18, -2.03, -1.81, -1.48, -0.99, -0.33, 0.29, -0.26, -0.88, -1.45, -2.92, -3.37, -4.16, -4.14, -4.1, -4.06, -4.03, -4.0, -2.22, -2.14, -2.03, -1.88, -1.68, -1.41, -1.08, -0.76, -0.28, -0.55, -0.94, -1.36, -2.89, -4.1, -4.1, -4.09, -4.07, -4.03, -4.0, -3.97, -2.12, -2.04, -1.92, -1.78, -1.61, -1.41, -1.2, 0.02, -0.63, -0.79, -1.02, -1.29, -3.48, -4.06, -4.07, -4.07, -4.07, -4.02, -3.96, -3.93, -2.04, -1.96, -1.85, -0.16, -0.15, -0.16, -0.17, -0.21, -0.26, -0.31, -0.32, -1.46, -2.79, -4.03, -4.04, -4.09, -4.17, -4.02, -3.9, -3.88, -0.21, -0.21, -0.21, -0.22, -0.24, -0.27, -0.31, -0.39, -0.49, -0.54, -0.5, -1.92, -2.71, -3.04, -3.36, -4.05, -4.52, -3.79, -3.76, -3.81, -0.24, -0.25, -0.26, -0.28, -0.31, -0.35, -0.42, -0.52, -0.67, -0.79, -0.64, -1.78, -2.15, -2.98, -3.27, -3.5, -3.63, -3.29, -3.64, -3.76, -0.27, -0.28, -0.3, -0.33, -0.36, -0.41, -0.48, -0.57, -0.7, -0.79, -1.4, -1.69, -2.02, -2.91, -3.16, -3.29, -3.3, -3.26, -3.67, -3.75, -0.29, -0.31, -0.33, -0.36, -0.4, -0.45, -0.51, -0.58, -0.65, -0.68, -1.41, -1.6, -1.88, -2.71, -2.95, -3.11, -3.19, -3.21, -3.21, -3.21, -0.31, -0.33, -0.36, -0.39, -0.42, -0.47, -0.52, -0.58, -0.63, -1.28, -1.28, -1.09, -1.2, -1.33, -2.78, -2.95, -3.06, -3.11, -3.13, -3.14, -0.33, -0.35, -0.38, -0.41, -0.44, -0.48, -0.53, -0.58, -0.63, -1.14, -0.87, -1.02, -1.16, -1.29, -2.63, -2.82, -2.94, -3.01, -3.05, -3.07, -0.35, -0.37, -0.39, -0.42, -0.45, -0.49, -0.53, -0.57, -1.03, -0.96, -0.92, -1.03, -1.15, -1.26, -2.53, -2.71, -2.84, -2.92, -2.97, -3.0, -0.36, -0.38, -0.4, -0.42, -0.45, -0.49, -0.52, -0.56, -1.06, -1.03, -1.03, -1.08, -1.17, -1.25, -2.47, -2.64, -2.76, -2.84, -2.9, -2.94, -0.36, -0.38, -0.4, -0.43, -0.45, -0.48, -0.51, -1.12, -1.1, -1.09, -1.1, -1.13, -1.19, -1.26, -2.45, -2.59, -2.7, -2.78, -2.84, -2.89]}, {"header": {"refTime": "2023-09-14T01:00:00.000Z", "nx": 21, "ny": 33, "lo1": 113.509, "la1": 22.2235, "lo2": 113.5947, "la2": 22.1034, "dx": 0.0042850000000001385, "dy": 0.003753125000000024, "parameterCategory": 2, "parameterCategoryName": "Temperature", "parameterNumber": 3}, "data": [-0.27, -0.28, -0.29, -0.1, -0.13, -0.61, -0.61, -0.62, -0.63, -0.47, -0.48, -0.49, -0.67, -0.68, -0.84, -0.83, -0.66, -0.64, -0.63, -0.63, -0.26, -0.27, -0.28, -0.3, -0.13, -0.16, -0.6, -0.6, -0.61, -0.48, -0.49, -0.52, -0.7, -0.7, -0.86, -0.68, -0.66, -0.64, -0.63, -0.62, -0.26, -0.26, -0.27, -0.29, -0.12, -0.15, -0.21, -0.59, -0.57, -0.49, -0.5, -0.56, -0.75, -0.74, -0.72, -0.68, -0.66, -0.64, -0.63, -0.62, -0.25, -0.25, -0.26, -0.27, -0.29, -0.13, -0.18, -0.25, -0.32, -0.45, -0.5, -0.63, -0.84, -0.54, -0.73, -0.68, -0.65, -0.63, -0.62, -0.61, -0.24, -0.24, -0.24, -0.25, -0.27, -0.09, -0.11, -0.13, -0.12, -0.36, -0.45, -0.59, -0.94, -0.62, -0.72, -0.66, -0.63, -0.62, -0.61, -0.61, -0.22, -0.22, -0.23, -0.23, -0.24, -0.25, -0.06, -0.05, -0.0, 0.09, -0.12, -0.4, -0.68, -0.62, -0.67, -0.63, -0.61, -0.6, -0.6, -0.6, 0.09, -0.21, -0.21, -0.21, -0.21, -0.22, 0.11, -0.02, 0.03, 0.3, 0.39, -0.06, -0.36, -0.39, -0.6, -0.6, -0.6, -0.59, -0.58, -0.58, 0.09, 0.09, 0.08, 0.23, 0.21, 0.1, 0.09, 0.02, -0.05, 0.33, 0.6, 0.23, 0.16, -0.22, -0.14, -0.26, -0.41, -0.47, -0.38, -0.33, 0.1, 0.09, 0.09, 0.08, 0.21, 0.2, 0.19, 0.07, 0.3, 0.27, 0.39, 0.23, 0.16, 0.19, -0.11, -0.21, -0.31, -0.35, -0.33, -0.31, 0.46, 0.45, 0.42, 0.09, 0.07, 0.17, 0.24, 0.3, 0.52, 0.55, 0.31, 0.23, 0.17, 0.2, -0.1, -0.17, -0.24, -0.28, -0.28, -0.27, 0.46, 0.45, 0.42, 0.38, 0.29, 0.03, 0.39, 0.62, 0.55, 0.68, 0.64, 0.25, 0.22, 0.22, -0.1, -0.15, -0.2, -0.23, -0.24, -0.25, 0.47, 0.46, 0.44, 0.41, 0.36, 0.34, 0.5, 0.78, 0.91, 0.77, 0.7, 0.41, 0.34, 0.24, -0.1, -0.14, -0.17, -0.36, -0.37, -0.38, 0.48, 0.47, 0.46, 0.45, 0.45, 0.48, 0.55, 0.74, 0.85, 0.76, 0.67, 0.47, 0.4, -0.1, -0.12, -0.32, -0.34, -0.36, -0.37, -0.37, 0.49, 0.48, 0.48, 0.48, 0.49, 0.52, 0.52, 0.63, 0.7, 0.7, 0.67, 0.31, 0.21, 0.14, -0.17, -0.35, -0.36, -0.37, -0.37, -0.38, 0.5, 0.5, 0.5, 0.5, 0.52, 0.53, 0.56, 0.99, 1.1, 1.16, 1.2, 0.81, 0.14, 0.05, 0.0, -0.38, -0.38, -0.38, -0.38, -0.38, 0.51, 0.51, 0.77, 0.77, 0.78, 1.08, 1.09, 1.15, 1.22, 1.27, 0.95, 0.77, 0.55, 0.14, 0.05, 0.26, 0.4, 0.54, 0.46, 0.53, 0.81, 0.82, 0.84, 0.86, 1.19, 1.22, 1.27, 1.35, 1.41, 1.41, 1.0, 0.75, 0.45, 0.13, 0.19, 0.1, 0.33, 0.5, 0.63, 0.71, 0.86, 0.87, 0.9, 0.94, 1.28, 1.34, 1.44, 1.57, 1.65, 1.22, 0.94, 0.76, 0.4, 0.2, -0.43, 0.03, 0.36, 0.56, 0.69, 0.77, 0.89, 0.92, 0.96, 1.3, 1.35, 1.43, 1.56, 1.77, 1.87, 1.41, 1.17, 0.84, 0.85, 0.46, -0.01, 0.23, 0.5, 0.68, 0.79, 0.85, 0.93, 0.96, 1.34, 1.37, 1.42, 1.49, 1.6, 1.75, 1.74, 1.49, 1.19, 0.91, 1.07, 0.88, 0.43, 0.57, 0.74, 0.86, 0.92, 0.94, 1.32, 1.34, 1.36, 1.39, 1.43, 1.49, 1.56, 1.63, 1.48, 1.36, 1.17, 0.97, 1.29, 0.69, 0.77, 0.9, 1.02, 1.07, 1.07, 1.04, 1.33, 1.35, 1.37, 1.39, 1.43, 1.46, 1.5, 1.57, 1.34, 1.26, 1.15, 1.01, 1.25, 0.91, 1.04, 1.2, 1.32, 1.3, 1.21, 1.13, 1.34, 1.35, 1.37, 1.46, 1.46, 1.47, 1.47, 1.47, 1.45, 1.43, 1.42, 2.02, 1.51, 1.06, 1.22, 1.46, 1.72, 1.53, 1.28, 1.17, 1.41, 1.42, 1.42, 1.42, 1.42, 1.42, 1.41, 1.39, 1.37, 1.35, 1.35, 1.63, 1.5, 1.55, 1.62, 1.55, 2.38, 1.4, 1.21, 1.16, 1.39, 1.39, 1.39, 1.39, 1.38, 1.37, 1.35, 1.33, 1.31, 1.3, 1.3, 1.55, 1.71, 1.51, 1.55, 1.56, 1.18, 0.79, 1.09, 1.12, 1.38, 1.37, 1.36, 1.36, 1.34, 1.33, 1.31, 1.29, 1.28, 1.28, 1.39, 1.49, 1.63, 1.48, 1.49, 1.36, 1.25, 1.16, 1.08, 1.1, 1.36, 1.35, 1.34, 1.33, 1.31, 1.29, 1.27, 1.24, 1.22, 1.2, 1.32, 1.4, 1.54, 1.26, 1.3, 1.31, 1.27, 1.24, 1.26, 1.28, 1.34, 1.33, 1.32, 1.31, 1.29, 1.26, 1.23, 1.19, 1.14, 1.19, 1.17, 0.8, 0.74, 0.67, 1.25, 1.27, 1.27, 1.27, 1.27, 1.29, 1.33, 1.32, 1.3, 1.29, 1.26, 1.24, 1.2, 1.15, 1.08, 1.05, 0.78, 0.77, 0.74, 0.68, 1.22, 1.25, 1.26, 1.27, 1.27, 1.28, 1.32, 1.3, 1.29, 1.27, 1.25, 1.22, 1.18, 1.13, 0.81, 0.79, 0.77, 0.76, 0.73, 0.69, 1.19, 1.23, 1.25, 1.26, 1.27, 1.28, 1.31, 1.3, 1.28, 1.26, 1.24, 1.21, 1.18, 1.13, 0.79, 0.78, 0.77, 0.75, 0.73, 0.69, 1.18, 1.21, 1.24, 1.25, 1.26, 1.27, 1.3, 1.29, 1.27, 1.25, 1.23, 1.21, 1.18, 0.79, 0.78, 0.77, 0.76, 0.74, 0.72, 0.69, 1.17, 1.2, 1.23, 1.24, 1.26, 1.27]}, {"header": {"refTime": "2023-09-14T01:00:00.000Z", "nx": 21, "ny": 33, "lo1": 113.509, "la1": 22.2235, "lo2": 113.5947, "la2": 22.1034, "dx": 0.0042850000000001385, "dy": 0.003753125000000024, "parameterCategory": 0, "parameterCategoryName": "Temperature", "parameterNumber": 0}, "data": [[27.34, 27.34, 27.33, 27.18, 27.19, 27.37, 27.37, 27.38, 27.39, 27.35, 27.36, 27.36, 27.48, 27.48, 27.43, 27.41, 27.4, 27.4, 27.39, 27.38], [27.34, 27.33, 27.33, 27.33, 27.19, 27.21, 27.37, 27.38, 27.39, 27.36, 27.36, 27.37, 27.49, 27.49, 27.43, 27.41, 27.4, 27.39, 27.38, 27.38], [27.34, 27.33, 27.33, 27.33, 27.19, 27.2, 27.23, 27.38, 27.4, 27.37, 27.36, 27.38, 27.5, 27.5, 27.44, 27.41, 27.39, 27.38, 27.37, 27.37], [27.34, 27.34, 27.33, 27.33, 27.33, 27.19, 27.21, 27.25, 27.29, 27.35, 27.36, 27.4, 27.52, 27.42, 27.44, 27.41, 27.38, 27.36, 27.36, 27.36], [27.34, 27.34, 27.33, 27.33, 27.32, 27.17, 27.18, 27.19, 27.19, 27.31, 27.34, 27.42, 27.53, 27.44, 27.44, 27.39, 27.36, 27.34, 27.34, 27.34], [27.34, 27.34, 27.34, 27.33, 27.32, 27.31, 27.15, 27.14, 27.13, 27.1, 27.28, 27.37, 27.46, 27.53, 27.42, 27.37, 27.32, 27.3, 27.31, 27.33], [27.32, 27.34, 27.34, 27.34, 27.33, 27.31, 27.15, 27.11, 27.09, 27.07, 27.07, 27.29, 27.49, 27.5, 27.4, 27.35, 27.28, 27.25, 27.27, 27.3], [27.33, 27.33, 27.33, 27.33, 27.32, 27.21, 27.17, 27.12, 27.09, 27.05, 26.97, 27.25, 27.25, 27.5, 27.27, 27.3, 27.25, 27.24, 27.26, 27.28], [27.27, 27.28, 27.35, 27.35, 27.36, 27.34, 27.29, 27.15, 27.04, 27.08, 27.09, 27.17, 27.2, 27.15, 27.28, 27.3, 27.28, 27.27, 27.27, 27.28], [27.5, 27.5, 27.5, 27.31, 27.34, 27.41, 27.36, 27.29, 26.99, 27.0, 27.2, 27.12, 27.15, 27.13, 27.28, 27.31, 27.3, 27.29, 27.29, 27.29], [27.5, 27.5, 27.5, 27.5, 27.5, 27.5, 27.5, 27.5, 27.36, 27.03, 26.9, 27.09, 27.11, 27.11, 27.28, 27.32, 27.31, 27.3, 27.3, 27.3], [27.5, 27.5, 27.5, 27.5, 27.5, 27.5, 27.5, 27.5, 27.5, -999.0, 26.9, 27.4, 27.4, 27.1, 27.28, 27.33, 27.32, 26.69, 26.7, 26.7], [27.5, 27.5, 27.5, 27.5, 27.5, 27.5, 27.5, 27.5, 27.5, 27.5, -999.0, 27.4, 27.4, 26.68, 27.0, 26.87, 26.88, 26.77, 26.78, 26.79], [27.5, 27.5, 27.5, 27.5, 27.5, 27.5, 27.5, 27.5, 27.5, 27.5, -999.0, 26.3, 26.3, 26.3, 26.9, 26.8, 26.81, 26.7, 26.72, 26.74], [27.5, 27.5, 27.5, 27.5, 27.5, 27.5, 27.5, 27.4, 27.4, 27.4, 27.4, 26.98, 26.3, 26.3, 26.3, 26.71, 26.74, 26.64, 26.67, 26.69], [27.5, 27.5, 27.44, 27.44, 27.43, 27.4, 27.4, 27.4, 27.4, 27.4, 26.71, 26.79, 26.68, 26.59, 26.69, 26.56, 26.6, 26.53, 26.72, 26.75], [27.44, 27.44, 27.46, 27.46, 27.4, 27.4, 27.4, 27.4, 27.4, 27.4, 26.93, 26.79, 26.65, 26.51, 26.51, 26.49, 26.56, 26.62, 26.65, 26.68], [27.46, 27.46, 27.46, 27.46, 27.4, 27.4, 27.4, 27.4, 27.4, 27.12, 26.97, 26.81, 26.64, 26.52, 26.33, 26.47, 26.57, 26.63, 26.67, 26.7], [27.46, 27.46, 27.46, 27.4, 27.4, 27.4, 27.4, 27.4, 27.3, 27.19, 26.95, 26.81, 26.73, 26.59, 26.46, 26.53, 26.61, 26.67, 26.7, 26.72], [27.46, 27.46, 27.0, 27.02, 27.05, 27.08, 27.14, 27.28, 27.22, 27.09, 26.95, 26.83, 26.78, 26.7, 26.59, 26.63, 26.68, 26.72, 26.74, 26.75], [26.97, 26.98, 27.0, 27.11, 27.13, 27.15, 27.17, 27.2, 27.06, 27.0, 26.91, 26.83, 26.83, 26.66, 26.68, 26.72, 26.75, 26.77, 26.78, 26.78], [27.07, 27.08, 27.08, 27.09, 27.09, 27.1, 27.1, 27.05, 26.96, 26.92, 26.87, 26.82, 26.65, 26.73, 26.76, 26.79, 26.82, 26.83, 26.82, 26.81], [27.06, 27.06, 27.06, 26.99, 26.99, 26.99, 26.99, 26.97, 26.95, 26.94, 26.93, 26.99, 26.86, 26.77, 26.81, 26.85, 26.89, 26.89, 26.86, 26.84], [26.98, 26.98, 26.97, 26.97, 26.96, 26.95, 26.94, 26.91, 26.87, 26.85, 26.87, 26.8, 26.85, 26.88, 26.91, 26.88, 26.96, 26.91, 26.88, 26.85], [26.97, 26.96, 26.96, 26.95, 26.94, 26.92, 26.9, 26.86, 26.8, 26.76, 26.82, 26.79, 26.82, 26.88, 26.9, 26.92, 26.91, 26.9, 26.88, 26.86], [26.96, 26.95, 26.94, 26.94, 26.92, 26.9, 26.88, 26.85, 26.8, 26.76, 26.76, 26.79, 26.81, 26.87, 26.89, 26.93, 26.93, 26.93, 26.87, 26.85], [26.95, 26.94, 26.93, 26.92, 26.91, 26.89, 26.87, 26.85, 26.82, 26.81, 26.78, 26.79, 26.81, 26.9, 26.91, 26.92, 26.92, 26.92, 26.92, 26.92], [26.94, 26.93, 26.93, 26.92, 26.9, 26.89, 26.87, 26.85, 26.83, 26.79, 26.79, 26.79, 26.79, 26.8, 26.9, 26.91, 26.91, 26.92, 26.92, 26.92], [26.93, 26.93, 26.92, 26.91, 26.9, 26.88, 26.87, 26.85, 26.84, 26.8, 26.8, 26.79, 26.79, 26.8, 26.89, 26.9, 26.91, 26.91, 26.91, 26.91], [26.93, 26.92, 26.92, 26.91, 26.9, 26.88, 26.87, 26.86, 26.78, 26.79, 26.79, 26.79, 26.79, 26.8, 26.89, 26.9, 26.9, 26.91, 26.91, 26.91], [26.93, 26.92, 26.91, 26.9, 26.89, 26.88, 26.87, 26.86, 26.79, 26.79, 26.79, 26.79, 26.8, 26.8, 26.88, 26.89, 26.9, 26.9, 26.91, 26.91], [26.92, 26.92, 26.91, 26.9, 26.9, 26.89, 26.88, 26.79, 26.79, 26.79, 26.79, 26.79, 26.8, 26.8, 26.88, 26.89, 26.9, 26.9, 26.9, 26.91]]}]