gis_exercise/awsData/contour/wdir_2023090617.json
[{"header": {"refTime": "2023-09-06T17:00:00.000Z", "nx": 21, "ny": 33, "lo1": 113.509, "la1": 22.2235, "lo2": 113.5947, "la2": 22.1034, "dx": 0.0042850000000001385, "dy": 0.003753125000000024, "parameterCategory": 2, "parameterCategoryName": "Temperature", "parameterNumber": 2}, "data": [-1.39, -1.38, -1.37, -1.35, -1.33, -1.4, -1.35, -1.31, -1.29, -1.09, -1.13, -1.16, -1.26, -1.28, -1.79, -1.86, -2.06, -2.1, -2.13, -2.14, -1.39, -1.39, -1.38, -1.37, -1.34, -1.3, -1.33, -1.24, -1.19, -1.07, -1.12, -1.17, -1.28, -1.3, -1.81, -2.02, -2.08, -2.13, -2.16, -2.18, -1.4, -1.4, -1.39, -1.38, -1.36, -1.32, -1.25, -1.2, -0.98, -1.04, -1.13, -1.2, -1.31, -1.33, -1.94, -2.03, -2.12, -2.18, -2.21, -2.23, -1.41, -1.41, -1.41, -1.4, -1.39, -1.36, -1.31, -1.22, -1.13, -1.08, -1.17, -1.25, -1.37, -1.39, -1.93, -2.06, -2.18, -2.25, -2.28, -2.28, -1.41, -1.41, -1.42, -1.42, -1.43, -1.42, -1.4, -1.37, -1.33, -1.13, -1.2, -1.4, -1.45, -1.41, -1.93, -2.12, -2.29, -2.37, -2.38, -2.35, -1.41, -1.42, -1.43, -1.44, -1.46, -1.49, -1.52, -1.53, -1.51, -1.43, -1.31, -1.37, -1.42, -1.68, -1.97, -2.22, -2.46, -2.56, -2.51, -2.43, -2.37, -1.42, -1.43, -1.45, -1.48, -1.54, -1.67, -1.73, -1.72, -1.55, -1.39, -1.32, -1.7, -1.75, -2.01, -2.32, -2.71, -2.85, -2.8, -2.7, -2.37, -2.33, -2.29, -2.34, -2.32, -1.55, -1.66, -1.87, -2.07, -1.52, -1.21, -1.54, -1.62, -1.83, -2.35, -2.57, -2.83, -2.92, -2.78, -2.69, -2.37, -2.33, -2.27, -2.2, -2.21, -2.23, -2.36, -1.72, -2.35, -1.57, -1.55, -1.76, -2.05, -1.91, -2.35, -2.51, -2.66, -2.73, -2.7, -2.65, -3.03, -2.96, -2.86, -2.16, -1.98, -1.95, -2.27, -2.61, -2.71, -2.53, -1.7, -1.91, -2.17, -1.98, -2.36, -2.46, -2.55, -2.61, -2.62, -2.6, -3.05, -2.99, -2.88, -2.7, -2.32, -1.2, -2.63, -3.39, -3.21, -2.99, -2.79, -1.86, -1.94, -1.92, -2.36, -2.43, -2.49, -2.54, -2.56, -2.56, -3.09, -3.04, -2.97, -2.86, -2.67, -2.58, -3.15, -3.86, -4.15, -4.11, -3.04, -2.87, -2.73, -1.86, -2.36, -2.41, -2.45, -2.37, -2.38, -2.37, -3.14, -3.11, -3.09, -3.07, -3.11, -3.35, -3.72, -3.94, -4.08, -3.87, -3.94, -3.0, -2.86, -1.76, -1.72, -2.21, -2.22, -2.25, -2.27, -2.28, -3.19, -3.19, -3.2, -3.24, -3.37, -3.65, -4.09, -3.88, -3.86, -3.8, -3.97, -2.89, -2.68, -2.52, -1.62, -2.05, -2.08, -2.12, -2.16, -2.19, -3.24, -3.25, -3.28, -3.35, -3.46, -3.64, -3.78, -3.49, -3.32, -3.17, -3.04, -1.87, -2.5, -2.31, -2.2, -1.87, -1.93, -1.99, -2.05, -2.1, -3.27, -3.3, -1.95, -2.03, -2.13, -3.11, -3.07, -2.94, -2.79, -2.7, -1.67, -1.6, -1.51, -1.01, -1.03, -1.57, -1.65, -1.73, -1.95, -2.02, -1.8, -1.82, -1.84, -1.86, -2.78, -2.68, -2.49, -2.25, -2.09, -2.13, -1.34, -1.37, -1.33, -1.25, -0.99, -1.38, -1.52, -1.63, -1.71, -1.76, -1.74, -1.74, -1.73, -1.7, -2.49, -2.27, -1.92, -1.43, -1.18, -0.8, -1.0, -1.19, -1.21, -0.96, -0.99, -1.33, -1.53, -1.66, -1.74, -1.8, -1.68, -1.66, -1.62, -2.45, -2.26, -1.97, -1.5, -0.71, 0.11, -0.49, -0.48, -0.68, -0.87, -0.98, -1.31, -1.45, -1.62, -1.73, -1.8, -1.84, -1.62, -1.59, -1.85, -1.75, -1.6, -1.38, -1.05, -0.58, -0.01, -0.29, -0.55, -0.72, -0.9, -1.02, -1.57, -1.65, -1.76, -1.83, -1.88, -1.9, -1.92, -1.87, -1.8, -1.71, -1.58, -1.41, -1.2, -0.97, -0.43, -0.56, -0.71, -0.82, -0.96, -1.73, -1.77, -1.84, -1.91, -1.95, -1.97, -1.97, -1.89, -1.84, -1.78, -1.71, -1.61, -1.5, -1.39, -0.76, -0.79, -0.86, -0.92, -0.96, -1.88, -1.86, -1.92, -2.0, -2.06, -2.07, -2.06, -2.03, -1.87, -1.83, -1.78, -0.91, -0.92, -0.94, -0.98, -1.04, -1.12, -1.18, -1.18, -1.53, -2.29, -1.95, -2.03, -2.12, -2.21, -2.19, -2.13, -2.08, -0.94, -0.95, -0.96, -0.98, -1.02, -1.07, -1.15, -1.28, -1.44, -1.52, -1.43, -2.0, -2.29, -2.3, -2.31, -2.19, -2.36, -2.23, -2.16, -2.11, -0.98, -0.99, -1.01, -1.04, -1.09, -1.16, -1.27, -1.44, -1.72, -1.95, -1.63, -1.97, -1.97, -2.3, -2.3, -2.31, -2.21, -2.17, -2.15, -2.11, -1.0, -1.02, -1.05, -1.08, -1.13, -1.21, -1.31, -1.47, -1.72, -1.91, -1.97, -1.89, -1.9, -2.29, -2.29, -2.1, -2.15, -2.15, -2.13, -2.1, -1.02, -1.05, -1.07, -1.11, -1.16, -1.22, -1.3, -1.4, -1.51, -1.54, -1.78, -1.77, -1.81, -1.84, -1.95, -2.03, -2.08, -2.1, -2.1, -2.09, -1.04, -1.06, -1.09, -1.12, -1.16, -1.21, -1.27, -1.31, -1.33, -1.58, -1.52, -1.54, -1.62, -1.7, -1.87, -1.96, -2.01, -2.04, -2.05, -2.05, -1.05, -1.07, -1.1, -1.13, -1.16, -1.19, -1.23, -1.24, -1.22, -1.35, -1.15, -1.39, -1.54, -1.64, -1.81, -1.9, -1.95, -1.99, -2.01, -2.01, -1.06, -1.08, -1.1, -1.12, -1.15, -1.17, -1.19, -1.2, -1.47, -1.32, -1.23, -1.38, -1.52, -1.61, -1.77, -1.85, -1.91, -1.94, -1.97, -1.98, -1.06, -1.08, -1.1, -1.12, -1.14, -1.16, -1.17, -1.17, -1.49, -1.42, -1.39, -1.45, -1.53, -1.61, -1.74, -1.81, -1.87, -1.91, -1.93, -1.95, -1.07, -1.08, -1.1, -1.11, -1.13, -1.14, -1.15, -1.57, -1.53, -1.49, -1.48, -1.51, -1.56, -1.61, -1.73, -1.79, -1.84, -1.88, -1.91, -1.93]}, {"header": {"refTime": "2023-09-06T17:00:00.000Z", "nx": 21, "ny": 33, "lo1": 113.509, "la1": 22.2235, "lo2": 113.5947, "la2": 22.1034, "dx": 0.0042850000000001385, "dy": 0.003753125000000024, "parameterCategory": 2, "parameterCategoryName": "Temperature", "parameterNumber": 3}, "data": [-0.11, -0.13, -0.15, -0.61, -0.6, -0.65, -0.63, -0.62, -0.61, -0.62, -0.66, -0.69, -0.85, -0.88, -1.29, -1.36, -1.66, -1.69, -1.72, -1.74, -0.1, -0.12, -0.14, -0.17, -0.6, -0.59, -0.62, -0.58, -0.56, -0.59, -0.65, -0.71, -0.87, -0.9, -1.31, -1.62, -1.68, -1.72, -1.76, -1.77, -0.08, -0.1, -0.12, -0.15, -0.61, -0.59, -0.56, -0.55, -0.44, -0.56, -0.67, -0.74, -0.9, -0.92, -1.53, -1.63, -1.71, -1.77, -1.8, -1.82, -0.06, -0.08, -0.1, -0.14, -0.18, -0.61, -0.59, -0.55, -0.51, -0.61, -0.7, -0.79, -0.94, -1.01, -1.52, -1.66, -1.77, -1.84, -1.87, -1.87, -0.04, -0.05, -0.07, -0.11, -0.15, -0.63, -0.62, -0.61, -0.6, -0.67, -0.75, -1.0, -1.01, -1.02, -1.53, -1.71, -1.87, -1.95, -1.96, -1.93, -0.01, -0.02, -0.03, -0.06, -0.11, -0.17, -0.66, -0.67, -0.67, -0.67, -0.97, -1.0, -1.02, -1.15, -1.58, -1.81, -2.03, -2.12, -2.07, -2.0, -0.03, 0.03, 0.02, 0.0, -0.04, -0.12, -0.33, -0.72, -0.73, -0.87, -0.88, -1.02, -1.2, -1.2, -1.63, -1.9, -2.25, -2.38, -2.19, -2.06, -0.01, 0.01, 0.02, -0.02, -0.04, -0.1, -0.28, -0.54, -0.84, -0.85, -0.8, -1.15, -1.21, -1.24, -1.74, -1.98, -2.28, -2.39, -2.22, -2.11, 0.01, 0.04, 0.07, 0.11, 0.09, 0.05, -0.13, -0.36, -0.8, -0.88, -1.04, -1.18, -1.26, -1.22, -1.69, -1.89, -2.08, -2.16, -2.13, -2.07, 0.02, 0.06, 0.11, 0.19, 0.32, 0.35, 0.09, -0.21, -0.79, -0.79, -1.11, -1.2, -1.27, -1.23, -1.67, -1.81, -1.94, -2.01, -2.03, -2.01, 0.01, 0.05, 0.1, 0.19, 0.39, 0.97, 0.23, -0.17, -0.38, -0.79, -0.99, -1.18, -1.21, -1.2, -1.67, -1.77, -1.86, -1.92, -1.95, -1.95, -0.01, 0.02, 0.06, 0.11, 0.21, 0.26, -0.04, -0.41, -0.56, -0.88, -0.97, -1.17, -1.2, -1.18, -1.67, -1.75, -1.81, -1.82, -1.85, -1.85, -0.03, -0.02, -0.01, 0.0, -0.02, -0.14, -0.33, -0.45, -0.53, -0.41, -0.91, -1.14, -1.17, -1.27, -1.26, -1.67, -1.71, -1.74, -1.77, -1.79, -0.06, -0.06, -0.06, -0.09, -0.15, -0.29, -0.52, -0.42, -0.41, -0.38, -0.89, -1.09, -1.11, -1.13, -1.24, -1.6, -1.63, -1.67, -1.7, -1.73, -0.08, -0.09, -0.11, -0.14, -0.2, -0.29, -0.36, -0.82, -0.87, -0.91, -0.93, -1.11, -1.1, -1.12, -1.12, -1.52, -1.56, -1.6, -1.64, -1.67, -0.1, -0.11, -0.3, -0.34, -0.38, -0.88, -0.89, -0.92, -0.95, -0.97, -1.14, -1.14, -1.14, -1.24, -1.23, -1.11, -1.1, -1.09, -1.42, -1.44, -0.33, -0.34, -0.37, -0.41, -0.94, -0.95, -0.99, -1.03, -1.06, -1.06, -1.18, -1.16, -1.15, -1.14, -1.13, -1.12, -1.12, -1.12, -1.12, -1.12, -0.37, -0.39, -0.43, -0.48, -0.99, -1.02, -1.08, -1.16, -1.2, -1.21, -1.17, -1.18, -1.16, -1.13, -1.13, -1.12, -1.12, -1.12, -1.12, -1.12, -0.4, -0.44, -0.48, -1.0, -1.03, -1.07, -1.15, -1.27, -1.39, -1.27, -1.17, -1.13, -1.15, -1.13, -1.12, -1.12, -1.12, -1.12, -1.12, -1.12, -0.43, -0.47, -0.9, -0.92, -0.96, -1.01, -1.08, -1.19, -1.31, -1.22, -1.15, -1.1, -1.14, -1.11, -1.12, -1.11, -1.11, -1.11, -1.12, -1.12, -0.88, -0.88, -0.9, -0.92, -0.94, -0.98, -1.02, -1.08, -1.17, -1.13, -1.09, -1.06, -1.13, -1.11, -1.11, -1.1, -1.1, -1.1, -1.11, -1.12, -0.87, -0.88, -0.89, -0.9, -0.92, -0.93, -0.95, -0.86, -1.04, -1.02, -1.01, -1.0, -0.8, -1.11, -1.1, -1.09, -1.08, -1.09, -1.11, -1.12, -0.86, -0.87, -0.87, -0.73, -0.74, -0.74, -0.75, -0.73, -0.71, -0.69, -0.67, -0.84, -0.87, -1.11, -1.09, -1.07, -1.04, -1.08, -1.12, -1.13, -0.69, -0.69, -0.69, -0.69, -0.69, -0.68, -0.66, -0.64, -0.6, -0.58, -0.58, -0.43, -0.86, -0.93, -0.98, -1.07, -0.93, -1.13, -1.15, -1.15, -0.66, -0.66, -0.66, -0.65, -0.64, -0.62, -0.6, -0.57, -0.53, -0.5, -0.52, -0.41, -0.43, -0.92, -0.99, -1.04, -1.18, -1.27, -1.18, -1.16, -0.64, -0.64, -0.63, -0.62, -0.6, -0.58, -0.55, -0.52, -0.49, -0.48, -0.4, -0.38, -0.4, -0.92, -0.98, -0.97, -1.06, -1.09, -1.18, -1.16, -0.62, -0.61, -0.6, -0.59, -0.57, -0.54, -0.51, -0.48, -0.45, -0.42, -0.33, -0.33, -0.36, -0.73, -0.83, -0.91, -0.98, -1.01, -1.0, -0.98, -0.61, -0.6, -0.58, -0.56, -0.54, -0.51, -0.48, -0.44, -0.38, -0.25, -0.23, -0.37, -0.47, -0.58, -0.77, -0.85, -0.91, -0.94, -0.95, -0.94, -0.59, -0.58, -0.56, -0.54, -0.52, -0.49, -0.45, -0.4, -0.32, -0.16, -0.11, -0.29, -0.42, -0.54, -0.72, -0.8, -0.85, -0.89, -0.9, -0.91, -0.58, -0.57, -0.55, -0.53, -0.5, -0.47, -0.43, -0.38, -0.32, -0.22, -0.17, -0.28, -0.41, -0.51, -0.68, -0.75, -0.8, -0.84, -0.86, -0.87, -0.57, -0.55, -0.54, -0.52, -0.49, -0.46, -0.43, -0.38, -0.34, -0.3, -0.29, -0.34, -0.42, -0.5, -0.65, -0.72, -0.77, -0.81, -0.83, -0.84, -0.56, -0.55, -0.53, -0.51, -0.49, -0.46, -0.43, -0.41, -0.38, -0.36, -0.36, -0.4, -0.45, -0.51, -0.65, -0.7, -0.74, -0.78, -0.8, -0.82]}, {"header": {"refTime": "2023-09-06T17:00:00.000Z", "nx": 21, "ny": 33, "lo1": 113.509, "la1": 22.2235, "lo2": 113.5947, "la2": 22.1034, "dx": 0.0042850000000001385, "dy": 0.003753125000000024, "parameterCategory": 0, "parameterCategoryName": "Temperature", "parameterNumber": 0}, "data": [[30.01, 30.0, 29.99, 29.67, 29.68, 29.89, 29.89, 29.88, 29.89, 29.8, 29.82, 29.83, 30.1, 30.12, 30.02, 30.02, 30.18, 30.18, 30.17, 30.17], [30.01, 30.01, 29.99, 29.98, 29.68, 29.69, 29.88, 29.87, 29.86, 29.8, 29.82, 29.84, 30.11, 30.13, 30.03, 30.19, 30.18, 30.17, 30.17, 30.17], [30.02, 30.01, 30.0, 29.99, 29.68, 29.69, 29.7, 29.85, 29.81, 29.8, 29.83, 29.87, 30.13, 30.15, 30.19, 30.18, 30.17, 30.16, 30.16, 30.16], [30.03, 30.03, 30.01, 30.0, 29.98, 29.68, 29.69, 29.71, 29.73, 29.8, 29.83, 29.9, 30.16, 30.07, 30.19, 30.18, 30.16, 30.15, 30.15, 30.15], [30.05, 30.04, 30.03, 30.02, 30.0, 29.67, 29.68, 29.68, 29.68, 29.77, 29.82, 30.06, 30.15, 30.09, 30.19, 30.17, 30.15, 30.13, 30.13, 30.14], [30.06, 30.06, 30.05, 30.04, 30.02, 29.99, 29.67, 29.67, 29.65, 29.6, 29.91, 30.03, 30.11, 30.27, 30.2, 30.16, 30.12, 30.1, 30.11, 30.13], [30.19, 30.08, 30.08, 30.07, 30.05, 30.02, 29.85, 29.68, 29.66, 29.69, 29.68, 29.98, 30.31, 30.3, 30.2, 30.15, 30.08, 30.05, 30.04, 30.05], [30.2, 30.2, 30.21, 30.2, 30.19, 29.95, 29.89, 29.81, 29.78, 29.64, 29.47, 30.06, 30.07, 30.3, 30.15, 30.19, 30.1, 30.07, 30.12, 30.16], [30.1, 30.11, 30.23, 30.24, 30.25, 30.22, 30.14, 29.86, 29.64, 29.72, 29.72, 29.88, 29.96, 29.86, 30.16, 30.21, 30.16, 30.14, 30.15, 30.17], [30.5, 30.5, 30.5, 30.17, 30.22, 30.34, 30.26, 30.14, 29.52, 29.54, 29.97, 29.78, 29.84, 29.82, 30.16, 30.23, 30.19, 30.18, 30.18, 30.18], [30.5, 30.5, 30.5, 30.5, 30.5, 30.5, 30.5, 30.5, 30.25, 29.63, 29.3, 29.72, 29.77, 29.77, 30.16, 30.24, 30.21, 30.2, 30.2, 30.2], [30.5, 30.5, 30.5, 30.5, 30.5, 30.5, 30.5, 30.5, 30.5, -999.0, 29.3, 30.4, 30.4, 29.74, 30.15, 30.25, 30.24, 29.55, 29.56, 29.56], [30.5, 30.5, 30.5, 30.5, 30.5, 30.5, 30.5, 30.5, 30.5, 30.5, -999.0, 30.4, 30.4, 29.62, 29.96, 29.71, 29.71, 29.62, 29.63, 29.64], [30.5, 30.5, 30.5, 30.5, 30.5, 30.5, 30.5, 30.5, 30.5, 30.5, -999.0, 29.2, 29.2, 29.2, 29.86, 29.64, 29.65, 29.55, 29.58, 29.59], [30.5, 30.5, 30.5, 30.5, 30.5, 30.5, 30.5, 30.4, 30.4, 30.4, 30.4, 29.94, 29.2, 29.2, 29.2, 29.57, 29.59, 29.5, 29.53, 29.55], [30.5, 30.5, 30.44, 30.44, 30.43, 30.4, 30.4, 30.4, 30.4, 30.4, 29.64, 29.73, 29.61, 29.52, 29.63, 29.46, 29.5, 29.43, 29.6, 29.63], [30.44, 30.44, 30.46, 30.46, 30.4, 30.4, 30.4, 30.4, 30.4, 30.4, 29.88, 29.74, 29.58, 29.43, 29.42, 29.29, 29.33, 29.35, 29.37, 29.38], [30.46, 30.46, 30.46, 30.46, 30.4, 30.4, 30.4, 30.4, 30.4, 30.1, 29.93, 29.75, 29.57, 29.43, 29.23, 29.28, 29.33, 29.36, 29.38, 29.39], [30.46, 30.46, 30.46, 30.4, 30.4, 30.4, 30.4, 30.4, 30.29, 30.17, 30.04, 29.89, 29.66, 29.51, 29.28, 29.31, 29.35, 29.38, 29.4, 29.4], [30.46, 30.46, 30.34, 30.35, 30.35, 30.35, 30.36, 30.38, 30.28, 30.18, 30.05, 29.93, 29.71, 29.62, 29.34, 29.37, 29.39, 29.41, 29.42, 29.42], [30.34, 30.34, 30.34, 30.36, 30.36, 30.36, 30.37, 30.37, 30.19, 30.14, 30.06, 29.97, 29.76, 29.38, 29.4, 29.42, 29.44, 29.44, 29.44, 29.43], [30.35, 30.35, 30.35, 30.36, 30.36, 30.36, 30.36, 30.35, 30.16, 30.12, 30.07, 30.01, 29.78, 29.42, 29.44, 29.47, 29.49, 29.48, 29.46, 29.44], [30.35, 30.35, 30.35, 30.34, 30.34, 30.34, 30.34, 30.34, 30.33, 30.33, 30.33, 30.22, 29.81, 29.44, 29.47, 29.51, 29.56, 29.52, 29.47, 29.44], [30.34, 30.34, 30.34, 30.33, 30.33, 30.33, 30.33, 30.33, 30.32, 30.32, 30.32, 30.2, 29.83, 29.74, 29.68, 29.53, 29.71, 29.47, 29.44, 29.44], [30.33, 30.33, 30.33, 30.33, 30.33, 30.33, 30.32, 30.32, 30.31, 30.31, 30.31, 30.21, 30.18, 29.75, 29.67, 29.6, 29.42, 29.32, 29.41, 29.42], [30.33, 30.33, 30.33, 30.33, 30.33, 30.32, 30.32, 30.32, 30.31, 30.31, 30.25, 30.22, 30.19, 29.75, 29.68, 29.61, 29.53, 29.5, 29.41, 29.42], [30.33, 30.33, 30.33, 30.33, 30.33, 30.32, 30.32, 30.32, 30.31, 30.31, 30.25, 30.23, 30.2, 29.78, 29.71, 29.65, 29.59, 29.57, 29.58, 29.59], [30.33, 30.33, 30.33, 30.33, 30.32, 30.32, 30.32, 30.32, 30.31, 30.26, 30.26, 30.12, 30.04, 29.95, 29.75, 29.69, 29.65, 29.62, 29.62, 29.62], [30.33, 30.33, 30.33, 30.32, 30.32, 30.32, 30.32, 30.31, 30.31, 30.27, 30.25, 30.16, 30.07, 29.98, 29.79, 29.73, 29.69, 29.67, 29.65, 29.65], [30.33, 30.33, 30.33, 30.32, 30.32, 30.32, 30.32, 30.31, 30.16, 30.2, 30.22, 30.15, 30.07, 30.0, 29.82, 29.77, 29.73, 29.7, 29.68, 29.68], [30.33, 30.33, 30.32, 30.32, 30.32, 30.32, 30.32, 30.32, 30.14, 30.15, 30.15, 30.12, 30.06, 30.0, 29.84, 29.79, 29.75, 29.73, 29.71, 29.7], [30.33, 30.33, 30.32, 30.32, 30.32, 30.32, 30.32, 30.1, 30.11, 30.12, 30.11, 30.08, 30.04, 30.0, 29.84, 29.8, 29.77, 29.75, 29.73, 29.72]]}]