gis_exercise/awsData/contour/wdir_2023090505.json
[{"header": {"refTime": "2023-09-05T05:00:00.000Z", "nx": 21, "ny": 33, "lo1": 113.509, "la1": 22.2235, "lo2": 113.5947, "la2": 22.1034, "dx": 0.0042850000000001385, "dy": 0.003753125000000024, "parameterCategory": 2, "parameterCategoryName": "Temperature", "parameterNumber": 2}, "data": [0.72, 0.71, 0.69, 1.06, 1.01, 0.68, 0.62, 0.57, 0.55, 0.74, 0.85, 0.95, 0.73, 0.77, 0.86, 0.89, 1.2, 1.2, 1.2, 1.21, 0.73, 0.72, 0.7, 0.67, 1.02, 0.93, 0.59, 0.47, 0.4, 0.63, 0.83, 0.97, 0.77, 0.81, 0.89, 1.2, 1.2, 1.21, 1.21, 1.21, 0.74, 0.73, 0.72, 0.7, 1.04, 0.96, 0.81, 0.4, 0.09, 0.55, 0.85, 1.02, 0.84, 0.87, 1.19, 1.2, 1.21, 1.21, 1.21, 1.21, 0.76, 0.75, 0.74, 0.73, 0.7, 1.03, 0.91, 0.72, 0.54, 0.71, 0.97, 1.11, 0.94, 1.39, 1.19, 1.2, 1.21, 1.22, 1.22, 1.22, 0.77, 0.77, 0.77, 0.77, 0.76, 1.13, 1.08, 1.03, 1.02, 1.01, 1.15, 1.39, 1.27, 1.36, 1.19, 1.21, 1.22, 1.23, 1.23, 1.22, 0.79, 0.79, 0.8, 0.8, 0.82, 0.83, 1.26, 1.29, 1.34, 1.44, 1.6, 1.45, 1.33, 1.48, 1.19, 1.21, 1.23, 1.24, 1.24, 1.23, 1.56, 0.81, 0.82, 0.83, 0.86, 0.91, 1.56, 1.46, 1.54, 1.83, 1.86, 1.52, 1.52, 1.59, 1.19, 1.22, 1.25, 1.27, 1.51, 1.57, 1.55, 1.53, 1.51, 1.38, 1.38, 1.44, 1.51, 1.6, 1.64, 1.88, 2.11, 1.72, 1.67, 1.73, 1.75, 1.63, 1.48, 1.42, 1.51, 1.56, 1.55, 1.53, 1.49, 1.45, 1.32, 1.33, 1.42, 1.55, 1.89, 1.79, 2.1, 2.03, 2.26, 2.15, 1.84, 1.71, 1.6, 1.55, 1.56, 1.59, 1.73, 1.7, 1.65, 1.42, 1.31, 1.17, 1.33, 1.51, 2.0, 2.04, 2.13, 2.23, 2.44, 2.25, 1.9, 1.77, 1.68, 1.63, 1.62, 1.63, 1.75, 1.72, 1.66, 1.57, 1.38, 0.8, 1.51, 1.84, 1.72, 2.08, 2.48, 2.21, 2.25, 2.22, 1.91, 1.81, 1.74, 1.69, 1.67, 1.66, 1.77, 1.75, 1.71, 1.66, 1.57, 1.52, 1.78, 2.03, 2.11, 2.45, 2.45, 2.15, 2.17, 2.18, 1.89, 1.82, 1.77, 2.1, 2.08, 2.07, 1.8, 1.79, 1.78, 1.78, 1.81, 1.96, 2.17, 2.14, 2.12, 2.06, 2.51, 2.14, 2.14, 2.22, 2.22, 2.25, 2.21, 2.17, 2.14, 2.12, 1.83, 1.83, 1.84, 1.88, 1.96, 2.15, 2.49, 2.21, 2.11, 2.06, 2.51, 2.5, 2.52, 2.54, 2.24, 2.29, 2.25, 2.21, 2.19, 2.16, 1.85, 1.86, 1.89, 1.93, 2.01, 2.12, 2.21, 2.2, 2.11, 2.05, 2.0, 1.97, 2.51, 2.52, 2.52, 2.32, 2.29, 2.26, 2.23, 2.2, 1.87, 1.89, 1.58, 1.62, 1.68, 2.1, 2.08, 2.03, 1.96, 1.92, 1.87, 1.95, 2.04, 2.25, 2.29, 2.55, 2.55, 2.55, 2.16, 2.13, 1.52, 1.54, 1.56, 1.58, 1.98, 1.95, 1.89, 1.81, 1.75, 1.76, 1.8, 1.92, 2.06, 2.21, 2.31, 2.28, 2.21, 2.15, 2.11, 2.07, 1.51, 1.52, 1.53, 1.54, 1.89, 1.82, 1.71, 1.56, 1.48, 1.63, 1.81, 1.89, 2.07, 2.29, 2.47, 2.31, 2.2, 2.13, 2.09, 2.06, 1.5, 1.5, 1.5, 1.87, 1.81, 1.73, 1.58, 1.34, 1.16, 1.49, 1.63, 1.83, 2.07, 2.23, 2.33, 2.25, 2.16, 2.1, 2.06, 2.03, 1.49, 1.49, 1.83, 1.8, 1.75, 1.67, 1.54, 1.37, 1.26, 1.45, 1.64, 1.81, 2.03, 2.15, 2.19, 2.15, 2.1, 2.05, 2.02, 2.0, 1.86, 1.85, 1.82, 1.79, 1.74, 1.68, 1.61, 1.52, 1.49, 1.58, 1.7, 1.81, 2.01, 2.11, 2.1, 2.07, 2.03, 2.0, 1.97, 1.96, 1.86, 1.84, 1.82, 1.79, 1.76, 1.72, 1.68, 1.49, 1.65, 1.7, 1.77, 1.83, 2.33, 2.05, 2.03, 2.01, 1.99, 1.95, 1.93, 1.92, 1.85, 1.84, 1.82, 1.56, 1.56, 1.56, 1.58, 1.6, 1.64, 1.66, 1.66, 1.85, 1.9, 2.0, 1.98, 1.98, 1.99, 1.92, 1.87, 1.87, 1.57, 1.57, 1.58, 1.58, 1.6, 1.62, 1.65, 1.7, 1.76, 1.8, 1.76, 2.05, 1.9, 1.88, 1.86, 1.94, 2.14, 1.78, 1.79, 1.83, 1.58, 1.59, 1.6, 1.61, 1.63, 1.66, 1.7, 1.77, 1.87, 1.96, 1.84, 2.03, 2.05, 1.87, 1.84, 1.81, 1.7, 1.52, 1.72, 1.8, 1.6, 1.6, 1.61, 1.63, 1.65, 1.68, 1.72, 1.78, 1.88, 1.95, 2.01, 2.0, 2.02, 1.86, 1.82, 1.71, 1.65, 1.62, 1.74, 1.8, 1.6, 1.61, 1.62, 1.64, 1.66, 1.68, 1.72, 1.76, 1.8, 1.81, 1.94, 1.95, 1.98, 1.71, 1.71, 1.7, 1.68, 1.66, 1.67, 1.68, 1.61, 1.62, 1.63, 1.65, 1.66, 1.68, 1.71, 1.73, 1.74, 1.87, 1.84, 1.69, 1.66, 1.61, 1.7, 1.7, 1.69, 1.68, 1.68, 1.69, 1.62, 1.63, 1.64, 1.65, 1.66, 1.68, 1.69, 1.7, 1.7, 1.78, 1.65, 1.66, 1.65, 1.61, 1.69, 1.69, 1.69, 1.69, 1.69, 1.69, 1.62, 1.63, 1.64, 1.65, 1.66, 1.67, 1.68, 1.69, 1.69, 1.67, 1.65, 1.66, 1.64, 1.62, 1.69, 1.69, 1.69, 1.69, 1.69, 1.69, 1.62, 1.63, 1.64, 1.65, 1.66, 1.67, 1.67, 1.68, 1.68, 1.67, 1.66, 1.65, 1.64, 1.62, 1.69, 1.69, 1.69, 1.69, 1.7, 1.7, 1.62, 1.63, 1.64, 1.65, 1.65, 1.66, 1.67, 1.68, 1.68, 1.67, 1.66, 1.65, 1.64, 1.62, 1.69, 1.69, 1.69, 1.7, 1.7, 1.7]}, {"header": {"refTime": "2023-09-05T05:00:00.000Z", "nx": 21, "ny": 33, "lo1": 113.509, "la1": 22.2235, "lo2": 113.5947, "la2": 22.1034, "dx": 0.0042850000000001385, "dy": 0.003753125000000024, "parameterCategory": 2, "parameterCategoryName": "Temperature", "parameterNumber": 3}, "data": [-1.46, -1.43, -1.4, -1.18, -1.14, -0.6, -0.56, -0.52, -0.48, -0.3, -0.26, -0.22, -0.44, -0.45, -0.78, -0.9, -1.58, -1.67, -1.74, -1.79, -1.48, -1.45, -1.42, -1.37, -1.15, -1.09, -0.57, -0.51, -0.47, -0.32, -0.25, -0.18, -0.39, -0.4, -0.75, -1.46, -1.61, -1.72, -1.8, -1.84, -1.5, -1.48, -1.45, -1.4, -1.18, -1.11, -1.0, -0.52, -0.42, -0.33, -0.23, -0.12, -0.3, -0.33, -1.24, -1.47, -1.67, -1.8, -1.89, -1.92, -1.53, -1.51, -1.49, -1.45, -1.4, -1.18, -1.09, -0.94, -0.79, -0.33, -0.2, -0.01, -0.11, -0.41, -1.19, -1.53, -1.78, -1.94, -2.01, -2.03, -1.56, -1.55, -1.54, -1.52, -1.49, -1.27, -1.24, -1.18, -1.15, -0.36, -0.22, -0.3, 0.28, -0.3, -1.22, -1.66, -1.98, -2.15, -2.18, -2.15, -1.6, -1.6, -1.59, -1.59, -1.58, -1.57, -1.4, -1.43, -1.42, -1.39, -0.95, -0.62, -0.21, -0.95, -1.41, -1.89, -2.3, -2.47, -2.39, -2.27, -2.29, -1.64, -1.65, -1.66, -1.67, -1.68, -1.95, -1.66, -1.69, -1.87, -1.82, -1.25, -1.63, -1.59, -1.67, -2.12, -2.71, -2.93, -2.74, -2.57, -2.3, -2.29, -2.28, -2.47, -2.46, -1.96, -1.97, -2.02, -2.11, -1.83, -1.58, -2.38, -2.54, -2.1, -3.1, -3.17, -3.26, -3.29, -3.25, -3.21, -2.3, -2.29, -2.28, -2.26, -2.44, -2.43, -2.45, -1.98, -2.21, -1.91, -2.23, -2.6, -2.96, -2.78, -3.12, -3.16, -3.21, -3.23, -3.22, -3.2, -2.68, -2.66, -2.62, -2.26, -2.23, -2.36, -2.46, -2.58, -2.42, -2.3, -2.46, -2.74, -3.05, -2.84, -3.15, -3.16, -3.18, -3.2, -3.2, -3.19, -2.68, -2.66, -2.63, -2.57, -2.45, -2.1, -2.58, -2.89, -2.87, -2.58, -2.89, -2.68, -2.78, -2.76, -3.15, -3.15, -3.17, -3.18, -3.18, -3.18, -2.69, -2.67, -2.65, -2.61, -2.55, -2.52, -2.73, -3.09, -3.26, -3.36, -2.98, -3.22, -3.21, -2.68, -3.14, -3.15, -3.16, -3.27, -3.27, -3.26, -2.7, -2.69, -2.68, -2.66, -2.66, -2.7, -2.8, -3.04, -3.19, -3.06, -3.32, -3.24, -3.22, -3.01, -2.99, -3.24, -3.24, -3.24, -3.24, -3.24, -2.71, -2.71, -2.7, -2.71, -2.72, -2.75, -2.76, -2.9, -2.99, -2.99, -3.29, -3.34, -3.3, -3.27, -2.97, -3.2, -3.2, -3.21, -3.21, -3.22, -2.73, -2.73, -2.73, -2.74, -2.75, -2.78, -2.81, -2.55, -2.51, -2.45, -2.39, -2.41, -3.25, -3.21, -3.19, -3.14, -3.15, -3.17, -3.18, -3.2, -2.74, -2.74, -1.89, -1.91, -1.93, -2.34, -2.32, -2.27, -2.21, -2.18, -2.22, -2.31, -2.41, -2.49, -2.55, -2.83, -2.81, -2.79, -2.74, -2.74, -1.82, -1.82, -1.82, -1.81, -2.18, -2.12, -2.02, -1.9, -1.82, -1.85, -2.02, -2.21, -2.39, -2.55, -2.48, -2.59, -2.49, -2.41, -2.36, -2.32, -1.78, -1.77, -1.75, -1.71, -2.03, -1.91, -1.72, -1.46, -1.33, -1.4, -1.67, -2.11, -2.36, -2.45, -2.81, -2.62, -2.48, -2.39, -2.33, -2.29, -1.74, -1.72, -1.68, -2.01, -1.91, -1.75, -1.49, -1.07, -0.67, -1.18, -1.12, -1.42, -2.04, -2.33, -2.64, -2.54, -2.42, -2.34, -2.29, -2.26, -1.7, -1.67, -1.16, -1.12, -1.07, -0.99, -0.87, -0.73, -0.66, -0.84, -1.07, -1.32, -1.94, -2.13, -2.46, -2.4, -2.33, -2.27, -2.24, -2.22, -1.15, -1.13, -1.1, -1.05, -1.0, -0.93, -0.85, -0.78, -0.79, -0.88, -1.03, -1.22, -1.86, -2.34, -2.32, -2.27, -2.22, -2.19, -2.18, -2.17, -1.1, -1.08, -1.05, -1.0, -0.95, -0.89, -0.83, -0.57, -0.81, -0.87, -0.97, -1.11, -1.73, -2.25, -2.22, -2.16, -2.12, -2.11, -2.11, -2.13, -1.07, -1.04, -1.0, -0.65, -0.64, -0.62, -0.6, -0.58, -0.57, -0.57, -0.59, -0.77, -1.32, -2.19, -2.14, -2.08, -2.03, -2.03, -2.06, -2.09, -0.69, -0.68, -0.67, -0.67, -0.65, -0.64, -0.61, -0.58, -0.54, -0.53, -0.57, -0.99, -1.29, -1.47, -1.62, -2.04, -1.97, -1.98, -2.02, -2.06, -0.7, -0.7, -0.69, -0.68, -0.67, -0.66, -0.63, -0.59, -0.49, -0.41, -0.55, -0.96, -1.13, -1.44, -1.61, -1.74, -1.98, -1.96, -2.02, -2.05, -0.71, -0.71, -0.71, -0.7, -0.7, -0.69, -0.67, -0.62, -0.53, -0.46, -0.79, -0.99, -1.13, -1.42, -1.57, -1.86, -1.88, -1.88, -2.03, -2.06, -0.73, -0.73, -0.73, -0.73, -0.73, -0.73, -0.72, -0.71, -0.69, -0.71, -0.97, -1.08, -1.17, -1.77, -1.8, -1.83, -1.85, -1.86, -1.86, -1.85, -0.74, -0.74, -0.74, -0.75, -0.76, -0.77, -0.78, -0.81, -0.86, -1.11, -1.18, -1.19, -1.21, -1.25, -1.78, -1.81, -1.83, -1.84, -1.84, -1.84, -0.75, -0.76, -0.76, -0.77, -0.79, -0.81, -0.84, -0.89, -0.99, -1.28, -1.39, -1.28, -1.25, -1.26, -1.76, -1.79, -1.81, -1.82, -1.83, -1.83, -0.76, -0.77, -0.78, -0.79, -0.81, -0.83, -0.87, -0.93, -1.2, -1.3, -1.36, -1.3, -1.27, -1.27, -1.74, -1.77, -1.79, -1.8, -1.81, -1.82, -0.77, -0.78, -0.79, -0.81, -0.83, -0.85, -0.89, -0.95, -1.21, -1.26, -1.29, -1.28, -1.27, -1.27, -1.73, -1.76, -1.78, -1.79, -1.8, -1.81, -0.78, -0.79, -0.8, -0.82, -0.84, -0.86, -0.9, -1.18, -1.21, -1.24, -1.25, -1.26, -1.26, -1.27, -1.73, -1.75, -1.77, -1.78, -1.79, -1.8]}, {"header": {"refTime": "2023-09-05T05:00:00.000Z", "nx": 21, "ny": 33, "lo1": 113.509, "la1": 22.2235, "lo2": 113.5947, "la2": 22.1034, "dx": 0.0042850000000001385, "dy": 0.003753125000000024, "parameterCategory": 0, "parameterCategoryName": "Temperature", "parameterNumber": 0}, "data": [[29.36, 29.34, 29.32, 29.13, 29.11, 29.35, 29.32, 29.3, 29.3, 29.31, 29.39, 29.47, 29.7, 29.74, 29.74, 29.75, 30.01, 30.0, 30.0, 29.99], [29.37, 29.35, 29.33, 29.31, 29.12, 29.1, 29.29, 29.23, 29.19, 29.25, 29.39, 29.5, 29.74, 29.79, 29.77, 30.03, 30.01, 30.0, 29.99, 29.98], [29.38, 29.37, 29.35, 29.32, 29.12, 29.11, 29.07, 29.17, 28.97, 29.2, 29.41, 29.57, 29.82, 29.85, 30.06, 30.03, 30.0, 29.99, 29.98, 29.97], [29.39, 29.38, 29.37, 29.35, 29.32, 29.12, 29.1, 29.05, 29.01, 29.28, 29.49, 29.7, 29.95, 29.99, 30.06, 30.02, 29.99, 29.97, 29.96, 29.96], [29.41, 29.41, 29.39, 29.38, 29.35, 29.15, 29.14, 29.12, 29.12, 29.39, 29.56, 30.01, 30.18, 30.03, 30.06, 30.0, 29.97, 29.95, 29.94, 29.95], [29.43, 29.43, 29.43, 29.41, 29.4, 29.37, 29.19, 29.19, 29.19, 29.19, 29.77, 29.92, 30.06, 30.17, 30.04, 29.98, 29.93, 29.91, 29.92, 29.93], [29.68, 29.46, 29.46, 29.46, 29.45, 29.43, 29.47, 29.26, 29.27, 29.41, 29.42, 29.78, 30.07, 30.1, 30.0, 29.95, 29.88, 29.85, 29.89, 29.92], [29.69, 29.69, 29.69, 29.69, 29.68, 29.54, 29.5, 29.44, 29.41, 29.38, 29.3, 29.68, 29.69, 30.1, 29.84, 29.85, 29.83, 29.82, 29.83, 29.84], [29.61, 29.62, 29.71, 29.72, 29.72, 29.7, 29.64, 29.48, 29.34, 29.42, 29.47, 29.57, 29.62, 29.56, 29.84, 29.85, 29.84, 29.83, 29.84, 29.84], [29.9, 29.9, 29.9, 29.67, 29.7, 29.79, 29.73, 29.64, 29.29, 29.3, 29.63, 29.51, 29.55, 29.53, 29.84, 29.86, 29.85, 29.84, 29.84, 29.85], [29.9, 29.9, 29.9, 29.9, 29.9, 29.9, 29.9, 29.9, 29.72, 29.33, 29.2, 29.47, 29.5, 29.5, 29.84, 29.86, 29.85, 29.85, 29.85, 29.85], [29.9, 29.9, 29.9, 29.9, 29.9, 29.9, 29.9, 29.9, 29.9, -999.0, 29.2, 29.9, 29.9, 29.48, 29.84, 29.86, 29.86, 28.72, 28.75, 28.75], [29.9, 29.9, 29.9, 29.9, 29.9, 29.9, 29.9, 29.9, 29.9, 29.9, -999.0, 29.9, 29.9, 28.59, 29.17, 29.11, 29.12, 28.89, 28.92, 28.94], [29.9, 29.9, 29.9, 29.9, 29.9, 29.9, 29.9, 29.9, 29.9, 29.9, -999.0, 27.9, 27.9, 27.9, 29.0, 28.95, 28.98, 28.74, 28.79, 28.83], [29.9, 29.9, 29.9, 29.9, 29.9, 29.9, 29.9, 28.8, 28.8, 28.8, 28.8, 28.45, 27.9, 27.9, 27.9, 28.77, 28.83, 28.61, 28.68, 28.73], [29.9, 29.9, 29.21, 29.2, 29.17, 28.8, 28.8, 28.8, 28.8, 28.8, 28.23, 28.3, 28.21, 28.14, 28.22, 28.52, 28.62, 28.45, 28.86, 28.92], [29.19, 29.19, 29.51, 29.49, 28.8, 28.8, 28.8, 28.8, 28.8, 28.8, 28.41, 28.3, 28.18, 28.08, 28.2, 28.21, 28.31, 28.4, 28.46, 28.5], [29.51, 29.49, 29.47, 29.45, 28.8, 28.8, 28.8, 28.8, 28.8, 28.57, 28.45, 28.32, 28.18, 28.2, 27.94, 28.17, 28.33, 28.43, 28.49, 28.52], [29.49, 29.47, 29.44, 28.8, 28.8, 28.8, 28.8, 28.8, 28.72, 28.62, 28.61, 28.51, 28.45, 28.31, 28.15, 28.27, 28.4, 28.48, 28.53, 28.56], [29.47, 29.45, 29.03, 29.02, 29.0, 28.98, 28.95, 28.87, 28.76, 28.71, 28.64, 28.55, 28.55, 28.48, 28.36, 28.43, 28.51, 28.57, 28.6, 28.61], [29.04, 29.04, 29.03, 28.97, 28.96, 28.95, 28.93, 28.91, 28.75, 28.73, 28.68, 28.61, 28.65, 28.49, 28.52, 28.58, 28.64, 28.67, 28.67, 28.66], [28.99, 28.98, 28.98, 28.98, 28.98, 28.97, 28.97, 29.01, 28.79, 28.77, 28.73, 28.68, 28.87, 28.59, 28.65, 28.72, 28.78, 28.77, 28.73, 28.7], [28.99, 28.99, 28.99, 29.05, 29.05, 29.05, 29.05, 29.06, 29.07, 29.08, 29.08, 29.19, 29.04, 28.66, 28.74, 28.85, 28.96, 28.88, 28.77, 28.72], [29.06, 29.06, 29.06, 29.06, 29.06, 29.07, 29.08, 29.09, 29.11, 29.12, 29.12, 29.3, 29.04, 29.02, 29.01, 28.89, 29.25, 28.83, 28.75, 28.72], [29.07, 29.07, 29.07, 29.07, 29.08, 29.09, 29.1, 29.12, 29.15, 29.17, 29.14, 29.29, 29.32, 29.01, 28.98, 28.95, 28.74, 28.57, 28.69, 28.7], [29.07, 29.07, 29.08, 29.08, 29.09, 29.1, 29.11, 29.13, 29.16, 29.17, 29.25, 29.28, 29.31, 29.0, 28.96, 28.92, 28.84, 28.79, 28.69, 28.69], [29.08, 29.08, 29.09, 29.09, 29.1, 29.11, 29.12, 29.14, 29.15, 29.16, 29.25, 29.27, 29.3, 29.0, 28.97, 28.93, 28.89, 28.86, 28.87, 28.89], [29.08, 29.09, 29.09, 29.1, 29.11, 29.11, 29.13, 29.14, 29.15, 29.24, 29.24, 29.05, 28.99, 28.91, 28.98, 28.95, 28.92, 28.9, 28.9, 28.91], [29.09, 29.09, 29.1, 29.1, 29.11, 29.12, 29.13, 29.14, 29.15, 29.23, 29.16, 29.08, 29.01, 28.93, 29.0, 28.97, 28.95, 28.93, 28.92, 28.93], [29.09, 29.09, 29.1, 29.1, 29.11, 29.12, 29.13, 29.14, 29.08, 29.12, 29.13, 29.08, 29.01, 28.95, 29.01, 28.98, 28.96, 28.95, 28.94, 28.94], [29.09, 29.1, 29.1, 29.11, 29.11, 29.12, 29.13, 29.14, 29.06, 29.08, 29.08, 29.05, 29.0, 28.95, 29.02, 28.99, 28.98, 28.96, 28.96, 28.95], [29.09, 29.1, 29.1, 29.11, 29.11, 29.12, 29.13, 29.03, 29.04, 29.05, 29.04, 29.02, 28.99, 28.95, 29.02, 29.0, 28.99, 28.98, 28.97, 28.96]]}]