gis_exercise/awsData/contour/wdir_2023090204.json
[{"header": {"refTime": "2023-09-02T04:00:00.000Z", "nx": 21, "ny": 33, "lo1": 113.509, "la1": 22.2235, "lo2": 113.5947, "la2": 22.1034, "dx": 0.0042850000000001385, "dy": 0.003753125000000024, "parameterCategory": 2, "parameterCategoryName": "Temperature", "parameterNumber": 2}, "data": [-7.59, -7.58, -7.56, -8.03, -7.91, -9.0, -8.75, -8.52, -8.46, -7.78, -8.15, -8.52, -9.37, -9.56, -12.62, -13.03, -14.34, -14.52, -14.66, -14.74, -7.6, -7.59, -7.58, -7.56, -7.95, -7.77, -8.57, -8.06, -7.76, -7.5, -8.14, -8.68, -9.6, -9.78, -12.81, -14.17, -14.46, -14.69, -14.84, -14.92, -7.6, -7.61, -7.61, -7.6, -8.04, -7.85, -7.53, -7.7, -6.32, -7.26, -8.26, -9.02, -9.99, -10.11, -13.83, -14.26, -14.65, -14.94, -15.1, -15.16, -7.61, -7.63, -7.65, -7.67, -7.67, -8.05, -7.79, -7.34, -6.93, -7.61, -8.61, -9.61, -10.64, -10.76, -13.81, -14.42, -14.97, -15.33, -15.47, -15.45, -7.6, -7.63, -7.67, -7.73, -7.8, -8.35, -8.25, -8.08, -7.93, -8.12, -8.94, -10.87, -11.8, -10.96, -13.82, -14.7, -15.5, -15.93, -15.97, -15.81, -7.59, -7.61, -7.67, -7.75, -7.89, -8.1, -8.79, -8.86, -8.76, -8.46, -9.63, -10.38, -11.12, -12.78, -13.92, -15.14, -16.39, -16.91, -16.61, -16.18, -11.51, -7.57, -7.62, -7.71, -7.89, -8.23, -9.08, -9.74, -9.74, -9.3, -8.7, -9.52, -12.42, -12.86, -13.99, -15.59, -17.65, -18.42, -18.48, -18.08, -11.48, -11.32, -11.13, -11.18, -11.16, -8.32, -8.99, -10.17, -11.37, -9.15, -7.8, -10.46, -11.1, -13.2, -15.71, -16.88, -18.27, -18.78, -18.03, -17.52, -11.48, -11.27, -11.0, -10.65, -10.56, -10.7, -11.42, -9.34, -12.25, -9.43, -10.56, -12.12, -14.29, -13.25, -15.8, -16.59, -17.41, -17.77, -17.6, -17.33, -13.86, -13.55, -13.09, -10.39, -9.53, -9.22, -10.77, -12.47, -13.54, -12.84, -11.7, -13.24, -15.14, -13.73, -15.92, -16.36, -16.85, -17.14, -17.17, -17.07, -13.96, -13.67, -13.21, -12.39, -10.65, -5.58, -12.03, -15.42, -14.91, -14.57, -15.63, -12.88, -13.47, -13.27, -15.95, -16.22, -16.53, -16.75, -16.84, -16.84, -14.13, -13.92, -13.6, -13.09, -12.26, -11.85, -14.41, -17.47, -18.68, -19.92, -16.34, -16.44, -16.17, -12.84, -15.93, -16.13, -16.34, -17.5, -17.52, -17.51, -14.36, -14.26, -14.15, -14.08, -14.29, -15.37, -17.1, -17.91, -18.45, -17.53, -19.69, -16.7, -16.36, -14.08, -14.0, -16.98, -17.04, -17.11, -17.18, -17.22, -14.6, -14.59, -14.66, -14.88, -15.47, -16.81, -18.95, -17.79, -17.58, -17.26, -19.72, -17.63, -17.23, -16.9, -13.84, -16.5, -16.6, -16.72, -16.84, -16.93, -14.81, -14.88, -15.03, -15.34, -15.89, -16.72, -17.39, -16.8, -16.16, -15.59, -15.12, -12.78, -16.76, -16.37, -16.12, -15.95, -16.12, -16.33, -16.51, -16.66, -14.99, -15.09, -10.29, -10.64, -11.1, -15.43, -15.29, -14.79, -14.23, -13.91, -11.81, -12.03, -12.26, -11.95, -12.22, -14.61, -14.78, -14.95, -15.61, -15.79, -9.73, -9.83, -9.96, -10.1, -14.22, -13.85, -13.17, -12.27, -11.7, -11.82, -10.65, -11.35, -11.95, -12.43, -12.21, -12.93, -12.83, -12.75, -12.68, -12.63, -9.55, -9.59, -9.6, -9.55, -13.17, -12.37, -11.07, -9.3, -8.4, -8.18, -9.47, -10.77, -11.69, -12.07, -13.07, -12.97, -12.83, -12.74, -12.66, -12.61, -9.37, -9.34, -9.25, -13.0, -12.34, -11.27, -9.54, -6.69, -3.94, -6.83, -7.42, -8.82, -10.74, -11.8, -12.99, -12.9, -12.79, -12.71, -12.63, -12.57, -9.2, -9.12, -10.84, -10.48, -9.94, -9.13, -7.91, -6.21, -4.64, -6.08, -7.57, -8.76, -10.58, -11.46, -12.85, -12.81, -12.74, -12.66, -12.59, -12.53, -11.09, -10.91, -10.66, -10.32, -9.86, -9.24, -8.45, -7.63, -6.48, -7.16, -8.07, -8.89, -10.57, -12.74, -12.76, -12.75, -12.71, -12.63, -12.54, -12.47, -10.98, -10.81, -10.59, -10.31, -9.96, -9.55, -9.13, -6.79, -7.87, -8.26, -8.73, -9.19, -13.64, -12.68, -12.71, -12.76, -12.77, -12.64, -12.48, -12.39, -10.92, -10.77, -10.58, -7.36, -7.39, -7.45, -7.58, -7.81, -8.11, -8.32, -8.31, -10.26, -12.26, -12.62, -12.67, -12.84, -13.09, -12.69, -12.33, -12.26, -7.47, -7.5, -7.55, -7.62, -7.73, -7.91, -8.21, -8.67, -9.26, -9.55, -9.22, -11.9, -12.23, -12.28, -12.39, -12.76, -14.09, -12.09, -11.98, -12.09, -7.59, -7.64, -7.71, -7.82, -7.99, -8.24, -8.63, -9.25, -10.25, -11.06, -9.94, -11.71, -11.94, -12.22, -12.24, -12.21, -11.63, -10.72, -11.66, -11.96, -7.68, -7.75, -7.85, -7.98, -8.16, -8.42, -8.8, -9.37, -10.26, -10.95, -11.46, -11.4, -11.63, -12.15, -12.11, -11.3, -11.18, -11.01, -11.73, -11.93, -7.76, -7.84, -7.94, -8.07, -8.24, -8.47, -8.76, -9.13, -9.5, -9.6, -10.83, -10.89, -11.22, -10.52, -10.84, -11.03, -11.08, -11.06, -11.09, -11.11, -7.82, -7.9, -8.0, -8.12, -8.26, -8.44, -8.63, -8.8, -8.87, -10.04, -9.81, -9.15, -9.24, -9.26, -10.58, -10.81, -10.93, -10.98, -11.01, -11.04, -7.86, -7.94, -8.03, -8.13, -8.25, -8.38, -8.49, -8.55, -8.49, -9.15, -8.12, -8.72, -9.03, -9.16, -10.37, -10.62, -10.78, -10.87, -10.92, -10.95, -7.89, -7.96, -8.04, -8.13, -8.22, -8.31, -8.37, -8.39, -9.01, -8.58, -8.3, -8.66, -8.95, -9.09, -10.23, -10.47, -10.64, -10.75, -10.83, -10.87, -7.91, -7.97, -8.04, -8.11, -8.18, -8.25, -8.29, -8.29, -9.03, -8.81, -8.71, -8.81, -8.97, -9.08, -10.15, -10.37, -10.54, -10.66, -10.74, -10.79, -7.92, -7.97, -8.03, -8.09, -8.15, -8.19, -8.23, -9.22, -9.09, -8.97, -8.92, -8.95, -9.03, -9.1, -10.11, -10.31, -10.46, -10.58, -10.66, -10.73]}, {"header": {"refTime": "2023-09-02T04:00:00.000Z", "nx": 21, "ny": 33, "lo1": 113.509, "la1": 22.2235, "lo2": 113.5947, "la2": 22.1034, "dx": 0.0042850000000001385, "dy": 0.003753125000000024, "parameterCategory": 2, "parameterCategoryName": "Temperature", "parameterNumber": 3}, "data": [-2.21, -2.17, -2.13, -0.85, -0.87, -1.96, -1.92, -1.89, -1.9, -1.46, -1.53, -1.62, -2.36, -2.41, -2.99, -3.05, -3.22, -3.23, -3.24, -3.24, -2.23, -2.19, -2.15, -2.1, -0.88, -0.91, -1.87, -1.79, -1.75, -1.45, -1.56, -1.69, -2.44, -2.49, -3.06, -3.22, -3.24, -3.25, -3.26, -3.26, -2.26, -2.23, -2.18, -2.13, -0.88, -0.91, -0.97, -1.71, -1.45, -1.42, -1.59, -1.81, -2.58, -2.6, -3.22, -3.24, -3.26, -3.28, -3.29, -3.29, -2.29, -2.27, -2.23, -2.17, -2.1, -0.9, -0.95, -1.02, -1.08, -1.41, -1.64, -2.03, -2.82, -2.28, -3.23, -3.25, -3.29, -3.32, -3.33, -3.32, -2.34, -2.32, -2.29, -2.24, -2.17, -0.88, -0.9, -0.91, -0.87, -1.3, -1.59, -2.35, -3.06, -2.44, -3.22, -3.27, -3.34, -3.39, -3.38, -3.36, -2.39, -2.38, -2.36, -2.33, -2.27, -2.18, -0.89, -0.88, -0.77, -0.55, -1.35, -1.99, -2.57, -2.73, -3.18, -3.3, -3.44, -3.5, -3.46, -3.4, -1.77, -2.46, -2.45, -2.43, -2.39, -2.3, -1.55, -0.99, -0.89, -0.48, -0.25, -1.37, -2.37, -2.4, -3.11, -3.32, -3.58, -3.68, -3.48, -3.37, -1.78, -1.83, -1.9, -2.21, -2.21, -1.9, -1.7, -1.52, -1.4, -0.35, 0.45, -1.08, -1.38, -2.15, -2.4, -2.79, -3.28, -3.47, -3.2, -3.02, -1.78, -1.85, -1.94, -2.05, -2.38, -2.34, -2.12, -1.62, -0.69, -0.58, -0.47, -1.08, -1.37, -1.23, -2.31, -2.64, -2.95, -3.09, -3.04, -2.94, -1.3, -1.39, -1.53, -2.13, -2.41, -2.76, -2.34, -1.88, -0.39, -0.22, -0.77, -1.09, -1.33, -1.21, -2.26, -2.51, -2.73, -2.85, -2.87, -2.84, -1.26, -1.35, -1.48, -1.72, -2.23, -3.72, -1.89, -1.02, -1.32, -0.19, -0.29, -1.02, -1.12, -1.12, -2.26, -2.44, -2.59, -2.7, -2.74, -2.75, -1.21, -1.26, -1.35, -1.5, -1.74, -1.86, -1.17, -0.52, -0.32, -0.09, -0.26, -1.17, -1.27, -1.05, -2.28, -2.4, -2.51, -2.53, -2.58, -2.59, -1.13, -1.16, -1.18, -1.18, -1.1, -0.72, -0.18, -0.25, -0.28, -0.45, -0.17, -1.08, -1.18, -1.67, -1.67, -2.28, -2.35, -2.42, -2.46, -2.49, -1.06, -1.05, -1.02, -0.93, -0.71, -0.22, 0.65, -0.06, -0.31, -0.44, -0.1, -0.99, -1.09, -1.17, -1.67, -2.2, -2.26, -2.31, -2.36, -2.4, -0.99, -0.96, -0.9, -0.79, -0.59, -0.29, -0.07, -0.48, -0.81, -1.05, -1.21, -2.11, -1.13, -1.21, -1.26, -2.1, -2.16, -2.22, -2.28, -2.33, -0.94, -0.9, -2.29, -2.17, -2.02, -0.92, -0.97, -1.19, -1.42, -1.57, -2.42, -2.31, -2.19, -2.39, -2.27, 0.25, 0.6, 0.95, 0.61, 0.75, -2.5, -2.46, -2.42, -2.38, -1.37, -1.49, -1.73, -2.05, -2.27, -2.24, -2.76, -2.49, -2.25, -2.02, -0.91, -0.01, 0.56, 1.0, 1.31, 1.51, -2.57, -2.56, -2.57, -2.6, -1.74, -2.01, -2.45, -3.05, -3.37, -3.29, -2.83, -2.66, -2.3, -1.0, -1.5, -0.18, 0.63, 1.15, 1.46, 1.66, -2.64, -2.66, -2.7, -1.81, -2.03, -2.39, -2.97, -3.93, -4.81, -3.78, -3.61, -3.13, -0.77, -0.68, -0.28, 0.32, 1.0, 1.46, 1.72, 1.86, -2.71, -2.75, -2.3, -2.43, -2.63, -2.92, -3.37, -3.99, -4.58, -4.08, -3.56, -3.15, -0.42, -0.07, 0.82, 1.18, 1.61, 1.91, 2.05, 2.1, -2.21, -2.28, -2.37, -2.49, -2.66, -2.89, -3.18, -3.48, -3.94, -3.7, -3.38, -3.1, 0.06, 1.5, 1.7, 2.03, 2.34, 2.46, 2.43, 2.34, -2.25, -2.32, -2.4, -2.5, -2.63, -2.78, -2.94, -2.99, -3.45, -3.31, -3.15, -2.99, 1.57, 2.05, 2.39, 2.83, 3.15, 3.06, 2.78, 2.55, -2.28, -2.34, -2.41, -2.42, -2.47, -2.51, -2.53, -2.52, -2.46, -2.37, -2.28, -0.13, 1.73, 2.43, 2.87, 3.53, 4.26, 3.67, 2.95, 2.63, -2.21, -2.23, -2.24, -2.25, -2.26, -2.25, -2.22, -2.16, -2.08, -2.02, -1.98, 1.47, 1.57, 2.26, 2.94, 3.75, 6.22, 3.18, 2.68, 2.56, -2.11, -2.11, -2.1, -2.09, -2.06, -2.02, -1.96, -1.9, -1.87, -1.87, -1.77, 1.18, 2.17, 2.09, 2.67, 3.08, 2.51, 1.27, 2.28, 2.43, -2.02, -2.0, -1.97, -1.93, -1.88, -1.82, -1.74, -1.68, -1.69, -1.74, 0.14, 1.12, 2.0, 1.9, 2.35, 3.02, 2.66, 2.37, 2.27, 2.37, -1.93, -1.9, -1.86, -1.8, -1.72, -1.63, -1.53, -1.42, -1.33, -1.21, 0.68, 1.26, 1.9, 2.72, 2.84, 2.85, 2.74, 2.65, 2.69, 2.78, -1.86, -1.81, -1.75, -1.68, -1.59, -1.47, -1.32, -1.13, -0.88, 0.89, 1.09, -0.11, -0.32, -0.5, 2.69, 2.75, 2.74, 2.73, 2.75, 2.79, -1.79, -1.73, -1.66, -1.58, -1.47, -1.33, -1.15, -0.9, -0.51, 1.17, 0.84, 0.25, -0.13, -0.37, 2.58, 2.67, 2.71, 2.73, 2.75, 2.78, -1.73, -1.67, -1.59, -1.5, -1.38, -1.24, -1.04, -0.78, 0.05, 0.42, 0.66, 0.29, -0.06, -0.3, 2.51, 2.61, 2.67, 2.71, 2.74, 2.77, -1.68, -1.61, -1.54, -1.44, -1.33, -1.18, -1.0, -0.77, -0.0, 0.18, 0.25, 0.12, -0.09, -0.28, 2.47, 2.57, 2.64, 2.69, 2.72, 2.75, -1.64, -1.57, -1.5, -1.41, -1.3, -1.17, -1.01, -0.21, -0.1, -0.0, 0.02, -0.04, -0.17, -0.3, 2.46, 2.55, 2.61, 2.66, 2.7, 2.73]}, {"header": {"refTime": "2023-09-02T04:00:00.000Z", "nx": 21, "ny": 33, "lo1": 113.509, "la1": 22.2235, "lo2": 113.5947, "la2": 22.1034, "dx": 0.0042850000000001385, "dy": 0.003753125000000024, "parameterCategory": 0, "parameterCategoryName": "Temperature", "parameterNumber": 0}, "data": [[25.04, 25.04, 25.05, 24.92, 24.94, 25.07, 25.08, 25.1, 25.11, 25.1, 25.09, 25.09, 25.18, 25.17, 25.11, 25.1, 25.07, 25.06, 25.05, 25.05], [25.04, 25.04, 25.04, 25.05, 24.93, 24.96, 25.09, 25.11, 25.13, 25.12, 25.1, 25.09, 25.18, 25.17, 25.11, 25.07, 25.06, 25.05, 25.05, 25.05], [25.04, 25.04, 25.04, 25.04, 24.93, 24.95, 24.99, 25.12, 25.18, 25.13, 25.1, 25.09, 25.18, 25.18, 25.09, 25.07, 25.06, 25.05, 25.04, 25.04], [25.04, 25.04, 25.04, 25.04, 25.04, 24.93, 24.96, 25.01, 25.06, 25.1, 25.08, 25.09, 25.18, 25.08, 25.09, 25.07, 25.05, 25.03, 25.03, 25.03], [25.04, 25.04, 25.03, 25.03, 25.03, 24.9, 24.91, 24.93, 24.94, 25.05, 25.06, 25.08, 25.15, 25.09, 25.09, 25.06, 25.03, 25.02, 25.01, 25.02], [25.04, 25.04, 25.03, 25.03, 25.02, 25.0, 24.86, 24.85, 24.85, 24.84, 24.98, 25.05, 25.11, 25.17, 25.08, 25.04, 25.0, 24.99, 24.99, 25.01], [24.98, 25.04, 25.03, 25.03, 25.01, 24.99, 24.83, 24.79, 24.78, 24.78, 24.8, 24.99, 25.14, 25.15, 25.07, 25.02, 24.96, 24.94, 24.96, 24.97], [24.99, 24.99, 24.99, 24.99, 24.98, 24.89, 24.84, 24.77, 24.72, 24.77, 24.75, 24.98, 24.98, 25.15, 24.97, 25.0, 24.95, 24.94, 24.96, 24.98], [24.91, 24.92, 25.01, 25.02, 25.02, 25.0, 24.94, 24.82, 24.7, 24.79, 24.85, 24.91, 24.94, 24.9, 24.98, 25.0, 24.98, 24.97, 24.97, 24.98], [25.2, 25.2, 25.2, 24.97, 25.0, 25.09, 25.03, 24.94, 24.7, 24.7, 24.94, 24.88, 24.9, 24.89, 24.98, 25.01, 25.0, 24.99, 24.99, 24.99], [25.2, 25.2, 25.2, 25.2, 25.2, 25.2, 25.2, 25.2, 25.02, 24.7, 24.7, 24.85, 24.87, 24.87, 24.98, 25.02, 25.01, 25.0, 25.0, 25.0], [25.2, 25.2, 25.2, 25.2, 25.2, 25.2, 25.2, 25.2, 25.2, -999.0, 24.7, 25.1, 25.1, 24.86, 24.98, 25.03, 25.02, 24.62, 24.62, 24.62], [25.2, 25.2, 25.2, 25.2, 25.2, 25.2, 25.2, 25.2, 25.2, 25.2, -999.0, 25.1, 25.1, 24.64, 24.84, 24.72, 24.72, 24.66, 24.67, 24.67], [25.2, 25.2, 25.2, 25.2, 25.2, 25.2, 25.2, 25.2, 25.2, 25.2, -999.0, 24.4, 24.4, 24.4, 24.78, 24.68, 24.68, 24.62, 24.63, 24.65], [25.2, 25.2, 25.2, 25.2, 25.2, 25.2, 25.2, 25.2, 25.2, 25.2, 25.2, 24.89, 24.4, 24.4, 24.4, 24.63, 24.64, 24.59, 24.6, 24.62], [25.2, 25.2, 25.2, 25.2, 25.2, 25.2, 25.2, 25.2, 25.2, 25.2, 24.7, 24.75, 24.68, 24.61, 24.69, 24.51, 24.53, 24.5, 24.61, 24.63], [25.2, 25.2, 25.2, 25.2, 25.2, 25.2, 25.2, 25.2, 25.2, 25.2, 24.86, 24.76, 24.65, 24.56, 24.53, 24.5, 24.54, 24.57, 24.59, 24.6], [25.2, 25.2, 25.2, 25.2, 25.2, 25.2, 25.2, 25.2, 25.2, 25.0, 24.89, 24.77, 24.64, 24.54, 24.42, 24.49, 24.54, 24.58, 24.6, 24.61], [25.2, 25.2, 25.2, 25.2, 25.2, 25.2, 25.2, 25.2, 25.13, 25.04, 24.95, 24.85, 24.67, 24.58, 24.48, 24.52, 24.56, 24.59, 24.61, 24.63], [25.2, 25.2, 25.14, 25.15, 25.15, 25.15, 25.16, 25.18, 25.11, 25.05, 24.96, 24.88, 24.71, 24.64, 24.55, 24.57, 24.6, 24.62, 24.63, 24.64], [25.14, 25.14, 25.14, 25.16, 25.16, 25.16, 25.17, 25.17, 25.05, 25.02, 24.96, 24.9, 24.73, 24.59, 24.6, 24.62, 24.64, 24.65, 24.66, 24.66], [25.15, 25.15, 25.15, 25.16, 25.16, 25.16, 25.16, 25.17, 25.02, 25.0, 24.97, 24.93, 24.72, 24.63, 24.64, 24.66, 24.67, 24.68, 24.68, 24.68], [25.15, 25.15, 25.15, 25.16, 25.16, 25.16, 25.16, 25.16, 25.15, 25.15, 25.15, 25.02, 24.88, 24.65, 24.67, 24.69, 24.7, 24.71, 24.7, 24.69], [25.16, 25.16, 25.16, 25.16, 25.16, 25.16, 25.15, 25.15, 25.14, 25.14, 25.14, 25.03, 24.89, 24.85, 24.81, 24.7, 24.71, 24.73, 24.72, 24.7], [25.16, 25.16, 25.16, 25.16, 25.16, 25.16, 25.15, 25.14, 25.13, 25.12, 25.13, 25.04, 25.01, 24.85, 24.82, 24.79, 24.74, 24.75, 24.72, 24.71], [25.16, 25.16, 25.16, 25.16, 25.16, 25.16, 25.15, 25.14, 25.13, 25.12, 25.08, 25.06, 25.02, 24.86, 24.83, 24.82, 24.8, 24.8, 24.72, 24.71], [25.16, 25.16, 25.16, 25.16, 25.16, 25.16, 25.15, 25.15, 25.15, 25.14, 25.09, 25.07, 25.04, 24.91, 24.87, 24.85, 24.83, 24.82, 24.82, 24.83], [25.16, 25.16, 25.16, 25.16, 25.16, 25.16, 25.16, 25.16, 25.16, 25.11, 25.12, 25.11, 25.08, 25.05, 24.9, 24.87, 24.85, 24.84, 24.84, 24.84], [25.16, 25.16, 25.16, 25.16, 25.16, 25.16, 25.16, 25.16, 25.17, 25.14, 25.18, 25.13, 25.1, 25.07, 24.92, 24.89, 24.87, 24.86, 24.85, 24.85], [25.16, 25.16, 25.16, 25.16, 25.16, 25.16, 25.16, 25.17, 25.13, 25.15, 25.16, 25.13, 25.1, 25.07, 24.94, 24.91, 24.89, 24.87, 24.87, 24.86], [25.16, 25.16, 25.16, 25.16, 25.16, 25.16, 25.17, 25.17, 25.12, 25.13, 25.13, 25.12, 25.1, 25.07, 24.94, 24.92, 24.9, 24.89, 24.88, 24.87], [25.16, 25.16, 25.16, 25.16, 25.17, 25.17, 25.17, 25.1, 25.11, 25.11, 25.11, 25.1, 25.09, 25.07, 24.95, 24.93, 24.91, 24.9, 24.89, 24.88]]}]