gis_exercise/awsData/contour/wdir_2023083111.json
[{"header": {"refTime": "2023-08-31T11:00:00.000Z", "nx": 21, "ny": 33, "lo1": 113.509, "la1": 22.2235, "lo2": 113.5947, "la2": 22.1034, "dx": 0.0042850000000001385, "dy": 0.003753125000000024, "parameterCategory": 2, "parameterCategoryName": "Temperature", "parameterNumber": 2}, "data": [-0.98, -0.98, -0.99, -0.73, -0.73, -0.62, -0.6, -0.58, -0.54, 0.16, 0.31, 0.46, 0.17, 0.22, -0.23, -0.32, -0.37, -0.46, -0.52, -0.56, -0.98, -0.98, -0.99, -1.0, -0.74, -0.74, -0.64, -0.63, -0.61, 0.02, 0.29, 0.51, 0.25, 0.3, -0.18, -0.28, -0.41, -0.51, -0.58, -0.62, -0.97, -0.98, -0.99, -1.0, -0.76, -0.76, -0.75, -0.68, -0.73, -0.08, 0.34, 0.61, 0.4, 0.42, -0.08, -0.29, -0.47, -0.59, -0.67, -0.7, -0.96, -0.97, -0.99, -1.01, -1.03, -0.78, -0.77, -0.75, -0.73, 0.1, 0.49, 0.8, 0.65, 0.92, -0.04, -0.35, -0.58, -0.73, -0.79, -0.8, -0.95, -0.96, -0.98, -1.0, -1.04, -0.82, -0.82, -0.8, -0.73, 0.41, 0.69, 1.0, 1.27, 0.97, -0.07, -0.47, -0.77, -0.94, -0.96, -0.92, -0.93, -0.94, -0.96, -0.99, -1.04, -1.11, -0.91, -0.92, -0.81, -0.55, 0.75, 0.84, 1.01, 0.37, -0.21, -0.67, -1.09, -1.26, -1.18, -1.05, -1.19, -0.91, -0.92, -0.95, -1.01, -1.12, -0.83, -1.18, -1.09, -0.4, -0.02, 0.5, -0.08, -0.06, -0.42, -0.89, -1.5, -1.73, -1.48, -1.29, -1.17, -1.15, -1.13, -0.94, -0.98, -0.62, -0.84, -1.31, -1.77, -0.31, 0.59, -0.34, -0.55, -0.41, -1.37, -1.59, -1.86, -1.96, -1.81, -1.72, -1.14, -1.11, -1.07, -1.02, -0.83, -0.89, -1.11, -0.97, -1.16, -0.49, -0.05, -0.51, -0.89, -0.71, -1.36, -1.52, -1.69, -1.76, -1.73, -1.68, -0.8, -0.77, -0.72, -0.92, -0.78, -0.56, -0.81, -1.1, -0.92, -0.69, -0.32, -0.64, -0.96, -0.75, -1.36, -1.47, -1.57, -1.63, -1.64, -1.62, -0.81, -0.78, -0.74, -0.66, -0.49, 0.01, -0.58, -0.84, -1.07, -0.78, -0.54, -0.57, -0.68, -0.66, -1.36, -1.44, -1.51, -1.56, -1.58, -1.58, -0.83, -0.82, -0.79, -0.74, -0.66, -0.62, -0.83, -0.97, -1.0, -1.27, -0.62, -1.06, -1.07, -0.58, -1.36, -1.42, -1.47, -1.36, -1.37, -1.37, -0.86, -0.85, -0.85, -0.85, -0.89, -1.03, -1.23, -1.11, -1.04, -1.02, -1.33, -1.05, -1.05, -0.78, -0.75, -1.19, -1.21, -1.24, -1.26, -1.28, -0.89, -0.89, -0.91, -0.94, -1.03, -1.23, -1.59, -1.24, -1.1, -1.05, -1.35, -0.87, -0.83, -0.79, -0.65, -1.05, -1.08, -1.12, -1.16, -1.19, -0.91, -0.92, -0.95, -0.99, -1.07, -1.19, -1.27, -1.04, -0.88, -0.78, -0.71, -0.14, -0.73, -0.67, -0.64, -0.89, -0.94, -1.01, -1.06, -1.11, -0.93, -0.94, -0.45, -0.49, -0.55, -0.87, -0.85, -0.75, -0.65, -0.58, -0.04, -0.05, -0.06, -0.15, -0.16, -0.1, -0.08, -0.05, -0.25, -0.27, -0.36, -0.37, -0.39, -0.4, -0.68, -0.64, -0.54, -0.41, -0.32, -0.32, 0.08, 0.02, -0.02, -0.05, 0.18, -0.15, -0.17, -0.19, -0.21, -0.22, -0.33, -0.33, -0.32, -0.31, -0.53, -0.43, -0.25, -0.01, 0.11, 0.15, 0.02, 0.08, 0.01, 0.19, -0.04, -0.14, -0.17, -0.19, -0.21, -0.23, -0.3, -0.29, -0.27, -0.5, -0.42, -0.27, -0.04, 0.33, 0.7, 0.33, 0.23, 0.1, 0.43, 0.28, -0.13, -0.15, -0.17, -0.19, -0.22, -0.24, -0.27, -0.25, -0.53, -0.47, -0.38, -0.24, -0.04, 0.25, 0.57, 0.37, 0.18, 0.06, 0.51, 0.44, -0.15, -0.16, -0.17, -0.2, -0.22, -0.25, -0.58, -0.55, -0.51, -0.46, -0.38, -0.28, -0.15, -0.02, 0.26, 0.18, 0.07, -0.01, 0.59, -0.18, -0.16, -0.16, -0.16, -0.19, -0.23, -0.26, -0.57, -0.55, -0.51, -0.47, -0.42, -0.36, -0.3, -0.02, 0.0, -0.05, -0.09, -0.11, 0.03, -0.19, -0.16, -0.13, -0.11, -0.17, -0.25, -0.29, -0.57, -0.55, -0.53, -0.15, -0.16, -0.17, -0.19, -0.24, -0.3, -0.34, -0.34, 0.12, -0.57, -0.2, -0.16, -0.07, 0.06, -0.13, -0.3, -0.34, -0.18, -0.19, -0.2, -0.21, -0.23, -0.27, -0.32, -0.41, -0.53, -0.59, -0.52, -0.32, -0.6, -0.5, -0.38, -0.09, 0.55, -0.4, -0.46, -0.42, -0.21, -0.22, -0.23, -0.26, -0.29, -0.34, -0.41, -0.53, -0.72, -0.88, -0.67, -0.39, -0.16, -0.54, -0.46, -0.41, -0.61, -1.04, -0.61, -0.48, -0.23, -0.25, -0.27, -0.29, -0.33, -0.38, -0.45, -0.57, -0.73, -0.86, -0.62, -0.4, -0.2, -0.58, -0.54, -0.44, -0.6, -0.7, -0.58, -0.49, -0.25, -0.27, -0.29, -0.31, -0.35, -0.4, -0.46, -0.53, -0.61, -0.63, -0.5, -0.37, -0.22, -0.38, -0.41, -0.45, -0.52, -0.57, -0.55, -0.51, -0.27, -0.28, -0.3, -0.33, -0.36, -0.4, -0.44, -0.48, -0.51, -0.45, -0.4, -0.83, -0.95, -1.07, -0.41, -0.45, -0.48, -0.51, -0.51, -0.49, -0.28, -0.29, -0.31, -0.34, -0.36, -0.39, -0.42, -0.44, -0.45, -0.39, -0.5, -0.72, -0.88, -1.01, -0.41, -0.43, -0.46, -0.47, -0.47, -0.47, -0.28, -0.3, -0.32, -0.34, -0.36, -0.38, -0.4, -0.42, -0.76, -0.64, -0.57, -0.71, -0.86, -0.98, -0.41, -0.42, -0.44, -0.45, -0.45, -0.45, -0.29, -0.3, -0.32, -0.34, -0.36, -0.37, -0.39, -0.4, -0.79, -0.73, -0.72, -0.78, -0.88, -0.97, -0.41, -0.42, -0.43, -0.44, -0.44, -0.44, -0.29, -0.31, -0.32, -0.34, -0.35, -0.37, -0.38, -0.87, -0.84, -0.81, -0.81, -0.85, -0.91, -0.98, -0.4, -0.41, -0.42, -0.43, -0.43, -0.43]}, {"header": {"refTime": "2023-08-31T11:00:00.000Z", "nx": 21, "ny": 33, "lo1": 113.509, "la1": 22.2235, "lo2": 113.5947, "la2": 22.1034, "dx": 0.0042850000000001385, "dy": 0.003753125000000024, "parameterCategory": 2, "parameterCategoryName": "Temperature", "parameterNumber": 3}, "data": [-2.42, -2.4, -2.37, -2.27, -2.24, -1.51, -1.51, -1.49, -1.47, -1.51, -1.45, -1.39, -1.67, -1.68, -2.7, -2.94, -3.9, -4.07, -4.2, -4.28, -2.44, -2.42, -2.39, -2.34, -2.24, -2.19, -1.53, -1.53, -1.52, -1.53, -1.44, -1.34, -1.6, -1.62, -2.66, -3.69, -3.96, -4.18, -4.32, -4.41, -2.46, -2.44, -2.41, -2.37, -2.26, -2.2, -2.12, -1.56, -1.61, -1.54, -1.41, -1.26, -1.47, -1.51, -3.3, -3.73, -4.09, -4.35, -4.5, -4.57, -2.49, -2.47, -2.45, -2.41, -2.36, -2.25, -2.18, -2.06, -1.95, -1.54, -1.38, -1.11, -1.22, -1.64, -3.22, -3.84, -4.32, -4.62, -4.75, -4.77, -2.52, -2.51, -2.49, -2.46, -2.42, -2.31, -2.28, -2.25, -2.24, -1.6, -1.4, -1.48, -0.7, -1.48, -3.27, -4.09, -4.72, -5.05, -5.1, -5.02, -2.55, -2.55, -2.54, -2.53, -2.5, -2.46, -2.38, -2.4, -2.43, -2.49, -2.37, -1.92, -1.36, -2.39, -3.57, -4.51, -5.35, -5.71, -5.54, -5.28, -3.88, -2.6, -2.6, -2.6, -2.58, -2.56, -2.87, -2.5, -2.55, -3.13, -3.28, -2.78, -3.31, -3.27, -3.98, -4.94, -6.2, -6.67, -6.18, -5.79, -3.9, -3.87, -3.82, -3.08, -3.06, -2.95, -2.88, -2.76, -2.72, -3.09, -3.15, -4.33, -4.55, -3.97, -5.96, -6.4, -6.95, -7.14, -6.85, -6.65, -3.94, -3.91, -3.86, -3.8, -3.1, -3.08, -3.01, -2.84, -2.82, -3.14, -4.17, -4.67, -5.2, -4.95, -5.93, -6.26, -6.6, -6.74, -6.68, -6.57, -4.19, -4.16, -4.11, -3.85, -3.74, -3.17, -3.12, -3.05, -2.95, -2.96, -4.49, -4.9, -5.37, -5.04, -5.93, -6.15, -6.36, -6.48, -6.5, -6.47, -4.22, -4.19, -4.15, -4.06, -3.87, -3.35, -3.89, -3.97, -3.14, -3.04, -4.25, -4.81, -4.96, -4.92, -5.94, -6.08, -6.23, -6.33, -6.37, -6.37, -4.25, -4.24, -4.22, -4.18, -4.1, -4.04, -4.19, -3.94, -3.75, -4.56, -4.15, -4.74, -4.88, -4.81, -5.94, -6.05, -6.15, -6.34, -6.37, -6.37, -4.29, -4.3, -4.31, -4.33, -4.41, -4.65, -4.92, -4.31, -3.95, -4.08, -4.87, -4.6, -4.73, -5.18, -5.15, -6.09, -6.14, -6.19, -6.22, -6.25, -4.33, -4.35, -4.38, -4.46, -4.62, -4.98, -5.75, -4.81, -4.36, -4.25, -4.91, -4.65, -4.77, -4.83, -5.1, -5.93, -5.98, -6.04, -6.09, -6.13, -4.36, -4.39, -4.43, -4.52, -4.66, -4.87, -5.0, -4.44, -4.06, -3.85, -3.73, -3.36, -4.72, -4.78, -4.81, -5.74, -5.81, -5.89, -5.97, -6.03, -4.38, -4.41, -3.97, -4.04, -4.13, -4.21, -4.17, -3.98, -3.76, -3.62, -3.16, -3.37, -3.6, -4.37, -4.46, -5.28, -5.34, -5.41, -5.87, -5.95, -3.82, -3.84, -3.86, -3.87, -3.88, -3.82, -3.67, -3.45, -3.28, -3.26, -3.06, -3.36, -3.7, -4.06, -4.56, -5.2, -5.35, -5.46, -5.54, -5.6, -3.76, -3.76, -3.74, -3.71, -3.64, -3.48, -3.22, -2.86, -2.66, -3.14, -3.53, -3.32, -3.74, -4.51, -4.77, -5.16, -5.36, -5.49, -5.58, -5.63, -3.7, -3.68, -3.64, -3.58, -3.45, -3.25, -2.9, -2.35, -1.95, -2.77, -2.87, -3.29, -4.14, -4.45, -5.13, -5.28, -5.45, -5.56, -5.64, -5.68, -3.64, -3.61, -3.61, -3.52, -3.39, -3.18, -2.88, -2.46, -2.1, -2.47, -2.88, -3.23, -4.12, -4.39, -5.39, -5.48, -5.58, -5.67, -5.72, -5.74, -3.66, -3.62, -3.55, -3.46, -3.34, -3.18, -2.98, -2.78, -2.54, -2.72, -2.97, -3.22, -4.14, -5.56, -5.6, -5.66, -5.74, -5.78, -5.81, -5.81, -3.62, -3.58, -3.51, -3.44, -3.34, -3.23, -3.12, -2.29, -2.84, -2.95, -3.09, -3.24, -4.79, -5.69, -5.75, -5.82, -5.88, -5.9, -5.9, -5.88, -3.59, -3.55, -3.5, -2.34, -2.35, -2.38, -2.42, -2.48, -2.55, -2.59, -2.57, -3.63, -5.19, -5.78, -5.85, -5.93, -6.0, -6.01, -5.98, -5.94, -2.33, -2.34, -2.35, -2.37, -2.4, -2.45, -2.53, -2.64, -2.79, -2.85, -2.76, -3.72, -5.13, -5.42, -5.67, -6.0, -6.07, -6.1, -6.04, -5.98, -2.34, -2.35, -2.37, -2.4, -2.44, -2.5, -2.59, -2.75, -3.01, -3.23, -2.91, -3.6, -3.8, -5.39, -5.65, -5.86, -6.11, -6.15, -6.06, -5.99, -2.35, -2.36, -2.38, -2.41, -2.45, -2.51, -2.6, -2.74, -2.98, -3.18, -3.4, -3.45, -3.64, -5.35, -5.59, -5.5, -5.72, -5.78, -6.03, -5.99, -2.35, -2.37, -2.39, -2.41, -2.45, -2.49, -2.55, -2.63, -2.71, -2.72, -3.15, -3.23, -3.44, -4.6, -4.97, -5.27, -5.46, -5.54, -5.53, -5.48, -2.36, -2.37, -2.38, -2.4, -2.43, -2.45, -2.48, -2.49, -2.46, -2.81, -2.72, -2.95, -3.27, -3.6, -4.73, -5.02, -5.22, -5.33, -5.36, -5.35, -2.35, -2.37, -2.38, -2.39, -2.4, -2.41, -2.41, -2.38, -2.29, -2.42, -2.09, -2.66, -3.1, -3.45, -4.51, -4.81, -5.01, -5.14, -5.2, -5.22, -2.35, -2.36, -2.37, -2.37, -2.38, -2.37, -2.36, -2.31, -2.78, -2.46, -2.27, -2.65, -3.04, -3.37, -4.36, -4.64, -4.84, -4.98, -5.06, -5.1, -2.35, -2.35, -2.36, -2.36, -2.36, -2.35, -2.33, -2.29, -2.86, -2.71, -2.67, -2.83, -3.09, -3.35, -4.27, -4.52, -4.71, -4.85, -4.94, -5.0, -2.34, -2.35, -2.35, -2.35, -2.34, -2.33, -2.31, -3.07, -2.97, -2.91, -2.91, -3.01, -3.18, -3.36, -4.23, -4.45, -4.62, -4.75, -4.84, -4.91]}, {"header": {"refTime": "2023-08-31T11:00:00.000Z", "nx": 21, "ny": 33, "lo1": 113.509, "la1": 22.2235, "lo2": 113.5947, "la2": 22.1034, "dx": 0.0042850000000001385, "dy": 0.003753125000000024, "parameterCategory": 0, "parameterCategoryName": "Temperature", "parameterNumber": 0}, "data": [[30.68, 30.69, 30.71, 30.6, 30.63, 30.85, 30.88, 30.91, 30.92, 30.82, 30.77, 30.73, 30.88, 30.86, 30.85, 30.84, 30.7, 30.7, 30.7, 30.7], [30.67, 30.68, 30.7, 30.72, 30.63, 30.67, 30.9, 30.96, 31.0, 30.88, 30.78, 30.72, 30.87, 30.85, 30.84, 30.7, 30.7, 30.7, 30.7, 30.7], [30.66, 30.67, 30.68, 30.7, 30.61, 30.66, 30.74, 30.99, 31.15, 30.92, 30.77, 30.7, 30.84, 30.82, 30.7, 30.7, 30.7, 30.7, 30.7, 30.7], [30.64, 30.65, 30.66, 30.68, 30.7, 30.62, 30.68, 30.79, 30.89, 30.84, 30.71, 30.66, 30.8, 30.54, 30.7, 30.7, 30.7, 30.7, 30.7, 30.7], [30.63, 30.63, 30.64, 30.65, 30.66, 30.56, 30.59, 30.62, 30.63, 30.68, 30.62, 30.54, 30.64, 30.57, 30.7, 30.7, 30.7, 30.7, 30.7, 30.7], [30.61, 30.61, 30.61, 30.62, 30.62, 30.62, 30.49, 30.47, 30.44, 30.39, 30.39, 30.5, 30.58, 30.7, 30.7, 30.7, 30.7, 30.7, 30.7, 30.7], [30.36, 30.59, 30.59, 30.58, 30.58, 30.57, 30.22, 30.37, 30.33, 30.19, 30.18, 30.44, 30.7, 30.7, 30.7, 30.7, 30.7, 30.7, 30.7, 30.7], [30.36, 30.36, 30.36, 30.36, 30.36, 30.25, 30.24, 30.24, 30.28, 30.16, 30.03, 30.45, 30.46, 30.7, 30.7, 30.7, 30.7, 30.7, 30.7, 30.7], [30.34, 30.34, 30.36, 30.36, 30.36, 30.36, 30.35, 30.24, 30.17, 30.22, 30.21, 30.33, 30.38, 30.31, 30.7, 30.7, 30.7, 30.7, 30.7, 30.7], [30.4, 30.4, 30.4, 30.35, 30.36, 30.38, 30.37, 30.35, 30.07, 30.09, 30.39, 30.25, 30.3, 30.27, 30.7, 30.7, 30.7, 30.7, 30.7, 30.7], [30.4, 30.4, 30.4, 30.4, 30.4, 30.4, 30.4, 30.4, 30.36, 30.16, 29.9, 30.2, 30.24, 30.24, 30.7, 30.7, 30.7, 30.7, 30.7, 30.7], [30.4, 30.4, 30.4, 30.4, 30.4, 30.4, 30.4, 30.4, 30.4, -999.0, 29.9, 30.7, 30.7, 30.22, 30.7, 30.7, 30.7, 29.73, 29.76, 29.76], [30.4, 30.4, 30.4, 30.4, 30.4, 30.4, 30.4, 30.4, 30.4, 30.4, -999.0, 30.7, 30.7, 29.59, 30.08, 30.08, 30.09, 29.88, 29.91, 29.93], [30.4, 30.4, 30.4, 30.4, 30.4, 30.4, 30.4, 30.4, 30.4, 30.4, -999.0, 29.0, 29.0, 29.0, 29.93, 29.94, 29.97, 29.75, 29.8, 29.83], [30.4, 30.4, 30.4, 30.4, 30.4, 30.4, 30.4, 29.6, 29.6, 29.6, 29.6, 29.37, 29.0, 29.0, 29.0, 29.78, 29.83, 29.63, 29.69, 29.74], [30.4, 30.4, 29.9, 29.89, 29.87, 29.6, 29.6, 29.6, 29.6, 29.6, 29.22, 29.27, 29.21, 29.16, 29.21, 28.93, 28.92, 28.94, 29.39, 29.42], [29.89, 29.88, 30.12, 30.1, 29.6, 29.6, 29.6, 29.6, 29.6, 29.6, 29.34, 29.27, 29.19, 29.12, 29.05, 28.94, 28.92, 28.9, 28.89, 28.88], [30.11, 30.1, 30.09, 30.07, 29.6, 29.6, 29.6, 29.6, 29.6, 29.45, 29.37, 29.28, 29.18, 29.06, 29.01, 28.95, 28.92, 28.9, 28.89, 28.88], [30.1, 30.09, 30.07, 29.6, 29.6, 29.6, 29.6, 29.6, 29.55, 29.48, 29.41, 29.33, 29.13, 29.07, 28.95, 28.93, 28.91, 28.89, 28.88, 28.87], [30.09, 30.07, 29.54, 29.55, 29.55, 29.55, 29.56, 29.58, 29.53, 29.48, 29.42, 29.35, 29.13, 29.08, 28.91, 28.9, 28.88, 28.87, 28.87, 28.86], [29.54, 29.54, 29.54, 29.56, 29.56, 29.56, 29.57, 29.57, 29.48, 29.46, 29.42, 29.37, 29.13, 28.89, 28.88, 28.87, 28.86, 28.86, 28.85, 28.85], [29.55, 29.55, 29.55, 29.56, 29.56, 29.56, 29.56, 29.6, 29.46, 29.44, 29.42, 29.39, 29.1, 28.87, 28.86, 28.85, 28.84, 28.84, 28.84, 28.84], [29.55, 29.55, 29.55, 29.61, 29.61, 29.61, 29.6, 29.6, 29.59, 29.59, 29.59, 29.35, 29.06, 28.86, 28.85, 28.83, 28.82, 28.82, 28.83, 28.83], [29.62, 29.62, 29.62, 29.62, 29.61, 29.61, 29.6, 29.59, 29.58, 29.57, 29.58, 29.4, 29.08, 29.0, 28.93, 28.82, 28.81, 28.81, 28.82, 28.83], [29.62, 29.62, 29.62, 29.62, 29.62, 29.61, 29.6, 29.59, 29.56, 29.54, 29.57, 29.43, 29.37, 29.01, 28.94, 28.88, 28.81, 28.81, 28.82, 28.83], [29.63, 29.63, 29.62, 29.62, 29.62, 29.62, 29.61, 29.59, 29.57, 29.55, 29.49, 29.46, 29.41, 29.02, 28.95, 28.95, 28.91, 28.89, 28.82, 28.83], [29.63, 29.63, 29.63, 29.63, 29.63, 29.62, 29.62, 29.62, 29.61, 29.61, 29.53, 29.5, 29.45, 29.16, 29.07, 29.01, 28.96, 28.95, 28.95, 28.96], [29.63, 29.63, 29.63, 29.63, 29.63, 29.63, 29.64, 29.64, 29.65, 29.6, 29.61, 29.56, 29.49, 29.42, 29.13, 29.06, 29.02, 28.99, 28.99, 28.99], [29.63, 29.63, 29.64, 29.64, 29.64, 29.64, 29.65, 29.66, 29.68, 29.67, 29.74, 29.62, 29.53, 29.45, 29.18, 29.11, 29.06, 29.04, 29.02, 29.02], [29.64, 29.64, 29.64, 29.64, 29.64, 29.65, 29.66, 29.67, 29.6, 29.66, 29.7, 29.62, 29.54, 29.47, 29.21, 29.15, 29.1, 29.07, 29.05, 29.04], [29.64, 29.64, 29.64, 29.64, 29.65, 29.65, 29.66, 29.68, 29.58, 29.61, 29.62, 29.58, 29.53, 29.47, 29.23, 29.17, 29.13, 29.1, 29.08, 29.07], [29.64, 29.64, 29.64, 29.65, 29.65, 29.66, 29.66, 29.54, 29.56, 29.57, 29.57, 29.55, 29.51, 29.47, 29.24, 29.19, 29.15, 29.12, 29.1, 29.09]]}]