gis_exercise/awsData/contour/wdir_2023090923.json
[{"header": {"refTime": "2023-09-09T23:00:00.000Z", "nx": 21, "ny": 33, "lo1": 113.509, "la1": 22.2235, "lo2": 113.5947, "la2": 22.1034, "dx": 0.0042850000000001385, "dy": 0.003753125000000024, "parameterCategory": 2, "parameterCategoryName": "Temperature", "parameterNumber": 2}, "data": [-1.77, -1.77, -1.76, -1.88, -1.86, -2.04, -1.99, -1.94, -1.93, -1.93, -2.04, -2.14, -2.41, -2.46, -3.67, -3.85, -4.42, -4.51, -4.58, -4.63, -1.78, -1.77, -1.77, -1.75, -1.86, -1.82, -1.94, -1.83, -1.77, -1.85, -2.03, -2.18, -2.46, -2.52, -3.72, -4.32, -4.47, -4.59, -4.67, -4.71, -1.78, -1.78, -1.78, -1.77, -1.88, -1.84, -1.76, -1.75, -1.44, -1.77, -2.06, -2.27, -2.56, -2.6, -4.13, -4.36, -4.56, -4.7, -4.79, -4.82, -1.79, -1.79, -1.79, -1.78, -1.77, -1.88, -1.82, -1.71, -1.61, -1.89, -2.17, -2.42, -2.71, -2.85, -4.11, -4.43, -4.71, -4.88, -4.95, -4.95, -1.8, -1.8, -1.8, -1.8, -1.81, -1.94, -1.92, -1.88, -1.86, -2.07, -2.28, -2.86, -2.99, -2.88, -4.13, -4.57, -4.96, -5.17, -5.19, -5.12, -1.8, -1.81, -1.81, -1.82, -1.84, -1.86, -2.02, -2.04, -2.05, -2.04, -2.67, -2.8, -2.91, -3.51, -4.22, -4.8, -5.37, -5.62, -5.49, -5.29, -3.14, -1.81, -1.82, -1.83, -1.85, -1.9, -2.17, -2.19, -2.21, -2.41, -2.4, -2.7, -3.55, -3.67, -4.32, -5.03, -5.96, -6.3, -6.15, -5.92, -3.15, -3.1, -3.04, -2.93, -2.91, -2.07, -2.15, -2.29, -2.47, -2.38, -2.26, -3.19, -3.39, -3.87, -5.09, -5.61, -6.23, -6.46, -6.12, -5.89, -3.17, -3.11, -3.04, -2.93, -2.81, -2.81, -2.92, -2.2, -2.98, -2.43, -3.21, -3.7, -4.38, -4.05, -5.09, -5.46, -5.83, -6.0, -5.93, -5.8, -4.13, -4.04, -3.9, -2.91, -2.69, -2.53, -2.88, -3.25, -3.51, -3.37, -3.57, -4.05, -4.63, -4.2, -5.1, -5.34, -5.57, -5.71, -5.73, -5.69, -4.16, -4.07, -3.94, -3.7, -3.2, -1.72, -3.58, -4.52, -4.04, -3.92, -4.63, -3.94, -4.12, -4.06, -5.11, -5.27, -5.42, -5.53, -5.58, -5.58, -4.21, -4.15, -4.06, -3.91, -3.67, -3.55, -4.28, -5.09, -5.39, -5.85, -4.81, -4.9, -4.84, -3.92, -5.11, -5.22, -5.33, -5.26, -5.28, -5.27, -4.28, -4.25, -4.22, -4.21, -4.28, -4.61, -5.13, -5.26, -5.36, -5.12, -5.83, -4.95, -4.88, -3.82, -3.75, -4.89, -4.94, -4.99, -5.04, -5.07, -4.35, -4.35, -4.37, -4.45, -4.63, -5.05, -5.75, -5.3, -5.18, -5.07, -5.84, -4.73, -4.56, -4.4, -3.55, -4.57, -4.64, -4.73, -4.81, -4.87, -4.41, -4.44, -4.49, -4.58, -4.75, -5.01, -5.22, -5.06, -4.84, -4.67, -4.54, -3.23, -4.28, -4.09, -3.97, -4.2, -4.32, -4.46, -4.59, -4.69, -4.46, -4.5, -3.23, -3.34, -3.48, -4.68, -4.64, -4.49, -4.32, -4.22, -3.05, -2.98, -2.88, -2.73, -2.73, -3.25, -3.36, -3.46, -3.95, -4.07, -3.07, -3.1, -3.15, -3.19, -4.33, -4.23, -4.04, -3.78, -3.62, -3.64, -2.73, -2.75, -2.71, -2.62, -2.36, -2.55, -2.63, -2.68, -2.72, -2.75, -3.02, -3.04, -3.04, -3.03, -4.03, -3.81, -3.45, -2.95, -2.7, -2.33, -2.52, -2.59, -2.6, -2.34, -2.35, -2.53, -2.64, -2.7, -2.74, -2.76, -2.97, -2.97, -2.95, -3.98, -3.8, -3.5, -3.02, -2.23, -1.4, -2.01, -2.12, -2.31, -2.27, -2.36, -2.52, -2.6, -2.68, -2.74, -2.77, -2.79, -2.93, -2.91, -3.7, -3.59, -3.42, -3.17, -2.79, -2.26, -1.61, -1.93, -2.22, -2.39, -2.3, -2.41, -2.66, -2.71, -2.76, -2.8, -2.82, -2.82, -3.79, -3.74, -3.67, -3.57, -3.43, -3.24, -3.0, -2.75, -2.13, -2.28, -2.44, -2.54, -2.36, -2.75, -2.78, -2.82, -2.86, -2.87, -2.87, -2.85, -3.78, -3.73, -3.67, -3.59, -3.5, -3.38, -3.26, -2.51, -2.6, -2.68, -2.74, -2.76, -3.58, -2.82, -2.87, -2.93, -2.97, -2.95, -2.91, -2.88, -3.78, -3.74, -3.69, -2.66, -2.68, -2.72, -2.78, -2.88, -3.0, -3.07, -3.05, -3.4, -3.66, -2.87, -2.93, -3.02, -3.13, -3.04, -2.93, -2.88, -2.67, -2.68, -2.7, -2.74, -2.79, -2.87, -3.0, -3.19, -3.44, -3.55, -3.4, -3.83, -3.69, -3.52, -3.38, -3.05, -3.43, -2.95, -2.88, -2.87, -2.7, -2.72, -2.75, -2.8, -2.87, -2.97, -3.13, -3.4, -3.83, -4.2, -3.68, -3.81, -3.69, -3.53, -3.37, -3.22, -2.84, -2.64, -2.81, -2.84, -2.72, -2.75, -2.79, -2.84, -2.91, -3.01, -3.17, -3.41, -3.81, -4.12, -3.94, -3.7, -3.6, -3.54, -3.38, -2.84, -2.8, -2.76, -2.81, -2.83, -2.74, -2.77, -2.8, -2.85, -2.91, -3.0, -3.11, -3.25, -3.4, -3.42, -3.55, -3.45, -3.44, -2.68, -2.74, -2.78, -2.78, -2.78, -2.79, -2.79, -2.75, -2.78, -2.81, -2.85, -2.9, -2.95, -3.01, -3.05, -3.03, -3.17, -3.03, -2.88, -2.91, -2.89, -2.69, -2.73, -2.76, -2.77, -2.77, -2.78, -2.76, -2.78, -2.81, -2.84, -2.87, -2.9, -2.91, -2.89, -2.79, -2.73, -2.33, -2.65, -2.8, -2.84, -2.65, -2.7, -2.73, -2.74, -2.76, -2.76, -2.76, -2.78, -2.8, -2.82, -2.84, -2.85, -2.84, -2.8, -2.82, -2.58, -2.43, -2.61, -2.75, -2.81, -2.62, -2.67, -2.7, -2.72, -2.74, -2.75, -2.76, -2.77, -2.79, -2.8, -2.81, -2.81, -2.8, -2.75, -2.82, -2.7, -2.64, -2.69, -2.76, -2.8, -2.6, -2.65, -2.68, -2.7, -2.72, -2.73, -2.75, -2.77, -2.78, -2.79, -2.79, -2.79, -2.77, -2.92, -2.85, -2.78, -2.75, -2.76, -2.79, -2.81, -2.59, -2.63, -2.67, -2.69, -2.71, -2.72]}, {"header": {"refTime": "2023-09-09T23:00:00.000Z", "nx": 21, "ny": 33, "lo1": 113.509, "la1": 22.2235, "lo2": 113.5947, "la2": 22.1034, "dx": 0.0042850000000001385, "dy": 0.003753125000000024, "parameterCategory": 2, "parameterCategoryName": "Temperature", "parameterNumber": 3}, "data": [0.02, 0.02, 0.01, 0.32, 0.29, 0.19, 0.15, 0.1, 0.09, 0.21, 0.3, 0.39, 0.71, 0.77, 1.3, 1.43, 2.22, 2.28, 2.33, 2.36, 0.03, 0.02, 0.01, 0.0, 0.29, 0.23, 0.11, 0.01, -0.04, 0.12, 0.29, 0.42, 0.74, 0.81, 1.34, 2.14, 2.25, 2.33, 2.38, 2.41, 0.03, 0.03, 0.02, 0.01, 0.31, 0.25, 0.15, -0.06, -0.32, 0.04, 0.31, 0.48, 0.8, 0.86, 2.0, 2.16, 2.3, 2.4, 2.45, 2.48, 0.04, 0.04, 0.04, 0.03, 0.02, 0.3, 0.22, 0.09, -0.04, 0.17, 0.42, 0.58, 0.88, 1.21, 1.97, 2.2, 2.39, 2.5, 2.55, 2.56, 0.04, 0.05, 0.05, 0.05, 0.06, 0.38, 0.34, 0.3, 0.29, 0.4, 0.55, 1.16, 1.01, 1.18, 1.99, 2.3, 2.54, 2.67, 2.69, 2.66, 0.05, 0.05, 0.06, 0.07, 0.09, 0.11, 0.47, 0.49, 0.52, 0.57, 1.3, 1.25, 1.16, 1.54, 2.09, 2.46, 2.8, 2.94, 2.87, 2.76, 1.28, 0.05, 0.06, 0.08, 0.1, 0.15, 0.6, 0.62, 0.67, 1.18, 1.29, 1.45, 1.81, 1.8, 2.23, 2.62, 3.14, 3.33, 3.1, 2.92, 1.29, 1.24, 1.18, 0.83, 0.82, 0.47, 0.56, 0.68, 0.88, 1.15, 1.18, 1.94, 2.07, 2.0, 2.78, 3.03, 3.34, 3.45, 3.28, 3.17, 1.31, 1.25, 1.18, 1.08, 0.73, 0.75, 0.85, 0.6, 1.19, 1.19, 1.76, 2.05, 2.27, 2.16, 2.75, 2.94, 3.14, 3.22, 3.18, 3.12, 1.87, 1.8, 1.69, 1.06, 0.84, 0.51, 0.78, 1.07, 1.51, 1.47, 1.92, 2.12, 2.32, 2.19, 2.73, 2.87, 3.0, 3.07, 3.08, 3.06, 1.9, 1.84, 1.73, 1.53, 1.12, -0.09, 1.38, 2.06, 1.57, 1.74, 2.19, 2.08, 2.15, 2.13, 2.73, 2.83, 2.92, 2.98, 3.0, 3.01, 1.95, 1.91, 1.84, 1.72, 1.53, 1.43, 1.97, 2.43, 2.56, 2.98, 2.27, 2.5, 2.48, 2.08, 2.74, 2.81, 2.87, 2.81, 2.82, 2.83, 2.01, 2.0, 1.98, 1.98, 2.06, 2.38, 2.83, 2.69, 2.61, 2.51, 3.01, 2.51, 2.49, 2.18, 2.16, 2.62, 2.66, 2.69, 2.72, 2.74, 2.07, 2.08, 2.11, 2.19, 2.38, 2.8, 3.57, 2.9, 2.65, 2.54, 3.06, 2.39, 2.33, 2.29, 2.1, 2.51, 2.55, 2.59, 2.63, 2.66, 2.13, 2.16, 2.21, 2.31, 2.48, 2.73, 2.92, 3.23, 3.08, 2.99, 2.95, 2.2, 2.26, 2.2, 2.16, 2.37, 2.43, 2.48, 2.54, 2.58, 2.17, 2.21, 2.1, 2.19, 2.31, 3.14, 3.13, 3.05, 2.96, 2.91, 2.2, 2.14, 2.07, 1.97, 1.95, 2.29, 2.38, 2.47, 2.84, 2.92, 2.03, 2.07, 2.12, 2.18, 3.02, 2.99, 2.93, 2.85, 2.79, 2.78, 2.16, 2.1, 2.02, 1.92, 2.01, 2.08, 2.22, 2.32, 2.39, 2.44, 2.05, 2.08, 2.12, 2.17, 2.92, 2.86, 2.76, 2.62, 2.55, 2.41, 2.38, 2.07, 1.98, 2.0, 1.75, 2.04, 2.23, 2.35, 2.43, 2.47, 2.06, 2.09, 2.12, 2.9, 2.85, 2.77, 2.64, 2.43, 2.21, 2.32, 1.66, 1.59, 2.23, 2.12, 2.02, 2.16, 2.32, 2.42, 2.49, 2.52, 2.07, 2.09, 2.21, 2.2, 2.17, 2.15, 2.12, 2.1, 1.89, 1.73, 1.6, 1.54, 2.34, 2.31, 2.27, 2.36, 2.46, 2.53, 2.56, 2.58, 2.15, 2.13, 2.11, 2.09, 2.06, 2.02, 1.99, 1.97, 1.63, 1.56, 1.49, 1.45, 2.46, 2.43, 2.48, 2.55, 2.62, 2.65, 2.65, 2.63, 2.08, 2.06, 2.03, 1.99, 1.94, 1.89, 1.83, 1.22, 1.38, 1.35, 1.32, 1.33, 1.95, 2.56, 2.63, 2.73, 2.81, 2.79, 2.73, 2.68, 2.02, 1.99, 1.94, 1.07, 1.07, 1.07, 1.05, 1.01, 0.95, 0.91, 0.9, 1.78, 1.97, 2.65, 2.75, 2.89, 3.05, 2.93, 2.78, 2.71, 1.03, 1.03, 1.02, 1.01, 0.99, 0.96, 0.91, 0.83, 0.73, 0.68, 0.73, 1.26, 1.91, 2.22, 2.5, 2.94, 3.45, 2.84, 2.73, 2.7, 1.0, 0.99, 0.98, 0.96, 0.93, 0.89, 0.82, 0.71, 0.55, 0.42, 0.59, 1.14, 1.48, 2.16, 2.43, 2.65, 2.7, 2.46, 2.65, 2.67, 0.98, 0.96, 0.95, 0.92, 0.89, 0.84, 0.77, 0.67, 0.53, 0.42, 0.79, 1.09, 1.39, 2.1, 2.33, 2.54, 2.55, 2.52, 2.64, 2.66, 0.96, 0.94, 0.92, 0.89, 0.86, 0.81, 0.75, 0.68, 0.61, 0.59, 0.88, 1.06, 1.3, 2.11, 2.29, 2.41, 2.46, 2.48, 2.48, 2.48, 0.94, 0.92, 0.9, 0.87, 0.84, 0.8, 0.75, 0.71, 0.67, 0.84, 0.88, 0.71, 0.79, 0.89, 2.16, 2.29, 2.37, 2.41, 2.42, 2.43, 0.92, 0.91, 0.89, 0.86, 0.83, 0.8, 0.76, 0.72, 0.69, 0.81, 0.66, 0.71, 0.78, 0.87, 2.05, 2.19, 2.28, 2.33, 2.36, 2.38, 0.91, 0.9, 0.88, 0.85, 0.83, 0.8, 0.77, 0.74, 0.68, 0.68, 0.68, 0.72, 0.78, 0.86, 1.97, 2.1, 2.2, 2.26, 2.3, 2.32, 0.91, 0.89, 0.87, 0.85, 0.83, 0.8, 0.78, 0.75, 0.71, 0.71, 0.72, 0.75, 0.79, 0.85, 1.92, 2.05, 2.14, 2.2, 2.25, 2.28, 0.9, 0.89, 0.87, 0.85, 0.83, 0.81, 0.79, 0.73, 0.73, 0.73, 0.75, 0.77, 0.81, 0.85, 1.91, 2.01, 2.1, 2.16, 2.21, 2.24]}, {"header": {"refTime": "2023-09-09T23:00:00.000Z", "nx": 21, "ny": 33, "lo1": 113.509, "la1": 22.2235, "lo2": 113.5947, "la2": 22.1034, "dx": 0.0042850000000001385, "dy": 0.003753125000000024, "parameterCategory": 0, "parameterCategoryName": "Temperature", "parameterNumber": 0}, "data": [[26.01, 26.0, 25.99, 25.68, 25.68, 26.01, 26.0, 25.99, 25.99, 25.89, 25.92, 25.95, 26.29, 26.31, 26.36, 26.38, 26.57, 26.57, 26.57, 26.57], [26.02, 26.01, 26.0, 25.98, 25.68, 25.69, 25.98, 25.95, 25.94, 25.87, 25.92, 25.97, 26.31, 26.34, 26.38, 26.57, 26.57, 26.57, 26.57, 26.57], [26.02, 26.02, 26.01, 25.99, 25.68, 25.69, 25.71, 25.92, 25.83, 25.86, 25.94, 26.02, 26.36, 26.38, 26.57, 26.57, 26.57, 26.58, 26.58, 26.58], [26.03, 26.03, 26.02, 26.0, 25.99, 25.69, 25.7, 25.72, 25.73, 25.87, 25.96, 26.09, 26.43, 26.3, 26.58, 26.58, 26.58, 26.58, 26.58, 26.58], [26.04, 26.04, 26.03, 26.02, 26.0, 25.68, 25.69, 25.69, 25.68, 25.85, 25.95, 26.31, 26.48, 26.34, 26.57, 26.58, 26.58, 26.58, 26.58, 26.58], [26.06, 26.05, 26.05, 26.04, 26.03, 26.01, 25.69, 25.69, 25.66, 25.6, 26.04, 26.22, 26.37, 26.57, 26.57, 26.58, 26.58, 26.58, 26.58, 26.58], [26.18, 26.07, 26.07, 26.07, 26.05, 26.03, 25.85, 25.71, 25.69, 25.69, 25.67, 26.1, 26.54, 26.55, 26.57, 26.58, 26.59, 26.59, 26.6, 26.6], [26.19, 26.19, 26.19, 26.19, 26.18, 25.93, 25.88, 25.85, 25.86, 25.64, 25.41, 26.1, 26.11, 26.55, 26.56, 26.55, 26.57, 26.58, 26.57, 26.56], [26.11, 26.12, 26.21, 26.22, 26.22, 26.2, 26.14, 25.87, 25.68, 25.73, 25.7, 25.89, 25.98, 25.86, 26.56, 26.55, 26.56, 26.57, 26.56, 26.56], [26.4, 26.4, 26.4, 26.17, 26.2, 26.29, 26.23, 26.14, 25.5, 25.54, 25.99, 25.77, 25.84, 25.81, 26.56, 26.54, 26.55, 26.56, 26.56, 26.55], [26.4, 26.4, 26.4, 26.4, 26.4, 26.4, 26.4, 26.4, 26.22, 25.66, 25.2, 25.7, 25.75, 25.76, 26.56, 26.54, 26.55, 26.55, 26.55, 26.55], [26.4, 26.4, 26.4, 26.4, 26.4, 26.4, 26.4, 26.4, 26.4, -999.0, 25.2, 26.5, 26.5, 25.72, 26.56, 26.54, 26.54, 25.92, 25.93, 25.94], [26.4, 26.4, 26.4, 26.4, 26.4, 26.4, 26.4, 26.4, 26.4, 26.4, -999.0, 26.5, 26.5, 25.78, 26.1, 26.16, 26.17, 26.02, 26.05, 26.06], [26.4, 26.4, 26.4, 26.4, 26.4, 26.4, 26.4, 26.4, 26.4, 26.4, -999.0, 25.4, 25.4, 25.4, 26.0, 26.06, 26.08, 25.93, 25.96, 25.99], [26.4, 26.4, 26.4, 26.4, 26.4, 26.4, 26.4, 26.5, 26.5, 26.5, 26.5, 26.08, 25.4, 25.4, 25.4, 25.95, 25.99, 25.85, 25.89, 25.93], [26.4, 26.4, 26.46, 26.46, 26.47, 26.5, 26.5, 26.5, 26.5, 26.5, 25.81, 25.89, 25.78, 25.69, 25.79, 25.73, 25.78, 25.69, 25.96, 26.0], [26.46, 26.46, 26.44, 26.44, 26.5, 26.5, 26.5, 26.5, 26.5, 26.5, 26.03, 25.89, 25.75, 25.61, 25.63, 25.64, 25.72, 25.79, 25.84, 25.87], [26.44, 26.44, 26.44, 26.44, 26.5, 26.5, 26.5, 26.5, 26.5, 26.22, 26.07, 25.91, 25.74, 25.64, 25.43, 25.61, 25.73, 25.81, 25.86, 25.89], [26.44, 26.44, 26.44, 26.5, 26.5, 26.5, 26.5, 26.5, 26.4, 26.29, 26.2, 26.07, 25.86, 25.72, 25.59, 25.68, 25.78, 25.85, 25.89, 25.92], [26.44, 26.44, 26.56, 26.55, 26.55, 26.55, 26.54, 26.52, 26.41, 26.33, 26.22, 26.11, 25.93, 25.84, 25.75, 25.8, 25.87, 25.91, 25.94, 25.96], [26.56, 26.56, 26.56, 26.54, 26.54, 26.54, 26.53, 26.53, 26.35, 26.31, 26.24, 26.16, 25.99, 25.85, 25.87, 25.92, 25.96, 25.98, 25.99, 25.99], [26.55, 26.55, 26.55, 26.54, 26.54, 26.54, 26.54, 26.55, 26.34, 26.32, 26.27, 26.21, 26.08, 25.93, 25.96, 26.01, 26.05, 26.06, 26.05, 26.03], [26.55, 26.55, 26.55, 26.56, 26.56, 26.56, 26.56, 26.56, 26.57, 26.57, 26.57, 26.49, 26.35, 25.98, 26.03, 26.09, 26.14, 26.13, 26.09, 26.06], [26.56, 26.56, 26.56, 26.57, 26.57, 26.57, 26.57, 26.57, 26.58, 26.58, 26.58, 26.53, 26.36, 26.32, 26.28, 26.12, 26.23, 26.15, 26.11, 26.08], [26.57, 26.57, 26.57, 26.57, 26.57, 26.57, 26.58, 26.58, 26.59, 26.59, 26.59, 26.54, 26.51, 26.32, 26.28, 26.25, 26.14, 26.12, 26.11, 26.08], [26.57, 26.57, 26.57, 26.57, 26.57, 26.58, 26.58, 26.58, 26.59, 26.59, 26.56, 26.54, 26.52, 26.33, 26.29, 26.26, 26.23, 26.22, 26.1, 26.08], [26.57, 26.57, 26.57, 26.57, 26.57, 26.58, 26.58, 26.58, 26.59, 26.59, 26.56, 26.55, 26.53, 26.34, 26.31, 26.28, 26.26, 26.25, 26.25, 26.26], [26.57, 26.57, 26.57, 26.57, 26.58, 26.58, 26.58, 26.58, 26.59, 26.57, 26.57, 26.53, 26.49, 26.45, 26.33, 26.3, 26.28, 26.27, 26.27, 26.27], [26.57, 26.57, 26.57, 26.58, 26.58, 26.58, 26.58, 26.59, 26.59, 26.58, 26.58, 26.54, 26.5, 26.47, 26.35, 26.32, 26.3, 26.29, 26.28, 26.28], [26.57, 26.57, 26.57, 26.58, 26.58, 26.58, 26.58, 26.59, 26.54, 26.56, 26.57, 26.54, 26.51, 26.47, 26.36, 26.34, 26.32, 26.3, 26.3, 26.29], [26.57, 26.57, 26.58, 26.58, 26.58, 26.58, 26.58, 26.58, 26.53, 26.54, 26.54, 26.52, 26.5, 26.48, 26.37, 26.35, 26.33, 26.32, 26.31, 26.3], [26.57, 26.57, 26.58, 26.58, 26.58, 26.58, 26.58, 26.52, 26.52, 26.52, 26.52, 26.51, 26.49, 26.47, 26.37, 26.35, 26.34, 26.33, 26.32, 26.31]]}]