gis_exercise/awsData/contour/wdir_2023091310.json
[{"header": {"refTime": "2023-09-13T10:00:00.000Z", "nx": 21, "ny": 33, "lo1": 113.509, "la1": 22.2235, "lo2": 113.5947, "la2": 22.1034, "dx": 0.0042850000000001385, "dy": 0.003753125000000024, "parameterCategory": 2, "parameterCategoryName": "Temperature", "parameterNumber": 2}, "data": [-2.49, -2.49, -2.5, -2.6, -2.59, -2.75, -2.71, -2.68, -2.66, -2.49, -2.53, -2.58, -2.78, -2.81, -3.77, -3.9, -4.2, -4.28, -4.34, -4.37, -2.49, -2.49, -2.5, -2.5, -2.59, -2.57, -2.69, -2.61, -2.57, -2.46, -2.53, -2.6, -2.81, -2.83, -3.79, -4.12, -4.25, -4.34, -4.4, -4.44, -2.49, -2.49, -2.5, -2.51, -2.61, -2.58, -2.53, -2.56, -2.36, -2.44, -2.55, -2.64, -2.85, -2.87, -3.97, -4.15, -4.32, -4.44, -4.5, -4.53, -2.49, -2.49, -2.5, -2.51, -2.52, -2.61, -2.57, -2.51, -2.44, -2.47, -2.59, -2.71, -2.92, -2.91, -3.95, -4.21, -4.44, -4.58, -4.64, -4.64, -2.48, -2.49, -2.5, -2.51, -2.53, -2.66, -2.65, -2.62, -2.59, -2.52, -2.62, -2.92, -3.03, -2.94, -3.97, -4.33, -4.64, -4.81, -4.83, -4.77, -2.47, -2.48, -2.49, -2.51, -2.54, -2.59, -2.74, -2.75, -2.72, -2.65, -2.76, -2.87, -2.96, -3.47, -4.04, -4.51, -4.98, -5.18, -5.07, -4.91, -3.57, -2.46, -2.47, -2.49, -2.52, -2.6, -2.71, -2.9, -2.89, -2.79, -2.67, -2.79, -3.51, -3.6, -4.12, -4.7, -5.45, -5.73, -5.61, -5.42, -3.57, -3.52, -3.46, -3.26, -3.25, -2.54, -2.69, -2.94, -3.22, -2.75, -2.45, -3.2, -3.38, -3.77, -4.76, -5.18, -5.68, -5.87, -5.59, -5.41, -3.57, -3.52, -3.44, -3.33, -3.11, -3.14, -3.3, -2.76, -3.46, -2.82, -3.21, -3.62, -4.18, -3.91, -4.76, -5.06, -5.36, -5.5, -5.44, -5.34, -4.21, -4.12, -4.0, -3.28, -3.04, -2.8, -3.17, -3.56, -3.8, -3.64, -3.51, -3.91, -4.39, -4.03, -4.78, -4.97, -5.15, -5.26, -5.28, -5.24, -4.24, -4.16, -4.04, -3.81, -3.34, -1.97, -3.68, -4.52, -4.17, -4.07, -4.43, -3.81, -3.97, -3.92, -4.79, -4.91, -5.03, -5.12, -5.16, -5.16, -4.29, -4.23, -4.15, -4.02, -3.79, -3.68, -4.34, -5.01, -5.24, -5.65, -4.6, -4.68, -4.62, -3.8, -4.79, -4.87, -4.96, -4.94, -4.96, -4.96, -4.35, -4.33, -4.31, -4.3, -4.37, -4.7, -5.2, -5.22, -5.24, -5.06, -5.63, -4.73, -4.66, -3.78, -3.73, -4.66, -4.7, -4.74, -4.78, -4.8, -4.42, -4.43, -4.45, -4.53, -4.71, -5.14, -5.88, -5.33, -5.15, -5.04, -5.67, -4.6, -4.46, -4.33, -3.58, -4.41, -4.47, -4.54, -4.6, -4.65, -4.48, -4.51, -4.56, -4.66, -4.83, -5.09, -5.29, -5.01, -4.76, -4.57, -4.42, -3.21, -4.24, -4.08, -3.98, -4.13, -4.22, -4.33, -4.43, -4.5, -4.53, -4.57, -3.33, -3.43, -3.57, -4.63, -4.59, -4.42, -4.23, -4.11, -3.0, -2.98, -2.94, -2.81, -2.84, -3.26, -3.32, -3.38, -3.74, -3.82, -3.15, -3.18, -3.22, -3.26, -4.26, -4.15, -3.95, -3.68, -3.5, -3.53, -2.69, -2.77, -2.8, -2.79, -2.53, -2.67, -2.67, -2.66, -2.65, -2.65, -3.1, -3.11, -3.11, -3.09, -3.94, -3.71, -3.34, -2.82, -2.56, -2.32, -2.57, -2.61, -2.71, -2.51, -2.68, -2.68, -2.67, -2.66, -2.65, -2.64, -3.04, -3.03, -3.0, -3.89, -3.7, -3.39, -2.89, -2.07, -1.25, -1.96, -1.87, -2.12, -2.28, -2.46, -2.68, -2.67, -2.66, -2.66, -2.65, -2.64, -2.98, -2.96, -3.31, -3.2, -3.04, -2.8, -2.44, -1.95, -1.34, -1.64, -1.93, -2.14, -2.25, -2.4, -2.67, -2.67, -2.66, -2.65, -2.64, -2.64, -3.37, -3.31, -3.24, -3.14, -3.0, -2.81, -2.57, -2.34, -1.76, -1.89, -2.06, -2.21, -2.25, -2.66, -2.66, -2.67, -2.66, -2.65, -2.64, -2.63, -3.32, -3.27, -3.2, -3.11, -3.0, -2.88, -2.75, -1.94, -2.09, -2.17, -2.25, -2.32, -3.04, -2.66, -2.66, -2.67, -2.68, -2.66, -2.63, -2.62, -3.3, -3.25, -3.19, -2.07, -2.08, -2.1, -2.13, -2.2, -2.27, -2.33, -2.32, -2.57, -2.89, -2.65, -2.66, -2.69, -2.73, -2.67, -2.62, -2.6, -2.09, -2.1, -2.11, -2.13, -2.16, -2.21, -2.29, -2.41, -2.57, -2.65, -2.55, -2.95, -2.9, -2.83, -2.77, -2.68, -2.88, -2.58, -2.56, -2.58, -2.12, -2.13, -2.15, -2.18, -2.22, -2.29, -2.39, -2.56, -2.83, -3.05, -2.74, -2.94, -2.89, -2.83, -2.76, -2.69, -2.52, -2.38, -2.52, -2.56, -2.14, -2.16, -2.18, -2.21, -2.26, -2.33, -2.43, -2.58, -2.82, -3.01, -2.98, -2.87, -2.84, -2.83, -2.76, -2.48, -2.46, -2.43, -2.53, -2.56, -2.16, -2.17, -2.2, -2.23, -2.28, -2.33, -2.41, -2.5, -2.6, -2.62, -2.78, -2.74, -2.75, -2.38, -2.42, -2.44, -2.45, -2.44, -2.45, -2.45, -2.17, -2.19, -2.21, -2.24, -2.28, -2.32, -2.36, -2.4, -2.41, -2.58, -2.5, -2.41, -2.42, -2.42, -2.38, -2.41, -2.43, -2.43, -2.44, -2.44, -2.18, -2.19, -2.22, -2.24, -2.27, -2.3, -2.32, -2.32, -2.29, -2.34, -2.12, -2.28, -2.36, -2.39, -2.36, -2.39, -2.41, -2.42, -2.43, -2.43, -2.18, -2.2, -2.22, -2.24, -2.26, -2.27, -2.28, -2.27, -2.37, -2.25, -2.17, -2.26, -2.34, -2.37, -2.34, -2.37, -2.39, -2.41, -2.41, -2.42, -2.18, -2.2, -2.21, -2.23, -2.24, -2.25, -2.26, -2.25, -2.37, -2.31, -2.28, -2.3, -2.34, -2.37, -2.32, -2.35, -2.38, -2.39, -2.4, -2.41, -2.18, -2.2, -2.21, -2.22, -2.23, -2.24, -2.24, -2.43, -2.39, -2.35, -2.34, -2.34, -2.36, -2.37, -2.32, -2.35, -2.37, -2.38, -2.39, -2.4]}, {"header": {"refTime": "2023-09-13T10:00:00.000Z", "nx": 21, "ny": 33, "lo1": 113.509, "la1": 22.2235, "lo2": 113.5947, "la2": 22.1034, "dx": 0.0042850000000001385, "dy": 0.003753125000000024, "parameterCategory": 2, "parameterCategoryName": "Temperature", "parameterNumber": 3}, "data": [0.18, 0.17, 0.17, 0.47, 0.43, 0.2, 0.15, 0.11, 0.09, -0.0, 0.02, 0.05, 0.08, 0.1, 0.25, 0.31, 0.63, 0.66, 0.68, 0.69, 0.18, 0.18, 0.18, 0.17, 0.44, 0.38, 0.14, 0.06, 0.0, -0.04, 0.01, 0.05, 0.09, 0.11, 0.26, 0.59, 0.64, 0.67, 0.7, 0.71, 0.18, 0.18, 0.18, 0.18, 0.46, 0.4, 0.3, 0.02, -0.18, -0.06, 0.02, 0.05, 0.09, 0.11, 0.53, 0.6, 0.66, 0.7, 0.73, 0.74, 0.18, 0.18, 0.19, 0.2, 0.2, 0.46, 0.38, 0.24, 0.11, -0.01, 0.05, 0.06, 0.08, 0.3, 0.51, 0.62, 0.7, 0.75, 0.77, 0.77, 0.18, 0.18, 0.19, 0.21, 0.23, 0.54, 0.51, 0.46, 0.43, 0.1, 0.12, 0.27, 0.09, 0.26, 0.52, 0.66, 0.76, 0.82, 0.83, 0.81, 0.17, 0.18, 0.19, 0.21, 0.25, 0.3, 0.65, 0.68, 0.68, 0.66, 0.48, 0.37, 0.23, 0.35, 0.58, 0.73, 0.87, 0.92, 0.9, 0.85, 0.32, 0.17, 0.18, 0.2, 0.25, 0.33, 0.71, 0.87, 0.9, 0.94, 0.86, 0.55, 0.52, 0.5, 0.65, 0.8, 1.0, 1.08, 0.96, 0.89, 0.3, 0.29, 0.29, 0.46, 0.48, 0.5, 0.67, 0.94, 1.2, 0.93, 0.79, 0.79, 0.8, 0.61, 0.94, 1.01, 1.11, 1.14, 1.09, 1.06, 0.28, 0.26, 0.24, 0.22, 0.36, 0.4, 0.57, 0.75, 1.09, 0.95, 0.78, 0.79, 0.8, 0.8, 0.92, 0.99, 1.05, 1.07, 1.06, 1.04, 0.18, 0.15, 0.12, 0.14, 0.05, 0.13, 0.36, 0.62, 1.04, 1.0, 0.79, 0.79, 0.8, 0.8, 0.92, 0.96, 1.0, 1.03, 1.03, 1.02, 0.18, 0.16, 0.12, 0.06, -0.06, -0.43, 0.07, 0.37, 0.72, 1.0, 0.85, 0.79, 0.8, 0.8, 0.92, 0.95, 0.98, 1.0, 1.01, 1.01, 0.19, 0.17, 0.15, 0.11, 0.04, 0.02, 0.23, 0.56, 0.72, 0.8, 0.87, 0.86, 0.85, 0.79, 0.92, 0.94, 0.96, 0.77, 0.78, 0.78, 0.2, 0.19, 0.18, 0.17, 0.17, 0.22, 0.33, 0.53, 0.66, 0.54, 0.76, 0.87, 0.86, 0.59, 0.57, 0.68, 0.69, 0.71, 0.72, 0.73, 0.22, 0.21, 0.21, 0.22, 0.24, 0.29, 0.33, 0.42, 0.49, 0.48, 0.74, 0.66, 0.61, 0.57, 0.5, 0.6, 0.62, 0.64, 0.66, 0.68, 0.23, 0.23, 0.24, 0.25, 0.27, 0.3, 0.34, 0.76, 0.85, 0.91, 0.94, 0.81, 0.54, 0.49, 0.46, 0.51, 0.54, 0.57, 0.6, 0.63, 0.24, 0.25, 0.41, 0.42, 0.44, 0.82, 0.84, 0.89, 0.94, 0.98, 0.9, 0.79, 0.67, 0.52, 0.46, 0.59, 0.67, 0.76, 0.93, 1.0, 0.44, 0.46, 0.47, 0.5, 0.91, 0.93, 0.97, 1.03, 1.08, 1.08, 0.93, 0.78, 0.61, 0.43, 0.47, 0.27, 0.34, 0.4, 0.44, 0.46, 0.48, 0.5, 0.53, 0.57, 0.98, 1.02, 1.1, 1.2, 1.25, 1.0, 0.83, 0.79, 0.59, 0.47, 0.11, 0.24, 0.35, 0.42, 0.46, 0.48, 0.52, 0.54, 0.58, 1.0, 1.03, 1.09, 1.18, 1.34, 1.43, 1.13, 0.94, 0.75, 0.85, 0.62, 0.23, 0.32, 0.41, 0.47, 0.5, 0.51, 0.55, 0.58, 0.89, 0.92, 0.96, 1.02, 1.12, 1.26, 1.31, 1.13, 0.94, 0.77, 0.97, 0.86, 0.39, 0.44, 0.5, 0.54, 0.55, 0.54, 0.86, 0.88, 0.89, 0.92, 0.95, 1.0, 1.06, 1.13, 1.1, 1.01, 0.89, 0.77, 1.1, 0.48, 0.52, 0.57, 0.61, 0.62, 0.6, 0.57, 0.87, 0.88, 0.89, 0.91, 0.94, 0.96, 0.99, 1.06, 0.95, 0.9, 0.83, 0.76, 0.91, 0.56, 0.62, 0.7, 0.76, 0.72, 0.64, 0.59, 0.86, 0.87, 0.88, 0.98, 0.98, 0.98, 0.97, 0.95, 0.92, 0.9, 0.9, 1.29, 0.72, 0.61, 0.69, 0.83, 1.0, 0.83, 0.65, 0.58, 0.95, 0.95, 0.95, 0.94, 0.94, 0.92, 0.9, 0.86, 0.81, 0.79, 0.81, 1.0, 0.71, 0.75, 0.8, 0.86, 1.5, 0.64, 0.54, 0.54, 0.93, 0.93, 0.92, 0.91, 0.9, 0.88, 0.85, 0.8, 0.72, 0.66, 0.74, 0.94, 1.09, 0.72, 0.74, 0.74, 0.45, 0.09, 0.42, 0.5, 0.92, 0.91, 0.9, 0.89, 0.87, 0.85, 0.82, 0.77, 0.71, 0.66, 0.8, 0.91, 1.04, 0.69, 0.68, 0.65, 0.51, 0.42, 0.43, 0.48, 0.91, 0.9, 0.89, 0.87, 0.85, 0.83, 0.8, 0.77, 0.73, 0.71, 0.82, 0.89, 1.0, 0.68, 0.67, 0.63, 0.57, 0.54, 0.55, 0.58, 0.9, 0.89, 0.87, 0.86, 0.84, 0.82, 0.79, 0.77, 0.74, 0.78, 0.79, 0.43, 0.33, 0.22, 0.66, 0.63, 0.61, 0.59, 0.59, 0.6, 0.89, 0.88, 0.87, 0.85, 0.83, 0.81, 0.79, 0.76, 0.74, 0.75, 0.59, 0.47, 0.36, 0.26, 0.66, 0.64, 0.63, 0.61, 0.61, 0.62, 0.88, 0.87, 0.86, 0.84, 0.83, 0.81, 0.79, 0.77, 0.47, 0.52, 0.55, 0.47, 0.37, 0.28, 0.66, 0.65, 0.64, 0.63, 0.63, 0.63, 0.87, 0.87, 0.85, 0.84, 0.83, 0.81, 0.79, 0.77, 0.44, 0.47, 0.47, 0.42, 0.36, 0.29, 0.66, 0.65, 0.65, 0.64, 0.64, 0.64, 0.87, 0.86, 0.85, 0.84, 0.83, 0.81, 0.8, 0.4, 0.41, 0.42, 0.41, 0.38, 0.34, 0.28, 0.66, 0.66, 0.65, 0.65, 0.65, 0.65]}, {"header": {"refTime": "2023-09-13T10:00:00.000Z", "nx": 21, "ny": 33, "lo1": 113.509, "la1": 22.2235, "lo2": 113.5947, "la2": 22.1034, "dx": 0.0042850000000001385, "dy": 0.003753125000000024, "parameterCategory": 0, "parameterCategoryName": "Temperature", "parameterNumber": 0}, "data": [[27.85, 27.84, 27.84, 27.75, 27.75, 27.75, 27.74, 27.74, 27.74, 27.79, 27.8, 27.82, 27.95, 27.96, 27.7, 27.68, 27.86, 27.84, 27.83, 27.83], [27.85, 27.85, 27.84, 27.83, 27.75, 27.74, 27.74, 27.73, 27.73, 27.78, 27.8, 27.82, 27.95, 27.97, 27.7, 27.87, 27.85, 27.83, 27.82, 27.81], [27.86, 27.85, 27.84, 27.83, 27.75, 27.75, 27.74, 27.73, 27.71, 27.77, 27.81, 27.83, 27.96, 27.97, 27.89, 27.86, 27.83, 27.81, 27.8, 27.8], [27.87, 27.86, 27.85, 27.84, 27.83, 27.75, 27.74, 27.73, 27.73, 27.78, 27.82, 27.85, 27.96, 28.01, 27.89, 27.85, 27.81, 27.78, 27.77, 27.77], [27.88, 27.87, 27.86, 27.85, 27.84, 27.75, 27.75, 27.75, 27.75, 27.82, 27.84, 28.0, 27.95, 28.01, 27.89, 27.83, 27.76, 27.73, 27.73, 27.74], [27.89, 27.88, 27.88, 27.87, 27.86, 27.84, 27.75, 27.75, 27.76, 27.78, 28.04, 28.03, 28.0, 28.07, 27.89, 27.79, 27.69, 27.65, 27.68, 27.71], [27.98, 27.9, 27.9, 27.89, 27.88, 27.86, 27.88, 27.75, 27.76, 27.93, 27.99, 28.1, 28.18, 28.16, 27.9, 27.76, 27.59, 27.53, 27.49, 27.52], [27.99, 27.99, 27.99, 27.99, 27.98, 27.93, 27.89, 27.81, 27.76, 27.92, 27.94, 28.25, 28.25, 28.15, 27.77, 27.88, 27.66, 27.58, 27.71, 27.79], [27.91, 27.92, 28.01, 28.02, 28.02, 28.0, 27.94, 27.86, 27.76, 27.93, 28.09, 28.17, 28.2, 28.15, 27.8, 27.92, 27.79, 27.74, 27.77, 27.82], [28.2, 28.2, 28.2, 27.97, 28.0, 28.09, 28.03, 27.94, 27.81, 27.8, 28.2, 28.12, 28.15, 28.13, 27.8, 27.96, 27.88, 27.84, 27.84, 27.86], [28.2, 28.2, 28.2, 28.2, 28.2, 28.2, 28.2, 28.2, 28.02, 27.77, 27.9, 28.09, 28.11, 28.11, 27.79, 28.0, 27.94, 27.9, 27.89, 27.9], [28.2, 28.2, 28.2, 28.2, 28.2, 28.2, 28.2, 28.2, 28.2, -999.0, 27.9, 28.4, 28.4, 28.1, 27.78, 28.03, 27.99, 27.51, 27.51, 27.51], [28.2, 28.2, 28.2, 28.2, 28.2, 28.2, 28.2, 28.2, 28.2, 28.2, -999.0, 28.4, 28.4, 27.88, 28.11, 27.47, 27.47, 27.5, 27.49, 27.49], [28.2, 28.2, 28.2, 28.2, 28.2, 28.2, 28.2, 28.2, 28.2, 28.2, -999.0, 27.6, 27.6, 27.6, 28.04, 27.49, 27.49, 27.51, 27.51, 27.5], [28.2, 28.2, 28.2, 28.2, 28.2, 28.2, 28.2, 29.2, 29.2, 29.2, 29.2, 28.59, 27.6, 27.6, 27.6, 27.51, 27.5, 27.53, 27.52, 27.51], [28.2, 28.2, 28.83, 28.84, 28.86, 29.2, 29.2, 29.2, 29.2, 29.2, 28.19, 28.31, 28.15, 28.02, 28.17, 27.6, 27.6, 27.6, 27.55, 27.54], [28.84, 28.85, 28.55, 28.57, 29.2, 29.2, 29.2, 29.2, 29.2, 29.2, 28.51, 28.31, 28.1, 27.91, 27.79, 27.84, 27.92, 27.99, 28.04, 28.08], [28.56, 28.57, 28.59, 28.61, 29.2, 29.2, 29.2, 29.2, 29.2, 28.79, 28.58, 28.34, 28.09, 27.81, 27.63, 27.81, 27.93, 28.01, 28.06, 28.1], [28.58, 28.59, 28.62, 29.2, 29.2, 29.2, 29.2, 29.2, 29.06, 28.89, 28.87, 28.68, 28.04, 27.87, 27.79, 27.88, 27.98, 28.05, 28.1, 28.13], [28.59, 28.61, 29.6, 29.58, 29.55, 29.52, 29.46, 29.32, 29.13, 29.05, 28.92, 28.76, 28.08, 27.95, 27.94, 27.99, 28.05, 28.1, 28.14, 28.17], [29.63, 29.62, 29.6, 29.49, 29.47, 29.45, 29.43, 29.4, 29.12, 29.07, 28.98, 28.86, 28.1, 28.04, 28.05, 28.08, 28.12, 28.16, 28.19, 28.21], [29.53, 29.52, 29.52, 29.51, 29.51, 29.5, 29.5, 29.42, 29.17, 29.14, 29.08, 28.97, 28.35, 28.11, 28.13, 28.15, 28.17, 28.21, 28.25, 28.26], [29.54, 29.54, 29.54, 29.43, 29.44, 29.45, 29.46, 29.49, 29.51, 29.53, 29.52, 29.09, 28.96, 28.17, 28.18, 28.18, 28.15, 28.25, 28.31, 28.31], [29.42, 29.42, 29.43, 29.44, 29.45, 29.47, 29.5, 29.55, 29.6, 29.63, 29.59, 29.13, 28.99, 28.82, 28.66, 28.23, 27.96, 28.42, 28.42, 28.37], [29.42, 29.43, 29.44, 29.45, 29.46, 29.48, 29.52, 29.58, 29.69, 29.78, 29.64, 29.2, 28.98, 28.86, 28.71, 28.6, 28.53, 28.76, 28.5, 28.41], [29.42, 29.43, 29.44, 29.45, 29.46, 29.48, 29.52, 29.57, 29.67, 29.75, 29.42, 29.2, 29.01, 28.9, 28.77, 28.58, 28.63, 28.68, 28.48, 28.41], [29.42, 29.43, 29.44, 29.44, 29.45, 29.47, 29.49, 29.52, 29.55, 29.55, 29.29, 29.16, 29.02, 28.69, 28.64, 28.62, 28.63, 28.64, 28.64, 28.62], [29.42, 29.43, 29.43, 29.44, 29.44, 29.45, 29.46, 29.46, 29.44, 29.22, 29.17, 29.37, 29.39, 29.39, 28.68, 28.66, 28.65, 28.64, 28.64, 28.63], [29.42, 29.42, 29.43, 29.43, 29.43, 29.43, 29.42, 29.41, 29.36, 29.14, 29.18, 29.29, 29.35, 29.37, 28.71, 28.68, 28.66, 28.65, 28.65, 28.64], [29.42, 29.42, 29.42, 29.42, 29.42, 29.41, 29.4, 29.38, 29.34, 29.26, 29.21, 29.28, 29.33, 29.36, 28.73, 28.7, 28.68, 28.66, 28.66, 28.65], [29.41, 29.41, 29.41, 29.41, 29.41, 29.4, 29.39, 29.36, 29.34, 29.3, 29.29, 29.31, 29.34, 29.36, 28.75, 28.71, 28.69, 28.68, 28.67, 28.66], [29.41, 29.41, 29.41, 29.41, 29.4, 29.39, 29.38, 29.38, 29.36, 29.34, 29.33, 29.33, 29.35, 29.36, 28.75, 28.72, 28.7, 28.69, 28.67, 28.67]]}]