gis_exercise/awsData/contour/wdir_2023091123.json
[{"header": {"refTime": "2023-09-11T23:00:00.000Z", "nx": 21, "ny": 33, "lo1": 113.509, "la1": 22.2235, "lo2": 113.5947, "la2": 22.1034, "dx": 0.0042850000000001385, "dy": 0.003753125000000024, "parameterCategory": 2, "parameterCategoryName": "Temperature", "parameterNumber": 2}, "data": [-0.9, -0.88, -0.86, -0.76, -0.75, -0.96, -0.91, -0.88, -0.87, -0.88, -0.97, -1.06, -1.39, -1.45, -2.78, -2.98, -3.59, -3.7, -3.78, -3.83, -0.91, -0.89, -0.87, -0.85, -0.75, -0.72, -0.87, -0.79, -0.74, -0.81, -0.97, -1.1, -1.44, -1.5, -2.83, -3.48, -3.65, -3.79, -3.88, -3.93, -0.92, -0.91, -0.89, -0.87, -0.76, -0.73, -0.67, -0.71, -0.46, -0.74, -1.0, -1.18, -1.53, -1.57, -3.26, -3.52, -3.75, -3.92, -4.01, -4.05, -0.93, -0.92, -0.91, -0.89, -0.87, -0.76, -0.72, -0.64, -0.57, -0.84, -1.09, -1.32, -1.66, -1.76, -3.23, -3.6, -3.92, -4.12, -4.21, -4.21, -0.95, -0.94, -0.94, -0.92, -0.91, -0.81, -0.79, -0.76, -0.75, -0.99, -1.18, -1.76, -1.88, -1.79, -3.25, -3.77, -4.21, -4.45, -4.48, -4.4, -0.97, -0.97, -0.96, -0.96, -0.95, -0.94, -0.87, -0.88, -0.88, -0.88, -1.58, -1.71, -1.81, -2.47, -3.36, -4.03, -4.69, -4.96, -4.82, -4.59, -1.54, -0.99, -0.99, -1.0, -1.0, -1.0, -1.15, -0.99, -1.0, -1.24, -1.26, -1.64, -2.55, -2.65, -3.49, -4.3, -5.35, -5.75, -5.5, -5.21, -1.55, -1.53, -1.52, -1.85, -1.82, -1.16, -1.16, -1.17, -1.23, -1.2, -1.08, -2.19, -2.42, -2.88, -4.29, -4.89, -5.63, -5.9, -5.5, -5.23, -1.55, -1.54, -1.52, -1.5, -1.8, -1.78, -1.79, -1.16, -1.57, -1.26, -2.14, -2.68, -3.37, -3.04, -4.26, -4.71, -5.16, -5.36, -5.27, -5.13, -2.25, -2.22, -2.17, -1.51, -1.46, -1.69, -1.85, -2.02, -1.97, -1.86, -2.52, -3.02, -3.61, -3.18, -4.26, -4.56, -4.84, -5.01, -5.03, -4.98, -2.26, -2.22, -2.17, -2.08, -1.88, -1.3, -2.1, -2.61, -2.54, -2.27, -3.18, -2.9, -3.09, -3.03, -4.27, -4.47, -4.66, -4.79, -4.85, -4.85, -2.27, -2.24, -2.2, -2.14, -2.04, -2.0, -2.35, -2.96, -3.24, -3.58, -3.28, -3.57, -3.58, -2.89, -4.28, -4.42, -4.56, -4.73, -4.76, -4.76, -2.29, -2.27, -2.25, -2.23, -2.22, -2.29, -2.45, -2.86, -3.11, -2.9, -3.58, -3.55, -3.55, -3.11, -3.07, -4.37, -4.43, -4.49, -4.55, -4.58, -2.31, -2.3, -2.3, -2.3, -2.32, -2.37, -2.37, -2.61, -2.78, -2.78, -3.51, -3.57, -3.51, -3.45, -2.95, -4.1, -4.18, -4.26, -4.34, -4.4, -2.33, -2.33, -2.33, -2.35, -2.37, -2.41, -2.46, -2.71, -2.8, -2.82, -2.81, -2.75, -3.35, -3.26, -3.2, -3.8, -3.91, -4.04, -4.15, -4.24, -2.35, -2.36, -1.91, -1.93, -1.96, -2.63, -2.63, -2.65, -2.68, -2.7, -2.7, -2.65, -2.6, -2.7, -2.68, -3.09, -3.2, -3.3, -3.92, -4.04, -1.9, -1.91, -1.92, -1.94, -2.62, -2.59, -2.57, -2.55, -2.55, -2.58, -2.59, -2.57, -2.53, -2.46, -2.49, -2.58, -2.68, -2.75, -2.81, -2.84, -1.91, -1.92, -1.93, -1.95, -2.58, -2.55, -2.49, -2.42, -2.39, -2.18, -2.21, -2.51, -2.48, -2.48, -2.33, -2.55, -2.69, -2.78, -2.83, -2.87, -1.92, -1.93, -1.94, -2.59, -2.56, -2.51, -2.43, -2.3, -2.12, -2.16, -2.46, -2.5, -2.59, -2.56, -2.53, -2.64, -2.75, -2.83, -2.88, -2.9, -1.92, -1.93, -2.62, -2.61, -2.58, -2.54, -2.47, -2.37, -2.3, -2.42, -2.52, -2.56, -2.67, -2.7, -2.72, -2.79, -2.86, -2.91, -2.94, -2.94, -2.67, -2.67, -2.66, -2.65, -2.64, -2.61, -2.58, -2.53, -2.52, -2.57, -2.62, -2.64, -2.77, -2.84, -2.88, -2.94, -2.99, -3.01, -3.0, -2.98, -2.7, -2.7, -2.7, -2.71, -2.71, -2.71, -2.71, -2.72, -2.73, -2.76, -2.77, -2.76, -3.4, -2.94, -3.0, -3.08, -3.14, -3.12, -3.06, -3.02, -2.73, -2.74, -2.75, -2.77, -2.79, -2.81, -2.84, -2.89, -2.94, -2.98, -2.97, -3.4, -3.44, -3.01, -3.09, -3.21, -3.35, -3.23, -3.09, -3.03, -2.77, -2.78, -2.79, -2.81, -2.83, -2.87, -2.93, -3.03, -3.15, -3.2, -3.13, -3.53, -3.45, -3.4, -3.38, -3.25, -3.74, -3.12, -3.03, -3.01, -2.78, -2.8, -2.81, -2.83, -2.87, -2.92, -2.99, -3.12, -3.34, -3.52, -3.26, -3.49, -3.51, -3.39, -3.34, -3.29, -2.98, -2.73, -2.94, -2.98, -2.79, -2.81, -2.82, -2.85, -2.88, -2.93, -3.0, -3.12, -3.32, -3.48, -3.47, -3.41, -3.43, -3.38, -3.32, -3.03, -2.97, -2.92, -2.94, -2.97, -2.8, -2.81, -2.83, -2.85, -2.88, -2.92, -2.97, -3.03, -3.1, -3.11, -3.27, -3.26, -3.32, -2.9, -2.95, -2.98, -2.97, -2.96, -2.96, -2.98, -2.8, -2.81, -2.83, -2.84, -2.86, -2.89, -2.91, -2.92, -2.91, -3.04, -2.97, -2.75, -2.75, -2.72, -2.9, -2.94, -2.95, -2.96, -2.96, -2.97, -2.8, -2.81, -2.82, -2.83, -2.85, -2.86, -2.86, -2.84, -2.77, -2.78, -2.49, -2.64, -2.69, -2.7, -2.86, -2.9, -2.93, -2.94, -2.95, -2.96, -2.8, -2.81, -2.82, -2.82, -2.83, -2.83, -2.82, -2.79, -2.73, -2.61, -2.53, -2.61, -2.67, -2.68, -2.84, -2.88, -2.91, -2.93, -2.94, -2.95, -2.8, -2.8, -2.81, -2.81, -2.81, -2.81, -2.79, -2.77, -2.72, -2.66, -2.63, -2.65, -2.67, -2.68, -2.82, -2.86, -2.89, -2.91, -2.93, -2.94, -2.79, -2.8, -2.8, -2.8, -2.8, -2.8, -2.78, -2.77, -2.73, -2.7, -2.68, -2.68, -2.68, -2.69, -2.82, -2.85, -2.88, -2.9, -2.91, -2.92]}, {"header": {"refTime": "2023-09-11T23:00:00.000Z", "nx": 21, "ny": 33, "lo1": 113.509, "la1": 22.2235, "lo2": 113.5947, "la2": 22.1034, "dx": 0.0042850000000001385, "dy": 0.003753125000000024, "parameterCategory": 2, "parameterCategoryName": "Temperature", "parameterNumber": 3}, "data": [0.62, 0.61, 0.59, 0.47, 0.45, 0.54, 0.51, 0.49, 0.49, 0.54, 0.61, 0.67, 1.01, 1.05, 1.67, 1.79, 2.37, 2.43, 2.48, 2.51, 0.63, 0.62, 0.6, 0.58, 0.46, 0.43, 0.49, 0.43, 0.4, 0.48, 0.6, 0.69, 1.04, 1.09, 1.7, 2.3, 2.4, 2.48, 2.53, 2.56, 0.65, 0.63, 0.62, 0.59, 0.46, 0.44, 0.39, 0.38, 0.21, 0.43, 0.62, 0.75, 1.09, 1.13, 2.17, 2.32, 2.45, 2.55, 2.61, 2.63, 0.66, 0.65, 0.64, 0.62, 0.59, 0.46, 0.43, 0.37, 0.31, 0.51, 0.69, 0.84, 1.16, 1.29, 2.14, 2.37, 2.55, 2.66, 2.71, 2.71, 0.68, 0.67, 0.66, 0.65, 0.62, 0.49, 0.48, 0.46, 0.45, 0.63, 0.76, 1.27, 1.25, 1.3, 2.16, 2.46, 2.7, 2.84, 2.85, 2.81, 0.7, 0.7, 0.7, 0.69, 0.67, 0.65, 0.54, 0.55, 0.56, 0.57, 1.24, 1.29, 1.3, 1.64, 2.24, 2.61, 2.96, 3.11, 3.03, 2.92, 1.18, 0.73, 0.73, 0.73, 0.72, 0.7, 0.83, 0.61, 0.63, 0.97, 1.05, 1.36, 1.8, 1.8, 2.35, 2.77, 3.31, 3.52, 3.26, 3.08, 1.19, 1.18, 1.17, 1.5, 1.47, 0.89, 0.84, 0.78, 0.78, 0.93, 0.89, 1.73, 1.87, 1.94, 2.72, 3.04, 3.44, 3.59, 3.37, 3.23, 1.2, 1.2, 1.19, 1.18, 1.48, 1.45, 1.42, 0.82, 1.14, 0.99, 1.51, 1.83, 2.08, 1.96, 2.68, 2.93, 3.18, 3.29, 3.24, 3.16, 1.88, 1.85, 1.82, 1.2, 1.19, 1.43, 1.53, 1.62, 1.52, 1.44, 1.69, 1.91, 2.12, 1.98, 2.65, 2.84, 3.0, 3.1, 3.11, 3.09, 1.88, 1.85, 1.82, 1.75, 1.61, 1.2, 1.78, 2.18, 2.08, 1.81, 2.15, 1.86, 1.94, 1.92, 2.65, 2.78, 2.9, 2.98, 3.01, 3.01, 1.89, 1.87, 1.83, 1.79, 1.72, 1.69, 1.95, 2.46, 2.71, 2.67, 2.29, 2.5, 2.45, 1.87, 2.66, 2.75, 2.84, 2.7, 2.72, 2.73, 1.9, 1.88, 1.86, 1.84, 1.83, 1.87, 1.97, 2.35, 2.58, 2.4, 2.56, 2.55, 2.49, 1.92, 1.89, 2.46, 2.51, 2.55, 2.59, 2.61, 1.91, 1.9, 1.89, 1.89, 1.89, 1.9, 1.82, 2.1, 2.28, 2.29, 2.52, 2.34, 2.23, 2.15, 1.8, 2.3, 2.35, 2.41, 2.46, 2.5, 1.93, 1.92, 1.92, 1.92, 1.93, 1.94, 1.97, 1.83, 1.84, 1.81, 1.76, 1.53, 2.12, 2.02, 1.95, 2.12, 2.19, 2.27, 2.34, 2.4, 1.94, 1.94, 1.05, 1.07, 1.09, 1.62, 1.61, 1.58, 1.55, 1.54, 1.38, 1.37, 1.35, 1.19, 1.21, 1.68, 1.74, 1.8, 2.25, 2.33, 1.0, 1.0, 1.0, 0.99, 1.5, 1.44, 1.36, 1.25, 1.2, 1.23, 1.17, 1.23, 1.26, 1.27, 1.2, 1.36, 1.4, 1.44, 1.46, 1.48, 0.97, 0.96, 0.94, 0.92, 1.37, 1.26, 1.09, 0.85, 0.74, 0.55, 0.71, 1.13, 1.2, 1.18, 1.22, 1.34, 1.41, 1.45, 1.48, 1.49, 0.94, 0.92, 0.89, 1.36, 1.27, 1.12, 0.89, 0.5, 0.08, 0.4, 0.21, 0.37, 1.09, 1.19, 1.33, 1.39, 1.44, 1.48, 1.5, 1.51, 0.91, 0.89, 0.4, 0.37, 0.33, 0.28, 0.2, 0.1, -0.0, 0.07, 0.18, 0.31, 1.11, 1.22, 1.43, 1.46, 1.5, 1.52, 1.53, 1.53, 0.38, 0.37, 0.34, 0.31, 0.27, 0.22, 0.16, 0.11, 0.02, 0.06, 0.13, 0.23, 1.16, 1.49, 1.51, 1.54, 1.57, 1.57, 1.56, 1.55, 0.34, 0.32, 0.29, 0.26, 0.22, 0.17, 0.12, -0.16, -0.01, 0.01, 0.07, 0.15, 1.04, 1.54, 1.57, 1.62, 1.65, 1.63, 1.59, 1.56, 0.31, 0.28, 0.25, -0.14, -0.15, -0.16, -0.17, -0.19, -0.21, -0.22, -0.21, 0.39, 0.87, 1.57, 1.62, 1.7, 1.79, 1.7, 1.59, 1.56, -0.12, -0.12, -0.13, -0.14, -0.15, -0.16, -0.19, -0.23, -0.27, -0.29, -0.25, 0.42, 0.81, 1.06, 1.29, 1.71, 2.07, 1.6, 1.54, 1.53, -0.12, -0.12, -0.13, -0.13, -0.15, -0.16, -0.19, -0.25, -0.34, -0.42, -0.29, 0.34, 0.62, 1.02, 1.24, 1.41, 1.49, 1.29, 1.47, 1.51, -0.11, -0.12, -0.12, -0.13, -0.14, -0.15, -0.18, -0.23, -0.31, -0.39, 0.05, 0.32, 0.57, 0.97, 1.16, 1.41, 1.39, 1.36, 1.47, 1.5, -0.11, -0.11, -0.11, -0.12, -0.12, -0.13, -0.15, -0.17, -0.19, -0.18, 0.19, 0.36, 0.54, 1.17, 1.27, 1.33, 1.35, 1.35, 1.36, 1.36, -0.1, -0.1, -0.1, -0.11, -0.11, -0.11, -0.11, -0.1, -0.07, 0.25, 0.31, 0.15, 0.18, 0.22, 1.19, 1.26, 1.3, 1.32, 1.33, 1.34, -0.1, -0.1, -0.1, -0.09, -0.09, -0.08, -0.07, -0.04, 0.02, 0.33, 0.28, 0.21, 0.2, 0.23, 1.13, 1.2, 1.25, 1.28, 1.3, 1.31, -0.09, -0.09, -0.09, -0.08, -0.08, -0.06, -0.04, -0.01, 0.16, 0.22, 0.26, 0.23, 0.22, 0.23, 1.08, 1.16, 1.21, 1.25, 1.27, 1.28, -0.09, -0.08, -0.08, -0.07, -0.06, -0.05, -0.03, 0.0, 0.17, 0.2, 0.22, 0.22, 0.22, 0.23, 1.06, 1.13, 1.18, 1.22, 1.24, 1.26, -0.08, -0.08, -0.07, -0.07, -0.06, -0.04, -0.02, 0.15, 0.17, 0.19, 0.2, 0.21, 0.22, 0.23, 1.05, 1.11, 1.16, 1.19, 1.22, 1.24]}, {"header": {"refTime": "2023-09-11T23:00:00.000Z", "nx": 21, "ny": 33, "lo1": 113.509, "la1": 22.2235, "lo2": 113.5947, "la2": 22.1034, "dx": 0.0042850000000001385, "dy": 0.003753125000000024, "parameterCategory": 0, "parameterCategoryName": "Temperature", "parameterNumber": 0}, "data": [[26.25, 26.25, 26.24, 25.98, 25.98, 26.29, 26.28, 26.27, 26.27, 26.16, 26.19, 26.21, 26.47, 26.49, 26.59, 26.6, 26.72, 26.72, 26.72, 26.72], [26.25, 26.25, 26.24, 26.23, 25.98, 25.99, 26.26, 26.24, 26.22, 26.15, 26.19, 26.24, 26.5, 26.52, 26.61, 26.72, 26.72, 26.72, 26.72, 26.72], [26.26, 26.25, 26.25, 26.24, 25.98, 25.99, 26.01, 26.21, 26.13, 26.14, 26.2, 26.27, 26.54, 26.55, 26.72, 26.72, 26.72, 26.73, 26.73, 26.73], [26.27, 26.26, 26.25, 26.25, 26.23, 25.99, 26.0, 26.02, 26.03, 26.14, 26.22, 26.34, 26.61, 26.47, 26.73, 26.73, 26.73, 26.73, 26.73, 26.73], [26.27, 26.27, 26.26, 26.26, 26.25, 25.98, 25.99, 25.99, 25.98, 26.12, 26.21, 26.49, 26.67, 26.52, 26.72, 26.73, 26.73, 26.74, 26.74, 26.73], [26.28, 26.28, 26.28, 26.27, 26.26, 26.25, 25.99, 25.99, 25.96, 25.9, 26.22, 26.4, 26.55, 26.7, 26.72, 26.73, 26.74, 26.75, 26.75, 26.74], [26.37, 26.29, 26.29, 26.29, 26.28, 26.27, 26.1, 26.01, 25.99, 25.94, 25.89, 26.25, 26.63, 26.65, 26.7, 26.73, 26.76, 26.78, 26.8, 26.8], [26.37, 26.37, 26.37, 26.37, 26.37, 26.16, 26.13, 26.12, 26.14, 25.89, 25.67, 26.19, 26.2, 26.65, 26.69, 26.66, 26.72, 26.75, 26.71, 26.68], [26.33, 26.33, 26.39, 26.39, 26.39, 26.38, 26.34, 26.12, 25.98, 25.97, 25.88, 26.03, 26.1, 26.01, 26.68, 26.64, 26.68, 26.7, 26.69, 26.67], [26.5, 26.5, 26.5, 26.36, 26.38, 26.43, 26.4, 26.34, 25.8, 25.84, 26.11, 25.94, 25.99, 25.97, 26.68, 26.63, 26.66, 26.67, 26.67, 26.66], [26.5, 26.5, 26.5, 26.5, 26.5, 26.5, 26.5, 26.5, 26.39, 25.96, 25.5, 25.88, 25.93, 25.93, 26.68, 26.62, 26.64, 26.65, 26.65, 26.65], [26.5, 26.5, 26.5, 26.5, 26.5, 26.5, 26.5, 26.5, 26.5, -999.0, 25.5, 26.5, 26.5, 25.9, 26.69, 26.61, 26.62, 26.0, 26.02, 26.03], [26.5, 26.5, 26.5, 26.5, 26.5, 26.5, 26.5, 26.5, 26.5, 26.5, -999.0, 26.5, 26.5, 25.78, 26.1, 26.29, 26.3, 26.13, 26.15, 26.17], [26.5, 26.5, 26.5, 26.5, 26.5, 26.5, 26.5, 26.5, 26.5, 26.5, -999.0, 25.4, 25.4, 25.4, 26.0, 26.17, 26.2, 26.02, 26.06, 26.09], [26.5, 26.5, 26.5, 26.5, 26.5, 26.5, 26.5, 26.5, 26.5, 26.5, 26.5, 26.08, 25.4, 25.4, 25.4, 26.04, 26.08, 25.92, 25.97, 26.01], [26.5, 26.5, 26.5, 26.5, 26.5, 26.5, 26.5, 26.5, 26.5, 26.5, 25.81, 25.89, 25.78, 25.69, 25.79, 25.8, 25.86, 25.76, 26.06, 26.11], [26.5, 26.5, 26.5, 26.5, 26.5, 26.5, 26.5, 26.5, 26.5, 26.5, 26.03, 25.89, 25.75, 25.61, 25.65, 25.64, 25.73, 25.79, 25.84, 25.87], [26.5, 26.5, 26.5, 26.5, 26.5, 26.5, 26.5, 26.5, 26.5, 26.22, 26.07, 25.91, 25.74, 25.66, 25.44, 25.61, 25.74, 25.81, 25.86, 25.89], [26.5, 26.5, 26.5, 26.5, 26.5, 26.5, 26.5, 26.5, 26.4, 26.29, 26.16, 26.03, 25.9, 25.75, 25.6, 25.69, 25.79, 25.86, 25.9, 25.92], [26.5, 26.5, 26.44, 26.45, 26.45, 26.45, 26.46, 26.48, 26.39, 26.29, 26.18, 26.06, 25.97, 25.89, 25.76, 25.81, 25.87, 25.92, 25.95, 25.96], [26.44, 26.44, 26.44, 26.46, 26.46, 26.46, 26.47, 26.47, 26.31, 26.26, 26.19, 26.1, 26.04, 25.86, 25.88, 25.93, 25.97, 26.0, 26.0, 26.0], [26.45, 26.45, 26.45, 26.46, 26.46, 26.46, 26.46, 26.47, 26.27, 26.24, 26.2, 26.14, 26.08, 25.94, 25.98, 26.03, 26.07, 26.08, 26.06, 26.03], [26.45, 26.45, 26.45, 26.46, 26.46, 26.46, 26.46, 26.46, 26.45, 26.45, 26.45, 26.46, 26.29, 26.0, 26.05, 26.12, 26.19, 26.15, 26.09, 26.06], [26.46, 26.46, 26.46, 26.46, 26.46, 26.46, 26.45, 26.45, 26.44, 26.44, 26.44, 26.45, 26.29, 26.27, 26.26, 26.15, 26.34, 26.15, 26.1, 26.07], [26.46, 26.46, 26.46, 26.46, 26.46, 26.46, 26.45, 26.44, 26.43, 26.42, 26.43, 26.45, 26.46, 26.27, 26.25, 26.23, 26.11, 26.04, 26.08, 26.06], [26.46, 26.46, 26.46, 26.46, 26.46, 26.46, 26.45, 26.44, 26.43, 26.42, 26.44, 26.45, 26.46, 26.27, 26.24, 26.23, 26.19, 26.17, 26.07, 26.06], [26.46, 26.46, 26.46, 26.46, 26.46, 26.46, 26.45, 26.45, 26.45, 26.44, 26.45, 26.46, 26.46, 26.31, 26.28, 26.25, 26.22, 26.21, 26.21, 26.22], [26.46, 26.46, 26.46, 26.46, 26.46, 26.46, 26.46, 26.46, 26.46, 26.47, 26.47, 26.38, 26.34, 26.3, 26.29, 26.27, 26.25, 26.23, 26.23, 26.24], [26.46, 26.46, 26.46, 26.46, 26.46, 26.46, 26.46, 26.46, 26.47, 26.48, 26.47, 26.41, 26.36, 26.31, 26.31, 26.28, 26.26, 26.25, 26.25, 26.25], [26.46, 26.46, 26.46, 26.46, 26.46, 26.46, 26.46, 26.47, 26.4, 26.43, 26.45, 26.41, 26.36, 26.32, 26.32, 26.3, 26.28, 26.27, 26.26, 26.26], [26.46, 26.46, 26.46, 26.46, 26.46, 26.46, 26.47, 26.47, 26.39, 26.41, 26.41, 26.39, 26.36, 26.32, 26.32, 26.3, 26.29, 26.28, 26.27, 26.27], [26.46, 26.46, 26.46, 26.46, 26.47, 26.47, 26.47, 26.37, 26.38, 26.38, 26.38, 26.37, 26.35, 26.32, 26.33, 26.31, 26.3, 26.29, 26.28, 26.28]]}]