gis_exercise/awsData/contour/wdir_2023091011.json
[{"header": {"refTime": "2023-09-10T11:00:00.000Z", "nx": 21, "ny": 33, "lo1": 113.509, "la1": 22.2235, "lo2": 113.5947, "la2": 22.1034, "dx": 0.0042850000000001385, "dy": 0.003753125000000024, "parameterCategory": 2, "parameterCategoryName": "Temperature", "parameterNumber": 2}, "data": [-2.23, -2.22, -2.22, -2.14, -2.13, -2.42, -2.39, -2.36, -2.36, -2.29, -2.35, -2.42, -2.91, -2.96, -4.15, -4.34, -4.98, -5.09, -5.17, -5.22, -2.23, -2.23, -2.22, -2.21, -2.14, -2.12, -2.36, -2.3, -2.26, -2.24, -2.35, -2.45, -2.94, -3.0, -4.19, -4.87, -5.04, -5.17, -5.26, -5.31, -2.23, -2.23, -2.23, -2.22, -2.15, -2.13, -2.11, -2.24, -2.05, -2.21, -2.38, -2.52, -3.01, -3.05, -4.64, -4.9, -5.13, -5.3, -5.39, -5.43, -2.24, -2.24, -2.23, -2.23, -2.22, -2.15, -2.13, -2.09, -2.06, -2.26, -2.44, -2.63, -3.1, -3.1, -4.61, -4.98, -5.29, -5.49, -5.57, -5.58, -2.24, -2.24, -2.24, -2.24, -2.24, -2.17, -2.17, -2.15, -2.13, -2.32, -2.48, -3.08, -3.18, -3.13, -4.64, -5.15, -5.57, -5.8, -5.83, -5.76, -2.25, -2.25, -2.25, -2.25, -2.26, -2.27, -2.21, -2.22, -2.2, -2.16, -2.88, -3.04, -3.15, -3.91, -4.76, -5.41, -6.03, -6.29, -6.15, -5.95, -3.21, -2.25, -2.26, -2.26, -2.27, -2.29, -2.31, -2.31, -2.3, -2.51, -2.52, -3.02, -4.08, -4.16, -4.91, -5.67, -6.66, -7.03, -6.78, -6.51, -3.22, -3.18, -3.14, -3.41, -3.37, -2.28, -2.32, -2.4, -2.57, -2.44, -2.2, -3.7, -4.0, -4.42, -5.78, -6.32, -6.97, -7.21, -6.86, -6.62, -3.24, -3.2, -3.14, -3.07, -3.3, -3.29, -3.35, -2.34, -3.1, -2.55, -3.48, -4.15, -4.87, -4.53, -5.76, -6.16, -6.55, -6.73, -6.65, -6.52, -4.38, -4.3, -4.18, -3.07, -2.91, -3.07, -3.39, -3.72, -3.74, -3.55, -3.91, -4.47, -5.09, -4.65, -5.76, -6.02, -6.27, -6.42, -6.44, -6.4, -4.39, -4.32, -4.2, -4.0, -3.57, -2.31, -3.96, -4.91, -4.61, -4.23, -4.99, -4.34, -4.55, -4.49, -5.77, -5.94, -6.11, -6.23, -6.28, -6.28, -4.43, -4.37, -4.29, -4.16, -3.95, -3.85, -4.54, -5.51, -5.93, -6.22, -5.23, -5.56, -5.49, -4.34, -5.78, -5.9, -6.02, -5.94, -5.97, -5.97, -4.48, -4.45, -4.41, -4.39, -4.41, -4.64, -5.04, -5.5, -5.79, -5.48, -6.12, -5.63, -5.54, -4.5, -4.44, -5.57, -5.63, -5.69, -5.74, -5.77, -4.54, -4.53, -4.53, -4.57, -4.68, -4.93, -5.25, -5.27, -5.39, -5.33, -6.08, -5.42, -5.24, -5.09, -4.25, -5.27, -5.34, -5.43, -5.51, -5.58, -4.59, -4.6, -4.62, -4.68, -4.79, -4.94, -5.09, -5.1, -5.05, -4.96, -4.87, -4.05, -4.99, -4.8, -4.68, -4.92, -5.04, -5.17, -5.3, -5.4, -4.63, -4.65, -3.39, -3.46, -3.56, -4.78, -4.75, -4.68, -4.6, -4.55, -3.88, -3.8, -3.71, -3.49, -3.49, -4.23, -4.37, -4.51, -5.1, -5.24, -3.28, -3.3, -3.33, -3.36, -4.55, -4.46, -4.31, -4.13, -4.02, -4.07, -3.56, -3.58, -3.54, -3.44, -3.33, -3.69, -3.87, -4.01, -4.11, -4.17, -3.25, -3.26, -3.26, -3.26, -4.32, -4.15, -3.86, -3.47, -3.28, -2.88, -3.05, -3.42, -3.43, -3.3, -3.2, -3.63, -3.89, -4.05, -4.15, -4.22, -3.21, -3.21, -3.2, -4.3, -4.15, -3.91, -3.52, -2.89, -2.19, -2.65, -2.92, -3.1, -3.33, -3.38, -3.59, -3.78, -4.0, -4.15, -4.23, -4.28, -3.18, -3.17, -3.97, -3.89, -3.77, -3.58, -3.29, -2.88, -2.44, -2.75, -3.02, -3.18, -3.42, -3.53, -3.94, -4.05, -4.19, -4.29, -4.34, -4.36, -4.06, -4.03, -3.98, -3.9, -3.8, -3.67, -3.49, -3.3, -2.93, -3.06, -3.22, -3.31, -3.54, -4.15, -4.21, -4.31, -4.41, -4.45, -4.45, -4.44, -4.07, -4.04, -4.0, -3.95, -3.89, -3.81, -3.74, -3.16, -3.36, -3.44, -3.49, -3.51, -4.73, -4.33, -4.42, -4.54, -4.64, -4.63, -4.57, -4.51, -4.09, -4.07, -4.04, -3.24, -3.27, -3.31, -3.38, -3.48, -3.6, -3.66, -3.63, -4.46, -5.05, -4.45, -4.57, -4.74, -4.93, -4.8, -4.64, -4.55, -3.23, -3.25, -3.27, -3.31, -3.36, -3.44, -3.57, -3.76, -4.0, -4.12, -3.95, -4.67, -5.05, -5.02, -5.01, -4.82, -5.37, -4.74, -4.6, -4.55, -3.25, -3.27, -3.3, -3.35, -3.42, -3.52, -3.68, -3.94, -4.39, -4.76, -4.21, -4.6, -4.61, -5.0, -4.97, -4.93, -4.6, -4.35, -4.53, -4.53, -3.27, -3.29, -3.32, -3.37, -3.44, -3.54, -3.69, -3.93, -4.34, -4.67, -4.59, -4.43, -4.45, -4.99, -4.94, -4.42, -4.44, -4.41, -4.51, -4.52, -3.27, -3.3, -3.33, -3.37, -3.43, -3.5, -3.6, -3.74, -3.88, -3.89, -4.15, -4.12, -4.22, -3.92, -4.13, -4.27, -4.34, -4.36, -4.36, -4.35, -3.28, -3.3, -3.32, -3.36, -3.39, -3.44, -3.48, -3.5, -3.45, -3.67, -3.51, -3.38, -3.51, -3.6, -3.98, -4.13, -4.22, -4.27, -4.29, -4.29, -3.27, -3.29, -3.31, -3.33, -3.35, -3.37, -3.36, -3.31, -3.16, -3.12, -2.58, -3.07, -3.35, -3.5, -3.85, -4.01, -4.12, -4.18, -4.22, -4.23, -3.27, -3.28, -3.29, -3.3, -3.31, -3.31, -3.28, -3.2, -3.26, -2.94, -2.73, -3.03, -3.29, -3.45, -3.77, -3.92, -4.03, -4.1, -4.15, -4.17, -3.26, -3.27, -3.28, -3.28, -3.28, -3.26, -3.22, -3.16, -3.29, -3.13, -3.06, -3.16, -3.31, -3.43, -3.72, -3.86, -3.96, -4.04, -4.09, -4.12, -3.25, -3.26, -3.26, -3.26, -3.25, -3.23, -3.2, -3.45, -3.35, -3.27, -3.24, -3.28, -3.36, -3.45, -3.7, -3.82, -3.91, -3.98, -4.04, -4.07]}, {"header": {"refTime": "2023-09-10T11:00:00.000Z", "nx": 21, "ny": 33, "lo1": 113.509, "la1": 22.2235, "lo2": 113.5947, "la2": 22.1034, "dx": 0.0042850000000001385, "dy": 0.003753125000000024, "parameterCategory": 2, "parameterCategoryName": "Temperature", "parameterNumber": 3}, "data": [0.3, 0.31, 0.31, 0.58, 0.57, 0.6, 0.58, 0.55, 0.55, 0.58, 0.63, 0.68, 1.02, 1.06, 1.65, 1.77, 2.36, 2.43, 2.48, 2.51, 0.3, 0.3, 0.31, 0.32, 0.57, 0.55, 0.56, 0.51, 0.48, 0.53, 0.62, 0.69, 1.04, 1.08, 1.67, 2.28, 2.39, 2.47, 2.53, 2.56, 0.29, 0.3, 0.31, 0.32, 0.58, 0.55, 0.51, 0.47, 0.33, 0.5, 0.64, 0.73, 1.07, 1.11, 2.13, 2.3, 2.44, 2.55, 2.6, 2.63, 0.29, 0.29, 0.3, 0.31, 0.33, 0.58, 0.54, 0.49, 0.43, 0.56, 0.69, 0.8, 1.11, 1.24, 2.11, 2.35, 2.54, 2.66, 2.71, 2.72, 0.28, 0.29, 0.3, 0.31, 0.33, 0.61, 0.6, 0.58, 0.57, 0.66, 0.75, 1.21, 1.13, 1.23, 2.13, 2.45, 2.7, 2.84, 2.86, 2.82, 0.27, 0.27, 0.28, 0.3, 0.32, 0.36, 0.65, 0.66, 0.67, 0.68, 1.24, 1.26, 1.22, 1.67, 2.22, 2.61, 2.97, 3.12, 3.05, 2.93, 1.28, 0.26, 0.26, 0.27, 0.3, 0.35, 0.56, 0.73, 0.74, 1.07, 1.15, 1.39, 1.9, 1.9, 2.35, 2.78, 3.34, 3.54, 3.32, 3.15, 1.28, 1.24, 1.18, 0.9, 0.89, 0.43, 0.53, 0.68, 0.91, 1.03, 0.97, 1.89, 2.06, 2.1, 2.92, 3.2, 3.54, 3.67, 3.48, 3.35, 1.3, 1.25, 1.17, 1.08, 0.79, 0.8, 0.92, 0.58, 1.2, 1.1, 1.68, 2.05, 2.36, 2.21, 2.89, 3.1, 3.31, 3.41, 3.37, 3.3, 1.91, 1.83, 1.72, 1.05, 0.83, 0.54, 0.83, 1.15, 1.53, 1.46, 1.9, 2.16, 2.43, 2.25, 2.88, 3.03, 3.16, 3.24, 3.26, 3.23, 1.94, 1.87, 1.75, 1.55, 1.12, -0.12, 1.41, 2.14, 1.69, 1.79, 2.26, 2.1, 2.19, 2.17, 2.88, 2.98, 3.08, 3.14, 3.17, 3.17, 1.98, 1.94, 1.86, 1.74, 1.54, 1.44, 2.01, 2.54, 2.71, 3.14, 2.36, 2.64, 2.63, 2.11, 2.88, 2.96, 3.03, 2.75, 2.77, 2.77, 2.04, 2.03, 2.01, 2.01, 2.08, 2.39, 2.85, 2.78, 2.75, 2.61, 3.16, 2.66, 2.64, 2.03, 1.98, 2.51, 2.54, 2.58, 2.62, 2.64, 2.11, 2.12, 2.14, 2.22, 2.4, 2.82, 3.55, 2.95, 2.73, 2.62, 3.2, 2.31, 2.2, 2.12, 1.84, 2.3, 2.35, 2.41, 2.47, 2.51, 2.16, 2.19, 2.24, 2.33, 2.5, 2.75, 2.94, 3.44, 3.35, 3.3, 3.28, 2.24, 2.04, 1.93, 1.86, 2.07, 2.15, 2.24, 2.32, 2.39, 2.21, 2.24, 2.31, 2.4, 2.52, 3.42, 3.41, 3.36, 3.31, 3.28, 2.35, 2.17, 1.96, 1.73, 1.64, 2.02, 2.19, 2.36, 2.8, 2.93, 2.27, 2.31, 2.37, 2.44, 3.35, 3.35, 3.32, 3.28, 3.25, 3.24, 2.33, 2.11, 1.84, 1.55, 1.61, 1.66, 1.92, 2.13, 2.27, 2.37, 2.31, 2.35, 2.41, 2.47, 3.31, 3.29, 3.25, 3.2, 3.17, 2.76, 2.56, 2.1, 1.78, 1.62, 1.01, 1.58, 1.95, 2.19, 2.34, 2.44, 2.34, 2.38, 2.43, 3.3, 3.28, 3.25, 3.2, 3.13, 2.97, 2.79, 1.95, 1.67, 2.22, 1.87, 1.53, 1.8, 2.12, 2.33, 2.46, 2.53, 2.37, 2.4, 2.63, 2.64, 2.65, 2.66, 2.7, 2.78, 2.55, 2.23, 1.91, 1.66, 2.44, 2.29, 2.03, 2.19, 2.4, 2.54, 2.61, 2.64, 2.55, 2.55, 2.54, 2.54, 2.53, 2.53, 2.54, 2.57, 2.11, 1.96, 1.77, 1.6, 2.67, 2.34, 2.43, 2.58, 2.72, 2.78, 2.78, 2.76, 2.49, 2.48, 2.46, 2.43, 2.41, 2.38, 2.34, 1.82, 1.77, 1.68, 1.59, 1.5, 2.08, 2.6, 2.74, 2.92, 3.06, 3.04, 2.95, 2.86, 2.43, 2.41, 2.37, 1.63, 1.63, 1.62, 1.59, 1.54, 1.47, 1.42, 1.41, 2.44, 2.38, 2.77, 2.95, 3.21, 3.48, 3.3, 3.05, 2.92, 1.57, 1.57, 1.56, 1.55, 1.53, 1.49, 1.42, 1.32, 1.18, 1.11, 1.18, 1.76, 2.31, 2.64, 2.96, 3.32, 4.16, 3.19, 2.99, 2.92, 1.54, 1.52, 1.51, 1.48, 1.44, 1.39, 1.3, 1.16, 0.95, 0.77, 1.0, 1.63, 2.02, 2.57, 2.86, 3.08, 2.98, 2.6, 2.88, 2.89, 1.5, 1.49, 1.46, 1.43, 1.38, 1.32, 1.23, 1.1, 0.92, 0.78, 1.21, 1.56, 1.91, 2.5, 2.74, 2.95, 2.91, 2.84, 2.86, 2.87, 1.47, 1.45, 1.43, 1.39, 1.35, 1.29, 1.21, 1.12, 1.03, 0.99, 1.31, 1.54, 1.82, 2.53, 2.7, 2.81, 2.84, 2.84, 2.85, 2.86, 1.45, 1.43, 1.4, 1.37, 1.32, 1.27, 1.21, 1.15, 1.1, 1.28, 1.32, 1.01, 1.06, 1.12, 2.57, 2.69, 2.76, 2.79, 2.81, 2.82, 1.43, 1.41, 1.38, 1.35, 1.31, 1.26, 1.22, 1.17, 1.13, 1.25, 1.04, 1.04, 1.06, 1.11, 2.46, 2.59, 2.68, 2.73, 2.76, 2.77, 1.42, 1.4, 1.37, 1.34, 1.3, 1.27, 1.23, 1.19, 1.01, 1.03, 1.04, 1.05, 1.07, 1.11, 2.38, 2.51, 2.6, 2.66, 2.7, 2.73, 1.41, 1.39, 1.36, 1.33, 1.3, 1.27, 1.24, 1.2, 1.02, 1.03, 1.04, 1.05, 1.08, 1.1, 2.34, 2.46, 2.55, 2.61, 2.65, 2.68, 1.4, 1.38, 1.36, 1.33, 1.31, 1.28, 1.25, 1.02, 1.03, 1.04, 1.05, 1.06, 1.08, 1.1, 2.32, 2.43, 2.51, 2.57, 2.61, 2.65]}, {"header": {"refTime": "2023-09-10T11:00:00.000Z", "nx": 21, "ny": 33, "lo1": 113.509, "la1": 22.2235, "lo2": 113.5947, "la2": 22.1034, "dx": 0.0042850000000001385, "dy": 0.003753125000000024, "parameterCategory": 0, "parameterCategoryName": "Temperature", "parameterNumber": 0}, "data": [[25.75, 25.74, 25.74, 25.5, 25.5, 25.69, 25.69, 25.68, 25.69, 25.62, 25.64, 25.65, 25.9, 25.92, 25.85, 25.86, 26.02, 26.02, 26.01, 26.01], [25.75, 25.75, 25.74, 25.73, 25.5, 25.51, 25.68, 25.67, 25.66, 25.62, 25.64, 25.67, 25.91, 25.93, 25.86, 26.02, 26.02, 26.01, 26.01, 26.01], [25.76, 25.75, 25.74, 25.73, 25.5, 25.51, 25.52, 25.65, 25.61, 25.62, 25.65, 25.69, 25.93, 25.95, 26.02, 26.02, 26.01, 26.01, 26.0, 26.0], [25.77, 25.76, 25.75, 25.74, 25.73, 25.51, 25.52, 25.53, 25.55, 25.61, 25.66, 25.73, 25.96, 25.89, 26.02, 26.01, 26.01, 26.0, 26.0, 26.0], [25.78, 25.77, 25.76, 25.75, 25.74, 25.5, 25.5, 25.51, 25.5, 25.6, 25.65, 25.88, 25.96, 25.91, 26.02, 26.01, 25.99, 25.99, 25.99, 25.99], [25.79, 25.78, 25.78, 25.77, 25.76, 25.74, 25.5, 25.49, 25.48, 25.44, 25.75, 25.85, 25.92, 26.07, 26.03, 26.0, 25.98, 25.97, 25.97, 25.98], [25.88, 25.8, 25.8, 25.79, 25.78, 25.76, 25.62, 25.5, 25.49, 25.53, 25.53, 25.82, 26.11, 26.1, 26.03, 26.0, 25.95, 25.93, 25.92, 25.92], [25.89, 25.89, 25.89, 25.89, 25.88, 25.7, 25.65, 25.6, 25.59, 25.5, 25.35, 25.89, 25.9, 26.1, 26.01, 26.04, 25.98, 25.95, 25.99, 26.02], [25.81, 25.82, 25.91, 25.92, 25.92, 25.9, 25.84, 25.63, 25.47, 25.56, 25.58, 25.73, 25.8, 25.71, 26.02, 26.06, 26.02, 26.0, 26.01, 26.03], [26.1, 26.1, 26.1, 25.87, 25.9, 25.99, 25.93, 25.84, 25.37, 25.39, 25.81, 25.64, 25.69, 25.67, 26.02, 26.07, 26.04, 26.03, 26.03, 26.04], [26.1, 26.1, 26.1, 26.1, 26.1, 26.1, 26.1, 26.1, 25.92, 25.46, 25.2, 25.58, 25.63, 25.63, 26.02, 26.08, 26.06, 26.05, 26.05, 26.05], [26.1, 26.1, 26.1, 26.1, 26.1, 26.1, 26.1, 26.1, 26.1, -999.0, 25.2, 26.2, 26.2, 25.6, 26.01, 26.09, 26.08, 25.56, 25.57, 25.57], [26.1, 26.1, 26.1, 26.1, 26.1, 26.1, 26.1, 26.1, 26.1, 26.1, -999.0, 26.2, 26.2, 25.61, 25.87, 25.68, 25.69, 25.61, 25.62, 25.63], [26.1, 26.1, 26.1, 26.1, 26.1, 26.1, 26.1, 26.1, 26.1, 26.1, -999.0, 25.3, 25.3, 25.3, 25.79, 25.63, 25.64, 25.57, 25.58, 25.59], [26.1, 26.1, 26.1, 26.1, 26.1, 26.1, 26.1, 26.5, 26.5, 26.5, 26.5, 26.04, 25.3, 25.3, 25.3, 25.57, 25.59, 25.52, 25.54, 25.56], [26.1, 26.1, 26.35, 26.36, 26.36, 26.5, 26.5, 26.5, 26.5, 26.5, 25.74, 25.83, 25.71, 25.62, 25.73, 25.52, 25.55, 25.49, 25.62, 25.64], [26.36, 26.36, 26.24, 26.25, 26.5, 26.5, 26.5, 26.5, 26.5, 26.5, 25.98, 25.84, 25.68, 25.53, 25.51, 25.48, 25.54, 25.59, 25.63, 25.65], [26.24, 26.25, 26.25, 26.27, 26.5, 26.5, 26.5, 26.5, 26.5, 26.2, 26.03, 25.85, 25.67, 25.52, 25.33, 25.46, 25.55, 25.6, 25.64, 25.67], [26.25, 26.26, 26.27, 26.5, 26.5, 26.5, 26.5, 26.5, 26.39, 26.27, 26.1, 25.95, 25.74, 25.59, 25.44, 25.51, 25.58, 25.64, 25.67, 25.69], [26.26, 26.26, 26.33, 26.34, 26.35, 26.36, 26.39, 26.45, 26.35, 26.24, 26.11, 25.98, 25.79, 25.7, 25.56, 25.6, 25.65, 25.68, 25.7, 25.71], [26.32, 26.32, 26.33, 26.38, 26.38, 26.39, 26.4, 26.41, 26.24, 26.19, 26.1, 26.01, 25.84, 25.63, 25.65, 25.68, 25.71, 25.73, 25.74, 25.74], [26.36, 26.36, 26.36, 26.37, 26.37, 26.37, 26.37, 26.4, 26.18, 26.15, 26.1, 26.03, 25.79, 25.69, 25.72, 25.75, 25.78, 25.79, 25.78, 25.77], [26.35, 26.35, 26.35, 26.39, 26.39, 26.38, 26.38, 26.37, 26.36, 26.35, 26.35, 26.21, 26.01, 25.73, 25.76, 25.8, 25.84, 25.83, 25.82, 25.8], [26.39, 26.39, 26.39, 26.39, 26.38, 26.37, 26.36, 26.34, 26.32, 26.31, 26.33, 26.2, 26.02, 25.98, 25.96, 25.83, 25.88, 25.87, 25.84, 25.81], [26.39, 26.39, 26.39, 26.38, 26.38, 26.37, 26.35, 26.33, 26.28, 26.25, 26.3, 26.22, 26.19, 25.99, 25.96, 25.93, 25.87, 25.87, 25.84, 25.82], [26.39, 26.39, 26.39, 26.38, 26.37, 26.37, 26.35, 26.33, 26.29, 26.26, 26.24, 26.24, 26.22, 25.99, 25.97, 25.99, 25.96, 25.96, 25.83, 25.82], [26.39, 26.39, 26.39, 26.38, 26.38, 26.37, 26.36, 26.35, 26.34, 26.33, 26.28, 26.27, 26.25, 26.11, 26.06, 26.02, 26.0, 25.99, 25.99, 26.0], [26.39, 26.39, 26.39, 26.38, 26.38, 26.38, 26.37, 26.37, 26.38, 26.34, 26.35, 26.32, 26.28, 26.24, 26.1, 26.06, 26.03, 26.02, 26.01, 26.01], [26.39, 26.39, 26.39, 26.39, 26.38, 26.38, 26.39, 26.39, 26.41, 26.4, 26.45, 26.37, 26.31, 26.26, 26.13, 26.09, 26.06, 26.04, 26.03, 26.03], [26.39, 26.39, 26.39, 26.39, 26.39, 26.39, 26.39, 26.4, 26.35, 26.4, 26.42, 26.37, 26.31, 26.27, 26.15, 26.11, 26.08, 26.06, 26.05, 26.05], [26.39, 26.39, 26.39, 26.39, 26.39, 26.39, 26.4, 26.41, 26.34, 26.36, 26.37, 26.34, 26.31, 26.27, 26.16, 26.12, 26.1, 26.08, 26.07, 26.06], [26.39, 26.39, 26.39, 26.39, 26.4, 26.4, 26.4, 26.31, 26.32, 26.33, 26.33, 26.32, 26.3, 26.27, 26.16, 26.13, 26.11, 26.09, 26.08, 26.07]]}]