gis_exercise/awsData/contour/wdir_2023091213.json
[{"header": {"refTime": "2023-09-12T13:00:00.000Z", "nx": 21, "ny": 33, "lo1": 113.509, "la1": 22.2235, "lo2": 113.5947, "la2": 22.1034, "dx": 0.0042850000000001385, "dy": 0.003753125000000024, "parameterCategory": 2, "parameterCategoryName": "Temperature", "parameterNumber": 2}, "data": [-1.94, -1.92, -1.89, -1.74, -1.7, -1.9, -1.82, -1.74, -1.71, -1.41, -1.5, -1.59, -2.01, -2.07, -2.24, -2.31, -2.87, -2.89, -2.91, -2.92, -1.95, -1.94, -1.91, -1.88, -1.71, -1.65, -1.77, -1.6, -1.5, -1.34, -1.49, -1.62, -2.06, -2.12, -2.29, -2.85, -2.88, -2.9, -2.92, -2.93, -1.97, -1.96, -1.94, -1.91, -1.75, -1.68, -1.56, -1.5, -1.07, -1.28, -1.52, -1.7, -2.14, -2.19, -2.81, -2.86, -2.9, -2.92, -2.94, -2.95, -1.99, -1.98, -1.97, -1.95, -1.92, -1.75, -1.66, -1.49, -1.33, -1.37, -1.61, -1.84, -2.26, -2.35, -2.8, -2.87, -2.92, -2.95, -2.97, -2.97, -2.01, -2.01, -2.0, -2.0, -2.0, -1.86, -1.83, -1.76, -1.71, -1.5, -1.69, -2.34, -2.43, -2.38, -2.81, -2.9, -2.97, -3.0, -3.01, -3.0, -2.02, -2.03, -2.04, -2.05, -2.07, -2.11, -2.03, -2.06, -2.02, -1.9, -2.16, -2.3, -2.39, -2.82, -2.84, -2.94, -3.04, -3.08, -3.06, -3.03, -3.22, -2.05, -2.06, -2.09, -2.13, -2.2, -2.43, -2.39, -2.39, -2.32, -2.13, -2.27, -2.92, -2.94, -2.88, -2.99, -3.13, -3.18, -3.22, -3.2, -3.22, -3.18, -3.14, -2.99, -2.99, -2.3, -2.44, -2.72, -3.04, -2.25, -1.7, -2.64, -2.84, -3.06, -3.27, -3.28, -3.29, -3.29, -3.28, -3.28, -3.22, -3.17, -3.11, -3.03, -2.87, -2.9, -3.05, -2.52, -3.02, -2.38, -2.38, -2.81, -3.17, -3.0, -3.3, -3.29, -3.29, -3.29, -3.29, -3.28, -3.61, -3.55, -3.45, -2.98, -2.79, -2.61, -2.91, -3.24, -3.21, -3.0, -2.63, -2.93, -3.24, -3.04, -3.32, -3.3, -3.29, -3.29, -3.29, -3.29, -3.63, -3.57, -3.48, -3.31, -2.96, -1.92, -3.21, -3.84, -3.66, -3.38, -3.3, -2.87, -2.98, -2.95, -3.33, -3.31, -3.3, -3.29, -3.29, -3.29, -3.67, -3.63, -3.57, -3.46, -3.3, -3.21, -3.71, -4.21, -4.39, -4.56, -3.49, -3.75, -3.68, -2.88, -3.32, -3.31, -3.3, -3.22, -3.21, -3.2, -3.72, -3.7, -3.68, -3.68, -3.73, -3.98, -4.35, -4.37, -4.39, -4.25, -4.5, -3.82, -3.74, -3.11, -3.09, -3.19, -3.18, -3.17, -3.17, -3.17, -3.77, -3.77, -3.79, -3.85, -3.99, -4.31, -4.86, -4.45, -4.32, -4.24, -4.54, -3.73, -3.62, -3.53, -3.02, -3.12, -3.12, -3.12, -3.13, -3.14, -3.82, -3.84, -3.87, -3.95, -4.08, -4.27, -4.42, -4.19, -3.99, -3.84, -3.73, -2.86, -3.51, -3.4, -3.33, -3.03, -3.05, -3.07, -3.09, -3.11, -3.85, -3.88, -2.9, -2.98, -3.09, -3.89, -3.86, -3.72, -3.58, -3.49, -2.69, -2.69, -2.68, -2.47, -2.51, -2.92, -2.96, -3.0, -2.95, -2.97, -2.77, -2.79, -2.82, -2.85, -3.6, -3.52, -3.36, -3.15, -3.01, -3.03, -2.45, -2.54, -2.59, -2.61, -2.48, -2.58, -2.57, -2.57, -2.56, -2.55, -2.72, -2.73, -2.73, -2.71, -3.36, -3.18, -2.88, -2.48, -2.27, -2.13, -2.35, -2.41, -2.52, -2.45, -2.58, -2.58, -2.58, -2.57, -2.56, -2.55, -2.68, -2.67, -2.64, -3.31, -3.16, -2.92, -2.53, -1.89, -1.26, -1.84, -1.84, -2.06, -2.27, -2.42, -2.59, -2.58, -2.58, -2.57, -2.56, -2.55, -2.63, -2.61, -2.91, -2.82, -2.7, -2.5, -2.22, -1.82, -1.36, -1.62, -1.88, -2.07, -2.25, -2.39, -2.58, -2.58, -2.58, -2.57, -2.56, -2.55, -2.96, -2.92, -2.86, -2.78, -2.67, -2.52, -2.34, -2.14, -1.73, -1.85, -2.0, -2.13, -2.27, -2.58, -2.58, -2.59, -2.58, -2.57, -2.56, -2.54, -2.93, -2.89, -2.84, -2.77, -2.69, -2.59, -2.49, -1.86, -2.02, -2.09, -2.16, -2.22, -2.96, -2.57, -2.58, -2.6, -2.61, -2.58, -2.55, -2.53, -2.91, -2.88, -2.83, -1.96, -1.97, -1.99, -2.02, -2.08, -2.14, -2.19, -2.18, -2.5, -2.75, -2.57, -2.59, -2.63, -2.69, -2.6, -2.53, -2.51, -1.97, -1.98, -1.99, -2.01, -2.04, -2.08, -2.15, -2.26, -2.4, -2.47, -2.38, -2.81, -2.75, -2.7, -2.67, -2.62, -2.9, -2.49, -2.46, -2.48, -2.0, -2.01, -2.03, -2.05, -2.09, -2.15, -2.24, -2.39, -2.63, -2.82, -2.55, -2.78, -2.77, -2.69, -2.64, -2.59, -2.4, -2.21, -2.4, -2.45, -2.01, -2.03, -2.05, -2.08, -2.12, -2.18, -2.27, -2.4, -2.62, -2.79, -2.79, -2.71, -2.71, -2.69, -2.63, -2.37, -2.33, -2.3, -2.41, -2.45, -2.03, -2.04, -2.07, -2.09, -2.13, -2.18, -2.25, -2.33, -2.41, -2.43, -2.6, -2.58, -2.61, -2.25, -2.3, -2.33, -2.32, -2.32, -2.32, -2.33, -2.04, -2.05, -2.07, -2.1, -2.13, -2.16, -2.2, -2.23, -2.23, -2.4, -2.33, -2.19, -2.2, -2.18, -2.26, -2.29, -2.31, -2.31, -2.32, -2.32, -2.04, -2.06, -2.07, -2.1, -2.12, -2.14, -2.16, -2.15, -2.12, -2.17, -1.93, -2.08, -2.14, -2.16, -2.23, -2.26, -2.29, -2.3, -2.31, -2.31, -2.05, -2.06, -2.07, -2.09, -2.1, -2.12, -2.12, -2.11, -2.16, -2.04, -1.97, -2.06, -2.12, -2.14, -2.21, -2.24, -2.27, -2.28, -2.29, -2.3, -2.05, -2.06, -2.07, -2.08, -2.09, -2.1, -2.1, -2.08, -2.16, -2.1, -2.07, -2.09, -2.12, -2.14, -2.19, -2.23, -2.25, -2.27, -2.28, -2.29, -2.05, -2.06, -2.07, -2.07, -2.08, -2.09, -2.08, -2.2, -2.17, -2.14, -2.12, -2.12, -2.14, -2.15, -2.19, -2.22, -2.24, -2.26, -2.27, -2.28]}, {"header": {"refTime": "2023-09-12T13:00:00.000Z", "nx": 21, "ny": 33, "lo1": 113.509, "la1": 22.2235, "lo2": 113.5947, "la2": 22.1034, "dx": 0.0042850000000001385, "dy": 0.003753125000000024, "parameterCategory": 2, "parameterCategoryName": "Temperature", "parameterNumber": 3}, "data": [0.64, 0.64, 0.65, 0.65, 0.66, 0.91, 0.91, 0.91, 0.92, 1.05, 1.11, 1.17, 1.45, 1.49, 1.42, 1.43, 1.71, 1.7, 1.69, 1.68, 0.64, 0.64, 0.64, 0.65, 0.65, 0.66, 0.88, 0.87, 0.87, 1.01, 1.11, 1.2, 1.48, 1.52, 1.45, 1.72, 1.7, 1.69, 1.68, 1.68, 0.64, 0.64, 0.64, 0.64, 0.65, 0.66, 0.67, 0.84, 0.78, 0.97, 1.13, 1.25, 1.54, 1.57, 1.74, 1.71, 1.69, 1.68, 1.67, 1.67, 0.64, 0.64, 0.64, 0.64, 0.64, 0.65, 0.66, 0.68, 0.7, 1.02, 1.18, 1.35, 1.64, 1.65, 1.74, 1.71, 1.68, 1.66, 1.65, 1.65, 0.64, 0.64, 0.64, 0.63, 0.63, 0.63, 0.63, 0.64, 0.66, 1.09, 1.23, 1.65, 1.78, 1.68, 1.74, 1.69, 1.65, 1.63, 1.63, 1.64, 0.64, 0.64, 0.64, 0.63, 0.62, 0.61, 0.6, 0.6, 0.61, 0.64, 1.45, 1.59, 1.7, 1.85, 1.73, 1.67, 1.61, 1.59, 1.6, 1.62, 0.46, 0.65, 0.64, 0.64, 0.62, 0.6, 0.58, 0.54, 0.54, 0.85, 0.98, 1.5, 1.84, 1.84, 1.71, 1.65, 1.56, 1.53, 1.59, 1.62, 0.46, 0.47, 0.48, 0.58, 0.58, 0.63, 0.59, 0.5, 0.48, 0.83, 0.9, 1.57, 1.67, 1.84, 1.71, 1.65, 1.56, 1.53, 1.58, 1.61, 0.46, 0.47, 0.49, 0.51, 0.61, 0.6, 0.55, 0.56, 0.5, 0.86, 1.37, 1.59, 1.73, 1.66, 1.73, 1.67, 1.62, 1.6, 1.61, 1.62, 0.5, 0.51, 0.53, 0.52, 0.57, 0.67, 0.61, 0.55, 0.53, 0.56, 1.48, 1.62, 1.73, 1.66, 1.74, 1.7, 1.66, 1.64, 1.64, 1.64, 0.5, 0.51, 0.52, 0.55, 0.62, 0.8, 0.59, 0.5, 0.53, 0.54, 1.1, 1.59, 1.63, 1.63, 1.74, 1.71, 1.68, 1.66, 1.66, 1.66, 0.49, 0.49, 0.5, 0.52, 0.55, 0.57, 0.49, 0.47, 0.47, 0.69, 1.03, 1.42, 1.5, 1.6, 1.74, 1.72, 1.7, 1.19, 1.18, 1.17, 0.48, 0.48, 0.48, 0.48, 0.46, 0.4, 0.33, 0.4, 0.45, 0.44, 0.77, 1.34, 1.43, 1.3, 1.25, 1.12, 1.1, 1.1, 1.1, 1.11, 0.47, 0.46, 0.46, 0.44, 0.41, 0.32, 0.17, 0.33, 0.4, 0.43, 0.73, 0.79, 0.79, 0.77, 1.08, 0.98, 0.98, 1.0, 1.02, 1.04, 0.46, 0.45, 0.44, 0.42, 0.39, 0.34, 0.31, 0.73, 0.87, 0.97, 1.05, 0.99, 0.67, 0.63, 0.6, 0.81, 0.85, 0.9, 0.94, 0.97, 0.45, 0.45, 1.08, 1.06, 1.03, 0.92, 0.95, 1.04, 1.14, 1.2, 1.19, 1.03, 0.86, 0.97, 0.86, 0.74, 0.84, 0.94, 0.93, 0.99, 1.16, 1.16, 1.17, 1.18, 1.12, 1.17, 1.28, 1.42, 1.51, 1.5, 1.33, 1.08, 0.82, 0.55, 0.56, 0.35, 0.48, 0.57, 0.64, 0.69, 1.22, 1.23, 1.25, 1.29, 1.28, 1.4, 1.59, 1.85, 1.99, 1.71, 1.39, 1.15, 0.81, 0.59, 0.08, 0.31, 0.49, 0.6, 0.67, 0.72, 1.26, 1.29, 1.33, 1.31, 1.41, 1.56, 1.82, 2.24, 2.57, 1.97, 1.53, 1.16, 1.14, 0.78, 0.29, 0.42, 0.57, 0.67, 0.73, 0.76, 1.31, 1.34, 1.22, 1.29, 1.39, 1.54, 1.77, 2.1, 2.28, 1.89, 1.49, 1.17, 1.3, 1.07, 0.53, 0.61, 0.7, 0.77, 0.8, 0.81, 1.15, 1.18, 1.22, 1.28, 1.36, 1.47, 1.61, 1.77, 1.78, 1.6, 1.35, 1.13, 1.43, 0.68, 0.72, 0.79, 0.85, 0.88, 0.88, 0.87, 1.14, 1.17, 1.2, 1.24, 1.29, 1.36, 1.42, 1.62, 1.4, 1.3, 1.17, 1.05, 0.71, 0.8, 0.86, 0.95, 1.02, 1.01, 0.96, 0.92, 1.13, 1.15, 1.17, 1.43, 1.43, 1.42, 1.39, 1.33, 1.25, 1.19, 1.19, 1.46, 0.84, 0.88, 0.97, 1.1, 1.23, 1.13, 1.0, 0.94, 1.39, 1.38, 1.37, 1.35, 1.33, 1.28, 1.21, 1.09, 0.94, 0.86, 0.94, 0.87, 0.81, 0.92, 1.04, 1.15, 1.59, 1.07, 0.97, 0.94, 1.35, 1.34, 1.32, 1.29, 1.25, 1.18, 1.08, 0.93, 0.68, 0.48, 0.75, 0.82, 1.0, 0.89, 0.99, 1.06, 0.95, 0.74, 0.9, 0.92, 1.32, 1.3, 1.28, 1.24, 1.19, 1.12, 1.02, 0.88, 0.66, 0.49, 0.64, 0.83, 0.98, 0.86, 0.94, 1.1, 1.02, 0.97, 0.89, 0.9, 1.29, 1.27, 1.24, 1.21, 1.16, 1.09, 1.01, 0.92, 0.82, 0.78, 0.78, 0.88, 0.99, 1.11, 1.1, 1.09, 1.05, 1.03, 1.04, 1.06, 1.27, 1.25, 1.22, 1.18, 1.14, 1.09, 1.03, 0.97, 0.93, 0.86, 0.91, 0.69, 0.63, 0.58, 1.1, 1.09, 1.07, 1.06, 1.06, 1.07, 1.26, 1.23, 1.21, 1.17, 1.14, 1.09, 1.05, 1.02, 1.0, 0.96, 0.95, 0.79, 0.68, 0.62, 1.09, 1.09, 1.08, 1.07, 1.07, 1.08, 1.24, 1.22, 1.2, 1.17, 1.14, 1.1, 1.07, 1.04, 0.73, 0.84, 0.9, 0.8, 0.7, 0.64, 1.09, 1.09, 1.08, 1.08, 1.08, 1.08, 1.24, 1.22, 1.19, 1.17, 1.14, 1.11, 1.09, 1.07, 0.72, 0.77, 0.79, 0.75, 0.69, 0.64, 1.09, 1.09, 1.09, 1.09, 1.09, 1.09, 1.23, 1.21, 1.19, 1.17, 1.15, 1.12, 1.1, 0.66, 0.69, 0.72, 0.73, 0.71, 0.67, 0.64, 1.09, 1.09, 1.09, 1.09, 1.09, 1.09]}, {"header": {"refTime": "2023-09-12T13:00:00.000Z", "nx": 21, "ny": 33, "lo1": 113.509, "la1": 22.2235, "lo2": 113.5947, "la2": 22.1034, "dx": 0.0042850000000001385, "dy": 0.003753125000000024, "parameterCategory": 0, "parameterCategoryName": "Temperature", "parameterNumber": 0}, "data": [[29.49, 29.5, 29.51, 29.49, 29.52, 29.62, 29.67, 29.73, 29.76, 29.94, 29.9, 29.86, 30.0, 29.99, 29.45, 29.39, 29.34, 29.3, 29.28, 29.26], [29.48, 29.49, 29.5, 29.52, 29.51, 29.57, 29.7, 29.8, 29.87, 29.98, 29.91, 29.85, 29.98, 29.97, 29.43, 29.37, 29.31, 29.27, 29.24, 29.23], [29.47, 29.47, 29.48, 29.5, 29.49, 29.55, 29.65, 29.86, 30.12, 30.01, 29.9, 29.83, 29.95, 29.95, 29.43, 29.35, 29.28, 29.22, 29.19, 29.18], [29.45, 29.46, 29.46, 29.47, 29.49, 29.49, 29.57, 29.71, 29.84, 29.95, 29.85, 29.79, 29.89, 29.78, 29.44, 29.32, 29.22, 29.15, 29.13, 29.13], [29.44, 29.44, 29.44, 29.44, 29.44, 29.39, 29.43, 29.48, 29.52, 29.85, 29.79, 29.76, 29.73, 29.77, 29.43, 29.27, 29.12, 29.04, 29.03, 29.06], [29.43, 29.43, 29.42, 29.41, 29.38, 29.35, 29.27, 29.24, 29.26, 29.32, 29.76, 29.78, 29.77, 29.87, 29.42, 29.19, 28.96, 28.86, 28.91, 28.99], [29.12, 29.42, 29.41, 29.39, 29.35, 29.28, 29.0, 29.0, 28.98, 29.26, 29.46, 29.83, 29.98, 29.96, 29.4, 29.1, 28.72, 28.58, 28.56, 28.65], [29.14, 29.15, 29.15, 29.15, 29.12, 29.14, 29.02, 28.79, 28.63, 29.25, 29.49, 29.98, 29.99, 29.95, 29.01, 29.21, 28.8, 28.65, 28.88, 29.04], [28.96, 28.97, 29.2, 29.22, 29.23, 29.18, 29.02, 28.95, 28.75, 29.25, 29.77, 29.87, 29.92, 29.86, 29.06, 29.29, 29.05, 28.95, 29.0, 29.09], [29.7, 29.7, 29.7, 29.09, 29.18, 29.4, 29.25, 29.02, 29.03, 28.96, 29.93, 29.81, 29.85, 29.83, 29.06, 29.37, 29.22, 29.13, 29.13, 29.17], [29.7, 29.7, 29.7, 29.7, 29.7, 29.7, 29.7, 29.7, 29.24, 28.78, 29.5, 29.77, 29.8, 29.8, 29.04, 29.43, 29.32, 29.25, 29.24, 29.25], [29.7, 29.7, 29.7, 29.7, 29.7, 29.7, 29.7, 29.7, 29.7, -999.0, 29.5, 30.2, 30.2, 29.78, 29.02, 29.5, 29.43, 28.3, 28.3, 28.3], [29.7, 29.7, 29.7, 29.7, 29.7, 29.7, 29.7, 29.7, 29.7, 29.7, -999.0, 30.2, 30.2, 28.96, 29.51, 28.3, 28.3, 28.3, 28.3, 28.3], [29.7, 29.7, 29.7, 29.7, 29.7, 29.7, 29.7, 29.7, 29.7, 29.7, -999.0, 28.3, 28.3, 28.3, 29.34, 28.3, 28.3, 28.3, 28.3, 28.3], [29.7, 29.7, 29.7, 29.7, 29.7, 29.7, 29.7, 29.4, 29.4, 29.4, 29.4, 28.98, 28.3, 28.3, 28.3, 28.3, 28.3, 28.3, 28.3, 28.3], [29.7, 29.7, 29.51, 29.51, 29.5, 29.4, 29.4, 29.4, 29.4, 29.4, 28.71, 28.79, 28.68, 28.59, 28.69, 28.19, 28.17, 28.2, 28.22, 28.21], [29.51, 29.51, 29.59, 29.59, 29.4, 29.4, 29.4, 29.4, 29.4, 29.4, 28.93, 28.79, 28.65, 28.51, 28.4, 28.58, 28.68, 28.76, 28.82, 28.86], [29.59, 29.59, 29.58, 29.58, 29.4, 29.4, 29.4, 29.4, 29.4, 29.12, 28.97, 28.81, 28.64, 28.41, 28.31, 28.54, 28.68, 28.78, 28.84, 28.88], [29.59, 29.58, 29.58, 29.4, 29.4, 29.4, 29.4, 29.4, 29.3, 29.19, 29.12, 28.98, 28.55, 28.44, 28.52, 28.62, 28.73, 28.82, 28.88, 28.92], [29.58, 29.58, 29.51, 29.51, 29.5, 29.49, 29.47, 29.43, 29.32, 29.25, 29.15, 29.03, 28.56, 28.47, 28.69, 28.74, 28.82, 28.88, 28.93, 28.96], [29.52, 29.52, 29.52, 29.48, 29.48, 29.47, 29.47, 29.46, 29.28, 29.24, 29.17, 29.09, 28.56, 28.8, 28.81, 28.85, 28.89, 28.94, 28.98, 29.01], [29.49, 29.49, 29.49, 29.49, 29.49, 29.49, 29.48, 29.66, 29.28, 29.26, 29.21, 29.14, 28.63, 28.88, 28.9, 28.91, 28.94, 28.99, 29.05, 29.07], [29.5, 29.5, 29.5, 29.75, 29.74, 29.73, 29.72, 29.71, 29.7, 29.71, 29.73, 29.12, 29.36, 28.95, 28.96, 28.94, 28.88, 29.02, 29.13, 29.14], [29.79, 29.79, 29.78, 29.77, 29.77, 29.76, 29.75, 29.74, 29.72, 29.72, 29.75, 29.43, 29.38, 29.33, 29.26, 28.99, 28.56, 29.28, 29.29, 29.22], [29.8, 29.8, 29.8, 29.8, 29.79, 29.79, 29.78, 29.76, 29.71, 29.67, 29.75, 29.5, 29.37, 29.35, 29.32, 29.3, 29.44, 29.78, 29.41, 29.28], [29.82, 29.82, 29.82, 29.82, 29.82, 29.82, 29.82, 29.8, 29.75, 29.7, 29.63, 29.58, 29.46, 29.38, 29.37, 29.53, 29.6, 29.66, 29.37, 29.28], [29.83, 29.84, 29.84, 29.84, 29.85, 29.86, 29.86, 29.87, 29.87, 29.89, 29.75, 29.7, 29.57, 29.73, 29.65, 29.61, 29.61, 29.62, 29.61, 29.6], [29.85, 29.85, 29.86, 29.87, 29.88, 29.89, 29.91, 29.95, 30.0, 29.94, 29.98, 30.25, 30.25, 30.26, 29.72, 29.67, 29.64, 29.63, 29.62, 29.62], [29.86, 29.87, 29.88, 29.89, 29.9, 29.93, 29.96, 30.01, 30.09, 30.14, 30.43, 30.33, 30.28, 30.28, 29.78, 29.72, 29.68, 29.66, 29.64, 29.63], [29.87, 29.88, 29.89, 29.9, 29.92, 29.95, 29.99, 30.04, 30.27, 30.35, 30.4, 30.34, 30.3, 30.29, 29.82, 29.76, 29.71, 29.68, 29.67, 29.65], [29.88, 29.89, 29.9, 29.92, 29.94, 29.96, 30.0, 30.05, 30.27, 30.31, 30.33, 30.32, 30.3, 30.29, 29.84, 29.78, 29.74, 29.71, 29.69, 29.67], [29.89, 29.9, 29.91, 29.93, 29.95, 29.97, 30.0, 30.24, 30.26, 30.29, 30.3, 30.3, 30.29, 30.29, 29.85, 29.8, 29.76, 29.73, 29.71, 29.69]]}]