gis_exercise/awsData/contour/wdir_2023090112.json
[{"header": {"refTime": "2023-09-01T12:00:00.000Z", "nx": 21, "ny": 33, "lo1": 113.509, "la1": 22.2235, "lo2": 113.5947, "la2": 22.1034, "dx": 0.0042850000000001385, "dy": 0.003753125000000024, "parameterCategory": 2, "parameterCategoryName": "Temperature", "parameterNumber": 2}, "data": [1.2, 1.15, 1.09, 0.95, 0.87, 0.62, 0.52, 0.42, 0.39, 0.56, 0.74, 0.91, 0.95, 1.03, 1.08, 1.13, 1.87, 1.88, 1.88, 1.88, 1.24, 1.19, 1.13, 1.04, 0.88, 0.76, 0.45, 0.25, 0.13, 0.39, 0.71, 0.95, 1.02, 1.11, 1.14, 1.87, 1.87, 1.88, 1.88, 1.89, 1.28, 1.24, 1.18, 1.1, 0.92, 0.8, 0.59, 0.12, -0.41, 0.26, 0.76, 1.05, 1.14, 1.21, 1.85, 1.87, 1.88, 1.88, 1.89, 1.89, 1.34, 1.3, 1.26, 1.19, 1.09, 0.91, 0.74, 0.45, 0.19, 0.5, 0.94, 1.24, 1.33, 1.91, 1.85, 1.87, 1.88, 1.89, 1.89, 1.89, 1.4, 1.38, 1.35, 1.3, 1.23, 1.07, 1.0, 0.91, 0.88, 0.93, 1.21, 1.9, 1.78, 1.89, 1.85, 1.87, 1.89, 1.9, 1.9, 1.9, 1.47, 1.46, 1.45, 1.43, 1.39, 1.34, 1.27, 1.31, 1.37, 1.45, 2.05, 1.96, 1.87, 1.94, 1.87, 1.89, 1.9, 1.91, 1.91, 1.9, 2.2, 1.55, 1.56, 1.57, 1.56, 1.55, 2.28, 1.62, 1.72, 2.19, 2.22, 2.06, 2.02, 2.03, 1.89, 1.9, 1.92, 1.92, 1.98, 1.99, 2.21, 2.22, 2.23, 2.6, 2.58, 2.35, 2.29, 2.18, 2.06, 2.21, 2.31, 2.2, 2.18, 2.11, 2.15, 2.1, 2.02, 2.0, 2.04, 2.06, 2.21, 2.23, 2.25, 2.27, 2.62, 2.59, 2.53, 2.25, 2.32, 2.18, 2.31, 2.28, 2.33, 2.31, 2.18, 2.12, 2.08, 2.05, 2.06, 2.08, 2.54, 2.55, 2.56, 2.29, 2.36, 2.65, 2.64, 2.61, 2.52, 2.51, 2.31, 2.33, 2.38, 2.33, 2.2, 2.15, 2.11, 2.09, 2.09, 2.09, 2.53, 2.53, 2.54, 2.55, 2.59, 2.67, 2.63, 2.71, 2.8, 2.66, 2.69, 2.33, 2.34, 2.33, 2.2, 2.16, 2.14, 2.12, 2.11, 2.11, 2.52, 2.52, 2.52, 2.52, 2.53, 2.54, 2.56, 2.8, 2.95, 2.73, 2.76, 2.58, 2.53, 2.32, 2.19, 2.17, 2.15, 2.18, 2.17, 2.17, 2.51, 2.5, 2.49, 2.48, 2.44, 2.36, 2.29, 2.63, 2.83, 2.73, 2.62, 2.63, 2.57, 2.27, 2.27, 2.23, 2.21, 2.2, 2.19, 2.18, 2.5, 2.49, 2.47, 2.44, 2.38, 2.24, 1.93, 2.37, 2.59, 2.64, 2.58, 2.69, 2.63, 2.58, 2.26, 2.23, 2.22, 2.21, 2.2, 2.19, 2.49, 2.48, 2.46, 2.43, 2.38, 2.3, 2.26, 2.35, 2.48, 2.54, 2.55, 2.67, 2.59, 2.54, 2.51, 2.23, 2.22, 2.21, 2.21, 2.2, 2.49, 2.48, 2.27, 2.25, 2.22, 2.34, 2.35, 2.4, 2.47, 2.51, 2.67, 2.61, 2.55, 2.34, 2.33, 2.56, 2.62, 2.68, 2.59, 2.61, 2.3, 2.29, 2.28, 2.27, 2.4, 2.4, 2.42, 2.45, 2.48, 2.5, 2.62, 2.57, 2.5, 2.41, 2.44, 2.28, 2.3, 2.31, 2.32, 2.32, 2.3, 2.3, 2.29, 2.29, 2.43, 2.44, 2.46, 2.49, 2.5, 2.32, 2.28, 2.54, 2.47, 2.44, 2.26, 2.28, 2.3, 2.32, 2.32, 2.32, 2.31, 2.31, 2.31, 2.45, 2.45, 2.46, 2.48, 2.51, 2.49, 2.38, 2.36, 2.32, 2.6, 2.52, 2.28, 2.3, 2.32, 2.33, 2.34, 2.33, 2.31, 2.31, 2.16, 2.17, 2.2, 2.24, 2.29, 2.37, 2.46, 2.41, 2.35, 2.32, 2.68, 2.66, 2.32, 2.34, 2.36, 2.36, 2.35, 2.34, 2.14, 2.15, 2.16, 2.18, 2.2, 2.23, 2.27, 2.3, 2.38, 2.36, 2.33, 2.3, 2.76, 2.35, 2.37, 2.4, 2.41, 2.4, 2.37, 2.34, 2.15, 2.16, 2.17, 2.18, 2.19, 2.21, 2.23, 2.32, 2.32, 2.3, 2.29, 2.28, 2.68, 2.38, 2.41, 2.47, 2.5, 2.45, 2.38, 2.33, 2.15, 2.16, 2.17, 2.29, 2.29, 2.29, 2.28, 2.27, 2.26, 2.25, 2.25, 2.67, 2.29, 2.39, 2.44, 2.55, 2.68, 2.52, 2.35, 2.3, 2.28, 2.28, 2.28, 2.28, 2.27, 2.26, 2.25, 2.23, 2.2, 2.19, 2.2, 2.54, 2.28, 2.33, 2.4, 2.54, 3.15, 2.3, 2.22, 2.24, 2.28, 2.27, 2.27, 2.27, 2.26, 2.25, 2.23, 2.2, 2.16, 2.12, 2.17, 2.49, 2.64, 2.3, 2.33, 2.34, 2.1, 1.73, 2.09, 2.19, 2.27, 2.27, 2.26, 2.26, 2.25, 2.24, 2.22, 2.19, 2.15, 2.12, 2.32, 2.46, 2.6, 2.27, 2.27, 2.26, 2.13, 2.04, 2.11, 2.18, 2.27, 2.26, 2.26, 2.25, 2.24, 2.23, 2.22, 2.2, 2.18, 2.18, 2.36, 2.44, 2.56, 2.29, 2.28, 2.24, 2.19, 2.15, 2.16, 2.19, 2.26, 2.26, 2.25, 2.25, 2.24, 2.23, 2.22, 2.21, 2.2, 2.33, 2.35, 1.98, 1.88, 1.78, 2.27, 2.24, 2.22, 2.2, 2.2, 2.21, 2.26, 2.26, 2.25, 2.25, 2.24, 2.23, 2.22, 2.22, 2.21, 2.31, 2.16, 2.03, 1.92, 1.82, 2.26, 2.25, 2.24, 2.22, 2.22, 2.23, 2.26, 2.25, 2.25, 2.24, 2.24, 2.23, 2.23, 2.22, 2.02, 2.08, 2.12, 2.03, 1.93, 1.84, 2.26, 2.25, 2.25, 2.24, 2.24, 2.24, 2.26, 2.25, 2.25, 2.24, 2.24, 2.23, 2.23, 2.23, 2.0, 2.03, 2.03, 1.98, 1.92, 1.84, 2.26, 2.26, 2.25, 2.25, 2.25, 2.25, 2.26, 2.25, 2.25, 2.24, 2.24, 2.24, 2.23, 1.95, 1.97, 1.98, 1.97, 1.94, 1.89, 1.84, 2.26, 2.26, 2.26, 2.26, 2.25, 2.25]}, {"header": {"refTime": "2023-09-01T12:00:00.000Z", "nx": 21, "ny": 33, "lo1": 113.509, "la1": 22.2235, "lo2": 113.5947, "la2": 22.1034, "dx": 0.0042850000000001385, "dy": 0.003753125000000024, "parameterCategory": 2, "parameterCategoryName": "Temperature", "parameterNumber": 3}, "data": [-3.72, -3.69, -3.66, -3.26, -3.25, -2.34, -2.37, -2.4, -2.38, -2.41, -2.26, -2.11, -2.18, -2.14, -3.11, -3.33, -3.96, -4.14, -4.27, -4.36, -3.74, -3.71, -3.68, -3.63, -3.25, -3.23, -2.44, -2.52, -2.56, -2.5, -2.25, -2.02, -2.05, -2.02, -3.04, -3.75, -4.03, -4.25, -4.4, -4.49, -3.77, -3.74, -3.7, -3.65, -3.25, -3.23, -3.21, -2.63, -2.93, -2.58, -2.2, -1.86, -1.84, -1.85, -3.34, -3.78, -4.16, -4.43, -4.58, -4.65, -3.8, -3.77, -3.74, -3.69, -3.63, -3.24, -3.22, -3.19, -3.16, -2.48, -2.07, -1.58, -1.44, -1.76, -3.26, -3.9, -4.4, -4.71, -4.85, -4.87, -3.84, -3.82, -3.79, -3.75, -3.69, -3.26, -3.25, -3.24, -3.25, -2.38, -1.99, -1.59, -0.67, -1.58, -3.31, -4.16, -4.8, -5.15, -5.2, -5.12, -3.89, -3.88, -3.86, -3.82, -3.76, -3.68, -3.27, -3.27, -3.3, -3.37, -2.69, -2.1, -1.43, -2.6, -3.62, -4.59, -5.46, -5.83, -5.65, -5.39, -4.37, -3.94, -3.94, -3.92, -3.87, -3.78, -3.82, -3.26, -3.29, -3.72, -3.87, -3.08, -3.61, -3.6, -4.06, -5.04, -6.34, -6.82, -6.45, -6.09, -4.41, -4.41, -4.41, -4.83, -4.77, -4.08, -3.88, -3.55, -3.27, -3.7, -3.85, -4.85, -5.05, -4.43, -6.47, -6.83, -7.26, -7.41, -7.18, -7.02, -4.44, -4.45, -4.47, -4.49, -4.89, -4.82, -4.63, -3.77, -3.84, -3.72, -4.88, -5.36, -6.03, -5.71, -6.5, -6.74, -6.99, -7.1, -7.05, -6.97, -5.34, -5.33, -5.33, -4.59, -4.68, -5.05, -4.95, -4.82, -4.36, -4.31, -5.23, -5.71, -6.29, -5.86, -6.53, -6.67, -6.82, -6.91, -6.92, -6.89, -5.33, -5.32, -5.32, -5.31, -5.3, -5.26, -5.39, -5.58, -5.28, -4.75, -5.89, -5.6, -5.78, -5.72, -6.54, -6.63, -6.72, -6.79, -6.82, -6.81, -5.32, -5.31, -5.3, -5.29, -5.28, -5.28, -5.38, -5.74, -5.94, -6.1, -5.96, -6.18, -6.2, -5.59, -6.54, -6.6, -6.66, -6.65, -6.66, -6.65, -5.31, -5.3, -5.29, -5.27, -5.23, -5.17, -5.13, -5.55, -5.81, -5.66, -6.1, -6.16, -6.16, -5.58, -5.52, -6.41, -6.43, -6.46, -6.49, -6.5, -5.31, -5.29, -5.28, -5.25, -5.19, -5.07, -4.76, -5.24, -5.5, -5.54, -6.02, -6.03, -5.95, -5.87, -5.35, -6.15, -6.2, -6.26, -6.31, -6.36, -5.31, -5.29, -5.27, -5.25, -5.2, -5.13, -5.1, -5.18, -5.32, -5.37, -5.37, -5.24, -5.74, -5.62, -5.54, -5.85, -5.94, -6.05, -6.14, -6.22, -5.31, -5.29, -4.91, -4.89, -4.87, -5.14, -5.14, -5.19, -5.24, -5.28, -5.23, -5.13, -5.01, -5.07, -5.01, -4.86, -4.9, -4.93, -5.13, -5.19, -4.92, -4.92, -4.91, -4.9, -5.17, -5.16, -5.16, -5.17, -5.19, -5.21, -5.14, -5.04, -4.9, -4.74, -4.39, -4.25, -4.21, -4.18, -4.16, -4.14, -4.92, -4.92, -4.91, -4.91, -5.17, -5.16, -5.14, -5.12, -5.12, -4.78, -4.71, -4.99, -4.84, -4.4, -4.37, -4.27, -4.21, -4.17, -4.15, -4.13, -4.92, -4.92, -4.92, -5.19, -5.17, -5.15, -5.13, -5.07, -4.94, -4.83, -4.14, -4.04, -4.46, -4.41, -4.27, -4.23, -4.18, -4.15, -4.13, -4.12, -4.93, -4.92, -3.88, -3.91, -3.97, -4.05, -4.19, -4.42, -4.53, -4.26, -4.03, -3.93, -4.46, -4.41, -4.2, -4.17, -4.14, -4.12, -4.11, -4.1, -3.77, -3.78, -3.79, -3.81, -3.84, -3.89, -3.97, -4.06, -4.05, -3.93, -3.8, -3.75, -4.45, -4.15, -4.14, -4.12, -4.1, -4.09, -4.08, -4.08, -3.71, -3.7, -3.7, -3.69, -3.69, -3.69, -3.68, -3.5, -3.59, -3.53, -3.49, -3.51, -3.27, -4.11, -4.1, -4.08, -4.06, -4.05, -4.06, -4.06, -3.64, -3.63, -3.6, -3.32, -3.31, -3.27, -3.22, -3.12, -3.01, -2.93, -2.94, -3.13, -3.03, -4.09, -4.07, -4.04, -4.02, -4.02, -4.04, -4.05, -3.3, -3.28, -3.26, -3.23, -3.19, -3.11, -2.99, -2.81, -2.58, -2.46, -2.6, -2.57, -2.97, -3.25, -3.5, -4.02, -3.98, -4.0, -4.03, -4.04, -3.26, -3.24, -3.21, -3.17, -3.1, -3.0, -2.85, -2.6, -2.19, -1.85, -2.33, -2.52, -2.79, -3.22, -3.47, -3.68, -4.01, -4.01, -4.02, -4.04, -3.23, -3.2, -3.17, -3.12, -3.05, -2.95, -2.8, -2.57, -2.2, -1.91, -2.25, -2.58, -2.81, -3.17, -3.41, -3.92, -3.94, -3.95, -4.03, -4.04, -3.21, -3.18, -3.14, -3.09, -3.03, -2.95, -2.84, -2.7, -2.55, -2.53, -2.59, -2.76, -2.88, -3.83, -3.87, -3.9, -3.92, -3.93, -3.92, -3.92, -3.19, -3.16, -3.13, -3.09, -3.04, -2.98, -2.91, -2.86, -2.86, -2.85, -2.98, -2.99, -3.0, -3.06, -3.85, -3.87, -3.89, -3.9, -3.91, -3.91, -3.18, -3.16, -3.13, -3.09, -3.05, -3.02, -2.99, -2.99, -3.06, -3.17, -3.39, -3.17, -3.08, -3.09, -3.83, -3.85, -3.87, -3.89, -3.89, -3.89, -3.18, -3.15, -3.13, -3.1, -3.08, -3.05, -3.05, -3.07, -3.03, -3.21, -3.33, -3.2, -3.12, -3.11, -3.81, -3.84, -3.86, -3.87, -3.88, -3.88, -3.17, -3.15, -3.13, -3.11, -3.1, -3.09, -3.09, -3.11, -3.04, -3.13, -3.18, -3.15, -3.12, -3.11, -3.8, -3.83, -3.84, -3.86, -3.87, -3.87, -3.17, -3.16, -3.14, -3.13, -3.11, -3.11, -3.11, -2.97, -3.02, -3.08, -3.11, -3.11, -3.1, -3.1, -3.8, -3.82, -3.84, -3.85, -3.86, -3.86]}, {"header": {"refTime": "2023-09-01T12:00:00.000Z", "nx": 21, "ny": 33, "lo1": 113.509, "la1": 22.2235, "lo2": 113.5947, "la2": 22.1034, "dx": 0.0042850000000001385, "dy": 0.003753125000000024, "parameterCategory": 0, "parameterCategoryName": "Temperature", "parameterNumber": 0}, "data": [[29.25, 29.24, 29.24, 28.92, 28.93, 29.29, 29.28, 29.27, 29.27, 29.17, 29.2, 29.23, 29.54, 29.56, 29.52, 29.51, 29.64, 29.63, 29.62, 29.62], [29.25, 29.25, 29.24, 29.23, 28.93, 28.94, 29.26, 29.24, 29.23, 29.16, 29.2, 29.25, 29.56, 29.59, 29.54, 29.66, 29.64, 29.62, 29.61, 29.61], [29.26, 29.25, 29.24, 29.23, 28.93, 28.94, 28.96, 29.21, 29.13, 29.15, 29.22, 29.3, 29.61, 29.63, 29.68, 29.65, 29.63, 29.61, 29.6, 29.6], [29.27, 29.26, 29.25, 29.24, 29.23, 28.93, 28.95, 28.98, 29.01, 29.15, 29.24, 29.37, 29.69, 29.54, 29.69, 29.65, 29.61, 29.59, 29.59, 29.58], [29.28, 29.27, 29.26, 29.25, 29.24, 28.92, 28.93, 28.94, 28.93, 29.12, 29.23, 29.55, 29.75, 29.58, 29.68, 29.63, 29.59, 29.57, 29.56, 29.57], [29.29, 29.28, 29.28, 29.27, 29.26, 29.24, 28.92, 28.92, 28.89, 28.83, 29.24, 29.45, 29.62, 29.8, 29.66, 29.6, 29.55, 29.52, 29.53, 29.55], [29.38, 29.3, 29.3, 29.29, 29.28, 29.26, 29.05, 28.93, 28.9, 28.88, 28.84, 29.28, 29.73, 29.75, 29.64, 29.57, 29.49, 29.46, 29.49, 29.52], [29.39, 29.39, 29.39, 29.39, 29.38, 29.13, 29.08, 29.05, 29.05, 28.83, 28.6, 29.23, 29.24, 29.75, 29.47, 29.5, 29.45, 29.44, 29.46, 29.48], [29.31, 29.32, 29.41, 29.42, 29.42, 29.4, 29.34, 29.07, 28.88, 28.91, 28.86, 29.04, 29.12, 29.01, 29.48, 29.5, 29.48, 29.47, 29.47, 29.48], [29.6, 29.6, 29.6, 29.37, 29.4, 29.49, 29.43, 29.34, 28.7, 28.74, 29.13, 28.93, 28.99, 28.96, 29.48, 29.51, 29.5, 29.49, 29.49, 29.49], [29.6, 29.6, 29.6, 29.6, 29.6, 29.6, 29.6, 29.6, 29.42, 28.86, 28.4, 28.86, 28.91, 28.91, 29.48, 29.52, 29.51, 29.5, 29.5, 29.5], [29.6, 29.6, 29.6, 29.6, 29.6, 29.6, 29.6, 29.6, 29.6, -999.0, 28.4, 29.6, 29.6, 28.88, 29.48, 29.53, 29.52, 28.72, 28.73, 28.74], [29.6, 29.6, 29.6, 29.6, 29.6, 29.6, 29.6, 29.6, 29.6, 29.6, -999.0, 29.6, 29.6, 28.69, 29.09, 28.96, 28.97, 28.82, 28.85, 28.86], [29.6, 29.6, 29.6, 29.6, 29.6, 29.6, 29.6, 29.6, 29.6, 29.6, -999.0, 28.2, 28.2, 28.2, 28.97, 28.86, 28.88, 28.73, 28.76, 28.79], [29.6, 29.6, 29.6, 29.6, 29.6, 29.6, 29.6, 29.8, 29.8, 29.8, 29.8, 29.19, 28.2, 28.2, 28.2, 28.75, 28.79, 28.65, 28.69, 28.73], [29.6, 29.6, 29.73, 29.73, 29.73, 29.8, 29.8, 29.8, 29.8, 29.8, 28.79, 28.91, 28.75, 28.62, 28.77, 28.64, 28.71, 28.59, 28.84, 28.88], [29.73, 29.73, 29.67, 29.67, 29.8, 29.8, 29.8, 29.8, 29.8, 29.8, 29.11, 28.91, 28.7, 28.51, 28.52, 28.46, 28.55, 28.62, 28.67, 28.7], [29.67, 29.67, 29.68, 29.68, 29.8, 29.8, 29.8, 29.8, 29.8, 29.39, 29.18, 28.94, 28.69, 28.54, 28.25, 28.43, 28.56, 28.64, 28.69, 28.73], [29.68, 29.68, 29.68, 29.8, 29.8, 29.8, 29.8, 29.8, 29.66, 29.49, 29.38, 29.18, 28.86, 28.65, 28.41, 28.51, 28.61, 28.69, 28.73, 28.76], [29.68, 29.68, 29.91, 29.91, 29.9, 29.89, 29.87, 29.83, 29.67, 29.56, 29.41, 29.25, 28.95, 28.82, 28.58, 28.64, 28.71, 28.76, 28.78, 28.8], [29.92, 29.92, 29.92, 29.88, 29.88, 29.87, 29.87, 29.86, 29.6, 29.54, 29.44, 29.32, 29.03, 28.69, 28.72, 28.76, 28.81, 28.84, 28.84, 28.84], [29.89, 29.89, 29.89, 29.89, 29.89, 29.89, 29.88, 29.85, 29.59, 29.56, 29.49, 29.39, 29.17, 28.77, 28.82, 28.88, 28.92, 28.92, 28.9, 28.87], [29.9, 29.9, 29.9, 29.85, 29.85, 29.85, 29.86, 29.87, 29.88, 29.88, 29.88, 29.78, 29.41, 28.83, 28.89, 28.97, 29.04, 29.0, 28.94, 28.9], [29.84, 29.84, 29.85, 29.85, 29.85, 29.86, 29.87, 29.88, 29.9, 29.91, 29.9, 29.78, 29.43, 29.33, 29.25, 29.01, 29.22, 29.0, 28.94, 28.91], [29.84, 29.84, 29.85, 29.85, 29.85, 29.86, 29.87, 29.89, 29.93, 29.96, 29.91, 29.79, 29.73, 29.34, 29.25, 29.17, 28.95, 28.87, 28.91, 28.9], [29.84, 29.84, 29.85, 29.85, 29.85, 29.86, 29.87, 29.89, 29.92, 29.95, 29.85, 29.79, 29.74, 29.35, 29.26, 29.13, 29.07, 29.04, 28.9, 28.9], [29.84, 29.84, 29.84, 29.85, 29.85, 29.85, 29.86, 29.87, 29.88, 29.88, 29.8, 29.77, 29.73, 29.28, 29.22, 29.17, 29.12, 29.1, 29.11, 29.12], [29.84, 29.84, 29.84, 29.84, 29.84, 29.84, 29.85, 29.84, 29.83, 29.77, 29.76, 29.64, 29.58, 29.5, 29.26, 29.21, 29.17, 29.15, 29.14, 29.15], [29.84, 29.84, 29.84, 29.84, 29.84, 29.84, 29.83, 29.82, 29.8, 29.74, 29.69, 29.64, 29.59, 29.52, 29.29, 29.24, 29.2, 29.18, 29.17, 29.17], [29.84, 29.84, 29.84, 29.83, 29.83, 29.83, 29.82, 29.81, 29.66, 29.67, 29.67, 29.64, 29.58, 29.53, 29.31, 29.27, 29.23, 29.21, 29.2, 29.19], [29.83, 29.83, 29.83, 29.83, 29.83, 29.83, 29.82, 29.81, 29.64, 29.65, 29.64, 29.61, 29.58, 29.53, 29.32, 29.28, 29.25, 29.23, 29.22, 29.21], [29.83, 29.83, 29.83, 29.83, 29.83, 29.82, 29.82, 29.63, 29.63, 29.62, 29.61, 29.59, 29.56, 29.53, 29.33, 29.3, 29.27, 29.25, 29.23, 29.23]]}]