gis_exercise/awsData/contour/wdir_2023090513.json
[{"header": {"refTime": "2023-09-05T13:00:00.000Z", "nx": 21, "ny": 33, "lo1": 113.509, "la1": 22.2235, "lo2": 113.5947, "la2": 22.1034, "dx": 0.0042850000000001385, "dy": 0.003753125000000024, "parameterCategory": 2, "parameterCategoryName": "Temperature", "parameterNumber": 2}, "data": [0.09, 0.1, 0.11, 0.45, 0.45, 0.46, 0.46, 0.46, 0.47, 0.69, 0.74, 0.78, 0.34, 0.33, 0.74, 0.74, 0.38, 0.37, 0.37, 0.36, 0.09, 0.1, 0.11, 0.12, 0.45, 0.44, 0.45, 0.44, 0.45, 0.64, 0.73, 0.8, 0.37, 0.36, 0.76, 0.4, 0.39, 0.38, 0.37, 0.37, 0.08, 0.09, 0.1, 0.11, 0.44, 0.44, 0.43, 0.43, 0.4, 0.61, 0.74, 0.83, 0.43, 0.41, 0.43, 0.41, 0.4, 0.39, 0.38, 0.38, 0.07, 0.08, 0.09, 0.1, 0.12, 0.44, 0.43, 0.43, 0.42, 0.67, 0.79, 0.89, 0.55, 0.61, 0.45, 0.41, 0.4, 0.4, 0.4, 0.39, 0.06, 0.06, 0.07, 0.08, 0.09, 0.43, 0.43, 0.43, 0.45, 0.77, 0.86, 0.68, 0.89, 0.64, 0.44, 0.41, 0.41, 0.42, 0.41, 0.4, 0.05, 0.05, 0.05, 0.06, 0.07, 0.08, 0.41, 0.41, 0.45, 0.53, 0.51, 0.55, 0.67, 0.02, 0.37, 0.39, 0.44, 0.46, 0.44, 0.41, -0.45, 0.03, 0.03, 0.03, 0.03, 0.04, 0.23, 0.35, 0.38, 0.31, 0.34, 0.25, -0.4, -0.38, 0.27, 0.37, 0.5, 0.54, 0.37, 0.3, -0.46, -0.45, -0.43, -0.16, -0.15, 0.17, 0.19, 0.19, 0.1, 0.39, 0.73, -0.55, -0.79, -0.7, -0.65, -0.31, 0.12, 0.28, 0.04, -0.11, -0.48, -0.46, -0.45, -0.42, -0.17, -0.16, -0.13, 0.2, 0.25, 0.26, -0.18, -0.7, -1.08, -0.9, -0.74, -0.45, -0.17, -0.05, -0.1, -0.18, -0.58, -0.57, -0.55, -0.44, -0.4, -0.19, -0.17, -0.15, 0.21, 0.31, -0.47, -0.81, -1.13, -0.93, -0.79, -0.57, -0.37, -0.26, -0.24, -0.27, -0.59, -0.58, -0.56, -0.53, -0.46, -0.25, -0.46, -0.5, -0.19, 0.17, -0.36, -0.73, -0.85, -0.83, -0.8, -0.63, -0.49, -0.4, -0.36, -0.35, -0.6, -0.6, -0.59, -0.57, -0.54, -0.52, -0.58, -0.5, -0.43, -0.79, -0.36, -0.99, -1.06, -0.75, -0.78, -0.66, -0.56, -0.2, -0.15, -0.13, -0.62, -0.62, -0.62, -0.63, -0.66, -0.75, -0.86, -0.63, -0.5, -0.55, -0.92, -0.92, -0.99, -0.88, -0.84, -0.33, -0.26, -0.21, -0.18, -0.16, -0.63, -0.64, -0.65, -0.68, -0.74, -0.88, -1.17, -0.82, -0.65, -0.61, -0.93, -0.58, -0.58, -0.57, -0.71, -0.28, -0.24, -0.21, -0.18, -0.17, -0.64, -0.66, -0.67, -0.7, -0.76, -0.84, -0.89, -0.34, -0.13, 0.02, 0.11, 0.58, -0.47, -0.44, -0.41, -0.21, -0.2, -0.19, -0.18, -0.17, -0.65, -0.66, 0.01, -0.03, -0.07, -0.11, -0.08, 0.05, 0.19, 0.28, 0.74, 0.66, 0.57, 0.22, 0.18, -0.33, -0.38, -0.43, 0.08, 0.08, 0.12, 0.11, 0.11, 0.12, 0.14, 0.2, 0.33, 0.51, 0.63, 0.62, 0.9, 0.74, 0.57, 0.42, 0.3, -0.34, -0.51, -0.64, -0.73, -0.8, 0.18, 0.2, 0.22, 0.27, 0.34, 0.48, 0.72, 1.04, 1.2, 1.08, 0.82, 0.81, 0.59, 0.33, 0.14, -0.29, -0.52, -0.67, -0.77, -0.84, 0.24, 0.27, 0.32, 0.38, 0.5, 0.69, 0.99, 1.5, 1.94, 1.36, 1.05, 0.76, 0.58, 0.37, -0.25, -0.42, -0.61, -0.75, -0.84, -0.9, 0.29, 0.33, 0.22, 0.31, 0.43, 0.62, 0.91, 1.32, 1.68, 1.32, 0.98, 0.73, 0.61, 0.43, -0.55, -0.64, -0.76, -0.86, -0.92, -0.97, 0.14, 0.18, 0.23, 0.31, 0.41, 0.55, 0.73, 0.92, 1.17, 1.01, 0.8, 0.64, 0.6, -0.73, -0.77, -0.83, -0.91, -0.98, -1.02, -1.05, 0.14, 0.18, 0.22, 0.27, 0.34, 0.42, 0.5, 1.07, 0.76, 0.66, 0.57, 0.5, -0.39, -0.88, -0.92, -0.98, -1.04, -1.09, -1.13, -1.13, 0.13, 0.16, 0.19, 0.98, 0.95, 0.92, 0.86, 0.77, 0.67, 0.6, 0.63, 0.15, -1.2, -0.98, -1.04, -1.07, -1.07, -1.18, -1.24, -1.22, 0.98, 0.97, 0.94, 0.91, 0.87, 0.8, 0.68, 0.51, 0.3, 0.19, 0.34, -0.12, -1.2, -1.25, -1.29, -1.16, -0.9, -1.42, -1.39, -1.3, 0.96, 0.94, 0.91, 0.87, 0.81, 0.72, 0.58, 0.34, -0.05, -0.38, 0.1, -0.08, -0.01, -1.26, -1.32, -1.38, -1.54, -1.81, -1.48, -1.35, 0.94, 0.92, 0.89, 0.84, 0.78, 0.69, 0.56, 0.35, -0.01, -0.3, -0.16, 0.04, 0.1, -1.27, -1.34, -1.04, -1.28, -1.38, -1.44, -1.35, 0.93, 0.91, 0.88, 0.84, 0.79, 0.72, 0.62, 0.5, 0.37, 0.36, 0.22, 0.29, 0.26, -0.35, -0.64, -0.88, -1.05, -1.14, -1.12, -1.06, 0.92, 0.9, 0.88, 0.85, 0.81, 0.77, 0.72, 0.7, 0.73, 0.6, 0.74, 0.33, 0.03, -0.26, -0.46, -0.7, -0.86, -0.95, -0.97, -0.95, 0.92, 0.91, 0.89, 0.86, 0.84, 0.82, 0.82, 0.86, 0.97, 1.04, 1.32, 0.68, 0.23, -0.11, -0.31, -0.54, -0.69, -0.79, -0.84, -0.85, 0.93, 0.91, 0.9, 0.89, 0.88, 0.87, 0.89, 0.95, 0.52, 0.89, 1.11, 0.7, 0.3, -0.02, -0.2, -0.41, -0.56, -0.66, -0.73, -0.76, 0.93, 0.92, 0.91, 0.9, 0.9, 0.91, 0.94, 0.99, 0.44, 0.62, 0.68, 0.51, 0.25, 0.0, -0.13, -0.32, -0.46, -0.56, -0.63, -0.67, 0.94, 0.93, 0.92, 0.92, 0.92, 0.94, 0.96, 0.22, 0.33, 0.41, 0.42, 0.33, 0.16, -0.02, -0.1, -0.26, -0.39, -0.49, -0.56, -0.6]}, {"header": {"refTime": "2023-09-05T13:00:00.000Z", "nx": 21, "ny": 33, "lo1": 113.509, "la1": 22.2235, "lo2": 113.5947, "la2": 22.1034, "dx": 0.0042850000000001385, "dy": 0.003753125000000024, "parameterCategory": 2, "parameterCategoryName": "Temperature", "parameterNumber": 3}, "data": [-2.64, -2.62, -2.6, -2.02, -2.02, -1.54, -1.56, -1.58, -1.55, -1.14, -0.95, -0.77, -1.36, -1.32, -1.7, -1.86, -2.54, -2.68, -2.78, -2.85, -2.65, -2.63, -2.61, -2.59, -2.03, -2.04, -1.63, -1.69, -1.72, -1.29, -0.97, -0.69, -1.23, -1.2, -1.62, -2.37, -2.58, -2.75, -2.87, -2.94, -2.66, -2.65, -2.63, -2.6, -2.03, -2.04, -2.06, -1.8, -2.06, -1.42, -0.91, -0.53, -1.0, -1.02, -2.03, -2.38, -2.67, -2.88, -3.0, -3.06, -2.68, -2.67, -2.65, -2.63, -2.59, -2.04, -2.05, -2.07, -2.08, -1.22, -0.72, -0.25, -0.58, -0.55, -1.95, -2.46, -2.84, -3.08, -3.18, -3.21, -2.7, -2.69, -2.68, -2.66, -2.63, -2.05, -2.05, -2.05, -2.02, -0.93, -0.54, -0.37, 0.4, -0.41, -2.0, -2.66, -3.14, -3.39, -3.44, -3.39, -2.72, -2.72, -2.71, -2.7, -2.68, -2.65, -2.07, -2.07, -2.01, -1.89, -1.17, -0.81, -0.29, -1.53, -2.29, -3.0, -3.61, -3.86, -3.75, -3.58, -3.54, -2.75, -2.75, -2.75, -2.74, -2.71, -2.39, -2.16, -2.11, -2.19, -2.14, -1.73, -2.6, -2.51, -2.7, -3.35, -4.21, -4.53, -4.18, -3.9, -3.56, -3.54, -3.51, -3.27, -3.24, -2.52, -2.45, -2.43, -2.51, -2.07, -1.55, -3.51, -3.88, -3.26, -4.76, -4.87, -5.01, -5.05, -4.98, -4.93, -3.58, -3.56, -3.54, -3.5, -3.28, -3.25, -3.19, -2.43, -2.45, -2.27, -2.95, -3.74, -4.33, -4.05, -4.78, -4.85, -4.93, -4.96, -4.94, -4.92, -4.01, -3.99, -3.95, -3.54, -3.49, -3.31, -3.31, -3.29, -2.67, -2.49, -3.39, -3.92, -4.42, -4.1, -4.79, -4.83, -4.87, -4.9, -4.9, -4.89, -4.03, -4.0, -3.97, -3.9, -3.75, -3.33, -3.82, -4.02, -3.54, -2.85, -3.55, -3.8, -3.99, -3.95, -4.8, -4.82, -4.85, -4.86, -4.87, -4.87, -4.04, -4.03, -4.01, -3.97, -3.9, -3.86, -4.04, -4.12, -4.11, -4.49, -3.64, -4.49, -4.54, -3.82, -4.79, -4.81, -4.83, -4.65, -4.65, -4.64, -4.07, -4.06, -4.06, -4.07, -4.1, -4.23, -4.4, -4.25, -4.17, -4.16, -4.59, -4.45, -4.49, -4.29, -4.25, -4.53, -4.54, -4.55, -4.56, -4.57, -4.09, -4.1, -4.11, -4.15, -4.23, -4.41, -4.76, -4.4, -4.25, -4.2, -4.6, -4.2, -4.19, -4.16, -4.13, -4.39, -4.41, -4.44, -4.47, -4.49, -4.11, -4.12, -4.15, -4.19, -4.26, -4.37, -4.44, -4.44, -4.33, -4.27, -4.24, -3.72, -4.07, -4.03, -3.99, -4.22, -4.27, -4.33, -4.37, -4.41, -4.13, -4.14, -4.05, -4.09, -4.14, -4.38, -4.37, -4.32, -4.25, -4.21, -3.73, -3.69, -3.64, -3.8, -3.77, -3.98, -4.06, -4.13, -4.23, -4.29, -4.01, -4.03, -4.04, -4.07, -4.29, -4.27, -4.23, -4.18, -4.13, -4.12, -3.7, -3.66, -3.6, -3.54, -3.59, -3.63, -3.71, -3.77, -3.82, -3.85, -4.01, -4.02, -4.03, -4.04, -4.23, -4.19, -4.12, -4.02, -3.97, -3.88, -3.86, -3.64, -3.58, -3.58, -3.43, -3.6, -3.72, -3.79, -3.84, -3.87, -4.0, -4.01, -4.01, -4.21, -4.18, -4.12, -4.03, -3.89, -3.74, -3.82, -3.45, -3.41, -3.73, -3.65, -3.59, -3.68, -3.77, -3.84, -3.88, -3.9, -4.0, -4.0, -3.87, -3.86, -3.84, -3.81, -3.77, -3.73, -3.57, -3.5, -3.43, -3.39, -3.79, -3.77, -3.75, -3.8, -3.86, -3.9, -3.92, -3.93, -3.85, -3.84, -3.82, -3.8, -3.78, -3.75, -3.72, -3.69, -3.45, -3.42, -3.38, -3.36, -3.86, -3.84, -3.87, -3.92, -3.96, -3.98, -3.98, -3.97, -3.81, -3.8, -3.78, -3.75, -3.72, -3.69, -3.65, -2.92, -3.35, -3.33, -3.32, -3.31, -3.67, -3.92, -3.97, -4.03, -4.07, -4.06, -4.03, -4.0, -3.78, -3.76, -3.73, -2.68, -2.71, -2.73, -2.76, -2.77, -2.77, -2.74, -2.7, -3.62, -3.7, -3.98, -4.03, -4.12, -4.22, -4.15, -4.05, -4.01, -2.58, -2.59, -2.6, -2.62, -2.63, -2.64, -2.66, -2.67, -2.69, -2.69, -2.63, -2.84, -3.67, -3.82, -3.96, -4.16, -4.47, -4.09, -4.03, -4.01, -2.54, -2.55, -2.55, -2.55, -2.55, -2.56, -2.57, -2.6, -2.67, -2.75, -2.59, -2.75, -2.88, -3.79, -3.92, -4.02, -4.01, -3.86, -3.98, -3.99, -2.51, -2.5, -2.5, -2.49, -2.48, -2.47, -2.47, -2.5, -2.58, -2.67, -2.61, -2.6, -2.73, -3.76, -3.87, -3.62, -3.72, -3.72, -3.97, -3.98, -2.47, -2.46, -2.45, -2.43, -2.41, -2.38, -2.36, -2.34, -2.33, -2.28, -2.32, -2.36, -2.53, -2.97, -3.24, -3.44, -3.56, -3.6, -3.6, -3.57, -2.44, -2.42, -2.4, -2.37, -2.34, -2.3, -2.24, -2.16, -2.04, -1.96, -1.85, -1.85, -2.05, -2.24, -3.05, -3.26, -3.4, -3.46, -3.49, -3.49, -2.4, -2.38, -2.36, -2.32, -2.28, -2.22, -2.14, -2.02, -1.81, -1.54, -1.14, -1.59, -1.9, -2.13, -2.9, -3.11, -3.25, -3.34, -3.38, -3.4, -2.38, -2.35, -2.32, -2.28, -2.23, -2.17, -2.08, -1.94, -1.72, -1.45, -1.28, -1.57, -1.85, -2.07, -2.78, -2.99, -3.13, -3.23, -3.29, -3.32, -2.35, -2.33, -2.29, -2.25, -2.2, -2.14, -2.05, -1.93, -1.77, -1.64, -1.59, -1.71, -1.88, -2.05, -2.72, -2.9, -3.04, -3.14, -3.2, -3.25, -2.33, -2.31, -2.27, -2.23, -2.18, -2.12, -2.05, -1.93, -1.85, -1.79, -1.77, -1.84, -1.95, -2.06, -2.69, -2.85, -2.97, -3.07, -3.13, -3.18]}, {"header": {"refTime": "2023-09-05T13:00:00.000Z", "nx": 21, "ny": 33, "lo1": 113.509, "la1": 22.2235, "lo2": 113.5947, "la2": 22.1034, "dx": 0.0042850000000001385, "dy": 0.003753125000000024, "parameterCategory": 0, "parameterCategoryName": "Temperature", "parameterNumber": 0}, "data": [[32.89, 32.89, 32.89, 32.86, 32.86, 33.07, 33.07, 33.07, 33.09, 33.26, 33.33, 33.4, 33.38, 33.4, 33.65, 33.67, 33.67, 33.67, 33.66, 33.66], [32.9, 32.89, 32.89, 32.88, 32.86, 32.86, 33.05, 33.04, 33.03, 33.21, 33.33, 33.43, 33.42, 33.44, 33.69, 33.68, 33.68, 33.67, 33.67, 33.66], [32.9, 32.89, 32.89, 32.88, 32.85, 32.86, 32.87, 33.0, 32.93, 33.16, 33.35, 33.49, 33.5, 33.51, 33.71, 33.69, 33.68, 33.68, 33.67, 33.67], [32.9, 32.9, 32.89, 32.88, 32.87, 32.85, 32.86, 32.87, 32.88, 33.23, 33.41, 33.59, 33.63, 33.65, 33.72, 33.69, 33.68, 33.68, 33.68, 33.67], [32.91, 32.91, 32.9, 32.89, 32.87, 32.84, 32.84, 32.85, 32.86, 33.33, 33.48, 33.69, 33.92, 33.69, 33.71, 33.69, 33.69, 33.69, 33.69, 33.68], [32.92, 32.92, 32.91, 32.9, 32.88, 32.85, 32.81, 32.81, 32.83, 32.88, 33.43, 33.57, 33.73, 33.7, 33.67, 33.68, 33.7, 33.71, 33.7, 33.68], [32.94, 32.93, 32.93, 32.92, 32.9, 32.86, 32.88, 32.74, 32.76, 32.9, 32.99, 33.32, 33.42, 33.49, 33.61, 33.66, 33.73, 33.75, 33.86, 33.87], [32.96, 32.96, 32.96, 32.96, 32.94, 32.96, 32.89, 32.74, 32.6, 32.92, 33.11, 32.99, 32.99, 33.5, 33.46, 33.37, 33.56, 33.64, 33.52, 33.45], [32.84, 32.85, 33.0, 33.01, 33.01, 32.98, 32.88, 32.84, 32.72, 32.88, 33.08, 33.04, 33.02, 33.05, 33.44, 33.33, 33.45, 33.49, 33.47, 33.42], [33.3, 33.3, 33.3, 32.93, 32.98, 33.12, 33.02, 32.88, 32.9, 32.86, 33.02, 33.07, 33.05, 33.06, 33.44, 33.29, 33.37, 33.4, 33.41, 33.39], [33.3, 33.3, 33.3, 33.3, 33.3, 33.3, 33.3, 33.3, 33.02, 32.74, 33.2, 33.09, 33.07, 33.07, 33.45, 33.26, 33.32, 33.35, 33.36, 33.35], [33.3, 33.3, 33.3, 33.3, 33.3, 33.3, 33.3, 33.3, 33.3, -999.0, 33.2, 32.9, 32.9, 33.08, 33.46, 33.23, 33.27, 33.74, 33.74, 33.74], [33.3, 33.3, 33.3, 33.3, 33.3, 33.3, 33.3, 33.3, 33.3, 33.3, -999.0, 32.9, 32.9, 33.42, 33.19, 33.76, 33.76, 33.75, 33.75, 33.75], [33.3, 33.3, 33.3, 33.3, 33.3, 33.3, 33.3, 33.3, 33.3, 33.3, -999.0, 33.7, 33.7, 33.7, 33.26, 33.76, 33.76, 33.74, 33.75, 33.75], [33.3, 33.3, 33.3, 33.3, 33.3, 33.3, 33.3, 33.5, 33.5, 33.5, 33.5, 33.58, 33.7, 33.7, 33.7, 33.75, 33.75, 33.74, 33.74, 33.74], [33.3, 33.3, 33.43, 33.43, 33.43, 33.5, 33.5, 33.5, 33.5, 33.5, 33.63, 33.61, 33.63, 33.65, 33.63, 32.89, 32.77, 32.99, 33.12, 33.09], [33.43, 33.43, 33.37, 33.37, 33.5, 33.5, 33.5, 33.5, 33.5, 33.5, 33.59, 33.61, 33.64, 33.66, 33.43, 33.37, 33.26, 33.17, 33.11, 33.07], [33.37, 33.37, 33.38, 33.38, 33.5, 33.5, 33.5, 33.5, 33.5, 33.55, 33.58, 33.61, 33.64, 33.44, 33.66, 33.41, 33.24, 33.14, 33.07, 33.04], [33.38, 33.38, 33.38, 33.5, 33.5, 33.5, 33.5, 33.5, 33.52, 33.54, 33.5, 33.52, 33.25, 33.33, 33.43, 33.31, 33.17, 33.08, 33.02, 33.0], [33.38, 33.38, 33.33, 33.34, 33.35, 33.36, 33.39, 33.45, 33.49, 33.48, 33.49, 33.51, 33.15, 33.16, 33.2, 33.13, 33.04, 32.98, 32.95, 32.95], [33.32, 33.32, 33.33, 33.38, 33.38, 33.39, 33.4, 33.41, 33.46, 33.46, 33.47, 33.48, 33.03, 33.07, 33.02, 32.95, 32.89, 32.87, 32.88, 32.9], [33.36, 33.36, 33.36, 33.37, 33.37, 33.37, 33.37, 33.4, 33.43, 33.43, 33.44, 33.45, 32.83, 32.95, 32.88, 32.79, 32.72, 32.74, 32.81, 32.86], [33.35, 33.35, 33.35, 33.39, 33.39, 33.38, 33.38, 33.37, 33.36, 33.35, 33.35, 32.84, 32.81, 32.88, 32.78, 32.64, 32.48, 32.62, 32.78, 32.84], [33.39, 33.39, 33.39, 33.39, 33.38, 33.37, 33.36, 33.34, 33.32, 33.31, 33.33, 32.86, 32.83, 32.75, 32.67, 32.6, 32.05, 32.73, 32.84, 32.86], [33.39, 33.39, 33.39, 33.38, 33.38, 33.37, 33.35, 33.33, 33.28, 33.25, 33.3, 32.92, 32.77, 32.78, 32.72, 32.68, 32.88, 33.17, 32.93, 32.89], [33.39, 33.39, 33.39, 33.38, 33.37, 33.37, 33.35, 33.33, 33.29, 33.26, 33.07, 32.97, 32.84, 32.81, 32.77, 32.82, 32.89, 32.95, 32.93, 32.91], [33.39, 33.39, 33.39, 33.38, 33.38, 33.37, 33.36, 33.35, 33.34, 33.33, 33.1, 33.03, 32.91, 32.96, 32.9, 32.88, 32.89, 32.91, 32.9, 32.88], [33.39, 33.39, 33.39, 33.38, 33.38, 33.38, 33.37, 33.37, 33.38, 33.19, 33.2, 33.46, 33.47, 33.5, 32.96, 32.92, 32.91, 32.9, 32.9, 32.89], [33.39, 33.39, 33.39, 33.39, 33.38, 33.38, 33.39, 33.39, 33.41, 33.29, 33.49, 33.47, 33.48, 33.5, 33.0, 32.95, 32.93, 32.92, 32.91, 32.9], [33.39, 33.39, 33.39, 33.39, 33.39, 33.39, 33.39, 33.4, 33.45, 33.47, 33.48, 33.48, 33.48, 33.5, 33.02, 32.98, 32.95, 32.93, 32.92, 32.91], [33.39, 33.39, 33.39, 33.39, 33.39, 33.39, 33.4, 33.41, 33.46, 33.47, 33.48, 33.48, 33.49, 33.5, 33.04, 33.0, 32.97, 32.95, 32.93, 32.92], [33.39, 33.39, 33.39, 33.39, 33.4, 33.4, 33.4, 33.46, 33.46, 33.47, 33.47, 33.48, 33.49, 33.5, 33.04, 33.01, 32.98, 32.96, 32.94, 32.93]]}]