gis_exercise/awsData/contour/wdir_2023090913.json
[{"header": {"refTime": "2023-09-09T13:00:00.000Z", "nx": 21, "ny": 33, "lo1": 113.509, "la1": 22.2235, "lo2": 113.5947, "la2": 22.1034, "dx": 0.0042850000000001385, "dy": 0.003753125000000024, "parameterCategory": 2, "parameterCategoryName": "Temperature", "parameterNumber": 2}, "data": [-2.74, -2.73, -2.72, -2.78, -2.75, -2.91, -2.85, -2.8, -2.78, -2.63, -2.72, -2.8, -3.29, -3.35, -4.67, -4.89, -5.69, -5.81, -5.91, -5.97, -2.75, -2.74, -2.73, -2.72, -2.76, -2.71, -2.81, -2.69, -2.62, -2.56, -2.71, -2.83, -3.33, -3.39, -4.71, -5.56, -5.75, -5.91, -6.01, -6.07, -2.75, -2.75, -2.74, -2.73, -2.78, -2.73, -2.64, -2.61, -2.28, -2.51, -2.74, -2.9, -3.39, -3.45, -5.3, -5.6, -5.86, -6.05, -6.16, -6.2, -2.76, -2.76, -2.76, -2.76, -2.75, -2.78, -2.71, -2.59, -2.47, -2.6, -2.82, -3.03, -3.49, -3.61, -5.26, -5.69, -6.05, -6.28, -6.37, -6.38, -2.77, -2.77, -2.78, -2.78, -2.79, -2.86, -2.83, -2.79, -2.75, -2.73, -2.9, -3.58, -3.6, -3.62, -5.29, -5.88, -6.37, -6.63, -6.66, -6.58, -2.77, -2.78, -2.79, -2.8, -2.83, -2.86, -2.97, -2.99, -2.97, -2.91, -3.48, -3.59, -3.63, -4.7, -5.43, -6.18, -6.89, -7.19, -7.03, -6.8, -3.61, -2.78, -2.79, -2.81, -2.85, -2.91, -3.15, -3.21, -3.22, -3.4, -3.35, -3.64, -4.98, -5.11, -5.62, -6.49, -7.61, -8.02, -7.91, -7.65, -3.6, -3.57, -3.54, -3.98, -3.96, -3.0, -3.13, -3.37, -3.68, -3.33, -2.98, -4.67, -5.02, -5.54, -7.08, -7.57, -8.15, -8.36, -8.05, -7.84, -3.6, -3.56, -3.51, -3.45, -3.82, -3.84, -3.99, -3.2, -4.04, -3.45, -4.55, -5.38, -6.4, -5.91, -7.12, -7.45, -7.79, -7.94, -7.87, -7.76, -4.49, -4.42, -4.31, -3.39, -3.23, -3.49, -3.9, -4.34, -4.54, -4.34, -5.13, -5.88, -6.76, -6.12, -7.17, -7.35, -7.56, -7.68, -7.69, -7.65, -4.51, -4.44, -4.32, -4.13, -3.72, -2.52, -4.13, -5.09, -5.14, -4.93, -6.12, -5.7, -5.99, -5.9, -7.18, -7.3, -7.42, -7.52, -7.55, -7.55, -4.54, -4.48, -4.4, -4.27, -4.07, -3.98, -4.66, -5.72, -6.19, -6.81, -6.26, -6.73, -6.75, -5.69, -7.17, -7.26, -7.35, -7.19, -7.2, -7.19, -4.59, -4.55, -4.51, -4.48, -4.49, -4.68, -5.04, -5.64, -6.01, -5.66, -6.82, -6.71, -6.71, -5.71, -5.61, -6.83, -6.86, -6.9, -6.93, -6.96, -4.63, -4.62, -4.62, -4.64, -4.72, -4.91, -5.1, -5.31, -5.51, -5.48, -6.72, -6.39, -6.25, -6.1, -5.33, -6.43, -6.5, -6.58, -6.67, -6.74, -4.68, -4.69, -4.7, -4.74, -4.83, -4.95, -5.07, -4.96, -4.92, -4.83, -4.72, -4.15, -5.9, -5.71, -5.58, -5.97, -6.1, -6.26, -6.4, -6.52, -4.72, -4.74, -3.16, -3.23, -3.32, -4.57, -4.54, -4.46, -4.37, -4.33, -3.88, -3.87, -3.85, -4.05, -4.07, -4.7, -4.81, -4.91, -5.22, -5.34, -3.04, -3.05, -3.07, -3.09, -4.3, -4.19, -4.02, -3.81, -3.68, -3.74, -3.51, -3.63, -3.7, -3.72, -3.47, -3.54, -3.49, -3.45, -3.41, -3.39, -2.99, -2.99, -2.98, -2.96, -4.04, -3.83, -3.48, -3.02, -2.79, -2.5, -2.79, -3.43, -3.59, -3.43, -3.64, -3.55, -3.49, -3.44, -3.4, -3.38, -2.94, -2.92, -2.9, -4.01, -3.83, -3.55, -3.09, -2.33, -1.53, -2.19, -2.42, -2.74, -3.14, -3.38, -3.57, -3.52, -3.46, -3.42, -3.39, -3.36, -2.9, -2.87, -3.22, -3.13, -3.0, -2.81, -2.52, -2.11, -1.74, -2.1, -2.47, -2.75, -3.11, -3.32, -3.49, -3.47, -3.43, -3.4, -3.37, -3.34, -3.29, -3.25, -3.19, -3.11, -3.01, -2.86, -2.67, -2.48, -2.22, -2.39, -2.61, -2.8, -3.12, -3.44, -3.44, -3.43, -3.41, -3.37, -3.34, -3.31, -3.27, -3.24, -3.19, -3.13, -3.05, -2.96, -2.86, -2.32, -2.6, -2.69, -2.8, -2.9, -3.98, -3.4, -3.41, -3.42, -3.42, -3.37, -3.31, -3.28, -3.27, -3.24, -3.2, -2.45, -2.46, -2.48, -2.52, -2.59, -2.68, -2.73, -2.72, -3.24, -3.46, -3.37, -3.38, -3.44, -3.52, -3.37, -3.25, -3.22, -2.46, -2.47, -2.49, -2.51, -2.55, -2.6, -2.69, -2.82, -3.0, -3.08, -2.98, -3.61, -3.47, -3.41, -3.38, -3.4, -3.88, -3.15, -3.11, -3.16, -2.49, -2.51, -2.53, -2.56, -2.61, -2.68, -2.8, -2.98, -3.28, -3.53, -3.18, -3.56, -3.59, -3.39, -3.33, -3.27, -2.98, -2.64, -2.99, -3.11, -2.51, -2.53, -2.56, -2.6, -2.65, -2.72, -2.83, -3.0, -3.27, -3.48, -3.53, -3.47, -3.49, -3.38, -3.3, -2.96, -2.88, -2.81, -3.02, -3.1, -2.53, -2.55, -2.58, -2.61, -2.66, -2.72, -2.8, -2.91, -3.01, -3.03, -3.3, -3.29, -3.37, -2.83, -2.88, -2.9, -2.89, -2.87, -2.88, -2.9, -2.54, -2.56, -2.59, -2.62, -2.66, -2.7, -2.75, -2.78, -2.79, -3.04, -2.95, -2.68, -2.66, -2.61, -2.83, -2.86, -2.87, -2.88, -2.88, -2.89, -2.55, -2.57, -2.59, -2.62, -2.64, -2.67, -2.69, -2.69, -2.64, -2.74, -2.39, -2.55, -2.6, -2.59, -2.79, -2.83, -2.85, -2.86, -2.87, -2.88, -2.55, -2.57, -2.59, -2.61, -2.63, -2.64, -2.65, -2.63, -2.65, -2.52, -2.43, -2.52, -2.57, -2.58, -2.76, -2.8, -2.83, -2.85, -2.86, -2.87, -2.55, -2.57, -2.58, -2.6, -2.61, -2.62, -2.62, -2.6, -2.64, -2.57, -2.54, -2.55, -2.57, -2.58, -2.74, -2.78, -2.81, -2.83, -2.85, -2.86, -2.55, -2.57, -2.58, -2.59, -2.6, -2.6, -2.6, -2.69, -2.65, -2.61, -2.59, -2.58, -2.58, -2.58, -2.74, -2.77, -2.8, -2.82, -2.84, -2.85]}, {"header": {"refTime": "2023-09-09T13:00:00.000Z", "nx": 21, "ny": 33, "lo1": 113.509, "la1": 22.2235, "lo2": 113.5947, "la2": 22.1034, "dx": 0.0042850000000001385, "dy": 0.003753125000000024, "parameterCategory": 2, "parameterCategoryName": "Temperature", "parameterNumber": 3}, "data": [-0.17, -0.17, -0.17, 0.28, 0.25, 0.25, 0.21, 0.17, 0.16, 0.33, 0.44, 0.55, 0.91, 0.98, 1.23, 1.32, 2.1, 2.13, 2.16, 2.18, -0.17, -0.17, -0.17, -0.17, 0.25, 0.21, 0.17, 0.08, 0.03, 0.23, 0.43, 0.58, 0.96, 1.03, 1.27, 2.05, 2.11, 2.16, 2.19, 2.21, -0.18, -0.17, -0.17, -0.16, 0.27, 0.22, 0.13, 0.0, -0.25, 0.15, 0.46, 0.66, 1.03, 1.09, 1.96, 2.06, 2.14, 2.19, 2.22, 2.24, -0.18, -0.17, -0.17, -0.16, -0.15, 0.26, 0.19, 0.08, -0.02, 0.29, 0.57, 0.79, 1.14, 1.44, 1.95, 2.08, 2.19, 2.25, 2.28, 2.28, -0.18, -0.18, -0.17, -0.16, -0.14, 0.32, 0.29, 0.26, 0.25, 0.53, 0.72, 1.41, 1.32, 1.43, 1.96, 2.14, 2.27, 2.34, 2.35, 2.34, -0.19, -0.19, -0.18, -0.16, -0.13, -0.1, 0.39, 0.41, 0.44, 0.51, 1.46, 1.47, 1.42, 1.85, 2.03, 2.23, 2.4, 2.48, 2.44, 2.39, 0.74, -0.2, -0.19, -0.18, -0.15, -0.09, 0.36, 0.5, 0.55, 1.13, 1.28, 1.6, 2.08, 2.08, 2.12, 2.32, 2.58, 2.68, 2.63, 2.56, 0.74, 0.7, 0.65, 0.64, 0.62, 0.19, 0.31, 0.45, 0.69, 1.1, 1.18, 2.09, 2.25, 2.27, 2.69, 2.74, 2.8, 2.82, 2.79, 2.77, 0.74, 0.7, 0.63, 0.54, 0.51, 0.53, 0.66, 0.36, 1.12, 1.14, 1.89, 2.24, 2.53, 2.39, 2.7, 2.73, 2.77, 2.78, 2.77, 2.76, 1.47, 1.39, 1.28, 0.5, 0.31, 0.23, 0.57, 0.94, 1.54, 1.5, 2.1, 2.34, 2.6, 2.43, 2.72, 2.73, 2.75, 2.76, 2.76, 2.75, 1.49, 1.42, 1.31, 1.11, 0.68, -0.57, 1.02, 1.85, 1.59, 1.85, 2.45, 2.29, 2.38, 2.36, 2.72, 2.72, 2.73, 2.74, 2.74, 2.74, 1.54, 1.48, 1.41, 1.28, 1.08, 0.98, 1.6, 2.35, 2.64, 3.05, 2.54, 2.81, 2.79, 2.29, 2.72, 2.72, 2.73, 2.23, 2.23, 2.22, 1.59, 1.57, 1.54, 1.53, 1.58, 1.85, 2.28, 2.46, 2.59, 2.37, 3.03, 2.83, 2.8, 2.01, 1.95, 2.08, 2.08, 2.09, 2.1, 2.11, 1.65, 1.65, 1.67, 1.72, 1.87, 2.2, 2.74, 2.44, 2.38, 2.3, 3.03, 2.28, 2.15, 2.04, 1.75, 1.88, 1.9, 1.94, 1.98, 2.01, 1.7, 1.72, 1.76, 1.84, 1.97, 2.18, 2.35, 2.97, 2.97, 2.97, 2.96, 2.06, 1.94, 1.79, 1.7, 1.64, 1.7, 1.78, 1.85, 1.9, 1.75, 1.78, 1.71, 1.79, 1.89, 2.94, 2.94, 2.94, 2.93, 2.93, 2.15, 1.95, 1.7, 1.44, 1.33, 1.67, 1.85, 2.03, 2.17, 2.29, 1.69, 1.73, 1.78, 1.85, 2.93, 2.92, 2.91, 2.9, 2.89, 2.9, 2.11, 1.86, 1.55, 1.2, 1.17, 1.29, 1.58, 1.81, 1.98, 2.09, 1.74, 1.78, 1.84, 1.91, 2.91, 2.9, 2.88, 2.85, 2.84, 2.32, 2.08, 1.83, 1.47, 1.18, 0.56, 1.19, 1.62, 1.88, 2.05, 2.16, 1.78, 1.82, 1.88, 2.91, 2.9, 2.88, 2.85, 2.81, 2.65, 2.39, 1.76, 1.47, 1.8, 1.44, 1.14, 1.45, 1.8, 2.04, 2.18, 2.26, 1.81, 1.85, 2.34, 2.36, 2.37, 2.4, 2.44, 2.52, 2.34, 2.05, 1.75, 1.49, 2.03, 1.86, 1.7, 1.88, 2.1, 2.26, 2.35, 2.39, 2.29, 2.29, 2.29, 2.3, 2.3, 2.31, 2.34, 2.37, 1.98, 1.85, 1.66, 1.48, 2.26, 2.04, 2.13, 2.29, 2.45, 2.53, 2.54, 2.52, 2.26, 2.25, 2.24, 2.23, 2.22, 2.21, 2.2, 1.86, 1.73, 1.65, 1.55, 1.45, 1.92, 2.32, 2.47, 2.66, 2.8, 2.8, 2.72, 2.65, 2.22, 2.21, 2.19, 1.69, 1.7, 1.7, 1.69, 1.66, 1.61, 1.57, 1.56, 2.44, 2.45, 2.52, 2.7, 2.96, 3.22, 3.07, 2.85, 2.73, 1.65, 1.64, 1.64, 1.64, 1.62, 1.6, 1.56, 1.49, 1.41, 1.36, 1.4, 1.88, 2.39, 2.65, 2.9, 3.09, 3.81, 3.04, 2.84, 2.75, 1.62, 1.61, 1.6, 1.58, 1.56, 1.52, 1.47, 1.38, 1.26, 1.16, 1.28, 1.77, 2.07, 2.6, 2.83, 2.99, 2.87, 2.58, 2.75, 2.73, 1.59, 1.58, 1.56, 1.54, 1.51, 1.47, 1.41, 1.33, 1.22, 1.15, 1.45, 1.7, 1.97, 2.54, 2.73, 2.84, 2.82, 2.77, 2.73, 2.71, 1.57, 1.55, 1.53, 1.51, 1.47, 1.43, 1.38, 1.32, 1.26, 1.23, 1.48, 1.64, 1.87, 2.44, 2.6, 2.71, 2.75, 2.76, 2.76, 2.77, 1.55, 1.53, 1.51, 1.48, 1.45, 1.41, 1.36, 1.31, 1.26, 1.39, 1.41, 1.19, 1.25, 1.32, 2.48, 2.6, 2.67, 2.7, 2.72, 2.72, 1.53, 1.51, 1.49, 1.46, 1.43, 1.39, 1.35, 1.3, 1.24, 1.31, 1.09, 1.16, 1.23, 1.3, 2.37, 2.5, 2.58, 2.63, 2.66, 2.68, 1.52, 1.5, 1.48, 1.45, 1.42, 1.39, 1.35, 1.3, 1.16, 1.13, 1.11, 1.16, 1.22, 1.28, 2.3, 2.43, 2.51, 2.57, 2.61, 2.63, 1.51, 1.49, 1.47, 1.44, 1.42, 1.38, 1.35, 1.31, 1.18, 1.16, 1.16, 1.19, 1.23, 1.28, 2.26, 2.38, 2.46, 2.52, 2.56, 2.59, 1.5, 1.48, 1.46, 1.44, 1.42, 1.39, 1.36, 1.2, 1.2, 1.19, 1.2, 1.22, 1.25, 1.28, 2.24, 2.34, 2.42, 2.48, 2.52, 2.55]}, {"header": {"refTime": "2023-09-09T13:00:00.000Z", "nx": 21, "ny": 33, "lo1": 113.509, "la1": 22.2235, "lo2": 113.5947, "la2": 22.1034, "dx": 0.0042850000000001385, "dy": 0.003753125000000024, "parameterCategory": 0, "parameterCategoryName": "Temperature", "parameterNumber": 0}, "data": [[25.64, 25.64, 25.64, 25.51, 25.52, 25.72, 25.72, 25.72, 25.73, 25.68, 25.69, 25.69, 25.89, 25.9, 25.88, 25.88, 25.96, 25.96, 25.96, 25.96], [25.64, 25.64, 25.64, 25.64, 25.52, 25.54, 25.71, 25.72, 25.72, 25.68, 25.69, 25.7, 25.9, 25.91, 25.89, 25.97, 25.96, 25.96, 25.96, 25.96], [25.64, 25.64, 25.64, 25.64, 25.52, 25.53, 25.56, 25.71, 25.7, 25.68, 25.7, 25.72, 25.92, 25.93, 25.97, 25.97, 25.96, 25.96, 25.96, 25.95], [25.64, 25.64, 25.64, 25.63, 25.64, 25.52, 25.54, 25.57, 25.6, 25.67, 25.7, 25.75, 25.94, 25.84, 25.97, 25.96, 25.96, 25.95, 25.95, 25.95], [25.64, 25.63, 25.63, 25.63, 25.63, 25.5, 25.51, 25.52, 25.52, 25.64, 25.68, 25.84, 25.94, 25.87, 25.97, 25.96, 25.95, 25.95, 25.94, 25.95], [25.64, 25.63, 25.63, 25.63, 25.63, 25.62, 25.49, 25.48, 25.47, 25.44, 25.69, 25.8, 25.88, 26.0, 25.97, 25.95, 25.94, 25.93, 25.94, 25.94], [25.61, 25.64, 25.63, 25.63, 25.63, 25.62, 25.47, 25.47, 25.45, 25.46, 25.46, 25.74, 26.0, 26.0, 25.97, 25.95, 25.93, 25.92, 25.92, 25.92], [25.61, 25.62, 25.62, 25.61, 25.61, 25.51, 25.49, 25.47, 25.5, 25.43, 25.32, 25.75, 25.76, 26.0, 25.94, 25.95, 25.93, 25.92, 25.93, 25.94], [25.59, 25.59, 25.62, 25.63, 25.63, 25.62, 25.6, 25.48, 25.4, 25.48, 25.51, 25.63, 25.68, 25.61, 25.94, 25.95, 25.94, 25.93, 25.94, 25.94], [25.7, 25.7, 25.7, 25.61, 25.62, 25.65, 25.63, 25.6, 25.33, 25.35, 25.69, 25.55, 25.6, 25.57, 25.94, 25.96, 25.95, 25.94, 25.94, 25.95], [25.7, 25.7, 25.7, 25.7, 25.7, 25.7, 25.7, 25.7, 25.63, 25.4, 25.2, 25.5, 25.54, 25.54, 25.94, 25.96, 25.95, 25.95, 25.95, 25.95], [25.7, 25.7, 25.7, 25.7, 25.7, 25.7, 25.7, 25.7, 25.7, -999.0, 25.2, 26.0, 26.0, 25.52, 25.94, 25.96, 25.96, 25.45, 25.46, 25.46], [25.7, 25.7, 25.7, 25.7, 25.7, 25.7, 25.7, 25.7, 25.7, 25.7, -999.0, 26.0, 26.0, 25.41, 25.67, 25.61, 25.61, 25.52, 25.53, 25.54], [25.7, 25.7, 25.7, 25.7, 25.7, 25.7, 25.7, 25.7, 25.7, 25.7, -999.0, 25.1, 25.1, 25.1, 25.59, 25.54, 25.55, 25.45, 25.48, 25.49], [25.7, 25.7, 25.7, 25.7, 25.7, 25.7, 25.7, 26.2, 26.2, 26.2, 26.2, 25.78, 25.1, 25.1, 25.1, 25.47, 25.49, 25.4, 25.43, 25.45], [25.7, 25.7, 26.01, 26.02, 26.03, 26.2, 26.2, 26.2, 26.2, 26.2, 25.51, 25.59, 25.48, 25.39, 25.49, 25.28, 25.31, 25.26, 25.44, 25.47], [26.02, 26.02, 25.88, 25.88, 26.2, 26.2, 26.2, 26.2, 26.2, 26.2, 25.73, 25.59, 25.45, 25.31, 25.29, 25.25, 25.3, 25.34, 25.37, 25.39], [25.88, 25.88, 25.89, 25.91, 26.2, 26.2, 26.2, 26.2, 26.2, 25.92, 25.77, 25.61, 25.44, 25.3, 25.13, 25.23, 25.31, 25.35, 25.38, 25.41], [25.89, 25.9, 25.91, 26.2, 26.2, 26.2, 26.2, 26.2, 26.1, 25.99, 25.83, 25.69, 25.49, 25.36, 25.22, 25.27, 25.34, 25.38, 25.41, 25.42], [25.9, 25.9, 26.03, 26.04, 26.05, 26.06, 26.09, 26.15, 26.06, 25.96, 25.84, 25.72, 25.54, 25.45, 25.32, 25.35, 25.39, 25.42, 25.44, 25.45], [26.02, 26.02, 26.03, 26.08, 26.08, 26.09, 26.1, 26.11, 25.96, 25.91, 25.83, 25.74, 25.58, 25.38, 25.39, 25.42, 25.44, 25.46, 25.47, 25.47], [26.06, 26.06, 26.06, 26.07, 26.07, 26.07, 26.07, 26.11, 25.9, 25.87, 25.82, 25.76, 25.52, 25.43, 25.45, 25.48, 25.5, 25.51, 25.5, 25.49], [26.05, 26.05, 26.05, 26.12, 26.11, 26.11, 26.1, 26.09, 26.08, 26.07, 26.08, 25.91, 25.71, 25.46, 25.49, 25.52, 25.55, 25.55, 25.53, 25.51], [26.12, 26.12, 26.12, 26.11, 26.11, 26.1, 26.08, 26.06, 26.04, 26.03, 26.05, 25.93, 25.72, 25.68, 25.66, 25.54, 25.58, 25.57, 25.55, 25.53], [26.12, 26.12, 26.12, 26.11, 26.1, 26.09, 26.08, 26.05, 26.0, 25.96, 26.02, 25.94, 25.92, 25.69, 25.66, 25.63, 25.57, 25.58, 25.55, 25.53], [26.12, 26.12, 26.12, 26.11, 26.11, 26.1, 26.08, 26.05, 26.01, 25.97, 25.96, 25.97, 25.95, 25.69, 25.67, 25.71, 25.67, 25.67, 25.54, 25.53], [26.12, 26.12, 26.12, 26.11, 26.11, 26.1, 26.09, 26.08, 26.07, 26.07, 26.02, 26.02, 25.99, 25.85, 25.79, 25.74, 25.71, 25.7, 25.7, 25.71], [26.12, 26.12, 26.12, 26.12, 26.12, 26.11, 26.11, 26.11, 26.12, 26.09, 26.11, 26.08, 26.03, 25.98, 25.83, 25.78, 25.75, 25.74, 25.73, 25.73], [26.13, 26.12, 26.12, 26.12, 26.12, 26.12, 26.13, 26.14, 26.16, 26.17, 26.24, 26.14, 26.06, 26.0, 25.86, 25.82, 25.78, 25.77, 25.76, 25.75], [26.13, 26.13, 26.13, 26.13, 26.13, 26.13, 26.14, 26.15, 26.11, 26.17, 26.21, 26.14, 26.07, 26.02, 25.89, 25.84, 25.81, 25.79, 25.78, 25.77], [26.13, 26.13, 26.13, 26.13, 26.13, 26.14, 26.15, 26.16, 26.1, 26.13, 26.13, 26.11, 26.06, 26.02, 25.9, 25.86, 25.83, 25.81, 25.8, 25.79], [26.13, 26.13, 26.13, 26.14, 26.14, 26.14, 26.15, 26.06, 26.08, 26.09, 26.09, 26.08, 26.05, 26.02, 25.91, 25.87, 25.85, 25.83, 25.81, 25.8]]}]