gis_exercise/awsData/contour/wdir_2023091216.json
[{"header": {"refTime": "2023-09-12T16:00:00.000Z", "nx": 21, "ny": 33, "lo1": 113.509, "la1": 22.2235, "lo2": 113.5947, "la2": 22.1034, "dx": 0.0042850000000001385, "dy": 0.003753125000000024, "parameterCategory": 2, "parameterCategoryName": "Temperature", "parameterNumber": 2}, "data": [-2.73, -2.71, -2.68, -1.99, -1.99, -2.48, -2.45, -2.43, -2.43, -2.14, -2.17, -2.21, -2.73, -2.77, -3.23, -3.3, -3.63, -3.66, -3.69, -3.71, -2.74, -2.72, -2.69, -2.66, -2.0, -2.0, -2.43, -2.37, -2.34, -2.13, -2.18, -2.24, -2.76, -2.8, -3.26, -3.59, -3.65, -3.69, -3.72, -3.74, -2.76, -2.74, -2.72, -2.68, -2.0, -2.01, -2.02, -2.32, -2.16, -2.12, -2.2, -2.3, -2.82, -2.85, -3.52, -3.6, -3.68, -3.74, -3.77, -3.78, -2.78, -2.77, -2.74, -2.71, -2.67, -2.02, -2.02, -2.03, -2.03, -2.12, -2.22, -2.39, -2.91, -2.68, -3.51, -3.63, -3.74, -3.8, -3.83, -3.83, -2.81, -2.8, -2.78, -2.76, -2.72, -2.03, -2.03, -2.02, -1.99, -2.06, -2.19, -2.69, -2.93, -2.74, -3.52, -3.69, -3.83, -3.91, -3.92, -3.89, -2.84, -2.84, -2.83, -2.81, -2.78, -2.74, -2.06, -2.06, -2.0, -1.86, -2.29, -2.57, -2.79, -3.4, -3.55, -3.77, -3.99, -4.08, -4.03, -3.96, -3.76, -2.88, -2.88, -2.88, -2.86, -2.82, -2.48, -2.17, -2.12, -1.98, -1.86, -2.4, -3.44, -3.51, -3.59, -3.86, -4.21, -4.34, -4.37, -4.31, -3.79, -3.77, -3.74, -3.78, -3.74, -2.65, -2.56, -2.51, -2.52, -1.89, -1.37, -2.84, -3.14, -3.65, -4.1, -4.24, -4.4, -4.46, -4.38, -4.32, -3.81, -3.8, -3.77, -3.74, -3.78, -3.74, -3.67, -2.53, -2.73, -2.05, -2.52, -3.18, -3.79, -3.5, -4.13, -4.22, -4.31, -4.35, -4.33, -4.3, -4.63, -4.59, -4.53, -3.79, -3.74, -3.78, -3.84, -3.88, -3.16, -2.93, -2.92, -3.42, -3.94, -3.58, -4.16, -4.2, -4.25, -4.28, -4.28, -4.27, -4.64, -4.6, -4.55, -4.45, -4.25, -3.65, -4.42, -4.84, -4.39, -3.51, -3.86, -3.3, -3.48, -3.44, -4.17, -4.19, -4.21, -4.24, -4.24, -4.24, -4.66, -4.63, -4.59, -4.53, -4.43, -4.38, -4.7, -5.1, -5.27, -5.29, -4.1, -4.49, -4.42, -3.31, -4.16, -4.18, -4.19, -4.11, -4.1, -4.09, -4.68, -4.67, -4.65, -4.64, -4.66, -4.78, -4.98, -5.13, -5.23, -5.1, -5.21, -4.57, -4.48, -3.62, -3.58, -3.99, -3.99, -3.99, -4.0, -4.01, -4.71, -4.71, -4.71, -4.73, -4.79, -4.93, -5.14, -5.07, -5.08, -5.05, -5.22, -4.44, -4.28, -4.16, -3.45, -3.83, -3.85, -3.87, -3.9, -3.93, -4.73, -4.74, -4.75, -4.79, -4.84, -4.93, -5.01, -4.53, -4.39, -4.25, -4.14, -3.24, -4.1, -3.95, -3.85, -3.64, -3.69, -3.75, -3.8, -3.84, -4.75, -4.76, -3.54, -3.59, -3.65, -4.2, -4.16, -4.04, -3.91, -3.84, -3.04, -3.01, -2.97, -2.76, -2.79, -3.34, -3.42, -3.49, -3.55, -3.61, -3.41, -3.42, -3.42, -3.42, -3.9, -3.81, -3.65, -3.43, -3.29, -3.32, -2.75, -2.82, -2.84, -2.82, -2.66, -2.75, -2.77, -2.78, -2.78, -2.79, -3.34, -3.33, -3.3, -3.25, -3.65, -3.45, -3.13, -2.7, -2.48, -2.23, -2.44, -2.67, -2.75, -2.63, -2.7, -2.75, -2.77, -2.79, -2.79, -2.79, -3.28, -3.25, -3.19, -3.61, -3.45, -3.19, -2.76, -2.06, -1.35, -1.93, -2.04, -2.27, -2.49, -2.63, -2.75, -2.77, -2.79, -2.8, -2.8, -2.8, -3.22, -3.17, -3.17, -3.08, -2.94, -2.74, -2.43, -2.0, -1.52, -1.82, -2.11, -2.31, -2.51, -2.65, -2.79, -2.81, -2.82, -2.82, -2.81, -2.8, -3.24, -3.2, -3.14, -3.05, -2.94, -2.79, -2.59, -2.38, -1.96, -2.1, -2.27, -2.4, -2.55, -2.81, -2.83, -2.85, -2.86, -2.85, -2.83, -2.81, -3.22, -3.18, -3.13, -3.07, -2.98, -2.89, -2.79, -2.09, -2.33, -2.41, -2.48, -2.53, -3.48, -2.84, -2.87, -2.91, -2.93, -2.9, -2.84, -2.8, -3.22, -3.18, -3.14, -2.17, -2.19, -2.22, -2.27, -2.35, -2.45, -2.5, -2.48, -3.05, -3.22, -2.85, -2.89, -2.98, -3.09, -2.95, -2.81, -2.78, -2.16, -2.18, -2.2, -2.22, -2.27, -2.33, -2.43, -2.59, -2.78, -2.88, -2.75, -3.28, -3.23, -3.14, -3.08, -2.97, -3.46, -2.77, -2.71, -2.73, -2.18, -2.2, -2.23, -2.26, -2.32, -2.4, -2.53, -2.74, -3.09, -3.39, -2.96, -3.23, -3.21, -3.13, -3.04, -2.95, -2.62, -2.31, -2.61, -2.69, -2.2, -2.22, -2.25, -2.29, -2.34, -2.42, -2.54, -2.74, -3.06, -3.32, -3.25, -3.1, -3.1, -3.12, -3.02, -2.56, -2.51, -2.45, -2.62, -2.68, -2.21, -2.23, -2.26, -2.29, -2.34, -2.4, -2.48, -2.59, -2.71, -2.72, -2.91, -2.87, -2.93, -2.34, -2.43, -2.48, -2.49, -2.48, -2.49, -2.5, -2.21, -2.23, -2.25, -2.28, -2.32, -2.35, -2.39, -2.41, -2.38, -2.55, -2.43, -2.2, -2.22, -2.21, -2.35, -2.42, -2.45, -2.46, -2.47, -2.48, -2.21, -2.23, -2.25, -2.27, -2.29, -2.3, -2.3, -2.27, -2.16, -2.14, -1.71, -1.99, -2.12, -2.16, -2.29, -2.36, -2.4, -2.43, -2.45, -2.46, -2.21, -2.22, -2.24, -2.25, -2.26, -2.26, -2.24, -2.19, -2.14, -1.93, -1.8, -1.96, -2.08, -2.13, -2.25, -2.32, -2.37, -2.4, -2.42, -2.43, -2.21, -2.22, -2.22, -2.23, -2.23, -2.22, -2.2, -2.15, -2.14, -2.03, -1.98, -2.03, -2.09, -2.13, -2.22, -2.29, -2.34, -2.37, -2.4, -2.41, -2.2, -2.21, -2.21, -2.21, -2.21, -2.2, -2.18, -2.23, -2.17, -2.11, -2.08, -2.09, -2.11, -2.14, -2.22, -2.27, -2.32, -2.35, -2.37, -2.39]}, {"header": {"refTime": "2023-09-12T16:00:00.000Z", "nx": 21, "ny": 33, "lo1": 113.509, "la1": 22.2235, "lo2": 113.5947, "la2": 22.1034, "dx": 0.0042850000000001385, "dy": 0.003753125000000024, "parameterCategory": 2, "parameterCategoryName": "Temperature", "parameterNumber": 3}, "data": [0.98, 0.96, 0.93, 0.72, 0.69, 0.92, 0.86, 0.8, 0.79, 0.73, 0.85, 0.96, 1.79, 1.88, 2.18, 2.31, 3.45, 3.51, 3.55, 3.58, 1.0, 0.98, 0.95, 0.91, 0.7, 0.65, 0.81, 0.68, 0.61, 0.64, 0.84, 1.0, 1.84, 1.94, 2.24, 3.38, 3.47, 3.54, 3.59, 3.62, 1.02, 1.0, 0.98, 0.94, 0.72, 0.67, 0.58, 0.59, 0.23, 0.57, 0.87, 1.1, 1.92, 2.01, 3.24, 3.39, 3.51, 3.59, 3.64, 3.67, 1.04, 1.03, 1.01, 0.98, 0.94, 0.72, 0.65, 0.53, 0.42, 0.68, 0.98, 1.26, 2.03, 2.22, 3.21, 3.42, 3.58, 3.68, 3.73, 3.73, 1.07, 1.06, 1.05, 1.03, 1.01, 0.8, 0.77, 0.72, 0.7, 0.87, 1.1, 2.16, 2.1, 2.23, 3.23, 3.5, 3.71, 3.82, 3.83, 3.81, 1.1, 1.1, 1.1, 1.09, 1.08, 1.07, 0.9, 0.92, 0.91, 0.88, 2.09, 2.21, 2.22, 2.9, 3.34, 3.65, 3.91, 4.02, 3.97, 3.89, 1.82, 1.14, 1.14, 1.15, 1.16, 1.17, 1.36, 1.11, 1.13, 1.69, 1.77, 2.4, 3.29, 3.24, 3.5, 3.79, 4.18, 4.32, 4.09, 3.95, 1.83, 1.82, 1.8, 1.88, 1.87, 1.38, 1.38, 1.42, 1.61, 1.58, 1.26, 3.16, 3.49, 3.49, 4.14, 4.26, 4.41, 4.47, 4.39, 4.33, 1.83, 1.82, 1.81, 1.78, 1.85, 1.85, 1.86, 1.39, 1.6, 1.76, 2.5, 3.2, 3.58, 3.4, 4.12, 4.22, 4.31, 4.36, 4.34, 4.31, 2.23, 2.2, 2.17, 1.79, 1.74, 1.79, 1.88, 1.98, 1.82, 1.71, 2.86, 3.25, 3.56, 3.39, 4.1, 4.18, 4.24, 4.28, 4.29, 4.28, 2.23, 2.21, 2.17, 2.11, 1.97, 1.56, 2.09, 2.4, 2.27, 1.98, 2.68, 3.16, 3.3, 3.29, 4.1, 4.16, 4.2, 4.23, 4.25, 4.25, 2.25, 2.23, 2.2, 2.16, 2.09, 2.06, 2.28, 2.59, 2.72, 3.07, 2.73, 3.63, 3.69, 3.19, 4.11, 4.15, 4.18, 3.41, 3.42, 3.41, 2.26, 2.25, 2.24, 2.23, 2.24, 2.31, 2.44, 2.59, 2.68, 2.58, 3.12, 3.57, 3.63, 3.08, 3.01, 3.16, 3.18, 3.21, 3.24, 3.26, 2.28, 2.28, 2.28, 2.29, 2.33, 2.41, 2.51, 2.52, 2.55, 2.53, 3.08, 2.71, 2.63, 2.55, 2.75, 2.89, 2.94, 3.0, 3.06, 3.1, 2.3, 2.3, 2.31, 2.33, 2.36, 2.41, 2.46, 2.74, 2.78, 2.8, 2.81, 2.26, 2.42, 2.3, 2.23, 2.58, 2.67, 2.78, 2.88, 2.96, 2.31, 2.32, 2.31, 2.33, 2.36, 2.75, 2.75, 2.77, 2.79, 2.81, 2.34, 2.18, 2.0, 2.02, 1.92, 2.08, 2.22, 2.36, 2.66, 2.78, 2.32, 2.33, 2.35, 2.37, 2.78, 2.78, 2.79, 2.81, 2.82, 2.82, 2.33, 2.13, 1.89, 1.62, 1.55, 1.53, 1.7, 1.83, 1.92, 1.99, 2.35, 2.36, 2.38, 2.41, 2.79, 2.8, 2.82, 2.84, 2.85, 2.46, 2.26, 2.11, 1.83, 1.56, 1.12, 1.47, 1.72, 1.87, 1.97, 2.03, 2.37, 2.38, 2.41, 2.8, 2.81, 2.82, 2.84, 2.87, 2.81, 2.55, 1.87, 1.61, 2.02, 1.74, 1.44, 1.62, 1.83, 1.96, 2.05, 2.09, 2.38, 2.4, 2.05, 2.08, 2.12, 2.19, 2.3, 2.48, 2.44, 2.12, 1.81, 1.59, 2.17, 2.03, 1.77, 1.87, 2.0, 2.1, 2.14, 2.16, 1.97, 1.98, 1.99, 2.01, 2.03, 2.07, 2.13, 2.2, 1.98, 1.84, 1.65, 1.51, 2.33, 1.97, 2.02, 2.12, 2.21, 2.25, 2.26, 2.24, 1.93, 1.92, 1.92, 1.92, 1.92, 1.92, 1.92, 1.64, 1.61, 1.53, 1.44, 1.38, 1.59, 2.13, 2.22, 2.34, 2.43, 2.42, 2.36, 2.31, 1.88, 1.87, 1.85, 1.44, 1.43, 1.42, 1.39, 1.33, 1.25, 1.19, 1.19, 1.9, 1.77, 2.25, 2.36, 2.53, 2.7, 2.59, 2.43, 2.35, 1.39, 1.38, 1.37, 1.36, 1.33, 1.28, 1.21, 1.09, 0.93, 0.85, 0.93, 1.23, 1.71, 1.99, 2.25, 2.6, 3.12, 2.52, 2.4, 2.35, 1.35, 1.34, 1.32, 1.29, 1.24, 1.18, 1.08, 0.92, 0.66, 0.46, 0.73, 1.14, 1.45, 1.94, 2.19, 2.38, 2.39, 2.16, 2.33, 2.33, 1.32, 1.3, 1.27, 1.23, 1.18, 1.11, 1.01, 0.86, 0.64, 0.48, 0.81, 1.11, 1.39, 1.88, 2.09, 2.34, 2.33, 2.29, 2.31, 2.32, 1.29, 1.26, 1.24, 1.2, 1.15, 1.08, 1.0, 0.9, 0.79, 0.76, 0.95, 1.13, 1.34, 2.04, 2.16, 2.25, 2.28, 2.28, 2.29, 2.29, 1.26, 1.24, 1.21, 1.17, 1.13, 1.07, 1.01, 0.95, 0.9, 0.98, 1.03, 0.85, 0.89, 0.95, 2.07, 2.16, 2.21, 2.24, 2.25, 2.26, 1.25, 1.22, 1.19, 1.16, 1.12, 1.07, 1.03, 0.99, 0.96, 1.03, 0.94, 0.9, 0.91, 0.95, 1.99, 2.09, 2.15, 2.19, 2.21, 2.22, 1.23, 1.21, 1.18, 1.15, 1.12, 1.08, 1.04, 1.01, 0.85, 0.9, 0.93, 0.91, 0.92, 0.94, 1.93, 2.03, 2.1, 2.14, 2.17, 2.19, 1.22, 1.2, 1.18, 1.15, 1.12, 1.09, 1.06, 1.04, 0.86, 0.89, 0.9, 0.91, 0.92, 0.94, 1.9, 1.99, 2.05, 2.1, 2.13, 2.15, 1.22, 1.2, 1.18, 1.15, 1.13, 1.1, 1.08, 0.85, 0.87, 0.88, 0.9, 0.91, 0.92, 0.94, 1.89, 1.97, 2.02, 2.07, 2.1, 2.13]}, {"header": {"refTime": "2023-09-12T16:00:00.000Z", "nx": 21, "ny": 33, "lo1": 113.509, "la1": 22.2235, "lo2": 113.5947, "la2": 22.1034, "dx": 0.0042850000000001385, "dy": 0.003753125000000024, "parameterCategory": 0, "parameterCategoryName": "Temperature", "parameterNumber": 0}, "data": [[28.47, 28.47, 28.49, 28.4, 28.42, 28.66, 28.69, 28.72, 28.74, 28.77, 28.76, 28.75, 29.01, 29.02, 28.66, 28.62, 28.66, 28.64, 28.62, 28.6], [28.46, 28.47, 28.48, 28.49, 28.42, 28.46, 28.7, 28.74, 28.78, 28.79, 28.77, 28.76, 29.01, 29.02, 28.66, 28.69, 28.65, 28.61, 28.59, 28.58], [28.45, 28.46, 28.47, 28.48, 28.4, 28.44, 28.51, 28.76, 28.87, 28.8, 28.77, 28.77, 29.02, 29.02, 28.74, 28.68, 28.62, 28.58, 28.56, 28.55], [28.44, 28.45, 28.45, 28.46, 28.47, 28.41, 28.46, 28.56, 28.65, 28.77, 28.75, 28.78, 29.02, 28.87, 28.75, 28.66, 28.58, 28.53, 28.51, 28.51], [28.44, 28.44, 28.44, 28.44, 28.44, 28.35, 28.37, 28.4, 28.42, 28.69, 28.71, 28.86, 28.95, 28.89, 28.74, 28.61, 28.5, 28.44, 28.44, 28.46], [28.43, 28.43, 28.42, 28.42, 28.41, 28.39, 28.28, 28.26, 28.25, 28.25, 28.71, 28.83, 28.91, 29.07, 28.72, 28.55, 28.38, 28.31, 28.35, 28.41], [28.23, 28.42, 28.41, 28.4, 28.38, 28.35, 28.1, 28.13, 28.11, 28.25, 28.34, 28.78, 29.11, 29.1, 28.7, 28.48, 28.21, 28.1, 28.1, 28.17], [28.24, 28.25, 28.25, 28.24, 28.23, 28.17, 28.12, 28.02, 28.0, 28.21, 28.21, 28.86, 28.87, 29.1, 28.38, 28.52, 28.24, 28.14, 28.3, 28.41], [28.16, 28.17, 28.27, 28.28, 28.28, 28.26, 28.19, 28.09, 27.96, 28.26, 28.52, 28.68, 28.76, 28.66, 28.42, 28.58, 28.41, 28.34, 28.38, 28.44], [28.5, 28.5, 28.5, 28.22, 28.26, 28.36, 28.29, 28.19, 28.01, 28.0, 28.77, 28.58, 28.64, 28.62, 28.42, 28.63, 28.53, 28.47, 28.47, 28.49], [28.5, 28.5, 28.5, 28.5, 28.5, 28.5, 28.5, 28.5, 28.29, 27.97, 28.1, 28.52, 28.57, 28.57, 28.4, 28.67, 28.6, 28.55, 28.54, 28.55], [28.5, 28.5, 28.5, 28.5, 28.5, 28.5, 28.5, 28.5, 28.5, -999.0, 28.1, 29.2, 29.2, 28.54, 28.39, 28.72, 28.67, 27.56, 27.57, 27.57], [28.5, 28.5, 28.5, 28.5, 28.5, 28.5, 28.5, 28.5, 28.5, 28.5, -999.0, 29.2, 29.2, 27.96, 28.51, 27.68, 27.69, 27.61, 27.62, 27.63], [28.5, 28.5, 28.5, 28.5, 28.5, 28.5, 28.5, 28.5, 28.5, 28.5, -999.0, 27.3, 27.3, 27.3, 28.34, 27.63, 27.64, 27.57, 27.58, 27.59], [28.5, 28.5, 28.5, 28.5, 28.5, 28.5, 28.5, 28.8, 28.8, 28.8, 28.8, 28.22, 27.3, 27.3, 27.3, 27.57, 27.59, 27.52, 27.54, 27.56], [28.5, 28.5, 28.69, 28.69, 28.7, 28.8, 28.8, 28.8, 28.8, 28.8, 27.86, 27.96, 27.82, 27.7, 27.83, 27.41, 27.43, 27.4, 27.54, 27.55], [28.69, 28.69, 28.61, 28.61, 28.8, 28.8, 28.8, 28.8, 28.8, 28.8, 28.15, 27.97, 27.77, 27.59, 27.51, 27.53, 27.61, 27.68, 27.72, 27.76], [28.61, 28.61, 28.62, 28.62, 28.8, 28.8, 28.8, 28.8, 28.8, 28.42, 28.22, 27.99, 27.76, 27.53, 27.33, 27.5, 27.62, 27.69, 27.74, 27.78], [28.61, 28.62, 28.62, 28.8, 28.8, 28.8, 28.8, 28.8, 28.67, 28.51, 28.35, 28.16, 27.77, 27.6, 27.49, 27.57, 27.66, 27.73, 27.78, 27.81], [28.62, 28.62, 28.74, 28.75, 28.75, 28.75, 28.76, 28.78, 28.65, 28.52, 28.37, 28.21, 27.81, 27.69, 27.63, 27.68, 27.74, 27.79, 27.82, 27.84], [28.74, 28.74, 28.74, 28.76, 28.76, 28.76, 28.77, 28.77, 28.54, 28.48, 28.38, 28.27, 27.85, 27.72, 27.74, 27.77, 27.81, 27.85, 27.87, 27.88], [28.75, 28.75, 28.75, 28.76, 28.76, 28.76, 28.76, 28.87, 28.5, 28.46, 28.4, 28.32, 27.85, 27.8, 27.82, 27.85, 27.88, 27.9, 27.92, 27.92], [28.75, 28.75, 28.75, 28.92, 28.91, 28.9, 28.89, 28.88, 28.87, 28.87, 28.88, 28.44, 28.3, 27.85, 27.88, 27.89, 27.89, 27.95, 27.98, 27.97], [28.94, 28.93, 28.93, 28.92, 28.92, 28.91, 28.89, 28.87, 28.85, 28.84, 28.87, 28.6, 28.32, 28.25, 28.17, 27.94, 27.8, 28.07, 28.05, 28.01], [28.94, 28.94, 28.94, 28.93, 28.93, 28.92, 28.9, 28.88, 28.82, 28.77, 28.85, 28.65, 28.57, 28.26, 28.2, 28.16, 28.13, 28.27, 28.1, 28.03], [28.95, 28.95, 28.95, 28.95, 28.94, 28.94, 28.92, 28.9, 28.84, 28.8, 28.74, 28.71, 28.63, 28.28, 28.23, 28.32, 28.3, 28.32, 28.08, 28.03], [28.96, 28.96, 28.96, 28.96, 28.96, 28.96, 28.96, 28.95, 28.94, 28.95, 28.84, 28.8, 28.71, 28.57, 28.46, 28.39, 28.36, 28.35, 28.34, 28.35], [28.97, 28.97, 28.97, 28.97, 28.98, 28.98, 28.99, 29.01, 29.04, 28.98, 29.01, 29.07, 29.02, 28.96, 28.54, 28.46, 28.41, 28.39, 28.38, 28.38], [28.97, 28.98, 28.98, 28.99, 28.99, 29.01, 29.02, 29.06, 29.11, 29.13, 29.31, 29.16, 29.06, 28.99, 28.6, 28.52, 28.47, 28.44, 28.42, 28.41], [28.98, 28.98, 28.99, 29.0, 29.01, 29.02, 29.05, 29.08, 29.12, 29.21, 29.26, 29.17, 29.08, 29.01, 28.64, 28.57, 28.51, 28.48, 28.45, 28.44], [28.99, 28.99, 29.0, 29.01, 29.02, 29.03, 29.06, 29.09, 29.1, 29.15, 29.16, 29.13, 29.07, 29.02, 28.67, 28.6, 28.55, 28.51, 28.48, 28.47], [28.99, 29.0, 29.0, 29.01, 29.02, 29.04, 29.06, 29.05, 29.08, 29.1, 29.1, 29.08, 29.05, 29.01, 28.68, 28.62, 28.57, 28.54, 28.51, 28.49]]}]