gis_exercise/awsData/contour/wdir_2023091004.json
[{"header": {"refTime": "2023-09-10T04:00:00.000Z", "nx": 21, "ny": 33, "lo1": 113.509, "la1": 22.2235, "lo2": 113.5947, "la2": 22.1034, "dx": 0.0042850000000001385, "dy": 0.003753125000000024, "parameterCategory": 2, "parameterCategoryName": "Temperature", "parameterNumber": 2}, "data": [-2.1, -2.11, -2.11, -2.21, -2.21, -2.34, -2.32, -2.3, -2.29, -2.16, -2.18, -2.2, -2.02, -2.02, -3.56, -3.71, -3.59, -3.69, -3.76, -3.81, -2.1, -2.1, -2.11, -2.12, -2.21, -2.2, -2.31, -2.26, -2.24, -2.15, -2.18, -2.21, -2.04, -2.04, -3.57, -3.49, -3.65, -3.78, -3.86, -3.9, -2.09, -2.1, -2.11, -2.12, -2.22, -2.21, -2.19, -2.24, -2.13, -2.14, -2.19, -2.24, -2.08, -2.07, -3.31, -3.54, -3.75, -3.91, -4.0, -4.03, -2.08, -2.09, -2.1, -2.11, -2.13, -2.22, -2.2, -2.18, -2.15, -2.15, -2.21, -2.28, -2.16, -2.07, -3.29, -3.63, -3.92, -4.12, -4.2, -4.19, -2.07, -2.08, -2.09, -2.11, -2.13, -2.24, -2.24, -2.22, -2.21, -2.16, -2.21, -2.12, -2.34, -2.11, -3.3, -3.78, -4.21, -4.45, -4.47, -4.38, -2.06, -2.07, -2.08, -2.09, -2.12, -2.16, -2.28, -2.29, -2.27, -2.21, -1.89, -2.0, -2.15, -2.47, -3.36, -4.02, -4.69, -4.97, -4.81, -4.58, -2.56, -2.05, -2.05, -2.07, -2.1, -2.15, -2.18, -2.38, -2.37, -2.01, -1.84, -1.74, -2.27, -2.44, -3.41, -4.27, -5.37, -5.78, -5.6, -5.32, -2.56, -2.53, -2.5, -2.71, -2.7, -2.06, -2.17, -2.36, -2.49, -2.02, -1.86, -1.86, -1.92, -2.52, -3.9, -4.63, -5.53, -5.85, -5.37, -5.05, -2.55, -2.52, -2.48, -2.42, -2.59, -2.61, -2.73, -2.23, -2.85, -2.01, -2.25, -2.45, -3.04, -2.75, -3.87, -4.42, -4.96, -5.19, -5.09, -4.92, -3.16, -3.1, -3.01, -2.38, -2.24, -2.33, -2.64, -2.98, -3.18, -3.04, -2.48, -2.83, -3.35, -2.93, -3.88, -4.23, -4.58, -4.77, -4.8, -4.75, -3.17, -3.12, -3.03, -2.88, -2.55, -1.6, -2.85, -3.56, -3.54, -3.44, -3.74, -2.75, -2.89, -2.82, -3.89, -4.13, -4.36, -4.52, -4.59, -4.59, -3.2, -3.16, -3.09, -2.99, -2.84, -2.76, -3.28, -4.01, -4.32, -4.51, -3.9, -3.54, -3.46, -2.72, -3.9, -4.07, -4.23, -5.17, -5.21, -5.22, -3.24, -3.21, -3.19, -3.17, -3.19, -3.36, -3.66, -4.0, -4.22, -3.98, -4.42, -3.61, -3.51, -3.26, -3.27, -4.9, -4.97, -5.04, -5.08, -5.11, -3.28, -3.27, -3.28, -3.3, -3.39, -3.58, -3.83, -3.84, -3.92, -3.88, -4.4, -4.44, -4.39, -4.36, -3.37, -4.8, -4.86, -4.92, -4.98, -5.02, -3.32, -3.33, -3.35, -3.39, -3.47, -3.59, -3.7, -3.52, -3.44, -3.34, -3.24, -3.29, -4.37, -4.33, -4.31, -4.68, -4.75, -4.82, -4.88, -4.93, -3.35, -3.37, -2.14, -2.2, -2.28, -3.2, -3.17, -3.08, -2.99, -2.93, -3.0, -3.15, -3.31, -3.34, -3.46, -3.91, -3.87, -3.83, -4.41, -4.44, -2.03, -2.04, -2.06, -2.08, -2.95, -2.86, -2.72, -2.52, -2.41, -2.45, -2.71, -3.01, -3.3, -3.58, -3.52, -3.74, -3.61, -3.51, -3.43, -3.38, -1.98, -1.98, -1.97, -1.95, -2.72, -2.54, -2.25, -1.86, -1.66, -1.82, -2.25, -2.87, -3.27, -3.48, -4.03, -3.78, -3.6, -3.48, -3.4, -3.35, -1.94, -1.92, -1.9, -2.69, -2.54, -2.3, -1.91, -1.27, -0.69, -1.48, -2.21, -2.71, -2.85, -3.29, -3.81, -3.67, -3.52, -3.41, -3.34, -3.3, -1.9, -1.87, -2.66, -2.56, -2.42, -2.21, -1.89, -1.41, -1.16, -1.72, -2.29, -2.72, -2.71, -3.01, -3.57, -3.49, -3.39, -3.32, -3.27, -3.25, -2.77, -2.73, -2.68, -2.6, -2.49, -2.34, -2.14, -1.92, -1.92, -2.18, -2.52, -2.81, -2.59, -3.41, -3.38, -3.32, -3.25, -3.21, -3.19, -3.18, -2.8, -2.77, -2.73, -2.67, -2.61, -2.53, -2.46, -2.09, -2.51, -2.66, -2.83, -2.98, -3.85, -3.29, -3.24, -3.17, -3.11, -3.1, -3.11, -3.12, -2.83, -2.81, -2.79, -2.29, -2.31, -2.35, -2.41, -2.52, -2.66, -2.75, -2.73, -2.87, -3.49, -3.21, -3.14, -3.06, -2.99, -3.0, -3.04, -3.07, -2.32, -2.33, -2.36, -2.39, -2.45, -2.53, -2.68, -2.89, -3.17, -3.3, -3.14, -3.5, -3.53, -3.34, -3.18, -3.0, -2.89, -2.93, -2.99, -3.04, -2.36, -2.38, -2.42, -2.47, -2.55, -2.66, -2.85, -3.14, -3.62, -4.02, -3.46, -3.5, -3.31, -3.36, -3.19, -3.06, -2.93, -2.92, -2.98, -3.03, -2.39, -2.43, -2.47, -2.53, -2.61, -2.73, -2.9, -3.17, -3.6, -3.95, -3.71, -3.4, -3.24, -3.39, -3.23, -2.73, -2.77, -2.78, -3.0, -3.04, -2.42, -2.45, -2.5, -2.55, -2.63, -2.73, -2.86, -3.02, -3.19, -3.22, -3.31, -3.18, -3.11, -2.55, -2.62, -2.68, -2.72, -2.73, -2.73, -2.72, -2.44, -2.47, -2.51, -2.56, -2.62, -2.69, -2.77, -2.83, -2.83, -2.96, -2.82, -2.88, -2.96, -3.0, -2.57, -2.63, -2.67, -2.69, -2.7, -2.69, -2.45, -2.48, -2.52, -2.56, -2.6, -2.64, -2.67, -2.67, -2.59, -2.55, -2.24, -2.62, -2.83, -2.93, -2.53, -2.59, -2.63, -2.65, -2.67, -2.67, -2.46, -2.48, -2.51, -2.54, -2.57, -2.6, -2.6, -2.58, -2.79, -2.52, -2.36, -2.58, -2.77, -2.88, -2.5, -2.56, -2.6, -2.62, -2.64, -2.65, -2.46, -2.48, -2.5, -2.53, -2.55, -2.56, -2.56, -2.53, -2.8, -2.67, -2.61, -2.68, -2.79, -2.87, -2.48, -2.53, -2.57, -2.6, -2.61, -2.63, -2.46, -2.48, -2.5, -2.51, -2.53, -2.53, -2.53, -2.93, -2.85, -2.78, -2.75, -2.77, -2.83, -2.89, -2.48, -2.52, -2.55, -2.58, -2.6, -2.61]}, {"header": {"refTime": "2023-09-10T04:00:00.000Z", "nx": 21, "ny": 33, "lo1": 113.509, "la1": 22.2235, "lo2": 113.5947, "la2": 22.1034, "dx": 0.0042850000000001385, "dy": 0.003753125000000024, "parameterCategory": 2, "parameterCategoryName": "Temperature", "parameterNumber": 3}, "data": [-0.36, -0.35, -0.33, 0.05, 0.03, -0.64, -0.63, -0.62, -0.65, -0.78, -0.91, -1.03, -1.75, -1.83, -1.28, -1.25, -1.8, -1.75, -1.71, -1.68, -0.37, -0.35, -0.34, -0.32, 0.04, 0.02, -0.58, -0.54, -0.53, -0.7, -0.91, -1.1, -1.83, -1.91, -1.35, -1.86, -1.77, -1.7, -1.66, -1.63, -0.38, -0.36, -0.35, -0.32, 0.05, 0.02, -0.01, -0.47, -0.29, -0.63, -0.95, -1.23, -1.96, -2.03, -1.98, -1.84, -1.72, -1.64, -1.59, -1.57, -0.39, -0.38, -0.36, -0.34, -0.31, 0.05, 0.01, -0.04, -0.09, -0.72, -1.06, -1.45, -2.18, -2.09, -1.99, -1.8, -1.64, -1.53, -1.49, -1.49, -0.41, -0.4, -0.38, -0.36, -0.32, 0.08, 0.06, 0.05, 0.04, -0.83, -1.14, -2.1, -2.46, -2.18, -1.98, -1.72, -1.49, -1.37, -1.36, -1.4, -0.43, -0.43, -0.41, -0.39, -0.35, -0.29, 0.12, 0.13, 0.13, 0.12, -1.55, -1.93, -2.24, -2.27, -1.92, -1.58, -1.25, -1.11, -1.19, -1.3, -0.65, -0.46, -0.45, -0.44, -0.4, -0.32, -0.11, 0.21, 0.22, -0.29, -0.48, -1.67, -2.18, -2.11, -1.84, -1.44, -0.92, -0.73, -0.79, -0.91, -0.68, -0.68, -0.68, -0.32, -0.3, -0.32, -0.16, 0.09, 0.18, -0.21, -0.15, -1.51, -1.72, -1.94, -1.23, -0.99, -0.69, -0.59, -0.75, -0.85, -0.71, -0.72, -0.73, -0.74, -0.43, -0.39, -0.22, -0.08, 0.34, -0.34, -0.85, -1.24, -1.2, -1.22, -1.22, -1.05, -0.88, -0.8, -0.84, -0.9, -0.69, -0.71, -0.74, -0.82, -0.89, -0.67, -0.42, -0.14, 0.35, 0.33, -0.98, -1.07, -1.02, -1.12, -1.2, -1.1, -1.0, -0.94, -0.93, -0.95, -0.69, -0.71, -0.75, -0.8, -0.92, -1.28, -0.77, -0.4, 0.05, 0.37, -0.1, -1.06, -1.08, -1.1, -1.2, -1.13, -1.07, -1.02, -1.0, -1.0, -0.69, -0.71, -0.73, -0.77, -0.84, -0.86, -0.62, -0.15, 0.09, -0.09, -0.02, -0.88, -0.98, -1.1, -1.2, -1.15, -1.11, -0.74, -0.74, -0.74, -0.68, -0.69, -0.71, -0.73, -0.74, -0.72, -0.64, -0.26, -0.03, -0.2, -0.25, -0.78, -0.89, -1.44, -1.44, -0.82, -0.81, -0.79, -0.78, -0.78, -0.67, -0.68, -0.69, -0.69, -0.7, -0.71, -0.81, -0.51, -0.33, -0.31, -0.27, -0.44, -0.55, -0.63, -1.43, -0.88, -0.86, -0.84, -0.83, -0.81, -0.65, -0.66, -0.66, -0.67, -0.67, -0.67, -0.65, -0.16, -0.01, 0.08, 0.12, -0.06, -0.62, -0.7, -0.75, -0.94, -0.92, -0.89, -0.87, -0.85, -0.64, -0.64, -0.59, -0.58, -0.57, -0.1, -0.09, -0.01, 0.08, 0.13, 0.04, -0.12, -0.31, -0.75, -0.82, -0.72, -0.63, -0.54, -0.35, -0.28, -0.54, -0.53, -0.52, -0.49, 0.01, 0.03, 0.08, 0.16, 0.22, 0.23, 0.04, -0.16, -0.41, -0.68, -0.75, -0.76, -0.59, -0.45, -0.35, -0.29, -0.5, -0.48, -0.45, -0.41, 0.09, 0.14, 0.23, 0.34, 0.4, -0.0, -0.23, -0.17, -0.46, -0.73, -1.18, -0.82, -0.57, -0.41, -0.31, -0.24, -0.46, -0.43, -0.39, 0.12, 0.16, 0.22, 0.32, 0.49, 0.55, 0.16, 0.14, -0.11, -0.27, -0.55, -0.85, -0.67, -0.46, -0.31, -0.23, -0.18, -0.42, -0.39, 0.17, 0.2, 0.24, 0.3, 0.38, 0.5, 0.53, 0.37, 0.17, -0.04, -0.12, -0.26, -0.52, -0.41, -0.28, -0.18, -0.13, -0.11, 0.17, 0.18, 0.21, 0.24, 0.27, 0.33, 0.39, 0.44, 0.4, 0.31, 0.19, 0.03, 0.04, -0.31, -0.26, -0.16, -0.07, -0.02, -0.02, -0.03, 0.2, 0.21, 0.24, 0.27, 0.3, 0.34, 0.39, 0.61, 0.35, 0.3, 0.21, 0.1, 0.15, -0.14, -0.06, 0.06, 0.15, 0.15, 0.09, 0.04, 0.22, 0.24, 0.26, 0.57, 0.58, 0.58, 0.59, 0.59, 0.59, 0.59, 0.58, 0.82, 0.51, -0.03, 0.08, 0.24, 0.41, 0.31, 0.16, 0.09, 0.56, 0.56, 0.56, 0.56, 0.57, 0.57, 0.57, 0.58, 0.59, 0.59, 0.58, 0.68, 0.51, 0.49, 0.49, 0.32, 0.78, 0.27, 0.15, 0.1, 0.55, 0.55, 0.55, 0.55, 0.55, 0.56, 0.56, 0.57, 0.59, 0.61, 0.57, 0.66, 0.7, 0.48, 0.46, 0.43, 0.16, -0.03, 0.09, 0.08, 0.54, 0.54, 0.54, 0.54, 0.54, 0.54, 0.54, 0.55, 0.57, 0.59, 0.61, 0.62, 0.66, 0.47, 0.43, 0.33, 0.25, 0.2, 0.07, 0.07, 0.54, 0.54, 0.53, 0.53, 0.53, 0.53, 0.52, 0.52, 0.52, 0.51, 0.56, 0.57, 0.62, 0.33, 0.33, 0.31, 0.28, 0.26, 0.27, 0.29, 0.53, 0.53, 0.53, 0.52, 0.52, 0.51, 0.5, 0.49, 0.47, 0.48, 0.46, 0.26, 0.21, 0.16, 0.32, 0.31, 0.3, 0.29, 0.29, 0.3, 0.53, 0.52, 0.52, 0.51, 0.51, 0.5, 0.48, 0.46, 0.42, 0.39, 0.25, 0.24, 0.21, 0.17, 0.31, 0.31, 0.3, 0.3, 0.3, 0.3, 0.52, 0.52, 0.51, 0.51, 0.5, 0.49, 0.47, 0.44, 0.27, 0.26, 0.25, 0.24, 0.21, 0.17, 0.31, 0.31, 0.31, 0.3, 0.3, 0.31, 0.52, 0.51, 0.51, 0.5, 0.49, 0.48, 0.46, 0.44, 0.26, 0.25, 0.24, 0.23, 0.2, 0.17, 0.3, 0.31, 0.31, 0.31, 0.31, 0.31, 0.51, 0.51, 0.5, 0.5, 0.49, 0.48, 0.46, 0.25, 0.24, 0.24, 0.23, 0.22, 0.2, 0.17, 0.31, 0.31, 0.31, 0.31, 0.31, 0.31]}, {"header": {"refTime": "2023-09-10T04:00:00.000Z", "nx": 21, "ny": 33, "lo1": 113.509, "la1": 22.2235, "lo2": 113.5947, "la2": 22.1034, "dx": 0.0042850000000001385, "dy": 0.003753125000000024, "parameterCategory": 0, "parameterCategoryName": "Temperature", "parameterNumber": 0}, "data": [[25.36, 25.35, 25.35, 25.04, 25.05, 25.32, 25.32, 25.32, 25.33, 25.22, 25.22, 25.23, 25.47, 25.48, 25.57, 25.58, 25.64, 25.65, 25.65, 25.66], [25.36, 25.35, 25.35, 25.34, 25.05, 25.07, 25.31, 25.32, 25.32, 25.23, 25.23, 25.24, 25.48, 25.49, 25.58, 25.64, 25.65, 25.65, 25.66, 25.66], [25.36, 25.36, 25.35, 25.34, 25.04, 25.06, 25.1, 25.31, 25.3, 25.24, 25.23, 25.26, 25.49, 25.5, 25.63, 25.64, 25.65, 25.66, 25.67, 25.67], [25.37, 25.36, 25.36, 25.35, 25.34, 25.05, 25.08, 25.12, 25.16, 25.21, 25.23, 25.29, 25.52, 25.36, 25.63, 25.65, 25.66, 25.67, 25.68, 25.67], [25.38, 25.37, 25.37, 25.36, 25.34, 25.03, 25.04, 25.05, 25.05, 25.15, 25.19, 25.37, 25.5, 25.39, 25.63, 25.65, 25.68, 25.69, 25.69, 25.68], [25.38, 25.38, 25.38, 25.37, 25.35, 25.33, 25.01, 25.0, 24.98, 24.92, 25.15, 25.3, 25.42, 25.57, 25.63, 25.67, 25.7, 25.72, 25.71, 25.7], [25.43, 25.39, 25.39, 25.39, 25.37, 25.34, 25.1, 24.99, 24.96, 24.9, 24.87, 25.2, 25.54, 25.55, 25.63, 25.68, 25.74, 25.76, 25.76, 25.75], [25.44, 25.45, 25.45, 25.44, 25.43, 25.19, 25.13, 25.08, 25.06, 24.86, 24.67, 25.19, 25.2, 25.55, 25.69, 25.66, 25.72, 25.75, 25.71, 25.68], [25.36, 25.37, 25.47, 25.48, 25.48, 25.46, 25.39, 25.11, 24.91, 24.93, 24.88, 25.03, 25.1, 25.01, 25.68, 25.64, 25.68, 25.7, 25.69, 25.67], [25.7, 25.7, 25.7, 25.42, 25.46, 25.56, 25.49, 25.39, 24.76, 24.79, 25.11, 24.94, 24.99, 24.97, 25.68, 25.63, 25.66, 25.67, 25.67, 25.66], [25.7, 25.7, 25.7, 25.7, 25.7, 25.7, 25.7, 25.7, 25.49, 24.89, 24.5, 24.88, 24.93, 24.93, 25.68, 25.62, 25.64, 25.65, 25.65, 25.65], [25.7, 25.7, 25.7, 25.7, 25.7, 25.7, 25.7, 25.7, 25.7, -999.0, 24.5, 25.5, 25.5, 24.9, 25.69, 25.61, 25.62, 25.23, 25.25, 25.25], [25.7, 25.7, 25.7, 25.7, 25.7, 25.7, 25.7, 25.7, 25.7, 25.7, -999.0, 25.5, 25.5, 25.04, 25.24, 25.44, 25.44, 25.32, 25.34, 25.35], [25.7, 25.7, 25.7, 25.7, 25.7, 25.7, 25.7, 25.7, 25.7, 25.7, -999.0, 24.8, 24.8, 24.8, 25.18, 25.35, 25.37, 25.24, 25.27, 25.29], [25.7, 25.7, 25.7, 25.7, 25.7, 25.7, 25.7, 25.3, 25.3, 25.3, 25.3, 25.11, 24.8, 24.8, 24.8, 25.26, 25.29, 25.17, 25.21, 25.24], [25.7, 25.7, 25.45, 25.44, 25.44, 25.3, 25.3, 25.3, 25.3, 25.3, 24.99, 25.02, 24.97, 24.93, 24.98, 25.31, 25.39, 25.25, 25.44, 25.49], [25.44, 25.44, 25.56, 25.55, 25.3, 25.3, 25.3, 25.3, 25.3, 25.3, 25.08, 25.02, 24.96, 24.9, 25.02, 25.09, 25.19, 25.27, 25.32, 25.36], [25.56, 25.55, 25.55, 25.53, 25.3, 25.3, 25.3, 25.3, 25.3, 25.17, 25.11, 25.03, 24.95, 25.01, 24.83, 25.06, 25.2, 25.29, 25.35, 25.39], [25.55, 25.54, 25.53, 25.3, 25.3, 25.3, 25.3, 25.3, 25.26, 25.2, 25.29, 25.23, 25.19, 25.09, 25.04, 25.14, 25.26, 25.35, 25.4, 25.42], [25.54, 25.54, 25.7, 25.68, 25.65, 25.62, 25.56, 25.42, 25.33, 25.34, 25.32, 25.27, 25.26, 25.23, 25.23, 25.29, 25.37, 25.42, 25.45, 25.47], [25.73, 25.72, 25.7, 25.59, 25.57, 25.55, 25.53, 25.5, 25.39, 25.38, 25.37, 25.33, 25.34, 25.35, 25.38, 25.43, 25.49, 25.52, 25.52, 25.51], [25.63, 25.62, 25.62, 25.61, 25.61, 25.6, 25.6, 25.66, 25.46, 25.46, 25.44, 25.4, 25.64, 25.45, 25.5, 25.56, 25.61, 25.61, 25.58, 25.55], [25.64, 25.64, 25.64, 25.73, 25.73, 25.73, 25.74, 25.75, 25.77, 25.78, 25.79, 25.85, 25.86, 25.51, 25.58, 25.67, 25.76, 25.7, 25.62, 25.58], [25.75, 25.75, 25.75, 25.76, 25.76, 25.77, 25.79, 25.81, 25.85, 25.87, 25.85, 26.05, 25.86, 25.84, 25.83, 25.71, 25.97, 25.69, 25.62, 25.59], [25.76, 25.77, 25.77, 25.78, 25.79, 25.8, 25.83, 25.86, 25.91, 25.95, 25.9, 26.04, 26.06, 25.84, 25.81, 25.79, 25.63, 25.52, 25.59, 25.58], [25.78, 25.78, 25.79, 25.8, 25.81, 25.83, 25.85, 25.88, 25.92, 25.95, 26.02, 26.04, 26.05, 25.83, 25.8, 25.77, 25.72, 25.69, 25.58, 25.57], [25.79, 25.79, 25.8, 25.81, 25.82, 25.84, 25.86, 25.89, 25.91, 25.92, 26.03, 26.04, 26.05, 25.84, 25.81, 25.78, 25.75, 25.73, 25.74, 25.75], [25.79, 25.8, 25.81, 25.82, 25.83, 25.85, 25.87, 25.89, 25.91, 26.02, 26.02, 25.9, 25.85, 25.8, 25.82, 25.8, 25.78, 25.76, 25.76, 25.77], [25.8, 25.81, 25.82, 25.83, 25.84, 25.86, 25.87, 25.9, 25.92, 26.01, 25.97, 25.92, 25.86, 25.81, 25.83, 25.81, 25.79, 25.78, 25.78, 25.78], [25.81, 25.81, 25.82, 25.83, 25.85, 25.86, 25.88, 25.9, 25.92, 25.94, 25.95, 25.91, 25.87, 25.82, 25.84, 25.82, 25.81, 25.8, 25.79, 25.79], [25.81, 25.82, 25.83, 25.84, 25.85, 25.86, 25.88, 25.89, 25.9, 25.92, 25.92, 25.89, 25.86, 25.83, 25.85, 25.83, 25.82, 25.81, 25.8, 25.8], [25.81, 25.82, 25.83, 25.84, 25.85, 25.86, 25.87, 25.88, 25.89, 25.89, 25.89, 25.87, 25.85, 25.82, 25.85, 25.84, 25.83, 25.82, 25.81, 25.81]]}]