gis_exercise/awsData/contour/wdir_2023090404.json
[{"header": {"refTime": "2023-09-04T04:00:00.000Z", "nx": 21, "ny": 33, "lo1": 113.509, "la1": 22.2235, "lo2": 113.5947, "la2": 22.1034, "dx": 0.0042850000000001385, "dy": 0.003753125000000024, "parameterCategory": 2, "parameterCategoryName": "Temperature", "parameterNumber": 2}, "data": [0.31, 0.31, 0.3, 0.35, 0.34, 0.54, 0.5, 0.47, 0.46, 0.43, 0.51, 0.59, 0.84, 0.89, 1.07, 1.11, 1.46, 1.47, 1.47, 1.47, 0.31, 0.31, 0.3, 0.3, 0.34, 0.31, 0.47, 0.39, 0.34, 0.37, 0.51, 0.63, 0.89, 0.93, 1.11, 1.45, 1.46, 1.47, 1.48, 1.48, 0.32, 0.31, 0.31, 0.3, 0.35, 0.32, 0.27, 0.32, 0.08, 0.32, 0.53, 0.7, 0.96, 1.0, 1.44, 1.45, 1.47, 1.49, 1.49, 1.49, 0.32, 0.32, 0.32, 0.32, 0.31, 0.35, 0.31, 0.24, 0.18, 0.4, 0.61, 0.82, 1.09, 1.15, 1.44, 1.46, 1.49, 1.5, 1.51, 1.51, 0.32, 0.33, 0.33, 0.33, 0.33, 0.4, 0.38, 0.36, 0.34, 0.52, 0.69, 1.16, 1.3, 1.19, 1.44, 1.47, 1.51, 1.53, 1.53, 1.52, 0.33, 0.33, 0.33, 0.34, 0.36, 0.37, 0.46, 0.47, 0.46, 0.44, 0.96, 1.09, 1.21, 1.22, 1.44, 1.49, 1.55, 1.58, 1.56, 1.54, 0.93, 0.33, 0.34, 0.35, 0.37, 0.4, 0.56, 0.58, 0.59, 0.71, 0.69, 0.98, 1.17, 1.16, 1.44, 1.51, 1.61, 1.65, 1.53, 1.47, 0.93, 0.91, 0.89, 0.87, 0.86, 0.48, 0.55, 0.66, 0.82, 0.68, 0.53, 0.91, 0.98, 1.09, 1.22, 1.35, 1.52, 1.58, 1.49, 1.43, 0.94, 0.91, 0.88, 0.83, 0.8, 0.81, 0.89, 0.58, 0.96, 0.73, 0.72, 0.85, 0.86, 0.85, 1.18, 1.29, 1.4, 1.45, 1.43, 1.4, 1.31, 1.27, 1.21, 0.8, 0.69, 0.64, 0.83, 1.03, 1.16, 1.08, 0.77, 0.81, 0.81, 0.83, 1.15, 1.25, 1.32, 1.37, 1.38, 1.37, 1.32, 1.29, 1.22, 1.12, 0.88, 0.21, 1.06, 1.51, 1.38, 1.32, 1.13, 0.8, 0.81, 0.82, 1.15, 1.22, 1.28, 1.31, 1.33, 1.33, 1.35, 1.32, 1.28, 1.21, 1.1, 1.04, 1.38, 1.78, 1.93, 1.88, 1.27, 1.33, 1.25, 0.81, 1.16, 1.2, 1.25, 1.75, 1.78, 1.79, 1.38, 1.37, 1.35, 1.34, 1.37, 1.52, 1.75, 1.85, 1.91, 1.79, 1.77, 1.4, 1.33, 1.53, 1.58, 1.79, 1.81, 1.83, 1.84, 1.84, 1.41, 1.41, 1.42, 1.45, 1.53, 1.72, 2.01, 1.84, 1.8, 1.76, 1.8, 1.95, 1.96, 1.99, 1.77, 1.93, 1.93, 1.92, 1.91, 1.9, 1.44, 1.45, 1.47, 1.51, 1.59, 1.7, 1.79, 1.76, 1.68, 1.6, 1.55, 1.84, 2.11, 2.16, 2.2, 2.1, 2.07, 2.03, 1.99, 1.96, 1.46, 1.48, 0.92, 0.96, 1.03, 1.59, 1.58, 1.51, 1.45, 1.41, 1.65, 1.81, 2.0, 1.89, 2.01, 2.37, 2.3, 2.24, 2.42, 2.38, 0.85, 0.86, 0.88, 0.9, 1.45, 1.4, 1.32, 1.21, 1.14, 1.16, 1.52, 1.78, 2.06, 2.34, 2.51, 2.77, 2.71, 2.66, 2.63, 2.61, 0.83, 0.84, 0.84, 0.84, 1.32, 1.23, 1.07, 0.86, 0.75, 1.06, 1.38, 1.72, 2.07, 2.48, 2.87, 2.78, 2.7, 2.65, 2.61, 2.59, 0.81, 0.81, 0.8, 1.3, 1.22, 1.09, 0.89, 0.55, 0.29, 0.83, 1.21, 1.58, 2.01, 2.34, 2.8, 2.74, 2.67, 2.62, 2.59, 2.57, 0.79, 0.78, 1.21, 1.16, 1.09, 0.98, 0.81, 0.58, 0.52, 0.85, 1.22, 1.53, 1.91, 2.14, 2.69, 2.65, 2.61, 2.58, 2.56, 2.55, 1.26, 1.23, 1.2, 1.16, 1.1, 1.02, 0.92, 0.8, 0.91, 1.07, 1.3, 1.52, 1.84, 2.62, 2.6, 2.57, 2.54, 2.52, 2.52, 2.52, 1.26, 1.24, 1.21, 1.18, 1.14, 1.09, 1.04, 0.57, 1.18, 1.27, 1.4, 1.54, 2.32, 2.56, 2.54, 2.5, 2.47, 2.47, 2.48, 2.5, 1.26, 1.24, 1.23, 0.56, 0.58, 0.61, 0.66, 0.72, 0.79, 0.82, 0.79, 1.39, 2.16, 2.52, 2.49, 2.44, 2.4, 2.42, 2.46, 2.48, 0.53, 0.54, 0.56, 0.58, 0.61, 0.66, 0.74, 0.86, 1.0, 1.07, 0.96, 1.33, 2.14, 2.21, 2.26, 2.42, 2.3, 2.42, 2.45, 2.47, 0.53, 0.54, 0.56, 0.59, 0.63, 0.69, 0.78, 0.94, 1.22, 1.46, 1.1, 1.28, 1.28, 2.2, 2.26, 2.31, 2.44, 2.48, 2.47, 2.47, 0.53, 0.54, 0.56, 0.59, 0.62, 0.68, 0.77, 0.91, 1.17, 1.38, 1.28, 1.15, 1.16, 2.2, 2.25, 1.96, 2.11, 2.16, 2.47, 2.48, 0.53, 0.54, 0.55, 0.57, 0.6, 0.64, 0.69, 0.76, 0.84, 0.84, 0.95, 0.92, 0.99, 1.37, 1.62, 1.81, 1.94, 1.99, 1.99, 1.95, 0.52, 0.53, 0.54, 0.55, 0.57, 0.58, 0.59, 0.58, 0.53, 0.59, 0.47, 0.66, 0.88, 1.09, 1.46, 1.65, 1.78, 1.85, 1.87, 1.86, 0.51, 0.52, 0.52, 0.52, 0.53, 0.52, 0.5, 0.44, 0.3, 0.18, -0.14, 0.37, 0.72, 0.97, 1.32, 1.51, 1.65, 1.73, 1.77, 1.78, 0.5, 0.5, 0.5, 0.5, 0.49, 0.47, 0.43, 0.36, 0.51, 0.21, 0.02, 0.35, 0.66, 0.9, 1.22, 1.41, 1.54, 1.62, 1.67, 1.7, 0.49, 0.49, 0.49, 0.48, 0.46, 0.44, 0.4, 0.33, 0.57, 0.42, 0.37, 0.5, 0.7, 0.88, 1.17, 1.33, 1.45, 1.54, 1.6, 1.63, 0.48, 0.48, 0.47, 0.46, 0.44, 0.42, 0.38, 0.75, 0.66, 0.58, 0.57, 0.64, 0.77, 0.9, 1.14, 1.28, 1.39, 1.47, 1.53, 1.58]}, {"header": {"refTime": "2023-09-04T04:00:00.000Z", "nx": 21, "ny": 33, "lo1": 113.509, "la1": 22.2235, "lo2": 113.5947, "la2": 22.1034, "dx": 0.0042850000000001385, "dy": 0.003753125000000024, "parameterCategory": 2, "parameterCategoryName": "Temperature", "parameterNumber": 3}, "data": [-0.16, -0.16, -0.16, -0.26, -0.25, -0.4, -0.37, -0.34, -0.33, -0.2, -0.25, -0.29, -0.49, -0.51, -0.55, -0.57, -0.78, -0.78, -0.78, -0.78, -0.15, -0.16, -0.16, -0.16, -0.25, -0.23, -0.34, -0.28, -0.24, -0.17, -0.25, -0.31, -0.51, -0.54, -0.57, -0.78, -0.78, -0.78, -0.78, -0.78, -0.15, -0.16, -0.16, -0.17, -0.27, -0.24, -0.2, -0.24, -0.06, -0.15, -0.26, -0.35, -0.55, -0.57, -0.77, -0.78, -0.78, -0.78, -0.78, -0.78, -0.15, -0.15, -0.16, -0.17, -0.18, -0.27, -0.24, -0.18, -0.13, -0.19, -0.3, -0.42, -0.62, -0.62, -0.77, -0.78, -0.78, -0.78, -0.78, -0.78, -0.14, -0.15, -0.16, -0.17, -0.19, -0.31, -0.3, -0.27, -0.25, -0.23, -0.33, -0.63, -0.71, -0.64, -0.77, -0.78, -0.78, -0.78, -0.78, -0.78, -0.14, -0.14, -0.15, -0.17, -0.19, -0.23, -0.37, -0.38, -0.36, -0.3, -0.48, -0.58, -0.66, -0.7, -0.77, -0.78, -0.79, -0.79, -0.79, -0.78, 0.12, -0.13, -0.13, -0.15, -0.18, -0.24, -0.34, -0.5, -0.49, -0.46, -0.38, -0.52, -0.69, -0.68, -0.77, -0.78, -0.79, -0.8, -0.75, -0.73, 0.14, 0.14, 0.12, -0.05, -0.08, -0.2, -0.32, -0.52, -0.75, -0.42, -0.19, -0.51, -0.57, -0.65, -0.66, -0.7, -0.75, -0.76, -0.74, -0.72, 0.17, 0.17, 0.16, 0.16, -0.0, -0.04, -0.15, -0.38, -0.45, -0.48, -0.35, -0.47, -0.49, -0.48, -0.64, -0.68, -0.71, -0.73, -0.72, -0.71, 0.49, 0.48, 0.47, 0.22, 0.23, 0.12, 0.02, -0.11, -0.27, -0.24, -0.4, -0.44, -0.46, -0.46, -0.63, -0.66, -0.69, -0.7, -0.7, -0.7, 0.49, 0.49, 0.48, 0.47, 0.45, 0.38, 0.44, 0.42, -0.0, -0.14, -0.1, -0.43, -0.45, -0.45, -0.63, -0.65, -0.67, -0.68, -0.69, -0.69, 0.5, 0.5, 0.49, 0.49, 0.48, 0.47, 0.48, 0.39, 0.34, 0.23, -0.06, -0.32, -0.37, -0.44, -0.63, -0.65, -0.66, -0.75, -0.76, -0.76, 0.5, 0.5, 0.51, 0.51, 0.53, 0.57, 0.61, 0.47, 0.39, 0.42, 0.21, -0.28, -0.33, -0.7, -0.71, -0.74, -0.75, -0.76, -0.77, -0.77, 0.51, 0.51, 0.52, 0.53, 0.56, 0.63, 0.78, 0.58, 0.48, 0.46, 0.25, -0.35, -0.43, -0.48, -0.75, -0.78, -0.78, -0.78, -0.78, -0.78, 0.51, 0.52, 0.53, 0.54, 0.57, 0.61, 0.63, 0.49, 0.41, 0.37, 0.34, -0.31, -0.49, -0.55, -0.59, -0.82, -0.81, -0.8, -0.8, -0.79, 0.51, 0.52, 0.44, 0.46, 0.47, 0.45, 0.44, 0.4, 0.35, 0.32, -0.27, -0.36, -0.47, -0.7, -0.74, -0.72, -0.68, -0.64, -0.69, -0.67, 0.41, 0.42, 0.42, 0.42, 0.38, 0.37, 0.34, 0.29, 0.26, 0.25, -0.3, -0.4, -0.53, -0.68, -0.79, -0.66, -0.53, -0.44, -0.37, -0.32, 0.4, 0.4, 0.39, 0.38, 0.33, 0.3, 0.25, 0.17, 0.13, -0.08, -0.17, -0.42, -0.57, -0.78, -0.98, -0.7, -0.52, -0.41, -0.33, -0.29, 0.39, 0.38, 0.37, 0.32, 0.29, 0.25, 0.18, 0.07, -0.08, -0.1, -0.37, -0.49, -0.58, -0.71, -0.72, -0.6, -0.45, -0.35, -0.28, -0.24, 0.37, 0.36, 0.19, 0.18, 0.15, 0.12, 0.08, 0.02, -0.18, -0.27, -0.36, -0.46, -0.52, -0.59, -0.5, -0.43, -0.33, -0.26, -0.21, -0.19, 0.18, 0.18, 0.16, 0.15, 0.13, 0.1, 0.07, 0.04, -0.26, -0.3, -0.36, -0.43, -0.45, -0.35, -0.32, -0.27, -0.2, -0.16, -0.14, -0.13, 0.17, 0.15, 0.14, 0.12, 0.1, 0.08, 0.05, -0.23, -0.29, -0.32, -0.36, -0.41, -0.44, -0.24, -0.2, -0.14, -0.09, -0.06, -0.06, -0.07, 0.15, 0.14, 0.12, -0.28, -0.27, -0.27, -0.26, -0.26, -0.26, -0.26, -0.27, -0.13, 0.03, -0.16, -0.1, -0.04, 0.0, 0.02, 0.01, -0.02, -0.3, -0.3, -0.29, -0.29, -0.29, -0.28, -0.28, -0.28, -0.27, -0.27, -0.28, -0.29, 0.02, 0.06, 0.09, 0.02, 0.02, 0.12, 0.08, 0.02, -0.31, -0.31, -0.31, -0.3, -0.3, -0.3, -0.3, -0.29, -0.27, -0.25, -0.29, -0.3, -0.29, 0.06, 0.1, 0.13, 0.15, 0.22, 0.1, 0.04, -0.31, -0.32, -0.32, -0.32, -0.32, -0.32, -0.32, -0.31, -0.29, -0.27, -0.31, -0.33, -0.32, 0.06, 0.1, 0.06, 0.12, 0.15, 0.08, 0.04, -0.32, -0.32, -0.33, -0.33, -0.33, -0.34, -0.34, -0.34, -0.35, -0.36, -0.37, -0.37, -0.35, -0.12, -0.04, 0.02, 0.07, 0.09, 0.08, 0.07, -0.33, -0.33, -0.34, -0.34, -0.35, -0.36, -0.37, -0.38, -0.41, -0.45, -0.47, -0.37, -0.3, -0.22, -0.09, -0.03, 0.01, 0.04, 0.04, 0.04, -0.34, -0.34, -0.35, -0.35, -0.36, -0.37, -0.39, -0.42, -0.46, -0.53, -0.58, -0.45, -0.34, -0.26, -0.13, -0.07, -0.03, -0.0, 0.01, 0.01, -0.34, -0.35, -0.35, -0.36, -0.37, -0.38, -0.4, -0.43, -0.42, -0.49, -0.54, -0.45, -0.35, -0.28, -0.16, -0.1, -0.06, -0.04, -0.02, -0.01, -0.35, -0.35, -0.36, -0.37, -0.38, -0.39, -0.41, -0.43, -0.4, -0.43, -0.44, -0.4, -0.34, -0.28, -0.18, -0.13, -0.09, -0.06, -0.04, -0.03, -0.35, -0.36, -0.36, -0.37, -0.38, -0.39, -0.41, -0.35, -0.37, -0.39, -0.39, -0.36, -0.32, -0.28, -0.18, -0.14, -0.11, -0.08, -0.06, -0.05]}, {"header": {"refTime": "2023-09-04T04:00:00.000Z", "nx": 21, "ny": 33, "lo1": 113.509, "la1": 22.2235, "lo2": 113.5947, "la2": 22.1034, "dx": 0.0042850000000001385, "dy": 0.003753125000000024, "parameterCategory": 0, "parameterCategoryName": "Temperature", "parameterNumber": 0}, "data": [[27.87, 27.88, 27.88, 27.99, 27.98, 28.21, 28.19, 28.17, 28.18, 28.2, 28.26, 28.32, 28.55, 28.59, 28.61, 28.63, 28.88, 28.87, 28.87, 28.87], [27.87, 27.87, 27.88, 27.88, 27.98, 27.97, 28.16, 28.12, 28.1, 28.15, 28.26, 28.34, 28.59, 28.62, 28.64, 28.88, 28.87, 28.87, 28.87, 28.86], [27.87, 27.87, 27.88, 27.88, 27.98, 27.98, 27.97, 28.08, 27.95, 28.12, 28.28, 28.4, 28.65, 28.68, 28.89, 28.88, 28.87, 28.87, 28.86, 28.86], [27.86, 27.87, 27.87, 27.88, 27.89, 27.98, 27.97, 27.96, 27.94, 28.17, 28.33, 28.5, 28.75, 28.76, 28.89, 28.88, 28.87, 28.86, 28.86, 28.85], [27.86, 27.86, 27.87, 27.87, 27.89, 28.0, 27.99, 27.99, 27.98, 28.24, 28.38, 28.77, 28.9, 28.79, 28.89, 28.87, 28.86, 28.85, 28.85, 28.85], [27.85, 27.86, 27.86, 27.87, 27.88, 27.9, 28.01, 28.01, 28.01, 28.01, 28.56, 28.7, 28.81, 28.93, 28.88, 28.86, 28.84, 28.84, 28.84, 28.84], [27.82, 27.85, 27.85, 27.85, 27.87, 27.89, 27.95, 28.04, 28.04, 28.19, 28.22, 28.59, 28.89, 28.9, 28.87, 28.85, 28.83, 28.82, 28.84, 28.85], [27.81, 27.81, 27.81, 27.81, 27.82, 27.89, 27.94, 28.01, 28.13, 28.16, 28.1, 28.55, 28.56, 28.9, 28.8, 28.8, 28.8, 28.8, 28.8, 28.8], [27.89, 27.88, 27.79, 27.78, 27.78, 27.8, 27.86, 27.96, 28.07, 28.21, 28.31, 28.43, 28.48, 28.41, 28.8, 28.8, 28.8, 28.8, 28.8, 28.8], [27.6, 27.6, 27.6, 27.83, 27.8, 27.71, 27.77, 27.86, 28.04, 28.05, 28.49, 28.35, 28.4, 28.37, 28.8, 28.8, 28.8, 28.8, 28.8, 28.8], [27.6, 27.6, 27.6, 27.6, 27.6, 27.6, 27.6, 27.6, 27.78, 28.07, 28.0, 28.3, 28.34, 28.34, 28.8, 28.8, 28.8, 28.8, 28.8, 28.8], [27.6, 27.6, 27.6, 27.6, 27.6, 27.6, 27.6, 27.6, 27.6, -999.0, 28.0, 28.8, 28.8, 28.32, 28.8, 28.8, 28.8, 27.95, 27.97, 27.97], [27.6, 27.6, 27.6, 27.6, 27.6, 27.6, 27.6, 27.6, 27.6, 27.6, -999.0, 28.8, 28.8, 27.82, 28.25, 28.25, 28.27, 28.08, 28.11, 28.12], [27.6, 27.6, 27.6, 27.6, 27.6, 27.6, 27.6, 27.6, 27.6, 27.6, -999.0, 27.3, 27.3, 27.3, 28.12, 28.13, 28.15, 27.96, 28.0, 28.04], [27.6, 27.6, 27.6, 27.6, 27.6, 27.6, 27.6, 27.7, 27.7, 27.7, 27.7, 27.55, 27.3, 27.3, 27.3, 27.99, 28.03, 27.86, 27.91, 27.96], [27.6, 27.6, 27.66, 27.66, 27.67, 27.7, 27.7, 27.7, 27.7, 27.7, 27.45, 27.48, 27.44, 27.41, 27.44, 27.48, 27.51, 27.46, 27.82, 27.86], [27.66, 27.66, 27.64, 27.64, 27.7, 27.7, 27.7, 27.7, 27.7, 27.7, 27.53, 27.48, 27.43, 27.38, 27.4, 27.36, 27.39, 27.4, 27.41, 27.42], [27.64, 27.64, 27.64, 27.64, 27.7, 27.7, 27.7, 27.7, 27.7, 27.6, 27.54, 27.48, 27.42, 27.41, 27.32, 27.36, 27.39, 27.41, 27.42, 27.43], [27.64, 27.64, 27.64, 27.7, 27.7, 27.7, 27.7, 27.7, 27.66, 27.62, 27.58, 27.53, 27.5, 27.44, 27.35, 27.38, 27.4, 27.42, 27.43, 27.44], [27.64, 27.64, 27.7, 27.7, 27.7, 27.7, 27.7, 27.7, 27.66, 27.63, 27.59, 27.55, 27.53, 27.5, 27.4, 27.41, 27.43, 27.44, 27.44, 27.45], [27.7, 27.7, 27.7, 27.7, 27.7, 27.7, 27.7, 27.7, 27.64, 27.62, 27.6, 27.57, 27.56, 27.42, 27.43, 27.45, 27.46, 27.46, 27.46, 27.45], [27.7, 27.7, 27.7, 27.7, 27.7, 27.7, 27.7, 27.79, 27.63, 27.62, 27.6, 27.58, 27.59, 27.45, 27.46, 27.48, 27.5, 27.49, 27.47, 27.46], [27.7, 27.7, 27.7, 27.83, 27.82, 27.81, 27.81, 27.8, 27.79, 27.8, 27.81, 27.73, 27.59, 27.46, 27.48, 27.51, 27.55, 27.52, 27.48, 27.46], [27.84, 27.84, 27.84, 27.84, 27.83, 27.82, 27.82, 27.81, 27.79, 27.79, 27.8, 27.85, 27.59, 27.57, 27.56, 27.52, 27.66, 27.48, 27.46, 27.46], [27.85, 27.85, 27.85, 27.84, 27.84, 27.84, 27.83, 27.81, 27.78, 27.75, 27.8, 27.86, 27.87, 27.57, 27.55, 27.53, 27.44, 27.37, 27.43, 27.45], [27.86, 27.86, 27.86, 27.86, 27.85, 27.85, 27.84, 27.83, 27.8, 27.76, 27.84, 27.88, 27.89, 27.57, 27.54, 27.59, 27.53, 27.51, 27.43, 27.44], [27.86, 27.86, 27.87, 27.87, 27.87, 27.87, 27.87, 27.87, 27.86, 27.87, 27.91, 27.93, 27.92, 27.75, 27.69, 27.63, 27.59, 27.57, 27.57, 27.59], [27.87, 27.87, 27.87, 27.88, 27.88, 27.89, 27.9, 27.91, 27.93, 27.99, 28.01, 27.9, 27.83, 27.76, 27.72, 27.67, 27.63, 27.61, 27.61, 27.61], [27.88, 27.88, 27.88, 27.89, 27.89, 27.9, 27.92, 27.94, 27.99, 28.07, 28.12, 27.98, 27.88, 27.8, 27.76, 27.71, 27.67, 27.65, 27.64, 27.63], [27.88, 27.88, 27.89, 27.9, 27.9, 27.92, 27.93, 27.96, 27.95, 28.03, 28.07, 27.98, 27.89, 27.82, 27.78, 27.73, 27.7, 27.68, 27.66, 27.66], [27.89, 27.89, 27.9, 27.9, 27.91, 27.92, 27.94, 27.97, 27.93, 27.97, 27.98, 27.94, 27.88, 27.82, 27.8, 27.75, 27.72, 27.7, 27.68, 27.68], [27.89, 27.89, 27.9, 27.91, 27.92, 27.93, 27.94, 27.88, 27.9, 27.92, 27.92, 27.9, 27.86, 27.82, 27.8, 27.77, 27.74, 27.72, 27.7, 27.69]]}]