gis_exercise/awsData/contour/wdir_2023090101.json
[{"header": {"refTime": "2023-09-01T01:00:00.000Z", "nx": 21, "ny": 33, "lo1": 113.509, "la1": 22.2235, "lo2": 113.5947, "la2": 22.1034, "dx": 0.0042850000000001385, "dy": 0.003753125000000024, "parameterCategory": 2, "parameterCategoryName": "Temperature", "parameterNumber": 2}, "data": [0.47, 0.46, 0.44, 0.76, 0.71, 0.6, 0.53, 0.47, 0.46, 0.63, 0.77, 0.9, 0.82, 0.88, 1.04, 1.08, 1.46, 1.46, 1.46, 1.46, 0.48, 0.47, 0.45, 0.43, 0.72, 0.64, 0.48, 0.35, 0.27, 0.51, 0.75, 0.93, 0.88, 0.94, 1.09, 1.47, 1.47, 1.47, 1.47, 1.47, 0.49, 0.48, 0.47, 0.45, 0.74, 0.66, 0.53, 0.26, -0.11, 0.4, 0.78, 1.02, 0.99, 1.03, 1.47, 1.47, 1.47, 1.47, 1.47, 1.47, 0.51, 0.5, 0.49, 0.48, 0.45, 0.73, 0.62, 0.44, 0.27, 0.59, 0.93, 1.17, 1.16, 1.54, 1.47, 1.47, 1.48, 1.48, 1.48, 1.48, 0.52, 0.52, 0.52, 0.52, 0.51, 0.83, 0.79, 0.73, 0.72, 0.9, 1.12, 1.55, 1.57, 1.54, 1.47, 1.47, 1.48, 1.49, 1.49, 1.48, 0.54, 0.54, 0.54, 0.55, 0.56, 0.58, 0.95, 0.98, 1.03, 1.1, 1.56, 1.54, 1.54, 1.67, 1.46, 1.47, 1.5, 1.51, 1.5, 1.49, 0.81, 0.56, 0.57, 0.58, 0.61, 0.65, 1.24, 1.16, 1.23, 1.52, 1.55, 1.49, 1.61, 1.69, 1.44, 1.47, 1.52, 1.54, 1.73, 1.78, 0.79, 0.79, 0.79, 1.18, 1.18, 1.12, 1.2, 1.29, 1.37, 1.55, 1.71, 1.57, 1.56, 1.75, 1.77, 1.72, 1.66, 1.63, 1.67, 1.69, 0.78, 0.78, 0.77, 0.76, 1.11, 1.13, 1.21, 1.24, 1.61, 1.5, 1.82, 1.84, 2.08, 1.96, 1.83, 1.77, 1.71, 1.69, 1.7, 1.71, 1.02, 1.0, 0.97, 0.72, 0.69, 0.96, 1.13, 1.33, 1.76, 1.78, 1.89, 2.02, 2.23, 2.05, 1.88, 1.81, 1.76, 1.73, 1.72, 1.73, 1.02, 1.0, 0.97, 0.92, 0.82, 0.52, 0.97, 1.31, 1.6, 1.87, 2.25, 1.99, 2.04, 2.01, 1.89, 1.83, 1.79, 1.76, 1.75, 1.74, 1.02, 1.0, 0.97, 0.94, 0.88, 0.87, 1.08, 1.56, 1.79, 1.95, 2.25, 2.07, 2.07, 1.97, 1.87, 1.83, 1.8, 1.97, 1.95, 1.94, 1.02, 1.01, 0.99, 0.97, 0.95, 0.95, 1.01, 1.42, 1.66, 1.49, 1.92, 2.06, 2.06, 1.93, 1.92, 2.03, 2.0, 1.97, 1.96, 1.95, 1.03, 1.02, 1.01, 1.0, 0.98, 0.94, 0.79, 1.14, 1.35, 1.37, 1.85, 2.23, 2.22, 2.2, 1.9, 2.0, 1.98, 1.97, 1.96, 1.95, 1.04, 1.03, 1.03, 1.02, 1.01, 0.99, 1.0, 1.22, 1.34, 1.39, 1.39, 1.75, 2.16, 2.13, 2.12, 1.97, 1.96, 1.96, 1.96, 1.95, 1.05, 1.05, 0.72, 0.73, 0.73, 1.18, 1.19, 1.23, 1.28, 1.31, 1.68, 1.7, 1.72, 1.82, 1.83, 2.71, 2.86, 3.01, 2.87, 2.94, 0.74, 0.74, 0.74, 0.75, 1.21, 1.2, 1.2, 1.21, 1.23, 1.26, 1.61, 1.66, 1.71, 1.75, 2.18, 2.22, 2.36, 2.46, 2.53, 2.57, 0.75, 0.75, 0.76, 0.77, 1.22, 1.21, 1.2, 1.18, 1.18, 1.15, 1.22, 1.62, 1.69, 2.15, 1.87, 2.18, 2.38, 2.5, 2.57, 2.61, 0.76, 0.76, 0.78, 1.23, 1.22, 1.2, 1.18, 1.14, 1.09, 1.14, 1.33, 1.43, 2.35, 2.31, 2.15, 2.31, 2.48, 2.59, 2.64, 2.66, 0.77, 0.77, 1.01, 1.01, 1.02, 1.03, 1.04, 1.06, 1.17, 1.24, 1.33, 1.41, 2.5, 2.59, 2.44, 2.54, 2.65, 2.71, 2.73, 2.72, 1.02, 1.02, 1.03, 1.03, 1.04, 1.05, 1.06, 1.07, 1.25, 1.28, 1.34, 1.39, 2.7, 2.61, 2.68, 2.78, 2.86, 2.87, 2.83, 2.78, 1.03, 1.04, 1.04, 1.05, 1.06, 1.07, 1.08, 1.37, 1.29, 1.31, 1.35, 1.38, 2.96, 2.76, 2.87, 3.03, 3.13, 3.06, 2.91, 2.81, 1.04, 1.05, 1.06, 1.46, 1.45, 1.44, 1.43, 1.42, 1.42, 1.42, 1.44, 2.45, 2.5, 2.85, 3.01, 3.28, 3.59, 3.26, 2.91, 2.79, 1.5, 1.5, 1.49, 1.49, 1.48, 1.47, 1.46, 1.45, 1.44, 1.44, 1.46, 2.68, 2.44, 2.67, 2.92, 3.32, 4.56, 2.89, 2.7, 2.7, 1.52, 1.52, 1.51, 1.51, 1.51, 1.51, 1.5, 1.48, 1.43, 1.39, 1.47, 2.55, 2.97, 2.6, 2.79, 2.9, 2.52, 1.8, 2.46, 2.61, 1.53, 1.53, 1.54, 1.54, 1.54, 1.54, 1.54, 1.52, 1.47, 1.43, 2.11, 2.5, 2.87, 2.52, 2.64, 2.79, 2.56, 2.4, 2.48, 2.58, 1.55, 1.55, 1.56, 1.56, 1.57, 1.58, 1.59, 1.59, 1.59, 1.61, 2.28, 2.51, 2.8, 2.74, 2.76, 2.73, 2.64, 2.58, 2.61, 2.66, 1.56, 1.57, 1.58, 1.59, 1.6, 1.62, 1.64, 1.67, 1.73, 2.3, 2.36, 1.67, 1.52, 1.36, 2.71, 2.7, 2.67, 2.65, 2.66, 2.68, 1.58, 1.58, 1.6, 1.61, 1.63, 1.65, 1.68, 1.74, 1.83, 2.34, 2.09, 1.81, 1.6, 1.44, 2.67, 2.68, 2.68, 2.68, 2.68, 2.7, 1.59, 1.6, 1.61, 1.63, 1.65, 1.67, 1.71, 1.77, 1.75, 1.91, 2.0, 1.82, 1.63, 1.48, 2.65, 2.67, 2.68, 2.69, 2.69, 2.7, 1.6, 1.61, 1.62, 1.64, 1.66, 1.69, 1.73, 1.78, 1.71, 1.79, 1.81, 1.73, 1.61, 1.49, 2.64, 2.66, 2.68, 2.69, 2.7, 2.71, 1.61, 1.62, 1.63, 1.65, 1.67, 1.7, 1.73, 1.61, 1.66, 1.69, 1.69, 1.65, 1.57, 1.48, 2.64, 2.66, 2.68, 2.69, 2.7, 2.71]}, {"header": {"refTime": "2023-09-01T01:00:00.000Z", "nx": 21, "ny": 33, "lo1": 113.509, "la1": 22.2235, "lo2": 113.5947, "la2": 22.1034, "dx": 0.0042850000000001385, "dy": 0.003753125000000024, "parameterCategory": 2, "parameterCategoryName": "Temperature", "parameterNumber": 3}, "data": [-1.41, -1.37, -1.33, -0.93, -0.89, -0.51, -0.47, -0.43, -0.41, -0.36, -0.37, -0.37, -0.72, -0.75, -1.21, -1.36, -2.19, -2.28, -2.35, -2.4, -1.44, -1.4, -1.35, -1.29, -0.9, -0.84, -0.47, -0.4, -0.35, -0.34, -0.36, -0.36, -0.69, -0.73, -1.21, -2.07, -2.22, -2.33, -2.41, -2.46, -1.47, -1.44, -1.39, -1.33, -0.92, -0.86, -0.76, -0.38, -0.23, -0.32, -0.36, -0.34, -0.65, -0.7, -1.85, -2.09, -2.28, -2.43, -2.51, -2.55, -1.51, -1.48, -1.44, -1.39, -1.31, -0.91, -0.83, -0.69, -0.56, -0.36, -0.37, -0.31, -0.55, -0.88, -1.8, -2.15, -2.41, -2.57, -2.64, -2.65, -1.56, -1.54, -1.51, -1.47, -1.41, -0.99, -0.96, -0.92, -0.89, -0.47, -0.43, -0.77, -0.32, -0.79, -1.83, -2.28, -2.62, -2.79, -2.82, -2.78, -1.61, -1.61, -1.59, -1.57, -1.53, -1.47, -1.1, -1.12, -1.14, -1.15, -1.27, -1.04, -0.72, -1.6, -2.01, -2.51, -2.95, -3.14, -3.05, -2.92, -2.44, -1.68, -1.68, -1.68, -1.66, -1.62, -1.85, -1.31, -1.34, -1.74, -1.79, -1.56, -2.22, -2.22, -2.26, -2.75, -3.4, -3.64, -3.52, -3.35, -2.46, -2.46, -2.45, -2.71, -2.67, -2.0, -1.9, -1.75, -1.67, -1.69, -1.57, -2.74, -2.97, -2.74, -3.79, -3.88, -3.99, -4.02, -3.97, -3.93, -2.48, -2.49, -2.49, -2.49, -2.73, -2.69, -2.59, -1.85, -1.98, -1.77, -2.57, -3.09, -3.64, -3.38, -3.83, -3.88, -3.93, -3.95, -3.94, -3.92, -3.15, -3.14, -3.12, -2.54, -2.57, -2.78, -2.77, -2.75, -2.35, -2.25, -2.91, -3.33, -3.81, -3.47, -3.87, -3.87, -3.9, -3.91, -3.91, -3.9, -3.15, -3.14, -3.11, -3.08, -3.0, -2.78, -3.11, -3.36, -3.14, -2.64, -3.41, -3.24, -3.39, -3.35, -3.88, -3.87, -3.88, -3.89, -3.89, -3.89, -3.15, -3.14, -3.12, -3.09, -3.05, -3.04, -3.2, -3.54, -3.71, -3.87, -3.5, -3.87, -3.87, -3.24, -3.87, -3.87, -3.87, -4.08, -4.08, -4.07, -3.16, -3.15, -3.13, -3.12, -3.11, -3.11, -3.15, -3.44, -3.62, -3.49, -3.86, -3.86, -3.86, -3.72, -3.7, -4.07, -4.06, -4.05, -4.05, -4.05, -3.16, -3.16, -3.15, -3.14, -3.13, -3.11, -3.0, -3.25, -3.4, -3.41, -3.81, -4.04, -4.03, -4.01, -3.67, -4.01, -4.0, -4.01, -4.01, -4.02, -3.17, -3.17, -3.16, -3.16, -3.15, -3.14, -3.15, -3.29, -3.37, -3.4, -3.41, -3.6, -3.96, -3.93, -3.91, -3.93, -3.95, -3.96, -3.98, -3.99, -3.18, -3.17, -2.92, -2.93, -2.93, -3.26, -3.26, -3.29, -3.32, -3.34, -3.55, -3.56, -3.56, -3.66, -3.66, -4.0, -4.07, -4.13, -4.08, -4.12, -2.93, -2.93, -2.93, -2.94, -3.27, -3.27, -3.26, -3.27, -3.28, -3.29, -3.5, -3.52, -3.54, -3.55, -3.67, -3.9, -4.01, -4.11, -4.17, -4.22, -2.94, -2.94, -2.94, -2.95, -3.27, -3.26, -3.25, -3.23, -3.22, -3.17, -3.21, -3.49, -3.52, -3.65, -3.58, -3.86, -4.03, -4.13, -4.2, -4.25, -2.94, -2.95, -2.95, -3.28, -3.27, -3.25, -3.23, -3.19, -3.13, -3.17, -2.97, -3.02, -3.69, -3.7, -3.84, -3.96, -4.1, -4.19, -4.25, -4.29, -2.95, -2.95, -2.65, -2.67, -2.69, -2.72, -2.79, -2.88, -3.0, -2.94, -2.91, -2.94, -3.74, -3.78, -4.06, -4.13, -4.22, -4.28, -4.32, -4.34, -2.61, -2.61, -2.62, -2.62, -2.64, -2.66, -2.69, -2.73, -2.84, -2.82, -2.81, -2.84, -3.81, -4.19, -4.23, -4.29, -4.35, -4.38, -4.39, -4.39, -2.58, -2.58, -2.58, -2.58, -2.58, -2.58, -2.57, -2.48, -2.66, -2.65, -2.67, -2.72, -3.38, -4.3, -4.36, -4.43, -4.48, -4.49, -4.47, -4.44, -2.55, -2.55, -2.54, -2.4, -2.39, -2.38, -2.36, -2.32, -2.28, -2.25, -2.25, -2.94, -3.56, -4.38, -4.45, -4.54, -4.62, -4.59, -4.52, -4.48, -2.39, -2.38, -2.37, -2.36, -2.34, -2.31, -2.27, -2.19, -2.1, -2.05, -2.11, -2.64, -3.49, -3.83, -4.13, -4.59, -4.79, -4.61, -4.54, -4.5, -2.37, -2.36, -2.35, -2.33, -2.3, -2.27, -2.2, -2.1, -1.94, -1.81, -1.99, -2.55, -2.86, -3.78, -4.08, -4.33, -4.57, -4.51, -4.52, -4.5, -2.35, -2.34, -2.33, -2.31, -2.28, -2.24, -2.18, -2.09, -1.94, -1.83, -2.23, -2.52, -2.79, -3.72, -4.0, -4.32, -4.4, -4.41, -4.51, -4.49, -2.34, -2.33, -2.32, -2.3, -2.27, -2.24, -2.19, -2.13, -2.07, -2.06, -2.37, -2.54, -2.75, -3.86, -4.05, -4.19, -4.28, -4.31, -4.31, -4.29, -2.34, -2.32, -2.31, -2.29, -2.27, -2.24, -2.21, -2.19, -2.18, -2.4, -2.45, -2.47, -2.6, -2.76, -3.93, -4.07, -4.17, -4.21, -4.23, -4.23, -2.33, -2.32, -2.31, -2.29, -2.27, -2.26, -2.24, -2.24, -2.25, -2.45, -2.42, -2.49, -2.59, -2.73, -3.82, -3.96, -4.06, -4.12, -4.16, -4.17, -2.33, -2.32, -2.31, -2.29, -2.28, -2.27, -2.26, -2.26, -2.44, -2.44, -2.45, -2.5, -2.6, -2.71, -3.74, -3.88, -3.98, -4.05, -4.09, -4.11, -2.33, -2.32, -2.31, -2.3, -2.29, -2.28, -2.28, -2.28, -2.47, -2.48, -2.5, -2.54, -2.61, -2.7, -3.69, -3.82, -3.92, -3.98, -4.03, -4.06, -2.32, -2.32, -2.31, -2.3, -2.29, -2.29, -2.29, -2.5, -2.51, -2.52, -2.54, -2.58, -2.64, -2.7, -3.68, -3.78, -3.87, -3.93, -3.98, -4.01]}, {"header": {"refTime": "2023-09-01T01:00:00.000Z", "nx": 21, "ny": 33, "lo1": 113.509, "la1": 22.2235, "lo2": 113.5947, "la2": 22.1034, "dx": 0.0042850000000001385, "dy": 0.003753125000000024, "parameterCategory": 0, "parameterCategoryName": "Temperature", "parameterNumber": 0}, "data": [[27.47, 27.45, 27.42, 27.19, 27.17, 27.4, 27.36, 27.32, 27.32, 27.35, 27.45, 27.55, 27.76, 27.82, 27.85, 27.86, 28.19, 28.18, 28.17, 28.16], [27.48, 27.46, 27.44, 27.4, 27.18, 27.14, 27.32, 27.23, 27.18, 27.27, 27.44, 27.59, 27.82, 27.87, 27.89, 28.2, 28.19, 28.17, 28.16, 28.16], [27.5, 27.48, 27.46, 27.42, 27.19, 27.16, 27.1, 27.15, 26.89, 27.2, 27.47, 27.67, 27.92, 27.95, 28.23, 28.2, 28.18, 28.16, 28.15, 28.15], [27.52, 27.51, 27.49, 27.46, 27.42, 27.19, 27.14, 27.07, 27.0, 27.3, 27.57, 27.82, 28.08, 28.17, 28.24, 28.2, 28.17, 28.15, 28.14, 28.14], [27.55, 27.54, 27.53, 27.5, 27.47, 27.23, 27.21, 27.19, 27.17, 27.46, 27.67, 28.19, 28.37, 28.21, 28.23, 28.18, 28.14, 28.13, 28.12, 28.12], [27.58, 27.58, 27.57, 27.56, 27.53, 27.5, 27.29, 27.3, 27.31, 27.31, 27.94, 28.1, 28.24, 28.33, 28.21, 28.15, 28.11, 28.09, 28.1, 28.11], [27.93, 27.61, 27.62, 27.62, 27.6, 27.58, 27.7, 27.4, 27.42, 27.59, 27.59, 27.93, 28.22, 28.24, 28.17, 28.13, 28.07, 28.04, 28.09, 28.12], [27.94, 27.95, 27.95, 27.94, 27.93, 27.78, 27.72, 27.65, 27.6, 27.56, 27.49, 27.82, 27.82, 28.25, 28.0, 28.0, 28.0, 28.0, 28.0, 28.0], [27.86, 27.87, 27.97, 27.98, 27.98, 27.96, 27.89, 27.7, 27.54, 27.6, 27.63, 27.72, 27.76, 27.7, 28.0, 28.0, 28.0, 28.0, 28.0, 28.0], [28.2, 28.2, 28.2, 27.92, 27.96, 28.06, 27.99, 27.89, 27.49, 27.5, 27.76, 27.66, 27.7, 27.68, 28.0, 28.0, 28.0, 28.0, 28.0, 28.0], [28.2, 28.2, 28.2, 28.2, 28.2, 28.2, 28.2, 28.2, 27.99, 27.53, 27.4, 27.63, 27.66, 27.66, 28.0, 28.0, 28.0, 28.0, 28.0, 28.0], [28.2, 28.2, 28.2, 28.2, 28.2, 28.2, 28.2, 28.2, 28.2, -999.0, 27.4, 28.0, 28.0, 27.64, 28.0, 28.0, 28.0, 27.15, 27.17, 27.17], [28.2, 28.2, 28.2, 28.2, 28.2, 28.2, 28.2, 28.2, 28.2, 28.2, -999.0, 28.0, 28.0, 27.02, 27.45, 27.45, 27.47, 27.28, 27.31, 27.32], [28.2, 28.2, 28.2, 28.2, 28.2, 28.2, 28.2, 28.2, 28.2, 28.2, -999.0, 26.5, 26.5, 26.5, 27.32, 27.33, 27.35, 27.16, 27.2, 27.24], [28.2, 28.2, 28.2, 28.2, 28.2, 28.2, 28.2, 28.0, 28.0, 28.0, 28.0, 27.42, 26.5, 26.5, 26.5, 27.19, 27.23, 27.06, 27.11, 27.16], [28.2, 28.2, 28.07, 28.07, 28.07, 28.0, 28.0, 28.0, 28.0, 28.0, 27.06, 27.16, 27.02, 26.9, 27.03, 27.12, 27.22, 27.05, 27.35, 27.41], [28.07, 28.07, 28.13, 28.13, 28.0, 28.0, 28.0, 28.0, 28.0, 28.0, 27.35, 27.17, 26.97, 26.79, 26.87, 26.85, 26.97, 27.07, 27.14, 27.18], [28.13, 28.13, 28.12, 28.12, 28.0, 28.0, 28.0, 28.0, 28.0, 27.62, 27.42, 27.19, 26.96, 26.88, 26.55, 26.81, 26.99, 27.1, 27.17, 27.21], [28.12, 28.12, 28.12, 28.0, 28.0, 28.0, 28.0, 28.0, 27.87, 27.71, 27.6, 27.42, 27.22, 27.01, 26.79, 26.92, 27.06, 27.16, 27.22, 27.26], [28.12, 28.12, 28.11, 28.11, 28.1, 28.09, 28.07, 28.03, 27.88, 27.78, 27.64, 27.48, 27.33, 27.21, 27.02, 27.09, 27.19, 27.26, 27.29, 27.31], [28.12, 28.12, 28.12, 28.08, 28.08, 28.07, 28.07, 28.06, 27.81, 27.76, 27.67, 27.55, 27.43, 27.16, 27.2, 27.27, 27.33, 27.37, 27.37, 27.36], [28.09, 28.09, 28.09, 28.09, 28.09, 28.09, 28.08, 28.16, 27.81, 27.78, 27.71, 27.62, 27.6, 27.28, 27.34, 27.42, 27.48, 27.48, 27.45, 27.41], [28.1, 28.1, 28.1, 28.2, 28.2, 28.19, 28.19, 28.19, 28.19, 28.2, 28.2, 28.14, 27.87, 27.36, 27.44, 27.55, 27.66, 27.59, 27.5, 27.45], [28.22, 28.21, 28.21, 28.21, 28.21, 28.21, 28.21, 28.21, 28.21, 28.21, 28.22, 28.27, 27.88, 27.83, 27.79, 27.6, 27.92, 27.57, 27.49, 27.45], [28.22, 28.22, 28.22, 28.22, 28.22, 28.23, 28.23, 28.23, 28.22, 28.21, 28.23, 28.28, 28.29, 27.83, 27.78, 27.73, 27.5, 27.37, 27.45, 27.45], [28.23, 28.23, 28.23, 28.23, 28.24, 28.24, 28.24, 28.24, 28.24, 28.23, 28.28, 28.3, 28.3, 27.83, 27.77, 27.76, 27.67, 27.62, 27.44, 27.44], [28.24, 28.24, 28.24, 28.25, 28.25, 28.26, 28.26, 28.27, 28.27, 28.28, 28.32, 28.33, 28.32, 27.95, 27.87, 27.8, 27.74, 27.71, 27.72, 27.74], [28.24, 28.25, 28.25, 28.25, 28.26, 28.27, 28.28, 28.29, 28.32, 28.37, 28.38, 28.2, 28.11, 28.0, 27.92, 27.85, 27.8, 27.77, 27.76, 27.77], [28.25, 28.25, 28.26, 28.26, 28.27, 28.28, 28.3, 28.32, 28.35, 28.42, 28.42, 28.27, 28.15, 28.04, 27.96, 27.89, 27.85, 27.82, 27.81, 27.8], [28.25, 28.26, 28.26, 28.27, 28.28, 28.29, 28.31, 28.33, 28.25, 28.33, 28.37, 28.27, 28.16, 28.07, 27.99, 27.93, 27.89, 27.86, 27.84, 27.83], [28.26, 28.26, 28.27, 28.27, 28.28, 28.29, 28.31, 28.33, 28.23, 28.26, 28.27, 28.22, 28.15, 28.07, 28.01, 27.95, 27.91, 27.89, 27.87, 27.86], [28.26, 28.26, 28.27, 28.28, 28.29, 28.3, 28.31, 28.17, 28.19, 28.21, 28.21, 28.17, 28.13, 28.07, 28.01, 27.97, 27.93, 27.91, 27.89, 27.88]]}]