gis_exercise/awsData/contour/wdir_2023091201.json
[{"header": {"refTime": "2023-09-12T01:00:00.000Z", "nx": 21, "ny": 33, "lo1": 113.509, "la1": 22.2235, "lo2": 113.5947, "la2": 22.1034, "dx": 0.0042850000000001385, "dy": 0.003753125000000024, "parameterCategory": 2, "parameterCategoryName": "Temperature", "parameterNumber": 2}, "data": [-1.17, -1.15, -1.12, -0.96, -0.91, -1.19, -1.09, -1.0, -0.98, -0.75, -0.88, -1.01, -1.29, -1.36, -2.44, -2.59, -3.12, -3.2, -3.25, -3.28, -1.19, -1.17, -1.14, -1.1, -0.93, -0.85, -1.03, -0.84, -0.72, -0.64, -0.87, -1.07, -1.37, -1.44, -2.5, -3.06, -3.17, -3.26, -3.32, -3.35, -1.21, -1.2, -1.17, -1.13, -0.96, -0.88, -0.75, -0.71, -0.2, -0.56, -0.92, -1.18, -1.5, -1.55, -2.92, -3.09, -3.24, -3.35, -3.41, -3.43, -1.24, -1.23, -1.21, -1.18, -1.14, -0.96, -0.86, -0.67, -0.49, -0.69, -1.05, -1.38, -1.71, -1.83, -2.91, -3.15, -3.36, -3.49, -3.55, -3.54, -1.26, -1.26, -1.25, -1.25, -1.23, -1.09, -1.04, -0.97, -0.92, -0.9, -1.18, -1.86, -2.1, -1.89, -2.92, -3.26, -3.56, -3.72, -3.73, -3.68, -1.29, -1.29, -1.3, -1.31, -1.32, -1.35, -1.26, -1.29, -1.27, -1.17, -1.53, -1.73, -1.93, -2.54, -2.97, -3.43, -3.89, -4.08, -3.97, -3.81, -2.21, -1.32, -1.33, -1.36, -1.39, -1.46, -1.76, -1.64, -1.65, -1.54, -1.34, -1.51, -2.48, -2.62, -3.02, -3.6, -4.36, -4.64, -4.64, -4.48, -2.2, -2.18, -2.16, -2.3, -2.3, -1.65, -1.77, -2.01, -2.25, -1.49, -1.04, -1.92, -2.14, -2.79, -3.73, -4.14, -4.62, -4.79, -4.53, -4.36, -2.2, -2.17, -2.13, -2.09, -2.2, -2.22, -2.35, -1.84, -2.29, -1.58, -1.98, -2.5, -3.26, -2.89, -3.77, -4.04, -4.32, -4.44, -4.39, -4.29, -2.57, -2.53, -2.46, -2.04, -1.92, -1.97, -2.23, -2.52, -2.48, -2.29, -2.37, -2.9, -3.55, -3.06, -3.81, -3.96, -4.13, -4.22, -4.24, -4.2, -2.58, -2.54, -2.47, -2.35, -2.09, -1.35, -2.32, -2.87, -2.92, -2.64, -3.21, -2.77, -2.97, -2.91, -3.82, -3.91, -4.02, -4.09, -4.12, -4.12, -2.61, -2.57, -2.52, -2.45, -2.32, -2.26, -2.66, -3.22, -3.46, -3.86, -3.31, -3.5, -3.5, -2.76, -3.81, -3.88, -3.95, -4.05, -4.06, -4.05, -2.64, -2.62, -2.6, -2.58, -2.6, -2.74, -2.98, -3.23, -3.38, -3.2, -3.88, -3.49, -3.48, -2.85, -2.79, -3.8, -3.83, -3.86, -3.88, -3.9, -2.67, -2.67, -2.67, -2.69, -2.76, -2.92, -3.13, -3.11, -3.16, -3.13, -3.84, -3.47, -3.38, -3.29, -2.64, -3.55, -3.59, -3.65, -3.71, -3.75, -2.7, -2.71, -2.72, -2.76, -2.82, -2.92, -3.01, -2.69, -2.59, -2.47, -2.37, -1.84, -3.17, -3.04, -2.96, -3.25, -3.34, -3.44, -3.53, -3.61, -2.73, -2.74, -1.55, -1.6, -1.66, -2.38, -2.35, -2.25, -2.14, -2.07, -1.62, -1.65, -1.67, -1.84, -1.88, -2.52, -2.61, -2.69, -2.95, -3.04, -1.43, -1.44, -1.45, -1.46, -2.11, -2.03, -1.88, -1.68, -1.56, -1.59, -1.34, -1.48, -1.58, -1.66, -1.61, -1.92, -1.98, -2.02, -2.06, -2.08, -1.37, -1.37, -1.35, -1.31, -1.88, -1.7, -1.4, -1.0, -0.8, -0.68, -0.96, -1.33, -1.51, -1.58, -1.74, -1.9, -1.99, -2.04, -2.07, -2.09, -1.32, -1.3, -1.26, -1.85, -1.69, -1.45, -1.06, -0.41, 0.24, -0.39, -0.88, -1.19, -1.33, -1.54, -1.89, -1.96, -2.03, -2.07, -2.1, -2.11, -1.27, -1.24, -1.79, -1.7, -1.56, -1.34, -1.01, -0.54, -0.13, -0.56, -0.98, -1.25, -1.32, -1.52, -2.01, -2.04, -2.09, -2.12, -2.13, -2.14, -1.9, -1.86, -1.8, -1.73, -1.61, -1.46, -1.25, -1.03, -0.77, -0.97, -1.21, -1.39, -1.35, -2.08, -2.1, -2.13, -2.16, -2.18, -2.17, -2.16, -1.92, -1.89, -1.84, -1.79, -1.72, -1.64, -1.56, -1.28, -1.31, -1.43, -1.53, -1.6, -2.68, -2.13, -2.17, -2.22, -2.25, -2.24, -2.21, -2.18, -1.94, -1.92, -1.9, -1.53, -1.54, -1.57, -1.62, -1.71, -1.84, -1.92, -1.92, -2.15, -2.76, -2.17, -2.22, -2.29, -2.37, -2.3, -2.22, -2.19, -1.59, -1.6, -1.62, -1.64, -1.69, -1.76, -1.89, -2.08, -2.32, -2.44, -2.3, -2.93, -2.78, -2.66, -2.56, -2.31, -2.59, -2.24, -2.19, -2.18, -1.64, -1.66, -1.69, -1.73, -1.8, -1.91, -2.07, -2.32, -2.73, -3.06, -2.61, -2.92, -2.83, -2.66, -2.55, -2.44, -2.17, -2.02, -2.14, -2.16, -1.68, -1.71, -1.75, -1.8, -1.88, -1.99, -2.14, -2.38, -2.74, -3.02, -3.0, -2.84, -2.77, -2.67, -2.55, -2.19, -2.16, -2.13, -2.14, -2.16, -1.72, -1.75, -1.79, -1.85, -1.92, -2.02, -2.14, -2.29, -2.45, -2.49, -2.75, -2.69, -2.68, -2.12, -2.15, -2.16, -2.16, -2.15, -2.16, -2.16, -1.74, -1.78, -1.82, -1.87, -1.93, -2.01, -2.09, -2.17, -2.21, -2.51, -2.42, -2.3, -2.31, -2.28, -2.12, -2.14, -2.15, -2.15, -2.15, -2.16, -1.76, -1.8, -1.84, -1.88, -1.93, -1.99, -2.04, -2.08, -2.07, -2.23, -1.96, -2.16, -2.24, -2.25, -2.1, -2.12, -2.14, -2.14, -2.15, -2.15, -1.78, -1.81, -1.84, -1.88, -1.92, -1.97, -2.0, -2.02, -2.26, -2.12, -2.02, -2.13, -2.21, -2.23, -2.08, -2.11, -2.12, -2.13, -2.14, -2.15, -1.79, -1.81, -1.84, -1.88, -1.91, -1.94, -1.97, -1.98, -2.26, -2.19, -2.15, -2.17, -2.21, -2.23, -2.08, -2.1, -2.11, -2.13, -2.13, -2.14, -1.79, -1.82, -1.84, -1.87, -1.9, -1.92, -1.94, -2.32, -2.28, -2.23, -2.21, -2.21, -2.23, -2.24, -2.07, -2.09, -2.11, -2.12, -2.13, -2.13]}, {"header": {"refTime": "2023-09-12T01:00:00.000Z", "nx": 21, "ny": 33, "lo1": 113.509, "la1": 22.2235, "lo2": 113.5947, "la2": 22.1034, "dx": 0.0042850000000001385, "dy": 0.003753125000000024, "parameterCategory": 2, "parameterCategoryName": "Temperature", "parameterNumber": 3}, "data": [0.36, 0.36, 0.36, 0.65, 0.62, 0.44, 0.41, 0.37, 0.36, 0.29, 0.32, 0.34, 0.4, 0.42, 0.04, 0.02, 0.26, 0.24, 0.23, 0.22, 0.36, 0.37, 0.37, 0.37, 0.62, 0.58, 0.4, 0.33, 0.29, 0.27, 0.31, 0.34, 0.4, 0.42, 0.05, 0.27, 0.25, 0.23, 0.21, 0.21, 0.36, 0.37, 0.37, 0.37, 0.64, 0.6, 0.52, 0.3, 0.15, 0.24, 0.32, 0.35, 0.41, 0.43, 0.3, 0.26, 0.23, 0.2, 0.18, 0.18, 0.36, 0.37, 0.37, 0.38, 0.39, 0.64, 0.58, 0.47, 0.37, 0.29, 0.34, 0.36, 0.4, 0.58, 0.3, 0.25, 0.19, 0.16, 0.14, 0.15, 0.36, 0.36, 0.37, 0.39, 0.41, 0.7, 0.68, 0.64, 0.62, 0.38, 0.4, 0.55, 0.4, 0.55, 0.3, 0.22, 0.14, 0.09, 0.09, 0.11, 0.35, 0.35, 0.37, 0.39, 0.42, 0.46, 0.79, 0.81, 0.81, 0.8, 0.72, 0.63, 0.52, 0.56, 0.31, 0.18, 0.04, -0.02, 0.02, 0.07, 0.71, 0.34, 0.35, 0.37, 0.41, 0.48, 0.79, 0.96, 0.98, 1.05, 1.0, 0.79, 0.71, 0.67, 0.32, 0.14, -0.1, -0.19, -0.11, -0.04, 0.7, 0.68, 0.66, 0.7, 0.72, 0.61, 0.75, 0.98, 1.21, 1.04, 0.93, 0.94, 0.94, 0.74, 0.47, 0.24, -0.03, -0.13, 0.02, 0.12, 0.69, 0.66, 0.63, 0.58, 0.6, 0.64, 0.79, 0.82, 1.23, 1.06, 0.87, 0.86, 0.79, 0.83, 0.5, 0.32, 0.15, 0.07, 0.1, 0.16, 0.78, 0.74, 0.69, 0.52, 0.4, 0.37, 0.61, 0.88, 1.28, 1.24, 0.85, 0.81, 0.75, 0.8, 0.51, 0.38, 0.27, 0.21, 0.2, 0.21, 0.79, 0.76, 0.7, 0.61, 0.4, -0.19, 0.57, 0.98, 1.11, 1.33, 1.04, 0.82, 0.8, 0.81, 0.51, 0.42, 0.34, 0.29, 0.26, 0.26, 0.81, 0.79, 0.75, 0.69, 0.59, 0.54, 0.85, 1.23, 1.38, 1.38, 1.12, 1.07, 1.01, 0.83, 0.5, 0.44, 0.38, 0.41, 0.4, 0.39, 0.84, 0.82, 0.81, 0.8, 0.82, 0.95, 1.15, 1.27, 1.35, 1.23, 1.3, 1.12, 1.07, 0.97, 0.98, 0.57, 0.54, 0.51, 0.48, 0.47, 0.86, 0.86, 0.87, 0.89, 0.96, 1.11, 1.34, 1.23, 1.23, 1.19, 1.31, 1.22, 1.19, 1.17, 1.03, 0.66, 0.63, 0.6, 0.56, 0.54, 0.89, 0.9, 0.91, 0.95, 1.01, 1.1, 1.18, 1.38, 1.37, 1.36, 1.34, 1.3, 1.22, 1.21, 1.21, 0.77, 0.73, 0.68, 0.64, 0.6, 0.91, 0.92, 0.72, 0.76, 0.81, 1.33, 1.32, 1.31, 1.29, 1.29, 1.26, 1.27, 1.28, 1.09, 1.11, 1.37, 1.39, 1.41, 1.16, 1.15, 0.7, 0.72, 0.74, 0.77, 1.29, 1.27, 1.25, 1.22, 1.2, 1.2, 1.2, 1.24, 1.26, 1.29, 1.38, 1.44, 1.48, 1.52, 1.54, 1.55, 0.71, 0.73, 0.75, 0.77, 1.25, 1.22, 1.17, 1.1, 1.07, 1.06, 1.12, 1.21, 1.25, 1.37, 1.33, 1.43, 1.49, 1.53, 1.55, 1.56, 0.72, 0.73, 0.75, 1.24, 1.22, 1.18, 1.11, 1.0, 0.9, 1.01, 0.85, 0.9, 1.38, 1.4, 1.42, 1.47, 1.52, 1.55, 1.57, 1.58, 0.73, 0.74, 0.84, 0.84, 0.83, 0.82, 0.82, 0.82, 0.81, 0.8, 0.82, 0.86, 1.41, 1.45, 1.51, 1.53, 1.57, 1.59, 1.59, 1.59, 0.82, 0.81, 0.81, 0.8, 0.79, 0.78, 0.77, 0.77, 0.75, 0.75, 0.77, 0.8, 1.45, 1.56, 1.57, 1.6, 1.63, 1.63, 1.62, 1.61, 0.79, 0.78, 0.77, 0.76, 0.75, 0.73, 0.71, 0.54, 0.67, 0.67, 0.69, 0.73, 1.25, 1.6, 1.63, 1.67, 1.7, 1.68, 1.65, 1.62, 0.77, 0.76, 0.74, 0.5, 0.5, 0.49, 0.48, 0.46, 0.44, 0.43, 0.43, 0.92, 1.14, 1.63, 1.67, 1.73, 1.81, 1.74, 1.65, 1.62, 0.5, 0.49, 0.49, 0.48, 0.47, 0.46, 0.44, 0.4, 0.35, 0.33, 0.36, 0.76, 1.1, 1.28, 1.45, 1.75, 2.03, 1.66, 1.61, 1.61, 0.49, 0.48, 0.48, 0.47, 0.46, 0.44, 0.41, 0.36, 0.28, 0.21, 0.3, 0.7, 0.9, 1.25, 1.4, 1.53, 1.58, 1.42, 1.56, 1.59, 0.48, 0.48, 0.47, 0.46, 0.44, 0.42, 0.4, 0.35, 0.28, 0.22, 0.49, 0.68, 0.85, 1.21, 1.35, 1.49, 1.49, 1.46, 1.56, 1.58, 0.48, 0.47, 0.46, 0.45, 0.44, 0.42, 0.4, 0.37, 0.34, 0.34, 0.56, 0.68, 0.82, 1.27, 1.36, 1.42, 1.45, 1.45, 1.45, 1.45, 0.47, 0.47, 0.46, 0.45, 0.44, 0.43, 0.41, 0.4, 0.4, 0.57, 0.6, 0.48, 0.52, 0.56, 1.3, 1.36, 1.4, 1.42, 1.43, 1.43, 0.47, 0.46, 0.46, 0.45, 0.44, 0.43, 0.43, 0.43, 0.44, 0.58, 0.51, 0.5, 0.52, 0.56, 1.24, 1.31, 1.35, 1.38, 1.4, 1.4, 0.47, 0.46, 0.46, 0.45, 0.45, 0.44, 0.44, 0.44, 0.48, 0.5, 0.51, 0.51, 0.53, 0.55, 1.2, 1.27, 1.32, 1.35, 1.37, 1.38, 0.47, 0.46, 0.46, 0.45, 0.45, 0.45, 0.45, 0.45, 0.49, 0.5, 0.51, 0.52, 0.53, 0.55, 1.18, 1.24, 1.29, 1.32, 1.34, 1.36, 0.47, 0.46, 0.46, 0.46, 0.45, 0.45, 0.45, 0.49, 0.5, 0.5, 0.51, 0.52, 0.53, 0.55, 1.17, 1.22, 1.26, 1.3, 1.32, 1.34]}, {"header": {"refTime": "2023-09-12T01:00:00.000Z", "nx": 21, "ny": 33, "lo1": 113.509, "la1": 22.2235, "lo2": 113.5947, "la2": 22.1034, "dx": 0.0042850000000001385, "dy": 0.003753125000000024, "parameterCategory": 0, "parameterCategoryName": "Temperature", "parameterNumber": 0}, "data": [[26.26, 26.25, 26.25, 26.02, 26.02, 26.27, 26.27, 26.26, 26.27, 26.19, 26.2, 26.21, 26.41, 26.42, 26.45, 26.46, 26.51, 26.51, 26.51, 26.51], [26.26, 26.26, 26.25, 26.25, 26.03, 26.04, 26.26, 26.25, 26.25, 26.19, 26.2, 26.22, 26.42, 26.43, 26.46, 26.51, 26.51, 26.51, 26.51, 26.51], [26.26, 26.26, 26.25, 26.25, 26.02, 26.04, 26.06, 26.24, 26.21, 26.19, 26.21, 26.24, 26.44, 26.45, 26.52, 26.51, 26.51, 26.51, 26.51, 26.5], [26.27, 26.26, 26.26, 26.25, 26.24, 26.03, 26.05, 26.08, 26.1, 26.18, 26.21, 26.28, 26.48, 26.36, 26.52, 26.51, 26.51, 26.51, 26.5, 26.5], [26.27, 26.27, 26.27, 26.26, 26.25, 26.01, 26.02, 26.03, 26.02, 26.14, 26.19, 26.37, 26.5, 26.39, 26.52, 26.51, 26.51, 26.5, 26.5, 26.5], [26.28, 26.28, 26.27, 26.27, 26.26, 26.24, 26.0, 26.0, 25.98, 25.93, 26.16, 26.3, 26.41, 26.53, 26.51, 26.51, 26.5, 26.5, 26.5, 26.5], [26.32, 26.29, 26.29, 26.28, 26.27, 26.25, 26.07, 26.0, 25.98, 25.93, 25.9, 26.19, 26.49, 26.5, 26.5, 26.5, 26.5, 26.5, 26.52, 26.52], [26.33, 26.33, 26.33, 26.33, 26.32, 26.14, 26.1, 26.07, 26.06, 25.9, 25.73, 26.15, 26.16, 26.5, 26.46, 26.45, 26.47, 26.48, 26.47, 26.46], [26.27, 26.28, 26.35, 26.35, 26.36, 26.34, 26.29, 26.09, 25.94, 25.95, 25.91, 26.03, 26.08, 26.01, 26.46, 26.45, 26.46, 26.47, 26.46, 26.46], [26.5, 26.5, 26.5, 26.31, 26.34, 26.41, 26.36, 26.29, 25.82, 25.84, 26.09, 25.95, 26.0, 25.97, 26.46, 26.44, 26.45, 26.46, 26.46, 26.45], [26.5, 26.5, 26.5, 26.5, 26.5, 26.5, 26.5, 26.5, 26.36, 25.93, 25.6, 25.9, 25.94, 25.94, 26.46, 26.44, 26.45, 26.45, 26.45, 26.45], [26.5, 26.5, 26.5, 26.5, 26.5, 26.5, 26.5, 26.5, 26.5, -999.0, 25.6, 26.4, 26.4, 25.92, 26.46, 26.44, 26.44, 25.93, 25.95, 25.95], [26.5, 26.5, 26.5, 26.5, 26.5, 26.5, 26.5, 26.5, 26.5, 26.5, -999.0, 26.4, 26.4, 25.81, 26.07, 26.14, 26.14, 26.02, 26.04, 26.05], [26.5, 26.5, 26.5, 26.5, 26.5, 26.5, 26.5, 26.5, 26.5, 26.5, -999.0, 25.5, 25.5, 25.5, 25.99, 26.05, 26.07, 25.94, 25.97, 25.99], [26.5, 26.5, 26.5, 26.5, 26.5, 26.5, 26.5, 26.4, 26.4, 26.4, 26.4, 26.05, 25.5, 25.5, 25.5, 25.96, 25.99, 25.87, 25.91, 25.94], [26.5, 26.5, 26.44, 26.44, 26.43, 26.4, 26.4, 26.4, 26.4, 26.4, 25.83, 25.9, 25.81, 25.74, 25.82, 25.76, 25.8, 25.73, 25.95, 25.98], [26.44, 26.44, 26.46, 26.46, 26.4, 26.4, 26.4, 26.4, 26.4, 26.4, 26.01, 25.9, 25.78, 25.68, 25.69, 25.68, 25.74, 25.79, 25.83, 25.85], [26.46, 26.46, 26.46, 26.46, 26.4, 26.4, 26.4, 26.4, 26.4, 26.17, 26.05, 25.92, 25.78, 25.69, 25.53, 25.66, 25.75, 25.81, 25.84, 25.87], [26.46, 26.46, 26.46, 26.4, 26.4, 26.4, 26.4, 26.4, 26.32, 26.22, 26.14, 26.03, 25.87, 25.76, 25.65, 25.71, 25.79, 25.84, 25.87, 25.89], [26.46, 26.46, 26.4, 26.4, 26.4, 26.4, 26.4, 26.4, 26.32, 26.25, 26.16, 26.06, 25.92, 25.85, 25.77, 25.8, 25.85, 25.89, 25.91, 25.92], [26.4, 26.4, 26.4, 26.4, 26.4, 26.4, 26.4, 26.4, 26.26, 26.22, 26.17, 26.1, 25.97, 25.84, 25.86, 25.89, 25.92, 25.94, 25.95, 25.95], [26.4, 26.4, 26.4, 26.4, 26.4, 26.4, 26.4, 26.42, 26.24, 26.22, 26.18, 26.13, 26.02, 25.9, 25.93, 25.96, 25.99, 26.0, 25.99, 25.97], [26.4, 26.4, 26.4, 26.43, 26.42, 26.42, 26.42, 26.42, 26.42, 26.42, 26.42, 26.35, 26.21, 25.94, 25.97, 26.02, 26.06, 26.05, 26.02, 26.0], [26.43, 26.43, 26.43, 26.43, 26.43, 26.42, 26.42, 26.42, 26.42, 26.42, 26.42, 26.38, 26.22, 26.19, 26.16, 26.05, 26.14, 26.07, 26.03, 26.01], [26.43, 26.43, 26.43, 26.43, 26.43, 26.43, 26.43, 26.42, 26.42, 26.41, 26.42, 26.38, 26.37, 26.19, 26.16, 26.14, 26.05, 26.03, 26.03, 26.01], [26.43, 26.43, 26.43, 26.43, 26.43, 26.43, 26.43, 26.43, 26.42, 26.41, 26.4, 26.39, 26.38, 26.19, 26.17, 26.16, 26.13, 26.12, 26.02, 26.01], [26.43, 26.43, 26.43, 26.43, 26.43, 26.43, 26.43, 26.43, 26.43, 26.43, 26.41, 26.41, 26.39, 26.24, 26.21, 26.18, 26.16, 26.15, 26.15, 26.16], [26.43, 26.43, 26.43, 26.44, 26.44, 26.44, 26.44, 26.44, 26.45, 26.44, 26.44, 26.4, 26.36, 26.32, 26.23, 26.2, 26.18, 26.17, 26.17, 26.17], [26.44, 26.44, 26.44, 26.44, 26.44, 26.44, 26.44, 26.45, 26.46, 26.46, 26.47, 26.42, 26.38, 26.34, 26.25, 26.22, 26.2, 26.19, 26.18, 26.18], [26.44, 26.44, 26.44, 26.44, 26.44, 26.44, 26.45, 26.45, 26.41, 26.44, 26.46, 26.42, 26.38, 26.35, 26.26, 26.24, 26.22, 26.2, 26.2, 26.19], [26.44, 26.44, 26.44, 26.44, 26.44, 26.44, 26.45, 26.45, 26.4, 26.42, 26.42, 26.4, 26.38, 26.35, 26.27, 26.25, 26.23, 26.22, 26.21, 26.2], [26.44, 26.44, 26.44, 26.44, 26.44, 26.45, 26.45, 26.39, 26.39, 26.4, 26.4, 26.39, 26.37, 26.35, 26.27, 26.25, 26.24, 26.23, 26.22, 26.21]]}]