gis_exercise/awsData/contour/wdir_2023090619.json
[{"header": {"refTime": "2023-09-06T19:00:00.000Z", "nx": 21, "ny": 33, "lo1": 113.509, "la1": 22.2235, "lo2": 113.5947, "la2": 22.1034, "dx": 0.0042850000000001385, "dy": 0.003753125000000024, "parameterCategory": 2, "parameterCategoryName": "Temperature", "parameterNumber": 2}, "data": [-0.39, -0.41, -0.44, -0.77, -0.77, -0.55, -0.56, -0.56, -0.55, -0.36, -0.27, -0.19, -0.37, -0.35, -0.71, -0.8, -1.02, -1.09, -1.15, -1.18, -0.38, -0.4, -0.42, -0.46, -0.77, -0.77, -0.59, -0.61, -0.62, -0.42, -0.28, -0.15, -0.31, -0.29, -0.68, -0.94, -1.05, -1.14, -1.2, -1.23, -0.36, -0.38, -0.41, -0.44, -0.77, -0.77, -0.78, -0.66, -0.77, -0.48, -0.25, -0.08, -0.21, -0.21, -0.77, -0.95, -1.1, -1.21, -1.27, -1.3, -0.33, -0.35, -0.38, -0.42, -0.46, -0.78, -0.78, -0.78, -0.78, -0.39, -0.17, 0.04, -0.04, -0.01, -0.74, -0.99, -1.19, -1.32, -1.37, -1.38, -0.3, -0.32, -0.34, -0.38, -0.43, -0.78, -0.78, -0.78, -0.77, -0.26, -0.09, 0.06, 0.37, 0.05, -0.76, -1.1, -1.36, -1.49, -1.52, -1.48, -0.27, -0.28, -0.29, -0.32, -0.38, -0.45, -0.8, -0.8, -0.77, -0.71, -0.27, -0.12, 0.09, -0.68, -0.89, -1.27, -1.62, -1.76, -1.69, -1.59, -0.51, -0.23, -0.23, -0.25, -0.3, -0.38, -0.4, -0.85, -0.83, -0.78, -0.73, -0.48, -1.13, -1.16, -1.07, -1.45, -1.96, -2.15, -2.16, -2.06, -0.49, -0.46, -0.43, -0.99, -0.97, -0.17, -0.35, -0.66, -1.01, -0.74, -0.51, -1.44, -1.64, -1.59, -2.39, -2.44, -2.48, -2.49, -2.47, -2.46, -0.48, -0.44, -0.39, -0.32, -0.8, -0.83, -1.04, -0.45, -1.41, -0.81, -1.37, -1.84, -2.4, -2.13, -2.46, -2.45, -2.47, -2.47, -2.46, -2.45, -1.31, -1.23, -1.12, -0.24, -0.06, -0.39, -0.87, -1.39, -1.88, -1.72, -1.69, -2.11, -2.6, -2.24, -2.51, -2.47, -2.46, -2.46, -2.46, -2.45, -1.32, -1.25, -1.13, -0.93, -0.5, 0.76, -0.94, -1.98, -2.21, -2.25, -2.7, -2.01, -2.17, -2.12, -2.52, -2.48, -2.47, -2.46, -2.45, -2.45, -1.36, -1.29, -1.21, -1.07, -0.86, -0.77, -1.49, -2.67, -3.2, -3.44, -2.9, -3.02, -2.94, -2.01, -2.5, -2.48, -2.47, -2.38, -2.36, -2.34, -1.4, -1.36, -1.32, -1.28, -1.29, -1.47, -1.83, -2.54, -2.98, -2.58, -3.29, -3.09, -3.0, -2.06, -2.01, -2.32, -2.29, -2.28, -2.28, -2.28, -1.45, -1.44, -1.43, -1.45, -1.52, -1.69, -1.83, -2.14, -2.4, -2.37, -3.22, -2.97, -2.81, -2.67, -1.87, -2.16, -2.16, -2.18, -2.19, -2.21, -1.5, -1.5, -1.52, -1.55, -1.63, -1.75, -1.87, -2.26, -2.36, -2.36, -2.32, -1.97, -2.6, -2.43, -2.33, -1.97, -2.01, -2.06, -2.1, -2.14, -1.54, -1.55, -0.56, -0.62, -0.7, -2.05, -2.04, -2.05, -2.06, -2.07, -1.85, -1.76, -1.65, -1.38, -1.37, -1.73, -1.82, -1.9, -1.77, -1.83, -0.51, -0.54, -0.57, -0.61, -1.96, -1.9, -1.83, -1.75, -1.71, -1.76, -1.6, -1.58, -1.49, -1.36, -1.11, -1.33, -1.43, -1.51, -1.57, -1.61, -0.52, -0.54, -0.57, -0.6, -1.85, -1.75, -1.58, -1.36, -1.26, -0.85, -0.92, -1.44, -1.39, -1.1, -1.05, -1.3, -1.44, -1.54, -1.6, -1.64, -0.53, -0.54, -0.56, -1.85, -1.76, -1.62, -1.4, -1.02, -0.56, -0.75, -0.79, -0.87, -1.11, -1.14, -1.28, -1.38, -1.51, -1.59, -1.64, -1.67, -0.53, -0.54, -1.15, -1.12, -1.07, -1.01, -0.91, -0.77, -0.62, -0.72, -0.82, -0.88, -1.15, -1.21, -1.47, -1.53, -1.61, -1.67, -1.7, -1.72, -1.17, -1.16, -1.14, -1.11, -1.07, -1.02, -0.96, -0.89, -0.76, -0.81, -0.87, -0.91, -1.21, -1.59, -1.62, -1.68, -1.73, -1.76, -1.77, -1.76, -1.17, -1.15, -1.14, -1.11, -1.09, -1.06, -1.02, -0.83, -0.88, -0.91, -0.94, -0.96, -1.55, -1.69, -1.74, -1.8, -1.85, -1.86, -1.83, -1.81, -1.16, -1.15, -1.14, -0.87, -0.87, -0.88, -0.89, -0.92, -0.95, -0.97, -0.96, -1.35, -1.78, -1.76, -1.82, -1.9, -1.98, -1.95, -1.88, -1.84, -0.87, -0.87, -0.88, -0.89, -0.9, -0.92, -0.95, -1.0, -1.06, -1.09, -1.05, -1.45, -1.76, -1.84, -1.91, -1.95, -2.15, -1.95, -1.89, -1.85, -0.88, -0.89, -0.89, -0.9, -0.92, -0.95, -0.98, -1.05, -1.15, -1.24, -1.12, -1.41, -1.48, -1.83, -1.89, -1.94, -1.91, -1.84, -1.87, -1.85, -0.89, -0.89, -0.9, -0.91, -0.93, -0.96, -0.99, -1.05, -1.15, -1.22, -1.33, -1.36, -1.43, -1.81, -1.87, -1.81, -1.84, -1.83, -1.86, -1.84, -0.89, -0.9, -0.91, -0.92, -0.94, -0.96, -0.98, -1.02, -1.05, -1.06, -1.25, -1.28, -1.36, -1.57, -1.67, -1.74, -1.78, -1.79, -1.79, -1.79, -0.9, -0.9, -0.91, -0.92, -0.93, -0.95, -0.96, -0.97, -0.97, -1.13, -1.1, -1.08, -1.15, -1.21, -1.6, -1.67, -1.72, -1.75, -1.76, -1.76, -0.9, -0.9, -0.91, -0.92, -0.93, -0.93, -0.94, -0.94, -0.92, -1.0, -0.86, -1.0, -1.1, -1.18, -1.54, -1.62, -1.67, -1.7, -1.72, -1.72, -0.9, -0.9, -0.91, -0.91, -0.92, -0.92, -0.92, -0.92, -1.04, -0.95, -0.9, -0.99, -1.09, -1.16, -1.49, -1.57, -1.62, -1.66, -1.68, -1.69, -0.9, -0.9, -0.91, -0.91, -0.91, -0.92, -0.91, -0.91, -1.05, -1.01, -1.0, -1.04, -1.1, -1.15, -1.47, -1.54, -1.59, -1.63, -1.65, -1.67, -0.9, -0.9, -0.9, -0.91, -0.91, -0.91, -0.91, -1.11, -1.08, -1.06, -1.06, -1.08, -1.12, -1.16, -1.46, -1.52, -1.56, -1.6, -1.63, -1.64]}, {"header": {"refTime": "2023-09-06T19:00:00.000Z", "nx": 21, "ny": 33, "lo1": 113.509, "la1": 22.2235, "lo2": 113.5947, "la2": 22.1034, "dx": 0.0042850000000001385, "dy": 0.003753125000000024, "parameterCategory": 2, "parameterCategoryName": "Temperature", "parameterNumber": 3}, "data": [-0.5, -0.52, -0.54, -1.4, -1.36, -1.06, -1.02, -0.97, -0.95, -0.99, -1.04, -1.08, -1.45, -1.5, -1.6, -1.7, -2.55, -2.6, -2.64, -2.67, -0.49, -0.51, -0.54, -0.56, -1.36, -1.3, -1.0, -0.91, -0.86, -0.93, -1.02, -1.09, -1.45, -1.51, -1.61, -2.48, -2.56, -2.63, -2.68, -2.7, -0.48, -0.5, -0.53, -0.56, -1.39, -1.32, -1.21, -0.87, -0.66, -0.88, -1.03, -1.1, -1.45, -1.51, -2.34, -2.48, -2.6, -2.67, -2.72, -2.75, -0.45, -0.47, -0.51, -0.55, -0.59, -1.38, -1.29, -1.14, -1.0, -0.97, -1.09, -1.13, -1.42, -1.79, -2.31, -2.51, -2.66, -2.75, -2.79, -2.8, -0.42, -0.44, -0.47, -0.52, -0.58, -1.47, -1.43, -1.38, -1.36, -1.15, -1.2, -1.7, -1.33, -1.72, -2.33, -2.59, -2.77, -2.86, -2.88, -2.87, -0.38, -0.4, -0.42, -0.47, -0.55, -0.66, -1.57, -1.6, -1.62, -1.66, -2.09, -1.92, -1.66, -2.15, -2.46, -2.72, -2.94, -3.03, -2.99, -2.93, 0.14, -0.34, -0.35, -0.39, -0.47, -0.62, -1.23, -1.77, -1.82, -2.33, -2.42, -2.35, -2.64, -2.58, -2.64, -2.86, -3.15, -3.26, -3.09, -2.98, 0.19, 0.19, 0.17, -0.4, -0.45, -0.81, -1.12, -1.57, -2.12, -2.29, -2.23, -3.11, -3.25, -2.9, -3.46, -3.47, -3.47, -3.47, -3.47, -3.47, 0.24, 0.26, 0.27, 0.29, -0.22, -0.31, -0.62, -1.27, -1.88, -2.35, -2.82, -3.13, -3.3, -3.22, -3.46, -3.46, -3.47, -3.47, -3.47, -3.47, 0.54, 0.57, 0.6, 0.44, 0.54, 0.19, -0.21, -0.67, -1.74, -1.78, -2.98, -3.15, -3.29, -3.21, -3.46, -3.46, -3.47, -3.47, -3.47, -3.47, 0.55, 0.57, 0.61, 0.67, 0.79, 1.18, 0.6, 0.15, -0.79, -1.63, -2.27, -3.11, -3.17, -3.17, -3.46, -3.46, -3.46, -3.47, -3.47, -3.47, 0.54, 0.57, 0.6, 0.65, 0.72, 0.74, 0.45, -0.19, -0.51, -1.1, -2.13, -2.73, -2.87, -3.12, -3.46, -3.46, -3.46, -2.96, -2.95, -2.95, 0.54, 0.56, 0.58, 0.61, 0.64, 0.65, 0.58, 0.01, -0.33, -0.09, -1.19, -2.6, -2.74, -2.91, -2.86, -2.84, -2.84, -2.85, -2.86, -2.86, 0.53, 0.54, 0.56, 0.58, 0.61, 0.68, 0.91, 0.4, 0.1, 0.07, -1.05, -2.01, -2.08, -2.1, -2.69, -2.68, -2.7, -2.73, -2.76, -2.78, 0.52, 0.53, 0.54, 0.56, 0.57, 0.6, 0.6, 0.4, 0.25, 0.2, 0.21, -0.68, -1.98, -1.98, -1.98, -2.5, -2.55, -2.6, -2.66, -2.7, 0.51, 0.51, 1.1, 1.1, 1.1, 0.49, 0.49, 0.45, 0.39, 0.35, -0.5, -0.64, -0.8, -1.43, -1.48, -1.57, -1.53, -1.49, -1.49, -1.48, 1.1, 1.1, 1.1, 1.09, 0.48, 0.51, 0.53, 0.54, 0.53, 0.49, -0.37, -0.6, -0.84, -1.09, -1.04, -1.05, -0.86, -0.71, -0.6, -0.53, 1.1, 1.09, 1.09, 1.09, 0.51, 0.54, 0.6, 0.67, 0.7, 0.49, 0.22, -0.54, -0.85, -1.02, -1.51, -1.11, -0.84, -0.67, -0.55, -0.48, 1.09, 1.09, 1.09, 0.49, 0.53, 0.58, 0.65, 0.79, 0.88, 0.58, 0.28, -0.04, -0.49, -0.83, -1.15, -0.95, -0.72, -0.57, -0.47, -0.42, 1.09, 1.09, 1.07, 1.07, 1.07, 1.06, 1.05, 1.03, 0.77, 0.58, 0.34, 0.07, -0.34, -0.54, -0.79, -0.68, -0.53, -0.43, -0.36, -0.33, 1.08, 1.08, 1.08, 1.08, 1.07, 1.07, 1.06, 1.05, 0.64, 0.54, 0.38, 0.18, -0.19, -0.57, -0.52, -0.42, -0.32, -0.26, -0.24, -0.25, 1.08, 1.08, 1.08, 1.08, 1.08, 1.08, 1.08, 0.93, 0.61, 0.55, 0.44, 0.29, 0.01, -0.39, -0.31, -0.2, -0.11, -0.09, -0.12, -0.16, 1.08, 1.08, 1.08, 0.87, 0.88, 0.89, 0.91, 0.92, 0.94, 0.94, 0.92, 0.97, 0.59, -0.26, -0.16, -0.02, 0.11, 0.07, -0.03, -0.1, 0.84, 0.84, 0.85, 0.86, 0.87, 0.88, 0.9, 0.93, 0.97, 0.98, 0.94, 0.79, 0.61, 0.51, 0.42, 0.07, 0.36, 0.11, 0.0, -0.07, 0.83, 0.83, 0.84, 0.84, 0.85, 0.87, 0.89, 0.93, 1.01, 1.08, 0.96, 0.8, 0.73, 0.51, 0.42, 0.34, 0.06, -0.02, -0.02, -0.06, 0.82, 0.82, 0.83, 0.83, 0.83, 0.84, 0.86, 0.9, 0.98, 1.04, 0.87, 0.76, 0.7, 0.52, 0.43, 0.2, 0.17, 0.15, -0.04, -0.07, 0.81, 0.81, 0.81, 0.81, 0.81, 0.81, 0.82, 0.83, 0.85, 0.83, 0.72, 0.67, 0.65, 0.22, 0.21, 0.2, 0.18, 0.17, 0.18, 0.19, 0.8, 0.8, 0.8, 0.79, 0.79, 0.78, 0.77, 0.75, 0.71, 0.59, 0.53, 0.45, 0.43, 0.4, 0.21, 0.2, 0.19, 0.19, 0.19, 0.19, 0.79, 0.79, 0.78, 0.78, 0.77, 0.75, 0.73, 0.69, 0.61, 0.43, 0.29, 0.38, 0.4, 0.39, 0.21, 0.2, 0.2, 0.2, 0.2, 0.2, 0.78, 0.78, 0.77, 0.76, 0.75, 0.73, 0.7, 0.65, 0.44, 0.36, 0.31, 0.36, 0.38, 0.38, 0.21, 0.21, 0.2, 0.2, 0.2, 0.2, 0.78, 0.77, 0.76, 0.75, 0.73, 0.71, 0.68, 0.64, 0.43, 0.39, 0.37, 0.38, 0.38, 0.38, 0.21, 0.21, 0.21, 0.2, 0.2, 0.2, 0.77, 0.76, 0.75, 0.74, 0.73, 0.71, 0.68, 0.46, 0.43, 0.41, 0.39, 0.39, 0.39, 0.38, 0.21, 0.21, 0.21, 0.21, 0.21, 0.21]}, {"header": {"refTime": "2023-09-06T19:00:00.000Z", "nx": 21, "ny": 33, "lo1": 113.509, "la1": 22.2235, "lo2": 113.5947, "la2": 22.1034, "dx": 0.0042850000000001385, "dy": 0.003753125000000024, "parameterCategory": 0, "parameterCategoryName": "Temperature", "parameterNumber": 0}, "data": [[28.31, 28.26, 28.2, 27.41, 27.38, 27.51, 27.45, 27.38, 27.36, 27.21, 27.31, 27.4, 27.56, 27.61, 27.89, 27.94, 28.27, 28.28, 28.29, 28.3], [28.34, 28.3, 28.23, 28.15, 27.39, 27.33, 27.4, 27.27, 27.19, 27.14, 27.3, 27.43, 27.61, 27.66, 27.93, 28.26, 28.28, 28.3, 28.31, 28.31], [28.39, 28.34, 28.28, 28.2, 27.41, 27.35, 27.25, 27.18, 26.82, 27.08, 27.33, 27.51, 27.7, 27.73, 28.24, 28.27, 28.29, 28.32, 28.33, 28.33], [28.44, 28.41, 28.36, 28.28, 28.18, 27.41, 27.33, 27.19, 27.06, 27.18, 27.42, 27.63, 27.83, 27.95, 28.24, 28.28, 28.32, 28.34, 28.35, 28.35], [28.51, 28.49, 28.45, 28.39, 28.31, 27.51, 27.47, 27.42, 27.38, 27.33, 27.52, 27.97, 28.1, 27.98, 28.24, 28.3, 28.36, 28.39, 28.39, 28.38], [28.58, 28.57, 28.56, 28.52, 28.46, 28.38, 27.63, 27.66, 27.64, 27.58, 27.78, 27.9, 28.0, 28.07, 28.24, 28.33, 28.42, 28.47, 28.44, 28.41], [29.44, 28.67, 28.68, 28.67, 28.64, 28.58, 28.65, 27.9, 27.92, 27.86, 27.72, 27.77, 27.97, 28.0, 28.23, 28.36, 28.52, 28.58, 28.61, 28.58], [29.47, 29.48, 29.49, 29.48, 29.44, 28.89, 28.73, 28.55, 28.33, 27.83, 27.53, 27.68, 27.68, 28.0, 28.36, 28.27, 28.46, 28.54, 28.42, 28.35], [29.23, 29.25, 29.55, 29.58, 29.59, 29.52, 29.32, 28.66, 28.15, 27.88, 27.55, 27.61, 27.64, 27.6, 28.34, 28.23, 28.35, 28.39, 28.37, 28.32], [30.2, 30.2, 30.2, 29.4, 29.52, 29.81, 29.61, 29.32, 27.87, 27.94, 27.64, 27.58, 27.6, 27.59, 28.34, 28.19, 28.27, 28.3, 28.31, 28.29], [30.2, 30.2, 30.2, 30.2, 30.2, 30.2, 30.2, 30.2, 29.6, 28.12, 27.4, 27.55, 27.57, 27.57, 28.35, 28.16, 28.22, 28.25, 28.26, 28.25], [30.2, 30.2, 30.2, 30.2, 30.2, 30.2, 30.2, 30.2, 30.2, -999.0, 27.4, 27.8, 27.8, 27.56, 28.36, 28.13, 28.17, 28.47, 28.48, 28.48], [30.2, 30.2, 30.2, 30.2, 30.2, 30.2, 30.2, 30.2, 30.2, 30.2, -999.0, 27.8, 27.8, 28.13, 27.98, 28.55, 28.56, 28.51, 28.52, 28.52], [30.2, 30.2, 30.2, 30.2, 30.2, 30.2, 30.2, 30.2, 30.2, 30.2, -999.0, 28.3, 28.3, 28.3, 28.03, 28.52, 28.53, 28.48, 28.49, 28.5], [30.2, 30.2, 30.2, 30.2, 30.2, 30.2, 30.2, 29.8, 29.8, 29.8, 29.8, 29.22, 28.3, 28.3, 28.3, 28.48, 28.5, 28.45, 28.46, 28.48], [30.2, 30.2, 29.95, 29.94, 29.94, 29.8, 29.8, 29.8, 29.8, 29.8, 28.86, 28.96, 28.82, 28.7, 28.83, 28.63, 28.68, 28.59, 28.65, 28.67], [29.94, 29.94, 30.06, 30.05, 29.8, 29.8, 29.8, 29.8, 29.8, 29.8, 29.15, 28.97, 28.77, 28.59, 28.58, 28.45, 28.51, 28.55, 28.58, 28.6], [30.06, 30.05, 30.05, 30.03, 29.8, 29.8, 29.8, 29.8, 29.8, 29.42, 29.22, 28.99, 28.76, 28.59, 28.34, 28.44, 28.51, 28.56, 28.59, 28.61], [30.05, 30.04, 30.03, 29.8, 29.8, 29.8, 29.8, 29.8, 29.67, 29.51, 28.96, 28.75, 28.87, 28.69, 28.43, 28.48, 28.55, 28.59, 28.62, 28.63], [30.04, 30.04, 28.54, 28.6, 28.68, 28.8, 28.98, 29.44, 29.42, 29.16, 28.91, 28.73, 28.95, 28.83, 28.53, 28.57, 28.61, 28.64, 28.65, 28.65], [28.46, 28.49, 28.53, 28.89, 28.94, 29.0, 29.08, 29.17, 29.05, 28.93, 28.78, 28.67, 29.01, 28.6, 28.61, 28.64, 28.67, 28.69, 28.69, 28.68], [28.77, 28.78, 28.8, 28.81, 28.83, 28.85, 28.87, 28.79, 28.75, 28.68, 28.61, 28.56, 28.36, 28.65, 28.68, 28.72, 28.75, 28.74, 28.72, 28.7], [28.74, 28.74, 28.73, 28.65, 28.64, 28.63, 28.6, 28.55, 28.49, 28.44, 28.44, 28.67, 28.37, 28.68, 28.72, 28.78, 28.84, 28.8, 28.74, 28.71], [28.61, 28.61, 28.6, 28.58, 28.56, 28.52, 28.45, 28.35, 28.22, 28.16, 28.23, 28.19, 28.34, 28.48, 28.61, 28.8, 29.0, 28.76, 28.72, 28.71], [28.58, 28.57, 28.55, 28.53, 28.49, 28.44, 28.35, 28.22, 28.0, 27.83, 28.06, 28.16, 28.31, 28.46, 28.58, 28.67, 28.71, 28.61, 28.69, 28.7], [28.56, 28.54, 28.52, 28.49, 28.45, 28.39, 28.31, 28.18, 27.99, 27.85, 27.99, 28.16, 28.3, 28.43, 28.53, 28.72, 28.7, 28.68, 28.69, 28.69], [28.54, 28.52, 28.5, 28.46, 28.42, 28.37, 28.3, 28.22, 28.14, 28.11, 28.12, 28.22, 28.31, 28.66, 28.68, 28.7, 28.7, 28.7, 28.7, 28.7], [28.52, 28.5, 28.48, 28.45, 28.41, 28.37, 28.32, 28.28, 28.25, 28.2, 28.25, 28.16, 28.16, 28.16, 28.66, 28.68, 28.69, 28.69, 28.69, 28.7], [28.51, 28.49, 28.47, 28.44, 28.41, 28.38, 28.34, 28.32, 28.31, 28.31, 28.33, 28.23, 28.19, 28.18, 28.64, 28.66, 28.67, 28.68, 28.69, 28.69], [28.5, 28.48, 28.46, 28.44, 28.41, 28.39, 28.36, 28.35, 28.18, 28.26, 28.3, 28.25, 28.21, 28.19, 28.63, 28.65, 28.66, 28.67, 28.68, 28.68], [28.49, 28.48, 28.46, 28.44, 28.42, 28.4, 28.38, 28.37, 28.18, 28.22, 28.24, 28.22, 28.2, 28.19, 28.62, 28.64, 28.65, 28.67, 28.67, 28.68], [28.49, 28.47, 28.46, 28.44, 28.42, 28.41, 28.39, 28.15, 28.18, 28.2, 28.21, 28.2, 28.2, 28.19, 28.62, 28.63, 28.65, 28.66, 28.67, 28.67]]}]