gis_exercise/awsData/contour/wdir_2023083107.json
[{"header": {"refTime": "2023-08-31T07:00:00.000Z", "nx": 21, "ny": 33, "lo1": 113.509, "la1": 22.2235, "lo2": 113.5947, "la2": 22.1034, "dx": 0.0042850000000001385, "dy": 0.003753125000000024, "parameterCategory": 2, "parameterCategoryName": "Temperature", "parameterNumber": 2}, "data": [0.17, 0.15, 0.13, 0.4, 0.34, 0.36, 0.28, 0.2, 0.19, 0.37, 0.55, 0.72, 0.84, 0.93, 0.76, 0.78, 1.36, 1.34, 1.32, 1.3, 0.19, 0.17, 0.15, 0.11, 0.35, 0.26, 0.21, 0.04, -0.05, 0.21, 0.52, 0.77, 0.92, 1.01, 0.83, 1.39, 1.35, 1.32, 1.3, 1.28, 0.2, 0.19, 0.17, 0.14, 0.38, 0.29, 0.14, -0.08, -0.55, 0.09, 0.57, 0.89, 1.07, 1.13, 1.45, 1.38, 1.33, 1.29, 1.27, 1.26, 0.22, 0.21, 0.2, 0.18, 0.14, 0.37, 0.25, 0.04, -0.15, 0.31, 0.76, 1.11, 1.3, 1.71, 1.46, 1.37, 1.29, 1.24, 1.22, 1.22, 0.24, 0.24, 0.24, 0.23, 0.21, 0.48, 0.43, 0.37, 0.35, 0.67, 0.98, 1.72, 1.8, 1.72, 1.45, 1.33, 1.23, 1.17, 1.17, 1.18, 0.27, 0.27, 0.27, 0.28, 0.28, 0.3, 0.62, 0.65, 0.7, 0.77, 1.63, 1.68, 1.73, 1.63, 1.41, 1.26, 1.12, 1.06, 1.09, 1.14, 0.23, 0.29, 0.3, 0.32, 0.34, 0.39, 1.01, 0.86, 0.94, 1.37, 1.43, 1.6, 1.55, 1.54, 1.37, 1.2, 0.98, 0.9, 0.98, 1.05, 0.21, 0.23, 0.25, 0.46, 0.48, 0.9, 0.98, 1.06, 1.17, 1.37, 1.48, 1.45, 1.43, 1.47, 1.15, 1.04, 0.9, 0.85, 0.92, 0.98, 0.19, 0.2, 0.22, 0.24, 0.44, 0.46, 0.53, 1.01, 0.99, 1.36, 1.43, 1.39, 1.32, 1.35, 1.16, 1.08, 0.99, 0.95, 0.97, 1.0, -0.18, -0.16, -0.13, 0.2, 0.24, 0.39, 0.41, 0.45, 0.79, 0.87, 1.39, 1.35, 1.28, 1.33, 1.17, 1.11, 1.05, 1.02, 1.01, 1.02, -0.19, -0.18, -0.15, -0.1, 0.01, 0.31, -0.04, -0.17, 0.26, 0.64, 0.84, 1.36, 1.34, 1.35, 1.16, 1.12, 1.09, 1.06, 1.05, 1.05, -0.21, -0.2, -0.18, -0.15, -0.1, -0.08, -0.2, -0.23, -0.22, -0.06, 0.7, 0.86, 0.94, 1.36, 1.16, 1.13, 1.11, 0.8, 0.79, 0.79, -0.22, -0.22, -0.22, -0.23, -0.25, -0.35, -0.48, -0.34, -0.27, -0.27, 0.02, 0.77, 0.86, 1.07, 1.05, 0.81, 0.79, 0.78, 0.78, 0.78, -0.24, -0.25, -0.26, -0.29, -0.35, -0.49, -0.76, -0.47, -0.35, -0.31, -0.04, 0.45, 0.51, 0.54, 0.97, 0.76, 0.76, 0.76, 0.76, 0.76, -0.26, -0.27, -0.28, -0.32, -0.37, -0.45, -0.51, -0.39, -0.28, -0.21, -0.17, 0.29, 0.48, 0.5, 0.51, 0.71, 0.72, 0.73, 0.74, 0.75, -0.27, -0.28, -0.07, -0.1, -0.14, -0.3, -0.29, -0.23, -0.16, -0.12, 0.31, 0.33, 0.35, 0.64, 0.63, 0.87, 0.93, 0.99, 0.93, 0.96, -0.02, -0.03, -0.04, -0.05, -0.19, -0.17, -0.12, -0.04, 0.01, 0.01, 0.37, 0.37, 0.38, 0.4, 0.64, 0.42, 0.41, 0.39, 0.38, 0.37, -0.01, -0.01, -0.01, -0.0, -0.11, -0.05, 0.04, 0.17, 0.24, 0.29, 0.26, 0.4, 0.4, 0.64, 0.49, 0.43, 0.41, 0.39, 0.38, 0.36, 0.01, 0.01, 0.02, -0.09, -0.05, 0.03, 0.15, 0.35, 0.55, 0.39, 0.55, 0.52, 0.77, 0.71, 0.44, 0.43, 0.41, 0.39, 0.38, 0.36, 0.03, 0.03, 0.08, 0.1, 0.14, 0.2, 0.29, 0.4, 0.6, 0.57, 0.54, 0.52, 0.84, 0.83, 0.42, 0.42, 0.42, 0.4, 0.37, 0.35, 0.07, 0.09, 0.11, 0.14, 0.18, 0.22, 0.28, 0.34, 0.56, 0.55, 0.53, 0.52, 0.91, 0.41, 0.43, 0.44, 0.44, 0.41, 0.37, 0.34, 0.1, 0.11, 0.13, 0.16, 0.2, 0.23, 0.27, 0.44, 0.53, 0.52, 0.52, 0.51, 0.92, 0.41, 0.44, 0.48, 0.5, 0.44, 0.36, 0.31, 0.11, 0.13, 0.15, 0.38, 0.39, 0.4, 0.4, 0.41, 0.4, 0.4, 0.39, 0.88, 0.38, 0.4, 0.44, 0.54, 0.68, 0.49, 0.31, 0.27, 0.36, 0.36, 0.36, 0.37, 0.37, 0.37, 0.38, 0.38, 0.38, 0.38, 0.37, 0.67, 0.37, 0.38, 0.41, 0.52, 1.17, 0.22, 0.15, 0.19, 0.35, 0.35, 0.35, 0.35, 0.35, 0.35, 0.35, 0.36, 0.38, 0.4, 0.36, 0.62, 0.74, 0.35, 0.34, 0.31, 0.0, -0.42, 0.0, 0.13, 0.34, 0.34, 0.34, 0.33, 0.33, 0.33, 0.33, 0.34, 0.36, 0.38, 0.49, 0.56, 0.67, 0.32, 0.28, 0.13, -0.01, -0.11, 0.03, 0.12, 0.33, 0.33, 0.32, 0.32, 0.31, 0.31, 0.3, 0.3, 0.29, 0.28, 0.42, 0.48, 0.59, 0.12, 0.13, 0.1, 0.04, 0.01, 0.02, 0.06, 0.32, 0.32, 0.31, 0.31, 0.3, 0.29, 0.27, 0.25, 0.22, 0.3, 0.28, -0.12, -0.21, -0.32, 0.1, 0.09, 0.07, 0.05, 0.06, 0.07, 0.31, 0.31, 0.3, 0.29, 0.28, 0.27, 0.25, 0.22, 0.17, 0.17, -0.08, -0.13, -0.2, -0.29, 0.09, 0.09, 0.08, 0.07, 0.08, 0.08, 0.31, 0.3, 0.29, 0.28, 0.27, 0.25, 0.23, 0.2, -0.1, -0.1, -0.1, -0.14, -0.2, -0.28, 0.08, 0.09, 0.09, 0.08, 0.09, 0.09, 0.3, 0.29, 0.29, 0.28, 0.26, 0.25, 0.22, 0.19, -0.12, -0.12, -0.13, -0.17, -0.22, -0.28, 0.08, 0.08, 0.09, 0.09, 0.09, 0.1, 0.3, 0.29, 0.28, 0.27, 0.26, 0.24, 0.22, -0.14, -0.14, -0.15, -0.16, -0.19, -0.23, -0.28, 0.08, 0.08, 0.09, 0.09, 0.1, 0.1]}, {"header": {"refTime": "2023-08-31T07:00:00.000Z", "nx": 21, "ny": 33, "lo1": 113.509, "la1": 22.2235, "lo2": 113.5947, "la2": 22.1034, "dx": 0.0042850000000001385, "dy": 0.003753125000000024, "parameterCategory": 2, "parameterCategoryName": "Temperature", "parameterNumber": 3}, "data": [-2.31, -2.27, -2.22, -1.54, -1.51, -0.96, -0.94, -0.91, -0.87, -0.63, -0.55, -0.47, -0.71, -0.7, -1.31, -1.47, -2.1, -2.22, -2.31, -2.37, -2.34, -2.3, -2.24, -2.17, -1.52, -1.47, -0.96, -0.94, -0.91, -0.68, -0.54, -0.42, -0.63, -0.63, -1.27, -1.95, -2.14, -2.29, -2.39, -2.46, -2.38, -2.34, -2.29, -2.22, -1.54, -1.49, -1.41, -0.97, -0.96, -0.72, -0.51, -0.33, -0.51, -0.53, -1.66, -1.97, -2.23, -2.41, -2.52, -2.57, -2.42, -2.39, -2.35, -2.29, -2.2, -1.54, -1.48, -1.36, -1.25, -0.67, -0.44, -0.17, -0.26, -0.48, -1.6, -2.05, -2.39, -2.6, -2.69, -2.71, -2.48, -2.46, -2.42, -2.38, -2.31, -1.62, -1.59, -1.55, -1.51, -0.62, -0.41, -0.35, 0.26, -0.36, -1.64, -2.23, -2.66, -2.9, -2.94, -2.88, -2.54, -2.53, -2.51, -2.48, -2.44, -2.37, -1.72, -1.74, -1.72, -1.67, -1.04, -0.7, -0.26, -1.26, -1.87, -2.52, -3.11, -3.35, -3.24, -3.06, -3.35, -2.61, -2.62, -2.61, -2.58, -2.53, -2.57, -1.95, -1.96, -2.05, -1.97, -1.37, -2.01, -2.01, -2.18, -2.83, -3.69, -4.01, -3.82, -3.59, -3.37, -3.37, -3.37, -3.31, -3.28, -2.78, -2.64, -2.49, -2.37, -2.0, -1.69, -2.77, -2.99, -2.64, -4.02, -4.19, -4.4, -4.47, -4.36, -4.29, -3.39, -3.4, -3.41, -3.42, -3.38, -3.34, -3.2, -2.58, -2.36, -2.09, -2.65, -3.17, -3.78, -3.49, -4.06, -4.16, -4.28, -4.33, -4.3, -4.26, -3.66, -3.67, -3.68, -3.49, -3.54, -3.53, -3.39, -3.23, -2.49, -2.38, -3.0, -3.46, -3.98, -3.6, -4.1, -4.14, -4.2, -4.24, -4.24, -4.23, -3.66, -3.67, -3.68, -3.7, -3.74, -3.87, -3.7, -3.6, -3.28, -2.6, -3.32, -3.35, -3.52, -3.47, -4.11, -4.13, -4.16, -4.19, -4.2, -4.19, -3.66, -3.66, -3.67, -3.68, -3.71, -3.72, -3.64, -3.53, -3.48, -3.73, -3.34, -3.76, -3.81, -3.35, -4.1, -4.11, -4.14, -4.61, -4.6, -4.6, -3.65, -3.65, -3.66, -3.66, -3.66, -3.64, -3.6, -3.54, -3.5, -3.54, -3.84, -3.7, -3.75, -4.04, -4.04, -4.59, -4.59, -4.59, -4.59, -4.59, -3.65, -3.65, -3.65, -3.64, -3.64, -3.61, -3.59, -3.57, -3.55, -3.56, -3.81, -4.12, -4.2, -4.24, -4.07, -4.57, -4.57, -4.57, -4.57, -4.58, -3.64, -3.64, -3.64, -3.63, -3.62, -3.61, -3.6, -3.27, -3.2, -3.15, -3.11, -3.41, -4.2, -4.24, -4.26, -4.53, -4.54, -4.55, -4.56, -4.56, -3.64, -3.64, -3.31, -3.3, -3.3, -3.17, -3.16, -3.12, -3.06, -3.03, -3.27, -3.41, -3.57, -4.0, -4.06, -4.67, -4.72, -4.76, -4.77, -4.8, -3.27, -3.26, -3.25, -3.23, -3.07, -3.05, -3.0, -2.93, -2.88, -2.88, -3.21, -3.41, -3.64, -3.88, -4.25, -4.75, -4.89, -4.99, -5.07, -5.12, -3.23, -3.22, -3.19, -3.16, -2.99, -2.93, -2.84, -2.71, -2.64, -2.93, -3.17, -3.38, -3.66, -4.22, -4.36, -4.71, -4.9, -5.02, -5.1, -5.15, -3.2, -3.18, -3.15, -2.98, -2.93, -2.85, -2.72, -2.51, -2.38, -2.77, -2.88, -3.15, -4.0, -4.2, -4.68, -4.82, -4.98, -5.09, -5.16, -5.2, -3.17, -3.15, -2.73, -2.71, -2.67, -2.62, -2.54, -2.43, -2.44, -2.63, -2.85, -3.08, -4.0, -4.18, -4.93, -5.01, -5.11, -5.18, -5.23, -5.26, -2.74, -2.72, -2.7, -2.68, -2.64, -2.6, -2.55, -2.49, -2.61, -2.7, -2.85, -3.01, -4.03, -5.08, -5.12, -5.18, -5.25, -5.29, -5.31, -5.32, -2.72, -2.7, -2.68, -2.66, -2.63, -2.6, -2.56, -2.28, -2.68, -2.73, -2.83, -2.95, -4.14, -5.21, -5.26, -5.33, -5.38, -5.4, -5.4, -5.38, -2.7, -2.69, -2.67, -2.27, -2.28, -2.28, -2.29, -2.3, -2.31, -2.31, -2.31, -3.21, -4.47, -5.29, -5.36, -5.43, -5.5, -5.5, -5.47, -5.43, -2.27, -2.27, -2.27, -2.28, -2.28, -2.29, -2.3, -2.32, -2.34, -2.35, -2.33, -3.14, -4.4, -4.75, -5.05, -5.5, -5.57, -5.58, -5.52, -5.47, -2.27, -2.27, -2.27, -2.28, -2.28, -2.29, -2.31, -2.33, -2.37, -2.41, -2.35, -3.03, -3.3, -4.7, -5.02, -5.28, -5.59, -5.62, -5.54, -5.48, -2.27, -2.27, -2.27, -2.28, -2.28, -2.29, -2.3, -2.32, -2.37, -2.4, -2.75, -2.95, -3.19, -4.65, -4.95, -5.11, -5.29, -5.34, -5.52, -5.48, -2.27, -2.27, -2.27, -2.27, -2.28, -2.28, -2.29, -2.3, -2.31, -2.31, -2.71, -2.86, -3.07, -4.38, -4.68, -4.92, -5.08, -5.14, -5.14, -5.09, -2.26, -2.27, -2.27, -2.27, -2.27, -2.27, -2.27, -2.27, -2.26, -2.58, -2.57, -2.74, -2.99, -3.27, -4.49, -4.73, -4.89, -4.97, -5.0, -4.99, -2.26, -2.26, -2.26, -2.26, -2.26, -2.26, -2.26, -2.25, -2.22, -2.43, -2.27, -2.6, -2.89, -3.16, -4.32, -4.55, -4.72, -4.82, -4.87, -4.89, -2.26, -2.26, -2.26, -2.26, -2.26, -2.25, -2.25, -2.23, -2.63, -2.47, -2.38, -2.61, -2.87, -3.11, -4.19, -4.42, -4.58, -4.69, -4.75, -4.79, -2.26, -2.26, -2.26, -2.26, -2.25, -2.25, -2.24, -2.23, -2.69, -2.62, -2.61, -2.73, -2.9, -3.09, -4.12, -4.32, -4.48, -4.59, -4.66, -4.7, -2.26, -2.26, -2.26, -2.25, -2.25, -2.25, -2.24, -2.82, -2.77, -2.75, -2.76, -2.84, -2.96, -3.11, -4.09, -4.26, -4.4, -4.51, -4.58, -4.63]}, {"header": {"refTime": "2023-08-31T07:00:00.000Z", "nx": 21, "ny": 33, "lo1": 113.509, "la1": 22.2235, "lo2": 113.5947, "la2": 22.1034, "dx": 0.0042850000000001385, "dy": 0.003753125000000024, "parameterCategory": 0, "parameterCategoryName": "Temperature", "parameterNumber": 0}, "data": [[26.9, 26.89, 26.89, 26.76, 26.77, 27.01, 27.01, 27.01, 27.02, 27.02, 27.05, 27.08, 27.3, 27.32, 27.28, 27.27, 27.4, 27.4, 27.39, 27.38], [26.9, 26.9, 26.89, 26.89, 26.77, 26.78, 26.99, 26.98, 26.98, 27.0, 27.05, 27.1, 27.32, 27.34, 27.29, 27.41, 27.4, 27.39, 27.38, 27.38], [26.9, 26.9, 26.89, 26.89, 26.77, 26.78, 26.8, 26.96, 26.92, 26.99, 27.07, 27.14, 27.36, 27.38, 27.44, 27.41, 27.39, 27.38, 27.37, 27.37], [26.9, 26.9, 26.9, 26.89, 26.89, 26.77, 26.78, 26.81, 26.83, 27.0, 27.09, 27.2, 27.43, 27.36, 27.44, 27.41, 27.38, 27.36, 27.36, 27.36], [26.91, 26.9, 26.9, 26.89, 26.89, 26.75, 26.76, 26.77, 26.77, 27.01, 27.1, 27.37, 27.5, 27.39, 27.44, 27.39, 27.36, 27.34, 27.34, 27.34], [26.91, 26.91, 26.9, 26.9, 26.89, 26.88, 26.74, 26.74, 26.73, 26.71, 27.16, 27.3, 27.41, 27.53, 27.42, 27.37, 27.32, 27.3, 27.31, 27.33], [26.92, 26.91, 26.91, 26.91, 26.9, 26.88, 26.77, 26.71, 26.7, 26.79, 26.82, 27.19, 27.49, 27.5, 27.4, 27.35, 27.28, 27.25, 27.27, 27.3], [26.93, 26.93, 26.93, 26.93, 26.92, 26.83, 26.79, 26.74, 26.73, 26.76, 26.7, 27.15, 27.16, 27.5, 27.27, 27.3, 27.25, 27.24, 27.26, 27.28], [26.87, 26.88, 26.95, 26.95, 26.96, 26.94, 26.89, 26.77, 26.67, 26.81, 26.91, 27.03, 27.08, 27.01, 27.28, 27.3, 27.28, 27.27, 27.27, 27.28], [27.1, 27.1, 27.1, 26.91, 26.94, 27.01, 26.96, 26.89, 26.64, 26.65, 27.09, 26.95, 27.0, 26.97, 27.28, 27.31, 27.3, 27.29, 27.29, 27.29], [27.1, 27.1, 27.1, 27.1, 27.1, 27.1, 27.1, 27.1, 26.96, 26.67, 26.6, 26.9, 26.94, 26.94, 27.28, 27.32, 27.31, 27.3, 27.3, 27.3], [27.1, 27.1, 27.1, 27.1, 27.1, 27.1, 27.1, 27.1, 27.1, -999.0, 26.6, 27.4, 27.4, 26.92, 27.28, 27.33, 27.32, 26.29, 26.31, 26.32], [27.1, 27.1, 27.1, 27.1, 27.1, 27.1, 27.1, 27.1, 27.1, 27.1, -999.0, 27.4, 27.4, 26.22, 26.74, 26.62, 26.63, 26.43, 26.46, 26.48], [27.1, 27.1, 27.1, 27.1, 27.1, 27.1, 27.1, 27.1, 27.1, 27.1, -999.0, 25.6, 25.6, 25.6, 26.59, 26.48, 26.51, 26.31, 26.35, 26.38], [27.1, 27.1, 27.1, 27.1, 27.1, 27.1, 27.1, 27.3, 27.3, 27.3, 27.3, 26.65, 25.6, 25.6, 25.6, 26.33, 26.38, 26.2, 26.25, 26.3], [27.1, 27.1, 27.23, 27.23, 27.23, 27.3, 27.3, 27.3, 27.3, 27.3, 26.23, 26.35, 26.19, 26.05, 26.21, 26.11, 26.19, 26.05, 26.4, 26.45], [27.23, 27.23, 27.17, 27.17, 27.3, 27.3, 27.3, 27.3, 27.3, 27.3, 26.57, 26.36, 26.14, 25.93, 25.96, 25.93, 26.05, 26.14, 26.2, 26.25], [27.17, 27.17, 27.18, 27.18, 27.3, 27.3, 27.3, 27.3, 27.3, 26.87, 26.64, 26.38, 26.12, 25.97, 25.65, 25.89, 26.06, 26.17, 26.23, 26.28], [27.18, 27.18, 27.18, 27.3, 27.3, 27.3, 27.3, 27.3, 27.15, 26.97, 26.81, 26.6, 26.32, 26.1, 25.87, 25.99, 26.13, 26.23, 26.28, 26.32], [27.18, 27.18, 27.3, 27.3, 27.3, 27.3, 27.3, 27.3, 27.14, 27.01, 26.84, 26.66, 26.42, 26.29, 26.09, 26.16, 26.25, 26.31, 26.35, 26.37], [27.3, 27.3, 27.3, 27.3, 27.3, 27.3, 27.3, 27.3, 27.04, 26.97, 26.86, 26.73, 26.51, 26.23, 26.26, 26.32, 26.38, 26.41, 26.42, 26.42], [27.3, 27.3, 27.3, 27.3, 27.3, 27.3, 27.3, 27.33, 27.0, 26.96, 26.89, 26.79, 26.6, 26.34, 26.39, 26.46, 26.51, 26.52, 26.5, 26.47], [27.3, 27.3, 27.3, 27.35, 27.35, 27.35, 27.34, 27.34, 27.34, 27.34, 27.34, 27.22, 26.93, 26.41, 26.48, 26.57, 26.65, 26.62, 26.55, 26.51], [27.36, 27.36, 27.36, 27.35, 27.35, 27.35, 27.35, 27.34, 27.34, 27.33, 27.34, 27.28, 26.94, 26.88, 26.83, 26.62, 26.83, 26.63, 26.56, 26.52], [27.36, 27.36, 27.36, 27.36, 27.36, 27.35, 27.35, 27.34, 27.33, 27.32, 27.34, 27.29, 27.27, 26.89, 26.83, 26.78, 26.59, 26.53, 26.55, 26.52], [27.36, 27.36, 27.36, 27.36, 27.36, 27.36, 27.36, 27.35, 27.34, 27.33, 27.31, 27.31, 27.28, 26.89, 26.83, 26.81, 26.74, 26.72, 26.53, 26.52], [27.37, 27.37, 27.37, 27.37, 27.37, 27.37, 27.37, 27.37, 27.36, 27.37, 27.34, 27.33, 27.31, 26.98, 26.91, 26.85, 26.8, 26.78, 26.79, 26.8], [27.37, 27.37, 27.37, 27.37, 27.37, 27.37, 27.38, 27.38, 27.39, 27.38, 27.39, 27.28, 27.2, 27.12, 26.96, 26.9, 26.85, 26.83, 26.83, 26.83], [27.37, 27.37, 27.37, 27.37, 27.38, 27.38, 27.39, 27.4, 27.42, 27.42, 27.44, 27.33, 27.24, 27.15, 26.99, 26.94, 26.9, 26.87, 26.86, 26.86], [27.37, 27.37, 27.38, 27.38, 27.38, 27.39, 27.39, 27.4, 27.32, 27.37, 27.4, 27.33, 27.24, 27.17, 27.02, 26.97, 26.93, 26.9, 26.89, 26.88], [27.37, 27.38, 27.38, 27.38, 27.38, 27.39, 27.4, 27.41, 27.3, 27.32, 27.33, 27.29, 27.23, 27.17, 27.04, 26.99, 26.96, 26.93, 26.91, 26.9], [27.38, 27.38, 27.38, 27.38, 27.39, 27.39, 27.4, 27.25, 27.27, 27.28, 27.28, 27.25, 27.21, 27.17, 27.05, 27.01, 26.97, 26.95, 26.93, 26.92]]}]