gis_exercise/awsData/contour/wdir_2023090123.json
[{"header": {"refTime": "2023-09-01T23:00:00.000Z", "nx": 21, "ny": 33, "lo1": 113.509, "la1": 22.2235, "lo2": 113.5947, "la2": 22.1034, "dx": 0.0042850000000001385, "dy": 0.003753125000000024, "parameterCategory": 2, "parameterCategoryName": "Temperature", "parameterNumber": 2}, "data": [1.41, 1.38, 1.34, 2.41, 2.29, 2.03, 1.89, 1.76, 1.75, 2.63, 3.05, 3.44, 3.21, 3.38, 3.02, 3.02, 4.04, 3.97, 3.91, 3.87, 1.44, 1.41, 1.37, 1.31, 2.3, 2.11, 1.74, 1.44, 1.28, 2.25, 2.98, 3.55, 3.39, 3.56, 3.17, 4.13, 4.01, 3.92, 3.86, 3.82, 1.46, 1.44, 1.41, 1.35, 2.35, 2.16, 1.84, 1.19, 0.31, 1.94, 3.1, 3.82, 3.72, 3.84, 4.3, 4.12, 3.96, 3.84, 3.78, 3.75, 1.5, 1.48, 1.46, 1.42, 1.36, 2.3, 2.05, 1.62, 1.23, 2.49, 3.53, 4.28, 4.25, 5.38, 4.34, 4.06, 3.85, 3.72, 3.66, 3.65, 1.53, 1.53, 1.52, 1.5, 1.47, 2.52, 2.41, 2.29, 2.3, 3.43, 4.11, 5.44, 5.56, 5.4, 4.31, 3.95, 3.68, 3.53, 3.51, 3.54, 1.57, 1.58, 1.58, 1.58, 1.59, 1.6, 2.75, 2.81, 3.0, 3.36, 5.41, 5.37, 5.41, 5.16, 4.19, 3.77, 3.39, 3.23, 3.31, 3.43, 2.07, 1.62, 1.64, 1.66, 1.69, 1.74, 3.4, 3.06, 3.29, 4.58, 4.96, 5.16, 4.86, 4.96, 4.02, 3.58, 3.01, 2.79, 3.35, 3.62, 2.05, 2.06, 2.06, 2.31, 2.32, 3.19, 3.27, 3.24, 3.21, 4.7, 5.66, 4.79, 4.62, 4.86, 3.95, 3.54, 3.01, 2.82, 3.1, 3.3, 2.04, 2.03, 2.03, 2.04, 2.26, 2.28, 2.37, 3.29, 3.63, 4.48, 5.36, 5.03, 5.07, 5.05, 4.09, 3.72, 3.37, 3.22, 3.28, 3.38, 1.97, 1.96, 1.96, 1.99, 1.98, 2.14, 2.26, 2.39, 3.65, 3.94, 5.25, 5.18, 5.22, 5.13, 4.18, 3.87, 3.63, 3.49, 3.46, 3.49, 1.97, 1.96, 1.95, 1.94, 1.92, 1.85, 1.98, 2.11, 2.44, 3.62, 4.71, 5.19, 5.17, 5.15, 4.18, 3.96, 3.78, 3.66, 3.6, 3.59, 1.96, 1.96, 1.95, 1.94, 1.92, 1.92, 2.0, 2.22, 2.34, 2.95, 4.43, 4.13, 4.28, 5.16, 4.15, 4.0, 3.87, 4.15, 4.1, 4.08, 1.96, 1.95, 1.95, 1.93, 1.92, 1.89, 1.89, 2.12, 2.26, 2.18, 3.12, 3.98, 4.12, 4.97, 4.98, 4.49, 4.39, 4.31, 4.25, 4.22, 1.96, 1.95, 1.95, 1.93, 1.91, 1.85, 1.71, 1.96, 2.09, 2.11, 3.02, 4.32, 4.5, 4.63, 5.03, 4.61, 4.53, 4.45, 4.38, 4.33, 1.96, 1.96, 1.95, 1.94, 1.92, 1.89, 1.88, 2.32, 2.47, 2.57, 2.62, 3.94, 4.57, 4.7, 4.78, 4.73, 4.66, 4.57, 4.5, 4.43, 1.96, 1.96, 2.29, 2.28, 2.27, 2.45, 2.47, 2.55, 2.65, 2.71, 3.9, 4.08, 4.29, 5.06, 5.11, 7.05, 7.36, 7.67, 7.12, 7.23, 2.36, 2.36, 2.37, 2.39, 2.6, 2.64, 2.71, 2.82, 2.9, 2.9, 3.99, 4.19, 4.44, 4.74, 6.23, 6.03, 6.24, 6.4, 6.51, 6.56, 2.41, 2.42, 2.45, 2.49, 2.72, 2.81, 2.94, 3.13, 3.23, 3.69, 3.83, 4.24, 4.53, 6.16, 5.52, 5.97, 6.29, 6.48, 6.58, 6.62, 2.45, 2.47, 2.51, 2.75, 2.82, 2.93, 3.11, 3.4, 3.77, 3.76, 4.45, 4.66, 6.62, 6.51, 5.94, 6.19, 6.46, 6.62, 6.69, 6.7, 2.49, 2.52, 3.36, 3.39, 3.43, 3.49, 3.57, 3.66, 4.07, 4.26, 4.46, 4.63, 6.96, 7.14, 6.42, 6.58, 6.76, 6.85, 6.84, 6.79, 3.4, 3.42, 3.44, 3.48, 3.53, 3.58, 3.64, 3.7, 4.29, 4.38, 4.51, 4.63, 7.41, 6.7, 6.83, 7.02, 7.16, 7.14, 7.0, 6.87, 3.45, 3.48, 3.51, 3.56, 3.61, 3.67, 3.73, 4.57, 4.44, 4.5, 4.57, 4.64, 8.13, 6.95, 7.18, 7.51, 7.71, 7.5, 7.13, 6.89, 3.5, 3.54, 3.58, 4.78, 4.76, 4.74, 4.72, 4.72, 4.74, 4.76, 4.8, 7.08, 6.57, 7.1, 7.43, 8.03, 8.77, 7.92, 7.06, 6.78, 4.86, 4.85, 4.84, 4.84, 4.83, 4.83, 4.83, 4.83, 4.84, 4.86, 4.89, 7.55, 6.46, 6.84, 7.28, 8.07, 11.17, 6.9, 6.46, 6.53, 4.89, 4.89, 4.89, 4.89, 4.9, 4.91, 4.91, 4.92, 4.9, 4.87, 4.95, 7.26, 8.15, 6.66, 6.95, 7.09, 5.94, 4.08, 5.83, 6.29, 4.92, 4.93, 4.94, 4.95, 4.96, 4.98, 4.99, 5.0, 4.96, 4.92, 6.33, 7.13, 7.92, 6.49, 6.63, 6.73, 6.08, 5.64, 5.9, 6.22, 4.95, 4.97, 4.98, 5.0, 5.02, 5.05, 5.08, 5.11, 5.13, 5.17, 6.6, 7.1, 7.72, 6.79, 6.76, 6.61, 6.35, 6.18, 6.24, 6.39, 4.98, 5.0, 5.02, 5.04, 5.07, 5.11, 5.16, 5.23, 5.33, 6.56, 6.67, 4.84, 4.39, 3.91, 6.68, 6.6, 6.48, 6.4, 6.41, 6.47, 5.01, 5.03, 5.05, 5.08, 5.12, 5.17, 5.24, 5.33, 5.49, 6.55, 5.83, 5.15, 4.59, 4.1, 6.64, 6.6, 6.55, 6.51, 6.51, 6.54, 5.03, 5.05, 5.08, 5.11, 5.15, 5.21, 5.28, 5.39, 5.06, 5.4, 5.61, 5.15, 4.65, 4.21, 6.62, 6.61, 6.59, 6.57, 6.57, 6.58, 5.05, 5.07, 5.1, 5.14, 5.18, 5.23, 5.3, 5.39, 4.94, 5.11, 5.14, 4.92, 4.58, 4.24, 6.61, 6.61, 6.61, 6.6, 6.61, 6.62, 5.07, 5.09, 5.12, 5.15, 5.19, 5.24, 5.3, 4.69, 4.79, 4.86, 4.84, 4.7, 4.47, 4.21, 6.61, 6.62, 6.63, 6.63, 6.63, 6.64]}, {"header": {"refTime": "2023-09-01T23:00:00.000Z", "nx": 21, "ny": 33, "lo1": 113.509, "la1": 22.2235, "lo2": 113.5947, "la2": 22.1034, "dx": 0.0042850000000001385, "dy": 0.003753125000000024, "parameterCategory": 2, "parameterCategoryName": "Temperature", "parameterNumber": 3}, "data": [-8.72, -8.68, -8.63, -8.02, -8.0, -5.92, -5.99, -6.04, -5.97, -5.65, -5.23, -4.8, -5.29, -5.19, -7.58, -8.14, -9.75, -10.2, -10.54, -10.77, -8.75, -8.71, -8.66, -8.59, -8.0, -7.97, -6.16, -6.35, -6.43, -5.93, -5.22, -4.59, -4.97, -4.88, -7.38, -9.21, -9.92, -10.48, -10.86, -11.09, -8.78, -8.74, -8.7, -8.63, -8.01, -7.98, -7.92, -6.62, -7.32, -6.18, -5.08, -4.17, -4.4, -4.42, -8.15, -9.29, -10.25, -10.93, -11.33, -11.51, -8.82, -8.79, -8.75, -8.69, -8.6, -8.01, -7.96, -7.88, -7.81, -5.85, -4.7, -3.43, -3.35, -3.92, -7.95, -9.58, -10.85, -11.64, -11.99, -12.05, -8.88, -8.85, -8.82, -8.77, -8.7, -8.06, -8.04, -8.01, -8.0, -5.44, -4.42, -3.48, -1.21, -3.47, -8.09, -10.25, -11.88, -12.76, -12.9, -12.69, -8.93, -8.93, -8.91, -8.87, -8.81, -8.73, -8.12, -8.14, -8.14, -8.14, -6.09, -4.74, -3.11, -6.46, -8.89, -11.35, -13.55, -14.47, -14.03, -13.37, -10.59, -9.01, -9.01, -8.99, -8.95, -8.87, -8.9, -8.25, -8.26, -8.96, -9.12, -7.2, -9.12, -9.12, -10.02, -12.5, -15.76, -16.97, -16.16, -15.27, -10.64, -10.6, -10.55, -9.77, -9.73, -9.16, -8.97, -8.71, -8.62, -8.85, -8.63, -12.03, -12.71, -11.34, -16.5, -17.29, -18.24, -18.58, -18.07, -17.73, -10.7, -10.67, -10.63, -10.58, -9.85, -9.79, -9.61, -8.88, -8.71, -9.02, -11.85, -13.47, -15.49, -14.52, -16.62, -17.12, -17.66, -17.9, -17.79, -17.6, -11.25, -11.22, -11.17, -10.68, -10.61, -10.04, -9.88, -9.69, -9.0, -8.92, -12.97, -14.45, -16.21, -14.93, -16.74, -16.99, -17.3, -17.48, -17.5, -17.44, -11.27, -11.25, -11.21, -11.13, -10.96, -10.48, -10.96, -11.0, -9.87, -9.21, -12.85, -14.11, -14.67, -14.49, -16.76, -16.91, -17.1, -17.23, -17.29, -17.28, -11.31, -11.3, -11.28, -11.24, -11.17, -11.12, -11.24, -10.94, -10.72, -12.76, -12.56, -14.14, -14.56, -14.09, -16.74, -16.85, -16.97, -17.38, -17.37, -17.35, -11.34, -11.35, -11.36, -11.39, -11.47, -11.7, -11.96, -11.32, -10.94, -11.09, -13.51, -13.73, -14.11, -14.87, -14.75, -16.93, -16.95, -16.99, -17.04, -17.07, -11.38, -11.4, -11.44, -11.51, -11.67, -12.03, -12.79, -11.84, -11.37, -11.27, -13.42, -13.77, -14.04, -14.16, -14.43, -16.4, -16.48, -16.58, -16.69, -16.78, -11.41, -11.44, -11.48, -11.57, -11.7, -11.91, -12.04, -11.91, -11.63, -11.5, -11.45, -11.38, -13.73, -13.79, -13.81, -15.78, -15.95, -16.16, -16.34, -16.49, -11.42, -11.46, -11.72, -11.78, -11.86, -11.88, -11.86, -11.74, -11.6, -11.5, -11.32, -11.49, -11.69, -13.6, -13.57, -13.93, -14.04, -14.14, -14.41, -14.54, -11.64, -11.67, -11.7, -11.73, -11.72, -11.71, -11.66, -11.57, -11.49, -11.45, -11.38, -11.57, -11.82, -12.1, -12.5, -12.78, -12.81, -12.83, -12.85, -12.86, -11.64, -11.65, -11.67, -11.68, -11.63, -11.59, -11.51, -11.4, -11.33, -11.82, -12.02, -11.61, -11.89, -12.48, -12.67, -12.77, -12.81, -12.84, -12.85, -12.87, -11.62, -11.63, -11.64, -11.59, -11.56, -11.51, -11.41, -11.26, -11.25, -11.64, -10.37, -10.53, -12.25, -12.42, -12.76, -12.79, -12.82, -12.85, -12.86, -12.88, -11.61, -11.61, -10.06, -10.08, -10.1, -10.15, -10.25, -10.45, -10.52, -10.26, -10.13, -10.24, -12.2, -12.34, -12.81, -12.83, -12.85, -12.87, -12.88, -12.89, -9.87, -9.86, -9.84, -9.83, -9.81, -9.81, -9.84, -9.91, -9.85, -9.75, -9.71, -9.83, -12.18, -12.84, -12.85, -12.86, -12.87, -12.88, -12.89, -12.9, -9.71, -9.67, -9.63, -9.57, -9.5, -9.42, -9.34, -8.51, -9.1, -9.06, -9.11, -9.3, -10.11, -12.87, -12.87, -12.88, -12.88, -12.9, -12.91, -12.92, -9.56, -9.5, -9.42, -8.23, -8.19, -8.14, -8.03, -7.87, -7.66, -7.53, -7.56, -8.72, -9.94, -12.89, -12.89, -12.89, -12.87, -12.91, -12.94, -12.94, -8.19, -8.17, -8.13, -8.08, -8.0, -7.86, -7.65, -7.32, -6.91, -6.71, -6.96, -7.75, -9.76, -10.65, -11.43, -12.9, -12.8, -12.97, -12.97, -12.96, -8.13, -8.09, -8.04, -7.96, -7.85, -7.67, -7.4, -6.96, -6.23, -5.62, -6.48, -7.56, -8.33, -10.55, -11.35, -12.02, -13.01, -13.1, -13.0, -12.97, -8.08, -8.04, -7.98, -7.89, -7.77, -7.59, -7.33, -6.92, -6.26, -5.74, -6.77, -7.61, -8.28, -10.42, -11.17, -12.36, -12.59, -12.66, -12.99, -12.97, -8.05, -8.0, -7.94, -7.85, -7.74, -7.6, -7.41, -7.16, -6.91, -6.86, -7.42, -7.88, -8.33, -11.5, -11.86, -12.14, -12.33, -12.42, -12.4, -12.35, -8.02, -7.98, -7.92, -7.85, -7.76, -7.66, -7.55, -7.47, -7.48, -7.84, -8.08, -8.31, -8.57, -8.96, -11.63, -11.91, -12.1, -12.21, -12.24, -12.22, -8.01, -7.97, -7.92, -7.86, -7.8, -7.74, -7.7, -7.71, -7.85, -8.35, -8.67, -8.54, -8.65, -8.92, -11.43, -11.71, -11.9, -12.02, -12.08, -12.1, -8.0, -7.96, -7.92, -7.88, -7.84, -7.81, -7.81, -7.86, -8.28, -8.49, -8.64, -8.61, -8.7, -8.91, -11.29, -11.55, -11.74, -11.87, -11.95, -11.99, -8.0, -7.97, -7.94, -7.91, -7.88, -7.87, -7.88, -7.93, -8.36, -8.48, -8.57, -8.63, -8.73, -8.9, -11.2, -11.44, -11.62, -11.75, -11.83, -11.89, -8.0, -7.98, -7.95, -7.93, -7.92, -7.91, -7.93, -8.35, -8.42, -8.5, -8.57, -8.65, -8.76, -8.9, -11.17, -11.37, -11.53, -11.65, -11.74, -11.8]}, {"header": {"refTime": "2023-09-01T23:00:00.000Z", "nx": 21, "ny": 33, "lo1": 113.509, "la1": 22.2235, "lo2": 113.5947, "la2": 22.1034, "dx": 0.0042850000000001385, "dy": 0.003753125000000024, "parameterCategory": 0, "parameterCategoryName": "Temperature", "parameterNumber": 0}, "data": [[24.93, 24.92, 24.92, 24.71, 24.72, 25.08, 25.07, 25.07, 25.08, 25.06, 25.1, 25.14, 25.32, 25.34, 25.4, 25.39, 25.41, 25.39, 25.38, 25.38], [24.93, 24.93, 24.92, 24.92, 24.72, 24.74, 25.05, 25.04, 25.03, 25.03, 25.1, 25.17, 25.36, 25.38, 25.43, 25.43, 25.41, 25.39, 25.38, 25.37], [24.93, 24.93, 24.92, 24.92, 24.72, 24.73, 24.76, 25.01, 24.93, 25.01, 25.12, 25.23, 25.42, 25.43, 25.47, 25.43, 25.4, 25.38, 25.37, 25.36], [24.94, 24.93, 24.93, 24.92, 24.91, 24.72, 24.74, 24.77, 24.8, 25.03, 25.16, 25.32, 25.53, 25.4, 25.48, 25.42, 25.38, 25.36, 25.35, 25.35], [24.94, 24.94, 24.93, 24.93, 24.91, 24.7, 24.71, 24.72, 24.72, 25.04, 25.17, 25.43, 25.7, 25.46, 25.47, 25.4, 25.36, 25.33, 25.33, 25.33], [24.95, 24.94, 24.94, 24.93, 24.92, 24.9, 24.69, 24.68, 24.67, 24.64, 25.08, 25.29, 25.5, 25.6, 25.43, 25.37, 25.32, 25.3, 25.3, 25.31], [24.98, 24.95, 24.95, 24.95, 24.93, 24.91, 24.75, 24.67, 24.65, 24.62, 24.61, 25.04, 25.39, 25.44, 25.37, 25.33, 25.27, 25.24, 25.33, 25.37], [24.99, 24.99, 24.99, 24.99, 24.98, 24.82, 24.77, 24.72, 24.68, 24.6, 24.49, 24.82, 24.82, 25.45, 25.13, 25.1, 25.15, 25.16, 25.14, 25.12], [24.91, 24.92, 25.01, 25.02, 25.02, 25.0, 24.94, 24.75, 24.6, 24.64, 24.63, 24.72, 24.76, 24.7, 25.12, 25.1, 25.12, 25.13, 25.13, 25.12], [25.2, 25.2, 25.2, 24.97, 25.0, 25.09, 25.03, 24.94, 24.53, 24.55, 24.76, 24.66, 24.7, 24.68, 25.12, 25.09, 25.1, 25.11, 25.11, 25.11], [25.2, 25.2, 25.2, 25.2, 25.2, 25.2, 25.2, 25.2, 25.02, 24.6, 24.4, 24.63, 24.66, 24.66, 25.12, 25.08, 25.09, 25.1, 25.1, 25.1], [25.2, 25.2, 25.2, 25.2, 25.2, 25.2, 25.2, 25.2, 25.2, -999.0, 24.4, 25.0, 25.0, 24.64, 25.12, 25.07, 25.08, 24.57, 24.59, 24.59], [25.2, 25.2, 25.2, 25.2, 25.2, 25.2, 25.2, 25.2, 25.2, 25.2, -999.0, 25.0, 25.0, 24.41, 24.67, 24.8, 24.81, 24.67, 24.69, 24.7], [25.2, 25.2, 25.2, 25.2, 25.2, 25.2, 25.2, 25.2, 25.2, 25.2, -999.0, 24.1, 24.1, 24.1, 24.59, 24.71, 24.73, 24.59, 24.62, 24.64], [25.2, 25.2, 25.2, 25.2, 25.2, 25.2, 25.2, 25.3, 25.3, 25.3, 25.3, 24.84, 24.1, 24.1, 24.1, 24.6, 24.64, 24.51, 24.55, 24.58], [25.2, 25.2, 25.26, 25.26, 25.27, 25.3, 25.3, 25.3, 25.3, 25.3, 24.54, 24.63, 24.51, 24.42, 24.53, 24.06, 24.06, 24.07, 24.36, 24.38], [25.26, 25.26, 25.24, 25.24, 25.3, 25.3, 25.3, 25.3, 25.3, 25.3, 24.78, 24.64, 24.48, 24.33, 24.23, 24.11, 24.12, 24.12, 24.12, 24.13], [25.24, 25.24, 25.24, 25.24, 25.3, 25.3, 25.3, 25.3, 25.3, 25.0, 24.83, 24.65, 24.47, 24.25, 24.12, 24.11, 24.12, 24.12, 24.12, 24.13], [25.24, 25.24, 25.24, 25.3, 25.3, 25.3, 25.3, 25.3, 25.19, 25.07, 24.97, 24.82, 24.41, 24.29, 24.11, 24.11, 24.12, 24.12, 24.13, 24.13], [25.24, 25.24, 25.36, 25.35, 25.35, 25.35, 25.34, 25.32, 25.2, 25.11, 25.0, 24.87, 24.44, 24.34, 24.12, 24.12, 24.12, 24.13, 24.13, 24.13], [25.36, 25.36, 25.36, 25.34, 25.34, 25.34, 25.33, 25.33, 25.14, 25.09, 25.02, 24.92, 24.45, 24.12, 24.12, 24.12, 24.12, 24.13, 24.13, 24.13], [25.35, 25.35, 25.35, 25.34, 25.34, 25.34, 25.34, 25.35, 25.13, 25.1, 25.05, 24.98, 24.49, 24.12, 24.12, 24.12, 24.12, 24.13, 24.13, 24.14], [25.35, 25.35, 25.35, 25.36, 25.36, 25.36, 25.36, 25.36, 25.37, 25.37, 25.37, 25.0, 24.61, 24.13, 24.13, 24.12, 24.11, 24.13, 24.14, 24.14], [25.36, 25.36, 25.36, 25.37, 25.37, 25.37, 25.37, 25.37, 25.38, 25.38, 25.38, 25.06, 24.64, 24.5, 24.37, 24.12, 24.07, 24.15, 24.16, 24.15], [25.37, 25.37, 25.37, 25.37, 25.37, 25.37, 25.38, 25.38, 25.39, 25.39, 25.39, 25.1, 24.98, 24.52, 24.39, 24.29, 24.17, 24.21, 24.17, 24.16], [25.37, 25.37, 25.37, 25.37, 25.37, 25.38, 25.38, 25.38, 25.39, 25.39, 25.23, 25.13, 25.02, 24.54, 24.43, 24.35, 24.3, 24.3, 24.17, 24.16], [25.37, 25.37, 25.37, 25.37, 25.37, 25.38, 25.38, 25.38, 25.39, 25.39, 25.22, 25.15, 25.06, 24.6, 24.49, 24.42, 24.37, 24.35, 24.35, 24.36], [25.37, 25.37, 25.37, 25.37, 25.38, 25.38, 25.38, 25.38, 25.39, 25.26, 25.25, 25.24, 25.16, 25.08, 24.56, 24.48, 24.43, 24.4, 24.39, 24.4], [25.37, 25.37, 25.37, 25.38, 25.38, 25.38, 25.38, 25.39, 25.39, 25.3, 25.36, 25.27, 25.19, 25.11, 24.62, 24.54, 24.49, 24.45, 24.44, 24.43], [25.37, 25.37, 25.37, 25.38, 25.38, 25.38, 25.38, 25.39, 25.27, 25.31, 25.33, 25.27, 25.19, 25.12, 24.67, 24.59, 24.53, 24.5, 24.47, 24.46], [25.37, 25.37, 25.38, 25.38, 25.38, 25.38, 25.38, 25.38, 25.25, 25.27, 25.27, 25.23, 25.18, 25.13, 24.69, 24.62, 24.57, 24.53, 24.51, 24.49], [25.37, 25.37, 25.38, 25.38, 25.38, 25.38, 25.38, 25.22, 25.23, 25.23, 25.23, 25.2, 25.17, 25.12, 24.7, 24.64, 24.59, 24.56, 24.53, 24.51]]}]