gis_exercise/awsData/contour/wdir_2023090100.json
[{"header": {"refTime": "2023-09-01T00:00:00.000Z", "nx": 21, "ny": 33, "lo1": 113.509, "la1": 22.2235, "lo2": 113.5947, "la2": 22.1034, "dx": 0.0042850000000001385, "dy": 0.003753125000000024, "parameterCategory": 2, "parameterCategoryName": "Temperature", "parameterNumber": 2}, "data": [0.08, 0.07, 0.05, 0.46, 0.43, 0.24, 0.21, 0.17, 0.18, 0.6, 0.74, 0.87, 0.81, 0.87, 1.02, 1.06, 1.55, 1.56, 1.56, 1.57, 0.09, 0.07, 0.06, 0.04, 0.42, 0.37, 0.16, 0.09, 0.05, 0.47, 0.72, 0.9, 0.86, 0.92, 1.06, 1.55, 1.56, 1.57, 1.57, 1.58, 0.09, 0.09, 0.07, 0.05, 0.44, 0.38, 0.28, 0.01, -0.22, 0.36, 0.75, 0.98, 0.96, 1.01, 1.53, 1.55, 1.56, 1.58, 1.58, 1.58, 0.11, 0.1, 0.09, 0.07, 0.05, 0.42, 0.34, 0.21, 0.09, 0.56, 0.9, 1.12, 1.11, 1.57, 1.53, 1.55, 1.58, 1.59, 1.6, 1.6, 0.12, 0.12, 0.11, 0.1, 0.08, 0.47, 0.44, 0.41, 0.43, 0.9, 1.11, 1.57, 1.5, 1.55, 1.53, 1.57, 1.6, 1.61, 1.61, 1.61, 0.14, 0.13, 0.13, 0.13, 0.12, 0.1, 0.53, 0.55, 0.63, 0.8, 1.68, 1.6, 1.54, 1.62, 1.54, 1.58, 1.63, 1.65, 1.64, 1.62, 0.43, 0.15, 0.16, 0.16, 0.15, 0.15, 0.74, 0.56, 0.66, 1.31, 1.54, 1.64, 1.64, 1.68, 1.54, 1.6, 1.68, 1.71, 1.8, 1.82, 0.43, 0.43, 0.43, 0.82, 0.8, 0.72, 0.7, 0.58, 0.5, 1.35, 1.85, 1.75, 1.72, 1.75, 1.84, 1.82, 1.8, 1.79, 1.8, 1.81, 0.44, 0.44, 0.43, 0.43, 0.79, 0.78, 0.77, 0.67, 1.07, 1.26, 1.95, 1.92, 2.05, 1.98, 1.88, 1.85, 1.82, 1.81, 1.81, 1.82, 1.01, 0.99, 0.96, 0.44, 0.43, 0.73, 0.83, 0.94, 1.43, 1.51, 1.97, 2.03, 2.14, 2.04, 1.91, 1.87, 1.84, 1.83, 1.83, 1.83, 1.01, 0.99, 0.96, 0.9, 0.79, 0.46, 0.96, 1.32, 1.36, 1.68, 2.26, 2.01, 2.04, 2.02, 1.91, 1.88, 1.86, 1.85, 1.84, 1.84, 1.01, 0.99, 0.97, 0.93, 0.87, 0.85, 1.08, 1.59, 1.85, 1.94, 2.27, 2.07, 2.07, 2.0, 1.91, 1.88, 1.87, 1.8, 1.78, 1.78, 1.02, 1.01, 0.99, 0.96, 0.94, 0.95, 1.01, 1.45, 1.71, 1.52, 1.89, 2.08, 2.07, 1.73, 1.71, 1.79, 1.77, 1.76, 1.75, 1.75, 1.03, 1.02, 1.01, 0.99, 0.98, 0.94, 0.79, 1.16, 1.38, 1.4, 1.82, 2.0, 1.95, 1.9, 1.64, 1.72, 1.71, 1.71, 1.72, 1.72, 1.04, 1.03, 1.02, 1.02, 1.01, 1.0, 1.01, 1.23, 1.35, 1.4, 1.4, 1.53, 1.85, 1.79, 1.75, 1.63, 1.64, 1.66, 1.68, 1.69, 1.05, 1.05, 0.68, 0.68, 0.69, 1.18, 1.18, 1.23, 1.28, 1.31, 1.49, 1.46, 1.42, 1.39, 1.38, 2.1, 2.25, 2.39, 2.36, 2.43, 0.69, 0.69, 0.7, 0.7, 1.2, 1.19, 1.19, 1.2, 1.21, 1.24, 1.4, 1.39, 1.36, 1.32, 1.59, 1.74, 1.94, 2.08, 2.19, 2.25, 0.7, 0.7, 0.71, 0.72, 1.2, 1.19, 1.17, 1.14, 1.13, 0.97, 0.99, 1.35, 1.33, 1.57, 1.26, 1.69, 1.96, 2.13, 2.24, 2.3, 0.71, 0.72, 0.73, 1.22, 1.2, 1.18, 1.15, 1.09, 0.99, 0.98, 1.07, 1.1, 1.81, 1.72, 1.65, 1.86, 2.09, 2.24, 2.32, 2.37, 0.72, 0.73, 0.92, 0.92, 0.93, 0.94, 0.95, 0.97, 1.03, 1.05, 1.08, 1.1, 1.96, 2.0, 2.03, 2.15, 2.29, 2.39, 2.44, 2.45, 0.92, 0.93, 0.93, 0.94, 0.94, 0.95, 0.96, 0.97, 1.05, 1.06, 1.08, 1.1, 2.15, 2.25, 2.32, 2.44, 2.54, 2.58, 2.57, 2.53, 0.93, 0.93, 0.94, 0.95, 0.95, 0.96, 0.97, 1.27, 1.07, 1.08, 1.09, 1.1, 2.35, 2.44, 2.56, 2.71, 2.83, 2.79, 2.68, 2.6, 0.94, 0.94, 0.95, 1.38, 1.36, 1.35, 1.33, 1.31, 1.31, 1.31, 1.34, 2.07, 2.34, 2.57, 2.72, 2.96, 3.23, 3.0, 2.73, 2.62, 1.43, 1.42, 1.41, 1.4, 1.39, 1.38, 1.36, 1.34, 1.31, 1.3, 1.34, 2.35, 2.28, 2.51, 2.75, 3.04, 3.96, 2.8, 2.62, 2.59, 1.44, 1.44, 1.44, 1.43, 1.42, 1.41, 1.4, 1.36, 1.29, 1.22, 1.34, 2.25, 2.6, 2.45, 2.65, 2.78, 2.55, 2.07, 2.47, 2.54, 1.46, 1.46, 1.46, 1.46, 1.46, 1.45, 1.44, 1.41, 1.33, 1.26, 1.88, 2.23, 2.55, 2.39, 2.53, 2.77, 2.62, 2.51, 2.47, 2.51, 1.48, 1.48, 1.48, 1.49, 1.49, 1.5, 1.5, 1.5, 1.5, 1.52, 2.08, 2.29, 2.52, 2.72, 2.74, 2.73, 2.67, 2.63, 2.65, 2.68, 1.49, 1.5, 1.51, 1.52, 1.53, 1.55, 1.57, 1.61, 1.67, 2.18, 2.25, 1.78, 1.68, 1.58, 2.7, 2.7, 2.69, 2.67, 2.68, 2.69, 1.51, 1.52, 1.53, 1.54, 1.56, 1.59, 1.63, 1.69, 1.81, 2.29, 2.18, 1.93, 1.76, 1.64, 2.67, 2.69, 2.69, 2.69, 2.69, 2.7, 1.52, 1.53, 1.55, 1.57, 1.59, 1.62, 1.67, 1.74, 1.85, 2.01, 2.1, 1.94, 1.79, 1.68, 2.66, 2.68, 2.69, 2.69, 2.7, 2.71, 1.54, 1.55, 1.56, 1.58, 1.61, 1.64, 1.69, 1.75, 1.82, 1.9, 1.93, 1.87, 1.77, 1.69, 2.65, 2.67, 2.68, 2.69, 2.7, 2.71, 1.55, 1.56, 1.57, 1.59, 1.62, 1.65, 1.69, 1.74, 1.78, 1.82, 1.83, 1.8, 1.74, 1.68, 2.65, 2.66, 2.68, 2.69, 2.7, 2.7]}, {"header": {"refTime": "2023-09-01T00:00:00.000Z", "nx": 21, "ny": 33, "lo1": 113.509, "la1": 22.2235, "lo2": 113.5947, "la2": 22.1034, "dx": 0.0042850000000001385, "dy": 0.003753125000000024, "parameterCategory": 2, "parameterCategoryName": "Temperature", "parameterNumber": 3}, "data": [-2.43, -2.4, -2.37, -2.1, -2.07, -1.6, -1.58, -1.56, -1.54, -1.53, -1.5, -1.47, -1.75, -1.77, -2.29, -2.45, -3.21, -3.31, -3.39, -3.45, -2.45, -2.42, -2.38, -2.34, -2.08, -2.03, -1.59, -1.57, -1.55, -1.54, -1.49, -1.44, -1.71, -1.73, -2.27, -3.07, -3.24, -3.38, -3.47, -3.52, -2.47, -2.45, -2.41, -2.37, -2.09, -2.05, -1.98, -1.59, -1.57, -1.54, -1.48, -1.39, -1.63, -1.66, -2.82, -3.09, -3.32, -3.48, -3.58, -3.62, -2.5, -2.48, -2.45, -2.41, -2.35, -2.09, -2.03, -1.93, -1.84, -1.55, -1.46, -1.3, -1.46, -1.76, -2.77, -3.16, -3.46, -3.65, -3.73, -3.74, -2.54, -2.52, -2.5, -2.47, -2.42, -2.14, -2.12, -2.09, -2.08, -1.6, -1.48, -1.64, -1.1, -1.65, -2.8, -3.32, -3.7, -3.9, -3.94, -3.89, -2.58, -2.57, -2.56, -2.54, -2.51, -2.46, -2.21, -2.23, -2.25, -2.27, -2.26, -1.96, -1.57, -2.52, -3.0, -3.58, -4.09, -4.3, -4.2, -4.05, -3.15, -2.62, -2.63, -2.62, -2.6, -2.57, -2.76, -2.34, -2.37, -2.79, -2.88, -2.57, -3.23, -3.23, -3.29, -3.85, -4.6, -4.88, -4.74, -4.55, -3.16, -3.16, -3.16, -3.42, -3.39, -2.88, -2.79, -2.65, -2.58, -2.75, -2.71, -3.89, -4.12, -3.82, -5.02, -5.14, -5.27, -5.32, -5.25, -5.2, -3.18, -3.19, -3.19, -3.19, -3.44, -3.4, -3.32, -2.74, -2.86, -2.81, -3.76, -4.29, -4.89, -4.6, -5.08, -5.13, -5.2, -5.23, -5.21, -5.19, -3.75, -3.74, -3.73, -3.24, -3.27, -3.48, -3.48, -3.46, -3.19, -3.12, -4.11, -4.56, -5.08, -4.71, -5.12, -5.13, -5.16, -5.18, -5.18, -5.17, -3.75, -3.74, -3.72, -3.7, -3.65, -3.49, -3.74, -3.94, -3.79, -3.43, -4.43, -4.46, -4.63, -4.58, -5.13, -5.13, -5.14, -5.15, -5.15, -5.15, -3.75, -3.74, -3.72, -3.7, -3.68, -3.67, -3.79, -4.1, -4.25, -4.56, -4.46, -4.88, -4.93, -4.45, -5.12, -5.12, -5.12, -5.14, -5.13, -5.12, -3.75, -3.74, -3.73, -3.71, -3.7, -3.69, -3.71, -3.99, -4.16, -4.05, -4.62, -4.83, -4.87, -4.69, -4.65, -5.07, -5.06, -5.05, -5.06, -5.06, -3.75, -3.75, -3.74, -3.72, -3.71, -3.66, -3.53, -3.8, -3.95, -3.97, -4.54, -4.78, -4.78, -4.75, -4.54, -4.92, -4.93, -4.95, -4.97, -4.99, -3.76, -3.75, -3.74, -3.73, -3.72, -3.7, -3.7, -3.74, -3.8, -3.82, -3.81, -3.95, -4.65, -4.6, -4.57, -4.76, -4.8, -4.84, -4.89, -4.92, -3.76, -3.76, -3.4, -3.4, -3.4, -3.67, -3.67, -3.69, -3.71, -3.72, -3.88, -3.89, -3.9, -4.17, -4.17, -4.31, -4.35, -4.38, -4.32, -4.35, -3.39, -3.39, -3.39, -3.39, -3.66, -3.64, -3.63, -3.61, -3.61, -3.63, -3.8, -3.84, -3.87, -3.89, -3.85, -3.98, -4.0, -4.02, -4.03, -4.04, -3.39, -3.39, -3.38, -3.38, -3.64, -3.61, -3.56, -3.51, -3.48, -3.42, -3.5, -3.8, -3.85, -3.84, -3.91, -3.97, -4.0, -4.02, -4.03, -4.04, -3.38, -3.38, -3.38, -3.64, -3.61, -3.58, -3.51, -3.41, -3.29, -3.39, -3.05, -3.12, -3.75, -3.82, -3.97, -3.99, -4.01, -4.03, -4.04, -4.05, -3.38, -3.38, -2.74, -2.75, -2.77, -2.81, -2.87, -2.98, -3.08, -3.0, -2.97, -3.02, -3.73, -3.79, -4.0, -4.02, -4.03, -4.04, -4.05, -4.06, -2.68, -2.68, -2.68, -2.68, -2.69, -2.71, -2.74, -2.78, -2.86, -2.83, -2.83, -2.88, -3.72, -4.03, -4.03, -4.04, -4.05, -4.06, -4.07, -4.07, -2.63, -2.63, -2.62, -2.61, -2.6, -2.58, -2.57, -2.41, -2.61, -2.6, -2.63, -2.7, -3.03, -4.05, -4.05, -4.06, -4.06, -4.07, -4.08, -4.08, -2.59, -2.57, -2.56, -2.32, -2.31, -2.29, -2.25, -2.2, -2.13, -2.08, -2.09, -2.51, -3.02, -4.06, -4.07, -4.07, -4.06, -4.08, -4.09, -4.09, -2.31, -2.31, -2.29, -2.27, -2.25, -2.2, -2.13, -2.01, -1.87, -1.8, -1.89, -2.2, -2.95, -3.28, -3.56, -4.08, -4.03, -4.12, -4.12, -4.1, -2.3, -2.28, -2.26, -2.24, -2.2, -2.14, -2.05, -1.89, -1.64, -1.43, -1.73, -2.14, -2.41, -3.24, -3.53, -3.78, -4.14, -4.18, -4.13, -4.11, -2.28, -2.26, -2.24, -2.21, -2.17, -2.11, -2.02, -1.89, -1.66, -1.48, -1.85, -2.16, -2.4, -3.19, -3.47, -3.9, -3.99, -4.02, -4.13, -4.11, -2.27, -2.25, -2.23, -2.2, -2.17, -2.12, -2.05, -1.97, -1.89, -1.87, -2.09, -2.25, -2.41, -3.58, -3.71, -3.82, -3.89, -3.92, -3.92, -3.9, -2.26, -2.25, -2.23, -2.2, -2.18, -2.14, -2.11, -2.08, -2.09, -2.24, -2.33, -2.42, -2.52, -2.67, -3.63, -3.73, -3.81, -3.84, -3.86, -3.85, -2.26, -2.24, -2.23, -2.21, -2.19, -2.17, -2.16, -2.17, -2.23, -2.42, -2.54, -2.5, -2.55, -2.65, -3.56, -3.66, -3.73, -3.78, -3.8, -3.8, -2.26, -2.25, -2.23, -2.22, -2.21, -2.2, -2.2, -2.23, -2.41, -2.48, -2.53, -2.53, -2.57, -2.64, -3.5, -3.6, -3.67, -3.72, -3.75, -3.76, -2.26, -2.25, -2.24, -2.23, -2.22, -2.22, -2.23, -2.25, -2.44, -2.48, -2.51, -2.54, -2.58, -2.64, -3.47, -3.56, -3.63, -3.67, -3.7, -3.72, -2.26, -2.25, -2.24, -2.24, -2.23, -2.24, -2.24, -2.44, -2.46, -2.49, -2.52, -2.55, -2.59, -2.64, -3.46, -3.53, -3.59, -3.64, -3.67, -3.69]}, {"header": {"refTime": "2023-09-01T00:00:00.000Z", "nx": 21, "ny": 33, "lo1": 113.509, "la1": 22.2235, "lo2": 113.5947, "la2": 22.1034, "dx": 0.0042850000000001385, "dy": 0.003753125000000024, "parameterCategory": 0, "parameterCategoryName": "Temperature", "parameterNumber": 0}, "data": [[27.68, 27.66, 27.64, 27.36, 27.35, 27.61, 27.57, 27.54, 27.53, 27.45, 27.52, 27.59, 27.86, 27.9, 27.87, 27.87, 28.14, 28.13, 28.12, 28.12], [27.69, 27.68, 27.65, 27.63, 27.35, 27.33, 27.54, 27.46, 27.42, 27.4, 27.52, 27.62, 27.9, 27.94, 27.9, 28.16, 28.14, 28.12, 28.11, 28.11], [27.71, 27.69, 27.67, 27.64, 27.37, 27.34, 27.3, 27.4, 27.18, 27.35, 27.54, 27.69, 27.97, 28.0, 28.18, 28.15, 28.13, 28.11, 28.1, 28.1], [27.72, 27.71, 27.7, 27.67, 27.64, 27.37, 27.34, 27.28, 27.23, 27.42, 27.61, 27.8, 28.09, 28.09, 28.19, 28.15, 28.11, 28.09, 28.09, 28.08], [27.74, 27.74, 27.73, 27.71, 27.69, 27.41, 27.39, 27.37, 27.35, 27.5, 27.66, 28.11, 28.28, 28.13, 28.18, 28.13, 28.09, 28.07, 28.06, 28.07], [27.77, 27.77, 27.76, 27.75, 27.74, 27.72, 27.46, 27.47, 27.45, 27.41, 27.86, 28.02, 28.16, 28.3, 28.16, 28.1, 28.05, 28.02, 28.03, 28.05], [28.07, 27.8, 27.8, 27.8, 27.8, 27.79, 27.8, 27.58, 27.58, 27.62, 27.57, 27.88, 28.23, 28.25, 28.14, 28.07, 27.99, 27.96, 27.99, 28.02], [28.07, 28.07, 28.07, 28.07, 28.07, 27.86, 27.83, 27.82, 27.83, 27.58, 27.36, 27.82, 27.83, 28.25, 27.97, 28.0, 27.95, 27.94, 27.96, 27.98], [28.03, 28.03, 28.09, 28.09, 28.09, 28.08, 28.04, 27.82, 27.68, 27.64, 27.55, 27.68, 27.74, 27.66, 27.98, 28.0, 27.98, 27.97, 27.97, 27.98], [28.2, 28.2, 28.2, 28.06, 28.08, 28.13, 28.1, 28.04, 27.5, 27.54, 27.75, 27.6, 27.64, 27.62, 27.98, 28.01, 28.0, 27.99, 27.99, 27.99], [28.2, 28.2, 28.2, 28.2, 28.2, 28.2, 28.2, 28.2, 28.09, 27.66, 27.2, 27.54, 27.58, 27.59, 27.98, 28.02, 28.01, 28.0, 28.0, 28.0], [28.2, 28.2, 28.2, 28.2, 28.2, 28.2, 28.2, 28.2, 28.2, -999.0, 27.2, 28.1, 28.1, 27.56, 27.98, 28.03, 28.02, 26.88, 26.9, 26.91], [28.2, 28.2, 28.2, 28.2, 28.2, 28.2, 28.2, 28.2, 28.2, 28.2, -999.0, 28.1, 28.1, 26.79, 27.37, 27.24, 27.26, 27.04, 27.07, 27.09], [28.2, 28.2, 28.2, 28.2, 28.2, 28.2, 28.2, 28.2, 28.2, 28.2, -999.0, 26.1, 26.1, 26.1, 27.2, 27.09, 27.12, 26.9, 26.95, 26.98], [28.2, 28.2, 28.2, 28.2, 28.2, 28.2, 28.2, 28.0, 28.0, 28.0, 28.0, 27.27, 26.1, 26.1, 26.1, 26.92, 26.98, 26.77, 26.83, 26.89], [28.2, 28.2, 28.07, 28.07, 28.07, 28.0, 28.0, 28.0, 28.0, 28.0, 26.8, 26.94, 26.76, 26.6, 26.78, 26.87, 26.99, 26.78, 27.14, 27.21], [28.07, 28.07, 28.13, 28.13, 28.0, 28.0, 28.0, 28.0, 28.0, 28.0, 27.18, 26.95, 26.7, 26.47, 26.56, 26.51, 26.66, 26.77, 26.85, 26.9], [28.13, 28.13, 28.12, 28.12, 28.0, 28.0, 28.0, 28.0, 28.0, 27.52, 27.26, 26.98, 26.68, 26.57, 26.17, 26.47, 26.67, 26.8, 26.89, 26.94], [28.12, 28.12, 28.12, 28.0, 28.0, 28.0, 28.0, 28.0, 27.83, 27.63, 27.45, 27.22, 27.0, 26.73, 26.44, 26.59, 26.76, 26.88, 26.95, 26.99], [28.12, 28.12, 28.0, 28.0, 28.0, 28.0, 28.0, 28.0, 27.82, 27.67, 27.49, 27.29, 27.14, 26.99, 26.71, 26.8, 26.91, 26.99, 27.03, 27.05], [28.0, 28.0, 28.0, 28.0, 28.0, 28.0, 28.0, 28.0, 27.7, 27.63, 27.51, 27.36, 27.27, 26.88, 26.93, 27.01, 27.08, 27.12, 27.13, 27.12], [28.0, 28.0, 28.0, 28.0, 28.0, 28.0, 28.0, 28.07, 27.67, 27.62, 27.54, 27.43, 27.39, 27.02, 27.1, 27.19, 27.27, 27.26, 27.22, 27.17], [28.0, 28.0, 28.0, 28.1, 28.1, 28.09, 28.09, 28.08, 28.08, 28.08, 28.08, 28.05, 27.68, 27.12, 27.21, 27.35, 27.49, 27.4, 27.27, 27.21], [28.12, 28.11, 28.11, 28.11, 28.1, 28.1, 28.09, 28.08, 28.07, 28.07, 28.08, 28.15, 27.69, 27.64, 27.61, 27.41, 27.82, 27.36, 27.26, 27.21], [28.12, 28.12, 28.12, 28.12, 28.11, 28.11, 28.1, 28.09, 28.06, 28.04, 28.08, 28.15, 28.17, 27.63, 27.58, 27.53, 27.26, 27.08, 27.2, 27.2], [28.13, 28.13, 28.12, 28.12, 28.12, 28.12, 28.12, 28.1, 28.08, 28.05, 28.12, 28.17, 28.19, 27.63, 27.57, 27.56, 27.45, 27.39, 27.19, 27.19], [28.13, 28.13, 28.13, 28.13, 28.13, 28.14, 28.14, 28.13, 28.13, 28.14, 28.18, 28.2, 28.21, 27.79, 27.69, 27.61, 27.54, 27.5, 27.51, 27.54], [28.14, 28.14, 28.14, 28.14, 28.15, 28.15, 28.16, 28.17, 28.19, 28.24, 28.26, 28.03, 27.91, 27.79, 27.74, 27.67, 27.61, 27.58, 27.57, 27.58], [28.14, 28.14, 28.15, 28.15, 28.16, 28.16, 28.18, 28.19, 28.23, 28.31, 28.3, 28.12, 27.97, 27.84, 27.79, 27.72, 27.66, 27.63, 27.62, 27.61], [28.14, 28.15, 28.15, 28.16, 28.16, 28.17, 28.19, 28.21, 28.09, 28.18, 28.24, 28.12, 27.98, 27.87, 27.83, 27.76, 27.71, 27.67, 27.66, 27.65], [28.15, 28.15, 28.16, 28.16, 28.17, 28.18, 28.19, 28.21, 28.06, 28.1, 28.11, 28.06, 27.97, 27.87, 27.85, 27.79, 27.74, 27.71, 27.69, 27.67], [28.15, 28.15, 28.16, 28.17, 28.17, 28.18, 28.19, 27.99, 28.02, 28.04, 28.03, 28.0, 27.94, 27.87, 27.85, 27.8, 27.76, 27.73, 27.71, 27.7]]}]