gis_exercise/awsData/contour/wdir_2023090600.json
[{"header": {"refTime": "2023-09-06T00:00:00.000Z", "nx": 21, "ny": 33, "lo1": 113.509, "la1": 22.2235, "lo2": 113.5947, "la2": 22.1034, "dx": 0.0042850000000001385, "dy": 0.003753125000000024, "parameterCategory": 2, "parameterCategoryName": "Temperature", "parameterNumber": 2}, "data": [0.43, 0.42, 0.42, 0.56, 0.55, 0.52, 0.51, 0.5, 0.5, 0.68, 0.74, 0.8, 1.35, 1.41, 0.44, 0.41, 1.18, 1.14, 1.11, 1.09, 0.43, 0.43, 0.42, 0.41, 0.55, 0.53, 0.49, 0.46, 0.45, 0.62, 0.73, 0.81, 1.37, 1.43, 0.46, 1.21, 1.14, 1.09, 1.06, 1.04, 0.43, 0.43, 0.43, 0.42, 0.55, 0.53, 0.5, 0.43, 0.34, 0.58, 0.75, 0.85, 1.39, 1.45, 1.26, 1.18, 1.09, 1.02, 0.99, 0.98, 0.44, 0.44, 0.43, 0.42, 0.42, 0.55, 0.52, 0.48, 0.44, 0.66, 0.81, 0.92, 1.39, 1.64, 1.26, 1.13, 1.01, 0.92, 0.89, 0.9, 0.45, 0.44, 0.44, 0.43, 0.43, 0.56, 0.55, 0.54, 0.55, 0.8, 0.89, 1.56, 1.32, 1.6, 1.26, 1.07, 0.87, 0.76, 0.75, 0.8, 0.45, 0.45, 0.45, 0.44, 0.44, 0.43, 0.58, 0.58, 0.62, 0.69, 1.75, 1.7, 1.57, 2.19, 1.29, 0.97, 0.63, 0.49, 0.58, 0.7, 0.91, 0.46, 0.46, 0.46, 0.45, 0.45, 0.66, 0.58, 0.61, 1.34, 1.59, 2.03, 2.65, 2.6, 1.34, 0.88, 0.28, 0.06, 0.46, 0.69, 0.92, 0.9, 0.88, 0.71, 0.7, 0.66, 0.64, 0.58, 0.67, 1.28, 1.38, 2.84, 3.08, 2.92, 2.24, 1.54, 0.67, 0.35, 0.83, 1.14, 0.93, 0.92, 0.9, 0.87, 0.7, 0.69, 0.68, 0.63, 0.77, 1.37, 2.41, 2.92, 3.24, 3.09, 2.39, 1.81, 1.26, 1.01, 1.11, 1.28, 1.18, 1.16, 1.13, 0.88, 0.83, 0.69, 0.72, 0.74, 0.91, 0.95, 2.68, 2.99, 3.26, 3.1, 2.48, 2.04, 1.66, 1.44, 1.4, 1.46, 1.19, 1.17, 1.14, 1.09, 0.97, 0.64, 1.03, 1.19, 0.9, 1.01, 2.11, 2.92, 3.03, 3.02, 2.48, 2.17, 1.89, 1.71, 1.63, 1.62, 1.21, 1.19, 1.18, 1.14, 1.09, 1.06, 1.2, 1.27, 1.28, 1.9, 2.01, 2.8, 2.94, 2.94, 2.45, 2.23, 2.03, 1.27, 1.2, 1.16, 1.22, 1.22, 1.22, 1.22, 1.25, 1.35, 1.48, 1.38, 1.31, 1.31, 2.1, 2.67, 2.81, 2.77, 2.71, 1.55, 1.43, 1.33, 1.27, 1.23, 1.24, 1.25, 1.26, 1.28, 1.35, 1.49, 1.75, 1.49, 1.37, 1.33, 2.06, 1.96, 2.0, 1.99, 2.49, 1.49, 1.42, 1.35, 1.31, 1.27, 1.26, 1.27, 1.28, 1.32, 1.37, 1.46, 1.51, 1.28, 1.15, 1.07, 1.01, 0.75, 1.84, 1.81, 1.78, 1.42, 1.38, 1.35, 1.32, 1.3, 1.27, 1.28, 0.87, 0.9, 0.95, 1.14, 1.13, 1.05, 0.96, 0.91, 0.64, 0.7, 0.76, 1.29, 1.31, 1.64, 1.7, 1.75, 0.79, 0.77, 0.8, 0.81, 0.82, 0.82, 0.99, 0.95, 0.87, 0.76, 0.69, 0.69, 0.55, 0.65, 0.76, 0.87, 0.95, 1.16, 1.19, 1.22, 1.23, 1.25, 0.77, 0.77, 0.76, 0.74, 0.87, 0.78, 0.63, 0.44, 0.33, 0.42, 0.59, 0.61, 0.75, 0.93, 1.05, 1.15, 1.19, 1.22, 1.24, 1.25, 0.74, 0.73, 0.71, 0.84, 0.77, 0.65, 0.46, 0.15, -0.12, 0.25, -0.41, -0.26, 0.76, 0.89, 1.14, 1.18, 1.21, 1.24, 1.25, 1.26, 0.71, 0.7, -0.33, -0.34, -0.36, -0.39, -0.41, -0.4, -0.47, -0.54, -0.53, -0.42, 0.74, 0.85, 1.2, 1.22, 1.24, 1.26, 1.27, 1.28, -0.42, -0.43, -0.46, -0.49, -0.52, -0.56, -0.59, -0.6, -0.73, -0.75, -0.72, -0.62, 0.74, 1.24, 1.25, 1.26, 1.28, 1.29, 1.29, 1.29, -0.51, -0.54, -0.58, -0.62, -0.68, -0.75, -0.82, -1.37, -1.04, -1.05, -1.0, -0.88, -0.17, 1.27, 1.28, 1.3, 1.31, 1.32, 1.31, 1.31, -0.59, -0.63, -0.69, -1.47, -1.49, -1.52, -1.57, -1.65, -1.74, -1.8, -1.78, -1.06, -0.27, 1.29, 1.31, 1.33, 1.35, 1.34, 1.33, 1.32, -1.48, -1.49, -1.51, -1.53, -1.57, -1.63, -1.73, -1.88, -2.07, -2.17, -2.04, -1.44, -0.37, 0.12, 0.54, 1.34, 1.38, 1.35, 1.33, 1.32, -1.5, -1.52, -1.54, -1.58, -1.63, -1.71, -1.84, -2.04, -2.38, -2.67, -2.26, -1.55, -1.12, 0.06, 0.5, 0.86, 1.34, 1.34, 1.33, 1.32, -1.52, -1.54, -1.57, -1.61, -1.66, -1.74, -1.86, -2.05, -2.36, -2.61, -2.0, -1.53, -1.16, -0.02, 0.39, 1.01, 1.11, 1.14, 1.33, 1.32, -1.53, -1.55, -1.58, -1.62, -1.66, -1.73, -1.81, -1.92, -2.04, -2.05, -1.66, -1.4, -1.15, 0.53, 0.72, 0.88, 0.98, 1.02, 1.02, 0.99, -1.54, -1.56, -1.58, -1.61, -1.65, -1.69, -1.73, -1.76, -1.74, -1.46, -1.33, -1.26, -1.12, -0.92, 0.59, 0.75, 0.85, 0.91, 0.93, 0.92, -1.54, -1.56, -1.58, -1.6, -1.62, -1.65, -1.65, -1.63, -1.55, -1.21, -1.08, -1.14, -1.08, -0.94, 0.48, 0.64, 0.74, 0.81, 0.84, 0.85, -1.54, -1.56, -1.57, -1.59, -1.6, -1.61, -1.6, -1.56, -1.28, -1.17, -1.09, -1.1, -1.06, -0.95, 0.4, 0.55, 0.65, 0.73, 0.77, 0.79, -1.54, -1.55, -1.56, -1.57, -1.58, -1.58, -1.56, -1.52, -1.23, -1.17, -1.13, -1.09, -1.04, -0.95, 0.35, 0.48, 0.59, 0.66, 0.71, 0.74, -1.54, -1.54, -1.55, -1.56, -1.56, -1.56, -1.54, -1.24, -1.2, -1.16, -1.12, -1.08, -1.03, -0.95, 0.33, 0.45, 0.54, 0.6, 0.65, 0.69]}, {"header": {"refTime": "2023-09-06T00:00:00.000Z", "nx": 21, "ny": 33, "lo1": 113.509, "la1": 22.2235, "lo2": 113.5947, "la2": 22.1034, "dx": 0.0042850000000001385, "dy": 0.003753125000000024, "parameterCategory": 2, "parameterCategoryName": "Temperature", "parameterNumber": 3}, "data": [-0.89, -0.86, -0.82, -0.4, -0.36, -0.59, -0.52, -0.45, -0.43, -0.2, -0.29, -0.38, -0.24, -0.27, -0.25, -0.21, -0.04, 0.0, 0.03, 0.06, -0.91, -0.88, -0.85, -0.79, -0.38, -0.32, -0.47, -0.33, -0.25, -0.13, -0.28, -0.41, -0.3, -0.32, -0.29, -0.1, -0.03, 0.02, 0.06, 0.08, -0.94, -0.91, -0.88, -0.83, -0.4, -0.35, -0.25, -0.24, 0.14, -0.08, -0.31, -0.49, -0.41, -0.41, -0.21, -0.1, -0.01, 0.06, 0.1, 0.12, -0.97, -0.95, -0.92, -0.89, -0.83, -0.41, -0.33, -0.19, -0.06, -0.16, -0.4, -0.63, -0.6, -0.59, -0.24, -0.07, 0.04, 0.12, 0.15, 0.16, -1.0, -0.99, -0.98, -0.95, -0.92, -0.5, -0.47, -0.42, -0.37, -0.29, -0.48, -0.67, -1.01, -0.66, -0.22, -0.01, 0.13, 0.21, 0.22, 0.21, -1.04, -1.04, -1.04, -1.03, -1.02, -1.0, -0.63, -0.65, -0.62, -0.53, -0.29, -0.47, -0.71, -0.74, -0.12, 0.1, 0.27, 0.34, 0.31, 0.27, -1.23, -1.09, -1.1, -1.11, -1.12, -1.13, -1.24, -0.93, -0.92, -0.48, -0.2, -0.09, -0.39, -0.53, 0.03, 0.21, 0.45, 0.53, 0.1, -0.07, -1.22, -1.24, -1.26, -1.15, -1.17, -1.28, -1.28, -1.36, -1.34, -0.48, -0.13, 0.15, 0.15, -0.43, 0.05, 0.21, 0.44, 0.52, 0.4, 0.32, -1.21, -1.23, -1.25, -1.28, -1.18, -1.19, -1.19, -1.3, -0.91, -0.49, -0.16, -0.21, -0.54, -0.38, -0.06, 0.12, 0.27, 0.34, 0.32, 0.28, -0.67, -0.7, -0.75, -1.27, -1.33, -1.26, -1.14, -1.02, -0.58, -0.52, -0.26, -0.44, -0.73, -0.49, -0.13, 0.03, 0.15, 0.22, 0.24, 0.23, -0.66, -0.69, -0.74, -0.83, -1.01, -1.54, -0.84, -0.45, -0.63, -0.35, -0.4, -0.4, -0.47, -0.43, -0.14, -0.02, 0.08, 0.14, 0.17, 0.18, -0.65, -0.67, -0.71, -0.76, -0.85, -0.89, -0.6, -0.19, -0.02, -0.16, -0.31, -0.22, -0.28, -0.37, -0.12, -0.03, 0.04, -0.46, -0.43, -0.41, -0.62, -0.64, -0.65, -0.67, -0.65, -0.56, -0.39, -0.2, -0.08, -0.21, -0.29, -0.15, -0.2, -0.68, -0.69, -0.68, -0.62, -0.57, -0.53, -0.5, -0.6, -0.61, -0.6, -0.59, -0.54, -0.44, -0.3, -0.29, -0.25, -0.27, -0.28, -0.68, -0.78, -0.85, -0.77, -0.76, -0.71, -0.66, -0.62, -0.58, -0.58, -0.58, -0.57, -0.54, -0.5, -0.43, -0.37, -0.27, -0.27, -0.29, -0.31, -0.71, -0.82, -0.9, -0.95, -0.86, -0.8, -0.75, -0.69, -0.65, -0.56, -0.55, -0.94, -0.91, -0.87, -0.36, -0.37, -0.38, -0.4, -0.41, -0.74, -0.81, -0.89, -1.27, -1.28, -1.2, -1.18, -1.16, -0.64, -0.59, -0.97, -0.96, -0.95, -0.93, -0.42, -0.45, -0.49, -0.54, -0.57, -0.55, -0.84, -0.89, -0.97, -1.07, -1.24, -1.15, -1.08, -1.03, -1.0, -0.97, -0.97, -0.96, -0.96, -0.95, -0.48, -0.54, -0.62, -0.73, -0.78, -1.02, -1.02, -0.94, -1.02, -1.24, -1.31, -1.17, -1.08, -1.02, -0.98, -0.96, -0.98, -0.97, -0.97, -0.49, -0.53, -0.6, -0.71, -0.9, -1.13, -1.06, -1.09, -1.11, -1.18, -1.21, -1.18, -1.11, -1.04, -0.99, -0.96, -0.94, -0.98, -0.98, -0.7, -0.72, -0.75, -0.79, -0.86, -0.96, -1.11, -1.08, -1.07, -1.08, -1.15, -1.16, -1.06, -1.03, -0.98, -0.94, -0.92, -0.91, -0.68, -0.69, -0.7, -0.72, -0.75, -0.78, -0.82, -0.87, -1.04, -1.03, -1.03, -1.04, -1.12, -0.99, -0.98, -0.95, -0.91, -0.89, -0.88, -0.88, -0.68, -0.69, -0.7, -0.72, -0.74, -0.76, -0.78, -0.72, -0.97, -0.96, -0.97, -0.99, -0.88, -0.93, -0.91, -0.88, -0.85, -0.84, -0.85, -0.85, -0.69, -0.69, -0.7, -0.61, -0.62, -0.63, -0.63, -0.63, -0.62, -0.6, -0.59, -0.78, -0.66, -0.89, -0.86, -0.83, -0.8, -0.8, -0.81, -0.83, -0.56, -0.57, -0.57, -0.57, -0.57, -0.57, -0.57, -0.56, -0.55, -0.54, -0.53, -0.42, -0.65, -0.68, -0.69, -0.8, -0.76, -0.76, -0.79, -0.81, -0.55, -0.54, -0.54, -0.54, -0.54, -0.53, -0.52, -0.51, -0.51, -0.52, -0.49, -0.4, -0.41, -0.67, -0.69, -0.71, -0.76, -0.75, -0.78, -0.81, -0.53, -0.52, -0.52, -0.51, -0.5, -0.49, -0.48, -0.47, -0.48, -0.49, -0.39, -0.36, -0.37, -0.67, -0.69, -0.6, -0.63, -0.64, -0.79, -0.81, -0.51, -0.5, -0.49, -0.48, -0.47, -0.45, -0.43, -0.41, -0.4, -0.37, -0.3, -0.29, -0.32, -0.42, -0.49, -0.55, -0.58, -0.6, -0.6, -0.59, -0.49, -0.48, -0.47, -0.46, -0.44, -0.42, -0.39, -0.35, -0.3, -0.18, -0.15, -0.19, -0.25, -0.31, -0.44, -0.5, -0.54, -0.56, -0.56, -0.56, -0.48, -0.47, -0.46, -0.44, -0.42, -0.39, -0.35, -0.3, -0.22, -0.06, 0.05, -0.1, -0.2, -0.27, -0.4, -0.46, -0.5, -0.52, -0.53, -0.54, -0.47, -0.46, -0.44, -0.42, -0.4, -0.37, -0.33, -0.28, -0.14, -0.05, 0.0, -0.09, -0.18, -0.25, -0.37, -0.43, -0.46, -0.49, -0.51, -0.52, -0.46, -0.44, -0.43, -0.41, -0.39, -0.36, -0.32, -0.27, -0.16, -0.11, -0.1, -0.14, -0.19, -0.25, -0.35, -0.4, -0.44, -0.47, -0.48, -0.5, -0.45, -0.44, -0.42, -0.4, -0.38, -0.35, -0.32, -0.21, -0.18, -0.16, -0.16, -0.18, -0.21, -0.25, -0.35, -0.39, -0.42, -0.45, -0.46, -0.48]}, {"header": {"refTime": "2023-09-06T00:00:00.000Z", "nx": 21, "ny": 33, "lo1": 113.509, "la1": 22.2235, "lo2": 113.5947, "la2": 22.1034, "dx": 0.0042850000000001385, "dy": 0.003753125000000024, "parameterCategory": 0, "parameterCategoryName": "Temperature", "parameterNumber": 0}, "data": [[29.28, 29.25, 29.22, 28.67, 28.66, 29.19, 29.14, 29.09, 29.09, 28.96, 29.08, 29.2, 29.65, 29.72, 29.95, 29.99, 30.39, 30.38, 30.38, 30.38], [29.3, 29.27, 29.24, 29.19, 28.66, 28.64, 29.08, 28.97, 28.9, 28.88, 29.08, 29.26, 29.73, 29.79, 30.01, 30.4, 30.39, 30.39, 30.39, 30.38], [29.32, 29.3, 29.27, 29.22, 28.68, 28.65, 28.61, 28.87, 28.52, 28.81, 29.12, 29.38, 29.86, 29.9, 30.41, 30.4, 30.4, 30.39, 30.39, 30.39], [29.35, 29.33, 29.31, 29.27, 29.21, 28.68, 28.65, 28.59, 28.53, 28.91, 29.23, 29.59, 30.08, 30.02, 30.42, 30.4, 30.4, 30.4, 30.4, 30.39], [29.39, 29.38, 29.36, 29.32, 29.28, 28.72, 28.71, 28.69, 28.66, 29.03, 29.31, 30.06, 30.43, 30.1, 30.41, 30.4, 30.4, 30.41, 30.4, 30.4], [29.43, 29.42, 29.41, 29.4, 29.36, 29.32, 28.79, 28.8, 28.77, 28.7, 29.53, 29.87, 30.17, 30.4, 30.39, 30.39, 30.41, 30.42, 30.42, 30.4], [29.9, 29.48, 29.48, 29.48, 29.46, 29.43, 29.35, 28.95, 28.94, 28.97, 28.9, 29.54, 30.19, 30.24, 30.34, 30.38, 30.44, 30.46, 30.54, 30.55], [29.92, 29.92, 29.92, 29.92, 29.9, 29.49, 29.41, 29.33, 29.3, 28.91, 28.56, 29.34, 29.35, 30.25, 30.24, 30.16, 30.32, 30.37, 30.28, 30.23], [29.78, 29.8, 29.96, 29.97, 29.98, 29.94, 29.83, 29.37, 29.05, 29.02, 28.88, 29.1, 29.2, 29.06, 30.22, 30.14, 30.22, 30.26, 30.24, 30.21], [30.3, 30.3, 30.3, 29.88, 29.94, 30.1, 29.99, 29.83, 28.77, 28.84, 29.21, 28.96, 29.04, 29.0, 30.22, 30.11, 30.16, 30.19, 30.19, 30.18], [30.3, 30.3, 30.3, 30.3, 30.3, 30.3, 30.3, 30.3, 29.98, 29.02, 28.3, 28.87, 28.94, 28.94, 30.23, 30.08, 30.12, 30.15, 30.15, 30.15], [30.3, 30.3, 30.3, 30.3, 30.3, 30.3, 30.3, 30.3, 30.3, -999.0, 28.3, 29.8, 29.8, 28.9, 30.24, 30.06, 30.08, 28.79, 28.84, 28.85], [30.3, 30.3, 30.3, 30.3, 30.3, 30.3, 30.3, 30.3, 30.3, 30.3, -999.0, 29.8, 29.8, 28.3, 28.96, 29.41, 29.43, 29.06, 29.11, 29.15], [30.3, 30.3, 30.3, 30.3, 30.3, 30.3, 30.3, 30.3, 30.3, 30.3, -999.0, 27.5, 27.5, 27.5, 28.76, 29.16, 29.21, 28.83, 28.91, 28.97], [30.3, 30.3, 30.3, 30.3, 30.3, 30.3, 30.3, 29.8, 29.8, 29.8, 29.8, 28.92, 27.5, 27.5, 27.5, 28.87, 28.96, 28.62, 28.72, 28.81], [30.3, 30.3, 29.99, 29.98, 29.97, 29.8, 29.8, 29.8, 29.8, 29.8, 28.35, 28.52, 28.29, 28.11, 28.32, 28.12, 28.22, 28.05, 28.74, 28.83], [29.98, 29.98, 30.12, 30.12, 29.8, 29.8, 29.8, 29.8, 29.8, 29.8, 28.81, 28.53, 28.23, 27.95, 27.96, 27.72, 27.8, 27.86, 27.9, 27.93], [30.12, 30.12, 30.11, 30.09, 29.8, 29.8, 29.8, 29.8, 29.8, 29.22, 28.91, 28.56, 28.2, 27.98, 27.57, 27.7, 27.81, 27.88, 27.92, 27.95], [30.11, 30.1, 30.09, 29.8, 29.8, 29.8, 29.8, 29.8, 29.59, 29.35, 29.04, 28.75, 28.44, 28.14, 27.68, 27.77, 27.86, 27.92, 27.96, 27.97], [30.1, 30.1, 29.51, 29.53, 29.55, 29.57, 29.61, 29.72, 29.53, 29.32, 29.07, 28.82, 28.57, 28.39, 27.84, 27.89, 27.95, 27.99, 28.0, 28.01], [29.5, 29.5, 29.51, 29.59, 29.6, 29.62, 29.64, 29.66, 29.33, 29.22, 29.06, 28.88, 28.68, 27.93, 27.96, 28.01, 28.06, 28.07, 28.06, 28.04], [29.57, 29.57, 29.57, 29.58, 29.58, 29.58, 29.59, 29.63, 29.22, 29.16, 29.06, 28.93, 28.63, 28.01, 28.06, 28.13, 28.18, 28.16, 28.1, 28.06], [29.56, 29.56, 29.56, 29.62, 29.61, 29.61, 29.6, 29.58, 29.56, 29.55, 29.56, 29.42, 28.64, 28.06, 28.13, 28.24, 28.37, 28.25, 28.12, 28.07], [29.62, 29.62, 29.62, 29.61, 29.6, 29.59, 29.57, 29.54, 29.5, 29.48, 29.51, 29.4, 28.66, 28.56, 28.48, 28.27, 28.73, 28.14, 28.06, 28.05], [29.62, 29.62, 29.61, 29.6, 29.59, 29.58, 29.55, 29.51, 29.44, 29.38, 29.47, 29.41, 29.41, 28.55, 28.45, 28.35, 28.01, 27.76, 27.97, 28.02], [29.62, 29.61, 29.61, 29.6, 29.59, 29.58, 29.55, 29.51, 29.45, 29.4, 29.41, 29.44, 29.44, 28.55, 28.44, 28.4, 28.24, 28.15, 27.98, 28.01], [29.62, 29.61, 29.61, 29.6, 29.59, 29.58, 29.57, 29.55, 29.53, 29.52, 29.49, 29.49, 29.48, 28.77, 28.62, 28.48, 28.37, 28.32, 28.33, 28.37], [29.62, 29.61, 29.61, 29.61, 29.6, 29.59, 29.59, 29.59, 29.6, 29.57, 29.59, 29.27, 29.09, 28.89, 28.7, 28.58, 28.48, 28.43, 28.42, 28.43], [29.62, 29.62, 29.61, 29.61, 29.61, 29.61, 29.61, 29.62, 29.65, 29.66, 29.66, 29.39, 29.17, 28.97, 28.78, 28.66, 28.57, 28.52, 28.49, 28.49], [29.62, 29.62, 29.62, 29.62, 29.61, 29.62, 29.62, 29.64, 29.36, 29.49, 29.57, 29.39, 29.19, 29.01, 28.84, 28.73, 28.64, 28.59, 28.56, 28.54], [29.62, 29.62, 29.62, 29.62, 29.62, 29.62, 29.63, 29.64, 29.31, 29.37, 29.38, 29.3, 29.16, 29.02, 28.87, 28.77, 28.7, 28.64, 28.61, 28.59], [29.62, 29.62, 29.62, 29.62, 29.63, 29.63, 29.64, 29.21, 29.25, 29.27, 29.27, 29.21, 29.12, 29.02, 28.89, 28.8, 28.74, 28.69, 28.65, 28.63]]}]