gis_exercise/awsData/contour/wdir_2023083115.json
[{"header": {"refTime": "2023-08-31T15:00:00.000Z", "nx": 21, "ny": 33, "lo1": 113.509, "la1": 22.2235, "lo2": 113.5947, "la2": 22.1034, "dx": 0.0042850000000001385, "dy": 0.003753125000000024, "parameterCategory": 2, "parameterCategoryName": "Temperature", "parameterNumber": 2}, "data": [-0.03, -0.04, -0.05, 0.25, 0.21, 0.12, 0.08, 0.03, 0.03, 0.23, 0.35, 0.45, 0.39, 0.44, -0.05, -0.1, 0.16, 0.1, 0.06, 0.04, -0.02, -0.03, -0.05, -0.06, 0.22, 0.16, 0.04, -0.06, -0.11, 0.12, 0.33, 0.48, 0.44, 0.49, -0.01, 0.21, 0.13, 0.06, 0.02, -0.0, -0.02, -0.02, -0.03, -0.05, 0.23, 0.17, 0.07, -0.13, -0.41, 0.04, 0.36, 0.56, 0.53, 0.57, 0.32, 0.19, 0.08, 0.0, -0.04, -0.06, -0.01, -0.01, -0.02, -0.03, -0.04, 0.22, 0.14, 0.01, -0.12, 0.19, 0.48, 0.68, 0.68, 1.0, 0.34, 0.16, 0.01, -0.09, -0.13, -0.13, 0.0, 0.0, 0.0, -0.0, -0.01, 0.29, 0.26, 0.22, 0.22, 0.45, 0.64, 1.01, 1.03, 1.0, 0.33, 0.08, -0.13, -0.24, -0.25, -0.22, 0.01, 0.02, 0.02, 0.02, 0.03, 0.04, 0.37, 0.4, 0.44, 0.53, 1.02, 1.0, 1.0, 0.62, 0.26, -0.05, -0.35, -0.47, -0.41, -0.31, 0.38, 0.03, 0.03, 0.04, 0.06, 0.09, 0.57, 0.5, 0.56, 0.88, 0.95, 0.96, 0.51, 0.47, 0.18, -0.18, -0.65, -0.83, -0.73, -0.61, 0.38, 0.37, 0.36, -0.05, -0.03, 0.49, 0.53, 0.57, 0.61, 0.91, 1.12, 0.58, 0.46, 0.31, -0.35, -0.57, -0.85, -0.95, -0.8, -0.7, 0.38, 0.36, 0.35, 0.33, -0.06, -0.03, 0.01, 0.55, 0.47, 0.86, 0.61, 0.33, -0.02, 0.15, -0.35, -0.51, -0.67, -0.74, -0.71, -0.66, -0.01, -0.01, -0.01, 0.31, 0.26, -0.06, -0.08, -0.09, 0.26, 0.36, 0.42, 0.16, -0.14, 0.08, -0.36, -0.46, -0.56, -0.62, -0.63, -0.61, 0.0, 0.01, 0.01, 0.01, 0.0, -0.0, -0.07, -0.22, -0.33, 0.09, -0.14, 0.22, 0.13, 0.16, -0.36, -0.43, -0.5, -0.54, -0.56, -0.56, 0.01, 0.02, 0.02, 0.03, 0.03, 0.03, -0.04, -0.36, -0.54, -0.44, -0.24, -0.33, -0.3, 0.23, -0.36, -0.41, -0.46, -0.63, -0.64, -0.64, 0.02, 0.03, 0.04, 0.06, 0.1, 0.17, 0.22, -0.18, -0.41, -0.28, -0.36, -0.36, -0.32, -0.0, 0.01, -0.52, -0.53, -0.55, -0.57, -0.58, 0.03, 0.04, 0.06, 0.09, 0.14, 0.27, 0.58, 0.11, -0.13, -0.17, -0.31, -0.49, -0.43, -0.39, 0.04, -0.43, -0.45, -0.48, -0.5, -0.52, 0.03, 0.04, 0.06, 0.09, 0.14, 0.21, 0.25, 0.24, 0.12, 0.08, 0.08, -0.08, -0.36, -0.31, -0.27, -0.33, -0.37, -0.41, -0.44, -0.47, 0.03, 0.04, 0.48, 0.49, 0.51, 0.3, 0.3, 0.26, 0.22, 0.18, -0.02, -0.0, 0.02, 0.1, 0.09, -0.07, -0.09, -0.12, -0.3, -0.33, 0.47, 0.48, 0.49, 0.5, 0.29, 0.3, 0.31, 0.32, 0.31, 0.28, 0.08, 0.07, 0.07, 0.09, 0.16, -0.27, -0.42, -0.54, -0.63, -0.69, 0.48, 0.49, 0.5, 0.51, 0.3, 0.32, 0.36, 0.4, 0.42, 0.55, 0.51, 0.12, 0.1, 0.17, 0.15, -0.22, -0.43, -0.57, -0.67, -0.73, 0.48, 0.49, 0.5, 0.29, 0.31, 0.34, 0.39, 0.48, 0.61, 0.56, 0.46, 0.4, 0.21, 0.17, -0.19, -0.34, -0.52, -0.64, -0.73, -0.78, 0.49, 0.5, 0.63, 0.63, 0.62, 0.62, 0.62, 0.62, 0.56, 0.51, 0.46, 0.41, 0.2, 0.16, -0.46, -0.54, -0.65, -0.74, -0.81, -0.85, 0.62, 0.62, 0.62, 0.62, 0.61, 0.61, 0.61, 0.61, 0.51, 0.49, 0.46, 0.42, 0.19, -0.63, -0.66, -0.72, -0.79, -0.85, -0.9, -0.92, 0.62, 0.61, 0.61, 0.61, 0.61, 0.6, 0.6, 0.68, 0.48, 0.47, 0.45, 0.43, 0.13, -0.76, -0.8, -0.85, -0.89, -0.95, -0.99, -1.0, 0.61, 0.61, 0.61, 0.73, 0.72, 0.71, 0.7, 0.68, 0.67, 0.67, 0.68, 0.33, -0.62, -0.86, -0.9, -0.92, -0.91, -1.03, -1.1, -1.09, 0.75, 0.75, 0.74, 0.74, 0.73, 0.72, 0.7, 0.68, 0.65, 0.64, 0.67, 0.49, -0.59, -0.77, -0.91, -1.0, -0.69, -1.28, -1.25, -1.17, 0.76, 0.76, 0.75, 0.75, 0.74, 0.73, 0.71, 0.68, 0.61, 0.55, 0.65, 0.53, 0.48, -0.77, -0.94, -1.09, -1.41, -1.71, -1.36, -1.22, 0.77, 0.77, 0.76, 0.76, 0.76, 0.75, 0.73, 0.7, 0.64, 0.58, 0.58, 0.59, 0.54, -0.76, -0.94, -0.98, -1.2, -1.3, -1.32, -1.22, 0.78, 0.78, 0.78, 0.77, 0.77, 0.77, 0.77, 0.76, 0.75, 0.76, 0.7, 0.68, 0.62, -0.41, -0.64, -0.85, -1.0, -1.08, -1.06, -1.01, 0.78, 0.78, 0.79, 0.79, 0.79, 0.8, 0.81, 0.83, 0.86, 0.84, 0.88, 0.49, 0.23, -0.05, -0.5, -0.7, -0.84, -0.91, -0.93, -0.92, 0.79, 0.79, 0.8, 0.8, 0.81, 0.82, 0.84, 0.88, 0.94, 1.0, 1.05, 0.67, 0.34, 0.06, -0.38, -0.57, -0.7, -0.78, -0.82, -0.83, 0.8, 0.8, 0.81, 0.82, 0.83, 0.84, 0.87, 0.91, 0.61, 0.81, 0.93, 0.66, 0.38, 0.13, -0.29, -0.46, -0.59, -0.67, -0.72, -0.75, 0.8, 0.81, 0.82, 0.83, 0.84, 0.86, 0.88, 0.92, 0.55, 0.64, 0.66, 0.53, 0.34, 0.14, -0.23, -0.39, -0.51, -0.59, -0.65, -0.68, 0.81, 0.82, 0.82, 0.83, 0.85, 0.86, 0.88, 0.4, 0.46, 0.5, 0.49, 0.41, 0.28, 0.13, -0.21, -0.34, -0.45, -0.53, -0.58, -0.62]}, {"header": {"refTime": "2023-08-31T15:00:00.000Z", "nx": 21, "ny": 33, "lo1": 113.509, "la1": 22.2235, "lo2": 113.5947, "la2": 22.1034, "dx": 0.0042850000000001385, "dy": 0.003753125000000024, "parameterCategory": 2, "parameterCategoryName": "Temperature", "parameterNumber": 3}, "data": [-2.24, -2.2, -2.15, -1.54, -1.51, -1.31, -1.26, -1.21, -1.18, -0.95, -0.96, -0.96, -1.25, -1.27, -2.03, -2.18, -2.79, -2.89, -2.96, -3.01, -2.27, -2.23, -2.18, -2.11, -1.52, -1.46, -1.25, -1.16, -1.1, -0.94, -0.95, -0.95, -1.23, -1.26, -2.03, -2.68, -2.83, -2.96, -3.04, -3.09, -2.31, -2.27, -2.22, -2.16, -1.54, -1.49, -1.39, -1.12, -0.93, -0.93, -0.95, -0.95, -1.21, -1.24, -2.46, -2.7, -2.91, -3.06, -3.15, -3.19, -2.35, -2.32, -2.28, -2.22, -2.14, -1.54, -1.47, -1.33, -1.2, -0.95, -0.96, -0.93, -1.15, -1.32, -2.42, -2.77, -3.05, -3.23, -3.3, -3.31, -2.4, -2.38, -2.36, -2.31, -2.25, -1.63, -1.6, -1.55, -1.51, -1.0, -0.99, -1.25, -0.99, -1.27, -2.44, -2.92, -3.29, -3.49, -3.52, -3.46, -2.46, -2.45, -2.44, -2.42, -2.38, -2.33, -1.76, -1.78, -1.76, -1.69, -1.53, -1.41, -1.23, -1.77, -2.6, -3.16, -3.67, -3.89, -3.78, -3.62, -3.39, -2.53, -2.54, -2.53, -2.52, -2.49, -2.58, -2.03, -2.04, -2.08, -1.97, -1.73, -2.16, -2.15, -2.8, -3.41, -4.2, -4.49, -4.13, -3.87, -3.41, -3.4, -3.39, -3.01, -3.0, -2.73, -2.64, -2.57, -2.51, -2.03, -1.67, -2.45, -2.61, -2.45, -3.64, -4.03, -4.5, -4.67, -4.42, -4.24, -3.43, -3.42, -3.42, -3.42, -3.07, -3.05, -2.96, -2.61, -2.29, -2.13, -2.26, -2.61, -2.92, -2.77, -3.59, -3.9, -4.19, -4.32, -4.27, -4.17, -3.39, -3.39, -3.4, -3.46, -3.48, -3.21, -3.07, -2.9, -2.24, -2.15, -2.47, -2.72, -2.99, -2.81, -3.57, -3.79, -3.98, -4.09, -4.11, -4.08, -3.39, -3.4, -3.41, -3.43, -3.47, -3.59, -3.37, -3.16, -2.77, -2.22, -2.48, -2.66, -2.76, -2.74, -3.57, -3.72, -3.86, -3.95, -3.99, -3.99, -3.4, -3.41, -3.42, -3.44, -3.46, -3.46, -3.34, -2.99, -2.8, -2.98, -2.48, -2.86, -2.91, -2.67, -3.59, -3.69, -3.79, -3.93, -3.96, -3.97, -3.4, -3.41, -3.42, -3.44, -3.47, -3.5, -3.51, -3.14, -2.92, -3.05, -3.1, -2.82, -2.86, -3.0, -2.99, -3.71, -3.77, -3.82, -3.85, -3.88, -3.4, -3.41, -3.42, -3.44, -3.48, -3.56, -3.79, -3.4, -3.19, -3.16, -3.13, -2.87, -2.91, -2.93, -2.97, -3.61, -3.66, -3.71, -3.75, -3.79, -3.4, -3.41, -3.42, -3.44, -3.47, -3.51, -3.53, -3.17, -3.01, -2.92, -2.88, -2.57, -2.89, -2.91, -2.92, -3.49, -3.55, -3.61, -3.67, -3.71, -3.39, -3.4, -3.38, -3.39, -3.4, -3.12, -3.1, -3.02, -2.93, -2.88, -2.54, -2.58, -2.63, -2.87, -2.88, -3.29, -3.36, -3.42, -3.92, -4.0, -3.33, -3.33, -3.32, -3.32, -3.0, -2.98, -2.93, -2.86, -2.8, -2.79, -2.53, -2.59, -2.66, -2.74, -3.02, -3.32, -3.47, -3.59, -3.67, -3.73, -3.3, -3.29, -3.27, -3.25, -2.92, -2.88, -2.8, -2.69, -2.63, -2.76, -2.84, -2.59, -2.67, -3.0, -2.92, -3.27, -3.48, -3.62, -3.71, -3.77, -3.27, -3.25, -3.23, -2.9, -2.86, -2.8, -2.7, -2.54, -2.43, -2.65, -2.6, -2.68, -3.04, -3.06, -3.24, -3.4, -3.58, -3.7, -3.77, -3.82, -3.24, -3.22, -3.02, -2.99, -2.94, -2.87, -2.77, -2.62, -2.44, -2.53, -2.62, -2.68, -3.1, -3.16, -3.52, -3.61, -3.72, -3.81, -3.86, -3.88, -3.04, -3.02, -3.0, -2.97, -2.93, -2.87, -2.8, -2.73, -2.56, -2.6, -2.65, -2.7, -3.18, -3.7, -3.74, -3.81, -3.89, -3.94, -3.95, -3.95, -3.02, -3.01, -2.99, -2.96, -2.92, -2.89, -2.85, -2.43, -2.65, -2.67, -2.7, -2.72, -3.46, -3.84, -3.9, -3.99, -4.06, -4.07, -4.04, -4.01, -3.01, -3.0, -2.98, -2.39, -2.4, -2.42, -2.45, -2.47, -2.5, -2.51, -2.5, -3.2, -3.82, -3.94, -4.02, -4.13, -4.23, -4.19, -4.12, -4.06, -2.36, -2.37, -2.38, -2.39, -2.41, -2.43, -2.47, -2.52, -2.59, -2.62, -2.56, -3.04, -3.79, -3.94, -4.08, -4.19, -4.42, -4.23, -4.14, -4.09, -2.36, -2.36, -2.37, -2.39, -2.4, -2.43, -2.47, -2.55, -2.68, -2.8, -2.62, -2.97, -3.09, -3.92, -4.05, -4.16, -4.19, -4.13, -4.13, -4.09, -2.35, -2.36, -2.37, -2.38, -2.39, -2.41, -2.45, -2.52, -2.65, -2.75, -2.84, -2.86, -2.98, -3.89, -4.01, -3.9, -4.0, -4.01, -4.11, -4.08, -2.35, -2.35, -2.35, -2.36, -2.37, -2.38, -2.4, -2.43, -2.46, -2.45, -2.66, -2.71, -2.84, -3.37, -3.59, -3.75, -3.86, -3.9, -3.89, -3.87, -2.34, -2.34, -2.34, -2.34, -2.34, -2.34, -2.34, -2.33, -2.28, -2.42, -2.35, -2.4, -2.57, -2.74, -3.44, -3.61, -3.72, -3.78, -3.8, -3.8, -2.33, -2.33, -2.33, -2.32, -2.32, -2.31, -2.28, -2.24, -2.15, -2.14, -1.88, -2.22, -2.47, -2.66, -3.31, -3.49, -3.6, -3.67, -3.71, -3.72, -2.32, -2.32, -2.31, -2.31, -2.29, -2.28, -2.25, -2.19, -2.3, -2.11, -1.99, -2.21, -2.43, -2.61, -3.22, -3.39, -3.5, -3.58, -3.63, -3.66, -2.31, -2.31, -2.3, -2.29, -2.28, -2.26, -2.22, -2.18, -2.35, -2.25, -2.22, -2.32, -2.46, -2.6, -3.17, -3.32, -3.43, -3.51, -3.56, -3.6, -2.31, -2.3, -2.29, -2.28, -2.27, -2.25, -2.22, -2.47, -2.41, -2.37, -2.36, -2.42, -2.51, -2.61, -3.15, -3.28, -3.38, -3.45, -3.51, -3.54]}, {"header": {"refTime": "2023-08-31T15:00:00.000Z", "nx": 21, "ny": 33, "lo1": 113.509, "la1": 22.2235, "lo2": 113.5947, "la2": 22.1034, "dx": 0.0042850000000001385, "dy": 0.003753125000000024, "parameterCategory": 0, "parameterCategoryName": "Temperature", "parameterNumber": 0}, "data": [[30.53, 30.52, 30.5, 30.18, 30.18, 30.46, 30.44, 30.43, 30.43, 30.37, 30.41, 30.45, 30.85, 30.88, 30.94, 30.98, 31.32, 31.33, 31.34, 31.34], [30.54, 30.53, 30.51, 30.49, 30.18, 30.18, 30.42, 30.39, 30.37, 30.35, 30.41, 30.48, 30.87, 30.91, 30.97, 31.31, 31.33, 31.34, 31.34, 31.35], [30.55, 30.54, 30.52, 30.5, 30.19, 30.19, 30.19, 30.35, 30.24, 30.32, 30.43, 30.53, 30.92, 30.95, 31.29, 31.31, 31.33, 31.35, 31.35, 31.36], [30.56, 30.55, 30.54, 30.52, 30.49, 30.19, 30.19, 30.19, 30.19, 30.35, 30.47, 30.61, 30.99, 30.93, 31.29, 31.32, 31.34, 31.36, 31.37, 31.37], [30.58, 30.57, 30.56, 30.55, 30.52, 30.19, 30.2, 30.19, 30.18, 30.37, 30.48, 30.92, 31.03, 30.96, 31.29, 31.33, 31.36, 31.38, 31.38, 31.38], [30.6, 30.6, 30.59, 30.58, 30.56, 30.53, 30.21, 30.21, 30.19, 30.15, 30.72, 30.88, 30.98, 31.2, 31.31, 31.35, 31.39, 31.41, 31.4, 31.39], [30.79, 30.62, 30.62, 30.62, 30.6, 30.57, 30.45, 30.24, 30.23, 30.37, 30.38, 30.82, 31.27, 31.25, 31.33, 31.38, 31.44, 31.46, 31.43, 31.4], [30.8, 30.8, 30.81, 30.8, 30.79, 30.55, 30.49, 30.41, 30.4, 30.31, 30.12, 30.94, 30.95, 31.25, 31.46, 31.45, 31.47, 31.48, 31.47, 31.46], [30.7, 30.71, 30.83, 30.84, 30.85, 30.82, 30.74, 30.46, 30.24, 30.4, 30.48, 30.7, 30.8, 30.66, 31.46, 31.45, 31.46, 31.47, 31.46, 31.46], [31.1, 31.1, 31.1, 30.77, 30.82, 30.94, 30.86, 30.74, 30.12, 30.14, 30.81, 30.56, 30.64, 30.6, 31.46, 31.44, 31.45, 31.46, 31.46, 31.45], [31.1, 31.1, 31.1, 31.1, 31.1, 31.1, 31.1, 31.1, 30.85, 30.23, 29.9, 30.47, 30.54, 30.54, 31.46, 31.44, 31.45, 31.45, 31.45, 31.45], [31.1, 31.1, 31.1, 31.1, 31.1, 31.1, 31.1, 31.1, 31.1, -999.0, 29.9, 31.4, 31.4, 30.5, 31.46, 31.44, 31.44, 30.42, 30.45, 30.45], [31.1, 31.1, 31.1, 31.1, 31.1, 31.1, 31.1, 31.1, 31.1, 31.1, -999.0, 31.4, 31.4, 30.22, 30.74, 30.81, 30.82, 30.59, 30.62, 30.64], [31.1, 31.1, 31.1, 31.1, 31.1, 31.1, 31.1, 31.1, 31.1, 31.1, -999.0, 29.6, 29.6, 29.6, 30.59, 30.65, 30.68, 30.44, 30.49, 30.53], [31.1, 31.1, 31.1, 31.1, 31.1, 31.1, 31.1, 31.1, 31.1, 31.1, 31.1, 30.52, 29.6, 29.6, 29.6, 30.47, 30.53, 30.31, 30.38, 30.43], [31.1, 31.1, 31.1, 31.1, 31.1, 31.1, 31.1, 31.1, 31.1, 31.1, 30.16, 30.26, 30.12, 30.0, 30.13, 29.78, 29.81, 29.76, 30.23, 30.27], [31.1, 31.1, 31.1, 31.1, 31.1, 31.1, 31.1, 31.1, 31.1, 31.1, 30.45, 30.27, 30.07, 29.89, 29.83, 29.66, 29.69, 29.7, 29.71, 29.72], [31.1, 31.1, 31.1, 31.1, 31.1, 31.1, 31.1, 31.1, 31.1, 30.72, 30.52, 30.29, 30.06, 29.85, 29.63, 29.66, 29.69, 29.71, 29.72, 29.73], [31.1, 31.1, 31.1, 31.1, 31.1, 31.1, 31.1, 31.1, 30.97, 30.81, 30.65, 30.46, 30.1, 29.93, 29.65, 29.68, 29.7, 29.72, 29.73, 29.74], [31.1, 31.1, 31.04, 31.05, 31.05, 31.05, 31.06, 31.08, 30.95, 30.82, 30.67, 30.51, 30.16, 30.04, 29.7, 29.71, 29.73, 29.74, 29.74, 29.75], [31.04, 31.04, 31.04, 31.06, 31.06, 31.06, 31.07, 31.07, 30.84, 30.78, 30.68, 30.57, 30.2, 29.72, 29.73, 29.75, 29.76, 29.76, 29.76, 29.75], [31.05, 31.05, 31.05, 31.06, 31.06, 31.06, 31.06, 31.05, 30.8, 30.76, 30.7, 30.62, 30.22, 29.75, 29.76, 29.78, 29.8, 29.79, 29.77, 29.76], [31.05, 31.05, 31.05, 31.04, 31.04, 31.04, 31.04, 31.04, 31.03, 31.03, 31.03, 30.79, 30.26, 29.76, 29.78, 29.81, 29.85, 29.82, 29.78, 29.76], [31.04, 31.04, 31.04, 31.03, 31.03, 31.03, 31.03, 31.03, 31.02, 31.02, 31.02, 30.78, 30.28, 30.15, 30.05, 29.82, 29.96, 29.78, 29.76, 29.76], [31.03, 31.03, 31.03, 31.03, 31.03, 31.03, 31.02, 31.02, 31.01, 31.01, 31.01, 30.81, 30.73, 30.16, 30.05, 29.95, 29.74, 29.67, 29.73, 29.75], [31.03, 31.03, 31.03, 31.03, 31.03, 31.02, 31.02, 31.02, 31.01, 31.01, 30.89, 30.83, 30.76, 30.18, 30.06, 29.97, 29.89, 29.85, 29.73, 29.74], [31.03, 31.03, 31.03, 31.03, 31.03, 31.02, 31.02, 31.02, 31.01, 31.01, 30.89, 30.84, 30.78, 30.23, 30.12, 30.03, 29.97, 29.94, 29.95, 29.97], [31.03, 31.03, 31.03, 31.03, 31.02, 31.02, 31.02, 31.02, 31.01, 30.91, 30.91, 30.78, 30.68, 30.56, 30.19, 30.1, 30.04, 30.01, 30.0, 30.0], [31.03, 31.03, 31.03, 31.02, 31.02, 31.02, 31.02, 31.01, 31.01, 30.93, 30.94, 30.82, 30.71, 30.6, 30.25, 30.16, 30.1, 30.07, 30.05, 30.04], [31.03, 31.03, 31.03, 31.02, 31.02, 31.02, 31.02, 31.01, 30.82, 30.87, 30.9, 30.82, 30.72, 30.62, 30.29, 30.21, 30.15, 30.11, 30.09, 30.08], [31.03, 31.03, 31.02, 31.02, 31.02, 31.02, 31.02, 31.02, 30.8, 30.82, 30.82, 30.77, 30.7, 30.63, 30.31, 30.24, 30.19, 30.15, 30.12, 30.11], [31.03, 31.03, 31.02, 31.02, 31.02, 31.02, 31.02, 30.75, 30.76, 30.77, 30.76, 30.73, 30.68, 30.62, 30.32, 30.26, 30.21, 30.18, 30.15, 30.13]]}]