gis_exercise/awsData/contour/wdir_2023090506.json
[{"header": {"refTime": "2023-09-05T06:00:00.000Z", "nx": 21, "ny": 33, "lo1": 113.509, "la1": 22.2235, "lo2": 113.5947, "la2": 22.1034, "dx": 0.0042850000000001385, "dy": 0.003753125000000024, "parameterCategory": 2, "parameterCategoryName": "Temperature", "parameterNumber": 2}, "data": [0.65, 0.65, 0.64, 1.11, 1.07, 0.74, 0.7, 0.66, 0.64, 0.74, 0.8, 0.86, 0.86, 0.89, 0.95, 0.99, 1.44, 1.47, 1.48, 1.49, 0.65, 0.65, 0.65, 0.64, 1.07, 1.01, 0.68, 0.6, 0.54, 0.67, 0.79, 0.86, 0.87, 0.9, 0.96, 1.41, 1.45, 1.48, 1.5, 1.51, 0.66, 0.66, 0.66, 0.65, 1.09, 1.03, 0.91, 0.55, 0.34, 0.62, 0.8, 0.88, 0.89, 0.92, 1.36, 1.42, 1.46, 1.5, 1.52, 1.53, 0.66, 0.66, 0.66, 0.67, 0.67, 1.08, 0.99, 0.84, 0.7, 0.73, 0.87, 0.92, 0.91, 1.27, 1.34, 1.43, 1.49, 1.53, 1.54, 1.55, 0.66, 0.66, 0.67, 0.68, 0.7, 1.17, 1.13, 1.08, 1.07, 0.93, 0.99, 1.24, 1.0, 1.22, 1.35, 1.46, 1.54, 1.57, 1.58, 1.58, 0.65, 0.66, 0.67, 0.69, 0.72, 0.76, 1.27, 1.29, 1.33, 1.39, 1.54, 1.37, 1.19, 1.57, 1.4, 1.52, 1.61, 1.65, 1.63, 1.6, 1.23, 0.65, 0.66, 0.68, 0.72, 0.79, 1.33, 1.44, 1.5, 1.82, 1.87, 1.6, 1.82, 1.86, 1.48, 1.57, 1.7, 1.75, 1.9, 1.93, 1.22, 1.2, 1.17, 1.11, 1.12, 1.14, 1.27, 1.46, 1.65, 1.83, 1.94, 2.13, 2.18, 2.12, 2.33, 2.21, 2.04, 1.98, 2.07, 2.13, 1.21, 1.18, 1.14, 1.09, 1.01, 1.05, 1.19, 1.34, 1.8, 1.81, 2.28, 2.42, 2.74, 2.58, 2.42, 2.28, 2.16, 2.11, 2.13, 2.16, 1.38, 1.33, 1.27, 1.03, 0.89, 0.78, 1.03, 1.3, 1.9, 1.92, 2.41, 2.61, 2.89, 2.67, 2.48, 2.35, 2.26, 2.21, 2.19, 2.2, 1.39, 1.35, 1.29, 1.17, 0.93, 0.21, 1.11, 1.56, 1.56, 1.97, 2.56, 2.56, 2.64, 2.61, 2.48, 2.39, 2.31, 2.27, 2.24, 2.24, 1.42, 1.39, 1.34, 1.27, 1.16, 1.1, 1.45, 1.83, 1.96, 2.47, 2.52, 2.55, 2.6, 2.55, 2.47, 2.4, 2.34, 2.71, 2.69, 2.68, 1.45, 1.44, 1.42, 1.42, 1.45, 1.62, 1.87, 1.92, 1.95, 1.85, 2.56, 2.5, 2.54, 2.87, 2.88, 2.88, 2.83, 2.79, 2.76, 2.74, 1.48, 1.49, 1.5, 1.53, 1.63, 1.84, 2.19, 1.95, 1.88, 1.83, 2.54, 2.89, 2.97, 3.02, 2.93, 2.93, 2.9, 2.86, 2.82, 2.8, 1.52, 1.53, 1.55, 1.6, 1.68, 1.81, 1.91, 2.06, 2.0, 1.95, 1.92, 2.28, 2.99, 3.04, 3.07, 3.0, 2.96, 2.92, 2.88, 2.85, 1.54, 1.56, 1.29, 1.34, 1.4, 1.97, 1.96, 1.92, 1.88, 1.85, 2.15, 2.3, 2.46, 2.85, 2.92, 3.22, 3.2, 3.18, 2.78, 2.74, 1.24, 1.26, 1.29, 1.32, 1.89, 1.86, 1.81, 1.75, 1.71, 1.72, 2.09, 2.3, 2.53, 2.79, 2.99, 2.93, 2.79, 2.68, 2.6, 2.55, 1.25, 1.26, 1.28, 1.3, 1.81, 1.76, 1.67, 1.55, 1.49, 1.8, 2.04, 2.27, 2.57, 2.96, 3.26, 2.97, 2.78, 2.65, 2.57, 2.51, 1.25, 1.26, 1.27, 1.8, 1.76, 1.69, 1.57, 1.38, 1.27, 1.65, 1.97, 2.25, 2.61, 2.86, 3.0, 2.86, 2.7, 2.59, 2.52, 2.47, 1.25, 1.26, 1.84, 1.81, 1.76, 1.69, 1.59, 1.44, 1.45, 1.7, 1.97, 2.21, 2.53, 2.71, 2.76, 2.68, 2.58, 2.5, 2.44, 2.41, 1.87, 1.86, 1.84, 1.81, 1.78, 1.73, 1.66, 1.59, 1.73, 1.85, 2.02, 2.19, 2.48, 2.6, 2.58, 2.52, 2.45, 2.4, 2.36, 2.34, 1.87, 1.86, 1.85, 1.83, 1.81, 1.78, 1.75, 1.69, 1.92, 1.99, 2.09, 2.19, 2.8, 2.48, 2.44, 2.39, 2.35, 2.3, 2.28, 2.27, 1.88, 1.87, 1.86, 1.79, 1.79, 1.79, 1.8, 1.82, 1.86, 1.89, 1.89, 2.07, 2.13, 2.39, 2.35, 2.32, 2.31, 2.23, 2.18, 2.2, 1.81, 1.81, 1.82, 1.82, 1.83, 1.85, 1.88, 1.94, 2.0, 2.03, 2.0, 2.35, 2.13, 2.11, 2.1, 2.25, 2.45, 2.04, 2.07, 2.14, 1.83, 1.84, 1.84, 1.86, 1.87, 1.9, 1.94, 2.01, 2.11, 2.19, 2.09, 2.34, 2.37, 2.1, 2.07, 2.04, 1.94, 1.73, 1.99, 2.1, 1.85, 1.85, 1.87, 1.88, 1.9, 1.93, 1.98, 2.04, 2.13, 2.19, 2.3, 2.31, 2.35, 2.09, 2.05, 1.96, 1.89, 1.84, 2.02, 2.1, 1.86, 1.87, 1.88, 1.9, 1.92, 1.95, 1.99, 2.03, 2.07, 2.09, 2.27, 2.28, 2.32, 2.01, 1.99, 1.96, 1.93, 1.9, 1.91, 1.93, 1.87, 1.88, 1.9, 1.91, 1.93, 1.96, 1.99, 2.02, 2.04, 2.22, 2.21, 2.01, 1.95, 1.88, 1.99, 1.97, 1.95, 1.94, 1.94, 1.94, 1.88, 1.89, 1.9, 1.92, 1.94, 1.96, 1.99, 2.01, 2.03, 2.16, 2.05, 2.01, 1.96, 1.9, 2.0, 1.98, 1.97, 1.96, 1.95, 1.96, 1.89, 1.9, 1.91, 1.93, 1.94, 1.96, 1.98, 2.0, 2.03, 2.04, 2.04, 2.01, 1.96, 1.91, 2.0, 1.99, 1.98, 1.97, 1.97, 1.97, 1.89, 1.9, 1.91, 1.93, 1.94, 1.96, 1.98, 1.99, 2.01, 2.02, 2.01, 1.99, 1.95, 1.91, 2.0, 1.99, 1.99, 1.98, 1.98, 1.97, 1.9, 1.9, 1.92, 1.93, 1.94, 1.95, 1.97, 1.99, 2.0, 2.0, 1.99, 1.97, 1.94, 1.91, 2.01, 2.0, 1.99, 1.99, 1.98, 1.98]}, {"header": {"refTime": "2023-09-05T06:00:00.000Z", "nx": 21, "ny": 33, "lo1": 113.509, "la1": 22.2235, "lo2": 113.5947, "la2": 22.1034, "dx": 0.0042850000000001385, "dy": 0.003753125000000024, "parameterCategory": 2, "parameterCategoryName": "Temperature", "parameterNumber": 3}, "data": [-0.61, -0.59, -0.57, -0.79, -0.74, -0.48, -0.42, -0.35, -0.33, -0.38, -0.48, -0.57, -0.99, -1.07, -0.88, -0.95, -1.92, -1.94, -1.96, -1.98, -0.62, -0.61, -0.58, -0.55, -0.74, -0.66, -0.38, -0.24, -0.16, -0.28, -0.46, -0.59, -1.02, -1.1, -0.91, -1.88, -1.92, -1.95, -1.97, -1.98, -0.64, -0.63, -0.61, -0.58, -0.78, -0.69, -0.54, -0.16, 0.18, -0.21, -0.49, -0.64, -1.06, -1.13, -1.8, -1.87, -1.92, -1.96, -1.98, -1.99, -0.66, -0.65, -0.64, -0.62, -0.59, -0.76, -0.65, -0.44, -0.25, -0.35, -0.59, -0.74, -1.09, -1.55, -1.78, -1.88, -1.94, -1.98, -2.0, -2.01, -0.68, -0.68, -0.67, -0.67, -0.66, -0.88, -0.83, -0.77, -0.74, -0.62, -0.75, -1.47, -1.15, -1.49, -1.79, -1.91, -1.98, -2.01, -2.02, -2.03, -0.7, -0.7, -0.71, -0.72, -0.73, -0.75, -1.03, -1.06, -1.09, -1.13, -1.79, -1.65, -1.44, -2.01, -1.89, -1.98, -2.03, -2.05, -2.05, -2.04, -1.06, -0.72, -0.74, -0.75, -0.78, -0.84, -1.42, -1.3, -1.36, -1.95, -2.04, -2.04, -2.47, -2.44, -2.02, -2.04, -2.08, -2.09, -2.14, -2.15, -1.04, -1.04, -1.04, -1.37, -1.37, -1.29, -1.38, -1.52, -1.74, -1.9, -1.84, -2.84, -3.01, -2.77, -2.96, -2.73, -2.45, -2.35, -2.5, -2.6, -1.03, -1.02, -1.01, -1.0, -1.29, -1.32, -1.41, -1.43, -1.75, -1.97, -2.57, -2.95, -3.23, -3.1, -3.02, -2.83, -2.64, -2.56, -2.59, -2.65, -1.16, -1.14, -1.12, -0.96, -0.92, -1.14, -1.31, -1.5, -1.84, -1.82, -2.78, -3.03, -3.27, -3.12, -3.06, -2.9, -2.78, -2.71, -2.69, -2.71, -1.16, -1.14, -1.11, -1.07, -0.98, -0.71, -1.11, -1.41, -1.71, -1.9, -2.55, -2.98, -3.06, -3.05, -3.06, -2.95, -2.86, -2.79, -2.77, -2.76, -1.16, -1.14, -1.12, -1.09, -1.04, -1.03, -1.21, -1.62, -1.82, -2.19, -2.51, -3.02, -3.1, -2.99, -3.05, -2.97, -2.9, -2.71, -2.68, -2.66, -1.17, -1.15, -1.14, -1.12, -1.11, -1.11, -1.16, -1.51, -1.71, -1.57, -2.24, -2.95, -3.02, -3.15, -3.13, -2.81, -2.76, -2.73, -2.7, -2.69, -1.17, -1.16, -1.15, -1.14, -1.13, -1.11, -0.99, -1.28, -1.45, -1.47, -2.16, -2.76, -2.8, -2.82, -3.05, -2.78, -2.75, -2.73, -2.71, -2.7, -1.18, -1.18, -1.17, -1.16, -1.16, -1.15, -1.16, -1.34, -1.43, -1.47, -1.47, -2.03, -2.75, -2.76, -2.77, -2.75, -2.73, -2.72, -2.71, -2.71, -1.19, -1.19, -0.9, -0.9, -0.91, -1.3, -1.3, -1.33, -1.37, -1.4, -1.94, -2.02, -2.12, -2.49, -2.52, -2.74, -2.75, -2.75, -2.39, -2.37, -0.9, -0.91, -0.91, -0.92, -1.32, -1.31, -1.31, -1.31, -1.32, -1.34, -1.88, -2.0, -2.14, -2.29, -2.38, -2.42, -2.36, -2.32, -2.28, -2.26, -0.91, -0.92, -0.92, -0.93, -1.32, -1.3, -1.29, -1.27, -1.26, -1.39, -1.54, -1.98, -2.15, -2.37, -2.56, -2.44, -2.36, -2.3, -2.27, -2.24, -0.92, -0.93, -0.94, -1.33, -1.31, -1.3, -1.27, -1.23, -1.2, -1.35, -1.34, -1.51, -2.14, -2.31, -2.45, -2.39, -2.33, -2.28, -2.25, -2.22, -0.93, -0.93, -0.74, -0.76, -0.78, -0.81, -0.86, -0.95, -1.15, -1.19, -1.28, -1.41, -2.1, -2.21, -2.35, -2.32, -2.27, -2.24, -2.21, -2.2, -0.71, -0.71, -0.72, -0.73, -0.74, -0.76, -0.79, -0.82, -1.09, -1.12, -1.18, -1.29, -2.07, -2.28, -2.27, -2.24, -2.22, -2.19, -2.18, -2.17, -0.69, -0.69, -0.69, -0.69, -0.69, -0.69, -0.7, -0.84, -0.97, -0.99, -1.05, -1.15, -1.64, -2.23, -2.21, -2.19, -2.17, -2.15, -2.14, -2.14, -0.67, -0.67, -0.66, -0.87, -0.85, -0.82, -0.79, -0.74, -0.69, -0.67, -0.7, -0.93, -1.27, -2.19, -2.17, -2.15, -2.15, -2.12, -2.1, -2.11, -0.9, -0.89, -0.87, -0.86, -0.83, -0.79, -0.74, -0.65, -0.54, -0.5, -0.58, -0.98, -1.22, -1.45, -1.65, -2.13, -2.2, -2.04, -2.06, -2.09, -0.9, -0.89, -0.87, -0.85, -0.82, -0.78, -0.71, -0.59, -0.39, -0.21, -0.48, -0.94, -1.18, -1.42, -1.62, -1.79, -2.0, -1.92, -2.03, -2.07, -0.9, -0.89, -0.88, -0.86, -0.83, -0.79, -0.73, -0.62, -0.43, -0.27, -0.69, -0.98, -1.19, -1.38, -1.56, -1.96, -1.95, -1.93, -2.04, -2.07, -0.91, -0.9, -0.89, -0.87, -0.86, -0.83, -0.79, -0.74, -0.69, -0.7, -0.97, -1.12, -1.24, -1.92, -1.93, -1.94, -1.94, -1.94, -1.94, -1.95, -0.91, -0.91, -0.9, -0.9, -0.89, -0.88, -0.88, -0.89, -0.94, -1.18, -1.28, -1.21, -1.19, -1.21, -1.92, -1.93, -1.94, -1.94, -1.94, -1.94, -0.92, -0.92, -0.92, -0.92, -0.92, -0.93, -0.95, -1.0, -1.12, -1.44, -1.58, -1.37, -1.27, -1.24, -1.9, -1.92, -1.93, -1.93, -1.94, -1.94, -0.93, -0.93, -0.93, -0.94, -0.95, -0.97, -1.0, -1.07, -1.25, -1.41, -1.52, -1.39, -1.3, -1.26, -1.9, -1.91, -1.92, -1.93, -1.93, -1.93, -0.94, -0.94, -0.95, -0.96, -0.97, -0.99, -1.03, -1.09, -1.25, -1.34, -1.37, -1.34, -1.3, -1.27, -1.89, -1.9, -1.91, -1.92, -1.93, -1.93, -0.95, -0.95, -0.96, -0.97, -0.99, -1.01, -1.04, -1.18, -1.23, -1.28, -1.3, -1.3, -1.28, -1.26, -1.89, -1.9, -1.91, -1.92, -1.92, -1.93]}, {"header": {"refTime": "2023-09-05T06:00:00.000Z", "nx": 21, "ny": 33, "lo1": 113.509, "la1": 22.2235, "lo2": 113.5947, "la2": 22.1034, "dx": 0.0042850000000001385, "dy": 0.003753125000000024, "parameterCategory": 0, "parameterCategoryName": "Temperature", "parameterNumber": 0}, "data": [[28.78, 28.77, 28.76, 28.6, 28.6, 28.88, 28.86, 28.85, 28.86, 28.9, 28.97, 29.03, 29.27, 29.3, 29.32, 29.33, 29.55, 29.54, 29.54, 29.53], [28.78, 28.78, 28.77, 28.75, 28.6, 28.6, 28.84, 28.8, 28.79, 28.86, 28.97, 29.06, 29.31, 29.34, 29.36, 29.56, 29.55, 29.54, 29.53, 29.53], [28.79, 28.78, 28.77, 28.76, 28.6, 28.6, 28.6, 28.76, 28.64, 28.82, 28.99, 29.12, 29.38, 29.4, 29.58, 29.56, 29.54, 29.53, 29.52, 29.52], [28.8, 28.79, 28.78, 28.77, 28.75, 28.6, 28.6, 28.6, 28.6, 28.87, 29.05, 29.23, 29.49, 29.47, 29.59, 29.56, 29.53, 29.52, 29.51, 29.51], [28.81, 28.81, 28.8, 28.79, 28.77, 28.6, 28.6, 28.6, 28.6, 28.94, 29.09, 29.49, 29.67, 29.51, 29.59, 29.54, 29.52, 29.5, 29.5, 29.5], [28.82, 28.82, 28.81, 28.81, 28.79, 28.77, 28.6, 28.6, 28.6, 28.6, 29.23, 29.4, 29.54, 29.67, 29.57, 29.52, 29.49, 29.47, 29.48, 29.49], [28.93, 28.84, 28.84, 28.83, 28.82, 28.79, 28.75, 28.6, 28.6, 28.76, 28.8, 29.24, 29.57, 29.6, 29.54, 29.5, 29.45, 29.43, 29.47, 29.5], [28.94, 28.95, 28.95, 28.94, 28.93, 28.83, 28.77, 28.69, 28.65, 28.73, 28.69, 29.15, 29.16, 29.6, 29.4, 29.4, 29.4, 29.4, 29.4, 29.4], [28.86, 28.87, 28.97, 28.98, 28.98, 28.96, 28.89, 28.74, 28.6, 28.77, 28.91, 29.03, 29.08, 29.01, 29.4, 29.4, 29.4, 29.4, 29.4, 29.4], [29.2, 29.2, 29.2, 28.92, 28.96, 29.06, 28.99, 28.89, 28.6, 28.6, 29.09, 28.95, 29.0, 28.97, 29.4, 29.4, 29.4, 29.4, 29.4, 29.4], [29.2, 29.2, 29.2, 29.2, 29.2, 29.2, 29.2, 29.2, 28.99, 28.6, 28.6, 28.9, 28.94, 28.94, 29.4, 29.4, 29.4, 29.4, 29.4, 29.4], [29.2, 29.2, 29.2, 29.2, 29.2, 29.2, 29.2, 29.2, 29.2, -999.0, 28.6, 29.4, 29.4, 28.92, 29.4, 29.4, 29.4, 28.32, 28.35, 28.35], [29.2, 29.2, 29.2, 29.2, 29.2, 29.2, 29.2, 29.2, 29.2, 29.2, -999.0, 29.4, 29.4, 28.16, 28.71, 28.71, 28.72, 28.49, 28.52, 28.54], [29.2, 29.2, 29.2, 29.2, 29.2, 29.2, 29.2, 29.2, 29.2, 29.2, -999.0, 27.5, 27.5, 27.5, 28.54, 28.55, 28.58, 28.34, 28.39, 28.43], [29.2, 29.2, 29.2, 29.2, 29.2, 29.2, 29.2, 28.6, 28.6, 28.6, 28.6, 28.18, 27.5, 27.5, 27.5, 28.37, 28.43, 28.21, 28.28, 28.33], [29.2, 29.2, 28.82, 28.82, 28.8, 28.6, 28.6, 28.6, 28.6, 28.6, 27.91, 27.99, 27.88, 27.79, 27.89, 28.09, 28.18, 28.02, 28.43, 28.5], [28.81, 28.81, 28.99, 28.98, 28.6, 28.6, 28.6, 28.6, 28.6, 28.6, 28.13, 27.99, 27.85, 27.71, 27.81, 27.83, 27.95, 28.04, 28.11, 28.15], [28.99, 28.98, 28.97, 28.95, 28.6, 28.6, 28.6, 28.6, 28.6, 28.32, 28.17, 28.01, 27.84, 27.81, 27.55, 27.8, 27.96, 28.07, 28.14, 28.18], [28.97, 28.96, 28.95, 28.6, 28.6, 28.6, 28.6, 28.6, 28.5, 28.39, 28.26, 28.13, 28.09, 27.93, 27.77, 27.9, 28.04, 28.13, 28.19, 28.22], [28.97, 28.96, 28.54, 28.55, 28.55, 28.55, 28.56, 28.58, 28.49, 28.39, 28.28, 28.16, 28.18, 28.1, 28.0, 28.07, 28.16, 28.22, 28.26, 28.27], [28.54, 28.54, 28.54, 28.56, 28.56, 28.56, 28.57, 28.57, 28.41, 28.36, 28.29, 28.2, 28.28, 28.13, 28.17, 28.23, 28.29, 28.33, 28.33, 28.33], [28.55, 28.55, 28.55, 28.56, 28.56, 28.56, 28.56, 28.58, 28.37, 28.34, 28.3, 28.24, 28.34, 28.25, 28.3, 28.38, 28.44, 28.44, 28.4, 28.37], [28.55, 28.55, 28.55, 28.59, 28.59, 28.58, 28.58, 28.58, 28.57, 28.57, 28.57, 28.69, 28.58, 28.32, 28.4, 28.5, 28.6, 28.54, 28.45, 28.41], [28.59, 28.59, 28.59, 28.59, 28.59, 28.58, 28.58, 28.57, 28.56, 28.55, 28.56, 28.7, 28.58, 28.59, 28.62, 28.55, 28.84, 28.53, 28.45, 28.41], [28.59, 28.59, 28.59, 28.59, 28.59, 28.58, 28.58, 28.56, 28.54, 28.53, 28.55, 28.68, 28.74, 28.58, 28.6, 28.6, 28.46, 28.35, 28.42, 28.41], [28.59, 28.59, 28.59, 28.59, 28.59, 28.59, 28.58, 28.57, 28.55, 28.53, 28.62, 28.68, 28.73, 28.57, 28.58, 28.6, 28.54, 28.51, 28.4, 28.4], [28.6, 28.6, 28.59, 28.59, 28.59, 28.59, 28.59, 28.58, 28.58, 28.58, 28.66, 28.69, 28.73, 28.63, 28.62, 28.6, 28.57, 28.56, 28.56, 28.57], [28.6, 28.6, 28.6, 28.6, 28.6, 28.6, 28.6, 28.6, 28.61, 28.67, 28.68, 28.55, 28.51, 28.47, 28.62, 28.61, 28.59, 28.58, 28.58, 28.58], [28.6, 28.6, 28.6, 28.6, 28.6, 28.6, 28.61, 28.61, 28.63, 28.69, 28.66, 28.59, 28.53, 28.49, 28.63, 28.61, 28.6, 28.59, 28.59, 28.59], [28.6, 28.6, 28.6, 28.6, 28.6, 28.61, 28.61, 28.62, 28.57, 28.61, 28.64, 28.59, 28.54, 28.5, 28.63, 28.62, 28.61, 28.6, 28.6, 28.6], [28.6, 28.6, 28.6, 28.6, 28.61, 28.61, 28.61, 28.62, 28.56, 28.58, 28.59, 28.57, 28.53, 28.5, 28.63, 28.62, 28.62, 28.61, 28.61, 28.61], [28.6, 28.6, 28.6, 28.61, 28.61, 28.61, 28.62, 28.54, 28.55, 28.56, 28.56, 28.54, 28.52, 28.5, 28.64, 28.63, 28.62, 28.62, 28.61, 28.61]]}]