gis_exercise/awsData/contour/wdir_2023090111.json
[{"header": {"refTime": "2023-09-01T11:00:00.000Z", "nx": 21, "ny": 33, "lo1": 113.509, "la1": 22.2235, "lo2": 113.5947, "la2": 22.1034, "dx": 0.0042850000000001385, "dy": 0.003753125000000024, "parameterCategory": 2, "parameterCategoryName": "Temperature", "parameterNumber": 2}, "data": [0.44, 0.42, 0.39, 0.56, 0.51, 0.46, 0.39, 0.32, 0.31, 0.57, 0.74, 0.9, 0.9, 0.97, 1.02, 1.04, 1.54, 1.53, 1.52, 1.51, 0.46, 0.44, 0.4, 0.36, 0.52, 0.43, 0.32, 0.18, 0.1, 0.41, 0.72, 0.95, 0.98, 1.05, 1.08, 1.56, 1.54, 1.52, 1.51, 1.5, 0.48, 0.46, 0.43, 0.39, 0.54, 0.46, 0.31, 0.07, -0.35, 0.29, 0.76, 1.06, 1.11, 1.16, 1.59, 1.56, 1.53, 1.51, 1.5, 1.49, 0.51, 0.49, 0.47, 0.44, 0.39, 0.53, 0.41, 0.22, 0.05, 0.51, 0.94, 1.26, 1.33, 1.76, 1.6, 1.55, 1.52, 1.49, 1.48, 1.48, 0.54, 0.53, 0.51, 0.49, 0.46, 0.63, 0.58, 0.53, 0.52, 0.88, 1.17, 1.79, 1.85, 1.78, 1.59, 1.53, 1.49, 1.47, 1.46, 1.47, 0.57, 0.57, 0.56, 0.56, 0.54, 0.53, 0.75, 0.78, 0.84, 0.94, 1.73, 1.75, 1.78, 1.82, 1.56, 1.5, 1.45, 1.43, 1.44, 1.45, 1.1, 0.61, 0.61, 0.62, 0.63, 0.63, 1.24, 0.94, 1.02, 1.47, 1.57, 1.66, 1.74, 1.79, 1.52, 1.47, 1.4, 1.37, 1.55, 1.62, 1.1, 1.1, 1.09, 1.4, 1.38, 1.22, 1.22, 1.18, 1.14, 1.5, 1.74, 1.64, 1.63, 1.8, 1.65, 1.56, 1.45, 1.41, 1.47, 1.51, 1.1, 1.1, 1.1, 1.09, 1.37, 1.36, 1.37, 1.21, 1.5, 1.45, 1.82, 1.81, 1.95, 1.88, 1.7, 1.61, 1.53, 1.5, 1.51, 1.53, 1.51, 1.49, 1.47, 1.09, 1.08, 1.3, 1.4, 1.5, 1.75, 1.77, 1.85, 1.92, 2.05, 1.94, 1.74, 1.66, 1.59, 1.56, 1.55, 1.56, 1.51, 1.49, 1.47, 1.42, 1.34, 1.07, 1.46, 1.75, 1.8, 1.93, 2.23, 1.9, 1.94, 1.92, 1.74, 1.68, 1.63, 1.6, 1.59, 1.58, 1.51, 1.5, 1.48, 1.44, 1.4, 1.38, 1.57, 1.96, 2.16, 2.18, 2.27, 2.09, 2.06, 1.89, 1.73, 1.69, 1.65, 1.88, 1.87, 1.86, 1.52, 1.51, 1.49, 1.47, 1.46, 1.47, 1.52, 1.85, 2.06, 1.91, 2.12, 2.11, 2.08, 2.0, 2.0, 1.99, 1.96, 1.93, 1.91, 1.9, 1.53, 1.52, 1.51, 1.5, 1.49, 1.47, 1.36, 1.63, 1.8, 1.81, 2.07, 2.37, 2.36, 2.34, 2.03, 2.03, 2.0, 1.98, 1.96, 1.94, 1.54, 1.53, 1.52, 1.52, 1.51, 1.51, 1.52, 1.73, 1.83, 1.88, 1.89, 2.2, 2.35, 2.34, 2.33, 2.07, 2.04, 2.02, 1.99, 1.97, 1.54, 1.54, 1.32, 1.32, 1.33, 1.71, 1.72, 1.75, 1.8, 1.83, 2.16, 2.17, 2.19, 2.16, 2.18, 3.01, 3.14, 3.28, 3.13, 3.19, 1.33, 1.33, 1.34, 1.35, 1.74, 1.74, 1.75, 1.76, 1.78, 1.8, 2.11, 2.15, 2.18, 2.22, 2.66, 2.61, 2.72, 2.8, 2.86, 2.89, 1.34, 1.35, 1.36, 1.37, 1.76, 1.75, 1.75, 1.76, 1.76, 1.74, 1.8, 2.12, 2.17, 2.64, 2.34, 2.58, 2.74, 2.84, 2.9, 2.92, 1.36, 1.37, 1.38, 1.77, 1.76, 1.76, 1.76, 1.74, 1.72, 1.75, 2.0, 2.08, 2.85, 2.79, 2.56, 2.69, 2.83, 2.91, 2.95, 2.96, 1.37, 1.38, 1.75, 1.75, 1.75, 1.76, 1.76, 1.75, 1.85, 1.93, 2.02, 2.08, 3.01, 3.08, 2.8, 2.88, 2.97, 3.02, 3.03, 3.01, 1.77, 1.77, 1.78, 1.78, 1.79, 1.8, 1.8, 1.8, 1.96, 2.0, 2.05, 2.1, 3.21, 2.94, 3.0, 3.09, 3.16, 3.16, 3.11, 3.05, 1.79, 1.8, 1.81, 1.82, 1.83, 1.84, 1.86, 2.21, 2.05, 2.08, 2.1, 2.12, 3.6, 3.07, 3.18, 3.32, 3.42, 3.33, 3.18, 3.07, 1.81, 1.82, 1.83, 2.34, 2.32, 2.31, 2.31, 2.31, 2.32, 2.33, 2.35, 3.22, 3.03, 3.14, 3.29, 3.56, 3.88, 3.52, 3.16, 3.04, 2.39, 2.38, 2.38, 2.37, 2.37, 2.37, 2.37, 2.38, 2.39, 2.4, 2.41, 3.55, 2.99, 3.13, 3.31, 3.58, 4.89, 3.11, 2.92, 2.94, 2.41, 2.41, 2.41, 2.41, 2.41, 2.42, 2.43, 2.43, 2.42, 2.41, 2.45, 3.44, 3.8, 3.06, 3.17, 3.21, 2.71, 1.94, 2.66, 2.84, 2.43, 2.43, 2.44, 2.44, 2.45, 2.47, 2.48, 2.48, 2.46, 2.44, 3.06, 3.4, 3.72, 2.99, 3.04, 3.11, 2.82, 2.63, 2.68, 2.81, 2.45, 2.45, 2.46, 2.48, 2.49, 2.51, 2.53, 2.55, 2.56, 2.59, 3.21, 3.42, 3.66, 3.21, 3.17, 3.08, 2.96, 2.88, 2.9, 2.97, 2.47, 2.48, 2.49, 2.5, 2.52, 2.55, 2.58, 2.62, 2.69, 3.24, 3.3, 2.52, 2.3, 2.07, 3.16, 3.1, 3.03, 2.99, 2.99, 3.02, 2.48, 2.49, 2.51, 2.53, 2.55, 2.58, 2.63, 2.69, 2.78, 3.28, 3.02, 2.68, 2.4, 2.17, 3.16, 3.12, 3.08, 3.05, 3.04, 3.06, 2.5, 2.51, 2.53, 2.55, 2.57, 2.61, 2.65, 2.72, 2.62, 2.81, 2.91, 2.68, 2.44, 2.22, 3.16, 3.14, 3.11, 3.09, 3.08, 3.08, 2.51, 2.52, 2.54, 2.56, 2.59, 2.62, 2.66, 2.72, 2.57, 2.66, 2.67, 2.57, 2.4, 2.24, 3.17, 3.15, 3.13, 3.12, 3.11, 3.11, 2.52, 2.53, 2.55, 2.57, 2.6, 2.63, 2.66, 2.44, 2.49, 2.53, 2.53, 2.46, 2.35, 2.22, 3.17, 3.16, 3.14, 3.13, 3.13, 3.13]}, {"header": {"refTime": "2023-09-01T11:00:00.000Z", "nx": 21, "ny": 33, "lo1": 113.509, "la1": 22.2235, "lo2": 113.5947, "la2": 22.1034, "dx": 0.0042850000000001385, "dy": 0.003753125000000024, "parameterCategory": 2, "parameterCategoryName": "Temperature", "parameterNumber": 3}, "data": [-3.22, -3.18, -3.12, -2.2, -2.18, -1.95, -1.92, -1.88, -1.85, -1.46, -1.39, -1.33, -1.79, -1.8, -2.75, -2.95, -3.62, -3.76, -3.87, -3.94, -3.25, -3.21, -3.15, -3.08, -2.19, -2.16, -1.93, -1.89, -1.85, -1.52, -1.4, -1.3, -1.74, -1.75, -2.72, -3.46, -3.68, -3.86, -3.97, -4.04, -3.29, -3.25, -3.2, -3.13, -2.21, -2.18, -2.12, -1.9, -1.84, -1.56, -1.38, -1.23, -1.64, -1.67, -3.14, -3.49, -3.79, -4.0, -4.13, -4.18, -3.34, -3.31, -3.26, -3.2, -3.1, -2.22, -2.17, -2.09, -2.01, -1.49, -1.31, -1.13, -1.45, -1.49, -3.08, -3.59, -3.98, -4.23, -4.34, -4.36, -3.4, -3.37, -3.34, -3.29, -3.22, -2.28, -2.27, -2.23, -2.18, -1.39, -1.24, -1.38, -0.97, -1.42, -3.12, -3.79, -4.31, -4.59, -4.64, -4.57, -3.46, -3.45, -3.43, -3.4, -3.35, -3.28, -2.38, -2.4, -2.35, -2.22, -1.79, -1.63, -1.35, -2.61, -3.35, -4.14, -4.85, -5.16, -5.01, -4.78, -4.11, -3.54, -3.54, -3.53, -3.5, -3.45, -3.27, -2.63, -2.6, -2.56, -2.42, -2.14, -3.31, -3.36, -3.66, -4.49, -5.58, -5.98, -5.79, -5.51, -4.13, -4.14, -4.15, -4.59, -4.54, -3.52, -3.37, -3.24, -3.16, -2.47, -1.91, -3.66, -4.02, -4.01, -5.65, -5.97, -6.34, -6.47, -6.27, -6.14, -4.15, -4.17, -4.19, -4.22, -4.63, -4.58, -4.44, -3.31, -3.26, -2.63, -3.42, -4.25, -5.17, -4.73, -5.7, -5.9, -6.11, -6.21, -6.16, -6.09, -4.79, -4.8, -4.8, -4.29, -4.38, -4.74, -4.67, -4.58, -3.6, -3.37, -3.96, -4.66, -5.46, -4.89, -5.75, -5.85, -5.97, -6.04, -6.05, -6.02, -4.78, -4.78, -4.79, -4.8, -4.83, -4.89, -4.89, -5.01, -4.91, -3.88, -4.77, -4.5, -4.76, -4.69, -5.76, -5.82, -5.89, -5.94, -5.97, -5.96, -4.77, -4.77, -4.76, -4.76, -4.77, -4.78, -4.83, -5.13, -5.32, -5.46, -4.91, -5.49, -5.51, -4.5, -5.75, -5.8, -5.84, -6.0, -6.0, -5.99, -4.76, -4.75, -4.74, -4.72, -4.68, -4.59, -4.52, -4.93, -5.18, -5.05, -5.46, -5.47, -5.47, -5.0, -4.95, -5.82, -5.83, -5.84, -5.86, -5.87, -4.75, -4.74, -4.72, -4.68, -4.62, -4.46, -4.1, -4.62, -4.89, -4.93, -5.37, -5.52, -5.46, -5.4, -4.82, -5.61, -5.64, -5.68, -5.72, -5.76, -4.74, -4.73, -4.71, -4.67, -4.62, -4.53, -4.48, -4.54, -4.68, -4.74, -4.75, -4.76, -5.27, -5.18, -5.12, -5.36, -5.43, -5.51, -5.58, -5.64, -4.74, -4.73, -4.38, -4.36, -4.33, -4.51, -4.52, -4.57, -4.63, -4.67, -4.75, -4.68, -4.59, -4.7, -4.65, -4.7, -4.76, -4.82, -4.93, -4.99, -4.4, -4.39, -4.38, -4.37, -4.55, -4.55, -4.55, -4.57, -4.59, -4.62, -4.67, -4.6, -4.5, -4.38, -4.21, -4.24, -4.28, -4.32, -4.35, -4.36, -4.4, -4.39, -4.39, -4.38, -4.57, -4.56, -4.56, -4.55, -4.55, -4.29, -4.24, -4.56, -4.46, -4.21, -4.13, -4.22, -4.29, -4.33, -4.36, -4.37, -4.4, -4.4, -4.39, -4.58, -4.57, -4.57, -4.55, -4.53, -4.43, -4.34, -3.91, -3.85, -4.3, -4.24, -4.22, -4.26, -4.32, -4.35, -4.38, -4.39, -4.4, -4.4, -3.61, -3.64, -3.69, -3.76, -3.87, -4.05, -4.17, -3.98, -3.83, -3.77, -4.33, -4.3, -4.3, -4.33, -4.36, -4.39, -4.4, -4.41, -3.54, -3.55, -3.56, -3.58, -3.61, -3.65, -3.72, -3.79, -3.84, -3.76, -3.68, -3.65, -4.36, -4.35, -4.36, -4.39, -4.41, -4.42, -4.43, -4.43, -3.5, -3.5, -3.5, -3.51, -3.51, -3.52, -3.52, -3.51, -3.52, -3.48, -3.46, -3.48, -3.57, -4.39, -4.41, -4.44, -4.46, -4.46, -4.46, -4.45, -3.46, -3.45, -3.44, -3.41, -3.4, -3.37, -3.33, -3.26, -3.17, -3.12, -3.14, -3.41, -3.6, -4.42, -4.45, -4.48, -4.51, -4.5, -4.48, -4.47, -3.41, -3.4, -3.38, -3.36, -3.32, -3.27, -3.18, -3.04, -2.87, -2.79, -2.9, -3.09, -3.54, -3.82, -4.07, -4.5, -4.55, -4.52, -4.49, -4.48, -3.38, -3.37, -3.35, -3.32, -3.27, -3.2, -3.08, -2.9, -2.59, -2.34, -2.7, -3.04, -3.3, -3.79, -4.04, -4.25, -4.51, -4.5, -4.49, -4.48, -3.37, -3.35, -3.32, -3.29, -3.24, -3.17, -3.06, -2.89, -2.61, -2.39, -2.77, -3.08, -3.31, -3.74, -3.98, -4.43, -4.46, -4.47, -4.49, -4.48, -3.36, -3.34, -3.31, -3.28, -3.24, -3.18, -3.1, -3.01, -2.9, -2.89, -3.06, -3.22, -3.36, -4.29, -4.35, -4.39, -4.42, -4.43, -4.43, -4.42, -3.35, -3.33, -3.31, -3.28, -3.25, -3.21, -3.17, -3.15, -3.16, -3.27, -3.38, -3.38, -3.41, -3.48, -4.31, -4.35, -4.38, -4.4, -4.41, -4.4, -3.35, -3.33, -3.31, -3.29, -3.27, -3.25, -3.24, -3.26, -3.34, -3.53, -3.7, -3.53, -3.48, -3.5, -4.27, -4.32, -4.35, -4.37, -4.38, -4.38, -3.35, -3.33, -3.32, -3.31, -3.29, -3.29, -3.29, -3.33, -3.41, -3.56, -3.65, -3.56, -3.51, -3.51, -4.25, -4.29, -4.32, -4.35, -4.36, -4.37, -3.35, -3.34, -3.33, -3.32, -3.31, -3.31, -3.33, -3.36, -3.42, -3.5, -3.54, -3.53, -3.51, -3.52, -4.23, -4.27, -4.3, -4.33, -4.34, -4.35, -3.35, -3.34, -3.34, -3.33, -3.33, -3.33, -3.35, -3.37, -3.42, -3.46, -3.49, -3.5, -3.5, -3.51, -4.23, -4.26, -4.29, -4.31, -4.32, -4.34]}, {"header": {"refTime": "2023-09-01T11:00:00.000Z", "nx": 21, "ny": 33, "lo1": 113.509, "la1": 22.2235, "lo2": 113.5947, "la2": 22.1034, "dx": 0.0042850000000001385, "dy": 0.003753125000000024, "parameterCategory": 0, "parameterCategoryName": "Temperature", "parameterNumber": 0}, "data": [[29.43, 29.43, 29.42, 29.22, 29.22, 29.54, 29.53, 29.53, 29.53, 29.46, 29.49, 29.51, 29.85, 29.87, 29.72, 29.71, 29.89, 29.87, 29.86, 29.85], [29.43, 29.43, 29.42, 29.42, 29.23, 29.24, 29.52, 29.5, 29.5, 29.45, 29.49, 29.54, 29.87, 29.89, 29.74, 29.9, 29.88, 29.86, 29.85, 29.84], [29.43, 29.43, 29.43, 29.42, 29.22, 29.24, 29.26, 29.48, 29.42, 29.44, 29.5, 29.57, 29.91, 29.93, 29.93, 29.9, 29.87, 29.84, 29.83, 29.83], [29.43, 29.43, 29.43, 29.42, 29.42, 29.23, 29.25, 29.28, 29.3, 29.44, 29.52, 29.64, 29.97, 29.84, 29.93, 29.88, 29.84, 29.82, 29.81, 29.81], [29.44, 29.44, 29.43, 29.43, 29.42, 29.21, 29.22, 29.23, 29.22, 29.42, 29.51, 29.85, 30.0, 29.88, 29.93, 29.86, 29.8, 29.77, 29.77, 29.78], [29.44, 29.44, 29.44, 29.43, 29.43, 29.42, 29.2, 29.2, 29.18, 29.13, 29.6, 29.77, 29.91, 30.1, 29.92, 29.83, 29.74, 29.71, 29.72, 29.75], [29.47, 29.45, 29.45, 29.44, 29.44, 29.42, 29.25, 29.2, 29.18, 29.23, 29.23, 29.67, 30.1, 30.1, 29.9, 29.79, 29.65, 29.6, 29.61, 29.65], [29.47, 29.47, 29.47, 29.47, 29.47, 29.3, 29.27, 29.25, 29.29, 29.18, 28.99, 29.7, 29.71, 30.1, 29.72, 29.79, 29.66, 29.61, 29.68, 29.73], [29.43, 29.43, 29.49, 29.49, 29.49, 29.48, 29.44, 29.26, 29.14, 29.26, 29.3, 29.49, 29.58, 29.46, 29.74, 29.81, 29.74, 29.7, 29.72, 29.75], [29.6, 29.6, 29.6, 29.46, 29.48, 29.53, 29.5, 29.44, 29.02, 29.04, 29.59, 29.37, 29.44, 29.41, 29.74, 29.84, 29.79, 29.76, 29.76, 29.77], [29.6, 29.6, 29.6, 29.6, 29.6, 29.6, 29.6, 29.6, 29.49, 29.13, 28.8, 29.3, 29.35, 29.36, 29.73, 29.86, 29.82, 29.8, 29.8, 29.8], [29.6, 29.6, 29.6, 29.6, 29.6, 29.6, 29.6, 29.6, 29.6, -999.0, 28.8, 30.1, 30.1, 29.32, 29.73, 29.88, 29.86, 28.7, 28.72, 28.73], [29.6, 29.6, 29.6, 29.6, 29.6, 29.6, 29.6, 29.6, 29.6, 29.6, -999.0, 30.1, 30.1, 28.79, 29.37, 28.99, 29.0, 28.83, 28.85, 28.87], [29.6, 29.6, 29.6, 29.6, 29.6, 29.6, 29.6, 29.6, 29.6, 29.6, -999.0, 28.1, 28.1, 28.1, 29.2, 28.87, 28.9, 28.72, 28.76, 28.79], [29.6, 29.6, 29.6, 29.6, 29.6, 29.6, 29.6, 29.6, 29.6, 29.6, 29.6, 29.02, 28.1, 28.1, 28.1, 28.74, 28.78, 28.62, 28.67, 28.71], [29.6, 29.6, 29.6, 29.6, 29.6, 29.6, 29.6, 29.6, 29.6, 29.6, 28.66, 28.76, 28.62, 28.5, 28.63, 28.43, 28.48, 28.39, 28.71, 28.75], [29.6, 29.6, 29.6, 29.6, 29.6, 29.6, 29.6, 29.6, 29.6, 29.6, 28.95, 28.77, 28.57, 28.39, 28.38, 28.3, 28.37, 28.42, 28.46, 28.48], [29.6, 29.6, 29.6, 29.6, 29.6, 29.6, 29.6, 29.6, 29.6, 29.22, 29.02, 28.79, 28.56, 28.39, 28.14, 28.27, 28.37, 28.44, 28.48, 28.5], [29.6, 29.6, 29.6, 29.6, 29.6, 29.6, 29.6, 29.6, 29.47, 29.31, 29.17, 28.98, 28.67, 28.49, 28.26, 28.33, 28.42, 28.47, 28.51, 28.53], [29.6, 29.6, 29.6, 29.6, 29.6, 29.6, 29.6, 29.6, 29.46, 29.34, 29.19, 29.04, 28.75, 28.63, 28.39, 28.43, 28.49, 28.52, 28.55, 28.56], [29.6, 29.6, 29.6, 29.6, 29.6, 29.6, 29.6, 29.6, 29.37, 29.31, 29.21, 29.09, 28.81, 28.47, 28.49, 28.53, 28.57, 28.59, 28.59, 28.59], [29.6, 29.6, 29.6, 29.6, 29.6, 29.6, 29.6, 29.55, 29.34, 29.3, 29.24, 29.15, 28.88, 28.54, 28.57, 28.61, 28.65, 28.65, 28.63, 28.62], [29.6, 29.6, 29.6, 29.52, 29.53, 29.53, 29.54, 29.54, 29.54, 29.54, 29.54, 29.44, 29.07, 28.58, 28.63, 28.68, 28.74, 28.71, 28.66, 28.64], [29.51, 29.51, 29.52, 29.52, 29.52, 29.53, 29.53, 29.54, 29.55, 29.55, 29.54, 29.38, 29.09, 29.0, 28.93, 28.71, 28.87, 28.71, 28.66, 28.64], [29.51, 29.51, 29.51, 29.51, 29.52, 29.52, 29.52, 29.53, 29.55, 29.57, 29.54, 29.39, 29.33, 29.01, 28.93, 28.86, 28.68, 28.62, 28.65, 28.64], [29.51, 29.51, 29.51, 29.51, 29.51, 29.51, 29.51, 29.52, 29.54, 29.56, 29.45, 29.39, 29.34, 29.02, 28.94, 28.82, 28.77, 28.75, 28.64, 28.63], [29.5, 29.5, 29.5, 29.5, 29.5, 29.5, 29.5, 29.5, 29.5, 29.5, 29.4, 29.37, 29.33, 28.95, 28.9, 28.85, 28.82, 28.8, 28.8, 28.82], [29.5, 29.5, 29.5, 29.49, 29.49, 29.49, 29.48, 29.47, 29.46, 29.37, 29.36, 29.27, 29.22, 29.15, 28.92, 28.88, 28.85, 28.84, 28.83, 28.84], [29.49, 29.49, 29.49, 29.49, 29.48, 29.48, 29.47, 29.45, 29.43, 29.34, 29.29, 29.27, 29.22, 29.17, 28.95, 28.91, 28.88, 28.87, 28.86, 28.86], [29.49, 29.49, 29.49, 29.48, 29.48, 29.47, 29.46, 29.44, 29.29, 29.29, 29.28, 29.26, 29.22, 29.18, 28.97, 28.93, 28.91, 28.89, 28.88, 28.87], [29.49, 29.49, 29.48, 29.48, 29.47, 29.47, 29.45, 29.44, 29.27, 29.27, 29.26, 29.25, 29.22, 29.18, 28.98, 28.95, 28.92, 28.91, 28.89, 28.89], [29.49, 29.48, 29.48, 29.48, 29.47, 29.46, 29.45, 29.26, 29.26, 29.25, 29.25, 29.23, 29.21, 29.18, 28.99, 28.96, 28.94, 28.92, 28.91, 28.9]]}]