gis_exercise/awsData/contour/wdir_2023090401.json
[{"header": {"refTime": "2023-09-04T01:00:00.000Z", "nx": 21, "ny": 33, "lo1": 113.509, "la1": 22.2235, "lo2": 113.5947, "la2": 22.1034, "dx": 0.0042850000000001385, "dy": 0.003753125000000024, "parameterCategory": 2, "parameterCategoryName": "Temperature", "parameterNumber": 2}, "data": [0.69, 0.7, 0.7, 0.84, 0.84, 0.83, 0.82, 0.81, 0.81, 0.8, 0.8, 0.81, 1.17, 1.2, 1.55, 1.64, 2.16, 2.22, 2.26, 2.29, 0.69, 0.69, 0.7, 0.71, 0.84, 0.83, 0.82, 0.8, 0.79, 0.79, 0.8, 0.81, 1.17, 1.2, 1.55, 2.09, 2.18, 2.25, 2.3, 2.33, 0.68, 0.69, 0.7, 0.7, 0.84, 0.83, 0.82, 0.79, 0.76, 0.78, 0.8, 0.82, 1.16, 1.19, 1.96, 2.1, 2.22, 2.31, 2.36, 2.39, 0.68, 0.68, 0.69, 0.7, 0.71, 0.84, 0.83, 0.81, 0.79, 0.79, 0.81, 0.83, 1.12, 1.2, 1.93, 2.14, 2.3, 2.4, 2.45, 2.45, 0.67, 0.68, 0.68, 0.69, 0.71, 0.85, 0.85, 0.84, 0.84, 0.81, 0.82, 1.14, 0.99, 1.17, 1.95, 2.22, 2.43, 2.55, 2.56, 2.54, 0.66, 0.67, 0.67, 0.68, 0.7, 0.72, 0.87, 0.87, 0.87, 0.87, 1.27, 1.24, 1.15, 1.68, 2.05, 2.37, 2.65, 2.77, 2.71, 2.62, 0.88, 0.65, 0.66, 0.66, 0.68, 0.71, 0.78, 0.9, 0.91, 1.19, 1.27, 1.46, 2.0, 1.99, 2.19, 2.51, 2.93, 3.09, 2.94, 2.82, 0.87, 0.86, 0.84, 0.81, 0.81, 0.7, 0.76, 0.86, 1.04, 1.14, 1.05, 2.1, 2.29, 2.25, 2.91, 3.05, 3.21, 3.27, 3.18, 3.12, 0.87, 0.85, 0.83, 0.8, 0.76, 0.77, 0.84, 0.79, 1.02, 1.22, 1.84, 2.25, 2.58, 2.43, 2.91, 3.01, 3.11, 3.15, 3.13, 3.1, 1.0, 0.98, 0.94, 0.78, 0.71, 0.65, 0.77, 0.91, 1.1, 1.07, 2.08, 2.36, 2.65, 2.46, 2.92, 2.98, 3.04, 3.07, 3.08, 3.07, 1.01, 0.99, 0.96, 0.89, 0.76, 0.37, 0.86, 1.1, 1.07, 1.16, 1.86, 2.3, 2.4, 2.38, 2.92, 2.96, 3.0, 3.03, 3.04, 3.04, 1.03, 1.01, 0.99, 0.95, 0.88, 0.85, 1.04, 1.25, 1.33, 1.8, 1.82, 2.35, 2.44, 2.31, 2.92, 2.95, 2.98, 3.04, 3.04, 3.04, 1.05, 1.04, 1.03, 1.03, 1.05, 1.14, 1.27, 1.3, 1.32, 1.26, 1.92, 2.27, 2.35, 2.67, 2.66, 2.96, 2.97, 2.99, 3.0, 3.0, 1.06, 1.07, 1.07, 1.09, 1.14, 1.26, 1.45, 1.32, 1.28, 1.25, 1.89, 2.27, 2.35, 2.4, 2.64, 2.9, 2.92, 2.94, 2.95, 2.96, 1.08, 1.09, 1.1, 1.13, 1.17, 1.24, 1.3, 1.22, 1.15, 1.09, 1.05, 1.41, 2.34, 2.39, 2.41, 2.84, 2.86, 2.89, 2.91, 2.93, 1.09, 1.1, 0.72, 0.75, 0.79, 1.1, 1.09, 1.04, 0.99, 0.96, 1.25, 1.41, 1.59, 2.08, 2.15, 2.62, 2.64, 2.65, 2.76, 2.78, 0.67, 0.68, 0.69, 0.7, 0.99, 0.96, 0.9, 0.82, 0.77, 0.78, 1.17, 1.4, 1.66, 1.93, 2.21, 2.44, 2.42, 2.4, 2.39, 2.38, 0.65, 0.66, 0.65, 0.65, 0.9, 0.83, 0.72, 0.57, 0.49, 0.81, 1.09, 1.37, 1.69, 2.18, 2.46, 2.45, 2.42, 2.4, 2.39, 2.38, 0.64, 0.63, 0.62, 0.89, 0.83, 0.74, 0.59, 0.35, 0.19, 0.64, 0.86, 1.18, 1.83, 2.1, 2.45, 2.43, 2.41, 2.39, 2.38, 2.37, 0.62, 0.61, 0.7, 0.67, 0.63, 0.56, 0.45, 0.31, 0.32, 0.56, 0.84, 1.11, 1.78, 1.98, 2.42, 2.41, 2.39, 2.38, 2.37, 2.36, 0.72, 0.71, 0.69, 0.66, 0.62, 0.56, 0.49, 0.42, 0.56, 0.68, 0.86, 1.05, 1.75, 2.4, 2.39, 2.39, 2.38, 2.37, 2.36, 2.35, 0.71, 0.7, 0.68, 0.65, 0.62, 0.58, 0.55, 0.26, 0.7, 0.77, 0.88, 1.01, 1.96, 2.38, 2.38, 2.38, 2.37, 2.36, 2.34, 2.34, 0.7, 0.69, 0.67, 0.28, 0.29, 0.3, 0.31, 0.33, 0.36, 0.38, 0.37, 1.01, 1.73, 2.37, 2.36, 2.37, 2.39, 2.35, 2.33, 2.32, 0.27, 0.28, 0.28, 0.29, 0.3, 0.32, 0.35, 0.4, 0.45, 0.48, 0.44, 1.02, 1.69, 1.87, 2.02, 2.36, 2.47, 2.29, 2.29, 2.31, 0.28, 0.28, 0.29, 0.3, 0.32, 0.34, 0.38, 0.44, 0.54, 0.62, 0.5, 0.95, 1.1, 1.84, 1.99, 2.12, 2.26, 2.17, 2.26, 2.29, 0.28, 0.29, 0.29, 0.31, 0.32, 0.34, 0.38, 0.43, 0.53, 0.6, 0.79, 0.87, 1.01, 1.81, 1.95, 1.94, 2.01, 2.02, 2.27, 2.29, 0.28, 0.29, 0.3, 0.3, 0.32, 0.33, 0.36, 0.39, 0.42, 0.42, 0.7, 0.77, 0.91, 1.48, 1.67, 1.81, 1.89, 1.93, 1.92, 1.91, 0.28, 0.29, 0.29, 0.3, 0.31, 0.32, 0.33, 0.33, 0.32, 0.54, 0.51, 0.53, 0.67, 0.81, 1.54, 1.69, 1.78, 1.83, 1.85, 1.84, 0.28, 0.29, 0.29, 0.29, 0.3, 0.3, 0.3, 0.29, 0.25, 0.36, 0.17, 0.41, 0.6, 0.75, 1.43, 1.58, 1.68, 1.74, 1.77, 1.78, 0.28, 0.28, 0.29, 0.29, 0.29, 0.29, 0.28, 0.26, 0.46, 0.33, 0.25, 0.41, 0.57, 0.71, 1.36, 1.5, 1.6, 1.66, 1.7, 1.73, 0.28, 0.28, 0.28, 0.28, 0.28, 0.28, 0.27, 0.25, 0.49, 0.43, 0.41, 0.48, 0.59, 0.7, 1.31, 1.44, 1.53, 1.6, 1.65, 1.68, 0.28, 0.28, 0.28, 0.28, 0.27, 0.27, 0.26, 0.58, 0.54, 0.51, 0.51, 0.56, 0.63, 0.71, 1.29, 1.4, 1.49, 1.55, 1.6, 1.63]}, {"header": {"refTime": "2023-09-04T01:00:00.000Z", "nx": 21, "ny": 33, "lo1": 113.509, "la1": 22.2235, "lo2": 113.5947, "la2": 22.1034, "dx": 0.0042850000000001385, "dy": 0.003753125000000024, "parameterCategory": 2, "parameterCategoryName": "Temperature", "parameterNumber": 3}, "data": [-0.01, -0.0, 0.01, -0.09, -0.06, -0.09, -0.04, 0.01, 0.02, 0.1, 0.03, -0.03, -0.14, -0.17, -0.08, -0.09, -0.34, -0.33, -0.32, -0.32, -0.02, -0.01, -0.0, 0.01, -0.07, -0.02, -0.01, 0.09, 0.15, 0.16, 0.04, -0.06, -0.17, -0.21, -0.11, -0.36, -0.34, -0.32, -0.31, -0.31, -0.02, -0.02, -0.01, -0.0, -0.09, -0.04, 0.04, 0.15, 0.42, 0.21, 0.02, -0.11, -0.23, -0.25, -0.38, -0.35, -0.33, -0.31, -0.3, -0.3, -0.03, -0.03, -0.03, -0.02, -0.01, -0.09, -0.02, 0.1, 0.2, 0.13, -0.05, -0.19, -0.32, -0.45, -0.38, -0.34, -0.31, -0.29, -0.28, -0.28, -0.04, -0.04, -0.04, -0.05, -0.05, -0.16, -0.13, -0.09, -0.07, -0.01, -0.13, -0.46, -0.5, -0.46, -0.38, -0.33, -0.28, -0.26, -0.26, -0.26, -0.04, -0.05, -0.06, -0.07, -0.09, -0.12, -0.26, -0.28, -0.28, -0.25, -0.4, -0.44, -0.47, -0.61, -0.37, -0.3, -0.24, -0.21, -0.22, -0.24, -0.06, -0.05, -0.06, -0.08, -0.11, -0.16, -0.43, -0.46, -0.48, -0.5, -0.41, -0.4, -0.61, -0.64, -0.35, -0.27, -0.17, -0.13, -0.28, -0.34, -0.04, -0.04, -0.05, -0.35, -0.36, -0.31, -0.42, -0.6, -0.77, -0.48, -0.31, -0.51, -0.56, -0.68, -0.53, -0.41, -0.25, -0.19, -0.28, -0.33, -0.02, -0.02, -0.02, -0.02, -0.28, -0.31, -0.42, -0.47, -0.67, -0.51, -0.5, -0.62, -0.78, -0.7, -0.58, -0.46, -0.36, -0.31, -0.33, -0.36, 0.05, 0.06, 0.07, 0.03, 0.05, -0.14, -0.28, -0.45, -0.63, -0.58, -0.59, -0.7, -0.84, -0.74, -0.61, -0.51, -0.44, -0.39, -0.39, -0.39, 0.06, 0.07, 0.08, 0.09, 0.12, 0.21, 0.04, -0.12, -0.51, -0.61, -0.68, -0.67, -0.72, -0.7, -0.61, -0.54, -0.48, -0.45, -0.43, -0.43, 0.06, 0.07, 0.08, 0.09, 0.11, 0.12, 0.02, -0.25, -0.4, -0.49, -0.68, -0.76, -0.78, -0.67, -0.6, -0.55, -0.51, -0.34, -0.32, -0.31, 0.06, 0.07, 0.08, 0.1, 0.12, 0.14, 0.15, -0.14, -0.31, -0.2, -0.47, -0.75, -0.76, -0.55, -0.52, -0.38, -0.35, -0.33, -0.32, -0.31, 0.06, 0.07, 0.08, 0.1, 0.12, 0.19, 0.36, 0.06, -0.1, -0.12, -0.42, -0.58, -0.56, -0.53, -0.45, -0.33, -0.31, -0.31, -0.3, -0.3, 0.06, 0.07, 0.08, 0.09, 0.12, 0.15, 0.16, 0.03, -0.06, -0.1, -0.11, -0.22, -0.47, -0.43, -0.4, -0.27, -0.27, -0.27, -0.28, -0.28, 0.06, 0.07, 0.26, 0.27, 0.27, 0.05, 0.04, 0.01, -0.04, -0.06, -0.21, -0.18, -0.14, -0.19, -0.17, -0.18, -0.2, -0.22, 0.01, 0.0, 0.25, 0.25, 0.25, 0.25, 0.01, 0.02, 0.01, -0.01, -0.03, -0.04, -0.16, -0.14, -0.11, -0.06, 0.03, 0.07, 0.08, 0.09, 0.09, 0.1, 0.24, 0.24, 0.24, 0.23, -0.0, -0.0, -0.0, -0.01, -0.02, 0.1, 0.11, -0.12, -0.08, 0.03, 0.04, 0.07, 0.08, 0.09, 0.09, 0.1, 0.23, 0.23, 0.22, -0.01, -0.01, -0.01, -0.01, -0.01, 0.03, 0.07, -0.04, -0.04, 0.02, 0.03, 0.06, 0.07, 0.08, 0.09, 0.1, 0.1, 0.23, 0.22, 0.07, 0.07, 0.06, 0.05, 0.03, 0.02, -0.03, -0.04, -0.05, -0.05, 0.02, 0.02, 0.08, 0.09, 0.09, 0.1, 0.1, 0.11, 0.06, 0.06, 0.05, 0.05, 0.04, 0.02, 0.01, 0.0, -0.06, -0.07, -0.07, -0.07, 0.02, 0.09, 0.09, 0.09, 0.1, 0.1, 0.11, 0.11, 0.05, 0.04, 0.03, 0.03, 0.01, 0.0, -0.01, -0.28, -0.1, -0.1, -0.1, -0.09, -0.08, 0.1, 0.1, 0.1, 0.1, 0.11, 0.11, 0.12, 0.04, 0.03, 0.02, -0.36, -0.35, -0.34, -0.33, -0.33, -0.33, -0.34, -0.36, -0.13, -0.03, 0.1, 0.11, 0.1, 0.1, 0.11, 0.12, 0.12, -0.4, -0.39, -0.39, -0.38, -0.38, -0.38, -0.37, -0.37, -0.36, -0.36, -0.38, -0.4, -0.04, 0.01, 0.05, 0.11, 0.06, 0.14, 0.14, 0.13, -0.41, -0.41, -0.41, -0.41, -0.41, -0.41, -0.4, -0.39, -0.37, -0.34, -0.4, -0.42, -0.41, 0.01, 0.05, 0.08, 0.15, 0.19, 0.15, 0.14, -0.42, -0.42, -0.43, -0.43, -0.43, -0.44, -0.44, -0.43, -0.4, -0.37, -0.44, -0.47, -0.45, 0.0, 0.04, -0.03, 0.04, 0.06, 0.15, 0.14, -0.44, -0.44, -0.44, -0.45, -0.46, -0.47, -0.48, -0.48, -0.49, -0.51, -0.54, -0.54, -0.51, -0.27, -0.17, -0.09, -0.03, -0.01, -0.01, -0.03, -0.45, -0.45, -0.46, -0.47, -0.48, -0.5, -0.52, -0.55, -0.59, -0.66, -0.69, -0.6, -0.51, -0.42, -0.23, -0.15, -0.1, -0.07, -0.06, -0.07, -0.46, -0.47, -0.48, -0.49, -0.5, -0.52, -0.55, -0.6, -0.67, -0.79, -0.89, -0.71, -0.57, -0.47, -0.29, -0.21, -0.15, -0.12, -0.11, -0.1, -0.47, -0.48, -0.49, -0.5, -0.52, -0.54, -0.58, -0.62, -0.66, -0.77, -0.83, -0.71, -0.59, -0.49, -0.33, -0.25, -0.2, -0.16, -0.14, -0.13, -0.48, -0.49, -0.5, -0.51, -0.53, -0.55, -0.59, -0.63, -0.64, -0.69, -0.7, -0.65, -0.57, -0.5, -0.35, -0.28, -0.23, -0.2, -0.17, -0.16, -0.48, -0.49, -0.51, -0.52, -0.54, -0.56, -0.59, -0.57, -0.6, -0.63, -0.63, -0.6, -0.55, -0.49, -0.36, -0.3, -0.26, -0.22, -0.2, -0.18]}, {"header": {"refTime": "2023-09-04T01:00:00.000Z", "nx": 21, "ny": 33, "lo1": 113.509, "la1": 22.2235, "lo2": 113.5947, "la2": 22.1034, "dx": 0.0042850000000001385, "dy": 0.003753125000000024, "parameterCategory": 0, "parameterCategoryName": "Temperature", "parameterNumber": 0}, "data": [[28.08, 28.08, 28.09, 28.07, 28.07, 28.43, 28.42, 28.41, 28.42, 28.4, 28.45, 28.5, 28.8, 28.84, 28.85, 28.86, 29.05, 29.04, 29.04, 29.03], [28.08, 28.08, 28.09, 28.09, 28.07, 28.08, 28.4, 28.37, 28.36, 28.37, 28.46, 28.53, 28.84, 28.87, 28.88, 29.06, 29.05, 29.04, 29.03, 29.03], [28.07, 28.08, 28.08, 28.09, 28.07, 28.08, 28.1, 28.33, 28.24, 28.35, 28.47, 28.59, 28.91, 28.93, 29.08, 29.06, 29.04, 29.03, 29.02, 29.02], [28.07, 28.07, 28.08, 28.08, 28.09, 28.08, 28.09, 28.11, 28.13, 28.37, 28.52, 28.69, 29.01, 28.91, 29.09, 29.06, 29.03, 29.02, 29.01, 29.01], [28.06, 28.06, 28.07, 28.07, 28.08, 28.06, 28.07, 28.08, 28.07, 28.4, 28.54, 28.93, 29.14, 28.96, 29.09, 29.04, 29.02, 29.0, 29.0, 29.0], [28.06, 28.06, 28.06, 28.06, 28.07, 28.08, 28.06, 28.05, 28.04, 28.01, 28.62, 28.82, 29.0, 29.17, 29.07, 29.02, 28.99, 28.97, 28.98, 28.99], [27.99, 28.05, 28.05, 28.05, 28.05, 28.06, 27.97, 28.05, 28.03, 28.12, 28.14, 28.64, 29.07, 29.1, 29.04, 29.0, 28.95, 28.93, 28.97, 29.0], [27.99, 27.98, 27.98, 27.99, 27.99, 27.96, 27.98, 28.02, 28.11, 28.08, 27.95, 28.56, 28.57, 29.1, 28.9, 28.9, 28.9, 28.9, 28.9, 28.9], [28.01, 28.01, 27.98, 27.97, 27.97, 27.98, 28.0, 27.99, 28.0, 28.14, 28.22, 28.38, 28.46, 28.36, 28.9, 28.9, 28.9, 28.9, 28.9, 28.9], [27.9, 27.9, 27.9, 27.99, 27.98, 27.95, 27.97, 28.0, 27.93, 27.95, 28.47, 28.28, 28.34, 28.32, 28.9, 28.9, 28.9, 28.9, 28.9, 28.9], [27.9, 27.9, 27.9, 27.9, 27.9, 27.9, 27.9, 27.9, 27.97, 28.0, 27.8, 28.22, 28.27, 28.27, 28.9, 28.9, 28.9, 28.9, 28.9, 28.9], [27.9, 27.9, 27.9, 27.9, 27.9, 27.9, 27.9, 27.9, 27.9, -999.0, 27.8, 28.9, 28.9, 28.24, 28.9, 28.9, 28.9, 27.93, 27.96, 27.96], [27.9, 27.9, 27.9, 27.9, 27.9, 27.9, 27.9, 27.9, 27.9, 27.9, -999.0, 28.9, 28.9, 27.79, 28.28, 28.28, 28.29, 28.08, 28.11, 28.13], [27.9, 27.9, 27.9, 27.9, 27.9, 27.9, 27.9, 27.9, 27.9, 27.9, -999.0, 27.2, 27.2, 27.2, 28.13, 28.14, 28.17, 27.95, 28.0, 28.03], [27.9, 27.9, 27.9, 27.9, 27.9, 27.9, 27.9, 27.5, 27.5, 27.5, 27.5, 27.38, 27.2, 27.2, 27.2, 27.98, 28.03, 27.83, 27.89, 27.94], [27.9, 27.9, 27.65, 27.64, 27.64, 27.5, 27.5, 27.5, 27.5, 27.5, 27.31, 27.33, 27.3, 27.28, 27.31, 27.35, 27.37, 27.33, 27.75, 27.79], [27.64, 27.64, 27.76, 27.75, 27.5, 27.5, 27.5, 27.5, 27.5, 27.5, 27.37, 27.33, 27.29, 27.26, 27.28, 27.25, 27.26, 27.28, 27.29, 27.29], [27.76, 27.75, 27.75, 27.73, 27.5, 27.5, 27.5, 27.5, 27.5, 27.42, 27.38, 27.34, 27.29, 27.28, 27.21, 27.24, 27.27, 27.28, 27.29, 27.3], [27.75, 27.74, 27.73, 27.5, 27.5, 27.5, 27.5, 27.5, 27.47, 27.44, 27.43, 27.4, 27.35, 27.31, 27.24, 27.26, 27.28, 27.29, 27.3, 27.3], [27.74, 27.74, 27.56, 27.55, 27.55, 27.55, 27.54, 27.52, 27.48, 27.47, 27.44, 27.41, 27.38, 27.36, 27.27, 27.28, 27.3, 27.31, 27.31, 27.31], [27.56, 27.56, 27.56, 27.54, 27.54, 27.54, 27.53, 27.53, 27.48, 27.47, 27.45, 27.43, 27.4, 27.29, 27.3, 27.31, 27.32, 27.32, 27.32, 27.32], [27.55, 27.55, 27.55, 27.54, 27.54, 27.54, 27.54, 27.64, 27.48, 27.48, 27.47, 27.45, 27.46, 27.31, 27.32, 27.34, 27.35, 27.34, 27.33, 27.32], [27.55, 27.55, 27.55, 27.69, 27.68, 27.68, 27.67, 27.66, 27.66, 27.67, 27.68, 27.57, 27.45, 27.32, 27.34, 27.36, 27.39, 27.37, 27.33, 27.32], [27.71, 27.71, 27.7, 27.7, 27.7, 27.69, 27.69, 27.68, 27.67, 27.67, 27.68, 27.72, 27.46, 27.43, 27.42, 27.37, 27.48, 27.34, 27.32, 27.32], [27.72, 27.72, 27.71, 27.71, 27.71, 27.71, 27.7, 27.69, 27.66, 27.64, 27.69, 27.73, 27.74, 27.43, 27.41, 27.39, 27.3, 27.24, 27.3, 27.31], [27.72, 27.73, 27.73, 27.73, 27.73, 27.73, 27.72, 27.71, 27.68, 27.66, 27.73, 27.76, 27.77, 27.43, 27.4, 27.45, 27.4, 27.37, 27.3, 27.31], [27.73, 27.73, 27.74, 27.74, 27.74, 27.75, 27.75, 27.75, 27.75, 27.76, 27.8, 27.81, 27.8, 27.62, 27.55, 27.49, 27.45, 27.43, 27.43, 27.45], [27.74, 27.74, 27.75, 27.75, 27.76, 27.77, 27.78, 27.79, 27.82, 27.88, 27.9, 27.8, 27.73, 27.66, 27.59, 27.54, 27.5, 27.48, 27.47, 27.47], [27.75, 27.75, 27.76, 27.76, 27.77, 27.78, 27.8, 27.83, 27.88, 27.97, 28.02, 27.88, 27.78, 27.7, 27.63, 27.57, 27.54, 27.51, 27.5, 27.5], [27.75, 27.76, 27.76, 27.77, 27.78, 27.8, 27.82, 27.85, 27.85, 27.93, 27.97, 27.88, 27.79, 27.72, 27.65, 27.6, 27.57, 27.54, 27.53, 27.52], [27.76, 27.76, 27.77, 27.78, 27.79, 27.8, 27.82, 27.85, 27.83, 27.87, 27.88, 27.84, 27.78, 27.72, 27.67, 27.62, 27.59, 27.57, 27.55, 27.54], [27.76, 27.77, 27.77, 27.78, 27.79, 27.81, 27.83, 27.78, 27.8, 27.82, 27.82, 27.8, 27.76, 27.72, 27.68, 27.64, 27.61, 27.58, 27.57, 27.56]]}]