gis_exercise/awsData/contour/wdir_2023091008.json
[{"header": {"refTime": "2023-09-10T08:00:00.000Z", "nx": 21, "ny": 33, "lo1": 113.509, "la1": 22.2235, "lo2": 113.5947, "la2": 22.1034, "dx": 0.0042850000000001385, "dy": 0.003753125000000024, "parameterCategory": 2, "parameterCategoryName": "Temperature", "parameterNumber": 2}, "data": [-2.09, -2.11, -2.13, -2.53, -2.52, -2.91, -2.87, -2.85, -2.85, -2.81, -2.9, -2.99, -3.46, -3.52, -4.55, -4.71, -5.3, -5.38, -5.44, -5.48, -2.08, -2.1, -2.12, -2.15, -2.52, -2.51, -2.83, -2.76, -2.72, -2.75, -2.9, -3.03, -3.52, -3.58, -4.6, -5.21, -5.34, -5.44, -5.51, -5.55, -2.06, -2.08, -2.11, -2.14, -2.53, -2.52, -2.5, -2.69, -2.47, -2.7, -2.93, -3.12, -3.61, -3.65, -5.05, -5.24, -5.42, -5.54, -5.62, -5.64, -2.04, -2.06, -2.09, -2.12, -2.16, -2.53, -2.52, -2.48, -2.46, -2.77, -3.01, -3.27, -3.75, -3.74, -5.02, -5.31, -5.55, -5.7, -5.76, -5.76, -2.02, -2.03, -2.05, -2.09, -2.13, -2.56, -2.55, -2.54, -2.52, -2.86, -3.07, -3.74, -3.94, -3.79, -5.04, -5.43, -5.76, -5.95, -5.97, -5.91, -1.99, -1.99, -2.01, -2.04, -2.09, -2.16, -2.59, -2.59, -2.58, -2.55, -3.42, -3.65, -3.83, -4.55, -5.12, -5.63, -6.13, -6.34, -6.22, -6.06, -3.06, -1.95, -1.95, -1.97, -2.02, -2.11, -2.25, -2.67, -2.66, -2.88, -2.9, -3.51, -4.62, -4.73, -5.22, -5.83, -6.63, -6.93, -6.82, -6.63, -3.06, -3.0, -2.92, -3.03, -3.0, -2.01, -2.2, -2.5, -2.89, -2.81, -2.61, -4.09, -4.38, -4.94, -6.0, -6.41, -6.91, -7.1, -6.82, -6.64, -3.07, -2.99, -2.89, -2.77, -2.81, -2.85, -3.06, -2.29, -3.46, -2.92, -3.9, -4.58, -5.33, -4.97, -6.01, -6.3, -6.6, -6.73, -6.67, -6.57, -4.21, -4.09, -3.92, -2.7, -2.4, -2.35, -2.91, -3.51, -4.1, -3.92, -4.35, -4.92, -5.57, -5.11, -6.03, -6.21, -6.39, -6.5, -6.51, -6.48, -4.25, -4.14, -3.96, -3.65, -2.99, -1.05, -3.53, -4.85, -4.55, -4.59, -5.43, -4.79, -5.0, -4.94, -6.04, -6.15, -6.27, -6.36, -6.39, -6.39, -4.31, -4.23, -4.11, -3.91, -3.59, -3.44, -4.43, -5.67, -6.16, -6.74, -5.66, -5.98, -5.92, -4.79, -6.04, -6.12, -6.2, -5.86, -5.87, -5.86, -4.4, -4.35, -4.31, -4.28, -4.35, -4.75, -5.4, -5.79, -6.05, -5.67, -6.68, -6.04, -5.96, -4.64, -4.55, -5.5, -5.53, -5.57, -5.62, -5.64, -4.48, -4.48, -4.5, -4.58, -4.79, -5.27, -6.02, -5.68, -5.66, -5.54, -6.67, -5.55, -5.33, -5.14, -4.27, -5.13, -5.2, -5.28, -5.36, -5.43, -4.57, -4.59, -4.64, -4.75, -4.95, -5.25, -5.5, -5.46, -5.28, -5.1, -4.95, -3.61, -5.0, -4.75, -4.6, -4.7, -4.83, -4.98, -5.12, -5.23, -4.63, -4.67, -3.01, -3.14, -3.31, -5.0, -4.95, -4.8, -4.63, -4.53, -3.36, -3.28, -3.18, -3.0, -3.0, -3.67, -3.8, -3.92, -4.31, -4.44, -2.83, -2.87, -2.92, -2.98, -4.61, -4.48, -4.26, -3.97, -3.78, -3.83, -2.95, -3.0, -2.97, -2.88, -2.55, -2.87, -2.97, -3.04, -3.1, -3.13, -2.78, -2.8, -2.81, -2.81, -4.26, -4.0, -3.57, -2.98, -2.68, -2.23, -2.48, -2.78, -2.83, -2.52, -2.58, -2.84, -2.98, -3.07, -3.12, -3.16, -2.73, -2.73, -2.71, -4.21, -3.99, -3.64, -3.06, -2.11, -1.11, -1.85, -1.95, -2.21, -2.38, -2.53, -2.82, -2.92, -3.04, -3.12, -3.17, -3.19, -2.68, -2.66, -3.56, -3.44, -3.26, -2.99, -2.58, -1.99, -1.32, -1.7, -2.05, -2.27, -2.4, -2.56, -3.01, -3.07, -3.15, -3.2, -3.22, -3.23, -3.66, -3.6, -3.52, -3.41, -3.26, -3.05, -2.78, -2.51, -1.89, -2.06, -2.26, -2.41, -2.46, -3.13, -3.16, -3.21, -3.27, -3.29, -3.29, -3.28, -3.64, -3.58, -3.51, -3.42, -3.31, -3.18, -3.05, -2.19, -2.38, -2.47, -2.56, -2.61, -3.7, -3.22, -3.28, -3.35, -3.4, -3.39, -3.35, -3.31, -3.63, -3.58, -3.53, -2.33, -2.35, -2.39, -2.46, -2.56, -2.68, -2.76, -2.73, -3.28, -3.86, -3.29, -3.36, -3.46, -3.58, -3.49, -3.38, -3.33, -2.34, -2.36, -2.38, -2.41, -2.46, -2.55, -2.68, -2.87, -3.12, -3.24, -3.08, -3.7, -3.87, -3.79, -3.72, -3.5, -3.87, -3.43, -3.35, -3.33, -2.37, -2.4, -2.43, -2.48, -2.54, -2.65, -2.81, -3.08, -3.53, -3.9, -3.37, -3.66, -3.6, -3.78, -3.7, -3.62, -3.33, -3.16, -3.29, -3.31, -2.4, -2.43, -2.46, -2.51, -2.59, -2.69, -2.85, -3.09, -3.5, -3.82, -3.72, -3.52, -3.48, -3.79, -3.69, -3.21, -3.22, -3.19, -3.29, -3.3, -2.42, -2.44, -2.48, -2.53, -2.59, -2.68, -2.79, -2.93, -3.08, -3.1, -3.33, -3.26, -3.3, -2.88, -3.01, -3.1, -3.15, -3.16, -3.16, -3.16, -2.43, -2.45, -2.49, -2.53, -2.58, -2.63, -2.69, -2.73, -2.71, -2.93, -2.78, -2.69, -2.78, -2.83, -2.91, -3.01, -3.07, -3.1, -3.12, -3.12, -2.43, -2.46, -2.48, -2.51, -2.55, -2.58, -2.59, -2.57, -2.46, -2.46, -2.03, -2.43, -2.65, -2.76, -2.83, -2.94, -3.0, -3.05, -3.07, -3.08, -2.43, -2.45, -2.47, -2.5, -2.52, -2.53, -2.52, -2.47, -2.6, -2.32, -2.15, -2.39, -2.59, -2.71, -2.77, -2.87, -2.95, -2.99, -3.02, -3.04, -2.43, -2.45, -2.46, -2.48, -2.49, -2.49, -2.47, -2.43, -2.62, -2.48, -2.42, -2.5, -2.61, -2.7, -2.74, -2.83, -2.9, -2.95, -2.98, -3.01, -2.43, -2.44, -2.45, -2.46, -2.47, -2.46, -2.44, -2.75, -2.66, -2.59, -2.56, -2.59, -2.65, -2.71, -2.72, -2.8, -2.87, -2.92, -2.95, -2.98]}, {"header": {"refTime": "2023-09-10T08:00:00.000Z", "nx": 21, "ny": 33, "lo1": 113.509, "la1": 22.2235, "lo2": 113.5947, "la2": 22.1034, "dx": 0.0042850000000001385, "dy": 0.003753125000000024, "parameterCategory": 2, "parameterCategoryName": "Temperature", "parameterNumber": 3}, "data": [-0.27, -0.26, -0.25, 0.34, 0.31, 0.53, 0.47, 0.42, 0.42, 0.5, 0.63, 0.76, 1.23, 1.31, 1.58, 1.66, 2.42, 2.45, 2.47, 2.48, -0.28, -0.27, -0.25, -0.23, 0.32, 0.27, 0.42, 0.3, 0.24, 0.39, 0.62, 0.81, 1.29, 1.38, 1.64, 2.39, 2.44, 2.47, 2.49, 2.5, -0.29, -0.28, -0.26, -0.24, 0.34, 0.29, 0.2, 0.21, -0.13, 0.3, 0.66, 0.92, 1.41, 1.47, 2.34, 2.4, 2.46, 2.5, 2.52, 2.53, -0.31, -0.29, -0.27, -0.24, -0.21, 0.33, 0.26, 0.15, 0.05, 0.45, 0.79, 1.1, 1.58, 1.79, 2.33, 2.42, 2.49, 2.54, 2.56, 2.56, -0.33, -0.31, -0.29, -0.26, -0.22, 0.39, 0.37, 0.33, 0.32, 0.68, 0.94, 1.78, 1.86, 1.81, 2.33, 2.46, 2.56, 2.61, 2.62, 2.6, -0.35, -0.34, -0.32, -0.29, -0.24, -0.16, 0.47, 0.49, 0.51, 0.53, 1.61, 1.74, 1.83, 2.25, 2.37, 2.52, 2.66, 2.72, 2.69, 2.65, 0.68, -0.38, -0.37, -0.35, -0.29, -0.18, 0.25, 0.62, 0.66, 1.12, 1.21, 1.72, 2.36, 2.37, 2.43, 2.59, 2.8, 2.88, 2.86, 2.81, 0.67, 0.62, 0.55, 0.47, 0.47, -0.04, 0.18, 0.49, 0.91, 1.07, 1.0, 2.09, 2.28, 2.49, 2.8, 2.87, 2.94, 2.97, 2.93, 2.9, 0.67, 0.6, 0.51, 0.39, 0.28, 0.32, 0.56, 0.28, 1.27, 1.15, 1.82, 2.25, 2.59, 2.42, 2.82, 2.86, 2.9, 2.92, 2.91, 2.89, 1.39, 1.29, 1.14, 0.31, 0.02, -0.15, 0.34, 0.88, 1.68, 1.59, 2.06, 2.36, 2.65, 2.46, 2.83, 2.85, 2.87, 2.88, 2.89, 2.88, 1.43, 1.33, 1.18, 0.91, 0.35, -1.31, 0.78, 1.85, 1.63, 1.99, 2.5, 2.29, 2.4, 2.38, 2.83, 2.84, 2.85, 2.86, 2.87, 2.87, 1.48, 1.42, 1.31, 1.15, 0.88, 0.75, 1.56, 2.49, 2.84, 3.36, 2.63, 2.96, 2.93, 2.3, 2.83, 2.84, 2.84, 2.28, 2.28, 2.27, 1.56, 1.53, 1.5, 1.48, 1.55, 1.92, 2.5, 2.67, 2.79, 2.53, 3.33, 2.99, 2.96, 2.02, 1.96, 2.11, 2.11, 2.12, 2.14, 2.15, 1.64, 1.64, 1.66, 1.74, 1.95, 2.41, 3.18, 2.7, 2.57, 2.46, 3.34, 2.37, 2.22, 2.08, 1.73, 1.88, 1.91, 1.95, 1.99, 2.03, 1.71, 1.73, 1.79, 1.89, 2.08, 2.37, 2.6, 3.24, 3.19, 3.14, 3.11, 1.96, 1.98, 1.81, 1.7, 1.61, 1.68, 1.77, 1.84, 1.91, 1.77, 1.8, 1.55, 1.66, 1.8, 3.15, 3.14, 3.1, 3.06, 3.03, 2.03, 1.81, 1.56, 1.26, 1.16, 1.36, 1.5, 1.65, 1.78, 1.89, 1.5, 1.55, 1.62, 1.7, 3.06, 3.04, 2.99, 2.93, 2.89, 2.9, 1.94, 1.7, 1.39, 1.04, 0.84, 0.85, 1.06, 1.22, 1.33, 1.41, 1.55, 1.6, 1.66, 1.73, 2.99, 2.94, 2.85, 2.73, 2.67, 2.12, 1.92, 1.64, 1.3, 0.85, 0.36, 0.79, 1.08, 1.27, 1.38, 1.46, 1.58, 1.63, 1.68, 2.98, 2.94, 2.86, 2.75, 2.56, 2.25, 2.12, 1.29, 1.03, 1.35, 1.05, 0.75, 0.96, 1.21, 1.37, 1.47, 1.53, 1.6, 1.65, 2.08, 2.08, 2.07, 2.07, 2.09, 2.13, 1.85, 1.55, 1.25, 1.02, 1.52, 1.37, 1.14, 1.26, 1.42, 1.53, 1.59, 1.62, 2.01, 2.0, 1.99, 1.98, 1.96, 1.95, 1.94, 1.95, 1.45, 1.31, 1.13, 0.98, 1.7, 1.38, 1.44, 1.55, 1.66, 1.72, 1.72, 1.71, 1.95, 1.93, 1.9, 1.88, 1.84, 1.8, 1.76, 1.18, 1.14, 1.06, 0.97, 0.89, 1.14, 1.57, 1.68, 1.81, 1.92, 1.91, 1.85, 1.79, 1.89, 1.86, 1.82, 0.99, 0.99, 0.99, 0.97, 0.93, 0.86, 0.81, 0.8, 1.55, 1.44, 1.71, 1.84, 2.03, 2.22, 2.1, 1.93, 1.84, 0.94, 0.93, 0.93, 0.92, 0.9, 0.87, 0.81, 0.72, 0.61, 0.54, 0.6, 0.91, 1.38, 1.63, 1.86, 2.12, 2.67, 2.05, 1.91, 1.85, 0.9, 0.89, 0.88, 0.85, 0.82, 0.77, 0.7, 0.58, 0.4, 0.26, 0.44, 0.81, 1.09, 1.58, 1.8, 1.96, 1.92, 1.68, 1.84, 1.83, 0.87, 0.85, 0.83, 0.8, 0.76, 0.71, 0.63, 0.52, 0.37, 0.25, 0.52, 0.76, 1.01, 1.53, 1.71, 1.86, 1.85, 1.81, 1.82, 1.82, 0.84, 0.82, 0.8, 0.77, 0.72, 0.67, 0.6, 0.52, 0.44, 0.41, 0.58, 0.73, 0.94, 1.52, 1.66, 1.75, 1.79, 1.8, 1.8, 1.8, 0.82, 0.8, 0.77, 0.74, 0.7, 0.65, 0.59, 0.53, 0.48, 0.54, 0.56, 0.39, 0.44, 0.51, 1.55, 1.66, 1.72, 1.75, 1.76, 1.77, 0.8, 0.78, 0.75, 0.72, 0.68, 0.64, 0.59, 0.54, 0.49, 0.5, 0.35, 0.39, 0.43, 0.49, 1.47, 1.58, 1.65, 1.69, 1.71, 1.73, 0.78, 0.76, 0.74, 0.71, 0.67, 0.63, 0.59, 0.55, 0.37, 0.37, 0.36, 0.39, 0.43, 0.48, 1.4, 1.51, 1.59, 1.64, 1.67, 1.69, 0.77, 0.75, 0.73, 0.7, 0.67, 0.64, 0.6, 0.56, 0.38, 0.38, 0.39, 0.41, 0.44, 0.48, 1.37, 1.47, 1.54, 1.59, 1.63, 1.65, 0.77, 0.75, 0.72, 0.7, 0.67, 0.64, 0.61, 0.4, 0.4, 0.4, 0.41, 0.43, 0.45, 0.48, 1.36, 1.44, 1.51, 1.56, 1.59, 1.62]}, {"header": {"refTime": "2023-09-10T08:00:00.000Z", "nx": 21, "ny": 33, "lo1": 113.509, "la1": 22.2235, "lo2": 113.5947, "la2": 22.1034, "dx": 0.0042850000000001385, "dy": 0.003753125000000024, "parameterCategory": 0, "parameterCategoryName": "Temperature", "parameterNumber": 0}, "data": [[25.02, 25.01, 25.01, 24.9, 24.9, 24.99, 24.99, 24.98, 24.99, 25.03, 25.06, 25.09, 25.15, 25.17, 25.21, 25.22, 25.34, 25.34, 25.34, 25.34], [25.02, 25.02, 25.01, 25.0, 24.9, 24.9, 24.98, 24.97, 24.96, 25.0, 25.05, 25.1, 25.17, 25.18, 25.22, 25.33, 25.34, 25.34, 25.34, 25.34], [25.03, 25.02, 25.02, 25.01, 24.9, 24.9, 24.9, 24.95, 24.91, 24.99, 25.06, 25.12, 25.19, 25.2, 25.33, 25.33, 25.34, 25.34, 25.34, 25.35], [25.03, 25.03, 25.02, 25.01, 25.0, 24.9, 24.9, 24.9, 24.9, 25.01, 25.09, 25.17, 25.22, 25.3, 25.33, 25.34, 25.34, 25.35, 25.35, 25.35], [25.04, 25.04, 25.03, 25.02, 25.01, 24.9, 24.9, 24.9, 24.9, 25.13, 25.13, 25.3, 25.3, 25.3, 25.33, 25.34, 25.35, 25.35, 25.36, 25.35], [25.05, 25.05, 25.04, 25.04, 25.03, 25.01, 24.9, 24.9, 24.9, 24.9, 25.3, 25.3, 25.3, 25.3, 25.33, 25.35, 25.36, 25.37, 25.36, 25.36], [25.12, 25.06, 25.06, 25.05, 25.05, 25.03, 25.1, 24.9, 24.9, 25.1, 25.06, 25.3, 25.3, 25.3, 25.33, 25.35, 25.37, 25.38, 25.38, 25.38], [25.13, 25.13, 25.13, 25.13, 25.12, 25.1, 25.05, 25.01, 24.95, 25.09, 25.07, 25.3, 25.3, 25.3, 25.36, 25.35, 25.37, 25.38, 25.37, 25.36], [25.07, 25.08, 25.15, 25.15, 25.16, 25.14, 25.09, 25.02, 24.9, 25.11, 25.3, 25.3, 25.3, 25.3, 25.36, 25.35, 25.36, 25.37, 25.36, 25.36], [25.3, 25.3, 25.3, 25.11, 25.14, 25.21, 25.16, 25.09, 24.9, 24.9, 25.3, 25.3, 25.3, 25.3, 25.36, 25.34, 25.35, 25.36, 25.36, 25.35], [25.3, 25.3, 25.3, 25.3, 25.3, 25.3, 25.3, 25.3, 25.16, 24.9, -999.0, 25.3, 25.3, 25.3, 25.36, 25.34, 25.35, 25.35, 25.35, 25.35], [25.3, 25.3, 25.3, 25.3, 25.3, 25.3, 25.3, 25.3, 25.3, -999.0, -999.0, 25.3, 25.3, 25.3, 25.36, 25.34, 25.34, 24.72, 24.73, 24.74], [25.3, 25.3, 25.3, 25.3, 25.3, 25.3, 25.3, 25.3, 25.3, 25.3, -999.0, 25.3, 25.3, 24.58, 24.9, 24.96, 24.97, 24.82, 24.85, 24.86], [25.3, 25.3, 25.3, 25.3, 25.3, 25.3, 25.3, 25.3, 25.3, 25.3, -999.0, 24.2, 24.2, 24.2, 24.8, 24.86, 24.88, 24.73, 24.76, 24.79], [25.3, 25.3, 25.3, 25.3, 25.3, 25.3, 25.3, 25.2, 25.2, 25.2, 25.2, 24.82, 24.2, 24.2, 24.2, 24.75, 24.79, 24.65, 24.69, 24.73], [25.3, 25.3, 25.24, 25.24, 25.23, 25.2, 25.2, 25.2, 25.2, 25.2, 24.57, 24.64, 24.55, 24.46, 24.56, 24.57, 24.62, 24.52, 24.78, 24.83], [25.24, 25.24, 25.26, 25.26, 25.2, 25.2, 25.2, 25.2, 25.2, 25.2, 24.77, 24.65, 24.52, 24.4, 24.43, 24.43, 24.51, 24.57, 24.61, 24.64], [25.26, 25.26, 25.26, 25.26, 25.2, 25.2, 25.2, 25.2, 25.2, 24.95, 24.81, 24.66, 24.51, 24.44, 24.23, 24.4, 24.51, 24.59, 24.63, 24.66], [25.26, 25.26, 25.26, 25.2, 25.2, 25.2, 25.2, 25.2, 25.11, 25.01, 24.91, 24.79, 24.65, 24.52, 24.39, 24.47, 24.56, 24.63, 24.67, 24.69], [25.26, 25.26, 25.2, 25.2, 25.2, 25.2, 25.2, 25.2, 25.11, 25.03, 24.93, 24.83, 24.72, 24.64, 24.54, 24.58, 24.64, 24.69, 24.71, 24.72], [25.2, 25.2, 25.2, 25.2, 25.2, 25.2, 25.2, 25.2, 25.04, 25.0, 24.94, 24.86, 24.78, 24.63, 24.65, 24.69, 24.73, 24.76, 24.76, 24.76], [25.2, 25.2, 25.2, 25.2, 25.2, 25.2, 25.2, 25.23, 25.03, 25.0, 24.96, 24.9, 24.85, 24.7, 24.74, 24.79, 24.83, 24.83, 24.81, 24.79], [25.2, 25.2, 25.2, 25.25, 25.25, 25.25, 25.24, 25.24, 25.24, 25.24, 25.24, 25.2, 25.05, 24.76, 24.8, 24.87, 24.93, 24.9, 24.85, 24.82], [25.26, 25.26, 25.26, 25.25, 25.25, 25.25, 25.25, 25.24, 25.24, 25.23, 25.24, 25.25, 25.06, 25.03, 25.02, 24.9, 25.06, 24.9, 24.85, 24.83], [25.26, 25.26, 25.26, 25.26, 25.26, 25.25, 25.25, 25.24, 25.23, 25.22, 25.24, 25.25, 25.26, 25.03, 25.01, 24.99, 24.87, 24.81, 24.84, 24.83], [25.26, 25.26, 25.26, 25.26, 25.26, 25.26, 25.26, 25.25, 25.24, 25.23, 25.25, 25.26, 25.27, 25.03, 25.0, 25.01, 24.96, 24.94, 24.83, 24.82], [25.27, 25.27, 25.27, 25.27, 25.27, 25.27, 25.27, 25.27, 25.26, 25.27, 25.28, 25.28, 25.28, 25.11, 25.07, 25.03, 25.0, 24.99, 24.99, 25.0], [25.27, 25.27, 25.27, 25.27, 25.27, 25.27, 25.28, 25.28, 25.29, 25.31, 25.32, 25.24, 25.19, 25.14, 25.09, 25.06, 25.03, 25.02, 25.01, 25.02], [25.27, 25.27, 25.27, 25.27, 25.28, 25.28, 25.29, 25.3, 25.32, 25.35, 25.36, 25.28, 25.21, 25.16, 25.11, 25.08, 25.06, 25.04, 25.03, 25.03], [25.27, 25.27, 25.28, 25.28, 25.28, 25.29, 25.29, 25.3, 25.26, 25.3, 25.33, 25.28, 25.22, 25.17, 25.13, 25.1, 25.08, 25.06, 25.05, 25.05], [25.27, 25.28, 25.28, 25.28, 25.28, 25.29, 25.3, 25.31, 25.25, 25.27, 25.27, 25.25, 25.21, 25.17, 25.14, 25.11, 25.09, 25.08, 25.07, 25.06], [25.28, 25.28, 25.28, 25.28, 25.29, 25.29, 25.3, 25.22, 25.23, 25.24, 25.24, 25.23, 25.2, 25.17, 25.14, 25.12, 25.1, 25.09, 25.08, 25.07]]}]