gis_exercise/awsData/contour/wdir_2023083102.json
[{"header": {"refTime": "2023-08-31T02:00:00.000Z", "nx": 21, "ny": 33, "lo1": 113.509, "la1": 22.2235, "lo2": 113.5947, "la2": 22.1034, "dx": 0.0042850000000001385, "dy": 0.003753125000000024, "parameterCategory": 2, "parameterCategoryName": "Temperature", "parameterNumber": 2}, "data": [0.41, 0.4, 0.39, 0.71, 0.68, 0.52, 0.49, 0.47, 0.47, 0.77, 0.87, 0.97, 0.78, 0.82, 0.55, 0.51, 0.67, 0.64, 0.61, 0.59, 0.42, 0.41, 0.4, 0.38, 0.68, 0.63, 0.46, 0.4, 0.36, 0.67, 0.85, 0.99, 0.83, 0.86, 0.58, 0.71, 0.66, 0.61, 0.58, 0.56, 0.42, 0.42, 0.41, 0.39, 0.69, 0.64, 0.56, 0.34, 0.15, 0.59, 0.88, 1.05, 0.9, 0.93, 0.8, 0.7, 0.63, 0.57, 0.54, 0.52, 0.43, 0.43, 0.42, 0.41, 0.39, 0.67, 0.61, 0.5, 0.41, 0.74, 0.99, 1.16, 1.03, 1.37, 0.81, 0.68, 0.57, 0.51, 0.48, 0.47, 0.44, 0.44, 0.44, 0.43, 0.42, 0.72, 0.7, 0.67, 0.68, 0.99, 1.15, 1.39, 1.39, 1.36, 0.8, 0.62, 0.48, 0.41, 0.4, 0.42, 0.46, 0.46, 0.45, 0.45, 0.45, 0.44, 0.77, 0.79, 0.85, 0.97, 1.43, 1.38, 1.36, 1.21, 0.75, 0.53, 0.33, 0.25, 0.29, 0.36, 0.56, 0.47, 0.47, 0.47, 0.48, 0.48, 0.94, 0.82, 0.89, 1.25, 1.37, 1.33, 1.1, 1.14, 0.67, 0.44, 0.13, 0.02, 0.27, 0.4, 0.56, 0.56, 0.56, 0.7, 0.7, 0.91, 0.91, 0.85, 0.77, 1.3, 1.68, 1.16, 1.07, 1.09, 0.63, 0.41, 0.13, 0.03, 0.18, 0.28, 0.56, 0.56, 0.56, 0.57, 0.7, 0.7, 0.7, 0.9, 1.01, 1.2, 1.42, 1.23, 1.19, 1.21, 0.69, 0.5, 0.32, 0.24, 0.27, 0.33, 0.65, 0.65, 0.65, 0.57, 0.58, 0.69, 0.71, 0.73, 1.09, 1.18, 1.34, 1.26, 1.23, 1.23, 0.73, 0.58, 0.45, 0.38, 0.37, 0.39, 0.65, 0.65, 0.65, 0.65, 0.64, 0.63, 0.67, 0.73, 0.8, 1.13, 1.35, 1.28, 1.26, 1.25, 0.73, 0.62, 0.53, 0.47, 0.44, 0.44, 0.65, 0.64, 0.64, 0.64, 0.64, 0.64, 0.67, 0.78, 0.84, 0.89, 1.3, 1.03, 1.04, 1.27, 0.72, 0.65, 0.58, 0.41, 0.38, 0.37, 0.65, 0.64, 0.64, 0.63, 0.62, 0.6, 0.59, 0.72, 0.8, 0.75, 0.89, 1.02, 1.03, 0.86, 0.84, 0.52, 0.47, 0.44, 0.41, 0.4, 0.64, 0.64, 0.63, 0.62, 0.61, 0.57, 0.47, 0.62, 0.7, 0.72, 0.87, 0.88, 0.86, 0.84, 0.78, 0.5, 0.47, 0.45, 0.43, 0.42, 0.64, 0.64, 0.63, 0.62, 0.61, 0.59, 0.58, 0.53, 0.56, 0.56, 0.56, 0.53, 0.8, 0.76, 0.74, 0.48, 0.47, 0.45, 0.44, 0.43, 0.64, 0.64, 0.42, 0.41, 0.41, 0.49, 0.49, 0.49, 0.5, 0.5, 0.5, 0.49, 0.47, 0.51, 0.51, 0.96, 1.05, 1.14, 0.85, 0.88, 0.41, 0.41, 0.4, 0.4, 0.47, 0.46, 0.45, 0.43, 0.43, 0.44, 0.44, 0.45, 0.44, 0.43, 0.61, 0.43, 0.45, 0.45, 0.46, 0.45, 0.4, 0.4, 0.39, 0.38, 0.45, 0.43, 0.4, 0.36, 0.33, 0.26, 0.29, 0.42, 0.42, 0.6, 0.42, 0.43, 0.45, 0.46, 0.47, 0.46, 0.39, 0.39, 0.38, 0.45, 0.43, 0.41, 0.36, 0.29, 0.19, 0.24, 0.22, 0.25, 0.73, 0.69, 0.43, 0.45, 0.48, 0.48, 0.48, 0.47, 0.39, 0.38, 0.24, 0.23, 0.23, 0.22, 0.21, 0.2, 0.19, 0.2, 0.22, 0.24, 0.82, 0.85, 0.48, 0.5, 0.52, 0.51, 0.49, 0.47, 0.23, 0.23, 0.23, 0.22, 0.22, 0.21, 0.2, 0.2, 0.19, 0.2, 0.21, 0.23, 0.93, 0.51, 0.53, 0.57, 0.58, 0.56, 0.51, 0.47, 0.23, 0.23, 0.22, 0.22, 0.21, 0.21, 0.2, 0.28, 0.19, 0.19, 0.2, 0.22, 1.02, 0.53, 0.59, 0.66, 0.7, 0.63, 0.52, 0.45, 0.22, 0.22, 0.22, 0.33, 0.32, 0.31, 0.3, 0.29, 0.28, 0.28, 0.3, 0.8, 0.4, 0.55, 0.62, 0.77, 0.96, 0.71, 0.47, 0.4, 0.36, 0.36, 0.35, 0.35, 0.34, 0.33, 0.31, 0.29, 0.27, 0.26, 0.29, 0.93, 0.38, 0.45, 0.54, 0.76, 1.64, 0.38, 0.28, 0.32, 0.37, 0.37, 0.36, 0.36, 0.35, 0.34, 0.33, 0.3, 0.24, 0.19, 0.28, 0.86, 1.1, 0.4, 0.45, 0.46, 0.1, -0.46, 0.08, 0.24, 0.38, 0.38, 0.38, 0.37, 0.37, 0.36, 0.35, 0.33, 0.27, 0.22, 0.61, 0.85, 1.06, 0.35, 0.36, 0.42, 0.19, 0.05, 0.11, 0.22, 0.39, 0.39, 0.39, 0.39, 0.39, 0.39, 0.39, 0.38, 0.37, 0.39, 0.75, 0.88, 1.04, 0.59, 0.52, 0.42, 0.31, 0.25, 0.27, 0.32, 0.4, 0.4, 0.4, 0.4, 0.41, 0.42, 0.43, 0.45, 0.49, 0.8, 0.85, 0.27, 0.08, -0.11, 0.53, 0.46, 0.39, 0.35, 0.35, 0.37, 0.4, 0.41, 0.41, 0.42, 0.43, 0.44, 0.47, 0.5, 0.57, 0.87, 0.72, 0.42, 0.17, -0.03, 0.56, 0.5, 0.45, 0.42, 0.4, 0.41, 0.41, 0.42, 0.42, 0.43, 0.44, 0.46, 0.49, 0.53, 0.37, 0.53, 0.62, 0.42, 0.2, 0.02, 0.58, 0.53, 0.49, 0.46, 0.45, 0.44, 0.42, 0.42, 0.43, 0.44, 0.46, 0.47, 0.5, 0.54, 0.32, 0.39, 0.41, 0.32, 0.17, 0.03, 0.59, 0.55, 0.52, 0.49, 0.48, 0.47, 0.42, 0.43, 0.44, 0.45, 0.46, 0.48, 0.5, 0.21, 0.25, 0.29, 0.28, 0.22, 0.13, 0.02, 0.6, 0.56, 0.54, 0.51, 0.5, 0.49]}, {"header": {"refTime": "2023-08-31T02:00:00.000Z", "nx": 21, "ny": 33, "lo1": 113.509, "la1": 22.2235, "lo2": 113.5947, "la2": 22.1034, "dx": 0.0042850000000001385, "dy": 0.003753125000000024, "parameterCategory": 2, "parameterCategoryName": "Temperature", "parameterNumber": 3}, "data": [-2.25, -2.23, -2.2, -1.97, -1.95, -1.37, -1.37, -1.37, -1.35, -1.36, -1.3, -1.23, -1.43, -1.43, -2.15, -2.33, -3.01, -3.14, -3.24, -3.31, -2.27, -2.24, -2.21, -2.18, -1.95, -1.92, -1.4, -1.42, -1.42, -1.4, -1.29, -1.18, -1.36, -1.37, -2.11, -2.85, -3.06, -3.22, -3.33, -3.4, -2.29, -2.26, -2.24, -2.2, -1.96, -1.93, -1.88, -1.46, -1.56, -1.43, -1.26, -1.1, -1.24, -1.27, -2.55, -2.88, -3.16, -3.35, -3.47, -3.52, -2.31, -2.29, -2.27, -2.23, -2.18, -1.95, -1.92, -1.85, -1.79, -1.4, -1.21, -0.95, -1.01, -1.3, -2.49, -2.96, -3.33, -3.56, -3.66, -3.68, -2.34, -2.33, -2.31, -2.28, -2.24, -1.99, -1.97, -1.95, -1.95, -1.4, -1.2, -1.17, -0.53, -1.17, -2.53, -3.16, -3.63, -3.88, -3.92, -3.86, -2.38, -2.37, -2.36, -2.34, -2.3, -2.26, -2.03, -2.04, -2.06, -2.1, -1.9, -1.53, -1.07, -2.0, -2.76, -3.47, -4.11, -4.38, -4.25, -4.06, -3.29, -2.42, -2.42, -2.41, -2.39, -2.34, -2.48, -2.1, -2.13, -2.54, -2.65, -2.23, -2.76, -2.75, -3.09, -3.81, -4.75, -5.11, -4.83, -4.56, -3.32, -3.3, -3.27, -2.86, -2.83, -2.61, -2.51, -2.34, -2.23, -2.51, -2.54, -3.58, -3.77, -3.36, -4.86, -5.12, -5.43, -5.54, -5.38, -5.26, -3.35, -3.33, -3.31, -3.28, -2.91, -2.87, -2.77, -2.45, -2.38, -2.55, -3.48, -3.94, -4.48, -4.22, -4.88, -5.06, -5.24, -5.32, -5.28, -5.22, -3.66, -3.65, -3.62, -3.34, -3.31, -3.02, -2.92, -2.81, -2.55, -2.54, -3.79, -4.2, -4.67, -4.33, -4.91, -5.01, -5.11, -5.18, -5.19, -5.16, -3.67, -3.66, -3.64, -3.6, -3.51, -3.26, -3.51, -3.53, -2.92, -2.67, -3.76, -4.1, -4.26, -4.21, -4.91, -4.97, -5.04, -5.09, -5.11, -5.11, -3.69, -3.69, -3.68, -3.66, -3.62, -3.6, -3.65, -3.5, -3.39, -3.97, -3.69, -4.16, -4.27, -4.1, -4.91, -4.95, -5.0, -5.27, -5.28, -5.28, -3.71, -3.72, -3.72, -3.74, -3.78, -3.9, -4.03, -3.7, -3.5, -3.58, -4.19, -4.05, -4.15, -4.52, -4.51, -5.16, -5.18, -5.19, -5.21, -5.22, -3.73, -3.74, -3.76, -3.8, -3.88, -4.07, -4.47, -3.97, -3.72, -3.67, -4.2, -4.23, -4.33, -4.39, -4.48, -5.06, -5.09, -5.11, -5.14, -5.16, -3.74, -3.76, -3.78, -3.83, -3.9, -4.01, -4.07, -3.96, -3.8, -3.72, -3.69, -3.64, -4.3, -4.35, -4.37, -4.95, -4.99, -5.03, -5.07, -5.1, -3.75, -3.77, -3.83, -3.87, -3.91, -3.92, -3.91, -3.83, -3.75, -3.7, -3.59, -3.69, -3.8, -4.35, -4.37, -4.72, -4.77, -4.81, -4.96, -5.01, -3.79, -3.8, -3.81, -3.83, -3.82, -3.81, -3.77, -3.71, -3.65, -3.64, -3.61, -3.72, -3.87, -4.03, -4.34, -4.65, -4.75, -4.82, -4.88, -4.91, -3.78, -3.78, -3.79, -3.79, -3.75, -3.72, -3.66, -3.57, -3.52, -3.79, -3.92, -3.74, -3.91, -4.32, -4.38, -4.62, -4.76, -4.84, -4.9, -4.94, -3.76, -3.77, -3.76, -3.73, -3.71, -3.66, -3.58, -3.46, -3.42, -3.68, -3.63, -3.76, -4.23, -4.32, -4.6, -4.7, -4.81, -4.89, -4.94, -4.97, -3.75, -3.75, -3.78, -3.76, -3.72, -3.67, -3.59, -3.49, -3.41, -3.5, -3.61, -3.73, -4.23, -4.33, -4.78, -4.83, -4.9, -4.96, -4.99, -5.01, -3.78, -3.77, -3.75, -3.72, -3.69, -3.65, -3.59, -3.54, -3.49, -3.54, -3.61, -3.69, -4.26, -4.89, -4.91, -4.95, -5.0, -5.03, -5.05, -5.06, -3.76, -3.74, -3.72, -3.7, -3.67, -3.63, -3.6, -3.09, -3.52, -3.55, -3.6, -3.66, -4.31, -4.97, -5.01, -5.05, -5.09, -5.11, -5.11, -5.1, -3.74, -3.72, -3.7, -2.98, -3.0, -3.02, -3.04, -3.06, -3.08, -3.08, -3.05, -3.83, -4.59, -5.03, -5.08, -5.13, -5.17, -5.18, -5.16, -5.14, -2.93, -2.94, -2.95, -2.96, -2.97, -2.99, -3.02, -3.06, -3.1, -3.12, -3.07, -3.46, -4.55, -4.75, -4.93, -5.17, -5.2, -5.25, -5.21, -5.17, -2.91, -2.92, -2.92, -2.93, -2.94, -2.96, -2.99, -3.05, -3.15, -3.25, -3.09, -3.38, -3.51, -4.73, -4.92, -5.07, -5.26, -5.3, -5.23, -5.18, -2.9, -2.9, -2.9, -2.9, -2.91, -2.92, -2.94, -2.99, -3.1, -3.2, -3.24, -3.26, -3.38, -4.7, -4.88, -4.78, -4.95, -5.0, -5.21, -5.18, -2.88, -2.88, -2.88, -2.87, -2.87, -2.87, -2.87, -2.88, -2.9, -2.88, -3.03, -3.08, -3.23, -4.08, -4.37, -4.6, -4.75, -4.82, -4.81, -4.77, -2.86, -2.86, -2.85, -2.84, -2.83, -2.82, -2.79, -2.76, -2.69, -2.75, -2.67, -2.86, -3.11, -3.37, -4.18, -4.41, -4.57, -4.65, -4.67, -4.67, -2.84, -2.84, -2.83, -2.81, -2.79, -2.77, -2.72, -2.65, -2.53, -2.43, -2.17, -2.62, -2.97, -3.25, -4.02, -4.25, -4.41, -4.5, -4.55, -4.57, -2.83, -2.82, -2.81, -2.79, -2.76, -2.73, -2.68, -2.6, -2.72, -2.47, -2.32, -2.62, -2.93, -3.18, -3.9, -4.12, -4.27, -4.38, -4.44, -4.47, -2.82, -2.8, -2.79, -2.77, -2.74, -2.71, -2.66, -2.59, -2.79, -2.66, -2.63, -2.76, -2.97, -3.17, -3.83, -4.03, -4.17, -4.28, -4.35, -4.39, -2.81, -2.79, -2.78, -2.76, -2.73, -2.69, -2.65, -2.95, -2.88, -2.82, -2.82, -2.9, -3.03, -3.18, -3.81, -3.97, -4.1, -4.2, -4.27, -4.32]}, {"header": {"refTime": "2023-08-31T02:00:00.000Z", "nx": 21, "ny": 33, "lo1": 113.509, "la1": 22.2235, "lo2": 113.5947, "la2": 22.1034, "dx": 0.0042850000000001385, "dy": 0.003753125000000024, "parameterCategory": 0, "parameterCategoryName": "Temperature", "parameterNumber": 0}, "data": [[27.52, 27.51, 27.51, 27.35, 27.35, 27.59, 27.58, 27.57, 27.57, 27.56, 27.6, 27.64, 27.84, 27.86, 27.82, 27.81, 27.94, 27.93, 27.92, 27.92], [27.52, 27.52, 27.51, 27.5, 27.35, 27.36, 27.56, 27.54, 27.53, 27.54, 27.6, 27.66, 27.86, 27.89, 27.84, 27.96, 27.94, 27.92, 27.91, 27.91], [27.53, 27.52, 27.52, 27.51, 27.35, 27.35, 27.36, 27.51, 27.43, 27.52, 27.62, 27.7, 27.91, 27.93, 27.98, 27.95, 27.93, 27.91, 27.9, 27.9], [27.53, 27.53, 27.52, 27.51, 27.5, 27.35, 27.36, 27.37, 27.37, 27.54, 27.65, 27.78, 27.99, 27.93, 27.99, 27.95, 27.91, 27.89, 27.89, 27.88], [27.54, 27.54, 27.53, 27.52, 27.51, 27.35, 27.35, 27.35, 27.35, 27.57, 27.67, 27.95, 28.09, 27.97, 27.98, 27.93, 27.89, 27.87, 27.86, 27.87], [27.55, 27.55, 27.54, 27.54, 27.53, 27.51, 27.35, 27.35, 27.34, 27.32, 27.73, 27.87, 27.99, 28.1, 27.96, 27.9, 27.85, 27.82, 27.83, 27.85], [27.62, 27.56, 27.56, 27.55, 27.55, 27.53, 27.45, 27.35, 27.34, 27.41, 27.42, 27.75, 28.03, 28.05, 27.94, 27.87, 27.79, 27.76, 27.79, 27.82], [27.63, 27.63, 27.63, 27.63, 27.62, 27.51, 27.47, 27.42, 27.41, 27.38, 27.3, 27.68, 27.69, 28.05, 27.77, 27.8, 27.75, 27.74, 27.76, 27.78], [27.57, 27.58, 27.65, 27.65, 27.66, 27.64, 27.59, 27.45, 27.34, 27.42, 27.47, 27.57, 27.62, 27.56, 27.78, 27.8, 27.78, 27.77, 27.77, 27.78], [27.8, 27.8, 27.8, 27.61, 27.64, 27.71, 27.66, 27.59, 27.29, 27.3, 27.63, 27.51, 27.55, 27.53, 27.78, 27.81, 27.8, 27.79, 27.79, 27.79], [27.8, 27.8, 27.8, 27.8, 27.8, 27.8, 27.8, 27.8, 27.66, 27.33, 27.2, 27.47, 27.5, 27.5, 27.78, 27.82, 27.81, 27.8, 27.8, 27.8], [27.8, 27.8, 27.8, 27.8, 27.8, 27.8, 27.8, 27.8, 27.8, -999.0, 27.2, 27.9, 27.9, 27.48, 27.78, 27.83, 27.82, 26.73, 26.76, 26.76], [27.8, 27.8, 27.8, 27.8, 27.8, 27.8, 27.8, 27.8, 27.8, 27.8, -999.0, 27.9, 27.9, 26.66, 27.21, 27.08, 27.09, 26.88, 26.91, 26.93], [27.8, 27.8, 27.8, 27.8, 27.8, 27.8, 27.8, 27.8, 27.8, 27.8, -999.0, 26.0, 26.0, 26.0, 27.04, 26.94, 26.97, 26.75, 26.8, 26.83], [27.8, 27.8, 27.8, 27.8, 27.8, 27.8, 27.8, 27.8, 27.8, 27.8, 27.8, 27.11, 26.0, 26.0, 26.0, 26.78, 26.83, 26.63, 26.69, 26.74], [27.8, 27.8, 27.8, 27.8, 27.8, 27.8, 27.8, 27.8, 27.8, 27.8, 26.67, 26.8, 26.62, 26.47, 26.64, 26.62, 26.72, 26.55, 26.9, 26.97], [27.8, 27.8, 27.8, 27.8, 27.8, 27.8, 27.8, 27.8, 27.8, 27.8, 27.03, 26.8, 26.57, 26.35, 26.4, 26.4, 26.55, 26.66, 26.74, 26.8], [27.8, 27.8, 27.8, 27.8, 27.8, 27.8, 27.8, 27.8, 27.8, 27.34, 27.1, 26.83, 26.55, 26.42, 26.06, 26.36, 26.56, 26.69, 26.78, 26.83], [27.8, 27.8, 27.8, 27.8, 27.8, 27.8, 27.8, 27.8, 27.64, 27.45, 27.3, 27.08, 26.8, 26.56, 26.33, 26.48, 26.65, 26.77, 26.84, 26.88], [27.8, 27.8, 27.86, 27.85, 27.85, 27.85, 27.84, 27.82, 27.64, 27.51, 27.34, 27.15, 26.92, 26.78, 26.6, 26.69, 26.79, 26.87, 26.92, 26.94], [27.86, 27.86, 27.86, 27.84, 27.84, 27.84, 27.83, 27.83, 27.54, 27.47, 27.36, 27.22, 27.03, 26.77, 26.81, 26.88, 26.96, 27.0, 27.01, 27.01], [27.85, 27.85, 27.85, 27.84, 27.84, 27.84, 27.84, 27.89, 27.52, 27.48, 27.4, 27.3, 27.16, 26.9, 26.97, 27.05, 27.12, 27.13, 27.1, 27.07], [27.85, 27.85, 27.85, 27.91, 27.91, 27.91, 27.9, 27.9, 27.9, 27.91, 27.91, 27.82, 27.57, 27.0, 27.08, 27.19, 27.29, 27.25, 27.17, 27.11], [27.92, 27.92, 27.92, 27.92, 27.92, 27.92, 27.92, 27.92, 27.91, 27.92, 27.92, 27.9, 27.58, 27.52, 27.48, 27.25, 27.5, 27.27, 27.18, 27.14], [27.93, 27.93, 27.93, 27.93, 27.93, 27.93, 27.93, 27.92, 27.92, 27.91, 27.93, 27.91, 27.9, 27.52, 27.47, 27.42, 27.22, 27.15, 27.16, 27.14], [27.93, 27.93, 27.93, 27.93, 27.93, 27.94, 27.94, 27.93, 27.93, 27.92, 27.93, 27.93, 27.91, 27.52, 27.47, 27.45, 27.38, 27.35, 27.15, 27.13], [27.93, 27.94, 27.94, 27.94, 27.94, 27.94, 27.95, 27.95, 27.95, 27.96, 27.95, 27.95, 27.93, 27.62, 27.55, 27.49, 27.44, 27.42, 27.42, 27.44], [27.94, 27.94, 27.94, 27.95, 27.95, 27.95, 27.96, 27.97, 27.98, 27.99, 28.0, 27.88, 27.8, 27.72, 27.59, 27.53, 27.49, 27.47, 27.46, 27.47], [27.94, 27.94, 27.95, 27.95, 27.95, 27.96, 27.97, 27.98, 28.0, 28.03, 28.04, 27.93, 27.84, 27.75, 27.62, 27.57, 27.53, 27.51, 27.5, 27.49], [27.94, 27.95, 27.95, 27.95, 27.96, 27.97, 27.98, 27.99, 27.92, 27.97, 28.0, 27.93, 27.84, 27.77, 27.65, 27.6, 27.56, 27.54, 27.52, 27.52], [27.95, 27.95, 27.95, 27.96, 27.96, 27.97, 27.98, 27.99, 27.9, 27.92, 27.93, 27.89, 27.83, 27.77, 27.67, 27.62, 27.59, 27.56, 27.55, 27.54], [27.95, 27.95, 27.96, 27.96, 27.96, 27.97, 27.98, 27.85, 27.87, 27.88, 27.88, 27.85, 27.81, 27.77, 27.67, 27.64, 27.6, 27.58, 27.57, 27.55]]}]