gis_exercise/awsData/contour/wdir_2023090411.json
[{"header": {"refTime": "2023-09-04T11:00:00.000Z", "nx": 21, "ny": 33, "lo1": 113.509, "la1": 22.2235, "lo2": 113.5947, "la2": 22.1034, "dx": 0.0042850000000001385, "dy": 0.003753125000000024, "parameterCategory": 2, "parameterCategoryName": "Temperature", "parameterNumber": 2}, "data": [-0.99, -1.02, -1.05, -1.56, -1.56, -1.18, -1.19, -1.19, -1.17, -0.88, -0.76, -0.64, -0.64, -0.6, -1.06, -1.14, -1.2, -1.28, -1.34, -1.38, -0.97, -1.0, -1.04, -1.08, -1.56, -1.56, -1.23, -1.26, -1.27, -0.97, -0.76, -0.59, -0.56, -0.52, -1.0, -1.1, -1.23, -1.33, -1.4, -1.44, -0.94, -0.97, -1.01, -1.06, -1.57, -1.57, -1.56, -1.32, -1.46, -1.05, -0.73, -0.48, -0.43, -0.41, -0.91, -1.12, -1.29, -1.41, -1.48, -1.51, -0.91, -0.94, -0.98, -1.03, -1.1, -1.58, -1.57, -1.55, -1.54, -0.93, -0.61, -0.29, -0.19, -0.16, -0.88, -1.17, -1.4, -1.54, -1.6, -1.61, -0.87, -0.89, -0.93, -0.98, -1.05, -1.6, -1.6, -1.58, -1.56, -0.76, -0.5, -0.09, 0.3, -0.09, -0.9, -1.29, -1.59, -1.75, -1.77, -1.73, -0.82, -0.83, -0.86, -0.9, -0.98, -1.09, -1.64, -1.64, -1.6, -1.52, -0.55, -0.31, -0.02, -0.59, -1.04, -1.49, -1.89, -2.06, -1.98, -1.86, -0.5, -0.76, -0.77, -0.8, -0.87, -1.0, -1.08, -1.74, -1.71, -1.46, -1.31, -0.72, -1.03, -1.04, -1.23, -1.69, -2.3, -2.53, -2.39, -2.23, -0.46, -0.45, -0.44, -1.54, -1.54, -0.73, -1.01, -1.48, -1.95, -1.43, -1.13, -1.54, -1.64, -1.43, -2.37, -2.53, -2.73, -2.81, -2.7, -2.63, -0.42, -0.39, -0.36, -0.31, -1.29, -1.35, -1.66, -1.16, -2.33, -1.48, -1.56, -1.82, -2.18, -2.01, -2.39, -2.5, -2.61, -2.66, -2.64, -2.6, -1.19, -1.12, -1.01, -0.18, -0.03, -0.74, -1.36, -2.05, -2.78, -2.59, -1.75, -2.01, -2.33, -2.09, -2.41, -2.47, -2.53, -2.57, -2.58, -2.56, -1.19, -1.12, -1.0, -0.81, -0.42, 0.78, -0.93, -2.12, -2.94, -3.13, -3.01, -1.95, -2.05, -2.01, -2.42, -2.45, -2.49, -2.52, -2.53, -2.53, -1.21, -1.15, -1.05, -0.92, -0.71, -0.63, -1.41, -2.96, -3.71, -3.57, -3.29, -3.1, -2.95, -1.94, -2.41, -2.44, -2.46, -2.65, -2.65, -2.65, -1.24, -1.2, -1.14, -1.07, -1.04, -1.11, -1.39, -2.59, -3.33, -2.77, -3.23, -3.25, -3.08, -2.14, -2.13, -2.58, -2.59, -2.59, -2.6, -2.61, -1.28, -1.25, -1.22, -1.2, -1.2, -1.18, -0.89, -1.81, -2.39, -2.42, -3.12, -3.43, -3.24, -3.11, -2.1, -2.51, -2.52, -2.54, -2.55, -2.57, -1.32, -1.31, -1.29, -1.29, -1.3, -1.31, -1.38, -1.51, -1.7, -1.72, -1.64, -1.98, -3.12, -2.97, -2.88, -2.42, -2.44, -2.47, -2.5, -2.52, -1.36, -1.36, 0.53, 0.5, 0.45, -1.12, -1.11, -1.12, -1.15, -1.18, -1.63, -1.69, -1.75, -1.36, -1.47, -1.88, -1.84, -1.8, -1.82, -1.82, 0.61, 0.6, 0.59, 0.58, -0.96, -0.86, -0.72, -0.57, -0.5, -0.59, -1.19, -1.43, -1.62, -1.77, -1.36, -1.92, -1.9, -1.89, -1.88, -1.88, 0.64, 0.65, 0.65, 0.67, -0.76, -0.57, -0.27, 0.14, 0.33, 0.55, 0.13, -1.2, -1.52, -1.33, -1.9, -1.93, -1.9, -1.88, -1.87, -1.87, 0.68, 0.69, 0.71, -0.76, -0.59, -0.33, 0.08, 0.77, 1.5, 0.82, -0.12, -0.62, -0.67, -1.12, -1.93, -1.9, -1.88, -1.86, -1.86, -1.87, 0.71, 0.72, -0.21, -0.13, -0.02, 0.16, 0.43, 0.84, 0.95, 0.37, -0.21, -0.64, -0.52, -0.82, -1.88, -1.86, -1.84, -1.84, -1.85, -1.86, -0.34, -0.31, -0.26, -0.21, -0.12, -0.0, 0.16, 0.34, 0.16, -0.1, -0.45, -0.75, -0.39, -1.85, -1.83, -1.8, -1.79, -1.8, -1.83, -1.85, -0.38, -0.36, -0.34, -0.31, -0.27, -0.23, -0.18, -0.13, -0.46, -0.61, -0.78, -0.93, -1.71, -1.82, -1.78, -1.74, -1.71, -1.75, -1.82, -1.86, -0.43, -0.43, -0.43, -0.38, -0.39, -0.43, -0.49, -0.6, -0.74, -0.84, -0.83, -0.76, -2.09, -1.81, -1.76, -1.66, -1.53, -1.68, -1.84, -1.89, -0.43, -0.44, -0.46, -0.49, -0.55, -0.64, -0.78, -1.0, -1.27, -1.41, -1.25, -1.55, -2.12, -2.01, -1.89, -1.66, -1.09, -1.89, -1.96, -1.94, -0.48, -0.5, -0.54, -0.59, -0.67, -0.78, -0.97, -1.26, -1.74, -2.13, -1.59, -1.58, -1.35, -2.05, -1.96, -1.9, -2.07, -2.42, -2.08, -1.99, -0.52, -0.55, -0.59, -0.66, -0.74, -0.86, -1.04, -1.31, -1.74, -2.07, -1.82, -1.51, -1.31, -2.09, -2.03, -1.68, -1.88, -1.98, -2.06, -2.0, -0.55, -0.59, -0.63, -0.7, -0.78, -0.88, -1.02, -1.19, -1.36, -1.4, -1.48, -1.32, -1.22, -1.34, -1.48, -1.62, -1.74, -1.8, -1.78, -1.74, -0.58, -0.61, -0.66, -0.71, -0.78, -0.86, -0.95, -1.02, -1.05, -1.19, -1.06, -1.49, -1.7, -1.9, -1.41, -1.53, -1.62, -1.68, -1.69, -1.67, -0.6, -0.63, -0.67, -0.72, -0.77, -0.83, -0.87, -0.89, -0.85, -0.85, -0.71, -1.21, -1.54, -1.78, -1.34, -1.45, -1.54, -1.59, -1.61, -1.61, -0.61, -0.64, -0.67, -0.71, -0.75, -0.79, -0.81, -0.81, -1.35, -1.05, -0.87, -1.18, -1.49, -1.71, -1.29, -1.39, -1.47, -1.52, -1.55, -1.56, -0.61, -0.64, -0.67, -0.7, -0.73, -0.76, -0.77, -0.77, -1.4, -1.26, -1.21, -1.33, -1.52, -1.7, -1.26, -1.35, -1.42, -1.47, -1.5, -1.52, -0.62, -0.64, -0.67, -0.69, -0.71, -0.73, -0.74, -1.58, -1.49, -1.42, -1.4, -1.47, -1.58, -1.71, -1.24, -1.32, -1.38, -1.43, -1.46, -1.48]}, {"header": {"refTime": "2023-09-04T11:00:00.000Z", "nx": 21, "ny": 33, "lo1": 113.509, "la1": 22.2235, "lo2": 113.5947, "la2": 22.1034, "dx": 0.0042850000000001385, "dy": 0.003753125000000024, "parameterCategory": 2, "parameterCategoryName": "Temperature", "parameterNumber": 3}, "data": [-1.59, -1.57, -1.55, -1.41, -1.39, -0.8, -0.82, -0.83, -0.81, -0.88, -0.81, -0.73, -1.11, -1.12, -2.13, -2.37, -3.3, -3.47, -3.6, -3.68, -1.6, -1.58, -1.56, -1.53, -1.39, -1.37, -0.85, -0.89, -0.91, -0.92, -0.8, -0.68, -1.03, -1.05, -2.09, -3.09, -3.36, -3.58, -3.72, -3.81, -1.62, -1.6, -1.58, -1.55, -1.4, -1.38, -1.34, -0.94, -1.09, -0.95, -0.77, -0.6, -0.9, -0.94, -2.7, -3.13, -3.49, -3.75, -3.9, -3.97, -1.63, -1.62, -1.6, -1.57, -1.53, -1.39, -1.36, -1.32, -1.28, -0.92, -0.71, -0.44, -0.64, -0.95, -2.62, -3.24, -3.72, -4.02, -4.15, -4.17, -1.66, -1.65, -1.63, -1.61, -1.57, -1.41, -1.4, -1.39, -1.4, -0.91, -0.7, -0.79, -0.06, -0.8, -2.67, -3.49, -4.12, -4.45, -4.5, -4.42, -1.69, -1.68, -1.67, -1.65, -1.62, -1.57, -1.43, -1.44, -1.47, -1.52, -1.59, -1.2, -0.69, -1.72, -2.97, -3.91, -4.75, -5.11, -4.94, -4.68, -2.05, -1.72, -1.72, -1.71, -1.68, -1.64, -1.77, -1.44, -1.47, -2.09, -2.3, -2.02, -2.62, -2.57, -3.38, -4.34, -5.6, -6.07, -5.53, -5.12, -2.07, -2.07, -2.06, -1.94, -1.92, -1.89, -1.79, -1.6, -1.54, -2.04, -2.12, -3.54, -3.8, -3.24, -5.23, -5.71, -6.3, -6.51, -6.19, -5.98, -2.09, -2.09, -2.1, -2.1, -2.0, -1.96, -1.86, -1.73, -1.58, -2.12, -3.26, -3.82, -4.33, -4.09, -5.19, -5.55, -5.91, -6.07, -6.01, -5.89, -2.24, -2.25, -2.26, -2.16, -2.19, -2.13, -2.0, -1.86, -1.67, -1.71, -3.6, -4.02, -4.46, -4.16, -5.17, -5.42, -5.66, -5.79, -5.81, -5.78, -2.24, -2.25, -2.26, -2.28, -2.32, -2.43, -2.27, -2.15, -1.86, -1.74, -3.08, -3.92, -4.08, -4.04, -5.18, -5.35, -5.51, -5.62, -5.67, -5.67, -2.24, -2.25, -2.26, -2.27, -2.29, -2.3, -2.22, -2.06, -1.99, -2.64, -2.93, -3.71, -3.88, -3.93, -5.19, -5.31, -5.42, -5.82, -5.86, -5.87, -2.24, -2.24, -2.25, -2.26, -2.26, -2.26, -2.23, -2.1, -2.03, -2.08, -2.89, -3.54, -3.71, -4.64, -4.64, -5.6, -5.66, -5.71, -5.75, -5.77, -2.24, -2.24, -2.24, -2.24, -2.25, -2.25, -2.29, -2.19, -2.12, -2.12, -2.84, -3.79, -4.0, -4.14, -4.67, -5.51, -5.56, -5.61, -5.66, -5.69, -2.23, -2.23, -2.24, -2.24, -2.24, -2.24, -2.23, -1.57, -1.41, -1.29, -1.2, -2.16, -4.06, -4.2, -4.29, -5.41, -5.47, -5.52, -5.58, -5.62, -2.23, -2.23, -1.48, -1.49, -1.49, -1.35, -1.32, -1.21, -1.09, -1.02, -1.82, -2.21, -2.66, -3.73, -3.91, -5.01, -5.03, -5.04, -5.55, -5.6, -1.38, -1.37, -1.36, -1.33, -1.12, -1.06, -0.94, -0.77, -0.67, -0.68, -1.67, -2.22, -2.85, -3.52, -4.26, -4.91, -4.9, -4.9, -4.9, -4.89, -1.31, -1.28, -1.24, -1.17, -0.93, -0.79, -0.57, -0.26, -0.11, -0.94, -1.57, -2.16, -2.93, -4.19, -4.82, -4.91, -4.9, -4.9, -4.9, -4.89, -1.24, -1.2, -1.14, -0.9, -0.78, -0.6, -0.31, 0.18, 0.45, -0.55, -1.58, -2.34, -3.39, -4.0, -4.91, -4.91, -4.9, -4.9, -4.9, -4.89, -1.18, -1.13, -1.33, -1.25, -1.12, -0.92, -0.61, -0.15, -0.14, -0.86, -1.63, -2.27, -3.27, -3.74, -4.91, -4.91, -4.91, -4.9, -4.9, -4.89, -1.46, -1.42, -1.37, -1.3, -1.2, -1.05, -0.86, -0.66, -1.03, -1.37, -1.84, -2.29, -3.21, -4.9, -4.91, -4.91, -4.91, -4.9, -4.89, -4.89, -1.48, -1.46, -1.42, -1.38, -1.32, -1.26, -1.19, -1.01, -1.66, -1.86, -2.12, -2.38, -4.53, -4.9, -4.91, -4.92, -4.93, -4.91, -4.89, -4.88, -1.52, -1.51, -1.49, -1.26, -1.27, -1.3, -1.36, -1.46, -1.6, -1.69, -1.68, -2.63, -4.33, -4.9, -4.91, -4.94, -4.97, -4.92, -4.88, -4.87, -1.31, -1.33, -1.35, -1.38, -1.43, -1.51, -1.64, -1.84, -2.1, -2.24, -2.09, -3.37, -4.3, -4.47, -4.62, -4.93, -5.09, -4.86, -4.84, -4.85, -1.36, -1.39, -1.42, -1.47, -1.54, -1.65, -1.83, -2.1, -2.54, -2.91, -2.41, -3.27, -3.41, -4.44, -4.59, -4.7, -4.8, -4.7, -4.8, -4.84, -1.41, -1.44, -1.48, -1.54, -1.62, -1.73, -1.9, -2.16, -2.55, -2.86, -3.13, -3.13, -3.26, -4.41, -4.54, -4.33, -4.45, -4.47, -4.81, -4.83, -1.44, -1.48, -1.52, -1.58, -1.66, -1.76, -1.89, -2.05, -2.22, -2.26, -2.85, -2.9, -3.07, -3.64, -3.92, -4.14, -4.27, -4.32, -4.32, -4.29, -1.47, -1.51, -1.55, -1.6, -1.67, -1.75, -1.83, -1.91, -1.94, -2.5, -2.4, -2.46, -2.68, -2.89, -3.73, -3.95, -4.1, -4.17, -4.2, -4.19, -1.49, -1.52, -1.56, -1.61, -1.66, -1.72, -1.77, -1.8, -1.78, -2.1, -1.73, -2.2, -2.53, -2.78, -3.57, -3.79, -3.94, -4.03, -4.08, -4.1, -1.5, -1.53, -1.57, -1.61, -1.65, -1.69, -1.72, -1.73, -2.33, -2.05, -1.88, -2.18, -2.48, -2.71, -3.45, -3.66, -3.81, -3.92, -3.98, -4.01, -1.51, -1.54, -1.57, -1.6, -1.63, -1.66, -1.68, -1.69, -2.38, -2.24, -2.2, -2.32, -2.51, -2.7, -3.38, -3.57, -3.72, -3.82, -3.89, -3.93, -1.51, -1.54, -1.57, -1.59, -1.62, -1.64, -1.66, -2.55, -2.46, -2.4, -2.39, -2.46, -2.58, -2.71, -3.35, -3.52, -3.65, -3.75, -3.82, -3.87]}, {"header": {"refTime": "2023-09-04T11:00:00.000Z", "nx": 21, "ny": 33, "lo1": 113.509, "la1": 22.2235, "lo2": 113.5947, "la2": 22.1034, "dx": 0.0042850000000001385, "dy": 0.003753125000000024, "parameterCategory": 0, "parameterCategoryName": "Temperature", "parameterNumber": 0}, "data": [[32.72, 32.72, 32.73, 32.5, 32.52, 32.78, 32.79, 32.8, 32.8, 32.62, 32.58, 32.56, 32.65, 32.64, 32.5, 32.47, 32.25, 32.23, 32.21, 32.2], [32.71, 32.72, 32.72, 32.73, 32.52, 32.55, 32.79, 32.81, 32.83, 32.66, 32.6, 32.56, 32.65, 32.63, 32.5, 32.27, 32.24, 32.21, 32.2, 32.19], [32.71, 32.71, 32.72, 32.73, 32.52, 32.55, 32.6, 32.83, 32.88, 32.69, 32.59, 32.55, 32.64, 32.63, 32.32, 32.27, 32.22, 32.19, 32.17, 32.17], [32.7, 32.71, 32.71, 32.72, 32.73, 32.53, 32.57, 32.63, 32.69, 32.62, 32.55, 32.54, 32.64, 32.39, 32.33, 32.25, 32.2, 32.16, 32.14, 32.14], [32.7, 32.7, 32.7, 32.71, 32.71, 32.49, 32.51, 32.53, 32.52, 32.49, 32.47, 32.41, 32.58, 32.43, 32.32, 32.22, 32.15, 32.11, 32.1, 32.11], [32.69, 32.69, 32.69, 32.69, 32.7, 32.7, 32.47, 32.46, 32.41, 32.33, 32.18, 32.32, 32.45, 32.53, 32.29, 32.17, 32.07, 32.03, 32.05, 32.08], [32.6, 32.68, 32.68, 32.68, 32.68, 32.68, 32.37, 32.44, 32.4, 32.11, 32.0, 32.17, 32.42, 32.44, 32.24, 32.12, 31.97, 31.91, 31.97, 32.02], [32.6, 32.6, 32.6, 32.6, 32.6, 32.4, 32.4, 32.44, 32.47, 32.08, 31.83, 32.05, 32.05, 32.45, 31.95, 31.99, 31.9, 31.87, 31.92, 31.96], [32.6, 32.6, 32.6, 32.6, 32.6, 32.6, 32.6, 32.4, 32.31, 32.13, 31.89, 31.97, 32.0, 31.95, 31.96, 32.01, 31.96, 31.94, 31.95, 31.97], [32.6, 32.6, 32.6, 32.6, 32.6, 32.6, 32.6, 32.6, 32.09, 32.14, 32.0, 31.92, 31.95, 31.93, 31.96, 32.03, 31.99, 31.98, 31.98, 31.98], [32.6, 32.6, 32.6, 32.6, 32.6, 32.6, 32.6, 32.6, 32.6, 32.29, 31.7, 31.89, 31.91, 31.91, 31.96, 32.04, 32.01, 32.0, 32.0, 32.0], [32.6, 32.6, 32.6, 32.6, 32.6, 32.6, 32.6, 32.6, 32.6, -999.0, 31.7, 32.2, 32.2, 31.9, 31.95, 32.05, 32.04, 31.86, 31.86, 31.86], [32.6, 32.6, 32.6, 32.6, 32.6, 32.6, 32.6, 32.6, 32.6, 32.6, -999.0, 32.2, 32.2, 32.0, 32.09, 31.84, 31.84, 31.85, 31.85, 31.85], [32.6, 32.6, 32.6, 32.6, 32.6, 32.6, 32.6, 32.6, 32.6, 32.6, -999.0, 31.9, 31.9, 31.9, 32.06, 31.84, 31.84, 31.86, 31.85, 31.85], [32.6, 32.6, 32.6, 32.6, 32.6, 32.6, 32.6, 32.5, 32.5, 32.5, 32.5, 32.27, 31.9, 31.9, 31.9, 31.85, 31.85, 31.86, 31.86, 31.86], [32.6, 32.6, 32.54, 32.54, 32.53, 32.5, 32.5, 32.5, 32.5, 32.5, 32.12, 32.17, 32.11, 32.06, 32.11, 31.31, 31.22, 31.38, 31.44, 31.41], [32.54, 32.54, 32.56, 32.56, 32.5, 32.5, 32.5, 32.5, 32.5, 32.5, 32.24, 32.17, 32.09, 32.02, 31.79, 31.68, 31.6, 31.54, 31.5, 31.47], [32.56, 32.56, 32.56, 32.56, 32.5, 32.5, 32.5, 32.5, 32.5, 32.35, 32.27, 32.18, 32.08, 31.81, 31.88, 31.7, 31.59, 31.52, 31.48, 31.45], [32.56, 32.56, 32.56, 32.5, 32.5, 32.5, 32.5, 32.5, 32.45, 32.38, 32.22, 32.14, 31.78, 31.76, 31.72, 31.63, 31.54, 31.48, 31.44, 31.43], [32.56, 32.56, 32.16, 32.17, 32.2, 32.23, 32.28, 32.4, 32.38, 32.29, 32.21, 32.14, 31.72, 31.67, 31.56, 31.51, 31.45, 31.42, 31.4, 31.4], [32.13, 32.14, 32.15, 32.25, 32.26, 32.28, 32.3, 32.33, 32.27, 32.23, 32.17, 32.13, 31.65, 31.47, 31.44, 31.39, 31.35, 31.34, 31.35, 31.36], [32.22, 32.22, 32.23, 32.23, 32.24, 32.24, 32.25, 32.38, 32.18, 32.16, 32.13, 32.11, 31.39, 31.39, 31.34, 31.28, 31.23, 31.25, 31.3, 31.34], [32.21, 32.21, 32.21, 32.41, 32.4, 32.38, 32.36, 32.34, 32.31, 32.3, 32.31, 31.66, 31.43, 31.34, 31.28, 31.17, 31.06, 31.16, 31.28, 31.33], [32.43, 32.42, 32.42, 32.41, 32.39, 32.37, 32.34, 32.29, 32.23, 32.21, 32.25, 31.78, 31.45, 31.36, 31.26, 31.15, 30.73, 31.26, 31.34, 31.35], [32.43, 32.43, 32.42, 32.41, 32.39, 32.37, 32.33, 32.26, 32.15, 32.04, 32.2, 31.85, 31.73, 31.38, 31.31, 31.26, 31.38, 31.6, 31.41, 31.37], [32.44, 32.43, 32.43, 32.42, 32.4, 32.38, 32.35, 32.29, 32.18, 32.08, 31.98, 31.94, 31.83, 31.41, 31.36, 31.51, 31.51, 31.54, 31.41, 31.38], [32.44, 32.44, 32.44, 32.43, 32.42, 32.41, 32.39, 32.36, 32.33, 32.34, 32.13, 32.08, 31.95, 31.85, 31.71, 31.61, 31.57, 31.56, 31.56, 31.56], [32.45, 32.45, 32.45, 32.44, 32.44, 32.44, 32.44, 32.45, 32.49, 32.35, 32.4, 32.54, 32.47, 32.41, 31.81, 31.71, 31.65, 31.62, 31.61, 31.6], [32.46, 32.46, 32.46, 32.46, 32.46, 32.47, 32.49, 32.53, 32.6, 32.59, 32.87, 32.67, 32.54, 32.46, 31.9, 31.79, 31.72, 31.68, 31.65, 31.64], [32.46, 32.47, 32.47, 32.47, 32.48, 32.5, 32.52, 32.57, 32.6, 32.73, 32.81, 32.68, 32.56, 32.48, 31.96, 31.85, 31.78, 31.73, 31.7, 31.68], [32.47, 32.47, 32.48, 32.49, 32.5, 32.51, 32.54, 32.58, 32.58, 32.64, 32.67, 32.62, 32.55, 32.49, 31.99, 31.9, 31.83, 31.77, 31.74, 31.72], [32.48, 32.48, 32.49, 32.49, 32.51, 32.52, 32.55, 32.51, 32.55, 32.58, 32.59, 32.57, 32.53, 32.48, 32.01, 31.92, 31.86, 31.81, 31.77, 31.75]]}]