gis_exercise/awsData/contour/wdir_2023083110.json
[{"header": {"refTime": "2023-08-31T10:00:00.000Z", "nx": 21, "ny": 33, "lo1": 113.509, "la1": 22.2235, "lo2": 113.5947, "la2": 22.1034, "dx": 0.0042850000000001385, "dy": 0.003753125000000024, "parameterCategory": 2, "parameterCategoryName": "Temperature", "parameterNumber": 2}, "data": [-0.57, -0.58, -0.6, -0.32, -0.34, -0.32, -0.34, -0.35, -0.33, 0.23, 0.4, 0.55, 0.29, 0.34, -0.36, -0.47, -0.43, -0.53, -0.6, -0.65, -0.56, -0.57, -0.59, -0.61, -0.35, -0.38, -0.39, -0.43, -0.45, 0.09, 0.37, 0.6, 0.37, 0.42, -0.3, -0.32, -0.47, -0.59, -0.68, -0.72, -0.55, -0.56, -0.58, -0.6, -0.35, -0.38, -0.43, -0.51, -0.7, -0.03, 0.42, 0.71, 0.52, 0.54, -0.1, -0.34, -0.55, -0.7, -0.79, -0.82, -0.54, -0.55, -0.57, -0.59, -0.62, -0.37, -0.41, -0.47, -0.53, 0.17, 0.59, 0.9, 0.76, 1.12, -0.06, -0.41, -0.69, -0.86, -0.94, -0.95, -0.52, -0.53, -0.54, -0.57, -0.6, -0.35, -0.37, -0.38, -0.34, 0.52, 0.8, 1.18, 1.38, 1.15, -0.09, -0.56, -0.92, -1.12, -1.15, -1.1, -0.5, -0.5, -0.51, -0.54, -0.57, -0.62, -0.36, -0.35, -0.26, -0.05, 1.01, 1.06, 1.18, 0.6, -0.23, -0.79, -1.31, -1.53, -1.42, -1.26, -0.69, -0.47, -0.47, -0.49, -0.52, -0.58, -0.14, -0.46, -0.37, 0.22, 0.49, 0.79, 0.23, 0.25, -0.44, -1.04, -1.83, -2.13, -1.76, -1.5, -0.67, -0.65, -0.63, -1.11, -1.1, -0.03, -0.16, -0.46, -0.78, 0.3, 0.99, 0.07, -0.13, -0.04, -1.23, -1.63, -2.12, -2.3, -2.03, -1.85, -0.66, -0.64, -0.6, -0.56, -0.97, -1.0, -1.14, -0.24, -0.87, 0.14, 0.35, -0.08, -0.43, -0.26, -1.18, -1.49, -1.79, -1.93, -1.87, -1.78, -1.32, -1.26, -1.18, -0.5, -0.38, -0.68, -1.03, -1.41, -1.22, -0.93, 0.1, -0.2, -0.49, -0.3, -1.15, -1.37, -1.58, -1.69, -1.71, -1.68, -1.33, -1.27, -1.19, -1.04, -0.73, 0.18, -1.06, -1.84, -2.05, -1.51, -1.08, -0.13, -0.24, -0.22, -1.15, -1.31, -1.45, -1.54, -1.59, -1.59, -1.35, -1.3, -1.24, -1.14, -0.99, -0.92, -1.46, -2.36, -2.78, -2.51, -1.41, -1.51, -1.34, -0.14, -1.16, -1.27, -1.37, -1.34, -1.37, -1.38, -1.38, -1.35, -1.32, -1.28, -1.28, -1.4, -1.66, -2.24, -2.6, -2.29, -2.24, -1.67, -1.49, -0.37, -0.35, -1.07, -1.13, -1.19, -1.23, -1.25, -1.42, -1.4, -1.39, -1.4, -1.45, -1.54, -1.58, -1.89, -2.13, -2.12, -2.23, -1.58, -1.36, -1.2, -0.27, -0.91, -0.97, -1.04, -1.09, -1.14, -1.45, -1.45, -1.45, -1.48, -1.52, -1.59, -1.68, -1.65, -1.68, -1.64, -1.56, -0.88, -1.21, -1.03, -0.91, -0.73, -0.81, -0.89, -0.97, -1.03, -1.48, -1.49, -0.24, -0.29, -0.35, -1.36, -1.35, -1.31, -1.27, -1.25, -0.73, -0.63, -0.5, 0.14, 0.13, 0.22, 0.24, 0.27, -0.19, -0.22, -0.16, -0.17, -0.19, -0.2, -1.19, -1.11, -0.99, -0.85, -0.77, -0.82, -0.42, -0.41, -0.32, -0.18, 0.44, 0.03, -0.03, -0.08, -0.12, -0.15, -0.13, -0.13, -0.13, -0.11, -1.01, -0.85, -0.61, -0.28, -0.12, 0.34, 0.23, -0.24, -0.2, 0.44, 0.22, 0.05, -0.03, -0.08, -0.13, -0.16, -0.1, -0.09, -0.07, -0.99, -0.86, -0.66, -0.33, 0.22, 0.86, 0.52, 0.58, 0.46, 0.66, 0.53, 0.06, 0.01, -0.05, -0.1, -0.15, -0.18, -0.07, -0.05, -0.12, -0.07, 0.01, 0.13, 0.3, 0.53, 0.82, 0.69, 0.55, 0.46, 0.74, 0.68, -0.02, -0.05, -0.08, -0.13, -0.17, -0.2, -0.14, -0.12, -0.08, -0.03, 0.03, 0.12, 0.24, 0.35, 0.63, 0.57, 0.49, 0.43, 0.82, -0.08, -0.08, -0.08, -0.1, -0.15, -0.2, -0.24, -0.12, -0.1, -0.06, -0.02, 0.03, 0.1, 0.16, 0.24, 0.48, 0.45, 0.41, 0.38, 0.53, -0.12, -0.1, -0.08, -0.07, -0.14, -0.24, -0.28, -0.11, -0.08, -0.05, 0.04, 0.06, 0.08, 0.09, 0.08, 0.06, 0.03, 0.0, 0.67, -0.24, -0.16, -0.13, -0.03, 0.11, -0.12, -0.32, -0.36, -0.03, -0.03, -0.02, -0.02, -0.01, -0.01, -0.02, -0.04, -0.06, -0.08, -0.1, 0.02, -0.24, -0.25, -0.23, -0.08, 0.67, -0.46, -0.52, -0.45, -0.06, -0.06, -0.07, -0.07, -0.08, -0.09, -0.11, -0.12, -0.12, -0.12, -0.16, -0.05, 0.08, -0.28, -0.31, -0.35, -0.71, -1.23, -0.7, -0.53, -0.1, -0.1, -0.11, -0.12, -0.14, -0.16, -0.18, -0.2, -0.19, -0.16, -0.18, -0.15, -0.03, -0.32, -0.37, -0.65, -0.8, -0.91, -0.66, -0.54, -0.13, -0.14, -0.15, -0.17, -0.2, -0.23, -0.26, -0.3, -0.32, -0.37, -0.34, -0.29, -0.16, -0.74, -0.7, -0.71, -0.76, -0.79, -0.78, -0.74, -0.15, -0.17, -0.19, -0.21, -0.25, -0.29, -0.34, -0.4, -0.49, -0.57, -0.63, -1.08, -1.15, -1.26, -0.76, -0.74, -0.75, -0.76, -0.75, -0.74, -0.18, -0.2, -0.22, -0.25, -0.29, -0.34, -0.4, -0.49, -0.63, -0.82, -1.2, -1.16, -1.18, -1.25, -0.8, -0.77, -0.76, -0.75, -0.75, -0.73, -0.2, -0.22, -0.25, -0.28, -0.32, -0.37, -0.44, -0.53, -1.08, -1.15, -1.19, -1.18, -1.2, -1.25, -0.82, -0.79, -0.77, -0.76, -0.75, -0.74, -0.22, -0.24, -0.27, -0.3, -0.34, -0.39, -0.45, -0.54, -1.1, -1.14, -1.16, -1.18, -1.2, -1.25, -0.83, -0.8, -0.78, -0.76, -0.75, -0.74, -0.23, -0.25, -0.28, -0.31, -0.35, -0.4, -0.45, -1.09, -1.12, -1.14, -1.16, -1.18, -1.21, -1.24, -0.84, -0.81, -0.79, -0.77, -0.76, -0.75]}, {"header": {"refTime": "2023-08-31T10:00:00.000Z", "nx": 21, "ny": 33, "lo1": 113.509, "la1": 22.2235, "lo2": 113.5947, "la2": 22.1034, "dx": 0.0042850000000001385, "dy": 0.003753125000000024, "parameterCategory": 2, "parameterCategoryName": "Temperature", "parameterNumber": 3}, "data": [-2.79, -2.76, -2.71, -2.26, -2.22, -1.82, -1.77, -1.73, -1.69, -1.44, -1.41, -1.38, -1.74, -1.75, -2.99, -3.23, -4.07, -4.23, -4.36, -4.44, -2.82, -2.78, -2.74, -2.68, -2.23, -2.17, -1.78, -1.71, -1.65, -1.45, -1.4, -1.35, -1.69, -1.72, -2.97, -3.88, -4.14, -4.34, -4.48, -4.56, -2.85, -2.82, -2.78, -2.72, -2.26, -2.2, -2.09, -1.69, -1.55, -1.46, -1.39, -1.31, -1.62, -1.66, -3.51, -3.92, -4.27, -4.52, -4.66, -4.73, -2.89, -2.86, -2.83, -2.78, -2.71, -2.26, -2.17, -2.02, -1.89, -1.46, -1.37, -1.23, -1.46, -1.7, -3.44, -4.03, -4.5, -4.79, -4.92, -4.93, -2.93, -2.92, -2.9, -2.86, -2.81, -2.36, -2.32, -2.27, -2.22, -1.48, -1.38, -1.59, -1.1, -1.61, -3.49, -4.28, -4.89, -5.22, -5.27, -5.18, -2.98, -2.97, -2.97, -2.95, -2.93, -2.9, -2.49, -2.52, -2.5, -2.43, -2.12, -1.87, -1.53, -2.49, -3.74, -4.68, -5.54, -5.9, -5.72, -5.45, -3.86, -3.04, -3.04, -3.05, -3.05, -3.04, -3.21, -2.78, -2.79, -2.93, -2.85, -2.44, -3.17, -3.17, -4.09, -5.09, -6.4, -6.89, -6.39, -5.99, -3.87, -3.86, -3.85, -3.78, -3.76, -3.29, -3.25, -3.26, -3.31, -2.87, -2.49, -3.73, -3.98, -3.73, -5.7, -6.29, -7.0, -7.26, -6.87, -6.61, -3.88, -3.87, -3.86, -3.85, -3.78, -3.77, -3.74, -3.24, -3.24, -2.98, -3.52, -4.1, -4.7, -4.41, -5.66, -6.1, -6.54, -6.73, -6.65, -6.51, -4.11, -4.1, -4.08, -3.87, -3.85, -3.8, -3.8, -3.79, -3.34, -3.22, -3.89, -4.36, -4.88, -4.52, -5.65, -5.95, -6.23, -6.39, -6.42, -6.37, -4.11, -4.1, -4.09, -4.06, -3.99, -3.81, -4.03, -4.13, -3.92, -3.44, -4.14, -4.25, -4.43, -4.38, -5.65, -5.86, -6.05, -6.18, -6.24, -6.24, -4.12, -4.11, -4.1, -4.08, -4.06, -4.04, -4.12, -4.18, -4.2, -4.57, -4.16, -4.67, -4.74, -4.25, -5.66, -5.81, -5.94, -6.45, -6.49, -6.5, -4.13, -4.13, -4.12, -4.13, -4.14, -4.19, -4.26, -4.23, -4.21, -4.2, -4.68, -4.61, -4.66, -4.99, -4.99, -6.18, -6.25, -6.32, -6.36, -6.39, -4.14, -4.14, -4.15, -4.16, -4.19, -4.26, -4.38, -4.27, -4.22, -4.2, -4.65, -4.99, -5.07, -5.12, -5.02, -6.07, -6.13, -6.19, -6.25, -6.29, -4.15, -4.15, -4.16, -4.18, -4.2, -4.24, -4.27, -4.07, -3.98, -3.92, -3.88, -4.2, -5.07, -5.12, -5.15, -5.94, -6.01, -6.08, -6.15, -6.2, -4.15, -4.16, -3.78, -3.8, -3.83, -3.95, -3.94, -3.88, -3.82, -3.79, -4.05, -4.2, -4.39, -4.84, -4.92, -5.62, -5.68, -5.73, -6.35, -6.42, -3.73, -3.74, -3.74, -3.74, -3.84, -3.8, -3.74, -3.66, -3.61, -3.61, -3.97, -4.2, -4.46, -4.73, -5.16, -5.77, -5.94, -6.07, -6.17, -6.23, -3.71, -3.7, -3.69, -3.67, -3.74, -3.67, -3.56, -3.4, -3.32, -3.65, -3.92, -4.16, -4.49, -5.12, -5.28, -5.72, -5.96, -6.11, -6.21, -6.28, -3.68, -3.67, -3.65, -3.72, -3.67, -3.57, -3.42, -3.17, -3.01, -3.47, -3.9, -4.23, -4.88, -5.1, -5.68, -5.86, -6.05, -6.19, -6.28, -6.33, -3.66, -3.64, -3.89, -3.85, -3.79, -3.69, -3.54, -3.32, -3.27, -3.59, -3.93, -4.2, -4.88, -5.08, -5.99, -6.09, -6.22, -6.31, -6.37, -6.41, -3.95, -3.93, -3.9, -3.87, -3.82, -3.75, -3.65, -3.55, -3.67, -3.82, -4.03, -4.22, -4.92, -6.19, -6.23, -6.31, -6.39, -6.45, -6.48, -6.49, -3.96, -3.94, -3.93, -3.9, -3.87, -3.84, -3.8, -3.28, -3.96, -4.05, -4.16, -4.27, -5.59, -6.34, -6.4, -6.49, -6.56, -6.59, -6.58, -6.56, -3.97, -3.97, -3.96, -3.22, -3.25, -3.3, -3.36, -3.44, -3.52, -3.56, -3.51, -4.72, -6.12, -6.45, -6.53, -6.62, -6.69, -6.71, -6.68, -6.63, -3.16, -3.18, -3.2, -3.23, -3.28, -3.34, -3.44, -3.59, -3.78, -3.86, -3.71, -4.46, -6.07, -6.3, -6.5, -6.7, -6.76, -6.82, -6.75, -6.68, -3.15, -3.17, -3.2, -3.23, -3.28, -3.35, -3.48, -3.68, -4.05, -4.36, -3.88, -4.34, -4.46, -6.28, -6.48, -6.66, -6.84, -6.91, -6.78, -6.7, -3.15, -3.16, -3.18, -3.21, -3.26, -3.32, -3.43, -3.62, -3.96, -4.25, -4.22, -4.13, -4.25, -6.25, -6.44, -6.1, -6.37, -6.44, -6.75, -6.7, -3.13, -3.14, -3.16, -3.18, -3.21, -3.25, -3.31, -3.4, -3.5, -3.48, -3.75, -3.77, -3.96, -5.0, -5.45, -5.81, -6.05, -6.15, -6.14, -6.07, -3.12, -3.12, -3.13, -3.14, -3.15, -3.16, -3.16, -3.13, -3.03, -3.2, -3.03, -3.33, -3.73, -4.13, -5.15, -5.52, -5.76, -5.89, -5.93, -5.91, -3.1, -3.1, -3.1, -3.1, -3.09, -3.07, -3.02, -2.92, -2.7, -2.57, -2.05, -2.87, -3.47, -3.92, -4.9, -5.26, -5.5, -5.65, -5.73, -5.76, -3.08, -3.07, -3.07, -3.06, -3.04, -3.0, -2.93, -2.8, -3.09, -2.61, -2.31, -2.85, -3.38, -3.8, -4.71, -5.05, -5.3, -5.46, -5.56, -5.61, -3.06, -3.05, -3.04, -3.02, -2.99, -2.95, -2.87, -2.76, -3.19, -2.95, -2.88, -3.1, -3.45, -3.78, -4.6, -4.91, -5.14, -5.3, -5.41, -5.48, -3.04, -3.03, -3.02, -3.0, -2.97, -2.92, -2.85, -3.48, -3.34, -3.23, -3.22, -3.35, -3.56, -3.8, -4.56, -4.82, -5.03, -5.18, -5.3, -5.37]}, {"header": {"refTime": "2023-08-31T10:00:00.000Z", "nx": 21, "ny": 33, "lo1": 113.509, "la1": 22.2235, "lo2": 113.5947, "la2": 22.1034, "dx": 0.0042850000000001385, "dy": 0.003753125000000024, "parameterCategory": 0, "parameterCategoryName": "Temperature", "parameterNumber": 0}, "data": [[29.26, 29.26, 29.25, 28.95, 28.96, 29.33, 29.34, 29.35, 29.36, 29.32, 29.34, 29.37, 29.63, 29.64, 29.7, 29.71, 29.76, 29.75, 29.75, 29.74], [29.26, 29.26, 29.26, 29.25, 28.96, 28.99, 29.33, 29.33, 29.34, 29.32, 29.35, 29.39, 29.65, 29.67, 29.72, 29.77, 29.76, 29.75, 29.75, 29.74], [29.27, 29.26, 29.26, 29.25, 28.95, 28.98, 29.03, 29.32, 29.31, 29.31, 29.36, 29.43, 29.69, 29.7, 29.79, 29.77, 29.76, 29.75, 29.74, 29.74], [29.27, 29.27, 29.26, 29.25, 29.24, 28.96, 29.0, 29.06, 29.12, 29.31, 29.38, 29.5, 29.77, 29.59, 29.79, 29.77, 29.75, 29.74, 29.74, 29.74], [29.28, 29.27, 29.27, 29.25, 29.24, 28.92, 28.94, 28.96, 28.96, 29.27, 29.36, 29.61, 29.84, 29.64, 29.79, 29.76, 29.74, 29.73, 29.73, 29.73], [29.29, 29.28, 29.28, 29.26, 29.24, 29.21, 28.88, 28.87, 28.85, 28.82, 29.29, 29.49, 29.68, 29.83, 29.77, 29.74, 29.73, 29.72, 29.72, 29.73], [29.3, 29.3, 29.29, 29.28, 29.26, 29.22, 28.95, 28.82, 28.79, 28.8, 28.81, 29.3, 29.72, 29.74, 29.74, 29.73, 29.71, 29.71, 29.76, 29.77], [29.32, 29.32, 29.32, 29.32, 29.3, 29.07, 28.99, 28.88, 28.81, 28.76, 28.64, 29.19, 29.2, 29.75, 29.63, 29.6, 29.65, 29.66, 29.64, 29.62], [29.18, 29.2, 29.36, 29.37, 29.38, 29.34, 29.23, 28.95, 28.7, 28.82, 28.88, 29.03, 29.1, 29.01, 29.62, 29.6, 29.62, 29.63, 29.63, 29.62], [29.7, 29.7, 29.7, 29.28, 29.34, 29.5, 29.39, 29.23, 28.63, 28.65, 29.11, 28.94, 28.99, 28.97, 29.62, 29.59, 29.6, 29.61, 29.61, 29.61], [29.7, 29.7, 29.7, 29.7, 29.7, 29.7, 29.7, 29.7, 29.38, 28.7, 28.5, 28.88, 28.93, 28.93, 29.62, 29.58, 29.59, 29.6, 29.6, 29.6], [29.7, 29.7, 29.7, 29.7, 29.7, 29.7, 29.7, 29.7, 29.7, -999.0, 28.5, 29.5, 29.5, 28.9, 29.62, 29.57, 29.58, 28.79, 28.81, 28.82], [29.7, 29.7, 29.7, 29.7, 29.7, 29.7, 29.7, 29.7, 29.7, 29.7, -999.0, 29.5, 29.5, 28.59, 28.99, 29.12, 29.13, 28.93, 28.96, 28.98], [29.7, 29.7, 29.7, 29.7, 29.7, 29.7, 29.7, 29.7, 29.7, 29.7, -999.0, 28.1, 28.1, 28.1, 28.87, 28.98, 29.01, 28.81, 28.85, 28.88], [29.7, 29.7, 29.7, 29.7, 29.7, 29.7, 29.7, 29.3, 29.3, 29.3, 29.3, 28.84, 28.1, 28.1, 28.1, 28.83, 28.88, 28.7, 28.75, 28.8], [29.7, 29.7, 29.45, 29.44, 29.44, 29.3, 29.3, 29.3, 29.3, 29.3, 28.54, 28.63, 28.51, 28.42, 28.53, 28.17, 28.18, 28.16, 28.57, 28.6], [29.44, 29.44, 29.56, 29.55, 29.3, 29.3, 29.3, 29.3, 29.3, 29.3, 28.78, 28.64, 28.48, 28.33, 28.27, 28.3, 28.37, 28.43, 28.47, 28.5], [29.56, 29.55, 29.55, 29.53, 29.3, 29.3, 29.3, 29.3, 29.3, 29.0, 28.83, 28.65, 28.47, 28.28, 28.12, 28.28, 28.38, 28.44, 28.49, 28.52], [29.55, 29.54, 29.53, 29.3, 29.3, 29.3, 29.3, 29.3, 29.19, 29.07, 29.03, 28.88, 28.46, 28.33, 28.26, 28.33, 28.42, 28.48, 28.52, 28.54], [29.54, 29.54, 29.53, 29.52, 29.5, 29.48, 29.45, 29.37, 29.23, 29.16, 29.06, 28.94, 28.5, 28.41, 28.39, 28.43, 28.48, 28.52, 28.55, 28.57], [29.54, 29.54, 29.53, 29.47, 29.46, 29.45, 29.43, 29.41, 29.21, 29.17, 29.1, 29.01, 28.53, 28.47, 28.48, 28.51, 28.55, 28.58, 28.6, 28.61], [29.49, 29.48, 29.48, 29.48, 29.48, 29.47, 29.47, 29.58, 29.23, 29.21, 29.16, 29.09, 28.69, 28.53, 28.55, 28.57, 28.6, 28.62, 28.64, 28.64], [29.49, 29.49, 29.49, 29.65, 29.64, 29.64, 29.63, 29.64, 29.64, 29.65, 29.66, 29.21, 29.11, 28.58, 28.6, 28.61, 28.6, 28.66, 28.69, 28.68], [29.67, 29.67, 29.67, 29.67, 29.67, 29.67, 29.67, 29.68, 29.69, 29.69, 29.7, 29.46, 29.14, 29.03, 28.93, 28.65, 28.5, 28.77, 28.76, 28.72], [29.69, 29.69, 29.69, 29.69, 29.69, 29.7, 29.7, 29.71, 29.71, 29.71, 29.72, 29.51, 29.39, 29.05, 28.96, 28.89, 28.84, 28.97, 28.81, 28.75], [29.7, 29.7, 29.7, 29.71, 29.71, 29.72, 29.73, 29.74, 29.73, 29.73, 29.63, 29.56, 29.45, 29.08, 29.0, 29.02, 29.0, 29.02, 28.79, 28.75], [29.71, 29.71, 29.72, 29.72, 29.73, 29.74, 29.76, 29.77, 29.78, 29.79, 29.68, 29.62, 29.52, 29.27, 29.16, 29.09, 29.06, 29.05, 29.04, 29.05], [29.72, 29.72, 29.73, 29.74, 29.75, 29.76, 29.78, 29.81, 29.84, 29.78, 29.8, 29.86, 29.81, 29.75, 29.24, 29.16, 29.11, 29.09, 29.08, 29.08], [29.73, 29.73, 29.74, 29.75, 29.76, 29.78, 29.8, 29.84, 29.88, 29.89, 30.03, 29.92, 29.84, 29.78, 29.3, 29.22, 29.17, 29.14, 29.12, 29.11], [29.73, 29.74, 29.75, 29.76, 29.78, 29.79, 29.82, 29.85, 29.9, 29.96, 30.0, 29.93, 29.85, 29.79, 29.34, 29.27, 29.21, 29.18, 29.15, 29.14], [29.74, 29.75, 29.76, 29.77, 29.78, 29.8, 29.82, 29.85, 29.88, 29.91, 29.92, 29.89, 29.84, 29.8, 29.37, 29.3, 29.25, 29.21, 29.18, 29.17], [29.74, 29.75, 29.76, 29.77, 29.79, 29.8, 29.82, 29.84, 29.86, 29.88, 29.88, 29.86, 29.83, 29.79, 29.38, 29.32, 29.27, 29.24, 29.21, 29.19]]}]