gis_exercise/awsData/contour/wdir_2023091111.json
[{"header": {"refTime": "2023-09-11T11:00:00.000Z", "nx": 21, "ny": 33, "lo1": 113.509, "la1": 22.2235, "lo2": 113.5947, "la2": 22.1034, "dx": 0.0042850000000001385, "dy": 0.003753125000000024, "parameterCategory": 2, "parameterCategoryName": "Temperature", "parameterNumber": 2}, "data": [-2.39, -2.41, -2.42, -2.67, -2.67, -2.88, -2.85, -2.83, -2.82, -2.71, -2.74, -2.78, -2.95, -2.97, -4.44, -4.63, -4.9, -5.02, -5.1, -5.16, -2.38, -2.4, -2.41, -2.43, -2.67, -2.66, -2.83, -2.78, -2.75, -2.68, -2.74, -2.8, -2.98, -3.0, -4.47, -4.79, -4.97, -5.11, -5.21, -5.26, -2.37, -2.39, -2.4, -2.43, -2.68, -2.67, -2.65, -2.75, -2.61, -2.67, -2.76, -2.83, -3.02, -3.03, -4.56, -4.83, -5.08, -5.26, -5.36, -5.4, -2.36, -2.37, -2.39, -2.41, -2.45, -2.68, -2.67, -2.64, -2.61, -2.69, -2.78, -2.9, -3.09, -3.03, -4.53, -4.93, -5.26, -5.48, -5.57, -5.56, -2.34, -2.35, -2.37, -2.39, -2.43, -2.7, -2.7, -2.68, -2.67, -2.71, -2.8, -3.05, -3.19, -3.07, -4.55, -5.1, -5.57, -5.83, -5.86, -5.77, -2.31, -2.32, -2.33, -2.36, -2.4, -2.46, -2.74, -2.74, -2.72, -2.67, -2.84, -2.97, -3.09, -3.77, -4.66, -5.38, -6.09, -6.38, -6.22, -5.98, -3.21, -2.28, -2.29, -2.31, -2.35, -2.43, -2.49, -2.83, -2.82, -2.73, -2.66, -2.85, -3.79, -3.93, -4.78, -5.66, -6.81, -7.23, -7.03, -6.74, -3.21, -3.16, -3.1, -3.04, -3.03, -2.3, -2.46, -2.73, -3.02, -2.7, -2.48, -3.39, -3.6, -4.17, -5.67, -6.33, -7.12, -7.41, -6.98, -6.69, -3.22, -3.16, -3.07, -2.97, -2.88, -2.91, -3.09, -2.54, -3.38, -2.76, -3.49, -4.01, -4.79, -4.41, -5.66, -6.14, -6.61, -6.83, -6.73, -6.58, -3.97, -3.88, -3.74, -2.91, -2.66, -2.52, -2.94, -3.4, -3.8, -3.64, -3.88, -4.42, -5.1, -4.59, -5.68, -5.98, -6.28, -6.45, -6.48, -6.43, -4.0, -3.92, -3.78, -3.54, -3.03, -1.55, -3.42, -4.39, -4.12, -4.12, -4.9, -4.3, -4.5, -4.43, -5.69, -5.89, -6.09, -6.23, -6.29, -6.29, -4.05, -3.99, -3.9, -3.75, -3.51, -3.39, -4.12, -4.97, -5.29, -5.9, -5.04, -5.15, -5.13, -4.28, -5.69, -5.83, -5.97, -6.06, -6.08, -6.08, -4.12, -4.09, -4.06, -4.05, -4.11, -4.44, -4.96, -5.13, -5.25, -5.0, -5.92, -5.17, -5.13, -4.25, -4.18, -5.64, -5.7, -5.76, -5.82, -5.86, -4.19, -4.19, -4.21, -4.28, -4.46, -4.88, -5.56, -5.14, -5.04, -4.94, -5.91, -5.07, -4.94, -4.82, -4.0, -5.29, -5.37, -5.47, -5.56, -5.64, -4.25, -4.28, -4.32, -4.42, -4.59, -4.84, -5.04, -4.81, -4.59, -4.4, -4.26, -3.22, -4.68, -4.51, -4.41, -4.89, -5.03, -5.18, -5.32, -5.43, -4.31, -4.34, -2.91, -3.02, -3.16, -4.39, -4.35, -4.18, -4.0, -3.9, -2.97, -2.97, -2.97, -3.04, -3.08, -3.51, -3.56, -3.6, -4.17, -4.26, -2.74, -2.77, -2.81, -2.85, -4.01, -3.9, -3.69, -3.41, -3.23, -3.26, -2.62, -2.75, -2.84, -2.88, -2.58, -2.5, -2.36, -2.25, -2.16, -2.1, -2.68, -2.69, -2.69, -2.67, -3.68, -3.44, -3.04, -2.5, -2.22, -2.02, -2.33, -2.57, -2.74, -2.55, -2.85, -2.55, -2.35, -2.22, -2.13, -2.07, -2.62, -2.61, -2.58, -3.63, -3.43, -3.1, -2.57, -1.69, -0.82, -1.62, -1.6, -1.92, -2.18, -2.45, -2.58, -2.44, -2.27, -2.15, -2.07, -2.02, -2.56, -2.54, -2.87, -2.76, -2.6, -2.36, -2.0, -1.49, -0.94, -1.28, -1.64, -1.92, -2.11, -2.31, -2.33, -2.25, -2.15, -2.06, -2.0, -1.96, -2.93, -2.88, -2.8, -2.7, -2.55, -2.36, -2.13, -1.88, -1.39, -1.55, -1.77, -1.96, -2.06, -2.17, -2.14, -2.09, -2.02, -1.96, -1.91, -1.89, -2.89, -2.83, -2.76, -2.67, -2.56, -2.43, -2.3, -1.31, -1.74, -1.83, -1.94, -2.04, -2.81, -2.05, -2.01, -1.97, -1.93, -1.87, -1.83, -1.81, -2.86, -2.81, -2.74, -1.36, -1.38, -1.41, -1.46, -1.54, -1.62, -1.67, -1.65, -2.09, -2.05, -1.95, -1.92, -1.9, -1.93, -1.8, -1.72, -1.73, -1.35, -1.36, -1.38, -1.41, -1.44, -1.5, -1.6, -1.74, -1.92, -2.01, -1.88, -2.24, -2.07, -1.94, -1.84, -1.83, -2.17, -1.55, -1.57, -1.65, -1.36, -1.38, -1.4, -1.44, -1.49, -1.56, -1.68, -1.87, -2.21, -2.48, -2.08, -2.21, -2.15, -1.94, -1.81, -1.69, -1.41, -1.1, -1.46, -1.6, -1.37, -1.39, -1.42, -1.45, -1.5, -1.57, -1.68, -1.86, -2.17, -2.41, -2.27, -2.09, -2.05, -1.94, -1.8, -1.32, -1.25, -1.2, -1.5, -1.59, -1.38, -1.4, -1.42, -1.45, -1.49, -1.54, -1.62, -1.72, -1.82, -1.83, -1.93, -1.87, -1.9, -1.17, -1.23, -1.26, -1.25, -1.24, -1.25, -1.26, -1.38, -1.39, -1.41, -1.44, -1.46, -1.49, -1.52, -1.54, -1.5, -1.58, -1.46, -1.23, -1.23, -1.19, -1.18, -1.22, -1.23, -1.24, -1.24, -1.25, -1.38, -1.39, -1.4, -1.42, -1.43, -1.44, -1.43, -1.39, -1.28, -1.18, -0.78, -1.03, -1.14, -1.15, -1.13, -1.18, -1.21, -1.22, -1.23, -1.24, -1.37, -1.38, -1.39, -1.4, -1.4, -1.39, -1.37, -1.31, -1.18, -0.98, -0.85, -1.0, -1.1, -1.13, -1.1, -1.15, -1.18, -1.2, -1.22, -1.23, -1.36, -1.37, -1.38, -1.38, -1.37, -1.36, -1.33, -1.28, -1.18, -1.07, -1.02, -1.06, -1.1, -1.13, -1.09, -1.13, -1.16, -1.19, -1.2, -1.21, -1.36, -1.36, -1.36, -1.36, -1.35, -1.34, -1.31, -1.25, -1.19, -1.14, -1.11, -1.11, -1.12, -1.14, -1.08, -1.12, -1.15, -1.17, -1.19, -1.2]}, {"header": {"refTime": "2023-09-11T11:00:00.000Z", "nx": 21, "ny": 33, "lo1": 113.509, "la1": 22.2235, "lo2": 113.5947, "la2": 22.1034, "dx": 0.0042850000000001385, "dy": 0.003753125000000024, "parameterCategory": 2, "parameterCategoryName": "Temperature", "parameterNumber": 3}, "data": [0.33, 0.31, 0.29, 0.23, 0.2, -0.0, -0.04, -0.08, -0.1, -0.04, 0.02, 0.07, 0.01, 0.03, 0.14, 0.17, 0.43, 0.44, 0.45, 0.46, 0.35, 0.33, 0.3, 0.26, 0.2, 0.15, -0.06, -0.14, -0.19, -0.1, 0.0, 0.08, 0.02, 0.05, 0.16, 0.41, 0.43, 0.45, 0.46, 0.46, 0.37, 0.35, 0.33, 0.29, 0.22, 0.17, 0.07, -0.19, -0.39, -0.15, 0.02, 0.1, 0.06, 0.08, 0.39, 0.42, 0.44, 0.46, 0.47, 0.48, 0.39, 0.38, 0.36, 0.33, 0.29, 0.21, 0.14, 0.01, -0.11, -0.06, 0.08, 0.15, 0.1, 0.36, 0.38, 0.42, 0.46, 0.48, 0.49, 0.49, 0.42, 0.41, 0.4, 0.38, 0.35, 0.29, 0.25, 0.22, 0.2, 0.11, 0.18, 0.35, 0.25, 0.34, 0.38, 0.44, 0.49, 0.51, 0.52, 0.51, 0.45, 0.45, 0.44, 0.43, 0.42, 0.4, 0.37, 0.4, 0.42, 0.46, 0.5, 0.41, 0.32, 0.35, 0.4, 0.47, 0.54, 0.56, 0.55, 0.53, 0.87, 0.48, 0.49, 0.49, 0.49, 0.49, 0.81, 0.53, 0.58, 0.72, 0.72, 0.5, 0.41, 0.42, 0.43, 0.5, 0.6, 0.64, 0.63, 0.61, 0.87, 0.87, 0.87, 0.87, 0.86, 0.84, 0.82, 0.78, 0.72, 0.74, 0.79, 0.59, 0.56, 0.48, 0.62, 0.65, 0.67, 0.68, 0.67, 0.66, 0.88, 0.88, 0.88, 0.88, 0.88, 0.87, 0.85, 0.8, 0.79, 0.71, 0.7, 0.65, 0.67, 0.66, 0.63, 0.64, 0.66, 0.67, 0.66, 0.66, 0.93, 0.94, 0.94, 0.89, 0.9, 0.9, 0.88, 0.86, 0.82, 0.83, 0.69, 0.68, 0.7, 0.68, 0.64, 0.64, 0.65, 0.65, 0.65, 0.65, 0.93, 0.93, 0.94, 0.94, 0.94, 0.95, 0.94, 0.93, 0.88, 0.85, 0.84, 0.68, 0.68, 0.68, 0.64, 0.64, 0.64, 0.65, 0.65, 0.65, 0.93, 0.93, 0.94, 0.94, 0.94, 0.94, 0.93, 0.93, 0.93, 0.89, 0.85, 0.71, 0.7, 0.68, 0.64, 0.64, 0.64, 0.53, 0.53, 0.52, 0.93, 0.93, 0.93, 0.93, 0.93, 0.93, 0.93, 0.93, 0.93, 0.93, 0.88, 0.72, 0.71, 0.43, 0.42, 0.49, 0.49, 0.49, 0.49, 0.49, 0.93, 0.93, 0.93, 0.93, 0.93, 0.93, 0.92, 0.93, 0.93, 0.93, 0.88, 0.6, 0.55, 0.51, 0.36, 0.43, 0.43, 0.44, 0.45, 0.46, 0.93, 0.93, 0.93, 0.93, 0.93, 0.93, 0.93, 1.27, 1.35, 1.41, 1.46, 1.12, 0.48, 0.43, 0.4, 0.35, 0.37, 0.39, 0.41, 0.43, 0.93, 0.93, 1.44, 1.43, 1.43, 1.41, 1.43, 1.49, 1.55, 1.58, 1.3, 1.14, 0.95, 0.73, 0.64, 0.57, 0.66, 0.75, 0.81, 0.87, 1.49, 1.5, 1.51, 1.52, 1.54, 1.58, 1.65, 1.75, 1.81, 1.8, 1.41, 1.16, 0.88, 0.59, 0.59, 0.62, 0.84, 1.01, 1.13, 1.22, 1.54, 1.55, 1.57, 1.61, 1.66, 1.74, 1.88, 2.06, 2.16, 1.84, 1.53, 1.21, 0.86, 0.61, 0.09, 0.55, 0.86, 1.06, 1.19, 1.27, 1.57, 1.6, 1.63, 1.67, 1.74, 1.86, 2.04, 2.34, 2.55, 2.04, 1.83, 1.48, 1.17, 0.81, 0.51, 0.73, 0.99, 1.17, 1.28, 1.35, 1.61, 1.63, 1.95, 1.99, 2.04, 2.13, 2.25, 2.41, 2.42, 2.16, 1.85, 1.55, 1.34, 1.12, 0.91, 1.04, 1.21, 1.33, 1.41, 1.44, 1.94, 1.95, 1.98, 2.01, 2.06, 2.13, 2.21, 2.29, 2.16, 2.03, 1.83, 1.62, 1.49, 1.17, 1.23, 1.34, 1.45, 1.52, 1.54, 1.55, 1.95, 1.97, 2.0, 2.03, 2.06, 2.11, 2.16, 2.22, 2.01, 1.93, 1.81, 1.67, 1.39, 1.37, 1.46, 1.58, 1.68, 1.71, 1.68, 1.64, 1.96, 1.98, 2.0, 2.08, 2.1, 2.11, 2.11, 2.11, 2.1, 2.08, 2.06, 2.31, 2.06, 1.52, 1.63, 1.78, 1.91, 1.88, 1.79, 1.72, 2.03, 2.03, 2.04, 2.04, 2.04, 2.04, 2.04, 2.03, 2.02, 2.0, 1.99, 1.87, 2.06, 2.07, 2.08, 1.88, 2.13, 1.96, 1.85, 1.77, 2.01, 2.01, 2.0, 2.0, 2.0, 1.99, 1.98, 1.97, 1.97, 1.98, 1.94, 1.84, 1.85, 2.06, 2.07, 2.08, 1.93, 1.9, 1.85, 1.78, 1.98, 1.98, 1.97, 1.96, 1.95, 1.94, 1.93, 1.92, 1.93, 1.95, 1.83, 1.79, 1.8, 2.06, 2.06, 1.93, 1.95, 1.95, 1.82, 1.77, 1.96, 1.95, 1.94, 1.93, 1.91, 1.89, 1.87, 1.85, 1.83, 1.8, 1.71, 1.7, 1.74, 1.75, 1.83, 1.88, 1.91, 1.92, 1.92, 1.92, 1.94, 1.93, 1.92, 1.9, 1.88, 1.85, 1.82, 1.77, 1.71, 1.57, 1.52, 1.51, 1.57, 1.61, 1.77, 1.83, 1.87, 1.89, 1.89, 1.89, 1.93, 1.91, 1.9, 1.88, 1.85, 1.82, 1.77, 1.71, 1.61, 1.41, 1.26, 1.42, 1.52, 1.58, 1.73, 1.79, 1.83, 1.85, 1.86, 1.87, 1.91, 1.9, 1.88, 1.86, 1.83, 1.79, 1.74, 1.68, 1.47, 1.37, 1.31, 1.41, 1.5, 1.56, 1.7, 1.75, 1.79, 1.82, 1.84, 1.85, 1.9, 1.88, 1.86, 1.84, 1.81, 1.78, 1.73, 1.67, 1.48, 1.43, 1.42, 1.45, 1.51, 1.56, 1.68, 1.73, 1.77, 1.8, 1.81, 1.83, 1.89, 1.87, 1.85, 1.83, 1.81, 1.77, 1.73, 1.54, 1.51, 1.48, 1.48, 1.49, 1.53, 1.56, 1.67, 1.72, 1.75, 1.78, 1.79, 1.81]}, {"header": {"refTime": "2023-09-11T11:00:00.000Z", "nx": 21, "ny": 33, "lo1": 113.509, "la1": 22.2235, "lo2": 113.5947, "la2": 22.1034, "dx": 0.0042850000000001385, "dy": 0.003753125000000024, "parameterCategory": 0, "parameterCategoryName": "Temperature", "parameterNumber": 0}, "data": [[27.37, 27.37, 27.37, 27.12, 27.14, 27.37, 27.38, 27.4, 27.41, 27.37, 27.36, 27.35, 27.54, 27.54, 27.28, 27.25, 27.22, 27.19, 27.18, 27.16], [27.37, 27.37, 27.37, 27.37, 27.13, 27.16, 27.39, 27.41, 27.43, 27.39, 27.37, 27.36, 27.54, 27.55, 27.29, 27.24, 27.21, 27.18, 27.16, 27.14], [27.37, 27.37, 27.37, 27.37, 27.12, 27.15, 27.21, 27.42, 27.48, 27.4, 27.37, 27.37, 27.55, 27.55, 27.29, 27.23, 27.18, 27.15, 27.13, 27.12], [27.37, 27.37, 27.37, 27.36, 27.36, 27.13, 27.17, 27.24, 27.31, 27.37, 27.35, 27.38, 27.56, 27.4, 27.3, 27.22, 27.15, 27.1, 27.09, 27.09], [27.38, 27.37, 27.37, 27.36, 27.35, 27.09, 27.11, 27.13, 27.13, 27.29, 27.31, 27.4, 27.52, 27.43, 27.29, 27.18, 27.09, 27.03, 27.03, 27.05], [27.38, 27.38, 27.37, 27.36, 27.34, 27.32, 27.04, 27.03, 27.01, 26.98, 27.23, 27.35, 27.45, 27.57, 27.27, 27.12, 26.98, 26.93, 26.96, 27.0], [27.34, 27.39, 27.38, 27.37, 27.35, 27.31, 27.05, 26.96, 26.94, 26.93, 26.94, 27.26, 27.54, 27.55, 27.23, 27.06, 26.84, 26.76, 26.78, 26.85], [27.36, 27.36, 27.36, 27.36, 27.34, 27.16, 27.08, 26.98, 26.91, 26.9, 26.81, 27.25, 27.26, 27.55, 26.94, 27.03, 26.84, 26.76, 26.88, 26.95], [27.24, 27.25, 27.4, 27.41, 27.41, 27.38, 27.28, 27.05, 26.84, 26.94, 27.01, 27.13, 27.18, 27.11, 26.96, 27.07, 26.95, 26.91, 26.93, 26.98], [27.7, 27.7, 27.7, 27.33, 27.38, 27.52, 27.42, 27.28, 26.79, 26.8, 27.19, 27.05, 27.1, 27.07, 26.96, 27.11, 27.03, 27.0, 26.99, 27.01], [27.7, 27.7, 27.7, 27.7, 27.7, 27.7, 27.7, 27.7, 27.42, 26.83, 26.7, 27.0, 27.04, 27.04, 26.95, 27.14, 27.08, 27.05, 27.04, 27.05], [27.7, 27.7, 27.7, 27.7, 27.7, 27.7, 27.7, 27.7, 27.7, -999.0, 26.7, 27.5, 27.5, 27.02, 26.94, 27.17, 27.13, 26.43, 26.43, 26.43], [27.7, 27.7, 27.7, 27.7, 27.7, 27.7, 27.7, 27.7, 27.7, 27.7, -999.0, 27.5, 27.5, 26.72, 27.06, 26.49, 26.49, 26.46, 26.46, 26.46], [27.7, 27.7, 27.7, 27.7, 27.7, 27.7, 27.7, 27.7, 27.7, 27.7, -999.0, 26.3, 26.3, 26.3, 26.96, 26.47, 26.47, 26.43, 26.44, 26.45], [27.7, 27.7, 27.7, 27.7, 27.7, 27.7, 27.7, 27.7, 27.7, 27.7, 27.7, 27.16, 26.3, 26.3, 26.3, 26.44, 26.45, 26.41, 26.42, 26.43], [27.7, 27.7, 27.7, 27.7, 27.7, 27.7, 27.7, 27.7, 27.7, 27.7, 26.82, 26.92, 26.78, 26.67, 26.8, 26.26, 26.26, 26.27, 26.35, 26.35], [27.7, 27.7, 27.7, 27.7, 27.7, 27.7, 27.7, 27.7, 27.7, 27.7, 27.1, 26.92, 26.74, 26.57, 26.46, 26.35, 26.37, 26.39, 26.4, 26.41], [27.7, 27.7, 27.7, 27.7, 27.7, 27.7, 27.7, 27.7, 27.7, 27.34, 27.16, 26.95, 26.73, 26.47, 26.32, 26.35, 26.38, 26.39, 26.41, 26.42], [27.7, 27.7, 27.7, 27.7, 27.7, 27.7, 27.7, 27.7, 27.57, 27.43, 27.07, 26.89, 26.67, 26.52, 26.34, 26.36, 26.39, 26.4, 26.41, 26.42], [27.7, 27.7, 27.01, 27.05, 27.09, 27.16, 27.25, 27.5, 27.44, 27.25, 27.06, 26.9, 26.7, 26.58, 26.38, 26.39, 26.4, 26.41, 26.42, 26.43], [26.97, 26.99, 27.01, 27.2, 27.23, 27.26, 27.31, 27.36, 27.2, 27.11, 26.99, 26.89, 26.71, 26.4, 26.4, 26.41, 26.42, 26.43, 26.44, 26.44], [27.14, 27.15, 27.15, 27.16, 27.17, 27.18, 27.19, 27.14, 27.03, 26.97, 26.91, 26.85, 26.33, 26.41, 26.42, 26.42, 26.42, 26.43, 26.45, 26.45], [27.12, 27.12, 27.12, 27.06, 27.06, 27.05, 27.04, 27.01, 26.98, 26.95, 26.95, 26.77, 26.49, 26.43, 26.43, 26.42, 26.41, 26.44, 26.47, 26.47], [27.04, 27.04, 27.03, 27.03, 27.01, 26.99, 26.96, 26.9, 26.83, 26.8, 26.84, 26.53, 26.49, 26.49, 26.48, 26.43, 26.33, 26.5, 26.5, 26.49], [27.02, 27.02, 27.01, 27.0, 26.98, 26.95, 26.9, 26.83, 26.71, 26.62, 26.75, 26.54, 26.52, 26.49, 26.49, 26.49, 26.53, 26.61, 26.53, 26.5], [27.01, 27.0, 26.99, 26.97, 26.95, 26.92, 26.88, 26.81, 26.71, 26.63, 26.56, 26.57, 26.55, 26.5, 26.5, 26.57, 26.58, 26.6, 26.52, 26.5], [27.0, 26.99, 26.98, 26.96, 26.94, 26.91, 26.87, 26.83, 26.78, 26.77, 26.62, 26.62, 26.59, 26.64, 26.61, 26.6, 26.59, 26.59, 26.59, 26.59], [26.99, 26.98, 26.97, 26.95, 26.93, 26.91, 26.88, 26.85, 26.84, 26.69, 26.71, 26.77, 26.76, 26.75, 26.64, 26.62, 26.61, 26.6, 26.6, 26.6], [26.98, 26.97, 26.96, 26.94, 26.93, 26.91, 26.89, 26.87, 26.87, 26.77, 26.86, 26.81, 26.78, 26.76, 26.66, 26.63, 26.62, 26.61, 26.61, 26.6], [26.98, 26.97, 26.96, 26.94, 26.93, 26.91, 26.9, 26.89, 26.78, 26.82, 26.84, 26.81, 26.78, 26.77, 26.67, 26.65, 26.63, 26.62, 26.62, 26.61], [26.97, 26.96, 26.95, 26.94, 26.93, 26.92, 26.91, 26.9, 26.78, 26.8, 26.81, 26.8, 26.78, 26.77, 26.68, 26.66, 26.64, 26.63, 26.62, 26.62], [26.97, 26.96, 26.95, 26.94, 26.93, 26.92, 26.92, 26.76, 26.77, 26.78, 26.79, 26.78, 26.78, 26.77, 26.68, 26.66, 26.65, 26.64, 26.63, 26.63]]}]