gis_exercise/awsData/contour/wdir_2023091122.json
[{"header": {"refTime": "2023-09-11T22:00:00.000Z", "nx": 21, "ny": 33, "lo1": 113.509, "la1": 22.2235, "lo2": 113.5947, "la2": 22.1034, "dx": 0.0042850000000001385, "dy": 0.003753125000000024, "parameterCategory": 2, "parameterCategoryName": "Temperature", "parameterNumber": 2}, "data": [-1.46, -1.46, -1.46, -1.62, -1.61, -1.76, -1.72, -1.68, -1.67, -1.56, -1.62, -1.67, -1.97, -2.01, -3.22, -3.4, -3.9, -4.01, -4.09, -4.14, -1.45, -1.46, -1.46, -1.46, -1.61, -1.58, -1.69, -1.61, -1.57, -1.52, -1.61, -1.69, -2.0, -2.04, -3.25, -3.79, -3.96, -4.09, -4.18, -4.23, -1.45, -1.46, -1.46, -1.47, -1.63, -1.6, -1.55, -1.56, -1.35, -1.49, -1.63, -1.74, -2.05, -2.08, -3.58, -3.83, -4.05, -4.22, -4.31, -4.34, -1.45, -1.45, -1.46, -1.47, -1.48, -1.63, -1.59, -1.52, -1.45, -1.54, -1.68, -1.83, -2.12, -2.17, -3.55, -3.91, -4.22, -4.41, -4.49, -4.49, -1.44, -1.45, -1.46, -1.47, -1.49, -1.68, -1.66, -1.63, -1.61, -1.61, -1.73, -2.16, -2.21, -2.18, -3.57, -4.07, -4.49, -4.72, -4.75, -4.67, -1.43, -1.44, -1.45, -1.47, -1.5, -1.54, -1.74, -1.76, -1.74, -1.69, -2.04, -2.14, -2.19, -2.86, -3.68, -4.32, -4.95, -5.21, -5.07, -4.86, -2.43, -1.42, -1.43, -1.45, -1.48, -1.55, -1.71, -1.9, -1.9, -1.96, -1.91, -2.12, -2.99, -3.08, -3.82, -4.58, -5.58, -5.94, -5.72, -5.45, -2.43, -2.39, -2.33, -2.26, -2.25, -1.54, -1.68, -1.91, -2.19, -1.92, -1.67, -2.73, -2.95, -3.33, -4.68, -5.22, -5.88, -6.12, -5.76, -5.52, -2.44, -2.39, -2.31, -2.22, -2.12, -2.14, -2.3, -1.75, -2.49, -2.0, -2.67, -3.2, -3.85, -3.54, -4.66, -5.06, -5.46, -5.63, -5.56, -5.43, -3.14, -3.06, -2.94, -2.17, -1.95, -1.81, -2.18, -2.58, -2.88, -2.73, -3.03, -3.52, -4.09, -3.67, -4.67, -4.93, -5.18, -5.32, -5.35, -5.3, -3.17, -3.09, -2.97, -2.76, -2.3, -0.95, -2.64, -3.51, -3.23, -3.18, -3.85, -3.4, -3.59, -3.53, -4.67, -4.85, -5.02, -5.13, -5.18, -5.19, -3.22, -3.16, -3.08, -2.95, -2.73, -2.62, -3.28, -4.03, -4.31, -4.83, -3.99, -4.22, -4.2, -3.4, -4.68, -4.8, -4.92, -5.04, -5.06, -5.07, -3.28, -3.25, -3.23, -3.21, -3.27, -3.57, -4.04, -4.18, -4.28, -4.06, -4.85, -4.24, -4.2, -3.58, -3.53, -4.7, -4.76, -4.82, -4.86, -4.89, -3.34, -3.35, -3.36, -3.43, -3.59, -3.97, -4.6, -4.2, -4.1, -4.01, -4.85, -4.22, -4.12, -4.03, -3.4, -4.45, -4.52, -4.6, -4.67, -4.73, -3.4, -3.42, -3.47, -3.55, -3.71, -3.94, -4.12, -4.08, -3.92, -3.78, -3.67, -2.91, -3.94, -3.82, -3.74, -4.15, -4.26, -4.38, -4.48, -4.57, -3.45, -3.48, -2.46, -2.55, -2.68, -3.78, -3.75, -3.63, -3.49, -3.41, -2.72, -2.73, -2.73, -2.77, -2.79, -3.38, -3.47, -3.55, -4.08, -4.19, -2.33, -2.36, -2.4, -2.44, -3.5, -3.42, -3.27, -3.06, -2.93, -2.95, -2.47, -2.57, -2.64, -2.67, -2.62, -2.79, -2.83, -2.86, -2.88, -2.89, -2.3, -2.31, -2.33, -2.33, -3.26, -3.09, -2.79, -2.4, -2.19, -2.05, -2.28, -2.44, -2.57, -2.59, -2.68, -2.78, -2.84, -2.87, -2.89, -2.9, -2.26, -2.27, -2.26, -3.22, -3.08, -2.84, -2.45, -1.82, -1.18, -1.77, -1.89, -2.14, -2.44, -2.59, -2.78, -2.82, -2.87, -2.89, -2.91, -2.91, -2.23, -2.22, -2.9, -2.82, -2.69, -2.49, -2.2, -1.79, -1.36, -1.66, -1.95, -2.16, -2.45, -2.6, -2.86, -2.88, -2.91, -2.93, -2.93, -2.93, -2.97, -2.93, -2.87, -2.79, -2.69, -2.54, -2.35, -2.15, -1.79, -1.93, -2.1, -2.24, -2.5, -2.9, -2.92, -2.95, -2.98, -2.98, -2.96, -2.94, -2.96, -2.92, -2.87, -2.8, -2.72, -2.63, -2.54, -2.0, -2.14, -2.22, -2.3, -2.36, -3.38, -2.95, -2.98, -3.03, -3.06, -3.03, -2.98, -2.95, -2.95, -2.92, -2.88, -2.14, -2.15, -2.17, -2.21, -2.28, -2.36, -2.41, -2.41, -2.87, -3.22, -2.97, -3.02, -3.11, -3.22, -3.1, -2.97, -2.93, -2.17, -2.17, -2.19, -2.21, -2.24, -2.29, -2.38, -2.5, -2.67, -2.75, -2.65, -3.27, -3.22, -3.18, -3.17, -3.12, -3.55, -2.96, -2.89, -2.9, -2.19, -2.21, -2.23, -2.26, -2.31, -2.38, -2.48, -2.66, -2.94, -3.17, -2.85, -3.23, -3.25, -3.17, -3.13, -3.08, -2.82, -2.57, -2.81, -2.87, -2.22, -2.24, -2.26, -2.3, -2.35, -2.42, -2.52, -2.68, -2.94, -3.14, -3.2, -3.14, -3.17, -3.16, -3.1, -2.82, -2.77, -2.71, -2.82, -2.86, -2.24, -2.26, -2.28, -2.32, -2.36, -2.43, -2.5, -2.6, -2.71, -2.73, -3.0, -2.99, -3.06, -2.67, -2.73, -2.76, -2.76, -2.75, -2.76, -2.77, -2.25, -2.27, -2.3, -2.33, -2.37, -2.41, -2.46, -2.5, -2.51, -2.77, -2.69, -2.49, -2.49, -2.47, -2.68, -2.72, -2.74, -2.74, -2.75, -2.76, -2.26, -2.28, -2.3, -2.33, -2.36, -2.39, -2.41, -2.42, -2.38, -2.5, -2.2, -2.36, -2.43, -2.44, -2.63, -2.68, -2.71, -2.72, -2.74, -2.74, -2.26, -2.28, -2.3, -2.32, -2.34, -2.36, -2.37, -2.37, -2.45, -2.33, -2.25, -2.34, -2.41, -2.43, -2.6, -2.65, -2.68, -2.71, -2.72, -2.73, -2.27, -2.28, -2.3, -2.32, -2.33, -2.34, -2.35, -2.34, -2.45, -2.39, -2.36, -2.38, -2.41, -2.42, -2.59, -2.63, -2.66, -2.69, -2.7, -2.72, -2.27, -2.28, -2.29, -2.31, -2.32, -2.33, -2.33, -2.5, -2.46, -2.43, -2.41, -2.41, -2.42, -2.43, -2.58, -2.62, -2.65, -2.67, -2.69, -2.7]}, {"header": {"refTime": "2023-09-11T22:00:00.000Z", "nx": 21, "ny": 33, "lo1": 113.509, "la1": 22.2235, "lo2": 113.5947, "la2": 22.1034, "dx": 0.0042850000000001385, "dy": 0.003753125000000024, "parameterCategory": 2, "parameterCategoryName": "Temperature", "parameterNumber": 3}, "data": [-0.31, -0.31, -0.31, 0.02, -0.01, 0.01, -0.03, -0.07, -0.08, 0.02, 0.12, 0.21, 0.55, 0.61, 1.03, 1.14, 1.84, 1.89, 1.93, 1.95, -0.31, -0.31, -0.31, -0.31, -0.01, -0.05, -0.07, -0.16, -0.21, -0.07, 0.1, 0.24, 0.59, 0.66, 1.08, 1.79, 1.87, 1.93, 1.97, 1.99, -0.31, -0.31, -0.31, -0.31, 0.01, -0.04, -0.12, -0.23, -0.48, -0.14, 0.13, 0.31, 0.66, 0.72, 1.68, 1.8, 1.9, 1.98, 2.02, 2.04, -0.31, -0.31, -0.3, -0.3, -0.3, 0.0, -0.06, -0.17, -0.27, -0.02, 0.23, 0.43, 0.76, 1.01, 1.66, 1.83, 1.97, 2.06, 2.1, 2.1, -0.31, -0.31, -0.3, -0.29, -0.28, 0.06, 0.04, 0.0, -0.01, 0.18, 0.35, 0.98, 0.92, 1.0, 1.67, 1.91, 2.09, 2.19, 2.2, 2.18, -0.31, -0.31, -0.3, -0.29, -0.26, -0.23, 0.14, 0.15, 0.18, 0.22, 1.0, 1.02, 1.0, 1.24, 1.75, 2.02, 2.28, 2.39, 2.33, 2.25, 0.04, -0.32, -0.31, -0.29, -0.27, -0.21, 0.17, 0.27, 0.31, 0.75, 0.85, 1.13, 1.41, 1.39, 1.85, 2.15, 2.54, 2.68, 2.43, 2.28, 0.03, 0.01, -0.0, 0.17, 0.18, 0.02, 0.13, 0.27, 0.5, 0.72, 0.72, 1.43, 1.54, 1.49, 2.08, 2.32, 2.62, 2.72, 2.56, 2.45, 0.02, -0.0, -0.03, -0.07, 0.08, 0.11, 0.22, 0.18, 0.63, 0.77, 1.18, 1.42, 1.53, 1.48, 2.03, 2.23, 2.42, 2.5, 2.47, 2.41, 0.3, 0.27, 0.21, -0.11, -0.21, -0.12, 0.11, 0.36, 0.8, 0.79, 1.3, 1.42, 1.51, 1.47, 2.0, 2.15, 2.28, 2.35, 2.37, 2.35, 0.31, 0.28, 0.22, 0.13, -0.07, -0.67, 0.12, 0.57, 0.69, 0.93, 1.26, 1.39, 1.44, 1.43, 2.0, 2.11, 2.2, 2.26, 2.29, 2.29, 0.33, 0.3, 0.26, 0.2, 0.1, 0.06, 0.38, 0.87, 1.08, 1.31, 1.29, 1.6, 1.61, 1.41, 2.01, 2.09, 2.15, 1.81, 1.83, 1.83, 0.35, 0.33, 0.32, 0.3, 0.31, 0.41, 0.59, 0.85, 1.01, 0.85, 1.29, 1.59, 1.6, 1.26, 1.22, 1.57, 1.61, 1.66, 1.69, 1.71, 0.38, 0.37, 0.37, 0.38, 0.43, 0.53, 0.66, 0.71, 0.79, 0.77, 1.26, 1.16, 1.11, 1.06, 1.1, 1.41, 1.46, 1.51, 1.56, 1.6, 0.4, 0.4, 0.41, 0.44, 0.48, 0.55, 0.61, 0.52, 0.48, 0.42, 0.36, 0.2, 1.0, 0.94, 0.89, 1.22, 1.29, 1.37, 1.44, 1.5, 0.42, 0.43, -0.36, -0.32, -0.28, 0.32, 0.3, 0.25, 0.2, 0.17, 0.04, 0.08, 0.12, 0.19, 0.23, 0.93, 1.03, 1.13, 1.56, 1.65, -0.43, -0.42, -0.41, -0.4, 0.17, 0.11, 0.02, -0.09, -0.16, -0.13, -0.14, -0.03, 0.07, 0.15, 0.32, 0.62, 0.74, 0.84, 0.9, 0.94, -0.45, -0.45, -0.46, -0.47, 0.03, -0.08, -0.26, -0.5, -0.62, -0.67, -0.46, -0.12, 0.03, 0.28, 0.29, 0.59, 0.76, 0.87, 0.93, 0.98, -0.48, -0.49, -0.51, 0.01, -0.08, -0.23, -0.47, -0.87, -1.26, -0.85, -0.73, -0.51, 0.2, 0.32, 0.56, 0.69, 0.84, 0.93, 0.99, 1.02, -0.51, -0.52, -0.43, -0.48, -0.54, -0.64, -0.79, -1.0, -1.15, -0.95, -0.72, -0.53, 0.24, 0.4, 0.8, 0.87, 0.97, 1.03, 1.06, 1.07, -0.41, -0.43, -0.46, -0.5, -0.56, -0.63, -0.73, -0.83, -0.91, -0.81, -0.67, -0.54, 0.33, 0.94, 0.98, 1.05, 1.12, 1.14, 1.14, 1.12, -0.42, -0.44, -0.47, -0.5, -0.55, -0.6, -0.65, -0.76, -0.73, -0.68, -0.6, -0.52, 0.77, 1.06, 1.13, 1.22, 1.29, 1.27, 1.21, 1.16, -0.43, -0.45, -0.47, -0.61, -0.62, -0.62, -0.62, -0.61, -0.58, -0.56, -0.54, 0.08, 0.8, 1.14, 1.23, 1.37, 1.52, 1.4, 1.25, 1.18, -0.56, -0.56, -0.56, -0.56, -0.56, -0.55, -0.53, -0.5, -0.46, -0.43, -0.43, 0.5, 0.75, 0.95, 1.15, 1.41, 1.92, 1.3, 1.2, 1.17, -0.53, -0.53, -0.52, -0.51, -0.5, -0.48, -0.45, -0.42, -0.37, -0.34, -0.36, 0.42, 0.67, 0.91, 1.09, 1.22, 1.16, 0.91, 1.11, 1.14, -0.51, -0.5, -0.49, -0.47, -0.46, -0.43, -0.4, -0.36, -0.33, -0.31, 0.15, 0.39, 0.61, 0.86, 1.01, 1.17, 1.12, 1.07, 1.11, 1.13, -0.48, -0.47, -0.46, -0.44, -0.42, -0.39, -0.35, -0.31, -0.28, -0.25, 0.25, 0.39, 0.56, 0.96, 1.05, 1.09, 1.1, 1.1, 1.1, 1.11, -0.46, -0.45, -0.43, -0.41, -0.38, -0.35, -0.31, -0.26, -0.2, 0.26, 0.3, 0.08, 0.09, 0.1, 0.98, 1.04, 1.06, 1.08, 1.09, 1.09, -0.45, -0.43, -0.41, -0.39, -0.36, -0.32, -0.28, -0.22, -0.13, 0.28, 0.18, 0.13, 0.11, 0.11, 0.92, 0.99, 1.03, 1.05, 1.06, 1.07, -0.43, -0.41, -0.4, -0.37, -0.34, -0.31, -0.26, -0.2, 0.09, 0.14, 0.16, 0.13, 0.12, 0.11, 0.88, 0.95, 0.99, 1.02, 1.04, 1.05, -0.42, -0.4, -0.38, -0.36, -0.33, -0.3, -0.25, -0.2, 0.09, 0.12, 0.13, 0.12, 0.12, 0.11, 0.86, 0.92, 0.97, 1.0, 1.02, 1.03, -0.41, -0.39, -0.37, -0.35, -0.33, -0.29, -0.26, 0.08, 0.09, 0.11, 0.11, 0.11, 0.11, 0.11, 0.85, 0.91, 0.95, 0.98, 1.0, 1.01]}, {"header": {"refTime": "2023-09-11T22:00:00.000Z", "nx": 21, "ny": 33, "lo1": 113.509, "la1": 22.2235, "lo2": 113.5947, "la2": 22.1034, "dx": 0.0042850000000001385, "dy": 0.003753125000000024, "parameterCategory": 0, "parameterCategoryName": "Temperature", "parameterNumber": 0}, "data": [[26.26, 26.25, 26.25, 25.99, 26.0, 26.24, 26.24, 26.24, 26.25, 26.14, 26.14, 26.15, 26.37, 26.38, 26.44, 26.45, 26.51, 26.51, 26.51, 26.51], [26.26, 26.26, 26.25, 26.25, 26.0, 26.02, 26.24, 26.23, 26.23, 26.15, 26.15, 26.16, 26.38, 26.39, 26.45, 26.51, 26.51, 26.51, 26.52, 26.52], [26.26, 26.26, 26.25, 26.25, 26.0, 26.01, 26.04, 26.23, 26.21, 26.15, 26.15, 26.18, 26.39, 26.4, 26.5, 26.51, 26.51, 26.52, 26.52, 26.52], [26.27, 26.26, 26.26, 26.25, 26.24, 26.0, 26.03, 26.06, 26.09, 26.13, 26.15, 26.21, 26.42, 26.28, 26.5, 26.51, 26.52, 26.52, 26.53, 26.53], [26.27, 26.27, 26.27, 26.26, 26.25, 25.99, 26.0, 26.01, 26.0, 26.08, 26.12, 26.28, 26.41, 26.31, 26.5, 26.51, 26.53, 26.53, 26.53, 26.53], [26.28, 26.28, 26.27, 26.27, 26.26, 26.24, 25.98, 25.97, 25.95, 25.89, 26.09, 26.22, 26.33, 26.47, 26.5, 26.52, 26.54, 26.55, 26.54, 26.54], [26.32, 26.29, 26.29, 26.28, 26.27, 26.25, 26.05, 25.98, 25.95, 25.88, 25.85, 26.13, 26.44, 26.45, 26.5, 26.53, 26.56, 26.57, 26.58, 26.58], [26.33, 26.33, 26.33, 26.33, 26.32, 26.12, 26.08, 26.05, 26.05, 25.84, 25.65, 26.12, 26.13, 26.45, 26.53, 26.5, 26.55, 26.56, 26.54, 26.52], [26.27, 26.28, 26.35, 26.35, 26.36, 26.34, 26.29, 26.06, 25.91, 25.91, 25.85, 25.98, 26.04, 25.96, 26.52, 26.5, 26.52, 26.53, 26.53, 26.52], [26.5, 26.5, 26.5, 26.31, 26.34, 26.41, 26.36, 26.29, 25.76, 25.79, 26.05, 25.9, 25.94, 25.92, 26.52, 26.49, 26.5, 26.51, 26.51, 26.51], [26.5, 26.5, 26.5, 26.5, 26.5, 26.5, 26.5, 26.5, 26.36, 25.89, 25.5, 25.84, 25.88, 25.89, 26.52, 26.48, 26.49, 26.5, 26.5, 26.5], [26.5, 26.5, 26.5, 26.5, 26.5, 26.5, 26.5, 26.5, 26.5, -999.0, 25.5, 26.4, 26.4, 25.86, 26.52, 26.47, 26.48, 25.97, 25.99, 25.99], [26.5, 26.5, 26.5, 26.5, 26.5, 26.5, 26.5, 26.5, 26.5, 26.5, -999.0, 26.4, 26.4, 25.81, 26.07, 26.2, 26.21, 26.07, 26.09, 26.1], [26.5, 26.5, 26.5, 26.5, 26.5, 26.5, 26.5, 26.5, 26.5, 26.5, -999.0, 25.5, 25.5, 25.5, 25.99, 26.11, 26.13, 25.99, 26.02, 26.04], [26.5, 26.5, 26.5, 26.5, 26.5, 26.5, 26.5, 26.6, 26.6, 26.6, 26.6, 26.18, 25.5, 25.5, 25.5, 26.0, 26.04, 25.91, 25.95, 25.98], [26.5, 26.5, 26.56, 26.56, 26.57, 26.6, 26.6, 26.6, 26.6, 26.6, 25.91, 25.99, 25.88, 25.79, 25.89, 25.83, 25.88, 25.79, 26.03, 26.07], [26.56, 26.56, 26.54, 26.54, 26.6, 26.6, 26.6, 26.6, 26.6, 26.6, 26.13, 25.99, 25.85, 25.71, 25.73, 25.71, 25.78, 25.84, 25.88, 25.91], [26.54, 26.54, 26.54, 26.54, 26.6, 26.6, 26.6, 26.6, 26.6, 26.32, 26.17, 26.01, 25.84, 25.74, 25.53, 25.69, 25.79, 25.86, 25.9, 25.93], [26.54, 26.54, 26.54, 26.6, 26.6, 26.6, 26.6, 26.6, 26.5, 26.39, 26.23, 26.09, 25.96, 25.82, 25.67, 25.75, 25.84, 25.9, 25.94, 25.96], [26.54, 26.54, 26.43, 26.44, 26.45, 26.46, 26.49, 26.55, 26.46, 26.36, 26.24, 26.12, 26.03, 25.94, 25.81, 25.86, 25.91, 25.95, 25.98, 25.99], [26.42, 26.42, 26.43, 26.48, 26.48, 26.49, 26.5, 26.51, 26.36, 26.31, 26.23, 26.14, 26.09, 25.9, 25.92, 25.96, 26.0, 26.02, 26.02, 26.02], [26.46, 26.46, 26.46, 26.47, 26.47, 26.47, 26.47, 26.51, 26.3, 26.27, 26.22, 26.16, 26.05, 25.97, 26.0, 26.05, 26.08, 26.09, 26.07, 26.05], [26.45, 26.45, 26.45, 26.52, 26.51, 26.51, 26.5, 26.49, 26.48, 26.47, 26.48, 26.41, 26.24, 26.02, 26.06, 26.12, 26.17, 26.15, 26.11, 26.08], [26.52, 26.52, 26.52, 26.51, 26.51, 26.5, 26.48, 26.46, 26.44, 26.43, 26.45, 26.42, 26.25, 26.24, 26.23, 26.15, 26.29, 26.16, 26.11, 26.09], [26.52, 26.52, 26.52, 26.51, 26.5, 26.49, 26.48, 26.45, 26.4, 26.36, 26.42, 26.43, 26.44, 26.23, 26.23, 26.22, 26.13, 26.09, 26.1, 26.09], [26.52, 26.52, 26.52, 26.51, 26.51, 26.5, 26.48, 26.45, 26.41, 26.37, 26.41, 26.45, 26.46, 26.23, 26.22, 26.27, 26.23, 26.21, 26.09, 26.08], [26.52, 26.52, 26.52, 26.51, 26.51, 26.5, 26.49, 26.48, 26.47, 26.47, 26.47, 26.49, 26.48, 26.38, 26.33, 26.29, 26.26, 26.25, 26.25, 26.26], [26.52, 26.52, 26.52, 26.52, 26.52, 26.51, 26.51, 26.51, 26.52, 26.53, 26.55, 26.48, 26.43, 26.38, 26.36, 26.32, 26.3, 26.28, 26.28, 26.28], [26.53, 26.52, 26.52, 26.52, 26.52, 26.52, 26.53, 26.54, 26.56, 26.6, 26.64, 26.54, 26.46, 26.4, 26.38, 26.35, 26.32, 26.31, 26.3, 26.3], [26.53, 26.53, 26.53, 26.53, 26.53, 26.53, 26.54, 26.55, 26.51, 26.57, 26.61, 26.54, 26.47, 26.42, 26.4, 26.37, 26.34, 26.33, 26.32, 26.31], [26.53, 26.53, 26.53, 26.53, 26.53, 26.54, 26.55, 26.56, 26.5, 26.53, 26.53, 26.51, 26.46, 26.42, 26.41, 26.38, 26.36, 26.34, 26.33, 26.33], [26.53, 26.53, 26.53, 26.54, 26.54, 26.54, 26.55, 26.46, 26.48, 26.49, 26.49, 26.48, 26.45, 26.42, 26.42, 26.39, 26.37, 26.36, 26.34, 26.34]]}]