gis_exercise/awsData/contour/wdir_2023090803.json
[{"header": {"refTime": "2023-09-08T03:00:00.000Z", "nx": 21, "ny": 33, "lo1": 113.509, "la1": 22.2235, "lo2": 113.5947, "la2": 22.1034, "dx": 0.0042850000000001385, "dy": 0.003753125000000024, "parameterCategory": 2, "parameterCategoryName": "Temperature", "parameterNumber": 2}, "data": [-2.64, -2.65, -2.67, -3.09, -3.07, -3.49, -3.43, -3.38, -3.37, -3.26, -3.38, -3.49, -3.8, -3.85, -5.4, -5.6, -6.06, -6.16, -6.24, -6.29, -2.63, -2.65, -2.66, -2.69, -3.07, -3.04, -3.38, -3.25, -3.18, -3.17, -3.37, -3.55, -3.87, -3.93, -5.46, -5.96, -6.12, -6.26, -6.34, -6.39, -2.62, -2.63, -2.66, -2.68, -3.09, -3.05, -2.99, -3.15, -2.8, -3.1, -3.41, -3.66, -4.0, -4.03, -5.76, -6.01, -6.23, -6.39, -6.48, -6.51, -2.6, -2.62, -2.64, -2.67, -2.71, -3.09, -3.04, -2.96, -2.88, -3.2, -3.52, -3.85, -4.21, -4.2, -5.74, -6.09, -6.4, -6.6, -6.68, -6.68, -2.58, -2.59, -2.62, -2.65, -2.7, -3.15, -3.13, -3.1, -3.07, -3.35, -3.61, -4.24, -4.58, -4.28, -5.76, -6.25, -6.69, -6.93, -6.96, -6.87, -2.55, -2.56, -2.58, -2.62, -2.68, -2.77, -3.24, -3.25, -3.23, -3.16, -3.79, -4.07, -4.33, -5.32, -5.83, -6.5, -7.18, -7.46, -7.31, -7.07, -4.07, -2.51, -2.52, -2.55, -2.62, -2.74, -2.98, -3.42, -3.42, -3.4, -3.3, -3.76, -5.25, -5.49, -5.9, -6.76, -7.87, -8.28, -8.38, -8.18, -4.06, -3.99, -3.89, -3.71, -3.69, -2.67, -2.92, -3.33, -3.77, -3.36, -3.06, -4.46, -4.78, -5.78, -7.17, -7.7, -8.34, -8.57, -8.23, -8.0, -4.07, -3.98, -3.85, -3.69, -3.46, -3.51, -3.78, -3.05, -4.29, -3.43, -4.62, -5.43, -6.65, -6.06, -7.25, -7.59, -7.95, -8.11, -8.04, -7.91, -5.15, -5.01, -4.81, -3.6, -3.21, -2.93, -3.55, -4.23, -4.88, -4.67, -5.24, -6.08, -7.15, -6.34, -7.33, -7.5, -7.71, -7.83, -7.84, -7.8, -5.2, -5.07, -4.87, -4.5, -3.73, -1.48, -4.3, -5.73, -5.28, -5.34, -6.67, -5.88, -6.21, -6.09, -7.35, -7.45, -7.57, -7.66, -7.7, -7.69, -5.28, -5.19, -5.05, -4.83, -4.46, -4.28, -5.38, -6.58, -7.03, -8.06, -6.84, -7.05, -7.05, -5.86, -7.34, -7.41, -7.49, -7.74, -7.73, -7.72, -5.38, -5.34, -5.3, -5.28, -5.39, -5.9, -6.7, -6.87, -6.99, -6.65, -8.16, -7.05, -7.02, -6.04, -5.95, -7.43, -7.44, -7.47, -7.5, -7.52, -5.49, -5.5, -5.53, -5.65, -5.93, -6.59, -7.69, -6.95, -6.74, -6.58, -8.15, -7.13, -6.99, -6.85, -5.72, -7.06, -7.11, -7.18, -7.26, -7.32, -5.59, -5.63, -5.7, -5.85, -6.12, -6.52, -6.84, -6.18, -5.75, -5.41, -5.14, -3.87, -6.66, -6.47, -6.34, -6.62, -6.75, -6.89, -7.02, -7.12, -5.67, -5.72, -3.23, -3.4, -3.62, -5.44, -5.36, -5.05, -4.72, -4.52, -3.34, -3.5, -3.68, -4.07, -4.2, -5.34, -5.42, -5.49, -5.67, -5.76, -2.91, -2.96, -3.01, -3.06, -4.75, -4.55, -4.17, -3.66, -3.34, -3.39, -2.74, -3.17, -3.55, -3.89, -3.75, -4.11, -3.98, -3.88, -3.8, -3.75, -2.79, -2.79, -2.78, -2.72, -4.16, -3.72, -3.01, -2.04, -1.54, -1.56, -2.31, -2.87, -3.44, -3.68, -4.37, -4.16, -3.97, -3.85, -3.77, -3.72, -2.67, -2.63, -2.56, -4.06, -3.7, -3.12, -2.17, -0.61, 0.86, -0.79, -1.21, -2.02, -2.8, -3.46, -4.18, -4.06, -3.91, -3.8, -3.72, -3.67, -2.56, -2.49, -3.17, -2.96, -2.65, -2.18, -1.48, -0.49, 0.41, -0.43, -1.31, -2.0, -2.65, -3.15, -3.96, -3.89, -3.79, -3.71, -3.65, -3.62, -3.32, -3.22, -3.08, -2.89, -2.62, -2.26, -1.8, -1.33, -0.69, -1.09, -1.62, -2.09, -2.58, -3.81, -3.79, -3.74, -3.68, -3.62, -3.58, -3.55, -3.27, -3.17, -3.05, -2.89, -2.69, -2.46, -2.22, -0.94, -1.52, -1.75, -2.03, -2.28, -4.39, -3.7, -3.68, -3.65, -3.61, -3.55, -3.5, -3.48, -3.24, -3.16, -3.06, -1.29, -1.31, -1.35, -1.43, -1.57, -1.75, -1.87, -1.87, -2.55, -3.61, -3.62, -3.59, -3.6, -3.64, -3.49, -3.39, -3.4, -1.36, -1.38, -1.41, -1.45, -1.52, -1.63, -1.81, -2.09, -2.44, -2.62, -2.42, -3.6, -3.62, -3.53, -3.47, -3.53, -3.93, -3.23, -3.23, -3.31, -1.43, -1.47, -1.51, -1.58, -1.68, -1.83, -2.06, -2.44, -3.05, -3.54, -2.86, -3.55, -3.53, -3.52, -3.43, -3.34, -3.07, -2.72, -3.11, -3.25, -1.49, -1.54, -1.59, -1.67, -1.78, -1.94, -2.17, -2.52, -3.06, -3.47, -3.57, -3.4, -3.39, -3.51, -3.41, -2.89, -2.84, -2.78, -3.15, -3.25, -1.54, -1.59, -1.65, -1.73, -1.83, -1.97, -2.15, -2.37, -2.6, -2.66, -3.18, -3.13, -3.2, -2.59, -2.72, -2.79, -2.8, -2.8, -2.81, -2.82, -1.58, -1.63, -1.69, -1.76, -1.85, -1.96, -2.07, -2.18, -2.23, -2.76, -2.61, -2.38, -2.43, -2.43, -2.62, -2.7, -2.75, -2.77, -2.78, -2.79, -1.6, -1.65, -1.71, -1.77, -1.84, -1.92, -1.99, -2.03, -2.0, -2.27, -1.78, -2.13, -2.3, -2.37, -2.54, -2.63, -2.69, -2.73, -2.75, -2.76, -1.62, -1.66, -1.71, -1.77, -1.82, -1.88, -1.92, -1.93, -2.3, -2.05, -1.89, -2.1, -2.25, -2.33, -2.48, -2.58, -2.64, -2.68, -2.71, -2.73, -1.63, -1.67, -1.71, -1.76, -1.8, -1.84, -1.87, -1.88, -2.31, -2.18, -2.12, -2.18, -2.27, -2.32, -2.45, -2.54, -2.6, -2.65, -2.68, -2.7, -1.64, -1.67, -1.71, -1.75, -1.78, -1.81, -1.83, -2.42, -2.35, -2.28, -2.24, -2.26, -2.3, -2.33, -2.44, -2.52, -2.57, -2.62, -2.65, -2.67]}, {"header": {"refTime": "2023-09-08T03:00:00.000Z", "nx": 21, "ny": 33, "lo1": 113.509, "la1": 22.2235, "lo2": 113.5947, "la2": 22.1034, "dx": 0.0042850000000001385, "dy": 0.003753125000000024, "parameterCategory": 2, "parameterCategoryName": "Temperature", "parameterNumber": 3}, "data": [-0.5, -0.49, -0.48, -0.0, -0.02, -0.44, -0.44, -0.45, -0.47, -0.46, -0.49, -0.53, -0.75, -0.76, -0.51, -0.47, -0.42, -0.38, -0.35, -0.33, -0.51, -0.5, -0.48, -0.47, -0.02, -0.05, -0.43, -0.43, -0.44, -0.45, -0.5, -0.56, -0.78, -0.8, -0.53, -0.47, -0.41, -0.36, -0.32, -0.3, -0.52, -0.51, -0.49, -0.47, -0.01, -0.04, -0.09, -0.41, -0.39, -0.43, -0.51, -0.61, -0.84, -0.84, -0.56, -0.46, -0.38, -0.32, -0.28, -0.26, -0.53, -0.52, -0.5, -0.48, -0.45, -0.02, -0.06, -0.12, -0.19, -0.44, -0.54, -0.69, -0.94, -0.75, -0.58, -0.44, -0.32, -0.25, -0.22, -0.21, -0.55, -0.54, -0.52, -0.5, -0.47, 0.02, 0.01, -0.01, -0.02, -0.41, -0.53, -0.79, -1.08, -0.82, -0.57, -0.38, -0.23, -0.15, -0.13, -0.15, -0.57, -0.57, -0.55, -0.53, -0.49, -0.43, 0.07, 0.08, 0.1, 0.13, -0.4, -0.64, -0.87, -0.74, -0.5, -0.28, -0.07, 0.01, -0.03, -0.09, -0.04, -0.6, -0.59, -0.58, -0.54, -0.46, -0.15, 0.14, 0.17, 0.18, 0.16, -0.37, -0.54, -0.53, -0.41, -0.17, 0.13, 0.25, 0.17, 0.09, -0.05, -0.09, -0.12, -0.18, -0.17, -0.36, -0.21, 0.0, 0.19, 0.21, 0.29, -0.07, -0.12, -0.35, 0.12, 0.22, 0.34, 0.38, 0.32, 0.27, -0.06, -0.1, -0.16, -0.23, -0.3, -0.27, -0.11, -0.14, 0.48, 0.16, 0.15, 0.05, 0.11, 0.08, 0.13, 0.19, 0.26, 0.29, 0.28, 0.26, 0.3, 0.24, 0.15, -0.29, -0.47, -0.59, -0.27, 0.08, 0.69, 0.66, 0.13, 0.13, 0.18, 0.12, 0.14, 0.17, 0.22, 0.24, 0.24, 0.23, 0.32, 0.27, 0.18, 0.02, -0.32, -1.32, -0.07, 0.57, 0.5, 0.84, 0.73, 0.13, 0.13, 0.12, 0.14, 0.16, 0.19, 0.21, 0.21, 0.21, 0.36, 0.32, 0.26, 0.16, -0.0, -0.08, 0.41, 0.96, 1.16, 1.27, 0.83, 0.48, 0.4, 0.12, 0.14, 0.15, 0.17, 0.16, 0.17, 0.16, 0.41, 0.39, 0.37, 0.36, 0.4, 0.63, 0.97, 1.07, 1.14, 0.98, 1.19, 0.55, 0.47, -0.13, -0.15, 0.1, 0.1, 0.11, 0.12, 0.12, 0.45, 0.45, 0.47, 0.52, 0.64, 0.93, 1.39, 1.09, 1.01, 0.94, 1.22, 0.54, 0.42, 0.33, -0.19, 0.02, 0.04, 0.05, 0.07, 0.08, 0.5, 0.51, 0.54, 0.61, 0.72, 0.9, 1.04, 1.12, 1.02, 0.93, 0.87, 0.14, 0.33, 0.23, 0.17, -0.06, -0.03, -0.0, 0.02, 0.04, 0.53, 0.55, -0.03, 0.04, 0.13, 0.94, 0.92, 0.85, 0.77, 0.72, 0.07, 0.01, -0.06, -0.37, -0.37, 0.32, 0.45, 0.58, 0.73, 0.81, -0.11, -0.09, -0.06, -0.02, 0.77, 0.73, 0.63, 0.51, 0.43, 0.45, -0.08, -0.1, -0.16, -0.25, -0.12, 0.15, 0.37, 0.53, 0.65, 0.73, -0.12, -0.11, -0.09, -0.08, 0.63, 0.53, 0.36, 0.12, 0.0, -0.23, -0.18, -0.18, -0.23, -0.14, -0.41, 0.08, 0.39, 0.59, 0.71, 0.79, -0.13, -0.13, -0.12, 0.61, 0.52, 0.38, 0.15, -0.22, -0.63, -0.38, -0.56, -0.52, 0.08, 0.01, 0.04, 0.27, 0.53, 0.7, 0.81, 0.86, -0.15, -0.15, 0.18, 0.13, 0.07, -0.03, -0.17, -0.36, -0.67, -0.6, -0.55, -0.51, 0.22, 0.26, 0.46, 0.59, 0.76, 0.87, 0.93, 0.96, 0.19, 0.17, 0.13, 0.09, 0.03, -0.05, -0.14, -0.24, -0.57, -0.54, -0.51, -0.49, 0.4, 0.72, 0.79, 0.91, 1.02, 1.08, 1.08, 1.05, 0.16, 0.14, 0.11, 0.06, 0.01, -0.04, -0.1, -0.25, -0.49, -0.47, -0.46, -0.45, 0.75, 0.92, 1.04, 1.2, 1.31, 1.3, 1.21, 1.14, 0.14, 0.12, 0.09, -0.11, -0.12, -0.14, -0.15, -0.15, -0.15, -0.13, -0.11, 0.51, 0.97, 1.07, 1.22, 1.45, 1.69, 1.51, 1.29, 1.18, -0.05, -0.06, -0.06, -0.07, -0.08, -0.08, -0.08, -0.08, -0.08, -0.08, -0.05, 0.9, 0.92, 1.13, 1.34, 1.54, 2.29, 1.4, 1.23, 1.17, -0.03, -0.03, -0.03, -0.03, -0.03, -0.03, -0.03, -0.03, -0.06, -0.09, -0.02, 0.82, 1.11, 1.08, 1.26, 1.39, 1.2, 0.85, 1.12, 1.14, -0.01, -0.0, 0.0, 0.01, 0.02, 0.02, 0.03, 0.03, -0.01, -0.05, 0.5, 0.81, 1.07, 1.03, 1.17, 1.39, 1.28, 1.2, 1.1, 1.12, 0.02, 0.02, 0.03, 0.04, 0.06, 0.08, 0.09, 0.11, 0.12, 0.15, 0.68, 0.86, 1.05, 1.32, 1.35, 1.35, 1.31, 1.28, 1.3, 1.32, 0.04, 0.05, 0.06, 0.08, 0.1, 0.12, 0.16, 0.21, 0.28, 0.77, 0.84, 0.48, 0.42, 0.36, 1.31, 1.32, 1.31, 1.31, 1.31, 1.32, 0.05, 0.07, 0.08, 0.1, 0.13, 0.17, 0.21, 0.28, 0.4, 0.88, 0.8, 0.6, 0.48, 0.4, 1.28, 1.3, 1.31, 1.31, 1.32, 1.33, 0.07, 0.09, 0.1, 0.13, 0.16, 0.2, 0.25, 0.33, 0.53, 0.66, 0.74, 0.62, 0.5, 0.43, 1.26, 1.29, 1.3, 1.31, 1.32, 1.32, 0.08, 0.1, 0.12, 0.14, 0.17, 0.21, 0.26, 0.33, 0.52, 0.58, 0.61, 0.56, 0.49, 0.43, 1.25, 1.27, 1.29, 1.3, 1.31, 1.32, 0.1, 0.11, 0.13, 0.16, 0.18, 0.22, 0.26, 0.45, 0.49, 0.52, 0.53, 0.51, 0.47, 0.43, 1.25, 1.27, 1.29, 1.3, 1.31, 1.32]}, {"header": {"refTime": "2023-09-08T03:00:00.000Z", "nx": 21, "ny": 33, "lo1": 113.509, "la1": 22.2235, "lo2": 113.5947, "la2": 22.1034, "dx": 0.0042850000000001385, "dy": 0.003753125000000024, "parameterCategory": 0, "parameterCategoryName": "Temperature", "parameterNumber": 0}, "data": [[25.99, 25.98, 25.97, 25.69, 25.7, 25.89, 25.9, 25.9, 25.91, 25.83, 25.83, 25.84, 26.0, 26.01, 26.01, 26.01, 26.04, 26.04, 26.03, 26.03], [25.99, 25.98, 25.98, 25.97, 25.7, 25.71, 25.89, 25.9, 25.9, 25.84, 25.84, 25.84, 26.01, 26.02, 26.02, 26.04, 26.04, 26.03, 26.03, 26.03], [26.0, 25.99, 25.98, 25.97, 25.69, 25.71, 25.74, 25.9, 25.9, 25.85, 25.84, 25.86, 26.02, 26.03, 26.05, 26.04, 26.04, 26.03, 26.03, 26.03], [26.0, 26.0, 25.99, 25.98, 25.96, 25.7, 25.72, 25.76, 25.79, 25.83, 25.84, 25.88, 26.04, 25.92, 26.05, 26.04, 26.03, 26.03, 26.03, 26.03], [26.01, 26.01, 26.0, 25.99, 25.97, 25.68, 25.69, 25.7, 25.7, 25.78, 25.81, 25.92, 26.03, 25.94, 26.05, 26.04, 26.03, 26.03, 26.02, 26.02], [26.02, 26.02, 26.01, 26.0, 25.98, 25.96, 25.66, 25.66, 25.64, 25.6, 25.77, 25.87, 25.96, 26.07, 26.04, 26.03, 26.02, 26.02, 26.02, 26.02], [26.09, 26.03, 26.03, 26.02, 26.01, 25.98, 25.77, 25.64, 25.62, 25.57, 25.56, 25.8, 26.04, 26.05, 26.03, 26.03, 26.01, 26.01, 26.02, 26.02], [26.1, 26.1, 26.11, 26.1, 26.09, 25.87, 25.81, 25.73, 25.67, 25.55, 25.41, 25.78, 25.79, 26.05, 26.0, 26.0, 26.0, 26.0, 26.0, 26.0], [26.0, 26.01, 26.13, 26.14, 26.15, 26.12, 26.04, 25.78, 25.57, 25.59, 25.57, 25.67, 25.72, 25.66, 26.0, 26.0, 26.0, 26.0, 26.0, 26.0], [26.4, 26.4, 26.4, 26.07, 26.12, 26.24, 26.16, 26.04, 25.47, 25.49, 25.73, 25.61, 25.65, 25.63, 26.0, 26.0, 26.0, 26.0, 26.0, 26.0], [26.4, 26.4, 26.4, 26.4, 26.4, 26.4, 26.4, 26.4, 26.15, 25.56, 25.3, 25.57, 25.6, 25.6, 26.0, 26.0, 26.0, 26.0, 26.0, 26.0], [26.4, 26.4, 26.4, 26.4, 26.4, 26.4, 26.4, 26.4, 26.4, -999.0, 25.3, 26.0, 26.0, 25.58, 26.0, 26.0, 26.0, 25.55, 25.56, 25.56], [26.4, 26.4, 26.4, 26.4, 26.4, 26.4, 26.4, 26.4, 26.4, 26.4, -999.0, 26.0, 26.0, 25.48, 25.71, 25.71, 25.71, 25.62, 25.63, 25.64], [26.4, 26.4, 26.4, 26.4, 26.4, 26.4, 26.4, 26.4, 26.4, 26.4, -999.0, 25.2, 25.2, 25.2, 25.64, 25.64, 25.65, 25.55, 25.58, 25.59], [26.4, 26.4, 26.4, 26.4, 26.4, 26.4, 26.4, 26.2, 26.2, 26.2, 26.2, 25.82, 25.2, 25.2, 25.2, 25.57, 25.59, 25.5, 25.53, 25.55], [26.4, 26.4, 26.27, 26.27, 26.27, 26.2, 26.2, 26.2, 26.2, 26.2, 25.57, 25.64, 25.55, 25.46, 25.56, 25.57, 25.62, 25.52, 25.68, 25.71], [26.27, 26.27, 26.33, 26.33, 26.2, 26.2, 26.2, 26.2, 26.2, 26.2, 25.77, 25.65, 25.52, 25.4, 25.43, 25.45, 25.54, 25.61, 25.66, 25.7], [26.33, 26.33, 26.32, 26.32, 26.2, 26.2, 26.2, 26.2, 26.2, 25.95, 25.81, 25.66, 25.51, 25.44, 25.23, 25.43, 25.55, 25.64, 25.69, 25.72], [26.32, 26.32, 26.32, 26.2, 26.2, 26.2, 26.2, 26.2, 26.11, 26.01, 25.93, 25.81, 25.65, 25.52, 25.41, 25.5, 25.61, 25.68, 25.73, 25.75], [26.32, 26.32, 26.26, 26.25, 26.25, 26.25, 26.24, 26.22, 26.12, 26.05, 25.95, 25.85, 25.72, 25.64, 25.58, 25.63, 25.7, 25.75, 25.78, 25.79], [26.26, 26.26, 26.26, 26.24, 26.24, 26.24, 26.23, 26.23, 26.07, 26.03, 25.97, 25.89, 25.78, 25.68, 25.71, 25.75, 25.8, 25.82, 25.83, 25.83], [26.25, 26.25, 26.25, 26.24, 26.24, 26.24, 26.24, 26.23, 26.06, 26.04, 26.0, 25.94, 25.88, 25.76, 25.8, 25.85, 25.89, 25.9, 25.89, 25.87], [26.25, 26.25, 26.25, 26.24, 26.24, 26.24, 26.24, 26.24, 26.25, 26.25, 26.25, 26.24, 26.15, 25.82, 25.87, 25.94, 26.0, 25.98, 25.93, 25.9], [26.24, 26.24, 26.24, 26.24, 26.24, 26.24, 26.25, 26.25, 26.26, 26.26, 26.26, 26.25, 26.15, 26.13, 26.11, 25.98, 26.11, 26.0, 25.95, 25.92], [26.24, 26.24, 26.24, 26.24, 26.24, 26.24, 26.25, 26.26, 26.27, 26.28, 26.27, 26.25, 26.24, 26.13, 26.1, 26.08, 25.98, 25.95, 25.94, 25.92], [26.24, 26.24, 26.24, 26.24, 26.24, 26.24, 26.25, 26.26, 26.27, 26.28, 26.26, 26.25, 26.24, 26.13, 26.1, 26.07, 26.05, 26.03, 25.93, 25.92], [26.24, 26.24, 26.24, 26.24, 26.24, 26.24, 26.25, 26.25, 26.25, 26.26, 26.25, 26.24, 26.24, 26.1, 26.09, 26.07, 26.06, 26.05, 26.06, 26.06], [26.24, 26.24, 26.24, 26.24, 26.24, 26.24, 26.24, 26.24, 26.24, 26.23, 26.23, 26.19, 26.17, 26.14, 26.1, 26.08, 26.07, 26.07, 26.07, 26.07], [26.24, 26.24, 26.24, 26.24, 26.24, 26.24, 26.24, 26.24, 26.23, 26.22, 26.2, 26.19, 26.17, 26.15, 26.1, 26.09, 26.08, 26.08, 26.07, 26.07], [26.24, 26.24, 26.24, 26.24, 26.24, 26.24, 26.24, 26.23, 26.19, 26.19, 26.19, 26.18, 26.17, 26.15, 26.11, 26.1, 26.09, 26.08, 26.08, 26.08], [26.24, 26.24, 26.24, 26.24, 26.24, 26.24, 26.23, 26.23, 26.19, 26.19, 26.18, 26.18, 26.17, 26.15, 26.11, 26.1, 26.09, 26.09, 26.09, 26.08], [26.24, 26.24, 26.24, 26.24, 26.23, 26.23, 26.23, 26.18, 26.18, 26.18, 26.18, 26.17, 26.16, 26.15, 26.11, 26.11, 26.1, 26.09, 26.09, 26.09]]}]