gis_exercise/awsData/contour/wdir_2023090900.json
[{"header": {"refTime": "2023-09-09T00:00:00.000Z", "nx": 21, "ny": 33, "lo1": 113.509, "la1": 22.2235, "lo2": 113.5947, "la2": 22.1034, "dx": 0.0042850000000001385, "dy": 0.003753125000000024, "parameterCategory": 2, "parameterCategoryName": "Temperature", "parameterNumber": 2}, "data": [-2.64, -2.62, -2.6, -2.16, -2.15, -2.53, -2.48, -2.43, -2.42, -2.21, -2.28, -2.35, -2.95, -3.01, -3.75, -3.89, -4.53, -4.6, -4.66, -4.69, -2.66, -2.64, -2.61, -2.58, -2.15, -2.13, -2.44, -2.34, -2.28, -2.16, -2.28, -2.39, -2.99, -3.05, -3.79, -4.46, -4.57, -4.66, -4.71, -4.75, -2.67, -2.66, -2.63, -2.6, -2.17, -2.14, -2.1, -2.27, -1.99, -2.12, -2.31, -2.46, -3.06, -3.11, -4.31, -4.48, -4.63, -4.74, -4.8, -4.82, -2.7, -2.68, -2.66, -2.64, -2.6, -2.18, -2.14, -2.08, -2.02, -2.17, -2.37, -2.59, -3.17, -3.12, -4.29, -4.53, -4.73, -4.86, -4.91, -4.92, -2.72, -2.71, -2.7, -2.68, -2.66, -2.22, -2.21, -2.18, -2.15, -2.23, -2.41, -3.11, -3.25, -3.16, -4.31, -4.64, -4.91, -5.06, -5.08, -5.03, -2.75, -2.75, -2.74, -2.74, -2.72, -2.71, -2.3, -2.31, -2.27, -2.17, -2.82, -3.04, -3.19, -4.06, -4.39, -4.81, -5.2, -5.37, -5.28, -5.15, -3.68, -2.78, -2.79, -2.79, -2.79, -2.79, -2.71, -2.48, -2.46, -2.54, -2.47, -2.99, -4.25, -4.33, -4.5, -4.98, -5.6, -5.83, -5.83, -5.7, -3.7, -3.67, -3.64, -3.94, -3.9, -2.77, -2.76, -2.8, -2.92, -2.45, -1.99, -3.75, -4.1, -4.61, -5.47, -5.7, -5.97, -6.07, -5.92, -5.83, -3.71, -3.69, -3.66, -3.62, -3.88, -3.85, -3.86, -2.76, -3.24, -2.61, -3.45, -4.25, -5.06, -4.67, -5.52, -5.66, -5.81, -5.88, -5.84, -5.79, -4.66, -4.61, -4.53, -3.63, -3.55, -3.75, -3.95, -4.15, -3.75, -3.52, -3.95, -4.59, -5.3, -4.81, -5.56, -5.62, -5.71, -5.76, -5.76, -5.74, -4.67, -4.62, -4.54, -4.4, -4.12, -3.28, -4.4, -5.07, -4.83, -4.16, -4.93, -4.45, -4.68, -4.62, -5.57, -5.6, -5.65, -5.69, -5.7, -5.7, -4.69, -4.65, -4.59, -4.5, -4.36, -4.3, -4.77, -5.51, -5.84, -6.09, -5.15, -5.66, -5.62, -4.45, -5.56, -5.59, -5.62, -5.21, -5.2, -5.18, -4.72, -4.7, -4.67, -4.65, -4.66, -4.79, -5.04, -5.45, -5.71, -5.47, -6.03, -5.69, -5.64, -4.41, -4.32, -4.95, -4.96, -4.97, -4.99, -5.01, -4.76, -4.75, -4.75, -4.76, -4.82, -4.95, -5.08, -5.22, -5.37, -5.34, -5.99, -5.18, -4.98, -4.8, -4.04, -4.62, -4.66, -4.72, -4.78, -4.83, -4.79, -4.79, -4.8, -4.83, -4.89, -4.98, -5.06, -4.87, -4.82, -4.73, -4.64, -3.6, -4.64, -4.41, -4.27, -4.23, -4.33, -4.46, -4.57, -4.66, -4.82, -4.83, -3.56, -3.61, -3.67, -4.55, -4.52, -4.45, -4.37, -4.33, -3.46, -3.33, -3.17, -3.0, -2.96, -3.34, -3.46, -3.57, -3.69, -3.79, -3.46, -3.47, -3.48, -3.49, -4.32, -4.23, -4.09, -3.91, -3.8, -3.85, -3.14, -3.09, -2.96, -2.77, -2.38, -2.46, -2.52, -2.56, -2.59, -2.61, -3.41, -3.41, -3.39, -3.36, -4.1, -3.93, -3.64, -3.26, -3.07, -2.54, -2.64, -2.93, -2.83, -2.37, -2.31, -2.44, -2.53, -2.58, -2.61, -2.63, -3.36, -3.35, -3.31, -4.08, -3.93, -3.69, -3.31, -2.69, -1.97, -2.34, -2.24, -2.32, -2.39, -2.41, -2.43, -2.5, -2.57, -2.61, -2.64, -2.65, -3.32, -3.29, -3.32, -3.26, -3.15, -3.0, -2.77, -2.45, -2.01, -2.16, -2.29, -2.36, -2.43, -2.48, -2.55, -2.59, -2.63, -2.66, -2.67, -2.67, -3.37, -3.33, -3.29, -3.22, -3.13, -3.01, -2.87, -2.71, -2.25, -2.32, -2.39, -2.43, -2.49, -2.62, -2.64, -2.68, -2.71, -2.72, -2.71, -2.7, -3.35, -3.31, -3.27, -3.21, -3.15, -3.07, -2.99, -2.45, -2.47, -2.51, -2.54, -2.54, -3.1, -2.68, -2.72, -2.77, -2.81, -2.79, -2.75, -2.71, -3.33, -3.3, -3.26, -2.52, -2.53, -2.54, -2.57, -2.62, -2.68, -2.71, -2.7, -3.01, -3.09, -2.72, -2.77, -2.85, -2.95, -2.86, -2.76, -2.72, -2.52, -2.53, -2.54, -2.55, -2.58, -2.62, -2.67, -2.77, -2.88, -2.94, -2.86, -3.2, -3.1, -3.04, -3.0, -2.87, -3.24, -2.77, -2.7, -2.7, -2.54, -2.55, -2.56, -2.58, -2.61, -2.66, -2.74, -2.86, -3.07, -3.24, -3.0, -3.18, -3.17, -3.03, -2.97, -2.91, -2.66, -2.46, -2.64, -2.67, -2.55, -2.56, -2.58, -2.6, -2.63, -2.68, -2.76, -2.87, -3.06, -3.2, -3.19, -3.11, -3.11, -3.03, -2.96, -2.7, -2.65, -2.61, -2.64, -2.66, -2.56, -2.57, -2.59, -2.61, -2.64, -2.68, -2.73, -2.8, -2.87, -2.88, -3.01, -2.99, -3.02, -2.61, -2.65, -2.66, -2.65, -2.64, -2.65, -2.66, -2.56, -2.57, -2.59, -2.61, -2.63, -2.66, -2.68, -2.7, -2.69, -2.82, -2.75, -2.59, -2.58, -2.55, -2.62, -2.64, -2.64, -2.64, -2.65, -2.65, -2.56, -2.58, -2.59, -2.6, -2.62, -2.63, -2.64, -2.63, -2.58, -2.6, -2.36, -2.48, -2.53, -2.53, -2.59, -2.62, -2.63, -2.64, -2.64, -2.65, -2.57, -2.57, -2.58, -2.59, -2.6, -2.61, -2.61, -2.59, -2.56, -2.46, -2.4, -2.47, -2.51, -2.52, -2.57, -2.6, -2.62, -2.63, -2.64, -2.64, -2.56, -2.57, -2.58, -2.59, -2.59, -2.59, -2.58, -2.57, -2.56, -2.51, -2.48, -2.49, -2.51, -2.52, -2.56, -2.59, -2.61, -2.62, -2.63, -2.64, -2.56, -2.57, -2.57, -2.58, -2.58, -2.58, -2.57, -2.6, -2.56, -2.54, -2.52, -2.52, -2.52, -2.52, -2.56, -2.58, -2.6, -2.61, -2.62, -2.63]}, {"header": {"refTime": "2023-09-09T00:00:00.000Z", "nx": 21, "ny": 33, "lo1": 113.509, "la1": 22.2235, "lo2": 113.5947, "la2": 22.1034, "dx": 0.0042850000000001385, "dy": 0.003753125000000024, "parameterCategory": 2, "parameterCategoryName": "Temperature", "parameterNumber": 3}, "data": [0.5, 0.5, 0.49, 0.8, 0.76, 0.71, 0.65, 0.6, 0.58, 0.6, 0.7, 0.79, 1.29, 1.37, 2.24, 2.43, 3.44, 3.54, 3.62, 3.67, 0.51, 0.5, 0.5, 0.48, 0.77, 0.71, 0.61, 0.5, 0.43, 0.51, 0.68, 0.82, 1.32, 1.4, 2.28, 3.32, 3.48, 3.61, 3.7, 3.75, 0.51, 0.51, 0.51, 0.5, 0.8, 0.73, 0.62, 0.42, 0.11, 0.44, 0.71, 0.88, 1.38, 1.45, 3.09, 3.34, 3.57, 3.72, 3.82, 3.85, 0.52, 0.52, 0.52, 0.52, 0.51, 0.79, 0.7, 0.55, 0.41, 0.57, 0.81, 0.99, 1.44, 1.76, 3.05, 3.42, 3.71, 3.9, 3.98, 3.99, 0.52, 0.52, 0.53, 0.54, 0.55, 0.88, 0.84, 0.79, 0.77, 0.78, 0.94, 1.7, 1.51, 1.73, 3.07, 3.57, 3.97, 4.18, 4.21, 4.15, 0.52, 0.53, 0.54, 0.55, 0.58, 0.62, 0.99, 1.02, 1.04, 1.05, 1.84, 1.81, 1.71, 2.43, 3.23, 3.83, 4.38, 4.61, 4.49, 4.32, 1.42, 0.52, 0.53, 0.55, 0.59, 0.67, 1.12, 1.21, 1.25, 1.77, 1.85, 2.07, 2.83, 2.84, 3.44, 4.09, 4.93, 5.25, 4.94, 4.68, 1.41, 1.38, 1.34, 1.47, 1.46, 0.94, 1.08, 1.29, 1.61, 1.71, 1.58, 2.92, 3.17, 3.18, 4.44, 4.83, 5.3, 5.47, 5.22, 5.04, 1.41, 1.37, 1.31, 1.24, 1.33, 1.35, 1.51, 1.15, 1.89, 1.8, 2.64, 3.19, 3.7, 3.46, 4.41, 4.7, 4.99, 5.12, 5.07, 4.97, 2.05, 1.98, 1.88, 1.18, 1.0, 1.02, 1.38, 1.78, 2.25, 2.16, 2.97, 3.38, 3.82, 3.52, 4.4, 4.6, 4.79, 4.9, 4.91, 4.88, 2.07, 2.0, 1.9, 1.71, 1.32, 0.16, 1.65, 2.47, 2.4, 2.53, 3.31, 3.29, 3.44, 3.41, 4.41, 4.54, 4.67, 4.76, 4.8, 4.8, 2.11, 2.06, 1.98, 1.87, 1.67, 1.58, 2.19, 2.98, 3.3, 3.82, 3.4, 3.89, 3.9, 3.3, 4.42, 4.51, 4.6, 4.14, 4.16, 4.16, 2.16, 2.13, 2.1, 2.08, 2.12, 2.35, 2.73, 3.02, 3.21, 2.97, 3.84, 3.87, 3.88, 3.1, 3.03, 3.78, 3.82, 3.88, 3.92, 3.95, 2.21, 2.21, 2.22, 2.26, 2.38, 2.64, 3.04, 2.91, 2.94, 2.87, 3.8, 3.27, 3.15, 3.04, 2.78, 3.45, 3.53, 3.61, 3.69, 3.76, 2.26, 2.27, 2.3, 2.36, 2.47, 2.64, 2.78, 3.14, 3.14, 3.11, 3.07, 2.35, 2.9, 2.75, 2.65, 3.08, 3.2, 3.34, 3.47, 3.57, 2.3, 2.32, 1.82, 1.88, 1.98, 3.01, 3.0, 2.98, 2.95, 2.94, 2.33, 2.2, 2.04, 2.01, 1.95, 2.32, 2.46, 2.6, 3.11, 3.25, 1.77, 1.8, 1.84, 1.89, 2.93, 2.89, 2.83, 2.76, 2.72, 2.74, 2.19, 2.08, 1.9, 1.7, 1.58, 1.71, 1.89, 2.02, 2.12, 2.18, 1.78, 1.81, 1.84, 1.88, 2.84, 2.77, 2.66, 2.5, 2.43, 2.02, 1.96, 2.0, 1.82, 1.58, 1.28, 1.66, 1.91, 2.07, 2.17, 2.23, 1.79, 1.82, 1.84, 2.83, 2.77, 2.68, 2.52, 2.27, 1.94, 1.97, 1.64, 1.55, 1.86, 1.71, 1.63, 1.81, 2.02, 2.16, 2.24, 2.29, 1.8, 1.82, 2.22, 2.21, 2.18, 2.14, 2.09, 2.02, 1.8, 1.72, 1.64, 1.56, 1.99, 1.94, 1.96, 2.06, 2.2, 2.29, 2.34, 2.36, 2.21, 2.2, 2.18, 2.16, 2.13, 2.1, 2.06, 2.02, 1.71, 1.68, 1.62, 1.57, 2.12, 2.16, 2.22, 2.31, 2.4, 2.45, 2.45, 2.44, 2.18, 2.17, 2.15, 2.12, 2.09, 2.06, 2.02, 1.63, 1.66, 1.63, 1.6, 1.57, 2.13, 2.33, 2.42, 2.53, 2.62, 2.62, 2.56, 2.51, 2.16, 2.14, 2.12, 1.56, 1.57, 1.57, 1.58, 1.58, 1.57, 1.56, 1.55, 2.23, 2.4, 2.44, 2.56, 2.72, 2.89, 2.78, 2.63, 2.55, 1.53, 1.53, 1.53, 1.54, 1.54, 1.54, 1.54, 1.54, 1.53, 1.53, 1.52, 1.96, 2.36, 2.52, 2.67, 2.79, 3.28, 2.73, 2.61, 2.56, 1.52, 1.52, 1.52, 1.52, 1.52, 1.51, 1.51, 1.51, 1.52, 1.52, 1.5, 1.88, 2.07, 2.48, 2.62, 2.72, 2.61, 2.4, 2.54, 2.54, 1.51, 1.5, 1.5, 1.5, 1.49, 1.49, 1.48, 1.48, 1.49, 1.51, 1.69, 1.81, 1.98, 2.44, 2.55, 2.54, 2.54, 2.5, 2.53, 2.53, 1.5, 1.49, 1.49, 1.48, 1.47, 1.46, 1.45, 1.44, 1.43, 1.42, 1.63, 1.72, 1.88, 2.2, 2.34, 2.43, 2.47, 2.48, 2.48, 2.48, 1.48, 1.48, 1.47, 1.46, 1.45, 1.44, 1.42, 1.4, 1.36, 1.5, 1.48, 1.33, 1.4, 1.46, 2.24, 2.34, 2.4, 2.43, 2.44, 2.44, 1.48, 1.47, 1.46, 1.45, 1.44, 1.42, 1.4, 1.36, 1.31, 1.35, 1.13, 1.26, 1.36, 1.43, 2.15, 2.26, 2.33, 2.37, 2.39, 2.4, 1.47, 1.46, 1.45, 1.44, 1.42, 1.4, 1.38, 1.34, 1.29, 1.22, 1.17, 1.26, 1.34, 1.41, 2.09, 2.2, 2.27, 2.32, 2.35, 2.37, 1.46, 1.45, 1.44, 1.43, 1.42, 1.4, 1.37, 1.34, 1.31, 1.27, 1.26, 1.3, 1.35, 1.4, 2.06, 2.15, 2.22, 2.27, 2.31, 2.33, 1.46, 1.45, 1.44, 1.43, 1.41, 1.39, 1.37, 1.36, 1.33, 1.32, 1.32, 1.34, 1.37, 1.41, 2.04, 2.12, 2.19, 2.24, 2.27, 2.3]}, {"header": {"refTime": "2023-09-09T00:00:00.000Z", "nx": 21, "ny": 33, "lo1": 113.509, "la1": 22.2235, "lo2": 113.5947, "la2": 22.1034, "dx": 0.0042850000000001385, "dy": 0.003753125000000024, "parameterCategory": 0, "parameterCategoryName": "Temperature", "parameterNumber": 0}, "data": [[26.1, 26.09, 26.09, 25.84, 25.85, 26.12, 26.12, 26.12, 26.13, 26.02, 26.02, 26.03, 26.27, 26.28, 26.28, 26.28, 26.34, 26.34, 26.33, 26.33], [26.1, 26.1, 26.09, 26.09, 25.85, 25.87, 26.11, 26.12, 26.12, 26.03, 26.03, 26.04, 26.28, 26.29, 26.29, 26.34, 26.34, 26.33, 26.33, 26.33], [26.1, 26.1, 26.09, 26.09, 25.84, 25.86, 25.9, 26.11, 26.1, 26.04, 26.03, 26.06, 26.29, 26.3, 26.35, 26.34, 26.34, 26.33, 26.33, 26.33], [26.1, 26.1, 26.1, 26.09, 26.09, 25.85, 25.88, 25.92, 25.96, 26.01, 26.03, 26.09, 26.32, 26.16, 26.35, 26.34, 26.33, 26.33, 26.33, 26.33], [26.11, 26.1, 26.1, 26.09, 26.09, 25.83, 25.84, 25.85, 25.85, 25.95, 25.99, 26.17, 26.3, 26.19, 26.35, 26.34, 26.33, 26.33, 26.32, 26.32], [26.11, 26.11, 26.1, 26.1, 26.09, 26.08, 25.81, 25.8, 25.78, 25.72, 25.95, 26.1, 26.22, 26.37, 26.34, 26.33, 26.32, 26.32, 26.32, 26.32], [26.12, 26.11, 26.11, 26.11, 26.1, 26.08, 25.85, 25.79, 25.76, 25.7, 25.67, 26.0, 26.34, 26.35, 26.33, 26.33, 26.31, 26.31, 26.32, 26.32], [26.13, 26.13, 26.13, 26.13, 26.12, 25.92, 25.88, 25.85, 25.86, 25.66, 25.47, 25.99, 26.0, 26.35, 26.3, 26.3, 26.3, 26.3, 26.3, 26.3], [26.07, 26.08, 26.15, 26.15, 26.16, 26.14, 26.09, 25.86, 25.71, 25.73, 25.68, 25.83, 25.9, 25.81, 26.3, 26.3, 26.3, 26.3, 26.3, 26.3], [26.3, 26.3, 26.3, 26.11, 26.14, 26.21, 26.16, 26.09, 25.56, 25.59, 25.91, 25.74, 25.79, 25.77, 26.3, 26.3, 26.3, 26.3, 26.3, 26.3], [26.3, 26.3, 26.3, 26.3, 26.3, 26.3, 26.3, 26.3, 26.16, 25.69, 25.3, 25.68, 25.73, 25.73, 26.3, 26.3, 26.3, 26.3, 26.3, 26.3], [26.3, 26.3, 26.3, 26.3, 26.3, 26.3, 26.3, 26.3, 26.3, -999.0, 25.3, 26.3, 26.3, 25.7, 26.3, 26.3, 26.3, 25.67, 25.69, 25.69], [26.3, 26.3, 26.3, 26.3, 26.3, 26.3, 26.3, 26.3, 26.3, 26.3, -999.0, 26.3, 26.3, 25.58, 25.9, 25.9, 25.91, 25.77, 25.79, 25.8], [26.3, 26.3, 26.3, 26.3, 26.3, 26.3, 26.3, 26.3, 26.3, 26.3, -999.0, 25.2, 25.2, 25.2, 25.8, 25.81, 25.83, 25.69, 25.72, 25.74], [26.3, 26.3, 26.3, 26.3, 26.3, 26.3, 26.3, 26.2, 26.2, 26.2, 26.2, 25.82, 25.2, 25.2, 25.2, 25.7, 25.74, 25.61, 25.65, 25.68], [26.3, 26.3, 26.24, 26.24, 26.23, 26.2, 26.2, 26.2, 26.2, 26.2, 25.57, 25.64, 25.55, 25.46, 25.56, 25.46, 25.5, 25.43, 25.68, 25.71], [26.24, 26.24, 26.26, 26.26, 26.2, 26.2, 26.2, 26.2, 26.2, 26.2, 25.77, 25.65, 25.52, 25.4, 25.4, 25.38, 25.44, 25.49, 25.53, 25.55], [26.26, 26.26, 26.26, 26.26, 26.2, 26.2, 26.2, 26.2, 26.2, 25.95, 25.81, 25.66, 25.51, 25.41, 25.23, 25.36, 25.45, 25.51, 25.54, 25.57], [26.26, 26.26, 26.26, 26.2, 26.2, 26.2, 26.2, 26.2, 26.11, 26.01, 25.89, 25.77, 25.6, 25.47, 25.35, 25.41, 25.49, 25.54, 25.57, 25.59], [26.26, 26.26, 26.14, 26.15, 26.15, 26.15, 26.16, 26.18, 26.09, 26.01, 25.91, 25.8, 25.65, 25.58, 25.47, 25.5, 25.55, 25.59, 25.61, 25.62], [26.14, 26.14, 26.14, 26.16, 26.16, 26.16, 26.17, 26.17, 26.02, 25.98, 25.91, 25.83, 25.7, 25.54, 25.56, 25.59, 25.62, 25.64, 25.65, 25.65], [26.15, 26.15, 26.15, 26.16, 26.16, 26.16, 26.16, 26.15, 25.99, 25.96, 25.92, 25.87, 25.72, 25.6, 25.63, 25.66, 25.69, 25.7, 25.69, 25.67], [26.15, 26.15, 26.15, 26.14, 26.14, 26.14, 26.14, 26.14, 26.13, 26.13, 26.13, 26.08, 25.91, 25.64, 25.67, 25.72, 25.76, 25.75, 25.72, 25.7], [26.14, 26.14, 26.14, 26.13, 26.13, 26.13, 26.13, 26.13, 26.12, 26.12, 26.12, 26.05, 25.92, 25.89, 25.86, 25.75, 25.84, 25.77, 25.73, 25.71], [26.13, 26.13, 26.13, 26.13, 26.13, 26.13, 26.12, 26.12, 26.11, 26.11, 26.11, 26.06, 26.04, 25.89, 25.86, 25.84, 25.75, 25.73, 25.73, 25.71], [26.13, 26.13, 26.13, 26.13, 26.13, 26.12, 26.12, 26.12, 26.11, 26.11, 26.08, 26.06, 26.05, 25.89, 25.87, 25.84, 25.82, 25.81, 25.72, 25.71], [26.13, 26.13, 26.13, 26.13, 26.13, 26.12, 26.12, 26.12, 26.11, 26.11, 26.07, 26.06, 26.05, 25.91, 25.88, 25.86, 25.84, 25.83, 25.83, 25.84], [26.13, 26.13, 26.13, 26.13, 26.12, 26.12, 26.12, 26.12, 26.11, 26.08, 26.08, 26.04, 26.01, 25.98, 25.9, 25.87, 25.86, 25.85, 25.85, 25.85], [26.13, 26.13, 26.13, 26.12, 26.12, 26.12, 26.12, 26.11, 26.11, 26.09, 26.08, 26.05, 26.02, 25.99, 25.91, 25.89, 25.87, 25.87, 25.86, 25.86], [26.13, 26.13, 26.13, 26.12, 26.12, 26.12, 26.12, 26.11, 26.05, 26.07, 26.07, 26.05, 26.02, 26.0, 25.92, 25.9, 25.89, 25.88, 25.87, 25.87], [26.13, 26.13, 26.12, 26.12, 26.12, 26.12, 26.12, 26.12, 26.05, 26.05, 26.05, 26.04, 26.02, 26.0, 25.93, 25.91, 25.9, 25.89, 25.88, 25.88], [26.13, 26.13, 26.12, 26.12, 26.12, 26.12, 26.12, 26.03, 26.04, 26.04, 26.04, 26.03, 26.01, 26.0, 25.93, 25.92, 25.9, 25.89, 25.89, 25.88]]}]