gis_exercise/awsData/contour/wdir_2023091222.json
[{"header": {"refTime": "2023-09-12T22:00:00.000Z", "nx": 21, "ny": 33, "lo1": 113.509, "la1": 22.2235, "lo2": 113.5947, "la2": 22.1034, "dx": 0.0042850000000001385, "dy": 0.003753125000000024, "parameterCategory": 2, "parameterCategoryName": "Temperature", "parameterNumber": 2}, "data": [-2.11, -2.1, -2.09, -2.0, -1.99, -2.22, -2.19, -2.17, -2.17, -2.22, -2.3, -2.38, -2.82, -2.87, -3.74, -3.89, -4.53, -4.61, -4.67, -4.71, -2.12, -2.11, -2.09, -2.08, -1.99, -1.97, -2.16, -2.1, -2.07, -2.16, -2.3, -2.42, -2.86, -2.92, -3.78, -4.45, -4.57, -4.67, -4.74, -4.78, -2.12, -2.12, -2.1, -2.09, -2.0, -1.98, -1.95, -2.04, -1.86, -2.11, -2.32, -2.49, -2.93, -2.98, -4.28, -4.47, -4.64, -4.77, -4.84, -4.86, -2.14, -2.13, -2.12, -2.1, -2.08, -1.99, -1.97, -1.93, -1.9, -2.19, -2.4, -2.61, -3.03, -3.11, -4.26, -4.53, -4.76, -4.91, -4.97, -4.97, -2.15, -2.14, -2.14, -2.13, -2.11, -2.02, -2.01, -1.99, -1.99, -2.3, -2.48, -3.1, -3.16, -3.13, -4.27, -4.65, -4.97, -5.14, -5.16, -5.1, -2.16, -2.16, -2.16, -2.15, -2.14, -2.12, -2.04, -2.05, -2.06, -2.06, -2.94, -3.07, -3.15, -3.83, -4.37, -4.85, -5.3, -5.49, -5.39, -5.24, -3.33, -2.18, -2.18, -2.18, -2.17, -2.16, -2.24, -2.09, -2.11, -2.47, -2.56, -3.07, -3.99, -4.06, -4.49, -5.04, -5.76, -6.03, -5.9, -5.72, -3.36, -3.32, -3.26, -3.36, -3.31, -2.28, -2.25, -2.21, -2.25, -2.42, -2.34, -3.69, -3.95, -4.3, -5.3, -5.64, -6.06, -6.21, -5.99, -5.84, -3.39, -3.35, -3.29, -3.22, -3.29, -3.26, -3.25, -2.23, -2.91, -2.5, -3.5, -4.09, -4.72, -4.42, -5.3, -5.55, -5.8, -5.91, -5.86, -5.78, -4.61, -4.54, -4.42, -3.25, -3.1, -3.14, -3.38, -3.62, -3.6, -3.45, -3.88, -4.37, -4.92, -4.53, -5.32, -5.47, -5.63, -5.71, -5.73, -5.7, -4.63, -4.56, -4.45, -4.25, -3.82, -2.58, -4.18, -5.05, -4.5, -4.12, -4.91, -4.26, -4.44, -4.39, -5.33, -5.43, -5.53, -5.6, -5.63, -5.63, -4.68, -4.62, -4.54, -4.41, -4.21, -4.11, -4.76, -5.59, -5.94, -6.2, -5.14, -5.4, -5.32, -4.26, -5.33, -5.4, -5.47, -5.37, -5.38, -5.38, -4.73, -4.7, -4.67, -4.65, -4.69, -4.94, -5.35, -5.65, -5.85, -5.59, -6.11, -5.47, -5.38, -4.38, -4.33, -5.12, -5.15, -5.18, -5.21, -5.23, -4.78, -4.78, -4.79, -4.84, -4.97, -5.26, -5.71, -5.55, -5.56, -5.49, -6.11, -5.28, -5.11, -4.97, -4.17, -4.88, -4.93, -4.99, -5.04, -5.09, -4.84, -4.85, -4.88, -4.95, -5.07, -5.26, -5.41, -4.96, -4.77, -4.58, -4.43, -3.46, -4.88, -4.71, -4.59, -4.6, -4.69, -4.79, -4.88, -4.95, -4.88, -4.9, -3.16, -3.25, -3.36, -4.49, -4.44, -4.28, -4.1, -3.99, -3.15, -3.17, -3.19, -3.05, -3.11, -3.91, -3.99, -4.07, -4.38, -4.46, -2.98, -3.0, -3.02, -3.03, -4.08, -3.95, -3.71, -3.41, -3.22, -3.26, -2.73, -2.91, -3.04, -3.12, -2.95, -3.26, -3.28, -3.29, -3.3, -3.31, -2.9, -2.89, -2.87, -2.82, -3.72, -3.44, -2.99, -2.38, -2.07, -1.86, -2.25, -2.7, -2.93, -2.91, -3.17, -3.25, -3.28, -3.3, -3.31, -3.31, -2.82, -2.78, -2.73, -3.66, -3.43, -3.06, -2.47, -1.48, -0.49, -1.42, -1.6, -2.02, -2.54, -2.85, -3.25, -3.28, -3.3, -3.32, -3.32, -3.32, -2.74, -2.7, -2.91, -2.78, -2.6, -2.32, -1.9, -1.31, -0.74, -1.2, -1.67, -2.03, -2.51, -2.77, -3.3, -3.32, -3.33, -3.34, -3.34, -3.33, -3.0, -2.94, -2.85, -2.74, -2.58, -2.37, -2.1, -1.82, -1.36, -1.58, -1.86, -2.1, -2.53, -3.33, -3.34, -3.36, -3.38, -3.37, -3.35, -3.33, -2.97, -2.91, -2.84, -2.74, -2.62, -2.49, -2.35, -1.53, -1.85, -1.97, -2.11, -2.24, -3.66, -3.35, -3.38, -3.42, -3.44, -3.41, -3.36, -3.33, -2.95, -2.9, -2.84, -1.72, -1.73, -1.76, -1.81, -1.9, -2.01, -2.08, -2.07, -2.71, -3.45, -3.37, -3.4, -3.48, -3.57, -3.46, -3.35, -3.32, -1.75, -1.76, -1.78, -1.81, -1.85, -1.92, -2.03, -2.2, -2.42, -2.53, -2.4, -3.25, -3.45, -3.44, -3.46, -3.48, -3.88, -3.32, -3.27, -3.28, -1.79, -1.81, -1.84, -1.88, -1.94, -2.03, -2.18, -2.41, -2.79, -3.1, -2.67, -3.19, -3.23, -3.43, -3.42, -3.4, -3.19, -2.95, -3.18, -3.25, -1.82, -1.84, -1.88, -1.93, -1.99, -2.09, -2.23, -2.44, -2.78, -3.05, -3.15, -3.07, -3.12, -3.41, -3.39, -3.05, -3.04, -3.0, -3.19, -3.24, -1.84, -1.87, -1.91, -1.95, -2.02, -2.1, -2.2, -2.34, -2.48, -2.5, -2.88, -2.87, -2.96, -2.74, -2.87, -2.95, -2.99, -2.99, -3.0, -3.0, -1.86, -1.89, -1.92, -1.97, -2.02, -2.08, -2.14, -2.2, -2.21, -2.56, -2.46, -2.31, -2.37, -2.41, -2.77, -2.86, -2.92, -2.94, -2.96, -2.96, -1.87, -1.9, -1.93, -1.97, -2.0, -2.04, -2.08, -2.09, -2.04, -2.2, -1.83, -2.12, -2.27, -2.35, -2.69, -2.79, -2.85, -2.89, -2.91, -2.93, -1.88, -1.9, -1.93, -1.96, -1.99, -2.01, -2.03, -2.02, -2.24, -2.04, -1.92, -2.09, -2.24, -2.32, -2.63, -2.73, -2.8, -2.84, -2.87, -2.89, -1.89, -1.91, -1.93, -1.95, -1.97, -1.99, -1.99, -1.98, -2.25, -2.15, -2.11, -2.17, -2.25, -2.32, -2.6, -2.69, -2.75, -2.8, -2.83, -2.86, -1.89, -1.9, -1.92, -1.94, -1.95, -1.97, -1.97, -2.35, -2.29, -2.23, -2.21, -2.24, -2.28, -2.32, -2.58, -2.66, -2.72, -2.77, -2.8, -2.83]}, {"header": {"refTime": "2023-09-12T22:00:00.000Z", "nx": 21, "ny": 33, "lo1": 113.509, "la1": 22.2235, "lo2": 113.5947, "la2": 22.1034, "dx": 0.0042850000000001385, "dy": 0.003753125000000024, "parameterCategory": 2, "parameterCategoryName": "Temperature", "parameterNumber": 3}, "data": [0.14, 0.12, 0.1, 0.16, 0.12, 0.22, 0.16, 0.1, 0.09, 0.17, 0.3, 0.43, 0.86, 0.94, 1.44, 1.57, 2.4, 2.46, 2.49, 2.52, 0.15, 0.13, 0.11, 0.08, 0.13, 0.06, 0.1, -0.03, -0.1, 0.05, 0.29, 0.48, 0.92, 1.0, 1.5, 2.35, 2.43, 2.49, 2.54, 2.56, 0.17, 0.15, 0.13, 0.1, 0.15, 0.09, -0.02, -0.13, -0.49, -0.04, 0.33, 0.58, 1.02, 1.09, 2.23, 2.36, 2.47, 2.55, 2.59, 2.61, 0.18, 0.17, 0.16, 0.14, 0.1, 0.14, 0.06, -0.09, -0.23, 0.12, 0.46, 0.75, 1.18, 1.46, 2.22, 2.4, 2.54, 2.64, 2.68, 2.68, 0.21, 0.2, 0.19, 0.18, 0.16, 0.23, 0.19, 0.14, 0.12, 0.38, 0.62, 1.44, 1.44, 1.47, 2.23, 2.47, 2.67, 2.78, 2.79, 2.76, 0.23, 0.23, 0.23, 0.23, 0.23, 0.23, 0.33, 0.35, 0.38, 0.41, 1.38, 1.45, 1.47, 1.81, 2.3, 2.6, 2.88, 3.0, 2.94, 2.85, 0.9, 0.25, 0.26, 0.27, 0.28, 0.31, 0.7, 0.53, 0.57, 1.05, 1.13, 1.51, 1.97, 1.96, 2.4, 2.73, 3.16, 3.32, 3.11, 2.96, 0.9, 0.89, 0.87, 0.99, 0.98, 0.65, 0.69, 0.74, 0.87, 1.01, 0.95, 1.86, 2.01, 2.08, 2.71, 2.96, 3.27, 3.38, 3.21, 3.1, 0.91, 0.89, 0.87, 0.84, 0.94, 0.94, 0.98, 0.7, 1.04, 1.08, 1.59, 1.93, 2.16, 2.05, 2.67, 2.87, 3.07, 3.15, 3.12, 3.06, 1.31, 1.28, 1.23, 0.83, 0.76, 0.83, 0.97, 1.13, 1.27, 1.22, 1.77, 1.99, 2.18, 2.06, 2.66, 2.8, 2.93, 3.0, 3.01, 2.99, 1.32, 1.29, 1.24, 1.16, 0.99, 0.48, 1.15, 1.53, 1.46, 1.44, 1.87, 1.94, 2.01, 2.0, 2.66, 2.76, 2.85, 2.91, 2.94, 2.94, 1.33, 1.31, 1.28, 1.22, 1.14, 1.1, 1.38, 1.77, 1.95, 2.15, 1.93, 2.29, 2.3, 1.95, 2.66, 2.73, 2.8, 2.26, 2.28, 2.28, 1.35, 1.34, 1.32, 1.31, 1.32, 1.41, 1.57, 1.76, 1.89, 1.76, 2.14, 2.28, 2.29, 1.63, 1.57, 1.97, 2.01, 2.06, 2.09, 2.12, 1.37, 1.37, 1.37, 1.39, 1.43, 1.53, 1.65, 1.67, 1.72, 1.7, 2.12, 1.64, 1.54, 1.44, 1.36, 1.72, 1.78, 1.85, 1.91, 1.96, 1.39, 1.4, 1.41, 1.43, 1.47, 1.53, 1.59, 1.84, 1.87, 1.88, 1.88, 1.25, 1.34, 1.22, 1.14, 1.44, 1.53, 1.64, 1.74, 1.82, 1.41, 1.42, 1.25, 1.28, 1.32, 1.8, 1.8, 1.81, 1.82, 1.83, 1.31, 1.15, 0.96, 0.83, 0.75, 0.97, 1.11, 1.24, 1.68, 1.8, 1.25, 1.26, 1.28, 1.3, 1.8, 1.79, 1.78, 1.78, 1.77, 1.78, 1.26, 1.07, 0.84, 0.58, 0.49, 0.53, 0.72, 0.86, 0.96, 1.03, 1.26, 1.28, 1.3, 1.32, 1.79, 1.77, 1.75, 1.72, 1.71, 1.29, 1.13, 1.04, 0.77, 0.5, 0.07, 0.47, 0.74, 0.91, 1.01, 1.08, 1.28, 1.29, 1.31, 1.79, 1.78, 1.76, 1.73, 1.68, 1.53, 1.34, 0.7, 0.48, 0.93, 0.68, 0.43, 0.63, 0.85, 1.0, 1.09, 1.14, 1.29, 1.3, 0.99, 1.0, 1.03, 1.07, 1.15, 1.27, 1.19, 0.92, 0.65, 0.46, 1.08, 0.96, 0.79, 0.9, 1.05, 1.15, 1.2, 1.22, 0.92, 0.92, 0.92, 0.93, 0.94, 0.96, 1.0, 1.05, 0.8, 0.67, 0.51, 0.39, 1.24, 1.01, 1.07, 1.17, 1.27, 1.32, 1.32, 1.31, 0.87, 0.86, 0.86, 0.85, 0.84, 0.83, 0.81, 0.58, 0.48, 0.41, 0.33, 0.28, 0.62, 1.19, 1.28, 1.41, 1.5, 1.5, 1.44, 1.38, 0.82, 0.81, 0.79, 0.45, 0.44, 0.43, 0.39, 0.33, 0.26, 0.21, 0.21, 0.85, 0.85, 1.31, 1.43, 1.61, 1.79, 1.67, 1.51, 1.43, 0.43, 0.42, 0.41, 0.39, 0.36, 0.32, 0.24, 0.13, -0.02, -0.09, -0.01, 0.4, 0.79, 1.08, 1.35, 1.69, 2.21, 1.62, 1.49, 1.43, 0.4, 0.39, 0.37, 0.34, 0.3, 0.24, 0.14, -0.01, -0.27, -0.47, -0.19, 0.31, 0.63, 1.03, 1.28, 1.47, 1.49, 1.27, 1.42, 1.42, 0.38, 0.36, 0.34, 0.31, 0.26, 0.2, 0.1, -0.04, -0.27, -0.44, -0.04, 0.3, 0.58, 0.97, 1.19, 1.5, 1.47, 1.43, 1.4, 1.4, 0.36, 0.34, 0.32, 0.29, 0.24, 0.19, 0.12, 0.03, -0.07, -0.09, 0.16, 0.36, 0.56, 1.27, 1.37, 1.42, 1.44, 1.44, 1.44, 1.45, 0.35, 0.33, 0.3, 0.28, 0.24, 0.2, 0.15, 0.11, 0.1, 0.26, 0.33, 0.14, 0.15, 0.19, 1.29, 1.36, 1.39, 1.41, 1.42, 1.43, 0.34, 0.32, 0.3, 0.27, 0.25, 0.22, 0.19, 0.18, 0.21, 0.38, 0.35, 0.23, 0.19, 0.2, 1.23, 1.3, 1.35, 1.38, 1.39, 1.4, 0.33, 0.32, 0.3, 0.28, 0.26, 0.24, 0.22, 0.23, 0.16, 0.25, 0.32, 0.25, 0.21, 0.21, 1.18, 1.26, 1.31, 1.34, 1.36, 1.38, 0.33, 0.31, 0.3, 0.28, 0.27, 0.25, 0.25, 0.25, 0.16, 0.21, 0.24, 0.23, 0.21, 0.21, 1.16, 1.23, 1.28, 1.31, 1.34, 1.35, 0.33, 0.31, 0.3, 0.29, 0.28, 0.27, 0.26, 0.13, 0.16, 0.19, 0.2, 0.21, 0.21, 0.21, 1.15, 1.21, 1.25, 1.29, 1.31, 1.33]}, {"header": {"refTime": "2023-09-12T22:00:00.000Z", "nx": 21, "ny": 33, "lo1": 113.509, "la1": 22.2235, "lo2": 113.5947, "la2": 22.1034, "dx": 0.0042850000000001385, "dy": 0.003753125000000024, "parameterCategory": 0, "parameterCategoryName": "Temperature", "parameterNumber": 0}, "data": [[26.83, 26.82, 26.82, 26.51, 26.52, 26.84, 26.84, 26.84, 26.85, 26.73, 26.73, 26.74, 27.01, 27.02, 26.99, 26.99, 27.04, 27.03, 27.03, 27.02], [26.83, 26.83, 26.82, 26.82, 26.52, 26.55, 26.83, 26.83, 26.84, 26.74, 26.74, 26.75, 27.02, 27.03, 27.0, 27.05, 27.04, 27.03, 27.02, 27.02], [26.83, 26.83, 26.82, 26.82, 26.52, 26.54, 26.58, 26.82, 26.81, 26.74, 26.75, 26.78, 27.04, 27.05, 27.06, 27.05, 27.03, 27.02, 27.02, 27.01], [26.84, 26.83, 26.83, 26.82, 26.81, 26.53, 26.56, 26.6, 26.65, 26.72, 26.74, 26.82, 27.08, 26.9, 27.07, 27.04, 27.02, 27.01, 27.01, 27.01], [26.84, 26.84, 26.83, 26.83, 26.81, 26.5, 26.52, 26.53, 26.52, 26.65, 26.7, 26.91, 27.08, 26.94, 27.06, 27.03, 27.01, 27.0, 26.99, 27.0], [26.85, 26.84, 26.84, 26.83, 26.82, 26.8, 26.48, 26.48, 26.45, 26.38, 26.65, 26.82, 26.97, 27.13, 27.05, 27.02, 26.98, 26.97, 26.98, 26.99], [26.88, 26.85, 26.85, 26.85, 26.83, 26.81, 26.55, 26.47, 26.44, 26.36, 26.32, 26.69, 27.09, 27.1, 27.03, 27.0, 26.95, 26.93, 26.96, 26.97], [26.89, 26.89, 26.89, 26.89, 26.88, 26.63, 26.58, 26.55, 26.54, 26.31, 26.08, 26.66, 26.67, 27.1, 26.94, 26.95, 26.93, 26.92, 26.93, 26.94], [26.81, 26.82, 26.91, 26.92, 26.92, 26.9, 26.84, 26.57, 26.38, 26.39, 26.32, 26.48, 26.56, 26.46, 26.94, 26.95, 26.94, 26.93, 26.94, 26.94], [27.1, 27.1, 27.1, 26.87, 26.9, 26.99, 26.93, 26.84, 26.2, 26.24, 26.57, 26.38, 26.44, 26.42, 26.94, 26.96, 26.95, 26.94, 26.94, 26.95], [27.1, 27.1, 27.1, 27.1, 27.1, 27.1, 27.1, 27.1, 26.92, 26.36, 25.9, 26.32, 26.37, 26.37, 26.94, 26.96, 26.95, 26.95, 26.95, 26.95], [27.1, 27.1, 27.1, 27.1, 27.1, 27.1, 27.1, 27.1, 27.1, -999.0, 25.9, 27.0, 27.0, 26.34, 26.94, 26.96, 26.96, 26.33, 26.35, 26.35], [27.1, 27.1, 27.1, 27.1, 27.1, 27.1, 27.1, 27.1, 27.1, 27.1, -999.0, 27.0, 27.0, 26.28, 26.6, 26.54, 26.54, 26.42, 26.44, 26.45], [27.1, 27.1, 27.1, 27.1, 27.1, 27.1, 27.1, 27.1, 27.1, 27.1, -999.0, 25.9, 25.9, 25.9, 26.5, 26.45, 26.47, 26.34, 26.37, 26.39], [27.1, 27.1, 27.1, 27.1, 27.1, 27.1, 27.1, 27.2, 27.2, 27.2, 27.2, 26.7, 25.9, 25.9, 25.9, 26.36, 26.39, 26.27, 26.31, 26.34], [27.1, 27.1, 27.16, 27.16, 27.17, 27.2, 27.2, 27.2, 27.2, 27.2, 26.38, 26.47, 26.35, 26.24, 26.36, 26.23, 26.28, 26.19, 26.4, 26.44], [27.16, 27.16, 27.14, 27.14, 27.2, 27.2, 27.2, 27.2, 27.2, 27.2, 26.64, 26.48, 26.31, 26.15, 26.16, 26.14, 26.22, 26.29, 26.34, 26.37], [27.14, 27.14, 27.14, 27.14, 27.2, 27.2, 27.2, 27.2, 27.2, 26.87, 26.7, 26.5, 26.3, 26.17, 25.94, 26.11, 26.23, 26.31, 26.36, 26.39], [27.14, 27.14, 27.14, 27.2, 27.2, 27.2, 27.2, 27.2, 27.08, 26.95, 26.79, 26.62, 26.42, 26.25, 26.09, 26.18, 26.28, 26.35, 26.39, 26.42], [27.14, 27.14, 27.09, 27.09, 27.1, 27.11, 27.13, 27.17, 27.06, 26.94, 26.8, 26.67, 26.49, 26.39, 26.25, 26.3, 26.37, 26.41, 26.44, 26.46], [27.08, 27.08, 27.08, 27.12, 27.12, 27.13, 27.13, 27.14, 26.95, 26.89, 26.81, 26.71, 26.55, 26.35, 26.37, 26.42, 26.46, 26.48, 26.49, 26.49], [27.11, 27.11, 27.11, 27.11, 27.11, 27.11, 27.12, 27.18, 26.9, 26.87, 26.81, 26.74, 26.55, 26.43, 26.46, 26.51, 26.55, 26.56, 26.55, 26.53], [27.1, 27.1, 27.1, 27.2, 27.2, 27.19, 27.18, 27.17, 27.16, 27.16, 27.17, 27.01, 26.81, 26.48, 26.53, 26.59, 26.64, 26.63, 26.59, 26.56], [27.22, 27.21, 27.21, 27.2, 27.2, 27.19, 27.18, 27.16, 27.13, 27.13, 27.15, 27.08, 26.82, 26.79, 26.76, 26.62, 26.73, 26.65, 26.61, 26.58], [27.22, 27.22, 27.21, 27.21, 27.2, 27.19, 27.18, 27.15, 27.1, 27.06, 27.13, 27.09, 27.08, 26.79, 26.76, 26.74, 26.64, 26.62, 26.61, 26.58], [27.22, 27.22, 27.22, 27.21, 27.21, 27.2, 27.19, 27.16, 27.12, 27.08, 27.1, 27.12, 27.11, 26.79, 26.77, 26.82, 26.77, 26.76, 26.6, 26.58], [27.22, 27.22, 27.22, 27.22, 27.22, 27.21, 27.21, 27.2, 27.19, 27.19, 27.17, 27.18, 27.15, 26.99, 26.92, 26.86, 26.82, 26.8, 26.81, 26.82], [27.23, 27.23, 27.23, 27.23, 27.23, 27.23, 27.23, 27.24, 27.26, 27.26, 27.28, 27.22, 27.15, 27.09, 26.96, 26.9, 26.87, 26.85, 26.84, 26.84], [27.23, 27.23, 27.23, 27.24, 27.24, 27.25, 27.25, 27.27, 27.31, 27.35, 27.42, 27.29, 27.2, 27.12, 27.0, 26.94, 26.91, 26.88, 26.87, 26.87], [27.24, 27.24, 27.24, 27.24, 27.25, 27.26, 27.27, 27.29, 27.26, 27.33, 27.38, 27.29, 27.21, 27.14, 27.03, 26.98, 26.94, 26.91, 26.9, 26.89], [27.24, 27.24, 27.24, 27.25, 27.26, 27.26, 27.28, 27.3, 27.24, 27.28, 27.29, 27.25, 27.2, 27.15, 27.04, 27.0, 26.96, 26.94, 26.92, 26.91], [27.24, 27.24, 27.25, 27.25, 27.26, 27.27, 27.28, 27.19, 27.22, 27.23, 27.24, 27.22, 27.18, 27.14, 27.05, 27.01, 26.98, 26.96, 26.94, 26.93]]}]