gis_exercise/awsData/contour/wdir_2023091023.json
[{"header": {"refTime": "2023-09-10T23:00:00.000Z", "nx": 21, "ny": 33, "lo1": 113.509, "la1": 22.2235, "lo2": 113.5947, "la2": 22.1034, "dx": 0.0042850000000001385, "dy": 0.003753125000000024, "parameterCategory": 2, "parameterCategoryName": "Temperature", "parameterNumber": 2}, "data": [-2.07, -2.07, -2.06, -2.01, -2.01, -2.3, -2.28, -2.26, -2.27, -2.34, -2.42, -2.51, -3.06, -3.13, -3.84, -3.98, -4.71, -4.78, -4.83, -4.87, -2.08, -2.07, -2.07, -2.06, -2.01, -2.0, -2.25, -2.19, -2.17, -2.27, -2.42, -2.54, -3.11, -3.17, -3.88, -4.63, -4.74, -4.83, -4.89, -4.92, -2.08, -2.08, -2.07, -2.06, -2.01, -2.0, -1.99, -2.14, -1.96, -2.22, -2.45, -2.62, -3.18, -3.24, -4.48, -4.65, -4.8, -4.91, -4.97, -5.0, -2.09, -2.09, -2.08, -2.07, -2.06, -2.01, -2.0, -1.98, -1.96, -2.3, -2.53, -2.76, -3.29, -3.36, -4.46, -4.7, -4.91, -5.03, -5.09, -5.09, -2.1, -2.09, -2.09, -2.08, -2.07, -2.02, -2.02, -2.01, -2.01, -2.41, -2.6, -3.33, -3.41, -3.38, -4.47, -4.81, -5.08, -5.23, -5.25, -5.21, -2.11, -2.1, -2.1, -2.1, -2.09, -2.08, -2.04, -2.04, -2.05, -2.05, -3.15, -3.31, -3.4, -4.07, -4.57, -4.98, -5.37, -5.54, -5.45, -5.32, -3.12, -2.12, -2.12, -2.11, -2.11, -2.1, -2.15, -2.06, -2.07, -2.52, -2.65, -3.31, -4.26, -4.3, -4.68, -5.16, -5.77, -6.0, -5.85, -5.68, -3.14, -3.1, -3.05, -3.19, -3.14, -2.18, -2.15, -2.12, -2.21, -2.45, -2.37, -3.93, -4.21, -4.52, -5.39, -5.68, -6.03, -6.15, -5.96, -5.84, -3.17, -3.13, -3.08, -3.01, -3.11, -3.09, -3.09, -2.14, -2.81, -2.56, -3.6, -4.23, -4.8, -4.53, -5.38, -5.59, -5.8, -5.9, -5.86, -5.79, -4.32, -4.25, -4.14, -3.03, -2.9, -2.96, -3.2, -3.44, -3.46, -3.32, -3.98, -4.45, -4.94, -4.61, -5.39, -5.53, -5.66, -5.73, -5.74, -5.72, -4.34, -4.27, -4.17, -3.98, -3.58, -2.41, -3.92, -4.76, -4.28, -3.95, -4.77, -4.34, -4.51, -4.47, -5.4, -5.49, -5.57, -5.63, -5.66, -5.66, -4.38, -4.33, -4.25, -4.13, -3.94, -3.85, -4.46, -5.28, -5.62, -5.9, -4.97, -5.39, -5.34, -4.35, -5.4, -5.46, -5.52, -5.15, -5.16, -5.15, -4.43, -4.4, -4.37, -4.35, -4.39, -4.61, -4.99, -5.32, -5.53, -5.27, -5.83, -5.45, -5.38, -4.32, -4.26, -4.87, -4.9, -4.94, -4.97, -4.99, -4.48, -4.48, -4.49, -4.53, -4.64, -4.91, -5.29, -5.19, -5.23, -5.17, -5.81, -4.98, -4.8, -4.64, -4.04, -4.59, -4.65, -4.71, -4.78, -4.83, -4.53, -4.54, -4.57, -4.63, -4.74, -4.91, -5.05, -4.88, -4.77, -4.64, -4.53, -3.53, -4.54, -4.35, -4.23, -4.27, -4.37, -4.48, -4.59, -4.67, -4.57, -4.59, -3.28, -3.36, -3.46, -4.53, -4.5, -4.39, -4.27, -4.2, -3.34, -3.27, -3.18, -2.98, -2.99, -3.5, -3.6, -3.69, -4.01, -4.11, -3.15, -3.17, -3.19, -3.22, -4.24, -4.15, -3.98, -3.76, -3.63, -3.67, -3.01, -3.04, -3.01, -2.92, -2.65, -2.8, -2.85, -2.89, -2.91, -2.93, -3.1, -3.1, -3.1, -3.08, -3.99, -3.78, -3.46, -3.02, -2.79, -2.41, -2.6, -2.87, -2.89, -2.63, -2.67, -2.79, -2.86, -2.9, -2.93, -2.94, -3.05, -3.04, -3.01, -3.95, -3.78, -3.51, -3.08, -2.36, -1.59, -2.13, -2.07, -2.25, -2.54, -2.64, -2.78, -2.84, -2.89, -2.93, -2.95, -2.96, -3.01, -2.98, -3.2, -3.11, -2.99, -2.8, -2.52, -2.14, -1.66, -1.89, -2.11, -2.27, -2.56, -2.68, -2.88, -2.91, -2.95, -2.97, -2.98, -2.98, -3.25, -3.21, -3.15, -3.07, -2.96, -2.81, -2.63, -2.44, -1.99, -2.09, -2.22, -2.33, -2.61, -2.94, -2.96, -3.0, -3.02, -3.03, -3.01, -3.0, -3.22, -3.17, -3.12, -3.05, -2.97, -2.87, -2.77, -2.1, -2.25, -2.31, -2.37, -2.42, -3.29, -2.99, -3.03, -3.08, -3.11, -3.09, -3.04, -3.01, -3.19, -3.16, -3.11, -2.18, -2.19, -2.21, -2.25, -2.3, -2.36, -2.41, -2.39, -2.89, -3.19, -3.02, -3.07, -3.16, -3.26, -3.16, -3.05, -3.01, -2.19, -2.2, -2.21, -2.23, -2.25, -2.3, -2.37, -2.47, -2.6, -2.66, -2.58, -3.11, -3.19, -3.18, -3.19, -3.18, -3.58, -3.04, -2.98, -2.98, -2.21, -2.22, -2.24, -2.26, -2.3, -2.35, -2.44, -2.58, -2.81, -3.01, -2.73, -3.07, -3.11, -3.17, -3.15, -3.13, -2.93, -2.7, -2.9, -2.95, -2.22, -2.24, -2.26, -2.28, -2.32, -2.38, -2.46, -2.59, -2.8, -2.97, -3.02, -2.98, -3.02, -3.15, -3.13, -2.88, -2.84, -2.8, -2.91, -2.94, -2.23, -2.25, -2.27, -2.29, -2.33, -2.37, -2.43, -2.51, -2.59, -2.6, -2.83, -2.83, -2.91, -2.67, -2.76, -2.81, -2.82, -2.82, -2.82, -2.83, -2.24, -2.25, -2.27, -2.29, -2.32, -2.35, -2.38, -2.41, -2.4, -2.6, -2.53, -2.36, -2.39, -2.4, -2.69, -2.75, -2.78, -2.79, -2.8, -2.81, -2.24, -2.26, -2.27, -2.29, -2.31, -2.32, -2.33, -2.33, -2.27, -2.34, -2.06, -2.24, -2.33, -2.36, -2.63, -2.7, -2.74, -2.76, -2.78, -2.79, -2.25, -2.26, -2.27, -2.28, -2.29, -2.3, -2.3, -2.28, -2.32, -2.19, -2.11, -2.22, -2.3, -2.35, -2.59, -2.66, -2.7, -2.73, -2.75, -2.76, -2.24, -2.25, -2.26, -2.27, -2.28, -2.28, -2.27, -2.25, -2.33, -2.26, -2.23, -2.26, -2.31, -2.34, -2.57, -2.63, -2.68, -2.71, -2.73, -2.74, -2.24, -2.25, -2.26, -2.26, -2.27, -2.27, -2.26, -2.39, -2.35, -2.31, -2.3, -2.3, -2.33, -2.35, -2.56, -2.62, -2.66, -2.69, -2.71, -2.73]}, {"header": {"refTime": "2023-09-10T23:00:00.000Z", "nx": 21, "ny": 33, "lo1": 113.509, "la1": 22.2235, "lo2": 113.5947, "la2": 22.1034, "dx": 0.0042850000000001385, "dy": 0.003753125000000024, "parameterCategory": 2, "parameterCategoryName": "Temperature", "parameterNumber": 3}, "data": [0.25, 0.24, 0.24, 0.48, 0.45, 0.41, 0.38, 0.35, 0.34, 0.46, 0.54, 0.61, 0.92, 0.97, 1.21, 1.29, 1.94, 1.98, 2.01, 2.03, 0.25, 0.25, 0.24, 0.23, 0.46, 0.42, 0.35, 0.28, 0.24, 0.39, 0.53, 0.63, 0.95, 1.0, 1.24, 1.89, 1.95, 2.0, 2.03, 2.05, 0.26, 0.25, 0.25, 0.24, 0.47, 0.43, 0.36, 0.23, 0.03, 0.33, 0.55, 0.68, 1.0, 1.05, 1.81, 1.9, 1.98, 2.04, 2.07, 2.09, 0.26, 0.26, 0.26, 0.25, 0.25, 0.46, 0.41, 0.31, 0.23, 0.43, 0.63, 0.77, 1.06, 1.31, 1.79, 1.93, 2.03, 2.1, 2.13, 2.13, 0.26, 0.26, 0.27, 0.27, 0.27, 0.51, 0.49, 0.46, 0.46, 0.61, 0.74, 1.27, 1.15, 1.29, 1.8, 1.98, 2.12, 2.19, 2.2, 2.19, 0.27, 0.27, 0.27, 0.28, 0.29, 0.31, 0.57, 0.58, 0.61, 0.66, 1.36, 1.34, 1.27, 1.6, 1.87, 2.07, 2.26, 2.33, 2.3, 2.24, 1.13, 0.27, 0.27, 0.28, 0.3, 0.33, 0.66, 0.67, 0.7, 1.17, 1.28, 1.5, 1.83, 1.81, 1.97, 2.17, 2.44, 2.54, 2.42, 2.33, 1.14, 1.11, 1.06, 0.9, 0.89, 0.58, 0.63, 0.7, 0.84, 1.14, 1.18, 1.92, 2.04, 1.97, 2.41, 2.5, 2.61, 2.65, 2.59, 2.55, 1.15, 1.11, 1.06, 1.0, 0.82, 0.83, 0.9, 0.66, 1.12, 1.18, 1.72, 1.98, 2.16, 2.08, 2.4, 2.47, 2.54, 2.56, 2.55, 2.53, 1.66, 1.6, 1.52, 0.98, 0.83, 0.66, 0.86, 1.08, 1.41, 1.38, 1.86, 2.03, 2.18, 2.09, 2.4, 2.45, 2.49, 2.51, 2.52, 2.51, 1.68, 1.63, 1.55, 1.4, 1.1, 0.2, 1.31, 1.85, 1.51, 1.62, 2.04, 1.99, 2.05, 2.04, 2.4, 2.43, 2.46, 2.48, 2.49, 2.49, 1.71, 1.68, 1.62, 1.54, 1.39, 1.32, 1.74, 2.15, 2.29, 2.6, 2.1, 2.35, 2.34, 2.0, 2.4, 2.42, 2.44, 1.99, 2.0, 1.99, 1.76, 1.74, 1.73, 1.72, 1.77, 1.99, 2.32, 2.3, 2.3, 2.19, 2.61, 2.36, 2.35, 1.73, 1.69, 1.83, 1.84, 1.86, 1.88, 1.89, 1.8, 1.81, 1.82, 1.87, 2.0, 2.29, 2.79, 2.4, 2.26, 2.19, 2.63, 1.86, 1.75, 1.66, 1.52, 1.65, 1.68, 1.72, 1.76, 1.79, 1.84, 1.86, 1.89, 1.96, 2.07, 2.25, 2.38, 2.64, 2.56, 2.52, 2.49, 1.58, 1.59, 1.47, 1.4, 1.45, 1.51, 1.58, 1.64, 1.69, 1.87, 1.9, 1.76, 1.82, 1.91, 2.58, 2.57, 2.53, 2.48, 2.45, 1.63, 1.48, 1.31, 1.13, 1.06, 1.37, 1.51, 1.64, 1.86, 1.96, 1.72, 1.75, 1.78, 1.83, 2.5, 2.48, 2.44, 2.39, 2.35, 2.35, 1.58, 1.41, 1.2, 0.95, 0.94, 1.09, 1.32, 1.5, 1.63, 1.72, 1.74, 1.76, 1.79, 1.83, 2.44, 2.4, 2.33, 2.23, 2.18, 1.81, 1.67, 1.38, 1.13, 0.94, 0.5, 1.01, 1.35, 1.56, 1.69, 1.78, 1.75, 1.77, 1.79, 2.42, 2.39, 2.33, 2.24, 2.09, 1.87, 1.8, 1.2, 1.0, 1.38, 1.13, 0.97, 1.21, 1.49, 1.68, 1.8, 1.86, 1.75, 1.77, 1.86, 1.86, 1.85, 1.83, 1.82, 1.83, 1.59, 1.38, 1.17, 1.01, 1.54, 1.44, 1.41, 1.55, 1.73, 1.86, 1.93, 1.96, 1.82, 1.81, 1.8, 1.78, 1.77, 1.75, 1.73, 1.72, 1.32, 1.23, 1.1, 0.98, 1.71, 1.68, 1.75, 1.88, 2.0, 2.06, 2.08, 2.07, 1.77, 1.76, 1.74, 1.71, 1.68, 1.65, 1.61, 1.2, 1.12, 1.06, 1.0, 0.94, 1.41, 1.9, 2.02, 2.16, 2.28, 2.28, 2.22, 2.17, 1.73, 1.71, 1.68, 1.1, 1.1, 1.09, 1.08, 1.05, 1.0, 0.97, 0.97, 1.67, 1.85, 2.06, 2.2, 2.4, 2.59, 2.49, 2.33, 2.23, 1.07, 1.07, 1.06, 1.05, 1.04, 1.02, 0.98, 0.91, 0.84, 0.79, 0.83, 1.29, 1.8, 2.05, 2.28, 2.5, 3.02, 2.48, 2.33, 2.26, 1.05, 1.04, 1.03, 1.02, 0.99, 0.96, 0.91, 0.83, 0.7, 0.59, 0.73, 1.2, 1.47, 2.0, 2.22, 2.39, 2.36, 2.17, 2.27, 2.25, 1.03, 1.02, 1.01, 0.99, 0.96, 0.92, 0.87, 0.8, 0.68, 0.6, 0.91, 1.16, 1.4, 1.95, 2.14, 2.31, 2.32, 2.29, 2.25, 2.23, 1.01, 1.0, 0.99, 0.97, 0.94, 0.91, 0.86, 0.81, 0.76, 0.74, 0.99, 1.14, 1.33, 1.97, 2.11, 2.21, 2.25, 2.26, 2.26, 2.26, 1.0, 0.99, 0.97, 0.95, 0.93, 0.9, 0.87, 0.83, 0.81, 0.96, 0.99, 0.85, 0.91, 0.99, 2.01, 2.11, 2.17, 2.2, 2.22, 2.22, 0.99, 0.98, 0.96, 0.95, 0.92, 0.9, 0.87, 0.85, 0.83, 0.95, 0.83, 0.86, 0.91, 0.97, 1.92, 2.03, 2.1, 2.15, 2.17, 2.18, 0.98, 0.97, 0.96, 0.94, 0.92, 0.9, 0.88, 0.86, 0.83, 0.83, 0.84, 0.87, 0.91, 0.96, 1.86, 1.97, 2.04, 2.09, 2.12, 2.14, 0.98, 0.97, 0.95, 0.94, 0.92, 0.91, 0.89, 0.87, 0.85, 0.85, 0.86, 0.88, 0.92, 0.96, 1.83, 1.92, 2.0, 2.05, 2.08, 2.1, 0.98, 0.97, 0.95, 0.94, 0.93, 0.91, 0.9, 0.87, 0.87, 0.87, 0.88, 0.9, 0.93, 0.96, 1.81, 1.9, 1.96, 2.01, 2.05, 2.07]}, {"header": {"refTime": "2023-09-10T23:00:00.000Z", "nx": 21, "ny": 33, "lo1": 113.509, "la1": 22.2235, "lo2": 113.5947, "la2": 22.1034, "dx": 0.0042850000000001385, "dy": 0.003753125000000024, "parameterCategory": 0, "parameterCategoryName": "Temperature", "parameterNumber": 0}, "data": [[26.03, 26.02, 26.02, 25.79, 25.8, 26.04, 26.04, 26.04, 26.05, 25.99, 26.0, 26.01, 26.21, 26.22, 26.25, 26.26, 26.31, 26.31, 26.31, 26.31], [26.03, 26.03, 26.02, 26.02, 25.8, 25.81, 26.03, 26.03, 26.04, 25.99, 26.0, 26.02, 26.22, 26.23, 26.26, 26.31, 26.31, 26.31, 26.31, 26.31], [26.03, 26.03, 26.02, 26.02, 25.79, 25.81, 25.84, 26.02, 26.01, 25.99, 26.01, 26.04, 26.24, 26.25, 26.32, 26.31, 26.31, 26.31, 26.31, 26.3], [26.04, 26.03, 26.03, 26.02, 26.01, 25.8, 25.82, 25.86, 25.89, 25.98, 26.01, 26.08, 26.28, 26.16, 26.32, 26.31, 26.31, 26.31, 26.3, 26.3], [26.04, 26.04, 26.03, 26.03, 26.01, 25.78, 25.79, 25.8, 25.8, 25.94, 25.99, 26.17, 26.3, 26.19, 26.32, 26.31, 26.31, 26.3, 26.3, 26.3], [26.05, 26.04, 26.04, 26.03, 26.02, 26.0, 25.76, 25.76, 25.74, 25.7, 25.96, 26.1, 26.21, 26.33, 26.31, 26.31, 26.3, 26.3, 26.3, 26.3], [26.08, 26.05, 26.05, 26.05, 26.03, 26.01, 25.82, 25.74, 25.72, 25.69, 25.68, 25.99, 26.29, 26.3, 26.3, 26.3, 26.3, 26.3, 26.32, 26.32], [26.09, 26.09, 26.09, 26.09, 26.08, 25.9, 25.85, 25.8, 25.78, 25.66, 25.53, 25.95, 25.96, 26.3, 26.26, 26.25, 26.27, 26.28, 26.27, 26.26], [26.01, 26.02, 26.11, 26.12, 26.12, 26.1, 26.04, 25.83, 25.67, 25.72, 25.71, 25.83, 25.88, 25.81, 26.26, 26.25, 26.26, 26.27, 26.26, 26.26], [26.3, 26.3, 26.3, 26.07, 26.1, 26.19, 26.13, 26.04, 25.57, 25.59, 25.89, 25.75, 25.8, 25.77, 26.26, 26.24, 26.25, 26.26, 26.26, 26.25], [26.3, 26.3, 26.3, 26.3, 26.3, 26.3, 26.3, 26.3, 26.12, 25.66, 25.4, 25.7, 25.74, 25.74, 26.26, 26.24, 26.25, 26.25, 26.25, 26.25], [26.3, 26.3, 26.3, 26.3, 26.3, 26.3, 26.3, 26.3, 26.3, -999.0, 25.4, 26.2, 26.2, 25.72, 26.26, 26.24, 26.24, 25.67, 25.69, 25.69], [26.3, 26.3, 26.3, 26.3, 26.3, 26.3, 26.3, 26.3, 26.3, 26.3, -999.0, 26.2, 26.2, 25.55, 25.83, 25.9, 25.91, 25.77, 25.79, 25.8], [26.3, 26.3, 26.3, 26.3, 26.3, 26.3, 26.3, 26.3, 26.3, 26.3, -999.0, 25.2, 25.2, 25.2, 25.75, 25.81, 25.83, 25.69, 25.72, 25.74], [26.3, 26.3, 26.3, 26.3, 26.3, 26.3, 26.3, 26.3, 26.3, 26.3, 26.3, 25.88, 25.2, 25.2, 25.2, 25.7, 25.74, 25.61, 25.65, 25.68], [26.3, 26.3, 26.3, 26.3, 26.3, 26.3, 26.3, 26.3, 26.3, 26.3, 25.61, 25.69, 25.58, 25.49, 25.59, 25.49, 25.54, 25.46, 25.7, 25.74], [26.3, 26.3, 26.3, 26.3, 26.3, 26.3, 26.3, 26.3, 26.3, 26.3, 25.83, 25.69, 25.55, 25.41, 25.42, 25.41, 25.48, 25.54, 25.58, 25.61], [26.3, 26.3, 26.3, 26.3, 26.3, 26.3, 26.3, 26.3, 26.3, 26.02, 25.87, 25.71, 25.54, 25.43, 25.23, 25.39, 25.49, 25.56, 25.6, 25.63], [26.3, 26.3, 26.3, 26.3, 26.3, 26.3, 26.3, 26.3, 26.2, 26.09, 25.98, 25.85, 25.65, 25.5, 25.37, 25.45, 25.53, 25.6, 25.63, 25.65], [26.3, 26.3, 26.3, 26.3, 26.3, 26.3, 26.3, 26.3, 26.2, 26.11, 26.0, 25.89, 25.71, 25.62, 25.51, 25.55, 25.61, 25.65, 25.67, 25.69], [26.3, 26.3, 26.3, 26.3, 26.3, 26.3, 26.3, 26.3, 26.13, 26.08, 26.01, 25.93, 25.76, 25.59, 25.61, 25.65, 25.69, 25.71, 25.72, 25.72], [26.3, 26.3, 26.3, 26.3, 26.3, 26.3, 26.3, 26.3, 26.11, 26.08, 26.03, 25.97, 25.81, 25.66, 25.69, 25.74, 25.77, 25.78, 25.77, 25.75], [26.3, 26.3, 26.3, 26.3, 26.3, 26.3, 26.3, 26.3, 26.3, 26.3, 26.3, 26.22, 26.05, 25.71, 25.75, 25.8, 25.85, 25.84, 25.8, 25.78], [26.3, 26.3, 26.3, 26.3, 26.3, 26.3, 26.3, 26.3, 26.3, 26.3, 26.3, 26.23, 26.06, 26.02, 25.98, 25.84, 25.93, 25.86, 25.82, 25.79], [26.3, 26.3, 26.3, 26.3, 26.3, 26.3, 26.3, 26.3, 26.3, 26.3, 26.3, 26.24, 26.21, 26.02, 25.98, 25.95, 25.85, 25.83, 25.82, 25.8], [26.3, 26.3, 26.3, 26.3, 26.3, 26.3, 26.3, 26.3, 26.3, 26.3, 26.26, 26.24, 26.22, 26.03, 25.99, 25.96, 25.93, 25.92, 25.81, 25.79], [26.3, 26.3, 26.3, 26.3, 26.3, 26.3, 26.3, 26.3, 26.3, 26.3, 26.26, 26.25, 26.23, 26.04, 26.01, 25.98, 25.96, 25.95, 25.95, 25.96], [26.3, 26.3, 26.3, 26.3, 26.3, 26.3, 26.3, 26.3, 26.3, 26.27, 26.27, 26.23, 26.19, 26.15, 26.03, 26.0, 25.98, 25.97, 25.97, 25.97], [26.3, 26.3, 26.3, 26.3, 26.3, 26.3, 26.3, 26.3, 26.3, 26.28, 26.28, 26.24, 26.2, 26.17, 26.05, 26.02, 26.0, 25.99, 25.98, 25.98], [26.3, 26.3, 26.3, 26.3, 26.3, 26.3, 26.3, 26.3, 26.24, 26.26, 26.27, 26.24, 26.21, 26.17, 26.06, 26.04, 26.02, 26.0, 26.0, 25.99], [26.3, 26.3, 26.3, 26.3, 26.3, 26.3, 26.3, 26.3, 26.23, 26.24, 26.24, 26.22, 26.2, 26.18, 26.07, 26.05, 26.03, 26.02, 26.01, 26.0], [26.3, 26.3, 26.3, 26.3, 26.3, 26.3, 26.3, 26.22, 26.22, 26.22, 26.22, 26.21, 26.19, 26.17, 26.07, 26.05, 26.04, 26.03, 26.02, 26.01]]}]