gis_exercise/awsData/contour/wdir_2023090116.json
[{"header": {"refTime": "2023-09-01T16:00:00.000Z", "nx": 21, "ny": 33, "lo1": 113.509, "la1": 22.2235, "lo2": 113.5947, "la2": 22.1034, "dx": 0.0042850000000001385, "dy": 0.003753125000000024, "parameterCategory": 2, "parameterCategoryName": "Temperature", "parameterNumber": 2}, "data": [1.53, 1.49, 1.45, 1.92, 1.82, 1.17, 1.06, 0.96, 0.92, 1.18, 1.35, 1.51, 1.76, 1.87, 1.77, 1.88, 3.21, 3.25, 3.28, 3.3, 1.55, 1.52, 1.48, 1.41, 1.84, 1.68, 1.0, 0.79, 0.66, 1.0, 1.31, 1.53, 1.81, 1.92, 1.82, 3.14, 3.21, 3.26, 3.3, 3.32, 1.58, 1.56, 1.52, 1.46, 1.89, 1.73, 1.46, 0.67, 0.12, 0.86, 1.35, 1.61, 1.88, 1.98, 3.03, 3.14, 3.23, 3.29, 3.33, 3.35, 1.62, 1.6, 1.58, 1.53, 1.47, 1.86, 1.65, 1.28, 0.95, 1.13, 1.54, 1.74, 1.94, 2.83, 2.99, 3.16, 3.27, 3.34, 3.37, 3.38, 1.66, 1.65, 1.64, 1.62, 1.59, 2.06, 1.97, 1.86, 1.83, 1.64, 1.85, 2.72, 2.17, 2.72, 3.02, 3.22, 3.34, 3.41, 3.43, 3.42, 1.7, 1.7, 1.71, 1.71, 1.72, 1.74, 2.3, 2.36, 2.45, 2.6, 3.38, 3.03, 2.63, 3.8, 3.14, 3.32, 3.45, 3.51, 3.49, 3.47, 2.64, 1.75, 1.77, 1.8, 1.83, 1.9, 3.03, 2.72, 2.86, 3.8, 3.97, 3.63, 4.49, 4.58, 3.33, 3.44, 3.58, 3.64, 4.13, 4.25, 2.62, 2.61, 2.6, 2.8, 2.8, 2.86, 2.97, 3.08, 3.27, 3.8, 4.0, 5.13, 5.37, 5.28, 5.62, 5.14, 4.5, 4.27, 4.62, 4.85, 2.61, 2.6, 2.57, 2.54, 2.71, 2.74, 2.85, 3.01, 3.47, 3.8, 5.29, 5.87, 6.8, 6.35, 5.86, 5.38, 4.96, 4.77, 4.84, 4.96, 2.84, 2.81, 2.77, 2.5, 2.41, 2.52, 2.73, 2.97, 3.62, 3.67, 5.74, 6.38, 7.18, 6.57, 6.03, 5.6, 5.28, 5.1, 5.06, 5.09, 2.85, 2.82, 2.77, 2.69, 2.51, 2.0, 2.69, 3.1, 3.26, 3.73, 5.63, 6.23, 6.47, 6.38, 6.04, 5.73, 5.48, 5.32, 5.24, 5.22, 2.86, 2.84, 2.8, 2.75, 2.66, 2.62, 2.92, 3.37, 3.58, 4.7, 5.43, 5.96, 6.18, 6.2, 5.99, 5.78, 5.59, 5.46, 5.37, 5.32, 2.88, 2.87, 2.85, 2.84, 2.84, 2.92, 3.07, 3.34, 3.5, 3.35, 5.0, 5.75, 5.94, 6.16, 6.09, 5.74, 5.59, 5.49, 5.41, 5.37, 2.9, 2.9, 2.9, 2.91, 2.94, 3.02, 3.1, 3.19, 3.28, 3.27, 4.86, 5.6, 5.71, 5.75, 5.87, 5.6, 5.52, 5.46, 5.41, 5.38, 2.92, 2.93, 2.93, 2.95, 2.99, 3.04, 3.09, 3.3, 3.34, 3.35, 3.34, 3.86, 5.5, 5.5, 5.48, 5.43, 5.41, 5.4, 5.39, 5.38, 2.94, 2.95, 2.65, 2.67, 2.7, 3.24, 3.24, 3.25, 3.26, 3.26, 3.74, 3.85, 3.98, 5.01, 5.02, 5.76, 5.9, 6.03, 4.96, 4.98, 2.63, 2.64, 2.66, 2.68, 3.22, 3.2, 3.18, 3.16, 3.16, 3.17, 3.68, 3.84, 4.03, 4.22, 4.63, 4.4, 4.33, 4.26, 4.21, 4.17, 2.64, 2.66, 2.67, 2.69, 3.19, 3.16, 3.12, 3.06, 3.03, 3.23, 3.42, 3.81, 4.05, 4.6, 4.62, 4.43, 4.33, 4.25, 4.19, 4.15, 2.65, 2.66, 2.68, 3.19, 3.17, 3.13, 3.07, 2.96, 2.91, 3.15, 3.4, 3.63, 4.5, 4.63, 4.46, 4.39, 4.3, 4.23, 4.17, 4.12, 2.66, 2.67, 3.01, 3.0, 2.99, 2.97, 2.94, 2.9, 3.02, 3.19, 3.38, 3.57, 4.54, 4.7, 4.34, 4.31, 4.26, 4.2, 4.14, 4.09, 3.02, 3.01, 3.01, 3.0, 2.99, 2.98, 2.96, 2.95, 3.18, 3.26, 3.39, 3.53, 4.62, 4.26, 4.27, 4.27, 4.24, 4.17, 4.1, 4.04, 3.02, 3.02, 3.01, 3.01, 3.01, 3.0, 2.99, 3.12, 3.26, 3.31, 3.39, 3.48, 4.81, 4.21, 4.24, 4.28, 4.29, 4.18, 4.05, 3.98, 3.02, 3.02, 3.02, 3.21, 3.2, 3.19, 3.19, 3.18, 3.19, 3.2, 3.21, 4.0, 3.65, 4.16, 4.21, 4.35, 4.56, 4.23, 3.93, 3.87, 3.25, 3.24, 3.24, 3.24, 3.23, 3.23, 3.23, 3.23, 3.23, 3.23, 3.25, 4.22, 3.62, 3.73, 3.87, 4.29, 5.39, 3.73, 3.64, 3.73, 3.26, 3.26, 3.26, 3.26, 3.26, 3.26, 3.26, 3.26, 3.24, 3.22, 3.27, 4.11, 4.44, 3.66, 3.74, 3.76, 3.36, 2.6, 3.37, 3.62, 3.28, 3.28, 3.28, 3.28, 3.29, 3.3, 3.3, 3.3, 3.27, 3.25, 3.78, 4.08, 4.36, 3.6, 3.62, 3.65, 3.37, 3.19, 3.43, 3.6, 3.29, 3.29, 3.3, 3.31, 3.32, 3.33, 3.34, 3.35, 3.36, 3.38, 3.9, 4.08, 4.3, 3.78, 3.73, 3.63, 3.51, 3.43, 3.46, 3.52, 3.3, 3.31, 3.32, 3.33, 3.34, 3.36, 3.38, 3.41, 3.45, 3.91, 3.96, 3.21, 3.0, 2.77, 3.72, 3.66, 3.59, 3.54, 3.54, 3.57, 3.31, 3.32, 3.33, 3.34, 3.36, 3.38, 3.41, 3.46, 3.53, 3.94, 3.68, 3.36, 3.09, 2.86, 3.73, 3.68, 3.64, 3.61, 3.6, 3.61, 3.32, 3.33, 3.34, 3.36, 3.38, 3.4, 3.43, 3.48, 3.32, 3.48, 3.58, 3.36, 3.12, 2.91, 3.74, 3.7, 3.67, 3.65, 3.64, 3.64, 3.33, 3.34, 3.35, 3.37, 3.39, 3.41, 3.44, 3.49, 3.26, 3.34, 3.35, 3.25, 3.09, 2.93, 3.74, 3.72, 3.69, 3.68, 3.67, 3.67, 3.34, 3.35, 3.36, 3.38, 3.39, 3.42, 3.44, 3.14, 3.19, 3.22, 3.21, 3.15, 3.04, 2.92, 3.75, 3.73, 3.71, 3.7, 3.69, 3.68]}, {"header": {"refTime": "2023-09-01T16:00:00.000Z", "nx": 21, "ny": 33, "lo1": 113.509, "la1": 22.2235, "lo2": 113.5947, "la2": 22.1034, "dx": 0.0042850000000001385, "dy": 0.003753125000000024, "parameterCategory": 2, "parameterCategoryName": "Temperature", "parameterNumber": 3}, "data": [-4.03, -4.01, -3.97, -3.62, -3.59, -3.22, -3.19, -3.15, -3.12, -2.92, -2.89, -2.85, -3.66, -3.7, -4.22, -4.43, -5.71, -5.85, -5.95, -6.02, -4.05, -4.03, -3.99, -3.94, -3.6, -3.55, -3.19, -3.14, -3.09, -2.93, -2.88, -2.83, -3.61, -3.66, -4.2, -5.53, -5.75, -5.92, -6.04, -6.11, -4.08, -4.05, -4.02, -3.98, -3.62, -3.57, -3.48, -3.13, -3.03, -2.94, -2.87, -2.79, -3.52, -3.59, -5.2, -5.55, -5.85, -6.05, -6.17, -6.23, -4.11, -4.09, -4.06, -4.03, -3.97, -3.62, -3.55, -3.42, -3.31, -2.94, -2.85, -2.71, -3.31, -3.59, -5.13, -5.64, -6.02, -6.26, -6.36, -6.38, -4.14, -4.13, -4.12, -4.09, -4.05, -3.7, -3.67, -3.63, -3.59, -2.95, -2.85, -3.42, -2.76, -3.47, -5.18, -5.84, -6.32, -6.57, -6.62, -6.57, -4.18, -4.18, -4.17, -4.16, -4.14, -4.12, -3.81, -3.83, -3.82, -3.77, -4.06, -3.81, -3.37, -4.9, -5.46, -6.17, -6.8, -7.06, -6.94, -6.76, -5.02, -4.23, -4.23, -4.24, -4.24, -4.24, -4.39, -4.04, -4.06, -4.61, -4.67, -4.62, -5.95, -5.92, -5.85, -6.53, -7.42, -7.75, -7.58, -7.35, -5.03, -5.02, -5.01, -5.38, -5.34, -4.44, -4.42, -4.43, -4.6, -4.49, -4.09, -6.6, -7.07, -6.76, -8.26, -8.31, -8.36, -8.37, -8.35, -8.33, -5.05, -5.04, -5.02, -5.0, -5.33, -5.31, -5.3, -4.41, -4.8, -4.69, -6.05, -7.1, -8.03, -7.58, -8.34, -8.33, -8.34, -8.35, -8.34, -8.33, -5.84, -5.8, -5.75, -5.01, -4.98, -5.24, -5.39, -5.54, -5.24, -5.06, -6.68, -7.45, -8.25, -7.71, -8.4, -8.36, -8.35, -8.34, -8.34, -8.33, -5.84, -5.8, -5.75, -5.65, -5.46, -4.88, -5.68, -6.21, -6.1, -5.58, -7.0, -7.27, -7.55, -7.49, -8.41, -8.37, -8.35, -8.34, -8.33, -8.33, -5.85, -5.82, -5.78, -5.71, -5.61, -5.57, -5.93, -6.57, -6.87, -7.46, -7.08, -8.11, -8.19, -7.29, -8.4, -8.37, -8.35, -8.03, -8.0, -7.98, -5.87, -5.85, -5.82, -5.8, -5.79, -5.86, -6.01, -6.46, -6.73, -6.51, -7.54, -8.02, -8.09, -7.66, -7.58, -7.91, -7.89, -7.88, -7.88, -7.88, -5.89, -5.88, -5.87, -5.87, -5.89, -5.93, -5.9, -6.18, -6.38, -6.38, -7.44, -7.61, -7.57, -7.51, -7.35, -7.66, -7.67, -7.7, -7.73, -7.76, -5.91, -5.91, -5.91, -5.92, -5.94, -5.97, -6.02, -6.52, -6.67, -6.75, -6.77, -6.74, -7.33, -7.23, -7.16, -7.37, -7.43, -7.51, -7.59, -7.64, -5.93, -5.93, -5.81, -5.83, -5.85, -6.54, -6.55, -6.61, -6.69, -6.74, -6.78, -6.67, -6.55, -6.83, -6.75, -6.7, -6.78, -6.86, -6.71, -6.77, -5.84, -5.86, -5.88, -5.91, -6.62, -6.62, -6.65, -6.7, -6.74, -6.77, -6.74, -6.62, -6.47, -6.29, -6.1, -6.1, -6.17, -6.22, -6.26, -6.29, -5.88, -5.9, -5.93, -5.98, -6.67, -6.69, -6.73, -6.79, -6.82, -6.52, -6.4, -6.6, -6.42, -6.11, -5.94, -6.08, -6.17, -6.24, -6.28, -6.3, -5.92, -5.94, -5.98, -6.69, -6.7, -6.73, -6.78, -6.86, -6.85, -6.62, -5.75, -5.58, -6.3, -6.17, -6.06, -6.13, -6.21, -6.27, -6.3, -6.33, -5.95, -5.98, -5.25, -5.31, -5.4, -5.54, -5.76, -6.11, -6.31, -5.92, -5.59, -5.44, -6.34, -6.26, -6.19, -6.23, -6.28, -6.32, -6.34, -6.35, -5.11, -5.13, -5.15, -5.19, -5.24, -5.33, -5.46, -5.6, -5.64, -5.47, -5.29, -5.21, -6.39, -6.27, -6.28, -6.31, -6.35, -6.37, -6.38, -6.39, -5.03, -5.04, -5.04, -5.04, -5.05, -5.06, -5.07, -4.85, -5.02, -4.93, -4.87, -4.89, -4.83, -6.33, -6.35, -6.38, -6.41, -6.42, -6.42, -6.42, -4.96, -4.94, -4.92, -4.58, -4.56, -4.53, -4.46, -4.33, -4.18, -4.07, -4.08, -4.66, -4.89, -6.37, -6.4, -6.44, -6.46, -6.47, -6.46, -6.45, -4.53, -4.52, -4.49, -4.45, -4.39, -4.3, -4.14, -3.9, -3.59, -3.44, -3.62, -3.78, -4.79, -5.28, -5.71, -6.47, -6.48, -6.52, -6.49, -6.47, -4.48, -4.45, -4.41, -4.35, -4.27, -4.14, -3.93, -3.61, -3.08, -2.65, -3.25, -3.68, -4.11, -5.22, -5.67, -6.03, -6.53, -6.56, -6.51, -6.48, -4.43, -4.4, -4.35, -4.28, -4.19, -4.05, -3.86, -3.56, -3.08, -2.71, -3.23, -3.72, -4.1, -5.15, -5.56, -6.26, -6.36, -6.39, -6.5, -6.47, -4.39, -4.36, -4.3, -4.24, -4.15, -4.04, -3.89, -3.7, -3.5, -3.46, -3.64, -3.9, -4.14, -5.86, -6.02, -6.16, -6.24, -6.28, -6.28, -6.25, -4.37, -4.33, -4.28, -4.22, -4.15, -4.06, -3.97, -3.88, -3.86, -3.91, -4.06, -4.15, -4.27, -4.45, -5.91, -6.05, -6.14, -6.18, -6.2, -6.19, -4.35, -4.31, -4.27, -4.22, -4.16, -4.1, -4.05, -4.03, -4.09, -4.25, -4.46, -4.32, -4.33, -4.45, -5.82, -5.95, -6.04, -6.1, -6.13, -6.14, -4.34, -4.3, -4.27, -4.22, -4.18, -4.14, -4.12, -4.12, -4.15, -4.31, -4.42, -4.36, -4.37, -4.45, -5.75, -5.88, -5.97, -6.03, -6.06, -6.08, -4.33, -4.3, -4.27, -4.24, -4.2, -4.18, -4.17, -4.17, -4.19, -4.28, -4.33, -4.35, -4.38, -4.45, -5.71, -5.82, -5.91, -5.97, -6.01, -6.04, -4.33, -4.3, -4.28, -4.25, -4.22, -4.21, -4.2, -4.16, -4.21, -4.26, -4.31, -4.34, -4.39, -4.44, -5.7, -5.79, -5.87, -5.92, -5.97, -6.0]}, {"header": {"refTime": "2023-09-01T16:00:00.000Z", "nx": 21, "ny": 33, "lo1": 113.509, "la1": 22.2235, "lo2": 113.5947, "la2": 22.1034, "dx": 0.0042850000000001385, "dy": 0.003753125000000024, "parameterCategory": 0, "parameterCategoryName": "Temperature", "parameterNumber": 0}, "data": [[29.12, 29.11, 29.1, 28.84, 28.85, 29.11, 29.11, 29.11, 29.11, 29.05, 29.08, 29.1, 29.36, 29.38, 29.28, 29.27, 29.4, 29.38, 29.37, 29.37], [29.12, 29.12, 29.11, 29.1, 28.85, 28.86, 29.1, 29.08, 29.08, 29.05, 29.08, 29.12, 29.38, 29.4, 29.29, 29.41, 29.39, 29.37, 29.37, 29.36], [29.13, 29.12, 29.11, 29.1, 28.85, 28.86, 28.88, 29.07, 29.02, 29.04, 29.09, 29.15, 29.41, 29.43, 29.43, 29.4, 29.38, 29.36, 29.35, 29.35], [29.13, 29.13, 29.12, 29.11, 29.1, 28.85, 28.87, 28.89, 28.92, 29.04, 29.11, 29.21, 29.47, 29.36, 29.44, 29.4, 29.36, 29.34, 29.33, 29.33], [29.14, 29.14, 29.13, 29.12, 29.11, 28.84, 28.85, 28.85, 28.85, 29.03, 29.1, 29.37, 29.5, 29.39, 29.43, 29.38, 29.33, 29.31, 29.3, 29.31], [29.15, 29.15, 29.15, 29.14, 29.12, 29.1, 28.83, 28.83, 28.81, 28.77, 29.15, 29.3, 29.42, 29.57, 29.42, 29.35, 29.28, 29.25, 29.27, 29.29], [29.23, 29.17, 29.16, 29.16, 29.14, 29.12, 28.95, 28.82, 28.8, 28.83, 28.83, 29.2, 29.54, 29.55, 29.4, 29.32, 29.22, 29.18, 29.19, 29.22], [29.24, 29.25, 29.25, 29.24, 29.23, 29.04, 28.98, 28.92, 28.89, 28.8, 28.65, 29.19, 29.2, 29.55, 29.25, 29.29, 29.2, 29.17, 29.22, 29.26], [29.16, 29.17, 29.27, 29.28, 29.28, 29.26, 29.19, 28.96, 28.77, 28.86, 28.88, 29.03, 29.1, 29.01, 29.26, 29.31, 29.26, 29.24, 29.25, 29.27], [29.5, 29.5, 29.5, 29.22, 29.26, 29.36, 29.29, 29.19, 28.67, 28.69, 29.11, 28.94, 28.99, 28.97, 29.26, 29.33, 29.29, 29.28, 29.28, 29.28], [29.5, 29.5, 29.5, 29.5, 29.5, 29.5, 29.5, 29.5, 29.29, 28.76, 28.5, 28.88, 28.93, 28.93, 29.26, 29.34, 29.31, 29.3, 29.3, 29.3], [29.5, 29.5, 29.5, 29.5, 29.5, 29.5, 29.5, 29.5, 29.5, -999.0, 28.5, 29.5, 29.5, 28.9, 29.25, 29.35, 29.34, 28.3, 28.32, 28.33], [29.5, 29.5, 29.5, 29.5, 29.5, 29.5, 29.5, 29.5, 29.5, 29.5, -999.0, 29.5, 29.5, 28.32, 28.84, 28.59, 28.6, 28.43, 28.45, 28.47], [29.5, 29.5, 29.5, 29.5, 29.5, 29.5, 29.5, 29.5, 29.5, 29.5, -999.0, 27.7, 27.7, 27.7, 28.69, 28.47, 28.5, 28.32, 28.36, 28.39], [29.5, 29.5, 29.5, 29.5, 29.5, 29.5, 29.5, 29.2, 29.2, 29.2, 29.2, 28.62, 27.7, 27.7, 27.7, 28.34, 28.38, 28.22, 28.27, 28.31], [29.5, 29.5, 29.31, 29.31, 29.3, 29.2, 29.2, 29.2, 29.2, 29.2, 28.26, 28.36, 28.22, 28.1, 28.23, 28.18, 28.25, 28.12, 28.42, 28.47], [29.31, 29.31, 29.39, 29.39, 29.2, 29.2, 29.2, 29.2, 29.2, 29.2, 28.55, 28.37, 28.17, 27.99, 28.02, 27.94, 28.03, 28.1, 28.14, 28.18], [29.39, 29.39, 29.38, 29.38, 29.2, 29.2, 29.2, 29.2, 29.2, 28.82, 28.62, 28.39, 28.16, 28.04, 27.75, 27.92, 28.04, 28.12, 28.17, 28.2], [29.39, 29.38, 29.38, 29.2, 29.2, 29.2, 29.2, 29.2, 29.07, 28.91, 28.77, 28.58, 28.35, 28.15, 27.9, 27.99, 28.09, 28.16, 28.21, 28.23], [29.38, 29.38, 29.2, 29.2, 29.2, 29.2, 29.2, 29.2, 29.06, 28.94, 28.79, 28.64, 28.44, 28.32, 28.07, 28.12, 28.18, 28.23, 28.25, 28.26], [29.2, 29.2, 29.2, 29.2, 29.2, 29.2, 29.2, 29.2, 28.97, 28.91, 28.81, 28.69, 28.52, 28.17, 28.19, 28.24, 28.29, 28.31, 28.31, 28.3], [29.2, 29.2, 29.2, 29.2, 29.2, 29.2, 29.2, 29.22, 28.94, 28.9, 28.84, 28.75, 28.6, 28.25, 28.29, 28.35, 28.4, 28.39, 28.36, 28.34], [29.2, 29.2, 29.2, 29.23, 29.22, 29.22, 29.22, 29.22, 29.22, 29.22, 29.22, 29.15, 28.78, 28.31, 28.36, 28.45, 28.54, 28.48, 28.4, 28.36], [29.23, 29.23, 29.23, 29.23, 29.23, 29.22, 29.22, 29.22, 29.22, 29.22, 29.22, 29.18, 28.79, 28.72, 28.67, 28.48, 28.75, 28.44, 28.38, 28.36], [29.23, 29.23, 29.23, 29.23, 29.23, 29.23, 29.23, 29.22, 29.22, 29.21, 29.22, 29.18, 29.17, 28.72, 28.66, 28.59, 28.38, 28.26, 28.34, 28.35], [29.23, 29.23, 29.23, 29.23, 29.23, 29.23, 29.23, 29.23, 29.22, 29.21, 29.2, 29.19, 29.18, 28.72, 28.65, 28.6, 28.52, 28.48, 28.34, 28.34], [29.23, 29.23, 29.23, 29.23, 29.23, 29.23, 29.23, 29.23, 29.23, 29.23, 29.21, 29.21, 29.19, 28.78, 28.71, 28.64, 28.59, 28.56, 28.56, 28.59], [29.23, 29.23, 29.23, 29.24, 29.24, 29.24, 29.24, 29.24, 29.25, 29.24, 29.24, 29.08, 28.99, 28.89, 28.75, 28.69, 28.64, 28.62, 28.61, 28.62], [29.24, 29.24, 29.24, 29.24, 29.24, 29.24, 29.24, 29.25, 29.26, 29.26, 29.24, 29.13, 29.02, 28.93, 28.79, 28.73, 28.69, 28.66, 28.65, 28.65], [29.24, 29.24, 29.24, 29.24, 29.24, 29.24, 29.25, 29.25, 29.12, 29.17, 29.2, 29.12, 29.03, 28.95, 28.82, 28.76, 28.72, 28.7, 28.68, 28.67], [29.24, 29.24, 29.24, 29.24, 29.24, 29.24, 29.25, 29.25, 29.1, 29.12, 29.12, 29.08, 29.02, 28.95, 28.84, 28.79, 28.75, 28.72, 28.7, 28.69], [29.24, 29.24, 29.24, 29.24, 29.24, 29.25, 29.25, 29.05, 29.07, 29.08, 29.07, 29.04, 29.0, 28.95, 28.84, 28.8, 28.77, 28.74, 28.73, 28.71]]}]