gis_exercise/awsData/contour/wdir_2023091112.json
[{"header": {"refTime": "2023-09-11T12:00:00.000Z", "nx": 21, "ny": 33, "lo1": 113.509, "la1": 22.2235, "lo2": 113.5947, "la2": 22.1034, "dx": 0.0042850000000001385, "dy": 0.003753125000000024, "parameterCategory": 2, "parameterCategoryName": "Temperature", "parameterNumber": 2}, "data": [-1.48, -1.46, -1.44, -1.5, -1.47, -1.72, -1.66, -1.6, -1.6, -1.74, -1.9, -2.06, -2.38, -2.46, -3.92, -4.14, -4.9, -5.01, -5.09, -5.14, -1.49, -1.48, -1.45, -1.42, -1.47, -1.42, -1.59, -1.46, -1.38, -1.6, -1.89, -2.12, -2.47, -2.55, -4.0, -4.8, -4.97, -5.1, -5.19, -5.24, -1.51, -1.49, -1.47, -1.45, -1.49, -1.44, -1.34, -1.34, -0.94, -1.49, -1.94, -2.25, -2.61, -2.67, -4.59, -4.84, -5.07, -5.24, -5.33, -5.37, -1.52, -1.51, -1.5, -1.48, -1.45, -1.48, -1.41, -1.28, -1.16, -1.67, -2.1, -2.48, -2.85, -3.09, -4.56, -4.93, -5.24, -5.45, -5.53, -5.53, -1.54, -1.54, -1.53, -1.52, -1.5, -1.56, -1.53, -1.49, -1.47, -1.96, -2.28, -3.11, -3.3, -3.13, -4.58, -5.09, -5.53, -5.78, -5.8, -5.72, -1.57, -1.57, -1.56, -1.56, -1.56, -1.55, -1.65, -1.67, -1.69, -1.74, -2.84, -3.01, -3.17, -4.0, -4.67, -5.35, -6.02, -6.3, -6.15, -5.92, -2.63, -1.59, -1.6, -1.6, -1.61, -1.63, -1.99, -1.8, -1.85, -2.27, -2.35, -2.85, -4.02, -4.19, -4.78, -5.61, -6.7, -7.1, -7.05, -6.81, -2.65, -2.62, -2.58, -2.53, -2.5, -1.97, -1.98, -1.99, -2.06, -2.24, -2.26, -3.5, -3.76, -4.47, -5.87, -6.43, -7.1, -7.34, -6.98, -6.74, -2.67, -2.63, -2.59, -2.53, -2.46, -2.46, -2.48, -1.98, -2.45, -2.28, -3.6, -4.25, -5.21, -4.75, -5.91, -6.29, -6.68, -6.86, -6.78, -6.65, -3.37, -3.31, -3.23, -2.53, -2.41, -2.33, -2.52, -2.71, -2.85, -2.78, -4.09, -4.76, -5.6, -4.97, -5.96, -6.18, -6.41, -6.55, -6.57, -6.52, -3.39, -3.33, -3.25, -3.11, -2.81, -1.92, -3.04, -3.62, -3.23, -3.15, -4.68, -4.6, -4.86, -4.77, -5.97, -6.11, -6.26, -6.37, -6.41, -6.41, -3.42, -3.38, -3.33, -3.24, -3.09, -3.02, -3.46, -3.96, -4.15, -4.98, -4.67, -5.04, -5.14, -4.58, -5.97, -6.07, -6.17, -6.38, -6.39, -6.38, -3.46, -3.44, -3.42, -3.41, -3.45, -3.65, -3.96, -4.06, -4.13, -3.98, -5.16, -4.95, -5.02, -4.73, -4.67, -6.05, -6.08, -6.12, -6.16, -6.19, -3.5, -3.5, -3.51, -3.56, -3.66, -3.91, -4.32, -4.07, -4.01, -3.94, -5.11, -4.96, -4.96, -4.92, -4.49, -5.72, -5.79, -5.86, -5.94, -6.0, -3.54, -3.55, -3.58, -3.64, -3.74, -3.89, -4.01, -3.74, -3.57, -3.44, -3.33, -2.99, -4.74, -4.66, -4.61, -5.35, -5.47, -5.6, -5.72, -5.82, -3.57, -3.59, -2.55, -2.61, -2.7, -3.44, -3.4, -3.28, -3.15, -3.07, -2.75, -2.85, -2.96, -3.56, -3.61, -4.44, -4.55, -4.66, -5.03, -5.15, -2.42, -2.44, -2.46, -2.47, -3.16, -3.07, -2.92, -2.72, -2.59, -2.61, -2.5, -2.72, -2.93, -3.13, -3.3, -3.45, -3.44, -3.42, -3.41, -3.4, -2.37, -2.37, -2.36, -2.33, -2.92, -2.74, -2.45, -2.05, -1.85, -1.94, -2.29, -2.6, -2.89, -3.26, -3.46, -3.46, -3.44, -3.43, -3.41, -3.4, -2.32, -2.3, -2.27, -2.88, -2.73, -2.49, -2.11, -1.47, -0.89, -1.61, -2.04, -2.43, -2.95, -3.22, -3.46, -3.46, -3.44, -3.43, -3.41, -3.39, -2.27, -2.25, -2.78, -2.69, -2.55, -2.34, -2.02, -1.56, -1.21, -1.66, -2.1, -2.44, -2.94, -3.19, -3.46, -3.46, -3.45, -3.43, -3.41, -3.39, -2.87, -2.83, -2.77, -2.69, -2.58, -2.42, -2.22, -2.01, -1.82, -2.02, -2.29, -2.52, -2.98, -3.45, -3.46, -3.47, -3.47, -3.45, -3.41, -3.37, -2.87, -2.84, -2.79, -2.73, -2.65, -2.57, -2.47, -1.98, -2.29, -2.41, -2.55, -2.66, -4.12, -3.45, -3.47, -3.51, -3.53, -3.48, -3.4, -3.35, -2.88, -2.86, -2.82, -2.14, -2.16, -2.19, -2.24, -2.33, -2.44, -2.52, -2.5, -3.23, -3.6, -3.44, -3.48, -3.58, -3.72, -3.52, -3.35, -3.3, -2.17, -2.18, -2.2, -2.23, -2.27, -2.34, -2.46, -2.63, -2.86, -2.97, -2.83, -3.71, -3.61, -3.56, -3.54, -3.56, -4.22, -3.26, -3.19, -3.23, -2.2, -2.22, -2.25, -2.29, -2.35, -2.45, -2.6, -2.83, -3.22, -3.55, -3.09, -3.64, -3.69, -3.54, -3.48, -3.41, -3.04, -2.61, -3.04, -3.17, -2.23, -2.26, -2.29, -2.34, -2.4, -2.5, -2.64, -2.86, -3.21, -3.49, -3.58, -3.51, -3.56, -3.52, -3.43, -3.01, -2.92, -2.83, -3.07, -3.16, -2.25, -2.28, -2.31, -2.36, -2.42, -2.5, -2.61, -2.74, -2.88, -2.9, -3.28, -3.28, -3.39, -2.79, -2.88, -2.92, -2.91, -2.89, -2.9, -2.93, -2.27, -2.29, -2.33, -2.37, -2.42, -2.47, -2.53, -2.58, -2.58, -2.94, -2.83, -2.48, -2.47, -2.43, -2.8, -2.86, -2.88, -2.89, -2.9, -2.91, -2.28, -2.3, -2.33, -2.36, -2.4, -2.43, -2.46, -2.46, -2.39, -2.54, -2.08, -2.3, -2.39, -2.4, -2.73, -2.8, -2.84, -2.86, -2.88, -2.89, -2.28, -2.3, -2.33, -2.35, -2.38, -2.4, -2.4, -2.38, -2.44, -2.26, -2.15, -2.27, -2.36, -2.38, -2.69, -2.76, -2.81, -2.84, -2.86, -2.87, -2.28, -2.3, -2.32, -2.34, -2.36, -2.37, -2.37, -2.35, -2.43, -2.34, -2.29, -2.32, -2.36, -2.37, -2.66, -2.73, -2.78, -2.81, -2.84, -2.85, -2.28, -2.3, -2.31, -2.33, -2.34, -2.35, -2.34, -2.5, -2.44, -2.39, -2.36, -2.36, -2.38, -2.38, -2.65, -2.71, -2.76, -2.79, -2.82, -2.83]}, {"header": {"refTime": "2023-09-11T12:00:00.000Z", "nx": 21, "ny": 33, "lo1": 113.509, "la1": 22.2235, "lo2": 113.5947, "la2": 22.1034, "dx": 0.0042850000000001385, "dy": 0.003753125000000024, "parameterCategory": 2, "parameterCategoryName": "Temperature", "parameterNumber": 3}, "data": [0.37, 0.39, 0.41, 0.81, 0.81, 1.13, 1.11, 1.09, 1.11, 1.22, 1.31, 1.4, 1.61, 1.66, 2.04, 2.09, 2.36, 2.37, 2.38, 2.38, 0.36, 0.38, 0.4, 0.42, 0.81, 0.8, 1.07, 1.03, 1.01, 1.15, 1.31, 1.45, 1.67, 1.71, 2.09, 2.35, 2.37, 2.38, 2.39, 2.4, 0.34, 0.36, 0.38, 0.41, 0.81, 0.8, 0.79, 0.97, 0.81, 1.09, 1.34, 1.53, 1.77, 1.8, 2.33, 2.36, 2.39, 2.41, 2.42, 2.42, 0.33, 0.34, 0.36, 0.39, 0.42, 0.8, 0.8, 0.79, 0.78, 1.18, 1.43, 1.68, 1.93, 1.95, 2.33, 2.37, 2.41, 2.44, 2.45, 2.45, 0.3, 0.31, 0.33, 0.36, 0.39, 0.81, 0.8, 0.8, 0.81, 1.3, 1.51, 1.98, 2.22, 2.0, 2.33, 2.39, 2.46, 2.5, 2.5, 2.48, 0.28, 0.28, 0.29, 0.31, 0.35, 0.39, 0.8, 0.81, 0.82, 0.84, 1.65, 1.85, 2.04, 2.06, 2.32, 2.42, 2.54, 2.58, 2.55, 2.51, 0.12, 0.25, 0.25, 0.26, 0.29, 0.34, 0.49, 0.79, 0.81, 1.03, 1.1, 1.62, 1.89, 1.92, 2.3, 2.45, 2.65, 2.73, 2.63, 2.56, 0.11, 0.1, 0.1, 0.15, 0.17, 0.33, 0.44, 0.6, 0.8, 1.01, 1.06, 1.47, 1.54, 1.82, 2.04, 2.27, 2.54, 2.64, 2.49, 2.39, 0.1, 0.08, 0.06, 0.04, 0.08, 0.11, 0.23, 0.5, 0.77, 1.03, 1.36, 1.5, 1.6, 1.56, 2.0, 2.18, 2.36, 2.43, 2.4, 2.35, 0.04, 0.02, -0.01, -0.01, -0.08, -0.08, 0.08, 0.27, 0.74, 0.77, 1.44, 1.53, 1.61, 1.56, 1.98, 2.12, 2.23, 2.3, 2.31, 2.29, 0.04, 0.03, -0.0, -0.05, -0.16, -0.46, -0.07, 0.16, 0.35, 0.72, 1.12, 1.51, 1.54, 1.54, 1.98, 2.08, 2.16, 2.21, 2.24, 2.24, 0.05, 0.04, 0.02, -0.01, -0.06, -0.09, 0.08, 0.3, 0.39, 0.74, 1.05, 1.32, 1.39, 1.51, 1.99, 2.06, 2.12, 1.81, 1.83, 1.83, 0.07, 0.06, 0.05, 0.04, 0.05, 0.11, 0.21, 0.3, 0.36, 0.29, 0.82, 1.26, 1.33, 1.27, 1.23, 1.59, 1.63, 1.66, 1.7, 1.72, 0.08, 0.08, 0.08, 0.09, 0.12, 0.19, 0.28, 0.26, 0.28, 0.26, 0.78, 0.86, 0.87, 0.86, 1.11, 1.43, 1.47, 1.52, 1.57, 1.61, 0.09, 0.1, 0.1, 0.12, 0.15, 0.19, 0.23, 0.65, 0.72, 0.78, 0.81, 0.8, 0.78, 0.75, 0.73, 1.24, 1.31, 1.38, 1.45, 1.51, 0.1, 0.11, 0.44, 0.45, 0.47, 0.75, 0.76, 0.81, 0.86, 0.89, 0.89, 0.82, 0.73, 0.89, 0.82, 1.07, 1.19, 1.3, 1.7, 1.8, 0.48, 0.49, 0.51, 0.54, 0.85, 0.87, 0.93, 1.0, 1.04, 1.04, 0.96, 0.84, 0.71, 0.58, 0.77, 0.67, 0.8, 0.9, 0.97, 1.02, 0.52, 0.54, 0.57, 0.62, 0.93, 0.99, 1.08, 1.22, 1.29, 1.15, 0.99, 0.87, 0.7, 0.78, 0.37, 0.64, 0.82, 0.94, 1.01, 1.05, 0.56, 0.59, 0.63, 0.94, 0.99, 1.07, 1.2, 1.41, 1.58, 1.28, 0.91, 0.72, 1.18, 0.94, 0.61, 0.75, 0.91, 1.01, 1.07, 1.1, 0.59, 0.62, 0.67, 0.71, 0.77, 0.87, 1.01, 1.22, 1.34, 1.1, 0.86, 0.69, 1.32, 1.22, 0.87, 0.95, 1.05, 1.12, 1.15, 1.15, 0.61, 0.63, 0.65, 0.68, 0.73, 0.79, 0.88, 0.98, 0.99, 0.88, 0.74, 0.63, 1.48, 1.02, 1.07, 1.15, 1.22, 1.25, 1.23, 1.21, 0.59, 0.61, 0.62, 0.64, 0.66, 0.69, 0.72, 0.78, 0.7, 0.64, 0.57, 0.53, 0.93, 1.15, 1.24, 1.35, 1.43, 1.39, 1.31, 1.25, 0.57, 0.58, 0.58, 0.65, 0.65, 0.63, 0.6, 0.55, 0.48, 0.44, 0.44, 1.11, 0.83, 1.24, 1.35, 1.52, 1.72, 1.54, 1.34, 1.26, 0.63, 0.62, 0.61, 0.6, 0.57, 0.53, 0.46, 0.36, 0.23, 0.16, 0.24, 0.67, 0.78, 1.01, 1.24, 1.57, 2.27, 1.38, 1.25, 1.23, 0.6, 0.59, 0.57, 0.55, 0.51, 0.46, 0.37, 0.23, 0.01, -0.18, 0.08, 0.58, 0.9, 0.96, 1.16, 1.3, 1.18, 0.81, 1.13, 1.19, 0.58, 0.57, 0.54, 0.52, 0.47, 0.42, 0.33, 0.2, 0.01, -0.15, 0.24, 0.56, 0.84, 0.9, 1.06, 1.28, 1.18, 1.1, 1.13, 1.17, 0.56, 0.55, 0.52, 0.49, 0.46, 0.41, 0.34, 0.26, 0.18, 0.15, 0.42, 0.6, 0.81, 1.15, 1.21, 1.22, 1.2, 1.18, 1.19, 1.21, 0.55, 0.53, 0.51, 0.48, 0.45, 0.41, 0.37, 0.33, 0.32, 0.48, 0.55, 0.2, 0.15, 0.11, 1.15, 1.18, 1.19, 1.19, 1.2, 1.21, 0.54, 0.52, 0.5, 0.48, 0.46, 0.43, 0.4, 0.39, 0.41, 0.57, 0.47, 0.31, 0.2, 0.15, 1.11, 1.15, 1.17, 1.18, 1.19, 1.2, 0.53, 0.52, 0.5, 0.48, 0.46, 0.44, 0.43, 0.43, 0.24, 0.35, 0.42, 0.32, 0.23, 0.17, 1.08, 1.12, 1.15, 1.17, 1.18, 1.19, 0.53, 0.52, 0.5, 0.49, 0.47, 0.46, 0.45, 0.45, 0.23, 0.29, 0.31, 0.27, 0.22, 0.17, 1.07, 1.11, 1.14, 1.16, 1.17, 1.18, 0.53, 0.52, 0.5, 0.49, 0.48, 0.47, 0.46, 0.17, 0.21, 0.23, 0.24, 0.23, 0.2, 0.17, 1.06, 1.1, 1.12, 1.14, 1.16, 1.17]}, {"header": {"refTime": "2023-09-11T12:00:00.000Z", "nx": 21, "ny": 33, "lo1": 113.509, "la1": 22.2235, "lo2": 113.5947, "la2": 22.1034, "dx": 0.0042850000000001385, "dy": 0.003753125000000024, "parameterCategory": 0, "parameterCategoryName": "Temperature", "parameterNumber": 0}, "data": [[26.24, 26.23, 26.22, 26.0, 26.0, 26.14, 26.13, 26.13, 26.13, 26.11, 26.13, 26.16, 26.32, 26.34, 26.46, 26.49, 26.64, 26.65, 26.66, 26.66], [26.25, 26.24, 26.23, 26.21, 26.0, 26.0, 26.12, 26.1, 26.09, 26.09, 26.13, 26.17, 26.33, 26.35, 26.48, 26.63, 26.65, 26.66, 26.67, 26.67], [26.25, 26.25, 26.23, 26.22, 26.01, 26.0, 26.0, 26.08, 26.02, 26.08, 26.14, 26.2, 26.36, 26.38, 26.61, 26.64, 26.66, 26.67, 26.68, 26.68], [26.27, 26.26, 26.25, 26.23, 26.21, 26.01, 26.01, 26.0, 26.0, 26.1, 26.16, 26.24, 26.4, 26.38, 26.61, 26.64, 26.67, 26.69, 26.7, 26.7], [26.28, 26.27, 26.26, 26.25, 26.23, 26.01, 26.01, 26.01, 26.0, 26.11, 26.18, 26.38, 26.45, 26.4, 26.61, 26.66, 26.7, 26.72, 26.72, 26.71], [26.29, 26.29, 26.28, 26.27, 26.26, 26.23, 26.02, 26.02, 26.01, 25.99, 26.27, 26.35, 26.41, 26.5, 26.62, 26.68, 26.74, 26.76, 26.75, 26.73], [26.43, 26.31, 26.31, 26.3, 26.29, 26.27, 26.2, 26.03, 26.03, 26.09, 26.09, 26.3, 26.5, 26.5, 26.63, 26.7, 26.8, 26.83, 26.83, 26.8], [26.44, 26.45, 26.45, 26.44, 26.43, 26.28, 26.22, 26.15, 26.1, 26.06, 25.99, 26.32, 26.32, 26.5, 26.75, 26.71, 26.8, 26.83, 26.78, 26.74], [26.36, 26.37, 26.47, 26.48, 26.48, 26.46, 26.39, 26.2, 26.04, 26.1, 26.13, 26.22, 26.26, 26.2, 26.74, 26.69, 26.74, 26.76, 26.75, 26.73], [26.7, 26.7, 26.7, 26.42, 26.46, 26.56, 26.49, 26.39, 25.99, 26.0, 26.26, 26.16, 26.2, 26.18, 26.74, 26.67, 26.71, 26.72, 26.72, 26.72], [26.7, 26.7, 26.7, 26.7, 26.7, 26.7, 26.7, 26.7, 26.49, 26.03, 25.9, 26.13, 26.16, 26.16, 26.74, 26.66, 26.69, 26.7, 26.7, 26.7], [26.7, 26.7, 26.7, 26.7, 26.7, 26.7, 26.7, 26.7, 26.7, -999.0, 25.9, 26.5, 26.5, 26.14, 26.75, 26.65, 26.66, 26.45, 26.46, 26.46], [26.7, 26.7, 26.7, 26.7, 26.7, 26.7, 26.7, 26.7, 26.7, 26.7, -999.0, 26.5, 26.5, 26.24, 26.35, 26.61, 26.61, 26.52, 26.53, 26.54], [26.7, 26.7, 26.7, 26.7, 26.7, 26.7, 26.7, 26.7, 26.7, 26.7, -999.0, 26.1, 26.1, 26.1, 26.32, 26.54, 26.55, 26.45, 26.48, 26.49], [26.7, 26.7, 26.7, 26.7, 26.7, 26.7, 26.7, 27.0, 27.0, 27.0, 27.0, 26.65, 26.1, 26.1, 26.1, 26.47, 26.49, 26.4, 26.43, 26.45], [26.7, 26.7, 26.89, 26.89, 26.9, 27.0, 27.0, 27.0, 27.0, 27.0, 26.43, 26.5, 26.41, 26.34, 26.42, 26.39, 26.44, 26.36, 26.53, 26.56], [26.89, 26.89, 26.81, 26.81, 27.0, 27.0, 27.0, 27.0, 27.0, 27.0, 26.61, 26.5, 26.38, 26.28, 26.3, 26.37, 26.46, 26.53, 26.59, 26.62], [26.81, 26.81, 26.82, 26.82, 27.0, 27.0, 27.0, 27.0, 27.0, 26.77, 26.65, 26.52, 26.38, 26.3, 26.13, 26.33, 26.47, 26.55, 26.61, 26.65], [26.81, 26.82, 26.82, 27.0, 27.0, 27.0, 27.0, 27.0, 26.92, 26.82, 26.76, 26.65, 26.49, 26.37, 26.32, 26.41, 26.52, 26.6, 26.65, 26.68], [26.82, 26.82, 27.06, 27.05, 27.05, 27.05, 27.04, 27.02, 26.93, 26.86, 26.78, 26.69, 26.55, 26.48, 26.49, 26.54, 26.61, 26.67, 26.7, 26.72], [27.06, 27.06, 27.06, 27.04, 27.04, 27.04, 27.03, 27.03, 26.88, 26.85, 26.79, 26.73, 26.6, 26.6, 26.62, 26.67, 26.71, 26.74, 26.76, 26.76], [27.05, 27.05, 27.05, 27.04, 27.04, 27.04, 27.04, 27.12, 26.88, 26.86, 26.82, 26.77, 26.68, 26.68, 26.72, 26.77, 26.8, 26.82, 26.82, 26.81], [27.05, 27.05, 27.05, 27.16, 27.16, 27.15, 27.15, 27.14, 27.14, 27.15, 27.15, 27.02, 27.03, 26.74, 26.79, 26.84, 26.88, 26.89, 26.87, 26.85], [27.18, 27.18, 27.18, 27.17, 27.17, 27.17, 27.16, 27.16, 27.15, 27.15, 27.16, 27.15, 27.04, 27.02, 27.01, 26.88, 26.92, 26.95, 26.91, 26.87], [27.19, 27.19, 27.19, 27.18, 27.18, 27.18, 27.18, 27.17, 27.15, 27.13, 27.17, 27.16, 27.15, 27.03, 27.02, 27.01, 26.96, 27.0, 26.93, 26.89], [27.19, 27.19, 27.19, 27.2, 27.2, 27.2, 27.19, 27.19, 27.17, 27.15, 27.18, 27.19, 27.18, 27.03, 27.02, 27.08, 27.07, 27.07, 26.91, 26.88], [27.2, 27.2, 27.2, 27.21, 27.21, 27.21, 27.22, 27.22, 27.22, 27.23, 27.23, 27.23, 27.21, 27.18, 27.14, 27.11, 27.09, 27.08, 27.08, 27.09], [27.21, 27.21, 27.21, 27.22, 27.22, 27.23, 27.24, 27.25, 27.27, 27.3, 27.32, 27.32, 27.29, 27.27, 27.17, 27.13, 27.11, 27.1, 27.1, 27.1], [27.21, 27.22, 27.22, 27.23, 27.23, 27.24, 27.26, 27.28, 27.32, 27.38, 27.45, 27.37, 27.32, 27.28, 27.19, 27.16, 27.14, 27.12, 27.12, 27.11], [27.22, 27.22, 27.23, 27.23, 27.24, 27.25, 27.27, 27.29, 27.34, 27.39, 27.42, 27.37, 27.33, 27.29, 27.21, 27.18, 27.15, 27.14, 27.13, 27.13], [27.22, 27.23, 27.23, 27.24, 27.25, 27.26, 27.28, 27.3, 27.34, 27.36, 27.37, 27.35, 27.32, 27.3, 27.22, 27.19, 27.17, 27.15, 27.14, 27.14], [27.22, 27.23, 27.24, 27.24, 27.25, 27.26, 27.28, 27.31, 27.32, 27.34, 27.34, 27.33, 27.31, 27.29, 27.22, 27.2, 27.18, 27.16, 27.15, 27.15]]}]