gis_exercise/awsData/contour/wdir_2023091315.json
[{"header": {"refTime": "2023-09-13T15:00:00.000Z", "nx": 21, "ny": 33, "lo1": 113.509, "la1": 22.2235, "lo2": 113.5947, "la2": 22.1034, "dx": 0.0042850000000001385, "dy": 0.003753125000000024, "parameterCategory": 2, "parameterCategoryName": "Temperature", "parameterNumber": 2}, "data": [-2.32, -2.33, -2.33, -2.35, -2.33, -2.73, -2.67, -2.61, -2.6, -2.29, -2.37, -2.44, -3.03, -3.09, -3.26, -3.32, -3.87, -3.89, -3.9, -3.91, -2.32, -2.33, -2.33, -2.33, -2.34, -2.31, -2.63, -2.5, -2.43, -2.24, -2.37, -2.48, -3.08, -3.14, -3.3, -3.85, -3.88, -3.9, -3.92, -3.93, -2.32, -2.33, -2.33, -2.34, -2.36, -2.33, -2.27, -2.42, -2.08, -2.2, -2.4, -2.56, -3.16, -3.21, -3.81, -3.86, -3.89, -3.92, -3.94, -3.94, -2.32, -2.33, -2.34, -2.35, -2.36, -2.37, -2.32, -2.23, -2.15, -2.25, -2.46, -2.7, -3.28, -3.21, -3.8, -3.87, -3.92, -3.95, -3.96, -3.97, -2.31, -2.32, -2.34, -2.36, -2.38, -2.44, -2.42, -2.38, -2.33, -2.31, -2.5, -3.2, -3.38, -3.26, -3.81, -3.89, -3.96, -4.0, -4.0, -3.99, -2.3, -2.31, -2.33, -2.35, -2.4, -2.46, -2.54, -2.56, -2.5, -2.37, -2.88, -3.12, -3.3, -3.81, -3.84, -3.94, -4.03, -4.07, -4.05, -4.02, -3.3, -2.29, -2.3, -2.33, -2.38, -2.48, -2.55, -2.8, -2.77, -2.73, -2.57, -3.03, -3.91, -3.93, -3.88, -3.98, -4.12, -4.17, -4.2, -4.18, -3.28, -3.24, -3.19, -3.25, -3.25, -2.34, -2.53, -2.9, -3.35, -2.63, -2.05, -3.44, -3.71, -4.04, -4.25, -4.26, -4.27, -4.27, -4.26, -4.26, -3.28, -3.23, -3.15, -3.05, -3.07, -3.11, -3.33, -2.64, -3.46, -2.8, -3.02, -3.61, -4.05, -3.84, -4.27, -4.27, -4.27, -4.27, -4.26, -4.26, -3.95, -3.86, -3.73, -2.98, -2.74, -2.68, -3.13, -3.63, -3.81, -3.57, -3.35, -3.74, -4.12, -3.88, -4.29, -4.27, -4.27, -4.27, -4.26, -4.26, -3.98, -3.89, -3.76, -3.54, -3.05, -1.63, -3.44, -4.41, -4.32, -4.1, -4.16, -3.65, -3.79, -3.77, -4.29, -4.28, -4.27, -4.27, -4.26, -4.26, -4.02, -3.96, -3.87, -3.73, -3.5, -3.38, -4.11, -5.0, -5.36, -5.57, -4.41, -4.81, -4.72, -3.67, -4.29, -4.28, -4.27, -4.08, -4.08, -4.07, -4.09, -4.06, -4.02, -4.0, -4.06, -4.35, -4.83, -5.1, -5.28, -5.01, -5.46, -4.9, -4.8, -3.97, -3.94, -4.03, -4.02, -4.02, -4.02, -4.02, -4.15, -4.15, -4.16, -4.22, -4.38, -4.74, -5.31, -5.03, -5.01, -4.92, -5.47, -4.71, -4.55, -4.43, -3.84, -3.93, -3.93, -3.95, -3.96, -3.97, -4.21, -4.23, -4.27, -4.35, -4.5, -4.72, -4.91, -4.84, -4.69, -4.56, -4.44, -3.61, -4.41, -4.27, -4.18, -3.81, -3.83, -3.87, -3.9, -3.92, -4.26, -4.29, -3.03, -3.13, -3.25, -4.49, -4.45, -4.33, -4.2, -4.12, -3.39, -3.38, -3.36, -3.07, -3.11, -3.59, -3.64, -3.68, -3.65, -3.68, -2.89, -2.92, -2.96, -3.0, -4.19, -4.09, -3.92, -3.69, -3.55, -3.59, -3.08, -3.18, -3.23, -3.24, -3.03, -3.33, -3.37, -3.4, -3.43, -3.45, -2.85, -2.87, -2.87, -2.87, -3.92, -3.72, -3.39, -2.94, -2.71, -2.48, -2.74, -3.02, -3.14, -3.01, -3.18, -3.31, -3.37, -3.41, -3.44, -3.46, -2.81, -2.81, -2.79, -3.88, -3.71, -3.44, -3.0, -2.27, -1.53, -2.17, -2.27, -2.54, -2.77, -2.96, -3.3, -3.35, -3.4, -3.44, -3.46, -3.47, -2.77, -2.76, -3.34, -3.25, -3.11, -2.9, -2.59, -2.16, -1.7, -2.01, -2.33, -2.56, -2.75, -2.91, -3.39, -3.41, -3.45, -3.47, -3.48, -3.49, -3.4, -3.36, -3.3, -3.21, -3.1, -2.94, -2.74, -2.53, -2.14, -2.28, -2.47, -2.63, -2.75, -3.44, -3.45, -3.48, -3.5, -3.51, -3.51, -3.51, -3.38, -3.34, -3.28, -3.21, -3.13, -3.03, -2.92, -2.32, -2.49, -2.58, -2.67, -2.74, -3.59, -3.48, -3.5, -3.53, -3.55, -3.55, -3.54, -3.53, -3.37, -3.33, -3.29, -2.46, -2.47, -2.49, -2.53, -2.59, -2.68, -2.73, -2.73, -3.05, -3.69, -3.51, -3.54, -3.58, -3.62, -3.59, -3.56, -3.54, -2.49, -2.49, -2.51, -2.53, -2.56, -2.61, -2.69, -2.82, -2.99, -3.07, -2.97, -3.46, -3.69, -3.68, -3.66, -3.6, -3.71, -3.59, -3.56, -3.54, -2.51, -2.53, -2.55, -2.58, -2.63, -2.69, -2.8, -2.98, -3.26, -3.49, -3.17, -3.43, -3.41, -3.67, -3.66, -3.64, -3.56, -3.51, -3.54, -3.54, -2.54, -2.56, -2.58, -2.62, -2.67, -2.74, -2.84, -3.0, -3.25, -3.45, -3.45, -3.36, -3.34, -3.67, -3.65, -3.42, -3.46, -3.46, -3.54, -3.54, -2.56, -2.58, -2.6, -2.64, -2.68, -2.74, -2.82, -2.92, -3.03, -3.05, -3.25, -3.22, -3.25, -3.18, -3.28, -3.36, -3.4, -3.42, -3.41, -3.41, -2.57, -2.59, -2.62, -2.65, -2.68, -2.73, -2.78, -2.82, -2.83, -3.03, -2.96, -2.97, -3.05, -3.11, -3.21, -3.29, -3.34, -3.37, -3.37, -3.37, -2.58, -2.6, -2.62, -2.65, -2.68, -2.71, -2.73, -2.74, -2.7, -2.78, -2.57, -2.81, -2.97, -3.06, -3.16, -3.23, -3.29, -3.32, -3.33, -3.34, -2.58, -2.6, -2.62, -2.64, -2.66, -2.68, -2.69, -2.69, -2.91, -2.75, -2.65, -2.8, -2.94, -3.03, -3.11, -3.19, -3.24, -3.28, -3.3, -3.31, -2.59, -2.6, -2.62, -2.63, -2.65, -2.66, -2.67, -2.66, -2.92, -2.84, -2.81, -2.87, -2.95, -3.02, -3.09, -3.16, -3.21, -3.24, -3.27, -3.28, -2.59, -2.6, -2.61, -2.63, -2.64, -2.65, -2.65, -3.01, -2.96, -2.92, -2.91, -2.93, -2.98, -3.03, -3.08, -3.14, -3.18, -3.22, -3.24, -3.26]}, {"header": {"refTime": "2023-09-13T15:00:00.000Z", "nx": 21, "ny": 33, "lo1": 113.509, "la1": 22.2235, "lo2": 113.5947, "la2": 22.1034, "dx": 0.0042850000000001385, "dy": 0.003753125000000024, "parameterCategory": 2, "parameterCategoryName": "Temperature", "parameterNumber": 3}, "data": [0.04, 0.03, 0.02, 0.23, 0.2, 0.43, 0.38, 0.33, 0.33, 0.45, 0.59, 0.72, 1.04, 1.11, 1.69, 1.79, 2.4, 2.44, 2.46, 2.48, 0.04, 0.04, 0.03, 0.02, 0.2, 0.16, 0.33, 0.21, 0.15, 0.33, 0.57, 0.78, 1.11, 1.19, 1.75, 2.36, 2.42, 2.47, 2.5, 2.52, 0.05, 0.05, 0.04, 0.03, 0.22, 0.17, 0.09, 0.11, -0.23, 0.23, 0.62, 0.89, 1.24, 1.29, 2.29, 2.38, 2.46, 2.52, 2.55, 2.56, 0.06, 0.05, 0.05, 0.05, 0.04, 0.21, 0.15, 0.04, -0.06, 0.39, 0.76, 1.09, 1.44, 1.64, 2.29, 2.41, 2.52, 2.59, 2.62, 2.62, 0.06, 0.06, 0.06, 0.06, 0.06, 0.27, 0.24, 0.21, 0.2, 0.63, 0.91, 1.65, 1.82, 1.68, 2.29, 2.47, 2.62, 2.71, 2.72, 2.69, 0.07, 0.07, 0.07, 0.08, 0.09, 0.11, 0.34, 0.36, 0.38, 0.42, 1.41, 1.57, 1.71, 1.86, 2.32, 2.56, 2.79, 2.89, 2.84, 2.76, 0.68, 0.07, 0.08, 0.09, 0.11, 0.15, 0.48, 0.48, 0.51, 0.89, 0.96, 1.43, 1.81, 1.83, 2.35, 2.65, 3.03, 3.18, 3.0, 2.86, 0.68, 0.66, 0.63, 0.48, 0.48, 0.39, 0.46, 0.55, 0.7, 0.86, 0.85, 1.48, 1.58, 1.82, 2.33, 2.63, 3.01, 3.15, 2.94, 2.8, 0.68, 0.66, 0.62, 0.58, 0.42, 0.44, 0.51, 0.49, 0.77, 0.9, 1.31, 1.55, 1.73, 1.64, 2.28, 2.52, 2.76, 2.86, 2.82, 2.75, 0.86, 0.83, 0.78, 0.55, 0.45, 0.3, 0.44, 0.59, 0.87, 0.86, 1.45, 1.6, 1.75, 1.66, 2.25, 2.43, 2.59, 2.68, 2.69, 2.67, 0.88, 0.85, 0.8, 0.71, 0.52, -0.03, 0.64, 0.95, 0.79, 0.95, 1.37, 1.57, 1.62, 1.61, 2.25, 2.38, 2.49, 2.56, 2.6, 2.6, 0.9, 0.88, 0.85, 0.79, 0.71, 0.66, 0.91, 1.12, 1.18, 1.53, 1.36, 1.65, 1.69, 1.57, 2.26, 2.35, 2.43, 2.06, 2.08, 2.08, 0.93, 0.92, 0.91, 0.91, 0.95, 1.09, 1.3, 1.24, 1.2, 1.16, 1.6, 1.62, 1.65, 1.3, 1.26, 1.77, 1.82, 1.87, 1.91, 1.93, 0.96, 0.96, 0.97, 1.01, 1.09, 1.29, 1.63, 1.33, 1.22, 1.17, 1.61, 1.13, 1.09, 1.04, 1.1, 1.55, 1.61, 1.68, 1.74, 1.79, 0.98, 0.99, 1.02, 1.06, 1.14, 1.25, 1.34, 1.79, 1.79, 1.81, 1.83, 1.22, 0.95, 0.87, 0.83, 1.3, 1.39, 1.49, 1.58, 1.66, 1.0, 1.02, 1.42, 1.45, 1.5, 1.88, 1.89, 1.9, 1.92, 1.92, 1.38, 1.21, 1.02, 0.98, 0.88, 0.86, 0.97, 1.08, 1.57, 1.68, 1.44, 1.46, 1.49, 1.53, 1.94, 1.96, 2.0, 2.05, 2.07, 2.06, 1.46, 1.22, 0.94, 0.66, 0.62, 0.68, 0.9, 1.07, 1.19, 1.28, 1.48, 1.51, 1.55, 1.6, 2.0, 2.04, 2.12, 2.22, 2.27, 1.94, 1.66, 1.25, 0.91, 0.64, 0.14, 0.61, 0.92, 1.12, 1.25, 1.33, 1.52, 1.55, 1.6, 2.0, 2.04, 2.1, 2.21, 2.38, 2.47, 2.08, 1.56, 1.23, 1.18, 0.84, 0.56, 0.79, 1.05, 1.23, 1.34, 1.41, 1.55, 1.59, 1.88, 1.9, 1.95, 2.01, 2.11, 2.27, 2.19, 1.88, 1.55, 1.26, 1.34, 1.14, 0.97, 1.1, 1.27, 1.39, 1.46, 1.5, 1.83, 1.84, 1.85, 1.87, 1.9, 1.95, 2.01, 2.07, 1.82, 1.67, 1.46, 1.26, 1.49, 1.23, 1.29, 1.4, 1.51, 1.58, 1.6, 1.6, 1.81, 1.81, 1.82, 1.83, 1.84, 1.86, 1.87, 1.73, 1.55, 1.46, 1.35, 1.23, 1.07, 1.43, 1.52, 1.64, 1.74, 1.77, 1.74, 1.7, 1.78, 1.78, 1.78, 1.57, 1.58, 1.57, 1.56, 1.53, 1.48, 1.44, 1.43, 1.79, 1.68, 1.57, 1.69, 1.84, 1.97, 1.94, 1.85, 1.78, 1.53, 1.52, 1.52, 1.51, 1.5, 1.47, 1.43, 1.36, 1.28, 1.23, 1.26, 1.27, 1.65, 1.79, 1.92, 1.94, 2.21, 2.02, 1.9, 1.82, 1.5, 1.49, 1.48, 1.46, 1.44, 1.4, 1.34, 1.25, 1.11, 1.01, 1.14, 1.22, 1.36, 1.77, 1.9, 2.0, 1.98, 1.94, 1.9, 1.83, 1.47, 1.46, 1.44, 1.42, 1.39, 1.34, 1.28, 1.2, 1.09, 1.0, 1.08, 1.2, 1.32, 1.75, 1.86, 1.95, 1.98, 1.98, 1.87, 1.82, 1.45, 1.43, 1.41, 1.39, 1.35, 1.31, 1.26, 1.19, 1.13, 1.1, 1.11, 1.18, 1.28, 1.72, 1.82, 1.89, 1.93, 1.94, 1.94, 1.93, 1.43, 1.41, 1.39, 1.36, 1.33, 1.29, 1.24, 1.19, 1.14, 1.08, 1.09, 1.08, 1.14, 1.21, 1.75, 1.82, 1.87, 1.89, 1.9, 1.9, 1.41, 1.39, 1.37, 1.34, 1.31, 1.28, 1.23, 1.19, 1.14, 1.06, 1.0, 1.06, 1.13, 1.19, 1.69, 1.77, 1.82, 1.85, 1.86, 1.87, 1.4, 1.38, 1.36, 1.33, 1.3, 1.27, 1.23, 1.19, 1.06, 1.03, 1.02, 1.07, 1.12, 1.18, 1.65, 1.73, 1.78, 1.81, 1.83, 1.84, 1.39, 1.37, 1.35, 1.33, 1.3, 1.27, 1.24, 1.2, 1.07, 1.06, 1.07, 1.09, 1.13, 1.18, 1.63, 1.7, 1.74, 1.78, 1.8, 1.82, 1.38, 1.36, 1.35, 1.32, 1.3, 1.27, 1.25, 1.1, 1.09, 1.09, 1.1, 1.11, 1.14, 1.18, 1.62, 1.68, 1.72, 1.75, 1.78, 1.79]}, {"header": {"refTime": "2023-09-13T15:00:00.000Z", "nx": 21, "ny": 33, "lo1": 113.509, "la1": 22.2235, "lo2": 113.5947, "la2": 22.1034, "dx": 0.0042850000000001385, "dy": 0.003753125000000024, "parameterCategory": 0, "parameterCategoryName": "Temperature", "parameterNumber": 0}, "data": [[29.29, 29.3, 29.3, 29.34, 29.36, 29.46, 29.49, 29.52, 29.54, 29.78, 29.79, 29.81, 29.89, 29.9, 29.51, 29.46, 29.5, 29.47, 29.44, 29.43], [29.29, 29.29, 29.3, 29.31, 29.36, 29.39, 29.49, 29.54, 29.58, 29.76, 29.79, 29.82, 29.9, 29.91, 29.52, 29.54, 29.48, 29.44, 29.41, 29.4], [29.28, 29.29, 29.29, 29.3, 29.34, 29.37, 29.42, 29.56, 29.67, 29.76, 29.8, 29.83, 29.92, 29.93, 29.6, 29.52, 29.45, 29.4, 29.37, 29.36], [29.28, 29.28, 29.28, 29.28, 29.29, 29.33, 29.38, 29.45, 29.53, 29.77, 29.81, 29.86, 29.94, 29.94, 29.61, 29.5, 29.4, 29.34, 29.31, 29.31], [29.28, 29.27, 29.27, 29.26, 29.26, 29.28, 29.3, 29.33, 29.36, 29.79, 29.82, 29.94, 29.98, 29.95, 29.61, 29.45, 29.31, 29.24, 29.23, 29.25], [29.28, 29.27, 29.26, 29.25, 29.23, 29.2, 29.2, 29.18, 29.21, 29.29, 29.88, 29.92, 29.96, 30.0, 29.57, 29.37, 29.16, 29.08, 29.12, 29.19], [29.11, 29.27, 29.26, 29.25, 29.22, 29.16, 29.08, 29.01, 29.02, 29.35, 29.54, 29.9, 30.0, 30.0, 29.53, 29.28, 28.96, 28.84, 28.86, 28.95], [29.13, 29.13, 29.14, 29.13, 29.11, 29.19, 29.08, 28.88, 28.72, 29.35, 29.64, 29.91, 29.91, 30.0, 29.12, 29.27, 28.97, 28.86, 29.03, 29.15], [28.97, 28.99, 29.18, 29.2, 29.2, 29.16, 29.03, 29.02, 28.88, 29.33, 29.82, 29.86, 29.88, 29.85, 29.16, 29.33, 29.15, 29.08, 29.12, 29.19], [29.6, 29.6, 29.6, 29.09, 29.16, 29.35, 29.22, 29.03, 29.18, 29.12, 29.88, 29.83, 29.85, 29.84, 29.16, 29.39, 29.28, 29.22, 29.21, 29.24], [29.6, 29.6, 29.6, 29.6, 29.6, 29.6, 29.6, 29.6, 29.21, 28.91, 29.7, 29.81, 29.83, 29.83, 29.14, 29.43, 29.35, 29.3, 29.29, 29.3], [29.6, 29.6, 29.6, 29.6, 29.6, 29.6, 29.6, 29.6, 29.6, -999.0, 29.7, 30.0, 30.0, 29.82, 29.13, 29.48, 29.43, 28.54, 28.54, 28.54], [29.6, 29.6, 29.6, 29.6, 29.6, 29.6, 29.6, 29.6, 29.6, 29.6, -999.0, 30.0, 30.0, 29.02, 29.45, 28.56, 28.56, 28.55, 28.55, 28.55], [29.6, 29.6, 29.6, 29.6, 29.6, 29.6, 29.6, 29.6, 29.6, 29.6, -999.0, 28.5, 28.5, 28.5, 29.32, 28.56, 28.56, 28.54, 28.55, 28.55], [29.6, 29.6, 29.6, 29.6, 29.6, 29.6, 29.6, 30.3, 30.3, 30.3, 30.3, 29.61, 28.5, 28.5, 28.5, 28.55, 28.55, 28.54, 28.54, 28.54], [29.6, 29.6, 30.04, 30.05, 30.06, 30.3, 30.3, 30.3, 30.3, 30.3, 29.17, 29.3, 29.12, 28.97, 29.14, 28.46, 28.46, 28.47, 28.5, 28.5], [30.05, 30.05, 29.85, 29.86, 30.3, 30.3, 30.3, 30.3, 30.3, 30.3, 29.53, 29.3, 29.07, 28.85, 28.7, 28.72, 28.8, 28.87, 28.92, 28.95], [29.85, 29.86, 29.87, 29.89, 30.3, 30.3, 30.3, 30.3, 30.3, 29.84, 29.6, 29.33, 29.05, 28.73, 28.53, 28.7, 28.81, 28.88, 28.93, 28.97], [29.86, 29.87, 29.89, 30.3, 30.3, 30.3, 30.3, 30.3, 30.14, 29.95, 29.58, 29.34, 28.98, 28.79, 28.68, 28.76, 28.85, 28.92, 28.97, 29.0], [29.87, 29.88, 29.67, 29.7, 29.74, 29.8, 29.89, 30.12, 30.01, 29.8, 29.57, 29.37, 29.01, 28.87, 28.82, 28.86, 28.92, 28.97, 29.01, 29.03], [29.63, 29.65, 29.67, 29.85, 29.87, 29.9, 29.94, 29.99, 29.76, 29.66, 29.52, 29.38, 29.03, 28.91, 28.92, 28.95, 28.98, 29.02, 29.05, 29.07], [29.79, 29.79, 29.8, 29.81, 29.82, 29.83, 29.84, 29.94, 29.59, 29.53, 29.45, 29.37, 28.7, 28.97, 28.99, 29.01, 29.03, 29.07, 29.1, 29.12], [29.77, 29.77, 29.77, 29.93, 29.91, 29.9, 29.87, 29.84, 29.79, 29.77, 29.79, 29.31, 29.23, 29.03, 29.04, 29.03, 29.0, 29.1, 29.17, 29.17], [29.94, 29.93, 29.92, 29.91, 29.89, 29.86, 29.81, 29.74, 29.66, 29.62, 29.68, 29.3, 29.23, 29.23, 29.21, 29.08, 28.78, 29.28, 29.28, 29.23], [29.93, 29.92, 29.91, 29.9, 29.87, 29.84, 29.78, 29.69, 29.53, 29.39, 29.59, 29.35, 29.3, 29.25, 29.25, 29.26, 29.39, 29.63, 29.36, 29.27], [29.93, 29.92, 29.91, 29.89, 29.87, 29.84, 29.79, 29.7, 29.55, 29.43, 29.4, 29.43, 29.38, 29.26, 29.28, 29.5, 29.54, 29.58, 29.34, 29.27], [29.93, 29.92, 29.91, 29.9, 29.88, 29.86, 29.82, 29.78, 29.73, 29.73, 29.58, 29.56, 29.49, 29.7, 29.62, 29.57, 29.56, 29.56, 29.56, 29.55], [29.93, 29.92, 29.92, 29.91, 29.9, 29.88, 29.87, 29.87, 29.9, 29.78, 29.85, 30.02, 29.99, 29.99, 29.68, 29.63, 29.6, 29.58, 29.58, 29.57], [29.93, 29.93, 29.92, 29.92, 29.92, 29.92, 29.92, 29.95, 30.02, 30.02, 30.29, 30.13, 30.05, 30.02, 29.73, 29.67, 29.63, 29.61, 29.6, 29.59], [29.94, 29.94, 29.93, 29.93, 29.93, 29.94, 29.96, 29.99, 30.05, 30.17, 30.24, 30.15, 30.07, 30.03, 29.77, 29.71, 29.67, 29.64, 29.62, 29.61], [29.94, 29.94, 29.94, 29.94, 29.95, 29.96, 29.98, 30.01, 30.05, 30.11, 30.13, 30.11, 30.07, 30.04, 29.79, 29.73, 29.69, 29.66, 29.64, 29.63], [29.95, 29.95, 29.95, 29.95, 29.96, 29.97, 29.99, 30.0, 30.03, 30.06, 30.08, 30.07, 30.05, 30.03, 29.8, 29.75, 29.71, 29.68, 29.66, 29.65]]}]