gis_exercise/awsData/contour/wdir_2023091300.json
[{"header": {"refTime": "2023-09-13T00:00:00.000Z", "nx": 21, "ny": 33, "lo1": 113.509, "la1": 22.2235, "lo2": 113.5947, "la2": 22.1034, "dx": 0.0042850000000001385, "dy": 0.003753125000000024, "parameterCategory": 2, "parameterCategoryName": "Temperature", "parameterNumber": 2}, "data": [-1.72, -1.7, -1.68, -1.5, -1.48, -1.6, -1.57, -1.53, -1.53, -1.56, -1.64, -1.72, -2.17, -2.23, -3.08, -3.25, -4.0, -4.09, -4.15, -4.2, -1.73, -1.72, -1.69, -1.66, -1.48, -1.45, -1.53, -1.46, -1.41, -1.49, -1.63, -1.74, -2.21, -2.27, -3.12, -3.9, -4.04, -4.15, -4.22, -4.27, -1.75, -1.74, -1.71, -1.68, -1.49, -1.46, -1.41, -1.4, -1.18, -1.43, -1.65, -1.81, -2.27, -2.32, -3.72, -3.93, -4.12, -4.25, -4.33, -4.36, -1.77, -1.76, -1.74, -1.71, -1.67, -1.49, -1.45, -1.37, -1.3, -1.52, -1.73, -1.92, -2.35, -2.5, -3.69, -3.99, -4.24, -4.4, -4.47, -4.48, -1.8, -1.79, -1.77, -1.75, -1.72, -1.54, -1.52, -1.49, -1.48, -1.66, -1.82, -2.47, -2.44, -2.5, -3.71, -4.12, -4.46, -4.65, -4.67, -4.62, -1.82, -1.82, -1.81, -1.8, -1.78, -1.76, -1.59, -1.61, -1.61, -1.62, -2.42, -2.49, -2.51, -3.26, -3.82, -4.34, -4.82, -5.03, -4.92, -4.76, -3.18, -1.85, -1.86, -1.86, -1.85, -1.83, -1.97, -1.7, -1.72, -2.12, -2.19, -2.59, -3.52, -3.58, -3.97, -4.56, -5.31, -5.59, -5.45, -5.26, -3.2, -3.16, -3.11, -3.05, -3.0, -2.03, -1.99, -1.93, -1.95, -2.06, -1.95, -3.35, -3.61, -3.88, -4.95, -5.28, -5.68, -5.82, -5.61, -5.46, -3.24, -3.2, -3.14, -3.07, -3.0, -2.97, -2.94, -1.97, -2.52, -2.15, -3.14, -3.76, -4.4, -4.09, -4.96, -5.19, -5.43, -5.53, -5.49, -5.41, -4.35, -4.28, -4.17, -3.11, -2.97, -2.89, -3.08, -3.27, -3.14, -2.99, -3.54, -4.04, -4.6, -4.21, -4.99, -5.12, -5.27, -5.35, -5.36, -5.33, -4.37, -4.3, -4.2, -4.01, -3.62, -2.47, -3.92, -4.67, -4.03, -3.6, -4.44, -3.92, -4.11, -4.06, -4.99, -5.08, -5.17, -5.24, -5.27, -5.27, -4.41, -4.36, -4.29, -4.17, -3.99, -3.89, -4.47, -5.13, -5.38, -5.71, -4.64, -4.96, -4.91, -3.93, -4.99, -5.05, -5.12, -4.98, -4.98, -4.98, -4.46, -4.44, -4.42, -4.4, -4.45, -4.71, -5.1, -5.25, -5.34, -5.15, -5.68, -5.01, -4.94, -4.02, -3.96, -4.72, -4.75, -4.78, -4.81, -4.83, -4.52, -4.52, -4.53, -4.59, -4.73, -5.04, -5.56, -5.25, -5.18, -5.1, -5.69, -4.76, -4.61, -4.48, -3.78, -4.47, -4.51, -4.57, -4.63, -4.68, -4.57, -4.58, -4.62, -4.69, -4.82, -5.02, -5.17, -4.85, -4.65, -4.48, -4.35, -3.26, -4.37, -4.21, -4.1, -4.17, -4.26, -4.36, -4.46, -4.54, -4.61, -4.63, -3.31, -3.39, -3.5, -4.47, -4.42, -4.28, -4.11, -4.01, -3.04, -3.01, -2.97, -2.86, -2.88, -3.43, -3.51, -3.59, -3.87, -3.95, -3.15, -3.17, -3.2, -3.22, -4.12, -4.01, -3.82, -3.57, -3.4, -3.43, -2.72, -2.8, -2.82, -2.81, -2.59, -2.83, -2.88, -2.91, -2.94, -2.95, -3.09, -3.09, -3.08, -3.05, -3.82, -3.6, -3.23, -2.73, -2.48, -2.21, -2.46, -2.63, -2.72, -2.56, -2.68, -2.82, -2.88, -2.93, -2.95, -2.97, -3.03, -3.01, -2.97, -3.77, -3.58, -3.29, -2.8, -2.0, -1.18, -1.86, -1.91, -2.16, -2.37, -2.54, -2.81, -2.86, -2.91, -2.95, -2.97, -2.98, -2.97, -2.94, -3.24, -3.14, -2.98, -2.75, -2.4, -1.9, -1.34, -1.66, -1.98, -2.2, -2.37, -2.53, -2.9, -2.93, -2.97, -2.99, -3.0, -3.0, -3.31, -3.26, -3.19, -3.1, -2.96, -2.78, -2.55, -2.32, -1.81, -1.95, -2.14, -2.28, -2.4, -2.96, -2.98, -3.0, -3.03, -3.04, -3.03, -3.02, -3.29, -3.24, -3.17, -3.09, -3.0, -2.88, -2.76, -1.96, -2.19, -2.28, -2.36, -2.42, -3.35, -3.0, -3.04, -3.08, -3.11, -3.09, -3.06, -3.04, -3.27, -3.23, -3.18, -2.06, -2.08, -2.11, -2.16, -2.24, -2.34, -2.4, -2.38, -2.86, -3.35, -3.04, -3.08, -3.14, -3.22, -3.15, -3.07, -3.04, -2.06, -2.08, -2.09, -2.12, -2.16, -2.23, -2.33, -2.49, -2.68, -2.78, -2.65, -3.16, -3.36, -3.31, -3.27, -3.16, -3.43, -3.08, -3.03, -3.03, -2.09, -2.1, -2.13, -2.17, -2.22, -2.3, -2.43, -2.65, -3.0, -3.3, -2.87, -3.12, -3.09, -3.31, -3.25, -3.2, -3.0, -2.86, -2.98, -3.01, -2.11, -2.13, -2.15, -2.19, -2.25, -2.33, -2.46, -2.65, -2.97, -3.23, -3.16, -3.01, -2.99, -3.3, -3.24, -2.85, -2.87, -2.85, -2.98, -3.0, -2.12, -2.14, -2.17, -2.2, -2.25, -2.32, -2.41, -2.52, -2.64, -2.65, -2.84, -2.79, -2.84, -2.55, -2.68, -2.76, -2.81, -2.82, -2.82, -2.82, -2.12, -2.14, -2.17, -2.2, -2.24, -2.28, -2.32, -2.35, -2.33, -2.5, -2.39, -2.32, -2.41, -2.46, -2.59, -2.68, -2.74, -2.77, -2.78, -2.78, -2.13, -2.15, -2.17, -2.19, -2.21, -2.23, -2.24, -2.22, -2.13, -2.12, -1.76, -2.1, -2.29, -2.39, -2.51, -2.61, -2.67, -2.71, -2.73, -2.74, -2.13, -2.14, -2.16, -2.17, -2.19, -2.19, -2.18, -2.14, -2.24, -2.01, -1.87, -2.07, -2.25, -2.35, -2.46, -2.55, -2.62, -2.66, -2.69, -2.71, -2.12, -2.14, -2.15, -2.16, -2.16, -2.16, -2.14, -2.1, -2.26, -2.14, -2.09, -2.16, -2.26, -2.35, -2.43, -2.51, -2.58, -2.62, -2.65, -2.67, -2.12, -2.13, -2.14, -2.14, -2.14, -2.14, -2.12, -2.37, -2.3, -2.24, -2.22, -2.25, -2.3, -2.36, -2.41, -2.49, -2.55, -2.59, -2.62, -2.64]}, {"header": {"refTime": "2023-09-13T00:00:00.000Z", "nx": 21, "ny": 33, "lo1": 113.509, "la1": 22.2235, "lo2": 113.5947, "la2": 22.1034, "dx": 0.0042850000000001385, "dy": 0.003753125000000024, "parameterCategory": 2, "parameterCategoryName": "Temperature", "parameterNumber": 3}, "data": [0.46, 0.45, 0.43, 0.45, 0.43, 0.46, 0.43, 0.4, 0.39, 0.5, 0.58, 0.66, 1.0, 1.05, 1.4, 1.5, 2.14, 2.19, 2.22, 2.24, 0.47, 0.45, 0.44, 0.42, 0.43, 0.4, 0.4, 0.33, 0.29, 0.42, 0.57, 0.69, 1.03, 1.09, 1.44, 2.09, 2.16, 2.22, 2.25, 2.27, 0.48, 0.47, 0.45, 0.43, 0.44, 0.41, 0.35, 0.27, 0.07, 0.37, 0.59, 0.74, 1.09, 1.14, 1.99, 2.1, 2.2, 2.26, 2.3, 2.32, 0.49, 0.48, 0.47, 0.45, 0.43, 0.44, 0.39, 0.31, 0.23, 0.47, 0.68, 0.85, 1.17, 1.38, 1.98, 2.13, 2.26, 2.33, 2.37, 2.37, 0.51, 0.5, 0.49, 0.48, 0.47, 0.48, 0.46, 0.44, 0.43, 0.63, 0.78, 1.35, 1.29, 1.37, 1.99, 2.2, 2.36, 2.45, 2.46, 2.44, 0.52, 0.52, 0.52, 0.51, 0.51, 0.5, 0.54, 0.55, 0.57, 0.61, 1.37, 1.39, 1.37, 1.63, 2.06, 2.3, 2.53, 2.62, 2.58, 2.51, 1.01, 0.54, 0.55, 0.55, 0.55, 0.55, 0.79, 0.62, 0.66, 1.1, 1.21, 1.5, 1.81, 1.79, 2.15, 2.41, 2.76, 2.88, 2.68, 2.55, 1.02, 1.01, 0.99, 1.04, 1.02, 0.8, 0.79, 0.75, 0.8, 1.06, 1.08, 1.82, 1.94, 1.9, 2.43, 2.62, 2.85, 2.94, 2.81, 2.72, 1.03, 1.02, 1.0, 0.99, 1.02, 1.01, 1.0, 0.78, 0.97, 1.11, 1.58, 1.83, 1.96, 1.9, 2.39, 2.54, 2.69, 2.76, 2.73, 2.69, 1.36, 1.34, 1.32, 1.0, 0.96, 0.98, 1.04, 1.1, 1.16, 1.14, 1.71, 1.85, 1.96, 1.9, 2.37, 2.48, 2.59, 2.64, 2.65, 2.64, 1.37, 1.35, 1.32, 1.27, 1.16, 0.84, 1.26, 1.48, 1.34, 1.3, 1.68, 1.82, 1.86, 1.86, 2.37, 2.45, 2.52, 2.57, 2.59, 2.6, 1.38, 1.36, 1.34, 1.31, 1.26, 1.23, 1.4, 1.63, 1.72, 1.87, 1.71, 2.03, 2.04, 1.83, 2.37, 2.43, 2.48, 1.98, 2.0, 2.0, 1.39, 1.38, 1.38, 1.37, 1.38, 1.44, 1.54, 1.64, 1.69, 1.62, 1.88, 2.02, 2.03, 1.52, 1.47, 1.74, 1.78, 1.82, 1.85, 1.87, 1.41, 1.4, 1.41, 1.42, 1.45, 1.52, 1.62, 1.6, 1.61, 1.59, 1.86, 1.44, 1.36, 1.28, 1.3, 1.54, 1.59, 1.65, 1.7, 1.74, 1.42, 1.42, 1.43, 1.45, 1.48, 1.52, 1.56, 1.67, 1.67, 1.67, 1.66, 1.11, 1.2, 1.1, 1.04, 1.31, 1.39, 1.47, 1.56, 1.62, 1.43, 1.44, 1.3, 1.32, 1.34, 1.63, 1.63, 1.63, 1.62, 1.62, 1.15, 1.03, 0.88, 0.79, 0.73, 1.11, 1.25, 1.39, 1.79, 1.91, 1.29, 1.3, 1.31, 1.32, 1.61, 1.6, 1.59, 1.57, 1.56, 1.57, 1.11, 0.97, 0.79, 0.58, 0.64, 0.76, 0.97, 1.14, 1.26, 1.34, 1.29, 1.3, 1.31, 1.32, 1.59, 1.57, 1.55, 1.51, 1.49, 1.17, 1.05, 0.94, 0.73, 0.64, 0.22, 0.69, 1.0, 1.19, 1.32, 1.39, 1.3, 1.3, 1.31, 1.59, 1.58, 1.55, 1.51, 1.45, 1.32, 1.2, 0.78, 0.62, 1.05, 0.83, 0.65, 0.87, 1.13, 1.31, 1.41, 1.47, 1.3, 1.31, 1.12, 1.13, 1.13, 1.15, 1.17, 1.22, 1.11, 0.93, 0.76, 0.62, 1.22, 1.14, 1.06, 1.19, 1.36, 1.47, 1.54, 1.56, 1.08, 1.08, 1.08, 1.08, 1.08, 1.08, 1.09, 1.11, 0.88, 0.8, 0.69, 0.6, 1.4, 1.32, 1.38, 1.5, 1.62, 1.67, 1.68, 1.66, 1.05, 1.05, 1.04, 1.03, 1.02, 1.01, 0.99, 0.77, 0.7, 0.66, 0.6, 0.55, 1.16, 1.52, 1.63, 1.78, 1.89, 1.88, 1.81, 1.75, 1.03, 1.01, 1.0, 0.68, 0.68, 0.67, 0.66, 0.63, 0.6, 0.57, 0.57, 1.34, 1.45, 1.67, 1.81, 2.02, 2.23, 2.09, 1.9, 1.8, 0.65, 0.65, 0.65, 0.64, 0.63, 0.61, 0.57, 0.52, 0.45, 0.42, 0.45, 1.0, 1.39, 1.64, 1.87, 2.11, 2.75, 2.02, 1.86, 1.8, 0.64, 0.63, 0.62, 0.61, 0.59, 0.56, 0.52, 0.44, 0.33, 0.24, 0.36, 0.9, 1.19, 1.59, 1.8, 1.95, 1.86, 1.58, 1.77, 1.78, 0.62, 0.61, 0.6, 0.58, 0.56, 0.53, 0.48, 0.42, 0.32, 0.25, 0.59, 0.85, 1.11, 1.53, 1.71, 1.85, 1.82, 1.77, 1.76, 1.76, 0.61, 0.6, 0.58, 0.57, 0.54, 0.51, 0.48, 0.43, 0.39, 0.37, 0.66, 0.82, 1.03, 1.54, 1.67, 1.75, 1.77, 1.77, 1.78, 1.78, 0.6, 0.59, 0.57, 0.56, 0.53, 0.51, 0.48, 0.45, 0.43, 0.63, 0.65, 0.43, 0.46, 0.5, 1.57, 1.66, 1.71, 1.73, 1.74, 1.75, 0.59, 0.58, 0.56, 0.55, 0.53, 0.51, 0.49, 0.47, 0.45, 0.6, 0.43, 0.44, 0.46, 0.5, 1.48, 1.58, 1.65, 1.68, 1.7, 1.72, 0.58, 0.57, 0.56, 0.54, 0.53, 0.51, 0.49, 0.48, 0.42, 0.43, 0.44, 0.45, 0.46, 0.49, 1.43, 1.53, 1.59, 1.64, 1.67, 1.68, 0.58, 0.57, 0.56, 0.54, 0.53, 0.51, 0.5, 0.49, 0.43, 0.43, 0.44, 0.45, 0.47, 0.49, 1.39, 1.48, 1.55, 1.6, 1.63, 1.65, 0.57, 0.57, 0.55, 0.54, 0.53, 0.52, 0.51, 0.43, 0.44, 0.44, 0.45, 0.46, 0.47, 0.49, 1.38, 1.46, 1.52, 1.57, 1.6, 1.62]}, {"header": {"refTime": "2023-09-13T00:00:00.000Z", "nx": 21, "ny": 33, "lo1": 113.509, "la1": 22.2235, "lo2": 113.5947, "la2": 22.1034, "dx": 0.0042850000000001385, "dy": 0.003753125000000024, "parameterCategory": 0, "parameterCategoryName": "Temperature", "parameterNumber": 0}, "data": [[26.77, 26.77, 26.77, 26.54, 26.55, 26.82, 26.82, 26.82, 26.83, 26.72, 26.72, 26.73, 26.92, 26.93, 26.92, 26.92, 26.91, 26.91, 26.9, 26.9], [26.77, 26.77, 26.77, 26.76, 26.55, 26.57, 26.81, 26.82, 26.82, 26.73, 26.73, 26.74, 26.93, 26.94, 26.93, 26.92, 26.91, 26.9, 26.9, 26.89], [26.77, 26.77, 26.77, 26.76, 26.54, 26.56, 26.6, 26.81, 26.8, 26.74, 26.73, 26.76, 26.95, 26.95, 26.94, 26.92, 26.91, 26.9, 26.89, 26.89], [26.77, 26.77, 26.77, 26.76, 26.76, 26.55, 26.58, 26.62, 26.66, 26.71, 26.73, 26.79, 26.98, 26.81, 26.94, 26.92, 26.9, 26.89, 26.88, 26.88], [26.77, 26.77, 26.77, 26.76, 26.76, 26.53, 26.54, 26.55, 26.55, 26.65, 26.69, 26.83, 26.99, 26.85, 26.94, 26.91, 26.89, 26.88, 26.87, 26.87], [26.77, 26.77, 26.77, 26.76, 26.76, 26.75, 26.51, 26.5, 26.48, 26.42, 26.6, 26.75, 26.88, 27.0, 26.92, 26.89, 26.87, 26.85, 26.86, 26.87], [26.77, 26.78, 26.77, 26.77, 26.76, 26.75, 26.52, 26.49, 26.46, 26.36, 26.32, 26.62, 26.93, 26.95, 26.9, 26.88, 26.84, 26.83, 26.86, 26.87], [26.77, 26.77, 26.77, 26.77, 26.77, 26.58, 26.55, 26.54, 26.54, 26.33, 26.14, 26.55, 26.56, 26.95, 26.8, 26.8, 26.8, 26.8, 26.8, 26.8], [26.73, 26.73, 26.79, 26.79, 26.79, 26.78, 26.74, 26.54, 26.41, 26.39, 26.31, 26.43, 26.48, 26.41, 26.8, 26.8, 26.8, 26.8, 26.8, 26.8], [26.9, 26.9, 26.9, 26.76, 26.78, 26.83, 26.8, 26.74, 26.26, 26.29, 26.49, 26.35, 26.4, 26.37, 26.8, 26.8, 26.8, 26.8, 26.8, 26.8], [26.9, 26.9, 26.9, 26.9, 26.9, 26.9, 26.9, 26.9, 26.79, 26.39, 26.0, 26.3, 26.34, 26.34, 26.8, 26.8, 26.8, 26.8, 26.8, 26.8], [26.9, 26.9, 26.9, 26.9, 26.9, 26.9, 26.9, 26.9, 26.9, -999.0, 26.0, 26.8, 26.8, 26.32, 26.8, 26.8, 26.8, 26.29, 26.3, 26.3], [26.9, 26.9, 26.9, 26.9, 26.9, 26.9, 26.9, 26.9, 26.9, 26.9, -999.0, 26.8, 26.8, 26.21, 26.47, 26.47, 26.48, 26.37, 26.38, 26.39], [26.9, 26.9, 26.9, 26.9, 26.9, 26.9, 26.9, 26.9, 26.9, 26.9, -999.0, 25.9, 25.9, 25.9, 26.39, 26.4, 26.41, 26.3, 26.32, 26.34], [26.9, 26.9, 26.9, 26.9, 26.9, 26.9, 26.9, 27.1, 27.1, 27.1, 27.1, 26.64, 25.9, 25.9, 25.9, 26.31, 26.34, 26.24, 26.27, 26.29], [26.9, 26.9, 27.03, 27.03, 27.03, 27.1, 27.1, 27.1, 27.1, 27.1, 26.34, 26.43, 26.31, 26.22, 26.33, 26.16, 26.2, 26.13, 26.32, 26.35], [27.03, 27.03, 26.97, 26.97, 27.1, 27.1, 27.1, 27.1, 27.1, 27.1, 26.58, 26.44, 26.28, 26.13, 26.12, 26.09, 26.16, 26.22, 26.25, 26.28], [26.97, 26.97, 26.98, 26.98, 27.1, 27.1, 27.1, 27.1, 27.1, 26.8, 26.63, 26.45, 26.27, 26.13, 25.93, 26.07, 26.17, 26.23, 26.27, 26.3], [26.98, 26.98, 26.98, 27.1, 27.1, 27.1, 27.1, 27.1, 26.99, 26.87, 26.72, 26.57, 26.36, 26.21, 26.06, 26.13, 26.21, 26.27, 26.3, 26.32], [26.98, 26.98, 26.99, 26.99, 27.0, 27.01, 27.03, 27.07, 26.97, 26.86, 26.73, 26.6, 26.41, 26.32, 26.19, 26.23, 26.28, 26.32, 26.34, 26.35], [26.98, 26.98, 26.98, 27.02, 27.02, 27.03, 27.03, 27.04, 26.87, 26.81, 26.73, 26.64, 26.46, 26.26, 26.28, 26.32, 26.35, 26.37, 26.38, 26.38], [27.01, 27.01, 27.01, 27.01, 27.01, 27.01, 27.02, 27.03, 26.82, 26.79, 26.74, 26.67, 26.45, 26.33, 26.36, 26.39, 26.42, 26.43, 26.42, 26.41], [27.0, 27.0, 27.0, 27.03, 27.03, 27.02, 27.02, 27.01, 27.0, 27.0, 27.0, 26.88, 26.68, 26.37, 26.41, 26.45, 26.49, 26.49, 26.46, 26.44], [27.03, 27.03, 27.03, 27.02, 27.02, 27.02, 27.01, 27.0, 26.98, 26.97, 26.98, 26.88, 26.69, 26.65, 26.62, 26.48, 26.56, 26.51, 26.48, 26.45], [27.03, 27.03, 27.02, 27.02, 27.02, 27.01, 27.0, 26.98, 26.96, 26.93, 26.97, 26.89, 26.87, 26.66, 26.62, 26.59, 26.51, 26.5, 26.48, 26.46], [27.03, 27.03, 27.02, 27.02, 27.02, 27.01, 27.0, 26.99, 26.96, 26.94, 26.91, 26.91, 26.88, 26.66, 26.63, 26.63, 26.6, 26.59, 26.47, 26.45], [27.03, 27.03, 27.02, 27.02, 27.02, 27.01, 27.01, 27.0, 26.99, 26.99, 26.94, 26.93, 26.91, 26.75, 26.7, 26.66, 26.64, 26.62, 26.63, 26.63], [27.03, 27.03, 27.02, 27.02, 27.02, 27.02, 27.02, 27.01, 27.02, 26.98, 26.99, 26.95, 26.91, 26.87, 26.73, 26.69, 26.67, 26.65, 26.65, 26.65], [27.03, 27.03, 27.03, 27.02, 27.02, 27.02, 27.02, 27.03, 27.04, 27.02, 27.06, 26.99, 26.93, 26.89, 26.76, 26.72, 26.69, 26.68, 26.67, 26.67], [27.03, 27.03, 27.03, 27.03, 27.03, 27.03, 27.03, 27.03, 26.97, 27.01, 27.04, 26.99, 26.94, 26.9, 26.78, 26.74, 26.71, 26.7, 26.69, 26.68], [27.03, 27.03, 27.03, 27.03, 27.03, 27.03, 27.03, 27.04, 26.96, 26.98, 26.99, 26.97, 26.93, 26.9, 26.79, 26.75, 26.73, 26.71, 26.7, 26.7], [27.03, 27.03, 27.03, 27.03, 27.03, 27.03, 27.03, 26.94, 26.95, 26.96, 26.96, 26.94, 26.92, 26.9, 26.79, 26.76, 26.74, 26.73, 26.71, 26.71]]}]