gis_exercise/awsData/contour/wdir_2023091305.json
[{"header": {"refTime": "2023-09-13T05:00:00.000Z", "nx": 21, "ny": 33, "lo1": 113.509, "la1": 22.2235, "lo2": 113.5947, "la2": 22.1034, "dx": 0.0042850000000001385, "dy": 0.003753125000000024, "parameterCategory": 2, "parameterCategoryName": "Temperature", "parameterNumber": 2}, "data": [-1.79, -1.8, -1.81, -1.93, -1.93, -2.21, -2.18, -2.15, -2.14, -2.03, -2.09, -2.14, -2.34, -2.37, -3.56, -3.71, -3.97, -4.05, -4.11, -4.16, -1.79, -1.8, -1.81, -1.81, -1.93, -1.92, -2.15, -2.08, -2.04, -1.99, -2.09, -2.17, -2.37, -2.4, -3.59, -3.88, -4.02, -4.12, -4.2, -4.23, -1.79, -1.79, -1.8, -1.81, -1.94, -1.92, -1.9, -2.03, -1.84, -1.96, -2.11, -2.23, -2.44, -2.46, -3.72, -3.92, -4.1, -4.23, -4.31, -4.33, -1.78, -1.79, -1.8, -1.81, -1.83, -1.94, -1.92, -1.89, -1.85, -2.0, -2.16, -2.33, -2.56, -2.5, -3.7, -3.99, -4.24, -4.4, -4.47, -4.46, -1.77, -1.77, -1.79, -1.8, -1.83, -1.97, -1.96, -1.95, -1.93, -2.05, -2.19, -2.52, -2.74, -2.55, -3.71, -4.12, -4.47, -4.67, -4.69, -4.62, -1.75, -1.76, -1.77, -1.79, -1.82, -1.86, -2.02, -2.02, -2.0, -1.94, -2.24, -2.41, -2.58, -3.17, -3.78, -4.32, -4.87, -5.09, -4.97, -4.78, -2.81, -1.74, -1.74, -1.76, -1.79, -1.85, -1.91, -2.13, -2.11, -2.03, -1.95, -2.22, -3.13, -3.27, -3.85, -4.53, -5.42, -5.75, -5.66, -5.46, -2.81, -2.76, -2.7, -2.65, -2.63, -1.76, -1.89, -2.11, -2.34, -2.0, -1.76, -2.63, -2.83, -3.44, -4.57, -5.07, -5.67, -5.89, -5.57, -5.35, -2.83, -2.77, -2.69, -2.58, -2.5, -2.52, -2.66, -1.95, -2.77, -2.06, -2.71, -3.2, -3.93, -3.58, -4.58, -4.93, -5.29, -5.45, -5.38, -5.26, -3.7, -3.61, -3.47, -2.54, -2.31, -2.18, -2.57, -2.99, -3.25, -3.07, -3.08, -3.58, -4.22, -3.74, -4.61, -4.82, -5.04, -5.17, -5.19, -5.15, -3.73, -3.64, -3.51, -3.27, -2.76, -1.27, -3.15, -4.12, -3.76, -3.62, -4.25, -3.47, -3.66, -3.59, -4.62, -4.76, -4.9, -5.0, -5.04, -5.04, -3.78, -3.72, -3.63, -3.48, -3.24, -3.12, -3.85, -4.7, -5.03, -5.49, -4.44, -4.48, -4.42, -3.45, -4.62, -4.71, -4.82, -5.06, -5.08, -5.08, -3.85, -3.82, -3.79, -3.77, -3.84, -4.17, -4.68, -4.86, -4.98, -4.73, -5.46, -4.53, -4.45, -3.65, -3.6, -4.78, -4.82, -4.86, -4.9, -4.92, -3.92, -3.92, -3.94, -4.01, -4.19, -4.6, -5.28, -4.87, -4.77, -4.67, -5.46, -4.66, -4.53, -4.41, -3.49, -4.54, -4.6, -4.67, -4.73, -4.78, -3.98, -4.01, -4.05, -4.15, -4.31, -4.57, -4.77, -4.48, -4.25, -4.06, -3.9, -2.97, -4.33, -4.19, -4.09, -4.27, -4.36, -4.47, -4.56, -4.64, -4.03, -4.07, -2.56, -2.66, -2.8, -4.04, -3.99, -3.82, -3.63, -3.52, -2.68, -2.72, -2.76, -2.73, -2.79, -3.27, -3.3, -3.32, -3.67, -3.73, -2.37, -2.4, -2.44, -2.48, -3.64, -3.52, -3.3, -3.01, -2.82, -2.85, -2.31, -2.5, -2.65, -2.75, -2.48, -2.61, -2.51, -2.42, -2.36, -2.32, -2.31, -2.32, -2.31, -2.29, -3.3, -3.04, -2.62, -2.05, -1.75, -1.63, -2.0, -2.31, -2.56, -2.45, -2.84, -2.64, -2.5, -2.4, -2.34, -2.3, -2.24, -2.23, -2.19, -3.24, -3.03, -2.69, -2.13, -1.2, -0.31, -1.2, -1.28, -1.68, -1.98, -2.32, -2.66, -2.56, -2.44, -2.35, -2.3, -2.26, -2.18, -2.15, -2.51, -2.4, -2.22, -1.96, -1.57, -1.03, -0.48, -0.89, -1.32, -1.66, -1.89, -2.13, -2.48, -2.42, -2.34, -2.28, -2.24, -2.22, -2.59, -2.53, -2.45, -2.34, -2.19, -1.98, -1.73, -1.47, -1.02, -1.21, -1.47, -1.71, -1.83, -2.36, -2.34, -2.3, -2.25, -2.21, -2.18, -2.17, -2.55, -2.49, -2.41, -2.32, -2.21, -2.07, -1.93, -1.06, -1.42, -1.54, -1.67, -1.8, -2.68, -2.27, -2.24, -2.2, -2.16, -2.13, -2.11, -2.12, -2.52, -2.47, -2.4, -1.2, -1.21, -1.23, -1.28, -1.35, -1.44, -1.5, -1.49, -1.8, -2.22, -2.2, -2.17, -2.14, -2.13, -2.07, -2.05, -2.06, -1.22, -1.23, -1.24, -1.26, -1.3, -1.36, -1.46, -1.6, -1.79, -1.88, -1.76, -2.21, -2.23, -2.15, -2.09, -2.09, -2.21, -1.94, -1.96, -2.02, -1.24, -1.26, -1.28, -1.32, -1.37, -1.45, -1.57, -1.77, -2.09, -2.36, -1.98, -2.19, -2.14, -2.15, -2.08, -2.0, -1.87, -1.73, -1.91, -1.99, -1.27, -1.29, -1.32, -1.36, -1.41, -1.49, -1.61, -1.79, -2.08, -2.31, -2.25, -2.11, -2.06, -2.16, -2.08, -1.74, -1.73, -1.71, -1.94, -1.99, -1.29, -1.31, -1.34, -1.37, -1.42, -1.49, -1.58, -1.69, -1.8, -1.82, -1.99, -1.94, -1.95, -1.57, -1.64, -1.69, -1.7, -1.71, -1.71, -1.71, -1.3, -1.32, -1.35, -1.38, -1.42, -1.47, -1.52, -1.56, -1.56, -1.73, -1.64, -1.56, -1.6, -1.62, -1.59, -1.64, -1.67, -1.68, -1.69, -1.69, -1.31, -1.33, -1.35, -1.38, -1.41, -1.44, -1.46, -1.46, -1.4, -1.44, -1.16, -1.4, -1.52, -1.57, -1.55, -1.6, -1.63, -1.65, -1.67, -1.67, -1.31, -1.33, -1.35, -1.37, -1.39, -1.4, -1.41, -1.39, -1.51, -1.34, -1.23, -1.38, -1.49, -1.55, -1.52, -1.57, -1.61, -1.63, -1.64, -1.65, -1.31, -1.33, -1.34, -1.36, -1.37, -1.38, -1.38, -1.36, -1.52, -1.43, -1.39, -1.44, -1.5, -1.54, -1.5, -1.55, -1.58, -1.61, -1.62, -1.64, -1.31, -1.32, -1.34, -1.35, -1.36, -1.36, -1.36, -1.59, -1.54, -1.5, -1.48, -1.49, -1.52, -1.55, -1.49, -1.53, -1.57, -1.59, -1.61, -1.62]}, {"header": {"refTime": "2023-09-13T05:00:00.000Z", "nx": 21, "ny": 33, "lo1": 113.509, "la1": 22.2235, "lo2": 113.5947, "la2": 22.1034, "dx": 0.0042850000000001385, "dy": 0.003753125000000024, "parameterCategory": 2, "parameterCategoryName": "Temperature", "parameterNumber": 3}, "data": [-0.15, -0.14, -0.14, 0.14, 0.12, -0.05, -0.07, -0.1, -0.11, -0.1, -0.08, -0.05, 0.04, 0.07, -0.04, -0.02, 0.3, 0.31, 0.32, 0.32, -0.15, -0.14, -0.14, -0.14, 0.12, 0.09, -0.08, -0.13, -0.16, -0.13, -0.08, -0.05, 0.05, 0.07, -0.03, 0.29, 0.3, 0.31, 0.32, 0.32, -0.15, -0.14, -0.14, -0.14, 0.14, 0.1, 0.04, -0.16, -0.28, -0.16, -0.08, -0.04, 0.05, 0.07, 0.26, 0.28, 0.3, 0.31, 0.32, 0.33, -0.15, -0.15, -0.14, -0.13, -0.12, 0.13, 0.08, -0.0, -0.08, -0.11, -0.05, -0.03, 0.04, 0.23, 0.25, 0.29, 0.31, 0.32, 0.32, 0.33, -0.15, -0.15, -0.14, -0.13, -0.11, 0.18, 0.16, 0.13, 0.12, -0.02, 0.01, 0.19, 0.03, 0.2, 0.26, 0.3, 0.32, 0.33, 0.33, 0.33, -0.16, -0.16, -0.15, -0.13, -0.11, -0.07, 0.24, 0.26, 0.27, 0.29, 0.38, 0.29, 0.17, 0.2, 0.29, 0.32, 0.33, 0.33, 0.34, 0.34, 0.14, -0.17, -0.16, -0.15, -0.12, -0.06, 0.23, 0.36, 0.39, 0.57, 0.58, 0.47, 0.37, 0.32, 0.35, 0.34, 0.34, 0.34, 0.24, 0.22, 0.13, 0.11, 0.1, 0.04, 0.05, 0.08, 0.19, 0.35, 0.53, 0.56, 0.54, 0.62, 0.63, 0.39, 0.45, 0.42, 0.38, 0.37, 0.39, 0.4, 0.12, 0.1, 0.07, 0.03, -0.04, -0.01, 0.11, 0.24, 0.53, 0.57, 0.51, 0.51, 0.41, 0.45, 0.43, 0.42, 0.4, 0.39, 0.4, 0.4, 0.13, 0.11, 0.07, -0.01, -0.11, -0.2, -0.03, 0.16, 0.54, 0.53, 0.48, 0.43, 0.34, 0.42, 0.42, 0.42, 0.41, 0.4, 0.41, 0.41, 0.14, 0.12, 0.08, 0.01, -0.15, -0.59, -0.04, 0.23, 0.28, 0.54, 0.41, 0.44, 0.42, 0.43, 0.42, 0.42, 0.42, 0.41, 0.41, 0.41, 0.16, 0.14, 0.12, 0.07, 0.0, -0.04, 0.18, 0.39, 0.47, 0.54, 0.43, 0.49, 0.47, 0.45, 0.42, 0.42, 0.42, 0.17, 0.17, 0.17, 0.18, 0.17, 0.17, 0.16, 0.19, 0.29, 0.46, 0.46, 0.47, 0.41, 0.52, 0.5, 0.49, 0.29, 0.28, 0.13, 0.14, 0.14, 0.15, 0.15, 0.2, 0.21, 0.21, 0.24, 0.3, 0.44, 0.68, 0.5, 0.44, 0.4, 0.54, 0.25, 0.21, 0.18, 0.23, 0.1, 0.11, 0.12, 0.13, 0.13, 0.22, 0.23, 0.25, 0.28, 0.34, 0.42, 0.48, 0.25, 0.14, 0.05, -0.02, -0.32, 0.18, 0.15, 0.12, 0.07, 0.08, 0.09, 0.11, 0.11, 0.24, 0.25, -0.36, -0.32, -0.28, 0.07, 0.05, -0.03, -0.12, -0.17, -0.45, -0.4, -0.35, -0.38, -0.33, 0.33, 0.4, 0.48, 0.57, 0.62, -0.44, -0.43, -0.42, -0.42, -0.11, -0.16, -0.25, -0.38, -0.46, -0.45, -0.6, -0.48, -0.37, -0.28, -0.06, 0.26, 0.39, 0.49, 0.56, 0.61, -0.47, -0.48, -0.49, -0.51, -0.25, -0.36, -0.54, -0.78, -0.91, -0.88, -0.68, -0.55, -0.4, -0.09, -0.09, 0.22, 0.41, 0.52, 0.6, 0.64, -0.51, -0.52, -0.54, -0.28, -0.37, -0.51, -0.75, -1.14, -1.5, -1.07, -1.05, -0.84, -0.17, -0.06, 0.2, 0.33, 0.49, 0.59, 0.65, 0.68, -0.54, -0.56, -0.61, -0.65, -0.73, -0.84, -1.0, -1.22, -1.43, -1.24, -1.04, -0.86, -0.12, 0.02, 0.45, 0.52, 0.62, 0.69, 0.73, 0.74, -0.58, -0.61, -0.64, -0.69, -0.75, -0.84, -0.95, -1.05, -1.21, -1.12, -0.99, -0.87, -0.03, 0.6, 0.64, 0.71, 0.78, 0.81, 0.81, 0.8, -0.6, -0.63, -0.66, -0.7, -0.75, -0.81, -0.88, -1.04, -1.05, -1.0, -0.93, -0.85, 0.37, 0.72, 0.79, 0.88, 0.95, 0.94, 0.89, 0.84, -0.62, -0.64, -0.67, -0.89, -0.9, -0.91, -0.91, -0.9, -0.88, -0.86, -0.84, -0.29, 0.46, 0.81, 0.89, 1.03, 1.17, 1.07, 0.93, 0.87, -0.83, -0.84, -0.84, -0.84, -0.84, -0.83, -0.82, -0.8, -0.77, -0.75, -0.74, 0.15, 0.42, 0.63, 0.82, 1.08, 1.52, 1.0, 0.9, 0.87, -0.81, -0.8, -0.8, -0.79, -0.78, -0.77, -0.75, -0.72, -0.7, -0.68, -0.68, 0.07, 0.32, 0.59, 0.77, 0.9, 0.89, 0.68, 0.83, 0.85, -0.78, -0.77, -0.77, -0.75, -0.74, -0.72, -0.69, -0.67, -0.65, -0.65, -0.18, 0.06, 0.27, 0.54, 0.69, 0.89, 0.86, 0.82, 0.83, 0.84, -0.76, -0.75, -0.73, -0.72, -0.7, -0.67, -0.64, -0.6, -0.58, -0.54, -0.06, 0.08, 0.24, 0.71, 0.78, 0.83, 0.84, 0.83, 0.84, 0.85, -0.74, -0.72, -0.71, -0.69, -0.66, -0.63, -0.59, -0.54, -0.47, -0.02, 0.03, -0.15, -0.14, -0.12, 0.72, 0.77, 0.8, 0.81, 0.82, 0.83, -0.72, -0.7, -0.68, -0.66, -0.63, -0.6, -0.55, -0.48, -0.39, 0.04, -0.02, -0.09, -0.12, -0.11, 0.67, 0.73, 0.77, 0.79, 0.8, 0.81, -0.7, -0.69, -0.67, -0.64, -0.61, -0.57, -0.52, -0.46, -0.14, -0.08, -0.04, -0.08, -0.1, -0.11, 0.64, 0.69, 0.73, 0.76, 0.78, 0.79, -0.69, -0.67, -0.65, -0.63, -0.6, -0.56, -0.51, -0.46, -0.13, -0.1, -0.09, -0.09, -0.1, -0.11, 0.62, 0.67, 0.71, 0.74, 0.76, 0.77, -0.68, -0.66, -0.64, -0.62, -0.59, -0.56, -0.52, -0.15, -0.14, -0.12, -0.11, -0.11, -0.11, -0.11, 0.61, 0.66, 0.69, 0.72, 0.74, 0.75]}, {"header": {"refTime": "2023-09-13T05:00:00.000Z", "nx": 21, "ny": 33, "lo1": 113.509, "la1": 22.2235, "lo2": 113.5947, "la2": 22.1034, "dx": 0.0042850000000001385, "dy": 0.003753125000000024, "parameterCategory": 0, "parameterCategoryName": "Temperature", "parameterNumber": 0}, "data": [[26.52, 26.51, 26.51, 26.32, 26.33, 26.52, 26.51, 26.51, 26.51, 26.47, 26.49, 26.51, 26.67, 26.69, 26.66, 26.66, 26.74, 26.73, 26.73, 26.72], [26.52, 26.52, 26.51, 26.5, 26.33, 26.33, 26.5, 26.49, 26.48, 26.46, 26.49, 26.53, 26.69, 26.7, 26.68, 26.75, 26.74, 26.73, 26.72, 26.72], [26.53, 26.52, 26.52, 26.51, 26.33, 26.33, 26.34, 26.47, 26.42, 26.45, 26.5, 26.55, 26.72, 26.73, 26.76, 26.75, 26.73, 26.72, 26.72, 26.71], [26.53, 26.53, 26.52, 26.51, 26.5, 26.33, 26.34, 26.35, 26.36, 26.46, 26.52, 26.6, 26.77, 26.7, 26.77, 26.74, 26.72, 26.71, 26.71, 26.71], [26.54, 26.54, 26.53, 26.52, 26.51, 26.32, 26.33, 26.33, 26.33, 26.45, 26.52, 26.7, 26.82, 26.72, 26.76, 26.73, 26.71, 26.7, 26.69, 26.7], [26.55, 26.55, 26.54, 26.54, 26.53, 26.51, 26.32, 26.32, 26.31, 26.28, 26.54, 26.65, 26.74, 26.83, 26.75, 26.72, 26.68, 26.67, 26.68, 26.69], [26.62, 26.56, 26.56, 26.55, 26.55, 26.53, 26.42, 26.33, 26.32, 26.32, 26.31, 26.55, 26.79, 26.8, 26.73, 26.7, 26.65, 26.63, 26.66, 26.67], [26.63, 26.63, 26.63, 26.63, 26.62, 26.48, 26.45, 26.4, 26.38, 26.3, 26.19, 26.52, 26.52, 26.8, 26.64, 26.65, 26.63, 26.62, 26.63, 26.64], [26.57, 26.58, 26.65, 26.65, 26.66, 26.64, 26.59, 26.43, 26.3, 26.34, 26.33, 26.42, 26.46, 26.4, 26.64, 26.65, 26.64, 26.63, 26.64, 26.64], [26.8, 26.8, 26.8, 26.61, 26.64, 26.71, 26.66, 26.59, 26.23, 26.25, 26.46, 26.36, 26.4, 26.38, 26.64, 26.66, 26.65, 26.64, 26.64, 26.65], [26.8, 26.8, 26.8, 26.8, 26.8, 26.8, 26.8, 26.8, 26.66, 26.3, 26.1, 26.33, 26.36, 26.36, 26.64, 26.66, 26.65, 26.65, 26.65, 26.65], [26.8, 26.8, 26.8, 26.8, 26.8, 26.8, 26.8, 26.8, 26.8, -999.0, 26.1, 26.7, 26.7, 26.34, 26.64, 26.66, 26.66, 26.15, 26.16, 26.16], [26.8, 26.8, 26.8, 26.8, 26.8, 26.8, 26.8, 26.8, 26.8, 26.8, -999.0, 26.7, 26.7, 26.11, 26.37, 26.31, 26.31, 26.22, 26.23, 26.24], [26.8, 26.8, 26.8, 26.8, 26.8, 26.8, 26.8, 26.8, 26.8, 26.8, -999.0, 25.8, 25.8, 25.8, 26.29, 26.24, 26.25, 26.15, 26.18, 26.19], [26.8, 26.8, 26.8, 26.8, 26.8, 26.8, 26.8, 27.1, 27.1, 27.1, 27.1, 26.6, 25.8, 25.8, 25.8, 26.17, 26.19, 26.1, 26.13, 26.15], [26.8, 26.8, 26.99, 26.99, 27.0, 27.1, 27.1, 27.1, 27.1, 27.1, 26.28, 26.37, 26.25, 26.14, 26.26, 26.13, 26.18, 26.09, 26.25, 26.29], [26.99, 26.99, 26.91, 26.91, 27.1, 27.1, 27.1, 27.1, 27.1, 27.1, 26.54, 26.38, 26.21, 26.05, 26.06, 26.05, 26.14, 26.21, 26.26, 26.3], [26.91, 26.91, 26.92, 26.92, 27.1, 27.1, 27.1, 27.1, 27.1, 26.77, 26.6, 26.4, 26.2, 26.07, 25.84, 26.02, 26.15, 26.23, 26.29, 26.32], [26.91, 26.92, 26.92, 27.1, 27.1, 27.1, 27.1, 27.1, 26.98, 26.85, 26.73, 26.56, 26.32, 26.15, 26.01, 26.1, 26.2, 26.28, 26.32, 26.35], [26.92, 26.92, 27.1, 27.1, 27.1, 27.1, 27.1, 27.1, 26.98, 26.88, 26.75, 26.61, 26.39, 26.29, 26.17, 26.22, 26.29, 26.34, 26.37, 26.39], [27.1, 27.1, 27.1, 27.1, 27.1, 27.1, 27.1, 27.1, 26.9, 26.85, 26.76, 26.66, 26.45, 26.28, 26.3, 26.34, 26.39, 26.42, 26.43, 26.43], [27.1, 27.1, 27.1, 27.1, 27.1, 27.1, 27.1, 27.13, 26.87, 26.84, 26.79, 26.71, 26.51, 26.36, 26.4, 26.44, 26.48, 26.49, 26.48, 26.47], [27.1, 27.1, 27.1, 27.15, 27.15, 27.15, 27.14, 27.14, 27.14, 27.14, 27.14, 26.99, 26.82, 26.42, 26.46, 26.52, 26.57, 26.56, 26.53, 26.5], [27.16, 27.16, 27.16, 27.15, 27.15, 27.15, 27.15, 27.14, 27.14, 27.13, 27.14, 27.05, 26.83, 26.78, 26.74, 26.56, 26.65, 26.6, 26.56, 26.52], [27.16, 27.16, 27.16, 27.16, 27.16, 27.15, 27.15, 27.14, 27.13, 27.12, 27.14, 27.07, 27.04, 26.78, 26.74, 26.7, 26.59, 26.59, 26.56, 26.53], [27.16, 27.16, 27.16, 27.16, 27.16, 27.16, 27.16, 27.15, 27.14, 27.13, 27.1, 27.09, 27.06, 26.79, 26.75, 26.75, 26.71, 26.7, 26.55, 26.53], [27.17, 27.17, 27.17, 27.17, 27.17, 27.17, 27.17, 27.17, 27.16, 27.17, 27.13, 27.11, 27.08, 26.88, 26.83, 26.78, 26.75, 26.74, 26.74, 26.75], [27.17, 27.17, 27.17, 27.17, 27.17, 27.17, 27.18, 27.18, 27.19, 27.17, 27.18, 27.14, 27.09, 27.04, 26.86, 26.82, 26.79, 26.77, 26.77, 26.77], [27.17, 27.17, 27.17, 27.17, 27.18, 27.18, 27.19, 27.2, 27.22, 27.22, 27.26, 27.18, 27.11, 27.06, 26.89, 26.85, 26.82, 26.8, 26.79, 26.79], [27.17, 27.17, 27.18, 27.18, 27.18, 27.19, 27.19, 27.2, 27.16, 27.2, 27.23, 27.18, 27.12, 27.07, 26.92, 26.87, 26.84, 26.82, 26.81, 26.81], [27.17, 27.18, 27.18, 27.18, 27.18, 27.19, 27.2, 27.21, 27.15, 27.17, 27.17, 27.15, 27.11, 27.07, 26.93, 26.89, 26.86, 26.84, 26.83, 26.82], [27.18, 27.18, 27.18, 27.18, 27.19, 27.19, 27.2, 27.12, 27.13, 27.14, 27.14, 27.13, 27.1, 27.07, 26.93, 26.9, 26.88, 26.86, 26.84, 26.84]]}]