gis_exercise/awsData/contour/wdir_2023091110.json
[{"header": {"refTime": "2023-09-11T10:00:00.000Z", "nx": 21, "ny": 33, "lo1": 113.509, "la1": 22.2235, "lo2": 113.5947, "la2": 22.1034, "dx": 0.0042850000000001385, "dy": 0.003753125000000024, "parameterCategory": 2, "parameterCategoryName": "Temperature", "parameterNumber": 2}, "data": [-2.19, -2.2, -2.21, -2.18, -2.19, -2.48, -2.47, -2.46, -2.46, -2.29, -2.31, -2.33, -2.51, -2.52, -3.34, -3.43, -3.52, -3.57, -3.61, -3.64, -2.19, -2.19, -2.2, -2.21, -2.19, -2.19, -2.46, -2.43, -2.41, -2.29, -2.31, -2.35, -2.53, -2.54, -3.35, -3.46, -3.55, -3.62, -3.67, -3.69, -2.18, -2.19, -2.2, -2.21, -2.19, -2.2, -2.21, -2.4, -2.31, -2.29, -2.32, -2.38, -2.57, -2.57, -3.36, -3.49, -3.61, -3.69, -3.74, -3.76, -2.17, -2.18, -2.19, -2.2, -2.22, -2.2, -2.21, -2.22, -2.23, -2.28, -2.33, -2.43, -2.63, -2.47, -3.35, -3.53, -3.7, -3.81, -3.85, -3.85, -2.16, -2.17, -2.18, -2.19, -2.21, -2.2, -2.2, -2.2, -2.18, -2.24, -2.31, -2.49, -2.7, -2.52, -3.35, -3.62, -3.86, -3.98, -4.0, -3.95, -2.15, -2.15, -2.16, -2.17, -2.19, -2.23, -2.21, -2.21, -2.18, -2.1, -2.21, -2.39, -2.55, -2.9, -3.39, -3.75, -4.12, -4.27, -4.18, -4.06, -2.96, -2.13, -2.14, -2.15, -2.17, -2.21, -2.09, -2.27, -2.24, -2.05, -1.95, -2.2, -2.84, -2.92, -3.43, -3.89, -4.49, -4.71, -4.59, -4.44, -2.97, -2.93, -2.88, -2.73, -2.72, -2.0, -2.09, -2.25, -2.43, -2.01, -1.74, -2.4, -2.55, -2.98, -3.74, -4.12, -4.59, -4.76, -4.5, -4.33, -2.98, -2.94, -2.88, -2.79, -2.63, -2.64, -2.74, -2.13, -2.68, -2.08, -2.36, -2.71, -3.15, -2.94, -3.72, -4.0, -4.29, -4.41, -4.36, -4.27, -3.62, -3.55, -3.45, -2.77, -2.59, -2.41, -2.68, -2.97, -3.02, -2.86, -2.61, -2.93, -3.31, -3.03, -3.72, -3.91, -4.09, -4.19, -4.21, -4.18, -3.64, -3.58, -3.48, -3.3, -2.91, -1.79, -3.19, -3.88, -3.52, -3.29, -3.49, -2.85, -2.97, -2.94, -3.73, -3.85, -3.97, -4.06, -4.09, -4.09, -3.68, -3.64, -3.57, -3.46, -3.28, -3.19, -3.72, -4.28, -4.48, -4.7, -3.67, -3.71, -3.64, -2.85, -3.73, -3.82, -3.91, -4.13, -4.15, -4.16, -3.74, -3.72, -3.7, -3.69, -3.75, -4.01, -4.41, -4.45, -4.48, -4.32, -4.65, -3.79, -3.7, -3.12, -3.1, -3.93, -3.97, -4.01, -4.04, -4.06, -3.79, -3.79, -3.81, -3.87, -4.02, -4.37, -4.95, -4.52, -4.39, -4.3, -4.68, -3.94, -3.84, -3.75, -3.06, -3.8, -3.84, -3.89, -3.93, -3.97, -3.84, -3.86, -3.9, -3.98, -4.12, -4.32, -4.49, -4.25, -4.04, -3.88, -3.77, -2.97, -3.73, -3.63, -3.57, -3.65, -3.71, -3.77, -3.83, -3.88, -3.88, -3.91, -2.86, -2.94, -3.05, -3.93, -3.89, -3.75, -3.59, -3.5, -2.76, -2.79, -2.82, -2.66, -2.71, -3.17, -3.2, -3.23, -3.59, -3.64, -2.71, -2.74, -2.77, -2.8, -3.62, -3.53, -3.36, -3.14, -2.99, -3.01, -2.51, -2.64, -2.73, -2.8, -2.69, -2.86, -2.85, -2.83, -2.83, -2.82, -2.66, -2.67, -2.67, -2.65, -3.36, -3.17, -2.85, -2.42, -2.2, -2.11, -2.38, -2.51, -2.67, -2.67, -2.87, -2.86, -2.85, -2.83, -2.82, -2.82, -2.62, -2.6, -2.58, -3.31, -3.15, -2.9, -2.48, -1.8, -1.13, -1.79, -1.87, -2.15, -2.4, -2.61, -2.87, -2.86, -2.84, -2.83, -2.82, -2.81, -2.57, -2.55, -2.93, -2.84, -2.7, -2.49, -2.18, -1.74, -1.28, -1.6, -1.92, -2.16, -2.36, -2.53, -2.85, -2.84, -2.83, -2.82, -2.81, -2.8, -2.99, -2.95, -2.88, -2.8, -2.68, -2.52, -2.32, -2.11, -1.72, -1.87, -2.06, -2.22, -2.36, -2.84, -2.84, -2.84, -2.83, -2.82, -2.81, -2.8, -2.96, -2.92, -2.86, -2.79, -2.7, -2.6, -2.49, -1.85, -2.06, -2.15, -2.24, -2.32, -3.15, -2.83, -2.83, -2.84, -2.84, -2.82, -2.8, -2.78, -2.95, -2.91, -2.86, -1.97, -1.98, -2.0, -2.04, -2.1, -2.18, -2.23, -2.23, -2.56, -2.96, -2.82, -2.83, -2.85, -2.89, -2.83, -2.78, -2.77, -1.99, -2.0, -2.01, -2.03, -2.06, -2.11, -2.19, -2.32, -2.48, -2.56, -2.46, -2.92, -2.97, -2.92, -2.89, -2.84, -3.05, -2.74, -2.72, -2.74, -2.01, -2.03, -2.05, -2.08, -2.12, -2.19, -2.29, -2.46, -2.74, -2.97, -2.65, -2.89, -2.87, -2.92, -2.87, -2.82, -2.67, -2.53, -2.67, -2.72, -2.03, -2.05, -2.08, -2.11, -2.16, -2.23, -2.33, -2.48, -2.74, -2.93, -2.92, -2.82, -2.8, -2.92, -2.86, -2.58, -2.58, -2.55, -2.68, -2.72, -2.05, -2.07, -2.09, -2.13, -2.17, -2.23, -2.3, -2.4, -2.5, -2.52, -2.7, -2.67, -2.7, -2.41, -2.48, -2.53, -2.55, -2.55, -2.55, -2.55, -2.06, -2.08, -2.1, -2.13, -2.17, -2.21, -2.25, -2.29, -2.29, -2.48, -2.4, -2.31, -2.35, -2.36, -2.43, -2.48, -2.51, -2.53, -2.53, -2.53, -2.07, -2.09, -2.11, -2.13, -2.16, -2.18, -2.2, -2.2, -2.16, -2.22, -1.97, -2.17, -2.28, -2.33, -2.39, -2.44, -2.48, -2.5, -2.51, -2.52, -2.07, -2.09, -2.1, -2.12, -2.14, -2.16, -2.16, -2.15, -2.27, -2.12, -2.03, -2.15, -2.25, -2.3, -2.36, -2.41, -2.45, -2.47, -2.49, -2.5, -2.07, -2.09, -2.1, -2.12, -2.13, -2.14, -2.14, -2.12, -2.27, -2.2, -2.17, -2.2, -2.26, -2.3, -2.34, -2.39, -2.42, -2.45, -2.47, -2.48, -2.07, -2.08, -2.1, -2.11, -2.12, -2.12, -2.12, -2.34, -2.3, -2.26, -2.24, -2.25, -2.28, -2.31, -2.33, -2.37, -2.41, -2.43, -2.45, -2.46]}, {"header": {"refTime": "2023-09-11T10:00:00.000Z", "nx": 21, "ny": 33, "lo1": 113.509, "la1": 22.2235, "lo2": 113.5947, "la2": 22.1034, "dx": 0.0042850000000001385, "dy": 0.003753125000000024, "parameterCategory": 2, "parameterCategoryName": "Temperature", "parameterNumber": 3}, "data": [-0.01, -0.01, -0.01, 0.09, 0.07, 0.2, 0.17, 0.13, 0.13, 0.13, 0.21, 0.28, 0.31, 0.35, 0.67, 0.7, 0.86, 0.87, 0.88, 0.88, -0.0, -0.01, -0.01, -0.02, 0.08, 0.05, 0.13, 0.06, 0.02, 0.07, 0.2, 0.31, 0.36, 0.39, 0.7, 0.85, 0.87, 0.88, 0.89, 0.89, 0.0, -0.0, -0.0, -0.01, 0.09, 0.06, 0.01, 0.0, -0.21, 0.02, 0.22, 0.37, 0.43, 0.45, 0.84, 0.86, 0.88, 0.9, 0.91, 0.91, 0.0, 0.0, 0.0, 0.0, -0.0, 0.09, 0.05, -0.03, -0.09, 0.1, 0.3, 0.47, 0.55, 0.63, 0.84, 0.87, 0.91, 0.93, 0.93, 0.93, 0.01, 0.01, 0.01, 0.01, 0.02, 0.13, 0.11, 0.09, 0.08, 0.23, 0.38, 0.66, 0.81, 0.66, 0.84, 0.89, 0.94, 0.97, 0.97, 0.96, 0.01, 0.01, 0.02, 0.02, 0.04, 0.05, 0.19, 0.2, 0.2, 0.2, 0.48, 0.58, 0.69, 0.74, 0.83, 0.91, 1.01, 1.04, 1.02, 0.98, 0.09, 0.01, 0.02, 0.03, 0.04, 0.08, 0.27, 0.3, 0.32, 0.34, 0.3, 0.42, 0.62, 0.67, 0.81, 0.94, 1.1, 1.16, 1.18, 1.15, 0.08, 0.08, 0.08, 0.08, 0.1, 0.19, 0.26, 0.36, 0.45, 0.34, 0.29, 0.36, 0.39, 0.64, 0.8, 0.94, 1.09, 1.15, 1.07, 1.01, 0.07, 0.06, 0.06, 0.05, 0.05, 0.07, 0.13, 0.29, 0.35, 0.34, 0.43, 0.5, 0.66, 0.59, 0.81, 0.9, 0.99, 1.04, 1.02, 0.99, -0.07, -0.08, -0.08, 0.02, -0.01, -0.02, 0.04, 0.12, 0.27, 0.27, 0.5, 0.6, 0.74, 0.63, 0.81, 0.87, 0.93, 0.96, 0.97, 0.96, -0.07, -0.08, -0.08, -0.09, -0.11, -0.17, -0.1, -0.06, 0.08, 0.21, 0.44, 0.58, 0.62, 0.6, 0.82, 0.85, 0.89, 0.92, 0.93, 0.93, -0.07, -0.07, -0.08, -0.08, -0.09, -0.1, -0.07, -0.03, -0.02, 0.2, 0.39, 0.45, 0.5, 0.57, 0.82, 0.84, 0.87, 0.79, 0.8, 0.79, -0.07, -0.07, -0.07, -0.07, -0.07, -0.06, -0.04, -0.03, -0.02, -0.03, 0.28, 0.41, 0.45, 0.41, 0.39, 0.69, 0.7, 0.71, 0.72, 0.73, -0.07, -0.07, -0.06, -0.06, -0.05, -0.04, -0.01, -0.03, -0.03, -0.04, 0.25, 0.27, 0.28, 0.27, 0.31, 0.58, 0.6, 0.63, 0.65, 0.67, -0.06, -0.06, -0.06, -0.06, -0.05, -0.04, -0.03, 0.45, 0.54, 0.63, 0.69, 0.63, 0.21, 0.19, 0.18, 0.46, 0.5, 0.54, 0.58, 0.61, -0.06, -0.06, 0.59, 0.59, 0.59, 0.63, 0.65, 0.72, 0.8, 0.85, 0.81, 0.68, 0.54, 0.6, 0.51, 0.44, 0.53, 0.62, 0.78, 0.85, 0.66, 0.67, 0.69, 0.71, 0.8, 0.85, 0.94, 1.06, 1.14, 1.13, 0.95, 0.74, 0.52, 0.29, 0.38, 0.19, 0.31, 0.4, 0.47, 0.51, 0.72, 0.74, 0.77, 0.82, 0.94, 1.05, 1.22, 1.46, 1.58, 1.38, 1.09, 0.81, 0.52, 0.4, -0.07, 0.15, 0.32, 0.43, 0.5, 0.54, 0.77, 0.8, 0.85, 0.96, 1.05, 1.2, 1.43, 1.81, 2.13, 1.6, 1.26, 0.93, 0.91, 0.58, 0.13, 0.26, 0.4, 0.5, 0.55, 0.58, 0.81, 0.85, 1.04, 1.09, 1.18, 1.3, 1.49, 1.76, 1.9, 1.58, 1.24, 0.96, 1.06, 0.86, 0.36, 0.44, 0.53, 0.59, 0.62, 0.63, 0.98, 1.01, 1.04, 1.09, 1.16, 1.25, 1.37, 1.5, 1.5, 1.34, 1.14, 0.94, 1.19, 0.5, 0.54, 0.61, 0.68, 0.7, 0.7, 0.68, 0.98, 1.01, 1.03, 1.07, 1.12, 1.17, 1.22, 1.39, 1.2, 1.11, 1.0, 0.89, 0.67, 0.62, 0.69, 0.78, 0.84, 0.83, 0.77, 0.73, 0.98, 0.99, 1.01, 1.24, 1.24, 1.23, 1.21, 1.17, 1.11, 1.06, 1.06, 1.35, 0.76, 0.7, 0.79, 0.92, 1.06, 0.95, 0.81, 0.75, 1.2, 1.19, 1.19, 1.17, 1.16, 1.12, 1.07, 0.98, 0.87, 0.81, 0.87, 0.84, 0.74, 0.82, 0.91, 0.97, 1.44, 0.87, 0.77, 0.74, 1.17, 1.16, 1.14, 1.12, 1.09, 1.04, 0.97, 0.85, 0.67, 0.53, 0.72, 0.8, 0.95, 0.8, 0.86, 0.9, 0.74, 0.51, 0.69, 0.72, 1.14, 1.13, 1.11, 1.08, 1.04, 0.99, 0.92, 0.81, 0.65, 0.54, 0.65, 0.79, 0.92, 0.77, 0.81, 0.89, 0.81, 0.75, 0.69, 0.7, 1.12, 1.1, 1.08, 1.05, 1.01, 0.96, 0.9, 0.83, 0.75, 0.72, 0.73, 0.81, 0.91, 0.9, 0.89, 0.88, 0.84, 0.82, 0.83, 0.85, 1.1, 1.08, 1.06, 1.03, 0.99, 0.95, 0.9, 0.85, 0.82, 0.76, 0.79, 0.55, 0.5, 0.44, 0.88, 0.87, 0.86, 0.85, 0.85, 0.86, 1.08, 1.07, 1.04, 1.02, 0.99, 0.95, 0.91, 0.88, 0.85, 0.8, 0.74, 0.62, 0.53, 0.47, 0.88, 0.87, 0.87, 0.86, 0.86, 0.87, 1.07, 1.06, 1.03, 1.01, 0.98, 0.95, 0.92, 0.89, 0.59, 0.66, 0.7, 0.62, 0.55, 0.49, 0.87, 0.87, 0.87, 0.87, 0.87, 0.87, 1.07, 1.05, 1.03, 1.01, 0.98, 0.96, 0.93, 0.91, 0.58, 0.61, 0.62, 0.59, 0.54, 0.49, 0.87, 0.87, 0.87, 0.87, 0.87, 0.88, 1.06, 1.04, 1.03, 1.01, 0.99, 0.97, 0.94, 0.53, 0.55, 0.57, 0.57, 0.55, 0.52, 0.49, 0.87, 0.88, 0.88, 0.88, 0.88, 0.88]}, {"header": {"refTime": "2023-09-11T10:00:00.000Z", "nx": 21, "ny": 33, "lo1": 113.509, "la1": 22.2235, "lo2": 113.5947, "la2": 22.1034, "dx": 0.0042850000000001385, "dy": 0.003753125000000024, "parameterCategory": 0, "parameterCategoryName": "Temperature", "parameterNumber": 0}, "data": [[27.63, 27.63, 27.63, 27.45, 27.46, 27.66, 27.67, 27.68, 27.69, 27.72, 27.74, 27.75, 27.95, 27.97, 27.72, 27.7, 27.78, 27.76, 27.74, 27.73], [27.63, 27.63, 27.63, 27.62, 27.46, 27.48, 27.67, 27.68, 27.69, 27.72, 27.74, 27.77, 27.97, 27.98, 27.73, 27.8, 27.77, 27.74, 27.72, 27.71], [27.64, 27.63, 27.63, 27.62, 27.45, 27.47, 27.51, 27.68, 27.7, 27.72, 27.75, 27.79, 27.99, 28.0, 27.85, 27.79, 27.75, 27.71, 27.7, 27.69], [27.64, 27.63, 27.63, 27.62, 27.62, 27.45, 27.48, 27.53, 27.57, 27.71, 27.76, 27.83, 28.02, 27.94, 27.85, 27.78, 27.71, 27.67, 27.66, 27.66], [27.64, 27.64, 27.63, 27.62, 27.61, 27.42, 27.44, 27.45, 27.46, 27.7, 27.75, 27.94, 28.04, 27.97, 27.85, 27.74, 27.66, 27.61, 27.6, 27.62], [27.65, 27.65, 27.64, 27.63, 27.61, 27.59, 27.39, 27.38, 27.38, 27.37, 27.79, 27.9, 27.98, 28.1, 27.83, 27.69, 27.56, 27.51, 27.54, 27.58], [27.64, 27.66, 27.65, 27.64, 27.62, 27.59, 27.43, 27.32, 27.3, 27.42, 27.48, 27.84, 28.1, 28.1, 27.8, 27.64, 27.43, 27.35, 27.37, 27.42], [27.66, 27.66, 27.66, 27.66, 27.64, 27.53, 27.45, 27.33, 27.26, 27.4, 27.39, 27.85, 27.86, 28.1, 27.54, 27.63, 27.44, 27.36, 27.48, 27.55], [27.54, 27.55, 27.7, 27.71, 27.71, 27.68, 27.58, 27.41, 27.23, 27.43, 27.61, 27.73, 27.78, 27.71, 27.56, 27.67, 27.55, 27.51, 27.53, 27.58], [28.0, 28.0, 28.0, 27.63, 27.68, 27.82, 27.72, 27.58, 27.26, 27.25, 27.79, 27.65, 27.7, 27.67, 27.56, 27.71, 27.63, 27.6, 27.59, 27.61], [28.0, 28.0, 28.0, 28.0, 28.0, 28.0, 28.0, 28.0, 27.72, 27.23, 27.3, 27.6, 27.64, 27.64, 27.55, 27.74, 27.68, 27.65, 27.64, 27.65], [28.0, 28.0, 28.0, 28.0, 28.0, 28.0, 28.0, 28.0, 28.0, -999.0, 27.3, 28.1, 28.1, 27.62, 27.54, 27.77, 27.73, 27.6, 27.59, 27.59], [28.0, 28.0, 28.0, 28.0, 28.0, 28.0, 28.0, 28.0, 28.0, 28.0, -999.0, 28.1, 28.1, 27.97, 28.03, 27.45, 27.45, 27.54, 27.52, 27.52], [28.0, 28.0, 28.0, 28.0, 28.0, 28.0, 28.0, 28.0, 28.0, 28.0, -999.0, 27.9, 27.9, 27.9, 28.01, 27.51, 27.5, 27.59, 27.57, 27.56], [28.0, 28.0, 28.0, 28.0, 28.0, 28.0, 28.0, 28.8, 28.8, 28.8, 28.8, 28.45, 27.9, 27.9, 27.9, 27.58, 27.56, 27.64, 27.61, 27.59], [28.0, 28.0, 28.5, 28.51, 28.53, 28.8, 28.8, 28.8, 28.8, 28.8, 28.23, 28.3, 28.21, 28.14, 28.22, 27.64, 27.6, 27.67, 27.53, 27.5], [28.51, 28.52, 28.28, 28.3, 28.8, 28.8, 28.8, 28.8, 28.8, 28.8, 28.41, 28.3, 28.18, 28.08, 27.93, 27.86, 27.85, 27.84, 27.83, 27.83], [28.29, 28.3, 28.31, 28.33, 28.8, 28.8, 28.8, 28.8, 28.8, 28.57, 28.45, 28.32, 28.18, 27.94, 27.9, 27.86, 27.85, 27.83, 27.83, 27.83], [28.3, 28.31, 28.33, 28.8, 28.8, 28.8, 28.8, 28.8, 28.72, 28.62, 28.45, 28.33, 28.02, 27.94, 27.87, 27.85, 27.83, 27.82, 27.82, 27.82], [28.31, 28.33, 28.51, 28.53, 28.55, 28.57, 28.61, 28.72, 28.66, 28.56, 28.45, 28.35, 28.01, 27.94, 27.84, 27.83, 27.81, 27.81, 27.81, 27.82], [28.5, 28.5, 28.51, 28.59, 28.6, 28.62, 28.64, 28.66, 28.54, 28.49, 28.42, 28.35, 27.99, 27.82, 27.81, 27.8, 27.79, 27.79, 27.8, 27.81], [28.57, 28.57, 28.57, 28.58, 28.58, 28.58, 28.59, 28.56, 28.46, 28.43, 28.4, 28.35, 27.81, 27.8, 27.79, 27.76, 27.75, 27.76, 27.79, 27.81], [28.56, 28.56, 28.56, 28.52, 28.52, 28.52, 28.51, 28.5, 28.49, 28.47, 28.47, 28.16, 27.96, 27.79, 27.77, 27.72, 27.67, 27.73, 27.8, 27.82], [28.51, 28.51, 28.5, 28.5, 28.5, 28.49, 28.48, 28.45, 28.43, 28.41, 28.43, 28.05, 27.98, 27.91, 27.85, 27.72, 27.47, 27.82, 27.85, 27.85], [28.5, 28.5, 28.49, 28.49, 28.48, 28.47, 28.45, 28.42, 28.38, 28.34, 28.39, 28.09, 28.0, 27.93, 27.88, 27.84, 27.9, 28.05, 27.9, 27.87], [28.49, 28.49, 28.48, 28.48, 28.47, 28.46, 28.44, 28.41, 28.37, 28.35, 28.19, 28.12, 28.03, 27.95, 27.91, 27.91, 27.94, 27.97, 27.9, 27.87], [28.49, 28.48, 28.48, 28.47, 28.46, 28.45, 28.43, 28.41, 28.4, 28.39, 28.2, 28.15, 28.07, 28.02, 27.97, 27.95, 27.95, 27.96, 27.95, 27.95], [28.48, 28.48, 28.47, 28.46, 28.46, 28.44, 28.43, 28.42, 28.41, 28.24, 28.25, 28.37, 28.37, 28.37, 28.01, 27.98, 27.97, 27.96, 27.96, 27.95], [28.48, 28.47, 28.47, 28.46, 28.45, 28.44, 28.43, 28.42, 28.42, 28.29, 28.39, 28.38, 28.37, 28.37, 28.04, 28.01, 27.99, 27.98, 27.97, 27.96], [28.47, 28.47, 28.46, 28.46, 28.45, 28.44, 28.44, 28.43, 28.37, 28.38, 28.39, 28.38, 28.38, 28.37, 28.06, 28.03, 28.0, 27.99, 27.98, 27.97], [28.47, 28.47, 28.46, 28.46, 28.45, 28.44, 28.44, 28.43, 28.37, 28.38, 28.38, 28.38, 28.38, 28.37, 28.07, 28.04, 28.02, 28.0, 27.99, 27.98], [28.47, 28.47, 28.46, 28.46, 28.45, 28.45, 28.44, 28.37, 28.37, 28.37, 28.38, 28.38, 28.37, 28.37, 28.07, 28.05, 28.03, 28.01, 28.0, 27.99]]}]