gis_exercise/awsData/contour/wdir_2023090409.json
[{"header": {"refTime": "2023-09-04T09:00:00.000Z", "nx": 21, "ny": 33, "lo1": 113.509, "la1": 22.2235, "lo2": 113.5947, "la2": 22.1034, "dx": 0.0042850000000001385, "dy": 0.003753125000000024, "parameterCategory": 2, "parameterCategoryName": "Temperature", "parameterNumber": 2}, "data": [0.92, 0.92, 0.92, 1.18, 1.16, 1.12, 1.08, 1.05, 1.04, 1.0, 1.04, 1.08, 1.01, 1.02, 1.14, 1.16, 1.21, 1.21, 1.22, 1.22, 0.91, 0.92, 0.92, 0.92, 1.16, 1.13, 1.07, 1.0, 0.96, 0.96, 1.03, 1.09, 1.02, 1.04, 1.16, 1.21, 1.22, 1.22, 1.22, 1.22, 0.91, 0.92, 0.92, 0.93, 1.18, 1.14, 1.08, 0.96, 0.8, 0.93, 1.04, 1.11, 1.06, 1.06, 1.21, 1.22, 1.22, 1.22, 1.23, 1.23, 0.91, 0.91, 0.92, 0.93, 0.94, 1.17, 1.12, 1.04, 0.96, 0.99, 1.09, 1.16, 1.11, 1.22, 1.21, 1.22, 1.23, 1.23, 1.23, 1.23, 0.9, 0.91, 0.92, 0.93, 0.95, 1.22, 1.2, 1.18, 1.16, 1.08, 1.14, 1.23, 1.26, 1.22, 1.21, 1.22, 1.24, 1.25, 1.25, 1.24, 0.89, 0.9, 0.91, 0.93, 0.96, 1.0, 1.29, 1.31, 1.31, 1.3, 1.21, 1.21, 1.22, 1.33, 1.2, 1.23, 1.26, 1.27, 1.26, 1.25, 0.9, 0.88, 0.89, 0.91, 0.94, 1.01, 1.26, 1.43, 1.44, 1.38, 1.3, 1.16, 1.29, 1.35, 1.19, 1.23, 1.29, 1.31, 1.44, 1.47, 0.88, 0.88, 0.88, 1.16, 1.17, 1.09, 1.22, 1.42, 1.6, 1.39, 1.32, 1.23, 1.23, 1.39, 1.43, 1.41, 1.38, 1.37, 1.39, 1.4, 0.86, 0.85, 0.84, 0.82, 1.07, 1.1, 1.24, 1.29, 1.64, 1.38, 1.39, 1.43, 1.62, 1.53, 1.48, 1.44, 1.41, 1.4, 1.4, 1.41, 0.92, 0.9, 0.87, 0.76, 0.7, 0.87, 1.08, 1.31, 1.67, 1.64, 1.46, 1.56, 1.73, 1.59, 1.51, 1.46, 1.44, 1.42, 1.42, 1.42, 0.92, 0.9, 0.86, 0.81, 0.7, 0.36, 0.84, 1.16, 1.5, 1.7, 1.79, 1.54, 1.58, 1.56, 1.51, 1.48, 1.45, 1.44, 1.43, 1.43, 0.92, 0.91, 0.88, 0.84, 0.78, 0.76, 0.98, 1.38, 1.58, 1.7, 1.81, 1.68, 1.67, 1.52, 1.5, 1.48, 1.46, 1.62, 1.61, 1.6, 0.93, 0.92, 0.9, 0.89, 0.88, 0.91, 0.99, 1.3, 1.49, 1.34, 1.66, 1.69, 1.68, 1.56, 1.55, 1.67, 1.64, 1.63, 1.62, 1.61, 0.94, 0.94, 0.93, 0.93, 0.93, 0.94, 0.88, 1.1, 1.25, 1.25, 1.62, 1.86, 1.84, 1.82, 1.55, 1.65, 1.64, 1.63, 1.62, 1.62, 0.96, 0.95, 0.95, 0.95, 0.96, 0.97, 0.99, 1.41, 1.53, 1.6, 1.63, 1.86, 1.8, 1.78, 1.77, 1.64, 1.63, 1.63, 1.62, 1.62, 0.97, 0.97, 1.02, 1.02, 1.03, 1.45, 1.47, 1.53, 1.6, 1.64, 1.89, 1.85, 1.8, 1.77, 1.75, 1.93, 1.99, 2.05, 1.93, 1.95, 1.05, 1.06, 1.08, 1.1, 1.55, 1.56, 1.6, 1.66, 1.71, 1.72, 1.89, 1.84, 1.78, 1.71, 1.8, 1.6, 1.61, 1.61, 1.61, 1.61, 1.09, 1.11, 1.13, 1.17, 1.61, 1.65, 1.72, 1.81, 1.86, 1.74, 1.67, 1.84, 1.77, 1.8, 1.6, 1.6, 1.61, 1.62, 1.62, 1.62, 1.12, 1.15, 1.18, 1.63, 1.66, 1.71, 1.79, 1.93, 2.02, 1.84, 1.83, 1.76, 1.99, 1.89, 1.6, 1.61, 1.63, 1.63, 1.63, 1.62, 1.15, 1.18, 1.51, 1.54, 1.58, 1.64, 1.72, 1.85, 1.99, 1.9, 1.82, 1.76, 2.07, 2.03, 1.63, 1.64, 1.66, 1.65, 1.64, 1.62, 1.49, 1.51, 1.52, 1.55, 1.58, 1.63, 1.69, 1.75, 1.87, 1.83, 1.78, 1.74, 2.16, 1.65, 1.67, 1.69, 1.7, 1.68, 1.65, 1.62, 1.5, 1.51, 1.53, 1.55, 1.58, 1.61, 1.64, 1.93, 1.78, 1.76, 1.73, 1.71, 2.02, 1.67, 1.7, 1.75, 1.78, 1.73, 1.66, 1.61, 1.51, 1.52, 1.53, 1.94, 1.94, 1.92, 1.9, 1.88, 1.85, 1.84, 1.85, 2.08, 1.6, 1.68, 1.73, 1.83, 1.96, 1.79, 1.62, 1.58, 1.96, 1.96, 1.95, 1.94, 1.92, 1.9, 1.87, 1.83, 1.77, 1.74, 1.79, 2.09, 1.58, 1.63, 1.68, 1.82, 2.42, 1.56, 1.49, 1.52, 1.96, 1.95, 1.95, 1.94, 1.92, 1.9, 1.86, 1.79, 1.68, 1.59, 1.73, 2.05, 2.22, 1.59, 1.62, 1.62, 1.37, 0.99, 1.36, 1.47, 1.96, 1.96, 1.95, 1.94, 1.92, 1.9, 1.87, 1.81, 1.7, 1.62, 1.89, 2.07, 2.21, 1.56, 1.56, 1.66, 1.49, 1.38, 1.38, 1.45, 1.96, 1.96, 1.95, 1.95, 1.94, 1.92, 1.9, 1.87, 1.84, 1.85, 2.04, 2.14, 2.23, 1.88, 1.79, 1.69, 1.6, 1.54, 1.56, 1.6, 1.97, 1.97, 1.96, 1.96, 1.95, 1.95, 1.95, 1.95, 1.98, 2.14, 2.2, 1.78, 1.62, 1.45, 1.83, 1.75, 1.68, 1.64, 1.63, 1.65, 1.97, 1.97, 1.97, 1.97, 1.97, 1.97, 1.99, 2.01, 2.07, 2.27, 2.23, 1.93, 1.71, 1.53, 1.87, 1.79, 1.74, 1.7, 1.69, 1.69, 1.98, 1.98, 1.98, 1.98, 1.99, 1.99, 2.01, 2.05, 1.87, 2.04, 2.13, 1.94, 1.74, 1.57, 1.9, 1.83, 1.78, 1.75, 1.73, 1.72, 1.98, 1.98, 1.99, 1.99, 2.0, 2.01, 2.03, 2.06, 1.83, 1.91, 1.93, 1.84, 1.71, 1.58, 1.92, 1.86, 1.82, 1.79, 1.77, 1.75, 1.99, 1.99, 1.99, 2.0, 2.01, 2.02, 2.04, 1.72, 1.77, 1.81, 1.81, 1.75, 1.67, 1.57, 1.93, 1.88, 1.84, 1.81, 1.79, 1.78]}, {"header": {"refTime": "2023-09-04T09:00:00.000Z", "nx": 21, "ny": 33, "lo1": 113.509, "la1": 22.2235, "lo2": 113.5947, "la2": 22.1034, "dx": 0.0042850000000001385, "dy": 0.003753125000000024, "parameterCategory": 2, "parameterCategoryName": "Temperature", "parameterNumber": 3}, "data": [-1.73, -1.69, -1.64, -1.02, -0.98, -0.69, -0.64, -0.59, -0.55, -0.29, -0.27, -0.26, -0.65, -0.68, -0.98, -1.09, -1.81, -1.89, -1.94, -1.98, -1.76, -1.72, -1.67, -1.6, -0.99, -0.93, -0.63, -0.55, -0.49, -0.29, -0.27, -0.25, -0.62, -0.65, -0.97, -1.71, -1.83, -1.93, -2.0, -2.04, -1.8, -1.76, -1.71, -1.65, -1.02, -0.96, -0.85, -0.52, -0.34, -0.29, -0.26, -0.22, -0.57, -0.61, -1.52, -1.72, -1.89, -2.0, -2.07, -2.1, -1.85, -1.82, -1.78, -1.72, -1.63, -1.02, -0.93, -0.79, -0.65, -0.3, -0.26, -0.18, -0.46, -0.66, -1.48, -1.77, -1.98, -2.12, -2.18, -2.19, -1.9, -1.88, -1.85, -1.81, -1.75, -1.12, -1.08, -1.03, -0.98, -0.33, -0.27, -0.56, -0.17, -0.59, -1.51, -1.88, -2.15, -2.3, -2.32, -2.29, -1.96, -1.95, -1.94, -1.92, -1.88, -1.83, -1.25, -1.28, -1.25, -1.17, -0.97, -0.79, -0.53, -1.34, -1.66, -2.07, -2.43, -2.57, -2.51, -2.4, -2.55, -2.03, -2.04, -2.04, -2.02, -2.0, -2.1, -1.55, -1.56, -1.67, -1.56, -1.27, -1.92, -1.9, -1.89, -2.27, -2.78, -2.97, -2.86, -2.73, -2.55, -2.56, -2.57, -2.91, -2.89, -2.25, -2.17, -2.11, -2.1, -1.59, -1.18, -2.35, -2.58, -2.37, -3.22, -3.26, -3.29, -3.31, -3.29, -3.27, -2.56, -2.58, -2.6, -2.62, -2.94, -2.91, -2.83, -2.14, -2.09, -1.72, -2.09, -2.61, -3.09, -2.86, -3.26, -3.26, -3.28, -3.29, -3.28, -3.27, -2.91, -2.91, -2.92, -2.65, -2.72, -3.0, -2.96, -2.91, -2.27, -2.12, -2.41, -2.8, -3.22, -2.93, -3.29, -3.27, -3.27, -3.27, -3.27, -3.27, -2.9, -2.9, -2.91, -2.93, -2.97, -3.07, -3.0, -3.05, -3.09, -2.42, -2.82, -2.71, -2.85, -2.82, -3.3, -3.28, -3.27, -3.27, -3.27, -3.26, -2.89, -2.89, -2.89, -2.89, -2.91, -2.92, -2.93, -3.13, -3.25, -3.25, -2.92, -3.35, -3.35, -2.72, -3.29, -3.28, -3.27, -3.21, -3.19, -3.19, -2.87, -2.87, -2.86, -2.85, -2.81, -2.73, -2.65, -2.97, -3.15, -3.06, -3.22, -3.35, -3.34, -2.99, -2.96, -3.16, -3.15, -3.14, -3.14, -3.14, -2.86, -2.85, -2.84, -2.81, -2.75, -2.62, -2.32, -2.73, -2.93, -2.97, -3.16, -3.25, -3.2, -3.15, -2.87, -3.06, -3.06, -3.07, -3.08, -3.1, -2.86, -2.84, -2.83, -2.8, -2.75, -2.67, -2.63, -2.58, -2.67, -2.71, -2.71, -2.72, -3.08, -3.02, -2.97, -2.93, -2.96, -2.99, -3.02, -3.05, -2.85, -2.84, -2.48, -2.46, -2.44, -2.53, -2.53, -2.56, -2.6, -2.62, -2.69, -2.64, -2.59, -2.61, -2.59, -2.68, -2.72, -2.76, -2.69, -2.71, -2.49, -2.48, -2.47, -2.45, -2.54, -2.53, -2.52, -2.51, -2.52, -2.55, -2.6, -2.58, -2.53, -2.47, -2.36, -2.47, -2.53, -2.57, -2.6, -2.62, -2.48, -2.47, -2.46, -2.44, -2.53, -2.51, -2.48, -2.45, -2.43, -2.25, -2.26, -2.54, -2.5, -2.35, -2.33, -2.46, -2.53, -2.58, -2.62, -2.64, -2.47, -2.46, -2.45, -2.54, -2.52, -2.49, -2.45, -2.38, -2.26, -2.26, -1.99, -1.98, -2.37, -2.37, -2.45, -2.5, -2.56, -2.61, -2.64, -2.66, -2.46, -2.45, -1.79, -1.81, -1.83, -1.87, -1.93, -2.02, -2.1, -2.0, -1.93, -1.92, -2.39, -2.39, -2.54, -2.57, -2.62, -2.65, -2.67, -2.68, -1.75, -1.75, -1.76, -1.76, -1.77, -1.79, -1.83, -1.87, -1.9, -1.86, -1.83, -1.83, -2.41, -2.61, -2.62, -2.64, -2.67, -2.69, -2.7, -2.7, -1.72, -1.72, -1.71, -1.71, -1.71, -1.7, -1.7, -1.57, -1.71, -1.68, -1.68, -1.71, -1.9, -2.65, -2.67, -2.7, -2.72, -2.73, -2.73, -2.73, -1.69, -1.68, -1.67, -1.48, -1.47, -1.46, -1.44, -1.4, -1.35, -1.32, -1.32, -1.67, -2.04, -2.69, -2.71, -2.74, -2.75, -2.77, -2.77, -2.76, -1.46, -1.46, -1.45, -1.44, -1.42, -1.39, -1.34, -1.26, -1.16, -1.11, -1.17, -1.36, -1.99, -2.22, -2.43, -2.76, -2.74, -2.82, -2.8, -2.78, -1.44, -1.43, -1.42, -1.4, -1.38, -1.33, -1.27, -1.17, -1.0, -0.86, -1.05, -1.31, -1.5, -2.2, -2.41, -2.59, -2.84, -2.88, -2.82, -2.79, -1.43, -1.42, -1.4, -1.38, -1.35, -1.31, -1.24, -1.15, -1.0, -0.88, -1.11, -1.31, -1.48, -2.16, -2.37, -2.64, -2.72, -2.74, -2.81, -2.78, -1.41, -1.4, -1.39, -1.36, -1.34, -1.3, -1.25, -1.19, -1.13, -1.11, -1.24, -1.35, -1.47, -2.34, -2.46, -2.56, -2.63, -2.66, -2.65, -2.63, -1.41, -1.39, -1.38, -1.36, -1.33, -1.3, -1.27, -1.24, -1.23, -1.3, -1.35, -1.44, -1.54, -1.67, -2.39, -2.48, -2.55, -2.58, -2.6, -2.59, -1.4, -1.39, -1.37, -1.35, -1.33, -1.31, -1.3, -1.29, -1.3, -1.39, -1.44, -1.47, -1.54, -1.65, -2.32, -2.42, -2.48, -2.52, -2.54, -2.55, -1.39, -1.38, -1.37, -1.36, -1.34, -1.33, -1.32, -1.32, -1.42, -1.44, -1.45, -1.48, -1.55, -1.63, -2.27, -2.36, -2.43, -2.47, -2.5, -2.51, -1.39, -1.38, -1.37, -1.36, -1.35, -1.34, -1.33, -1.33, -1.45, -1.46, -1.48, -1.51, -1.56, -1.63, -2.24, -2.32, -2.38, -2.43, -2.46, -2.48, -1.39, -1.38, -1.37, -1.36, -1.35, -1.35, -1.34, -1.47, -1.47, -1.48, -1.5, -1.53, -1.58, -1.63, -2.23, -2.3, -2.35, -2.4, -2.43, -2.45]}, {"header": {"refTime": "2023-09-04T09:00:00.000Z", "nx": 21, "ny": 33, "lo1": 113.509, "la1": 22.2235, "lo2": 113.5947, "la2": 22.1034, "dx": 0.0042850000000001385, "dy": 0.003753125000000024, "parameterCategory": 0, "parameterCategoryName": "Temperature", "parameterNumber": 0}, "data": [[29.94, 29.94, 29.94, 29.84, 29.86, 30.18, 30.18, 30.19, 30.21, 30.29, 30.34, 30.39, 30.79, 30.82, 30.83, 30.85, 31.19, 31.19, 31.19, 31.19], [29.94, 29.94, 29.94, 29.94, 29.85, 29.88, 30.16, 30.17, 30.17, 30.27, 30.34, 30.42, 30.82, 30.85, 30.86, 31.19, 31.19, 31.19, 31.19, 31.19], [29.94, 29.94, 29.94, 29.94, 29.85, 29.87, 29.9, 30.14, 30.12, 30.24, 30.36, 30.47, 30.87, 30.9, 31.18, 31.19, 31.19, 31.19, 31.19, 31.2], [29.94, 29.94, 29.94, 29.93, 29.93, 29.85, 29.88, 29.93, 29.97, 30.27, 30.4, 30.56, 30.95, 30.89, 31.18, 31.19, 31.19, 31.19, 31.2, 31.2], [29.94, 29.94, 29.93, 29.93, 29.92, 29.81, 29.83, 29.84, 29.86, 30.3, 30.42, 30.88, 31.02, 30.92, 31.18, 31.19, 31.19, 31.2, 31.2, 31.2], [29.94, 29.94, 29.94, 29.93, 29.91, 29.89, 29.77, 29.76, 29.77, 29.78, 30.66, 30.83, 30.95, 31.17, 31.19, 31.19, 31.2, 31.2, 31.2, 31.2], [29.89, 29.95, 29.94, 29.93, 29.91, 29.88, 29.75, 29.68, 29.68, 29.99, 30.12, 30.75, 31.21, 31.2, 31.2, 31.2, 31.2, 31.2, 31.18, 31.18], [29.9, 29.9, 29.91, 29.9, 29.89, 29.83, 29.77, 29.66, 29.64, 29.95, 29.95, 30.84, 30.85, 31.2, 31.24, 31.25, 31.23, 31.22, 31.23, 31.24], [29.8, 29.81, 29.93, 29.94, 29.95, 29.92, 29.84, 29.73, 29.6, 30.01, 30.38, 30.6, 30.7, 30.56, 31.24, 31.25, 31.24, 31.23, 31.24, 31.24], [30.2, 30.2, 30.2, 29.87, 29.92, 30.04, 29.96, 29.84, 29.67, 29.65, 30.71, 30.46, 30.54, 30.5, 31.24, 31.26, 31.25, 31.24, 31.24, 31.25], [30.2, 30.2, 30.2, 30.2, 30.2, 30.2, 30.2, 30.2, 29.95, 29.6, 29.8, 30.37, 30.44, 30.44, 31.24, 31.26, 31.25, 31.25, 31.25, 31.25], [30.2, 30.2, 30.2, 30.2, 30.2, 30.2, 30.2, 30.2, 30.2, -999.0, 29.8, 31.3, 31.3, 30.4, 31.24, 31.26, 31.26, 30.86, 30.87, 30.87], [30.2, 30.2, 30.2, 30.2, 30.2, 30.2, 30.2, 30.2, 30.2, 30.2, -999.0, 31.3, 31.3, 30.84, 31.04, 30.98, 30.99, 30.91, 30.92, 30.93], [30.2, 30.2, 30.2, 30.2, 30.2, 30.2, 30.2, 30.2, 30.2, 30.2, -999.0, 30.6, 30.6, 30.6, 30.98, 30.93, 30.94, 30.87, 30.88, 30.89], [30.2, 30.2, 30.2, 30.2, 30.2, 30.2, 30.2, 30.6, 30.6, 30.6, 30.6, 30.6, 30.6, 30.6, 30.6, 30.87, 30.89, 30.82, 30.84, 30.86], [30.2, 30.2, 30.45, 30.46, 30.46, 30.6, 30.6, 30.6, 30.6, 30.6, 30.6, 30.6, 30.6, 30.6, 30.6, 30.38, 30.35, 30.41, 30.59, 30.59], [30.46, 30.46, 30.34, 30.35, 30.6, 30.6, 30.6, 30.6, 30.6, 30.6, 30.6, 30.6, 30.6, 30.6, 30.53, 30.58, 30.57, 30.56, 30.56, 30.56], [30.34, 30.35, 30.35, 30.37, 30.6, 30.6, 30.6, 30.6, 30.6, 30.6, 30.6, 30.6, 30.6, 30.54, 30.59, 30.58, 30.57, 30.56, 30.56, 30.56], [30.35, 30.36, 30.37, 30.6, 30.6, 30.6, 30.6, 30.6, 30.6, 30.6, 30.62, 30.62, 30.49, 30.51, 30.58, 30.57, 30.56, 30.55, 30.55, 30.56], [30.36, 30.36, 30.66, 30.65, 30.65, 30.65, 30.64, 30.62, 30.61, 30.62, 30.62, 30.62, 30.47, 30.46, 30.56, 30.55, 30.55, 30.54, 30.55, 30.55], [30.66, 30.66, 30.66, 30.64, 30.64, 30.64, 30.63, 30.63, 30.62, 30.63, 30.63, 30.63, 30.44, 30.55, 30.54, 30.53, 30.53, 30.53, 30.54, 30.55], [30.65, 30.65, 30.65, 30.64, 30.64, 30.64, 30.64, 30.51, 30.64, 30.64, 30.64, 30.64, 30.44, 30.54, 30.52, 30.5, 30.49, 30.51, 30.54, 30.55], [30.65, 30.65, 30.65, 30.46, 30.47, 30.48, 30.49, 30.5, 30.51, 30.51, 30.5, 30.49, 30.59, 30.53, 30.51, 30.47, 30.42, 30.48, 30.55, 30.56], [30.43, 30.44, 30.44, 30.45, 30.46, 30.47, 30.48, 30.51, 30.53, 30.54, 30.51, 30.33, 30.59, 30.57, 30.54, 30.47, 30.25, 30.57, 30.59, 30.59], [30.43, 30.43, 30.43, 30.44, 30.44, 30.45, 30.47, 30.5, 30.56, 30.62, 30.53, 30.34, 30.26, 30.58, 30.56, 30.55, 30.64, 30.78, 30.64, 30.6], [30.42, 30.42, 30.42, 30.42, 30.43, 30.43, 30.45, 30.48, 30.54, 30.59, 30.42, 30.31, 30.24, 30.59, 30.58, 30.47, 30.55, 30.6, 30.63, 30.61], [30.41, 30.41, 30.41, 30.41, 30.41, 30.41, 30.41, 30.42, 30.43, 30.42, 30.29, 30.24, 30.21, 30.32, 30.38, 30.44, 30.49, 30.52, 30.51, 30.49], [30.4, 30.4, 30.39, 30.39, 30.39, 30.38, 30.37, 30.35, 30.31, 30.19, 30.14, 30.31, 30.4, 30.49, 30.35, 30.4, 30.44, 30.47, 30.47, 30.47], [30.39, 30.39, 30.38, 30.38, 30.37, 30.35, 30.33, 30.3, 30.23, 30.06, 30.02, 30.21, 30.34, 30.44, 30.32, 30.37, 30.41, 30.43, 30.44, 30.44], [30.38, 30.38, 30.37, 30.36, 30.35, 30.33, 30.31, 30.27, 30.26, 30.15, 30.08, 30.2, 30.32, 30.41, 30.29, 30.34, 30.37, 30.4, 30.41, 30.42], [30.38, 30.37, 30.36, 30.35, 30.34, 30.32, 30.29, 30.26, 30.28, 30.22, 30.21, 30.26, 30.33, 30.41, 30.28, 30.32, 30.35, 30.37, 30.39, 30.4], [30.37, 30.36, 30.36, 30.35, 30.33, 30.31, 30.29, 30.35, 30.31, 30.29, 30.28, 30.31, 30.36, 30.41, 30.27, 30.31, 30.34, 30.36, 30.37, 30.38]]}]