gis_exercise/awsData/contour/wdir_2023091218.json
[{"header": {"refTime": "2023-09-12T18:00:00.000Z", "nx": 21, "ny": 33, "lo1": 113.509, "la1": 22.2235, "lo2": 113.5947, "la2": 22.1034, "dx": 0.0042850000000001385, "dy": 0.003753125000000024, "parameterCategory": 2, "parameterCategoryName": "Temperature", "parameterNumber": 2}, "data": [-2.24, -2.23, -2.21, -1.93, -1.91, -2.29, -2.24, -2.19, -2.18, -1.97, -2.06, -2.14, -2.62, -2.67, -3.22, -3.32, -3.82, -3.86, -3.89, -3.91, -2.25, -2.24, -2.22, -2.19, -1.92, -1.89, -2.19, -2.08, -2.01, -1.91, -2.06, -2.18, -2.67, -2.73, -3.27, -3.78, -3.84, -3.89, -3.93, -3.95, -2.27, -2.26, -2.24, -2.21, -1.93, -1.9, -1.85, -2.0, -1.68, -1.86, -2.09, -2.27, -2.76, -2.8, -3.7, -3.79, -3.88, -3.94, -3.98, -3.99, -2.28, -2.28, -2.26, -2.25, -2.22, -1.94, -1.9, -1.82, -1.74, -1.93, -2.16, -2.42, -2.9, -2.87, -3.69, -3.83, -3.95, -4.02, -4.05, -4.05, -2.3, -2.3, -2.29, -2.28, -2.27, -2.0, -1.98, -1.95, -1.91, -2.01, -2.22, -2.87, -3.09, -2.92, -3.69, -3.89, -4.05, -4.15, -4.16, -4.12, -2.32, -2.32, -2.32, -2.32, -2.32, -2.33, -2.09, -2.1, -2.06, -1.97, -2.53, -2.77, -2.96, -3.56, -3.73, -3.99, -4.24, -4.34, -4.28, -4.2, -3.42, -2.34, -2.35, -2.36, -2.37, -2.4, -2.41, -2.29, -2.28, -2.28, -2.17, -2.62, -3.6, -3.68, -3.78, -4.09, -4.49, -4.64, -4.68, -4.61, -3.43, -3.4, -3.36, -3.44, -3.41, -2.39, -2.43, -2.55, -2.73, -2.2, -1.77, -3.07, -3.34, -3.83, -4.35, -4.51, -4.71, -4.78, -4.67, -4.6, -3.45, -3.41, -3.36, -3.29, -3.35, -3.34, -3.4, -2.46, -3.02, -2.33, -2.84, -3.44, -4.06, -3.76, -4.39, -4.48, -4.59, -4.64, -4.62, -4.58, -4.3, -4.23, -4.14, -3.29, -3.14, -3.16, -3.41, -3.69, -3.48, -3.26, -3.22, -3.7, -4.24, -3.86, -4.42, -4.46, -4.52, -4.56, -4.56, -4.54, -4.32, -4.26, -4.16, -3.99, -3.62, -2.56, -3.93, -4.67, -4.35, -3.84, -4.23, -3.59, -3.77, -3.73, -4.43, -4.45, -4.48, -4.51, -4.52, -4.51, -4.35, -4.31, -4.24, -4.13, -3.95, -3.87, -4.42, -5.13, -5.42, -5.6, -4.47, -4.76, -4.68, -3.6, -4.42, -4.44, -4.46, -4.29, -4.28, -4.27, -4.4, -4.38, -4.35, -4.33, -4.37, -4.58, -4.94, -5.19, -5.35, -5.13, -5.51, -4.84, -4.74, -3.72, -3.66, -4.13, -4.13, -4.14, -4.16, -4.16, -4.45, -4.45, -4.46, -4.5, -4.61, -4.86, -5.25, -5.1, -5.11, -5.05, -5.51, -4.61, -4.43, -4.28, -3.5, -3.93, -3.95, -3.99, -4.03, -4.06, -4.49, -4.5, -4.53, -4.59, -4.7, -4.86, -4.99, -4.79, -4.66, -4.53, -4.42, -3.37, -4.2, -4.02, -3.91, -3.69, -3.75, -3.83, -3.89, -3.95, -4.53, -4.55, -3.33, -3.4, -3.5, -4.45, -4.42, -4.31, -4.18, -4.11, -3.2, -3.13, -3.03, -2.76, -2.76, -3.26, -3.36, -3.45, -3.53, -3.61, -3.2, -3.22, -3.24, -3.27, -4.17, -4.08, -3.91, -3.7, -3.57, -3.6, -2.9, -2.91, -2.86, -2.77, -2.52, -2.7, -2.77, -2.83, -2.87, -2.9, -3.15, -3.15, -3.15, -3.13, -3.92, -3.72, -3.41, -2.99, -2.77, -2.4, -2.56, -2.76, -2.75, -2.5, -2.5, -2.68, -2.78, -2.85, -2.89, -2.92, -3.1, -3.09, -3.06, -3.88, -3.72, -3.46, -3.04, -2.36, -1.62, -2.13, -1.89, -2.04, -2.45, -2.53, -2.67, -2.74, -2.83, -2.89, -2.93, -2.94, -3.06, -3.03, -2.98, -2.91, -2.79, -2.63, -2.38, -2.05, -1.59, -1.75, -1.91, -2.04, -2.49, -2.59, -2.81, -2.86, -2.92, -2.95, -2.97, -2.97, -3.01, -2.97, -2.91, -2.84, -2.73, -2.6, -2.43, -2.27, -1.79, -1.87, -1.97, -2.05, -2.55, -2.9, -2.93, -2.97, -3.01, -3.03, -3.02, -3.0, -2.96, -2.92, -2.86, -2.79, -2.71, -2.61, -2.5, -1.73, -1.95, -1.99, -2.04, -2.09, -2.95, -2.97, -3.02, -3.08, -3.13, -3.11, -3.06, -3.03, -2.92, -2.88, -2.83, -1.74, -1.75, -1.77, -1.79, -1.83, -1.87, -1.89, -1.88, -2.53, -2.93, -3.02, -3.08, -3.18, -3.29, -3.19, -3.08, -3.04, -1.73, -1.74, -1.75, -1.76, -1.78, -1.81, -1.85, -1.92, -2.0, -2.04, -1.98, -2.54, -2.91, -3.0, -3.09, -3.21, -3.59, -3.11, -3.03, -3.02, -1.74, -1.74, -1.76, -1.77, -1.79, -1.83, -1.88, -1.98, -2.13, -2.27, -2.07, -2.47, -2.59, -2.97, -3.05, -3.1, -3.0, -2.8, -2.97, -3.0, -1.74, -1.75, -1.76, -1.77, -1.8, -1.83, -1.88, -1.97, -2.11, -2.23, -2.35, -2.38, -2.49, -2.95, -3.0, -2.85, -2.85, -2.83, -2.97, -2.99, -1.74, -1.75, -1.76, -1.77, -1.79, -1.81, -1.85, -1.89, -1.94, -1.94, -2.19, -2.23, -2.36, -2.49, -2.64, -2.74, -2.78, -2.8, -2.8, -2.8, -1.74, -1.75, -1.75, -1.76, -1.77, -1.79, -1.8, -1.8, -1.77, -1.97, -1.91, -1.79, -1.87, -1.94, -2.53, -2.64, -2.7, -2.74, -2.75, -2.75, -1.74, -1.74, -1.75, -1.75, -1.76, -1.76, -1.75, -1.73, -1.66, -1.72, -1.44, -1.66, -1.8, -1.89, -2.44, -2.55, -2.63, -2.67, -2.7, -2.71, -1.73, -1.74, -1.74, -1.74, -1.74, -1.73, -1.72, -1.68, -1.73, -1.59, -1.51, -1.64, -1.77, -1.86, -2.38, -2.49, -2.57, -2.62, -2.65, -2.67, -1.73, -1.73, -1.73, -1.73, -1.73, -1.72, -1.7, -1.67, -1.75, -1.68, -1.66, -1.71, -1.79, -1.86, -2.34, -2.44, -2.52, -2.57, -2.61, -2.63, -1.72, -1.72, -1.72, -1.72, -1.72, -1.7, -1.69, -1.83, -1.79, -1.75, -1.74, -1.77, -1.81, -1.86, -2.33, -2.41, -2.48, -2.53, -2.57, -2.6]}, {"header": {"refTime": "2023-09-12T18:00:00.000Z", "nx": 21, "ny": 33, "lo1": 113.509, "la1": 22.2235, "lo2": 113.5947, "la2": 22.1034, "dx": 0.0042850000000001385, "dy": 0.003753125000000024, "parameterCategory": 2, "parameterCategoryName": "Temperature", "parameterNumber": 3}, "data": [0.41, 0.39, 0.37, 0.35, 0.32, 0.32, 0.27, 0.22, 0.21, 0.27, 0.36, 0.45, 0.97, 1.04, 1.8, 1.98, 2.95, 3.04, 3.11, 3.16, 0.42, 0.41, 0.38, 0.35, 0.32, 0.27, 0.23, 0.13, 0.07, 0.18, 0.35, 0.48, 1.0, 1.08, 1.85, 2.84, 2.99, 3.11, 3.19, 3.23, 0.44, 0.42, 0.4, 0.37, 0.34, 0.29, 0.2, 0.06, -0.21, 0.11, 0.37, 0.54, 1.06, 1.13, 2.63, 2.87, 3.06, 3.21, 3.29, 3.32, 0.46, 0.45, 0.43, 0.41, 0.37, 0.33, 0.26, 0.14, 0.03, 0.23, 0.47, 0.66, 1.13, 1.41, 2.6, 2.93, 3.2, 3.36, 3.44, 3.44, 0.48, 0.47, 0.47, 0.45, 0.43, 0.4, 0.37, 0.34, 0.32, 0.43, 0.59, 1.35, 1.19, 1.38, 2.62, 3.07, 3.42, 3.61, 3.64, 3.59, 0.5, 0.5, 0.5, 0.5, 0.49, 0.48, 0.49, 0.51, 0.53, 0.56, 1.45, 1.45, 1.36, 1.99, 2.76, 3.3, 3.79, 3.99, 3.89, 3.73, 1.3, 0.53, 0.54, 0.55, 0.55, 0.56, 0.87, 0.66, 0.69, 1.24, 1.36, 1.68, 2.35, 2.34, 2.96, 3.53, 4.28, 4.56, 4.23, 3.98, 1.31, 1.29, 1.26, 1.42, 1.4, 0.87, 0.87, 0.87, 0.99, 1.18, 1.1, 2.42, 2.65, 2.63, 3.75, 4.12, 4.57, 4.73, 4.49, 4.33, 1.32, 1.3, 1.27, 1.24, 1.37, 1.36, 1.37, 0.87, 1.27, 1.28, 2.08, 2.59, 2.98, 2.79, 3.71, 4.0, 4.27, 4.4, 4.35, 4.26, 1.95, 1.91, 1.85, 1.24, 1.17, 1.27, 1.42, 1.58, 1.62, 1.55, 2.37, 2.71, 3.05, 2.83, 3.69, 3.89, 4.08, 4.18, 4.2, 4.17, 1.96, 1.92, 1.86, 1.76, 1.54, 0.91, 1.74, 2.23, 2.05, 1.89, 2.59, 2.63, 2.76, 2.74, 3.69, 3.83, 3.96, 4.05, 4.08, 4.09, 1.98, 1.95, 1.9, 1.84, 1.73, 1.68, 2.03, 2.54, 2.76, 3.05, 2.68, 3.18, 3.19, 2.65, 3.7, 3.8, 3.89, 3.15, 3.17, 3.16, 2.0, 1.98, 1.97, 1.95, 1.96, 2.07, 2.27, 2.52, 2.68, 2.52, 3.05, 3.17, 3.17, 2.19, 2.1, 2.73, 2.79, 2.85, 2.9, 2.93, 2.03, 2.02, 2.03, 2.04, 2.1, 2.21, 2.36, 2.4, 2.46, 2.44, 3.01, 2.27, 2.12, 1.97, 1.78, 2.36, 2.44, 2.54, 2.63, 2.71, 2.05, 2.06, 2.07, 2.1, 2.15, 2.23, 2.3, 2.68, 2.74, 2.76, 2.77, 1.8, 1.82, 1.63, 1.51, 1.93, 2.07, 2.23, 2.37, 2.49, 2.08, 2.08, 1.97, 2.0, 2.05, 2.66, 2.67, 2.69, 2.72, 2.74, 1.93, 1.66, 1.36, 1.14, 1.0, 1.17, 1.36, 1.54, 2.13, 2.3, 1.97, 1.99, 2.02, 2.05, 2.69, 2.68, 2.69, 2.7, 2.71, 2.72, 1.87, 1.56, 1.17, 0.73, 0.52, 0.56, 0.83, 1.04, 1.19, 1.3, 2.0, 2.02, 2.05, 2.09, 2.69, 2.69, 2.69, 2.69, 2.69, 2.03, 1.73, 1.52, 1.07, 0.54, -0.11, 0.47, 0.86, 1.11, 1.27, 1.37, 2.03, 2.05, 2.08, 2.7, 2.7, 2.69, 2.69, 2.69, 2.53, 2.15, 1.73, 1.36, 1.22, 0.8, 0.42, 0.7, 1.03, 1.25, 1.38, 1.46, 2.05, 2.07, 2.42, 2.42, 2.44, 2.46, 2.5, 2.55, 2.33, 2.07, 1.76, 1.45, 1.44, 1.22, 0.93, 1.1, 1.31, 1.46, 1.54, 1.58, 2.4, 2.4, 2.41, 2.41, 2.42, 2.44, 2.46, 2.48, 2.08, 1.95, 1.75, 1.52, 1.66, 1.25, 1.34, 1.48, 1.62, 1.7, 1.71, 1.7, 2.39, 2.39, 2.39, 2.4, 2.4, 2.41, 2.41, 2.01, 1.95, 1.87, 1.74, 1.59, 1.66, 1.51, 1.64, 1.81, 1.95, 1.95, 1.88, 1.82, 2.38, 2.38, 2.38, 1.8, 1.82, 1.85, 1.87, 1.89, 1.89, 1.87, 1.83, 2.58, 2.28, 1.69, 1.86, 2.09, 2.31, 2.19, 2.0, 1.89, 1.71, 1.72, 1.73, 1.74, 1.75, 1.77, 1.79, 1.81, 1.83, 1.83, 1.78, 1.88, 2.26, 2.31, 2.37, 2.21, 2.81, 2.18, 2.01, 1.92, 1.67, 1.68, 1.68, 1.68, 1.69, 1.69, 1.71, 1.74, 1.83, 1.92, 1.75, 1.8, 1.89, 2.29, 2.32, 2.34, 2.05, 1.82, 1.94, 1.91, 1.64, 1.63, 1.63, 1.63, 1.62, 1.62, 1.62, 1.65, 1.75, 1.84, 1.72, 1.67, 1.75, 2.26, 2.28, 1.96, 1.98, 1.94, 1.91, 1.89, 1.6, 1.6, 1.58, 1.57, 1.55, 1.53, 1.51, 1.5, 1.5, 1.45, 1.44, 1.45, 1.58, 1.54, 1.71, 1.83, 1.89, 1.9, 1.91, 1.9, 1.57, 1.56, 1.54, 1.52, 1.49, 1.45, 1.4, 1.33, 1.21, 1.1, 1.0, 0.86, 0.96, 1.04, 1.58, 1.71, 1.79, 1.83, 1.85, 1.85, 1.54, 1.53, 1.5, 1.47, 1.43, 1.38, 1.31, 1.19, 1.0, 0.71, 0.31, 0.64, 0.85, 0.97, 1.47, 1.61, 1.7, 1.76, 1.79, 1.8, 1.52, 1.5, 1.47, 1.43, 1.39, 1.33, 1.24, 1.12, 0.77, 0.55, 0.41, 0.62, 0.8, 0.93, 1.4, 1.53, 1.63, 1.69, 1.73, 1.75, 1.5, 1.47, 1.44, 1.41, 1.36, 1.3, 1.21, 1.1, 0.8, 0.68, 0.64, 0.71, 0.82, 0.92, 1.36, 1.48, 1.57, 1.63, 1.68, 1.7, 1.48, 1.45, 1.42, 1.39, 1.34, 1.28, 1.21, 0.91, 0.84, 0.79, 0.77, 0.8, 0.86, 0.93, 1.34, 1.44, 1.52, 1.59, 1.63, 1.66]}, {"header": {"refTime": "2023-09-12T18:00:00.000Z", "nx": 21, "ny": 33, "lo1": 113.509, "la1": 22.2235, "lo2": 113.5947, "la2": 22.1034, "dx": 0.0042850000000001385, "dy": 0.003753125000000024, "parameterCategory": 0, "parameterCategoryName": "Temperature", "parameterNumber": 0}, "data": [[27.61, 27.61, 27.62, 27.44, 27.46, 27.69, 27.71, 27.72, 27.73, 27.72, 27.71, 27.71, 27.93, 27.93, 27.71, 27.69, 27.72, 27.7, 27.68, 27.67], [27.61, 27.61, 27.61, 27.62, 27.46, 27.49, 27.71, 27.73, 27.75, 27.73, 27.72, 27.72, 27.93, 27.94, 27.72, 27.74, 27.71, 27.68, 27.67, 27.66], [27.61, 27.61, 27.61, 27.61, 27.45, 27.48, 27.53, 27.74, 27.79, 27.74, 27.72, 27.73, 27.94, 27.95, 27.77, 27.73, 27.69, 27.66, 27.64, 27.63], [27.61, 27.61, 27.61, 27.6, 27.61, 27.45, 27.49, 27.56, 27.62, 27.71, 27.71, 27.76, 27.96, 27.82, 27.78, 27.71, 27.66, 27.62, 27.61, 27.61], [27.61, 27.6, 27.6, 27.6, 27.59, 27.41, 27.43, 27.45, 27.46, 27.65, 27.68, 27.82, 27.93, 27.85, 27.78, 27.68, 27.61, 27.56, 27.56, 27.57], [27.61, 27.6, 27.6, 27.59, 27.58, 27.56, 27.37, 27.36, 27.34, 27.32, 27.65, 27.77, 27.87, 28.0, 27.76, 27.64, 27.52, 27.47, 27.5, 27.54], [27.53, 27.61, 27.6, 27.59, 27.58, 27.55, 27.33, 27.29, 27.26, 27.31, 27.35, 27.7, 28.0, 28.0, 27.73, 27.59, 27.4, 27.34, 27.35, 27.4], [27.54, 27.55, 27.55, 27.54, 27.53, 27.4, 27.35, 27.27, 27.24, 27.28, 27.21, 27.72, 27.73, 28.0, 27.5, 27.58, 27.41, 27.35, 27.45, 27.51], [27.46, 27.47, 27.57, 27.58, 27.58, 27.56, 27.49, 27.32, 27.17, 27.33, 27.45, 27.58, 27.64, 27.56, 27.52, 27.62, 27.51, 27.47, 27.5, 27.53], [27.8, 27.8, 27.8, 27.52, 27.56, 27.66, 27.59, 27.49, 27.14, 27.15, 27.65, 27.5, 27.54, 27.52, 27.52, 27.65, 27.59, 27.55, 27.55, 27.57], [27.8, 27.8, 27.8, 27.8, 27.8, 27.8, 27.8, 27.8, 27.59, 27.17, 27.1, 27.44, 27.48, 27.49, 27.51, 27.68, 27.63, 27.6, 27.6, 27.6], [27.8, 27.8, 27.8, 27.8, 27.8, 27.8, 27.8, 27.8, 27.8, -999.0, 27.1, 28.0, 28.0, 27.46, 27.5, 27.7, 27.68, 26.92, 26.92, 26.92], [27.8, 27.8, 27.8, 27.8, 27.8, 27.8, 27.8, 27.8, 27.8, 27.8, -999.0, 28.0, 28.0, 27.15, 27.52, 27.02, 27.02, 26.96, 26.97, 26.97], [27.8, 27.8, 27.8, 27.8, 27.8, 27.8, 27.8, 27.8, 27.8, 27.8, -999.0, 26.7, 26.7, 26.7, 27.41, 26.98, 26.98, 26.92, 26.93, 26.95], [27.8, 27.8, 27.8, 27.8, 27.8, 27.8, 27.8, 28.1, 28.1, 28.1, 28.1, 27.56, 26.7, 26.7, 26.7, 26.93, 26.94, 26.89, 26.9, 26.92], [27.8, 27.8, 27.99, 27.99, 28.0, 28.1, 28.1, 28.1, 28.1, 28.1, 27.22, 27.32, 27.18, 27.07, 27.2, 26.81, 26.83, 26.8, 26.91, 26.93], [27.99, 27.99, 27.91, 27.91, 28.1, 28.1, 28.1, 28.1, 28.1, 28.1, 27.5, 27.32, 27.14, 26.97, 26.9, 26.83, 26.88, 26.91, 26.94, 26.96], [27.91, 27.91, 27.92, 27.92, 28.1, 28.1, 28.1, 28.1, 28.1, 27.74, 27.56, 27.35, 27.13, 26.92, 26.73, 26.82, 26.88, 26.92, 26.95, 26.97], [27.91, 27.92, 27.92, 28.1, 28.1, 28.1, 28.1, 28.1, 27.97, 27.83, 27.66, 27.48, 27.14, 26.98, 26.81, 26.85, 26.91, 26.95, 26.97, 26.99], [27.92, 27.92, 27.99, 27.99, 28.0, 28.01, 28.03, 28.07, 27.95, 27.82, 27.68, 27.53, 27.18, 27.07, 26.89, 26.92, 26.95, 26.98, 27.0, 27.01], [27.98, 27.98, 27.98, 28.02, 28.02, 28.03, 28.03, 28.04, 27.84, 27.77, 27.68, 27.57, 27.22, 26.94, 26.95, 26.98, 27.0, 27.02, 27.03, 27.03], [28.01, 28.01, 28.01, 28.01, 28.01, 28.01, 28.02, 28.12, 27.78, 27.75, 27.69, 27.61, 27.19, 26.99, 27.0, 27.02, 27.04, 27.05, 27.06, 27.05], [28.0, 28.0, 28.0, 28.15, 28.15, 28.14, 28.12, 28.11, 28.1, 28.1, 28.11, 27.72, 27.42, 27.02, 27.04, 27.05, 27.07, 27.08, 27.08, 27.07], [28.17, 28.17, 28.17, 28.16, 28.15, 28.14, 28.12, 28.1, 28.07, 28.06, 28.09, 27.85, 27.44, 27.36, 27.28, 27.08, 27.05, 27.13, 27.11, 27.09], [28.18, 28.18, 28.17, 28.17, 28.16, 28.15, 28.13, 28.1, 28.03, 27.98, 28.07, 27.9, 27.83, 27.37, 27.29, 27.23, 27.15, 27.19, 27.13, 27.1], [28.18, 28.18, 28.18, 28.18, 28.17, 28.16, 28.15, 28.12, 28.06, 28.0, 27.97, 27.95, 27.89, 27.38, 27.32, 27.38, 27.32, 27.31, 27.12, 27.1], [28.19, 28.19, 28.19, 28.19, 28.19, 28.18, 28.18, 28.17, 28.15, 28.16, 28.06, 28.04, 27.96, 27.67, 27.55, 27.46, 27.4, 27.38, 27.38, 27.39], [28.2, 28.2, 28.2, 28.2, 28.2, 28.2, 28.21, 28.22, 28.25, 28.2, 28.23, 28.2, 28.11, 28.01, 27.63, 27.54, 27.47, 27.44, 27.43, 27.43], [28.2, 28.2, 28.21, 28.21, 28.22, 28.23, 28.24, 28.27, 28.33, 28.35, 28.49, 28.3, 28.17, 28.06, 27.7, 27.6, 27.54, 27.5, 27.48, 27.47], [28.21, 28.21, 28.22, 28.22, 28.23, 28.24, 28.26, 28.3, 28.26, 28.36, 28.43, 28.31, 28.19, 28.09, 27.75, 27.66, 27.59, 27.55, 27.52, 27.51], [28.21, 28.22, 28.22, 28.23, 28.24, 28.25, 28.27, 28.3, 28.23, 28.29, 28.3, 28.25, 28.17, 28.09, 27.78, 27.7, 27.64, 27.59, 27.56, 27.54], [28.22, 28.22, 28.23, 28.24, 28.25, 28.26, 28.28, 28.17, 28.2, 28.22, 28.22, 28.19, 28.14, 28.09, 27.79, 27.72, 27.67, 27.62, 27.59, 27.57]]}]