gis_exercise/awsData/contour/wdir_2023091102.json
[{"header": {"refTime": "2023-09-11T02:00:00.000Z", "nx": 21, "ny": 33, "lo1": 113.509, "la1": 22.2235, "lo2": 113.5947, "la2": 22.1034, "dx": 0.0042850000000001385, "dy": 0.003753125000000024, "parameterCategory": 2, "parameterCategoryName": "Temperature", "parameterNumber": 2}, "data": [-0.26, -0.28, -0.31, -1.0, -0.98, -1.2, -1.15, -1.09, -1.08, -0.93, -1.02, -1.11, -1.61, -1.68, -1.86, -1.94, -2.59, -2.62, -2.64, -2.65, -0.24, -0.27, -0.3, -0.34, -0.98, -0.94, -1.1, -0.98, -0.91, -0.86, -1.02, -1.14, -1.66, -1.73, -1.91, -2.56, -2.6, -2.63, -2.66, -2.67, -0.22, -0.25, -0.28, -0.33, -1.01, -0.96, -0.88, -0.9, -0.57, -0.81, -1.04, -1.22, -1.74, -1.79, -2.5, -2.57, -2.62, -2.66, -2.68, -2.69, -0.19, -0.22, -0.26, -0.31, -0.37, -1.01, -0.94, -0.83, -0.73, -0.89, -1.13, -1.36, -1.85, -1.94, -2.49, -2.58, -2.65, -2.7, -2.72, -2.72, -0.15, -0.18, -0.21, -0.27, -0.34, -1.08, -1.06, -1.01, -0.98, -1.02, -1.21, -1.92, -1.98, -1.96, -2.5, -2.62, -2.71, -2.76, -2.77, -2.76, -0.11, -0.12, -0.15, -0.21, -0.3, -0.43, -1.18, -1.2, -1.18, -1.12, -1.76, -1.9, -1.98, -2.56, -2.54, -2.68, -2.81, -2.86, -2.83, -2.8, -1.04, -0.05, -0.06, -0.11, -0.2, -0.37, -0.73, -1.41, -1.41, -1.59, -1.54, -1.91, -2.73, -2.77, -2.61, -2.75, -2.93, -3.0, -3.07, -3.05, -1.01, -0.95, -0.88, -0.86, -0.87, -0.29, -0.64, -1.2, -1.86, -1.52, -1.16, -2.45, -2.7, -2.96, -3.24, -3.21, -3.18, -3.16, -3.18, -3.2, -0.99, -0.91, -0.8, -0.66, -0.58, -0.66, -1.04, -0.82, -2.03, -1.64, -2.15, -2.71, -3.19, -2.96, -3.29, -3.24, -3.21, -3.2, -3.2, -3.21, -1.58, -1.46, -1.28, -0.51, -0.14, 0.03, -0.64, -1.38, -2.35, -2.19, -2.48, -2.89, -3.3, -3.02, -3.32, -3.27, -3.24, -3.22, -3.22, -3.22, -1.62, -1.5, -1.33, -1.01, -0.35, 1.6, -0.86, -2.15, -2.18, -2.61, -3.04, -2.79, -2.94, -2.91, -3.33, -3.29, -3.26, -3.24, -3.23, -3.23, -1.68, -1.6, -1.48, -1.29, -0.97, -0.81, -1.78, -2.92, -3.36, -4.01, -3.2, -3.61, -3.59, -2.8, -3.32, -3.29, -3.27, -2.98, -2.96, -2.94, -1.77, -1.73, -1.69, -1.67, -1.75, -2.18, -2.85, -3.11, -3.29, -2.95, -3.99, -3.64, -3.6, -2.89, -2.84, -2.92, -2.9, -2.89, -2.88, -2.88, -1.86, -1.86, -1.89, -1.98, -2.21, -2.74, -3.6, -3.1, -2.99, -2.86, -3.99, -3.32, -3.2, -3.1, -2.68, -2.77, -2.77, -2.78, -2.8, -2.82, -1.95, -1.98, -2.04, -2.16, -2.37, -2.7, -2.96, -3.51, -3.42, -3.33, -3.26, -2.46, -3.02, -2.89, -2.8, -2.59, -2.63, -2.67, -2.71, -2.75, -2.01, -2.06, -1.39, -1.51, -1.68, -3.31, -3.29, -3.21, -3.13, -3.08, -2.38, -2.3, -2.21, -2.08, -2.06, -2.34, -2.42, -2.49, -2.38, -2.43, -1.3, -1.35, -1.42, -1.51, -3.13, -3.07, -2.97, -2.84, -2.76, -2.78, -2.2, -2.17, -2.09, -1.98, -1.79, -1.84, -1.9, -1.93, -1.96, -1.98, -1.32, -1.37, -1.43, -1.49, -2.97, -2.86, -2.66, -2.4, -2.27, -1.97, -2.03, -2.07, -2.01, -1.78, -1.71, -1.83, -1.9, -1.95, -1.98, -1.99, -1.34, -1.38, -1.42, -2.95, -2.85, -2.69, -2.44, -2.02, -1.55, -1.82, -1.67, -1.71, -1.82, -1.82, -1.82, -1.87, -1.94, -1.98, -2.0, -2.01, -1.34, -1.38, -2.5, -2.45, -2.38, -2.27, -2.1, -1.88, -1.54, -1.63, -1.7, -1.74, -1.86, -1.89, -1.92, -1.95, -1.99, -2.02, -2.03, -2.03, -2.52, -2.5, -2.46, -2.41, -2.35, -2.26, -2.15, -2.04, -1.68, -1.71, -1.76, -1.78, -1.92, -1.98, -2.0, -2.04, -2.06, -2.07, -2.07, -2.05, -2.5, -2.47, -2.44, -2.4, -2.34, -2.28, -2.22, -1.55, -1.8, -1.82, -1.84, -1.84, -2.28, -2.03, -2.07, -2.12, -2.15, -2.13, -2.1, -2.07, -2.48, -2.46, -2.43, -1.48, -1.51, -1.53, -1.57, -1.62, -1.66, -1.68, -1.65, -2.21, -2.26, -2.07, -2.11, -2.19, -2.27, -2.2, -2.11, -2.07, -1.44, -1.45, -1.46, -1.48, -1.51, -1.55, -1.6, -1.68, -1.78, -1.83, -1.74, -1.97, -2.26, -2.25, -2.25, -2.21, -2.51, -2.12, -2.06, -2.06, -1.43, -1.44, -1.45, -1.47, -1.5, -1.54, -1.61, -1.72, -1.93, -2.11, -1.83, -1.92, -1.93, -2.24, -2.22, -2.2, -2.03, -1.86, -2.01, -2.04, -1.42, -1.43, -1.44, -1.45, -1.48, -1.51, -1.57, -1.67, -1.87, -2.04, -1.91, -1.8, -1.82, -2.23, -2.2, -1.86, -1.88, -1.86, -2.01, -2.03, -1.41, -1.41, -1.42, -1.43, -1.44, -1.46, -1.49, -1.53, -1.58, -1.57, -1.61, -1.59, -1.66, -1.5, -1.65, -1.75, -1.8, -1.82, -1.82, -1.81, -1.39, -1.4, -1.4, -1.4, -1.4, -1.4, -1.39, -1.37, -1.29, -1.29, -1.18, -1.11, -1.2, -1.27, -1.54, -1.65, -1.72, -1.75, -1.77, -1.77, -1.38, -1.38, -1.37, -1.37, -1.36, -1.34, -1.3, -1.23, -1.09, -0.91, -0.55, -0.89, -1.09, -1.2, -1.46, -1.57, -1.65, -1.69, -1.71, -1.73, -1.37, -1.36, -1.35, -1.34, -1.32, -1.29, -1.24, -1.16, -1.02, -0.8, -0.66, -0.86, -1.04, -1.16, -1.4, -1.51, -1.58, -1.63, -1.66, -1.68, -1.35, -1.35, -1.33, -1.32, -1.3, -1.26, -1.21, -1.13, -1.04, -0.93, -0.88, -0.95, -1.06, -1.15, -1.36, -1.46, -1.53, -1.59, -1.62, -1.65, -1.34, -1.33, -1.32, -1.3, -1.28, -1.24, -1.2, -1.15, -1.09, -1.03, -1.01, -1.04, -1.1, -1.16, -1.35, -1.43, -1.5, -1.55, -1.59, -1.61]}, {"header": {"refTime": "2023-09-11T02:00:00.000Z", "nx": 21, "ny": 33, "lo1": 113.509, "la1": 22.2235, "lo2": 113.5947, "la2": 22.1034, "dx": 0.0042850000000001385, "dy": 0.003753125000000024, "parameterCategory": 2, "parameterCategoryName": "Temperature", "parameterNumber": 3}, "data": [0.3, 0.29, 0.29, 0.65, 0.61, 0.79, 0.71, 0.65, 0.64, 0.7, 0.85, 1.0, 1.86, 1.97, 2.05, 2.17, 3.48, 3.52, 3.55, 3.57, 0.3, 0.3, 0.29, 0.28, 0.62, 0.55, 0.65, 0.5, 0.42, 0.57, 0.84, 1.05, 1.92, 2.04, 2.12, 3.42, 3.49, 3.54, 3.57, 3.59, 0.3, 0.3, 0.3, 0.3, 0.64, 0.57, 0.46, 0.39, -0.04, 0.46, 0.88, 1.17, 2.03, 2.14, 3.31, 3.42, 3.51, 3.57, 3.61, 3.62, 0.31, 0.31, 0.31, 0.31, 0.31, 0.63, 0.54, 0.38, 0.24, 0.64, 1.04, 1.38, 2.18, 2.51, 3.28, 3.44, 3.55, 3.62, 3.66, 3.67, 0.31, 0.31, 0.32, 0.33, 0.35, 0.73, 0.69, 0.64, 0.61, 0.92, 1.21, 2.44, 2.34, 2.51, 3.3, 3.5, 3.64, 3.71, 3.72, 3.71, 0.31, 0.31, 0.32, 0.34, 0.38, 0.43, 0.85, 0.87, 0.89, 0.91, 2.42, 2.52, 2.5, 3.2, 3.41, 3.6, 3.76, 3.83, 3.8, 3.76, 1.08, 0.3, 0.32, 0.34, 0.38, 0.46, 0.95, 1.07, 1.11, 1.9, 2.05, 2.74, 3.62, 3.57, 3.56, 3.71, 3.92, 4.0, 3.88, 3.8, 1.07, 1.04, 1.0, 1.28, 1.27, 0.74, 0.9, 1.14, 1.56, 1.79, 1.61, 3.54, 3.87, 3.84, 4.27, 4.24, 4.2, 4.18, 4.2, 4.22, 1.06, 1.02, 0.97, 0.9, 1.13, 1.16, 1.33, 0.98, 1.78, 1.96, 2.89, 3.59, 3.96, 3.79, 4.27, 4.25, 4.22, 4.21, 4.22, 4.22, 1.72, 1.65, 1.55, 0.84, 0.66, 0.79, 1.18, 1.61, 2.15, 2.06, 3.25, 3.64, 3.95, 3.78, 4.27, 4.26, 4.24, 4.23, 4.23, 4.23, 1.74, 1.67, 1.56, 1.38, 0.99, -0.14, 1.35, 2.21, 2.27, 2.44, 3.22, 3.55, 3.68, 3.67, 4.27, 4.26, 4.25, 4.24, 4.24, 4.24, 1.77, 1.72, 1.64, 1.52, 1.33, 1.25, 1.87, 2.76, 3.14, 3.63, 3.32, 4.16, 4.19, 3.58, 4.27, 4.26, 4.26, 3.53, 3.52, 3.51, 1.82, 1.79, 1.75, 1.73, 1.75, 1.95, 2.31, 2.74, 3.01, 2.72, 3.62, 4.13, 4.17, 3.55, 3.48, 3.38, 3.38, 3.39, 3.4, 3.41, 1.86, 1.86, 1.86, 1.89, 1.99, 2.21, 2.49, 2.53, 2.64, 2.59, 3.56, 3.36, 3.26, 3.17, 3.24, 3.17, 3.2, 3.23, 3.27, 3.3, 1.91, 1.92, 1.94, 1.99, 2.08, 2.22, 2.35, 2.82, 2.88, 2.89, 2.87, 2.52, 3.06, 2.93, 2.86, 2.92, 2.99, 3.07, 3.13, 3.19, 1.95, 1.97, 1.48, 1.54, 1.62, 2.72, 2.72, 2.72, 2.73, 2.74, 2.48, 2.39, 2.28, 2.28, 2.24, 2.55, 2.66, 2.76, 2.82, 2.91, 1.45, 1.48, 1.52, 1.57, 2.68, 2.65, 2.61, 2.57, 2.56, 2.58, 2.35, 2.28, 2.17, 2.03, 1.93, 1.93, 2.01, 2.07, 2.11, 2.14, 1.48, 1.51, 1.54, 1.59, 2.62, 2.57, 2.49, 2.39, 2.33, 2.02, 2.0, 2.21, 2.1, 1.92, 1.73, 1.9, 2.02, 2.09, 2.13, 2.16, 1.5, 1.53, 1.56, 2.63, 2.58, 2.51, 2.4, 2.22, 1.96, 1.99, 1.75, 1.72, 2.09, 2.01, 1.89, 1.97, 2.07, 2.14, 2.17, 2.19, 1.51, 1.54, 1.97, 1.97, 1.96, 1.95, 1.94, 1.93, 1.85, 1.79, 1.74, 1.7, 2.17, 2.16, 2.05, 2.1, 2.16, 2.2, 2.22, 2.22, 1.95, 1.95, 1.94, 1.93, 1.92, 1.91, 1.9, 1.89, 1.75, 1.73, 1.7, 1.68, 2.27, 2.14, 2.18, 2.23, 2.27, 2.29, 2.27, 2.25, 1.93, 1.92, 1.91, 1.9, 1.88, 1.86, 1.84, 1.42, 1.67, 1.66, 1.65, 1.64, 2.15, 2.23, 2.28, 2.35, 2.4, 2.38, 2.32, 2.28, 1.91, 1.9, 1.88, 1.28, 1.29, 1.3, 1.32, 1.32, 1.31, 1.3, 1.27, 2.07, 2.05, 2.28, 2.35, 2.47, 2.6, 2.48, 2.34, 2.28, 1.22, 1.22, 1.23, 1.23, 1.24, 1.24, 1.25, 1.25, 1.25, 1.24, 1.21, 1.57, 2.01, 2.15, 2.29, 2.5, 2.99, 2.35, 2.27, 2.26, 1.19, 1.19, 1.19, 1.19, 1.19, 1.19, 1.19, 1.19, 1.22, 1.25, 1.18, 1.48, 1.66, 2.12, 2.24, 2.32, 2.21, 1.95, 2.18, 2.23, 1.17, 1.17, 1.16, 1.15, 1.15, 1.14, 1.13, 1.13, 1.17, 1.21, 1.3, 1.38, 1.54, 2.08, 2.17, 2.04, 2.04, 2.0, 2.18, 2.21, 1.15, 1.14, 1.13, 1.12, 1.1, 1.08, 1.07, 1.05, 1.04, 1.0, 1.15, 1.23, 1.4, 1.63, 1.8, 1.91, 1.96, 1.97, 1.98, 1.98, 1.13, 1.12, 1.1, 1.08, 1.06, 1.04, 1.0, 0.95, 0.88, 0.93, 0.87, 0.71, 0.79, 0.87, 1.67, 1.8, 1.87, 1.91, 1.92, 1.93, 1.11, 1.09, 1.08, 1.06, 1.03, 0.99, 0.94, 0.87, 0.75, 0.67, 0.35, 0.57, 0.72, 0.82, 1.57, 1.7, 1.78, 1.84, 1.86, 1.88, 1.09, 1.08, 1.06, 1.03, 1.0, 0.96, 0.91, 0.83, 0.65, 0.51, 0.42, 0.56, 0.69, 0.79, 1.49, 1.62, 1.71, 1.77, 1.81, 1.83, 1.08, 1.06, 1.04, 1.02, 0.98, 0.94, 0.89, 0.83, 0.67, 0.6, 0.57, 0.63, 0.71, 0.78, 1.45, 1.57, 1.65, 1.72, 1.76, 1.79, 1.07, 1.05, 1.03, 1.0, 0.97, 0.94, 0.89, 0.74, 0.7, 0.67, 0.66, 0.69, 0.74, 0.79, 1.43, 1.53, 1.61, 1.67, 1.72, 1.75]}, {"header": {"refTime": "2023-09-11T02:00:00.000Z", "nx": 21, "ny": 33, "lo1": 113.509, "la1": 22.2235, "lo2": 113.5947, "la2": 22.1034, "dx": 0.0042850000000001385, "dy": 0.003753125000000024, "parameterCategory": 0, "parameterCategoryName": "Temperature", "parameterNumber": 0}, "data": [[26.28, 26.27, 26.27, 26.03, 26.03, 26.26, 26.26, 26.25, 26.25, 26.17, 26.2, 26.22, 26.43, 26.45, 26.49, 26.5, 26.61, 26.61, 26.61, 26.61], [26.29, 26.28, 26.27, 26.26, 26.03, 26.04, 26.24, 26.22, 26.21, 26.16, 26.2, 26.24, 26.45, 26.47, 26.51, 26.61, 26.61, 26.61, 26.61, 26.61], [26.29, 26.28, 26.28, 26.26, 26.03, 26.04, 26.05, 26.2, 26.13, 26.15, 26.21, 26.27, 26.49, 26.5, 26.62, 26.61, 26.61, 26.61, 26.61, 26.6], [26.3, 26.29, 26.29, 26.27, 26.26, 26.04, 26.04, 26.05, 26.06, 26.16, 26.23, 26.33, 26.55, 26.46, 26.62, 26.61, 26.61, 26.61, 26.6, 26.6], [26.31, 26.3, 26.3, 26.29, 26.27, 26.03, 26.04, 26.04, 26.03, 26.15, 26.23, 26.47, 26.6, 26.49, 26.62, 26.61, 26.61, 26.6, 26.6, 26.6], [26.32, 26.32, 26.31, 26.31, 26.29, 26.28, 26.04, 26.04, 26.02, 25.98, 26.26, 26.4, 26.51, 26.63, 26.61, 26.61, 26.6, 26.6, 26.6, 26.6], [26.42, 26.33, 26.33, 26.33, 26.32, 26.3, 26.17, 26.06, 26.05, 26.03, 26.0, 26.29, 26.59, 26.6, 26.6, 26.6, 26.6, 26.6, 26.62, 26.62], [26.43, 26.43, 26.43, 26.43, 26.42, 26.24, 26.2, 26.17, 26.16, 26.0, 25.83, 26.25, 26.26, 26.6, 26.56, 26.55, 26.57, 26.58, 26.57, 26.56], [26.37, 26.38, 26.45, 26.45, 26.46, 26.44, 26.39, 26.19, 26.04, 26.05, 26.01, 26.13, 26.18, 26.11, 26.56, 26.55, 26.56, 26.57, 26.56, 26.56], [26.6, 26.6, 26.6, 26.41, 26.44, 26.51, 26.46, 26.39, 25.92, 25.94, 26.19, 26.05, 26.1, 26.07, 26.56, 26.54, 26.55, 26.56, 26.56, 26.55], [26.6, 26.6, 26.6, 26.6, 26.6, 26.6, 26.6, 26.6, 26.46, 26.03, 25.7, 26.0, 26.04, 26.04, 26.56, 26.54, 26.55, 26.55, 26.55, 26.55], [26.6, 26.6, 26.6, 26.6, 26.6, 26.6, 26.6, 26.6, 26.6, -999.0, 25.7, 26.5, 26.5, 26.02, 26.56, 26.54, 26.54, 25.97, 25.99, 25.99], [26.6, 26.6, 26.6, 26.6, 26.6, 26.6, 26.6, 26.6, 26.6, 26.6, -999.0, 26.5, 26.5, 25.85, 26.13, 26.2, 26.21, 26.07, 26.09, 26.1], [26.6, 26.6, 26.6, 26.6, 26.6, 26.6, 26.6, 26.6, 26.6, 26.6, -999.0, 25.5, 25.5, 25.5, 26.05, 26.11, 26.13, 25.99, 26.02, 26.04], [26.6, 26.6, 26.6, 26.6, 26.6, 26.6, 26.6, 26.5, 26.5, 26.5, 26.5, 26.12, 25.5, 25.5, 25.5, 26.0, 26.04, 25.91, 25.95, 25.98], [26.6, 26.6, 26.54, 26.54, 26.53, 26.5, 26.5, 26.5, 26.5, 26.5, 25.87, 25.94, 25.85, 25.76, 25.86, 25.79, 25.84, 25.76, 26.0, 26.04], [26.54, 26.54, 26.56, 26.56, 26.5, 26.5, 26.5, 26.5, 26.5, 26.5, 26.07, 25.95, 25.82, 25.7, 25.71, 25.69, 25.76, 25.82, 25.86, 25.88], [26.56, 26.56, 26.56, 26.56, 26.5, 26.5, 26.5, 26.5, 26.5, 26.25, 26.11, 25.96, 25.81, 25.72, 25.53, 25.67, 25.77, 25.83, 25.87, 25.9], [26.56, 26.56, 26.56, 26.5, 26.5, 26.5, 26.5, 26.5, 26.41, 26.31, 26.21, 26.09, 25.92, 25.79, 25.66, 25.73, 25.81, 25.87, 25.9, 25.92], [26.56, 26.56, 26.5, 26.5, 26.5, 26.5, 26.5, 26.5, 26.41, 26.33, 26.23, 26.13, 25.98, 25.9, 25.79, 25.83, 25.88, 25.92, 25.94, 25.95], [26.5, 26.5, 26.5, 26.5, 26.5, 26.5, 26.5, 26.5, 26.34, 26.3, 26.24, 26.16, 26.03, 25.87, 25.89, 25.92, 25.96, 25.98, 25.99, 25.98], [26.5, 26.5, 26.5, 26.5, 26.5, 26.5, 26.5, 26.52, 26.33, 26.3, 26.26, 26.2, 26.08, 25.93, 25.96, 26.0, 26.04, 26.04, 26.03, 26.01], [26.5, 26.5, 26.5, 26.53, 26.52, 26.52, 26.52, 26.52, 26.52, 26.52, 26.52, 26.45, 26.29, 25.98, 26.02, 26.07, 26.12, 26.1, 26.06, 26.04], [26.53, 26.53, 26.53, 26.53, 26.53, 26.52, 26.52, 26.52, 26.52, 26.52, 26.52, 26.48, 26.29, 26.26, 26.23, 26.1, 26.21, 26.11, 26.07, 26.05], [26.53, 26.53, 26.53, 26.53, 26.53, 26.53, 26.53, 26.52, 26.52, 26.51, 26.52, 26.48, 26.47, 26.26, 26.22, 26.19, 26.09, 26.06, 26.06, 26.05], [26.53, 26.53, 26.53, 26.53, 26.53, 26.53, 26.53, 26.53, 26.52, 26.51, 26.5, 26.49, 26.48, 26.26, 26.23, 26.21, 26.18, 26.16, 26.06, 26.04], [26.53, 26.53, 26.53, 26.53, 26.53, 26.53, 26.53, 26.53, 26.53, 26.53, 26.51, 26.51, 26.49, 26.31, 26.27, 26.24, 26.21, 26.2, 26.2, 26.21], [26.53, 26.53, 26.53, 26.54, 26.54, 26.54, 26.54, 26.54, 26.55, 26.54, 26.54, 26.48, 26.44, 26.4, 26.29, 26.26, 26.24, 26.23, 26.22, 26.22], [26.54, 26.54, 26.54, 26.54, 26.54, 26.54, 26.54, 26.55, 26.56, 26.56, 26.57, 26.51, 26.46, 26.41, 26.32, 26.28, 26.26, 26.25, 26.24, 26.24], [26.54, 26.54, 26.54, 26.54, 26.54, 26.54, 26.55, 26.55, 26.5, 26.53, 26.55, 26.51, 26.46, 26.42, 26.33, 26.3, 26.28, 26.27, 26.26, 26.25], [26.54, 26.54, 26.54, 26.54, 26.54, 26.54, 26.55, 26.55, 26.49, 26.51, 26.51, 26.49, 26.46, 26.42, 26.34, 26.31, 26.29, 26.28, 26.27, 26.26], [26.54, 26.54, 26.54, 26.54, 26.54, 26.55, 26.55, 26.47, 26.48, 26.48, 26.48, 26.47, 26.45, 26.42, 26.35, 26.32, 26.3, 26.29, 26.28, 26.27]]}]