gis_exercise/awsData/contour/wdir_2023091413.json
[{"header": {"refTime": "2023-09-14T13:00:00.000Z", "nx": 21, "ny": 33, "lo1": 113.509, "la1": 22.2235, "lo2": 113.5947, "la2": 22.1034, "dx": 0.0042850000000001385, "dy": 0.003753125000000024, "parameterCategory": 2, "parameterCategoryName": "Temperature", "parameterNumber": 2}, "data": [-1.33, -1.32, -1.31, -1.15, -1.13, -1.34, -1.3, -1.25, -1.24, -1.05, -1.1, -1.15, -1.37, -1.4, -1.47, -1.49, -1.69, -1.69, -1.69, -1.69, -1.34, -1.33, -1.32, -1.3, -1.14, -1.11, -1.27, -1.18, -1.12, -1.01, -1.1, -1.18, -1.41, -1.44, -1.5, -1.7, -1.7, -1.69, -1.69, -1.69, -1.35, -1.34, -1.33, -1.32, -1.16, -1.13, -1.07, -1.12, -0.88, -0.98, -1.12, -1.23, -1.46, -1.48, -1.7, -1.7, -1.7, -1.69, -1.69, -1.69, -1.36, -1.36, -1.35, -1.34, -1.32, -1.16, -1.12, -1.04, -0.97, -1.03, -1.17, -1.32, -1.56, -1.54, -1.71, -1.7, -1.7, -1.69, -1.69, -1.69, -1.37, -1.37, -1.37, -1.37, -1.36, -1.22, -1.2, -1.17, -1.13, -1.08, -1.2, -1.55, -1.69, -1.57, -1.71, -1.7, -1.69, -1.69, -1.69, -1.69, -1.38, -1.38, -1.39, -1.39, -1.4, -1.42, -1.3, -1.31, -1.28, -1.2, -1.34, -1.48, -1.6, -1.81, -1.7, -1.69, -1.69, -1.7, -1.69, -1.69, -2.18, -1.4, -1.4, -1.42, -1.44, -1.47, -1.52, -1.49, -1.47, -1.35, -1.21, -1.36, -1.78, -1.81, -1.68, -1.69, -1.7, -1.7, -1.8, -1.82, -2.18, -2.16, -2.13, -1.99, -1.98, -1.47, -1.53, -1.68, -1.83, -1.31, -0.97, -1.47, -1.58, -1.83, -1.82, -1.79, -1.75, -1.74, -1.76, -1.77, -2.19, -2.16, -2.12, -2.07, -1.92, -1.94, -2.01, -1.57, -1.88, -1.38, -1.36, -1.61, -1.85, -1.74, -1.85, -1.81, -1.78, -1.77, -1.77, -1.78, -2.52, -2.47, -2.41, -2.05, -1.93, -1.78, -1.95, -2.14, -2.04, -1.9, -1.52, -1.71, -1.92, -1.77, -1.87, -1.83, -1.81, -1.79, -1.79, -1.79, -2.53, -2.49, -2.43, -2.32, -2.08, -1.39, -2.24, -2.66, -2.44, -2.18, -2.09, -1.66, -1.74, -1.72, -1.88, -1.85, -1.82, -1.81, -1.8, -1.8, -2.56, -2.53, -2.49, -2.42, -2.31, -2.25, -2.58, -2.89, -2.99, -3.05, -2.24, -2.31, -2.24, -1.67, -1.87, -1.85, -1.83, -1.7, -1.69, -1.68, -2.59, -2.58, -2.57, -2.57, -2.61, -2.78, -3.03, -3.01, -3.0, -2.92, -3.0, -2.37, -2.3, -1.68, -1.66, -1.68, -1.67, -1.66, -1.65, -1.65, -2.63, -2.63, -2.65, -2.69, -2.78, -3.01, -3.41, -3.09, -2.98, -2.92, -3.04, -2.24, -2.13, -2.04, -1.58, -1.61, -1.61, -1.61, -1.62, -1.62, -2.66, -2.67, -2.7, -2.75, -2.84, -2.98, -3.08, -2.92, -2.78, -2.67, -2.59, -1.72, -2.01, -1.9, -1.84, -1.52, -1.54, -1.56, -1.58, -1.59, -2.68, -2.7, -2.08, -2.13, -2.2, -2.72, -2.7, -2.6, -2.5, -2.44, -1.65, -1.58, -1.51, -1.25, -1.24, -1.3, -1.32, -1.34, -1.23, -1.24, -1.99, -2.0, -2.02, -2.04, -2.52, -2.47, -2.36, -2.22, -2.12, -2.13, -1.49, -1.47, -1.41, -1.32, -1.04, -0.98, -0.94, -0.91, -0.89, -0.87, -1.95, -1.96, -1.96, -1.95, -2.36, -2.24, -2.04, -1.77, -1.63, -1.4, -1.46, -1.38, -1.34, -1.04, -1.08, -0.99, -0.94, -0.9, -0.88, -0.86, -1.92, -1.92, -1.9, -2.33, -2.23, -2.07, -1.81, -1.38, -0.93, -1.23, -0.98, -1.02, -0.99, -1.02, -1.0, -0.96, -0.92, -0.88, -0.86, -0.85, -1.89, -1.88, -1.86, -1.81, -1.73, -1.62, -1.45, -1.23, -0.87, -0.93, -0.99, -1.03, -0.98, -1.0, -0.93, -0.91, -0.88, -0.86, -0.84, -0.83, -1.87, -1.84, -1.81, -1.75, -1.68, -1.59, -1.48, -1.37, -0.96, -0.99, -1.03, -1.05, -0.97, -0.89, -0.88, -0.87, -0.85, -0.83, -0.82, -0.81, -1.84, -1.81, -1.77, -1.72, -1.66, -1.59, -1.52, -0.92, -1.05, -1.06, -1.08, -1.08, -1.16, -0.85, -0.84, -0.83, -0.82, -0.81, -0.79, -0.79, -1.81, -1.78, -1.74, -0.91, -0.92, -0.93, -0.95, -0.97, -1.0, -1.01, -1.0, -1.11, -0.97, -0.83, -0.82, -0.82, -0.82, -0.79, -0.76, -0.77, -0.89, -0.9, -0.9, -0.91, -0.93, -0.95, -0.97, -1.02, -1.07, -1.1, -1.06, -1.05, -0.98, -0.91, -0.85, -0.79, -0.89, -0.72, -0.72, -0.74, -0.89, -0.89, -0.9, -0.91, -0.93, -0.95, -0.99, -1.05, -1.16, -1.25, -1.11, -1.05, -1.0, -0.91, -0.85, -0.79, -0.68, -0.6, -0.69, -0.73, -0.89, -0.89, -0.9, -0.91, -0.92, -0.94, -0.97, -1.03, -1.13, -1.22, -1.1, -1.01, -0.97, -0.92, -0.85, -0.65, -0.63, -0.62, -0.7, -0.73, -0.88, -0.89, -0.89, -0.9, -0.91, -0.92, -0.94, -0.97, -1.0, -0.99, -0.96, -0.92, -0.91, -0.61, -0.62, -0.63, -0.63, -0.63, -0.63, -0.64, -0.88, -0.88, -0.88, -0.89, -0.89, -0.9, -0.9, -0.89, -0.86, -0.82, -0.77, -0.71, -0.71, -0.7, -0.61, -0.62, -0.63, -0.63, -0.63, -0.63, -0.87, -0.88, -0.88, -0.88, -0.87, -0.87, -0.86, -0.83, -0.76, -0.66, -0.51, -0.62, -0.67, -0.68, -0.59, -0.61, -0.62, -0.62, -0.63, -0.63, -0.87, -0.87, -0.87, -0.86, -0.86, -0.85, -0.83, -0.79, -0.68, -0.6, -0.55, -0.61, -0.65, -0.67, -0.59, -0.6, -0.61, -0.62, -0.62, -0.62, -0.86, -0.86, -0.86, -0.85, -0.85, -0.83, -0.81, -0.78, -0.68, -0.64, -0.62, -0.63, -0.66, -0.67, -0.58, -0.59, -0.6, -0.61, -0.62, -0.62, -0.86, -0.86, -0.85, -0.85, -0.84, -0.82, -0.81, -0.72, -0.69, -0.67, -0.66, -0.66, -0.67, -0.67, -0.58, -0.59, -0.6, -0.61, -0.61, -0.62]}, {"header": {"refTime": "2023-09-14T13:00:00.000Z", "nx": 21, "ny": 33, "lo1": 113.509, "la1": 22.2235, "lo2": 113.5947, "la2": 22.1034, "dx": 0.0042850000000001385, "dy": 0.003753125000000024, "parameterCategory": 2, "parameterCategoryName": "Temperature", "parameterNumber": 3}, "data": [0.31, 0.29, 0.28, 0.08, 0.07, 0.24, 0.23, 0.21, 0.22, 0.26, 0.31, 0.35, 0.62, 0.66, 0.89, 0.94, 1.28, 1.3, 1.32, 1.33, 0.31, 0.3, 0.29, 0.27, 0.07, 0.07, 0.21, 0.18, 0.16, 0.22, 0.31, 0.38, 0.65, 0.68, 0.91, 1.25, 1.29, 1.32, 1.34, 1.35, 0.32, 0.31, 0.3, 0.28, 0.08, 0.07, 0.06, 0.15, 0.05, 0.19, 0.32, 0.42, 0.69, 0.72, 1.21, 1.26, 1.31, 1.34, 1.36, 1.37, 0.34, 0.33, 0.31, 0.29, 0.27, 0.07, 0.07, 0.06, 0.05, 0.24, 0.37, 0.5, 0.76, 0.79, 1.2, 1.28, 1.34, 1.38, 1.4, 1.4, 0.35, 0.34, 0.33, 0.32, 0.29, 0.08, 0.08, 0.07, 0.07, 0.3, 0.41, 0.78, 0.84, 0.81, 1.2, 1.31, 1.4, 1.44, 1.45, 1.44, 0.37, 0.37, 0.36, 0.35, 0.32, 0.29, 0.09, 0.09, 0.09, 0.1, 0.66, 0.76, 0.82, 1.07, 1.23, 1.37, 1.49, 1.54, 1.51, 1.47, 0.49, 0.39, 0.39, 0.38, 0.37, 0.33, 0.31, 0.1, 0.1, 0.33, 0.39, 0.73, 1.13, 1.15, 1.27, 1.42, 1.61, 1.69, 1.64, 1.58, 0.5, 0.51, 0.51, 0.56, 0.54, 0.41, 0.34, 0.23, 0.17, 0.29, 0.26, 0.95, 1.07, 1.21, 1.49, 1.58, 1.69, 1.74, 1.67, 1.63, 0.51, 0.52, 0.54, 0.55, 0.6, 0.57, 0.5, 0.3, 0.19, 0.34, 0.78, 1.05, 1.26, 1.16, 1.49, 1.55, 1.62, 1.65, 1.64, 1.62, 0.64, 0.65, 0.67, 0.58, 0.63, 0.69, 0.6, 0.51, 0.27, 0.26, 0.94, 1.12, 1.3, 1.18, 1.49, 1.53, 1.58, 1.6, 1.6, 1.6, 0.64, 0.65, 0.66, 0.68, 0.73, 0.88, 0.7, 0.63, 0.52, 0.32, 0.8, 1.08, 1.14, 1.13, 1.49, 1.52, 1.55, 1.57, 1.58, 1.58, 0.63, 0.64, 0.65, 0.66, 0.68, 0.7, 0.63, 0.58, 0.57, 0.72, 0.78, 1.12, 1.17, 1.08, 1.49, 1.51, 1.53, 1.48, 1.49, 1.48, 0.63, 0.63, 0.63, 0.63, 0.62, 0.58, 0.52, 0.55, 0.56, 0.57, 0.79, 1.07, 1.12, 1.22, 1.21, 1.41, 1.42, 1.43, 1.44, 1.44, 0.62, 0.62, 0.61, 0.6, 0.58, 0.52, 0.42, 0.51, 0.55, 0.57, 0.76, 0.97, 1.01, 1.02, 1.16, 1.34, 1.36, 1.37, 1.39, 1.4, 0.61, 0.61, 0.6, 0.59, 0.57, 0.53, 0.51, 0.65, 0.7, 0.75, 0.78, 0.95, 0.97, 0.98, 0.99, 1.26, 1.29, 1.32, 1.34, 1.36, 0.61, 0.6, 0.86, 0.84, 0.83, 0.73, 0.74, 0.77, 0.82, 0.84, 1.0, 0.99, 0.97, 1.15, 1.12, 1.19, 1.23, 1.28, 1.39, 1.42, 0.89, 0.89, 0.89, 0.89, 0.81, 0.83, 0.87, 0.93, 0.97, 0.96, 1.06, 1.02, 0.98, 0.94, 1.06, 0.99, 1.02, 1.05, 1.07, 1.08, 0.91, 0.91, 0.92, 0.93, 0.87, 0.92, 1.0, 1.11, 1.17, 1.16, 1.08, 1.05, 0.99, 1.07, 0.91, 0.98, 1.03, 1.06, 1.08, 1.09, 0.93, 0.94, 0.95, 0.89, 0.93, 0.99, 1.1, 1.27, 1.43, 1.25, 1.16, 1.07, 1.23, 1.13, 0.97, 1.01, 1.06, 1.08, 1.1, 1.11, 0.94, 0.96, 0.89, 0.91, 0.95, 1.01, 1.1, 1.23, 1.35, 1.24, 1.14, 1.06, 1.28, 1.24, 1.05, 1.07, 1.1, 1.12, 1.12, 1.12, 0.86, 0.87, 0.89, 0.92, 0.95, 0.99, 1.05, 1.11, 1.2, 1.15, 1.09, 1.04, 1.34, 1.09, 1.11, 1.13, 1.15, 1.16, 1.15, 1.14, 0.86, 0.87, 0.89, 0.91, 0.93, 0.95, 0.98, 1.0, 1.07, 1.04, 1.01, 0.99, 1.09, 1.13, 1.16, 1.19, 1.22, 1.2, 1.17, 1.15, 0.86, 0.87, 0.88, 0.9, 0.9, 0.91, 0.9, 0.89, 0.86, 0.84, 0.83, 1.19, 1.0, 1.15, 1.19, 1.25, 1.33, 1.25, 1.17, 1.15, 0.87, 0.87, 0.87, 0.86, 0.86, 0.85, 0.83, 0.8, 0.76, 0.73, 0.75, 0.85, 0.98, 1.06, 1.14, 1.27, 1.54, 1.18, 1.13, 1.13, 0.85, 0.84, 0.84, 0.83, 0.82, 0.8, 0.77, 0.73, 0.68, 0.64, 0.68, 0.81, 0.92, 1.04, 1.11, 1.15, 1.09, 0.94, 1.08, 1.11, 0.83, 0.82, 0.82, 0.8, 0.79, 0.77, 0.74, 0.7, 0.65, 0.62, 0.69, 0.77, 0.87, 1.02, 1.07, 1.06, 1.04, 1.01, 1.08, 1.1, 0.82, 0.81, 0.8, 0.78, 0.76, 0.74, 0.71, 0.68, 0.65, 0.63, 0.68, 0.73, 0.82, 0.92, 0.98, 1.02, 1.02, 1.02, 1.03, 1.03, 0.8, 0.79, 0.78, 0.76, 0.75, 0.72, 0.69, 0.66, 0.62, 0.62, 0.61, 0.49, 0.5, 0.51, 0.93, 0.98, 1.0, 1.01, 1.01, 1.02, 0.79, 0.78, 0.77, 0.75, 0.73, 0.71, 0.68, 0.64, 0.6, 0.56, 0.44, 0.47, 0.49, 0.51, 0.9, 0.94, 0.97, 0.99, 1.0, 1.0, 0.78, 0.77, 0.76, 0.74, 0.72, 0.7, 0.67, 0.64, 0.48, 0.46, 0.45, 0.47, 0.49, 0.5, 0.87, 0.91, 0.95, 0.96, 0.98, 0.99, 0.78, 0.76, 0.75, 0.74, 0.72, 0.7, 0.67, 0.64, 0.48, 0.47, 0.47, 0.48, 0.49, 0.5, 0.86, 0.9, 0.93, 0.95, 0.96, 0.97, 0.77, 0.76, 0.75, 0.73, 0.71, 0.7, 0.67, 0.5, 0.49, 0.49, 0.48, 0.49, 0.49, 0.5, 0.85, 0.89, 0.91, 0.93, 0.95, 0.96]}, {"header": {"refTime": "2023-09-14T13:00:00.000Z", "nx": 21, "ny": 33, "lo1": 113.509, "la1": 22.2235, "lo2": 113.5947, "la2": 22.1034, "dx": 0.0042850000000001385, "dy": 0.003753125000000024, "parameterCategory": 0, "parameterCategoryName": "Temperature", "parameterNumber": 0}, "data": [[26.8, 26.8, 26.8, 26.65, 26.67, 26.8, 26.81, 26.82, 26.83, 26.8, 26.79, 26.79, 26.88, 26.87, 26.9, 26.9, 26.87, 26.87, 26.87, 26.87], [26.8, 26.8, 26.8, 26.8, 26.66, 26.68, 26.81, 26.83, 26.84, 26.82, 26.8, 26.79, 26.88, 26.87, 26.9, 26.87, 26.87, 26.87, 26.87, 26.87], [26.8, 26.8, 26.8, 26.8, 26.66, 26.68, 26.71, 26.84, 26.89, 26.83, 26.8, 26.79, 26.88, 26.88, 26.87, 26.87, 26.87, 26.88, 26.88, 26.88], [26.8, 26.8, 26.8, 26.8, 26.8, 26.66, 26.69, 26.73, 26.77, 26.8, 26.78, 26.79, 26.88, 26.78, 26.88, 26.88, 26.88, 26.88, 26.88, 26.88], [26.81, 26.8, 26.8, 26.8, 26.79, 26.63, 26.65, 26.66, 26.66, 26.75, 26.76, 26.78, 26.85, 26.79, 26.87, 26.88, 26.88, 26.88, 26.88, 26.88], [26.81, 26.81, 26.8, 26.8, 26.79, 26.77, 26.6, 26.6, 26.59, 26.57, 26.68, 26.75, 26.81, 26.87, 26.87, 26.88, 26.88, 26.88, 26.88, 26.88], [26.78, 26.81, 26.81, 26.8, 26.79, 26.76, 26.6, 26.55, 26.53, 26.51, 26.52, 26.69, 26.84, 26.85, 26.87, 26.88, 26.89, 26.89, 26.9, 26.9], [26.79, 26.79, 26.79, 26.79, 26.78, 26.67, 26.62, 26.55, 26.51, 26.5, 26.45, 26.68, 26.68, 26.85, 26.86, 26.85, 26.87, 26.88, 26.87, 26.86], [26.71, 26.72, 26.81, 26.82, 26.82, 26.8, 26.74, 26.6, 26.47, 26.52, 26.55, 26.61, 26.64, 26.6, 26.86, 26.85, 26.86, 26.87, 26.86, 26.86], [27.0, 27.0, 27.0, 26.77, 26.8, 26.89, 26.83, 26.74, 26.44, 26.45, 26.64, 26.58, 26.6, 26.59, 26.86, 26.84, 26.85, 26.86, 26.86, 26.85], [27.0, 27.0, 27.0, 27.0, 27.0, 27.0, 27.0, 27.0, 26.82, 26.47, 26.4, 26.55, 26.57, 26.57, 26.86, 26.84, 26.85, 26.85, 26.85, 26.85], [27.0, 27.0, 27.0, 27.0, 27.0, 27.0, 27.0, 27.0, 27.0, -999.0, 26.4, 26.8, 26.8, 26.56, 26.86, 26.84, 26.84, 26.5, 26.51, 26.51], [27.0, 27.0, 27.0, 27.0, 27.0, 27.0, 27.0, 27.0, 27.0, 27.0, -999.0, 26.8, 26.8, 26.41, 26.58, 26.65, 26.65, 26.56, 26.58, 26.58], [27.0, 27.0, 27.0, 27.0, 27.0, 27.0, 27.0, 27.0, 27.0, 27.0, -999.0, 26.2, 26.2, 26.2, 26.53, 26.59, 26.6, 26.51, 26.53, 26.54], [27.0, 27.0, 27.0, 27.0, 27.0, 27.0, 27.0, 27.2, 27.2, 27.2, 27.2, 26.82, 26.2, 26.2, 26.2, 26.52, 26.54, 26.46, 26.49, 26.51], [27.0, 27.0, 27.13, 27.13, 27.13, 27.2, 27.2, 27.2, 27.2, 27.2, 26.57, 26.64, 26.55, 26.46, 26.56, 26.24, 26.24, 26.23, 26.41, 26.42], [27.13, 27.13, 27.07, 27.07, 27.2, 27.2, 27.2, 27.2, 27.2, 27.2, 26.77, 26.65, 26.52, 26.4, 26.33, 26.27, 26.3, 26.32, 26.33, 26.34], [27.07, 27.07, 27.08, 27.08, 27.2, 27.2, 27.2, 27.2, 27.2, 26.95, 26.81, 26.66, 26.51, 26.34, 26.22, 26.26, 26.3, 26.32, 26.34, 26.35], [27.08, 27.08, 27.08, 27.2, 27.2, 27.2, 27.2, 27.2, 27.11, 27.01, 26.87, 26.75, 26.49, 26.38, 26.26, 26.28, 26.31, 26.34, 26.35, 26.36], [27.08, 27.08, 27.09, 27.09, 27.1, 27.11, 27.13, 27.17, 27.08, 26.99, 26.89, 26.78, 26.52, 26.44, 26.3, 26.32, 26.34, 26.35, 26.36, 26.37], [27.08, 27.08, 27.08, 27.12, 27.12, 27.13, 27.13, 27.14, 27.0, 26.95, 26.88, 26.81, 26.54, 26.33, 26.34, 26.35, 26.36, 26.37, 26.38, 26.38], [27.11, 27.11, 27.11, 27.11, 27.11, 27.11, 27.12, 27.17, 26.95, 26.93, 26.88, 26.83, 26.49, 26.36, 26.36, 26.37, 26.38, 26.39, 26.39, 26.4], [27.1, 27.1, 27.1, 27.18, 27.17, 27.17, 27.16, 27.15, 27.14, 27.14, 27.15, 26.87, 26.65, 26.37, 26.38, 26.39, 26.39, 26.4, 26.41, 26.41], [27.19, 27.18, 27.18, 27.18, 27.17, 27.17, 27.15, 27.14, 27.12, 27.11, 27.13, 26.93, 26.66, 26.6, 26.54, 26.4, 26.36, 26.44, 26.43, 26.42], [27.19, 27.19, 27.18, 27.18, 27.17, 27.17, 27.15, 27.13, 27.09, 27.05, 27.11, 26.96, 26.9, 26.61, 26.55, 26.51, 26.46, 26.5, 26.45, 26.43], [27.19, 27.19, 27.19, 27.18, 27.18, 27.17, 27.16, 27.14, 27.1, 27.06, 27.02, 26.99, 26.94, 26.62, 26.57, 26.6, 26.57, 26.57, 26.44, 26.43], [27.19, 27.19, 27.19, 27.19, 27.18, 27.18, 27.17, 27.17, 27.15, 27.16, 27.07, 27.05, 26.99, 26.79, 26.71, 26.65, 26.62, 26.61, 26.61, 26.61], [27.19, 27.19, 27.19, 27.19, 27.19, 27.19, 27.19, 27.2, 27.21, 27.15, 27.17, 27.16, 27.11, 27.05, 26.77, 26.7, 26.67, 26.65, 26.64, 26.64], [27.2, 27.2, 27.2, 27.2, 27.2, 27.2, 27.21, 27.22, 27.25, 27.24, 27.33, 27.22, 27.14, 27.08, 26.81, 26.75, 26.71, 26.68, 26.67, 26.66], [27.2, 27.2, 27.2, 27.2, 27.21, 27.21, 27.22, 27.24, 27.2, 27.26, 27.3, 27.23, 27.15, 27.09, 26.84, 26.78, 26.74, 26.72, 26.7, 26.69], [27.2, 27.2, 27.21, 27.21, 27.21, 27.22, 27.23, 27.24, 27.18, 27.21, 27.22, 27.19, 27.14, 27.1, 26.86, 26.81, 26.77, 26.74, 26.72, 26.71], [27.2, 27.21, 27.21, 27.21, 27.22, 27.22, 27.23, 27.14, 27.16, 27.18, 27.18, 27.16, 27.13, 27.09, 26.87, 26.82, 26.79, 26.76, 26.74, 26.73]]}]