gis_exercise/awsData/contour/wdir_2023090611.json
[{"header": {"refTime": "2023-09-06T11:00:00.000Z", "nx": 21, "ny": 33, "lo1": 113.509, "la1": 22.2235, "lo2": 113.5947, "la2": 22.1034, "dx": 0.0042850000000001385, "dy": 0.003753125000000024, "parameterCategory": 2, "parameterCategoryName": "Temperature", "parameterNumber": 2}, "data": [-1.83, -1.85, -1.87, -1.97, -1.98, -2.2, -2.2, -2.2, -2.2, -1.88, -1.82, -1.77, -1.96, -1.94, -2.44, -2.5, -2.43, -2.48, -2.51, -2.53, -1.81, -1.83, -1.86, -1.9, -1.99, -2.01, -2.21, -2.22, -2.22, -1.94, -1.83, -1.76, -1.94, -1.92, -2.43, -2.38, -2.46, -2.51, -2.55, -2.57, -1.79, -1.81, -1.84, -1.88, -1.99, -2.01, -2.05, -2.24, -2.28, -1.99, -1.82, -1.73, -1.91, -1.89, -2.29, -2.4, -2.5, -2.57, -2.61, -2.62, -1.77, -1.79, -1.81, -1.85, -1.9, -2.0, -2.03, -2.08, -2.13, -1.89, -1.75, -1.69, -1.85, -1.58, -2.28, -2.44, -2.57, -2.65, -2.69, -2.69, -1.74, -1.75, -1.78, -1.81, -1.86, -1.99, -2.0, -2.01, -1.98, -1.71, -1.65, -1.57, -1.66, -1.6, -2.29, -2.51, -2.69, -2.79, -2.8, -2.77, -1.7, -1.71, -1.73, -1.76, -1.8, -1.87, -1.99, -1.98, -1.92, -1.78, -1.43, -1.54, -1.62, -1.99, -2.34, -2.62, -2.89, -3.0, -2.94, -2.85, -2.68, -1.66, -1.66, -1.68, -1.72, -1.8, -1.57, -2.03, -1.97, -1.6, -1.42, -1.49, -2.05, -2.09, -2.4, -2.73, -3.16, -3.32, -3.23, -3.12, -2.68, -2.62, -2.55, -2.52, -2.49, -1.38, -1.55, -1.88, -2.22, -1.54, -1.11, -1.8, -1.95, -2.2, -2.79, -3.02, -3.3, -3.4, -3.25, -3.15, -2.69, -2.62, -2.52, -2.4, -2.32, -2.35, -2.55, -1.65, -2.64, -1.64, -1.67, -2.02, -2.39, -2.21, -2.78, -2.95, -3.12, -3.2, -3.16, -3.11, -3.7, -3.59, -3.42, -2.34, -2.04, -1.91, -2.4, -2.95, -3.18, -2.93, -1.9, -2.18, -2.49, -2.27, -2.79, -2.9, -3.0, -3.07, -3.07, -3.06, -3.73, -3.63, -3.47, -3.17, -2.56, -0.75, -3.04, -4.23, -3.87, -3.62, -3.34, -2.11, -2.22, -2.19, -2.79, -2.86, -2.93, -2.98, -3.01, -3.01, -3.8, -3.72, -3.61, -3.43, -3.13, -2.99, -3.89, -4.95, -5.36, -5.35, -3.7, -3.58, -3.39, -2.12, -2.79, -2.84, -2.89, -2.9, -2.91, -2.91, -3.88, -3.84, -3.8, -3.78, -3.86, -4.25, -4.88, -5.12, -5.29, -4.98, -5.12, -3.78, -3.57, -2.26, -2.23, -2.74, -2.76, -2.79, -2.81, -2.82, -3.96, -3.96, -3.99, -4.07, -4.29, -4.78, -5.57, -5.11, -5.01, -4.89, -5.18, -3.77, -3.51, -3.32, -2.16, -2.61, -2.64, -2.68, -2.71, -2.74, -4.04, -4.07, -4.12, -4.23, -4.44, -4.74, -4.98, -5.07, -4.9, -4.74, -4.62, -3.13, -3.33, -3.12, -2.99, -2.46, -2.51, -2.57, -2.62, -2.66, -4.1, -4.14, -2.91, -3.04, -3.2, -4.71, -4.68, -4.54, -4.39, -4.31, -2.99, -2.85, -2.67, -1.89, -1.88, -2.1, -2.15, -2.2, -2.42, -2.47, -2.76, -2.8, -2.86, -2.92, -4.39, -4.3, -4.12, -3.88, -3.73, -3.76, -2.68, -2.61, -2.46, -2.24, -1.76, -1.89, -1.95, -2.0, -2.03, -2.06, -2.74, -2.76, -2.79, -2.8, -4.12, -3.91, -3.56, -3.1, -2.86, -2.33, -2.42, -2.44, -2.32, -1.75, -1.73, -1.87, -1.96, -2.01, -2.05, -2.07, -2.71, -2.71, -2.71, -4.07, -3.9, -3.62, -3.16, -2.42, -1.59, -2.06, -1.75, -1.81, -1.75, -1.77, -1.86, -1.92, -2.0, -2.04, -2.07, -2.09, -2.67, -2.67, -3.28, -3.19, -3.06, -2.86, -2.57, -2.17, -1.56, -1.69, -1.8, -1.86, -1.78, -1.81, -1.97, -2.01, -2.06, -2.09, -2.11, -2.12, -3.31, -3.27, -3.21, -3.12, -3.0, -2.85, -2.65, -2.46, -1.78, -1.84, -1.9, -1.93, -1.81, -2.04, -2.06, -2.09, -2.12, -2.14, -2.15, -2.14, -3.27, -3.22, -3.16, -3.08, -2.99, -2.88, -2.76, -2.08, -1.99, -2.02, -2.04, -2.04, -2.37, -2.1, -2.13, -2.17, -2.19, -2.2, -2.18, -2.17, -3.23, -3.19, -3.13, -2.19, -2.19, -2.2, -2.22, -2.26, -2.31, -2.34, -2.34, -2.36, -2.54, -2.14, -2.18, -2.23, -2.27, -2.25, -2.21, -2.19, -2.21, -2.22, -2.22, -2.24, -2.25, -2.28, -2.33, -2.41, -2.5, -2.55, -2.5, -2.69, -2.56, -2.49, -2.43, -2.25, -2.37, -2.25, -2.22, -2.2, -2.24, -2.24, -2.26, -2.27, -2.3, -2.34, -2.4, -2.5, -2.66, -2.79, -2.62, -2.7, -2.65, -2.49, -2.43, -2.37, -2.23, -2.19, -2.2, -2.19, -2.25, -2.27, -2.28, -2.3, -2.33, -2.38, -2.44, -2.53, -2.67, -2.78, -2.75, -2.68, -2.63, -2.5, -2.44, -2.29, -2.27, -2.26, -2.2, -2.19, -2.27, -2.28, -2.3, -2.32, -2.35, -2.39, -2.44, -2.5, -2.56, -2.58, -2.66, -2.63, -2.6, -2.31, -2.3, -2.29, -2.28, -2.28, -2.28, -2.28, -2.28, -2.29, -2.31, -2.33, -2.36, -2.39, -2.43, -2.46, -2.48, -2.58, -2.55, -2.5, -2.49, -2.46, -2.31, -2.3, -2.29, -2.29, -2.29, -2.29, -2.29, -2.3, -2.32, -2.34, -2.36, -2.39, -2.41, -2.43, -2.43, -2.49, -2.4, -2.46, -2.47, -2.46, -2.31, -2.3, -2.3, -2.29, -2.29, -2.29, -2.3, -2.31, -2.32, -2.34, -2.36, -2.38, -2.4, -2.41, -2.49, -2.45, -2.42, -2.45, -2.46, -2.45, -2.32, -2.31, -2.3, -2.3, -2.3, -2.3, -2.3, -2.31, -2.33, -2.34, -2.36, -2.37, -2.38, -2.39, -2.49, -2.47, -2.45, -2.46, -2.46, -2.45, -2.32, -2.31, -2.31, -2.3, -2.3, -2.3, -2.3, -2.31, -2.33, -2.34, -2.35, -2.36, -2.37, -2.5, -2.49, -2.48, -2.47, -2.46, -2.46, -2.46, -2.32, -2.31, -2.31, -2.31, -2.3, -2.3]}, {"header": {"refTime": "2023-09-06T11:00:00.000Z", "nx": 21, "ny": 33, "lo1": 113.509, "la1": 22.2235, "lo2": 113.5947, "la2": 22.1034, "dx": 0.0042850000000001385, "dy": 0.003753125000000024, "parameterCategory": 2, "parameterCategoryName": "Temperature", "parameterNumber": 3}, "data": [-0.65, -0.63, -0.6, -0.51, -0.48, -0.38, -0.34, -0.32, -0.31, -0.5, -0.58, -0.66, -0.68, -0.72, -1.01, -1.08, -1.46, -1.48, -1.5, -1.51, -0.67, -0.64, -0.61, -0.58, -0.48, -0.44, -0.32, -0.25, -0.22, -0.42, -0.57, -0.68, -0.72, -0.76, -1.04, -1.43, -1.47, -1.5, -1.52, -1.53, -0.69, -0.67, -0.64, -0.6, -0.49, -0.45, -0.38, -0.2, -0.02, -0.36, -0.59, -0.73, -0.77, -0.8, -1.38, -1.44, -1.49, -1.53, -1.55, -1.56, -0.71, -0.7, -0.67, -0.64, -0.59, -0.48, -0.43, -0.33, -0.24, -0.47, -0.68, -0.81, -0.86, -1.13, -1.37, -1.46, -1.53, -1.58, -1.59, -1.6, -0.74, -0.73, -0.71, -0.68, -0.64, -0.53, -0.51, -0.48, -0.48, -0.67, -0.8, -1.12, -1.07, -1.12, -1.37, -1.49, -1.59, -1.65, -1.65, -1.64, -0.78, -0.77, -0.76, -0.74, -0.71, -0.67, -0.59, -0.6, -0.64, -0.72, -1.2, -1.15, -1.11, -1.12, -1.4, -1.55, -1.7, -1.76, -1.73, -1.68, -0.94, -0.82, -0.82, -0.81, -0.79, -0.75, -1.04, -0.66, -0.71, -1.06, -1.16, -1.2, -1.15, -1.15, -1.44, -1.62, -1.85, -1.93, -1.8, -1.72, -0.95, -0.96, -0.98, -1.1, -1.08, -1.15, -1.05, -0.88, -0.72, -1.08, -1.27, -1.24, -1.23, -1.18, -1.5, -1.66, -1.86, -1.93, -1.83, -1.75, -0.96, -0.98, -1.0, -1.03, -1.15, -1.12, -1.03, -1.0, -0.84, -1.05, -1.28, -1.25, -1.25, -1.25, -1.47, -1.6, -1.73, -1.78, -1.76, -1.72, -1.03, -1.05, -1.08, -1.07, -1.15, -1.28, -1.15, -1.01, -0.89, -0.94, -1.27, -1.26, -1.25, -1.25, -1.46, -1.55, -1.64, -1.69, -1.69, -1.68, -1.02, -1.04, -1.07, -1.12, -1.24, -1.57, -1.17, -0.99, -0.97, -0.92, -1.15, -1.26, -1.25, -1.25, -1.46, -1.52, -1.58, -1.63, -1.64, -1.65, -1.01, -1.02, -1.04, -1.07, -1.12, -1.15, -1.0, -0.9, -0.88, -0.83, -1.11, -1.11, -1.14, -1.26, -1.46, -1.51, -1.55, -1.59, -1.6, -1.61, -0.99, -0.99, -1.0, -0.99, -0.97, -0.88, -0.75, -0.82, -0.85, -0.87, -0.85, -1.09, -1.11, -1.22, -1.22, -1.49, -1.52, -1.54, -1.56, -1.57, -0.97, -0.97, -0.96, -0.93, -0.88, -0.75, -0.52, -0.74, -0.82, -0.86, -0.82, -1.08, -1.11, -1.12, -1.22, -1.45, -1.48, -1.5, -1.52, -1.53, -0.96, -0.95, -0.93, -0.9, -0.85, -0.78, -0.72, -0.66, -0.72, -0.75, -0.77, -1.03, -1.11, -1.13, -1.14, -1.41, -1.44, -1.46, -1.48, -1.5, -0.94, -0.93, -0.97, -0.94, -0.91, -0.69, -0.7, -0.73, -0.76, -0.78, -1.03, -1.05, -1.08, -1.18, -1.18, -0.66, -0.56, -0.45, -0.6, -0.56, -0.99, -0.98, -0.97, -0.95, -0.74, -0.75, -0.77, -0.8, -0.82, -0.82, -1.05, -1.07, -1.1, -1.13, -0.84, -0.56, -0.34, -0.16, -0.03, 0.05, -0.99, -0.98, -0.97, -0.96, -0.77, -0.79, -0.83, -0.88, -0.9, -0.95, -0.96, -1.08, -1.11, -0.86, -1.15, -0.63, -0.31, -0.11, 0.03, 0.11, -0.99, -0.98, -0.98, -0.78, -0.8, -0.82, -0.87, -0.94, -1.02, -0.98, -0.98, -1.0, -0.61, -0.71, -0.68, -0.44, -0.17, 0.01, 0.12, 0.19, -0.99, -0.99, -0.68, -0.7, -0.72, -0.75, -0.81, -0.88, -1.0, -0.97, -0.96, -0.97, -0.47, -0.47, -0.25, -0.11, 0.06, 0.18, 0.25, 0.28, -0.66, -0.67, -0.68, -0.69, -0.71, -0.74, -0.77, -0.81, -0.94, -0.93, -0.92, -0.93, -0.31, 0.02, 0.09, 0.21, 0.32, 0.39, 0.4, 0.39, -0.66, -0.67, -0.68, -0.69, -0.7, -0.71, -0.73, -0.59, -0.87, -0.86, -0.87, -0.89, 0.02, 0.23, 0.34, 0.49, 0.6, 0.6, 0.54, 0.48, -0.66, -0.67, -0.67, -0.47, -0.48, -0.49, -0.5, -0.5, -0.49, -0.48, -0.46, -0.02, 0.44, 0.38, 0.52, 0.72, 0.92, 0.8, 0.63, 0.54, -0.42, -0.42, -0.43, -0.43, -0.43, -0.44, -0.44, -0.44, -0.43, -0.43, -0.41, 0.33, 0.4, 0.57, 0.73, 0.82, 1.37, 0.78, 0.63, 0.56, -0.4, -0.4, -0.4, -0.4, -0.39, -0.39, -0.39, -0.39, -0.41, -0.43, -0.37, 0.27, 0.49, 0.53, 0.67, 0.78, 0.65, 0.43, 0.56, 0.54, -0.38, -0.37, -0.37, -0.36, -0.35, -0.35, -0.34, -0.34, -0.36, -0.39, 0.03, 0.26, 0.46, 0.49, 0.61, 0.8, 0.74, 0.68, 0.54, 0.53, -0.36, -0.35, -0.34, -0.33, -0.32, -0.3, -0.28, -0.27, -0.26, -0.23, 0.18, 0.31, 0.45, 0.73, 0.76, 0.77, 0.75, 0.73, 0.74, 0.76, -0.34, -0.33, -0.32, -0.3, -0.28, -0.26, -0.23, -0.19, -0.13, 0.26, 0.31, 0.09, 0.05, 0.02, 0.73, 0.74, 0.75, 0.74, 0.75, 0.75, -0.32, -0.31, -0.3, -0.28, -0.26, -0.23, -0.18, -0.12, -0.03, 0.35, 0.32, 0.18, 0.1, 0.05, 0.71, 0.73, 0.74, 0.74, 0.75, 0.75, -0.31, -0.3, -0.28, -0.26, -0.23, -0.2, -0.16, -0.09, 0.12, 0.22, 0.28, 0.19, 0.12, 0.07, 0.69, 0.71, 0.73, 0.74, 0.74, 0.75, -0.3, -0.28, -0.27, -0.25, -0.22, -0.19, -0.14, -0.09, 0.11, 0.16, 0.18, 0.15, 0.11, 0.07, 0.68, 0.7, 0.72, 0.73, 0.74, 0.74, -0.29, -0.27, -0.26, -0.24, -0.21, -0.18, -0.14, 0.07, 0.1, 0.12, 0.13, 0.12, 0.09, 0.07, 0.68, 0.7, 0.71, 0.72, 0.73, 0.74]}, {"header": {"refTime": "2023-09-06T11:00:00.000Z", "nx": 21, "ny": 33, "lo1": 113.509, "la1": 22.2235, "lo2": 113.5947, "la2": 22.1034, "dx": 0.0042850000000001385, "dy": 0.003753125000000024, "parameterCategory": 0, "parameterCategoryName": "Temperature", "parameterNumber": 0}, "data": [[30.72, 30.7, 30.68, 30.22, 30.23, 30.32, 30.32, 30.32, 30.32, 30.27, 30.27, 30.27, 30.58, 30.6, 30.14, 30.11, 30.36, 30.34, 30.32, 30.31], [30.73, 30.71, 30.69, 30.66, 30.23, 30.23, 30.32, 30.32, 30.32, 30.27, 30.27, 30.27, 30.58, 30.6, 30.14, 30.37, 30.34, 30.31, 30.3, 30.29], [30.75, 30.73, 30.7, 30.67, 30.23, 30.23, 30.24, 30.31, 30.3, 30.28, 30.27, 30.28, 30.58, 30.6, 30.41, 30.36, 30.31, 30.28, 30.26, 30.26], [30.77, 30.75, 30.73, 30.7, 30.66, 30.23, 30.24, 30.25, 30.26, 30.27, 30.27, 30.29, 30.56, 30.53, 30.4, 30.34, 30.27, 30.23, 30.21, 30.22], [30.79, 30.78, 30.76, 30.73, 30.69, 30.22, 30.23, 30.23, 30.23, 30.24, 30.25, 30.5, 30.45, 30.52, 30.4, 30.3, 30.2, 30.15, 30.15, 30.17], [30.82, 30.81, 30.8, 30.78, 30.74, 30.69, 30.22, 30.22, 30.21, 30.18, 30.49, 30.53, 30.52, 30.7, 30.41, 30.25, 30.09, 30.02, 30.06, 30.12], [31.07, 30.86, 30.85, 30.84, 30.81, 30.75, 30.58, 30.23, 30.22, 30.36, 30.39, 30.63, 30.91, 30.86, 30.43, 30.2, 29.92, 29.81, 29.75, 29.8], [31.1, 31.11, 31.11, 31.1, 31.07, 30.76, 30.63, 30.45, 30.32, 30.31, 30.18, 30.9, 30.91, 30.85, 30.23, 30.42, 30.05, 29.91, 30.12, 30.26], [30.9, 30.92, 31.17, 31.19, 31.19, 31.14, 30.97, 30.57, 30.2, 30.39, 30.5, 30.69, 30.78, 30.66, 30.28, 30.49, 30.27, 30.18, 30.23, 30.31], [31.7, 31.7, 31.7, 31.04, 31.14, 31.38, 31.21, 30.97, 30.13, 30.15, 30.79, 30.57, 30.64, 30.61, 30.28, 30.56, 30.42, 30.35, 30.34, 30.38], [31.7, 31.7, 31.7, 31.7, 31.7, 31.7, 31.7, 31.7, 31.2, 30.2, 30.0, 30.5, 30.55, 30.56, 30.26, 30.61, 30.51, 30.45, 30.44, 30.45], [31.7, 31.7, 31.7, 31.7, 31.7, 31.7, 31.7, 31.7, 31.7, -999.0, 30.0, 31.3, 31.3, 30.52, 30.24, 30.67, 30.61, 30.23, 30.21, 30.21], [31.7, 31.7, 31.7, 31.7, 31.7, 31.7, 31.7, 31.7, 31.7, 31.7, -999.0, 31.3, 31.3, 30.91, 31.08, 30.0, 29.99, 30.13, 30.11, 30.1], [31.7, 31.7, 31.7, 31.7, 31.7, 31.7, 31.7, 31.7, 31.7, 31.7, -999.0, 30.7, 30.7, 30.7, 31.03, 30.09, 30.07, 30.21, 30.18, 30.16], [31.7, 31.7, 31.7, 31.7, 31.7, 31.7, 31.7, 31.7, 31.7, 31.7, 31.7, 31.32, 30.7, 30.7, 30.7, 30.2, 30.16, 30.29, 30.25, 30.22], [31.7, 31.7, 31.7, 31.7, 31.7, 31.7, 31.7, 31.7, 31.7, 31.7, 31.07, 31.14, 31.05, 30.96, 31.06, 30.41, 30.36, 30.44, 30.2, 30.16], [31.7, 31.7, 31.7, 31.7, 31.7, 31.7, 31.7, 31.7, 31.7, 31.7, 31.27, 31.15, 31.02, 30.9, 30.73, 30.58, 30.53, 30.5, 30.47, 30.46], [31.7, 31.7, 31.7, 31.7, 31.7, 31.7, 31.7, 31.7, 31.7, 31.45, 31.31, 31.16, 31.01, 30.75, 30.7, 30.59, 30.53, 30.49, 30.46, 30.45], [31.7, 31.7, 31.7, 31.7, 31.7, 31.7, 31.7, 31.7, 31.61, 31.51, 31.32, 31.19, 30.83, 30.75, 30.6, 30.55, 30.5, 30.46, 30.44, 30.43], [31.7, 31.7, 31.41, 31.43, 31.45, 31.47, 31.51, 31.62, 31.55, 31.44, 31.32, 31.21, 30.82, 30.73, 30.51, 30.48, 30.45, 30.43, 30.42, 30.41], [31.4, 31.4, 31.41, 31.49, 31.5, 31.52, 31.54, 31.56, 31.43, 31.37, 31.3, 31.22, 30.79, 30.46, 30.44, 30.42, 30.4, 30.39, 30.39, 30.4], [31.47, 31.47, 31.47, 31.48, 31.48, 31.48, 31.49, 31.42, 31.35, 31.31, 31.27, 31.22, 30.61, 30.42, 30.39, 30.36, 30.33, 30.34, 30.36, 30.38], [31.46, 31.46, 31.46, 31.37, 31.37, 31.37, 31.37, 31.36, 31.35, 31.34, 31.33, 31.01, 30.62, 30.39, 30.35, 30.3, 30.25, 30.29, 30.35, 30.37], [31.35, 31.35, 31.35, 31.35, 31.34, 31.34, 31.33, 31.31, 31.29, 31.28, 31.28, 30.86, 30.64, 30.54, 30.44, 30.29, 30.09, 30.33, 30.37, 30.38], [31.34, 31.34, 31.33, 31.33, 31.32, 31.31, 31.3, 31.28, 31.25, 31.23, 31.25, 30.9, 30.78, 30.56, 30.46, 30.39, 30.38, 30.48, 30.4, 30.39], [31.33, 31.33, 31.32, 31.31, 31.31, 31.29, 31.28, 31.26, 31.24, 31.22, 31.02, 30.92, 30.81, 30.58, 30.5, 30.44, 30.44, 30.45, 30.4, 30.39], [31.32, 31.32, 31.31, 31.3, 31.29, 31.28, 31.26, 31.25, 31.23, 31.22, 30.99, 30.93, 30.85, 30.59, 30.53, 30.48, 30.47, 30.46, 30.46, 30.46], [31.31, 31.31, 31.3, 31.29, 31.28, 31.27, 31.25, 31.24, 31.22, 31.01, 31.0, 31.07, 31.04, 31.01, 30.57, 30.53, 30.5, 30.49, 30.48, 30.48], [31.31, 31.3, 31.29, 31.29, 31.27, 31.26, 31.25, 31.23, 31.2, 31.03, 31.09, 31.07, 31.05, 31.02, 30.61, 30.56, 30.53, 30.51, 30.5, 30.5], [31.3, 31.3, 31.29, 31.28, 31.27, 31.26, 31.24, 31.22, 31.08, 31.08, 31.09, 31.07, 31.05, 31.03, 30.64, 30.59, 30.56, 30.54, 30.52, 30.51], [31.3, 31.29, 31.29, 31.28, 31.27, 31.25, 31.24, 31.22, 31.07, 31.07, 31.07, 31.06, 31.05, 31.03, 30.65, 30.61, 30.58, 30.56, 30.54, 30.53], [31.3, 31.29, 31.28, 31.27, 31.27, 31.25, 31.24, 31.06, 31.06, 31.06, 31.06, 31.05, 31.04, 31.03, 30.66, 30.62, 30.59, 30.57, 30.55, 30.54]]}]