gis_exercise/awsData/contour/wdir_2023090219.json
[{"header": {"refTime": "2023-09-02T19:00:00.000Z", "nx": 21, "ny": 33, "lo1": 113.509, "la1": 22.2235, "lo2": 113.5947, "la2": 22.1034, "dx": 0.0042850000000001385, "dy": 0.003753125000000024, "parameterCategory": 2, "parameterCategoryName": "Temperature", "parameterNumber": 2}, "data": [-2.54, -2.53, -2.51, -2.76, -2.72, -2.96, -2.91, -2.86, -2.86, -3.14, -3.32, -3.5, -3.9, -4.0, -6.26, -6.6, -7.62, -7.8, -7.94, -8.03, -2.55, -2.54, -2.52, -2.5, -2.73, -2.68, -2.84, -2.72, -2.66, -2.99, -3.3, -3.56, -3.99, -4.09, -6.35, -7.44, -7.72, -7.95, -8.1, -8.19, -2.56, -2.55, -2.53, -2.52, -2.74, -2.69, -2.6, -2.6, -2.23, -2.86, -3.36, -3.7, -4.14, -4.22, -7.07, -7.51, -7.89, -8.17, -8.33, -8.39, -2.57, -2.56, -2.55, -2.54, -2.52, -2.73, -2.66, -2.54, -2.43, -3.07, -3.54, -3.94, -4.39, -4.7, -7.02, -7.65, -8.18, -8.52, -8.66, -8.66, -2.58, -2.58, -2.57, -2.56, -2.55, -2.79, -2.76, -2.73, -2.73, -3.4, -3.74, -4.7, -4.85, -4.73, -7.06, -7.92, -8.66, -9.06, -9.11, -8.97, -2.59, -2.59, -2.59, -2.59, -2.59, -2.59, -2.85, -2.87, -2.92, -3.01, -4.47, -4.63, -4.76, -5.96, -7.23, -8.36, -9.46, -9.93, -9.68, -9.31, -5.28, -2.61, -2.61, -2.62, -2.62, -2.64, -3.07, -2.95, -3.01, -3.68, -3.87, -4.53, -6.1, -6.33, -7.45, -8.81, -10.58, -11.24, -11.0, -10.57, -5.33, -5.22, -5.09, -5.11, -5.0, -3.03, -3.04, -3.02, -3.1, -3.65, -3.82, -5.57, -5.93, -6.78, -9.13, -10.06, -11.19, -11.6, -10.99, -10.58, -5.39, -5.29, -5.14, -4.94, -4.9, -4.86, -4.92, -3.04, -4.71, -3.68, -5.71, -6.6, -7.93, -7.29, -9.14, -9.81, -10.48, -10.77, -10.64, -10.42, -8.0, -7.82, -7.54, -4.98, -4.58, -4.47, -5.09, -5.74, -6.19, -5.95, -6.39, -7.31, -8.46, -7.59, -9.19, -9.6, -10.01, -10.25, -10.29, -10.21, -8.06, -7.88, -7.61, -7.12, -6.07, -3.03, -6.91, -8.95, -7.67, -7.29, -8.93, -7.09, -7.45, -7.32, -9.21, -9.47, -9.75, -9.94, -10.02, -10.01, -8.16, -8.04, -7.84, -7.54, -7.04, -6.79, -8.33, -10.2, -10.93, -11.61, -9.38, -9.31, -9.13, -7.06, -9.21, -9.4, -9.59, -10.81, -10.85, -10.86, -8.3, -8.24, -8.17, -8.13, -8.25, -8.9, -9.93, -10.45, -10.79, -10.23, -11.44, -9.49, -9.27, -8.25, -8.24, -10.47, -10.54, -10.61, -10.66, -10.7, -8.44, -8.44, -8.48, -8.6, -8.95, -9.75, -11.01, -10.35, -10.24, -10.05, -11.46, -10.58, -10.39, -10.24, -8.29, -10.27, -10.34, -10.42, -10.49, -10.55, -8.57, -8.61, -8.7, -8.88, -9.21, -9.7, -10.1, -10.2, -9.92, -9.67, -9.45, -8.51, -10.23, -10.06, -9.96, -10.04, -10.13, -10.24, -10.34, -10.41, -8.68, -8.74, -6.48, -6.68, -6.96, -9.56, -9.5, -9.27, -9.02, -8.88, -8.04, -8.17, -8.3, -8.04, -8.19, -8.82, -8.78, -8.74, -9.32, -9.36, -6.22, -6.29, -6.38, -6.48, -9.0, -8.83, -8.51, -8.1, -7.84, -7.9, -7.49, -7.85, -8.17, -8.43, -8.04, -8.03, -7.73, -7.49, -7.31, -7.19, -6.17, -6.21, -6.24, -6.26, -8.52, -8.14, -7.54, -6.72, -6.3, -6.24, -6.88, -7.58, -8.05, -7.99, -8.76, -8.13, -7.7, -7.42, -7.24, -7.12, -6.11, -6.12, -6.11, -8.44, -8.13, -7.64, -6.83, -5.5, -4.23, -5.61, -5.53, -6.21, -7.09, -7.72, -8.19, -7.88, -7.53, -7.28, -7.11, -7.01, -6.05, -6.03, -6.81, -6.66, -6.44, -6.1, -5.62, -4.95, -4.34, -4.89, -5.52, -6.09, -6.89, -7.31, -7.64, -7.47, -7.24, -7.07, -6.95, -6.88, -6.86, -6.78, -6.67, -6.52, -6.32, -6.05, -5.73, -5.4, -4.94, -5.22, -5.61, -6.02, -6.73, -7.29, -7.23, -7.09, -6.94, -6.83, -6.76, -6.74, -6.77, -6.68, -6.58, -6.44, -6.27, -6.08, -5.87, -4.04, -5.33, -5.49, -5.72, -5.98, -7.31, -7.02, -6.92, -6.8, -6.68, -6.6, -6.57, -6.59, -6.7, -6.61, -6.51, -3.93, -3.97, -4.03, -4.11, -4.21, -4.31, -4.35, -4.28, -5.5, -5.96, -6.83, -6.71, -6.59, -6.53, -6.41, -6.39, -6.45, -3.84, -3.86, -3.89, -3.93, -3.99, -4.07, -4.19, -4.37, -4.6, -4.7, -4.51, -5.1, -5.95, -5.98, -6.02, -6.44, -6.63, -6.09, -6.18, -6.33, -3.83, -3.85, -3.88, -3.92, -3.98, -4.07, -4.22, -4.47, -4.93, -5.31, -4.71, -4.99, -5.02, -5.96, -5.97, -5.97, -5.96, -5.65, -6.07, -6.26, -3.81, -3.83, -3.85, -3.89, -3.94, -4.02, -4.15, -4.38, -4.81, -5.17, -4.95, -4.74, -4.78, -5.94, -5.93, -5.26, -5.36, -5.34, -6.13, -6.27, -3.79, -3.8, -3.82, -3.84, -3.88, -3.92, -3.99, -4.09, -4.21, -4.18, -4.33, -4.29, -4.46, -4.41, -4.76, -5.01, -5.15, -5.2, -5.2, -5.18, -3.76, -3.77, -3.78, -3.79, -3.79, -3.8, -3.79, -3.75, -3.61, -3.65, -3.42, -3.37, -3.63, -3.83, -4.51, -4.78, -4.95, -5.04, -5.07, -5.07, -3.74, -3.74, -3.73, -3.73, -3.71, -3.68, -3.61, -3.47, -3.17, -2.86, -2.13, -2.9, -3.37, -3.67, -4.31, -4.58, -4.76, -4.87, -4.93, -4.96, -3.71, -3.7, -3.69, -3.67, -3.64, -3.58, -3.48, -3.31, -3.17, -2.68, -2.37, -2.85, -3.28, -3.57, -4.16, -4.42, -4.61, -4.73, -4.81, -4.85, -3.69, -3.67, -3.65, -3.63, -3.58, -3.52, -3.41, -3.26, -3.23, -2.98, -2.89, -3.06, -3.32, -3.55, -4.08, -4.31, -4.49, -4.62, -4.7, -4.76, -3.66, -3.65, -3.62, -3.59, -3.55, -3.48, -3.39, -3.49, -3.34, -3.22, -3.18, -3.26, -3.41, -3.57, -4.04, -4.25, -4.41, -4.53, -4.62, -4.68]}, {"header": {"refTime": "2023-09-02T19:00:00.000Z", "nx": 21, "ny": 33, "lo1": 113.509, "la1": 22.2235, "lo2": 113.5947, "la2": 22.1034, "dx": 0.0042850000000001385, "dy": 0.003753125000000024, "parameterCategory": 2, "parameterCategoryName": "Temperature", "parameterNumber": 3}, "data": [-0.01, 0.0, 0.01, 0.51, 0.49, -0.13, -0.12, -0.11, -0.13, 0.03, -0.02, -0.07, -0.08, -0.09, -0.09, -0.02, 0.4, 0.46, 0.5, 0.53, -0.01, -0.0, 0.01, 0.02, 0.49, 0.46, -0.09, -0.06, -0.05, 0.05, -0.03, -0.11, -0.14, -0.14, -0.12, 0.33, 0.42, 0.49, 0.53, 0.56, -0.02, -0.01, -0.0, 0.01, 0.49, 0.47, 0.42, -0.02, 0.1, 0.07, -0.05, -0.19, -0.24, -0.22, 0.19, 0.33, 0.45, 0.53, 0.58, 0.6, -0.03, -0.02, -0.01, 0.0, 0.02, 0.48, 0.45, 0.39, 0.33, 0.07, -0.08, -0.32, -0.43, -0.1, 0.15, 0.36, 0.51, 0.6, 0.64, 0.66, -0.04, -0.04, -0.03, -0.01, 0.01, 0.51, 0.49, 0.48, 0.49, 0.11, -0.07, -0.2, -0.78, -0.22, 0.17, 0.44, 0.62, 0.71, 0.73, 0.72, -0.06, -0.05, -0.05, -0.03, -0.01, 0.02, 0.53, 0.54, 0.58, 0.68, 0.51, 0.12, -0.31, 0.09, 0.31, 0.58, 0.79, 0.88, 0.85, 0.79, 0.76, -0.07, -0.07, -0.06, -0.04, -0.01, 0.36, 0.53, 0.58, 1.03, 1.19, 0.72, 0.65, 0.6, 0.51, 0.72, 1.0, 1.11, 0.99, 0.9, 0.77, 0.73, 0.68, 0.45, 0.43, 0.23, 0.31, 0.37, 0.49, 1.04, 1.3, 1.52, 1.54, 0.98, 1.54, 1.48, 1.41, 1.38, 1.42, 1.45, 0.78, 0.74, 0.67, 0.59, 0.35, 0.36, 0.45, 0.34, 0.94, 1.01, 1.51, 1.58, 1.66, 1.62, 1.57, 1.51, 1.46, 1.44, 1.45, 1.46, 1.37, 1.3, 1.2, 0.57, 0.38, 0.14, 0.4, 0.67, 1.28, 1.3, 1.56, 1.62, 1.69, 1.64, 1.58, 1.54, 1.5, 1.48, 1.47, 1.48, 1.39, 1.33, 1.23, 1.05, 0.67, -0.43, 0.93, 1.59, 1.18, 1.52, 1.86, 1.61, 1.63, 1.62, 1.58, 1.55, 1.52, 1.5, 1.49, 1.49, 1.44, 1.39, 1.33, 1.22, 1.04, 0.95, 1.47, 1.96, 2.12, 2.41, 1.93, 1.89, 1.85, 1.61, 1.58, 1.55, 1.53, 0.94, 0.93, 0.92, 1.49, 1.47, 1.46, 1.45, 1.52, 1.79, 2.2, 2.15, 2.14, 2.01, 2.4, 1.93, 1.88, 1.0, 0.94, 0.84, 0.83, 0.83, 0.83, 0.83, 1.55, 1.55, 1.58, 1.64, 1.8, 2.16, 2.8, 2.29, 2.11, 2.01, 2.44, 1.31, 1.15, 1.03, 0.73, 0.66, 0.67, 0.7, 0.72, 0.75, 1.59, 1.62, 1.66, 1.74, 1.89, 2.11, 2.27, 2.66, 2.57, 2.51, 2.48, 1.18, 0.94, 0.78, 0.68, 0.44, 0.5, 0.56, 0.61, 0.66, 1.63, 1.66, 1.61, 1.68, 1.79, 2.61, 2.6, 2.55, 2.49, 2.46, 1.3, 1.06, 0.79, 0.42, 0.31, 0.74, 0.95, 1.15, 1.2, 1.33, 1.56, 1.6, 1.65, 1.71, 2.53, 2.51, 2.48, 2.42, 2.39, 2.38, 1.25, 0.97, 0.62, 0.23, 0.23, -0.07, 0.12, 0.27, 0.36, 0.43, 1.59, 1.63, 1.67, 1.72, 2.47, 2.43, 2.37, 2.29, 2.24, 1.68, 1.42, 0.94, 0.53, 0.24, -0.49, -0.13, 0.15, 0.32, 0.42, 0.48, 1.61, 1.64, 1.68, 2.45, 2.43, 2.38, 2.3, 2.17, 1.93, 1.71, 0.64, 0.28, 0.97, 0.55, -0.16, 0.05, 0.28, 0.43, 0.51, 0.55, 1.63, 1.65, 1.47, 1.47, 1.49, 1.51, 1.56, 1.67, 1.38, 0.98, 0.57, 0.27, 1.24, 1.05, 0.23, 0.35, 0.5, 0.6, 0.63, 0.63, 1.37, 1.36, 1.35, 1.34, 1.34, 1.34, 1.35, 1.39, 0.82, 0.63, 0.39, 0.19, 1.52, 0.46, 0.54, 0.67, 0.78, 0.8, 0.76, 0.7, 1.28, 1.27, 1.24, 1.21, 1.17, 1.13, 1.09, 0.65, 0.37, 0.26, 0.15, 0.05, 0.72, 0.66, 0.8, 0.99, 1.12, 1.04, 0.88, 0.76, 1.21, 1.17, 1.13, 0.49, 0.48, 0.45, 0.4, 0.31, 0.21, 0.14, 0.15, 1.14, 0.33, 0.79, 0.97, 1.29, 1.66, 1.3, 0.9, 0.75, 0.47, 0.46, 0.44, 0.41, 0.37, 0.3, 0.2, 0.03, -0.18, -0.29, -0.16, 0.59, 0.26, 0.56, 0.88, 1.35, 2.75, 0.91, 0.68, 0.67, 0.44, 0.42, 0.39, 0.35, 0.29, 0.21, 0.07, -0.16, -0.53, -0.84, -0.4, 0.45, 0.97, 0.47, 0.72, 0.89, 0.5, -0.28, 0.42, 0.57, 0.41, 0.39, 0.36, 0.31, 0.25, 0.16, 0.02, -0.18, -0.52, -0.78, -0.09, 0.44, 0.9, 0.37, 0.56, 0.9, 0.62, 0.43, 0.43, 0.54, 0.39, 0.37, 0.33, 0.29, 0.23, 0.16, 0.06, -0.07, -0.2, -0.22, 0.24, 0.54, 0.87, 0.94, 0.92, 0.85, 0.74, 0.66, 0.69, 0.76, 0.38, 0.35, 0.32, 0.29, 0.24, 0.19, 0.13, 0.08, 0.08, 0.4, 0.53, -0.27, -0.47, -0.67, 0.89, 0.85, 0.8, 0.76, 0.77, 0.79, 0.37, 0.35, 0.32, 0.29, 0.26, 0.22, 0.2, 0.2, 0.27, 0.61, 0.45, -0.01, -0.33, -0.56, 0.88, 0.86, 0.83, 0.81, 0.81, 0.82, 0.36, 0.34, 0.32, 0.3, 0.28, 0.26, 0.25, 0.27, -0.14, 0.14, 0.31, 0.01, -0.28, -0.5, 0.87, 0.86, 0.85, 0.84, 0.84, 0.85, 0.36, 0.35, 0.33, 0.31, 0.3, 0.29, 0.29, 0.31, -0.19, -0.05, -0.01, -0.13, -0.31, -0.48, 0.87, 0.87, 0.86, 0.86, 0.86, 0.86, 0.36, 0.35, 0.34, 0.32, 0.31, 0.31, 0.31, -0.35, -0.27, -0.2, -0.19, -0.26, -0.37, -0.5, 0.87, 0.87, 0.87, 0.87, 0.87, 0.87]}, {"header": {"refTime": "2023-09-02T19:00:00.000Z", "nx": 21, "ny": 33, "lo1": 113.509, "la1": 22.2235, "lo2": 113.5947, "la2": 22.1034, "dx": 0.0042850000000001385, "dy": 0.003753125000000024, "parameterCategory": 0, "parameterCategoryName": "Temperature", "parameterNumber": 0}, "data": [[26.77, 26.77, 26.77, 26.59, 26.6, 26.77, 26.78, 26.78, 26.78, 26.71, 26.7, 26.7, 26.86, 26.87, 26.84, 26.84, 26.86, 26.86, 26.86, 26.86], [26.77, 26.77, 26.77, 26.76, 26.6, 26.61, 26.78, 26.78, 26.79, 26.72, 26.71, 26.71, 26.87, 26.87, 26.84, 26.87, 26.86, 26.86, 26.86, 26.86], [26.77, 26.77, 26.77, 26.76, 26.59, 26.61, 26.64, 26.78, 26.8, 26.73, 26.71, 26.71, 26.87, 26.88, 26.87, 26.87, 26.86, 26.86, 26.86, 26.85], [26.77, 26.77, 26.77, 26.76, 26.76, 26.6, 26.62, 26.66, 26.69, 26.71, 26.7, 26.73, 26.88, 26.76, 26.87, 26.86, 26.86, 26.85, 26.85, 26.85], [26.77, 26.77, 26.77, 26.76, 26.76, 26.58, 26.59, 26.6, 26.6, 26.65, 26.67, 26.76, 26.84, 26.78, 26.87, 26.86, 26.85, 26.85, 26.84, 26.85], [26.77, 26.77, 26.77, 26.76, 26.76, 26.75, 26.56, 26.56, 26.54, 26.5, 26.63, 26.72, 26.8, 26.9, 26.87, 26.85, 26.84, 26.83, 26.84, 26.84], [26.77, 26.78, 26.77, 26.77, 26.76, 26.75, 26.57, 26.54, 26.52, 26.47, 26.46, 26.67, 26.9, 26.9, 26.87, 26.85, 26.83, 26.82, 26.82, 26.82], [26.77, 26.77, 26.77, 26.77, 26.77, 26.62, 26.59, 26.57, 26.57, 26.45, 26.31, 26.68, 26.69, 26.9, 26.84, 26.85, 26.83, 26.82, 26.83, 26.84], [26.73, 26.73, 26.79, 26.79, 26.79, 26.78, 26.74, 26.58, 26.47, 26.49, 26.47, 26.57, 26.62, 26.56, 26.84, 26.85, 26.84, 26.83, 26.84, 26.84], [26.9, 26.9, 26.9, 26.76, 26.78, 26.83, 26.8, 26.74, 26.37, 26.39, 26.63, 26.51, 26.55, 26.53, 26.84, 26.86, 26.85, 26.84, 26.84, 26.85], [26.9, 26.9, 26.9, 26.9, 26.9, 26.9, 26.9, 26.9, 26.79, 26.46, 26.2, 26.47, 26.5, 26.5, 26.84, 26.86, 26.85, 26.85, 26.85, 26.85], [26.9, 26.9, 26.9, 26.9, 26.9, 26.9, 26.9, 26.9, 26.9, -999.0, 26.2, 26.9, 26.9, 26.48, 26.84, 26.86, 26.86, 26.12, 26.13, 26.14], [26.9, 26.9, 26.9, 26.9, 26.9, 26.9, 26.9, 26.9, 26.9, 26.9, -999.0, 26.9, 26.9, 26.05, 26.42, 26.36, 26.37, 26.22, 26.25, 26.26], [26.9, 26.9, 26.9, 26.9, 26.9, 26.9, 26.9, 26.9, 26.9, 26.9, -999.0, 25.6, 25.6, 25.6, 26.31, 26.26, 26.28, 26.13, 26.16, 26.19], [26.9, 26.9, 26.9, 26.9, 26.9, 26.9, 26.9, 26.8, 26.8, 26.8, 26.8, 26.34, 25.6, 25.6, 25.6, 26.15, 26.19, 26.05, 26.09, 26.13], [26.9, 26.9, 26.84, 26.84, 26.83, 26.8, 26.8, 26.8, 26.8, 26.8, 26.04, 26.13, 26.01, 25.92, 26.03, 25.97, 26.02, 25.92, 26.18, 26.23], [26.84, 26.84, 26.86, 26.86, 26.8, 26.8, 26.8, 26.8, 26.8, 26.8, 26.28, 26.14, 25.98, 25.83, 25.85, 25.84, 25.92, 25.99, 26.04, 26.07], [26.86, 26.86, 26.86, 26.86, 26.8, 26.8, 26.8, 26.8, 26.8, 26.5, 26.33, 26.15, 25.97, 25.86, 25.64, 25.81, 25.93, 26.01, 26.06, 26.09], [26.86, 26.86, 26.86, 26.8, 26.8, 26.8, 26.8, 26.8, 26.69, 26.57, 26.44, 26.29, 26.11, 25.95, 25.8, 25.88, 25.99, 26.05, 26.1, 26.12], [26.86, 26.86, 26.74, 26.75, 26.75, 26.75, 26.76, 26.78, 26.68, 26.58, 26.45, 26.33, 26.18, 26.09, 25.96, 26.01, 26.07, 26.12, 26.14, 26.16], [26.74, 26.74, 26.74, 26.76, 26.76, 26.76, 26.77, 26.77, 26.59, 26.54, 26.46, 26.37, 26.25, 26.05, 26.08, 26.12, 26.17, 26.19, 26.2, 26.2], [26.75, 26.75, 26.75, 26.76, 26.76, 26.76, 26.76, 26.8, 26.56, 26.52, 26.47, 26.41, 26.28, 26.13, 26.17, 26.22, 26.26, 26.27, 26.25, 26.23], [26.75, 26.75, 26.75, 26.81, 26.81, 26.81, 26.8, 26.8, 26.79, 26.79, 26.79, 26.7, 26.52, 26.19, 26.24, 26.3, 26.36, 26.34, 26.29, 26.26], [26.82, 26.82, 26.82, 26.82, 26.81, 26.81, 26.8, 26.79, 26.78, 26.77, 26.78, 26.75, 26.52, 26.49, 26.47, 26.34, 26.48, 26.35, 26.3, 26.27], [26.82, 26.82, 26.82, 26.82, 26.82, 26.81, 26.8, 26.79, 26.76, 26.74, 26.77, 26.76, 26.76, 26.49, 26.47, 26.44, 26.32, 26.28, 26.29, 26.27], [26.83, 26.83, 26.82, 26.82, 26.82, 26.82, 26.81, 26.79, 26.77, 26.75, 26.76, 26.78, 26.77, 26.5, 26.47, 26.48, 26.44, 26.42, 26.28, 26.27], [26.83, 26.83, 26.83, 26.83, 26.83, 26.82, 26.82, 26.82, 26.81, 26.81, 26.81, 26.81, 26.8, 26.61, 26.56, 26.51, 26.48, 26.46, 26.47, 26.48], [26.83, 26.83, 26.83, 26.83, 26.83, 26.83, 26.84, 26.84, 26.85, 26.86, 26.87, 26.79, 26.74, 26.68, 26.59, 26.55, 26.52, 26.5, 26.5, 26.5], [26.83, 26.83, 26.84, 26.84, 26.84, 26.84, 26.85, 26.86, 26.88, 26.91, 26.94, 26.84, 26.77, 26.7, 26.62, 26.58, 26.55, 26.53, 26.52, 26.52], [26.84, 26.84, 26.84, 26.84, 26.84, 26.85, 26.86, 26.87, 26.82, 26.88, 26.91, 26.85, 26.78, 26.72, 26.64, 26.6, 26.57, 26.55, 26.54, 26.54], [26.84, 26.84, 26.84, 26.84, 26.85, 26.85, 26.86, 26.88, 26.81, 26.84, 26.84, 26.81, 26.77, 26.72, 26.65, 26.62, 26.59, 26.57, 26.56, 26.55], [26.84, 26.84, 26.84, 26.85, 26.85, 26.86, 26.86, 26.77, 26.79, 26.8, 26.8, 26.78, 26.75, 26.72, 26.66, 26.63, 26.61, 26.59, 26.57, 26.57]]}]