gis_exercise/awsData/contour/wdir_2023090222.json
[{"header": {"refTime": "2023-09-02T22:00:00.000Z", "nx": 21, "ny": 33, "lo1": 113.509, "la1": 22.2235, "lo2": 113.5947, "la2": 22.1034, "dx": 0.0042850000000001385, "dy": 0.003753125000000024, "parameterCategory": 2, "parameterCategoryName": "Temperature", "parameterNumber": 2}, "data": [-3.08, -3.08, -3.08, -3.52, -3.47, -3.95, -3.85, -3.76, -3.75, -3.76, -3.97, -4.18, -4.31, -4.4, -6.28, -6.5, -6.98, -7.09, -7.16, -7.21, -3.08, -3.08, -3.09, -3.08, -3.48, -3.41, -3.76, -3.56, -3.44, -3.59, -3.96, -4.27, -4.44, -4.52, -6.38, -6.9, -7.06, -7.19, -7.27, -7.31, -3.08, -3.09, -3.09, -3.09, -3.51, -3.44, -3.31, -3.39, -2.8, -3.45, -4.03, -4.45, -4.66, -4.71, -6.72, -6.95, -7.17, -7.33, -7.42, -7.45, -3.08, -3.09, -3.1, -3.11, -3.12, -3.51, -3.4, -3.23, -3.06, -3.67, -4.23, -4.76, -5.04, -5.19, -6.71, -7.04, -7.35, -7.55, -7.63, -7.62, -3.07, -3.08, -3.1, -3.12, -3.15, -3.62, -3.57, -3.51, -3.48, -4.0, -4.45, -5.28, -5.8, -5.29, -6.72, -7.2, -7.65, -7.91, -7.92, -7.82, -3.06, -3.07, -3.09, -3.12, -3.18, -3.25, -3.76, -3.79, -3.79, -3.77, -4.65, -4.99, -5.38, -6.21, -6.75, -7.45, -8.17, -8.47, -8.3, -8.04, -5.36, -3.05, -3.07, -3.1, -3.16, -3.28, -3.79, -4.05, -4.08, -4.1, -3.99, -4.46, -5.89, -6.19, -6.75, -7.69, -8.91, -9.36, -9.51, -9.31, -5.37, -5.27, -5.15, -5.04, -4.99, -3.49, -3.73, -4.1, -4.46, -4.1, -3.92, -4.85, -5.11, -6.38, -7.8, -8.48, -9.29, -9.58, -9.15, -8.85, -5.39, -5.28, -5.13, -4.92, -4.75, -4.78, -5.06, -3.85, -5.46, -4.11, -5.29, -5.96, -7.23, -6.62, -7.89, -8.33, -8.79, -9.0, -8.9, -8.74, -7.12, -6.94, -6.68, -4.85, -4.39, -4.14, -4.89, -5.7, -6.42, -6.16, -5.87, -6.7, -7.82, -6.95, -7.98, -8.21, -8.48, -8.64, -8.66, -8.6, -7.18, -7.01, -6.75, -6.28, -5.29, -2.39, -6.05, -7.94, -7.21, -7.16, -8.26, -6.5, -6.83, -6.7, -8.0, -8.14, -8.3, -8.42, -8.47, -8.47, -7.28, -7.16, -6.98, -6.69, -6.22, -5.98, -7.42, -9.08, -9.71, -10.51, -8.61, -8.3, -8.16, -6.46, -7.98, -8.08, -8.2, -9.31, -9.32, -9.32, -7.41, -7.36, -7.3, -7.27, -7.39, -8.04, -9.04, -9.38, -9.62, -9.14, -10.42, -8.44, -8.25, -7.27, -7.25, -9.11, -9.13, -9.16, -9.18, -9.2, -7.55, -7.55, -7.59, -7.73, -8.08, -8.89, -10.21, -9.4, -9.21, -9.01, -10.45, -9.45, -9.28, -9.14, -7.26, -8.92, -8.96, -9.0, -9.05, -9.09, -7.67, -7.72, -7.81, -7.99, -8.32, -8.82, -9.21, -9.32, -9.01, -8.76, -8.55, -7.45, -9.08, -8.92, -8.81, -8.7, -8.77, -8.85, -8.92, -8.98, -7.78, -7.84, -5.88, -6.07, -6.34, -8.74, -8.68, -8.45, -8.2, -8.05, -7.04, -7.13, -7.22, -7.07, -7.18, -7.95, -7.98, -8.01, -8.22, -8.26, -5.62, -5.69, -5.78, -5.89, -8.21, -8.05, -7.76, -7.37, -7.12, -7.17, -6.56, -6.85, -7.09, -7.28, -7.04, -7.14, -6.98, -6.85, -6.75, -6.69, -5.58, -5.62, -5.66, -5.68, -7.76, -7.41, -6.85, -6.1, -5.71, -5.61, -6.15, -6.6, -6.98, -6.99, -7.51, -7.19, -6.96, -6.82, -6.72, -6.65, -5.53, -5.54, -5.54, -7.68, -7.4, -6.94, -6.2, -4.98, -3.81, -5.03, -4.95, -5.51, -6.35, -6.82, -7.22, -7.06, -6.88, -6.74, -6.65, -6.59, -5.47, -5.46, -6.37, -6.23, -6.02, -5.69, -5.22, -4.57, -3.91, -4.41, -4.96, -5.43, -6.24, -6.59, -6.94, -6.86, -6.74, -6.64, -6.57, -6.52, -6.43, -6.36, -6.25, -6.11, -5.92, -5.66, -5.35, -5.03, -4.49, -4.73, -5.07, -5.41, -6.17, -6.76, -6.74, -6.67, -6.6, -6.53, -6.48, -6.45, -6.35, -6.27, -6.17, -6.05, -5.89, -5.7, -5.51, -3.73, -4.88, -5.02, -5.21, -5.42, -6.91, -6.63, -6.59, -6.54, -6.5, -6.43, -6.37, -6.36, -6.29, -6.22, -6.12, -3.61, -3.66, -3.72, -3.81, -3.92, -4.03, -4.07, -4.0, -5.43, -5.95, -6.52, -6.48, -6.47, -6.51, -6.36, -6.25, -6.26, -3.52, -3.54, -3.58, -3.62, -3.68, -3.77, -3.9, -4.1, -4.35, -4.45, -4.25, -4.99, -5.94, -5.99, -6.06, -6.39, -6.81, -6.06, -6.07, -6.17, -3.51, -3.53, -3.56, -3.61, -3.67, -3.77, -3.93, -4.21, -4.7, -5.12, -4.47, -4.86, -4.93, -5.96, -6.0, -6.01, -5.89, -5.52, -5.94, -6.1, -3.49, -3.51, -3.54, -3.58, -3.63, -3.72, -3.86, -4.11, -4.58, -4.97, -4.78, -4.58, -4.66, -5.93, -5.94, -5.22, -5.31, -5.29, -5.99, -6.1, -3.47, -3.48, -3.5, -3.53, -3.56, -3.61, -3.69, -3.8, -3.93, -3.89, -4.12, -4.09, -4.29, -4.27, -4.66, -4.94, -5.09, -5.14, -5.15, -5.12, -3.44, -3.45, -3.46, -3.47, -3.47, -3.48, -3.47, -3.43, -3.28, -3.36, -3.12, -3.02, -3.3, -3.52, -4.38, -4.68, -4.87, -4.96, -5.0, -5.0, -3.41, -3.41, -3.41, -3.4, -3.38, -3.35, -3.28, -3.13, -2.81, -2.5, -1.68, -2.51, -3.02, -3.34, -4.15, -4.46, -4.66, -4.78, -4.85, -4.88, -3.38, -3.38, -3.36, -3.34, -3.31, -3.25, -3.14, -2.96, -2.81, -2.27, -1.94, -2.46, -2.92, -3.24, -3.98, -4.28, -4.49, -4.63, -4.71, -4.76, -3.36, -3.34, -3.32, -3.29, -3.25, -3.18, -3.07, -2.9, -2.87, -2.6, -2.5, -2.69, -2.97, -3.21, -3.89, -4.16, -4.36, -4.5, -4.59, -4.66, -3.33, -3.32, -3.29, -3.26, -3.21, -3.14, -3.04, -3.15, -2.99, -2.86, -2.82, -2.9, -3.07, -3.24, -3.85, -4.08, -4.26, -4.4, -4.5, -4.57]}, {"header": {"refTime": "2023-09-02T22:00:00.000Z", "nx": 21, "ny": 33, "lo1": 113.509, "la1": 22.2235, "lo2": 113.5947, "la2": 22.1034, "dx": 0.0042850000000001385, "dy": 0.003753125000000024, "parameterCategory": 2, "parameterCategoryName": "Temperature", "parameterNumber": 3}, "data": [-0.66, -0.63, -0.59, 0.19, 0.19, -0.56, -0.52, -0.49, -0.5, -0.33, -0.44, -0.55, -0.97, -1.03, -1.21, -1.22, -1.36, -1.33, -1.31, -1.3, -0.67, -0.65, -0.61, -0.57, 0.19, 0.18, -0.47, -0.38, -0.34, -0.27, -0.45, -0.62, -1.06, -1.11, -1.28, -1.39, -1.35, -1.32, -1.3, -1.29, -0.7, -0.67, -0.64, -0.59, 0.18, 0.18, 0.17, -0.29, -0.01, -0.22, -0.49, -0.74, -1.2, -1.23, -1.46, -1.4, -1.34, -1.31, -1.29, -1.28, -0.73, -0.71, -0.68, -0.63, -0.57, 0.17, 0.17, 0.16, 0.15, -0.28, -0.58, -0.96, -1.46, -1.21, -1.48, -1.39, -1.32, -1.28, -1.27, -1.26, -0.77, -0.75, -0.73, -0.69, -0.63, 0.17, 0.16, 0.17, 0.19, -0.32, -0.62, -1.28, -1.84, -1.33, -1.47, -1.35, -1.28, -1.25, -1.24, -1.24, -0.81, -0.8, -0.79, -0.76, -0.71, -0.64, 0.14, 0.14, 0.19, 0.29, -0.53, -0.99, -1.43, -1.4, -1.39, -1.29, -1.22, -1.19, -1.2, -1.21, -0.35, -0.86, -0.86, -0.85, -0.81, -0.74, -0.41, 0.06, 0.1, 0.25, 0.35, -0.47, -1.03, -1.07, -1.28, -1.23, -1.16, -1.13, -1.15, -1.17, -0.35, -0.39, -0.45, -0.73, -0.72, -0.66, -0.5, -0.33, -0.18, 0.31, 0.7, -0.08, -0.23, -0.83, -0.61, -0.74, -0.89, -0.95, -0.86, -0.81, -0.35, -0.4, -0.47, -0.57, -0.86, -0.82, -0.65, -0.43, 0.24, 0.2, 0.23, -0.08, -0.22, -0.15, -0.58, -0.69, -0.79, -0.83, -0.81, -0.78, 0.01, -0.06, -0.17, -0.63, -0.85, -1.14, -0.83, -0.47, 0.45, 0.52, 0.08, -0.08, -0.21, -0.15, -0.57, -0.65, -0.72, -0.75, -0.76, -0.75, 0.04, -0.03, -0.13, -0.32, -0.72, -1.87, -0.46, 0.21, -0.06, 0.6, 0.47, -0.05, -0.1, -0.1, -0.57, -0.62, -0.67, -0.71, -0.72, -0.72, 0.08, 0.04, -0.03, -0.14, -0.33, -0.43, 0.11, 0.58, 0.72, 0.89, 0.53, 0.02, -0.06, -0.06, -0.57, -0.61, -0.65, -0.69, -0.71, -0.71, 0.14, 0.12, 0.11, 0.11, 0.18, 0.47, 0.9, 0.81, 0.76, 0.65, 0.83, 0.1, 0.02, -0.43, -0.43, -0.62, -0.65, -0.67, -0.68, -0.69, 0.2, 0.21, 0.23, 0.3, 0.48, 0.87, 1.58, 0.98, 0.77, 0.66, 0.9, 0.09, 0.0, -0.06, -0.45, -0.61, -0.63, -0.64, -0.66, -0.67, 0.25, 0.27, 0.32, 0.41, 0.57, 0.81, 0.99, 1.12, 0.95, 0.84, 0.77, -0.06, -0.04, -0.11, -0.16, -0.6, -0.61, -0.63, -0.64, -0.65, 0.29, 0.32, -0.07, 0.01, 0.13, 0.96, 0.94, 0.84, 0.73, 0.66, -0.11, -0.15, -0.21, -0.52, -0.52, 0.47, 0.65, 0.84, 0.78, 0.87, -0.16, -0.13, -0.08, -0.03, 0.78, 0.73, 0.64, 0.51, 0.43, 0.42, -0.22, -0.24, -0.29, -0.36, 0.05, 0.04, 0.24, 0.39, 0.49, 0.55, -0.16, -0.14, -0.11, -0.09, 0.63, 0.53, 0.37, 0.14, 0.02, -0.14, -0.09, -0.29, -0.33, 0.02, -0.44, -0.02, 0.27, 0.45, 0.55, 0.61, -0.17, -0.16, -0.14, 0.6, 0.52, 0.39, 0.17, -0.18, -0.55, -0.29, -0.78, -0.77, 0.39, 0.25, -0.05, 0.17, 0.41, 0.56, 0.64, 0.68, -0.18, -0.17, -0.04, -0.08, -0.13, -0.21, -0.32, -0.45, -0.75, -0.79, -0.81, -0.8, 0.61, 0.65, 0.35, 0.49, 0.64, 0.74, 0.77, 0.76, -0.07, -0.09, -0.12, -0.17, -0.23, -0.3, -0.38, -0.45, -0.84, -0.85, -0.86, -0.85, 0.88, 0.6, 0.68, 0.82, 0.94, 0.96, 0.9, 0.84, -0.13, -0.16, -0.2, -0.25, -0.31, -0.37, -0.45, -0.72, -0.92, -0.93, -0.93, -0.91, 0.88, 0.8, 0.95, 1.16, 1.3, 1.21, 1.02, 0.89, -0.18, -0.21, -0.26, -0.63, -0.66, -0.68, -0.72, -0.76, -0.8, -0.81, -0.78, 0.43, 0.37, 0.94, 1.14, 1.49, 1.9, 1.48, 1.04, 0.88, -0.58, -0.59, -0.61, -0.62, -0.65, -0.68, -0.73, -0.81, -0.9, -0.93, -0.85, 0.61, 0.28, 0.63, 0.99, 1.55, 3.12, 1.04, 0.78, 0.78, -0.57, -0.58, -0.59, -0.61, -0.63, -0.67, -0.73, -0.83, -1.02, -1.19, -0.92, 0.44, 1.02, 0.53, 0.81, 1.0, 0.57, -0.32, 0.48, 0.67, -0.56, -0.56, -0.57, -0.58, -0.6, -0.63, -0.68, -0.78, -0.96, -1.12, -0.17, 0.42, 0.93, 0.42, 0.62, 0.98, 0.67, 0.46, 0.51, 0.63, -0.54, -0.54, -0.55, -0.55, -0.56, -0.58, -0.6, -0.64, -0.68, -0.66, 0.17, 0.51, 0.89, 0.98, 0.98, 0.92, 0.79, 0.71, 0.74, 0.82, -0.52, -0.52, -0.52, -0.52, -0.52, -0.51, -0.5, -0.47, -0.39, 0.32, 0.45, -0.44, -0.66, -0.87, 0.93, 0.9, 0.85, 0.82, 0.82, 0.85, -0.51, -0.5, -0.5, -0.49, -0.48, -0.45, -0.41, -0.33, -0.18, 0.51, 0.3, -0.17, -0.51, -0.75, 0.9, 0.9, 0.88, 0.86, 0.86, 0.88, -0.49, -0.49, -0.48, -0.46, -0.44, -0.4, -0.35, -0.26, -0.31, -0.02, 0.15, -0.16, -0.45, -0.68, 0.89, 0.89, 0.89, 0.89, 0.89, 0.9, -0.48, -0.47, -0.46, -0.44, -0.41, -0.37, -0.32, -0.24, -0.36, -0.22, -0.18, -0.3, -0.49, -0.67, 0.88, 0.89, 0.9, 0.9, 0.9, 0.91, -0.47, -0.46, -0.44, -0.42, -0.39, -0.36, -0.31, -0.53, -0.44, -0.38, -0.37, -0.44, -0.55, -0.68, 0.88, 0.89, 0.9, 0.9, 0.91, 0.92]}, {"header": {"refTime": "2023-09-02T22:00:00.000Z", "nx": 21, "ny": 33, "lo1": 113.509, "la1": 22.2235, "lo2": 113.5947, "la2": 22.1034, "dx": 0.0042850000000001385, "dy": 0.003753125000000024, "parameterCategory": 0, "parameterCategoryName": "Temperature", "parameterNumber": 0}, "data": [[26.56, 26.56, 26.56, 26.3, 26.32, 26.5, 26.51, 26.52, 26.53, 26.46, 26.45, 26.44, 26.55, 26.55, 26.51, 26.5, 26.44, 26.43, 26.43, 26.42], [26.57, 26.56, 26.56, 26.56, 26.31, 26.34, 26.51, 26.53, 26.54, 26.48, 26.46, 26.45, 26.55, 26.55, 26.51, 26.45, 26.44, 26.43, 26.42, 26.42], [26.57, 26.56, 26.56, 26.55, 26.31, 26.33, 26.37, 26.54, 26.59, 26.5, 26.46, 26.45, 26.55, 26.55, 26.46, 26.45, 26.43, 26.42, 26.42, 26.41], [26.57, 26.57, 26.56, 26.56, 26.55, 26.31, 26.34, 26.4, 26.45, 26.47, 26.44, 26.45, 26.56, 26.42, 26.47, 26.44, 26.42, 26.41, 26.41, 26.41], [26.58, 26.57, 26.57, 26.56, 26.55, 26.28, 26.3, 26.31, 26.31, 26.4, 26.4, 26.42, 26.53, 26.44, 26.46, 26.43, 26.41, 26.4, 26.39, 26.4], [26.58, 26.58, 26.57, 26.56, 26.55, 26.53, 26.25, 26.24, 26.23, 26.19, 26.28, 26.37, 26.46, 26.53, 26.45, 26.42, 26.38, 26.37, 26.38, 26.39], [26.59, 26.59, 26.59, 26.58, 26.56, 26.53, 26.3, 26.2, 26.18, 26.1, 26.09, 26.29, 26.49, 26.5, 26.43, 26.4, 26.35, 26.33, 26.36, 26.37], [26.6, 26.6, 26.61, 26.6, 26.59, 26.4, 26.33, 26.25, 26.18, 26.08, 25.98, 26.25, 26.25, 26.5, 26.34, 26.35, 26.33, 26.32, 26.33, 26.34], [26.5, 26.51, 26.63, 26.64, 26.65, 26.62, 26.54, 26.3, 26.1, 26.11, 26.09, 26.17, 26.2, 26.15, 26.34, 26.35, 26.34, 26.33, 26.34, 26.34], [26.9, 26.9, 26.9, 26.57, 26.62, 26.74, 26.66, 26.54, 26.03, 26.05, 26.2, 26.12, 26.15, 26.13, 26.34, 26.36, 26.35, 26.34, 26.34, 26.35], [26.9, 26.9, 26.9, 26.9, 26.9, 26.9, 26.9, 26.9, 26.65, 26.1, 25.9, 26.09, 26.11, 26.11, 26.34, 26.36, 26.35, 26.35, 26.35, 26.35], [26.9, 26.9, 26.9, 26.9, 26.9, 26.9, 26.9, 26.9, 26.9, -999.0, 25.9, 26.4, 26.4, 26.1, 26.34, 26.36, 26.36, 25.9, 25.91, 25.91], [26.9, 26.9, 26.9, 26.9, 26.9, 26.9, 26.9, 26.9, 26.9, 26.9, -999.0, 26.4, 26.4, 25.88, 26.11, 26.05, 26.05, 25.96, 25.98, 25.98], [26.9, 26.9, 26.9, 26.9, 26.9, 26.9, 26.9, 26.9, 26.9, 26.9, -999.0, 25.6, 25.6, 25.6, 26.04, 25.99, 26.0, 25.91, 25.93, 25.94], [26.9, 26.9, 26.9, 26.9, 26.9, 26.9, 26.9, 26.7, 26.7, 26.7, 26.7, 26.28, 25.6, 25.6, 25.6, 25.92, 25.94, 25.86, 25.89, 25.91], [26.9, 26.9, 26.77, 26.77, 26.77, 26.7, 26.7, 26.7, 26.7, 26.7, 26.01, 26.09, 25.98, 25.89, 25.99, 25.97, 26.02, 25.92, 26.05, 26.09], [26.77, 26.77, 26.83, 26.83, 26.7, 26.7, 26.7, 26.7, 26.7, 26.7, 26.23, 26.09, 25.95, 25.81, 25.84, 25.84, 25.92, 25.99, 26.04, 26.07], [26.83, 26.83, 26.82, 26.82, 26.7, 26.7, 26.7, 26.7, 26.7, 26.42, 26.27, 26.11, 25.94, 25.85, 25.64, 25.81, 25.93, 26.01, 26.06, 26.09], [26.82, 26.82, 26.82, 26.7, 26.7, 26.7, 26.7, 26.7, 26.6, 26.49, 26.38, 26.25, 26.08, 25.93, 25.8, 25.88, 25.99, 26.05, 26.1, 26.12], [26.82, 26.82, 26.7, 26.7, 26.7, 26.7, 26.7, 26.7, 26.6, 26.51, 26.4, 26.29, 26.15, 26.07, 25.96, 26.01, 26.07, 26.12, 26.14, 26.16], [26.7, 26.7, 26.7, 26.7, 26.7, 26.7, 26.7, 26.7, 26.53, 26.48, 26.41, 26.33, 26.22, 26.05, 26.08, 26.12, 26.17, 26.19, 26.2, 26.2], [26.7, 26.7, 26.7, 26.7, 26.7, 26.7, 26.7, 26.72, 26.51, 26.48, 26.43, 26.37, 26.28, 26.13, 26.17, 26.22, 26.26, 26.27, 26.25, 26.23], [26.7, 26.7, 26.7, 26.73, 26.72, 26.72, 26.72, 26.72, 26.72, 26.72, 26.72, 26.67, 26.52, 26.19, 26.24, 26.3, 26.36, 26.34, 26.29, 26.26], [26.73, 26.73, 26.73, 26.73, 26.73, 26.72, 26.72, 26.72, 26.72, 26.72, 26.72, 26.7, 26.52, 26.49, 26.47, 26.34, 26.48, 26.35, 26.3, 26.27], [26.73, 26.73, 26.73, 26.73, 26.73, 26.73, 26.73, 26.72, 26.72, 26.71, 26.72, 26.71, 26.7, 26.49, 26.47, 26.44, 26.32, 26.28, 26.29, 26.27], [26.73, 26.73, 26.73, 26.73, 26.73, 26.73, 26.73, 26.73, 26.72, 26.71, 26.71, 26.71, 26.71, 26.5, 26.47, 26.45, 26.42, 26.4, 26.28, 26.27], [26.73, 26.73, 26.73, 26.73, 26.73, 26.73, 26.73, 26.73, 26.73, 26.73, 26.73, 26.72, 26.72, 26.54, 26.51, 26.47, 26.45, 26.44, 26.44, 26.45], [26.73, 26.73, 26.73, 26.74, 26.74, 26.74, 26.74, 26.74, 26.75, 26.75, 26.75, 26.68, 26.64, 26.6, 26.53, 26.5, 26.47, 26.46, 26.46, 26.46], [26.74, 26.74, 26.74, 26.74, 26.74, 26.74, 26.74, 26.75, 26.76, 26.77, 26.77, 26.71, 26.66, 26.61, 26.55, 26.52, 26.5, 26.48, 26.48, 26.48], [26.74, 26.74, 26.74, 26.74, 26.74, 26.74, 26.75, 26.75, 26.7, 26.73, 26.75, 26.71, 26.66, 26.62, 26.56, 26.53, 26.51, 26.5, 26.49, 26.49], [26.74, 26.74, 26.74, 26.74, 26.74, 26.74, 26.75, 26.75, 26.69, 26.71, 26.71, 26.69, 26.66, 26.62, 26.57, 26.54, 26.53, 26.51, 26.5, 26.5], [26.74, 26.74, 26.74, 26.74, 26.74, 26.75, 26.75, 26.67, 26.68, 26.68, 26.68, 26.67, 26.65, 26.62, 26.57, 26.55, 26.54, 26.52, 26.51, 26.51]]}]