gis_exercise/awsData/contour/wdir_2023083101.json
[{"header": {"refTime": "2023-08-31T01:00:00.000Z", "nx": 21, "ny": 33, "lo1": 113.509, "la1": 22.2235, "lo2": 113.5947, "la2": 22.1034, "dx": 0.0042850000000001385, "dy": 0.003753125000000024, "parameterCategory": 2, "parameterCategoryName": "Temperature", "parameterNumber": 2}, "data": [-0.5, -0.5, -0.5, -0.12, -0.14, -0.12, -0.14, -0.16, -0.15, 0.25, 0.39, 0.52, 0.55, 0.62, 0.24, 0.21, 0.57, 0.53, 0.49, 0.47, -0.49, -0.5, -0.5, -0.51, -0.14, -0.17, -0.18, -0.24, -0.27, 0.13, 0.37, 0.56, 0.62, 0.68, 0.29, 0.62, 0.55, 0.5, 0.46, 0.44, -0.49, -0.49, -0.5, -0.5, -0.14, -0.17, -0.23, -0.31, -0.5, 0.03, 0.41, 0.65, 0.73, 0.77, 0.72, 0.61, 0.51, 0.44, 0.41, 0.39, -0.49, -0.49, -0.49, -0.5, -0.51, -0.15, -0.2, -0.27, -0.34, 0.2, 0.55, 0.81, 0.91, 1.23, 0.73, 0.58, 0.45, 0.37, 0.33, 0.33, -0.48, -0.49, -0.49, -0.49, -0.5, -0.13, -0.14, -0.16, -0.14, 0.49, 0.73, 1.24, 1.31, 1.24, 0.72, 0.51, 0.34, 0.24, 0.23, 0.26, -0.48, -0.48, -0.48, -0.48, -0.49, -0.5, -0.11, -0.1, -0.03, 0.12, 1.17, 1.2, 1.25, 1.0, 0.66, 0.4, 0.15, 0.05, 0.1, 0.18, -0.5, -0.47, -0.47, -0.47, -0.48, -0.49, -0.05, -0.14, -0.07, 0.54, 0.78, 1.12, 0.88, 0.86, 0.59, 0.29, -0.1, -0.25, -0.14, -0.03, -0.49, -0.49, -0.49, -0.41, -0.42, -0.08, -0.1, -0.2, -0.26, 0.57, 1.01, 0.83, 0.77, 0.73, 0.18, -0.01, -0.25, -0.34, -0.21, -0.12, -0.49, -0.49, -0.48, -0.47, -0.4, -0.41, -0.43, -0.12, -0.06, 0.5, 0.83, 0.67, 0.46, 0.56, 0.19, 0.04, -0.1, -0.16, -0.13, -0.09, -0.45, -0.44, -0.44, -0.47, -0.45, -0.38, -0.4, -0.42, -0.01, 0.13, 0.72, 0.56, 0.38, 0.52, 0.18, 0.09, 0.0, -0.05, -0.06, -0.04, -0.45, -0.45, -0.44, -0.43, -0.41, -0.35, -0.41, -0.43, -0.41, 0.01, 0.27, 0.6, 0.54, 0.56, 0.18, 0.12, 0.06, 0.02, -0.0, -0.0, -0.46, -0.45, -0.45, -0.45, -0.44, -0.43, -0.45, -0.43, -0.41, -0.34, 0.18, 0.18, 0.22, 0.6, 0.18, 0.14, 0.09, -0.08, -0.09, -0.09, -0.46, -0.46, -0.46, -0.46, -0.47, -0.5, -0.53, -0.47, -0.43, -0.44, -0.32, 0.15, 0.19, 0.43, 0.43, 0.01, -0.01, -0.03, -0.04, -0.05, -0.46, -0.47, -0.47, -0.48, -0.49, -0.54, -0.62, -0.52, -0.47, -0.46, -0.34, 0.01, 0.05, 0.09, 0.43, 0.06, 0.04, 0.02, 0.0, -0.01, -0.47, -0.47, -0.48, -0.48, -0.5, -0.52, -0.54, -0.37, -0.3, -0.26, -0.23, 0.14, 0.09, 0.13, 0.15, 0.12, 0.09, 0.07, 0.04, 0.02, -0.47, -0.47, -0.25, -0.26, -0.28, -0.29, -0.28, -0.25, -0.2, -0.18, 0.16, 0.19, 0.22, 0.35, 0.35, 0.61, 0.66, 0.71, 0.57, 0.58, -0.22, -0.22, -0.22, -0.22, -0.22, -0.2, -0.16, -0.1, -0.06, -0.06, 0.22, 0.23, 0.26, 0.3, 0.57, 0.35, 0.33, 0.31, 0.3, 0.28, -0.2, -0.19, -0.19, -0.17, -0.15, -0.11, -0.03, 0.07, 0.12, 0.21, 0.19, 0.26, 0.29, 0.57, 0.43, 0.36, 0.34, 0.32, 0.3, 0.28, -0.18, -0.17, -0.16, -0.14, -0.1, -0.04, 0.05, 0.21, 0.38, 0.27, 0.44, 0.44, 0.69, 0.64, 0.37, 0.35, 0.33, 0.31, 0.29, 0.27, -0.16, -0.15, 0.1, 0.11, 0.14, 0.18, 0.23, 0.3, 0.44, 0.44, 0.44, 0.44, 0.75, 0.75, 0.35, 0.35, 0.34, 0.32, 0.29, 0.27, 0.1, 0.11, 0.12, 0.14, 0.17, 0.2, 0.24, 0.28, 0.45, 0.45, 0.45, 0.44, 0.83, 0.33, 0.35, 0.36, 0.35, 0.33, 0.28, 0.25, 0.12, 0.13, 0.15, 0.17, 0.19, 0.22, 0.25, 0.6, 0.46, 0.46, 0.45, 0.45, 0.92, 0.33, 0.36, 0.4, 0.41, 0.35, 0.27, 0.22, 0.14, 0.15, 0.17, 0.67, 0.66, 0.65, 0.64, 0.63, 0.63, 0.63, 0.64, 0.86, 0.34, 0.32, 0.36, 0.46, 0.6, 0.4, 0.21, 0.17, 0.7, 0.7, 0.69, 0.69, 0.68, 0.67, 0.66, 0.65, 0.63, 0.62, 0.65, 1.04, 0.34, 0.33, 0.35, 0.44, 1.12, 0.12, 0.05, 0.09, 0.71, 0.71, 0.7, 0.7, 0.7, 0.69, 0.68, 0.66, 0.61, 0.57, 0.64, 1.01, 1.14, 0.3, 0.28, 0.23, -0.11, -0.56, -0.11, 0.03, 0.72, 0.72, 0.72, 0.72, 0.72, 0.72, 0.71, 0.69, 0.64, 0.6, 0.86, 1.02, 1.14, 0.27, 0.22, 0.24, 0.03, -0.1, -0.08, 0.01, 0.73, 0.73, 0.73, 0.74, 0.74, 0.74, 0.75, 0.74, 0.74, 0.75, 0.98, 1.07, 1.15, 0.53, 0.42, 0.29, 0.17, 0.1, 0.12, 0.17, 0.74, 0.74, 0.75, 0.75, 0.76, 0.77, 0.79, 0.81, 0.85, 1.06, 1.11, 0.61, 0.41, 0.19, 0.47, 0.36, 0.27, 0.22, 0.21, 0.23, 0.75, 0.75, 0.76, 0.77, 0.78, 0.8, 0.82, 0.86, 0.93, 1.16, 1.08, 0.76, 0.5, 0.28, 0.52, 0.43, 0.35, 0.31, 0.29, 0.29, 0.76, 0.76, 0.77, 0.78, 0.8, 0.82, 0.85, 0.89, 0.71, 0.88, 0.98, 0.76, 0.53, 0.33, 0.57, 0.48, 0.41, 0.37, 0.34, 0.33, 0.77, 0.77, 0.78, 0.79, 0.81, 0.83, 0.86, 0.9, 0.66, 0.74, 0.76, 0.66, 0.5, 0.35, 0.59, 0.52, 0.46, 0.42, 0.39, 0.37, 0.77, 0.78, 0.79, 0.8, 0.82, 0.84, 0.86, 0.54, 0.59, 0.62, 0.62, 0.56, 0.45, 0.33, 0.6, 0.54, 0.49, 0.45, 0.42, 0.41]}, {"header": {"refTime": "2023-08-31T01:00:00.000Z", "nx": 21, "ny": 33, "lo1": 113.509, "la1": 22.2235, "lo2": 113.5947, "la2": 22.1034, "dx": 0.0042850000000001385, "dy": 0.003753125000000024, "parameterCategory": 2, "parameterCategoryName": "Temperature", "parameterNumber": 3}, "data": [-2.41, -2.4, -2.38, -2.34, -2.32, -1.75, -1.76, -1.76, -1.74, -1.7, -1.62, -1.54, -1.98, -1.99, -2.9, -3.13, -4.07, -4.23, -4.36, -4.44, -2.42, -2.41, -2.39, -2.37, -2.32, -2.3, -1.79, -1.82, -1.82, -1.75, -1.62, -1.49, -1.9, -1.92, -2.86, -3.87, -4.13, -4.34, -4.48, -4.56, -2.43, -2.42, -2.41, -2.39, -2.33, -2.31, -2.26, -1.86, -1.97, -1.79, -1.59, -1.4, -1.76, -1.81, -3.48, -3.9, -4.25, -4.5, -4.65, -4.71, -2.44, -2.43, -2.42, -2.41, -2.38, -2.33, -2.29, -2.23, -2.18, -1.74, -1.52, -1.24, -1.49, -1.77, -3.41, -4.01, -4.47, -4.76, -4.89, -4.91, -2.46, -2.45, -2.44, -2.43, -2.41, -2.36, -2.35, -2.33, -2.32, -1.71, -1.49, -1.61, -0.88, -1.63, -3.46, -4.25, -4.85, -5.17, -5.22, -5.14, -2.47, -2.47, -2.47, -2.46, -2.45, -2.44, -2.4, -2.41, -2.42, -2.44, -2.4, -2.02, -1.52, -2.5, -3.75, -4.65, -5.46, -5.8, -5.63, -5.39, -2.98, -2.49, -2.49, -2.49, -2.49, -2.48, -2.63, -2.47, -2.49, -3.02, -3.15, -2.85, -3.41, -3.33, -4.16, -5.07, -6.27, -6.71, -6.13, -5.72, -2.99, -2.98, -2.96, -3.07, -3.05, -2.66, -2.63, -2.6, -2.68, -2.95, -2.88, -4.34, -4.59, -3.98, -5.89, -6.35, -6.91, -7.12, -6.81, -6.6, -3.0, -2.99, -2.97, -2.95, -3.05, -3.04, -3.02, -2.62, -2.87, -3.05, -3.96, -4.52, -4.94, -4.74, -5.83, -6.19, -6.54, -6.69, -6.63, -6.52, -3.48, -3.46, -3.42, -2.97, -2.93, -3.01, -3.09, -3.17, -3.15, -3.1, -4.28, -4.65, -5.02, -4.78, -5.8, -6.06, -6.29, -6.42, -6.44, -6.41, -3.49, -3.47, -3.43, -3.36, -3.22, -2.82, -3.36, -3.67, -3.5, -3.35, -4.24, -4.57, -4.7, -4.68, -5.8, -5.98, -6.14, -6.25, -6.3, -6.3, -3.5, -3.48, -3.45, -3.41, -3.34, -3.31, -3.54, -3.87, -4.02, -4.42, -4.26, -4.9, -4.96, -4.58, -5.82, -5.94, -6.06, -6.11, -6.14, -6.15, -3.52, -3.51, -3.49, -3.48, -3.49, -3.56, -3.68, -3.86, -3.97, -3.86, -4.48, -4.84, -4.9, -5.0, -4.98, -5.82, -5.88, -5.94, -5.99, -6.02, -3.53, -3.53, -3.53, -3.54, -3.57, -3.64, -3.73, -3.77, -3.82, -3.8, -4.44, -4.77, -4.8, -4.82, -4.92, -5.66, -5.72, -5.79, -5.85, -5.9, -3.55, -3.55, -3.56, -3.58, -3.61, -3.65, -3.7, -3.63, -3.6, -3.56, -3.52, -3.81, -4.75, -4.76, -4.76, -5.48, -5.56, -5.65, -5.72, -5.79, -3.56, -3.57, -3.02, -3.05, -3.08, -3.49, -3.47, -3.44, -3.4, -3.38, -3.64, -3.77, -3.9, -4.28, -4.34, -5.0, -5.07, -5.12, -5.72, -5.8, -2.97, -2.98, -2.99, -2.99, -3.38, -3.34, -3.28, -3.2, -3.15, -3.17, -3.52, -3.72, -3.93, -4.15, -4.45, -4.94, -5.07, -5.17, -5.24, -5.29, -2.95, -2.95, -2.95, -2.94, -3.29, -3.21, -3.08, -2.91, -2.83, -3.03, -3.28, -3.66, -3.94, -4.42, -4.57, -4.9, -5.08, -5.2, -5.27, -5.32, -2.94, -2.93, -2.92, -3.27, -3.21, -3.11, -2.94, -2.66, -2.44, -2.86, -3.04, -3.33, -4.18, -4.39, -4.87, -5.01, -5.16, -5.26, -5.32, -5.36, -2.92, -2.91, -2.91, -2.88, -2.84, -2.77, -2.67, -2.54, -2.54, -2.76, -3.02, -3.27, -4.18, -4.38, -5.11, -5.18, -5.28, -5.35, -5.39, -5.42, -2.92, -2.91, -2.89, -2.86, -2.82, -2.77, -2.7, -2.64, -2.76, -2.87, -3.03, -3.21, -4.22, -5.26, -5.29, -5.35, -5.42, -5.46, -5.47, -5.47, -2.91, -2.89, -2.87, -2.85, -2.82, -2.78, -2.75, -2.34, -2.88, -2.94, -3.04, -3.17, -4.44, -5.37, -5.43, -5.5, -5.55, -5.57, -5.55, -5.53, -2.9, -2.89, -2.87, -2.3, -2.31, -2.33, -2.35, -2.38, -2.41, -2.42, -2.4, -3.48, -4.7, -5.46, -5.52, -5.61, -5.68, -5.67, -5.62, -5.58, -2.27, -2.27, -2.28, -2.3, -2.31, -2.34, -2.37, -2.42, -2.49, -2.52, -2.46, -3.28, -4.64, -4.96, -5.24, -5.67, -5.81, -5.72, -5.65, -5.6, -2.26, -2.27, -2.28, -2.29, -2.31, -2.33, -2.37, -2.45, -2.58, -2.69, -2.51, -3.16, -3.4, -4.92, -5.21, -5.45, -5.7, -5.68, -5.65, -5.61, -2.26, -2.26, -2.27, -2.28, -2.29, -2.31, -2.35, -2.42, -2.54, -2.65, -2.9, -3.02, -3.25, -4.87, -5.14, -5.14, -5.32, -5.37, -5.63, -5.6, -2.25, -2.25, -2.25, -2.26, -2.27, -2.28, -2.3, -2.33, -2.36, -2.35, -2.73, -2.84, -3.07, -4.27, -4.63, -4.91, -5.08, -5.16, -5.15, -5.1, -2.24, -2.24, -2.24, -2.24, -2.24, -2.24, -2.24, -2.22, -2.17, -2.44, -2.38, -2.55, -2.83, -3.14, -4.39, -4.67, -4.86, -4.96, -4.99, -4.98, -2.23, -2.23, -2.23, -2.22, -2.21, -2.2, -2.18, -2.13, -2.04, -2.13, -1.83, -2.31, -2.69, -3.01, -4.19, -4.47, -4.66, -4.78, -4.84, -4.86, -2.22, -2.22, -2.21, -2.2, -2.19, -2.17, -2.14, -2.08, -2.39, -2.14, -1.98, -2.3, -2.64, -2.93, -4.04, -4.31, -4.5, -4.63, -4.71, -4.75, -2.21, -2.21, -2.2, -2.19, -2.17, -2.15, -2.12, -2.07, -2.47, -2.34, -2.32, -2.46, -2.69, -2.92, -3.96, -4.2, -4.38, -4.51, -4.59, -4.65, -2.2, -2.2, -2.19, -2.18, -2.16, -2.14, -2.11, -2.65, -2.57, -2.52, -2.52, -2.61, -2.76, -2.93, -3.92, -4.13, -4.29, -4.41, -4.5, -4.56]}, {"header": {"refTime": "2023-08-31T01:00:00.000Z", "nx": 21, "ny": 33, "lo1": 113.509, "la1": 22.2235, "lo2": 113.5947, "la2": 22.1034, "dx": 0.0042850000000001385, "dy": 0.003753125000000024, "parameterCategory": 0, "parameterCategoryName": "Temperature", "parameterNumber": 0}, "data": [[28.05, 28.05, 28.04, 27.78, 27.78, 28.04, 28.03, 28.03, 28.03, 27.91, 27.93, 27.94, 28.15, 28.16, 28.14, 28.13, 28.18, 28.17, 28.16, 28.16], [28.05, 28.05, 28.04, 28.03, 27.78, 27.79, 28.02, 28.0, 27.99, 27.91, 27.93, 27.96, 28.16, 28.18, 28.15, 28.19, 28.17, 28.16, 28.16, 28.15], [28.06, 28.05, 28.05, 28.04, 27.78, 27.79, 27.81, 27.98, 27.92, 27.91, 27.94, 27.99, 28.19, 28.2, 28.21, 28.19, 28.17, 28.15, 28.15, 28.14], [28.07, 28.06, 28.05, 28.05, 28.03, 27.79, 27.8, 27.82, 27.83, 27.9, 27.95, 28.04, 28.25, 28.11, 28.21, 28.18, 28.16, 28.14, 28.13, 28.13], [28.07, 28.07, 28.06, 28.06, 28.05, 27.78, 27.79, 27.79, 27.78, 27.87, 27.93, 28.13, 28.29, 28.15, 28.21, 28.17, 28.14, 28.12, 28.12, 28.12], [28.08, 28.08, 28.08, 28.07, 28.06, 28.05, 27.79, 27.79, 27.76, 27.7, 27.9, 28.05, 28.18, 28.3, 28.19, 28.15, 28.11, 28.09, 28.1, 28.11], [28.17, 28.09, 28.09, 28.09, 28.08, 28.07, 27.9, 27.81, 27.79, 27.7, 27.64, 27.92, 28.23, 28.25, 28.17, 28.12, 28.06, 28.04, 28.07, 28.1], [28.17, 28.17, 28.17, 28.17, 28.17, 27.96, 27.93, 27.92, 27.93, 27.66, 27.45, 27.85, 27.86, 28.25, 28.04, 28.05, 28.03, 28.02, 28.03, 28.04], [28.13, 28.13, 28.19, 28.19, 28.19, 28.18, 28.14, 27.92, 27.78, 27.72, 27.61, 27.73, 27.78, 27.71, 28.04, 28.05, 28.04, 28.03, 28.04, 28.04], [28.3, 28.3, 28.3, 28.16, 28.18, 28.23, 28.2, 28.14, 27.6, 27.64, 27.79, 27.65, 27.7, 27.67, 28.04, 28.06, 28.05, 28.04, 28.04, 28.05], [28.3, 28.3, 28.3, 28.3, 28.3, 28.3, 28.3, 28.3, 28.19, 27.76, 27.3, 27.6, 27.64, 27.64, 28.04, 28.06, 28.05, 28.05, 28.05, 28.05], [28.3, 28.3, 28.3, 28.3, 28.3, 28.3, 28.3, 28.3, 28.3, -999.0, 27.3, 28.1, 28.1, 27.62, 28.04, 28.06, 28.06, 26.92, 26.95, 26.95], [28.3, 28.3, 28.3, 28.3, 28.3, 28.3, 28.3, 28.3, 28.3, 28.3, -999.0, 28.1, 28.1, 26.79, 27.37, 27.31, 27.32, 27.09, 27.12, 27.14], [28.3, 28.3, 28.3, 28.3, 28.3, 28.3, 28.3, 28.3, 28.3, 28.3, -999.0, 26.1, 26.1, 26.1, 27.2, 27.15, 27.18, 26.94, 26.99, 27.03], [28.3, 28.3, 28.3, 28.3, 28.3, 28.3, 28.3, 28.0, 28.0, 28.0, 28.0, 27.27, 26.1, 26.1, 26.1, 26.97, 27.03, 26.81, 26.88, 26.93], [28.3, 28.3, 28.11, 28.11, 28.1, 28.0, 28.0, 28.0, 28.0, 28.0, 26.8, 26.94, 26.76, 26.6, 26.78, 26.8, 26.9, 26.72, 27.11, 27.18], [28.11, 28.11, 28.19, 28.19, 28.0, 28.0, 28.0, 28.0, 28.0, 28.0, 27.18, 26.95, 26.7, 26.47, 26.54, 26.55, 26.71, 26.83, 26.92, 26.98], [28.19, 28.19, 28.18, 28.18, 28.0, 28.0, 28.0, 28.0, 28.0, 27.52, 27.26, 26.98, 26.68, 26.55, 26.16, 26.5, 26.73, 26.87, 26.96, 27.02], [28.19, 28.18, 28.18, 28.0, 28.0, 28.0, 28.0, 28.0, 27.83, 27.63, 27.47, 27.24, 26.96, 26.7, 26.47, 26.63, 26.82, 26.95, 27.03, 27.08], [28.18, 28.18, 28.06, 28.05, 28.05, 28.05, 28.04, 28.02, 27.83, 27.69, 27.51, 27.31, 27.09, 26.95, 26.77, 26.86, 26.98, 27.07, 27.12, 27.15], [28.06, 28.06, 28.06, 28.04, 28.04, 28.04, 28.03, 28.03, 27.73, 27.65, 27.53, 27.39, 27.21, 26.95, 27.0, 27.08, 27.16, 27.21, 27.22, 27.22], [28.05, 28.05, 28.05, 28.04, 28.04, 28.04, 28.04, 28.09, 27.7, 27.66, 27.58, 27.47, 27.36, 27.1, 27.17, 27.27, 27.34, 27.35, 27.32, 27.29], [28.05, 28.05, 28.05, 28.11, 28.11, 28.11, 28.1, 28.1, 28.1, 28.11, 28.11, 28.04, 27.8, 27.21, 27.3, 27.42, 27.54, 27.49, 27.4, 27.34], [28.12, 28.12, 28.12, 28.12, 28.12, 28.12, 28.12, 28.12, 28.11, 28.12, 28.12, 28.13, 27.81, 27.76, 27.72, 27.49, 27.77, 27.51, 27.42, 27.36], [28.13, 28.13, 28.13, 28.13, 28.13, 28.13, 28.13, 28.12, 28.12, 28.11, 28.13, 28.13, 28.13, 27.76, 27.71, 27.67, 27.45, 27.37, 27.39, 27.36], [28.13, 28.13, 28.13, 28.13, 28.13, 28.14, 28.14, 28.13, 28.13, 28.12, 28.14, 28.14, 28.14, 27.76, 27.71, 27.69, 27.62, 27.59, 27.37, 27.35], [28.13, 28.14, 28.14, 28.14, 28.14, 28.14, 28.15, 28.15, 28.15, 28.16, 28.17, 28.17, 28.16, 27.85, 27.78, 27.73, 27.68, 27.66, 27.66, 27.68], [28.14, 28.14, 28.14, 28.15, 28.15, 28.15, 28.16, 28.17, 28.18, 28.2, 28.21, 28.08, 28.0, 27.92, 27.82, 27.77, 27.73, 27.7, 27.7, 27.7], [28.14, 28.14, 28.15, 28.15, 28.15, 28.16, 28.17, 28.18, 28.2, 28.24, 28.24, 28.13, 28.04, 27.95, 27.85, 27.8, 27.77, 27.74, 27.73, 27.73], [28.14, 28.15, 28.15, 28.15, 28.16, 28.17, 28.18, 28.19, 28.12, 28.17, 28.2, 28.13, 28.04, 27.97, 27.88, 27.83, 27.8, 27.77, 27.76, 27.75], [28.15, 28.15, 28.15, 28.16, 28.16, 28.17, 28.18, 28.19, 28.1, 28.12, 28.13, 28.09, 28.03, 27.97, 27.89, 27.85, 27.82, 27.8, 27.78, 27.77], [28.15, 28.15, 28.16, 28.16, 28.16, 28.17, 28.18, 28.05, 28.07, 28.08, 28.08, 28.05, 28.01, 27.97, 27.9, 27.86, 27.84, 27.81, 27.8, 27.79]]}]