gis_exercise/awsData/contour/wdir_2023090719.json
[{"header": {"refTime": "2023-09-07T19:00:00.000Z", "nx": 21, "ny": 33, "lo1": 113.509, "la1": 22.2235, "lo2": 113.5947, "la2": 22.1034, "dx": 0.0042850000000001385, "dy": 0.003753125000000024, "parameterCategory": 2, "parameterCategoryName": "Temperature", "parameterNumber": 2}, "data": [-0.72, -0.72, -0.72, -0.83, -0.82, -0.94, -0.91, -0.88, -0.88, -0.8, -0.85, -0.89, -1.34, -1.39, -1.15, -1.17, -1.7, -1.7, -1.7, -1.7, -0.72, -0.72, -0.72, -0.72, -0.82, -0.8, -0.89, -0.83, -0.79, -0.77, -0.85, -0.91, -1.36, -1.41, -1.17, -1.69, -1.69, -1.69, -1.69, -1.69, -0.72, -0.72, -0.72, -0.73, -0.83, -0.81, -0.77, -0.79, -0.63, -0.74, -0.86, -0.95, -1.39, -1.43, -1.68, -1.68, -1.68, -1.68, -1.68, -1.69, -0.72, -0.72, -0.73, -0.73, -0.74, -0.84, -0.8, -0.75, -0.7, -0.78, -0.9, -1.02, -1.43, -1.49, -1.67, -1.68, -1.67, -1.67, -1.67, -1.68, -0.71, -0.72, -0.72, -0.73, -0.75, -0.87, -0.86, -0.84, -0.82, -0.85, -0.94, -1.45, -1.41, -1.49, -1.67, -1.68, -1.66, -1.65, -1.65, -1.66, -0.71, -0.71, -0.72, -0.73, -0.75, -0.78, -0.92, -0.93, -0.92, -0.89, -1.43, -1.49, -1.49, -1.77, -1.71, -1.68, -1.63, -1.61, -1.63, -1.65, -0.89, -0.7, -0.71, -0.72, -0.74, -0.79, -0.91, -1.03, -1.03, -1.28, -1.3, -1.61, -1.98, -1.93, -1.76, -1.68, -1.58, -1.54, -1.52, -1.54, -0.88, -0.87, -0.86, -0.92, -0.93, -0.8, -0.89, -1.05, -1.3, -1.22, -1.0, -1.95, -2.11, -2.03, -1.98, -1.84, -1.67, -1.61, -1.7, -1.76, -0.87, -0.86, -0.84, -0.81, -0.85, -0.88, -0.97, -0.94, -1.19, -1.32, -1.55, -1.87, -1.96, -1.92, -1.98, -1.88, -1.78, -1.73, -1.75, -1.79, -0.92, -0.9, -0.87, -0.77, -0.7, -0.7, -0.86, -1.03, -1.21, -1.16, -1.69, -1.83, -1.9, -1.89, -1.98, -1.91, -1.85, -1.81, -1.81, -1.82, -0.93, -0.91, -0.87, -0.82, -0.7, -0.34, -0.8, -1.05, -1.17, -1.24, -1.44, -1.8, -1.84, -1.85, -1.98, -1.93, -1.89, -1.86, -1.85, -1.85, -0.94, -0.92, -0.9, -0.86, -0.8, -0.78, -0.96, -1.21, -1.32, -1.53, -1.45, -1.96, -1.99, -1.82, -1.98, -1.95, -1.92, -1.6, -1.59, -1.58, -0.95, -0.95, -0.94, -0.93, -0.94, -1.01, -1.13, -1.23, -1.29, -1.21, -1.56, -1.92, -1.96, -1.94, -1.93, -1.62, -1.6, -1.59, -1.59, -1.58, -0.97, -0.97, -0.97, -0.98, -1.02, -1.1, -1.21, -1.18, -1.2, -1.18, -1.54, -1.61, -1.62, -1.61, -1.86, -1.59, -1.58, -1.58, -1.58, -1.58, -0.98, -0.99, -1.0, -1.01, -1.05, -1.1, -1.14, -1.21, -1.2, -1.19, -1.17, -1.22, -1.58, -1.57, -1.57, -1.56, -1.56, -1.56, -1.57, -1.57, -1.0, -1.0, -0.78, -0.8, -0.83, -1.15, -1.15, -1.13, -1.12, -1.11, -1.16, -1.19, -1.23, -1.35, -1.37, -1.38, -1.37, -1.35, -1.22, -1.21, -0.75, -0.76, -0.77, -0.79, -1.11, -1.09, -1.07, -1.03, -1.01, -1.02, -1.11, -1.17, -1.23, -1.29, -1.23, -1.2, -1.12, -1.06, -1.02, -0.99, -0.75, -0.76, -0.77, -0.77, -1.07, -1.04, -0.98, -0.91, -0.88, -0.92, -1.0, -1.14, -1.22, -1.23, -1.38, -1.22, -1.11, -1.04, -1.0, -0.97, -0.75, -0.76, -0.76, -1.06, -1.04, -0.99, -0.92, -0.8, -0.7, -0.85, -0.64, -0.73, -1.06, -1.17, -1.24, -1.16, -1.07, -1.01, -0.97, -0.94, -0.75, -0.75, -0.52, -0.52, -0.52, -0.52, -0.53, -0.55, -0.58, -0.57, -0.59, -0.66, -1.01, -1.07, -1.1, -1.05, -0.99, -0.95, -0.93, -0.91, -0.49, -0.48, -0.48, -0.47, -0.46, -0.46, -0.45, -0.46, -0.48, -0.49, -0.51, -0.57, -0.97, -1.01, -0.99, -0.95, -0.91, -0.89, -0.88, -0.88, -0.46, -0.45, -0.43, -0.42, -0.4, -0.38, -0.36, -0.05, -0.36, -0.36, -0.39, -0.45, -0.55, -0.94, -0.91, -0.87, -0.84, -0.83, -0.83, -0.84, -0.42, -0.41, -0.39, 0.05, 0.05, 0.05, 0.06, 0.08, 0.12, 0.14, 0.15, -0.14, -0.24, -0.89, -0.85, -0.8, -0.76, -0.77, -0.79, -0.82, 0.08, 0.09, 0.09, 0.09, 0.1, 0.12, 0.15, 0.19, 0.25, 0.28, 0.26, 0.2, -0.22, -0.35, -0.46, -0.77, -0.71, -0.73, -0.77, -0.8, 0.1, 0.11, 0.12, 0.13, 0.14, 0.17, 0.21, 0.27, 0.36, 0.43, 0.34, 0.24, 0.13, -0.33, -0.45, -0.55, -0.73, -0.73, -0.76, -0.79, 0.12, 0.13, 0.14, 0.15, 0.18, 0.2, 0.24, 0.3, 0.38, 0.43, 0.35, 0.26, 0.16, -0.31, -0.42, -0.52, -0.58, -0.59, -0.77, -0.79, 0.14, 0.15, 0.16, 0.18, 0.2, 0.23, 0.26, 0.3, 0.34, 0.36, 0.33, 0.27, 0.19, -0.29, -0.39, -0.46, -0.51, -0.53, -0.53, -0.51, 0.15, 0.16, 0.17, 0.19, 0.21, 0.24, 0.27, 0.3, 0.33, 0.35, 0.34, 0.29, 0.21, 0.12, -0.32, -0.4, -0.45, -0.48, -0.48, -0.48, 0.16, 0.17, 0.18, 0.2, 0.22, 0.25, 0.27, 0.3, 0.34, 0.37, 0.4, 0.32, 0.23, 0.15, -0.27, -0.34, -0.4, -0.43, -0.44, -0.45, 0.17, 0.18, 0.19, 0.21, 0.23, 0.25, 0.27, 0.3, 0.32, 0.35, 0.37, 0.31, 0.24, 0.17, -0.23, -0.3, -0.35, -0.39, -0.41, -0.42, 0.17, 0.18, 0.2, 0.21, 0.23, 0.25, 0.27, 0.29, 0.3, 0.31, 0.31, 0.28, 0.23, 0.17, -0.21, -0.27, -0.32, -0.35, -0.38, -0.39, 0.18, 0.19, 0.2, 0.21, 0.23, 0.25, 0.26, 0.27, 0.28, 0.28, 0.27, 0.25, 0.21, 0.17, -0.2, -0.25, -0.3, -0.33, -0.35, -0.37]}, {"header": {"refTime": "2023-09-07T19:00:00.000Z", "nx": 21, "ny": 33, "lo1": 113.509, "la1": 22.2235, "lo2": 113.5947, "la2": 22.1034, "dx": 0.0042850000000001385, "dy": 0.003753125000000024, "parameterCategory": 2, "parameterCategoryName": "Temperature", "parameterNumber": 3}, "data": [0.98, 0.96, 0.93, 0.56, 0.54, 0.89, 0.83, 0.78, 0.78, 0.62, 0.71, 0.8, 1.36, 1.43, 1.92, 2.03, 2.68, 2.73, 2.76, 2.79, 0.99, 0.97, 0.94, 0.91, 0.55, 0.52, 0.79, 0.68, 0.62, 0.56, 0.71, 0.85, 1.41, 1.48, 1.97, 2.63, 2.71, 2.76, 2.8, 2.82, 1.01, 0.99, 0.97, 0.93, 0.57, 0.53, 0.48, 0.6, 0.29, 0.51, 0.74, 0.93, 1.5, 1.55, 2.53, 2.65, 2.74, 2.82, 2.86, 2.87, 1.03, 1.02, 1.0, 0.97, 0.93, 0.57, 0.52, 0.45, 0.37, 0.58, 0.82, 1.08, 1.63, 1.65, 2.52, 2.68, 2.81, 2.9, 2.93, 2.93, 1.06, 1.05, 1.04, 1.02, 0.99, 0.63, 0.61, 0.58, 0.54, 0.69, 0.89, 1.64, 1.78, 1.69, 2.53, 2.75, 2.93, 3.03, 3.04, 3.01, 1.09, 1.09, 1.08, 1.08, 1.06, 1.04, 0.71, 0.72, 0.7, 0.62, 1.37, 1.58, 1.72, 1.96, 2.59, 2.86, 3.12, 3.23, 3.17, 3.09, 1.61, 1.12, 1.13, 1.13, 1.13, 1.13, 1.15, 0.9, 0.89, 1.05, 1.01, 1.52, 2.04, 2.0, 2.66, 2.98, 3.38, 3.53, 3.21, 3.03, 1.62, 1.62, 1.61, 1.52, 1.52, 1.2, 1.19, 1.21, 1.32, 0.97, 0.59, 1.7, 1.89, 2.01, 2.6, 2.93, 3.34, 3.49, 3.26, 3.11, 1.63, 1.62, 1.62, 1.61, 1.53, 1.52, 1.51, 1.19, 1.13, 1.11, 1.22, 1.62, 1.74, 1.68, 2.51, 2.79, 3.06, 3.17, 3.13, 3.05, 1.69, 1.69, 1.68, 1.62, 1.61, 1.54, 1.53, 1.52, 1.15, 1.05, 1.4, 1.58, 1.68, 1.65, 2.46, 2.68, 2.87, 2.97, 2.99, 2.96, 1.69, 1.69, 1.69, 1.67, 1.65, 1.58, 1.65, 1.67, 1.55, 1.17, 1.25, 1.54, 1.6, 1.6, 2.46, 2.62, 2.75, 2.84, 2.88, 2.89, 1.7, 1.7, 1.69, 1.69, 1.68, 1.67, 1.69, 1.67, 1.65, 1.71, 1.31, 1.86, 1.88, 1.56, 2.48, 2.59, 2.69, 2.85, 2.89, 2.9, 1.7, 1.7, 1.71, 1.71, 1.72, 1.75, 1.78, 1.71, 1.67, 1.69, 1.73, 1.85, 1.87, 2.18, 2.2, 2.67, 2.74, 2.79, 2.83, 2.85, 1.71, 1.71, 1.72, 1.72, 1.74, 1.79, 1.88, 1.77, 1.72, 1.71, 1.74, 1.96, 2.01, 2.05, 2.26, 2.67, 2.71, 2.75, 2.78, 2.81, 1.71, 1.72, 1.72, 1.73, 1.75, 1.78, 1.79, 1.52, 1.44, 1.37, 1.33, 1.6, 2.09, 2.14, 2.18, 2.67, 2.7, 2.73, 2.75, 2.78, 1.71, 1.72, 1.36, 1.38, 1.39, 1.41, 1.4, 1.34, 1.28, 1.24, 1.46, 1.61, 1.78, 1.97, 2.06, 2.25, 2.19, 2.14, 2.63, 2.63, 1.31, 1.31, 1.31, 1.3, 1.3, 1.26, 1.2, 1.12, 1.07, 1.07, 1.39, 1.6, 1.85, 2.11, 2.23, 2.21, 2.05, 1.93, 1.84, 1.78, 1.28, 1.27, 1.26, 1.23, 1.2, 1.13, 1.02, 0.87, 0.79, 1.1, 1.36, 1.57, 1.88, 2.21, 2.59, 2.26, 2.04, 1.89, 1.8, 1.74, 1.25, 1.24, 1.21, 1.18, 1.13, 1.04, 0.89, 0.64, 0.49, 0.92, 0.78, 1.07, 1.79, 2.08, 2.29, 2.13, 1.95, 1.82, 1.74, 1.68, 1.23, 1.21, 0.55, 0.53, 0.5, 0.47, 0.42, 0.36, 0.4, 0.52, 0.7, 0.94, 1.68, 1.87, 2.0, 1.91, 1.8, 1.71, 1.65, 1.62, 0.52, 0.5, 0.48, 0.46, 0.42, 0.39, 0.34, 0.31, 0.42, 0.49, 0.61, 0.79, 1.59, 1.82, 1.79, 1.71, 1.64, 1.58, 1.55, 1.54, 0.47, 0.45, 0.42, 0.39, 0.35, 0.3, 0.25, -0.07, 0.33, 0.38, 0.48, 0.63, 1.16, 1.68, 1.63, 1.55, 1.49, 1.46, 1.45, 1.47, 0.43, 0.4, 0.37, -0.09, -0.1, -0.11, -0.14, -0.17, -0.21, -0.23, -0.22, 0.14, 0.46, 1.58, 1.51, 1.44, 1.38, 1.35, 1.36, 1.4, -0.09, -0.09, -0.1, -0.11, -0.13, -0.15, -0.19, -0.25, -0.33, -0.37, -0.31, 0.05, 0.42, 0.63, 0.82, 1.36, 1.36, 1.22, 1.28, 1.35, -0.09, -0.1, -0.11, -0.12, -0.14, -0.18, -0.23, -0.31, -0.45, -0.57, -0.4, -0.01, 0.2, 0.6, 0.78, 0.94, 1.19, 1.09, 1.24, 1.33, -0.1, -0.1, -0.11, -0.13, -0.15, -0.18, -0.23, -0.31, -0.44, -0.54, -0.23, -0.0, 0.18, 0.56, 0.73, 1.0, 1.01, 1.0, 1.27, 1.33, -0.1, -0.11, -0.11, -0.13, -0.15, -0.17, -0.2, -0.24, -0.29, -0.29, -0.07, 0.06, 0.19, 0.82, 0.9, 0.95, 0.97, 0.98, 0.98, 0.98, -0.1, -0.1, -0.11, -0.12, -0.13, -0.15, -0.16, -0.16, -0.15, 0.03, 0.09, 0.04, 0.08, 0.13, 0.85, 0.9, 0.93, 0.95, 0.96, 0.96, -0.1, -0.1, -0.11, -0.11, -0.12, -0.12, -0.12, -0.1, -0.05, 0.15, 0.19, 0.12, 0.11, 0.14, 0.8, 0.86, 0.9, 0.92, 0.93, 0.93, -0.09, -0.1, -0.1, -0.1, -0.11, -0.1, -0.09, -0.06, 0.05, 0.12, 0.17, 0.13, 0.12, 0.14, 0.77, 0.83, 0.86, 0.89, 0.9, 0.91, -0.09, -0.09, -0.1, -0.1, -0.09, -0.09, -0.07, -0.05, 0.06, 0.1, 0.12, 0.12, 0.12, 0.14, 0.75, 0.8, 0.84, 0.87, 0.88, 0.89, -0.09, -0.09, -0.09, -0.09, -0.09, -0.08, -0.07, 0.04, 0.07, 0.09, 0.1, 0.11, 0.12, 0.14, 0.75, 0.79, 0.82, 0.85, 0.87, 0.88]}, {"header": {"refTime": "2023-09-07T19:00:00.000Z", "nx": 21, "ny": 33, "lo1": 113.509, "la1": 22.2235, "lo2": 113.5947, "la2": 22.1034, "dx": 0.0042850000000001385, "dy": 0.003753125000000024, "parameterCategory": 0, "parameterCategoryName": "Temperature", "parameterNumber": 0}, "data": [[26.07, 26.07, 26.07, 25.99, 26.0, 26.14, 26.14, 26.14, 26.15, 26.12, 26.13, 26.14, 26.24, 26.25, 26.37, 26.38, 26.42, 26.42, 26.43, 26.43], [26.07, 26.07, 26.07, 26.07, 26.0, 26.01, 26.14, 26.13, 26.13, 26.12, 26.13, 26.15, 26.25, 26.26, 26.38, 26.41, 26.42, 26.43, 26.43, 26.43], [26.07, 26.07, 26.07, 26.07, 26.0, 26.0, 26.02, 26.13, 26.11, 26.11, 26.14, 26.17, 26.27, 26.28, 26.41, 26.42, 26.43, 26.44, 26.44, 26.44], [26.07, 26.07, 26.07, 26.07, 26.07, 26.0, 26.01, 26.03, 26.05, 26.11, 26.14, 26.19, 26.3, 26.24, 26.41, 26.42, 26.44, 26.45, 26.45, 26.45], [26.07, 26.07, 26.07, 26.07, 26.07, 25.99, 25.99, 26.0, 26.0, 26.1, 26.14, 26.24, 26.33, 26.26, 26.41, 26.43, 26.45, 26.47, 26.47, 26.46], [26.07, 26.07, 26.07, 26.07, 26.06, 26.06, 25.98, 25.98, 25.97, 25.95, 26.12, 26.2, 26.27, 26.33, 26.4, 26.44, 26.48, 26.5, 26.49, 26.47], [26.06, 26.07, 26.07, 26.07, 26.06, 26.06, 25.97, 25.97, 25.96, 25.95, 25.94, 26.12, 26.29, 26.3, 26.4, 26.45, 26.52, 26.55, 26.56, 26.55], [26.06, 26.06, 26.06, 26.06, 26.06, 25.99, 25.98, 25.98, 25.99, 25.93, 25.86, 26.08, 26.08, 26.3, 26.45, 26.41, 26.5, 26.53, 26.48, 26.44], [26.04, 26.04, 26.06, 26.06, 26.06, 26.06, 26.05, 25.98, 25.94, 25.96, 25.95, 26.01, 26.04, 26.0, 26.44, 26.39, 26.44, 26.46, 26.45, 26.43], [26.1, 26.1, 26.1, 26.05, 26.06, 26.08, 26.07, 26.05, 25.89, 25.9, 26.04, 25.98, 26.0, 25.99, 26.44, 26.37, 26.41, 26.42, 26.42, 26.42], [26.1, 26.1, 26.1, 26.1, 26.1, 26.1, 26.1, 26.1, 26.06, 25.93, 25.8, 25.95, 25.97, 25.97, 26.44, 26.36, 26.39, 26.4, 26.4, 26.4], [26.1, 26.1, 26.1, 26.1, 26.1, 26.1, 26.1, 26.1, 26.1, -999.0, 25.8, 26.2, 26.2, 25.96, 26.45, 26.35, 26.36, 26.2, 26.21, 26.21], [26.1, 26.1, 26.1, 26.1, 26.1, 26.1, 26.1, 26.1, 26.1, 26.1, -999.0, 26.2, 26.2, 26.0, 26.09, 26.35, 26.35, 26.26, 26.28, 26.28], [26.1, 26.1, 26.1, 26.1, 26.1, 26.1, 26.1, 26.1, 26.1, 26.1, -999.0, 25.9, 25.9, 25.9, 26.06, 26.29, 26.3, 26.21, 26.23, 26.24], [26.1, 26.1, 26.1, 26.1, 26.1, 26.1, 26.1, 26.3, 26.3, 26.3, 26.3, 26.15, 25.9, 25.9, 25.9, 26.22, 26.24, 26.16, 26.19, 26.21], [26.1, 26.1, 26.23, 26.23, 26.23, 26.3, 26.3, 26.3, 26.3, 26.3, 26.05, 26.08, 26.04, 26.01, 26.04, 26.19, 26.24, 26.16, 26.3, 26.33], [26.23, 26.23, 26.17, 26.17, 26.3, 26.3, 26.3, 26.3, 26.3, 26.3, 26.13, 26.08, 26.03, 25.98, 26.04, 26.11, 26.18, 26.24, 26.28, 26.31], [26.17, 26.17, 26.18, 26.18, 26.3, 26.3, 26.3, 26.3, 26.3, 26.2, 26.14, 26.08, 26.02, 26.04, 25.92, 26.09, 26.19, 26.26, 26.3, 26.33], [26.18, 26.18, 26.18, 26.3, 26.3, 26.3, 26.3, 26.3, 26.26, 26.22, 26.2, 26.15, 26.15, 26.09, 26.07, 26.15, 26.23, 26.3, 26.33, 26.35], [26.18, 26.18, 26.36, 26.35, 26.35, 26.35, 26.34, 26.32, 26.27, 26.25, 26.21, 26.17, 26.2, 26.17, 26.21, 26.25, 26.31, 26.35, 26.37, 26.39], [26.36, 26.36, 26.36, 26.34, 26.34, 26.34, 26.33, 26.33, 26.26, 26.25, 26.22, 26.19, 26.24, 26.29, 26.31, 26.35, 26.39, 26.41, 26.42, 26.42], [26.35, 26.35, 26.35, 26.34, 26.34, 26.34, 26.34, 26.46, 26.27, 26.26, 26.24, 26.22, 26.32, 26.36, 26.39, 26.44, 26.47, 26.48, 26.47, 26.45], [26.35, 26.35, 26.35, 26.51, 26.51, 26.5, 26.49, 26.48, 26.48, 26.48, 26.5, 26.45, 26.53, 26.41, 26.45, 26.5, 26.55, 26.54, 26.5, 26.48], [26.54, 26.54, 26.53, 26.53, 26.52, 26.52, 26.51, 26.5, 26.49, 26.49, 26.5, 26.62, 26.52, 26.55, 26.57, 26.54, 26.63, 26.56, 26.52, 26.49], [26.55, 26.55, 26.54, 26.54, 26.54, 26.54, 26.53, 26.51, 26.48, 26.45, 26.51, 26.62, 26.66, 26.54, 26.56, 26.58, 26.55, 26.53, 26.52, 26.5], [26.56, 26.56, 26.56, 26.56, 26.56, 26.56, 26.55, 26.54, 26.5, 26.47, 26.59, 26.65, 26.68, 26.54, 26.56, 26.66, 26.63, 26.62, 26.51, 26.49], [26.57, 26.57, 26.57, 26.57, 26.58, 26.58, 26.58, 26.58, 26.58, 26.59, 26.68, 26.71, 26.71, 26.74, 26.71, 26.68, 26.66, 26.65, 26.65, 26.66], [26.57, 26.58, 26.58, 26.59, 26.59, 26.6, 26.62, 26.64, 26.67, 26.76, 26.8, 26.75, 26.71, 26.68, 26.73, 26.7, 26.68, 26.67, 26.67, 26.67], [26.58, 26.59, 26.59, 26.6, 26.61, 26.62, 26.64, 26.68, 26.73, 26.86, 26.93, 26.82, 26.75, 26.7, 26.75, 26.72, 26.7, 26.69, 26.68, 26.68], [26.59, 26.59, 26.6, 26.61, 26.62, 26.64, 26.66, 26.7, 26.78, 26.85, 26.89, 26.82, 26.76, 26.72, 26.76, 26.74, 26.72, 26.7, 26.7, 26.69], [26.59, 26.6, 26.61, 26.62, 26.63, 26.65, 26.67, 26.7, 26.77, 26.8, 26.82, 26.79, 26.75, 26.72, 26.77, 26.75, 26.73, 26.72, 26.71, 26.7], [26.6, 26.61, 26.61, 26.63, 26.64, 26.65, 26.67, 26.73, 26.75, 26.77, 26.78, 26.76, 26.74, 26.72, 26.77, 26.75, 26.74, 26.73, 26.72, 26.71]]}]