gis_exercise/awsData/contour/wdir_2023090717.json
[{"header": {"refTime": "2023-09-07T17:00:00.000Z", "nx": 21, "ny": 33, "lo1": 113.509, "la1": 22.2235, "lo2": 113.5947, "la2": 22.1034, "dx": 0.0042850000000001385, "dy": 0.003753125000000024, "parameterCategory": 2, "parameterCategoryName": "Temperature", "parameterNumber": 2}, "data": [-1.65, -1.64, -1.63, -1.39, -1.37, -1.68, -1.62, -1.57, -1.55, -1.26, -1.32, -1.37, -1.59, -1.62, -1.64, -1.64, -1.75, -1.74, -1.73, -1.72, -1.66, -1.65, -1.64, -1.62, -1.38, -1.35, -1.59, -1.48, -1.42, -1.23, -1.32, -1.4, -1.63, -1.66, -1.67, -1.77, -1.75, -1.73, -1.72, -1.71, -1.67, -1.66, -1.65, -1.64, -1.4, -1.37, -1.31, -1.41, -1.13, -1.2, -1.34, -1.46, -1.7, -1.71, -1.81, -1.77, -1.74, -1.72, -1.71, -1.7, -1.68, -1.68, -1.67, -1.66, -1.64, -1.41, -1.37, -1.28, -1.21, -1.23, -1.38, -1.56, -1.81, -1.72, -1.82, -1.76, -1.73, -1.7, -1.69, -1.69, -1.69, -1.69, -1.69, -1.69, -1.69, -1.47, -1.46, -1.42, -1.38, -1.27, -1.41, -1.75, -1.99, -1.78, -1.81, -1.74, -1.7, -1.68, -1.67, -1.67, -1.7, -1.71, -1.71, -1.72, -1.74, -1.76, -1.57, -1.59, -1.54, -1.41, -1.43, -1.63, -1.82, -2.11, -1.78, -1.71, -1.66, -1.64, -1.64, -1.66, -2.62, -1.72, -1.73, -1.74, -1.77, -1.82, -1.82, -1.81, -1.78, -1.49, -1.27, -1.42, -2.01, -2.08, -1.73, -1.68, -1.61, -1.58, -1.82, -1.9, -2.62, -2.59, -2.55, -2.54, -2.53, -1.75, -1.84, -2.05, -2.24, -1.44, -0.96, -1.54, -1.68, -2.11, -1.95, -1.84, -1.7, -1.65, -1.73, -1.78, -2.63, -2.59, -2.54, -2.48, -2.45, -2.46, -2.56, -1.89, -2.35, -1.53, -1.47, -1.8, -2.19, -2.0, -2.02, -1.91, -1.81, -1.76, -1.78, -1.8, -3.13, -3.08, -2.99, -2.45, -2.3, -2.23, -2.49, -2.76, -2.61, -2.4, -1.7, -1.98, -2.32, -2.08, -2.07, -1.96, -1.88, -1.84, -1.83, -1.84, -3.15, -3.1, -3.02, -2.87, -2.56, -1.64, -2.8, -3.4, -3.23, -2.83, -2.68, -1.92, -2.02, -1.99, -2.08, -1.99, -1.93, -1.89, -1.87, -1.87, -3.18, -3.15, -3.09, -3.0, -2.85, -2.77, -3.23, -3.77, -3.98, -3.98, -2.91, -2.9, -2.79, -1.91, -2.06, -2.0, -1.96, -2.33, -2.3, -2.3, -3.22, -3.21, -3.19, -3.18, -3.21, -3.41, -3.73, -3.86, -3.94, -3.78, -3.87, -3.01, -2.89, -2.46, -2.47, -2.48, -2.44, -2.4, -2.38, -2.36, -3.27, -3.27, -3.28, -3.32, -3.43, -3.67, -4.07, -3.84, -3.8, -3.74, -3.9, -3.44, -3.35, -3.28, -2.53, -2.54, -2.51, -2.47, -2.44, -2.42, -3.31, -3.32, -3.35, -3.4, -3.5, -3.66, -3.78, -3.37, -3.18, -3.02, -2.9, -2.46, -3.32, -3.26, -3.23, -2.61, -2.58, -2.54, -2.5, -2.47, -3.34, -3.36, -2.07, -2.14, -2.23, -3.0, -2.96, -2.82, -2.67, -2.58, -2.17, -2.28, -2.4, -2.22, -2.33, -2.74, -2.7, -2.67, -2.3, -2.25, -1.92, -1.94, -1.95, -1.97, -2.67, -2.57, -2.39, -2.14, -1.99, -2.02, -1.87, -2.12, -2.36, -2.58, -2.44, -2.43, -2.23, -2.08, -1.97, -1.89, -1.86, -1.85, -1.83, -1.79, -2.39, -2.17, -1.82, -1.34, -1.1, -1.17, -1.58, -1.97, -2.31, -2.41, -2.89, -2.49, -2.22, -2.04, -1.92, -1.84, -1.79, -1.76, -1.72, -2.34, -2.16, -1.88, -1.41, -0.64, 0.07, -0.78, -0.88, -1.33, -1.83, -2.23, -2.53, -2.33, -2.11, -1.95, -1.84, -1.78, -1.73, -1.69, -1.6, -1.51, -1.37, -1.16, -0.85, -0.43, -0.07, -0.46, -0.89, -1.27, -1.71, -1.98, -2.18, -2.07, -1.93, -1.81, -1.74, -1.69, -1.65, -1.6, -1.53, -1.44, -1.32, -1.16, -0.96, -0.75, -0.52, -0.71, -0.98, -1.24, -1.61, -1.96, -1.92, -1.83, -1.74, -1.66, -1.62, -1.6, -1.61, -1.56, -1.5, -1.42, -1.32, -1.2, -1.09, -0.47, -0.82, -0.93, -1.08, -1.25, -2.13, -1.79, -1.72, -1.65, -1.58, -1.52, -1.5, -1.5, -1.58, -1.53, -1.47, -0.62, -0.62, -0.63, -0.65, -0.69, -0.74, -0.78, -0.79, -1.01, -1.26, -1.66, -1.59, -1.52, -1.49, -1.4, -1.37, -1.41, -0.66, -0.67, -0.67, -0.68, -0.7, -0.73, -0.78, -0.86, -0.97, -1.02, -0.97, -1.47, -1.26, -1.23, -1.22, -1.43, -1.59, -1.18, -1.24, -1.33, -0.69, -0.7, -0.71, -0.73, -0.76, -0.81, -0.88, -0.99, -1.15, -1.29, -1.11, -1.45, -1.48, -1.22, -1.19, -1.16, -1.08, -0.86, -1.15, -1.28, -0.72, -0.73, -0.75, -0.78, -0.81, -0.86, -0.93, -1.03, -1.17, -1.28, -1.41, -1.42, -1.45, -1.21, -1.17, -1.06, -0.99, -0.94, -1.19, -1.29, -0.74, -0.76, -0.78, -0.81, -0.84, -0.89, -0.95, -1.02, -1.09, -1.12, -1.36, -1.37, -1.41, -1.08, -1.07, -1.05, -1.02, -1.0, -1.01, -1.02, -0.76, -0.78, -0.8, -0.83, -0.86, -0.9, -0.95, -1.0, -1.04, -1.29, -1.27, -1.07, -1.02, -0.96, -1.07, -1.06, -1.04, -1.03, -1.03, -1.04, -0.77, -0.79, -0.81, -0.84, -0.87, -0.91, -0.94, -0.98, -1.01, -1.21, -1.07, -1.06, -1.02, -0.97, -1.07, -1.06, -1.05, -1.04, -1.04, -1.04, -0.78, -0.8, -0.82, -0.85, -0.87, -0.9, -0.94, -0.97, -1.08, -1.07, -1.07, -1.05, -1.02, -0.98, -1.07, -1.06, -1.06, -1.05, -1.05, -1.05, -0.79, -0.81, -0.83, -0.85, -0.87, -0.9, -0.93, -0.95, -1.07, -1.06, -1.05, -1.04, -1.01, -0.98, -1.07, -1.07, -1.06, -1.06, -1.06, -1.06, -0.8, -0.81, -0.83, -0.85, -0.87, -0.89, -0.92, -1.06, -1.06, -1.05, -1.04, -1.03, -1.0, -0.98, -1.07, -1.07, -1.06, -1.06, -1.06, -1.06]}, {"header": {"refTime": "2023-09-07T17:00:00.000Z", "nx": 21, "ny": 33, "lo1": 113.509, "la1": 22.2235, "lo2": 113.5947, "la2": 22.1034, "dx": 0.0042850000000001385, "dy": 0.003753125000000024, "parameterCategory": 2, "parameterCategoryName": "Temperature", "parameterNumber": 3}, "data": [0.59, 0.56, 0.53, 0.21, 0.18, -0.03, -0.06, -0.1, -0.13, -0.25, -0.24, -0.24, -0.45, -0.45, -0.5, -0.51, -0.58, -0.59, -0.6, -0.6, 0.61, 0.58, 0.55, 0.5, 0.19, 0.14, -0.07, -0.14, -0.19, -0.27, -0.25, -0.24, -0.45, -0.45, -0.5, -0.57, -0.59, -0.6, -0.6, -0.61, 0.63, 0.61, 0.58, 0.53, 0.21, 0.16, 0.08, -0.17, -0.33, -0.29, -0.25, -0.25, -0.45, -0.45, -0.56, -0.58, -0.59, -0.6, -0.61, -0.61, 0.66, 0.65, 0.62, 0.58, 0.53, 0.21, 0.14, 0.03, -0.08, -0.25, -0.23, -0.25, -0.45, -0.32, -0.55, -0.58, -0.6, -0.62, -0.62, -0.62, 0.7, 0.69, 0.67, 0.64, 0.6, 0.28, 0.26, 0.21, 0.19, -0.19, -0.2, -0.31, -0.38, -0.33, -0.56, -0.59, -0.62, -0.63, -0.64, -0.63, 0.73, 0.73, 0.73, 0.71, 0.69, 0.66, 0.38, 0.4, 0.4, 0.36, -0.19, -0.28, -0.35, -0.52, -0.57, -0.61, -0.65, -0.66, -0.66, -0.64, 1.32, 0.78, 0.79, 0.79, 0.78, 0.78, 0.93, 0.59, 0.6, 0.37, 0.22, -0.25, -0.56, -0.56, -0.59, -0.63, -0.68, -0.7, -0.69, -0.67, 1.32, 1.32, 1.32, 1.38, 1.37, 1.0, 0.97, 0.94, 0.84, 0.39, 0.26, -0.39, -0.49, -0.59, -0.68, -0.7, -0.72, -0.73, -0.72, -0.71, 1.33, 1.33, 1.33, 1.33, 1.39, 1.38, 1.34, 0.95, 0.97, 0.37, -0.2, -0.42, -0.56, -0.49, -0.68, -0.69, -0.71, -0.71, -0.71, -0.71, 1.56, 1.56, 1.55, 1.35, 1.35, 1.41, 1.41, 1.4, 1.09, 1.0, -0.32, -0.45, -0.56, -0.5, -0.68, -0.69, -0.7, -0.7, -0.7, -0.7, 1.56, 1.56, 1.55, 1.53, 1.5, 1.41, 1.54, 1.63, 1.53, 1.19, 0.43, -0.42, -0.47, -0.46, -0.68, -0.69, -0.69, -0.7, -0.7, -0.7, 1.57, 1.56, 1.55, 1.54, 1.53, 1.52, 1.58, 1.69, 1.74, 1.23, 0.61, 0.11, -0.04, -0.43, -0.68, -0.69, -0.69, -0.64, -0.64, -0.64, 1.57, 1.56, 1.56, 1.56, 1.55, 1.56, 1.58, 1.67, 1.72, 1.68, 1.03, 0.25, 0.1, -0.59, -0.58, -0.62, -0.62, -0.62, -0.63, -0.63, 1.57, 1.57, 1.57, 1.57, 1.57, 1.57, 1.56, 1.61, 1.65, 1.65, 1.08, 0.35, 0.2, 0.1, -0.56, -0.59, -0.6, -0.6, -0.61, -0.61, 1.57, 1.57, 1.57, 1.57, 1.58, 1.58, 1.58, 1.48, 1.47, 1.45, 1.43, 0.72, 0.16, 0.06, -0.0, -0.56, -0.57, -0.58, -0.59, -0.6, 1.58, 1.58, 1.28, 1.29, 1.3, 1.41, 1.4, 1.39, 1.37, 1.36, 0.75, 0.61, 0.44, -0.22, -0.26, -0.13, -0.07, -0.01, 0.02, 0.04, 1.26, 1.26, 1.26, 1.25, 1.36, 1.34, 1.3, 1.26, 1.24, 1.25, 0.67, 0.52, 0.32, 0.09, -0.06, -0.06, 0.06, 0.16, 0.23, 0.27, 1.25, 1.24, 1.23, 1.22, 1.31, 1.27, 1.2, 1.11, 1.07, 0.68, 0.57, 0.47, 0.25, -0.06, -0.36, -0.1, 0.08, 0.19, 0.26, 0.31, 1.23, 1.22, 1.21, 1.3, 1.27, 1.21, 1.13, 0.98, 0.76, 0.68, 0.09, -0.07, 0.25, 0.07, -0.13, 0.01, 0.16, 0.26, 0.32, 0.35, 1.22, 1.21, 0.53, 0.53, 0.53, 0.54, 0.56, 0.61, 0.46, 0.25, 0.05, -0.1, 0.36, 0.27, 0.11, 0.19, 0.29, 0.35, 0.39, 0.4, 0.47, 0.46, 0.46, 0.45, 0.44, 0.44, 0.44, 0.46, 0.16, 0.06, -0.06, -0.15, 0.47, 0.26, 0.3, 0.37, 0.44, 0.47, 0.47, 0.46, 0.42, 0.41, 0.39, 0.37, 0.35, 0.32, 0.29, 0.1, -0.09, -0.15, -0.2, -0.24, -0.02, 0.38, 0.45, 0.53, 0.6, 0.59, 0.55, 0.51, 0.37, 0.35, 0.33, 0.05, 0.03, 0.01, -0.02, -0.08, -0.14, -0.18, -0.16, 0.15, 0.1, 0.46, 0.55, 0.67, 0.8, 0.71, 0.59, 0.54, 0.05, 0.04, 0.03, 0.01, -0.02, -0.06, -0.13, -0.23, -0.37, -0.43, -0.34, -0.03, 0.06, 0.27, 0.46, 0.72, 1.11, 0.66, 0.57, 0.54, 0.04, 0.03, 0.01, -0.01, -0.05, -0.1, -0.19, -0.34, -0.58, -0.78, -0.49, -0.09, 0.16, 0.23, 0.41, 0.55, 0.57, 0.39, 0.52, 0.52, 0.03, 0.02, 0.0, -0.03, -0.06, -0.12, -0.2, -0.33, -0.55, -0.73, -0.35, -0.06, 0.16, 0.19, 0.34, 0.68, 0.63, 0.58, 0.51, 0.51, 0.03, 0.01, -0.0, -0.03, -0.06, -0.1, -0.16, -0.23, -0.31, -0.31, -0.1, 0.06, 0.2, 0.67, 0.68, 0.67, 0.65, 0.63, 0.64, 0.65, 0.02, 0.01, -0.0, -0.02, -0.04, -0.07, -0.09, -0.1, -0.08, 0.09, 0.18, -0.01, -0.06, -0.08, 0.66, 0.66, 0.65, 0.65, 0.65, 0.66, 0.03, 0.02, 0.0, -0.01, -0.02, -0.03, -0.03, -0.0, 0.08, 0.31, 0.39, 0.15, 0.02, -0.04, 0.65, 0.66, 0.66, 0.65, 0.66, 0.66, 0.03, 0.02, 0.01, 0.01, 0.0, 0.0, 0.02, 0.06, 0.05, 0.21, 0.31, 0.17, 0.06, -0.01, 0.65, 0.65, 0.66, 0.66, 0.66, 0.66, 0.03, 0.03, 0.02, 0.02, 0.02, 0.03, 0.04, 0.08, 0.04, 0.12, 0.16, 0.11, 0.05, -0.01, 0.64, 0.65, 0.65, 0.66, 0.66, 0.66, 0.04, 0.03, 0.03, 0.03, 0.03, 0.04, 0.06, -0.04, 0.01, 0.05, 0.07, 0.06, 0.02, -0.01, 0.64, 0.65, 0.65, 0.66, 0.66, 0.66]}, {"header": {"refTime": "2023-09-07T17:00:00.000Z", "nx": 21, "ny": 33, "lo1": 113.509, "la1": 22.2235, "lo2": 113.5947, "la2": 22.1034, "dx": 0.0042850000000001385, "dy": 0.003753125000000024, "parameterCategory": 0, "parameterCategoryName": "Temperature", "parameterNumber": 0}, "data": [[26.42, 26.41, 26.41, 26.27, 26.28, 26.42, 26.41, 26.41, 26.41, 26.41, 26.43, 26.46, 26.57, 26.59, 26.45, 26.43, 26.5, 26.48, 26.47, 26.46], [26.42, 26.42, 26.41, 26.4, 26.28, 26.28, 26.4, 26.39, 26.38, 26.39, 26.43, 26.47, 26.59, 26.6, 26.46, 26.52, 26.49, 26.47, 26.46, 26.45], [26.43, 26.42, 26.42, 26.41, 26.28, 26.28, 26.28, 26.37, 26.32, 26.38, 26.44, 26.5, 26.62, 26.63, 26.55, 26.51, 26.48, 26.45, 26.44, 26.43], [26.43, 26.43, 26.42, 26.41, 26.4, 26.28, 26.28, 26.28, 26.29, 26.4, 26.46, 26.54, 26.67, 26.64, 26.56, 26.5, 26.45, 26.42, 26.41, 26.41], [26.44, 26.44, 26.43, 26.42, 26.41, 26.27, 26.28, 26.28, 26.28, 26.41, 26.48, 26.64, 26.73, 26.66, 26.55, 26.47, 26.41, 26.38, 26.37, 26.38], [26.45, 26.45, 26.44, 26.44, 26.43, 26.41, 26.27, 26.27, 26.27, 26.26, 26.52, 26.6, 26.67, 26.73, 26.53, 26.44, 26.35, 26.31, 26.33, 26.36], [26.52, 26.46, 26.46, 26.45, 26.45, 26.43, 26.37, 26.28, 26.27, 26.31, 26.32, 26.52, 26.69, 26.7, 26.5, 26.39, 26.25, 26.2, 26.23, 26.27], [26.53, 26.53, 26.53, 26.53, 26.52, 26.43, 26.39, 26.34, 26.31, 26.3, 26.25, 26.48, 26.48, 26.7, 26.29, 26.34, 26.23, 26.19, 26.25, 26.3], [26.47, 26.48, 26.55, 26.55, 26.56, 26.54, 26.49, 26.37, 26.27, 26.32, 26.35, 26.41, 26.44, 26.4, 26.3, 26.36, 26.3, 26.27, 26.29, 26.31], [26.7, 26.7, 26.7, 26.51, 26.54, 26.61, 26.56, 26.49, 26.24, 26.25, 26.44, 26.38, 26.4, 26.39, 26.3, 26.38, 26.34, 26.32, 26.32, 26.33], [26.7, 26.7, 26.7, 26.7, 26.7, 26.7, 26.7, 26.7, 26.56, 26.27, 26.2, 26.35, 26.37, 26.37, 26.29, 26.4, 26.37, 26.35, 26.35, 26.35], [26.7, 26.7, 26.7, 26.7, 26.7, 26.7, 26.7, 26.7, 26.7, -999.0, 26.2, 26.6, 26.6, 26.36, 26.29, 26.41, 26.4, 25.65, 25.66, 25.66], [26.7, 26.7, 26.7, 26.7, 26.7, 26.7, 26.7, 26.7, 26.7, 26.7, -999.0, 26.6, 26.6, 25.75, 26.12, 25.81, 25.81, 25.72, 25.73, 25.74], [26.7, 26.7, 26.7, 26.7, 26.7, 26.7, 26.7, 26.7, 26.7, 26.7, -999.0, 25.3, 25.3, 25.3, 26.01, 25.74, 25.75, 25.65, 25.68, 25.69], [26.7, 26.7, 26.7, 26.7, 26.7, 26.7, 26.7, 26.5, 26.5, 26.5, 26.5, 26.04, 25.3, 25.3, 25.3, 25.67, 25.69, 25.6, 25.63, 25.65], [26.7, 26.7, 26.57, 26.57, 26.57, 26.5, 26.5, 26.5, 26.5, 26.5, 25.74, 25.83, 25.71, 25.62, 25.73, 25.78, 25.85, 25.72, 25.86, 25.9], [26.57, 26.57, 26.63, 26.63, 26.5, 26.5, 26.5, 26.5, 26.5, 26.5, 25.98, 25.84, 25.68, 25.53, 25.59, 25.64, 25.76, 25.86, 25.93, 25.97], [26.63, 26.63, 26.62, 26.62, 26.5, 26.5, 26.5, 26.5, 26.5, 26.2, 26.03, 25.85, 25.67, 25.6, 25.34, 25.6, 25.78, 25.89, 25.96, 26.0], [26.62, 26.62, 26.62, 26.5, 26.5, 26.5, 26.5, 26.5, 26.39, 26.27, 26.14, 25.99, 25.86, 25.7, 25.58, 25.71, 25.85, 25.95, 26.01, 26.05], [26.62, 26.62, 26.44, 26.45, 26.45, 26.45, 26.46, 26.48, 26.38, 26.28, 26.15, 26.03, 25.95, 25.86, 25.81, 25.88, 25.97, 26.04, 26.08, 26.1], [26.44, 26.44, 26.44, 26.46, 26.46, 26.46, 26.47, 26.47, 26.29, 26.24, 26.16, 26.07, 26.03, 25.95, 25.98, 26.04, 26.1, 26.14, 26.15, 26.15], [26.45, 26.45, 26.45, 26.46, 26.46, 26.46, 26.46, 26.61, 26.26, 26.22, 26.17, 26.11, 26.07, 26.06, 26.11, 26.18, 26.23, 26.25, 26.23, 26.21], [26.45, 26.45, 26.45, 26.67, 26.66, 26.64, 26.63, 26.61, 26.6, 26.6, 26.62, 26.48, 26.44, 26.14, 26.2, 26.29, 26.36, 26.34, 26.29, 26.25], [26.7, 26.69, 26.69, 26.68, 26.67, 26.66, 26.64, 26.62, 26.59, 26.58, 26.61, 26.67, 26.43, 26.44, 26.45, 26.34, 26.5, 26.38, 26.32, 26.27], [26.7, 26.7, 26.7, 26.69, 26.69, 26.67, 26.65, 26.62, 26.55, 26.49, 26.59, 26.68, 26.72, 26.44, 26.45, 26.45, 26.36, 26.34, 26.32, 26.28], [26.71, 26.71, 26.71, 26.71, 26.7, 26.7, 26.68, 26.65, 26.58, 26.52, 26.65, 26.73, 26.75, 26.44, 26.44, 26.57, 26.52, 26.5, 26.3, 26.27], [26.72, 26.73, 26.73, 26.73, 26.73, 26.73, 26.72, 26.72, 26.7, 26.72, 26.78, 26.81, 26.81, 26.75, 26.68, 26.62, 26.58, 26.56, 26.56, 26.57], [26.73, 26.74, 26.74, 26.74, 26.75, 26.76, 26.77, 26.79, 26.83, 26.92, 26.97, 26.89, 26.81, 26.74, 26.73, 26.67, 26.62, 26.6, 26.6, 26.6], [26.74, 26.75, 26.75, 26.76, 26.77, 26.79, 26.81, 26.85, 26.93, 27.07, 27.18, 27.0, 26.87, 26.79, 26.77, 26.71, 26.67, 26.64, 26.63, 26.63], [26.75, 26.76, 26.77, 26.78, 26.79, 26.81, 26.84, 26.89, 26.94, 27.05, 27.12, 27.01, 26.89, 26.81, 26.8, 26.74, 26.7, 26.67, 26.66, 26.65], [26.76, 26.77, 26.78, 26.79, 26.8, 26.82, 26.85, 26.9, 26.92, 26.98, 27.0, 26.95, 26.88, 26.82, 26.81, 26.76, 26.73, 26.7, 26.68, 26.67], [26.77, 26.77, 26.78, 26.8, 26.81, 26.83, 26.86, 26.85, 26.89, 26.92, 26.92, 26.9, 26.86, 26.81, 26.82, 26.78, 26.75, 26.72, 26.7, 26.69]]}]