gis_exercise/awsData/contour/wdir_2023090819.json
[{"header": {"refTime": "2023-09-08T19:00:00.000Z", "nx": 21, "ny": 33, "lo1": 113.509, "la1": 22.2235, "lo2": 113.5947, "la2": 22.1034, "dx": 0.0042850000000001385, "dy": 0.003753125000000024, "parameterCategory": 2, "parameterCategoryName": "Temperature", "parameterNumber": 2}, "data": [-2.63, -2.6, -2.56, -2.26, -2.22, -2.46, -2.39, -2.32, -2.31, -2.26, -2.39, -2.53, -2.99, -3.08, -5.05, -5.35, -6.28, -6.45, -6.57, -6.65, -2.66, -2.63, -2.59, -2.53, -2.23, -2.17, -2.33, -2.18, -2.09, -2.15, -2.38, -2.58, -3.06, -3.15, -5.12, -6.11, -6.37, -6.58, -6.72, -6.79, -2.68, -2.66, -2.62, -2.57, -2.26, -2.19, -2.09, -2.07, -1.64, -2.05, -2.43, -2.69, -3.18, -3.25, -5.77, -6.17, -6.52, -6.78, -6.92, -6.98, -2.72, -2.7, -2.67, -2.63, -2.56, -2.25, -2.17, -2.02, -1.88, -2.2, -2.56, -2.88, -3.37, -3.56, -5.73, -6.3, -6.78, -7.09, -7.22, -7.22, -2.75, -2.74, -2.72, -2.7, -2.65, -2.35, -2.31, -2.26, -2.23, -2.43, -2.7, -3.55, -3.67, -3.59, -5.76, -6.55, -7.21, -7.58, -7.62, -7.5, -2.8, -2.79, -2.79, -2.78, -2.76, -2.73, -2.47, -2.49, -2.49, -2.47, -3.33, -3.5, -3.61, -5.15, -5.93, -6.95, -7.94, -8.35, -8.13, -7.8, -5.02, -2.85, -2.85, -2.86, -2.86, -2.86, -3.1, -2.72, -2.75, -3.03, -3.02, -3.43, -5.39, -5.66, -6.14, -7.36, -8.94, -9.53, -9.58, -9.28, -5.06, -4.99, -4.91, -4.97, -4.89, -3.16, -3.13, -3.12, -3.18, -2.98, -2.72, -4.82, -5.28, -6.26, -8.36, -9.01, -9.78, -10.06, -9.64, -9.36, -5.11, -5.04, -4.95, -4.82, -4.85, -4.81, -4.81, -3.12, -4.16, -3.07, -4.96, -6.09, -7.73, -6.94, -8.48, -8.88, -9.31, -9.51, -9.41, -9.26, -6.98, -6.85, -6.67, -4.86, -4.61, -4.59, -4.98, -5.39, -5.2, -4.92, -5.8, -6.95, -8.38, -7.31, -8.59, -8.78, -9.03, -9.17, -9.18, -9.13, -7.01, -6.9, -6.71, -6.39, -5.7, -3.68, -6.26, -7.64, -6.73, -6.0, -7.91, -6.68, -7.12, -6.97, -8.62, -8.72, -8.86, -8.97, -9.01, -9.0, -7.08, -7.0, -6.87, -6.66, -6.33, -6.17, -7.2, -8.48, -9.0, -9.86, -8.21, -8.5, -8.46, -6.65, -8.59, -8.67, -8.77, -9.34, -9.33, -9.32, -7.17, -7.13, -7.08, -7.05, -7.13, -7.55, -8.22, -8.62, -8.88, -8.49, -9.88, -8.54, -8.45, -7.25, -7.16, -9.03, -9.04, -9.06, -9.09, -9.11, -7.26, -7.26, -7.28, -7.36, -7.59, -8.09, -8.89, -8.51, -8.48, -8.36, -9.84, -8.93, -8.75, -8.58, -6.95, -8.64, -8.69, -8.76, -8.84, -8.9, -7.35, -7.37, -7.43, -7.55, -7.76, -8.07, -8.33, -7.47, -7.09, -6.76, -6.48, -5.31, -8.38, -8.15, -8.0, -8.17, -8.3, -8.45, -8.58, -8.69, -7.42, -7.46, -4.54, -4.69, -4.88, -6.65, -6.57, -6.27, -5.95, -5.76, -4.7, -4.88, -5.06, -5.39, -5.55, -7.22, -7.38, -7.53, -7.72, -7.85, -4.22, -4.25, -4.29, -4.31, -5.93, -5.71, -5.31, -4.78, -4.44, -4.52, -4.02, -4.49, -4.91, -5.27, -5.31, -5.92, -5.93, -5.94, -5.94, -5.94, -4.07, -4.06, -4.02, -3.93, -5.31, -4.84, -4.06, -3.02, -2.48, -2.45, -3.27, -4.14, -4.77, -5.22, -5.81, -5.92, -5.94, -5.95, -5.95, -5.94, -3.93, -3.87, -3.77, -5.21, -4.82, -4.19, -3.16, -1.46, 0.15, -1.63, -2.35, -3.26, -4.4, -5.07, -5.92, -5.94, -5.96, -5.97, -5.96, -5.95, -3.8, -3.71, -4.34, -4.11, -3.78, -3.26, -2.49, -1.4, -0.47, -1.47, -2.48, -3.27, -4.32, -4.89, -5.97, -5.98, -6.0, -5.99, -5.97, -5.95, -4.53, -4.43, -4.28, -4.07, -3.79, -3.4, -2.91, -2.39, -1.8, -2.26, -2.88, -3.41, -4.35, -5.99, -6.01, -6.04, -6.06, -6.03, -5.99, -5.95, -4.5, -4.41, -4.28, -4.12, -3.92, -3.68, -3.44, -2.25, -2.83, -3.1, -3.4, -3.68, -6.71, -6.01, -6.06, -6.13, -6.16, -6.1, -5.99, -5.93, -4.5, -4.42, -4.32, -2.7, -2.72, -2.76, -2.86, -3.03, -3.26, -3.42, -3.41, -4.61, -6.13, -6.02, -6.09, -6.23, -6.42, -6.18, -5.94, -5.88, -2.79, -2.81, -2.84, -2.89, -2.98, -3.11, -3.34, -3.69, -4.12, -4.35, -4.1, -5.92, -6.12, -6.11, -6.14, -6.22, -7.08, -5.85, -5.75, -5.79, -2.88, -2.92, -2.97, -3.06, -3.18, -3.37, -3.66, -4.12, -4.87, -5.48, -4.65, -5.81, -5.91, -6.08, -6.05, -6.01, -5.58, -5.03, -5.56, -5.72, -2.95, -3.01, -3.08, -3.17, -3.31, -3.51, -3.79, -4.22, -4.89, -5.4, -5.7, -5.6, -5.71, -6.04, -5.99, -5.39, -5.32, -5.23, -5.59, -5.7, -3.02, -3.07, -3.15, -3.25, -3.38, -3.55, -3.78, -4.05, -4.34, -4.41, -5.24, -5.25, -5.43, -4.89, -5.1, -5.22, -5.25, -5.25, -5.26, -5.28, -3.06, -3.12, -3.2, -3.29, -3.4, -3.54, -3.69, -3.82, -3.89, -4.7, -4.53, -4.14, -4.21, -4.23, -4.93, -5.08, -5.16, -5.19, -5.21, -5.23, -3.1, -3.15, -3.22, -3.31, -3.4, -3.5, -3.59, -3.64, -3.61, -4.08, -3.39, -3.83, -4.06, -4.15, -4.8, -4.96, -5.06, -5.12, -5.15, -5.17, -3.12, -3.17, -3.24, -3.3, -3.38, -3.45, -3.51, -3.53, -4.04, -3.72, -3.53, -3.79, -3.99, -4.1, -4.7, -4.86, -4.97, -5.04, -5.09, -5.12, -3.13, -3.18, -3.24, -3.29, -3.35, -3.41, -3.44, -3.46, -4.05, -3.89, -3.82, -3.9, -4.01, -4.09, -4.65, -4.8, -4.9, -4.98, -5.03, -5.07, -3.14, -3.19, -3.23, -3.28, -3.33, -3.37, -3.4, -4.19, -4.1, -4.01, -3.97, -4.0, -4.05, -4.11, -4.63, -4.76, -4.86, -4.93, -4.98, -5.02]}, {"header": {"refTime": "2023-09-08T19:00:00.000Z", "nx": 21, "ny": 33, "lo1": 113.509, "la1": 22.2235, "lo2": 113.5947, "la2": 22.1034, "dx": 0.0042850000000001385, "dy": 0.003753125000000024, "parameterCategory": 2, "parameterCategoryName": "Temperature", "parameterNumber": 3}, "data": [0.34, 0.34, 0.34, 0.75, 0.71, 0.48, 0.44, 0.41, 0.4, 0.5, 0.56, 0.61, 0.78, 0.82, 1.35, 1.47, 2.1, 2.17, 2.23, 2.26, 0.34, 0.34, 0.34, 0.34, 0.72, 0.67, 0.42, 0.36, 0.31, 0.44, 0.54, 0.61, 0.79, 0.84, 1.37, 2.02, 2.13, 2.22, 2.28, 2.31, 0.34, 0.35, 0.35, 0.35, 0.74, 0.68, 0.59, 0.31, 0.14, 0.39, 0.55, 0.64, 0.81, 0.85, 1.87, 2.04, 2.19, 2.29, 2.35, 2.38, 0.34, 0.35, 0.35, 0.36, 0.36, 0.73, 0.65, 0.53, 0.42, 0.48, 0.62, 0.68, 0.82, 1.14, 1.84, 2.09, 2.28, 2.41, 2.46, 2.47, 0.34, 0.35, 0.35, 0.36, 0.38, 0.79, 0.76, 0.73, 0.72, 0.66, 0.73, 1.09, 0.85, 1.09, 1.86, 2.19, 2.45, 2.59, 2.61, 2.57, 0.34, 0.34, 0.35, 0.37, 0.39, 0.43, 0.87, 0.89, 0.93, 0.98, 1.36, 1.23, 1.06, 1.42, 1.97, 2.36, 2.72, 2.87, 2.79, 2.68, 1.36, 0.33, 0.34, 0.36, 0.39, 0.45, 0.9, 1.01, 1.06, 1.47, 1.56, 1.49, 1.71, 1.7, 2.12, 2.53, 3.08, 3.28, 3.05, 2.87, 1.36, 1.32, 1.27, 1.18, 1.17, 0.73, 0.85, 1.0, 1.21, 1.46, 1.53, 2.01, 2.1, 1.94, 2.76, 3.01, 3.32, 3.43, 3.26, 3.15, 1.37, 1.32, 1.25, 1.16, 1.06, 1.07, 1.21, 0.9, 1.64, 1.47, 1.94, 2.13, 2.33, 2.24, 2.74, 2.93, 3.12, 3.2, 3.16, 3.11, 2.07, 1.99, 1.87, 1.12, 0.91, 0.78, 1.11, 1.48, 2.03, 1.98, 2.06, 2.22, 2.39, 2.27, 2.73, 2.86, 2.98, 3.05, 3.07, 3.05, 2.09, 2.02, 1.91, 1.7, 1.26, -0.01, 1.59, 2.41, 2.11, 2.33, 2.61, 2.18, 2.24, 2.23, 2.73, 2.82, 2.91, 2.96, 2.99, 2.99, 2.14, 2.09, 2.01, 1.88, 1.67, 1.57, 2.2, 2.9, 3.16, 3.42, 2.74, 2.76, 2.7, 2.18, 2.73, 2.8, 2.86, 2.24, 2.25, 2.24, 2.2, 2.17, 2.15, 2.14, 2.19, 2.48, 2.93, 3.04, 3.13, 2.93, 3.35, 2.82, 2.75, 1.56, 1.49, 1.93, 1.96, 2.0, 2.04, 2.06, 2.26, 2.26, 2.28, 2.34, 2.5, 2.86, 3.46, 3.07, 2.97, 2.88, 3.38, 2.11, 1.9, 1.72, 1.23, 1.63, 1.69, 1.76, 1.83, 1.89, 2.31, 2.33, 2.37, 2.46, 2.6, 2.83, 3.0, 3.39, 3.32, 3.26, 3.22, 1.75, 1.62, 1.41, 1.27, 1.29, 1.4, 1.52, 1.63, 1.72, 2.36, 2.39, 2.05, 2.13, 2.25, 3.27, 3.26, 3.21, 3.16, 3.13, 1.84, 1.56, 1.24, 0.75, 0.63, 1.22, 1.47, 1.71, 2.19, 2.37, 1.99, 2.03, 2.08, 2.14, 3.17, 3.14, 3.08, 3.0, 2.95, 2.96, 1.72, 1.42, 1.02, 0.57, 0.53, 0.72, 1.11, 1.42, 1.64, 1.79, 2.01, 2.05, 2.09, 2.13, 3.08, 3.01, 2.9, 2.75, 2.68, 1.97, 1.72, 1.35, 0.9, 0.53, -0.27, 0.59, 1.16, 1.52, 1.75, 1.89, 2.03, 2.06, 2.09, 3.06, 3.01, 2.92, 2.77, 2.53, 2.15, 1.98, 1.1, 0.76, 1.32, 0.88, 0.52, 0.93, 1.41, 1.73, 1.92, 2.03, 2.04, 2.06, 2.18, 2.17, 2.16, 2.14, 2.12, 2.13, 1.74, 1.42, 1.08, 0.79, 1.62, 1.44, 1.27, 1.51, 1.82, 2.03, 2.15, 2.2, 2.12, 2.11, 2.1, 2.08, 2.05, 2.02, 2.0, 1.99, 1.35, 1.2, 0.99, 0.78, 1.94, 1.74, 1.86, 2.08, 2.29, 2.39, 2.4, 2.38, 2.06, 2.04, 2.01, 1.98, 1.94, 1.89, 1.85, 1.31, 1.07, 0.98, 0.87, 0.75, 1.63, 2.12, 2.32, 2.58, 2.78, 2.77, 2.65, 2.54, 2.0, 1.97, 1.94, 1.17, 1.17, 1.16, 1.14, 1.1, 1.05, 1.0, 1.0, 2.17, 2.27, 2.38, 2.63, 3.0, 3.37, 3.14, 2.81, 2.64, 1.13, 1.13, 1.12, 1.11, 1.1, 1.06, 1.01, 0.93, 0.83, 0.77, 0.82, 1.66, 2.19, 2.55, 2.89, 3.17, 4.24, 3.05, 2.78, 2.66, 1.11, 1.1, 1.09, 1.07, 1.04, 0.99, 0.92, 0.81, 0.64, 0.51, 0.69, 1.51, 1.95, 2.47, 2.78, 3.0, 2.79, 2.34, 2.64, 2.63, 1.08, 1.07, 1.05, 1.03, 0.99, 0.95, 0.88, 0.78, 0.63, 0.52, 1.04, 1.43, 1.83, 2.38, 2.64, 2.85, 2.78, 2.69, 2.6, 2.59, 1.06, 1.05, 1.03, 1.0, 0.97, 0.92, 0.87, 0.8, 0.73, 0.7, 1.15, 1.4, 1.71, 2.41, 2.59, 2.7, 2.72, 2.72, 2.73, 2.74, 1.05, 1.03, 1.01, 0.98, 0.95, 0.91, 0.87, 0.83, 0.8, 1.1, 1.14, 0.76, 0.79, 0.84, 2.44, 2.57, 2.64, 2.67, 2.69, 2.7, 1.04, 1.02, 1.0, 0.97, 0.95, 0.91, 0.88, 0.85, 0.83, 1.06, 0.81, 0.79, 0.8, 0.84, 2.32, 2.47, 2.55, 2.6, 2.63, 2.65, 1.03, 1.01, 0.99, 0.97, 0.94, 0.92, 0.89, 0.87, 0.76, 0.78, 0.8, 0.8, 0.81, 0.83, 2.24, 2.38, 2.48, 2.54, 2.58, 2.61, 1.02, 1.0, 0.99, 0.97, 0.95, 0.92, 0.9, 0.88, 0.77, 0.78, 0.79, 0.8, 0.81, 0.83, 2.2, 2.32, 2.42, 2.48, 2.53, 2.56, 1.02, 1.0, 0.99, 0.97, 0.95, 0.93, 0.91, 0.76, 0.77, 0.78, 0.79, 0.8, 0.82, 0.83, 2.18, 2.29, 2.38, 2.44, 2.49, 2.52]}, {"header": {"refTime": "2023-09-08T19:00:00.000Z", "nx": 21, "ny": 33, "lo1": 113.509, "la1": 22.2235, "lo2": 113.5947, "la2": 22.1034, "dx": 0.0042850000000001385, "dy": 0.003753125000000024, "parameterCategory": 0, "parameterCategoryName": "Temperature", "parameterNumber": 0}, "data": [[25.96, 25.95, 25.94, 25.62, 25.61, 25.91, 25.89, 25.87, 25.87, 25.75, 25.79, 25.83, 26.15, 26.18, 26.2, 26.22, 26.44, 26.44, 26.43, 26.43], [25.97, 25.96, 25.95, 25.93, 25.62, 25.61, 25.87, 25.82, 25.8, 25.73, 25.79, 25.86, 26.18, 26.21, 26.23, 26.44, 26.44, 26.43, 26.43, 26.43], [25.98, 25.97, 25.96, 25.94, 25.62, 25.62, 25.61, 25.78, 25.65, 25.71, 25.81, 25.9, 26.23, 26.25, 26.45, 26.44, 26.44, 26.43, 26.43, 26.43], [26.0, 25.99, 25.97, 25.96, 25.93, 25.63, 25.62, 25.61, 25.6, 25.73, 25.84, 25.99, 26.31, 26.22, 26.45, 26.44, 26.43, 26.43, 26.43, 26.43], [26.01, 26.0, 26.0, 25.98, 25.96, 25.64, 25.64, 25.63, 25.61, 25.74, 25.85, 26.23, 26.39, 26.26, 26.45, 26.44, 26.43, 26.43, 26.42, 26.42], [26.03, 26.02, 26.02, 26.01, 26.0, 25.98, 25.66, 25.67, 25.64, 25.58, 25.97, 26.15, 26.29, 26.47, 26.44, 26.43, 26.42, 26.42, 26.42, 26.42], [26.22, 26.05, 26.05, 26.05, 26.04, 26.02, 25.9, 25.74, 25.72, 25.71, 25.66, 26.03, 26.44, 26.45, 26.43, 26.43, 26.41, 26.41, 26.42, 26.42], [26.23, 26.23, 26.23, 26.23, 26.22, 25.97, 25.93, 25.91, 25.93, 25.66, 25.4, 26.03, 26.04, 26.45, 26.4, 26.4, 26.4, 26.4, 26.4, 26.4], [26.17, 26.18, 26.25, 26.25, 26.26, 26.24, 26.19, 25.92, 25.75, 25.74, 25.66, 25.84, 25.92, 25.81, 26.4, 26.4, 26.4, 26.4, 26.4, 26.4], [26.4, 26.4, 26.4, 26.21, 26.24, 26.31, 26.26, 26.19, 25.55, 25.59, 25.93, 25.73, 25.79, 25.76, 26.4, 26.4, 26.4, 26.4, 26.4, 26.4], [26.4, 26.4, 26.4, 26.4, 26.4, 26.4, 26.4, 26.4, 26.26, 25.73, 25.2, 25.66, 25.71, 25.71, 26.4, 26.4, 26.4, 26.4, 26.4, 26.4], [26.4, 26.4, 26.4, 26.4, 26.4, 26.4, 26.4, 26.4, 26.4, -999.0, 25.2, 26.4, 26.4, 25.68, 26.4, 26.4, 26.4, 25.72, 25.73, 25.74], [26.4, 26.4, 26.4, 26.4, 26.4, 26.4, 26.4, 26.4, 26.4, 26.4, -999.0, 26.4, 26.4, 25.62, 25.96, 25.96, 25.97, 25.82, 25.85, 25.86], [26.4, 26.4, 26.4, 26.4, 26.4, 26.4, 26.4, 26.4, 26.4, 26.4, -999.0, 25.2, 25.2, 25.2, 25.86, 25.86, 25.88, 25.73, 25.76, 25.79], [26.4, 26.4, 26.4, 26.4, 26.4, 26.4, 26.4, 26.3, 26.3, 26.3, 26.3, 25.88, 25.2, 25.2, 25.2, 25.75, 25.79, 25.65, 25.69, 25.73], [26.4, 26.4, 26.34, 26.34, 26.33, 26.3, 26.3, 26.3, 26.3, 26.3, 25.61, 25.69, 25.58, 25.49, 25.59, 25.49, 25.54, 25.46, 25.73, 25.77], [26.34, 26.34, 26.36, 26.36, 26.3, 26.3, 26.3, 26.3, 26.3, 26.3, 25.83, 25.69, 25.55, 25.41, 25.42, 25.39, 25.46, 25.52, 25.56, 25.58], [26.36, 26.36, 26.36, 26.36, 26.3, 26.3, 26.3, 26.3, 26.3, 26.02, 25.87, 25.71, 25.54, 25.43, 25.23, 25.37, 25.47, 25.53, 25.57, 25.6], [26.36, 26.36, 26.36, 26.3, 26.3, 26.3, 26.3, 26.3, 26.2, 26.09, 25.98, 25.85, 25.65, 25.5, 25.36, 25.43, 25.51, 25.57, 25.6, 25.62], [26.36, 26.36, 26.3, 26.3, 26.3, 26.3, 26.3, 26.3, 26.2, 26.11, 26.0, 25.89, 25.71, 25.62, 25.49, 25.53, 25.58, 25.62, 25.64, 25.65], [26.3, 26.3, 26.3, 26.3, 26.3, 26.3, 26.3, 26.3, 26.13, 26.08, 26.01, 25.93, 25.76, 25.57, 25.59, 25.62, 25.66, 25.68, 25.69, 25.68], [26.3, 26.3, 26.3, 26.3, 26.3, 26.3, 26.3, 26.32, 26.11, 26.08, 26.03, 25.97, 25.81, 25.63, 25.66, 25.7, 25.74, 25.74, 25.73, 25.71], [26.3, 26.3, 26.3, 26.33, 26.32, 26.32, 26.32, 26.32, 26.32, 26.32, 26.32, 26.22, 26.02, 25.68, 25.72, 25.77, 25.82, 25.8, 25.76, 25.74], [26.33, 26.33, 26.33, 26.33, 26.33, 26.32, 26.32, 26.32, 26.32, 26.32, 26.32, 26.25, 26.03, 25.98, 25.95, 25.8, 25.91, 25.81, 25.77, 25.75], [26.33, 26.33, 26.33, 26.33, 26.33, 26.33, 26.33, 26.32, 26.32, 26.31, 26.32, 26.26, 26.24, 25.99, 25.94, 25.91, 25.79, 25.76, 25.76, 25.75], [26.33, 26.33, 26.33, 26.33, 26.33, 26.33, 26.33, 26.33, 26.32, 26.31, 26.29, 26.27, 26.25, 25.99, 25.95, 25.93, 25.89, 25.87, 25.76, 25.74], [26.33, 26.33, 26.33, 26.33, 26.33, 26.33, 26.33, 26.33, 26.33, 26.33, 26.3, 26.29, 26.27, 26.05, 26.0, 25.96, 25.93, 25.91, 25.92, 25.92], [26.33, 26.33, 26.33, 26.34, 26.34, 26.34, 26.34, 26.34, 26.35, 26.32, 26.33, 26.27, 26.22, 26.17, 26.03, 25.99, 25.96, 25.94, 25.94, 25.94], [26.34, 26.34, 26.34, 26.34, 26.34, 26.34, 26.34, 26.35, 26.36, 26.35, 26.36, 26.3, 26.24, 26.19, 26.05, 26.02, 25.99, 25.97, 25.96, 25.96], [26.34, 26.34, 26.34, 26.34, 26.34, 26.34, 26.35, 26.35, 26.29, 26.32, 26.34, 26.3, 26.24, 26.2, 26.07, 26.04, 26.01, 25.99, 25.98, 25.98], [26.34, 26.34, 26.34, 26.34, 26.34, 26.34, 26.35, 26.35, 26.28, 26.29, 26.3, 26.27, 26.24, 26.2, 26.08, 26.05, 26.03, 26.01, 26.0, 25.99], [26.34, 26.34, 26.34, 26.34, 26.34, 26.35, 26.35, 26.25, 26.26, 26.27, 26.26, 26.25, 26.23, 26.2, 26.09, 26.06, 26.04, 26.02, 26.01, 26.0]]}]