gis_exercise/awsData/contour/wdir_2023090300.json
[{"header": {"refTime": "2023-09-03T00:00:00.000Z", "nx": 21, "ny": 33, "lo1": 113.509, "la1": 22.2235, "lo2": 113.5947, "la2": 22.1034, "dx": 0.0042850000000001385, "dy": 0.003753125000000024, "parameterCategory": 2, "parameterCategoryName": "Temperature", "parameterNumber": 2}, "data": [-2.71, -2.72, -2.73, -3.07, -3.06, -3.36, -3.34, -3.32, -3.34, -3.49, -3.6, -3.7, -3.71, -3.75, -5.67, -5.9, -6.14, -6.27, -6.36, -6.42, -2.7, -2.71, -2.72, -2.74, -3.06, -3.05, -3.3, -3.25, -3.23, -3.41, -3.59, -3.74, -3.77, -3.81, -5.73, -6.02, -6.22, -6.38, -6.49, -6.54, -2.69, -2.7, -2.72, -2.73, -3.06, -3.05, -3.04, -3.19, -3.01, -3.35, -3.62, -3.83, -3.89, -3.9, -5.79, -6.08, -6.35, -6.55, -6.66, -6.7, -2.68, -2.69, -2.7, -2.72, -2.74, -3.06, -3.05, -3.03, -3.01, -3.45, -3.72, -3.99, -4.09, -4.12, -5.76, -6.19, -6.56, -6.81, -6.91, -6.9, -2.67, -2.67, -2.68, -2.7, -2.72, -3.06, -3.06, -3.06, -3.06, -3.6, -3.82, -4.18, -4.49, -4.18, -5.78, -6.38, -6.92, -7.22, -7.24, -7.14, -2.65, -2.65, -2.66, -2.67, -2.69, -2.73, -3.07, -3.07, -3.09, -3.13, -3.8, -4.0, -4.23, -5.2, -5.86, -6.69, -7.52, -7.87, -7.68, -7.39, -4.93, -2.63, -2.63, -2.64, -2.66, -2.69, -2.87, -3.06, -3.08, -3.21, -3.26, -3.67, -5.05, -5.35, -5.93, -7.0, -8.37, -8.88, -8.99, -8.74, -4.97, -4.86, -4.73, -4.53, -4.45, -2.75, -2.83, -2.92, -3.01, -3.22, -3.35, -4.33, -4.58, -5.67, -7.36, -8.07, -8.9, -9.2, -8.75, -8.45, -5.02, -4.91, -4.76, -4.56, -4.31, -4.29, -4.41, -2.86, -4.42, -3.19, -4.82, -5.48, -6.81, -6.17, -7.46, -7.91, -8.39, -8.6, -8.5, -8.34, -7.23, -7.05, -6.78, -4.56, -4.14, -3.86, -4.48, -5.14, -5.66, -5.44, -5.41, -6.26, -7.42, -6.52, -7.55, -7.79, -8.07, -8.23, -8.25, -8.19, -7.3, -7.13, -6.86, -6.38, -5.37, -2.42, -6.14, -8.04, -6.83, -6.6, -8.01, -6.06, -6.4, -6.26, -7.57, -7.71, -7.88, -8.01, -8.06, -8.05, -7.4, -7.28, -7.1, -6.8, -6.32, -6.08, -7.54, -9.17, -9.78, -10.53, -8.4, -8.0, -7.83, -6.01, -7.56, -7.66, -7.77, -8.92, -8.92, -8.92, -7.54, -7.48, -7.42, -7.39, -7.53, -8.19, -9.22, -9.51, -9.71, -9.24, -10.42, -8.16, -7.95, -6.8, -6.77, -8.71, -8.73, -8.75, -8.78, -8.79, -7.68, -7.68, -7.73, -7.87, -8.24, -9.08, -10.46, -9.57, -9.34, -9.13, -10.47, -9.2, -8.99, -8.83, -6.77, -8.5, -8.54, -8.59, -8.63, -8.67, -7.8, -7.85, -7.95, -8.14, -8.48, -8.99, -9.4, -8.3, -7.71, -7.23, -6.85, -5.47, -8.77, -8.58, -8.46, -8.25, -8.33, -8.41, -8.49, -8.56, -7.91, -7.97, -4.29, -4.52, -4.8, -7.23, -7.11, -6.69, -6.21, -5.93, -4.64, -4.97, -5.34, -5.38, -5.67, -7.47, -7.51, -7.54, -7.75, -7.81, -3.84, -3.9, -3.96, -4.01, -6.24, -5.95, -5.4, -4.68, -4.21, -4.29, -3.77, -4.51, -5.21, -5.86, -5.84, -6.54, -6.36, -6.21, -6.11, -6.03, -3.66, -3.65, -3.61, -3.5, -5.39, -4.76, -3.73, -2.32, -1.6, -1.85, -3.05, -4.08, -5.08, -5.72, -6.88, -6.6, -6.35, -6.18, -6.06, -5.99, -3.47, -3.4, -3.28, -5.25, -4.73, -3.89, -2.51, -0.25, 1.83, -0.7, -1.45, -2.77, -4.28, -5.36, -6.64, -6.46, -6.25, -6.1, -5.99, -5.92, -3.3, -3.2, -3.89, -3.59, -3.14, -2.47, -1.46, -0.04, 1.13, -0.18, -1.56, -2.69, -4.03, -4.85, -6.32, -6.23, -6.09, -5.98, -5.9, -5.85, -4.1, -3.96, -3.76, -3.48, -3.1, -2.58, -1.93, -1.25, -0.53, -1.15, -1.99, -2.77, -3.9, -6.12, -6.09, -6.02, -5.94, -5.85, -5.79, -5.76, -4.03, -3.89, -3.71, -3.48, -3.2, -2.87, -2.53, -0.71, -1.75, -2.11, -2.56, -3.0, -6.46, -5.96, -5.93, -5.88, -5.83, -5.75, -5.68, -5.66, -3.99, -3.87, -3.72, -1.22, -1.24, -1.3, -1.41, -1.61, -1.87, -2.05, -2.04, -3.31, -5.35, -5.85, -5.81, -5.8, -5.86, -5.67, -5.54, -5.54, -1.33, -1.35, -1.39, -1.45, -1.55, -1.7, -1.96, -2.36, -2.86, -3.12, -2.83, -4.82, -5.34, -5.36, -5.4, -5.71, -6.24, -5.31, -5.32, -5.43, -1.43, -1.48, -1.54, -1.64, -1.78, -1.99, -2.33, -2.86, -3.72, -4.42, -3.46, -4.71, -4.79, -5.33, -5.33, -5.31, -5.1, -4.65, -5.16, -5.35, -1.52, -1.58, -1.66, -1.77, -1.93, -2.16, -2.48, -2.97, -3.74, -4.33, -4.62, -4.48, -4.57, -5.3, -5.27, -4.64, -4.65, -4.59, -5.21, -5.35, -1.59, -1.66, -1.74, -1.86, -2.01, -2.21, -2.46, -2.78, -3.11, -3.19, -4.09, -4.08, -4.26, -3.97, -4.25, -4.44, -4.52, -4.54, -4.55, -4.54, -1.64, -1.71, -1.8, -1.91, -2.04, -2.19, -2.36, -2.52, -2.59, -3.48, -3.29, -3.04, -3.2, -3.31, -4.04, -4.25, -4.37, -4.43, -4.46, -4.46, -1.68, -1.75, -1.83, -1.92, -2.03, -2.14, -2.25, -2.31, -2.27, -2.78, -2.07, -2.66, -3.0, -3.19, -3.87, -4.09, -4.23, -4.31, -4.36, -4.38, -1.71, -1.77, -1.84, -1.92, -2.01, -2.09, -2.15, -2.18, -2.9, -2.5, -2.25, -2.61, -2.92, -3.12, -3.75, -3.96, -4.11, -4.21, -4.27, -4.3, -1.73, -1.78, -1.84, -1.91, -1.98, -2.04, -2.08, -2.1, -2.93, -2.73, -2.65, -2.77, -2.95, -3.11, -3.68, -3.87, -4.02, -4.12, -4.19, -4.23, -1.74, -1.79, -1.84, -1.89, -1.95, -1.99, -2.03, -3.13, -3.01, -2.91, -2.87, -2.92, -3.02, -3.12, -3.65, -3.82, -3.95, -4.05, -4.12, -4.17]}, {"header": {"refTime": "2023-09-03T00:00:00.000Z", "nx": 21, "ny": 33, "lo1": 113.509, "la1": 22.2235, "lo2": 113.5947, "la2": 22.1034, "dx": 0.0042850000000001385, "dy": 0.003753125000000024, "parameterCategory": 2, "parameterCategoryName": "Temperature", "parameterNumber": 3}, "data": [0.18, 0.18, 0.19, 0.37, 0.38, -0.03, 0.02, 0.06, 0.07, 0.34, 0.28, 0.22, 0.04, 0.02, 0.01, 0.03, 0.05, 0.08, 0.1, 0.11, 0.17, 0.18, 0.18, 0.19, 0.37, 0.39, 0.05, 0.15, 0.2, 0.38, 0.28, 0.18, -0.01, -0.03, -0.02, 0.01, 0.06, 0.09, 0.12, 0.13, 0.17, 0.17, 0.18, 0.18, 0.36, 0.38, 0.41, 0.22, 0.48, 0.41, 0.25, 0.11, -0.09, -0.1, -0.06, 0.02, 0.07, 0.11, 0.14, 0.15, 0.17, 0.17, 0.17, 0.17, 0.17, 0.35, 0.38, 0.43, 0.48, 0.37, 0.21, -0.01, -0.24, -0.08, -0.07, 0.03, 0.11, 0.15, 0.17, 0.18, 0.16, 0.16, 0.16, 0.15, 0.14, 0.31, 0.32, 0.34, 0.38, 0.35, 0.19, -0.13, -0.48, -0.16, -0.06, 0.07, 0.16, 0.21, 0.22, 0.21, 0.16, 0.16, 0.15, 0.14, 0.12, 0.09, 0.23, 0.22, 0.27, 0.4, 0.32, 0.05, -0.22, -0.09, 0.0, 0.14, 0.25, 0.29, 0.27, 0.25, 0.55, 0.16, 0.15, 0.13, 0.11, 0.06, 0.11, 0.04, 0.07, 0.43, 0.64, 0.39, 0.18, 0.15, 0.1, 0.21, 0.36, 0.41, 0.36, 0.32, 0.58, 0.56, 0.53, 0.39, 0.35, 0.2, 0.1, -0.12, -0.32, 0.47, 0.91, 0.74, 0.69, 0.35, 0.63, 0.6, 0.56, 0.55, 0.57, 0.58, 0.61, 0.59, 0.57, 0.54, 0.41, 0.37, 0.28, 0.04, 0.23, 0.39, 0.88, 0.78, 0.77, 0.78, 0.65, 0.62, 0.59, 0.58, 0.58, 0.59, 1.2, 1.18, 1.14, 0.6, 0.56, 0.46, 0.45, 0.42, 0.58, 0.65, 0.84, 0.81, 0.8, 0.79, 0.66, 0.63, 0.61, 0.6, 0.6, 0.6, 1.21, 1.19, 1.15, 1.08, 0.93, 0.5, 1.03, 1.27, 0.75, 0.83, 1.13, 0.81, 0.8, 0.8, 0.66, 0.64, 0.62, 0.61, 0.61, 0.61, 1.23, 1.22, 1.19, 1.15, 1.08, 1.04, 1.24, 1.4, 1.45, 1.47, 1.18, 0.96, 0.91, 0.8, 0.65, 0.64, 0.63, 0.23, 0.22, 0.22, 1.25, 1.25, 1.24, 1.24, 1.27, 1.39, 1.55, 1.5, 1.47, 1.43, 1.43, 1.0, 0.95, 0.24, 0.2, 0.16, 0.15, 0.15, 0.15, 0.16, 1.28, 1.28, 1.29, 1.32, 1.39, 1.54, 1.82, 1.58, 1.48, 1.44, 1.46, 0.59, 0.46, 0.36, 0.06, 0.03, 0.04, 0.06, 0.08, 0.09, 1.3, 1.31, 1.32, 1.36, 1.42, 1.51, 1.58, 1.3, 1.15, 1.05, 0.98, -0.01, 0.31, 0.18, 0.1, -0.12, -0.08, -0.04, -0.0, 0.03, 1.31, 1.32, 0.71, 0.75, 0.79, 1.1, 1.08, 0.99, 0.89, 0.82, -0.06, -0.16, -0.27, -0.51, -0.54, 0.38, 0.58, 0.78, 0.87, 0.99, 0.62, 0.63, 0.64, 0.64, 0.91, 0.85, 0.75, 0.61, 0.52, 0.53, -0.22, -0.28, -0.39, -0.53, -0.3, -0.22, 0.01, 0.19, 0.3, 0.38, 0.58, 0.57, 0.56, 0.54, 0.75, 0.63, 0.44, 0.18, 0.04, -0.27, -0.24, -0.37, -0.46, -0.32, -0.78, -0.28, 0.04, 0.25, 0.37, 0.44, 0.54, 0.52, 0.5, 0.72, 0.62, 0.47, 0.21, -0.21, -0.67, -0.42, -0.81, -0.82, 0.06, -0.09, -0.32, -0.08, 0.2, 0.37, 0.47, 0.52, 0.5, 0.48, 0.11, 0.07, 0.0, -0.1, -0.24, -0.43, -0.8, -0.8, -0.81, -0.81, 0.28, 0.3, 0.13, 0.27, 0.45, 0.57, 0.61, 0.62, 0.11, 0.08, 0.05, -0.0, -0.07, -0.15, -0.25, -0.35, -0.8, -0.8, -0.8, -0.81, 0.53, 0.4, 0.49, 0.64, 0.76, 0.8, 0.76, 0.71, 0.06, 0.03, -0.01, -0.06, -0.12, -0.19, -0.26, -0.53, -0.8, -0.8, -0.8, -0.8, 0.78, 0.63, 0.78, 0.99, 1.13, 1.06, 0.9, 0.78, 0.03, -0.01, -0.05, -0.42, -0.43, -0.45, -0.47, -0.49, -0.5, -0.5, -0.47, 0.53, 0.57, 0.78, 0.98, 1.31, 1.69, 1.34, 0.95, 0.79, -0.37, -0.37, -0.38, -0.39, -0.4, -0.42, -0.44, -0.47, -0.51, -0.52, -0.47, 0.81, 0.51, 0.77, 1.04, 1.39, 2.76, 1.0, 0.75, 0.73, -0.35, -0.35, -0.36, -0.36, -0.37, -0.38, -0.41, -0.45, -0.54, -0.62, -0.48, 0.67, 1.13, 0.69, 0.9, 1.03, 0.61, -0.13, 0.51, 0.64, -0.33, -0.33, -0.33, -0.33, -0.34, -0.34, -0.36, -0.4, -0.49, -0.57, 0.19, 0.64, 1.05, 0.6, 0.74, 0.98, 0.72, 0.55, 0.52, 0.61, -0.31, -0.31, -0.31, -0.3, -0.3, -0.29, -0.29, -0.3, -0.31, -0.28, 0.43, 0.7, 1.0, 0.97, 0.98, 0.92, 0.82, 0.76, 0.78, 0.84, -0.29, -0.29, -0.28, -0.27, -0.26, -0.24, -0.21, -0.18, -0.1, 0.52, 0.61, -0.13, -0.31, -0.49, 0.93, 0.91, 0.87, 0.84, 0.84, 0.87, -0.28, -0.27, -0.26, -0.24, -0.22, -0.19, -0.15, -0.08, 0.05, 0.64, 0.43, 0.07, -0.2, -0.39, 0.91, 0.91, 0.89, 0.88, 0.88, 0.89, -0.26, -0.25, -0.24, -0.22, -0.19, -0.16, -0.1, -0.03, -0.02, 0.19, 0.31, 0.08, -0.16, -0.34, 0.9, 0.9, 0.9, 0.9, 0.9, 0.91, -0.25, -0.24, -0.22, -0.2, -0.17, -0.13, -0.08, -0.01, -0.07, 0.03, 0.06, -0.03, -0.18, -0.33, 0.89, 0.9, 0.91, 0.91, 0.91, 0.92, -0.24, -0.22, -0.21, -0.19, -0.16, -0.12, -0.08, -0.2, -0.14, -0.09, -0.08, -0.14, -0.24, -0.34, 0.89, 0.9, 0.91, 0.91, 0.92, 0.92]}, {"header": {"refTime": "2023-09-03T00:00:00.000Z", "nx": 21, "ny": 33, "lo1": 113.509, "la1": 22.2235, "lo2": 113.5947, "la2": 22.1034, "dx": 0.0042850000000001385, "dy": 0.003753125000000024, "parameterCategory": 0, "parameterCategoryName": "Temperature", "parameterNumber": 0}, "data": [[26.9, 26.9, 26.9, 26.7, 26.72, 26.87, 26.89, 26.9, 26.9, 26.84, 26.82, 26.81, 26.91, 26.91, 26.9, 26.9, 26.84, 26.84, 26.83, 26.83], [26.9, 26.9, 26.9, 26.9, 26.71, 26.74, 26.89, 26.91, 26.93, 26.86, 26.83, 26.81, 26.91, 26.9, 26.9, 26.84, 26.84, 26.83, 26.83, 26.83], [26.9, 26.9, 26.9, 26.9, 26.71, 26.73, 26.77, 26.93, 26.98, 26.88, 26.83, 26.8, 26.91, 26.9, 26.85, 26.84, 26.84, 26.83, 26.83, 26.83], [26.9, 26.9, 26.9, 26.9, 26.9, 26.71, 26.74, 26.8, 26.85, 26.84, 26.8, 26.8, 26.9, 26.76, 26.85, 26.84, 26.83, 26.83, 26.83, 26.83], [26.91, 26.9, 26.9, 26.9, 26.89, 26.68, 26.7, 26.71, 26.71, 26.77, 26.76, 26.76, 26.84, 26.78, 26.85, 26.84, 26.83, 26.83, 26.82, 26.82], [26.91, 26.91, 26.9, 26.9, 26.89, 26.87, 26.65, 26.64, 26.63, 26.59, 26.64, 26.72, 26.79, 26.87, 26.84, 26.83, 26.82, 26.82, 26.82, 26.82], [26.88, 26.91, 26.91, 26.9, 26.89, 26.86, 26.65, 26.6, 26.58, 26.5, 26.49, 26.66, 26.84, 26.85, 26.83, 26.83, 26.81, 26.81, 26.82, 26.82], [26.89, 26.89, 26.89, 26.89, 26.88, 26.72, 26.67, 26.62, 26.58, 26.48, 26.38, 26.65, 26.65, 26.85, 26.8, 26.8, 26.8, 26.8, 26.8, 26.8], [26.81, 26.82, 26.91, 26.92, 26.92, 26.9, 26.84, 26.65, 26.5, 26.51, 26.49, 26.57, 26.6, 26.55, 26.8, 26.8, 26.8, 26.8, 26.8, 26.8], [27.1, 27.1, 27.1, 26.87, 26.9, 26.99, 26.93, 26.84, 26.43, 26.45, 26.6, 26.52, 26.55, 26.53, 26.8, 26.8, 26.8, 26.8, 26.8, 26.8], [27.1, 27.1, 27.1, 27.1, 27.1, 27.1, 27.1, 27.1, 26.92, 26.5, 26.3, 26.49, 26.51, 26.51, 26.8, 26.8, 26.8, 26.8, 26.8, 26.8], [27.1, 27.1, 27.1, 27.1, 27.1, 27.1, 27.1, 27.1, 27.1, -999.0, 26.3, 26.8, 26.8, 26.5, 26.8, 26.8, 26.8, 26.23, 26.25, 26.25], [27.1, 27.1, 27.1, 27.1, 27.1, 27.1, 27.1, 27.1, 27.1, 27.1, -999.0, 26.8, 26.8, 26.15, 26.43, 26.44, 26.44, 26.32, 26.34, 26.35], [27.1, 27.1, 27.1, 27.1, 27.1, 27.1, 27.1, 27.1, 27.1, 27.1, -999.0, 25.8, 25.8, 25.8, 26.35, 26.35, 26.37, 26.24, 26.27, 26.29], [27.1, 27.1, 27.1, 27.1, 27.1, 27.1, 27.1, 27.1, 27.1, 27.1, 27.1, 26.6, 25.8, 25.8, 25.8, 26.26, 26.29, 26.17, 26.21, 26.24], [27.1, 27.1, 27.1, 27.1, 27.1, 27.1, 27.1, 27.1, 27.1, 27.1, 26.28, 26.37, 26.25, 26.14, 26.26, 26.13, 26.18, 26.09, 26.3, 26.34], [27.1, 27.1, 27.1, 27.1, 27.1, 27.1, 27.1, 27.1, 27.1, 27.1, 26.54, 26.38, 26.21, 26.05, 26.06, 26.0, 26.07, 26.12, 26.16, 26.18], [27.1, 27.1, 27.1, 27.1, 27.1, 27.1, 27.1, 27.1, 27.1, 26.77, 26.6, 26.4, 26.2, 26.07, 25.84, 25.97, 26.07, 26.14, 26.18, 26.2], [27.1, 27.1, 27.1, 27.1, 27.1, 27.1, 27.1, 27.1, 26.98, 26.85, 26.67, 26.51, 26.32, 26.15, 25.96, 26.03, 26.12, 26.17, 26.21, 26.23], [27.1, 27.1, 26.93, 26.94, 26.95, 26.96, 26.99, 27.05, 26.94, 26.82, 26.68, 26.54, 26.39, 26.29, 26.09, 26.13, 26.19, 26.22, 26.25, 26.26], [26.92, 26.92, 26.93, 26.98, 26.98, 26.99, 27.0, 27.01, 26.83, 26.77, 26.68, 26.58, 26.45, 26.17, 26.19, 26.23, 26.27, 26.29, 26.29, 26.29], [26.96, 26.96, 26.96, 26.97, 26.97, 26.97, 26.97, 26.98, 26.77, 26.73, 26.67, 26.6, 26.41, 26.24, 26.27, 26.31, 26.35, 26.35, 26.33, 26.32], [26.95, 26.95, 26.95, 26.97, 26.96, 26.96, 26.96, 26.95, 26.94, 26.93, 26.93, 26.86, 26.59, 26.28, 26.33, 26.38, 26.44, 26.41, 26.36, 26.34], [26.96, 26.96, 26.96, 26.96, 26.95, 26.95, 26.94, 26.92, 26.9, 26.89, 26.9, 26.83, 26.59, 26.56, 26.53, 26.41, 26.57, 26.41, 26.36, 26.34], [26.96, 26.96, 26.96, 26.95, 26.95, 26.94, 26.93, 26.9, 26.87, 26.84, 26.88, 26.83, 26.83, 26.56, 26.53, 26.5, 26.38, 26.32, 26.35, 26.34], [26.96, 26.96, 26.95, 26.95, 26.94, 26.94, 26.92, 26.9, 26.87, 26.85, 26.84, 26.84, 26.84, 26.56, 26.53, 26.52, 26.47, 26.45, 26.34, 26.33], [26.96, 26.96, 26.95, 26.95, 26.94, 26.94, 26.93, 26.91, 26.9, 26.9, 26.87, 26.87, 26.86, 26.65, 26.6, 26.55, 26.52, 26.5, 26.5, 26.52], [26.96, 26.95, 26.95, 26.95, 26.94, 26.94, 26.93, 26.93, 26.93, 26.9, 26.91, 26.82, 26.77, 26.71, 26.62, 26.58, 26.55, 26.54, 26.53, 26.54], [26.96, 26.95, 26.95, 26.95, 26.95, 26.94, 26.94, 26.94, 26.95, 26.94, 26.95, 26.86, 26.79, 26.73, 26.65, 26.61, 26.58, 26.57, 26.56, 26.56], [26.96, 26.95, 26.95, 26.95, 26.95, 26.95, 26.95, 26.95, 26.85, 26.9, 26.92, 26.86, 26.8, 26.75, 26.67, 26.63, 26.61, 26.59, 26.58, 26.57], [26.96, 26.95, 26.95, 26.95, 26.95, 26.95, 26.95, 26.95, 26.84, 26.86, 26.86, 26.84, 26.79, 26.75, 26.68, 26.65, 26.62, 26.61, 26.59, 26.59], [26.96, 26.95, 26.95, 26.95, 26.95, 26.95, 26.95, 26.8, 26.82, 26.83, 26.82, 26.81, 26.78, 26.75, 26.69, 26.66, 26.64, 26.62, 26.61, 26.6]]}]