gis_exercise/awsData/contour/wdir_2023091311.json
[{"header": {"refTime": "2023-09-13T11:00:00.000Z", "nx": 21, "ny": 33, "lo1": 113.509, "la1": 22.2235, "lo2": 113.5947, "la2": 22.1034, "dx": 0.0042850000000001385, "dy": 0.003753125000000024, "parameterCategory": 2, "parameterCategoryName": "Temperature", "parameterNumber": 2}, "data": [-2.08, -2.08, -2.09, -2.07, -2.06, -2.35, -2.32, -2.29, -2.28, -2.01, -2.03, -2.06, -2.42, -2.45, -2.99, -3.07, -3.36, -3.41, -3.44, -3.46, -2.07, -2.08, -2.08, -2.09, -2.07, -2.06, -2.3, -2.23, -2.19, -2.0, -2.04, -2.08, -2.44, -2.47, -3.01, -3.31, -3.39, -3.44, -3.48, -3.5, -2.07, -2.08, -2.08, -2.09, -2.08, -2.07, -2.05, -2.19, -2.02, -2.0, -2.05, -2.12, -2.48, -2.5, -3.22, -3.33, -3.43, -3.5, -3.54, -3.56, -2.06, -2.07, -2.08, -2.09, -2.11, -2.09, -2.07, -2.04, -2.01, -2.0, -2.07, -2.18, -2.53, -2.41, -3.2, -3.36, -3.5, -3.59, -3.62, -3.62, -2.05, -2.06, -2.07, -2.09, -2.11, -2.12, -2.12, -2.1, -2.07, -1.97, -2.06, -2.4, -2.54, -2.44, -3.21, -3.43, -3.62, -3.72, -3.73, -3.7, -2.04, -2.05, -2.06, -2.08, -2.11, -2.16, -2.18, -2.19, -2.14, -2.02, -2.17, -2.34, -2.47, -2.88, -3.26, -3.55, -3.82, -3.94, -3.88, -3.78, -2.86, -2.03, -2.03, -2.05, -2.09, -2.16, -2.11, -2.33, -2.3, -2.14, -2.0, -2.26, -2.94, -2.97, -3.32, -3.66, -4.1, -4.26, -4.15, -4.03, -2.86, -2.82, -2.77, -2.74, -2.73, -1.96, -2.1, -2.37, -2.69, -2.08, -1.63, -2.58, -2.78, -3.08, -3.67, -3.92, -4.22, -4.33, -4.17, -4.06, -2.86, -2.81, -2.75, -2.66, -2.6, -2.63, -2.78, -2.18, -2.82, -2.2, -2.35, -2.79, -3.18, -2.99, -3.66, -3.84, -4.03, -4.11, -4.07, -4.02, -3.44, -3.37, -3.26, -2.61, -2.41, -2.31, -2.65, -3.03, -3.13, -2.93, -2.61, -2.93, -3.27, -3.04, -3.66, -3.78, -3.9, -3.97, -3.98, -3.96, -3.46, -3.4, -3.29, -3.1, -2.69, -1.5, -3.0, -3.78, -3.6, -3.37, -3.41, -2.86, -2.98, -2.95, -3.66, -3.74, -3.82, -3.88, -3.9, -3.9, -3.51, -3.46, -3.38, -3.26, -3.07, -2.97, -3.56, -4.25, -4.51, -4.68, -3.62, -3.83, -3.75, -2.87, -3.66, -3.72, -3.78, -3.77, -3.79, -3.79, -3.56, -3.54, -3.51, -3.5, -3.55, -3.81, -4.22, -4.37, -4.47, -4.27, -4.59, -3.91, -3.82, -3.11, -3.09, -3.61, -3.64, -3.66, -3.69, -3.7, -3.62, -3.62, -3.63, -3.69, -3.83, -4.16, -4.69, -4.37, -4.3, -4.22, -4.62, -3.86, -3.73, -3.63, -3.02, -3.48, -3.51, -3.55, -3.59, -3.62, -3.67, -3.68, -3.72, -3.8, -3.93, -4.13, -4.29, -4.23, -4.08, -3.96, -3.86, -3.04, -3.61, -3.49, -3.41, -3.33, -3.39, -3.44, -3.5, -3.54, -3.71, -3.73, -2.76, -2.85, -2.96, -3.95, -3.92, -3.81, -3.68, -3.61, -2.88, -2.86, -2.82, -2.55, -2.58, -3.05, -3.11, -3.17, -3.45, -3.51, -2.64, -2.67, -2.7, -2.74, -3.69, -3.61, -3.47, -3.28, -3.16, -3.18, -2.64, -2.7, -2.71, -2.69, -2.58, -2.86, -2.95, -3.02, -3.07, -3.1, -2.61, -2.62, -2.63, -2.63, -3.47, -3.3, -3.03, -2.66, -2.47, -2.26, -2.44, -2.57, -2.64, -2.56, -2.6, -2.83, -2.96, -3.04, -3.09, -3.12, -2.58, -2.58, -2.57, -3.43, -3.29, -3.07, -2.71, -2.12, -1.51, -2.01, -2.12, -2.31, -2.46, -2.56, -2.81, -2.9, -3.01, -3.09, -3.13, -3.15, -2.55, -2.53, -3.15, -3.07, -2.95, -2.77, -2.49, -2.1, -1.67, -1.93, -2.18, -2.35, -2.47, -2.59, -2.98, -3.04, -3.1, -3.15, -3.18, -3.19, -3.22, -3.18, -3.13, -3.05, -2.95, -2.81, -2.64, -2.45, -2.07, -2.19, -2.33, -2.44, -2.52, -3.09, -3.11, -3.16, -3.21, -3.24, -3.24, -3.23, -3.21, -3.17, -3.13, -3.07, -3.0, -2.91, -2.82, -2.22, -2.41, -2.47, -2.54, -2.57, -3.38, -3.17, -3.22, -3.28, -3.32, -3.32, -3.3, -3.27, -3.2, -3.17, -3.14, -2.3, -2.32, -2.35, -2.4, -2.47, -2.56, -2.61, -2.59, -3.06, -3.59, -3.23, -3.29, -3.37, -3.45, -3.4, -3.33, -3.3, -2.3, -2.32, -2.33, -2.36, -2.4, -2.45, -2.55, -2.69, -2.87, -2.96, -2.84, -3.29, -3.6, -3.56, -3.54, -3.41, -3.63, -3.39, -3.33, -3.3, -2.32, -2.34, -2.36, -2.4, -2.45, -2.52, -2.64, -2.83, -3.16, -3.43, -3.04, -3.25, -3.22, -3.56, -3.53, -3.5, -3.34, -3.25, -3.3, -3.3, -2.34, -2.36, -2.38, -2.42, -2.47, -2.54, -2.65, -2.83, -3.13, -3.37, -3.29, -3.14, -3.12, -3.56, -3.52, -3.17, -3.21, -3.21, -3.29, -3.29, -2.35, -2.37, -2.39, -2.42, -2.47, -2.52, -2.6, -2.7, -2.81, -2.82, -2.98, -2.94, -2.98, -2.83, -2.97, -3.07, -3.13, -3.15, -3.15, -3.14, -2.35, -2.37, -2.39, -2.42, -2.45, -2.48, -2.52, -2.54, -2.52, -2.66, -2.55, -2.54, -2.65, -2.73, -2.87, -2.98, -3.05, -3.08, -3.1, -3.1, -2.35, -2.37, -2.38, -2.4, -2.42, -2.44, -2.44, -2.41, -2.32, -2.29, -1.96, -2.32, -2.53, -2.66, -2.79, -2.9, -2.98, -3.02, -3.04, -3.05, -2.35, -2.36, -2.37, -2.39, -2.4, -2.4, -2.38, -2.34, -2.45, -2.22, -2.07, -2.29, -2.49, -2.61, -2.73, -2.84, -2.91, -2.96, -2.99, -3.01, -2.35, -2.36, -2.36, -2.37, -2.37, -2.37, -2.35, -2.31, -2.48, -2.36, -2.31, -2.39, -2.5, -2.6, -2.7, -2.8, -2.87, -2.92, -2.95, -2.97, -2.34, -2.35, -2.35, -2.36, -2.35, -2.35, -2.33, -2.59, -2.53, -2.47, -2.45, -2.48, -2.55, -2.61, -2.69, -2.77, -2.83, -2.88, -2.92, -2.94]}, {"header": {"refTime": "2023-09-13T11:00:00.000Z", "nx": 21, "ny": 33, "lo1": 113.509, "la1": 22.2235, "lo2": 113.5947, "la2": 22.1034, "dx": 0.0042850000000001385, "dy": 0.003753125000000024, "parameterCategory": 2, "parameterCategoryName": "Temperature", "parameterNumber": 3}, "data": [0.16, 0.15, 0.13, 0.19, 0.16, 0.21, 0.17, 0.13, 0.12, 0.27, 0.38, 0.48, 0.78, 0.84, 1.45, 1.58, 2.26, 2.32, 2.36, 2.39, 0.17, 0.16, 0.14, 0.11, 0.16, 0.12, 0.13, 0.04, -0.01, 0.17, 0.36, 0.51, 0.83, 0.89, 1.5, 2.2, 2.29, 2.36, 2.41, 2.44, 0.19, 0.17, 0.16, 0.13, 0.18, 0.13, 0.05, -0.04, -0.29, 0.1, 0.39, 0.59, 0.91, 0.96, 2.07, 2.22, 2.34, 2.43, 2.48, 2.5, 0.2, 0.19, 0.18, 0.16, 0.13, 0.17, 0.11, 0.0, -0.09, 0.23, 0.5, 0.73, 1.03, 1.29, 2.06, 2.26, 2.43, 2.53, 2.58, 2.58, 0.22, 0.21, 0.21, 0.19, 0.17, 0.22, 0.2, 0.17, 0.16, 0.44, 0.64, 1.27, 1.25, 1.29, 2.07, 2.35, 2.57, 2.7, 2.71, 2.68, 0.24, 0.24, 0.24, 0.23, 0.22, 0.21, 0.29, 0.31, 0.34, 0.39, 1.25, 1.28, 1.29, 1.6, 2.14, 2.49, 2.82, 2.95, 2.88, 2.78, 0.64, 0.26, 0.27, 0.27, 0.27, 0.27, 0.59, 0.4, 0.44, 0.91, 1.03, 1.34, 1.73, 1.73, 2.24, 2.63, 3.15, 3.34, 3.12, 2.95, 0.64, 0.64, 0.63, 0.78, 0.77, 0.59, 0.58, 0.54, 0.58, 0.88, 0.95, 1.66, 1.78, 1.86, 2.59, 2.89, 3.27, 3.4, 3.2, 3.06, 0.65, 0.64, 0.64, 0.63, 0.77, 0.76, 0.75, 0.57, 0.76, 0.92, 1.51, 1.78, 2.01, 1.9, 2.55, 2.79, 3.02, 3.12, 3.08, 3.01, 0.97, 0.95, 0.93, 0.64, 0.62, 0.73, 0.79, 0.85, 0.95, 0.95, 1.67, 1.86, 2.06, 1.93, 2.53, 2.7, 2.85, 2.94, 2.96, 2.93, 0.97, 0.95, 0.93, 0.89, 0.82, 0.58, 0.91, 1.12, 1.08, 1.09, 1.66, 1.82, 1.89, 1.87, 2.53, 2.65, 2.76, 2.83, 2.86, 2.86, 0.97, 0.96, 0.94, 0.92, 0.88, 0.86, 1.0, 1.26, 1.39, 1.61, 1.66, 1.96, 1.99, 1.82, 2.54, 2.62, 2.7, 2.26, 2.28, 2.28, 0.98, 0.97, 0.96, 0.95, 0.95, 0.97, 1.03, 1.22, 1.33, 1.24, 1.64, 1.92, 1.96, 1.49, 1.43, 1.96, 2.01, 2.06, 2.1, 2.12, 0.99, 0.98, 0.98, 0.98, 0.99, 1.0, 0.98, 1.1, 1.18, 1.18, 1.6, 1.37, 1.31, 1.24, 1.24, 1.71, 1.77, 1.85, 1.91, 1.97, 1.0, 0.99, 0.99, 1.0, 1.01, 1.02, 1.04, 1.31, 1.39, 1.43, 1.45, 1.09, 1.13, 1.03, 0.97, 1.43, 1.53, 1.64, 1.74, 1.82, 1.0, 1.0, 1.06, 1.07, 1.07, 1.35, 1.36, 1.39, 1.44, 1.47, 1.18, 1.03, 0.86, 0.85, 0.76, 1.05, 1.2, 1.35, 1.84, 1.97, 1.08, 1.09, 1.1, 1.12, 1.41, 1.42, 1.45, 1.49, 1.52, 1.52, 1.18, 0.99, 0.77, 0.52, 0.57, 0.67, 0.91, 1.1, 1.23, 1.32, 1.11, 1.12, 1.14, 1.16, 1.45, 1.48, 1.52, 1.59, 1.62, 1.27, 1.07, 0.99, 0.72, 0.58, 0.09, 0.6, 0.94, 1.15, 1.29, 1.38, 1.13, 1.15, 1.17, 1.46, 1.49, 1.52, 1.58, 1.67, 1.68, 1.38, 0.96, 0.72, 1.07, 0.79, 0.55, 0.8, 1.09, 1.28, 1.39, 1.46, 1.15, 1.17, 1.05, 1.08, 1.12, 1.19, 1.29, 1.44, 1.44, 1.19, 0.93, 0.73, 1.25, 1.12, 1.0, 1.15, 1.33, 1.46, 1.53, 1.56, 1.0, 1.01, 1.03, 1.05, 1.08, 1.12, 1.18, 1.25, 1.11, 1.0, 0.84, 0.7, 1.44, 1.28, 1.35, 1.48, 1.6, 1.67, 1.68, 1.67, 0.98, 0.99, 0.99, 1.0, 1.02, 1.03, 1.05, 1.02, 0.87, 0.8, 0.72, 0.64, 1.05, 1.51, 1.62, 1.78, 1.89, 1.89, 1.83, 1.77, 0.96, 0.96, 0.96, 0.91, 0.91, 0.9, 0.87, 0.83, 0.78, 0.74, 0.74, 1.41, 1.46, 1.66, 1.81, 2.02, 2.23, 2.11, 1.93, 1.83, 0.89, 0.88, 0.87, 0.86, 0.84, 0.81, 0.76, 0.68, 0.57, 0.52, 0.58, 1.02, 1.41, 1.66, 1.9, 2.12, 2.7, 2.08, 1.92, 1.85, 0.86, 0.85, 0.84, 0.82, 0.79, 0.75, 0.68, 0.57, 0.4, 0.25, 0.45, 0.93, 1.22, 1.61, 1.83, 2.0, 1.95, 1.72, 1.85, 1.84, 0.85, 0.83, 0.82, 0.79, 0.76, 0.71, 0.65, 0.55, 0.39, 0.27, 0.62, 0.9, 1.16, 1.56, 1.75, 1.97, 1.94, 1.9, 1.83, 1.82, 0.83, 0.82, 0.8, 0.77, 0.74, 0.7, 0.65, 0.58, 0.51, 0.5, 0.75, 0.92, 1.11, 1.7, 1.81, 1.88, 1.9, 1.9, 1.91, 1.91, 0.82, 0.8, 0.79, 0.76, 0.73, 0.7, 0.67, 0.63, 0.61, 0.78, 0.82, 0.63, 0.66, 0.7, 1.73, 1.8, 1.85, 1.87, 1.88, 1.88, 0.81, 0.79, 0.78, 0.76, 0.73, 0.71, 0.69, 0.67, 0.67, 0.82, 0.73, 0.68, 0.68, 0.7, 1.66, 1.74, 1.79, 1.83, 1.84, 1.85, 0.8, 0.79, 0.77, 0.76, 0.74, 0.72, 0.7, 0.7, 0.64, 0.68, 0.72, 0.69, 0.69, 0.7, 1.61, 1.69, 1.75, 1.79, 1.81, 1.82, 0.8, 0.79, 0.77, 0.76, 0.74, 0.73, 0.72, 0.71, 0.64, 0.67, 0.69, 0.69, 0.69, 0.7, 1.58, 1.66, 1.71, 1.75, 1.78, 1.8, 0.8, 0.79, 0.77, 0.76, 0.75, 0.74, 0.73, 0.63, 0.65, 0.66, 0.67, 0.68, 0.69, 0.7, 1.57, 1.64, 1.69, 1.73, 1.75, 1.77]}, {"header": {"refTime": "2023-09-13T11:00:00.000Z", "nx": 21, "ny": 33, "lo1": 113.509, "la1": 22.2235, "lo2": 113.5947, "la2": 22.1034, "dx": 0.0042850000000001385, "dy": 0.003753125000000024, "parameterCategory": 0, "parameterCategoryName": "Temperature", "parameterNumber": 0}, "data": [[28.18, 28.18, 28.17, 27.96, 27.97, 28.14, 28.14, 28.14, 28.15, 28.19, 28.21, 28.23, 28.44, 28.46, 28.22, 28.2, 28.34, 28.32, 28.31, 28.3], [28.19, 28.18, 28.17, 28.16, 27.97, 27.98, 28.13, 28.13, 28.14, 28.18, 28.21, 28.25, 28.46, 28.48, 28.23, 28.36, 28.33, 28.31, 28.29, 28.28], [28.2, 28.19, 28.18, 28.17, 27.96, 27.97, 27.99, 28.12, 28.11, 28.16, 28.22, 28.27, 28.48, 28.5, 28.4, 28.35, 28.31, 28.28, 28.27, 28.26], [28.2, 28.2, 28.19, 28.17, 28.16, 27.96, 27.98, 28.0, 28.03, 28.18, 28.24, 28.32, 28.52, 28.48, 28.4, 28.34, 28.28, 28.24, 28.23, 28.23], [28.21, 28.21, 28.2, 28.18, 28.16, 27.94, 27.95, 27.96, 27.97, 28.18, 28.25, 28.48, 28.55, 28.5, 28.4, 28.31, 28.23, 28.18, 28.18, 28.2], [28.23, 28.22, 28.21, 28.2, 28.18, 28.15, 27.92, 27.92, 27.92, 27.92, 28.36, 28.45, 28.52, 28.63, 28.38, 28.26, 28.14, 28.09, 28.12, 28.16], [28.3, 28.24, 28.24, 28.23, 28.21, 28.17, 28.05, 27.88, 27.87, 28.02, 28.08, 28.41, 28.66, 28.65, 28.37, 28.21, 28.02, 27.94, 27.95, 28.0], [28.32, 28.32, 28.32, 28.32, 28.3, 28.16, 28.08, 27.95, 27.86, 28.0, 27.99, 28.45, 28.46, 28.65, 28.14, 28.23, 28.04, 27.96, 28.08, 28.15], [28.18, 28.2, 28.36, 28.37, 28.38, 28.34, 28.23, 28.04, 27.83, 28.03, 28.21, 28.33, 28.38, 28.31, 28.16, 28.27, 28.15, 28.11, 28.13, 28.18], [28.7, 28.7, 28.7, 28.28, 28.34, 28.5, 28.39, 28.23, 27.86, 27.85, 28.39, 28.25, 28.3, 28.27, 28.16, 28.31, 28.23, 28.2, 28.19, 28.21], [28.7, 28.7, 28.7, 28.7, 28.7, 28.7, 28.7, 28.7, 28.38, 27.83, 27.9, 28.2, 28.24, 28.24, 28.15, 28.34, 28.28, 28.25, 28.24, 28.25], [28.7, 28.7, 28.7, 28.7, 28.7, 28.7, 28.7, 28.7, 28.7, -999.0, 27.9, 28.7, 28.7, 28.22, 28.14, 28.37, 28.33, 28.08, 28.08, 28.08], [28.7, 28.7, 28.7, 28.7, 28.7, 28.7, 28.7, 28.7, 28.7, 28.7, -999.0, 28.7, 28.7, 28.44, 28.55, 27.98, 27.98, 28.04, 28.03, 28.03], [28.7, 28.7, 28.7, 28.7, 28.7, 28.7, 28.7, 28.7, 28.7, 28.7, -999.0, 28.3, 28.3, 28.3, 28.52, 28.02, 28.02, 28.08, 28.07, 28.05], [28.7, 28.7, 28.7, 28.7, 28.7, 28.7, 28.7, 29.6, 29.6, 29.6, 29.6, 29.1, 28.3, 28.3, 28.3, 28.07, 28.06, 28.11, 28.1, 28.08], [28.7, 28.7, 29.27, 29.28, 29.29, 29.6, 29.6, 29.6, 29.6, 29.6, 28.78, 28.87, 28.75, 28.64, 28.76, 28.08, 28.05, 28.11, 28.01, 27.99], [29.28, 29.28, 29.02, 29.03, 29.6, 29.6, 29.6, 29.6, 29.6, 29.6, 29.04, 28.88, 28.71, 28.55, 28.39, 28.39, 28.42, 28.45, 28.47, 28.49], [29.02, 29.03, 29.05, 29.07, 29.6, 29.6, 29.6, 29.6, 29.6, 29.27, 29.1, 28.9, 28.7, 28.41, 28.31, 28.38, 28.42, 28.45, 28.48, 28.49], [29.04, 29.05, 29.07, 29.6, 29.6, 29.6, 29.6, 29.6, 29.48, 29.35, 29.21, 29.04, 28.55, 28.43, 28.37, 28.4, 28.44, 28.47, 28.49, 28.51], [29.05, 29.07, 29.54, 29.55, 29.55, 29.55, 29.56, 29.58, 29.47, 29.36, 29.23, 29.09, 28.55, 28.45, 28.42, 28.43, 28.46, 28.48, 28.5, 28.52], [29.54, 29.54, 29.54, 29.56, 29.56, 29.56, 29.57, 29.57, 29.37, 29.32, 29.23, 29.13, 28.54, 28.45, 28.45, 28.46, 28.47, 28.49, 28.52, 28.54], [29.55, 29.55, 29.55, 29.56, 29.56, 29.56, 29.56, 29.55, 29.34, 29.3, 29.25, 29.18, 28.5, 28.48, 28.47, 28.46, 28.46, 28.5, 28.54, 28.56], [29.55, 29.55, 29.55, 29.54, 29.54, 29.54, 29.54, 29.54, 29.53, 29.53, 29.53, 29.06, 28.93, 28.5, 28.49, 28.45, 28.38, 28.49, 28.58, 28.6], [29.54, 29.54, 29.54, 29.53, 29.53, 29.53, 29.53, 29.53, 29.52, 29.52, 29.52, 29.06, 28.96, 28.85, 28.74, 28.47, 28.12, 28.65, 28.68, 28.65], [29.53, 29.53, 29.53, 29.53, 29.53, 29.53, 29.52, 29.52, 29.51, 29.51, 29.51, 29.12, 28.96, 28.88, 28.79, 28.72, 28.77, 29.02, 28.77, 28.68], [29.53, 29.53, 29.53, 29.53, 29.53, 29.52, 29.52, 29.52, 29.51, 29.51, 29.28, 29.15, 29.01, 28.91, 28.84, 28.82, 28.87, 28.91, 28.75, 28.69], [29.53, 29.53, 29.53, 29.53, 29.53, 29.52, 29.52, 29.52, 29.51, 29.51, 29.27, 29.18, 29.06, 28.96, 28.9, 28.87, 28.87, 28.88, 28.88, 28.86], [29.53, 29.53, 29.53, 29.53, 29.52, 29.52, 29.52, 29.52, 29.51, 29.32, 29.31, 29.51, 29.52, 29.53, 28.95, 28.91, 28.9, 28.89, 28.88, 28.88], [29.53, 29.53, 29.53, 29.52, 29.52, 29.52, 29.52, 29.51, 29.51, 29.37, 29.5, 29.51, 29.52, 29.53, 28.99, 28.95, 28.92, 28.91, 28.9, 28.89], [29.53, 29.53, 29.53, 29.52, 29.52, 29.52, 29.52, 29.51, 29.51, 29.51, 29.51, 29.51, 29.52, 29.53, 29.02, 28.97, 28.94, 28.92, 28.91, 28.9], [29.53, 29.53, 29.52, 29.52, 29.52, 29.52, 29.52, 29.52, 29.51, 29.51, 29.51, 29.52, 29.52, 29.52, 29.03, 28.99, 28.96, 28.94, 28.93, 28.91], [29.53, 29.53, 29.52, 29.52, 29.52, 29.52, 29.52, 29.52, 29.52, 29.52, 29.52, 29.52, 29.52, 29.53, 29.04, 29.0, 28.98, 28.95, 28.94, 28.93]]}]