gis_exercise/awsData/contour/wdir_2023090922.json
[{"header": {"refTime": "2023-09-09T22:00:00.000Z", "nx": 21, "ny": 33, "lo1": 113.509, "la1": 22.2235, "lo2": 113.5947, "la2": 22.1034, "dx": 0.0042850000000001385, "dy": 0.003753125000000024, "parameterCategory": 2, "parameterCategoryName": "Temperature", "parameterNumber": 2}, "data": [-0.46, -0.49, -0.53, -1.15, -1.15, -1.56, -1.53, -1.5, -1.5, -1.41, -1.49, -1.57, -2.05, -2.11, -3.17, -3.33, -3.87, -3.95, -4.01, -4.06, -0.44, -0.47, -0.51, -0.56, -1.15, -1.14, -1.49, -1.42, -1.38, -1.36, -1.49, -1.61, -2.1, -2.16, -3.21, -3.78, -3.91, -4.02, -4.09, -4.13, -0.41, -0.45, -0.49, -0.54, -1.16, -1.15, -1.13, -1.36, -1.14, -1.32, -1.52, -1.69, -2.19, -2.23, -3.61, -3.81, -3.99, -4.12, -4.2, -4.22, -0.38, -0.41, -0.45, -0.5, -0.58, -1.16, -1.15, -1.13, -1.11, -1.37, -1.59, -1.83, -2.32, -2.26, -3.59, -3.88, -4.12, -4.28, -4.35, -4.35, -0.33, -0.36, -0.39, -0.45, -0.52, -1.18, -1.17, -1.16, -1.15, -1.44, -1.63, -2.26, -2.48, -2.31, -3.61, -4.01, -4.35, -4.54, -4.56, -4.49, -0.28, -0.29, -0.32, -0.37, -0.45, -0.56, -1.21, -1.22, -1.19, -1.14, -1.92, -2.16, -2.35, -3.04, -3.69, -4.21, -4.72, -4.94, -4.82, -4.65, -1.06, -0.21, -0.22, -0.25, -0.33, -0.46, -0.61, -1.3, -1.28, -1.42, -1.41, -2.01, -3.1, -3.19, -3.78, -4.42, -5.24, -5.54, -5.39, -5.18, -1.04, -0.98, -0.92, -1.28, -1.27, -0.24, -0.53, -0.99, -1.55, -1.35, -1.07, -2.54, -2.84, -3.38, -4.47, -4.93, -5.48, -5.69, -5.39, -5.18, -1.04, -0.96, -0.85, -0.72, -1.0, -1.06, -1.38, -0.68, -2.1, -1.46, -2.33, -2.99, -3.7, -3.36, -4.46, -4.8, -5.13, -5.28, -5.21, -5.1, -2.19, -2.06, -1.87, -0.6, -0.26, -0.39, -1.1, -1.88, -2.75, -2.55, -2.76, -3.3, -3.92, -3.48, -4.48, -4.69, -4.9, -5.02, -5.04, -5.0, -2.23, -2.1, -1.91, -1.56, -0.84, 1.3, -1.48, -3.03, -3.05, -3.26, -3.93, -3.18, -3.38, -3.33, -4.48, -4.62, -4.76, -4.86, -4.9, -4.9, -2.29, -2.2, -2.06, -1.84, -1.49, -1.32, -2.45, -4.01, -4.66, -5.19, -4.19, -4.49, -4.4, -3.18, -4.49, -4.59, -4.68, -4.69, -4.71, -4.71, -2.38, -2.33, -2.27, -2.23, -2.29, -2.69, -3.37, -4.04, -4.46, -3.97, -5.05, -4.57, -4.47, -3.43, -3.38, -4.38, -4.43, -4.47, -4.51, -4.54, -2.48, -2.47, -2.48, -2.54, -2.75, -3.2, -3.85, -3.75, -3.86, -3.76, -5.0, -4.47, -4.28, -4.13, -3.23, -4.13, -4.19, -4.26, -4.32, -4.38, -2.56, -2.58, -2.63, -2.73, -2.93, -3.22, -3.47, -4.04, -4.04, -3.99, -3.91, -3.24, -4.06, -3.87, -3.76, -3.83, -3.93, -4.04, -4.14, -4.23, -2.64, -2.67, -1.47, -1.6, -1.76, -3.75, -3.73, -3.68, -3.62, -3.6, -3.07, -2.99, -2.9, -2.61, -2.62, -3.12, -3.22, -3.31, -3.75, -3.85, -1.37, -1.42, -1.49, -1.57, -3.55, -3.47, -3.35, -3.19, -3.1, -3.15, -2.77, -2.78, -2.73, -2.63, -2.39, -2.44, -2.48, -2.5, -2.51, -2.52, -1.39, -1.43, -1.48, -1.54, -3.36, -3.2, -2.94, -2.6, -2.42, -2.02, -2.17, -2.62, -2.62, -2.37, -2.36, -2.44, -2.48, -2.51, -2.53, -2.53, -1.4, -1.43, -1.47, -3.34, -3.21, -2.99, -2.64, -2.07, -1.42, -1.82, -1.93, -2.09, -2.32, -2.39, -2.43, -2.47, -2.51, -2.53, -2.54, -2.54, -1.4, -1.42, -2.71, -2.65, -2.56, -2.41, -2.2, -1.89, -1.56, -1.78, -1.98, -2.12, -2.36, -2.46, -2.5, -2.53, -2.56, -2.57, -2.57, -2.56, -2.77, -2.74, -2.7, -2.64, -2.56, -2.45, -2.32, -2.17, -1.89, -1.98, -2.11, -2.19, -2.42, -2.55, -2.57, -2.6, -2.62, -2.61, -2.59, -2.57, -2.76, -2.73, -2.7, -2.65, -2.6, -2.53, -2.47, -2.01, -2.16, -2.22, -2.27, -2.3, -3.14, -2.58, -2.62, -2.68, -2.71, -2.67, -2.61, -2.57, -2.76, -2.74, -2.71, -2.07, -2.09, -2.11, -2.15, -2.21, -2.28, -2.32, -2.31, -2.84, -2.9, -2.61, -2.66, -2.76, -2.89, -2.74, -2.59, -2.55, -2.07, -2.08, -2.1, -2.12, -2.15, -2.2, -2.27, -2.39, -2.53, -2.6, -2.5, -3.02, -2.91, -2.86, -2.83, -2.77, -3.3, -2.56, -2.49, -2.5, -2.09, -2.1, -2.12, -2.15, -2.19, -2.25, -2.34, -2.5, -2.76, -2.98, -2.67, -2.97, -2.99, -2.84, -2.78, -2.72, -2.4, -2.07, -2.38, -2.46, -2.1, -2.12, -2.14, -2.17, -2.21, -2.27, -2.36, -2.5, -2.74, -2.93, -2.94, -2.87, -2.9, -2.83, -2.75, -2.4, -2.33, -2.26, -2.39, -2.45, -2.11, -2.12, -2.14, -2.17, -2.21, -2.25, -2.32, -2.4, -2.48, -2.49, -2.7, -2.69, -2.76, -2.25, -2.31, -2.34, -2.33, -2.31, -2.32, -2.34, -2.11, -2.13, -2.14, -2.17, -2.19, -2.22, -2.25, -2.27, -2.25, -2.42, -2.33, -2.07, -2.06, -2.02, -2.25, -2.29, -2.31, -2.31, -2.32, -2.33, -2.11, -2.13, -2.14, -2.15, -2.17, -2.18, -2.19, -2.16, -2.09, -2.11, -1.75, -1.93, -2.0, -2.0, -2.2, -2.25, -2.28, -2.3, -2.31, -2.32, -2.11, -2.12, -2.13, -2.14, -2.15, -2.15, -2.14, -2.1, -2.03, -1.89, -1.8, -1.9, -1.97, -1.98, -2.17, -2.22, -2.26, -2.28, -2.29, -2.31, -2.11, -2.12, -2.12, -2.13, -2.13, -2.13, -2.11, -2.08, -2.03, -1.96, -1.92, -1.94, -1.97, -1.98, -2.16, -2.2, -2.24, -2.26, -2.28, -2.29, -2.11, -2.11, -2.11, -2.12, -2.12, -2.11, -2.09, -2.08, -2.04, -2.0, -1.97, -1.97, -1.98, -1.98, -2.15, -2.19, -2.22, -2.25, -2.27, -2.28]}, {"header": {"refTime": "2023-09-09T22:00:00.000Z", "nx": 21, "ny": 33, "lo1": 113.509, "la1": 22.2235, "lo2": 113.5947, "la2": 22.1034, "dx": 0.0042850000000001385, "dy": 0.003753125000000024, "parameterCategory": 2, "parameterCategoryName": "Temperature", "parameterNumber": 3}, "data": [0.06, 0.06, 0.06, 0.43, 0.39, 0.42, 0.37, 0.32, 0.31, 0.34, 0.44, 0.53, 1.06, 1.13, 1.66, 1.8, 2.74, 2.81, 2.86, 2.89, 0.06, 0.06, 0.06, 0.06, 0.4, 0.34, 0.33, 0.22, 0.15, 0.25, 0.42, 0.56, 1.1, 1.18, 1.7, 2.65, 2.76, 2.85, 2.91, 2.95, 0.06, 0.06, 0.07, 0.07, 0.42, 0.36, 0.26, 0.14, -0.16, 0.18, 0.45, 0.63, 1.16, 1.23, 2.49, 2.67, 2.82, 2.92, 2.99, 3.01, 0.06, 0.06, 0.07, 0.08, 0.08, 0.41, 0.34, 0.2, 0.08, 0.3, 0.55, 0.76, 1.25, 1.52, 2.46, 2.72, 2.91, 3.04, 3.09, 3.1, 0.06, 0.06, 0.07, 0.09, 0.11, 0.49, 0.46, 0.41, 0.39, 0.5, 0.68, 1.46, 1.34, 1.5, 2.48, 2.82, 3.08, 3.22, 3.24, 3.21, 0.05, 0.06, 0.07, 0.09, 0.12, 0.17, 0.59, 0.61, 0.62, 0.64, 1.52, 1.54, 1.49, 2.04, 2.6, 2.99, 3.35, 3.5, 3.43, 3.31, 0.95, 0.04, 0.05, 0.07, 0.12, 0.19, 0.61, 0.77, 0.81, 1.32, 1.41, 1.74, 2.36, 2.34, 2.76, 3.17, 3.71, 3.91, 3.66, 3.48, 0.94, 0.9, 0.86, 1.05, 1.04, 0.4, 0.56, 0.79, 1.14, 1.26, 1.13, 2.39, 2.61, 2.59, 3.42, 3.66, 3.95, 4.06, 3.9, 3.79, 0.94, 0.89, 0.83, 0.74, 0.89, 0.92, 1.09, 0.64, 1.51, 1.36, 2.03, 2.51, 2.84, 2.68, 3.39, 3.58, 3.76, 3.84, 3.81, 3.75, 1.73, 1.65, 1.52, 0.68, 0.48, 0.54, 0.96, 1.41, 1.95, 1.84, 2.29, 2.6, 2.88, 2.7, 3.38, 3.51, 3.63, 3.7, 3.71, 3.69, 1.75, 1.67, 1.55, 1.33, 0.88, -0.45, 1.27, 2.23, 2.16, 2.29, 2.76, 2.53, 2.64, 2.62, 3.38, 3.47, 3.55, 3.61, 3.63, 3.64, 1.79, 1.73, 1.64, 1.51, 1.29, 1.19, 1.89, 2.83, 3.23, 3.55, 2.92, 3.32, 3.27, 2.54, 3.38, 3.45, 3.51, 3.21, 3.23, 3.23, 1.85, 1.81, 1.78, 1.76, 1.79, 2.05, 2.48, 2.87, 3.11, 2.81, 3.46, 3.36, 3.31, 2.6, 2.56, 2.98, 3.02, 3.05, 3.08, 3.1, 1.91, 1.9, 1.91, 1.95, 2.08, 2.38, 2.8, 2.7, 2.76, 2.69, 3.44, 2.99, 2.87, 2.77, 2.42, 2.8, 2.84, 2.9, 2.95, 2.99, 1.96, 1.97, 2.0, 2.07, 2.2, 2.38, 2.54, 3.02, 3.04, 3.02, 2.99, 2.45, 2.71, 2.58, 2.5, 2.59, 2.66, 2.74, 2.82, 2.88, 2.01, 2.03, 1.49, 1.57, 1.67, 2.89, 2.88, 2.87, 2.86, 2.85, 2.41, 2.31, 2.18, 1.94, 1.9, 2.35, 2.47, 2.59, 2.97, 3.07, 1.45, 1.48, 1.53, 1.59, 2.82, 2.78, 2.73, 2.66, 2.63, 2.65, 2.27, 2.19, 2.06, 1.9, 1.86, 1.97, 2.12, 2.25, 2.33, 2.39, 1.47, 1.51, 1.55, 1.6, 2.74, 2.67, 2.56, 2.41, 2.34, 1.99, 1.97, 2.11, 1.99, 1.85, 1.58, 1.92, 2.14, 2.28, 2.37, 2.43, 1.49, 1.52, 1.56, 2.73, 2.67, 2.58, 2.43, 2.19, 1.87, 1.93, 1.46, 1.41, 2.08, 1.97, 1.89, 2.06, 2.24, 2.37, 2.44, 2.48, 1.51, 1.53, 1.79, 1.78, 1.77, 1.76, 1.75, 1.76, 1.63, 1.51, 1.42, 1.37, 2.2, 2.19, 2.19, 2.29, 2.41, 2.49, 2.53, 2.55, 1.74, 1.73, 1.72, 1.71, 1.69, 1.67, 1.65, 1.65, 1.43, 1.38, 1.33, 1.3, 2.34, 2.38, 2.43, 2.52, 2.6, 2.64, 2.64, 2.62, 1.69, 1.68, 1.66, 1.63, 1.6, 1.57, 1.53, 1.13, 1.24, 1.21, 1.2, 1.2, 1.98, 2.53, 2.62, 2.73, 2.82, 2.8, 2.73, 2.67, 1.65, 1.63, 1.6, 1.02, 1.02, 1.02, 1.0, 0.97, 0.92, 0.89, 0.89, 1.79, 2.04, 2.63, 2.75, 2.92, 3.1, 2.96, 2.78, 2.7, 1.0, 0.99, 0.99, 0.98, 0.97, 0.94, 0.9, 0.83, 0.75, 0.7, 0.75, 1.4, 1.97, 2.28, 2.56, 2.98, 3.58, 2.86, 2.73, 2.69, 0.98, 0.97, 0.96, 0.94, 0.92, 0.88, 0.83, 0.74, 0.6, 0.49, 0.64, 1.28, 1.63, 2.22, 2.49, 2.69, 2.7, 2.41, 2.63, 2.66, 0.96, 0.95, 0.93, 0.91, 0.89, 0.85, 0.79, 0.71, 0.59, 0.5, 0.92, 1.22, 1.53, 2.15, 2.38, 2.58, 2.57, 2.53, 2.63, 2.65, 0.94, 0.93, 0.92, 0.89, 0.87, 0.83, 0.79, 0.73, 0.68, 0.66, 1.01, 1.2, 1.45, 2.18, 2.35, 2.46, 2.5, 2.51, 2.51, 2.52, 0.93, 0.92, 0.9, 0.88, 0.86, 0.83, 0.79, 0.76, 0.74, 0.98, 1.01, 0.8, 0.86, 0.94, 2.22, 2.34, 2.41, 2.45, 2.46, 2.47, 0.92, 0.91, 0.89, 0.88, 0.85, 0.83, 0.8, 0.78, 0.77, 0.96, 0.79, 0.81, 0.86, 0.93, 2.12, 2.25, 2.33, 2.38, 2.41, 2.42, 0.92, 0.9, 0.89, 0.87, 0.85, 0.83, 0.81, 0.8, 0.78, 0.79, 0.8, 0.82, 0.86, 0.92, 2.04, 2.17, 2.26, 2.32, 2.35, 2.38, 0.91, 0.9, 0.89, 0.87, 0.86, 0.84, 0.82, 0.81, 0.8, 0.81, 0.82, 0.84, 0.87, 0.91, 2.0, 2.12, 2.2, 2.26, 2.31, 2.33, 0.91, 0.9, 0.88, 0.87, 0.86, 0.85, 0.83, 0.81, 0.82, 0.82, 0.83, 0.85, 0.88, 0.91, 1.99, 2.09, 2.16, 2.22, 2.27, 2.3]}, {"header": {"refTime": "2023-09-09T22:00:00.000Z", "nx": 21, "ny": 33, "lo1": 113.509, "la1": 22.2235, "lo2": 113.5947, "la2": 22.1034, "dx": 0.0042850000000001385, "dy": 0.003753125000000024, "parameterCategory": 0, "parameterCategoryName": "Temperature", "parameterNumber": 0}, "data": [[25.86, 25.84, 25.83, 25.42, 25.42, 25.79, 25.76, 25.73, 25.73, 25.54, 25.58, 25.62, 26.04, 26.07, 26.13, 26.15, 26.44, 26.44, 26.44, 26.44], [25.87, 25.85, 25.84, 25.81, 25.43, 25.42, 25.73, 25.67, 25.64, 25.52, 25.58, 25.65, 26.07, 26.1, 26.16, 26.43, 26.44, 26.44, 26.44, 26.44], [25.88, 25.87, 25.85, 25.83, 25.43, 25.43, 25.42, 25.63, 25.46, 25.5, 25.6, 25.7, 26.12, 26.15, 26.43, 26.43, 26.44, 26.44, 26.44, 26.45], [25.89, 25.88, 25.87, 25.85, 25.82, 25.44, 25.43, 25.42, 25.41, 25.51, 25.63, 25.8, 26.21, 26.08, 26.43, 26.44, 26.44, 26.45, 26.45, 26.45], [25.91, 25.9, 25.89, 25.88, 25.86, 25.46, 25.46, 25.45, 25.42, 25.51, 25.64, 26.09, 26.27, 26.13, 26.43, 26.44, 26.45, 26.45, 26.46, 26.45], [25.93, 25.93, 25.92, 25.92, 25.9, 25.89, 25.5, 25.5, 25.46, 25.37, 25.79, 26.0, 26.17, 26.4, 26.43, 26.45, 26.46, 26.47, 26.46, 26.46], [26.17, 25.95, 25.95, 25.95, 25.95, 25.94, 25.77, 25.6, 25.57, 25.52, 25.44, 25.87, 26.4, 26.4, 26.43, 26.45, 26.47, 26.48, 26.48, 26.48], [26.17, 26.17, 26.17, 26.17, 26.17, 25.84, 25.81, 25.83, 25.89, 25.46, 25.08, 25.91, 25.92, 26.4, 26.46, 26.45, 26.47, 26.48, 26.47, 26.46], [26.13, 26.13, 26.19, 26.19, 26.19, 26.18, 26.14, 25.81, 25.62, 25.57, 25.41, 25.65, 25.77, 25.61, 26.46, 26.45, 26.46, 26.47, 26.46, 26.46], [26.3, 26.3, 26.3, 26.16, 26.18, 26.23, 26.2, 26.14, 25.32, 25.38, 25.77, 25.51, 25.59, 25.55, 26.46, 26.44, 26.45, 26.46, 26.46, 26.45], [26.3, 26.3, 26.3, 26.3, 26.3, 26.3, 26.3, 26.3, 26.19, 25.59, 24.8, 25.41, 25.48, 25.49, 26.46, 26.44, 26.45, 26.45, 26.45, 26.45], [26.3, 26.3, 26.3, 26.3, 26.3, 26.3, 26.3, 26.3, 26.3, -999.0, 24.8, 26.4, 26.4, 25.44, 26.46, 26.44, 26.44, 25.7, 25.72, 25.73], [26.3, 26.3, 26.3, 26.3, 26.3, 26.3, 26.3, 26.3, 26.3, 26.3, -999.0, 26.4, 26.4, 25.55, 25.92, 25.99, 26.0, 25.83, 25.85, 25.87], [26.3, 26.3, 26.3, 26.3, 26.3, 26.3, 26.3, 26.3, 26.3, 26.3, -999.0, 25.1, 25.1, 25.1, 25.81, 25.87, 25.9, 25.72, 25.76, 25.79], [26.3, 26.3, 26.3, 26.3, 26.3, 26.3, 26.3, 26.3, 26.3, 26.3, 26.3, 25.84, 25.1, 25.1, 25.1, 25.74, 25.78, 25.62, 25.67, 25.71], [26.3, 26.3, 26.3, 26.3, 26.3, 26.3, 26.3, 26.3, 26.3, 26.3, 25.54, 25.63, 25.51, 25.42, 25.53, 25.5, 25.56, 25.46, 25.76, 25.81], [26.3, 26.3, 26.3, 26.3, 26.3, 26.3, 26.3, 26.3, 26.3, 26.3, 25.78, 25.64, 25.48, 25.33, 25.37, 25.36, 25.45, 25.52, 25.57, 25.6], [26.3, 26.3, 26.3, 26.3, 26.3, 26.3, 26.3, 26.3, 26.3, 26.0, 25.83, 25.65, 25.47, 25.37, 25.14, 25.33, 25.46, 25.54, 25.59, 25.62], [26.3, 26.3, 26.3, 26.3, 26.3, 26.3, 26.3, 26.3, 26.19, 26.07, 25.94, 25.79, 25.63, 25.47, 25.31, 25.4, 25.51, 25.58, 25.63, 25.65], [26.3, 26.3, 26.24, 26.25, 26.25, 26.25, 26.26, 26.28, 26.18, 26.08, 25.95, 25.83, 25.7, 25.61, 25.48, 25.53, 25.6, 25.65, 25.68, 25.69], [26.24, 26.24, 26.24, 26.26, 26.26, 26.26, 26.27, 26.27, 26.09, 26.04, 25.96, 25.87, 25.77, 25.58, 25.61, 25.66, 25.7, 25.73, 25.74, 25.73], [26.25, 26.25, 26.25, 26.26, 26.26, 26.26, 26.26, 26.3, 26.06, 26.02, 25.97, 25.91, 25.81, 25.67, 25.71, 25.76, 25.81, 25.81, 25.79, 25.77], [26.25, 26.25, 26.25, 26.31, 26.31, 26.31, 26.3, 26.3, 26.29, 26.29, 26.29, 26.23, 26.05, 25.73, 25.78, 25.85, 25.92, 25.89, 25.84, 25.8], [26.32, 26.32, 26.32, 26.32, 26.31, 26.31, 26.3, 26.29, 26.28, 26.27, 26.28, 26.27, 26.06, 26.03, 26.02, 25.89, 26.06, 25.9, 25.84, 25.81], [26.32, 26.32, 26.32, 26.32, 26.32, 26.31, 26.3, 26.29, 26.26, 26.24, 26.27, 26.28, 26.29, 26.03, 26.01, 25.99, 25.86, 25.81, 25.83, 25.81], [26.33, 26.33, 26.32, 26.32, 26.32, 26.32, 26.31, 26.29, 26.27, 26.25, 26.28, 26.3, 26.3, 26.03, 26.0, 26.02, 25.97, 25.95, 25.82, 25.81], [26.33, 26.33, 26.33, 26.33, 26.33, 26.32, 26.32, 26.32, 26.31, 26.31, 26.32, 26.33, 26.32, 26.15, 26.1, 26.05, 26.02, 26.0, 26.0, 26.02], [26.33, 26.33, 26.33, 26.33, 26.33, 26.33, 26.34, 26.34, 26.35, 26.37, 26.38, 26.29, 26.24, 26.18, 26.12, 26.08, 26.05, 26.04, 26.03, 26.04], [26.33, 26.33, 26.34, 26.34, 26.34, 26.34, 26.35, 26.36, 26.38, 26.42, 26.44, 26.34, 26.27, 26.2, 26.15, 26.11, 26.08, 26.07, 26.06, 26.06], [26.34, 26.34, 26.34, 26.34, 26.34, 26.35, 26.36, 26.37, 26.32, 26.38, 26.41, 26.35, 26.28, 26.22, 26.17, 26.13, 26.11, 26.09, 26.08, 26.07], [26.34, 26.34, 26.34, 26.34, 26.35, 26.35, 26.36, 26.38, 26.31, 26.34, 26.34, 26.31, 26.27, 26.22, 26.18, 26.15, 26.12, 26.11, 26.09, 26.09], [26.34, 26.34, 26.34, 26.35, 26.35, 26.36, 26.36, 26.27, 26.29, 26.3, 26.3, 26.28, 26.25, 26.22, 26.19, 26.16, 26.14, 26.12, 26.11, 26.1]]}]