gis_exercise/awsData/contour/wdir_2023090321.json
[{"header": {"refTime": "2023-09-03T21:00:00.000Z", "nx": 21, "ny": 33, "lo1": 113.509, "la1": 22.2235, "lo2": 113.5947, "la2": 22.1034, "dx": 0.0042850000000001385, "dy": 0.003753125000000024, "parameterCategory": 2, "parameterCategoryName": "Temperature", "parameterNumber": 2}, "data": [0.21, 0.2, 0.19, 0.15, 0.15, -0.1, -0.1, -0.1, -0.11, -0.1, -0.13, -0.16, -0.45, -0.47, -0.35, -0.35, -0.54, -0.53, -0.53, -0.52, 0.21, 0.21, 0.2, 0.19, 0.15, 0.13, -0.09, -0.08, -0.08, -0.09, -0.13, -0.18, -0.47, -0.5, -0.37, -0.55, -0.54, -0.52, -0.52, -0.51, 0.22, 0.21, 0.21, 0.19, 0.15, 0.14, 0.12, -0.06, -0.02, -0.07, -0.15, -0.22, -0.51, -0.53, -0.57, -0.55, -0.53, -0.51, -0.5, -0.5, 0.23, 0.22, 0.22, 0.21, 0.19, 0.15, 0.13, 0.1, 0.08, -0.09, -0.17, -0.28, -0.56, -0.49, -0.58, -0.54, -0.51, -0.49, -0.48, -0.48, 0.24, 0.23, 0.23, 0.22, 0.21, 0.16, 0.16, 0.15, 0.15, -0.09, -0.17, -0.49, -0.6, -0.52, -0.58, -0.53, -0.48, -0.46, -0.46, -0.46, 0.25, 0.25, 0.24, 0.24, 0.23, 0.22, 0.18, 0.18, 0.19, 0.21, -0.3, -0.44, -0.54, -0.46, -0.57, -0.5, -0.43, -0.41, -0.42, -0.44, 0.85, 0.26, 0.26, 0.26, 0.25, 0.24, 0.32, 0.21, 0.22, 0.09, 0.05, -0.36, -0.44, -0.39, -0.56, -0.47, -0.37, -0.33, -0.2, -0.18, 0.86, 0.84, 0.82, 0.72, 0.7, 0.35, 0.32, 0.28, 0.17, 0.13, 0.22, -0.24, -0.3, -0.29, -0.16, -0.18, -0.21, -0.22, -0.2, -0.19, 0.88, 0.86, 0.83, 0.8, 0.7, 0.69, 0.67, 0.31, 0.52, 0.07, 0.08, -0.02, 0.13, 0.06, -0.11, -0.15, -0.18, -0.19, -0.19, -0.18, 1.33, 1.3, 1.25, 0.82, 0.76, 0.67, 0.73, 0.8, 0.77, 0.73, 0.08, 0.13, 0.26, 0.13, -0.07, -0.12, -0.15, -0.17, -0.17, -0.17, 1.34, 1.31, 1.27, 1.19, 1.02, 0.53, 1.14, 1.43, 1.1, 0.96, 0.89, 0.12, 0.14, 0.11, -0.06, -0.11, -0.13, -0.15, -0.16, -0.16, 1.36, 1.34, 1.31, 1.26, 1.18, 1.14, 1.37, 1.6, 1.68, 1.59, 1.01, 0.55, 0.46, 0.09, -0.07, -0.1, -0.13, 0.16, 0.15, 0.14, 1.38, 1.37, 1.37, 1.37, 1.39, 1.51, 1.69, 1.68, 1.68, 1.62, 1.51, 0.64, 0.54, 0.1, 0.1, 0.24, 0.21, 0.19, 0.18, 0.17, 1.41, 1.41, 1.42, 1.45, 1.52, 1.67, 1.95, 1.73, 1.66, 1.62, 1.55, 0.96, 0.87, 0.81, 0.13, 0.25, 0.23, 0.22, 0.2, 0.19, 1.43, 1.44, 1.46, 1.49, 1.56, 1.65, 1.72, 1.59, 1.49, 1.41, 1.36, 0.76, 0.83, 0.76, 0.72, 0.27, 0.25, 0.24, 0.22, 0.21, 1.45, 1.46, 0.99, 1.02, 1.07, 1.45, 1.43, 1.36, 1.29, 1.24, 0.7, 0.66, 0.62, 0.32, 0.33, 0.56, 0.59, 0.63, 0.46, 0.46, 0.92, 0.93, 0.94, 0.96, 1.3, 1.26, 1.18, 1.08, 1.01, 1.01, 0.58, 0.58, 0.55, 0.5, 0.42, 0.66, 0.76, 0.85, 0.9, 0.95, 0.89, 0.9, 0.9, 0.89, 1.18, 1.09, 0.94, 0.74, 0.64, 0.49, 0.55, 0.51, 0.5, 0.41, 0.37, 0.62, 0.77, 0.87, 0.93, 0.97, 0.87, 0.86, 0.85, 1.16, 1.08, 0.96, 0.77, 0.45, 0.12, 0.36, 0.16, 0.2, 0.43, 0.44, 0.6, 0.71, 0.83, 0.92, 0.98, 1.01, 0.85, 0.84, 0.75, 0.72, 0.66, 0.58, 0.47, 0.31, 0.06, 0.11, 0.16, 0.2, 0.46, 0.49, 0.8, 0.86, 0.94, 1.0, 1.03, 1.05, 0.76, 0.74, 0.71, 0.67, 0.62, 0.55, 0.48, 0.4, 0.12, 0.14, 0.17, 0.2, 0.5, 0.92, 0.94, 0.99, 1.05, 1.08, 1.1, 1.1, 0.73, 0.71, 0.68, 0.64, 0.59, 0.54, 0.49, -0.06, 0.16, 0.17, 0.19, 0.21, 0.63, 1.01, 1.05, 1.11, 1.15, 1.17, 1.16, 1.15, 0.7, 0.68, 0.65, -0.12, -0.11, -0.1, -0.08, -0.06, -0.04, -0.04, -0.05, 0.46, 0.96, 1.08, 1.13, 1.19, 1.24, 1.24, 1.22, 1.19, -0.16, -0.15, -0.15, -0.14, -0.12, -0.11, -0.08, -0.04, 0.0, 0.02, -0.03, 0.23, 0.93, 1.05, 1.15, 1.24, 1.29, 1.31, 1.27, 1.22, -0.17, -0.16, -0.16, -0.15, -0.14, -0.12, -0.09, -0.04, 0.06, 0.15, 0.0, 0.18, 0.25, 1.04, 1.15, 1.24, 1.32, 1.35, 1.28, 1.23, -0.18, -0.18, -0.17, -0.17, -0.16, -0.15, -0.12, -0.07, 0.02, 0.11, 0.1, 0.09, 0.16, 1.02, 1.12, 1.03, 1.14, 1.17, 1.26, 1.23, -0.19, -0.19, -0.19, -0.19, -0.19, -0.18, -0.17, -0.16, -0.14, -0.15, -0.06, -0.04, 0.05, 0.56, 0.75, 0.9, 1.0, 1.05, 1.04, 1.01, -0.2, -0.2, -0.21, -0.21, -0.21, -0.22, -0.23, -0.25, -0.3, -0.27, -0.33, -0.2, -0.03, 0.14, 0.63, 0.78, 0.88, 0.94, 0.95, 0.95, -0.21, -0.22, -0.22, -0.23, -0.24, -0.26, -0.28, -0.33, -0.43, -0.5, -0.7, -0.37, -0.13, 0.05, 0.52, 0.67, 0.77, 0.84, 0.87, 0.88, -0.22, -0.23, -0.24, -0.25, -0.26, -0.28, -0.32, -0.38, -0.3, -0.48, -0.59, -0.38, -0.17, 0.01, 0.44, 0.58, 0.69, 0.76, 0.8, 0.82, -0.23, -0.24, -0.25, -0.26, -0.28, -0.3, -0.34, -0.39, -0.25, -0.35, -0.37, -0.28, -0.14, -0.0, 0.39, 0.52, 0.62, 0.69, 0.74, 0.77, -0.24, -0.25, -0.26, -0.27, -0.29, -0.31, -0.34, -0.14, -0.19, -0.23, -0.24, -0.18, -0.09, 0.01, 0.38, 0.49, 0.57, 0.64, 0.69, 0.72]}, {"header": {"refTime": "2023-09-03T21:00:00.000Z", "nx": 21, "ny": 33, "lo1": 113.509, "la1": 22.2235, "lo2": 113.5947, "la2": 22.1034, "dx": 0.0042850000000001385, "dy": 0.003753125000000024, "parameterCategory": 2, "parameterCategoryName": "Temperature", "parameterNumber": 3}, "data": [0.41, 0.41, 0.4, 0.53, 0.5, 0.45, 0.42, 0.38, 0.37, 0.4, 0.46, 0.52, 0.66, 0.69, 0.72, 0.76, 1.13, 1.14, 1.14, 1.15, 0.42, 0.41, 0.4, 0.39, 0.51, 0.47, 0.39, 0.32, 0.27, 0.34, 0.45, 0.54, 0.68, 0.72, 0.75, 1.12, 1.13, 1.14, 1.15, 1.15, 0.42, 0.42, 0.41, 0.4, 0.52, 0.48, 0.41, 0.27, 0.07, 0.29, 0.47, 0.58, 0.72, 0.76, 1.09, 1.12, 1.14, 1.15, 1.16, 1.16, 0.43, 0.43, 0.43, 0.42, 0.41, 0.52, 0.46, 0.36, 0.27, 0.38, 0.54, 0.65, 0.79, 0.98, 1.09, 1.12, 1.15, 1.16, 1.17, 1.17, 0.44, 0.44, 0.44, 0.44, 0.44, 0.58, 0.55, 0.52, 0.51, 0.52, 0.62, 0.96, 0.91, 0.97, 1.09, 1.13, 1.16, 1.18, 1.18, 1.18, 0.45, 0.45, 0.45, 0.46, 0.47, 0.48, 0.65, 0.67, 0.68, 0.7, 1.01, 0.99, 0.96, 1.11, 1.11, 1.16, 1.19, 1.21, 1.2, 1.19, 0.74, 0.46, 0.46, 0.47, 0.49, 0.52, 0.81, 0.79, 0.82, 1.02, 1.04, 1.06, 1.2, 1.2, 1.14, 1.18, 1.23, 1.24, 1.25, 1.24, 0.73, 0.73, 0.72, 0.68, 0.69, 0.73, 0.79, 0.88, 0.99, 1.01, 0.98, 1.25, 1.29, 1.28, 1.36, 1.34, 1.31, 1.3, 1.32, 1.33, 0.73, 0.72, 0.7, 0.69, 0.65, 0.66, 0.72, 0.82, 0.95, 1.03, 1.18, 1.29, 1.38, 1.34, 1.38, 1.35, 1.33, 1.32, 1.33, 1.33, 0.7, 0.68, 0.67, 0.66, 0.61, 0.56, 0.65, 0.74, 0.93, 0.93, 1.25, 1.33, 1.4, 1.35, 1.39, 1.36, 1.35, 1.34, 1.34, 1.34, 0.7, 0.69, 0.67, 0.64, 0.57, 0.37, 0.62, 0.74, 0.78, 0.92, 1.13, 1.31, 1.34, 1.33, 1.39, 1.37, 1.36, 1.35, 1.35, 1.35, 0.71, 0.7, 0.69, 0.67, 0.64, 0.62, 0.71, 0.8, 0.83, 1.04, 1.1, 1.26, 1.29, 1.31, 1.38, 1.37, 1.36, 1.37, 1.37, 1.36, 0.72, 0.72, 0.71, 0.71, 0.72, 0.77, 0.85, 0.84, 0.84, 0.81, 1.09, 1.22, 1.26, 1.4, 1.4, 1.39, 1.38, 1.37, 1.37, 1.37, 0.73, 0.73, 0.73, 0.75, 0.78, 0.84, 0.96, 0.86, 0.83, 0.81, 1.08, 1.22, 1.26, 1.28, 1.39, 1.38, 1.38, 1.38, 1.37, 1.37, 0.74, 0.74, 0.75, 0.77, 0.79, 0.83, 0.86, 0.78, 0.73, 0.69, 0.66, 0.8, 1.26, 1.28, 1.29, 1.38, 1.38, 1.37, 1.37, 1.37, 0.75, 0.75, 0.52, 0.53, 0.56, 0.71, 0.7, 0.66, 0.63, 0.6, 0.71, 0.79, 0.88, 1.1, 1.14, 1.18, 1.15, 1.11, 1.02, 1.0, 0.49, 0.49, 0.49, 0.5, 0.63, 0.61, 0.58, 0.52, 0.49, 0.49, 0.66, 0.78, 0.92, 1.06, 1.07, 1.04, 0.93, 0.85, 0.78, 0.74, 0.47, 0.47, 0.47, 0.46, 0.57, 0.53, 0.46, 0.36, 0.31, 0.48, 0.63, 0.76, 0.93, 1.05, 1.31, 1.08, 0.92, 0.82, 0.75, 0.71, 0.46, 0.46, 0.45, 0.56, 0.53, 0.47, 0.38, 0.22, 0.11, 0.37, 0.41, 0.58, 0.78, 0.96, 1.1, 0.98, 0.85, 0.76, 0.71, 0.67, 0.45, 0.44, 0.36, 0.35, 0.32, 0.28, 0.23, 0.15, 0.14, 0.25, 0.39, 0.53, 0.7, 0.8, 0.89, 0.83, 0.75, 0.68, 0.65, 0.63, 0.37, 0.36, 0.34, 0.32, 0.3, 0.27, 0.23, 0.19, 0.24, 0.3, 0.39, 0.49, 0.62, 0.77, 0.74, 0.68, 0.63, 0.59, 0.58, 0.58, 0.35, 0.34, 0.33, 0.31, 0.29, 0.26, 0.23, 0.07, 0.28, 0.31, 0.37, 0.45, 0.59, 0.66, 0.62, 0.56, 0.51, 0.5, 0.51, 0.53, 0.34, 0.33, 0.31, 0.08, 0.08, 0.08, 0.08, 0.08, 0.08, 0.09, 0.09, 0.11, 0.24, 0.59, 0.54, 0.46, 0.4, 0.41, 0.45, 0.49, 0.08, 0.08, 0.08, 0.08, 0.09, 0.09, 0.09, 0.09, 0.1, 0.1, 0.1, 0.15, 0.23, 0.25, 0.27, 0.41, 0.29, 0.37, 0.42, 0.46, 0.09, 0.09, 0.09, 0.09, 0.09, 0.09, 0.1, 0.1, 0.11, 0.12, 0.11, 0.15, 0.16, 0.25, 0.27, 0.28, 0.38, 0.39, 0.42, 0.46, 0.09, 0.09, 0.09, 0.09, 0.09, 0.1, 0.1, 0.11, 0.11, 0.12, 0.14, 0.15, 0.16, 0.25, 0.27, 0.28, 0.3, 0.31, 0.44, 0.46, 0.09, 0.09, 0.09, 0.1, 0.1, 0.1, 0.1, 0.11, 0.11, 0.12, 0.14, 0.15, 0.15, 0.25, 0.26, 0.28, 0.29, 0.29, 0.29, 0.29, 0.09, 0.09, 0.1, 0.1, 0.1, 0.1, 0.11, 0.11, 0.12, 0.14, 0.14, 0.17, 0.19, 0.21, 0.25, 0.27, 0.28, 0.28, 0.28, 0.28, 0.09, 0.1, 0.1, 0.1, 0.1, 0.1, 0.11, 0.11, 0.12, 0.14, 0.15, 0.17, 0.18, 0.2, 0.25, 0.26, 0.27, 0.27, 0.27, 0.28, 0.09, 0.1, 0.1, 0.1, 0.1, 0.11, 0.11, 0.11, 0.16, 0.16, 0.15, 0.17, 0.18, 0.2, 0.24, 0.25, 0.26, 0.27, 0.27, 0.27, 0.1, 0.1, 0.1, 0.1, 0.1, 0.11, 0.11, 0.11, 0.17, 0.17, 0.17, 0.17, 0.19, 0.2, 0.24, 0.25, 0.25, 0.26, 0.26, 0.27, 0.1, 0.1, 0.1, 0.1, 0.1, 0.11, 0.11, 0.18, 0.17, 0.17, 0.18, 0.18, 0.19, 0.2, 0.24, 0.24, 0.25, 0.26, 0.26, 0.26]}, {"header": {"refTime": "2023-09-03T21:00:00.000Z", "nx": 21, "ny": 33, "lo1": 113.509, "la1": 22.2235, "lo2": 113.5947, "la2": 22.1034, "dx": 0.0042850000000001385, "dy": 0.003753125000000024, "parameterCategory": 0, "parameterCategoryName": "Temperature", "parameterNumber": 0}, "data": [[28.71, 28.71, 28.71, 28.74, 28.74, 28.94, 28.92, 28.91, 28.91, 28.79, 28.82, 28.85, 28.84, 28.85, 28.89, 28.87, 28.75, 28.73, 28.72, 28.71], [28.7, 28.71, 28.71, 28.72, 28.74, 28.74, 28.91, 28.87, 28.85, 28.78, 28.82, 28.86, 28.87, 28.87, 28.91, 28.77, 28.74, 28.72, 28.71, 28.7], [28.7, 28.71, 28.71, 28.72, 28.75, 28.74, 28.73, 28.84, 28.74, 28.77, 28.83, 28.9, 28.91, 28.91, 28.82, 28.77, 28.74, 28.71, 28.7, 28.69], [28.7, 28.7, 28.71, 28.72, 28.73, 28.75, 28.74, 28.73, 28.72, 28.78, 28.85, 28.95, 28.99, 28.89, 28.83, 28.76, 28.72, 28.69, 28.68, 28.67], [28.69, 28.69, 28.7, 28.71, 28.73, 28.76, 28.76, 28.75, 28.74, 28.78, 28.86, 28.93, 29.14, 28.94, 28.82, 28.74, 28.69, 28.66, 28.65, 28.65], [28.68, 28.68, 28.69, 28.7, 28.72, 28.75, 28.79, 28.79, 28.77, 28.72, 28.68, 28.82, 28.97, 28.97, 28.77, 28.7, 28.64, 28.61, 28.62, 28.64], [28.66, 28.67, 28.67, 28.68, 28.7, 28.74, 28.72, 28.86, 28.84, 28.62, 28.51, 28.6, 28.73, 28.79, 28.71, 28.65, 28.58, 28.55, 28.65, 28.7], [28.64, 28.64, 28.64, 28.64, 28.66, 28.64, 28.71, 28.86, 28.97, 28.61, 28.44, 28.33, 28.33, 28.8, 28.43, 28.4, 28.45, 28.46, 28.44, 28.42], [28.76, 28.75, 28.6, 28.59, 28.59, 28.62, 28.72, 28.76, 28.88, 28.63, 28.36, 28.35, 28.34, 28.35, 28.42, 28.4, 28.42, 28.43, 28.43, 28.42], [28.3, 28.3, 28.3, 28.67, 28.62, 28.48, 28.58, 28.72, 28.7, 28.74, 28.34, 28.36, 28.35, 28.35, 28.42, 28.39, 28.4, 28.41, 28.41, 28.41], [28.3, 28.3, 28.3, 28.3, 28.3, 28.3, 28.3, 28.3, 28.58, 28.86, 28.4, 28.36, 28.36, 28.36, 28.42, 28.38, 28.39, 28.4, 28.4, 28.4], [28.3, 28.3, 28.3, 28.3, 28.3, 28.3, 28.3, 28.3, 28.3, -999.0, 28.4, 28.3, 28.3, 28.36, 28.42, 28.37, 28.38, 28.05, 28.06, 28.06], [28.3, 28.3, 28.3, 28.3, 28.3, 28.3, 28.3, 28.3, 28.3, 28.3, -999.0, 28.3, 28.3, 27.91, 28.08, 28.21, 28.21, 28.12, 28.13, 28.14], [28.3, 28.3, 28.3, 28.3, 28.3, 28.3, 28.3, 28.3, 28.3, 28.3, -999.0, 27.7, 27.7, 27.7, 28.03, 28.14, 28.15, 28.05, 28.08, 28.09], [28.3, 28.3, 28.3, 28.3, 28.3, 28.3, 28.3, 28.2, 28.2, 28.2, 28.2, 28.01, 27.7, 27.7, 27.7, 28.07, 28.09, 28.0, 28.03, 28.05], [28.3, 28.3, 28.24, 28.24, 28.23, 28.2, 28.2, 28.2, 28.2, 28.2, 27.89, 27.92, 27.87, 27.83, 27.88, 27.96, 28.0, 27.93, 28.1, 28.13], [28.24, 28.24, 28.26, 28.26, 28.2, 28.2, 28.2, 28.2, 28.2, 28.2, 27.98, 27.92, 27.86, 27.8, 27.84, 27.64, 27.62, 27.6, 27.58, 27.57], [28.26, 28.26, 28.26, 28.26, 28.2, 28.2, 28.2, 28.2, 28.2, 28.07, 28.01, 27.93, 27.85, 27.84, 27.72, 27.65, 27.62, 27.6, 27.58, 27.57], [28.26, 28.26, 28.26, 28.2, 28.2, 28.2, 28.2, 28.2, 28.16, 28.1, 28.06, 27.99, 27.96, 27.89, 27.65, 27.64, 27.61, 27.59, 27.57, 27.56], [28.26, 28.26, 28.2, 28.2, 28.2, 28.2, 28.2, 28.2, 28.15, 28.11, 28.06, 28.01, 28.01, 27.97, 27.62, 27.62, 27.6, 27.58, 27.56, 27.55], [28.2, 28.2, 28.2, 28.2, 28.2, 28.2, 28.2, 28.2, 28.12, 28.1, 28.07, 28.03, 28.05, 27.6, 27.61, 27.61, 27.6, 27.58, 27.55, 27.54], [28.2, 28.2, 28.2, 28.2, 28.2, 28.2, 28.2, 28.17, 28.11, 28.1, 28.08, 28.05, 28.09, 27.59, 27.6, 27.61, 27.62, 27.58, 27.54, 27.52], [28.2, 28.2, 28.2, 28.15, 28.15, 28.15, 28.16, 28.16, 28.16, 28.16, 28.16, 28.25, 27.76, 27.57, 27.59, 27.64, 27.71, 27.6, 27.5, 27.48], [28.14, 28.14, 28.14, 28.15, 28.15, 28.15, 28.15, 28.16, 28.16, 28.17, 28.16, 28.2, 27.77, 27.71, 27.66, 27.62, 27.98, 27.44, 27.41, 27.44], [28.14, 28.14, 28.14, 28.14, 28.14, 28.15, 28.15, 28.16, 28.17, 28.18, 28.16, 28.19, 28.2, 27.7, 27.63, 27.56, 27.32, 27.08, 27.32, 27.4], [28.14, 28.14, 28.14, 28.14, 28.14, 28.14, 28.14, 28.15, 28.16, 28.17, 28.17, 28.17, 28.19, 27.69, 27.61, 27.5, 27.38, 27.32, 27.34, 27.4], [28.13, 28.13, 28.13, 28.13, 28.13, 28.13, 28.13, 28.13, 28.14, 28.13, 28.15, 28.15, 28.17, 27.64, 27.58, 27.52, 27.45, 27.42, 27.43, 27.46], [28.13, 28.13, 28.13, 28.13, 28.13, 28.13, 28.12, 28.12, 28.11, 28.11, 28.1, 27.84, 27.74, 27.62, 27.61, 27.55, 27.51, 27.48, 27.48, 27.49], [28.13, 28.13, 28.13, 28.13, 28.12, 28.12, 28.11, 28.1, 28.08, 28.07, 27.96, 27.87, 27.76, 27.66, 27.64, 27.59, 27.55, 27.53, 27.52, 27.52], [28.13, 28.13, 28.12, 28.12, 28.12, 28.11, 28.11, 28.1, 27.88, 27.91, 27.93, 27.86, 27.77, 27.67, 27.66, 27.61, 27.58, 27.56, 27.54, 27.54], [28.13, 28.12, 28.12, 28.12, 28.12, 28.11, 28.1, 28.09, 27.85, 27.86, 27.86, 27.82, 27.75, 27.68, 27.67, 27.63, 27.6, 27.58, 27.57, 27.56], [28.12, 28.12, 28.12, 28.12, 28.11, 28.11, 28.1, 27.81, 27.82, 27.82, 27.81, 27.78, 27.73, 27.68, 27.68, 27.64, 27.62, 27.6, 27.59, 27.58]]}]