gis_exercise/awsData/contour/wdir_2023090223.json
[{"header": {"refTime": "2023-09-02T23:00:00.000Z", "nx": 21, "ny": 33, "lo1": 113.509, "la1": 22.2235, "lo2": 113.5947, "la2": 22.1034, "dx": 0.0042850000000001385, "dy": 0.003753125000000024, "parameterCategory": 2, "parameterCategoryName": "Temperature", "parameterNumber": 2}, "data": [-2.67, -2.68, -2.69, -3.02, -3.01, -3.76, -3.69, -3.64, -3.65, -3.7, -3.9, -4.1, -4.43, -4.52, -6.18, -6.37, -6.82, -6.9, -6.96, -6.99, -2.67, -2.68, -2.69, -2.7, -3.01, -2.98, -3.61, -3.46, -3.39, -3.55, -3.9, -4.2, -4.56, -4.65, -6.29, -6.75, -6.88, -6.98, -7.05, -7.08, -2.66, -2.67, -2.68, -2.7, -3.02, -2.99, -2.95, -3.32, -2.85, -3.43, -3.97, -4.39, -4.79, -4.84, -6.62, -6.8, -6.97, -7.1, -7.17, -7.19, -2.65, -2.66, -2.67, -2.69, -2.72, -3.02, -2.98, -2.92, -2.85, -3.61, -4.15, -4.72, -5.18, -5.15, -6.62, -6.87, -7.12, -7.28, -7.34, -7.33, -2.63, -2.64, -2.66, -2.68, -2.71, -3.06, -3.05, -3.02, -3.01, -3.86, -4.32, -5.25, -5.9, -5.29, -6.62, -7.0, -7.37, -7.57, -7.58, -7.5, -2.61, -2.62, -2.63, -2.66, -2.7, -2.76, -3.12, -3.13, -3.13, -3.11, -4.41, -4.9, -5.4, -6.11, -6.62, -7.19, -7.79, -8.04, -7.9, -7.68, -4.22, -2.59, -2.6, -2.62, -2.66, -2.74, -2.96, -3.24, -3.25, -3.35, -3.33, -4.25, -5.72, -5.99, -6.59, -7.38, -8.4, -8.78, -8.88, -8.71, -4.23, -4.15, -4.06, -3.98, -3.94, -2.75, -2.91, -3.17, -3.47, -3.33, -3.18, -4.46, -4.76, -6.05, -7.21, -7.85, -8.62, -8.9, -8.48, -8.21, -4.25, -4.16, -4.05, -3.89, -3.77, -3.79, -3.98, -2.99, -4.24, -3.38, -4.64, -5.37, -6.5, -5.96, -7.26, -7.7, -8.14, -8.34, -8.25, -8.1, -5.65, -5.51, -5.31, -3.84, -3.49, -3.31, -3.88, -4.49, -5.02, -4.82, -5.21, -5.98, -6.97, -6.22, -7.33, -7.57, -7.84, -7.99, -8.01, -7.96, -5.69, -5.57, -5.36, -5.0, -4.23, -1.99, -4.82, -6.29, -5.69, -5.62, -6.86, -5.8, -6.1, -5.99, -7.34, -7.5, -7.66, -7.78, -7.83, -7.83, -5.77, -5.68, -5.54, -5.31, -4.95, -4.77, -5.88, -7.17, -7.67, -8.48, -7.1, -7.17, -7.11, -5.77, -7.33, -7.44, -7.56, -8.59, -8.6, -8.6, -5.87, -5.83, -5.78, -5.76, -5.86, -6.35, -7.13, -7.41, -7.6, -7.22, -8.48, -7.22, -7.13, -6.74, -6.73, -8.39, -8.42, -8.46, -8.49, -8.5, -5.98, -5.98, -6.01, -6.12, -6.39, -7.01, -8.01, -7.41, -7.27, -7.12, -8.47, -8.13, -8.07, -8.02, -6.77, -8.25, -8.29, -8.33, -8.38, -8.41, -6.08, -6.11, -6.18, -6.32, -6.57, -6.95, -7.26, -6.3, -5.85, -5.46, -5.15, -4.78, -7.97, -7.9, -7.86, -8.08, -8.14, -8.21, -8.27, -8.32, -6.15, -6.2, -3.16, -3.33, -3.55, -5.43, -5.33, -4.99, -4.62, -4.4, -4.0, -4.43, -4.92, -5.38, -5.68, -7.64, -7.68, -7.73, -8.04, -8.1, -2.8, -2.84, -2.88, -2.91, -4.63, -4.39, -3.95, -3.36, -2.99, -3.06, -3.3, -4.1, -4.92, -5.72, -6.13, -6.9, -6.77, -6.67, -6.59, -6.53, -2.64, -2.63, -2.59, -2.49, -3.95, -3.43, -2.59, -1.45, -0.86, -1.44, -2.62, -3.76, -4.86, -6.01, -7.1, -6.95, -6.77, -6.65, -6.56, -6.5, -2.49, -2.43, -2.32, -3.84, -3.41, -2.72, -1.61, 0.23, 1.84, -0.44, -1.87, -3.22, -4.61, -5.68, -6.98, -6.85, -6.7, -6.59, -6.51, -6.46, -2.35, -2.25, -3.52, -3.25, -2.86, -2.25, -1.34, -0.02, 0.83, -0.58, -2.04, -3.19, -4.39, -5.23, -6.76, -6.69, -6.6, -6.52, -6.45, -6.4, -3.79, -3.67, -3.5, -3.26, -2.94, -2.49, -1.91, -1.3, -1.02, -1.68, -2.57, -3.35, -4.31, -6.62, -6.6, -6.56, -6.51, -6.44, -6.38, -6.33, -3.79, -3.68, -3.55, -3.37, -3.16, -2.9, -2.64, -1.41, -2.43, -2.81, -3.26, -3.69, -7.39, -6.51, -6.5, -6.49, -6.47, -6.38, -6.29, -6.25, -3.82, -3.74, -3.65, -1.97, -2.0, -2.07, -2.21, -2.45, -2.76, -2.97, -2.96, -4.34, -6.4, -6.43, -6.43, -6.47, -6.58, -6.35, -6.17, -6.15, -2.07, -2.11, -2.15, -2.23, -2.34, -2.54, -2.85, -3.33, -3.94, -4.25, -3.89, -6.0, -6.41, -6.33, -6.29, -6.4, -7.1, -5.97, -5.94, -6.04, -2.19, -2.24, -2.32, -2.44, -2.61, -2.87, -3.27, -3.92, -4.97, -5.83, -4.64, -5.88, -5.89, -6.31, -6.22, -6.12, -5.72, -5.19, -5.76, -5.96, -2.28, -2.35, -2.45, -2.58, -2.77, -3.04, -3.44, -4.03, -4.97, -5.7, -5.87, -5.6, -5.63, -6.29, -6.17, -5.29, -5.28, -5.2, -5.81, -5.94, -2.36, -2.44, -2.54, -2.67, -2.85, -3.08, -3.39, -3.76, -4.15, -4.24, -5.16, -5.1, -5.26, -4.57, -4.86, -5.06, -5.14, -5.16, -5.17, -5.17, -2.42, -2.5, -2.59, -2.72, -2.87, -3.04, -3.24, -3.41, -3.46, -4.38, -4.12, -3.81, -3.98, -4.07, -4.64, -4.86, -4.98, -5.05, -5.08, -5.09, -2.46, -2.53, -2.62, -2.73, -2.84, -2.97, -3.08, -3.12, -3.03, -3.48, -2.59, -3.32, -3.72, -3.93, -4.45, -4.69, -4.84, -4.92, -4.97, -5.0, -2.48, -2.55, -2.63, -2.72, -2.81, -2.89, -2.95, -2.95, -3.64, -3.13, -2.82, -3.26, -3.63, -3.84, -4.33, -4.55, -4.71, -4.81, -4.88, -4.92, -2.5, -2.56, -2.63, -2.7, -2.76, -2.82, -2.86, -2.85, -3.67, -3.41, -3.31, -3.45, -3.66, -3.83, -4.25, -4.46, -4.61, -4.72, -4.79, -4.84, -2.5, -2.56, -2.61, -2.67, -2.72, -2.77, -2.79, -3.91, -3.76, -3.62, -3.57, -3.63, -3.74, -3.85, -4.22, -4.4, -4.54, -4.64, -4.72, -4.78]}, {"header": {"refTime": "2023-09-02T23:00:00.000Z", "nx": 21, "ny": 33, "lo1": 113.509, "la1": 22.2235, "lo2": 113.5947, "la2": 22.1034, "dx": 0.0042850000000001385, "dy": 0.003753125000000024, "parameterCategory": 2, "parameterCategoryName": "Temperature", "parameterNumber": 3}, "data": [-0.26, -0.24, -0.22, 0.41, 0.4, -0.34, -0.31, -0.27, -0.28, -0.1, -0.2, -0.3, -0.68, -0.72, -1.06, -1.08, -1.15, -1.14, -1.13, -1.12, -0.27, -0.26, -0.23, -0.2, 0.4, 0.39, -0.25, -0.17, -0.13, -0.05, -0.21, -0.37, -0.76, -0.8, -1.12, -1.18, -1.16, -1.14, -1.13, -1.12, -0.29, -0.27, -0.25, -0.22, 0.39, 0.39, 0.37, -0.08, 0.18, 0.01, -0.25, -0.49, -0.9, -0.92, -1.23, -1.19, -1.16, -1.14, -1.13, -1.12, -0.31, -0.3, -0.28, -0.25, -0.2, 0.38, 0.38, 0.36, 0.35, -0.05, -0.33, -0.69, -1.15, -0.88, -1.25, -1.19, -1.15, -1.13, -1.12, -1.11, -0.34, -0.33, -0.31, -0.29, -0.25, 0.38, 0.37, 0.38, 0.4, -0.08, -0.36, -0.95, -1.53, -1.0, -1.24, -1.17, -1.14, -1.13, -1.12, -1.11, -0.37, -0.36, -0.35, -0.33, -0.31, -0.26, 0.36, 0.36, 0.41, 0.52, -0.2, -0.65, -1.1, -1.08, -1.17, -1.13, -1.13, -1.13, -1.12, -1.11, -0.14, -0.4, -0.4, -0.39, -0.37, -0.33, -0.03, 0.28, 0.32, 0.53, 0.66, -0.11, -0.69, -0.74, -1.05, -1.09, -1.13, -1.14, -1.14, -1.13, -0.15, -0.17, -0.2, -0.45, -0.44, -0.19, -0.1, -0.02, 0.04, 0.59, 0.98, 0.28, 0.15, -0.5, -0.42, -0.62, -0.87, -0.96, -0.83, -0.74, -0.14, -0.18, -0.22, -0.27, -0.52, -0.5, -0.4, -0.06, 0.31, 0.48, 0.53, 0.24, 0.05, 0.14, -0.39, -0.55, -0.71, -0.78, -0.75, -0.7, -0.02, -0.06, -0.12, -0.31, -0.44, -0.67, -0.51, -0.32, 0.39, 0.49, 0.38, 0.2, 0.04, 0.13, -0.37, -0.49, -0.59, -0.65, -0.66, -0.65, -0.0, -0.04, -0.1, -0.2, -0.42, -1.06, -0.29, 0.04, -0.14, 0.44, 0.41, 0.24, 0.18, 0.18, -0.37, -0.45, -0.53, -0.58, -0.6, -0.6, 0.02, -0.0, -0.04, -0.1, -0.2, -0.25, 0.02, 0.21, 0.25, 0.41, 0.39, 0.03, 0.01, 0.23, -0.38, -0.44, -0.49, -0.74, -0.76, -0.76, 0.06, 0.05, 0.04, 0.05, 0.09, 0.27, 0.52, 0.38, 0.3, 0.27, 0.41, 0.05, 0.03, -0.28, -0.3, -0.66, -0.69, -0.72, -0.74, -0.75, 0.09, 0.1, 0.12, 0.16, 0.27, 0.51, 0.97, 0.54, 0.37, 0.3, 0.45, -0.16, -0.22, -0.26, -0.36, -0.67, -0.69, -0.71, -0.72, -0.73, 0.12, 0.14, 0.17, 0.22, 0.32, 0.47, 0.57, 0.77, 0.68, 0.63, 0.61, -0.05, -0.28, -0.33, -0.37, -0.69, -0.7, -0.71, -0.72, -0.73, 0.14, 0.16, 0.22, 0.27, 0.34, 0.75, 0.74, 0.7, 0.65, 0.62, 0.0, -0.09, -0.2, -0.39, -0.44, 0.36, 0.56, 0.76, 0.65, 0.74, 0.19, 0.22, 0.24, 0.28, 0.69, 0.68, 0.66, 0.63, 0.6, 0.59, 0.0, -0.12, -0.26, -0.42, -0.0, -0.04, 0.21, 0.41, 0.54, 0.63, 0.21, 0.23, 0.26, 0.29, 0.65, 0.64, 0.6, 0.55, 0.53, 0.32, 0.21, -0.12, -0.29, -0.02, -0.65, -0.11, 0.25, 0.48, 0.62, 0.7, 0.22, 0.24, 0.26, 0.64, 0.63, 0.6, 0.56, 0.49, 0.39, 0.32, -0.12, -0.27, 0.56, 0.27, -0.16, 0.11, 0.42, 0.62, 0.73, 0.78, 0.23, 0.24, 0.38, 0.38, 0.37, 0.36, 0.36, 0.36, 0.18, 0.03, -0.14, -0.27, 0.82, 0.76, 0.34, 0.51, 0.7, 0.83, 0.88, 0.89, 0.35, 0.35, 0.34, 0.33, 0.31, 0.3, 0.29, 0.29, -0.02, -0.09, -0.19, -0.28, 1.12, 0.65, 0.75, 0.91, 1.05, 1.09, 1.06, 1.0, 0.32, 0.31, 0.29, 0.28, 0.26, 0.23, 0.21, -0.01, -0.16, -0.21, -0.26, -0.31, 1.06, 0.9, 1.07, 1.3, 1.46, 1.39, 1.21, 1.08, 0.29, 0.27, 0.25, -0.06, -0.06, -0.07, -0.09, -0.12, -0.15, -0.17, -0.17, 1.11, 0.85, 1.07, 1.3, 1.66, 2.07, 1.69, 1.26, 1.09, -0.06, -0.07, -0.07, -0.08, -0.1, -0.12, -0.15, -0.2, -0.27, -0.3, -0.26, 0.88, 0.78, 1.07, 1.37, 1.75, 3.24, 1.32, 1.05, 1.02, -0.07, -0.08, -0.09, -0.1, -0.12, -0.15, -0.19, -0.26, -0.38, -0.48, -0.34, 0.71, 1.2, 0.98, 1.21, 1.36, 0.89, 0.09, 0.78, 0.93, -0.08, -0.09, -0.1, -0.11, -0.13, -0.16, -0.2, -0.27, -0.38, -0.46, 0.2, 0.64, 1.07, 0.88, 1.04, 1.17, 0.93, 0.75, 0.79, 0.89, -0.09, -0.1, -0.11, -0.12, -0.14, -0.16, -0.19, -0.23, -0.27, -0.28, 0.34, 0.61, 0.96, 0.98, 1.05, 1.06, 0.99, 0.93, 0.95, 1.01, -0.09, -0.1, -0.11, -0.12, -0.13, -0.15, -0.17, -0.18, -0.18, 0.29, 0.35, -0.42, -0.54, -0.68, 0.96, 0.99, 0.99, 0.98, 0.99, 1.01, -0.09, -0.1, -0.11, -0.12, -0.13, -0.14, -0.15, -0.14, -0.12, 0.27, -0.09, -0.31, -0.48, -0.62, 0.89, 0.95, 0.97, 0.98, 1.0, 1.01, -0.1, -0.1, -0.11, -0.12, -0.12, -0.13, -0.13, -0.12, -0.35, -0.23, -0.16, -0.3, -0.46, -0.58, 0.84, 0.91, 0.95, 0.97, 0.99, 1.01, -0.1, -0.1, -0.11, -0.11, -0.12, -0.12, -0.12, -0.11, -0.38, -0.32, -0.31, -0.38, -0.48, -0.58, 0.82, 0.88, 0.93, 0.95, 0.98, 1.0, -0.1, -0.1, -0.1, -0.11, -0.11, -0.11, -0.11, -0.46, -0.43, -0.4, -0.4, -0.44, -0.51, -0.58, 0.81, 0.87, 0.91, 0.94, 0.96, 0.98]}, {"header": {"refTime": "2023-09-02T23:00:00.000Z", "nx": 21, "ny": 33, "lo1": 113.509, "la1": 22.2235, "lo2": 113.5947, "la2": 22.1034, "dx": 0.0042850000000001385, "dy": 0.003753125000000024, "parameterCategory": 0, "parameterCategoryName": "Temperature", "parameterNumber": 0}, "data": [[26.8, 26.8, 26.8, 26.58, 26.59, 26.82, 26.83, 26.84, 26.85, 26.77, 26.76, 26.75, 26.92, 26.92, 26.88, 26.88, 26.84, 26.83, 26.83, 26.82], [26.8, 26.8, 26.8, 26.8, 26.59, 26.62, 26.83, 26.85, 26.86, 26.79, 26.77, 26.76, 26.92, 26.92, 26.89, 26.85, 26.84, 26.83, 26.82, 26.82], [26.8, 26.8, 26.8, 26.8, 26.58, 26.61, 26.65, 26.85, 26.89, 26.8, 26.77, 26.77, 26.93, 26.93, 26.86, 26.85, 26.83, 26.82, 26.82, 26.81], [26.8, 26.8, 26.8, 26.8, 26.8, 26.59, 26.62, 26.68, 26.73, 26.77, 26.75, 26.78, 26.94, 26.78, 26.87, 26.84, 26.82, 26.81, 26.81, 26.81], [26.81, 26.8, 26.8, 26.8, 26.79, 26.56, 26.57, 26.59, 26.59, 26.69, 26.71, 26.79, 26.91, 26.81, 26.86, 26.83, 26.81, 26.8, 26.79, 26.8], [26.81, 26.81, 26.8, 26.8, 26.79, 26.77, 26.53, 26.52, 26.49, 26.45, 26.6, 26.72, 26.83, 26.93, 26.85, 26.82, 26.78, 26.77, 26.78, 26.79], [26.78, 26.81, 26.81, 26.8, 26.79, 26.76, 26.52, 26.48, 26.45, 26.37, 26.36, 26.62, 26.89, 26.9, 26.83, 26.8, 26.75, 26.73, 26.76, 26.77], [26.79, 26.79, 26.79, 26.79, 26.78, 26.6, 26.55, 26.5, 26.47, 26.35, 26.21, 26.58, 26.59, 26.9, 26.74, 26.75, 26.73, 26.72, 26.73, 26.74], [26.71, 26.72, 26.81, 26.82, 26.82, 26.8, 26.74, 26.53, 26.37, 26.39, 26.37, 26.47, 26.52, 26.46, 26.74, 26.75, 26.74, 26.73, 26.74, 26.74], [27.0, 27.0, 27.0, 26.77, 26.8, 26.89, 26.83, 26.74, 26.27, 26.29, 26.53, 26.41, 26.45, 26.43, 26.74, 26.76, 26.75, 26.74, 26.74, 26.75], [27.0, 27.0, 27.0, 27.0, 27.0, 27.0, 27.0, 27.0, 26.82, 26.36, 26.1, 26.37, 26.4, 26.4, 26.74, 26.76, 26.75, 26.75, 26.75, 26.75], [27.0, 27.0, 27.0, 27.0, 27.0, 27.0, 27.0, 27.0, 27.0, -999.0, 26.1, 26.8, 26.8, 26.38, 26.74, 26.76, 26.76, 26.13, 26.15, 26.15], [27.0, 27.0, 27.0, 27.0, 27.0, 27.0, 27.0, 27.0, 27.0, 27.0, -999.0, 26.8, 26.8, 26.08, 26.4, 26.34, 26.34, 26.22, 26.24, 26.25], [27.0, 27.0, 27.0, 27.0, 27.0, 27.0, 27.0, 27.0, 27.0, 27.0, -999.0, 25.7, 25.7, 25.7, 26.3, 26.25, 26.27, 26.14, 26.17, 26.19], [27.0, 27.0, 27.0, 27.0, 27.0, 27.0, 27.0, 27.0, 27.0, 27.0, 27.0, 26.5, 25.7, 25.7, 25.7, 26.16, 26.19, 26.07, 26.11, 26.14], [27.0, 27.0, 27.0, 27.0, 27.0, 27.0, 27.0, 27.0, 27.0, 27.0, 26.18, 26.27, 26.15, 26.04, 26.16, 26.07, 26.12, 26.02, 26.23, 26.27], [27.0, 27.0, 27.0, 27.0, 27.0, 27.0, 27.0, 27.0, 27.0, 27.0, 26.44, 26.28, 26.11, 25.95, 25.97, 25.94, 26.02, 26.09, 26.14, 26.17], [27.0, 27.0, 27.0, 27.0, 27.0, 27.0, 27.0, 27.0, 27.0, 26.67, 26.5, 26.3, 26.1, 25.98, 25.74, 25.91, 26.03, 26.11, 26.16, 26.19], [27.0, 27.0, 27.0, 27.0, 27.0, 27.0, 27.0, 27.0, 26.88, 26.75, 26.61, 26.44, 26.24, 26.07, 25.9, 25.98, 26.09, 26.15, 26.2, 26.22], [27.0, 27.0, 26.94, 26.95, 26.95, 26.95, 26.96, 26.98, 26.87, 26.76, 26.63, 26.49, 26.31, 26.21, 26.06, 26.11, 26.17, 26.22, 26.24, 26.26], [26.94, 26.94, 26.94, 26.96, 26.96, 26.96, 26.97, 26.97, 26.77, 26.72, 26.63, 26.53, 26.38, 26.15, 26.18, 26.22, 26.27, 26.29, 26.3, 26.3], [26.95, 26.95, 26.95, 26.96, 26.96, 26.96, 26.96, 26.95, 26.74, 26.7, 26.65, 26.58, 26.41, 26.23, 26.27, 26.32, 26.36, 26.37, 26.35, 26.33], [26.95, 26.95, 26.95, 26.94, 26.94, 26.94, 26.94, 26.94, 26.93, 26.93, 26.93, 26.88, 26.66, 26.29, 26.34, 26.4, 26.46, 26.44, 26.39, 26.36], [26.94, 26.94, 26.94, 26.93, 26.93, 26.93, 26.93, 26.93, 26.92, 26.92, 26.92, 26.85, 26.66, 26.62, 26.59, 26.44, 26.58, 26.45, 26.4, 26.37], [26.93, 26.93, 26.93, 26.93, 26.93, 26.93, 26.92, 26.92, 26.91, 26.91, 26.91, 26.86, 26.84, 26.62, 26.59, 26.55, 26.42, 26.38, 26.39, 26.37], [26.93, 26.93, 26.93, 26.93, 26.93, 26.92, 26.92, 26.92, 26.91, 26.91, 26.88, 26.86, 26.85, 26.63, 26.59, 26.55, 26.52, 26.5, 26.38, 26.37], [26.93, 26.93, 26.93, 26.93, 26.93, 26.92, 26.92, 26.92, 26.91, 26.91, 26.87, 26.86, 26.85, 26.64, 26.61, 26.57, 26.55, 26.54, 26.54, 26.55], [26.93, 26.93, 26.93, 26.93, 26.92, 26.92, 26.92, 26.92, 26.91, 26.88, 26.88, 26.81, 26.77, 26.72, 26.63, 26.6, 26.57, 26.56, 26.56, 26.56], [26.93, 26.93, 26.93, 26.92, 26.92, 26.92, 26.92, 26.91, 26.91, 26.89, 26.88, 26.83, 26.78, 26.74, 26.65, 26.62, 26.6, 26.58, 26.58, 26.58], [26.93, 26.93, 26.93, 26.92, 26.92, 26.92, 26.92, 26.91, 26.83, 26.85, 26.86, 26.83, 26.79, 26.75, 26.66, 26.63, 26.61, 26.6, 26.59, 26.59], [26.93, 26.93, 26.92, 26.92, 26.92, 26.92, 26.92, 26.92, 26.82, 26.83, 26.83, 26.81, 26.78, 26.75, 26.67, 26.64, 26.63, 26.61, 26.6, 26.6], [26.93, 26.93, 26.92, 26.92, 26.92, 26.92, 26.92, 26.8, 26.81, 26.81, 26.8, 26.79, 26.77, 26.75, 26.67, 26.65, 26.64, 26.62, 26.61, 26.61]]}]