gis_exercise/awsData/contour/wdir_2023090103.json
[{"header": {"refTime": "2023-09-01T03:00:00.000Z", "nx": 21, "ny": 33, "lo1": 113.509, "la1": 22.2235, "lo2": 113.5947, "la2": 22.1034, "dx": 0.0042850000000001385, "dy": 0.003753125000000024, "parameterCategory": 2, "parameterCategoryName": "Temperature", "parameterNumber": 2}, "data": [0.67, 0.65, 0.62, 0.88, 0.82, 0.56, 0.48, 0.41, 0.38, 0.44, 0.55, 0.65, 0.72, 0.78, 0.85, 0.91, 1.51, 1.53, 1.54, 1.55, 0.68, 0.66, 0.64, 0.6, 0.83, 0.74, 0.44, 0.29, 0.2, 0.33, 0.53, 0.67, 0.76, 0.82, 0.89, 1.49, 1.52, 1.54, 1.55, 1.56, 0.7, 0.68, 0.66, 0.63, 0.87, 0.77, 0.6, 0.2, -0.19, 0.24, 0.56, 0.73, 0.83, 0.88, 1.44, 1.49, 1.53, 1.55, 1.57, 1.57, 0.72, 0.71, 0.7, 0.68, 0.64, 0.86, 0.72, 0.5, 0.29, 0.4, 0.68, 0.84, 0.92, 1.36, 1.43, 1.5, 1.55, 1.58, 1.59, 1.59, 0.74, 0.74, 0.73, 0.73, 0.72, 0.99, 0.93, 0.86, 0.83, 0.69, 0.85, 1.33, 1.16, 1.32, 1.44, 1.52, 1.58, 1.61, 1.62, 1.61, 0.76, 0.76, 0.77, 0.78, 0.79, 0.82, 1.15, 1.19, 1.22, 1.26, 1.54, 1.42, 1.29, 1.44, 1.48, 1.57, 1.64, 1.67, 1.66, 1.64, 1.15, 0.78, 0.8, 0.82, 0.85, 0.92, 1.56, 1.45, 1.52, 1.83, 1.82, 1.6, 1.6, 1.59, 1.54, 1.61, 1.71, 1.75, 1.74, 1.71, 1.13, 1.13, 1.13, 1.41, 1.42, 1.41, 1.52, 1.69, 1.86, 1.83, 1.83, 1.85, 1.86, 1.72, 1.9, 1.88, 1.85, 1.84, 1.86, 1.87, 1.11, 1.1, 1.09, 1.08, 1.33, 1.36, 1.48, 1.57, 1.9, 1.83, 1.88, 1.91, 1.97, 1.94, 1.91, 1.89, 1.87, 1.86, 1.87, 1.87, 1.16, 1.14, 1.12, 1.03, 0.98, 1.15, 1.34, 1.55, 1.94, 1.93, 1.91, 1.95, 2.0, 1.96, 1.92, 1.9, 1.89, 1.88, 1.88, 1.88, 1.16, 1.14, 1.12, 1.07, 0.98, 0.7, 1.1, 1.39, 1.71, 1.97, 2.02, 1.94, 1.95, 1.95, 1.93, 1.91, 1.9, 1.89, 1.88, 1.88, 1.17, 1.15, 1.13, 1.1, 1.05, 1.03, 1.22, 1.59, 1.78, 1.85, 2.03, 2.01, 2.0, 1.93, 1.92, 1.91, 1.9, 1.74, 1.73, 1.72, 1.17, 1.16, 1.15, 1.13, 1.12, 1.14, 1.2, 1.5, 1.68, 1.55, 1.81, 2.02, 2.01, 1.74, 1.72, 1.71, 1.7, 1.7, 1.7, 1.7, 1.18, 1.17, 1.17, 1.16, 1.16, 1.15, 1.06, 1.3, 1.45, 1.46, 1.76, 1.84, 1.8, 1.76, 1.65, 1.65, 1.65, 1.66, 1.66, 1.67, 1.19, 1.19, 1.18, 1.18, 1.18, 1.18, 1.19, 1.35, 1.43, 1.46, 1.46, 1.5, 1.72, 1.67, 1.64, 1.57, 1.59, 1.61, 1.63, 1.64, 1.2, 1.2, 0.92, 0.93, 0.94, 1.31, 1.32, 1.34, 1.37, 1.39, 1.47, 1.44, 1.4, 1.36, 1.36, 2.04, 2.18, 2.31, 2.35, 2.43, 0.92, 0.93, 0.93, 0.94, 1.32, 1.31, 1.31, 1.31, 1.31, 1.33, 1.4, 1.39, 1.36, 1.31, 1.6, 1.66, 1.82, 1.94, 2.02, 2.07, 0.93, 0.94, 0.94, 0.95, 1.32, 1.3, 1.28, 1.25, 1.24, 1.11, 1.12, 1.35, 1.33, 1.58, 1.27, 1.61, 1.84, 1.98, 2.06, 2.11, 0.94, 0.94, 0.95, 1.32, 1.31, 1.29, 1.26, 1.2, 1.11, 1.11, 1.38, 1.4, 1.83, 1.74, 1.58, 1.75, 1.95, 2.07, 2.14, 2.17, 0.94, 0.95, 1.43, 1.42, 1.4, 1.38, 1.35, 1.28, 1.26, 1.35, 1.42, 1.44, 1.98, 2.01, 1.9, 2.0, 2.12, 2.2, 2.23, 2.24, 1.46, 1.46, 1.46, 1.46, 1.46, 1.45, 1.43, 1.4, 1.43, 1.47, 1.5, 1.51, 2.17, 2.09, 2.15, 2.25, 2.34, 2.37, 2.34, 2.3, 1.49, 1.5, 1.5, 1.51, 1.51, 1.52, 1.53, 1.81, 1.59, 1.61, 1.62, 1.6, 2.75, 2.25, 2.36, 2.5, 2.6, 2.55, 2.44, 2.35, 1.52, 1.53, 1.54, 1.95, 1.94, 1.94, 1.95, 1.97, 2.0, 2.03, 2.05, 2.66, 2.62, 2.36, 2.5, 2.73, 3.01, 2.75, 2.46, 2.35, 1.99, 1.99, 1.99, 2.0, 2.0, 2.02, 2.05, 2.09, 2.15, 2.19, 2.17, 3.04, 2.6, 2.66, 2.75, 2.79, 3.79, 2.49, 2.32, 2.3, 2.02, 2.02, 2.03, 2.04, 2.06, 2.08, 2.12, 2.18, 2.26, 2.33, 2.26, 2.96, 3.18, 2.62, 2.65, 2.65, 2.21, 1.66, 2.14, 2.24, 2.04, 2.05, 2.06, 2.08, 2.1, 2.13, 2.17, 2.23, 2.29, 2.34, 2.74, 2.92, 3.11, 2.57, 2.57, 2.53, 2.32, 2.19, 2.15, 2.21, 2.06, 2.07, 2.09, 2.1, 2.13, 2.16, 2.2, 2.25, 2.29, 2.32, 2.78, 2.89, 3.05, 2.59, 2.56, 2.5, 2.41, 2.36, 2.38, 2.43, 2.08, 2.09, 2.11, 2.13, 2.15, 2.19, 2.23, 2.27, 2.32, 2.74, 2.75, 2.2, 2.05, 1.89, 2.55, 2.51, 2.47, 2.44, 2.44, 2.46, 2.09, 2.11, 2.12, 2.14, 2.17, 2.2, 2.24, 2.29, 2.34, 2.7, 2.46, 2.28, 2.11, 1.95, 2.55, 2.52, 2.5, 2.48, 2.48, 2.48, 2.1, 2.12, 2.14, 2.16, 2.18, 2.21, 2.25, 2.29, 2.26, 2.35, 2.4, 2.27, 2.12, 1.98, 2.55, 2.53, 2.52, 2.51, 2.5, 2.5, 2.11, 2.13, 2.14, 2.16, 2.19, 2.22, 2.25, 2.29, 2.22, 2.27, 2.27, 2.2, 2.1, 1.99, 2.55, 2.54, 2.53, 2.52, 2.52, 2.52, 2.12, 2.13, 2.15, 2.17, 2.19, 2.22, 2.24, 2.15, 2.18, 2.19, 2.18, 2.14, 2.06, 1.98, 2.56, 2.55, 2.54, 2.53, 2.53, 2.53]}, {"header": {"refTime": "2023-09-01T03:00:00.000Z", "nx": 21, "ny": 33, "lo1": 113.509, "la1": 22.2235, "lo2": 113.5947, "la2": 22.1034, "dx": 0.0042850000000001385, "dy": 0.003753125000000024, "parameterCategory": 2, "parameterCategoryName": "Temperature", "parameterNumber": 3}, "data": [-2.53, -2.49, -2.44, -1.74, -1.71, -1.51, -1.47, -1.44, -1.42, -1.27, -1.26, -1.25, -1.64, -1.67, -2.59, -2.78, -3.51, -3.64, -3.73, -3.79, -2.56, -2.52, -2.47, -2.4, -1.72, -1.68, -1.47, -1.42, -1.38, -1.27, -1.26, -1.24, -1.62, -1.65, -2.59, -3.37, -3.57, -3.72, -3.83, -3.89, -2.6, -2.56, -2.51, -2.44, -1.74, -1.7, -1.63, -1.41, -1.29, -1.27, -1.25, -1.22, -1.58, -1.62, -3.09, -3.4, -3.66, -3.85, -3.96, -4.01, -2.65, -2.61, -2.57, -2.51, -2.42, -1.74, -1.68, -1.59, -1.5, -1.28, -1.25, -1.19, -1.48, -1.65, -3.04, -3.49, -3.84, -4.06, -4.15, -4.16, -2.7, -2.68, -2.65, -2.59, -2.52, -1.8, -1.78, -1.74, -1.71, -1.3, -1.26, -1.57, -1.23, -1.59, -3.08, -3.67, -4.13, -4.38, -4.42, -4.35, -2.76, -2.76, -2.74, -2.7, -2.65, -2.57, -1.88, -1.9, -1.89, -1.85, -1.9, -1.76, -1.54, -2.21, -3.27, -3.97, -4.61, -4.89, -4.75, -4.55, -3.46, -2.84, -2.84, -2.83, -2.8, -2.73, -2.72, -2.07, -2.07, -2.29, -2.28, -2.17, -2.72, -2.69, -3.53, -4.28, -5.26, -5.63, -5.16, -4.83, -3.48, -3.49, -3.49, -3.99, -3.93, -2.97, -2.8, -2.59, -2.44, -2.23, -1.96, -3.07, -3.28, -3.07, -4.56, -5.04, -5.63, -5.85, -5.53, -5.31, -3.51, -3.52, -3.54, -3.56, -4.03, -3.97, -3.82, -2.73, -2.79, -2.34, -2.78, -3.24, -3.61, -3.43, -4.49, -4.87, -5.24, -5.4, -5.34, -5.22, -4.35, -4.34, -4.34, -3.64, -3.73, -4.14, -4.09, -4.01, -3.26, -3.09, -3.05, -3.36, -3.68, -3.47, -4.46, -4.73, -4.98, -5.12, -5.14, -5.1, -4.34, -4.33, -4.32, -4.32, -4.31, -4.25, -4.41, -4.63, -4.47, -3.62, -3.84, -3.29, -3.41, -3.38, -4.46, -4.65, -4.82, -4.94, -4.99, -4.99, -4.33, -4.32, -4.31, -4.29, -4.28, -4.28, -4.4, -4.82, -5.06, -4.74, -4.07, -4.32, -4.23, -3.3, -4.47, -4.61, -4.73, -4.92, -4.96, -4.97, -4.32, -4.31, -4.29, -4.26, -4.23, -4.15, -4.1, -4.6, -4.9, -4.73, -4.56, -4.41, -4.31, -3.76, -3.76, -4.64, -4.71, -4.78, -4.82, -4.85, -4.31, -4.3, -4.28, -4.24, -4.18, -4.03, -3.68, -4.24, -4.54, -4.59, -4.51, -4.52, -4.41, -4.33, -3.75, -4.52, -4.59, -4.65, -4.7, -4.75, -4.31, -4.3, -4.27, -4.24, -4.19, -4.11, -4.07, -4.07, -4.21, -4.25, -4.24, -4.26, -4.35, -4.26, -4.21, -4.39, -4.46, -4.53, -4.6, -4.66, -4.31, -4.3, -3.71, -3.69, -3.67, -3.98, -3.98, -4.02, -4.07, -4.1, -4.19, -4.14, -4.07, -3.73, -3.73, -3.85, -3.87, -3.89, -4.48, -4.54, -3.71, -3.7, -3.69, -3.67, -3.98, -3.95, -3.93, -3.92, -3.92, -3.96, -4.05, -4.04, -3.98, -3.91, -3.71, -3.8, -3.83, -3.86, -3.88, -3.89, -3.69, -3.68, -3.67, -3.66, -3.95, -3.91, -3.85, -3.78, -3.74, -3.49, -3.52, -3.96, -3.93, -3.71, -3.71, -3.79, -3.84, -3.86, -3.88, -3.9, -3.68, -3.67, -3.66, -3.96, -3.93, -3.87, -3.79, -3.64, -3.44, -3.48, -3.1, -3.12, -3.69, -3.71, -3.78, -3.82, -3.85, -3.88, -3.9, -3.91, -3.68, -3.67, -2.84, -2.85, -2.88, -2.92, -2.99, -3.11, -3.21, -3.09, -3.02, -3.02, -3.7, -3.72, -3.84, -3.86, -3.89, -3.9, -3.92, -3.92, -2.77, -2.77, -2.78, -2.78, -2.8, -2.82, -2.86, -2.9, -2.95, -2.91, -2.87, -2.89, -3.71, -3.88, -3.89, -3.91, -3.92, -3.93, -3.94, -3.94, -2.73, -2.72, -2.72, -2.71, -2.7, -2.69, -2.68, -2.58, -2.68, -2.66, -2.67, -2.72, -3.01, -3.91, -3.92, -3.94, -3.96, -3.96, -3.96, -3.95, -2.68, -2.67, -2.65, -2.5, -2.49, -2.46, -2.42, -2.36, -2.29, -2.24, -2.26, -2.62, -2.98, -3.93, -3.95, -3.97, -3.99, -3.99, -3.97, -3.96, -2.5, -2.49, -2.48, -2.46, -2.42, -2.37, -2.29, -2.17, -2.02, -1.94, -2.04, -2.35, -2.92, -3.23, -3.49, -3.98, -4.02, -4.0, -3.98, -3.97, -2.48, -2.47, -2.45, -2.42, -2.38, -2.31, -2.21, -2.05, -1.77, -1.54, -1.87, -2.29, -2.57, -3.19, -3.46, -3.69, -3.99, -3.99, -3.98, -3.97, -2.47, -2.45, -2.43, -2.4, -2.36, -2.29, -2.2, -2.05, -1.79, -1.59, -2.0, -2.32, -2.56, -3.14, -3.4, -3.85, -3.9, -3.91, -3.97, -3.97, -2.46, -2.44, -2.42, -2.39, -2.36, -2.31, -2.24, -2.15, -2.06, -2.05, -2.27, -2.44, -2.6, -3.63, -3.72, -3.79, -3.84, -3.85, -3.85, -3.84, -2.46, -2.44, -2.42, -2.4, -2.37, -2.34, -2.31, -2.29, -2.3, -2.46, -2.56, -2.59, -2.64, -2.74, -3.66, -3.73, -3.78, -3.8, -3.81, -3.81, -2.45, -2.44, -2.43, -2.41, -2.39, -2.38, -2.37, -2.39, -2.47, -2.69, -2.84, -2.71, -2.7, -2.75, -3.61, -3.68, -3.73, -3.76, -3.77, -3.78, -2.46, -2.45, -2.43, -2.42, -2.41, -2.41, -2.42, -2.46, -2.6, -2.72, -2.8, -2.74, -2.72, -2.75, -3.57, -3.64, -3.69, -3.72, -3.74, -3.75, -2.46, -2.45, -2.44, -2.44, -2.43, -2.44, -2.45, -2.48, -2.62, -2.68, -2.72, -2.72, -2.73, -2.75, -3.55, -3.61, -3.66, -3.69, -3.71, -3.73, -2.46, -2.46, -2.45, -2.45, -2.45, -2.45, -2.47, -2.59, -2.62, -2.66, -2.69, -2.71, -2.72, -2.75, -3.54, -3.59, -3.64, -3.67, -3.69, -3.7]}, {"header": {"refTime": "2023-09-01T03:00:00.000Z", "nx": 21, "ny": 33, "lo1": 113.509, "la1": 22.2235, "lo2": 113.5947, "la2": 22.1034, "dx": 0.0042850000000001385, "dy": 0.003753125000000024, "parameterCategory": 0, "parameterCategoryName": "Temperature", "parameterNumber": 0}, "data": [[27.83, 27.82, 27.81, 27.59, 27.58, 27.79, 27.77, 27.75, 27.75, 27.73, 27.78, 27.82, 28.0, 28.03, 28.02, 28.02, 28.18, 28.17, 28.16, 28.16], [27.84, 27.83, 27.82, 27.8, 27.59, 27.58, 27.75, 27.71, 27.68, 27.69, 27.77, 27.85, 28.03, 28.06, 28.04, 28.19, 28.17, 28.16, 28.16, 28.15], [27.85, 27.84, 27.83, 27.81, 27.59, 27.58, 27.57, 27.67, 27.54, 27.67, 27.79, 27.89, 28.08, 28.1, 28.21, 28.19, 28.17, 28.15, 28.15, 28.14], [27.86, 27.85, 27.84, 27.83, 27.8, 27.59, 27.58, 27.56, 27.54, 27.71, 27.83, 27.97, 28.17, 28.15, 28.21, 28.18, 28.16, 28.14, 28.13, 28.13], [27.88, 27.87, 27.86, 27.85, 27.83, 27.6, 27.6, 27.59, 27.58, 27.76, 27.87, 28.17, 28.3, 28.18, 28.21, 28.17, 28.14, 28.12, 28.12, 28.12], [27.89, 27.89, 27.89, 27.88, 27.86, 27.84, 27.63, 27.63, 27.62, 27.6, 27.97, 28.1, 28.21, 28.3, 28.19, 28.15, 28.11, 28.09, 28.1, 28.11], [28.08, 27.91, 27.92, 27.91, 27.9, 27.88, 27.85, 27.67, 27.67, 27.72, 27.71, 27.98, 28.23, 28.25, 28.17, 28.12, 28.06, 28.04, 28.07, 28.1], [28.09, 28.09, 28.09, 28.09, 28.08, 27.92, 27.87, 27.82, 27.78, 27.7, 27.59, 27.92, 27.92, 28.25, 28.04, 28.05, 28.03, 28.02, 28.03, 28.04], [28.01, 28.02, 28.11, 28.12, 28.12, 28.1, 28.04, 27.85, 27.7, 27.74, 27.73, 27.82, 27.86, 27.8, 28.04, 28.05, 28.04, 28.03, 28.04, 28.04], [28.3, 28.3, 28.3, 28.07, 28.1, 28.19, 28.13, 28.04, 27.63, 27.65, 27.86, 27.76, 27.8, 27.78, 28.04, 28.06, 28.05, 28.04, 28.04, 28.05], [28.3, 28.3, 28.3, 28.3, 28.3, 28.3, 28.3, 28.3, 28.12, 27.7, 27.5, 27.73, 27.76, 27.76, 28.04, 28.06, 28.05, 28.05, 28.05, 28.05], [28.3, 28.3, 28.3, 28.3, 28.3, 28.3, 28.3, 28.3, 28.3, -999.0, 27.5, 28.1, 28.1, 27.74, 28.04, 28.06, 28.06, 27.03, 27.06, 27.06], [28.3, 28.3, 28.3, 28.3, 28.3, 28.3, 28.3, 28.3, 28.3, 28.3, -999.0, 28.1, 28.1, 26.92, 27.44, 27.38, 27.39, 27.18, 27.21, 27.23], [28.3, 28.3, 28.3, 28.3, 28.3, 28.3, 28.3, 28.3, 28.3, 28.3, -999.0, 26.3, 26.3, 26.3, 27.29, 27.24, 27.27, 27.05, 27.1, 27.13], [28.3, 28.3, 28.3, 28.3, 28.3, 28.3, 28.3, 28.1, 28.1, 28.1, 28.1, 27.41, 26.3, 26.3, 26.3, 27.08, 27.13, 26.93, 26.99, 27.04], [28.3, 28.3, 28.17, 28.17, 28.17, 28.1, 28.1, 28.1, 28.1, 28.1, 26.97, 27.1, 26.92, 26.77, 26.94, 26.96, 27.06, 26.88, 27.23, 27.3], [28.17, 28.17, 28.23, 28.23, 28.1, 28.1, 28.1, 28.1, 28.1, 28.1, 27.33, 27.1, 26.87, 26.65, 26.72, 26.71, 26.85, 26.96, 27.04, 27.1], [28.23, 28.23, 28.22, 28.22, 28.1, 28.1, 28.1, 28.1, 28.1, 27.64, 27.4, 27.13, 26.85, 26.73, 26.36, 26.66, 26.87, 27.0, 27.08, 27.13], [28.22, 28.22, 28.22, 28.1, 28.1, 28.1, 28.1, 28.1, 27.94, 27.75, 27.58, 27.36, 27.12, 26.87, 26.63, 26.78, 26.95, 27.07, 27.14, 27.18], [28.22, 28.22, 28.1, 28.1, 28.1, 28.1, 28.1, 28.1, 27.93, 27.79, 27.61, 27.43, 27.24, 27.1, 26.9, 26.99, 27.1, 27.18, 27.22, 27.24], [28.1, 28.1, 28.1, 28.1, 28.1, 28.1, 28.1, 28.1, 27.82, 27.75, 27.63, 27.49, 27.35, 27.07, 27.11, 27.19, 27.26, 27.3, 27.31, 27.31], [28.1, 28.1, 28.1, 28.1, 28.1, 28.1, 28.1, 28.15, 27.79, 27.74, 27.67, 27.56, 27.46, 27.21, 27.27, 27.36, 27.43, 27.44, 27.4, 27.37], [28.1, 28.1, 28.1, 28.18, 28.17, 28.17, 28.16, 28.16, 28.16, 28.16, 28.16, 28.1, 27.83, 27.3, 27.39, 27.5, 27.61, 27.56, 27.47, 27.41], [28.19, 28.19, 28.18, 28.18, 28.18, 28.17, 28.17, 28.16, 28.15, 28.15, 28.16, 28.17, 27.84, 27.8, 27.77, 27.56, 27.85, 27.57, 27.48, 27.43], [28.19, 28.19, 28.19, 28.19, 28.18, 28.18, 28.18, 28.17, 28.15, 28.13, 28.16, 28.18, 28.19, 27.8, 27.75, 27.71, 27.5, 27.4, 27.45, 27.43], [28.19, 28.19, 28.19, 28.19, 28.19, 28.19, 28.19, 28.18, 28.16, 28.14, 28.18, 28.2, 28.2, 27.79, 27.75, 27.75, 27.67, 27.63, 27.43, 27.42], [28.2, 28.2, 28.2, 28.2, 28.2, 28.2, 28.2, 28.2, 28.2, 28.2, 28.22, 28.23, 28.22, 27.92, 27.85, 27.78, 27.73, 27.71, 27.71, 27.73], [28.2, 28.2, 28.2, 28.21, 28.21, 28.21, 28.22, 28.23, 28.24, 28.27, 28.28, 28.13, 28.05, 27.96, 27.89, 27.83, 27.78, 27.76, 27.75, 27.76], [28.21, 28.21, 28.21, 28.21, 28.22, 28.22, 28.23, 28.25, 28.27, 28.32, 28.33, 28.2, 28.09, 28.0, 27.92, 27.87, 27.83, 27.8, 27.79, 27.79], [28.21, 28.21, 28.21, 28.22, 28.22, 28.23, 28.24, 28.26, 28.18, 28.24, 28.29, 28.2, 28.1, 28.02, 27.95, 27.9, 27.86, 27.83, 27.82, 27.81], [28.21, 28.21, 28.22, 28.22, 28.23, 28.23, 28.25, 28.26, 28.15, 28.19, 28.19, 28.15, 28.09, 28.02, 27.96, 27.92, 27.88, 27.86, 27.84, 27.83], [28.21, 28.22, 28.22, 28.22, 28.23, 28.24, 28.25, 28.11, 28.13, 28.14, 28.14, 28.11, 28.07, 28.02, 27.97, 27.93, 27.9, 27.88, 27.86, 27.85]]}]