gis_exercise/awsData/contour/wdir_2023091323.json
[{"header": {"refTime": "2023-09-13T23:00:00.000Z", "nx": 21, "ny": 33, "lo1": 113.509, "la1": 22.2235, "lo2": 113.5947, "la2": 22.1034, "dx": 0.0042850000000001385, "dy": 0.003753125000000024, "parameterCategory": 2, "parameterCategoryName": "Temperature", "parameterNumber": 2}, "data": [-1.72, -1.74, -1.77, -2.33, -2.32, -2.43, -2.4, -2.37, -2.36, -2.3, -2.34, -2.38, -2.68, -2.71, -3.53, -3.67, -4.13, -4.21, -4.27, -4.31, -1.71, -1.73, -1.76, -1.79, -2.33, -2.3, -2.38, -2.32, -2.29, -2.27, -2.34, -2.4, -2.7, -2.73, -3.55, -4.05, -4.17, -4.27, -4.33, -4.37, -1.69, -1.71, -1.74, -1.78, -2.34, -2.31, -2.28, -2.28, -2.13, -2.24, -2.35, -2.43, -2.73, -2.76, -3.88, -4.07, -4.24, -4.36, -4.43, -4.45, -1.66, -1.68, -1.71, -1.76, -1.81, -2.34, -2.31, -2.25, -2.21, -2.28, -2.39, -2.49, -2.77, -2.82, -3.86, -4.13, -4.36, -4.5, -4.56, -4.56, -1.63, -1.64, -1.67, -1.72, -1.78, -2.37, -2.36, -2.34, -2.32, -2.34, -2.43, -2.8, -2.81, -2.83, -3.87, -4.25, -4.55, -4.72, -4.74, -4.69, -1.58, -1.6, -1.62, -1.66, -1.72, -1.82, -2.42, -2.43, -2.42, -2.39, -2.75, -2.81, -2.83, -3.61, -3.97, -4.44, -4.88, -5.07, -4.97, -4.83, -2.55, -1.54, -1.55, -1.57, -1.64, -1.75, -1.99, -2.52, -2.53, -2.66, -2.65, -2.86, -3.81, -3.91, -4.09, -4.63, -5.34, -5.6, -5.6, -5.46, -2.54, -2.48, -2.41, -2.27, -2.27, -1.66, -1.91, -2.3, -2.75, -2.62, -2.44, -3.6, -3.85, -4.22, -5.19, -5.45, -5.75, -5.86, -5.7, -5.59, -2.54, -2.46, -2.36, -2.23, -2.05, -2.11, -2.38, -2.04, -3.08, -2.69, -3.57, -4.15, -4.9, -4.54, -5.24, -5.4, -5.57, -5.65, -5.61, -5.55, -3.26, -3.15, -2.98, -2.13, -1.81, -1.57, -2.12, -2.71, -3.49, -3.36, -3.98, -4.52, -5.17, -4.69, -5.29, -5.36, -5.46, -5.51, -5.52, -5.5, -3.29, -3.19, -3.03, -2.74, -2.12, -0.31, -2.58, -3.73, -3.5, -3.79, -4.73, -4.39, -4.6, -4.53, -5.3, -5.34, -5.39, -5.44, -5.45, -5.45, -3.36, -3.29, -3.17, -3.0, -2.7, -2.55, -3.44, -4.41, -4.77, -5.59, -4.83, -5.12, -5.14, -4.38, -5.29, -5.32, -5.36, -5.35, -5.35, -5.34, -3.44, -3.41, -3.38, -3.36, -3.44, -3.86, -4.49, -4.63, -4.74, -4.46, -5.66, -5.11, -5.1, -4.49, -4.43, -5.18, -5.18, -5.19, -5.2, -5.21, -3.53, -3.53, -3.56, -3.65, -3.88, -4.41, -5.28, -4.7, -4.53, -4.4, -5.65, -5.01, -4.92, -4.83, -4.26, -4.94, -4.97, -5.01, -5.05, -5.09, -3.61, -3.64, -3.7, -3.82, -4.03, -4.35, -4.6, -4.48, -4.23, -4.03, -3.88, -3.06, -4.7, -4.58, -4.5, -4.66, -4.73, -4.82, -4.9, -4.97, -3.67, -3.71, -2.3, -2.43, -2.6, -4.06, -4.01, -3.83, -3.64, -3.52, -2.76, -2.84, -2.92, -3.17, -3.23, -4.03, -4.12, -4.2, -4.28, -4.35, -2.11, -2.15, -2.21, -2.27, -3.66, -3.54, -3.32, -3.03, -2.84, -2.87, -2.42, -2.64, -2.84, -3.01, -2.99, -3.29, -3.3, -3.3, -3.3, -3.29, -2.06, -2.08, -2.1, -2.09, -3.32, -3.07, -2.65, -2.09, -1.8, -1.78, -2.19, -2.47, -2.77, -2.95, -3.24, -3.29, -3.3, -3.3, -3.3, -3.29, -2.01, -2.01, -1.99, -3.26, -3.05, -2.71, -2.17, -1.26, -0.41, -1.34, -1.58, -2.02, -2.55, -2.87, -3.29, -3.3, -3.31, -3.31, -3.3, -3.3, -1.96, -1.94, -2.79, -2.67, -2.49, -2.22, -1.8, -1.22, -0.67, -1.15, -1.64, -2.02, -2.51, -2.78, -3.31, -3.32, -3.32, -3.32, -3.31, -3.3, -2.89, -2.83, -2.75, -2.63, -2.48, -2.27, -2.0, -1.73, -1.31, -1.54, -1.83, -2.09, -2.52, -3.32, -3.33, -3.34, -3.34, -3.33, -3.31, -3.29, -2.86, -2.8, -2.73, -2.64, -2.53, -2.39, -2.26, -1.47, -1.81, -1.94, -2.09, -2.22, -3.66, -3.33, -3.35, -3.38, -3.39, -3.36, -3.31, -3.29, -2.85, -2.8, -2.74, -1.66, -1.67, -1.7, -1.75, -1.84, -1.96, -2.03, -2.02, -2.65, -3.39, -3.33, -3.36, -3.42, -3.51, -3.4, -3.29, -3.26, -1.69, -1.7, -1.72, -1.75, -1.79, -1.86, -1.98, -2.16, -2.38, -2.49, -2.36, -3.2, -3.39, -3.38, -3.39, -3.42, -3.8, -3.25, -3.2, -3.22, -1.73, -1.75, -1.78, -1.82, -1.88, -1.98, -2.13, -2.36, -2.75, -3.07, -2.62, -3.14, -3.18, -3.36, -3.35, -3.32, -3.12, -2.88, -3.12, -3.19, -1.76, -1.79, -1.82, -1.87, -1.94, -2.04, -2.18, -2.4, -2.75, -3.02, -3.11, -3.02, -3.06, -3.35, -3.32, -2.97, -2.96, -2.92, -3.13, -3.18, -1.79, -1.82, -1.85, -1.9, -1.96, -2.05, -2.15, -2.29, -2.43, -2.46, -2.83, -2.82, -2.91, -2.66, -2.79, -2.87, -2.91, -2.91, -2.92, -2.92, -1.81, -1.83, -1.87, -1.91, -1.96, -2.02, -2.09, -2.15, -2.16, -2.51, -2.41, -2.25, -2.32, -2.35, -2.69, -2.79, -2.84, -2.87, -2.88, -2.88, -1.82, -1.84, -1.88, -1.91, -1.95, -1.99, -2.03, -2.03, -1.99, -2.15, -1.77, -2.06, -2.22, -2.3, -2.61, -2.71, -2.78, -2.82, -2.84, -2.85, -1.83, -1.85, -1.88, -1.9, -1.93, -1.96, -1.97, -1.96, -2.18, -1.99, -1.86, -2.04, -2.18, -2.27, -2.56, -2.65, -2.72, -2.77, -2.8, -2.81, -1.83, -1.85, -1.87, -1.89, -1.92, -1.93, -1.94, -1.93, -2.2, -2.1, -2.05, -2.11, -2.19, -2.26, -2.52, -2.61, -2.68, -2.73, -2.76, -2.78, -1.83, -1.85, -1.87, -1.88, -1.9, -1.91, -1.91, -2.29, -2.23, -2.18, -2.16, -2.18, -2.22, -2.27, -2.51, -2.59, -2.65, -2.69, -2.73, -2.75]}, {"header": {"refTime": "2023-09-13T23:00:00.000Z", "nx": 21, "ny": 33, "lo1": 113.509, "la1": 22.2235, "lo2": 113.5947, "la2": 22.1034, "dx": 0.0042850000000001385, "dy": 0.003753125000000024, "parameterCategory": 2, "parameterCategoryName": "Temperature", "parameterNumber": 3}, "data": [-0.43, -0.42, -0.42, 0.13, 0.09, -0.19, -0.24, -0.29, -0.31, -0.29, -0.24, -0.19, 0.02, 0.07, 0.14, 0.21, 0.87, 0.91, 0.94, 0.96, -0.43, -0.42, -0.42, -0.41, 0.1, 0.03, -0.26, -0.36, -0.42, -0.36, -0.25, -0.18, 0.03, 0.08, 0.16, 0.82, 0.88, 0.93, 0.96, 0.98, -0.43, -0.42, -0.41, -0.41, 0.12, 0.05, -0.07, -0.41, -0.64, -0.4, -0.24, -0.16, 0.04, 0.09, 0.73, 0.82, 0.9, 0.96, 0.99, 1.01, -0.44, -0.43, -0.41, -0.4, -0.38, 0.11, 0.02, -0.14, -0.29, -0.31, -0.18, -0.13, 0.04, 0.39, 0.7, 0.85, 0.95, 1.01, 1.04, 1.05, -0.45, -0.44, -0.42, -0.4, -0.36, 0.21, 0.17, 0.12, 0.09, -0.13, -0.07, 0.32, 0.04, 0.33, 0.72, 0.9, 1.02, 1.09, 1.1, 1.09, -0.46, -0.45, -0.44, -0.41, -0.36, -0.29, 0.32, 0.35, 0.37, 0.4, 0.64, 0.49, 0.29, 0.64, 0.81, 0.99, 1.14, 1.21, 1.18, 1.14, -0.05, -0.48, -0.47, -0.44, -0.38, -0.28, 0.27, 0.54, 0.59, 0.95, 0.98, 0.81, 1.0, 0.96, 0.93, 1.09, 1.3, 1.37, 1.29, 1.23, -0.08, -0.1, -0.12, -0.17, -0.14, -0.02, 0.2, 0.51, 0.88, 0.92, 0.87, 1.37, 1.46, 1.21, 1.6, 1.58, 1.55, 1.55, 1.56, 1.57, -0.1, -0.13, -0.18, -0.24, -0.31, -0.25, -0.03, 0.3, 0.8, 0.96, 1.24, 1.43, 1.58, 1.51, 1.61, 1.59, 1.57, 1.57, 1.57, 1.57, -0.16, -0.21, -0.27, -0.33, -0.49, -0.61, -0.3, 0.05, 0.77, 0.77, 1.35, 1.47, 1.6, 1.52, 1.62, 1.6, 1.59, 1.58, 1.58, 1.58, -0.15, -0.19, -0.25, -0.37, -0.61, -1.33, -0.43, 0.02, 0.22, 0.74, 1.11, 1.45, 1.49, 1.48, 1.62, 1.61, 1.6, 1.59, 1.59, 1.58, -0.12, -0.15, -0.19, -0.26, -0.38, -0.44, -0.09, 0.29, 0.43, 0.92, 1.05, 1.35, 1.41, 1.45, 1.62, 1.61, 1.6, 1.28, 1.27, 1.26, -0.09, -0.1, -0.11, -0.12, -0.09, 0.08, 0.33, 0.38, 0.42, 0.31, 1.01, 1.29, 1.35, 1.27, 1.24, 1.21, 1.21, 1.21, 1.21, 1.21, -0.05, -0.05, -0.04, -0.0, 0.09, 0.3, 0.65, 0.41, 0.34, 0.29, 0.99, 0.92, 0.93, 0.92, 1.12, 1.11, 1.11, 1.13, 1.15, 1.16, -0.02, -0.01, 0.01, 0.06, 0.15, 0.27, 0.37, 0.92, 0.95, 0.98, 1.01, 0.85, 0.84, 0.81, 0.79, 0.98, 1.01, 1.05, 1.08, 1.11, 0.0, 0.02, 0.33, 0.38, 0.44, 1.0, 1.01, 1.03, 1.06, 1.08, 0.94, 0.86, 0.77, 0.92, 0.86, 1.05, 1.15, 1.25, 1.28, 1.35, 0.35, 0.38, 0.42, 0.47, 1.06, 1.08, 1.12, 1.17, 1.2, 1.19, 1.0, 0.88, 0.75, 0.62, 0.76, 0.66, 0.77, 0.86, 0.91, 0.95, 0.41, 0.44, 0.49, 0.55, 1.12, 1.16, 1.24, 1.33, 1.38, 1.24, 1.09, 0.91, 0.74, 0.77, 0.41, 0.63, 0.79, 0.89, 0.95, 0.98, 0.45, 0.49, 0.54, 1.13, 1.17, 1.22, 1.32, 1.47, 1.59, 1.34, 0.96, 0.78, 1.13, 0.92, 0.61, 0.73, 0.86, 0.95, 1.0, 1.02, 0.49, 0.53, 0.89, 0.92, 0.96, 1.03, 1.14, 1.31, 1.36, 1.14, 0.92, 0.76, 1.26, 1.16, 0.83, 0.9, 0.98, 1.04, 1.06, 1.07, 0.83, 0.85, 0.86, 0.88, 0.92, 0.96, 1.03, 1.1, 1.05, 0.94, 0.81, 0.71, 1.4, 0.96, 1.0, 1.07, 1.13, 1.15, 1.14, 1.11, 0.81, 0.82, 0.83, 0.84, 0.85, 0.87, 0.88, 0.79, 0.79, 0.73, 0.67, 0.62, 0.91, 1.07, 1.14, 1.23, 1.3, 1.27, 1.2, 1.15, 0.79, 0.79, 0.79, 0.65, 0.65, 0.64, 0.62, 0.58, 0.53, 0.49, 0.48, 1.12, 0.83, 1.14, 1.24, 1.39, 1.55, 1.4, 1.23, 1.16, 0.61, 0.61, 0.6, 0.59, 0.57, 0.54, 0.49, 0.41, 0.31, 0.25, 0.3, 0.62, 0.78, 0.97, 1.16, 1.43, 2.03, 1.26, 1.15, 1.13, 0.58, 0.57, 0.56, 0.54, 0.51, 0.47, 0.4, 0.29, 0.12, -0.01, 0.16, 0.54, 0.8, 0.93, 1.09, 1.2, 1.09, 0.77, 1.04, 1.1, 0.56, 0.54, 0.53, 0.5, 0.47, 0.42, 0.35, 0.25, 0.1, -0.0, 0.27, 0.5, 0.73, 0.88, 1.0, 1.13, 1.06, 0.99, 1.04, 1.08, 0.54, 0.52, 0.5, 0.47, 0.44, 0.39, 0.33, 0.27, 0.19, 0.17, 0.35, 0.5, 0.68, 0.95, 1.02, 1.06, 1.05, 1.04, 1.05, 1.06, 0.52, 0.5, 0.48, 0.45, 0.42, 0.38, 0.34, 0.29, 0.26, 0.34, 0.38, 0.09, 0.07, 0.06, 0.96, 1.0, 1.02, 1.03, 1.04, 1.05, 0.51, 0.49, 0.47, 0.44, 0.41, 0.38, 0.34, 0.31, 0.28, 0.35, 0.2, 0.14, 0.1, 0.08, 0.9, 0.96, 0.99, 1.01, 1.02, 1.03, 0.5, 0.48, 0.46, 0.44, 0.41, 0.38, 0.35, 0.33, 0.11, 0.15, 0.18, 0.14, 0.11, 0.08, 0.87, 0.93, 0.96, 0.99, 1.01, 1.02, 0.49, 0.47, 0.45, 0.43, 0.41, 0.39, 0.36, 0.34, 0.1, 0.13, 0.14, 0.12, 0.1, 0.08, 0.85, 0.9, 0.94, 0.97, 0.99, 1.0, 0.48, 0.47, 0.45, 0.43, 0.41, 0.39, 0.37, 0.08, 0.1, 0.11, 0.11, 0.11, 0.09, 0.08, 0.84, 0.89, 0.92, 0.95, 0.97, 0.99]}, {"header": {"refTime": "2023-09-13T23:00:00.000Z", "nx": 21, "ny": 33, "lo1": 113.509, "la1": 22.2235, "lo2": 113.5947, "la2": 22.1034, "dx": 0.0042850000000001385, "dy": 0.003753125000000024, "parameterCategory": 0, "parameterCategoryName": "Temperature", "parameterNumber": 0}, "data": [[27.47, 27.46, 27.46, 27.26, 27.27, 27.49, 27.5, 27.5, 27.51, 27.46, 27.46, 27.47, 27.62, 27.63, 27.6, 27.59, 27.58, 27.57, 27.56, 27.56], [27.47, 27.46, 27.46, 27.46, 27.27, 27.29, 27.49, 27.5, 27.51, 27.47, 27.47, 27.48, 27.63, 27.64, 27.6, 27.59, 27.57, 27.56, 27.56, 27.55], [27.47, 27.47, 27.46, 27.46, 27.26, 27.28, 27.31, 27.5, 27.5, 27.47, 27.47, 27.5, 27.65, 27.65, 27.61, 27.59, 27.57, 27.55, 27.55, 27.54], [27.47, 27.47, 27.46, 27.46, 27.45, 27.27, 27.29, 27.34, 27.38, 27.45, 27.47, 27.53, 27.68, 27.55, 27.61, 27.58, 27.56, 27.54, 27.53, 27.53], [27.47, 27.47, 27.47, 27.46, 27.45, 27.24, 27.26, 27.27, 27.27, 27.41, 27.45, 27.57, 27.7, 27.58, 27.61, 27.57, 27.54, 27.52, 27.52, 27.52], [27.48, 27.48, 27.47, 27.46, 27.45, 27.44, 27.22, 27.21, 27.2, 27.16, 27.37, 27.5, 27.61, 27.7, 27.59, 27.55, 27.51, 27.49, 27.5, 27.51], [27.48, 27.48, 27.48, 27.47, 27.46, 27.44, 27.25, 27.18, 27.16, 27.12, 27.11, 27.38, 27.63, 27.65, 27.57, 27.52, 27.46, 27.44, 27.47, 27.5], [27.49, 27.49, 27.49, 27.49, 27.48, 27.32, 27.27, 27.22, 27.18, 27.1, 26.99, 27.32, 27.32, 27.65, 27.44, 27.45, 27.43, 27.42, 27.43, 27.44], [27.41, 27.42, 27.51, 27.52, 27.52, 27.5, 27.44, 27.25, 27.1, 27.14, 27.13, 27.22, 27.26, 27.2, 27.44, 27.45, 27.44, 27.43, 27.44, 27.44], [27.7, 27.7, 27.7, 27.47, 27.5, 27.59, 27.53, 27.44, 27.03, 27.05, 27.26, 27.16, 27.2, 27.18, 27.44, 27.46, 27.45, 27.44, 27.44, 27.45], [27.7, 27.7, 27.7, 27.7, 27.7, 27.7, 27.7, 27.7, 27.52, 27.1, 26.9, 27.13, 27.16, 27.16, 27.44, 27.46, 27.45, 27.45, 27.45, 27.45], [27.7, 27.7, 27.7, 27.7, 27.7, 27.7, 27.7, 27.7, 27.7, -999.0, 26.9, 27.5, 27.5, 27.14, 27.44, 27.46, 27.46, 26.95, 26.96, 26.96], [27.7, 27.7, 27.7, 27.7, 27.7, 27.7, 27.7, 27.7, 27.7, 27.7, -999.0, 27.5, 27.5, 26.91, 27.17, 27.11, 27.11, 27.02, 27.03, 27.04], [27.7, 27.7, 27.7, 27.7, 27.7, 27.7, 27.7, 27.7, 27.7, 27.7, -999.0, 26.6, 26.6, 26.6, 27.09, 27.04, 27.05, 26.95, 26.98, 26.99], [27.7, 27.7, 27.7, 27.7, 27.7, 27.7, 27.7, 27.7, 27.7, 27.7, 27.7, 27.28, 26.6, 26.6, 26.6, 26.97, 26.99, 26.9, 26.93, 26.95], [27.7, 27.7, 27.7, 27.7, 27.7, 27.7, 27.7, 27.7, 27.7, 27.7, 27.01, 27.09, 26.98, 26.89, 26.99, 26.86, 26.9, 26.83, 27.0, 27.03], [27.7, 27.7, 27.7, 27.7, 27.7, 27.7, 27.7, 27.7, 27.7, 27.7, 27.23, 27.09, 26.95, 26.81, 26.81, 26.79, 26.86, 26.92, 26.95, 26.98], [27.7, 27.7, 27.7, 27.7, 27.7, 27.7, 27.7, 27.7, 27.7, 27.42, 27.27, 27.11, 26.94, 26.82, 26.63, 26.77, 26.87, 26.93, 26.97, 27.0], [27.7, 27.7, 27.7, 27.7, 27.7, 27.7, 27.7, 27.7, 27.6, 27.49, 27.35, 27.21, 27.03, 26.89, 26.76, 26.83, 26.91, 26.97, 27.0, 27.02], [27.7, 27.7, 27.59, 27.59, 27.6, 27.61, 27.63, 27.67, 27.57, 27.48, 27.36, 27.24, 27.08, 27.0, 26.89, 26.93, 26.98, 27.02, 27.04, 27.05], [27.58, 27.58, 27.58, 27.62, 27.62, 27.63, 27.63, 27.64, 27.48, 27.43, 27.36, 27.27, 27.13, 26.96, 26.98, 27.02, 27.05, 27.07, 27.08, 27.08], [27.61, 27.61, 27.61, 27.61, 27.61, 27.61, 27.62, 27.67, 27.44, 27.41, 27.36, 27.3, 27.12, 27.03, 27.06, 27.09, 27.12, 27.13, 27.12, 27.11], [27.6, 27.6, 27.6, 27.68, 27.67, 27.67, 27.66, 27.65, 27.64, 27.64, 27.65, 27.51, 27.34, 27.07, 27.11, 27.15, 27.19, 27.19, 27.16, 27.14], [27.69, 27.68, 27.68, 27.68, 27.67, 27.67, 27.65, 27.64, 27.62, 27.61, 27.63, 27.55, 27.35, 27.32, 27.3, 27.18, 27.26, 27.21, 27.18, 27.15], [27.69, 27.69, 27.68, 27.68, 27.67, 27.67, 27.65, 27.63, 27.59, 27.55, 27.61, 27.56, 27.55, 27.33, 27.3, 27.28, 27.21, 27.2, 27.18, 27.16], [27.69, 27.69, 27.69, 27.68, 27.68, 27.67, 27.66, 27.64, 27.6, 27.56, 27.58, 27.59, 27.58, 27.33, 27.31, 27.35, 27.31, 27.3, 27.17, 27.15], [27.69, 27.69, 27.69, 27.69, 27.68, 27.68, 27.67, 27.67, 27.65, 27.66, 27.63, 27.63, 27.61, 27.48, 27.43, 27.38, 27.35, 27.34, 27.34, 27.35], [27.69, 27.69, 27.69, 27.69, 27.69, 27.69, 27.69, 27.7, 27.71, 27.7, 27.72, 27.68, 27.63, 27.58, 27.46, 27.42, 27.39, 27.37, 27.37, 27.37], [27.7, 27.7, 27.7, 27.7, 27.7, 27.7, 27.71, 27.72, 27.75, 27.78, 27.84, 27.74, 27.66, 27.6, 27.49, 27.45, 27.42, 27.4, 27.39, 27.39], [27.7, 27.7, 27.7, 27.7, 27.71, 27.71, 27.72, 27.74, 27.71, 27.77, 27.81, 27.74, 27.67, 27.62, 27.52, 27.47, 27.44, 27.42, 27.41, 27.41], [27.7, 27.7, 27.71, 27.71, 27.71, 27.72, 27.73, 27.74, 27.7, 27.73, 27.73, 27.71, 27.66, 27.62, 27.53, 27.49, 27.46, 27.44, 27.43, 27.42], [27.7, 27.71, 27.71, 27.71, 27.72, 27.72, 27.73, 27.66, 27.68, 27.69, 27.69, 27.68, 27.65, 27.62, 27.53, 27.5, 27.48, 27.46, 27.44, 27.44]]}]