gis_exercise/awsData/contour/wdir_2023090423.json
[{"header": {"refTime": "2023-09-04T23:00:00.000Z", "nx": 21, "ny": 33, "lo1": 113.509, "la1": 22.2235, "lo2": 113.5947, "la2": 22.1034, "dx": 0.0042850000000001385, "dy": 0.003753125000000024, "parameterCategory": 2, "parameterCategoryName": "Temperature", "parameterNumber": 2}, "data": [0.29, 0.28, 0.28, 0.44, 0.42, 0.18, 0.16, 0.13, 0.12, 0.12, 0.13, 0.13, 0.08, 0.09, 0.14, 0.17, 0.34, 0.36, 0.37, 0.38, 0.29, 0.29, 0.28, 0.27, 0.42, 0.38, 0.15, 0.12, 0.09, 0.1, 0.12, 0.12, 0.07, 0.08, 0.14, 0.32, 0.34, 0.37, 0.38, 0.39, 0.29, 0.29, 0.29, 0.28, 0.43, 0.4, 0.34, 0.1, 0.02, 0.09, 0.12, 0.11, 0.06, 0.07, 0.27, 0.32, 0.36, 0.38, 0.4, 0.41, 0.3, 0.3, 0.3, 0.29, 0.29, 0.43, 0.38, 0.3, 0.22, 0.12, 0.13, 0.1, 0.03, 0.2, 0.26, 0.33, 0.38, 0.41, 0.42, 0.43, 0.3, 0.3, 0.3, 0.31, 0.31, 0.48, 0.46, 0.43, 0.42, 0.19, 0.17, 0.18, 0.0, 0.17, 0.27, 0.35, 0.42, 0.45, 0.46, 0.45, 0.3, 0.3, 0.31, 0.32, 0.33, 0.35, 0.54, 0.55, 0.56, 0.58, 0.4, 0.27, 0.14, 0.08, 0.31, 0.4, 0.48, 0.51, 0.5, 0.47, 0.62, 0.31, 0.31, 0.32, 0.34, 0.37, 0.62, 0.65, 0.67, 0.74, 0.73, 0.44, 0.2, 0.16, 0.36, 0.44, 0.56, 0.6, 0.45, 0.39, 0.62, 0.61, 0.6, 0.57, 0.57, 0.54, 0.6, 0.7, 0.78, 0.75, 0.76, 0.51, 0.46, 0.2, 0.4, 0.47, 0.57, 0.6, 0.55, 0.52, 0.62, 0.6, 0.58, 0.56, 0.52, 0.54, 0.61, 0.63, 0.84, 0.74, 0.52, 0.4, 0.25, 0.32, 0.37, 0.44, 0.5, 0.53, 0.52, 0.5, 0.69, 0.67, 0.64, 0.53, 0.46, 0.41, 0.53, 0.66, 0.88, 0.87, 0.43, 0.33, 0.2, 0.29, 0.34, 0.41, 0.45, 0.48, 0.49, 0.48, 0.69, 0.68, 0.65, 0.59, 0.48, 0.15, 0.56, 0.77, 0.78, 0.91, 0.58, 0.35, 0.31, 0.32, 0.34, 0.39, 0.42, 0.45, 0.46, 0.46, 0.71, 0.69, 0.67, 0.64, 0.59, 0.56, 0.72, 0.9, 0.96, 0.86, 0.64, 0.48, 0.43, 0.35, 0.35, 0.38, 0.41, 0.76, 0.78, 0.79, 0.72, 0.72, 0.71, 0.71, 0.72, 0.8, 0.92, 0.94, 0.95, 0.91, 0.78, 0.54, 0.48, 0.68, 0.72, 0.8, 0.82, 0.83, 0.83, 0.83, 0.74, 0.74, 0.74, 0.76, 0.8, 0.9, 1.06, 0.95, 0.92, 0.9, 0.81, 0.93, 0.94, 0.97, 0.87, 0.92, 0.92, 0.91, 0.9, 0.89, 0.75, 0.76, 0.77, 0.79, 0.83, 0.89, 0.94, 1.01, 0.98, 0.97, 0.95, 1.18, 1.06, 1.11, 1.14, 1.06, 1.03, 1.0, 0.97, 0.94, 0.76, 0.77, 0.66, 0.68, 0.71, 0.97, 0.97, 0.95, 0.93, 0.92, 1.12, 1.2, 1.29, 1.16, 1.22, 1.18, 1.1, 1.03, 1.13, 1.08, 0.64, 0.65, 0.66, 0.67, 0.94, 0.92, 0.9, 0.88, 0.86, 0.86, 1.09, 1.2, 1.33, 1.47, 1.48, 1.34, 1.19, 1.07, 0.99, 0.93, 0.64, 0.65, 0.66, 0.67, 0.9, 0.88, 0.84, 0.79, 0.77, 0.94, 1.07, 1.2, 1.35, 1.48, 1.73, 1.39, 1.18, 1.04, 0.95, 0.89, 0.64, 0.65, 0.65, 0.9, 0.88, 0.85, 0.8, 0.72, 0.68, 0.87, 0.86, 1.0, 1.21, 1.38, 1.42, 1.27, 1.09, 0.96, 0.89, 0.84, 0.64, 0.65, 0.67, 0.66, 0.65, 0.64, 0.63, 0.61, 0.66, 0.73, 0.83, 0.94, 1.13, 1.22, 1.14, 1.06, 0.94, 0.86, 0.8, 0.77, 0.65, 0.65, 0.64, 0.63, 0.62, 0.61, 0.6, 0.59, 0.69, 0.72, 0.79, 0.88, 1.05, 0.97, 0.93, 0.86, 0.78, 0.73, 0.71, 0.7, 0.64, 0.63, 0.62, 0.61, 0.6, 0.58, 0.56, 0.36, 0.66, 0.68, 0.73, 0.8, 0.84, 0.83, 0.77, 0.7, 0.64, 0.61, 0.61, 0.63, 0.62, 0.61, 0.6, 0.3, 0.31, 0.31, 0.31, 0.3, 0.29, 0.28, 0.28, 0.39, 0.28, 0.73, 0.66, 0.58, 0.51, 0.5, 0.53, 0.57, 0.28, 0.28, 0.28, 0.28, 0.28, 0.28, 0.27, 0.26, 0.25, 0.24, 0.24, 0.21, 0.28, 0.29, 0.31, 0.51, 0.44, 0.4, 0.46, 0.53, 0.27, 0.27, 0.27, 0.27, 0.26, 0.26, 0.25, 0.23, 0.22, 0.21, 0.21, 0.2, 0.22, 0.29, 0.3, 0.31, 0.38, 0.33, 0.44, 0.51, 0.26, 0.26, 0.26, 0.25, 0.25, 0.24, 0.23, 0.21, 0.2, 0.2, 0.18, 0.18, 0.2, 0.29, 0.3, 0.27, 0.27, 0.27, 0.47, 0.51, 0.26, 0.25, 0.25, 0.24, 0.23, 0.22, 0.21, 0.2, 0.18, 0.17, 0.15, 0.16, 0.18, 0.21, 0.23, 0.25, 0.26, 0.26, 0.26, 0.26, 0.25, 0.24, 0.24, 0.23, 0.22, 0.21, 0.2, 0.18, 0.16, 0.11, 0.1, 0.09, 0.1, 0.11, 0.21, 0.23, 0.24, 0.25, 0.25, 0.25, 0.24, 0.24, 0.23, 0.22, 0.21, 0.2, 0.18, 0.16, 0.13, 0.07, 0.02, 0.06, 0.09, 0.1, 0.2, 0.22, 0.23, 0.24, 0.24, 0.25, 0.24, 0.23, 0.22, 0.22, 0.21, 0.19, 0.18, 0.15, 0.08, 0.05, 0.04, 0.06, 0.08, 0.1, 0.19, 0.21, 0.22, 0.23, 0.24, 0.24, 0.23, 0.23, 0.22, 0.21, 0.2, 0.19, 0.17, 0.15, 0.08, 0.07, 0.06, 0.07, 0.09, 0.1, 0.18, 0.2, 0.21, 0.22, 0.23, 0.23, 0.23, 0.22, 0.22, 0.21, 0.2, 0.19, 0.18, 0.09, 0.09, 0.08, 0.08, 0.08, 0.09, 0.1, 0.18, 0.19, 0.21, 0.21, 0.22, 0.23]}, {"header": {"refTime": "2023-09-04T23:00:00.000Z", "nx": 21, "ny": 33, "lo1": 113.509, "la1": 22.2235, "lo2": 113.5947, "la2": 22.1034, "dx": 0.0042850000000001385, "dy": 0.003753125000000024, "parameterCategory": 2, "parameterCategoryName": "Temperature", "parameterNumber": 3}, "data": [-0.32, -0.32, -0.32, -0.88, -0.84, -0.42, -0.38, -0.34, -0.32, -0.42, -0.47, -0.52, -0.47, -0.5, -0.46, -0.5, -0.94, -0.96, -0.98, -0.99, -0.32, -0.32, -0.33, -0.32, -0.85, -0.78, -0.36, -0.29, -0.24, -0.36, -0.45, -0.51, -0.47, -0.5, -0.47, -0.91, -0.94, -0.97, -0.99, -1.0, -0.32, -0.33, -0.33, -0.33, -0.87, -0.8, -0.68, -0.25, -0.06, -0.31, -0.46, -0.52, -0.47, -0.5, -0.86, -0.91, -0.95, -0.98, -1.0, -1.01, -0.32, -0.33, -0.33, -0.34, -0.35, -0.86, -0.76, -0.6, -0.45, -0.42, -0.52, -0.53, -0.46, -0.86, -0.84, -0.92, -0.97, -1.01, -1.02, -1.03, -0.31, -0.32, -0.33, -0.35, -0.37, -0.95, -0.91, -0.86, -0.85, -0.62, -0.64, -0.82, -0.51, -0.8, -0.85, -0.95, -1.01, -1.04, -1.05, -1.05, -0.31, -0.31, -0.33, -0.35, -0.39, -0.44, -1.05, -1.08, -1.12, -1.19, -1.21, -0.98, -0.75, -0.88, -0.91, -1.0, -1.07, -1.1, -1.09, -1.07, -0.53, -0.3, -0.31, -0.33, -0.38, -0.46, -1.06, -1.24, -1.3, -1.62, -1.67, -1.29, -1.14, -1.11, -0.99, -1.05, -1.13, -1.16, -1.15, -1.13, -0.5, -0.49, -0.48, -0.46, -0.49, -0.82, -0.99, -1.21, -1.44, -1.64, -1.77, -1.62, -1.6, -1.29, -1.48, -1.41, -1.33, -1.3, -1.34, -1.37, -0.48, -0.46, -0.43, -0.4, -0.37, -0.41, -0.58, -1.06, -1.4, -1.6, -1.71, -1.66, -1.66, -1.66, -1.5, -1.44, -1.39, -1.36, -1.37, -1.39, -0.3, -0.27, -0.24, -0.33, -0.22, -0.15, -0.36, -0.6, -1.3, -1.36, -1.69, -1.68, -1.68, -1.67, -1.52, -1.47, -1.43, -1.41, -1.4, -1.41, -0.3, -0.28, -0.25, -0.18, -0.05, 0.35, -0.15, -0.4, -0.64, -1.23, -1.43, -1.68, -1.67, -1.67, -1.52, -1.48, -1.45, -1.43, -1.42, -1.42, -0.32, -0.3, -0.28, -0.24, -0.17, -0.14, -0.33, -0.54, -0.62, -0.96, -1.34, -1.35, -1.41, -1.67, -1.51, -1.49, -1.47, -1.52, -1.51, -1.51, -0.34, -0.33, -0.32, -0.32, -0.34, -0.43, -0.57, -0.59, -0.61, -0.55, -1.04, -1.3, -1.35, -1.66, -1.66, -1.58, -1.56, -1.55, -1.54, -1.54, -0.36, -0.36, -0.36, -0.38, -0.43, -0.55, -0.74, -0.61, -0.57, -0.54, -1.02, -1.36, -1.42, -1.47, -1.68, -1.6, -1.59, -1.58, -1.57, -1.56, -0.37, -0.38, -0.39, -0.42, -0.47, -0.54, -0.59, -0.64, -0.6, -0.57, -0.55, -0.89, -1.45, -1.5, -1.53, -1.63, -1.62, -1.6, -1.59, -1.58, -0.39, -0.4, -0.2, -0.23, -0.26, -0.58, -0.57, -0.54, -0.51, -0.5, -0.79, -0.91, -1.05, -1.38, -1.43, -1.47, -1.42, -1.36, -1.2, -1.16, -0.17, -0.18, -0.19, -0.21, -0.52, -0.5, -0.47, -0.43, -0.4, -0.4, -0.75, -0.92, -1.12, -1.33, -1.38, -1.15, -0.93, -0.76, -0.63, -0.54, -0.17, -0.18, -0.18, -0.19, -0.47, -0.43, -0.37, -0.29, -0.25, -0.51, -0.71, -0.9, -1.14, -1.37, -1.71, -1.22, -0.91, -0.71, -0.58, -0.49, -0.17, -0.17, -0.17, -0.46, -0.43, -0.38, -0.3, -0.17, -0.1, -0.4, -0.5, -0.73, -0.99, -1.23, -1.27, -1.04, -0.78, -0.6, -0.49, -0.42, -0.16, -0.16, -0.27, -0.26, -0.23, -0.2, -0.16, -0.1, -0.15, -0.3, -0.47, -0.66, -0.88, -1.02, -0.87, -0.74, -0.58, -0.45, -0.37, -0.32, -0.27, -0.26, -0.25, -0.24, -0.22, -0.19, -0.16, -0.13, -0.27, -0.34, -0.46, -0.6, -0.78, -0.61, -0.56, -0.46, -0.35, -0.27, -0.23, -0.22, -0.26, -0.25, -0.24, -0.22, -0.2, -0.18, -0.16, -0.0, -0.31, -0.35, -0.43, -0.53, -0.7, -0.42, -0.34, -0.24, -0.15, -0.11, -0.1, -0.11, -0.25, -0.24, -0.22, -0.0, -0.0, -0.0, -0.0, -0.01, -0.01, -0.01, -0.01, -0.06, 0.18, -0.27, -0.18, -0.08, -0.01, 0.04, 0.04, -0.02, -0.0, -0.0, -0.0, -0.0, -0.01, -0.01, -0.01, -0.01, -0.01, -0.02, -0.01, -0.06, 0.18, 0.21, 0.23, 0.02, -0.02, 0.24, 0.16, 0.06, -0.0, -0.0, -0.01, -0.01, -0.01, -0.01, -0.01, -0.01, -0.02, -0.02, -0.02, -0.06, -0.07, 0.22, 0.25, 0.28, 0.3, 0.46, 0.22, 0.1, -0.0, -0.01, -0.01, -0.01, -0.01, -0.01, -0.01, -0.01, -0.02, -0.02, -0.04, -0.05, -0.07, 0.22, 0.26, 0.31, 0.38, 0.42, 0.18, 0.1, -0.01, -0.01, -0.01, -0.01, -0.01, -0.01, -0.01, -0.01, -0.01, -0.01, -0.04, -0.05, -0.06, 0.22, 0.26, 0.3, 0.33, 0.35, 0.35, 0.33, -0.01, -0.01, -0.01, -0.01, -0.01, -0.01, -0.01, -0.01, -0.01, -0.03, -0.03, 0.12, 0.18, 0.25, 0.24, 0.28, 0.3, 0.32, 0.32, 0.32, -0.01, -0.01, -0.01, -0.01, -0.01, -0.01, -0.01, -0.01, -0.01, -0.02, 0.03, 0.1, 0.16, 0.23, 0.23, 0.26, 0.28, 0.29, 0.3, 0.3, -0.01, -0.01, -0.01, -0.01, -0.01, -0.01, -0.01, -0.01, 0.1, 0.07, 0.05, 0.1, 0.16, 0.21, 0.21, 0.24, 0.26, 0.27, 0.28, 0.28, -0.01, -0.01, -0.01, -0.01, -0.01, -0.01, -0.01, -0.01, 0.11, 0.1, 0.1, 0.13, 0.17, 0.21, 0.2, 0.23, 0.25, 0.26, 0.27, 0.27, -0.01, -0.01, -0.01, -0.01, -0.01, -0.01, -0.01, 0.14, 0.13, 0.13, 0.13, 0.15, 0.18, 0.21, 0.2, 0.22, 0.24, 0.25, 0.26, 0.26]}, {"header": {"refTime": "2023-09-04T23:00:00.000Z", "nx": 21, "ny": 33, "lo1": 113.509, "la1": 22.2235, "lo2": 113.5947, "la2": 22.1034, "dx": 0.0042850000000001385, "dy": 0.003753125000000024, "parameterCategory": 0, "parameterCategoryName": "Temperature", "parameterNumber": 0}, "data": [[29.69, 29.69, 29.69, 30.06, 30.03, 30.06, 30.01, 29.96, 29.95, 30.01, 30.11, 30.21, 30.43, 30.49, 30.48, 30.51, 31.02, 31.02, 31.02, 31.02], [29.69, 29.69, 29.69, 29.69, 30.04, 29.98, 29.97, 29.86, 29.8, 29.92, 30.1, 30.24, 30.47, 30.53, 30.52, 31.01, 31.02, 31.02, 31.02, 31.02], [29.69, 29.69, 29.69, 29.7, 30.06, 30.0, 29.91, 29.79, 29.5, 29.85, 30.13, 30.31, 30.55, 30.6, 31.01, 31.01, 31.01, 31.02, 31.02, 31.02], [29.69, 29.69, 29.7, 29.71, 29.71, 30.05, 29.98, 29.85, 29.74, 29.97, 30.23, 30.44, 30.67, 30.91, 31.0, 31.01, 31.01, 31.02, 31.02, 31.02], [29.68, 29.69, 29.7, 29.71, 29.73, 30.12, 30.09, 30.05, 30.03, 30.18, 30.36, 30.9, 30.9, 30.91, 31.0, 31.01, 31.02, 31.02, 31.02, 31.02], [29.68, 29.68, 29.69, 29.71, 29.74, 29.79, 30.21, 30.23, 30.25, 30.28, 30.87, 30.9, 30.92, 31.0, 31.02, 31.02, 31.01, 31.01, 31.02, 31.02], [29.77, 29.67, 29.68, 29.7, 29.74, 29.81, 30.22, 30.38, 30.42, 30.72, 30.75, 30.92, 31.07, 31.05, 31.03, 31.02, 31.01, 31.01, 30.98, 30.98], [29.74, 29.73, 29.73, 29.74, 29.77, 30.03, 30.17, 30.38, 30.63, 30.7, 30.67, 31.02, 31.02, 31.05, 31.07, 31.1, 31.05, 31.04, 31.06, 31.08], [29.96, 29.94, 29.67, 29.65, 29.64, 29.7, 29.88, 30.24, 30.6, 30.73, 30.83, 30.92, 30.96, 30.9, 31.08, 31.1, 31.08, 31.07, 31.07, 31.08], [29.1, 29.1, 29.1, 29.8, 29.7, 29.44, 29.62, 29.88, 30.6, 30.6, 30.96, 30.86, 30.9, 30.88, 31.08, 31.11, 31.1, 31.09, 31.09, 31.09], [29.1, 29.1, 29.1, 29.1, 29.1, 29.1, 29.1, 29.1, 29.63, 30.6, 30.6, 30.83, 30.86, 30.86, 31.08, 31.12, 31.11, 31.1, 31.1, 31.1], [29.1, 29.1, 29.1, 29.1, 29.1, 29.1, 29.1, 29.1, 29.1, -999.0, 30.6, 31.2, 31.2, 30.84, 31.08, 31.13, 31.12, 29.98, 30.0, 30.01], [29.1, 29.1, 29.1, 29.1, 29.1, 29.1, 29.1, 29.1, 29.1, 29.1, -999.0, 31.2, 31.2, 29.89, 30.47, 30.34, 30.36, 30.14, 30.17, 30.19], [29.1, 29.1, 29.1, 29.1, 29.1, 29.1, 29.1, 29.1, 29.1, 29.1, -999.0, 29.2, 29.2, 29.2, 30.3, 30.19, 30.22, 30.0, 30.05, 30.08], [29.1, 29.1, 29.1, 29.1, 29.1, 29.1, 29.1, 29.9, 29.9, 29.9, 29.9, 29.63, 29.2, 29.2, 29.2, 30.02, 30.08, 29.87, 29.93, 29.99], [29.1, 29.1, 29.6, 29.61, 29.63, 29.9, 29.9, 29.9, 29.9, 29.9, 29.46, 29.51, 29.44, 29.38, 29.45, 29.49, 29.54, 29.46, 29.88, 29.93], [29.61, 29.62, 29.38, 29.4, 29.9, 29.9, 29.9, 29.9, 29.9, 29.9, 29.6, 29.51, 29.42, 29.34, 29.37, 29.25, 29.27, 29.29, 29.29, 29.3], [29.39, 29.4, 29.41, 29.43, 29.9, 29.9, 29.9, 29.9, 29.9, 29.72, 29.63, 29.52, 29.41, 29.38, 29.23, 29.25, 29.28, 29.29, 29.3, 29.3], [29.4, 29.41, 29.43, 29.9, 29.9, 29.9, 29.9, 29.9, 29.84, 29.76, 29.74, 29.65, 29.54, 29.44, 29.25, 29.27, 29.29, 29.3, 29.31, 29.31], [29.41, 29.43, 30.01, 30.01, 30.0, 29.99, 29.97, 29.93, 29.86, 29.81, 29.75, 29.68, 29.59, 29.53, 29.29, 29.3, 29.32, 29.32, 29.32, 29.32], [30.02, 30.02, 30.02, 29.98, 29.98, 29.97, 29.97, 29.96, 29.84, 29.82, 29.77, 29.72, 29.64, 29.31, 29.32, 29.34, 29.35, 29.35, 29.34, 29.33], [29.99, 29.99, 29.99, 29.99, 29.99, 29.99, 29.98, 30.07, 29.85, 29.84, 29.81, 29.76, 29.75, 29.33, 29.35, 29.38, 29.4, 29.38, 29.35, 29.33], [30.0, 30.0, 30.0, 30.12, 30.12, 30.11, 30.11, 30.11, 30.11, 30.11, 30.12, 30.01, 29.65, 29.35, 29.37, 29.43, 29.49, 29.42, 29.34, 29.32], [30.14, 30.14, 30.14, 30.14, 30.14, 30.13, 30.13, 30.13, 30.13, 30.13, 30.14, 30.18, 29.66, 29.59, 29.54, 29.43, 29.7, 29.33, 29.29, 29.3], [30.15, 30.15, 30.15, 30.15, 30.15, 30.15, 30.15, 30.15, 30.14, 30.12, 30.15, 30.19, 30.18, 29.59, 29.52, 29.45, 29.24, 29.08, 29.23, 29.27], [30.16, 30.16, 30.16, 30.17, 30.17, 30.17, 30.17, 30.17, 30.15, 30.14, 30.19, 30.21, 30.21, 29.59, 29.51, 29.5, 29.38, 29.33, 29.24, 29.27], [30.17, 30.17, 30.17, 30.18, 30.18, 30.19, 30.2, 30.2, 30.2, 30.22, 30.25, 30.25, 30.24, 29.76, 29.65, 29.56, 29.48, 29.44, 29.45, 29.48], [30.18, 30.18, 30.18, 30.19, 30.2, 30.21, 30.22, 30.24, 30.26, 30.31, 30.33, 30.12, 29.99, 29.86, 29.71, 29.62, 29.56, 29.52, 29.51, 29.52], [30.18, 30.19, 30.19, 30.2, 30.21, 30.22, 30.24, 30.27, 30.31, 30.39, 30.4, 30.21, 30.05, 29.91, 29.77, 29.68, 29.62, 29.58, 29.57, 29.56], [30.19, 30.19, 30.2, 30.21, 30.22, 30.23, 30.25, 30.28, 30.18, 30.28, 30.33, 30.2, 30.06, 29.94, 29.81, 29.73, 29.67, 29.63, 29.61, 29.6], [30.19, 30.2, 30.21, 30.21, 30.23, 30.24, 30.26, 30.28, 30.15, 30.19, 30.2, 30.14, 30.05, 29.95, 29.83, 29.76, 29.71, 29.67, 29.65, 29.63], [30.2, 30.2, 30.21, 30.22, 30.23, 30.24, 30.26, 30.07, 30.1, 30.12, 30.12, 30.08, 30.01, 29.94, 29.84, 29.79, 29.74, 29.7, 29.68, 29.66]]}]