gis_exercise/awsData/contour/wdir_2023090211.json
[{"header": {"refTime": "2023-09-02T11:00:00.000Z", "nx": 21, "ny": 33, "lo1": 113.509, "la1": 22.2235, "lo2": 113.5947, "la2": 22.1034, "dx": 0.0042850000000001385, "dy": 0.003753125000000024, "parameterCategory": 2, "parameterCategoryName": "Temperature", "parameterNumber": 2}, "data": [-3.77, -3.75, -3.72, -4.05, -4.0, -4.77, -4.65, -4.55, -4.57, -5.05, -5.44, -5.82, -5.8, -5.95, -9.18, -9.54, -10.22, -10.39, -10.5, -10.58, -3.78, -3.76, -3.74, -3.7, -4.0, -3.91, -4.5, -4.24, -4.11, -4.73, -5.41, -5.97, -6.03, -6.17, -9.36, -10.09, -10.35, -10.55, -10.68, -10.75, -3.8, -3.79, -3.76, -3.73, -4.03, -3.93, -3.78, -3.99, -3.18, -4.47, -5.53, -6.29, -6.43, -6.5, -9.82, -10.18, -10.53, -10.79, -10.93, -10.97, -3.83, -3.81, -3.8, -3.77, -3.72, -4.01, -3.88, -3.68, -3.48, -4.89, -5.91, -6.84, -7.11, -7.46, -9.82, -10.34, -10.83, -11.15, -11.27, -11.25, -3.85, -3.85, -3.84, -3.82, -3.79, -4.12, -4.06, -4.0, -4.0, -5.54, -6.32, -7.64, -8.57, -7.65, -9.82, -10.59, -11.32, -11.73, -11.75, -11.59, -3.88, -3.88, -3.88, -3.88, -3.87, -3.86, -4.24, -4.27, -4.35, -4.49, -6.58, -7.13, -7.8, -8.58, -9.83, -10.97, -12.16, -12.66, -12.37, -11.94, -7.53, -3.92, -3.92, -3.93, -3.94, -3.96, -4.68, -4.42, -4.52, -4.99, -5.1, -6.13, -7.82, -8.28, -9.79, -11.36, -13.38, -14.12, -14.13, -13.72, -7.59, -7.46, -7.28, -7.22, -7.09, -4.63, -4.64, -4.61, -4.54, -5.05, -5.42, -6.16, -6.39, -8.33, -10.66, -12.02, -13.65, -14.25, -13.37, -12.77, -7.68, -7.54, -7.35, -7.09, -6.96, -6.9, -6.98, -4.64, -6.75, -4.94, -6.99, -7.66, -9.27, -8.49, -10.69, -11.65, -12.62, -13.05, -12.86, -12.54, -10.98, -10.74, -10.38, -7.14, -6.62, -6.42, -7.2, -8.02, -8.62, -8.33, -7.66, -8.66, -10.07, -8.95, -10.77, -11.35, -11.95, -12.3, -12.34, -12.23, -11.06, -10.83, -10.48, -9.85, -8.51, -4.61, -9.56, -12.15, -10.46, -10.02, -11.6, -8.42, -8.82, -8.64, -10.8, -11.17, -11.56, -11.84, -11.95, -11.95, -11.19, -11.03, -10.78, -10.39, -9.75, -9.44, -11.4, -13.72, -14.63, -15.23, -12.22, -11.27, -10.95, -8.35, -10.79, -11.06, -11.33, -13.24, -13.29, -13.31, -11.37, -11.29, -11.2, -11.16, -11.32, -12.16, -13.5, -14.08, -14.47, -13.78, -14.93, -11.59, -11.2, -9.5, -9.5, -12.77, -12.87, -12.97, -13.04, -13.09, -11.55, -11.55, -11.6, -11.77, -12.23, -13.28, -14.95, -14.01, -13.83, -13.58, -14.99, -13.32, -12.99, -12.74, -9.61, -12.5, -12.61, -12.71, -12.81, -12.89, -11.71, -11.77, -11.89, -12.13, -12.56, -13.2, -13.72, -12.15, -11.4, -10.76, -10.24, -8.51, -12.76, -12.49, -12.32, -12.2, -12.33, -12.47, -12.6, -12.71, -11.85, -11.93, -6.66, -6.95, -7.32, -10.65, -10.49, -9.92, -9.29, -8.92, -7.33, -7.79, -8.3, -8.03, -8.46, -10.9, -10.91, -10.92, -11.78, -11.86, -6.05, -6.12, -6.19, -6.24, -9.3, -8.89, -8.14, -7.14, -6.5, -6.64, -6.09, -7.13, -8.12, -9.03, -8.91, -9.66, -9.3, -9.01, -8.79, -8.64, -5.78, -5.76, -5.7, -5.54, -8.13, -7.25, -5.82, -3.87, -2.87, -3.19, -4.87, -6.51, -7.92, -8.75, -10.43, -9.78, -9.27, -8.93, -8.71, -8.55, -5.52, -5.42, -5.25, -7.95, -7.22, -6.04, -4.13, -1.0, 1.91, -1.59, -2.77, -4.63, -6.67, -8.21, -9.86, -9.5, -9.07, -8.77, -8.57, -8.43, -5.29, -5.13, -5.99, -5.58, -4.97, -4.04, -2.65, -0.69, 0.87, -0.98, -2.93, -4.53, -6.3, -7.45, -9.22, -9.02, -8.75, -8.53, -8.38, -8.27, -6.31, -6.11, -5.83, -5.45, -4.93, -4.22, -3.32, -2.39, -1.47, -2.35, -3.54, -4.65, -6.09, -8.81, -8.75, -8.6, -8.43, -8.27, -8.16, -8.09, -6.21, -6.02, -5.78, -5.47, -5.09, -4.64, -4.18, -1.96, -3.21, -3.72, -4.35, -4.97, -9.71, -8.5, -8.41, -8.3, -8.19, -8.04, -7.93, -7.9, -6.17, -6.0, -5.81, -2.79, -2.81, -2.87, -3.01, -3.27, -3.63, -3.89, -3.9, -5.3, -7.67, -8.26, -8.17, -8.14, -8.2, -7.87, -7.66, -7.69, -2.99, -3.02, -3.06, -3.13, -3.26, -3.47, -3.81, -4.35, -5.03, -5.38, -5.02, -7.77, -7.67, -7.59, -7.56, -7.94, -8.83, -7.23, -7.27, -7.48, -3.15, -3.21, -3.3, -3.42, -3.62, -3.91, -4.37, -5.08, -6.22, -7.14, -5.9, -7.64, -7.73, -7.55, -7.45, -7.32, -6.86, -6.07, -6.98, -7.34, -3.29, -3.37, -3.48, -3.64, -3.86, -4.18, -4.63, -5.29, -6.29, -7.05, -7.55, -7.4, -7.49, -7.51, -7.37, -6.57, -6.42, -6.28, -7.08, -7.33, -3.4, -3.5, -3.63, -3.79, -4.01, -4.3, -4.66, -5.1, -5.56, -5.7, -6.98, -6.97, -7.16, -6.12, -6.3, -6.4, -6.4, -6.37, -6.39, -6.42, -3.5, -3.6, -3.73, -3.89, -4.08, -4.32, -4.58, -4.84, -5.0, -6.32, -6.11, -5.52, -5.54, -5.48, -6.14, -6.27, -6.32, -6.35, -6.37, -6.39, -3.57, -3.67, -3.79, -3.94, -4.1, -4.29, -4.48, -4.63, -4.69, -5.56, -4.71, -5.17, -5.37, -5.41, -6.01, -6.15, -6.24, -6.29, -6.32, -6.34, -3.62, -3.71, -3.83, -3.96, -4.1, -4.25, -4.38, -4.49, -5.42, -5.07, -4.85, -5.11, -5.3, -5.36, -5.92, -6.07, -6.17, -6.23, -6.27, -6.3, -3.65, -3.74, -3.84, -3.96, -4.08, -4.19, -4.3, -4.38, -5.42, -5.24, -5.15, -5.21, -5.31, -5.36, -5.87, -6.01, -6.11, -6.17, -6.22, -6.26, -3.67, -3.76, -3.85, -3.94, -4.04, -4.14, -4.23, -5.56, -5.46, -5.35, -5.3, -5.31, -5.34, -5.37, -5.85, -5.97, -6.06, -6.13, -6.18, -6.22]}, {"header": {"refTime": "2023-09-02T11:00:00.000Z", "nx": 21, "ny": 33, "lo1": 113.509, "la1": 22.2235, "lo2": 113.5947, "la2": 22.1034, "dx": 0.0042850000000001385, "dy": 0.003753125000000024, "parameterCategory": 2, "parameterCategoryName": "Temperature", "parameterNumber": 3}, "data": [-0.1, -0.09, -0.07, 0.61, 0.6, -0.66, -0.61, -0.57, -0.59, -0.34, -0.5, -0.67, -1.03, -1.09, -1.32, -1.27, -1.02, -0.95, -0.9, -0.86, -0.11, -0.1, -0.08, -0.06, 0.59, 0.57, -0.53, -0.41, -0.36, -0.25, -0.52, -0.77, -1.17, -1.22, -1.42, -1.12, -1.01, -0.92, -0.86, -0.82, -0.12, -0.11, -0.1, -0.07, 0.59, 0.57, 0.52, -0.28, 0.11, -0.18, -0.58, -0.96, -1.41, -1.42, -1.32, -1.13, -0.98, -0.87, -0.81, -0.77, -0.14, -0.13, -0.11, -0.09, -0.07, 0.58, 0.54, 0.49, 0.44, -0.25, -0.71, -1.3, -1.84, -1.34, -1.37, -1.09, -0.9, -0.79, -0.73, -0.71, -0.15, -0.15, -0.14, -0.12, -0.09, 0.59, 0.57, 0.57, 0.6, -0.29, -0.75, -1.5, -2.57, -1.57, -1.34, -0.99, -0.77, -0.66, -0.63, -0.64, -0.17, -0.17, -0.16, -0.15, -0.13, -0.1, 0.58, 0.59, 0.67, 0.83, -0.16, -0.93, -1.74, -1.39, -1.14, -0.81, -0.57, -0.47, -0.5, -0.56, 0.6, -0.2, -0.2, -0.19, -0.18, -0.15, 0.33, 0.51, 0.58, 1.08, 1.31, 0.12, -0.52, -0.64, -0.84, -0.62, -0.33, -0.22, -0.4, -0.51, 0.61, 0.56, 0.51, 0.41, 0.38, 0.19, 0.25, 0.26, 0.28, 1.14, 1.68, 1.18, 1.07, -0.08, 0.61, 0.45, 0.25, 0.17, 0.28, 0.36, 0.62, 0.58, 0.51, 0.43, 0.31, 0.31, 0.39, 0.27, 1.0, 1.03, 1.39, 1.15, 1.01, 1.08, 0.65, 0.51, 0.38, 0.32, 0.35, 0.39, 1.43, 1.35, 1.24, 0.41, 0.23, 0.09, 0.37, 0.67, 1.48, 1.55, 1.26, 1.12, 1.01, 1.07, 0.66, 0.56, 0.47, 0.42, 0.42, 0.43, 1.45, 1.38, 1.27, 1.07, 0.66, -0.56, 0.97, 1.74, 1.32, 1.82, 1.84, 1.16, 1.11, 1.11, 0.66, 0.59, 0.53, 0.49, 0.47, 0.47, 1.5, 1.45, 1.37, 1.25, 1.05, 0.95, 1.55, 2.2, 2.45, 2.47, 1.97, 1.49, 1.38, 1.15, 0.66, 0.61, 0.56, 0.07, 0.05, 0.04, 1.55, 1.53, 1.51, 1.5, 1.55, 1.83, 2.26, 2.36, 2.43, 2.24, 2.33, 1.61, 1.49, 0.41, 0.37, 0.06, 0.04, 0.02, 0.01, 0.01, 1.61, 1.61, 1.63, 1.69, 1.85, 2.2, 2.79, 2.4, 2.29, 2.2, 2.39, 1.15, 0.94, 0.78, 0.22, -0.04, -0.04, -0.04, -0.04, -0.03, 1.66, 1.68, 1.72, 1.8, 1.95, 2.16, 2.33, 1.94, 1.7, 1.51, 1.36, 0.02, 0.76, 0.58, 0.47, -0.16, -0.14, -0.11, -0.09, -0.07, 1.71, 1.73, 0.32, 0.41, 0.53, 1.52, 1.47, 1.3, 1.12, 1.0, -0.19, -0.25, -0.32, -0.78, -0.75, 0.76, 1.01, 1.26, 1.24, 1.37, 0.14, 0.17, 0.19, 0.22, 1.13, 1.02, 0.8, 0.52, 0.34, 0.37, -0.54, -0.48, -0.49, -0.55, -0.22, 0.17, 0.5, 0.75, 0.92, 1.03, 0.07, 0.07, 0.06, 0.02, 0.8, 0.55, 0.15, -0.4, -0.68, -1.02, -0.78, -0.67, -0.61, -0.27, -0.66, 0.08, 0.54, 0.83, 1.01, 1.11, 0.0, -0.02, -0.06, 0.74, 0.54, 0.21, -0.32, -1.2, -2.11, -1.39, -1.7, -1.48, -0.03, -0.04, 0.02, 0.36, 0.75, 1.01, 1.15, 1.23, -0.06, -0.1, -0.27, -0.37, -0.52, -0.75, -1.08, -1.54, -2.14, -1.92, -1.68, -1.49, 0.2, 0.37, 0.65, 0.86, 1.11, 1.28, 1.35, 1.36, -0.24, -0.29, -0.37, -0.47, -0.61, -0.79, -1.01, -1.24, -1.86, -1.75, -1.61, -1.48, 0.51, 1.04, 1.16, 1.36, 1.54, 1.6, 1.56, 1.5, -0.3, -0.36, -0.43, -0.53, -0.65, -0.78, -0.92, -1.29, -1.65, -1.59, -1.51, -1.44, 1.25, 1.36, 1.57, 1.84, 2.03, 1.96, 1.76, 1.61, -0.35, -0.41, -0.48, -0.96, -0.99, -1.02, -1.05, -1.06, -1.04, -1.0, -0.94, 0.35, 1.13, 1.58, 1.85, 2.27, 2.75, 2.33, 1.84, 1.64, -0.83, -0.84, -0.85, -0.86, -0.88, -0.89, -0.89, -0.89, -0.89, -0.87, -0.82, 1.26, 1.03, 1.44, 1.86, 2.39, 4.08, 1.94, 1.62, 1.57, -0.77, -0.77, -0.77, -0.77, -0.77, -0.76, -0.76, -0.77, -0.83, -0.9, -0.74, 1.09, 1.73, 1.33, 1.67, 1.91, 1.47, 0.58, 1.33, 1.47, -0.72, -0.71, -0.7, -0.69, -0.67, -0.64, -0.63, -0.63, -0.71, -0.8, 0.41, 1.07, 1.64, 1.21, 1.47, 1.93, 1.62, 1.41, 1.33, 1.43, -0.67, -0.65, -0.63, -0.6, -0.57, -0.53, -0.48, -0.44, -0.41, -0.34, 0.82, 1.2, 1.61, 1.9, 1.91, 1.85, 1.74, 1.66, 1.69, 1.76, -0.62, -0.6, -0.57, -0.53, -0.48, -0.42, -0.34, -0.23, -0.06, 1.02, 1.18, 0.28, 0.06, -0.13, 1.85, 1.83, 1.79, 1.75, 1.76, 1.79, -0.58, -0.55, -0.51, -0.46, -0.4, -0.32, -0.21, -0.05, 0.22, 1.28, 1.1, 0.58, 0.23, -0.01, 1.82, 1.82, 1.81, 1.8, 1.8, 1.81, -0.54, -0.51, -0.46, -0.41, -0.34, -0.25, -0.13, 0.04, 0.42, 0.74, 0.94, 0.61, 0.29, 0.06, 1.8, 1.81, 1.81, 1.81, 1.82, 1.83, -0.51, -0.47, -0.43, -0.37, -0.3, -0.21, -0.1, 0.06, 0.37, 0.53, 0.58, 0.45, 0.26, 0.07, 1.79, 1.81, 1.82, 1.82, 1.83, 1.84, -0.48, -0.45, -0.4, -0.35, -0.28, -0.2, -0.1, 0.19, 0.28, 0.36, 0.38, 0.31, 0.19, 0.06, 1.79, 1.81, 1.82, 1.83, 1.83, 1.84]}, {"header": {"refTime": "2023-09-02T11:00:00.000Z", "nx": 21, "ny": 33, "lo1": 113.509, "la1": 22.2235, "lo2": 113.5947, "la2": 22.1034, "dx": 0.0042850000000001385, "dy": 0.003753125000000024, "parameterCategory": 0, "parameterCategoryName": "Temperature", "parameterNumber": 0}, "data": [[26.13, 26.12, 26.12, 25.86, 25.87, 26.12, 26.12, 26.12, 26.13, 26.04, 26.04, 26.05, 26.27, 26.28, 26.25, 26.25, 26.3, 26.3, 26.29, 26.29], [26.13, 26.13, 26.12, 26.12, 25.87, 25.89, 26.11, 26.12, 26.12, 26.05, 26.05, 26.06, 26.28, 26.29, 26.26, 26.31, 26.3, 26.29, 26.29, 26.29], [26.13, 26.13, 26.12, 26.12, 25.87, 25.89, 25.92, 26.11, 26.1, 26.05, 26.05, 26.08, 26.29, 26.3, 26.32, 26.31, 26.3, 26.29, 26.29, 26.28], [26.14, 26.13, 26.13, 26.12, 26.11, 25.87, 25.9, 25.94, 25.98, 26.03, 26.05, 26.11, 26.32, 26.18, 26.32, 26.3, 26.29, 26.28, 26.28, 26.28], [26.14, 26.14, 26.13, 26.13, 26.11, 25.85, 25.87, 25.88, 25.87, 25.98, 26.02, 26.18, 26.31, 26.21, 26.32, 26.3, 26.28, 26.27, 26.27, 26.27], [26.15, 26.14, 26.14, 26.13, 26.12, 26.1, 25.84, 25.83, 25.81, 25.76, 25.99, 26.12, 26.23, 26.37, 26.31, 26.29, 26.26, 26.25, 26.26, 26.26], [26.18, 26.15, 26.15, 26.15, 26.13, 26.11, 25.9, 25.82, 25.79, 25.75, 25.73, 26.03, 26.34, 26.35, 26.3, 26.27, 26.24, 26.23, 26.24, 26.25], [26.19, 26.19, 26.19, 26.19, 26.18, 25.98, 25.93, 25.88, 25.87, 25.71, 25.55, 26.02, 26.03, 26.35, 26.24, 26.25, 26.23, 26.22, 26.23, 26.24], [26.11, 26.12, 26.21, 26.22, 26.22, 26.2, 26.14, 25.91, 25.74, 25.77, 25.75, 25.88, 25.94, 25.86, 26.24, 26.25, 26.24, 26.23, 26.24, 26.24], [26.4, 26.4, 26.4, 26.17, 26.2, 26.29, 26.23, 26.14, 25.62, 25.64, 25.95, 25.8, 25.84, 25.82, 26.24, 26.26, 26.25, 26.24, 26.24, 26.25], [26.4, 26.4, 26.4, 26.4, 26.4, 26.4, 26.4, 26.4, 26.22, 25.73, 25.4, 25.74, 25.78, 25.79, 26.24, 26.26, 26.25, 26.25, 26.25, 26.25], [26.4, 26.4, 26.4, 26.4, 26.4, 26.4, 26.4, 26.4, 26.4, -999.0, 25.4, 26.3, 26.3, 25.76, 26.24, 26.26, 26.26, 25.57, 25.59, 25.59], [26.4, 26.4, 26.4, 26.4, 26.4, 26.4, 26.4, 26.4, 26.4, 26.4, -999.0, 26.3, 26.3, 25.52, 25.86, 25.8, 25.81, 25.67, 25.69, 25.7], [26.4, 26.4, 26.4, 26.4, 26.4, 26.4, 26.4, 26.4, 26.4, 26.4, -999.0, 25.1, 25.1, 25.1, 25.76, 25.71, 25.73, 25.59, 25.62, 25.64], [26.4, 26.4, 26.4, 26.4, 26.4, 26.4, 26.4, 26.1, 26.1, 26.1, 26.1, 25.72, 25.1, 25.1, 25.1, 25.6, 25.64, 25.51, 25.55, 25.58], [26.4, 26.4, 26.21, 26.21, 26.2, 26.1, 26.1, 26.1, 26.1, 26.1, 25.47, 25.54, 25.45, 25.36, 25.46, 25.39, 25.44, 25.36, 25.6, 25.64], [26.21, 26.21, 26.29, 26.29, 26.1, 26.1, 26.1, 26.1, 26.1, 26.1, 25.67, 25.55, 25.42, 25.3, 25.31, 25.31, 25.38, 25.44, 25.48, 25.51], [26.29, 26.29, 26.28, 26.28, 26.1, 26.1, 26.1, 26.1, 26.1, 25.85, 25.71, 25.56, 25.41, 25.32, 25.13, 25.29, 25.39, 25.46, 25.5, 25.53], [26.29, 26.28, 26.28, 26.1, 26.1, 26.1, 26.1, 26.1, 26.01, 25.91, 25.81, 25.69, 25.52, 25.39, 25.27, 25.35, 25.43, 25.5, 25.53, 25.55], [26.28, 26.28, 26.1, 26.1, 26.1, 26.1, 26.1, 26.1, 26.01, 25.93, 25.83, 25.73, 25.58, 25.5, 25.41, 25.45, 25.51, 25.55, 25.57, 25.59], [26.1, 26.1, 26.1, 26.1, 26.1, 26.1, 26.1, 26.1, 25.94, 25.9, 25.84, 25.76, 25.63, 25.49, 25.51, 25.55, 25.59, 25.61, 25.62, 25.62], [26.1, 26.1, 26.1, 26.1, 26.1, 26.1, 26.1, 26.1, 25.93, 25.9, 25.86, 25.8, 25.68, 25.56, 25.59, 25.64, 25.67, 25.68, 25.67, 25.65], [26.1, 26.1, 26.1, 26.1, 26.1, 26.1, 26.1, 26.1, 26.1, 26.1, 26.1, 26.05, 25.91, 25.61, 25.65, 25.7, 25.75, 25.74, 25.7, 25.68], [26.1, 26.1, 26.1, 26.1, 26.1, 26.1, 26.1, 26.1, 26.1, 26.1, 26.1, 26.05, 25.92, 25.89, 25.86, 25.74, 25.83, 25.76, 25.72, 25.69], [26.1, 26.1, 26.1, 26.1, 26.1, 26.1, 26.1, 26.1, 26.1, 26.1, 26.1, 26.06, 26.04, 25.89, 25.86, 25.84, 25.75, 25.73, 25.72, 25.7], [26.1, 26.1, 26.1, 26.1, 26.1, 26.1, 26.1, 26.1, 26.1, 26.1, 26.08, 26.06, 26.05, 25.89, 25.87, 25.84, 25.82, 25.81, 25.71, 25.69], [26.1, 26.1, 26.1, 26.1, 26.1, 26.1, 26.1, 26.1, 26.1, 26.1, 26.07, 26.06, 26.05, 25.91, 25.88, 25.86, 25.84, 25.83, 25.83, 25.84], [26.1, 26.1, 26.1, 26.1, 26.1, 26.1, 26.1, 26.1, 26.1, 26.08, 26.08, 26.04, 26.01, 25.98, 25.9, 25.87, 25.86, 25.85, 25.85, 25.85], [26.1, 26.1, 26.1, 26.1, 26.1, 26.1, 26.1, 26.1, 26.1, 26.09, 26.08, 26.05, 26.02, 25.99, 25.91, 25.89, 25.87, 25.87, 25.86, 25.86], [26.1, 26.1, 26.1, 26.1, 26.1, 26.1, 26.1, 26.1, 26.05, 26.07, 26.07, 26.05, 26.02, 26.0, 25.92, 25.9, 25.89, 25.88, 25.87, 25.87], [26.1, 26.1, 26.1, 26.1, 26.1, 26.1, 26.1, 26.1, 26.05, 26.05, 26.05, 26.04, 26.02, 26.0, 25.93, 25.91, 25.9, 25.89, 25.88, 25.88], [26.1, 26.1, 26.1, 26.1, 26.1, 26.1, 26.1, 26.03, 26.04, 26.04, 26.04, 26.03, 26.01, 26.0, 25.93, 25.92, 25.9, 25.89, 25.89, 25.88]]}]