gis_exercise/awsData/contour/wdir_2023083100.json
[{"header": {"refTime": "2023-08-31T00:00:00.000Z", "nx": 21, "ny": 33, "lo1": 113.509, "la1": 22.2235, "lo2": 113.5947, "la2": 22.1034, "dx": 0.0042850000000001385, "dy": 0.003753125000000024, "parameterCategory": 2, "parameterCategoryName": "Temperature", "parameterNumber": 2}, "data": [-0.07, -0.07, -0.08, 0.47, 0.44, 0.16, 0.13, 0.11, 0.12, 0.57, 0.68, 0.79, 0.62, 0.66, 0.36, 0.34, 0.67, 0.64, 0.62, 0.6, -0.07, -0.07, -0.07, -0.08, 0.43, 0.38, 0.1, 0.05, 0.03, 0.45, 0.66, 0.81, 0.66, 0.71, 0.39, 0.7, 0.65, 0.61, 0.59, 0.58, -0.06, -0.07, -0.07, -0.07, 0.44, 0.39, 0.3, 0.0, -0.16, 0.36, 0.69, 0.87, 0.73, 0.77, 0.75, 0.68, 0.62, 0.58, 0.55, 0.54, -0.06, -0.06, -0.06, -0.07, -0.07, 0.42, 0.35, 0.24, 0.14, 0.54, 0.81, 0.97, 0.84, 1.3, 0.76, 0.66, 0.58, 0.52, 0.5, 0.5, -0.05, -0.06, -0.06, -0.06, -0.06, 0.47, 0.44, 0.41, 0.44, 0.85, 1.0, 1.3, 1.18, 1.27, 0.76, 0.62, 0.5, 0.44, 0.43, 0.45, -0.05, -0.05, -0.05, -0.05, -0.05, -0.05, 0.5, 0.52, 0.61, 0.8, 1.49, 1.36, 1.25, 1.07, 0.73, 0.55, 0.38, 0.3, 0.34, 0.4, -0.38, -0.04, -0.04, -0.04, -0.04, -0.03, 0.57, 0.5, 0.59, 1.22, 1.47, 1.44, 1.07, 1.06, 0.69, 0.48, 0.2, 0.1, 0.24, 0.34, -0.38, -0.37, -0.35, -0.01, -0.0, 0.5, 0.51, 0.42, 0.35, 1.28, 1.85, 1.33, 1.22, 1.05, 0.67, 0.46, 0.2, 0.11, 0.25, 0.34, -0.4, -0.38, -0.36, -0.33, -0.01, -0.0, 0.0, 0.5, 0.58, 1.16, 1.54, 1.29, 1.14, 1.21, 0.71, 0.54, 0.37, 0.3, 0.33, 0.38, -0.45, -0.43, -0.41, -0.33, -0.27, -0.01, -0.01, -0.01, 0.59, 0.76, 1.41, 1.26, 1.13, 1.21, 0.73, 0.6, 0.49, 0.43, 0.42, 0.43, -0.46, -0.45, -0.43, -0.38, -0.29, -0.02, -0.3, -0.36, -0.04, 0.57, 0.98, 1.3, 1.24, 1.25, 0.73, 0.64, 0.56, 0.51, 0.49, 0.48, -0.48, -0.47, -0.46, -0.44, -0.4, -0.37, -0.45, -0.35, -0.27, -0.16, 0.83, 0.68, 0.74, 1.29, 0.72, 0.66, 0.6, 0.33, 0.31, 0.3, -0.5, -0.5, -0.5, -0.52, -0.55, -0.67, -0.8, -0.52, -0.36, -0.42, -0.13, 0.62, 0.68, 0.79, 0.77, 0.4, 0.37, 0.34, 0.33, 0.31, -0.52, -0.53, -0.54, -0.58, -0.65, -0.83, -1.19, -0.75, -0.54, -0.49, -0.21, 0.35, 0.39, 0.4, 0.7, 0.38, 0.36, 0.35, 0.33, 0.32, -0.53, -0.54, -0.57, -0.61, -0.67, -0.77, -0.84, -0.59, -0.42, -0.32, -0.27, 0.26, 0.35, 0.36, 0.36, 0.36, 0.35, 0.34, 0.33, 0.33, -0.54, -0.56, -0.35, -0.39, -0.43, -0.49, -0.47, -0.38, -0.28, -0.21, 0.31, 0.3, 0.29, 0.49, 0.47, 0.53, 0.57, 0.61, 0.36, 0.37, -0.29, -0.29, -0.3, -0.31, -0.34, -0.31, -0.24, -0.14, -0.06, -0.05, 0.36, 0.33, 0.3, 0.28, 0.39, 0.01, -0.08, -0.15, -0.2, -0.24, -0.26, -0.26, -0.25, -0.24, -0.23, -0.15, -0.03, 0.13, 0.22, 0.21, 0.13, 0.35, 0.31, 0.39, 0.26, 0.04, -0.08, -0.16, -0.22, -0.26, -0.23, -0.22, -0.2, -0.2, -0.14, -0.04, 0.11, 0.37, 0.6, 0.34, 0.53, 0.47, 0.52, 0.44, 0.06, -0.03, -0.12, -0.2, -0.25, -0.29, -0.21, -0.19, -0.04, -0.01, 0.05, 0.13, 0.25, 0.41, 0.65, 0.59, 0.53, 0.48, 0.56, 0.52, -0.08, -0.13, -0.19, -0.24, -0.29, -0.32, -0.05, -0.03, 0.0, 0.04, 0.09, 0.16, 0.24, 0.32, 0.58, 0.56, 0.52, 0.48, 0.61, -0.18, -0.18, -0.2, -0.24, -0.29, -0.34, -0.37, -0.02, 0.0, 0.03, 0.07, 0.12, 0.17, 0.23, 0.2, 0.54, 0.52, 0.5, 0.48, 0.56, -0.24, -0.24, -0.24, -0.25, -0.32, -0.39, -0.43, 0.01, 0.03, 0.06, 0.01, 0.04, 0.06, 0.09, 0.12, 0.13, 0.12, 0.08, 0.68, -0.17, -0.3, -0.29, -0.24, -0.14, -0.32, -0.48, -0.5, -0.08, -0.07, -0.05, -0.04, -0.02, 0.0, 0.03, 0.07, 0.11, 0.12, 0.06, 0.05, -0.16, -0.25, -0.31, -0.29, 0.3, -0.62, -0.66, -0.59, -0.11, -0.1, -0.1, -0.09, -0.08, -0.06, -0.03, 0.02, 0.15, 0.26, 0.05, -0.01, 0.01, -0.27, -0.37, -0.47, -0.84, -1.27, -0.81, -0.66, -0.14, -0.14, -0.14, -0.14, -0.14, -0.13, -0.12, -0.07, 0.06, 0.18, -0.02, -0.13, -0.11, -0.28, -0.4, -0.86, -0.97, -1.05, -0.77, -0.67, -0.17, -0.18, -0.18, -0.19, -0.2, -0.22, -0.22, -0.22, -0.22, -0.26, -0.34, -0.36, -0.27, -1.02, -0.95, -0.93, -0.95, -0.98, -0.97, -0.94, -0.2, -0.21, -0.22, -0.24, -0.27, -0.3, -0.34, -0.41, -0.52, -0.68, -0.8, -1.15, -1.17, -1.24, -1.02, -0.98, -0.97, -0.97, -0.96, -0.95, -0.23, -0.24, -0.26, -0.29, -0.32, -0.37, -0.44, -0.56, -0.75, -1.08, -1.53, -1.32, -1.25, -1.27, -1.07, -1.02, -0.99, -0.98, -0.97, -0.96, -0.25, -0.27, -0.3, -0.33, -0.37, -0.43, -0.51, -0.64, -1.19, -1.36, -1.47, -1.36, -1.29, -1.28, -1.1, -1.05, -1.02, -1.0, -0.98, -0.97, -0.27, -0.29, -0.32, -0.36, -0.4, -0.46, -0.54, -0.65, -1.2, -1.29, -1.33, -1.31, -1.29, -1.29, -1.12, -1.07, -1.04, -1.01, -1.0, -0.98, -0.29, -0.31, -0.34, -0.38, -0.42, -0.48, -0.55, -1.14, -1.19, -1.24, -1.27, -1.28, -1.27, -1.28, -1.13, -1.08, -1.05, -1.03, -1.01, -0.99]}, {"header": {"refTime": "2023-08-31T00:00:00.000Z", "nx": 21, "ny": 33, "lo1": 113.509, "la1": 22.2235, "lo2": 113.5947, "la2": 22.1034, "dx": 0.0042850000000001385, "dy": 0.003753125000000024, "parameterCategory": 2, "parameterCategoryName": "Temperature", "parameterNumber": 3}, "data": [-3.07, -3.05, -3.03, -2.68, -2.67, -2.07, -2.08, -2.09, -2.06, -1.91, -1.79, -1.67, -1.99, -1.97, -2.56, -2.74, -3.41, -3.55, -3.65, -3.72, -3.08, -3.07, -3.04, -3.01, -2.67, -2.66, -2.13, -2.17, -2.18, -2.0, -1.79, -1.6, -1.89, -1.88, -2.5, -3.24, -3.46, -3.63, -3.74, -3.81, -3.1, -3.08, -3.06, -3.03, -2.68, -2.66, -2.64, -2.24, -2.42, -2.07, -1.75, -1.48, -1.72, -1.74, -2.92, -3.26, -3.55, -3.76, -3.88, -3.94, -3.12, -3.11, -3.09, -3.06, -3.02, -2.68, -2.66, -2.62, -2.58, -1.97, -1.64, -1.27, -1.39, -1.58, -2.85, -3.35, -3.73, -3.97, -4.07, -4.09, -3.15, -3.14, -3.12, -3.1, -3.06, -2.71, -2.7, -2.68, -2.67, -1.85, -1.55, -1.42, -0.69, -1.43, -2.89, -3.55, -4.04, -4.29, -4.34, -4.28, -3.18, -3.17, -3.17, -3.15, -3.12, -3.08, -2.74, -2.75, -2.74, -2.72, -2.23, -1.83, -1.32, -2.58, -3.16, -3.88, -4.53, -4.79, -4.67, -4.48, -4.08, -3.21, -3.22, -3.21, -3.19, -3.16, -3.13, -2.82, -2.82, -3.1, -3.15, -2.66, -3.51, -3.51, -3.53, -4.24, -5.17, -5.52, -5.35, -5.12, -4.1, -4.08, -4.05, -3.96, -3.92, -3.26, -3.17, -3.07, -3.04, -3.04, -2.87, -4.4, -4.7, -4.3, -5.82, -5.93, -6.06, -6.1, -6.03, -5.99, -4.13, -4.11, -4.09, -4.05, -3.96, -3.93, -3.85, -3.14, -3.3, -3.14, -4.22, -4.91, -5.69, -5.32, -5.89, -5.94, -5.99, -6.02, -6.0, -5.98, -4.78, -4.75, -4.7, -4.1, -4.06, -3.98, -4.01, -4.02, -3.66, -3.55, -4.68, -5.27, -5.94, -5.46, -5.95, -5.94, -5.96, -5.97, -5.97, -5.96, -4.79, -4.77, -4.72, -4.64, -4.46, -3.95, -4.58, -4.9, -4.4, -3.93, -5.11, -5.13, -5.35, -5.29, -5.96, -5.94, -5.95, -5.95, -5.95, -5.94, -4.81, -4.79, -4.76, -4.71, -4.63, -4.59, -4.83, -5.08, -5.16, -5.7, -5.15, -5.7, -5.77, -5.13, -5.95, -5.94, -5.93, -5.99, -5.97, -5.96, -4.84, -4.83, -4.82, -4.82, -4.85, -4.97, -5.15, -5.16, -5.17, -5.1, -5.83, -5.64, -5.69, -5.48, -5.44, -5.93, -5.9, -5.89, -5.89, -5.89, -4.86, -4.87, -4.88, -4.9, -4.97, -5.13, -5.41, -5.2, -5.13, -5.09, -5.8, -5.62, -5.62, -5.59, -5.31, -5.76, -5.76, -5.78, -5.8, -5.82, -4.89, -4.9, -4.91, -4.95, -5.02, -5.11, -5.19, -4.93, -4.79, -4.69, -4.62, -4.3, -5.46, -5.41, -5.37, -5.56, -5.6, -5.66, -5.7, -5.74, -4.9, -4.92, -4.22, -4.27, -4.32, -4.72, -4.69, -4.6, -4.5, -4.44, -4.14, -4.2, -4.27, -4.67, -4.7, -5.28, -5.37, -5.45, -5.34, -5.4, -4.13, -4.14, -4.15, -4.16, -4.52, -4.46, -4.35, -4.21, -4.11, -4.13, -3.98, -4.12, -4.25, -4.37, -4.5, -5.02, -5.17, -5.29, -5.38, -5.44, -4.09, -4.09, -4.08, -4.06, -4.35, -4.23, -4.02, -3.75, -3.6, -3.65, -3.88, -4.04, -4.22, -4.48, -4.58, -4.97, -5.19, -5.33, -5.42, -5.48, -4.06, -4.04, -4.01, -4.32, -4.22, -4.05, -3.78, -3.34, -2.93, -3.43, -3.52, -3.77, -4.3, -4.46, -4.94, -5.1, -5.28, -5.4, -5.48, -5.53, -4.02, -4.0, -4.03, -3.98, -3.89, -3.76, -3.56, -3.29, -3.05, -3.29, -3.54, -3.75, -4.3, -4.46, -5.22, -5.31, -5.42, -5.51, -5.57, -5.6, -4.07, -4.04, -4.0, -3.95, -3.87, -3.77, -3.64, -3.51, -3.34, -3.46, -3.61, -3.76, -4.34, -5.4, -5.43, -5.5, -5.58, -5.63, -5.66, -5.67, -4.05, -4.02, -3.99, -3.94, -3.88, -3.82, -3.75, -2.89, -3.56, -3.63, -3.71, -3.8, -4.85, -5.53, -5.59, -5.66, -5.73, -5.76, -5.76, -5.74, -4.04, -4.01, -3.98, -2.77, -2.81, -2.86, -2.92, -2.99, -3.06, -3.08, -3.03, -4.17, -5.35, -5.63, -5.7, -5.78, -5.84, -5.86, -5.84, -5.8, -2.7, -2.71, -2.74, -2.77, -2.81, -2.87, -2.96, -3.09, -3.25, -3.32, -3.18, -3.75, -5.31, -5.51, -5.68, -5.85, -5.87, -5.98, -5.92, -5.85, -2.68, -2.7, -2.72, -2.75, -2.79, -2.86, -2.96, -3.15, -3.48, -3.76, -3.31, -3.64, -3.73, -5.49, -5.67, -5.83, -6.01, -6.08, -5.95, -5.87, -2.66, -2.68, -2.69, -2.72, -2.75, -2.81, -2.9, -3.07, -3.38, -3.65, -3.54, -3.43, -3.52, -5.46, -5.64, -5.27, -5.54, -5.62, -5.92, -5.87, -2.64, -2.65, -2.66, -2.67, -2.69, -2.72, -2.77, -2.84, -2.92, -2.88, -3.07, -3.07, -3.24, -4.2, -4.64, -4.99, -5.23, -5.33, -5.31, -5.25, -2.62, -2.62, -2.62, -2.62, -2.62, -2.62, -2.61, -2.56, -2.44, -2.51, -2.33, -2.64, -3.04, -3.43, -4.35, -4.71, -4.94, -5.07, -5.11, -5.09, -2.6, -2.59, -2.58, -2.57, -2.56, -2.52, -2.46, -2.34, -2.1, -1.87, -1.36, -2.18, -2.78, -3.22, -4.1, -4.45, -4.7, -4.84, -4.92, -4.94, -2.57, -2.56, -2.55, -2.53, -2.5, -2.45, -2.36, -2.22, -2.4, -1.92, -1.62, -2.16, -2.69, -3.1, -3.92, -4.26, -4.49, -4.65, -4.75, -4.8, -2.55, -2.54, -2.52, -2.49, -2.45, -2.39, -2.31, -2.18, -2.5, -2.26, -2.19, -2.41, -2.75, -3.08, -3.82, -4.12, -4.34, -4.5, -4.61, -4.67, -2.53, -2.52, -2.49, -2.46, -2.42, -2.37, -2.29, -2.8, -2.65, -2.54, -2.53, -2.65, -2.87, -3.1, -3.78, -4.03, -4.23, -4.38, -4.49, -4.57]}, {"header": {"refTime": "2023-08-31T00:00:00.000Z", "nx": 21, "ny": 33, "lo1": 113.509, "la1": 22.2235, "lo2": 113.5947, "la2": 22.1034, "dx": 0.0042850000000001385, "dy": 0.003753125000000024, "parameterCategory": 0, "parameterCategoryName": "Temperature", "parameterNumber": 0}, "data": [[28.35, 28.35, 28.34, 28.1, 28.11, 28.36, 28.36, 28.35, 28.35, 28.25, 28.28, 28.3, 28.51, 28.53, 28.51, 28.5, 28.58, 28.57, 28.56, 28.56], [28.35, 28.35, 28.34, 28.33, 28.11, 28.11, 28.34, 28.32, 28.31, 28.25, 28.28, 28.32, 28.53, 28.55, 28.52, 28.59, 28.57, 28.56, 28.56, 28.55], [28.36, 28.35, 28.35, 28.34, 28.11, 28.11, 28.13, 28.3, 28.23, 28.24, 28.29, 28.35, 28.57, 28.58, 28.61, 28.59, 28.57, 28.55, 28.55, 28.54], [28.37, 28.36, 28.35, 28.35, 28.33, 28.11, 28.12, 28.13, 28.15, 28.24, 28.31, 28.41, 28.63, 28.51, 28.61, 28.58, 28.56, 28.54, 28.53, 28.53], [28.37, 28.37, 28.36, 28.36, 28.35, 28.11, 28.11, 28.11, 28.11, 28.23, 28.3, 28.53, 28.69, 28.55, 28.61, 28.57, 28.54, 28.52, 28.52, 28.52], [28.38, 28.38, 28.38, 28.37, 28.36, 28.35, 28.11, 28.11, 28.09, 28.04, 28.3, 28.45, 28.58, 28.7, 28.59, 28.55, 28.51, 28.49, 28.5, 28.51], [28.47, 28.39, 28.39, 28.39, 28.38, 28.37, 28.22, 28.14, 28.12, 28.06, 28.02, 28.32, 28.63, 28.65, 28.57, 28.52, 28.46, 28.44, 28.47, 28.5], [28.47, 28.47, 28.47, 28.47, 28.47, 28.28, 28.25, 28.24, 28.24, 28.03, 27.84, 28.25, 28.26, 28.65, 28.44, 28.45, 28.43, 28.42, 28.43, 28.44], [28.43, 28.43, 28.49, 28.49, 28.49, 28.48, 28.44, 28.24, 28.11, 28.09, 28.01, 28.13, 28.18, 28.11, 28.44, 28.45, 28.44, 28.43, 28.44, 28.44], [28.6, 28.6, 28.6, 28.46, 28.48, 28.53, 28.5, 28.44, 27.96, 27.99, 28.19, 28.05, 28.1, 28.07, 28.44, 28.46, 28.45, 28.44, 28.44, 28.45], [28.6, 28.6, 28.6, 28.6, 28.6, 28.6, 28.6, 28.6, 28.49, 28.09, 27.7, 28.0, 28.04, 28.04, 28.44, 28.46, 28.45, 28.45, 28.45, 28.45], [28.6, 28.6, 28.6, 28.6, 28.6, 28.6, 28.6, 28.6, 28.6, -999.0, 27.7, 28.5, 28.5, 28.02, 28.44, 28.46, 28.46, 27.32, 27.35, 27.35], [28.6, 28.6, 28.6, 28.6, 28.6, 28.6, 28.6, 28.6, 28.6, 28.6, -999.0, 28.5, 28.5, 27.19, 27.77, 27.71, 27.72, 27.49, 27.52, 27.54], [28.6, 28.6, 28.6, 28.6, 28.6, 28.6, 28.6, 28.6, 28.6, 28.6, -999.0, 26.5, 26.5, 26.5, 27.6, 27.55, 27.58, 27.34, 27.39, 27.43], [28.6, 28.6, 28.6, 28.6, 28.6, 28.6, 28.6, 28.4, 28.4, 28.4, 28.4, 27.67, 26.5, 26.5, 26.5, 27.37, 27.43, 27.21, 27.28, 27.33], [28.6, 28.6, 28.47, 28.47, 28.47, 28.4, 28.4, 28.4, 28.4, 28.4, 27.2, 27.34, 27.16, 27.0, 27.18, 27.16, 27.26, 27.08, 27.48, 27.55], [28.47, 28.47, 28.53, 28.53, 28.4, 28.4, 28.4, 28.4, 28.4, 28.4, 27.58, 27.35, 27.1, 26.87, 26.93, 26.92, 27.07, 27.19, 27.27, 27.33], [28.53, 28.53, 28.52, 28.52, 28.4, 28.4, 28.4, 28.4, 28.4, 27.92, 27.66, 27.38, 27.08, 26.94, 26.56, 26.87, 27.08, 27.22, 27.31, 27.36], [28.52, 28.52, 28.52, 28.4, 28.4, 28.4, 28.4, 28.4, 28.23, 28.03, 27.85, 27.62, 27.35, 27.09, 26.84, 27.0, 27.18, 27.3, 27.37, 27.41], [28.52, 28.52, 28.4, 28.4, 28.4, 28.4, 28.4, 28.4, 28.22, 28.07, 27.89, 27.69, 27.47, 27.32, 27.12, 27.21, 27.33, 27.41, 27.45, 27.48], [28.4, 28.4, 28.4, 28.4, 28.4, 28.4, 28.4, 28.4, 28.1, 28.03, 27.91, 27.76, 27.58, 27.3, 27.34, 27.42, 27.49, 27.54, 27.55, 27.55], [28.4, 28.4, 28.4, 28.4, 28.4, 28.4, 28.4, 28.45, 28.07, 28.02, 27.94, 27.83, 27.69, 27.44, 27.5, 27.59, 27.66, 27.67, 27.64, 27.61], [28.4, 28.4, 28.4, 28.48, 28.47, 28.47, 28.46, 28.46, 28.46, 28.46, 28.46, 28.37, 28.1, 27.53, 27.62, 27.74, 27.85, 27.8, 27.71, 27.65], [28.49, 28.49, 28.48, 28.48, 28.48, 28.47, 28.47, 28.46, 28.45, 28.45, 28.46, 28.45, 28.11, 28.06, 28.02, 27.8, 28.08, 27.81, 27.73, 27.68], [28.49, 28.49, 28.49, 28.49, 28.48, 28.48, 28.48, 28.47, 28.45, 28.43, 28.46, 28.46, 28.46, 28.06, 28.01, 27.97, 27.76, 27.67, 27.7, 27.67], [28.49, 28.49, 28.49, 28.49, 28.49, 28.49, 28.49, 28.48, 28.46, 28.44, 28.46, 28.48, 28.47, 28.06, 28.01, 28.01, 27.93, 27.9, 27.68, 27.66], [28.5, 28.5, 28.5, 28.5, 28.5, 28.5, 28.5, 28.5, 28.5, 28.5, 28.51, 28.51, 28.5, 28.18, 28.11, 28.05, 27.99, 27.97, 27.98, 27.99], [28.5, 28.5, 28.5, 28.51, 28.51, 28.51, 28.52, 28.53, 28.54, 28.56, 28.57, 28.43, 28.35, 28.26, 28.15, 28.09, 28.05, 28.02, 28.02, 28.02], [28.51, 28.51, 28.51, 28.51, 28.52, 28.52, 28.53, 28.55, 28.57, 28.61, 28.63, 28.5, 28.39, 28.3, 28.19, 28.13, 28.09, 28.07, 28.05, 28.05], [28.51, 28.51, 28.51, 28.52, 28.52, 28.53, 28.54, 28.56, 28.48, 28.54, 28.59, 28.5, 28.4, 28.32, 28.22, 28.17, 28.13, 28.1, 28.08, 28.08], [28.51, 28.51, 28.52, 28.52, 28.53, 28.53, 28.55, 28.56, 28.45, 28.49, 28.49, 28.45, 28.39, 28.32, 28.24, 28.19, 28.15, 28.13, 28.11, 28.1], [28.51, 28.52, 28.52, 28.52, 28.53, 28.54, 28.55, 28.41, 28.43, 28.44, 28.44, 28.41, 28.37, 28.32, 28.24, 28.2, 28.17, 28.15, 28.13, 28.12]]}]