gis_exercise/awsData/contour/wdir_2023090807.json
[{"header": {"refTime": "2023-09-08T07:00:00.000Z", "nx": 21, "ny": 33, "lo1": 113.509, "la1": 22.2235, "lo2": 113.5947, "la2": 22.1034, "dx": 0.0042850000000001385, "dy": 0.003753125000000024, "parameterCategory": 2, "parameterCategoryName": "Temperature", "parameterNumber": 2}, "data": [-0.89, -0.92, -0.96, -1.64, -1.61, -2.09, -2.01, -1.93, -1.91, -1.53, -1.63, -1.73, -2.49, -2.57, -3.59, -3.78, -4.61, -4.7, -4.77, -4.82, -0.87, -0.91, -0.95, -0.99, -1.62, -1.57, -1.95, -1.79, -1.7, -1.47, -1.63, -1.78, -2.55, -2.63, -3.65, -4.51, -4.66, -4.77, -4.85, -4.9, -0.85, -0.88, -0.93, -0.98, -1.65, -1.6, -1.52, -1.68, -1.25, -1.42, -1.67, -1.88, -2.65, -2.71, -4.32, -4.54, -4.74, -4.88, -4.96, -5.0, -0.81, -0.84, -0.89, -0.96, -1.03, -1.66, -1.59, -1.47, -1.36, -1.49, -1.76, -2.06, -2.8, -2.75, -4.29, -4.61, -4.88, -5.05, -5.12, -5.13, -0.76, -0.79, -0.84, -0.91, -1.01, -1.75, -1.72, -1.67, -1.61, -1.57, -1.81, -2.73, -2.93, -2.8, -4.31, -4.75, -5.12, -5.32, -5.34, -5.28, -0.7, -0.72, -0.76, -0.83, -0.95, -1.12, -1.89, -1.91, -1.85, -1.68, -2.35, -2.64, -2.84, -3.86, -4.42, -4.98, -5.51, -5.74, -5.62, -5.44, -1.29, -0.63, -0.65, -0.7, -0.82, -1.05, -1.33, -2.22, -2.19, -2.17, -1.99, -2.55, -4.06, -4.16, -4.56, -5.21, -6.05, -6.37, -6.28, -6.08, -1.24, -1.19, -1.13, -1.8, -1.82, -0.76, -1.23, -2.02, -2.93, -2.04, -1.32, -3.42, -3.85, -4.47, -5.63, -6.0, -6.45, -6.62, -6.37, -6.21, -1.2, -1.11, -1.01, -0.87, -1.42, -1.53, -2.03, -1.47, -3.08, -2.26, -3.02, -3.98, -4.93, -4.48, -5.66, -5.91, -6.17, -6.29, -6.24, -6.15, -2.02, -1.89, -1.69, -0.67, -0.29, -0.6, -1.51, -2.52, -3.54, -3.24, -3.62, -4.37, -5.19, -4.63, -5.69, -5.84, -5.99, -6.09, -6.1, -6.07, -2.05, -1.92, -1.72, -1.37, -0.63, 1.57, -1.33, -3.02, -3.63, -3.91, -4.67, -4.2, -4.48, -4.41, -5.7, -5.79, -5.89, -5.96, -5.99, -5.99, -2.11, -2.01, -1.86, -1.63, -1.27, -1.11, -2.31, -4.11, -4.91, -5.65, -4.91, -5.57, -5.54, -4.21, -5.7, -5.76, -5.83, -5.5, -5.5, -5.49, -2.2, -2.14, -2.07, -2.02, -2.06, -2.42, -3.09, -4.03, -4.62, -4.03, -5.55, -5.6, -5.55, -4.35, -4.26, -5.17, -5.19, -5.22, -5.26, -5.28, -2.29, -2.27, -2.27, -2.33, -2.5, -2.88, -3.35, -3.54, -3.82, -3.74, -5.44, -5.13, -4.94, -4.77, -3.97, -4.8, -4.86, -4.94, -5.01, -5.08, -2.38, -2.39, -2.43, -2.52, -2.69, -2.94, -3.18, -3.91, -4.01, -4.0, -3.94, -3.42, -4.6, -4.37, -4.23, -4.37, -4.5, -4.64, -4.77, -4.88, -2.45, -2.48, -1.17, -1.29, -1.44, -3.62, -3.6, -3.6, -3.6, -3.6, -3.25, -3.14, -3.0, -2.89, -2.87, -3.43, -3.58, -3.71, -4.02, -4.15, -1.09, -1.14, -1.21, -1.29, -3.48, -3.4, -3.29, -3.16, -3.1, -3.17, -2.92, -2.9, -2.8, -2.65, -2.37, -2.6, -2.72, -2.82, -2.89, -2.93, -1.12, -1.17, -1.22, -1.29, -3.31, -3.17, -2.94, -2.62, -2.47, -1.95, -2.07, -2.73, -2.68, -2.35, -2.27, -2.56, -2.74, -2.85, -2.92, -2.96, -1.14, -1.18, -1.23, -3.31, -3.18, -2.98, -2.67, -2.13, -1.5, -1.8, -2.31, -2.45, -2.36, -2.4, -2.54, -2.67, -2.82, -2.92, -2.97, -3.01, -1.15, -1.19, -3.06, -3.0, -2.9, -2.75, -2.52, -2.16, -1.85, -2.16, -2.43, -2.56, -2.43, -2.51, -2.78, -2.85, -2.95, -3.01, -3.04, -3.06, -3.17, -3.15, -3.11, -3.06, -2.99, -2.89, -2.75, -2.59, -2.38, -2.51, -2.66, -2.73, -2.52, -2.92, -2.96, -3.03, -3.1, -3.13, -3.13, -3.11, -3.21, -3.2, -3.18, -3.15, -3.12, -3.08, -3.04, -2.61, -2.86, -2.94, -2.98, -2.98, -3.82, -3.04, -3.11, -3.19, -3.26, -3.25, -3.2, -3.16, -3.25, -3.25, -3.25, -2.65, -2.69, -2.75, -2.83, -2.95, -3.09, -3.17, -3.12, -3.78, -4.06, -3.12, -3.21, -3.34, -3.47, -3.37, -3.24, -3.18, -2.61, -2.63, -2.66, -2.71, -2.78, -2.88, -3.03, -3.26, -3.56, -3.7, -3.49, -3.89, -4.09, -3.92, -3.78, -3.39, -3.82, -3.31, -3.21, -3.18, -2.63, -2.65, -2.69, -2.75, -2.83, -2.95, -3.14, -3.47, -4.01, -4.48, -3.79, -3.84, -3.7, -3.92, -3.76, -3.61, -3.2, -2.99, -3.15, -3.16, -2.64, -2.67, -2.7, -2.76, -2.84, -2.95, -3.13, -3.43, -3.94, -4.35, -4.0, -3.65, -3.53, -3.94, -3.77, -3.0, -3.03, -3.01, -3.14, -3.15, -2.64, -2.66, -2.7, -2.75, -2.81, -2.89, -3.01, -3.16, -3.33, -3.33, -3.39, -3.26, -3.28, -2.55, -2.74, -2.87, -2.93, -2.95, -2.95, -2.95, -2.63, -2.65, -2.68, -2.71, -2.75, -2.79, -2.83, -2.84, -2.75, -2.78, -2.56, -2.48, -2.61, -2.69, -2.6, -2.74, -2.83, -2.87, -2.89, -2.89, -2.62, -2.64, -2.66, -2.67, -2.69, -2.69, -2.67, -2.58, -2.35, -2.08, -1.46, -2.07, -2.41, -2.57, -2.49, -2.64, -2.73, -2.79, -2.82, -2.83, -2.61, -2.62, -2.63, -2.63, -2.63, -2.61, -2.55, -2.43, -2.33, -1.91, -1.65, -2.02, -2.32, -2.5, -2.41, -2.55, -2.65, -2.72, -2.76, -2.78, -2.59, -2.6, -2.6, -2.6, -2.58, -2.55, -2.48, -2.37, -2.36, -2.15, -2.06, -2.18, -2.35, -2.49, -2.37, -2.49, -2.59, -2.66, -2.7, -2.73, -2.58, -2.58, -2.58, -2.57, -2.54, -2.51, -2.45, -2.56, -2.44, -2.32, -2.28, -2.32, -2.41, -2.51, -2.35, -2.46, -2.54, -2.61, -2.66, -2.69]}, {"header": {"refTime": "2023-09-08T07:00:00.000Z", "nx": 21, "ny": 33, "lo1": 113.509, "la1": 22.2235, "lo2": 113.5947, "la2": 22.1034, "dx": 0.0042850000000001385, "dy": 0.003753125000000024, "parameterCategory": 2, "parameterCategoryName": "Temperature", "parameterNumber": 3}, "data": [0.82, 0.81, 0.79, 0.92, 0.87, 0.87, 0.8, 0.74, 0.71, 0.65, 0.75, 0.85, 1.7, 1.79, 2.43, 2.64, 4.01, 4.11, 4.2, 4.25, 0.83, 0.82, 0.81, 0.78, 0.88, 0.81, 0.76, 0.62, 0.54, 0.57, 0.74, 0.88, 1.72, 1.83, 2.48, 3.88, 4.05, 4.18, 4.27, 4.33, 0.85, 0.84, 0.82, 0.8, 0.91, 0.84, 0.72, 0.53, 0.18, 0.5, 0.77, 0.95, 1.77, 1.87, 3.62, 3.89, 4.12, 4.29, 4.38, 4.43, 0.86, 0.86, 0.85, 0.84, 0.81, 0.91, 0.81, 0.64, 0.49, 0.62, 0.87, 1.07, 1.81, 2.14, 3.57, 3.96, 4.27, 4.46, 4.54, 4.55, 0.87, 0.87, 0.87, 0.87, 0.87, 1.01, 0.97, 0.91, 0.88, 0.82, 1.0, 2.03, 1.75, 2.1, 3.6, 4.12, 4.51, 4.72, 4.76, 4.71, 0.89, 0.89, 0.9, 0.91, 0.93, 0.96, 1.14, 1.17, 1.18, 1.16, 2.23, 2.21, 2.06, 3.05, 3.8, 4.39, 4.91, 5.13, 5.03, 4.87, 1.79, 0.9, 0.91, 0.93, 0.97, 1.03, 1.44, 1.41, 1.44, 2.12, 2.22, 2.63, 3.69, 3.64, 4.08, 4.66, 5.44, 5.73, 5.39, 5.15, 1.78, 1.76, 1.72, 1.95, 1.94, 1.3, 1.42, 1.61, 1.99, 2.01, 1.7, 3.84, 4.23, 4.11, 5.35, 5.61, 5.92, 6.03, 5.86, 5.75, 1.78, 1.75, 1.7, 1.64, 1.82, 1.84, 1.98, 1.48, 2.14, 2.19, 3.23, 4.05, 4.63, 4.35, 5.33, 5.53, 5.72, 5.8, 5.77, 5.7, 2.43, 2.37, 2.27, 1.6, 1.45, 1.55, 1.88, 2.23, 2.5, 2.37, 3.68, 4.21, 4.7, 4.4, 5.33, 5.46, 5.58, 5.65, 5.66, 5.64, 2.44, 2.38, 2.29, 2.13, 1.78, 0.77, 2.1, 2.85, 2.83, 2.78, 3.76, 4.09, 4.28, 4.25, 5.33, 5.42, 5.51, 5.56, 5.59, 5.59, 2.47, 2.43, 2.36, 2.25, 2.09, 2.01, 2.56, 3.33, 3.67, 4.24, 3.84, 4.77, 4.82, 4.12, 5.34, 5.4, 5.46, 4.77, 4.78, 4.77, 2.51, 2.49, 2.46, 2.44, 2.46, 2.64, 2.96, 3.32, 3.55, 3.3, 4.28, 4.71, 4.76, 4.06, 3.97, 4.44, 4.47, 4.52, 4.55, 4.58, 2.56, 2.55, 2.55, 2.58, 2.67, 2.87, 3.14, 3.15, 3.23, 3.19, 4.21, 3.89, 3.79, 3.69, 3.68, 4.11, 4.17, 4.25, 4.33, 4.39, 2.6, 2.6, 2.63, 2.67, 2.76, 2.88, 3.0, 3.27, 3.28, 3.26, 3.22, 2.69, 3.53, 3.38, 3.29, 3.73, 3.85, 3.98, 4.1, 4.2, 2.63, 2.65, 2.02, 2.07, 2.15, 3.12, 3.11, 3.09, 3.07, 3.06, 2.63, 2.54, 2.42, 2.54, 2.5, 2.78, 2.89, 2.99, 3.35, 3.47, 1.97, 1.99, 2.02, 2.06, 3.02, 2.98, 2.92, 2.84, 2.8, 2.83, 2.47, 2.41, 2.3, 2.16, 1.98, 1.7, 1.66, 1.62, 1.59, 1.57, 1.98, 1.99, 2.02, 2.04, 2.93, 2.85, 2.72, 2.55, 2.46, 2.12, 2.13, 2.32, 2.23, 1.98, 1.85, 1.72, 1.66, 1.62, 1.58, 1.56, 1.98, 1.99, 2.01, 2.92, 2.85, 2.74, 2.57, 2.28, 1.93, 2.05, 1.97, 1.97, 2.08, 2.04, 1.73, 1.69, 1.65, 1.6, 1.57, 1.54, 1.98, 1.99, 2.48, 2.45, 2.41, 2.35, 2.26, 2.13, 1.93, 1.97, 1.99, 1.99, 2.14, 2.14, 1.67, 1.65, 1.62, 1.59, 1.55, 1.52, 2.49, 2.48, 2.46, 2.43, 2.4, 2.35, 2.29, 2.23, 2.01, 2.02, 2.03, 2.03, 2.21, 1.63, 1.63, 1.63, 1.62, 1.58, 1.53, 1.5, 2.48, 2.47, 2.45, 2.43, 2.4, 2.37, 2.34, 1.81, 2.08, 2.09, 2.09, 2.08, 2.48, 1.6, 1.62, 1.65, 1.66, 1.59, 1.5, 1.46, 2.48, 2.46, 2.45, 1.7, 1.72, 1.75, 1.79, 1.83, 1.87, 1.88, 1.84, 2.49, 1.83, 1.57, 1.6, 1.69, 1.83, 1.62, 1.43, 1.39, 1.64, 1.65, 1.66, 1.68, 1.71, 1.74, 1.79, 1.87, 1.96, 1.99, 1.91, 2.12, 1.84, 1.74, 1.69, 1.66, 2.36, 1.31, 1.25, 1.3, 1.62, 1.63, 1.64, 1.66, 1.68, 1.72, 1.78, 1.88, 2.08, 2.25, 1.97, 2.06, 2.08, 1.72, 1.62, 1.51, 1.07, 0.59, 1.08, 1.23, 1.6, 1.61, 1.62, 1.63, 1.65, 1.68, 1.73, 1.82, 2.01, 2.17, 2.03, 1.93, 1.96, 1.71, 1.58, 1.1, 0.97, 0.87, 1.11, 1.22, 1.59, 1.59, 1.59, 1.59, 1.6, 1.61, 1.63, 1.67, 1.71, 1.68, 1.71, 1.7, 1.79, 0.95, 1.01, 1.02, 0.99, 0.96, 0.98, 1.01, 1.57, 1.56, 1.56, 1.56, 1.55, 1.54, 1.52, 1.48, 1.39, 1.35, 1.24, 0.83, 0.79, 0.7, 0.95, 0.98, 0.98, 0.98, 0.99, 1.0, 1.55, 1.54, 1.53, 1.52, 1.5, 1.47, 1.42, 1.33, 1.16, 0.94, 0.46, 0.66, 0.71, 0.68, 0.9, 0.94, 0.96, 0.98, 0.99, 1.0, 1.53, 1.52, 1.51, 1.49, 1.46, 1.42, 1.36, 1.25, 0.8, 0.63, 0.52, 0.62, 0.68, 0.67, 0.87, 0.91, 0.94, 0.96, 0.98, 0.99, 1.51, 1.5, 1.48, 1.46, 1.43, 1.39, 1.32, 1.23, 0.78, 0.69, 0.65, 0.66, 0.68, 0.67, 0.85, 0.89, 0.93, 0.95, 0.97, 0.98, 1.5, 1.48, 1.47, 1.44, 1.41, 1.37, 1.31, 0.84, 0.79, 0.74, 0.7, 0.69, 0.69, 0.67, 0.84, 0.88, 0.91, 0.94, 0.95, 0.97]}, {"header": {"refTime": "2023-09-08T07:00:00.000Z", "nx": 21, "ny": 33, "lo1": 113.509, "la1": 22.2235, "lo2": 113.5947, "la2": 22.1034, "dx": 0.0042850000000001385, "dy": 0.003753125000000024, "parameterCategory": 0, "parameterCategoryName": "Temperature", "parameterNumber": 0}, "data": [[24.93, 24.92, 24.92, 24.74, 24.75, 24.92, 24.92, 24.92, 24.93, 24.9, 24.91, 24.92, 25.09, 25.1, 25.11, 25.12, 25.2, 25.2, 25.2, 25.2], [24.93, 24.93, 24.92, 24.92, 24.75, 24.76, 24.91, 24.92, 24.92, 24.9, 24.91, 24.93, 25.1, 25.11, 25.12, 25.2, 25.2, 25.2, 25.2, 25.2], [24.93, 24.93, 24.92, 24.92, 24.74, 24.75, 24.78, 24.91, 24.9, 24.9, 24.92, 24.94, 25.12, 25.13, 25.2, 25.2, 25.2, 25.2, 25.2, 25.2], [24.94, 24.93, 24.93, 24.92, 24.91, 24.74, 24.76, 24.79, 24.82, 24.89, 24.92, 24.97, 25.14, 25.06, 25.2, 25.2, 25.2, 25.2, 25.2, 25.2], [24.94, 24.94, 24.93, 24.93, 24.91, 24.73, 24.74, 24.75, 24.74, 24.87, 24.91, 25.06, 25.14, 25.08, 25.2, 25.2, 25.2, 25.2, 25.2, 25.2], [24.95, 24.94, 24.94, 24.93, 24.92, 24.9, 24.71, 24.71, 24.7, 24.68, 24.93, 25.02, 25.1, 25.2, 25.2, 25.2, 25.2, 25.2, 25.2, 25.2], [24.98, 24.95, 24.95, 24.95, 24.93, 24.91, 24.77, 24.69, 24.68, 24.71, 24.72, 24.97, 25.2, 25.2, 25.2, 25.2, 25.2, 25.2, 25.2, 25.2], [24.99, 24.99, 24.99, 24.99, 24.98, 24.84, 24.8, 24.74, 24.71, 24.68, 24.6, 24.98, 24.99, 25.2, 25.2, 25.2, 25.2, 25.2, 25.2, 25.2], [24.91, 24.92, 25.01, 25.02, 25.02, 25.0, 24.94, 24.78, 24.64, 24.72, 24.77, 24.87, 24.92, 24.86, 25.2, 25.2, 25.2, 25.2, 25.2, 25.2], [25.2, 25.2, 25.2, 24.97, 25.0, 25.09, 25.03, 24.94, 24.59, 24.6, 24.93, 24.81, 24.85, 24.83, 25.2, 25.2, 25.2, 25.2, 25.2, 25.2], [25.2, 25.2, 25.2, 25.2, 25.2, 25.2, 25.2, 25.2, 25.02, 24.63, 24.5, 24.77, 24.8, 24.8, 25.2, 25.2, 25.2, 25.2, 25.2, 25.2], [25.2, 25.2, 25.2, 25.2, 25.2, 25.2, 25.2, 25.2, 25.2, -999.0, 24.5, 25.2, 25.2, 24.78, 25.2, 25.2, 25.2, 24.75, 24.76, 24.76], [25.2, 25.2, 25.2, 25.2, 25.2, 25.2, 25.2, 25.2, 25.2, 25.2, -999.0, 25.2, 25.2, 24.68, 24.91, 24.91, 24.91, 24.82, 24.83, 24.84], [25.2, 25.2, 25.2, 25.2, 25.2, 25.2, 25.2, 25.2, 25.2, 25.2, -999.0, 24.4, 24.4, 24.4, 24.84, 24.84, 24.85, 24.75, 24.78, 24.79], [25.2, 25.2, 25.2, 25.2, 25.2, 25.2, 25.2, 25.2, 25.2, 25.2, 25.2, 24.89, 24.4, 24.4, 24.4, 24.77, 24.79, 24.7, 24.73, 24.75], [25.2, 25.2, 25.2, 25.2, 25.2, 25.2, 25.2, 25.2, 25.2, 25.2, 24.7, 24.75, 24.68, 24.61, 24.69, 24.55, 24.57, 24.53, 24.72, 24.74], [25.2, 25.2, 25.2, 25.2, 25.2, 25.2, 25.2, 25.2, 25.2, 25.2, 24.86, 24.76, 24.65, 24.56, 24.54, 24.52, 24.56, 24.59, 24.62, 24.63], [25.2, 25.2, 25.2, 25.2, 25.2, 25.2, 25.2, 25.2, 25.2, 25.0, 24.89, 24.77, 24.64, 24.55, 24.42, 24.5, 24.56, 24.6, 24.63, 24.64], [25.2, 25.2, 25.2, 25.2, 25.2, 25.2, 25.2, 25.2, 25.13, 25.04, 25.01, 24.91, 24.69, 24.59, 24.5, 24.54, 24.59, 24.62, 24.65, 24.66], [25.2, 25.2, 25.31, 25.31, 25.3, 25.29, 25.27, 25.23, 25.15, 25.1, 25.03, 24.95, 24.73, 24.66, 24.57, 24.6, 24.63, 24.65, 24.67, 24.68], [25.32, 25.32, 25.32, 25.28, 25.28, 25.27, 25.27, 25.26, 25.12, 25.1, 25.05, 24.99, 24.76, 24.62, 24.63, 24.65, 24.68, 24.69, 24.7, 24.7], [25.29, 25.29, 25.29, 25.29, 25.29, 25.29, 25.28, 25.27, 25.13, 25.12, 25.08, 25.03, 24.85, 24.66, 24.68, 24.7, 24.72, 24.72, 24.72, 24.72], [25.3, 25.3, 25.3, 25.27, 25.27, 25.28, 25.28, 25.29, 25.3, 25.3, 25.3, 25.18, 25.02, 24.69, 24.71, 24.74, 24.76, 24.76, 24.74, 24.73], [25.27, 25.27, 25.27, 25.28, 25.28, 25.28, 25.29, 25.3, 25.32, 25.33, 25.32, 25.2, 25.04, 24.97, 24.91, 24.75, 24.79, 24.78, 24.76, 24.74], [25.27, 25.27, 25.28, 25.28, 25.28, 25.29, 25.3, 25.32, 25.34, 25.37, 25.33, 25.22, 25.16, 24.98, 24.92, 24.87, 24.78, 24.78, 24.76, 24.75], [25.27, 25.27, 25.28, 25.28, 25.28, 25.29, 25.3, 25.31, 25.34, 25.36, 25.28, 25.22, 25.17, 24.99, 24.93, 24.86, 24.84, 24.84, 24.75, 24.74], [25.27, 25.27, 25.28, 25.28, 25.28, 25.29, 25.29, 25.3, 25.31, 25.31, 25.24, 25.21, 25.17, 24.94, 24.91, 24.88, 24.87, 24.86, 24.86, 24.86], [25.27, 25.27, 25.28, 25.28, 25.28, 25.28, 25.28, 25.29, 25.28, 25.23, 25.22, 25.2, 25.18, 25.14, 24.93, 24.9, 24.89, 24.88, 24.87, 24.88], [25.27, 25.27, 25.27, 25.28, 25.28, 25.28, 25.28, 25.27, 25.26, 25.21, 25.2, 25.19, 25.17, 25.15, 24.95, 24.92, 24.91, 24.89, 24.89, 24.89], [25.27, 25.27, 25.27, 25.27, 25.27, 25.27, 25.27, 25.27, 25.21, 25.2, 25.2, 25.19, 25.17, 25.15, 24.96, 24.94, 24.92, 24.91, 24.9, 24.9], [25.27, 25.27, 25.27, 25.27, 25.27, 25.27, 25.27, 25.26, 25.2, 25.2, 25.19, 25.18, 25.17, 25.15, 24.97, 24.95, 24.93, 24.92, 24.91, 24.91], [25.27, 25.27, 25.27, 25.27, 25.27, 25.27, 25.27, 25.19, 25.19, 25.19, 25.19, 25.18, 25.17, 25.15, 24.98, 24.96, 24.94, 24.93, 24.92, 24.92]]}]