gis_exercise/awsData/contour/wdir_2023091000.json
[{"header": {"refTime": "2023-09-10T00:00:00.000Z", "nx": 21, "ny": 33, "lo1": 113.509, "la1": 22.2235, "lo2": 113.5947, "la2": 22.1034, "dx": 0.0042850000000001385, "dy": 0.003753125000000024, "parameterCategory": 2, "parameterCategoryName": "Temperature", "parameterNumber": 2}, "data": [-1.96, -1.95, -1.95, -1.6, -1.61, -2.21, -2.19, -2.17, -2.18, -2.07, -2.15, -2.23, -2.86, -2.92, -3.76, -3.89, -4.42, -4.48, -4.53, -4.56, -1.97, -1.96, -1.95, -1.94, -1.61, -1.62, -2.15, -2.1, -2.07, -2.03, -2.16, -2.28, -2.92, -2.97, -3.81, -4.35, -4.45, -4.53, -4.58, -4.61, -1.97, -1.97, -1.96, -1.95, -1.61, -1.63, -1.65, -2.04, -1.85, -1.99, -2.19, -2.38, -3.01, -3.06, -4.23, -4.38, -4.51, -4.61, -4.67, -4.69, -1.98, -1.97, -1.97, -1.96, -1.94, -1.62, -1.64, -1.66, -1.69, -2.03, -2.25, -2.54, -3.17, -2.99, -4.22, -4.43, -4.61, -4.73, -4.78, -4.78, -1.99, -1.98, -1.98, -1.97, -1.95, -1.61, -1.62, -1.62, -1.61, -2.05, -2.28, -3.01, -3.33, -3.07, -4.23, -4.52, -4.78, -4.92, -4.94, -4.89, -2.0, -2.0, -1.99, -1.99, -1.97, -1.96, -1.61, -1.61, -1.57, -1.5, -2.51, -2.85, -3.13, -3.88, -4.28, -4.68, -5.06, -5.23, -5.14, -5.01, -2.85, -2.01, -2.01, -2.01, -2.0, -1.98, -1.75, -1.64, -1.61, -1.75, -1.76, -2.62, -3.9, -3.99, -4.35, -4.83, -5.46, -5.69, -5.65, -5.51, -2.87, -2.84, -2.8, -3.1, -3.05, -1.83, -1.79, -1.77, -1.85, -1.66, -1.33, -3.14, -3.49, -4.15, -4.97, -5.3, -5.69, -5.83, -5.62, -5.48, -2.9, -2.87, -2.83, -2.78, -3.04, -3.0, -2.98, -1.77, -2.37, -1.81, -2.8, -3.59, -4.36, -3.99, -4.99, -5.21, -5.44, -5.54, -5.5, -5.42, -4.09, -4.02, -3.93, -2.81, -2.71, -2.91, -3.12, -3.34, -3.03, -2.81, -3.29, -3.9, -4.57, -4.11, -5.01, -5.14, -5.28, -5.37, -5.38, -5.35, -4.1, -4.04, -3.94, -3.78, -3.43, -2.39, -3.76, -4.56, -4.18, -3.54, -4.35, -3.76, -3.99, -3.93, -5.02, -5.1, -5.19, -5.26, -5.28, -5.28, -4.13, -4.08, -4.01, -3.9, -3.73, -3.65, -4.22, -5.09, -5.47, -5.68, -4.61, -5.09, -5.02, -3.77, -5.02, -5.08, -5.14, -4.93, -4.93, -4.93, -4.17, -4.14, -4.11, -4.08, -4.1, -4.27, -4.58, -5.04, -5.32, -5.04, -5.58, -5.15, -5.07, -3.95, -3.89, -4.66, -4.68, -4.71, -4.74, -4.76, -4.21, -4.2, -4.2, -4.23, -4.31, -4.48, -4.69, -4.8, -4.94, -4.9, -5.54, -4.84, -4.65, -4.49, -3.68, -4.38, -4.43, -4.49, -4.55, -4.6, -4.25, -4.26, -4.27, -4.32, -4.39, -4.51, -4.62, -4.58, -4.55, -4.47, -4.39, -3.52, -4.38, -4.18, -4.05, -4.05, -4.15, -4.26, -4.36, -4.45, -4.29, -4.3, -3.1, -3.16, -3.24, -4.28, -4.26, -4.19, -4.13, -4.09, -3.37, -3.26, -3.13, -2.89, -2.87, -3.31, -3.42, -3.52, -3.8, -3.9, -3.0, -3.02, -3.04, -3.06, -4.07, -3.99, -3.86, -3.69, -3.59, -3.64, -3.07, -3.04, -2.95, -2.8, -2.5, -2.68, -2.78, -2.85, -2.9, -2.94, -2.97, -2.98, -2.98, -2.96, -3.87, -3.7, -3.44, -3.09, -2.91, -2.45, -2.56, -2.89, -2.83, -2.48, -2.42, -2.65, -2.79, -2.88, -2.93, -2.96, -2.94, -2.93, -2.91, -3.85, -3.71, -3.49, -3.13, -2.55, -1.88, -2.25, -2.14, -2.24, -2.49, -2.52, -2.63, -2.74, -2.85, -2.93, -2.97, -3.0, -2.91, -2.89, -3.05, -2.99, -2.9, -2.76, -2.56, -2.28, -1.91, -2.05, -2.18, -2.26, -2.54, -2.61, -2.82, -2.88, -2.95, -3.0, -3.03, -3.04, -3.08, -3.05, -3.01, -2.95, -2.87, -2.76, -2.63, -2.5, -2.12, -2.18, -2.25, -2.31, -2.61, -2.93, -2.96, -3.02, -3.07, -3.09, -3.09, -3.08, -3.06, -3.02, -2.98, -2.93, -2.87, -2.8, -2.72, -2.35, -2.29, -2.33, -2.36, -2.38, -3.1, -3.03, -3.08, -3.15, -3.2, -3.19, -3.15, -3.12, -3.04, -3.01, -2.97, -2.47, -2.46, -2.47, -2.48, -2.5, -2.54, -2.57, -2.58, -2.87, -3.21, -3.09, -3.16, -3.26, -3.36, -3.29, -3.18, -3.14, -2.5, -2.5, -2.5, -2.51, -2.52, -2.54, -2.57, -2.63, -2.69, -2.73, -2.7, -3.2, -3.2, -3.25, -3.29, -3.3, -3.63, -3.23, -3.16, -3.13, -2.52, -2.53, -2.53, -2.55, -2.57, -2.6, -2.64, -2.71, -2.82, -2.9, -2.8, -3.17, -3.25, -3.23, -3.26, -3.28, -3.15, -2.99, -3.11, -3.12, -2.54, -2.55, -2.56, -2.58, -2.6, -2.63, -2.68, -2.74, -2.84, -2.9, -3.08, -3.14, -3.21, -3.21, -3.23, -3.2, -3.16, -3.13, -3.1, -3.11, -2.55, -2.57, -2.58, -2.6, -2.62, -2.66, -2.7, -2.74, -2.79, -2.81, -3.07, -3.11, -3.18, -3.14, -3.16, -3.17, -3.17, -3.16, -3.16, -3.17, -2.57, -2.58, -2.6, -2.62, -2.64, -2.67, -2.7, -2.74, -2.77, -3.02, -3.01, -2.87, -2.85, -2.84, -3.14, -3.15, -3.16, -3.16, -3.16, -3.17, -2.58, -2.59, -2.61, -2.63, -2.65, -2.68, -2.71, -2.74, -2.77, -2.97, -2.86, -2.86, -2.85, -2.84, -3.12, -3.14, -3.15, -3.15, -3.16, -3.16, -2.59, -2.6, -2.62, -2.63, -2.65, -2.68, -2.7, -2.73, -2.87, -2.86, -2.86, -2.86, -2.85, -2.84, -3.1, -3.12, -3.14, -3.15, -3.15, -3.16, -2.59, -2.61, -2.62, -2.64, -2.66, -2.68, -2.7, -2.72, -2.87, -2.86, -2.86, -2.85, -2.85, -2.84, -3.09, -3.11, -3.13, -3.14, -3.15, -3.15, -2.6, -2.61, -2.62, -2.64, -2.66, -2.67, -2.69, -2.87, -2.86, -2.86, -2.86, -2.85, -2.85, -2.84, -3.09, -3.11, -3.12, -3.13, -3.14, -3.15]}, {"header": {"refTime": "2023-09-10T00:00:00.000Z", "nx": 21, "ny": 33, "lo1": 113.509, "la1": 22.2235, "lo2": 113.5947, "la2": 22.1034, "dx": 0.0042850000000001385, "dy": 0.003753125000000024, "parameterCategory": 2, "parameterCategoryName": "Temperature", "parameterNumber": 3}, "data": [0.22, 0.22, 0.21, 0.53, 0.49, 0.49, 0.43, 0.38, 0.36, 0.42, 0.54, 0.64, 1.31, 1.4, 2.25, 2.46, 3.66, 3.77, 3.85, 3.91, 0.23, 0.22, 0.22, 0.2, 0.49, 0.43, 0.39, 0.27, 0.2, 0.33, 0.52, 0.67, 1.35, 1.44, 2.3, 3.53, 3.71, 3.84, 3.94, 3.99, 0.23, 0.23, 0.23, 0.22, 0.52, 0.45, 0.34, 0.19, -0.14, 0.25, 0.55, 0.75, 1.42, 1.5, 3.28, 3.56, 3.79, 3.96, 4.06, 4.1, 0.24, 0.24, 0.24, 0.24, 0.23, 0.51, 0.42, 0.28, 0.14, 0.38, 0.67, 0.89, 1.49, 1.83, 3.24, 3.63, 3.94, 4.14, 4.23, 4.24, 0.24, 0.24, 0.25, 0.26, 0.26, 0.59, 0.56, 0.51, 0.49, 0.61, 0.81, 1.75, 1.55, 1.8, 3.27, 3.8, 4.21, 4.43, 4.46, 4.4, 0.24, 0.25, 0.25, 0.27, 0.3, 0.33, 0.7, 0.72, 0.74, 0.77, 1.88, 1.88, 1.77, 2.63, 3.44, 4.06, 4.63, 4.87, 4.75, 4.57, 1.22, 0.24, 0.25, 0.27, 0.31, 0.37, 0.82, 0.89, 0.94, 1.62, 1.76, 2.18, 3.11, 3.11, 3.68, 4.34, 5.2, 5.52, 5.2, 4.93, 1.21, 1.18, 1.13, 1.32, 1.3, 0.66, 0.78, 0.97, 1.3, 1.54, 1.42, 3.19, 3.5, 3.5, 4.81, 5.17, 5.62, 5.78, 5.54, 5.38, 1.22, 1.17, 1.11, 1.03, 1.18, 1.19, 1.34, 0.84, 1.67, 1.67, 2.76, 3.45, 4.02, 3.75, 4.78, 5.06, 5.33, 5.45, 5.4, 5.31, 2.04, 1.96, 1.84, 0.98, 0.8, 0.86, 1.24, 1.66, 2.14, 2.03, 3.16, 3.65, 4.13, 3.81, 4.77, 4.96, 5.14, 5.24, 5.25, 5.23, 2.06, 1.98, 1.87, 1.66, 1.23, -0.04, 1.61, 2.52, 2.4, 2.49, 3.48, 3.54, 3.71, 3.68, 4.78, 4.91, 5.03, 5.11, 5.14, 5.15, 2.1, 2.04, 1.96, 1.83, 1.62, 1.52, 2.19, 3.1, 3.48, 4.06, 3.58, 4.25, 4.27, 3.55, 4.78, 4.87, 4.96, 4.58, 4.59, 4.59, 2.15, 2.12, 2.09, 2.06, 2.1, 2.34, 2.75, 3.13, 3.37, 3.08, 4.07, 4.22, 4.24, 3.6, 3.53, 4.24, 4.29, 4.34, 4.38, 4.41, 2.21, 2.2, 2.21, 2.25, 2.38, 2.66, 3.06, 2.97, 3.03, 2.96, 4.02, 3.71, 3.62, 3.52, 3.31, 3.95, 4.02, 4.1, 4.17, 4.23, 2.26, 2.27, 2.3, 2.37, 2.48, 2.66, 2.81, 3.39, 3.43, 3.43, 3.42, 2.94, 3.39, 3.27, 3.18, 3.62, 3.73, 3.86, 3.97, 4.06, 2.3, 2.33, 1.97, 2.04, 2.14, 3.31, 3.3, 3.31, 3.31, 3.32, 2.94, 2.82, 2.68, 2.69, 2.63, 2.93, 3.06, 3.19, 3.66, 3.79, 1.95, 1.98, 2.03, 2.09, 3.27, 3.25, 3.23, 3.19, 3.18, 3.2, 2.84, 2.73, 2.57, 2.38, 2.3, 2.42, 2.58, 2.71, 2.8, 2.86, 1.99, 2.02, 2.07, 2.12, 3.23, 3.19, 3.13, 3.05, 3.01, 2.65, 2.58, 2.67, 2.5, 2.3, 2.0, 2.37, 2.6, 2.75, 2.84, 2.9, 2.01, 2.05, 2.1, 3.23, 3.2, 3.15, 3.06, 2.92, 2.7, 2.65, 2.13, 2.02, 2.57, 2.42, 2.33, 2.51, 2.7, 2.84, 2.92, 2.96, 2.04, 2.07, 2.33, 2.34, 2.35, 2.38, 2.42, 2.5, 2.42, 2.24, 2.07, 1.98, 2.69, 2.64, 2.65, 2.75, 2.87, 2.96, 3.01, 3.03, 2.27, 2.27, 2.27, 2.27, 2.27, 2.27, 2.29, 2.32, 2.13, 2.05, 1.96, 1.9, 2.82, 2.84, 2.89, 2.98, 3.06, 3.11, 3.12, 3.11, 2.23, 2.22, 2.21, 2.19, 2.17, 2.15, 2.13, 1.72, 1.88, 1.83, 1.79, 1.78, 2.29, 3.0, 3.08, 3.18, 3.27, 3.27, 3.22, 3.17, 2.18, 2.17, 2.14, 1.55, 1.55, 1.55, 1.53, 1.49, 1.44, 1.39, 1.38, 2.25, 2.5, 3.1, 3.21, 3.36, 3.51, 3.42, 3.29, 3.22, 1.5, 1.49, 1.49, 1.48, 1.47, 1.44, 1.39, 1.31, 1.21, 1.16, 1.2, 1.65, 2.43, 2.75, 3.03, 3.43, 3.85, 3.39, 3.27, 3.22, 1.46, 1.46, 1.44, 1.42, 1.4, 1.35, 1.29, 1.18, 1.03, 0.9, 1.06, 1.54, 1.85, 2.7, 2.97, 3.19, 3.29, 3.11, 3.22, 3.21, 1.44, 1.42, 1.4, 1.38, 1.34, 1.29, 1.23, 1.13, 1.0, 0.9, 1.22, 1.48, 1.76, 2.64, 2.88, 3.07, 3.12, 3.1, 3.21, 3.2, 1.41, 1.39, 1.37, 1.34, 1.31, 1.26, 1.2, 1.13, 1.06, 1.02, 1.27, 1.44, 1.67, 2.57, 2.78, 2.92, 3.0, 3.03, 3.03, 3.02, 1.39, 1.37, 1.35, 1.32, 1.28, 1.24, 1.18, 1.13, 1.08, 1.2, 1.22, 1.14, 1.26, 1.4, 2.63, 2.79, 2.88, 2.93, 2.95, 2.95, 1.37, 1.35, 1.33, 1.3, 1.26, 1.22, 1.18, 1.13, 1.08, 1.14, 0.98, 1.1, 1.23, 1.36, 2.51, 2.67, 2.78, 2.84, 2.87, 2.89, 1.36, 1.34, 1.32, 1.29, 1.26, 1.22, 1.18, 1.14, 1.09, 1.05, 1.02, 1.11, 1.22, 1.34, 2.42, 2.58, 2.68, 2.76, 2.8, 2.83, 1.35, 1.33, 1.31, 1.28, 1.25, 1.22, 1.19, 1.15, 1.13, 1.11, 1.11, 1.16, 1.24, 1.33, 2.37, 2.51, 2.62, 2.69, 2.74, 2.77, 1.34, 1.32, 1.3, 1.28, 1.25, 1.23, 1.2, 1.18, 1.16, 1.16, 1.17, 1.21, 1.27, 1.33, 2.35, 2.47, 2.56, 2.64, 2.69, 2.73]}, {"header": {"refTime": "2023-09-10T00:00:00.000Z", "nx": 21, "ny": 33, "lo1": 113.509, "la1": 22.2235, "lo2": 113.5947, "la2": 22.1034, "dx": 0.0042850000000001385, "dy": 0.003753125000000024, "parameterCategory": 0, "parameterCategoryName": "Temperature", "parameterNumber": 0}, "data": [[26.38, 26.37, 26.37, 26.1, 26.11, 26.36, 26.36, 26.35, 26.35, 26.25, 26.28, 26.3, 26.56, 26.58, 26.62, 26.63, 26.77, 26.77, 26.77, 26.77], [26.39, 26.38, 26.37, 26.36, 26.11, 26.11, 26.34, 26.32, 26.31, 26.25, 26.28, 26.32, 26.58, 26.6, 26.64, 26.77, 26.77, 26.77, 26.77, 26.77], [26.39, 26.38, 26.38, 26.36, 26.11, 26.11, 26.13, 26.3, 26.23, 26.24, 26.29, 26.35, 26.61, 26.63, 26.77, 26.77, 26.77, 26.78, 26.78, 26.78], [26.4, 26.39, 26.39, 26.37, 26.36, 26.11, 26.12, 26.13, 26.15, 26.24, 26.31, 26.41, 26.67, 26.56, 26.78, 26.78, 26.78, 26.78, 26.78, 26.78], [26.41, 26.4, 26.4, 26.39, 26.37, 26.11, 26.11, 26.11, 26.11, 26.23, 26.3, 26.57, 26.7, 26.59, 26.77, 26.78, 26.78, 26.78, 26.78, 26.78], [26.42, 26.42, 26.41, 26.41, 26.39, 26.38, 26.11, 26.11, 26.09, 26.04, 26.35, 26.5, 26.62, 26.77, 26.77, 26.78, 26.78, 26.78, 26.78, 26.78], [26.52, 26.43, 26.43, 26.43, 26.42, 26.4, 26.25, 26.14, 26.12, 26.1, 26.07, 26.4, 26.74, 26.75, 26.77, 26.78, 26.79, 26.79, 26.8, 26.8], [26.53, 26.53, 26.53, 26.53, 26.52, 26.32, 26.28, 26.25, 26.26, 26.06, 25.87, 26.39, 26.4, 26.75, 26.76, 26.75, 26.77, 26.78, 26.77, 26.76], [26.47, 26.48, 26.55, 26.55, 26.56, 26.54, 26.49, 26.26, 26.11, 26.13, 26.08, 26.23, 26.3, 26.21, 26.76, 26.75, 26.76, 26.77, 26.76, 26.76], [26.7, 26.7, 26.7, 26.51, 26.54, 26.61, 26.56, 26.49, 25.96, 25.99, 26.31, 26.14, 26.19, 26.17, 26.76, 26.74, 26.75, 26.76, 26.76, 26.75], [26.7, 26.7, 26.7, 26.7, 26.7, 26.7, 26.7, 26.7, 26.56, 26.09, 25.7, 26.08, 26.13, 26.13, 26.76, 26.74, 26.75, 26.75, 26.75, 26.75], [26.7, 26.7, 26.7, 26.7, 26.7, 26.7, 26.7, 26.7, 26.7, -999.0, 25.7, 26.7, 26.7, 26.1, 26.76, 26.74, 26.74, 26.17, 26.19, 26.19], [26.7, 26.7, 26.7, 26.7, 26.7, 26.7, 26.7, 26.7, 26.7, 26.7, -999.0, 26.7, 26.7, 26.05, 26.33, 26.4, 26.41, 26.27, 26.29, 26.3], [26.7, 26.7, 26.7, 26.7, 26.7, 26.7, 26.7, 26.7, 26.7, 26.7, -999.0, 25.7, 25.7, 25.7, 26.25, 26.31, 26.33, 26.19, 26.22, 26.24], [26.7, 26.7, 26.7, 26.7, 26.7, 26.7, 26.7, 26.9, 26.9, 26.9, 26.9, 26.44, 25.7, 25.7, 25.7, 26.2, 26.24, 26.11, 26.15, 26.18], [26.7, 26.7, 26.83, 26.83, 26.83, 26.9, 26.9, 26.9, 26.9, 26.9, 26.14, 26.23, 26.11, 26.02, 26.13, 26.03, 26.08, 25.99, 26.23, 26.27], [26.83, 26.83, 26.77, 26.77, 26.9, 26.9, 26.9, 26.9, 26.9, 26.9, 26.38, 26.24, 26.08, 25.93, 25.94, 25.95, 26.04, 26.11, 26.16, 26.2], [26.77, 26.77, 26.78, 26.78, 26.9, 26.9, 26.9, 26.9, 26.9, 26.6, 26.43, 26.25, 26.07, 25.95, 25.74, 25.92, 26.05, 26.13, 26.19, 26.22], [26.78, 26.78, 26.78, 26.9, 26.9, 26.9, 26.9, 26.9, 26.79, 26.67, 26.54, 26.39, 26.19, 26.04, 25.91, 26.0, 26.1, 26.18, 26.22, 26.25], [26.78, 26.78, 26.84, 26.85, 26.85, 26.85, 26.86, 26.88, 26.78, 26.68, 26.55, 26.43, 26.26, 26.17, 26.07, 26.12, 26.19, 26.24, 26.27, 26.29], [26.84, 26.84, 26.84, 26.86, 26.86, 26.86, 26.87, 26.87, 26.69, 26.64, 26.56, 26.47, 26.32, 26.18, 26.2, 26.24, 26.29, 26.32, 26.33, 26.33], [26.85, 26.85, 26.85, 26.86, 26.86, 26.86, 26.86, 26.88, 26.66, 26.62, 26.57, 26.51, 26.35, 26.26, 26.3, 26.34, 26.38, 26.39, 26.38, 26.37], [26.85, 26.85, 26.85, 26.89, 26.89, 26.88, 26.88, 26.88, 26.87, 26.87, 26.87, 26.78, 26.64, 26.32, 26.36, 26.42, 26.47, 26.46, 26.43, 26.4], [26.89, 26.89, 26.89, 26.89, 26.89, 26.88, 26.88, 26.87, 26.86, 26.85, 26.86, 26.8, 26.65, 26.62, 26.6, 26.46, 26.55, 26.5, 26.46, 26.42], [26.89, 26.89, 26.89, 26.89, 26.89, 26.88, 26.88, 26.86, 26.84, 26.83, 26.85, 26.81, 26.8, 26.63, 26.6, 26.58, 26.49, 26.49, 26.46, 26.43], [26.89, 26.89, 26.89, 26.89, 26.89, 26.89, 26.88, 26.87, 26.85, 26.83, 26.83, 26.83, 26.81, 26.63, 26.61, 26.62, 26.59, 26.58, 26.45, 26.43], [26.9, 26.9, 26.89, 26.89, 26.89, 26.89, 26.89, 26.88, 26.88, 26.88, 26.85, 26.85, 26.83, 26.71, 26.67, 26.64, 26.62, 26.61, 26.61, 26.62], [26.9, 26.9, 26.9, 26.9, 26.9, 26.9, 26.9, 26.9, 26.91, 26.89, 26.9, 26.87, 26.83, 26.79, 26.7, 26.67, 26.64, 26.63, 26.63, 26.63], [26.9, 26.9, 26.9, 26.9, 26.9, 26.9, 26.91, 26.91, 26.93, 26.93, 26.96, 26.9, 26.85, 26.81, 26.72, 26.69, 26.67, 26.65, 26.65, 26.64], [26.9, 26.9, 26.9, 26.9, 26.9, 26.91, 26.91, 26.92, 26.89, 26.92, 26.94, 26.9, 26.86, 26.82, 26.73, 26.7, 26.68, 26.67, 26.66, 26.66], [26.9, 26.9, 26.9, 26.9, 26.91, 26.91, 26.91, 26.92, 26.88, 26.89, 26.9, 26.88, 26.85, 26.82, 26.74, 26.72, 26.7, 26.68, 26.67, 26.67], [26.9, 26.9, 26.9, 26.91, 26.91, 26.91, 26.92, 26.85, 26.86, 26.87, 26.87, 26.86, 26.84, 26.82, 26.75, 26.72, 26.71, 26.69, 26.68, 26.68]]}]