gis_exercise/awsData/contour/wdir_2023090217.json
[{"header": {"refTime": "2023-09-02T17:00:00.000Z", "nx": 21, "ny": 33, "lo1": 113.509, "la1": 22.2235, "lo2": 113.5947, "la2": 22.1034, "dx": 0.0042850000000001385, "dy": 0.003753125000000024, "parameterCategory": 2, "parameterCategoryName": "Temperature", "parameterNumber": 2}, "data": [-2.84, -2.83, -2.81, -3.08, -3.02, -3.56, -3.43, -3.31, -3.29, -3.28, -3.56, -3.82, -4.06, -4.18, -6.29, -6.55, -7.29, -7.41, -7.5, -7.55, -2.86, -2.84, -2.82, -2.79, -3.03, -2.93, -3.31, -3.04, -2.89, -3.06, -3.53, -3.93, -4.22, -4.33, -6.42, -7.19, -7.37, -7.52, -7.62, -7.67, -2.87, -2.86, -2.85, -2.82, -3.07, -2.96, -2.78, -2.82, -2.05, -2.88, -3.62, -4.15, -4.49, -4.56, -6.98, -7.25, -7.5, -7.69, -7.79, -7.82, -2.89, -2.88, -2.88, -2.87, -2.84, -3.07, -2.92, -2.67, -2.44, -3.17, -3.89, -4.54, -4.94, -5.2, -6.97, -7.36, -7.71, -7.94, -8.03, -8.02, -2.9, -2.91, -2.91, -2.92, -2.92, -3.22, -3.16, -3.07, -3.02, -3.61, -4.17, -5.29, -5.86, -5.32, -6.98, -7.54, -8.06, -8.34, -8.36, -8.25, -2.91, -2.92, -2.94, -2.96, -3.0, -3.06, -3.42, -3.46, -3.47, -3.44, -4.59, -4.98, -5.41, -6.46, -7.02, -7.82, -8.64, -8.99, -8.79, -8.5, -5.43, -2.93, -2.95, -2.98, -3.04, -3.15, -3.79, -3.83, -3.88, -3.98, -3.84, -4.4, -6.15, -6.5, -7.04, -8.1, -9.48, -9.99, -10.2, -9.98, -5.44, -5.35, -5.24, -4.74, -4.71, -3.53, -3.74, -4.08, -4.42, -3.96, -3.71, -4.97, -5.3, -6.76, -8.38, -9.11, -9.97, -10.29, -9.82, -9.51, -5.47, -5.37, -5.22, -5.03, -4.5, -4.54, -4.77, -3.85, -5.09, -4.0, -5.42, -6.27, -7.8, -7.07, -8.5, -8.96, -9.45, -9.67, -9.57, -9.4, -6.74, -6.59, -6.36, -4.96, -4.53, -4.01, -4.61, -5.26, -5.79, -5.56, -6.13, -7.15, -8.49, -7.45, -8.61, -8.84, -9.12, -9.29, -9.31, -9.24, -6.8, -6.66, -6.43, -6.03, -5.15, -2.63, -5.75, -7.25, -6.39, -6.32, -8.0, -6.91, -7.3, -7.15, -8.64, -8.77, -8.94, -9.06, -9.11, -9.1, -6.9, -6.8, -6.65, -6.4, -6.0, -5.79, -6.97, -8.11, -8.48, -9.75, -8.17, -8.2, -8.2, -6.86, -8.62, -8.71, -8.83, -9.92, -9.92, -9.91, -7.02, -6.98, -6.94, -6.94, -7.08, -7.7, -8.63, -8.55, -8.53, -8.23, -9.92, -8.19, -8.14, -7.66, -7.62, -9.68, -9.69, -9.72, -9.74, -9.76, -7.15, -7.16, -7.22, -7.36, -7.72, -8.55, -9.99, -8.84, -8.44, -8.23, -9.94, -9.11, -9.06, -8.99, -7.56, -9.4, -9.45, -9.5, -9.56, -9.61, -7.26, -7.31, -7.41, -7.6, -7.93, -8.43, -8.81, -7.76, -7.14, -6.67, -6.33, -5.31, -8.84, -8.74, -8.67, -9.09, -9.18, -9.28, -9.38, -9.46, -7.35, -7.42, -4.48, -4.68, -4.95, -6.86, -6.75, -6.33, -5.87, -5.6, -4.57, -4.96, -5.4, -6.13, -6.39, -8.29, -8.37, -8.46, -8.65, -8.74, -4.07, -4.13, -4.18, -4.23, -5.96, -5.71, -5.23, -4.59, -4.16, -4.21, -3.89, -4.63, -5.38, -6.11, -6.47, -7.4, -7.37, -7.34, -7.31, -7.29, -3.91, -3.9, -3.87, -3.78, -5.21, -4.67, -3.77, -2.55, -1.92, -2.45, -3.57, -4.3, -5.32, -6.35, -7.36, -7.42, -7.37, -7.33, -7.3, -7.28, -3.74, -3.69, -3.58, -5.08, -4.63, -3.9, -2.72, -0.77, 0.94, -1.39, -2.36, -3.61, -5.06, -6.05, -7.43, -7.39, -7.35, -7.32, -7.29, -7.27, -3.59, -3.5, -4.52, -4.24, -3.83, -3.2, -2.25, -0.9, 0.15, -1.15, -2.49, -3.57, -4.86, -5.64, -7.37, -7.36, -7.33, -7.3, -7.28, -7.25, -4.76, -4.62, -4.44, -4.19, -3.83, -3.36, -2.75, -2.11, -1.53, -2.14, -2.96, -3.7, -4.79, -7.33, -7.34, -7.33, -7.32, -7.29, -7.26, -7.23, -4.71, -4.59, -4.43, -4.23, -3.98, -3.69, -3.39, -1.74, -2.79, -3.14, -3.57, -3.97, -7.54, -7.31, -7.32, -7.34, -7.34, -7.29, -7.23, -7.2, -4.7, -4.6, -4.48, -2.21, -2.24, -2.31, -2.44, -2.66, -2.94, -3.13, -3.11, -4.6, -7.02, -7.29, -7.31, -7.36, -7.46, -7.31, -7.18, -7.15, -2.29, -2.32, -2.37, -2.43, -2.54, -2.72, -3.0, -3.44, -3.99, -4.26, -3.94, -5.99, -7.0, -7.06, -7.13, -7.34, -7.82, -7.09, -7.05, -7.09, -2.39, -2.44, -2.51, -2.61, -2.77, -3.0, -3.37, -3.96, -4.91, -5.7, -4.6, -5.85, -5.92, -7.03, -7.07, -7.09, -6.92, -6.59, -6.93, -7.04, -2.47, -2.53, -2.62, -2.74, -2.91, -3.15, -3.5, -4.04, -4.9, -5.57, -5.78, -5.57, -5.65, -7.0, -7.02, -6.28, -6.4, -6.38, -6.96, -7.03, -2.53, -2.6, -2.69, -2.81, -2.97, -3.18, -3.44, -3.78, -4.13, -4.21, -5.1, -5.07, -5.28, -5.3, -5.71, -6.0, -6.16, -6.22, -6.22, -6.19, -2.58, -2.65, -2.74, -2.84, -2.97, -3.13, -3.29, -3.44, -3.47, -4.33, -4.08, -4.01, -4.3, -4.54, -5.42, -5.73, -5.93, -6.03, -6.06, -6.06, -2.61, -2.68, -2.76, -2.85, -2.95, -3.05, -3.13, -3.16, -3.05, -3.45, -2.63, -3.48, -4.02, -4.35, -5.18, -5.5, -5.71, -5.84, -5.91, -5.94, -2.63, -2.69, -2.76, -2.83, -2.9, -2.97, -3.01, -2.99, -3.79, -3.23, -2.89, -3.43, -3.91, -4.25, -5.01, -5.32, -5.53, -5.68, -5.76, -5.81, -2.64, -2.69, -2.75, -2.81, -2.86, -2.91, -2.92, -2.9, -3.85, -3.58, -3.47, -3.67, -3.96, -4.22, -4.91, -5.19, -5.39, -5.54, -5.64, -5.71, -2.65, -2.69, -2.74, -2.78, -2.82, -2.85, -2.86, -4.14, -3.98, -3.84, -3.8, -3.9, -4.07, -4.25, -4.87, -5.11, -5.29, -5.44, -5.54, -5.61]}, {"header": {"refTime": "2023-09-02T17:00:00.000Z", "nx": 21, "ny": 33, "lo1": 113.509, "la1": 22.2235, "lo2": 113.5947, "la2": 22.1034, "dx": 0.0042850000000001385, "dy": 0.003753125000000024, "parameterCategory": 2, "parameterCategoryName": "Temperature", "parameterNumber": 3}, "data": [-0.04, -0.04, -0.03, 0.34, 0.34, -0.36, -0.32, -0.28, -0.28, 0.02, -0.05, -0.13, -0.63, -0.67, -0.68, -0.68, -0.83, -0.81, -0.79, -0.78, -0.05, -0.04, -0.04, -0.03, 0.33, 0.33, -0.28, -0.19, -0.14, 0.06, -0.06, -0.18, -0.69, -0.74, -0.73, -0.87, -0.83, -0.8, -0.77, -0.76, -0.05, -0.05, -0.04, -0.03, 0.33, 0.32, 0.32, -0.11, 0.16, 0.09, -0.09, -0.28, -0.8, -0.83, -0.94, -0.87, -0.81, -0.77, -0.75, -0.74, -0.05, -0.05, -0.05, -0.05, -0.04, 0.31, 0.31, 0.31, 0.31, 0.07, -0.15, -0.45, -0.99, -0.71, -0.95, -0.85, -0.78, -0.74, -0.72, -0.71, -0.06, -0.06, -0.06, -0.06, -0.06, 0.3, 0.29, 0.31, 0.34, 0.08, -0.15, -0.75, -1.23, -0.81, -0.94, -0.82, -0.73, -0.68, -0.67, -0.68, -0.06, -0.07, -0.07, -0.07, -0.08, -0.1, 0.26, 0.25, 0.32, 0.48, -0.09, -0.51, -0.89, -0.95, -0.88, -0.75, -0.65, -0.6, -0.62, -0.65, 0.56, -0.07, -0.07, -0.08, -0.1, -0.12, 0.14, 0.12, 0.17, 0.43, 0.61, -0.1, -0.7, -0.71, -0.79, -0.68, -0.54, -0.49, -0.51, -0.55, 0.58, 0.55, 0.51, 0.06, 0.04, 0.16, 0.11, -0.05, -0.26, 0.52, 1.09, 0.14, -0.04, -0.53, -0.26, -0.29, -0.33, -0.35, -0.32, -0.31, 0.61, 0.58, 0.54, 0.49, 0.06, 0.04, -0.0, 0.07, 0.25, 0.36, 0.56, 0.19, 0.05, 0.12, -0.24, -0.27, -0.3, -0.31, -0.31, -0.3, 0.99, 0.96, 0.9, 0.53, 0.43, 0.08, 0.09, 0.09, 0.48, 0.6, 0.39, 0.21, 0.09, 0.14, -0.22, -0.25, -0.28, -0.29, -0.29, -0.29, 1.01, 0.98, 0.93, 0.84, 0.65, 0.09, 0.72, 0.93, 0.3, 0.63, 0.7, 0.25, 0.19, 0.19, -0.22, -0.24, -0.26, -0.28, -0.28, -0.28, 1.04, 1.02, 0.99, 0.94, 0.86, 0.81, 1.01, 1.01, 0.94, 1.01, 0.7, 0.13, 0.08, 0.23, -0.22, -0.24, -0.26, -0.48, -0.49, -0.5, 1.07, 1.07, 1.07, 1.09, 1.14, 1.34, 1.58, 1.25, 1.05, 1.09, 1.01, 0.18, 0.13, -0.47, -0.5, -0.51, -0.53, -0.53, -0.53, -0.53, 1.1, 1.12, 1.14, 1.2, 1.32, 1.61, 2.17, 1.54, 1.26, 1.18, 1.09, -0.05, -0.16, -0.24, -0.59, -0.6, -0.6, -0.59, -0.58, -0.57, 1.13, 1.15, 1.19, 1.25, 1.36, 1.53, 1.64, 1.12, 0.83, 0.64, 0.53, -0.71, -0.27, -0.38, -0.44, -0.7, -0.68, -0.65, -0.63, -0.61, 1.15, 1.18, 0.46, 0.52, 0.6, 0.85, 0.81, 0.65, 0.46, 0.35, -0.82, -0.85, -0.9, -1.11, -1.1, 0.21, 0.45, 0.69, 0.78, 0.91, 0.32, 0.33, 0.35, 0.36, 0.54, 0.47, 0.31, 0.09, -0.06, -0.06, -1.0, -0.98, -1.0, -1.05, -0.56, -0.4, -0.13, 0.08, 0.23, 0.32, 0.26, 0.25, 0.23, 0.19, 0.29, 0.13, -0.16, -0.54, -0.74, -0.91, -0.78, -1.07, -1.06, -0.6, -1.09, -0.48, -0.09, 0.16, 0.31, 0.39, 0.19, 0.17, 0.13, 0.24, 0.1, -0.12, -0.49, -1.09, -1.69, -1.19, -1.63, -1.53, -0.23, -0.34, -0.53, -0.23, 0.1, 0.32, 0.43, 0.49, 0.14, 0.1, -0.36, -0.44, -0.55, -0.72, -0.97, -1.29, -1.82, -1.73, -1.63, -1.54, 0.02, 0.11, 0.02, 0.2, 0.41, 0.55, 0.6, 0.6, -0.36, -0.4, -0.46, -0.54, -0.65, -0.78, -0.95, -1.12, -1.71, -1.66, -1.6, -1.54, 0.34, 0.35, 0.46, 0.64, 0.8, 0.84, 0.79, 0.72, -0.42, -0.47, -0.53, -0.61, -0.7, -0.82, -0.93, -1.3, -1.63, -1.6, -1.57, -1.54, 0.79, 0.63, 0.82, 1.08, 1.26, 1.17, 0.95, 0.8, -0.47, -0.52, -0.59, -1.09, -1.11, -1.14, -1.17, -1.19, -1.2, -1.18, -1.14, 0.17, 0.42, 0.82, 1.07, 1.49, 1.97, 1.51, 1.0, 0.81, -0.99, -1.0, -1.02, -1.03, -1.05, -1.07, -1.09, -1.12, -1.15, -1.16, -1.09, 0.74, 0.32, 0.69, 1.06, 1.58, 3.37, 1.05, 0.73, 0.71, -0.96, -0.96, -0.97, -0.97, -0.98, -0.99, -1.01, -1.06, -1.17, -1.27, -1.08, 0.57, 1.19, 0.57, 0.87, 1.06, 0.53, -0.46, 0.41, 0.59, -0.92, -0.92, -0.92, -0.92, -0.91, -0.91, -0.92, -0.96, -1.08, -1.19, -0.09, 0.54, 1.09, 0.46, 0.66, 1.03, 0.68, 0.45, 0.42, 0.55, -0.89, -0.88, -0.87, -0.86, -0.84, -0.83, -0.81, -0.8, -0.8, -0.75, 0.27, 0.64, 1.04, 1.05, 1.04, 0.97, 0.83, 0.73, 0.77, 0.85, -0.86, -0.84, -0.83, -0.8, -0.78, -0.74, -0.69, -0.61, -0.49, 0.43, 0.57, -0.42, -0.67, -0.92, 1.0, 0.96, 0.9, 0.85, 0.86, 0.89, -0.83, -0.81, -0.78, -0.75, -0.72, -0.66, -0.58, -0.46, -0.26, 0.64, 0.4, -0.13, -0.51, -0.79, 0.97, 0.96, 0.93, 0.91, 0.91, 0.93, -0.8, -0.78, -0.75, -0.71, -0.67, -0.6, -0.51, -0.38, -0.27, 0.04, 0.23, -0.11, -0.45, -0.71, 0.96, 0.96, 0.95, 0.94, 0.94, 0.95, -0.78, -0.75, -0.72, -0.68, -0.63, -0.57, -0.48, -0.37, -0.33, -0.18, -0.13, -0.27, -0.49, -0.69, 0.96, 0.96, 0.96, 0.96, 0.96, 0.97, -0.76, -0.73, -0.7, -0.66, -0.62, -0.56, -0.48, -0.52, -0.43, -0.36, -0.35, -0.43, -0.56, -0.71, 0.96, 0.97, 0.97, 0.97, 0.97, 0.98]}, {"header": {"refTime": "2023-09-02T17:00:00.000Z", "nx": 21, "ny": 33, "lo1": 113.509, "la1": 22.2235, "lo2": 113.5947, "la2": 22.1034, "dx": 0.0042850000000001385, "dy": 0.003753125000000024, "parameterCategory": 0, "parameterCategoryName": "Temperature", "parameterNumber": 0}, "data": [[27.28, 27.28, 27.29, 27.09, 27.11, 27.34, 27.36, 27.38, 27.39, 27.33, 27.31, 27.3, 27.5, 27.5, 27.39, 27.37, 27.36, 27.35, 27.34, 27.34], [27.28, 27.28, 27.29, 27.29, 27.11, 27.14, 27.37, 27.4, 27.42, 27.35, 27.32, 27.3, 27.5, 27.5, 27.39, 27.37, 27.35, 27.34, 27.33, 27.33], [27.28, 27.28, 27.28, 27.29, 27.1, 27.13, 27.19, 27.41, 27.48, 27.37, 27.32, 27.3, 27.5, 27.5, 27.39, 27.36, 27.34, 27.33, 27.32, 27.32], [27.27, 27.27, 27.27, 27.28, 27.28, 27.1, 27.15, 27.22, 27.29, 27.33, 27.29, 27.31, 27.5, 27.32, 27.39, 27.36, 27.33, 27.31, 27.3, 27.3], [27.27, 27.27, 27.27, 27.27, 27.26, 27.06, 27.08, 27.1, 27.11, 27.24, 27.24, 27.32, 27.43, 27.35, 27.39, 27.34, 27.3, 27.28, 27.28, 27.29], [27.27, 27.27, 27.26, 27.26, 27.25, 27.24, 27.02, 27.01, 26.98, 26.94, 27.15, 27.27, 27.37, 27.5, 27.38, 27.32, 27.26, 27.24, 27.25, 27.27], [27.18, 27.27, 27.26, 27.25, 27.24, 27.22, 26.95, 26.94, 26.91, 26.88, 26.89, 27.2, 27.5, 27.5, 27.37, 27.3, 27.2, 27.17, 27.17, 27.2], [27.19, 27.19, 27.19, 27.19, 27.18, 27.02, 26.97, 26.92, 26.9, 26.85, 26.73, 27.22, 27.23, 27.5, 27.25, 27.29, 27.2, 27.17, 27.22, 27.26], [27.11, 27.12, 27.21, 27.22, 27.22, 27.2, 27.14, 26.95, 26.8, 26.9, 26.95, 27.08, 27.14, 27.06, 27.26, 27.31, 27.26, 27.24, 27.25, 27.27], [27.4, 27.4, 27.4, 27.17, 27.2, 27.29, 27.23, 27.14, 26.73, 26.75, 27.15, 27.0, 27.04, 27.02, 27.26, 27.33, 27.29, 27.28, 27.28, 27.28], [27.4, 27.4, 27.4, 27.4, 27.4, 27.4, 27.4, 27.4, 27.22, 26.8, 26.6, 26.94, 26.98, 26.99, 27.26, 27.34, 27.31, 27.3, 27.3, 27.3], [27.4, 27.4, 27.4, 27.4, 27.4, 27.4, 27.4, 27.4, 27.4, -999.0, 26.6, 27.5, 27.5, 26.96, 27.25, 27.35, 27.34, 26.59, 26.6, 26.6], [27.4, 27.4, 27.4, 27.4, 27.4, 27.4, 27.4, 27.4, 27.4, 27.4, -999.0, 27.5, 27.5, 26.65, 27.02, 26.77, 26.78, 26.67, 26.68, 26.69], [27.4, 27.4, 27.4, 27.4, 27.4, 27.4, 27.4, 27.4, 27.4, 27.4, -999.0, 26.2, 26.2, 26.2, 26.91, 26.7, 26.71, 26.6, 26.62, 26.64], [27.4, 27.4, 27.4, 27.4, 27.4, 27.4, 27.4, 27.5, 27.5, 27.5, 27.5, 27.0, 26.2, 26.2, 26.2, 26.61, 26.64, 26.54, 26.57, 26.59], [27.4, 27.4, 27.46, 27.46, 27.47, 27.5, 27.5, 27.5, 27.5, 27.5, 26.68, 26.77, 26.65, 26.54, 26.66, 26.46, 26.5, 26.43, 26.62, 26.65], [27.46, 27.46, 27.44, 27.44, 27.5, 27.5, 27.5, 27.5, 27.5, 27.5, 26.94, 26.78, 26.61, 26.45, 26.43, 26.42, 26.5, 26.56, 26.61, 26.64], [27.44, 27.44, 27.44, 27.44, 27.5, 27.5, 27.5, 27.5, 27.5, 27.17, 27.0, 26.8, 26.6, 26.45, 26.23, 26.4, 26.51, 26.58, 26.63, 26.66], [27.44, 27.44, 27.44, 27.5, 27.5, 27.5, 27.5, 27.5, 27.38, 27.25, 27.14, 26.98, 26.68, 26.52, 26.38, 26.46, 26.55, 26.62, 26.66, 26.68], [27.44, 27.44, 27.56, 27.55, 27.55, 27.55, 27.54, 27.52, 27.39, 27.29, 27.17, 27.04, 26.74, 26.64, 26.53, 26.57, 26.63, 26.67, 26.7, 26.72], [27.56, 27.56, 27.56, 27.54, 27.54, 27.54, 27.53, 27.53, 27.32, 27.27, 27.19, 27.09, 26.8, 26.62, 26.64, 26.67, 26.71, 26.74, 26.75, 26.75], [27.55, 27.55, 27.55, 27.54, 27.54, 27.54, 27.54, 27.48, 27.31, 27.28, 27.22, 27.15, 26.88, 26.69, 26.72, 26.76, 26.79, 26.8, 26.8, 26.79], [27.55, 27.55, 27.55, 27.46, 27.47, 27.47, 27.48, 27.48, 27.49, 27.49, 27.49, 27.39, 27.19, 26.74, 26.78, 26.82, 26.86, 26.86, 26.84, 26.82], [27.45, 27.45, 27.45, 27.46, 27.46, 27.47, 27.48, 27.49, 27.51, 27.51, 27.5, 27.33, 27.2, 27.13, 27.07, 26.86, 26.9, 26.91, 26.88, 26.84], [27.45, 27.45, 27.45, 27.45, 27.46, 27.46, 27.47, 27.49, 27.53, 27.56, 27.51, 27.34, 27.27, 27.14, 27.08, 27.02, 26.92, 26.94, 26.89, 26.85], [27.44, 27.44, 27.44, 27.45, 27.45, 27.45, 27.46, 27.48, 27.51, 27.54, 27.42, 27.34, 27.28, 27.15, 27.09, 26.99, 26.98, 26.98, 26.87, 26.85], [27.44, 27.44, 27.44, 27.44, 27.44, 27.44, 27.45, 27.45, 27.46, 27.45, 27.35, 27.31, 27.27, 27.04, 27.02, 27.0, 27.0, 26.99, 26.99, 26.99], [27.43, 27.43, 27.43, 27.43, 27.43, 27.43, 27.42, 27.42, 27.4, 27.31, 27.28, 27.29, 27.28, 27.26, 27.03, 27.02, 27.01, 27.0, 27.0, 27.0], [27.43, 27.43, 27.43, 27.43, 27.42, 27.42, 27.41, 27.39, 27.36, 27.25, 27.23, 27.26, 27.27, 27.26, 27.05, 27.03, 27.02, 27.01, 27.01, 27.01], [27.43, 27.43, 27.42, 27.42, 27.41, 27.41, 27.39, 27.38, 27.28, 27.26, 27.24, 27.25, 27.26, 27.25, 27.05, 27.04, 27.03, 27.02, 27.02, 27.01], [27.42, 27.42, 27.42, 27.41, 27.41, 27.4, 27.39, 27.37, 27.28, 27.27, 27.26, 27.26, 27.26, 27.25, 27.06, 27.04, 27.03, 27.03, 27.02, 27.02], [27.42, 27.42, 27.42, 27.41, 27.41, 27.4, 27.39, 27.29, 27.28, 27.27, 27.27, 27.26, 27.26, 27.26, 27.06, 27.05, 27.04, 27.03, 27.03, 27.02]]}]