gis_exercise/awsData/contour/wdir_2023091211.json
[{"header": {"refTime": "2023-09-12T11:00:00.000Z", "nx": 21, "ny": 33, "lo1": 113.509, "la1": 22.2235, "lo2": 113.5947, "la2": 22.1034, "dx": 0.0042850000000001385, "dy": 0.003753125000000024, "parameterCategory": 2, "parameterCategoryName": "Temperature", "parameterNumber": 2}, "data": [-2.04, -2.03, -2.02, -2.0, -1.97, -2.42, -2.36, -2.3, -2.3, -2.22, -2.36, -2.49, -2.89, -2.96, -3.21, -3.25, -3.71, -3.71, -3.71, -3.71, -2.04, -2.04, -2.03, -2.01, -1.98, -1.94, -2.3, -2.17, -2.09, -2.12, -2.35, -2.55, -2.97, -3.04, -3.27, -3.72, -3.72, -3.72, -3.71, -3.71, -2.05, -2.05, -2.04, -2.02, -2.0, -1.96, -1.89, -2.06, -1.67, -2.04, -2.4, -2.67, -3.11, -3.16, -3.73, -3.72, -3.72, -3.72, -3.72, -3.72, -2.06, -2.06, -2.05, -2.05, -2.03, -2.0, -1.95, -1.85, -1.77, -2.16, -2.52, -2.89, -3.34, -3.37, -3.73, -3.73, -3.73, -3.73, -3.73, -3.72, -2.07, -2.07, -2.07, -2.07, -2.07, -2.06, -2.04, -2.0, -1.98, -2.34, -2.64, -3.4, -3.73, -3.44, -3.73, -3.73, -3.74, -3.74, -3.74, -3.73, -2.07, -2.08, -2.08, -2.09, -2.11, -2.13, -2.15, -2.16, -2.15, -2.1, -2.95, -3.24, -3.5, -3.67, -3.71, -3.72, -3.75, -3.77, -3.76, -3.74, -3.02, -2.08, -2.09, -2.11, -2.13, -2.17, -2.33, -2.33, -2.33, -2.44, -2.39, -2.96, -3.52, -3.56, -3.67, -3.72, -3.79, -3.81, -3.83, -3.82, -3.02, -2.99, -2.95, -2.94, -2.93, -2.25, -2.33, -2.48, -2.69, -2.39, -2.12, -2.92, -3.07, -3.49, -3.52, -3.61, -3.73, -3.77, -3.71, -3.67, -3.03, -2.99, -2.94, -2.87, -2.84, -2.85, -2.95, -2.37, -2.92, -2.48, -2.68, -3.01, -3.26, -3.14, -3.52, -3.59, -3.65, -3.68, -3.67, -3.65, -3.65, -3.59, -3.5, -2.84, -2.69, -2.63, -2.89, -3.18, -3.26, -3.11, -2.87, -3.09, -3.29, -3.16, -3.52, -3.56, -3.61, -3.63, -3.64, -3.63, -3.67, -3.61, -3.52, -3.36, -3.02, -2.01, -3.29, -3.95, -3.72, -3.52, -3.53, -3.04, -3.11, -3.1, -3.52, -3.55, -3.58, -3.6, -3.61, -3.61, -3.71, -3.66, -3.6, -3.5, -3.33, -3.25, -3.76, -4.36, -4.59, -4.65, -3.73, -3.89, -3.8, -3.05, -3.52, -3.54, -3.56, -3.68, -3.68, -3.68, -3.75, -3.73, -3.71, -3.7, -3.74, -3.95, -4.3, -4.45, -4.55, -4.37, -4.54, -3.98, -3.88, -3.43, -3.43, -3.64, -3.65, -3.66, -3.66, -3.67, -3.8, -3.8, -3.81, -3.85, -3.97, -4.24, -4.67, -4.43, -4.39, -4.32, -4.57, -4.1, -4.0, -3.93, -3.44, -3.62, -3.63, -3.64, -3.65, -3.65, -3.84, -3.85, -3.89, -3.95, -4.06, -4.22, -4.36, -3.78, -3.55, -3.35, -3.19, -2.73, -3.96, -3.89, -3.85, -3.61, -3.62, -3.63, -3.63, -3.64, -3.88, -3.9, -2.28, -2.36, -2.46, -3.32, -3.27, -3.1, -2.9, -2.79, -2.36, -2.52, -2.7, -2.58, -2.72, -3.43, -3.42, -3.4, -3.46, -3.46, -2.1, -2.11, -2.13, -2.13, -2.91, -2.78, -2.55, -2.25, -2.05, -2.09, -1.99, -2.32, -2.65, -2.96, -2.92, -3.27, -3.18, -3.11, -3.06, -3.03, -2.01, -2.0, -1.97, -1.91, -2.55, -2.28, -1.84, -1.25, -0.94, -1.08, -1.62, -2.14, -2.6, -2.87, -3.44, -3.3, -3.18, -3.09, -3.04, -3.0, -1.92, -1.88, -1.82, -2.49, -2.27, -1.91, -1.33, -0.37, 0.51, -0.59, -0.96, -1.55, -2.18, -2.69, -3.32, -3.23, -3.12, -3.05, -3.0, -2.97, -1.85, -1.79, -1.89, -1.76, -1.57, -1.29, -0.87, -0.27, 0.19, -0.39, -1.0, -1.51, -2.05, -2.42, -3.16, -3.11, -3.04, -2.99, -2.96, -2.94, -1.98, -1.92, -1.83, -1.72, -1.56, -1.34, -1.07, -0.79, -0.54, -0.81, -1.19, -1.54, -1.97, -3.06, -3.04, -3.0, -2.95, -2.92, -2.9, -2.89, -1.95, -1.89, -1.82, -1.72, -1.61, -1.47, -1.33, -0.7, -1.06, -1.22, -1.42, -1.62, -3.04, -2.98, -2.95, -2.91, -2.88, -2.85, -2.85, -2.85, -1.93, -1.88, -1.82, -0.97, -0.97, -0.99, -1.02, -1.1, -1.2, -1.28, -1.29, -1.62, -2.64, -2.92, -2.89, -2.85, -2.83, -2.8, -2.79, -2.81, -1.04, -1.05, -1.06, -1.08, -1.12, -1.17, -1.27, -1.43, -1.62, -1.73, -1.63, -2.45, -2.63, -2.65, -2.67, -2.81, -2.87, -2.7, -2.73, -2.77, -1.1, -1.11, -1.14, -1.17, -1.23, -1.32, -1.45, -1.65, -1.97, -2.23, -1.89, -2.42, -2.44, -2.64, -2.65, -2.66, -2.66, -2.57, -2.69, -2.75, -1.14, -1.17, -1.2, -1.25, -1.31, -1.41, -1.54, -1.73, -2.01, -2.22, -2.39, -2.36, -2.39, -2.63, -2.64, -2.5, -2.52, -2.51, -2.71, -2.75, -1.18, -1.21, -1.25, -1.3, -1.37, -1.45, -1.56, -1.69, -1.83, -1.88, -2.27, -2.27, -2.31, -2.31, -2.39, -2.45, -2.47, -2.48, -2.48, -2.48, -1.21, -1.24, -1.28, -1.33, -1.4, -1.47, -1.56, -1.64, -1.71, -2.12, -2.07, -2.04, -2.09, -2.13, -2.33, -2.39, -2.43, -2.45, -2.46, -2.46, -1.24, -1.27, -1.31, -1.36, -1.41, -1.47, -1.54, -1.6, -1.65, -1.95, -1.79, -1.94, -2.04, -2.1, -2.29, -2.35, -2.39, -2.41, -2.43, -2.43, -1.26, -1.29, -1.32, -1.37, -1.42, -1.47, -1.52, -1.57, -2.0, -1.9, -1.84, -1.93, -2.02, -2.08, -2.25, -2.31, -2.36, -2.38, -2.4, -2.41, -1.27, -1.3, -1.33, -1.37, -1.41, -1.46, -1.5, -1.54, -2.01, -1.96, -1.94, -1.98, -2.03, -2.08, -2.24, -2.29, -2.33, -2.36, -2.38, -2.39, -1.28, -1.31, -1.34, -1.37, -1.41, -1.44, -1.48, -2.07, -2.04, -2.01, -2.0, -2.02, -2.05, -2.08, -2.23, -2.27, -2.31, -2.34, -2.36, -2.37]}, {"header": {"refTime": "2023-09-12T11:00:00.000Z", "nx": 21, "ny": 33, "lo1": 113.509, "la1": 22.2235, "lo2": 113.5947, "la2": 22.1034, "dx": 0.0042850000000001385, "dy": 0.003753125000000024, "parameterCategory": 2, "parameterCategoryName": "Temperature", "parameterNumber": 3}, "data": [0.59, 0.56, 0.52, 0.33, 0.27, -0.13, -0.19, -0.25, -0.29, -0.37, -0.33, -0.3, -0.36, -0.34, -0.6, -0.6, -0.27, -0.27, -0.27, -0.27, 0.62, 0.59, 0.54, 0.48, 0.28, 0.2, -0.21, -0.32, -0.4, -0.42, -0.34, -0.3, -0.36, -0.34, -0.6, -0.27, -0.28, -0.28, -0.28, -0.28, 0.65, 0.62, 0.58, 0.53, 0.32, 0.23, 0.08, -0.37, -0.64, -0.46, -0.34, -0.3, -0.36, -0.34, -0.28, -0.28, -0.29, -0.29, -0.29, -0.29, 0.69, 0.66, 0.63, 0.59, 0.52, 0.31, 0.19, -0.01, -0.19, -0.37, -0.29, -0.3, -0.38, -0.03, -0.29, -0.29, -0.3, -0.31, -0.31, -0.3, 0.73, 0.72, 0.7, 0.67, 0.62, 0.43, 0.38, 0.31, 0.28, -0.2, -0.19, -0.07, -0.35, -0.09, -0.28, -0.29, -0.32, -0.33, -0.33, -0.32, 0.77, 0.77, 0.77, 0.76, 0.74, 0.72, 0.58, 0.62, 0.63, 0.63, 0.28, 0.08, -0.13, -0.26, -0.25, -0.3, -0.35, -0.38, -0.36, -0.33, 0.8, 0.83, 0.84, 0.85, 0.85, 0.87, 1.28, 0.89, 0.93, 0.99, 0.89, 0.35, -0.08, -0.15, -0.21, -0.3, -0.41, -0.46, -0.54, -0.54, 0.79, 0.82, 0.85, 0.99, 1.01, 1.3, 1.3, 1.32, 1.3, 1.0, 0.88, 0.42, 0.33, -0.09, -0.17, -0.27, -0.4, -0.44, -0.38, -0.33, 0.78, 0.8, 0.84, 0.89, 1.03, 1.04, 1.03, 1.3, 0.97, 0.99, 0.43, 0.22, -0.05, 0.08, -0.19, -0.25, -0.32, -0.35, -0.34, -0.31, 0.28, 0.32, 0.38, 0.88, 0.98, 1.11, 1.0, 0.87, 0.68, 0.7, 0.28, 0.09, -0.15, 0.02, -0.2, -0.24, -0.28, -0.3, -0.3, -0.29, 0.26, 0.3, 0.36, 0.47, 0.7, 1.38, 0.54, 0.14, 0.5, 0.48, -0.03, 0.13, 0.06, 0.08, -0.21, -0.23, -0.25, -0.27, -0.27, -0.27, 0.23, 0.26, 0.3, 0.37, 0.48, 0.53, 0.21, -0.09, -0.19, -0.48, -0.08, -0.17, -0.17, 0.13, -0.21, -0.22, -0.23, -0.59, -0.59, -0.59, 0.2, 0.21, 0.22, 0.22, 0.19, 0.02, -0.23, -0.21, -0.2, -0.12, -0.5, -0.17, -0.16, -0.28, -0.29, -0.6, -0.6, -0.6, -0.6, -0.6, 0.17, 0.16, 0.15, 0.11, 0.01, -0.21, -0.6, -0.29, -0.18, -0.12, -0.52, -0.52, -0.54, -0.55, -0.34, -0.62, -0.61, -0.61, -0.61, -0.61, 0.14, 0.12, 0.1, 0.05, -0.04, -0.18, -0.28, -0.31, -0.21, -0.14, -0.1, -0.11, -0.56, -0.58, -0.6, -0.64, -0.63, -0.63, -0.62, -0.62, 0.11, 0.09, 0.43, 0.38, 0.31, -0.2, -0.18, -0.12, -0.05, -0.01, 0.0, -0.09, -0.2, -0.34, -0.39, -0.52, -0.48, -0.44, -0.42, -0.4, 0.49, 0.47, 0.45, 0.42, -0.07, -0.04, 0.02, 0.11, 0.17, 0.17, 0.08, -0.07, -0.23, -0.4, -0.43, -0.65, -0.61, -0.58, -0.57, -0.56, 0.5, 0.48, 0.47, 0.46, 0.03, 0.1, 0.22, 0.38, 0.46, 0.28, 0.08, -0.03, -0.24, -0.42, -0.7, -0.66, -0.61, -0.57, -0.56, -0.55, 0.5, 0.5, 0.5, 0.05, 0.11, 0.2, 0.36, 0.61, 0.81, 0.44, 0.04, -0.19, -0.09, -0.31, -0.66, -0.62, -0.58, -0.55, -0.54, -0.53, 0.52, 0.51, -0.23, -0.19, -0.12, -0.01, 0.16, 0.41, 0.55, 0.27, -0.01, -0.21, -0.01, -0.15, -0.59, -0.57, -0.54, -0.52, -0.52, -0.52, -0.3, -0.28, -0.25, -0.21, -0.16, -0.08, 0.02, 0.13, 0.16, 0.03, -0.14, -0.27, 0.06, -0.55, -0.53, -0.5, -0.48, -0.48, -0.49, -0.5, -0.32, -0.3, -0.28, -0.26, -0.23, -0.19, -0.16, 0.03, -0.16, -0.24, -0.32, -0.38, -0.63, -0.51, -0.48, -0.44, -0.42, -0.43, -0.47, -0.5, -0.34, -0.33, -0.32, -0.07, -0.08, -0.11, -0.14, -0.21, -0.28, -0.33, -0.32, -0.25, -0.75, -0.48, -0.45, -0.38, -0.3, -0.38, -0.47, -0.5, -0.08, -0.09, -0.1, -0.12, -0.16, -0.21, -0.29, -0.41, -0.57, -0.64, -0.55, -0.57, -0.78, -0.67, -0.56, -0.37, -0.06, -0.47, -0.52, -0.52, -0.1, -0.12, -0.14, -0.17, -0.21, -0.27, -0.38, -0.55, -0.82, -1.05, -0.73, -0.6, -0.43, -0.69, -0.6, -0.53, -0.56, -0.74, -0.58, -0.54, -0.12, -0.14, -0.16, -0.19, -0.24, -0.3, -0.4, -0.56, -0.81, -1.01, -0.77, -0.55, -0.4, -0.72, -0.64, -0.37, -0.46, -0.52, -0.57, -0.55, -0.13, -0.15, -0.17, -0.2, -0.25, -0.3, -0.37, -0.46, -0.56, -0.57, -0.53, -0.42, -0.34, -0.21, -0.28, -0.34, -0.4, -0.43, -0.42, -0.4, -0.14, -0.16, -0.18, -0.21, -0.24, -0.27, -0.31, -0.34, -0.34, -0.33, -0.24, -0.46, -0.56, -0.65, -0.24, -0.3, -0.34, -0.37, -0.37, -0.37, -0.15, -0.16, -0.18, -0.2, -0.22, -0.24, -0.26, -0.25, -0.19, -0.09, 0.02, -0.27, -0.46, -0.58, -0.21, -0.26, -0.3, -0.33, -0.34, -0.34, -0.15, -0.16, -0.18, -0.19, -0.2, -0.21, -0.21, -0.19, -0.38, -0.19, -0.07, -0.26, -0.43, -0.55, -0.19, -0.24, -0.27, -0.29, -0.31, -0.31, -0.15, -0.16, -0.17, -0.18, -0.19, -0.19, -0.18, -0.16, -0.4, -0.31, -0.27, -0.34, -0.44, -0.54, -0.17, -0.22, -0.25, -0.27, -0.29, -0.29, -0.15, -0.15, -0.16, -0.17, -0.18, -0.18, -0.17, -0.5, -0.45, -0.4, -0.39, -0.42, -0.48, -0.55, -0.17, -0.2, -0.23, -0.25, -0.27, -0.28]}, {"header": {"refTime": "2023-09-12T11:00:00.000Z", "nx": 21, "ny": 33, "lo1": 113.509, "la1": 22.2235, "lo2": 113.5947, "la2": 22.1034, "dx": 0.0042850000000001385, "dy": 0.003753125000000024, "parameterCategory": 0, "parameterCategoryName": "Temperature", "parameterNumber": 0}, "data": [[28.15, 28.15, 28.14, 28.11, 28.11, 28.18, 28.18, 28.19, 28.2, 28.4, 28.45, 28.5, 28.71, 28.74, 28.57, 28.58, 28.9, 28.89, 28.89, 28.88], [28.16, 28.15, 28.14, 28.13, 28.11, 28.11, 28.17, 28.17, 28.17, 28.36, 28.45, 28.52, 28.73, 28.76, 28.6, 28.91, 28.89, 28.88, 28.88, 28.87], [28.16, 28.16, 28.15, 28.13, 28.1, 28.1, 28.1, 28.15, 28.12, 28.32, 28.46, 28.56, 28.77, 28.8, 28.92, 28.9, 28.88, 28.87, 28.86, 28.86], [28.17, 28.16, 28.15, 28.14, 28.12, 28.1, 28.1, 28.1, 28.11, 28.38, 28.51, 28.63, 28.83, 28.93, 28.92, 28.89, 28.87, 28.85, 28.84, 28.85], [28.18, 28.17, 28.16, 28.15, 28.13, 28.09, 28.09, 28.09, 28.11, 28.47, 28.57, 28.92, 28.91, 28.93, 28.92, 28.88, 28.84, 28.82, 28.82, 28.83], [28.19, 28.19, 28.18, 28.17, 28.14, 28.11, 28.06, 28.06, 28.09, 28.16, 28.89, 28.93, 28.94, 29.03, 28.92, 28.86, 28.79, 28.77, 28.78, 28.81], [28.25, 28.21, 28.2, 28.19, 28.17, 28.12, 28.18, 27.99, 28.01, 28.43, 28.6, 28.96, 29.13, 29.1, 28.93, 28.84, 28.73, 28.68, 28.66, 28.67], [28.27, 28.28, 28.28, 28.27, 28.25, 28.28, 28.19, 28.01, 27.89, 28.42, 28.61, 29.08, 29.09, 29.1, 28.86, 28.94, 28.78, 28.73, 28.82, 28.87], [28.13, 28.14, 28.32, 28.33, 28.34, 28.3, 28.18, 28.14, 27.99, 28.43, 28.87, 28.97, 29.02, 28.96, 28.88, 28.96, 28.88, 28.84, 28.86, 28.89], [28.7, 28.7, 28.7, 28.23, 28.3, 28.47, 28.35, 28.18, 28.21, 28.16, 29.03, 28.91, 28.95, 28.93, 28.88, 28.99, 28.94, 28.91, 28.91, 28.92], [28.7, 28.7, 28.7, 28.7, 28.7, 28.7, 28.7, 28.7, 28.35, 28.01, 28.6, 28.87, 28.9, 28.9, 28.87, 29.02, 28.98, 28.95, 28.95, 28.95], [28.7, 28.7, 28.7, 28.7, 28.7, 28.7, 28.7, 28.7, 28.7, -999.0, 28.6, 29.3, 29.3, 28.88, 28.86, 29.04, 29.02, 28.66, 28.66, 28.66], [28.7, 28.7, 28.7, 28.7, 28.7, 28.7, 28.7, 28.7, 28.7, 28.7, -999.0, 29.3, 29.3, 28.91, 29.08, 28.64, 28.64, 28.65, 28.65, 28.65], [28.7, 28.7, 28.7, 28.7, 28.7, 28.7, 28.7, 28.7, 28.7, 28.7, -999.0, 28.7, 28.7, 28.7, 29.03, 28.64, 28.64, 28.66, 28.65, 28.65], [28.7, 28.7, 28.7, 28.7, 28.7, 28.7, 28.7, 28.8, 28.8, 28.8, 28.8, 28.76, 28.7, 28.7, 28.7, 28.65, 28.65, 28.66, 28.66, 28.66], [28.7, 28.7, 28.76, 28.76, 28.77, 28.8, 28.8, 28.8, 28.8, 28.8, 28.74, 28.74, 28.73, 28.73, 28.74, 28.44, 28.4, 28.47, 28.48, 28.47], [28.76, 28.76, 28.74, 28.74, 28.8, 28.8, 28.8, 28.8, 28.8, 28.8, 28.76, 28.74, 28.73, 28.72, 28.63, 28.93, 29.01, 29.08, 29.13, 29.17], [28.74, 28.74, 28.74, 28.74, 28.8, 28.8, 28.8, 28.8, 28.8, 28.77, 28.76, 28.75, 28.73, 28.64, 28.69, 28.9, 29.01, 29.09, 29.15, 29.19], [28.74, 28.74, 28.74, 28.8, 28.8, 28.8, 28.8, 28.8, 28.79, 28.78, 29.05, 29.05, 28.6, 28.61, 28.88, 28.96, 29.05, 29.13, 29.18, 29.22], [28.74, 28.74, 29.66, 29.62, 29.56, 29.48, 29.36, 29.05, 28.96, 29.04, 29.1, 29.11, 28.57, 28.56, 29.02, 29.06, 29.12, 29.17, 29.22, 29.25], [29.71, 29.69, 29.66, 29.42, 29.39, 29.35, 29.29, 29.23, 29.14, 29.17, 29.2, 29.19, 28.54, 29.11, 29.11, 29.14, 29.17, 29.22, 29.26, 29.3], [29.5, 29.49, 29.48, 29.47, 29.46, 29.45, 29.43, 29.34, 29.32, 29.34, 29.34, 29.31, 29.0, 29.17, 29.18, 29.17, 29.19, 29.25, 29.32, 29.35], [29.53, 29.53, 29.53, 29.37, 29.38, 29.4, 29.43, 29.48, 29.53, 29.56, 29.55, 29.25, 29.77, 29.23, 29.22, 29.17, 29.08, 29.26, 29.4, 29.42], [29.36, 29.37, 29.38, 29.4, 29.42, 29.46, 29.52, 29.61, 29.72, 29.77, 29.69, 29.39, 29.8, 29.69, 29.57, 29.22, 28.67, 29.54, 29.57, 29.5], [29.37, 29.38, 29.4, 29.42, 29.45, 29.49, 29.57, 29.69, 29.89, 30.06, 29.81, 29.43, 29.21, 29.73, 29.65, 29.6, 29.74, 30.14, 29.71, 29.57], [29.38, 29.39, 29.41, 29.43, 29.46, 29.5, 29.57, 29.68, 29.87, 30.02, 29.67, 29.41, 29.21, 29.77, 29.72, 29.51, 29.69, 29.79, 29.68, 29.58], [29.38, 29.39, 29.41, 29.43, 29.45, 29.49, 29.53, 29.59, 29.66, 29.66, 29.45, 29.31, 29.18, 29.32, 29.4, 29.49, 29.58, 29.63, 29.62, 29.58], [29.38, 29.39, 29.4, 29.42, 29.44, 29.45, 29.47, 29.48, 29.46, 29.29, 29.21, 29.64, 29.8, 29.96, 29.37, 29.45, 29.51, 29.55, 29.55, 29.54], [29.38, 29.39, 29.4, 29.41, 29.42, 29.42, 29.42, 29.39, 29.32, 29.1, 29.11, 29.45, 29.69, 29.87, 29.34, 29.4, 29.45, 29.49, 29.5, 29.5], [29.38, 29.38, 29.39, 29.39, 29.4, 29.39, 29.38, 29.34, 29.54, 29.34, 29.21, 29.44, 29.65, 29.82, 29.31, 29.37, 29.41, 29.44, 29.46, 29.46], [29.37, 29.38, 29.38, 29.38, 29.38, 29.37, 29.35, 29.32, 29.58, 29.48, 29.45, 29.54, 29.68, 29.81, 29.3, 29.35, 29.38, 29.41, 29.43, 29.44], [29.37, 29.37, 29.37, 29.37, 29.37, 29.36, 29.34, 29.7, 29.64, 29.59, 29.59, 29.64, 29.73, 29.82, 29.29, 29.33, 29.36, 29.39, 29.4, 29.41]]}]