gis_exercise/awsData/contour/wdir_2023091402.json
[{"header": {"refTime": "2023-09-14T02:00:00.000Z", "nx": 21, "ny": 33, "lo1": 113.509, "la1": 22.2235, "lo2": 113.5947, "la2": 22.1034, "dx": 0.0042850000000001385, "dy": 0.003753125000000024, "parameterCategory": 2, "parameterCategoryName": "Temperature", "parameterNumber": 2}, "data": [-2.54, -2.54, -2.55, -2.72, -2.71, -2.93, -2.9, -2.88, -2.87, -2.83, -2.9, -2.96, -2.99, -3.01, -4.29, -4.44, -4.58, -4.66, -4.72, -4.76, -2.53, -2.54, -2.54, -2.55, -2.72, -2.7, -2.87, -2.81, -2.77, -2.78, -2.89, -2.99, -3.03, -3.05, -4.33, -4.5, -4.63, -4.74, -4.81, -4.84, -2.53, -2.53, -2.54, -2.55, -2.72, -2.71, -2.67, -2.75, -2.56, -2.74, -2.92, -3.05, -3.11, -3.12, -4.35, -4.54, -4.72, -4.85, -4.92, -4.94, -2.52, -2.53, -2.54, -2.55, -2.56, -2.73, -2.7, -2.65, -2.61, -2.8, -2.98, -3.16, -3.24, -3.23, -4.34, -4.61, -4.86, -5.02, -5.08, -5.07, -2.51, -2.52, -2.53, -2.55, -2.56, -2.76, -2.75, -2.73, -2.71, -2.89, -3.03, -3.27, -3.51, -3.28, -4.35, -4.74, -5.09, -5.29, -5.3, -5.23, -2.5, -2.51, -2.52, -2.53, -2.56, -2.6, -2.8, -2.81, -2.8, -2.77, -2.99, -3.14, -3.32, -3.94, -4.39, -4.94, -5.49, -5.72, -5.59, -5.4, -3.7, -2.49, -2.5, -2.51, -2.54, -2.59, -2.72, -2.89, -2.9, -2.8, -2.73, -2.9, -3.83, -4.03, -4.44, -5.14, -6.04, -6.38, -6.44, -6.27, -3.71, -3.66, -3.59, -3.44, -3.41, -2.58, -2.69, -2.87, -3.03, -2.8, -2.69, -3.31, -3.48, -4.22, -5.33, -5.81, -6.37, -6.58, -6.27, -6.07, -3.73, -3.67, -3.58, -3.47, -3.29, -3.31, -3.44, -2.75, -3.57, -2.81, -3.61, -4.06, -4.93, -4.51, -5.39, -5.7, -6.03, -6.17, -6.1, -5.99, -4.66, -4.56, -4.42, -3.44, -3.19, -2.99, -3.37, -3.77, -4.08, -3.93, -4.0, -4.57, -5.32, -4.73, -5.45, -5.61, -5.8, -5.92, -5.93, -5.89, -4.69, -4.6, -4.46, -4.21, -3.68, -2.12, -4.07, -5.06, -4.57, -4.48, -5.33, -4.43, -4.65, -4.56, -5.46, -5.56, -5.68, -5.76, -5.8, -5.8, -4.75, -4.69, -4.59, -4.44, -4.18, -4.05, -4.81, -5.64, -5.94, -6.53, -5.5, -5.38, -5.33, -4.4, -5.45, -5.52, -5.6, -5.94, -5.94, -5.94, -4.82, -4.79, -4.76, -4.75, -4.83, -5.19, -5.74, -5.84, -5.92, -5.68, -6.55, -5.42, -5.34, -4.49, -4.44, -5.7, -5.72, -5.74, -5.77, -5.79, -4.9, -4.9, -4.93, -5.0, -5.21, -5.67, -6.44, -5.91, -5.75, -5.64, -6.56, -5.63, -5.5, -5.38, -4.3, -5.43, -5.48, -5.54, -5.59, -5.64, -4.96, -4.99, -5.04, -5.15, -5.34, -5.62, -5.84, -5.06, -4.69, -4.39, -4.16, -3.06, -5.26, -5.1, -5.0, -5.13, -5.22, -5.32, -5.42, -5.49, -5.02, -5.06, -2.87, -3.0, -3.16, -4.42, -4.34, -4.08, -3.79, -3.62, -2.6, -2.74, -2.9, -3.07, -3.2, -4.15, -4.2, -4.24, -4.44, -4.5, -2.6, -2.63, -2.66, -2.68, -3.82, -3.64, -3.31, -2.87, -2.59, -2.64, -2.08, -2.45, -2.79, -3.09, -2.94, -3.32, -3.23, -3.15, -3.09, -3.05, -2.48, -2.47, -2.44, -2.36, -3.31, -2.93, -2.31, -1.46, -1.03, -1.06, -1.7, -2.2, -2.69, -2.88, -3.51, -3.36, -3.22, -3.13, -3.07, -3.02, -2.36, -2.32, -2.24, -3.22, -2.91, -2.4, -1.58, -0.22, 1.05, -0.39, -1.02, -1.74, -2.11, -2.68, -3.38, -3.28, -3.16, -3.08, -3.03, -2.99, -2.26, -2.19, -2.84, -2.65, -2.36, -1.93, -1.27, -0.33, 0.5, -0.33, -1.16, -1.77, -1.97, -2.4, -3.2, -3.15, -3.08, -3.02, -2.98, -2.95, -3.02, -2.93, -2.8, -2.63, -2.39, -2.06, -1.64, -1.2, -0.64, -1.02, -1.52, -1.93, -1.89, -3.09, -3.08, -3.04, -2.99, -2.95, -2.92, -2.9, -3.0, -2.92, -2.82, -2.68, -2.52, -2.32, -2.12, -1.14, -1.55, -1.77, -2.01, -2.21, -3.93, -3.01, -2.98, -2.95, -2.92, -2.88, -2.86, -2.85, -3.01, -2.94, -2.87, -1.52, -1.54, -1.59, -1.68, -1.83, -2.04, -2.18, -2.17, -2.51, -3.46, -2.94, -2.92, -2.91, -2.92, -2.84, -2.78, -2.79, -1.6, -1.62, -1.65, -1.7, -1.77, -1.9, -2.1, -2.42, -2.82, -3.02, -2.79, -3.69, -3.51, -3.28, -3.1, -2.86, -3.08, -2.67, -2.68, -2.73, -1.68, -1.71, -1.76, -1.84, -1.95, -2.12, -2.39, -2.81, -3.49, -4.05, -3.28, -3.68, -3.5, -3.3, -3.09, -2.9, -2.57, -2.37, -2.61, -2.7, -1.74, -1.79, -1.85, -1.94, -2.06, -2.24, -2.5, -2.89, -3.5, -3.98, -3.86, -3.54, -3.4, -3.32, -3.11, -2.46, -2.43, -2.4, -2.63, -2.7, -1.79, -1.85, -1.91, -2.0, -2.12, -2.27, -2.47, -2.72, -2.98, -3.04, -3.39, -3.26, -3.23, -2.3, -2.37, -2.41, -2.42, -2.41, -2.42, -2.42, -1.83, -1.89, -1.95, -2.03, -2.13, -2.25, -2.38, -2.5, -2.54, -2.95, -2.78, -2.65, -2.69, -2.67, -2.32, -2.36, -2.39, -2.4, -2.4, -2.41, -1.86, -1.91, -1.97, -2.04, -2.12, -2.21, -2.28, -2.32, -2.28, -2.44, -1.99, -2.37, -2.55, -2.61, -2.27, -2.32, -2.35, -2.37, -2.38, -2.39, -1.88, -1.93, -1.98, -2.04, -2.1, -2.16, -2.2, -2.21, -2.57, -2.29, -2.11, -2.33, -2.5, -2.57, -2.24, -2.29, -2.33, -2.35, -2.37, -2.37, -1.89, -1.93, -1.98, -2.03, -2.08, -2.12, -2.14, -2.15, -2.58, -2.43, -2.36, -2.42, -2.51, -2.56, -2.23, -2.27, -2.31, -2.33, -2.35, -2.36, -1.9, -1.93, -1.97, -2.01, -2.05, -2.08, -2.1, -2.7, -2.61, -2.53, -2.49, -2.5, -2.54, -2.57, -2.22, -2.26, -2.29, -2.31, -2.33, -2.34]}, {"header": {"refTime": "2023-09-14T02:00:00.000Z", "nx": 21, "ny": 33, "lo1": 113.509, "la1": 22.2235, "lo2": 113.5947, "la2": 22.1034, "dx": 0.0042850000000001385, "dy": 0.003753125000000024, "parameterCategory": 2, "parameterCategoryName": "Temperature", "parameterNumber": 3}, "data": [-0.04, -0.03, -0.03, 0.38, 0.35, 0.18, 0.15, 0.12, 0.11, 0.16, 0.2, 0.23, 0.26, 0.28, 0.5, 0.55, 0.85, 0.88, 0.9, 0.92, -0.04, -0.04, -0.03, -0.02, 0.36, 0.32, 0.14, 0.08, 0.05, 0.12, 0.19, 0.24, 0.26, 0.29, 0.51, 0.82, 0.87, 0.9, 0.92, 0.94, -0.05, -0.04, -0.03, -0.02, 0.37, 0.33, 0.26, 0.05, -0.09, 0.08, 0.2, 0.26, 0.28, 0.3, 0.76, 0.83, 0.89, 0.93, 0.96, 0.97, -0.05, -0.04, -0.03, -0.02, -0.01, 0.36, 0.31, 0.21, 0.13, 0.15, 0.24, 0.28, 0.3, 0.51, 0.74, 0.85, 0.93, 0.98, 1.0, 1.0, -0.06, -0.05, -0.04, -0.02, -0.0, 0.42, 0.39, 0.36, 0.35, 0.27, 0.32, 0.49, 0.36, 0.48, 0.75, 0.89, 0.99, 1.05, 1.06, 1.04, -0.07, -0.07, -0.06, -0.04, -0.01, 0.04, 0.48, 0.5, 0.52, 0.55, 0.65, 0.56, 0.46, 0.66, 0.8, 0.96, 1.1, 1.17, 1.14, 1.09, 0.46, -0.09, -0.08, -0.06, -0.03, 0.04, 0.4, 0.6, 0.63, 0.81, 0.83, 0.69, 0.79, 0.81, 0.86, 1.03, 1.25, 1.33, 1.3, 1.25, 0.45, 0.42, 0.39, 0.46, 0.46, 0.21, 0.34, 0.54, 0.74, 0.81, 0.85, 0.96, 0.99, 0.94, 1.27, 1.34, 1.41, 1.44, 1.4, 1.37, 0.45, 0.41, 0.36, 0.3, 0.34, 0.37, 0.52, 0.41, 1.01, 0.81, 1.02, 1.09, 1.24, 1.17, 1.29, 1.32, 1.37, 1.38, 1.38, 1.36, 0.86, 0.8, 0.72, 0.25, 0.09, 0.08, 0.38, 0.71, 1.25, 1.21, 1.08, 1.18, 1.3, 1.2, 1.3, 1.32, 1.34, 1.35, 1.35, 1.35, 0.87, 0.82, 0.74, 0.59, 0.28, -0.63, 0.54, 1.17, 1.16, 1.43, 1.55, 1.15, 1.19, 1.18, 1.3, 1.31, 1.32, 1.33, 1.34, 1.34, 0.9, 0.86, 0.81, 0.71, 0.56, 0.49, 0.96, 1.56, 1.8, 1.97, 1.64, 1.53, 1.48, 1.15, 1.3, 1.31, 1.31, 1.11, 1.11, 1.1, 0.94, 0.92, 0.9, 0.89, 0.92, 1.1, 1.41, 1.61, 1.74, 1.56, 1.9, 1.58, 1.53, 0.88, 0.85, 1.02, 1.02, 1.03, 1.03, 1.04, 0.98, 0.98, 0.99, 1.03, 1.13, 1.35, 1.69, 1.55, 1.54, 1.49, 1.91, 1.35, 1.24, 1.14, 0.74, 0.9, 0.91, 0.93, 0.96, 0.98, 1.02, 1.03, 1.06, 1.11, 1.2, 1.34, 1.46, 1.82, 1.82, 1.81, 1.79, 1.15, 1.1, 0.99, 0.92, 0.76, 0.8, 0.84, 0.88, 0.91, 1.05, 1.07, 0.82, 0.88, 0.95, 1.75, 1.75, 1.74, 1.73, 1.72, 1.18, 1.04, 0.88, 0.6, 0.54, 0.79, 0.9, 1.0, 1.09, 1.16, 0.8, 0.82, 0.86, 0.9, 1.71, 1.69, 1.67, 1.63, 1.61, 1.62, 1.1, 0.96, 0.77, 0.55, 0.47, 0.53, 0.69, 0.82, 0.91, 0.97, 0.82, 0.85, 0.88, 0.92, 1.67, 1.63, 1.58, 1.5, 1.47, 1.09, 0.98, 0.91, 0.7, 0.47, 0.12, 0.48, 0.71, 0.86, 0.96, 1.01, 0.84, 0.86, 0.89, 1.67, 1.64, 1.59, 1.51, 1.39, 1.18, 1.1, 0.65, 0.5, 0.81, 0.62, 0.45, 0.62, 0.82, 0.95, 1.03, 1.07, 0.85, 0.87, 1.08, 1.08, 1.08, 1.08, 1.09, 1.11, 0.96, 0.8, 0.63, 0.5, 0.94, 0.86, 0.76, 0.86, 0.98, 1.07, 1.12, 1.14, 1.04, 1.03, 1.03, 1.02, 1.01, 1.01, 1.01, 1.01, 0.74, 0.67, 0.56, 0.48, 1.08, 0.95, 1.0, 1.09, 1.18, 1.22, 1.23, 1.21, 1.0, 1.0, 0.98, 0.97, 0.95, 0.93, 0.91, 0.67, 0.57, 0.53, 0.48, 0.43, 0.81, 1.11, 1.19, 1.3, 1.39, 1.38, 1.33, 1.28, 0.97, 0.96, 0.94, 0.59, 0.59, 0.58, 0.57, 0.54, 0.5, 0.48, 0.48, 1.0, 1.04, 1.22, 1.33, 1.48, 1.64, 1.54, 1.39, 1.32, 0.58, 0.58, 0.57, 0.56, 0.55, 0.53, 0.49, 0.43, 0.36, 0.32, 0.36, 0.74, 0.99, 1.18, 1.36, 1.55, 2.03, 1.49, 1.37, 1.32, 0.56, 0.56, 0.55, 0.53, 0.51, 0.48, 0.44, 0.36, 0.23, 0.13, 0.27, 0.67, 0.9, 1.14, 1.31, 1.43, 1.37, 1.17, 1.31, 1.31, 0.55, 0.54, 0.53, 0.52, 0.49, 0.46, 0.41, 0.34, 0.23, 0.15, 0.43, 0.64, 0.85, 1.1, 1.24, 1.4, 1.36, 1.32, 1.29, 1.29, 0.54, 0.53, 0.52, 0.5, 0.48, 0.45, 0.42, 0.37, 0.32, 0.31, 0.52, 0.65, 0.81, 1.21, 1.29, 1.33, 1.34, 1.34, 1.34, 1.35, 0.53, 0.52, 0.51, 0.5, 0.48, 0.45, 0.43, 0.41, 0.4, 0.54, 0.58, 0.4, 0.41, 0.43, 1.22, 1.28, 1.31, 1.32, 1.33, 1.33, 0.53, 0.52, 0.51, 0.49, 0.48, 0.46, 0.45, 0.44, 0.44, 0.57, 0.49, 0.44, 0.43, 0.43, 1.17, 1.23, 1.27, 1.29, 1.3, 1.31, 0.52, 0.52, 0.5, 0.49, 0.48, 0.47, 0.46, 0.46, 0.41, 0.45, 0.47, 0.45, 0.43, 0.44, 1.14, 1.2, 1.24, 1.26, 1.28, 1.29, 0.52, 0.51, 0.5, 0.5, 0.49, 0.48, 0.47, 0.47, 0.41, 0.43, 0.44, 0.44, 0.43, 0.44, 1.12, 1.17, 1.21, 1.24, 1.26, 1.27, 0.52, 0.51, 0.51, 0.5, 0.49, 0.48, 0.48, 0.4, 0.41, 0.42, 0.43, 0.43, 0.43, 0.43, 1.11, 1.16, 1.19, 1.22, 1.24, 1.26]}, {"header": {"refTime": "2023-09-14T02:00:00.000Z", "nx": 21, "ny": 33, "lo1": 113.509, "la1": 22.2235, "lo2": 113.5947, "la2": 22.1034, "dx": 0.0042850000000001385, "dy": 0.003753125000000024, "parameterCategory": 0, "parameterCategoryName": "Temperature", "parameterNumber": 0}, "data": [[26.54, 26.55, 26.55, 26.43, 26.44, 26.64, 26.65, 26.66, 26.67, 26.63, 26.63, 26.64, 26.78, 26.78, 26.84, 26.84, 26.85, 26.85, 26.85, 26.85], [26.54, 26.54, 26.55, 26.55, 26.44, 26.46, 26.65, 26.66, 26.68, 26.64, 26.64, 26.64, 26.79, 26.79, 26.85, 26.85, 26.85, 26.85, 26.85, 26.85], [26.54, 26.54, 26.54, 26.55, 26.43, 26.45, 26.49, 26.67, 26.69, 26.65, 26.64, 26.66, 26.8, 26.8, 26.85, 26.85, 26.85, 26.85, 26.85, 26.85], [26.54, 26.54, 26.54, 26.54, 26.55, 26.44, 26.47, 26.52, 26.56, 26.63, 26.64, 26.68, 26.82, 26.7, 26.85, 26.85, 26.85, 26.85, 26.85, 26.85], [26.54, 26.54, 26.53, 26.53, 26.53, 26.41, 26.42, 26.44, 26.44, 26.58, 26.61, 26.7, 26.82, 26.72, 26.85, 26.85, 26.86, 26.86, 26.86, 26.86], [26.53, 26.53, 26.53, 26.53, 26.52, 26.51, 26.38, 26.37, 26.36, 26.33, 26.54, 26.65, 26.74, 26.83, 26.84, 26.85, 26.86, 26.87, 26.86, 26.86], [26.47, 26.53, 26.53, 26.52, 26.52, 26.5, 26.32, 26.33, 26.31, 26.29, 26.29, 26.55, 26.79, 26.8, 26.83, 26.85, 26.88, 26.88, 26.9, 26.9], [26.47, 26.47, 26.47, 26.47, 26.47, 26.37, 26.34, 26.31, 26.3, 26.26, 26.19, 26.52, 26.52, 26.8, 26.83, 26.8, 26.85, 26.86, 26.84, 26.82], [26.43, 26.43, 26.49, 26.49, 26.49, 26.48, 26.44, 26.33, 26.24, 26.3, 26.33, 26.42, 26.46, 26.4, 26.82, 26.8, 26.82, 26.83, 26.83, 26.82], [26.6, 26.6, 26.6, 26.46, 26.48, 26.53, 26.5, 26.44, 26.19, 26.2, 26.46, 26.36, 26.4, 26.38, 26.82, 26.79, 26.8, 26.81, 26.81, 26.81], [26.6, 26.6, 26.6, 26.6, 26.6, 26.6, 26.6, 26.6, 26.49, 26.23, 26.1, 26.33, 26.36, 26.36, 26.82, 26.78, 26.79, 26.8, 26.8, 26.8], [26.6, 26.6, 26.6, 26.6, 26.6, 26.6, 26.6, 26.6, 26.6, -999.0, 26.1, 26.7, 26.7, 26.34, 26.82, 26.77, 26.78, 26.22, 26.23, 26.24], [26.6, 26.6, 26.6, 26.6, 26.6, 26.6, 26.6, 26.6, 26.6, 26.6, -999.0, 26.7, 26.7, 26.05, 26.33, 26.46, 26.47, 26.32, 26.35, 26.36], [26.6, 26.6, 26.6, 26.6, 26.6, 26.6, 26.6, 26.6, 26.6, 26.6, -999.0, 25.7, 25.7, 25.7, 26.25, 26.36, 26.38, 26.23, 26.26, 26.29], [26.6, 26.6, 26.6, 26.6, 26.6, 26.6, 26.6, 26.5, 26.5, 26.5, 26.5, 26.19, 25.7, 25.7, 25.7, 26.25, 26.29, 26.15, 26.19, 26.23], [26.6, 26.6, 26.54, 26.54, 26.53, 26.5, 26.5, 26.5, 26.5, 26.5, 26.0, 26.05, 25.98, 25.91, 25.99, 25.96, 26.0, 25.93, 26.2, 26.24], [26.54, 26.54, 26.56, 26.56, 26.5, 26.5, 26.5, 26.5, 26.5, 26.5, 26.16, 26.06, 25.95, 25.86, 25.87, 25.87, 25.92, 25.97, 26.0, 26.02], [26.56, 26.56, 26.56, 26.56, 26.5, 26.5, 26.5, 26.5, 26.5, 26.3, 26.19, 26.07, 25.94, 25.88, 25.73, 25.85, 25.93, 25.98, 26.02, 26.04], [26.56, 26.56, 26.56, 26.5, 26.5, 26.5, 26.5, 26.5, 26.43, 26.34, 26.25, 26.15, 26.05, 25.94, 25.84, 25.9, 25.97, 26.01, 26.04, 26.06], [26.56, 26.56, 26.44, 26.45, 26.45, 26.45, 26.46, 26.48, 26.41, 26.35, 26.26, 26.18, 26.09, 26.03, 25.94, 25.98, 26.02, 26.06, 26.07, 26.08], [26.44, 26.44, 26.44, 26.46, 26.46, 26.46, 26.47, 26.47, 26.35, 26.32, 26.26, 26.2, 26.14, 26.01, 26.03, 26.06, 26.09, 26.11, 26.11, 26.11], [26.45, 26.45, 26.45, 26.46, 26.46, 26.46, 26.46, 26.47, 26.32, 26.3, 26.27, 26.23, 26.15, 26.07, 26.09, 26.13, 26.16, 26.16, 26.15, 26.14], [26.45, 26.45, 26.45, 26.46, 26.46, 26.46, 26.46, 26.46, 26.45, 26.45, 26.45, 26.43, 26.31, 26.11, 26.14, 26.18, 26.23, 26.21, 26.18, 26.15], [26.46, 26.46, 26.46, 26.46, 26.46, 26.46, 26.45, 26.45, 26.44, 26.44, 26.44, 26.42, 26.31, 26.3, 26.29, 26.21, 26.32, 26.22, 26.18, 26.16], [26.46, 26.46, 26.46, 26.46, 26.46, 26.46, 26.45, 26.44, 26.43, 26.42, 26.43, 26.43, 26.43, 26.3, 26.28, 26.27, 26.2, 26.16, 26.17, 26.16], [26.46, 26.46, 26.46, 26.46, 26.46, 26.46, 26.45, 26.44, 26.43, 26.42, 26.43, 26.43, 26.43, 26.3, 26.28, 26.28, 26.26, 26.24, 26.17, 26.16], [26.46, 26.46, 26.46, 26.46, 26.46, 26.46, 26.45, 26.45, 26.45, 26.44, 26.44, 26.44, 26.44, 26.34, 26.32, 26.29, 26.28, 26.27, 26.27, 26.28], [26.46, 26.46, 26.46, 26.46, 26.46, 26.46, 26.46, 26.46, 26.46, 26.46, 26.46, 26.41, 26.38, 26.35, 26.33, 26.31, 26.29, 26.29, 26.28, 26.29], [26.46, 26.46, 26.46, 26.46, 26.46, 26.46, 26.46, 26.46, 26.47, 26.47, 26.48, 26.43, 26.4, 26.37, 26.34, 26.32, 26.31, 26.3, 26.3, 26.3], [26.46, 26.46, 26.46, 26.46, 26.46, 26.46, 26.46, 26.47, 26.43, 26.45, 26.46, 26.43, 26.4, 26.37, 26.35, 26.33, 26.32, 26.31, 26.31, 26.3], [26.46, 26.46, 26.46, 26.46, 26.46, 26.46, 26.47, 26.47, 26.42, 26.43, 26.43, 26.42, 26.4, 26.37, 26.35, 26.34, 26.33, 26.32, 26.31, 26.31], [26.46, 26.46, 26.46, 26.46, 26.47, 26.47, 26.47, 26.4, 26.41, 26.41, 26.41, 26.4, 26.39, 26.37, 26.36, 26.34, 26.33, 26.33, 26.32, 26.32]]}]