gis_exercise/awsData/contour/wdir_2023090518.json
[{"header": {"refTime": "2023-09-05T18:00:00.000Z", "nx": 21, "ny": 33, "lo1": 113.509, "la1": 22.2235, "lo2": 113.5947, "la2": 22.1034, "dx": 0.0042850000000001385, "dy": 0.003753125000000024, "parameterCategory": 2, "parameterCategoryName": "Temperature", "parameterNumber": 2}, "data": [-0.02, -0.03, -0.05, 0.09, 0.05, -0.34, -0.38, -0.42, -0.44, -0.37, -0.33, -0.3, -0.59, -0.59, -0.92, -0.95, -0.91, -0.93, -0.95, -0.96, -0.01, -0.02, -0.04, -0.07, 0.06, -0.01, -0.39, -0.46, -0.51, -0.41, -0.35, -0.31, -0.59, -0.58, -0.92, -0.88, -0.92, -0.95, -0.97, -0.98, 0.01, -0.01, -0.02, -0.05, 0.08, 0.01, -0.09, -0.49, -0.65, -0.45, -0.34, -0.31, -0.59, -0.58, -0.84, -0.89, -0.95, -0.98, -1.01, -1.01, 0.02, 0.02, 0.0, -0.02, -0.05, 0.07, -0.02, -0.16, -0.3, -0.37, -0.29, -0.31, -0.58, -0.26, -0.83, -0.91, -0.99, -1.03, -1.05, -1.05, 0.04, 0.04, 0.03, 0.02, 0.01, 0.15, 0.11, 0.07, 0.06, -0.2, -0.2, -0.27, -0.46, -0.31, -0.84, -0.95, -1.05, -1.11, -1.11, -1.1, 0.06, 0.06, 0.06, 0.06, 0.06, 0.06, 0.25, 0.27, 0.3, 0.36, 0.02, -0.18, -0.34, -0.62, -0.85, -1.01, -1.17, -1.23, -1.2, -1.14, -0.04, 0.09, 0.09, 0.1, 0.11, 0.14, 0.57, 0.42, 0.47, 0.53, 0.5, -0.03, -0.6, -0.63, -0.87, -1.07, -1.32, -1.42, -1.35, -1.28, -0.06, -0.04, -0.02, 0.55, 0.55, 0.52, 0.55, 0.59, 0.56, 0.58, 0.72, -0.19, -0.35, -0.65, -0.98, -1.15, -1.36, -1.43, -1.32, -1.25, -0.07, -0.06, -0.04, -0.01, 0.52, 0.53, 0.56, 0.57, 0.75, 0.5, 0.05, -0.31, -0.59, -0.46, -0.97, -1.1, -1.22, -1.28, -1.26, -1.21, 0.04, 0.05, 0.06, -0.03, 0.02, 0.45, 0.53, 0.62, 0.83, 0.84, -0.16, -0.4, -0.64, -0.49, -0.97, -1.05, -1.13, -1.18, -1.19, -1.17, 0.03, 0.03, 0.04, 0.06, 0.11, 0.23, 0.18, 0.3, 0.76, 0.89, 0.26, -0.35, -0.44, -0.42, -0.97, -1.03, -1.08, -1.12, -1.14, -1.14, 0.01, 0.01, 0.01, 0.01, 0.03, 0.04, 0.08, 0.44, 0.66, 0.14, 0.36, -0.18, -0.3, -0.36, -0.97, -1.01, -1.05, -1.25, -1.26, -1.27, -0.0, -0.01, -0.03, -0.05, -0.1, -0.22, -0.33, 0.18, 0.49, 0.34, -0.1, -0.07, -0.18, -0.83, -0.83, -1.18, -1.2, -1.22, -1.23, -1.24, -0.02, -0.03, -0.06, -0.1, -0.19, -0.4, -0.87, -0.21, 0.13, 0.19, -0.13, -0.21, -0.34, -0.44, -0.85, -1.16, -1.18, -1.2, -1.21, -1.22, -0.03, -0.05, -0.08, -0.12, -0.2, -0.31, -0.38, -0.16, 0.05, 0.15, 0.18, 0.13, -0.4, -0.5, -0.56, -1.14, -1.16, -1.17, -1.19, -1.2, -0.03, -0.05, -0.26, -0.29, -0.33, -0.14, -0.13, -0.04, 0.07, 0.14, 0.19, 0.04, -0.14, -0.71, -0.76, -0.87, -0.84, -0.81, -0.95, -0.95, -0.2, -0.21, -0.23, -0.24, -0.03, -0.02, 0.02, 0.09, 0.15, 0.18, 0.13, -0.04, -0.25, -0.5, -0.77, -1.14, -1.18, -1.21, -1.23, -1.25, -0.19, -0.19, -0.19, -0.19, 0.04, 0.07, 0.13, 0.21, 0.25, -0.18, -0.35, -0.07, -0.32, -0.76, -1.0, -1.13, -1.18, -1.21, -1.24, -1.26, -0.17, -0.17, -0.16, 0.07, 0.09, 0.13, 0.2, 0.3, 0.29, -0.03, 0.04, -0.14, -0.48, -0.66, -1.12, -1.15, -1.19, -1.23, -1.25, -1.27, -0.16, -0.15, -0.04, -0.01, 0.03, 0.08, 0.16, 0.25, 0.32, 0.21, 0.07, -0.08, -0.41, -0.53, -1.17, -1.19, -1.21, -1.24, -1.27, -1.29, -0.03, -0.01, 0.01, 0.04, 0.07, 0.12, 0.17, 0.22, 0.24, 0.19, 0.1, -0.02, -0.35, -1.21, -1.21, -1.21, -1.23, -1.25, -1.29, -1.31, 0.0, 0.02, 0.04, 0.07, 0.11, 0.15, 0.19, 0.29, 0.24, 0.2, 0.14, 0.05, -0.24, -1.24, -1.23, -1.21, -1.21, -1.25, -1.31, -1.34, 0.03, 0.05, 0.07, 0.2, 0.22, 0.24, 0.26, 0.28, 0.29, 0.29, 0.27, 0.34, -0.64, -1.26, -1.24, -1.18, -1.1, -1.24, -1.36, -1.39, 0.16, 0.17, 0.18, 0.19, 0.2, 0.22, 0.24, 0.28, 0.32, 0.34, 0.29, 0.08, -0.61, -0.81, -0.97, -1.21, -0.74, -1.45, -1.49, -1.45, 0.15, 0.15, 0.16, 0.17, 0.18, 0.19, 0.22, 0.27, 0.37, 0.46, 0.31, 0.08, -0.01, -0.81, -1.0, -1.18, -1.61, -1.94, -1.6, -1.5, 0.14, 0.14, 0.14, 0.14, 0.15, 0.16, 0.18, 0.23, 0.33, 0.41, 0.17, 0.03, -0.05, -0.8, -1.0, -1.38, -1.53, -1.62, -1.58, -1.51, 0.12, 0.12, 0.12, 0.12, 0.12, 0.12, 0.12, 0.14, 0.15, 0.13, -0.02, -0.09, -0.12, -1.19, -1.27, -1.35, -1.44, -1.48, -1.47, -1.43, 0.11, 0.1, 0.1, 0.09, 0.08, 0.07, 0.06, 0.03, -0.03, -0.21, -0.28, -0.62, -0.74, -0.91, -1.23, -1.3, -1.36, -1.4, -1.41, -1.39, 0.09, 0.09, 0.08, 0.07, 0.05, 0.03, -0.0, -0.06, -0.17, -0.42, -0.67, -0.67, -0.75, -0.88, -1.19, -1.26, -1.31, -1.34, -1.36, -1.36, 0.08, 0.07, 0.06, 0.05, 0.03, -0.0, -0.04, -0.11, -0.59, -0.64, -0.68, -0.7, -0.77, -0.87, -1.17, -1.22, -1.27, -1.3, -1.32, -1.32, 0.07, 0.06, 0.05, 0.03, 0.01, -0.02, -0.06, -0.12, -0.63, -0.66, -0.68, -0.72, -0.78, -0.86, -1.15, -1.2, -1.24, -1.27, -1.29, -1.3, 0.06, 0.05, 0.04, 0.02, -0.0, -0.03, -0.07, -0.64, -0.66, -0.68, -0.71, -0.74, -0.8, -0.86, -1.14, -1.18, -1.22, -1.24, -1.26, -1.27]}, {"header": {"refTime": "2023-09-05T18:00:00.000Z", "nx": 21, "ny": 33, "lo1": 113.509, "la1": 22.2235, "lo2": 113.5947, "la2": 22.1034, "dx": 0.0042850000000001385, "dy": 0.003753125000000024, "parameterCategory": 2, "parameterCategoryName": "Temperature", "parameterNumber": 3}, "data": [-2.0, -1.98, -1.95, -1.78, -1.75, -1.43, -1.41, -1.38, -1.36, -1.31, -1.32, -1.31, -1.76, -1.8, -2.46, -2.64, -3.54, -3.66, -3.74, -3.8, -2.02, -2.0, -1.97, -1.93, -1.75, -1.71, -1.4, -1.36, -1.32, -1.3, -1.31, -1.3, -1.74, -1.78, -2.46, -3.41, -3.59, -3.73, -3.83, -3.88, -2.04, -2.02, -1.99, -1.96, -1.77, -1.72, -1.65, -1.34, -1.24, -1.29, -1.3, -1.28, -1.69, -1.74, -3.14, -3.43, -3.67, -3.84, -3.94, -3.99, -2.06, -2.05, -2.03, -2.0, -1.95, -1.77, -1.7, -1.6, -1.5, -1.32, -1.31, -1.25, -1.58, -1.86, -3.09, -3.5, -3.82, -4.02, -4.11, -4.13, -2.09, -2.08, -2.07, -2.05, -2.01, -1.83, -1.8, -1.77, -1.75, -1.39, -1.35, -1.75, -1.3, -1.77, -3.12, -3.67, -4.09, -4.31, -4.34, -4.29, -2.12, -2.12, -2.11, -2.1, -2.09, -2.06, -1.91, -1.93, -1.94, -1.94, -2.21, -2.01, -1.7, -2.38, -3.32, -3.95, -4.51, -4.74, -4.63, -4.46, -2.93, -2.16, -2.16, -2.17, -2.16, -2.15, -2.37, -2.07, -2.1, -2.55, -2.63, -2.55, -3.0, -2.94, -3.61, -4.24, -5.07, -5.38, -4.92, -4.63, -2.94, -2.93, -2.91, -2.78, -2.76, -2.42, -2.38, -2.34, -2.4, -2.49, -2.35, -3.55, -3.76, -3.36, -4.69, -5.04, -5.47, -5.63, -5.39, -5.24, -2.96, -2.95, -2.93, -2.9, -2.78, -2.76, -2.73, -2.37, -2.48, -2.59, -3.17, -3.62, -3.89, -3.76, -4.63, -4.91, -5.18, -5.3, -5.25, -5.17, -3.31, -3.28, -3.25, -2.92, -2.88, -2.78, -2.8, -2.83, -2.67, -2.61, -3.41, -3.67, -3.91, -3.77, -4.59, -4.8, -4.99, -5.09, -5.11, -5.08, -3.32, -3.3, -3.26, -3.21, -3.08, -2.72, -3.16, -3.35, -3.04, -2.81, -3.35, -3.61, -3.71, -3.7, -4.59, -4.74, -4.87, -4.96, -5.0, -5.0, -3.33, -3.32, -3.3, -3.26, -3.2, -3.17, -3.33, -3.46, -3.49, -3.77, -3.39, -3.93, -3.97, -3.63, -4.61, -4.71, -4.8, -4.93, -4.96, -4.97, -3.35, -3.34, -3.34, -3.34, -3.36, -3.46, -3.6, -3.54, -3.51, -3.49, -3.83, -3.89, -3.93, -4.12, -4.12, -4.72, -4.78, -4.83, -4.87, -4.89, -3.37, -3.37, -3.38, -3.4, -3.46, -3.59, -3.83, -3.62, -3.53, -3.5, -3.83, -3.94, -3.98, -4.01, -4.13, -4.65, -4.7, -4.75, -4.79, -4.82, -3.38, -3.39, -3.41, -3.44, -3.49, -3.57, -3.63, -3.6, -3.52, -3.47, -3.44, -3.54, -3.99, -4.02, -4.04, -4.57, -4.62, -4.67, -4.72, -4.76, -3.4, -3.41, -3.21, -3.24, -3.28, -3.52, -3.51, -3.47, -3.42, -3.39, -3.46, -3.55, -3.65, -3.88, -3.92, -4.4, -4.44, -4.48, -4.98, -5.04, -3.17, -3.18, -3.2, -3.21, -3.44, -3.42, -3.38, -3.32, -3.28, -3.28, -3.41, -3.54, -3.69, -3.85, -4.14, -4.43, -4.53, -4.6, -4.65, -4.68, -3.16, -3.17, -3.17, -3.18, -3.37, -3.33, -3.25, -3.15, -3.09, -3.29, -3.44, -3.53, -3.71, -4.12, -4.17, -4.4, -4.54, -4.62, -4.67, -4.71, -3.15, -3.16, -3.15, -3.36, -3.32, -3.26, -3.16, -3.0, -2.89, -3.17, -3.22, -3.4, -4.01, -4.12, -4.39, -4.48, -4.59, -4.67, -4.71, -4.74, -3.15, -3.14, -3.23, -3.21, -3.17, -3.13, -3.06, -2.96, -2.93, -3.06, -3.21, -3.36, -4.03, -4.15, -4.56, -4.62, -4.69, -4.74, -4.77, -4.78, -3.23, -3.22, -3.21, -3.18, -3.15, -3.12, -3.07, -3.02, -3.05, -3.11, -3.21, -3.32, -4.07, -4.67, -4.7, -4.75, -4.79, -4.82, -4.82, -4.82, -3.22, -3.21, -3.19, -3.17, -3.14, -3.11, -3.08, -2.55, -3.11, -3.15, -3.21, -3.28, -4.19, -4.76, -4.8, -4.86, -4.9, -4.91, -4.88, -4.86, -3.21, -3.19, -3.18, -2.41, -2.44, -2.47, -2.5, -2.53, -2.56, -2.56, -2.52, -3.58, -4.31, -4.82, -4.87, -4.95, -5.03, -4.99, -4.92, -4.88, -2.35, -2.36, -2.37, -2.39, -2.41, -2.44, -2.48, -2.53, -2.6, -2.63, -2.55, -3.1, -4.26, -4.49, -4.69, -4.99, -5.21, -4.98, -4.92, -4.89, -2.33, -2.33, -2.34, -2.35, -2.37, -2.4, -2.44, -2.53, -2.69, -2.83, -2.59, -2.99, -3.16, -4.46, -4.65, -4.81, -4.93, -4.85, -4.9, -4.89, -2.3, -2.31, -2.31, -2.32, -2.33, -2.35, -2.38, -2.46, -2.62, -2.76, -2.81, -2.83, -3.0, -4.42, -4.6, -4.4, -4.56, -4.59, -4.89, -4.88, -2.28, -2.28, -2.28, -2.28, -2.28, -2.28, -2.29, -2.31, -2.34, -2.3, -2.52, -2.58, -2.78, -3.58, -3.92, -4.18, -4.34, -4.4, -4.4, -4.36, -2.26, -2.25, -2.25, -2.24, -2.23, -2.21, -2.18, -2.13, -2.04, -2.13, -2.03, -2.13, -2.4, -2.66, -3.69, -3.96, -4.13, -4.22, -4.25, -4.25, -2.24, -2.23, -2.22, -2.2, -2.18, -2.14, -2.09, -1.99, -1.82, -1.7, -1.29, -1.83, -2.23, -2.53, -3.5, -3.76, -3.95, -4.06, -4.11, -4.13, -2.22, -2.21, -2.19, -2.17, -2.13, -2.09, -2.02, -1.91, -1.97, -1.66, -1.47, -1.82, -2.17, -2.45, -3.36, -3.61, -3.79, -3.91, -3.99, -4.03, -2.2, -2.19, -2.17, -2.14, -2.1, -2.06, -1.99, -1.9, -2.04, -1.88, -1.84, -1.99, -2.21, -2.43, -3.28, -3.51, -3.68, -3.8, -3.88, -3.94, -2.19, -2.17, -2.15, -2.12, -2.09, -2.04, -1.98, -2.23, -2.14, -2.07, -2.06, -2.15, -2.29, -2.45, -3.24, -3.44, -3.59, -3.71, -3.8, -3.86]}, {"header": {"refTime": "2023-09-05T18:00:00.000Z", "nx": 21, "ny": 33, "lo1": 113.509, "la1": 22.2235, "lo2": 113.5947, "la2": 22.1034, "dx": 0.0042850000000001385, "dy": 0.003753125000000024, "parameterCategory": 0, "parameterCategoryName": "Temperature", "parameterNumber": 0}, "data": [[31.94, 31.93, 31.92, 31.63, 31.63, 31.87, 31.86, 31.85, 31.85, 31.73, 31.75, 31.77, 31.97, 31.99, 31.96, 31.96, 32.04, 32.03, 32.03, 32.02], [31.95, 31.94, 31.93, 31.91, 31.64, 31.64, 31.84, 31.82, 31.81, 31.73, 31.75, 31.78, 31.99, 32.0, 31.98, 32.05, 32.04, 32.03, 32.02, 32.02], [31.95, 31.95, 31.94, 31.92, 31.64, 31.64, 31.65, 31.8, 31.73, 31.72, 31.76, 31.81, 32.02, 32.03, 32.06, 32.05, 32.03, 32.02, 32.02, 32.01], [31.96, 31.96, 31.95, 31.94, 31.92, 31.64, 31.65, 31.66, 31.66, 31.72, 31.77, 31.86, 32.07, 31.96, 32.07, 32.04, 32.02, 32.01, 32.01, 32.01], [31.98, 31.97, 31.96, 31.95, 31.94, 31.64, 31.65, 31.65, 31.63, 31.7, 31.76, 31.97, 32.1, 31.99, 32.06, 32.03, 32.01, 32.0, 31.99, 32.0], [31.99, 31.99, 31.98, 31.97, 31.96, 31.95, 31.66, 31.65, 31.63, 31.57, 31.76, 31.9, 32.01, 32.13, 32.05, 32.02, 31.98, 31.97, 31.98, 31.99], [32.12, 32.0, 32.0, 32.0, 31.99, 31.98, 31.82, 31.7, 31.67, 31.6, 31.54, 31.79, 32.09, 32.1, 32.03, 32.0, 31.95, 31.93, 31.96, 31.97], [32.13, 32.13, 32.13, 32.13, 32.12, 31.89, 31.86, 31.83, 31.83, 31.56, 31.35, 31.75, 31.76, 32.1, 31.94, 31.95, 31.93, 31.92, 31.93, 31.94], [32.07, 32.08, 32.15, 32.15, 32.16, 32.14, 32.09, 31.84, 31.68, 31.62, 31.51, 31.63, 31.68, 31.61, 31.94, 31.95, 31.94, 31.93, 31.94, 31.94], [32.3, 32.3, 32.3, 32.11, 32.14, 32.21, 32.16, 32.09, 31.5, 31.54, 31.69, 31.55, 31.6, 31.57, 31.94, 31.96, 31.95, 31.94, 31.94, 31.95], [32.3, 32.3, 32.3, 32.3, 32.3, 32.3, 32.3, 32.3, 32.16, 31.66, 31.2, 31.5, 31.54, 31.54, 31.94, 31.96, 31.95, 31.95, 31.95, 31.95], [32.3, 32.3, 32.3, 32.3, 32.3, 32.3, 32.3, 32.3, 32.3, -999.0, 31.2, 32.0, 32.0, 31.52, 31.94, 31.96, 31.96, 30.54, 30.57, 30.58], [32.3, 32.3, 32.3, 32.3, 32.3, 32.3, 32.3, 32.3, 32.3, 32.3, -999.0, 32.0, 32.0, 30.37, 31.09, 31.03, 31.04, 30.75, 30.79, 30.82], [32.3, 32.3, 32.3, 32.3, 32.3, 32.3, 32.3, 32.3, 32.3, 32.3, -999.0, 29.5, 29.5, 29.5, 30.87, 30.83, 30.86, 30.56, 30.63, 30.68], [32.3, 32.3, 32.3, 32.3, 32.3, 32.3, 32.3, 32.1, 32.1, 32.1, 32.1, 31.1, 29.5, 29.5, 29.5, 30.6, 30.67, 30.39, 30.48, 30.55], [32.3, 32.3, 32.17, 32.17, 32.17, 32.1, 32.1, 32.1, 32.1, 32.1, 30.46, 30.65, 30.4, 30.19, 30.43, 30.01, 30.09, 29.95, 30.5, 30.58], [32.17, 32.17, 32.23, 32.23, 32.1, 32.1, 32.1, 32.1, 32.1, 32.1, 30.98, 30.66, 30.32, 30.01, 29.97, 29.75, 29.83, 29.9, 29.95, 29.98], [32.23, 32.23, 32.22, 32.22, 32.1, 32.1, 32.1, 32.1, 32.1, 31.44, 31.09, 30.7, 30.29, 29.99, 29.57, 29.72, 29.84, 29.92, 29.97, 30.0], [32.22, 32.22, 32.22, 32.1, 32.1, 32.1, 32.1, 32.1, 31.87, 31.59, 31.31, 30.99, 30.47, 30.15, 29.7, 29.79, 29.9, 29.97, 30.01, 30.03], [32.22, 32.22, 31.99, 31.99, 32.0, 32.01, 32.03, 32.07, 31.83, 31.62, 31.35, 31.08, 30.59, 30.38, 29.87, 29.92, 29.99, 30.03, 30.06, 30.07], [31.98, 31.98, 31.98, 32.02, 32.02, 32.03, 32.03, 32.04, 31.65, 31.54, 31.37, 31.17, 30.69, 29.97, 30.0, 30.05, 30.09, 30.12, 30.11, 30.11], [32.01, 32.01, 32.01, 32.01, 32.01, 32.01, 32.02, 32.07, 31.58, 31.51, 31.4, 31.25, 30.73, 30.05, 30.1, 30.16, 30.21, 30.2, 30.17, 30.14], [32.0, 32.0, 32.0, 32.08, 32.07, 32.07, 32.06, 32.05, 32.04, 32.04, 32.05, 31.7, 30.91, 30.11, 30.17, 30.26, 30.36, 30.29, 30.2, 30.16], [32.09, 32.08, 32.08, 32.08, 32.07, 32.07, 32.05, 32.04, 32.02, 32.01, 32.03, 31.75, 30.95, 30.78, 30.64, 30.3, 30.6, 30.24, 30.17, 30.15], [32.09, 32.09, 32.08, 32.08, 32.07, 32.07, 32.05, 32.03, 31.99, 31.95, 32.01, 31.79, 31.71, 30.79, 30.64, 30.5, 30.16, 30.02, 30.13, 30.14], [32.09, 32.09, 32.09, 32.08, 32.08, 32.07, 32.06, 32.04, 32.0, 31.96, 31.88, 31.84, 31.76, 30.81, 30.65, 30.58, 30.43, 30.37, 30.12, 30.13], [32.09, 32.09, 32.09, 32.09, 32.08, 32.08, 32.07, 32.07, 32.05, 32.06, 31.93, 31.89, 31.82, 31.01, 30.83, 30.68, 30.57, 30.52, 30.53, 30.57], [32.09, 32.09, 32.09, 32.09, 32.09, 32.09, 32.09, 32.1, 32.11, 32.02, 32.04, 31.8, 31.62, 31.42, 30.94, 30.8, 30.7, 30.64, 30.62, 30.63], [32.1, 32.1, 32.1, 32.1, 32.1, 32.1, 32.11, 32.12, 32.15, 32.12, 32.16, 31.91, 31.69, 31.5, 31.04, 30.9, 30.8, 30.74, 30.71, 30.7], [32.1, 32.1, 32.1, 32.1, 32.11, 32.11, 32.12, 32.14, 31.88, 32.01, 32.08, 31.91, 31.71, 31.54, 31.11, 30.98, 30.88, 30.82, 30.78, 30.76], [32.1, 32.1, 32.11, 32.11, 32.11, 32.12, 32.13, 32.14, 31.84, 31.9, 31.9, 31.82, 31.69, 31.55, 31.15, 31.03, 30.94, 30.88, 30.84, 30.81], [32.1, 32.11, 32.11, 32.11, 32.12, 32.12, 32.13, 31.74, 31.78, 31.8, 31.79, 31.73, 31.64, 31.54, 31.17, 31.07, 30.99, 30.93, 30.88, 30.85]]}]