gis_exercise/awsData/contour/wdir_2023090519.json
[{"header": {"refTime": "2023-09-05T19:00:00.000Z", "nx": 21, "ny": 33, "lo1": 113.509, "la1": 22.2235, "lo2": 113.5947, "la2": 22.1034, "dx": 0.0042850000000001385, "dy": 0.003753125000000024, "parameterCategory": 2, "parameterCategoryName": "Temperature", "parameterNumber": 2}, "data": [0.39, 0.38, 0.37, 0.1, 0.09, 0.3, 0.27, 0.25, 0.25, 0.16, 0.2, 0.23, 0.25, 0.26, -0.03, -0.09, -0.19, -0.24, -0.27, -0.29, 0.4, 0.39, 0.37, 0.35, 0.1, 0.09, 0.25, 0.21, 0.18, 0.14, 0.2, 0.26, 0.28, 0.29, -0.01, -0.14, -0.21, -0.27, -0.3, -0.33, 0.41, 0.4, 0.39, 0.37, 0.1, 0.09, 0.08, 0.17, 0.04, 0.12, 0.21, 0.29, 0.33, 0.33, -0.04, -0.15, -0.24, -0.31, -0.35, -0.37, 0.42, 0.42, 0.4, 0.39, 0.36, 0.11, 0.09, 0.07, 0.05, 0.14, 0.24, 0.36, 0.42, 0.36, -0.02, -0.18, -0.31, -0.39, -0.42, -0.42, 0.44, 0.43, 0.43, 0.41, 0.39, 0.12, 0.12, 0.11, 0.09, 0.17, 0.26, 0.39, 0.6, 0.4, -0.03, -0.25, -0.41, -0.5, -0.51, -0.49, 0.46, 0.46, 0.45, 0.44, 0.43, 0.41, 0.15, 0.16, 0.14, 0.1, 0.15, 0.28, 0.43, 0.14, -0.11, -0.35, -0.58, -0.68, -0.63, -0.56, 0.6, 0.48, 0.48, 0.48, 0.47, 0.46, 0.4, 0.23, 0.22, 0.05, -0.05, 0.07, -0.08, -0.09, -0.2, -0.47, -0.81, -0.94, -0.87, -0.78, 0.6, 0.61, 0.61, 0.68, 0.67, 0.46, 0.43, 0.41, 0.36, 0.04, -0.11, -0.35, -0.39, -0.29, -0.81, -0.92, -1.04, -1.09, -1.02, -0.98, 0.61, 0.61, 0.62, 0.63, 0.7, 0.68, 0.65, 0.41, 0.34, 0.06, -0.4, -0.52, -0.72, -0.62, -0.83, -0.9, -0.97, -1.0, -0.98, -0.96, 0.67, 0.68, 0.68, 0.64, 0.67, 0.73, 0.7, 0.66, 0.37, 0.31, -0.5, -0.63, -0.81, -0.67, -0.84, -0.88, -0.92, -0.94, -0.95, -0.94, 0.67, 0.67, 0.68, 0.69, 0.73, 0.82, 0.71, 0.68, 0.67, 0.4, -0.22, -0.6, -0.65, -0.63, -0.84, -0.87, -0.89, -0.91, -0.92, -0.92, 0.66, 0.67, 0.67, 0.68, 0.69, 0.7, 0.67, 0.67, 0.68, 0.26, -0.11, -0.29, -0.38, -0.59, -0.84, -0.86, -0.87, -0.82, -0.82, -0.81, 0.66, 0.66, 0.66, 0.65, 0.65, 0.61, 0.58, 0.63, 0.66, 0.65, 0.12, -0.19, -0.28, -0.49, -0.46, -0.73, -0.74, -0.75, -0.75, -0.76, 0.65, 0.65, 0.65, 0.64, 0.62, 0.57, 0.48, 0.58, 0.63, 0.64, 0.15, -0.07, -0.13, -0.16, -0.39, -0.63, -0.65, -0.67, -0.69, -0.71, 0.65, 0.64, 0.64, 0.63, 0.61, 0.58, 0.57, 0.51, 0.53, 0.53, 0.53, 0.38, -0.08, -0.1, -0.11, -0.52, -0.55, -0.59, -0.62, -0.65, 0.64, 0.64, 0.56, 0.55, 0.54, 0.5, 0.5, 0.5, 0.51, 0.51, 0.39, 0.35, 0.3, -0.1, -0.1, -0.24, -0.28, -0.31, -0.38, -0.41, 0.56, 0.55, 0.55, 0.54, 0.5, 0.49, 0.49, 0.49, 0.49, 0.49, 0.37, 0.33, 0.27, 0.2, 0.05, -0.33, -0.46, -0.57, -0.65, -0.71, 0.55, 0.54, 0.54, 0.53, 0.49, 0.48, 0.48, 0.46, 0.46, 0.34, 0.31, 0.32, 0.25, 0.06, 0.05, -0.28, -0.48, -0.6, -0.69, -0.74, 0.54, 0.54, 0.53, 0.49, 0.49, 0.48, 0.47, 0.44, 0.4, 0.36, 0.3, 0.25, 0.08, 0.06, -0.25, -0.39, -0.55, -0.67, -0.74, -0.79, 0.54, 0.54, 0.4, 0.4, 0.4, 0.4, 0.4, 0.4, 0.37, 0.34, 0.3, 0.26, 0.07, 0.04, -0.5, -0.57, -0.67, -0.76, -0.81, -0.85, 0.4, 0.4, 0.4, 0.4, 0.4, 0.4, 0.4, 0.4, 0.34, 0.32, 0.3, 0.27, 0.06, -0.65, -0.68, -0.73, -0.8, -0.86, -0.9, -0.92, 0.4, 0.4, 0.39, 0.39, 0.39, 0.39, 0.39, 0.18, 0.32, 0.31, 0.3, 0.28, 0.02, -0.77, -0.81, -0.85, -0.9, -0.95, -0.98, -0.99, 0.39, 0.39, 0.39, 0.09, 0.1, 0.12, 0.13, 0.15, 0.15, 0.15, 0.13, 0.18, -0.65, -0.86, -0.9, -0.92, -0.91, -1.02, -1.08, -1.07, 0.05, 0.05, 0.06, 0.07, 0.08, 0.09, 0.1, 0.13, 0.15, 0.16, 0.12, -0.1, -0.62, -0.78, -0.91, -0.99, -0.73, -1.24, -1.21, -1.14, 0.03, 0.03, 0.04, 0.04, 0.05, 0.06, 0.08, 0.11, 0.18, 0.24, 0.13, -0.1, -0.18, -0.78, -0.93, -1.07, -1.35, -1.61, -1.31, -1.18, 0.02, 0.02, 0.02, 0.02, 0.02, 0.02, 0.04, 0.07, 0.14, 0.2, -0.02, -0.14, -0.21, -0.77, -0.93, -1.24, -1.36, -1.42, -1.27, -1.19, 0.0, -0.0, -0.0, -0.01, -0.01, -0.02, -0.02, -0.02, -0.01, -0.03, -0.19, -0.24, -0.27, -1.1, -1.16, -1.22, -1.29, -1.32, -1.31, -1.28, -0.01, -0.02, -0.02, -0.03, -0.04, -0.06, -0.08, -0.11, -0.17, -0.34, -0.4, -0.65, -0.74, -0.87, -1.14, -1.19, -1.23, -1.26, -1.26, -1.25, -0.03, -0.03, -0.04, -0.06, -0.07, -0.1, -0.13, -0.19, -0.29, -0.52, -0.72, -0.71, -0.76, -0.85, -1.11, -1.16, -1.19, -1.22, -1.23, -1.23, -0.04, -0.05, -0.06, -0.07, -0.09, -0.12, -0.16, -0.23, -0.64, -0.69, -0.72, -0.73, -0.77, -0.84, -1.09, -1.13, -1.16, -1.19, -1.2, -1.2, -0.05, -0.06, -0.07, -0.09, -0.11, -0.14, -0.18, -0.24, -0.66, -0.69, -0.72, -0.74, -0.78, -0.84, -1.08, -1.11, -1.14, -1.16, -1.18, -1.18, -0.06, -0.07, -0.08, -0.1, -0.12, -0.15, -0.18, -0.67, -0.68, -0.71, -0.73, -0.76, -0.79, -0.84, -1.07, -1.1, -1.13, -1.15, -1.16, -1.17]}, {"header": {"refTime": "2023-09-05T19:00:00.000Z", "nx": 21, "ny": 33, "lo1": 113.509, "la1": 22.2235, "lo2": 113.5947, "la2": 22.1034, "dx": 0.0042850000000001385, "dy": 0.003753125000000024, "parameterCategory": 2, "parameterCategoryName": "Temperature", "parameterNumber": 3}, "data": [-1.74, -1.73, -1.72, -1.57, -1.57, -1.33, -1.33, -1.33, -1.32, -1.24, -1.19, -1.14, -1.41, -1.41, -2.13, -2.28, -2.77, -2.88, -2.96, -3.01, -1.74, -1.73, -1.72, -1.71, -1.57, -1.56, -1.35, -1.37, -1.37, -1.28, -1.19, -1.11, -1.37, -1.37, -2.11, -2.64, -2.81, -2.95, -3.04, -3.09, -1.75, -1.74, -1.73, -1.72, -1.57, -1.56, -1.55, -1.4, -1.47, -1.31, -1.17, -1.06, -1.29, -1.31, -2.4, -2.67, -2.9, -3.06, -3.15, -3.19, -1.76, -1.75, -1.74, -1.73, -1.72, -1.57, -1.56, -1.55, -1.53, -1.27, -1.12, -0.97, -1.14, -1.22, -2.36, -2.74, -3.04, -3.23, -3.32, -3.33, -1.77, -1.76, -1.76, -1.75, -1.73, -1.58, -1.58, -1.57, -1.57, -1.21, -1.08, -1.13, -0.78, -1.15, -2.39, -2.9, -3.3, -3.51, -3.54, -3.49, -1.78, -1.78, -1.77, -1.77, -1.76, -1.74, -1.6, -1.6, -1.59, -1.58, -1.5, -1.33, -1.09, -1.54, -2.56, -3.16, -3.7, -3.93, -3.82, -3.65, -1.95, -1.79, -1.79, -1.79, -1.78, -1.77, -1.75, -1.64, -1.63, -1.83, -1.87, -1.75, -2.0, -1.94, -2.8, -3.43, -4.25, -4.56, -4.06, -3.75, -1.95, -1.95, -1.95, -2.18, -2.17, -1.8, -1.77, -1.74, -1.77, -1.79, -1.66, -2.45, -2.58, -2.23, -3.51, -3.95, -4.5, -4.71, -4.41, -4.2, -1.96, -1.96, -1.96, -1.96, -2.18, -2.16, -2.14, -1.76, -1.89, -1.86, -2.17, -2.45, -2.58, -2.52, -3.42, -3.78, -4.13, -4.29, -4.23, -4.12, -2.31, -2.3, -2.29, -1.97, -1.98, -2.16, -2.2, -2.24, -2.09, -2.03, -2.31, -2.45, -2.57, -2.51, -3.37, -3.64, -3.88, -4.02, -4.04, -4.01, -2.31, -2.3, -2.28, -2.26, -2.21, -2.05, -2.29, -2.48, -2.47, -2.25, -2.44, -2.42, -2.47, -2.47, -3.36, -3.56, -3.73, -3.85, -3.9, -3.9, -2.31, -2.3, -2.28, -2.27, -2.24, -2.23, -2.35, -2.62, -2.76, -2.73, -2.52, -2.82, -2.8, -2.44, -3.38, -3.52, -3.65, -3.85, -3.89, -3.91, -2.31, -2.3, -2.29, -2.28, -2.27, -2.26, -2.28, -2.53, -2.68, -2.58, -2.67, -2.84, -2.82, -2.87, -2.88, -3.6, -3.68, -3.75, -3.79, -3.82, -2.31, -2.31, -2.3, -2.29, -2.28, -2.24, -2.13, -2.36, -2.49, -2.51, -2.64, -2.97, -2.97, -2.98, -2.93, -3.55, -3.61, -3.67, -3.71, -3.75, -2.32, -2.31, -2.31, -2.3, -2.29, -2.27, -2.27, -2.27, -2.32, -2.32, -2.31, -2.69, -3.0, -3.02, -3.02, -3.49, -3.55, -3.6, -3.65, -3.69, -2.32, -2.32, -1.94, -1.94, -1.94, -2.19, -2.19, -2.2, -2.21, -2.22, -2.58, -2.66, -2.75, -2.77, -2.83, -3.22, -3.23, -3.25, -3.9, -3.95, -1.93, -1.93, -1.92, -1.92, -2.17, -2.15, -2.12, -2.1, -2.09, -2.11, -2.5, -2.63, -2.77, -2.91, -3.09, -3.29, -3.32, -3.34, -3.36, -3.37, -1.92, -1.91, -1.91, -1.9, -2.13, -2.1, -2.04, -1.96, -1.93, -2.05, -2.21, -2.59, -2.77, -3.07, -3.19, -3.28, -3.32, -3.35, -3.37, -3.38, -1.91, -1.9, -1.9, -2.13, -2.1, -2.05, -1.97, -1.84, -1.74, -1.97, -2.04, -2.23, -2.9, -3.04, -3.27, -3.31, -3.34, -3.37, -3.38, -3.39, -1.9, -1.9, -1.7, -1.7, -1.69, -1.68, -1.67, -1.66, -1.76, -1.87, -2.0, -2.16, -2.89, -3.02, -3.34, -3.36, -3.38, -3.4, -3.4, -3.4, -1.69, -1.69, -1.69, -1.68, -1.67, -1.66, -1.65, -1.64, -1.82, -1.88, -1.97, -2.09, -2.91, -3.37, -3.39, -3.4, -3.42, -3.43, -3.42, -3.42, -1.68, -1.68, -1.67, -1.66, -1.65, -1.64, -1.63, -1.3, -1.82, -1.85, -1.91, -2.01, -2.82, -3.4, -3.43, -3.45, -3.47, -3.46, -3.44, -3.43, -1.67, -1.66, -1.65, -1.19, -1.2, -1.22, -1.23, -1.24, -1.24, -1.23, -1.21, -2.11, -2.71, -3.43, -3.45, -3.5, -3.55, -3.5, -3.45, -3.43, -1.14, -1.15, -1.15, -1.16, -1.17, -1.18, -1.19, -1.2, -1.22, -1.22, -1.19, -1.7, -2.66, -2.9, -3.11, -3.51, -3.69, -3.46, -3.42, -3.42, -1.12, -1.12, -1.13, -1.13, -1.13, -1.14, -1.15, -1.17, -1.22, -1.27, -1.18, -1.6, -1.81, -2.86, -3.07, -3.24, -3.4, -3.3, -3.39, -3.41, -1.1, -1.1, -1.1, -1.1, -1.1, -1.09, -1.1, -1.12, -1.18, -1.23, -1.38, -1.49, -1.68, -2.82, -3.01, -2.97, -3.08, -3.1, -3.39, -3.4, -1.08, -1.08, -1.08, -1.07, -1.06, -1.05, -1.04, -1.04, -1.04, -1.01, -1.24, -1.33, -1.52, -2.32, -2.59, -2.79, -2.92, -2.96, -2.96, -2.93, -1.07, -1.06, -1.05, -1.04, -1.02, -1.0, -0.98, -0.94, -0.87, -1.0, -0.95, -0.99, -1.19, -1.4, -2.41, -2.62, -2.75, -2.82, -2.85, -2.84, -1.05, -1.04, -1.03, -1.01, -0.99, -0.96, -0.92, -0.86, -0.75, -0.73, -0.45, -0.81, -1.08, -1.31, -2.25, -2.46, -2.61, -2.69, -2.74, -2.76, -1.04, -1.03, -1.01, -0.99, -0.97, -0.94, -0.89, -0.82, -0.88, -0.69, -0.57, -0.8, -1.05, -1.25, -2.14, -2.34, -2.49, -2.58, -2.64, -2.67, -1.03, -1.01, -1.0, -0.98, -0.95, -0.92, -0.87, -0.81, -0.93, -0.84, -0.81, -0.92, -1.08, -1.24, -2.08, -2.26, -2.4, -2.49, -2.56, -2.6, -1.02, -1.0, -0.99, -0.97, -0.94, -0.91, -0.87, -1.06, -1.01, -0.96, -0.96, -1.03, -1.13, -1.25, -2.05, -2.21, -2.33, -2.42, -2.49, -2.54]}, {"header": {"refTime": "2023-09-05T19:00:00.000Z", "nx": 21, "ny": 33, "lo1": 113.509, "la1": 22.2235, "lo2": 113.5947, "la2": 22.1034, "dx": 0.0042850000000001385, "dy": 0.003753125000000024, "parameterCategory": 0, "parameterCategoryName": "Temperature", "parameterNumber": 0}, "data": [[31.54, 31.53, 31.52, 31.23, 31.23, 31.49, 31.48, 31.47, 31.47, 31.4, 31.43, 31.46, 31.65, 31.67, 31.62, 31.61, 31.68, 31.67, 31.66, 31.65], [31.55, 31.54, 31.53, 31.51, 31.23, 31.24, 31.46, 31.44, 31.42, 31.39, 31.43, 31.48, 31.67, 31.69, 31.64, 31.7, 31.67, 31.66, 31.65, 31.64], [31.55, 31.55, 31.53, 31.52, 31.23, 31.24, 31.25, 31.41, 31.33, 31.37, 31.44, 31.52, 31.72, 31.73, 31.73, 31.69, 31.66, 31.64, 31.63, 31.63], [31.57, 31.56, 31.55, 31.53, 31.51, 31.24, 31.24, 31.25, 31.26, 31.38, 31.47, 31.58, 31.79, 31.69, 31.73, 31.69, 31.65, 31.62, 31.61, 31.61], [31.58, 31.57, 31.56, 31.55, 31.53, 31.23, 31.24, 31.24, 31.23, 31.38, 31.47, 31.71, 31.88, 31.73, 31.73, 31.67, 31.62, 31.59, 31.59, 31.59], [31.59, 31.59, 31.58, 31.57, 31.56, 31.53, 31.24, 31.24, 31.22, 31.18, 31.47, 31.62, 31.76, 31.87, 31.7, 31.63, 31.57, 31.54, 31.55, 31.57], [31.73, 31.61, 31.61, 31.6, 31.59, 31.57, 31.42, 31.26, 31.25, 31.21, 31.18, 31.48, 31.77, 31.8, 31.67, 31.6, 31.5, 31.47, 31.51, 31.55], [31.74, 31.75, 31.75, 31.74, 31.73, 31.51, 31.46, 31.4, 31.36, 31.18, 31.02, 31.38, 31.39, 31.8, 31.47, 31.5, 31.45, 31.44, 31.46, 31.48], [31.66, 31.67, 31.77, 31.78, 31.78, 31.76, 31.69, 31.43, 31.24, 31.23, 31.17, 31.27, 31.32, 31.26, 31.48, 31.5, 31.48, 31.47, 31.47, 31.48], [32.0, 32.0, 32.0, 31.72, 31.76, 31.86, 31.79, 31.69, 31.12, 31.14, 31.33, 31.21, 31.25, 31.23, 31.48, 31.51, 31.5, 31.49, 31.49, 31.49], [32.0, 32.0, 32.0, 32.0, 32.0, 32.0, 32.0, 32.0, 31.79, 31.23, 30.9, 31.17, 31.2, 31.2, 31.48, 31.52, 31.51, 31.5, 31.5, 31.5], [32.0, 32.0, 32.0, 32.0, 32.0, 32.0, 32.0, 32.0, 32.0, -999.0, 30.9, 31.6, 31.6, 31.18, 31.48, 31.53, 31.52, 29.98, 30.01, 30.02], [32.0, 32.0, 32.0, 32.0, 32.0, 32.0, 32.0, 32.0, 32.0, 32.0, -999.0, 31.6, 31.6, 29.84, 30.61, 30.49, 30.51, 30.2, 30.24, 30.27], [32.0, 32.0, 32.0, 32.0, 32.0, 32.0, 32.0, 32.0, 32.0, 32.0, -999.0, 28.9, 28.9, 28.9, 30.38, 30.28, 30.32, 30.01, 30.07, 30.13], [32.0, 32.0, 32.0, 32.0, 32.0, 32.0, 32.0, 31.6, 31.6, 31.6, 31.6, 30.56, 28.9, 28.9, 28.9, 30.04, 30.12, 29.83, 29.92, 30.0], [32.0, 32.0, 31.75, 31.74, 31.74, 31.6, 31.6, 31.6, 31.6, 31.6, 29.9, 30.09, 29.83, 29.61, 29.86, 29.56, 29.66, 29.48, 30.04, 30.12], [31.74, 31.74, 31.86, 31.85, 31.6, 31.6, 31.6, 31.6, 31.6, 31.6, 30.44, 30.1, 29.75, 29.43, 29.42, 29.19, 29.3, 29.38, 29.43, 29.47], [31.86, 31.85, 31.85, 31.83, 31.6, 31.6, 31.6, 31.6, 31.6, 30.91, 30.55, 30.15, 29.73, 29.45, 28.98, 29.16, 29.31, 29.4, 29.46, 29.5], [31.85, 31.84, 31.83, 31.6, 31.6, 31.6, 31.6, 31.6, 31.36, 31.07, 30.82, 30.49, 29.97, 29.62, 29.14, 29.25, 29.38, 29.46, 29.51, 29.53], [31.84, 31.84, 31.6, 31.6, 31.6, 31.6, 31.6, 31.6, 31.35, 31.14, 30.87, 30.59, 30.11, 29.9, 29.34, 29.41, 29.49, 29.54, 29.57, 29.58], [31.6, 31.6, 31.6, 31.6, 31.6, 31.6, 31.6, 31.6, 31.18, 31.07, 30.9, 30.69, 30.23, 29.47, 29.5, 29.56, 29.62, 29.64, 29.64, 29.62], [31.6, 31.6, 31.6, 31.6, 31.6, 31.6, 31.6, 31.65, 31.13, 31.06, 30.95, 30.8, 30.36, 29.57, 29.63, 29.7, 29.76, 29.75, 29.7, 29.66], [31.6, 31.6, 31.6, 31.68, 31.67, 31.67, 31.66, 31.66, 31.66, 31.66, 31.66, 31.36, 30.53, 29.64, 29.71, 29.83, 29.95, 29.86, 29.73, 29.68], [31.69, 31.69, 31.68, 31.68, 31.68, 31.67, 31.67, 31.66, 31.65, 31.65, 31.66, 31.45, 30.56, 30.38, 30.24, 29.87, 30.29, 29.78, 29.69, 29.67], [31.69, 31.69, 31.69, 31.69, 31.68, 31.68, 31.68, 31.67, 31.65, 31.63, 31.66, 31.49, 31.41, 30.39, 30.22, 30.08, 29.67, 29.46, 29.62, 29.65], [31.69, 31.69, 31.69, 31.69, 31.69, 31.69, 31.69, 31.68, 31.66, 31.64, 31.57, 31.52, 31.45, 30.4, 30.23, 30.13, 29.95, 29.88, 29.62, 29.64], [31.7, 31.7, 31.7, 31.7, 31.7, 31.7, 31.7, 31.7, 31.7, 31.7, 31.6, 31.57, 31.5, 30.58, 30.39, 30.23, 30.11, 30.05, 30.06, 30.1], [31.7, 31.7, 31.7, 31.71, 31.71, 31.71, 31.72, 31.73, 31.74, 31.67, 31.69, 31.38, 31.19, 30.96, 30.5, 30.35, 30.24, 30.18, 30.16, 30.18], [31.71, 31.71, 31.71, 31.71, 31.72, 31.72, 31.73, 31.75, 31.77, 31.75, 31.76, 31.5, 31.26, 31.04, 30.6, 30.45, 30.35, 30.28, 30.25, 30.25], [31.71, 31.71, 31.71, 31.72, 31.72, 31.73, 31.74, 31.76, 31.48, 31.6, 31.67, 31.49, 31.28, 31.09, 30.68, 30.54, 30.44, 30.37, 30.33, 30.31], [31.71, 31.71, 31.72, 31.72, 31.73, 31.73, 31.75, 31.76, 31.42, 31.48, 31.49, 31.4, 31.25, 31.1, 30.72, 30.6, 30.5, 30.44, 30.39, 30.36], [31.71, 31.72, 31.72, 31.72, 31.73, 31.74, 31.75, 31.32, 31.36, 31.38, 31.37, 31.31, 31.21, 31.09, 30.74, 30.63, 30.55, 30.49, 30.44, 30.41]]}]