gis_exercise/awsData/contour/wdir_2023090512.json
[{"header": {"refTime": "2023-09-05T12:00:00.000Z", "nx": 21, "ny": 33, "lo1": 113.509, "la1": 22.2235, "lo2": 113.5947, "la2": 22.1034, "dx": 0.0042850000000001385, "dy": 0.003753125000000024, "parameterCategory": 2, "parameterCategoryName": "Temperature", "parameterNumber": 2}, "data": [0.36, 0.34, 0.31, 0.39, 0.34, 0.04, -0.02, -0.08, -0.11, -0.15, -0.09, -0.04, 0.04, 0.07, -0.6, -0.64, -0.22, -0.26, -0.28, -0.3, 0.37, 0.36, 0.33, 0.29, 0.35, 0.27, -0.05, -0.16, -0.23, -0.21, -0.11, -0.04, 0.04, 0.08, -0.59, -0.19, -0.25, -0.29, -0.32, -0.33, 0.39, 0.38, 0.36, 0.32, 0.38, 0.3, 0.17, -0.21, -0.49, -0.26, -0.1, -0.02, 0.06, 0.1, -0.14, -0.21, -0.29, -0.34, -0.37, -0.38, 0.41, 0.4, 0.39, 0.36, 0.33, 0.37, 0.26, 0.08, -0.09, -0.16, -0.03, 0.01, 0.07, 0.41, -0.14, -0.25, -0.35, -0.42, -0.45, -0.44, 0.43, 0.43, 0.43, 0.42, 0.4, 0.48, 0.44, 0.38, 0.35, 0.02, 0.08, 0.36, 0.12, 0.36, -0.14, -0.3, -0.46, -0.55, -0.55, -0.52, 0.46, 0.46, 0.46, 0.47, 0.48, 0.49, 0.62, 0.65, 0.67, 0.67, 0.65, 0.5, 0.32, 0.33, -0.14, -0.38, -0.64, -0.75, -0.69, -0.59, 0.88, 0.49, 0.5, 0.51, 0.54, 0.58, 1.04, 0.89, 0.94, 1.12, 1.08, 0.75, 0.55, 0.49, -0.12, -0.47, -0.91, -1.07, -0.93, -0.8, 0.87, 0.87, 0.87, 1.38, 1.37, 0.95, 1.03, 1.15, 1.28, 1.11, 1.01, 0.94, 0.92, 0.58, 0.06, -0.34, -0.82, -1.0, -0.74, -0.56, 0.86, 0.85, 0.84, 0.83, 1.3, 1.31, 1.4, 1.07, 1.51, 1.13, 0.85, 0.8, 0.64, 0.71, 0.11, -0.2, -0.5, -0.64, -0.58, -0.49, 1.28, 1.25, 1.22, 0.8, 0.76, 1.12, 1.33, 1.57, 1.76, 1.67, 0.79, 0.7, 0.56, 0.67, 0.13, -0.09, -0.29, -0.4, -0.42, -0.39, 1.28, 1.25, 1.21, 1.14, 1.0, 0.58, 1.21, 1.67, 1.97, 1.95, 1.37, 0.72, 0.68, 0.7, 0.12, -0.03, -0.16, -0.26, -0.3, -0.3, 1.28, 1.26, 1.22, 1.17, 1.1, 1.07, 1.37, 2.01, 2.34, 1.9, 1.57, 1.36, 1.21, 0.73, 0.11, 0.01, -0.09, -0.29, -0.32, -0.33, 1.29, 1.27, 1.25, 1.22, 1.19, 1.2, 1.28, 1.83, 2.16, 1.93, 1.63, 1.5, 1.35, 0.67, 0.67, -0.08, -0.13, -0.18, -0.21, -0.24, 1.3, 1.29, 1.27, 1.25, 1.24, 1.19, 1.0, 1.47, 1.75, 1.77, 1.61, 1.42, 1.27, 1.17, 0.68, 0.02, -0.03, -0.08, -0.12, -0.16, 1.32, 1.31, 1.3, 1.29, 1.28, 1.26, 1.27, 1.71, 1.89, 1.98, 2.01, 1.87, 1.23, 1.13, 1.07, 0.13, 0.07, 0.01, -0.04, -0.08, 1.33, 1.32, 1.08, 1.09, 1.09, 1.71, 1.72, 1.8, 1.89, 1.95, 1.91, 1.76, 1.58, 0.89, 0.85, 1.0, 1.07, 1.14, 0.74, 0.74, 1.12, 1.12, 1.14, 1.15, 1.8, 1.8, 1.83, 1.88, 1.92, 1.95, 1.84, 1.68, 1.46, 1.21, 1.08, 0.9, 0.98, 1.04, 1.08, 1.11, 1.15, 1.16, 1.18, 1.22, 1.85, 1.86, 1.9, 1.95, 1.98, 1.54, 1.38, 1.63, 1.39, 1.09, 0.73, 0.87, 0.99, 1.06, 1.1, 1.13, 1.18, 1.2, 1.23, 1.87, 1.88, 1.9, 1.94, 2.0, 1.94, 1.66, 1.4, 1.22, 1.45, 1.23, 0.86, 0.95, 1.05, 1.11, 1.14, 1.16, 1.2, 1.23, 1.28, 1.31, 1.36, 1.43, 1.54, 1.71, 1.78, 1.58, 1.38, 1.22, 1.58, 1.47, 1.03, 1.08, 1.14, 1.18, 1.19, 1.19, 1.24, 1.26, 1.28, 1.3, 1.34, 1.39, 1.46, 1.53, 1.52, 1.43, 1.3, 1.19, 1.71, 1.12, 1.16, 1.22, 1.26, 1.27, 1.25, 1.22, 1.24, 1.25, 1.26, 1.28, 1.3, 1.33, 1.35, 1.58, 1.32, 1.26, 1.2, 1.14, 1.37, 1.21, 1.27, 1.36, 1.41, 1.38, 1.3, 1.24, 1.23, 1.23, 1.24, 1.56, 1.54, 1.52, 1.49, 1.45, 1.4, 1.37, 1.39, 1.66, 1.16, 1.26, 1.35, 1.49, 1.66, 1.49, 1.3, 1.24, 1.57, 1.56, 1.55, 1.53, 1.51, 1.47, 1.42, 1.33, 1.22, 1.17, 1.25, 1.56, 1.14, 1.24, 1.35, 1.52, 2.18, 1.3, 1.19, 1.19, 1.56, 1.55, 1.54, 1.52, 1.49, 1.44, 1.37, 1.26, 1.06, 0.89, 1.14, 1.51, 1.73, 1.2, 1.28, 1.33, 1.1, 0.73, 1.07, 1.15, 1.56, 1.55, 1.53, 1.51, 1.48, 1.44, 1.37, 1.27, 1.08, 0.93, 1.28, 1.54, 1.73, 1.16, 1.21, 1.42, 1.25, 1.15, 1.08, 1.13, 1.55, 1.54, 1.53, 1.51, 1.49, 1.46, 1.41, 1.36, 1.3, 1.29, 1.51, 1.64, 1.76, 1.62, 1.54, 1.45, 1.35, 1.3, 1.32, 1.36, 1.55, 1.55, 1.54, 1.52, 1.51, 1.49, 1.48, 1.47, 1.5, 1.67, 1.75, 1.33, 1.17, 1.01, 1.57, 1.49, 1.43, 1.39, 1.39, 1.4, 1.56, 1.55, 1.54, 1.54, 1.53, 1.53, 1.53, 1.56, 1.64, 1.86, 1.87, 1.52, 1.28, 1.1, 1.6, 1.54, 1.49, 1.45, 1.44, 1.44, 1.56, 1.56, 1.55, 1.55, 1.55, 1.56, 1.57, 1.61, 1.43, 1.63, 1.76, 1.54, 1.32, 1.15, 1.63, 1.57, 1.53, 1.5, 1.48, 1.47, 1.57, 1.56, 1.56, 1.56, 1.57, 1.58, 1.6, 1.63, 1.39, 1.49, 1.52, 1.43, 1.29, 1.16, 1.65, 1.6, 1.56, 1.53, 1.51, 1.5, 1.57, 1.57, 1.57, 1.57, 1.58, 1.59, 1.61, 1.27, 1.33, 1.38, 1.38, 1.33, 1.24, 1.15, 1.66, 1.62, 1.58, 1.55, 1.54, 1.53]}, {"header": {"refTime": "2023-09-05T12:00:00.000Z", "nx": 21, "ny": 33, "lo1": 113.509, "la1": 22.2235, "lo2": 113.5947, "la2": 22.1034, "dx": 0.0042850000000001385, "dy": 0.003753125000000024, "parameterCategory": 2, "parameterCategoryName": "Temperature", "parameterNumber": 3}, "data": [-1.7, -1.66, -1.63, -1.1, -1.09, -1.27, -1.23, -1.2, -1.2, -1.18, -1.25, -1.32, -1.84, -1.89, -2.24, -2.34, -3.03, -3.08, -3.11, -3.14, -1.72, -1.69, -1.65, -1.6, -1.09, -1.07, -1.2, -1.14, -1.1, -1.13, -1.25, -1.35, -1.87, -1.93, -2.27, -2.97, -3.05, -3.11, -3.15, -3.17, -1.74, -1.72, -1.68, -1.63, -1.1, -1.08, -1.04, -1.08, -0.89, -1.08, -1.27, -1.4, -1.92, -1.97, -2.87, -2.98, -3.08, -3.15, -3.2, -3.21, -1.78, -1.75, -1.72, -1.67, -1.61, -1.1, -1.07, -1.01, -0.96, -1.15, -1.33, -1.51, -1.99, -2.08, -2.85, -3.01, -3.15, -3.23, -3.27, -3.27, -1.82, -1.8, -1.77, -1.73, -1.68, -1.14, -1.12, -1.1, -1.09, -1.25, -1.4, -2.05, -2.03, -2.09, -2.86, -3.08, -3.26, -3.35, -3.36, -3.34, -1.87, -1.86, -1.84, -1.81, -1.77, -1.7, -1.18, -1.19, -1.19, -1.17, -1.97, -2.07, -2.09, -2.53, -2.94, -3.2, -3.44, -3.54, -3.49, -3.41, -2.38, -1.92, -1.92, -1.91, -1.88, -1.81, -1.79, -1.28, -1.29, -1.65, -1.71, -2.16, -2.75, -2.73, -3.05, -3.32, -3.67, -3.81, -3.61, -3.48, -2.4, -2.41, -2.41, -2.83, -2.78, -2.0, -1.85, -1.65, -1.54, -1.58, -1.41, -2.62, -2.84, -2.88, -3.43, -3.6, -3.81, -3.89, -3.78, -3.7, -2.43, -2.44, -2.46, -2.47, -2.87, -2.81, -2.67, -1.79, -1.86, -1.69, -2.22, -2.67, -2.93, -2.81, -3.4, -3.54, -3.67, -3.73, -3.71, -3.67, -3.17, -3.17, -3.17, -2.54, -2.62, -2.96, -2.92, -2.84, -2.28, -2.16, -2.45, -2.71, -2.93, -2.81, -3.39, -3.49, -3.58, -3.63, -3.64, -3.63, -3.17, -3.16, -3.15, -3.14, -3.13, -3.06, -3.22, -3.42, -3.25, -2.6, -2.9, -2.65, -2.74, -2.74, -3.39, -3.46, -3.52, -3.57, -3.58, -3.59, -3.16, -3.15, -3.14, -3.13, -3.11, -3.11, -3.22, -3.59, -3.79, -3.57, -3.07, -3.47, -3.4, -2.67, -3.39, -3.44, -3.49, -3.53, -3.55, -3.55, -3.15, -3.14, -3.13, -3.11, -3.08, -3.02, -2.99, -3.4, -3.66, -3.51, -3.43, -3.52, -3.46, -3.14, -3.14, -3.43, -3.46, -3.48, -3.5, -3.51, -3.15, -3.14, -3.12, -3.09, -3.04, -2.93, -2.64, -3.1, -3.35, -3.39, -3.39, -3.55, -3.48, -3.43, -3.14, -3.39, -3.42, -3.44, -3.46, -3.47, -3.15, -3.14, -3.12, -3.09, -3.05, -2.99, -2.96, -3.09, -3.23, -3.29, -3.3, -3.48, -3.45, -3.4, -3.37, -3.35, -3.37, -3.4, -3.42, -3.44, -3.15, -3.14, -2.82, -2.8, -2.79, -3.06, -3.07, -3.12, -3.18, -3.23, -3.45, -3.41, -3.37, -3.13, -3.13, -3.29, -3.32, -3.35, -3.6, -3.63, -2.84, -2.83, -2.83, -2.82, -3.11, -3.1, -3.11, -3.13, -3.16, -3.18, -3.37, -3.36, -3.32, -3.26, -3.22, -3.35, -3.43, -3.49, -3.54, -3.57, -2.84, -2.84, -2.84, -2.84, -3.12, -3.12, -3.12, -3.12, -3.12, -2.96, -2.96, -3.32, -3.28, -3.21, -3.14, -3.33, -3.44, -3.51, -3.56, -3.59, -2.85, -2.85, -2.85, -3.14, -3.13, -3.13, -3.12, -3.1, -3.04, -2.99, -2.75, -2.74, -3.26, -3.25, -3.31, -3.39, -3.49, -3.55, -3.59, -3.62, -2.85, -2.86, -2.37, -2.39, -2.43, -2.49, -2.58, -2.73, -2.87, -2.76, -2.68, -2.67, -3.3, -3.31, -3.46, -3.51, -3.57, -3.61, -3.64, -3.65, -2.31, -2.32, -2.34, -2.35, -2.38, -2.41, -2.47, -2.53, -2.65, -2.6, -2.56, -2.57, -3.34, -3.55, -3.57, -3.61, -3.65, -3.68, -3.69, -3.69, -2.29, -2.29, -2.3, -2.3, -2.31, -2.32, -2.33, -2.35, -2.42, -2.4, -2.4, -2.43, -2.78, -3.63, -3.66, -3.7, -3.74, -3.75, -3.74, -3.72, -2.26, -2.26, -2.25, -2.27, -2.26, -2.24, -2.21, -2.16, -2.1, -2.06, -2.07, -2.49, -2.91, -3.68, -3.72, -3.77, -3.82, -3.81, -3.78, -3.75, -2.27, -2.26, -2.25, -2.23, -2.21, -2.17, -2.1, -2.0, -1.88, -1.82, -1.9, -2.24, -2.84, -3.14, -3.39, -3.81, -3.9, -3.84, -3.8, -3.77, -2.25, -2.24, -2.23, -2.2, -2.17, -2.12, -2.03, -1.9, -1.67, -1.49, -1.75, -2.17, -2.44, -3.1, -3.36, -3.58, -3.83, -3.81, -3.8, -3.77, -2.24, -2.23, -2.21, -2.18, -2.15, -2.1, -2.02, -1.89, -1.69, -1.53, -1.9, -2.19, -2.42, -3.05, -3.3, -3.68, -3.73, -3.74, -3.78, -3.77, -2.23, -2.22, -2.2, -2.18, -2.14, -2.1, -2.05, -1.97, -1.9, -1.89, -2.11, -2.27, -2.43, -3.41, -3.52, -3.61, -3.66, -3.68, -3.68, -3.66, -2.23, -2.21, -2.2, -2.18, -2.15, -2.13, -2.1, -2.08, -2.09, -2.25, -2.33, -2.35, -2.42, -2.53, -3.45, -3.53, -3.59, -3.62, -3.63, -3.63, -2.22, -2.21, -2.2, -2.18, -2.17, -2.15, -2.15, -2.16, -2.21, -2.41, -2.5, -2.44, -2.46, -2.53, -3.38, -3.47, -3.53, -3.57, -3.58, -3.59, -2.22, -2.21, -2.2, -2.19, -2.18, -2.18, -2.18, -2.21, -2.35, -2.43, -2.48, -2.46, -2.47, -2.53, -3.34, -3.42, -3.48, -3.52, -3.54, -3.56, -2.22, -2.22, -2.21, -2.2, -2.2, -2.2, -2.21, -2.23, -2.37, -2.42, -2.45, -2.46, -2.48, -2.52, -3.31, -3.39, -3.44, -3.48, -3.51, -3.53, -2.23, -2.22, -2.22, -2.21, -2.21, -2.21, -2.22, -2.36, -2.39, -2.41, -2.44, -2.46, -2.49, -2.52, -3.3, -3.36, -3.41, -3.45, -3.48, -3.5]}, {"header": {"refTime": "2023-09-05T12:00:00.000Z", "nx": 21, "ny": 33, "lo1": 113.509, "la1": 22.2235, "lo2": 113.5947, "la2": 22.1034, "dx": 0.0042850000000001385, "dy": 0.003753125000000024, "parameterCategory": 0, "parameterCategoryName": "Temperature", "parameterNumber": 0}, "data": [[32.7, 32.71, 32.71, 32.84, 32.83, 32.75, 32.75, 32.74, 32.74, 32.76, 32.76, 32.77, 32.94, 32.96, 32.73, 32.73, 33.0, 33.0, 33.0, 33.01], [32.7, 32.7, 32.71, 32.71, 32.83, 32.82, 32.74, 32.73, 32.73, 32.75, 32.76, 32.77, 32.93, 32.95, 32.73, 33.0, 33.0, 33.0, 33.0, 33.0], [32.7, 32.7, 32.71, 32.71, 32.83, 32.82, 32.8, 32.73, 32.71, 32.74, 32.76, 32.77, 32.93, 32.94, 32.99, 32.99, 32.99, 32.99, 32.99, 32.99], [32.7, 32.7, 32.7, 32.71, 32.71, 32.83, 32.82, 32.79, 32.77, 32.76, 32.77, 32.76, 32.9, 32.99, 32.98, 32.99, 32.98, 32.98, 32.98, 32.98], [32.69, 32.7, 32.7, 32.71, 32.71, 32.85, 32.84, 32.83, 32.83, 32.79, 32.79, 32.95, 32.82, 32.96, 32.98, 32.98, 32.97, 32.96, 32.96, 32.97], [32.69, 32.69, 32.7, 32.7, 32.71, 32.72, 32.86, 32.86, 32.87, 32.89, 33.09, 33.03, 32.94, 33.03, 33.01, 32.99, 32.94, 32.93, 32.94, 32.96], [32.68, 32.69, 32.69, 32.69, 32.7, 32.72, 32.83, 32.89, 32.9, 33.1, 33.16, 33.2, 33.27, 33.21, 33.06, 32.99, 32.9, 32.87, 32.78, 32.78], [32.67, 32.67, 32.67, 32.67, 32.68, 32.77, 32.81, 32.86, 32.96, 33.08, 33.07, 33.48, 33.49, 33.2, 33.14, 33.23, 33.04, 32.96, 33.08, 33.15], [32.73, 32.72, 32.65, 32.65, 32.64, 32.66, 32.71, 32.83, 32.93, 33.11, 33.27, 33.37, 33.42, 33.36, 33.16, 33.27, 33.15, 33.11, 33.13, 33.18], [32.5, 32.5, 32.5, 32.69, 32.66, 32.59, 32.64, 32.71, 32.96, 32.95, 33.43, 33.31, 33.35, 33.33, 33.16, 33.31, 33.23, 33.2, 33.19, 33.21], [32.5, 32.5, 32.5, 32.5, 32.5, 32.5, 32.5, 32.5, 32.64, 32.93, 33.0, 33.27, 33.3, 33.3, 33.15, 33.34, 33.28, 33.25, 33.24, 33.25], [32.5, 32.5, 32.5, 32.5, 32.5, 32.5, 32.5, 32.5, 32.5, -999.0, 33.0, 33.7, 33.7, 33.28, 33.14, 33.37, 33.33, 33.2, 33.19, 33.19], [32.5, 32.5, 32.5, 32.5, 32.5, 32.5, 32.5, 32.5, 32.5, 32.5, -999.0, 33.7, 33.7, 33.57, 33.63, 33.05, 33.05, 33.14, 33.12, 33.12], [32.5, 32.5, 32.5, 32.5, 32.5, 32.5, 32.5, 32.5, 32.5, 32.5, -999.0, 33.5, 33.5, 33.5, 33.61, 33.11, 33.1, 33.19, 33.17, 33.16], [32.5, 32.5, 32.5, 32.5, 32.5, 32.5, 32.5, 32.7, 32.7, 32.7, 32.7, 33.01, 33.5, 33.5, 33.5, 33.18, 33.16, 33.24, 33.21, 33.19], [32.5, 32.5, 32.63, 32.63, 32.63, 32.7, 32.7, 32.7, 32.7, 32.7, 33.2, 33.15, 33.22, 33.29, 33.21, 32.88, 32.78, 32.95, 32.85, 32.81], [32.63, 32.63, 32.57, 32.57, 32.7, 32.7, 32.7, 32.7, 32.7, 32.7, 33.04, 33.14, 33.25, 33.34, 33.21, 33.28, 33.2, 33.14, 33.1, 33.07], [32.57, 32.57, 32.58, 32.58, 32.7, 32.7, 32.7, 32.7, 32.7, 32.9, 33.01, 33.13, 33.26, 33.21, 33.46, 33.3, 33.19, 33.12, 33.08, 33.05], [32.58, 32.58, 32.58, 32.7, 32.7, 32.7, 32.7, 32.7, 32.77, 32.86, 32.99, 33.09, 32.97, 33.11, 33.32, 33.23, 33.14, 33.08, 33.04, 33.03], [32.58, 32.58, 32.87, 32.86, 32.85, 32.84, 32.81, 32.75, 32.81, 32.89, 32.98, 33.07, 32.88, 32.94, 33.16, 33.11, 33.05, 33.01, 33.0, 32.99], [32.88, 32.88, 32.87, 32.82, 32.82, 32.81, 32.8, 32.79, 32.89, 32.93, 32.99, 33.06, 32.79, 33.07, 33.04, 32.99, 32.94, 32.93, 32.94, 32.96], [32.84, 32.84, 32.84, 32.83, 32.83, 32.83, 32.83, 32.73, 32.95, 32.97, 33.01, 33.05, 32.79, 32.99, 32.94, 32.87, 32.82, 32.84, 32.9, 32.94], [32.85, 32.85, 32.85, 32.71, 32.72, 32.73, 32.74, 32.75, 32.77, 32.77, 32.76, 32.6, 32.84, 32.94, 32.87, 32.76, 32.63, 32.75, 32.88, 32.93], [32.69, 32.69, 32.7, 32.71, 32.71, 32.73, 32.75, 32.77, 32.81, 32.82, 32.79, 32.53, 32.85, 32.81, 32.76, 32.73, 32.27, 32.86, 32.94, 32.95], [32.69, 32.69, 32.7, 32.7, 32.71, 32.72, 32.75, 32.78, 32.85, 32.91, 32.82, 32.56, 32.44, 32.83, 32.81, 32.8, 32.99, 33.24, 33.03, 32.98], [32.68, 32.69, 32.69, 32.69, 32.7, 32.71, 32.73, 32.77, 32.83, 32.89, 32.68, 32.54, 32.44, 32.85, 32.85, 32.76, 32.88, 32.95, 33.02, 32.99], [32.68, 32.68, 32.68, 32.69, 32.69, 32.7, 32.7, 32.72, 32.74, 32.73, 32.57, 32.5, 32.43, 32.63, 32.68, 32.74, 32.81, 32.84, 32.83, 32.8], [32.67, 32.67, 32.67, 32.67, 32.67, 32.67, 32.67, 32.66, 32.63, 32.49, 32.45, 32.73, 32.84, 32.94, 32.66, 32.71, 32.76, 32.78, 32.79, 32.78], [32.67, 32.67, 32.67, 32.66, 32.66, 32.65, 32.64, 32.61, 32.56, 32.4, 32.42, 32.62, 32.77, 32.89, 32.63, 32.68, 32.72, 32.74, 32.75, 32.75], [32.66, 32.66, 32.66, 32.65, 32.65, 32.64, 32.62, 32.59, 32.67, 32.55, 32.48, 32.62, 32.75, 32.86, 32.61, 32.66, 32.69, 32.71, 32.72, 32.72], [32.66, 32.66, 32.65, 32.65, 32.64, 32.63, 32.61, 32.58, 32.69, 32.64, 32.62, 32.68, 32.77, 32.86, 32.6, 32.64, 32.67, 32.69, 32.7, 32.71], [32.66, 32.65, 32.65, 32.64, 32.63, 32.62, 32.6, 32.77, 32.73, 32.71, 32.71, 32.74, 32.8, 32.86, 32.6, 32.63, 32.65, 32.67, 32.68, 32.69]]}]