gis_exercise/awsData/contour/wdir_2023091412.json
[{"header": {"refTime": "2023-09-14T12:00:00.000Z", "nx": 21, "ny": 33, "lo1": 113.509, "la1": 22.2235, "lo2": 113.5947, "la2": 22.1034, "dx": 0.0042850000000001385, "dy": 0.003753125000000024, "parameterCategory": 2, "parameterCategoryName": "Temperature", "parameterNumber": 2}, "data": [-2.16, -2.15, -2.15, -1.97, -1.97, -2.48, -2.44, -2.41, -2.41, -2.24, -2.32, -2.4, -2.93, -2.99, -3.45, -3.53, -3.97, -4.0, -4.02, -4.04, -2.16, -2.16, -2.15, -2.15, -1.98, -1.97, -2.4, -2.31, -2.27, -2.19, -2.32, -2.45, -2.99, -3.04, -3.5, -3.95, -3.99, -4.03, -4.05, -4.06, -2.16, -2.16, -2.16, -2.15, -1.98, -1.98, -1.96, -2.24, -1.98, -2.14, -2.35, -2.54, -3.08, -3.12, -3.89, -3.96, -4.02, -4.07, -4.09, -4.1, -2.17, -2.17, -2.17, -2.16, -2.16, -1.99, -1.98, -1.95, -1.93, -2.19, -2.43, -2.7, -3.24, -3.12, -3.89, -3.98, -4.07, -4.12, -4.15, -4.14, -2.17, -2.17, -2.17, -2.18, -2.18, -2.02, -2.01, -2.0, -1.97, -2.24, -2.46, -3.14, -3.43, -3.19, -3.89, -4.03, -4.15, -4.22, -4.22, -4.2, -2.17, -2.18, -2.18, -2.19, -2.2, -2.21, -2.06, -2.07, -2.03, -1.94, -2.69, -2.99, -3.25, -3.76, -3.91, -4.1, -4.28, -4.36, -4.32, -4.25, -3.01, -2.18, -2.18, -2.19, -2.21, -2.24, -2.15, -2.18, -2.16, -2.18, -2.12, -2.76, -3.73, -3.8, -3.93, -4.17, -4.48, -4.59, -4.62, -4.56, -3.01, -2.98, -2.94, -3.09, -3.06, -2.11, -2.17, -2.3, -2.51, -2.1, -1.71, -3.08, -3.35, -3.87, -4.26, -4.42, -4.6, -4.67, -4.57, -4.5, -3.02, -2.99, -2.94, -2.87, -2.99, -2.99, -3.06, -2.2, -2.8, -2.24, -2.77, -3.37, -3.91, -3.65, -4.28, -4.38, -4.49, -4.54, -4.51, -4.48, -3.85, -3.79, -3.69, -2.86, -2.72, -2.78, -3.06, -3.35, -3.25, -3.05, -3.13, -3.58, -4.04, -3.73, -4.3, -4.36, -4.42, -4.45, -4.46, -4.44, -3.87, -3.81, -3.71, -3.54, -3.18, -2.13, -3.5, -4.26, -4.02, -3.61, -4.0, -3.48, -3.64, -3.6, -4.31, -4.34, -4.38, -4.4, -4.41, -4.41, -3.9, -3.86, -3.79, -3.68, -3.51, -3.42, -3.98, -4.73, -5.05, -5.22, -4.22, -4.58, -4.51, -3.49, -4.3, -4.33, -4.35, -4.0, -4.0, -3.99, -3.95, -3.92, -3.9, -3.88, -3.91, -4.11, -4.45, -4.76, -4.96, -4.72, -5.13, -4.65, -4.57, -3.48, -3.42, -3.81, -3.82, -3.83, -3.85, -3.86, -4.0, -3.99, -4.0, -4.03, -4.14, -4.37, -4.7, -4.63, -4.68, -4.62, -5.12, -4.24, -4.05, -3.89, -3.22, -3.58, -3.61, -3.66, -3.7, -3.74, -4.04, -4.05, -4.07, -4.13, -4.23, -4.37, -4.5, -4.35, -4.25, -4.15, -4.04, -3.01, -3.8, -3.6, -3.48, -3.31, -3.38, -3.47, -3.55, -3.62, -4.08, -4.09, -2.9, -2.97, -3.05, -4.03, -4.0, -3.91, -3.8, -3.75, -2.85, -2.75, -2.63, -2.34, -2.33, -2.62, -2.69, -2.76, -2.87, -2.94, -2.78, -2.8, -2.82, -2.84, -3.78, -3.69, -3.54, -3.34, -3.22, -3.26, -2.55, -2.54, -2.45, -2.32, -1.93, -2.0, -2.01, -2.02, -2.03, -2.03, -2.74, -2.74, -2.74, -2.72, -3.54, -3.36, -3.07, -2.67, -2.47, -2.04, -2.17, -2.38, -2.34, -1.92, -1.96, -2.0, -2.02, -2.03, -2.03, -2.03, -2.69, -2.68, -2.66, -3.51, -3.36, -3.12, -2.73, -2.08, -1.36, -1.8, -1.48, -1.59, -1.85, -1.92, -1.99, -2.01, -2.03, -2.04, -2.04, -2.04, -2.65, -2.63, -2.5, -2.44, -2.34, -2.19, -1.98, -1.7, -1.28, -1.38, -1.49, -1.58, -1.86, -1.93, -2.02, -2.03, -2.04, -2.05, -2.05, -2.04, -2.51, -2.47, -2.42, -2.36, -2.27, -2.15, -2.01, -1.86, -1.4, -1.45, -1.52, -1.58, -1.88, -2.04, -2.05, -2.06, -2.07, -2.07, -2.06, -2.05, -2.46, -2.42, -2.37, -2.3, -2.22, -2.13, -2.03, -1.33, -1.49, -1.51, -1.55, -1.59, -2.08, -2.06, -2.07, -2.09, -2.11, -2.09, -2.07, -2.05, -2.42, -2.38, -2.32, -1.33, -1.34, -1.35, -1.36, -1.38, -1.4, -1.41, -1.4, -1.77, -1.95, -2.07, -2.09, -2.13, -2.18, -2.12, -2.06, -2.04, -1.32, -1.33, -1.33, -1.34, -1.35, -1.37, -1.39, -1.42, -1.47, -1.49, -1.46, -1.77, -1.94, -1.99, -2.04, -2.13, -2.35, -2.05, -2.02, -2.02, -1.33, -1.33, -1.34, -1.35, -1.36, -1.38, -1.41, -1.46, -1.54, -1.61, -1.5, -1.73, -1.8, -1.97, -2.01, -2.04, -1.98, -1.85, -1.97, -2.0, -1.33, -1.33, -1.34, -1.35, -1.36, -1.38, -1.4, -1.45, -1.53, -1.59, -1.66, -1.68, -1.74, -1.96, -1.98, -1.89, -1.89, -1.87, -1.98, -2.0, -1.33, -1.33, -1.34, -1.34, -1.35, -1.37, -1.38, -1.41, -1.43, -1.43, -1.57, -1.6, -1.67, -1.71, -1.79, -1.84, -1.86, -1.86, -1.86, -1.86, -1.33, -1.33, -1.33, -1.34, -1.34, -1.35, -1.36, -1.36, -1.34, -1.45, -1.42, -1.33, -1.37, -1.4, -1.73, -1.78, -1.82, -1.83, -1.84, -1.84, -1.33, -1.33, -1.33, -1.33, -1.33, -1.33, -1.33, -1.32, -1.28, -1.31, -1.15, -1.26, -1.33, -1.37, -1.68, -1.74, -1.78, -1.8, -1.81, -1.82, -1.32, -1.32, -1.33, -1.33, -1.33, -1.32, -1.31, -1.29, -1.3, -1.23, -1.19, -1.25, -1.32, -1.36, -1.65, -1.71, -1.75, -1.77, -1.79, -1.8, -1.32, -1.32, -1.32, -1.32, -1.32, -1.31, -1.3, -1.28, -1.31, -1.28, -1.26, -1.29, -1.32, -1.36, -1.63, -1.68, -1.72, -1.75, -1.77, -1.78, -1.32, -1.32, -1.32, -1.32, -1.31, -1.31, -1.3, -1.35, -1.33, -1.31, -1.3, -1.32, -1.34, -1.36, -1.62, -1.67, -1.7, -1.73, -1.75, -1.76]}, {"header": {"refTime": "2023-09-14T12:00:00.000Z", "nx": 21, "ny": 33, "lo1": 113.509, "la1": 22.2235, "lo2": 113.5947, "la2": 22.1034, "dx": 0.0042850000000001385, "dy": 0.003753125000000024, "parameterCategory": 2, "parameterCategoryName": "Temperature", "parameterNumber": 3}, "data": [0.32, 0.31, 0.29, 0.34, 0.31, 0.42, 0.38, 0.34, 0.34, 0.42, 0.52, 0.61, 1.03, 1.1, 1.86, 2.01, 2.78, 2.86, 2.91, 2.95, 0.33, 0.32, 0.3, 0.28, 0.32, 0.28, 0.34, 0.25, 0.2, 0.33, 0.51, 0.65, 1.08, 1.15, 1.91, 2.7, 2.82, 2.91, 2.98, 3.01, 0.34, 0.33, 0.31, 0.29, 0.33, 0.29, 0.22, 0.18, -0.08, 0.26, 0.54, 0.72, 1.15, 1.21, 2.53, 2.72, 2.88, 3.0, 3.06, 3.09, 0.35, 0.34, 0.33, 0.32, 0.29, 0.33, 0.27, 0.18, 0.09, 0.38, 0.64, 0.86, 1.26, 1.47, 2.51, 2.77, 2.99, 3.13, 3.19, 3.19, 0.36, 0.36, 0.35, 0.35, 0.33, 0.38, 0.36, 0.33, 0.32, 0.56, 0.75, 1.44, 1.43, 1.48, 2.52, 2.89, 3.18, 3.34, 3.36, 3.32, 0.38, 0.38, 0.38, 0.38, 0.37, 0.37, 0.44, 0.46, 0.48, 0.5, 1.4, 1.46, 1.48, 2.02, 2.62, 3.07, 3.5, 3.67, 3.58, 3.45, 1.2, 0.4, 0.4, 0.41, 0.41, 0.42, 0.69, 0.56, 0.59, 1.05, 1.15, 1.54, 2.22, 2.25, 2.76, 3.26, 3.93, 4.17, 3.96, 3.76, 1.21, 1.18, 1.15, 1.22, 1.2, 0.66, 0.68, 0.69, 0.8, 1.0, 0.96, 2.09, 2.29, 2.46, 3.4, 3.74, 4.16, 4.31, 4.08, 3.93, 1.22, 1.19, 1.16, 1.11, 1.16, 1.15, 1.18, 0.68, 1.14, 1.07, 1.87, 2.33, 2.77, 2.56, 3.38, 3.64, 3.89, 4.0, 3.95, 3.87, 1.89, 1.84, 1.77, 1.11, 1.01, 1.03, 1.21, 1.4, 1.52, 1.45, 2.15, 2.51, 2.88, 2.62, 3.37, 3.55, 3.71, 3.8, 3.82, 3.79, 1.91, 1.86, 1.79, 1.66, 1.4, 0.62, 1.62, 2.17, 1.91, 1.81, 2.52, 2.43, 2.55, 2.52, 3.38, 3.49, 3.61, 3.68, 3.72, 3.72, 1.93, 1.9, 1.85, 1.77, 1.64, 1.58, 1.98, 2.51, 2.73, 3.07, 2.61, 2.98, 2.99, 2.43, 3.38, 3.47, 3.55, 3.2, 3.21, 3.21, 1.96, 1.95, 1.93, 1.91, 1.94, 2.09, 2.35, 2.55, 2.67, 2.51, 3.07, 2.98, 2.97, 2.28, 2.22, 2.89, 2.93, 2.98, 3.02, 3.04, 2.0, 2.0, 2.0, 2.03, 2.11, 2.3, 2.57, 2.48, 2.49, 2.45, 3.05, 2.51, 2.41, 2.31, 2.02, 2.62, 2.68, 2.75, 2.82, 2.88, 2.03, 2.04, 2.06, 2.1, 2.18, 2.29, 2.39, 2.78, 2.8, 2.81, 2.8, 2.1, 2.19, 2.06, 1.97, 2.31, 2.41, 2.53, 2.63, 2.72, 2.06, 2.07, 1.95, 1.99, 2.05, 2.75, 2.75, 2.75, 2.76, 2.77, 2.17, 2.0, 1.8, 1.67, 1.58, 1.65, 1.77, 1.88, 2.32, 2.43, 1.94, 1.96, 1.99, 2.03, 2.74, 2.74, 2.73, 2.72, 2.72, 2.72, 2.12, 1.92, 1.67, 1.38, 1.19, 1.12, 1.25, 1.35, 1.42, 1.47, 1.97, 1.99, 2.02, 2.06, 2.73, 2.72, 2.7, 2.67, 2.66, 2.21, 2.03, 1.89, 1.59, 1.21, 0.82, 1.08, 1.26, 1.38, 1.45, 1.5, 1.99, 2.01, 2.05, 2.73, 2.72, 2.7, 2.68, 2.63, 2.48, 2.27, 1.82, 1.59, 1.61, 1.36, 1.05, 1.19, 1.34, 1.45, 1.51, 1.54, 2.01, 2.03, 2.27, 2.28, 2.29, 2.31, 2.35, 2.4, 2.26, 2.04, 1.81, 1.61, 1.74, 1.61, 1.3, 1.38, 1.48, 1.55, 1.58, 1.6, 2.24, 2.24, 2.24, 2.24, 2.25, 2.26, 2.27, 2.29, 2.0, 1.9, 1.75, 1.61, 1.87, 1.45, 1.5, 1.57, 1.64, 1.67, 1.67, 1.66, 2.21, 2.21, 2.21, 2.2, 2.19, 2.19, 2.18, 1.83, 1.82, 1.76, 1.68, 1.6, 1.61, 1.58, 1.65, 1.74, 1.81, 1.8, 1.75, 1.71, 2.19, 2.18, 2.17, 1.67, 1.68, 1.69, 1.69, 1.68, 1.65, 1.62, 1.6, 2.1, 1.77, 1.66, 1.75, 1.88, 2.02, 1.92, 1.8, 1.73, 1.61, 1.61, 1.61, 1.62, 1.61, 1.6, 1.59, 1.56, 1.52, 1.49, 1.49, 1.56, 1.75, 1.83, 1.91, 1.94, 2.37, 1.86, 1.76, 1.73, 1.58, 1.58, 1.57, 1.57, 1.55, 1.54, 1.51, 1.47, 1.43, 1.41, 1.42, 1.51, 1.62, 1.8, 1.86, 1.9, 1.75, 1.56, 1.7, 1.71, 1.55, 1.55, 1.54, 1.52, 1.5, 1.48, 1.45, 1.41, 1.39, 1.38, 1.39, 1.44, 1.55, 1.78, 1.82, 1.73, 1.71, 1.67, 1.69, 1.7, 1.53, 1.52, 1.5, 1.48, 1.46, 1.43, 1.39, 1.36, 1.32, 1.29, 1.3, 1.35, 1.46, 1.51, 1.6, 1.66, 1.67, 1.68, 1.68, 1.68, 1.51, 1.49, 1.48, 1.45, 1.42, 1.39, 1.35, 1.29, 1.22, 1.16, 1.13, 0.98, 1.01, 1.03, 1.53, 1.59, 1.63, 1.65, 1.66, 1.66, 1.49, 1.47, 1.45, 1.43, 1.4, 1.36, 1.31, 1.24, 1.14, 1.01, 0.8, 0.91, 0.97, 1.01, 1.47, 1.54, 1.59, 1.61, 1.63, 1.64, 1.47, 1.45, 1.43, 1.41, 1.37, 1.33, 1.28, 1.21, 0.95, 0.88, 0.83, 0.9, 0.96, 1.0, 1.43, 1.5, 1.55, 1.58, 1.6, 1.61, 1.46, 1.44, 1.42, 1.39, 1.36, 1.32, 1.28, 1.22, 0.96, 0.92, 0.91, 0.93, 0.97, 1.0, 1.41, 1.47, 1.52, 1.55, 1.57, 1.59, 1.45, 1.43, 1.41, 1.38, 1.36, 1.32, 1.28, 1.0, 0.97, 0.95, 0.95, 0.96, 0.98, 1.0, 1.4, 1.45, 1.5, 1.53, 1.55, 1.57]}, {"header": {"refTime": "2023-09-14T12:00:00.000Z", "nx": 21, "ny": 33, "lo1": 113.509, "la1": 22.2235, "lo2": 113.5947, "la2": 22.1034, "dx": 0.0042850000000001385, "dy": 0.003753125000000024, "parameterCategory": 0, "parameterCategoryName": "Temperature", "parameterNumber": 0}, "data": [[27.53, 27.52, 27.52, 27.21, 27.22, 27.45, 27.45, 27.46, 27.47, 27.37, 27.36, 27.35, 27.59, 27.59, 27.31, 27.28, 27.31, 27.29, 27.27, 27.26], [27.53, 27.52, 27.52, 27.51, 27.22, 27.24, 27.45, 27.46, 27.47, 27.39, 27.37, 27.36, 27.59, 27.6, 27.31, 27.33, 27.29, 27.27, 27.25, 27.24], [27.53, 27.53, 27.52, 27.51, 27.21, 27.24, 27.28, 27.47, 27.49, 27.4, 27.37, 27.37, 27.59, 27.6, 27.37, 27.32, 27.27, 27.24, 27.22, 27.21], [27.54, 27.53, 27.52, 27.52, 27.51, 27.22, 27.25, 27.3, 27.35, 27.37, 27.35, 27.38, 27.6, 27.45, 27.38, 27.3, 27.24, 27.2, 27.18, 27.18], [27.54, 27.54, 27.53, 27.52, 27.51, 27.19, 27.21, 27.22, 27.22, 27.29, 27.31, 27.44, 27.54, 27.47, 27.37, 27.27, 27.18, 27.13, 27.13, 27.14], [27.55, 27.55, 27.54, 27.53, 27.52, 27.49, 27.17, 27.16, 27.14, 27.09, 27.28, 27.4, 27.49, 27.63, 27.35, 27.22, 27.08, 27.02, 27.06, 27.1], [27.59, 27.56, 27.56, 27.55, 27.53, 27.5, 27.25, 27.14, 27.11, 27.07, 27.05, 27.34, 27.66, 27.65, 27.33, 27.16, 26.94, 26.86, 26.87, 26.92], [27.6, 27.6, 27.61, 27.6, 27.59, 27.35, 27.29, 27.21, 27.17, 27.03, 26.86, 27.39, 27.4, 27.65, 27.07, 27.18, 26.96, 26.88, 27.01, 27.09], [27.5, 27.51, 27.63, 27.64, 27.65, 27.62, 27.54, 27.26, 27.04, 27.09, 27.08, 27.23, 27.3, 27.21, 27.1, 27.22, 27.09, 27.04, 27.07, 27.12], [27.9, 27.9, 27.9, 27.57, 27.62, 27.74, 27.66, 27.54, 26.92, 26.94, 27.31, 27.14, 27.19, 27.17, 27.1, 27.26, 27.18, 27.14, 27.14, 27.16], [27.9, 27.9, 27.9, 27.9, 27.9, 27.9, 27.9, 27.9, 27.65, 27.03, 26.7, 27.08, 27.13, 27.13, 27.09, 27.3, 27.24, 27.2, 27.19, 27.2], [27.9, 27.9, 27.9, 27.9, 27.9, 27.9, 27.9, 27.9, 27.9, -999.0, 26.7, 27.7, 27.7, 27.1, 27.08, 27.33, 27.29, 26.25, 26.26, 26.26], [27.9, 27.9, 27.9, 27.9, 27.9, 27.9, 27.9, 27.9, 27.9, 27.9, -999.0, 27.7, 27.7, 26.52, 27.04, 26.41, 26.41, 26.32, 26.33, 26.34], [27.9, 27.9, 27.9, 27.9, 27.9, 27.9, 27.9, 27.9, 27.9, 27.9, -999.0, 25.9, 25.9, 25.9, 26.89, 26.34, 26.35, 26.25, 26.28, 26.29], [27.9, 27.9, 27.9, 27.9, 27.9, 27.9, 27.9, 27.5, 27.5, 27.5, 27.5, 26.89, 25.9, 25.9, 25.9, 26.27, 26.29, 26.2, 26.23, 26.25], [27.9, 27.9, 27.65, 27.64, 27.64, 27.5, 27.5, 27.5, 27.5, 27.5, 26.49, 26.61, 26.45, 26.32, 26.47, 25.75, 25.73, 25.77, 26.0, 26.01], [27.64, 27.64, 27.76, 27.75, 27.5, 27.5, 27.5, 27.5, 27.5, 27.5, 26.81, 26.61, 26.4, 26.21, 26.05, 25.85, 25.84, 25.82, 25.81, 25.81], [27.76, 27.75, 27.75, 27.73, 27.5, 27.5, 27.5, 27.5, 27.5, 27.09, 26.88, 26.64, 26.39, 26.07, 25.92, 25.86, 25.83, 25.82, 25.81, 25.8], [27.75, 27.74, 27.73, 27.5, 27.5, 27.5, 27.5, 27.5, 27.36, 27.19, 26.89, 26.68, 26.27, 26.11, 25.86, 25.84, 25.82, 25.81, 25.8, 25.8], [27.74, 27.74, 27.04, 27.07, 27.09, 27.14, 27.2, 27.37, 27.26, 27.09, 26.89, 26.72, 26.29, 26.16, 25.83, 25.82, 25.8, 25.79, 25.79, 25.79], [27.01, 27.02, 27.04, 27.17, 27.19, 27.21, 27.24, 27.27, 27.06, 26.98, 26.86, 26.73, 26.29, 25.81, 25.8, 25.79, 25.78, 25.78, 25.78, 25.78], [27.13, 27.13, 27.14, 27.14, 27.15, 27.16, 27.16, 27.14, 26.93, 26.88, 26.81, 26.74, 26.03, 25.79, 25.78, 25.76, 25.75, 25.76, 25.77, 25.78], [27.11, 27.11, 27.11, 27.08, 27.08, 27.08, 27.07, 27.05, 27.02, 27.01, 27.01, 26.62, 26.09, 25.78, 25.76, 25.74, 25.71, 25.73, 25.77, 25.78], [27.07, 27.07, 27.07, 27.06, 27.05, 27.04, 27.01, 26.98, 26.93, 26.9, 26.93, 26.48, 26.12, 26.01, 25.91, 25.73, 25.62, 25.76, 25.78, 25.78], [27.06, 27.06, 27.05, 27.04, 27.03, 27.01, 26.98, 26.93, 26.85, 26.78, 26.87, 26.52, 26.42, 26.02, 25.93, 25.85, 25.8, 25.86, 25.8, 25.79], [27.05, 27.05, 27.04, 27.03, 27.01, 26.99, 26.96, 26.91, 26.84, 26.79, 26.63, 26.57, 26.47, 26.05, 25.96, 25.95, 25.92, 25.92, 25.8, 25.79], [27.04, 27.04, 27.03, 27.02, 27.0, 26.98, 26.96, 26.93, 26.9, 26.89, 26.67, 26.62, 26.53, 26.2, 26.1, 26.02, 25.98, 25.96, 25.96, 25.97], [27.04, 27.03, 27.02, 27.01, 27.0, 26.98, 26.97, 26.95, 26.94, 26.74, 26.76, 26.76, 26.69, 26.62, 26.17, 26.09, 26.04, 26.01, 26.0, 26.0], [27.03, 27.03, 27.02, 27.01, 27.0, 26.99, 26.97, 26.97, 26.97, 26.83, 26.94, 26.82, 26.73, 26.65, 26.23, 26.15, 26.09, 26.06, 26.04, 26.04], [27.03, 27.02, 27.02, 27.01, 27.0, 26.99, 26.98, 26.98, 26.8, 26.86, 26.9, 26.82, 26.74, 26.67, 26.27, 26.19, 26.14, 26.1, 26.08, 26.07], [27.03, 27.02, 27.02, 27.01, 27.0, 26.99, 26.99, 26.98, 26.78, 26.81, 26.82, 26.78, 26.73, 26.67, 26.29, 26.22, 26.17, 26.14, 26.11, 26.09], [27.03, 27.02, 27.02, 27.01, 27.0, 27.0, 26.99, 26.74, 26.76, 26.77, 26.77, 26.75, 26.71, 26.67, 26.3, 26.24, 26.2, 26.16, 26.14, 26.12]]}]