gis_exercise/awsData/contour/wdir_2023090818.json
[{"header": {"refTime": "2023-09-08T18:00:00.000Z", "nx": 21, "ny": 33, "lo1": 113.509, "la1": 22.2235, "lo2": 113.5947, "la2": 22.1034, "dx": 0.0042850000000001385, "dy": 0.003753125000000024, "parameterCategory": 2, "parameterCategoryName": "Temperature", "parameterNumber": 2}, "data": [-2.02, -1.99, -1.96, -1.85, -1.81, -1.75, -1.68, -1.62, -1.6, -1.48, -1.55, -1.61, -2.18, -2.25, -3.44, -3.68, -4.73, -4.87, -4.97, -5.04, -2.03, -2.01, -1.98, -1.94, -1.81, -1.75, -1.65, -1.53, -1.45, -1.41, -1.54, -1.63, -2.2, -2.27, -3.47, -4.57, -4.79, -4.97, -5.08, -5.15, -2.05, -2.03, -2.01, -1.97, -1.84, -1.77, -1.66, -1.45, -1.14, -1.36, -1.56, -1.68, -2.23, -2.3, -4.27, -4.61, -4.91, -5.12, -5.24, -5.29, -2.08, -2.06, -2.04, -2.02, -1.98, -1.84, -1.75, -1.59, -1.44, -1.45, -1.63, -1.76, -2.25, -2.51, -4.21, -4.71, -5.11, -5.36, -5.46, -5.47, -2.1, -2.1, -2.09, -2.07, -2.05, -1.94, -1.9, -1.85, -1.81, -1.61, -1.72, -2.44, -2.21, -2.48, -4.25, -4.92, -5.45, -5.73, -5.77, -5.69, -2.13, -2.13, -2.13, -2.13, -2.13, -2.14, -2.07, -2.1, -2.09, -2.06, -2.61, -2.58, -2.45, -3.66, -4.45, -5.25, -6.0, -6.31, -6.16, -5.92, -3.9, -2.16, -2.17, -2.19, -2.21, -2.24, -2.54, -2.34, -2.37, -2.75, -2.75, -2.9, -4.19, -4.27, -4.72, -5.6, -6.75, -7.18, -6.99, -6.71, -3.92, -3.86, -3.79, -3.57, -3.53, -2.5, -2.55, -2.66, -2.87, -2.67, -2.36, -4.24, -4.62, -4.84, -6.51, -6.93, -7.43, -7.61, -7.34, -7.16, -3.95, -3.89, -3.81, -3.7, -3.46, -3.45, -3.52, -2.58, -3.3, -2.81, -4.02, -4.89, -5.87, -5.4, -6.55, -6.83, -7.12, -7.25, -7.19, -7.09, -4.99, -4.9, -4.76, -3.69, -3.46, -3.22, -3.53, -3.87, -3.87, -3.67, -4.59, -5.34, -6.19, -5.58, -6.6, -6.75, -6.92, -7.02, -7.03, -7.0, -5.03, -4.94, -4.8, -4.55, -4.03, -2.5, -4.4, -5.35, -4.68, -4.31, -5.53, -5.17, -5.44, -5.36, -6.61, -6.7, -6.81, -6.89, -6.92, -6.91, -5.08, -5.02, -4.93, -4.78, -4.53, -4.41, -5.14, -5.89, -6.16, -6.9, -5.7, -6.26, -6.27, -5.16, -6.6, -6.67, -6.74, -6.71, -6.72, -6.71, -5.16, -5.13, -5.1, -5.1, -5.18, -5.54, -6.09, -6.12, -6.16, -5.95, -6.99, -6.25, -6.23, -5.43, -5.36, -6.42, -6.44, -6.48, -6.51, -6.53, -5.23, -5.24, -5.27, -5.35, -5.56, -6.03, -6.84, -6.24, -6.05, -5.93, -6.99, -6.07, -5.96, -5.85, -5.15, -6.1, -6.16, -6.23, -6.29, -6.35, -5.3, -5.33, -5.38, -5.49, -5.68, -5.97, -6.19, -5.32, -4.91, -4.59, -4.35, -3.22, -5.69, -5.53, -5.43, -5.74, -5.84, -5.97, -6.08, -6.18, -5.35, -5.39, -3.17, -3.3, -3.46, -4.66, -4.58, -4.3, -3.99, -3.8, -2.74, -2.91, -3.09, -3.43, -3.56, -4.75, -4.84, -4.92, -5.17, -5.27, -2.89, -2.91, -2.94, -2.96, -4.03, -3.85, -3.5, -3.05, -2.75, -2.79, -2.22, -2.62, -2.99, -3.32, -3.31, -3.88, -3.87, -3.86, -3.86, -3.85, -2.76, -2.74, -2.7, -2.62, -3.5, -3.1, -2.46, -1.58, -1.13, -1.2, -1.89, -2.35, -2.89, -3.24, -3.82, -3.88, -3.87, -3.87, -3.86, -3.85, -2.63, -2.58, -2.49, -3.4, -3.08, -2.55, -1.7, -0.29, 1.01, -0.5, -1.1, -1.85, -2.5, -3.08, -3.89, -3.88, -3.87, -3.87, -3.86, -3.85, -2.51, -2.44, -2.97, -2.77, -2.47, -2.02, -1.34, -0.38, 0.47, -0.37, -1.23, -1.88, -2.39, -2.85, -3.88, -3.88, -3.88, -3.87, -3.86, -3.84, -3.15, -3.05, -2.92, -2.74, -2.49, -2.15, -1.72, -1.26, -0.68, -1.07, -1.59, -2.02, -2.36, -3.87, -3.88, -3.89, -3.89, -3.87, -3.85, -3.84, -3.12, -3.04, -2.93, -2.78, -2.61, -2.4, -2.19, -1.14, -1.59, -1.81, -2.07, -2.28, -4.43, -3.87, -3.89, -3.91, -3.92, -3.89, -3.85, -3.82, -3.12, -3.05, -2.97, -1.53, -1.55, -1.59, -1.68, -1.83, -2.04, -2.18, -2.17, -2.83, -4.18, -3.87, -3.89, -3.94, -4.01, -3.91, -3.82, -3.8, -1.61, -1.63, -1.66, -1.7, -1.78, -1.9, -2.1, -2.42, -2.81, -3.01, -2.79, -4.0, -4.2, -4.1, -4.04, -3.93, -4.27, -3.77, -3.74, -3.76, -1.69, -1.72, -1.77, -1.85, -1.96, -2.12, -2.39, -2.81, -3.48, -4.03, -3.27, -3.95, -3.89, -4.1, -4.01, -3.92, -3.66, -3.44, -3.66, -3.73, -1.75, -1.8, -1.86, -1.95, -2.07, -2.25, -2.5, -2.89, -3.49, -3.96, -4.01, -3.79, -3.75, -4.1, -4.0, -3.45, -3.46, -3.43, -3.68, -3.72, -1.8, -1.86, -1.92, -2.01, -2.13, -2.28, -2.48, -2.73, -2.98, -3.05, -3.57, -3.5, -3.55, -3.07, -3.23, -3.34, -3.39, -3.4, -3.4, -3.4, -1.85, -1.9, -1.96, -2.05, -2.15, -2.27, -2.4, -2.52, -2.57, -3.11, -2.95, -2.84, -2.94, -3.0, -3.11, -3.23, -3.3, -3.34, -3.35, -3.35, -1.87, -1.93, -1.99, -2.06, -2.14, -2.22, -2.3, -2.35, -2.31, -2.58, -2.1, -2.54, -2.79, -2.91, -3.02, -3.14, -3.22, -3.27, -3.29, -3.31, -1.89, -1.94, -1.99, -2.06, -2.12, -2.18, -2.23, -2.24, -2.73, -2.43, -2.23, -2.5, -2.73, -2.86, -2.95, -3.07, -3.15, -3.21, -3.24, -3.26, -1.91, -1.95, -2.0, -2.04, -2.09, -2.14, -2.17, -2.18, -2.75, -2.6, -2.53, -2.62, -2.75, -2.85, -2.91, -3.02, -3.1, -3.16, -3.2, -3.22, -1.91, -1.95, -1.99, -2.03, -2.07, -2.1, -2.13, -2.9, -2.81, -2.73, -2.69, -2.73, -2.79, -2.86, -2.9, -2.99, -3.06, -3.12, -3.16, -3.19]}, {"header": {"refTime": "2023-09-08T18:00:00.000Z", "nx": 21, "ny": 33, "lo1": 113.509, "la1": 22.2235, "lo2": 113.5947, "la2": 22.1034, "dx": 0.0042850000000001385, "dy": 0.003753125000000024, "parameterCategory": 2, "parameterCategoryName": "Temperature", "parameterNumber": 3}, "data": [0.07, 0.07, 0.07, 0.5, 0.45, -0.04, -0.07, -0.11, -0.14, -0.11, -0.09, -0.08, 0.28, 0.32, 0.13, 0.21, 1.11, 1.15, 1.19, 1.22, 0.08, 0.08, 0.07, 0.06, 0.46, 0.39, -0.08, -0.15, -0.19, -0.14, -0.11, -0.1, 0.25, 0.3, 0.12, 1.03, 1.11, 1.17, 1.21, 1.24, 0.08, 0.08, 0.08, 0.08, 0.48, 0.41, 0.3, -0.17, -0.32, -0.17, -0.11, -0.11, 0.21, 0.27, 0.9, 1.03, 1.13, 1.2, 1.24, 1.27, 0.08, 0.08, 0.09, 0.09, 0.09, 0.47, 0.38, 0.22, 0.07, -0.1, -0.08, -0.15, 0.09, 0.52, 0.86, 1.05, 1.18, 1.25, 1.29, 1.31, 0.08, 0.09, 0.1, 0.11, 0.12, 0.56, 0.53, 0.48, 0.46, 0.05, 0.01, 0.4, -0.16, 0.41, 0.89, 1.12, 1.26, 1.33, 1.35, 1.35, 0.08, 0.09, 0.1, 0.12, 0.15, 0.19, 0.68, 0.7, 0.73, 0.78, 1.02, 0.72, 0.33, 0.79, 1.03, 1.24, 1.38, 1.45, 1.43, 1.4, 0.96, 0.08, 0.09, 0.11, 0.15, 0.23, 0.76, 0.88, 0.93, 1.5, 1.61, 1.35, 1.44, 1.33, 1.25, 1.37, 1.53, 1.59, 1.39, 1.3, 0.95, 0.92, 0.88, 0.81, 0.81, 0.55, 0.7, 0.91, 1.22, 1.46, 1.43, 2.23, 2.35, 1.7, 2.15, 2.03, 1.88, 1.83, 1.91, 1.96, 0.95, 0.91, 0.84, 0.77, 0.68, 0.71, 0.87, 0.77, 1.42, 1.52, 1.87, 2.11, 2.13, 2.12, 2.15, 2.06, 1.97, 1.94, 1.95, 1.98, 1.38, 1.31, 1.22, 0.71, 0.52, 0.4, 0.72, 1.08, 1.67, 1.63, 1.96, 2.04, 2.05, 2.08, 2.14, 2.09, 2.04, 2.0, 2.0, 2.01, 1.4, 1.34, 1.24, 1.07, 0.71, -0.36, 0.98, 1.67, 1.55, 1.85, 1.99, 2.02, 2.05, 2.06, 2.14, 2.11, 2.07, 2.05, 2.03, 2.04, 1.44, 1.4, 1.33, 1.22, 1.05, 0.96, 1.49, 2.08, 2.3, 2.54, 2.09, 2.4, 2.37, 2.04, 2.14, 2.12, 2.09, 1.35, 1.34, 1.33, 1.49, 1.47, 1.45, 1.44, 1.49, 1.73, 2.1, 2.2, 2.27, 2.1, 2.5, 2.43, 2.41, 1.64, 1.59, 1.26, 1.25, 1.25, 1.26, 1.26, 1.54, 1.54, 1.56, 1.61, 1.74, 2.05, 2.55, 2.23, 2.14, 2.06, 2.52, 1.68, 1.55, 1.43, 1.39, 1.11, 1.12, 1.14, 1.17, 1.19, 1.59, 1.6, 1.64, 1.71, 1.83, 2.02, 2.17, 2.36, 2.27, 2.2, 2.15, 1.19, 1.37, 1.23, 1.15, 0.93, 0.98, 1.03, 1.08, 1.11, 1.62, 1.65, 1.18, 1.25, 1.35, 2.21, 2.2, 2.13, 2.07, 2.03, 1.18, 1.05, 0.89, 0.61, 0.56, 0.97, 1.1, 1.23, 1.27, 1.35, 1.11, 1.14, 1.17, 1.22, 2.07, 2.03, 1.96, 1.86, 1.79, 1.8, 1.05, 0.93, 0.76, 0.55, 0.47, 0.35, 0.45, 0.52, 0.57, 0.61, 1.11, 1.13, 1.16, 1.18, 1.96, 1.87, 1.73, 1.53, 1.43, 1.04, 0.99, 0.86, 0.68, 0.47, 0.13, 0.32, 0.47, 0.55, 0.6, 0.63, 1.11, 1.12, 1.14, 1.94, 1.86, 1.75, 1.56, 1.25, 0.87, 0.96, 0.33, 0.23, 0.78, 0.62, 0.31, 0.42, 0.54, 0.61, 0.65, 0.67, 1.1, 1.11, 1.07, 1.05, 1.02, 0.97, 0.92, 0.86, 0.58, 0.43, 0.3, 0.21, 0.92, 0.88, 0.51, 0.58, 0.66, 0.7, 0.71, 0.71, 1.02, 1.01, 0.98, 0.95, 0.91, 0.87, 0.82, 0.78, 0.36, 0.3, 0.22, 0.16, 1.08, 0.63, 0.68, 0.75, 0.81, 0.81, 0.78, 0.75, 0.96, 0.94, 0.9, 0.86, 0.82, 0.76, 0.7, 0.2, 0.18, 0.14, 0.11, 0.09, 0.76, 0.74, 0.82, 0.92, 1.0, 0.95, 0.84, 0.77, 0.91, 0.87, 0.83, 0.12, 0.11, 0.1, 0.08, 0.05, 0.01, -0.02, -0.02, 0.74, 0.44, 0.8, 0.91, 1.1, 1.32, 1.09, 0.84, 0.76, 0.1, 0.1, 0.09, 0.08, 0.07, 0.04, -0.01, -0.07, -0.16, -0.2, -0.15, 0.44, 0.39, 0.59, 0.79, 1.13, 1.99, 0.83, 0.7, 0.7, 0.09, 0.08, 0.07, 0.05, 0.03, -0.01, -0.07, -0.16, -0.3, -0.42, -0.26, 0.34, 0.66, 0.53, 0.7, 0.8, 0.58, 0.08, 0.53, 0.64, 0.07, 0.06, 0.05, 0.03, 0.0, -0.03, -0.09, -0.17, -0.3, -0.41, 0.01, 0.31, 0.59, 0.47, 0.59, 0.72, 0.58, 0.46, 0.54, 0.62, 0.06, 0.05, 0.04, 0.02, -0.01, -0.04, -0.08, -0.13, -0.19, -0.2, 0.13, 0.31, 0.53, 0.62, 0.66, 0.66, 0.61, 0.58, 0.59, 0.63, 0.05, 0.04, 0.03, 0.01, -0.01, -0.03, -0.06, -0.09, -0.09, 0.15, 0.19, -0.28, -0.36, -0.44, 0.61, 0.63, 0.62, 0.61, 0.62, 0.63, 0.05, 0.04, 0.03, 0.01, -0.01, -0.02, -0.04, -0.05, -0.03, 0.17, -0.01, -0.18, -0.31, -0.4, 0.57, 0.6, 0.61, 0.62, 0.62, 0.63, 0.05, 0.04, 0.02, 0.01, -0.0, -0.01, -0.02, -0.02, -0.23, -0.13, -0.06, -0.18, -0.29, -0.38, 0.54, 0.58, 0.6, 0.61, 0.62, 0.63, 0.04, 0.03, 0.02, 0.01, 0.01, -0.0, -0.01, -0.01, -0.25, -0.2, -0.18, -0.23, -0.3, -0.37, 0.53, 0.56, 0.59, 0.6, 0.62, 0.63, 0.04, 0.03, 0.03, 0.02, 0.01, 0.0, 0.0, -0.31, -0.28, -0.26, -0.25, -0.28, -0.33, -0.38, 0.53, 0.56, 0.58, 0.6, 0.61, 0.62]}, {"header": {"refTime": "2023-09-08T18:00:00.000Z", "nx": 21, "ny": 33, "lo1": 113.509, "la1": 22.2235, "lo2": 113.5947, "la2": 22.1034, "dx": 0.0042850000000001385, "dy": 0.003753125000000024, "parameterCategory": 0, "parameterCategoryName": "Temperature", "parameterNumber": 0}, "data": [[25.76, 25.74, 25.73, 25.35, 25.35, 25.69, 25.66, 25.63, 25.63, 25.46, 25.5, 25.54, 25.91, 25.95, 26.0, 26.02, 26.27, 26.27, 26.27, 26.27], [25.77, 25.75, 25.74, 25.71, 25.35, 25.34, 25.63, 25.57, 25.54, 25.43, 25.5, 25.57, 25.95, 25.98, 26.03, 26.27, 26.27, 26.27, 26.27, 26.27], [25.78, 25.77, 25.75, 25.73, 25.36, 25.35, 25.34, 25.53, 25.36, 25.41, 25.52, 25.63, 26.0, 26.03, 26.27, 26.27, 26.27, 26.28, 26.28, 26.28], [25.79, 25.78, 25.77, 25.75, 25.72, 25.37, 25.36, 25.34, 25.32, 25.43, 25.56, 25.72, 26.09, 25.98, 26.28, 26.28, 26.28, 26.28, 26.28, 26.28], [25.81, 25.8, 25.79, 25.78, 25.76, 25.38, 25.38, 25.37, 25.35, 25.44, 25.57, 25.99, 26.17, 26.03, 26.27, 26.28, 26.28, 26.28, 26.28, 26.28], [25.83, 25.83, 25.82, 25.82, 25.8, 25.79, 25.42, 25.43, 25.39, 25.31, 25.7, 25.9, 26.06, 26.27, 26.27, 26.28, 26.28, 26.28, 26.28, 26.28], [26.07, 25.85, 25.85, 25.85, 25.85, 25.84, 25.7, 25.53, 25.5, 25.45, 25.37, 25.76, 26.24, 26.25, 26.27, 26.28, 26.29, 26.29, 26.3, 26.3], [26.07, 26.07, 26.07, 26.07, 26.07, 25.76, 25.74, 25.74, 25.79, 25.39, 25.05, 25.77, 25.78, 26.25, 26.26, 26.25, 26.27, 26.28, 26.27, 26.26], [26.03, 26.03, 26.09, 26.09, 26.09, 26.08, 26.04, 25.73, 25.55, 25.5, 25.34, 25.54, 25.64, 25.51, 26.26, 26.25, 26.26, 26.27, 26.26, 26.26], [26.2, 26.2, 26.2, 26.06, 26.08, 26.13, 26.1, 26.04, 25.27, 25.34, 25.65, 25.42, 25.49, 25.46, 26.26, 26.24, 26.25, 26.26, 26.26, 26.25], [26.2, 26.2, 26.2, 26.2, 26.2, 26.2, 26.2, 26.2, 26.09, 25.52, 24.8, 25.33, 25.4, 25.4, 26.26, 26.24, 26.25, 26.25, 26.25, 26.25], [26.2, 26.2, 26.2, 26.2, 26.2, 26.2, 26.2, 26.2, 26.2, -999.0, 24.8, 26.2, 26.2, 25.36, 26.26, 26.24, 26.24, 25.39, 25.41, 25.42], [26.2, 26.2, 26.2, 26.2, 26.2, 26.2, 26.2, 26.2, 26.2, 26.2, -999.0, 26.2, 26.2, 25.22, 25.65, 25.72, 25.73, 25.53, 25.56, 25.58], [26.2, 26.2, 26.2, 26.2, 26.2, 26.2, 26.2, 26.2, 26.2, 26.2, -999.0, 24.7, 24.7, 24.7, 25.52, 25.58, 25.61, 25.41, 25.45, 25.48], [26.2, 26.2, 26.2, 26.2, 26.2, 26.2, 26.2, 26.0, 26.0, 26.0, 26.0, 25.5, 24.7, 24.7, 24.7, 25.43, 25.48, 25.3, 25.35, 25.4], [26.2, 26.2, 26.07, 26.07, 26.07, 26.0, 26.0, 26.0, 26.0, 26.0, 25.18, 25.27, 25.15, 25.04, 25.16, 25.29, 25.38, 25.22, 25.55, 25.61], [26.07, 26.07, 26.13, 26.13, 26.0, 26.0, 26.0, 26.0, 26.0, 26.0, 25.44, 25.28, 25.11, 24.95, 25.03, 25.02, 25.13, 25.22, 25.28, 25.32], [26.13, 26.13, 26.12, 26.12, 26.0, 26.0, 26.0, 26.0, 26.0, 25.67, 25.5, 25.3, 25.1, 25.04, 24.75, 24.98, 25.14, 25.25, 25.31, 25.35], [26.12, 26.12, 26.12, 26.0, 26.0, 26.0, 26.0, 26.0, 25.88, 25.75, 25.63, 25.46, 25.35, 25.16, 24.96, 25.08, 25.21, 25.31, 25.36, 25.39], [26.12, 26.12, 26.0, 26.0, 26.0, 26.0, 26.0, 26.0, 25.88, 25.78, 25.65, 25.51, 25.44, 25.35, 25.18, 25.24, 25.33, 25.39, 25.42, 25.44], [26.0, 26.0, 26.0, 26.0, 26.0, 26.0, 26.0, 26.0, 25.8, 25.75, 25.66, 25.56, 25.54, 25.31, 25.34, 25.4, 25.46, 25.49, 25.5, 25.49], [26.0, 26.0, 26.0, 26.0, 26.0, 26.0, 26.0, 26.07, 25.77, 25.74, 25.69, 25.61, 25.63, 25.42, 25.47, 25.55, 25.6, 25.6, 25.57, 25.53], [26.0, 26.0, 26.0, 26.1, 26.1, 26.09, 26.09, 26.08, 26.08, 26.08, 26.08, 26.08, 25.86, 25.49, 25.56, 25.67, 25.77, 25.71, 25.61, 25.56], [26.12, 26.11, 26.11, 26.11, 26.1, 26.1, 26.09, 26.08, 26.07, 26.07, 26.08, 26.17, 25.86, 25.85, 25.84, 25.71, 26.02, 25.68, 25.6, 25.57], [26.12, 26.12, 26.12, 26.12, 26.11, 26.11, 26.1, 26.09, 26.06, 26.04, 26.08, 26.17, 26.2, 25.84, 25.82, 25.79, 25.61, 25.48, 25.56, 25.56], [26.13, 26.13, 26.12, 26.12, 26.12, 26.12, 26.12, 26.1, 26.08, 26.05, 26.14, 26.19, 26.21, 25.83, 25.8, 25.83, 25.75, 25.7, 25.55, 25.55], [26.13, 26.13, 26.13, 26.13, 26.13, 26.14, 26.14, 26.13, 26.13, 26.14, 26.2, 26.22, 26.23, 25.98, 25.92, 25.86, 25.81, 25.78, 25.79, 25.81], [26.14, 26.14, 26.14, 26.14, 26.15, 26.15, 26.16, 26.17, 26.19, 26.25, 26.27, 26.1, 26.02, 25.93, 25.95, 25.9, 25.86, 25.83, 25.83, 25.83], [26.14, 26.14, 26.15, 26.15, 26.16, 26.16, 26.18, 26.19, 26.23, 26.32, 26.32, 26.18, 26.06, 25.97, 25.98, 25.93, 25.89, 25.87, 25.86, 25.86], [26.14, 26.15, 26.15, 26.16, 26.16, 26.17, 26.19, 26.21, 26.15, 26.23, 26.27, 26.18, 26.08, 25.99, 26.01, 25.96, 25.93, 25.9, 25.89, 25.88], [26.15, 26.15, 26.16, 26.16, 26.17, 26.18, 26.19, 26.21, 26.13, 26.17, 26.17, 26.13, 26.06, 26.0, 26.02, 25.98, 25.95, 25.93, 25.91, 25.9], [26.15, 26.15, 26.16, 26.17, 26.17, 26.18, 26.19, 26.08, 26.1, 26.11, 26.11, 26.09, 26.04, 25.99, 26.03, 25.99, 25.96, 25.94, 25.93, 25.92]]}]