gis_exercise/awsData/contour/wdir_2023083109.json
[{"header": {"refTime": "2023-08-31T09:00:00.000Z", "nx": 21, "ny": 33, "lo1": 113.509, "la1": 22.2235, "lo2": 113.5947, "la2": 22.1034, "dx": 0.0042850000000001385, "dy": 0.003753125000000024, "parameterCategory": 2, "parameterCategoryName": "Temperature", "parameterNumber": 2}, "data": [-0.71, -0.72, -0.74, -0.23, -0.28, -0.35, -0.41, -0.46, -0.45, 0.14, 0.37, 0.58, 0.37, 0.46, -0.24, -0.32, 0.02, -0.07, -0.14, -0.19, -0.7, -0.71, -0.73, -0.76, -0.28, -0.36, -0.48, -0.61, -0.67, -0.06, 0.33, 0.64, 0.48, 0.56, -0.16, 0.13, -0.02, -0.13, -0.21, -0.26, -0.68, -0.7, -0.72, -0.74, -0.26, -0.34, -0.48, -0.73, -1.12, -0.23, 0.39, 0.79, 0.66, 0.71, 0.34, 0.1, -0.09, -0.24, -0.32, -0.35, -0.66, -0.68, -0.69, -0.72, -0.75, -0.29, -0.39, -0.57, -0.73, 0.06, 0.63, 1.04, 0.97, 1.53, 0.37, 0.04, -0.23, -0.4, -0.47, -0.47, -0.64, -0.65, -0.66, -0.68, -0.7, -0.21, -0.25, -0.29, -0.27, 0.56, 0.93, 1.58, 1.72, 1.55, 0.35, -0.1, -0.45, -0.65, -0.67, -0.62, -0.62, -0.62, -0.63, -0.64, -0.65, -0.67, -0.14, -0.11, 0.0, 0.23, 1.48, 1.49, 1.57, 0.97, 0.21, -0.33, -0.83, -1.04, -0.93, -0.77, -0.79, -0.59, -0.59, -0.59, -0.6, -0.61, 0.18, -0.08, 0.04, 0.78, 1.06, 1.29, 0.65, 0.65, 0.03, -0.56, -1.33, -1.62, -1.31, -1.07, -0.8, -0.78, -0.75, -0.54, -0.54, 0.16, 0.13, -0.03, -0.2, 0.87, 1.55, 0.59, 0.38, 0.37, -0.77, -1.15, -1.62, -1.79, -1.54, -1.37, -0.8, -0.78, -0.75, -0.71, -0.5, -0.51, -0.55, 0.09, 0.0, 0.71, 0.84, 0.38, -0.03, 0.16, -0.73, -1.03, -1.32, -1.44, -1.39, -1.3, -1.0, -0.97, -0.93, -0.7, -0.61, -0.43, -0.52, -0.62, -0.07, 0.16, 0.56, 0.22, -0.13, 0.11, -0.72, -0.92, -1.11, -1.22, -1.24, -1.21, -1.01, -0.99, -0.94, -0.87, -0.7, -0.22, -0.79, -1.04, -0.8, -0.15, -0.04, 0.3, 0.18, 0.21, -0.72, -0.86, -0.99, -1.08, -1.12, -1.12, -1.03, -1.02, -0.99, -0.94, -0.87, -0.83, -1.03, -1.16, -1.19, -1.25, -0.21, -0.51, -0.47, 0.29, -0.73, -0.83, -0.92, -1.04, -1.07, -1.07, -1.06, -1.05, -1.05, -1.05, -1.09, -1.23, -1.42, -1.3, -1.23, -1.21, -1.24, -0.56, -0.5, -0.08, -0.07, -0.82, -0.87, -0.91, -0.95, -0.97, -1.09, -1.09, -1.11, -1.14, -1.22, -1.42, -1.77, -1.43, -1.29, -1.24, -1.28, -0.6, -0.53, -0.47, -0.03, -0.69, -0.74, -0.79, -0.84, -0.87, -1.11, -1.12, -1.14, -1.19, -1.26, -1.38, -1.46, -1.25, -1.11, -1.0, -0.94, -0.21, -0.45, -0.37, -0.33, -0.54, -0.6, -0.67, -0.73, -0.79, -1.12, -1.14, -0.69, -0.74, -0.79, -1.1, -1.08, -0.99, -0.89, -0.83, -0.15, -0.11, -0.06, 0.1, 0.1, 0.26, 0.29, 0.32, -0.07, -0.09, -0.61, -0.63, -0.64, -0.65, -0.92, -0.88, -0.79, -0.67, -0.58, -0.59, -0.03, -0.03, 0.0, 0.06, 0.37, -0.0, -0.07, -0.13, -0.18, -0.21, -0.58, -0.58, -0.58, -0.57, -0.78, -0.69, -0.52, -0.3, -0.18, -0.04, -0.1, 0.03, 0.05, 0.37, 0.22, 0.02, -0.07, -0.14, -0.19, -0.23, -0.55, -0.54, -0.53, -0.75, -0.67, -0.54, -0.33, 0.02, 0.38, 0.11, 0.31, 0.26, 0.51, 0.44, 0.04, -0.02, -0.1, -0.16, -0.21, -0.25, -0.53, -0.51, -0.46, -0.41, -0.35, -0.24, -0.1, 0.1, 0.42, 0.35, 0.29, 0.25, 0.57, 0.55, -0.07, -0.1, -0.15, -0.2, -0.24, -0.28, -0.47, -0.45, -0.41, -0.37, -0.31, -0.23, -0.13, -0.03, 0.32, 0.29, 0.26, 0.23, 0.64, -0.14, -0.14, -0.15, -0.18, -0.23, -0.28, -0.32, -0.44, -0.42, -0.38, -0.34, -0.29, -0.23, -0.16, -0.03, 0.24, 0.22, 0.21, 0.2, 0.51, -0.19, -0.18, -0.16, -0.16, -0.23, -0.33, -0.37, -0.42, -0.39, -0.36, -0.19, -0.18, -0.16, -0.14, -0.14, -0.14, -0.16, -0.19, 0.5, -0.31, -0.24, -0.21, -0.12, 0.01, -0.22, -0.42, -0.45, -0.26, -0.25, -0.25, -0.24, -0.23, -0.22, -0.22, -0.21, -0.2, -0.21, -0.24, -0.04, -0.32, -0.34, -0.32, -0.17, 0.58, -0.57, -0.63, -0.56, -0.29, -0.29, -0.28, -0.28, -0.28, -0.28, -0.28, -0.27, -0.22, -0.18, -0.27, -0.11, 0.0, -0.37, -0.4, -0.45, -0.83, -1.36, -0.81, -0.63, -0.31, -0.32, -0.32, -0.33, -0.33, -0.34, -0.35, -0.33, -0.28, -0.23, -0.24, -0.22, -0.11, -0.4, -0.46, -0.77, -0.92, -1.04, -0.77, -0.65, -0.34, -0.35, -0.36, -0.37, -0.38, -0.4, -0.42, -0.44, -0.45, -0.48, -0.42, -0.37, -0.24, -0.87, -0.83, -0.83, -0.88, -0.92, -0.9, -0.87, -0.36, -0.37, -0.39, -0.41, -0.43, -0.46, -0.5, -0.55, -0.64, -0.67, -0.73, -1.2, -1.27, -1.37, -0.89, -0.87, -0.88, -0.88, -0.88, -0.86, -0.38, -0.4, -0.42, -0.44, -0.47, -0.51, -0.56, -0.65, -0.78, -0.94, -1.34, -1.28, -1.3, -1.37, -0.93, -0.9, -0.88, -0.88, -0.87, -0.86, -0.4, -0.42, -0.44, -0.47, -0.5, -0.54, -0.61, -0.69, -1.2, -1.27, -1.33, -1.3, -1.32, -1.36, -0.95, -0.92, -0.9, -0.88, -0.87, -0.86, -0.42, -0.44, -0.46, -0.49, -0.52, -0.57, -0.62, -0.7, -1.22, -1.26, -1.29, -1.3, -1.32, -1.36, -0.97, -0.93, -0.91, -0.89, -0.88, -0.87, -0.43, -0.45, -0.47, -0.5, -0.53, -0.57, -0.62, -1.2, -1.23, -1.26, -1.28, -1.3, -1.33, -1.36, -0.97, -0.94, -0.92, -0.9, -0.88, -0.87]}, {"header": {"refTime": "2023-08-31T09:00:00.000Z", "nx": 21, "ny": 33, "lo1": 113.509, "la1": 22.2235, "lo2": 113.5947, "la2": 22.1034, "dx": 0.0042850000000001385, "dy": 0.003753125000000024, "parameterCategory": 2, "parameterCategoryName": "Temperature", "parameterNumber": 3}, "data": [-2.69, -2.66, -2.63, -2.76, -2.71, -1.63, -1.6, -1.57, -1.53, -1.59, -1.52, -1.44, -1.49, -1.49, -3.03, -3.35, -4.37, -4.6, -4.77, -4.88, -2.71, -2.68, -2.65, -2.6, -2.71, -2.63, -1.64, -1.61, -1.58, -1.6, -1.49, -1.37, -1.4, -1.41, -2.99, -4.11, -4.47, -4.75, -4.94, -5.05, -2.73, -2.71, -2.68, -2.64, -2.74, -2.65, -2.51, -1.65, -1.66, -1.62, -1.46, -1.26, -1.24, -1.28, -3.6, -4.16, -4.64, -4.99, -5.18, -5.27, -2.76, -2.74, -2.72, -2.68, -2.63, -2.73, -2.61, -2.41, -2.23, -1.63, -1.42, -1.05, -0.92, -1.54, -3.5, -4.31, -4.95, -5.36, -5.53, -5.55, -2.79, -2.78, -2.77, -2.74, -2.71, -2.84, -2.79, -2.73, -2.71, -1.74, -1.47, -1.36, -0.36, -1.33, -3.57, -4.65, -5.49, -5.94, -6.01, -5.89, -2.82, -2.82, -2.82, -2.81, -2.8, -2.79, -2.97, -3.0, -3.05, -3.14, -2.56, -1.91, -1.17, -2.1, -3.93, -5.2, -6.36, -6.84, -6.6, -6.24, -3.56, -2.86, -2.87, -2.88, -2.89, -2.9, -3.49, -3.19, -3.27, -3.83, -3.95, -2.96, -3.11, -3.05, -4.43, -5.77, -7.52, -8.17, -7.37, -6.78, -3.57, -3.56, -3.54, -3.42, -3.41, -3.47, -3.48, -3.46, -3.49, -3.83, -3.96, -4.54, -4.66, -3.81, -6.5, -7.29, -8.28, -8.64, -8.1, -7.74, -3.57, -3.56, -3.55, -3.53, -3.41, -3.41, -3.41, -3.47, -3.58, -3.83, -4.56, -4.83, -5.21, -5.03, -6.39, -7.02, -7.63, -7.9, -7.79, -7.6, -3.68, -3.66, -3.64, -3.53, -3.49, -3.38, -3.41, -3.45, -3.64, -3.68, -4.76, -5.03, -5.36, -5.11, -6.35, -6.79, -7.19, -7.43, -7.46, -7.4, -3.68, -3.67, -3.65, -3.62, -3.54, -3.32, -3.58, -3.68, -3.53, -3.68, -4.59, -4.97, -5.07, -5.04, -6.35, -6.66, -6.94, -7.13, -7.22, -7.22, -3.69, -3.69, -3.67, -3.65, -3.62, -3.6, -3.69, -3.73, -3.73, -4.27, -4.48, -4.78, -4.89, -4.96, -6.37, -6.59, -6.79, -7.24, -7.3, -7.33, -3.71, -3.71, -3.7, -3.71, -3.73, -3.8, -3.89, -3.8, -3.75, -3.75, -4.45, -4.68, -4.78, -5.32, -5.31, -6.82, -6.93, -7.03, -7.1, -7.15, -3.72, -3.72, -3.73, -3.75, -3.79, -3.89, -4.08, -3.89, -3.8, -3.78, -4.42, -4.93, -5.06, -5.14, -5.33, -6.65, -6.75, -6.85, -6.93, -6.99, -3.73, -3.74, -3.75, -3.77, -3.81, -3.87, -3.91, -3.86, -3.79, -3.75, -3.73, -4.22, -5.08, -5.16, -5.2, -6.46, -6.56, -6.67, -6.78, -6.86, -3.74, -3.75, -3.64, -3.66, -3.68, -3.81, -3.8, -3.76, -3.72, -3.7, -4.1, -4.28, -4.48, -5.1, -5.17, -5.83, -5.89, -5.94, -6.92, -7.02, -3.61, -3.61, -3.62, -3.63, -3.74, -3.73, -3.7, -3.65, -3.62, -3.62, -4.09, -4.31, -4.58, -4.88, -5.39, -5.95, -6.12, -6.24, -6.33, -6.4, -3.6, -3.6, -3.6, -3.6, -3.69, -3.66, -3.61, -3.53, -3.49, -3.9, -4.14, -4.31, -4.63, -5.36, -5.48, -5.9, -6.13, -6.28, -6.38, -6.44, -3.59, -3.59, -3.59, -3.68, -3.66, -3.61, -3.54, -3.42, -3.41, -3.76, -4.36, -4.66, -5.15, -5.34, -5.87, -6.04, -6.23, -6.36, -6.44, -6.49, -3.58, -3.58, -4.22, -4.19, -4.14, -4.06, -3.93, -3.73, -3.74, -4.07, -4.4, -4.66, -5.15, -5.34, -6.17, -6.26, -6.38, -6.48, -6.53, -6.56, -4.29, -4.28, -4.26, -4.24, -4.2, -4.15, -4.08, -3.99, -4.18, -4.33, -4.54, -4.71, -5.2, -6.35, -6.4, -6.47, -6.55, -6.61, -6.63, -6.64, -4.33, -4.32, -4.31, -4.31, -4.29, -4.28, -4.27, -3.7, -4.52, -4.61, -4.71, -4.8, -6.03, -6.5, -6.57, -6.65, -6.72, -6.74, -6.73, -6.71, -4.36, -4.36, -4.37, -3.56, -3.61, -3.68, -3.77, -3.88, -3.98, -4.03, -3.96, -5.31, -6.54, -6.61, -6.69, -6.78, -6.85, -6.86, -6.82, -6.78, -3.46, -3.49, -3.52, -3.56, -3.63, -3.72, -3.85, -4.05, -4.3, -4.41, -4.2, -4.82, -6.51, -6.66, -6.78, -6.85, -6.94, -6.96, -6.89, -6.82, -3.45, -3.47, -3.5, -3.55, -3.61, -3.71, -3.88, -4.16, -4.65, -5.08, -4.42, -4.69, -4.73, -6.64, -6.77, -6.88, -6.97, -7.01, -6.91, -6.84, -3.43, -3.45, -3.47, -3.51, -3.57, -3.65, -3.8, -4.05, -4.53, -4.92, -4.66, -4.42, -4.46, -6.62, -6.75, -6.12, -6.41, -6.5, -6.88, -6.83, -3.4, -3.41, -3.43, -3.46, -3.49, -3.54, -3.61, -3.73, -3.85, -3.81, -3.97, -3.92, -4.1, -4.87, -5.38, -5.79, -6.06, -6.17, -6.15, -6.08, -3.37, -3.38, -3.38, -3.39, -3.4, -3.4, -3.39, -3.33, -3.17, -3.2, -2.94, -3.27, -3.73, -4.16, -5.05, -5.46, -5.73, -5.87, -5.92, -5.9, -3.34, -3.34, -3.33, -3.32, -3.3, -3.26, -3.18, -3.02, -2.69, -2.31, -1.6, -2.66, -3.39, -3.91, -4.75, -5.16, -5.44, -5.61, -5.7, -5.73, -3.31, -3.3, -3.28, -3.26, -3.22, -3.15, -3.04, -2.84, -2.97, -2.33, -1.94, -2.61, -3.27, -3.76, -4.54, -4.93, -5.21, -5.39, -5.5, -5.56, -3.28, -3.26, -3.24, -3.21, -3.16, -3.08, -2.96, -2.79, -3.08, -2.76, -2.66, -2.93, -3.34, -3.73, -4.42, -4.77, -5.03, -5.21, -5.34, -5.42, -3.25, -3.23, -3.21, -3.17, -3.11, -3.04, -2.94, -3.45, -3.27, -3.11, -3.08, -3.23, -3.48, -3.76, -4.37, -4.66, -4.9, -5.08, -5.21, -5.29]}, {"header": {"refTime": "2023-08-31T09:00:00.000Z", "nx": 21, "ny": 33, "lo1": 113.509, "la1": 22.2235, "lo2": 113.5947, "la2": 22.1034, "dx": 0.0042850000000001385, "dy": 0.003753125000000024, "parameterCategory": 0, "parameterCategoryName": "Temperature", "parameterNumber": 0}, "data": [[28.77, 28.76, 28.75, 28.31, 28.32, 28.61, 28.62, 28.62, 28.63, 28.55, 28.55, 28.56, 28.85, 28.87, 28.88, 28.89, 29.0, 29.0, 29.0, 29.0], [28.78, 28.77, 28.76, 28.74, 28.32, 28.34, 28.61, 28.62, 28.62, 28.55, 28.56, 28.58, 28.87, 28.88, 28.89, 29.0, 29.0, 29.0, 29.0, 29.0], [28.79, 28.78, 28.76, 28.75, 28.31, 28.34, 28.38, 28.61, 28.6, 28.56, 28.57, 28.6, 28.89, 28.9, 29.0, 29.0, 29.0, 29.0, 29.0, 29.0], [28.8, 28.79, 28.78, 28.76, 28.73, 28.32, 28.35, 28.4, 28.45, 28.54, 28.56, 28.64, 28.92, 28.76, 29.0, 29.0, 29.0, 29.0, 29.0, 29.0], [28.82, 28.81, 28.8, 28.78, 28.75, 28.29, 28.31, 28.32, 28.32, 28.48, 28.53, 28.76, 28.91, 28.8, 29.0, 29.0, 29.0, 29.0, 29.0, 29.0], [28.84, 28.83, 28.82, 28.8, 28.77, 28.73, 28.27, 28.26, 28.24, 28.19, 28.54, 28.7, 28.82, 29.0, 29.0, 29.0, 29.0, 29.0, 29.0, 29.0], [28.96, 28.86, 28.86, 28.84, 28.82, 28.76, 28.47, 28.24, 28.21, 28.21, 28.2, 28.6, 29.0, 29.0, 29.0, 29.0, 29.0, 29.0, 29.0, 29.0], [28.99, 28.99, 29.0, 28.99, 28.96, 28.64, 28.53, 28.38, 28.28, 28.16, 27.98, 28.63, 28.64, 29.0, 29.0, 29.0, 29.0, 29.0, 29.0, 29.0], [28.81, 28.83, 29.04, 29.06, 29.07, 29.02, 28.88, 28.48, 28.14, 28.24, 28.26, 28.44, 28.52, 28.41, 29.0, 29.0, 29.0, 29.0, 29.0, 29.0], [29.5, 29.5, 29.5, 28.94, 29.02, 29.23, 29.08, 28.88, 28.02, 28.04, 28.53, 28.33, 28.39, 28.36, 29.0, 29.0, 29.0, 29.0, 29.0, 29.0], [29.5, 29.5, 29.5, 29.5, 29.5, 29.5, 29.5, 29.5, 29.07, 28.13, 27.8, 28.26, 28.31, 28.31, 29.0, 29.0, 29.0, 29.0, 29.0, 29.0], [29.5, 29.5, 29.5, 29.5, 29.5, 29.5, 29.5, 29.5, 29.5, -999.0, 27.8, 29.0, 29.0, 28.28, 29.0, 29.0, 29.0, 28.32, 28.33, 28.34], [29.5, 29.5, 29.5, 29.5, 29.5, 29.5, 29.5, 29.5, 29.5, 29.5, -999.0, 29.0, 29.0, 28.22, 28.56, 28.56, 28.57, 28.42, 28.45, 28.46], [29.5, 29.5, 29.5, 29.5, 29.5, 29.5, 29.5, 29.5, 29.5, 29.5, -999.0, 27.8, 27.8, 27.8, 28.46, 28.46, 28.48, 28.33, 28.36, 28.39], [29.5, 29.5, 29.5, 29.5, 29.5, 29.5, 29.5, 29.4, 29.4, 29.4, 29.4, 28.79, 27.8, 27.8, 27.8, 28.35, 28.39, 28.25, 28.29, 28.33], [29.5, 29.5, 29.44, 29.44, 29.43, 29.4, 29.4, 29.4, 29.4, 29.4, 28.39, 28.51, 28.35, 28.22, 28.37, 27.8, 27.8, 27.8, 28.11, 28.13], [29.44, 29.44, 29.46, 29.46, 29.4, 29.4, 29.4, 29.4, 29.4, 29.4, 28.71, 28.51, 28.3, 28.11, 27.99, 27.86, 27.88, 27.89, 27.9, 27.91], [29.46, 29.46, 29.46, 29.46, 29.4, 29.4, 29.4, 29.4, 29.4, 28.99, 28.78, 28.54, 28.29, 28.01, 27.83, 27.85, 27.88, 27.9, 27.91, 27.92], [29.46, 29.46, 29.46, 29.4, 29.4, 29.4, 29.4, 29.4, 29.26, 29.09, 28.85, 28.64, 28.24, 28.07, 27.85, 27.87, 27.89, 27.91, 27.92, 27.92], [29.46, 29.46, 29.11, 29.13, 29.15, 29.17, 29.21, 29.32, 29.19, 29.04, 28.86, 28.69, 28.28, 28.15, 27.88, 27.89, 27.91, 27.92, 27.93, 27.93], [29.1, 29.1, 29.11, 29.19, 29.2, 29.22, 29.24, 29.26, 29.03, 28.96, 28.84, 28.72, 28.3, 27.9, 27.91, 27.91, 27.92, 27.93, 27.94, 27.94], [29.17, 29.17, 29.17, 29.18, 29.18, 29.18, 29.19, 29.23, 28.94, 28.9, 28.83, 28.74, 28.16, 27.92, 27.92, 27.93, 27.93, 27.94, 27.95, 27.95], [29.16, 29.16, 29.16, 29.22, 29.21, 29.21, 29.2, 29.18, 29.16, 29.15, 29.16, 28.76, 28.33, 27.93, 27.94, 27.94, 27.93, 27.95, 27.97, 27.97], [29.22, 29.22, 29.22, 29.21, 29.2, 29.19, 29.17, 29.14, 29.1, 29.08, 29.11, 28.75, 28.35, 28.25, 28.15, 27.95, 27.88, 27.99, 27.99, 27.98], [29.22, 29.22, 29.21, 29.2, 29.19, 29.18, 29.15, 29.11, 29.04, 28.98, 29.07, 28.8, 28.71, 28.26, 28.17, 28.1, 28.02, 28.07, 28.01, 27.99], [29.22, 29.21, 29.21, 29.2, 29.19, 29.18, 29.15, 29.11, 29.05, 29.0, 28.89, 28.85, 28.77, 28.28, 28.2, 28.22, 28.17, 28.17, 28.01, 27.99], [29.22, 29.21, 29.21, 29.2, 29.19, 29.18, 29.17, 29.15, 29.13, 29.12, 28.96, 28.92, 28.83, 28.5, 28.39, 28.3, 28.25, 28.23, 28.23, 28.24], [29.22, 29.21, 29.21, 29.21, 29.2, 29.19, 29.19, 29.19, 29.2, 29.07, 29.09, 29.08, 28.99, 28.9, 28.46, 28.37, 28.32, 28.29, 28.28, 28.28], [29.22, 29.22, 29.21, 29.21, 29.21, 29.21, 29.21, 29.22, 29.25, 29.18, 29.31, 29.16, 29.04, 28.94, 28.53, 28.44, 28.38, 28.34, 28.32, 28.32], [29.22, 29.22, 29.22, 29.22, 29.21, 29.22, 29.22, 29.24, 29.12, 29.21, 29.26, 29.16, 29.05, 28.97, 28.58, 28.49, 28.43, 28.39, 28.36, 28.35], [29.22, 29.22, 29.22, 29.22, 29.22, 29.22, 29.23, 29.24, 29.1, 29.14, 29.15, 29.11, 29.04, 28.97, 28.61, 28.53, 28.47, 28.43, 28.4, 28.38], [29.22, 29.22, 29.22, 29.22, 29.23, 29.23, 29.24, 29.04, 29.07, 29.09, 29.09, 29.06, 29.02, 28.97, 28.62, 28.55, 28.5, 28.46, 28.43, 28.41]]}]