gis_exercise/awsData/contour/wdir_2023090503.json
[{"header": {"refTime": "2023-09-05T03:00:00.000Z", "nx": 21, "ny": 33, "lo1": 113.509, "la1": 22.2235, "lo2": 113.5947, "la2": 22.1034, "dx": 0.0042850000000001385, "dy": 0.003753125000000024, "parameterCategory": 2, "parameterCategoryName": "Temperature", "parameterNumber": 2}, "data": [1.12, 1.12, 1.12, 1.43, 1.41, 1.04, 1.03, 1.02, 1.01, 1.16, 1.17, 1.17, 1.13, 1.14, 1.15, 1.19, 1.5, 1.53, 1.55, 1.56, 1.12, 1.12, 1.12, 1.12, 1.41, 1.38, 1.04, 1.02, 1.01, 1.13, 1.15, 1.16, 1.11, 1.13, 1.14, 1.46, 1.51, 1.54, 1.56, 1.57, 1.12, 1.12, 1.12, 1.12, 1.42, 1.39, 1.33, 1.02, 0.99, 1.11, 1.15, 1.14, 1.09, 1.11, 1.4, 1.46, 1.52, 1.56, 1.58, 1.59, 1.12, 1.12, 1.12, 1.13, 1.12, 1.41, 1.37, 1.29, 1.22, 1.16, 1.17, 1.11, 1.03, 1.31, 1.38, 1.48, 1.55, 1.59, 1.61, 1.62, 1.12, 1.12, 1.13, 1.13, 1.13, 1.45, 1.43, 1.41, 1.41, 1.27, 1.23, 1.26, 0.96, 1.25, 1.39, 1.52, 1.6, 1.65, 1.66, 1.65, 1.12, 1.12, 1.13, 1.13, 1.14, 1.16, 1.49, 1.5, 1.54, 1.62, 1.64, 1.43, 1.2, 1.51, 1.45, 1.58, 1.68, 1.72, 1.71, 1.68, 1.56, 1.12, 1.12, 1.13, 1.14, 1.17, 1.51, 1.53, 1.58, 1.9, 2.01, 1.73, 1.79, 1.8, 1.55, 1.65, 1.78, 1.83, 1.9, 1.89, 1.57, 1.55, 1.53, 1.55, 1.54, 1.43, 1.47, 1.5, 1.55, 1.92, 2.12, 2.23, 2.26, 2.05, 2.31, 2.21, 2.08, 2.04, 2.11, 2.15, 1.57, 1.55, 1.52, 1.48, 1.49, 1.5, 1.55, 1.49, 1.86, 1.89, 2.34, 2.41, 2.59, 2.5, 2.36, 2.26, 2.18, 2.14, 2.15, 2.18, 1.93, 1.9, 1.85, 1.47, 1.38, 1.37, 1.52, 1.68, 2.08, 2.1, 2.41, 2.53, 2.69, 2.56, 2.4, 2.31, 2.24, 2.21, 2.2, 2.2, 1.94, 1.91, 1.86, 1.77, 1.58, 1.01, 1.73, 2.12, 2.0, 2.23, 2.66, 2.5, 2.54, 2.52, 2.4, 2.34, 2.28, 2.25, 2.23, 2.23, 1.96, 1.94, 1.9, 1.85, 1.75, 1.71, 2.0, 2.35, 2.49, 2.74, 2.67, 2.62, 2.62, 2.49, 2.39, 2.35, 2.31, 2.63, 2.61, 2.61, 1.99, 1.98, 1.96, 1.95, 1.98, 2.09, 2.28, 2.39, 2.46, 2.35, 2.75, 2.62, 2.61, 2.78, 2.79, 2.77, 2.74, 2.71, 2.68, 2.67, 2.01, 2.01, 2.02, 2.04, 2.1, 2.25, 2.47, 2.36, 2.35, 2.32, 2.74, 2.98, 3.01, 3.03, 2.86, 2.84, 2.81, 2.78, 2.75, 2.73, 2.04, 2.04, 2.06, 2.09, 2.15, 2.24, 2.31, 2.2, 2.12, 2.05, 2.0, 2.27, 3.04, 3.07, 3.09, 2.92, 2.88, 2.84, 2.8, 2.78, 2.06, 2.07, 1.44, 1.48, 1.53, 2.03, 2.01, 1.95, 1.88, 1.84, 2.07, 2.23, 2.41, 2.63, 2.72, 3.18, 3.16, 3.14, 2.86, 2.83, 1.37, 1.38, 1.4, 1.41, 1.87, 1.83, 1.74, 1.63, 1.56, 1.57, 1.93, 2.18, 2.46, 2.74, 2.93, 3.01, 2.9, 2.82, 2.76, 2.71, 1.35, 1.35, 1.35, 1.34, 1.74, 1.64, 1.47, 1.25, 1.14, 1.42, 1.75, 2.12, 2.47, 2.89, 3.26, 3.05, 2.9, 2.8, 2.73, 2.69, 1.32, 1.32, 1.3, 1.72, 1.64, 1.5, 1.28, 0.92, 0.64, 1.19, 1.31, 1.68, 2.45, 2.77, 3.07, 2.96, 2.84, 2.75, 2.69, 2.65, 1.3, 1.29, 1.22, 1.18, 1.12, 1.03, 0.91, 0.74, 0.72, 0.97, 1.28, 1.58, 2.37, 2.6, 2.88, 2.82, 2.74, 2.68, 2.63, 2.6, 1.22, 1.2, 1.17, 1.13, 1.08, 1.01, 0.92, 0.84, 0.95, 1.07, 1.27, 1.49, 2.31, 2.76, 2.74, 2.69, 2.64, 2.6, 2.57, 2.55, 1.19, 1.17, 1.14, 1.1, 1.06, 1.0, 0.95, 0.63, 1.05, 1.13, 1.25, 1.41, 2.38, 2.66, 2.63, 2.6, 2.56, 2.52, 2.5, 2.49, 1.17, 1.15, 1.12, 0.68, 0.68, 0.68, 0.68, 0.68, 0.69, 0.7, 0.71, 1.25, 1.75, 2.59, 2.56, 2.54, 2.54, 2.47, 2.42, 2.43, 0.7, 0.7, 0.7, 0.7, 0.7, 0.7, 0.71, 0.72, 0.74, 0.75, 0.74, 1.36, 1.71, 1.88, 2.04, 2.48, 2.68, 2.3, 2.32, 2.38, 0.7, 0.71, 0.71, 0.71, 0.72, 0.72, 0.73, 0.75, 0.77, 0.78, 0.77, 1.3, 1.49, 1.85, 2.0, 2.11, 2.21, 2.02, 2.25, 2.34, 0.71, 0.72, 0.72, 0.72, 0.73, 0.74, 0.75, 0.77, 0.78, 0.79, 1.09, 1.26, 1.43, 1.81, 1.94, 2.03, 2.03, 2.0, 2.28, 2.34, 0.72, 0.72, 0.73, 0.73, 0.74, 0.75, 0.77, 0.78, 0.79, 0.8, 1.13, 1.23, 1.38, 1.78, 1.89, 1.95, 1.98, 1.99, 1.99, 1.99, 0.73, 0.73, 0.74, 0.74, 0.75, 0.76, 0.78, 0.79, 0.81, 1.09, 1.11, 0.99, 1.03, 1.08, 1.81, 1.88, 1.93, 1.95, 1.96, 1.96, 0.73, 0.74, 0.74, 0.75, 0.76, 0.77, 0.79, 0.8, 0.83, 1.06, 0.95, 0.98, 1.02, 1.06, 1.75, 1.82, 1.88, 1.91, 1.92, 1.93, 0.74, 0.74, 0.75, 0.76, 0.77, 0.78, 0.79, 0.81, 0.97, 0.96, 0.96, 0.98, 1.02, 1.06, 1.7, 1.78, 1.83, 1.87, 1.89, 1.9, 0.74, 0.75, 0.75, 0.76, 0.77, 0.78, 0.79, 0.81, 0.98, 0.98, 0.98, 1.0, 1.02, 1.05, 1.68, 1.75, 1.8, 1.84, 1.86, 1.88, 0.74, 0.75, 0.75, 0.76, 0.77, 0.78, 0.79, 1.0, 0.99, 0.99, 1.0, 1.01, 1.03, 1.05, 1.67, 1.73, 1.77, 1.81, 1.84, 1.86]}, {"header": {"refTime": "2023-09-05T03:00:00.000Z", "nx": 21, "ny": 33, "lo1": 113.509, "la1": 22.2235, "lo2": 113.5947, "la2": 22.1034, "dx": 0.0042850000000001385, "dy": 0.003753125000000024, "parameterCategory": 2, "parameterCategoryName": "Temperature", "parameterNumber": 3}, "data": [-0.21, -0.21, -0.19, -0.68, -0.63, -0.38, -0.3, -0.23, -0.21, -0.31, -0.43, -0.54, -0.71, -0.77, -0.75, -0.81, -1.54, -1.56, -1.57, -1.58, -0.22, -0.21, -0.2, -0.19, -0.63, -0.54, -0.26, -0.11, -0.03, -0.19, -0.4, -0.56, -0.75, -0.82, -0.79, -1.51, -1.54, -1.56, -1.57, -1.58, -0.23, -0.22, -0.22, -0.21, -0.67, -0.57, -0.41, -0.02, 0.36, -0.1, -0.43, -0.62, -0.81, -0.87, -1.47, -1.51, -1.55, -1.57, -1.59, -1.59, -0.24, -0.24, -0.24, -0.23, -0.22, -0.65, -0.53, -0.31, -0.11, -0.27, -0.56, -0.74, -0.9, -1.37, -1.46, -1.52, -1.56, -1.59, -1.6, -1.61, -0.24, -0.25, -0.25, -0.26, -0.27, -0.78, -0.72, -0.66, -0.63, -0.57, -0.74, -1.33, -1.12, -1.33, -1.46, -1.54, -1.59, -1.61, -1.62, -1.62, -0.25, -0.25, -0.27, -0.29, -0.32, -0.37, -0.93, -0.96, -1.01, -1.06, -1.56, -1.44, -1.29, -1.54, -1.51, -1.58, -1.63, -1.65, -1.65, -1.64, -0.52, -0.25, -0.27, -0.29, -0.34, -0.43, -1.13, -1.2, -1.28, -1.73, -1.78, -1.67, -1.78, -1.76, -1.59, -1.63, -1.68, -1.7, -1.72, -1.71, -0.5, -0.49, -0.49, -0.83, -0.84, -0.89, -1.06, -1.31, -1.59, -1.72, -1.75, -2.05, -2.1, -1.94, -2.08, -1.99, -1.88, -1.83, -1.9, -1.94, -0.47, -0.46, -0.44, -0.41, -0.71, -0.75, -0.93, -1.15, -1.64, -1.73, -2.0, -2.11, -2.23, -2.17, -2.11, -2.03, -1.95, -1.92, -1.93, -1.96, -0.54, -0.51, -0.47, -0.33, -0.25, -0.44, -0.72, -1.03, -1.69, -1.7, -2.07, -2.16, -2.26, -2.19, -2.13, -2.06, -2.01, -1.98, -1.97, -1.98, -0.54, -0.51, -0.47, -0.39, -0.24, 0.23, -0.42, -0.85, -1.27, -1.73, -2.01, -2.14, -2.17, -2.16, -2.13, -2.08, -2.04, -2.02, -2.0, -2.0, -0.55, -0.52, -0.49, -0.44, -0.36, -0.33, -0.62, -1.14, -1.39, -1.65, -1.99, -2.14, -2.17, -2.14, -2.12, -2.09, -2.06, -1.85, -1.84, -1.83, -0.56, -0.55, -0.53, -0.51, -0.5, -0.55, -0.67, -1.04, -1.27, -1.09, -1.64, -2.11, -2.14, -2.01, -1.99, -1.86, -1.84, -1.83, -1.82, -1.82, -0.58, -0.57, -0.56, -0.56, -0.57, -0.6, -0.56, -0.81, -0.98, -0.98, -1.58, -1.89, -1.88, -1.86, -1.91, -1.81, -1.8, -1.8, -1.8, -1.8, -0.6, -0.59, -0.59, -0.6, -0.61, -0.64, -0.67, -0.8, -0.87, -0.88, -0.86, -1.15, -1.81, -1.78, -1.76, -1.74, -1.75, -1.76, -1.77, -1.78, -0.61, -0.61, -0.1, -0.12, -0.14, -0.7, -0.7, -0.71, -0.72, -0.74, -1.03, -1.08, -1.14, -1.3, -1.34, -1.43, -1.42, -1.41, -1.24, -1.23, -0.08, -0.09, -0.1, -0.11, -0.67, -0.64, -0.61, -0.57, -0.56, -0.58, -0.91, -1.02, -1.12, -1.22, -1.13, -1.01, -0.87, -0.76, -0.68, -0.62, -0.08, -0.09, -0.09, -0.1, -0.62, -0.57, -0.49, -0.39, -0.34, -0.36, -0.52, -0.96, -1.11, -1.12, -1.37, -1.06, -0.86, -0.73, -0.65, -0.59, -0.08, -0.08, -0.08, -0.62, -0.58, -0.51, -0.41, -0.23, -0.06, -0.28, -0.39, -0.57, -0.84, -1.02, -1.09, -0.94, -0.78, -0.66, -0.59, -0.54, -0.08, -0.08, -0.15, -0.14, -0.13, -0.11, -0.08, -0.04, -0.1, -0.22, -0.36, -0.51, -0.77, -0.88, -0.83, -0.75, -0.65, -0.57, -0.51, -0.48, -0.15, -0.14, -0.14, -0.13, -0.11, -0.1, -0.08, -0.06, -0.2, -0.26, -0.35, -0.46, -0.7, -0.67, -0.64, -0.58, -0.51, -0.45, -0.43, -0.41, -0.14, -0.13, -0.13, -0.12, -0.11, -0.09, -0.08, -0.09, -0.23, -0.26, -0.33, -0.41, -0.65, -0.54, -0.5, -0.44, -0.38, -0.35, -0.34, -0.35, -0.13, -0.13, -0.12, -0.13, -0.13, -0.12, -0.11, -0.1, -0.1, -0.1, -0.11, -0.11, -0.05, -0.45, -0.4, -0.34, -0.3, -0.26, -0.25, -0.28, -0.16, -0.15, -0.15, -0.15, -0.14, -0.13, -0.13, -0.11, -0.1, -0.09, -0.11, -0.26, -0.05, -0.06, -0.08, -0.27, -0.32, -0.12, -0.17, -0.23, -0.16, -0.16, -0.16, -0.16, -0.15, -0.15, -0.14, -0.12, -0.09, -0.05, -0.11, -0.26, -0.31, -0.05, -0.06, -0.06, -0.07, 0.05, -0.12, -0.2, -0.17, -0.17, -0.17, -0.17, -0.17, -0.17, -0.16, -0.15, -0.11, -0.07, -0.2, -0.28, -0.32, -0.04, -0.04, -0.12, -0.06, -0.02, -0.15, -0.21, -0.18, -0.18, -0.18, -0.18, -0.19, -0.19, -0.19, -0.19, -0.18, -0.2, -0.29, -0.33, -0.35, -0.24, -0.19, -0.14, -0.1, -0.08, -0.09, -0.1, -0.19, -0.19, -0.19, -0.2, -0.2, -0.21, -0.22, -0.24, -0.27, -0.37, -0.4, -0.27, -0.2, -0.14, -0.22, -0.18, -0.14, -0.12, -0.12, -0.13, -0.19, -0.2, -0.2, -0.21, -0.22, -0.23, -0.25, -0.28, -0.33, -0.46, -0.5, -0.35, -0.25, -0.17, -0.24, -0.2, -0.17, -0.16, -0.15, -0.15, -0.2, -0.21, -0.21, -0.22, -0.23, -0.25, -0.27, -0.3, -0.31, -0.4, -0.45, -0.36, -0.26, -0.19, -0.26, -0.23, -0.2, -0.18, -0.17, -0.16, -0.21, -0.21, -0.22, -0.23, -0.24, -0.25, -0.28, -0.31, -0.3, -0.34, -0.35, -0.31, -0.25, -0.2, -0.27, -0.24, -0.22, -0.2, -0.19, -0.18, -0.21, -0.22, -0.22, -0.23, -0.24, -0.26, -0.28, -0.25, -0.27, -0.29, -0.29, -0.27, -0.23, -0.19, -0.28, -0.25, -0.23, -0.21, -0.2, -0.19]}, {"header": {"refTime": "2023-09-05T03:00:00.000Z", "nx": 21, "ny": 33, "lo1": 113.509, "la1": 22.2235, "lo2": 113.5947, "la2": 22.1034, "dx": 0.0042850000000001385, "dy": 0.003753125000000024, "parameterCategory": 0, "parameterCategoryName": "Temperature", "parameterNumber": 0}, "data": [[29.82, 29.81, 29.81, 29.7, 29.7, 29.98, 29.96, 29.95, 29.96, 30.0, 30.07, 30.13, 30.37, 30.4, 30.4, 30.4, 30.61, 30.6, 30.6, 30.59], [29.82, 29.82, 29.81, 29.8, 29.7, 29.7, 29.94, 29.9, 29.89, 29.96, 30.07, 30.16, 30.41, 30.44, 30.43, 30.63, 30.61, 30.6, 30.59, 30.58], [29.83, 29.82, 29.82, 29.81, 29.7, 29.7, 29.7, 29.86, 29.74, 29.92, 30.09, 30.22, 30.48, 30.5, 30.66, 30.63, 30.6, 30.59, 30.58, 30.57], [29.83, 29.83, 29.82, 29.81, 29.8, 29.7, 29.7, 29.7, 29.7, 29.97, 30.15, 30.33, 30.59, 30.57, 30.66, 30.62, 30.59, 30.57, 30.56, 30.56], [29.84, 29.84, 29.83, 29.82, 29.81, 29.7, 29.7, 29.7, 29.7, 30.04, 30.19, 30.59, 30.77, 30.61, 30.66, 30.6, 30.57, 30.55, 30.54, 30.55], [29.85, 29.85, 29.84, 29.84, 29.83, 29.81, 29.7, 29.7, 29.7, 29.7, 30.33, 30.5, 30.64, 30.77, 30.64, 30.58, 30.53, 30.51, 30.52, 30.53], [29.92, 29.86, 29.86, 29.85, 29.85, 29.83, 29.8, 29.7, 29.7, 29.86, 29.9, 30.34, 30.67, 30.7, 30.6, 30.55, 30.48, 30.45, 30.49, 30.52], [29.93, 29.93, 29.93, 29.93, 29.92, 29.85, 29.81, 29.76, 29.75, 29.83, 29.79, 30.25, 30.26, 30.7, 30.44, 30.45, 30.43, 30.42, 30.43, 30.44], [29.87, 29.88, 29.95, 29.95, 29.96, 29.94, 29.89, 29.8, 29.7, 29.87, 30.01, 30.13, 30.18, 30.11, 30.44, 30.45, 30.44, 30.43, 30.44, 30.44], [30.1, 30.1, 30.1, 29.91, 29.94, 30.01, 29.96, 29.89, 29.7, 29.7, 30.19, 30.05, 30.1, 30.07, 30.44, 30.46, 30.45, 30.44, 30.44, 30.45], [30.1, 30.1, 30.1, 30.1, 30.1, 30.1, 30.1, 30.1, 29.96, 29.7, 29.7, 30.0, 30.04, 30.04, 30.44, 30.46, 30.45, 30.45, 30.45, 30.45], [30.1, 30.1, 30.1, 30.1, 30.1, 30.1, 30.1, 30.1, 30.1, -999.0, 29.7, 30.5, 30.5, 30.02, 30.44, 30.46, 30.46, 29.43, 29.46, 29.46], [30.1, 30.1, 30.1, 30.1, 30.1, 30.1, 30.1, 30.1, 30.1, 30.1, -999.0, 30.5, 30.5, 29.32, 29.84, 29.78, 29.79, 29.58, 29.61, 29.63], [30.1, 30.1, 30.1, 30.1, 30.1, 30.1, 30.1, 30.1, 30.1, 30.1, -999.0, 28.7, 28.7, 28.7, 29.69, 29.64, 29.67, 29.45, 29.5, 29.53], [30.1, 30.1, 30.1, 30.1, 30.1, 30.1, 30.1, 28.8, 28.8, 28.8, 28.8, 28.76, 28.7, 28.7, 28.7, 29.48, 29.53, 29.33, 29.39, 29.44], [30.1, 30.1, 29.28, 29.27, 29.24, 28.8, 28.8, 28.8, 28.8, 28.8, 28.74, 28.74, 28.73, 28.73, 28.74, 29.1, 29.16, 29.06, 29.44, 29.49], [29.27, 29.26, 29.64, 29.62, 28.8, 28.8, 28.8, 28.8, 28.8, 28.8, 28.76, 28.74, 28.73, 28.72, 28.83, 28.86, 28.91, 28.95, 28.98, 29.0], [29.64, 29.62, 29.6, 29.56, 28.8, 28.8, 28.8, 28.8, 28.8, 28.77, 28.76, 28.75, 28.73, 28.83, 28.72, 28.84, 28.92, 28.97, 29.0, 29.02], [29.61, 29.59, 29.56, 28.8, 28.8, 28.8, 28.8, 28.8, 28.79, 28.78, 28.81, 28.8, 28.93, 28.88, 28.83, 28.89, 28.96, 29.0, 29.02, 29.04], [29.59, 29.57, 28.91, 28.91, 28.9, 28.89, 28.87, 28.83, 28.81, 28.82, 28.82, 28.81, 28.98, 28.97, 28.94, 28.97, 29.02, 29.04, 29.06, 29.06], [28.92, 28.92, 28.92, 28.88, 28.88, 28.87, 28.87, 28.86, 28.83, 28.83, 28.83, 28.82, 29.03, 29.0, 29.02, 29.06, 29.09, 29.1, 29.09, 29.08], [28.89, 28.89, 28.89, 28.89, 28.89, 28.89, 28.88, 29.03, 28.85, 28.85, 28.85, 28.84, 29.15, 29.06, 29.09, 29.14, 29.17, 29.16, 29.13, 29.1], [28.9, 28.9, 28.9, 29.1, 29.09, 29.08, 29.07, 29.07, 29.07, 29.07, 29.09, 29.15, 29.15, 29.1, 29.14, 29.21, 29.29, 29.22, 29.14, 29.11], [29.13, 29.13, 29.12, 29.12, 29.11, 29.11, 29.1, 29.09, 29.08, 29.08, 29.1, 29.37, 29.14, 29.17, 29.21, 29.23, 29.51, 29.16, 29.11, 29.1], [29.14, 29.14, 29.14, 29.14, 29.14, 29.13, 29.13, 29.12, 29.08, 29.05, 29.11, 29.36, 29.44, 29.16, 29.18, 29.19, 29.08, 28.93, 29.06, 29.08], [29.16, 29.16, 29.16, 29.16, 29.16, 29.16, 29.16, 29.15, 29.11, 29.08, 29.27, 29.38, 29.45, 29.14, 29.15, 29.25, 29.17, 29.13, 29.06, 29.07], [29.17, 29.17, 29.17, 29.18, 29.18, 29.19, 29.2, 29.2, 29.2, 29.22, 29.38, 29.43, 29.47, 29.38, 29.33, 29.27, 29.23, 29.2, 29.21, 29.23], [29.18, 29.18, 29.19, 29.2, 29.21, 29.22, 29.24, 29.26, 29.3, 29.47, 29.51, 29.33, 29.25, 29.17, 29.35, 29.31, 29.27, 29.25, 29.25, 29.25], [29.19, 29.19, 29.2, 29.21, 29.23, 29.24, 29.27, 29.31, 29.38, 29.57, 29.6, 29.43, 29.3, 29.21, 29.37, 29.33, 29.3, 29.28, 29.27, 29.27], [29.2, 29.2, 29.21, 29.23, 29.24, 29.26, 29.29, 29.34, 29.38, 29.48, 29.54, 29.43, 29.32, 29.24, 29.39, 29.36, 29.33, 29.31, 29.3, 29.29], [29.2, 29.21, 29.22, 29.24, 29.25, 29.27, 29.3, 29.34, 29.36, 29.41, 29.43, 29.38, 29.31, 29.24, 29.4, 29.37, 29.35, 29.33, 29.32, 29.31], [29.21, 29.22, 29.23, 29.24, 29.26, 29.28, 29.3, 29.3, 29.33, 29.35, 29.36, 29.33, 29.29, 29.24, 29.41, 29.38, 29.36, 29.34, 29.33, 29.32]]}]