gis_exercise/awsData/contour/wdir_2023090407.json
[{"header": {"refTime": "2023-09-04T07:00:00.000Z", "nx": 21, "ny": 33, "lo1": 113.509, "la1": 22.2235, "lo2": 113.5947, "la2": 22.1034, "dx": 0.0042850000000001385, "dy": 0.003753125000000024, "parameterCategory": 2, "parameterCategoryName": "Temperature", "parameterNumber": 2}, "data": [0.81, 0.81, 0.81, 1.02, 0.99, 1.04, 1.0, 0.96, 0.95, 0.95, 1.02, 1.09, 1.26, 1.3, 1.52, 1.57, 1.94, 1.96, 1.97, 1.98, 0.81, 0.81, 0.81, 0.8, 1.0, 0.96, 0.97, 0.89, 0.84, 0.88, 1.01, 1.11, 1.29, 1.33, 1.55, 1.92, 1.95, 1.97, 1.99, 2.0, 0.81, 0.81, 0.81, 0.81, 1.01, 0.97, 0.9, 0.83, 0.6, 0.83, 1.03, 1.17, 1.35, 1.38, 1.88, 1.93, 1.97, 1.99, 2.01, 2.02, 0.81, 0.82, 0.82, 0.82, 0.82, 1.01, 0.95, 0.86, 0.77, 0.92, 1.1, 1.26, 1.44, 1.59, 1.88, 1.94, 1.99, 2.03, 2.04, 2.04, 0.81, 0.82, 0.82, 0.83, 0.84, 1.07, 1.04, 1.01, 0.99, 1.06, 1.19, 1.58, 1.61, 1.6, 1.88, 1.97, 2.04, 2.08, 2.08, 2.07, 0.81, 0.82, 0.82, 0.84, 0.86, 0.89, 1.14, 1.16, 1.16, 1.16, 1.53, 1.57, 1.6, 1.9, 1.9, 2.01, 2.12, 2.16, 2.14, 2.1, 1.17, 0.81, 0.82, 0.83, 0.86, 0.92, 1.19, 1.29, 1.31, 1.46, 1.45, 1.56, 1.96, 2.0, 1.93, 2.06, 2.22, 2.28, 2.35, 2.33, 1.16, 1.15, 1.13, 1.16, 1.17, 1.05, 1.16, 1.33, 1.52, 1.44, 1.35, 1.83, 1.93, 2.11, 2.33, 2.35, 2.38, 2.39, 2.37, 2.36, 1.15, 1.13, 1.1, 1.07, 1.08, 1.11, 1.22, 1.21, 1.55, 1.47, 1.8, 2.04, 2.34, 2.19, 2.36, 2.36, 2.37, 2.37, 2.37, 2.36, 1.27, 1.24, 1.19, 1.02, 0.93, 0.91, 1.1, 1.31, 1.61, 1.57, 1.97, 2.18, 2.44, 2.25, 2.39, 2.37, 2.37, 2.37, 2.36, 2.36, 1.28, 1.25, 1.2, 1.12, 0.96, 0.46, 1.09, 1.43, 1.5, 1.66, 2.08, 2.13, 2.22, 2.19, 2.39, 2.38, 2.37, 2.36, 2.36, 2.36, 1.29, 1.27, 1.24, 1.19, 1.11, 1.07, 1.32, 1.64, 1.76, 2.12, 2.07, 2.26, 2.3, 2.13, 2.39, 2.37, 2.37, 2.8, 2.8, 2.8, 1.32, 1.31, 1.29, 1.29, 1.31, 1.41, 1.57, 1.67, 1.74, 1.64, 2.17, 2.23, 2.26, 2.67, 2.69, 2.89, 2.87, 2.86, 2.85, 2.84, 1.34, 1.34, 1.34, 1.36, 1.42, 1.54, 1.74, 1.65, 1.64, 1.61, 2.15, 2.67, 2.75, 2.81, 2.78, 2.95, 2.93, 2.91, 2.9, 2.88, 1.36, 1.37, 1.38, 1.41, 1.46, 1.54, 1.6, 1.62, 1.58, 1.54, 1.5, 2.07, 2.81, 2.89, 2.93, 3.02, 3.0, 2.97, 2.94, 2.92, 1.38, 1.39, 1.01, 1.04, 1.08, 1.51, 1.5, 1.47, 1.43, 1.41, 1.9, 2.09, 2.3, 2.67, 2.77, 3.27, 3.25, 3.24, 3.12, 3.1, 0.97, 0.98, 0.99, 1.01, 1.43, 1.4, 1.35, 1.28, 1.24, 1.25, 1.82, 2.09, 2.39, 2.71, 3.04, 3.06, 2.94, 2.85, 2.78, 2.73, 0.96, 0.96, 0.97, 0.97, 1.35, 1.29, 1.19, 1.05, 0.99, 1.37, 1.68, 2.05, 2.43, 3.01, 3.34, 3.1, 2.93, 2.82, 2.75, 2.7, 0.95, 0.95, 0.95, 1.34, 1.28, 1.2, 1.07, 0.86, 0.74, 1.2, 1.62, 1.99, 2.6, 2.91, 3.12, 3.01, 2.87, 2.77, 2.7, 2.66, 0.94, 0.94, 1.34, 1.31, 1.26, 1.18, 1.07, 0.91, 0.96, 1.27, 1.62, 1.93, 2.53, 2.76, 2.92, 2.85, 2.77, 2.7, 2.64, 2.61, 1.38, 1.36, 1.34, 1.32, 1.28, 1.22, 1.15, 1.08, 1.31, 1.46, 1.68, 1.9, 2.49, 2.79, 2.77, 2.72, 2.67, 2.61, 2.57, 2.55, 1.38, 1.37, 1.36, 1.34, 1.31, 1.29, 1.26, 1.03, 1.54, 1.63, 1.75, 1.89, 2.9, 2.69, 2.66, 2.63, 2.6, 2.55, 2.5, 2.48, 1.39, 1.38, 1.38, 1.05, 1.06, 1.08, 1.11, 1.16, 1.21, 1.23, 1.22, 1.9, 2.16, 2.61, 2.59, 2.59, 2.62, 2.5, 2.41, 2.41, 1.04, 1.05, 1.06, 1.07, 1.1, 1.13, 1.19, 1.27, 1.38, 1.43, 1.35, 1.94, 2.14, 2.19, 2.25, 2.52, 2.88, 2.26, 2.27, 2.34, 1.05, 1.06, 1.07, 1.09, 1.12, 1.16, 1.23, 1.35, 1.54, 1.71, 1.46, 1.86, 1.97, 2.17, 2.2, 2.22, 2.12, 1.82, 2.16, 2.29, 1.05, 1.06, 1.08, 1.1, 1.13, 1.17, 1.23, 1.34, 1.52, 1.66, 1.76, 1.76, 1.86, 2.14, 2.16, 1.92, 1.9, 1.85, 2.19, 2.28, 1.05, 1.06, 1.08, 1.09, 1.12, 1.15, 1.19, 1.25, 1.31, 1.31, 1.56, 1.6, 1.72, 1.62, 1.75, 1.82, 1.85, 1.85, 1.86, 1.86, 1.05, 1.06, 1.07, 1.09, 1.1, 1.12, 1.13, 1.14, 1.11, 1.31, 1.24, 1.04, 1.09, 1.12, 1.65, 1.74, 1.79, 1.81, 1.82, 1.83, 1.05, 1.06, 1.07, 1.07, 1.08, 1.08, 1.08, 1.05, 0.98, 1.02, 0.69, 0.9, 1.02, 1.08, 1.57, 1.67, 1.73, 1.76, 1.78, 1.8, 1.05, 1.05, 1.06, 1.06, 1.06, 1.06, 1.04, 1.0, 0.99, 0.85, 0.75, 0.88, 0.99, 1.05, 1.51, 1.61, 1.67, 1.72, 1.75, 1.76, 1.04, 1.05, 1.05, 1.05, 1.04, 1.03, 1.01, 0.98, 1.0, 0.93, 0.9, 0.94, 1.0, 1.05, 1.48, 1.57, 1.63, 1.68, 1.71, 1.73, 1.04, 1.04, 1.04, 1.04, 1.03, 1.02, 1.0, 1.07, 1.03, 0.99, 0.97, 0.99, 1.02, 1.05, 1.47, 1.54, 1.6, 1.65, 1.68, 1.7]}, {"header": {"refTime": "2023-09-04T07:00:00.000Z", "nx": 21, "ny": 33, "lo1": 113.509, "la1": 22.2235, "lo2": 113.5947, "la2": 22.1034, "dx": 0.0042850000000001385, "dy": 0.003753125000000024, "parameterCategory": 2, "parameterCategoryName": "Temperature", "parameterNumber": 3}, "data": [-0.98, -0.94, -0.89, -0.49, -0.44, -0.47, -0.38, -0.31, -0.28, -0.1, -0.2, -0.29, -0.74, -0.81, -0.73, -0.78, -1.53, -1.54, -1.55, -1.56, -1.01, -0.97, -0.92, -0.86, -0.45, -0.37, -0.34, -0.18, -0.08, -0.02, -0.19, -0.32, -0.78, -0.85, -0.77, -1.51, -1.53, -1.54, -1.55, -1.56, -1.04, -1.01, -0.97, -0.9, -0.49, -0.41, -0.27, -0.08, 0.33, 0.05, -0.22, -0.39, -0.85, -0.91, -1.47, -1.5, -1.53, -1.55, -1.56, -1.57, -1.08, -1.06, -1.02, -0.97, -0.9, -0.49, -0.38, -0.19, -0.01, -0.07, -0.31, -0.51, -0.94, -1.18, -1.46, -1.51, -1.54, -1.56, -1.57, -1.57, -1.13, -1.11, -1.09, -1.06, -1.01, -0.6, -0.56, -0.49, -0.45, -0.25, -0.43, -1.13, -1.06, -1.17, -1.46, -1.53, -1.56, -1.57, -1.58, -1.58, -1.18, -1.18, -1.17, -1.16, -1.14, -1.11, -0.77, -0.8, -0.79, -0.73, -1.16, -1.19, -1.16, -1.61, -1.51, -1.56, -1.58, -1.59, -1.59, -1.59, -1.53, -1.24, -1.25, -1.26, -1.27, -1.28, -1.55, -1.11, -1.14, -1.33, -1.24, -1.33, -1.86, -1.84, -1.59, -1.59, -1.61, -1.61, -1.66, -1.67, -1.52, -1.54, -1.56, -1.96, -1.95, -1.6, -1.59, -1.63, -1.72, -1.26, -0.88, -1.84, -2.03, -2.03, -2.12, -1.99, -1.82, -1.76, -1.85, -1.91, -1.51, -1.53, -1.56, -1.59, -1.96, -1.96, -1.95, -1.59, -1.56, -1.38, -1.54, -1.94, -2.21, -2.08, -2.17, -2.05, -1.94, -1.89, -1.91, -1.94, -1.58, -1.59, -1.61, -1.59, -1.65, -1.96, -1.97, -1.97, -1.58, -1.47, -1.76, -2.01, -2.25, -2.1, -2.19, -2.1, -2.02, -1.98, -1.97, -1.98, -1.57, -1.58, -1.59, -1.63, -1.71, -1.94, -1.72, -1.72, -2.01, -1.62, -1.82, -1.95, -2.04, -2.03, -2.19, -2.12, -2.07, -2.03, -2.01, -2.01, -1.55, -1.55, -1.56, -1.58, -1.61, -1.63, -1.59, -1.76, -1.88, -1.86, -1.87, -2.31, -2.33, -1.97, -2.18, -2.14, -2.09, -1.94, -1.92, -1.91, -1.53, -1.53, -1.52, -1.5, -1.46, -1.35, -1.22, -1.56, -1.77, -1.68, -1.83, -2.29, -2.31, -2.19, -2.17, -1.99, -1.96, -1.94, -1.93, -1.92, -1.52, -1.5, -1.48, -1.45, -1.37, -1.18, -0.8, -1.29, -1.54, -1.59, -1.76, -2.14, -2.13, -2.11, -2.11, -1.96, -1.94, -1.93, -1.92, -1.92, -1.5, -1.49, -1.46, -1.42, -1.35, -1.25, -1.18, -0.99, -1.08, -1.1, -1.08, -1.44, -2.07, -2.05, -2.03, -1.92, -1.92, -1.92, -1.91, -1.91, -1.49, -1.48, -0.94, -0.91, -0.87, -0.89, -0.89, -0.91, -0.94, -0.96, -1.32, -1.38, -1.44, -1.58, -1.62, -1.76, -1.75, -1.74, -1.51, -1.49, -0.93, -0.92, -0.9, -0.87, -0.87, -0.85, -0.82, -0.79, -0.79, -0.82, -1.21, -1.32, -1.43, -1.53, -1.47, -1.38, -1.25, -1.15, -1.08, -1.03, -0.91, -0.89, -0.86, -0.83, -0.83, -0.79, -0.72, -0.64, -0.59, -0.62, -0.77, -1.26, -1.41, -1.46, -1.69, -1.42, -1.24, -1.13, -1.05, -1.0, -0.88, -0.86, -0.83, -0.84, -0.8, -0.74, -0.65, -0.49, -0.34, -0.55, -0.78, -0.97, -1.2, -1.37, -1.44, -1.32, -1.17, -1.07, -1.0, -0.96, -0.86, -0.84, -0.52, -0.51, -0.49, -0.47, -0.43, -0.38, -0.45, -0.61, -0.78, -0.94, -1.13, -1.25, -1.22, -1.15, -1.06, -0.98, -0.93, -0.9, -0.53, -0.53, -0.52, -0.52, -0.51, -0.49, -0.47, -0.44, -0.62, -0.69, -0.8, -0.91, -1.08, -1.08, -1.05, -0.99, -0.93, -0.89, -0.86, -0.84, -0.54, -0.54, -0.53, -0.53, -0.52, -0.52, -0.51, -0.61, -0.71, -0.76, -0.82, -0.9, -1.21, -0.96, -0.92, -0.87, -0.83, -0.79, -0.78, -0.78, -0.55, -0.54, -0.54, -0.69, -0.69, -0.68, -0.68, -0.69, -0.7, -0.71, -0.72, -0.71, -0.65, -0.88, -0.84, -0.79, -0.77, -0.72, -0.7, -0.72, -0.72, -0.72, -0.72, -0.72, -0.72, -0.72, -0.73, -0.75, -0.76, -0.77, -0.78, -0.96, -0.65, -0.63, -0.62, -0.73, -0.83, -0.58, -0.61, -0.67, -0.74, -0.74, -0.74, -0.74, -0.75, -0.76, -0.77, -0.79, -0.8, -0.81, -0.81, -0.96, -0.98, -0.62, -0.6, -0.57, -0.51, -0.37, -0.56, -0.64, -0.75, -0.75, -0.76, -0.77, -0.78, -0.79, -0.8, -0.82, -0.83, -0.83, -0.93, -0.97, -0.99, -0.62, -0.59, -0.6, -0.52, -0.48, -0.58, -0.64, -0.76, -0.77, -0.78, -0.79, -0.8, -0.81, -0.83, -0.85, -0.86, -0.88, -0.99, -1.01, -1.01, -0.75, -0.69, -0.63, -0.58, -0.56, -0.56, -0.58, -0.77, -0.78, -0.79, -0.8, -0.82, -0.83, -0.86, -0.88, -0.92, -1.04, -1.06, -0.9, -0.82, -0.73, -0.73, -0.67, -0.63, -0.61, -0.6, -0.61, -0.78, -0.79, -0.8, -0.81, -0.83, -0.85, -0.88, -0.91, -0.96, -1.1, -1.1, -0.97, -0.86, -0.77, -0.76, -0.71, -0.67, -0.65, -0.64, -0.64, -0.79, -0.8, -0.81, -0.83, -0.84, -0.86, -0.89, -0.92, -0.94, -1.02, -1.06, -0.97, -0.87, -0.79, -0.78, -0.73, -0.7, -0.68, -0.66, -0.66, -0.8, -0.81, -0.82, -0.83, -0.85, -0.87, -0.89, -0.92, -0.92, -0.96, -0.97, -0.92, -0.86, -0.8, -0.8, -0.75, -0.72, -0.7, -0.69, -0.68, -0.8, -0.81, -0.82, -0.84, -0.85, -0.87, -0.89, -0.87, -0.89, -0.91, -0.91, -0.88, -0.84, -0.79, -0.8, -0.77, -0.74, -0.72, -0.7, -0.69]}, {"header": {"refTime": "2023-09-04T07:00:00.000Z", "nx": 21, "ny": 33, "lo1": 113.509, "la1": 22.2235, "lo2": 113.5947, "la2": 22.1034, "dx": 0.0042850000000001385, "dy": 0.003753125000000024, "parameterCategory": 0, "parameterCategoryName": "Temperature", "parameterNumber": 0}, "data": [[27.99, 27.98, 27.98, 27.79, 27.8, 28.01, 28.01, 28.01, 28.01, 27.99, 28.02, 28.05, 28.28, 28.3, 28.29, 28.3, 28.46, 28.46, 28.46, 28.46], [27.99, 27.99, 27.98, 27.97, 27.8, 27.81, 28.0, 27.98, 27.98, 27.98, 28.02, 28.06, 28.3, 28.32, 28.31, 28.47, 28.46, 28.46, 28.46, 28.46], [28.0, 27.99, 27.98, 27.98, 27.8, 27.8, 27.82, 27.97, 27.92, 27.97, 28.03, 28.1, 28.33, 28.35, 28.47, 28.47, 28.46, 28.46, 28.46, 28.45], [28.0, 28.0, 27.99, 27.98, 27.97, 27.8, 27.81, 27.83, 27.85, 27.98, 28.05, 28.15, 28.39, 28.32, 28.47, 28.46, 28.46, 28.45, 28.45, 28.45], [28.01, 28.0, 28.0, 27.99, 27.98, 27.79, 27.79, 27.8, 27.8, 27.98, 28.06, 28.32, 28.43, 28.35, 28.47, 28.46, 28.45, 28.45, 28.44, 28.45], [28.02, 28.01, 28.01, 28.0, 27.99, 27.97, 27.78, 27.78, 27.77, 27.75, 28.15, 28.27, 28.37, 28.5, 28.47, 28.45, 28.44, 28.43, 28.44, 28.44], [28.08, 28.03, 28.02, 28.02, 28.01, 27.99, 27.87, 27.77, 27.76, 27.84, 27.87, 28.2, 28.5, 28.5, 28.47, 28.45, 28.43, 28.42, 28.42, 28.42], [28.09, 28.09, 28.09, 28.09, 28.08, 27.94, 27.9, 27.84, 27.82, 27.81, 27.72, 28.22, 28.23, 28.5, 28.44, 28.45, 28.43, 28.42, 28.43, 28.44], [28.01, 28.02, 28.11, 28.12, 28.12, 28.1, 28.04, 27.88, 27.74, 27.86, 27.95, 28.08, 28.14, 28.06, 28.44, 28.45, 28.44, 28.43, 28.44, 28.44], [28.3, 28.3, 28.3, 28.07, 28.1, 28.19, 28.13, 28.04, 27.69, 27.7, 28.15, 28.0, 28.04, 28.02, 28.44, 28.46, 28.45, 28.44, 28.44, 28.45], [28.3, 28.3, 28.3, 28.3, 28.3, 28.3, 28.3, 28.3, 28.12, 27.73, 27.6, 27.94, 27.98, 27.99, 28.44, 28.46, 28.45, 28.45, 28.45, 28.45], [28.3, 28.3, 28.3, 28.3, 28.3, 28.3, 28.3, 28.3, 28.3, -999.0, 27.6, 28.5, 28.5, 27.96, 28.44, 28.46, 28.46, 27.6, 27.62, 27.63], [28.3, 28.3, 28.3, 28.3, 28.3, 28.3, 28.3, 28.3, 28.3, 28.3, -999.0, 28.5, 28.5, 27.52, 27.95, 27.89, 27.9, 27.73, 27.75, 27.77], [28.3, 28.3, 28.3, 28.3, 28.3, 28.3, 28.3, 28.3, 28.3, 28.3, -999.0, 27.0, 27.0, 27.0, 27.82, 27.77, 27.8, 27.62, 27.66, 27.69], [28.3, 28.3, 28.3, 28.3, 28.3, 28.3, 28.3, 27.6, 27.6, 27.6, 27.6, 27.37, 27.0, 27.0, 27.0, 27.64, 27.68, 27.52, 27.57, 27.61], [28.3, 28.3, 27.86, 27.85, 27.84, 27.6, 27.6, 27.6, 27.6, 27.6, 27.22, 27.27, 27.21, 27.16, 27.21, 27.29, 27.34, 27.26, 27.58, 27.62], [27.85, 27.85, 28.05, 28.04, 27.6, 27.6, 27.6, 27.6, 27.6, 27.6, 27.34, 27.27, 27.19, 27.12, 27.16, 27.19, 27.26, 27.32, 27.36, 27.38], [28.05, 28.04, 28.03, 28.01, 27.6, 27.6, 27.6, 27.6, 27.6, 27.45, 27.37, 27.28, 27.18, 27.16, 27.02, 27.17, 27.27, 27.33, 27.37, 27.4], [28.04, 28.03, 28.01, 27.6, 27.6, 27.6, 27.6, 27.6, 27.55, 27.48, 27.43, 27.35, 27.31, 27.22, 27.16, 27.23, 27.31, 27.37, 27.4, 27.42], [28.03, 28.02, 27.6, 27.6, 27.6, 27.6, 27.6, 27.6, 27.54, 27.5, 27.44, 27.38, 27.36, 27.31, 27.29, 27.33, 27.38, 27.42, 27.44, 27.45], [27.6, 27.6, 27.6, 27.6, 27.6, 27.6, 27.6, 27.6, 27.51, 27.48, 27.44, 27.4, 27.41, 27.37, 27.39, 27.42, 27.46, 27.48, 27.49, 27.48], [27.6, 27.6, 27.6, 27.6, 27.6, 27.6, 27.6, 27.67, 27.5, 27.48, 27.46, 27.42, 27.45, 27.43, 27.46, 27.5, 27.54, 27.54, 27.53, 27.51], [27.6, 27.6, 27.6, 27.7, 27.7, 27.69, 27.69, 27.68, 27.68, 27.68, 27.68, 27.65, 27.64, 27.48, 27.52, 27.57, 27.62, 27.6, 27.56, 27.54], [27.72, 27.71, 27.71, 27.71, 27.7, 27.7, 27.69, 27.68, 27.67, 27.67, 27.68, 27.75, 27.63, 27.64, 27.65, 27.6, 27.71, 27.61, 27.57, 27.55], [27.72, 27.72, 27.72, 27.72, 27.71, 27.71, 27.7, 27.69, 27.66, 27.64, 27.68, 27.75, 27.77, 27.64, 27.65, 27.65, 27.59, 27.56, 27.56, 27.55], [27.73, 27.73, 27.72, 27.72, 27.72, 27.72, 27.72, 27.7, 27.68, 27.65, 27.72, 27.77, 27.79, 27.64, 27.64, 27.7, 27.67, 27.65, 27.56, 27.54], [27.73, 27.73, 27.73, 27.73, 27.73, 27.74, 27.74, 27.73, 27.73, 27.74, 27.78, 27.8, 27.81, 27.77, 27.74, 27.72, 27.69, 27.68, 27.69, 27.69], [27.74, 27.74, 27.74, 27.74, 27.75, 27.75, 27.76, 27.77, 27.79, 27.84, 27.86, 27.81, 27.77, 27.74, 27.76, 27.74, 27.72, 27.71, 27.7, 27.71], [27.74, 27.74, 27.75, 27.75, 27.76, 27.76, 27.78, 27.79, 27.83, 27.91, 27.95, 27.86, 27.8, 27.76, 27.78, 27.75, 27.74, 27.72, 27.72, 27.72], [27.74, 27.75, 27.75, 27.76, 27.76, 27.77, 27.79, 27.81, 27.83, 27.89, 27.92, 27.86, 27.81, 27.77, 27.79, 27.77, 27.75, 27.74, 27.73, 27.73], [27.75, 27.75, 27.76, 27.76, 27.77, 27.78, 27.79, 27.81, 27.82, 27.85, 27.86, 27.84, 27.8, 27.77, 27.8, 27.78, 27.76, 27.75, 27.74, 27.74], [27.75, 27.75, 27.76, 27.77, 27.77, 27.78, 27.79, 27.79, 27.81, 27.82, 27.82, 27.81, 27.79, 27.77, 27.8, 27.78, 27.77, 27.76, 27.75, 27.75]]}]