gis_exercise/awsData/contour/wdir_2023083118.json
[{"header": {"refTime": "2023-08-31T18:00:00.000Z", "nx": 21, "ny": 33, "lo1": 113.509, "la1": 22.2235, "lo2": 113.5947, "la2": 22.1034, "dx": 0.0042850000000001385, "dy": 0.003753125000000024, "parameterCategory": 2, "parameterCategoryName": "Temperature", "parameterNumber": 2}, "data": [1.17, 1.18, 1.19, 1.55, 1.53, 1.24, 1.22, 1.21, 1.2, 1.21, 1.21, 1.19, 1.16, 1.17, 1.03, 1.05, 1.24, 1.25, 1.25, 1.26, 1.17, 1.18, 1.18, 1.19, 1.54, 1.51, 1.23, 1.21, 1.19, 1.21, 1.2, 1.18, 1.15, 1.15, 1.02, 1.22, 1.23, 1.25, 1.26, 1.26, 1.16, 1.17, 1.18, 1.19, 1.55, 1.52, 1.46, 1.21, 1.18, 1.21, 1.19, 1.15, 1.11, 1.12, 1.18, 1.21, 1.24, 1.25, 1.26, 1.27, 1.15, 1.16, 1.17, 1.19, 1.21, 1.54, 1.5, 1.43, 1.37, 1.22, 1.19, 1.11, 1.04, 1.23, 1.17, 1.22, 1.24, 1.26, 1.27, 1.27, 1.14, 1.15, 1.16, 1.18, 1.2, 1.58, 1.56, 1.54, 1.54, 1.27, 1.22, 1.19, 0.94, 1.18, 1.18, 1.23, 1.26, 1.27, 1.28, 1.28, 1.13, 1.13, 1.14, 1.16, 1.19, 1.24, 1.63, 1.64, 1.65, 1.68, 1.5, 1.32, 1.14, 1.34, 1.22, 1.26, 1.28, 1.28, 1.29, 1.29, 1.1, 1.11, 1.12, 1.13, 1.16, 1.22, 1.5, 1.71, 1.73, 1.86, 1.88, 1.58, 1.57, 1.56, 1.29, 1.29, 1.29, 1.3, 1.36, 1.38, 1.08, 1.08, 1.07, 1.33, 1.34, 1.34, 1.46, 1.63, 1.81, 1.87, 1.91, 1.94, 1.95, 1.75, 1.82, 1.68, 1.51, 1.44, 1.54, 1.6, 1.06, 1.05, 1.04, 1.02, 1.24, 1.27, 1.4, 1.52, 1.89, 1.86, 1.99, 2.03, 2.11, 2.07, 1.86, 1.74, 1.63, 1.58, 1.6, 1.63, 1.15, 1.13, 1.1, 0.96, 0.9, 1.05, 1.25, 1.49, 1.95, 1.95, 2.03, 2.08, 2.16, 2.1, 1.89, 1.79, 1.71, 1.67, 1.66, 1.67, 1.16, 1.13, 1.1, 1.04, 0.92, 0.55, 1.06, 1.39, 1.68, 2.0, 2.14, 2.07, 2.09, 2.08, 1.89, 1.82, 1.76, 1.72, 1.7, 1.7, 1.16, 1.14, 1.12, 1.08, 1.01, 0.99, 1.21, 1.62, 1.81, 1.95, 2.14, 2.12, 2.12, 2.06, 1.88, 1.83, 1.79, 1.79, 1.78, 1.77, 1.17, 1.16, 1.15, 1.13, 1.13, 1.16, 1.26, 1.55, 1.72, 1.58, 1.92, 2.12, 2.12, 2.06, 2.05, 1.88, 1.85, 1.83, 1.81, 1.8, 1.19, 1.18, 1.17, 1.17, 1.18, 1.2, 1.18, 1.37, 1.5, 1.5, 1.88, 2.15, 2.14, 2.13, 2.04, 1.89, 1.87, 1.85, 1.83, 1.82, 1.2, 1.2, 1.2, 1.2, 1.22, 1.23, 1.26, 1.51, 1.59, 1.62, 1.63, 1.89, 2.12, 2.1, 2.1, 1.91, 1.89, 1.87, 1.85, 1.84, 1.21, 1.21, 1.02, 1.04, 1.05, 1.49, 1.49, 1.52, 1.56, 1.58, 1.85, 1.87, 1.88, 1.93, 1.94, 2.27, 2.32, 2.37, 2.16, 2.17, 1.03, 1.04, 1.05, 1.06, 1.51, 1.51, 1.51, 1.52, 1.53, 1.55, 1.8, 1.84, 1.88, 1.91, 2.06, 1.98, 1.98, 1.98, 1.97, 1.97, 1.05, 1.06, 1.07, 1.09, 1.52, 1.51, 1.51, 1.51, 1.51, 1.5, 1.55, 1.82, 1.87, 2.04, 1.98, 1.98, 1.98, 1.98, 1.98, 1.97, 1.06, 1.07, 1.09, 1.53, 1.52, 1.52, 1.51, 1.49, 1.47, 1.5, 1.84, 1.91, 2.07, 2.08, 1.98, 1.99, 1.99, 1.99, 1.98, 1.97, 1.07, 1.09, 1.69, 1.68, 1.68, 1.67, 1.64, 1.59, 1.65, 1.76, 1.87, 1.93, 2.11, 2.16, 2.0, 2.0, 2.01, 2.0, 1.99, 1.97, 1.73, 1.73, 1.73, 1.73, 1.73, 1.73, 1.72, 1.7, 1.83, 1.88, 1.94, 1.98, 2.17, 2.0, 2.02, 2.04, 2.04, 2.02, 1.99, 1.97, 1.76, 1.76, 1.77, 1.78, 1.79, 1.81, 1.82, 2.1, 1.99, 2.02, 2.05, 2.06, 2.63, 2.01, 2.04, 2.08, 2.1, 2.06, 1.99, 1.95, 1.78, 1.8, 1.81, 2.21, 2.21, 2.21, 2.22, 2.24, 2.27, 2.3, 2.31, 2.49, 2.26, 2.02, 2.06, 2.15, 2.26, 2.11, 1.96, 1.92, 2.24, 2.25, 2.25, 2.25, 2.26, 2.28, 2.31, 2.36, 2.42, 2.45, 2.43, 2.83, 2.27, 2.21, 2.17, 2.14, 2.68, 1.9, 1.84, 1.86, 2.27, 2.27, 2.28, 2.29, 2.31, 2.33, 2.37, 2.44, 2.53, 2.6, 2.51, 2.81, 2.86, 2.19, 2.13, 2.05, 1.72, 1.37, 1.72, 1.82, 2.28, 2.29, 2.3, 2.32, 2.34, 2.37, 2.41, 2.47, 2.55, 2.61, 2.75, 2.79, 2.84, 2.18, 2.09, 1.98, 1.82, 1.73, 1.74, 1.81, 2.3, 2.31, 2.33, 2.34, 2.37, 2.4, 2.44, 2.48, 2.52, 2.55, 2.75, 2.78, 2.82, 2.18, 2.1, 2.01, 1.92, 1.88, 1.89, 1.93, 2.32, 2.33, 2.34, 2.36, 2.38, 2.41, 2.45, 2.48, 2.52, 2.73, 2.73, 2.35, 2.21, 2.05, 2.13, 2.06, 2.0, 1.96, 1.96, 1.97, 2.33, 2.34, 2.35, 2.37, 2.4, 2.42, 2.45, 2.49, 2.53, 2.71, 2.57, 2.41, 2.26, 2.11, 2.17, 2.1, 2.05, 2.02, 2.01, 2.01, 2.34, 2.35, 2.36, 2.38, 2.4, 2.43, 2.46, 2.49, 2.41, 2.48, 2.52, 2.4, 2.27, 2.13, 2.2, 2.14, 2.09, 2.06, 2.05, 2.04, 2.34, 2.36, 2.37, 2.39, 2.41, 2.43, 2.45, 2.48, 2.38, 2.41, 2.41, 2.34, 2.25, 2.14, 2.21, 2.16, 2.12, 2.1, 2.08, 2.07, 2.35, 2.36, 2.37, 2.39, 2.41, 2.43, 2.45, 2.31, 2.33, 2.34, 2.33, 2.29, 2.22, 2.14, 2.22, 2.18, 2.15, 2.12, 2.1, 2.09]}, {"header": {"refTime": "2023-08-31T18:00:00.000Z", "nx": 21, "ny": 33, "lo1": 113.509, "la1": 22.2235, "lo2": 113.5947, "la2": 22.1034, "dx": 0.0042850000000001385, "dy": 0.003753125000000024, "parameterCategory": 2, "parameterCategoryName": "Temperature", "parameterNumber": 3}, "data": [-0.91, -0.87, -0.82, -0.51, -0.45, 0.15, 0.2, 0.25, 0.29, 0.33, 0.32, 0.32, 0.11, 0.08, -0.42, -0.58, -1.44, -1.54, -1.62, -1.67, -0.94, -0.9, -0.85, -0.77, -0.46, -0.38, 0.2, 0.29, 0.35, 0.36, 0.34, 0.35, 0.15, 0.11, -0.41, -1.31, -1.47, -1.6, -1.69, -1.74, -0.98, -0.94, -0.89, -0.82, -0.49, -0.41, -0.26, 0.31, 0.5, 0.39, 0.35, 0.38, 0.21, 0.16, -1.06, -1.33, -1.55, -1.7, -1.79, -1.84, -1.02, -0.99, -0.95, -0.89, -0.81, -0.48, -0.37, -0.17, 0.02, 0.32, 0.33, 0.44, 0.34, -0.12, -1.01, -1.39, -1.68, -1.86, -1.94, -1.96, -1.08, -1.06, -1.03, -0.99, -0.92, -0.6, -0.55, -0.49, -0.46, 0.17, 0.24, -0.0, 0.59, -0.0, -1.04, -1.54, -1.91, -2.11, -2.15, -2.1, -1.13, -1.13, -1.12, -1.1, -1.06, -1.01, -0.75, -0.78, -0.81, -0.83, -0.69, -0.34, 0.09, -0.59, -1.24, -1.8, -2.29, -2.49, -2.4, -2.25, -1.75, -1.2, -1.21, -1.21, -1.2, -1.18, -1.6, -1.03, -1.09, -1.49, -1.51, -0.98, -1.26, -1.22, -1.52, -2.06, -2.78, -3.05, -2.76, -2.54, -1.76, -1.76, -1.77, -2.32, -2.29, -1.7, -1.63, -1.53, -1.46, -1.46, -1.37, -2.06, -2.2, -1.71, -2.89, -3.08, -3.3, -3.38, -3.26, -3.18, -1.76, -1.78, -1.79, -1.81, -2.32, -2.29, -2.23, -1.59, -1.77, -1.51, -1.95, -2.25, -2.56, -2.41, -2.89, -3.02, -3.16, -3.22, -3.19, -3.15, -2.35, -2.35, -2.34, -1.85, -1.91, -2.34, -2.37, -2.38, -2.1, -2.01, -2.14, -2.38, -2.65, -2.46, -2.89, -2.98, -3.06, -3.11, -3.12, -3.1, -2.34, -2.33, -2.32, -2.32, -2.31, -2.25, -2.42, -2.66, -2.75, -2.36, -2.68, -2.33, -2.42, -2.39, -2.9, -2.95, -3.01, -3.05, -3.06, -3.06, -2.33, -2.32, -2.31, -2.29, -2.28, -2.28, -2.4, -2.86, -3.12, -2.97, -2.81, -2.95, -2.9, -2.33, -2.9, -2.94, -2.98, -3.05, -3.05, -3.05, -2.32, -2.31, -2.29, -2.26, -2.22, -2.14, -2.09, -2.62, -2.94, -2.76, -2.85, -2.99, -2.94, -2.53, -2.52, -2.94, -2.95, -2.97, -2.99, -3.0, -2.31, -2.3, -2.28, -2.24, -2.17, -2.02, -1.63, -2.24, -2.56, -2.61, -2.78, -3.02, -2.95, -2.89, -2.48, -2.85, -2.87, -2.9, -2.92, -2.94, -2.31, -2.3, -2.27, -2.24, -2.18, -2.1, -2.06, -1.86, -1.96, -1.98, -1.94, -2.18, -2.87, -2.8, -2.76, -2.75, -2.79, -2.83, -2.86, -2.89, -2.31, -2.3, -1.38, -1.37, -1.34, -1.68, -1.68, -1.69, -1.7, -1.72, -2.0, -2.04, -2.09, -2.01, -2.07, -2.51, -2.54, -2.57, -2.74, -2.77, -1.35, -1.34, -1.32, -1.3, -1.61, -1.56, -1.5, -1.43, -1.4, -1.45, -1.8, -1.92, -2.03, -2.12, -2.09, -2.37, -2.4, -2.43, -2.45, -2.46, -1.31, -1.3, -1.27, -1.23, -1.52, -1.43, -1.29, -1.11, -1.02, -0.94, -1.15, -1.82, -1.99, -2.06, -2.24, -2.35, -2.41, -2.44, -2.46, -2.47, -1.28, -1.26, -1.23, -1.52, -1.44, -1.33, -1.13, -0.81, -0.48, -0.81, -0.86, -1.1, -1.83, -2.02, -2.35, -2.39, -2.43, -2.46, -2.47, -2.48, -1.26, -1.23, -0.65, -0.63, -0.61, -0.57, -0.52, -0.46, -0.5, -0.64, -0.83, -1.03, -1.8, -1.96, -2.42, -2.44, -2.47, -2.48, -2.5, -2.5, -0.64, -0.63, -0.62, -0.6, -0.57, -0.54, -0.51, -0.47, -0.6, -0.68, -0.8, -0.94, -1.8, -2.46, -2.47, -2.49, -2.51, -2.52, -2.52, -2.52, -0.62, -0.61, -0.59, -0.57, -0.55, -0.52, -0.49, -0.43, -0.62, -0.66, -0.75, -0.86, -1.75, -2.49, -2.51, -2.53, -2.55, -2.55, -2.54, -2.53, -0.6, -0.59, -0.57, -0.5, -0.48, -0.47, -0.46, -0.44, -0.43, -0.43, -0.44, -0.91, -1.71, -2.52, -2.54, -2.57, -2.6, -2.58, -2.56, -2.54, -0.53, -0.52, -0.52, -0.51, -0.5, -0.48, -0.46, -0.44, -0.4, -0.39, -0.43, -1.07, -1.66, -1.92, -2.16, -2.59, -2.68, -2.58, -2.55, -2.54, -0.54, -0.53, -0.53, -0.52, -0.51, -0.5, -0.48, -0.44, -0.36, -0.29, -0.41, -1.0, -1.25, -1.89, -2.13, -2.32, -2.56, -2.52, -2.54, -2.54, -0.55, -0.55, -0.54, -0.54, -0.53, -0.53, -0.51, -0.47, -0.39, -0.33, -0.75, -1.0, -1.22, -1.85, -2.07, -2.38, -2.43, -2.44, -2.54, -2.54, -0.56, -0.56, -0.56, -0.56, -0.56, -0.56, -0.55, -0.54, -0.53, -0.54, -0.91, -1.06, -1.21, -2.09, -2.21, -2.3, -2.35, -2.37, -2.37, -2.36, -0.57, -0.57, -0.57, -0.58, -0.58, -0.59, -0.6, -0.63, -0.67, -1.0, -1.06, -1.07, -1.15, -1.26, -2.13, -2.22, -2.28, -2.31, -2.32, -2.32, -0.58, -0.58, -0.59, -0.6, -0.61, -0.62, -0.65, -0.69, -0.78, -1.11, -1.14, -1.12, -1.16, -1.24, -2.06, -2.15, -2.22, -2.26, -2.27, -2.28, -0.59, -0.59, -0.6, -0.61, -0.63, -0.65, -0.68, -0.73, -1.06, -1.11, -1.14, -1.14, -1.18, -1.24, -2.01, -2.1, -2.16, -2.21, -2.23, -2.25, -0.6, -0.6, -0.61, -0.62, -0.64, -0.66, -0.7, -0.74, -1.08, -1.11, -1.13, -1.15, -1.18, -1.23, -1.98, -2.06, -2.12, -2.17, -2.2, -2.21, -0.6, -0.61, -0.62, -0.63, -0.65, -0.67, -0.7, -1.08, -1.1, -1.12, -1.14, -1.16, -1.19, -1.23, -1.97, -2.04, -2.09, -2.14, -2.17, -2.19]}, {"header": {"refTime": "2023-08-31T18:00:00.000Z", "nx": 21, "ny": 33, "lo1": 113.509, "la1": 22.2235, "lo2": 113.5947, "la2": 22.1034, "dx": 0.0042850000000001385, "dy": 0.003753125000000024, "parameterCategory": 0, "parameterCategoryName": "Temperature", "parameterNumber": 0}, "data": [[29.84, 29.84, 29.84, 29.63, 29.65, 30.0, 30.01, 30.03, 30.05, 30.13, 30.17, 30.21, 30.5, 30.53, 30.63, 30.65, 30.82, 30.82, 30.82, 30.82], [29.84, 29.84, 29.83, 29.83, 29.65, 29.68, 30.0, 30.01, 30.03, 30.11, 30.17, 30.23, 30.53, 30.56, 30.65, 30.82, 30.82, 30.82, 30.82, 30.82], [29.84, 29.84, 29.83, 29.83, 29.64, 29.67, 29.72, 30.0, 30.01, 30.09, 30.19, 30.28, 30.58, 30.6, 30.82, 30.82, 30.82, 30.83, 30.83, 30.83], [29.84, 29.84, 29.83, 29.82, 29.82, 29.64, 29.68, 29.75, 29.82, 30.11, 30.22, 30.37, 30.67, 30.56, 30.83, 30.83, 30.83, 30.83, 30.83, 30.83], [29.85, 29.84, 29.83, 29.82, 29.81, 29.59, 29.61, 29.64, 29.65, 30.11, 30.22, 30.57, 30.76, 30.6, 30.82, 30.83, 30.83, 30.84, 30.84, 30.83], [29.85, 29.85, 29.84, 29.83, 29.8, 29.77, 29.54, 29.53, 29.52, 29.53, 30.28, 30.47, 30.63, 30.8, 30.82, 30.83, 30.84, 30.85, 30.85, 30.84], [29.81, 29.86, 29.85, 29.84, 29.81, 29.76, 29.55, 29.42, 29.41, 29.61, 29.72, 30.32, 30.73, 30.75, 30.8, 30.83, 30.86, 30.88, 30.9, 30.9], [29.83, 29.83, 29.84, 29.83, 29.81, 29.68, 29.58, 29.41, 29.32, 29.58, 29.61, 30.26, 30.27, 30.75, 30.79, 30.76, 30.82, 30.85, 30.81, 30.78], [29.67, 29.69, 29.88, 29.9, 29.9, 29.86, 29.73, 29.53, 29.3, 29.63, 29.92, 30.08, 30.16, 30.06, 30.78, 30.74, 30.78, 30.8, 30.79, 30.77], [30.3, 30.3, 30.3, 29.79, 29.86, 30.05, 29.92, 29.73, 29.37, 29.35, 30.17, 29.98, 30.04, 30.02, 30.78, 30.73, 30.76, 30.77, 30.77, 30.76], [30.3, 30.3, 30.3, 30.3, 30.3, 30.3, 30.3, 30.3, 29.91, 29.3, 29.5, 29.92, 29.97, 29.97, 30.78, 30.72, 30.74, 30.75, 30.75, 30.75], [30.3, 30.3, 30.3, 30.3, 30.3, 30.3, 30.3, 30.3, 30.3, -999.0, 29.5, 30.6, 30.6, 29.94, 30.79, 30.71, 30.72, 29.82, 29.85, 29.85], [30.3, 30.3, 30.3, 30.3, 30.3, 30.3, 30.3, 30.3, 30.3, 30.3, -999.0, 30.6, 30.6, 29.56, 30.01, 30.21, 30.22, 29.99, 30.02, 30.04], [30.3, 30.3, 30.3, 30.3, 30.3, 30.3, 30.3, 30.3, 30.3, 30.3, -999.0, 29.0, 29.0, 29.0, 29.88, 30.05, 30.08, 29.84, 29.89, 29.93], [30.3, 30.3, 30.3, 30.3, 30.3, 30.3, 30.3, 30.3, 30.3, 30.3, 30.3, 29.8, 29.0, 29.0, 29.0, 29.87, 29.93, 29.71, 29.78, 29.83], [30.3, 30.3, 30.3, 30.3, 30.3, 30.3, 30.3, 30.3, 30.3, 30.3, 29.48, 29.57, 29.45, 29.34, 29.46, 29.51, 29.59, 29.45, 29.87, 29.94], [30.3, 30.3, 30.3, 30.3, 30.3, 30.3, 30.3, 30.3, 30.3, 30.3, 29.74, 29.58, 29.41, 29.25, 29.31, 29.3, 29.41, 29.49, 29.55, 29.59], [30.3, 30.3, 30.3, 30.3, 30.3, 30.3, 30.3, 30.3, 30.3, 29.97, 29.8, 29.6, 29.4, 29.32, 29.05, 29.27, 29.42, 29.52, 29.58, 29.62], [30.3, 30.3, 30.3, 30.3, 30.3, 30.3, 30.3, 30.3, 30.18, 30.05, 29.81, 29.65, 29.61, 29.43, 29.25, 29.36, 29.49, 29.57, 29.63, 29.66], [30.3, 30.3, 29.96, 29.97, 30.0, 30.03, 30.08, 30.2, 30.11, 29.97, 29.82, 29.67, 29.7, 29.6, 29.45, 29.51, 29.59, 29.65, 29.69, 29.7], [29.93, 29.94, 29.95, 30.05, 30.06, 30.08, 30.1, 30.13, 29.96, 29.89, 29.79, 29.69, 29.79, 29.57, 29.61, 29.66, 29.72, 29.75, 29.75, 29.75], [30.02, 30.02, 30.03, 30.03, 30.04, 30.04, 30.05, 29.99, 29.86, 29.82, 29.76, 29.7, 29.68, 29.68, 29.73, 29.79, 29.84, 29.85, 29.82, 29.79], [30.01, 30.01, 30.01, 29.93, 29.93, 29.93, 29.93, 29.92, 29.9, 29.89, 29.88, 30.06, 29.9, 29.75, 29.81, 29.9, 29.99, 29.94, 29.87, 29.82], [29.91, 29.91, 29.91, 29.91, 29.9, 29.9, 29.88, 29.86, 29.83, 29.81, 29.83, 29.87, 29.89, 29.93, 29.97, 29.95, 30.19, 29.94, 29.87, 29.83], [29.9, 29.9, 29.9, 29.89, 29.88, 29.87, 29.85, 29.82, 29.78, 29.74, 29.78, 29.85, 29.91, 29.92, 29.95, 29.98, 29.88, 29.79, 29.84, 29.83], [29.89, 29.89, 29.88, 29.88, 29.86, 29.85, 29.83, 29.8, 29.77, 29.74, 29.78, 29.83, 29.89, 29.91, 29.93, 29.94, 29.92, 29.89, 29.83, 29.82], [29.88, 29.88, 29.87, 29.86, 29.85, 29.84, 29.82, 29.8, 29.78, 29.76, 29.79, 29.82, 29.87, 29.89, 29.91, 29.92, 29.92, 29.91, 29.91, 29.92], [29.88, 29.87, 29.86, 29.85, 29.84, 29.83, 29.81, 29.79, 29.78, 29.77, 29.77, 29.69, 29.68, 29.67, 29.89, 29.9, 29.91, 29.91, 29.91, 29.92], [29.87, 29.86, 29.86, 29.85, 29.84, 29.82, 29.81, 29.79, 29.77, 29.75, 29.7, 29.69, 29.68, 29.67, 29.88, 29.89, 29.9, 29.91, 29.91, 29.91], [29.87, 29.86, 29.85, 29.84, 29.83, 29.82, 29.81, 29.79, 29.69, 29.69, 29.69, 29.69, 29.68, 29.67, 29.87, 29.88, 29.89, 29.9, 29.9, 29.91], [29.86, 29.86, 29.85, 29.84, 29.83, 29.82, 29.81, 29.79, 29.69, 29.69, 29.69, 29.68, 29.68, 29.68, 29.86, 29.88, 29.89, 29.9, 29.9, 29.9], [29.86, 29.85, 29.85, 29.84, 29.83, 29.82, 29.81, 29.68, 29.68, 29.68, 29.68, 29.68, 29.68, 29.67, 29.86, 29.87, 29.88, 29.89, 29.9, 29.9]]}]