gis_exercise/awsData/contour/wdir_2023090205.json
[{"header": {"refTime": "2023-09-02T05:00:00.000Z", "nx": 21, "ny": 33, "lo1": 113.509, "la1": 22.2235, "lo2": 113.5947, "la2": 22.1034, "dx": 0.0042850000000001385, "dy": 0.003753125000000024, "parameterCategory": 2, "parameterCategoryName": "Temperature", "parameterNumber": 2}, "data": [-5.54, -5.53, -5.51, -6.06, -5.98, -6.93, -6.76, -6.6, -6.6, -6.77, -7.21, -7.63, -7.81, -7.99, -11.45, -11.85, -12.73, -12.9, -13.03, -13.11, -5.55, -5.54, -5.52, -5.49, -5.99, -5.86, -6.58, -6.21, -6.0, -6.42, -7.18, -7.8, -8.07, -8.24, -11.65, -12.58, -12.86, -13.08, -13.22, -13.29, -5.57, -5.56, -5.55, -5.53, -6.05, -5.91, -5.68, -5.89, -4.79, -6.14, -7.31, -8.17, -8.52, -8.61, -12.29, -12.68, -13.06, -13.33, -13.49, -13.53, -5.58, -5.58, -5.58, -5.57, -5.55, -6.03, -5.85, -5.53, -5.24, -6.59, -7.73, -8.8, -9.29, -9.62, -12.29, -12.85, -13.37, -13.72, -13.85, -13.83, -5.59, -5.6, -5.61, -5.62, -5.64, -6.22, -6.14, -6.04, -5.99, -7.28, -8.17, -9.81, -10.86, -9.83, -12.29, -13.12, -13.9, -14.34, -14.37, -14.19, -5.6, -5.61, -5.63, -5.66, -5.72, -5.8, -6.46, -6.51, -6.54, -6.56, -8.54, -9.22, -10.0, -11.32, -12.31, -13.53, -14.8, -15.34, -15.03, -14.57, -10.17, -5.61, -5.63, -5.68, -5.75, -5.9, -6.8, -6.92, -7.0, -7.19, -7.08, -8.11, -10.58, -11.15, -12.27, -13.95, -16.11, -16.91, -17.18, -16.82, -10.21, -10.03, -9.8, -9.32, -9.22, -6.45, -6.73, -7.14, -7.53, -7.2, -7.09, -8.56, -8.97, -11.36, -13.84, -15.13, -16.67, -17.23, -16.4, -15.84, -10.28, -10.08, -9.81, -9.45, -8.89, -8.9, -9.24, -6.86, -9.54, -7.19, -9.41, -10.52, -12.73, -11.67, -13.98, -14.83, -15.72, -16.12, -15.93, -15.63, -13.6, -13.29, -12.82, -9.39, -8.6, -7.97, -9.14, -10.4, -11.39, -10.95, -10.4, -11.83, -13.77, -12.25, -14.13, -14.6, -15.12, -15.43, -15.46, -15.35, -13.71, -13.42, -12.96, -12.13, -10.38, -5.27, -11.68, -14.91, -13.11, -12.8, -14.79, -11.49, -12.05, -11.82, -14.17, -14.45, -14.78, -15.01, -15.11, -15.1, -13.9, -13.69, -13.37, -12.87, -12.04, -11.62, -14.11, -16.82, -17.82, -19.14, -15.44, -14.74, -14.46, -11.4, -14.14, -14.35, -14.57, -16.27, -16.29, -16.29, -14.13, -14.04, -13.94, -13.9, -14.15, -15.32, -17.12, -17.48, -17.74, -16.97, -18.99, -15.02, -14.65, -12.44, -12.37, -15.8, -15.85, -15.92, -15.97, -16.01, -14.38, -14.39, -14.48, -14.73, -15.39, -16.89, -19.4, -17.69, -17.2, -16.83, -19.08, -16.5, -16.11, -15.79, -12.29, -15.35, -15.44, -15.55, -15.66, -15.75, -14.6, -14.69, -14.86, -15.2, -15.81, -16.73, -17.44, -16.22, -15.31, -14.57, -14.02, -11.17, -15.66, -15.28, -15.05, -14.83, -14.99, -15.18, -15.35, -15.49, -14.78, -14.9, -9.67, -10.05, -10.55, -14.67, -14.49, -13.85, -13.13, -12.7, -10.07, -10.39, -10.73, -10.54, -10.88, -13.64, -13.81, -13.98, -14.57, -14.74, -9.0, -9.11, -9.24, -9.36, -13.21, -12.78, -11.98, -10.91, -10.21, -10.33, -8.82, -9.68, -10.44, -11.11, -11.04, -11.9, -11.79, -11.69, -11.61, -11.54, -8.76, -8.78, -8.76, -8.66, -11.96, -11.04, -9.52, -7.47, -6.41, -6.41, -7.94, -9.05, -10.2, -10.88, -12.07, -11.95, -11.79, -11.67, -11.58, -11.52, -8.52, -8.45, -8.32, -11.75, -10.99, -9.76, -7.75, -4.46, -1.35, -4.79, -5.86, -7.53, -9.28, -10.55, -11.98, -11.87, -11.74, -11.63, -11.55, -11.48, -8.29, -8.17, -10.25, -9.8, -9.12, -8.1, -6.57, -4.4, -2.41, -4.25, -6.12, -7.55, -9.09, -10.12, -11.8, -11.75, -11.67, -11.58, -11.49, -11.43, -10.61, -10.39, -10.09, -9.68, -9.11, -8.33, -7.34, -6.32, -4.88, -5.74, -6.86, -7.84, -9.07, -11.68, -11.69, -11.67, -11.63, -11.54, -11.43, -11.36, -10.53, -10.32, -10.06, -9.73, -9.32, -8.84, -8.34, -5.73, -6.8, -7.3, -7.86, -8.36, -13.44, -11.59, -11.62, -11.67, -11.68, -11.54, -11.35, -11.26, -10.49, -10.32, -10.12, -6.55, -6.59, -6.68, -6.87, -7.19, -7.62, -7.91, -7.9, -9.75, -11.98, -11.52, -11.58, -11.75, -12.03, -11.58, -11.19, -11.11, -6.71, -6.75, -6.81, -6.91, -7.07, -7.33, -7.76, -8.42, -9.25, -9.67, -9.19, -12.16, -12.0, -11.8, -11.69, -11.66, -13.13, -10.91, -10.79, -10.92, -6.87, -6.95, -7.06, -7.21, -7.44, -7.8, -8.35, -9.24, -10.66, -11.82, -10.22, -12.0, -12.03, -11.76, -11.55, -11.32, -10.41, -9.39, -10.44, -10.77, -7.01, -7.11, -7.24, -7.43, -7.69, -8.06, -8.6, -9.41, -10.68, -11.66, -11.97, -11.64, -11.69, -11.73, -11.46, -10.19, -10.0, -9.81, -10.51, -10.75, -7.12, -7.23, -7.38, -7.56, -7.81, -8.13, -8.55, -9.07, -9.61, -9.74, -11.05, -10.98, -11.21, -9.53, -9.8, -9.95, -9.95, -9.92, -9.94, -9.99, -7.21, -7.32, -7.46, -7.63, -7.84, -8.09, -8.37, -8.61, -8.71, -10.03, -9.7, -8.92, -8.97, -8.9, -9.57, -9.76, -9.84, -9.88, -9.91, -9.93, -7.27, -7.38, -7.5, -7.65, -7.82, -8.0, -8.17, -8.25, -8.17, -8.86, -7.61, -8.36, -8.7, -8.78, -9.39, -9.6, -9.72, -9.79, -9.84, -9.87, -7.31, -7.41, -7.52, -7.65, -7.78, -7.91, -8.0, -8.03, -8.77, -8.2, -7.83, -8.27, -8.58, -8.71, -9.26, -9.47, -9.61, -9.7, -9.76, -9.81, -7.33, -7.42, -7.52, -7.62, -7.73, -7.82, -7.88, -7.89, -8.76, -8.47, -8.33, -8.44, -8.6, -8.69, -9.19, -9.39, -9.53, -9.63, -9.7, -9.74, -7.35, -7.42, -7.51, -7.59, -7.68, -7.75, -7.79, -9.0, -8.83, -8.67, -8.58, -8.6, -8.67, -8.72, -9.17, -9.33, -9.46, -9.56, -9.64, -9.69]}, {"header": {"refTime": "2023-09-02T05:00:00.000Z", "nx": 21, "ny": 33, "lo1": 113.509, "la1": 22.2235, "lo2": 113.5947, "la2": 22.1034, "dx": 0.0042850000000001385, "dy": 0.003753125000000024, "parameterCategory": 2, "parameterCategoryName": "Temperature", "parameterNumber": 3}, "data": [-0.86, -0.83, -0.79, 0.35, 0.35, -1.01, -0.94, -0.88, -0.89, -0.48, -0.66, -0.84, -1.26, -1.33, -1.34, -1.26, -0.98, -0.89, -0.81, -0.76, -0.88, -0.85, -0.81, -0.75, 0.34, 0.33, -0.85, -0.69, -0.6, -0.39, -0.67, -0.95, -1.41, -1.47, -1.44, -1.11, -0.96, -0.84, -0.76, -0.71, -0.91, -0.88, -0.84, -0.79, 0.33, 0.32, 0.3, -0.53, -0.03, -0.31, -0.74, -1.16, -1.67, -1.68, -1.36, -1.11, -0.91, -0.76, -0.68, -0.63, -0.95, -0.93, -0.89, -0.84, -0.77, 0.31, 0.3, 0.28, 0.27, -0.39, -0.88, -1.52, -2.14, -1.59, -1.42, -1.06, -0.8, -0.63, -0.56, -0.54, -1.0, -0.98, -0.95, -0.91, -0.85, 0.29, 0.28, 0.3, 0.35, -0.42, -0.92, -1.77, -2.92, -1.84, -1.38, -0.92, -0.6, -0.44, -0.4, -0.42, -1.05, -1.04, -1.02, -1.0, -0.95, -0.89, 0.24, 0.24, 0.34, 0.57, -0.31, -1.15, -2.03, -1.65, -1.15, -0.68, -0.3, -0.14, -0.2, -0.3, -0.22, -1.11, -1.11, -1.1, -1.07, -1.01, -0.44, 0.05, 0.14, 0.82, 1.17, -0.02, -0.72, -0.83, -0.81, -0.43, 0.08, 0.27, -0.01, -0.2, -0.22, -0.28, -0.35, -0.64, -0.66, -0.7, -0.57, -0.5, -0.39, 0.9, 1.67, 1.13, 1.0, -0.22, 0.78, 0.75, 0.7, 0.68, 0.71, 0.72, -0.2, -0.27, -0.37, -0.49, -0.8, -0.78, -0.62, -0.52, 0.49, 0.75, 1.39, 1.13, 0.99, 1.06, 0.79, 0.76, 0.73, 0.72, 0.72, 0.73, 0.7, 0.6, 0.44, -0.54, -0.82, -1.14, -0.73, -0.28, 1.04, 1.17, 1.26, 1.12, 1.0, 1.06, 0.8, 0.77, 0.75, 0.74, 0.74, 0.74, 0.74, 0.65, 0.49, 0.22, -0.37, -2.08, 0.04, 1.08, 0.51, 1.42, 1.72, 1.15, 1.1, 1.1, 0.8, 0.78, 0.77, 0.76, 0.75, 0.75, 0.81, 0.74, 0.64, 0.47, 0.19, 0.05, 0.86, 1.67, 1.95, 2.27, 1.81, 1.32, 1.23, 1.14, 0.8, 0.78, 0.77, 0.19, 0.19, 0.18, 0.89, 0.86, 0.84, 0.83, 0.92, 1.33, 1.96, 1.95, 1.96, 1.75, 2.19, 1.41, 1.32, 0.22, 0.17, 0.08, 0.08, 0.08, 0.09, 0.09, 0.98, 0.98, 1.02, 1.11, 1.35, 1.89, 2.83, 2.11, 1.87, 1.73, 2.25, 0.82, 0.62, 0.46, -0.02, -0.09, -0.07, -0.05, -0.02, 0.01, 1.05, 1.08, 1.15, 1.27, 1.49, 1.82, 2.07, 1.39, 0.98, 0.68, 0.45, -1.12, 0.4, 0.21, 0.09, -0.29, -0.24, -0.18, -0.12, -0.08, 1.11, 1.16, -0.86, -0.72, -0.54, 0.77, 0.7, 0.43, 0.13, -0.05, -1.5, -1.45, -1.41, -1.67, -1.57, 0.87, 1.23, 1.59, 1.82, 2.03, -1.13, -1.09, -1.05, -1.02, 0.18, 0.01, -0.31, -0.75, -1.03, -0.99, -1.99, -1.75, -1.57, -1.44, -0.69, 0.41, 1.01, 1.47, 1.8, 2.02, -1.24, -1.24, -1.26, -1.32, -0.32, -0.69, -1.3, -2.11, -2.54, -2.71, -2.21, -2.0, -1.69, -0.78, -1.19, 0.22, 1.08, 1.62, 1.96, 2.17, -1.35, -1.39, -1.46, -0.41, -0.72, -1.21, -2.0, -3.31, -4.59, -3.33, -3.28, -2.76, -0.63, -0.5, 0.11, 0.74, 1.46, 1.94, 2.22, 2.38, -1.45, -1.51, -1.26, -1.44, -1.7, -2.08, -2.67, -3.48, -4.35, -3.78, -3.2, -2.75, -0.33, 0.04, 1.26, 1.63, 2.09, 2.4, 2.57, 2.63, -1.15, -1.24, -1.36, -1.53, -1.75, -2.05, -2.43, -2.82, -3.58, -3.32, -2.96, -2.66, 0.11, 1.97, 2.16, 2.5, 2.82, 2.96, 2.96, 2.9, -1.21, -1.3, -1.41, -1.55, -1.72, -1.92, -2.13, -2.57, -2.98, -2.83, -2.65, -2.5, 1.87, 2.54, 2.86, 3.29, 3.61, 3.56, 3.32, 3.12, -1.25, -1.33, -1.42, -1.98, -2.02, -2.05, -2.06, -2.01, -1.92, -1.81, -1.74, 0.23, 2.47, 2.94, 3.35, 3.97, 4.62, 4.15, 3.54, 3.25, -1.78, -1.78, -1.79, -1.79, -1.78, -1.75, -1.69, -1.58, -1.44, -1.35, -1.35, 1.9, 2.33, 2.96, 3.58, 4.21, 6.26, 3.85, 3.39, 3.23, -1.67, -1.66, -1.65, -1.62, -1.57, -1.51, -1.41, -1.28, -1.12, -1.02, -1.07, 1.64, 2.49, 2.81, 3.35, 3.75, 3.32, 2.36, 3.08, 3.14, -1.58, -1.55, -1.51, -1.46, -1.39, -1.3, -1.19, -1.06, -0.96, -0.91, 0.75, 1.57, 2.32, 2.65, 3.09, 3.65, 3.41, 3.2, 3.05, 3.09, -1.49, -1.45, -1.39, -1.33, -1.24, -1.13, -1.0, -0.85, -0.72, -0.6, 1.15, 1.64, 2.21, 3.2, 3.39, 3.46, 3.42, 3.37, 3.4, 3.45, -1.41, -1.36, -1.29, -1.21, -1.11, -0.98, -0.82, -0.63, -0.39, 1.27, 1.43, 0.52, 0.43, 0.36, 3.21, 3.32, 3.36, 3.38, 3.4, 3.43, -1.34, -1.28, -1.21, -1.12, -1.01, -0.86, -0.69, -0.45, -0.1, 1.44, 1.13, 0.77, 0.55, 0.44, 3.07, 3.21, 3.29, 3.34, 3.37, 3.39, -1.28, -1.22, -1.14, -1.05, -0.93, -0.79, -0.6, -0.36, 0.61, 0.86, 1.02, 0.79, 0.6, 0.48, 2.98, 3.13, 3.22, 3.28, 3.33, 3.36, -1.24, -1.17, -1.09, -1.0, -0.88, -0.75, -0.58, -0.37, 0.59, 0.72, 0.77, 0.7, 0.58, 0.49, 2.93, 3.07, 3.17, 3.23, 3.28, 3.32, -1.2, -1.13, -1.06, -0.97, -0.86, -0.74, -0.59, 0.47, 0.55, 0.61, 0.63, 0.6, 0.54, 0.48, 2.91, 3.03, 3.12, 3.19, 3.25, 3.28]}, {"header": {"refTime": "2023-09-02T05:00:00.000Z", "nx": 21, "ny": 33, "lo1": 113.509, "la1": 22.2235, "lo2": 113.5947, "la2": 22.1034, "dx": 0.0042850000000001385, "dy": 0.003753125000000024, "parameterCategory": 0, "parameterCategoryName": "Temperature", "parameterNumber": 0}, "data": [[25.14, 25.15, 25.15, 25.05, 25.07, 25.2, 25.21, 25.22, 25.23, 25.2, 25.19, 25.19, 25.28, 25.27, 25.21, 25.2, 25.17, 25.16, 25.15, 25.15], [25.14, 25.14, 25.15, 25.15, 25.06, 25.08, 25.21, 25.23, 25.24, 25.22, 25.2, 25.19, 25.28, 25.27, 25.21, 25.17, 25.16, 25.15, 25.15, 25.15], [25.14, 25.14, 25.14, 25.15, 25.06, 25.08, 25.11, 25.24, 25.29, 25.23, 25.2, 25.19, 25.28, 25.28, 25.19, 25.17, 25.16, 25.15, 25.14, 25.14], [25.14, 25.14, 25.14, 25.14, 25.15, 25.06, 25.09, 25.13, 25.17, 25.2, 25.18, 25.19, 25.28, 25.18, 25.19, 25.17, 25.15, 25.13, 25.13, 25.13], [25.14, 25.14, 25.13, 25.13, 25.13, 25.03, 25.05, 25.06, 25.06, 25.15, 25.16, 25.18, 25.25, 25.19, 25.19, 25.16, 25.13, 25.12, 25.11, 25.12], [25.13, 25.13, 25.13, 25.13, 25.12, 25.11, 25.0, 25.0, 24.99, 24.97, 25.08, 25.15, 25.21, 25.27, 25.18, 25.14, 25.1, 25.09, 25.09, 25.11], [25.07, 25.13, 25.13, 25.12, 25.12, 25.1, 24.95, 24.95, 24.93, 24.91, 24.92, 25.09, 25.24, 25.25, 25.17, 25.12, 25.06, 25.04, 25.06, 25.07], [25.07, 25.07, 25.07, 25.07, 25.07, 24.99, 24.96, 24.93, 24.91, 24.9, 24.85, 25.08, 25.08, 25.25, 25.07, 25.1, 25.05, 25.04, 25.06, 25.08], [25.03, 25.03, 25.09, 25.09, 25.09, 25.08, 25.04, 24.95, 24.87, 24.92, 24.95, 25.01, 25.04, 25.0, 25.08, 25.1, 25.08, 25.07, 25.07, 25.08], [25.2, 25.2, 25.2, 25.06, 25.08, 25.13, 25.1, 25.04, 24.84, 24.85, 25.04, 24.98, 25.0, 24.99, 25.08, 25.11, 25.1, 25.09, 25.09, 25.09], [25.2, 25.2, 25.2, 25.2, 25.2, 25.2, 25.2, 25.2, 25.09, 24.87, 24.8, 24.95, 24.97, 24.97, 25.08, 25.12, 25.11, 25.1, 25.1, 25.1], [25.2, 25.2, 25.2, 25.2, 25.2, 25.2, 25.2, 25.2, 25.2, -999.0, 24.8, 25.2, 25.2, 24.96, 25.08, 25.13, 25.12, 24.66, 24.67, 24.67], [25.2, 25.2, 25.2, 25.2, 25.2, 25.2, 25.2, 25.2, 25.2, 25.2, -999.0, 25.2, 25.2, 24.68, 24.91, 24.78, 24.79, 24.71, 24.72, 24.73], [25.2, 25.2, 25.2, 25.2, 25.2, 25.2, 25.2, 25.2, 25.2, 25.2, -999.0, 24.4, 24.4, 24.4, 24.84, 24.73, 24.74, 24.67, 24.68, 24.69], [25.2, 25.2, 25.2, 25.2, 25.2, 25.2, 25.2, 25.1, 25.1, 25.1, 25.1, 24.83, 24.4, 24.4, 24.4, 24.67, 24.69, 24.62, 24.64, 24.66], [25.2, 25.2, 25.14, 25.14, 25.13, 25.1, 25.1, 25.1, 25.1, 25.1, 24.66, 24.71, 24.64, 24.58, 24.65, 24.51, 24.53, 24.5, 24.64, 24.65], [25.14, 25.14, 25.16, 25.16, 25.1, 25.1, 25.1, 25.1, 25.1, 25.1, 24.8, 24.71, 24.62, 24.54, 24.52, 24.49, 24.52, 24.55, 24.56, 24.58], [25.16, 25.16, 25.16, 25.16, 25.1, 25.1, 25.1, 25.1, 25.1, 24.92, 24.83, 24.72, 24.61, 24.52, 24.42, 24.48, 24.52, 24.55, 24.57, 24.58], [25.16, 25.16, 25.16, 25.1, 25.1, 25.1, 25.1, 25.1, 25.04, 24.96, 24.88, 24.79, 24.65, 24.56, 24.47, 24.5, 24.54, 24.57, 24.58, 24.59], [25.16, 25.16, 25.04, 25.05, 25.05, 25.05, 25.06, 25.08, 25.02, 24.96, 24.89, 24.81, 24.68, 24.62, 24.53, 24.55, 24.57, 24.59, 24.6, 24.61], [25.04, 25.04, 25.04, 25.06, 25.06, 25.06, 25.07, 25.07, 24.97, 24.94, 24.89, 24.84, 24.7, 24.57, 24.58, 24.59, 24.61, 24.62, 24.62, 24.62], [25.05, 25.05, 25.05, 25.06, 25.06, 25.06, 25.06, 25.03, 24.94, 24.92, 24.89, 24.86, 24.69, 24.6, 24.61, 24.63, 24.64, 24.64, 24.64, 24.64], [25.05, 25.05, 25.05, 25.01, 25.01, 25.02, 25.02, 25.02, 25.01, 25.01, 25.01, 24.95, 24.81, 24.62, 24.63, 24.65, 24.67, 24.67, 24.66, 24.65], [25.01, 25.01, 25.01, 25.01, 25.01, 25.01, 25.01, 25.01, 25.0, 25.0, 25.0, 24.9, 24.82, 24.78, 24.76, 24.67, 24.69, 24.68, 24.67, 24.66], [25.0, 25.0, 25.0, 25.0, 25.0, 25.0, 25.0, 25.0, 25.0, 25.0, 24.99, 24.91, 24.88, 24.79, 24.76, 24.73, 24.68, 24.69, 24.67, 24.66], [25.0, 25.0, 25.0, 25.0, 25.0, 24.99, 24.99, 24.99, 24.99, 24.99, 24.94, 24.91, 24.89, 24.79, 24.77, 24.73, 24.72, 24.72, 24.67, 24.66], [25.0, 25.0, 25.0, 24.99, 24.99, 24.99, 24.99, 24.98, 24.98, 24.98, 24.92, 24.91, 24.89, 24.77, 24.75, 24.74, 24.73, 24.73, 24.73, 24.73], [25.0, 24.99, 24.99, 24.99, 24.99, 24.98, 24.98, 24.97, 24.97, 24.91, 24.91, 24.9, 24.89, 24.87, 24.77, 24.75, 24.74, 24.74, 24.74, 24.74], [24.99, 24.99, 24.99, 24.99, 24.98, 24.98, 24.97, 24.97, 24.95, 24.9, 24.9, 24.9, 24.89, 24.87, 24.78, 24.76, 24.75, 24.75, 24.74, 24.74], [24.99, 24.99, 24.99, 24.98, 24.98, 24.98, 24.97, 24.96, 24.9, 24.9, 24.9, 24.89, 24.89, 24.88, 24.78, 24.77, 24.76, 24.75, 24.75, 24.75], [24.99, 24.99, 24.99, 24.98, 24.98, 24.98, 24.97, 24.96, 24.9, 24.9, 24.9, 24.89, 24.89, 24.88, 24.79, 24.77, 24.77, 24.76, 24.76, 24.75], [24.99, 24.99, 24.98, 24.98, 24.98, 24.97, 24.97, 24.9, 24.9, 24.89, 24.89, 24.89, 24.88, 24.88, 24.79, 24.78, 24.77, 24.76, 24.76, 24.76]]}]