gis_exercise/awsData/contour/wdir_2023090313.json
[{"header": {"refTime": "2023-09-03T13:00:00.000Z", "nx": 21, "ny": 33, "lo1": 113.509, "la1": 22.2235, "lo2": 113.5947, "la2": 22.1034, "dx": 0.0042850000000001385, "dy": 0.003753125000000024, "parameterCategory": 2, "parameterCategoryName": "Temperature", "parameterNumber": 2}, "data": [-2.55, -2.55, -2.55, -2.46, -2.45, -2.86, -2.8, -2.74, -2.72, -2.36, -2.42, -2.48, -2.78, -2.81, -3.37, -3.43, -3.61, -3.64, -3.66, -3.68, -2.55, -2.55, -2.55, -2.55, -2.46, -2.43, -2.76, -2.64, -2.57, -2.32, -2.42, -2.51, -2.82, -2.86, -3.4, -3.59, -3.64, -3.67, -3.69, -3.7, -2.56, -2.56, -2.56, -2.56, -2.48, -2.45, -2.39, -2.56, -2.24, -2.29, -2.44, -2.58, -2.9, -2.92, -3.55, -3.61, -3.67, -3.71, -3.74, -3.74, -2.55, -2.56, -2.57, -2.57, -2.58, -2.49, -2.44, -2.37, -2.29, -2.33, -2.49, -2.71, -3.04, -2.89, -3.55, -3.63, -3.72, -3.77, -3.79, -3.79, -2.55, -2.56, -2.57, -2.59, -2.61, -2.55, -2.54, -2.5, -2.45, -2.34, -2.51, -2.92, -3.23, -2.96, -3.55, -3.68, -3.8, -3.87, -3.88, -3.85, -2.54, -2.55, -2.57, -2.59, -2.63, -2.69, -2.66, -2.67, -2.61, -2.45, -2.5, -2.77, -3.01, -3.39, -3.55, -3.74, -3.95, -4.03, -3.98, -3.91, -3.9, -2.54, -2.55, -2.58, -2.62, -2.72, -2.71, -2.92, -2.89, -2.52, -2.26, -2.49, -3.27, -3.36, -3.54, -3.81, -4.15, -4.28, -4.32, -4.26, -3.9, -3.84, -3.77, -3.51, -3.5, -2.53, -2.71, -3.07, -3.43, -2.45, -1.86, -2.65, -2.84, -3.39, -3.78, -3.99, -4.24, -4.33, -4.2, -4.11, -3.9, -3.83, -3.74, -3.62, -3.34, -3.38, -3.57, -2.81, -3.58, -2.57, -2.55, -2.98, -3.47, -3.24, -3.81, -3.94, -4.09, -4.15, -4.12, -4.07, -4.58, -4.48, -4.33, -3.56, -3.27, -2.97, -3.4, -3.86, -3.93, -3.66, -2.83, -3.21, -3.63, -3.33, -3.83, -3.9, -3.99, -4.04, -4.04, -4.03, -4.61, -4.52, -4.38, -4.12, -3.58, -1.99, -3.96, -4.92, -4.54, -4.21, -4.06, -3.12, -3.26, -3.22, -3.83, -3.88, -3.93, -3.97, -3.99, -3.99, -4.67, -4.61, -4.51, -4.36, -4.1, -3.97, -4.72, -5.48, -5.73, -5.92, -4.35, -4.37, -4.24, -3.12, -3.83, -3.86, -3.9, -4.24, -4.25, -4.25, -4.75, -4.72, -4.7, -4.69, -4.78, -5.16, -5.74, -5.73, -5.75, -5.54, -5.82, -4.5, -4.35, -3.64, -3.63, -4.19, -4.19, -4.2, -4.21, -4.22, -4.83, -4.84, -4.87, -4.95, -5.18, -5.68, -6.55, -5.88, -5.66, -5.53, -5.89, -4.84, -4.69, -4.59, -3.64, -4.14, -4.15, -4.16, -4.17, -4.19, -4.9, -4.93, -4.99, -5.1, -5.31, -5.61, -5.85, -4.82, -4.36, -4.01, -3.74, -2.68, -4.61, -4.5, -4.43, -4.08, -4.1, -4.12, -4.14, -4.16, -4.95, -5.0, -2.56, -2.7, -2.87, -4.1, -4.01, -3.7, -3.35, -3.14, -2.12, -2.35, -2.61, -2.47, -2.68, -4.05, -4.09, -4.13, -4.24, -4.27, -2.25, -2.28, -2.3, -2.32, -3.4, -3.2, -2.82, -2.31, -1.98, -2.03, -1.55, -2.05, -2.53, -2.98, -3.09, -3.71, -3.68, -3.65, -3.63, -3.62, -2.1, -2.08, -2.04, -1.94, -2.81, -2.37, -1.66, -0.69, -0.19, -0.4, -1.21, -1.77, -2.45, -3.01, -3.7, -3.72, -3.68, -3.65, -3.63, -3.61, -1.96, -1.9, -1.79, -2.71, -2.35, -1.77, -0.82, 0.72, 2.14, 0.4, -0.47, -1.37, -2.11, -2.81, -3.73, -3.7, -3.67, -3.64, -3.62, -3.6, -1.83, -1.74, -2.46, -2.23, -1.89, -1.38, -0.6, 0.51, 1.43, 0.41, -0.63, -1.41, -1.99, -2.54, -3.69, -3.68, -3.66, -3.63, -3.61, -3.59, -2.68, -2.57, -2.42, -2.22, -1.94, -1.56, -1.06, -0.54, 0.03, -0.45, -1.07, -1.59, -1.95, -3.66, -3.66, -3.66, -3.65, -3.62, -3.59, -3.57, -2.66, -2.57, -2.45, -2.3, -2.1, -1.88, -1.65, -0.62, -1.08, -1.35, -1.66, -1.91, -4.48, -3.64, -3.65, -3.67, -3.68, -3.63, -3.57, -3.54, -2.67, -2.6, -2.52, -1.12, -1.14, -1.19, -1.29, -1.47, -1.72, -1.89, -1.89, -2.58, -4.07, -3.62, -3.64, -3.7, -3.79, -3.65, -3.52, -3.5, -1.23, -1.25, -1.28, -1.34, -1.43, -1.58, -1.82, -2.19, -2.66, -2.9, -2.64, -4.1, -4.09, -3.94, -3.83, -3.68, -4.15, -3.44, -3.4, -3.44, -1.33, -1.37, -1.43, -1.52, -1.65, -1.86, -2.17, -2.67, -3.47, -4.13, -3.24, -4.05, -3.97, -3.94, -3.8, -3.66, -3.28, -2.95, -3.29, -3.39, -1.41, -1.47, -1.55, -1.65, -1.8, -2.02, -2.33, -2.79, -3.5, -4.05, -4.14, -3.89, -3.83, -3.94, -3.79, -3.14, -3.1, -3.04, -3.31, -3.38, -1.48, -1.55, -1.63, -1.74, -1.89, -2.07, -2.32, -2.62, -2.93, -3.01, -3.65, -3.56, -3.61, -2.82, -2.95, -3.03, -3.06, -3.05, -3.06, -3.07, -1.54, -1.6, -1.69, -1.79, -1.92, -2.07, -2.23, -2.39, -2.46, -3.15, -2.97, -2.75, -2.81, -2.82, -2.85, -2.94, -2.99, -3.02, -3.03, -3.04, -1.58, -1.64, -1.72, -1.81, -1.91, -2.03, -2.13, -2.2, -2.19, -2.57, -2.01, -2.45, -2.66, -2.74, -2.77, -2.87, -2.93, -2.97, -2.99, -3.0, -1.61, -1.67, -1.74, -1.81, -1.9, -1.98, -2.05, -2.09, -2.66, -2.34, -2.15, -2.4, -2.6, -2.7, -2.71, -2.81, -2.88, -2.92, -2.95, -2.97, -1.62, -1.68, -1.74, -1.81, -1.87, -1.94, -1.99, -2.01, -2.67, -2.51, -2.43, -2.51, -2.61, -2.69, -2.68, -2.77, -2.84, -2.88, -2.92, -2.94, -1.63, -1.68, -1.74, -1.79, -1.85, -1.9, -1.94, -2.8, -2.71, -2.62, -2.58, -2.6, -2.65, -2.7, -2.67, -2.74, -2.81, -2.85, -2.89, -2.91]}, {"header": {"refTime": "2023-09-03T13:00:00.000Z", "nx": 21, "ny": 33, "lo1": 113.509, "la1": 22.2235, "lo2": 113.5947, "la2": 22.1034, "dx": 0.0042850000000001385, "dy": 0.003753125000000024, "parameterCategory": 2, "parameterCategoryName": "Temperature", "parameterNumber": 3}, "data": [0.42, 0.4, 0.36, 0.34, 0.28, 0.12, 0.03, -0.05, -0.08, -0.16, -0.06, 0.04, 0.25, 0.32, 0.57, 0.66, 1.35, 1.38, 1.41, 1.43, 0.44, 0.42, 0.38, 0.33, 0.29, 0.2, -0.01, -0.18, -0.29, -0.27, -0.08, 0.07, 0.29, 0.36, 0.61, 1.3, 1.36, 1.41, 1.44, 1.45, 0.47, 0.45, 0.42, 0.37, 0.33, 0.23, 0.06, -0.28, -0.72, -0.35, -0.05, 0.13, 0.36, 0.42, 1.22, 1.31, 1.39, 1.44, 1.47, 1.49, 0.5, 0.48, 0.46, 0.43, 0.38, 0.33, 0.19, -0.04, -0.26, -0.2, 0.07, 0.25, 0.46, 0.82, 1.21, 1.34, 1.43, 1.5, 1.52, 1.53, 0.53, 0.53, 0.52, 0.5, 0.47, 0.46, 0.41, 0.33, 0.29, 0.06, 0.22, 0.79, 0.66, 0.8, 1.22, 1.39, 1.52, 1.59, 1.6, 1.58, 0.57, 0.57, 0.57, 0.58, 0.58, 0.59, 0.65, 0.69, 0.7, 0.68, 0.93, 0.87, 0.78, 1.07, 1.28, 1.47, 1.65, 1.72, 1.69, 1.63, 1.12, 0.61, 0.62, 0.64, 0.67, 0.73, 1.25, 1.01, 1.06, 1.27, 1.19, 1.03, 1.27, 1.27, 1.37, 1.56, 1.83, 1.92, 1.85, 1.78, 1.11, 1.11, 1.11, 1.22, 1.23, 1.16, 1.24, 1.4, 1.57, 1.24, 1.03, 1.41, 1.49, 1.43, 1.84, 1.92, 2.01, 2.04, 1.99, 1.96, 1.09, 1.09, 1.08, 1.07, 1.17, 1.2, 1.28, 1.29, 1.42, 1.3, 1.33, 1.52, 1.71, 1.62, 1.85, 1.9, 1.95, 1.98, 1.96, 1.95, 1.01, 1.01, 0.99, 1.03, 1.0, 1.06, 1.17, 1.3, 1.37, 1.32, 1.45, 1.6, 1.76, 1.65, 1.86, 1.89, 1.92, 1.93, 1.94, 1.93, 1.01, 1.01, 0.99, 0.97, 0.93, 0.79, 0.98, 1.11, 1.33, 1.34, 1.47, 1.56, 1.62, 1.6, 1.86, 1.88, 1.9, 1.91, 1.92, 1.92, 1.02, 1.01, 1.0, 0.98, 0.96, 0.95, 1.04, 1.2, 1.28, 1.44, 1.47, 1.66, 1.69, 1.57, 1.86, 1.87, 1.88, 1.55, 1.55, 1.54, 1.02, 1.01, 1.01, 1.0, 1.0, 1.01, 1.04, 1.16, 1.24, 1.18, 1.46, 1.63, 1.66, 1.3, 1.26, 1.42, 1.43, 1.44, 1.45, 1.46, 1.02, 1.02, 1.02, 1.02, 1.02, 1.02, 1.0, 1.09, 1.14, 1.14, 1.43, 1.24, 1.2, 1.15, 1.12, 1.27, 1.29, 1.32, 1.35, 1.38, 1.03, 1.03, 1.03, 1.03, 1.03, 1.03, 1.04, 0.69, 0.63, 0.56, 0.5, 0.21, 1.06, 0.99, 0.94, 1.09, 1.14, 1.2, 1.25, 1.3, 1.03, 1.03, 0.3, 0.31, 0.32, 0.5, 0.48, 0.42, 0.35, 0.32, 0.07, 0.1, 0.12, 0.26, 0.28, 1.03, 1.16, 1.27, 1.41, 1.5, 0.23, 0.23, 0.22, 0.2, 0.34, 0.29, 0.2, 0.08, 0.0, 0.03, -0.1, -0.01, 0.07, 0.12, 0.32, 0.55, 0.67, 0.76, 0.83, 0.87, 0.18, 0.17, 0.14, 0.1, 0.2, 0.09, -0.09, -0.33, -0.45, -0.51, -0.34, -0.09, 0.02, 0.29, 0.22, 0.51, 0.69, 0.8, 0.86, 0.9, 0.14, 0.12, 0.08, 0.18, 0.09, -0.06, -0.29, -0.69, -1.07, -0.69, -0.67, -0.48, 0.28, 0.36, 0.49, 0.62, 0.77, 0.87, 0.92, 0.95, 0.1, 0.07, -0.27, -0.32, -0.38, -0.48, -0.63, -0.83, -1.01, -0.84, -0.66, -0.5, 0.35, 0.48, 0.73, 0.81, 0.91, 0.97, 0.99, 1.0, -0.25, -0.27, -0.31, -0.35, -0.41, -0.48, -0.58, -0.68, -0.81, -0.73, -0.62, -0.5, 0.47, 0.88, 0.93, 1.0, 1.07, 1.09, 1.07, 1.05, -0.27, -0.3, -0.32, -0.36, -0.41, -0.46, -0.52, -0.54, -0.67, -0.63, -0.56, -0.49, 0.86, 1.0, 1.08, 1.19, 1.26, 1.23, 1.15, 1.09, -0.29, -0.31, -0.33, -0.35, -0.36, -0.38, -0.4, -0.4, -0.39, -0.36, -0.33, 0.22, 0.75, 1.08, 1.19, 1.36, 1.55, 1.38, 1.17, 1.1, -0.27, -0.28, -0.28, -0.29, -0.3, -0.3, -0.3, -0.3, -0.29, -0.28, -0.25, 0.78, 0.7, 0.9, 1.11, 1.4, 2.11, 1.21, 1.08, 1.06, -0.24, -0.24, -0.24, -0.24, -0.23, -0.23, -0.22, -0.22, -0.25, -0.28, -0.2, 0.7, 1.0, 0.85, 1.03, 1.15, 1.01, 0.63, 0.95, 1.02, -0.21, -0.2, -0.19, -0.18, -0.17, -0.16, -0.14, -0.14, -0.18, -0.23, 0.38, 0.71, 0.97, 0.8, 0.93, 1.2, 1.07, 0.98, 0.96, 1.0, -0.18, -0.17, -0.15, -0.14, -0.11, -0.09, -0.06, -0.04, -0.02, 0.03, 0.61, 0.79, 0.97, 1.2, 1.2, 1.17, 1.12, 1.09, 1.1, 1.13, -0.15, -0.13, -0.12, -0.09, -0.06, -0.02, 0.02, 0.09, 0.18, 0.74, 0.82, 0.44, 0.34, 0.26, 1.18, 1.17, 1.14, 1.13, 1.13, 1.14, -0.12, -0.1, -0.08, -0.05, -0.02, 0.03, 0.09, 0.19, 0.34, 0.9, 0.86, 0.6, 0.43, 0.32, 1.16, 1.16, 1.16, 1.15, 1.15, 1.16, -0.1, -0.08, -0.06, -0.02, 0.02, 0.07, 0.14, 0.24, 0.51, 0.68, 0.78, 0.61, 0.46, 0.35, 1.16, 1.16, 1.16, 1.16, 1.16, 1.16, -0.08, -0.06, -0.03, -0.0, 0.04, 0.09, 0.16, 0.25, 0.48, 0.57, 0.6, 0.54, 0.44, 0.36, 1.16, 1.16, 1.16, 1.16, 1.17, 1.17, -0.07, -0.05, -0.02, 0.01, 0.05, 0.1, 0.16, 0.39, 0.44, 0.49, 0.5, 0.47, 0.41, 0.35, 1.16, 1.16, 1.16, 1.17, 1.17, 1.17]}, {"header": {"refTime": "2023-09-03T13:00:00.000Z", "nx": 21, "ny": 33, "lo1": 113.509, "la1": 22.2235, "lo2": 113.5947, "la2": 22.1034, "dx": 0.0042850000000001385, "dy": 0.003753125000000024, "parameterCategory": 0, "parameterCategoryName": "Temperature", "parameterNumber": 0}, "data": [[30.08, 30.09, 30.09, 30.1, 30.12, 30.18, 30.21, 30.24, 30.26, 30.5, 30.51, 30.53, 30.66, 30.68, 29.92, 29.84, 29.93, 29.87, 29.83, 29.8], [30.08, 30.08, 30.09, 30.09, 30.11, 30.13, 30.21, 30.26, 30.29, 30.48, 30.51, 30.54, 30.67, 30.69, 29.93, 29.99, 29.89, 29.82, 29.77, 29.75], [30.08, 30.08, 30.08, 30.08, 30.09, 30.12, 30.17, 30.27, 30.37, 30.47, 30.52, 30.55, 30.68, 30.7, 30.1, 29.96, 29.84, 29.75, 29.7, 29.68], [30.08, 30.08, 30.07, 30.07, 30.07, 30.09, 30.13, 30.19, 30.25, 30.49, 30.53, 30.58, 30.7, 30.73, 30.11, 29.91, 29.74, 29.63, 29.59, 29.59], [30.08, 30.08, 30.07, 30.06, 30.05, 30.04, 30.05, 30.08, 30.11, 30.51, 30.55, 30.72, 30.71, 30.73, 30.1, 29.83, 29.59, 29.45, 29.44, 29.49], [30.08, 30.08, 30.07, 30.05, 30.03, 29.99, 29.97, 29.95, 29.99, 30.07, 30.7, 30.73, 30.73, 30.8, 30.05, 29.69, 29.32, 29.17, 29.25, 29.38], [29.96, 30.08, 30.08, 30.06, 30.03, 29.97, 29.91, 29.79, 29.8, 30.19, 30.39, 30.75, 30.87, 30.85, 30.0, 29.54, 28.95, 28.73, 28.74, 28.89], [29.99, 29.99, 30.0, 29.99, 29.96, 30.03, 29.91, 29.69, 29.53, 30.19, 30.46, 30.85, 30.85, 30.85, 29.31, 29.6, 29.01, 28.79, 29.13, 29.36], [29.81, 29.83, 30.04, 30.06, 30.07, 30.02, 29.88, 29.85, 29.68, 30.17, 30.69, 30.77, 30.8, 30.75, 29.38, 29.71, 29.36, 29.22, 29.3, 29.43], [30.5, 30.5, 30.5, 29.94, 30.02, 30.23, 30.08, 29.88, 29.98, 29.92, 30.8, 30.72, 30.75, 30.73, 29.38, 29.82, 29.6, 29.49, 29.48, 29.53], [30.5, 30.5, 30.5, 30.5, 30.5, 30.5, 30.5, 30.5, 30.07, 29.71, 30.5, 30.69, 30.71, 30.71, 29.35, 29.91, 29.75, 29.66, 29.63, 29.65], [30.5, 30.5, 30.5, 30.5, 30.5, 30.5, 30.5, 30.5, 30.5, -999.0, 30.5, 31.0, 31.0, 30.7, 29.32, 30.0, 29.9, 28.98, 28.97, 28.96], [30.5, 30.5, 30.5, 30.5, 30.5, 30.5, 30.5, 30.5, 30.5, 30.5, -999.0, 31.0, 31.0, 30.02, 30.45, 28.74, 28.73, 28.88, 28.85, 28.84], [30.5, 30.5, 30.5, 30.5, 30.5, 30.5, 30.5, 30.5, 30.5, 30.5, -999.0, 29.5, 29.5, 29.5, 30.32, 28.84, 28.82, 28.97, 28.94, 28.91], [30.5, 30.5, 30.5, 30.5, 30.5, 30.5, 30.5, 31.1, 31.1, 31.1, 31.1, 30.49, 29.5, 29.5, 29.5, 28.95, 28.91, 29.05, 29.01, 28.97], [30.5, 30.5, 30.88, 30.88, 30.9, 31.1, 31.1, 31.1, 31.1, 31.1, 30.09, 30.21, 30.05, 29.92, 30.07, 29.17, 29.12, 29.21, 28.94, 28.9], [30.89, 30.89, 30.71, 30.72, 31.1, 31.1, 31.1, 31.1, 31.1, 31.1, 30.41, 30.21, 30.0, 29.81, 29.59, 29.63, 29.67, 29.71, 29.74, 29.77], [30.71, 30.72, 30.73, 30.75, 31.1, 31.1, 31.1, 31.1, 31.1, 30.69, 30.48, 30.24, 29.99, 29.61, 29.51, 29.61, 29.67, 29.72, 29.75, 29.78], [30.73, 30.74, 30.75, 31.1, 31.1, 31.1, 31.1, 31.1, 30.96, 30.79, 30.56, 30.36, 29.78, 29.63, 29.6, 29.64, 29.69, 29.73, 29.77, 29.79], [30.73, 30.74, 30.87, 30.88, 30.9, 30.92, 30.95, 31.03, 30.91, 30.76, 30.58, 30.41, 29.78, 29.64, 29.67, 29.69, 29.72, 29.76, 29.79, 29.81], [30.86, 30.86, 30.87, 30.93, 30.94, 30.95, 30.97, 30.99, 30.76, 30.68, 30.57, 30.45, 29.75, 29.72, 29.72, 29.72, 29.74, 29.77, 29.81, 29.84], [30.91, 30.92, 30.92, 30.92, 30.92, 30.93, 30.93, 31.05, 30.68, 30.63, 30.56, 30.48, 29.6, 29.75, 29.74, 29.73, 29.73, 29.78, 29.84, 29.88], [30.91, 30.91, 30.91, 31.08, 31.07, 31.06, 31.04, 31.02, 31.0, 31.0, 31.01, 30.27, 30.21, 29.78, 29.76, 29.7, 29.61, 29.77, 29.9, 29.93], [31.1, 31.1, 31.09, 31.08, 31.07, 31.06, 31.03, 31.0, 30.95, 30.93, 30.97, 30.41, 30.23, 30.13, 30.03, 29.74, 29.22, 30.01, 30.05, 30.0], [31.11, 31.1, 31.1, 31.09, 31.08, 31.06, 31.03, 30.98, 30.89, 30.81, 30.93, 30.49, 30.32, 30.17, 30.09, 30.04, 30.18, 30.55, 30.17, 30.05], [31.11, 31.11, 31.1, 31.1, 31.09, 31.07, 31.05, 31.0, 30.92, 30.84, 30.67, 30.58, 30.43, 30.21, 30.16, 30.3, 30.35, 30.42, 30.14, 30.06], [31.12, 31.11, 31.11, 31.11, 31.1, 31.09, 31.08, 31.06, 31.04, 31.05, 30.79, 30.71, 30.55, 30.58, 30.46, 30.4, 30.39, 30.39, 30.38, 30.37], [31.12, 31.12, 31.12, 31.12, 31.12, 31.12, 31.13, 31.14, 31.17, 30.99, 31.03, 31.3, 31.28, 31.28, 30.56, 30.48, 30.44, 30.42, 30.41, 30.4], [31.13, 31.13, 31.13, 31.14, 31.14, 31.15, 31.17, 31.2, 31.26, 31.2, 31.52, 31.39, 31.33, 31.3, 30.63, 30.54, 30.49, 30.46, 30.44, 30.43], [31.14, 31.14, 31.14, 31.15, 31.16, 31.17, 31.19, 31.23, 31.33, 31.42, 31.48, 31.4, 31.34, 31.31, 30.69, 30.6, 30.54, 30.5, 30.47, 30.46], [31.14, 31.15, 31.15, 31.16, 31.17, 31.18, 31.21, 31.24, 31.33, 31.37, 31.39, 31.37, 31.34, 31.32, 30.72, 30.63, 30.57, 30.53, 30.5, 30.48], [31.15, 31.15, 31.16, 31.17, 31.18, 31.19, 31.21, 31.29, 31.32, 31.34, 31.35, 31.34, 31.33, 31.31, 30.73, 30.66, 30.6, 30.56, 30.53, 30.51]]}]