gis_exercise/awsData/contour/wdir_2023090911.json
[{"header": {"refTime": "2023-09-09T11:00:00.000Z", "nx": 21, "ny": 33, "lo1": 113.509, "la1": 22.2235, "lo2": 113.5947, "la2": 22.1034, "dx": 0.0042850000000001385, "dy": 0.003753125000000024, "parameterCategory": 2, "parameterCategoryName": "Temperature", "parameterNumber": 2}, "data": [-2.41, -2.38, -2.34, -2.28, -2.24, -2.34, -2.28, -2.21, -2.2, -2.37, -2.53, -2.69, -3.09, -3.19, -3.94, -4.09, -5.01, -5.07, -5.12, -5.16, -2.43, -2.4, -2.36, -2.31, -2.24, -2.17, -2.21, -2.07, -1.99, -2.23, -2.51, -2.74, -3.17, -3.26, -4.01, -4.94, -5.04, -5.13, -5.18, -5.21, -2.45, -2.43, -2.39, -2.35, -2.27, -2.2, -2.08, -1.95, -1.54, -2.11, -2.56, -2.86, -3.3, -3.37, -4.8, -4.96, -5.1, -5.2, -5.26, -5.28, -2.48, -2.46, -2.44, -2.4, -2.34, -2.26, -2.16, -2.0, -1.85, -2.3, -2.72, -3.07, -3.49, -3.84, -4.77, -5.01, -5.2, -5.32, -5.37, -5.38, -2.52, -2.51, -2.49, -2.46, -2.42, -2.35, -2.31, -2.26, -2.24, -2.62, -2.92, -3.83, -3.86, -3.86, -4.79, -5.11, -5.37, -5.51, -5.53, -5.49, -2.56, -2.55, -2.55, -2.53, -2.51, -2.48, -2.46, -2.48, -2.52, -2.58, -3.74, -3.82, -3.86, -4.69, -4.87, -5.27, -5.65, -5.81, -5.73, -5.6, -4.21, -2.6, -2.61, -2.61, -2.61, -2.6, -3.03, -2.65, -2.71, -3.29, -3.41, -3.84, -4.88, -5.0, -4.97, -5.44, -6.04, -6.26, -6.36, -6.27, -4.24, -4.2, -4.14, -4.09, -4.03, -3.07, -3.03, -2.96, -2.96, -3.26, -3.29, -4.62, -4.89, -5.33, -6.14, -6.31, -6.49, -6.55, -6.46, -6.39, -4.28, -4.24, -4.17, -4.09, -4.02, -3.99, -3.97, -3.01, -3.67, -3.31, -4.59, -5.22, -6.04, -5.65, -6.23, -6.3, -6.39, -6.43, -6.41, -6.37, -5.5, -5.43, -5.31, -4.13, -3.96, -3.89, -4.11, -4.33, -4.36, -4.24, -5.03, -5.63, -6.34, -5.82, -6.3, -6.3, -6.34, -6.36, -6.36, -6.34, -5.53, -5.46, -5.34, -5.13, -4.68, -3.38, -5.03, -5.88, -5.19, -4.88, -6.06, -5.49, -5.72, -5.64, -6.31, -6.3, -6.31, -6.32, -6.32, -6.32, -5.58, -5.52, -5.44, -5.31, -5.1, -4.99, -5.64, -6.4, -6.69, -7.21, -6.23, -6.48, -6.46, -5.48, -6.29, -6.29, -6.29, -6.19, -6.17, -6.15, -5.63, -5.61, -5.58, -5.57, -5.62, -5.91, -6.36, -6.53, -6.65, -6.42, -7.22, -6.5, -6.46, -5.51, -5.44, -6.05, -6.03, -6.03, -6.03, -6.04, -5.7, -5.7, -5.71, -5.77, -5.93, -6.29, -6.86, -6.52, -6.45, -6.36, -7.22, -6.32, -6.18, -6.04, -5.23, -5.79, -5.81, -5.84, -5.88, -5.91, -5.75, -5.77, -5.81, -5.89, -6.04, -6.26, -6.43, -5.91, -5.66, -5.44, -5.27, -4.17, -5.9, -5.72, -5.6, -5.49, -5.56, -5.65, -5.73, -5.79, -5.8, -5.83, -4.09, -4.19, -4.32, -5.42, -5.36, -5.17, -4.96, -4.84, -3.85, -3.89, -3.92, -4.0, -4.06, -4.73, -4.81, -4.87, -4.77, -4.83, -3.89, -3.92, -3.94, -3.96, -4.97, -4.83, -4.58, -4.25, -4.04, -4.08, -3.43, -3.63, -3.78, -3.88, -3.64, -3.79, -3.71, -3.65, -3.6, -3.57, -3.8, -3.8, -3.78, -3.72, -4.58, -4.29, -3.81, -3.17, -2.83, -2.66, -3.07, -3.42, -3.67, -3.6, -3.95, -3.81, -3.71, -3.64, -3.59, -3.55, -3.72, -3.68, -3.63, -4.52, -4.27, -3.89, -3.25, -2.21, -1.19, -2.18, -2.51, -2.95, -3.15, -3.49, -3.83, -3.75, -3.67, -3.6, -3.56, -3.53, -3.64, -3.59, -4.05, -3.91, -3.7, -3.38, -2.89, -2.21, -1.53, -2.08, -2.61, -2.99, -3.08, -3.35, -3.7, -3.66, -3.61, -3.56, -3.52, -3.49, -4.17, -4.11, -4.01, -3.88, -3.71, -3.47, -3.15, -2.83, -2.3, -2.55, -2.87, -3.12, -3.05, -3.62, -3.61, -3.58, -3.55, -3.51, -3.48, -3.45, -4.15, -4.09, -4.01, -3.91, -3.79, -3.64, -3.49, -2.51, -2.92, -3.07, -3.22, -3.33, -4.5, -3.55, -3.54, -3.53, -3.52, -3.47, -3.43, -3.41, -4.15, -4.1, -4.04, -2.69, -2.72, -2.76, -2.84, -2.97, -3.12, -3.22, -3.19, -3.67, -4.03, -3.5, -3.5, -3.52, -3.57, -3.45, -3.36, -3.35, -2.7, -2.72, -2.75, -2.79, -2.85, -2.96, -3.12, -3.36, -3.67, -3.82, -3.63, -4.2, -4.06, -3.86, -3.69, -3.47, -3.83, -3.25, -3.24, -3.29, -2.74, -2.77, -2.81, -2.86, -2.95, -3.08, -3.29, -3.62, -4.18, -4.64, -3.98, -4.17, -4.03, -3.86, -3.67, -3.5, -3.12, -2.84, -3.14, -3.25, -2.77, -2.8, -2.85, -2.91, -3.0, -3.13, -3.33, -3.64, -4.14, -4.55, -4.32, -4.02, -3.9, -3.88, -3.68, -3.0, -2.96, -2.91, -3.17, -3.24, -2.79, -2.83, -2.87, -2.93, -3.01, -3.11, -3.25, -3.43, -3.62, -3.65, -3.82, -3.7, -3.7, -2.77, -2.87, -2.92, -2.93, -2.93, -2.93, -2.94, -2.8, -2.84, -2.88, -2.93, -2.99, -3.06, -3.13, -3.18, -3.15, -3.34, -3.15, -2.97, -3.02, -3.0, -2.79, -2.85, -2.89, -2.9, -2.91, -2.92, -2.81, -2.84, -2.87, -2.91, -2.95, -2.99, -3.0, -2.97, -2.84, -2.77, -2.25, -2.67, -2.87, -2.93, -2.73, -2.8, -2.84, -2.87, -2.89, -2.9, -2.81, -2.84, -2.86, -2.89, -2.91, -2.92, -2.91, -2.85, -2.88, -2.57, -2.38, -2.62, -2.8, -2.89, -2.69, -2.76, -2.81, -2.84, -2.86, -2.87, -2.81, -2.83, -2.85, -2.86, -2.88, -2.87, -2.85, -2.8, -2.89, -2.73, -2.65, -2.72, -2.82, -2.88, -2.66, -2.73, -2.78, -2.81, -2.83, -2.85, -2.8, -2.82, -2.83, -2.84, -2.85, -2.84, -2.82, -3.02, -2.92, -2.84, -2.8, -2.81, -2.85, -2.89, -2.65, -2.71, -2.75, -2.79, -2.81, -2.83]}, {"header": {"refTime": "2023-09-09T11:00:00.000Z", "nx": 21, "ny": 33, "lo1": 113.509, "la1": 22.2235, "lo2": 113.5947, "la2": 22.1034, "dx": 0.0042850000000001385, "dy": 0.003753125000000024, "parameterCategory": 2, "parameterCategoryName": "Temperature", "parameterNumber": 3}, "data": [0.45, 0.44, 0.43, 0.59, 0.56, 0.68, 0.63, 0.58, 0.58, 0.7, 0.82, 0.94, 1.37, 1.45, 1.97, 2.09, 2.9, 2.96, 3.0, 3.02, 0.46, 0.45, 0.44, 0.42, 0.57, 0.52, 0.58, 0.47, 0.42, 0.59, 0.81, 0.98, 1.43, 1.51, 2.02, 2.84, 2.93, 2.99, 3.04, 3.06, 0.47, 0.46, 0.45, 0.43, 0.58, 0.53, 0.45, 0.39, 0.08, 0.51, 0.85, 1.08, 1.52, 1.59, 2.73, 2.86, 2.97, 3.05, 3.1, 3.12, 0.48, 0.47, 0.47, 0.46, 0.44, 0.57, 0.51, 0.39, 0.29, 0.65, 0.97, 1.24, 1.67, 1.92, 2.71, 2.9, 3.05, 3.15, 3.19, 3.19, 0.49, 0.49, 0.48, 0.48, 0.47, 0.64, 0.61, 0.57, 0.56, 0.88, 1.12, 1.9, 1.9, 1.93, 2.72, 2.97, 3.18, 3.29, 3.31, 3.27, 0.5, 0.5, 0.5, 0.51, 0.51, 0.52, 0.71, 0.73, 0.76, 0.8, 1.83, 1.91, 1.93, 2.3, 2.79, 3.1, 3.4, 3.52, 3.46, 3.36, 1.21, 0.51, 0.52, 0.53, 0.54, 0.57, 0.92, 0.85, 0.89, 1.41, 1.53, 1.96, 2.46, 2.46, 2.89, 3.24, 3.69, 3.86, 3.65, 3.5, 1.21, 1.19, 1.17, 1.29, 1.27, 0.86, 0.9, 0.95, 1.1, 1.37, 1.36, 2.34, 2.51, 2.59, 3.25, 3.5, 3.81, 3.93, 3.76, 3.64, 1.22, 1.2, 1.16, 1.12, 1.21, 1.21, 1.27, 0.92, 1.4, 1.43, 2.07, 2.43, 2.69, 2.56, 3.21, 3.41, 3.61, 3.69, 3.66, 3.6, 1.8, 1.75, 1.68, 1.11, 1.01, 1.06, 1.26, 1.47, 1.73, 1.68, 2.27, 2.5, 2.72, 2.58, 3.19, 3.34, 3.47, 3.54, 3.55, 3.53, 1.81, 1.77, 1.7, 1.58, 1.33, 0.58, 1.55, 2.09, 1.94, 1.97, 2.48, 2.45, 2.53, 2.52, 3.19, 3.29, 3.39, 3.45, 3.47, 3.48, 1.83, 1.8, 1.75, 1.67, 1.55, 1.49, 1.89, 2.43, 2.65, 2.9, 2.56, 2.91, 2.9, 2.46, 3.2, 3.27, 3.34, 2.63, 2.65, 2.64, 1.86, 1.84, 1.82, 1.81, 1.83, 1.97, 2.21, 2.44, 2.58, 2.41, 2.87, 2.91, 2.9, 1.97, 1.89, 2.3, 2.34, 2.39, 2.43, 2.45, 1.89, 1.89, 1.9, 1.92, 1.99, 2.15, 2.37, 2.34, 2.38, 2.34, 2.85, 2.09, 1.94, 1.81, 1.62, 1.99, 2.06, 2.13, 2.21, 2.27, 1.92, 1.93, 1.95, 1.98, 2.05, 2.15, 2.24, 2.45, 2.46, 2.44, 2.41, 1.47, 1.68, 1.5, 1.39, 1.64, 1.75, 1.88, 2.0, 2.09, 1.95, 1.96, 1.57, 1.61, 1.67, 2.36, 2.35, 2.34, 2.32, 2.31, 1.51, 1.31, 1.08, 0.85, 0.76, 1.02, 1.17, 1.32, 1.78, 1.92, 1.54, 1.55, 1.58, 1.61, 2.3, 2.27, 2.23, 2.18, 2.15, 2.17, 1.39, 1.18, 0.9, 0.58, 0.39, 0.37, 0.54, 0.68, 0.78, 0.84, 1.54, 1.56, 1.58, 1.6, 2.23, 2.18, 2.1, 1.99, 1.93, 1.38, 1.22, 1.12, 0.81, 0.39, -0.06, 0.31, 0.57, 0.73, 0.83, 0.89, 1.55, 1.56, 1.57, 2.23, 2.18, 2.11, 2.0, 1.81, 1.51, 1.39, 0.67, 0.44, 0.85, 0.58, 0.28, 0.47, 0.68, 0.82, 0.9, 0.95, 1.55, 1.56, 1.27, 1.27, 1.27, 1.28, 1.3, 1.36, 1.15, 0.89, 0.62, 0.43, 1.01, 0.89, 0.62, 0.73, 0.87, 0.96, 1.01, 1.03, 1.2, 1.2, 1.19, 1.18, 1.17, 1.16, 1.17, 1.18, 0.79, 0.66, 0.51, 0.38, 1.18, 0.83, 0.89, 0.99, 1.09, 1.13, 1.12, 1.11, 1.15, 1.13, 1.11, 1.09, 1.06, 1.03, 1.0, 0.62, 0.5, 0.43, 0.35, 0.29, 0.66, 1.0, 1.1, 1.23, 1.32, 1.31, 1.23, 1.17, 1.09, 1.07, 1.04, 0.49, 0.49, 0.47, 0.45, 0.39, 0.33, 0.28, 0.29, 0.94, 0.79, 1.12, 1.25, 1.44, 1.64, 1.49, 1.3, 1.21, 0.47, 0.46, 0.45, 0.44, 0.41, 0.37, 0.31, 0.21, 0.08, 0.01, 0.09, 0.51, 0.73, 0.98, 1.21, 1.51, 2.15, 1.39, 1.24, 1.2, 0.44, 0.43, 0.42, 0.39, 0.36, 0.3, 0.22, 0.08, -0.14, -0.32, -0.07, 0.42, 0.73, 0.93, 1.14, 1.3, 1.22, 0.91, 1.14, 1.17, 0.42, 0.41, 0.39, 0.36, 0.32, 0.26, 0.18, 0.05, -0.14, -0.29, 0.09, 0.4, 0.67, 0.87, 1.05, 1.29, 1.22, 1.15, 1.14, 1.15, 0.41, 0.39, 0.37, 0.34, 0.3, 0.25, 0.19, 0.11, 0.02, 0.0, 0.26, 0.44, 0.64, 1.11, 1.18, 1.22, 1.21, 1.2, 1.21, 1.22, 0.39, 0.38, 0.35, 0.33, 0.3, 0.26, 0.22, 0.18, 0.16, 0.32, 0.38, 0.1, 0.08, 0.08, 1.12, 1.17, 1.19, 1.19, 1.2, 1.21, 0.38, 0.37, 0.35, 0.32, 0.3, 0.27, 0.25, 0.23, 0.25, 0.4, 0.33, 0.19, 0.13, 0.1, 1.07, 1.12, 1.15, 1.17, 1.19, 1.2, 0.38, 0.36, 0.34, 0.33, 0.31, 0.29, 0.27, 0.27, 0.13, 0.23, 0.28, 0.21, 0.15, 0.11, 1.03, 1.09, 1.13, 1.15, 1.17, 1.18, 0.37, 0.36, 0.34, 0.33, 0.31, 0.3, 0.29, 0.29, 0.13, 0.18, 0.2, 0.17, 0.14, 0.12, 1.01, 1.06, 1.1, 1.13, 1.15, 1.16, 0.37, 0.36, 0.35, 0.33, 0.32, 0.31, 0.3, 0.09, 0.11, 0.14, 0.15, 0.14, 0.13, 0.11, 1.0, 1.05, 1.09, 1.11, 1.13, 1.15]}, {"header": {"refTime": "2023-09-09T11:00:00.000Z", "nx": 21, "ny": 33, "lo1": 113.509, "la1": 22.2235, "lo2": 113.5947, "la2": 22.1034, "dx": 0.0042850000000001385, "dy": 0.003753125000000024, "parameterCategory": 0, "parameterCategoryName": "Temperature", "parameterNumber": 0}, "data": [[26.11, 26.12, 26.12, 25.87, 25.89, 26.17, 26.18, 26.2, 26.21, 26.09, 26.07, 26.05, 26.28, 26.27, 26.21, 26.2, 26.17, 26.16, 26.15, 26.15], [26.11, 26.11, 26.12, 26.12, 25.89, 25.92, 26.19, 26.21, 26.23, 26.12, 26.08, 26.06, 26.28, 26.27, 26.21, 26.17, 26.16, 26.15, 26.15, 26.15], [26.11, 26.11, 26.11, 26.12, 25.88, 25.91, 25.97, 26.22, 26.28, 26.14, 26.08, 26.06, 26.28, 26.28, 26.19, 26.17, 26.16, 26.15, 26.14, 26.14], [26.11, 26.11, 26.11, 26.11, 26.11, 25.89, 25.93, 26.01, 26.08, 26.09, 26.05, 26.07, 26.28, 26.06, 26.19, 26.17, 26.15, 26.13, 26.13, 26.13], [26.1, 26.1, 26.1, 26.1, 26.1, 25.85, 25.87, 25.89, 25.89, 25.98, 25.98, 26.07, 26.2, 26.09, 26.19, 26.16, 26.13, 26.12, 26.11, 26.12], [26.1, 26.1, 26.1, 26.09, 26.09, 26.07, 25.81, 25.8, 25.76, 25.7, 25.85, 26.0, 26.12, 26.27, 26.18, 26.14, 26.1, 26.09, 26.09, 26.11], [26.02, 26.1, 26.1, 26.09, 26.08, 26.06, 25.75, 25.75, 25.71, 25.6, 25.57, 25.9, 26.24, 26.25, 26.17, 26.12, 26.06, 26.04, 26.06, 26.07], [26.03, 26.03, 26.03, 26.03, 26.02, 25.82, 25.78, 25.75, 25.76, 25.56, 25.37, 25.89, 25.9, 26.25, 26.07, 26.1, 26.05, 26.04, 26.06, 26.08], [25.97, 25.98, 26.05, 26.05, 26.06, 26.04, 25.99, 25.76, 25.61, 25.63, 25.58, 25.73, 25.8, 25.71, 26.08, 26.1, 26.08, 26.07, 26.07, 26.08], [26.2, 26.2, 26.2, 26.01, 26.04, 26.11, 26.06, 25.99, 25.46, 25.49, 25.81, 25.64, 25.69, 25.67, 26.08, 26.11, 26.1, 26.09, 26.09, 26.09], [26.2, 26.2, 26.2, 26.2, 26.2, 26.2, 26.2, 26.2, 26.06, 25.59, 25.2, 25.58, 25.63, 25.63, 26.08, 26.12, 26.11, 26.1, 26.1, 26.1], [26.2, 26.2, 26.2, 26.2, 26.2, 26.2, 26.2, 26.2, 26.2, -999.0, 25.2, 26.2, 26.2, 25.6, 26.08, 26.13, 26.12, 25.55, 25.56, 25.56], [26.2, 26.2, 26.2, 26.2, 26.2, 26.2, 26.2, 26.2, 26.2, 26.2, -999.0, 26.2, 26.2, 25.55, 25.83, 25.71, 25.71, 25.62, 25.63, 25.64], [26.2, 26.2, 26.2, 26.2, 26.2, 26.2, 26.2, 26.2, 26.2, 26.2, -999.0, 25.2, 25.2, 25.2, 25.75, 25.64, 25.65, 25.55, 25.58, 25.59], [26.2, 26.2, 26.2, 26.2, 26.2, 26.2, 26.2, 26.3, 26.3, 26.3, 26.3, 25.88, 25.2, 25.2, 25.2, 25.57, 25.59, 25.5, 25.53, 25.55], [26.2, 26.2, 26.26, 26.26, 26.27, 26.3, 26.3, 26.3, 26.3, 26.3, 25.61, 25.69, 25.58, 25.49, 25.59, 25.42, 25.45, 25.39, 25.57, 25.6], [26.26, 26.26, 26.24, 26.24, 26.3, 26.3, 26.3, 26.3, 26.3, 26.3, 25.83, 25.69, 25.55, 25.41, 25.4, 25.42, 25.5, 25.56, 25.6, 25.64], [26.24, 26.24, 26.24, 26.24, 26.3, 26.3, 26.3, 26.3, 26.3, 26.02, 25.87, 25.71, 25.54, 25.41, 25.23, 25.39, 25.51, 25.58, 25.62, 25.65], [26.24, 26.24, 26.24, 26.3, 26.3, 26.3, 26.3, 26.3, 26.2, 26.09, 25.98, 25.85, 25.61, 25.47, 25.38, 25.46, 25.55, 25.62, 25.66, 25.68], [26.24, 26.24, 26.3, 26.3, 26.3, 26.3, 26.3, 26.3, 26.2, 26.11, 26.0, 25.89, 25.66, 25.58, 25.52, 25.57, 25.62, 25.67, 25.7, 25.71], [26.3, 26.3, 26.3, 26.3, 26.3, 26.3, 26.3, 26.3, 26.13, 26.08, 26.01, 25.93, 25.71, 25.61, 25.63, 25.67, 25.71, 25.73, 25.75, 25.75], [26.3, 26.3, 26.3, 26.3, 26.3, 26.3, 26.3, 26.32, 26.11, 26.08, 26.03, 25.97, 25.75, 25.68, 25.71, 25.75, 25.78, 25.79, 25.8, 25.79], [26.3, 26.3, 26.3, 26.33, 26.32, 26.32, 26.32, 26.32, 26.32, 26.32, 26.32, 26.17, 26.07, 25.73, 25.77, 25.81, 25.83, 25.85, 25.84, 25.82], [26.33, 26.33, 26.33, 26.33, 26.33, 26.32, 26.32, 26.32, 26.32, 26.32, 26.32, 26.2, 26.08, 26.04, 26.0, 25.84, 25.84, 25.91, 25.88, 25.85], [26.33, 26.33, 26.33, 26.33, 26.33, 26.33, 26.33, 26.32, 26.32, 26.31, 26.32, 26.22, 26.18, 26.05, 26.01, 25.99, 25.93, 25.98, 25.9, 25.86], [26.33, 26.33, 26.33, 26.33, 26.33, 26.33, 26.33, 26.33, 26.32, 26.31, 26.26, 26.24, 26.2, 26.06, 26.03, 26.02, 26.02, 26.02, 25.89, 25.86], [26.33, 26.33, 26.33, 26.33, 26.33, 26.33, 26.33, 26.33, 26.33, 26.33, 26.28, 26.25, 26.22, 26.11, 26.08, 26.05, 26.04, 26.03, 26.03, 26.03], [26.33, 26.33, 26.33, 26.34, 26.34, 26.34, 26.34, 26.34, 26.35, 26.3, 26.31, 26.33, 26.31, 26.28, 26.1, 26.07, 26.06, 26.05, 26.05, 26.05], [26.34, 26.34, 26.34, 26.34, 26.34, 26.34, 26.34, 26.35, 26.36, 26.34, 26.38, 26.34, 26.32, 26.29, 26.12, 26.09, 26.08, 26.06, 26.06, 26.06], [26.34, 26.34, 26.34, 26.34, 26.34, 26.34, 26.35, 26.35, 26.34, 26.36, 26.37, 26.34, 26.32, 26.3, 26.14, 26.11, 26.09, 26.08, 26.07, 26.07], [26.34, 26.34, 26.34, 26.34, 26.34, 26.34, 26.35, 26.35, 26.33, 26.34, 26.34, 26.33, 26.32, 26.3, 26.15, 26.12, 26.1, 26.09, 26.08, 26.08], [26.34, 26.34, 26.34, 26.34, 26.34, 26.35, 26.35, 26.32, 26.32, 26.33, 26.33, 26.32, 26.31, 26.3, 26.15, 26.13, 26.11, 26.1, 26.09, 26.08]]}]