gis_exercise/awsData/contour/wdir_2023091217.json
[{"header": {"refTime": "2023-09-12T17:00:00.000Z", "nx": 21, "ny": 33, "lo1": 113.509, "la1": 22.2235, "lo2": 113.5947, "la2": 22.1034, "dx": 0.0042850000000001385, "dy": 0.003753125000000024, "parameterCategory": 2, "parameterCategoryName": "Temperature", "parameterNumber": 2}, "data": [-2.56, -2.53, -2.49, -1.94, -1.92, -2.23, -2.17, -2.11, -2.09, -1.9, -1.99, -2.08, -2.42, -2.48, -3.06, -3.15, -3.58, -3.61, -3.64, -3.66, -2.58, -2.55, -2.51, -2.45, -1.93, -1.88, -2.12, -1.99, -1.92, -1.83, -1.99, -2.12, -2.48, -2.53, -3.11, -3.54, -3.6, -3.65, -3.68, -3.7, -2.61, -2.58, -2.54, -2.49, -1.95, -1.9, -1.83, -1.9, -1.56, -1.77, -2.02, -2.21, -2.57, -2.61, -3.47, -3.56, -3.64, -3.7, -3.73, -3.74, -2.64, -2.62, -2.59, -2.54, -2.48, -1.95, -1.89, -1.79, -1.69, -1.86, -2.1, -2.36, -2.73, -2.74, -3.46, -3.59, -3.7, -3.77, -3.8, -3.8, -2.68, -2.67, -2.65, -2.62, -2.57, -2.02, -2.0, -1.96, -1.92, -1.97, -2.18, -2.75, -2.97, -2.79, -3.46, -3.65, -3.81, -3.89, -3.9, -3.87, -2.73, -2.72, -2.71, -2.7, -2.67, -2.64, -2.13, -2.15, -2.12, -2.03, -2.44, -2.65, -2.83, -3.18, -3.49, -3.74, -3.98, -4.09, -4.03, -3.94, -4.02, -2.78, -2.79, -2.79, -2.78, -2.77, -2.78, -2.37, -2.36, -2.31, -2.17, -2.47, -3.14, -3.19, -3.52, -3.83, -4.23, -4.38, -4.32, -4.22, -4.05, -4.02, -3.98, -3.94, -3.9, -2.89, -2.84, -2.82, -2.82, -2.25, -1.86, -2.68, -2.85, -3.25, -3.76, -4.01, -4.32, -4.43, -4.26, -4.15, -4.07, -4.05, -4.01, -3.96, -3.91, -3.88, -3.84, -2.82, -3.12, -2.35, -2.52, -2.92, -3.31, -3.12, -3.75, -3.94, -4.12, -4.2, -4.17, -4.11, -4.89, -4.84, -4.77, -4.0, -3.91, -3.87, -3.97, -4.07, -3.55, -3.34, -2.77, -3.08, -3.42, -3.19, -3.76, -3.88, -3.99, -4.06, -4.07, -4.05, -4.9, -4.86, -4.79, -4.66, -4.4, -3.63, -4.6, -5.11, -4.61, -3.89, -3.86, -3.01, -3.13, -3.1, -3.76, -3.84, -3.92, -3.97, -3.99, -4.0, -4.93, -4.9, -4.85, -4.77, -4.65, -4.58, -4.97, -5.41, -5.58, -5.44, -4.13, -4.18, -4.05, -3.01, -3.76, -3.82, -3.87, -3.73, -3.73, -3.73, -4.96, -4.95, -4.93, -4.93, -4.96, -5.13, -5.4, -5.49, -5.55, -5.42, -5.3, -4.31, -4.17, -3.03, -2.99, -3.52, -3.55, -3.58, -3.6, -3.62, -5.0, -5.0, -5.01, -5.05, -5.14, -5.35, -5.7, -5.49, -5.44, -5.39, -5.34, -4.11, -3.9, -3.73, -2.86, -3.34, -3.38, -3.43, -3.47, -3.51, -5.03, -5.05, -5.07, -5.12, -5.21, -5.34, -5.44, -5.08, -4.92, -4.78, -4.67, -3.33, -3.7, -3.51, -3.39, -3.13, -3.19, -3.27, -3.34, -3.4, -5.06, -5.08, -3.99, -4.05, -4.12, -4.77, -4.73, -4.61, -4.48, -4.4, -3.21, -3.08, -2.92, -2.38, -2.37, -2.65, -2.72, -2.79, -3.06, -3.13, -3.86, -3.87, -3.89, -3.9, -4.48, -4.4, -4.24, -4.03, -3.89, -3.92, -2.93, -2.87, -2.73, -2.54, -2.16, -2.28, -2.35, -2.41, -2.45, -2.48, -3.8, -3.8, -3.78, -3.74, -4.24, -4.05, -3.75, -3.34, -3.13, -2.66, -2.74, -2.72, -2.61, -2.15, -2.08, -2.25, -2.36, -2.43, -2.47, -2.5, -3.74, -3.72, -3.68, -4.2, -4.05, -3.8, -3.4, -2.74, -2.01, -2.42, -2.16, -2.2, -2.2, -2.2, -2.24, -2.32, -2.41, -2.47, -2.5, -2.52, -3.69, -3.66, -3.54, -3.46, -3.34, -3.17, -2.91, -2.55, -1.99, -2.11, -2.2, -2.25, -2.24, -2.27, -2.38, -2.43, -2.48, -2.52, -2.54, -2.55, -3.58, -3.53, -3.48, -3.4, -3.3, -3.16, -2.98, -2.81, -2.2, -2.25, -2.3, -2.32, -2.3, -2.47, -2.49, -2.53, -2.57, -2.59, -2.59, -2.59, -3.54, -3.49, -3.44, -3.37, -3.29, -3.19, -3.09, -2.2, -2.39, -2.42, -2.43, -2.42, -2.84, -2.54, -2.58, -2.63, -2.67, -2.67, -2.64, -2.61, -3.51, -3.47, -3.42, -2.17, -2.19, -2.22, -2.26, -2.32, -2.38, -2.41, -2.38, -2.84, -2.98, -2.59, -2.64, -2.71, -2.79, -2.74, -2.67, -2.63, -2.13, -2.14, -2.16, -2.18, -2.21, -2.26, -2.33, -2.44, -2.58, -2.64, -2.53, -2.73, -2.99, -2.93, -2.89, -2.75, -2.99, -2.71, -2.65, -2.63, -2.13, -2.14, -2.16, -2.18, -2.22, -2.28, -2.36, -2.51, -2.78, -3.0, -2.66, -2.7, -2.65, -2.93, -2.88, -2.83, -2.64, -2.53, -2.61, -2.62, -2.13, -2.14, -2.15, -2.18, -2.21, -2.26, -2.34, -2.48, -2.72, -2.93, -2.74, -2.58, -2.55, -2.93, -2.88, -2.48, -2.52, -2.51, -2.61, -2.61, -2.12, -2.13, -2.14, -2.16, -2.18, -2.21, -2.26, -2.33, -2.4, -2.39, -2.41, -2.36, -2.39, -2.15, -2.29, -2.39, -2.44, -2.46, -2.46, -2.45, -2.11, -2.12, -2.12, -2.13, -2.14, -2.15, -2.16, -2.14, -2.08, -2.07, -1.95, -1.92, -2.02, -2.09, -2.19, -2.3, -2.36, -2.39, -2.41, -2.41, -2.1, -2.1, -2.1, -2.1, -2.1, -2.09, -2.06, -2.0, -1.85, -1.67, -1.32, -1.68, -1.9, -2.02, -2.11, -2.22, -2.29, -2.33, -2.35, -2.36, -2.09, -2.09, -2.08, -2.08, -2.06, -2.04, -2.0, -1.91, -1.83, -1.58, -1.43, -1.65, -1.85, -1.97, -2.06, -2.16, -2.23, -2.28, -2.31, -2.32, -2.07, -2.07, -2.06, -2.05, -2.04, -2.01, -1.96, -1.89, -1.85, -1.73, -1.68, -1.75, -1.87, -1.96, -2.02, -2.12, -2.18, -2.23, -2.27, -2.29, -2.06, -2.06, -2.05, -2.04, -2.02, -1.99, -1.95, -1.97, -1.9, -1.83, -1.81, -1.85, -1.91, -1.97, -2.01, -2.09, -2.15, -2.2, -2.23, -2.26]}, {"header": {"refTime": "2023-09-12T17:00:00.000Z", "nx": 21, "ny": 33, "lo1": 113.509, "la1": 22.2235, "lo2": 113.5947, "la2": 22.1034, "dx": 0.0042850000000001385, "dy": 0.003753125000000024, "parameterCategory": 2, "parameterCategoryName": "Temperature", "parameterNumber": 3}, "data": [0.94, 0.93, 0.92, 0.91, 0.9, 1.07, 1.05, 1.02, 1.02, 1.04, 1.1, 1.16, 1.63, 1.68, 2.12, 2.22, 2.86, 2.91, 2.95, 2.98, 0.94, 0.94, 0.93, 0.92, 0.9, 0.89, 1.02, 0.97, 0.94, 0.99, 1.1, 1.19, 1.66, 1.72, 2.15, 2.8, 2.89, 2.95, 2.99, 3.02, 0.95, 0.94, 0.93, 0.93, 0.91, 0.89, 0.86, 0.92, 0.76, 0.95, 1.12, 1.25, 1.71, 1.76, 2.69, 2.82, 2.93, 3.01, 3.05, 3.07, 0.95, 0.95, 0.94, 0.94, 0.93, 0.91, 0.89, 0.85, 0.81, 1.01, 1.18, 1.34, 1.78, 1.86, 2.67, 2.85, 3.0, 3.09, 3.13, 3.14, 0.96, 0.96, 0.95, 0.95, 0.94, 0.93, 0.92, 0.91, 0.9, 1.1, 1.24, 1.83, 1.83, 1.87, 2.68, 2.93, 3.13, 3.23, 3.25, 3.22, 0.96, 0.96, 0.96, 0.96, 0.96, 0.97, 0.97, 0.97, 0.97, 0.97, 1.76, 1.85, 1.87, 2.28, 2.76, 3.06, 3.33, 3.45, 3.39, 3.3, 1.58, 0.97, 0.97, 0.98, 0.98, 0.99, 1.08, 1.03, 1.04, 1.4, 1.48, 1.92, 2.48, 2.46, 2.87, 3.19, 3.61, 3.76, 3.54, 3.4, 1.59, 1.57, 1.54, 1.61, 1.59, 1.07, 1.08, 1.1, 1.22, 1.34, 1.22, 2.35, 2.55, 2.61, 3.24, 3.46, 3.74, 3.84, 3.69, 3.59, 1.6, 1.58, 1.55, 1.51, 1.56, 1.55, 1.57, 1.09, 1.47, 1.43, 2.0, 2.42, 2.67, 2.55, 3.2, 3.38, 3.55, 3.63, 3.6, 3.55, 2.19, 2.15, 2.09, 1.51, 1.42, 1.44, 1.6, 1.76, 1.8, 1.72, 2.22, 2.47, 2.69, 2.56, 3.18, 3.31, 3.43, 3.5, 3.51, 3.49, 2.2, 2.16, 2.1, 1.99, 1.76, 1.08, 1.95, 2.43, 2.21, 2.05, 2.46, 2.41, 2.5, 2.49, 3.18, 3.27, 3.36, 3.41, 3.44, 3.44, 2.22, 2.19, 2.15, 2.08, 1.97, 1.92, 2.27, 2.73, 2.92, 3.09, 2.58, 2.99, 2.97, 2.43, 3.19, 3.25, 3.31, 2.88, 2.9, 2.9, 2.25, 2.24, 2.22, 2.21, 2.23, 2.36, 2.58, 2.76, 2.87, 2.72, 3.06, 3.01, 2.98, 2.32, 2.27, 2.63, 2.67, 2.71, 2.74, 2.76, 2.28, 2.28, 2.28, 2.31, 2.38, 2.54, 2.77, 2.69, 2.71, 2.67, 3.05, 2.49, 2.38, 2.28, 2.1, 2.43, 2.48, 2.53, 2.59, 2.63, 2.31, 2.32, 2.33, 2.37, 2.44, 2.53, 2.62, 2.95, 2.98, 2.98, 2.98, 2.3, 2.21, 2.09, 2.01, 2.19, 2.27, 2.36, 2.44, 2.51, 2.33, 2.34, 2.23, 2.27, 2.32, 2.93, 2.93, 2.94, 2.94, 2.95, 2.38, 2.21, 2.01, 1.77, 1.69, 1.76, 1.86, 1.96, 2.34, 2.44, 2.23, 2.24, 2.27, 2.31, 2.93, 2.92, 2.91, 2.91, 2.9, 2.91, 2.33, 2.14, 1.89, 1.61, 1.44, 1.38, 1.51, 1.61, 1.68, 1.73, 2.25, 2.27, 2.3, 2.33, 2.92, 2.9, 2.89, 2.86, 2.85, 2.43, 2.25, 2.1, 1.82, 1.45, 1.07, 1.34, 1.52, 1.64, 1.71, 1.76, 2.27, 2.29, 2.32, 2.92, 2.91, 2.89, 2.87, 2.83, 2.69, 2.49, 2.01, 1.78, 1.85, 1.6, 1.31, 1.45, 1.6, 1.71, 1.77, 1.81, 2.29, 2.31, 2.42, 2.43, 2.45, 2.47, 2.51, 2.58, 2.45, 2.23, 1.99, 1.8, 1.98, 1.84, 1.56, 1.64, 1.74, 1.81, 1.85, 1.86, 2.38, 2.38, 2.39, 2.39, 2.39, 2.41, 2.43, 2.45, 2.17, 2.07, 1.92, 1.79, 2.1, 1.72, 1.76, 1.83, 1.9, 1.93, 1.93, 1.92, 2.35, 2.35, 2.35, 2.34, 2.33, 2.33, 2.32, 1.9, 1.97, 1.91, 1.83, 1.75, 1.77, 1.84, 1.91, 2.0, 2.07, 2.06, 2.01, 1.97, 2.33, 2.32, 2.31, 1.71, 1.72, 1.73, 1.73, 1.72, 1.69, 1.66, 1.63, 2.23, 1.95, 1.93, 2.01, 2.14, 2.28, 2.18, 2.06, 2.0, 1.63, 1.64, 1.64, 1.64, 1.64, 1.63, 1.61, 1.58, 1.54, 1.51, 1.51, 1.58, 1.92, 2.02, 2.12, 2.2, 2.61, 2.13, 2.03, 2.0, 1.6, 1.6, 1.59, 1.58, 1.57, 1.55, 1.52, 1.48, 1.44, 1.42, 1.42, 1.51, 1.64, 2.0, 2.08, 2.14, 2.03, 1.84, 1.98, 1.98, 1.57, 1.56, 1.55, 1.53, 1.51, 1.48, 1.45, 1.41, 1.39, 1.38, 1.38, 1.43, 1.55, 1.97, 2.04, 1.93, 1.93, 1.91, 1.97, 1.97, 1.54, 1.52, 1.51, 1.48, 1.46, 1.42, 1.38, 1.33, 1.29, 1.25, 1.26, 1.32, 1.44, 1.61, 1.74, 1.83, 1.87, 1.88, 1.88, 1.88, 1.51, 1.49, 1.47, 1.44, 1.41, 1.37, 1.32, 1.25, 1.16, 1.08, 1.04, 0.92, 0.99, 1.05, 1.64, 1.74, 1.8, 1.83, 1.84, 1.84, 1.49, 1.47, 1.44, 1.41, 1.37, 1.33, 1.26, 1.18, 1.06, 0.88, 0.64, 0.81, 0.93, 1.01, 1.56, 1.66, 1.73, 1.77, 1.79, 1.8, 1.47, 1.44, 1.42, 1.39, 1.35, 1.3, 1.23, 1.15, 0.87, 0.76, 0.69, 0.8, 0.91, 0.99, 1.5, 1.61, 1.67, 1.72, 1.75, 1.77, 1.45, 1.43, 1.4, 1.37, 1.33, 1.28, 1.22, 1.15, 0.89, 0.83, 0.81, 0.86, 0.92, 0.98, 1.47, 1.56, 1.63, 1.68, 1.71, 1.73, 1.44, 1.42, 1.39, 1.36, 1.32, 1.28, 1.23, 0.95, 0.92, 0.89, 0.88, 0.9, 0.94, 0.99, 1.46, 1.54, 1.6, 1.65, 1.68, 1.7]}, {"header": {"refTime": "2023-09-12T17:00:00.000Z", "nx": 21, "ny": 33, "lo1": 113.509, "la1": 22.2235, "lo2": 113.5947, "la2": 22.1034, "dx": 0.0042850000000001385, "dy": 0.003753125000000024, "parameterCategory": 0, "parameterCategoryName": "Temperature", "parameterNumber": 0}, "data": [[27.96, 27.97, 27.97, 27.86, 27.88, 28.14, 28.16, 28.18, 28.19, 28.2, 28.19, 28.19, 28.48, 28.49, 28.07, 28.02, 28.09, 28.06, 28.04, 28.02], [27.95, 27.96, 27.97, 27.98, 27.88, 27.91, 28.16, 28.2, 28.22, 28.21, 28.2, 28.2, 28.48, 28.49, 28.07, 28.12, 28.07, 28.03, 28.01, 27.99], [27.95, 27.95, 27.96, 27.97, 27.86, 27.9, 27.96, 28.21, 28.28, 28.22, 28.2, 28.21, 28.49, 28.5, 28.18, 28.11, 28.04, 27.99, 27.97, 27.96], [27.94, 27.94, 27.95, 27.95, 27.96, 27.87, 27.92, 28.0, 28.08, 28.19, 28.19, 28.24, 28.5, 28.35, 28.19, 28.08, 27.99, 27.93, 27.91, 27.91], [27.94, 27.94, 27.94, 27.94, 27.94, 27.82, 27.84, 27.87, 27.88, 28.12, 28.15, 28.34, 28.44, 28.37, 28.19, 28.04, 27.9, 27.83, 27.83, 27.85], [27.93, 27.93, 27.93, 27.92, 27.91, 27.9, 27.76, 27.75, 27.73, 27.72, 28.17, 28.3, 28.39, 28.57, 28.16, 27.96, 27.76, 27.68, 27.72, 27.79], [27.78, 27.92, 27.92, 27.91, 27.89, 27.87, 27.63, 27.65, 27.62, 27.74, 27.81, 28.25, 28.61, 28.6, 28.13, 27.88, 27.56, 27.44, 27.44, 27.52], [27.79, 27.79, 27.79, 27.79, 27.78, 27.69, 27.64, 27.57, 27.57, 27.7, 27.64, 28.33, 28.34, 28.6, 27.76, 27.92, 27.59, 27.47, 27.66, 27.79], [27.71, 27.72, 27.81, 27.82, 27.82, 27.8, 27.74, 27.62, 27.5, 27.76, 27.96, 28.14, 28.22, 28.11, 27.8, 27.98, 27.79, 27.71, 27.76, 27.83], [28.0, 28.0, 28.0, 27.77, 27.8, 27.89, 27.83, 27.74, 27.5, 27.5, 28.23, 28.03, 28.09, 28.06, 27.8, 28.04, 27.92, 27.86, 27.86, 27.89], [28.0, 28.0, 28.0, 28.0, 28.0, 28.0, 28.0, 28.0, 27.82, 27.5, 27.5, 27.96, 28.01, 28.01, 27.78, 28.09, 28.01, 27.95, 27.94, 27.95], [28.0, 28.0, 28.0, 28.0, 28.0, 28.0, 28.0, 28.0, 28.0, -999.0, 27.5, 28.7, 28.7, 27.98, 27.77, 28.14, 28.09, 27.26, 27.26, 27.26], [28.0, 28.0, 28.0, 28.0, 28.0, 28.0, 28.0, 28.0, 28.0, 28.0, -999.0, 28.7, 28.7, 27.79, 28.19, 27.24, 27.24, 27.25, 27.25, 27.25], [28.0, 28.0, 28.0, 28.0, 28.0, 28.0, 28.0, 28.0, 28.0, 28.0, -999.0, 27.3, 27.3, 27.3, 28.07, 27.24, 27.24, 27.26, 27.25, 27.25], [28.0, 28.0, 28.0, 28.0, 28.0, 28.0, 28.0, 28.5, 28.5, 28.5, 28.5, 28.04, 27.3, 27.3, 27.3, 27.25, 27.25, 27.26, 27.26, 27.26], [28.0, 28.0, 28.31, 28.32, 28.33, 28.5, 28.5, 28.5, 28.5, 28.5, 27.74, 27.83, 27.71, 27.62, 27.73, 27.37, 27.38, 27.36, 27.33, 27.33], [28.32, 28.32, 28.18, 28.18, 28.5, 28.5, 28.5, 28.5, 28.5, 28.5, 27.98, 27.84, 27.68, 27.53, 27.47, 27.57, 27.67, 27.74, 27.8, 27.84], [28.18, 28.18, 28.19, 28.21, 28.5, 28.5, 28.5, 28.5, 28.5, 28.2, 28.03, 27.85, 27.67, 27.48, 27.32, 27.54, 27.67, 27.76, 27.82, 27.86], [28.19, 28.2, 28.21, 28.5, 28.5, 28.5, 28.5, 28.5, 28.39, 28.27, 28.17, 28.02, 27.66, 27.53, 27.52, 27.61, 27.73, 27.81, 27.86, 27.9], [28.2, 28.2, 28.56, 28.55, 28.55, 28.55, 28.54, 28.52, 28.4, 28.31, 28.2, 28.07, 27.7, 27.61, 27.69, 27.74, 27.81, 27.87, 27.91, 27.94], [28.56, 28.56, 28.56, 28.54, 28.54, 28.54, 28.53, 28.53, 28.34, 28.29, 28.22, 28.12, 27.73, 27.8, 27.81, 27.85, 27.9, 27.94, 27.97, 27.99], [28.55, 28.55, 28.55, 28.54, 28.54, 28.54, 28.54, 28.76, 28.33, 28.3, 28.25, 28.18, 27.79, 27.88, 27.91, 27.93, 27.96, 28.0, 28.03, 28.04], [28.55, 28.55, 28.55, 28.86, 28.85, 28.83, 28.82, 28.8, 28.79, 28.8, 28.82, 28.28, 28.35, 27.94, 27.97, 27.98, 27.97, 28.05, 28.1, 28.09], [28.91, 28.91, 28.9, 28.89, 28.88, 28.87, 28.85, 28.83, 28.8, 28.79, 28.83, 28.63, 28.37, 28.31, 28.26, 28.03, 27.81, 28.22, 28.2, 28.15], [28.93, 28.92, 28.92, 28.92, 28.91, 28.9, 28.88, 28.85, 28.77, 28.71, 28.82, 28.69, 28.61, 28.33, 28.29, 28.27, 28.31, 28.51, 28.28, 28.18], [28.94, 28.94, 28.94, 28.94, 28.94, 28.94, 28.93, 28.89, 28.82, 28.75, 28.77, 28.77, 28.7, 28.35, 28.33, 28.52, 28.51, 28.54, 28.25, 28.19], [28.96, 28.96, 28.97, 28.97, 28.98, 28.98, 28.99, 28.98, 28.98, 29.0, 28.94, 28.91, 28.81, 28.81, 28.69, 28.61, 28.57, 28.56, 28.56, 28.56], [28.98, 28.98, 28.99, 29.0, 29.01, 29.03, 29.05, 29.09, 29.15, 29.15, 29.21, 29.33, 29.26, 29.21, 28.78, 28.69, 28.63, 28.61, 28.6, 28.59], [28.99, 29.0, 29.01, 29.02, 29.04, 29.07, 29.11, 29.17, 29.28, 29.4, 29.67, 29.46, 29.33, 29.26, 28.85, 28.76, 28.7, 28.66, 28.64, 28.63], [29.01, 29.02, 29.03, 29.05, 29.07, 29.1, 29.15, 29.21, 29.38, 29.52, 29.6, 29.47, 29.36, 29.28, 28.9, 28.81, 28.75, 28.71, 28.68, 28.66], [29.02, 29.03, 29.04, 29.06, 29.09, 29.12, 29.16, 29.22, 29.37, 29.43, 29.46, 29.42, 29.35, 29.29, 28.93, 28.85, 28.79, 28.74, 28.71, 28.69], [29.03, 29.04, 29.05, 29.07, 29.1, 29.13, 29.17, 29.3, 29.34, 29.37, 29.38, 29.36, 29.32, 29.28, 28.94, 28.87, 28.82, 28.77, 28.74, 28.72]]}]