gis_exercise/awsData/contour/wdir_2023090422.json
[{"header": {"refTime": "2023-09-04T22:00:00.000Z", "nx": 21, "ny": 33, "lo1": 113.509, "la1": 22.2235, "lo2": 113.5947, "la2": 22.1034, "dx": 0.0042850000000001385, "dy": 0.003753125000000024, "parameterCategory": 2, "parameterCategoryName": "Temperature", "parameterNumber": 2}, "data": [-0.2, -0.19, -0.18, 0.18, 0.18, 0.13, 0.13, 0.14, 0.15, 0.4, 0.44, 0.49, 0.31, 0.32, 0.22, 0.2, 0.15, 0.13, 0.11, 0.1, -0.2, -0.19, -0.18, -0.17, 0.17, 0.17, 0.12, 0.12, 0.13, 0.35, 0.44, 0.5, 0.33, 0.34, 0.24, 0.18, 0.14, 0.12, 0.1, 0.08, -0.21, -0.2, -0.19, -0.18, 0.17, 0.16, 0.15, 0.11, 0.09, 0.31, 0.45, 0.53, 0.37, 0.37, 0.23, 0.18, 0.13, 0.09, 0.07, 0.06, -0.22, -0.21, -0.2, -0.19, -0.18, 0.16, 0.15, 0.14, 0.14, 0.38, 0.5, 0.58, 0.44, 0.58, 0.24, 0.16, 0.1, 0.06, 0.04, 0.04, -0.23, -0.22, -0.22, -0.21, -0.2, 0.15, 0.15, 0.15, 0.18, 0.5, 0.57, 0.6, 0.65, 0.58, 0.24, 0.13, 0.05, 0.0, -0.0, 0.01, -0.24, -0.24, -0.24, -0.23, -0.22, -0.21, 0.13, 0.14, 0.18, 0.27, 0.59, 0.57, 0.59, 0.41, 0.19, 0.07, -0.03, -0.08, -0.06, -0.03, -0.74, -0.25, -0.25, -0.25, -0.25, -0.25, -0.03, 0.06, 0.1, 0.31, 0.44, 0.48, 0.27, 0.3, 0.13, 0.01, -0.14, -0.2, -0.08, -0.02, -0.75, -0.74, -0.72, -0.36, -0.36, -0.08, -0.07, -0.1, -0.14, 0.36, 0.7, 0.26, 0.17, 0.22, -0.04, -0.11, -0.2, -0.24, -0.19, -0.15, -0.76, -0.75, -0.73, -0.7, -0.37, -0.37, -0.35, -0.07, 0.02, 0.28, 0.46, 0.28, 0.2, 0.24, -0.02, -0.08, -0.14, -0.17, -0.16, -0.14, -0.78, -0.77, -0.75, -0.72, -0.67, -0.39, -0.37, -0.35, 0.04, 0.14, 0.37, 0.28, 0.22, 0.25, -0.01, -0.06, -0.1, -0.12, -0.13, -0.12, -0.79, -0.78, -0.76, -0.73, -0.66, -0.47, -0.65, -0.65, -0.33, 0.04, 0.24, 0.3, 0.27, 0.27, -0.01, -0.04, -0.07, -0.09, -0.1, -0.1, -0.8, -0.8, -0.79, -0.78, -0.75, -0.73, -0.77, -0.62, -0.51, -0.51, 0.17, -0.02, 0.01, 0.29, -0.01, -0.04, -0.06, -0.09, -0.1, -0.1, -0.82, -0.82, -0.83, -0.84, -0.88, -0.98, -1.09, -0.79, -0.61, -0.68, -0.52, -0.04, -0.02, 0.05, 0.05, -0.05, -0.07, -0.08, -0.09, -0.09, -0.83, -0.84, -0.86, -0.89, -0.96, -1.12, -1.46, -1.03, -0.81, -0.77, -0.59, -0.07, -0.05, -0.04, 0.03, -0.05, -0.06, -0.07, -0.08, -0.08, -0.84, -0.86, -0.88, -0.92, -0.98, -1.07, -1.12, -0.79, -0.6, -0.49, -0.43, 0.08, -0.06, -0.05, -0.05, -0.06, -0.06, -0.07, -0.07, -0.08, -0.85, -0.87, -0.61, -0.64, -0.68, -0.67, -0.65, -0.55, -0.44, -0.37, 0.14, 0.12, 0.09, 0.15, 0.12, 0.28, 0.34, 0.4, 0.32, 0.35, -0.53, -0.54, -0.55, -0.55, -0.5, -0.46, -0.39, -0.27, -0.19, -0.18, 0.21, 0.15, 0.09, 0.04, 0.21, 0.15, 0.23, 0.28, 0.32, 0.35, -0.5, -0.49, -0.48, -0.46, -0.37, -0.29, -0.15, 0.04, 0.14, 0.09, -0.02, 0.18, 0.1, 0.21, -0.02, 0.13, 0.24, 0.3, 0.35, 0.37, -0.46, -0.45, -0.42, -0.34, -0.28, -0.17, 0.01, 0.31, 0.56, 0.25, 0.18, 0.07, 0.45, 0.32, 0.12, 0.2, 0.29, 0.35, 0.38, 0.4, -0.43, -0.41, -0.52, -0.47, -0.39, -0.27, -0.09, 0.16, 0.46, 0.29, 0.13, 0.03, 0.54, 0.48, 0.27, 0.31, 0.37, 0.41, 0.43, 0.43, -0.57, -0.54, -0.51, -0.46, -0.39, -0.3, -0.19, -0.07, 0.2, 0.12, 0.03, -0.03, 0.63, 0.36, 0.38, 0.43, 0.47, 0.49, 0.48, 0.46, -0.56, -0.54, -0.51, -0.47, -0.43, -0.37, -0.31, -0.17, -0.03, -0.07, -0.11, -0.13, 0.16, 0.43, 0.48, 0.55, 0.59, 0.57, 0.52, 0.48, -0.56, -0.54, -0.52, -0.33, -0.33, -0.33, -0.34, -0.37, -0.42, -0.45, -0.47, 0.19, 0.06, 0.48, 0.55, 0.65, 0.78, 0.66, 0.54, 0.49, -0.38, -0.38, -0.38, -0.39, -0.4, -0.43, -0.47, -0.53, -0.61, -0.66, -0.63, -0.35, 0.01, 0.21, 0.39, 0.68, 1.12, 0.56, 0.48, 0.47, -0.41, -0.42, -0.43, -0.44, -0.47, -0.5, -0.56, -0.64, -0.77, -0.86, -0.75, -0.44, -0.21, 0.17, 0.33, 0.45, 0.43, 0.19, 0.4, 0.44, -0.44, -0.45, -0.46, -0.49, -0.52, -0.56, -0.62, -0.69, -0.8, -0.87, -0.67, -0.49, -0.29, 0.12, 0.26, 0.33, 0.32, 0.28, 0.4, 0.43, -0.46, -0.48, -0.5, -0.52, -0.55, -0.6, -0.65, -0.71, -0.77, -0.8, -0.66, -0.53, -0.36, 0.04, 0.16, 0.24, 0.27, 0.27, 0.28, 0.28, -0.48, -0.5, -0.52, -0.55, -0.58, -0.62, -0.67, -0.72, -0.77, -0.72, -0.72, -0.89, -0.85, -0.8, 0.07, 0.16, 0.21, 0.23, 0.24, 0.25, -0.5, -0.52, -0.54, -0.56, -0.6, -0.63, -0.68, -0.73, -0.79, -0.79, -0.96, -0.91, -0.86, -0.81, -0.01, 0.09, 0.15, 0.18, 0.2, 0.21, -0.51, -0.53, -0.55, -0.58, -0.61, -0.64, -0.68, -0.73, -0.91, -0.93, -0.94, -0.91, -0.86, -0.82, -0.06, 0.03, 0.09, 0.14, 0.16, 0.18, -0.52, -0.54, -0.56, -0.58, -0.61, -0.64, -0.68, -0.72, -0.9, -0.91, -0.91, -0.89, -0.86, -0.83, -0.09, -0.01, 0.05, 0.1, 0.13, 0.15, -0.53, -0.55, -0.57, -0.59, -0.61, -0.64, -0.67, -0.88, -0.88, -0.89, -0.88, -0.87, -0.85, -0.82, -0.1, -0.03, 0.03, 0.07, 0.1, 0.12]}, {"header": {"refTime": "2023-09-04T22:00:00.000Z", "nx": 21, "ny": 33, "lo1": 113.509, "la1": 22.2235, "lo2": 113.5947, "la2": 22.1034, "dx": 0.0042850000000001385, "dy": 0.003753125000000024, "parameterCategory": 2, "parameterCategoryName": "Temperature", "parameterNumber": 3}, "data": [-1.36, -1.33, -1.28, -0.98, -0.94, -0.54, -0.5, -0.46, -0.43, -0.42, -0.43, -0.45, -0.59, -0.62, -1.1, -1.23, -1.86, -1.94, -2.0, -2.04, -1.39, -1.35, -1.31, -1.25, -0.95, -0.88, -0.49, -0.42, -0.37, -0.38, -0.42, -0.44, -0.57, -0.6, -1.1, -1.76, -1.89, -1.99, -2.05, -2.1, -1.42, -1.39, -1.34, -1.29, -0.97, -0.9, -0.79, -0.39, -0.23, -0.36, -0.42, -0.42, -0.55, -0.58, -1.57, -1.78, -1.95, -2.07, -2.14, -2.17, -1.45, -1.43, -1.39, -1.34, -1.27, -0.96, -0.87, -0.72, -0.58, -0.42, -0.45, -0.4, -0.48, -0.82, -1.54, -1.83, -2.05, -2.2, -2.26, -2.27, -1.5, -1.48, -1.46, -1.42, -1.37, -1.05, -1.01, -0.96, -0.94, -0.55, -0.52, -0.74, -0.36, -0.74, -1.56, -1.95, -2.24, -2.4, -2.42, -2.38, -1.55, -1.54, -1.53, -1.51, -1.48, -1.43, -1.16, -1.19, -1.21, -1.23, -1.19, -0.96, -0.68, -1.23, -1.7, -2.14, -2.54, -2.7, -2.63, -2.5, -2.77, -1.61, -1.61, -1.61, -1.6, -1.57, -1.87, -1.37, -1.41, -1.7, -1.72, -1.37, -1.68, -1.68, -1.9, -2.35, -2.94, -3.16, -2.99, -2.82, -2.79, -2.77, -2.74, -2.16, -2.14, -1.98, -1.9, -1.78, -1.69, -1.69, -1.63, -2.18, -2.29, -2.05, -2.98, -3.15, -3.35, -3.42, -3.31, -3.24, -2.82, -2.81, -2.78, -2.74, -2.2, -2.18, -2.1, -1.86, -1.71, -1.72, -2.15, -2.42, -2.75, -2.59, -2.99, -3.1, -3.22, -3.27, -3.25, -3.21, -2.96, -2.95, -2.93, -2.79, -2.74, -2.31, -2.21, -2.09, -1.78, -1.75, -2.34, -2.58, -2.87, -2.66, -3.0, -3.07, -3.14, -3.18, -3.19, -3.17, -2.98, -2.97, -2.95, -2.91, -2.82, -2.58, -2.79, -2.74, -2.09, -1.82, -2.38, -2.52, -2.61, -2.58, -3.01, -3.05, -3.09, -3.13, -3.14, -3.14, -3.0, -3.0, -2.99, -2.98, -2.94, -2.92, -2.94, -2.65, -2.46, -2.85, -2.34, -2.58, -2.64, -2.52, -3.01, -3.04, -3.07, -3.5, -3.5, -3.51, -3.02, -3.03, -3.05, -3.07, -3.12, -3.27, -3.42, -2.92, -2.62, -2.76, -3.02, -2.53, -2.58, -3.03, -3.04, -3.49, -3.49, -3.5, -3.5, -3.51, -3.04, -3.06, -3.09, -3.14, -3.24, -3.48, -4.01, -3.31, -2.97, -2.9, -3.08, -2.92, -3.02, -3.08, -3.11, -3.5, -3.5, -3.51, -3.51, -3.51, -3.06, -3.08, -3.11, -3.17, -3.26, -3.4, -3.48, -2.52, -2.14, -1.89, -1.73, -1.58, -3.07, -3.14, -3.19, -3.52, -3.52, -3.51, -3.51, -3.51, -3.07, -3.09, -2.13, -2.18, -2.24, -2.17, -2.12, -1.9, -1.65, -1.5, -1.24, -1.54, -1.89, -2.46, -2.62, -3.63, -3.64, -3.65, -3.74, -3.74, -1.95, -1.95, -1.95, -1.93, -1.75, -1.66, -1.45, -1.16, -0.96, -0.96, -1.03, -1.49, -2.0, -2.53, -3.04, -3.73, -3.78, -3.82, -3.84, -3.86, -1.84, -1.81, -1.77, -1.68, -1.43, -1.2, -0.83, -0.32, -0.05, -0.67, -1.27, -1.4, -2.04, -2.98, -3.52, -3.72, -3.78, -3.83, -3.86, -3.87, -1.74, -1.69, -1.61, -1.36, -1.17, -0.88, -0.39, 0.41, 1.01, -0.16, -0.91, -1.59, -2.28, -2.82, -3.71, -3.76, -3.81, -3.85, -3.88, -3.89, -1.65, -1.58, -1.8, -1.66, -1.45, -1.14, -0.66, 0.03, 0.48, -0.25, -1.0, -1.58, -2.18, -2.6, -3.8, -3.82, -3.86, -3.89, -3.9, -3.91, -1.94, -1.88, -1.79, -1.67, -1.5, -1.27, -0.96, -0.64, -0.48, -0.83, -1.28, -1.68, -2.14, -3.85, -3.86, -3.89, -3.91, -3.93, -3.93, -3.93, -1.94, -1.89, -1.82, -1.73, -1.62, -1.49, -1.35, -0.65, -1.22, -1.42, -1.65, -1.86, -3.78, -3.89, -3.92, -3.94, -3.96, -3.97, -3.96, -3.95, -1.96, -1.92, -1.87, -0.92, -0.94, -0.98, -1.06, -1.2, -1.37, -1.48, -1.46, -2.25, -3.91, -3.93, -3.95, -3.98, -4.01, -4.01, -3.98, -3.97, -0.96, -0.98, -1.01, -1.05, -1.12, -1.22, -1.39, -1.66, -1.99, -2.16, -1.96, -3.03, -3.9, -3.94, -3.98, -4.0, -4.07, -4.02, -4.0, -3.98, -1.02, -1.05, -1.09, -1.15, -1.24, -1.39, -1.61, -1.96, -2.55, -3.03, -2.35, -2.97, -2.96, -3.94, -3.97, -4.0, -4.01, -4.0, -3.99, -3.98, -1.06, -1.1, -1.15, -1.22, -1.32, -1.47, -1.68, -2.01, -2.53, -2.95, -2.98, -2.8, -2.8, -3.93, -3.96, -3.53, -3.68, -3.72, -3.99, -3.98, -1.1, -1.14, -1.19, -1.26, -1.35, -1.48, -1.64, -1.84, -2.05, -2.09, -2.54, -2.49, -2.58, -2.85, -3.13, -3.35, -3.49, -3.55, -3.54, -3.51, -1.12, -1.16, -1.21, -1.28, -1.35, -1.44, -1.53, -1.61, -1.62, -2.06, -1.9, -2.06, -2.3, -2.53, -2.94, -3.17, -3.31, -3.39, -3.42, -3.41, -1.14, -1.18, -1.22, -1.27, -1.33, -1.39, -1.43, -1.44, -1.35, -1.52, -1.07, -1.69, -2.1, -2.39, -2.78, -3.0, -3.16, -3.25, -3.3, -3.31, -1.15, -1.18, -1.22, -1.26, -1.3, -1.33, -1.35, -1.33, -1.89, -1.5, -1.27, -1.66, -2.03, -2.3, -2.66, -2.88, -3.03, -3.13, -3.19, -3.23, -1.15, -1.18, -1.21, -1.24, -1.27, -1.29, -1.3, -1.27, -1.95, -1.76, -1.69, -1.84, -2.07, -2.29, -2.6, -2.79, -2.93, -3.03, -3.1, -3.15, -1.15, -1.18, -1.2, -1.23, -1.25, -1.26, -1.26, -2.16, -2.05, -1.95, -1.93, -2.01, -2.15, -2.3, -2.57, -2.73, -2.86, -2.96, -3.03, -3.08]}, {"header": {"refTime": "2023-09-04T22:00:00.000Z", "nx": 21, "ny": 33, "lo1": 113.509, "la1": 22.2235, "lo2": 113.5947, "la2": 22.1034, "dx": 0.0042850000000001385, "dy": 0.003753125000000024, "parameterCategory": 0, "parameterCategoryName": "Temperature", "parameterNumber": 0}, "data": [[30.46, 30.44, 30.42, 30.1, 30.09, 30.22, 30.2, 30.19, 30.18, 30.06, 30.08, 30.1, 30.25, 30.27, 30.14, 30.13, 30.22, 30.21, 30.2, 30.2], [30.47, 30.45, 30.43, 30.41, 30.1, 30.09, 30.19, 30.15, 30.13, 30.05, 30.08, 30.11, 30.27, 30.28, 30.15, 30.23, 30.22, 30.2, 30.19, 30.19], [30.48, 30.47, 30.45, 30.42, 30.1, 30.09, 30.08, 30.13, 30.03, 30.05, 30.09, 30.13, 30.29, 30.3, 30.26, 30.23, 30.2, 30.19, 30.18, 30.17], [30.49, 30.48, 30.47, 30.45, 30.42, 30.11, 30.09, 30.07, 30.05, 30.05, 30.1, 30.17, 30.32, 30.28, 30.26, 30.22, 30.19, 30.16, 30.15, 30.15], [30.51, 30.51, 30.49, 30.48, 30.45, 30.12, 30.12, 30.11, 30.09, 30.06, 30.11, 30.28, 30.35, 30.3, 30.26, 30.2, 30.15, 30.13, 30.12, 30.13], [30.53, 30.53, 30.53, 30.51, 30.5, 30.47, 30.16, 30.16, 30.14, 30.09, 30.17, 30.25, 30.31, 30.4, 30.25, 30.17, 30.1, 30.07, 30.09, 30.11], [30.78, 30.56, 30.56, 30.56, 30.55, 30.53, 30.45, 30.24, 30.23, 30.16, 30.09, 30.2, 30.4, 30.4, 30.23, 30.14, 30.03, 29.98, 29.99, 30.02], [30.79, 30.79, 30.79, 30.79, 30.78, 30.53, 30.48, 30.45, 30.41, 30.13, 29.93, 30.22, 30.22, 30.4, 30.09, 30.14, 30.03, 29.99, 30.05, 30.1], [30.71, 30.72, 30.81, 30.82, 30.82, 30.8, 30.74, 30.47, 30.28, 30.18, 30.03, 30.12, 30.16, 30.1, 30.1, 30.16, 30.1, 30.07, 30.09, 30.11], [31.0, 31.0, 31.0, 30.77, 30.8, 30.89, 30.83, 30.74, 30.1, 30.14, 30.16, 30.06, 30.1, 30.08, 30.1, 30.18, 30.14, 30.12, 30.12, 30.13], [31.0, 31.0, 31.0, 31.0, 31.0, 31.0, 31.0, 31.0, 30.82, 30.26, 29.8, 30.03, 30.06, 30.06, 30.09, 30.2, 30.17, 30.15, 30.15, 30.15], [31.0, 31.0, 31.0, 31.0, 31.0, 31.0, 31.0, 31.0, 31.0, -999.0, 29.8, 30.4, 30.4, 30.04, 30.09, 30.21, 30.2, 28.93, 28.96, 28.96], [31.0, 31.0, 31.0, 31.0, 31.0, 31.0, 31.0, 31.0, 31.0, 31.0, -999.0, 30.4, 30.4, 28.96, 29.6, 29.28, 29.29, 29.08, 29.11, 29.13], [31.0, 31.0, 31.0, 31.0, 31.0, 31.0, 31.0, 31.0, 31.0, 31.0, -999.0, 28.2, 28.2, 28.2, 29.41, 29.14, 29.17, 28.95, 29.0, 29.03], [31.0, 31.0, 31.0, 31.0, 31.0, 31.0, 31.0, 30.0, 30.0, 30.0, 30.0, 29.31, 28.2, 28.2, 28.2, 28.98, 29.03, 28.83, 28.89, 28.94], [31.0, 31.0, 30.37, 30.36, 30.34, 30.0, 30.0, 30.0, 30.0, 30.0, 28.87, 29.0, 28.82, 28.67, 28.84, 28.53, 28.58, 28.49, 28.89, 28.94], [30.36, 30.35, 30.65, 30.63, 30.0, 30.0, 30.0, 30.0, 30.0, 30.0, 29.23, 29.0, 28.77, 28.55, 28.52, 28.35, 28.41, 28.45, 28.48, 28.5], [30.64, 30.63, 30.61, 30.59, 30.0, 30.0, 30.0, 30.0, 30.0, 29.54, 29.3, 29.03, 28.75, 28.53, 28.25, 28.34, 28.41, 28.46, 28.49, 28.51], [30.62, 30.61, 30.58, 30.0, 30.0, 30.0, 30.0, 30.0, 29.84, 29.65, 29.48, 29.26, 28.86, 28.64, 28.33, 28.38, 28.45, 28.49, 28.52, 28.53], [30.61, 30.59, 30.0, 30.0, 30.0, 30.0, 30.0, 30.0, 29.83, 29.69, 29.51, 29.33, 28.94, 28.8, 28.43, 28.47, 28.51, 28.54, 28.55, 28.55], [30.0, 30.0, 30.0, 30.0, 30.0, 30.0, 30.0, 30.0, 29.72, 29.65, 29.53, 29.39, 29.01, 28.5, 28.51, 28.54, 28.57, 28.59, 28.59, 28.58], [30.0, 30.0, 30.0, 30.0, 30.0, 30.0, 30.0, 30.09, 29.69, 29.64, 29.57, 29.46, 29.07, 28.55, 28.58, 28.62, 28.65, 28.64, 28.62, 28.6], [30.0, 30.0, 30.0, 30.13, 30.12, 30.11, 30.11, 30.1, 30.09, 30.1, 30.11, 29.76, 29.2, 28.58, 28.62, 28.68, 28.74, 28.7, 28.64, 28.61], [30.14, 30.14, 30.14, 30.14, 30.13, 30.12, 30.12, 30.11, 30.09, 30.09, 30.1, 29.9, 29.22, 29.09, 28.97, 28.7, 28.9, 28.66, 28.62, 28.61], [30.15, 30.15, 30.15, 30.14, 30.14, 30.14, 30.13, 30.11, 30.08, 30.05, 30.1, 29.94, 29.87, 29.1, 28.97, 28.86, 28.61, 28.51, 28.59, 28.6], [30.16, 30.16, 30.16, 30.16, 30.15, 30.15, 30.14, 30.13, 30.1, 30.06, 30.02, 29.99, 29.92, 29.11, 28.99, 28.96, 28.84, 28.79, 28.59, 28.59], [30.16, 30.16, 30.17, 30.17, 30.17, 30.17, 30.17, 30.17, 30.16, 30.17, 30.08, 30.05, 29.98, 29.34, 29.18, 29.05, 28.96, 28.92, 28.92, 28.95], [30.17, 30.17, 30.17, 30.18, 30.18, 30.19, 30.2, 30.21, 30.23, 30.19, 30.21, 30.03, 29.88, 29.71, 29.28, 29.15, 29.06, 29.02, 29.0, 29.01], [30.18, 30.18, 30.18, 30.19, 30.19, 30.2, 30.22, 30.24, 30.29, 30.3, 30.37, 30.14, 29.94, 29.78, 29.37, 29.24, 29.16, 29.1, 29.08, 29.07], [30.18, 30.18, 30.19, 30.2, 30.2, 30.22, 30.23, 30.26, 30.1, 30.22, 30.3, 30.14, 29.96, 29.81, 29.43, 29.31, 29.23, 29.17, 29.14, 29.12], [30.19, 30.19, 30.2, 30.2, 30.21, 30.22, 30.24, 30.27, 30.06, 30.12, 30.13, 30.06, 29.94, 29.82, 29.47, 29.36, 29.28, 29.23, 29.19, 29.17], [30.19, 30.19, 30.2, 30.21, 30.22, 30.23, 30.24, 29.98, 30.01, 30.04, 30.03, 29.98, 29.9, 29.82, 29.48, 29.39, 29.32, 29.27, 29.23, 29.2]]}]