gis_exercise/awsData/contour/wdir_2023090318.json
[{"header": {"refTime": "2023-09-03T18:00:00.000Z", "nx": 21, "ny": 33, "lo1": 113.509, "la1": 22.2235, "lo2": 113.5947, "la2": 22.1034, "dx": 0.0042850000000001385, "dy": 0.003753125000000024, "parameterCategory": 2, "parameterCategoryName": "Temperature", "parameterNumber": 2}, "data": [-1.1, -1.08, -1.06, -0.83, -0.79, -0.83, -0.76, -0.7, -0.67, -0.42, -0.47, -0.52, -0.64, -0.67, -0.6, -0.6, -0.82, -0.81, -0.8, -0.8, -1.12, -1.1, -1.07, -1.04, -0.81, -0.75, -0.73, -0.61, -0.54, -0.38, -0.47, -0.53, -0.67, -0.69, -0.62, -0.82, -0.81, -0.8, -0.8, -0.79, -1.14, -1.12, -1.1, -1.07, -0.83, -0.78, -0.68, -0.55, -0.25, -0.35, -0.48, -0.57, -0.71, -0.73, -0.83, -0.82, -0.8, -0.79, -0.79, -0.79, -1.16, -1.15, -1.13, -1.11, -1.07, -0.84, -0.76, -0.62, -0.49, -0.4, -0.53, -0.63, -0.77, -0.85, -0.84, -0.81, -0.79, -0.78, -0.78, -0.78, -1.18, -1.18, -1.17, -1.16, -1.14, -0.93, -0.9, -0.84, -0.8, -0.49, -0.58, -0.84, -0.88, -0.86, -0.84, -0.8, -0.77, -0.76, -0.76, -0.76, -1.2, -1.21, -1.21, -1.21, -1.22, -1.23, -1.06, -1.09, -1.06, -0.96, -0.79, -0.83, -0.86, -0.98, -0.83, -0.79, -0.74, -0.73, -0.74, -0.75, -1.45, -1.23, -1.25, -1.26, -1.29, -1.33, -1.5, -1.36, -1.36, -1.16, -0.96, -0.81, -1.0, -1.02, -0.82, -0.77, -0.7, -0.67, -0.76, -0.8, -1.43, -1.44, -1.45, -1.92, -1.92, -1.44, -1.52, -1.69, -1.84, -1.13, -0.73, -0.91, -0.97, -1.05, -0.95, -0.87, -0.75, -0.71, -0.77, -0.81, -1.42, -1.42, -1.42, -1.43, -1.85, -1.87, -1.95, -1.56, -1.8, -1.19, -0.85, -0.98, -1.09, -1.04, -0.98, -0.9, -0.83, -0.8, -0.81, -0.83, -1.59, -1.58, -1.57, -1.39, -1.39, -1.72, -1.87, -2.04, -1.89, -1.74, -0.93, -1.02, -1.12, -1.05, -1.0, -0.94, -0.88, -0.86, -0.85, -0.86, -1.59, -1.58, -1.56, -1.53, -1.49, -1.33, -1.61, -1.88, -2.26, -1.97, -1.55, -1.0, -1.04, -1.03, -1.0, -0.96, -0.92, -0.89, -0.88, -0.88, -1.58, -1.57, -1.55, -1.53, -1.5, -1.49, -1.65, -2.1, -2.34, -2.03, -1.71, -1.64, -1.55, -1.0, -1.0, -0.96, -0.93, -0.99, -0.98, -0.97, -1.58, -1.57, -1.55, -1.53, -1.5, -1.45, -1.45, -1.91, -2.19, -2.01, -1.85, -1.73, -1.63, -1.16, -1.16, -1.06, -1.04, -1.02, -1.01, -1.0, -1.58, -1.57, -1.55, -1.53, -1.48, -1.38, -1.11, -1.59, -1.85, -1.88, -1.82, -1.83, -1.73, -1.66, -1.17, -1.08, -1.07, -1.05, -1.04, -1.03, -1.58, -1.57, -1.56, -1.53, -1.5, -1.45, -1.43, -1.49, -1.61, -1.65, -1.65, -1.69, -1.69, -1.62, -1.58, -1.11, -1.09, -1.07, -1.06, -1.05, -1.59, -1.58, -1.06, -1.05, -1.04, -1.41, -1.41, -1.45, -1.49, -1.52, -1.63, -1.59, -1.53, -1.18, -1.19, -1.15, -1.14, -1.12, -0.94, -0.92, -1.06, -1.05, -1.05, -1.04, -1.41, -1.39, -1.37, -1.36, -1.37, -1.4, -1.51, -1.5, -1.46, -1.39, -1.14, -0.96, -0.86, -0.78, -0.73, -0.69, -1.05, -1.05, -1.04, -1.03, -1.39, -1.35, -1.31, -1.24, -1.21, -0.99, -1.03, -1.43, -1.41, -1.14, -1.22, -0.99, -0.85, -0.76, -0.7, -0.66, -1.05, -1.04, -1.04, -1.4, -1.37, -1.32, -1.25, -1.12, -0.95, -0.98, -0.94, -0.97, -1.06, -1.11, -1.01, -0.91, -0.8, -0.72, -0.66, -0.63, -1.04, -1.04, -0.82, -0.82, -0.82, -0.83, -0.85, -0.87, -0.91, -0.91, -0.92, -0.95, -1.04, -1.06, -0.83, -0.78, -0.71, -0.65, -0.61, -0.59, -0.8, -0.8, -0.8, -0.81, -0.81, -0.81, -0.82, -0.83, -0.88, -0.88, -0.89, -0.91, -1.01, -0.72, -0.7, -0.66, -0.61, -0.57, -0.55, -0.54, -0.79, -0.79, -0.79, -0.79, -0.79, -0.79, -0.79, -0.72, -0.83, -0.83, -0.84, -0.87, -0.84, -0.64, -0.61, -0.57, -0.53, -0.5, -0.49, -0.49, -0.79, -0.78, -0.78, -0.68, -0.68, -0.68, -0.68, -0.67, -0.66, -0.65, -0.64, -0.69, -0.38, -0.57, -0.54, -0.51, -0.5, -0.45, -0.42, -0.44, -0.67, -0.67, -0.67, -0.67, -0.66, -0.66, -0.64, -0.63, -0.61, -0.59, -0.6, -0.58, -0.38, -0.36, -0.36, -0.46, -0.57, -0.32, -0.35, -0.4, -0.66, -0.66, -0.66, -0.65, -0.65, -0.64, -0.62, -0.6, -0.56, -0.54, -0.57, -0.57, -0.59, -0.36, -0.34, -0.32, -0.26, -0.13, -0.3, -0.37, -0.66, -0.65, -0.65, -0.64, -0.64, -0.63, -0.61, -0.59, -0.56, -0.54, -0.55, -0.57, -0.59, -0.35, -0.33, -0.3, -0.25, -0.21, -0.32, -0.37, -0.65, -0.65, -0.64, -0.64, -0.63, -0.62, -0.6, -0.59, -0.57, -0.57, -0.56, -0.57, -0.58, -0.38, -0.35, -0.31, -0.28, -0.27, -0.27, -0.28, -0.65, -0.64, -0.64, -0.63, -0.62, -0.61, -0.6, -0.59, -0.58, -0.56, -0.56, -0.43, -0.38, -0.32, -0.36, -0.33, -0.31, -0.3, -0.29, -0.3, -0.64, -0.64, -0.63, -0.63, -0.62, -0.61, -0.6, -0.59, -0.58, -0.56, -0.52, -0.46, -0.4, -0.34, -0.37, -0.35, -0.33, -0.32, -0.31, -0.31, -0.64, -0.64, -0.63, -0.63, -0.62, -0.61, -0.6, -0.59, -0.45, -0.48, -0.5, -0.45, -0.4, -0.35, -0.38, -0.36, -0.35, -0.33, -0.33, -0.33, -0.64, -0.63, -0.63, -0.62, -0.62, -0.61, -0.6, -0.6, -0.44, -0.45, -0.45, -0.43, -0.39, -0.36, -0.39, -0.37, -0.36, -0.35, -0.34, -0.34, -0.64, -0.63, -0.63, -0.62, -0.62, -0.61, -0.61, -0.41, -0.42, -0.43, -0.42, -0.41, -0.38, -0.35, -0.39, -0.38, -0.36, -0.35, -0.35, -0.34]}, {"header": {"refTime": "2023-09-03T18:00:00.000Z", "nx": 21, "ny": 33, "lo1": 113.509, "la1": 22.2235, "lo2": 113.5947, "la2": 22.1034, "dx": 0.0042850000000001385, "dy": 0.003753125000000024, "parameterCategory": 2, "parameterCategoryName": "Temperature", "parameterNumber": 3}, "data": [0.88, 0.88, 0.87, 0.78, 0.77, 1.02, 0.98, 0.95, 0.95, 0.79, 0.84, 0.89, 1.28, 1.32, 1.48, 1.53, 1.91, 1.93, 1.94, 1.95, 0.88, 0.88, 0.88, 0.87, 0.77, 0.76, 0.96, 0.89, 0.85, 0.76, 0.84, 0.92, 1.31, 1.35, 1.51, 1.89, 1.92, 1.94, 1.96, 1.97, 0.89, 0.89, 0.88, 0.88, 0.79, 0.77, 0.74, 0.84, 0.65, 0.74, 0.86, 0.97, 1.36, 1.39, 1.85, 1.9, 1.93, 1.96, 1.98, 1.98, 0.89, 0.89, 0.89, 0.89, 0.88, 0.79, 0.76, 0.72, 0.68, 0.77, 0.9, 1.06, 1.43, 1.4, 1.85, 1.91, 1.96, 1.99, 2.0, 2.01, 0.9, 0.9, 0.9, 0.9, 0.9, 0.82, 0.81, 0.79, 0.77, 0.81, 0.93, 1.39, 1.5, 1.43, 1.85, 1.93, 2.0, 2.04, 2.04, 2.03, 0.9, 0.9, 0.91, 0.91, 0.93, 0.94, 0.88, 0.89, 0.86, 0.79, 1.2, 1.35, 1.45, 1.69, 1.88, 1.98, 2.07, 2.11, 2.09, 2.06, 1.03, 0.9, 0.91, 0.92, 0.94, 0.97, 0.98, 1.01, 1.0, 1.04, 0.98, 1.3, 1.75, 1.74, 1.91, 2.02, 2.16, 2.22, 2.12, 2.07, 1.02, 1.02, 1.02, 1.4, 1.39, 0.92, 0.98, 1.12, 1.31, 0.98, 0.66, 1.49, 1.64, 1.78, 1.99, 2.08, 2.19, 2.23, 2.17, 2.13, 1.01, 1.01, 1.0, 0.99, 1.33, 1.34, 1.42, 1.02, 1.34, 1.08, 1.18, 1.5, 1.66, 1.59, 1.97, 2.04, 2.11, 2.14, 2.13, 2.11, 1.33, 1.31, 1.28, 0.96, 0.93, 1.19, 1.36, 1.55, 1.52, 1.39, 1.34, 1.52, 1.65, 1.58, 1.96, 2.01, 2.06, 2.09, 2.09, 2.09, 1.33, 1.31, 1.27, 1.22, 1.11, 0.76, 1.26, 1.63, 1.86, 1.66, 1.64, 1.48, 1.54, 1.53, 1.96, 2.0, 2.03, 2.06, 2.07, 2.07, 1.33, 1.31, 1.28, 1.24, 1.18, 1.16, 1.4, 1.89, 2.14, 2.07, 1.77, 2.06, 2.02, 1.49, 1.96, 1.99, 2.01, 1.99, 2.0, 2.0, 1.34, 1.32, 1.3, 1.28, 1.27, 1.28, 1.35, 1.76, 2.01, 1.83, 1.95, 2.11, 2.06, 1.79, 1.79, 1.92, 1.94, 1.95, 1.96, 1.97, 1.35, 1.34, 1.33, 1.32, 1.31, 1.28, 1.15, 1.49, 1.7, 1.71, 1.91, 2.07, 2.02, 1.98, 1.78, 1.89, 1.91, 1.92, 1.94, 1.95, 1.36, 1.35, 1.35, 1.34, 1.34, 1.33, 1.34, 1.77, 1.93, 2.01, 2.05, 2.22, 1.99, 1.95, 1.92, 1.86, 1.88, 1.9, 1.91, 1.92, 1.37, 1.37, 1.32, 1.32, 1.33, 1.81, 1.82, 1.89, 1.98, 2.03, 2.25, 2.19, 2.11, 1.87, 1.85, 1.79, 1.8, 1.81, 1.96, 1.98, 1.36, 1.37, 1.38, 1.4, 1.91, 1.92, 1.96, 2.02, 2.07, 2.09, 2.24, 2.16, 2.06, 1.94, 1.83, 1.83, 1.87, 1.91, 1.93, 1.95, 1.4, 1.41, 1.43, 1.47, 1.97, 2.01, 2.07, 2.16, 2.2, 2.0, 1.91, 2.15, 2.03, 1.83, 1.72, 1.81, 1.87, 1.92, 1.94, 1.96, 1.43, 1.45, 1.48, 2.0, 2.02, 2.07, 2.14, 2.26, 2.32, 2.11, 2.01, 1.91, 1.97, 1.88, 1.8, 1.85, 1.9, 1.94, 1.96, 1.98, 1.46, 1.48, 1.67, 1.7, 1.75, 1.82, 1.93, 2.08, 2.23, 2.11, 1.98, 1.9, 2.0, 1.94, 1.88, 1.91, 1.94, 1.97, 1.99, 2.0, 1.64, 1.65, 1.67, 1.7, 1.74, 1.79, 1.86, 1.94, 2.05, 1.99, 1.92, 1.86, 2.03, 1.94, 1.95, 1.97, 1.99, 2.01, 2.01, 2.02, 1.64, 1.65, 1.67, 1.69, 1.72, 1.75, 1.78, 1.72, 1.9, 1.87, 1.83, 1.81, 1.69, 1.98, 1.99, 2.02, 2.03, 2.04, 2.04, 2.04, 1.64, 1.65, 1.66, 1.55, 1.56, 1.57, 1.58, 1.57, 1.54, 1.51, 1.49, 1.84, 1.82, 2.01, 2.03, 2.05, 2.07, 2.07, 2.07, 2.06, 1.49, 1.5, 1.5, 1.5, 1.5, 1.49, 1.48, 1.45, 1.42, 1.39, 1.39, 1.31, 1.8, 1.89, 1.97, 2.07, 2.08, 2.11, 2.09, 2.07, 1.46, 1.46, 1.46, 1.45, 1.44, 1.42, 1.4, 1.37, 1.34, 1.32, 1.32, 1.27, 1.33, 1.88, 1.96, 2.03, 2.11, 2.13, 2.1, 2.08, 1.44, 1.43, 1.42, 1.41, 1.39, 1.37, 1.34, 1.31, 1.29, 1.28, 1.22, 1.22, 1.27, 1.87, 1.95, 1.9, 1.97, 2.0, 2.09, 2.07, 1.41, 1.4, 1.39, 1.37, 1.34, 1.32, 1.28, 1.24, 1.21, 1.18, 1.11, 1.13, 1.2, 1.57, 1.71, 1.81, 1.88, 1.91, 1.91, 1.89, 1.39, 1.38, 1.36, 1.34, 1.31, 1.27, 1.23, 1.18, 1.1, 0.98, 0.94, 1.03, 1.15, 1.26, 1.62, 1.73, 1.8, 1.83, 1.85, 1.84, 1.37, 1.35, 1.33, 1.31, 1.28, 1.24, 1.19, 1.12, 1.02, 0.83, 0.7, 0.92, 1.08, 1.21, 1.55, 1.65, 1.72, 1.77, 1.79, 1.8, 1.35, 1.34, 1.31, 1.29, 1.26, 1.21, 1.16, 1.09, 0.96, 0.84, 0.77, 0.91, 1.06, 1.18, 1.49, 1.59, 1.66, 1.71, 1.74, 1.75, 1.34, 1.32, 1.3, 1.27, 1.24, 1.2, 1.15, 1.09, 0.99, 0.94, 0.92, 0.98, 1.07, 1.17, 1.46, 1.55, 1.62, 1.66, 1.7, 1.72, 1.33, 1.31, 1.29, 1.26, 1.23, 1.2, 1.16, 1.07, 1.04, 1.01, 1.01, 1.05, 1.11, 1.17, 1.45, 1.52, 1.58, 1.63, 1.66, 1.68]}, {"header": {"refTime": "2023-09-03T18:00:00.000Z", "nx": 21, "ny": 33, "lo1": 113.509, "la1": 22.2235, "lo2": 113.5947, "la2": 22.1034, "dx": 0.0042850000000001385, "dy": 0.003753125000000024, "parameterCategory": 0, "parameterCategoryName": "Temperature", "parameterNumber": 0}, "data": [[29.61, 29.61, 29.6, 29.38, 29.39, 29.49, 29.5, 29.5, 29.51, 29.59, 29.62, 29.64, 29.69, 29.7, 29.6, 29.59, 29.66, 29.65, 29.64, 29.64], [29.62, 29.61, 29.6, 29.59, 29.39, 29.4, 29.49, 29.5, 29.51, 29.58, 29.61, 29.65, 29.7, 29.71, 29.6, 29.67, 29.65, 29.64, 29.63, 29.63], [29.63, 29.62, 29.61, 29.59, 29.38, 29.39, 29.41, 29.5, 29.5, 29.56, 29.62, 29.67, 29.72, 29.73, 29.69, 29.66, 29.64, 29.63, 29.62, 29.62], [29.64, 29.63, 29.62, 29.6, 29.58, 29.38, 29.4, 29.43, 29.45, 29.58, 29.64, 29.7, 29.74, 29.8, 29.69, 29.66, 29.63, 29.61, 29.6, 29.6], [29.65, 29.64, 29.63, 29.61, 29.59, 29.36, 29.37, 29.38, 29.39, 29.67, 29.67, 29.8, 29.8, 29.8, 29.69, 29.64, 29.6, 29.58, 29.58, 29.59], [29.66, 29.66, 29.65, 29.64, 29.61, 29.58, 29.33, 29.33, 29.36, 29.38, 29.8, 29.8, 29.8, 29.8, 29.68, 29.62, 29.56, 29.54, 29.55, 29.57], [29.75, 29.68, 29.68, 29.67, 29.64, 29.6, 29.7, 29.31, 29.3, 29.51, 29.44, 29.8, 29.8, 29.8, 29.67, 29.6, 29.5, 29.47, 29.47, 29.5], [29.77, 29.78, 29.78, 29.77, 29.75, 29.69, 29.57, 29.48, 29.27, 29.48, 29.46, 29.8, 29.8, 29.8, 29.55, 29.59, 29.5, 29.47, 29.52, 29.56], [29.63, 29.64, 29.82, 29.83, 29.84, 29.8, 29.68, 29.5, 29.2, 29.52, 29.8, 29.8, 29.8, 29.8, 29.56, 29.61, 29.56, 29.54, 29.55, 29.57], [30.2, 30.2, 30.2, 29.73, 29.8, 29.97, 29.85, 29.68, 29.2, 29.2, 29.8, 29.8, 29.8, 29.8, 29.56, 29.63, 29.59, 29.58, 29.58, 29.58], [30.2, 30.2, 30.2, 30.2, 30.2, 30.2, 30.2, 30.2, 29.85, 29.2, -999.0, 29.8, 29.8, 29.8, 29.56, 29.64, 29.61, 29.6, 29.6, 29.6], [30.2, 30.2, 30.2, 30.2, 30.2, 30.2, 30.2, 30.2, 30.2, -999.0, -999.0, 29.8, 29.8, 29.8, 29.55, 29.65, 29.64, 28.83, 28.85, 28.85], [30.2, 30.2, 30.2, 30.2, 30.2, 30.2, 30.2, 30.2, 30.2, 30.2, -999.0, 29.8, 29.8, 28.89, 29.29, 29.04, 29.04, 28.92, 28.94, 28.95], [30.2, 30.2, 30.2, 30.2, 30.2, 30.2, 30.2, 30.2, 30.2, 30.2, -999.0, 28.4, 28.4, 28.4, 29.17, 28.95, 28.97, 28.84, 28.87, 28.89], [30.2, 30.2, 30.2, 30.2, 30.2, 30.2, 30.2, 29.7, 29.7, 29.7, 29.7, 29.2, 28.4, 28.4, 28.4, 28.86, 28.89, 28.77, 28.81, 28.84], [30.2, 30.2, 29.89, 29.88, 29.87, 29.7, 29.7, 29.7, 29.7, 29.7, 28.88, 28.97, 28.85, 28.74, 28.86, 28.4, 28.4, 28.4, 28.66, 28.68], [29.88, 29.88, 30.02, 30.02, 29.7, 29.7, 29.7, 29.7, 29.7, 29.7, 29.14, 28.98, 28.81, 28.65, 28.55, 28.41, 28.42, 28.42, 28.43, 28.43], [30.02, 30.02, 30.01, 29.99, 29.7, 29.7, 29.7, 29.7, 29.7, 29.37, 29.2, 29.0, 28.8, 28.57, 28.42, 28.41, 28.42, 28.42, 28.43, 28.43], [30.01, 30.0, 29.99, 29.7, 29.7, 29.7, 29.7, 29.7, 29.58, 29.45, 29.23, 29.07, 28.76, 28.62, 28.41, 28.42, 28.42, 28.43, 28.43, 28.43], [30.0, 30.0, 29.41, 29.43, 29.45, 29.47, 29.51, 29.62, 29.52, 29.39, 29.24, 29.1, 28.79, 28.68, 28.42, 28.42, 28.43, 28.43, 28.43, 28.43], [29.4, 29.4, 29.41, 29.49, 29.5, 29.52, 29.54, 29.56, 29.38, 29.31, 29.22, 29.12, 28.8, 28.43, 28.43, 28.43, 28.43, 28.43, 28.43, 28.44], [29.47, 29.47, 29.47, 29.48, 29.48, 29.48, 29.49, 29.65, 29.29, 29.26, 29.2, 29.13, 28.66, 28.43, 28.43, 28.43, 28.43, 28.44, 28.44, 28.44], [29.46, 29.46, 29.46, 29.7, 29.68, 29.67, 29.64, 29.62, 29.59, 29.59, 29.61, 29.14, 28.73, 28.43, 28.43, 28.43, 28.43, 28.44, 28.44, 28.44], [29.72, 29.72, 29.71, 29.7, 29.68, 29.66, 29.63, 29.59, 29.53, 29.5, 29.55, 29.3, 28.74, 28.66, 28.59, 28.44, 28.42, 28.45, 28.45, 28.45], [29.73, 29.72, 29.72, 29.71, 29.69, 29.67, 29.63, 29.57, 29.45, 29.35, 29.51, 29.35, 29.3, 28.67, 28.6, 28.54, 28.45, 28.47, 28.45, 28.45], [29.74, 29.73, 29.73, 29.72, 29.71, 29.69, 29.66, 29.6, 29.48, 29.39, 29.4, 29.43, 29.38, 28.68, 28.62, 28.75, 28.66, 28.64, 28.45, 28.45], [29.75, 29.74, 29.74, 29.74, 29.73, 29.72, 29.7, 29.68, 29.65, 29.66, 29.58, 29.56, 29.49, 29.15, 28.98, 28.85, 28.77, 28.74, 28.74, 28.76], [29.75, 29.75, 29.75, 29.75, 29.75, 29.76, 29.76, 29.78, 29.82, 29.78, 29.85, 29.76, 29.63, 29.49, 29.09, 28.96, 28.88, 28.83, 28.82, 28.82], [29.76, 29.77, 29.77, 29.77, 29.78, 29.79, 29.82, 29.86, 29.95, 30.02, 30.22, 29.93, 29.72, 29.56, 29.19, 29.06, 28.97, 28.91, 28.89, 28.88], [29.77, 29.78, 29.78, 29.79, 29.8, 29.82, 29.85, 29.9, 29.85, 30.02, 30.13, 29.94, 29.75, 29.61, 29.25, 29.13, 29.04, 28.98, 28.95, 28.93], [29.78, 29.79, 29.79, 29.8, 29.82, 29.84, 29.87, 29.92, 29.82, 29.9, 29.93, 29.85, 29.73, 29.62, 29.29, 29.18, 29.1, 29.04, 29.0, 28.97], [29.79, 29.79, 29.8, 29.81, 29.83, 29.85, 29.88, 29.71, 29.76, 29.8, 29.81, 29.76, 29.69, 29.61, 29.31, 29.21, 29.14, 29.08, 29.04, 29.01]]}]