gis_exercise/awsData/contour/wdir_2023090507.json
[{"header": {"refTime": "2023-09-05T07:00:00.000Z", "nx": 21, "ny": 33, "lo1": 113.509, "la1": 22.2235, "lo2": 113.5947, "la2": 22.1034, "dx": 0.0042850000000001385, "dy": 0.003753125000000024, "parameterCategory": 2, "parameterCategoryName": "Temperature", "parameterNumber": 2}, "data": [0.89, 0.89, 0.88, 1.16, 1.13, 1.0, 0.96, 0.93, 0.92, 0.95, 1.01, 1.06, 1.08, 1.11, 1.25, 1.29, 1.58, 1.6, 1.61, 1.62, 0.89, 0.89, 0.89, 0.88, 1.13, 1.09, 0.94, 0.87, 0.83, 0.9, 0.99, 1.07, 1.1, 1.13, 1.27, 1.56, 1.59, 1.61, 1.62, 1.63, 0.89, 0.89, 0.89, 0.89, 1.15, 1.1, 1.02, 0.83, 0.65, 0.86, 1.01, 1.09, 1.13, 1.15, 1.52, 1.57, 1.6, 1.63, 1.64, 1.65, 0.89, 0.9, 0.9, 0.9, 0.9, 1.14, 1.08, 0.97, 0.88, 0.94, 1.07, 1.15, 1.17, 1.39, 1.52, 1.58, 1.62, 1.65, 1.67, 1.67, 0.89, 0.9, 0.9, 0.91, 0.92, 1.21, 1.18, 1.15, 1.13, 1.08, 1.15, 1.37, 1.29, 1.37, 1.52, 1.6, 1.66, 1.7, 1.7, 1.69, 0.89, 0.9, 0.9, 0.92, 0.94, 0.97, 1.28, 1.3, 1.32, 1.34, 1.48, 1.42, 1.36, 1.72, 1.55, 1.64, 1.73, 1.77, 1.75, 1.72, 1.66, 0.89, 0.9, 0.91, 0.94, 0.99, 1.34, 1.42, 1.46, 1.61, 1.61, 1.5, 1.84, 1.9, 1.58, 1.69, 1.82, 1.87, 2.04, 2.07, 1.66, 1.62, 1.59, 1.39, 1.39, 1.2, 1.3, 1.45, 1.61, 1.61, 1.62, 1.89, 1.96, 2.09, 2.27, 2.19, 2.09, 2.05, 2.11, 2.15, 1.66, 1.62, 1.57, 1.5, 1.3, 1.32, 1.43, 1.35, 1.79, 1.61, 2.02, 2.21, 2.58, 2.4, 2.35, 2.25, 2.17, 2.14, 2.15, 2.17, 1.95, 1.9, 1.82, 1.47, 1.31, 1.1, 1.32, 1.57, 1.95, 1.92, 2.19, 2.43, 2.75, 2.5, 2.4, 2.3, 2.24, 2.2, 2.19, 2.19, 1.97, 1.92, 1.85, 1.71, 1.43, 0.6, 1.62, 2.09, 1.88, 2.07, 2.57, 2.37, 2.47, 2.43, 2.41, 2.33, 2.28, 2.24, 2.22, 2.22, 2.0, 1.97, 1.92, 1.84, 1.71, 1.64, 2.02, 2.36, 2.47, 2.92, 2.58, 2.59, 2.6, 2.36, 2.4, 2.34, 2.3, 2.76, 2.74, 2.73, 2.04, 2.03, 2.02, 2.02, 2.07, 2.28, 2.59, 2.53, 2.5, 2.41, 2.99, 2.57, 2.58, 2.8, 2.81, 2.92, 2.88, 2.84, 2.81, 2.8, 2.08, 2.09, 2.11, 2.16, 2.28, 2.57, 3.07, 2.65, 2.49, 2.42, 3.0, 3.06, 3.11, 3.14, 2.88, 2.98, 2.94, 2.91, 2.88, 2.85, 2.12, 2.14, 2.17, 2.24, 2.35, 2.52, 2.65, 2.67, 2.54, 2.44, 2.39, 2.45, 3.14, 3.17, 3.19, 3.05, 3.01, 2.97, 2.93, 2.9, 2.15, 2.17, 1.78, 1.84, 1.93, 2.53, 2.51, 2.43, 2.34, 2.28, 2.3, 2.44, 2.6, 2.88, 2.96, 3.3, 3.29, 3.27, 2.92, 2.88, 1.71, 1.73, 1.76, 1.79, 2.37, 2.33, 2.25, 2.14, 2.06, 2.06, 2.21, 2.42, 2.66, 2.9, 3.08, 3.0, 2.86, 2.74, 2.66, 2.6, 1.7, 1.71, 1.73, 1.74, 2.24, 2.15, 2.01, 1.8, 1.7, 1.98, 2.25, 2.38, 2.68, 3.05, 3.35, 3.05, 2.85, 2.72, 2.63, 2.57, 1.68, 1.69, 1.69, 2.22, 2.14, 2.03, 1.83, 1.51, 1.28, 1.77, 1.93, 2.23, 2.69, 2.95, 3.08, 2.93, 2.77, 2.65, 2.57, 2.52, 1.67, 1.67, 2.08, 2.03, 1.96, 1.86, 1.71, 1.5, 1.4, 1.64, 1.92, 2.18, 2.61, 2.8, 2.82, 2.75, 2.64, 2.56, 2.5, 2.46, 2.1, 2.08, 2.05, 2.01, 1.95, 1.87, 1.77, 1.67, 1.67, 1.79, 1.96, 2.14, 2.57, 2.66, 2.64, 2.58, 2.51, 2.45, 2.41, 2.39, 2.09, 2.06, 2.03, 2.0, 1.95, 1.9, 1.84, 1.61, 1.84, 1.91, 2.01, 2.13, 2.85, 2.54, 2.5, 2.46, 2.41, 2.36, 2.32, 2.31, 2.07, 2.05, 2.03, 1.71, 1.71, 1.71, 1.71, 1.73, 1.76, 1.78, 1.79, 2.03, 2.07, 2.45, 2.41, 2.38, 2.4, 2.29, 2.22, 2.23, 1.74, 1.74, 1.75, 1.75, 1.76, 1.77, 1.79, 1.83, 1.88, 1.91, 1.89, 2.33, 2.07, 2.08, 2.1, 2.31, 2.6, 2.06, 2.08, 2.16, 1.76, 1.77, 1.77, 1.78, 1.8, 1.82, 1.85, 1.9, 1.97, 2.03, 1.96, 2.3, 2.38, 2.06, 2.06, 2.04, 1.93, 1.66, 1.98, 2.11, 1.78, 1.79, 1.8, 1.81, 1.83, 1.85, 1.89, 1.93, 1.99, 2.03, 2.22, 2.29, 2.36, 2.04, 2.02, 1.99, 1.89, 1.82, 2.02, 2.11, 1.79, 1.8, 1.82, 1.83, 1.85, 1.88, 1.91, 1.94, 1.98, 2.0, 2.23, 2.28, 2.34, 2.05, 2.02, 1.98, 1.94, 1.91, 1.92, 1.94, 1.81, 1.82, 1.83, 1.85, 1.87, 1.89, 1.92, 1.96, 1.99, 2.21, 2.22, 1.96, 1.88, 1.8, 2.03, 2.0, 1.97, 1.95, 1.95, 1.96, 1.82, 1.83, 1.84, 1.86, 1.88, 1.9, 1.93, 1.96, 2.0, 2.2, 2.1, 2.0, 1.91, 1.83, 2.03, 2.01, 1.99, 1.98, 1.97, 1.98, 1.83, 1.84, 1.85, 1.87, 1.89, 1.91, 1.94, 1.97, 2.0, 2.04, 2.06, 2.0, 1.92, 1.84, 2.04, 2.02, 2.01, 2.0, 1.99, 1.99, 1.83, 1.84, 1.86, 1.87, 1.89, 1.91, 1.93, 1.96, 1.98, 2.0, 2.0, 1.96, 1.91, 1.85, 2.05, 2.03, 2.02, 2.01, 2.0, 2.0, 1.84, 1.85, 1.86, 1.88, 1.89, 1.91, 1.93, 1.94, 1.95, 1.96, 1.95, 1.93, 1.89, 1.84, 2.05, 2.04, 2.03, 2.02, 2.01, 2.01]}, {"header": {"refTime": "2023-09-05T07:00:00.000Z", "nx": 21, "ny": 33, "lo1": 113.509, "la1": 22.2235, "lo2": 113.5947, "la2": 22.1034, "dx": 0.0042850000000001385, "dy": 0.003753125000000024, "parameterCategory": 2, "parameterCategoryName": "Temperature", "parameterNumber": 3}, "data": [-1.29, -1.25, -1.18, -0.55, -0.51, -0.63, -0.55, -0.47, -0.45, -0.33, -0.46, -0.58, -0.89, -0.96, -1.02, -1.07, -1.65, -1.65, -1.66, -1.66, -1.33, -1.28, -1.22, -1.13, -0.52, -0.44, -0.49, -0.33, -0.23, -0.23, -0.45, -0.62, -0.95, -1.02, -1.08, -1.65, -1.65, -1.66, -1.66, -1.66, -1.37, -1.33, -1.27, -1.19, -0.55, -0.47, -0.34, -0.22, 0.23, -0.14, -0.48, -0.72, -1.06, -1.11, -1.64, -1.65, -1.65, -1.66, -1.66, -1.66, -1.43, -1.39, -1.34, -1.27, -1.17, -0.55, -0.44, -0.26, -0.09, -0.29, -0.61, -0.89, -1.22, -1.44, -1.64, -1.65, -1.66, -1.66, -1.66, -1.66, -1.49, -1.47, -1.43, -1.38, -1.3, -0.66, -0.62, -0.55, -0.51, -0.51, -0.75, -1.44, -1.52, -1.46, -1.64, -1.65, -1.66, -1.67, -1.67, -1.67, -1.56, -1.55, -1.54, -1.51, -1.46, -1.4, -0.82, -0.85, -0.84, -0.8, -1.29, -1.4, -1.48, -1.81, -1.65, -1.66, -1.67, -1.68, -1.68, -1.67, -1.79, -1.64, -1.65, -1.65, -1.63, -1.6, -1.82, -1.14, -1.16, -1.29, -1.19, -1.35, -1.86, -1.9, -1.65, -1.67, -1.69, -1.69, -1.83, -1.86, -1.79, -1.82, -1.86, -2.81, -2.77, -2.0, -1.88, -1.77, -1.66, -1.25, -0.95, -1.62, -1.77, -2.0, -2.02, -1.94, -1.83, -1.79, -1.85, -1.89, -1.79, -1.83, -1.88, -1.95, -2.84, -2.8, -2.69, -1.84, -1.88, -1.33, -1.5, -1.82, -2.15, -1.99, -2.07, -1.98, -1.91, -1.88, -1.89, -1.91, -2.35, -2.37, -2.41, -1.99, -2.15, -2.91, -2.88, -2.83, -2.2, -2.04, -1.7, -1.96, -2.24, -2.04, -2.1, -2.02, -1.97, -1.94, -1.93, -1.93, -2.32, -2.34, -2.37, -2.43, -2.56, -2.92, -2.63, -2.74, -3.16, -2.45, -2.49, -1.9, -1.99, -1.97, -2.11, -2.05, -2.0, -1.97, -1.96, -1.95, -2.29, -2.29, -2.3, -2.32, -2.37, -2.42, -2.4, -2.91, -3.24, -2.77, -2.68, -2.76, -2.67, -1.9, -2.1, -2.06, -2.02, -2.16, -2.14, -2.14, -2.26, -2.24, -2.22, -2.18, -2.09, -1.85, -1.61, -2.46, -2.97, -2.73, -2.54, -2.84, -2.74, -2.25, -2.25, -2.24, -2.21, -2.19, -2.17, -2.16, -2.22, -2.2, -2.15, -2.07, -1.9, -1.51, -0.65, -1.8, -2.38, -2.49, -2.43, -3.02, -2.92, -2.85, -2.25, -2.25, -2.23, -2.21, -2.2, -2.18, -2.2, -2.17, -2.11, -2.02, -1.88, -1.65, -1.53, -1.32, -1.57, -1.65, -1.65, -2.28, -2.86, -2.78, -2.74, -2.26, -2.24, -2.23, -2.21, -2.2, -2.19, -2.15, -1.11, -1.05, -0.97, -1.16, -1.17, -1.24, -1.33, -1.4, -2.09, -2.12, -2.16, -1.94, -2.0, -2.15, -2.11, -2.08, -1.81, -1.78, -1.12, -1.09, -1.05, -0.99, -1.18, -1.14, -1.1, -1.09, -1.1, -1.17, -1.86, -1.99, -2.09, -2.17, -1.92, -1.78, -1.6, -1.46, -1.36, -1.28, -1.08, -1.05, -1.01, -0.95, -1.14, -1.07, -0.98, -0.86, -0.81, -0.67, -0.88, -1.87, -2.04, -1.9, -2.24, -1.84, -1.59, -1.42, -1.31, -1.24, -1.05, -1.02, -0.97, -1.16, -1.1, -1.01, -0.88, -0.64, -0.37, -0.6, -0.84, -1.09, -1.53, -1.78, -1.88, -1.7, -1.48, -1.33, -1.24, -1.18, -1.03, -0.99, -0.21, -0.21, -0.22, -0.22, -0.23, -0.25, -0.46, -0.61, -0.8, -1.01, -1.43, -1.58, -1.55, -1.45, -1.31, -1.21, -1.14, -1.1, -0.21, -0.21, -0.21, -0.21, -0.22, -0.22, -0.23, -0.23, -0.56, -0.64, -0.77, -0.92, -1.34, -1.34, -1.3, -1.22, -1.13, -1.06, -1.03, -1.01, -0.21, -0.21, -0.21, -0.21, -0.21, -0.21, -0.22, -0.5, -0.58, -0.63, -0.72, -0.83, -1.21, -1.18, -1.12, -1.04, -0.97, -0.93, -0.91, -0.92, -0.2, -0.21, -0.21, -0.62, -0.6, -0.58, -0.55, -0.52, -0.51, -0.51, -0.54, -0.44, -0.42, -1.06, -0.99, -0.91, -0.87, -0.81, -0.8, -0.84, -0.67, -0.67, -0.65, -0.64, -0.63, -0.6, -0.57, -0.53, -0.48, -0.46, -0.52, -0.79, -0.41, -0.46, -0.51, -0.83, -0.9, -0.63, -0.69, -0.77, -0.69, -0.69, -0.68, -0.67, -0.66, -0.64, -0.6, -0.54, -0.42, -0.31, -0.49, -0.79, -0.9, -0.44, -0.49, -0.52, -0.56, -0.41, -0.63, -0.74, -0.71, -0.71, -0.7, -0.7, -0.69, -0.68, -0.66, -0.6, -0.48, -0.37, -0.67, -0.86, -0.95, -0.43, -0.46, -0.72, -0.61, -0.56, -0.67, -0.74, -0.73, -0.73, -0.73, -0.73, -0.74, -0.74, -0.73, -0.72, -0.7, -0.73, -0.93, -1.01, -1.04, -0.99, -0.88, -0.78, -0.7, -0.67, -0.67, -0.7, -0.75, -0.75, -0.76, -0.77, -0.78, -0.8, -0.82, -0.86, -0.94, -1.16, -1.25, -1.04, -0.91, -0.79, -0.95, -0.85, -0.78, -0.75, -0.74, -0.74, -0.77, -0.77, -0.78, -0.8, -0.82, -0.85, -0.9, -0.97, -1.11, -1.43, -1.59, -1.25, -1.02, -0.87, -1.01, -0.92, -0.85, -0.81, -0.79, -0.79, -0.78, -0.79, -0.81, -0.83, -0.85, -0.89, -0.95, -1.03, -1.14, -1.35, -1.48, -1.26, -1.06, -0.91, -1.05, -0.97, -0.9, -0.86, -0.84, -0.83, -0.8, -0.81, -0.83, -0.85, -0.88, -0.92, -0.97, -1.05, -1.11, -1.21, -1.25, -1.16, -1.04, -0.92, -1.08, -1.0, -0.94, -0.9, -0.88, -0.86, -0.81, -0.82, -0.84, -0.86, -0.89, -0.93, -0.98, -0.99, -1.05, -1.1, -1.11, -1.07, -0.99, -0.91, -1.09, -1.02, -0.97, -0.94, -0.91, -0.89]}, {"header": {"refTime": "2023-09-05T07:00:00.000Z", "nx": 21, "ny": 33, "lo1": 113.509, "la1": 22.2235, "lo2": 113.5947, "la2": 22.1034, "dx": 0.0042850000000001385, "dy": 0.003753125000000024, "parameterCategory": 0, "parameterCategoryName": "Temperature", "parameterNumber": 0}, "data": [[28.55, 28.55, 28.54, 28.26, 28.27, 28.65, 28.65, 28.65, 28.66, 28.64, 28.68, 28.72, 29.04, 29.07, 29.11, 29.12, 29.29, 29.28, 29.27, 29.27], [28.56, 28.55, 28.55, 28.54, 28.27, 28.29, 28.63, 28.62, 28.62, 28.62, 28.68, 28.75, 29.08, 29.1, 29.14, 29.3, 29.29, 29.28, 29.27, 29.27], [28.56, 28.56, 28.55, 28.54, 28.26, 28.28, 28.31, 28.59, 28.53, 28.6, 28.7, 28.8, 29.13, 29.15, 29.31, 29.3, 29.28, 29.27, 29.27, 29.26], [28.57, 28.56, 28.56, 28.54, 28.53, 28.27, 28.29, 28.34, 28.38, 28.61, 28.73, 28.9, 29.23, 29.09, 29.32, 29.29, 29.28, 29.27, 29.26, 29.26], [28.58, 28.57, 28.56, 28.55, 28.54, 28.24, 28.26, 28.27, 28.27, 28.61, 28.74, 29.11, 29.34, 29.15, 29.31, 29.28, 29.26, 29.25, 29.25, 29.25], [28.59, 28.59, 28.58, 28.57, 28.55, 28.52, 28.22, 28.21, 28.2, 28.16, 28.78, 29.0, 29.19, 29.37, 29.3, 29.27, 29.25, 29.24, 29.24, 29.25], [28.64, 28.6, 28.6, 28.59, 28.57, 28.53, 28.32, 28.18, 28.16, 28.24, 28.26, 28.81, 29.27, 29.3, 29.27, 29.25, 29.23, 29.22, 29.26, 29.27], [28.66, 28.66, 28.66, 28.66, 28.64, 28.44, 28.36, 28.26, 28.22, 28.19, 28.06, 28.73, 28.74, 29.3, 29.16, 29.15, 29.17, 29.18, 29.17, 29.16], [28.54, 28.55, 28.7, 28.71, 28.71, 28.68, 28.58, 28.32, 28.1, 28.26, 28.36, 28.54, 28.62, 28.51, 29.16, 29.15, 29.16, 29.17, 29.16, 29.16], [29.0, 29.0, 29.0, 28.63, 28.68, 28.82, 28.72, 28.58, 28.03, 28.05, 28.63, 28.43, 28.49, 28.46, 29.16, 29.14, 29.15, 29.16, 29.16, 29.15], [29.0, 29.0, 29.0, 29.0, 29.0, 29.0, 29.0, 29.0, 28.72, 28.1, 27.9, 28.36, 28.41, 28.41, 29.16, 29.14, 29.15, 29.15, 29.15, 29.15], [29.0, 29.0, 29.0, 29.0, 29.0, 29.0, 29.0, 29.0, 29.0, -999.0, 27.9, 29.1, 29.1, 28.38, 29.16, 29.14, 29.14, 28.18, 28.2, 28.21], [29.0, 29.0, 29.0, 29.0, 29.0, 29.0, 29.0, 29.0, 29.0, 29.0, -999.0, 29.1, 29.1, 27.99, 28.48, 28.54, 28.56, 28.34, 28.37, 28.39], [29.0, 29.0, 29.0, 29.0, 29.0, 29.0, 29.0, 29.0, 29.0, 29.0, -999.0, 27.4, 27.4, 27.4, 28.33, 28.39, 28.42, 28.2, 28.25, 28.28], [29.0, 29.0, 29.0, 29.0, 29.0, 29.0, 29.0, 28.2, 28.2, 28.2, 28.2, 27.89, 27.4, 27.4, 27.4, 28.22, 28.28, 28.07, 28.13, 28.19], [29.0, 29.0, 28.5, 28.49, 28.47, 28.2, 28.2, 28.2, 28.2, 28.2, 27.7, 27.75, 27.68, 27.61, 27.69, 27.77, 27.82, 27.72, 28.14, 28.19], [28.49, 28.48, 28.72, 28.7, 28.2, 28.2, 28.2, 28.2, 28.2, 28.2, 27.86, 27.76, 27.65, 27.56, 27.61, 27.6, 27.67, 27.72, 27.76, 27.79], [28.71, 28.7, 28.69, 28.67, 28.2, 28.2, 28.2, 28.2, 28.2, 28.0, 27.89, 27.77, 27.64, 27.61, 27.43, 27.58, 27.68, 27.74, 27.78, 27.8], [28.7, 28.69, 28.67, 28.2, 28.2, 28.2, 28.2, 28.2, 28.13, 28.04, 28.01, 27.91, 27.8, 27.68, 27.56, 27.64, 27.72, 27.78, 27.81, 27.83], [28.69, 28.67, 28.31, 28.31, 28.3, 28.29, 28.27, 28.23, 28.15, 28.1, 28.03, 27.95, 27.86, 27.8, 27.7, 27.74, 27.79, 27.83, 27.85, 27.86], [28.32, 28.32, 28.32, 28.28, 28.28, 28.27, 28.27, 28.26, 28.12, 28.1, 28.05, 27.99, 27.92, 27.78, 27.8, 27.84, 27.87, 27.89, 27.89, 27.89], [28.29, 28.29, 28.29, 28.29, 28.29, 28.29, 28.28, 28.3, 28.13, 28.12, 28.08, 28.03, 28.05, 27.84, 27.88, 27.93, 27.96, 27.96, 27.94, 27.92], [28.3, 28.3, 28.3, 28.32, 28.32, 28.32, 28.32, 28.33, 28.33, 28.34, 28.34, 28.34, 28.19, 27.89, 27.93, 28.0, 28.07, 28.02, 27.97, 27.93], [28.33, 28.33, 28.33, 28.33, 28.33, 28.33, 28.34, 28.35, 28.36, 28.36, 28.36, 28.4, 28.2, 28.17, 28.14, 28.03, 28.22, 28.01, 27.96, 27.94], [28.33, 28.33, 28.33, 28.34, 28.34, 28.34, 28.35, 28.36, 28.37, 28.39, 28.37, 28.4, 28.4, 28.16, 28.13, 28.1, 27.96, 27.88, 27.93, 27.93], [28.34, 28.34, 28.34, 28.34, 28.35, 28.35, 28.36, 28.37, 28.38, 28.39, 28.4, 28.4, 28.4, 28.16, 28.13, 28.09, 28.04, 28.01, 27.93, 27.93], [28.34, 28.34, 28.34, 28.35, 28.35, 28.35, 28.36, 28.37, 28.37, 28.38, 28.4, 28.4, 28.4, 28.17, 28.14, 28.11, 28.08, 28.06, 28.06, 28.08], [28.34, 28.34, 28.35, 28.35, 28.35, 28.36, 28.36, 28.37, 28.37, 28.4, 28.4, 28.3, 28.25, 28.2, 28.16, 28.13, 28.1, 28.09, 28.09, 28.09], [28.34, 28.35, 28.35, 28.35, 28.35, 28.36, 28.36, 28.37, 28.38, 28.4, 28.37, 28.32, 28.26, 28.21, 28.17, 28.15, 28.13, 28.11, 28.11, 28.11], [28.34, 28.35, 28.35, 28.35, 28.36, 28.36, 28.36, 28.37, 28.32, 28.34, 28.35, 28.31, 28.27, 28.22, 28.19, 28.16, 28.14, 28.13, 28.12, 28.12], [28.35, 28.35, 28.35, 28.35, 28.36, 28.36, 28.36, 28.37, 28.3, 28.32, 28.32, 28.29, 28.26, 28.23, 28.19, 28.17, 28.15, 28.14, 28.13, 28.13], [28.35, 28.35, 28.35, 28.35, 28.36, 28.36, 28.36, 28.28, 28.29, 28.29, 28.29, 28.27, 28.25, 28.22, 28.2, 28.18, 28.16, 28.15, 28.14, 28.14]]}]