gis_exercise/awsData/contour/wdir_2023090201.json
[{"header": {"refTime": "2023-09-02T01:00:00.000Z", "nx": 21, "ny": 33, "lo1": 113.509, "la1": 22.2235, "lo2": 113.5947, "la2": 22.1034, "dx": 0.0042850000000001385, "dy": 0.003753125000000024, "parameterCategory": 2, "parameterCategoryName": "Temperature", "parameterNumber": 2}, "data": [-4.55, -4.55, -4.54, -4.25, -4.24, -2.56, -2.6, -2.62, -2.53, -1.64, -1.18, -0.72, -1.41, -1.29, -4.2, -4.81, -6.21, -6.69, -7.06, -7.3, -4.55, -4.55, -4.55, -4.54, -4.25, -4.23, -2.77, -2.91, -2.95, -1.99, -1.19, -0.51, -1.08, -0.98, -4.0, -5.64, -6.41, -7.0, -7.41, -7.65, -4.56, -4.56, -4.56, -4.55, -4.28, -4.25, -4.2, -3.15, -3.75, -2.28, -1.04, -0.09, -0.51, -0.52, -4.54, -5.75, -6.77, -7.5, -7.92, -8.11, -4.56, -4.56, -4.57, -4.57, -4.57, -4.29, -4.25, -4.18, -4.11, -1.85, -0.61, 0.65, 0.53, 0.35, -4.33, -6.06, -7.42, -8.27, -8.65, -8.7, -4.56, -4.57, -4.58, -4.59, -4.61, -4.36, -4.35, -4.31, -4.24, -1.25, -0.21, 0.76, 2.76, 0.74, -4.47, -6.77, -8.55, -9.49, -9.64, -9.41, -4.55, -4.56, -4.58, -4.6, -4.65, -4.71, -4.49, -4.5, -4.4, -4.17, -1.47, -0.36, 1.05, -2.24, -5.28, -7.95, -10.37, -11.38, -10.89, -10.14, -7.66, -4.55, -4.56, -4.59, -4.65, -4.75, -4.6, -4.81, -4.75, -4.69, -4.47, -2.58, -4.74, -4.73, -6.41, -9.17, -12.8, -14.14, -13.03, -11.98, -7.69, -7.56, -7.41, -7.66, -7.56, -4.41, -4.61, -5.05, -5.63, -4.51, -3.52, -7.19, -7.95, -6.81, -12.42, -13.62, -15.07, -15.6, -14.81, -14.29, -7.74, -7.6, -7.41, -7.15, -7.3, -7.29, -7.56, -4.73, -6.94, -4.82, -6.77, -8.54, -10.56, -9.59, -12.44, -13.29, -14.16, -14.54, -14.37, -14.08, -10.74, -10.5, -10.13, -7.1, -6.54, -6.53, -7.53, -8.59, -8.59, -7.96, -7.95, -9.47, -11.22, -9.96, -12.5, -13.03, -13.56, -13.87, -13.91, -13.81, -10.82, -10.58, -10.22, -9.57, -8.2, -4.19, -9.33, -12.1, -11.01, -9.87, -11.42, -9.12, -9.69, -9.52, -12.53, -12.86, -13.21, -13.46, -13.56, -13.56, -10.95, -10.78, -10.52, -10.11, -9.45, -9.14, -11.2, -13.81, -14.87, -15.67, -12.16, -12.76, -12.51, -9.11, -12.52, -12.77, -13.01, -14.65, -14.7, -14.71, -11.12, -11.03, -10.94, -10.88, -11.02, -11.84, -13.18, -14.05, -14.62, -13.82, -15.39, -13.01, -12.7, -11.38, -11.37, -14.23, -14.32, -14.41, -14.48, -14.52, -11.31, -11.3, -11.34, -11.49, -11.93, -12.91, -14.42, -13.78, -13.76, -13.53, -15.4, -14.49, -14.23, -14.05, -11.47, -14.0, -14.09, -14.19, -14.28, -14.34, -11.47, -11.52, -11.63, -11.85, -12.26, -12.87, -13.38, -11.41, -10.64, -9.93, -9.35, -8.45, -14.05, -13.84, -13.71, -13.74, -13.85, -13.98, -14.09, -14.18, -11.61, -11.69, -5.43, -5.72, -6.09, -9.67, -9.49, -8.87, -8.19, -7.8, -6.94, -7.68, -8.5, -8.7, -9.28, -13.27, -13.4, -13.53, -14.42, -14.56, -4.74, -4.81, -4.86, -4.89, -8.15, -7.68, -6.82, -5.69, -4.98, -5.15, -5.5, -6.95, -8.41, -9.79, -10.51, -13.4, -13.75, -14.03, -14.23, -14.37, -4.42, -4.38, -4.28, -4.07, -6.83, -5.82, -4.17, -1.94, -0.8, -1.6, -3.8, -6.25, -8.24, -10.27, -12.15, -13.29, -13.79, -14.11, -14.32, -14.45, -4.11, -3.97, -3.75, -6.62, -5.78, -4.44, -2.24, 1.36, 4.61, 0.3, -1.4, -3.87, -7.79, -9.73, -13.22, -13.58, -14.0, -14.28, -14.46, -14.57, -3.83, -3.63, -4.17, -3.71, -3.01, -1.97, -0.4, 1.81, 3.29, 0.96, -1.53, -3.64, -7.46, -9.03, -13.87, -14.07, -14.33, -14.54, -14.66, -14.72, -4.53, -4.3, -3.99, -3.56, -2.97, -2.18, -1.16, -0.11, 0.45, -0.66, -2.2, -3.67, -7.39, -14.27, -14.36, -14.53, -14.71, -14.83, -14.88, -14.89, -4.42, -4.21, -3.94, -3.59, -3.16, -2.66, -2.13, 0.4, -1.57, -2.22, -3.06, -3.92, -11.63, -14.59, -14.73, -14.91, -15.06, -15.11, -15.1, -15.05, -4.37, -4.19, -3.97, -0.51, -0.53, -0.6, -0.77, -1.07, -1.48, -1.77, -1.78, -5.22, -12.47, -14.82, -14.99, -15.2, -15.36, -15.37, -15.29, -15.19, -0.72, -0.75, -0.81, -0.89, -1.04, -1.28, -1.67, -2.29, -3.07, -3.47, -3.06, -7.82, -12.27, -13.24, -14.09, -15.36, -15.57, -15.58, -15.42, -15.28, -0.9, -0.97, -1.07, -1.21, -1.43, -1.77, -2.29, -3.12, -4.43, -5.49, -4.06, -7.45, -8.14, -13.13, -14.0, -14.73, -15.6, -15.67, -15.46, -15.32, -1.05, -1.15, -1.28, -1.46, -1.71, -2.06, -2.58, -3.34, -4.5, -5.38, -6.72, -7.01, -7.65, -12.98, -13.8, -13.69, -14.34, -14.52, -15.41, -15.3, -1.18, -1.29, -1.43, -1.62, -1.87, -2.19, -2.6, -3.1, -3.62, -3.78, -6.07, -6.38, -7.05, -10.86, -12.03, -12.94, -13.54, -13.79, -13.76, -13.6, -1.28, -1.39, -1.54, -1.72, -1.94, -2.2, -2.49, -2.77, -2.94, -5.09, -4.86, -5.53, -6.5, -7.53, -11.26, -12.19, -12.8, -13.12, -13.22, -13.2, -1.35, -1.47, -1.6, -1.77, -1.95, -2.16, -2.36, -2.51, -2.55, -3.99, -3.0, -4.68, -5.99, -7.08, -10.6, -11.52, -12.15, -12.53, -12.73, -12.8, -1.41, -1.52, -1.64, -1.78, -1.94, -2.1, -2.24, -2.34, -5.0, -4.09, -3.55, -4.66, -5.83, -6.82, -10.13, -11.0, -11.62, -12.04, -12.29, -12.43, -1.45, -1.54, -1.66, -1.78, -1.91, -2.03, -2.14, -2.22, -5.25, -4.81, -4.71, -5.21, -5.98, -6.76, -9.85, -10.64, -11.22, -11.64, -11.92, -12.1, -1.47, -1.56, -1.66, -1.76, -1.87, -1.97, -2.06, -5.87, -5.6, -5.41, -5.42, -5.73, -6.24, -6.81, -9.74, -10.41, -10.93, -11.33, -11.62, -11.83]}, {"header": {"refTime": "2023-09-02T01:00:00.000Z", "nx": 21, "ny": 33, "lo1": 113.509, "la1": 22.2235, "lo2": 113.5947, "la2": 22.1034, "dx": 0.0042850000000001385, "dy": 0.003753125000000024, "parameterCategory": 2, "parameterCategoryName": "Temperature", "parameterNumber": 3}, "data": [-6.69, -6.64, -6.58, -6.75, -6.69, -5.08, -5.1, -5.12, -5.1, -5.97, -5.96, -5.94, -6.77, -6.86, -9.54, -10.19, -13.0, -13.43, -13.75, -13.96, -6.72, -6.67, -6.61, -6.52, -6.68, -6.59, -5.14, -5.19, -5.21, -5.9, -5.92, -5.87, -6.66, -6.76, -9.51, -12.5, -13.17, -13.7, -14.06, -14.27, -6.77, -6.72, -6.65, -6.57, -6.69, -6.6, -6.45, -5.25, -5.43, -5.86, -5.89, -5.75, -6.46, -6.61, -11.53, -12.59, -13.49, -14.13, -14.5, -14.67, -6.83, -6.78, -6.72, -6.63, -6.52, -6.65, -6.53, -6.33, -6.16, -6.01, -5.93, -5.56, -6.01, -7.3, -11.34, -12.87, -14.06, -14.81, -15.14, -15.19, -6.9, -6.86, -6.81, -6.73, -6.62, -6.72, -6.67, -6.63, -6.7, -6.39, -6.14, -6.93, -5.12, -6.94, -11.47, -13.5, -15.05, -15.88, -16.01, -15.81, -6.98, -6.96, -6.93, -6.86, -6.76, -6.61, -6.75, -6.78, -6.98, -7.4, -8.98, -7.95, -6.66, -9.12, -12.19, -14.53, -16.65, -17.54, -17.11, -16.45, -9.62, -7.08, -7.07, -7.03, -6.95, -6.78, -7.73, -6.67, -6.86, -9.37, -10.28, -9.95, -11.28, -11.18, -13.18, -15.61, -18.78, -19.96, -18.67, -17.67, -9.71, -9.65, -9.55, -9.44, -9.29, -8.1, -7.73, -6.97, -6.55, -9.32, -10.36, -13.63, -14.18, -12.85, -17.8, -19.02, -20.51, -21.05, -20.24, -19.7, -9.82, -9.77, -9.7, -9.6, -9.49, -9.34, -9.0, -7.51, -8.33, -9.34, -13.18, -14.42, -15.69, -15.08, -17.71, -18.63, -19.54, -19.94, -19.77, -19.48, -12.36, -12.26, -12.11, -9.81, -9.7, -9.63, -9.66, -9.63, -9.82, -9.91, -13.97, -14.96, -16.07, -15.29, -17.68, -18.31, -18.9, -19.24, -19.29, -19.19, -12.4, -12.3, -12.15, -11.88, -11.3, -9.61, -11.74, -12.85, -11.11, -10.89, -14.42, -14.73, -15.1, -15.01, -17.69, -18.12, -18.52, -18.8, -18.92, -18.93, -12.46, -12.39, -12.28, -12.11, -11.84, -11.7, -12.54, -13.51, -13.88, -15.15, -14.46, -15.59, -15.73, -14.74, -17.71, -18.02, -18.3, -19.76, -19.85, -19.88, -12.53, -12.5, -12.47, -12.45, -12.52, -12.89, -13.48, -13.68, -13.83, -13.54, -15.38, -15.46, -15.57, -16.73, -16.77, -19.3, -19.44, -19.56, -19.65, -19.71, -12.61, -12.62, -12.64, -12.72, -12.92, -13.39, -14.15, -13.69, -13.58, -13.47, -15.31, -16.67, -16.91, -17.08, -16.96, -19.18, -19.29, -19.4, -19.49, -19.56, -12.69, -12.71, -12.76, -12.87, -13.06, -13.35, -13.58, -12.13, -11.63, -11.21, -10.88, -12.34, -17.05, -17.24, -17.35, -19.05, -19.15, -19.26, -19.36, -19.44, -12.74, -12.78, -9.44, -9.58, -9.75, -11.18, -11.08, -10.71, -10.29, -10.05, -11.24, -12.16, -13.21, -14.83, -15.35, -16.76, -16.47, -16.17, -17.15, -17.07, -9.05, -9.08, -9.09, -9.08, -10.31, -10.05, -9.57, -8.93, -8.52, -8.6, -10.52, -11.94, -13.51, -15.13, -15.54, -16.48, -15.79, -15.26, -14.88, -14.62, -8.85, -8.81, -8.73, -8.58, -9.56, -9.0, -8.09, -6.84, -6.2, -7.9, -9.72, -11.61, -13.6, -15.39, -17.99, -16.69, -15.72, -15.1, -14.7, -14.45, -8.65, -8.56, -8.41, -9.44, -8.98, -8.23, -7.01, -5.01, -3.49, -6.62, -9.04, -11.17, -12.45, -14.44, -16.83, -16.12, -15.31, -14.75, -14.41, -14.21, -8.48, -8.35, -9.44, -9.14, -8.69, -8.01, -6.97, -5.46, -4.99, -7.02, -9.17, -10.99, -11.7, -12.99, -15.54, -15.14, -14.62, -14.24, -14.03, -13.92, -9.77, -9.64, -9.45, -9.19, -8.83, -8.33, -7.67, -6.98, -7.48, -8.45, -9.77, -11.03, -11.08, -14.75, -14.55, -14.2, -13.85, -13.65, -13.59, -13.61, -9.8, -9.68, -9.54, -9.36, -9.12, -8.85, -8.57, -6.95, -9.27, -9.83, -10.55, -11.29, -14.36, -14.11, -13.8, -13.39, -13.07, -13.03, -13.17, -13.32, -9.85, -9.77, -9.68, -7.46, -7.52, -7.64, -7.84, -8.17, -8.57, -8.82, -8.76, -9.54, -12.7, -13.66, -13.27, -12.74, -12.22, -12.45, -12.85, -13.11, -7.51, -7.56, -7.63, -7.73, -7.9, -8.16, -8.57, -9.21, -10.01, -10.4, -9.9, -11.1, -12.77, -12.5, -12.24, -12.43, -11.17, -12.38, -12.79, -13.02, -7.62, -7.69, -7.79, -7.94, -8.17, -8.51, -9.04, -9.9, -11.33, -12.51, -10.83, -11.08, -10.59, -12.57, -12.34, -12.18, -12.63, -13.04, -12.9, -13.02, -7.71, -7.79, -7.91, -8.08, -8.31, -8.65, -9.16, -9.95, -11.25, -12.27, -11.59, -10.73, -10.33, -12.64, -12.46, -11.14, -11.6, -11.79, -12.98, -13.07, -7.77, -7.86, -7.98, -8.14, -8.35, -8.63, -9.0, -9.46, -9.96, -10.03, -10.36, -9.98, -9.88, -9.84, -10.38, -10.83, -11.17, -11.32, -11.29, -11.18, -7.81, -7.9, -8.01, -8.14, -8.31, -8.5, -8.69, -8.84, -8.8, -9.19, -8.74, -9.53, -10.13, -10.66, -10.05, -10.49, -10.8, -10.96, -11.01, -10.98, -7.84, -7.91, -8.01, -8.11, -8.22, -8.33, -8.39, -8.34, -8.04, -7.84, -6.96, -8.56, -9.61, -10.3, -9.76, -10.19, -10.49, -10.67, -10.76, -10.78, -7.84, -7.91, -7.98, -8.06, -8.13, -8.18, -8.17, -8.04, -9.1, -8.09, -7.47, -8.48, -9.42, -10.09, -9.55, -9.95, -10.24, -10.43, -10.55, -10.6, -7.84, -7.9, -7.95, -8.01, -8.05, -8.06, -8.02, -7.9, -9.24, -8.74, -8.56, -8.94, -9.52, -10.04, -9.42, -9.78, -10.05, -10.24, -10.37, -10.45, -7.83, -7.88, -7.92, -7.96, -7.98, -7.98, -7.94, -9.79, -9.5, -9.25, -9.18, -9.38, -9.72, -10.09, -9.37, -9.67, -9.91, -10.09, -10.23, -10.31]}, {"header": {"refTime": "2023-09-02T01:00:00.000Z", "nx": 21, "ny": 33, "lo1": 113.509, "la1": 22.2235, "lo2": 113.5947, "la2": 22.1034, "dx": 0.0042850000000001385, "dy": 0.003753125000000024, "parameterCategory": 0, "parameterCategoryName": "Temperature", "parameterNumber": 0}, "data": [[25.11, 25.11, 25.11, 25.03, 25.04, 25.21, 25.22, 25.22, 25.23, 25.24, 25.26, 25.28, 25.36, 25.37, 25.42, 25.42, 25.42, 25.42, 25.41, 25.41], [25.1, 25.11, 25.11, 25.11, 25.04, 25.05, 25.21, 25.22, 25.22, 25.24, 25.26, 25.29, 25.37, 25.38, 25.43, 25.43, 25.42, 25.42, 25.41, 25.41], [25.1, 25.1, 25.1, 25.11, 25.04, 25.05, 25.07, 25.21, 25.2, 25.23, 25.27, 25.31, 25.4, 25.4, 25.44, 25.43, 25.42, 25.42, 25.41, 25.41], [25.1, 25.1, 25.1, 25.1, 25.1, 25.04, 25.06, 25.09, 25.12, 25.23, 25.28, 25.35, 25.44, 25.37, 25.44, 25.43, 25.42, 25.41, 25.41, 25.41], [25.1, 25.1, 25.1, 25.1, 25.1, 25.02, 25.03, 25.04, 25.04, 25.23, 25.28, 25.39, 25.51, 25.4, 25.44, 25.42, 25.41, 25.41, 25.41, 25.41], [25.1, 25.1, 25.1, 25.1, 25.09, 25.08, 25.0, 24.99, 24.99, 24.98, 25.22, 25.32, 25.42, 25.47, 25.43, 25.41, 25.41, 25.4, 25.4, 25.4], [25.07, 25.1, 25.1, 25.1, 25.09, 25.07, 24.98, 24.96, 24.95, 24.96, 24.98, 25.21, 25.37, 25.4, 25.4, 25.4, 25.4, 25.4, 25.44, 25.45], [25.07, 25.07, 25.07, 25.07, 25.07, 25.01, 24.99, 24.94, 24.92, 24.95, 24.94, 25.11, 25.11, 25.4, 25.33, 25.3, 25.35, 25.36, 25.34, 25.32], [25.03, 25.03, 25.09, 25.09, 25.09, 25.08, 25.04, 24.97, 24.9, 24.96, 25.02, 25.06, 25.08, 25.05, 25.32, 25.3, 25.32, 25.33, 25.33, 25.32], [25.2, 25.2, 25.2, 25.06, 25.08, 25.13, 25.1, 25.04, 24.9, 24.9, 25.08, 25.03, 25.05, 25.04, 25.32, 25.29, 25.3, 25.31, 25.31, 25.31], [25.2, 25.2, 25.2, 25.2, 25.2, 25.2, 25.2, 25.2, 25.09, 24.9, 24.9, 25.01, 25.03, 25.03, 25.32, 25.28, 25.29, 25.3, 25.3, 25.3], [25.2, 25.2, 25.2, 25.2, 25.2, 25.2, 25.2, 25.2, 25.2, -999.0, 24.9, 25.2, 25.2, 25.02, 25.32, 25.27, 25.28, 25.06, 25.07, 25.07], [25.2, 25.2, 25.2, 25.2, 25.2, 25.2, 25.2, 25.2, 25.2, 25.2, -999.0, 25.2, 25.2, 24.94, 25.05, 25.18, 25.19, 25.11, 25.12, 25.13], [25.2, 25.2, 25.2, 25.2, 25.2, 25.2, 25.2, 25.2, 25.2, 25.2, -999.0, 24.8, 24.8, 24.8, 25.02, 25.13, 25.14, 25.07, 25.08, 25.09], [25.2, 25.2, 25.2, 25.2, 25.2, 25.2, 25.2, 25.5, 25.5, 25.5, 25.5, 25.23, 24.8, 24.8, 24.8, 25.07, 25.09, 25.02, 25.04, 25.06], [25.2, 25.2, 25.39, 25.39, 25.4, 25.5, 25.5, 25.5, 25.5, 25.5, 25.06, 25.11, 25.04, 24.98, 25.05, 24.87, 24.88, 24.86, 25.01, 25.03], [25.39, 25.39, 25.31, 25.31, 25.5, 25.5, 25.5, 25.5, 25.5, 25.5, 25.2, 25.11, 25.02, 24.94, 24.91, 24.89, 24.92, 24.94, 24.96, 24.97], [25.31, 25.31, 25.32, 25.32, 25.5, 25.5, 25.5, 25.5, 25.5, 25.32, 25.23, 25.12, 25.01, 24.91, 24.82, 24.88, 24.92, 24.95, 24.97, 24.98], [25.31, 25.32, 25.32, 25.5, 25.5, 25.5, 25.5, 25.5, 25.44, 25.36, 25.22, 25.13, 25.03, 24.95, 24.87, 24.9, 24.94, 24.96, 24.98, 24.99], [25.32, 25.32, 25.27, 25.28, 25.3, 25.32, 25.35, 25.43, 25.39, 25.31, 25.22, 25.15, 25.05, 25.0, 24.93, 24.94, 24.97, 24.99, 25.0, 25.01], [25.26, 25.26, 25.27, 25.33, 25.34, 25.35, 25.37, 25.39, 25.3, 25.26, 25.2, 25.15, 25.07, 24.96, 24.97, 24.98, 25.0, 25.01, 25.02, 25.02], [25.31, 25.32, 25.32, 25.32, 25.32, 25.33, 25.33, 25.31, 25.23, 25.21, 25.18, 25.15, 24.96, 24.99, 25.0, 25.01, 25.03, 25.03, 25.04, 25.04], [25.31, 25.31, 25.31, 25.28, 25.28, 25.28, 25.27, 25.26, 25.25, 25.24, 25.24, 25.19, 25.1, 25.01, 25.02, 25.04, 25.04, 25.05, 25.06, 25.05], [25.27, 25.27, 25.27, 25.27, 25.26, 25.26, 25.24, 25.23, 25.21, 25.19, 25.2, 25.1, 25.1, 25.1, 25.09, 25.05, 25.04, 25.09, 25.08, 25.06], [25.26, 25.26, 25.26, 25.26, 25.25, 25.24, 25.23, 25.2, 25.17, 25.14, 25.18, 25.11, 25.1, 25.1, 25.1, 25.1, 25.1, 25.13, 25.09, 25.07], [25.26, 25.26, 25.25, 25.25, 25.24, 25.23, 25.22, 25.19, 25.16, 25.14, 25.11, 25.11, 25.11, 25.1, 25.1, 25.12, 25.12, 25.13, 25.08, 25.07], [25.26, 25.25, 25.25, 25.24, 25.23, 25.22, 25.21, 25.2, 25.18, 25.18, 25.13, 25.12, 25.12, 25.14, 25.13, 25.13, 25.13, 25.13, 25.13, 25.12], [25.25, 25.25, 25.24, 25.24, 25.23, 25.22, 25.21, 25.2, 25.2, 25.15, 25.15, 25.17, 25.17, 25.17, 25.14, 25.13, 25.13, 25.13, 25.13, 25.13], [25.25, 25.25, 25.24, 25.24, 25.23, 25.22, 25.22, 25.21, 25.2, 25.17, 25.19, 25.18, 25.17, 25.17, 25.14, 25.13, 25.13, 25.13, 25.13, 25.13], [25.25, 25.24, 25.24, 25.23, 25.23, 25.22, 25.22, 25.21, 25.17, 25.18, 25.19, 25.18, 25.18, 25.17, 25.14, 25.14, 25.13, 25.13, 25.13, 25.13], [25.25, 25.24, 25.24, 25.23, 25.23, 25.22, 25.22, 25.22, 25.17, 25.18, 25.18, 25.18, 25.18, 25.17, 25.14, 25.14, 25.14, 25.13, 25.13, 25.13], [25.24, 25.24, 25.24, 25.23, 25.23, 25.23, 25.22, 25.17, 25.17, 25.17, 25.18, 25.18, 25.17, 25.17, 25.15, 25.14, 25.14, 25.14, 25.13, 25.13]]}]