gis_exercise/awsData/contour/wdir_2023090918.json
[{"header": {"refTime": "2023-09-09T18:00:00.000Z", "nx": 21, "ny": 33, "lo1": 113.509, "la1": 22.2235, "lo2": 113.5947, "la2": 22.1034, "dx": 0.0042850000000001385, "dy": 0.003753125000000024, "parameterCategory": 2, "parameterCategoryName": "Temperature", "parameterNumber": 2}, "data": [-0.59, -0.59, -0.58, -0.77, -0.74, -0.92, -0.86, -0.81, -0.8, -0.8, -0.91, -1.03, -1.59, -1.67, -2.41, -2.57, -3.48, -3.56, -3.61, -3.65, -0.6, -0.59, -0.59, -0.58, -0.74, -0.69, -0.81, -0.69, -0.62, -0.7, -0.9, -1.07, -1.65, -1.73, -2.46, -3.39, -3.52, -3.61, -3.68, -3.71, -0.6, -0.6, -0.6, -0.59, -0.76, -0.71, -0.62, -0.6, -0.26, -0.62, -0.94, -1.16, -1.74, -1.81, -3.23, -3.42, -3.58, -3.7, -3.76, -3.79, -0.61, -0.61, -0.61, -0.61, -0.6, -0.76, -0.69, -0.57, -0.45, -0.75, -1.05, -1.33, -1.87, -2.07, -3.2, -3.47, -3.69, -3.83, -3.89, -3.89, -0.61, -0.62, -0.62, -0.63, -0.63, -0.83, -0.8, -0.76, -0.74, -0.95, -1.18, -2.04, -2.05, -2.09, -3.22, -3.59, -3.88, -4.04, -4.06, -4.02, -0.62, -0.62, -0.63, -0.64, -0.66, -0.7, -0.93, -0.95, -0.95, -0.95, -1.94, -2.05, -2.09, -2.69, -3.32, -3.77, -4.19, -4.37, -4.28, -4.14, -0.82, -0.62, -0.63, -0.65, -0.68, -0.74, -1.06, -1.12, -1.15, -1.59, -1.64, -2.12, -2.92, -2.94, -3.46, -3.96, -4.62, -4.86, -4.62, -4.42, -0.81, -0.8, -0.8, -1.66, -1.64, -0.92, -1.03, -1.22, -1.51, -1.52, -1.32, -2.72, -2.98, -3.15, -4.1, -4.43, -4.84, -4.99, -4.77, -4.62, -0.79, -0.78, -0.77, -0.75, -1.53, -1.54, -1.67, -1.09, -1.86, -1.63, -2.37, -2.93, -3.38, -3.17, -4.07, -4.32, -4.58, -4.69, -4.64, -4.56, -1.57, -1.53, -1.46, -0.7, -0.64, -1.23, -1.59, -1.98, -2.31, -2.18, -2.69, -3.08, -3.47, -3.22, -4.06, -4.23, -4.4, -4.49, -4.51, -4.48, -1.57, -1.52, -1.45, -1.33, -1.09, -0.34, -1.44, -2.24, -2.69, -2.66, -3.24, -3.0, -3.14, -3.11, -4.06, -4.18, -4.29, -4.37, -4.4, -4.41, -1.58, -1.53, -1.47, -1.38, -1.25, -1.21, -1.72, -2.82, -3.37, -3.49, -3.4, -3.85, -3.81, -3.01, -4.06, -4.15, -4.23, -3.95, -3.97, -3.97, -1.59, -1.56, -1.51, -1.47, -1.43, -1.45, -1.59, -2.52, -3.08, -2.68, -3.33, -3.88, -3.84, -3.07, -3.02, -3.66, -3.71, -3.75, -3.79, -3.82, -1.61, -1.59, -1.56, -1.53, -1.51, -1.44, -1.13, -1.91, -2.37, -2.41, -3.21, -3.5, -3.37, -3.26, -2.86, -3.43, -3.49, -3.56, -3.62, -3.67, -1.64, -1.62, -1.6, -1.59, -1.58, -1.55, -1.58, -2.13, -2.41, -2.52, -2.54, -2.75, -3.18, -3.04, -2.95, -3.16, -3.25, -3.36, -3.45, -3.53, -1.66, -1.65, -0.97, -0.98, -0.99, -2.06, -2.07, -2.17, -2.29, -2.37, -2.69, -2.59, -2.47, -2.28, -2.25, -2.53, -2.62, -2.71, -3.14, -3.24, -1.0, -1.01, -1.02, -1.04, -2.14, -2.12, -2.13, -2.16, -2.2, -2.26, -2.52, -2.46, -2.34, -2.18, -2.0, -1.91, -1.94, -1.97, -1.98, -1.99, -1.03, -1.05, -1.07, -1.1, -2.16, -2.14, -2.13, -2.11, -2.11, -1.69, -1.67, -2.36, -2.26, -1.99, -1.84, -1.9, -1.95, -1.98, -2.0, -2.0, -1.06, -1.08, -1.11, -2.19, -2.17, -2.14, -2.11, -2.04, -1.87, -1.76, -2.03, -2.03, -2.12, -2.06, -1.9, -1.94, -1.98, -2.0, -2.01, -2.01, -1.08, -1.11, -1.79, -1.8, -1.82, -1.84, -1.87, -1.9, -2.0, -2.04, -2.06, -2.06, -2.19, -2.19, -1.97, -2.0, -2.03, -2.04, -2.04, -2.03, -1.81, -1.82, -1.83, -1.85, -1.87, -1.89, -1.92, -1.94, -2.09, -2.1, -2.11, -2.1, -2.27, -2.02, -2.04, -2.07, -2.09, -2.09, -2.06, -2.04, -1.85, -1.86, -1.88, -1.9, -1.92, -1.95, -1.98, -2.1, -2.18, -2.19, -2.18, -2.16, -2.59, -2.06, -2.09, -2.15, -2.18, -2.15, -2.08, -2.04, -1.87, -1.89, -1.91, -2.07, -2.08, -2.1, -2.12, -2.15, -2.19, -2.2, -2.18, -2.63, -2.35, -2.08, -2.13, -2.23, -2.36, -2.21, -2.07, -2.02, -2.04, -2.05, -2.06, -2.07, -2.09, -2.11, -2.15, -2.21, -2.28, -2.31, -2.26, -2.52, -2.36, -2.31, -2.29, -2.24, -2.77, -2.04, -1.96, -1.98, -2.04, -2.05, -2.06, -2.07, -2.09, -2.12, -2.17, -2.25, -2.39, -2.51, -2.32, -2.48, -2.52, -2.29, -2.24, -2.18, -1.87, -1.56, -1.86, -1.94, -2.04, -2.04, -2.05, -2.06, -2.08, -2.1, -2.15, -2.22, -2.35, -2.47, -2.44, -2.4, -2.44, -2.28, -2.21, -1.93, -1.84, -1.77, -1.87, -1.92, -2.03, -2.03, -2.04, -2.05, -2.06, -2.08, -2.1, -2.13, -2.17, -2.16, -2.25, -2.26, -2.33, -1.83, -1.87, -1.88, -1.86, -1.84, -1.85, -1.87, -2.02, -2.03, -2.03, -2.03, -2.04, -2.04, -2.04, -2.03, -1.99, -2.04, -1.97, -1.69, -1.66, -1.61, -1.83, -1.85, -1.85, -1.85, -1.85, -1.86, -2.02, -2.02, -2.02, -2.01, -2.01, -2.0, -1.98, -1.94, -1.85, -1.79, -1.48, -1.59, -1.62, -1.59, -1.79, -1.82, -1.84, -1.85, -1.85, -1.86, -2.01, -2.01, -2.0, -2.0, -1.99, -1.97, -1.94, -1.89, -1.68, -1.58, -1.51, -1.57, -1.6, -1.59, -1.77, -1.81, -1.83, -1.84, -1.85, -1.85, -2.0, -2.0, -1.99, -1.98, -1.97, -1.95, -1.92, -1.88, -1.67, -1.61, -1.59, -1.59, -1.6, -1.59, -1.76, -1.79, -1.81, -1.83, -1.84, -1.85, -1.99, -1.99, -1.98, -1.97, -1.96, -1.94, -1.92, -1.7, -1.67, -1.64, -1.62, -1.61, -1.6, -1.59, -1.76, -1.78, -1.81, -1.82, -1.83, -1.84]}, {"header": {"refTime": "2023-09-09T18:00:00.000Z", "nx": 21, "ny": 33, "lo1": 113.509, "la1": 22.2235, "lo2": 113.5947, "la2": 22.1034, "dx": 0.0042850000000001385, "dy": 0.003753125000000024, "parameterCategory": 2, "parameterCategoryName": "Temperature", "parameterNumber": 3}, "data": [1.51, 1.48, 1.45, 0.99, 0.98, 1.3, 1.26, 1.23, 1.23, 1.21, 1.29, 1.37, 2.48, 2.58, 3.38, 3.61, 5.01, 5.13, 5.22, 5.28, 1.52, 1.5, 1.47, 1.42, 0.99, 0.97, 1.23, 1.15, 1.11, 1.14, 1.29, 1.41, 2.52, 2.62, 3.43, 4.86, 5.05, 5.2, 5.3, 5.36, 1.54, 1.52, 1.49, 1.45, 0.99, 0.98, 0.95, 1.09, 0.87, 1.09, 1.32, 1.49, 2.57, 2.67, 4.59, 4.89, 5.14, 5.32, 5.43, 5.48, 1.57, 1.55, 1.53, 1.49, 1.43, 0.99, 0.97, 0.93, 0.89, 1.17, 1.39, 1.63, 2.62, 2.73, 4.53, 4.97, 5.3, 5.52, 5.61, 5.62, 1.6, 1.59, 1.57, 1.54, 1.49, 1.02, 1.01, 1.0, 0.98, 1.27, 1.46, 2.63, 2.5, 2.73, 4.57, 5.14, 5.58, 5.82, 5.85, 5.8, 1.64, 1.64, 1.62, 1.6, 1.57, 1.51, 1.06, 1.07, 1.06, 1.03, 2.6, 2.74, 2.72, 3.75, 4.77, 5.44, 6.03, 6.28, 6.16, 5.98, 2.28, 1.69, 1.69, 1.68, 1.65, 1.61, 1.56, 1.15, 1.15, 1.93, 2.12, 3.05, 4.35, 4.28, 5.06, 5.74, 6.63, 6.97, 6.47, 6.15, 2.3, 2.29, 2.28, 2.67, 2.62, 1.73, 1.61, 1.46, 1.54, 1.78, 1.47, 4.22, 4.7, 4.69, 6.1, 6.51, 7.01, 7.2, 6.92, 6.74, 2.32, 2.32, 2.32, 2.32, 2.68, 2.63, 2.53, 1.56, 1.79, 2.01, 3.33, 4.34, 4.92, 4.64, 6.02, 6.36, 6.68, 6.82, 6.76, 6.66, 3.2, 3.18, 3.15, 2.38, 2.4, 2.71, 2.74, 2.76, 2.28, 2.14, 3.85, 4.43, 4.92, 4.65, 5.99, 6.23, 6.45, 6.57, 6.59, 6.56, 3.2, 3.18, 3.14, 3.09, 2.97, 2.62, 3.14, 3.52, 3.3, 2.66, 3.81, 4.3, 4.5, 4.49, 5.99, 6.16, 6.31, 6.41, 6.46, 6.46, 3.2, 3.18, 3.15, 3.11, 3.05, 3.03, 3.27, 3.8, 4.06, 4.35, 3.92, 5.14, 5.2, 4.34, 6.0, 6.12, 6.23, 5.26, 5.29, 5.29, 3.21, 3.19, 3.17, 3.15, 3.13, 3.14, 3.21, 3.65, 3.92, 3.73, 4.36, 5.09, 5.14, 4.24, 4.14, 4.76, 4.83, 4.91, 4.97, 5.01, 3.22, 3.21, 3.2, 3.18, 3.17, 3.14, 2.99, 3.36, 3.58, 3.6, 4.28, 3.93, 3.8, 3.67, 3.77, 4.34, 4.44, 4.55, 4.66, 4.75, 3.23, 3.22, 3.22, 3.21, 3.2, 3.19, 3.2, 3.31, 3.41, 3.43, 3.42, 2.84, 3.48, 3.3, 3.18, 3.85, 4.01, 4.2, 4.37, 4.5, 3.24, 3.24, 2.69, 2.7, 2.71, 3.21, 3.21, 3.24, 3.26, 3.29, 2.85, 2.67, 2.47, 2.48, 2.4, 2.65, 2.8, 2.95, 3.65, 3.81, 2.68, 2.68, 2.69, 2.69, 3.19, 3.17, 3.14, 3.11, 3.11, 3.14, 2.7, 2.54, 2.31, 2.03, 1.81, 1.75, 1.87, 1.96, 2.02, 2.06, 2.68, 2.68, 2.68, 2.68, 3.15, 3.11, 3.04, 2.95, 2.91, 2.39, 2.27, 2.46, 2.21, 1.81, 1.47, 1.72, 1.88, 1.99, 2.06, 2.09, 2.67, 2.67, 2.67, 3.16, 3.12, 3.06, 2.96, 2.8, 2.52, 2.41, 2.08, 1.93, 2.14, 1.95, 1.69, 1.82, 1.96, 2.05, 2.11, 2.14, 2.67, 2.67, 2.44, 2.44, 2.44, 2.45, 2.46, 2.48, 2.36, 2.22, 2.07, 1.94, 2.27, 2.19, 1.92, 2.0, 2.09, 2.15, 2.18, 2.19, 2.41, 2.41, 2.41, 2.41, 2.4, 2.4, 2.4, 2.41, 2.19, 2.12, 2.03, 1.94, 2.4, 2.07, 2.11, 2.18, 2.24, 2.27, 2.26, 2.24, 2.39, 2.39, 2.38, 2.37, 2.36, 2.35, 2.34, 1.85, 2.07, 2.03, 1.98, 1.92, 2.26, 2.18, 2.25, 2.35, 2.42, 2.4, 2.33, 2.28, 2.37, 2.36, 2.35, 1.64, 1.67, 1.69, 1.71, 1.71, 1.71, 1.68, 1.65, 2.5, 2.26, 2.26, 2.36, 2.5, 2.67, 2.53, 2.36, 2.29, 1.56, 1.57, 1.58, 1.59, 1.6, 1.61, 1.61, 1.62, 1.62, 1.62, 1.58, 1.82, 2.23, 2.33, 2.44, 2.55, 3.13, 2.4, 2.29, 2.27, 1.53, 1.53, 1.53, 1.53, 1.53, 1.53, 1.53, 1.55, 1.6, 1.65, 1.53, 1.73, 1.88, 2.3, 2.38, 2.43, 2.24, 1.94, 2.19, 2.23, 1.49, 1.49, 1.48, 1.48, 1.47, 1.46, 1.45, 1.46, 1.52, 1.59, 1.57, 1.6, 1.74, 2.26, 2.32, 2.08, 2.07, 2.03, 2.19, 2.22, 1.46, 1.45, 1.44, 1.42, 1.4, 1.38, 1.36, 1.33, 1.32, 1.28, 1.35, 1.41, 1.57, 1.64, 1.82, 1.94, 1.99, 2.0, 2.01, 2.01, 1.43, 1.42, 1.4, 1.38, 1.35, 1.31, 1.26, 1.19, 1.09, 1.05, 0.96, 0.77, 0.86, 0.93, 1.68, 1.82, 1.9, 1.93, 1.95, 1.96, 1.41, 1.39, 1.37, 1.34, 1.3, 1.25, 1.18, 1.07, 0.9, 0.7, 0.31, 0.59, 0.76, 0.87, 1.57, 1.71, 1.8, 1.86, 1.89, 1.9, 1.38, 1.36, 1.34, 1.3, 1.26, 1.2, 1.13, 1.01, 0.7, 0.51, 0.39, 0.57, 0.73, 0.84, 1.49, 1.63, 1.72, 1.79, 1.83, 1.85, 1.36, 1.34, 1.31, 1.28, 1.23, 1.18, 1.1, 1.01, 0.72, 0.62, 0.59, 0.65, 0.74, 0.83, 1.44, 1.57, 1.66, 1.73, 1.78, 1.81, 1.35, 1.32, 1.3, 1.26, 1.22, 1.17, 1.1, 0.81, 0.76, 0.71, 0.7, 0.72, 0.78, 0.84, 1.43, 1.53, 1.62, 1.68, 1.73, 1.77]}, {"header": {"refTime": "2023-09-09T18:00:00.000Z", "nx": 21, "ny": 33, "lo1": 113.509, "la1": 22.2235, "lo2": 113.5947, "la2": 22.1034, "dx": 0.0042850000000001385, "dy": 0.003753125000000024, "parameterCategory": 0, "parameterCategoryName": "Temperature", "parameterNumber": 0}, "data": [[26.08, 26.08, 26.07, 25.83, 25.83, 26.09, 26.08, 26.07, 26.07, 25.95, 25.98, 26.0, 26.21, 26.23, 26.29, 26.3, 26.38, 26.38, 26.38, 26.38], [26.09, 26.08, 26.07, 26.06, 25.84, 25.84, 26.06, 26.04, 26.02, 25.95, 25.98, 26.02, 26.23, 26.25, 26.31, 26.39, 26.38, 26.38, 26.38, 26.38], [26.09, 26.09, 26.08, 26.07, 25.84, 25.84, 25.85, 26.01, 25.93, 25.94, 25.99, 26.05, 26.27, 26.28, 26.39, 26.39, 26.39, 26.38, 26.38, 26.38], [26.1, 26.09, 26.09, 26.08, 26.07, 25.84, 25.85, 25.86, 25.86, 25.94, 26.01, 26.11, 26.33, 26.21, 26.4, 26.39, 26.39, 26.38, 26.38, 26.38], [26.1, 26.1, 26.1, 26.09, 26.08, 25.84, 25.85, 25.85, 25.83, 25.93, 26.0, 26.23, 26.39, 26.25, 26.4, 26.39, 26.38, 26.38, 26.38, 26.38], [26.11, 26.11, 26.11, 26.11, 26.1, 26.09, 25.86, 25.85, 25.83, 25.77, 26.0, 26.15, 26.28, 26.4, 26.38, 26.38, 26.39, 26.39, 26.38, 26.38], [26.21, 26.12, 26.12, 26.12, 26.12, 26.11, 25.97, 25.9, 25.87, 25.8, 25.74, 26.02, 26.33, 26.35, 26.37, 26.38, 26.39, 26.39, 26.42, 26.42], [26.21, 26.22, 26.22, 26.21, 26.21, 26.02, 26.0, 26.0, 26.03, 25.76, 25.55, 25.95, 25.96, 26.35, 26.33, 26.3, 26.35, 26.36, 26.34, 26.32], [26.19, 26.19, 26.22, 26.23, 26.23, 26.22, 26.2, 25.99, 25.88, 25.82, 25.71, 25.83, 25.88, 25.81, 26.32, 26.3, 26.32, 26.33, 26.33, 26.32], [26.3, 26.3, 26.3, 26.21, 26.22, 26.25, 26.23, 26.2, 25.7, 25.74, 25.89, 25.75, 25.8, 25.77, 26.32, 26.29, 26.3, 26.31, 26.31, 26.31], [26.3, 26.3, 26.3, 26.3, 26.3, 26.3, 26.3, 26.3, 26.23, 25.86, 25.4, 25.7, 25.74, 25.74, 26.32, 26.28, 26.29, 26.3, 26.3, 26.3], [26.3, 26.3, 26.3, 26.3, 26.3, 26.3, 26.3, 26.3, 26.3, -999.0, 25.4, 26.2, 26.2, 25.72, 26.32, 26.27, 26.28, 25.72, 25.73, 25.74], [26.3, 26.3, 26.3, 26.3, 26.3, 26.3, 26.3, 26.3, 26.3, 26.3, -999.0, 26.2, 26.2, 25.55, 25.83, 25.96, 25.97, 25.82, 25.85, 25.86], [26.3, 26.3, 26.3, 26.3, 26.3, 26.3, 26.3, 26.3, 26.3, 26.3, -999.0, 25.2, 25.2, 25.2, 25.75, 25.86, 25.88, 25.73, 25.76, 25.79], [26.3, 26.3, 26.3, 26.3, 26.3, 26.3, 26.3, 26.4, 26.4, 26.4, 26.4, 25.94, 25.2, 25.2, 25.2, 25.75, 25.79, 25.65, 25.69, 25.73], [26.3, 26.3, 26.36, 26.36, 26.37, 26.4, 26.4, 26.4, 26.4, 26.4, 25.64, 25.73, 25.61, 25.52, 25.63, 25.49, 25.54, 25.46, 25.73, 25.77], [26.36, 26.36, 26.34, 26.34, 26.4, 26.4, 26.4, 26.4, 26.4, 26.4, 25.88, 25.74, 25.58, 25.43, 25.43, 25.38, 25.44, 25.49, 25.53, 25.55], [26.34, 26.34, 26.34, 26.34, 26.4, 26.4, 26.4, 26.4, 26.4, 26.1, 25.93, 25.75, 25.57, 25.44, 25.23, 25.36, 25.45, 25.51, 25.55, 25.57], [26.34, 26.34, 26.34, 26.4, 26.4, 26.4, 26.4, 26.4, 26.29, 26.17, 26.02, 25.87, 25.67, 25.52, 25.35, 25.41, 25.49, 25.54, 25.57, 25.59], [26.34, 26.34, 26.29, 26.29, 26.3, 26.31, 26.33, 26.37, 26.27, 26.16, 26.03, 25.9, 25.74, 25.64, 25.47, 25.51, 25.55, 25.59, 25.61, 25.62], [26.28, 26.28, 26.28, 26.32, 26.32, 26.33, 26.33, 26.34, 26.17, 26.11, 26.03, 25.94, 25.79, 25.54, 25.56, 25.59, 25.63, 25.65, 25.65, 25.65], [26.31, 26.31, 26.31, 26.31, 26.31, 26.31, 26.32, 26.35, 26.12, 26.09, 26.04, 25.97, 25.78, 25.6, 25.63, 25.67, 25.7, 25.7, 25.69, 25.68], [26.3, 26.3, 26.3, 26.35, 26.35, 26.35, 26.34, 26.33, 26.32, 26.32, 26.32, 26.21, 25.96, 25.65, 25.68, 25.73, 25.78, 25.76, 25.72, 25.69], [26.36, 26.36, 26.35, 26.35, 26.35, 26.34, 26.33, 26.32, 26.3, 26.29, 26.3, 26.23, 25.96, 25.92, 25.89, 25.76, 25.89, 25.76, 25.72, 25.7], [26.36, 26.36, 26.35, 26.35, 26.35, 26.34, 26.33, 26.31, 26.27, 26.24, 26.29, 26.24, 26.22, 25.92, 25.89, 25.85, 25.74, 25.69, 25.71, 25.7], [26.36, 26.36, 26.35, 26.35, 26.35, 26.34, 26.33, 26.31, 26.28, 26.25, 26.25, 26.26, 26.25, 25.93, 25.89, 25.9, 25.85, 25.83, 25.7, 25.7], [26.36, 26.36, 26.36, 26.35, 26.35, 26.35, 26.34, 26.33, 26.32, 26.32, 26.29, 26.29, 26.27, 26.05, 25.99, 25.93, 25.9, 25.88, 25.88, 25.89], [26.36, 26.36, 26.36, 26.36, 26.36, 26.36, 26.35, 26.36, 26.37, 26.35, 26.36, 26.28, 26.22, 26.15, 26.03, 25.97, 25.94, 25.92, 25.91, 25.92], [26.36, 26.36, 26.36, 26.36, 26.36, 26.36, 26.37, 26.38, 26.4, 26.4, 26.44, 26.33, 26.25, 26.18, 26.06, 26.01, 25.98, 25.95, 25.94, 25.94], [26.36, 26.36, 26.36, 26.37, 26.37, 26.37, 26.38, 26.39, 26.31, 26.37, 26.4, 26.33, 26.26, 26.19, 26.08, 26.04, 26.0, 25.98, 25.97, 25.96], [26.37, 26.37, 26.37, 26.37, 26.37, 26.37, 26.38, 26.39, 26.3, 26.32, 26.33, 26.3, 26.25, 26.2, 26.1, 26.06, 26.03, 26.0, 25.99, 25.98], [26.37, 26.37, 26.37, 26.37, 26.37, 26.38, 26.38, 26.26, 26.27, 26.29, 26.28, 26.26, 26.23, 26.19, 26.1, 26.07, 26.04, 26.02, 26.0, 25.99]]}]