gis_exercise/awsData/contour/wdir_2023090517.json
[{"header": {"refTime": "2023-09-05T17:00:00.000Z", "nx": 21, "ny": 33, "lo1": 113.509, "la1": 22.2235, "lo2": 113.5947, "la2": 22.1034, "dx": 0.0042850000000001385, "dy": 0.003753125000000024, "parameterCategory": 2, "parameterCategoryName": "Temperature", "parameterNumber": 2}, "data": [0.28, 0.27, 0.25, -0.11, -0.11, 0.1, 0.08, 0.06, 0.06, -0.08, -0.05, -0.03, -0.02, -0.01, -0.6, -0.7, -0.9, -0.97, -1.02, -1.06, 0.29, 0.28, 0.26, 0.24, -0.11, -0.12, 0.06, 0.02, -0.0, -0.09, -0.05, -0.01, 0.01, 0.01, -0.59, -0.82, -0.93, -1.02, -1.08, -1.11, 0.31, 0.29, 0.28, 0.25, -0.1, -0.11, -0.12, -0.01, -0.13, -0.1, -0.04, 0.02, 0.05, 0.05, -0.67, -0.84, -0.99, -1.1, -1.16, -1.18, 0.32, 0.31, 0.3, 0.27, 0.24, -0.1, -0.11, -0.13, -0.14, -0.09, -0.02, 0.08, 0.13, 0.03, -0.64, -0.89, -1.09, -1.22, -1.27, -1.28, 0.34, 0.33, 0.32, 0.3, 0.28, -0.08, -0.09, -0.1, -0.11, -0.09, -0.01, 0.06, 0.28, 0.07, -0.66, -0.99, -1.26, -1.41, -1.43, -1.39, 0.36, 0.36, 0.35, 0.34, 0.32, 0.3, -0.05, -0.05, -0.08, -0.14, -0.19, -0.05, 0.11, -0.42, -0.76, -1.16, -1.54, -1.7, -1.62, -1.5, 0.49, 0.39, 0.39, 0.38, 0.37, 0.36, 0.24, 0.03, 0.01, -0.23, -0.36, -0.27, -0.68, -0.74, -0.89, -1.34, -1.93, -2.15, -2.11, -1.98, 0.49, 0.5, 0.51, 0.32, 0.32, 0.33, 0.28, 0.24, 0.17, -0.24, -0.45, -0.91, -1.01, -1.05, -1.89, -2.08, -2.31, -2.39, -2.27, -2.19, 0.5, 0.51, 0.52, 0.53, 0.37, 0.36, 0.3, 0.26, -0.06, -0.22, -1.05, -1.3, -1.76, -1.54, -1.93, -2.05, -2.18, -2.23, -2.2, -2.16, 0.25, 0.27, 0.3, 0.56, 0.6, 0.48, 0.35, 0.2, -0.21, -0.25, -1.26, -1.57, -1.97, -1.66, -1.97, -2.02, -2.09, -2.13, -2.14, -2.12, 0.25, 0.27, 0.3, 0.35, 0.47, 0.8, 0.34, 0.05, -0.04, -0.32, -1.32, -1.49, -1.61, -1.57, -1.98, -2.0, -2.04, -2.07, -2.09, -2.08, 0.24, 0.26, 0.28, 0.32, 0.37, 0.4, 0.2, -0.15, -0.31, -0.84, -1.23, -1.41, -1.5, -1.48, -1.97, -1.99, -2.02, -2.27, -2.27, -2.27, 0.23, 0.24, 0.25, 0.27, 0.27, 0.23, 0.14, -0.09, -0.24, -0.12, -0.95, -1.31, -1.39, -1.65, -1.63, -2.2, -2.2, -2.21, -2.21, -2.22, 0.22, 0.22, 0.23, 0.22, 0.21, 0.18, 0.18, 0.04, -0.05, -0.05, -0.88, -1.49, -1.57, -1.61, -1.59, -2.11, -2.12, -2.13, -2.15, -2.17, 0.2, 0.21, 0.2, 0.2, 0.18, 0.16, 0.13, -0.08, -0.15, -0.17, -0.18, -0.74, -1.52, -1.55, -1.56, -1.99, -2.02, -2.06, -2.09, -2.12, 0.19, 0.19, 0.34, 0.33, 0.31, -0.07, -0.07, -0.09, -0.12, -0.14, -0.66, -0.76, -0.87, -1.38, -1.41, -1.73, -1.76, -1.79, -1.82, -1.84, 0.33, 0.33, 0.32, 0.3, -0.09, -0.08, -0.08, -0.09, -0.1, -0.12, -0.63, -0.76, -0.92, -1.09, -1.3, -1.66, -1.74, -1.81, -1.85, -1.89, 0.32, 0.31, 0.3, 0.28, -0.09, -0.09, -0.08, -0.08, -0.08, -0.28, -0.42, -0.75, -0.94, -1.29, -1.42, -1.64, -1.75, -1.82, -1.87, -1.91, 0.31, 0.3, 0.28, -0.1, -0.09, -0.09, -0.08, -0.07, -0.09, -0.24, -0.62, -0.8, -1.11, -1.25, -1.62, -1.7, -1.79, -1.86, -1.91, -1.93, 0.3, 0.29, -0.22, -0.22, -0.21, -0.2, -0.18, -0.15, -0.28, -0.45, -0.63, -0.79, -1.09, -1.2, -1.76, -1.81, -1.87, -1.92, -1.95, -1.97, -0.25, -0.25, -0.25, -0.26, -0.26, -0.25, -0.25, -0.23, -0.48, -0.57, -0.68, -0.79, -1.09, -1.85, -1.87, -1.9, -1.94, -1.98, -2.0, -2.01, -0.28, -0.28, -0.29, -0.29, -0.3, -0.31, -0.32, -0.45, -0.63, -0.68, -0.74, -0.8, -1.39, -1.92, -1.95, -1.98, -2.0, -2.03, -2.05, -2.05, -0.3, -0.31, -0.32, -0.5, -0.5, -0.51, -0.53, -0.55, -0.58, -0.6, -0.6, -0.92, -1.75, -1.98, -2.0, -2.02, -2.02, -2.08, -2.1, -2.09, -0.51, -0.51, -0.52, -0.52, -0.54, -0.55, -0.59, -0.63, -0.7, -0.73, -0.69, -1.05, -1.73, -1.86, -1.96, -2.06, -1.94, -2.19, -2.17, -2.13, -0.52, -0.52, -0.53, -0.54, -0.56, -0.59, -0.63, -0.69, -0.8, -0.89, -0.76, -1.02, -1.07, -1.85, -1.97, -2.07, -2.25, -2.38, -2.22, -2.16, -0.53, -0.53, -0.54, -0.56, -0.57, -0.6, -0.64, -0.7, -0.8, -0.87, -0.96, -0.97, -1.03, -1.84, -1.95, -1.97, -2.1, -2.15, -2.2, -2.16, -0.53, -0.54, -0.55, -0.56, -0.58, -0.6, -0.63, -0.67, -0.71, -0.72, -0.88, -0.91, -0.97, -1.6, -1.75, -1.88, -1.98, -2.02, -2.01, -1.98, -0.54, -0.55, -0.55, -0.57, -0.58, -0.6, -0.61, -0.63, -0.63, -0.78, -0.75, -0.95, -1.11, -1.28, -1.66, -1.78, -1.87, -1.92, -1.93, -1.93, -0.54, -0.55, -0.56, -0.57, -0.58, -0.59, -0.6, -0.6, -0.58, -0.66, -0.6, -0.84, -1.04, -1.21, -1.57, -1.7, -1.78, -1.84, -1.86, -1.87, -0.54, -0.55, -0.56, -0.56, -0.57, -0.58, -0.58, -0.58, -0.88, -0.75, -0.68, -0.84, -1.02, -1.17, -1.51, -1.63, -1.71, -1.77, -1.8, -1.82, -0.54, -0.55, -0.55, -0.56, -0.57, -0.57, -0.57, -0.57, -0.92, -0.86, -0.85, -0.92, -1.04, -1.16, -1.47, -1.58, -1.66, -1.71, -1.75, -1.77, -0.54, -0.55, -0.55, -0.56, -0.56, -0.56, -0.56, -1.01, -0.97, -0.94, -0.95, -1.0, -1.08, -1.17, -1.46, -1.55, -1.62, -1.67, -1.71, -1.73]}, {"header": {"refTime": "2023-09-05T17:00:00.000Z", "nx": 21, "ny": 33, "lo1": 113.509, "la1": 22.2235, "lo2": 113.5947, "la2": 22.1034, "dx": 0.0042850000000001385, "dy": 0.003753125000000024, "parameterCategory": 2, "parameterCategoryName": "Temperature", "parameterNumber": 3}, "data": [-2.59, -2.56, -2.52, -2.0, -1.98, -1.76, -1.74, -1.71, -1.69, -1.58, -1.57, -1.56, -1.82, -1.84, -2.72, -2.89, -3.46, -3.58, -3.66, -3.72, -2.62, -2.59, -2.54, -2.49, -1.98, -1.95, -1.74, -1.7, -1.67, -1.58, -1.57, -1.55, -1.8, -1.82, -2.72, -3.34, -3.51, -3.65, -3.75, -3.8, -2.65, -2.62, -2.58, -2.52, -2.0, -1.96, -1.91, -1.69, -1.61, -1.59, -1.56, -1.53, -1.76, -1.79, -3.09, -3.37, -3.6, -3.77, -3.87, -3.91, -2.68, -2.66, -2.62, -2.57, -2.5, -2.0, -1.95, -1.87, -1.8, -1.59, -1.56, -1.49, -1.67, -1.82, -3.04, -3.44, -3.76, -3.96, -4.05, -4.06, -2.73, -2.71, -2.68, -2.64, -2.59, -2.05, -2.03, -2.0, -1.98, -1.62, -1.57, -1.75, -1.46, -1.77, -3.07, -3.61, -4.03, -4.26, -4.29, -4.23, -2.77, -2.77, -2.75, -2.73, -2.68, -2.62, -2.12, -2.13, -2.13, -2.1, -2.06, -1.92, -1.72, -2.38, -3.24, -3.88, -4.47, -4.72, -4.6, -4.41, -3.48, -2.83, -2.83, -2.83, -2.8, -2.75, -2.78, -2.27, -2.28, -2.44, -2.43, -2.27, -2.81, -2.82, -3.47, -4.16, -5.07, -5.41, -5.08, -4.8, -3.5, -3.5, -3.5, -3.72, -3.68, -2.96, -2.84, -2.68, -2.55, -2.4, -2.21, -3.12, -3.3, -3.19, -4.54, -4.96, -5.47, -5.65, -5.38, -5.19, -3.53, -3.53, -3.54, -3.54, -3.75, -3.71, -3.59, -2.78, -2.83, -2.47, -2.98, -3.39, -3.83, -3.62, -4.51, -4.82, -5.14, -5.27, -5.21, -5.11, -4.16, -4.16, -4.14, -3.6, -3.64, -3.84, -3.8, -3.73, -3.18, -3.06, -3.24, -3.58, -3.96, -3.69, -4.5, -4.71, -4.91, -5.03, -5.05, -5.02, -4.16, -4.15, -4.14, -4.12, -4.07, -3.93, -4.15, -4.33, -4.08, -3.45, -3.88, -3.5, -3.63, -3.59, -4.5, -4.65, -4.79, -4.88, -4.92, -4.92, -4.16, -4.15, -4.14, -4.12, -4.1, -4.09, -4.2, -4.47, -4.61, -4.56, -4.02, -4.23, -4.19, -3.5, -4.51, -4.61, -4.71, -5.0, -5.03, -5.03, -4.16, -4.16, -4.15, -4.13, -4.12, -4.11, -4.13, -4.38, -4.53, -4.43, -4.5, -4.27, -4.22, -3.94, -3.93, -4.79, -4.84, -4.88, -4.92, -4.94, -4.17, -4.16, -4.15, -4.14, -4.13, -4.09, -3.97, -4.21, -4.34, -4.36, -4.47, -4.48, -4.43, -4.39, -3.92, -4.68, -4.73, -4.78, -4.82, -4.85, -4.17, -4.17, -4.16, -4.15, -4.14, -4.12, -4.12, -3.9, -3.91, -3.88, -3.83, -3.82, -4.37, -4.32, -4.3, -4.56, -4.62, -4.68, -4.73, -4.78, -4.18, -4.17, -3.49, -3.49, -3.5, -3.75, -3.73, -3.71, -3.68, -3.67, -3.69, -3.73, -3.77, -3.73, -3.78, -3.91, -3.9, -3.88, -4.28, -4.31, -3.44, -3.44, -3.43, -3.42, -3.64, -3.6, -3.53, -3.45, -3.4, -3.43, -3.53, -3.64, -3.73, -3.81, -3.67, -3.72, -3.64, -3.58, -3.53, -3.5, -3.41, -3.4, -3.38, -3.35, -3.54, -3.45, -3.32, -3.13, -3.04, -3.01, -3.19, -3.56, -3.7, -3.66, -3.91, -3.75, -3.63, -3.56, -3.51, -3.48, -3.38, -3.36, -3.33, -3.53, -3.46, -3.34, -3.16, -2.85, -2.55, -2.87, -2.89, -3.08, -3.38, -3.57, -3.76, -3.68, -3.58, -3.52, -3.48, -3.45, -3.35, -3.33, -2.95, -2.92, -2.88, -2.83, -2.74, -2.63, -2.57, -2.7, -2.87, -3.03, -3.31, -3.43, -3.61, -3.57, -3.51, -3.46, -3.43, -3.42, -2.95, -2.94, -2.92, -2.89, -2.85, -2.81, -2.75, -2.69, -2.69, -2.76, -2.86, -2.98, -3.25, -3.52, -3.5, -3.46, -3.42, -3.39, -3.38, -3.38, -2.93, -2.91, -2.89, -2.87, -2.83, -2.8, -2.76, -2.36, -2.75, -2.79, -2.85, -2.94, -3.26, -3.45, -3.41, -3.37, -3.33, -3.32, -3.33, -3.34, -2.91, -2.9, -2.88, -2.31, -2.32, -2.33, -2.35, -2.36, -2.38, -2.38, -2.36, -2.69, -2.97, -3.39, -3.35, -3.3, -3.26, -3.26, -3.29, -3.31, -2.28, -2.29, -2.3, -2.3, -2.31, -2.33, -2.35, -2.37, -2.41, -2.42, -2.39, -2.53, -2.96, -3.02, -3.07, -3.26, -3.19, -3.23, -3.27, -3.3, -2.28, -2.28, -2.29, -2.29, -2.3, -2.31, -2.34, -2.38, -2.45, -2.52, -2.41, -2.49, -2.53, -3.01, -3.07, -3.12, -3.23, -3.23, -3.26, -3.29, -2.27, -2.27, -2.28, -2.28, -2.29, -2.3, -2.31, -2.35, -2.42, -2.49, -2.46, -2.44, -2.47, -3.0, -3.06, -2.96, -3.04, -3.06, -3.27, -3.29, -2.26, -2.26, -2.26, -2.26, -2.27, -2.27, -2.28, -2.29, -2.3, -2.29, -2.33, -2.34, -2.39, -2.67, -2.79, -2.89, -2.95, -2.98, -2.97, -2.96, -2.25, -2.25, -2.25, -2.25, -2.25, -2.24, -2.23, -2.21, -2.18, -2.18, -2.14, -2.22, -2.32, -2.43, -2.71, -2.81, -2.87, -2.91, -2.92, -2.91, -2.25, -2.24, -2.24, -2.23, -2.23, -2.21, -2.19, -2.16, -2.09, -2.01, -1.87, -2.09, -2.25, -2.37, -2.64, -2.74, -2.8, -2.84, -2.86, -2.87, -2.24, -2.23, -2.23, -2.22, -2.21, -2.19, -2.17, -2.12, -2.15, -2.02, -1.94, -2.09, -2.23, -2.34, -2.59, -2.68, -2.75, -2.79, -2.82, -2.83, -2.23, -2.23, -2.22, -2.21, -2.2, -2.18, -2.15, -2.11, -2.18, -2.11, -2.09, -2.15, -2.25, -2.33, -2.56, -2.64, -2.71, -2.75, -2.78, -2.8, -2.23, -2.22, -2.21, -2.2, -2.19, -2.17, -2.15, -2.26, -2.22, -2.19, -2.19, -2.22, -2.28, -2.34, -2.55, -2.62, -2.67, -2.72, -2.75, -2.77]}, {"header": {"refTime": "2023-09-05T17:00:00.000Z", "nx": 21, "ny": 33, "lo1": 113.509, "la1": 22.2235, "lo2": 113.5947, "la2": 22.1034, "dx": 0.0042850000000001385, "dy": 0.003753125000000024, "parameterCategory": 0, "parameterCategoryName": "Temperature", "parameterNumber": 0}, "data": [[32.76, 32.75, 32.75, 32.39, 32.4, 32.6, 32.61, 32.62, 32.62, 32.41, 32.37, 32.34, 32.53, 32.52, 32.4, 32.39, 32.32, 32.31, 32.31, 32.3], [32.76, 32.76, 32.75, 32.75, 32.4, 32.43, 32.62, 32.63, 32.64, 32.45, 32.39, 32.34, 32.52, 32.51, 32.4, 32.33, 32.32, 32.31, 32.3, 32.3], [32.76, 32.76, 32.75, 32.75, 32.4, 32.42, 32.46, 32.64, 32.69, 32.49, 32.38, 32.33, 32.51, 32.5, 32.34, 32.32, 32.31, 32.3, 32.29, 32.29], [32.77, 32.76, 32.76, 32.75, 32.74, 32.41, 32.44, 32.49, 32.54, 32.42, 32.34, 32.31, 32.48, 32.27, 32.34, 32.32, 32.3, 32.28, 32.28, 32.28], [32.77, 32.77, 32.77, 32.76, 32.75, 32.39, 32.4, 32.41, 32.4, 32.29, 32.26, 32.26, 32.35, 32.29, 32.34, 32.31, 32.27, 32.26, 32.26, 32.26], [32.78, 32.78, 32.77, 32.77, 32.76, 32.74, 32.38, 32.37, 32.32, 32.24, 32.12, 32.22, 32.3, 32.43, 32.34, 32.29, 32.24, 32.22, 32.23, 32.25], [32.82, 32.79, 32.79, 32.78, 32.77, 32.75, 32.45, 32.38, 32.34, 32.12, 32.02, 32.18, 32.46, 32.45, 32.33, 32.27, 32.19, 32.16, 32.16, 32.17], [32.83, 32.83, 32.83, 32.83, 32.82, 32.53, 32.49, 32.48, 32.48, 32.08, 31.79, 32.22, 32.23, 32.45, 32.25, 32.29, 32.2, 32.17, 32.22, 32.26], [32.77, 32.78, 32.85, 32.85, 32.86, 32.84, 32.79, 32.48, 32.28, 32.15, 31.95, 32.08, 32.14, 32.06, 32.26, 32.31, 32.26, 32.24, 32.25, 32.27], [33.0, 33.0, 33.0, 32.81, 32.84, 32.91, 32.86, 32.79, 32.03, 32.09, 32.15, 32.0, 32.04, 32.02, 32.26, 32.33, 32.29, 32.28, 32.28, 32.28], [33.0, 33.0, 33.0, 33.0, 33.0, 33.0, 33.0, 33.0, 32.86, 32.26, 31.6, 31.94, 31.98, 31.99, 32.26, 32.34, 32.31, 32.3, 32.3, 32.3], [33.0, 33.0, 33.0, 33.0, 33.0, 33.0, 33.0, 33.0, 33.0, -999.0, 31.6, 32.5, 32.5, 31.96, 32.25, 32.35, 32.34, 31.3, 31.32, 31.33], [33.0, 33.0, 33.0, 33.0, 33.0, 33.0, 33.0, 33.0, 33.0, 33.0, -999.0, 32.5, 32.5, 31.32, 31.84, 31.59, 31.6, 31.43, 31.45, 31.47], [33.0, 33.0, 33.0, 33.0, 33.0, 33.0, 33.0, 33.0, 33.0, 33.0, -999.0, 30.7, 30.7, 30.7, 31.69, 31.47, 31.5, 31.32, 31.36, 31.39], [33.0, 33.0, 33.0, 33.0, 33.0, 33.0, 33.0, 32.7, 32.7, 32.7, 32.7, 31.93, 30.7, 30.7, 30.7, 31.34, 31.38, 31.22, 31.27, 31.31], [33.0, 33.0, 32.81, 32.81, 32.8, 32.7, 32.7, 32.7, 32.7, 32.7, 31.44, 31.58, 31.39, 31.23, 31.41, 30.77, 30.78, 30.76, 31.12, 31.15], [32.81, 32.81, 32.89, 32.89, 32.7, 32.7, 32.7, 32.7, 32.7, 32.7, 31.84, 31.59, 31.33, 31.09, 30.96, 30.73, 30.74, 30.75, 30.76, 30.76], [32.89, 32.89, 32.88, 32.88, 32.7, 32.7, 32.7, 32.7, 32.7, 32.19, 31.92, 31.62, 31.31, 30.98, 30.74, 30.73, 30.74, 30.75, 30.76, 30.76], [32.89, 32.88, 32.88, 32.7, 32.7, 32.7, 32.7, 32.7, 32.52, 32.31, 31.99, 31.74, 31.28, 31.06, 30.73, 30.74, 30.75, 30.76, 30.76, 30.77], [32.88, 32.88, 32.3, 32.32, 32.35, 32.38, 32.44, 32.58, 32.43, 32.23, 32.0, 31.79, 31.34, 31.18, 30.75, 30.75, 30.76, 30.77, 30.77, 30.77], [32.27, 32.28, 32.3, 32.41, 32.43, 32.45, 32.47, 32.5, 32.22, 32.13, 31.98, 31.83, 31.38, 30.76, 30.76, 30.77, 30.78, 30.78, 30.78, 30.78], [32.37, 32.38, 32.38, 32.39, 32.39, 32.4, 32.4, 32.44, 32.1, 32.04, 31.95, 31.85, 31.19, 30.77, 30.78, 30.79, 30.79, 30.79, 30.78, 30.78], [32.36, 32.36, 32.36, 32.42, 32.41, 32.41, 32.39, 32.37, 32.35, 32.33, 32.34, 31.92, 31.25, 30.78, 30.79, 30.8, 30.81, 30.8, 30.79, 30.78], [32.42, 32.42, 32.41, 32.41, 32.4, 32.38, 32.35, 32.31, 32.26, 32.24, 32.27, 31.88, 31.27, 31.14, 31.03, 30.8, 30.85, 30.79, 30.78, 30.78], [32.42, 32.41, 32.41, 32.4, 32.38, 32.36, 32.33, 32.27, 32.18, 32.11, 32.22, 31.93, 31.84, 31.16, 31.04, 30.94, 30.78, 30.75, 30.77, 30.78], [32.41, 32.41, 32.4, 32.39, 32.38, 32.36, 32.32, 32.27, 32.19, 32.12, 32.02, 31.98, 31.9, 31.18, 31.07, 31.07, 30.98, 30.95, 30.77, 30.78], [32.41, 32.41, 32.4, 32.39, 32.38, 32.36, 32.34, 32.31, 32.28, 32.28, 32.1, 32.06, 31.97, 31.44, 31.29, 31.17, 31.08, 31.05, 31.05, 31.08], [32.41, 32.41, 32.4, 32.39, 32.38, 32.37, 32.36, 32.36, 32.37, 32.22, 32.25, 32.14, 32.01, 31.87, 31.39, 31.27, 31.18, 31.14, 31.13, 31.13], [32.41, 32.41, 32.4, 32.4, 32.39, 32.39, 32.39, 32.4, 32.43, 32.36, 32.47, 32.25, 32.08, 31.93, 31.48, 31.35, 31.27, 31.22, 31.19, 31.18], [32.41, 32.41, 32.4, 32.4, 32.4, 32.4, 32.41, 32.42, 32.21, 32.33, 32.4, 32.25, 32.1, 31.96, 31.54, 31.42, 31.34, 31.29, 31.25, 31.23], [32.41, 32.41, 32.41, 32.41, 32.41, 32.41, 32.42, 32.43, 32.18, 32.24, 32.25, 32.18, 32.08, 31.97, 31.57, 31.47, 31.39, 31.34, 31.3, 31.28], [32.41, 32.41, 32.41, 32.41, 32.41, 32.41, 32.42, 32.1, 32.13, 32.16, 32.15, 32.11, 32.04, 31.96, 31.59, 31.5, 31.43, 31.38, 31.34, 31.31]]}]