gis_exercise/awsData/contour/wdir_2023090610.json
[{"header": {"refTime": "2023-09-06T10:00:00.000Z", "nx": 21, "ny": 33, "lo1": 113.509, "la1": 22.2235, "lo2": 113.5947, "la2": 22.1034, "dx": 0.0042850000000001385, "dy": 0.003753125000000024, "parameterCategory": 2, "parameterCategoryName": "Temperature", "parameterNumber": 2}, "data": [0.74, 0.72, 0.7, 0.7, 0.66, 0.0, -0.03, -0.08, -0.12, -0.32, -0.37, -0.44, -0.3, -0.3, -1.62, -1.7, -1.28, -1.32, -1.35, -1.37, 0.75, 0.74, 0.71, 0.68, 0.67, 0.6, -0.02, -0.07, -0.12, -0.29, -0.39, -0.48, -0.37, -0.36, -1.66, -1.25, -1.32, -1.38, -1.41, -1.43, 0.77, 0.75, 0.74, 0.71, 0.7, 0.63, 0.5, -0.06, -0.14, -0.27, -0.41, -0.56, -0.48, -0.45, -1.21, -1.29, -1.39, -1.46, -1.49, -1.5, 0.79, 0.78, 0.77, 0.75, 0.71, 0.69, 0.6, 0.43, 0.27, -0.28, -0.45, -0.7, -0.7, -0.37, -1.22, -1.34, -1.48, -1.58, -1.61, -1.59, 0.81, 0.8, 0.8, 0.79, 0.78, 0.8, 0.76, 0.7, 0.66, -0.26, -0.44, -0.49, -1.13, -0.5, -1.21, -1.41, -1.64, -1.77, -1.77, -1.71, 0.83, 0.83, 0.83, 0.84, 0.85, 0.87, 0.94, 0.97, 0.96, 0.93, 0.25, -0.13, -0.6, -0.17, -1.16, -1.52, -1.92, -2.09, -1.98, -1.83, 1.4, 0.85, 0.86, 0.88, 0.91, 0.96, 1.32, 1.22, 1.25, 1.37, 1.29, 0.55, 0.48, 0.38, -1.05, -1.61, -2.33, -2.6, -2.23, -1.97, 1.39, 1.38, 1.37, 1.46, 1.46, 1.22, 1.31, 1.49, 1.68, 1.34, 1.1, 1.42, 1.48, 0.78, 0.02, -0.83, -1.88, -2.26, -1.69, -1.31, 1.38, 1.36, 1.34, 1.32, 1.39, 1.41, 1.51, 1.36, 1.63, 1.4, 1.24, 1.36, 1.36, 1.36, 0.17, -0.52, -1.18, -1.47, -1.35, -1.14, 1.48, 1.46, 1.42, 1.28, 1.2, 1.23, 1.4, 1.58, 1.68, 1.6, 1.28, 1.32, 1.32, 1.34, 0.25, -0.25, -0.7, -0.95, -1.0, -0.93, 1.49, 1.47, 1.43, 1.37, 1.23, 0.84, 1.35, 1.65, 1.76, 1.73, 1.48, 1.31, 1.32, 1.33, 0.26, -0.1, -0.42, -0.63, -0.73, -0.74, 1.5, 1.48, 1.46, 1.42, 1.35, 1.32, 1.53, 1.83, 1.96, 1.91, 1.57, 1.67, 1.62, 1.32, 0.22, -0.03, -0.26, -0.62, -0.7, -0.73, 1.52, 1.51, 1.5, 1.49, 1.5, 1.57, 1.69, 1.83, 1.92, 1.82, 1.82, 1.72, 1.67, 1.31, 1.3, -0.15, -0.29, -0.41, -0.49, -0.54, 1.53, 1.53, 1.53, 1.54, 1.58, 1.66, 1.77, 1.77, 1.8, 1.78, 1.83, 1.53, 1.46, 1.41, 1.26, -0.01, -0.12, -0.23, -0.32, -0.39, 1.55, 1.55, 1.56, 1.58, 1.61, 1.66, 1.71, 1.78, 1.78, 1.76, 1.74, 1.43, 1.41, 1.35, 1.32, 0.15, 0.05, -0.07, -0.17, -0.25, 1.56, 1.57, 1.28, 1.3, 1.33, 1.71, 1.7, 1.69, 1.68, 1.67, 1.41, 1.36, 1.29, 1.06, 1.05, 1.03, 1.03, 1.04, -0.1, -0.18, 1.26, 1.26, 1.28, 1.29, 1.66, 1.64, 1.61, 1.57, 1.55, 1.56, 1.33, 1.3, 1.23, 1.15, 0.98, 0.79, 0.73, 0.68, 0.64, 0.61, 1.25, 1.26, 1.27, 1.27, 1.61, 1.57, 1.51, 1.43, 1.38, 1.21, 1.2, 1.25, 1.19, 0.98, 0.96, 0.81, 0.72, 0.66, 0.63, 0.6, 1.25, 1.26, 1.26, 1.61, 1.57, 1.52, 1.44, 1.3, 1.12, 1.17, 1.14, 1.13, 1.0, 0.98, 0.82, 0.76, 0.69, 0.64, 0.6, 0.58, 1.25, 1.25, 1.45, 1.43, 1.41, 1.37, 1.32, 1.25, 1.13, 1.15, 1.16, 1.15, 1.0, 0.99, 0.71, 0.68, 0.64, 0.6, 0.57, 0.55, 1.46, 1.45, 1.44, 1.43, 1.41, 1.38, 1.35, 1.31, 1.18, 1.18, 1.19, 1.18, 1.0, 0.64, 0.64, 0.61, 0.58, 0.55, 0.53, 0.52, 1.46, 1.45, 1.44, 1.43, 1.41, 1.4, 1.38, 1.34, 1.23, 1.23, 1.23, 1.22, 1.15, 0.59, 0.58, 0.56, 0.55, 0.52, 0.49, 0.48, 1.45, 1.45, 1.44, 1.39, 1.39, 1.39, 1.39, 1.4, 1.41, 1.42, 1.42, 1.26, 0.81, 0.55, 0.54, 0.54, 0.56, 0.49, 0.44, 0.45, 1.41, 1.41, 1.41, 1.41, 1.41, 1.41, 1.42, 1.44, 1.46, 1.47, 1.46, 1.42, 0.83, 0.71, 0.62, 0.51, 0.7, 0.37, 0.37, 0.41, 1.41, 1.42, 1.42, 1.42, 1.43, 1.44, 1.45, 1.47, 1.5, 1.52, 1.5, 1.44, 1.39, 0.72, 0.6, 0.5, 0.29, 0.13, 0.31, 0.38, 1.42, 1.43, 1.43, 1.43, 1.44, 1.45, 1.47, 1.49, 1.51, 1.52, 1.49, 1.45, 1.41, 0.73, 0.61, 0.52, 0.4, 0.35, 0.33, 0.38, 1.43, 1.43, 1.44, 1.45, 1.45, 1.47, 1.48, 1.5, 1.51, 1.52, 1.5, 1.47, 1.43, 0.8, 0.68, 0.58, 0.5, 0.46, 0.47, 0.5, 1.44, 1.44, 1.45, 1.45, 1.46, 1.47, 1.49, 1.5, 1.52, 1.52, 1.53, 1.32, 1.19, 1.05, 0.75, 0.65, 0.58, 0.54, 0.53, 0.54, 1.44, 1.45, 1.45, 1.46, 1.47, 1.48, 1.5, 1.51, 1.53, 1.55, 1.54, 1.38, 1.23, 1.1, 0.81, 0.72, 0.65, 0.61, 0.59, 0.59, 1.45, 1.45, 1.46, 1.46, 1.47, 1.49, 1.5, 1.52, 1.38, 1.45, 1.49, 1.38, 1.25, 1.12, 0.86, 0.77, 0.71, 0.66, 0.64, 0.63, 1.45, 1.45, 1.46, 1.47, 1.48, 1.49, 1.5, 1.51, 1.34, 1.37, 1.38, 1.32, 1.23, 1.13, 0.88, 0.81, 0.75, 0.71, 0.68, 0.66, 1.45, 1.46, 1.46, 1.47, 1.48, 1.49, 1.5, 1.28, 1.3, 1.31, 1.3, 1.26, 1.2, 1.13, 0.89, 0.83, 0.78, 0.74, 0.71, 0.69]}, {"header": {"refTime": "2023-09-06T10:00:00.000Z", "nx": 21, "ny": 33, "lo1": 113.509, "la1": 22.2235, "lo2": 113.5947, "la2": 22.1034, "dx": 0.0042850000000001385, "dy": 0.003753125000000024, "parameterCategory": 2, "parameterCategoryName": "Temperature", "parameterNumber": 3}, "data": [-0.87, -0.87, -0.87, -0.37, -0.4, -0.87, -0.89, -0.91, -0.92, -0.77, -0.76, -0.75, -1.33, -1.35, -1.03, -1.02, -1.23, -1.22, -1.2, -1.2, -0.88, -0.87, -0.87, -0.87, -0.4, -0.45, -0.89, -0.92, -0.94, -0.8, -0.78, -0.77, -1.34, -1.36, -1.04, -1.25, -1.22, -1.2, -1.18, -1.18, -0.88, -0.87, -0.87, -0.86, -0.38, -0.43, -0.52, -0.92, -0.97, -0.83, -0.78, -0.79, -1.35, -1.37, -1.27, -1.24, -1.2, -1.17, -1.16, -1.15, -0.88, -0.88, -0.87, -0.86, -0.85, -0.4, -0.46, -0.57, -0.67, -0.77, -0.75, -0.84, -1.36, -1.07, -1.27, -1.22, -1.17, -1.13, -1.12, -1.12, -0.89, -0.88, -0.87, -0.86, -0.84, -0.34, -0.37, -0.4, -0.4, -0.63, -0.68, -1.06, -1.22, -1.12, -1.27, -1.19, -1.12, -1.07, -1.07, -1.09, -0.9, -0.89, -0.88, -0.87, -0.84, -0.81, -0.28, -0.26, -0.22, -0.13, -0.74, -0.99, -1.15, -1.1, -1.27, -1.15, -1.03, -0.98, -1.01, -1.05, -0.38, -0.91, -0.9, -0.89, -0.86, -0.81, -0.33, -0.19, -0.14, -0.19, -0.21, -0.91, -1.14, -1.03, -1.28, -1.11, -0.9, -0.82, -0.59, -0.56, -0.38, -0.41, -0.44, -0.75, -0.73, -0.5, -0.39, -0.27, -0.25, -0.1, 0.22, -0.81, -0.96, -0.89, -0.66, -0.65, -0.66, -0.66, -0.66, -0.65, -0.39, -0.42, -0.46, -0.51, -0.82, -0.79, -0.68, -0.34, -0.04, -0.25, -0.14, -0.39, -0.16, -0.27, -0.57, -0.61, -0.64, -0.64, -0.65, -0.65, -0.38, -0.42, -0.47, -0.56, -0.69, -0.97, -0.81, -0.63, -0.03, 0.04, -0.17, -0.12, 0.09, -0.13, -0.51, -0.58, -0.61, -0.63, -0.63, -0.64, -0.37, -0.4, -0.45, -0.54, -0.75, -1.33, -0.65, -0.37, -0.53, -0.03, 0.29, -0.14, -0.11, -0.15, -0.5, -0.56, -0.59, -0.61, -0.62, -0.63, -0.34, -0.36, -0.39, -0.45, -0.54, -0.59, -0.35, -0.24, -0.24, 0.17, 0.21, -0.39, -0.37, -0.18, -0.51, -0.56, -0.58, -0.45, -0.48, -0.49, -0.31, -0.31, -0.32, -0.31, -0.26, -0.08, 0.16, -0.05, -0.17, -0.17, 0.27, -0.4, -0.4, -0.7, -0.74, -0.43, -0.47, -0.49, -0.51, -0.51, -0.28, -0.27, -0.25, -0.2, -0.09, 0.16, 0.64, 0.16, -0.05, -0.12, 0.3, -0.3, -0.33, -0.38, -0.82, -0.54, -0.55, -0.55, -0.55, -0.55, -0.25, -0.23, -0.2, -0.14, -0.04, 0.11, 0.21, 0.12, -0.05, -0.15, -0.2, -0.93, -0.47, -0.53, -0.57, -0.66, -0.65, -0.62, -0.6, -0.59, -0.23, -0.2, -0.46, -0.4, -0.33, 0.0, -0.02, -0.11, -0.21, -0.27, -0.96, -0.99, -1.04, -0.91, -0.94, -0.87, -0.82, -0.78, -1.05, -1.03, -0.53, -0.51, -0.49, -0.46, -0.15, -0.19, -0.26, -0.37, -0.44, -0.45, -1.03, -1.05, -1.09, -1.14, -1.25, -1.18, -1.14, -1.12, -1.1, -1.08, -0.55, -0.54, -0.53, -0.53, -0.27, -0.35, -0.48, -0.66, -0.76, -0.86, -0.83, -1.09, -1.12, -1.25, -1.27, -1.19, -1.14, -1.11, -1.09, -1.07, -0.56, -0.56, -0.57, -0.3, -0.36, -0.47, -0.64, -0.91, -1.19, -0.98, -1.23, -1.22, -1.24, -1.24, -1.2, -1.16, -1.12, -1.09, -1.07, -1.06, -0.58, -0.59, -0.48, -0.52, -0.58, -0.67, -0.79, -0.96, -1.26, -1.23, -1.21, -1.21, -1.23, -1.23, -1.13, -1.11, -1.09, -1.07, -1.06, -1.05, -0.48, -0.5, -0.53, -0.57, -0.62, -0.69, -0.78, -0.86, -1.21, -1.2, -1.19, -1.19, -1.22, -1.09, -1.09, -1.07, -1.05, -1.04, -1.03, -1.03, -0.51, -0.53, -0.56, -0.6, -0.65, -0.7, -0.76, -1.15, -1.16, -1.16, -1.16, -1.16, -1.08, -1.06, -1.05, -1.03, -1.02, -1.01, -1.01, -1.01, -0.53, -0.56, -0.59, -1.13, -1.13, -1.13, -1.12, -1.11, -1.1, -1.09, -1.09, -1.06, -0.94, -1.04, -1.03, -1.01, -1.0, -0.99, -0.99, -1.0, -1.13, -1.13, -1.13, -1.12, -1.12, -1.11, -1.1, -1.08, -1.05, -1.04, -1.06, -1.01, -0.94, -0.94, -0.95, -0.99, -1.0, -0.96, -0.97, -0.99, -1.13, -1.13, -1.12, -1.12, -1.11, -1.1, -1.08, -1.06, -1.01, -0.98, -1.03, -1.01, -1.03, -0.94, -0.94, -0.94, -0.95, -0.92, -0.96, -0.98, -1.13, -1.12, -1.12, -1.11, -1.11, -1.1, -1.08, -1.06, -1.02, -0.98, -1.0, -1.03, -1.04, -0.94, -0.94, -0.97, -0.96, -0.95, -0.97, -0.98, -1.12, -1.12, -1.12, -1.11, -1.11, -1.1, -1.08, -1.07, -1.05, -1.05, -1.04, -1.05, -1.05, -1.03, -1.0, -0.99, -0.97, -0.97, -0.97, -0.97, -1.12, -1.12, -1.12, -1.11, -1.11, -1.1, -1.09, -1.09, -1.09, -1.07, -1.09, -1.06, -1.03, -1.01, -1.02, -1.0, -0.99, -0.98, -0.98, -0.98, -1.12, -1.12, -1.12, -1.11, -1.11, -1.11, -1.1, -1.1, -1.11, -1.12, -1.14, -1.09, -1.05, -1.02, -1.03, -1.01, -1.0, -0.99, -0.99, -0.99, -1.12, -1.12, -1.12, -1.11, -1.11, -1.11, -1.11, -1.11, -1.07, -1.1, -1.12, -1.09, -1.06, -1.03, -1.04, -1.02, -1.01, -1.0, -1.0, -1.0, -1.12, -1.12, -1.12, -1.12, -1.11, -1.11, -1.11, -1.12, -1.07, -1.08, -1.09, -1.07, -1.05, -1.03, -1.04, -1.03, -1.02, -1.01, -1.0, -1.0, -1.12, -1.12, -1.12, -1.12, -1.12, -1.12, -1.12, -1.05, -1.06, -1.06, -1.07, -1.06, -1.05, -1.03, -1.04, -1.03, -1.02, -1.02, -1.01, -1.01]}, {"header": {"refTime": "2023-09-06T10:00:00.000Z", "nx": 21, "ny": 33, "lo1": 113.509, "la1": 22.2235, "lo2": 113.5947, "la2": 22.1034, "dx": 0.0042850000000001385, "dy": 0.003753125000000024, "parameterCategory": 0, "parameterCategoryName": "Temperature", "parameterNumber": 0}, "data": [[31.87, 31.86, 31.84, 31.5, 31.5, 31.48, 31.49, 31.49, 31.49, 31.4, 31.36, 31.33, 31.59, 31.6, 31.02, 30.98, 31.17, 31.14, 31.13, 31.12], [31.88, 31.86, 31.85, 31.83, 31.5, 31.51, 31.5, 31.51, 31.52, 31.43, 31.37, 31.32, 31.57, 31.58, 31.01, 31.18, 31.14, 31.12, 31.1, 31.09], [31.89, 31.88, 31.86, 31.84, 31.5, 31.51, 31.52, 31.53, 31.58, 31.45, 31.36, 31.3, 31.53, 31.54, 31.21, 31.16, 31.11, 31.08, 31.06, 31.06], [31.9, 31.89, 31.88, 31.86, 31.83, 31.51, 31.52, 31.53, 31.55, 31.41, 31.32, 31.25, 31.45, 31.42, 31.2, 31.14, 31.07, 31.02, 31.0, 31.01], [31.92, 31.91, 31.9, 31.88, 31.85, 31.5, 31.5, 31.51, 31.5, 31.34, 31.28, 31.37, 31.23, 31.39, 31.21, 31.1, 30.99, 30.93, 30.93, 30.96], [31.93, 31.93, 31.92, 31.91, 31.88, 31.85, 31.5, 31.49, 31.48, 31.44, 31.49, 31.46, 31.37, 31.53, 31.22, 31.05, 30.86, 30.78, 30.83, 30.9], [32.1, 31.96, 31.96, 31.95, 31.93, 31.89, 31.72, 31.5, 31.49, 31.57, 31.58, 31.66, 31.84, 31.76, 31.26, 31.0, 30.67, 30.54, 30.45, 30.5], [32.12, 32.12, 32.12, 32.12, 32.1, 31.85, 31.76, 31.66, 31.6, 31.53, 31.37, 32.03, 32.04, 31.75, 31.08, 31.31, 30.85, 30.68, 30.95, 31.12], [31.98, 32.0, 32.16, 32.17, 32.18, 32.14, 32.03, 31.73, 31.47, 31.6, 31.66, 31.84, 31.92, 31.81, 31.14, 31.39, 31.13, 31.01, 31.08, 31.18], [32.5, 32.5, 32.5, 32.08, 32.14, 32.3, 32.19, 32.03, 31.37, 31.39, 31.93, 31.73, 31.79, 31.76, 31.14, 31.48, 31.31, 31.22, 31.22, 31.26], [32.5, 32.5, 32.5, 32.5, 32.5, 32.5, 32.5, 32.5, 32.18, 31.46, 31.2, 31.66, 31.71, 31.71, 31.12, 31.55, 31.43, 31.36, 31.34, 31.35], [32.5, 32.5, 32.5, 32.5, 32.5, 32.5, 32.5, 32.5, 32.5, -999.0, 31.2, 32.4, 32.4, 31.68, 31.09, 31.62, 31.55, 31.1, 31.08, 31.07], [32.5, 32.5, 32.5, 32.5, 32.5, 32.5, 32.5, 32.5, 32.5, 32.5, -999.0, 32.4, 32.4, 31.94, 32.14, 30.81, 30.8, 30.97, 30.95, 30.93], [32.5, 32.5, 32.5, 32.5, 32.5, 32.5, 32.5, 32.5, 32.5, 32.5, -999.0, 31.7, 31.7, 31.7, 32.08, 30.93, 30.9, 31.08, 31.04, 31.01], [32.5, 32.5, 32.5, 32.5, 32.5, 32.5, 32.5, 32.0, 32.0, 32.0, 32.0, 31.88, 31.7, 31.7, 31.7, 31.06, 31.02, 31.18, 31.13, 31.09], [32.5, 32.5, 32.19, 32.18, 32.17, 32.0, 32.0, 32.0, 32.0, 32.0, 31.81, 31.83, 31.8, 31.78, 31.81, 31.44, 31.4, 31.47, 31.15, 31.11], [32.18, 32.18, 32.32, 32.32, 32.0, 32.0, 32.0, 32.0, 32.0, 32.0, 31.87, 31.83, 31.79, 31.76, 31.66, 31.72, 31.73, 31.73, 31.74, 31.74], [32.32, 32.32, 32.31, 32.29, 32.0, 32.0, 32.0, 32.0, 32.0, 31.92, 31.88, 31.84, 31.79, 31.66, 31.69, 31.71, 31.72, 31.73, 31.74, 31.75], [32.31, 32.3, 32.29, 32.0, 32.0, 32.0, 32.0, 32.0, 31.97, 31.94, 31.9, 31.86, 31.66, 31.64, 31.71, 31.72, 31.72, 31.73, 31.74, 31.75], [32.3, 32.3, 31.94, 31.95, 31.95, 31.95, 31.96, 31.98, 31.96, 31.93, 31.9, 31.86, 31.63, 31.61, 31.72, 31.72, 31.72, 31.73, 31.74, 31.75], [31.94, 31.94, 31.94, 31.96, 31.96, 31.96, 31.97, 31.97, 31.93, 31.92, 31.89, 31.87, 31.6, 31.72, 31.72, 31.71, 31.71, 31.72, 31.74, 31.76], [31.95, 31.95, 31.95, 31.96, 31.96, 31.96, 31.96, 31.86, 31.91, 31.9, 31.89, 31.87, 31.54, 31.72, 31.71, 31.69, 31.68, 31.71, 31.75, 31.77], [31.95, 31.95, 31.95, 31.81, 31.82, 31.82, 31.83, 31.84, 31.84, 31.83, 31.82, 31.69, 31.81, 31.73, 31.71, 31.66, 31.6, 31.69, 31.77, 31.79], [31.79, 31.79, 31.8, 31.8, 31.8, 31.81, 31.81, 31.82, 31.83, 31.83, 31.82, 31.55, 31.82, 31.79, 31.76, 31.67, 31.36, 31.81, 31.85, 31.83], [31.78, 31.78, 31.79, 31.79, 31.79, 31.79, 31.8, 31.81, 31.84, 31.86, 31.81, 31.57, 31.49, 31.81, 31.79, 31.79, 31.92, 32.12, 31.92, 31.86], [31.78, 31.77, 31.77, 31.77, 31.77, 31.77, 31.78, 31.79, 31.82, 31.84, 31.67, 31.57, 31.49, 31.82, 31.82, 31.77, 31.86, 31.92, 31.9, 31.86], [31.77, 31.77, 31.76, 31.76, 31.76, 31.75, 31.75, 31.75, 31.75, 31.74, 31.59, 31.53, 31.48, 31.66, 31.71, 31.76, 31.81, 31.83, 31.83, 31.8], [31.76, 31.76, 31.75, 31.75, 31.74, 31.73, 31.72, 31.71, 31.68, 31.53, 31.5, 31.72, 31.81, 31.9, 31.69, 31.73, 31.76, 31.79, 31.79, 31.78], [31.75, 31.75, 31.74, 31.74, 31.73, 31.72, 31.7, 31.67, 31.62, 31.47, 31.49, 31.64, 31.76, 31.86, 31.67, 31.7, 31.73, 31.75, 31.76, 31.76], [31.75, 31.74, 31.74, 31.73, 31.72, 31.7, 31.68, 31.65, 31.68, 31.59, 31.54, 31.64, 31.75, 31.83, 31.65, 31.68, 31.71, 31.73, 31.74, 31.74], [31.74, 31.74, 31.73, 31.72, 31.71, 31.7, 31.68, 31.65, 31.7, 31.66, 31.65, 31.69, 31.76, 31.83, 31.64, 31.67, 31.69, 31.71, 31.72, 31.72], [31.74, 31.73, 31.73, 31.72, 31.71, 31.69, 31.67, 31.76, 31.73, 31.71, 31.71, 31.74, 31.78, 31.83, 31.64, 31.66, 31.68, 31.7, 31.71, 31.71]]}]