gis_exercise/awsData/contour/wdir_2023090603.json
[{"header": {"refTime": "2023-09-06T03:00:00.000Z", "nx": 21, "ny": 33, "lo1": 113.509, "la1": 22.2235, "lo2": 113.5947, "la2": 22.1034, "dx": 0.0042850000000001385, "dy": 0.003753125000000024, "parameterCategory": 2, "parameterCategoryName": "Temperature", "parameterNumber": 2}, "data": [0.41, 0.43, 0.46, 0.71, 0.74, 0.36, 0.43, 0.49, 0.5, 0.59, 0.47, 0.35, 0.02, -0.04, 0.39, 0.43, 0.11, 0.17, 0.21, 0.24, 0.4, 0.42, 0.44, 0.48, 0.73, 0.77, 0.49, 0.62, 0.69, 0.69, 0.47, 0.29, -0.05, -0.11, 0.33, 0.05, 0.14, 0.21, 0.26, 0.28, 0.38, 0.4, 0.42, 0.45, 0.71, 0.76, 0.83, 0.72, 1.1, 0.77, 0.43, 0.18, -0.18, -0.22, -0.08, 0.06, 0.18, 0.27, 0.32, 0.34, 0.36, 0.37, 0.39, 0.41, 0.46, 0.71, 0.77, 0.88, 0.98, 0.65, 0.32, -0.01, -0.39, -0.44, -0.1, 0.1, 0.27, 0.37, 0.41, 0.41, 0.33, 0.34, 0.35, 0.37, 0.39, 0.64, 0.66, 0.7, 0.74, 0.48, 0.2, -0.47, -0.76, -0.5, -0.08, 0.19, 0.4, 0.52, 0.54, 0.5, 0.3, 0.31, 0.31, 0.31, 0.32, 0.33, 0.54, 0.52, 0.54, 0.6, -0.07, -0.32, -0.55, -0.21, -0.0, 0.33, 0.63, 0.76, 0.7, 0.6, 0.11, 0.27, 0.26, 0.26, 0.25, 0.24, 0.11, 0.33, 0.33, 0.29, 0.37, -0.06, 0.01, 0.07, 0.1, 0.47, 0.94, 1.12, 1.13, 1.04, 0.12, 0.11, 0.1, 0.25, 0.24, 0.1, 0.09, 0.03, -0.05, 0.33, 0.61, 0.44, 0.43, 0.35, 1.02, 1.15, 1.29, 1.35, 1.27, 1.22, 0.12, 0.12, 0.1, 0.09, 0.23, 0.22, 0.22, 0.08, 0.35, 0.25, 0.78, 0.8, 1.12, 0.96, 1.07, 1.14, 1.21, 1.25, 1.23, 1.2, 0.54, 0.52, 0.49, 0.1, 0.07, 0.17, 0.26, 0.34, 0.6, 0.63, 0.87, 1.03, 1.32, 1.07, 1.12, 1.13, 1.17, 1.19, 1.19, 1.18, 0.54, 0.52, 0.49, 0.43, 0.32, -0.03, 0.44, 0.73, 0.64, 0.78, 1.35, 0.99, 1.06, 1.02, 1.12, 1.12, 1.14, 1.15, 1.16, 1.16, 0.55, 0.53, 0.51, 0.47, 0.41, 0.39, 0.59, 0.92, 1.07, 1.28, 1.36, 1.11, 1.11, 0.97, 1.11, 1.12, 1.12, 1.53, 1.52, 1.52, 0.56, 0.55, 0.54, 0.53, 0.53, 0.58, 0.68, 0.88, 1.01, 0.9, 1.29, 1.1, 1.09, 1.07, 1.07, 1.53, 1.52, 1.52, 1.51, 1.51, 0.58, 0.57, 0.57, 0.57, 0.59, 0.63, 0.66, 0.76, 0.84, 0.83, 1.25, 1.48, 1.49, 1.49, 1.09, 1.5, 1.5, 1.5, 1.5, 1.5, 0.59, 0.59, 0.59, 0.6, 0.62, 0.65, 0.68, 0.47, 0.43, 0.38, 0.32, 0.53, 1.46, 1.45, 1.44, 1.47, 1.47, 1.48, 1.48, 1.49, 0.6, 0.6, -0.15, -0.13, -0.1, 0.28, 0.26, 0.21, 0.16, 0.13, 0.33, 0.46, 0.6, 0.83, 0.91, 1.37, 1.37, 1.37, 1.29, 1.29, -0.21, -0.21, -0.21, -0.21, 0.14, 0.08, -0.0, -0.11, -0.18, -0.16, 0.17, 0.39, 0.62, 0.85, 0.96, 1.25, 1.24, 1.22, 1.21, 1.21, -0.25, -0.26, -0.27, -0.3, 0.0, -0.1, -0.28, -0.51, -0.63, -0.45, -0.14, 0.31, 0.61, 0.92, 1.25, 1.26, 1.23, 1.22, 1.21, 1.2, -0.28, -0.3, -0.33, -0.01, -0.1, -0.25, -0.48, -0.86, -1.18, -0.66, -0.47, -0.13, 0.52, 0.82, 1.26, 1.24, 1.22, 1.21, 1.2, 1.2, -0.31, -0.33, -0.5, -0.54, -0.6, -0.69, -0.83, -1.02, -1.06, -0.8, -0.49, -0.2, 0.45, 0.67, 1.23, 1.22, 1.21, 1.2, 1.19, 1.19, -0.48, -0.5, -0.53, -0.57, -0.62, -0.69, -0.78, -0.87, -0.79, -0.66, -0.46, -0.25, 0.41, 1.21, 1.21, 1.2, 1.19, 1.19, 1.18, 1.18, -0.5, -0.52, -0.55, -0.58, -0.62, -0.67, -0.73, -0.93, -0.63, -0.55, -0.44, -0.3, 0.63, 1.2, 1.19, 1.18, 1.17, 1.17, 1.17, 1.18, -0.51, -0.53, -0.55, -0.83, -0.83, -0.83, -0.83, -0.82, -0.8, -0.78, -0.77, -0.37, 0.51, 1.19, 1.18, 1.16, 1.15, 1.16, 1.17, 1.17, -0.79, -0.79, -0.79, -0.79, -0.79, -0.78, -0.76, -0.74, -0.7, -0.68, -0.69, -0.09, 0.48, 0.66, 0.82, 1.16, 1.13, 1.15, 1.16, 1.17, -0.78, -0.77, -0.77, -0.76, -0.75, -0.74, -0.71, -0.68, -0.63, -0.6, -0.63, -0.14, 0.01, 0.64, 0.81, 0.95, 1.16, 1.16, 1.16, 1.17, -0.76, -0.75, -0.75, -0.74, -0.72, -0.7, -0.68, -0.64, -0.61, -0.58, -0.3, -0.16, -0.03, 0.61, 0.77, 0.92, 0.99, 1.01, 1.17, 1.17, -0.74, -0.74, -0.73, -0.71, -0.7, -0.67, -0.65, -0.62, -0.59, -0.57, -0.25, -0.17, -0.06, 0.62, 0.74, 0.84, 0.91, 0.93, 0.93, 0.91, -0.73, -0.72, -0.71, -0.7, -0.68, -0.65, -0.63, -0.59, -0.56, -0.26, -0.25, -0.18, -0.08, 0.04, 0.66, 0.76, 0.83, 0.86, 0.87, 0.87, -0.72, -0.71, -0.7, -0.68, -0.66, -0.64, -0.61, -0.57, -0.53, -0.27, -0.29, -0.2, -0.1, 0.01, 0.59, 0.69, 0.76, 0.8, 0.82, 0.83, -0.71, -0.7, -0.69, -0.67, -0.65, -0.63, -0.6, -0.57, -0.21, -0.24, -0.26, -0.19, -0.1, -0.01, 0.54, 0.63, 0.7, 0.74, 0.77, 0.79, -0.7, -0.69, -0.68, -0.67, -0.65, -0.63, -0.6, -0.57, -0.19, -0.2, -0.19, -0.15, -0.09, -0.02, 0.51, 0.59, 0.66, 0.7, 0.73, 0.75, -0.7, -0.69, -0.68, -0.66, -0.64, -0.63, -0.6, -0.15, -0.16, -0.16, -0.15, -0.12, -0.07, -0.01, 0.5, 0.57, 0.62, 0.67, 0.7, 0.72]}, {"header": {"refTime": "2023-09-06T03:00:00.000Z", "nx": 21, "ny": 33, "lo1": 113.509, "la1": 22.2235, "lo2": 113.5947, "la2": 22.1034, "dx": 0.0042850000000001385, "dy": 0.003753125000000024, "parameterCategory": 2, "parameterCategoryName": "Temperature", "parameterNumber": 3}, "data": [0.48, 0.49, 0.49, 0.63, 0.63, 0.63, 0.64, 0.65, 0.66, 0.82, 0.84, 0.87, 1.0, 1.02, 1.0, 1.02, 1.26, 1.27, 1.28, 1.28, 0.48, 0.48, 0.49, 0.49, 0.63, 0.63, 0.64, 0.65, 0.66, 0.79, 0.84, 0.87, 1.01, 1.03, 1.01, 1.25, 1.27, 1.27, 1.28, 1.28, 0.48, 0.48, 0.48, 0.49, 0.63, 0.63, 0.64, 0.64, 0.66, 0.77, 0.85, 0.89, 1.02, 1.04, 1.23, 1.25, 1.27, 1.28, 1.29, 1.29, 0.47, 0.48, 0.48, 0.48, 0.49, 0.62, 0.63, 0.64, 0.65, 0.81, 0.87, 0.92, 1.04, 1.12, 1.23, 1.26, 1.28, 1.29, 1.29, 1.3, 0.47, 0.47, 0.47, 0.47, 0.47, 0.61, 0.61, 0.62, 0.63, 0.86, 0.91, 1.1, 1.05, 1.11, 1.23, 1.27, 1.29, 1.3, 1.3, 1.3, 0.47, 0.47, 0.47, 0.46, 0.46, 0.45, 0.58, 0.58, 0.61, 0.67, 1.15, 1.14, 1.11, 1.33, 1.25, 1.29, 1.31, 1.32, 1.32, 1.31, 0.82, 0.46, 0.46, 0.46, 0.45, 0.44, 0.51, 0.51, 0.53, 0.85, 0.99, 1.21, 1.45, 1.45, 1.28, 1.31, 1.33, 1.34, 1.41, 1.42, 0.83, 0.81, 0.79, 0.51, 0.5, 0.52, 0.5, 0.43, 0.42, 0.85, 1.02, 1.47, 1.54, 1.56, 1.63, 1.56, 1.47, 1.44, 1.49, 1.52, 0.84, 0.83, 0.81, 0.77, 0.51, 0.5, 0.48, 0.48, 0.57, 0.85, 1.41, 1.57, 1.74, 1.66, 1.66, 1.59, 1.53, 1.51, 1.52, 1.53, 1.03, 1.01, 0.98, 0.79, 0.74, 0.52, 0.53, 0.53, 0.67, 0.72, 1.51, 1.65, 1.79, 1.69, 1.68, 1.62, 1.58, 1.55, 1.55, 1.55, 1.04, 1.02, 1.0, 0.95, 0.84, 0.52, 0.87, 0.98, 0.63, 0.75, 1.34, 1.62, 1.66, 1.65, 1.68, 1.64, 1.61, 1.58, 1.57, 1.57, 1.06, 1.05, 1.03, 1.01, 0.96, 0.93, 1.04, 1.02, 0.97, 1.35, 1.28, 1.51, 1.57, 1.62, 1.68, 1.65, 1.62, 1.4, 1.39, 1.38, 1.08, 1.08, 1.08, 1.09, 1.12, 1.23, 1.37, 1.16, 1.04, 1.07, 1.47, 1.45, 1.51, 1.48, 1.46, 1.39, 1.37, 1.36, 1.35, 1.35, 1.09, 1.1, 1.12, 1.15, 1.22, 1.39, 1.72, 1.35, 1.17, 1.13, 1.48, 1.2, 1.22, 1.22, 1.36, 1.31, 1.31, 1.31, 1.31, 1.32, 1.11, 1.12, 1.14, 1.18, 1.25, 1.34, 1.41, 1.32, 1.2, 1.13, 1.09, 0.72, 1.14, 1.12, 1.11, 1.22, 1.23, 1.25, 1.27, 1.29, 1.12, 1.14, 1.06, 1.09, 1.14, 1.26, 1.25, 1.19, 1.12, 1.07, 0.7, 0.71, 0.72, 0.95, 0.95, 1.19, 1.25, 1.3, 1.19, 1.22, 1.01, 1.02, 1.04, 1.05, 1.16, 1.14, 1.1, 1.04, 0.99, 0.98, 0.68, 0.7, 0.71, 0.73, 0.84, 1.03, 1.13, 1.21, 1.27, 1.31, 1.0, 1.01, 1.01, 1.01, 1.09, 1.05, 0.97, 0.87, 0.81, 0.84, 0.88, 0.69, 0.71, 0.83, 0.76, 1.0, 1.14, 1.23, 1.29, 1.33, 0.99, 0.99, 0.99, 1.07, 1.04, 0.98, 0.88, 0.73, 0.59, 0.75, 0.8, 0.84, 0.87, 0.87, 0.98, 1.08, 1.2, 1.28, 1.34, 1.37, 0.98, 0.98, 1.29, 1.26, 1.21, 1.14, 1.03, 0.87, 0.67, 0.76, 0.84, 0.88, 0.91, 0.93, 1.17, 1.23, 1.3, 1.36, 1.39, 1.41, 1.33, 1.31, 1.29, 1.26, 1.22, 1.17, 1.1, 1.02, 0.83, 0.87, 0.92, 0.94, 0.96, 1.28, 1.31, 1.36, 1.41, 1.44, 1.45, 1.45, 1.33, 1.31, 1.3, 1.27, 1.25, 1.22, 1.19, 0.88, 0.98, 1.01, 1.02, 1.01, 1.39, 1.38, 1.42, 1.47, 1.52, 1.53, 1.52, 1.5, 1.33, 1.32, 1.31, 0.88, 0.89, 0.91, 0.94, 0.98, 1.03, 1.05, 1.03, 1.38, 1.71, 1.44, 1.49, 1.56, 1.62, 1.61, 1.57, 1.54, 0.86, 0.86, 0.88, 0.89, 0.91, 0.95, 1.0, 1.08, 1.18, 1.22, 1.15, 1.36, 1.71, 1.71, 1.71, 1.6, 1.71, 1.65, 1.59, 1.56, 0.86, 0.87, 0.88, 0.9, 0.93, 0.97, 1.03, 1.14, 1.33, 1.49, 1.25, 1.33, 1.31, 1.71, 1.7, 1.7, 1.63, 1.62, 1.6, 1.56, 0.86, 0.87, 0.88, 0.9, 0.92, 0.96, 1.02, 1.12, 1.3, 1.44, 1.35, 1.25, 1.24, 1.7, 1.7, 1.47, 1.53, 1.55, 1.58, 1.56, 0.86, 0.87, 0.88, 0.89, 0.91, 0.94, 0.97, 1.02, 1.08, 1.07, 1.13, 1.1, 1.13, 1.17, 1.3, 1.39, 1.45, 1.48, 1.47, 1.46, 0.85, 0.86, 0.87, 0.88, 0.89, 0.9, 0.91, 0.9, 0.87, 0.9, 0.81, 0.87, 0.98, 1.07, 1.21, 1.31, 1.37, 1.41, 1.42, 1.42, 0.85, 0.85, 0.86, 0.86, 0.86, 0.86, 0.85, 0.81, 0.72, 0.63, 0.41, 0.69, 0.88, 1.0, 1.14, 1.24, 1.31, 1.35, 1.37, 1.37, 0.84, 0.84, 0.84, 0.84, 0.84, 0.83, 0.8, 0.75, 0.79, 0.61, 0.5, 0.68, 0.85, 0.97, 1.09, 1.18, 1.25, 1.29, 1.32, 1.34, 0.84, 0.84, 0.83, 0.83, 0.82, 0.8, 0.78, 0.73, 0.82, 0.73, 0.69, 0.76, 0.86, 0.96, 1.06, 1.15, 1.21, 1.25, 1.28, 1.3, 0.83, 0.83, 0.82, 0.82, 0.81, 0.79, 0.77, 0.92, 0.86, 0.82, 0.81, 0.84, 0.9, 0.97, 1.05, 1.12, 1.18, 1.22, 1.25, 1.27]}, {"header": {"refTime": "2023-09-06T03:00:00.000Z", "nx": 21, "ny": 33, "lo1": 113.509, "la1": 22.2235, "lo2": 113.5947, "la2": 22.1034, "dx": 0.0042850000000001385, "dy": 0.003753125000000024, "parameterCategory": 0, "parameterCategoryName": "Temperature", "parameterNumber": 0}, "data": [[28.13, 28.14, 28.15, 28.14, 28.16, 28.55, 28.56, 28.57, 28.58, 28.59, 28.63, 28.66, 28.83, 28.85, 28.96, 28.95, 28.92, 28.91, 28.9, 28.89], [28.13, 28.13, 28.15, 28.16, 28.16, 28.19, 28.54, 28.55, 28.56, 28.58, 28.63, 28.69, 28.87, 28.88, 28.98, 28.94, 28.92, 28.9, 28.89, 28.89], [28.12, 28.13, 28.14, 28.15, 28.15, 28.18, 28.23, 28.53, 28.51, 28.57, 28.65, 28.74, 28.93, 28.93, 28.97, 28.94, 28.91, 28.9, 28.89, 28.88], [28.11, 28.11, 28.12, 28.13, 28.15, 28.15, 28.19, 28.26, 28.32, 28.57, 28.67, 28.82, 29.03, 28.86, 28.98, 28.94, 28.9, 28.89, 28.88, 28.87], [28.1, 28.1, 28.1, 28.11, 28.12, 28.11, 28.13, 28.15, 28.16, 28.55, 28.67, 28.89, 29.18, 28.92, 28.98, 28.92, 28.88, 28.87, 28.86, 28.86], [28.08, 28.08, 28.08, 28.09, 28.09, 28.1, 28.07, 28.06, 28.04, 28.02, 28.51, 28.74, 28.97, 29.07, 28.94, 28.89, 28.86, 28.85, 28.85, 28.85], [27.9, 28.07, 28.06, 28.06, 28.06, 28.06, 27.87, 27.99, 27.96, 27.95, 27.97, 28.47, 28.83, 28.89, 28.87, 28.85, 28.83, 28.82, 28.91, 28.95], [27.9, 27.9, 27.9, 27.9, 27.9, 27.88, 27.88, 27.88, 27.92, 27.93, 27.88, 28.22, 28.22, 28.9, 28.65, 28.61, 28.7, 28.73, 28.68, 28.64], [27.9, 27.9, 27.9, 27.9, 27.9, 27.9, 27.9, 27.88, 27.87, 27.96, 28.03, 28.12, 28.16, 28.1, 28.64, 28.59, 28.64, 28.66, 28.65, 28.63], [27.9, 27.9, 27.9, 27.9, 27.9, 27.9, 27.9, 27.9, 27.84, 27.85, 28.16, 28.06, 28.1, 28.08, 28.64, 28.57, 28.61, 28.62, 28.62, 28.62], [27.9, 27.9, 27.9, 27.9, 27.9, 27.9, 27.9, 27.9, 27.9, 27.87, 27.8, 28.03, 28.06, 28.06, 28.64, 28.56, 28.59, 28.6, 28.6, 28.6], [27.9, 27.9, 27.9, 27.9, 27.9, 27.9, 27.9, 27.9, 27.9, -999.0, 27.8, 28.4, 28.4, 28.04, 28.65, 28.55, 28.56, 27.15, 27.19, 27.2], [27.9, 27.9, 27.9, 27.9, 27.9, 27.9, 27.9, 27.9, 27.9, 27.9, -999.0, 28.4, 28.4, 26.77, 27.49, 27.74, 27.77, 27.41, 27.46, 27.49], [27.9, 27.9, 27.9, 27.9, 27.9, 27.9, 27.9, 27.9, 27.9, 27.9, -999.0, 25.9, 25.9, 25.9, 27.27, 27.5, 27.55, 27.18, 27.26, 27.32], [27.9, 27.9, 27.9, 27.9, 27.9, 27.9, 27.9, 26.9, 26.9, 26.9, 26.9, 26.52, 25.9, 25.9, 25.9, 27.23, 27.31, 26.98, 27.08, 27.17], [27.9, 27.9, 27.27, 27.26, 27.24, 26.9, 26.9, 26.9, 26.9, 26.9, 26.27, 26.34, 26.25, 26.16, 26.26, 26.23, 26.28, 26.19, 26.9, 26.97], [27.26, 27.25, 27.55, 27.53, 26.9, 26.9, 26.9, 26.9, 26.9, 26.9, 26.47, 26.35, 26.22, 26.1, 26.12, 26.05, 26.11, 26.15, 26.18, 26.2], [27.54, 27.53, 27.51, 27.49, 26.9, 26.9, 26.9, 26.9, 26.9, 26.65, 26.51, 26.36, 26.21, 26.13, 25.93, 26.04, 26.11, 26.16, 26.19, 26.21], [27.52, 27.51, 27.48, 26.9, 26.9, 26.9, 26.9, 26.9, 26.81, 26.71, 26.56, 26.43, 26.34, 26.2, 26.03, 26.08, 26.15, 26.19, 26.22, 26.23], [27.51, 27.49, 26.73, 26.74, 26.75, 26.76, 26.79, 26.85, 26.77, 26.68, 26.56, 26.46, 26.4, 26.32, 26.13, 26.17, 26.21, 26.24, 26.25, 26.25], [26.72, 26.72, 26.73, 26.78, 26.78, 26.79, 26.8, 26.81, 26.67, 26.63, 26.55, 26.48, 26.46, 26.2, 26.21, 26.24, 26.27, 26.29, 26.29, 26.28], [26.76, 26.76, 26.76, 26.77, 26.77, 26.77, 26.77, 26.8, 26.62, 26.59, 26.55, 26.49, 26.42, 26.25, 26.28, 26.32, 26.35, 26.34, 26.32, 26.3], [26.75, 26.75, 26.75, 26.79, 26.79, 26.78, 26.78, 26.77, 26.76, 26.75, 26.75, 26.74, 26.49, 26.28, 26.32, 26.38, 26.44, 26.4, 26.34, 26.31], [26.79, 26.79, 26.79, 26.79, 26.78, 26.77, 26.76, 26.74, 26.72, 26.71, 26.73, 26.72, 26.49, 26.47, 26.47, 26.4, 26.6, 26.36, 26.32, 26.31], [26.79, 26.79, 26.79, 26.78, 26.78, 26.77, 26.75, 26.73, 26.68, 26.65, 26.7, 26.72, 26.75, 26.47, 26.45, 26.43, 26.31, 26.21, 26.29, 26.3], [26.79, 26.79, 26.79, 26.78, 26.77, 26.77, 26.75, 26.73, 26.69, 26.66, 26.7, 26.73, 26.75, 26.47, 26.44, 26.46, 26.4, 26.37, 26.29, 26.29], [26.79, 26.79, 26.79, 26.78, 26.78, 26.77, 26.76, 26.75, 26.74, 26.73, 26.74, 26.76, 26.77, 26.58, 26.53, 26.48, 26.45, 26.43, 26.43, 26.45], [26.79, 26.79, 26.79, 26.78, 26.78, 26.78, 26.77, 26.77, 26.78, 26.79, 26.8, 26.68, 26.62, 26.55, 26.55, 26.51, 26.48, 26.47, 26.46, 26.47], [26.79, 26.79, 26.79, 26.79, 26.78, 26.78, 26.79, 26.79, 26.81, 26.83, 26.84, 26.73, 26.65, 26.58, 26.58, 26.54, 26.51, 26.49, 26.49, 26.49], [26.79, 26.79, 26.79, 26.79, 26.79, 26.79, 26.79, 26.8, 26.71, 26.77, 26.8, 26.73, 26.66, 26.59, 26.6, 26.56, 26.54, 26.52, 26.51, 26.5], [26.79, 26.79, 26.79, 26.79, 26.79, 26.79, 26.8, 26.81, 26.7, 26.72, 26.73, 26.7, 26.65, 26.6, 26.61, 26.58, 26.55, 26.54, 26.52, 26.52], [26.79, 26.79, 26.79, 26.79, 26.8, 26.8, 26.8, 26.66, 26.67, 26.69, 26.68, 26.66, 26.63, 26.59, 26.61, 26.59, 26.57, 26.55, 26.54, 26.53]]}]