gis_exercise/awsData/contour/wdir_2023091308.json
[{"header": {"refTime": "2023-09-13T08:00:00.000Z", "nx": 21, "ny": 33, "lo1": 113.509, "la1": 22.2235, "lo2": 113.5947, "la2": 22.1034, "dx": 0.0042850000000001385, "dy": 0.003753125000000024, "parameterCategory": 2, "parameterCategoryName": "Temperature", "parameterNumber": 2}, "data": [-1.67, -1.66, -1.66, -1.61, -1.6, -1.83, -1.81, -1.78, -1.78, -1.72, -1.78, -1.84, -2.15, -2.19, -2.74, -2.83, -3.22, -3.26, -3.29, -3.32, -1.67, -1.67, -1.66, -1.65, -1.6, -1.59, -1.78, -1.72, -1.69, -1.68, -1.78, -1.87, -2.18, -2.22, -2.78, -3.17, -3.24, -3.3, -3.33, -3.35, -1.67, -1.67, -1.67, -1.66, -1.61, -1.6, -1.57, -1.67, -1.5, -1.65, -1.8, -1.92, -2.24, -2.27, -3.08, -3.19, -3.28, -3.35, -3.39, -3.4, -1.68, -1.68, -1.67, -1.67, -1.66, -1.61, -1.59, -1.56, -1.52, -1.7, -1.85, -2.02, -2.33, -2.34, -3.07, -3.22, -3.35, -3.44, -3.47, -3.47, -1.68, -1.68, -1.68, -1.68, -1.68, -1.64, -1.63, -1.61, -1.6, -1.76, -1.9, -2.34, -2.45, -2.37, -3.07, -3.29, -3.47, -3.57, -3.58, -3.55, -1.68, -1.69, -1.69, -1.69, -1.7, -1.7, -1.67, -1.68, -1.67, -1.63, -2.14, -2.28, -2.39, -2.7, -3.12, -3.4, -3.67, -3.78, -3.72, -3.63, -2.41, -1.69, -1.69, -1.7, -1.71, -1.73, -1.76, -1.76, -1.75, -1.86, -1.85, -2.2, -2.74, -2.77, -3.18, -3.51, -3.94, -4.1, -3.96, -3.83, -2.42, -2.39, -2.36, -2.55, -2.52, -1.73, -1.76, -1.83, -1.95, -1.82, -1.64, -2.44, -2.59, -2.84, -3.42, -3.69, -4.02, -4.14, -3.96, -3.84, -2.43, -2.4, -2.36, -2.31, -2.47, -2.46, -2.51, -1.78, -2.35, -1.89, -2.26, -2.6, -2.9, -2.76, -3.4, -3.6, -3.81, -3.9, -3.86, -3.79, -3.25, -3.19, -3.11, -2.3, -2.19, -2.29, -2.53, -2.78, -2.8, -2.66, -2.47, -2.72, -2.98, -2.8, -3.39, -3.53, -3.66, -3.74, -3.75, -3.73, -3.26, -3.21, -3.12, -2.97, -2.66, -1.72, -2.94, -3.64, -3.42, -3.15, -3.29, -2.66, -2.75, -2.73, -3.39, -3.49, -3.58, -3.64, -3.67, -3.67, -3.29, -3.25, -3.19, -3.09, -2.94, -2.86, -3.37, -4.08, -4.38, -4.37, -3.52, -3.61, -3.51, -2.66, -3.4, -3.46, -3.53, -3.41, -3.42, -3.42, -3.33, -3.31, -3.28, -3.26, -3.28, -3.45, -3.74, -4.08, -4.28, -4.05, -4.22, -3.71, -3.6, -2.71, -2.68, -3.2, -3.23, -3.27, -3.3, -3.32, -3.37, -3.36, -3.37, -3.39, -3.48, -3.66, -3.92, -3.92, -3.99, -3.95, -4.22, -3.54, -3.37, -3.24, -2.58, -3.04, -3.08, -3.13, -3.18, -3.21, -3.41, -3.41, -3.43, -3.48, -3.56, -3.68, -3.78, -3.65, -3.58, -3.49, -3.4, -2.65, -3.22, -3.07, -2.97, -2.86, -2.93, -3.0, -3.06, -3.12, -3.44, -3.45, -2.33, -2.39, -2.47, -3.36, -3.34, -3.26, -3.17, -3.12, -2.49, -2.43, -2.36, -1.98, -2.0, -2.34, -2.38, -2.42, -2.75, -2.81, -2.23, -2.24, -2.26, -2.28, -3.14, -3.06, -2.92, -2.75, -2.64, -2.68, -2.21, -2.24, -2.22, -2.16, -1.88, -2.12, -2.18, -2.22, -2.26, -2.28, -2.19, -2.19, -2.19, -2.17, -2.93, -2.76, -2.5, -2.14, -1.96, -1.64, -1.81, -2.1, -2.13, -1.86, -1.95, -2.1, -2.19, -2.24, -2.27, -2.29, -2.15, -2.14, -2.12, -2.9, -2.76, -2.54, -2.19, -1.6, -0.97, -1.42, -1.62, -1.79, -1.73, -1.84, -2.09, -2.15, -2.22, -2.27, -2.3, -2.31, -2.11, -2.09, -2.57, -2.5, -2.38, -2.21, -1.95, -1.57, -1.17, -1.44, -1.69, -1.85, -1.72, -1.82, -2.2, -2.23, -2.28, -2.31, -2.33, -2.34, -2.65, -2.62, -2.57, -2.5, -2.41, -2.28, -2.11, -1.94, -1.59, -1.72, -1.86, -1.96, -1.74, -2.27, -2.28, -2.31, -2.34, -2.36, -2.36, -2.36, -2.65, -2.62, -2.58, -2.53, -2.47, -2.4, -2.32, -1.73, -1.96, -2.03, -2.09, -2.11, -2.66, -2.32, -2.34, -2.37, -2.4, -2.4, -2.4, -2.39, -2.66, -2.63, -2.61, -1.79, -1.81, -1.85, -1.91, -2.0, -2.1, -2.15, -2.12, -2.45, -2.89, -2.36, -2.38, -2.42, -2.45, -2.45, -2.43, -2.41, -1.77, -1.78, -1.81, -1.84, -1.88, -1.95, -2.06, -2.23, -2.44, -2.54, -2.39, -2.61, -2.91, -2.8, -2.7, -2.45, -2.5, -2.48, -2.45, -2.43, -1.78, -1.8, -1.83, -1.87, -1.93, -2.02, -2.15, -2.38, -2.77, -3.1, -2.62, -2.6, -2.46, -2.81, -2.71, -2.63, -2.47, -2.48, -2.45, -2.43, -1.8, -1.82, -1.84, -1.88, -1.94, -2.03, -2.15, -2.36, -2.72, -3.01, -2.74, -2.48, -2.37, -2.83, -2.74, -2.25, -2.33, -2.35, -2.44, -2.43, -1.8, -1.82, -1.85, -1.88, -1.93, -1.99, -2.08, -2.19, -2.31, -2.31, -2.33, -2.22, -2.21, -1.91, -2.05, -2.16, -2.23, -2.26, -2.26, -2.24, -1.8, -1.82, -1.84, -1.86, -1.9, -1.93, -1.96, -1.98, -1.92, -1.94, -1.79, -1.88, -2.01, -2.12, -1.96, -2.07, -2.14, -2.18, -2.19, -2.19, -1.8, -1.81, -1.82, -1.84, -1.86, -1.86, -1.85, -1.8, -1.66, -1.48, -1.13, -1.58, -1.86, -2.02, -1.87, -1.99, -2.06, -2.11, -2.13, -2.14, -1.79, -1.8, -1.81, -1.81, -1.82, -1.81, -1.78, -1.7, -1.76, -1.46, -1.27, -1.55, -1.8, -1.96, -1.82, -1.92, -2.0, -2.05, -2.08, -2.1, -1.78, -1.79, -1.79, -1.79, -1.79, -1.77, -1.73, -1.66, -1.79, -1.64, -1.58, -1.68, -1.83, -1.95, -1.78, -1.88, -1.95, -2.0, -2.04, -2.06, -1.77, -1.78, -1.78, -1.77, -1.76, -1.74, -1.71, -1.95, -1.86, -1.78, -1.75, -1.8, -1.88, -1.97, -1.77, -1.85, -1.91, -1.96, -2.0, -2.02]}, {"header": {"refTime": "2023-09-13T08:00:00.000Z", "nx": 21, "ny": 33, "lo1": 113.509, "la1": 22.2235, "lo2": 113.5947, "la2": 22.1034, "dx": 0.0042850000000001385, "dy": 0.003753125000000024, "parameterCategory": 2, "parameterCategoryName": "Temperature", "parameterNumber": 3}, "data": [0.21, 0.19, 0.17, 0.19, 0.16, 0.11, 0.07, 0.03, 0.02, 0.04, 0.11, 0.18, 0.4, 0.44, 0.79, 0.87, 1.41, 1.45, 1.48, 1.5, 0.22, 0.2, 0.18, 0.16, 0.16, 0.12, 0.04, -0.05, -0.1, -0.03, 0.1, 0.2, 0.43, 0.47, 0.82, 1.36, 1.43, 1.48, 1.51, 1.53, 0.23, 0.22, 0.2, 0.18, 0.18, 0.13, 0.05, -0.1, -0.34, -0.08, 0.12, 0.25, 0.47, 0.51, 1.27, 1.37, 1.46, 1.52, 1.56, 1.57, 0.24, 0.24, 0.22, 0.21, 0.18, 0.18, 0.11, -0.0, -0.11, 0.01, 0.2, 0.33, 0.54, 0.76, 1.25, 1.4, 1.51, 1.59, 1.62, 1.62, 0.26, 0.26, 0.25, 0.24, 0.23, 0.24, 0.22, 0.18, 0.16, 0.18, 0.3, 0.73, 0.66, 0.75, 1.27, 1.46, 1.61, 1.69, 1.71, 1.68, 0.28, 0.28, 0.28, 0.28, 0.28, 0.28, 0.33, 0.35, 0.36, 0.38, 0.8, 0.78, 0.74, 0.93, 1.33, 1.56, 1.77, 1.86, 1.82, 1.75, 1.12, 0.3, 0.31, 0.32, 0.33, 0.34, 0.63, 0.49, 0.52, 0.79, 0.82, 0.89, 1.08, 1.06, 1.41, 1.66, 1.99, 2.11, 1.92, 1.8, 1.13, 1.11, 1.08, 0.85, 0.84, 0.6, 0.63, 0.67, 0.74, 0.77, 0.71, 1.15, 1.22, 1.16, 1.65, 1.84, 2.07, 2.16, 2.03, 1.95, 1.14, 1.12, 1.08, 1.04, 0.81, 0.81, 0.84, 0.64, 0.86, 0.81, 1.01, 1.17, 1.26, 1.21, 1.62, 1.77, 1.92, 1.98, 1.95, 1.91, 1.42, 1.39, 1.34, 1.03, 0.94, 0.74, 0.83, 0.94, 1.01, 0.97, 1.09, 1.18, 1.26, 1.21, 1.6, 1.71, 1.81, 1.87, 1.88, 1.86, 1.44, 1.41, 1.36, 1.27, 1.08, 0.52, 1.19, 1.48, 1.17, 1.13, 1.24, 1.16, 1.19, 1.19, 1.6, 1.68, 1.75, 1.8, 1.82, 1.82, 1.46, 1.44, 1.41, 1.36, 1.27, 1.22, 1.46, 1.63, 1.66, 1.8, 1.31, 1.45, 1.42, 1.17, 1.61, 1.66, 1.71, 1.66, 1.68, 1.69, 1.49, 1.49, 1.48, 1.49, 1.53, 1.68, 1.9, 1.78, 1.7, 1.68, 1.81, 1.47, 1.44, 1.24, 1.23, 1.53, 1.56, 1.59, 1.61, 1.63, 1.52, 1.53, 1.55, 1.59, 1.68, 1.9, 2.3, 1.92, 1.76, 1.71, 1.85, 1.38, 1.34, 1.31, 1.2, 1.46, 1.49, 1.52, 1.55, 1.57, 1.55, 1.56, 1.59, 1.64, 1.73, 1.86, 1.95, 2.13, 2.05, 2.01, 2.0, 1.49, 1.3, 1.27, 1.24, 1.39, 1.42, 1.46, 1.5, 1.52, 1.57, 1.59, 1.66, 1.7, 1.76, 2.12, 2.11, 2.07, 2.03, 2.01, 1.53, 1.47, 1.39, 1.25, 1.22, 1.33, 1.38, 1.44, 1.74, 1.79, 1.63, 1.65, 1.68, 1.71, 2.07, 2.07, 2.05, 2.02, 2.0, 1.99, 1.54, 1.45, 1.35, 1.24, 1.26, 1.26, 1.35, 1.42, 1.47, 1.51, 1.65, 1.67, 1.69, 1.72, 2.04, 2.03, 2.0, 1.96, 1.94, 1.81, 1.73, 1.45, 1.33, 1.26, 1.04, 1.23, 1.36, 1.45, 1.5, 1.53, 1.66, 1.68, 1.7, 2.03, 2.02, 2.0, 1.97, 1.92, 1.85, 1.8, 1.38, 1.26, 1.49, 1.36, 1.21, 1.31, 1.42, 1.49, 1.54, 1.56, 1.67, 1.68, 1.73, 1.73, 1.73, 1.73, 1.74, 1.76, 1.64, 1.49, 1.35, 1.25, 1.57, 1.51, 1.39, 1.45, 1.52, 1.57, 1.59, 1.6, 1.69, 1.69, 1.68, 1.67, 1.66, 1.66, 1.66, 1.66, 1.43, 1.37, 1.28, 1.22, 1.66, 1.5, 1.53, 1.58, 1.63, 1.65, 1.65, 1.64, 1.66, 1.65, 1.63, 1.62, 1.6, 1.58, 1.56, 1.2, 1.26, 1.23, 1.19, 1.16, 1.33, 1.59, 1.64, 1.7, 1.75, 1.74, 1.71, 1.68, 1.62, 1.61, 1.59, 1.08, 1.08, 1.08, 1.08, 1.06, 1.02, 0.99, 0.98, 1.46, 1.42, 1.65, 1.71, 1.8, 1.9, 1.83, 1.74, 1.7, 1.04, 1.04, 1.04, 1.04, 1.03, 1.01, 0.98, 0.94, 0.88, 0.85, 0.87, 1.05, 1.39, 1.53, 1.67, 1.84, 2.14, 1.79, 1.72, 1.7, 1.02, 1.01, 1.01, 1.0, 0.98, 0.95, 0.91, 0.86, 0.77, 0.71, 0.78, 0.99, 1.15, 1.5, 1.63, 1.72, 1.71, 1.58, 1.68, 1.68, 1.0, 0.99, 0.98, 0.96, 0.94, 0.91, 0.87, 0.82, 0.75, 0.7, 0.83, 0.95, 1.09, 1.47, 1.58, 1.63, 1.64, 1.62, 1.67, 1.68, 0.98, 0.97, 0.96, 0.94, 0.91, 0.88, 0.85, 0.8, 0.76, 0.74, 0.83, 0.91, 1.04, 1.39, 1.49, 1.56, 1.59, 1.6, 1.6, 1.6, 0.97, 0.95, 0.94, 0.92, 0.89, 0.86, 0.83, 0.79, 0.75, 0.77, 0.77, 0.68, 0.73, 0.79, 1.41, 1.49, 1.53, 1.56, 1.57, 1.57, 0.95, 0.94, 0.92, 0.9, 0.88, 0.85, 0.82, 0.78, 0.73, 0.71, 0.59, 0.66, 0.71, 0.77, 1.35, 1.43, 1.48, 1.51, 1.53, 1.54, 0.94, 0.93, 0.91, 0.89, 0.87, 0.84, 0.81, 0.77, 0.66, 0.63, 0.61, 0.66, 0.71, 0.76, 1.31, 1.38, 1.44, 1.47, 1.5, 1.51, 0.93, 0.92, 0.9, 0.89, 0.86, 0.84, 0.81, 0.78, 0.67, 0.66, 0.66, 0.68, 0.72, 0.75, 1.28, 1.35, 1.4, 1.44, 1.47, 1.48, 0.93, 0.92, 0.9, 0.88, 0.86, 0.84, 0.82, 0.7, 0.69, 0.68, 0.69, 0.7, 0.73, 0.76, 1.27, 1.33, 1.38, 1.42, 1.44, 1.46]}, {"header": {"refTime": "2023-09-13T08:00:00.000Z", "nx": 21, "ny": 33, "lo1": 113.509, "la1": 22.2235, "lo2": 113.5947, "la2": 22.1034, "dx": 0.0042850000000001385, "dy": 0.003753125000000024, "parameterCategory": 0, "parameterCategoryName": "Temperature", "parameterNumber": 0}, "data": [[27.04, 27.04, 27.03, 26.88, 26.89, 27.14, 27.14, 27.14, 27.15, 27.13, 27.15, 27.17, 27.37, 27.39, 27.31, 27.3, 27.37, 27.36, 27.35, 27.34], [27.04, 27.03, 27.03, 27.03, 26.89, 26.91, 27.13, 27.13, 27.14, 27.13, 27.15, 27.18, 27.39, 27.4, 27.32, 27.38, 27.36, 27.35, 27.34, 27.33], [27.04, 27.03, 27.03, 27.03, 26.89, 26.9, 26.93, 27.12, 27.11, 27.12, 27.16, 27.21, 27.42, 27.43, 27.41, 27.38, 27.35, 27.34, 27.33, 27.32], [27.04, 27.04, 27.03, 27.03, 27.03, 26.89, 26.91, 26.95, 26.99, 27.12, 27.17, 27.26, 27.47, 27.36, 27.41, 27.37, 27.34, 27.32, 27.31, 27.31], [27.04, 27.04, 27.03, 27.03, 27.02, 26.87, 26.88, 26.89, 26.89, 27.1, 27.16, 27.37, 27.5, 27.39, 27.41, 27.35, 27.31, 27.29, 27.28, 27.29], [27.04, 27.04, 27.04, 27.03, 27.02, 27.01, 26.85, 26.84, 26.83, 26.8, 27.16, 27.3, 27.41, 27.53, 27.39, 27.33, 27.26, 27.24, 27.25, 27.27], [27.02, 27.04, 27.04, 27.04, 27.03, 27.01, 26.85, 26.81, 26.79, 26.83, 26.84, 27.19, 27.49, 27.5, 27.37, 27.3, 27.2, 27.17, 27.19, 27.22], [27.03, 27.03, 27.03, 27.03, 27.02, 26.91, 26.87, 26.82, 26.81, 26.8, 26.71, 27.15, 27.16, 27.5, 27.21, 27.24, 27.18, 27.15, 27.19, 27.22], [26.97, 26.98, 27.05, 27.05, 27.06, 27.04, 26.99, 26.85, 26.74, 26.84, 26.91, 27.03, 27.08, 27.01, 27.22, 27.26, 27.22, 27.2, 27.21, 27.23], [27.2, 27.2, 27.2, 27.01, 27.04, 27.11, 27.06, 26.99, 26.69, 26.7, 27.09, 26.95, 27.0, 26.97, 27.22, 27.27, 27.24, 27.23, 27.23, 27.24], [27.2, 27.2, 27.2, 27.2, 27.2, 27.2, 27.2, 27.2, 27.06, 26.73, 26.6, 26.9, 26.94, 26.94, 27.22, 27.28, 27.26, 27.25, 27.25, 27.25], [27.2, 27.2, 27.2, 27.2, 27.2, 27.2, 27.2, 27.2, 27.2, -999.0, 26.6, 27.4, 27.4, 26.92, 27.21, 27.29, 27.28, 26.93, 26.93, 26.93], [27.2, 27.2, 27.2, 27.2, 27.2, 27.2, 27.2, 27.2, 27.2, 27.2, -999.0, 27.4, 27.4, 27.01, 27.18, 26.99, 26.99, 26.96, 26.96, 26.96], [27.2, 27.2, 27.2, 27.2, 27.2, 27.2, 27.2, 27.2, 27.2, 27.2, -999.0, 26.8, 26.8, 26.8, 27.13, 26.97, 26.97, 26.93, 26.94, 26.95], [27.2, 27.2, 27.2, 27.2, 27.2, 27.2, 27.2, 27.7, 27.7, 27.7, 27.7, 27.35, 26.8, 26.8, 26.8, 26.94, 26.95, 26.91, 26.92, 26.93], [27.2, 27.2, 27.51, 27.52, 27.53, 27.7, 27.7, 27.7, 27.7, 27.7, 27.13, 27.2, 27.11, 27.04, 27.12, 26.91, 26.93, 26.9, 26.96, 26.97], [27.52, 27.52, 27.38, 27.38, 27.7, 27.7, 27.7, 27.7, 27.7, 27.7, 27.31, 27.2, 27.08, 26.98, 26.94, 26.95, 27.0, 27.04, 27.07, 27.09], [27.38, 27.38, 27.39, 27.41, 27.7, 27.7, 27.7, 27.7, 27.7, 27.47, 27.35, 27.22, 27.08, 26.95, 26.82, 26.93, 27.0, 27.05, 27.08, 27.1], [27.39, 27.4, 27.41, 27.7, 27.7, 27.7, 27.7, 27.7, 27.62, 27.52, 27.4, 27.29, 27.1, 27.0, 26.92, 26.97, 27.03, 27.07, 27.1, 27.12], [27.4, 27.4, 27.59, 27.59, 27.6, 27.61, 27.63, 27.67, 27.59, 27.51, 27.41, 27.32, 27.14, 27.06, 27.01, 27.04, 27.08, 27.11, 27.13, 27.14], [27.58, 27.58, 27.58, 27.62, 27.62, 27.63, 27.63, 27.64, 27.51, 27.47, 27.41, 27.34, 27.16, 27.07, 27.08, 27.1, 27.13, 27.15, 27.16, 27.17], [27.61, 27.61, 27.61, 27.61, 27.61, 27.61, 27.62, 27.61, 27.47, 27.45, 27.41, 27.36, 27.12, 27.12, 27.13, 27.15, 27.17, 27.19, 27.19, 27.19], [27.6, 27.6, 27.6, 27.6, 27.6, 27.6, 27.6, 27.59, 27.59, 27.58, 27.58, 27.45, 27.37, 27.15, 27.17, 27.19, 27.2, 27.22, 27.23, 27.22], [27.6, 27.6, 27.6, 27.6, 27.59, 27.59, 27.58, 27.57, 27.56, 27.56, 27.56, 27.43, 27.37, 27.35, 27.32, 27.21, 27.17, 27.28, 27.26, 27.24], [27.6, 27.6, 27.59, 27.59, 27.59, 27.58, 27.58, 27.56, 27.54, 27.52, 27.55, 27.44, 27.41, 27.35, 27.33, 27.32, 27.3, 27.36, 27.28, 27.25], [27.6, 27.59, 27.59, 27.59, 27.59, 27.58, 27.57, 27.56, 27.54, 27.53, 27.48, 27.46, 27.42, 27.36, 27.34, 27.35, 27.36, 27.37, 27.27, 27.25], [27.59, 27.59, 27.59, 27.59, 27.58, 27.58, 27.57, 27.57, 27.56, 27.56, 27.49, 27.47, 27.44, 27.41, 27.39, 27.37, 27.37, 27.37, 27.37, 27.36], [27.59, 27.59, 27.59, 27.59, 27.58, 27.58, 27.58, 27.57, 27.57, 27.51, 27.52, 27.56, 27.55, 27.54, 27.4, 27.39, 27.38, 27.37, 27.37, 27.37], [27.59, 27.59, 27.59, 27.59, 27.58, 27.58, 27.58, 27.58, 27.58, 27.54, 27.59, 27.57, 27.55, 27.55, 27.42, 27.4, 27.39, 27.38, 27.38, 27.38], [27.59, 27.59, 27.59, 27.59, 27.59, 27.58, 27.58, 27.58, 27.56, 27.57, 27.58, 27.57, 27.56, 27.55, 27.43, 27.41, 27.4, 27.39, 27.39, 27.38], [27.59, 27.59, 27.59, 27.59, 27.59, 27.58, 27.58, 27.58, 27.56, 27.57, 27.57, 27.56, 27.56, 27.55, 27.43, 27.42, 27.41, 27.4, 27.39, 27.39], [27.59, 27.59, 27.59, 27.59, 27.59, 27.59, 27.59, 27.55, 27.56, 27.56, 27.56, 27.56, 27.55, 27.55, 27.44, 27.42, 27.41, 27.4, 27.4, 27.39]]}]