gis_exercise/awsData/contour/wdir_2023091214.json
[{"header": {"refTime": "2023-09-12T14:00:00.000Z", "nx": 21, "ny": 33, "lo1": 113.509, "la1": 22.2235, "lo2": 113.5947, "la2": 22.1034, "dx": 0.0042850000000001385, "dy": 0.003753125000000024, "parameterCategory": 2, "parameterCategoryName": "Temperature", "parameterNumber": 2}, "data": [-1.63, -1.63, -1.62, -1.58, -1.56, -1.98, -1.93, -1.87, -1.87, -1.72, -1.82, -1.92, -2.51, -2.58, -2.9, -2.98, -3.62, -3.64, -3.66, -3.68, -1.64, -1.63, -1.63, -1.62, -1.57, -1.54, -1.88, -1.76, -1.69, -1.65, -1.82, -1.97, -2.57, -2.64, -2.95, -3.59, -3.63, -3.66, -3.68, -3.7, -1.64, -1.64, -1.63, -1.63, -1.59, -1.56, -1.5, -1.67, -1.34, -1.58, -1.85, -2.07, -2.68, -2.73, -3.53, -3.6, -3.65, -3.69, -3.72, -3.72, -1.64, -1.65, -1.65, -1.64, -1.64, -1.59, -1.55, -1.47, -1.4, -1.67, -1.95, -2.24, -2.83, -2.83, -3.52, -3.62, -3.69, -3.74, -3.76, -3.76, -1.65, -1.65, -1.66, -1.66, -1.67, -1.65, -1.63, -1.6, -1.57, -1.78, -2.02, -2.83, -3.03, -2.88, -3.53, -3.65, -3.76, -3.81, -3.82, -3.8, -1.65, -1.65, -1.66, -1.67, -1.69, -1.73, -1.73, -1.74, -1.71, -1.63, -2.49, -2.74, -2.92, -3.36, -3.56, -3.72, -3.87, -3.93, -3.9, -3.85, -2.91, -1.65, -1.66, -1.68, -1.71, -1.76, -1.85, -1.91, -1.9, -2.07, -2.02, -2.62, -3.42, -3.43, -3.6, -3.78, -4.02, -4.1, -4.04, -3.97, -2.91, -2.86, -2.8, -2.75, -2.72, -1.74, -1.84, -2.05, -2.34, -1.98, -1.59, -2.94, -3.19, -3.5, -3.83, -3.95, -4.1, -4.15, -4.07, -4.02, -2.93, -2.87, -2.8, -2.7, -2.61, -2.62, -2.74, -1.9, -2.67, -2.12, -2.52, -3.06, -3.42, -3.25, -3.82, -3.91, -4.0, -4.04, -4.03, -4.0, -3.84, -3.75, -3.62, -2.67, -2.44, -2.32, -2.68, -3.08, -3.16, -2.96, -2.81, -3.15, -3.46, -3.27, -3.82, -3.88, -3.94, -3.97, -3.98, -3.97, -3.87, -3.79, -3.66, -3.42, -2.92, -1.47, -3.31, -4.26, -3.85, -3.55, -3.67, -3.08, -3.2, -3.18, -3.83, -3.87, -3.9, -3.93, -3.94, -3.94, -3.92, -3.86, -3.77, -3.63, -3.39, -3.27, -3.99, -4.83, -5.14, -5.28, -3.94, -4.28, -4.17, -3.09, -3.83, -3.86, -3.88, -3.79, -3.8, -3.8, -3.99, -3.96, -3.93, -3.91, -3.98, -4.3, -4.8, -4.98, -5.1, -4.85, -5.15, -4.39, -4.27, -3.47, -3.45, -3.69, -3.71, -3.72, -3.73, -3.74, -4.06, -4.06, -4.08, -4.15, -4.32, -4.72, -5.38, -4.98, -4.89, -4.79, -5.19, -4.3, -4.14, -4.02, -3.38, -3.6, -3.62, -3.65, -3.67, -3.69, -4.12, -4.14, -4.19, -4.28, -4.44, -4.69, -4.89, -4.81, -4.63, -4.48, -4.35, -3.42, -4.02, -3.89, -3.81, -3.5, -3.54, -3.57, -3.61, -3.64, -4.17, -4.2, -3.02, -3.12, -3.26, -4.46, -4.43, -4.29, -4.14, -4.06, -3.21, -3.2, -3.17, -2.79, -2.83, -3.27, -3.3, -3.34, -3.48, -3.51, -2.87, -2.91, -2.95, -2.99, -4.15, -4.05, -3.88, -3.65, -3.5, -3.53, -2.92, -3.01, -3.05, -3.05, -2.84, -2.97, -2.97, -2.96, -2.95, -2.95, -2.84, -2.85, -2.86, -2.86, -3.88, -3.67, -3.34, -2.89, -2.66, -2.44, -2.68, -2.86, -2.96, -2.82, -2.97, -2.98, -2.97, -2.96, -2.95, -2.95, -2.79, -2.79, -2.78, -3.83, -3.67, -3.39, -2.95, -2.23, -1.49, -2.13, -2.32, -2.57, -2.6, -2.78, -2.98, -2.98, -2.97, -2.96, -2.95, -2.95, -2.75, -2.74, -3.55, -3.45, -3.3, -3.08, -2.73, -2.24, -1.72, -2.07, -2.4, -2.62, -2.58, -2.73, -2.97, -2.97, -2.97, -2.96, -2.95, -2.94, -3.64, -3.59, -3.53, -3.44, -3.31, -3.14, -2.92, -2.69, -2.25, -2.4, -2.6, -2.74, -2.58, -2.97, -2.97, -2.98, -2.98, -2.97, -2.95, -2.94, -3.63, -3.59, -3.53, -3.46, -3.38, -3.27, -3.17, -2.37, -2.69, -2.78, -2.86, -2.91, -3.66, -2.97, -2.98, -2.99, -3.0, -2.98, -2.94, -2.93, -3.63, -3.6, -3.56, -2.44, -2.47, -2.52, -2.58, -2.69, -2.8, -2.87, -2.84, -3.27, -3.52, -2.96, -2.98, -3.01, -3.07, -2.99, -2.92, -2.91, -2.43, -2.44, -2.47, -2.5, -2.56, -2.64, -2.77, -2.96, -3.21, -3.33, -3.16, -3.49, -3.55, -3.38, -3.25, -3.01, -3.26, -2.89, -2.86, -2.88, -2.45, -2.47, -2.5, -2.55, -2.61, -2.72, -2.88, -3.15, -3.6, -3.98, -3.42, -3.47, -3.33, -3.39, -3.24, -3.1, -2.81, -2.64, -2.81, -2.86, -2.46, -2.49, -2.52, -2.57, -2.63, -2.73, -2.88, -3.13, -3.55, -3.88, -3.61, -3.32, -3.21, -3.41, -3.25, -2.64, -2.65, -2.63, -2.82, -2.85, -2.47, -2.49, -2.52, -2.56, -2.62, -2.7, -2.8, -2.93, -3.07, -3.08, -3.14, -3.03, -3.02, -2.36, -2.48, -2.56, -2.59, -2.61, -2.61, -2.6, -2.47, -2.49, -2.52, -2.55, -2.58, -2.63, -2.67, -2.69, -2.63, -2.68, -2.51, -2.44, -2.52, -2.56, -2.39, -2.48, -2.53, -2.56, -2.57, -2.57, -2.47, -2.48, -2.5, -2.52, -2.54, -2.55, -2.55, -2.49, -2.33, -2.15, -1.69, -2.13, -2.37, -2.47, -2.32, -2.41, -2.47, -2.51, -2.53, -2.54, -2.46, -2.47, -2.48, -2.49, -2.5, -2.49, -2.46, -2.37, -2.34, -2.02, -1.83, -2.09, -2.31, -2.43, -2.27, -2.36, -2.42, -2.46, -2.49, -2.5, -2.45, -2.46, -2.46, -2.47, -2.46, -2.44, -2.4, -2.33, -2.35, -2.19, -2.12, -2.21, -2.32, -2.42, -2.24, -2.32, -2.38, -2.42, -2.45, -2.47, -2.44, -2.45, -2.45, -2.44, -2.43, -2.41, -2.38, -2.49, -2.4, -2.32, -2.28, -2.31, -2.37, -2.43, -2.23, -2.3, -2.35, -2.39, -2.42, -2.44]}, {"header": {"refTime": "2023-09-12T14:00:00.000Z", "nx": 21, "ny": 33, "lo1": 113.509, "la1": 22.2235, "lo2": 113.5947, "la2": 22.1034, "dx": 0.0042850000000001385, "dy": 0.003753125000000024, "parameterCategory": 2, "parameterCategoryName": "Temperature", "parameterNumber": 3}, "data": [0.26, 0.28, 0.3, 0.71, 0.71, 1.04, 1.03, 1.01, 1.02, 1.12, 1.21, 1.29, 1.67, 1.72, 2.14, 2.22, 2.66, 2.69, 2.71, 2.72, 0.25, 0.27, 0.29, 0.32, 0.71, 0.71, 0.99, 0.95, 0.93, 1.05, 1.2, 1.33, 1.72, 1.77, 2.19, 2.63, 2.68, 2.71, 2.74, 2.75, 0.24, 0.25, 0.28, 0.31, 0.71, 0.71, 0.7, 0.89, 0.74, 1.0, 1.23, 1.42, 1.81, 1.85, 2.58, 2.65, 2.71, 2.75, 2.77, 2.78, 0.22, 0.23, 0.25, 0.28, 0.32, 0.71, 0.7, 0.7, 0.7, 1.08, 1.31, 1.56, 1.95, 1.97, 2.57, 2.67, 2.75, 2.81, 2.83, 2.83, 0.19, 0.2, 0.22, 0.25, 0.29, 0.71, 0.71, 0.71, 0.71, 1.19, 1.39, 1.97, 2.16, 2.01, 2.58, 2.71, 2.83, 2.89, 2.9, 2.88, 0.16, 0.17, 0.18, 0.2, 0.24, 0.29, 0.71, 0.71, 0.71, 0.73, 1.69, 1.88, 2.04, 2.29, 2.6, 2.78, 2.96, 3.03, 2.99, 2.93, 0.16, 0.13, 0.13, 0.14, 0.17, 0.23, 0.36, 0.7, 0.71, 1.02, 1.13, 1.74, 2.26, 2.28, 2.62, 2.85, 3.14, 3.25, 3.13, 3.04, 0.15, 0.13, 0.12, 0.21, 0.22, 0.19, 0.31, 0.49, 0.75, 0.98, 0.97, 1.87, 2.02, 2.29, 2.68, 2.89, 3.15, 3.25, 3.1, 3.01, 0.14, 0.12, 0.09, 0.05, 0.11, 0.15, 0.28, 0.37, 0.79, 1.04, 1.63, 1.96, 2.2, 2.09, 2.65, 2.82, 2.98, 3.05, 3.02, 2.97, 0.29, 0.25, 0.2, -0.01, -0.11, -0.09, 0.13, 0.38, 0.88, 0.88, 1.81, 2.03, 2.24, 2.11, 2.64, 2.75, 2.86, 2.92, 2.93, 2.92, 0.29, 0.26, 0.21, 0.12, -0.07, -0.63, 0.1, 0.5, 0.62, 0.95, 1.58, 1.98, 2.06, 2.05, 2.64, 2.72, 2.79, 2.84, 2.87, 2.87, 0.31, 0.29, 0.25, 0.19, 0.1, 0.06, 0.35, 0.75, 0.92, 1.39, 1.54, 2.0, 2.07, 1.99, 2.64, 2.7, 2.75, 2.27, 2.29, 2.28, 0.34, 0.32, 0.31, 0.3, 0.31, 0.42, 0.6, 0.76, 0.87, 0.74, 1.47, 1.93, 2.0, 1.72, 1.66, 2.02, 2.05, 2.09, 2.12, 2.14, 0.36, 0.36, 0.36, 0.38, 0.43, 0.56, 0.74, 0.7, 0.72, 0.69, 1.42, 1.33, 1.31, 1.27, 1.47, 1.79, 1.84, 1.9, 1.96, 2.0, 0.38, 0.39, 0.4, 0.43, 0.48, 0.56, 0.63, 1.14, 1.22, 1.27, 1.3, 1.07, 1.15, 1.08, 1.04, 1.53, 1.61, 1.71, 1.8, 1.87, 0.4, 0.41, 0.64, 0.67, 0.71, 1.21, 1.22, 1.27, 1.32, 1.35, 1.17, 1.05, 0.91, 1.04, 0.96, 1.0, 1.11, 1.21, 1.55, 1.65, 0.67, 0.69, 0.72, 0.76, 1.3, 1.32, 1.36, 1.42, 1.46, 1.46, 1.21, 1.04, 0.85, 0.64, 0.62, 0.62, 0.77, 0.88, 0.96, 1.01, 0.72, 0.75, 0.78, 0.84, 1.36, 1.41, 1.49, 1.59, 1.64, 1.38, 1.18, 1.06, 0.82, 0.64, 0.27, 0.57, 0.78, 0.91, 1.0, 1.05, 0.76, 0.79, 0.84, 1.38, 1.42, 1.48, 1.58, 1.74, 1.83, 1.51, 1.1, 0.86, 1.02, 0.78, 0.55, 0.7, 0.87, 0.99, 1.06, 1.1, 0.79, 0.83, 1.05, 1.08, 1.14, 1.22, 1.34, 1.53, 1.59, 1.33, 1.06, 0.86, 1.15, 1.01, 0.82, 0.91, 1.02, 1.1, 1.14, 1.16, 0.99, 1.01, 1.02, 1.05, 1.09, 1.15, 1.23, 1.31, 1.23, 1.11, 0.95, 0.81, 1.26, 0.99, 1.03, 1.11, 1.18, 1.23, 1.23, 1.23, 0.97, 0.98, 0.99, 1.01, 1.03, 1.05, 1.07, 1.11, 0.96, 0.89, 0.81, 0.74, 0.73, 1.13, 1.19, 1.28, 1.35, 1.36, 1.32, 1.29, 0.95, 0.95, 0.96, 1.0, 1.0, 0.98, 0.95, 0.91, 0.84, 0.8, 0.8, 1.12, 1.01, 1.22, 1.31, 1.43, 1.54, 1.49, 1.39, 1.33, 0.98, 0.97, 0.97, 0.95, 0.93, 0.89, 0.83, 0.73, 0.61, 0.55, 0.62, 0.75, 0.97, 1.15, 1.31, 1.49, 1.79, 1.49, 1.4, 1.35, 0.96, 0.95, 0.93, 0.91, 0.87, 0.82, 0.74, 0.61, 0.4, 0.23, 0.47, 0.7, 0.9, 1.12, 1.28, 1.4, 1.42, 1.32, 1.37, 1.35, 0.94, 0.92, 0.91, 0.88, 0.84, 0.79, 0.71, 0.59, 0.4, 0.25, 0.49, 0.71, 0.88, 1.08, 1.22, 1.46, 1.45, 1.42, 1.35, 1.34, 0.92, 0.91, 0.89, 0.86, 0.83, 0.78, 0.72, 0.64, 0.56, 0.55, 0.65, 0.77, 0.89, 1.36, 1.4, 1.43, 1.43, 1.43, 1.43, 1.44, 0.91, 0.9, 0.88, 0.85, 0.82, 0.79, 0.75, 0.71, 0.7, 0.75, 0.81, 0.7, 0.7, 0.72, 1.37, 1.4, 1.41, 1.42, 1.42, 1.43, 0.9, 0.89, 0.87, 0.85, 0.83, 0.8, 0.78, 0.77, 0.79, 0.87, 0.9, 0.79, 0.74, 0.74, 1.34, 1.37, 1.39, 1.4, 1.41, 1.42, 0.9, 0.89, 0.87, 0.85, 0.83, 0.82, 0.81, 0.81, 0.73, 0.81, 0.86, 0.8, 0.76, 0.75, 1.32, 1.35, 1.37, 1.39, 1.4, 1.4, 0.9, 0.88, 0.87, 0.86, 0.84, 0.83, 0.82, 0.83, 0.73, 0.77, 0.79, 0.78, 0.76, 0.75, 1.31, 1.34, 1.36, 1.38, 1.39, 1.39, 0.89, 0.88, 0.87, 0.86, 0.85, 0.84, 0.84, 0.69, 0.72, 0.74, 0.76, 0.76, 0.75, 0.75, 1.3, 1.33, 1.35, 1.37, 1.38, 1.39]}, {"header": {"refTime": "2023-09-12T14:00:00.000Z", "nx": 21, "ny": 33, "lo1": 113.509, "la1": 22.2235, "lo2": 113.5947, "la2": 22.1034, "dx": 0.0042850000000001385, "dy": 0.003753125000000024, "parameterCategory": 0, "parameterCategoryName": "Temperature", "parameterNumber": 0}, "data": [[29.16, 29.17, 29.19, 29.12, 29.16, 29.51, 29.55, 29.6, 29.62, 29.69, 29.68, 29.66, 29.94, 29.94, 29.54, 29.49, 29.44, 29.4, 29.38, 29.36], [29.15, 29.16, 29.18, 29.21, 29.15, 29.21, 29.56, 29.64, 29.69, 29.72, 29.69, 29.67, 29.94, 29.95, 29.54, 29.48, 29.42, 29.38, 29.35, 29.33], [29.13, 29.14, 29.16, 29.18, 29.12, 29.19, 29.3, 29.67, 29.85, 29.75, 29.69, 29.68, 29.95, 29.95, 29.55, 29.46, 29.39, 29.33, 29.3, 29.29], [29.12, 29.13, 29.14, 29.15, 29.18, 29.13, 29.22, 29.37, 29.51, 29.69, 29.66, 29.7, 29.96, 29.72, 29.56, 29.44, 29.33, 29.27, 29.24, 29.24], [29.1, 29.1, 29.11, 29.11, 29.12, 29.04, 29.08, 29.13, 29.15, 29.58, 29.59, 29.73, 29.89, 29.76, 29.55, 29.38, 29.24, 29.16, 29.15, 29.18], [29.09, 29.08, 29.08, 29.07, 29.06, 29.05, 28.92, 28.9, 28.89, 28.89, 29.47, 29.65, 29.79, 29.97, 29.52, 29.3, 29.09, 29.0, 29.04, 29.11], [28.74, 29.07, 29.06, 29.04, 29.02, 28.97, 28.6, 28.69, 28.66, 28.8, 28.93, 29.53, 29.94, 29.95, 29.47, 29.21, 28.87, 28.75, 28.78, 28.87], [28.76, 28.76, 28.76, 28.76, 28.74, 28.69, 28.62, 28.49, 28.44, 28.76, 28.81, 29.53, 29.54, 29.95, 29.02, 29.17, 28.87, 28.76, 28.93, 29.05], [28.64, 28.65, 28.8, 28.81, 28.81, 28.78, 28.68, 28.58, 28.43, 28.81, 29.16, 29.34, 29.42, 29.31, 29.06, 29.23, 29.05, 28.98, 29.02, 29.09], [29.1, 29.1, 29.1, 28.73, 28.78, 28.92, 28.82, 28.68, 28.53, 28.51, 29.43, 29.23, 29.29, 29.26, 29.06, 29.29, 29.18, 29.12, 29.11, 29.14], [29.1, 29.1, 29.1, 29.1, 29.1, 29.1, 29.1, 29.1, 28.82, 28.44, 28.7, 29.16, 29.21, 29.21, 29.04, 29.33, 29.25, 29.2, 29.19, 29.2], [29.1, 29.1, 29.1, 29.1, 29.1, 29.1, 29.1, 29.1, 29.1, -999.0, 28.7, 29.9, 29.9, 29.18, 29.03, 29.38, 29.33, 28.27, 28.28, 28.28], [29.1, 29.1, 29.1, 29.1, 29.1, 29.1, 29.1, 29.1, 29.1, 29.1, -999.0, 29.9, 29.9, 28.72, 29.24, 28.35, 28.36, 28.31, 28.32, 28.32], [29.1, 29.1, 29.1, 29.1, 29.1, 29.1, 29.1, 29.1, 29.1, 29.1, -999.0, 28.1, 28.1, 28.1, 29.09, 28.32, 28.33, 28.28, 28.29, 28.3], [29.1, 29.1, 29.1, 29.1, 29.1, 29.1, 29.1, 30.3, 30.3, 30.3, 30.3, 29.45, 28.1, 28.1, 28.1, 28.28, 28.3, 28.25, 28.26, 28.28], [29.1, 29.1, 29.86, 29.87, 29.89, 30.3, 30.3, 30.3, 30.3, 30.3, 28.92, 29.07, 28.86, 28.68, 28.88, 28.14, 28.14, 28.13, 28.23, 28.24], [29.87, 29.88, 29.52, 29.54, 30.3, 30.3, 30.3, 30.3, 30.3, 30.3, 29.35, 29.08, 28.79, 28.53, 28.37, 28.43, 28.54, 28.63, 28.7, 28.75], [29.53, 29.54, 29.56, 29.6, 30.3, 30.3, 30.3, 30.3, 30.3, 29.74, 29.45, 29.12, 28.77, 28.4, 28.14, 28.39, 28.55, 28.66, 28.73, 28.78], [29.55, 29.57, 29.6, 30.3, 30.3, 30.3, 30.3, 30.3, 30.1, 29.87, 29.7, 29.43, 28.72, 28.48, 28.36, 28.48, 28.61, 28.71, 28.78, 28.82], [29.57, 29.59, 30.41, 30.41, 30.4, 30.39, 30.37, 30.33, 30.12, 29.96, 29.75, 29.52, 28.78, 28.6, 28.57, 28.63, 28.71, 28.79, 28.84, 28.87], [30.42, 30.42, 30.42, 30.38, 30.38, 30.37, 30.37, 30.36, 30.01, 29.92, 29.79, 29.62, 28.81, 28.7, 28.72, 28.76, 28.81, 28.87, 28.91, 28.93], [30.39, 30.39, 30.39, 30.39, 30.39, 30.39, 30.38, 30.51, 29.99, 29.94, 29.84, 29.72, 28.91, 28.8, 28.82, 28.85, 28.89, 28.94, 28.98, 28.99], [30.4, 30.4, 30.4, 30.57, 30.57, 30.56, 30.55, 30.55, 30.55, 30.55, 30.57, 29.84, 29.67, 28.87, 28.9, 28.9, 28.87, 28.99, 29.07, 29.06], [30.6, 30.6, 30.6, 30.59, 30.59, 30.58, 30.58, 30.57, 30.57, 30.57, 30.58, 30.08, 29.71, 29.56, 29.4, 28.96, 28.64, 29.21, 29.2, 29.14], [30.61, 30.61, 30.61, 30.61, 30.61, 30.61, 30.6, 30.59, 30.57, 30.54, 30.59, 30.17, 29.98, 29.59, 29.46, 29.37, 29.34, 29.62, 29.3, 29.18], [30.62, 30.63, 30.63, 30.63, 30.63, 30.63, 30.63, 30.62, 30.59, 30.56, 30.37, 30.25, 30.07, 29.63, 29.53, 29.57, 29.58, 29.63, 29.27, 29.19], [30.63, 30.64, 30.64, 30.65, 30.65, 30.66, 30.66, 30.67, 30.67, 30.68, 30.45, 30.35, 30.18, 29.92, 29.77, 29.68, 29.65, 29.64, 29.63, 29.63], [30.64, 30.65, 30.65, 30.66, 30.67, 30.68, 30.7, 30.72, 30.76, 30.6, 30.62, 30.8, 30.75, 30.69, 29.88, 29.78, 29.72, 29.69, 29.68, 29.67], [30.65, 30.66, 30.67, 30.68, 30.69, 30.7, 30.73, 30.76, 30.82, 30.77, 31.02, 30.88, 30.79, 30.72, 29.97, 29.86, 29.79, 29.75, 29.72, 29.71], [30.66, 30.67, 30.68, 30.69, 30.7, 30.72, 30.75, 30.78, 30.84, 30.92, 30.97, 30.89, 30.8, 30.74, 30.03, 29.92, 29.85, 29.8, 29.77, 29.75], [30.67, 30.68, 30.68, 30.7, 30.71, 30.73, 30.76, 30.79, 30.83, 30.87, 30.88, 30.85, 30.79, 30.74, 30.07, 29.97, 29.9, 29.84, 29.81, 29.79], [30.67, 30.68, 30.69, 30.7, 30.72, 30.73, 30.76, 30.78, 30.8, 30.82, 30.83, 30.81, 30.78, 30.74, 30.08, 30.0, 29.93, 29.88, 29.84, 29.82]]}]