gis_exercise/awsData/contour/wdir_2023090511.json
[{"header": {"refTime": "2023-09-05T11:00:00.000Z", "nx": 21, "ny": 33, "lo1": 113.509, "la1": 22.2235, "lo2": 113.5947, "la2": 22.1034, "dx": 0.0042850000000001385, "dy": 0.003753125000000024, "parameterCategory": 2, "parameterCategoryName": "Temperature", "parameterNumber": 2}, "data": [1.35, 1.32, 1.27, 1.05, 0.99, 0.92, 0.84, 0.77, 0.74, 0.71, 0.82, 0.93, 0.64, 0.68, 0.83, 0.83, 0.83, 0.81, 0.8, 0.79, 1.38, 1.34, 1.3, 1.24, 1.0, 0.92, 0.79, 0.64, 0.55, 0.61, 0.81, 0.96, 0.7, 0.73, 0.87, 0.86, 0.83, 0.81, 0.79, 0.78, 1.41, 1.38, 1.34, 1.28, 1.04, 0.95, 0.8, 0.54, 0.14, 0.52, 0.84, 1.04, 0.8, 0.82, 0.92, 0.86, 0.82, 0.79, 0.78, 0.77, 1.45, 1.42, 1.39, 1.34, 1.27, 1.03, 0.91, 0.71, 0.53, 0.67, 0.96, 1.17, 0.98, 1.24, 0.94, 0.86, 0.81, 0.78, 0.76, 0.75, 1.49, 1.48, 1.46, 1.43, 1.38, 1.15, 1.1, 1.03, 1.0, 0.92, 1.11, 1.29, 1.45, 1.26, 0.93, 0.83, 0.77, 0.75, 0.74, 0.74, 1.54, 1.54, 1.53, 1.52, 1.5, 1.48, 1.31, 1.34, 1.35, 1.35, 1.17, 1.2, 1.28, 0.83, 0.86, 0.78, 0.73, 0.7, 0.71, 0.72, 2.04, 1.6, 1.61, 1.61, 1.62, 1.63, 2.04, 1.61, 1.66, 1.48, 1.31, 0.98, 0.52, 0.55, 0.76, 0.73, 0.67, 0.65, 0.65, 0.66, 2.04, 2.05, 2.06, 2.12, 2.13, 2.07, 2.06, 2.06, 1.96, 1.53, 1.46, 0.4, 0.23, 0.32, 0.16, 0.28, 0.43, 0.49, 0.4, 0.35, 2.04, 2.05, 2.06, 2.08, 2.14, 2.14, 2.12, 2.05, 1.94, 1.46, 0.71, 0.33, 0.09, 0.21, 0.12, 0.23, 0.33, 0.37, 0.35, 0.32, 1.95, 1.96, 1.98, 2.08, 2.11, 2.17, 2.13, 2.09, 1.89, 1.85, 0.51, 0.28, 0.07, 0.2, 0.1, 0.19, 0.25, 0.29, 0.3, 0.29, 1.95, 1.96, 1.98, 2.01, 2.07, 2.26, 2.03, 1.93, 2.01, 1.85, 1.02, 0.33, 0.25, 0.26, 0.1, 0.16, 0.21, 0.25, 0.26, 0.26, 1.94, 1.95, 1.96, 1.98, 2.01, 2.02, 1.94, 1.87, 1.86, 1.36, 1.11, 0.51, 0.39, 0.32, 0.11, 0.15, 0.19, 0.6, 0.62, 0.63, 1.93, 1.93, 1.93, 1.93, 1.92, 1.87, 1.8, 1.83, 1.85, 1.86, 1.2, 0.62, 0.5, 0.38, 0.42, 0.61, 0.64, 0.65, 0.66, 0.66, 1.92, 1.92, 1.91, 1.9, 1.87, 1.8, 1.67, 1.79, 1.83, 1.85, 1.24, 1.07, 1.02, 1.0, 0.56, 0.72, 0.73, 0.72, 0.71, 0.71, 1.91, 1.91, 1.9, 1.88, 1.85, 1.81, 1.78, 1.67, 1.68, 1.68, 1.68, 1.62, 1.11, 1.11, 1.11, 0.85, 0.83, 0.8, 0.77, 0.75, 1.9, 1.9, 1.81, 1.79, 1.77, 1.65, 1.65, 1.65, 1.65, 1.66, 1.61, 1.6, 1.58, 1.15, 1.17, 1.34, 1.34, 1.35, 1.55, 1.55, 1.81, 1.8, 1.79, 1.78, 1.64, 1.64, 1.64, 1.63, 1.63, 1.63, 1.59, 1.58, 1.56, 1.53, 1.6, 1.43, 1.42, 1.4, 1.39, 1.38, 1.8, 1.79, 1.78, 1.76, 1.64, 1.63, 1.62, 1.6, 1.59, 1.54, 1.53, 1.57, 1.55, 1.6, 1.49, 1.44, 1.42, 1.41, 1.39, 1.38, 1.79, 1.78, 1.76, 1.64, 1.63, 1.62, 1.6, 1.58, 1.54, 1.54, 1.37, 1.36, 1.69, 1.65, 1.44, 1.43, 1.42, 1.4, 1.39, 1.38, 1.78, 1.77, 1.35, 1.35, 1.36, 1.37, 1.39, 1.43, 1.44, 1.39, 1.34, 1.33, 1.73, 1.73, 1.43, 1.43, 1.42, 1.41, 1.39, 1.37, 1.32, 1.32, 1.32, 1.33, 1.33, 1.33, 1.34, 1.36, 1.34, 1.32, 1.29, 1.29, 1.79, 1.42, 1.43, 1.44, 1.43, 1.41, 1.38, 1.36, 1.31, 1.3, 1.3, 1.3, 1.29, 1.29, 1.28, 1.29, 1.24, 1.23, 1.23, 1.23, 1.58, 1.41, 1.43, 1.46, 1.48, 1.43, 1.37, 1.34, 1.29, 1.28, 1.28, 1.29, 1.28, 1.27, 1.25, 1.22, 1.19, 1.18, 1.19, 1.46, 1.13, 1.41, 1.44, 1.51, 1.61, 1.46, 1.33, 1.3, 1.3, 1.3, 1.29, 1.28, 1.26, 1.24, 1.21, 1.16, 1.09, 1.06, 1.11, 1.43, 1.11, 1.19, 1.28, 1.49, 1.99, 1.26, 1.21, 1.24, 1.3, 1.29, 1.28, 1.27, 1.26, 1.23, 1.19, 1.12, 1.0, 0.89, 1.05, 1.39, 1.56, 1.16, 1.22, 1.25, 1.1, 0.77, 1.1, 1.2, 1.3, 1.29, 1.28, 1.27, 1.26, 1.23, 1.19, 1.13, 1.02, 0.92, 1.2, 1.4, 1.55, 1.12, 1.16, 1.29, 1.15, 1.07, 1.12, 1.19, 1.3, 1.29, 1.29, 1.28, 1.27, 1.25, 1.22, 1.19, 1.15, 1.16, 1.36, 1.46, 1.57, 1.42, 1.37, 1.3, 1.23, 1.19, 1.21, 1.24, 1.3, 1.3, 1.29, 1.29, 1.28, 1.27, 1.27, 1.27, 1.29, 1.46, 1.51, 1.17, 1.04, 0.92, 1.39, 1.33, 1.29, 1.26, 1.26, 1.27, 1.31, 1.3, 1.3, 1.3, 1.3, 1.3, 1.3, 1.33, 1.38, 1.58, 1.55, 1.3, 1.12, 0.98, 1.41, 1.36, 1.33, 1.3, 1.29, 1.3, 1.31, 1.31, 1.31, 1.31, 1.31, 1.32, 1.33, 1.36, 1.24, 1.38, 1.47, 1.31, 1.15, 1.02, 1.42, 1.39, 1.36, 1.34, 1.32, 1.32, 1.31, 1.31, 1.31, 1.32, 1.32, 1.33, 1.35, 1.38, 1.21, 1.28, 1.3, 1.23, 1.13, 1.03, 1.43, 1.4, 1.38, 1.36, 1.35, 1.34, 1.32, 1.32, 1.32, 1.32, 1.33, 1.34, 1.35, 1.12, 1.16, 1.19, 1.2, 1.16, 1.09, 1.02, 1.44, 1.41, 1.39, 1.37, 1.36, 1.36]}, {"header": {"refTime": "2023-09-05T11:00:00.000Z", "nx": 21, "ny": 33, "lo1": 113.509, "la1": 22.2235, "lo2": 113.5947, "la2": 22.1034, "dx": 0.0042850000000001385, "dy": 0.003753125000000024, "parameterCategory": 2, "parameterCategoryName": "Temperature", "parameterNumber": 3}, "data": [-2.17, -2.14, -2.11, -1.63, -1.61, -1.35, -1.32, -1.29, -1.26, -0.95, -0.9, -0.85, -1.36, -1.38, -2.13, -2.32, -3.11, -3.24, -3.33, -3.4, -2.18, -2.16, -2.12, -2.08, -1.62, -1.58, -1.33, -1.28, -1.25, -0.99, -0.9, -0.83, -1.32, -1.34, -2.11, -2.96, -3.16, -3.32, -3.42, -3.49, -2.21, -2.18, -2.15, -2.11, -1.64, -1.6, -1.53, -1.29, -1.21, -1.02, -0.88, -0.78, -1.23, -1.27, -2.66, -2.98, -3.25, -3.45, -3.56, -3.61, -2.24, -2.22, -2.19, -2.16, -2.1, -1.64, -1.59, -1.5, -1.41, -0.98, -0.84, -0.69, -1.05, -1.17, -2.6, -3.06, -3.42, -3.65, -3.75, -3.76, -2.27, -2.26, -2.24, -2.22, -2.18, -1.71, -1.69, -1.65, -1.61, -0.92, -0.8, -1.05, -0.6, -1.08, -2.64, -3.25, -3.72, -3.97, -4.01, -3.95, -2.3, -2.3, -2.3, -2.29, -2.27, -2.24, -1.8, -1.82, -1.78, -1.69, -1.49, -1.31, -1.02, -2.06, -2.86, -3.57, -4.2, -4.46, -4.33, -4.14, -3.19, -2.35, -2.35, -2.36, -2.36, -2.35, -2.35, -2.03, -2.02, -2.15, -2.07, -1.87, -2.76, -2.75, -3.17, -3.89, -4.83, -5.18, -4.87, -4.59, -3.21, -3.19, -3.17, -3.23, -3.2, -2.42, -2.39, -2.42, -2.53, -2.05, -1.59, -3.21, -3.53, -3.31, -4.79, -5.09, -5.44, -5.57, -5.38, -5.25, -3.22, -3.21, -3.19, -3.16, -3.2, -3.19, -3.17, -2.39, -2.59, -2.21, -2.84, -3.55, -4.19, -3.88, -4.8, -5.01, -5.22, -5.31, -5.27, -5.2, -3.75, -3.72, -3.68, -3.18, -3.13, -3.16, -3.24, -3.33, -2.87, -2.68, -3.27, -3.79, -4.34, -3.97, -4.81, -4.94, -5.07, -5.15, -5.16, -5.13, -3.76, -3.73, -3.69, -3.61, -3.45, -2.96, -3.59, -3.94, -3.69, -3.1, -3.75, -3.67, -3.86, -3.82, -4.81, -4.9, -4.99, -5.05, -5.07, -5.07, -3.78, -3.76, -3.72, -3.67, -3.59, -3.56, -3.81, -4.15, -4.3, -4.58, -3.87, -4.47, -4.49, -3.68, -4.81, -4.87, -4.94, -4.64, -4.65, -4.64, -3.8, -3.79, -3.77, -3.76, -3.78, -3.87, -4.03, -4.17, -4.26, -4.15, -4.61, -4.46, -4.46, -3.79, -3.73, -4.38, -4.4, -4.44, -4.47, -4.49, -3.82, -3.82, -3.82, -3.84, -3.88, -3.99, -4.15, -4.11, -4.13, -4.1, -4.58, -4.05, -3.96, -3.86, -3.52, -4.11, -4.16, -4.22, -4.28, -4.33, -3.84, -3.84, -3.86, -3.88, -3.93, -3.99, -4.05, -4.23, -4.24, -4.23, -4.22, -3.51, -3.73, -3.6, -3.52, -3.8, -3.9, -4.0, -4.1, -4.18, -3.86, -3.86, -3.67, -3.7, -3.74, -4.18, -4.18, -4.17, -4.17, -4.17, -3.56, -3.41, -3.22, -3.16, -3.08, -2.96, -3.03, -3.1, -3.38, -3.47, -3.66, -3.67, -3.69, -3.71, -4.16, -4.14, -4.12, -4.1, -4.09, -4.1, -3.5, -3.33, -3.1, -2.83, -2.52, -2.57, -2.68, -2.77, -2.83, -2.88, -3.67, -3.68, -3.69, -3.71, -4.13, -4.1, -4.06, -4.01, -3.98, -3.57, -3.42, -3.29, -3.03, -2.54, -2.3, -2.54, -2.69, -2.79, -2.86, -2.9, -3.67, -3.69, -3.7, -4.12, -4.1, -4.07, -4.02, -3.93, -3.75, -3.6, -3.06, -2.85, -2.81, -2.62, -2.51, -2.63, -2.75, -2.84, -2.9, -2.94, -3.68, -3.69, -3.49, -3.5, -3.51, -3.52, -3.56, -3.62, -3.48, -3.25, -3.03, -2.85, -2.87, -2.75, -2.71, -2.77, -2.86, -2.92, -2.96, -2.99, -3.44, -3.44, -3.44, -3.44, -3.43, -3.44, -3.45, -3.48, -3.18, -3.08, -2.94, -2.82, -2.93, -2.84, -2.86, -2.91, -2.96, -3.01, -3.03, -3.04, -3.4, -3.39, -3.38, -3.37, -3.36, -3.34, -3.32, -3.05, -2.95, -2.89, -2.82, -2.76, -2.45, -2.94, -2.97, -3.02, -3.06, -3.09, -3.1, -3.09, -3.36, -3.35, -3.33, -2.93, -2.93, -2.92, -2.91, -2.87, -2.82, -2.78, -2.78, -2.86, -2.88, -3.01, -3.05, -3.09, -3.12, -3.16, -3.17, -3.14, -2.91, -2.9, -2.9, -2.89, -2.87, -2.84, -2.79, -2.72, -2.63, -2.58, -2.63, -2.5, -2.86, -2.98, -3.08, -3.15, -3.08, -3.27, -3.24, -3.19, -2.89, -2.88, -2.86, -2.85, -2.82, -2.78, -2.72, -2.62, -2.46, -2.34, -2.51, -2.48, -2.56, -2.97, -3.08, -3.18, -3.32, -3.43, -3.28, -3.21, -2.87, -2.85, -2.84, -2.82, -2.79, -2.74, -2.68, -2.59, -2.45, -2.35, -2.4, -2.5, -2.56, -2.96, -3.07, -3.24, -3.31, -3.34, -3.26, -3.21, -2.85, -2.84, -2.82, -2.8, -2.77, -2.73, -2.68, -2.62, -2.55, -2.53, -2.49, -2.54, -2.58, -3.11, -3.16, -3.21, -3.26, -3.28, -3.27, -3.26, -2.84, -2.82, -2.81, -2.78, -2.76, -2.72, -2.69, -2.65, -2.63, -2.55, -2.58, -2.7, -2.76, -2.84, -3.13, -3.18, -3.21, -3.23, -3.24, -3.23, -2.83, -2.81, -2.8, -2.78, -2.75, -2.73, -2.7, -2.68, -2.67, -2.63, -2.71, -2.72, -2.76, -2.83, -3.1, -3.15, -3.18, -3.2, -3.21, -3.21, -2.82, -2.81, -2.79, -2.77, -2.75, -2.73, -2.71, -2.7, -2.68, -2.7, -2.71, -2.73, -2.77, -2.82, -3.08, -3.12, -3.15, -3.17, -3.19, -3.19, -2.82, -2.8, -2.79, -2.77, -2.76, -2.74, -2.73, -2.71, -2.7, -2.71, -2.72, -2.74, -2.78, -2.82, -3.07, -3.1, -3.13, -3.15, -3.17, -3.17, -2.81, -2.8, -2.79, -2.78, -2.76, -2.75, -2.74, -2.71, -2.72, -2.73, -2.74, -2.76, -2.79, -2.82, -3.06, -3.09, -3.12, -3.14, -3.15, -3.16]}, {"header": {"refTime": "2023-09-05T11:00:00.000Z", "nx": 21, "ny": 33, "lo1": 113.509, "la1": 22.2235, "lo2": 113.5947, "la2": 22.1034, "dx": 0.0042850000000001385, "dy": 0.003753125000000024, "parameterCategory": 0, "parameterCategoryName": "Temperature", "parameterNumber": 0}, "data": [[31.47, 31.47, 31.47, 31.4, 31.41, 31.54, 31.55, 31.56, 31.57, 31.69, 31.72, 31.74, 31.84, 31.85, 31.92, 31.95, 32.1, 32.1, 32.11, 32.12], [31.47, 31.47, 31.47, 31.47, 31.41, 31.43, 31.55, 31.56, 31.58, 31.68, 31.71, 31.75, 31.85, 31.86, 31.93, 32.09, 32.1, 32.11, 32.12, 32.12], [31.47, 31.47, 31.47, 31.47, 31.4, 31.42, 31.46, 31.56, 31.59, 31.66, 31.72, 31.77, 31.86, 31.87, 32.06, 32.09, 32.11, 32.12, 32.13, 32.13], [31.47, 31.47, 31.47, 31.47, 31.46, 31.4, 31.43, 31.48, 31.52, 31.68, 31.74, 31.8, 31.88, 31.96, 32.06, 32.09, 32.12, 32.14, 32.14, 32.14], [31.47, 31.47, 31.47, 31.46, 31.46, 31.37, 31.38, 31.4, 31.41, 31.77, 31.77, 31.97, 31.92, 31.95, 32.06, 32.11, 32.14, 32.16, 32.16, 32.16], [31.48, 31.47, 31.47, 31.46, 31.45, 31.43, 31.32, 31.31, 31.37, 31.4, 32.02, 31.97, 31.95, 31.97, 32.08, 32.13, 32.18, 32.2, 32.19, 32.17], [31.43, 31.48, 31.47, 31.47, 31.45, 31.42, 31.4, 31.29, 31.27, 31.61, 31.5, 31.99, 32.01, 32.0, 32.1, 32.15, 32.22, 32.25, 32.23, 32.2], [31.44, 31.45, 31.45, 31.44, 31.43, 31.39, 31.32, 31.27, 31.22, 31.57, 31.53, 32.1, 32.1, 32.0, 32.23, 32.2, 32.25, 32.26, 32.24, 32.22], [31.36, 31.37, 31.47, 31.48, 31.48, 31.46, 31.39, 31.28, 31.1, 31.63, 32.1, 32.1, 32.1, 32.1, 32.22, 32.2, 32.22, 32.23, 32.23, 32.22], [31.7, 31.7, 31.7, 31.42, 31.46, 31.56, 31.49, 31.39, 31.1, 31.1, 32.1, 32.1, 32.1, 32.1, 32.22, 32.19, 32.2, 32.21, 32.21, 32.21], [31.7, 31.7, 31.7, 31.7, 31.7, 31.7, 31.7, 31.7, 31.49, 31.1, -999.0, 32.1, 32.1, 32.1, 32.22, 32.18, 32.19, 32.2, 32.2, 32.2], [31.7, 31.7, 31.7, 31.7, 31.7, 31.7, 31.7, 31.7, 31.7, -999.0, -999.0, 32.1, 32.1, 32.1, 32.22, 32.17, 32.18, 31.73, 31.75, 31.75], [31.7, 31.7, 31.7, 31.7, 31.7, 31.7, 31.7, 31.7, 31.7, 31.7, -999.0, 32.1, 32.1, 31.58, 31.81, 31.94, 31.94, 31.82, 31.84, 31.85], [31.7, 31.7, 31.7, 31.7, 31.7, 31.7, 31.7, 31.7, 31.7, 31.7, -999.0, 31.3, 31.3, 31.3, 31.74, 31.85, 31.87, 31.74, 31.77, 31.79], [31.7, 31.7, 31.7, 31.7, 31.7, 31.7, 31.7, 32.3, 32.3, 32.3, 32.3, 31.92, 31.3, 31.3, 31.3, 31.76, 31.79, 31.67, 31.71, 31.74], [31.7, 31.7, 32.08, 32.08, 32.1, 32.3, 32.3, 32.3, 32.3, 32.3, 31.67, 31.74, 31.65, 31.56, 31.66, 31.37, 31.38, 31.36, 31.61, 31.64], [32.09, 32.09, 31.91, 31.92, 32.3, 32.3, 32.3, 32.3, 32.3, 32.3, 31.87, 31.75, 31.62, 31.5, 31.44, 31.46, 31.51, 31.56, 31.59, 31.62], [31.91, 31.92, 31.93, 31.95, 32.3, 32.3, 32.3, 32.3, 32.3, 32.05, 31.91, 31.76, 31.61, 31.45, 31.32, 31.44, 31.52, 31.57, 31.61, 31.63], [31.93, 31.94, 31.95, 32.3, 32.3, 32.3, 32.3, 32.3, 32.21, 32.11, 31.99, 31.87, 31.61, 31.5, 31.43, 31.48, 31.55, 31.6, 31.63, 31.65], [31.93, 31.94, 32.24, 32.25, 32.25, 32.25, 32.26, 32.28, 32.19, 32.11, 32.01, 31.9, 31.64, 31.56, 31.53, 31.56, 31.6, 31.63, 31.66, 31.67], [32.24, 32.24, 32.24, 32.26, 32.26, 32.26, 32.27, 32.27, 32.12, 32.08, 32.01, 31.93, 31.67, 31.59, 31.6, 31.63, 31.65, 31.68, 31.69, 31.7], [32.25, 32.25, 32.25, 32.26, 32.26, 32.26, 32.26, 32.2, 32.09, 32.06, 32.02, 31.97, 31.66, 31.64, 31.66, 31.68, 31.69, 31.71, 31.73, 31.73], [32.25, 32.25, 32.25, 32.16, 32.17, 32.17, 32.17, 32.18, 32.18, 32.17, 32.17, 32.05, 31.97, 31.68, 31.69, 31.71, 31.71, 31.74, 31.77, 31.76], [32.15, 32.15, 32.15, 32.15, 32.16, 32.16, 32.16, 32.16, 32.17, 32.17, 32.16, 31.95, 31.98, 31.93, 31.89, 31.74, 31.64, 31.83, 31.82, 31.79], [32.14, 32.14, 32.14, 32.14, 32.15, 32.15, 32.15, 32.15, 32.17, 32.18, 32.15, 31.97, 31.9, 31.94, 31.91, 31.88, 31.87, 31.97, 31.85, 31.8], [32.14, 32.14, 32.14, 32.14, 32.13, 32.13, 32.13, 32.14, 32.15, 32.17, 32.04, 31.97, 31.91, 31.96, 31.93, 31.87, 31.9, 31.92, 31.84, 31.81], [32.13, 32.13, 32.13, 32.13, 32.12, 32.12, 32.12, 32.12, 32.12, 32.11, 31.99, 31.95, 31.91, 31.87, 31.87, 31.88, 31.89, 31.9, 31.89, 31.89], [32.13, 32.13, 32.12, 32.12, 32.11, 32.11, 32.1, 32.09, 32.07, 31.96, 31.94, 32.03, 32.06, 32.08, 31.87, 31.88, 31.88, 31.89, 31.89, 31.88], [32.12, 32.12, 32.12, 32.11, 32.11, 32.1, 32.09, 32.07, 32.04, 31.93, 31.94, 32.0, 32.04, 32.06, 31.88, 31.88, 31.88, 31.88, 31.88, 31.88], [32.12, 32.12, 32.11, 32.11, 32.1, 32.09, 32.08, 32.06, 32.02, 31.98, 31.96, 31.99, 32.03, 32.05, 31.88, 31.88, 31.88, 31.88, 31.88, 31.88], [32.12, 32.11, 32.11, 32.1, 32.09, 32.09, 32.07, 32.06, 32.02, 32.0, 32.0, 32.01, 32.03, 32.05, 31.88, 31.88, 31.88, 31.88, 31.88, 31.88], [32.11, 32.11, 32.1, 32.1, 32.09, 32.08, 32.07, 32.04, 32.03, 32.02, 32.02, 32.03, 32.04, 32.05, 31.88, 31.88, 31.88, 31.88, 31.88, 31.88]]}]