gis_exercise/awsData/contour/wdir_2023090804.json
[{"header": {"refTime": "2023-09-08T04:00:00.000Z", "nx": 21, "ny": 33, "lo1": 113.509, "la1": 22.2235, "lo2": 113.5947, "la2": 22.1034, "dx": 0.0042850000000001385, "dy": 0.003753125000000024, "parameterCategory": 2, "parameterCategoryName": "Temperature", "parameterNumber": 2}, "data": [-2.63, -2.65, -2.66, -2.94, -2.92, -3.47, -3.4, -3.33, -3.32, -3.01, -3.11, -3.21, -3.61, -3.66, -5.99, -6.29, -6.77, -6.94, -7.07, -7.15, -2.62, -2.64, -2.66, -2.68, -2.93, -2.89, -3.34, -3.2, -3.12, -2.95, -3.12, -3.27, -3.68, -3.73, -6.05, -6.61, -6.87, -7.08, -7.22, -7.3, -2.61, -2.63, -2.65, -2.68, -2.95, -2.91, -2.86, -3.1, -2.71, -2.89, -3.15, -3.38, -3.8, -3.83, -6.28, -6.68, -7.04, -7.3, -7.45, -7.5, -2.59, -2.61, -2.64, -2.67, -2.71, -2.96, -2.91, -2.83, -2.75, -2.96, -3.24, -3.56, -4.01, -3.88, -6.25, -6.82, -7.31, -7.63, -7.76, -7.75, -2.57, -2.59, -2.61, -2.66, -2.71, -3.02, -3.01, -2.97, -2.92, -3.03, -3.29, -3.92, -4.33, -3.97, -6.27, -7.07, -7.77, -8.15, -8.19, -8.06, -2.54, -2.55, -2.58, -2.62, -2.69, -2.79, -3.13, -3.14, -3.09, -2.94, -3.36, -3.71, -4.04, -5.17, -6.4, -7.48, -8.54, -8.99, -8.74, -8.38, -4.03, -2.5, -2.51, -2.55, -2.63, -2.77, -2.88, -3.39, -3.36, -3.1, -2.87, -3.34, -5.1, -5.36, -6.55, -7.89, -9.62, -10.27, -10.07, -9.66, -4.02, -3.94, -3.85, -3.44, -3.44, -2.54, -2.84, -3.35, -3.9, -3.03, -2.46, -4.14, -4.53, -5.68, -7.91, -8.9, -10.11, -10.54, -9.89, -9.46, -4.02, -3.92, -3.8, -3.63, -3.19, -3.26, -3.57, -2.99, -4.06, -3.15, -4.25, -5.21, -6.59, -5.93, -7.92, -8.63, -9.34, -9.66, -9.52, -9.28, -4.71, -4.58, -4.39, -3.52, -3.12, -2.66, -3.26, -3.92, -4.41, -4.16, -4.96, -5.93, -7.14, -6.24, -7.96, -8.4, -8.85, -9.1, -9.14, -9.06, -4.76, -4.64, -4.45, -4.11, -3.39, -1.28, -3.88, -5.13, -4.72, -4.71, -6.16, -5.71, -6.08, -5.95, -7.98, -8.27, -8.56, -8.76, -8.85, -8.85, -4.84, -4.76, -4.63, -4.43, -4.09, -3.91, -4.9, -5.84, -6.15, -7.43, -6.25, -6.7, -6.77, -5.68, -7.98, -8.19, -8.39, -8.58, -8.62, -8.61, -4.94, -4.91, -4.88, -4.87, -4.99, -5.51, -6.28, -6.21, -6.19, -5.94, -7.66, -6.63, -6.66, -5.78, -5.67, -7.96, -8.04, -8.14, -8.22, -8.27, -5.05, -5.06, -5.1, -5.22, -5.53, -6.22, -7.42, -6.46, -6.12, -5.94, -7.65, -6.52, -6.42, -6.3, -5.37, -7.42, -7.54, -7.68, -7.82, -7.93, -5.14, -5.18, -5.27, -5.42, -5.7, -6.12, -6.43, -6.55, -6.25, -6.04, -5.9, -4.42, -6.03, -5.84, -5.72, -6.79, -6.99, -7.23, -7.44, -7.62, -5.22, -5.27, -4.28, -4.43, -4.64, -6.21, -6.16, -5.97, -5.77, -5.64, -4.27, -4.2, -4.12, -4.52, -4.49, -5.5, -5.74, -5.98, -6.87, -7.1, -4.1, -4.15, -4.23, -4.32, -5.83, -5.73, -5.54, -5.28, -5.09, -5.1, -4.01, -4.02, -3.97, -3.89, -4.01, -4.44, -4.72, -4.93, -5.08, -5.19, -4.08, -4.11, -4.15, -4.19, -5.53, -5.31, -4.95, -4.47, -4.22, -3.93, -4.09, -3.88, -3.88, -3.98, -3.71, -4.35, -4.75, -5.0, -5.16, -5.26, -4.05, -4.07, -4.08, -5.47, -5.29, -5.0, -4.53, -3.77, -2.99, -3.6, -3.38, -3.52, -4.16, -4.14, -4.3, -4.59, -4.93, -5.15, -5.28, -5.36, -4.02, -4.02, -5.03, -4.92, -4.77, -4.53, -4.18, -3.69, -3.02, -3.24, -3.44, -3.56, -4.32, -4.42, -4.83, -5.0, -5.22, -5.37, -5.44, -5.47, -5.08, -5.03, -4.96, -4.85, -4.72, -4.53, -4.3, -4.07, -3.36, -3.46, -3.57, -3.65, -4.53, -5.16, -5.25, -5.41, -5.55, -5.62, -5.62, -5.6, -5.04, -4.98, -4.91, -4.83, -4.72, -4.59, -4.46, -3.46, -3.66, -3.71, -3.76, -3.78, -5.45, -5.43, -5.58, -5.77, -5.92, -5.9, -5.8, -5.71, -5.01, -4.96, -4.89, -3.5, -3.52, -3.55, -3.6, -3.67, -3.76, -3.8, -3.78, -5.07, -5.82, -5.61, -5.8, -6.08, -6.37, -6.17, -5.9, -5.77, -3.48, -3.49, -3.51, -3.54, -3.58, -3.63, -3.73, -3.86, -4.04, -4.12, -3.99, -5.12, -5.78, -5.95, -6.12, -6.2, -7.1, -6.05, -5.84, -5.77, -3.49, -3.51, -3.53, -3.56, -3.61, -3.68, -3.8, -3.99, -4.3, -4.57, -4.18, -4.98, -5.21, -5.9, -6.04, -6.13, -5.82, -5.41, -5.71, -5.73, -3.5, -3.52, -3.54, -3.57, -3.62, -3.69, -3.8, -3.97, -4.26, -4.5, -4.74, -4.8, -5.01, -5.84, -5.94, -5.62, -5.63, -5.56, -5.69, -5.7, -3.5, -3.52, -3.54, -3.57, -3.61, -3.66, -3.73, -3.82, -3.92, -3.92, -4.42, -4.52, -4.76, -4.95, -5.23, -5.41, -5.5, -5.51, -5.52, -5.52, -3.5, -3.52, -3.53, -3.56, -3.58, -3.61, -3.63, -3.64, -3.6, -3.99, -3.88, -3.61, -3.76, -3.88, -5.02, -5.23, -5.35, -5.41, -5.43, -5.44, -3.5, -3.51, -3.52, -3.53, -3.55, -3.55, -3.54, -3.5, -3.37, -3.5, -2.94, -3.35, -3.62, -3.78, -4.85, -5.07, -5.21, -5.29, -5.34, -5.36, -3.49, -3.5, -3.51, -3.51, -3.51, -3.5, -3.48, -3.41, -3.5, -3.23, -3.07, -3.33, -3.57, -3.73, -4.73, -4.94, -5.09, -5.18, -5.25, -5.28, -3.49, -3.49, -3.49, -3.49, -3.49, -3.47, -3.44, -3.38, -3.54, -3.4, -3.35, -3.45, -3.59, -3.72, -4.66, -4.85, -5.0, -5.1, -5.17, -5.21, -3.48, -3.48, -3.48, -3.48, -3.47, -3.45, -3.42, -3.68, -3.6, -3.53, -3.51, -3.56, -3.64, -3.73, -4.64, -4.8, -4.93, -5.03, -5.1, -5.15]}, {"header": {"refTime": "2023-09-08T04:00:00.000Z", "nx": 21, "ny": 33, "lo1": 113.509, "la1": 22.2235, "lo2": 113.5947, "la2": 22.1034, "dx": 0.0042850000000001385, "dy": 0.003753125000000024, "parameterCategory": 2, "parameterCategoryName": "Temperature", "parameterNumber": 3}, "data": [-1.22, -1.2, -1.17, -1.02, -0.98, -1.06, -1.0, -0.94, -0.93, -0.81, -0.89, -0.97, -1.14, -1.18, -0.42, -0.34, -0.58, -0.52, -0.47, -0.43, -1.23, -1.21, -1.19, -1.15, -0.99, -0.94, -0.96, -0.85, -0.78, -0.75, -0.89, -1.0, -1.18, -1.22, -0.45, -0.65, -0.55, -0.46, -0.41, -0.38, -1.25, -1.23, -1.21, -1.18, -1.02, -0.96, -0.87, -0.77, -0.46, -0.69, -0.91, -1.06, -1.24, -1.27, -0.79, -0.63, -0.49, -0.38, -0.32, -0.3, -1.27, -1.26, -1.24, -1.22, -1.18, -1.02, -0.94, -0.81, -0.69, -0.78, -0.99, -1.16, -1.35, -1.48, -0.81, -0.58, -0.38, -0.26, -0.2, -0.2, -1.29, -1.29, -1.28, -1.27, -1.24, -1.1, -1.07, -1.02, -0.99, -0.93, -1.08, -1.49, -1.55, -1.5, -0.8, -0.48, -0.2, -0.06, -0.04, -0.09, -1.32, -1.32, -1.32, -1.32, -1.32, -1.32, -1.21, -1.23, -1.22, -1.18, -1.39, -1.46, -1.51, -1.33, -0.73, -0.31, 0.09, 0.26, 0.17, 0.03, -1.0, -1.35, -1.36, -1.37, -1.38, -1.41, -1.63, -1.45, -1.46, -1.47, -1.37, -1.41, -1.29, -1.24, -0.65, -0.15, 0.5, 0.74, 0.54, 0.36, -0.98, -1.01, -1.05, -0.92, -0.97, -1.6, -1.64, -1.73, -1.82, -1.45, -1.21, -1.21, -1.2, -1.12, -0.25, 0.15, 0.63, 0.81, 0.55, 0.37, -0.95, -0.98, -1.02, -1.07, -0.97, -1.0, -1.02, -1.66, -1.12, -1.49, -1.03, -0.98, -0.76, -0.87, -0.29, 0.02, 0.32, 0.45, 0.39, 0.3, 0.02, -0.04, -0.12, -1.04, -1.14, -1.07, -0.9, -0.73, -0.56, -0.61, -0.95, -0.83, -0.64, -0.8, -0.29, -0.09, 0.11, 0.22, 0.23, 0.2, 0.03, -0.02, -0.1, -0.25, -0.56, -1.47, -0.29, 0.37, -0.05, -0.15, 0.06, -0.86, -0.81, -0.84, -0.29, -0.15, -0.02, 0.07, 0.11, 0.11, 0.06, 0.02, -0.04, -0.13, -0.28, -0.35, 0.13, 0.78, 1.06, 0.98, 0.25, -0.1, -0.22, -0.87, -0.28, -0.18, -0.09, 1.07, 1.1, 1.12, 0.1, 0.08, 0.05, 0.04, 0.06, 0.24, 0.53, 0.8, 0.97, 0.77, 0.82, 0.03, -0.11, 0.14, 0.21, 1.08, 1.12, 1.15, 1.17, 1.18, 0.14, 0.14, 0.14, 0.17, 0.26, 0.46, 0.75, 0.69, 0.73, 0.68, 0.83, 1.2, 1.22, 1.25, 0.5, 1.25, 1.26, 1.26, 1.25, 1.24, 0.18, 0.19, 0.21, 0.25, 0.34, 0.46, 0.57, 0.96, 0.99, 0.98, 0.97, 1.53, 1.4, 1.47, 1.52, 1.45, 1.42, 1.38, 1.34, 1.31, 0.21, 0.22, -0.07, -0.02, 0.05, 0.89, 0.89, 0.89, 0.89, 0.89, 1.4, 1.54, 1.69, 1.46, 1.56, 2.58, 2.66, 2.74, 3.16, 3.21, -0.09, -0.06, -0.03, 0.01, 0.86, 0.84, 0.82, 0.79, 0.78, 0.79, 1.34, 1.53, 1.75, 1.98, 2.63, 3.03, 3.24, 3.39, 3.5, 3.57, -0.06, -0.04, -0.01, 0.03, 0.82, 0.79, 0.74, 0.67, 0.63, 0.89, 1.11, 1.5, 1.78, 2.59, 2.49, 2.97, 3.26, 3.44, 3.56, 3.62, -0.04, -0.02, 0.01, 0.82, 0.79, 0.75, 0.68, 0.56, 0.49, 0.79, 1.2, 1.47, 2.57, 2.68, 2.94, 3.15, 3.39, 3.56, 3.65, 3.7, -0.03, -0.01, 0.86, 0.84, 0.82, 0.78, 0.71, 0.61, 0.71, 0.95, 1.21, 1.44, 2.68, 2.86, 3.33, 3.46, 3.61, 3.72, 3.77, 3.78, 0.9, 0.89, 0.88, 0.87, 0.85, 0.83, 0.79, 0.74, 0.99, 1.11, 1.27, 1.43, 2.84, 3.57, 3.64, 3.76, 3.87, 3.91, 3.9, 3.87, 0.91, 0.91, 0.91, 0.9, 0.9, 0.89, 0.88, 0.93, 1.18, 1.25, 1.34, 1.44, 3.38, 3.77, 3.89, 4.05, 4.16, 4.13, 4.02, 3.94, 0.93, 0.93, 0.94, 1.02, 1.02, 1.02, 1.04, 1.07, 1.11, 1.13, 1.13, 2.46, 3.38, 3.9, 4.06, 4.3, 4.57, 4.35, 4.08, 3.97, 1.03, 1.04, 1.04, 1.05, 1.06, 1.09, 1.12, 1.18, 1.25, 1.29, 1.25, 2.62, 3.3, 3.63, 3.95, 4.38, 5.3, 4.16, 3.98, 3.94, 1.05, 1.06, 1.07, 1.08, 1.1, 1.13, 1.18, 1.25, 1.38, 1.48, 1.34, 2.46, 2.86, 3.56, 3.84, 4.04, 3.91, 3.44, 3.83, 3.89, 1.06, 1.07, 1.08, 1.1, 1.12, 1.16, 1.2, 1.27, 1.38, 1.47, 2.04, 2.34, 2.7, 3.48, 3.71, 3.75, 3.72, 3.64, 3.82, 3.87, 1.07, 1.08, 1.1, 1.11, 1.14, 1.17, 1.2, 1.25, 1.3, 1.31, 2.01, 2.22, 2.53, 3.16, 3.41, 3.56, 3.62, 3.63, 3.64, 3.64, 1.08, 1.09, 1.11, 1.12, 1.14, 1.17, 1.19, 1.22, 1.23, 1.81, 1.8, 1.46, 1.55, 1.64, 3.22, 3.4, 3.5, 3.54, 3.57, 3.58, 1.09, 1.1, 1.11, 1.13, 1.14, 1.16, 1.18, 1.19, 1.19, 1.6, 1.22, 1.38, 1.5, 1.6, 3.07, 3.26, 3.38, 3.45, 3.49, 3.51, 1.09, 1.1, 1.12, 1.13, 1.14, 1.16, 1.17, 1.17, 1.41, 1.32, 1.27, 1.38, 1.49, 1.58, 2.96, 3.15, 3.27, 3.36, 3.41, 3.44, 1.1, 1.11, 1.12, 1.13, 1.14, 1.15, 1.16, 1.16, 1.43, 1.39, 1.38, 1.43, 1.5, 1.57, 2.9, 3.07, 3.19, 3.28, 3.34, 3.38, 1.1, 1.11, 1.12, 1.13, 1.13, 1.14, 1.15, 1.49, 1.47, 1.45, 1.45, 1.48, 1.52, 1.58, 2.88, 3.02, 3.14, 3.22, 3.28, 3.33]}, {"header": {"refTime": "2023-09-08T04:00:00.000Z", "nx": 21, "ny": 33, "lo1": 113.509, "la1": 22.2235, "lo2": 113.5947, "la2": 22.1034, "dx": 0.0042850000000001385, "dy": 0.003753125000000024, "parameterCategory": 0, "parameterCategoryName": "Temperature", "parameterNumber": 0}, "data": [[25.37, 25.37, 25.37, 25.29, 25.29, 25.37, 25.38, 25.38, 25.38, 25.39, 25.39, 25.39, 25.51, 25.52, 25.5, 25.5, 25.59, 25.59, 25.59, 25.59], [25.37, 25.37, 25.37, 25.36, 25.29, 25.3, 25.38, 25.38, 25.39, 25.39, 25.39, 25.39, 25.51, 25.52, 25.5, 25.59, 25.59, 25.59, 25.59, 25.59], [25.37, 25.37, 25.37, 25.36, 25.29, 25.3, 25.32, 25.38, 25.4, 25.39, 25.39, 25.4, 25.52, 25.52, 25.58, 25.59, 25.59, 25.59, 25.59, 25.6], [25.37, 25.37, 25.37, 25.36, 25.36, 25.29, 25.3, 25.32, 25.34, 25.38, 25.39, 25.41, 25.52, 25.49, 25.58, 25.59, 25.59, 25.59, 25.6, 25.6], [25.37, 25.37, 25.37, 25.36, 25.36, 25.28, 25.28, 25.29, 25.29, 25.37, 25.38, 25.48, 25.49, 25.49, 25.58, 25.59, 25.59, 25.6, 25.6, 25.6], [25.37, 25.37, 25.37, 25.36, 25.36, 25.35, 25.26, 25.26, 25.26, 25.25, 25.44, 25.48, 25.5, 25.57, 25.59, 25.59, 25.6, 25.6, 25.6, 25.6], [25.37, 25.38, 25.37, 25.37, 25.36, 25.35, 25.28, 25.24, 25.23, 25.3, 25.33, 25.48, 25.61, 25.6, 25.6, 25.6, 25.6, 25.6, 25.58, 25.58], [25.37, 25.37, 25.37, 25.37, 25.37, 25.31, 25.29, 25.24, 25.23, 25.28, 25.26, 25.55, 25.55, 25.6, 25.64, 25.65, 25.63, 25.62, 25.63, 25.64], [25.33, 25.33, 25.39, 25.39, 25.39, 25.38, 25.34, 25.27, 25.2, 25.31, 25.39, 25.47, 25.5, 25.45, 25.64, 25.65, 25.64, 25.63, 25.64, 25.64], [25.5, 25.5, 25.5, 25.36, 25.38, 25.43, 25.4, 25.34, 25.2, 25.2, 25.5, 25.42, 25.45, 25.43, 25.64, 25.66, 25.65, 25.64, 25.64, 25.65], [25.5, 25.5, 25.5, 25.5, 25.5, 25.5, 25.5, 25.5, 25.39, 25.2, 25.2, 25.39, 25.41, 25.41, 25.64, 25.66, 25.65, 25.65, 25.65, 25.65], [25.5, 25.5, 25.5, 25.5, 25.5, 25.5, 25.5, 25.5, 25.5, -999.0, 25.2, 25.7, 25.7, 25.4, 25.64, 25.66, 25.66, 25.32, 25.32, 25.32], [25.5, 25.5, 25.5, 25.5, 25.5, 25.5, 25.5, 25.5, 25.5, 25.5, -999.0, 25.7, 25.7, 25.31, 25.48, 25.42, 25.42, 25.36, 25.37, 25.37], [25.5, 25.5, 25.5, 25.5, 25.5, 25.5, 25.5, 25.5, 25.5, 25.5, -999.0, 25.1, 25.1, 25.1, 25.43, 25.38, 25.38, 25.32, 25.33, 25.35], [25.5, 25.5, 25.5, 25.5, 25.5, 25.5, 25.5, 25.7, 25.7, 25.7, 25.7, 25.47, 25.1, 25.1, 25.1, 25.33, 25.34, 25.29, 25.3, 25.32], [25.5, 25.5, 25.63, 25.63, 25.63, 25.7, 25.7, 25.7, 25.7, 25.7, 25.32, 25.37, 25.31, 25.26, 25.31, 25.17, 25.18, 25.16, 25.28, 25.3], [25.63, 25.63, 25.57, 25.57, 25.7, 25.7, 25.7, 25.7, 25.7, 25.7, 25.44, 25.37, 25.29, 25.22, 25.19, 25.16, 25.18, 25.2, 25.21, 25.22], [25.57, 25.57, 25.58, 25.58, 25.7, 25.7, 25.7, 25.7, 25.7, 25.55, 25.47, 25.38, 25.28, 25.2, 25.11, 25.15, 25.18, 25.2, 25.21, 25.22], [25.58, 25.58, 25.58, 25.7, 25.7, 25.7, 25.7, 25.7, 25.65, 25.58, 25.51, 25.43, 25.3, 25.23, 25.15, 25.17, 25.19, 25.21, 25.22, 25.23], [25.58, 25.58, 25.64, 25.65, 25.65, 25.65, 25.66, 25.68, 25.63, 25.58, 25.52, 25.45, 25.32, 25.28, 25.19, 25.2, 25.22, 25.23, 25.23, 25.24], [25.64, 25.64, 25.64, 25.66, 25.66, 25.66, 25.67, 25.67, 25.58, 25.56, 25.52, 25.47, 25.34, 25.21, 25.22, 25.23, 25.24, 25.24, 25.25, 25.25], [25.65, 25.65, 25.65, 25.66, 25.66, 25.66, 25.66, 25.65, 25.56, 25.54, 25.52, 25.49, 25.33, 25.23, 25.24, 25.25, 25.26, 25.26, 25.26, 25.26], [25.65, 25.65, 25.65, 25.64, 25.64, 25.64, 25.64, 25.64, 25.63, 25.63, 25.63, 25.55, 25.41, 25.24, 25.25, 25.27, 25.28, 25.28, 25.27, 25.27], [25.64, 25.64, 25.64, 25.63, 25.63, 25.63, 25.63, 25.63, 25.62, 25.62, 25.62, 25.53, 25.42, 25.38, 25.36, 25.28, 25.29, 25.29, 25.28, 25.27], [25.63, 25.63, 25.63, 25.63, 25.63, 25.63, 25.62, 25.62, 25.61, 25.61, 25.61, 25.54, 25.51, 25.39, 25.36, 25.33, 25.29, 25.29, 25.28, 25.27], [25.63, 25.63, 25.63, 25.63, 25.63, 25.62, 25.62, 25.62, 25.61, 25.61, 25.56, 25.54, 25.52, 25.39, 25.37, 25.35, 25.33, 25.33, 25.28, 25.27], [25.63, 25.63, 25.63, 25.63, 25.63, 25.62, 25.62, 25.62, 25.61, 25.61, 25.56, 25.55, 25.53, 25.41, 25.38, 25.36, 25.35, 25.34, 25.34, 25.35], [25.63, 25.63, 25.63, 25.63, 25.62, 25.62, 25.62, 25.62, 25.61, 25.57, 25.57, 25.56, 25.54, 25.51, 25.4, 25.38, 25.37, 25.36, 25.36, 25.36], [25.63, 25.63, 25.63, 25.62, 25.62, 25.62, 25.62, 25.61, 25.61, 25.58, 25.59, 25.56, 25.54, 25.52, 25.41, 25.39, 25.38, 25.37, 25.37, 25.37], [25.63, 25.63, 25.63, 25.62, 25.62, 25.62, 25.62, 25.61, 25.56, 25.57, 25.58, 25.56, 25.54, 25.52, 25.42, 25.4, 25.39, 25.38, 25.38, 25.37], [25.63, 25.63, 25.62, 25.62, 25.62, 25.62, 25.62, 25.62, 25.56, 25.56, 25.56, 25.55, 25.54, 25.53, 25.43, 25.41, 25.4, 25.39, 25.38, 25.38], [25.63, 25.63, 25.62, 25.62, 25.62, 25.62, 25.62, 25.55, 25.55, 25.55, 25.55, 25.55, 25.54, 25.52, 25.43, 25.42, 25.41, 25.4, 25.39, 25.39]]}]