gis_exercise/awsData/contour/wdir_2023090809.json
[{"header": {"refTime": "2023-09-08T09:00:00.000Z", "nx": 21, "ny": 33, "lo1": 113.509, "la1": 22.2235, "lo2": 113.5947, "la2": 22.1034, "dx": 0.0042850000000001385, "dy": 0.003753125000000024, "parameterCategory": 2, "parameterCategoryName": "Temperature", "parameterNumber": 2}, "data": [-2.92, -2.92, -2.93, -2.79, -2.79, -3.32, -3.28, -3.24, -3.24, -2.91, -2.96, -3.01, -3.61, -3.65, -3.98, -4.05, -4.44, -4.47, -4.48, -4.5, -2.91, -2.92, -2.93, -2.93, -2.8, -2.79, -3.25, -3.17, -3.12, -2.9, -2.97, -3.05, -3.65, -3.69, -4.02, -4.42, -4.45, -4.49, -4.51, -4.52, -2.91, -2.92, -2.92, -2.93, -2.81, -2.8, -2.8, -3.1, -2.87, -2.88, -2.99, -3.12, -3.72, -3.75, -4.37, -4.42, -4.48, -4.52, -4.54, -4.55, -2.91, -2.91, -2.92, -2.93, -2.95, -2.82, -2.81, -2.8, -2.78, -2.88, -3.03, -3.24, -3.83, -3.61, -4.36, -4.44, -4.52, -4.56, -4.58, -4.58, -2.9, -2.91, -2.92, -2.93, -2.95, -2.84, -2.84, -2.83, -2.79, -2.85, -3.02, -3.62, -3.89, -3.68, -4.36, -4.48, -4.58, -4.64, -4.64, -4.63, -2.89, -2.89, -2.9, -2.92, -2.95, -3.0, -2.9, -2.9, -2.84, -2.69, -3.18, -3.49, -3.73, -4.22, -4.39, -4.54, -4.69, -4.75, -4.72, -4.67, -3.83, -2.87, -2.88, -2.9, -2.93, -3.0, -2.84, -3.06, -3.01, -2.87, -2.72, -3.31, -4.25, -4.28, -4.42, -4.6, -4.84, -4.93, -4.9, -4.85, -3.83, -3.79, -3.73, -3.77, -3.75, -2.71, -2.85, -3.13, -3.49, -2.77, -2.18, -3.63, -3.91, -4.35, -4.66, -4.79, -4.93, -4.99, -4.91, -4.85, -3.84, -3.78, -3.71, -3.62, -3.62, -3.64, -3.79, -2.92, -3.66, -2.94, -3.2, -3.81, -4.27, -4.05, -4.67, -4.75, -4.84, -4.88, -4.86, -4.83, -4.62, -4.54, -4.42, -3.57, -3.36, -3.3, -3.68, -4.1, -4.08, -3.82, -3.54, -3.95, -4.34, -4.09, -4.68, -4.73, -4.78, -4.81, -4.82, -4.81, -4.65, -4.57, -4.45, -4.23, -3.76, -2.4, -4.13, -5.06, -4.82, -4.42, -4.46, -3.86, -4.0, -3.98, -4.68, -4.71, -4.75, -4.77, -4.78, -4.78, -4.7, -4.64, -4.55, -4.41, -4.19, -4.08, -4.77, -5.62, -5.95, -6.08, -4.75, -5.14, -5.03, -3.87, -4.68, -4.7, -4.73, -4.53, -4.53, -4.53, -4.76, -4.73, -4.7, -4.68, -4.73, -5.02, -5.48, -5.72, -5.88, -5.63, -5.95, -5.25, -5.13, -4.16, -4.13, -4.4, -4.41, -4.43, -4.44, -4.45, -4.82, -4.82, -4.83, -4.89, -5.05, -5.4, -5.95, -5.67, -5.63, -5.55, -5.97, -5.03, -4.85, -4.7, -4.01, -4.26, -4.29, -4.32, -4.35, -4.37, -4.88, -4.89, -4.93, -5.01, -5.16, -5.38, -5.56, -5.4, -5.23, -5.08, -4.96, -3.93, -4.68, -4.51, -4.41, -4.1, -4.15, -4.2, -4.25, -4.3, -4.92, -4.95, -3.63, -3.73, -3.85, -5.03, -4.99, -4.86, -4.71, -4.62, -3.72, -3.68, -3.63, -3.24, -3.28, -3.81, -3.87, -3.93, -4.07, -4.12, -3.48, -3.51, -3.54, -3.58, -4.7, -4.6, -4.42, -4.17, -4.02, -4.06, -3.39, -3.46, -3.47, -3.44, -3.21, -3.31, -3.32, -3.32, -3.32, -3.31, -3.43, -3.44, -3.44, -3.43, -4.42, -4.2, -3.85, -3.37, -3.12, -2.83, -3.06, -3.29, -3.37, -3.19, -3.29, -3.31, -3.32, -3.32, -3.32, -3.32, -3.38, -3.37, -3.35, -4.37, -4.19, -3.9, -3.43, -2.66, -1.86, -2.5, -2.61, -2.86, -3.02, -3.17, -3.31, -3.32, -3.33, -3.33, -3.32, -3.32, -3.34, -3.31, -3.89, -3.79, -3.64, -3.41, -3.07, -2.59, -2.05, -2.38, -2.69, -2.9, -3.02, -3.17, -3.33, -3.34, -3.35, -3.34, -3.33, -3.32, -3.97, -3.92, -3.85, -3.76, -3.63, -3.46, -3.24, -3.01, -2.53, -2.68, -2.86, -3.0, -3.05, -3.34, -3.35, -3.37, -3.37, -3.36, -3.34, -3.32, -3.95, -3.9, -3.84, -3.77, -3.68, -3.57, -3.46, -2.78, -2.94, -3.02, -3.1, -3.15, -4.06, -3.35, -3.38, -3.41, -3.43, -3.39, -3.34, -3.31, -3.94, -3.9, -3.86, -2.92, -2.93, -2.96, -3.01, -3.09, -3.19, -3.25, -3.24, -3.63, -3.8, -3.36, -3.39, -3.46, -3.56, -3.43, -3.31, -3.28, -2.93, -2.94, -2.96, -2.99, -3.03, -3.09, -3.19, -3.35, -3.55, -3.65, -3.53, -4.04, -3.82, -3.7, -3.61, -3.45, -3.89, -3.26, -3.21, -3.23, -2.96, -2.98, -3.0, -3.04, -3.1, -3.18, -3.31, -3.53, -3.88, -4.17, -3.76, -4.01, -3.96, -3.7, -3.58, -3.47, -3.12, -2.84, -3.12, -3.2, -2.98, -3.01, -3.04, -3.08, -3.14, -3.22, -3.35, -3.55, -3.86, -4.12, -4.06, -3.91, -3.87, -3.7, -3.57, -3.14, -3.07, -3.01, -3.13, -3.19, -3.0, -3.03, -3.06, -3.1, -3.15, -3.22, -3.31, -3.43, -3.55, -3.57, -3.77, -3.71, -3.74, -3.04, -3.08, -3.1, -3.08, -3.06, -3.07, -3.09, -3.01, -3.04, -3.06, -3.1, -3.14, -3.19, -3.24, -3.28, -3.28, -3.47, -3.36, -3.13, -3.12, -3.06, -3.04, -3.07, -3.07, -3.07, -3.08, -3.09, -3.02, -3.04, -3.07, -3.09, -3.12, -3.15, -3.17, -3.16, -3.09, -3.12, -2.76, -2.97, -3.04, -3.04, -3.01, -3.04, -3.06, -3.07, -3.07, -3.08, -3.02, -3.04, -3.06, -3.08, -3.1, -3.12, -3.12, -3.09, -3.09, -2.93, -2.83, -2.94, -3.01, -3.02, -2.99, -3.02, -3.04, -3.06, -3.07, -3.07, -3.02, -3.04, -3.05, -3.07, -3.08, -3.09, -3.08, -3.06, -3.08, -3.0, -2.96, -2.98, -3.01, -3.02, -2.98, -3.01, -3.03, -3.05, -3.06, -3.07, -3.02, -3.04, -3.05, -3.06, -3.07, -3.07, -3.06, -3.14, -3.1, -3.05, -3.02, -3.02, -3.02, -3.02, -2.97, -3.0, -3.02, -3.04, -3.05, -3.06]}, {"header": {"refTime": "2023-09-08T09:00:00.000Z", "nx": 21, "ny": 33, "lo1": 113.509, "la1": 22.2235, "lo2": 113.5947, "la2": 22.1034, "dx": 0.0042850000000001385, "dy": 0.003753125000000024, "parameterCategory": 2, "parameterCategoryName": "Temperature", "parameterNumber": 3}, "data": [0.41, 0.42, 0.42, 0.87, 0.84, 1.11, 1.04, 0.98, 0.96, 0.89, 1.02, 1.14, 1.4, 1.46, 2.44, 2.58, 3.08, 3.14, 3.19, 3.22, 0.4, 0.41, 0.42, 0.43, 0.84, 0.79, 0.98, 0.84, 0.76, 0.79, 1.01, 1.19, 1.47, 1.54, 2.5, 3.02, 3.12, 3.2, 3.25, 3.28, 0.4, 0.41, 0.42, 0.44, 0.87, 0.81, 0.71, 0.73, 0.33, 0.7, 1.05, 1.3, 1.6, 1.64, 2.9, 3.05, 3.18, 3.28, 3.34, 3.36, 0.39, 0.4, 0.42, 0.44, 0.46, 0.87, 0.79, 0.66, 0.53, 0.84, 1.17, 1.49, 1.8, 1.92, 2.89, 3.1, 3.29, 3.41, 3.46, 3.45, 0.37, 0.38, 0.4, 0.44, 0.48, 0.95, 0.92, 0.87, 0.84, 1.04, 1.3, 1.94, 2.18, 1.97, 2.9, 3.2, 3.47, 3.61, 3.63, 3.57, 0.35, 0.36, 0.38, 0.42, 0.47, 0.56, 1.07, 1.09, 1.08, 1.04, 1.63, 1.82, 2.01, 2.12, 2.94, 3.35, 3.76, 3.94, 3.84, 3.7, 0.45, 0.33, 0.34, 0.37, 0.43, 0.56, 0.94, 1.3, 1.32, 1.39, 1.3, 1.61, 2.0, 2.04, 2.98, 3.5, 4.18, 4.44, 4.11, 3.88, 0.42, 0.4, 0.39, 0.49, 0.53, 0.63, 0.88, 1.27, 1.69, 1.35, 1.12, 1.57, 1.66, 1.99, 2.86, 3.42, 4.11, 4.36, 3.99, 3.73, 0.38, 0.36, 0.32, 0.28, 0.35, 0.42, 0.67, 1.0, 1.45, 1.41, 1.46, 1.68, 1.87, 1.78, 2.77, 3.22, 3.65, 3.84, 3.76, 3.63, 0.15, 0.12, 0.07, 0.17, 0.03, 0.03, 0.34, 0.71, 1.32, 1.27, 1.59, 1.75, 1.92, 1.81, 2.72, 3.05, 3.34, 3.51, 3.53, 3.49, 0.16, 0.13, 0.08, -0.01, -0.19, -0.73, -0.03, 0.35, 0.79, 1.22, 1.43, 1.72, 1.77, 1.76, 2.72, 2.95, 3.16, 3.3, 3.36, 3.36, 0.18, 0.15, 0.12, 0.06, -0.03, -0.07, 0.22, 0.6, 0.76, 1.18, 1.38, 1.67, 1.73, 1.72, 2.74, 2.9, 3.05, 2.73, 2.77, 2.78, 0.2, 0.19, 0.17, 0.16, 0.18, 0.28, 0.46, 0.61, 0.71, 0.59, 1.25, 1.61, 1.67, 1.39, 1.34, 2.28, 2.37, 2.46, 2.52, 2.57, 0.22, 0.22, 0.23, 0.24, 0.3, 0.42, 0.59, 0.55, 0.57, 0.54, 1.21, 1.11, 1.08, 1.04, 1.16, 2.0, 2.1, 2.2, 2.29, 2.37, 0.25, 0.25, 0.26, 0.29, 0.34, 0.42, 0.48, 0.22, 0.13, 0.04, -0.04, -0.25, 0.94, 0.87, 0.83, 1.68, 1.81, 1.95, 2.08, 2.18, 0.26, 0.27, -0.6, -0.56, -0.52, -0.01, -0.04, -0.12, -0.2, -0.25, -0.44, -0.37, -0.3, 0.0, 0.05, 1.07, 1.21, 1.36, 2.21, 2.36, -0.69, -0.69, -0.68, -0.68, -0.22, -0.28, -0.4, -0.55, -0.64, -0.62, -0.65, -0.49, -0.33, -0.19, 0.15, 0.73, 0.96, 1.15, 1.27, 1.36, -0.74, -0.74, -0.76, -0.79, -0.39, -0.53, -0.75, -1.06, -1.21, -1.18, -0.91, -0.59, -0.37, 0.11, 0.08, 0.65, 0.99, 1.2, 1.34, 1.42, -0.78, -0.8, -0.83, -0.42, -0.54, -0.72, -1.02, -1.5, -1.96, -1.42, -1.25, -0.96, 0.02, 0.17, 0.61, 0.85, 1.13, 1.32, 1.44, 1.51, -0.82, -0.84, -0.82, -0.88, -0.97, -1.11, -1.31, -1.6, -1.82, -1.53, -1.23, -0.98, 0.11, 0.31, 1.05, 1.2, 1.38, 1.5, 1.57, 1.61, -0.78, -0.81, -0.85, -0.91, -0.98, -1.09, -1.22, -1.36, -1.47, -1.34, -1.15, -0.98, 0.24, 1.33, 1.4, 1.53, 1.65, 1.72, 1.73, 1.71, -0.8, -0.82, -0.86, -0.91, -0.97, -1.03, -1.1, -1.08, -1.22, -1.15, -1.05, -0.94, 0.89, 1.55, 1.67, 1.82, 1.94, 1.94, 1.87, 1.81, -0.8, -0.83, -0.86, -0.8, -0.82, -0.84, -0.85, -0.85, -0.82, -0.77, -0.73, -0.03, 1.26, 1.71, 1.86, 2.07, 2.28, 2.15, 1.97, 1.87, -0.69, -0.7, -0.71, -0.71, -0.72, -0.71, -0.7, -0.67, -0.63, -0.6, -0.58, 0.78, 1.18, 1.51, 1.81, 2.17, 2.77, 2.12, 1.96, 1.89, -0.65, -0.64, -0.64, -0.63, -0.62, -0.6, -0.57, -0.54, -0.53, -0.53, -0.48, 0.68, 1.05, 1.45, 1.74, 1.96, 1.98, 1.73, 1.88, 1.87, -0.6, -0.59, -0.58, -0.56, -0.53, -0.5, -0.46, -0.44, -0.44, -0.46, 0.3, 0.69, 1.01, 1.39, 1.63, 2.03, 1.99, 1.94, 1.86, 1.85, -0.56, -0.54, -0.52, -0.49, -0.45, -0.41, -0.36, -0.31, -0.26, -0.2, 0.56, 0.78, 1.0, 1.81, 1.9, 1.95, 1.96, 1.96, 1.96, 1.97, -0.52, -0.5, -0.47, -0.43, -0.38, -0.33, -0.26, -0.16, -0.04, 0.7, 0.79, 0.57, 0.57, 0.6, 1.82, 1.89, 1.92, 1.94, 1.94, 1.95, -0.48, -0.46, -0.42, -0.38, -0.33, -0.26, -0.17, -0.05, 0.15, 0.87, 0.88, 0.71, 0.64, 0.63, 1.76, 1.83, 1.88, 1.9, 1.92, 1.93, -0.45, -0.42, -0.39, -0.34, -0.29, -0.21, -0.12, 0.01, 0.6, 0.74, 0.83, 0.73, 0.66, 0.64, 1.72, 1.79, 1.84, 1.87, 1.89, 1.91, -0.43, -0.4, -0.36, -0.31, -0.26, -0.19, -0.1, 0.02, 0.61, 0.68, 0.71, 0.69, 0.66, 0.65, 1.7, 1.76, 1.81, 1.84, 1.87, 1.88, -0.41, -0.38, -0.34, -0.3, -0.24, -0.18, -0.1, 0.56, 0.6, 0.64, 0.66, 0.66, 0.65, 0.64, 1.69, 1.75, 1.79, 1.82, 1.85, 1.86]}, {"header": {"refTime": "2023-09-08T09:00:00.000Z", "nx": 21, "ny": 33, "lo1": 113.509, "la1": 22.2235, "lo2": 113.5947, "la2": 22.1034, "dx": 0.0042850000000001385, "dy": 0.003753125000000024, "parameterCategory": 0, "parameterCategoryName": "Temperature", "parameterNumber": 0}, "data": [[25.04, 25.04, 25.04, 24.96, 24.97, 25.09, 25.1, 25.1, 25.11, 25.09, 25.1, 25.1, 25.23, 25.23, 25.24, 25.24, 25.3, 25.3, 25.3, 25.3], [25.04, 25.04, 25.04, 25.04, 24.97, 24.98, 25.09, 25.1, 25.1, 25.09, 25.1, 25.11, 25.23, 25.24, 25.25, 25.3, 25.3, 25.3, 25.3, 25.3], [25.04, 25.04, 25.04, 25.04, 24.97, 24.98, 25.0, 25.1, 25.1, 25.09, 25.1, 25.12, 25.24, 25.25, 25.3, 25.3, 25.3, 25.3, 25.3, 25.3], [25.04, 25.04, 25.04, 25.03, 25.04, 24.97, 24.98, 25.01, 25.03, 25.09, 25.11, 25.14, 25.26, 25.2, 25.3, 25.3, 25.3, 25.3, 25.3, 25.3], [25.04, 25.03, 25.03, 25.03, 25.03, 24.95, 24.96, 24.97, 24.97, 25.07, 25.1, 25.2, 25.26, 25.22, 25.3, 25.3, 25.3, 25.3, 25.3, 25.3], [25.04, 25.03, 25.03, 25.03, 25.03, 25.02, 24.94, 24.94, 24.93, 24.91, 25.11, 25.17, 25.23, 25.3, 25.3, 25.3, 25.3, 25.3, 25.3, 25.3], [25.01, 25.04, 25.03, 25.03, 25.03, 25.02, 24.92, 24.91, 24.9, 24.93, 24.95, 25.13, 25.3, 25.3, 25.3, 25.3, 25.3, 25.3, 25.3, 25.3], [25.01, 25.02, 25.02, 25.01, 25.01, 24.95, 24.93, 24.91, 24.91, 24.91, 24.87, 25.15, 25.15, 25.3, 25.3, 25.3, 25.3, 25.3, 25.3, 25.3], [24.99, 24.99, 25.02, 25.03, 25.03, 25.02, 25.0, 24.93, 24.87, 24.94, 24.99, 25.07, 25.1, 25.05, 25.3, 25.3, 25.3, 25.3, 25.3, 25.3], [25.1, 25.1, 25.1, 25.01, 25.02, 25.05, 25.03, 25.0, 24.84, 24.85, 25.1, 25.02, 25.05, 25.03, 25.3, 25.3, 25.3, 25.3, 25.3, 25.3], [25.1, 25.1, 25.1, 25.1, 25.1, 25.1, 25.1, 25.1, 25.03, 24.87, 24.8, 24.99, 25.01, 25.01, 25.3, 25.3, 25.3, 25.3, 25.3, 25.3], [25.1, 25.1, 25.1, 25.1, 25.1, 25.1, 25.1, 25.1, 25.1, -999.0, 24.8, 25.3, 25.3, 25.0, 25.3, 25.3, 25.3, 24.9, 24.91, 24.91], [25.1, 25.1, 25.1, 25.1, 25.1, 25.1, 25.1, 25.1, 25.1, 25.1, -999.0, 25.3, 25.3, 24.84, 25.04, 25.05, 25.05, 24.96, 24.98, 24.98], [25.1, 25.1, 25.1, 25.1, 25.1, 25.1, 25.1, 25.1, 25.1, 25.1, -999.0, 24.6, 24.6, 24.6, 24.98, 24.99, 25.0, 24.91, 24.93, 24.94], [25.1, 25.1, 25.1, 25.1, 25.1, 25.1, 25.1, 25.2, 25.2, 25.2, 25.2, 24.97, 24.6, 24.6, 24.6, 24.92, 24.94, 24.86, 24.89, 24.91], [25.1, 25.1, 25.16, 25.16, 25.17, 25.2, 25.2, 25.2, 25.2, 25.2, 24.82, 24.87, 24.81, 24.76, 24.81, 24.78, 24.81, 24.76, 24.92, 24.94], [25.16, 25.16, 25.14, 25.14, 25.2, 25.2, 25.2, 25.2, 25.2, 25.2, 24.94, 24.87, 24.79, 24.72, 24.73, 24.75, 24.8, 24.84, 24.87, 24.89], [25.14, 25.14, 25.14, 25.14, 25.2, 25.2, 25.2, 25.2, 25.2, 25.05, 24.97, 24.88, 24.78, 24.73, 24.62, 24.73, 24.81, 24.85, 24.88, 24.91], [25.14, 25.14, 25.14, 25.2, 25.2, 25.2, 25.2, 25.2, 25.15, 25.08, 25.06, 24.99, 24.85, 24.78, 24.72, 24.77, 24.84, 24.88, 24.91, 24.92], [25.14, 25.14, 25.31, 25.31, 25.3, 25.29, 25.27, 25.23, 25.17, 25.13, 25.08, 25.02, 24.89, 24.84, 24.82, 24.85, 24.89, 24.92, 24.94, 24.95], [25.32, 25.32, 25.32, 25.28, 25.28, 25.27, 25.27, 25.26, 25.15, 25.13, 25.1, 25.06, 24.92, 24.88, 24.89, 24.92, 24.94, 24.96, 24.97, 24.97], [25.29, 25.29, 25.29, 25.29, 25.29, 25.29, 25.28, 25.27, 25.17, 25.16, 25.13, 25.09, 25.02, 24.93, 24.95, 24.98, 25.0, 25.01, 25.0, 24.99], [25.3, 25.3, 25.3, 25.27, 25.27, 25.28, 25.28, 25.29, 25.3, 25.3, 25.3, 25.26, 25.21, 24.96, 24.99, 25.02, 25.05, 25.05, 25.03, 25.01], [25.27, 25.27, 25.27, 25.28, 25.28, 25.28, 25.29, 25.3, 25.32, 25.33, 25.32, 25.28, 25.22, 25.18, 25.16, 25.04, 25.08, 25.07, 25.05, 25.03], [25.27, 25.27, 25.28, 25.28, 25.28, 25.29, 25.3, 25.32, 25.34, 25.37, 25.33, 25.28, 25.25, 25.19, 25.16, 25.13, 25.07, 25.08, 25.05, 25.03], [25.27, 25.27, 25.28, 25.28, 25.28, 25.29, 25.3, 25.31, 25.34, 25.36, 25.31, 25.28, 25.25, 25.19, 25.17, 25.12, 25.11, 25.11, 25.04, 25.03], [25.27, 25.27, 25.28, 25.28, 25.28, 25.29, 25.29, 25.3, 25.31, 25.31, 25.28, 25.26, 25.25, 25.14, 25.13, 25.12, 25.12, 25.11, 25.11, 25.12], [25.27, 25.27, 25.28, 25.28, 25.28, 25.28, 25.28, 25.29, 25.28, 25.26, 25.25, 25.24, 25.24, 25.23, 25.13, 25.13, 25.12, 25.12, 25.12, 25.12], [25.27, 25.27, 25.27, 25.28, 25.28, 25.28, 25.28, 25.27, 25.26, 25.23, 25.21, 25.23, 25.23, 25.23, 25.14, 25.13, 25.13, 25.12, 25.12, 25.12], [25.27, 25.27, 25.27, 25.27, 25.27, 25.27, 25.27, 25.27, 25.24, 25.23, 25.22, 25.23, 25.23, 25.23, 25.14, 25.13, 25.13, 25.13, 25.13, 25.12], [25.27, 25.27, 25.27, 25.27, 25.27, 25.27, 25.27, 25.26, 25.24, 25.23, 25.23, 25.23, 25.23, 25.23, 25.14, 25.14, 25.13, 25.13, 25.13, 25.13], [25.27, 25.27, 25.27, 25.27, 25.27, 25.27, 25.27, 25.24, 25.24, 25.24, 25.23, 25.23, 25.23, 25.23, 25.14, 25.14, 25.14, 25.13, 25.13, 25.13]]}]