gis_exercise/awsData/contour/wdir_2023090608.json
[{"header": {"refTime": "2023-09-06T08:00:00.000Z", "nx": 21, "ny": 33, "lo1": 113.509, "la1": 22.2235, "lo2": 113.5947, "la2": 22.1034, "dx": 0.0042850000000001385, "dy": 0.003753125000000024, "parameterCategory": 2, "parameterCategoryName": "Temperature", "parameterNumber": 2}, "data": [1.08, 1.08, 1.07, 1.02, 1.01, 1.23, 1.2, 1.17, 1.16, 1.0, 1.04, 1.07, 1.48, 1.52, 1.56, 1.6, 1.99, 2.0, 2.01, 2.02, 1.08, 1.08, 1.08, 1.07, 1.01, 1.0, 1.18, 1.12, 1.08, 0.98, 1.04, 1.09, 1.5, 1.54, 1.58, 1.97, 1.99, 2.01, 2.02, 2.02, 1.08, 1.08, 1.08, 1.08, 1.02, 1.01, 0.98, 1.07, 0.9, 0.96, 1.05, 1.13, 1.54, 1.57, 1.94, 1.97, 2.0, 2.02, 2.03, 2.03, 1.08, 1.08, 1.09, 1.09, 1.09, 1.03, 1.01, 0.97, 0.93, 0.98, 1.08, 1.21, 1.59, 1.56, 1.93, 1.98, 2.01, 2.03, 2.04, 2.05, 1.08, 1.09, 1.09, 1.1, 1.1, 1.06, 1.05, 1.03, 1.01, 1.0, 1.1, 1.54, 1.6, 1.58, 1.94, 2.0, 2.04, 2.06, 2.07, 2.06, 1.08, 1.09, 1.09, 1.1, 1.12, 1.14, 1.11, 1.12, 1.09, 1.01, 1.39, 1.52, 1.59, 2.12, 1.97, 2.03, 2.08, 2.1, 2.09, 2.08, 1.4, 1.08, 1.09, 1.1, 1.12, 1.16, 1.16, 1.24, 1.22, 1.26, 1.21, 1.52, 2.27, 2.3, 2.01, 2.06, 2.13, 2.16, 2.29, 2.32, 1.4, 1.38, 1.37, 1.31, 1.32, 1.08, 1.16, 1.32, 1.54, 1.2, 0.87, 2.0, 2.23, 2.48, 2.6, 2.5, 2.37, 2.32, 2.39, 2.44, 1.39, 1.37, 1.35, 1.32, 1.26, 1.28, 1.36, 1.21, 1.39, 1.31, 1.75, 2.25, 2.71, 2.49, 2.66, 2.56, 2.46, 2.42, 2.44, 2.46, 1.44, 1.42, 1.38, 1.29, 1.21, 1.13, 1.26, 1.41, 1.4, 1.31, 2.06, 2.43, 2.82, 2.55, 2.7, 2.61, 2.53, 2.49, 2.49, 2.49, 1.45, 1.43, 1.39, 1.33, 1.21, 0.83, 1.29, 1.52, 1.53, 1.42, 2.02, 2.34, 2.48, 2.45, 2.71, 2.63, 2.58, 2.54, 2.52, 2.52, 1.46, 1.45, 1.42, 1.39, 1.33, 1.3, 1.47, 1.65, 1.71, 2.18, 2.01, 2.55, 2.63, 2.35, 2.7, 2.64, 2.6, 2.46, 2.44, 2.42, 1.48, 1.47, 1.47, 1.47, 1.49, 1.58, 1.71, 1.71, 1.71, 1.67, 2.3, 2.48, 2.55, 2.56, 2.52, 2.49, 2.46, 2.43, 2.42, 2.41, 1.5, 1.5, 1.51, 1.53, 1.58, 1.7, 1.9, 1.75, 1.69, 1.66, 2.27, 2.31, 2.34, 2.34, 2.42, 2.4, 2.39, 2.39, 2.38, 2.38, 1.51, 1.52, 1.54, 1.56, 1.61, 1.68, 1.74, 1.56, 1.46, 1.39, 1.34, 1.28, 2.24, 2.23, 2.22, 2.3, 2.31, 2.33, 2.34, 2.36, 1.53, 1.54, 1.06, 1.09, 1.13, 1.41, 1.4, 1.33, 1.26, 1.22, 1.15, 1.24, 1.33, 1.74, 1.77, 2.11, 2.14, 2.17, 1.91, 1.91, 0.99, 1.0, 1.01, 1.01, 1.27, 1.23, 1.16, 1.05, 0.99, 1.0, 1.04, 1.19, 1.34, 1.5, 1.59, 1.62, 1.55, 1.5, 1.46, 1.43, 0.96, 0.96, 0.96, 0.94, 1.15, 1.07, 0.92, 0.73, 0.63, 0.76, 0.97, 1.14, 1.34, 1.56, 1.77, 1.64, 1.55, 1.49, 1.45, 1.42, 0.94, 0.93, 0.91, 1.13, 1.06, 0.94, 0.76, 0.45, 0.18, 0.59, 0.61, 0.84, 1.31, 1.5, 1.65, 1.59, 1.51, 1.46, 1.42, 1.39, 0.91, 0.9, 0.79, 0.75, 0.7, 0.61, 0.49, 0.33, 0.22, 0.39, 0.59, 0.79, 1.26, 1.41, 1.54, 1.5, 1.46, 1.42, 1.39, 1.37, 0.8, 0.78, 0.75, 0.71, 0.66, 0.6, 0.52, 0.44, 0.39, 0.48, 0.61, 0.75, 1.24, 1.47, 1.46, 1.43, 1.4, 1.37, 1.35, 1.33, 0.77, 0.75, 0.72, 0.69, 0.65, 0.6, 0.55, 0.12, 0.49, 0.54, 0.62, 0.71, 1.37, 1.41, 1.4, 1.38, 1.36, 1.33, 1.31, 1.3, 0.75, 0.73, 0.71, 0.11, 0.12, 0.13, 0.15, 0.16, 0.18, 0.19, 0.18, 0.69, 0.93, 1.37, 1.35, 1.36, 1.38, 1.3, 1.25, 1.26, 0.1, 0.1, 0.11, 0.12, 0.13, 0.14, 0.17, 0.2, 0.25, 0.27, 0.23, 0.62, 0.91, 0.99, 1.08, 1.32, 1.53, 1.17, 1.17, 1.21, 0.1, 0.1, 0.11, 0.12, 0.13, 0.15, 0.18, 0.23, 0.31, 0.38, 0.27, 0.57, 0.67, 0.97, 1.04, 1.09, 1.09, 0.92, 1.11, 1.18, 0.1, 0.1, 0.11, 0.11, 0.13, 0.14, 0.17, 0.21, 0.29, 0.36, 0.46, 0.5, 0.6, 0.95, 1.0, 0.91, 0.92, 0.89, 1.13, 1.18, 0.1, 0.1, 0.1, 0.11, 0.12, 0.13, 0.14, 0.16, 0.19, 0.18, 0.36, 0.4, 0.51, 0.64, 0.75, 0.83, 0.86, 0.87, 0.87, 0.87, 0.09, 0.09, 0.1, 0.1, 0.1, 0.1, 0.11, 0.1, 0.08, 0.21, 0.17, 0.08, 0.13, 0.18, 0.67, 0.76, 0.8, 0.83, 0.84, 0.84, 0.09, 0.09, 0.09, 0.09, 0.09, 0.08, 0.07, 0.05, 0.0, 0.04, -0.16, -0.01, 0.08, 0.15, 0.61, 0.69, 0.75, 0.78, 0.8, 0.81, 0.08, 0.08, 0.08, 0.08, 0.08, 0.07, 0.05, 0.02, 0.04, -0.06, -0.12, -0.02, 0.07, 0.13, 0.56, 0.64, 0.7, 0.74, 0.76, 0.78, 0.08, 0.08, 0.08, 0.07, 0.07, 0.06, 0.04, 0.02, 0.05, 0.0, -0.01, 0.02, 0.08, 0.13, 0.53, 0.61, 0.66, 0.7, 0.73, 0.75, 0.08, 0.07, 0.07, 0.07, 0.06, 0.05, 0.04, 0.1, 0.07, 0.05, 0.04, 0.06, 0.1, 0.13, 0.52, 0.59, 0.64, 0.68, 0.7, 0.72]}, {"header": {"refTime": "2023-09-06T08:00:00.000Z", "nx": 21, "ny": 33, "lo1": 113.509, "la1": 22.2235, "lo2": 113.5947, "la2": 22.1034, "dx": 0.0042850000000001385, "dy": 0.003753125000000024, "parameterCategory": 2, "parameterCategoryName": "Temperature", "parameterNumber": 3}, "data": [-0.28, -0.26, -0.24, -0.06, -0.03, -0.16, -0.1, -0.05, -0.03, 0.1, 0.02, -0.06, 0.12, 0.11, -0.42, -0.46, -0.36, -0.37, -0.37, -0.37, -0.3, -0.28, -0.25, -0.22, -0.04, 0.01, -0.06, 0.05, 0.12, 0.16, 0.03, -0.09, 0.07, 0.06, -0.46, -0.36, -0.37, -0.38, -0.39, -0.39, -0.31, -0.3, -0.28, -0.25, -0.06, -0.01, 0.08, 0.12, 0.43, 0.21, 0.0, -0.15, -0.01, -0.01, -0.36, -0.38, -0.39, -0.41, -0.41, -0.41, -0.33, -0.32, -0.31, -0.28, -0.25, -0.06, 0.01, 0.13, 0.24, 0.13, -0.07, -0.26, -0.17, -0.22, -0.38, -0.39, -0.42, -0.44, -0.45, -0.44, -0.35, -0.35, -0.34, -0.33, -0.31, -0.13, -0.11, -0.06, -0.03, 0.0, -0.16, -0.28, -0.54, -0.27, -0.37, -0.41, -0.47, -0.5, -0.5, -0.48, -0.38, -0.38, -0.38, -0.38, -0.38, -0.38, -0.24, -0.26, -0.25, -0.19, -0.0, -0.13, -0.31, -0.33, -0.32, -0.42, -0.55, -0.6, -0.56, -0.51, -0.17, -0.41, -0.42, -0.43, -0.44, -0.47, -0.64, -0.47, -0.48, -0.15, 0.05, 0.19, -0.04, -0.16, -0.25, -0.44, -0.68, -0.76, -0.91, -0.91, -0.15, -0.18, -0.21, -0.43, -0.45, -0.62, -0.65, -0.75, -0.76, -0.17, 0.03, 0.38, 0.39, -0.1, -0.29, -0.47, -0.69, -0.76, -0.65, -0.57, -0.13, -0.15, -0.18, -0.23, -0.44, -0.46, -0.49, -0.68, -0.45, -0.15, 0.03, 0.02, -0.29, -0.14, -0.33, -0.44, -0.56, -0.61, -0.59, -0.54, 0.32, 0.29, 0.24, -0.2, -0.28, -0.46, -0.41, -0.36, -0.19, -0.17, -0.05, -0.21, -0.48, -0.25, -0.36, -0.41, -0.48, -0.52, -0.52, -0.51, 0.34, 0.31, 0.26, 0.17, -0.02, -0.55, 0.09, 0.37, -0.08, -0.01, -0.17, -0.17, -0.24, -0.2, -0.37, -0.4, -0.43, -0.46, -0.47, -0.47, 0.36, 0.34, 0.31, 0.26, 0.17, 0.13, 0.36, 0.52, 0.55, 0.43, -0.07, 0.06, -0.01, -0.15, -0.36, -0.38, -0.41, -0.69, -0.69, -0.68, 0.39, 0.38, 0.38, 0.38, 0.42, 0.57, 0.78, 0.66, 0.59, 0.57, 0.35, 0.13, 0.07, -0.1, -0.09, -0.63, -0.63, -0.64, -0.64, -0.64, 0.41, 0.42, 0.44, 0.47, 0.57, 0.78, 1.16, 0.8, 0.65, 0.59, 0.41, -0.09, -0.15, -0.17, -0.07, -0.55, -0.56, -0.58, -0.59, -0.6, 0.44, 0.45, 0.48, 0.53, 0.61, 0.73, 0.82, 0.86, 0.75, 0.69, 0.66, 0.21, -0.1, -0.12, -0.13, -0.46, -0.48, -0.51, -0.54, -0.56, 0.46, 0.48, 0.34, 0.39, 0.45, 0.79, 0.78, 0.72, 0.66, 0.62, 0.19, 0.17, 0.14, -0.2, -0.18, -0.21, -0.23, -0.25, -0.27, -0.29, 0.3, 0.31, 0.33, 0.36, 0.69, 0.67, 0.63, 0.56, 0.52, 0.51, 0.15, 0.14, 0.11, 0.08, -0.01, 0.05, 0.07, 0.09, 0.1, 0.11, 0.29, 0.31, 0.32, 0.33, 0.62, 0.58, 0.5, 0.39, 0.33, 0.27, 0.28, 0.12, 0.09, -0.01, -0.0, 0.05, 0.07, 0.09, 0.1, 0.11, 0.29, 0.3, 0.3, 0.6, 0.57, 0.5, 0.4, 0.23, 0.07, 0.19, 0.02, 0.02, -0.02, -0.01, 0.04, 0.06, 0.08, 0.1, 0.11, 0.12, 0.28, 0.29, 0.47, 0.45, 0.41, 0.36, 0.29, 0.19, 0.01, 0.02, 0.02, 0.02, -0.02, -0.02, 0.08, 0.09, 0.1, 0.11, 0.12, 0.13, 0.47, 0.46, 0.44, 0.41, 0.38, 0.34, 0.29, 0.24, 0.02, 0.03, 0.03, 0.03, -0.03, 0.1, 0.1, 0.1, 0.11, 0.12, 0.13, 0.14, 0.45, 0.43, 0.41, 0.39, 0.36, 0.33, 0.29, -0.02, 0.04, 0.04, 0.04, 0.04, 0.0, 0.11, 0.11, 0.12, 0.12, 0.13, 0.15, 0.15, 0.43, 0.42, 0.4, -0.04, -0.04, -0.03, -0.02, -0.02, -0.01, -0.01, -0.01, 0.02, 0.15, 0.13, 0.13, 0.12, 0.1, 0.14, 0.16, 0.17, -0.05, -0.05, -0.05, -0.04, -0.04, -0.03, -0.02, -0.01, 0.01, 0.01, -0.0, -0.05, 0.15, 0.16, 0.16, 0.13, 0.03, 0.19, 0.2, 0.18, -0.05, -0.05, -0.05, -0.05, -0.04, -0.04, -0.03, -0.01, 0.03, 0.06, 0.01, -0.05, -0.07, 0.16, 0.17, 0.18, 0.23, 0.3, 0.22, 0.19, -0.06, -0.06, -0.06, -0.05, -0.05, -0.05, -0.04, -0.02, 0.01, 0.04, -0.02, -0.07, -0.09, 0.16, 0.18, 0.13, 0.18, 0.21, 0.22, 0.2, -0.06, -0.06, -0.06, -0.06, -0.06, -0.06, -0.06, -0.05, -0.04, -0.05, -0.08, -0.1, -0.11, 0.02, 0.06, 0.11, 0.14, 0.16, 0.15, 0.14, -0.07, -0.07, -0.07, -0.07, -0.07, -0.07, -0.08, -0.08, -0.1, -0.14, -0.17, -0.07, -0.01, 0.05, 0.04, 0.08, 0.11, 0.12, 0.13, 0.12, -0.07, -0.07, -0.07, -0.08, -0.08, -0.08, -0.09, -0.11, -0.14, -0.21, -0.24, -0.13, -0.05, 0.02, 0.01, 0.05, 0.08, 0.09, 0.1, 0.1, -0.07, -0.08, -0.08, -0.08, -0.09, -0.09, -0.11, -0.13, -0.1, -0.17, -0.2, -0.13, -0.06, 0.0, -0.0, 0.03, 0.06, 0.07, 0.08, 0.09, -0.08, -0.08, -0.08, -0.09, -0.09, -0.1, -0.11, -0.13, -0.09, -0.12, -0.13, -0.1, -0.05, -0.0, -0.02, 0.02, 0.04, 0.06, 0.07, 0.07, -0.08, -0.08, -0.09, -0.09, -0.1, -0.1, -0.12, -0.05, -0.07, -0.08, -0.08, -0.06, -0.03, 0.0, -0.02, 0.01, 0.03, 0.04, 0.05, 0.06]}, {"header": {"refTime": "2023-09-06T08:00:00.000Z", "nx": 21, "ny": 33, "lo1": 113.509, "la1": 22.2235, "lo2": 113.5947, "la2": 22.1034, "dx": 0.0042850000000001385, "dy": 0.003753125000000024, "parameterCategory": 0, "parameterCategoryName": "Temperature", "parameterNumber": 0}, "data": [[29.63, 29.63, 29.62, 29.32, 29.34, 29.71, 29.72, 29.73, 29.74, 29.72, 29.74, 29.77, 30.05, 30.07, 30.13, 30.14, 30.22, 30.22, 30.21, 30.21], [29.63, 29.63, 29.62, 29.62, 29.33, 29.36, 29.7, 29.72, 29.73, 29.72, 29.75, 29.79, 30.07, 30.09, 30.15, 30.23, 30.22, 30.22, 30.21, 30.21], [29.64, 29.63, 29.63, 29.62, 29.32, 29.35, 29.41, 29.7, 29.7, 29.71, 29.76, 29.83, 30.12, 30.13, 30.24, 30.23, 30.22, 30.22, 30.21, 30.21], [29.64, 29.63, 29.63, 29.62, 29.61, 29.33, 29.37, 29.44, 29.51, 29.71, 29.78, 29.9, 30.19, 30.01, 30.24, 30.23, 30.22, 30.21, 30.21, 30.21], [29.65, 29.64, 29.63, 29.62, 29.6, 29.29, 29.31, 29.33, 29.33, 29.67, 29.76, 30.03, 30.24, 30.06, 30.24, 30.22, 30.21, 30.21, 30.21, 30.21], [29.66, 29.65, 29.64, 29.63, 29.61, 29.57, 29.24, 29.23, 29.21, 29.18, 29.72, 29.92, 30.1, 30.27, 30.23, 30.21, 30.21, 30.2, 30.2, 30.2], [29.65, 29.66, 29.66, 29.65, 29.62, 29.58, 29.3, 29.16, 29.14, 29.18, 29.22, 29.74, 30.17, 30.2, 30.2, 30.2, 30.2, 30.2, 30.24, 30.25], [29.67, 29.68, 29.68, 29.67, 29.65, 29.43, 29.34, 29.21, 29.13, 29.15, 29.05, 29.66, 29.67, 30.2, 30.13, 30.1, 30.15, 30.16, 30.14, 30.12], [29.53, 29.54, 29.72, 29.73, 29.74, 29.7, 29.58, 29.29, 29.04, 29.21, 29.32, 29.48, 29.56, 29.46, 30.12, 30.1, 30.12, 30.13, 30.13, 30.12], [30.1, 30.1, 30.1, 29.63, 29.7, 29.87, 29.75, 29.58, 28.99, 29.0, 29.57, 29.38, 29.44, 29.42, 30.12, 30.09, 30.1, 30.11, 30.11, 30.11], [30.1, 30.1, 30.1, 30.1, 30.1, 30.1, 30.1, 30.1, 29.75, 29.03, 28.9, 29.32, 29.37, 29.37, 30.12, 30.08, 30.09, 30.1, 30.1, 30.1], [30.1, 30.1, 30.1, 30.1, 30.1, 30.1, 30.1, 30.1, 30.1, -999.0, 28.9, 30.0, 30.0, 29.34, 30.12, 30.07, 30.08, 29.4, 29.42, 29.43], [30.1, 30.1, 30.1, 30.1, 30.1, 30.1, 30.1, 30.1, 30.1, 30.1, -999.0, 30.0, 30.0, 29.22, 29.56, 29.69, 29.7, 29.53, 29.55, 29.57], [30.1, 30.1, 30.1, 30.1, 30.1, 30.1, 30.1, 30.1, 30.1, 30.1, -999.0, 28.8, 28.8, 28.8, 29.46, 29.57, 29.6, 29.42, 29.46, 29.49], [30.1, 30.1, 30.1, 30.1, 30.1, 30.1, 30.1, 29.5, 29.5, 29.5, 29.5, 29.23, 28.8, 28.8, 28.8, 29.44, 29.48, 29.32, 29.37, 29.41], [30.1, 30.1, 29.72, 29.72, 29.7, 29.5, 29.5, 29.5, 29.5, 29.5, 29.06, 29.11, 29.04, 28.98, 29.05, 28.91, 28.93, 28.9, 29.24, 29.28], [29.71, 29.71, 29.89, 29.88, 29.5, 29.5, 29.5, 29.5, 29.5, 29.5, 29.2, 29.11, 29.02, 28.94, 28.92, 28.85, 28.86, 28.88, 28.88, 28.89], [29.89, 29.88, 29.87, 29.85, 29.5, 29.5, 29.5, 29.5, 29.5, 29.32, 29.23, 29.12, 29.01, 28.92, 28.82, 28.84, 28.87, 28.88, 28.89, 28.89], [29.87, 29.86, 29.85, 29.5, 29.5, 29.5, 29.5, 29.5, 29.44, 29.36, 29.34, 29.25, 29.05, 28.96, 28.84, 28.86, 28.88, 28.89, 28.9, 28.9], [29.87, 29.86, 29.61, 29.61, 29.6, 29.59, 29.57, 29.53, 29.46, 29.41, 29.35, 29.28, 29.08, 29.02, 28.87, 28.88, 28.89, 28.9, 28.91, 28.91], [29.62, 29.62, 29.62, 29.58, 29.58, 29.57, 29.57, 29.56, 29.44, 29.42, 29.37, 29.32, 29.1, 28.89, 28.9, 28.91, 28.91, 28.92, 28.92, 28.91], [29.59, 29.59, 29.59, 29.59, 29.59, 29.59, 29.58, 29.57, 29.45, 29.44, 29.41, 29.36, 29.19, 28.91, 28.92, 28.93, 28.94, 28.94, 28.93, 28.92], [29.6, 29.6, 29.6, 29.57, 29.57, 29.58, 29.58, 29.59, 29.6, 29.6, 29.6, 29.48, 29.23, 28.92, 28.93, 28.95, 28.97, 28.95, 28.93, 28.92], [29.57, 29.57, 29.57, 29.58, 29.58, 29.58, 29.59, 29.6, 29.62, 29.63, 29.62, 29.5, 29.25, 29.17, 29.1, 28.96, 29.03, 28.94, 28.92, 28.92], [29.57, 29.57, 29.58, 29.58, 29.58, 29.59, 29.6, 29.62, 29.64, 29.67, 29.63, 29.52, 29.46, 29.18, 29.1, 29.04, 28.92, 28.88, 28.91, 28.92], [29.57, 29.57, 29.58, 29.58, 29.58, 29.59, 29.6, 29.61, 29.64, 29.66, 29.58, 29.52, 29.47, 29.19, 29.12, 29.03, 28.99, 28.97, 28.91, 28.91], [29.57, 29.57, 29.58, 29.58, 29.58, 29.59, 29.59, 29.6, 29.61, 29.61, 29.54, 29.51, 29.47, 29.15, 29.1, 29.06, 29.03, 29.01, 29.02, 29.02], [29.57, 29.57, 29.58, 29.58, 29.58, 29.58, 29.58, 29.59, 29.58, 29.53, 29.52, 29.46, 29.41, 29.35, 29.13, 29.09, 29.06, 29.04, 29.04, 29.04], [29.57, 29.57, 29.57, 29.58, 29.58, 29.58, 29.58, 29.57, 29.56, 29.51, 29.49, 29.46, 29.42, 29.37, 29.15, 29.12, 29.09, 29.07, 29.06, 29.06], [29.57, 29.57, 29.57, 29.57, 29.57, 29.57, 29.57, 29.57, 29.47, 29.48, 29.48, 29.45, 29.42, 29.38, 29.17, 29.14, 29.11, 29.09, 29.08, 29.08], [29.57, 29.57, 29.57, 29.57, 29.57, 29.57, 29.57, 29.56, 29.46, 29.46, 29.46, 29.44, 29.41, 29.38, 29.18, 29.15, 29.13, 29.11, 29.1, 29.09], [29.57, 29.57, 29.57, 29.57, 29.57, 29.57, 29.57, 29.44, 29.45, 29.44, 29.44, 29.42, 29.4, 29.38, 29.19, 29.16, 29.14, 29.12, 29.11, 29.1]]}]