gis_exercise/awsData/contour/wdir_2023090601.json
[{"header": {"refTime": "2023-09-06T01:00:00.000Z", "nx": 21, "ny": 33, "lo1": 113.509, "la1": 22.2235, "lo2": 113.5947, "la2": 22.1034, "dx": 0.0042850000000001385, "dy": 0.003753125000000024, "parameterCategory": 2, "parameterCategoryName": "Temperature", "parameterNumber": 2}, "data": [0.34, 0.33, 0.32, 0.42, 0.39, 0.16, 0.12, 0.09, 0.07, 0.04, 0.06, 0.08, 0.13, 0.15, 0.01, 0.03, 0.33, 0.34, 0.34, 0.35, 0.35, 0.34, 0.33, 0.31, 0.4, 0.35, 0.11, 0.05, 0.0, 0.01, 0.05, 0.08, 0.13, 0.15, 0.02, 0.32, 0.33, 0.34, 0.34, 0.35, 0.36, 0.35, 0.34, 0.32, 0.42, 0.37, 0.28, 0.02, -0.13, -0.02, 0.06, 0.08, 0.12, 0.14, 0.29, 0.31, 0.33, 0.34, 0.34, 0.35, 0.37, 0.36, 0.36, 0.35, 0.33, 0.41, 0.34, 0.23, 0.12, 0.03, 0.09, 0.09, 0.11, 0.33, 0.28, 0.31, 0.33, 0.34, 0.34, 0.35, 0.38, 0.38, 0.38, 0.37, 0.37, 0.48, 0.45, 0.41, 0.39, 0.14, 0.15, 0.29, 0.1, 0.29, 0.29, 0.32, 0.33, 0.34, 0.34, 0.35, 0.39, 0.39, 0.39, 0.4, 0.41, 0.43, 0.57, 0.59, 0.6, 0.6, 0.53, 0.4, 0.26, 0.49, 0.32, 0.34, 0.34, 0.34, 0.34, 0.35, 0.89, 0.4, 0.41, 0.42, 0.44, 0.48, 0.78, 0.74, 0.76, 0.89, 0.86, 0.61, 0.7, 0.7, 0.38, 0.36, 0.34, 0.33, 0.43, 0.46, 0.89, 0.87, 0.86, 0.67, 0.68, 0.7, 0.76, 0.87, 0.98, 0.88, 0.82, 0.97, 1.0, 0.87, 0.89, 0.74, 0.55, 0.48, 0.58, 0.65, 0.89, 0.87, 0.84, 0.81, 0.63, 0.65, 0.71, 0.8, 0.92, 0.89, 0.99, 1.07, 1.21, 1.14, 0.95, 0.81, 0.68, 0.63, 0.65, 0.68, 0.84, 0.83, 0.8, 0.79, 0.71, 0.54, 0.63, 0.73, 0.89, 0.88, 1.05, 1.14, 1.26, 1.17, 0.98, 0.87, 0.78, 0.72, 0.71, 0.73, 0.85, 0.84, 0.81, 0.76, 0.65, 0.34, 0.7, 0.84, 0.76, 0.87, 1.05, 1.12, 1.16, 1.14, 0.98, 0.9, 0.83, 0.79, 0.77, 0.76, 0.87, 0.86, 0.84, 0.81, 0.77, 0.74, 0.86, 0.9, 0.88, 1.13, 1.03, 1.1, 1.13, 1.12, 0.97, 0.91, 0.86, 1.13, 1.11, 1.1, 0.89, 0.88, 0.88, 0.89, 0.92, 1.02, 1.15, 1.01, 0.93, 0.94, 1.21, 1.07, 1.1, 1.44, 1.46, 1.29, 1.25, 1.22, 1.19, 1.18, 0.9, 0.91, 0.92, 0.95, 1.01, 1.15, 1.43, 1.14, 1.01, 0.97, 1.22, 1.37, 1.44, 1.49, 1.53, 1.38, 1.34, 1.31, 1.27, 1.25, 0.92, 0.93, 0.95, 0.98, 1.04, 1.12, 1.18, 1.14, 1.04, 0.99, 0.96, 1.15, 1.5, 1.56, 1.6, 1.48, 1.44, 1.39, 1.34, 1.31, 0.93, 0.94, 0.86, 0.88, 0.92, 1.08, 1.07, 1.03, 0.97, 0.94, 1.06, 1.18, 1.31, 1.56, 1.62, 1.47, 1.38, 1.3, 0.93, 0.86, 0.82, 0.83, 0.84, 0.86, 1.0, 0.99, 0.95, 0.9, 0.86, 0.86, 1.05, 1.2, 1.38, 1.58, 1.56, 1.47, 1.28, 1.14, 1.04, 0.96, 0.81, 0.82, 0.82, 0.83, 0.95, 0.91, 0.85, 0.76, 0.72, 0.99, 1.16, 1.2, 1.42, 1.55, 1.93, 1.53, 1.26, 1.09, 0.99, 0.92, 0.8, 0.81, 0.8, 0.93, 0.9, 0.85, 0.77, 0.64, 0.58, 0.87, 0.77, 0.96, 1.16, 1.39, 1.57, 1.37, 1.15, 1.0, 0.91, 0.85, 0.8, 0.79, 0.64, 0.62, 0.6, 0.58, 0.54, 0.51, 0.53, 0.6, 0.72, 0.88, 1.03, 1.14, 1.21, 1.1, 0.96, 0.86, 0.8, 0.77, 0.61, 0.6, 0.59, 0.57, 0.55, 0.52, 0.49, 0.47, 0.54, 0.58, 0.66, 0.78, 0.89, 1.0, 0.94, 0.85, 0.75, 0.7, 0.68, 0.69, 0.58, 0.57, 0.55, 0.53, 0.5, 0.47, 0.44, -0.08, 0.48, 0.51, 0.57, 0.67, 0.54, 0.82, 0.74, 0.62, 0.54, 0.53, 0.57, 0.61, 0.55, 0.53, 0.51, -0.23, -0.22, -0.2, -0.19, -0.19, -0.2, -0.22, -0.24, -0.04, 0.05, 0.7, 0.59, 0.44, 0.3, 0.37, 0.48, 0.55, -0.29, -0.29, -0.28, -0.28, -0.27, -0.27, -0.27, -0.27, -0.27, -0.28, -0.31, -0.51, 0.04, 0.09, 0.12, 0.36, 0.0, 0.35, 0.47, 0.53, -0.32, -0.32, -0.32, -0.32, -0.32, -0.32, -0.33, -0.33, -0.31, -0.28, -0.34, -0.53, -0.55, 0.09, 0.13, 0.18, 0.43, 0.55, 0.5, 0.53, -0.34, -0.35, -0.35, -0.36, -0.37, -0.38, -0.39, -0.39, -0.36, -0.32, -0.5, -0.58, -0.6, 0.09, 0.14, 0.03, 0.16, 0.21, 0.52, 0.54, -0.36, -0.37, -0.38, -0.39, -0.41, -0.43, -0.45, -0.47, -0.49, -0.52, -0.66, -0.69, -0.67, -0.3, -0.16, -0.05, 0.04, 0.09, 0.08, 0.05, -0.39, -0.4, -0.41, -0.43, -0.45, -0.48, -0.52, -0.57, -0.64, -0.82, -0.88, -0.67, -0.52, -0.37, -0.25, -0.13, -0.05, -0.01, 0.0, -0.01, -0.4, -0.42, -0.44, -0.46, -0.48, -0.52, -0.57, -0.64, -0.76, -1.01, -1.12, -0.83, -0.61, -0.44, -0.32, -0.21, -0.13, -0.09, -0.06, -0.06, -0.42, -0.44, -0.46, -0.48, -0.51, -0.55, -0.61, -0.68, -0.76, -0.92, -1.02, -0.83, -0.64, -0.49, -0.37, -0.27, -0.2, -0.15, -0.12, -0.1, -0.44, -0.45, -0.47, -0.5, -0.53, -0.57, -0.62, -0.69, -0.72, -0.8, -0.82, -0.74, -0.62, -0.5, -0.41, -0.32, -0.25, -0.2, -0.16, -0.14, -0.45, -0.46, -0.48, -0.51, -0.54, -0.58, -0.62, -0.61, -0.66, -0.7, -0.7, -0.66, -0.58, -0.49, -0.42, -0.34, -0.28, -0.23, -0.2, -0.18]}, {"header": {"refTime": "2023-09-06T01:00:00.000Z", "nx": 21, "ny": 33, "lo1": 113.509, "la1": 22.2235, "lo2": 113.5947, "la2": 22.1034, "dx": 0.0042850000000001385, "dy": 0.003753125000000024, "parameterCategory": 2, "parameterCategoryName": "Temperature", "parameterNumber": 3}, "data": [-0.52, -0.52, -0.52, -0.56, -0.55, -0.69, -0.66, -0.64, -0.63, -0.56, -0.6, -0.64, -0.88, -0.91, -1.59, -1.69, -2.04, -2.1, -2.15, -2.18, -0.52, -0.52, -0.52, -0.52, -0.55, -0.53, -0.64, -0.59, -0.56, -0.53, -0.6, -0.66, -0.91, -0.94, -1.61, -1.98, -2.07, -2.15, -2.2, -2.23, -0.52, -0.52, -0.52, -0.52, -0.56, -0.54, -0.51, -0.55, -0.41, -0.5, -0.61, -0.69, -0.94, -0.97, -1.86, -2.0, -2.13, -2.22, -2.27, -2.29, -0.52, -0.52, -0.52, -0.53, -0.53, -0.56, -0.54, -0.49, -0.45, -0.54, -0.65, -0.76, -1.0, -1.02, -1.84, -2.05, -2.22, -2.33, -2.37, -2.37, -0.52, -0.52, -0.52, -0.53, -0.54, -0.59, -0.58, -0.56, -0.55, -0.59, -0.68, -1.01, -1.07, -1.03, -1.85, -2.14, -2.37, -2.5, -2.51, -2.47, -0.51, -0.52, -0.52, -0.53, -0.55, -0.57, -0.63, -0.64, -0.63, -0.59, -0.9, -0.99, -1.04, -1.16, -1.92, -2.28, -2.63, -2.77, -2.69, -2.58, -0.31, -0.51, -0.52, -0.53, -0.54, -0.58, -0.65, -0.73, -0.72, -0.79, -0.76, -0.97, -1.2, -1.18, -2.0, -2.43, -2.98, -3.18, -2.82, -2.6, -0.3, -0.31, -0.32, -0.69, -0.7, -0.57, -0.64, -0.77, -0.93, -0.75, -0.57, -1.06, -1.14, -1.19, -1.96, -2.39, -2.94, -3.14, -2.84, -2.64, -0.28, -0.29, -0.29, -0.3, -0.65, -0.66, -0.73, -0.68, -0.85, -0.81, -0.85, -1.02, -1.08, -1.05, -1.86, -2.23, -2.57, -2.72, -2.66, -2.56, -0.3, -0.3, -0.3, -0.27, -0.27, -0.54, -0.65, -0.78, -0.87, -0.82, -0.93, -1.01, -1.05, -1.04, -1.81, -2.09, -2.32, -2.46, -2.48, -2.45, -0.3, -0.29, -0.29, -0.28, -0.28, -0.25, -0.35, -0.5, -0.88, -0.89, -0.9, -0.99, -1.01, -1.02, -1.81, -2.0, -2.17, -2.29, -2.34, -2.35, -0.29, -0.28, -0.28, -0.27, -0.26, -0.26, -0.34, -0.64, -0.8, -0.78, -0.93, -1.16, -1.16, -1.0, -1.83, -1.96, -2.09, -1.79, -1.83, -1.84, -0.28, -0.28, -0.26, -0.25, -0.22, -0.16, -0.13, -0.48, -0.69, -0.57, -0.72, -1.16, -1.16, -0.81, -0.78, -1.44, -1.52, -1.59, -1.64, -1.68, -0.28, -0.27, -0.25, -0.23, -0.19, -0.08, 0.18, -0.22, -0.44, -0.47, -0.67, -0.75, -0.69, -0.64, -0.66, -1.24, -1.32, -1.4, -1.47, -1.53, -0.28, -0.27, -0.25, -0.23, -0.19, -0.13, -0.1, -0.05, -0.13, -0.15, -0.14, -0.17, -0.59, -0.52, -0.48, -1.02, -1.11, -1.22, -1.32, -1.4, -0.28, -0.27, 0.23, 0.24, 0.26, 0.05, 0.05, 0.03, 0.0, -0.01, -0.1, -0.08, -0.05, -0.02, -0.02, 0.19, 0.22, 0.26, -0.37, -0.41, 0.24, 0.25, 0.26, 0.27, 0.07, 0.09, 0.12, 0.14, 0.15, 0.12, 0.02, 0.0, 0.01, 0.03, 0.37, 0.59, 0.77, 0.9, 1.0, 1.07, 0.26, 0.27, 0.28, 0.3, 0.1, 0.14, 0.21, 0.29, 0.33, 0.48, 0.42, 0.06, 0.05, 0.37, 0.14, 0.54, 0.78, 0.94, 1.04, 1.11, 0.27, 0.28, 0.3, 0.1, 0.14, 0.19, 0.28, 0.43, 0.61, 0.52, 0.57, 0.51, 0.58, 0.46, 0.5, 0.68, 0.89, 1.03, 1.12, 1.17, 0.28, 0.29, 0.66, 0.67, 0.67, 0.67, 0.67, 0.67, 0.65, 0.63, 0.6, 0.55, 0.66, 0.63, 0.83, 0.93, 1.06, 1.15, 1.21, 1.24, 0.68, 0.68, 0.68, 0.69, 0.69, 0.7, 0.7, 0.7, 0.67, 0.66, 0.63, 0.59, 0.76, 1.03, 1.07, 1.16, 1.25, 1.3, 1.32, 1.32, 0.69, 0.7, 0.7, 0.71, 0.72, 0.73, 0.74, 0.71, 0.71, 0.7, 0.68, 0.64, 0.99, 1.19, 1.26, 1.35, 1.43, 1.45, 1.43, 1.4, 0.7, 0.71, 0.72, 0.68, 0.69, 0.71, 0.72, 0.74, 0.76, 0.77, 0.75, 1.16, 1.5, 1.3, 1.39, 1.5, 1.6, 1.58, 1.52, 1.46, 0.66, 0.67, 0.67, 0.68, 0.69, 0.71, 0.73, 0.77, 0.82, 0.84, 0.8, 1.04, 1.49, 1.56, 1.63, 1.58, 1.77, 1.65, 1.57, 1.5, 0.66, 0.66, 0.67, 0.68, 0.69, 0.71, 0.74, 0.79, 0.88, 0.96, 0.84, 1.0, 1.06, 1.55, 1.62, 1.67, 1.63, 1.62, 1.57, 1.51, 0.65, 0.66, 0.66, 0.67, 0.68, 0.69, 0.72, 0.77, 0.85, 0.93, 0.94, 0.94, 0.99, 1.54, 1.6, 1.5, 1.56, 1.57, 1.54, 1.5, 0.65, 0.65, 0.65, 0.66, 0.66, 0.67, 0.68, 0.7, 0.73, 0.72, 0.81, 0.83, 0.9, 1.18, 1.31, 1.41, 1.48, 1.5, 1.5, 1.48, 0.64, 0.64, 0.64, 0.64, 0.64, 0.64, 0.64, 0.63, 0.59, 0.65, 0.6, 0.65, 0.75, 0.86, 1.22, 1.33, 1.39, 1.43, 1.44, 1.44, 0.63, 0.63, 0.63, 0.63, 0.62, 0.62, 0.6, 0.57, 0.5, 0.46, 0.29, 0.52, 0.68, 0.8, 1.15, 1.25, 1.32, 1.36, 1.39, 1.4, 0.63, 0.63, 0.62, 0.62, 0.61, 0.59, 0.57, 0.53, 0.58, 0.45, 0.37, 0.51, 0.66, 0.77, 1.09, 1.19, 1.26, 1.31, 1.34, 1.35, 0.62, 0.62, 0.61, 0.61, 0.6, 0.58, 0.56, 0.52, 0.61, 0.54, 0.52, 0.58, 0.67, 0.76, 1.06, 1.15, 1.22, 1.26, 1.3, 1.32, 0.62, 0.61, 0.61, 0.6, 0.59, 0.57, 0.55, 0.69, 0.65, 0.62, 0.61, 0.65, 0.7, 0.77, 1.05, 1.12, 1.18, 1.23, 1.26, 1.29]}, {"header": {"refTime": "2023-09-06T01:00:00.000Z", "nx": 21, "ny": 33, "lo1": 113.509, "la1": 22.2235, "lo2": 113.5947, "la2": 22.1034, "dx": 0.0042850000000001385, "dy": 0.003753125000000024, "parameterCategory": 0, "parameterCategoryName": "Temperature", "parameterNumber": 0}, "data": [[29.19, 29.18, 29.17, 29.18, 29.15, 29.38, 29.33, 29.28, 29.28, 29.29, 29.4, 29.5, 29.75, 29.81, 29.93, 29.96, 30.36, 30.36, 30.35, 30.35], [29.2, 29.19, 29.18, 29.16, 29.16, 29.12, 29.28, 29.18, 29.12, 29.2, 29.39, 29.55, 29.81, 29.87, 29.98, 30.36, 30.36, 30.36, 30.36, 30.35], [29.21, 29.2, 29.19, 29.17, 29.17, 29.13, 29.07, 29.1, 28.8, 29.13, 29.42, 29.64, 29.91, 29.95, 30.37, 30.36, 30.36, 30.36, 30.36, 30.36], [29.22, 29.22, 29.21, 29.2, 29.18, 29.17, 29.12, 29.02, 28.94, 29.25, 29.53, 29.79, 30.08, 30.19, 30.37, 30.36, 30.36, 30.36, 30.36, 30.36], [29.23, 29.23, 29.23, 29.22, 29.21, 29.23, 29.2, 29.17, 29.16, 29.42, 29.64, 30.21, 30.38, 30.23, 30.37, 30.36, 30.36, 30.36, 30.36, 30.36], [29.25, 29.25, 29.25, 29.25, 29.25, 29.26, 29.3, 29.31, 29.32, 29.31, 29.97, 30.12, 30.26, 30.37, 30.36, 30.36, 30.37, 30.37, 30.37, 30.36], [29.48, 29.26, 29.27, 29.28, 29.29, 29.31, 29.52, 29.44, 29.46, 29.64, 29.64, 29.98, 30.27, 30.3, 30.34, 30.35, 30.38, 30.38, 30.42, 30.42], [29.47, 29.47, 29.47, 29.47, 29.48, 29.48, 29.52, 29.59, 29.69, 29.61, 29.51, 29.88, 29.89, 30.3, 30.29, 30.26, 30.32, 30.35, 30.31, 30.28], [29.53, 29.52, 29.45, 29.45, 29.44, 29.46, 29.51, 29.54, 29.6, 29.66, 29.67, 29.77, 29.82, 29.76, 30.28, 30.24, 30.28, 30.3, 30.29, 30.27], [29.3, 29.3, 29.3, 29.49, 29.46, 29.39, 29.44, 29.51, 29.53, 29.55, 29.83, 29.71, 29.75, 29.73, 30.28, 30.23, 30.26, 30.27, 30.27, 30.26], [29.3, 29.3, 29.3, 29.3, 29.3, 29.3, 29.3, 29.3, 29.44, 29.6, 29.4, 29.67, 29.7, 29.7, 30.28, 30.22, 30.24, 30.25, 30.25, 30.25], [29.3, 29.3, 29.3, 29.3, 29.3, 29.3, 29.3, 29.3, 29.3, -999.0, 29.4, 30.1, 30.1, 29.68, 30.29, 30.21, 30.22, 28.58, 28.62, 28.64], [29.3, 29.3, 29.3, 29.3, 29.3, 29.3, 29.3, 29.3, 29.3, 29.3, -999.0, 30.1, 30.1, 28.21, 29.04, 29.24, 29.26, 28.86, 28.92, 28.96], [29.3, 29.3, 29.3, 29.3, 29.3, 29.3, 29.3, 29.3, 29.3, 29.3, -999.0, 27.2, 27.2, 27.2, 28.79, 28.97, 29.02, 28.62, 28.7, 28.77], [29.3, 29.3, 29.3, 29.3, 29.3, 29.3, 29.3, 29.3, 29.3, 29.3, 29.3, 28.49, 27.2, 27.2, 27.2, 28.66, 28.76, 28.39, 28.51, 28.6], [29.3, 29.3, 29.3, 29.3, 29.3, 29.3, 29.3, 29.3, 29.3, 29.3, 27.98, 28.13, 27.92, 27.75, 27.95, 27.68, 27.75, 27.62, 28.38, 28.47], [29.3, 29.3, 29.3, 29.3, 29.3, 29.3, 29.3, 29.3, 29.3, 29.3, 28.4, 28.14, 27.86, 27.61, 27.6, 27.37, 27.43, 27.48, 27.51, 27.53], [29.3, 29.3, 29.3, 29.3, 29.3, 29.3, 29.3, 29.3, 29.3, 28.77, 28.48, 28.17, 27.84, 27.61, 27.26, 27.36, 27.44, 27.5, 27.53, 27.55], [29.3, 29.3, 29.3, 29.3, 29.3, 29.3, 29.3, 29.3, 29.11, 28.89, 28.51, 28.24, 28.01, 27.75, 27.34, 27.41, 27.48, 27.53, 27.56, 27.57], [29.3, 29.3, 28.73, 28.76, 28.79, 28.85, 28.93, 29.14, 28.99, 28.76, 28.51, 28.28, 28.12, 27.95, 27.47, 27.5, 27.55, 27.58, 27.6, 27.6], [28.69, 28.7, 28.72, 28.89, 28.91, 28.94, 28.97, 29.01, 28.74, 28.63, 28.47, 28.31, 28.21, 27.54, 27.56, 27.6, 27.63, 27.64, 27.64, 27.62], [28.83, 28.84, 28.84, 28.85, 28.86, 28.87, 28.88, 28.66, 28.58, 28.51, 28.42, 28.31, 27.97, 27.6, 27.64, 27.69, 27.73, 27.71, 27.67, 27.64], [28.82, 28.82, 28.82, 28.51, 28.52, 28.53, 28.53, 28.52, 28.5, 28.48, 28.46, 28.65, 27.98, 27.64, 27.69, 27.78, 27.87, 27.79, 27.69, 27.65], [28.45, 28.45, 28.46, 28.46, 28.46, 28.45, 28.44, 28.42, 28.39, 28.37, 28.36, 28.17, 27.99, 27.94, 27.91, 27.8, 28.14, 27.7, 27.64, 27.63], [28.43, 28.42, 28.42, 28.41, 28.41, 28.39, 28.37, 28.35, 28.32, 28.3, 28.3, 28.16, 28.16, 27.93, 27.88, 27.83, 27.6, 27.42, 27.58, 27.61], [28.4, 28.39, 28.39, 28.37, 28.36, 28.34, 28.31, 28.29, 28.27, 28.27, 28.15, 28.11, 28.12, 27.93, 27.87, 27.7, 27.63, 27.59, 27.58, 27.6], [28.38, 28.37, 28.36, 28.34, 28.32, 28.29, 28.26, 28.23, 28.2, 28.17, 28.05, 28.04, 28.07, 27.69, 27.7, 27.68, 27.66, 27.64, 27.65, 27.66], [28.36, 28.35, 28.33, 28.31, 28.28, 28.25, 28.21, 28.16, 28.1, 27.93, 27.9, 27.72, 27.68, 27.63, 27.68, 27.68, 27.67, 27.66, 27.66, 27.67], [28.34, 28.33, 28.31, 28.28, 28.26, 28.22, 28.17, 28.11, 28.01, 27.8, 27.64, 27.67, 27.67, 27.63, 27.68, 27.68, 27.67, 27.67, 27.67, 27.67], [28.32, 28.31, 28.29, 28.26, 28.23, 28.2, 28.15, 28.08, 27.72, 27.68, 27.65, 27.66, 27.66, 27.63, 27.67, 27.68, 27.68, 27.68, 27.68, 27.68], [28.31, 28.3, 28.28, 28.25, 28.22, 28.18, 28.14, 28.08, 27.71, 27.68, 27.67, 27.66, 27.65, 27.63, 27.67, 27.67, 27.68, 27.68, 27.68, 27.68], [28.3, 28.29, 28.27, 28.24, 28.21, 28.18, 28.14, 27.72, 27.7, 27.69, 27.67, 27.66, 27.65, 27.63, 27.67, 27.67, 27.68, 27.68, 27.68, 27.68]]}]