gis_exercise/awsData/contour/wdir_2023090712.json
[{"header": {"refTime": "2023-09-07T12:00:00.000Z", "nx": 21, "ny": 33, "lo1": 113.509, "la1": 22.2235, "lo2": 113.5947, "la2": 22.1034, "dx": 0.0042850000000001385, "dy": 0.003753125000000024, "parameterCategory": 2, "parameterCategoryName": "Temperature", "parameterNumber": 2}, "data": [-1.58, -1.57, -1.55, -1.29, -1.27, -1.42, -1.38, -1.33, -1.32, -1.1, -1.14, -1.18, -1.45, -1.48, -1.78, -1.84, -2.15, -2.18, -2.2, -2.22, -1.6, -1.58, -1.56, -1.53, -1.28, -1.24, -1.35, -1.27, -1.21, -1.08, -1.14, -1.2, -1.47, -1.5, -1.81, -2.12, -2.17, -2.2, -2.23, -2.24, -1.61, -1.6, -1.58, -1.56, -1.29, -1.26, -1.21, -1.21, -0.99, -1.05, -1.16, -1.24, -1.51, -1.54, -2.06, -2.13, -2.19, -2.24, -2.26, -2.27, -1.63, -1.62, -1.6, -1.59, -1.56, -1.3, -1.25, -1.18, -1.1, -1.09, -1.19, -1.3, -1.57, -1.56, -2.05, -2.15, -2.23, -2.29, -2.31, -2.31, -1.64, -1.64, -1.63, -1.62, -1.61, -1.35, -1.34, -1.3, -1.27, -1.12, -1.22, -1.56, -1.62, -1.58, -2.06, -2.2, -2.31, -2.37, -2.37, -2.36, -1.66, -1.66, -1.66, -1.66, -1.66, -1.67, -1.44, -1.45, -1.42, -1.34, -1.43, -1.53, -1.6, -2.0, -2.1, -2.26, -2.43, -2.49, -2.46, -2.41, -2.35, -1.68, -1.69, -1.7, -1.71, -1.74, -1.76, -1.64, -1.63, -1.53, -1.4, -1.5, -2.09, -2.13, -2.14, -2.34, -2.59, -2.68, -2.71, -2.67, -2.35, -2.34, -2.32, -2.25, -2.25, -1.75, -1.79, -1.89, -2.02, -1.48, -1.11, -1.86, -2.02, -2.26, -2.61, -2.68, -2.77, -2.8, -2.75, -2.72, -2.36, -2.34, -2.31, -2.28, -2.21, -2.22, -2.26, -1.81, -2.0, -1.57, -1.73, -2.1, -2.49, -2.3, -2.64, -2.68, -2.72, -2.74, -2.73, -2.71, -2.62, -2.6, -2.55, -2.27, -2.19, -2.12, -2.23, -2.35, -2.13, -1.99, -1.97, -2.27, -2.6, -2.37, -2.66, -2.67, -2.69, -2.71, -2.71, -2.7, -2.63, -2.61, -2.57, -2.49, -2.33, -1.86, -2.44, -2.73, -2.58, -2.24, -2.44, -2.2, -2.31, -2.28, -2.67, -2.67, -2.68, -2.69, -2.69, -2.69, -2.65, -2.63, -2.6, -2.56, -2.48, -2.44, -2.67, -2.9, -2.99, -3.15, -2.54, -2.76, -2.74, -2.2, -2.66, -2.66, -2.67, -2.5, -2.49, -2.48, -2.67, -2.67, -2.66, -2.65, -2.68, -2.79, -2.96, -2.97, -2.98, -2.92, -3.15, -2.78, -2.75, -2.2, -2.16, -2.41, -2.4, -2.4, -2.41, -2.41, -2.7, -2.7, -2.71, -2.73, -2.79, -2.94, -3.18, -3.0, -2.95, -2.91, -3.16, -2.56, -2.47, -2.39, -2.03, -2.26, -2.28, -2.3, -2.32, -2.34, -2.72, -2.73, -2.74, -2.77, -2.83, -2.92, -2.99, -2.64, -2.5, -2.39, -2.31, -1.6, -2.32, -2.22, -2.15, -2.1, -2.14, -2.19, -2.23, -2.27, -2.73, -2.74, -1.95, -1.99, -2.04, -2.41, -2.38, -2.28, -2.18, -2.11, -1.47, -1.45, -1.43, -1.4, -1.41, -1.71, -1.76, -1.8, -1.8, -1.84, -1.85, -1.86, -1.86, -1.86, -2.19, -2.12, -2.0, -1.84, -1.74, -1.75, -1.28, -1.33, -1.34, -1.33, -1.18, -1.32, -1.33, -1.35, -1.35, -1.36, -1.8, -1.79, -1.78, -1.74, -2.0, -1.86, -1.63, -1.32, -1.16, -1.01, -1.16, -1.23, -1.28, -1.17, -1.26, -1.31, -1.33, -1.35, -1.36, -1.36, -1.75, -1.73, -1.7, -1.97, -1.85, -1.67, -1.37, -0.87, -0.37, -0.79, -0.58, -0.73, -1.04, -1.15, -1.31, -1.33, -1.35, -1.36, -1.37, -1.37, -1.71, -1.68, -1.34, -1.29, -1.2, -1.08, -0.9, -0.65, -0.33, -0.45, -0.59, -0.71, -1.03, -1.12, -1.34, -1.35, -1.37, -1.37, -1.38, -1.38, -1.35, -1.32, -1.28, -1.22, -1.15, -1.04, -0.92, -0.8, -0.47, -0.53, -0.61, -0.7, -1.04, -1.36, -1.37, -1.38, -1.39, -1.39, -1.39, -1.38, -1.31, -1.28, -1.24, -1.18, -1.11, -1.03, -0.95, -0.4, -0.56, -0.6, -0.64, -0.7, -1.23, -1.38, -1.39, -1.41, -1.42, -1.41, -1.4, -1.39, -1.28, -1.24, -1.2, -0.43, -0.43, -0.44, -0.45, -0.46, -0.48, -0.49, -0.49, -0.82, -1.18, -1.39, -1.41, -1.44, -1.47, -1.44, -1.4, -1.39, -0.44, -0.44, -0.44, -0.45, -0.45, -0.46, -0.48, -0.51, -0.55, -0.57, -0.55, -0.89, -1.16, -1.24, -1.31, -1.44, -1.57, -1.4, -1.38, -1.38, -0.44, -0.44, -0.45, -0.46, -0.47, -0.48, -0.51, -0.55, -0.61, -0.67, -0.59, -0.85, -0.93, -1.22, -1.29, -1.35, -1.37, -1.3, -1.36, -1.37, -0.45, -0.45, -0.46, -0.46, -0.48, -0.49, -0.52, -0.55, -0.61, -0.66, -0.77, -0.82, -0.89, -1.21, -1.27, -1.25, -1.27, -1.27, -1.36, -1.37, -0.45, -0.45, -0.46, -0.47, -0.48, -0.49, -0.51, -0.53, -0.56, -0.56, -0.73, -0.77, -0.84, -1.05, -1.13, -1.19, -1.23, -1.24, -1.24, -1.23, -0.45, -0.46, -0.46, -0.47, -0.48, -0.49, -0.5, -0.51, -0.51, -0.65, -0.63, -0.61, -0.66, -0.72, -1.08, -1.14, -1.18, -1.2, -1.21, -1.21, -0.45, -0.46, -0.46, -0.47, -0.48, -0.48, -0.49, -0.49, -0.48, -0.56, -0.46, -0.56, -0.63, -0.69, -1.03, -1.09, -1.13, -1.16, -1.17, -1.18, -0.46, -0.46, -0.46, -0.47, -0.47, -0.48, -0.48, -0.47, -0.58, -0.52, -0.49, -0.55, -0.62, -0.68, -0.99, -1.05, -1.1, -1.13, -1.15, -1.16, -0.46, -0.46, -0.46, -0.47, -0.47, -0.47, -0.47, -0.47, -0.59, -0.57, -0.56, -0.59, -0.63, -0.67, -0.97, -1.03, -1.07, -1.1, -1.12, -1.13, -0.46, -0.46, -0.46, -0.46, -0.47, -0.47, -0.47, -0.63, -0.61, -0.6, -0.6, -0.62, -0.64, -0.67, -0.96, -1.01, -1.05, -1.08, -1.1, -1.11]}, {"header": {"refTime": "2023-09-07T12:00:00.000Z", "nx": 21, "ny": 33, "lo1": 113.509, "la1": 22.2235, "lo2": 113.5947, "la2": 22.1034, "dx": 0.0042850000000001385, "dy": 0.003753125000000024, "parameterCategory": 2, "parameterCategoryName": "Temperature", "parameterNumber": 3}, "data": [0.18, 0.15, 0.12, -0.15, -0.17, 0.11, 0.06, 0.02, 0.01, 0.05, 0.18, 0.29, 0.5, 0.56, 0.99, 1.05, 1.42, 1.44, 1.45, 1.46, 0.19, 0.17, 0.14, 0.1, -0.17, -0.2, 0.01, -0.09, -0.15, -0.04, 0.17, 0.34, 0.57, 0.63, 1.05, 1.41, 1.44, 1.46, 1.47, 1.47, 0.22, 0.19, 0.17, 0.13, -0.15, -0.19, -0.25, -0.18, -0.49, -0.12, 0.21, 0.44, 0.69, 0.73, 1.39, 1.42, 1.46, 1.48, 1.49, 1.5, 0.24, 0.22, 0.2, 0.16, 0.11, -0.16, -0.21, -0.29, -0.37, 0.0, 0.32, 0.62, 0.89, 0.99, 1.39, 1.44, 1.49, 1.52, 1.53, 1.53, 0.27, 0.26, 0.24, 0.22, 0.18, -0.1, -0.13, -0.15, -0.17, 0.19, 0.44, 1.02, 1.26, 1.04, 1.39, 1.46, 1.54, 1.58, 1.58, 1.56, 0.31, 0.3, 0.29, 0.28, 0.25, 0.21, -0.04, -0.02, -0.02, -0.02, 0.71, 0.9, 1.08, 1.22, 1.38, 1.5, 1.63, 1.68, 1.65, 1.6, 0.76, 0.35, 0.35, 0.35, 0.34, 0.31, 0.44, 0.09, 0.11, 0.28, 0.28, 0.67, 1.08, 1.13, 1.36, 1.54, 1.76, 1.84, 1.83, 1.78, 0.77, 0.78, 0.77, 0.82, 0.8, 0.54, 0.47, 0.38, 0.3, 0.26, 0.18, 0.64, 0.73, 1.09, 1.34, 1.52, 1.74, 1.82, 1.7, 1.62, 0.79, 0.79, 0.8, 0.8, 0.85, 0.82, 0.76, 0.44, 0.39, 0.29, 0.59, 0.8, 1.05, 0.93, 1.33, 1.47, 1.6, 1.66, 1.63, 1.59, 1.0, 1.01, 1.01, 0.84, 0.87, 0.92, 0.86, 0.79, 0.5, 0.46, 0.73, 0.91, 1.13, 0.97, 1.33, 1.42, 1.51, 1.56, 1.56, 1.55, 1.0, 1.0, 1.01, 1.01, 1.02, 1.05, 1.02, 1.02, 0.88, 0.6, 0.92, 0.87, 0.94, 0.92, 1.34, 1.39, 1.45, 1.49, 1.51, 1.51, 1.0, 1.0, 1.0, 1.0, 1.01, 1.01, 1.01, 1.03, 1.04, 1.11, 0.95, 1.09, 1.1, 0.87, 1.34, 1.38, 1.42, 1.36, 1.37, 1.37, 1.0, 1.0, 1.0, 0.99, 0.99, 0.98, 0.96, 1.0, 1.03, 1.02, 1.13, 1.08, 1.09, 0.86, 0.83, 1.22, 1.24, 1.26, 1.28, 1.29, 1.0, 0.99, 0.99, 0.99, 0.98, 0.95, 0.91, 0.97, 1.0, 1.01, 1.11, 0.96, 0.93, 0.9, 0.76, 1.11, 1.13, 1.16, 1.19, 1.22, 0.99, 0.99, 0.99, 0.98, 0.98, 0.96, 0.95, 0.94, 0.95, 0.96, 0.96, 0.74, 0.84, 0.8, 0.77, 0.97, 1.01, 1.07, 1.11, 1.15, 0.99, 0.99, 0.94, 0.93, 0.93, 0.93, 0.93, 0.94, 0.94, 0.94, 0.76, 0.71, 0.64, 0.65, 0.62, 0.69, 0.75, 0.8, 0.99, 1.04, 0.94, 0.94, 0.93, 0.93, 0.93, 0.93, 0.93, 0.93, 0.93, 0.93, 0.75, 0.68, 0.59, 0.5, 0.47, 0.34, 0.36, 0.37, 0.38, 0.38, 0.94, 0.93, 0.93, 0.93, 0.93, 0.93, 0.92, 0.92, 0.91, 0.76, 0.7, 0.67, 0.57, 0.47, 0.32, 0.34, 0.36, 0.38, 0.39, 0.39, 0.93, 0.93, 0.93, 0.93, 0.93, 0.92, 0.92, 0.9, 0.86, 0.79, 0.5, 0.41, 0.63, 0.53, 0.34, 0.36, 0.38, 0.39, 0.39, 0.39, 0.93, 0.93, 0.56, 0.57, 0.59, 0.61, 0.65, 0.72, 0.7, 0.58, 0.46, 0.39, 0.68, 0.64, 0.38, 0.39, 0.4, 0.41, 0.41, 0.4, 0.53, 0.53, 0.53, 0.53, 0.54, 0.55, 0.57, 0.6, 0.52, 0.46, 0.39, 0.35, 0.74, 0.4, 0.41, 0.43, 0.44, 0.44, 0.42, 0.41, 0.5, 0.5, 0.5, 0.49, 0.49, 0.49, 0.48, 0.32, 0.36, 0.33, 0.3, 0.28, 0.4, 0.42, 0.44, 0.48, 0.5, 0.47, 0.43, 0.41, 0.48, 0.47, 0.46, 0.23, 0.23, 0.22, 0.21, 0.19, 0.15, 0.12, 0.12, 0.45, 0.18, 0.43, 0.47, 0.53, 0.61, 0.51, 0.42, 0.39, 0.2, 0.2, 0.2, 0.19, 0.18, 0.16, 0.13, 0.08, 0.01, -0.02, 0.01, 0.15, 0.16, 0.25, 0.35, 0.53, 0.86, 0.4, 0.35, 0.36, 0.19, 0.18, 0.17, 0.16, 0.14, 0.11, 0.07, 0.0, -0.1, -0.19, -0.08, 0.1, 0.24, 0.23, 0.31, 0.36, 0.29, 0.09, 0.28, 0.33, 0.17, 0.16, 0.15, 0.14, 0.11, 0.08, 0.04, -0.02, -0.12, -0.19, -0.04, 0.09, 0.21, 0.2, 0.26, 0.32, 0.27, 0.22, 0.29, 0.33, 0.16, 0.15, 0.13, 0.12, 0.1, 0.07, 0.03, -0.01, -0.06, -0.07, 0.01, 0.09, 0.19, 0.26, 0.29, 0.29, 0.28, 0.27, 0.27, 0.28, 0.15, 0.14, 0.12, 0.11, 0.09, 0.06, 0.03, 0.0, -0.02, 0.01, 0.03, -0.15, -0.18, -0.21, 0.26, 0.27, 0.28, 0.27, 0.28, 0.28, 0.14, 0.13, 0.11, 0.1, 0.08, 0.06, 0.04, 0.02, 0.0, 0.02, -0.05, -0.12, -0.16, -0.19, 0.24, 0.26, 0.27, 0.27, 0.28, 0.28, 0.13, 0.12, 0.11, 0.1, 0.08, 0.06, 0.04, 0.03, -0.14, -0.1, -0.07, -0.11, -0.15, -0.18, 0.23, 0.25, 0.26, 0.27, 0.27, 0.28, 0.13, 0.12, 0.11, 0.09, 0.08, 0.07, 0.05, 0.04, -0.14, -0.12, -0.12, -0.13, -0.16, -0.18, 0.22, 0.24, 0.25, 0.26, 0.27, 0.27, 0.12, 0.12, 0.11, 0.09, 0.08, 0.07, 0.06, -0.17, -0.15, -0.14, -0.14, -0.15, -0.17, -0.18, 0.22, 0.23, 0.25, 0.26, 0.26, 0.27]}, {"header": {"refTime": "2023-09-07T12:00:00.000Z", "nx": 21, "ny": 33, "lo1": 113.509, "la1": 22.2235, "lo2": 113.5947, "la2": 22.1034, "dx": 0.0042850000000001385, "dy": 0.003753125000000024, "parameterCategory": 0, "parameterCategoryName": "Temperature", "parameterNumber": 0}, "data": [[28.23, 28.22, 28.22, 28.12, 28.13, 28.19, 28.2, 28.2, 28.21, 28.26, 28.28, 28.29, 28.28, 28.28, 28.14, 28.12, 28.1, 28.08, 28.07, 28.06], [28.23, 28.23, 28.22, 28.22, 28.12, 28.13, 28.19, 28.2, 28.2, 28.25, 28.28, 28.3, 28.29, 28.29, 28.14, 28.12, 28.09, 28.07, 28.06, 28.05], [28.23, 28.23, 28.22, 28.22, 28.12, 28.13, 28.14, 28.2, 28.2, 28.24, 28.28, 28.31, 28.3, 28.3, 28.15, 28.11, 28.08, 28.05, 28.04, 28.03], [28.24, 28.23, 28.23, 28.22, 28.21, 28.12, 28.13, 28.15, 28.17, 28.26, 28.3, 28.33, 28.32, 28.34, 28.16, 28.1, 28.05, 28.02, 28.01, 28.01], [28.24, 28.24, 28.23, 28.23, 28.21, 28.11, 28.11, 28.12, 28.12, 28.31, 28.32, 28.33, 28.38, 28.35, 28.15, 28.07, 28.01, 27.98, 27.97, 27.98], [28.25, 28.24, 28.24, 28.23, 28.22, 28.2, 28.09, 28.08, 28.11, 28.12, 28.28, 28.33, 28.35, 28.33, 28.13, 28.04, 27.95, 27.91, 27.93, 27.96], [28.28, 28.25, 28.25, 28.25, 28.23, 28.21, 28.25, 28.08, 28.07, 28.1, 28.08, 28.31, 28.29, 28.3, 28.1, 27.99, 27.85, 27.8, 27.83, 27.87], [28.29, 28.29, 28.29, 28.29, 28.28, 28.24, 28.18, 28.14, 28.02, 28.09, 28.09, 28.2, 28.2, 28.3, 27.89, 27.94, 27.83, 27.79, 27.85, 27.9], [28.21, 28.22, 28.31, 28.32, 28.32, 28.3, 28.24, 28.15, 28.0, 28.11, 28.2, 28.2, 28.2, 28.2, 27.9, 27.96, 27.9, 27.87, 27.89, 27.91], [28.5, 28.5, 28.5, 28.27, 28.3, 28.39, 28.33, 28.24, 28.0, 28.0, 28.2, 28.2, 28.2, 28.2, 27.9, 27.98, 27.94, 27.92, 27.92, 27.93], [28.5, 28.5, 28.5, 28.5, 28.5, 28.5, 28.5, 28.5, 28.32, 28.0, -999.0, 28.2, 28.2, 28.2, 27.89, 28.0, 27.97, 27.95, 27.95, 27.95], [28.5, 28.5, 28.5, 28.5, 28.5, 28.5, 28.5, 28.5, 28.5, -999.0, -999.0, 28.2, 28.2, 28.2, 27.89, 28.01, 28.0, 27.3, 27.31, 27.31], [28.5, 28.5, 28.5, 28.5, 28.5, 28.5, 28.5, 28.5, 28.5, 28.5, -999.0, 28.2, 28.2, 27.42, 27.76, 27.45, 27.45, 27.36, 27.38, 27.38], [28.5, 28.5, 28.5, 28.5, 28.5, 28.5, 28.5, 28.5, 28.5, 28.5, -999.0, 27.0, 27.0, 27.0, 27.66, 27.39, 27.4, 27.31, 27.33, 27.34], [28.5, 28.5, 28.5, 28.5, 28.5, 28.5, 28.5, 28.6, 28.6, 28.6, 28.6, 27.99, 27.0, 27.0, 27.0, 27.32, 27.34, 27.26, 27.29, 27.31], [28.5, 28.5, 28.56, 28.56, 28.57, 28.6, 28.6, 28.6, 28.6, 28.6, 27.59, 27.71, 27.55, 27.42, 27.57, 27.22, 27.25, 27.19, 27.35, 27.37], [28.56, 28.56, 28.54, 28.54, 28.6, 28.6, 28.6, 28.6, 28.6, 28.6, 27.91, 27.71, 27.5, 27.31, 27.26, 27.18, 27.24, 27.29, 27.33, 27.35], [28.54, 28.54, 28.54, 28.54, 28.6, 28.6, 28.6, 28.6, 28.6, 28.19, 27.98, 27.74, 27.49, 27.27, 27.04, 27.16, 27.25, 27.3, 27.34, 27.37], [28.54, 28.54, 28.54, 28.6, 28.6, 28.6, 28.6, 28.6, 28.46, 28.29, 28.12, 27.92, 27.55, 27.36, 27.14, 27.21, 27.28, 27.34, 27.37, 27.39], [28.54, 28.54, 28.54, 28.55, 28.55, 28.55, 28.56, 28.58, 28.44, 28.31, 28.15, 27.98, 27.61, 27.48, 27.26, 27.3, 27.35, 27.38, 27.4, 27.41], [28.54, 28.54, 28.54, 28.56, 28.56, 28.56, 28.57, 28.57, 28.33, 28.26, 28.16, 28.03, 27.66, 27.33, 27.35, 27.38, 27.41, 27.43, 27.44, 27.44], [28.55, 28.55, 28.55, 28.56, 28.56, 28.56, 28.56, 28.62, 28.29, 28.24, 28.18, 28.09, 27.68, 27.39, 27.42, 27.45, 27.48, 27.49, 27.48, 27.47], [28.55, 28.55, 28.55, 28.64, 28.63, 28.63, 28.62, 28.62, 28.61, 28.61, 28.61, 28.29, 27.93, 27.43, 27.46, 27.5, 27.54, 27.53, 27.52, 27.5], [28.65, 28.65, 28.65, 28.64, 28.64, 28.63, 28.62, 28.61, 28.59, 28.59, 28.6, 28.38, 27.95, 27.85, 27.77, 27.53, 27.58, 27.57, 27.54, 27.51], [28.65, 28.65, 28.65, 28.65, 28.64, 28.64, 28.63, 28.61, 28.57, 28.54, 28.59, 28.42, 28.34, 27.87, 27.78, 27.7, 27.57, 27.57, 27.54, 27.52], [28.66, 28.66, 28.66, 28.65, 28.65, 28.65, 28.64, 28.62, 28.59, 28.56, 28.49, 28.46, 28.39, 27.88, 27.8, 27.8, 27.74, 27.72, 27.53, 27.52], [28.66, 28.66, 28.66, 28.66, 28.66, 28.66, 28.65, 28.65, 28.64, 28.65, 28.54, 28.51, 28.44, 28.06, 27.95, 27.87, 27.81, 27.79, 27.79, 27.81], [28.67, 28.67, 28.67, 28.67, 28.67, 28.67, 28.68, 28.68, 28.7, 28.63, 28.65, 28.59, 28.5, 28.4, 28.03, 27.94, 27.88, 27.85, 27.84, 27.84], [28.67, 28.67, 28.67, 28.67, 28.68, 28.68, 28.69, 28.71, 28.74, 28.73, 28.82, 28.66, 28.54, 28.44, 28.09, 28.0, 27.94, 27.91, 27.89, 27.88], [28.67, 28.67, 28.68, 28.68, 28.69, 28.69, 28.71, 28.72, 28.64, 28.72, 28.77, 28.67, 28.56, 28.47, 28.13, 28.05, 27.99, 27.95, 27.93, 27.92], [28.68, 28.68, 28.68, 28.69, 28.69, 28.7, 28.71, 28.73, 28.61, 28.65, 28.66, 28.62, 28.54, 28.47, 28.16, 28.09, 28.03, 27.99, 27.96, 27.95], [28.68, 28.68, 28.68, 28.69, 28.69, 28.7, 28.71, 28.56, 28.58, 28.6, 28.6, 28.57, 28.52, 28.47, 28.17, 28.11, 28.06, 28.02, 27.99, 27.97]]}]