gis_exercise/awsData/contour/wdir_2023090121.json
[{"header": {"refTime": "2023-09-01T21:00:00.000Z", "nx": 21, "ny": 33, "lo1": 113.509, "la1": 22.2235, "lo2": 113.5947, "la2": 22.1034, "dx": 0.0042850000000001385, "dy": 0.003753125000000024, "parameterCategory": 2, "parameterCategoryName": "Temperature", "parameterNumber": 2}, "data": [2.76, 2.7, 2.61, 2.98, 2.84, 2.44, 2.25, 2.07, 2.02, 2.42, 2.79, 3.13, 3.02, 3.18, 3.68, 3.8, 5.02, 5.04, 5.05, 5.06, 2.81, 2.75, 2.66, 2.55, 2.86, 2.63, 2.11, 1.73, 1.51, 2.08, 2.72, 3.22, 3.17, 3.33, 3.81, 5.0, 5.03, 5.06, 5.07, 5.08, 2.87, 2.81, 2.74, 2.63, 2.93, 2.7, 2.3, 1.47, 0.43, 1.81, 2.82, 3.44, 3.44, 3.56, 4.97, 5.01, 5.06, 5.09, 5.1, 5.11, 2.93, 2.9, 2.84, 2.76, 2.63, 2.9, 2.58, 2.05, 1.55, 2.3, 3.21, 3.84, 3.87, 4.96, 4.97, 5.03, 5.09, 5.13, 5.14, 5.14, 3.01, 2.99, 2.96, 2.92, 2.84, 3.2, 3.07, 2.9, 2.85, 3.15, 3.73, 4.98, 4.93, 4.95, 4.97, 5.06, 5.15, 5.2, 5.2, 5.18, 3.09, 3.09, 3.09, 3.08, 3.07, 3.06, 3.56, 3.65, 3.77, 3.95, 5.11, 5.0, 4.93, 5.16, 4.97, 5.11, 5.25, 5.31, 5.28, 5.22, 4.4, 3.19, 3.22, 3.25, 3.29, 3.35, 4.9, 4.2, 4.39, 5.2, 5.26, 4.98, 5.11, 5.24, 4.97, 5.15, 5.4, 5.49, 5.74, 5.77, 4.39, 4.38, 4.38, 5.22, 5.2, 4.77, 4.85, 4.91, 4.93, 5.27, 5.59, 5.18, 5.14, 5.39, 5.65, 5.66, 5.66, 5.66, 5.66, 5.66, 4.38, 4.37, 4.36, 4.35, 5.11, 5.11, 5.21, 4.87, 5.62, 5.16, 5.69, 5.66, 6.07, 5.87, 5.74, 5.7, 5.68, 5.68, 5.67, 5.67, 5.17, 5.13, 5.07, 4.31, 4.28, 4.87, 5.17, 5.5, 6.1, 6.08, 5.79, 5.98, 6.34, 6.03, 5.82, 5.74, 5.71, 5.69, 5.68, 5.68, 5.16, 5.12, 5.06, 4.95, 4.75, 4.1, 5.06, 5.79, 6.18, 6.45, 6.91, 5.93, 6.02, 5.96, 5.83, 5.76, 5.73, 5.71, 5.69, 5.69, 5.16, 5.13, 5.07, 4.99, 4.88, 4.84, 5.31, 6.33, 6.84, 6.83, 7.03, 6.47, 6.39, 5.9, 5.81, 5.77, 5.73, 6.26, 6.23, 6.22, 5.18, 5.14, 5.1, 5.06, 5.02, 5.02, 5.13, 6.02, 6.56, 6.18, 6.65, 6.55, 6.45, 5.99, 5.99, 6.36, 6.32, 6.29, 6.27, 6.25, 5.19, 5.17, 5.14, 5.11, 5.08, 4.99, 4.65, 5.43, 5.89, 5.93, 6.54, 7.09, 7.01, 6.95, 6.02, 6.36, 6.33, 6.31, 6.29, 6.27, 5.21, 5.2, 5.18, 5.16, 5.14, 5.1, 5.11, 5.64, 5.91, 6.03, 6.05, 6.62, 6.94, 6.86, 6.82, 6.35, 6.33, 6.32, 6.3, 6.29, 5.23, 5.22, 4.6, 4.61, 4.61, 5.58, 5.59, 5.7, 5.82, 5.9, 6.53, 6.51, 6.48, 6.29, 6.31, 7.26, 7.43, 7.59, 7.38, 7.45, 4.64, 4.64, 4.65, 4.67, 5.67, 5.65, 5.67, 5.71, 5.76, 5.81, 6.38, 6.41, 6.41, 6.39, 6.73, 6.4, 6.43, 6.45, 6.45, 6.44, 4.67, 4.68, 4.7, 4.73, 5.7, 5.69, 5.69, 5.68, 5.69, 5.49, 5.55, 6.33, 6.36, 6.7, 6.38, 6.4, 6.45, 6.47, 6.46, 6.45, 4.7, 4.72, 4.74, 5.73, 5.71, 5.7, 5.68, 5.65, 5.54, 5.52, 5.75, 5.84, 6.93, 6.87, 6.41, 6.45, 6.49, 6.5, 6.49, 6.46, 4.72, 4.74, 5.13, 5.15, 5.18, 5.23, 5.29, 5.38, 5.62, 5.66, 5.73, 5.8, 7.1, 7.18, 6.5, 6.54, 6.57, 6.56, 6.52, 6.47, 5.12, 5.14, 5.15, 5.17, 5.2, 5.24, 5.29, 5.33, 5.64, 5.66, 5.71, 5.76, 7.32, 6.55, 6.6, 6.66, 6.69, 6.65, 6.55, 6.47, 5.14, 5.15, 5.17, 5.19, 5.21, 5.24, 5.28, 5.56, 5.63, 5.64, 5.67, 5.72, 7.44, 6.6, 6.7, 6.84, 6.92, 6.78, 6.56, 6.43, 5.15, 5.17, 5.18, 5.58, 5.57, 5.57, 5.56, 5.55, 5.54, 5.53, 5.54, 6.86, 6.18, 6.62, 6.77, 7.07, 7.46, 6.95, 6.46, 6.33, 5.59, 5.59, 5.59, 5.58, 5.58, 5.57, 5.55, 5.53, 5.51, 5.5, 5.52, 6.84, 6.12, 6.3, 6.54, 7.04, 8.82, 6.29, 6.07, 6.16, 5.6, 5.59, 5.59, 5.59, 5.58, 5.57, 5.55, 5.53, 5.48, 5.43, 5.5, 6.67, 7.17, 6.21, 6.34, 6.39, 5.72, 4.59, 5.69, 6.0, 5.6, 5.6, 5.6, 5.59, 5.59, 5.58, 5.57, 5.54, 5.49, 5.45, 6.16, 6.59, 7.03, 6.11, 6.16, 6.14, 5.75, 5.49, 5.75, 5.96, 5.6, 5.6, 5.6, 5.6, 5.6, 5.59, 5.59, 5.58, 5.57, 5.57, 6.28, 6.55, 6.9, 6.2, 6.18, 6.08, 5.92, 5.81, 5.85, 5.94, 5.61, 5.61, 5.61, 5.61, 5.61, 5.61, 5.61, 5.62, 5.64, 6.22, 6.26, 5.17, 4.9, 4.59, 6.13, 6.08, 6.0, 5.95, 5.95, 5.99, 5.61, 5.61, 5.62, 5.62, 5.62, 5.63, 5.64, 5.66, 5.7, 6.17, 5.71, 5.33, 5.0, 4.71, 6.11, 6.08, 6.05, 6.02, 6.02, 6.04, 5.62, 5.62, 5.62, 5.63, 5.63, 5.64, 5.65, 5.68, 5.29, 5.48, 5.58, 5.32, 5.03, 4.77, 6.1, 6.09, 6.07, 6.06, 6.06, 6.07, 5.62, 5.62, 5.63, 5.63, 5.64, 5.65, 5.66, 5.68, 5.22, 5.31, 5.32, 5.19, 4.99, 4.79, 6.1, 6.1, 6.09, 6.08, 6.08, 6.09, 5.62, 5.63, 5.63, 5.64, 5.64, 5.65, 5.67, 5.08, 5.13, 5.16, 5.15, 5.07, 4.93, 4.77, 6.1, 6.1, 6.1, 6.1, 6.1, 6.1]}, {"header": {"refTime": "2023-09-01T21:00:00.000Z", "nx": 21, "ny": 33, "lo1": 113.509, "la1": 22.2235, "lo2": 113.5947, "la2": 22.1034, "dx": 0.0042850000000001385, "dy": 0.003753125000000024, "parameterCategory": 2, "parameterCategoryName": "Temperature", "parameterNumber": 3}, "data": [-6.57, -6.52, -6.46, -5.76, -5.71, -4.77, -4.73, -4.68, -4.62, -4.14, -3.99, -3.83, -4.63, -4.64, -6.36, -6.78, -8.36, -8.66, -8.88, -9.03, -6.6, -6.56, -6.5, -6.41, -5.72, -5.64, -4.78, -4.73, -4.68, -4.24, -3.98, -3.75, -4.49, -4.51, -6.29, -8.01, -8.48, -8.84, -9.09, -9.24, -6.65, -6.61, -6.55, -6.47, -5.76, -5.68, -5.54, -4.78, -4.78, -4.32, -3.93, -3.59, -4.25, -4.32, -7.32, -8.07, -8.69, -9.14, -9.4, -9.52, -6.7, -6.67, -6.62, -6.56, -6.46, -5.77, -5.65, -5.46, -5.27, -4.22, -3.8, -3.31, -3.77, -4.16, -7.19, -8.26, -9.09, -9.61, -9.84, -9.88, -6.76, -6.74, -6.71, -6.67, -6.6, -5.9, -5.85, -5.78, -5.71, -4.1, -3.72, -3.89, -2.68, -3.93, -7.28, -8.69, -9.77, -10.35, -10.44, -10.31, -6.82, -6.82, -6.81, -6.79, -6.76, -6.72, -6.08, -6.12, -6.08, -5.96, -5.19, -4.58, -3.75, -5.85, -7.79, -9.42, -10.88, -11.49, -11.2, -10.75, -8.33, -6.9, -6.92, -6.92, -6.92, -6.92, -7.07, -6.49, -6.49, -6.89, -6.81, -5.98, -7.47, -7.42, -8.51, -10.17, -12.35, -13.16, -12.38, -11.72, -8.35, -8.33, -8.3, -8.78, -8.72, -7.19, -7.14, -7.17, -7.34, -6.74, -6.06, -8.9, -9.45, -8.7, -12.13, -12.85, -13.72, -14.03, -13.56, -13.25, -8.37, -8.35, -8.32, -8.28, -8.71, -8.68, -8.65, -7.14, -7.71, -6.99, -8.34, -9.6, -10.8, -10.22, -12.11, -12.64, -13.16, -13.39, -13.29, -13.12, -9.63, -9.57, -9.48, -8.31, -8.24, -8.58, -8.8, -9.03, -8.4, -8.08, -9.12, -10.08, -11.12, -10.41, -12.13, -12.46, -12.79, -12.98, -13.01, -12.95, -9.64, -9.58, -9.49, -9.33, -9.0, -8.02, -9.35, -10.19, -9.92, -8.94, -10.25, -9.86, -10.22, -10.13, -12.14, -12.36, -12.58, -12.74, -12.8, -12.8, -9.66, -9.61, -9.54, -9.44, -9.27, -9.2, -9.78, -10.75, -11.19, -11.63, -10.51, -11.46, -11.45, -9.87, -12.15, -12.3, -12.46, -12.7, -12.73, -12.74, -9.69, -9.66, -9.63, -9.59, -9.59, -9.72, -9.99, -10.61, -11.0, -10.67, -11.59, -11.47, -11.43, -10.76, -10.7, -12.28, -12.35, -12.42, -12.48, -12.52, -9.73, -9.72, -9.71, -9.72, -9.77, -9.87, -9.92, -10.25, -10.5, -10.48, -11.5, -11.52, -11.43, -11.33, -10.55, -11.96, -12.04, -12.14, -12.23, -12.31, -9.77, -9.77, -9.77, -9.8, -9.85, -9.93, -10.01, -10.8, -11.01, -11.11, -11.14, -11.01, -11.2, -11.07, -10.99, -11.58, -11.72, -11.86, -12.0, -12.11, -9.8, -9.81, -9.66, -9.7, -9.75, -10.83, -10.84, -10.93, -11.03, -11.1, -11.08, -10.91, -10.72, -10.66, -10.57, -10.5, -10.59, -10.67, -11.33, -11.44, -9.71, -9.73, -9.76, -9.82, -10.94, -10.95, -10.99, -11.05, -11.11, -11.14, -11.03, -10.84, -10.59, -10.32, -10.05, -9.95, -10.03, -10.09, -10.14, -10.17, -9.77, -9.8, -9.85, -9.92, -11.01, -11.04, -11.1, -11.18, -11.22, -10.76, -10.57, -10.8, -10.53, -10.07, -9.78, -9.93, -10.04, -10.11, -10.16, -10.18, -9.82, -9.87, -9.93, -11.03, -11.06, -11.1, -11.17, -11.27, -11.26, -10.91, -9.46, -9.18, -10.39, -10.17, -9.91, -9.99, -10.09, -10.15, -10.19, -10.21, -9.87, -9.92, -8.75, -8.84, -8.97, -9.18, -9.53, -10.08, -10.38, -9.74, -9.21, -8.96, -10.47, -10.34, -10.06, -10.11, -10.17, -10.21, -10.24, -10.25, -8.51, -8.54, -8.58, -8.63, -8.71, -8.84, -9.04, -9.27, -9.29, -9.01, -8.72, -8.58, -10.55, -10.15, -10.18, -10.22, -10.26, -10.28, -10.29, -10.28, -8.38, -8.38, -8.39, -8.39, -8.39, -8.4, -8.41, -7.86, -8.28, -8.12, -8.04, -8.06, -8.04, -10.23, -10.27, -10.32, -10.36, -10.36, -10.33, -10.31, -8.25, -8.22, -8.19, -7.36, -7.34, -7.29, -7.19, -7.0, -6.76, -6.59, -6.59, -7.75, -7.89, -10.28, -10.33, -10.4, -10.47, -10.43, -10.37, -10.33, -7.25, -7.23, -7.2, -7.14, -7.05, -6.91, -6.66, -6.29, -5.82, -5.58, -5.84, -6.11, -7.73, -8.51, -9.19, -10.43, -10.64, -10.42, -10.36, -10.34, -7.15, -7.11, -7.05, -6.96, -6.83, -6.62, -6.31, -5.81, -5.01, -4.35, -5.24, -5.93, -6.64, -8.41, -9.1, -9.66, -10.37, -10.29, -10.34, -10.33, -7.07, -7.01, -6.94, -6.83, -6.68, -6.47, -6.16, -5.69, -4.98, -4.43, -5.2, -5.96, -6.57, -8.28, -8.92, -9.89, -10.03, -10.05, -10.33, -10.33, -7.0, -6.94, -6.85, -6.74, -6.6, -6.41, -6.17, -5.87, -5.56, -5.47, -5.74, -6.16, -6.59, -9.15, -9.46, -9.69, -9.83, -9.89, -9.89, -9.85, -6.95, -6.88, -6.8, -6.69, -6.57, -6.42, -6.25, -6.1, -6.02, -6.06, -6.26, -6.3, -6.5, -6.79, -9.25, -9.49, -9.65, -9.73, -9.75, -9.75, -6.91, -6.84, -6.77, -6.67, -6.57, -6.46, -6.35, -6.28, -6.3, -6.45, -6.64, -6.5, -6.57, -6.77, -9.07, -9.32, -9.48, -9.58, -9.63, -9.65, -6.88, -6.82, -6.75, -6.67, -6.59, -6.51, -6.44, -6.4, -6.29, -6.48, -6.6, -6.56, -6.61, -6.76, -8.95, -9.18, -9.34, -9.45, -9.52, -9.55, -6.86, -6.81, -6.75, -6.68, -6.61, -6.55, -6.5, -6.48, -6.35, -6.45, -6.53, -6.57, -6.64, -6.75, -8.87, -9.08, -9.24, -9.35, -9.42, -9.47, -6.85, -6.8, -6.75, -6.69, -6.64, -6.59, -6.55, -6.33, -6.39, -6.45, -6.52, -6.58, -6.65, -6.75, -8.84, -9.02, -9.16, -9.27, -9.34, -9.4]}, {"header": {"refTime": "2023-09-01T21:00:00.000Z", "nx": 21, "ny": 33, "lo1": 113.509, "la1": 22.2235, "lo2": 113.5947, "la2": 22.1034, "dx": 0.0042850000000001385, "dy": 0.003753125000000024, "parameterCategory": 0, "parameterCategoryName": "Temperature", "parameterNumber": 0}, "data": [[25.93, 25.92, 25.9, 25.53, 25.53, 25.84, 25.82, 25.81, 25.81, 25.71, 25.74, 25.77, 25.94, 25.96, 26.07, 26.08, 26.11, 26.1, 26.1, 26.09], [25.94, 25.93, 25.91, 25.89, 25.54, 25.54, 25.8, 25.77, 25.75, 25.69, 25.74, 25.8, 25.97, 25.99, 26.1, 26.12, 26.11, 26.1, 26.1, 26.09], [25.95, 25.94, 25.92, 25.9, 25.54, 25.54, 25.55, 25.74, 25.64, 25.68, 25.76, 25.84, 26.02, 26.03, 26.14, 26.12, 26.11, 26.1, 26.09, 26.09], [25.96, 25.95, 25.94, 25.92, 25.89, 25.54, 25.55, 25.56, 25.56, 25.69, 25.78, 25.91, 26.11, 25.98, 26.14, 26.12, 26.1, 26.1, 26.09, 26.09], [25.98, 25.97, 25.96, 25.95, 25.92, 25.54, 25.55, 25.55, 25.53, 25.68, 25.78, 26.01, 26.23, 26.03, 26.14, 26.11, 26.1, 26.09, 26.09, 26.09], [26.0, 26.0, 25.99, 25.98, 25.96, 25.93, 25.56, 25.55, 25.53, 25.47, 25.71, 25.89, 26.07, 26.17, 26.11, 26.1, 26.09, 26.09, 26.09, 26.09], [26.19, 26.02, 26.02, 26.02, 26.0, 25.97, 25.8, 25.6, 25.57, 25.46, 25.39, 25.69, 26.0, 26.04, 26.07, 26.08, 26.09, 26.09, 26.16, 26.17], [26.2, 26.2, 26.21, 26.2, 26.19, 25.91, 25.84, 25.78, 25.71, 25.43, 25.23, 25.52, 25.52, 26.05, 25.95, 25.91, 26.0, 26.03, 25.98, 25.94], [26.1, 26.11, 26.23, 26.24, 26.25, 26.22, 26.14, 25.81, 25.58, 25.48, 25.33, 25.42, 25.46, 25.4, 25.94, 25.89, 25.94, 25.96, 25.95, 25.93], [26.5, 26.5, 26.5, 26.17, 26.22, 26.34, 26.26, 26.14, 25.4, 25.44, 25.46, 25.36, 25.4, 25.38, 25.94, 25.87, 25.91, 25.92, 25.92, 25.92], [26.5, 26.5, 26.5, 26.5, 26.5, 26.5, 26.5, 26.5, 26.25, 25.56, 25.1, 25.33, 25.36, 25.36, 25.94, 25.86, 25.89, 25.9, 25.9, 25.9], [26.5, 26.5, 26.5, 26.5, 26.5, 26.5, 26.5, 26.5, 26.5, -999.0, 25.1, 25.7, 25.7, 25.34, 25.95, 25.85, 25.86, 25.25, 25.27, 25.27], [26.5, 26.5, 26.5, 26.5, 26.5, 26.5, 26.5, 26.5, 26.5, 26.5, -999.0, 25.7, 25.7, 24.98, 25.3, 25.55, 25.57, 25.38, 25.41, 25.42], [26.5, 26.5, 26.5, 26.5, 26.5, 26.5, 26.5, 26.5, 26.5, 26.5, -999.0, 24.6, 24.6, 24.6, 25.2, 25.43, 25.45, 25.26, 25.3, 25.34], [26.5, 26.5, 26.5, 26.5, 26.5, 26.5, 26.5, 26.3, 26.3, 26.3, 26.3, 25.65, 24.6, 24.6, 24.6, 25.29, 25.33, 25.16, 25.21, 25.26], [26.5, 26.5, 26.37, 26.37, 26.37, 26.3, 26.3, 26.3, 26.3, 26.3, 25.23, 25.35, 25.19, 25.05, 25.21, 25.11, 25.19, 25.05, 25.37, 25.43], [26.37, 26.37, 26.43, 26.43, 26.3, 26.3, 26.3, 26.3, 26.3, 26.3, 25.57, 25.36, 25.14, 24.93, 24.96, 24.83, 24.91, 24.98, 25.02, 25.05], [26.43, 26.43, 26.42, 26.42, 26.3, 26.3, 26.3, 26.3, 26.3, 25.87, 25.64, 25.38, 25.12, 24.97, 24.65, 24.81, 24.92, 25.0, 25.04, 25.07], [26.42, 26.42, 26.42, 26.3, 26.3, 26.3, 26.3, 26.3, 26.15, 25.97, 25.79, 25.58, 25.32, 25.1, 24.79, 24.88, 24.98, 25.04, 25.08, 25.1], [26.42, 26.42, 26.24, 26.25, 26.25, 26.25, 26.26, 26.28, 26.13, 25.99, 25.82, 25.64, 25.42, 25.29, 24.95, 25.0, 25.06, 25.11, 25.13, 25.13], [26.24, 26.24, 26.24, 26.26, 26.26, 26.26, 26.27, 26.27, 26.01, 25.94, 25.83, 25.7, 25.51, 25.05, 25.07, 25.12, 25.16, 25.18, 25.18, 25.17], [26.25, 26.25, 26.25, 26.26, 26.26, 26.26, 26.26, 26.34, 25.97, 25.93, 25.85, 25.76, 25.57, 25.12, 25.17, 25.23, 25.28, 25.27, 25.23, 25.2], [26.25, 26.25, 26.25, 26.36, 26.36, 26.35, 26.34, 26.34, 26.33, 26.33, 26.34, 26.18, 25.69, 25.18, 25.24, 25.33, 25.43, 25.35, 25.26, 25.21], [26.38, 26.38, 26.37, 26.37, 26.36, 26.36, 26.35, 26.33, 26.31, 26.31, 26.33, 26.28, 25.7, 25.62, 25.56, 25.36, 25.68, 25.29, 25.23, 25.21], [26.38, 26.38, 26.38, 26.38, 26.37, 26.36, 26.35, 26.33, 26.29, 26.25, 26.31, 26.29, 26.28, 25.62, 25.54, 25.47, 25.21, 25.05, 25.18, 25.19], [26.39, 26.39, 26.39, 26.38, 26.38, 26.38, 26.37, 26.35, 26.31, 26.27, 26.3, 26.32, 26.31, 25.62, 25.54, 25.53, 25.41, 25.35, 25.17, 25.18], [26.39, 26.39, 26.39, 26.39, 26.39, 26.39, 26.39, 26.38, 26.37, 26.38, 26.37, 26.38, 26.35, 25.83, 25.71, 25.6, 25.51, 25.47, 25.48, 25.51], [26.4, 26.4, 26.4, 26.4, 26.41, 26.41, 26.41, 26.42, 26.45, 26.46, 26.48, 26.26, 26.12, 25.97, 25.78, 25.68, 25.6, 25.56, 25.55, 25.56], [26.4, 26.41, 26.41, 26.41, 26.42, 26.42, 26.44, 26.46, 26.5, 26.55, 26.58, 26.36, 26.18, 26.03, 25.84, 25.75, 25.67, 25.63, 25.61, 25.61], [26.41, 26.41, 26.41, 26.42, 26.43, 26.44, 26.45, 26.48, 26.33, 26.44, 26.51, 26.36, 26.2, 26.06, 25.89, 25.8, 25.73, 25.69, 25.66, 25.65], [26.41, 26.42, 26.42, 26.43, 26.43, 26.44, 26.46, 26.48, 26.29, 26.35, 26.36, 26.29, 26.18, 26.07, 25.92, 25.84, 25.78, 25.73, 25.7, 25.69], [26.42, 26.42, 26.42, 26.43, 26.44, 26.45, 26.46, 26.21, 26.24, 26.27, 26.26, 26.22, 26.15, 26.07, 25.93, 25.86, 25.81, 25.77, 25.74, 25.72]]}]