gis_exercise/awsData/contour/wdir_2023090301.json
[{"header": {"refTime": "2023-09-03T01:00:00.000Z", "nx": 21, "ny": 33, "lo1": 113.509, "la1": 22.2235, "lo2": 113.5947, "la2": 22.1034, "dx": 0.0042850000000001385, "dy": 0.003753125000000024, "parameterCategory": 2, "parameterCategoryName": "Temperature", "parameterNumber": 2}, "data": [-2.92, -2.92, -2.93, -3.14, -3.14, -3.39, -3.38, -3.37, -3.37, -3.46, -3.53, -3.6, -3.51, -3.53, -5.24, -5.42, -5.47, -5.58, -5.66, -5.71, -2.91, -2.92, -2.93, -2.94, -3.14, -3.14, -3.35, -3.31, -3.3, -3.4, -3.53, -3.63, -3.56, -3.57, -5.28, -5.37, -5.54, -5.68, -5.77, -5.82, -2.9, -2.91, -2.92, -2.93, -3.14, -3.14, -3.13, -3.27, -3.14, -3.36, -3.55, -3.69, -3.64, -3.64, -5.18, -5.43, -5.66, -5.83, -5.92, -5.95, -2.89, -2.9, -2.91, -2.92, -2.94, -3.14, -3.14, -3.13, -3.12, -3.43, -3.62, -3.81, -3.8, -3.78, -5.16, -5.52, -5.84, -6.05, -6.13, -6.12, -2.88, -2.89, -2.9, -2.91, -2.93, -3.14, -3.14, -3.14, -3.14, -3.52, -3.68, -3.84, -4.14, -3.84, -5.17, -5.68, -6.15, -6.41, -6.43, -6.33, -2.87, -2.87, -2.88, -2.89, -2.91, -2.93, -3.14, -3.14, -3.15, -3.17, -3.5, -3.67, -3.88, -4.41, -5.23, -5.94, -6.67, -6.98, -6.8, -6.55, -4.21, -2.86, -2.86, -2.86, -2.88, -2.9, -2.99, -3.14, -3.15, -3.1, -3.1, -3.34, -4.19, -4.41, -5.27, -6.21, -7.41, -7.86, -7.77, -7.5, -4.23, -4.17, -4.09, -3.79, -3.75, -2.91, -2.97, -3.04, -3.09, -3.13, -3.2, -3.6, -3.72, -4.54, -6.02, -6.77, -7.67, -7.99, -7.51, -7.18, -4.26, -4.2, -4.11, -3.98, -3.67, -3.66, -3.74, -2.99, -3.81, -3.09, -4.02, -4.38, -5.22, -4.82, -6.03, -6.56, -7.1, -7.33, -7.23, -7.05, -5.36, -5.26, -5.11, -3.98, -3.72, -3.41, -3.75, -4.11, -4.42, -4.31, -4.37, -4.9, -5.64, -5.05, -6.07, -6.39, -6.72, -6.92, -6.94, -6.88, -5.4, -5.31, -5.16, -4.89, -4.31, -2.65, -4.71, -5.72, -4.96, -4.89, -5.82, -4.77, -4.98, -4.89, -6.08, -6.29, -6.51, -6.66, -6.73, -6.73, -5.47, -5.4, -5.3, -5.14, -4.87, -4.73, -5.52, -6.29, -6.56, -7.15, -5.99, -5.71, -5.65, -4.74, -6.08, -6.23, -6.38, -7.28, -7.31, -7.32, -5.55, -5.52, -5.49, -5.49, -5.58, -5.98, -6.59, -6.57, -6.57, -6.37, -7.17, -5.77, -5.67, -5.25, -5.23, -6.99, -7.05, -7.11, -7.16, -7.18, -5.63, -5.64, -5.67, -5.76, -6.0, -6.53, -7.46, -6.74, -6.49, -6.36, -7.21, -6.53, -6.46, -6.4, -5.26, -6.82, -6.88, -6.95, -7.01, -7.05, -5.7, -5.73, -5.8, -5.92, -6.13, -6.46, -6.7, -5.77, -5.32, -4.97, -4.71, -3.97, -6.35, -6.28, -6.23, -6.61, -6.7, -6.79, -6.87, -6.94, -5.76, -5.8, -3.48, -3.62, -3.79, -5.07, -4.99, -4.68, -4.34, -4.13, -3.39, -3.69, -4.02, -4.31, -4.52, -6.21, -6.3, -6.39, -6.96, -7.06, -3.17, -3.2, -3.24, -3.26, -4.39, -4.2, -3.83, -3.34, -3.02, -3.06, -2.85, -3.42, -3.99, -4.55, -4.95, -5.63, -5.63, -5.64, -5.64, -5.63, -3.04, -3.02, -2.98, -2.9, -3.82, -3.4, -2.71, -1.78, -1.29, -1.67, -2.54, -3.16, -3.94, -4.85, -5.51, -5.63, -5.64, -5.65, -5.64, -5.64, -2.9, -2.85, -2.75, -3.72, -3.38, -2.82, -1.9, -0.41, 0.92, -0.86, -2.04, -3.03, -3.95, -4.68, -5.63, -5.64, -5.66, -5.66, -5.65, -5.64, -2.78, -2.7, -3.87, -3.63, -3.29, -2.76, -1.96, -0.81, 0.05, -1.09, -2.23, -3.08, -3.86, -4.47, -5.67, -5.68, -5.69, -5.69, -5.67, -5.64, -4.11, -4.01, -3.86, -3.66, -3.38, -3.0, -2.49, -1.96, -1.52, -2.05, -2.73, -3.3, -3.87, -5.68, -5.71, -5.73, -5.75, -5.72, -5.68, -5.64, -4.13, -4.04, -3.92, -3.78, -3.6, -3.38, -3.16, -2.03, -2.77, -3.07, -3.4, -3.68, -6.79, -5.7, -5.75, -5.81, -5.85, -5.78, -5.68, -5.62, -4.16, -4.1, -4.03, -2.47, -2.51, -2.59, -2.73, -2.96, -3.25, -3.44, -3.41, -4.71, -6.29, -5.71, -5.78, -5.91, -6.09, -5.86, -5.63, -5.58, -2.54, -2.57, -2.62, -2.7, -2.81, -3.0, -3.3, -3.75, -4.34, -4.62, -4.27, -6.03, -6.31, -6.16, -6.06, -5.9, -6.71, -5.55, -5.45, -5.49, -2.64, -2.69, -2.76, -2.87, -3.03, -3.28, -3.66, -4.28, -5.3, -6.13, -4.96, -5.92, -5.87, -6.14, -5.99, -5.84, -5.29, -4.77, -5.28, -5.42, -2.71, -2.78, -2.87, -2.99, -3.16, -3.41, -3.78, -4.36, -5.27, -5.99, -5.98, -5.64, -5.61, -6.13, -5.96, -4.97, -4.95, -4.87, -5.31, -5.41, -2.77, -2.84, -2.93, -3.05, -3.21, -3.42, -3.7, -4.05, -4.41, -4.48, -5.2, -5.1, -5.23, -4.29, -4.57, -4.75, -4.83, -4.84, -4.85, -4.85, -2.81, -2.88, -2.97, -3.07, -3.2, -3.36, -3.52, -3.65, -3.66, -4.37, -4.09, -3.77, -3.93, -4.0, -4.36, -4.56, -4.68, -4.74, -4.76, -4.78, -2.84, -2.9, -2.98, -3.07, -3.16, -3.26, -3.33, -3.34, -3.18, -3.41, -2.49, -3.25, -3.66, -3.85, -4.19, -4.4, -4.54, -4.63, -4.67, -4.7, -2.85, -2.91, -2.97, -3.04, -3.11, -3.17, -3.19, -3.14, -3.6, -3.06, -2.72, -3.18, -3.56, -3.77, -4.07, -4.28, -4.42, -4.52, -4.58, -4.62, -2.86, -2.91, -2.96, -3.01, -3.06, -3.09, -3.09, -3.04, -3.62, -3.35, -3.24, -3.38, -3.59, -3.75, -4.0, -4.19, -4.33, -4.43, -4.5, -4.55, -2.86, -2.9, -2.94, -2.98, -3.02, -3.03, -3.03, -3.87, -3.71, -3.57, -3.51, -3.56, -3.67, -3.77, -3.97, -4.14, -4.27, -4.36, -4.44, -4.49]}, {"header": {"refTime": "2023-09-03T01:00:00.000Z", "nx": 21, "ny": 33, "lo1": 113.509, "la1": 22.2235, "lo2": 113.5947, "la2": 22.1034, "dx": 0.0042850000000001385, "dy": 0.003753125000000024, "parameterCategory": 2, "parameterCategoryName": "Temperature", "parameterNumber": 3}, "data": [0.24, 0.23, 0.22, 0.48, 0.45, 0.03, 0.0, -0.02, -0.04, 0.03, 0.04, 0.04, 0.07, 0.09, 0.07, 0.12, 0.56, 0.59, 0.62, 0.64, 0.24, 0.24, 0.23, 0.21, 0.45, 0.4, 0.0, -0.04, -0.07, -0.0, 0.02, 0.02, 0.06, 0.08, 0.06, 0.52, 0.57, 0.61, 0.64, 0.65, 0.25, 0.24, 0.24, 0.23, 0.47, 0.42, 0.33, -0.05, -0.14, -0.02, 0.02, 0.0, 0.02, 0.05, 0.43, 0.52, 0.59, 0.63, 0.66, 0.68, 0.25, 0.25, 0.25, 0.24, 0.23, 0.46, 0.39, 0.27, 0.16, 0.03, 0.04, -0.03, -0.05, 0.27, 0.41, 0.53, 0.62, 0.67, 0.7, 0.71, 0.26, 0.26, 0.26, 0.26, 0.26, 0.52, 0.5, 0.46, 0.45, 0.15, 0.11, 0.21, -0.17, 0.2, 0.42, 0.58, 0.68, 0.74, 0.75, 0.75, 0.27, 0.27, 0.27, 0.28, 0.29, 0.31, 0.6, 0.62, 0.65, 0.7, 0.66, 0.41, 0.14, 0.27, 0.51, 0.66, 0.78, 0.83, 0.81, 0.78, 0.87, 0.27, 0.28, 0.29, 0.31, 0.35, 0.75, 0.73, 0.78, 1.09, 1.16, 0.8, 0.62, 0.55, 0.63, 0.75, 0.9, 0.96, 0.8, 0.72, 0.87, 0.85, 0.83, 0.66, 0.66, 0.65, 0.71, 0.79, 0.9, 1.09, 1.18, 1.2, 1.19, 0.74, 1.08, 1.07, 1.07, 1.07, 1.07, 1.07, 0.88, 0.85, 0.82, 0.77, 0.6, 0.62, 0.69, 0.74, 1.02, 1.09, 1.14, 1.11, 1.02, 1.06, 1.06, 1.07, 1.07, 1.07, 1.07, 1.07, 1.03, 1.0, 0.95, 0.75, 0.65, 0.48, 0.61, 0.76, 1.1, 1.12, 1.11, 1.05, 0.97, 1.04, 1.05, 1.06, 1.07, 1.07, 1.07, 1.07, 1.04, 1.01, 0.97, 0.88, 0.7, 0.18, 0.81, 1.09, 0.94, 1.17, 1.12, 1.07, 1.04, 1.05, 1.04, 1.06, 1.06, 1.07, 1.07, 1.07, 1.06, 1.04, 1.01, 0.96, 0.88, 0.83, 1.07, 1.25, 1.29, 1.39, 1.15, 1.13, 1.11, 1.07, 1.05, 1.06, 1.06, 0.65, 0.66, 0.65, 1.09, 1.08, 1.08, 1.08, 1.11, 1.25, 1.45, 1.37, 1.32, 1.29, 1.37, 1.16, 1.14, 0.68, 0.65, 0.56, 0.57, 0.58, 0.59, 0.6, 1.12, 1.12, 1.14, 1.17, 1.25, 1.45, 1.8, 1.48, 1.36, 1.31, 1.41, 0.73, 0.65, 0.58, 0.54, 0.47, 0.48, 0.51, 0.53, 0.54, 1.14, 1.15, 1.18, 1.22, 1.3, 1.41, 1.5, 1.77, 1.73, 1.72, 1.72, 0.96, 0.55, 0.47, 0.42, 0.36, 0.39, 0.43, 0.46, 0.49, 1.16, 1.17, 1.36, 1.4, 1.45, 1.8, 1.8, 1.78, 1.77, 1.76, 1.08, 0.92, 0.74, 0.46, 0.38, 0.84, 1.02, 1.19, 1.39, 1.5, 1.35, 1.37, 1.4, 1.43, 1.79, 1.8, 1.8, 1.81, 1.8, 1.79, 1.1, 0.9, 0.65, 0.37, 0.57, 0.48, 0.72, 0.91, 1.03, 1.12, 1.38, 1.4, 1.43, 1.46, 1.8, 1.81, 1.82, 1.84, 1.85, 1.51, 1.29, 0.9, 0.6, 0.57, -0.08, 0.41, 0.75, 0.97, 1.1, 1.18, 1.4, 1.42, 1.45, 1.8, 1.81, 1.82, 1.84, 1.88, 1.84, 1.58, 0.82, 0.53, 1.22, 0.85, 0.37, 0.62, 0.91, 1.1, 1.21, 1.26, 1.42, 1.44, 1.21, 1.23, 1.26, 1.31, 1.4, 1.55, 1.43, 1.1, 0.76, 0.51, 1.46, 1.31, 0.84, 0.99, 1.17, 1.29, 1.35, 1.37, 1.13, 1.13, 1.14, 1.14, 1.16, 1.19, 1.23, 1.29, 0.97, 0.81, 0.61, 0.45, 1.73, 1.12, 1.21, 1.35, 1.48, 1.53, 1.51, 1.47, 1.07, 1.07, 1.06, 1.05, 1.04, 1.03, 1.02, 0.79, 0.59, 0.5, 0.41, 0.33, 1.09, 1.36, 1.5, 1.69, 1.83, 1.79, 1.65, 1.55, 1.02, 1.0, 0.98, 0.64, 0.63, 0.61, 0.57, 0.5, 0.42, 0.36, 0.37, 1.39, 1.05, 1.52, 1.71, 2.0, 2.33, 2.05, 1.72, 1.58, 0.62, 0.61, 0.6, 0.58, 0.54, 0.49, 0.4, 0.27, 0.09, 0.01, 0.11, 0.88, 0.97, 1.31, 1.65, 2.1, 3.24, 1.81, 1.58, 1.54, 0.59, 0.58, 0.55, 0.52, 0.47, 0.4, 0.29, 0.11, -0.19, -0.44, -0.09, 0.73, 1.22, 1.23, 1.52, 1.73, 1.49, 0.9, 1.39, 1.48, 0.57, 0.55, 0.52, 0.48, 0.43, 0.36, 0.25, 0.08, -0.19, -0.4, 0.23, 0.7, 1.13, 1.14, 1.37, 1.69, 1.53, 1.39, 1.39, 1.45, 0.55, 0.53, 0.5, 0.46, 0.41, 0.35, 0.27, 0.17, 0.06, 0.03, 0.49, 0.76, 1.08, 1.52, 1.59, 1.6, 1.56, 1.52, 1.54, 1.58, 0.53, 0.51, 0.49, 0.45, 0.41, 0.37, 0.32, 0.28, 0.27, 0.58, 0.68, 0.11, 0.02, -0.06, 1.51, 1.55, 1.55, 1.55, 1.56, 1.58, 0.52, 0.51, 0.48, 0.45, 0.42, 0.39, 0.37, 0.36, 0.4, 0.71, 0.55, 0.28, 0.11, 0.0, 1.45, 1.5, 1.53, 1.54, 1.56, 1.57, 0.52, 0.5, 0.48, 0.46, 0.44, 0.42, 0.41, 0.42, 0.18, 0.35, 0.46, 0.29, 0.14, 0.04, 1.41, 1.47, 1.51, 1.53, 1.55, 1.56, 0.52, 0.5, 0.48, 0.47, 0.45, 0.44, 0.44, 0.45, 0.16, 0.25, 0.28, 0.22, 0.13, 0.04, 1.39, 1.45, 1.49, 1.51, 1.53, 1.55, 0.52, 0.5, 0.49, 0.48, 0.46, 0.46, 0.45, 0.07, 0.12, 0.16, 0.18, 0.15, 0.09, 0.04, 1.38, 1.43, 1.47, 1.5, 1.52, 1.54]}, {"header": {"refTime": "2023-09-03T01:00:00.000Z", "nx": 21, "ny": 33, "lo1": 113.509, "la1": 22.2235, "lo2": 113.5947, "la2": 22.1034, "dx": 0.0042850000000001385, "dy": 0.003753125000000024, "parameterCategory": 0, "parameterCategoryName": "Temperature", "parameterNumber": 0}, "data": [[26.88, 26.88, 26.89, 26.66, 26.69, 26.94, 26.96, 26.98, 26.99, 26.91, 26.89, 26.87, 27.0, 27.0, 26.99, 26.97, 26.85, 26.84, 26.84, 26.83], [26.88, 26.88, 26.89, 26.89, 26.68, 26.72, 26.97, 27.0, 27.02, 26.94, 26.9, 26.88, 27.01, 27.0, 26.99, 26.86, 26.85, 26.84, 26.83, 26.83], [26.88, 26.88, 26.88, 26.89, 26.67, 26.71, 26.77, 27.01, 27.08, 26.96, 26.9, 26.88, 27.01, 27.0, 26.88, 26.86, 26.84, 26.83, 26.82, 26.82], [26.87, 26.87, 26.87, 26.88, 26.88, 26.68, 26.73, 26.81, 26.88, 26.91, 26.87, 26.89, 27.02, 26.81, 26.89, 26.86, 26.83, 26.82, 26.81, 26.81], [26.87, 26.87, 26.87, 26.87, 26.86, 26.64, 26.66, 26.68, 26.68, 26.81, 26.81, 26.83, 26.98, 26.85, 26.89, 26.84, 26.82, 26.8, 26.8, 26.8], [26.87, 26.87, 26.86, 26.86, 26.85, 26.84, 26.59, 26.58, 26.55, 26.51, 26.61, 26.75, 26.87, 26.97, 26.87, 26.82, 26.79, 26.77, 26.78, 26.79], [26.78, 26.87, 26.86, 26.85, 26.84, 26.82, 26.52, 26.52, 26.48, 26.35, 26.33, 26.61, 26.87, 26.9, 26.84, 26.8, 26.75, 26.73, 26.77, 26.8], [26.79, 26.79, 26.79, 26.79, 26.78, 26.6, 26.55, 26.5, 26.47, 26.33, 26.2, 26.52, 26.52, 26.9, 26.7, 26.7, 26.7, 26.7, 26.7, 26.7], [26.71, 26.72, 26.81, 26.82, 26.82, 26.8, 26.74, 26.53, 26.37, 26.37, 26.33, 26.42, 26.46, 26.4, 26.7, 26.7, 26.7, 26.7, 26.7, 26.7], [27.0, 27.0, 27.0, 26.77, 26.8, 26.89, 26.83, 26.74, 26.27, 26.29, 26.46, 26.36, 26.4, 26.38, 26.7, 26.7, 26.7, 26.7, 26.7, 26.7], [27.0, 27.0, 27.0, 27.0, 27.0, 27.0, 27.0, 27.0, 26.82, 26.36, 26.1, 26.33, 26.36, 26.36, 26.7, 26.7, 26.7, 26.7, 26.7, 26.7], [27.0, 27.0, 27.0, 27.0, 27.0, 27.0, 27.0, 27.0, 27.0, -999.0, 26.1, 26.7, 26.7, 26.34, 26.7, 26.7, 26.7, 26.13, 26.15, 26.15], [27.0, 27.0, 27.0, 27.0, 27.0, 27.0, 27.0, 27.0, 27.0, 27.0, -999.0, 26.7, 26.7, 26.05, 26.33, 26.34, 26.34, 26.22, 26.24, 26.25], [27.0, 27.0, 27.0, 27.0, 27.0, 27.0, 27.0, 27.0, 27.0, 27.0, -999.0, 25.7, 25.7, 25.7, 26.25, 26.25, 26.27, 26.14, 26.17, 26.19], [27.0, 27.0, 27.0, 27.0, 27.0, 27.0, 27.0, 26.9, 26.9, 26.9, 26.9, 26.44, 25.7, 25.7, 25.7, 26.16, 26.19, 26.07, 26.11, 26.14], [27.0, 27.0, 26.94, 26.94, 26.93, 26.9, 26.9, 26.9, 26.9, 26.9, 26.14, 26.23, 26.11, 26.02, 26.13, 26.03, 26.08, 25.99, 26.2, 26.24], [26.94, 26.94, 26.96, 26.96, 26.9, 26.9, 26.9, 26.9, 26.9, 26.9, 26.38, 26.24, 26.08, 25.93, 25.94, 25.92, 26.0, 26.07, 26.11, 26.14], [26.96, 26.96, 26.96, 26.96, 26.9, 26.9, 26.9, 26.9, 26.9, 26.6, 26.43, 26.25, 26.07, 25.95, 25.74, 25.9, 26.01, 26.08, 26.13, 26.16], [26.96, 26.96, 26.96, 26.9, 26.9, 26.9, 26.9, 26.9, 26.79, 26.67, 26.55, 26.4, 26.19, 26.04, 25.88, 25.97, 26.06, 26.12, 26.16, 26.19], [26.96, 26.96, 26.9, 26.9, 26.9, 26.9, 26.9, 26.9, 26.79, 26.69, 26.58, 26.45, 26.26, 26.17, 26.03, 26.08, 26.14, 26.18, 26.21, 26.22], [26.9, 26.9, 26.9, 26.9, 26.9, 26.9, 26.9, 26.9, 26.71, 26.67, 26.59, 26.5, 26.32, 26.12, 26.15, 26.19, 26.23, 26.25, 26.26, 26.26], [26.9, 26.9, 26.9, 26.9, 26.9, 26.9, 26.9, 26.92, 26.69, 26.66, 26.61, 26.54, 26.38, 26.2, 26.23, 26.28, 26.32, 26.32, 26.31, 26.29], [26.9, 26.9, 26.9, 26.93, 26.92, 26.92, 26.92, 26.92, 26.92, 26.92, 26.92, 26.82, 26.62, 26.25, 26.29, 26.35, 26.41, 26.39, 26.35, 26.32], [26.93, 26.93, 26.93, 26.93, 26.93, 26.92, 26.92, 26.92, 26.92, 26.92, 26.92, 26.85, 26.63, 26.58, 26.55, 26.39, 26.51, 26.41, 26.36, 26.33], [26.93, 26.93, 26.93, 26.93, 26.93, 26.93, 26.93, 26.92, 26.92, 26.91, 26.92, 26.86, 26.84, 26.59, 26.54, 26.51, 26.38, 26.35, 26.35, 26.33], [26.93, 26.93, 26.93, 26.93, 26.93, 26.93, 26.93, 26.93, 26.92, 26.91, 26.89, 26.87, 26.85, 26.59, 26.55, 26.53, 26.49, 26.47, 26.34, 26.33], [26.93, 26.93, 26.93, 26.93, 26.93, 26.93, 26.93, 26.93, 26.93, 26.93, 26.9, 26.89, 26.87, 26.65, 26.6, 26.56, 26.53, 26.51, 26.52, 26.52], [26.93, 26.93, 26.93, 26.94, 26.94, 26.94, 26.94, 26.94, 26.95, 26.92, 26.93, 26.87, 26.82, 26.77, 26.63, 26.59, 26.56, 26.54, 26.54, 26.54], [26.94, 26.94, 26.94, 26.94, 26.94, 26.94, 26.94, 26.95, 26.96, 26.95, 26.96, 26.9, 26.84, 26.79, 26.65, 26.62, 26.59, 26.57, 26.56, 26.56], [26.94, 26.94, 26.94, 26.94, 26.94, 26.94, 26.95, 26.95, 26.89, 26.92, 26.94, 26.9, 26.84, 26.8, 26.67, 26.64, 26.61, 26.59, 26.58, 26.58], [26.94, 26.94, 26.94, 26.94, 26.94, 26.94, 26.95, 26.95, 26.88, 26.89, 26.9, 26.87, 26.84, 26.8, 26.68, 26.65, 26.63, 26.61, 26.6, 26.59], [26.94, 26.94, 26.94, 26.94, 26.94, 26.95, 26.95, 26.85, 26.86, 26.87, 26.86, 26.85, 26.83, 26.8, 26.69, 26.66, 26.64, 26.62, 26.61, 26.6]]}]