gis_exercise/awsData/contour/wdir_2023090221.json
[{"header": {"refTime": "2023-09-02T21:00:00.000Z", "nx": 21, "ny": 33, "lo1": 113.509, "la1": 22.2235, "lo2": 113.5947, "la2": 22.1034, "dx": 0.0042850000000001385, "dy": 0.003753125000000024, "parameterCategory": 2, "parameterCategoryName": "Temperature", "parameterNumber": 2}, "data": [-3.03, -3.04, -3.06, -3.35, -3.36, -3.71, -3.71, -3.71, -3.73, -3.95, -4.05, -4.15, -4.23, -4.27, -6.45, -6.71, -7.01, -7.17, -7.28, -7.35, -3.02, -3.03, -3.05, -3.07, -3.35, -3.36, -3.67, -3.65, -3.64, -3.87, -4.05, -4.19, -4.29, -4.33, -6.5, -6.87, -7.11, -7.3, -7.42, -7.49, -3.01, -3.02, -3.04, -3.06, -3.35, -3.35, -3.37, -3.6, -3.48, -3.81, -4.08, -4.28, -4.41, -4.43, -6.59, -6.94, -7.26, -7.49, -7.62, -7.67, -3.0, -3.01, -3.02, -3.04, -3.06, -3.34, -3.35, -3.38, -3.4, -3.9, -4.17, -4.44, -4.6, -4.6, -6.56, -7.06, -7.5, -7.79, -7.91, -7.9, -2.98, -2.99, -3.0, -3.01, -3.03, -3.32, -3.32, -3.34, -3.36, -4.04, -4.26, -4.66, -4.98, -4.67, -6.58, -7.29, -7.92, -8.27, -8.3, -8.18, -2.97, -2.97, -2.97, -2.98, -2.99, -3.0, -3.29, -3.28, -3.31, -3.37, -4.26, -4.48, -4.72, -5.75, -6.68, -7.65, -8.62, -9.03, -8.8, -8.47, -5.12, -2.95, -2.95, -2.95, -2.95, -2.96, -3.05, -3.19, -3.21, -3.45, -3.58, -4.15, -5.63, -5.93, -6.79, -8.02, -9.61, -10.2, -10.18, -9.85, -5.16, -5.06, -4.94, -4.88, -4.78, -2.99, -3.01, -3.01, -3.04, -3.46, -3.67, -4.87, -5.15, -6.26, -8.26, -9.12, -10.14, -10.51, -9.96, -9.59, -5.22, -5.12, -4.98, -4.79, -4.68, -4.64, -4.71, -3.02, -4.58, -3.44, -5.3, -6.04, -7.4, -6.74, -8.32, -8.9, -9.5, -9.77, -9.65, -9.44, -7.61, -7.44, -7.18, -4.82, -4.43, -4.27, -4.86, -5.47, -5.93, -5.71, -5.93, -6.82, -8.01, -7.09, -8.4, -8.73, -9.09, -9.3, -9.33, -9.26, -7.67, -7.51, -7.24, -6.78, -5.79, -2.91, -6.57, -8.47, -7.25, -6.94, -8.54, -6.61, -6.96, -6.82, -8.42, -8.63, -8.86, -9.02, -9.09, -9.08, -7.77, -7.65, -7.47, -7.18, -6.71, -6.48, -7.92, -9.63, -10.29, -11.0, -8.94, -8.62, -8.46, -6.56, -8.41, -8.56, -8.72, -9.85, -9.87, -9.87, -7.9, -7.84, -7.78, -7.75, -7.87, -8.49, -9.48, -9.9, -10.17, -9.67, -10.88, -8.78, -8.57, -7.37, -7.34, -9.53, -9.58, -9.63, -9.67, -9.7, -8.04, -8.04, -8.07, -8.2, -8.54, -9.32, -10.56, -9.86, -9.71, -9.53, -10.9, -9.77, -9.56, -9.39, -7.33, -9.27, -9.34, -9.41, -9.48, -9.54, -8.16, -8.2, -8.29, -8.46, -8.78, -9.26, -9.65, -8.33, -7.74, -7.24, -6.84, -5.6, -9.32, -9.12, -8.99, -8.98, -9.08, -9.19, -9.3, -9.38, -8.26, -8.32, -4.22, -4.44, -4.72, -7.17, -7.04, -6.6, -6.1, -5.82, -4.66, -5.05, -5.48, -5.6, -5.92, -8.19, -8.27, -8.35, -8.82, -8.91, -3.75, -3.8, -3.85, -3.88, -6.11, -5.79, -5.21, -4.43, -3.93, -4.03, -3.7, -4.55, -5.36, -6.11, -6.27, -7.13, -7.0, -6.89, -6.81, -6.75, -3.53, -3.51, -3.45, -3.32, -5.2, -4.52, -3.4, -1.88, -1.1, -1.42, -2.77, -4.07, -5.22, -6.13, -7.33, -7.18, -7.0, -6.87, -6.78, -6.72, -3.32, -3.24, -3.1, -5.06, -4.49, -3.58, -2.09, 0.35, 2.6, -0.17, -1.39, -2.9, -4.59, -5.78, -7.21, -7.08, -6.93, -6.82, -6.73, -6.67, -3.14, -3.01, -3.95, -3.62, -3.12, -2.37, -1.24, 0.38, 1.61, 0.05, -1.57, -2.86, -4.36, -5.3, -6.99, -6.93, -6.83, -6.74, -6.67, -6.62, -4.24, -4.08, -3.86, -3.56, -3.14, -2.58, -1.85, -1.09, -0.42, -1.15, -2.14, -3.02, -4.28, -6.85, -6.84, -6.8, -6.75, -6.67, -6.6, -6.55, -4.2, -4.05, -3.87, -3.63, -3.34, -2.99, -2.64, -0.94, -1.96, -2.38, -2.89, -3.37, -7.66, -6.74, -6.74, -6.74, -6.73, -6.62, -6.51, -6.46, -4.19, -4.07, -3.93, -1.61, -1.64, -1.7, -1.84, -2.09, -2.43, -2.66, -2.66, -4.17, -6.49, -6.66, -6.67, -6.75, -6.9, -6.61, -6.38, -6.35, -1.76, -1.79, -1.84, -1.91, -2.03, -2.23, -2.55, -3.06, -3.7, -4.03, -3.67, -6.18, -6.49, -6.45, -6.46, -6.67, -7.56, -6.15, -6.1, -6.21, -1.89, -1.95, -2.03, -2.15, -2.33, -2.61, -3.03, -3.71, -4.8, -5.68, -4.47, -6.04, -6.13, -6.42, -6.36, -6.29, -5.83, -5.17, -5.87, -6.11, -2.01, -2.08, -2.19, -2.33, -2.54, -2.82, -3.24, -3.87, -4.83, -5.57, -5.95, -5.77, -5.86, -6.38, -6.29, -5.47, -5.41, -5.3, -5.93, -6.09, -2.1, -2.19, -2.3, -2.45, -2.65, -2.9, -3.23, -3.63, -4.05, -4.17, -5.3, -5.29, -5.5, -4.79, -5.07, -5.24, -5.3, -5.3, -5.32, -5.33, -2.18, -2.26, -2.38, -2.52, -2.69, -2.89, -3.11, -3.32, -3.42, -4.56, -4.33, -3.89, -4.01, -4.06, -4.85, -5.05, -5.16, -5.22, -5.24, -5.26, -2.23, -2.32, -2.42, -2.54, -2.68, -2.83, -2.98, -3.07, -3.05, -3.72, -2.82, -3.45, -3.79, -3.94, -4.67, -4.89, -5.03, -5.11, -5.15, -5.18, -2.27, -2.35, -2.44, -2.55, -2.66, -2.77, -2.86, -2.91, -3.74, -3.3, -3.02, -3.39, -3.7, -3.87, -4.54, -4.76, -4.91, -5.0, -5.07, -5.11, -2.29, -2.36, -2.45, -2.53, -2.63, -2.71, -2.78, -2.81, -3.77, -3.54, -3.44, -3.56, -3.73, -3.86, -4.47, -4.67, -4.82, -4.92, -4.99, -5.04, -2.3, -2.37, -2.44, -2.52, -2.59, -2.66, -2.71, -3.97, -3.84, -3.72, -3.67, -3.71, -3.79, -3.88, -4.45, -4.62, -4.75, -4.85, -4.92, -4.98]}, {"header": {"refTime": "2023-09-02T21:00:00.000Z", "nx": 21, "ny": 33, "lo1": 113.509, "la1": 22.2235, "lo2": 113.5947, "la2": 22.1034, "dx": 0.0042850000000001385, "dy": 0.003753125000000024, "parameterCategory": 2, "parameterCategoryName": "Temperature", "parameterNumber": 3}, "data": [-0.1, -0.07, -0.04, 0.73, 0.72, 0.2, 0.23, 0.26, 0.25, 0.44, 0.37, 0.31, 0.16, 0.13, 0.14, 0.18, 0.31, 0.35, 0.38, 0.4, -0.12, -0.09, -0.05, -0.01, 0.72, 0.72, 0.27, 0.33, 0.37, 0.47, 0.37, 0.26, 0.1, 0.08, 0.1, 0.26, 0.32, 0.37, 0.4, 0.43, -0.14, -0.12, -0.08, -0.03, 0.72, 0.71, 0.71, 0.39, 0.6, 0.5, 0.34, 0.18, -0.0, -0.0, 0.16, 0.26, 0.35, 0.4, 0.44, 0.46, -0.17, -0.15, -0.12, -0.07, -0.01, 0.71, 0.7, 0.7, 0.7, 0.47, 0.29, 0.04, -0.18, 0.04, 0.13, 0.28, 0.39, 0.46, 0.49, 0.5, -0.21, -0.19, -0.17, -0.13, -0.08, 0.7, 0.69, 0.7, 0.72, 0.46, 0.28, -0.03, -0.48, -0.06, 0.15, 0.34, 0.47, 0.54, 0.56, 0.54, -0.25, -0.25, -0.23, -0.2, -0.16, -0.09, 0.67, 0.67, 0.71, 0.81, 0.54, 0.21, -0.13, 0.1, 0.24, 0.44, 0.6, 0.66, 0.64, 0.59, 0.41, -0.31, -0.31, -0.29, -0.26, -0.19, 0.11, 0.58, 0.62, 0.93, 1.09, 0.66, 0.48, 0.45, 0.38, 0.54, 0.76, 0.84, 0.77, 0.71, 0.41, 0.36, 0.3, 0.1, 0.09, -0.13, 0.02, 0.19, 0.39, 0.96, 1.29, 1.19, 1.16, 0.72, 1.13, 1.1, 1.05, 1.03, 1.06, 1.08, 0.42, 0.36, 0.27, 0.16, -0.05, -0.02, 0.15, 0.09, 0.94, 0.9, 1.3, 1.25, 1.28, 1.27, 1.16, 1.12, 1.09, 1.07, 1.08, 1.09, 1.1, 1.01, 0.88, 0.11, -0.14, -0.38, 0.01, 0.43, 1.34, 1.37, 1.29, 1.29, 1.32, 1.29, 1.17, 1.14, 1.11, 1.1, 1.09, 1.1, 1.13, 1.05, 0.92, 0.68, 0.18, -1.27, 0.54, 1.44, 1.08, 1.63, 1.81, 1.29, 1.3, 1.29, 1.17, 1.15, 1.13, 1.11, 1.11, 1.11, 1.19, 1.13, 1.04, 0.9, 0.66, 0.54, 1.24, 1.96, 2.22, 2.49, 1.92, 1.66, 1.59, 1.29, 1.17, 1.15, 1.13, 0.85, 0.84, 0.83, 1.26, 1.23, 1.2, 1.2, 1.27, 1.62, 2.14, 2.18, 2.22, 2.02, 2.42, 1.74, 1.66, 0.87, 0.84, 0.8, 0.79, 0.79, 0.79, 0.79, 1.33, 1.33, 1.36, 1.44, 1.63, 2.08, 2.84, 2.28, 2.11, 1.99, 2.47, 1.46, 1.31, 1.19, 0.72, 0.7, 0.71, 0.72, 0.73, 0.74, 1.39, 1.42, 1.47, 1.57, 1.75, 2.02, 2.23, 2.32, 2.13, 2.0, 1.9, 0.79, 1.16, 1.03, 0.95, 0.58, 0.61, 0.64, 0.67, 0.7, 1.44, 1.48, 0.68, 0.79, 0.93, 2.06, 2.03, 1.91, 1.77, 1.69, 0.69, 0.61, 0.52, 0.18, 0.18, 1.18, 1.38, 1.57, 1.62, 1.73, 0.56, 0.6, 0.65, 0.7, 1.8, 1.73, 1.59, 1.41, 1.28, 1.3, 0.48, 0.46, 0.39, 0.28, 0.5, 0.61, 0.83, 0.99, 1.1, 1.17, 0.54, 0.57, 0.59, 0.61, 1.59, 1.43, 1.18, 0.83, 0.65, 0.35, 0.44, 0.35, 0.3, 0.47, 0.08, 0.55, 0.86, 1.05, 1.16, 1.23, 0.52, 0.53, 0.54, 1.55, 1.42, 1.21, 0.87, 0.32, -0.27, 0.13, -0.41, -0.35, 0.77, 0.68, 0.51, 0.74, 1.0, 1.17, 1.26, 1.3, 0.5, 0.5, 0.62, 0.57, 0.48, 0.36, 0.18, -0.05, -0.47, -0.46, -0.43, -0.38, 0.97, 1.04, 0.94, 1.08, 1.25, 1.35, 1.39, 1.39, 0.6, 0.57, 0.52, 0.46, 0.37, 0.27, 0.14, 0.02, -0.49, -0.48, -0.46, -0.42, 1.22, 1.2, 1.29, 1.42, 1.54, 1.58, 1.54, 1.48, 0.53, 0.49, 0.44, 0.37, 0.29, 0.19, 0.1, -0.39, -0.52, -0.52, -0.5, -0.46, 1.32, 1.42, 1.56, 1.76, 1.9, 1.83, 1.67, 1.55, 0.48, 0.43, 0.37, -0.3, -0.32, -0.34, -0.37, -0.4, -0.42, -0.42, -0.4, 0.8, 1.01, 1.56, 1.76, 2.08, 2.46, 2.1, 1.7, 1.55, -0.26, -0.26, -0.28, -0.29, -0.31, -0.33, -0.36, -0.41, -0.47, -0.5, -0.44, 0.99, 0.92, 1.27, 1.63, 2.16, 3.55, 1.74, 1.5, 1.48, -0.24, -0.25, -0.26, -0.27, -0.28, -0.31, -0.35, -0.42, -0.55, -0.67, -0.48, 0.83, 1.37, 1.18, 1.47, 1.67, 1.34, 0.57, 1.24, 1.39, -0.23, -0.23, -0.24, -0.25, -0.26, -0.27, -0.31, -0.37, -0.5, -0.61, 0.26, 0.79, 1.27, 1.08, 1.3, 1.61, 1.38, 1.2, 1.25, 1.35, -0.22, -0.22, -0.22, -0.22, -0.22, -0.23, -0.24, -0.26, -0.29, -0.26, 0.53, 0.84, 1.2, 1.48, 1.53, 1.52, 1.44, 1.39, 1.41, 1.47, -0.2, -0.2, -0.19, -0.19, -0.18, -0.17, -0.16, -0.13, -0.06, 0.62, 0.72, -0.02, -0.16, -0.29, 1.45, 1.47, 1.46, 1.44, 1.45, 1.48, -0.19, -0.18, -0.17, -0.16, -0.15, -0.12, -0.09, -0.02, 0.11, 0.75, 0.52, 0.18, -0.05, -0.21, 1.4, 1.44, 1.45, 1.46, 1.47, 1.48, -0.17, -0.16, -0.15, -0.14, -0.12, -0.09, -0.04, 0.04, 0.08, 0.29, 0.41, 0.2, -0.01, -0.16, 1.36, 1.41, 1.44, 1.45, 1.47, 1.48, -0.16, -0.15, -0.14, -0.12, -0.1, -0.06, -0.01, 0.05, 0.04, 0.15, 0.18, 0.1, -0.03, -0.15, 1.35, 1.39, 1.42, 1.44, 1.46, 1.48, -0.15, -0.14, -0.12, -0.11, -0.08, -0.05, -0.01, -0.07, -0.01, 0.04, 0.05, 0.0, -0.08, -0.16, 1.34, 1.38, 1.41, 1.44, 1.45, 1.47]}, {"header": {"refTime": "2023-09-02T21:00:00.000Z", "nx": 21, "ny": 33, "lo1": 113.509, "la1": 22.2235, "lo2": 113.5947, "la2": 22.1034, "dx": 0.0042850000000001385, "dy": 0.003753125000000024, "parameterCategory": 0, "parameterCategoryName": "Temperature", "parameterNumber": 0}, "data": [[26.87, 26.86, 26.86, 26.66, 26.67, 26.85, 26.85, 26.86, 26.87, 26.81, 26.8, 26.8, 26.94, 26.94, 26.91, 26.91, 26.9, 26.9, 26.89, 26.89], [26.87, 26.86, 26.86, 26.86, 26.67, 26.69, 26.85, 26.86, 26.87, 26.82, 26.81, 26.81, 26.94, 26.95, 26.92, 26.91, 26.9, 26.89, 26.89, 26.89], [26.87, 26.87, 26.86, 26.86, 26.66, 26.68, 26.71, 26.87, 26.89, 26.83, 26.81, 26.81, 26.95, 26.95, 26.92, 26.91, 26.9, 26.89, 26.89, 26.88], [26.87, 26.87, 26.86, 26.86, 26.85, 26.67, 26.69, 26.74, 26.78, 26.81, 26.8, 26.83, 26.96, 26.84, 26.92, 26.9, 26.89, 26.88, 26.88, 26.88], [26.87, 26.87, 26.87, 26.86, 26.85, 26.64, 26.66, 26.67, 26.67, 26.75, 26.77, 26.84, 26.94, 26.86, 26.92, 26.9, 26.88, 26.87, 26.87, 26.87], [26.88, 26.88, 26.87, 26.86, 26.85, 26.84, 26.62, 26.61, 26.6, 26.56, 26.7, 26.8, 26.88, 26.97, 26.91, 26.89, 26.86, 26.85, 26.86, 26.86], [26.88, 26.88, 26.88, 26.87, 26.86, 26.84, 26.65, 26.58, 26.56, 26.52, 26.51, 26.73, 26.94, 26.95, 26.9, 26.87, 26.84, 26.83, 26.84, 26.85], [26.89, 26.89, 26.89, 26.89, 26.88, 26.72, 26.67, 26.62, 26.58, 26.5, 26.39, 26.72, 26.72, 26.95, 26.84, 26.85, 26.83, 26.82, 26.83, 26.84], [26.81, 26.82, 26.91, 26.92, 26.92, 26.9, 26.84, 26.65, 26.5, 26.54, 26.53, 26.62, 26.66, 26.6, 26.84, 26.85, 26.84, 26.83, 26.84, 26.84], [27.1, 27.1, 27.1, 26.87, 26.9, 26.99, 26.93, 26.84, 26.43, 26.45, 26.66, 26.56, 26.6, 26.58, 26.84, 26.86, 26.85, 26.84, 26.84, 26.85], [27.1, 27.1, 27.1, 27.1, 27.1, 27.1, 27.1, 27.1, 26.92, 26.5, 26.3, 26.53, 26.56, 26.56, 26.84, 26.86, 26.85, 26.85, 26.85, 26.85], [27.1, 27.1, 27.1, 27.1, 27.1, 27.1, 27.1, 27.1, 27.1, -999.0, 26.3, 26.9, 26.9, 26.54, 26.84, 26.86, 26.86, 26.23, 26.25, 26.25], [27.1, 27.1, 27.1, 27.1, 27.1, 27.1, 27.1, 27.1, 27.1, 27.1, -999.0, 26.9, 26.9, 26.18, 26.5, 26.44, 26.44, 26.32, 26.34, 26.35], [27.1, 27.1, 27.1, 27.1, 27.1, 27.1, 27.1, 27.1, 27.1, 27.1, -999.0, 25.8, 25.8, 25.8, 26.4, 26.35, 26.37, 26.24, 26.27, 26.29], [27.1, 27.1, 27.1, 27.1, 27.1, 27.1, 27.1, 27.0, 27.0, 27.0, 27.0, 26.54, 25.8, 25.8, 25.8, 26.26, 26.29, 26.17, 26.21, 26.24], [27.1, 27.1, 27.04, 27.04, 27.03, 27.0, 27.0, 27.0, 27.0, 27.0, 26.24, 26.33, 26.21, 26.12, 26.23, 26.13, 26.18, 26.09, 26.3, 26.34], [27.04, 27.04, 27.06, 27.06, 27.0, 27.0, 27.0, 27.0, 27.0, 27.0, 26.48, 26.34, 26.18, 26.03, 26.04, 26.01, 26.08, 26.14, 26.18, 26.21], [27.06, 27.06, 27.06, 27.06, 27.0, 27.0, 27.0, 27.0, 27.0, 26.7, 26.53, 26.35, 26.17, 26.05, 25.84, 25.99, 26.09, 26.16, 26.2, 26.23], [27.06, 27.06, 27.06, 27.0, 27.0, 27.0, 27.0, 27.0, 26.89, 26.77, 26.62, 26.47, 26.29, 26.14, 25.97, 26.05, 26.14, 26.2, 26.24, 26.26], [27.06, 27.06, 26.89, 26.89, 26.9, 26.91, 26.93, 26.97, 26.87, 26.76, 26.63, 26.5, 26.36, 26.27, 26.11, 26.16, 26.21, 26.25, 26.28, 26.29], [26.88, 26.88, 26.88, 26.92, 26.92, 26.93, 26.93, 26.94, 26.77, 26.71, 26.63, 26.54, 26.42, 26.2, 26.22, 26.26, 26.3, 26.32, 26.32, 26.32], [26.91, 26.91, 26.91, 26.91, 26.91, 26.91, 26.92, 26.93, 26.72, 26.69, 26.64, 26.57, 26.41, 26.27, 26.3, 26.35, 26.38, 26.39, 26.37, 26.35], [26.9, 26.9, 26.9, 26.93, 26.93, 26.92, 26.92, 26.91, 26.9, 26.9, 26.9, 26.83, 26.62, 26.32, 26.36, 26.42, 26.47, 26.45, 26.41, 26.38], [26.93, 26.93, 26.93, 26.92, 26.92, 26.92, 26.91, 26.9, 26.88, 26.87, 26.88, 26.83, 26.62, 26.59, 26.57, 26.45, 26.59, 26.46, 26.41, 26.39], [26.93, 26.93, 26.92, 26.92, 26.92, 26.91, 26.9, 26.88, 26.86, 26.83, 26.87, 26.83, 26.83, 26.59, 26.57, 26.54, 26.43, 26.39, 26.4, 26.39], [26.93, 26.93, 26.92, 26.92, 26.92, 26.91, 26.9, 26.89, 26.86, 26.84, 26.84, 26.84, 26.84, 26.6, 26.57, 26.57, 26.53, 26.51, 26.39, 26.38], [26.93, 26.93, 26.92, 26.92, 26.92, 26.91, 26.91, 26.9, 26.89, 26.89, 26.87, 26.87, 26.86, 26.68, 26.63, 26.59, 26.56, 26.55, 26.55, 26.56], [26.93, 26.93, 26.92, 26.92, 26.92, 26.92, 26.92, 26.91, 26.92, 26.9, 26.91, 26.84, 26.79, 26.74, 26.66, 26.62, 26.6, 26.58, 26.58, 26.58], [26.93, 26.93, 26.93, 26.92, 26.92, 26.92, 26.92, 26.93, 26.94, 26.94, 26.96, 26.88, 26.81, 26.76, 26.68, 26.65, 26.62, 26.61, 26.6, 26.6], [26.93, 26.93, 26.93, 26.93, 26.93, 26.93, 26.93, 26.93, 26.86, 26.9, 26.93, 26.88, 26.82, 26.77, 26.7, 26.67, 26.64, 26.63, 26.62, 26.61], [26.93, 26.93, 26.93, 26.93, 26.93, 26.93, 26.93, 26.94, 26.85, 26.87, 26.87, 26.85, 26.81, 26.77, 26.71, 26.68, 26.66, 26.64, 26.63, 26.63], [26.93, 26.93, 26.93, 26.93, 26.93, 26.93, 26.93, 26.82, 26.83, 26.84, 26.84, 26.83, 26.8, 26.77, 26.72, 26.69, 26.67, 26.66, 26.64, 26.64]]}]