gis_exercise/awsData/contour/wdir_2023091019.json
[{"header": {"refTime": "2023-09-10T19:00:00.000Z", "nx": 21, "ny": 33, "lo1": 113.509, "la1": 22.2235, "lo2": 113.5947, "la2": 22.1034, "dx": 0.0042850000000001385, "dy": 0.003753125000000024, "parameterCategory": 2, "parameterCategoryName": "Temperature", "parameterNumber": 2}, "data": [-0.33, -0.34, -0.34, -0.77, -0.73, -0.95, -0.88, -0.82, -0.8, -0.64, -0.74, -0.84, -1.28, -1.34, -1.81, -1.91, -2.54, -2.58, -2.62, -2.64, -0.32, -0.33, -0.34, -0.36, -0.74, -0.69, -0.83, -0.7, -0.62, -0.56, -0.74, -0.88, -1.33, -1.39, -1.85, -2.5, -2.56, -2.62, -2.65, -2.67, -0.31, -0.33, -0.34, -0.36, -0.77, -0.71, -0.62, -0.6, -0.23, -0.5, -0.77, -0.97, -1.42, -1.47, -2.41, -2.51, -2.6, -2.66, -2.7, -2.72, -0.3, -0.32, -0.34, -0.36, -0.39, -0.77, -0.69, -0.56, -0.43, -0.6, -0.86, -1.11, -1.55, -1.66, -2.39, -2.54, -2.66, -2.74, -2.77, -2.77, -0.28, -0.3, -0.32, -0.36, -0.4, -0.86, -0.83, -0.78, -0.74, -0.75, -0.96, -1.65, -1.75, -1.69, -2.4, -2.6, -2.77, -2.86, -2.87, -2.84, -0.26, -0.27, -0.3, -0.33, -0.4, -0.49, -0.98, -1.0, -0.98, -0.92, -1.47, -1.61, -1.71, -2.24, -2.45, -2.71, -2.94, -3.05, -2.99, -2.91, -0.94, -0.23, -0.25, -0.28, -0.35, -0.49, -0.84, -1.25, -1.25, -1.37, -1.28, -1.58, -2.36, -2.41, -2.52, -2.81, -3.19, -3.33, -3.31, -3.23, -0.91, -0.87, -0.83, -0.94, -0.96, -0.51, -0.78, -1.23, -1.74, -1.31, -0.94, -2.05, -2.27, -2.57, -3.09, -3.23, -3.4, -3.46, -3.37, -3.31, -0.89, -0.84, -0.76, -0.68, -0.73, -0.8, -1.08, -0.92, -1.76, -1.42, -1.83, -2.33, -2.82, -2.58, -3.12, -3.21, -3.3, -3.34, -3.32, -3.29, -1.23, -1.16, -1.04, -0.56, -0.32, -0.28, -0.77, -1.32, -1.95, -1.81, -2.14, -2.53, -2.95, -2.66, -3.14, -3.18, -3.24, -3.27, -3.27, -3.26, -1.26, -1.18, -1.07, -0.86, -0.42, 0.87, -0.78, -1.67, -1.86, -2.11, -2.55, -2.44, -2.58, -2.55, -3.14, -3.17, -3.2, -3.22, -3.23, -3.23, -1.3, -1.25, -1.16, -1.03, -0.82, -0.72, -1.38, -2.22, -2.57, -3.1, -2.64, -3.04, -3.04, -2.44, -3.14, -3.16, -3.18, -2.9, -2.89, -2.89, -1.36, -1.33, -1.3, -1.28, -1.32, -1.59, -2.02, -2.3, -2.48, -2.22, -3.11, -3.03, -3.03, -2.42, -2.36, -2.74, -2.74, -2.75, -2.77, -2.78, -1.42, -1.41, -1.43, -1.48, -1.61, -1.93, -2.41, -2.21, -2.21, -2.13, -3.08, -2.67, -2.58, -2.5, -2.19, -2.53, -2.56, -2.6, -2.63, -2.67, -1.47, -1.48, -1.52, -1.59, -1.72, -1.92, -2.08, -2.47, -2.44, -2.4, -2.36, -1.81, -2.39, -2.27, -2.2, -2.29, -2.36, -2.43, -2.5, -2.56, -1.51, -1.54, -1.01, -1.09, -1.19, -2.33, -2.31, -2.28, -2.24, -2.22, -1.76, -1.68, -1.59, -1.58, -1.55, -1.84, -1.93, -2.02, -2.13, -2.2, -0.95, -0.98, -1.03, -1.09, -2.22, -2.18, -2.12, -2.03, -1.99, -2.01, -1.61, -1.57, -1.48, -1.37, -1.25, -1.46, -1.59, -1.69, -1.76, -1.81, -0.97, -1.0, -1.04, -1.08, -2.12, -2.04, -1.91, -1.74, -1.65, -1.38, -1.4, -1.49, -1.42, -1.24, -1.12, -1.42, -1.6, -1.72, -1.79, -1.84, -0.98, -1.01, -1.03, -2.11, -2.04, -1.94, -1.76, -1.48, -1.15, -1.29, -1.31, -1.32, -1.34, -1.3, -1.39, -1.53, -1.68, -1.78, -1.85, -1.89, -0.99, -1.01, -1.91, -1.87, -1.82, -1.74, -1.62, -1.45, -1.21, -1.29, -1.35, -1.37, -1.4, -1.41, -1.63, -1.71, -1.81, -1.88, -1.92, -1.94, -1.94, -1.92, -1.9, -1.87, -1.83, -1.77, -1.69, -1.61, -1.37, -1.4, -1.43, -1.43, -1.47, -1.78, -1.82, -1.88, -1.95, -1.99, -2.0, -2.0, -1.94, -1.93, -1.91, -1.88, -1.85, -1.82, -1.78, -1.5, -1.52, -1.54, -1.54, -1.52, -1.94, -1.9, -1.96, -2.03, -2.09, -2.1, -2.08, -2.06, -1.94, -1.93, -1.92, -1.53, -1.54, -1.56, -1.58, -1.62, -1.67, -1.69, -1.68, -2.0, -2.32, -1.99, -2.06, -2.15, -2.23, -2.2, -2.15, -2.1, -1.52, -1.53, -1.54, -1.55, -1.57, -1.6, -1.65, -1.73, -1.82, -1.87, -1.8, -2.06, -2.32, -2.32, -2.33, -2.2, -2.38, -2.24, -2.17, -2.13, -1.53, -1.54, -1.55, -1.56, -1.59, -1.63, -1.69, -1.79, -1.97, -2.12, -1.9, -2.03, -2.03, -2.32, -2.32, -2.32, -2.21, -2.18, -2.17, -2.13, -1.53, -1.54, -1.55, -1.57, -1.6, -1.63, -1.69, -1.79, -1.95, -2.08, -2.03, -1.96, -1.96, -2.32, -2.31, -2.12, -2.16, -2.16, -2.15, -2.12, -1.53, -1.54, -1.55, -1.57, -1.59, -1.62, -1.66, -1.71, -1.76, -1.76, -1.85, -1.83, -1.87, -1.88, -1.98, -2.05, -2.1, -2.11, -2.11, -2.1, -1.53, -1.54, -1.55, -1.56, -1.58, -1.59, -1.6, -1.61, -1.59, -1.66, -1.59, -1.61, -1.69, -1.75, -1.91, -1.99, -2.04, -2.06, -2.07, -2.07, -1.53, -1.54, -1.54, -1.55, -1.56, -1.56, -1.56, -1.53, -1.47, -1.43, -1.24, -1.46, -1.61, -1.7, -1.85, -1.93, -1.98, -2.01, -2.03, -2.04, -1.53, -1.53, -1.54, -1.54, -1.54, -1.54, -1.52, -1.49, -1.54, -1.4, -1.31, -1.45, -1.58, -1.67, -1.81, -1.88, -1.94, -1.97, -1.99, -2.01, -1.52, -1.53, -1.53, -1.53, -1.53, -1.52, -1.5, -1.47, -1.56, -1.49, -1.46, -1.52, -1.6, -1.67, -1.78, -1.85, -1.9, -1.94, -1.96, -1.98, -1.52, -1.52, -1.52, -1.52, -1.51, -1.51, -1.49, -1.64, -1.6, -1.56, -1.55, -1.58, -1.62, -1.67, -1.77, -1.83, -1.88, -1.91, -1.94, -1.96]}, {"header": {"refTime": "2023-09-10T19:00:00.000Z", "nx": 21, "ny": 33, "lo1": 113.509, "la1": 22.2235, "lo2": 113.5947, "la2": 22.1034, "dx": 0.0042850000000001385, "dy": 0.003753125000000024, "parameterCategory": 2, "parameterCategoryName": "Temperature", "parameterNumber": 3}, "data": [0.21, 0.2, 0.2, 0.41, 0.38, 0.46, 0.41, 0.37, 0.36, 0.37, 0.46, 0.55, 1.25, 1.33, 1.7, 1.84, 2.9, 2.97, 3.02, 3.05, 0.21, 0.21, 0.2, 0.19, 0.38, 0.34, 0.37, 0.27, 0.22, 0.29, 0.45, 0.58, 1.28, 1.36, 1.74, 2.82, 2.92, 3.01, 3.07, 3.1, 0.21, 0.21, 0.21, 0.2, 0.4, 0.35, 0.27, 0.2, -0.08, 0.22, 0.48, 0.65, 1.34, 1.42, 2.65, 2.83, 2.97, 3.07, 3.13, 3.16, 0.22, 0.22, 0.22, 0.22, 0.21, 0.4, 0.33, 0.22, 0.12, 0.33, 0.57, 0.77, 1.4, 1.64, 2.62, 2.87, 3.06, 3.18, 3.23, 3.24, 0.22, 0.22, 0.23, 0.23, 0.24, 0.46, 0.44, 0.4, 0.38, 0.51, 0.68, 1.56, 1.41, 1.62, 2.64, 2.97, 3.21, 3.34, 3.36, 3.33, 0.22, 0.23, 0.23, 0.25, 0.27, 0.3, 0.55, 0.57, 0.58, 0.58, 1.63, 1.67, 1.6, 2.29, 2.77, 3.14, 3.46, 3.59, 3.53, 3.43, 1.24, 0.22, 0.23, 0.25, 0.28, 0.33, 0.65, 0.71, 0.74, 1.34, 1.46, 1.93, 2.73, 2.69, 2.95, 3.31, 3.78, 3.95, 3.72, 3.56, 1.25, 1.21, 1.16, 1.15, 1.14, 0.51, 0.62, 0.78, 1.1, 1.25, 1.07, 2.75, 3.05, 2.99, 3.76, 3.9, 4.08, 4.14, 4.05, 3.98, 1.26, 1.21, 1.14, 1.06, 1.03, 1.04, 1.17, 0.67, 1.37, 1.39, 2.23, 2.86, 3.24, 3.06, 3.74, 3.85, 3.96, 4.01, 3.99, 3.96, 1.99, 1.92, 1.8, 1.03, 0.83, 0.76, 1.09, 1.44, 1.79, 1.68, 2.56, 2.94, 3.27, 3.07, 3.73, 3.81, 3.88, 3.93, 3.93, 3.92, 2.01, 1.94, 1.83, 1.63, 1.22, -0.01, 1.55, 2.36, 2.09, 2.1, 2.77, 2.85, 2.98, 2.97, 3.74, 3.79, 3.84, 3.87, 3.89, 3.89, 2.06, 2.01, 1.93, 1.8, 1.6, 1.51, 2.12, 2.85, 3.14, 3.59, 2.9, 3.57, 3.56, 2.88, 3.74, 3.78, 3.81, 3.54, 3.54, 3.54, 2.11, 2.09, 2.06, 2.05, 2.1, 2.36, 2.78, 2.97, 3.09, 2.87, 3.59, 3.57, 3.56, 3.16, 3.12, 3.38, 3.4, 3.42, 3.44, 3.45, 2.17, 2.17, 2.18, 2.24, 2.38, 2.71, 3.23, 2.94, 2.89, 2.81, 3.58, 3.23, 3.17, 3.11, 3.01, 3.23, 3.27, 3.3, 3.34, 3.37, 2.22, 2.24, 2.28, 2.35, 2.48, 2.68, 2.85, 3.21, 3.16, 3.11, 3.07, 2.64, 3.05, 2.97, 2.93, 3.07, 3.12, 3.18, 3.24, 3.29, 2.26, 2.29, 1.87, 1.94, 2.05, 3.08, 3.07, 3.03, 2.98, 2.95, 2.58, 2.54, 2.5, 2.47, 2.46, 2.82, 2.9, 2.98, 3.22, 3.29, 1.81, 1.84, 1.89, 1.94, 2.97, 2.94, 2.88, 2.8, 2.75, 2.76, 2.47, 2.46, 2.43, 2.38, 2.39, 2.54, 2.64, 2.72, 2.77, 2.81, 1.83, 1.86, 1.89, 1.93, 2.88, 2.81, 2.69, 2.53, 2.45, 2.29, 2.34, 2.4, 2.39, 2.38, 2.27, 2.51, 2.65, 2.74, 2.8, 2.84, 1.84, 1.86, 1.89, 2.87, 2.81, 2.71, 2.55, 2.3, 2.02, 2.2, 1.78, 1.81, 2.45, 2.44, 2.49, 2.59, 2.72, 2.8, 2.85, 2.87, 1.84, 1.87, 2.07, 2.05, 2.03, 2.0, 1.97, 1.94, 1.81, 1.75, 1.72, 1.75, 2.51, 2.54, 2.68, 2.74, 2.82, 2.88, 2.91, 2.92, 2.02, 2.01, 1.99, 1.97, 1.94, 1.91, 1.88, 1.85, 1.67, 1.65, 1.64, 1.66, 2.59, 2.8, 2.84, 2.89, 2.95, 2.97, 2.97, 2.96, 1.97, 1.95, 1.93, 1.9, 1.86, 1.81, 1.77, 1.26, 1.51, 1.5, 1.51, 1.55, 2.23, 2.9, 2.96, 3.03, 3.08, 3.07, 3.03, 3.0, 1.93, 1.9, 1.87, 1.14, 1.14, 1.14, 1.13, 1.11, 1.07, 1.04, 1.03, 1.86, 2.27, 2.97, 3.04, 3.14, 3.25, 3.17, 3.07, 3.02, 1.11, 1.11, 1.1, 1.1, 1.09, 1.07, 1.04, 0.99, 0.92, 0.89, 0.91, 1.44, 2.2, 2.5, 2.76, 3.19, 3.53, 3.13, 3.05, 3.02, 1.09, 1.08, 1.07, 1.06, 1.04, 1.01, 0.97, 0.9, 0.8, 0.72, 0.82, 1.33, 1.62, 2.45, 2.71, 2.91, 3.04, 2.88, 3.0, 3.01, 1.07, 1.06, 1.05, 1.03, 1.01, 0.97, 0.93, 0.87, 0.78, 0.72, 1.03, 1.27, 1.53, 2.39, 2.62, 2.79, 2.84, 2.83, 2.99, 3.0, 1.05, 1.04, 1.02, 1.0, 0.98, 0.95, 0.91, 0.86, 0.81, 0.79, 1.07, 1.22, 1.44, 2.3, 2.5, 2.65, 2.73, 2.76, 2.76, 2.74, 1.04, 1.02, 1.01, 0.99, 0.96, 0.93, 0.9, 0.86, 0.82, 1.0, 1.01, 0.95, 1.07, 1.21, 2.36, 2.52, 2.61, 2.66, 2.68, 2.68, 1.02, 1.01, 0.99, 0.97, 0.95, 0.92, 0.89, 0.86, 0.82, 0.93, 0.77, 0.9, 1.04, 1.17, 2.24, 2.4, 2.5, 2.57, 2.6, 2.62, 1.01, 1.0, 0.98, 0.97, 0.94, 0.92, 0.89, 0.86, 0.9, 0.85, 0.82, 0.91, 1.03, 1.14, 2.16, 2.31, 2.42, 2.49, 2.53, 2.56, 1.01, 0.99, 0.98, 0.96, 0.94, 0.92, 0.9, 0.87, 0.93, 0.91, 0.91, 0.96, 1.05, 1.14, 2.11, 2.25, 2.35, 2.42, 2.47, 2.5, 1.0, 0.99, 0.98, 0.96, 0.94, 0.92, 0.9, 0.99, 0.97, 0.96, 0.98, 1.01, 1.07, 1.14, 2.09, 2.21, 2.3, 2.37, 2.42, 2.46]}, {"header": {"refTime": "2023-09-10T19:00:00.000Z", "nx": 21, "ny": 33, "lo1": 113.509, "la1": 22.2235, "lo2": 113.5947, "la2": 22.1034, "dx": 0.0042850000000001385, "dy": 0.003753125000000024, "parameterCategory": 0, "parameterCategoryName": "Temperature", "parameterNumber": 0}, "data": [[25.61, 25.61, 25.6, 25.31, 25.31, 25.61, 25.6, 25.59, 25.59, 25.46, 25.49, 25.51, 25.8, 25.82, 25.83, 25.84, 25.98, 25.97, 25.97, 25.97], [25.62, 25.61, 25.6, 25.59, 25.31, 25.32, 25.58, 25.55, 25.54, 25.45, 25.49, 25.54, 25.82, 25.84, 25.85, 25.98, 25.97, 25.97, 25.97, 25.96], [25.62, 25.62, 25.61, 25.6, 25.31, 25.32, 25.33, 25.53, 25.43, 25.44, 25.5, 25.57, 25.86, 25.88, 25.99, 25.98, 25.97, 25.97, 25.96, 25.96], [25.63, 25.63, 25.62, 25.61, 25.59, 25.32, 25.33, 25.34, 25.35, 25.44, 25.52, 25.64, 25.93, 25.8, 25.99, 25.98, 25.97, 25.96, 25.96, 25.95], [25.64, 25.64, 25.63, 25.62, 25.61, 25.32, 25.32, 25.32, 25.31, 25.42, 25.51, 25.81, 25.98, 25.84, 25.99, 25.97, 25.96, 25.95, 25.95, 25.95], [25.65, 25.65, 25.65, 25.64, 25.63, 25.62, 25.33, 25.33, 25.3, 25.23, 25.55, 25.72, 25.87, 26.03, 25.98, 25.96, 25.94, 25.94, 25.94, 25.94], [25.77, 25.66, 25.66, 25.66, 25.66, 25.64, 25.47, 25.37, 25.35, 25.29, 25.24, 25.59, 25.99, 26.0, 25.97, 25.95, 25.93, 25.92, 25.94, 25.95], [25.77, 25.77, 25.77, 25.77, 25.77, 25.53, 25.5, 25.5, 25.53, 25.24, 24.99, 25.56, 25.57, 26.0, 25.9, 25.9, 25.9, 25.9, 25.9, 25.9], [25.73, 25.73, 25.79, 25.79, 25.79, 25.78, 25.74, 25.5, 25.35, 25.32, 25.22, 25.38, 25.46, 25.36, 25.9, 25.9, 25.9, 25.9, 25.9, 25.9], [25.9, 25.9, 25.9, 25.76, 25.78, 25.83, 25.8, 25.74, 25.15, 25.19, 25.47, 25.28, 25.34, 25.32, 25.9, 25.9, 25.9, 25.9, 25.9, 25.9], [25.9, 25.9, 25.9, 25.9, 25.9, 25.9, 25.9, 25.9, 25.79, 25.33, 24.8, 25.22, 25.27, 25.27, 25.9, 25.9, 25.9, 25.9, 25.9, 25.9], [25.9, 25.9, 25.9, 25.9, 25.9, 25.9, 25.9, 25.9, 25.9, -999.0, 24.8, 25.9, 25.9, 25.24, 25.9, 25.9, 25.9, 25.22, 25.23, 25.24], [25.9, 25.9, 25.9, 25.9, 25.9, 25.9, 25.9, 25.9, 25.9, 25.9, -999.0, 25.9, 25.9, 25.12, 25.46, 25.46, 25.47, 25.32, 25.35, 25.36], [25.9, 25.9, 25.9, 25.9, 25.9, 25.9, 25.9, 25.9, 25.9, 25.9, -999.0, 24.7, 24.7, 24.7, 25.36, 25.36, 25.38, 25.23, 25.26, 25.29], [25.9, 25.9, 25.9, 25.9, 25.9, 25.9, 25.9, 25.9, 25.9, 25.9, 25.9, 25.44, 24.7, 24.7, 24.7, 25.25, 25.29, 25.15, 25.19, 25.23], [25.9, 25.9, 25.9, 25.9, 25.9, 25.9, 25.9, 25.9, 25.9, 25.9, 25.14, 25.23, 25.11, 25.02, 25.13, 24.99, 25.04, 24.96, 25.23, 25.27], [25.9, 25.9, 25.9, 25.9, 25.9, 25.9, 25.9, 25.9, 25.9, 25.9, 25.38, 25.24, 25.08, 24.93, 24.93, 24.92, 25.0, 25.06, 25.11, 25.14], [25.9, 25.9, 25.9, 25.9, 25.9, 25.9, 25.9, 25.9, 25.9, 25.6, 25.43, 25.25, 25.07, 24.94, 24.73, 24.9, 25.01, 25.08, 25.13, 25.16], [25.9, 25.9, 25.9, 25.9, 25.9, 25.9, 25.9, 25.9, 25.79, 25.67, 25.52, 25.37, 25.17, 25.02, 24.88, 24.96, 25.06, 25.12, 25.16, 25.19], [25.9, 25.9, 25.79, 25.79, 25.8, 25.81, 25.83, 25.87, 25.77, 25.66, 25.53, 25.4, 25.24, 25.14, 25.03, 25.07, 25.13, 25.18, 25.21, 25.22], [25.78, 25.78, 25.78, 25.82, 25.82, 25.83, 25.83, 25.84, 25.67, 25.61, 25.53, 25.44, 25.29, 25.12, 25.14, 25.18, 25.22, 25.25, 25.26, 25.26], [25.81, 25.81, 25.81, 25.81, 25.81, 25.81, 25.82, 25.85, 25.62, 25.59, 25.54, 25.47, 25.28, 25.19, 25.23, 25.27, 25.3, 25.31, 25.3, 25.29], [25.8, 25.8, 25.8, 25.85, 25.85, 25.85, 25.84, 25.83, 25.82, 25.82, 25.82, 25.71, 25.54, 25.25, 25.29, 25.34, 25.38, 25.37, 25.35, 25.32], [25.86, 25.86, 25.85, 25.85, 25.85, 25.84, 25.83, 25.82, 25.8, 25.79, 25.8, 25.73, 25.55, 25.52, 25.5, 25.37, 25.45, 25.41, 25.37, 25.34], [25.86, 25.86, 25.85, 25.85, 25.85, 25.84, 25.83, 25.81, 25.77, 25.74, 25.79, 25.74, 25.72, 25.53, 25.5, 25.48, 25.4, 25.4, 25.37, 25.34], [25.86, 25.86, 25.85, 25.85, 25.85, 25.84, 25.83, 25.81, 25.78, 25.75, 25.75, 25.76, 25.75, 25.53, 25.51, 25.53, 25.5, 25.49, 25.36, 25.34], [25.86, 25.86, 25.86, 25.85, 25.85, 25.85, 25.84, 25.83, 25.82, 25.82, 25.79, 25.79, 25.77, 25.65, 25.6, 25.56, 25.54, 25.52, 25.53, 25.53], [25.86, 25.86, 25.86, 25.86, 25.86, 25.86, 25.85, 25.86, 25.87, 25.85, 25.86, 25.82, 25.78, 25.74, 25.63, 25.59, 25.57, 25.55, 25.55, 25.55], [25.86, 25.86, 25.86, 25.86, 25.86, 25.86, 25.87, 25.88, 25.9, 25.9, 25.95, 25.87, 25.81, 25.76, 25.66, 25.62, 25.59, 25.58, 25.57, 25.57], [25.86, 25.86, 25.86, 25.87, 25.87, 25.87, 25.88, 25.89, 25.85, 25.9, 25.92, 25.87, 25.81, 25.77, 25.68, 25.64, 25.61, 25.6, 25.59, 25.58], [25.87, 25.87, 25.87, 25.87, 25.87, 25.87, 25.88, 25.89, 25.84, 25.86, 25.87, 25.84, 25.81, 25.77, 25.69, 25.65, 25.63, 25.61, 25.6, 25.6], [25.87, 25.87, 25.87, 25.87, 25.87, 25.88, 25.88, 25.81, 25.82, 25.83, 25.83, 25.82, 25.8, 25.77, 25.69, 25.66, 25.64, 25.63, 25.61, 25.61]]}]