gis_exercise/awsData/contour/wdir_2023091002.json
[{"header": {"refTime": "2023-09-10T02:00:00.000Z", "nx": 21, "ny": 33, "lo1": 113.509, "la1": 22.2235, "lo2": 113.5947, "la2": 22.1034, "dx": 0.0042850000000001385, "dy": 0.003753125000000024, "parameterCategory": 2, "parameterCategoryName": "Temperature", "parameterNumber": 2}, "data": [-1.5, -1.52, -1.53, -2.22, -2.19, -2.49, -2.43, -2.37, -2.37, -2.43, -2.59, -2.73, -3.35, -3.45, -4.89, -5.13, -6.17, -6.3, -6.4, -6.46, -1.49, -1.51, -1.53, -1.55, -2.19, -2.14, -2.37, -2.24, -2.16, -2.31, -2.57, -2.79, -3.42, -3.52, -4.96, -6.04, -6.24, -6.4, -6.51, -6.56, -1.47, -1.49, -1.52, -1.55, -2.21, -2.16, -2.07, -2.12, -1.73, -2.21, -2.62, -2.92, -3.56, -3.63, -5.78, -6.08, -6.35, -6.55, -6.66, -6.7, -1.45, -1.47, -1.5, -1.53, -1.58, -2.21, -2.14, -2.02, -1.91, -2.37, -2.77, -3.14, -3.75, -3.96, -5.74, -6.18, -6.55, -6.78, -6.88, -6.88, -1.43, -1.44, -1.47, -1.51, -1.56, -2.28, -2.25, -2.21, -2.19, -2.62, -2.93, -3.94, -4.05, -3.99, -5.77, -6.37, -6.87, -7.15, -7.18, -7.09, -1.39, -1.4, -1.43, -1.47, -1.53, -1.63, -2.37, -2.38, -2.4, -2.41, -3.71, -3.9, -4.02, -4.99, -5.91, -6.68, -7.41, -7.73, -7.56, -7.32, -1.25, -1.35, -1.36, -1.39, -1.46, -1.59, -2.05, -2.53, -2.57, -3.1, -3.2, -3.87, -5.2, -5.31, -6.09, -6.99, -8.16, -8.6, -8.36, -8.06, -1.21, -1.2, -1.2, -2.64, -2.62, -1.7, -1.97, -2.36, -2.89, -3.03, -2.89, -4.75, -5.11, -5.65, -7.26, -7.86, -8.59, -8.85, -8.46, -8.19, -1.18, -1.15, -1.12, -1.08, -2.37, -2.42, -2.72, -2.1, -3.49, -3.14, -4.52, -5.36, -6.29, -5.84, -7.25, -7.69, -8.12, -8.32, -8.23, -8.09, -2.31, -2.23, -2.11, -0.96, -0.82, -1.8, -2.47, -3.21, -4.16, -4.0, -5.07, -5.78, -6.58, -6.01, -7.27, -7.55, -7.82, -7.98, -8.0, -7.95, -2.3, -2.22, -2.09, -1.88, -1.45, -0.13, -2.06, -3.45, -4.36, -4.67, -6.0, -5.62, -5.88, -5.81, -7.28, -7.46, -7.64, -7.77, -7.82, -7.82, -2.32, -2.24, -2.14, -1.98, -1.75, -1.67, -2.57, -4.45, -5.38, -5.88, -6.16, -6.69, -6.69, -5.61, -7.28, -7.41, -7.54, -6.92, -6.93, -6.92, -2.35, -2.29, -2.22, -2.14, -2.08, -2.13, -2.4, -3.95, -4.89, -4.21, -5.71, -6.69, -6.67, -5.2, -5.07, -6.37, -6.42, -6.49, -6.56, -6.6, -2.39, -2.35, -2.3, -2.26, -2.23, -2.14, -1.66, -2.93, -3.71, -3.76, -5.48, -5.84, -5.62, -5.4, -4.65, -5.83, -5.93, -6.06, -6.18, -6.29, -2.43, -2.41, -2.38, -2.36, -2.35, -2.32, -2.38, -3.05, -3.44, -3.57, -3.56, -3.66, -5.16, -4.88, -4.69, -5.2, -5.4, -5.62, -5.82, -5.98, -2.48, -2.46, -0.89, -0.92, -0.95, -2.8, -2.81, -2.93, -3.07, -3.17, -3.48, -3.32, -3.13, -3.1, -3.05, -3.28, -3.39, -3.5, -4.07, -4.22, -0.89, -0.91, -0.93, -0.95, -2.82, -2.76, -2.71, -2.68, -2.7, -2.8, -3.1, -3.04, -2.89, -2.66, -2.05, -2.04, -2.02, -2.01, -2.0, -1.99, -0.92, -0.93, -0.95, -0.98, -2.76, -2.66, -2.51, -2.32, -2.24, -1.52, -1.59, -2.84, -2.73, -2.04, -2.09, -2.05, -2.02, -2.0, -1.99, -1.98, -0.93, -0.95, -0.98, -2.79, -2.7, -2.56, -2.35, -1.98, -1.44, -1.51, -1.67, -1.76, -1.96, -2.02, -2.06, -2.04, -2.01, -2.0, -1.98, -1.97, -0.95, -0.97, -1.45, -1.45, -1.45, -1.45, -1.45, -1.44, -1.52, -1.59, -1.67, -1.74, -1.95, -2.01, -2.02, -2.01, -2.0, -1.99, -1.97, -1.97, -1.46, -1.46, -1.46, -1.46, -1.47, -1.47, -1.47, -1.47, -1.6, -1.63, -1.68, -1.74, -1.96, -2.0, -2.0, -2.0, -1.99, -1.98, -1.96, -1.95, -1.47, -1.47, -1.47, -1.48, -1.48, -1.49, -1.49, -1.49, -1.65, -1.67, -1.7, -1.73, -2.06, -1.99, -1.99, -1.99, -1.99, -1.97, -1.95, -1.94, -1.48, -1.48, -1.49, -1.47, -1.48, -1.49, -1.5, -1.51, -1.52, -1.53, -1.52, -1.8, -1.85, -1.97, -1.98, -2.0, -2.02, -1.97, -1.93, -1.92, -1.46, -1.47, -1.47, -1.48, -1.48, -1.49, -1.51, -1.53, -1.56, -1.58, -1.55, -1.75, -1.84, -1.87, -1.9, -1.98, -2.15, -1.89, -1.88, -1.9, -1.46, -1.47, -1.47, -1.47, -1.48, -1.5, -1.52, -1.55, -1.61, -1.66, -1.58, -1.72, -1.77, -1.86, -1.88, -1.88, -1.83, -1.71, -1.84, -1.88, -1.46, -1.46, -1.47, -1.47, -1.48, -1.49, -1.51, -1.54, -1.59, -1.64, -1.67, -1.68, -1.72, -1.85, -1.86, -1.77, -1.76, -1.74, -1.85, -1.88, -1.46, -1.46, -1.46, -1.47, -1.47, -1.48, -1.49, -1.5, -1.52, -1.51, -1.6, -1.61, -1.66, -1.64, -1.69, -1.72, -1.74, -1.74, -1.74, -1.74, -1.46, -1.46, -1.46, -1.46, -1.46, -1.46, -1.46, -1.46, -1.44, -1.49, -1.47, -1.39, -1.41, -1.42, -1.65, -1.69, -1.71, -1.72, -1.72, -1.73, -1.45, -1.45, -1.45, -1.45, -1.45, -1.45, -1.44, -1.42, -1.38, -1.38, -1.25, -1.33, -1.38, -1.4, -1.62, -1.66, -1.68, -1.7, -1.71, -1.71, -1.45, -1.45, -1.45, -1.44, -1.44, -1.43, -1.42, -1.4, -1.37, -1.31, -1.27, -1.32, -1.37, -1.39, -1.59, -1.63, -1.66, -1.68, -1.69, -1.7, -1.45, -1.44, -1.44, -1.44, -1.43, -1.43, -1.41, -1.39, -1.37, -1.34, -1.33, -1.35, -1.37, -1.39, -1.58, -1.62, -1.64, -1.66, -1.68, -1.69, -1.44, -1.44, -1.44, -1.43, -1.43, -1.42, -1.41, -1.4, -1.38, -1.37, -1.36, -1.37, -1.38, -1.39, -1.57, -1.61, -1.63, -1.65, -1.66, -1.67]}, {"header": {"refTime": "2023-09-10T02:00:00.000Z", "nx": 21, "ny": 33, "lo1": 113.509, "la1": 22.2235, "lo2": 113.5947, "la2": 22.1034, "dx": 0.0042850000000001385, "dy": 0.003753125000000024, "parameterCategory": 2, "parameterCategoryName": "Temperature", "parameterNumber": 3}, "data": [1.29, 1.25, 1.2, 0.9, 0.85, 0.98, 0.9, 0.83, 0.81, 0.9, 1.06, 1.22, 1.58, 1.67, 1.47, 1.5, 2.23, 2.21, 2.19, 2.18, 1.32, 1.28, 1.23, 1.16, 0.86, 0.78, 0.83, 0.67, 0.57, 0.75, 1.05, 1.28, 1.66, 1.75, 1.54, 2.24, 2.21, 2.19, 2.17, 2.16, 1.36, 1.32, 1.27, 1.21, 0.89, 0.81, 0.67, 0.54, 0.08, 0.64, 1.09, 1.4, 1.8, 1.87, 2.28, 2.24, 2.19, 2.16, 2.15, 2.14, 1.4, 1.37, 1.33, 1.28, 1.19, 0.88, 0.77, 0.59, 0.41, 0.83, 1.26, 1.62, 2.01, 2.34, 2.29, 2.22, 2.16, 2.12, 2.11, 2.11, 1.45, 1.43, 1.41, 1.36, 1.3, 0.99, 0.95, 0.89, 0.86, 1.15, 1.46, 2.34, 2.42, 2.36, 2.28, 2.19, 2.11, 2.06, 2.06, 2.07, 1.51, 1.5, 1.49, 1.47, 1.43, 1.38, 1.13, 1.16, 1.18, 1.21, 2.19, 2.3, 2.38, 2.41, 2.27, 2.14, 2.02, 1.97, 1.99, 2.04, 2.76, 1.57, 1.58, 1.58, 1.57, 1.54, 1.94, 1.38, 1.44, 1.87, 1.91, 2.26, 2.42, 2.38, 2.25, 2.09, 1.89, 1.82, 1.83, 1.88, 2.78, 2.76, 2.73, 2.65, 2.62, 2.05, 1.97, 1.85, 1.79, 1.84, 1.77, 2.25, 2.32, 2.34, 2.08, 1.97, 1.83, 1.78, 1.86, 1.91, 2.81, 2.79, 2.77, 2.74, 2.66, 2.63, 2.55, 1.93, 2.09, 1.89, 2.0, 2.13, 2.1, 2.12, 2.08, 2.0, 1.92, 1.88, 1.9, 1.93, 3.43, 3.4, 3.35, 2.78, 2.74, 2.68, 2.7, 2.71, 2.44, 2.35, 2.04, 2.06, 2.03, 2.08, 2.07, 2.03, 1.98, 1.95, 1.94, 1.95, 3.44, 3.41, 3.37, 3.29, 3.12, 2.64, 3.24, 3.54, 3.08, 2.7, 2.5, 2.06, 2.06, 2.07, 2.07, 2.04, 2.01, 1.98, 1.98, 1.98, 3.46, 3.44, 3.41, 3.36, 3.28, 3.24, 3.47, 3.71, 3.79, 3.55, 2.69, 2.74, 2.63, 2.07, 2.07, 2.05, 2.03, 1.76, 1.76, 1.75, 3.48, 3.47, 3.46, 3.46, 3.48, 3.6, 3.77, 3.78, 3.79, 3.73, 3.41, 2.85, 2.74, 2.07, 2.06, 1.78, 1.77, 1.76, 1.76, 1.75, 3.5, 3.5, 3.51, 3.54, 3.6, 3.75, 4.0, 3.82, 3.76, 3.72, 3.46, 2.63, 2.48, 2.39, 2.02, 1.77, 1.76, 1.76, 1.76, 1.75, 3.52, 3.53, 3.55, 3.58, 3.64, 3.73, 3.8, 3.62, 3.51, 3.43, 3.37, 2.52, 2.42, 2.31, 2.25, 1.75, 1.75, 1.75, 1.75, 1.75, 3.54, 3.55, 2.99, 3.03, 3.08, 3.45, 3.43, 3.36, 3.28, 3.23, 2.47, 2.38, 2.27, 1.77, 1.76, 2.02, 2.08, 2.14, 2.11, 2.14, 2.92, 2.92, 2.94, 2.95, 3.29, 3.24, 3.15, 3.04, 2.96, 2.97, 2.32, 2.26, 2.16, 2.02, 1.88, 2.02, 2.13, 2.22, 2.29, 2.33, 2.89, 2.88, 2.88, 2.86, 3.15, 3.05, 2.88, 2.66, 2.54, 2.25, 2.26, 2.18, 2.09, 1.88, 1.73, 1.99, 2.15, 2.25, 2.32, 2.36, 2.86, 2.85, 2.83, 3.13, 3.04, 2.91, 2.69, 2.33, 1.92, 2.12, 1.92, 1.91, 2.01, 1.95, 1.96, 2.08, 2.22, 2.31, 2.37, 2.4, 2.83, 2.81, 2.77, 2.73, 2.66, 2.57, 2.42, 2.22, 1.89, 1.92, 1.95, 1.94, 2.08, 2.07, 2.18, 2.25, 2.33, 2.4, 2.43, 2.45, 2.79, 2.77, 2.74, 2.69, 2.63, 2.56, 2.46, 2.36, 1.97, 1.99, 2.0, 1.99, 2.16, 2.31, 2.35, 2.41, 2.47, 2.5, 2.5, 2.5, 2.77, 2.74, 2.71, 2.67, 2.62, 2.57, 2.51, 1.95, 2.06, 2.07, 2.07, 2.05, 2.47, 2.42, 2.48, 2.55, 2.6, 2.6, 2.57, 2.54, 2.75, 2.73, 2.7, 1.9, 1.92, 1.94, 1.96, 2.0, 2.03, 2.05, 2.02, 2.52, 2.71, 2.5, 2.57, 2.66, 2.76, 2.71, 2.62, 2.57, 1.87, 1.88, 1.89, 1.9, 1.92, 1.95, 1.99, 2.05, 2.13, 2.16, 2.1, 2.36, 2.7, 2.73, 2.76, 2.71, 2.99, 2.69, 2.62, 2.58, 1.86, 1.87, 1.88, 1.89, 1.92, 1.95, 2.0, 2.09, 2.24, 2.38, 2.17, 2.31, 2.35, 2.72, 2.74, 2.75, 2.63, 2.52, 2.59, 2.58, 1.86, 1.86, 1.87, 1.88, 1.9, 1.93, 1.97, 2.05, 2.2, 2.33, 2.27, 2.22, 2.25, 2.71, 2.72, 2.49, 2.52, 2.51, 2.58, 2.57, 1.85, 1.85, 1.86, 1.87, 1.88, 1.89, 1.91, 1.95, 1.99, 1.98, 2.06, 2.06, 2.13, 2.16, 2.29, 2.39, 2.44, 2.46, 2.46, 2.45, 1.84, 1.84, 1.84, 1.84, 1.85, 1.85, 1.84, 1.83, 1.77, 1.81, 1.73, 1.69, 1.79, 1.87, 2.2, 2.3, 2.37, 2.4, 2.41, 2.41, 1.83, 1.83, 1.83, 1.82, 1.82, 1.8, 1.78, 1.73, 1.62, 1.52, 1.25, 1.52, 1.7, 1.81, 2.11, 2.22, 2.29, 2.34, 2.36, 2.37, 1.82, 1.82, 1.81, 1.8, 1.79, 1.77, 1.73, 1.67, 1.62, 1.44, 1.33, 1.51, 1.66, 1.77, 2.06, 2.16, 2.23, 2.28, 2.31, 2.33, 1.81, 1.8, 1.8, 1.79, 1.77, 1.75, 1.71, 1.65, 1.64, 1.55, 1.52, 1.58, 1.68, 1.76, 2.02, 2.12, 2.19, 2.24, 2.27, 2.29, 1.8, 1.79, 1.79, 1.77, 1.76, 1.73, 1.7, 1.74, 1.69, 1.64, 1.63, 1.66, 1.71, 1.77, 2.01, 2.09, 2.15, 2.2, 2.24, 2.26]}, {"header": {"refTime": "2023-09-10T02:00:00.000Z", "nx": 21, "ny": 33, "lo1": 113.509, "la1": 22.2235, "lo2": 113.5947, "la2": 22.1034, "dx": 0.0042850000000001385, "dy": 0.003753125000000024, "parameterCategory": 0, "parameterCategoryName": "Temperature", "parameterNumber": 0}, "data": [[25.7, 25.7, 25.72, 25.73, 25.74, 25.85, 25.86, 25.88, 25.88, 25.83, 25.81, 25.79, 25.92, 25.92, 25.92, 25.92, 25.92, 25.93, 25.93, 25.93], [25.69, 25.7, 25.71, 25.72, 25.74, 25.76, 25.87, 25.9, 25.91, 25.86, 25.82, 25.79, 25.91, 25.91, 25.91, 25.92, 25.93, 25.93, 25.93, 25.94], [25.68, 25.69, 25.7, 25.71, 25.73, 25.75, 25.79, 25.91, 25.98, 25.88, 25.81, 25.78, 25.9, 25.9, 25.91, 25.92, 25.93, 25.93, 25.94, 25.94], [25.67, 25.68, 25.69, 25.7, 25.72, 25.74, 25.77, 25.82, 25.86, 25.84, 25.79, 25.77, 25.88, 25.77, 25.91, 25.92, 25.93, 25.94, 25.94, 25.95], [25.66, 25.66, 25.67, 25.68, 25.69, 25.71, 25.72, 25.74, 25.74, 25.77, 25.74, 25.76, 25.79, 25.78, 25.91, 25.93, 25.94, 25.95, 25.95, 25.95], [25.65, 25.65, 25.65, 25.66, 25.66, 25.68, 25.68, 25.67, 25.66, 25.63, 25.7, 25.75, 25.78, 25.87, 25.92, 25.94, 25.96, 25.96, 25.96, 25.96], [25.49, 25.63, 25.63, 25.63, 25.63, 25.64, 25.5, 25.63, 25.61, 25.59, 25.59, 25.75, 25.91, 25.9, 25.93, 25.95, 25.97, 25.98, 25.96, 25.95], [25.49, 25.48, 25.48, 25.49, 25.49, 25.48, 25.5, 25.53, 25.6, 25.56, 25.49, 25.82, 25.82, 25.9, 26.0, 26.0, 26.0, 26.0, 26.0, 26.0], [25.51, 25.51, 25.48, 25.47, 25.47, 25.48, 25.5, 25.51, 25.54, 25.6, 25.63, 25.72, 25.76, 25.7, 26.0, 26.0, 26.0, 26.0, 26.0, 26.0], [25.4, 25.4, 25.4, 25.49, 25.48, 25.45, 25.47, 25.5, 25.49, 25.5, 25.76, 25.66, 25.7, 25.68, 26.0, 26.0, 26.0, 26.0, 26.0, 26.0], [25.4, 25.4, 25.4, 25.4, 25.4, 25.4, 25.4, 25.4, 25.47, 25.53, 25.4, 25.63, 25.66, 25.66, 26.0, 26.0, 26.0, 26.0, 26.0, 26.0], [25.4, 25.4, 25.4, 25.4, 25.4, 25.4, 25.4, 25.4, 25.4, -999.0, 25.4, 26.0, 26.0, 25.64, 26.0, 26.0, 26.0, 25.66, 25.67, 25.67], [25.4, 25.4, 25.4, 25.4, 25.4, 25.4, 25.4, 25.4, 25.4, 25.4, -999.0, 26.0, 26.0, 25.61, 25.78, 25.78, 25.79, 25.71, 25.72, 25.73], [25.4, 25.4, 25.4, 25.4, 25.4, 25.4, 25.4, 25.4, 25.4, 25.4, -999.0, 25.4, 25.4, 25.4, 25.73, 25.73, 25.74, 25.67, 25.68, 25.69], [25.4, 25.4, 25.4, 25.4, 25.4, 25.4, 25.4, 25.5, 25.5, 25.5, 25.5, 25.46, 25.4, 25.4, 25.4, 25.67, 25.69, 25.62, 25.64, 25.66], [25.4, 25.4, 25.46, 25.46, 25.47, 25.5, 25.5, 25.5, 25.5, 25.5, 25.44, 25.44, 25.43, 25.43, 25.44, 25.44, 25.44, 25.43, 25.58, 25.6], [25.46, 25.46, 25.44, 25.44, 25.5, 25.5, 25.5, 25.5, 25.5, 25.5, 25.46, 25.44, 25.43, 25.42, 25.42, 25.44, 25.46, 25.47, 25.48, 25.49], [25.44, 25.44, 25.44, 25.44, 25.5, 25.5, 25.5, 25.5, 25.5, 25.47, 25.46, 25.45, 25.43, 25.42, 25.4, 25.44, 25.46, 25.47, 25.48, 25.49], [25.44, 25.44, 25.44, 25.5, 25.5, 25.5, 25.5, 25.5, 25.49, 25.48, 25.43, 25.42, 25.45, 25.43, 25.44, 25.45, 25.47, 25.48, 25.49, 25.5], [25.44, 25.44, 25.39, 25.39, 25.4, 25.41, 25.43, 25.47, 25.47, 25.45, 25.43, 25.42, 25.45, 25.44, 25.46, 25.47, 25.48, 25.49, 25.5, 25.5], [25.38, 25.38, 25.38, 25.42, 25.42, 25.43, 25.43, 25.44, 25.44, 25.43, 25.42, 25.41, 25.46, 25.48, 25.48, 25.49, 25.5, 25.51, 25.51, 25.51], [25.41, 25.41, 25.41, 25.41, 25.41, 25.41, 25.42, 25.36, 25.41, 25.41, 25.4, 25.4, 25.4, 25.5, 25.5, 25.51, 25.51, 25.52, 25.52, 25.52], [25.4, 25.4, 25.4, 25.33, 25.33, 25.33, 25.33, 25.33, 25.33, 25.32, 25.32, 25.41, 25.46, 25.51, 25.51, 25.52, 25.52, 25.53, 25.53, 25.52], [25.31, 25.31, 25.31, 25.32, 25.32, 25.32, 25.31, 25.31, 25.31, 25.3, 25.3, 25.3, 25.45, 25.48, 25.5, 25.53, 25.52, 25.54, 25.54, 25.53], [25.31, 25.31, 25.31, 25.31, 25.3, 25.3, 25.3, 25.3, 25.29, 25.3, 25.29, 25.29, 25.3, 25.47, 25.5, 25.52, 25.55, 25.56, 25.54, 25.53], [25.3, 25.3, 25.3, 25.3, 25.29, 25.29, 25.29, 25.28, 25.28, 25.29, 25.27, 25.27, 25.29, 25.47, 25.49, 25.48, 25.51, 25.52, 25.54, 25.53], [25.3, 25.29, 25.29, 25.29, 25.28, 25.28, 25.27, 25.27, 25.26, 25.25, 25.25, 25.25, 25.27, 25.39, 25.43, 25.46, 25.48, 25.49, 25.49, 25.48], [25.29, 25.29, 25.28, 25.28, 25.27, 25.27, 25.26, 25.25, 25.23, 25.21, 25.2, 25.23, 25.27, 25.31, 25.4, 25.43, 25.46, 25.47, 25.47, 25.47], [25.29, 25.28, 25.28, 25.27, 25.27, 25.26, 25.25, 25.23, 25.21, 25.17, 25.14, 25.2, 25.25, 25.29, 25.38, 25.41, 25.43, 25.45, 25.45, 25.46], [25.28, 25.28, 25.28, 25.27, 25.26, 25.25, 25.24, 25.22, 25.21, 25.18, 25.16, 25.2, 25.24, 25.28, 25.37, 25.4, 25.42, 25.43, 25.44, 25.44], [25.28, 25.28, 25.27, 25.27, 25.26, 25.25, 25.24, 25.22, 25.22, 25.21, 25.2, 25.22, 25.25, 25.28, 25.36, 25.38, 25.4, 25.42, 25.43, 25.43], [25.28, 25.27, 25.27, 25.26, 25.26, 25.25, 25.24, 25.25, 25.24, 25.23, 25.23, 25.24, 25.26, 25.28, 25.35, 25.38, 25.39, 25.41, 25.42, 25.42]]}]