gis_exercise/awsData/contour/wdir_2023090408.json
[{"header": {"refTime": "2023-09-04T08:00:00.000Z", "nx": 21, "ny": 33, "lo1": 113.509, "la1": 22.2235, "lo2": 113.5947, "la2": 22.1034, "dx": 0.0042850000000001385, "dy": 0.003753125000000024, "parameterCategory": 2, "parameterCategoryName": "Temperature", "parameterNumber": 2}, "data": [0.41, 0.39, 0.38, 0.71, 0.65, 0.62, 0.54, 0.47, 0.45, 0.56, 0.72, 0.86, 0.99, 1.07, 1.14, 1.19, 1.78, 1.78, 1.78, 1.78, 0.42, 0.41, 0.39, 0.36, 0.66, 0.57, 0.48, 0.32, 0.23, 0.43, 0.69, 0.9, 1.06, 1.14, 1.2, 1.78, 1.78, 1.78, 1.78, 1.78, 0.43, 0.42, 0.41, 0.39, 0.69, 0.6, 0.45, 0.21, -0.22, 0.32, 0.74, 1.0, 1.18, 1.24, 1.78, 1.78, 1.78, 1.78, 1.78, 1.78, 0.44, 0.44, 0.43, 0.42, 0.4, 0.68, 0.56, 0.36, 0.17, 0.51, 0.89, 1.18, 1.36, 1.75, 1.78, 1.78, 1.78, 1.78, 1.78, 1.78, 0.46, 0.46, 0.46, 0.46, 0.46, 0.79, 0.74, 0.68, 0.66, 0.83, 1.09, 1.75, 1.77, 1.75, 1.78, 1.78, 1.78, 1.79, 1.79, 1.79, 0.47, 0.47, 0.48, 0.49, 0.51, 0.55, 0.94, 0.97, 1.0, 1.05, 1.72, 1.74, 1.76, 2.06, 1.78, 1.78, 1.79, 1.79, 1.79, 1.79, 0.84, 0.49, 0.5, 0.52, 0.55, 0.62, 1.23, 1.19, 1.26, 1.62, 1.65, 1.72, 2.1, 2.17, 1.78, 1.78, 1.79, 1.8, 2.02, 2.08, 0.82, 0.81, 0.81, 1.2, 1.21, 1.07, 1.18, 1.35, 1.54, 1.62, 1.65, 2.0, 2.08, 2.29, 2.28, 2.16, 2.0, 1.94, 2.03, 2.09, 0.8, 0.79, 0.77, 0.76, 1.1, 1.13, 1.26, 1.24, 1.71, 1.62, 2.08, 2.29, 2.64, 2.47, 2.36, 2.23, 2.12, 2.07, 2.08, 2.12, 1.05, 1.02, 0.98, 0.7, 0.64, 0.89, 1.13, 1.4, 1.86, 1.84, 2.25, 2.48, 2.79, 2.55, 2.42, 2.3, 2.21, 2.16, 2.15, 2.15, 1.05, 1.02, 0.98, 0.91, 0.75, 0.3, 0.94, 1.39, 1.71, 1.98, 2.52, 2.43, 2.52, 2.48, 2.43, 2.33, 2.26, 2.21, 2.19, 2.19, 1.06, 1.03, 1.0, 0.95, 0.87, 0.84, 1.13, 1.7, 1.97, 2.27, 2.52, 2.59, 2.62, 2.42, 2.41, 2.34, 2.29, 2.48, 2.45, 2.44, 1.07, 1.05, 1.03, 1.01, 0.99, 1.03, 1.14, 1.57, 1.83, 1.63, 2.27, 2.56, 2.58, 2.62, 2.61, 2.6, 2.55, 2.52, 2.49, 2.48, 1.08, 1.07, 1.06, 1.06, 1.06, 1.06, 0.97, 1.29, 1.5, 1.51, 2.19, 2.76, 2.78, 2.79, 2.6, 2.6, 2.57, 2.54, 2.52, 2.5, 1.1, 1.1, 1.09, 1.09, 1.1, 1.11, 1.14, 1.4, 1.51, 1.55, 1.56, 2.11, 2.74, 2.74, 2.74, 2.6, 2.58, 2.56, 2.54, 2.52, 1.12, 1.11, 0.73, 0.75, 0.76, 1.34, 1.35, 1.38, 1.43, 1.46, 2.0, 2.08, 2.17, 2.41, 2.45, 2.84, 2.88, 2.91, 2.56, 2.56, 0.74, 0.74, 0.75, 0.77, 1.36, 1.35, 1.34, 1.34, 1.35, 1.38, 1.92, 2.05, 2.18, 2.32, 2.48, 2.42, 2.36, 2.31, 2.27, 2.24, 0.75, 0.76, 0.77, 0.79, 1.35, 1.33, 1.3, 1.27, 1.25, 1.35, 1.5, 2.01, 2.18, 2.46, 2.58, 2.44, 2.36, 2.3, 2.25, 2.22, 0.76, 0.77, 0.79, 1.36, 1.34, 1.32, 1.27, 1.2, 1.14, 1.3, 1.78, 1.98, 2.29, 2.44, 2.46, 2.4, 2.33, 2.27, 2.23, 2.2, 0.77, 0.78, 1.4, 1.39, 1.38, 1.36, 1.32, 1.26, 1.38, 1.59, 1.8, 1.97, 2.29, 2.41, 2.35, 2.32, 2.28, 2.24, 2.2, 2.18, 1.44, 1.44, 1.44, 1.44, 1.44, 1.43, 1.41, 1.39, 1.65, 1.74, 1.87, 1.99, 2.3, 2.29, 2.29, 2.27, 2.24, 2.21, 2.17, 2.14, 1.47, 1.48, 1.48, 1.49, 1.5, 1.51, 1.52, 1.67, 1.85, 1.9, 1.97, 2.04, 2.77, 2.24, 2.24, 2.25, 2.24, 2.19, 2.13, 2.1, 1.5, 1.51, 1.53, 1.74, 1.74, 1.76, 1.78, 1.81, 1.86, 1.89, 1.88, 2.27, 2.2, 2.2, 2.21, 2.25, 2.33, 2.19, 2.06, 2.05, 1.75, 1.75, 1.76, 1.77, 1.79, 1.82, 1.87, 1.94, 2.03, 2.07, 2.02, 2.47, 2.2, 2.16, 2.15, 2.21, 2.68, 1.95, 1.92, 1.98, 1.76, 1.77, 1.78, 1.8, 1.82, 1.86, 1.92, 2.02, 2.18, 2.31, 2.13, 2.43, 2.48, 2.14, 2.1, 2.05, 1.79, 1.45, 1.81, 1.92, 1.77, 1.78, 1.8, 1.82, 1.84, 1.88, 1.94, 2.03, 2.17, 2.29, 2.37, 2.37, 2.42, 2.13, 2.06, 1.85, 1.75, 1.67, 1.83, 1.92, 1.78, 1.79, 1.81, 1.83, 1.85, 1.89, 1.93, 1.98, 2.04, 2.05, 2.25, 2.27, 2.34, 1.84, 1.84, 1.83, 1.78, 1.76, 1.77, 1.79, 1.79, 1.8, 1.81, 1.83, 1.85, 1.87, 1.9, 1.92, 1.92, 2.1, 2.06, 1.75, 1.69, 1.61, 1.82, 1.82, 1.8, 1.79, 1.79, 1.8, 1.79, 1.8, 1.82, 1.83, 1.84, 1.86, 1.87, 1.87, 1.85, 1.93, 1.69, 1.71, 1.68, 1.62, 1.81, 1.81, 1.81, 1.8, 1.81, 1.81, 1.8, 1.81, 1.81, 1.83, 1.84, 1.84, 1.85, 1.84, 1.76, 1.72, 1.69, 1.69, 1.67, 1.62, 1.8, 1.81, 1.81, 1.81, 1.81, 1.82, 1.8, 1.8, 1.81, 1.82, 1.83, 1.83, 1.83, 1.82, 1.74, 1.72, 1.7, 1.69, 1.66, 1.62, 1.8, 1.81, 1.81, 1.81, 1.82, 1.82, 1.8, 1.8, 1.81, 1.82, 1.82, 1.82, 1.82, 1.74, 1.73, 1.71, 1.7, 1.68, 1.65, 1.62, 1.8, 1.8, 1.81, 1.81, 1.82, 1.82]}, {"header": {"refTime": "2023-09-04T08:00:00.000Z", "nx": 21, "ny": 33, "lo1": 113.509, "la1": 22.2235, "lo2": 113.5947, "la2": 22.1034, "dx": 0.0042850000000001385, "dy": 0.003753125000000024, "parameterCategory": 2, "parameterCategoryName": "Temperature", "parameterNumber": 3}, "data": [-1.31, -1.29, -1.26, -0.89, -0.87, -0.89, -0.86, -0.84, -0.82, -0.7, -0.72, -0.74, -1.28, -1.32, -1.38, -1.46, -2.15, -2.19, -2.22, -2.25, -1.33, -1.3, -1.28, -1.24, -0.88, -0.85, -0.85, -0.8, -0.76, -0.68, -0.72, -0.74, -1.28, -1.32, -1.39, -2.09, -2.16, -2.21, -2.25, -2.27, -1.34, -1.33, -1.3, -1.26, -0.89, -0.86, -0.82, -0.77, -0.64, -0.67, -0.72, -0.76, -1.27, -1.32, -1.98, -2.09, -2.18, -2.25, -2.29, -2.31, -1.37, -1.35, -1.33, -1.3, -1.25, -0.89, -0.86, -0.79, -0.74, -0.69, -0.74, -0.79, -1.24, -1.33, -1.95, -2.12, -2.23, -2.31, -2.34, -2.35, -1.4, -1.39, -1.37, -1.35, -1.31, -0.93, -0.92, -0.89, -0.87, -0.72, -0.76, -1.26, -1.08, -1.3, -1.97, -2.18, -2.32, -2.39, -2.41, -2.4, -1.43, -1.42, -1.42, -1.4, -1.38, -1.35, -0.99, -1.0, -0.99, -0.94, -1.39, -1.38, -1.28, -1.93, -2.07, -2.28, -2.46, -2.53, -2.5, -2.45, -1.6, -1.47, -1.47, -1.47, -1.46, -1.43, -1.43, -1.12, -1.12, -1.41, -1.43, -1.66, -2.35, -2.32, -2.22, -2.4, -2.63, -2.71, -2.65, -2.59, -1.61, -1.62, -1.63, -2.21, -2.18, -1.53, -1.47, -1.42, -1.46, -1.33, -1.05, -2.45, -2.7, -2.62, -3.06, -3.02, -2.96, -2.93, -2.97, -2.99, -1.61, -1.62, -1.64, -1.67, -2.2, -2.18, -2.13, -1.45, -1.6, -1.46, -2.03, -2.57, -2.94, -2.77, -3.09, -3.04, -3.0, -2.98, -2.99, -3.0, -2.13, -2.13, -2.13, -1.69, -1.75, -2.2, -2.24, -2.27, -1.9, -1.77, -2.32, -2.67, -2.98, -2.79, -3.11, -3.06, -3.03, -3.01, -3.01, -3.01, -2.12, -2.12, -2.11, -2.11, -2.11, -2.09, -2.22, -2.44, -2.61, -2.13, -2.59, -2.59, -2.71, -2.69, -3.11, -3.08, -3.05, -3.04, -3.03, -3.03, -2.11, -2.1, -2.09, -2.08, -2.07, -2.08, -2.19, -2.64, -2.91, -2.86, -2.71, -3.25, -3.25, -2.61, -3.1, -3.08, -3.06, -2.94, -2.93, -2.92, -2.1, -2.09, -2.07, -2.04, -1.99, -1.9, -1.84, -2.39, -2.73, -2.54, -2.77, -3.26, -3.25, -2.98, -2.96, -2.94, -2.92, -2.91, -2.91, -2.9, -2.09, -2.07, -2.05, -2.01, -1.94, -1.76, -1.34, -1.98, -2.33, -2.38, -2.69, -3.13, -3.09, -3.05, -2.9, -2.88, -2.88, -2.88, -2.88, -2.88, -2.09, -2.07, -2.04, -2.0, -1.94, -1.84, -1.8, -1.92, -2.1, -2.18, -2.19, -2.61, -3.01, -2.96, -2.93, -2.82, -2.83, -2.84, -2.85, -2.86, -2.09, -2.07, -1.61, -1.58, -1.55, -1.87, -1.88, -1.95, -2.03, -2.08, -2.54, -2.54, -2.54, -2.53, -2.54, -2.74, -2.76, -2.79, -2.69, -2.7, -1.63, -1.62, -1.61, -1.6, -1.93, -1.92, -1.92, -1.94, -1.97, -2.01, -2.44, -2.47, -2.5, -2.5, -2.45, -2.6, -2.63, -2.66, -2.68, -2.69, -1.63, -1.63, -1.62, -1.61, -1.94, -1.93, -1.92, -1.91, -1.91, -1.8, -1.86, -2.42, -2.47, -2.44, -2.49, -2.59, -2.63, -2.66, -2.68, -2.7, -1.64, -1.63, -1.63, -1.96, -1.95, -1.93, -1.91, -1.87, -1.8, -1.81, -1.72, -1.79, -2.37, -2.43, -2.58, -2.61, -2.65, -2.68, -2.7, -2.71, -1.64, -1.64, -1.15, -1.17, -1.21, -1.26, -1.35, -1.49, -1.7, -1.65, -1.65, -1.71, -2.36, -2.42, -2.64, -2.66, -2.69, -2.71, -2.72, -2.72, -1.1, -1.11, -1.12, -1.14, -1.17, -1.21, -1.26, -1.32, -1.55, -1.54, -1.54, -1.6, -2.37, -2.68, -2.69, -2.71, -2.72, -2.73, -2.74, -2.74, -1.08, -1.09, -1.1, -1.1, -1.11, -1.13, -1.14, -1.23, -1.37, -1.37, -1.39, -1.46, -1.87, -2.71, -2.73, -2.74, -2.76, -2.76, -2.76, -2.75, -1.07, -1.06, -1.06, -1.19, -1.18, -1.16, -1.13, -1.08, -1.03, -1.0, -1.01, -1.39, -1.87, -2.73, -2.75, -2.77, -2.79, -2.79, -2.78, -2.77, -1.19, -1.19, -1.17, -1.16, -1.13, -1.1, -1.04, -0.95, -0.84, -0.79, -0.86, -1.22, -1.82, -2.1, -2.34, -2.79, -2.81, -2.81, -2.79, -2.78, -1.18, -1.17, -1.16, -1.14, -1.11, -1.06, -0.99, -0.87, -0.66, -0.49, -0.74, -1.16, -1.41, -2.06, -2.32, -2.53, -2.81, -2.81, -2.79, -2.78, -1.17, -1.16, -1.15, -1.13, -1.09, -1.05, -0.98, -0.87, -0.68, -0.53, -0.9, -1.18, -1.4, -2.02, -2.26, -2.64, -2.69, -2.71, -2.79, -2.78, -1.17, -1.16, -1.14, -1.12, -1.1, -1.06, -1.02, -0.95, -0.89, -0.88, -1.12, -1.27, -1.42, -2.39, -2.49, -2.57, -2.62, -2.65, -2.64, -2.63, -1.17, -1.16, -1.15, -1.13, -1.11, -1.09, -1.07, -1.06, -1.08, -1.26, -1.34, -1.38, -1.45, -1.56, -2.42, -2.5, -2.56, -2.59, -2.6, -2.59, -1.17, -1.16, -1.15, -1.14, -1.13, -1.12, -1.12, -1.14, -1.21, -1.43, -1.53, -1.47, -1.49, -1.56, -2.36, -2.44, -2.5, -2.53, -2.55, -2.56, -1.17, -1.16, -1.16, -1.15, -1.15, -1.15, -1.16, -1.19, -1.38, -1.46, -1.51, -1.49, -1.5, -1.56, -2.32, -2.4, -2.45, -2.49, -2.51, -2.52, -1.17, -1.17, -1.17, -1.16, -1.16, -1.17, -1.18, -1.21, -1.4, -1.45, -1.48, -1.49, -1.51, -1.55, -2.3, -2.36, -2.42, -2.45, -2.48, -2.5, -1.18, -1.17, -1.17, -1.17, -1.17, -1.18, -1.2, -1.39, -1.42, -1.44, -1.47, -1.49, -1.52, -1.55, -2.28, -2.34, -2.39, -2.43, -2.45, -2.47]}, {"header": {"refTime": "2023-09-04T08:00:00.000Z", "nx": 21, "ny": 33, "lo1": 113.509, "la1": 22.2235, "lo2": 113.5947, "la2": 22.1034, "dx": 0.0042850000000001385, "dy": 0.003753125000000024, "parameterCategory": 0, "parameterCategoryName": "Temperature", "parameterNumber": 0}, "data": [[29.14, 29.14, 29.15, 29.0, 29.01, 29.24, 29.25, 29.26, 29.27, 29.26, 29.26, 29.27, 29.52, 29.53, 29.57, 29.58, 29.7, 29.7, 29.71, 29.71], [29.14, 29.14, 29.14, 29.15, 29.01, 29.03, 29.25, 29.26, 29.28, 29.27, 29.27, 29.28, 29.52, 29.54, 29.58, 29.69, 29.7, 29.71, 29.71, 29.71], [29.14, 29.14, 29.14, 29.14, 29.0, 29.03, 29.07, 29.26, 29.29, 29.27, 29.27, 29.3, 29.54, 29.55, 29.68, 29.69, 29.7, 29.71, 29.71, 29.72], [29.14, 29.14, 29.14, 29.14, 29.14, 29.01, 29.04, 29.09, 29.15, 29.25, 29.27, 29.33, 29.56, 29.45, 29.68, 29.7, 29.71, 29.72, 29.72, 29.72], [29.14, 29.14, 29.13, 29.13, 29.13, 28.97, 28.99, 29.01, 29.01, 29.21, 29.25, 29.44, 29.54, 29.47, 29.68, 29.7, 29.72, 29.73, 29.73, 29.73], [29.14, 29.14, 29.13, 29.13, 29.12, 29.1, 28.94, 28.93, 28.91, 28.9, 29.28, 29.4, 29.49, 29.63, 29.69, 29.71, 29.74, 29.75, 29.74, 29.74], [29.08, 29.14, 29.13, 29.13, 29.11, 29.09, 28.9, 28.87, 28.85, 28.93, 28.97, 29.34, 29.66, 29.65, 29.7, 29.73, 29.76, 29.77, 29.76, 29.75], [29.09, 29.09, 29.09, 29.09, 29.08, 28.97, 28.92, 28.85, 28.84, 28.9, 28.83, 29.39, 29.4, 29.65, 29.76, 29.75, 29.77, 29.78, 29.77, 29.76], [29.01, 29.02, 29.11, 29.12, 29.12, 29.1, 29.04, 28.9, 28.77, 28.95, 29.08, 29.23, 29.3, 29.21, 29.76, 29.75, 29.76, 29.77, 29.76, 29.76], [29.3, 29.3, 29.3, 29.07, 29.1, 29.19, 29.13, 29.04, 28.74, 28.75, 29.31, 29.14, 29.19, 29.17, 29.76, 29.74, 29.75, 29.76, 29.76, 29.75], [29.3, 29.3, 29.3, 29.3, 29.3, 29.3, 29.3, 29.3, 29.12, 28.77, 28.7, 29.08, 29.13, 29.13, 29.76, 29.74, 29.75, 29.75, 29.75, 29.75], [29.3, 29.3, 29.3, 29.3, 29.3, 29.3, 29.3, 29.3, 29.3, -999.0, 28.7, 29.7, 29.7, 29.1, 29.76, 29.74, 29.74, 29.29, 29.3, 29.3], [29.3, 29.3, 29.3, 29.3, 29.3, 29.3, 29.3, 29.3, 29.3, 29.3, -999.0, 29.7, 29.7, 29.18, 29.41, 29.47, 29.48, 29.37, 29.38, 29.39], [29.3, 29.3, 29.3, 29.3, 29.3, 29.3, 29.3, 29.3, 29.3, 29.3, -999.0, 28.9, 28.9, 28.9, 29.34, 29.4, 29.41, 29.3, 29.32, 29.34], [29.3, 29.3, 29.3, 29.3, 29.3, 29.3, 29.3, 29.0, 29.0, 29.0, 29.0, 28.96, 28.9, 28.9, 28.9, 29.31, 29.34, 29.24, 29.27, 29.29], [29.3, 29.3, 29.11, 29.11, 29.1, 29.0, 29.0, 29.0, 29.0, 29.0, 28.94, 28.94, 28.93, 28.93, 28.94, 28.94, 28.94, 28.93, 29.16, 29.18], [29.11, 29.11, 29.19, 29.19, 29.0, 29.0, 29.0, 29.0, 29.0, 29.0, 28.96, 28.94, 28.93, 28.92, 28.92, 28.9, 28.9, 28.9, 28.9, 28.9], [29.19, 29.19, 29.18, 29.18, 29.0, 29.0, 29.0, 29.0, 29.0, 28.97, 28.96, 28.95, 28.93, 28.92, 28.9, 28.9, 28.9, 28.9, 28.9, 28.9], [29.19, 29.18, 29.18, 29.0, 29.0, 29.0, 29.0, 29.0, 28.99, 28.98, 28.92, 28.9, 28.95, 28.93, 28.9, 28.9, 28.9, 28.9, 28.9, 28.9], [29.18, 29.18, 28.83, 28.84, 28.85, 28.86, 28.89, 28.95, 28.96, 28.93, 28.91, 28.89, 28.95, 28.94, 28.9, 28.9, 28.9, 28.9, 28.9, 28.9], [28.82, 28.82, 28.83, 28.88, 28.88, 28.89, 28.9, 28.91, 28.91, 28.9, 28.89, 28.88, 28.96, 28.9, 28.91, 28.91, 28.91, 28.91, 28.9, 28.9], [28.86, 28.86, 28.86, 28.87, 28.87, 28.87, 28.87, 28.81, 28.87, 28.87, 28.86, 28.86, 28.87, 28.91, 28.91, 28.91, 28.91, 28.91, 28.9, 28.9], [28.85, 28.85, 28.85, 28.76, 28.77, 28.77, 28.77, 28.77, 28.76, 28.75, 28.75, 28.87, 28.83, 28.91, 28.91, 28.92, 28.92, 28.91, 28.9, 28.9], [28.75, 28.75, 28.75, 28.75, 28.75, 28.75, 28.74, 28.74, 28.73, 28.72, 28.72, 28.72, 28.82, 28.85, 28.87, 28.91, 28.95, 28.9, 28.89, 28.89], [28.74, 28.74, 28.74, 28.74, 28.73, 28.73, 28.72, 28.72, 28.71, 28.7, 28.7, 28.71, 28.73, 28.84, 28.86, 28.88, 28.88, 28.86, 28.88, 28.89], [28.73, 28.73, 28.73, 28.73, 28.72, 28.71, 28.71, 28.7, 28.69, 28.69, 28.69, 28.69, 28.72, 28.84, 28.86, 28.84, 28.84, 28.84, 28.89, 28.89], [28.73, 28.72, 28.72, 28.72, 28.71, 28.7, 28.69, 28.68, 28.67, 28.66, 28.66, 28.67, 28.69, 28.76, 28.79, 28.81, 28.83, 28.83, 28.83, 28.83], [28.72, 28.72, 28.71, 28.71, 28.7, 28.69, 28.68, 28.66, 28.64, 28.62, 28.61, 28.6, 28.63, 28.65, 28.77, 28.79, 28.81, 28.81, 28.82, 28.82], [28.72, 28.71, 28.71, 28.7, 28.69, 28.68, 28.67, 28.65, 28.62, 28.58, 28.53, 28.58, 28.61, 28.63, 28.75, 28.77, 28.79, 28.8, 28.81, 28.81], [28.71, 28.71, 28.7, 28.69, 28.68, 28.67, 28.66, 28.64, 28.59, 28.56, 28.54, 28.57, 28.6, 28.63, 28.73, 28.76, 28.78, 28.79, 28.79, 28.8], [28.71, 28.7, 28.7, 28.69, 28.68, 28.67, 28.66, 28.64, 28.6, 28.58, 28.58, 28.59, 28.61, 28.63, 28.73, 28.75, 28.76, 28.78, 28.78, 28.79], [28.7, 28.7, 28.69, 28.69, 28.68, 28.67, 28.66, 28.61, 28.6, 28.6, 28.6, 28.6, 28.61, 28.63, 28.72, 28.74, 28.76, 28.77, 28.78, 28.78]]}]