gis_exercise/awsData/contour/wdir_2023091407.json
[{"header": {"refTime": "2023-09-14T07:00:00.000Z", "nx": 21, "ny": 33, "lo1": 113.509, "la1": 22.2235, "lo2": 113.5947, "la2": 22.1034, "dx": 0.0042850000000001385, "dy": 0.003753125000000024, "parameterCategory": 2, "parameterCategoryName": "Temperature", "parameterNumber": 2}, "data": [-0.68, -0.68, -0.69, -0.92, -0.9, -0.96, -0.92, -0.89, -0.88, -0.78, -0.82, -0.86, -1.0, -1.03, -1.91, -2.04, -2.36, -2.43, -2.49, -2.53, -0.67, -0.68, -0.69, -0.69, -0.91, -0.88, -0.9, -0.84, -0.8, -0.75, -0.82, -0.87, -1.02, -1.04, -1.93, -2.28, -2.4, -2.49, -2.56, -2.59, -0.67, -0.68, -0.68, -0.69, -0.92, -0.89, -0.84, -0.8, -0.63, -0.73, -0.83, -0.9, -1.05, -1.07, -2.12, -2.31, -2.47, -2.59, -2.65, -2.68, -0.66, -0.67, -0.68, -0.7, -0.71, -0.92, -0.88, -0.81, -0.75, -0.77, -0.87, -0.96, -1.1, -1.16, -2.1, -2.37, -2.59, -2.73, -2.79, -2.79, -0.65, -0.66, -0.67, -0.69, -0.72, -0.97, -0.95, -0.93, -0.91, -0.83, -0.91, -1.15, -1.18, -1.17, -2.12, -2.48, -2.78, -2.95, -2.97, -2.92, -0.64, -0.64, -0.66, -0.68, -0.71, -0.76, -1.03, -1.05, -1.03, -1.0, -1.1, -1.14, -1.17, -1.6, -2.2, -2.66, -3.11, -3.3, -3.2, -3.05, -1.09, -0.62, -0.63, -0.65, -0.69, -0.76, -0.95, -1.17, -1.18, -1.17, -1.11, -1.14, -1.68, -1.75, -2.29, -2.85, -3.57, -3.84, -3.68, -3.48, -1.08, -1.06, -1.03, -1.14, -1.15, -0.76, -0.91, -1.16, -1.42, -1.15, -0.97, -1.53, -1.66, -1.92, -2.89, -3.29, -3.78, -3.96, -3.7, -3.52, -1.07, -1.04, -0.99, -0.94, -1.02, -1.05, -1.21, -0.99, -1.55, -1.19, -1.56, -1.87, -2.31, -2.1, -2.88, -3.17, -3.47, -3.6, -3.54, -3.45, -1.43, -1.37, -1.3, -0.88, -0.73, -0.75, -1.05, -1.39, -1.75, -1.65, -1.79, -2.1, -2.49, -2.2, -2.88, -3.07, -3.26, -3.37, -3.39, -3.35, -1.44, -1.39, -1.31, -1.17, -0.88, -0.02, -1.13, -1.74, -1.81, -1.9, -2.32, -2.03, -2.15, -2.11, -2.89, -3.01, -3.14, -3.23, -3.27, -3.27, -1.47, -1.43, -1.38, -1.29, -1.15, -1.08, -1.53, -2.12, -2.37, -2.73, -2.39, -2.5, -2.49, -2.02, -2.89, -2.98, -3.07, -2.81, -2.83, -2.82, -1.5, -1.48, -1.46, -1.45, -1.47, -1.64, -1.92, -2.15, -2.3, -2.12, -2.73, -2.5, -2.49, -1.7, -1.63, -2.48, -2.52, -2.57, -2.61, -2.64, -1.54, -1.54, -1.55, -1.58, -1.66, -1.86, -2.14, -2.06, -2.09, -2.04, -2.7, -2.11, -1.99, -1.88, -1.43, -2.18, -2.25, -2.33, -2.4, -2.46, -1.58, -1.59, -1.61, -1.65, -1.74, -1.86, -1.96, -1.99, -1.93, -1.87, -1.8, -1.04, -1.75, -1.6, -1.51, -1.84, -1.95, -2.08, -2.2, -2.29, -1.61, -1.62, -0.88, -0.93, -1.0, -1.79, -1.77, -1.71, -1.65, -1.62, -0.96, -0.87, -0.75, -0.71, -0.68, -0.9, -0.99, -1.07, -1.49, -1.59, -0.8, -0.82, -0.85, -0.87, -1.63, -1.58, -1.48, -1.36, -1.29, -1.31, -0.77, -0.72, -0.62, -0.48, -0.23, -0.33, -0.39, -0.44, -0.47, -0.5, -0.79, -0.8, -0.8, -0.81, -1.49, -1.38, -1.19, -0.95, -0.82, -0.48, -0.52, -0.62, -0.54, -0.23, -0.16, -0.31, -0.4, -0.45, -0.49, -0.51, -0.77, -0.77, -0.76, -1.47, -1.37, -1.22, -0.98, -0.58, -0.12, -0.35, -0.36, -0.4, -0.28, -0.26, -0.29, -0.36, -0.44, -0.49, -0.52, -0.54, -0.75, -0.74, -1.21, -1.16, -1.08, -0.97, -0.79, -0.54, -0.21, -0.33, -0.42, -0.45, -0.31, -0.33, -0.42, -0.45, -0.5, -0.54, -0.55, -0.56, -1.25, -1.23, -1.2, -1.15, -1.09, -1.0, -0.89, -0.77, -0.43, -0.48, -0.53, -0.54, -0.36, -0.49, -0.51, -0.54, -0.58, -0.59, -0.6, -0.59, -1.25, -1.23, -1.2, -1.17, -1.12, -1.07, -1.02, -0.77, -0.65, -0.67, -0.68, -0.66, -0.96, -0.55, -0.58, -0.63, -0.66, -0.66, -0.64, -0.62, -1.25, -1.23, -1.21, -0.87, -0.88, -0.89, -0.91, -0.95, -1.01, -1.05, -1.05, -1.05, -1.12, -0.59, -0.63, -0.7, -0.76, -0.72, -0.66, -0.63, -0.9, -0.9, -0.91, -0.92, -0.94, -0.97, -1.03, -1.11, -1.21, -1.27, -1.21, -1.38, -1.14, -1.03, -0.95, -0.72, -0.91, -0.7, -0.65, -0.63, -0.92, -0.93, -0.94, -0.96, -0.99, -1.03, -1.1, -1.21, -1.39, -1.54, -1.34, -1.39, -1.32, -1.04, -0.94, -0.86, -0.65, -0.57, -0.63, -0.63, -0.94, -0.95, -0.97, -0.99, -1.02, -1.07, -1.14, -1.24, -1.4, -1.52, -1.46, -1.36, -1.3, -1.05, -0.96, -0.76, -0.72, -0.69, -0.62, -0.62, -0.95, -0.96, -0.98, -1.01, -1.04, -1.08, -1.13, -1.2, -1.27, -1.28, -1.35, -1.3, -1.27, -0.82, -0.79, -0.77, -0.74, -0.73, -0.73, -0.75, -0.96, -0.98, -0.99, -1.02, -1.04, -1.08, -1.11, -1.14, -1.16, -1.24, -1.2, -1.11, -1.08, -1.02, -0.81, -0.78, -0.77, -0.76, -0.75, -0.76, -0.97, -0.98, -1.0, -1.02, -1.04, -1.07, -1.09, -1.1, -1.09, -1.13, -1.01, -1.06, -1.06, -1.02, -0.82, -0.8, -0.78, -0.77, -0.77, -0.77, -0.98, -0.99, -1.0, -1.02, -1.04, -1.05, -1.07, -1.07, -1.11, -1.06, -1.03, -1.05, -1.05, -1.02, -0.83, -0.81, -0.79, -0.78, -0.78, -0.78, -0.98, -0.99, -1.0, -1.02, -1.03, -1.04, -1.05, -1.06, -1.1, -1.07, -1.05, -1.05, -1.04, -1.02, -0.83, -0.82, -0.8, -0.79, -0.79, -0.79, -0.98, -0.99, -1.0, -1.01, -1.03, -1.04, -1.04, -1.11, -1.09, -1.08, -1.06, -1.05, -1.04, -1.03, -0.83, -0.82, -0.81, -0.8, -0.8, -0.79]}, {"header": {"refTime": "2023-09-14T07:00:00.000Z", "nx": 21, "ny": 33, "lo1": 113.509, "la1": 22.2235, "lo2": 113.5947, "la2": 22.1034, "dx": 0.0042850000000001385, "dy": 0.003753125000000024, "parameterCategory": 2, "parameterCategoryName": "Temperature", "parameterNumber": 3}, "data": [-0.08, -0.08, -0.08, -0.04, -0.05, -0.08, -0.08, -0.09, -0.09, -0.0, 0.02, 0.05, 0.1, 0.12, 0.17, 0.19, 0.36, 0.37, 0.38, 0.38, -0.07, -0.08, -0.08, -0.09, -0.05, -0.06, -0.09, -0.1, -0.11, -0.03, 0.02, 0.05, 0.11, 0.13, 0.18, 0.35, 0.37, 0.38, 0.38, 0.39, -0.07, -0.07, -0.08, -0.08, -0.05, -0.06, -0.07, -0.12, -0.16, -0.05, 0.02, 0.07, 0.13, 0.14, 0.33, 0.35, 0.37, 0.38, 0.39, 0.4, -0.07, -0.07, -0.07, -0.08, -0.09, -0.05, -0.06, -0.09, -0.11, -0.01, 0.05, 0.1, 0.15, 0.24, 0.33, 0.36, 0.38, 0.4, 0.4, 0.41, -0.06, -0.06, -0.07, -0.07, -0.08, -0.04, -0.05, -0.05, -0.05, 0.05, 0.09, 0.23, 0.2, 0.23, 0.33, 0.37, 0.4, 0.42, 0.42, 0.42, -0.06, -0.06, -0.06, -0.06, -0.07, -0.08, -0.03, -0.03, -0.01, 0.02, 0.27, 0.25, 0.23, 0.27, 0.35, 0.39, 0.43, 0.45, 0.44, 0.43, -0.25, -0.05, -0.05, -0.05, -0.06, -0.06, 0.04, -0.03, -0.01, 0.17, 0.23, 0.3, 0.32, 0.31, 0.37, 0.41, 0.47, 0.49, 0.45, 0.43, -0.25, -0.24, -0.22, 0.0, -0.0, 0.05, 0.03, -0.01, -0.03, 0.17, 0.25, 0.37, 0.38, 0.34, 0.44, 0.46, 0.5, 0.51, 0.49, 0.48, -0.25, -0.24, -0.22, -0.2, 0.01, 0.01, -0.01, 0.02, 0.01, 0.16, 0.33, 0.36, 0.37, 0.37, 0.43, 0.45, 0.48, 0.48, 0.48, 0.47, -0.23, -0.22, -0.2, -0.2, -0.15, 0.03, 0.01, -0.01, 0.03, 0.06, 0.35, 0.36, 0.37, 0.37, 0.43, 0.45, 0.46, 0.47, 0.47, 0.47, -0.24, -0.23, -0.21, -0.18, -0.12, 0.07, -0.13, -0.17, -0.01, 0.04, 0.22, 0.36, 0.36, 0.36, 0.43, 0.44, 0.45, 0.46, 0.46, 0.46, -0.25, -0.25, -0.24, -0.22, -0.19, -0.18, -0.23, -0.17, -0.11, -0.12, 0.19, 0.27, 0.29, 0.36, 0.43, 0.44, 0.45, 0.5, 0.5, 0.5, -0.26, -0.26, -0.27, -0.28, -0.3, -0.38, -0.47, -0.28, -0.18, -0.21, -0.12, 0.25, 0.27, 0.45, 0.45, 0.49, 0.5, 0.5, 0.5, 0.51, -0.27, -0.28, -0.29, -0.32, -0.37, -0.49, -0.73, -0.44, -0.3, -0.26, -0.16, 0.29, 0.33, 0.35, 0.47, 0.51, 0.51, 0.51, 0.51, 0.51, -0.28, -0.29, -0.31, -0.34, -0.38, -0.45, -0.49, -0.44, -0.35, -0.3, -0.28, 0.21, 0.35, 0.38, 0.4, 0.52, 0.52, 0.52, 0.51, 0.51, -0.29, -0.3, -0.32, -0.34, -0.37, -0.41, -0.4, -0.36, -0.31, -0.28, 0.18, 0.23, 0.29, 0.42, 0.44, 0.7, 0.72, 0.75, 0.8, 0.82, -0.29, -0.3, -0.31, -0.32, -0.35, -0.34, -0.31, -0.27, -0.24, -0.23, 0.19, 0.25, 0.32, 0.4, 0.61, 0.76, 0.83, 0.88, 0.91, 0.94, -0.28, -0.29, -0.29, -0.29, -0.31, -0.28, -0.24, -0.19, -0.15, -0.05, -0.0, 0.25, 0.34, 0.6, 0.59, 0.74, 0.83, 0.89, 0.93, 0.95, -0.28, -0.28, -0.28, -0.29, -0.27, -0.24, -0.19, -0.11, -0.02, -0.03, 0.08, 0.14, 0.58, 0.61, 0.73, 0.8, 0.87, 0.92, 0.96, 0.97, -0.27, -0.27, -0.42, -0.4, -0.37, -0.33, -0.27, -0.18, -0.0, 0.01, 0.05, 0.1, 0.6, 0.65, 0.85, 0.89, 0.94, 0.97, 0.99, 1.0, -0.43, -0.42, -0.41, -0.39, -0.37, -0.34, -0.3, -0.26, -0.03, -0.02, 0.01, 0.05, 0.64, 0.93, 0.95, 0.98, 1.01, 1.03, 1.03, 1.03, -0.43, -0.42, -0.41, -0.39, -0.37, -0.35, -0.33, -0.13, -0.08, -0.07, -0.05, -0.0, 0.5, 0.99, 1.02, 1.06, 1.09, 1.09, 1.07, 1.06, -0.42, -0.42, -0.41, -0.12, -0.13, -0.14, -0.15, -0.17, -0.19, -0.2, -0.19, 0.16, 0.57, 1.03, 1.07, 1.12, 1.18, 1.15, 1.1, 1.07, -0.11, -0.11, -0.12, -0.12, -0.13, -0.15, -0.17, -0.21, -0.25, -0.27, -0.24, 0.16, 0.53, 0.72, 0.89, 1.15, 1.3, 1.14, 1.1, 1.08, -0.11, -0.11, -0.12, -0.12, -0.14, -0.15, -0.18, -0.23, -0.32, -0.39, -0.28, 0.11, 0.3, 0.69, 0.86, 0.99, 1.11, 1.05, 1.08, 1.08, -0.11, -0.11, -0.11, -0.12, -0.13, -0.15, -0.18, -0.22, -0.3, -0.37, -0.08, 0.11, 0.27, 0.66, 0.81, 1.03, 1.05, 1.04, 1.07, 1.07, -0.1, -0.11, -0.11, -0.12, -0.12, -0.13, -0.15, -0.17, -0.19, -0.19, 0.04, 0.15, 0.27, 0.84, 0.92, 0.97, 1.0, 1.01, 1.01, 1.01, -0.1, -0.1, -0.1, -0.11, -0.11, -0.11, -0.12, -0.11, -0.09, 0.11, 0.15, 0.12, 0.16, 0.22, 0.87, 0.92, 0.96, 0.98, 0.98, 0.98, -0.1, -0.1, -0.1, -0.1, -0.1, -0.09, -0.08, -0.06, -0.01, 0.19, 0.2, 0.17, 0.18, 0.22, 0.82, 0.88, 0.92, 0.94, 0.96, 0.96, -0.09, -0.09, -0.09, -0.09, -0.08, -0.08, -0.06, -0.03, 0.12, 0.17, 0.2, 0.18, 0.19, 0.22, 0.79, 0.85, 0.89, 0.91, 0.93, 0.94, -0.09, -0.09, -0.08, -0.08, -0.08, -0.07, -0.05, -0.03, 0.13, 0.16, 0.17, 0.18, 0.19, 0.22, 0.77, 0.82, 0.86, 0.89, 0.91, 0.92, -0.08, -0.08, -0.08, -0.08, -0.07, -0.06, -0.05, 0.13, 0.14, 0.16, 0.17, 0.18, 0.2, 0.22, 0.76, 0.81, 0.84, 0.87, 0.89, 0.9]}, {"header": {"refTime": "2023-09-14T07:00:00.000Z", "nx": 21, "ny": 33, "lo1": 113.509, "la1": 22.2235, "lo2": 113.5947, "la2": 22.1034, "dx": 0.0042850000000001385, "dy": 0.003753125000000024, "parameterCategory": 0, "parameterCategoryName": "Temperature", "parameterNumber": 0}, "data": [[26.82, 26.82, 26.81, 26.63, 26.63, 26.89, 26.88, 26.87, 26.87, 26.8, 26.83, 26.86, 27.05, 27.07, 27.05, 27.04, 27.11, 27.1, 27.1, 27.09], [26.82, 26.82, 26.81, 26.81, 26.63, 26.64, 26.86, 26.84, 26.82, 26.79, 26.83, 26.88, 27.07, 27.09, 27.07, 27.13, 27.11, 27.1, 27.09, 27.08], [26.83, 26.82, 26.82, 26.81, 26.63, 26.64, 26.65, 26.81, 26.73, 26.77, 26.84, 26.92, 27.12, 27.13, 27.16, 27.13, 27.1, 27.09, 27.08, 27.07], [26.83, 26.83, 26.82, 26.82, 26.81, 26.64, 26.64, 26.65, 26.66, 26.78, 26.87, 26.98, 27.19, 27.09, 27.16, 27.12, 27.09, 27.07, 27.06, 27.06], [26.84, 26.84, 26.83, 26.83, 26.82, 26.63, 26.64, 26.64, 26.63, 26.78, 26.87, 27.11, 27.28, 27.13, 27.16, 27.1, 27.07, 27.05, 27.04, 27.05], [26.84, 26.84, 26.84, 26.84, 26.83, 26.82, 26.64, 26.64, 26.62, 26.58, 26.87, 27.02, 27.16, 27.27, 27.14, 27.08, 27.03, 27.01, 27.02, 27.03], [26.91, 26.85, 26.85, 26.85, 26.85, 26.84, 26.72, 26.66, 26.65, 26.61, 26.58, 26.88, 27.17, 27.2, 27.1, 27.05, 26.98, 26.95, 26.99, 27.02], [26.91, 26.92, 26.92, 26.91, 26.91, 26.76, 26.74, 26.74, 26.76, 26.58, 26.42, 26.78, 26.79, 27.2, 26.94, 26.95, 26.93, 26.92, 26.93, 26.94], [26.89, 26.89, 26.92, 26.93, 26.93, 26.92, 26.9, 26.74, 26.64, 26.63, 26.57, 26.67, 26.72, 26.66, 26.94, 26.95, 26.94, 26.93, 26.94, 26.94], [27.0, 27.0, 27.0, 26.91, 26.92, 26.95, 26.93, 26.9, 26.52, 26.54, 26.73, 26.61, 26.65, 26.63, 26.94, 26.96, 26.95, 26.94, 26.94, 26.95], [27.0, 27.0, 27.0, 27.0, 27.0, 27.0, 27.0, 27.0, 26.93, 26.63, 26.3, 26.57, 26.6, 26.6, 26.94, 26.96, 26.95, 26.95, 26.95, 26.95], [27.0, 27.0, 27.0, 27.0, 27.0, 27.0, 27.0, 27.0, 27.0, -999.0, 26.3, 27.0, 27.0, 26.58, 26.94, 26.96, 26.96, 26.5, 26.51, 26.51], [27.0, 27.0, 27.0, 27.0, 27.0, 27.0, 27.0, 27.0, 27.0, 27.0, -999.0, 27.0, 27.0, 26.48, 26.71, 26.65, 26.65, 26.56, 26.58, 26.58], [27.0, 27.0, 27.0, 27.0, 27.0, 27.0, 27.0, 27.0, 27.0, 27.0, -999.0, 26.2, 26.2, 26.2, 26.64, 26.59, 26.6, 26.51, 26.53, 26.54], [27.0, 27.0, 27.0, 27.0, 27.0, 27.0, 27.0, 26.8, 26.8, 26.8, 26.8, 26.57, 26.2, 26.2, 26.2, 26.52, 26.54, 26.46, 26.49, 26.51], [27.0, 27.0, 26.87, 26.87, 26.87, 26.8, 26.8, 26.8, 26.8, 26.8, 26.42, 26.47, 26.41, 26.36, 26.41, 26.42, 26.45, 26.39, 26.55, 26.57], [26.87, 26.87, 26.93, 26.93, 26.8, 26.8, 26.8, 26.8, 26.8, 26.8, 26.54, 26.47, 26.39, 26.32, 26.34, 26.35, 26.4, 26.44, 26.47, 26.49], [26.93, 26.93, 26.92, 26.92, 26.8, 26.8, 26.8, 26.8, 26.8, 26.65, 26.57, 26.48, 26.38, 26.34, 26.22, 26.33, 26.41, 26.46, 26.49, 26.51], [26.92, 26.92, 26.92, 26.8, 26.8, 26.8, 26.8, 26.8, 26.75, 26.68, 26.7, 26.63, 26.47, 26.39, 26.32, 26.38, 26.44, 26.48, 26.51, 26.53], [26.92, 26.92, 27.03, 27.02, 27.0, 26.98, 26.95, 26.87, 26.79, 26.77, 26.73, 26.67, 26.51, 26.47, 26.42, 26.45, 26.49, 26.52, 26.54, 26.55], [27.04, 27.04, 27.03, 26.97, 26.96, 26.95, 26.93, 26.91, 26.8, 26.79, 26.76, 26.71, 26.55, 26.48, 26.5, 26.52, 26.55, 26.57, 26.57, 26.57], [26.99, 26.98, 26.98, 26.98, 26.98, 26.97, 26.97, 27.03, 26.84, 26.83, 26.81, 26.76, 26.72, 26.53, 26.56, 26.59, 26.61, 26.61, 26.61, 26.6], [26.99, 26.99, 26.99, 27.07, 27.07, 27.07, 27.07, 27.08, 27.09, 27.09, 27.1, 26.98, 26.89, 26.57, 26.6, 26.63, 26.67, 26.66, 26.63, 26.61], [27.09, 27.09, 27.09, 27.09, 27.09, 27.09, 27.1, 27.11, 27.13, 27.14, 27.14, 27.13, 26.9, 26.85, 26.8, 26.66, 26.74, 26.67, 26.64, 26.62], [27.1, 27.1, 27.1, 27.1, 27.11, 27.11, 27.13, 27.14, 27.16, 27.18, 27.16, 27.14, 27.11, 26.85, 26.8, 26.76, 26.66, 26.64, 26.64, 26.62], [27.1, 27.11, 27.11, 27.11, 27.12, 27.13, 27.14, 27.16, 27.18, 27.19, 27.18, 27.16, 27.12, 26.86, 26.81, 26.79, 26.75, 26.74, 26.63, 26.62], [27.11, 27.11, 27.12, 27.12, 27.13, 27.14, 27.15, 27.17, 27.18, 27.19, 27.19, 27.17, 27.14, 26.91, 26.86, 26.82, 26.79, 26.78, 26.78, 26.79], [27.12, 27.12, 27.13, 27.13, 27.14, 27.15, 27.16, 27.18, 27.2, 27.21, 27.22, 27.17, 27.12, 27.07, 26.89, 26.85, 26.82, 26.81, 26.8, 26.81], [27.12, 27.13, 27.13, 27.14, 27.15, 27.16, 27.17, 27.19, 27.21, 27.24, 27.26, 27.2, 27.14, 27.09, 26.92, 26.88, 26.85, 26.84, 26.83, 26.82], [27.13, 27.13, 27.14, 27.14, 27.15, 27.16, 27.18, 27.19, 27.19, 27.22, 27.24, 27.2, 27.14, 27.1, 26.94, 26.91, 26.88, 26.86, 26.85, 26.84], [27.13, 27.13, 27.14, 27.15, 27.16, 27.17, 27.18, 27.19, 27.18, 27.19, 27.2, 27.17, 27.14, 27.1, 26.96, 26.92, 26.9, 26.88, 26.86, 26.86], [27.13, 27.14, 27.14, 27.15, 27.16, 27.17, 27.18, 27.15, 27.16, 27.17, 27.16, 27.15, 27.13, 27.1, 26.96, 26.93, 26.91, 26.89, 26.88, 26.87]]}]