gis_exercise/awsData/contour/wdir_2023091101.json
[{"header": {"refTime": "2023-09-11T01:00:00.000Z", "nx": 21, "ny": 33, "lo1": 113.509, "la1": 22.2235, "lo2": 113.5947, "la2": 22.1034, "dx": 0.0042850000000001385, "dy": 0.003753125000000024, "parameterCategory": 2, "parameterCategoryName": "Temperature", "parameterNumber": 2}, "data": [-0.25, -0.28, -0.32, -1.02, -1.01, -1.41, -1.38, -1.34, -1.34, -1.25, -1.34, -1.42, -2.09, -2.16, -2.67, -2.78, -3.52, -3.57, -3.61, -3.64, -0.23, -0.26, -0.31, -0.36, -1.02, -1.0, -1.34, -1.26, -1.22, -1.2, -1.34, -1.46, -2.14, -2.21, -2.71, -3.46, -3.54, -3.61, -3.66, -3.68, -0.2, -0.23, -0.28, -0.34, -1.03, -1.01, -0.99, -1.19, -0.96, -1.15, -1.37, -1.54, -2.22, -2.27, -3.34, -3.47, -3.59, -3.67, -3.72, -3.74, -0.16, -0.19, -0.24, -0.3, -0.37, -1.03, -1.01, -0.98, -0.95, -1.21, -1.44, -1.69, -2.33, -2.32, -3.32, -3.51, -3.67, -3.76, -3.81, -3.81, -0.11, -0.14, -0.18, -0.24, -0.32, -1.06, -1.05, -1.03, -1.01, -1.29, -1.49, -2.29, -2.42, -2.35, -3.33, -3.59, -3.8, -3.91, -3.93, -3.89, -0.05, -0.07, -0.1, -0.15, -0.24, -0.36, -1.1, -1.1, -1.08, -1.03, -2.02, -2.24, -2.38, -3.04, -3.41, -3.72, -4.02, -4.14, -4.08, -3.98, -0.81, 0.01, 0.0, -0.03, -0.11, -0.26, -0.46, -1.2, -1.19, -1.49, -1.52, -2.21, -3.22, -3.24, -3.51, -3.86, -4.31, -4.48, -4.36, -4.23, -0.79, -0.73, -0.66, -0.77, -0.78, -0.04, -0.37, -0.87, -1.51, -1.39, -1.08, -2.8, -3.12, -3.43, -4.09, -4.28, -4.52, -4.61, -4.48, -4.39, -0.78, -0.7, -0.59, -0.45, -0.5, -0.57, -0.91, -0.53, -1.81, -1.54, -2.34, -3.03, -3.55, -3.3, -4.08, -4.23, -4.37, -4.43, -4.41, -4.36, -1.6, -1.47, -1.29, -0.32, 0.03, 0.1, -0.57, -1.32, -2.27, -2.1, -2.73, -3.19, -3.64, -3.35, -4.09, -4.18, -4.27, -4.32, -4.33, -4.31, -1.63, -1.52, -1.33, -1.01, -0.32, 1.69, -0.88, -2.26, -2.26, -2.63, -3.27, -3.09, -3.25, -3.22, -4.09, -4.15, -4.21, -4.25, -4.27, -4.27, -1.7, -1.61, -1.49, -1.28, -0.95, -0.79, -1.82, -3.1, -3.62, -4.28, -3.44, -4.04, -4.01, -3.1, -4.09, -4.14, -4.18, -3.86, -3.86, -3.86, -1.79, -1.74, -1.7, -1.67, -1.74, -2.16, -2.84, -3.24, -3.5, -3.11, -4.23, -4.07, -4.03, -3.28, -3.23, -3.65, -3.67, -3.69, -3.72, -3.73, -1.88, -1.88, -1.9, -1.98, -2.2, -2.71, -3.49, -3.13, -3.1, -2.98, -4.21, -3.67, -3.55, -3.44, -3.06, -3.44, -3.47, -3.52, -3.57, -3.61, -1.97, -1.99, -2.05, -2.16, -2.37, -2.68, -2.94, -3.56, -3.51, -3.45, -3.38, -2.71, -3.35, -3.21, -3.12, -3.19, -3.26, -3.35, -3.43, -3.49, -2.04, -2.07, -1.31, -1.43, -1.6, -3.35, -3.33, -3.27, -3.21, -3.18, -2.61, -2.54, -2.45, -2.32, -2.31, -2.5, -2.56, -2.61, -2.82, -2.89, -1.22, -1.28, -1.35, -1.44, -3.19, -3.13, -3.03, -2.91, -2.83, -2.86, -2.41, -2.39, -2.33, -2.23, -1.96, -1.87, -1.84, -1.81, -1.79, -1.77, -1.25, -1.3, -1.36, -1.43, -3.04, -2.92, -2.73, -2.47, -2.34, -2.03, -2.11, -2.29, -2.25, -1.95, -1.97, -1.89, -1.84, -1.81, -1.78, -1.77, -1.27, -1.32, -1.36, -3.02, -2.92, -2.76, -2.51, -2.08, -1.61, -1.89, -1.86, -1.93, -1.91, -1.95, -1.89, -1.86, -1.82, -1.79, -1.77, -1.75, -1.28, -1.32, -2.59, -2.54, -2.47, -2.36, -2.2, -1.96, -1.66, -1.79, -1.9, -1.96, -1.92, -1.96, -1.84, -1.82, -1.8, -1.78, -1.76, -1.74, -2.63, -2.6, -2.57, -2.52, -2.46, -2.38, -2.27, -2.16, -1.86, -1.91, -1.98, -2.02, -1.93, -1.8, -1.8, -1.79, -1.78, -1.76, -1.74, -1.72, -2.61, -2.59, -2.56, -2.52, -2.48, -2.42, -2.36, -1.87, -2.03, -2.06, -2.09, -2.1, -2.38, -1.78, -1.78, -1.78, -1.78, -1.75, -1.71, -1.7, -2.61, -2.59, -2.56, -1.86, -1.88, -1.9, -1.94, -1.98, -2.03, -2.06, -2.04, -2.3, -2.08, -1.75, -1.76, -1.79, -1.84, -1.75, -1.68, -1.66, -1.84, -1.85, -1.86, -1.88, -1.9, -1.94, -2.0, -2.09, -2.2, -2.25, -2.17, -2.28, -2.1, -1.98, -1.89, -1.77, -2.06, -1.61, -1.59, -1.62, -1.84, -1.85, -1.87, -1.89, -1.92, -1.96, -2.03, -2.16, -2.37, -2.55, -2.28, -2.26, -2.2, -1.98, -1.87, -1.77, -1.51, -1.3, -1.52, -1.59, -1.84, -1.85, -1.86, -1.88, -1.91, -1.95, -2.02, -2.13, -2.33, -2.49, -2.33, -2.18, -2.13, -1.99, -1.87, -1.5, -1.45, -1.41, -1.54, -1.59, -1.84, -1.85, -1.86, -1.87, -1.9, -1.92, -1.96, -2.02, -2.08, -2.08, -2.07, -2.02, -2.02, -1.43, -1.46, -1.47, -1.46, -1.45, -1.45, -1.46, -1.83, -1.84, -1.85, -1.86, -1.87, -1.88, -1.89, -1.88, -1.84, -1.82, -1.73, -1.56, -1.56, -1.52, -1.43, -1.44, -1.45, -1.45, -1.45, -1.46, -1.83, -1.83, -1.83, -1.84, -1.84, -1.84, -1.82, -1.77, -1.67, -1.53, -1.24, -1.42, -1.49, -1.49, -1.4, -1.43, -1.44, -1.45, -1.45, -1.46, -1.82, -1.82, -1.82, -1.82, -1.81, -1.8, -1.77, -1.71, -1.53, -1.39, -1.29, -1.39, -1.46, -1.48, -1.39, -1.41, -1.43, -1.44, -1.44, -1.45, -1.81, -1.81, -1.81, -1.8, -1.79, -1.77, -1.74, -1.69, -1.52, -1.45, -1.41, -1.43, -1.46, -1.48, -1.38, -1.4, -1.42, -1.43, -1.44, -1.44, -1.8, -1.8, -1.8, -1.79, -1.78, -1.76, -1.73, -1.58, -1.54, -1.49, -1.47, -1.47, -1.48, -1.48, -1.37, -1.4, -1.41, -1.42, -1.43, -1.44]}, {"header": {"refTime": "2023-09-11T01:00:00.000Z", "nx": 21, "ny": 33, "lo1": 113.509, "la1": 22.2235, "lo2": 113.5947, "la2": 22.1034, "dx": 0.0042850000000001385, "dy": 0.003753125000000024, "parameterCategory": 2, "parameterCategoryName": "Temperature", "parameterNumber": 3}, "data": [0.5, 0.5, 0.5, 0.75, 0.72, 0.87, 0.81, 0.76, 0.75, 0.62, 0.7, 0.78, 1.67, 1.76, 2.05, 2.2, 3.39, 3.47, 3.52, 3.56, 0.49, 0.5, 0.5, 0.5, 0.73, 0.68, 0.77, 0.67, 0.6, 0.56, 0.7, 0.81, 1.7, 1.79, 2.09, 3.3, 3.42, 3.51, 3.57, 3.61, 0.49, 0.5, 0.5, 0.51, 0.75, 0.7, 0.62, 0.59, 0.3, 0.51, 0.72, 0.87, 1.74, 1.83, 3.12, 3.31, 3.46, 3.57, 3.64, 3.67, 0.49, 0.5, 0.51, 0.52, 0.53, 0.75, 0.68, 0.58, 0.47, 0.59, 0.8, 0.98, 1.77, 1.95, 3.08, 3.35, 3.55, 3.68, 3.74, 3.75, 0.48, 0.49, 0.5, 0.52, 0.55, 0.82, 0.79, 0.75, 0.72, 0.72, 0.87, 1.86, 1.68, 1.93, 3.11, 3.46, 3.71, 3.85, 3.87, 3.85, 0.47, 0.48, 0.49, 0.52, 0.56, 0.62, 0.92, 0.94, 0.92, 0.87, 1.92, 1.98, 1.91, 2.75, 3.26, 3.64, 3.97, 4.1, 4.04, 3.95, 1.24, 0.46, 0.47, 0.49, 0.54, 0.63, 0.9, 1.13, 1.14, 1.69, 1.76, 2.31, 3.3, 3.23, 3.48, 3.83, 4.29, 4.47, 4.2, 4.04, 1.22, 1.19, 1.15, 1.25, 1.25, 0.68, 0.86, 1.17, 1.65, 1.56, 1.18, 3.31, 3.69, 3.59, 4.4, 4.51, 4.65, 4.7, 4.62, 4.57, 1.22, 1.17, 1.11, 1.03, 1.09, 1.13, 1.33, 0.95, 1.69, 1.77, 2.59, 3.38, 3.82, 3.61, 4.38, 4.47, 4.55, 4.59, 4.58, 4.55, 1.74, 1.67, 1.56, 0.96, 0.76, 0.74, 1.14, 1.57, 1.98, 1.84, 2.99, 3.44, 3.82, 3.61, 4.37, 4.44, 4.49, 4.53, 4.53, 4.52, 1.76, 1.69, 1.58, 1.39, 0.99, -0.19, 1.33, 2.14, 2.15, 2.21, 2.94, 3.34, 3.5, 3.49, 4.37, 4.42, 4.46, 4.48, 4.5, 4.5, 1.8, 1.75, 1.67, 1.55, 1.36, 1.26, 1.87, 2.65, 2.97, 3.54, 3.03, 4.0, 4.04, 3.38, 4.37, 4.41, 4.44, 3.94, 3.94, 3.94, 1.85, 1.82, 1.79, 1.78, 1.82, 2.05, 2.45, 2.72, 2.89, 2.65, 3.57, 3.96, 4.0, 3.64, 3.59, 3.75, 3.77, 3.79, 3.81, 3.83, 1.9, 1.9, 1.91, 1.96, 2.08, 2.37, 2.8, 2.63, 2.63, 2.56, 3.53, 3.38, 3.34, 3.28, 3.42, 3.56, 3.6, 3.64, 3.68, 3.72, 1.95, 1.97, 2.0, 2.06, 2.18, 2.36, 2.51, 2.99, 3.0, 2.99, 2.97, 2.7, 3.19, 3.11, 3.06, 3.34, 3.41, 3.49, 3.56, 3.61, 1.99, 2.01, 1.71, 1.78, 1.87, 2.91, 2.91, 2.9, 2.89, 2.88, 2.67, 2.62, 2.57, 2.66, 2.64, 2.69, 2.73, 2.77, 2.96, 3.01, 1.68, 1.71, 1.76, 1.81, 2.87, 2.85, 2.81, 2.77, 2.75, 2.77, 2.59, 2.56, 2.5, 2.43, 2.28, 2.14, 2.1, 2.07, 2.04, 2.02, 1.71, 1.74, 1.79, 1.84, 2.82, 2.78, 2.71, 2.62, 2.58, 2.4, 2.41, 2.51, 2.47, 2.28, 2.27, 2.16, 2.1, 2.06, 2.03, 2.01, 1.74, 1.77, 1.81, 2.81, 2.78, 2.72, 2.63, 2.48, 2.3, 2.36, 2.17, 2.16, 2.29, 2.29, 2.17, 2.13, 2.08, 2.04, 2.01, 2.0, 1.75, 1.78, 2.35, 2.34, 2.33, 2.32, 2.3, 2.28, 2.21, 2.17, 2.15, 2.15, 2.3, 2.3, 2.09, 2.07, 2.04, 2.01, 1.99, 1.98, 2.33, 2.33, 2.32, 2.31, 2.3, 2.28, 2.26, 2.25, 2.14, 2.13, 2.12, 2.12, 2.3, 2.05, 2.04, 2.03, 2.01, 1.99, 1.97, 1.96, 2.31, 2.3, 2.29, 2.28, 2.26, 2.24, 2.22, 1.77, 2.08, 2.07, 2.07, 2.08, 2.14, 2.01, 2.01, 2.0, 1.99, 1.96, 1.94, 1.93, 2.29, 2.28, 2.27, 1.62, 1.64, 1.66, 1.67, 1.68, 1.68, 1.66, 1.63, 2.07, 1.82, 1.98, 1.98, 1.99, 2.02, 1.95, 1.9, 1.9, 1.56, 1.57, 1.57, 1.58, 1.59, 1.6, 1.61, 1.62, 1.63, 1.62, 1.59, 1.59, 1.82, 1.83, 1.86, 1.97, 2.16, 1.84, 1.84, 1.87, 1.54, 1.54, 1.54, 1.54, 1.54, 1.54, 1.55, 1.57, 1.62, 1.67, 1.57, 1.55, 1.58, 1.82, 1.83, 1.84, 1.77, 1.62, 1.78, 1.84, 1.51, 1.51, 1.51, 1.5, 1.5, 1.49, 1.49, 1.5, 1.56, 1.62, 1.51, 1.46, 1.5, 1.81, 1.81, 1.6, 1.61, 1.59, 1.8, 1.84, 1.49, 1.48, 1.47, 1.46, 1.45, 1.43, 1.42, 1.41, 1.4, 1.37, 1.32, 1.33, 1.39, 1.34, 1.45, 1.52, 1.56, 1.57, 1.57, 1.57, 1.47, 1.46, 1.44, 1.43, 1.41, 1.38, 1.34, 1.29, 1.21, 1.11, 1.04, 0.96, 1.03, 1.08, 1.37, 1.45, 1.5, 1.52, 1.53, 1.54, 1.45, 1.43, 1.42, 1.4, 1.37, 1.33, 1.28, 1.2, 1.07, 0.86, 0.61, 0.83, 0.96, 1.03, 1.31, 1.39, 1.44, 1.48, 1.49, 1.5, 1.43, 1.41, 1.4, 1.37, 1.34, 1.3, 1.24, 1.15, 0.91, 0.77, 0.68, 0.81, 0.93, 1.0, 1.26, 1.34, 1.4, 1.43, 1.46, 1.47, 1.41, 1.4, 1.38, 1.35, 1.32, 1.28, 1.22, 1.15, 0.92, 0.85, 0.82, 0.87, 0.94, 1.0, 1.23, 1.31, 1.36, 1.4, 1.43, 1.44, 1.4, 1.39, 1.36, 1.34, 1.31, 1.27, 1.22, 1.0, 0.95, 0.92, 0.9, 0.93, 0.96, 1.01, 1.22, 1.29, 1.34, 1.37, 1.4, 1.42]}, {"header": {"refTime": "2023-09-11T01:00:00.000Z", "nx": 21, "ny": 33, "lo1": 113.509, "la1": 22.2235, "lo2": 113.5947, "la2": 22.1034, "dx": 0.0042850000000001385, "dy": 0.003753125000000024, "parameterCategory": 0, "parameterCategoryName": "Temperature", "parameterNumber": 0}, "data": [[26.22, 26.21, 26.21, 25.92, 25.93, 26.19, 26.19, 26.18, 26.19, 26.07, 26.07, 26.08, 26.33, 26.34, 26.38, 26.39, 26.47, 26.47, 26.47, 26.47], [26.22, 26.22, 26.21, 26.2, 25.93, 25.94, 26.18, 26.17, 26.16, 26.07, 26.08, 26.1, 26.34, 26.36, 26.39, 26.47, 26.47, 26.47, 26.47, 26.47], [26.23, 26.22, 26.22, 26.21, 25.93, 25.94, 25.96, 26.15, 26.11, 26.07, 26.09, 26.12, 26.37, 26.38, 26.47, 26.47, 26.47, 26.48, 26.48, 26.48], [26.23, 26.23, 26.22, 26.21, 26.2, 25.93, 25.95, 25.98, 26.01, 26.06, 26.09, 26.16, 26.4, 26.26, 26.48, 26.48, 26.48, 26.48, 26.48, 26.48], [26.24, 26.24, 26.23, 26.22, 26.21, 25.92, 25.93, 25.94, 25.93, 26.01, 26.06, 26.27, 26.4, 26.29, 26.47, 26.48, 26.48, 26.48, 26.48, 26.48], [26.25, 26.25, 26.24, 26.24, 26.23, 26.21, 25.92, 25.92, 25.89, 25.83, 26.05, 26.2, 26.32, 26.47, 26.47, 26.48, 26.48, 26.48, 26.48, 26.48], [26.32, 26.26, 26.26, 26.25, 26.25, 26.23, 26.02, 25.93, 25.9, 25.84, 25.79, 26.1, 26.44, 26.45, 26.47, 26.48, 26.49, 26.49, 26.5, 26.5], [26.33, 26.33, 26.33, 26.33, 26.32, 26.09, 26.06, 26.03, 26.04, 25.79, 25.57, 26.09, 26.1, 26.45, 26.46, 26.45, 26.47, 26.48, 26.47, 26.46], [26.27, 26.28, 26.35, 26.35, 26.36, 26.34, 26.29, 26.04, 25.88, 25.87, 25.78, 25.93, 26.0, 25.91, 26.46, 26.45, 26.46, 26.47, 26.46, 26.46], [26.5, 26.5, 26.5, 26.31, 26.34, 26.41, 26.36, 26.29, 25.7, 25.74, 26.01, 25.84, 25.89, 25.87, 26.46, 26.44, 26.45, 26.46, 26.46, 26.45], [26.5, 26.5, 26.5, 26.5, 26.5, 26.5, 26.5, 26.5, 26.36, 25.86, 25.4, 25.78, 25.83, 25.83, 26.46, 26.44, 26.45, 26.45, 26.45, 26.45], [26.5, 26.5, 26.5, 26.5, 26.5, 26.5, 26.5, 26.5, 26.5, -999.0, 25.4, 26.4, 26.4, 25.8, 26.46, 26.44, 26.44, 25.82, 25.83, 25.84], [26.5, 26.5, 26.5, 26.5, 26.5, 26.5, 26.5, 26.5, 26.5, 26.5, -999.0, 26.4, 26.4, 25.68, 26.0, 26.06, 26.07, 25.92, 25.95, 25.96], [26.5, 26.5, 26.5, 26.5, 26.5, 26.5, 26.5, 26.5, 26.5, 26.5, -999.0, 25.3, 25.3, 25.3, 25.9, 25.96, 25.98, 25.83, 25.86, 25.89], [26.5, 26.5, 26.5, 26.5, 26.5, 26.5, 26.5, 26.4, 26.4, 26.4, 26.4, 25.98, 25.3, 25.3, 25.3, 25.85, 25.89, 25.75, 25.79, 25.83], [26.5, 26.5, 26.44, 26.44, 26.43, 26.4, 26.4, 26.4, 26.4, 26.4, 25.71, 25.79, 25.68, 25.59, 25.69, 25.59, 25.64, 25.56, 25.83, 25.87], [26.44, 26.44, 26.46, 26.46, 26.4, 26.4, 26.4, 26.4, 26.4, 26.4, 25.93, 25.79, 25.65, 25.51, 25.52, 25.51, 25.58, 25.64, 25.68, 25.71], [26.46, 26.46, 26.46, 26.46, 26.4, 26.4, 26.4, 26.4, 26.4, 26.12, 25.97, 25.81, 25.64, 25.53, 25.33, 25.49, 25.59, 25.66, 25.7, 25.73], [26.46, 26.46, 26.46, 26.4, 26.4, 26.4, 26.4, 26.4, 26.3, 26.19, 26.1, 25.97, 25.75, 25.6, 25.47, 25.55, 25.63, 25.7, 25.73, 25.75], [26.46, 26.46, 26.46, 26.45, 26.45, 26.45, 26.44, 26.42, 26.31, 26.23, 26.12, 26.01, 25.81, 25.72, 25.61, 25.65, 25.71, 25.75, 25.77, 25.79], [26.46, 26.46, 26.46, 26.44, 26.44, 26.44, 26.43, 26.43, 26.25, 26.21, 26.14, 26.06, 25.86, 25.69, 25.71, 25.75, 25.79, 25.81, 25.82, 25.82], [26.45, 26.45, 26.45, 26.44, 26.44, 26.44, 26.44, 26.45, 26.24, 26.22, 26.17, 26.11, 25.95, 25.76, 25.79, 25.84, 25.87, 25.88, 25.87, 25.85], [26.45, 26.45, 26.45, 26.46, 26.46, 26.46, 26.46, 26.46, 26.47, 26.47, 26.47, 26.37, 26.19, 25.81, 25.85, 25.9, 25.95, 25.94, 25.9, 25.88], [26.46, 26.46, 26.46, 26.47, 26.47, 26.47, 26.47, 26.47, 26.48, 26.48, 26.48, 26.4, 26.2, 26.15, 26.1, 25.94, 26.03, 25.96, 25.92, 25.89], [26.47, 26.47, 26.47, 26.47, 26.47, 26.47, 26.48, 26.48, 26.49, 26.49, 26.49, 26.41, 26.38, 26.15, 26.1, 26.06, 25.95, 25.93, 25.92, 25.9], [26.47, 26.47, 26.47, 26.47, 26.47, 26.48, 26.48, 26.48, 26.49, 26.49, 26.45, 26.42, 26.39, 26.16, 26.11, 26.07, 26.04, 26.03, 25.91, 25.89], [26.47, 26.47, 26.47, 26.47, 26.47, 26.48, 26.48, 26.48, 26.49, 26.49, 26.45, 26.43, 26.4, 26.18, 26.13, 26.1, 26.07, 26.06, 26.06, 26.07], [26.47, 26.47, 26.47, 26.47, 26.48, 26.48, 26.48, 26.48, 26.49, 26.46, 26.46, 26.41, 26.37, 26.32, 26.16, 26.13, 26.1, 26.09, 26.09, 26.09], [26.47, 26.47, 26.47, 26.48, 26.48, 26.48, 26.48, 26.49, 26.49, 26.47, 26.48, 26.43, 26.38, 26.34, 26.19, 26.15, 26.13, 26.11, 26.1, 26.1], [26.47, 26.47, 26.47, 26.48, 26.48, 26.48, 26.48, 26.49, 26.43, 26.45, 26.46, 26.43, 26.39, 26.35, 26.2, 26.17, 26.15, 26.13, 26.12, 26.12], [26.47, 26.47, 26.48, 26.48, 26.48, 26.48, 26.48, 26.48, 26.42, 26.43, 26.43, 26.41, 26.38, 26.35, 26.21, 26.18, 26.16, 26.15, 26.14, 26.13], [26.47, 26.47, 26.48, 26.48, 26.48, 26.48, 26.48, 26.4, 26.41, 26.41, 26.4, 26.39, 26.37, 26.35, 26.22, 26.19, 26.17, 26.16, 26.15, 26.14]]}]