gis_exercise/awsData/contour/wdir_2023083114.json
[{"header": {"refTime": "2023-08-31T14:00:00.000Z", "nx": 21, "ny": 33, "lo1": 113.509, "la1": 22.2235, "lo2": 113.5947, "la2": 22.1034, "dx": 0.0042850000000001385, "dy": 0.003753125000000024, "parameterCategory": 2, "parameterCategoryName": "Temperature", "parameterNumber": 2}, "data": [-0.0, -0.01, -0.03, 0.37, 0.32, 0.11, 0.06, 0.0, -0.01, 0.23, 0.35, 0.47, 0.14, 0.18, -0.13, -0.18, -0.11, -0.16, -0.2, -0.23, 0.01, -0.0, -0.02, -0.04, 0.32, 0.24, 0.01, -0.1, -0.17, 0.1, 0.33, 0.5, 0.19, 0.23, -0.09, -0.05, -0.13, -0.2, -0.24, -0.27, 0.02, 0.01, -0.0, -0.02, 0.35, 0.27, 0.13, -0.19, -0.51, 0.0, 0.36, 0.57, 0.29, 0.31, 0.07, -0.06, -0.17, -0.25, -0.3, -0.32, 0.03, 0.02, 0.02, 0.0, -0.02, 0.33, 0.22, 0.05, -0.12, 0.18, 0.5, 0.7, 0.46, 0.86, 0.09, -0.1, -0.24, -0.33, -0.37, -0.38, 0.04, 0.04, 0.04, 0.04, 0.03, 0.42, 0.38, 0.33, 0.32, 0.5, 0.69, 0.9, 0.94, 0.86, 0.07, -0.17, -0.36, -0.47, -0.48, -0.46, 0.05, 0.06, 0.06, 0.07, 0.08, 0.09, 0.53, 0.56, 0.62, 0.72, 0.93, 0.86, 0.86, 0.33, -0.01, -0.3, -0.56, -0.67, -0.62, -0.54, 0.18, 0.07, 0.08, 0.09, 0.11, 0.16, 0.79, 0.71, 0.79, 0.98, 1.0, 0.74, 0.08, 0.08, -0.13, -0.43, -0.82, -0.97, -0.84, -0.73, 0.16, 0.17, 0.17, 0.02, 0.05, 0.67, 0.74, 0.8, 0.8, 1.05, 1.35, 0.17, -0.05, -0.14, -0.74, -0.88, -1.05, -1.12, -1.02, -0.96, 0.15, 0.15, 0.15, 0.15, 0.01, 0.04, 0.1, 0.76, 0.7, 0.93, 0.49, 0.01, -0.37, -0.19, -0.74, -0.84, -0.94, -0.99, -0.97, -0.94, -0.31, -0.3, -0.29, 0.12, 0.11, -0.02, -0.02, -0.01, 0.45, 0.58, 0.22, -0.11, -0.43, -0.22, -0.74, -0.81, -0.87, -0.91, -0.92, -0.9, -0.31, -0.3, -0.28, -0.26, -0.2, -0.02, -0.27, -0.45, -0.28, 0.25, -0.12, -0.04, -0.15, -0.13, -0.75, -0.79, -0.83, -0.86, -0.87, -0.87, -0.32, -0.31, -0.29, -0.27, -0.24, -0.23, -0.35, -0.58, -0.69, -0.73, -0.24, -0.67, -0.66, -0.05, -0.75, -0.78, -0.81, -1.14, -1.15, -1.15, -0.32, -0.31, -0.3, -0.29, -0.29, -0.3, -0.34, -0.52, -0.64, -0.55, -0.7, -0.68, -0.66, -0.77, -0.79, -1.12, -1.13, -1.14, -1.15, -1.15, -0.33, -0.32, -0.32, -0.31, -0.31, -0.31, -0.26, -0.41, -0.49, -0.5, -0.68, -1.0, -1.02, -1.03, -0.85, -1.14, -1.15, -1.15, -1.15, -1.16, -0.33, -0.33, -0.33, -0.33, -0.33, -0.33, -0.34, -0.42, -0.46, -0.47, -0.47, -0.83, -1.05, -1.07, -1.09, -1.17, -1.17, -1.16, -1.16, -1.16, -0.34, -0.34, -0.14, -0.14, -0.15, -0.38, -0.38, -0.4, -0.41, -0.42, -0.76, -0.83, -0.9, -0.97, -1.01, -1.09, -1.06, -1.03, -1.11, -1.1, -0.13, -0.14, -0.14, -0.14, -0.38, -0.37, -0.36, -0.36, -0.36, -0.37, -0.72, -0.82, -0.93, -1.05, -1.09, -1.36, -1.38, -1.4, -1.42, -1.43, -0.14, -0.14, -0.14, -0.14, -0.37, -0.35, -0.33, -0.3, -0.29, -0.41, -0.52, -0.8, -0.94, -1.08, -1.26, -1.35, -1.38, -1.41, -1.42, -1.44, -0.14, -0.14, -0.14, -0.37, -0.36, -0.34, -0.31, -0.25, -0.22, -0.36, -0.57, -0.72, -0.87, -1.01, -1.34, -1.36, -1.39, -1.41, -1.43, -1.45, -0.14, -0.14, -0.31, -0.3, -0.3, -0.28, -0.27, -0.24, -0.32, -0.44, -0.57, -0.69, -0.82, -0.91, -1.38, -1.39, -1.41, -1.42, -1.44, -1.46, -0.32, -0.32, -0.32, -0.31, -0.31, -0.3, -0.29, -0.28, -0.45, -0.5, -0.59, -0.67, -0.77, -1.4, -1.4, -1.4, -1.41, -1.43, -1.45, -1.47, -0.33, -0.33, -0.33, -0.33, -0.33, -0.33, -0.33, -0.41, -0.52, -0.55, -0.6, -0.66, -0.87, -1.42, -1.41, -1.4, -1.4, -1.43, -1.47, -1.49, -0.33, -0.34, -0.34, -0.46, -0.46, -0.46, -0.46, -0.47, -0.48, -0.49, -0.49, -0.49, -1.17, -1.44, -1.42, -1.38, -1.32, -1.42, -1.51, -1.52, -0.48, -0.48, -0.48, -0.48, -0.48, -0.49, -0.5, -0.51, -0.53, -0.54, -0.53, -0.65, -1.16, -1.25, -1.32, -1.4, -1.07, -1.57, -1.6, -1.57, -0.49, -0.49, -0.49, -0.5, -0.5, -0.51, -0.52, -0.54, -0.57, -0.58, -0.56, -0.65, -0.65, -1.25, -1.34, -1.43, -1.68, -1.91, -1.68, -1.6, -0.5, -0.5, -0.5, -0.51, -0.52, -0.53, -0.54, -0.56, -0.58, -0.59, -0.64, -0.65, -0.66, -1.26, -1.35, -1.47, -1.59, -1.65, -1.66, -1.61, -0.5, -0.51, -0.51, -0.52, -0.53, -0.54, -0.55, -0.57, -0.58, -0.59, -0.65, -0.66, -0.66, -1.26, -1.35, -1.43, -1.5, -1.54, -1.53, -1.5, -0.51, -0.52, -0.52, -0.53, -0.54, -0.55, -0.56, -0.58, -0.6, -0.67, -0.67, -0.93, -1.05, -1.19, -1.3, -1.38, -1.43, -1.47, -1.47, -1.46, -0.52, -0.52, -0.53, -0.54, -0.55, -0.56, -0.57, -0.59, -0.61, -0.68, -0.77, -0.89, -1.02, -1.14, -1.26, -1.33, -1.38, -1.41, -1.43, -1.43, -0.52, -0.53, -0.53, -0.54, -0.55, -0.56, -0.58, -0.59, -0.89, -0.84, -0.81, -0.9, -1.01, -1.12, -1.23, -1.29, -1.34, -1.37, -1.39, -1.39, -0.52, -0.53, -0.54, -0.54, -0.55, -0.56, -0.58, -0.59, -0.92, -0.89, -0.9, -0.95, -1.03, -1.11, -1.21, -1.26, -1.31, -1.34, -1.36, -1.37, -0.53, -0.53, -0.54, -0.55, -0.55, -0.56, -0.57, -0.97, -0.95, -0.95, -0.96, -0.99, -1.05, -1.12, -1.2, -1.25, -1.28, -1.31, -1.33, -1.35]}, {"header": {"refTime": "2023-08-31T14:00:00.000Z", "nx": 21, "ny": 33, "lo1": 113.509, "la1": 22.2235, "lo2": 113.5947, "la2": 22.1034, "dx": 0.0042850000000001385, "dy": 0.003753125000000024, "parameterCategory": 2, "parameterCategoryName": "Temperature", "parameterNumber": 3}, "data": [-2.16, -2.15, -2.14, -1.85, -1.85, -1.48, -1.5, -1.52, -1.5, -1.37, -1.27, -1.16, -1.39, -1.37, -2.02, -2.17, -2.58, -2.69, -2.78, -2.84, -2.17, -2.16, -2.14, -2.12, -1.85, -1.86, -1.54, -1.59, -1.61, -1.45, -1.27, -1.12, -1.32, -1.3, -1.98, -2.44, -2.62, -2.76, -2.86, -2.92, -2.17, -2.16, -2.15, -2.13, -1.85, -1.86, -1.86, -1.65, -1.83, -1.51, -1.24, -1.02, -1.19, -1.19, -2.18, -2.46, -2.71, -2.88, -2.98, -3.02, -2.19, -2.18, -2.17, -2.15, -2.12, -1.85, -1.86, -1.87, -1.87, -1.42, -1.14, -0.85, -0.94, -0.99, -2.13, -2.54, -2.86, -3.06, -3.15, -3.16, -2.2, -2.19, -2.18, -2.17, -2.15, -1.85, -1.86, -1.86, -1.85, -1.28, -1.05, -0.89, -0.41, -0.9, -2.16, -2.71, -3.12, -3.35, -3.38, -3.33, -2.22, -2.21, -2.21, -2.2, -2.17, -2.15, -1.86, -1.85, -1.84, -1.81, -1.42, -1.16, -0.83, -1.41, -2.36, -2.99, -3.55, -3.79, -3.67, -3.5, -2.6, -2.24, -2.24, -2.23, -2.21, -2.18, -2.06, -1.87, -1.86, -1.99, -2.02, -1.71, -2.0, -1.94, -2.63, -3.28, -4.12, -4.43, -3.98, -3.68, -2.62, -2.61, -2.6, -2.76, -2.73, -2.16, -2.09, -2.01, -1.98, -1.94, -1.8, -2.63, -2.78, -2.34, -3.68, -4.04, -4.5, -4.67, -4.42, -4.25, -2.63, -2.63, -2.63, -2.62, -2.76, -2.73, -2.67, -2.06, -2.2, -2.02, -2.38, -2.71, -2.92, -2.82, -3.61, -3.91, -4.2, -4.32, -4.27, -4.18, -3.18, -3.16, -3.14, -2.65, -2.65, -2.78, -2.8, -2.81, -2.51, -2.41, -2.56, -2.76, -2.95, -2.83, -3.58, -3.8, -3.99, -4.1, -4.12, -4.09, -3.18, -3.16, -3.14, -3.09, -3.0, -2.73, -3.1, -3.35, -3.14, -2.74, -2.95, -2.72, -2.79, -2.78, -3.58, -3.74, -3.87, -3.96, -4.0, -4.01, -3.18, -3.17, -3.15, -3.12, -3.07, -3.05, -3.22, -3.51, -3.65, -3.58, -3.08, -3.32, -3.28, -2.73, -3.6, -3.7, -3.8, -4.0, -4.03, -4.05, -3.19, -3.18, -3.17, -3.16, -3.16, -3.19, -3.26, -3.46, -3.59, -3.49, -3.51, -3.37, -3.32, -3.15, -3.16, -3.8, -3.86, -3.91, -3.95, -3.97, -3.2, -3.2, -3.19, -3.2, -3.21, -3.23, -3.22, -3.34, -3.43, -3.43, -3.5, -3.51, -3.47, -3.45, -3.18, -3.75, -3.79, -3.84, -3.88, -3.91, -3.21, -3.21, -3.21, -3.22, -3.23, -3.25, -3.27, -3.06, -3.04, -2.99, -2.94, -2.98, -3.47, -3.45, -3.43, -3.68, -3.73, -3.77, -3.82, -3.85, -3.22, -3.22, -2.54, -2.55, -2.57, -2.89, -2.88, -2.84, -2.79, -2.77, -2.82, -2.9, -2.98, -2.91, -2.98, -3.49, -3.51, -3.54, -4.04, -4.09, -2.48, -2.48, -2.48, -2.47, -2.77, -2.72, -2.64, -2.55, -2.49, -2.51, -2.67, -2.82, -2.96, -3.1, -3.22, -3.56, -3.63, -3.68, -3.72, -3.74, -2.45, -2.44, -2.42, -2.4, -2.65, -2.55, -2.4, -2.19, -2.09, -2.15, -2.37, -2.74, -2.94, -3.2, -3.34, -3.53, -3.63, -3.7, -3.74, -3.76, -2.42, -2.4, -2.37, -2.64, -2.56, -2.43, -2.22, -1.88, -1.57, -1.98, -2.15, -2.4, -2.98, -3.17, -3.52, -3.59, -3.68, -3.73, -3.77, -3.79, -2.39, -2.37, -2.26, -2.23, -2.17, -2.08, -1.96, -1.77, -1.69, -1.91, -2.15, -2.37, -2.97, -3.14, -3.65, -3.69, -3.75, -3.78, -3.81, -3.82, -2.29, -2.27, -2.25, -2.21, -2.16, -2.1, -2.01, -1.93, -1.94, -2.05, -2.2, -2.35, -2.99, -3.73, -3.75, -3.79, -3.83, -3.85, -3.85, -3.85, -2.28, -2.26, -2.24, -2.21, -2.17, -2.13, -2.09, -1.57, -2.1, -2.17, -2.25, -2.35, -3.34, -3.8, -3.83, -3.87, -3.91, -3.91, -3.89, -3.88, -2.27, -2.26, -2.24, -1.51, -1.53, -1.56, -1.6, -1.64, -1.69, -1.71, -1.68, -2.6, -3.43, -3.84, -3.89, -3.94, -4.0, -3.97, -3.92, -3.9, -1.47, -1.48, -1.49, -1.51, -1.54, -1.58, -1.63, -1.72, -1.83, -1.87, -1.78, -2.36, -3.39, -3.57, -3.73, -3.97, -4.12, -3.97, -3.93, -3.9, -1.46, -1.47, -1.48, -1.5, -1.53, -1.57, -1.64, -1.76, -1.98, -2.16, -1.87, -2.27, -2.39, -3.55, -3.71, -3.83, -3.94, -3.88, -3.91, -3.9, -1.45, -1.46, -1.47, -1.49, -1.51, -1.55, -1.61, -1.72, -1.92, -2.09, -2.13, -2.12, -2.24, -3.52, -3.66, -3.45, -3.6, -3.63, -3.9, -3.9, -1.44, -1.44, -1.45, -1.46, -1.48, -1.5, -1.53, -1.58, -1.63, -1.61, -1.84, -1.88, -2.04, -2.71, -3.02, -3.25, -3.4, -3.46, -3.45, -3.41, -1.43, -1.43, -1.43, -1.43, -1.44, -1.44, -1.43, -1.41, -1.34, -1.48, -1.37, -1.48, -1.73, -1.97, -2.81, -3.05, -3.21, -3.29, -3.32, -3.31, -1.41, -1.41, -1.41, -1.4, -1.39, -1.38, -1.34, -1.27, -1.13, -1.06, -0.68, -1.2, -1.57, -1.84, -2.64, -2.88, -3.04, -3.14, -3.19, -3.21, -1.4, -1.39, -1.39, -1.38, -1.36, -1.33, -1.28, -1.2, -1.33, -1.03, -0.85, -1.18, -1.51, -1.77, -2.51, -2.74, -2.9, -3.01, -3.08, -3.11, -1.39, -1.38, -1.37, -1.35, -1.33, -1.3, -1.25, -1.17, -1.4, -1.25, -1.2, -1.34, -1.55, -1.75, -2.44, -2.64, -2.8, -2.91, -2.98, -3.03, -1.37, -1.37, -1.35, -1.34, -1.31, -1.28, -1.24, -1.58, -1.49, -1.42, -1.41, -1.49, -1.62, -1.77, -2.41, -2.58, -2.72, -2.83, -2.9, -2.96]}, {"header": {"refTime": "2023-08-31T14:00:00.000Z", "nx": 21, "ny": 33, "lo1": 113.509, "la1": 22.2235, "lo2": 113.5947, "la2": 22.1034, "dx": 0.0042850000000001385, "dy": 0.003753125000000024, "parameterCategory": 0, "parameterCategoryName": "Temperature", "parameterNumber": 0}, "data": [[30.83, 30.81, 30.8, 30.5, 30.49, 30.78, 30.76, 30.73, 30.73, 30.64, 30.69, 30.75, 31.05, 31.09, 31.2, 31.22, 31.48, 31.48, 31.49, 31.49], [30.83, 30.82, 30.81, 30.78, 30.5, 30.49, 30.73, 30.67, 30.64, 30.6, 30.7, 30.78, 31.09, 31.12, 31.23, 31.48, 31.48, 31.49, 31.49, 31.49], [30.85, 30.83, 30.82, 30.8, 30.5, 30.49, 30.48, 30.63, 30.46, 30.57, 30.72, 30.84, 31.15, 31.18, 31.48, 31.48, 31.49, 31.49, 31.5, 31.5], [30.86, 30.85, 30.84, 30.82, 30.79, 30.51, 30.49, 30.47, 30.45, 30.61, 30.76, 30.94, 31.25, 31.2, 31.48, 31.49, 31.49, 31.5, 31.5, 31.5], [30.88, 30.87, 30.86, 30.85, 30.83, 30.52, 30.52, 30.51, 30.49, 30.66, 30.79, 31.21, 31.38, 31.24, 31.48, 31.49, 31.51, 31.51, 31.51, 31.51], [30.9, 30.89, 30.89, 30.88, 30.87, 30.85, 30.56, 30.56, 30.54, 30.49, 30.95, 31.12, 31.27, 31.43, 31.47, 31.5, 31.52, 31.53, 31.53, 31.52], [31.12, 30.92, 30.92, 30.92, 30.91, 30.9, 30.82, 30.64, 30.63, 30.66, 30.62, 30.99, 31.39, 31.4, 31.47, 31.5, 31.55, 31.57, 31.58, 31.58], [31.13, 31.13, 31.13, 31.13, 31.12, 30.89, 30.86, 30.83, 30.84, 30.61, 30.38, 30.96, 30.97, 31.4, 31.49, 31.46, 31.52, 31.55, 31.51, 31.48], [31.07, 31.08, 31.15, 31.15, 31.16, 31.14, 31.09, 30.84, 30.68, 30.69, 30.62, 30.78, 30.86, 30.76, 31.48, 31.44, 31.48, 31.5, 31.49, 31.47], [31.3, 31.3, 31.3, 31.11, 31.14, 31.21, 31.16, 31.09, 30.5, 30.54, 30.87, 30.68, 30.74, 30.72, 31.48, 31.43, 31.46, 31.47, 31.47, 31.46], [31.3, 31.3, 31.3, 31.3, 31.3, 31.3, 31.3, 31.3, 31.16, 30.66, 30.2, 30.62, 30.67, 30.67, 31.48, 31.42, 31.44, 31.45, 31.45, 31.45], [31.3, 31.3, 31.3, 31.3, 31.3, 31.3, 31.3, 31.3, 31.3, -999.0, 30.2, 31.3, 31.3, 30.64, 31.49, 31.41, 31.42, 30.8, 30.82, 30.83], [31.3, 31.3, 31.3, 31.3, 31.3, 31.3, 31.3, 31.3, 31.3, 31.3, -999.0, 31.3, 31.3, 30.58, 30.9, 31.09, 31.1, 30.93, 30.95, 30.97], [31.3, 31.3, 31.3, 31.3, 31.3, 31.3, 31.3, 31.3, 31.3, 31.3, -999.0, 30.2, 30.2, 30.2, 30.8, 30.97, 31.0, 30.82, 30.86, 30.89], [31.3, 31.3, 31.3, 31.3, 31.3, 31.3, 31.3, 31.4, 31.4, 31.4, 31.4, 30.94, 30.2, 30.2, 30.2, 30.84, 30.88, 30.72, 30.77, 30.81], [31.3, 31.3, 31.36, 31.36, 31.37, 31.4, 31.4, 31.4, 31.4, 31.4, 30.64, 30.73, 30.61, 30.52, 30.63, 30.24, 30.24, 30.23, 30.59, 30.62], [31.36, 31.36, 31.34, 31.34, 31.4, 31.4, 31.4, 31.4, 31.4, 31.4, 30.88, 30.74, 30.58, 30.43, 30.35, 30.26, 30.28, 30.29, 30.31, 30.32], [31.34, 31.34, 31.34, 31.34, 31.4, 31.4, 31.4, 31.4, 31.4, 31.1, 30.93, 30.75, 30.57, 30.37, 30.22, 30.25, 30.28, 30.3, 30.31, 30.32], [31.34, 31.34, 31.34, 31.4, 31.4, 31.4, 31.4, 31.4, 31.29, 31.17, 30.96, 30.81, 30.55, 30.42, 30.25, 30.27, 30.29, 30.31, 30.32, 30.33], [31.34, 31.34, 31.11, 31.13, 31.15, 31.17, 31.21, 31.32, 31.23, 31.11, 30.97, 30.84, 30.58, 30.48, 30.28, 30.3, 30.31, 30.32, 30.33, 30.34], [31.1, 31.1, 31.11, 31.19, 31.2, 31.22, 31.24, 31.26, 31.1, 31.03, 30.95, 30.85, 30.6, 30.31, 30.31, 30.32, 30.33, 30.34, 30.34, 30.35], [31.17, 31.17, 31.17, 31.18, 31.18, 31.18, 31.19, 31.24, 31.01, 30.98, 30.92, 30.86, 30.46, 30.33, 30.33, 30.34, 30.35, 30.35, 30.36, 30.36], [31.16, 31.16, 31.16, 31.24, 31.24, 31.23, 31.22, 31.2, 31.18, 31.17, 31.18, 30.89, 30.58, 30.34, 30.35, 30.35, 30.35, 30.37, 30.37, 30.37], [31.25, 31.25, 31.24, 31.24, 31.23, 31.21, 31.19, 31.16, 31.12, 31.1, 31.13, 30.9, 30.59, 30.54, 30.49, 30.36, 30.34, 30.39, 30.39, 30.38], [31.25, 31.25, 31.24, 31.23, 31.22, 31.2, 31.18, 31.13, 31.06, 30.99, 31.09, 30.93, 30.89, 30.55, 30.5, 30.46, 30.4, 30.43, 30.4, 30.38], [31.25, 31.24, 31.24, 31.23, 31.22, 31.21, 31.18, 31.14, 31.07, 31.01, 30.98, 30.98, 30.94, 30.56, 30.51, 30.57, 30.53, 30.52, 30.39, 30.38], [31.25, 31.25, 31.24, 31.24, 31.23, 31.22, 31.2, 31.18, 31.16, 31.16, 31.06, 31.05, 31.0, 30.79, 30.7, 30.63, 30.59, 30.57, 30.57, 30.58], [31.25, 31.25, 31.24, 31.24, 31.24, 31.23, 31.23, 31.23, 31.24, 31.17, 31.2, 31.17, 31.1, 31.03, 30.76, 30.69, 30.65, 30.62, 30.61, 30.61], [31.25, 31.25, 31.25, 31.25, 31.25, 31.25, 31.25, 31.27, 31.3, 31.29, 31.41, 31.26, 31.15, 31.07, 30.82, 30.74, 30.7, 30.67, 30.65, 30.64], [31.26, 31.25, 31.25, 31.25, 31.26, 31.26, 31.27, 31.29, 31.22, 31.31, 31.36, 31.26, 31.17, 31.09, 30.85, 30.79, 30.74, 30.7, 30.68, 30.67], [31.26, 31.26, 31.26, 31.26, 31.26, 31.27, 31.28, 31.3, 31.2, 31.24, 31.26, 31.22, 31.15, 31.1, 30.88, 30.81, 30.77, 30.73, 30.71, 30.7], [31.26, 31.26, 31.26, 31.26, 31.27, 31.27, 31.28, 31.15, 31.17, 31.19, 31.2, 31.17, 31.13, 31.09, 30.89, 30.83, 30.79, 30.76, 30.74, 30.72]]}]