gis_exercise/awsData/contour/wdir_2023090400.json
[{"header": {"refTime": "2023-09-04T00:00:00.000Z", "nx": 21, "ny": 33, "lo1": 113.509, "la1": 22.2235, "lo2": 113.5947, "la2": 22.1034, "dx": 0.0042850000000001385, "dy": 0.003753125000000024, "parameterCategory": 2, "parameterCategoryName": "Temperature", "parameterNumber": 2}, "data": [0.77, 0.77, 0.77, 0.81, 0.81, 0.81, 0.8, 0.79, 0.79, 0.75, 0.76, 0.76, 1.11, 1.14, 1.35, 1.43, 1.89, 1.94, 1.97, 1.99, 0.77, 0.77, 0.77, 0.77, 0.81, 0.8, 0.8, 0.78, 0.77, 0.74, 0.75, 0.77, 1.11, 1.14, 1.36, 1.84, 1.91, 1.96, 2.0, 2.02, 0.77, 0.77, 0.77, 0.77, 0.81, 0.8, 0.79, 0.77, 0.72, 0.73, 0.76, 0.77, 1.1, 1.13, 1.74, 1.85, 1.94, 2.01, 2.05, 2.06, 0.77, 0.77, 0.77, 0.78, 0.78, 0.81, 0.8, 0.78, 0.76, 0.74, 0.77, 0.78, 1.07, 1.13, 1.71, 1.88, 2.0, 2.07, 2.11, 2.11, 0.77, 0.77, 0.77, 0.78, 0.78, 0.83, 0.83, 0.82, 0.81, 0.76, 0.77, 1.08, 0.95, 1.11, 1.73, 1.94, 2.1, 2.18, 2.19, 2.18, 0.76, 0.77, 0.77, 0.78, 0.78, 0.8, 0.85, 0.86, 0.85, 0.84, 1.18, 1.17, 1.09, 1.35, 1.81, 2.05, 2.25, 2.34, 2.3, 2.24, 1.56, 0.76, 0.76, 0.77, 0.78, 0.8, 0.85, 0.9, 0.9, 1.14, 1.18, 1.36, 1.61, 1.55, 1.93, 2.16, 2.46, 2.57, 2.31, 2.17, 1.57, 1.53, 1.49, 1.25, 1.24, 0.8, 0.84, 0.92, 1.06, 1.09, 0.96, 1.73, 1.85, 1.67, 2.18, 2.34, 2.55, 2.62, 2.51, 2.44, 1.58, 1.54, 1.49, 1.43, 1.19, 1.19, 1.24, 0.87, 1.25, 1.16, 1.39, 1.64, 1.68, 1.66, 2.13, 2.27, 2.41, 2.46, 2.44, 2.4, 2.06, 2.01, 1.93, 1.42, 1.28, 1.06, 1.23, 1.41, 1.51, 1.43, 1.49, 1.58, 1.62, 1.62, 2.09, 2.21, 2.31, 2.36, 2.37, 2.36, 2.09, 2.04, 1.96, 1.82, 1.53, 0.67, 1.72, 2.2, 1.8, 1.71, 1.72, 1.56, 1.59, 1.6, 2.09, 2.18, 2.25, 2.29, 2.32, 2.32, 2.12, 2.09, 2.04, 1.95, 1.82, 1.74, 2.14, 2.47, 2.57, 2.66, 1.85, 2.11, 2.05, 1.58, 2.1, 2.16, 2.21, 2.28, 2.3, 2.31, 2.16, 2.15, 2.14, 2.14, 2.19, 2.41, 2.74, 2.65, 2.61, 2.53, 2.61, 2.17, 2.11, 1.98, 1.99, 2.19, 2.23, 2.26, 2.28, 2.29, 2.21, 2.21, 2.23, 2.29, 2.42, 2.72, 3.25, 2.79, 2.62, 2.54, 2.66, 2.23, 2.19, 2.17, 2.04, 2.2, 2.23, 2.25, 2.26, 2.27, 2.24, 2.26, 2.3, 2.37, 2.49, 2.67, 2.8, 2.63, 2.44, 2.31, 2.22, 1.83, 2.22, 2.21, 2.2, 2.22, 2.23, 2.25, 2.26, 2.26, 2.27, 2.3, 1.64, 1.7, 1.8, 2.41, 2.38, 2.26, 2.13, 2.05, 1.66, 1.75, 1.84, 1.71, 1.78, 2.28, 2.29, 2.3, 2.61, 2.64, 1.53, 1.55, 1.57, 1.6, 2.17, 2.11, 1.98, 1.82, 1.7, 1.71, 1.5, 1.67, 1.83, 1.99, 2.12, 2.32, 2.33, 2.33, 2.34, 2.34, 1.49, 1.5, 1.5, 1.49, 1.98, 1.84, 1.61, 1.3, 1.14, 1.26, 1.52, 1.59, 1.82, 2.09, 2.27, 2.32, 2.33, 2.34, 2.34, 2.34, 1.46, 1.45, 1.44, 1.94, 1.83, 1.64, 1.34, 0.86, 0.43, 1.0, 0.82, 1.08, 1.84, 2.04, 2.32, 2.33, 2.34, 2.34, 2.34, 2.34, 1.43, 1.41, 1.31, 1.26, 1.17, 1.05, 0.87, 0.63, 0.38, 0.56, 0.79, 1.01, 1.81, 1.99, 2.34, 2.35, 2.35, 2.36, 2.35, 2.35, 1.31, 1.28, 1.24, 1.18, 1.1, 0.99, 0.87, 0.75, 0.54, 0.63, 0.78, 0.94, 1.82, 2.35, 2.36, 2.37, 2.38, 2.37, 2.36, 2.35, 1.26, 1.22, 1.18, 1.12, 1.04, 0.96, 0.87, 0.21, 0.61, 0.67, 0.76, 0.87, 1.89, 2.36, 2.38, 2.4, 2.41, 2.39, 2.36, 2.34, 1.22, 1.18, 1.13, 0.21, 0.21, 0.21, 0.22, 0.23, 0.24, 0.24, 0.24, 1.0, 1.64, 2.37, 2.39, 2.44, 2.5, 2.42, 2.35, 2.33, 0.2, 0.2, 0.2, 0.21, 0.21, 0.22, 0.23, 0.25, 0.27, 0.28, 0.26, 0.93, 1.59, 1.82, 2.03, 2.44, 2.7, 2.33, 2.3, 2.31, 0.2, 0.2, 0.2, 0.21, 0.21, 0.22, 0.23, 0.26, 0.3, 0.33, 0.28, 0.84, 1.07, 1.78, 1.98, 2.13, 2.24, 2.08, 2.24, 2.28, 0.2, 0.2, 0.2, 0.2, 0.21, 0.22, 0.23, 0.25, 0.29, 0.32, 0.6, 0.77, 0.97, 1.74, 1.91, 1.97, 2.02, 2.0, 2.25, 2.28, 0.2, 0.2, 0.2, 0.2, 0.2, 0.21, 0.22, 0.23, 0.24, 0.23, 0.57, 0.69, 0.87, 1.51, 1.7, 1.84, 1.91, 1.93, 1.93, 1.92, 0.19, 0.2, 0.2, 0.2, 0.2, 0.2, 0.2, 0.2, 0.19, 0.45, 0.44, 0.38, 0.49, 0.62, 1.57, 1.71, 1.8, 1.85, 1.86, 1.86, 0.19, 0.19, 0.19, 0.19, 0.19, 0.19, 0.18, 0.17, 0.15, 0.31, 0.12, 0.29, 0.44, 0.57, 1.46, 1.6, 1.7, 1.76, 1.79, 1.81, 0.19, 0.19, 0.19, 0.19, 0.19, 0.18, 0.17, 0.16, 0.32, 0.23, 0.18, 0.3, 0.43, 0.54, 1.38, 1.52, 1.62, 1.69, 1.73, 1.75, 0.19, 0.19, 0.19, 0.18, 0.18, 0.18, 0.17, 0.16, 0.35, 0.31, 0.3, 0.36, 0.44, 0.53, 1.33, 1.46, 1.56, 1.62, 1.67, 1.7, 0.19, 0.19, 0.18, 0.18, 0.18, 0.17, 0.17, 0.41, 0.39, 0.37, 0.38, 0.41, 0.47, 0.54, 1.32, 1.42, 1.51, 1.58, 1.62, 1.66]}, {"header": {"refTime": "2023-09-04T00:00:00.000Z", "nx": 21, "ny": 33, "lo1": 113.509, "la1": 22.2235, "lo2": 113.5947, "la2": 22.1034, "dx": 0.0042850000000001385, "dy": 0.003753125000000024, "parameterCategory": 2, "parameterCategoryName": "Temperature", "parameterNumber": 3}, "data": [-0.04, -0.04, -0.03, -0.17, -0.14, -0.25, -0.2, -0.15, -0.14, -0.05, -0.12, -0.2, -0.25, -0.28, -0.3, -0.3, -0.45, -0.43, -0.42, -0.41, -0.04, -0.04, -0.03, -0.03, -0.15, -0.1, -0.16, -0.06, 0.0, 0.02, -0.12, -0.23, -0.29, -0.32, -0.33, -0.46, -0.44, -0.42, -0.41, -0.4, -0.05, -0.05, -0.04, -0.04, -0.17, -0.12, -0.04, 0.01, 0.29, 0.07, -0.14, -0.29, -0.37, -0.39, -0.5, -0.46, -0.43, -0.41, -0.4, -0.39, -0.05, -0.05, -0.05, -0.05, -0.05, -0.17, -0.1, 0.01, 0.11, -0.02, -0.22, -0.4, -0.49, -0.58, -0.51, -0.46, -0.42, -0.39, -0.38, -0.38, -0.05, -0.06, -0.06, -0.07, -0.08, -0.23, -0.21, -0.17, -0.14, -0.15, -0.3, -0.61, -0.75, -0.61, -0.51, -0.44, -0.39, -0.36, -0.36, -0.36, -0.05, -0.06, -0.07, -0.08, -0.11, -0.15, -0.33, -0.35, -0.34, -0.3, -0.43, -0.53, -0.64, -0.51, -0.47, -0.4, -0.34, -0.32, -0.33, -0.34, 0.09, -0.05, -0.06, -0.08, -0.12, -0.18, -0.44, -0.53, -0.54, -0.47, -0.36, -0.38, -0.37, -0.38, -0.42, -0.36, -0.28, -0.25, -0.27, -0.29, 0.11, 0.11, 0.09, 0.02, -0.01, -0.29, -0.41, -0.63, -0.83, -0.46, -0.28, -0.16, -0.15, -0.28, -0.13, -0.14, -0.17, -0.18, -0.16, -0.16, 0.14, 0.14, 0.14, 0.13, 0.07, 0.03, -0.09, -0.48, -0.48, -0.48, -0.16, -0.13, -0.08, -0.1, -0.12, -0.14, -0.15, -0.16, -0.16, -0.15, 0.61, 0.6, 0.59, 0.19, 0.21, 0.18, 0.1, -0.01, -0.21, -0.21, -0.13, -0.1, -0.06, -0.09, -0.11, -0.13, -0.14, -0.15, -0.15, -0.15, 0.61, 0.6, 0.59, 0.57, 0.52, 0.38, 0.55, 0.62, 0.2, -0.02, 0.16, -0.11, -0.1, -0.1, -0.11, -0.12, -0.13, -0.14, -0.14, -0.14, 0.62, 0.61, 0.61, 0.59, 0.57, 0.56, 0.62, 0.66, 0.67, 0.58, 0.23, 0.15, 0.11, -0.11, -0.11, -0.12, -0.13, 0.11, 0.11, 0.11, 0.63, 0.62, 0.62, 0.62, 0.63, 0.67, 0.73, 0.7, 0.68, 0.67, 0.54, 0.2, 0.15, 0.15, 0.17, 0.18, 0.17, 0.16, 0.15, 0.15, 0.63, 0.63, 0.64, 0.65, 0.67, 0.73, 0.82, 0.73, 0.69, 0.68, 0.56, 0.46, 0.45, 0.45, 0.24, 0.24, 0.23, 0.22, 0.2, 0.19, 0.64, 0.64, 0.65, 0.66, 0.68, 0.71, 0.74, 0.67, 0.63, 0.6, 0.58, 0.53, 0.5, 0.5, 0.51, 0.32, 0.3, 0.27, 0.24, 0.22, 0.64, 0.65, 0.5, 0.51, 0.53, 0.62, 0.61, 0.59, 0.56, 0.54, 0.48, 0.51, 0.54, 0.44, 0.46, 0.47, 0.44, 0.41, 0.33, 0.31, 0.48, 0.48, 0.49, 0.49, 0.57, 0.55, 0.53, 0.49, 0.46, 0.46, 0.45, 0.5, 0.55, 0.6, 0.58, 0.53, 0.48, 0.43, 0.4, 0.37, 0.47, 0.47, 0.47, 0.46, 0.52, 0.49, 0.44, 0.37, 0.34, 0.39, 0.46, 0.48, 0.55, 0.57, 0.68, 0.55, 0.47, 0.42, 0.38, 0.36, 0.46, 0.46, 0.45, 0.52, 0.49, 0.45, 0.38, 0.28, 0.18, 0.33, 0.29, 0.36, 0.45, 0.53, 0.57, 0.51, 0.44, 0.39, 0.36, 0.34, 0.45, 0.44, 0.37, 0.36, 0.34, 0.31, 0.27, 0.22, 0.18, 0.22, 0.28, 0.34, 0.42, 0.46, 0.46, 0.42, 0.38, 0.34, 0.32, 0.31, 0.37, 0.36, 0.35, 0.34, 0.32, 0.3, 0.27, 0.24, 0.21, 0.24, 0.27, 0.32, 0.39, 0.39, 0.37, 0.35, 0.32, 0.3, 0.29, 0.28, 0.36, 0.35, 0.34, 0.32, 0.31, 0.29, 0.27, 0.09, 0.23, 0.24, 0.26, 0.3, 0.36, 0.33, 0.31, 0.28, 0.26, 0.25, 0.25, 0.26, 0.35, 0.34, 0.32, 0.07, 0.07, 0.07, 0.08, 0.08, 0.08, 0.08, 0.08, 0.15, 0.14, 0.3, 0.27, 0.24, 0.21, 0.21, 0.22, 0.23, 0.06, 0.06, 0.06, 0.07, 0.07, 0.07, 0.07, 0.08, 0.09, 0.09, 0.08, 0.09, 0.13, 0.14, 0.14, 0.21, 0.19, 0.16, 0.19, 0.21, 0.06, 0.06, 0.06, 0.06, 0.06, 0.07, 0.07, 0.08, 0.09, 0.11, 0.08, 0.09, 0.09, 0.14, 0.14, 0.14, 0.16, 0.13, 0.18, 0.21, 0.06, 0.06, 0.06, 0.06, 0.06, 0.06, 0.06, 0.07, 0.09, 0.1, 0.08, 0.07, 0.08, 0.13, 0.13, 0.1, 0.1, 0.1, 0.19, 0.21, 0.05, 0.05, 0.05, 0.05, 0.05, 0.05, 0.05, 0.05, 0.06, 0.05, 0.05, 0.05, 0.06, 0.05, 0.07, 0.08, 0.09, 0.09, 0.09, 0.09, 0.05, 0.05, 0.05, 0.05, 0.05, 0.04, 0.04, 0.03, 0.02, 0.01, 0.0, -0.01, 0.01, 0.02, 0.06, 0.07, 0.08, 0.08, 0.09, 0.09, 0.05, 0.05, 0.05, 0.04, 0.04, 0.04, 0.03, 0.02, -0.0, -0.03, -0.07, -0.03, -0.01, 0.01, 0.05, 0.06, 0.07, 0.08, 0.08, 0.08, 0.05, 0.04, 0.04, 0.04, 0.04, 0.03, 0.02, 0.01, -0.02, -0.04, -0.06, -0.03, -0.01, 0.0, 0.04, 0.05, 0.06, 0.07, 0.07, 0.07, 0.04, 0.04, 0.04, 0.04, 0.03, 0.03, 0.02, 0.01, -0.01, -0.03, -0.03, -0.02, -0.01, 0.0, 0.03, 0.05, 0.06, 0.06, 0.07, 0.07, 0.04, 0.04, 0.04, 0.03, 0.03, 0.02, 0.02, -0.0, -0.01, -0.01, -0.02, -0.01, -0.01, 0.0, 0.03, 0.04, 0.05, 0.06, 0.06, 0.07]}, {"header": {"refTime": "2023-09-04T00:00:00.000Z", "nx": 21, "ny": 33, "lo1": 113.509, "la1": 22.2235, "lo2": 113.5947, "la2": 22.1034, "dx": 0.0042850000000001385, "dy": 0.003753125000000024, "parameterCategory": 0, "parameterCategoryName": "Temperature", "parameterNumber": 0}, "data": [[28.31, 28.31, 28.31, 28.24, 28.25, 28.56, 28.55, 28.55, 28.56, 28.55, 28.59, 28.63, 28.9, 28.93, 28.97, 28.98, 29.15, 29.14, 29.14, 29.14], [28.31, 28.31, 28.31, 28.31, 28.25, 28.26, 28.53, 28.52, 28.51, 28.53, 28.59, 28.66, 28.93, 28.96, 29.0, 29.15, 29.15, 29.14, 29.14, 29.14], [28.3, 28.31, 28.31, 28.31, 28.24, 28.25, 28.28, 28.49, 28.43, 28.51, 28.61, 28.7, 28.98, 29.0, 29.17, 29.16, 29.15, 29.14, 29.14, 29.13], [28.3, 28.3, 28.3, 28.31, 28.31, 28.24, 28.26, 28.29, 28.32, 28.53, 28.64, 28.79, 29.07, 28.97, 29.17, 29.15, 29.14, 29.14, 29.13, 29.13], [28.3, 28.3, 28.3, 28.3, 28.3, 28.23, 28.24, 28.25, 28.24, 28.54, 28.65, 28.99, 29.17, 29.02, 29.17, 29.15, 29.14, 29.13, 29.13, 29.13], [28.3, 28.3, 28.3, 28.3, 28.3, 28.29, 28.21, 28.21, 28.2, 28.18, 28.72, 28.9, 29.05, 29.2, 29.15, 29.14, 29.13, 29.12, 29.12, 29.12], [28.26, 28.3, 28.29, 28.29, 28.29, 28.28, 28.17, 28.19, 28.18, 28.26, 28.29, 28.75, 29.13, 29.15, 29.14, 29.13, 29.11, 29.11, 29.14, 29.15], [28.26, 28.26, 28.26, 28.26, 28.26, 28.19, 28.18, 28.18, 28.22, 28.23, 28.13, 28.69, 28.7, 29.15, 29.06, 29.05, 29.07, 29.08, 29.07, 29.06], [28.24, 28.24, 28.26, 28.26, 28.26, 28.26, 28.25, 28.18, 28.14, 28.29, 28.38, 28.53, 28.6, 28.51, 29.06, 29.05, 29.06, 29.07, 29.06, 29.06], [28.3, 28.3, 28.3, 28.25, 28.26, 28.28, 28.27, 28.25, 28.09, 28.1, 28.61, 28.44, 28.49, 28.47, 29.06, 29.04, 29.05, 29.06, 29.06, 29.05], [28.3, 28.3, 28.3, 28.3, 28.3, 28.3, 28.3, 28.3, 28.26, 28.13, 28.0, 28.38, 28.43, 28.43, 29.06, 29.04, 29.05, 29.05, 29.05, 29.05], [28.3, 28.3, 28.3, 28.3, 28.3, 28.3, 28.3, 28.3, 28.3, -999.0, 28.0, 29.0, 29.0, 28.4, 29.06, 29.04, 29.04, 28.3, 28.32, 28.33], [28.3, 28.3, 28.3, 28.3, 28.3, 28.3, 28.3, 28.3, 28.3, 28.3, -999.0, 29.0, 29.0, 28.15, 28.52, 28.59, 28.6, 28.43, 28.45, 28.47], [28.3, 28.3, 28.3, 28.3, 28.3, 28.3, 28.3, 28.3, 28.3, 28.3, -999.0, 27.7, 27.7, 27.7, 28.41, 28.47, 28.5, 28.32, 28.36, 28.39], [28.3, 28.3, 28.3, 28.3, 28.3, 28.3, 28.3, 27.9, 27.9, 27.9, 27.9, 27.82, 27.7, 27.7, 27.7, 28.34, 28.38, 28.22, 28.27, 28.31], [28.3, 28.3, 28.05, 28.04, 28.04, 27.9, 27.9, 27.9, 27.9, 27.9, 27.77, 27.79, 27.77, 27.75, 27.77, 27.81, 27.83, 27.8, 28.14, 28.18], [28.04, 28.04, 28.16, 28.15, 27.9, 27.9, 27.9, 27.9, 27.9, 27.9, 27.81, 27.79, 27.76, 27.74, 27.76, 27.7, 27.71, 27.71, 27.71, 27.71], [28.16, 28.15, 28.15, 28.13, 27.9, 27.9, 27.9, 27.9, 27.9, 27.85, 27.82, 27.79, 27.76, 27.76, 27.71, 27.7, 27.71, 27.71, 27.71, 27.71], [28.15, 28.14, 28.13, 27.9, 27.9, 27.9, 27.9, 27.9, 27.88, 27.86, 27.81, 27.78, 27.81, 27.78, 27.7, 27.71, 27.71, 27.71, 27.71, 27.71], [28.14, 28.14, 27.79, 27.79, 27.8, 27.81, 27.83, 27.87, 27.86, 27.83, 27.8, 27.78, 27.83, 27.81, 27.71, 27.71, 27.71, 27.71, 27.71, 27.71], [27.78, 27.78, 27.78, 27.82, 27.82, 27.83, 27.83, 27.84, 27.82, 27.81, 27.79, 27.78, 27.84, 27.71, 27.72, 27.72, 27.72, 27.72, 27.71, 27.71], [27.81, 27.81, 27.81, 27.81, 27.81, 27.81, 27.82, 27.87, 27.79, 27.79, 27.78, 27.77, 27.8, 27.72, 27.72, 27.73, 27.74, 27.73, 27.71, 27.7], [27.8, 27.8, 27.8, 27.88, 27.87, 27.87, 27.86, 27.85, 27.84, 27.84, 27.85, 27.84, 27.71, 27.72, 27.73, 27.75, 27.77, 27.74, 27.71, 27.7], [27.89, 27.88, 27.88, 27.88, 27.87, 27.87, 27.85, 27.84, 27.82, 27.81, 27.83, 27.87, 27.71, 27.71, 27.72, 27.74, 27.86, 27.69, 27.68, 27.68], [27.89, 27.89, 27.88, 27.88, 27.87, 27.87, 27.85, 27.83, 27.79, 27.75, 27.81, 27.87, 27.9, 27.71, 27.71, 27.71, 27.65, 27.58, 27.65, 27.67], [27.89, 27.89, 27.89, 27.88, 27.88, 27.87, 27.86, 27.84, 27.8, 27.76, 27.84, 27.89, 27.91, 27.7, 27.7, 27.75, 27.7, 27.68, 27.66, 27.67], [27.89, 27.89, 27.89, 27.89, 27.88, 27.88, 27.87, 27.87, 27.85, 27.86, 27.9, 27.92, 27.93, 27.84, 27.8, 27.77, 27.74, 27.72, 27.73, 27.74], [27.89, 27.89, 27.89, 27.89, 27.89, 27.89, 27.89, 27.9, 27.91, 27.95, 27.97, 27.88, 27.83, 27.78, 27.82, 27.79, 27.77, 27.75, 27.75, 27.75], [27.9, 27.9, 27.9, 27.9, 27.9, 27.9, 27.91, 27.92, 27.95, 28.02, 28.04, 27.94, 27.86, 27.8, 27.84, 27.81, 27.79, 27.78, 27.77, 27.77], [27.9, 27.9, 27.9, 27.9, 27.91, 27.91, 27.92, 27.94, 27.91, 27.97, 28.01, 27.94, 27.87, 27.82, 27.86, 27.83, 27.81, 27.8, 27.79, 27.78], [27.9, 27.9, 27.91, 27.91, 27.91, 27.92, 27.93, 27.94, 27.9, 27.93, 27.93, 27.91, 27.86, 27.82, 27.87, 27.84, 27.82, 27.81, 27.8, 27.8], [27.9, 27.91, 27.91, 27.91, 27.92, 27.92, 27.93, 27.86, 27.88, 27.89, 27.89, 27.88, 27.85, 27.82, 27.87, 27.85, 27.83, 27.82, 27.81, 27.8]]}]