gis_exercise/awsData/contour/wdir_2023090319.json
[{"header": {"refTime": "2023-09-03T19:00:00.000Z", "nx": 21, "ny": 33, "lo1": 113.509, "la1": 22.2235, "lo2": 113.5947, "la2": 22.1034, "dx": 0.0042850000000001385, "dy": 0.003753125000000024, "parameterCategory": 2, "parameterCategoryName": "Temperature", "parameterNumber": 2}, "data": [-0.39, -0.39, -0.39, -0.52, -0.51, -0.59, -0.57, -0.54, -0.54, -0.55, -0.59, -0.64, -0.72, -0.75, -0.73, -0.73, -0.88, -0.87, -0.87, -0.86, -0.39, -0.39, -0.39, -0.39, -0.51, -0.49, -0.55, -0.5, -0.47, -0.51, -0.59, -0.66, -0.75, -0.77, -0.75, -0.89, -0.88, -0.87, -0.86, -0.86, -0.39, -0.39, -0.39, -0.39, -0.52, -0.5, -0.46, -0.46, -0.33, -0.48, -0.61, -0.7, -0.79, -0.81, -0.91, -0.89, -0.87, -0.86, -0.85, -0.85, -0.39, -0.39, -0.39, -0.4, -0.4, -0.51, -0.49, -0.44, -0.4, -0.53, -0.65, -0.76, -0.86, -0.92, -0.91, -0.88, -0.86, -0.85, -0.84, -0.84, -0.39, -0.39, -0.39, -0.4, -0.41, -0.54, -0.53, -0.51, -0.51, -0.61, -0.7, -0.93, -1.0, -0.94, -0.91, -0.87, -0.85, -0.83, -0.83, -0.83, -0.38, -0.38, -0.39, -0.4, -0.41, -0.43, -0.58, -0.58, -0.59, -0.58, -0.83, -0.89, -0.95, -1.07, -0.89, -0.85, -0.82, -0.8, -0.81, -0.82, -0.32, -0.38, -0.38, -0.39, -0.41, -0.44, -0.57, -0.64, -0.66, -0.72, -0.71, -0.83, -1.04, -1.07, -0.87, -0.83, -0.78, -0.76, -0.88, -0.93, -0.31, -0.31, -0.32, -0.03, -0.06, -0.5, -0.56, -0.65, -0.76, -0.71, -0.67, -0.89, -0.94, -1.1, -1.0, -0.93, -0.84, -0.8, -0.86, -0.89, -0.3, -0.3, -0.3, -0.3, -0.03, -0.06, -0.11, -0.59, -0.41, -0.72, -0.89, -1.01, -1.17, -1.09, -1.04, -0.97, -0.91, -0.88, -0.89, -0.91, 0.21, 0.2, 0.18, -0.27, -0.25, -0.03, 0.0, 0.02, -0.12, -0.17, -0.98, -1.09, -1.23, -1.12, -1.07, -1.0, -0.95, -0.93, -0.92, -0.93, 0.21, 0.2, 0.18, 0.15, 0.08, -0.11, 0.19, 0.42, 0.35, 0.1, -0.37, -1.06, -1.11, -1.09, -1.07, -1.02, -0.98, -0.96, -0.95, -0.95, 0.21, 0.2, 0.18, 0.16, 0.12, 0.11, 0.26, 0.6, 0.77, 0.28, -0.18, -0.49, -0.63, -1.06, -1.06, -1.03, -1.0, -0.84, -0.83, -0.82, 0.21, 0.2, 0.19, 0.17, 0.16, 0.15, 0.18, 0.49, 0.67, 0.55, 0.05, -0.35, -0.49, -0.93, -0.91, -0.85, -0.83, -0.81, -0.81, -0.8, 0.22, 0.21, 0.2, 0.19, 0.17, 0.13, -0.0, 0.28, 0.44, 0.46, 0.07, -0.15, -0.26, -0.32, -0.83, -0.78, -0.78, -0.78, -0.78, -0.78, 0.22, 0.22, 0.21, 0.2, 0.19, 0.17, 0.17, 0.17, 0.23, 0.24, 0.22, 0.09, -0.22, -0.28, -0.31, -0.71, -0.72, -0.73, -0.75, -0.76, 0.23, 0.22, -0.24, -0.24, -0.24, 0.08, 0.07, 0.08, 0.09, 0.1, 0.04, -0.0, -0.05, -0.61, -0.59, -0.5, -0.51, -0.52, -0.35, -0.36, -0.26, -0.26, -0.26, -0.27, 0.04, 0.02, -0.01, -0.04, -0.06, -0.03, -0.07, -0.08, -0.12, -0.18, -0.33, -0.15, -0.08, -0.03, 0.01, 0.03, -0.27, -0.27, -0.28, -0.29, -0.0, -0.05, -0.11, -0.21, -0.25, -0.44, -0.41, -0.14, -0.17, -0.33, -0.33, -0.17, -0.08, -0.02, 0.02, 0.05, -0.28, -0.29, -0.29, 0.0, -0.04, -0.1, -0.19, -0.36, -0.56, -0.48, -0.52, -0.49, -0.35, -0.33, -0.18, -0.12, -0.04, 0.01, 0.05, 0.07, -0.29, -0.3, -0.43, -0.44, -0.45, -0.47, -0.5, -0.53, -0.57, -0.55, -0.52, -0.5, -0.34, -0.32, -0.07, -0.03, 0.02, 0.06, 0.08, 0.1, -0.43, -0.44, -0.44, -0.45, -0.47, -0.48, -0.5, -0.52, -0.55, -0.54, -0.53, -0.51, -0.33, 0.01, 0.02, 0.05, 0.08, 0.11, 0.12, 0.13, -0.44, -0.45, -0.45, -0.46, -0.48, -0.49, -0.5, -0.57, -0.55, -0.54, -0.53, -0.52, -0.33, 0.06, 0.08, 0.11, 0.13, 0.15, 0.16, 0.16, -0.45, -0.46, -0.46, -0.55, -0.55, -0.56, -0.56, -0.56, -0.56, -0.56, -0.56, -0.45, -0.05, 0.11, 0.13, 0.15, 0.15, 0.19, 0.21, 0.2, -0.55, -0.55, -0.55, -0.55, -0.55, -0.55, -0.56, -0.56, -0.57, -0.57, -0.56, -0.42, -0.06, 0.03, 0.11, 0.18, 0.09, 0.27, 0.26, 0.23, -0.54, -0.54, -0.54, -0.55, -0.55, -0.55, -0.55, -0.56, -0.57, -0.58, -0.56, -0.43, -0.38, 0.02, 0.11, 0.19, 0.32, 0.41, 0.29, 0.24, -0.54, -0.54, -0.54, -0.54, -0.54, -0.54, -0.55, -0.55, -0.56, -0.58, -0.49, -0.44, -0.39, 0.02, 0.1, 0.2, 0.27, 0.3, 0.28, 0.24, -0.54, -0.54, -0.54, -0.54, -0.54, -0.54, -0.54, -0.54, -0.54, -0.54, -0.46, -0.43, -0.39, 0.04, 0.11, 0.17, 0.21, 0.24, 0.23, 0.22, -0.54, -0.54, -0.54, -0.53, -0.53, -0.53, -0.53, -0.52, -0.51, -0.44, -0.43, -0.32, -0.25, -0.16, 0.07, 0.13, 0.17, 0.19, 0.19, 0.19, -0.54, -0.53, -0.53, -0.53, -0.53, -0.53, -0.52, -0.51, -0.5, -0.43, -0.39, -0.33, -0.26, -0.19, 0.04, 0.09, 0.13, 0.15, 0.16, 0.16, -0.53, -0.53, -0.53, -0.53, -0.52, -0.52, -0.51, -0.5, -0.34, -0.36, -0.37, -0.32, -0.26, -0.2, 0.01, 0.06, 0.1, 0.12, 0.13, 0.14, -0.53, -0.53, -0.53, -0.53, -0.52, -0.52, -0.51, -0.5, -0.32, -0.33, -0.33, -0.3, -0.25, -0.2, -0.0, 0.04, 0.07, 0.1, 0.11, 0.12, -0.53, -0.53, -0.53, -0.52, -0.52, -0.52, -0.51, -0.3, -0.3, -0.3, -0.29, -0.27, -0.24, -0.2, -0.01, 0.03, 0.06, 0.08, 0.09, 0.11]}, {"header": {"refTime": "2023-09-03T19:00:00.000Z", "nx": 21, "ny": 33, "lo1": 113.509, "la1": 22.2235, "lo2": 113.5947, "la2": 22.1034, "dx": 0.0042850000000001385, "dy": 0.003753125000000024, "parameterCategory": 2, "parameterCategoryName": "Temperature", "parameterNumber": 3}, "data": [0.28, 0.27, 0.26, 0.22, 0.21, 0.33, 0.3, 0.27, 0.26, 0.24, 0.3, 0.36, 0.54, 0.57, 0.76, 0.8, 1.08, 1.1, 1.11, 1.11, 0.28, 0.28, 0.26, 0.25, 0.21, 0.18, 0.27, 0.2, 0.17, 0.19, 0.29, 0.38, 0.57, 0.6, 0.79, 1.07, 1.09, 1.11, 1.12, 1.12, 0.29, 0.28, 0.28, 0.26, 0.22, 0.19, 0.15, 0.15, -0.03, 0.15, 0.31, 0.43, 0.63, 0.65, 1.05, 1.08, 1.1, 1.12, 1.13, 1.14, 0.3, 0.29, 0.29, 0.28, 0.26, 0.22, 0.18, 0.12, 0.06, 0.21, 0.37, 0.52, 0.71, 0.78, 1.04, 1.09, 1.12, 1.15, 1.16, 1.15, 0.31, 0.31, 0.3, 0.3, 0.29, 0.26, 0.25, 0.22, 0.21, 0.31, 0.43, 0.79, 0.86, 0.8, 1.05, 1.11, 1.16, 1.18, 1.19, 1.18, 0.32, 0.32, 0.32, 0.32, 0.32, 0.33, 0.31, 0.32, 0.32, 0.31, 0.66, 0.75, 0.82, 0.97, 1.06, 1.13, 1.21, 1.24, 1.23, 1.2, 0.67, 0.33, 0.33, 0.34, 0.35, 0.37, 0.49, 0.42, 0.43, 0.53, 0.51, 0.69, 0.97, 0.99, 1.07, 1.16, 1.29, 1.33, 1.32, 1.29, 0.67, 0.66, 0.65, 0.66, 0.65, 0.46, 0.49, 0.54, 0.62, 0.5, 0.39, 0.79, 0.87, 1.01, 1.17, 1.24, 1.33, 1.36, 1.31, 1.28, 0.67, 0.66, 0.65, 0.63, 0.63, 0.63, 0.66, 0.5, 0.64, 0.54, 0.7, 0.87, 1.03, 0.95, 1.17, 1.22, 1.27, 1.29, 1.28, 1.27, 0.81, 0.8, 0.78, 0.62, 0.58, 0.57, 0.64, 0.72, 0.72, 0.67, 0.8, 0.93, 1.06, 0.97, 1.18, 1.21, 1.24, 1.26, 1.26, 1.25, 0.82, 0.8, 0.78, 0.74, 0.65, 0.4, 0.72, 0.9, 0.85, 0.78, 0.94, 0.9, 0.95, 0.94, 1.18, 1.2, 1.22, 1.23, 1.24, 1.24, 0.83, 0.82, 0.8, 0.78, 0.73, 0.71, 0.84, 1.0, 1.06, 1.17, 0.97, 1.11, 1.11, 0.9, 1.18, 1.19, 1.21, 1.55, 1.55, 1.56, 0.84, 0.83, 0.83, 0.82, 0.83, 0.89, 0.97, 1.02, 1.05, 1.0, 1.17, 1.11, 1.11, 1.38, 1.4, 1.58, 1.58, 1.58, 1.58, 1.58, 0.85, 0.85, 0.85, 0.86, 0.89, 0.96, 1.06, 1.01, 1.0, 0.99, 1.17, 1.46, 1.5, 1.54, 1.49, 1.64, 1.64, 1.63, 1.62, 1.61, 0.86, 0.86, 0.87, 0.89, 0.91, 0.95, 0.99, 1.01, 0.99, 0.98, 0.96, 1.31, 1.58, 1.62, 1.66, 1.71, 1.7, 1.68, 1.66, 1.64, 0.87, 0.87, 0.71, 0.73, 0.75, 0.97, 0.96, 0.95, 0.93, 0.92, 1.22, 1.33, 1.45, 1.58, 1.64, 1.62, 1.55, 1.49, 1.48, 1.43, 0.69, 0.7, 0.7, 0.71, 0.93, 0.91, 0.89, 0.86, 0.84, 0.85, 1.19, 1.34, 1.51, 1.69, 1.71, 1.77, 1.67, 1.59, 1.53, 1.49, 0.69, 0.69, 0.7, 0.7, 0.89, 0.86, 0.82, 0.76, 0.73, 0.96, 1.12, 1.33, 1.53, 1.7, 2.02, 1.81, 1.66, 1.56, 1.5, 1.46, 0.68, 0.69, 0.69, 0.89, 0.86, 0.83, 0.77, 0.67, 0.63, 0.87, 1.07, 1.27, 1.37, 1.58, 1.83, 1.72, 1.59, 1.5, 1.45, 1.42, 0.68, 0.68, 0.86, 0.84, 0.82, 0.79, 0.75, 0.68, 0.74, 0.89, 1.06, 1.23, 1.26, 1.38, 1.62, 1.56, 1.48, 1.42, 1.39, 1.38, 0.87, 0.86, 0.86, 0.84, 0.83, 0.81, 0.78, 0.75, 0.89, 0.97, 1.08, 1.2, 1.16, 1.5, 1.47, 1.41, 1.35, 1.33, 1.32, 1.33, 0.87, 0.87, 0.86, 0.85, 0.84, 0.83, 0.81, 0.66, 0.98, 1.03, 1.1, 1.18, 1.23, 1.4, 1.34, 1.27, 1.22, 1.22, 1.26, 1.29, 0.87, 0.87, 0.86, 0.65, 0.66, 0.67, 0.69, 0.7, 0.73, 0.73, 0.72, 0.75, 1.05, 1.33, 1.26, 1.16, 1.05, 1.12, 1.22, 1.27, 0.64, 0.64, 0.65, 0.66, 0.67, 0.68, 0.71, 0.74, 0.79, 0.81, 0.77, 0.71, 1.05, 1.05, 1.04, 1.11, 0.8, 1.16, 1.23, 1.26, 0.64, 0.64, 0.65, 0.66, 0.67, 0.69, 0.72, 0.77, 0.86, 0.93, 0.82, 0.72, 0.66, 1.06, 1.06, 1.07, 1.24, 1.37, 1.28, 1.27, 0.64, 0.64, 0.65, 0.65, 0.66, 0.68, 0.71, 0.75, 0.84, 0.91, 0.78, 0.69, 0.64, 1.07, 1.08, 0.99, 1.08, 1.13, 1.29, 1.28, 0.63, 0.64, 0.64, 0.65, 0.65, 0.67, 0.68, 0.7, 0.73, 0.72, 0.66, 0.62, 0.6, 0.8, 0.88, 0.95, 1.01, 1.04, 1.03, 1.01, 0.63, 0.63, 0.64, 0.64, 0.64, 0.64, 0.65, 0.64, 0.62, 0.56, 0.52, 0.71, 0.81, 0.91, 0.83, 0.9, 0.95, 0.98, 0.98, 0.98, 0.63, 0.63, 0.63, 0.63, 0.63, 0.62, 0.61, 0.59, 0.54, 0.44, 0.39, 0.6, 0.74, 0.86, 0.79, 0.86, 0.9, 0.93, 0.94, 0.95, 0.62, 0.62, 0.62, 0.62, 0.61, 0.61, 0.59, 0.56, 0.65, 0.53, 0.46, 0.59, 0.72, 0.83, 0.77, 0.82, 0.87, 0.89, 0.91, 0.92, 0.62, 0.62, 0.61, 0.61, 0.6, 0.59, 0.58, 0.55, 0.67, 0.61, 0.6, 0.65, 0.74, 0.82, 0.75, 0.8, 0.84, 0.87, 0.88, 0.89, 0.61, 0.61, 0.61, 0.6, 0.6, 0.59, 0.57, 0.74, 0.71, 0.68, 0.68, 0.71, 0.77, 0.83, 0.74, 0.78, 0.82, 0.84, 0.86, 0.87]}, {"header": {"refTime": "2023-09-03T19:00:00.000Z", "nx": 21, "ny": 33, "lo1": 113.509, "la1": 22.2235, "lo2": 113.5947, "la2": 22.1034, "dx": 0.0042850000000001385, "dy": 0.003753125000000024, "parameterCategory": 0, "parameterCategoryName": "Temperature", "parameterNumber": 0}, "data": [[29.43, 29.42, 29.41, 28.96, 28.96, 29.32, 29.3, 29.29, 29.29, 29.08, 29.09, 29.11, 29.36, 29.38, 29.32, 29.31, 29.32, 29.3, 29.29, 29.28], [29.44, 29.43, 29.42, 29.4, 28.97, 28.98, 29.29, 29.25, 29.24, 29.08, 29.1, 29.13, 29.38, 29.4, 29.33, 29.34, 29.31, 29.29, 29.28, 29.27], [29.45, 29.44, 29.43, 29.41, 28.97, 28.98, 28.99, 29.23, 29.13, 29.08, 29.11, 29.17, 29.42, 29.43, 29.37, 29.33, 29.3, 29.28, 29.26, 29.26], [29.46, 29.45, 29.44, 29.43, 29.4, 28.98, 28.99, 29.01, 29.02, 29.06, 29.12, 29.23, 29.49, 29.29, 29.38, 29.32, 29.28, 29.25, 29.24, 29.24], [29.48, 29.47, 29.46, 29.45, 29.43, 28.98, 28.99, 28.98, 28.96, 29.01, 29.09, 29.31, 29.54, 29.34, 29.38, 29.3, 29.25, 29.22, 29.21, 29.22], [29.49, 29.49, 29.49, 29.48, 29.46, 29.44, 28.99, 28.99, 28.95, 28.85, 28.99, 29.19, 29.38, 29.53, 29.35, 29.26, 29.19, 29.16, 29.17, 29.2], [29.68, 29.51, 29.52, 29.51, 29.5, 29.48, 29.22, 29.06, 29.02, 28.81, 28.69, 29.0, 29.42, 29.44, 29.3, 29.22, 29.12, 29.08, 29.13, 29.17], [29.69, 29.69, 29.69, 29.69, 29.68, 29.32, 29.27, 29.26, 29.25, 28.76, 28.41, 28.89, 28.9, 29.45, 29.07, 29.1, 29.05, 29.04, 29.06, 29.08], [29.61, 29.62, 29.71, 29.72, 29.72, 29.7, 29.64, 29.26, 29.02, 28.85, 28.58, 28.73, 28.8, 28.71, 29.08, 29.1, 29.08, 29.07, 29.07, 29.08], [29.9, 29.9, 29.9, 29.67, 29.7, 29.79, 29.73, 29.64, 28.72, 28.78, 28.81, 28.64, 28.69, 28.67, 29.08, 29.11, 29.1, 29.09, 29.09, 29.09], [29.9, 29.9, 29.9, 29.9, 29.9, 29.9, 29.9, 29.9, 29.72, 28.99, 28.2, 28.58, 28.63, 28.63, 29.08, 29.12, 29.11, 29.1, 29.1, 29.1], [29.9, 29.9, 29.9, 29.9, 29.9, 29.9, 29.9, 29.9, 29.9, -999.0, 28.2, 29.2, 29.2, 28.6, 29.08, 29.13, 29.12, 28.37, 28.39, 28.39], [29.9, 29.9, 29.9, 29.9, 29.9, 29.9, 29.9, 29.9, 29.9, 29.9, -999.0, 29.2, 29.2, 28.35, 28.72, 28.6, 28.61, 28.47, 28.49, 28.5], [29.9, 29.9, 29.9, 29.9, 29.9, 29.9, 29.9, 29.9, 29.9, 29.9, -999.0, 27.9, 27.9, 27.9, 28.61, 28.51, 28.53, 28.39, 28.42, 28.44], [29.9, 29.9, 29.9, 29.9, 29.9, 29.9, 29.9, 29.2, 29.2, 29.2, 29.2, 28.7, 27.9, 27.9, 27.9, 28.4, 28.44, 28.31, 28.35, 28.38], [29.9, 29.9, 29.46, 29.45, 29.44, 29.2, 29.2, 29.2, 29.2, 29.2, 28.38, 28.47, 28.35, 28.24, 28.36, 28.05, 28.07, 28.03, 28.29, 28.32], [29.45, 29.45, 29.65, 29.64, 29.2, 29.2, 29.2, 29.2, 29.2, 29.2, 28.64, 28.48, 28.31, 28.15, 28.1, 27.86, 27.85, 27.84, 27.83, 27.82], [29.65, 29.64, 29.63, 29.61, 29.2, 29.2, 29.2, 29.2, 29.2, 28.87, 28.7, 28.5, 28.3, 28.11, 27.93, 27.87, 27.85, 27.84, 27.83, 27.82], [29.64, 29.63, 29.61, 29.2, 29.2, 29.2, 29.2, 29.2, 29.08, 28.95, 28.64, 28.47, 28.33, 28.18, 27.87, 27.86, 27.85, 27.83, 27.82, 27.82], [29.63, 29.62, 28.63, 28.66, 28.69, 28.75, 28.83, 29.04, 28.97, 28.8, 28.63, 28.48, 28.38, 28.27, 27.85, 27.85, 27.84, 27.83, 27.82, 27.81], [28.59, 28.6, 28.62, 28.79, 28.81, 28.84, 28.87, 28.91, 28.76, 28.68, 28.58, 28.48, 28.41, 27.84, 27.84, 27.84, 27.84, 27.83, 27.81, 27.8], [28.73, 28.74, 28.74, 28.75, 28.76, 28.77, 28.78, 28.89, 28.61, 28.57, 28.51, 28.45, 28.13, 27.83, 27.84, 27.85, 27.85, 27.83, 27.8, 27.79], [28.72, 28.72, 28.72, 28.89, 28.87, 28.86, 28.83, 28.8, 28.76, 28.74, 28.76, 28.52, 27.94, 27.82, 27.83, 27.86, 27.9, 27.84, 27.78, 27.77], [28.9, 28.89, 28.89, 28.87, 28.85, 28.83, 28.78, 28.72, 28.64, 28.6, 28.66, 28.52, 27.94, 27.9, 27.88, 27.85, 28.06, 27.75, 27.73, 27.74], [28.9, 28.89, 28.88, 28.87, 28.84, 28.81, 28.76, 28.67, 28.51, 28.38, 28.58, 28.54, 28.57, 27.9, 27.86, 27.82, 27.67, 27.53, 27.68, 27.72], [28.9, 28.89, 28.88, 28.86, 28.84, 28.81, 28.76, 28.68, 28.54, 28.42, 28.51, 28.6, 28.62, 27.9, 27.85, 27.98, 27.85, 27.8, 27.69, 27.72], [28.9, 28.89, 28.88, 28.87, 28.86, 28.83, 28.8, 28.76, 28.72, 28.72, 28.69, 28.72, 28.71, 28.34, 28.19, 28.06, 27.97, 27.93, 27.94, 27.97], [28.9, 28.9, 28.89, 28.88, 28.87, 28.86, 28.86, 28.86, 28.89, 28.87, 28.94, 28.72, 28.56, 28.4, 28.28, 28.16, 28.07, 28.03, 28.01, 28.02], [28.91, 28.9, 28.9, 28.9, 28.89, 28.89, 28.9, 28.93, 29.01, 29.09, 29.21, 28.89, 28.66, 28.48, 28.36, 28.24, 28.16, 28.11, 28.08, 28.08], [28.91, 28.91, 28.91, 28.91, 28.91, 28.92, 28.94, 28.98, 28.81, 29.0, 29.11, 28.9, 28.69, 28.53, 28.42, 28.31, 28.23, 28.17, 28.14, 28.13], [28.92, 28.92, 28.92, 28.92, 28.93, 28.94, 28.96, 28.99, 28.77, 28.86, 28.89, 28.8, 28.67, 28.54, 28.45, 28.35, 28.28, 28.23, 28.19, 28.17], [28.92, 28.92, 28.92, 28.93, 28.94, 28.95, 28.97, 28.66, 28.71, 28.76, 28.76, 28.71, 28.63, 28.53, 28.47, 28.38, 28.32, 28.27, 28.23, 28.21]]}]