gis_exercise/awsData/contour/wdir_2023091220.json
[{"header": {"refTime": "2023-09-12T20:00:00.000Z", "nx": 21, "ny": 33, "lo1": 113.509, "la1": 22.2235, "lo2": 113.5947, "la2": 22.1034, "dx": 0.0042850000000001385, "dy": 0.003753125000000024, "parameterCategory": 2, "parameterCategoryName": "Temperature", "parameterNumber": 2}, "data": [-0.7, -0.7, -0.71, -0.95, -0.93, -1.32, -1.27, -1.23, -1.24, -1.22, -1.33, -1.43, -1.97, -2.04, -2.57, -2.68, -3.34, -3.38, -3.41, -3.43, -0.69, -0.7, -0.71, -0.72, -0.94, -0.91, -1.22, -1.13, -1.08, -1.14, -1.32, -1.48, -2.03, -2.11, -2.63, -3.29, -3.36, -3.41, -3.45, -3.47, -0.69, -0.7, -0.71, -0.72, -0.95, -0.92, -0.88, -1.05, -0.77, -1.07, -1.36, -1.58, -2.14, -2.2, -3.2, -3.31, -3.4, -3.46, -3.5, -3.52, -0.68, -0.69, -0.7, -0.71, -0.73, -0.95, -0.91, -0.86, -0.81, -1.17, -1.46, -1.76, -2.3, -2.35, -3.19, -3.34, -3.46, -3.54, -3.58, -3.58, -0.67, -0.68, -0.69, -0.71, -0.73, -0.98, -0.97, -0.95, -0.93, -1.31, -1.55, -2.34, -2.53, -2.39, -3.2, -3.4, -3.57, -3.67, -3.68, -3.65, -0.65, -0.66, -0.67, -0.69, -0.72, -0.77, -1.03, -1.04, -1.04, -1.01, -2.03, -2.26, -2.43, -3.13, -3.25, -3.51, -3.76, -3.86, -3.81, -3.72, -0.68, -0.64, -0.64, -0.66, -0.69, -0.76, -0.92, -1.14, -1.15, -1.45, -1.49, -2.14, -3.22, -3.3, -3.31, -3.61, -4.01, -4.16, -4.24, -4.18, -0.66, -0.65, -0.65, -0.99, -0.99, -0.76, -0.89, -1.1, -1.42, -1.38, -1.17, -2.71, -3.01, -3.5, -4.04, -4.16, -4.29, -4.34, -4.27, -4.22, -0.64, -0.63, -0.61, -0.59, -0.88, -0.92, -1.06, -0.96, -1.4, -1.49, -2.46, -3.13, -3.82, -3.49, -4.09, -4.15, -4.22, -4.25, -4.23, -4.21, -0.85, -0.82, -0.78, -0.52, -0.45, -0.66, -0.91, -1.19, -1.53, -1.46, -2.89, -3.42, -4.02, -3.6, -4.13, -4.14, -4.17, -4.2, -4.2, -4.18, -0.85, -0.82, -0.78, -0.7, -0.53, -0.05, -0.72, -1.17, -1.48, -1.62, -2.81, -3.3, -3.5, -3.45, -4.14, -4.14, -4.15, -4.16, -4.17, -4.16, -0.86, -0.84, -0.8, -0.75, -0.66, -0.63, -0.93, -1.48, -1.74, -2.45, -2.75, -3.47, -3.6, -3.3, -4.13, -4.13, -4.14, -3.62, -3.61, -3.59, -0.88, -0.86, -0.84, -0.82, -0.81, -0.86, -0.99, -1.37, -1.61, -1.42, -2.59, -3.34, -3.46, -3.1, -3.01, -3.42, -3.41, -3.41, -3.43, -3.44, -0.89, -0.88, -0.88, -0.88, -0.89, -0.92, -0.88, -1.13, -1.31, -1.31, -2.48, -2.69, -2.68, -2.63, -2.72, -3.1, -3.13, -3.18, -3.23, -3.28, -0.91, -0.91, -0.91, -0.92, -0.93, -0.96, -0.99, -1.43, -1.56, -1.63, -1.65, -1.64, -2.41, -2.32, -2.25, -2.74, -2.83, -2.94, -3.04, -3.12, -0.93, -0.93, -0.83, -0.85, -0.87, -1.45, -1.46, -1.51, -1.58, -1.63, -1.67, -1.58, -1.47, -1.91, -1.83, -2.09, -2.23, -2.37, -2.4, -2.51, -0.86, -0.87, -0.89, -0.91, -1.52, -1.53, -1.55, -1.6, -1.64, -1.65, -1.64, -1.53, -1.4, -1.25, -1.26, -1.4, -1.57, -1.7, -1.8, -1.86, -0.9, -0.91, -0.94, -0.98, -1.57, -1.59, -1.62, -1.68, -1.71, -1.45, -1.34, -1.51, -1.36, -1.26, -0.97, -1.35, -1.59, -1.74, -1.84, -1.91, -0.93, -0.95, -0.98, -1.58, -1.6, -1.63, -1.67, -1.74, -1.74, -1.54, -1.58, -1.47, -1.55, -1.39, -1.31, -1.49, -1.69, -1.83, -1.92, -1.97, -0.95, -0.98, -1.52, -1.53, -1.56, -1.59, -1.64, -1.71, -1.76, -1.69, -1.6, -1.5, -1.66, -1.59, -1.63, -1.74, -1.86, -1.96, -2.01, -2.04, -1.52, -1.53, -1.54, -1.56, -1.58, -1.62, -1.65, -1.69, -1.71, -1.67, -1.61, -1.54, -1.78, -1.83, -1.88, -1.97, -2.06, -2.11, -2.12, -2.12, -1.54, -1.55, -1.56, -1.58, -1.61, -1.63, -1.66, -1.72, -1.7, -1.67, -1.63, -1.58, -1.9, -1.99, -2.07, -2.17, -2.25, -2.26, -2.23, -2.19, -1.55, -1.57, -1.58, -1.67, -1.68, -1.69, -1.7, -1.71, -1.72, -1.72, -1.7, -2.17, -2.3, -2.1, -2.2, -2.34, -2.47, -2.41, -2.3, -2.24, -1.64, -1.64, -1.65, -1.65, -1.66, -1.67, -1.69, -1.71, -1.73, -1.74, -1.71, -1.96, -2.29, -2.36, -2.44, -2.41, -2.74, -2.42, -2.32, -2.26, -1.63, -1.63, -1.64, -1.64, -1.65, -1.65, -1.67, -1.7, -1.76, -1.81, -1.72, -1.91, -2.0, -2.35, -2.41, -2.46, -2.36, -2.25, -2.29, -2.26, -1.62, -1.62, -1.62, -1.62, -1.63, -1.63, -1.64, -1.67, -1.73, -1.78, -1.82, -1.85, -1.93, -2.33, -2.38, -2.28, -2.31, -2.29, -2.27, -2.25, -1.61, -1.61, -1.61, -1.61, -1.61, -1.61, -1.61, -1.61, -1.62, -1.61, -1.71, -1.75, -1.84, -2.01, -2.12, -2.2, -2.24, -2.26, -2.26, -2.25, -1.6, -1.6, -1.6, -1.59, -1.59, -1.58, -1.57, -1.55, -1.51, -1.56, -1.52, -1.46, -1.53, -1.6, -2.04, -2.13, -2.18, -2.21, -2.22, -2.22, -1.59, -1.59, -1.58, -1.58, -1.57, -1.55, -1.53, -1.49, -1.42, -1.38, -1.19, -1.36, -1.48, -1.56, -1.97, -2.06, -2.12, -2.15, -2.17, -2.18, -1.58, -1.58, -1.57, -1.56, -1.55, -1.53, -1.5, -1.46, -1.42, -1.31, -1.25, -1.36, -1.46, -1.54, -1.92, -2.01, -2.07, -2.11, -2.13, -2.15, -1.58, -1.57, -1.56, -1.55, -1.54, -1.52, -1.49, -1.45, -1.43, -1.38, -1.36, -1.41, -1.47, -1.53, -1.89, -1.97, -2.03, -2.07, -2.1, -2.12, -1.57, -1.56, -1.56, -1.54, -1.53, -1.51, -1.49, -1.49, -1.46, -1.44, -1.43, -1.45, -1.49, -1.54, -1.88, -1.95, -2.0, -2.04, -2.07, -2.09]}, {"header": {"refTime": "2023-09-12T20:00:00.000Z", "nx": 21, "ny": 33, "lo1": 113.509, "la1": 22.2235, "lo2": 113.5947, "la2": 22.1034, "dx": 0.0042850000000001385, "dy": 0.003753125000000024, "parameterCategory": 2, "parameterCategoryName": "Temperature", "parameterNumber": 3}, "data": [1.17, 1.15, 1.12, 0.72, 0.71, 0.83, 0.82, 0.8, 0.8, 0.75, 0.78, 0.81, 1.47, 1.52, 1.94, 2.08, 2.9, 2.97, 3.03, 3.07, 1.18, 1.16, 1.13, 1.1, 0.71, 0.7, 0.8, 0.77, 0.75, 0.73, 0.78, 0.83, 1.47, 1.53, 1.96, 2.81, 2.93, 3.02, 3.08, 3.12, 1.2, 1.18, 1.15, 1.12, 0.72, 0.71, 0.69, 0.74, 0.64, 0.71, 0.79, 0.86, 1.49, 1.54, 2.63, 2.82, 2.98, 3.09, 3.16, 3.18, 1.22, 1.2, 1.18, 1.15, 1.11, 0.72, 0.71, 0.68, 0.66, 0.74, 0.82, 0.91, 1.47, 1.54, 2.6, 2.87, 3.08, 3.21, 3.26, 3.27, 1.25, 1.24, 1.22, 1.19, 1.15, 0.74, 0.73, 0.72, 0.71, 0.77, 0.84, 1.47, 1.32, 1.52, 2.62, 2.98, 3.24, 3.39, 3.41, 3.38, 1.28, 1.27, 1.26, 1.24, 1.21, 1.16, 0.76, 0.77, 0.76, 0.73, 1.53, 1.57, 1.51, 2.22, 2.76, 3.16, 3.52, 3.66, 3.59, 3.49, 1.6, 1.32, 1.32, 1.31, 1.28, 1.24, 1.17, 0.82, 0.82, 1.25, 1.36, 1.82, 2.65, 2.62, 2.95, 3.35, 3.87, 4.07, 3.82, 3.65, 1.61, 1.62, 1.62, 1.89, 1.86, 1.32, 1.21, 1.07, 1.07, 1.16, 0.95, 2.66, 2.96, 2.92, 3.77, 3.96, 4.18, 4.27, 4.14, 4.06, 1.63, 1.64, 1.65, 1.67, 1.92, 1.89, 1.79, 1.16, 1.18, 1.31, 2.14, 2.78, 3.2, 3.0, 3.75, 3.9, 4.04, 4.1, 4.07, 4.03, 2.12, 2.11, 2.11, 1.72, 1.77, 2.0, 1.96, 1.89, 1.45, 1.36, 2.49, 2.88, 3.23, 3.02, 3.74, 3.84, 3.94, 3.99, 4.0, 3.98, 2.11, 2.11, 2.11, 2.1, 2.11, 2.1, 2.16, 2.26, 2.15, 1.66, 2.44, 2.79, 2.93, 2.91, 3.75, 3.81, 3.88, 3.92, 3.94, 3.94, 2.1, 2.1, 2.09, 2.09, 2.09, 2.09, 2.14, 2.36, 2.48, 2.66, 2.49, 3.26, 3.31, 2.81, 3.75, 3.8, 3.84, 3.35, 3.36, 3.36, 2.1, 2.09, 2.08, 2.07, 2.05, 2.0, 1.97, 2.24, 2.4, 2.31, 2.69, 3.21, 3.26, 2.85, 2.79, 3.11, 3.14, 3.17, 3.2, 3.22, 2.09, 2.09, 2.07, 2.05, 2.02, 1.93, 1.73, 2.04, 2.2, 2.23, 2.63, 2.61, 2.57, 2.51, 2.59, 2.89, 2.93, 2.99, 3.04, 3.08, 2.09, 2.08, 2.07, 2.05, 2.02, 1.97, 1.95, 1.99, 2.07, 2.1, 2.11, 1.96, 2.39, 2.3, 2.25, 2.62, 2.7, 2.8, 2.88, 2.96, 2.09, 2.08, 1.83, 1.82, 1.8, 1.95, 1.96, 1.99, 2.02, 2.04, 1.96, 1.88, 1.79, 1.9, 1.85, 2.27, 2.4, 2.53, 2.86, 2.97, 1.84, 1.83, 1.83, 1.82, 1.97, 1.96, 1.96, 1.97, 1.98, 2.0, 1.9, 1.82, 1.72, 1.59, 1.67, 1.87, 2.07, 2.23, 2.33, 2.41, 1.84, 1.83, 1.83, 1.82, 1.97, 1.96, 1.95, 1.93, 1.93, 1.68, 1.63, 1.79, 1.67, 1.67, 1.37, 1.81, 2.09, 2.27, 2.39, 2.46, 1.83, 1.83, 1.83, 1.98, 1.97, 1.96, 1.94, 1.9, 1.8, 1.72, 1.65, 1.58, 1.94, 1.8, 1.77, 1.98, 2.22, 2.38, 2.47, 2.53, 1.83, 1.83, 1.71, 1.71, 1.72, 1.73, 1.75, 1.78, 1.77, 1.71, 1.65, 1.6, 2.07, 2.04, 2.15, 2.27, 2.42, 2.53, 2.59, 2.61, 1.7, 1.7, 1.71, 1.71, 1.72, 1.73, 1.74, 1.75, 1.71, 1.68, 1.64, 1.6, 2.21, 2.38, 2.44, 2.55, 2.65, 2.7, 2.71, 2.7, 1.7, 1.7, 1.71, 1.71, 1.72, 1.72, 1.73, 1.54, 1.68, 1.66, 1.64, 1.61, 2.27, 2.57, 2.67, 2.79, 2.89, 2.89, 2.84, 2.78, 1.7, 1.7, 1.71, 1.43, 1.44, 1.46, 1.47, 1.49, 1.49, 1.48, 1.46, 2.32, 2.63, 2.7, 2.82, 2.99, 3.17, 3.07, 2.92, 2.84, 1.38, 1.39, 1.39, 1.4, 1.41, 1.42, 1.44, 1.45, 1.48, 1.48, 1.45, 1.94, 2.59, 2.77, 2.94, 3.08, 3.56, 3.05, 2.91, 2.85, 1.37, 1.37, 1.37, 1.37, 1.38, 1.39, 1.4, 1.43, 1.49, 1.55, 1.44, 1.84, 2.03, 2.74, 2.89, 3.01, 2.94, 2.74, 2.86, 2.84, 1.35, 1.35, 1.35, 1.35, 1.35, 1.35, 1.35, 1.38, 1.45, 1.51, 1.64, 1.73, 1.9, 2.7, 2.83, 2.73, 2.78, 2.76, 2.84, 2.83, 1.33, 1.33, 1.32, 1.32, 1.31, 1.3, 1.3, 1.3, 1.3, 1.27, 1.49, 1.58, 1.76, 2.21, 2.43, 2.58, 2.66, 2.69, 2.69, 2.67, 1.31, 1.31, 1.3, 1.29, 1.28, 1.26, 1.23, 1.2, 1.13, 1.25, 1.2, 1.11, 1.25, 1.38, 2.27, 2.44, 2.54, 2.59, 2.61, 2.61, 1.3, 1.29, 1.28, 1.26, 1.25, 1.22, 1.18, 1.12, 1.01, 0.99, 0.68, 0.96, 1.16, 1.31, 2.15, 2.31, 2.42, 2.49, 2.53, 2.54, 1.29, 1.28, 1.26, 1.24, 1.22, 1.19, 1.14, 1.08, 1.03, 0.87, 0.77, 0.95, 1.13, 1.27, 2.06, 2.22, 2.33, 2.41, 2.45, 2.48, 1.27, 1.26, 1.25, 1.23, 1.2, 1.17, 1.13, 1.07, 1.06, 0.98, 0.96, 1.03, 1.15, 1.26, 2.0, 2.15, 2.26, 2.34, 2.39, 2.42, 1.27, 1.25, 1.24, 1.22, 1.19, 1.16, 1.12, 1.16, 1.12, 1.08, 1.07, 1.11, 1.19, 1.27, 1.98, 2.11, 2.21, 2.28, 2.34, 2.37]}, {"header": {"refTime": "2023-09-12T20:00:00.000Z", "nx": 21, "ny": 33, "lo1": 113.509, "la1": 22.2235, "lo2": 113.5947, "la2": 22.1034, "dx": 0.0042850000000001385, "dy": 0.003753125000000024, "parameterCategory": 0, "parameterCategoryName": "Temperature", "parameterNumber": 0}, "data": [[27.54, 27.54, 27.53, 27.31, 27.32, 27.55, 27.55, 27.56, 27.57, 27.47, 27.46, 27.45, 27.62, 27.62, 27.5, 27.48, 27.43, 27.42, 27.41, 27.4], [27.54, 27.53, 27.53, 27.53, 27.32, 27.34, 27.55, 27.56, 27.57, 27.49, 27.47, 27.46, 27.62, 27.62, 27.5, 27.45, 27.43, 27.41, 27.4, 27.39], [27.54, 27.53, 27.53, 27.53, 27.31, 27.34, 27.38, 27.57, 27.59, 27.5, 27.47, 27.47, 27.63, 27.63, 27.48, 27.44, 27.42, 27.39, 27.38, 27.38], [27.54, 27.54, 27.53, 27.53, 27.53, 27.32, 27.35, 27.4, 27.45, 27.47, 27.45, 27.48, 27.64, 27.48, 27.48, 27.44, 27.4, 27.37, 27.36, 27.36], [27.54, 27.54, 27.53, 27.53, 27.52, 27.29, 27.31, 27.32, 27.32, 27.39, 27.41, 27.49, 27.61, 27.51, 27.48, 27.41, 27.36, 27.33, 27.33, 27.34], [27.54, 27.54, 27.54, 27.53, 27.52, 27.51, 27.27, 27.26, 27.24, 27.19, 27.3, 27.42, 27.53, 27.63, 27.46, 27.38, 27.3, 27.27, 27.29, 27.31], [27.52, 27.54, 27.54, 27.54, 27.53, 27.51, 27.27, 27.24, 27.21, 27.11, 27.08, 27.32, 27.59, 27.6, 27.43, 27.35, 27.23, 27.19, 27.21, 27.25], [27.53, 27.53, 27.53, 27.53, 27.52, 27.34, 27.3, 27.27, 27.26, 27.08, 26.92, 27.28, 27.29, 27.6, 27.25, 27.29, 27.2, 27.17, 27.22, 27.26], [27.47, 27.48, 27.55, 27.55, 27.56, 27.54, 27.49, 27.29, 27.14, 27.13, 27.07, 27.17, 27.22, 27.16, 27.26, 27.31, 27.26, 27.24, 27.25, 27.27], [27.7, 27.7, 27.7, 27.51, 27.54, 27.61, 27.56, 27.49, 27.02, 27.04, 27.23, 27.11, 27.15, 27.13, 27.26, 27.33, 27.29, 27.28, 27.28, 27.28], [27.7, 27.7, 27.7, 27.7, 27.7, 27.7, 27.7, 27.7, 27.56, 27.13, 26.8, 27.07, 27.1, 27.1, 27.26, 27.34, 27.31, 27.3, 27.3, 27.3], [27.7, 27.7, 27.7, 27.7, 27.7, 27.7, 27.7, 27.7, 27.7, -999.0, 26.8, 27.5, 27.5, 27.08, 27.25, 27.35, 27.34, 26.7, 26.71, 26.71], [27.7, 27.7, 27.7, 27.7, 27.7, 27.7, 27.7, 27.7, 27.7, 27.7, -999.0, 27.5, 27.5, 26.78, 27.1, 26.85, 26.85, 26.76, 26.78, 26.78], [27.7, 27.7, 27.7, 27.7, 27.7, 27.7, 27.7, 27.7, 27.7, 27.7, -999.0, 26.4, 26.4, 26.4, 27.0, 26.79, 26.8, 26.71, 26.73, 26.74], [27.7, 27.7, 27.7, 27.7, 27.7, 27.7, 27.7, 27.7, 27.7, 27.7, 27.7, 27.2, 26.4, 26.4, 26.4, 26.72, 26.74, 26.66, 26.69, 26.71], [27.7, 27.7, 27.7, 27.7, 27.7, 27.7, 27.7, 27.7, 27.7, 27.7, 26.88, 26.97, 26.85, 26.74, 26.86, 26.58, 26.61, 26.56, 26.72, 26.74], [27.7, 27.7, 27.7, 27.7, 27.7, 27.7, 27.7, 27.7, 27.7, 27.7, 27.14, 26.98, 26.81, 26.65, 26.61, 26.55, 26.6, 26.64, 26.67, 26.69], [27.7, 27.7, 27.7, 27.7, 27.7, 27.7, 27.7, 27.7, 27.7, 27.37, 27.2, 27.0, 26.8, 26.62, 26.43, 26.53, 26.61, 26.65, 26.68, 26.71], [27.7, 27.7, 27.7, 27.7, 27.7, 27.7, 27.7, 27.7, 27.58, 27.45, 27.27, 27.11, 26.85, 26.69, 26.52, 26.57, 26.64, 26.68, 26.71, 26.72], [27.7, 27.7, 27.53, 27.54, 27.55, 27.56, 27.59, 27.65, 27.54, 27.42, 27.28, 27.14, 26.9, 26.8, 26.62, 26.65, 26.69, 26.72, 26.74, 26.75], [27.52, 27.52, 27.53, 27.58, 27.58, 27.59, 27.6, 27.61, 27.43, 27.37, 27.28, 27.18, 26.94, 26.68, 26.69, 26.72, 26.74, 26.76, 26.77, 26.77], [27.56, 27.56, 27.56, 27.57, 27.57, 27.57, 27.57, 27.65, 27.37, 27.33, 27.27, 27.2, 26.89, 26.73, 26.75, 26.78, 26.8, 26.81, 26.8, 26.79], [27.55, 27.55, 27.55, 27.67, 27.66, 27.65, 27.64, 27.63, 27.61, 27.61, 27.62, 27.36, 27.09, 26.76, 26.79, 26.82, 26.85, 26.85, 26.83, 26.81], [27.68, 27.68, 27.67, 27.67, 27.66, 27.65, 27.63, 27.61, 27.57, 27.56, 27.59, 27.43, 27.1, 27.04, 26.99, 26.84, 26.88, 26.87, 26.85, 26.83], [27.68, 27.68, 27.67, 27.67, 27.66, 27.65, 27.63, 27.59, 27.53, 27.48, 27.56, 27.45, 27.42, 27.05, 27.0, 26.96, 26.87, 26.88, 26.85, 26.83], [27.68, 27.68, 27.68, 27.67, 27.67, 27.66, 27.64, 27.61, 27.55, 27.5, 27.49, 27.5, 27.46, 27.06, 27.01, 27.07, 27.02, 27.0, 26.84, 26.83], [27.69, 27.69, 27.68, 27.68, 27.68, 27.67, 27.66, 27.65, 27.63, 27.64, 27.58, 27.56, 27.52, 27.29, 27.2, 27.13, 27.08, 27.06, 27.06, 27.07], [27.69, 27.69, 27.69, 27.69, 27.69, 27.69, 27.69, 27.7, 27.72, 27.68, 27.71, 27.66, 27.58, 27.5, 27.26, 27.19, 27.14, 27.11, 27.1, 27.11], [27.7, 27.7, 27.7, 27.7, 27.7, 27.71, 27.72, 27.74, 27.78, 27.8, 27.91, 27.75, 27.63, 27.54, 27.31, 27.24, 27.19, 27.16, 27.14, 27.14], [27.7, 27.7, 27.7, 27.71, 27.71, 27.72, 27.73, 27.76, 27.71, 27.8, 27.85, 27.75, 27.65, 27.56, 27.35, 27.28, 27.23, 27.2, 27.18, 27.17], [27.7, 27.71, 27.71, 27.71, 27.72, 27.73, 27.74, 27.77, 27.69, 27.73, 27.75, 27.7, 27.64, 27.57, 27.37, 27.31, 27.26, 27.23, 27.21, 27.19], [27.71, 27.71, 27.71, 27.72, 27.72, 27.73, 27.75, 27.63, 27.66, 27.68, 27.68, 27.66, 27.61, 27.57, 27.38, 27.33, 27.29, 27.26, 27.23, 27.22]]}]