gis_exercise/awsData/contour/wdir_2023091021.json
[{"header": {"refTime": "2023-09-10T21:00:00.000Z", "nx": 21, "ny": 33, "lo1": 113.509, "la1": 22.2235, "lo2": 113.5947, "la2": 22.1034, "dx": 0.0042850000000001385, "dy": 0.003753125000000024, "parameterCategory": 2, "parameterCategoryName": "Temperature", "parameterNumber": 2}, "data": [-1.39, -1.37, -1.35, -1.05, -1.03, -1.48, -1.43, -1.38, -1.38, -1.37, -1.5, -1.63, -2.2, -2.29, -3.0, -3.12, -3.85, -3.9, -3.94, -3.96, -1.41, -1.39, -1.36, -1.33, -1.03, -1.01, -1.37, -1.26, -1.2, -1.27, -1.5, -1.69, -2.28, -2.36, -3.06, -3.79, -3.88, -3.94, -3.99, -4.01, -1.43, -1.41, -1.38, -1.35, -1.05, -1.02, -0.97, -1.16, -0.82, -1.19, -1.54, -1.81, -2.41, -2.47, -3.69, -3.81, -3.93, -4.01, -4.05, -4.07, -1.45, -1.43, -1.41, -1.38, -1.34, -1.05, -1.01, -0.94, -0.87, -1.31, -1.66, -2.02, -2.61, -2.67, -3.67, -3.86, -4.01, -4.11, -4.15, -4.15, -1.47, -1.47, -1.45, -1.43, -1.4, -1.09, -1.08, -1.05, -1.03, -1.48, -1.77, -2.67, -2.91, -2.72, -3.68, -3.94, -4.15, -4.27, -4.28, -4.24, -1.5, -1.5, -1.49, -1.48, -1.46, -1.43, -1.15, -1.17, -1.16, -1.13, -2.28, -2.55, -2.77, -3.45, -3.73, -4.06, -4.38, -4.52, -4.45, -4.34, -2.63, -1.54, -1.54, -1.54, -1.53, -1.52, -1.57, -1.29, -1.29, -1.61, -1.65, -2.38, -3.5, -3.58, -3.79, -4.19, -4.71, -4.9, -4.9, -4.8, -2.65, -2.62, -2.58, -2.69, -2.64, -1.65, -1.6, -1.56, -1.6, -1.54, -1.32, -2.89, -3.2, -3.75, -4.43, -4.67, -4.95, -5.05, -4.9, -4.8, -2.68, -2.65, -2.61, -2.56, -2.64, -2.61, -2.58, -1.58, -2.05, -1.66, -2.62, -3.31, -4.0, -3.67, -4.46, -4.61, -4.78, -4.85, -4.81, -4.76, -3.69, -3.63, -3.55, -2.59, -2.5, -2.56, -2.72, -2.87, -2.61, -2.45, -3.06, -3.6, -4.2, -3.78, -4.49, -4.57, -4.67, -4.72, -4.73, -4.71, -3.7, -3.65, -3.57, -3.42, -3.1, -2.19, -3.37, -4.03, -3.57, -3.04, -3.89, -3.48, -3.68, -3.63, -4.5, -4.55, -4.61, -4.65, -4.66, -4.66, -3.73, -3.69, -3.63, -3.54, -3.39, -3.31, -3.8, -4.44, -4.71, -5.0, -4.08, -4.52, -4.48, -3.48, -4.49, -4.53, -4.57, -4.35, -4.34, -4.33, -3.77, -3.75, -3.73, -3.71, -3.74, -3.91, -4.21, -4.47, -4.63, -4.43, -4.97, -4.55, -4.5, -3.58, -3.52, -4.13, -4.14, -4.16, -4.18, -4.2, -3.81, -3.81, -3.81, -3.85, -3.94, -4.14, -4.44, -4.36, -4.4, -4.35, -4.95, -4.23, -4.09, -3.95, -3.32, -3.88, -3.91, -3.96, -4.01, -4.06, -3.85, -3.86, -3.88, -3.93, -4.01, -4.14, -4.26, -4.08, -3.98, -3.88, -3.78, -2.9, -3.84, -3.67, -3.56, -3.58, -3.66, -3.76, -3.85, -3.92, -3.88, -3.9, -2.8, -2.86, -2.94, -3.79, -3.76, -3.67, -3.57, -3.51, -2.74, -2.67, -2.59, -2.49, -2.48, -2.9, -2.99, -3.08, -3.23, -3.31, -2.69, -2.71, -2.73, -2.75, -3.55, -3.47, -3.33, -3.14, -3.03, -3.06, -2.47, -2.49, -2.44, -2.35, -2.11, -2.25, -2.3, -2.34, -2.37, -2.38, -2.65, -2.65, -2.65, -2.63, -3.33, -3.16, -2.89, -2.52, -2.33, -1.99, -2.14, -2.34, -2.34, -2.09, -2.11, -2.23, -2.31, -2.35, -2.38, -2.4, -2.61, -2.6, -2.57, -3.3, -3.16, -2.93, -2.57, -1.97, -1.32, -1.76, -1.76, -1.9, -2.03, -2.1, -2.22, -2.28, -2.34, -2.38, -2.4, -2.41, -2.57, -2.55, -2.78, -2.7, -2.6, -2.43, -2.19, -1.84, -1.42, -1.62, -1.81, -1.94, -2.05, -2.14, -2.33, -2.36, -2.4, -2.42, -2.43, -2.44, -2.83, -2.79, -2.74, -2.68, -2.58, -2.46, -2.3, -2.13, -1.73, -1.82, -1.93, -2.01, -2.1, -2.39, -2.41, -2.44, -2.47, -2.48, -2.47, -2.46, -2.81, -2.78, -2.73, -2.68, -2.61, -2.53, -2.44, -1.9, -1.99, -2.05, -2.09, -2.12, -2.79, -2.44, -2.47, -2.52, -2.55, -2.53, -2.5, -2.47, -2.8, -2.77, -2.73, -1.99, -2.0, -2.02, -2.05, -2.11, -2.17, -2.22, -2.21, -2.54, -2.79, -2.47, -2.52, -2.59, -2.67, -2.6, -2.51, -2.48, -1.99, -2.0, -2.01, -2.03, -2.06, -2.1, -2.17, -2.28, -2.42, -2.48, -2.4, -2.79, -2.79, -2.75, -2.71, -2.61, -2.91, -2.52, -2.47, -2.46, -2.01, -2.03, -2.04, -2.07, -2.11, -2.16, -2.25, -2.4, -2.64, -2.84, -2.55, -2.76, -2.75, -2.74, -2.69, -2.64, -2.44, -2.28, -2.41, -2.44, -2.03, -2.04, -2.06, -2.09, -2.13, -2.19, -2.27, -2.41, -2.62, -2.8, -2.77, -2.68, -2.68, -2.74, -2.68, -2.41, -2.39, -2.36, -2.42, -2.44, -2.04, -2.05, -2.07, -2.1, -2.14, -2.18, -2.24, -2.32, -2.4, -2.42, -2.57, -2.54, -2.58, -2.26, -2.32, -2.36, -2.37, -2.36, -2.37, -2.37, -2.05, -2.06, -2.08, -2.1, -2.13, -2.16, -2.19, -2.22, -2.21, -2.35, -2.28, -2.16, -2.18, -2.18, -2.27, -2.31, -2.34, -2.35, -2.35, -2.36, -2.05, -2.06, -2.08, -2.09, -2.11, -2.13, -2.14, -2.13, -2.08, -2.1, -1.85, -2.03, -2.12, -2.15, -2.23, -2.28, -2.31, -2.33, -2.34, -2.34, -2.05, -2.06, -2.07, -2.09, -2.1, -2.1, -2.1, -2.08, -2.12, -1.99, -1.9, -2.01, -2.09, -2.13, -2.2, -2.25, -2.28, -2.3, -2.32, -2.33, -2.05, -2.06, -2.07, -2.08, -2.08, -2.08, -2.08, -2.06, -2.12, -2.06, -2.02, -2.05, -2.1, -2.13, -2.19, -2.23, -2.26, -2.29, -2.3, -2.31, -2.05, -2.05, -2.06, -2.07, -2.07, -2.07, -2.06, -2.18, -2.14, -2.1, -2.09, -2.1, -2.12, -2.14, -2.18, -2.22, -2.25, -2.27, -2.29, -2.3]}, {"header": {"refTime": "2023-09-10T21:00:00.000Z", "nx": 21, "ny": 33, "lo1": 113.509, "la1": 22.2235, "lo2": 113.5947, "la2": 22.1034, "dx": 0.0042850000000001385, "dy": 0.003753125000000024, "parameterCategory": 2, "parameterCategoryName": "Temperature", "parameterNumber": 3}, "data": [0.46, 0.44, 0.41, 0.42, 0.38, 0.35, 0.29, 0.24, 0.22, 0.29, 0.4, 0.51, 1.03, 1.11, 1.69, 1.84, 2.86, 2.94, 3.0, 3.04, 0.48, 0.46, 0.43, 0.39, 0.39, 0.32, 0.25, 0.13, 0.06, 0.19, 0.39, 0.54, 1.07, 1.16, 1.73, 2.77, 2.89, 2.99, 3.05, 3.09, 0.5, 0.48, 0.46, 0.42, 0.41, 0.34, 0.23, 0.05, -0.28, 0.11, 0.42, 0.61, 1.14, 1.21, 2.59, 2.79, 2.95, 3.07, 3.14, 3.17, 0.52, 0.51, 0.49, 0.46, 0.42, 0.4, 0.31, 0.16, 0.02, 0.25, 0.53, 0.75, 1.22, 1.56, 2.56, 2.84, 3.06, 3.2, 3.26, 3.26, 0.55, 0.54, 0.53, 0.51, 0.49, 0.49, 0.45, 0.4, 0.38, 0.49, 0.68, 1.5, 1.33, 1.53, 2.58, 2.95, 3.24, 3.4, 3.42, 3.38, 0.57, 0.57, 0.57, 0.57, 0.56, 0.55, 0.6, 0.62, 0.65, 0.68, 1.61, 1.6, 1.51, 2.08, 2.71, 3.14, 3.54, 3.7, 3.62, 3.5, 1.23, 0.61, 0.61, 0.62, 0.63, 0.64, 1.03, 0.8, 0.84, 1.43, 1.54, 1.85, 2.45, 2.43, 2.89, 3.34, 3.94, 4.16, 3.88, 3.68, 1.24, 1.22, 1.21, 1.54, 1.52, 1.02, 1.03, 1.05, 1.17, 1.37, 1.29, 2.54, 2.76, 2.7, 3.62, 3.88, 4.2, 4.32, 4.15, 4.03, 1.24, 1.23, 1.21, 1.19, 1.49, 1.48, 1.5, 1.04, 1.44, 1.47, 2.19, 2.67, 3.0, 2.84, 3.58, 3.79, 3.99, 4.08, 4.04, 3.98, 1.84, 1.8, 1.76, 1.19, 1.15, 1.37, 1.53, 1.7, 1.78, 1.71, 2.46, 2.76, 3.04, 2.87, 3.57, 3.71, 3.85, 3.92, 3.94, 3.92, 1.84, 1.81, 1.76, 1.68, 1.5, 0.98, 1.7, 2.17, 2.16, 2.04, 2.65, 2.69, 2.8, 2.78, 3.57, 3.67, 3.76, 3.83, 3.85, 3.86, 1.85, 1.82, 1.79, 1.73, 1.64, 1.6, 1.92, 2.49, 2.75, 2.95, 2.74, 3.22, 3.22, 2.71, 3.58, 3.65, 3.71, 3.14, 3.16, 3.15, 1.87, 1.85, 1.83, 1.81, 1.8, 1.86, 1.99, 2.39, 2.63, 2.43, 2.91, 3.21, 3.21, 2.45, 2.38, 2.84, 2.87, 2.92, 2.96, 2.98, 1.89, 1.88, 1.87, 1.87, 1.88, 1.92, 1.89, 2.14, 2.32, 2.32, 2.85, 2.53, 2.41, 2.3, 2.15, 2.56, 2.62, 2.69, 2.76, 2.81, 1.9, 1.9, 1.9, 1.91, 1.93, 1.96, 2.0, 2.27, 2.37, 2.4, 2.4, 1.92, 2.18, 2.04, 1.95, 2.24, 2.34, 2.46, 2.57, 2.66, 1.92, 1.92, 1.56, 1.58, 1.61, 2.21, 2.22, 2.25, 2.28, 2.31, 1.95, 1.79, 1.6, 1.47, 1.39, 1.75, 1.9, 2.05, 2.5, 2.63, 1.56, 1.57, 1.59, 1.6, 2.22, 2.21, 2.2, 2.19, 2.2, 2.22, 1.85, 1.68, 1.46, 1.21, 1.13, 1.3, 1.53, 1.71, 1.83, 1.92, 1.58, 1.59, 1.6, 1.62, 2.21, 2.19, 2.15, 2.11, 2.09, 1.63, 1.5, 1.63, 1.38, 1.13, 0.72, 1.22, 1.55, 1.76, 1.9, 1.98, 1.59, 1.6, 1.62, 2.22, 2.2, 2.16, 2.12, 2.03, 1.84, 1.68, 1.44, 1.28, 1.54, 1.32, 1.18, 1.42, 1.69, 1.88, 1.99, 2.06, 1.6, 1.61, 1.74, 1.75, 1.75, 1.77, 1.79, 1.82, 1.73, 1.6, 1.45, 1.31, 1.7, 1.61, 1.62, 1.75, 1.93, 2.06, 2.13, 2.16, 1.72, 1.73, 1.73, 1.73, 1.74, 1.74, 1.75, 1.77, 1.59, 1.52, 1.43, 1.33, 1.87, 1.89, 1.95, 2.08, 2.2, 2.26, 2.27, 2.26, 1.72, 1.72, 1.71, 1.71, 1.71, 1.71, 1.71, 1.53, 1.5, 1.46, 1.4, 1.34, 1.86, 2.1, 2.21, 2.36, 2.47, 2.48, 2.42, 2.36, 1.71, 1.7, 1.7, 1.44, 1.44, 1.45, 1.46, 1.46, 1.45, 1.43, 1.42, 2.15, 2.31, 2.26, 2.4, 2.59, 2.79, 2.68, 2.52, 2.42, 1.4, 1.4, 1.41, 1.41, 1.41, 1.41, 1.41, 1.4, 1.39, 1.38, 1.37, 1.81, 2.27, 2.44, 2.61, 2.69, 3.23, 2.67, 2.52, 2.44, 1.38, 1.38, 1.38, 1.38, 1.38, 1.37, 1.37, 1.36, 1.36, 1.37, 1.34, 1.72, 1.92, 2.41, 2.55, 2.66, 2.54, 2.34, 2.45, 2.43, 1.37, 1.37, 1.36, 1.36, 1.35, 1.34, 1.33, 1.32, 1.33, 1.34, 1.52, 1.64, 1.82, 2.37, 2.49, 2.46, 2.47, 2.44, 2.43, 2.41, 1.35, 1.35, 1.34, 1.33, 1.32, 1.31, 1.29, 1.27, 1.26, 1.24, 1.45, 1.54, 1.71, 2.08, 2.24, 2.35, 2.4, 2.41, 2.41, 2.41, 1.34, 1.33, 1.32, 1.31, 1.3, 1.28, 1.25, 1.22, 1.18, 1.3, 1.27, 1.14, 1.22, 1.3, 2.13, 2.24, 2.31, 2.35, 2.36, 2.37, 1.33, 1.32, 1.31, 1.29, 1.28, 1.25, 1.22, 1.18, 1.11, 1.13, 0.9, 1.05, 1.17, 1.26, 2.03, 2.15, 2.23, 2.28, 2.31, 2.32, 1.32, 1.31, 1.3, 1.28, 1.26, 1.24, 1.2, 1.16, 1.09, 1.0, 0.95, 1.05, 1.15, 1.23, 1.96, 2.08, 2.16, 2.22, 2.25, 2.27, 1.31, 1.3, 1.29, 1.27, 1.25, 1.23, 1.2, 1.15, 1.11, 1.07, 1.05, 1.1, 1.16, 1.23, 1.92, 2.03, 2.11, 2.17, 2.21, 2.23, 1.3, 1.29, 1.28, 1.26, 1.25, 1.22, 1.2, 1.17, 1.14, 1.12, 1.12, 1.14, 1.19, 1.23, 1.91, 2.0, 2.07, 2.13, 2.17, 2.2]}, {"header": {"refTime": "2023-09-10T21:00:00.000Z", "nx": 21, "ny": 33, "lo1": 113.509, "la1": 22.2235, "lo2": 113.5947, "la2": 22.1034, "dx": 0.0042850000000001385, "dy": 0.003753125000000024, "parameterCategory": 0, "parameterCategoryName": "Temperature", "parameterNumber": 0}, "data": [[25.78, 25.77, 25.77, 25.48, 25.48, 25.76, 25.76, 25.75, 25.75, 25.64, 25.66, 25.68, 25.93, 25.95, 25.99, 26.0, 26.11, 26.11, 26.11, 26.11], [25.79, 25.78, 25.77, 25.76, 25.48, 25.49, 25.74, 25.72, 25.71, 25.63, 25.66, 25.7, 25.95, 25.97, 26.01, 26.11, 26.11, 26.11, 26.11, 26.11], [25.79, 25.78, 25.78, 25.76, 25.48, 25.49, 25.51, 25.7, 25.63, 25.62, 25.67, 25.73, 25.99, 26.0, 26.12, 26.11, 26.11, 26.11, 26.11, 26.1], [25.8, 25.79, 25.79, 25.77, 25.76, 25.49, 25.5, 25.52, 25.53, 25.62, 25.68, 25.79, 26.05, 25.92, 26.12, 26.11, 26.11, 26.11, 26.1, 26.1], [25.81, 25.8, 25.8, 25.79, 25.77, 25.48, 25.49, 25.49, 25.48, 25.6, 25.67, 25.93, 26.09, 25.96, 26.12, 26.11, 26.11, 26.1, 26.1, 26.1], [25.82, 25.82, 25.81, 25.81, 25.79, 25.78, 25.49, 25.49, 25.46, 25.4, 25.69, 25.85, 25.98, 26.13, 26.11, 26.11, 26.1, 26.1, 26.1, 26.1], [25.92, 25.83, 25.83, 25.83, 25.82, 25.8, 25.62, 25.51, 25.49, 25.44, 25.39, 25.72, 26.09, 26.1, 26.1, 26.1, 26.1, 26.1, 26.12, 26.12], [25.93, 25.93, 25.93, 25.93, 25.92, 25.69, 25.66, 25.63, 25.64, 25.39, 25.17, 25.69, 25.7, 26.1, 26.06, 26.05, 26.07, 26.08, 26.07, 26.06], [25.87, 25.88, 25.95, 25.95, 25.96, 25.94, 25.89, 25.64, 25.48, 25.47, 25.38, 25.53, 25.6, 25.51, 26.06, 26.05, 26.06, 26.07, 26.06, 26.06], [26.1, 26.1, 26.1, 25.91, 25.94, 26.01, 25.96, 25.89, 25.3, 25.34, 25.61, 25.44, 25.49, 25.47, 26.06, 26.04, 26.05, 26.06, 26.06, 26.05], [26.1, 26.1, 26.1, 26.1, 26.1, 26.1, 26.1, 26.1, 25.96, 25.46, 25.0, 25.38, 25.43, 25.43, 26.06, 26.04, 26.05, 26.05, 26.05, 26.05], [26.1, 26.1, 26.1, 26.1, 26.1, 26.1, 26.1, 26.1, 26.1, -999.0, 25.0, 26.0, 26.0, 25.4, 26.06, 26.04, 26.04, 25.47, 25.49, 25.49], [26.1, 26.1, 26.1, 26.1, 26.1, 26.1, 26.1, 26.1, 26.1, 26.1, -999.0, 26.0, 26.0, 25.35, 25.63, 25.7, 25.71, 25.57, 25.59, 25.6], [26.1, 26.1, 26.1, 26.1, 26.1, 26.1, 26.1, 26.1, 26.1, 26.1, -999.0, 25.0, 25.0, 25.0, 25.55, 25.61, 25.63, 25.49, 25.52, 25.54], [26.1, 26.1, 26.1, 26.1, 26.1, 26.1, 26.1, 26.2, 26.2, 26.2, 26.2, 25.74, 25.0, 25.0, 25.0, 25.5, 25.54, 25.41, 25.45, 25.48], [26.1, 26.1, 26.16, 26.16, 26.17, 26.2, 26.2, 26.2, 26.2, 26.2, 25.44, 25.53, 25.41, 25.32, 25.43, 25.29, 25.34, 25.26, 25.5, 25.54], [26.16, 26.16, 26.14, 26.14, 26.2, 26.2, 26.2, 26.2, 26.2, 26.2, 25.68, 25.54, 25.38, 25.23, 25.23, 25.21, 25.28, 25.34, 25.38, 25.41], [26.14, 26.14, 26.14, 26.14, 26.2, 26.2, 26.2, 26.2, 26.2, 25.9, 25.73, 25.55, 25.37, 25.24, 25.03, 25.19, 25.29, 25.36, 25.4, 25.43], [26.14, 26.14, 26.14, 26.2, 26.2, 26.2, 26.2, 26.2, 26.09, 25.97, 25.84, 25.69, 25.47, 25.32, 25.17, 25.25, 25.33, 25.4, 25.43, 25.45], [26.14, 26.14, 26.14, 26.15, 26.15, 26.15, 26.16, 26.18, 26.08, 25.98, 25.85, 25.73, 25.54, 25.44, 25.31, 25.35, 25.41, 25.45, 25.47, 25.49], [26.14, 26.14, 26.14, 26.16, 26.16, 26.16, 26.17, 26.17, 25.99, 25.94, 25.86, 25.77, 25.59, 25.39, 25.41, 25.45, 25.49, 25.51, 25.52, 25.52], [26.15, 26.15, 26.15, 26.16, 26.16, 26.16, 26.16, 26.18, 25.96, 25.92, 25.87, 25.81, 25.61, 25.46, 25.49, 25.54, 25.57, 25.58, 25.57, 25.55], [26.15, 26.15, 26.15, 26.19, 26.19, 26.18, 26.18, 26.18, 26.17, 26.17, 26.17, 26.05, 25.85, 25.51, 25.55, 25.6, 25.65, 25.64, 25.6, 25.58], [26.19, 26.19, 26.19, 26.19, 26.19, 26.18, 26.18, 26.17, 26.16, 26.15, 26.16, 26.08, 25.86, 25.82, 25.78, 25.64, 25.73, 25.66, 25.62, 25.59], [26.19, 26.19, 26.19, 26.19, 26.19, 26.18, 26.18, 26.16, 26.14, 26.13, 26.15, 26.09, 26.07, 25.82, 25.78, 25.75, 25.65, 25.63, 25.62, 25.6], [26.19, 26.19, 26.19, 26.19, 26.19, 26.19, 26.18, 26.17, 26.15, 26.13, 26.11, 26.11, 26.08, 25.83, 25.79, 25.79, 25.75, 25.74, 25.61, 25.59], [26.2, 26.2, 26.19, 26.19, 26.19, 26.19, 26.19, 26.18, 26.18, 26.18, 26.14, 26.13, 26.11, 25.91, 25.86, 25.82, 25.79, 25.78, 25.78, 25.79], [26.2, 26.2, 26.2, 26.2, 26.2, 26.2, 26.2, 26.2, 26.21, 26.18, 26.19, 26.14, 26.09, 26.04, 25.89, 25.85, 25.82, 25.81, 25.8, 25.81], [26.2, 26.2, 26.2, 26.2, 26.2, 26.2, 26.21, 26.21, 26.23, 26.22, 26.26, 26.18, 26.11, 26.06, 25.92, 25.88, 25.85, 25.84, 25.83, 25.82], [26.2, 26.2, 26.2, 26.2, 26.2, 26.21, 26.21, 26.22, 26.16, 26.2, 26.23, 26.18, 26.12, 26.07, 25.94, 25.91, 25.88, 25.86, 25.85, 25.84], [26.2, 26.2, 26.2, 26.2, 26.21, 26.21, 26.21, 26.22, 26.15, 26.17, 26.17, 26.15, 26.11, 26.07, 25.96, 25.92, 25.9, 25.88, 25.86, 25.86], [26.2, 26.2, 26.2, 26.21, 26.21, 26.21, 26.22, 26.12, 26.13, 26.14, 26.14, 26.13, 26.1, 26.07, 25.96, 25.93, 25.91, 25.89, 25.88, 25.87]]}]