gis_exercise/awsData/contour/wdir_2023090209.json
[{"header": {"refTime": "2023-09-02T09:00:00.000Z", "nx": 21, "ny": 33, "lo1": 113.509, "la1": 22.2235, "lo2": 113.5947, "la2": 22.1034, "dx": 0.0042850000000001385, "dy": 0.003753125000000024, "parameterCategory": 2, "parameterCategoryName": "Temperature", "parameterNumber": 2}, "data": [-3.75, -3.76, -3.76, -4.63, -4.58, -4.93, -4.85, -4.79, -4.81, -5.38, -5.67, -5.95, -5.83, -5.94, -8.89, -9.25, -9.92, -10.09, -10.22, -10.31, -3.75, -3.76, -3.76, -3.77, -4.58, -4.51, -4.75, -4.59, -4.5, -5.13, -5.64, -6.05, -5.99, -6.1, -9.02, -9.76, -10.03, -10.26, -10.4, -10.48, -3.75, -3.75, -3.76, -3.77, -4.6, -4.52, -4.4, -4.41, -3.88, -4.93, -5.73, -6.27, -6.27, -6.33, -9.43, -9.84, -10.22, -10.5, -10.66, -10.71, -3.74, -3.75, -3.76, -3.77, -3.78, -4.57, -4.48, -4.32, -4.17, -5.26, -6.02, -6.66, -6.74, -7.17, -9.41, -10.0, -10.53, -10.87, -11.01, -10.99, -3.73, -3.74, -3.75, -3.76, -3.79, -4.65, -4.61, -4.57, -4.59, -5.8, -6.36, -7.28, -7.8, -7.27, -9.43, -10.27, -11.04, -11.46, -11.5, -11.34, -3.72, -3.72, -3.73, -3.75, -3.78, -3.82, -4.72, -4.74, -4.84, -5.04, -6.72, -6.99, -7.35, -8.13, -9.51, -10.7, -11.9, -12.41, -12.12, -11.7, -7.0, -3.71, -3.71, -3.73, -3.76, -3.82, -4.62, -4.78, -4.89, -5.52, -5.74, -6.4, -7.71, -8.08, -9.57, -11.12, -13.13, -13.88, -13.73, -13.28, -7.05, -6.91, -6.73, -6.38, -6.28, -4.4, -4.53, -4.61, -4.69, -5.59, -6.17, -6.72, -6.89, -8.27, -10.72, -11.98, -13.52, -14.08, -13.25, -12.69, -7.12, -6.97, -6.76, -6.48, -6.08, -6.06, -6.24, -4.57, -6.72, -5.45, -7.5, -8.02, -9.38, -8.73, -10.73, -11.63, -12.55, -12.95, -12.77, -12.47, -10.01, -9.76, -9.4, -6.48, -5.9, -5.45, -6.3, -7.19, -8.37, -8.2, -8.05, -8.88, -10.08, -9.12, -10.78, -11.34, -11.91, -12.24, -12.29, -12.18, -10.09, -9.86, -9.5, -8.86, -7.49, -3.5, -8.51, -11.05, -9.43, -9.59, -11.23, -8.68, -9.02, -8.87, -10.81, -11.17, -11.55, -11.81, -11.92, -11.92, -10.24, -10.07, -9.83, -9.43, -8.78, -8.46, -10.41, -12.55, -13.35, -14.25, -11.71, -10.88, -10.64, -8.62, -10.81, -11.07, -11.33, -12.76, -12.82, -12.83, -10.42, -10.35, -10.27, -10.24, -10.42, -11.34, -12.74, -13.05, -13.27, -12.66, -14.08, -11.12, -10.82, -9.3, -9.27, -12.25, -12.35, -12.45, -12.53, -12.58, -10.61, -10.62, -10.68, -10.88, -11.39, -12.55, -14.48, -13.19, -12.83, -12.54, -14.16, -12.35, -12.07, -11.85, -9.29, -11.93, -12.03, -12.16, -12.26, -12.35, -10.78, -10.85, -10.99, -11.25, -11.72, -12.43, -12.99, -12.59, -12.0, -11.53, -11.18, -9.24, -11.81, -11.56, -11.41, -11.55, -11.7, -11.87, -12.02, -12.14, -10.92, -11.02, -7.7, -7.99, -8.37, -11.59, -11.48, -11.07, -10.61, -10.34, -8.55, -8.72, -8.91, -8.56, -8.77, -10.52, -10.63, -10.74, -11.69, -11.84, -7.27, -7.36, -7.47, -7.59, -10.66, -10.38, -9.87, -9.19, -8.75, -8.82, -7.74, -8.26, -8.71, -9.08, -9.0, -9.36, -9.23, -9.13, -9.05, -8.99, -7.14, -7.18, -7.2, -7.18, -9.86, -9.27, -8.3, -6.99, -6.32, -6.25, -7.19, -7.85, -8.54, -8.9, -9.6, -9.4, -9.23, -9.11, -9.02, -8.96, -7.01, -7.0, -6.95, -9.73, -9.24, -8.45, -7.17, -5.07, -3.06, -5.22, -5.7, -6.72, -7.96, -8.72, -9.43, -9.32, -9.17, -9.07, -8.98, -8.92, -6.89, -6.84, -8.53, -8.25, -7.83, -7.19, -6.24, -4.9, -3.63, -4.73, -5.84, -6.72, -7.85, -8.49, -9.23, -9.18, -9.09, -9.0, -8.92, -8.86, -8.73, -8.6, -8.41, -8.14, -7.78, -7.3, -6.68, -6.05, -5.08, -5.59, -6.27, -6.86, -7.86, -9.1, -9.1, -9.08, -9.03, -8.95, -8.86, -8.79, -8.66, -8.53, -8.36, -8.15, -7.88, -7.57, -7.25, -5.07, -6.19, -6.49, -6.83, -7.14, -10.39, -9.01, -9.03, -9.05, -9.05, -8.93, -8.78, -8.7, -8.62, -8.51, -8.37, -5.35, -5.4, -5.49, -5.63, -5.86, -6.12, -6.29, -6.23, -8.04, -9.06, -8.93, -8.97, -9.1, -9.32, -8.94, -8.63, -8.57, -5.36, -5.39, -5.45, -5.52, -5.63, -5.81, -6.1, -6.53, -7.08, -7.34, -6.98, -8.81, -9.07, -8.96, -8.91, -9.02, -10.22, -8.37, -8.29, -8.4, -5.42, -5.47, -5.54, -5.65, -5.8, -6.02, -6.39, -6.97, -7.95, -8.77, -7.6, -8.65, -8.7, -8.91, -8.79, -8.64, -7.96, -7.11, -7.99, -8.28, -5.47, -5.53, -5.61, -5.72, -5.87, -6.1, -6.44, -6.98, -7.88, -8.59, -8.59, -8.29, -8.37, -8.88, -8.7, -7.56, -7.46, -7.32, -8.06, -8.26, -5.51, -5.56, -5.64, -5.74, -5.88, -6.06, -6.3, -6.61, -6.94, -6.97, -7.71, -7.65, -7.89, -6.74, -7.08, -7.29, -7.35, -7.34, -7.36, -7.38, -5.52, -5.58, -5.65, -5.73, -5.83, -5.95, -6.06, -6.14, -6.08, -6.72, -6.4, -5.82, -5.95, -5.99, -6.81, -7.06, -7.18, -7.25, -7.28, -7.3, -5.53, -5.58, -5.63, -5.7, -5.76, -5.81, -5.84, -5.77, -5.5, -5.59, -4.41, -5.24, -5.66, -5.84, -6.6, -6.86, -7.02, -7.12, -7.18, -7.21, -5.53, -5.57, -5.61, -5.65, -5.68, -5.7, -5.67, -5.55, -5.63, -5.04, -4.67, -5.16, -5.55, -5.75, -6.45, -6.71, -6.88, -7.0, -7.07, -7.12, -5.52, -5.55, -5.58, -5.61, -5.62, -5.61, -5.56, -5.45, -5.65, -5.35, -5.22, -5.36, -5.58, -5.73, -6.36, -6.6, -6.77, -6.9, -6.98, -7.04, -5.51, -5.53, -5.55, -5.57, -5.57, -5.55, -5.5, -5.92, -5.74, -5.58, -5.51, -5.55, -5.66, -5.76, -6.33, -6.53, -6.69, -6.81, -6.9, -6.97]}, {"header": {"refTime": "2023-09-02T09:00:00.000Z", "nx": 21, "ny": 33, "lo1": 113.509, "la1": 22.2235, "lo2": 113.5947, "la2": 22.1034, "dx": 0.0042850000000001385, "dy": 0.003753125000000024, "parameterCategory": 2, "parameterCategoryName": "Temperature", "parameterNumber": 3}, "data": [0.04, 0.08, 0.12, 1.08, 1.07, 0.29, 0.32, 0.34, 0.33, 0.38, 0.25, 0.12, -0.03, -0.08, -0.06, -0.0, 0.19, 0.26, 0.31, 0.34, 0.02, 0.05, 0.1, 0.16, 1.07, 1.06, 0.38, 0.45, 0.49, 0.46, 0.25, 0.05, -0.13, -0.17, -0.13, 0.1, 0.21, 0.29, 0.35, 0.38, -0.02, 0.02, 0.07, 0.13, 1.07, 1.06, 1.04, 0.55, 0.82, 0.53, 0.2, -0.09, -0.31, -0.32, -0.07, 0.1, 0.24, 0.34, 0.4, 0.43, -0.06, -0.03, 0.02, 0.08, 0.16, 1.07, 1.05, 1.03, 1.0, 0.44, 0.09, -0.33, -0.62, -0.37, -0.11, 0.14, 0.32, 0.43, 0.49, 0.5, -0.11, -0.09, -0.05, 0.01, 0.09, 1.07, 1.07, 1.06, 1.07, 0.36, 0.03, -0.48, -1.19, -0.52, -0.09, 0.24, 0.46, 0.57, 0.6, 0.58, -0.17, -0.16, -0.13, -0.09, -0.01, 0.1, 1.07, 1.08, 1.11, 1.17, 0.39, -0.1, -0.63, -0.19, 0.07, 0.4, 0.67, 0.78, 0.74, 0.67, 0.75, -0.24, -0.24, -0.21, -0.15, -0.03, 0.34, 1.05, 1.08, 1.31, 1.41, 0.62, 0.45, 0.39, 0.3, 0.58, 0.94, 1.08, 0.94, 0.84, 0.73, 0.67, 0.58, 0.32, 0.32, -0.04, 0.23, 0.59, 0.97, 1.33, 1.53, 1.53, 1.53, 0.85, 1.54, 1.49, 1.42, 1.4, 1.44, 1.46, 0.74, 0.65, 0.53, 0.38, 0.09, 0.15, 0.44, 0.35, 1.54, 1.29, 1.62, 1.63, 1.72, 1.68, 1.58, 1.52, 1.47, 1.45, 1.46, 1.47, 1.52, 1.4, 1.21, 0.28, -0.09, -0.42, 0.16, 0.8, 1.99, 1.96, 1.65, 1.69, 1.77, 1.71, 1.6, 1.55, 1.51, 1.49, 1.49, 1.49, 1.56, 1.45, 1.27, 0.94, 0.24, -1.78, 0.74, 1.99, 1.64, 2.32, 2.39, 1.68, 1.7, 1.69, 1.6, 1.56, 1.53, 1.51, 1.51, 1.5, 1.64, 1.56, 1.43, 1.24, 0.91, 0.74, 1.71, 2.72, 3.08, 3.45, 2.56, 2.29, 2.18, 1.68, 1.59, 1.57, 1.55, 1.11, 1.09, 1.08, 1.73, 1.7, 1.66, 1.65, 1.75, 2.23, 2.96, 3.02, 3.07, 2.8, 3.35, 2.4, 2.28, 1.14, 1.09, 1.04, 1.02, 1.02, 1.02, 1.02, 1.83, 1.84, 1.88, 1.98, 2.25, 2.88, 3.93, 3.16, 2.92, 2.76, 3.42, 1.96, 1.75, 1.58, 0.92, 0.89, 0.89, 0.91, 0.93, 0.95, 1.92, 1.96, 2.03, 2.17, 2.42, 2.8, 3.09, 4.09, 4.03, 4.0, 3.99, 2.38, 1.54, 1.34, 1.22, 0.71, 0.75, 0.8, 0.84, 0.88, 1.99, 2.04, 2.22, 2.35, 2.54, 4.1, 4.09, 4.07, 4.04, 4.02, 2.59, 2.25, 1.85, 1.13, 0.97, 1.54, 1.82, 2.1, 2.18, 2.34, 2.19, 2.26, 2.35, 2.47, 4.07, 4.07, 4.06, 4.05, 4.03, 4.02, 2.58, 2.16, 1.63, 1.06, 1.13, 0.97, 1.37, 1.68, 1.89, 2.04, 2.28, 2.35, 2.44, 2.56, 4.05, 4.05, 4.04, 4.03, 4.02, 3.23, 2.81, 2.14, 1.52, 1.14, 0.02, 0.85, 1.42, 1.78, 2.01, 2.14, 2.34, 2.42, 2.51, 4.05, 4.04, 4.04, 4.03, 4.02, 3.84, 3.37, 1.97, 1.41, 2.27, 1.61, 0.77, 1.2, 1.68, 2.0, 2.18, 2.28, 2.4, 2.47, 2.9, 2.93, 2.98, 3.05, 3.18, 3.41, 3.11, 2.5, 1.88, 1.4, 2.68, 2.37, 1.55, 1.8, 2.11, 2.32, 2.42, 2.45, 2.76, 2.77, 2.77, 2.78, 2.8, 2.83, 2.9, 2.98, 2.3, 2.01, 1.63, 1.31, 3.1, 2.03, 2.17, 2.4, 2.62, 2.7, 2.68, 2.63, 2.67, 2.65, 2.64, 2.61, 2.59, 2.56, 2.54, 1.93, 1.66, 1.49, 1.3, 1.14, 2.01, 2.42, 2.65, 2.96, 3.18, 3.13, 2.93, 2.77, 2.58, 2.54, 2.5, 1.63, 1.62, 1.6, 1.54, 1.44, 1.3, 1.2, 1.2, 2.79, 2.14, 2.68, 2.99, 3.45, 3.96, 3.55, 3.05, 2.83, 1.55, 1.54, 1.53, 1.5, 1.45, 1.37, 1.23, 1.03, 0.76, 0.63, 0.77, 1.74, 2.03, 2.52, 3.01, 3.61, 5.31, 3.22, 2.87, 2.79, 1.5, 1.47, 1.44, 1.39, 1.31, 1.2, 1.03, 0.75, 0.31, -0.05, 0.43, 1.52, 2.21, 2.4, 2.83, 3.13, 2.76, 1.91, 2.6, 2.7, 1.44, 1.41, 1.37, 1.31, 1.22, 1.1, 0.93, 0.67, 0.28, -0.01, 0.79, 1.45, 2.06, 2.27, 2.61, 3.0, 2.78, 2.6, 2.59, 2.65, 1.4, 1.36, 1.32, 1.25, 1.17, 1.06, 0.92, 0.75, 0.58, 0.52, 1.09, 1.48, 1.95, 2.63, 2.78, 2.84, 2.8, 2.75, 2.78, 2.83, 1.37, 1.33, 1.28, 1.22, 1.15, 1.06, 0.96, 0.86, 0.81, 1.14, 1.25, 0.46, 0.37, 0.3, 2.63, 2.73, 2.76, 2.76, 2.78, 2.81, 1.34, 1.3, 1.26, 1.2, 1.14, 1.07, 1.0, 0.95, 0.94, 1.23, 0.92, 0.64, 0.47, 0.36, 2.52, 2.64, 2.7, 2.73, 2.76, 2.78, 1.32, 1.29, 1.24, 1.2, 1.14, 1.09, 1.04, 1.01, 0.53, 0.72, 0.83, 0.66, 0.5, 0.4, 2.44, 2.56, 2.64, 2.69, 2.73, 2.75, 1.31, 1.28, 1.24, 1.2, 1.15, 1.11, 1.07, 1.05, 0.51, 0.61, 0.64, 0.58, 0.49, 0.41, 2.4, 2.52, 2.6, 2.65, 2.69, 2.72, 1.3, 1.27, 1.24, 1.2, 1.17, 1.13, 1.1, 0.42, 0.47, 0.52, 0.53, 0.51, 0.45, 0.4, 2.39, 2.49, 2.56, 2.62, 2.66, 2.7]}, {"header": {"refTime": "2023-09-02T09:00:00.000Z", "nx": 21, "ny": 33, "lo1": 113.509, "la1": 22.2235, "lo2": 113.5947, "la2": 22.1034, "dx": 0.0042850000000001385, "dy": 0.003753125000000024, "parameterCategory": 0, "parameterCategoryName": "Temperature", "parameterNumber": 0}, "data": [[26.13, 26.12, 26.12, 25.86, 25.87, 26.12, 26.12, 26.12, 26.13, 26.04, 26.04, 26.05, 26.27, 26.28, 26.25, 26.25, 26.3, 26.3, 26.29, 26.29], [26.13, 26.13, 26.12, 26.12, 25.87, 25.89, 26.11, 26.12, 26.12, 26.05, 26.05, 26.06, 26.28, 26.29, 26.26, 26.31, 26.3, 26.29, 26.29, 26.29], [26.13, 26.13, 26.12, 26.12, 25.87, 25.89, 25.92, 26.11, 26.1, 26.05, 26.05, 26.08, 26.29, 26.3, 26.32, 26.31, 26.3, 26.29, 26.29, 26.28], [26.14, 26.13, 26.13, 26.12, 26.11, 25.87, 25.9, 25.94, 25.98, 26.03, 26.05, 26.11, 26.32, 26.18, 26.32, 26.3, 26.29, 26.28, 26.28, 26.28], [26.14, 26.14, 26.13, 26.13, 26.11, 25.85, 25.87, 25.88, 25.87, 25.98, 26.02, 26.18, 26.31, 26.21, 26.32, 26.3, 26.28, 26.27, 26.27, 26.27], [26.15, 26.14, 26.14, 26.13, 26.12, 26.1, 25.84, 25.83, 25.81, 25.76, 25.99, 26.12, 26.23, 26.37, 26.31, 26.29, 26.26, 26.25, 26.26, 26.26], [26.18, 26.15, 26.15, 26.15, 26.13, 26.11, 25.9, 25.82, 25.79, 25.75, 25.73, 26.03, 26.34, 26.35, 26.3, 26.27, 26.24, 26.23, 26.24, 26.25], [26.19, 26.19, 26.19, 26.19, 26.18, 25.98, 25.93, 25.88, 25.87, 25.71, 25.55, 26.02, 26.03, 26.35, 26.24, 26.25, 26.23, 26.22, 26.23, 26.24], [26.11, 26.12, 26.21, 26.22, 26.22, 26.2, 26.14, 25.91, 25.74, 25.77, 25.75, 25.88, 25.94, 25.86, 26.24, 26.25, 26.24, 26.23, 26.24, 26.24], [26.4, 26.4, 26.4, 26.17, 26.2, 26.29, 26.23, 26.14, 25.62, 25.64, 25.95, 25.8, 25.84, 25.82, 26.24, 26.26, 26.25, 26.24, 26.24, 26.25], [26.4, 26.4, 26.4, 26.4, 26.4, 26.4, 26.4, 26.4, 26.22, 25.73, 25.4, 25.74, 25.78, 25.79, 26.24, 26.26, 26.25, 26.25, 26.25, 26.25], [26.4, 26.4, 26.4, 26.4, 26.4, 26.4, 26.4, 26.4, 26.4, -999.0, 25.4, 26.3, 26.3, 25.76, 26.24, 26.26, 26.26, 25.63, 25.65, 25.65], [26.4, 26.4, 26.4, 26.4, 26.4, 26.4, 26.4, 26.4, 26.4, 26.4, -999.0, 26.3, 26.3, 25.58, 25.9, 25.84, 25.84, 25.72, 25.74, 25.75], [26.4, 26.4, 26.4, 26.4, 26.4, 26.4, 26.4, 26.4, 26.4, 26.4, -999.0, 25.2, 25.2, 25.2, 25.8, 25.75, 25.77, 25.64, 25.67, 25.69], [26.4, 26.4, 26.4, 26.4, 26.4, 26.4, 26.4, 26.3, 26.3, 26.3, 26.3, 25.88, 25.2, 25.2, 25.2, 25.66, 25.69, 25.57, 25.61, 25.64], [26.4, 26.4, 26.34, 26.34, 26.33, 26.3, 26.3, 26.3, 26.3, 26.3, 25.61, 25.69, 25.58, 25.49, 25.59, 25.53, 25.58, 25.49, 25.7, 25.74], [26.34, 26.34, 26.36, 26.36, 26.3, 26.3, 26.3, 26.3, 26.3, 26.3, 25.83, 25.69, 25.55, 25.41, 25.43, 25.41, 25.48, 25.54, 25.58, 25.61], [26.36, 26.36, 26.36, 26.36, 26.3, 26.3, 26.3, 26.3, 26.3, 26.02, 25.87, 25.71, 25.54, 25.44, 25.23, 25.39, 25.49, 25.56, 25.6, 25.63], [26.36, 26.36, 26.36, 26.3, 26.3, 26.3, 26.3, 26.3, 26.2, 26.09, 25.98, 25.85, 25.66, 25.52, 25.37, 25.45, 25.54, 25.6, 25.64, 25.66], [26.36, 26.36, 26.3, 26.3, 26.3, 26.3, 26.3, 26.3, 26.2, 26.11, 26.0, 25.89, 25.73, 25.64, 25.51, 25.56, 25.61, 25.65, 25.68, 25.69], [26.3, 26.3, 26.3, 26.3, 26.3, 26.3, 26.3, 26.3, 26.13, 26.08, 26.01, 25.93, 25.79, 25.6, 25.62, 25.66, 25.7, 25.72, 25.72, 25.72], [26.3, 26.3, 26.3, 26.3, 26.3, 26.3, 26.3, 26.27, 26.11, 26.08, 26.03, 25.97, 25.85, 25.67, 25.7, 25.75, 25.78, 25.79, 25.77, 25.75], [26.3, 26.3, 26.3, 26.25, 26.25, 26.25, 26.26, 26.26, 26.26, 26.26, 26.26, 26.25, 26.06, 25.72, 25.76, 25.82, 25.87, 25.85, 25.81, 25.78], [26.24, 26.24, 26.24, 26.25, 26.25, 26.25, 26.25, 26.26, 26.26, 26.27, 26.26, 26.2, 26.06, 26.02, 25.99, 25.85, 25.99, 25.86, 25.81, 25.79], [26.24, 26.24, 26.24, 26.24, 26.24, 26.25, 26.25, 26.26, 26.27, 26.28, 26.26, 26.2, 26.18, 26.02, 25.99, 25.95, 25.83, 25.79, 25.8, 25.79], [26.24, 26.24, 26.24, 26.24, 26.24, 26.24, 26.24, 26.25, 26.26, 26.27, 26.23, 26.2, 26.18, 26.03, 25.99, 25.92, 25.89, 25.88, 25.79, 25.78], [26.23, 26.23, 26.23, 26.23, 26.23, 26.23, 26.23, 26.23, 26.24, 26.23, 26.19, 26.18, 26.17, 25.97, 25.95, 25.93, 25.91, 25.91, 25.91, 25.92], [26.23, 26.23, 26.23, 26.23, 26.23, 26.23, 26.22, 26.22, 26.21, 26.17, 26.16, 26.1, 26.08, 26.04, 25.96, 25.94, 25.93, 25.92, 25.92, 25.92], [26.23, 26.23, 26.23, 26.23, 26.22, 26.22, 26.21, 26.2, 26.18, 26.14, 26.1, 26.09, 26.07, 26.05, 25.97, 25.95, 25.94, 25.94, 25.93, 25.93], [26.23, 26.23, 26.22, 26.22, 26.22, 26.21, 26.21, 26.2, 26.11, 26.1, 26.1, 26.09, 26.07, 26.05, 25.98, 25.96, 25.95, 25.95, 25.94, 25.94], [26.23, 26.22, 26.22, 26.22, 26.22, 26.21, 26.2, 26.19, 26.1, 26.1, 26.09, 26.08, 26.07, 26.05, 25.98, 25.97, 25.96, 25.95, 25.95, 25.95], [26.22, 26.22, 26.22, 26.22, 26.21, 26.21, 26.2, 26.09, 26.09, 26.09, 26.09, 26.08, 26.07, 26.05, 25.98, 25.97, 25.97, 25.96, 25.95, 25.95]]}]