gis_exercise/awsData/contour/wdir_2023091205.json
[{"header": {"refTime": "2023-09-12T05:00:00.000Z", "nx": 21, "ny": 33, "lo1": 113.509, "la1": 22.2235, "lo2": 113.5947, "la2": 22.1034, "dx": 0.0042850000000001385, "dy": 0.003753125000000024, "parameterCategory": 2, "parameterCategoryName": "Temperature", "parameterNumber": 2}, "data": [-1.23, -1.25, -1.26, -1.53, -1.52, -1.6, -1.57, -1.54, -1.53, -1.38, -1.4, -1.43, -1.55, -1.57, -2.49, -2.62, -2.85, -2.93, -2.99, -3.03, -1.23, -1.24, -1.25, -1.27, -1.53, -1.5, -1.56, -1.5, -1.47, -1.37, -1.4, -1.44, -1.57, -1.58, -2.51, -2.77, -2.9, -2.99, -3.06, -3.09, -1.22, -1.23, -1.25, -1.27, -1.54, -1.52, -1.48, -1.47, -1.33, -1.35, -1.41, -1.46, -1.59, -1.6, -2.62, -2.8, -2.97, -3.09, -3.15, -3.18, -1.2, -1.22, -1.24, -1.26, -1.29, -1.54, -1.51, -1.46, -1.4, -1.37, -1.43, -1.49, -1.62, -1.62, -2.6, -2.86, -3.09, -3.23, -3.29, -3.29, -1.19, -1.2, -1.22, -1.24, -1.28, -1.58, -1.57, -1.55, -1.52, -1.39, -1.45, -1.62, -1.66, -1.63, -2.61, -2.98, -3.29, -3.46, -3.48, -3.43, -1.16, -1.17, -1.19, -1.22, -1.26, -1.33, -1.64, -1.65, -1.63, -1.57, -1.54, -1.6, -1.64, -2.21, -2.69, -3.17, -3.63, -3.83, -3.72, -3.57, -2.07, -1.14, -1.15, -1.17, -1.21, -1.3, -1.44, -1.77, -1.77, -1.66, -1.56, -1.57, -2.29, -2.39, -2.78, -3.36, -4.1, -4.38, -4.32, -4.15, -2.06, -2.02, -1.96, -1.9, -1.9, -1.22, -1.4, -1.7, -2.02, -1.63, -1.39, -2.08, -2.24, -2.62, -3.61, -3.97, -4.41, -4.57, -4.33, -4.17, -2.07, -2.01, -1.92, -1.82, -1.73, -1.77, -1.97, -1.49, -2.33, -1.68, -2.16, -2.57, -3.18, -2.89, -3.63, -3.88, -4.14, -4.25, -4.2, -4.11, -2.74, -2.65, -2.51, -1.75, -1.5, -1.36, -1.79, -2.26, -2.7, -2.54, -2.47, -2.9, -3.44, -3.03, -3.66, -3.81, -3.96, -4.05, -4.06, -4.03, -2.77, -2.68, -2.55, -2.32, -1.81, -0.35, -2.2, -3.15, -2.95, -2.99, -3.46, -2.8, -2.96, -2.9, -3.67, -3.76, -3.86, -3.93, -3.96, -3.96, -2.82, -2.76, -2.67, -2.52, -2.28, -2.17, -2.89, -3.72, -4.04, -4.5, -3.62, -3.64, -3.59, -2.78, -3.67, -3.73, -3.8, -4.05, -4.06, -4.06, -2.89, -2.86, -2.83, -2.81, -2.88, -3.2, -3.71, -3.88, -3.99, -3.75, -4.48, -3.69, -3.62, -2.99, -2.96, -3.87, -3.89, -3.92, -3.94, -3.95, -2.95, -2.96, -2.98, -3.05, -3.22, -3.63, -4.3, -3.89, -3.79, -3.69, -4.49, -3.86, -3.76, -3.67, -2.88, -3.69, -3.73, -3.77, -3.82, -3.85, -3.02, -3.04, -3.09, -3.18, -3.35, -3.6, -3.8, -3.87, -3.72, -3.6, -3.5, -2.76, -3.6, -3.49, -3.42, -3.49, -3.56, -3.63, -3.7, -3.75, -3.07, -3.1, -2.15, -2.25, -2.38, -3.59, -3.56, -3.45, -3.33, -3.25, -2.59, -2.59, -2.58, -2.52, -2.54, -2.76, -2.78, -2.79, -2.99, -3.03, -2.03, -2.06, -2.11, -2.16, -3.33, -3.25, -3.11, -2.92, -2.8, -2.82, -2.36, -2.44, -2.49, -2.51, -2.25, -2.2, -2.1, -2.02, -1.96, -1.92, -2.01, -2.03, -2.05, -2.06, -3.11, -2.94, -2.67, -2.3, -2.11, -1.96, -2.17, -2.32, -2.42, -2.23, -2.46, -2.24, -2.09, -2.0, -1.94, -1.9, -1.98, -1.99, -1.99, -3.07, -2.94, -2.71, -2.35, -1.76, -1.16, -1.7, -1.63, -1.84, -1.97, -2.16, -2.26, -2.16, -2.04, -1.95, -1.9, -1.86, -1.96, -1.95, -2.5, -2.43, -2.32, -2.16, -1.92, -1.59, -1.22, -1.43, -1.65, -1.83, -1.91, -2.04, -2.08, -2.02, -1.94, -1.88, -1.84, -1.82, -2.54, -2.5, -2.45, -2.38, -2.28, -2.16, -2.0, -1.84, -1.49, -1.59, -1.73, -1.85, -1.87, -1.96, -1.94, -1.9, -1.85, -1.81, -1.78, -1.77, -2.5, -2.47, -2.42, -2.36, -2.28, -2.19, -2.1, -1.46, -1.7, -1.76, -1.83, -1.9, -2.3, -1.87, -1.84, -1.8, -1.77, -1.73, -1.72, -1.72, -2.48, -2.44, -2.4, -1.5, -1.51, -1.53, -1.56, -1.6, -1.65, -1.68, -1.67, -1.84, -1.84, -1.8, -1.77, -1.74, -1.73, -1.68, -1.65, -1.67, -1.5, -1.51, -1.52, -1.53, -1.56, -1.59, -1.64, -1.72, -1.83, -1.88, -1.81, -1.98, -1.85, -1.77, -1.7, -1.69, -1.82, -1.54, -1.57, -1.62, -1.51, -1.52, -1.54, -1.56, -1.58, -1.63, -1.69, -1.81, -1.99, -2.14, -1.92, -1.97, -1.92, -1.77, -1.69, -1.61, -1.48, -1.33, -1.51, -1.59, -1.52, -1.53, -1.55, -1.57, -1.6, -1.64, -1.7, -1.81, -1.97, -2.11, -2.02, -1.92, -1.88, -1.77, -1.69, -1.43, -1.4, -1.37, -1.54, -1.59, -1.53, -1.54, -1.55, -1.57, -1.6, -1.63, -1.67, -1.73, -1.79, -1.8, -1.85, -1.8, -1.81, -1.39, -1.4, -1.41, -1.4, -1.39, -1.4, -1.41, -1.53, -1.54, -1.55, -1.57, -1.59, -1.61, -1.63, -1.64, -1.63, -1.67, -1.61, -1.5, -1.5, -1.47, -1.38, -1.4, -1.4, -1.4, -1.4, -1.4, -1.53, -1.54, -1.55, -1.56, -1.57, -1.58, -1.58, -1.57, -1.51, -1.47, -1.28, -1.4, -1.45, -1.45, -1.37, -1.38, -1.39, -1.4, -1.4, -1.4, -1.53, -1.54, -1.54, -1.55, -1.56, -1.56, -1.55, -1.53, -1.48, -1.38, -1.32, -1.38, -1.43, -1.44, -1.36, -1.38, -1.39, -1.39, -1.4, -1.4, -1.53, -1.53, -1.54, -1.54, -1.54, -1.54, -1.53, -1.51, -1.47, -1.42, -1.4, -1.41, -1.43, -1.44, -1.35, -1.37, -1.38, -1.39, -1.39, -1.4, -1.53, -1.53, -1.53, -1.53, -1.53, -1.53, -1.52, -1.51, -1.48, -1.45, -1.44, -1.44, -1.44, -1.44, -1.35, -1.37, -1.38, -1.38, -1.39, -1.39]}, {"header": {"refTime": "2023-09-12T05:00:00.000Z", "nx": 21, "ny": 33, "lo1": 113.509, "la1": 22.2235, "lo2": 113.5947, "la2": 22.1034, "dx": 0.0042850000000001385, "dy": 0.003753125000000024, "parameterCategory": 2, "parameterCategoryName": "Temperature", "parameterNumber": 3}, "data": [-0.19, -0.19, -0.18, 0.2, 0.18, 0.21, 0.18, 0.15, 0.15, 0.21, 0.28, 0.35, 0.45, 0.48, 0.67, 0.71, 1.0, 1.01, 1.02, 1.03, -0.2, -0.19, -0.18, -0.17, 0.18, 0.15, 0.15, 0.08, 0.05, 0.14, 0.27, 0.37, 0.48, 0.52, 0.7, 0.99, 1.01, 1.02, 1.03, 1.04, -0.2, -0.19, -0.18, -0.17, 0.19, 0.16, 0.1, 0.03, -0.16, 0.09, 0.29, 0.43, 0.54, 0.57, 0.97, 0.99, 1.02, 1.04, 1.05, 1.05, -0.21, -0.2, -0.19, -0.18, -0.16, 0.19, 0.14, 0.06, -0.01, 0.18, 0.37, 0.52, 0.64, 0.79, 0.97, 1.0, 1.04, 1.06, 1.07, 1.07, -0.22, -0.21, -0.2, -0.18, -0.16, 0.23, 0.21, 0.19, 0.18, 0.32, 0.46, 0.79, 0.83, 0.8, 0.97, 1.02, 1.07, 1.09, 1.1, 1.09, -0.23, -0.23, -0.22, -0.2, -0.17, -0.12, 0.29, 0.3, 0.31, 0.34, 0.73, 0.77, 0.8, 0.88, 0.98, 1.05, 1.12, 1.15, 1.13, 1.11, -0.03, -0.25, -0.24, -0.23, -0.19, -0.13, 0.18, 0.38, 0.41, 0.59, 0.62, 0.74, 0.87, 0.88, 0.99, 1.08, 1.19, 1.23, 1.21, 1.18, -0.04, -0.06, -0.07, -0.08, -0.07, -0.0, 0.13, 0.31, 0.52, 0.59, 0.61, 0.78, 0.81, 0.9, 1.05, 1.12, 1.21, 1.24, 1.2, 1.16, -0.05, -0.08, -0.11, -0.14, -0.17, -0.13, 0.0, 0.19, 0.53, 0.6, 0.76, 0.84, 0.93, 0.88, 1.04, 1.1, 1.15, 1.18, 1.17, 1.15, -0.04, -0.07, -0.12, -0.2, -0.3, -0.36, -0.16, 0.06, 0.54, 0.55, 0.81, 0.88, 0.95, 0.9, 1.04, 1.08, 1.11, 1.13, 1.14, 1.13, -0.03, -0.06, -0.1, -0.18, -0.35, -0.83, -0.22, 0.09, 0.21, 0.55, 0.76, 0.86, 0.89, 0.88, 1.04, 1.07, 1.09, 1.11, 1.11, 1.12, -0.02, -0.04, -0.07, -0.11, -0.19, -0.23, 0.01, 0.28, 0.39, 0.67, 0.73, 0.83, 0.85, 0.86, 1.04, 1.06, 1.08, 0.94, 0.94, 0.94, 0.01, -0.0, -0.01, -0.02, 0.0, 0.11, 0.28, 0.33, 0.37, 0.29, 0.7, 0.8, 0.83, 0.73, 0.71, 0.86, 0.87, 0.88, 0.89, 0.89, 0.03, 0.03, 0.04, 0.06, 0.12, 0.25, 0.47, 0.34, 0.3, 0.27, 0.69, 0.62, 0.62, 0.6, 0.64, 0.78, 0.79, 0.81, 0.83, 0.84, 0.05, 0.06, 0.07, 0.1, 0.16, 0.24, 0.31, 0.6, 0.61, 0.62, 0.63, 0.5, 0.56, 0.53, 0.52, 0.68, 0.71, 0.74, 0.77, 0.8, 0.07, 0.08, 0.16, 0.19, 0.23, 0.62, 0.62, 0.63, 0.64, 0.64, 0.54, 0.5, 0.45, 0.51, 0.48, 0.61, 0.67, 0.73, 0.85, 0.89, 0.16, 0.18, 0.2, 0.23, 0.64, 0.64, 0.65, 0.66, 0.67, 0.67, 0.55, 0.49, 0.43, 0.36, 0.43, 0.35, 0.4, 0.43, 0.46, 0.47, 0.19, 0.21, 0.23, 0.26, 0.65, 0.66, 0.68, 0.7, 0.71, 0.63, 0.57, 0.5, 0.42, 0.43, 0.25, 0.34, 0.41, 0.45, 0.47, 0.49, 0.21, 0.23, 0.26, 0.65, 0.66, 0.68, 0.7, 0.73, 0.75, 0.66, 0.39, 0.31, 0.6, 0.5, 0.33, 0.38, 0.44, 0.48, 0.49, 0.5, 0.23, 0.25, 0.37, 0.39, 0.41, 0.44, 0.49, 0.58, 0.6, 0.47, 0.36, 0.29, 0.67, 0.63, 0.43, 0.46, 0.49, 0.52, 0.52, 0.52, 0.34, 0.34, 0.35, 0.35, 0.37, 0.39, 0.42, 0.45, 0.41, 0.35, 0.28, 0.24, 0.74, 0.48, 0.5, 0.54, 0.56, 0.57, 0.56, 0.54, 0.32, 0.32, 0.32, 0.32, 0.32, 0.32, 0.32, 0.25, 0.24, 0.21, 0.18, 0.17, 0.4, 0.53, 0.57, 0.62, 0.65, 0.63, 0.59, 0.55, 0.3, 0.29, 0.28, 0.18, 0.18, 0.17, 0.15, 0.12, 0.08, 0.05, 0.06, 0.42, 0.26, 0.56, 0.61, 0.69, 0.79, 0.69, 0.59, 0.55, 0.17, 0.17, 0.16, 0.15, 0.14, 0.11, 0.07, 0.01, -0.07, -0.11, -0.06, 0.18, 0.23, 0.36, 0.49, 0.71, 1.08, 0.59, 0.53, 0.53, 0.16, 0.15, 0.14, 0.12, 0.1, 0.07, 0.02, -0.07, -0.2, -0.31, -0.16, 0.13, 0.31, 0.33, 0.44, 0.53, 0.48, 0.27, 0.46, 0.5, 0.14, 0.14, 0.12, 0.11, 0.08, 0.05, -0.0, -0.08, -0.2, -0.29, -0.06, 0.12, 0.28, 0.3, 0.39, 0.53, 0.47, 0.43, 0.46, 0.49, 0.14, 0.13, 0.11, 0.1, 0.07, 0.04, 0.01, -0.04, -0.09, -0.1, 0.05, 0.15, 0.27, 0.47, 0.49, 0.5, 0.48, 0.47, 0.48, 0.49, 0.13, 0.12, 0.11, 0.09, 0.07, 0.05, 0.03, 0.01, -0.0, 0.09, 0.14, -0.06, -0.09, -0.12, 0.47, 0.48, 0.48, 0.48, 0.48, 0.49, 0.12, 0.11, 0.1, 0.09, 0.08, 0.06, 0.05, 0.04, 0.06, 0.16, 0.12, 0.01, -0.06, -0.1, 0.45, 0.46, 0.47, 0.48, 0.48, 0.49, 0.12, 0.11, 0.1, 0.09, 0.08, 0.07, 0.07, 0.07, -0.03, 0.04, 0.08, 0.02, -0.04, -0.08, 0.43, 0.45, 0.46, 0.47, 0.48, 0.48, 0.12, 0.11, 0.1, 0.09, 0.09, 0.08, 0.08, 0.08, -0.04, -0.01, 0.01, -0.01, -0.05, -0.08, 0.42, 0.44, 0.46, 0.47, 0.47, 0.48, 0.12, 0.11, 0.11, 0.1, 0.09, 0.09, 0.09, -0.08, -0.06, -0.04, -0.03, -0.04, -0.06, -0.08, 0.42, 0.44, 0.45, 0.46, 0.47, 0.48]}, {"header": {"refTime": "2023-09-12T05:00:00.000Z", "nx": 21, "ny": 33, "lo1": 113.509, "la1": 22.2235, "lo2": 113.5947, "la2": 22.1034, "dx": 0.0042850000000001385, "dy": 0.003753125000000024, "parameterCategory": 0, "parameterCategoryName": "Temperature", "parameterNumber": 0}, "data": [[26.1, 26.09, 26.09, 25.89, 25.9, 26.09, 26.1, 26.1, 26.11, 26.03, 26.03, 26.04, 26.2, 26.21, 26.21, 26.21, 26.24, 26.24, 26.23, 26.23], [26.1, 26.1, 26.09, 26.09, 25.9, 25.91, 26.09, 26.1, 26.1, 26.04, 26.04, 26.04, 26.21, 26.22, 26.22, 26.24, 26.24, 26.23, 26.23, 26.23], [26.1, 26.1, 26.09, 26.09, 25.89, 25.91, 25.94, 26.1, 26.1, 26.05, 26.04, 26.06, 26.22, 26.23, 26.25, 26.24, 26.24, 26.23, 26.23, 26.23], [26.1, 26.1, 26.1, 26.09, 26.09, 25.9, 25.92, 25.96, 25.99, 26.03, 26.04, 26.08, 26.24, 26.12, 26.25, 26.24, 26.23, 26.23, 26.23, 26.23], [26.11, 26.1, 26.1, 26.09, 26.09, 25.88, 25.89, 25.9, 25.9, 25.98, 26.01, 26.12, 26.23, 26.14, 26.25, 26.24, 26.23, 26.23, 26.22, 26.22], [26.11, 26.11, 26.1, 26.1, 26.09, 26.08, 25.86, 25.86, 25.84, 25.8, 25.97, 26.07, 26.16, 26.27, 26.24, 26.23, 26.22, 26.22, 26.22, 26.22], [26.12, 26.11, 26.11, 26.11, 26.1, 26.08, 25.9, 25.84, 25.82, 25.77, 25.76, 26.0, 26.24, 26.25, 26.23, 26.23, 26.21, 26.21, 26.22, 26.22], [26.13, 26.13, 26.13, 26.13, 26.12, 25.96, 25.92, 25.89, 25.87, 25.75, 25.61, 25.98, 25.99, 26.25, 26.2, 26.2, 26.2, 26.2, 26.2, 26.2], [26.07, 26.08, 26.15, 26.15, 26.16, 26.14, 26.09, 25.91, 25.77, 25.79, 25.77, 25.87, 25.92, 25.86, 26.2, 26.2, 26.2, 26.2, 26.2, 26.2], [26.3, 26.3, 26.3, 26.11, 26.14, 26.21, 26.16, 26.09, 25.67, 25.69, 25.93, 25.81, 25.85, 25.83, 26.2, 26.2, 26.2, 26.2, 26.2, 26.2], [26.3, 26.3, 26.3, 26.3, 26.3, 26.3, 26.3, 26.3, 26.16, 25.76, 25.5, 25.77, 25.8, 25.8, 26.2, 26.2, 26.2, 26.2, 26.2, 26.2], [26.3, 26.3, 26.3, 26.3, 26.3, 26.3, 26.3, 26.3, 26.3, -999.0, 25.5, 26.2, 26.2, 25.78, 26.2, 26.2, 26.2, 25.75, 25.76, 25.76], [26.3, 26.3, 26.3, 26.3, 26.3, 26.3, 26.3, 26.3, 26.3, 26.3, -999.0, 26.2, 26.2, 25.68, 25.91, 25.91, 25.91, 25.82, 25.83, 25.84], [26.3, 26.3, 26.3, 26.3, 26.3, 26.3, 26.3, 26.3, 26.3, 26.3, -999.0, 25.4, 25.4, 25.4, 25.84, 25.84, 25.85, 25.75, 25.78, 25.79], [26.3, 26.3, 26.3, 26.3, 26.3, 26.3, 26.3, 26.4, 26.4, 26.4, 26.4, 26.02, 25.4, 25.4, 25.4, 25.77, 25.79, 25.7, 25.73, 25.75], [26.3, 26.3, 26.36, 26.36, 26.37, 26.4, 26.4, 26.4, 26.4, 26.4, 25.77, 25.84, 25.75, 25.66, 25.76, 25.73, 25.78, 25.69, 25.85, 25.89], [26.36, 26.36, 26.34, 26.34, 26.4, 26.4, 26.4, 26.4, 26.4, 26.4, 25.97, 25.85, 25.72, 25.6, 25.62, 25.61, 25.68, 25.74, 25.78, 25.81], [26.34, 26.34, 26.34, 26.34, 26.4, 26.4, 26.4, 26.4, 26.4, 26.15, 26.01, 25.86, 25.71, 25.63, 25.43, 25.59, 25.69, 25.76, 25.8, 25.83], [26.34, 26.34, 26.34, 26.4, 26.4, 26.4, 26.4, 26.4, 26.31, 26.21, 26.11, 25.99, 25.84, 25.7, 25.57, 25.65, 25.74, 25.8, 25.84, 25.86], [26.34, 26.34, 26.4, 26.4, 26.4, 26.4, 26.4, 26.4, 26.31, 26.23, 26.13, 26.03, 25.9, 25.82, 25.71, 25.76, 25.81, 25.85, 25.88, 25.89], [26.4, 26.4, 26.4, 26.4, 26.4, 26.4, 26.4, 26.4, 26.24, 26.2, 26.14, 26.06, 25.96, 25.8, 25.82, 25.86, 25.9, 25.92, 25.92, 25.92], [26.4, 26.4, 26.4, 26.4, 26.4, 26.4, 26.4, 26.42, 26.23, 26.2, 26.16, 26.1, 26.01, 25.87, 25.9, 25.95, 25.98, 25.99, 25.97, 25.95], [26.4, 26.4, 26.4, 26.43, 26.42, 26.42, 26.42, 26.42, 26.42, 26.42, 26.42, 26.37, 26.22, 25.92, 25.96, 26.02, 26.07, 26.05, 26.01, 25.98], [26.43, 26.43, 26.43, 26.43, 26.43, 26.42, 26.42, 26.42, 26.42, 26.42, 26.42, 26.4, 26.22, 26.19, 26.17, 26.05, 26.19, 26.06, 26.01, 25.99], [26.43, 26.43, 26.43, 26.43, 26.43, 26.43, 26.43, 26.42, 26.42, 26.41, 26.42, 26.41, 26.4, 26.19, 26.17, 26.14, 26.03, 25.99, 26.0, 25.99], [26.43, 26.43, 26.43, 26.43, 26.43, 26.43, 26.43, 26.43, 26.42, 26.41, 26.41, 26.41, 26.41, 26.2, 26.17, 26.15, 26.12, 26.1, 25.99, 25.98], [26.43, 26.43, 26.43, 26.43, 26.43, 26.43, 26.43, 26.43, 26.43, 26.43, 26.43, 26.42, 26.42, 26.24, 26.21, 26.17, 26.15, 26.14, 26.14, 26.15], [26.43, 26.43, 26.43, 26.44, 26.44, 26.44, 26.44, 26.44, 26.45, 26.45, 26.45, 26.38, 26.34, 26.3, 26.23, 26.2, 26.17, 26.16, 26.16, 26.16], [26.44, 26.44, 26.44, 26.44, 26.44, 26.44, 26.44, 26.45, 26.46, 26.47, 26.47, 26.41, 26.36, 26.31, 26.25, 26.22, 26.2, 26.18, 26.18, 26.18], [26.44, 26.44, 26.44, 26.44, 26.44, 26.44, 26.45, 26.45, 26.4, 26.43, 26.45, 26.41, 26.36, 26.32, 26.26, 26.23, 26.21, 26.2, 26.19, 26.19], [26.44, 26.44, 26.44, 26.44, 26.44, 26.44, 26.45, 26.45, 26.39, 26.41, 26.41, 26.39, 26.36, 26.32, 26.27, 26.24, 26.23, 26.21, 26.2, 26.2], [26.44, 26.44, 26.44, 26.44, 26.44, 26.45, 26.45, 26.37, 26.38, 26.38, 26.38, 26.37, 26.35, 26.32, 26.27, 26.25, 26.24, 26.22, 26.21, 26.21]]}]