gis_exercise/awsData/contour/wdir_2023091404.json
[{"header": {"refTime": "2023-09-14T04:00:00.000Z", "nx": 21, "ny": 33, "lo1": 113.509, "la1": 22.2235, "lo2": 113.5947, "la2": 22.1034, "dx": 0.0042850000000001385, "dy": 0.003753125000000024, "parameterCategory": 2, "parameterCategoryName": "Temperature", "parameterNumber": 2}, "data": [-1.27, -1.29, -1.32, -1.76, -1.76, -1.66, -1.66, -1.66, -1.66, -1.65, -1.63, -1.61, -1.63, -1.62, -2.37, -2.48, -2.62, -2.69, -2.75, -2.79, -1.26, -1.28, -1.3, -1.34, -1.76, -1.76, -1.67, -1.68, -1.68, -1.66, -1.63, -1.6, -1.61, -1.61, -2.36, -2.54, -2.66, -2.75, -2.81, -2.85, -1.24, -1.26, -1.29, -1.32, -1.76, -1.76, -1.76, -1.69, -1.73, -1.68, -1.63, -1.58, -1.59, -1.59, -2.38, -2.57, -2.72, -2.84, -2.9, -2.93, -1.22, -1.23, -1.26, -1.29, -1.34, -1.76, -1.76, -1.76, -1.75, -1.66, -1.61, -1.55, -1.54, -1.57, -2.36, -2.62, -2.83, -2.97, -3.03, -3.03, -1.19, -1.2, -1.22, -1.26, -1.3, -1.77, -1.76, -1.76, -1.76, -1.65, -1.6, -1.55, -1.44, -1.55, -2.38, -2.73, -3.02, -3.18, -3.2, -3.15, -1.15, -1.16, -1.18, -1.2, -1.25, -1.31, -1.77, -1.77, -1.77, -1.77, -1.68, -1.61, -1.53, -2.04, -2.47, -2.91, -3.33, -3.51, -3.42, -3.28, -1.61, -1.11, -1.12, -1.13, -1.17, -1.24, -1.37, -1.77, -1.77, -1.81, -1.82, -1.73, -2.22, -2.3, -2.58, -3.1, -3.76, -4.01, -3.95, -3.79, -1.6, -1.56, -1.52, -1.6, -1.59, -1.16, -1.31, -1.54, -1.78, -1.81, -1.81, -2.28, -2.4, -2.56, -3.48, -3.76, -4.1, -4.22, -4.04, -3.92, -1.6, -1.55, -1.49, -1.41, -1.45, -1.48, -1.65, -1.39, -2.15, -1.81, -2.41, -2.7, -3.2, -2.96, -3.51, -3.7, -3.89, -3.98, -3.94, -3.87, -2.2, -2.13, -2.02, -1.35, -1.15, -1.13, -1.5, -1.91, -2.5, -2.43, -2.65, -2.99, -3.42, -3.09, -3.54, -3.64, -3.76, -3.83, -3.83, -3.81, -2.22, -2.15, -2.05, -1.85, -1.44, -0.24, -1.78, -2.6, -2.52, -2.76, -3.37, -2.91, -3.04, -2.99, -3.55, -3.61, -3.68, -3.73, -3.76, -3.75, -2.26, -2.21, -2.14, -2.01, -1.82, -1.72, -2.34, -3.11, -3.42, -3.88, -3.45, -3.44, -3.42, -2.89, -3.54, -3.59, -3.64, -3.4, -3.4, -3.39, -2.32, -2.29, -2.26, -2.24, -2.29, -2.53, -2.93, -3.19, -3.35, -3.11, -3.87, -3.46, -3.42, -2.52, -2.45, -3.16, -3.17, -3.19, -3.22, -3.24, -2.37, -2.37, -2.38, -2.43, -2.56, -2.85, -3.31, -3.11, -3.1, -3.03, -3.85, -3.12, -2.97, -2.84, -2.24, -2.87, -2.92, -2.98, -3.03, -3.08, -2.42, -2.44, -2.47, -2.54, -2.66, -2.84, -3.0, -3.12, -3.04, -2.96, -2.89, -1.96, -2.71, -2.54, -2.43, -2.55, -2.64, -2.75, -2.85, -2.93, -2.46, -2.49, -1.66, -1.74, -1.84, -2.89, -2.87, -2.8, -2.72, -2.68, -1.88, -1.77, -1.63, -1.55, -1.51, -1.73, -1.82, -1.9, -2.1, -2.19, -1.57, -1.6, -1.63, -1.68, -2.71, -2.64, -2.54, -2.39, -2.31, -2.33, -1.66, -1.6, -1.48, -1.32, -1.01, -0.99, -1.02, -1.03, -1.05, -1.05, -1.56, -1.58, -1.6, -1.61, -2.54, -2.41, -2.2, -1.91, -1.77, -1.37, -1.41, -1.49, -1.39, -1.01, -0.94, -0.99, -1.02, -1.04, -1.05, -1.06, -1.54, -1.55, -1.56, -2.52, -2.41, -2.23, -1.95, -1.49, -0.96, -1.22, -0.99, -1.01, -1.06, -1.04, -0.98, -1.01, -1.04, -1.06, -1.07, -1.07, -1.53, -1.53, -1.9, -1.85, -1.77, -1.66, -1.5, -1.28, -0.91, -0.97, -1.01, -1.03, -1.1, -1.11, -1.03, -1.05, -1.07, -1.08, -1.08, -1.08, -1.91, -1.89, -1.85, -1.8, -1.73, -1.64, -1.53, -1.42, -1.01, -1.03, -1.06, -1.07, -1.14, -1.06, -1.08, -1.1, -1.11, -1.11, -1.1, -1.09, -1.88, -1.85, -1.82, -1.77, -1.71, -1.65, -1.58, -1.22, -1.1, -1.12, -1.12, -1.12, -1.42, -1.09, -1.12, -1.15, -1.17, -1.15, -1.11, -1.09, -1.86, -1.83, -1.8, -1.3, -1.3, -1.3, -1.3, -1.31, -1.33, -1.35, -1.36, -1.42, -1.31, -1.11, -1.14, -1.2, -1.28, -1.19, -1.11, -1.08, -1.33, -1.33, -1.33, -1.33, -1.33, -1.34, -1.36, -1.38, -1.42, -1.44, -1.43, -1.65, -1.32, -1.28, -1.26, -1.21, -1.51, -1.1, -1.05, -1.06, -1.34, -1.34, -1.35, -1.35, -1.36, -1.38, -1.4, -1.43, -1.48, -1.52, -1.48, -1.65, -1.67, -1.27, -1.24, -1.19, -1.0, -0.82, -0.99, -1.03, -1.35, -1.36, -1.36, -1.37, -1.39, -1.4, -1.43, -1.46, -1.5, -1.53, -1.62, -1.65, -1.67, -1.27, -1.22, -1.18, -1.08, -1.03, -1.0, -1.03, -1.36, -1.37, -1.38, -1.39, -1.4, -1.42, -1.45, -1.47, -1.5, -1.51, -1.63, -1.65, -1.67, -1.31, -1.25, -1.2, -1.15, -1.12, -1.13, -1.15, -1.37, -1.38, -1.39, -1.4, -1.42, -1.44, -1.46, -1.48, -1.51, -1.64, -1.65, -1.44, -1.36, -1.26, -1.28, -1.23, -1.19, -1.17, -1.17, -1.17, -1.38, -1.39, -1.4, -1.41, -1.43, -1.45, -1.47, -1.49, -1.53, -1.65, -1.59, -1.49, -1.39, -1.3, -1.31, -1.26, -1.23, -1.21, -1.2, -1.2, -1.39, -1.4, -1.41, -1.42, -1.43, -1.45, -1.47, -1.5, -1.48, -1.53, -1.56, -1.48, -1.4, -1.31, -1.33, -1.29, -1.26, -1.23, -1.22, -1.22, -1.39, -1.4, -1.41, -1.42, -1.44, -1.45, -1.47, -1.49, -1.46, -1.48, -1.48, -1.44, -1.38, -1.32, -1.34, -1.3, -1.28, -1.26, -1.24, -1.24, -1.4, -1.41, -1.42, -1.43, -1.44, -1.45, -1.47, -1.42, -1.43, -1.44, -1.43, -1.41, -1.36, -1.32, -1.34, -1.31, -1.29, -1.27, -1.26, -1.25]}, {"header": {"refTime": "2023-09-14T04:00:00.000Z", "nx": 21, "ny": 33, "lo1": 113.509, "la1": 22.2235, "lo2": 113.5947, "la2": 22.1034, "dx": 0.0042850000000001385, "dy": 0.003753125000000024, "parameterCategory": 2, "parameterCategoryName": "Temperature", "parameterNumber": 3}, "data": [0.36, 0.34, 0.31, 0.15, 0.12, 0.02, -0.02, -0.06, -0.07, -0.05, 0.02, 0.08, 0.36, 0.41, -0.04, -0.04, 0.51, 0.5, 0.49, 0.48, 0.38, 0.35, 0.32, 0.28, 0.13, 0.08, -0.04, -0.13, -0.18, -0.11, 0.01, 0.09, 0.38, 0.43, -0.01, 0.52, 0.5, 0.48, 0.46, 0.46, 0.4, 0.38, 0.35, 0.31, 0.15, 0.09, 0.01, -0.18, -0.39, -0.16, 0.02, 0.13, 0.41, 0.46, 0.54, 0.51, 0.47, 0.45, 0.43, 0.43, 0.42, 0.41, 0.38, 0.35, 0.3, 0.14, 0.07, -0.05, -0.15, -0.07, 0.09, 0.2, 0.45, 0.7, 0.53, 0.49, 0.44, 0.4, 0.39, 0.4, 0.45, 0.44, 0.43, 0.4, 0.37, 0.21, 0.18, 0.14, 0.13, 0.09, 0.19, 0.65, 0.5, 0.67, 0.53, 0.46, 0.38, 0.33, 0.33, 0.36, 0.48, 0.48, 0.48, 0.46, 0.44, 0.42, 0.29, 0.31, 0.33, 0.35, 0.8, 0.75, 0.65, 0.87, 0.56, 0.43, 0.28, 0.22, 0.26, 0.32, 1.27, 0.52, 0.53, 0.53, 0.52, 0.51, 0.77, 0.45, 0.49, 0.83, 0.88, 0.95, 1.11, 1.07, 0.6, 0.39, 0.13, 0.03, 0.14, 0.22, 1.28, 1.27, 1.25, 1.1, 1.09, 0.82, 0.78, 0.73, 0.73, 0.8, 0.74, 1.3, 1.38, 1.2, 0.93, 0.64, 0.27, 0.14, 0.34, 0.47, 1.3, 1.28, 1.27, 1.24, 1.11, 1.09, 1.06, 0.77, 0.84, 0.85, 1.06, 1.24, 1.29, 1.27, 0.97, 0.74, 0.51, 0.41, 0.46, 0.53, 1.58, 1.57, 1.54, 1.27, 1.23, 1.12, 1.13, 1.13, 0.99, 0.95, 1.14, 1.21, 1.25, 1.25, 1.0, 0.83, 0.68, 0.59, 0.58, 0.6, 1.59, 1.58, 1.55, 1.51, 1.41, 1.12, 1.46, 1.6, 1.3, 1.11, 1.2, 1.2, 1.22, 1.23, 1.0, 0.88, 0.77, 0.7, 0.67, 0.66, 1.61, 1.6, 1.58, 1.55, 1.51, 1.48, 1.6, 1.67, 1.68, 1.7, 1.27, 1.49, 1.47, 1.21, 0.99, 0.9, 0.83, 0.79, 0.76, 0.75, 1.62, 1.62, 1.62, 1.62, 1.64, 1.73, 1.84, 1.76, 1.71, 1.7, 1.69, 1.51, 1.49, 1.48, 1.49, 0.97, 0.92, 0.88, 0.85, 0.83, 1.64, 1.64, 1.65, 1.67, 1.72, 1.84, 2.07, 1.85, 1.75, 1.72, 1.72, 1.54, 1.53, 1.53, 1.51, 1.06, 1.02, 0.97, 0.94, 0.91, 1.65, 1.66, 1.67, 1.7, 1.75, 1.82, 1.87, 1.72, 1.62, 1.56, 1.52, 1.35, 1.55, 1.56, 1.56, 1.16, 1.11, 1.06, 1.01, 0.97, 1.66, 1.67, 1.38, 1.41, 1.44, 1.62, 1.61, 1.55, 1.48, 1.44, 1.27, 1.32, 1.38, 1.35, 1.39, 1.64, 1.64, 1.64, 1.28, 1.25, 1.33, 1.34, 1.35, 1.35, 1.51, 1.48, 1.42, 1.34, 1.29, 1.29, 1.21, 1.3, 1.39, 1.48, 1.57, 1.61, 1.58, 1.57, 1.55, 1.54, 1.31, 1.31, 1.31, 1.3, 1.42, 1.35, 1.25, 1.1, 1.03, 1.11, 1.25, 1.26, 1.39, 1.55, 1.65, 1.61, 1.58, 1.56, 1.55, 1.54, 1.29, 1.28, 1.27, 1.4, 1.34, 1.26, 1.12, 0.9, 0.7, 0.98, 0.66, 0.78, 1.42, 1.53, 1.62, 1.6, 1.58, 1.56, 1.54, 1.53, 1.27, 1.26, 0.76, 0.75, 0.72, 0.69, 0.65, 0.61, 0.54, 0.55, 0.6, 0.7, 1.41, 1.5, 1.58, 1.58, 1.56, 1.55, 1.53, 1.52, 0.72, 0.71, 0.69, 0.66, 0.63, 0.6, 0.56, 0.53, 0.45, 0.46, 0.5, 0.59, 1.41, 1.56, 1.56, 1.56, 1.55, 1.54, 1.52, 1.51, 0.67, 0.65, 0.62, 0.59, 0.55, 0.5, 0.46, 0.12, 0.32, 0.33, 0.37, 0.45, 1.0, 1.55, 1.55, 1.55, 1.55, 1.53, 1.51, 1.5, 0.62, 0.6, 0.56, 0.08, 0.07, 0.06, 0.03, -0.0, -0.05, -0.07, -0.06, 0.39, 0.68, 1.53, 1.54, 1.56, 1.6, 1.54, 1.48, 1.48, 0.09, 0.08, 0.07, 0.06, 0.04, 0.01, -0.04, -0.11, -0.2, -0.24, -0.18, 0.25, 0.63, 0.87, 1.09, 1.55, 1.74, 1.44, 1.43, 1.45, 0.08, 0.07, 0.06, 0.04, 0.02, -0.02, -0.08, -0.18, -0.34, -0.48, -0.28, 0.19, 0.44, 0.83, 1.05, 1.21, 1.38, 1.24, 1.38, 1.43, 0.07, 0.06, 0.05, 0.03, 0.01, -0.03, -0.09, -0.17, -0.32, -0.44, -0.08, 0.19, 0.41, 0.79, 0.98, 1.27, 1.26, 1.24, 1.39, 1.42, 0.07, 0.06, 0.05, 0.03, 0.01, -0.02, -0.06, -0.11, -0.16, -0.16, 0.1, 0.25, 0.41, 1.07, 1.15, 1.21, 1.23, 1.23, 1.24, 1.24, 0.07, 0.06, 0.05, 0.03, 0.02, 0.0, -0.01, -0.02, -0.01, 0.2, 0.27, 0.17, 0.19, 0.24, 1.09, 1.15, 1.19, 1.2, 1.21, 1.21, 0.07, 0.06, 0.05, 0.04, 0.03, 0.03, 0.03, 0.05, 0.1, 0.32, 0.34, 0.25, 0.23, 0.25, 1.04, 1.11, 1.15, 1.17, 1.18, 1.19, 0.07, 0.06, 0.06, 0.05, 0.05, 0.05, 0.06, 0.08, 0.18, 0.26, 0.31, 0.27, 0.24, 0.25, 1.01, 1.07, 1.11, 1.14, 1.16, 1.17, 0.07, 0.07, 0.06, 0.06, 0.06, 0.07, 0.08, 0.1, 0.19, 0.23, 0.25, 0.25, 0.25, 0.26, 0.99, 1.04, 1.08, 1.11, 1.13, 1.15, 0.07, 0.07, 0.07, 0.07, 0.07, 0.08, 0.09, 0.16, 0.19, 0.21, 0.23, 0.24, 0.24, 0.25, 0.98, 1.03, 1.07, 1.09, 1.11, 1.13]}, {"header": {"refTime": "2023-09-14T04:00:00.000Z", "nx": 21, "ny": 33, "lo1": 113.509, "la1": 22.2235, "lo2": 113.5947, "la2": 22.1034, "dx": 0.0042850000000001385, "dy": 0.003753125000000024, "parameterCategory": 0, "parameterCategoryName": "Temperature", "parameterNumber": 0}, "data": [[26.52, 26.52, 26.51, 26.3, 26.31, 26.59, 26.58, 26.57, 26.57, 26.48, 26.51, 26.54, 26.8, 26.82, 26.8, 26.81, 26.94, 26.93, 26.93, 26.92], [26.52, 26.52, 26.51, 26.51, 26.31, 26.31, 26.56, 26.54, 26.52, 26.47, 26.51, 26.56, 26.82, 26.84, 26.82, 26.95, 26.94, 26.93, 26.92, 26.92], [26.53, 26.52, 26.52, 26.51, 26.31, 26.31, 26.33, 26.51, 26.43, 26.46, 26.52, 26.6, 26.86, 26.88, 26.96, 26.95, 26.93, 26.92, 26.92, 26.91], [26.53, 26.53, 26.52, 26.52, 26.51, 26.31, 26.32, 26.33, 26.35, 26.46, 26.54, 26.66, 26.93, 26.82, 26.97, 26.94, 26.92, 26.91, 26.91, 26.91], [26.54, 26.54, 26.53, 26.53, 26.52, 26.31, 26.31, 26.31, 26.31, 26.45, 26.54, 26.83, 26.99, 26.86, 26.96, 26.93, 26.91, 26.9, 26.89, 26.9], [26.54, 26.54, 26.54, 26.54, 26.53, 26.52, 26.31, 26.31, 26.29, 26.24, 26.59, 26.75, 26.88, 27.03, 26.95, 26.92, 26.88, 26.87, 26.88, 26.89], [26.61, 26.55, 26.55, 26.55, 26.55, 26.54, 26.4, 26.34, 26.32, 26.3, 26.27, 26.62, 26.99, 27.0, 26.93, 26.9, 26.85, 26.83, 26.86, 26.87], [26.61, 26.62, 26.62, 26.61, 26.61, 26.44, 26.42, 26.42, 26.46, 26.26, 26.07, 26.59, 26.6, 27.0, 26.84, 26.85, 26.83, 26.82, 26.83, 26.84], [26.59, 26.59, 26.62, 26.63, 26.63, 26.62, 26.6, 26.42, 26.31, 26.33, 26.28, 26.43, 26.5, 26.41, 26.84, 26.85, 26.84, 26.83, 26.84, 26.84], [26.7, 26.7, 26.7, 26.61, 26.62, 26.65, 26.63, 26.6, 26.16, 26.19, 26.51, 26.34, 26.39, 26.37, 26.84, 26.86, 26.85, 26.84, 26.84, 26.85], [26.7, 26.7, 26.7, 26.7, 26.7, 26.7, 26.7, 26.7, 26.63, 26.29, 25.9, 26.28, 26.33, 26.33, 26.84, 26.86, 26.85, 26.85, 26.85, 26.85], [26.7, 26.7, 26.7, 26.7, 26.7, 26.7, 26.7, 26.7, 26.7, -999.0, 25.9, 26.9, 26.9, 26.3, 26.84, 26.86, 26.86, 26.17, 26.19, 26.19], [26.7, 26.7, 26.7, 26.7, 26.7, 26.7, 26.7, 26.7, 26.7, 26.7, -999.0, 26.9, 26.9, 26.12, 26.46, 26.4, 26.41, 26.27, 26.29, 26.3], [26.7, 26.7, 26.7, 26.7, 26.7, 26.7, 26.7, 26.7, 26.7, 26.7, -999.0, 25.7, 25.7, 25.7, 26.36, 26.31, 26.33, 26.19, 26.22, 26.24], [26.7, 26.7, 26.7, 26.7, 26.7, 26.7, 26.7, 26.7, 26.7, 26.7, 26.7, 26.32, 25.7, 25.7, 25.7, 26.2, 26.24, 26.11, 26.15, 26.18], [26.7, 26.7, 26.7, 26.7, 26.7, 26.7, 26.7, 26.7, 26.7, 26.7, 26.07, 26.14, 26.05, 25.96, 26.06, 25.99, 26.04, 25.96, 26.2, 26.24], [26.7, 26.7, 26.7, 26.7, 26.7, 26.7, 26.7, 26.7, 26.7, 26.7, 26.27, 26.15, 26.02, 25.9, 25.91, 25.91, 25.98, 26.04, 26.08, 26.11], [26.7, 26.7, 26.7, 26.7, 26.7, 26.7, 26.7, 26.7, 26.7, 26.45, 26.31, 26.16, 26.01, 25.92, 25.73, 25.89, 25.99, 26.06, 26.1, 26.13], [26.7, 26.7, 26.7, 26.7, 26.7, 26.7, 26.7, 26.7, 26.61, 26.51, 26.43, 26.31, 26.12, 25.99, 25.87, 25.95, 26.03, 26.1, 26.13, 26.15], [26.7, 26.7, 26.76, 26.75, 26.75, 26.75, 26.74, 26.72, 26.62, 26.55, 26.45, 26.35, 26.18, 26.1, 26.01, 26.05, 26.11, 26.15, 26.17, 26.19], [26.76, 26.76, 26.76, 26.74, 26.74, 26.74, 26.73, 26.73, 26.57, 26.53, 26.47, 26.39, 26.23, 26.09, 26.11, 26.15, 26.19, 26.21, 26.22, 26.22], [26.75, 26.75, 26.75, 26.74, 26.74, 26.74, 26.74, 26.77, 26.56, 26.54, 26.5, 26.44, 26.31, 26.16, 26.19, 26.24, 26.27, 26.28, 26.27, 26.25], [26.75, 26.75, 26.75, 26.79, 26.79, 26.78, 26.78, 26.78, 26.79, 26.79, 26.79, 26.69, 26.55, 26.21, 26.25, 26.3, 26.35, 26.34, 26.3, 26.28], [26.79, 26.79, 26.79, 26.79, 26.79, 26.79, 26.79, 26.79, 26.8, 26.8, 26.8, 26.75, 26.56, 26.52, 26.48, 26.34, 26.43, 26.36, 26.32, 26.29], [26.8, 26.8, 26.8, 26.8, 26.8, 26.8, 26.8, 26.8, 26.8, 26.8, 26.81, 26.76, 26.74, 26.52, 26.48, 26.45, 26.35, 26.33, 26.32, 26.3], [26.8, 26.8, 26.8, 26.8, 26.8, 26.81, 26.81, 26.81, 26.81, 26.81, 26.79, 26.77, 26.75, 26.53, 26.49, 26.47, 26.44, 26.43, 26.31, 26.29], [26.8, 26.8, 26.8, 26.81, 26.81, 26.81, 26.81, 26.82, 26.82, 26.82, 26.8, 26.79, 26.77, 26.58, 26.53, 26.5, 26.47, 26.46, 26.46, 26.47], [26.8, 26.81, 26.81, 26.81, 26.81, 26.82, 26.82, 26.83, 26.83, 26.82, 26.83, 26.78, 26.74, 26.7, 26.56, 26.53, 26.5, 26.49, 26.49, 26.49], [26.81, 26.81, 26.81, 26.81, 26.82, 26.82, 26.83, 26.83, 26.85, 26.85, 26.87, 26.81, 26.76, 26.71, 26.59, 26.55, 26.53, 26.51, 26.5, 26.5], [26.81, 26.81, 26.81, 26.82, 26.82, 26.82, 26.83, 26.84, 26.8, 26.83, 26.85, 26.81, 26.76, 26.72, 26.6, 26.57, 26.55, 26.53, 26.52, 26.52], [26.81, 26.81, 26.81, 26.82, 26.82, 26.82, 26.83, 26.84, 26.79, 26.81, 26.81, 26.79, 26.76, 26.72, 26.61, 26.58, 26.56, 26.55, 26.54, 26.53], [26.81, 26.81, 26.82, 26.82, 26.82, 26.83, 26.83, 26.77, 26.78, 26.78, 26.78, 26.77, 26.75, 26.72, 26.62, 26.59, 26.57, 26.56, 26.55, 26.54]]}]