gis_exercise/awsData/contour/wdir_2023083113.json
[{"header": {"refTime": "2023-08-31T13:00:00.000Z", "nx": 21, "ny": 33, "lo1": 113.509, "la1": 22.2235, "lo2": 113.5947, "la2": 22.1034, "dx": 0.0042850000000001385, "dy": 0.003753125000000024, "parameterCategory": 2, "parameterCategoryName": "Temperature", "parameterNumber": 2}, "data": [0.04, 0.03, 0.01, 0.19, 0.15, 0.16, 0.12, 0.07, 0.07, 0.21, 0.32, 0.43, 0.2, 0.23, -0.04, -0.1, -0.13, -0.18, -0.23, -0.26, 0.05, 0.04, 0.02, 0.0, 0.16, 0.1, 0.07, -0.02, -0.08, 0.11, 0.31, 0.46, 0.26, 0.29, 0.0, -0.06, -0.15, -0.22, -0.27, -0.29, 0.06, 0.05, 0.04, 0.02, 0.17, 0.12, 0.03, -0.1, -0.38, 0.03, 0.34, 0.54, 0.36, 0.38, 0.07, -0.07, -0.19, -0.27, -0.32, -0.35, 0.07, 0.07, 0.06, 0.04, 0.02, 0.16, 0.09, -0.03, -0.14, 0.17, 0.46, 0.68, 0.55, 0.77, 0.1, -0.11, -0.26, -0.36, -0.4, -0.41, 0.09, 0.08, 0.08, 0.07, 0.06, 0.23, 0.2, 0.16, 0.16, 0.4, 0.6, 0.82, 1.01, 0.8, 0.08, -0.19, -0.39, -0.5, -0.52, -0.49, 0.1, 0.1, 0.1, 0.1, 0.1, 0.11, 0.31, 0.33, 0.36, 0.42, 0.66, 0.71, 0.82, 0.51, -0.02, -0.33, -0.6, -0.71, -0.66, -0.57, 0.19, 0.12, 0.12, 0.13, 0.14, 0.16, 0.55, 0.44, 0.49, 0.54, 0.52, 0.47, 0.21, 0.26, -0.16, -0.47, -0.87, -1.02, -0.74, -0.58, 0.18, 0.19, 0.2, 0.33, 0.34, 0.5, 0.53, 0.56, 0.53, 0.59, 0.75, 0.01, -0.12, 0.08, -0.57, -0.77, -1.01, -1.1, -0.97, -0.88, 0.18, 0.18, 0.18, 0.19, 0.32, 0.33, 0.36, 0.54, 0.61, 0.51, 0.3, 0.04, -0.05, -0.01, -0.52, -0.69, -0.85, -0.92, -0.89, -0.84, 0.1, 0.11, 0.11, 0.17, 0.18, 0.28, 0.31, 0.36, 0.58, 0.62, 0.18, 0.06, -0.02, 0.01, -0.49, -0.62, -0.73, -0.79, -0.8, -0.79, 0.1, 0.1, 0.11, 0.12, 0.14, 0.19, 0.14, 0.16, 0.34, 0.55, 0.36, 0.09, 0.05, 0.05, -0.49, -0.58, -0.66, -0.72, -0.74, -0.74, 0.1, 0.1, 0.1, 0.1, 0.11, 0.11, 0.11, 0.18, 0.22, 0.11, 0.35, -0.04, -0.07, 0.07, -0.5, -0.56, -0.62, -0.54, -0.56, -0.57, 0.09, 0.09, 0.09, 0.08, 0.07, 0.03, -0.0, 0.12, 0.19, 0.15, 0.06, -0.02, -0.05, -0.12, -0.12, -0.4, -0.44, -0.47, -0.49, -0.51, 0.09, 0.08, 0.08, 0.06, 0.04, -0.02, -0.14, 0.02, 0.11, 0.12, 0.05, 0.12, 0.1, 0.09, -0.09, -0.34, -0.37, -0.4, -0.43, -0.46, 0.08, 0.08, 0.07, 0.06, 0.04, 0.01, -0.01, 0.32, 0.44, 0.51, 0.57, 0.64, 0.1, 0.09, 0.09, -0.27, -0.3, -0.34, -0.38, -0.41, 0.08, 0.08, 0.46, 0.45, 0.43, 0.45, 0.47, 0.54, 0.61, 0.66, 0.76, 0.67, 0.57, 0.4, 0.35, 0.01, 0.01, -0.0, -0.33, -0.36, 0.52, 0.52, 0.53, 0.54, 0.59, 0.62, 0.69, 0.79, 0.86, 0.86, 0.84, 0.7, 0.55, 0.39, 0.26, -0.34, -0.48, -0.6, -0.69, -0.75, 0.56, 0.57, 0.59, 0.62, 0.7, 0.78, 0.91, 1.09, 1.18, 1.02, 0.82, 0.74, 0.54, 0.28, 0.1, -0.29, -0.49, -0.63, -0.72, -0.79, 0.6, 0.62, 0.65, 0.72, 0.79, 0.89, 1.06, 1.34, 1.57, 1.19, 0.87, 0.64, 0.5, 0.33, -0.26, -0.4, -0.57, -0.7, -0.78, -0.84, 0.63, 0.65, 0.52, 0.57, 0.65, 0.76, 0.93, 1.18, 1.35, 1.09, 0.82, 0.63, 0.54, 0.4, -0.52, -0.6, -0.7, -0.79, -0.86, -0.9, 0.46, 0.49, 0.52, 0.56, 0.62, 0.7, 0.81, 0.92, 0.98, 0.86, 0.7, 0.57, 0.55, -0.68, -0.71, -0.76, -0.83, -0.9, -0.95, -0.97, 0.46, 0.47, 0.5, 0.52, 0.56, 0.6, 0.64, 0.88, 0.69, 0.62, 0.54, 0.48, -0.13, -0.81, -0.84, -0.88, -0.93, -0.99, -1.04, -1.05, 0.44, 0.45, 0.47, 0.79, 0.78, 0.76, 0.72, 0.66, 0.59, 0.55, 0.56, 0.32, -0.97, -0.9, -0.94, -0.95, -0.91, -1.06, -1.15, -1.14, 0.78, 0.77, 0.76, 0.74, 0.71, 0.66, 0.59, 0.48, 0.34, 0.27, 0.35, 0.04, -0.95, -1.04, -1.1, -1.02, -0.63, -1.33, -1.32, -1.23, 0.76, 0.75, 0.73, 0.7, 0.66, 0.6, 0.51, 0.35, 0.1, -0.11, 0.19, 0.05, 0.1, -1.05, -1.14, -1.23, -1.49, -1.84, -1.44, -1.29, 0.74, 0.73, 0.71, 0.68, 0.63, 0.57, 0.48, 0.34, 0.11, -0.07, 0.0, 0.12, 0.16, -1.06, -1.16, -1.06, -1.3, -1.41, -1.4, -1.3, 0.73, 0.71, 0.69, 0.66, 0.63, 0.58, 0.51, 0.43, 0.34, 0.33, 0.22, 0.26, 0.25, -0.52, -0.75, -0.94, -1.1, -1.18, -1.16, -1.1, 0.72, 0.71, 0.69, 0.66, 0.63, 0.6, 0.56, 0.54, 0.54, 0.43, 0.51, 0.07, -0.19, -0.47, -0.62, -0.8, -0.94, -1.01, -1.03, -1.02, 0.72, 0.7, 0.69, 0.67, 0.65, 0.63, 0.62, 0.62, 0.68, 0.68, 0.77, 0.31, -0.05, -0.34, -0.5, -0.68, -0.81, -0.88, -0.92, -0.93, 0.72, 0.7, 0.69, 0.68, 0.66, 0.66, 0.66, 0.68, 0.21, 0.47, 0.62, 0.31, -0.01, -0.27, -0.41, -0.58, -0.7, -0.78, -0.83, -0.85, 0.72, 0.71, 0.7, 0.69, 0.68, 0.68, 0.68, 0.7, 0.14, 0.27, 0.3, 0.16, -0.05, -0.26, -0.36, -0.51, -0.62, -0.7, -0.75, -0.79, 0.72, 0.71, 0.7, 0.7, 0.69, 0.69, 0.7, -0.03, 0.05, 0.1, 0.1, 0.02, -0.12, -0.27, -0.34, -0.46, -0.56, -0.64, -0.69, -0.73]}, {"header": {"refTime": "2023-08-31T13:00:00.000Z", "nx": 21, "ny": 33, "lo1": 113.509, "la1": 22.2235, "lo2": 113.5947, "la2": 22.1034, "dx": 0.0042850000000001385, "dy": 0.003753125000000024, "parameterCategory": 2, "parameterCategoryName": "Temperature", "parameterNumber": 3}, "data": [-2.28, -2.25, -2.2, -1.43, -1.4, -1.23, -1.19, -1.16, -1.13, -0.8, -0.76, -0.72, -1.33, -1.36, -2.18, -2.38, -3.26, -3.39, -3.49, -3.56, -2.31, -2.27, -2.22, -2.16, -1.41, -1.38, -1.2, -1.14, -1.1, -0.82, -0.76, -0.7, -1.29, -1.33, -2.17, -3.1, -3.31, -3.48, -3.59, -3.66, -2.35, -2.31, -2.26, -2.2, -1.44, -1.4, -1.33, -1.13, -1.02, -0.85, -0.75, -0.67, -1.22, -1.27, -2.79, -3.13, -3.41, -3.61, -3.73, -3.78, -2.39, -2.36, -2.32, -2.26, -2.18, -1.44, -1.39, -1.29, -1.2, -0.81, -0.71, -0.6, -1.07, -1.16, -2.73, -3.22, -3.59, -3.83, -3.93, -3.95, -2.44, -2.42, -2.39, -2.35, -2.29, -1.51, -1.49, -1.45, -1.41, -0.76, -0.68, -1.05, -0.64, -1.09, -2.77, -3.41, -3.9, -4.16, -4.2, -4.14, -2.5, -2.49, -2.48, -2.45, -2.41, -2.35, -1.62, -1.63, -1.59, -1.48, -1.42, -1.29, -1.03, -1.98, -3.0, -3.74, -4.4, -4.68, -4.55, -4.34, -3.92, -2.57, -2.57, -2.57, -2.55, -2.51, -2.42, -1.86, -1.85, -1.99, -1.91, -1.82, -2.66, -2.62, -3.32, -4.08, -5.07, -5.44, -4.98, -4.65, -3.95, -3.93, -3.89, -3.3, -3.27, -2.61, -2.5, -2.41, -2.42, -1.88, -1.35, -3.06, -3.38, -3.12, -4.68, -5.08, -5.57, -5.75, -5.48, -5.3, -3.99, -3.97, -3.94, -3.9, -3.35, -3.31, -3.21, -2.46, -2.29, -2.07, -2.55, -3.25, -3.76, -3.52, -4.63, -4.94, -5.25, -5.38, -5.33, -5.23, -4.31, -4.29, -4.26, -3.96, -3.9, -3.46, -3.37, -3.25, -2.43, -2.26, -2.94, -3.4, -3.84, -3.56, -4.61, -4.83, -5.03, -5.15, -5.16, -5.13, -4.33, -4.32, -4.28, -4.22, -4.09, -3.73, -4.09, -4.13, -3.36, -2.56, -3.08, -3.3, -3.46, -3.43, -4.61, -4.76, -4.9, -5.0, -5.04, -5.04, -4.36, -4.35, -4.34, -4.31, -4.25, -4.22, -4.3, -4.08, -3.92, -4.27, -3.16, -3.92, -3.96, -3.32, -4.62, -4.73, -4.83, -5.1, -5.13, -5.14, -4.39, -4.39, -4.4, -4.42, -4.48, -4.66, -4.85, -4.37, -4.08, -4.19, -4.41, -3.88, -3.91, -4.13, -4.13, -4.9, -4.95, -5.0, -5.03, -5.06, -4.41, -4.43, -4.46, -4.51, -4.63, -4.91, -5.49, -4.76, -4.41, -4.33, -4.48, -4.06, -4.11, -4.14, -4.15, -4.82, -4.87, -4.91, -4.95, -4.98, -4.43, -4.46, -4.49, -4.55, -4.66, -4.82, -4.91, -4.63, -4.37, -4.23, -4.17, -3.72, -4.12, -4.15, -4.17, -4.73, -4.78, -4.83, -4.88, -4.92, -4.45, -4.47, -4.39, -4.44, -4.5, -4.52, -4.5, -4.37, -4.23, -4.14, -3.65, -3.73, -3.83, -4.08, -4.11, -4.52, -4.56, -4.6, -5.08, -5.14, -4.3, -4.32, -4.33, -4.35, -4.33, -4.3, -4.22, -4.1, -4.0, -3.98, -3.63, -3.74, -3.87, -4.01, -4.28, -4.54, -4.63, -4.7, -4.74, -4.78, -4.27, -4.27, -4.27, -4.26, -4.2, -4.12, -3.98, -3.79, -3.69, -3.91, -4.06, -3.73, -3.89, -4.27, -4.3, -4.52, -4.64, -4.72, -4.77, -4.8, -4.24, -4.23, -4.22, -4.16, -4.1, -3.99, -3.82, -3.54, -3.34, -3.72, -3.49, -3.63, -4.18, -4.27, -4.5, -4.59, -4.69, -4.76, -4.8, -4.83, -4.21, -4.2, -4.03, -3.98, -3.92, -3.82, -3.68, -3.5, -3.26, -3.35, -3.47, -3.59, -4.2, -4.3, -4.66, -4.71, -4.78, -4.82, -4.85, -4.86, -4.02, -4.0, -3.96, -3.91, -3.85, -3.77, -3.67, -3.58, -3.33, -3.38, -3.46, -3.54, -4.24, -4.76, -4.79, -4.83, -4.88, -4.9, -4.91, -4.9, -3.98, -3.95, -3.91, -3.86, -3.8, -3.73, -3.66, -2.89, -3.36, -3.39, -3.44, -3.5, -4.28, -4.84, -4.88, -4.94, -4.98, -4.98, -4.96, -4.94, -3.94, -3.91, -3.87, -2.77, -2.78, -2.81, -2.83, -2.85, -2.87, -2.86, -2.83, -3.75, -4.4, -4.9, -4.95, -5.02, -5.09, -5.05, -5.0, -4.96, -2.71, -2.72, -2.73, -2.74, -2.75, -2.77, -2.8, -2.84, -2.88, -2.9, -2.84, -3.33, -4.36, -4.57, -4.77, -5.06, -5.24, -5.05, -5.0, -4.97, -2.69, -2.69, -2.7, -2.71, -2.72, -2.74, -2.76, -2.82, -2.93, -3.03, -2.86, -3.23, -3.4, -4.54, -4.73, -4.89, -5.01, -4.95, -4.98, -4.97, -2.67, -2.67, -2.67, -2.68, -2.68, -2.69, -2.71, -2.76, -2.87, -2.97, -3.05, -3.1, -3.26, -4.5, -4.68, -4.56, -4.7, -4.72, -4.97, -4.96, -2.65, -2.65, -2.65, -2.64, -2.64, -2.64, -2.64, -2.65, -2.66, -2.63, -2.83, -2.9, -3.08, -3.85, -4.14, -4.37, -4.51, -4.56, -4.56, -4.52, -2.63, -2.63, -2.62, -2.61, -2.6, -2.58, -2.55, -2.51, -2.43, -2.53, -2.45, -2.54, -2.77, -3.0, -3.95, -4.17, -4.32, -4.4, -4.43, -4.42, -2.61, -2.6, -2.59, -2.58, -2.56, -2.52, -2.48, -2.4, -2.26, -2.18, -1.85, -2.3, -2.63, -2.89, -3.78, -4.01, -4.16, -4.26, -4.31, -4.33, -2.6, -2.59, -2.57, -2.55, -2.52, -2.48, -2.43, -2.34, -2.4, -2.15, -2.0, -2.29, -2.58, -2.82, -3.65, -3.88, -4.03, -4.14, -4.2, -4.24, -2.58, -2.57, -2.55, -2.53, -2.5, -2.46, -2.4, -2.33, -2.46, -2.34, -2.3, -2.43, -2.62, -2.81, -3.59, -3.78, -3.93, -4.04, -4.11, -4.15, -2.57, -2.56, -2.54, -2.51, -2.49, -2.45, -2.4, -2.62, -2.55, -2.49, -2.49, -2.56, -2.68, -2.82, -3.56, -3.73, -3.86, -3.96, -4.03, -4.09]}, {"header": {"refTime": "2023-08-31T13:00:00.000Z", "nx": 21, "ny": 33, "lo1": 113.509, "la1": 22.2235, "lo2": 113.5947, "la2": 22.1034, "dx": 0.0042850000000001385, "dy": 0.003753125000000024, "parameterCategory": 0, "parameterCategoryName": "Temperature", "parameterNumber": 0}, "data": [[30.86, 30.86, 30.86, 30.68, 30.69, 31.0, 31.01, 31.01, 31.02, 31.05, 31.09, 31.13, 31.35, 31.38, 31.42, 31.42, 31.52, 31.52, 31.51, 31.5], [30.87, 30.86, 30.86, 30.86, 30.69, 30.71, 30.99, 30.98, 30.99, 31.03, 31.09, 31.16, 31.38, 31.41, 31.44, 31.54, 31.52, 31.51, 31.5, 31.5], [30.87, 30.86, 30.86, 30.85, 30.68, 30.7, 30.73, 30.96, 30.92, 31.01, 31.11, 31.2, 31.44, 31.45, 31.56, 31.54, 31.52, 31.51, 31.5, 31.49], [30.87, 30.87, 30.86, 30.86, 30.85, 30.68, 30.71, 30.75, 30.79, 31.03, 31.14, 31.29, 31.53, 31.43, 31.56, 31.53, 31.51, 31.5, 31.49, 31.49], [30.88, 30.87, 30.87, 30.86, 30.85, 30.66, 30.67, 30.68, 30.69, 31.04, 31.15, 31.45, 31.65, 31.47, 31.56, 31.52, 31.49, 31.48, 31.48, 31.48], [30.88, 30.88, 30.87, 30.86, 30.85, 30.83, 30.63, 30.62, 30.62, 30.61, 31.17, 31.34, 31.51, 31.63, 31.54, 31.5, 31.47, 31.46, 31.46, 31.47], [30.89, 30.89, 30.89, 30.88, 30.86, 30.83, 30.68, 30.57, 30.56, 30.66, 30.7, 31.17, 31.52, 31.54, 31.5, 31.48, 31.44, 31.43, 31.47, 31.5], [30.9, 30.9, 30.91, 30.9, 30.89, 30.77, 30.7, 30.6, 30.55, 30.63, 30.59, 31.05, 31.06, 31.55, 31.36, 31.35, 31.37, 31.38, 31.37, 31.36], [30.8, 30.81, 30.93, 30.94, 30.95, 30.92, 30.84, 30.67, 30.5, 30.67, 30.81, 30.93, 30.98, 30.91, 31.36, 31.35, 31.36, 31.37, 31.36, 31.36], [31.2, 31.2, 31.2, 30.87, 30.92, 31.04, 30.96, 30.84, 30.5, 30.5, 30.99, 30.85, 30.9, 30.87, 31.36, 31.34, 31.35, 31.36, 31.36, 31.35], [31.2, 31.2, 31.2, 31.2, 31.2, 31.2, 31.2, 31.2, 30.95, 30.5, 30.5, 30.8, 30.84, 30.84, 31.36, 31.34, 31.35, 31.35, 31.35, 31.35], [31.2, 31.2, 31.2, 31.2, 31.2, 31.2, 31.2, 31.2, 31.2, -999.0, 30.5, 31.3, 31.3, 30.82, 31.36, 31.34, 31.34, 30.32, 30.35, 30.35], [31.2, 31.2, 31.2, 31.2, 31.2, 31.2, 31.2, 31.2, 31.2, 31.2, -999.0, 31.3, 31.3, 30.12, 30.64, 30.71, 30.72, 30.49, 30.52, 30.54], [31.2, 31.2, 31.2, 31.2, 31.2, 31.2, 31.2, 31.2, 31.2, 31.2, -999.0, 29.5, 29.5, 29.5, 30.49, 30.55, 30.58, 30.34, 30.39, 30.43], [31.2, 31.2, 31.2, 31.2, 31.2, 31.2, 31.2, 31.2, 31.2, 31.2, 31.2, 30.55, 29.5, 29.5, 29.5, 30.37, 30.43, 30.21, 30.28, 30.33], [31.2, 31.2, 31.2, 31.2, 31.2, 31.2, 31.2, 31.2, 31.2, 31.2, 30.13, 30.25, 30.09, 29.95, 30.11, 29.61, 29.63, 29.6, 30.07, 30.12], [31.2, 31.2, 31.2, 31.2, 31.2, 31.2, 31.2, 31.2, 31.2, 31.2, 30.47, 30.26, 30.04, 29.83, 29.74, 29.53, 29.54, 29.55, 29.56, 29.56], [31.2, 31.2, 31.2, 31.2, 31.2, 31.2, 31.2, 31.2, 31.2, 30.77, 30.54, 30.28, 30.02, 29.75, 29.53, 29.53, 29.55, 29.56, 29.56, 29.56], [31.2, 31.2, 31.2, 31.2, 31.2, 31.2, 31.2, 31.2, 31.05, 30.87, 30.65, 30.44, 30.02, 29.83, 29.53, 29.54, 29.55, 29.56, 29.57, 29.57], [31.2, 31.2, 31.03, 31.04, 31.05, 31.06, 31.09, 31.15, 31.01, 30.86, 30.67, 30.49, 30.07, 29.94, 29.55, 29.56, 29.57, 29.57, 29.57, 29.57], [31.02, 31.02, 31.03, 31.08, 31.08, 31.09, 31.1, 31.11, 30.87, 30.79, 30.67, 30.54, 30.11, 29.56, 29.57, 29.58, 29.58, 29.58, 29.58, 29.58], [31.06, 31.06, 31.06, 31.07, 31.07, 31.07, 31.07, 31.1, 30.8, 30.75, 30.68, 30.59, 30.05, 29.58, 29.58, 29.6, 29.6, 29.6, 29.59, 29.58], [31.05, 31.05, 31.05, 31.09, 31.09, 31.08, 31.08, 31.07, 31.06, 31.05, 31.05, 30.7, 30.09, 29.58, 29.6, 29.61, 29.64, 29.61, 29.59, 29.58], [31.09, 31.09, 31.09, 31.09, 31.08, 31.07, 31.06, 31.04, 31.02, 31.01, 31.03, 30.7, 30.12, 29.98, 29.86, 29.62, 29.71, 29.59, 29.58, 29.58], [31.09, 31.09, 31.09, 31.08, 31.08, 31.07, 31.05, 31.03, 30.98, 30.95, 31.0, 30.75, 30.65, 29.99, 29.86, 29.76, 29.56, 29.51, 29.56, 29.57], [31.09, 31.09, 31.09, 31.08, 31.07, 31.07, 31.05, 31.03, 30.99, 30.96, 30.84, 30.78, 30.7, 30.01, 29.89, 29.84, 29.74, 29.71, 29.56, 29.57], [31.09, 31.09, 31.09, 31.08, 31.08, 31.07, 31.06, 31.05, 31.04, 31.03, 30.88, 30.83, 30.75, 30.17, 30.03, 29.92, 29.84, 29.81, 29.81, 29.84], [31.09, 31.09, 31.09, 31.08, 31.08, 31.08, 31.07, 31.07, 31.08, 30.95, 30.97, 30.85, 30.72, 30.59, 30.12, 30.01, 29.93, 29.89, 29.88, 29.89], [31.09, 31.09, 31.09, 31.09, 31.08, 31.08, 31.09, 31.09, 31.11, 31.04, 31.1, 30.93, 30.77, 30.64, 30.2, 30.09, 30.01, 29.97, 29.94, 29.94], [31.09, 31.09, 31.09, 31.09, 31.09, 31.09, 31.09, 31.1, 30.91, 30.99, 31.05, 30.92, 30.79, 30.67, 30.25, 30.15, 30.08, 30.03, 30.0, 29.98], [31.09, 31.09, 31.09, 31.09, 31.09, 31.09, 31.1, 31.11, 30.87, 30.92, 30.92, 30.86, 30.77, 30.67, 30.29, 30.19, 30.12, 30.07, 30.04, 30.02], [31.09, 31.09, 31.09, 31.09, 31.1, 31.1, 31.1, 30.81, 30.83, 30.85, 30.84, 30.8, 30.74, 30.67, 30.3, 30.22, 30.16, 30.11, 30.08, 30.05]]}]