gis_exercise/awsData/contour/wdir_2023083117.json
[{"header": {"refTime": "2023-08-31T17:00:00.000Z", "nx": 21, "ny": 33, "lo1": 113.509, "la1": 22.2235, "lo2": 113.5947, "la2": 22.1034, "dx": 0.0042850000000001385, "dy": 0.003753125000000024, "parameterCategory": 2, "parameterCategoryName": "Temperature", "parameterNumber": 2}, "data": [0.53, 0.52, 0.5, 0.65, 0.61, 0.53, 0.47, 0.41, 0.4, 0.39, 0.47, 0.55, 0.62, 0.66, 0.39, 0.38, 0.72, 0.7, 0.69, 0.68, 0.54, 0.53, 0.51, 0.49, 0.62, 0.56, 0.43, 0.32, 0.25, 0.31, 0.46, 0.57, 0.65, 0.69, 0.42, 0.74, 0.71, 0.68, 0.67, 0.66, 0.55, 0.54, 0.53, 0.51, 0.65, 0.58, 0.47, 0.25, -0.04, 0.25, 0.48, 0.62, 0.71, 0.74, 0.78, 0.73, 0.69, 0.66, 0.64, 0.63, 0.56, 0.56, 0.55, 0.54, 0.52, 0.64, 0.55, 0.4, 0.26, 0.36, 0.57, 0.71, 0.8, 1.05, 0.79, 0.72, 0.65, 0.61, 0.6, 0.6, 0.58, 0.58, 0.58, 0.57, 0.57, 0.73, 0.69, 0.64, 0.62, 0.55, 0.68, 1.04, 1.0, 1.04, 0.78, 0.68, 0.6, 0.55, 0.54, 0.56, 0.59, 0.59, 0.6, 0.61, 0.62, 0.64, 0.85, 0.87, 0.88, 0.89, 1.09, 1.06, 1.03, 1.04, 0.77, 0.63, 0.5, 0.44, 0.47, 0.52, 1.02, 0.6, 0.61, 0.63, 0.66, 0.71, 1.11, 1.07, 1.11, 1.24, 1.2, 1.11, 1.08, 1.07, 0.75, 0.58, 0.36, 0.28, 0.39, 0.47, 1.01, 1.0, 0.99, 1.14, 1.14, 0.99, 1.09, 1.24, 1.38, 1.24, 1.16, 1.14, 1.14, 1.08, 0.8, 0.62, 0.39, 0.31, 0.43, 0.51, 1.0, 0.99, 0.97, 0.94, 1.07, 1.09, 1.19, 1.13, 1.45, 1.25, 1.12, 1.12, 1.1, 1.11, 0.83, 0.68, 0.54, 0.48, 0.5, 0.55, 1.14, 1.12, 1.08, 0.9, 0.83, 0.91, 1.08, 1.28, 1.53, 1.48, 1.12, 1.1, 1.08, 1.1, 0.85, 0.74, 0.64, 0.59, 0.58, 0.59, 1.15, 1.12, 1.08, 1.02, 0.89, 0.49, 1.02, 1.34, 1.48, 1.59, 1.38, 1.11, 1.1, 1.1, 0.85, 0.77, 0.7, 0.66, 0.64, 0.63, 1.16, 1.14, 1.11, 1.07, 1.0, 0.97, 1.2, 1.54, 1.7, 1.64, 1.46, 1.37, 1.32, 1.11, 0.84, 0.79, 0.74, 0.49, 0.48, 0.47, 1.17, 1.16, 1.15, 1.14, 1.14, 1.2, 1.32, 1.52, 1.64, 1.52, 1.54, 1.42, 1.37, 0.9, 0.89, 0.56, 0.53, 0.51, 0.49, 0.48, 1.19, 1.18, 1.18, 1.19, 1.22, 1.28, 1.35, 1.41, 1.48, 1.46, 1.54, 1.22, 1.13, 1.06, 0.82, 0.54, 0.52, 0.51, 0.5, 0.49, 1.2, 1.2, 1.21, 1.22, 1.25, 1.29, 1.34, 1.56, 1.61, 1.63, 1.63, 1.27, 1.05, 0.97, 0.93, 0.52, 0.51, 0.51, 0.5, 0.49, 1.22, 1.22, 1.09, 1.11, 1.14, 1.54, 1.54, 1.56, 1.58, 1.59, 1.31, 1.2, 1.07, 0.77, 0.73, 0.78, 0.83, 0.89, 0.69, 0.71, 1.09, 1.1, 1.12, 1.13, 1.55, 1.55, 1.55, 1.55, 1.55, 1.56, 1.26, 1.14, 0.98, 0.81, 0.69, 0.49, 0.51, 0.53, 0.54, 0.54, 1.11, 1.12, 1.14, 1.16, 1.55, 1.55, 1.54, 1.53, 1.52, 1.23, 1.12, 1.12, 0.94, 0.69, 0.46, 0.48, 0.51, 0.53, 0.54, 0.55, 1.12, 1.13, 1.15, 1.56, 1.55, 1.54, 1.53, 1.51, 1.42, 1.28, 1.12, 0.98, 0.94, 0.79, 0.48, 0.51, 0.54, 0.55, 0.56, 0.56, 1.13, 1.15, 1.36, 1.36, 1.37, 1.38, 1.39, 1.42, 1.34, 1.24, 1.13, 1.01, 1.02, 0.94, 0.53, 0.55, 0.57, 0.58, 0.57, 0.57, 1.35, 1.35, 1.35, 1.36, 1.36, 1.37, 1.38, 1.39, 1.24, 1.19, 1.12, 1.04, 1.1, 0.56, 0.58, 0.6, 0.62, 0.61, 0.59, 0.57, 1.35, 1.35, 1.35, 1.35, 1.35, 1.35, 1.36, 1.42, 1.19, 1.16, 1.12, 1.06, 1.09, 0.59, 0.62, 0.67, 0.69, 0.66, 0.61, 0.57, 1.34, 1.34, 1.34, 1.44, 1.43, 1.43, 1.42, 1.4, 1.39, 1.39, 1.4, 1.41, 0.86, 0.61, 0.65, 0.74, 0.85, 0.72, 0.59, 0.55, 1.45, 1.45, 1.44, 1.44, 1.43, 1.42, 1.41, 1.39, 1.36, 1.35, 1.37, 1.46, 0.87, 0.82, 0.79, 0.74, 1.2, 0.56, 0.5, 0.51, 1.45, 1.45, 1.45, 1.44, 1.43, 1.42, 1.4, 1.37, 1.32, 1.27, 1.35, 1.45, 1.5, 0.81, 0.75, 0.69, 0.42, 0.14, 0.4, 0.48, 1.45, 1.45, 1.45, 1.44, 1.44, 1.43, 1.41, 1.39, 1.33, 1.29, 1.4, 1.47, 1.51, 0.79, 0.73, 0.72, 0.57, 0.48, 0.42, 0.47, 1.46, 1.46, 1.45, 1.45, 1.45, 1.44, 1.43, 1.42, 1.41, 1.41, 1.48, 1.51, 1.53, 0.99, 0.88, 0.78, 0.68, 0.63, 0.64, 0.68, 1.46, 1.46, 1.46, 1.46, 1.46, 1.46, 1.46, 1.46, 1.48, 1.54, 1.57, 1.24, 1.09, 0.92, 0.94, 0.84, 0.77, 0.73, 0.72, 0.73, 1.46, 1.46, 1.46, 1.47, 1.47, 1.47, 1.48, 1.5, 1.54, 1.62, 1.59, 1.36, 1.16, 0.99, 1.0, 0.91, 0.84, 0.8, 0.78, 0.78, 1.47, 1.47, 1.47, 1.47, 1.48, 1.48, 1.5, 1.52, 1.32, 1.44, 1.52, 1.35, 1.18, 1.02, 1.04, 0.96, 0.89, 0.85, 0.83, 0.82, 1.47, 1.47, 1.47, 1.48, 1.48, 1.49, 1.5, 1.52, 1.28, 1.34, 1.35, 1.27, 1.16, 1.03, 1.06, 0.99, 0.93, 0.89, 0.87, 0.85, 1.47, 1.47, 1.48, 1.48, 1.49, 1.5, 1.51, 1.19, 1.23, 1.25, 1.24, 1.2, 1.12, 1.03, 1.07, 1.01, 0.96, 0.93, 0.9, 0.88]}, {"header": {"refTime": "2023-08-31T17:00:00.000Z", "nx": 21, "ny": 33, "lo1": 113.509, "la1": 22.2235, "lo2": 113.5947, "la2": 22.1034, "dx": 0.0042850000000001385, "dy": 0.003753125000000024, "parameterCategory": 2, "parameterCategoryName": "Temperature", "parameterNumber": 3}, "data": [-1.75, -1.76, -1.77, -1.71, -1.72, -1.38, -1.41, -1.43, -1.42, -1.09, -0.92, -0.76, -0.97, -0.92, -1.28, -1.38, -1.53, -1.63, -1.7, -1.74, -1.74, -1.75, -1.77, -1.78, -1.73, -1.75, -1.47, -1.54, -1.58, -1.22, -0.93, -0.7, -0.87, -0.83, -1.21, -1.42, -1.57, -1.68, -1.76, -1.81, -1.73, -1.74, -1.76, -1.78, -1.72, -1.74, -1.78, -1.64, -1.9, -1.33, -0.88, -0.56, -0.7, -0.68, -1.2, -1.44, -1.63, -1.77, -1.85, -1.89, -1.72, -1.73, -1.74, -1.76, -1.79, -1.73, -1.76, -1.81, -1.85, -1.15, -0.72, -0.33, -0.38, -0.26, -1.16, -1.49, -1.75, -1.91, -1.98, -1.99, -1.7, -1.71, -1.72, -1.74, -1.77, -1.72, -1.73, -1.74, -1.72, -0.88, -0.55, -0.16, 0.32, -0.17, -1.19, -1.63, -1.95, -2.13, -2.16, -2.12, -1.68, -1.69, -1.7, -1.71, -1.74, -1.77, -1.72, -1.71, -1.66, -1.55, -0.67, -0.43, -0.1, -0.89, -1.36, -1.85, -2.28, -2.46, -2.38, -2.25, -1.62, -1.66, -1.66, -1.67, -1.69, -1.73, -1.5, -1.75, -1.7, -1.51, -1.41, -0.97, -1.51, -1.49, -1.61, -2.09, -2.71, -2.94, -2.76, -2.59, -1.61, -1.61, -1.6, -2.13, -2.12, -1.42, -1.51, -1.69, -1.92, -1.45, -1.08, -2.08, -2.29, -1.98, -3.0, -3.12, -3.24, -3.29, -3.22, -3.18, -1.6, -1.59, -1.57, -1.56, -2.03, -2.05, -2.15, -1.56, -2.07, -1.56, -1.88, -2.34, -2.78, -2.57, -3.03, -3.1, -3.17, -3.2, -3.18, -3.16, -2.14, -2.1, -2.05, -1.51, -1.45, -1.81, -2.08, -2.36, -2.36, -2.2, -2.16, -2.52, -2.9, -2.64, -3.05, -3.08, -3.12, -3.14, -3.15, -3.14, -2.14, -2.1, -2.05, -1.95, -1.76, -1.17, -2.01, -2.59, -2.86, -2.6, -2.85, -2.44, -2.57, -2.54, -3.06, -3.07, -3.09, -3.11, -3.12, -3.12, -2.15, -2.12, -2.07, -2.0, -1.9, -1.86, -2.25, -3.0, -3.37, -3.41, -3.02, -3.28, -3.23, -2.44, -3.05, -3.06, -3.08, -3.13, -3.13, -3.12, -2.16, -2.14, -2.11, -2.08, -2.06, -2.1, -2.23, -2.83, -3.19, -2.91, -3.29, -3.33, -3.27, -2.76, -2.74, -3.07, -3.07, -3.07, -3.07, -3.08, -2.18, -2.17, -2.15, -2.14, -2.14, -2.13, -1.99, -2.44, -2.73, -2.74, -3.22, -3.36, -3.26, -3.19, -2.68, -2.98, -2.99, -3.0, -3.02, -3.03, -2.2, -2.19, -2.19, -2.19, -2.19, -2.2, -2.23, -2.55, -2.7, -2.76, -2.75, -2.86, -3.16, -3.07, -3.02, -2.87, -2.9, -2.93, -2.96, -2.99, -2.22, -2.22, -1.66, -1.68, -1.7, -2.47, -2.47, -2.52, -2.57, -2.62, -2.79, -2.74, -2.68, -2.51, -2.51, -2.58, -2.6, -2.61, -2.63, -2.65, -1.67, -1.67, -1.69, -1.7, -2.48, -2.46, -2.44, -2.44, -2.45, -2.49, -2.65, -2.64, -2.6, -2.54, -2.32, -2.4, -2.41, -2.43, -2.43, -2.44, -1.68, -1.69, -1.7, -1.72, -2.46, -2.43, -2.38, -2.32, -2.3, -2.06, -2.09, -2.57, -2.55, -2.32, -2.36, -2.4, -2.42, -2.43, -2.44, -2.44, -1.69, -1.7, -1.72, -2.48, -2.45, -2.4, -2.33, -2.21, -2.03, -2.06, -1.84, -1.87, -2.27, -2.3, -2.39, -2.41, -2.42, -2.43, -2.44, -2.45, -1.7, -1.71, -1.55, -1.57, -1.59, -1.62, -1.69, -1.78, -1.88, -1.81, -1.78, -1.8, -2.26, -2.29, -2.42, -2.42, -2.43, -2.44, -2.45, -2.45, -1.51, -1.51, -1.51, -1.52, -1.54, -1.56, -1.59, -1.63, -1.71, -1.69, -1.67, -1.7, -2.25, -2.43, -2.43, -2.44, -2.45, -2.45, -2.46, -2.46, -1.48, -1.48, -1.48, -1.47, -1.47, -1.47, -1.47, -1.43, -1.53, -1.52, -1.53, -1.57, -1.75, -2.44, -2.45, -2.45, -2.45, -2.46, -2.47, -2.47, -1.45, -1.44, -1.43, -1.37, -1.36, -1.35, -1.32, -1.28, -1.22, -1.19, -1.2, -1.43, -1.75, -2.45, -2.45, -2.45, -2.45, -2.46, -2.48, -2.48, -1.37, -1.37, -1.36, -1.34, -1.32, -1.28, -1.23, -1.14, -1.04, -0.99, -1.05, -1.24, -1.7, -1.92, -2.11, -2.46, -2.41, -2.49, -2.49, -2.49, -1.36, -1.35, -1.34, -1.32, -1.29, -1.24, -1.17, -1.06, -0.86, -0.71, -0.93, -1.2, -1.38, -1.9, -2.1, -2.26, -2.51, -2.55, -2.51, -2.49, -1.35, -1.34, -1.32, -1.3, -1.27, -1.23, -1.16, -1.05, -0.88, -0.74, -1.01, -1.22, -1.38, -1.87, -2.05, -2.38, -2.43, -2.45, -2.5, -2.49, -1.34, -1.33, -1.32, -1.3, -1.27, -1.24, -1.19, -1.13, -1.06, -1.06, -1.19, -1.31, -1.41, -2.2, -2.27, -2.33, -2.38, -2.39, -2.39, -2.38, -1.34, -1.33, -1.32, -1.3, -1.28, -1.26, -1.23, -1.22, -1.23, -1.33, -1.4, -1.46, -1.52, -1.61, -2.23, -2.29, -2.33, -2.35, -2.36, -2.35, -1.34, -1.33, -1.32, -1.31, -1.29, -1.28, -1.28, -1.29, -1.34, -1.49, -1.6, -1.54, -1.55, -1.61, -2.19, -2.25, -2.29, -2.31, -2.32, -2.33, -1.34, -1.33, -1.32, -1.32, -1.31, -1.31, -1.31, -1.34, -1.46, -1.54, -1.59, -1.56, -1.57, -1.6, -2.16, -2.21, -2.25, -2.28, -2.29, -2.3, -1.34, -1.33, -1.33, -1.32, -1.32, -1.32, -1.33, -1.35, -1.48, -1.52, -1.55, -1.56, -1.57, -1.6, -2.14, -2.19, -2.23, -2.25, -2.27, -2.28, -1.34, -1.34, -1.33, -1.33, -1.33, -1.33, -1.34, -1.47, -1.49, -1.52, -1.54, -1.55, -1.57, -1.6, -2.14, -2.18, -2.21, -2.23, -2.25, -2.26]}, {"header": {"refTime": "2023-08-31T17:00:00.000Z", "nx": 21, "ny": 33, "lo1": 113.509, "la1": 22.2235, "lo2": 113.5947, "la2": 22.1034, "dx": 0.0042850000000001385, "dy": 0.003753125000000024, "parameterCategory": 0, "parameterCategoryName": "Temperature", "parameterNumber": 0}, "data": [[31.09, 31.08, 31.07, 30.81, 30.82, 31.11, 31.11, 31.11, 31.12, 31.08, 31.11, 31.14, 31.37, 31.39, 31.38, 31.37, 31.48, 31.47, 31.46, 31.46], [31.09, 31.08, 31.08, 31.07, 30.82, 30.84, 31.09, 31.08, 31.08, 31.07, 31.11, 31.16, 31.4, 31.42, 31.39, 31.49, 31.47, 31.46, 31.46, 31.45], [31.1, 31.09, 31.08, 31.07, 30.82, 30.83, 30.86, 31.06, 31.02, 31.06, 31.12, 31.2, 31.44, 31.45, 31.51, 31.49, 31.47, 31.45, 31.45, 31.44], [31.1, 31.1, 31.09, 31.08, 31.06, 30.82, 30.84, 30.87, 30.9, 31.06, 31.14, 31.26, 31.51, 31.39, 31.51, 31.48, 31.46, 31.44, 31.43, 31.43], [31.11, 31.11, 31.1, 31.09, 31.07, 30.8, 30.81, 30.82, 30.82, 31.05, 31.14, 31.41, 31.58, 31.43, 31.51, 31.47, 31.44, 31.42, 31.42, 31.42], [31.12, 31.12, 31.11, 31.1, 31.08, 31.06, 30.79, 30.78, 30.77, 30.74, 31.16, 31.32, 31.46, 31.6, 31.49, 31.45, 31.41, 31.39, 31.4, 31.41], [31.19, 31.13, 31.13, 31.12, 31.11, 31.08, 30.9, 30.77, 30.75, 30.78, 30.79, 31.18, 31.53, 31.55, 31.47, 31.42, 31.36, 31.34, 31.37, 31.4], [31.2, 31.2, 31.21, 31.2, 31.19, 31.0, 30.93, 30.85, 30.8, 30.75, 30.63, 31.12, 31.13, 31.55, 31.34, 31.35, 31.33, 31.32, 31.33, 31.34], [31.1, 31.11, 31.23, 31.24, 31.25, 31.22, 31.14, 30.9, 30.7, 30.8, 30.85, 30.98, 31.04, 30.96, 31.34, 31.35, 31.34, 31.33, 31.34, 31.34], [31.5, 31.5, 31.5, 31.17, 31.22, 31.34, 31.26, 31.14, 30.63, 30.65, 31.05, 30.9, 30.94, 30.92, 31.34, 31.36, 31.35, 31.34, 31.34, 31.35], [31.5, 31.5, 31.5, 31.5, 31.5, 31.5, 31.5, 31.5, 31.25, 30.7, 30.5, 30.84, 30.88, 30.89, 31.34, 31.36, 31.35, 31.35, 31.35, 31.35], [31.5, 31.5, 31.5, 31.5, 31.5, 31.5, 31.5, 31.5, 31.5, -999.0, 30.5, 31.4, 31.4, 30.86, 31.34, 31.36, 31.36, 30.11, 30.14, 30.14], [31.5, 31.5, 31.5, 31.5, 31.5, 31.5, 31.5, 31.5, 31.5, 31.5, -999.0, 31.4, 31.4, 29.96, 30.6, 30.54, 30.55, 30.29, 30.33, 30.35], [31.5, 31.5, 31.5, 31.5, 31.5, 31.5, 31.5, 31.5, 31.5, 31.5, -999.0, 29.2, 29.2, 29.2, 30.41, 30.36, 30.39, 30.13, 30.19, 30.23], [31.5, 31.5, 31.5, 31.5, 31.5, 31.5, 31.5, 31.0, 31.0, 31.0, 31.0, 30.31, 29.2, 29.2, 29.2, 30.16, 30.22, 29.98, 30.06, 30.12], [31.5, 31.5, 31.19, 31.18, 31.17, 31.0, 31.0, 31.0, 31.0, 31.0, 29.87, 30.0, 29.82, 29.67, 29.84, 29.75, 29.83, 29.69, 30.15, 30.22], [31.18, 31.18, 31.32, 31.32, 31.0, 31.0, 31.0, 31.0, 31.0, 31.0, 30.23, 30.0, 29.77, 29.55, 29.58, 29.45, 29.53, 29.6, 29.65, 29.68], [31.32, 31.32, 31.31, 31.29, 31.0, 31.0, 31.0, 31.0, 31.0, 30.54, 30.3, 30.03, 29.75, 29.6, 29.26, 29.42, 29.54, 29.62, 29.67, 29.7], [31.31, 31.3, 31.29, 31.0, 31.0, 31.0, 31.0, 31.0, 30.84, 30.65, 30.48, 30.26, 29.96, 29.73, 29.4, 29.5, 29.6, 29.67, 29.71, 29.73], [31.3, 31.3, 31.0, 31.0, 31.0, 31.0, 31.0, 31.0, 30.83, 30.69, 30.51, 30.33, 30.07, 29.93, 29.57, 29.63, 29.69, 29.74, 29.76, 29.77], [31.0, 31.0, 31.0, 31.0, 31.0, 31.0, 31.0, 31.0, 30.72, 30.65, 30.53, 30.39, 30.17, 29.68, 29.71, 29.76, 29.8, 29.82, 29.82, 29.81], [31.0, 31.0, 31.0, 31.0, 31.0, 31.0, 31.0, 31.0, 30.69, 30.64, 30.57, 30.46, 30.27, 29.76, 29.81, 29.87, 29.92, 29.91, 29.87, 29.84], [31.0, 31.0, 31.0, 31.0, 31.0, 31.0, 31.0, 31.0, 31.0, 31.0, 31.0, 30.92, 30.4, 29.82, 29.88, 29.98, 30.08, 30.0, 29.9, 29.85], [31.0, 31.0, 31.0, 31.0, 31.0, 31.0, 31.0, 31.0, 31.0, 31.0, 31.0, 30.93, 30.41, 30.32, 30.24, 30.01, 30.36, 29.94, 29.87, 29.85], [31.0, 31.0, 31.0, 31.0, 31.0, 31.0, 31.0, 31.0, 31.0, 31.0, 31.0, 30.94, 30.91, 30.31, 30.22, 30.13, 29.85, 29.68, 29.81, 29.83], [31.0, 31.0, 31.0, 31.0, 31.0, 31.0, 31.0, 31.0, 31.0, 31.0, 30.96, 30.94, 30.92, 30.32, 30.22, 30.12, 30.01, 29.96, 29.81, 29.82], [31.0, 31.0, 31.0, 31.0, 31.0, 31.0, 31.0, 31.0, 31.0, 31.0, 30.96, 30.95, 30.93, 30.35, 30.26, 30.17, 30.1, 30.06, 30.07, 30.1], [31.0, 31.0, 31.0, 31.0, 31.0, 31.0, 31.0, 31.0, 31.0, 30.97, 30.97, 30.75, 30.64, 30.5, 30.31, 30.23, 30.17, 30.14, 30.13, 30.14], [31.0, 31.0, 31.0, 31.0, 31.0, 31.0, 31.0, 31.0, 31.0, 30.98, 30.93, 30.8, 30.67, 30.55, 30.36, 30.28, 30.23, 30.2, 30.18, 30.18], [31.0, 31.0, 31.0, 31.0, 31.0, 31.0, 31.0, 31.0, 30.8, 30.86, 30.89, 30.79, 30.68, 30.57, 30.4, 30.33, 30.28, 30.24, 30.22, 30.21], [31.0, 31.0, 31.0, 31.0, 31.0, 31.0, 31.0, 31.0, 30.77, 30.79, 30.79, 30.74, 30.66, 30.58, 30.42, 30.36, 30.31, 30.28, 30.25, 30.24], [31.0, 31.0, 31.0, 31.0, 31.0, 31.0, 31.0, 30.72, 30.73, 30.74, 30.73, 30.69, 30.64, 30.57, 30.43, 30.38, 30.33, 30.3, 30.28, 30.26]]}]