gis_exercise/awsData/contour/wdir_2023090312.json
[{"header": {"refTime": "2023-09-03T12:00:00.000Z", "nx": 21, "ny": 33, "lo1": 113.509, "la1": 22.2235, "lo2": 113.5947, "la2": 22.1034, "dx": 0.0042850000000001385, "dy": 0.003753125000000024, "parameterCategory": 2, "parameterCategoryName": "Temperature", "parameterNumber": 2}, "data": [-2.55, -2.56, -2.57, -2.71, -2.71, -2.99, -2.97, -2.96, -2.97, -2.98, -3.05, -3.11, -3.27, -3.31, -3.83, -3.9, -4.07, -4.1, -4.12, -4.13, -2.55, -2.56, -2.56, -2.57, -2.71, -2.71, -2.95, -2.91, -2.89, -2.94, -3.05, -3.14, -3.32, -3.35, -3.87, -4.05, -4.09, -4.12, -4.14, -4.16, -2.54, -2.55, -2.56, -2.57, -2.71, -2.71, -2.7, -2.86, -2.73, -2.9, -3.07, -3.21, -3.39, -3.41, -4.0, -4.06, -4.12, -4.16, -4.18, -4.19, -2.54, -2.54, -2.55, -2.56, -2.58, -2.71, -2.71, -2.7, -2.69, -2.95, -3.13, -3.32, -3.52, -3.48, -4.0, -4.09, -4.17, -4.22, -4.24, -4.24, -2.53, -2.53, -2.54, -2.55, -2.57, -2.72, -2.71, -2.71, -2.71, -3.02, -3.17, -3.51, -3.73, -3.53, -4.0, -4.13, -4.25, -4.32, -4.32, -4.29, -2.51, -2.52, -2.52, -2.53, -2.55, -2.57, -2.72, -2.73, -2.72, -2.71, -3.22, -3.39, -3.57, -4.03, -4.0, -4.19, -4.39, -4.47, -4.42, -4.35, -3.79, -2.5, -2.5, -2.51, -2.52, -2.55, -2.6, -2.74, -2.74, -2.8, -2.81, -3.19, -3.94, -4.07, -4.0, -4.26, -4.59, -4.71, -4.88, -4.86, -3.81, -3.75, -3.68, -3.51, -3.47, -2.52, -2.58, -2.68, -2.8, -2.79, -2.73, -3.47, -3.63, -4.18, -4.55, -4.67, -4.8, -4.84, -4.77, -4.73, -3.84, -3.77, -3.68, -3.57, -3.38, -3.37, -3.46, -2.61, -3.46, -2.81, -3.54, -3.94, -4.54, -4.25, -4.62, -4.67, -4.73, -4.76, -4.74, -4.71, -4.98, -4.88, -4.72, -3.56, -3.31, -3.11, -3.46, -3.84, -4.09, -3.95, -3.84, -4.26, -4.79, -4.39, -4.67, -4.67, -4.69, -4.71, -4.71, -4.69, -5.01, -4.92, -4.77, -4.5, -3.94, -2.28, -4.35, -5.4, -4.74, -4.58, -5.12, -4.16, -4.32, -4.27, -4.68, -4.67, -4.67, -4.68, -4.68, -4.68, -5.07, -5.01, -4.9, -4.74, -4.47, -4.34, -5.14, -6.01, -6.33, -6.67, -5.36, -5.28, -5.18, -4.15, -4.67, -4.66, -4.66, -4.81, -4.8, -4.78, -5.15, -5.12, -5.09, -5.08, -5.16, -5.54, -6.12, -6.23, -6.31, -6.06, -6.59, -5.39, -5.26, -4.31, -4.27, -4.76, -4.74, -4.73, -4.73, -4.73, -5.23, -5.23, -5.26, -5.34, -5.56, -6.05, -6.87, -6.3, -6.14, -6.02, -6.63, -5.51, -5.34, -5.21, -4.18, -4.63, -4.63, -4.64, -4.66, -4.67, -5.3, -5.33, -5.39, -5.5, -5.7, -5.99, -6.23, -5.34, -4.94, -4.61, -4.36, -3.14, -5.16, -4.99, -4.89, -4.47, -4.5, -4.54, -4.58, -4.61, -5.36, -5.4, -3.01, -3.14, -3.31, -4.64, -4.56, -4.28, -3.96, -3.77, -2.64, -2.79, -2.96, -2.87, -3.02, -3.92, -3.93, -3.93, -3.79, -3.8, -2.71, -2.74, -2.77, -2.79, -3.99, -3.79, -3.44, -2.96, -2.64, -2.7, -2.07, -2.47, -2.83, -3.15, -2.91, -3.42, -3.32, -3.24, -3.18, -3.14, -2.58, -2.56, -2.52, -2.44, -3.43, -3.01, -2.33, -1.41, -0.93, -0.95, -1.66, -2.19, -2.73, -2.85, -3.58, -3.45, -3.31, -3.22, -3.16, -3.12, -2.45, -2.39, -2.3, -3.33, -2.99, -2.44, -1.53, -0.05, 1.34, -0.22, -0.86, -1.64, -1.96, -2.61, -3.47, -3.37, -3.25, -3.17, -3.12, -3.09, -2.33, -2.25, -2.85, -2.64, -2.33, -1.86, -1.14, -0.13, 0.77, -0.12, -1.0, -1.67, -1.79, -2.25, -3.29, -3.23, -3.16, -3.1, -3.06, -3.04, -3.04, -2.94, -2.8, -2.61, -2.35, -2.0, -1.54, -1.06, -0.44, -0.85, -1.38, -1.83, -1.67, -3.17, -3.15, -3.1, -3.05, -3.02, -3.0, -3.0, -3.01, -2.92, -2.81, -2.66, -2.48, -2.27, -2.05, -1.07, -1.4, -1.64, -1.9, -2.12, -3.79, -3.08, -3.04, -3.0, -2.96, -2.94, -2.94, -2.95, -3.01, -2.94, -2.85, -1.53, -1.55, -1.58, -1.67, -1.82, -2.03, -2.18, -2.19, -2.27, -3.51, -3.02, -2.97, -2.92, -2.88, -2.87, -2.88, -2.91, -1.64, -1.66, -1.68, -1.73, -1.8, -1.93, -2.13, -2.45, -2.85, -3.05, -2.84, -3.7, -3.56, -3.34, -3.14, -2.87, -2.83, -2.8, -2.84, -2.88, -1.73, -1.77, -1.82, -1.89, -2.01, -2.18, -2.45, -2.87, -3.54, -4.09, -3.35, -3.72, -3.5, -3.36, -3.16, -2.99, -2.79, -2.75, -2.83, -2.87, -1.81, -1.86, -1.92, -2.02, -2.14, -2.33, -2.59, -2.98, -3.58, -4.03, -3.94, -3.62, -3.44, -3.39, -3.2, -2.68, -2.69, -2.69, -2.84, -2.87, -1.87, -1.93, -2.0, -2.1, -2.22, -2.39, -2.6, -2.86, -3.12, -3.2, -3.56, -3.41, -3.33, -2.59, -2.62, -2.65, -2.67, -2.67, -2.67, -2.67, -1.92, -1.98, -2.06, -2.15, -2.26, -2.39, -2.54, -2.69, -2.77, -3.22, -3.07, -3.09, -3.13, -3.14, -2.6, -2.63, -2.64, -2.65, -2.66, -2.66, -1.96, -2.02, -2.09, -2.17, -2.27, -2.37, -2.47, -2.55, -2.56, -2.82, -2.52, -2.85, -3.02, -3.08, -2.57, -2.6, -2.62, -2.64, -2.64, -2.64, -1.99, -2.04, -2.11, -2.18, -2.26, -2.34, -2.41, -2.46, -3.02, -2.77, -2.62, -2.82, -2.97, -3.04, -2.56, -2.59, -2.61, -2.62, -2.63, -2.63, -2.01, -2.06, -2.12, -2.18, -2.24, -2.31, -2.36, -2.4, -3.02, -2.9, -2.84, -2.9, -2.98, -3.04, -2.55, -2.58, -2.59, -2.61, -2.62, -2.62, -2.02, -2.07, -2.12, -2.17, -2.22, -2.27, -2.32, -3.13, -3.05, -2.99, -2.96, -2.97, -3.01, -3.05, -2.55, -2.57, -2.59, -2.6, -2.61, -2.61]}, {"header": {"refTime": "2023-09-03T12:00:00.000Z", "nx": 21, "ny": 33, "lo1": 113.509, "la1": 22.2235, "lo2": 113.5947, "la2": 22.1034, "dx": 0.0042850000000001385, "dy": 0.003753125000000024, "parameterCategory": 2, "parameterCategoryName": "Temperature", "parameterNumber": 3}, "data": [-0.03, -0.05, -0.08, -0.11, -0.15, -0.41, -0.44, -0.47, -0.48, -0.3, -0.23, -0.17, -0.18, -0.14, 0.08, 0.14, 0.58, 0.61, 0.63, 0.64, -0.01, -0.04, -0.07, -0.11, -0.15, -0.2, -0.46, -0.53, -0.57, -0.38, -0.25, -0.16, -0.16, -0.12, 0.1, 0.54, 0.59, 0.63, 0.65, 0.67, 0.01, -0.01, -0.04, -0.08, -0.13, -0.19, -0.28, -0.58, -0.76, -0.44, -0.23, -0.13, -0.12, -0.09, 0.47, 0.55, 0.61, 0.66, 0.68, 0.69, 0.04, 0.02, -0.01, -0.04, -0.09, -0.14, -0.22, -0.34, -0.46, -0.32, -0.15, -0.07, -0.08, 0.27, 0.46, 0.57, 0.65, 0.7, 0.73, 0.73, 0.07, 0.06, 0.04, 0.01, -0.03, -0.08, -0.11, -0.14, -0.14, -0.11, -0.03, 0.25, 0.07, 0.23, 0.47, 0.61, 0.72, 0.78, 0.79, 0.77, 0.1, 0.1, 0.09, 0.07, 0.05, 0.01, -0.0, 0.02, 0.06, 0.15, 0.47, 0.34, 0.2, 0.34, 0.52, 0.68, 0.83, 0.9, 0.87, 0.82, 0.85, 0.14, 0.15, 0.14, 0.13, 0.1, 0.48, 0.11, 0.17, 0.55, 0.65, 0.51, 0.49, 0.49, 0.59, 0.76, 0.99, 1.07, 1.01, 0.95, 0.86, 0.85, 0.84, 0.76, 0.74, 0.56, 0.49, 0.35, 0.21, 0.57, 0.77, 0.76, 0.76, 0.62, 0.97, 1.04, 1.13, 1.16, 1.11, 1.08, 0.88, 0.88, 0.86, 0.85, 0.78, 0.75, 0.69, 0.45, 0.53, 0.53, 0.85, 0.85, 0.92, 0.89, 0.97, 1.02, 1.08, 1.1, 1.09, 1.07, 1.27, 1.26, 1.23, 0.89, 0.87, 0.83, 0.81, 0.77, 0.76, 0.78, 0.87, 0.9, 0.97, 0.91, 0.98, 1.01, 1.04, 1.06, 1.06, 1.05, 1.28, 1.26, 1.24, 1.2, 1.12, 0.88, 1.17, 1.31, 0.98, 0.92, 1.14, 0.9, 0.91, 0.9, 0.98, 1.0, 1.02, 1.03, 1.04, 1.04, 1.29, 1.28, 1.26, 1.24, 1.2, 1.18, 1.29, 1.39, 1.41, 1.43, 1.18, 1.07, 1.04, 0.89, 0.98, 0.99, 1.01, 0.8, 0.8, 0.79, 1.3, 1.29, 1.29, 1.29, 1.31, 1.37, 1.46, 1.43, 1.42, 1.4, 1.41, 1.09, 1.06, 0.57, 0.54, 0.7, 0.71, 0.72, 0.73, 0.73, 1.31, 1.31, 1.32, 1.33, 1.37, 1.45, 1.6, 1.47, 1.43, 1.4, 1.42, 0.85, 0.77, 0.7, 0.44, 0.59, 0.61, 0.63, 0.65, 0.67, 1.32, 1.33, 1.34, 1.35, 1.39, 1.44, 1.47, 0.85, 0.67, 0.53, 0.43, -0.22, 0.65, 0.56, 0.51, 0.46, 0.49, 0.54, 0.58, 0.61, 1.33, 1.34, 0.31, 0.34, 0.37, 0.55, 0.52, 0.4, 0.26, 0.18, -0.42, -0.38, -0.34, -0.38, -0.33, 0.36, 0.44, 0.52, 0.63, 0.68, 0.19, 0.19, 0.18, 0.16, 0.27, 0.19, 0.04, -0.17, -0.3, -0.28, -0.66, -0.52, -0.41, -0.32, -0.26, -0.11, -0.08, -0.06, -0.05, -0.04, 0.11, 0.09, 0.05, -0.01, 0.03, -0.14, -0.43, -0.82, -1.03, -1.08, -0.82, -0.65, -0.47, -0.29, -0.2, -0.12, -0.07, -0.05, -0.04, -0.03, 0.04, -0.0, -0.06, -0.01, -0.15, -0.39, -0.77, -1.4, -2.01, -1.38, -1.52, -1.25, -0.47, -0.3, -0.12, -0.08, -0.05, -0.03, -0.02, -0.02, -0.02, -0.08, -0.75, -0.82, -0.93, -1.09, -1.33, -1.65, -2.0, -1.78, -1.53, -1.3, -0.46, -0.28, -0.05, -0.03, -0.0, 0.01, 0.0, -0.01, -0.73, -0.77, -0.82, -0.9, -1.0, -1.13, -1.29, -1.45, -1.76, -1.65, -1.49, -1.33, -0.4, -0.01, 0.01, 0.04, 0.06, 0.05, 0.02, -0.0, -0.78, -0.82, -0.88, -0.94, -1.03, -1.13, -1.23, -1.62, -1.6, -1.54, -1.45, -1.34, -0.05, 0.02, 0.06, 0.12, 0.15, 0.11, 0.04, -0.0, -0.82, -0.86, -0.91, -1.44, -1.45, -1.47, -1.48, -1.48, -1.46, -1.44, -1.41, -0.91, -0.44, 0.04, 0.1, 0.21, 0.35, 0.18, 0.02, -0.03, -1.37, -1.37, -1.38, -1.38, -1.39, -1.39, -1.39, -1.38, -1.36, -1.35, -1.33, -0.39, -0.49, -0.31, -0.13, 0.21, 0.8, -0.02, -0.1, -0.08, -1.34, -1.33, -1.33, -1.33, -1.33, -1.32, -1.31, -1.3, -1.31, -1.33, -1.27, -0.46, -0.19, -0.35, -0.21, -0.1, -0.21, -0.57, -0.22, -0.13, -1.31, -1.3, -1.29, -1.28, -1.27, -1.25, -1.24, -1.23, -1.25, -1.29, -0.74, -0.46, -0.22, -0.4, -0.29, -0.07, -0.19, -0.28, -0.21, -0.14, -1.28, -1.27, -1.25, -1.24, -1.22, -1.19, -1.16, -1.14, -1.11, -1.08, -0.55, -0.39, -0.22, -0.06, -0.07, -0.09, -0.14, -0.17, -0.16, -0.13, -1.25, -1.24, -1.22, -1.2, -1.17, -1.13, -1.09, -1.03, -0.94, -0.44, -0.37, -0.73, -0.82, -0.9, -0.08, -0.1, -0.12, -0.13, -0.13, -0.12, -1.23, -1.21, -1.19, -1.16, -1.13, -1.09, -1.03, -0.94, -0.81, -0.3, -0.35, -0.59, -0.74, -0.85, -0.09, -0.1, -0.11, -0.11, -0.11, -0.11, -1.21, -1.19, -1.17, -1.14, -1.1, -1.05, -0.99, -0.9, -0.66, -0.51, -0.42, -0.57, -0.71, -0.81, -0.1, -0.1, -0.1, -0.1, -0.1, -0.1, -1.19, -1.17, -1.15, -1.12, -1.08, -1.03, -0.97, -0.89, -0.68, -0.61, -0.58, -0.64, -0.73, -0.81, -0.1, -0.1, -0.1, -0.1, -0.1, -0.09, -1.18, -1.16, -1.14, -1.11, -1.07, -1.03, -0.97, -0.77, -0.72, -0.69, -0.68, -0.71, -0.76, -0.82, -0.1, -0.1, -0.09, -0.09, -0.09, -0.09]}, {"header": {"refTime": "2023-09-03T12:00:00.000Z", "nx": 21, "ny": 33, "lo1": 113.509, "la1": 22.2235, "lo2": 113.5947, "la2": 22.1034, "dx": 0.0042850000000001385, "dy": 0.003753125000000024, "parameterCategory": 0, "parameterCategoryName": "Temperature", "parameterNumber": 0}, "data": [[30.11, 30.12, 30.13, 30.17, 30.2, 30.2, 30.24, 30.27, 30.28, 30.35, 30.31, 30.27, 30.31, 30.3, 29.78, 29.72, 29.61, 29.58, 29.55, 29.53], [30.1, 30.11, 30.12, 30.14, 30.19, 30.23, 30.26, 30.32, 30.37, 30.39, 30.32, 30.26, 30.29, 30.28, 29.76, 29.64, 29.59, 29.55, 29.52, 29.5], [30.09, 30.1, 30.11, 30.13, 30.18, 30.21, 30.27, 30.37, 30.54, 30.42, 30.3, 30.23, 30.26, 30.25, 29.71, 29.63, 29.55, 29.5, 29.47, 29.46], [30.08, 30.08, 30.09, 30.1, 30.12, 30.18, 30.23, 30.31, 30.39, 30.37, 30.26, 30.18, 30.19, 30.11, 29.71, 29.6, 29.5, 29.43, 29.4, 29.41], [30.07, 30.07, 30.07, 30.08, 30.09, 30.12, 30.14, 30.17, 30.19, 30.28, 30.21, 30.1, 30.04, 30.1, 29.71, 29.55, 29.4, 29.32, 29.31, 29.34], [30.05, 30.05, 30.05, 30.05, 30.05, 30.04, 30.05, 30.04, 30.04, 30.07, 30.15, 30.13, 30.09, 30.13, 29.69, 29.46, 29.24, 29.14, 29.2, 29.27], [29.82, 30.04, 30.03, 30.02, 30.01, 29.99, 29.83, 29.91, 29.89, 29.99, 30.08, 30.19, 30.23, 30.2, 29.67, 29.38, 29.01, 28.87, 28.86, 28.95], [29.83, 29.83, 29.83, 29.83, 29.82, 29.86, 29.83, 29.75, 29.7, 29.98, 30.1, 30.31, 30.31, 30.2, 29.27, 29.47, 29.07, 28.93, 29.15, 29.3], [29.77, 29.78, 29.85, 29.85, 29.86, 29.84, 29.79, 29.8, 29.76, 29.98, 30.22, 30.26, 30.28, 30.25, 29.32, 29.54, 29.31, 29.21, 29.27, 29.35], [30.0, 30.0, 30.0, 29.81, 29.84, 29.91, 29.86, 29.79, 29.88, 29.86, 30.28, 30.23, 30.25, 30.24, 29.32, 29.61, 29.47, 29.39, 29.39, 29.42], [30.0, 30.0, 30.0, 30.0, 30.0, 30.0, 30.0, 30.0, 29.86, 29.77, 30.1, 30.21, 30.23, 30.23, 29.3, 29.67, 29.57, 29.5, 29.49, 29.5], [30.0, 30.0, 30.0, 30.0, 30.0, 30.0, 30.0, 30.0, 30.0, -999.0, 30.1, 30.4, 30.4, 30.22, 29.28, 29.73, 29.67, 29.05, 29.04, 29.04], [30.0, 30.0, 30.0, 30.0, 30.0, 30.0, 30.0, 30.0, 30.0, 30.0, -999.0, 30.4, 30.4, 29.75, 30.03, 28.89, 28.89, 28.98, 28.97, 28.96], [30.0, 30.0, 30.0, 30.0, 30.0, 30.0, 30.0, 30.0, 30.0, 30.0, -999.0, 29.4, 29.4, 29.4, 29.95, 28.96, 28.95, 29.05, 29.02, 29.01], [30.0, 30.0, 30.0, 30.0, 30.0, 30.0, 30.0, 30.7, 30.7, 30.7, 30.7, 30.2, 29.4, 29.4, 29.4, 29.03, 29.01, 29.1, 29.07, 29.05], [30.0, 30.0, 30.44, 30.45, 30.46, 30.7, 30.7, 30.7, 30.7, 30.7, 29.88, 29.97, 29.85, 29.74, 29.86, 29.25, 29.23, 29.27, 29.08, 29.06], [30.45, 30.45, 30.25, 30.26, 30.7, 30.7, 30.7, 30.7, 30.7, 30.7, 30.14, 29.98, 29.81, 29.65, 29.51, 29.7, 29.81, 29.9, 29.97, 30.02], [30.25, 30.26, 30.27, 30.29, 30.7, 30.7, 30.7, 30.7, 30.7, 30.37, 30.2, 30.0, 29.8, 29.53, 29.41, 29.67, 29.82, 29.92, 29.99, 30.04], [30.26, 30.27, 30.29, 30.7, 30.7, 30.7, 30.7, 30.7, 30.58, 30.45, 30.29, 30.12, 29.68, 29.56, 29.64, 29.75, 29.87, 29.97, 30.03, 30.08], [30.27, 30.28, 30.59, 30.59, 30.6, 30.61, 30.63, 30.67, 30.56, 30.44, 30.3, 30.17, 29.7, 29.59, 29.83, 29.88, 29.96, 30.03, 30.09, 30.13], [30.58, 30.58, 30.58, 30.62, 30.62, 30.63, 30.63, 30.64, 30.45, 30.39, 30.31, 30.21, 29.69, 29.95, 29.96, 30.0, 30.05, 30.1, 30.15, 30.18], [30.61, 30.61, 30.61, 30.61, 30.61, 30.61, 30.62, 30.63, 30.4, 30.37, 30.31, 30.24, 29.63, 30.04, 30.05, 30.07, 30.09, 30.16, 30.22, 30.25], [30.6, 30.6, 30.6, 30.63, 30.63, 30.62, 30.62, 30.61, 30.6, 30.6, 30.6, 30.16, 30.44, 30.11, 30.12, 30.09, 30.02, 30.19, 30.32, 30.33], [30.63, 30.63, 30.63, 30.62, 30.62, 30.62, 30.61, 30.6, 30.58, 30.57, 30.58, 30.18, 30.46, 30.43, 30.39, 30.15, 29.64, 30.47, 30.49, 30.42], [30.63, 30.63, 30.62, 30.62, 30.62, 30.61, 30.6, 30.58, 30.56, 30.53, 30.57, 30.23, 30.1, 30.46, 30.45, 30.46, 30.67, 31.06, 30.63, 30.48], [30.63, 30.63, 30.62, 30.62, 30.62, 30.61, 30.6, 30.59, 30.56, 30.54, 30.37, 30.28, 30.16, 30.49, 30.5, 30.59, 30.72, 30.81, 30.59, 30.49], [30.63, 30.63, 30.62, 30.62, 30.62, 30.61, 30.61, 30.6, 30.59, 30.59, 30.39, 30.32, 30.22, 30.58, 30.58, 30.61, 30.67, 30.7, 30.69, 30.66], [30.63, 30.63, 30.62, 30.62, 30.62, 30.62, 30.62, 30.61, 30.62, 30.46, 30.46, 30.83, 30.92, 31.02, 30.6, 30.62, 30.64, 30.66, 30.65, 30.64], [30.63, 30.63, 30.63, 30.62, 30.62, 30.62, 30.62, 30.63, 30.64, 30.53, 30.73, 30.81, 30.9, 30.99, 30.61, 30.61, 30.63, 30.63, 30.63, 30.63], [30.63, 30.63, 30.63, 30.63, 30.63, 30.63, 30.63, 30.63, 30.8, 30.77, 30.76, 30.82, 30.9, 30.98, 30.61, 30.61, 30.62, 30.62, 30.62, 30.62], [30.63, 30.63, 30.63, 30.63, 30.63, 30.63, 30.63, 30.64, 30.82, 30.81, 30.82, 30.85, 30.91, 30.97, 30.61, 30.61, 30.61, 30.61, 30.61, 30.61], [30.63, 30.63, 30.63, 30.63, 30.63, 30.63, 30.63, 30.86, 30.85, 30.85, 30.86, 30.88, 30.93, 30.97, 30.61, 30.61, 30.61, 30.61, 30.61, 30.61]]}]