gis_exercise/awsData/contour/wdir_2023090308.json
[{"header": {"refTime": "2023-09-03T08:00:00.000Z", "nx": 21, "ny": 33, "lo1": 113.509, "la1": 22.2235, "lo2": 113.5947, "la2": 22.1034, "dx": 0.0042850000000001385, "dy": 0.003753125000000024, "parameterCategory": 2, "parameterCategoryName": "Temperature", "parameterNumber": 2}, "data": [-2.39, -2.39, -2.38, -2.44, -2.41, -2.74, -2.68, -2.63, -2.63, -2.6, -2.73, -2.85, -2.91, -2.96, -4.34, -4.5, -4.74, -4.82, -4.88, -4.91, -2.4, -2.39, -2.38, -2.37, -2.42, -2.38, -2.63, -2.51, -2.44, -2.51, -2.72, -2.9, -2.99, -3.03, -4.4, -4.68, -4.8, -4.9, -4.96, -4.99, -2.41, -2.4, -2.4, -2.38, -2.43, -2.39, -2.32, -2.41, -2.06, -2.43, -2.76, -3.01, -3.12, -3.15, -4.54, -4.72, -4.88, -5.01, -5.07, -5.09, -2.41, -2.41, -2.41, -2.4, -2.39, -2.43, -2.38, -2.28, -2.19, -2.55, -2.88, -3.2, -3.36, -3.41, -4.53, -4.79, -5.02, -5.17, -5.23, -5.22, -2.42, -2.42, -2.42, -2.43, -2.43, -2.49, -2.47, -2.44, -2.41, -2.73, -3.0, -3.47, -3.83, -3.48, -4.54, -4.91, -5.25, -5.44, -5.45, -5.38, -2.43, -2.43, -2.44, -2.44, -2.46, -2.48, -2.58, -2.59, -2.59, -2.56, -3.04, -3.27, -3.54, -4.21, -4.56, -5.09, -5.64, -5.87, -5.73, -5.54, -3.57, -2.44, -2.44, -2.46, -2.48, -2.52, -2.74, -2.75, -2.76, -2.7, -2.61, -2.9, -4.0, -4.23, -4.57, -5.28, -6.19, -6.53, -6.68, -6.54, -3.58, -3.54, -3.49, -3.66, -3.62, -2.65, -2.73, -2.87, -2.99, -2.7, -2.56, -3.26, -3.46, -4.4, -5.48, -5.96, -6.52, -6.73, -6.42, -6.22, -3.6, -3.55, -3.48, -3.4, -3.52, -3.53, -3.63, -2.77, -3.6, -2.71, -3.62, -4.13, -5.13, -4.65, -5.56, -5.86, -6.18, -6.32, -6.26, -6.14, -4.65, -4.56, -4.44, -3.37, -3.18, -3.24, -3.6, -4.0, -4.18, -4.01, -4.07, -4.72, -5.59, -4.91, -5.63, -5.78, -5.97, -6.07, -6.09, -6.04, -4.67, -4.59, -4.46, -4.24, -3.77, -2.38, -4.17, -5.16, -4.86, -4.63, -5.61, -4.56, -4.82, -4.72, -5.65, -5.74, -5.84, -5.92, -5.96, -5.95, -4.71, -4.65, -4.56, -4.42, -4.19, -4.08, -4.81, -5.78, -6.18, -6.69, -5.8, -5.65, -5.6, -4.53, -5.64, -5.7, -5.77, -6.43, -6.43, -6.43, -4.77, -4.74, -4.7, -4.68, -4.72, -4.99, -5.44, -5.82, -6.07, -5.76, -6.66, -5.7, -5.61, -4.93, -4.9, -6.26, -6.27, -6.29, -6.3, -6.32, -4.83, -4.83, -4.84, -4.89, -5.03, -5.34, -5.8, -5.67, -5.72, -5.64, -6.62, -6.26, -6.15, -6.06, -4.83, -6.06, -6.09, -6.13, -6.17, -6.2, -4.89, -4.91, -4.94, -5.01, -5.14, -5.34, -5.51, -5.39, -5.27, -5.14, -5.02, -4.53, -5.96, -5.83, -5.75, -5.82, -5.89, -5.97, -6.04, -6.1, -4.94, -4.96, -3.53, -3.62, -3.74, -5.01, -4.97, -4.86, -4.73, -4.66, -4.24, -4.3, -4.37, -4.46, -4.53, -4.94, -4.95, -4.96, -5.04, -5.08, -3.39, -3.41, -3.45, -3.48, -4.7, -4.59, -4.41, -4.17, -4.03, -4.07, -3.9, -4.1, -4.28, -4.42, -4.16, -4.45, -4.38, -4.33, -4.29, -4.26, -3.34, -3.35, -3.35, -3.33, -4.42, -4.2, -3.84, -3.36, -3.12, -3.04, -3.41, -3.93, -4.2, -4.13, -4.57, -4.47, -4.37, -4.31, -4.27, -4.25, -3.29, -3.28, -3.26, -4.38, -4.19, -3.9, -3.43, -2.64, -1.88, -2.67, -3.06, -3.48, -3.61, -3.98, -4.48, -4.41, -4.33, -4.27, -4.24, -4.22, -3.25, -3.22, -3.92, -3.82, -3.67, -3.44, -3.09, -2.6, -2.19, -2.66, -3.13, -3.49, -3.5, -3.75, -4.35, -4.31, -4.26, -4.22, -4.2, -4.19, -4.02, -3.97, -3.91, -3.81, -3.69, -3.52, -3.29, -3.06, -2.82, -3.04, -3.32, -3.56, -3.41, -4.27, -4.25, -4.21, -4.18, -4.16, -4.16, -4.16, -4.01, -3.97, -3.91, -3.85, -3.76, -3.66, -3.55, -2.3, -3.31, -3.44, -3.58, -3.7, -4.46, -4.21, -4.17, -4.13, -4.09, -4.09, -4.11, -4.13, -4.01, -3.98, -3.94, -2.17, -2.23, -2.31, -2.42, -2.57, -2.71, -2.78, -2.69, -3.63, -4.36, -4.16, -4.12, -4.06, -4.0, -4.03, -4.09, -4.12, -2.05, -2.08, -2.12, -2.18, -2.26, -2.38, -2.56, -2.83, -3.16, -3.31, -3.04, -3.2, -4.39, -4.27, -4.17, -4.03, -3.85, -4.04, -4.09, -4.11, -2.04, -2.07, -2.12, -2.18, -2.26, -2.4, -2.62, -2.99, -3.64, -4.21, -3.34, -3.14, -2.92, -4.29, -4.19, -4.11, -4.09, -4.16, -4.11, -4.12, -2.02, -2.05, -2.09, -2.14, -2.22, -2.34, -2.53, -2.87, -3.49, -4.01, -3.36, -2.85, -2.68, -4.31, -4.22, -3.26, -3.52, -3.6, -4.12, -4.12, -1.99, -2.02, -2.04, -2.08, -2.13, -2.21, -2.31, -2.47, -2.64, -2.6, -2.47, -2.28, -2.31, -2.24, -2.66, -3.0, -3.23, -3.32, -3.31, -3.24, -1.96, -1.97, -1.99, -2.0, -2.02, -2.03, -2.03, -1.98, -1.79, -1.59, -1.26, -1.6, -2.0, -2.35, -2.39, -2.73, -2.95, -3.07, -3.11, -3.1, -1.93, -1.93, -1.93, -1.92, -1.91, -1.87, -1.78, -1.59, -1.19, -0.56, 0.22, -0.91, -1.63, -2.1, -2.15, -2.49, -2.71, -2.86, -2.93, -2.95, -1.89, -1.89, -1.87, -1.85, -1.81, -1.73, -1.6, -1.37, -1.3, -0.58, -0.14, -0.84, -1.5, -1.95, -1.98, -2.3, -2.52, -2.67, -2.77, -2.81, -1.86, -1.84, -1.82, -1.79, -1.73, -1.64, -1.51, -1.3, -1.39, -1.03, -0.9, -1.17, -1.56, -1.92, -1.88, -2.16, -2.38, -2.53, -2.63, -2.7, -1.83, -1.81, -1.78, -1.74, -1.68, -1.59, -1.47, -1.78, -1.57, -1.39, -1.34, -1.47, -1.7, -1.96, -1.84, -2.08, -2.27, -2.42, -2.52, -2.59]}, {"header": {"refTime": "2023-09-03T08:00:00.000Z", "nx": 21, "ny": 33, "lo1": 113.509, "la1": 22.2235, "lo2": 113.5947, "la2": 22.1034, "dx": 0.0042850000000001385, "dy": 0.003753125000000024, "parameterCategory": 2, "parameterCategoryName": "Temperature", "parameterNumber": 3}, "data": [-0.4, -0.4, -0.4, -0.04, -0.06, -0.5, -0.51, -0.51, -0.52, -0.31, -0.3, -0.3, -0.47, -0.47, -0.58, -0.56, -0.36, -0.35, -0.34, -0.33, -0.4, -0.4, -0.4, -0.4, -0.06, -0.1, -0.5, -0.5, -0.51, -0.34, -0.32, -0.32, -0.49, -0.49, -0.59, -0.38, -0.36, -0.35, -0.34, -0.33, -0.4, -0.4, -0.4, -0.4, -0.06, -0.09, -0.15, -0.5, -0.49, -0.35, -0.32, -0.35, -0.52, -0.51, -0.42, -0.38, -0.36, -0.34, -0.33, -0.32, -0.4, -0.4, -0.4, -0.4, -0.4, -0.07, -0.11, -0.19, -0.26, -0.3, -0.3, -0.39, -0.59, -0.27, -0.43, -0.38, -0.35, -0.33, -0.32, -0.31, -0.4, -0.39, -0.39, -0.39, -0.39, -0.04, -0.06, -0.07, -0.06, -0.18, -0.24, -0.31, -0.63, -0.34, -0.42, -0.36, -0.33, -0.31, -0.31, -0.3, -0.4, -0.39, -0.39, -0.39, -0.38, -0.38, -0.01, 0.0, 0.05, 0.16, 0.11, -0.14, -0.39, -0.34, -0.38, -0.33, -0.3, -0.29, -0.29, -0.3, -0.05, -0.4, -0.39, -0.39, -0.38, -0.37, 0.01, 0.01, 0.06, 0.39, 0.52, 0.16, -0.12, -0.14, -0.31, -0.3, -0.28, -0.27, -0.26, -0.26, -0.05, -0.06, -0.08, -0.13, -0.14, -0.06, -0.03, -0.05, -0.06, 0.43, 0.75, 0.42, 0.35, 0.02, 0.12, 0.02, -0.1, -0.15, -0.08, -0.04, -0.04, -0.06, -0.08, -0.11, -0.16, -0.16, -0.13, -0.03, 0.22, 0.36, 0.58, 0.44, 0.38, 0.41, 0.14, 0.06, -0.02, -0.06, -0.04, -0.02, 0.19, 0.16, 0.13, -0.11, -0.18, -0.23, -0.14, -0.05, 0.37, 0.44, 0.51, 0.44, 0.4, 0.42, 0.16, 0.09, 0.04, 0.01, 0.0, 0.01, 0.2, 0.17, 0.14, 0.08, -0.06, -0.44, 0.04, 0.28, 0.15, 0.47, 0.61, 0.46, 0.44, 0.44, 0.16, 0.11, 0.07, 0.04, 0.03, 0.03, 0.21, 0.19, 0.17, 0.13, 0.07, 0.04, 0.22, 0.42, 0.49, 0.58, 0.61, 0.39, 0.38, 0.45, 0.15, 0.12, 0.09, -0.19, -0.2, -0.21, 0.23, 0.22, 0.22, 0.21, 0.23, 0.32, 0.46, 0.48, 0.49, 0.43, 0.57, 0.41, 0.39, -0.0, -0.03, -0.19, -0.21, -0.22, -0.23, -0.23, 0.25, 0.25, 0.26, 0.28, 0.33, 0.45, 0.65, 0.5, 0.46, 0.43, 0.58, 0.13, 0.06, 0.01, -0.13, -0.26, -0.26, -0.26, -0.26, -0.25, 0.26, 0.27, 0.29, 0.31, 0.36, 0.43, 0.49, 0.45, 0.4, 0.35, 0.32, -0.2, -0.03, -0.1, -0.15, -0.34, -0.33, -0.31, -0.29, -0.28, 0.28, 0.29, -0.01, 0.02, 0.06, 0.36, 0.35, 0.31, 0.27, 0.24, -0.22, -0.28, -0.35, -0.47, -0.49, 0.05, 0.18, 0.3, 0.25, 0.31, -0.05, -0.04, -0.03, -0.01, 0.28, 0.25, 0.2, 0.14, 0.1, 0.1, -0.3, -0.35, -0.42, -0.52, -0.36, -0.44, -0.34, -0.26, -0.21, -0.18, -0.06, -0.05, -0.05, -0.05, 0.2, 0.15, 0.06, -0.06, -0.13, -0.31, -0.32, -0.39, -0.46, -0.37, -0.68, -0.47, -0.32, -0.23, -0.18, -0.15, -0.07, -0.07, -0.07, 0.19, 0.14, 0.07, -0.05, -0.24, -0.47, -0.38, -0.67, -0.7, -0.11, -0.23, -0.49, -0.37, -0.25, -0.17, -0.13, -0.12, -0.08, -0.08, -0.23, -0.25, -0.27, -0.31, -0.36, -0.42, -0.59, -0.64, -0.68, -0.71, 0.03, 0.02, -0.27, -0.2, -0.12, -0.08, -0.07, -0.07, -0.25, -0.26, -0.28, -0.3, -0.32, -0.36, -0.39, -0.43, -0.66, -0.68, -0.71, -0.72, 0.19, -0.15, -0.1, -0.02, 0.04, 0.04, 0.01, -0.03, -0.28, -0.29, -0.31, -0.34, -0.37, -0.4, -0.44, -0.69, -0.72, -0.73, -0.74, -0.75, 0.19, -0.04, 0.05, 0.16, 0.24, 0.18, 0.07, -0.01, -0.31, -0.32, -0.35, -0.7, -0.7, -0.71, -0.72, -0.73, -0.75, -0.76, -0.75, 0.05, -0.18, 0.03, 0.15, 0.35, 0.6, 0.34, 0.06, -0.03, -0.7, -0.7, -0.71, -0.71, -0.72, -0.73, -0.74, -0.77, -0.8, -0.82, -0.8, -0.05, -0.23, -0.07, 0.11, 0.38, 1.35, 0.05, -0.1, -0.1, -0.7, -0.71, -0.71, -0.72, -0.73, -0.74, -0.76, -0.8, -0.86, -0.9, -0.83, -0.15, 0.16, -0.13, 0.0, 0.08, -0.25, -0.81, -0.29, -0.17, -0.71, -0.71, -0.71, -0.72, -0.73, -0.74, -0.76, -0.79, -0.85, -0.89, -0.47, -0.2, 0.07, -0.19, -0.11, -0.05, -0.23, -0.36, -0.28, -0.19, -0.71, -0.71, -0.71, -0.72, -0.73, -0.74, -0.75, -0.77, -0.79, -0.79, -0.39, -0.22, -0.0, -0.12, -0.09, -0.11, -0.17, -0.22, -0.2, -0.16, -0.71, -0.71, -0.71, -0.72, -0.72, -0.73, -0.74, -0.74, -0.73, -0.42, -0.38, -0.92, -1.03, -1.14, -0.14, -0.14, -0.16, -0.17, -0.17, -0.15, -0.71, -0.71, -0.71, -0.72, -0.72, -0.72, -0.72, -0.72, -0.7, -0.44, -0.68, -0.84, -0.98, -1.1, -0.18, -0.16, -0.16, -0.16, -0.15, -0.14, -0.71, -0.71, -0.71, -0.71, -0.71, -0.71, -0.71, -0.7, -0.87, -0.78, -0.73, -0.84, -0.96, -1.07, -0.2, -0.17, -0.16, -0.15, -0.15, -0.14, -0.71, -0.71, -0.71, -0.71, -0.71, -0.71, -0.7, -0.69, -0.9, -0.85, -0.85, -0.9, -0.98, -1.06, -0.21, -0.18, -0.17, -0.16, -0.15, -0.14, -0.7, -0.71, -0.71, -0.71, -0.71, -0.7, -0.7, -0.96, -0.93, -0.92, -0.92, -0.95, -1.01, -1.07, -0.21, -0.19, -0.17, -0.16, -0.15, -0.14]}, {"header": {"refTime": "2023-09-03T08:00:00.000Z", "nx": 21, "ny": 33, "lo1": 113.509, "la1": 22.2235, "lo2": 113.5947, "la2": 22.1034, "dx": 0.0042850000000001385, "dy": 0.003753125000000024, "parameterCategory": 0, "parameterCategoryName": "Temperature", "parameterNumber": 0}, "data": [[27.5, 27.5, 27.5, 27.3, 27.32, 27.5, 27.51, 27.52, 27.53, 27.46, 27.45, 27.44, 27.55, 27.55, 27.51, 27.5, 27.44, 27.43, 27.43, 27.42], [27.5, 27.5, 27.5, 27.5, 27.31, 27.34, 27.51, 27.53, 27.54, 27.48, 27.46, 27.45, 27.55, 27.55, 27.51, 27.45, 27.44, 27.43, 27.42, 27.42], [27.5, 27.5, 27.5, 27.5, 27.31, 27.33, 27.37, 27.54, 27.59, 27.5, 27.46, 27.45, 27.55, 27.55, 27.46, 27.45, 27.43, 27.42, 27.42, 27.41], [27.5, 27.5, 27.5, 27.5, 27.5, 27.31, 27.34, 27.4, 27.45, 27.47, 27.44, 27.45, 27.56, 27.42, 27.47, 27.44, 27.42, 27.41, 27.41, 27.41], [27.51, 27.5, 27.5, 27.5, 27.49, 27.28, 27.3, 27.31, 27.31, 27.4, 27.4, 27.42, 27.53, 27.44, 27.46, 27.43, 27.41, 27.4, 27.39, 27.4], [27.51, 27.51, 27.5, 27.5, 27.49, 27.47, 27.25, 27.24, 27.23, 27.19, 27.28, 27.37, 27.46, 27.53, 27.45, 27.42, 27.38, 27.37, 27.38, 27.39], [27.48, 27.51, 27.51, 27.5, 27.49, 27.46, 27.25, 27.2, 27.18, 27.1, 27.09, 27.29, 27.49, 27.5, 27.43, 27.4, 27.35, 27.33, 27.36, 27.37], [27.49, 27.49, 27.49, 27.49, 27.48, 27.32, 27.27, 27.22, 27.18, 27.08, 26.98, 27.25, 27.25, 27.5, 27.34, 27.35, 27.33, 27.32, 27.33, 27.34], [27.41, 27.42, 27.51, 27.52, 27.52, 27.5, 27.44, 27.25, 27.1, 27.11, 27.09, 27.17, 27.2, 27.15, 27.34, 27.35, 27.34, 27.33, 27.34, 27.34], [27.7, 27.7, 27.7, 27.47, 27.5, 27.59, 27.53, 27.44, 27.03, 27.05, 27.2, 27.12, 27.15, 27.13, 27.34, 27.36, 27.35, 27.34, 27.34, 27.35], [27.7, 27.7, 27.7, 27.7, 27.7, 27.7, 27.7, 27.7, 27.52, 27.1, 26.9, 27.09, 27.11, 27.11, 27.34, 27.36, 27.35, 27.35, 27.35, 27.35], [27.7, 27.7, 27.7, 27.7, 27.7, 27.7, 27.7, 27.7, 27.7, -999.0, 26.9, 27.4, 27.4, 27.1, 27.34, 27.36, 27.36, 26.73, 26.75, 26.75], [27.7, 27.7, 27.7, 27.7, 27.7, 27.7, 27.7, 27.7, 27.7, 27.7, -999.0, 27.4, 27.4, 26.68, 27.0, 26.94, 26.94, 26.82, 26.84, 26.85], [27.7, 27.7, 27.7, 27.7, 27.7, 27.7, 27.7, 27.7, 27.7, 27.7, -999.0, 26.3, 26.3, 26.3, 26.9, 26.85, 26.87, 26.74, 26.77, 26.79], [27.7, 27.7, 27.7, 27.7, 27.7, 27.7, 27.7, 27.6, 27.6, 27.6, 27.6, 27.1, 26.3, 26.3, 26.3, 26.76, 26.79, 26.67, 26.71, 26.74], [27.7, 27.7, 27.64, 27.64, 27.63, 27.6, 27.6, 27.6, 27.6, 27.6, 26.78, 26.87, 26.75, 26.64, 26.76, 26.7, 26.76, 26.66, 26.86, 26.9], [27.64, 27.64, 27.66, 27.66, 27.6, 27.6, 27.6, 27.6, 27.6, 27.6, 27.04, 26.88, 26.71, 26.55, 26.58, 26.56, 26.65, 26.72, 26.77, 26.8], [27.66, 27.66, 27.66, 27.66, 27.6, 27.6, 27.6, 27.6, 27.6, 27.27, 27.1, 26.9, 26.7, 26.59, 26.34, 26.53, 26.66, 26.74, 26.79, 26.82], [27.66, 27.66, 27.66, 27.6, 27.6, 27.6, 27.6, 27.6, 27.48, 27.35, 27.21, 27.04, 26.86, 26.68, 26.51, 26.6, 26.71, 26.78, 26.83, 26.85], [27.66, 27.66, 27.54, 27.55, 27.55, 27.55, 27.56, 27.58, 27.47, 27.36, 27.23, 27.09, 26.93, 26.83, 26.68, 26.73, 26.8, 26.85, 26.88, 26.89], [27.54, 27.54, 27.54, 27.56, 27.56, 27.56, 27.57, 27.57, 27.37, 27.32, 27.23, 27.13, 27.01, 26.78, 26.81, 26.86, 26.9, 26.93, 26.94, 26.93], [27.55, 27.55, 27.55, 27.56, 27.56, 27.56, 27.56, 27.55, 27.34, 27.3, 27.25, 27.18, 27.04, 26.87, 26.91, 26.96, 27.01, 27.01, 26.99, 26.97], [27.55, 27.55, 27.55, 27.54, 27.54, 27.54, 27.54, 27.54, 27.53, 27.53, 27.53, 27.5, 27.29, 26.93, 26.98, 27.05, 27.12, 27.09, 27.04, 27.0], [27.54, 27.54, 27.54, 27.53, 27.53, 27.53, 27.53, 27.53, 27.52, 27.52, 27.52, 27.48, 27.29, 27.26, 27.23, 27.09, 27.26, 27.1, 27.04, 27.01], [27.53, 27.53, 27.53, 27.53, 27.53, 27.53, 27.52, 27.52, 27.51, 27.51, 27.51, 27.48, 27.47, 27.26, 27.23, 27.2, 27.06, 27.01, 27.03, 27.01], [27.53, 27.53, 27.53, 27.53, 27.53, 27.52, 27.52, 27.52, 27.51, 27.51, 27.49, 27.48, 27.47, 27.26, 27.23, 27.19, 27.15, 27.13, 27.02, 27.01], [27.53, 27.53, 27.53, 27.53, 27.53, 27.52, 27.52, 27.52, 27.51, 27.51, 27.49, 27.48, 27.48, 27.27, 27.24, 27.21, 27.18, 27.17, 27.18, 27.18], [27.53, 27.53, 27.53, 27.53, 27.52, 27.52, 27.52, 27.52, 27.51, 27.49, 27.49, 27.41, 27.37, 27.32, 27.26, 27.23, 27.21, 27.2, 27.2, 27.2], [27.53, 27.53, 27.53, 27.52, 27.52, 27.52, 27.52, 27.51, 27.51, 27.49, 27.48, 27.43, 27.38, 27.34, 27.28, 27.25, 27.23, 27.22, 27.21, 27.21], [27.53, 27.53, 27.53, 27.52, 27.52, 27.52, 27.52, 27.51, 27.43, 27.45, 27.46, 27.43, 27.39, 27.35, 27.29, 27.26, 27.25, 27.23, 27.23, 27.22], [27.53, 27.53, 27.52, 27.52, 27.52, 27.52, 27.52, 27.52, 27.42, 27.43, 27.43, 27.41, 27.38, 27.35, 27.3, 27.27, 27.26, 27.25, 27.24, 27.23], [27.53, 27.53, 27.52, 27.52, 27.52, 27.52, 27.52, 27.4, 27.41, 27.41, 27.4, 27.39, 27.37, 27.35, 27.3, 27.28, 27.27, 27.26, 27.25, 27.24]]}]