gis_exercise/awsData/contour/wdir_2023090607.json
[{"header": {"refTime": "2023-09-06T07:00:00.000Z", "nx": 21, "ny": 33, "lo1": 113.509, "la1": 22.2235, "lo2": 113.5947, "la2": 22.1034, "dx": 0.0042850000000001385, "dy": 0.003753125000000024, "parameterCategory": 2, "parameterCategoryName": "Temperature", "parameterNumber": 2}, "data": [0.59, 0.58, 0.56, 0.71, 0.67, 0.24, 0.21, 0.19, 0.17, 0.17, 0.16, 0.15, 0.24, 0.26, 0.26, 0.32, 0.8, 0.84, 0.87, 0.89, 0.59, 0.58, 0.57, 0.55, 0.68, 0.63, 0.22, 0.18, 0.15, 0.16, 0.15, 0.13, 0.21, 0.23, 0.24, 0.74, 0.81, 0.86, 0.9, 0.92, 0.6, 0.59, 0.58, 0.57, 0.7, 0.65, 0.56, 0.17, 0.1, 0.15, 0.14, 0.1, 0.16, 0.19, 0.63, 0.74, 0.83, 0.89, 0.93, 0.95, 0.61, 0.61, 0.6, 0.59, 0.57, 0.69, 0.62, 0.51, 0.4, 0.18, 0.15, 0.04, 0.06, 0.36, 0.6, 0.76, 0.88, 0.95, 0.98, 0.99, 0.62, 0.62, 0.62, 0.62, 0.61, 0.76, 0.73, 0.69, 0.68, 0.27, 0.19, 0.28, -0.14, 0.27, 0.62, 0.82, 0.96, 1.03, 1.05, 1.04, 0.63, 0.64, 0.64, 0.64, 0.65, 0.66, 0.84, 0.86, 0.88, 0.91, 0.77, 0.51, 0.21, 0.75, 0.73, 0.93, 1.09, 1.16, 1.13, 1.09, 1.1, 0.65, 0.66, 0.67, 0.68, 0.71, 1.05, 0.99, 1.02, 1.3, 1.34, 0.96, 1.21, 1.2, 0.88, 1.04, 1.25, 1.33, 1.38, 1.35, 1.1, 1.09, 1.08, 1.03, 1.03, 0.98, 1.03, 1.1, 1.21, 1.29, 1.29, 1.77, 1.86, 1.58, 2.0, 1.87, 1.69, 1.63, 1.73, 1.79, 1.1, 1.08, 1.06, 1.04, 0.99, 1.0, 1.06, 1.06, 1.26, 1.31, 1.76, 1.99, 2.3, 2.15, 2.07, 1.94, 1.82, 1.77, 1.79, 1.82, 1.21, 1.19, 1.16, 1.02, 0.95, 0.9, 1.0, 1.12, 1.33, 1.32, 1.93, 2.15, 2.42, 2.22, 2.12, 2.0, 1.91, 1.86, 1.85, 1.86, 1.22, 1.2, 1.17, 1.12, 1.0, 0.65, 1.08, 1.3, 1.25, 1.38, 1.94, 2.1, 2.18, 2.15, 2.12, 2.03, 1.96, 1.92, 1.9, 1.89, 1.23, 1.22, 1.2, 1.17, 1.11, 1.08, 1.25, 1.42, 1.48, 1.87, 1.9, 2.11, 2.17, 2.09, 2.11, 2.05, 1.99, 2.21, 2.18, 2.17, 1.25, 1.24, 1.24, 1.24, 1.25, 1.34, 1.46, 1.47, 1.48, 1.43, 1.97, 2.05, 2.1, 2.41, 2.41, 2.34, 2.3, 2.26, 2.24, 2.22, 1.27, 1.27, 1.28, 1.29, 1.34, 1.44, 1.62, 1.49, 1.45, 1.43, 1.94, 2.28, 2.35, 2.39, 2.42, 2.37, 2.34, 2.31, 2.28, 2.26, 1.28, 1.29, 1.3, 1.33, 1.37, 1.43, 1.48, 1.34, 1.26, 1.2, 1.16, 1.49, 2.36, 2.4, 2.43, 2.41, 2.38, 2.35, 2.32, 2.3, 1.29, 1.3, 0.88, 0.91, 0.94, 1.22, 1.2, 1.15, 1.09, 1.05, 1.32, 1.48, 1.67, 2.09, 2.17, 2.66, 2.67, 2.68, 2.35, 2.33, 0.83, 0.83, 0.84, 0.85, 1.1, 1.06, 1.0, 0.91, 0.85, 0.86, 1.23, 1.47, 1.73, 2.01, 2.3, 2.49, 2.45, 2.42, 2.4, 2.38, 0.81, 0.8, 0.8, 0.79, 0.99, 0.92, 0.8, 0.63, 0.54, 0.86, 1.15, 1.43, 1.76, 2.26, 2.54, 2.5, 2.45, 2.42, 2.39, 2.38, 0.78, 0.77, 0.76, 0.98, 0.91, 0.81, 0.65, 0.38, 0.2, 0.68, 0.83, 1.16, 1.91, 2.18, 2.51, 2.47, 2.43, 2.4, 2.38, 2.36, 0.76, 0.75, 0.69, 0.65, 0.61, 0.54, 0.43, 0.29, 0.29, 0.53, 0.8, 1.08, 1.85, 2.07, 2.45, 2.43, 2.4, 2.38, 2.36, 2.35, 0.7, 0.68, 0.66, 0.62, 0.58, 0.52, 0.45, 0.38, 0.51, 0.63, 0.8, 1.0, 1.83, 2.41, 2.4, 2.39, 2.38, 2.36, 2.34, 2.33, 0.68, 0.66, 0.63, 0.61, 0.57, 0.53, 0.48, 0.32, 0.62, 0.69, 0.8, 0.94, 1.95, 2.38, 2.38, 2.37, 2.37, 2.34, 2.32, 2.31, 0.66, 0.64, 0.62, 0.41, 0.4, 0.39, 0.39, 0.39, 0.4, 0.41, 0.42, 0.93, 1.6, 2.36, 2.35, 2.37, 2.4, 2.33, 2.29, 2.28, 0.44, 0.43, 0.43, 0.43, 0.43, 0.43, 0.43, 0.44, 0.45, 0.46, 0.47, 1.15, 1.55, 1.75, 1.94, 2.35, 2.53, 2.23, 2.23, 2.25, 0.45, 0.45, 0.45, 0.45, 0.46, 0.46, 0.47, 0.48, 0.48, 0.48, 0.49, 1.08, 1.29, 1.72, 1.9, 2.04, 2.16, 2.02, 2.18, 2.23, 0.46, 0.47, 0.47, 0.48, 0.48, 0.49, 0.5, 0.51, 0.51, 0.5, 0.86, 1.06, 1.25, 1.68, 1.84, 2.01, 2.02, 2.0, 2.19, 2.23, 0.48, 0.48, 0.49, 0.5, 0.51, 0.52, 0.53, 0.55, 0.56, 0.58, 0.95, 1.07, 1.21, 1.76, 1.86, 1.93, 1.97, 1.98, 1.98, 1.98, 0.49, 0.49, 0.5, 0.51, 0.53, 0.54, 0.56, 0.59, 0.63, 0.96, 0.99, 0.91, 0.95, 1.02, 1.79, 1.87, 1.91, 1.93, 1.94, 1.95, 0.5, 0.5, 0.51, 0.53, 0.54, 0.56, 0.59, 0.62, 0.68, 0.98, 0.92, 0.93, 0.96, 1.01, 1.73, 1.81, 1.86, 1.89, 1.91, 1.92, 0.51, 0.51, 0.52, 0.54, 0.55, 0.58, 0.6, 0.64, 0.9, 0.91, 0.93, 0.94, 0.96, 1.0, 1.68, 1.76, 1.81, 1.85, 1.87, 1.89, 0.51, 0.52, 0.53, 0.55, 0.56, 0.58, 0.61, 0.64, 0.91, 0.92, 0.93, 0.94, 0.97, 1.0, 1.66, 1.73, 1.78, 1.82, 1.84, 1.86, 0.52, 0.53, 0.54, 0.55, 0.57, 0.59, 0.61, 0.92, 0.92, 0.93, 0.94, 0.95, 0.97, 1.0, 1.65, 1.71, 1.76, 1.79, 1.82, 1.84]}, {"header": {"refTime": "2023-09-06T07:00:00.000Z", "nx": 21, "ny": 33, "lo1": 113.509, "la1": 22.2235, "lo2": 113.5947, "la2": 22.1034, "dx": 0.0042850000000001385, "dy": 0.003753125000000024, "parameterCategory": 2, "parameterCategoryName": "Temperature", "parameterNumber": 3}, "data": [-0.47, -0.46, -0.45, -0.46, -0.44, -0.51, -0.47, -0.42, -0.41, -0.37, -0.45, -0.52, -0.64, -0.68, -0.82, -0.86, -1.14, -1.14, -1.15, -1.15, -0.48, -0.47, -0.46, -0.44, -0.44, -0.4, -0.43, -0.34, -0.29, -0.31, -0.44, -0.54, -0.68, -0.72, -0.85, -1.13, -1.14, -1.15, -1.16, -1.16, -0.49, -0.48, -0.47, -0.45, -0.46, -0.42, -0.34, -0.28, -0.03, -0.26, -0.46, -0.6, -0.74, -0.77, -1.12, -1.14, -1.15, -1.16, -1.16, -1.17, -0.5, -0.5, -0.49, -0.48, -0.46, -0.46, -0.4, -0.3, -0.2, -0.34, -0.53, -0.7, -0.85, -0.97, -1.12, -1.14, -1.16, -1.17, -1.18, -1.18, -0.51, -0.51, -0.51, -0.5, -0.5, -0.52, -0.5, -0.46, -0.44, -0.48, -0.62, -0.98, -1.05, -0.99, -1.12, -1.15, -1.18, -1.19, -1.2, -1.19, -0.52, -0.53, -0.53, -0.53, -0.54, -0.55, -0.6, -0.62, -0.62, -0.6, -0.87, -0.94, -1.0, -1.04, -1.12, -1.17, -1.21, -1.23, -1.22, -1.2, -0.54, -0.54, -0.54, -0.55, -0.57, -0.6, -0.83, -0.77, -0.79, -0.85, -0.8, -0.88, -1.01, -1.02, -1.12, -1.18, -1.26, -1.28, -1.25, -1.23, -0.53, -0.53, -0.55, -0.63, -0.65, -0.77, -0.82, -0.92, -1.03, -0.83, -0.71, -0.87, -0.9, -1.0, -1.09, -1.16, -1.24, -1.27, -1.22, -1.19, -0.51, -0.52, -0.52, -0.53, -0.61, -0.63, -0.68, -0.85, -0.83, -0.86, -0.82, -0.89, -0.95, -0.92, -1.08, -1.13, -1.18, -1.21, -1.2, -1.18, -0.27, -0.28, -0.29, -0.5, -0.51, -0.57, -0.6, -0.63, -0.69, -0.68, -0.86, -0.91, -0.96, -0.93, -1.08, -1.11, -1.15, -1.17, -1.17, -1.17, -0.27, -0.27, -0.29, -0.31, -0.36, -0.49, -0.33, -0.27, -0.52, -0.59, -0.65, -0.9, -0.92, -0.91, -1.08, -1.1, -1.13, -1.14, -1.15, -1.15, -0.26, -0.26, -0.27, -0.28, -0.31, -0.32, -0.26, -0.24, -0.24, -0.35, -0.6, -0.76, -0.8, -0.9, -1.08, -1.1, -1.11, -1.23, -1.24, -1.24, -0.25, -0.25, -0.25, -0.25, -0.24, -0.2, -0.14, -0.19, -0.22, -0.22, -0.4, -0.71, -0.76, -1.08, -1.09, -1.22, -1.23, -1.23, -1.24, -1.24, -0.24, -0.24, -0.24, -0.23, -0.2, -0.14, -0.03, -0.14, -0.19, -0.21, -0.37, -0.82, -0.88, -0.93, -1.12, -1.23, -1.23, -1.24, -1.24, -1.24, -0.24, -0.23, -0.23, -0.21, -0.19, -0.15, -0.13, -0.06, -0.08, -0.09, -0.09, -0.56, -0.92, -0.97, -1.01, -1.24, -1.25, -1.24, -1.24, -1.24, -0.23, -0.23, -0.15, -0.14, -0.13, -0.05, -0.05, -0.06, -0.06, -0.07, -0.49, -0.59, -0.71, -0.98, -1.03, -1.1, -1.06, -1.03, -1.08, -1.07, -0.15, -0.15, -0.14, -0.13, -0.05, -0.05, -0.05, -0.05, -0.05, -0.06, -0.48, -0.62, -0.78, -0.95, -1.06, -0.97, -0.84, -0.74, -0.67, -0.62, -0.15, -0.14, -0.13, -0.12, -0.05, -0.05, -0.04, -0.04, -0.03, -0.26, -0.4, -0.62, -0.81, -1.05, -1.28, -1.01, -0.83, -0.71, -0.64, -0.59, -0.14, -0.13, -0.13, -0.05, -0.05, -0.04, -0.04, -0.02, -0.06, -0.22, -0.35, -0.51, -0.8, -0.96, -1.03, -0.9, -0.76, -0.65, -0.59, -0.55, -0.14, -0.13, 0.06, 0.06, 0.05, 0.05, 0.04, 0.03, -0.1, -0.2, -0.32, -0.45, -0.73, -0.83, -0.8, -0.73, -0.64, -0.57, -0.52, -0.49, 0.06, 0.06, 0.06, 0.06, 0.06, 0.06, 0.05, 0.05, -0.16, -0.21, -0.29, -0.39, -0.67, -0.66, -0.63, -0.57, -0.51, -0.47, -0.44, -0.43, 0.07, 0.07, 0.07, 0.07, 0.07, 0.07, 0.07, -0.0, -0.17, -0.19, -0.25, -0.33, -0.55, -0.55, -0.5, -0.45, -0.4, -0.37, -0.37, -0.37, 0.07, 0.07, 0.07, -0.03, -0.02, -0.01, -0.0, 0.01, 0.02, 0.02, 0.01, -0.04, -0.02, -0.47, -0.41, -0.36, -0.32, -0.29, -0.29, -0.32, -0.04, -0.04, -0.03, -0.03, -0.02, -0.01, -0.0, 0.02, 0.04, 0.05, 0.03, -0.11, -0.01, -0.05, -0.08, -0.3, -0.33, -0.17, -0.22, -0.27, -0.04, -0.04, -0.04, -0.03, -0.03, -0.02, -0.0, 0.02, 0.07, 0.12, 0.05, -0.1, -0.16, -0.04, -0.07, -0.09, -0.13, -0.04, -0.18, -0.25, -0.05, -0.05, -0.04, -0.04, -0.04, -0.03, -0.02, 0.01, 0.06, 0.1, -0.03, -0.11, -0.17, -0.03, -0.05, -0.14, -0.1, -0.08, -0.2, -0.25, -0.05, -0.05, -0.05, -0.05, -0.05, -0.04, -0.04, -0.03, -0.02, -0.02, -0.11, -0.16, -0.19, -0.2, -0.18, -0.15, -0.13, -0.11, -0.12, -0.13, -0.06, -0.06, -0.06, -0.06, -0.06, -0.06, -0.06, -0.07, -0.09, -0.18, -0.21, -0.12, -0.07, -0.03, -0.19, -0.17, -0.15, -0.14, -0.14, -0.14, -0.06, -0.06, -0.06, -0.07, -0.07, -0.08, -0.09, -0.11, -0.15, -0.26, -0.29, -0.18, -0.11, -0.06, -0.2, -0.18, -0.16, -0.15, -0.15, -0.15, -0.06, -0.07, -0.07, -0.07, -0.08, -0.09, -0.1, -0.13, -0.15, -0.21, -0.26, -0.19, -0.12, -0.07, -0.21, -0.19, -0.18, -0.17, -0.16, -0.16, -0.07, -0.07, -0.08, -0.08, -0.09, -0.1, -0.11, -0.14, -0.14, -0.17, -0.18, -0.15, -0.11, -0.08, -0.21, -0.2, -0.19, -0.18, -0.17, -0.17, -0.07, -0.07, -0.08, -0.08, -0.09, -0.1, -0.12, -0.1, -0.12, -0.13, -0.14, -0.12, -0.1, -0.07, -0.22, -0.2, -0.19, -0.18, -0.18, -0.17]}, {"header": {"refTime": "2023-09-06T07:00:00.000Z", "nx": 21, "ny": 33, "lo1": 113.509, "la1": 22.2235, "lo2": 113.5947, "la2": 22.1034, "dx": 0.0042850000000001385, "dy": 0.003753125000000024, "parameterCategory": 0, "parameterCategoryName": "Temperature", "parameterNumber": 0}, "data": [[29.04, 29.03, 29.02, 28.8, 28.8, 29.1, 29.09, 29.07, 29.08, 29.08, 29.15, 29.21, 29.49, 29.53, 29.55, 29.57, 29.81, 29.81, 29.8, 29.8], [29.05, 29.04, 29.03, 29.01, 28.8, 28.8, 29.06, 29.02, 29.0, 29.04, 29.15, 29.24, 29.53, 29.57, 29.59, 29.82, 29.81, 29.8, 29.8, 29.79], [29.05, 29.05, 29.03, 29.02, 28.81, 28.8, 28.8, 28.98, 28.85, 29.01, 29.17, 29.3, 29.6, 29.63, 29.84, 29.82, 29.81, 29.8, 29.79, 29.79], [29.07, 29.06, 29.05, 29.03, 29.01, 28.81, 28.81, 28.8, 28.8, 29.06, 29.22, 29.41, 29.71, 29.67, 29.84, 29.82, 29.8, 29.79, 29.78, 29.78], [29.08, 29.07, 29.06, 29.05, 29.03, 28.81, 28.81, 28.81, 28.8, 29.11, 29.26, 29.69, 29.87, 29.72, 29.84, 29.81, 29.79, 29.78, 29.77, 29.77], [29.09, 29.09, 29.08, 29.07, 29.06, 29.03, 28.82, 28.82, 28.81, 28.79, 29.42, 29.6, 29.75, 29.9, 29.82, 29.79, 29.77, 29.75, 29.76, 29.77], [29.23, 29.11, 29.11, 29.1, 29.09, 29.07, 29.0, 28.83, 28.83, 28.96, 28.99, 29.45, 29.83, 29.85, 29.8, 29.78, 29.74, 29.73, 29.76, 29.77], [29.24, 29.25, 29.25, 29.24, 29.23, 29.08, 29.02, 28.95, 28.92, 28.93, 28.83, 29.39, 29.4, 29.85, 29.7, 29.7, 29.7, 29.7, 29.7, 29.7], [29.16, 29.17, 29.27, 29.28, 29.28, 29.26, 29.19, 29.0, 28.84, 28.99, 29.08, 29.23, 29.3, 29.21, 29.7, 29.7, 29.7, 29.7, 29.7, 29.7], [29.5, 29.5, 29.5, 29.22, 29.26, 29.36, 29.29, 29.19, 28.79, 28.8, 29.31, 29.14, 29.19, 29.17, 29.7, 29.7, 29.7, 29.7, 29.7, 29.7], [29.5, 29.5, 29.5, 29.5, 29.5, 29.5, 29.5, 29.5, 29.29, 28.83, 28.7, 29.08, 29.13, 29.13, 29.7, 29.7, 29.7, 29.7, 29.7, 29.7], [29.5, 29.5, 29.5, 29.5, 29.5, 29.5, 29.5, 29.5, 29.5, -999.0, 28.7, 29.7, 29.7, 29.1, 29.7, 29.7, 29.7, 28.68, 28.7, 28.71], [29.5, 29.5, 29.5, 29.5, 29.5, 29.5, 29.5, 29.5, 29.5, 29.5, -999.0, 29.7, 29.7, 28.52, 29.04, 29.04, 29.06, 28.84, 28.87, 28.89], [29.5, 29.5, 29.5, 29.5, 29.5, 29.5, 29.5, 29.5, 29.5, 29.5, -999.0, 27.9, 27.9, 27.9, 28.89, 28.89, 28.92, 28.7, 28.75, 28.78], [29.5, 29.5, 29.5, 29.5, 29.5, 29.5, 29.5, 28.2, 28.2, 28.2, 28.2, 28.08, 27.9, 27.9, 27.9, 28.72, 28.78, 28.57, 28.63, 28.69], [29.5, 29.5, 28.68, 28.67, 28.64, 28.2, 28.2, 28.2, 28.2, 28.2, 28.01, 28.03, 28.0, 27.98, 28.01, 28.08, 28.11, 28.06, 28.5, 28.55], [28.67, 28.66, 29.04, 29.02, 28.2, 28.2, 28.2, 28.2, 28.2, 28.2, 28.07, 28.03, 27.99, 27.96, 27.99, 27.85, 27.83, 27.82, 27.81, 27.8], [29.04, 29.02, 29.0, 28.96, 28.2, 28.2, 28.2, 28.2, 28.2, 28.12, 28.08, 28.04, 27.99, 27.99, 27.91, 27.86, 27.83, 27.82, 27.8, 27.79], [29.01, 28.99, 28.96, 28.2, 28.2, 28.2, 28.2, 28.2, 28.17, 28.14, 28.1, 28.06, 28.07, 28.03, 27.86, 27.85, 27.83, 27.81, 27.8, 27.79], [28.99, 28.97, 28.14, 28.15, 28.15, 28.15, 28.16, 28.18, 28.16, 28.13, 28.1, 28.06, 28.1, 28.08, 27.84, 27.83, 27.82, 27.8, 27.79, 27.78], [28.14, 28.14, 28.14, 28.16, 28.16, 28.16, 28.17, 28.17, 28.13, 28.12, 28.09, 28.07, 28.13, 27.82, 27.82, 27.82, 27.81, 27.8, 27.78, 27.77], [28.15, 28.15, 28.15, 28.16, 28.16, 28.16, 28.16, 28.22, 28.11, 28.1, 28.09, 28.07, 28.12, 27.81, 27.81, 27.82, 27.83, 27.8, 27.77, 27.75], [28.15, 28.15, 28.15, 28.24, 28.23, 28.23, 28.22, 28.22, 28.21, 28.21, 28.21, 28.21, 27.87, 27.8, 27.81, 27.84, 27.89, 27.81, 27.74, 27.73], [28.25, 28.25, 28.25, 28.24, 28.24, 28.23, 28.22, 28.21, 28.19, 28.19, 28.2, 28.27, 27.88, 27.85, 27.83, 27.83, 28.09, 27.69, 27.67, 27.69], [28.25, 28.25, 28.25, 28.25, 28.24, 28.24, 28.23, 28.21, 28.17, 28.14, 28.19, 28.27, 28.3, 27.84, 27.8, 27.76, 27.6, 27.42, 27.61, 27.67], [28.26, 28.26, 28.26, 28.25, 28.25, 28.25, 28.24, 28.22, 28.19, 28.16, 28.24, 28.29, 28.31, 27.83, 27.79, 27.79, 27.69, 27.64, 27.62, 27.66], [28.26, 28.26, 28.26, 28.26, 28.26, 28.26, 28.25, 28.25, 28.24, 28.25, 28.3, 28.32, 28.33, 27.98, 27.9, 27.83, 27.77, 27.74, 27.74, 27.77], [28.27, 28.27, 28.27, 28.27, 28.27, 28.27, 28.28, 28.28, 28.3, 28.35, 28.37, 28.16, 28.06, 27.94, 27.95, 27.88, 27.83, 27.8, 27.79, 27.8], [28.27, 28.27, 28.27, 28.27, 28.28, 28.28, 28.29, 28.31, 28.34, 28.42, 28.41, 28.24, 28.11, 27.99, 27.99, 27.92, 27.88, 27.85, 27.84, 27.83], [28.27, 28.27, 28.28, 28.28, 28.29, 28.29, 28.31, 28.32, 28.21, 28.3, 28.35, 28.24, 28.12, 28.02, 28.01, 27.96, 27.91, 27.89, 27.87, 27.86], [28.28, 28.28, 28.28, 28.29, 28.29, 28.3, 28.31, 28.33, 28.19, 28.23, 28.24, 28.19, 28.11, 28.02, 28.03, 27.98, 27.94, 27.92, 27.9, 27.89], [28.28, 28.28, 28.28, 28.29, 28.29, 28.3, 28.31, 28.13, 28.15, 28.17, 28.17, 28.13, 28.08, 28.02, 28.04, 28.0, 27.96, 27.94, 27.92, 27.91]]}]