gis_exercise/awsData/contour/wdir_2023090823.json
[{"header": {"refTime": "2023-09-08T23:00:00.000Z", "nx": 21, "ny": 33, "lo1": 113.509, "la1": 22.2235, "lo2": 113.5947, "la2": 22.1034, "dx": 0.0042850000000001385, "dy": 0.003753125000000024, "parameterCategory": 2, "parameterCategoryName": "Temperature", "parameterNumber": 2}, "data": [-2.48, -2.46, -2.43, -2.24, -2.2, -2.6, -2.52, -2.45, -2.43, -2.27, -2.42, -2.56, -3.36, -3.46, -4.53, -4.74, -5.85, -5.95, -6.02, -6.08, -2.49, -2.47, -2.45, -2.41, -2.21, -2.16, -2.45, -2.29, -2.19, -2.17, -2.41, -2.62, -3.43, -3.54, -4.61, -5.73, -5.9, -6.02, -6.11, -6.16, -2.51, -2.5, -2.47, -2.44, -2.24, -2.18, -2.08, -2.16, -1.69, -2.08, -2.46, -2.75, -3.56, -3.65, -5.52, -5.77, -5.98, -6.14, -6.23, -6.27, -2.53, -2.52, -2.51, -2.48, -2.44, -2.24, -2.16, -2.02, -1.88, -2.21, -2.59, -2.97, -3.75, -3.87, -5.48, -5.84, -6.14, -6.32, -6.4, -6.41, -2.56, -2.55, -2.55, -2.53, -2.52, -2.34, -2.3, -2.25, -2.21, -2.41, -2.72, -3.84, -3.97, -3.92, -5.51, -5.99, -6.39, -6.61, -6.64, -6.57, -2.58, -2.58, -2.59, -2.59, -2.59, -2.61, -2.47, -2.5, -2.47, -2.4, -3.55, -3.8, -3.94, -5.05, -5.64, -6.24, -6.82, -7.06, -6.94, -6.75, -4.48, -2.61, -2.62, -2.64, -2.66, -2.7, -2.91, -2.76, -2.77, -3.12, -3.1, -3.78, -5.32, -5.42, -5.8, -6.5, -7.4, -7.74, -7.64, -7.43, -4.5, -4.44, -4.36, -4.38, -4.33, -2.85, -2.92, -3.08, -3.37, -3.01, -2.55, -4.79, -5.23, -5.79, -7.06, -7.43, -7.88, -8.04, -7.8, -7.64, -4.53, -4.46, -4.37, -4.24, -4.23, -4.22, -4.32, -2.97, -3.96, -3.2, -4.39, -5.39, -6.38, -5.9, -7.09, -7.34, -7.6, -7.71, -7.66, -7.57, -5.97, -5.86, -5.68, -4.23, -3.97, -3.9, -4.34, -4.8, -4.76, -4.47, -5.01, -5.8, -6.66, -6.06, -7.13, -7.27, -7.42, -7.51, -7.52, -7.49, -6.01, -5.9, -5.73, -5.42, -4.77, -2.88, -5.29, -6.57, -5.94, -5.37, -6.38, -5.62, -5.91, -5.84, -7.14, -7.23, -7.32, -7.39, -7.42, -7.42, -6.07, -5.99, -5.87, -5.68, -5.37, -5.22, -6.18, -7.35, -7.81, -8.33, -6.69, -7.28, -7.2, -5.63, -7.14, -7.2, -7.26, -7.08, -7.08, -7.07, -6.16, -6.12, -6.08, -6.05, -6.13, -6.53, -7.17, -7.5, -7.72, -7.36, -8.26, -7.36, -7.26, -5.93, -5.85, -6.78, -6.8, -6.83, -6.86, -6.88, -6.25, -6.25, -6.27, -6.35, -6.56, -7.06, -7.83, -7.43, -7.37, -7.25, -8.26, -7.06, -6.83, -6.64, -5.61, -6.45, -6.5, -6.57, -6.64, -6.7, -6.33, -6.35, -6.41, -6.52, -6.72, -7.03, -7.28, -6.92, -6.65, -6.42, -6.22, -4.8, -6.5, -6.26, -6.11, -6.07, -6.18, -6.31, -6.42, -6.52, -6.39, -6.43, -4.4, -4.54, -4.71, -6.34, -6.28, -6.08, -5.85, -5.71, -4.45, -4.43, -4.4, -4.24, -4.29, -5.05, -5.14, -5.24, -5.48, -5.57, -4.17, -4.21, -4.25, -4.3, -5.84, -5.68, -5.4, -5.02, -4.79, -4.84, -3.96, -4.11, -4.2, -4.22, -3.86, -4.07, -4.03, -4.01, -3.99, -3.97, -4.09, -4.09, -4.09, -4.05, -5.4, -5.07, -4.52, -3.78, -3.41, -3.05, -3.46, -3.86, -4.05, -3.82, -4.11, -4.08, -4.04, -4.01, -3.98, -3.97, -4.0, -3.98, -3.94, -5.33, -5.05, -4.61, -3.88, -2.69, -1.48, -2.53, -2.85, -3.28, -3.43, -3.74, -4.09, -4.06, -4.02, -4.0, -3.97, -3.96, -3.93, -3.88, -4.73, -4.57, -4.33, -3.97, -3.43, -2.65, -1.85, -2.42, -2.97, -3.35, -3.39, -3.65, -4.04, -4.03, -4.01, -3.98, -3.96, -3.94, -4.87, -4.79, -4.69, -4.54, -4.34, -4.07, -3.72, -3.36, -2.68, -2.94, -3.27, -3.52, -3.39, -4.01, -4.01, -4.01, -4.0, -3.98, -3.95, -3.92, -4.85, -4.78, -4.69, -4.58, -4.43, -4.27, -4.1, -2.99, -3.38, -3.53, -3.67, -3.77, -5.06, -3.99, -4.0, -4.02, -4.02, -3.98, -3.93, -3.9, -4.84, -4.79, -4.72, -3.18, -3.22, -3.27, -3.36, -3.51, -3.68, -3.79, -3.75, -4.31, -4.71, -3.97, -3.99, -4.05, -4.13, -4.0, -3.88, -3.86, -3.19, -3.21, -3.25, -3.3, -3.37, -3.49, -3.67, -3.95, -4.3, -4.47, -4.25, -4.89, -4.75, -4.52, -4.33, -4.02, -4.46, -3.8, -3.76, -3.8, -3.24, -3.27, -3.31, -3.38, -3.48, -3.63, -3.86, -4.24, -4.88, -5.4, -4.65, -4.85, -4.69, -4.53, -4.31, -4.11, -3.65, -3.35, -3.66, -3.76, -3.27, -3.31, -3.36, -3.43, -3.53, -3.68, -3.9, -4.25, -4.83, -5.29, -5.03, -4.68, -4.54, -4.54, -4.32, -3.53, -3.49, -3.44, -3.68, -3.75, -3.29, -3.33, -3.38, -3.45, -3.54, -3.66, -3.82, -4.02, -4.23, -4.26, -4.45, -4.31, -4.31, -3.26, -3.38, -3.44, -3.46, -3.46, -3.46, -3.47, -3.31, -3.34, -3.39, -3.44, -3.51, -3.59, -3.67, -3.72, -3.69, -3.89, -3.68, -3.48, -3.54, -3.52, -3.29, -3.36, -3.41, -3.43, -3.44, -3.44, -3.31, -3.35, -3.38, -3.42, -3.47, -3.51, -3.52, -3.49, -3.33, -3.23, -2.64, -3.13, -3.36, -3.44, -3.21, -3.3, -3.35, -3.39, -3.4, -3.42, -3.31, -3.34, -3.37, -3.4, -3.42, -3.43, -3.42, -3.35, -3.37, -3.01, -2.79, -3.07, -3.29, -3.39, -3.16, -3.25, -3.31, -3.35, -3.37, -3.39, -3.31, -3.33, -3.35, -3.37, -3.38, -3.38, -3.35, -3.28, -3.38, -3.2, -3.11, -3.19, -3.3, -3.38, -3.14, -3.21, -3.27, -3.31, -3.34, -3.36, -3.3, -3.32, -3.33, -3.34, -3.35, -3.34, -3.31, -3.53, -3.43, -3.33, -3.28, -3.3, -3.35, -3.39, -3.12, -3.19, -3.24, -3.28, -3.31, -3.34]}, {"header": {"refTime": "2023-09-08T23:00:00.000Z", "nx": 21, "ny": 33, "lo1": 113.509, "la1": 22.2235, "lo2": 113.5947, "la2": 22.1034, "dx": 0.0042850000000001385, "dy": 0.003753125000000024, "parameterCategory": 2, "parameterCategoryName": "Temperature", "parameterNumber": 3}, "data": [0.04, 0.04, 0.03, 0.5, 0.45, 0.39, 0.32, 0.25, 0.23, 0.26, 0.38, 0.49, 1.13, 1.22, 1.26, 1.37, 2.52, 2.57, 2.6, 2.62, 0.04, 0.04, 0.04, 0.03, 0.46, 0.38, 0.27, 0.13, 0.05, 0.15, 0.36, 0.52, 1.17, 1.27, 1.31, 2.46, 2.53, 2.59, 2.62, 2.65, 0.04, 0.05, 0.05, 0.04, 0.49, 0.41, 0.28, 0.04, -0.34, 0.07, 0.39, 0.59, 1.24, 1.32, 2.34, 2.46, 2.55, 2.62, 2.66, 2.68, 0.04, 0.05, 0.06, 0.06, 0.07, 0.48, 0.37, 0.19, 0.02, 0.22, 0.51, 0.73, 1.31, 1.69, 2.31, 2.48, 2.6, 2.68, 2.71, 2.72, 0.04, 0.05, 0.06, 0.08, 0.1, 0.59, 0.55, 0.49, 0.46, 0.47, 0.67, 1.61, 1.37, 1.66, 2.33, 2.55, 2.69, 2.76, 2.78, 2.77, 0.04, 0.04, 0.06, 0.09, 0.13, 0.19, 0.73, 0.76, 0.78, 0.8, 1.8, 1.76, 1.62, 2.28, 2.45, 2.66, 2.82, 2.89, 2.87, 2.82, 0.95, 0.03, 0.04, 0.07, 0.13, 0.23, 0.8, 0.99, 1.04, 1.7, 1.8, 2.1, 2.76, 2.7, 2.61, 2.77, 2.99, 3.07, 2.97, 2.9, 0.94, 0.9, 0.86, 1.07, 1.07, 0.54, 0.74, 1.04, 1.48, 1.62, 1.46, 2.94, 3.2, 3.03, 3.47, 3.41, 3.32, 3.29, 3.34, 3.37, 0.93, 0.88, 0.81, 0.73, 0.89, 0.93, 1.15, 0.83, 1.75, 1.74, 2.47, 3.01, 3.34, 3.18, 3.49, 3.43, 3.38, 3.36, 3.37, 3.38, 1.6, 1.51, 1.39, 0.64, 0.43, 0.49, 0.95, 1.45, 2.13, 2.03, 2.75, 3.07, 3.35, 3.19, 3.5, 3.46, 3.42, 3.4, 3.4, 3.4, 1.62, 1.54, 1.42, 1.2, 0.74, -0.6, 1.14, 2.11, 2.15, 2.42, 2.97, 3.0, 3.11, 3.1, 3.51, 3.47, 3.44, 3.43, 3.42, 3.42, 1.66, 1.6, 1.51, 1.37, 1.15, 1.05, 1.76, 2.72, 3.12, 3.56, 3.09, 3.67, 3.66, 3.02, 3.5, 3.48, 3.46, 2.67, 2.65, 2.64, 1.72, 1.68, 1.65, 1.62, 1.66, 1.92, 2.35, 2.75, 3.0, 2.7, 3.51, 3.68, 3.67, 2.74, 2.66, 2.53, 2.51, 2.52, 2.52, 2.53, 1.77, 1.77, 1.78, 1.82, 1.95, 2.25, 2.67, 2.58, 2.64, 2.57, 3.47, 2.85, 2.69, 2.56, 2.39, 2.29, 2.31, 2.35, 2.38, 2.41, 1.83, 1.84, 1.87, 1.94, 2.07, 2.25, 2.41, 3.02, 3.06, 3.07, 3.05, 2.25, 2.44, 2.26, 2.15, 2.02, 2.08, 2.16, 2.24, 2.3, 1.88, 1.9, 1.52, 1.59, 1.7, 2.93, 2.93, 2.93, 2.94, 2.95, 2.29, 2.09, 1.86, 1.61, 1.52, 2.11, 2.32, 2.53, 2.6, 2.74, 1.49, 1.53, 1.58, 1.64, 2.9, 2.87, 2.85, 2.81, 2.8, 2.82, 2.17, 1.96, 1.69, 1.37, 1.38, 1.62, 1.95, 2.22, 2.4, 2.53, 1.53, 1.57, 1.62, 1.68, 2.85, 2.81, 2.75, 2.66, 2.62, 2.07, 1.9, 1.9, 1.59, 1.37, 0.77, 1.51, 1.99, 2.3, 2.49, 2.62, 1.57, 1.6, 1.65, 2.85, 2.82, 2.76, 2.67, 2.52, 2.25, 2.1, 1.58, 1.36, 1.95, 1.64, 1.44, 1.8, 2.2, 2.48, 2.64, 2.73, 1.59, 1.63, 2.1, 2.11, 2.11, 2.12, 2.14, 2.18, 2.0, 1.79, 1.56, 1.38, 2.19, 2.08, 2.09, 2.29, 2.55, 2.73, 2.83, 2.88, 2.06, 2.06, 2.06, 2.05, 2.05, 2.04, 2.05, 2.06, 1.73, 1.63, 1.49, 1.37, 2.45, 2.48, 2.59, 2.77, 2.95, 3.04, 3.05, 3.03, 2.03, 2.02, 2.01, 1.99, 1.98, 1.96, 1.94, 1.56, 1.54, 1.48, 1.41, 1.33, 2.25, 2.8, 2.97, 3.19, 3.36, 3.36, 3.26, 3.17, 1.99, 1.98, 1.96, 1.41, 1.42, 1.42, 1.42, 1.4, 1.36, 1.33, 1.32, 2.51, 2.82, 3.03, 3.24, 3.54, 3.85, 3.67, 3.4, 3.26, 1.36, 1.36, 1.36, 1.36, 1.35, 1.34, 1.31, 1.27, 1.21, 1.18, 1.19, 1.98, 2.74, 3.08, 3.4, 3.69, 4.55, 3.61, 3.38, 3.28, 1.34, 1.33, 1.33, 1.31, 1.3, 1.27, 1.23, 1.18, 1.1, 1.04, 1.1, 1.83, 2.21, 3.01, 3.31, 3.53, 3.41, 3.05, 3.27, 3.26, 1.31, 1.3, 1.29, 1.28, 1.25, 1.22, 1.18, 1.13, 1.06, 1.02, 1.43, 1.72, 2.07, 2.94, 3.18, 3.28, 3.29, 3.23, 3.24, 3.23, 1.29, 1.28, 1.26, 1.24, 1.22, 1.18, 1.14, 1.1, 1.05, 1.02, 1.42, 1.62, 1.92, 2.7, 2.94, 3.1, 3.17, 3.19, 3.2, 3.19, 1.27, 1.26, 1.24, 1.22, 1.19, 1.15, 1.11, 1.06, 1.01, 1.26, 1.26, 1.02, 1.13, 1.25, 2.76, 2.94, 3.04, 3.1, 3.12, 3.13, 1.26, 1.24, 1.22, 1.2, 1.17, 1.13, 1.09, 1.04, 0.97, 1.1, 0.79, 0.94, 1.08, 1.2, 2.61, 2.8, 2.92, 2.99, 3.04, 3.06, 1.24, 1.23, 1.21, 1.18, 1.15, 1.12, 1.08, 1.03, 0.96, 0.88, 0.84, 0.95, 1.07, 1.17, 2.5, 2.69, 2.82, 2.9, 2.96, 2.99, 1.23, 1.22, 1.2, 1.17, 1.15, 1.11, 1.08, 1.03, 0.99, 0.95, 0.95, 1.0, 1.08, 1.17, 2.45, 2.61, 2.74, 2.82, 2.88, 2.92, 1.22, 1.21, 1.19, 1.17, 1.14, 1.12, 1.08, 1.05, 1.03, 1.01, 1.02, 1.05, 1.11, 1.17, 2.42, 2.57, 2.68, 2.76, 2.83, 2.87]}, {"header": {"refTime": "2023-09-08T23:00:00.000Z", "nx": 21, "ny": 33, "lo1": 113.509, "la1": 22.2235, "lo2": 113.5947, "la2": 22.1034, "dx": 0.0042850000000001385, "dy": 0.003753125000000024, "parameterCategory": 0, "parameterCategoryName": "Temperature", "parameterNumber": 0}, "data": [[26.08, 26.07, 26.07, 25.78, 25.78, 26.06, 26.06, 26.05, 26.05, 25.94, 25.96, 25.98, 26.28, 26.3, 26.32, 26.33, 26.5, 26.5, 26.5, 26.5], [26.09, 26.08, 26.07, 26.06, 25.78, 25.79, 26.04, 26.02, 26.01, 25.93, 25.96, 26.0, 26.3, 26.32, 26.34, 26.5, 26.5, 26.5, 26.5, 26.5], [26.09, 26.08, 26.08, 26.06, 25.78, 25.79, 25.81, 26.0, 25.93, 25.92, 25.97, 26.03, 26.33, 26.35, 26.5, 26.5, 26.5, 26.5, 26.5, 26.5], [26.1, 26.09, 26.09, 26.07, 26.06, 25.79, 25.8, 25.82, 25.83, 25.92, 25.98, 26.09, 26.39, 26.26, 26.5, 26.5, 26.5, 26.5, 26.5, 26.5], [26.11, 26.1, 26.1, 26.09, 26.07, 25.78, 25.79, 25.79, 25.78, 25.9, 25.97, 26.26, 26.41, 26.3, 26.5, 26.5, 26.5, 26.5, 26.5, 26.5], [26.12, 26.12, 26.11, 26.11, 26.09, 26.08, 25.79, 25.79, 25.76, 25.7, 26.04, 26.2, 26.32, 26.5, 26.5, 26.5, 26.5, 26.5, 26.5, 26.5], [26.22, 26.13, 26.13, 26.13, 26.12, 26.1, 25.92, 25.81, 25.79, 25.78, 25.74, 26.1, 26.5, 26.5, 26.5, 26.5, 26.5, 26.5, 26.5, 26.5], [26.23, 26.23, 26.23, 26.23, 26.22, 25.99, 25.96, 25.93, 25.95, 25.73, 25.5, 26.13, 26.14, 26.5, 26.5, 26.5, 26.5, 26.5, 26.5, 26.5], [26.17, 26.18, 26.25, 26.25, 26.26, 26.24, 26.19, 25.94, 25.78, 25.81, 25.76, 25.94, 26.02, 25.91, 26.5, 26.5, 26.5, 26.5, 26.5, 26.5], [26.4, 26.4, 26.4, 26.21, 26.24, 26.31, 26.26, 26.19, 25.6, 25.64, 26.03, 25.83, 25.89, 25.86, 26.5, 26.5, 26.5, 26.5, 26.5, 26.5], [26.4, 26.4, 26.4, 26.4, 26.4, 26.4, 26.4, 26.4, 26.26, 25.76, 25.3, 25.76, 25.81, 25.81, 26.5, 26.5, 26.5, 26.5, 26.5, 26.5], [26.4, 26.4, 26.4, 26.4, 26.4, 26.4, 26.4, 26.4, 26.4, -999.0, 25.3, 26.5, 26.5, 25.78, 26.5, 26.5, 26.5, 25.76, 25.78, 25.78], [26.4, 26.4, 26.4, 26.4, 26.4, 26.4, 26.4, 26.4, 26.4, 26.4, -999.0, 26.5, 26.5, 25.65, 26.02, 26.03, 26.04, 25.88, 25.9, 25.91], [26.4, 26.4, 26.4, 26.4, 26.4, 26.4, 26.4, 26.4, 26.4, 26.4, -999.0, 25.2, 25.2, 25.2, 25.91, 25.92, 25.94, 25.78, 25.81, 25.84], [26.4, 26.4, 26.4, 26.4, 26.4, 26.4, 26.4, 26.2, 26.2, 26.2, 26.2, 25.82, 25.2, 25.2, 25.2, 25.8, 25.83, 25.68, 25.73, 25.77], [26.4, 26.4, 26.27, 26.27, 26.27, 26.2, 26.2, 26.2, 26.2, 26.2, 25.57, 25.64, 25.55, 25.46, 25.56, 25.49, 25.54, 25.46, 25.76, 25.8], [26.27, 26.27, 26.33, 26.33, 26.2, 26.2, 26.2, 26.2, 26.2, 26.2, 25.77, 25.65, 25.52, 25.4, 25.41, 25.41, 25.48, 25.54, 25.58, 25.61], [26.33, 26.33, 26.32, 26.32, 26.2, 26.2, 26.2, 26.2, 26.2, 25.95, 25.81, 25.66, 25.51, 25.42, 25.23, 25.39, 25.49, 25.56, 25.6, 25.63], [26.32, 26.32, 26.32, 26.2, 26.2, 26.2, 26.2, 26.2, 26.11, 26.01, 25.93, 25.81, 25.62, 25.49, 25.37, 25.45, 25.53, 25.6, 25.63, 25.65], [26.32, 26.32, 26.26, 26.25, 26.25, 26.25, 26.24, 26.22, 26.12, 26.05, 25.95, 25.85, 25.68, 25.6, 25.51, 25.55, 25.61, 25.65, 25.67, 25.69], [26.26, 26.26, 26.26, 26.24, 26.24, 26.24, 26.23, 26.23, 26.07, 26.03, 25.97, 25.89, 25.73, 25.59, 25.61, 25.65, 25.69, 25.71, 25.72, 25.72], [26.25, 26.25, 26.25, 26.24, 26.24, 26.24, 26.24, 26.23, 26.06, 26.04, 26.0, 25.94, 25.81, 25.66, 25.69, 25.74, 25.77, 25.78, 25.77, 25.75], [26.25, 26.25, 26.25, 26.24, 26.24, 26.24, 26.24, 26.24, 26.25, 26.25, 26.25, 26.19, 26.05, 25.71, 25.75, 25.8, 25.85, 25.84, 25.8, 25.78], [26.24, 26.24, 26.24, 26.24, 26.24, 26.24, 26.25, 26.25, 26.26, 26.26, 26.26, 26.2, 26.06, 26.02, 25.98, 25.84, 25.93, 25.86, 25.82, 25.79], [26.24, 26.24, 26.24, 26.24, 26.24, 26.24, 26.25, 26.26, 26.27, 26.28, 26.27, 26.21, 26.18, 26.02, 25.98, 25.95, 25.85, 25.83, 25.82, 25.8], [26.24, 26.24, 26.24, 26.24, 26.24, 26.24, 26.25, 26.26, 26.27, 26.28, 26.24, 26.21, 26.19, 26.03, 25.99, 25.94, 25.92, 25.91, 25.81, 25.79], [26.24, 26.24, 26.24, 26.24, 26.24, 26.24, 26.25, 26.25, 26.25, 26.26, 26.22, 26.21, 26.19, 26.01, 25.98, 25.96, 25.94, 25.93, 25.93, 25.94], [26.24, 26.24, 26.24, 26.24, 26.24, 26.24, 26.24, 26.24, 26.24, 26.21, 26.21, 26.17, 26.14, 26.11, 26.0, 25.97, 25.96, 25.95, 25.95, 25.95], [26.24, 26.24, 26.24, 26.24, 26.24, 26.24, 26.24, 26.24, 26.23, 26.2, 26.19, 26.17, 26.15, 26.12, 26.01, 25.99, 25.97, 25.97, 25.96, 25.96], [26.24, 26.24, 26.24, 26.24, 26.24, 26.24, 26.24, 26.23, 26.18, 26.18, 26.19, 26.17, 26.15, 26.13, 26.02, 26.0, 25.99, 25.98, 25.97, 25.97], [26.24, 26.24, 26.24, 26.24, 26.24, 26.24, 26.23, 26.23, 26.17, 26.17, 26.17, 26.16, 26.15, 26.13, 26.03, 26.01, 26.0, 25.99, 25.98, 25.98], [26.24, 26.24, 26.24, 26.24, 26.23, 26.23, 26.23, 26.16, 26.16, 26.16, 26.16, 26.15, 26.14, 26.13, 26.03, 26.02, 26.0, 25.99, 25.99, 25.98]]}]