gis_exercise/awsData/contour/wdir_2023090917.json
[{"header": {"refTime": "2023-09-09T17:00:00.000Z", "nx": 21, "ny": 33, "lo1": 113.509, "la1": 22.2235, "lo2": 113.5947, "la2": 22.1034, "dx": 0.0042850000000001385, "dy": 0.003753125000000024, "parameterCategory": 2, "parameterCategoryName": "Temperature", "parameterNumber": 2}, "data": [-0.45, -0.45, -0.45, -0.68, -0.65, -1.08, -1.03, -0.98, -0.98, -1.1, -1.26, -1.41, -1.99, -2.08, -2.98, -3.14, -4.0, -4.06, -4.12, -4.15, -0.45, -0.45, -0.45, -0.45, -0.66, -0.62, -0.96, -0.84, -0.78, -0.97, -1.25, -1.48, -2.08, -2.17, -3.06, -3.93, -4.03, -4.12, -4.18, -4.21, -0.45, -0.45, -0.45, -0.45, -0.67, -0.63, -0.57, -0.73, -0.37, -0.87, -1.3, -1.62, -2.23, -2.3, -3.79, -3.95, -4.1, -4.2, -4.26, -4.29, -0.45, -0.45, -0.46, -0.46, -0.46, -0.67, -0.62, -0.54, -0.46, -1.03, -1.45, -1.86, -2.46, -2.61, -3.77, -4.01, -4.2, -4.33, -4.38, -4.38, -0.45, -0.45, -0.46, -0.47, -0.48, -0.71, -0.69, -0.67, -0.66, -1.27, -1.61, -2.61, -2.84, -2.66, -3.78, -4.11, -4.39, -4.54, -4.55, -4.5, -0.45, -0.45, -0.46, -0.47, -0.49, -0.51, -0.77, -0.78, -0.8, -0.82, -2.24, -2.5, -2.7, -3.3, -3.85, -4.27, -4.69, -4.86, -4.77, -4.63, -0.56, -0.45, -0.45, -0.46, -0.49, -0.53, -0.8, -0.87, -0.9, -1.41, -1.53, -2.34, -3.34, -3.41, -3.93, -4.44, -5.11, -5.35, -5.21, -5.03, -0.55, -0.54, -0.54, -1.28, -1.26, -0.69, -0.77, -0.89, -1.12, -1.35, -1.27, -2.78, -3.06, -3.55, -4.44, -4.82, -5.28, -5.45, -5.2, -5.03, -0.54, -0.53, -0.52, -0.5, -1.17, -1.18, -1.28, -0.81, -1.47, -1.44, -2.5, -3.12, -3.72, -3.44, -4.42, -4.7, -4.99, -5.11, -5.06, -4.96, -1.25, -1.21, -1.16, -0.46, -0.42, -0.93, -1.23, -1.55, -1.89, -1.81, -2.88, -3.37, -3.88, -3.53, -4.43, -4.61, -4.79, -4.89, -4.91, -4.88, -1.25, -1.21, -1.15, -1.04, -0.84, -0.2, -1.14, -1.83, -2.18, -2.21, -3.23, -3.26, -3.43, -3.39, -4.43, -4.55, -4.67, -4.76, -4.79, -4.79, -1.26, -1.22, -1.17, -1.09, -0.98, -0.94, -1.38, -2.33, -2.8, -3.17, -3.31, -3.85, -3.89, -3.26, -4.44, -4.52, -4.61, -4.28, -4.3, -4.29, -1.27, -1.24, -1.2, -1.16, -1.13, -1.14, -1.27, -2.06, -2.55, -2.2, -3.13, -3.82, -3.84, -3.22, -3.15, -3.95, -3.99, -4.04, -4.08, -4.1, -1.29, -1.27, -1.24, -1.22, -1.2, -1.14, -0.87, -1.54, -1.94, -1.97, -2.99, -3.35, -3.27, -3.18, -2.93, -3.64, -3.71, -3.79, -3.86, -3.92, -1.31, -1.29, -1.28, -1.27, -1.26, -1.23, -1.26, -1.77, -2.01, -2.11, -2.14, -2.34, -3.03, -2.9, -2.82, -3.29, -3.41, -3.53, -3.65, -3.75, -1.33, -1.32, -0.78, -0.79, -0.8, -1.71, -1.73, -1.82, -1.93, -2.0, -2.3, -2.21, -2.11, -2.2, -2.16, -2.55, -2.69, -2.81, -3.25, -3.38, -0.81, -0.82, -0.83, -0.85, -1.8, -1.79, -1.8, -1.84, -1.88, -1.93, -2.17, -2.11, -2.0, -1.86, -1.81, -1.8, -1.89, -1.96, -2.01, -2.04, -0.85, -0.86, -0.88, -0.91, -1.83, -1.82, -1.82, -1.82, -1.83, -1.48, -1.45, -2.03, -1.93, -1.8, -1.58, -1.77, -1.9, -1.98, -2.03, -2.06, -0.87, -0.89, -0.92, -1.85, -1.84, -1.83, -1.82, -1.79, -1.67, -1.55, -1.99, -1.98, -1.99, -1.9, -1.76, -1.85, -1.96, -2.04, -2.07, -2.09, -0.9, -0.92, -1.83, -1.84, -1.84, -1.85, -1.85, -1.83, -1.9, -1.99, -2.05, -2.04, -2.09, -2.08, -1.94, -2.0, -2.07, -2.11, -2.13, -2.13, -1.88, -1.89, -1.9, -1.92, -1.93, -1.95, -1.96, -1.96, -2.1, -2.13, -2.16, -2.14, -2.2, -2.05, -2.09, -2.15, -2.2, -2.21, -2.19, -2.17, -1.94, -1.95, -1.97, -2.0, -2.03, -2.06, -2.1, -2.22, -2.3, -2.32, -2.31, -2.27, -2.85, -2.14, -2.21, -2.29, -2.35, -2.32, -2.25, -2.19, -1.98, -2.01, -2.04, -2.21, -2.23, -2.26, -2.3, -2.36, -2.43, -2.46, -2.43, -3.0, -2.79, -2.2, -2.29, -2.43, -2.6, -2.44, -2.26, -2.19, -2.18, -2.19, -2.2, -2.23, -2.26, -2.31, -2.38, -2.5, -2.64, -2.7, -2.59, -2.94, -2.8, -2.71, -2.65, -2.46, -3.09, -2.27, -2.16, -2.16, -2.18, -2.19, -2.21, -2.24, -2.27, -2.33, -2.42, -2.58, -2.85, -3.08, -2.73, -2.89, -2.88, -2.69, -2.6, -2.5, -2.09, -1.74, -2.05, -2.12, -2.18, -2.19, -2.21, -2.23, -2.27, -2.32, -2.41, -2.55, -2.8, -3.01, -2.89, -2.76, -2.77, -2.69, -2.58, -2.12, -2.04, -1.97, -2.05, -2.1, -2.17, -2.18, -2.2, -2.22, -2.25, -2.28, -2.33, -2.4, -2.48, -2.47, -2.57, -2.54, -2.61, -1.93, -2.01, -2.05, -2.04, -2.02, -2.03, -2.05, -2.17, -2.17, -2.18, -2.2, -2.21, -2.22, -2.23, -2.23, -2.17, -2.22, -2.11, -1.82, -1.82, -1.78, -1.94, -1.99, -2.01, -2.02, -2.03, -2.04, -2.16, -2.16, -2.17, -2.17, -2.17, -2.17, -2.14, -2.08, -1.95, -1.82, -1.39, -1.63, -1.73, -1.74, -1.89, -1.95, -1.98, -2.0, -2.01, -2.02, -2.15, -2.15, -2.15, -2.15, -2.14, -2.12, -2.08, -2.0, -1.77, -1.58, -1.46, -1.6, -1.69, -1.72, -1.85, -1.91, -1.95, -1.97, -1.99, -2.0, -2.14, -2.14, -2.13, -2.12, -2.11, -2.08, -2.04, -1.97, -1.77, -1.67, -1.62, -1.65, -1.7, -1.72, -1.83, -1.89, -1.93, -1.95, -1.97, -1.99, -2.13, -2.12, -2.12, -2.11, -2.09, -2.07, -2.03, -1.84, -1.79, -1.73, -1.7, -1.7, -1.72, -1.73, -1.82, -1.87, -1.91, -1.94, -1.96, -1.97]}, {"header": {"refTime": "2023-09-09T17:00:00.000Z", "nx": 21, "ny": 33, "lo1": 113.509, "la1": 22.2235, "lo2": 113.5947, "la2": 22.1034, "dx": 0.0042850000000001385, "dy": 0.003753125000000024, "parameterCategory": 2, "parameterCategoryName": "Temperature", "parameterNumber": 3}, "data": [1.5, 1.48, 1.45, 0.96, 0.96, 1.43, 1.41, 1.39, 1.4, 1.39, 1.49, 1.58, 2.74, 2.85, 3.37, 3.55, 4.87, 4.96, 5.03, 5.07, 1.52, 1.49, 1.47, 1.43, 0.96, 0.96, 1.37, 1.31, 1.28, 1.33, 1.49, 1.63, 2.79, 2.9, 3.42, 4.76, 4.9, 5.01, 5.09, 5.13, 1.53, 1.51, 1.49, 1.45, 0.96, 0.96, 0.96, 1.24, 1.04, 1.28, 1.52, 1.72, 2.86, 2.96, 4.56, 4.78, 4.97, 5.1, 5.18, 5.21, 1.56, 1.54, 1.51, 1.48, 1.43, 0.97, 0.97, 0.96, 0.96, 1.35, 1.6, 1.89, 2.95, 2.98, 4.51, 4.84, 5.08, 5.24, 5.31, 5.32, 1.59, 1.57, 1.55, 1.52, 1.48, 0.97, 0.97, 0.97, 0.96, 1.43, 1.66, 2.89, 2.87, 2.99, 4.54, 4.97, 5.28, 5.45, 5.48, 5.44, 1.62, 1.61, 1.6, 1.58, 1.54, 1.48, 0.98, 0.98, 0.97, 0.94, 2.71, 2.94, 3.0, 3.93, 4.7, 5.18, 5.6, 5.78, 5.7, 5.57, 2.13, 1.66, 1.66, 1.65, 1.61, 1.55, 1.4, 1.0, 0.99, 1.78, 2.0, 3.15, 4.44, 4.37, 4.93, 5.41, 6.03, 6.26, 5.86, 5.63, 2.15, 2.15, 2.14, 2.56, 2.5, 1.6, 1.46, 1.27, 1.32, 1.63, 1.33, 4.15, 4.63, 4.68, 5.7, 5.97, 6.31, 6.44, 6.25, 6.13, 2.18, 2.18, 2.19, 2.19, 2.58, 2.52, 2.4, 1.39, 1.58, 1.87, 3.18, 4.18, 4.69, 4.45, 5.64, 5.87, 6.08, 6.18, 6.14, 6.08, 3.08, 3.07, 3.04, 2.26, 2.3, 2.64, 2.64, 2.62, 2.09, 1.95, 3.68, 4.23, 4.66, 4.43, 5.61, 5.78, 5.93, 6.01, 6.03, 6.01, 3.08, 3.06, 3.03, 2.99, 2.9, 2.62, 3.05, 3.39, 3.15, 2.48, 3.57, 4.1, 4.29, 4.28, 5.6, 5.73, 5.83, 5.91, 5.94, 5.94, 3.08, 3.06, 3.04, 3.0, 2.95, 2.94, 3.15, 3.65, 3.9, 4.12, 3.69, 4.95, 5.0, 4.15, 5.62, 5.7, 5.78, 4.92, 4.94, 4.94, 3.08, 3.07, 3.05, 3.03, 3.0, 2.99, 3.03, 3.48, 3.76, 3.57, 4.11, 4.91, 4.96, 4.26, 4.18, 4.54, 4.6, 4.65, 4.7, 4.73, 3.09, 3.08, 3.06, 3.05, 3.02, 2.96, 2.76, 3.18, 3.42, 3.44, 4.03, 3.91, 3.81, 3.71, 3.89, 4.22, 4.29, 4.38, 4.46, 4.53, 3.1, 3.09, 3.08, 3.06, 3.05, 3.02, 3.02, 3.14, 3.25, 3.29, 3.28, 2.99, 3.56, 3.42, 3.33, 3.84, 3.97, 4.11, 4.24, 4.34, 3.11, 3.1, 2.6, 2.6, 2.6, 3.06, 3.06, 3.09, 3.13, 3.16, 2.97, 2.85, 2.71, 2.74, 2.68, 2.9, 3.01, 3.12, 3.65, 3.77, 2.6, 2.6, 2.6, 2.6, 3.06, 3.03, 3.02, 3.0, 3.01, 3.04, 2.84, 2.74, 2.59, 2.4, 2.22, 2.15, 2.21, 2.25, 2.29, 2.31, 2.6, 2.6, 2.6, 2.6, 3.03, 3.0, 2.95, 2.88, 2.85, 2.46, 2.4, 2.67, 2.51, 2.22, 2.01, 2.13, 2.22, 2.27, 2.3, 2.32, 2.6, 2.6, 2.59, 3.04, 3.01, 2.96, 2.89, 2.76, 2.55, 2.48, 2.35, 2.27, 2.43, 2.32, 2.12, 2.19, 2.26, 2.31, 2.33, 2.34, 2.59, 2.59, 2.51, 2.51, 2.51, 2.52, 2.52, 2.54, 2.48, 2.42, 2.35, 2.28, 2.52, 2.47, 2.24, 2.28, 2.33, 2.36, 2.37, 2.37, 2.5, 2.5, 2.5, 2.5, 2.5, 2.5, 2.51, 2.51, 2.41, 2.38, 2.34, 2.29, 2.61, 2.32, 2.35, 2.39, 2.42, 2.43, 2.41, 2.39, 2.5, 2.5, 2.49, 2.49, 2.49, 2.49, 2.48, 2.15, 2.37, 2.35, 2.32, 2.29, 2.6, 2.38, 2.43, 2.49, 2.54, 2.51, 2.45, 2.41, 2.49, 2.49, 2.48, 2.0, 2.02, 2.04, 2.06, 2.08, 2.08, 2.07, 2.04, 2.72, 2.47, 2.42, 2.49, 2.59, 2.72, 2.59, 2.46, 2.41, 1.93, 1.94, 1.95, 1.96, 1.97, 1.99, 2.01, 2.03, 2.06, 2.07, 2.02, 2.22, 2.46, 2.5, 2.55, 2.61, 3.1, 2.46, 2.38, 2.38, 1.91, 1.91, 1.91, 1.92, 1.93, 1.94, 1.95, 1.99, 2.08, 2.16, 2.01, 2.15, 2.24, 2.48, 2.5, 2.51, 2.31, 2.04, 2.28, 2.34, 1.88, 1.88, 1.88, 1.88, 1.88, 1.88, 1.89, 1.93, 2.02, 2.1, 2.05, 2.04, 2.12, 2.45, 2.46, 2.19, 2.17, 2.13, 2.29, 2.33, 1.86, 1.85, 1.85, 1.84, 1.83, 1.82, 1.81, 1.81, 1.81, 1.78, 1.83, 1.85, 1.97, 1.86, 2.0, 2.08, 2.12, 2.12, 2.13, 2.13, 1.83, 1.83, 1.81, 1.8, 1.78, 1.76, 1.72, 1.67, 1.58, 1.54, 1.46, 1.28, 1.34, 1.38, 1.89, 1.99, 2.05, 2.07, 2.09, 2.09, 1.81, 1.8, 1.79, 1.76, 1.74, 1.7, 1.64, 1.56, 1.41, 1.22, 0.86, 1.11, 1.25, 1.33, 1.8, 1.91, 1.98, 2.02, 2.04, 2.06, 1.79, 1.78, 1.76, 1.74, 1.7, 1.66, 1.59, 1.5, 1.22, 1.05, 0.94, 1.09, 1.22, 1.3, 1.74, 1.85, 1.92, 1.97, 2.0, 2.02, 1.78, 1.76, 1.74, 1.71, 1.68, 1.63, 1.57, 1.49, 1.23, 1.14, 1.11, 1.16, 1.23, 1.29, 1.71, 1.81, 1.88, 1.93, 1.96, 1.98, 1.76, 1.75, 1.73, 1.7, 1.66, 1.62, 1.57, 1.31, 1.26, 1.22, 1.2, 1.22, 1.26, 1.3, 1.7, 1.78, 1.84, 1.89, 1.93, 1.95]}, {"header": {"refTime": "2023-09-09T17:00:00.000Z", "nx": 21, "ny": 33, "lo1": 113.509, "la1": 22.2235, "lo2": 113.5947, "la2": 22.1034, "dx": 0.0042850000000001385, "dy": 0.003753125000000024, "parameterCategory": 0, "parameterCategoryName": "Temperature", "parameterNumber": 0}, "data": [[26.18, 26.17, 26.17, 25.88, 25.88, 26.16, 26.16, 26.15, 26.15, 26.04, 26.06, 26.08, 26.36, 26.38, 26.36, 26.37, 26.5, 26.5, 26.49, 26.49], [26.19, 26.18, 26.17, 26.16, 25.88, 25.89, 26.14, 26.12, 26.11, 26.03, 26.06, 26.1, 26.38, 26.4, 26.38, 26.51, 26.5, 26.49, 26.49, 26.49], [26.19, 26.18, 26.18, 26.16, 25.88, 25.89, 25.91, 26.1, 26.03, 26.02, 26.07, 26.13, 26.41, 26.43, 26.52, 26.51, 26.5, 26.49, 26.49, 26.48], [26.2, 26.19, 26.19, 26.17, 26.16, 25.89, 25.9, 25.92, 25.93, 26.02, 26.08, 26.19, 26.47, 26.34, 26.52, 26.5, 26.49, 26.48, 26.48, 26.48], [26.21, 26.2, 26.2, 26.19, 26.17, 25.88, 25.89, 25.89, 25.88, 26.0, 26.07, 26.35, 26.5, 26.38, 26.52, 26.5, 26.48, 26.47, 26.47, 26.47], [26.22, 26.22, 26.21, 26.21, 26.19, 26.18, 25.89, 25.89, 25.86, 25.8, 26.11, 26.27, 26.4, 26.57, 26.51, 26.49, 26.46, 26.45, 26.46, 26.46], [26.32, 26.23, 26.23, 26.23, 26.22, 26.2, 26.02, 25.91, 25.89, 25.86, 25.82, 26.16, 26.54, 26.55, 26.5, 26.47, 26.44, 26.43, 26.44, 26.45], [26.33, 26.33, 26.33, 26.33, 26.32, 26.09, 26.06, 26.03, 26.04, 25.81, 25.58, 26.16, 26.17, 26.55, 26.44, 26.45, 26.43, 26.42, 26.43, 26.44], [26.27, 26.28, 26.35, 26.35, 26.36, 26.34, 26.29, 26.04, 25.88, 25.89, 25.82, 25.98, 26.06, 25.96, 26.44, 26.45, 26.44, 26.43, 26.44, 26.44], [26.5, 26.5, 26.5, 26.31, 26.34, 26.41, 26.36, 26.29, 25.7, 25.74, 26.07, 25.88, 25.94, 25.92, 26.44, 26.46, 26.45, 26.44, 26.44, 26.45], [26.5, 26.5, 26.5, 26.5, 26.5, 26.5, 26.5, 26.5, 26.36, 25.86, 25.4, 25.82, 25.87, 25.87, 26.44, 26.46, 26.45, 26.45, 26.45, 26.45], [26.5, 26.5, 26.5, 26.5, 26.5, 26.5, 26.5, 26.5, 26.5, -999.0, 25.4, 26.5, 26.5, 25.84, 26.44, 26.46, 26.46, 25.77, 25.79, 25.79], [26.5, 26.5, 26.5, 26.5, 26.5, 26.5, 26.5, 26.5, 26.5, 26.5, -999.0, 26.5, 26.5, 25.72, 26.06, 26.0, 26.01, 25.87, 25.89, 25.9], [26.5, 26.5, 26.5, 26.5, 26.5, 26.5, 26.5, 26.5, 26.5, 26.5, -999.0, 25.3, 25.3, 25.3, 25.96, 25.91, 25.93, 25.79, 25.82, 25.84], [26.5, 26.5, 26.5, 26.5, 26.5, 26.5, 26.5, 26.5, 26.5, 26.5, 26.5, 26.04, 25.3, 25.3, 25.3, 25.8, 25.84, 25.71, 25.75, 25.78], [26.5, 26.5, 26.5, 26.5, 26.5, 26.5, 26.5, 26.5, 26.5, 26.5, 25.74, 25.83, 25.71, 25.62, 25.73, 25.63, 25.68, 25.59, 25.83, 25.87], [26.5, 26.5, 26.5, 26.5, 26.5, 26.5, 26.5, 26.5, 26.5, 26.5, 25.98, 25.84, 25.68, 25.53, 25.54, 25.54, 25.62, 25.69, 25.74, 25.77], [26.5, 26.5, 26.5, 26.5, 26.5, 26.5, 26.5, 26.5, 26.5, 26.2, 26.03, 25.85, 25.67, 25.55, 25.34, 25.51, 25.63, 25.71, 25.76, 25.79], [26.5, 26.5, 26.5, 26.5, 26.5, 26.5, 26.5, 26.5, 26.39, 26.27, 26.12, 25.97, 25.79, 25.64, 25.49, 25.58, 25.68, 25.75, 25.79, 25.82], [26.5, 26.5, 26.39, 26.39, 26.4, 26.41, 26.43, 26.47, 26.37, 26.26, 26.13, 26.0, 25.86, 25.77, 25.65, 25.7, 25.77, 25.81, 25.84, 25.86], [26.38, 26.38, 26.38, 26.42, 26.42, 26.43, 26.43, 26.44, 26.27, 26.21, 26.13, 26.04, 25.92, 25.75, 25.77, 25.82, 25.86, 25.88, 25.89, 25.89], [26.41, 26.41, 26.41, 26.41, 26.41, 26.41, 26.42, 26.47, 26.22, 26.19, 26.14, 26.07, 25.91, 25.83, 25.86, 25.91, 25.95, 25.96, 25.95, 25.93], [26.4, 26.4, 26.4, 26.48, 26.47, 26.47, 26.46, 26.45, 26.44, 26.44, 26.45, 26.33, 26.18, 25.88, 25.93, 25.99, 26.04, 26.03, 25.99, 25.96], [26.49, 26.48, 26.48, 26.48, 26.47, 26.47, 26.45, 26.44, 26.42, 26.41, 26.43, 26.38, 26.18, 26.16, 26.14, 26.02, 26.13, 26.05, 26.01, 25.98], [26.49, 26.49, 26.48, 26.48, 26.47, 26.47, 26.45, 26.43, 26.39, 26.35, 26.41, 26.39, 26.38, 26.16, 26.14, 26.13, 26.04, 26.02, 26.01, 25.98], [26.49, 26.49, 26.49, 26.48, 26.48, 26.47, 26.46, 26.44, 26.4, 26.36, 26.39, 26.41, 26.41, 26.16, 26.14, 26.19, 26.15, 26.14, 26.0, 25.98], [26.49, 26.49, 26.49, 26.49, 26.48, 26.48, 26.47, 26.47, 26.45, 26.46, 26.45, 26.45, 26.44, 26.31, 26.26, 26.22, 26.19, 26.18, 26.18, 26.19], [26.49, 26.49, 26.49, 26.49, 26.49, 26.49, 26.49, 26.5, 26.51, 26.51, 26.53, 26.48, 26.43, 26.38, 26.29, 26.25, 26.22, 26.21, 26.2, 26.21], [26.5, 26.5, 26.5, 26.5, 26.5, 26.5, 26.51, 26.52, 26.55, 26.59, 26.64, 26.54, 26.46, 26.4, 26.32, 26.28, 26.25, 26.24, 26.23, 26.22], [26.5, 26.5, 26.5, 26.5, 26.51, 26.51, 26.52, 26.54, 26.51, 26.57, 26.61, 26.54, 26.47, 26.42, 26.34, 26.31, 26.28, 26.26, 26.25, 26.24], [26.5, 26.5, 26.51, 26.51, 26.51, 26.52, 26.53, 26.54, 26.5, 26.53, 26.53, 26.51, 26.46, 26.42, 26.36, 26.32, 26.3, 26.28, 26.26, 26.26], [26.5, 26.51, 26.51, 26.51, 26.52, 26.52, 26.53, 26.46, 26.48, 26.49, 26.49, 26.48, 26.45, 26.42, 26.36, 26.33, 26.31, 26.29, 26.28, 26.27]]}]