gis_exercise/awsData/contour/wdir_2023090215.json
[{"header": {"refTime": "2023-09-02T15:00:00.000Z", "nx": 21, "ny": 33, "lo1": 113.509, "la1": 22.2235, "lo2": 113.5947, "la2": 22.1034, "dx": 0.0042850000000001385, "dy": 0.003753125000000024, "parameterCategory": 2, "parameterCategoryName": "Temperature", "parameterNumber": 2}, "data": [-2.97, -2.97, -2.96, -3.41, -3.36, -4.09, -3.99, -3.89, -3.9, -4.08, -4.38, -4.67, -4.83, -4.95, -7.33, -7.6, -8.19, -8.31, -8.39, -8.44, -2.98, -2.97, -2.97, -2.96, -3.37, -3.29, -3.86, -3.63, -3.51, -3.84, -4.36, -4.79, -5.01, -5.13, -7.47, -8.09, -8.28, -8.43, -8.52, -8.57, -2.98, -2.98, -2.98, -2.97, -3.4, -3.32, -3.19, -3.42, -2.71, -3.64, -4.45, -5.05, -5.33, -5.39, -7.9, -8.16, -8.41, -8.6, -8.7, -8.73, -2.98, -2.99, -2.99, -2.99, -2.99, -3.39, -3.28, -3.11, -2.94, -3.95, -4.74, -5.49, -5.87, -6.05, -7.9, -8.27, -8.63, -8.86, -8.95, -8.93, -2.98, -2.99, -3.0, -3.01, -3.03, -3.49, -3.45, -3.39, -3.37, -4.41, -5.04, -6.19, -6.96, -6.21, -7.9, -8.46, -8.99, -9.28, -9.3, -9.18, -2.98, -2.99, -3.0, -3.02, -3.06, -3.11, -3.62, -3.65, -3.68, -3.71, -5.26, -5.76, -6.33, -7.31, -7.91, -8.73, -9.6, -9.96, -9.75, -9.43, -5.28, -2.98, -2.99, -3.01, -3.06, -3.15, -3.72, -3.86, -3.92, -4.12, -4.1, -4.96, -6.78, -7.18, -7.87, -9.01, -10.48, -11.02, -11.27, -11.04, -5.29, -5.2, -5.08, -5.01, -4.96, -3.49, -3.66, -3.92, -4.18, -4.13, -4.13, -5.3, -5.61, -7.34, -9.01, -9.87, -10.89, -11.26, -10.71, -10.34, -5.33, -5.22, -5.08, -4.88, -4.76, -4.77, -4.99, -3.75, -5.32, -4.12, -5.88, -6.71, -8.31, -7.54, -9.12, -9.68, -10.27, -10.53, -10.4, -10.2, -7.17, -7.0, -6.74, -4.84, -4.41, -4.21, -4.9, -5.64, -6.35, -6.13, -6.6, -7.65, -9.06, -7.96, -9.24, -9.53, -9.87, -10.07, -10.09, -10.02, -7.22, -7.06, -6.81, -6.36, -5.4, -2.6, -6.14, -7.98, -7.17, -7.14, -8.98, -7.4, -7.81, -7.65, -9.27, -9.44, -9.65, -9.8, -9.86, -9.85, -7.32, -7.2, -7.03, -6.75, -6.29, -6.07, -7.46, -9.09, -9.72, -10.84, -9.25, -9.04, -8.98, -7.34, -9.25, -9.37, -9.51, -10.44, -10.45, -10.44, -7.45, -7.39, -7.33, -7.3, -7.42, -8.03, -9.0, -9.37, -9.62, -9.14, -10.87, -9.1, -8.98, -7.82, -7.75, -10.08, -10.1, -10.15, -10.18, -10.21, -7.58, -7.58, -7.62, -7.74, -8.08, -8.84, -10.08, -9.35, -9.2, -9.01, -10.85, -9.82, -9.65, -9.48, -7.6, -9.68, -9.75, -9.83, -9.92, -9.99, -7.7, -7.74, -7.83, -8.0, -8.31, -8.78, -9.16, -8.36, -7.88, -7.47, -7.14, -5.87, -9.3, -9.08, -8.94, -9.22, -9.36, -9.52, -9.66, -9.77, -7.8, -7.86, -4.59, -4.8, -5.06, -7.42, -7.32, -6.96, -6.56, -6.33, -5.16, -5.41, -5.69, -6.06, -6.27, -8.13, -8.27, -8.4, -8.75, -8.88, -4.21, -4.26, -4.32, -4.38, -6.57, -6.31, -5.84, -5.22, -4.82, -4.9, -4.39, -4.99, -5.55, -6.05, -6.14, -6.97, -6.97, -6.98, -6.97, -6.97, -4.06, -4.06, -4.03, -3.95, -5.84, -5.29, -4.39, -3.17, -2.54, -2.66, -3.66, -4.6, -5.41, -6.03, -6.84, -6.97, -6.98, -6.98, -6.98, -6.97, -3.9, -3.86, -3.76, -5.72, -5.26, -4.53, -3.34, -1.37, 0.46, -1.68, -2.65, -3.77, -4.96, -5.8, -6.97, -6.98, -6.99, -6.99, -6.99, -6.98, -3.77, -3.68, -4.96, -4.69, -4.29, -3.67, -2.74, -1.42, -0.34, -1.57, -2.82, -3.78, -4.82, -5.52, -7.0, -7.01, -7.02, -7.01, -7.0, -6.98, -5.21, -5.08, -4.9, -4.66, -4.32, -3.86, -3.27, -2.65, -1.98, -2.56, -3.31, -3.96, -4.8, -7.01, -7.03, -7.05, -7.06, -7.04, -7.01, -6.97, -5.18, -5.07, -4.92, -4.73, -4.49, -4.22, -3.93, -2.34, -3.26, -3.59, -3.97, -4.31, -7.71, -7.03, -7.07, -7.12, -7.15, -7.09, -7.01, -6.96, -5.18, -5.09, -4.98, -2.79, -2.83, -2.91, -3.05, -3.28, -3.58, -3.77, -3.74, -5.22, -7.25, -7.04, -7.09, -7.2, -7.35, -7.16, -6.97, -6.92, -2.86, -2.89, -2.94, -3.01, -3.13, -3.32, -3.62, -4.08, -4.66, -4.95, -4.6, -6.54, -7.25, -7.2, -7.19, -7.19, -7.88, -6.89, -6.81, -6.85, -2.95, -3.01, -3.08, -3.19, -3.35, -3.6, -3.99, -4.61, -5.63, -6.47, -5.29, -6.41, -6.41, -7.18, -7.12, -7.06, -6.67, -6.23, -6.66, -6.79, -3.03, -3.1, -3.19, -3.31, -3.49, -3.74, -4.11, -4.69, -5.61, -6.33, -6.4, -6.11, -6.13, -7.16, -7.08, -6.16, -6.21, -6.17, -6.69, -6.77, -3.09, -3.16, -3.26, -3.38, -3.54, -3.75, -4.03, -4.38, -4.74, -4.81, -5.63, -5.56, -5.73, -5.27, -5.64, -5.89, -6.02, -6.06, -6.07, -6.05, -3.13, -3.2, -3.29, -3.4, -3.53, -3.68, -3.84, -3.98, -3.99, -4.77, -4.49, -4.3, -4.54, -4.71, -5.37, -5.65, -5.82, -5.9, -5.94, -5.94, -3.16, -3.23, -3.3, -3.39, -3.49, -3.58, -3.66, -3.66, -3.51, -3.8, -2.87, -3.73, -4.25, -4.53, -5.15, -5.44, -5.63, -5.74, -5.8, -5.83, -3.18, -3.23, -3.3, -3.37, -3.43, -3.49, -3.51, -3.47, -4.08, -3.5, -3.14, -3.67, -4.13, -4.43, -4.99, -5.27, -5.47, -5.59, -5.68, -5.72, -3.18, -3.23, -3.28, -3.34, -3.38, -3.42, -3.42, -3.37, -4.13, -3.84, -3.72, -3.91, -4.18, -4.41, -4.9, -5.15, -5.34, -5.48, -5.57, -5.63, -3.18, -3.22, -3.27, -3.31, -3.34, -3.36, -3.36, -4.42, -4.25, -4.1, -4.05, -4.12, -4.28, -4.43, -4.87, -5.08, -5.25, -5.38, -5.48, -5.54]}, {"header": {"refTime": "2023-09-02T15:00:00.000Z", "nx": 21, "ny": 33, "lo1": 113.509, "la1": 22.2235, "lo2": 113.5947, "la2": 22.1034, "dx": 0.0042850000000001385, "dy": 0.003753125000000024, "parameterCategory": 2, "parameterCategoryName": "Temperature", "parameterNumber": 3}, "data": [-0.16, -0.12, -0.08, 0.69, 0.69, -0.22, -0.16, -0.1, -0.12, -0.05, -0.24, -0.44, -0.63, -0.7, -1.01, -0.98, -0.92, -0.87, -0.83, -0.79, -0.18, -0.15, -0.1, -0.04, 0.69, 0.7, -0.07, 0.07, 0.15, 0.08, -0.24, -0.53, -0.77, -0.84, -1.1, -1.01, -0.92, -0.85, -0.8, -0.77, -0.21, -0.18, -0.14, -0.08, 0.68, 0.69, 0.72, 0.22, 0.68, 0.19, -0.31, -0.73, -1.01, -1.03, -1.17, -1.01, -0.89, -0.81, -0.76, -0.74, -0.25, -0.22, -0.19, -0.13, -0.06, 0.67, 0.7, 0.73, 0.77, 0.04, -0.48, -1.07, -1.44, -1.24, -1.21, -0.99, -0.84, -0.75, -0.71, -0.69, -0.3, -0.28, -0.25, -0.2, -0.14, 0.64, 0.65, 0.67, 0.69, -0.15, -0.61, -1.38, -2.24, -1.42, -1.18, -0.91, -0.74, -0.66, -0.63, -0.64, -0.35, -0.34, -0.33, -0.29, -0.24, -0.17, 0.59, 0.58, 0.61, 0.69, -0.33, -0.92, -1.56, -1.31, -1.01, -0.77, -0.6, -0.52, -0.54, -0.58, -0.17, -0.42, -0.42, -0.4, -0.37, -0.29, -0.11, 0.46, 0.48, 0.71, 0.86, -0.04, -0.57, -0.71, -0.76, -0.62, -0.43, -0.35, -0.6, -0.71, -0.18, -0.22, -0.26, -0.53, -0.52, -0.36, -0.2, 0.0, 0.24, 0.74, 1.01, 0.79, 0.73, -0.28, 0.24, 0.12, -0.03, -0.09, -0.01, 0.05, -0.19, -0.24, -0.3, -0.38, -0.66, -0.61, -0.44, -0.12, 0.46, 0.69, 0.77, 0.62, 0.39, 0.5, 0.23, 0.15, 0.06, 0.02, 0.04, 0.07, 0.0, -0.06, -0.15, -0.45, -0.65, -0.93, -0.63, -0.3, 0.59, 0.65, 0.66, 0.5, 0.3, 0.45, 0.22, 0.17, 0.12, 0.09, 0.09, 0.1, 0.03, -0.03, -0.12, -0.28, -0.62, -1.61, -0.4, 0.16, 0.01, 0.67, 0.58, 0.53, 0.47, 0.49, 0.22, 0.19, 0.15, 0.13, 0.12, 0.12, 0.07, 0.03, -0.03, -0.12, -0.28, -0.37, 0.09, 0.47, 0.59, 0.81, 0.6, 0.49, 0.45, 0.54, 0.22, 0.2, 0.17, -0.32, -0.33, -0.33, 0.12, 0.11, 0.09, 0.09, 0.15, 0.41, 0.79, 0.68, 0.63, 0.54, 0.79, 0.52, 0.49, 0.02, -0.01, -0.35, -0.36, -0.36, -0.36, -0.36, 0.17, 0.18, 0.2, 0.26, 0.42, 0.77, 1.39, 0.85, 0.65, 0.56, 0.84, 0.04, -0.05, -0.12, -0.12, -0.41, -0.41, -0.4, -0.39, -0.39, 0.21, 0.24, 0.28, 0.36, 0.5, 0.71, 0.86, 1.62, 1.61, 1.63, 1.66, 0.78, -0.14, -0.22, -0.28, -0.49, -0.47, -0.45, -0.43, -0.42, 0.25, 0.28, 0.9, 0.97, 1.06, 1.75, 1.76, 1.78, 1.79, 1.8, 1.01, 0.78, 0.5, 0.1, -0.03, 0.41, 0.63, 0.85, 0.97, 1.09, 0.93, 0.96, 1.02, 1.1, 1.83, 1.87, 1.92, 1.99, 2.03, 2.0, 1.13, 0.79, 0.4, -0.01, 0.26, -0.12, 0.14, 0.33, 0.47, 0.56, 1.0, 1.05, 1.12, 1.21, 1.91, 1.99, 2.1, 2.25, 2.32, 1.86, 1.47, 0.84, 0.36, 0.28, -0.69, -0.19, 0.18, 0.41, 0.54, 0.62, 1.07, 1.12, 1.2, 1.92, 1.98, 2.08, 2.23, 2.48, 2.62, 2.06, 1.03, 0.54, 1.26, 0.68, -0.24, 0.04, 0.35, 0.55, 0.66, 0.71, 1.12, 1.18, 1.36, 1.41, 1.49, 1.61, 1.81, 2.12, 2.05, 1.51, 0.96, 0.53, 1.6, 1.33, 0.28, 0.44, 0.64, 0.77, 0.82, 0.82, 1.24, 1.26, 1.28, 1.32, 1.37, 1.45, 1.56, 1.69, 1.32, 1.07, 0.73, 0.45, 1.96, 0.59, 0.69, 0.86, 1.0, 1.04, 0.99, 0.93, 1.18, 1.19, 1.19, 1.2, 1.21, 1.23, 1.24, 0.93, 0.75, 0.6, 0.44, 0.29, 0.97, 0.85, 1.03, 1.27, 1.44, 1.35, 1.15, 1.01, 1.12, 1.11, 1.1, 0.63, 0.63, 0.61, 0.57, 0.48, 0.36, 0.27, 0.26, 1.68, 0.6, 1.02, 1.26, 1.65, 2.11, 1.67, 1.19, 1.01, 0.56, 0.55, 0.54, 0.51, 0.47, 0.4, 0.29, 0.11, -0.12, -0.23, -0.12, 0.65, 0.51, 0.86, 1.23, 1.74, 3.43, 1.23, 0.94, 0.92, 0.5, 0.48, 0.45, 0.41, 0.34, 0.25, 0.09, -0.14, -0.51, -0.82, -0.42, 0.46, 1.05, 0.76, 1.05, 1.23, 0.74, -0.19, 0.63, 0.81, 0.45, 0.42, 0.38, 0.33, 0.25, 0.15, -0.0, -0.22, -0.55, -0.8, -0.15, 0.39, 0.91, 0.64, 0.85, 1.06, 0.78, 0.57, 0.64, 0.76, 0.41, 0.37, 0.33, 0.27, 0.2, 0.1, -0.02, -0.18, -0.33, -0.38, 0.06, 0.39, 0.8, 0.88, 0.96, 0.95, 0.86, 0.79, 0.82, 0.88, 0.37, 0.34, 0.29, 0.24, 0.17, 0.08, -0.01, -0.1, -0.17, 0.07, 0.15, -0.74, -0.9, -1.07, 0.86, 0.89, 0.87, 0.85, 0.86, 0.89, 0.35, 0.31, 0.27, 0.21, 0.15, 0.08, 0.01, -0.05, -0.09, 0.1, -0.26, -0.57, -0.81, -0.99, 0.78, 0.84, 0.86, 0.87, 0.88, 0.9, 0.33, 0.29, 0.25, 0.2, 0.15, 0.09, 0.04, -0.01, -0.65, -0.47, -0.36, -0.57, -0.77, -0.94, 0.74, 0.8, 0.84, 0.86, 0.88, 0.89, 0.31, 0.28, 0.24, 0.2, 0.16, 0.11, 0.06, 0.02, -0.69, -0.6, -0.58, -0.67, -0.8, -0.93, 0.72, 0.78, 0.82, 0.85, 0.87, 0.89, 0.3, 0.27, 0.24, 0.2, 0.16, 0.12, 0.09, -0.8, -0.75, -0.71, -0.71, -0.76, -0.84, -0.94, 0.71, 0.76, 0.8, 0.83, 0.86, 0.88]}, {"header": {"refTime": "2023-09-02T15:00:00.000Z", "nx": 21, "ny": 33, "lo1": 113.509, "la1": 22.2235, "lo2": 113.5947, "la2": 22.1034, "dx": 0.0042850000000001385, "dy": 0.003753125000000024, "parameterCategory": 0, "parameterCategoryName": "Temperature", "parameterNumber": 0}, "data": [[26.87, 26.87, 26.87, 26.67, 26.69, 26.89, 26.91, 26.92, 26.93, 26.89, 26.88, 26.88, 27.09, 27.09, 26.98, 26.98, 27.02, 27.01, 27.01, 27.0], [26.87, 26.87, 26.87, 26.87, 26.69, 26.71, 26.91, 26.93, 26.95, 26.91, 26.89, 26.88, 27.09, 27.1, 26.99, 27.03, 27.02, 27.01, 27.0, 27.0], [26.87, 26.87, 26.87, 26.87, 26.68, 26.7, 26.75, 26.94, 26.99, 26.92, 26.89, 26.89, 27.09, 27.1, 27.04, 27.02, 27.01, 27.0, 26.99, 26.99], [26.87, 26.87, 26.87, 26.87, 26.86, 26.68, 26.72, 26.78, 26.83, 26.89, 26.88, 26.9, 27.1, 26.97, 27.04, 27.02, 27.0, 26.98, 26.98, 26.98], [26.87, 26.87, 26.87, 26.86, 26.86, 26.65, 26.66, 26.68, 26.69, 26.82, 26.84, 26.96, 27.05, 26.99, 27.04, 27.01, 26.97, 26.96, 26.96, 26.96], [26.88, 26.87, 26.87, 26.86, 26.85, 26.83, 26.61, 26.6, 26.58, 26.56, 26.82, 26.92, 27.0, 27.13, 27.04, 26.99, 26.94, 26.92, 26.93, 26.95], [26.83, 26.88, 26.87, 26.87, 26.85, 26.82, 26.6, 26.55, 26.52, 26.54, 26.57, 26.88, 27.16, 27.15, 27.03, 26.97, 26.89, 26.86, 26.86, 26.87], [26.84, 26.85, 26.85, 26.84, 26.83, 26.68, 26.62, 26.55, 26.52, 26.51, 26.42, 26.92, 26.93, 27.15, 26.95, 26.99, 26.9, 26.87, 26.92, 26.96], [26.76, 26.77, 26.87, 26.88, 26.88, 26.86, 26.79, 26.6, 26.44, 26.56, 26.65, 26.78, 26.84, 26.76, 26.96, 27.01, 26.96, 26.94, 26.95, 26.97], [27.1, 27.1, 27.1, 26.82, 26.86, 26.96, 26.89, 26.79, 26.39, 26.4, 26.85, 26.7, 26.74, 26.72, 26.96, 27.03, 26.99, 26.98, 26.98, 26.98], [27.1, 27.1, 27.1, 27.1, 27.1, 27.1, 27.1, 27.1, 26.89, 26.43, 26.3, 26.64, 26.68, 26.69, 26.96, 27.04, 27.01, 27.0, 27.0, 27.0], [27.1, 27.1, 27.1, 27.1, 27.1, 27.1, 27.1, 27.1, 27.1, -999.0, 26.3, 27.2, 27.2, 26.66, 26.95, 27.05, 27.04, 26.29, 26.3, 26.3], [27.1, 27.1, 27.1, 27.1, 27.1, 27.1, 27.1, 27.1, 27.1, 27.1, -999.0, 27.2, 27.2, 26.35, 26.72, 26.47, 26.48, 26.37, 26.38, 26.39], [27.1, 27.1, 27.1, 27.1, 27.1, 27.1, 27.1, 27.1, 27.1, 27.1, -999.0, 25.9, 25.9, 25.9, 26.61, 26.4, 26.41, 26.3, 26.32, 26.34], [27.1, 27.1, 27.1, 27.1, 27.1, 27.1, 27.1, 26.9, 26.9, 26.9, 26.9, 26.52, 25.9, 25.9, 25.9, 26.31, 26.34, 26.24, 26.27, 26.29], [27.1, 27.1, 26.97, 26.97, 26.97, 26.9, 26.9, 26.9, 26.9, 26.9, 26.27, 26.34, 26.25, 26.16, 26.26, 26.16, 26.2, 26.13, 26.32, 26.35], [26.97, 26.97, 27.03, 27.03, 26.9, 26.9, 26.9, 26.9, 26.9, 26.9, 26.47, 26.35, 26.22, 26.1, 26.1, 26.11, 26.18, 26.24, 26.28, 26.31], [27.03, 27.03, 27.02, 27.02, 26.9, 26.9, 26.9, 26.9, 26.9, 26.65, 26.51, 26.36, 26.21, 26.11, 25.93, 26.08, 26.19, 26.26, 26.3, 26.33], [27.02, 27.02, 27.02, 26.9, 26.9, 26.9, 26.9, 26.9, 26.81, 26.71, 26.61, 26.49, 26.3, 26.17, 26.07, 26.14, 26.23, 26.29, 26.33, 26.35], [27.02, 27.02, 26.9, 26.9, 26.9, 26.9, 26.9, 26.9, 26.81, 26.73, 26.63, 26.53, 26.35, 26.28, 26.21, 26.25, 26.3, 26.35, 26.37, 26.38], [26.9, 26.9, 26.9, 26.9, 26.9, 26.9, 26.9, 26.9, 26.74, 26.7, 26.64, 26.56, 26.4, 26.29, 26.31, 26.34, 26.38, 26.41, 26.42, 26.42], [26.9, 26.9, 26.9, 26.9, 26.9, 26.9, 26.9, 26.9, 26.73, 26.7, 26.66, 26.6, 26.45, 26.36, 26.39, 26.43, 26.46, 26.47, 26.46, 26.45], [26.9, 26.9, 26.9, 26.9, 26.9, 26.9, 26.9, 26.9, 26.9, 26.9, 26.9, 26.82, 26.71, 26.41, 26.44, 26.49, 26.52, 26.52, 26.5, 26.48], [26.9, 26.9, 26.9, 26.9, 26.9, 26.9, 26.9, 26.9, 26.9, 26.9, 26.9, 26.83, 26.72, 26.68, 26.66, 26.52, 26.58, 26.56, 26.53, 26.5], [26.9, 26.9, 26.9, 26.9, 26.9, 26.9, 26.9, 26.9, 26.9, 26.9, 26.9, 26.84, 26.81, 26.69, 26.66, 26.63, 26.56, 26.57, 26.53, 26.5], [26.9, 26.9, 26.9, 26.9, 26.9, 26.9, 26.9, 26.9, 26.9, 26.9, 26.86, 26.84, 26.82, 26.69, 26.67, 26.65, 26.63, 26.63, 26.52, 26.5], [26.9, 26.9, 26.9, 26.9, 26.9, 26.9, 26.9, 26.9, 26.9, 26.9, 26.86, 26.85, 26.83, 26.71, 26.68, 26.66, 26.65, 26.64, 26.64, 26.65], [26.9, 26.9, 26.9, 26.9, 26.9, 26.9, 26.9, 26.9, 26.9, 26.87, 26.87, 26.86, 26.84, 26.81, 26.7, 26.68, 26.67, 26.66, 26.66, 26.66], [26.9, 26.9, 26.9, 26.9, 26.9, 26.9, 26.9, 26.9, 26.9, 26.88, 26.89, 26.86, 26.84, 26.82, 26.71, 26.69, 26.68, 26.67, 26.67, 26.67], [26.9, 26.9, 26.9, 26.9, 26.9, 26.9, 26.9, 26.9, 26.86, 26.87, 26.88, 26.86, 26.84, 26.82, 26.72, 26.7, 26.69, 26.68, 26.68, 26.67], [26.9, 26.9, 26.9, 26.9, 26.9, 26.9, 26.9, 26.9, 26.86, 26.86, 26.86, 26.85, 26.84, 26.83, 26.73, 26.71, 26.7, 26.69, 26.68, 26.68], [26.9, 26.9, 26.9, 26.9, 26.9, 26.9, 26.9, 26.85, 26.85, 26.85, 26.85, 26.85, 26.84, 26.82, 26.73, 26.72, 26.71, 26.7, 26.69, 26.69]]}]