gis_exercise/awsData/contour/wdir_2023090102.json
[{"header": {"refTime": "2023-09-01T02:00:00.000Z", "nx": 21, "ny": 33, "lo1": 113.509, "la1": 22.2235, "lo2": 113.5947, "la2": 22.1034, "dx": 0.0042850000000001385, "dy": 0.003753125000000024, "parameterCategory": 2, "parameterCategoryName": "Temperature", "parameterNumber": 2}, "data": [0.65, 0.63, 0.61, 0.83, 0.78, 0.78, 0.71, 0.64, 0.63, 0.73, 0.87, 1.0, 1.34, 1.42, 1.26, 1.3, 2.05, 2.05, 2.05, 2.05, 0.66, 0.65, 0.63, 0.6, 0.79, 0.72, 0.65, 0.52, 0.44, 0.61, 0.85, 1.04, 1.39, 1.48, 1.31, 2.05, 2.04, 2.04, 2.04, 2.04, 0.67, 0.66, 0.65, 0.62, 0.82, 0.74, 0.61, 0.42, 0.03, 0.51, 0.89, 1.13, 1.49, 1.56, 2.05, 2.04, 2.04, 2.03, 2.03, 2.03, 0.69, 0.68, 0.67, 0.65, 0.63, 0.8, 0.7, 0.53, 0.37, 0.68, 1.03, 1.3, 1.64, 1.99, 2.04, 2.04, 2.03, 2.02, 2.01, 2.02, 0.7, 0.7, 0.7, 0.69, 0.69, 0.9, 0.86, 0.81, 0.79, 0.97, 1.21, 1.97, 1.92, 1.99, 2.04, 2.03, 2.01, 1.99, 1.99, 2.0, 0.72, 0.72, 0.73, 0.73, 0.74, 0.76, 1.03, 1.05, 1.09, 1.13, 1.98, 2.0, 1.98, 2.36, 2.06, 2.02, 1.97, 1.95, 1.97, 1.99, 1.02, 0.74, 0.75, 0.77, 0.79, 0.84, 1.34, 1.25, 1.31, 1.79, 1.87, 2.1, 2.53, 2.54, 2.1, 2.02, 1.92, 1.88, 2.05, 2.12, 1.01, 1.01, 1.01, 1.4, 1.4, 1.24, 1.31, 1.42, 1.6, 1.76, 1.74, 2.5, 2.64, 2.7, 2.61, 2.4, 2.13, 2.03, 2.18, 2.28, 1.0, 0.99, 0.98, 0.98, 1.33, 1.35, 1.43, 1.35, 1.72, 1.81, 2.35, 2.65, 2.93, 2.8, 2.68, 2.49, 2.31, 2.24, 2.27, 2.32, 1.25, 1.23, 1.2, 0.94, 0.9, 1.17, 1.35, 1.55, 1.88, 1.85, 2.53, 2.76, 3.0, 2.84, 2.72, 2.57, 2.44, 2.37, 2.36, 2.37, 1.25, 1.23, 1.2, 1.14, 1.04, 0.73, 1.2, 1.55, 1.83, 1.99, 2.55, 2.71, 2.79, 2.77, 2.72, 2.61, 2.52, 2.46, 2.43, 2.43, 1.25, 1.23, 1.2, 1.17, 1.11, 1.09, 1.32, 1.8, 2.05, 2.31, 2.55, 2.87, 2.91, 2.71, 2.71, 2.63, 2.56, 2.39, 2.36, 2.35, 1.26, 1.24, 1.22, 1.2, 1.18, 1.18, 1.24, 1.66, 1.92, 1.74, 2.31, 2.83, 2.87, 2.78, 2.76, 2.49, 2.44, 2.4, 2.38, 2.36, 1.26, 1.25, 1.24, 1.23, 1.21, 1.18, 1.02, 1.38, 1.6, 1.62, 2.23, 2.67, 2.67, 2.66, 2.68, 2.45, 2.42, 2.4, 2.38, 2.37, 1.27, 1.27, 1.26, 1.25, 1.24, 1.23, 1.24, 1.44, 1.55, 1.6, 1.6, 2.0, 2.6, 2.57, 2.55, 2.4, 2.39, 2.39, 2.38, 2.37, 1.28, 1.28, 0.91, 0.91, 0.92, 1.39, 1.39, 1.43, 1.48, 1.51, 1.92, 1.95, 1.99, 2.2, 2.22, 2.9, 3.01, 3.12, 2.83, 2.87, 0.92, 0.92, 0.92, 0.93, 1.41, 1.39, 1.39, 1.39, 1.41, 1.43, 1.83, 1.91, 1.98, 2.05, 2.36, 2.4, 2.48, 2.54, 2.58, 2.6, 0.93, 0.93, 0.94, 0.95, 1.4, 1.39, 1.36, 1.33, 1.32, 1.32, 1.42, 1.87, 1.97, 2.34, 2.21, 2.38, 2.5, 2.56, 2.6, 2.62, 0.93, 0.94, 0.95, 1.42, 1.4, 1.37, 1.34, 1.27, 1.2, 1.3, 1.68, 1.82, 2.39, 2.42, 2.37, 2.46, 2.55, 2.61, 2.64, 2.65, 0.94, 0.95, 1.41, 1.4, 1.39, 1.38, 1.35, 1.3, 1.4, 1.55, 1.7, 1.82, 2.48, 2.58, 2.54, 2.59, 2.65, 2.69, 2.69, 2.68, 1.44, 1.44, 1.44, 1.44, 1.44, 1.44, 1.43, 1.41, 1.61, 1.68, 1.77, 1.85, 2.61, 2.63, 2.67, 2.74, 2.78, 2.78, 2.75, 2.71, 1.47, 1.48, 1.48, 1.49, 1.5, 1.51, 1.52, 1.79, 1.77, 1.81, 1.86, 1.9, 3.1, 2.72, 2.79, 2.89, 2.95, 2.9, 2.79, 2.72, 1.5, 1.51, 1.52, 1.9, 1.89, 1.9, 1.9, 1.93, 1.96, 1.98, 1.99, 2.67, 2.74, 2.77, 2.87, 3.05, 3.26, 3.03, 2.78, 2.7, 1.93, 1.93, 1.93, 1.94, 1.95, 1.96, 1.99, 2.04, 2.1, 2.13, 2.1, 2.98, 2.71, 2.79, 2.9, 3.07, 3.94, 2.75, 2.62, 2.64, 1.95, 1.96, 1.96, 1.98, 1.99, 2.02, 2.06, 2.12, 2.2, 2.27, 2.19, 2.89, 3.12, 2.75, 2.81, 2.83, 2.49, 1.97, 2.45, 2.57, 1.97, 1.98, 1.99, 2.01, 2.03, 2.06, 2.1, 2.15, 2.22, 2.28, 2.66, 2.84, 3.04, 2.7, 2.73, 2.68, 2.51, 2.39, 2.47, 2.55, 1.99, 2.0, 2.01, 2.03, 2.05, 2.08, 2.12, 2.16, 2.2, 2.22, 2.67, 2.79, 2.96, 2.65, 2.66, 2.64, 2.57, 2.53, 2.55, 2.59, 2.0, 2.01, 2.03, 2.05, 2.07, 2.1, 2.13, 2.17, 2.2, 2.61, 2.61, 2.12, 2.01, 1.89, 2.63, 2.62, 2.6, 2.58, 2.58, 2.6, 2.01, 2.03, 2.04, 2.06, 2.08, 2.11, 2.14, 2.17, 2.21, 2.53, 2.28, 2.16, 2.04, 1.93, 2.6, 2.61, 2.61, 2.6, 2.6, 2.61, 2.02, 2.03, 2.05, 2.07, 2.09, 2.11, 2.14, 2.17, 2.16, 2.21, 2.24, 2.16, 2.05, 1.95, 2.59, 2.6, 2.61, 2.61, 2.61, 2.62, 2.03, 2.04, 2.06, 2.07, 2.09, 2.11, 2.14, 2.16, 2.13, 2.16, 2.16, 2.11, 2.04, 1.96, 2.58, 2.6, 2.61, 2.61, 2.62, 2.62, 2.03, 2.05, 2.06, 2.07, 2.09, 2.11, 2.13, 2.08, 2.1, 2.11, 2.1, 2.07, 2.01, 1.95, 2.58, 2.6, 2.61, 2.61, 2.62, 2.63]}, {"header": {"refTime": "2023-09-01T02:00:00.000Z", "nx": 21, "ny": 33, "lo1": 113.509, "la1": 22.2235, "lo2": 113.5947, "la2": 22.1034, "dx": 0.0042850000000001385, "dy": 0.003753125000000024, "parameterCategory": 2, "parameterCategoryName": "Temperature", "parameterNumber": 3}, "data": [-1.91, -1.85, -1.78, -1.07, -1.02, -0.69, -0.62, -0.55, -0.51, -0.37, -0.42, -0.46, -1.08, -1.15, -1.57, -1.75, -2.95, -3.05, -3.13, -3.19, -1.95, -1.9, -1.82, -1.72, -1.03, -0.94, -0.6, -0.47, -0.38, -0.32, -0.41, -0.46, -1.07, -1.14, -1.59, -2.82, -2.99, -3.11, -3.2, -3.25, -2.0, -1.95, -1.88, -1.79, -1.07, -0.98, -0.82, -0.4, -0.09, -0.27, -0.41, -0.48, -1.06, -1.14, -2.57, -2.84, -3.06, -3.21, -3.3, -3.34, -2.07, -2.02, -1.97, -1.88, -1.76, -1.06, -0.94, -0.73, -0.54, -0.36, -0.47, -0.5, -0.99, -1.39, -2.52, -2.9, -3.19, -3.36, -3.44, -3.46, -2.14, -2.11, -2.07, -2.01, -1.92, -1.19, -1.14, -1.07, -1.02, -0.53, -0.57, -1.26, -0.77, -1.3, -2.56, -3.05, -3.41, -3.6, -3.64, -3.6, -2.22, -2.21, -2.19, -2.16, -2.1, -2.02, -1.36, -1.39, -1.4, -1.37, -1.75, -1.55, -1.23, -2.17, -2.76, -3.3, -3.77, -3.97, -3.88, -3.74, -3.15, -2.32, -2.33, -2.33, -2.3, -2.25, -2.53, -1.7, -1.74, -2.25, -2.26, -2.15, -2.91, -2.85, -3.06, -3.57, -4.24, -4.49, -4.22, -4.01, -3.17, -3.18, -3.19, -3.67, -3.62, -2.75, -2.6, -2.42, -2.34, -2.16, -1.83, -3.44, -3.74, -3.39, -4.53, -4.65, -4.8, -4.86, -4.78, -4.72, -3.19, -3.21, -3.23, -3.26, -3.71, -3.66, -3.51, -2.54, -2.56, -2.31, -2.99, -3.64, -4.13, -3.9, -4.54, -4.62, -4.71, -4.75, -4.73, -4.7, -3.9, -3.9, -3.9, -3.33, -3.42, -3.82, -3.76, -3.67, -2.95, -2.79, -3.36, -3.79, -4.21, -3.94, -4.55, -4.6, -4.65, -4.68, -4.69, -4.68, -3.89, -3.89, -3.89, -3.89, -3.91, -3.94, -3.99, -4.15, -4.05, -3.25, -3.81, -3.69, -3.85, -3.82, -4.55, -4.58, -4.62, -4.64, -4.65, -4.65, -3.88, -3.87, -3.86, -3.86, -3.86, -3.87, -3.94, -4.3, -4.5, -4.42, -3.97, -4.55, -4.54, -3.71, -4.55, -4.57, -4.6, -4.46, -4.47, -4.46, -3.87, -3.86, -3.84, -3.82, -3.78, -3.69, -3.62, -4.08, -4.36, -4.21, -4.34, -4.57, -4.55, -4.09, -4.06, -4.35, -4.36, -4.37, -4.38, -4.39, -3.86, -3.84, -3.82, -3.79, -3.72, -3.56, -3.18, -3.74, -4.03, -4.08, -4.27, -4.4, -4.32, -4.26, -3.96, -4.22, -4.25, -4.27, -4.3, -4.32, -3.85, -3.84, -3.81, -3.78, -3.72, -3.63, -3.58, -3.71, -3.88, -3.95, -3.97, -4.03, -4.2, -4.12, -4.06, -4.08, -4.12, -4.17, -4.22, -4.25, -3.85, -3.83, -3.52, -3.49, -3.46, -3.69, -3.7, -3.77, -3.84, -3.89, -4.03, -3.95, -3.85, -3.74, -3.7, -3.88, -3.95, -4.02, -4.15, -4.21, -3.55, -3.54, -3.53, -3.52, -3.76, -3.75, -3.77, -3.8, -3.83, -3.86, -3.95, -3.88, -3.77, -3.64, -3.56, -3.72, -3.85, -3.95, -4.02, -4.07, -3.55, -3.55, -3.54, -3.54, -3.78, -3.79, -3.8, -3.82, -3.83, -3.56, -3.5, -3.84, -3.72, -3.56, -3.39, -3.68, -3.86, -3.98, -4.05, -4.1, -3.56, -3.56, -3.56, -3.8, -3.8, -3.81, -3.82, -3.83, -3.76, -3.62, -3.18, -3.1, -3.73, -3.64, -3.65, -3.79, -3.94, -4.04, -4.11, -4.15, -3.56, -3.57, -2.8, -2.84, -2.89, -2.98, -3.11, -3.32, -3.48, -3.27, -3.1, -3.02, -3.8, -3.77, -3.89, -3.97, -4.07, -4.14, -4.18, -4.2, -2.72, -2.73, -2.75, -2.77, -2.81, -2.86, -2.94, -3.03, -3.11, -3.02, -2.93, -2.89, -3.88, -4.04, -4.08, -4.14, -4.21, -4.25, -4.26, -4.26, -2.68, -2.69, -2.69, -2.7, -2.71, -2.72, -2.73, -2.67, -2.76, -2.72, -2.69, -2.71, -3.06, -4.16, -4.22, -4.29, -4.35, -4.36, -4.34, -4.32, -2.64, -2.64, -2.63, -2.52, -2.51, -2.49, -2.45, -2.38, -2.29, -2.24, -2.24, -2.86, -3.3, -4.25, -4.32, -4.4, -4.48, -4.46, -4.41, -4.37, -2.5, -2.49, -2.48, -2.45, -2.42, -2.37, -2.28, -2.14, -1.97, -1.88, -1.98, -2.36, -3.22, -3.6, -3.94, -4.46, -4.62, -4.51, -4.44, -4.39, -2.47, -2.45, -2.43, -2.4, -2.35, -2.28, -2.16, -1.98, -1.68, -1.43, -1.78, -2.27, -2.62, -3.55, -3.9, -4.18, -4.49, -4.46, -4.44, -4.4, -2.45, -2.43, -2.4, -2.36, -2.31, -2.23, -2.12, -1.95, -1.68, -1.47, -1.91, -2.28, -2.58, -3.49, -3.81, -4.27, -4.35, -4.37, -4.42, -4.39, -2.43, -2.4, -2.38, -2.34, -2.29, -2.23, -2.14, -2.04, -1.93, -1.91, -2.16, -2.37, -2.58, -3.87, -4.04, -4.16, -4.24, -4.27, -4.27, -4.25, -2.41, -2.39, -2.36, -2.33, -2.29, -2.24, -2.19, -2.15, -2.14, -2.3, -2.39, -2.43, -2.54, -2.69, -3.93, -4.05, -4.14, -4.18, -4.2, -4.2, -2.4, -2.38, -2.36, -2.33, -2.3, -2.27, -2.25, -2.24, -2.28, -2.47, -2.54, -2.51, -2.56, -2.68, -3.83, -3.96, -4.05, -4.1, -4.13, -4.14, -2.4, -2.38, -2.36, -2.34, -2.32, -2.3, -2.29, -2.29, -2.41, -2.48, -2.54, -2.54, -2.58, -2.67, -3.76, -3.89, -3.97, -4.03, -4.07, -4.09, -2.39, -2.38, -2.36, -2.35, -2.33, -2.32, -2.31, -2.32, -2.44, -2.49, -2.52, -2.55, -2.59, -2.66, -3.72, -3.83, -3.92, -3.98, -4.02, -4.04, -2.39, -2.38, -2.37, -2.35, -2.34, -2.33, -2.33, -2.44, -2.47, -2.5, -2.53, -2.56, -2.61, -2.66, -3.71, -3.8, -3.88, -3.93, -3.98, -4.0]}, {"header": {"refTime": "2023-09-01T02:00:00.000Z", "nx": 21, "ny": 33, "lo1": 113.509, "la1": 22.2235, "lo2": 113.5947, "la2": 22.1034, "dx": 0.0042850000000001385, "dy": 0.003753125000000024, "parameterCategory": 0, "parameterCategoryName": "Temperature", "parameterNumber": 0}, "data": [[27.64, 27.62, 27.6, 27.34, 27.32, 27.58, 27.54, 27.5, 27.5, 27.48, 27.57, 27.66, 27.92, 27.97, 28.0, 28.02, 28.35, 28.34, 28.34, 28.33], [27.65, 27.63, 27.61, 27.58, 27.33, 27.3, 27.5, 27.41, 27.36, 27.41, 27.57, 27.7, 27.98, 28.03, 28.05, 28.36, 28.35, 28.34, 28.33, 28.33], [27.67, 27.65, 27.63, 27.6, 27.34, 27.31, 27.26, 27.34, 27.09, 27.35, 27.6, 27.78, 28.07, 28.1, 28.38, 28.36, 28.34, 28.33, 28.32, 28.32], [27.69, 27.68, 27.66, 27.63, 27.59, 27.34, 27.3, 27.23, 27.17, 27.44, 27.69, 27.92, 28.22, 28.27, 28.39, 28.36, 28.33, 28.32, 28.31, 28.31], [27.71, 27.71, 27.69, 27.67, 27.64, 27.38, 27.36, 27.34, 27.32, 27.57, 27.77, 28.29, 28.47, 28.31, 28.39, 28.34, 28.32, 28.3, 28.3, 28.3], [27.74, 27.74, 27.73, 27.72, 27.7, 27.68, 27.44, 27.45, 27.45, 27.43, 28.03, 28.2, 28.34, 28.47, 28.37, 28.32, 28.29, 28.27, 28.28, 28.29], [28.08, 27.77, 27.78, 27.78, 27.77, 27.75, 27.82, 27.56, 27.57, 27.69, 27.68, 28.04, 28.37, 28.4, 28.34, 28.3, 28.25, 28.23, 28.27, 28.3], [28.09, 28.09, 28.09, 28.09, 28.08, 27.9, 27.85, 27.8, 27.78, 27.66, 27.53, 27.95, 27.96, 28.4, 28.2, 28.2, 28.2, 28.2, 28.2, 28.2], [28.01, 28.02, 28.11, 28.12, 28.12, 28.1, 28.04, 27.83, 27.67, 27.72, 27.71, 27.83, 27.88, 27.81, 28.2, 28.2, 28.2, 28.2, 28.2, 28.2], [28.3, 28.3, 28.3, 28.07, 28.1, 28.19, 28.13, 28.04, 27.57, 27.59, 27.89, 27.75, 27.8, 27.77, 28.2, 28.2, 28.2, 28.2, 28.2, 28.2], [28.3, 28.3, 28.3, 28.3, 28.3, 28.3, 28.3, 28.3, 28.12, 27.66, 27.4, 27.7, 27.74, 27.74, 28.2, 28.2, 28.2, 28.2, 28.2, 28.2], [28.3, 28.3, 28.3, 28.3, 28.3, 28.3, 28.3, 28.3, 28.3, -999.0, 27.4, 28.2, 28.2, 27.72, 28.2, 28.2, 28.2, 27.18, 27.2, 27.21], [28.3, 28.3, 28.3, 28.3, 28.3, 28.3, 28.3, 28.3, 28.3, 28.3, -999.0, 28.2, 28.2, 27.02, 27.54, 27.54, 27.56, 27.34, 27.37, 27.39], [28.3, 28.3, 28.3, 28.3, 28.3, 28.3, 28.3, 28.3, 28.3, 28.3, -999.0, 26.4, 26.4, 26.4, 27.39, 27.39, 27.42, 27.2, 27.25, 27.28], [28.3, 28.3, 28.3, 28.3, 28.3, 28.3, 28.3, 28.1, 28.1, 28.1, 28.1, 27.45, 26.4, 26.4, 26.4, 27.22, 27.28, 27.07, 27.13, 27.19], [28.3, 28.3, 28.17, 28.17, 28.17, 28.1, 28.1, 28.1, 28.1, 28.1, 27.03, 27.15, 26.99, 26.85, 27.01, 27.1, 27.2, 27.02, 27.39, 27.46], [28.17, 28.17, 28.23, 28.23, 28.1, 28.1, 28.1, 28.1, 28.1, 28.1, 27.37, 27.16, 26.94, 26.73, 26.81, 26.81, 26.95, 27.06, 27.14, 27.2], [28.23, 28.23, 28.22, 28.22, 28.1, 28.1, 28.1, 28.1, 28.1, 27.67, 27.44, 27.18, 26.92, 26.83, 26.46, 26.76, 26.97, 27.1, 27.18, 27.23], [28.22, 28.22, 28.22, 28.1, 28.1, 28.1, 28.1, 28.1, 27.95, 27.77, 27.57, 27.36, 27.21, 26.97, 26.73, 26.89, 27.06, 27.17, 27.24, 27.28], [28.22, 28.22, 27.99, 27.99, 28.0, 28.01, 28.03, 28.07, 27.92, 27.77, 27.6, 27.42, 27.33, 27.2, 27.01, 27.09, 27.2, 27.28, 27.33, 27.35], [27.98, 27.98, 27.98, 28.02, 28.02, 28.03, 28.03, 28.04, 27.79, 27.72, 27.6, 27.47, 27.45, 27.18, 27.22, 27.3, 27.37, 27.41, 27.42, 27.41], [28.01, 28.01, 28.01, 28.01, 28.01, 28.01, 28.02, 28.05, 27.73, 27.69, 27.61, 27.52, 27.5, 27.31, 27.38, 27.47, 27.54, 27.54, 27.51, 27.47], [28.0, 28.0, 28.0, 28.05, 28.05, 28.05, 28.04, 28.03, 28.02, 28.02, 28.02, 28.06, 27.83, 27.41, 27.49, 27.62, 27.74, 27.67, 27.57, 27.51], [28.06, 28.06, 28.05, 28.05, 28.05, 28.04, 28.03, 28.02, 28.0, 27.99, 28.0, 28.07, 27.83, 27.82, 27.82, 27.68, 28.01, 27.66, 27.57, 27.52], [28.06, 28.06, 28.05, 28.05, 28.05, 28.04, 28.03, 28.01, 27.97, 27.94, 27.99, 28.07, 28.11, 27.81, 27.8, 27.78, 27.59, 27.46, 27.53, 27.52], [28.06, 28.06, 28.05, 28.05, 28.05, 28.04, 28.03, 28.01, 27.98, 27.95, 28.02, 28.07, 28.11, 27.8, 27.78, 27.8, 27.72, 27.68, 27.52, 27.51], [28.06, 28.06, 28.06, 28.05, 28.05, 28.05, 28.04, 28.03, 28.02, 28.02, 28.07, 28.1, 28.12, 27.91, 27.86, 27.82, 27.77, 27.75, 27.76, 27.78], [28.06, 28.06, 28.06, 28.06, 28.06, 28.06, 28.05, 28.06, 28.07, 28.11, 28.12, 27.96, 27.89, 27.82, 27.89, 27.84, 27.81, 27.79, 27.79, 27.8], [28.06, 28.06, 28.06, 28.06, 28.06, 28.06, 28.07, 28.08, 28.1, 28.15, 28.14, 28.02, 27.93, 27.85, 27.91, 27.87, 27.84, 27.82, 27.82, 27.82], [28.06, 28.06, 28.06, 28.07, 28.07, 28.07, 28.08, 28.09, 28.0, 28.06, 28.1, 28.02, 27.94, 27.87, 27.92, 27.89, 27.86, 27.85, 27.84, 27.83], [28.07, 28.07, 28.07, 28.07, 28.07, 28.07, 28.08, 28.09, 27.98, 28.01, 28.02, 27.98, 27.93, 27.87, 27.93, 27.9, 27.88, 27.87, 27.85, 27.85], [28.07, 28.07, 28.07, 28.07, 28.07, 28.08, 28.08, 27.94, 27.96, 27.97, 27.97, 27.95, 27.91, 27.87, 27.94, 27.91, 27.89, 27.88, 27.87, 27.86]]}]