gis_exercise/awsData/contour/wdir_2023091014.json
[{"header": {"refTime": "2023-09-10T14:00:00.000Z", "nx": 21, "ny": 33, "lo1": 113.509, "la1": 22.2235, "lo2": 113.5947, "la2": 22.1034, "dx": 0.0042850000000001385, "dy": 0.003753125000000024, "parameterCategory": 2, "parameterCategoryName": "Temperature", "parameterNumber": 2}, "data": [-0.41, -0.41, -0.4, -0.46, -0.45, -0.57, -0.55, -0.53, -0.53, -0.6, -0.67, -0.73, -0.99, -1.03, -1.22, -1.28, -1.69, -1.71, -1.72, -1.73, -0.42, -0.41, -0.41, -0.4, -0.45, -0.44, -0.52, -0.47, -0.45, -0.55, -0.66, -0.75, -1.02, -1.07, -1.25, -1.67, -1.7, -1.72, -1.74, -1.75, -0.42, -0.42, -0.41, -0.41, -0.46, -0.44, -0.41, -0.43, -0.29, -0.5, -0.68, -0.81, -1.08, -1.11, -1.62, -1.67, -1.71, -1.74, -1.76, -1.77, -0.42, -0.42, -0.42, -0.41, -0.41, -0.46, -0.43, -0.39, -0.35, -0.57, -0.75, -0.9, -1.16, -1.26, -1.62, -1.69, -1.74, -1.78, -1.79, -1.79, -0.43, -0.43, -0.43, -0.42, -0.42, -0.48, -0.47, -0.46, -0.45, -0.69, -0.82, -1.25, -1.29, -1.27, -1.62, -1.72, -1.79, -1.83, -1.84, -1.82, -0.43, -0.43, -0.43, -0.43, -0.43, -0.44, -0.51, -0.51, -0.52, -0.55, -1.17, -1.24, -1.28, -1.49, -1.65, -1.76, -1.87, -1.91, -1.89, -1.86, -0.59, -0.44, -0.44, -0.44, -0.45, -0.45, -0.59, -0.55, -0.57, -0.85, -0.93, -1.24, -1.56, -1.56, -1.69, -1.81, -1.97, -2.03, -1.97, -1.91, -0.59, -0.59, -0.59, -0.46, -0.47, -0.57, -0.58, -0.59, -0.65, -0.83, -0.83, -1.44, -1.54, -1.62, -1.86, -1.94, -2.03, -2.07, -2.02, -1.98, -0.6, -0.59, -0.59, -0.58, -0.46, -0.47, -0.48, -0.59, -0.57, -0.87, -1.26, -1.49, -1.64, -1.57, -1.85, -1.91, -1.97, -2.0, -1.98, -1.97, -0.52, -0.52, -0.52, -0.58, -0.56, -0.46, -0.46, -0.45, -0.53, -0.55, -1.39, -1.53, -1.65, -1.58, -1.84, -1.89, -1.93, -1.95, -1.95, -1.95, -0.52, -0.52, -0.52, -0.52, -0.51, -0.48, -0.49, -0.47, -0.41, -0.49, -0.99, -1.49, -1.54, -1.54, -1.85, -1.87, -1.9, -1.92, -1.93, -1.93, -0.53, -0.53, -0.53, -0.53, -0.53, -0.52, -0.51, -0.44, -0.39, -0.73, -0.91, -1.3, -1.38, -1.5, -1.85, -1.87, -1.89, -1.77, -1.77, -1.77, -0.53, -0.53, -0.54, -0.54, -0.55, -0.58, -0.61, -0.49, -0.42, -0.46, -0.86, -1.21, -1.3, -1.56, -1.54, -1.69, -1.7, -1.71, -1.72, -1.73, -0.54, -0.54, -0.54, -0.55, -0.57, -0.62, -0.72, -0.58, -0.5, -0.49, -0.84, -1.03, -1.1, -1.14, -1.49, -1.62, -1.63, -1.65, -1.67, -1.68, -0.54, -0.54, -0.55, -0.56, -0.58, -0.6, -0.62, -0.74, -0.73, -0.74, -0.76, -0.9, -1.08, -1.11, -1.13, -1.54, -1.56, -1.59, -1.62, -1.64, -0.54, -0.54, -0.84, -0.84, -0.85, -0.81, -0.81, -0.82, -0.83, -0.83, -0.94, -0.96, -0.99, -1.32, -1.3, -1.34, -1.37, -1.39, -1.5, -1.53, -0.86, -0.86, -0.87, -0.88, -0.85, -0.87, -0.89, -0.93, -0.94, -0.93, -1.01, -1.01, -1.03, -1.06, -1.2, -1.0, -0.95, -0.91, -0.88, -0.86, -0.87, -0.88, -0.89, -0.91, -0.89, -0.92, -0.98, -1.06, -1.09, -1.19, -1.17, -1.05, -1.05, -1.2, -1.14, -1.02, -0.95, -0.9, -0.87, -0.85, -0.89, -0.9, -0.92, -0.89, -0.92, -0.97, -1.04, -1.17, -1.32, -1.24, -1.3, -1.27, -1.26, -1.23, -1.03, -0.98, -0.92, -0.88, -0.85, -0.83, -0.9, -0.92, -1.18, -1.19, -1.2, -1.22, -1.25, -1.29, -1.34, -1.32, -1.3, -1.28, -1.29, -1.27, -0.95, -0.92, -0.89, -0.85, -0.83, -0.81, -1.18, -1.19, -1.19, -1.2, -1.22, -1.23, -1.25, -1.27, -1.33, -1.32, -1.31, -1.29, -1.31, -0.89, -0.89, -0.88, -0.85, -0.83, -0.8, -0.78, -1.19, -1.2, -1.21, -1.22, -1.23, -1.25, -1.26, -1.29, -1.33, -1.33, -1.32, -1.3, -1.34, -0.85, -0.85, -0.85, -0.84, -0.81, -0.77, -0.75, -1.2, -1.21, -1.22, -1.25, -1.26, -1.27, -1.27, -1.28, -1.29, -1.29, -1.28, -1.42, -0.95, -0.82, -0.82, -0.85, -0.9, -0.8, -0.72, -0.71, -1.24, -1.24, -1.24, -1.25, -1.25, -1.26, -1.27, -1.28, -1.3, -1.3, -1.28, -1.3, -0.96, -0.89, -0.84, -0.82, -1.14, -0.64, -0.62, -0.66, -1.23, -1.23, -1.24, -1.24, -1.24, -1.25, -1.26, -1.28, -1.32, -1.35, -1.29, -1.29, -1.29, -0.88, -0.81, -0.75, -0.53, -0.29, -0.54, -0.62, -1.23, -1.23, -1.23, -1.23, -1.23, -1.23, -1.24, -1.26, -1.3, -1.33, -1.29, -1.26, -1.27, -0.88, -0.8, -0.64, -0.54, -0.48, -0.56, -0.62, -1.22, -1.22, -1.22, -1.22, -1.22, -1.22, -1.22, -1.22, -1.23, -1.22, -1.21, -1.21, -1.23, -0.72, -0.69, -0.64, -0.6, -0.57, -0.58, -0.6, -1.21, -1.21, -1.21, -1.21, -1.2, -1.2, -1.19, -1.18, -1.16, -1.13, -1.1, -0.87, -0.8, -0.71, -0.7, -0.66, -0.63, -0.61, -0.61, -0.62, -1.21, -1.21, -1.2, -1.2, -1.19, -1.18, -1.17, -1.15, -1.1, -1.04, -0.89, -0.86, -0.8, -0.72, -0.71, -0.68, -0.66, -0.64, -0.64, -0.64, -1.2, -1.2, -1.2, -1.19, -1.18, -1.17, -1.15, -1.13, -0.89, -0.89, -0.88, -0.85, -0.8, -0.74, -0.72, -0.7, -0.68, -0.66, -0.66, -0.65, -1.2, -1.2, -1.19, -1.18, -1.17, -1.16, -1.15, -1.12, -0.87, -0.87, -0.86, -0.83, -0.79, -0.74, -0.73, -0.71, -0.69, -0.68, -0.67, -0.67, -1.2, -1.19, -1.19, -1.18, -1.17, -1.16, -1.14, -0.86, -0.85, -0.85, -0.83, -0.81, -0.78, -0.74, -0.73, -0.71, -0.7, -0.69, -0.68, -0.68]}, {"header": {"refTime": "2023-09-10T14:00:00.000Z", "nx": 21, "ny": 33, "lo1": 113.509, "la1": 22.2235, "lo2": 113.5947, "la2": 22.1034, "dx": 0.0042850000000001385, "dy": 0.003753125000000024, "parameterCategory": 2, "parameterCategoryName": "Temperature", "parameterNumber": 3}, "data": [1.2, 1.18, 1.15, 0.7, 0.69, 1.02, 0.99, 0.97, 0.97, 1.03, 1.13, 1.22, 1.97, 2.05, 2.55, 2.68, 3.63, 3.69, 3.74, 3.77, 1.22, 1.2, 1.16, 1.12, 0.69, 0.68, 0.95, 0.89, 0.86, 0.96, 1.12, 1.26, 2.02, 2.1, 2.59, 3.55, 3.65, 3.73, 3.79, 3.82, 1.24, 1.22, 1.19, 1.14, 0.7, 0.69, 0.67, 0.82, 0.63, 0.9, 1.16, 1.35, 2.1, 2.17, 3.41, 3.57, 3.7, 3.8, 3.86, 3.88, 1.27, 1.25, 1.22, 1.18, 1.12, 0.7, 0.68, 0.65, 0.63, 0.99, 1.24, 1.5, 2.2, 2.29, 3.38, 3.61, 3.79, 3.91, 3.95, 3.96, 1.31, 1.29, 1.27, 1.23, 1.18, 0.71, 0.71, 0.7, 0.69, 1.12, 1.33, 2.24, 2.27, 2.31, 3.4, 3.7, 3.94, 4.07, 4.09, 4.06, 1.35, 1.34, 1.32, 1.29, 1.25, 1.18, 0.73, 0.74, 0.74, 0.75, 2.08, 2.25, 2.32, 2.89, 3.5, 3.86, 4.19, 4.33, 4.26, 4.16, 1.76, 1.39, 1.39, 1.38, 1.34, 1.27, 1.23, 0.77, 0.78, 1.37, 1.54, 2.34, 3.17, 3.13, 3.65, 4.02, 4.52, 4.7, 4.4, 4.21, 1.78, 1.78, 1.79, 1.74, 1.71, 1.44, 1.28, 1.06, 0.98, 1.28, 1.15, 2.92, 3.22, 3.3, 4.07, 4.34, 4.67, 4.79, 4.61, 4.49, 1.8, 1.82, 1.83, 1.85, 1.82, 1.77, 1.62, 1.21, 0.97, 1.42, 2.32, 2.95, 3.28, 3.12, 4.01, 4.23, 4.44, 4.54, 4.5, 4.44, 2.05, 2.07, 2.09, 1.93, 2.0, 2.01, 1.83, 1.63, 1.1, 1.07, 2.64, 2.98, 3.26, 3.11, 3.98, 4.15, 4.29, 4.37, 4.39, 4.37, 2.05, 2.06, 2.08, 2.12, 2.2, 2.43, 2.13, 1.97, 1.65, 1.2, 2.12, 2.91, 3.03, 3.02, 3.98, 4.1, 4.2, 4.27, 4.3, 4.31, 2.04, 2.05, 2.07, 2.09, 2.13, 2.15, 2.03, 1.86, 1.79, 2.11, 2.07, 3.01, 3.12, 2.94, 3.99, 4.08, 4.15, 3.94, 3.96, 3.97, 2.03, 2.04, 2.04, 2.05, 2.04, 2.0, 1.92, 1.86, 1.81, 1.86, 2.26, 2.9, 3.01, 3.33, 3.31, 3.71, 3.76, 3.81, 3.84, 3.86, 2.02, 2.02, 2.02, 2.01, 1.99, 1.94, 1.87, 1.88, 1.87, 1.89, 2.22, 2.58, 2.66, 2.71, 3.22, 3.58, 3.63, 3.68, 3.73, 3.76, 2.01, 2.01, 2.01, 1.99, 1.97, 1.94, 1.91, 1.77, 1.75, 1.75, 1.75, 2.05, 2.63, 2.67, 2.69, 3.43, 3.49, 3.56, 3.62, 3.68, 2.0, 2.0, 2.01, 2.0, 1.98, 1.77, 1.77, 1.76, 1.75, 1.75, 2.01, 2.09, 2.18, 2.65, 2.67, 3.02, 3.06, 3.11, 3.54, 3.6, 2.01, 2.0, 1.99, 1.98, 1.76, 1.76, 1.76, 1.75, 1.75, 1.75, 2.02, 2.12, 2.24, 2.38, 2.66, 2.96, 3.06, 3.14, 3.2, 3.24, 2.0, 1.99, 1.98, 1.96, 1.76, 1.76, 1.75, 1.75, 1.74, 1.95, 2.04, 2.13, 2.27, 2.65, 2.67, 2.92, 3.07, 3.16, 3.22, 3.26, 1.99, 1.98, 1.97, 1.76, 1.75, 1.75, 1.75, 1.74, 1.78, 1.9, 2.13, 2.25, 2.58, 2.65, 2.9, 3.01, 3.13, 3.21, 3.26, 3.3, 1.98, 1.97, 1.96, 1.95, 1.94, 1.92, 1.89, 1.85, 1.9, 2.01, 2.14, 2.24, 2.6, 2.68, 3.09, 3.15, 3.23, 3.28, 3.32, 3.34, 1.98, 1.98, 1.97, 1.97, 1.96, 1.95, 1.94, 1.92, 2.04, 2.1, 2.17, 2.25, 2.63, 3.21, 3.23, 3.28, 3.33, 3.37, 3.38, 3.39, 1.99, 1.99, 1.99, 1.99, 1.99, 1.99, 1.99, 1.81, 2.14, 2.18, 2.22, 2.26, 2.88, 3.3, 3.34, 3.39, 3.44, 3.45, 3.45, 3.43, 2.0, 2.0, 2.01, 1.75, 1.77, 1.79, 1.82, 1.85, 1.89, 1.9, 1.87, 2.53, 3.19, 3.37, 3.42, 3.48, 3.52, 3.53, 3.5, 3.47, 1.71, 1.72, 1.73, 1.75, 1.77, 1.79, 1.84, 1.9, 1.98, 2.01, 1.94, 2.31, 3.16, 3.29, 3.41, 3.52, 3.58, 3.59, 3.54, 3.5, 1.7, 1.71, 1.72, 1.74, 1.76, 1.79, 1.84, 1.93, 2.09, 2.22, 2.01, 2.24, 2.32, 3.28, 3.4, 3.5, 3.59, 3.62, 3.55, 3.51, 1.69, 1.7, 1.71, 1.72, 1.74, 1.76, 1.81, 1.89, 2.04, 2.17, 2.16, 2.13, 2.2, 3.26, 3.37, 3.21, 3.35, 3.39, 3.54, 3.51, 1.68, 1.69, 1.69, 1.7, 1.71, 1.72, 1.74, 1.77, 1.81, 1.8, 1.93, 1.95, 2.06, 2.63, 2.87, 3.06, 3.18, 3.23, 3.23, 3.19, 1.67, 1.67, 1.67, 1.67, 1.67, 1.67, 1.66, 1.64, 1.58, 1.64, 1.56, 1.71, 1.92, 2.12, 2.71, 2.9, 3.03, 3.1, 3.12, 3.11, 1.66, 1.66, 1.65, 1.65, 1.64, 1.62, 1.59, 1.53, 1.41, 1.32, 1.05, 1.48, 1.78, 2.02, 2.57, 2.76, 2.89, 2.97, 3.01, 3.03, 1.65, 1.64, 1.64, 1.63, 1.61, 1.58, 1.54, 1.47, 1.58, 1.34, 1.19, 1.46, 1.74, 1.96, 2.47, 2.66, 2.78, 2.87, 2.92, 2.95, 1.64, 1.63, 1.62, 1.61, 1.59, 1.56, 1.52, 1.45, 1.64, 1.52, 1.48, 1.6, 1.77, 1.94, 2.42, 2.58, 2.7, 2.79, 2.85, 2.88, 1.63, 1.62, 1.61, 1.59, 1.57, 1.55, 1.51, 1.79, 1.72, 1.66, 1.65, 1.72, 1.83, 1.96, 2.39, 2.53, 2.64, 2.72, 2.78, 2.83]}, {"header": {"refTime": "2023-09-10T14:00:00.000Z", "nx": 21, "ny": 33, "lo1": 113.509, "la1": 22.2235, "lo2": 113.5947, "la2": 22.1034, "dx": 0.0042850000000001385, "dy": 0.003753125000000024, "parameterCategory": 0, "parameterCategoryName": "Temperature", "parameterNumber": 0}, "data": [[24.92, 24.92, 24.91, 24.6, 24.61, 24.96, 24.96, 24.95, 24.95, 24.78, 24.79, 24.81, 25.13, 25.15, 25.22, 25.23, 25.35, 25.35, 25.35, 25.35], [24.92, 24.92, 24.91, 24.91, 24.61, 24.62, 24.94, 24.92, 24.91, 24.78, 24.8, 24.83, 25.15, 25.17, 25.24, 25.35, 25.35, 25.35, 25.35, 25.35], [24.93, 24.92, 24.92, 24.91, 24.61, 24.62, 24.65, 24.9, 24.83, 24.78, 24.81, 24.87, 25.19, 25.2, 25.35, 25.35, 25.35, 25.35, 25.35, 25.35], [24.93, 24.93, 24.92, 24.92, 24.91, 24.62, 24.64, 24.67, 24.69, 24.76, 24.82, 24.93, 25.25, 25.06, 25.35, 25.35, 25.35, 25.35, 25.35, 25.35], [24.94, 24.94, 24.93, 24.93, 24.92, 24.61, 24.62, 24.62, 24.61, 24.71, 24.79, 25.07, 25.26, 25.1, 25.35, 25.35, 25.36, 25.36, 25.36, 25.36], [24.94, 24.94, 24.94, 24.94, 24.93, 24.92, 24.61, 24.61, 24.57, 24.48, 24.77, 24.97, 25.14, 25.33, 25.34, 25.35, 25.36, 25.37, 25.36, 25.36], [25.01, 24.95, 24.95, 24.95, 24.95, 24.94, 24.7, 24.64, 24.61, 24.5, 24.43, 24.82, 25.29, 25.3, 25.33, 25.35, 25.38, 25.38, 25.4, 25.4], [25.01, 25.02, 25.02, 25.01, 25.01, 24.75, 24.73, 24.75, 24.8, 24.44, 24.13, 24.8, 24.81, 25.3, 25.33, 25.3, 25.35, 25.36, 25.34, 25.32], [24.99, 24.99, 25.02, 25.03, 25.03, 25.02, 25.0, 24.73, 24.58, 24.54, 24.4, 24.59, 24.68, 24.56, 25.32, 25.3, 25.32, 25.33, 25.33, 25.32], [25.1, 25.1, 25.1, 25.01, 25.02, 25.05, 25.03, 25.0, 24.33, 24.39, 24.69, 24.47, 24.54, 24.51, 25.32, 25.29, 25.3, 25.31, 25.31, 25.31], [25.1, 25.1, 25.1, 25.1, 25.1, 25.1, 25.1, 25.1, 25.03, 24.56, 23.9, 24.4, 24.45, 24.46, 25.32, 25.28, 25.29, 25.3, 25.3, 25.3], [25.1, 25.1, 25.1, 25.1, 25.1, 25.1, 25.1, 25.1, 25.1, -999.0, 23.9, 25.2, 25.2, 24.42, 25.32, 25.27, 25.28, 24.77, 24.79, 24.79], [25.1, 25.1, 25.1, 25.1, 25.1, 25.1, 25.1, 25.1, 25.1, 25.1, -999.0, 25.2, 25.2, 24.61, 24.87, 25.0, 25.01, 24.87, 24.89, 24.9], [25.1, 25.1, 25.1, 25.1, 25.1, 25.1, 25.1, 25.1, 25.1, 25.1, -999.0, 24.3, 24.3, 24.3, 24.79, 24.91, 24.93, 24.79, 24.82, 24.84], [25.1, 25.1, 25.1, 25.1, 25.1, 25.1, 25.1, 25.2, 25.2, 25.2, 25.2, 24.85, 24.3, 24.3, 24.3, 24.8, 24.84, 24.71, 24.75, 24.78], [25.1, 25.1, 25.16, 25.16, 25.17, 25.2, 25.2, 25.2, 25.2, 25.2, 24.63, 24.7, 24.61, 24.54, 24.62, 24.48, 24.51, 24.46, 24.72, 24.75], [25.16, 25.16, 25.14, 25.14, 25.2, 25.2, 25.2, 25.2, 25.2, 25.2, 24.81, 24.7, 24.58, 24.48, 24.46, 24.46, 24.52, 24.56, 24.6, 24.62], [25.14, 25.14, 25.14, 25.14, 25.2, 25.2, 25.2, 25.2, 25.2, 24.97, 24.85, 24.72, 24.58, 24.47, 24.32, 24.44, 24.53, 24.58, 24.61, 24.63], [25.14, 25.14, 25.14, 25.2, 25.2, 25.2, 25.2, 25.2, 25.12, 25.02, 24.94, 24.83, 24.64, 24.53, 24.43, 24.49, 24.56, 24.61, 24.64, 24.65], [25.14, 25.14, 25.2, 25.2, 25.2, 25.2, 25.2, 25.2, 25.12, 25.05, 24.96, 24.86, 24.68, 24.61, 24.54, 24.57, 24.61, 24.65, 24.67, 24.68], [25.2, 25.2, 25.2, 25.2, 25.2, 25.2, 25.2, 25.2, 25.06, 25.02, 24.97, 24.9, 24.72, 24.6, 24.62, 24.65, 24.68, 24.69, 24.7, 24.71], [25.2, 25.2, 25.2, 25.2, 25.2, 25.2, 25.2, 25.27, 25.04, 25.02, 24.98, 24.93, 24.75, 24.66, 24.68, 24.71, 24.73, 24.74, 24.74, 24.73], [25.2, 25.2, 25.2, 25.3, 25.3, 25.29, 25.29, 25.28, 25.28, 25.28, 25.28, 25.09, 24.98, 24.69, 24.72, 24.75, 24.78, 24.78, 24.77, 24.76], [25.32, 25.31, 25.31, 25.31, 25.3, 25.3, 25.29, 25.28, 25.27, 25.27, 25.28, 25.2, 24.99, 24.95, 24.91, 24.78, 24.81, 24.82, 24.8, 24.77], [25.32, 25.32, 25.32, 25.32, 25.31, 25.31, 25.3, 25.29, 25.26, 25.24, 25.28, 25.22, 25.19, 24.95, 24.92, 24.89, 24.83, 24.84, 24.8, 24.78], [25.33, 25.33, 25.32, 25.32, 25.32, 25.32, 25.32, 25.3, 25.28, 25.25, 25.25, 25.25, 25.22, 24.96, 24.93, 24.97, 24.94, 24.93, 24.8, 24.78], [25.33, 25.33, 25.33, 25.33, 25.33, 25.34, 25.34, 25.33, 25.33, 25.34, 25.31, 25.3, 25.26, 25.12, 25.06, 25.01, 24.98, 24.96, 24.97, 24.97], [25.34, 25.34, 25.34, 25.34, 25.35, 25.35, 25.36, 25.37, 25.39, 25.38, 25.4, 25.38, 25.33, 25.28, 25.1, 25.05, 25.02, 25.0, 24.99, 24.99], [25.34, 25.34, 25.35, 25.35, 25.36, 25.36, 25.38, 25.39, 25.43, 25.46, 25.54, 25.44, 25.36, 25.3, 25.13, 25.08, 25.05, 25.03, 25.02, 25.02], [25.34, 25.35, 25.35, 25.36, 25.36, 25.37, 25.39, 25.41, 25.41, 25.47, 25.51, 25.44, 25.37, 25.32, 25.16, 25.11, 25.08, 25.06, 25.04, 25.04], [25.35, 25.35, 25.36, 25.36, 25.37, 25.38, 25.39, 25.41, 25.4, 25.43, 25.43, 25.41, 25.36, 25.32, 25.17, 25.13, 25.1, 25.08, 25.06, 25.05], [25.35, 25.35, 25.36, 25.37, 25.37, 25.38, 25.39, 25.36, 25.38, 25.39, 25.39, 25.38, 25.35, 25.32, 25.18, 25.14, 25.12, 25.09, 25.08, 25.07]]}]