gis_exercise/awsData/contour/wdir_2023090107.json
[{"header": {"refTime": "2023-09-01T07:00:00.000Z", "nx": 21, "ny": 33, "lo1": 113.509, "la1": 22.2235, "lo2": 113.5947, "la2": 22.1034, "dx": 0.0042850000000001385, "dy": 0.003753125000000024, "parameterCategory": 2, "parameterCategoryName": "Temperature", "parameterNumber": 2}, "data": [0.78, 0.76, 0.74, 1.02, 0.96, 0.86, 0.78, 0.7, 0.69, 0.9, 1.08, 1.24, 1.11, 1.18, 1.45, 1.5, 1.91, 1.91, 1.91, 1.91, 0.8, 0.78, 0.75, 0.71, 0.97, 0.88, 0.71, 0.55, 0.46, 0.75, 1.05, 1.28, 1.19, 1.26, 1.51, 1.92, 1.92, 1.92, 1.92, 1.92, 0.82, 0.8, 0.78, 0.74, 1.0, 0.9, 0.74, 0.43, -0.02, 0.62, 1.1, 1.39, 1.33, 1.37, 1.93, 1.93, 1.93, 1.93, 1.93, 1.93, 0.84, 0.83, 0.81, 0.79, 0.75, 0.99, 0.86, 0.64, 0.43, 0.84, 1.27, 1.59, 1.55, 2.0, 1.94, 1.93, 1.93, 1.94, 1.94, 1.93, 0.87, 0.86, 0.85, 0.84, 0.82, 1.11, 1.05, 0.99, 0.97, 1.23, 1.51, 2.03, 2.11, 2.01, 1.93, 1.93, 1.95, 1.96, 1.95, 1.94, 0.89, 0.89, 0.9, 0.9, 0.9, 0.91, 1.25, 1.29, 1.34, 1.44, 1.99, 1.99, 2.02, 2.08, 1.91, 1.93, 1.97, 1.99, 1.97, 1.96, 1.3, 0.92, 0.93, 0.95, 0.97, 1.01, 1.7, 1.5, 1.58, 1.91, 1.94, 1.87, 1.94, 2.03, 1.86, 1.93, 2.01, 2.04, 2.23, 2.27, 1.29, 1.29, 1.29, 1.79, 1.78, 1.6, 1.66, 1.72, 1.75, 1.95, 2.15, 1.84, 1.8, 2.05, 2.09, 2.1, 2.1, 2.1, 2.1, 2.1, 1.28, 1.28, 1.27, 1.27, 1.72, 1.73, 1.8, 1.68, 2.12, 1.88, 2.17, 2.12, 2.35, 2.24, 2.15, 2.12, 2.11, 2.11, 2.11, 2.11, 1.68, 1.66, 1.63, 1.24, 1.22, 1.57, 1.75, 1.96, 2.36, 2.37, 2.21, 2.31, 2.51, 2.33, 2.19, 2.15, 2.13, 2.12, 2.11, 2.11, 1.68, 1.65, 1.62, 1.56, 1.45, 1.1, 1.63, 2.04, 2.32, 2.54, 2.82, 2.29, 2.33, 2.3, 2.2, 2.16, 2.14, 2.13, 2.12, 2.12, 1.68, 1.65, 1.62, 1.58, 1.52, 1.5, 1.76, 2.35, 2.64, 2.66, 2.87, 2.53, 2.49, 2.26, 2.19, 2.16, 2.14, 2.28, 2.27, 2.26, 1.68, 1.66, 1.64, 1.61, 1.59, 1.58, 1.64, 2.16, 2.48, 2.26, 2.56, 2.56, 2.51, 2.11, 2.09, 2.31, 2.28, 2.27, 2.26, 2.25, 1.69, 1.68, 1.66, 1.64, 1.62, 1.56, 1.34, 1.81, 2.08, 2.11, 2.5, 2.7, 2.63, 2.57, 2.05, 2.25, 2.24, 2.24, 2.23, 2.23, 1.7, 1.69, 1.68, 1.67, 1.65, 1.62, 1.63, 1.8, 1.93, 1.98, 1.97, 2.14, 2.54, 2.47, 2.42, 2.18, 2.19, 2.2, 2.21, 2.22, 1.71, 1.71, 1.15, 1.16, 1.16, 1.71, 1.71, 1.75, 1.8, 1.84, 2.06, 2.04, 2.02, 1.93, 1.94, 2.63, 2.76, 2.88, 2.78, 2.84, 1.15, 1.16, 1.16, 1.16, 1.71, 1.69, 1.67, 1.66, 1.67, 1.71, 1.93, 1.95, 1.95, 1.93, 2.13, 2.1, 2.18, 2.24, 2.28, 2.3, 1.16, 1.16, 1.16, 1.16, 1.69, 1.66, 1.6, 1.54, 1.51, 1.34, 1.4, 1.89, 1.91, 2.11, 1.9, 2.08, 2.2, 2.27, 2.31, 2.33, 1.16, 1.16, 1.16, 1.7, 1.67, 1.62, 1.55, 1.41, 1.24, 1.32, 1.54, 1.62, 2.25, 2.23, 2.06, 2.16, 2.26, 2.32, 2.35, 2.36, 1.16, 1.16, 1.4, 1.4, 1.39, 1.38, 1.35, 1.31, 1.35, 1.45, 1.55, 1.62, 2.37, 2.44, 2.24, 2.3, 2.37, 2.4, 2.4, 2.39, 1.43, 1.42, 1.42, 1.42, 1.42, 1.41, 1.4, 1.38, 1.49, 1.53, 1.59, 1.64, 2.52, 2.35, 2.39, 2.46, 2.51, 2.51, 2.47, 2.42, 1.44, 1.44, 1.44, 1.45, 1.45, 1.45, 1.46, 1.76, 1.59, 1.61, 1.64, 1.67, 2.89, 2.44, 2.52, 2.63, 2.71, 2.64, 2.51, 2.43, 1.45, 1.46, 1.47, 1.9, 1.89, 1.88, 1.87, 1.87, 1.88, 1.9, 1.92, 2.53, 2.41, 2.49, 2.61, 2.81, 3.07, 2.79, 2.49, 2.4, 1.96, 1.96, 1.95, 1.95, 1.94, 1.94, 1.94, 1.95, 1.96, 1.97, 1.99, 2.93, 2.38, 2.49, 2.62, 2.83, 3.87, 2.45, 2.3, 2.32, 1.98, 1.98, 1.99, 1.99, 1.99, 2.0, 2.0, 2.01, 2.0, 1.98, 2.03, 2.85, 3.14, 2.43, 2.51, 2.54, 2.13, 1.51, 2.09, 2.24, 2.01, 2.01, 2.02, 2.03, 2.04, 2.05, 2.06, 2.07, 2.05, 2.02, 2.55, 2.84, 3.09, 2.38, 2.41, 2.5, 2.25, 2.1, 2.11, 2.22, 2.03, 2.04, 2.05, 2.06, 2.08, 2.1, 2.12, 2.14, 2.16, 2.19, 2.71, 2.88, 3.06, 2.66, 2.59, 2.5, 2.38, 2.31, 2.34, 2.39, 2.05, 2.06, 2.08, 2.09, 2.12, 2.14, 2.18, 2.23, 2.3, 2.78, 2.84, 2.2, 2.0, 1.79, 2.6, 2.53, 2.46, 2.42, 2.42, 2.44, 2.07, 2.08, 2.1, 2.12, 2.15, 2.18, 2.23, 2.3, 2.41, 2.87, 2.7, 2.37, 2.1, 1.89, 2.62, 2.57, 2.52, 2.49, 2.47, 2.48, 2.08, 2.1, 2.12, 2.14, 2.17, 2.21, 2.26, 2.33, 2.3, 2.49, 2.59, 2.37, 2.14, 1.94, 2.64, 2.59, 2.56, 2.53, 2.52, 2.51, 2.1, 2.11, 2.13, 2.16, 2.19, 2.23, 2.27, 2.34, 2.25, 2.34, 2.36, 2.26, 2.11, 1.95, 2.65, 2.61, 2.58, 2.56, 2.55, 2.54, 2.11, 2.12, 2.14, 2.17, 2.2, 2.23, 2.27, 2.13, 2.18, 2.22, 2.22, 2.16, 2.05, 1.94, 2.66, 2.63, 2.6, 2.58, 2.57, 2.56]}, {"header": {"refTime": "2023-09-01T07:00:00.000Z", "nx": 21, "ny": 33, "lo1": 113.509, "la1": 22.2235, "lo2": 113.5947, "la2": 22.1034, "dx": 0.0042850000000001385, "dy": 0.003753125000000024, "parameterCategory": 2, "parameterCategoryName": "Temperature", "parameterNumber": 3}, "data": [-2.97, -2.94, -2.9, -2.17, -2.16, -1.71, -1.71, -1.7, -1.67, -1.33, -1.2, -1.07, -1.33, -1.3, -2.44, -2.66, -3.15, -3.31, -3.44, -3.52, -2.99, -2.96, -2.92, -2.87, -2.16, -2.15, -1.75, -1.77, -1.76, -1.43, -1.2, -1.02, -1.24, -1.22, -2.39, -2.96, -3.22, -3.42, -3.56, -3.64, -3.02, -2.99, -2.95, -2.9, -2.17, -2.16, -2.13, -1.83, -1.94, -1.51, -1.16, -0.9, -1.08, -1.09, -2.58, -2.99, -3.34, -3.59, -3.74, -3.8, -3.06, -3.03, -3.0, -2.95, -2.88, -2.18, -2.16, -2.11, -2.07, -1.38, -1.04, -0.7, -0.79, -0.83, -2.52, -3.11, -3.57, -3.87, -3.99, -4.01, -3.1, -3.08, -3.06, -3.02, -2.96, -2.22, -2.21, -2.19, -2.16, -1.21, -0.93, -0.71, -0.15, -0.72, -2.56, -3.35, -3.97, -4.3, -4.34, -4.26, -3.15, -3.14, -3.13, -3.1, -3.06, -3.0, -2.28, -2.29, -2.25, -2.15, -1.32, -1.02, -0.63, -1.59, -2.82, -3.75, -4.6, -4.96, -4.78, -4.52, -3.81, -3.2, -3.21, -3.2, -3.17, -3.12, -2.93, -2.44, -2.41, -2.33, -2.21, -1.66, -2.32, -2.3, -3.18, -4.17, -5.46, -5.94, -5.45, -5.04, -3.83, -3.83, -3.82, -4.27, -4.22, -3.13, -3.01, -2.89, -2.79, -2.26, -1.85, -2.99, -3.22, -2.9, -4.86, -5.41, -6.08, -6.33, -5.96, -5.72, -3.85, -3.86, -3.86, -3.87, -4.29, -4.24, -4.12, -2.96, -3.11, -2.38, -2.8, -3.35, -3.92, -3.64, -4.81, -5.23, -5.64, -5.83, -5.75, -5.62, -4.7, -4.68, -4.66, -3.93, -3.98, -4.34, -4.35, -4.34, -3.57, -3.35, -3.15, -3.59, -4.09, -3.74, -4.8, -5.09, -5.35, -5.51, -5.53, -5.49, -4.69, -4.68, -4.65, -4.61, -4.54, -4.29, -4.68, -5.01, -4.84, -3.93, -4.22, -3.49, -3.66, -3.61, -4.81, -5.0, -5.18, -5.31, -5.36, -5.37, -4.69, -4.67, -4.65, -4.62, -4.58, -4.56, -4.76, -5.26, -5.52, -5.32, -4.47, -4.67, -4.58, -3.49, -4.82, -4.95, -5.08, -5.44, -5.47, -5.48, -4.69, -4.68, -4.66, -4.63, -4.61, -4.58, -4.61, -5.08, -5.37, -5.18, -5.16, -4.76, -4.65, -4.04, -4.03, -5.15, -5.22, -5.28, -5.33, -5.35, -4.7, -4.68, -4.67, -4.65, -4.61, -4.53, -4.29, -4.75, -5.02, -5.05, -5.12, -5.02, -4.9, -4.81, -4.01, -5.01, -5.07, -5.13, -5.19, -5.24, -4.7, -4.69, -4.68, -4.66, -4.64, -4.6, -4.59, -4.72, -4.84, -4.89, -4.89, -4.77, -4.81, -4.71, -4.64, -4.84, -4.91, -5.0, -5.07, -5.13, -4.71, -4.7, -4.2, -4.2, -4.2, -4.64, -4.64, -4.68, -4.73, -4.76, -4.73, -4.65, -4.54, -4.2, -4.19, -4.37, -4.42, -4.48, -5.06, -5.14, -4.21, -4.21, -4.2, -4.2, -4.65, -4.63, -4.62, -4.61, -4.62, -4.65, -4.61, -4.55, -4.44, -4.3, -4.15, -4.32, -4.43, -4.52, -4.59, -4.63, -4.21, -4.21, -4.21, -4.2, -4.63, -4.6, -4.56, -4.5, -4.48, -4.16, -4.14, -4.48, -4.38, -4.15, -4.01, -4.28, -4.44, -4.55, -4.62, -4.66, -4.21, -4.21, -4.21, -4.64, -4.62, -4.58, -4.51, -4.4, -4.21, -4.18, -3.75, -3.7, -4.27, -4.21, -4.26, -4.38, -4.51, -4.61, -4.67, -4.7, -4.21, -4.21, -3.59, -3.61, -3.64, -3.69, -3.77, -3.9, -3.96, -3.8, -3.68, -3.63, -4.33, -4.31, -4.47, -4.54, -4.63, -4.69, -4.73, -4.75, -3.53, -3.53, -3.54, -3.55, -3.56, -3.59, -3.63, -3.68, -3.67, -3.6, -3.54, -3.52, -4.39, -4.61, -4.64, -4.69, -4.75, -4.79, -4.8, -4.81, -3.49, -3.48, -3.48, -3.47, -3.47, -3.46, -3.46, -3.37, -3.39, -3.36, -3.34, -3.36, -3.72, -4.71, -4.76, -4.82, -4.88, -4.89, -4.88, -4.86, -3.45, -3.43, -3.42, -3.29, -3.28, -3.25, -3.21, -3.15, -3.07, -3.03, -3.04, -3.5, -3.95, -4.79, -4.85, -4.93, -4.99, -4.98, -4.94, -4.9, -3.29, -3.28, -3.26, -3.24, -3.21, -3.16, -3.08, -2.96, -2.81, -2.73, -2.83, -3.21, -3.88, -4.22, -4.52, -4.98, -5.1, -5.03, -4.97, -4.92, -3.27, -3.26, -3.24, -3.21, -3.16, -3.1, -3.0, -2.83, -2.56, -2.33, -2.66, -3.14, -3.45, -4.18, -4.48, -4.73, -5.01, -5.0, -4.97, -4.93, -3.26, -3.24, -3.22, -3.19, -3.14, -3.08, -2.98, -2.83, -2.58, -2.38, -2.82, -3.16, -3.43, -4.13, -4.41, -4.88, -4.93, -4.94, -4.95, -4.93, -3.25, -3.23, -3.21, -3.18, -3.14, -3.09, -3.02, -2.93, -2.84, -2.83, -3.09, -3.28, -3.46, -4.59, -4.71, -4.8, -4.86, -4.88, -4.88, -4.86, -3.24, -3.22, -3.21, -3.18, -3.15, -3.12, -3.09, -3.06, -3.08, -3.27, -3.37, -3.39, -3.47, -3.59, -4.63, -4.72, -4.78, -4.81, -4.82, -4.82, -3.24, -3.22, -3.21, -3.19, -3.17, -3.16, -3.15, -3.17, -3.24, -3.49, -3.61, -3.51, -3.51, -3.58, -4.57, -4.66, -4.72, -4.76, -4.78, -4.78, -3.24, -3.23, -3.22, -3.2, -3.19, -3.19, -3.2, -3.23, -3.4, -3.51, -3.58, -3.54, -3.54, -3.59, -4.52, -4.6, -4.67, -4.71, -4.73, -4.75, -3.24, -3.23, -3.22, -3.22, -3.21, -3.21, -3.23, -3.26, -3.42, -3.48, -3.52, -3.53, -3.54, -3.58, -4.49, -4.57, -4.63, -4.67, -4.7, -4.72, -3.24, -3.24, -3.23, -3.23, -3.23, -3.23, -3.24, -3.4, -3.43, -3.47, -3.5, -3.52, -3.55, -3.58, -4.48, -4.55, -4.6, -4.64, -4.67, -4.69]}, {"header": {"refTime": "2023-09-01T07:00:00.000Z", "nx": 21, "ny": 33, "lo1": 113.509, "la1": 22.2235, "lo2": 113.5947, "la2": 22.1034, "dx": 0.0042850000000001385, "dy": 0.003753125000000024, "parameterCategory": 0, "parameterCategoryName": "Temperature", "parameterNumber": 0}, "data": [[27.25, 27.24, 27.24, 27.02, 27.03, 27.24, 27.23, 27.23, 27.23, 27.19, 27.22, 27.25, 27.43, 27.45, 27.41, 27.4, 27.5, 27.5, 27.49, 27.48], [27.25, 27.25, 27.24, 27.23, 27.03, 27.03, 27.22, 27.2, 27.19, 27.18, 27.22, 27.26, 27.45, 27.47, 27.42, 27.51, 27.5, 27.49, 27.48, 27.48], [27.26, 27.25, 27.24, 27.23, 27.03, 27.03, 27.04, 27.18, 27.12, 27.17, 27.23, 27.3, 27.49, 27.5, 27.54, 27.51, 27.49, 27.48, 27.47, 27.47], [27.27, 27.26, 27.25, 27.24, 27.23, 27.03, 27.04, 27.05, 27.06, 27.18, 27.25, 27.35, 27.55, 27.48, 27.54, 27.51, 27.48, 27.46, 27.46, 27.46], [27.28, 27.27, 27.26, 27.25, 27.24, 27.02, 27.03, 27.03, 27.03, 27.18, 27.26, 27.49, 27.61, 27.51, 27.54, 27.49, 27.46, 27.44, 27.44, 27.44], [27.29, 27.28, 27.28, 27.27, 27.26, 27.24, 27.02, 27.02, 27.01, 26.98, 27.3, 27.42, 27.53, 27.63, 27.52, 27.47, 27.42, 27.4, 27.41, 27.43], [27.38, 27.3, 27.3, 27.29, 27.28, 27.26, 27.15, 27.03, 27.02, 27.04, 27.04, 27.32, 27.59, 27.6, 27.5, 27.45, 27.38, 27.35, 27.37, 27.4], [27.39, 27.39, 27.39, 27.39, 27.38, 27.22, 27.17, 27.12, 27.09, 27.01, 26.91, 27.28, 27.29, 27.6, 27.37, 27.4, 27.35, 27.34, 27.36, 27.38], [27.31, 27.32, 27.41, 27.42, 27.42, 27.4, 27.34, 27.15, 27.0, 27.06, 27.07, 27.17, 27.22, 27.16, 27.38, 27.4, 27.38, 27.37, 27.37, 27.38], [27.6, 27.6, 27.6, 27.37, 27.4, 27.49, 27.43, 27.34, 26.93, 26.95, 27.23, 27.11, 27.15, 27.13, 27.38, 27.41, 27.4, 27.39, 27.39, 27.39], [27.6, 27.6, 27.6, 27.6, 27.6, 27.6, 27.6, 27.6, 27.42, 27.0, 26.8, 27.07, 27.1, 27.1, 27.38, 27.42, 27.41, 27.4, 27.4, 27.4], [27.6, 27.6, 27.6, 27.6, 27.6, 27.6, 27.6, 27.6, 27.6, -999.0, 26.8, 27.5, 27.5, 27.08, 27.38, 27.43, 27.42, 26.5, 26.52, 26.53], [27.6, 27.6, 27.6, 27.6, 27.6, 27.6, 27.6, 27.6, 27.6, 27.6, -999.0, 27.5, 27.5, 26.46, 26.91, 26.79, 26.8, 26.63, 26.65, 26.67], [27.6, 27.6, 27.6, 27.6, 27.6, 27.6, 27.6, 27.6, 27.6, 27.6, -999.0, 25.9, 25.9, 25.9, 26.78, 26.67, 26.7, 26.52, 26.56, 26.59], [27.6, 27.6, 27.6, 27.6, 27.6, 27.6, 27.6, 27.4, 27.4, 27.4, 27.4, 26.82, 25.9, 25.9, 25.9, 26.54, 26.58, 26.42, 26.47, 26.51], [27.6, 27.6, 27.47, 27.47, 27.47, 27.4, 27.4, 27.4, 27.4, 27.4, 26.46, 26.56, 26.42, 26.3, 26.43, 26.45, 26.53, 26.39, 26.67, 26.73], [27.47, 27.47, 27.53, 27.53, 27.4, 27.4, 27.4, 27.4, 27.4, 27.4, 26.75, 26.57, 26.37, 26.19, 26.25, 26.26, 26.39, 26.49, 26.56, 26.61], [27.53, 27.53, 27.52, 27.52, 27.4, 27.4, 27.4, 27.4, 27.4, 27.02, 26.82, 26.59, 26.36, 26.26, 25.95, 26.22, 26.4, 26.52, 26.59, 26.64], [27.52, 27.52, 27.52, 27.4, 27.4, 27.4, 27.4, 27.4, 27.27, 27.11, 26.97, 26.78, 26.58, 26.38, 26.19, 26.33, 26.48, 26.58, 26.64, 26.68], [27.52, 27.52, 27.4, 27.4, 27.4, 27.4, 27.4, 27.4, 27.26, 27.14, 26.99, 26.84, 26.68, 26.57, 26.43, 26.51, 26.61, 26.68, 26.72, 26.74], [27.4, 27.4, 27.4, 27.4, 27.4, 27.4, 27.4, 27.4, 27.17, 27.11, 27.01, 26.89, 26.78, 26.58, 26.62, 26.68, 26.75, 26.79, 26.8, 26.8], [27.4, 27.4, 27.4, 27.4, 27.4, 27.4, 27.4, 27.45, 27.14, 27.1, 27.04, 26.95, 26.87, 26.7, 26.76, 26.83, 26.89, 26.9, 26.88, 26.85], [27.4, 27.4, 27.4, 27.48, 27.47, 27.47, 27.46, 27.46, 27.46, 27.46, 27.46, 27.4, 27.22, 26.78, 26.86, 26.95, 27.04, 27.01, 26.94, 26.89], [27.49, 27.49, 27.48, 27.48, 27.48, 27.47, 27.47, 27.46, 27.45, 27.45, 27.46, 27.47, 27.23, 27.2, 27.18, 27.01, 27.23, 27.03, 26.95, 26.91], [27.49, 27.49, 27.49, 27.49, 27.48, 27.48, 27.48, 27.47, 27.45, 27.43, 27.46, 27.48, 27.49, 27.2, 27.17, 27.14, 26.99, 26.92, 26.94, 26.91], [27.49, 27.49, 27.49, 27.49, 27.49, 27.49, 27.49, 27.48, 27.46, 27.44, 27.48, 27.5, 27.5, 27.2, 27.17, 27.18, 27.12, 27.1, 26.92, 26.9], [27.5, 27.5, 27.5, 27.5, 27.5, 27.5, 27.5, 27.5, 27.5, 27.5, 27.52, 27.53, 27.52, 27.31, 27.26, 27.21, 27.17, 27.15, 27.16, 27.17], [27.5, 27.5, 27.5, 27.51, 27.51, 27.51, 27.52, 27.53, 27.54, 27.57, 27.58, 27.48, 27.42, 27.35, 27.29, 27.24, 27.21, 27.19, 27.19, 27.19], [27.51, 27.51, 27.51, 27.51, 27.52, 27.52, 27.53, 27.55, 27.57, 27.62, 27.64, 27.53, 27.45, 27.38, 27.32, 27.28, 27.24, 27.22, 27.22, 27.21], [27.51, 27.51, 27.51, 27.52, 27.52, 27.53, 27.54, 27.56, 27.51, 27.57, 27.6, 27.53, 27.46, 27.39, 27.34, 27.3, 27.27, 27.25, 27.24, 27.23], [27.51, 27.51, 27.52, 27.52, 27.53, 27.53, 27.55, 27.56, 27.5, 27.52, 27.53, 27.5, 27.45, 27.4, 27.35, 27.32, 27.29, 27.27, 27.26, 27.25], [27.51, 27.52, 27.52, 27.52, 27.53, 27.54, 27.55, 27.46, 27.47, 27.49, 27.48, 27.46, 27.43, 27.39, 27.36, 27.33, 27.3, 27.28, 27.27, 27.26]]}]