gis_exercise/awsData/contour/wdir_2023091219.json
[{"header": {"refTime": "2023-09-12T19:00:00.000Z", "nx": 21, "ny": 33, "lo1": 113.509, "la1": 22.2235, "lo2": 113.5947, "la2": 22.1034, "dx": 0.0042850000000001385, "dy": 0.003753125000000024, "parameterCategory": 2, "parameterCategoryName": "Temperature", "parameterNumber": 2}, "data": [-0.42, -0.43, -0.44, -0.84, -0.82, -1.08, -1.04, -1.0, -1.0, -1.01, -1.12, -1.22, -1.58, -1.65, -1.98, -2.05, -2.57, -2.59, -2.61, -2.62, -0.41, -0.42, -0.44, -0.45, -0.82, -0.79, -0.99, -0.9, -0.85, -0.93, -1.11, -1.26, -1.64, -1.71, -2.03, -2.55, -2.58, -2.61, -2.63, -2.64, -0.4, -0.41, -0.43, -0.45, -0.84, -0.8, -0.75, -0.82, -0.54, -0.86, -1.14, -1.35, -1.74, -1.79, -2.5, -2.56, -2.61, -2.64, -2.66, -2.67, -0.39, -0.4, -0.42, -0.44, -0.47, -0.83, -0.79, -0.71, -0.64, -0.97, -1.25, -1.51, -1.9, -1.99, -2.5, -2.57, -2.64, -2.68, -2.7, -2.7, -0.37, -0.38, -0.4, -0.43, -0.46, -0.88, -0.86, -0.84, -0.82, -1.13, -1.35, -2.0, -2.15, -2.03, -2.5, -2.61, -2.7, -2.75, -2.76, -2.74, -0.35, -0.36, -0.38, -0.4, -0.44, -0.51, -0.94, -0.95, -0.96, -0.95, -1.76, -1.93, -2.06, -2.32, -2.52, -2.66, -2.8, -2.86, -2.83, -2.78, -0.4, -0.33, -0.34, -0.36, -0.4, -0.48, -0.76, -1.06, -1.08, -1.34, -1.36, -1.82, -2.32, -2.35, -2.55, -2.72, -2.94, -3.03, -2.97, -2.9, -0.38, -0.37, -0.36, -0.46, -0.48, -0.53, -0.71, -0.97, -1.31, -1.29, -1.17, -1.99, -2.14, -2.38, -2.68, -2.82, -2.99, -3.05, -2.96, -2.89, -0.36, -0.34, -0.31, -0.28, -0.35, -0.4, -0.57, -0.79, -1.19, -1.36, -1.77, -2.1, -2.35, -2.23, -2.67, -2.77, -2.88, -2.92, -2.9, -2.87, -0.31, -0.28, -0.23, -0.2, -0.09, -0.11, -0.35, -0.64, -1.16, -1.14, -1.96, -2.18, -2.39, -2.25, -2.66, -2.74, -2.8, -2.84, -2.85, -2.84, -0.31, -0.29, -0.24, -0.16, 0.0, 0.49, -0.14, -0.5, -0.78, -1.14, -1.67, -2.13, -2.21, -2.19, -2.67, -2.71, -2.76, -2.79, -2.8, -2.81, -0.33, -0.31, -0.28, -0.23, -0.15, -0.11, -0.37, -0.72, -0.88, -1.37, -1.61, -2.07, -2.16, -2.13, -2.67, -2.7, -2.74, -2.3, -2.31, -2.3, -0.35, -0.34, -0.32, -0.31, -0.33, -0.42, -0.57, -0.73, -0.83, -0.71, -1.46, -1.99, -2.07, -1.9, -1.85, -2.11, -2.13, -2.15, -2.17, -2.19, -0.37, -0.37, -0.37, -0.39, -0.43, -0.53, -0.68, -0.66, -0.69, -0.67, -1.41, -1.46, -1.46, -1.43, -1.67, -1.91, -1.94, -1.99, -2.03, -2.07, -0.39, -0.39, -0.41, -0.43, -0.47, -0.54, -0.59, -0.95, -1.0, -1.03, -1.05, -0.96, -1.31, -1.27, -1.23, -1.68, -1.75, -1.83, -1.9, -1.96, -0.41, -0.41, -0.47, -0.49, -0.53, -0.98, -0.98, -1.01, -1.04, -1.06, -1.0, -0.94, -0.87, -1.12, -1.07, -1.1, -1.16, -1.23, -1.43, -1.49, -0.48, -0.5, -0.52, -0.55, -1.02, -1.03, -1.04, -1.07, -1.09, -1.1, -1.01, -0.93, -0.84, -0.74, -0.7, -0.57, -0.59, -0.6, -0.61, -0.61, -0.51, -0.53, -0.56, -0.6, -1.05, -1.07, -1.1, -1.14, -1.16, -1.02, -0.93, -0.93, -0.82, -0.71, -0.55, -0.57, -0.59, -0.61, -0.61, -0.62, -0.54, -0.56, -0.59, -1.06, -1.07, -1.09, -1.13, -1.2, -1.22, -1.08, -1.08, -0.99, -0.87, -0.77, -0.57, -0.59, -0.61, -0.62, -0.62, -0.62, -0.56, -0.59, -1.12, -1.13, -1.15, -1.16, -1.19, -1.22, -1.22, -1.17, -1.1, -1.02, -0.93, -0.87, -0.6, -0.62, -0.63, -0.63, -0.63, -0.63, -1.13, -1.13, -1.14, -1.15, -1.16, -1.18, -1.2, -1.22, -1.19, -1.16, -1.11, -1.06, -0.97, -0.62, -0.63, -0.65, -0.66, -0.66, -0.64, -0.63, -1.14, -1.15, -1.15, -1.17, -1.18, -1.19, -1.21, -1.18, -1.19, -1.17, -1.14, -1.09, -1.05, -0.64, -0.66, -0.69, -0.71, -0.69, -0.65, -0.63, -1.15, -1.16, -1.17, -1.12, -1.13, -1.15, -1.16, -1.17, -1.18, -1.18, -1.17, -1.33, -0.94, -0.65, -0.68, -0.73, -0.8, -0.72, -0.65, -0.62, -1.1, -1.1, -1.11, -1.11, -1.12, -1.13, -1.15, -1.17, -1.2, -1.21, -1.18, -1.14, -0.96, -0.89, -0.84, -0.73, -1.0, -0.63, -0.59, -0.6, -1.09, -1.09, -1.09, -1.1, -1.11, -1.12, -1.13, -1.17, -1.23, -1.29, -1.19, -1.13, -1.11, -0.88, -0.82, -0.75, -0.54, -0.38, -0.54, -0.58, -1.08, -1.08, -1.08, -1.08, -1.09, -1.09, -1.11, -1.14, -1.2, -1.26, -1.15, -1.09, -1.07, -0.88, -0.81, -0.6, -0.55, -0.51, -0.54, -0.57, -1.07, -1.07, -1.07, -1.07, -1.07, -1.07, -1.07, -1.08, -1.09, -1.07, -1.02, -1.0, -1.01, -0.6, -0.6, -0.59, -0.57, -0.56, -0.56, -0.57, -1.06, -1.06, -1.05, -1.05, -1.04, -1.04, -1.02, -1.0, -0.96, -0.89, -0.85, -0.7, -0.67, -0.62, -0.59, -0.59, -0.58, -0.57, -0.57, -0.58, -1.05, -1.05, -1.04, -1.03, -1.02, -1.01, -0.98, -0.94, -0.87, -0.74, -0.57, -0.63, -0.64, -0.62, -0.59, -0.59, -0.58, -0.58, -0.58, -0.58, -1.04, -1.04, -1.03, -1.02, -1.01, -0.99, -0.96, -0.91, -0.69, -0.63, -0.59, -0.62, -0.63, -0.61, -0.58, -0.58, -0.59, -0.58, -0.59, -0.59, -1.03, -1.03, -1.02, -1.01, -0.99, -0.97, -0.94, -0.9, -0.68, -0.65, -0.63, -0.63, -0.63, -0.61, -0.58, -0.58, -0.59, -0.59, -0.59, -0.59, -1.03, -1.02, -1.01, -1.0, -0.99, -0.97, -0.94, -0.7, -0.68, -0.66, -0.64, -0.64, -0.63, -0.61, -0.58, -0.58, -0.59, -0.59, -0.59, -0.59]}, {"header": {"refTime": "2023-09-12T19:00:00.000Z", "nx": 21, "ny": 33, "lo1": 113.509, "la1": 22.2235, "lo2": 113.5947, "la2": 22.1034, "dx": 0.0042850000000001385, "dy": 0.003753125000000024, "parameterCategory": 2, "parameterCategoryName": "Temperature", "parameterNumber": 3}, "data": [1.38, 1.36, 1.34, 0.95, 0.95, 1.1, 1.1, 1.09, 1.09, 1.01, 1.02, 1.03, 1.8, 1.84, 2.05, 2.16, 3.02, 3.08, 3.13, 3.16, 1.39, 1.37, 1.35, 1.33, 0.95, 0.95, 1.09, 1.07, 1.07, 1.01, 1.02, 1.04, 1.79, 1.84, 2.06, 2.93, 3.04, 3.12, 3.17, 3.2, 1.4, 1.39, 1.37, 1.34, 0.95, 0.96, 0.96, 1.06, 1.02, 1.01, 1.03, 1.06, 1.78, 1.84, 2.77, 2.94, 3.08, 3.17, 3.23, 3.26, 1.42, 1.4, 1.39, 1.36, 1.33, 0.96, 0.96, 0.97, 0.97, 1.0, 1.03, 1.09, 1.74, 1.75, 2.74, 2.98, 3.16, 3.27, 3.32, 3.33, 1.44, 1.43, 1.41, 1.39, 1.36, 0.96, 0.96, 0.96, 0.95, 0.99, 1.02, 1.66, 1.48, 1.72, 2.76, 3.07, 3.29, 3.41, 3.43, 3.41, 1.46, 1.46, 1.45, 1.43, 1.4, 1.36, 0.96, 0.96, 0.94, 0.9, 1.74, 1.78, 1.7, 2.59, 2.9, 3.23, 3.51, 3.63, 3.58, 3.5, 1.76, 1.49, 1.49, 1.48, 1.46, 1.41, 1.25, 0.98, 0.97, 1.43, 1.55, 2.1, 3.12, 3.08, 3.1, 3.4, 3.8, 3.94, 3.81, 3.69, 1.78, 1.78, 1.78, 2.1, 2.06, 1.4, 1.3, 1.18, 1.22, 1.32, 1.06, 3.13, 3.5, 3.47, 4.16, 4.19, 4.21, 4.22, 4.2, 4.2, 1.79, 1.8, 1.81, 1.81, 2.11, 2.08, 1.99, 1.26, 1.37, 1.49, 2.52, 3.31, 3.84, 3.58, 4.18, 4.19, 4.2, 4.2, 4.2, 4.19, 2.4, 2.39, 2.38, 1.86, 1.9, 2.16, 2.15, 2.14, 1.71, 1.6, 2.95, 3.44, 3.89, 3.61, 4.2, 4.19, 4.19, 4.19, 4.19, 4.19, 2.4, 2.39, 2.37, 2.35, 2.3, 2.15, 2.4, 2.62, 2.49, 1.97, 2.94, 3.33, 3.5, 3.48, 4.2, 4.19, 4.19, 4.19, 4.19, 4.19, 2.4, 2.39, 2.37, 2.35, 2.32, 2.32, 2.45, 2.79, 2.97, 3.24, 3.0, 3.92, 3.98, 3.35, 4.2, 4.19, 4.19, 3.62, 3.61, 3.6, 2.4, 2.39, 2.37, 2.36, 2.34, 2.31, 2.32, 2.66, 2.87, 2.73, 3.28, 3.86, 3.92, 3.46, 3.4, 3.47, 3.46, 3.47, 3.48, 3.49, 2.4, 2.39, 2.38, 2.36, 2.34, 2.27, 2.09, 2.43, 2.61, 2.64, 3.2, 3.22, 3.16, 3.09, 3.17, 3.25, 3.27, 3.31, 3.35, 3.38, 2.4, 2.39, 2.38, 2.37, 2.35, 2.32, 2.31, 2.37, 2.45, 2.48, 2.47, 2.33, 2.96, 2.86, 2.8, 2.99, 3.06, 3.14, 3.21, 3.27, 2.41, 2.4, 2.01, 2.0, 2.0, 2.3, 2.3, 2.32, 2.35, 2.38, 2.31, 2.24, 2.16, 2.31, 2.27, 2.49, 2.58, 2.66, 2.7, 2.77, 2.01, 2.0, 2.0, 2.0, 2.3, 2.28, 2.27, 2.25, 2.25, 2.28, 2.21, 2.16, 2.07, 1.97, 1.88, 2.13, 2.28, 2.39, 2.47, 2.53, 2.0, 2.0, 2.0, 1.99, 2.28, 2.25, 2.21, 2.15, 2.13, 1.88, 1.86, 2.11, 2.03, 1.87, 1.75, 2.08, 2.29, 2.42, 2.51, 2.57, 2.0, 2.0, 1.99, 2.28, 2.26, 2.22, 2.16, 2.06, 1.9, 1.89, 1.91, 1.89, 1.99, 1.93, 2.05, 2.2, 2.37, 2.49, 2.57, 2.62, 2.0, 1.99, 2.01, 2.01, 2.0, 1.99, 1.98, 1.96, 1.92, 1.93, 1.92, 1.91, 2.04, 2.04, 2.32, 2.4, 2.51, 2.6, 2.65, 2.68, 2.02, 2.02, 2.02, 2.01, 2.01, 2.01, 2.0, 1.99, 1.95, 1.95, 1.94, 1.93, 2.11, 2.49, 2.52, 2.59, 2.66, 2.72, 2.74, 2.75, 2.02, 2.02, 2.02, 2.02, 2.02, 2.02, 2.02, 1.81, 1.98, 1.98, 1.97, 1.96, 2.26, 2.62, 2.68, 2.75, 2.8, 2.83, 2.83, 2.81, 2.03, 2.03, 2.03, 1.72, 1.74, 1.76, 1.78, 1.81, 1.83, 1.83, 1.8, 2.31, 2.77, 2.72, 2.78, 2.86, 2.92, 2.94, 2.91, 2.87, 1.67, 1.68, 1.69, 1.7, 1.72, 1.74, 1.77, 1.82, 1.87, 1.89, 1.84, 2.02, 2.75, 2.85, 2.93, 2.93, 2.97, 3.04, 2.98, 2.92, 1.66, 1.67, 1.68, 1.68, 1.7, 1.72, 1.76, 1.82, 1.94, 2.05, 1.87, 1.97, 2.0, 2.84, 2.93, 3.0, 3.06, 3.12, 3.01, 2.94, 1.65, 1.65, 1.66, 1.66, 1.67, 1.69, 1.72, 1.77, 1.89, 2.0, 1.92, 1.87, 1.91, 2.83, 2.91, 2.76, 2.89, 2.93, 2.98, 2.93, 1.63, 1.63, 1.63, 1.64, 1.64, 1.64, 1.65, 1.67, 1.69, 1.67, 1.71, 1.71, 1.79, 2.26, 2.47, 2.63, 2.74, 2.79, 2.78, 2.75, 1.62, 1.62, 1.61, 1.61, 1.6, 1.59, 1.58, 1.55, 1.48, 1.47, 1.39, 1.55, 1.73, 1.92, 2.34, 2.5, 2.61, 2.67, 2.68, 2.68, 1.61, 1.6, 1.59, 1.58, 1.57, 1.54, 1.51, 1.44, 1.33, 1.18, 0.96, 1.34, 1.62, 1.82, 2.22, 2.38, 2.49, 2.56, 2.6, 2.61, 1.59, 1.58, 1.57, 1.56, 1.54, 1.51, 1.46, 1.39, 1.44, 1.22, 1.08, 1.33, 1.58, 1.77, 2.14, 2.29, 2.4, 2.47, 2.52, 2.54, 1.58, 1.57, 1.56, 1.54, 1.52, 1.49, 1.44, 1.38, 1.48, 1.38, 1.34, 1.45, 1.6, 1.76, 2.09, 2.23, 2.33, 2.4, 2.45, 2.48, 1.57, 1.56, 1.55, 1.53, 1.51, 1.47, 1.43, 1.62, 1.56, 1.5, 1.5, 1.56, 1.66, 1.77, 2.07, 2.19, 2.28, 2.35, 2.4, 2.44]}, {"header": {"refTime": "2023-09-12T19:00:00.000Z", "nx": 21, "ny": 33, "lo1": 113.509, "la1": 22.2235, "lo2": 113.5947, "la2": 22.1034, "dx": 0.0042850000000001385, "dy": 0.003753125000000024, "parameterCategory": 0, "parameterCategoryName": "Temperature", "parameterNumber": 0}, "data": [[27.6, 27.59, 27.59, 27.36, 27.37, 27.59, 27.6, 27.6, 27.61, 27.56, 27.56, 27.57, 27.74, 27.75, 27.67, 27.65, 27.67, 27.66, 27.65, 27.64], [27.6, 27.59, 27.59, 27.59, 27.37, 27.39, 27.59, 27.6, 27.61, 27.57, 27.57, 27.58, 27.75, 27.76, 27.67, 27.68, 27.66, 27.65, 27.64, 27.63], [27.6, 27.6, 27.59, 27.59, 27.36, 27.38, 27.41, 27.6, 27.6, 27.57, 27.57, 27.6, 27.77, 27.78, 27.71, 27.68, 27.65, 27.64, 27.63, 27.62], [27.6, 27.6, 27.59, 27.59, 27.58, 27.37, 27.39, 27.44, 27.48, 27.55, 27.57, 27.63, 27.8, 27.68, 27.71, 27.67, 27.64, 27.62, 27.61, 27.61], [27.61, 27.6, 27.6, 27.59, 27.58, 27.34, 27.36, 27.37, 27.37, 27.51, 27.55, 27.69, 27.81, 27.71, 27.71, 27.65, 27.61, 27.59, 27.58, 27.59], [27.61, 27.61, 27.61, 27.6, 27.58, 27.56, 27.32, 27.31, 27.3, 27.26, 27.5, 27.62, 27.73, 27.83, 27.69, 27.63, 27.56, 27.54, 27.55, 27.57], [27.63, 27.62, 27.62, 27.61, 27.6, 27.57, 27.37, 27.28, 27.26, 27.24, 27.24, 27.52, 27.79, 27.8, 27.67, 27.6, 27.5, 27.47, 27.49, 27.52], [27.64, 27.65, 27.65, 27.64, 27.63, 27.46, 27.4, 27.33, 27.29, 27.21, 27.11, 27.48, 27.49, 27.8, 27.51, 27.54, 27.48, 27.45, 27.49, 27.52], [27.56, 27.57, 27.67, 27.68, 27.68, 27.66, 27.59, 27.38, 27.2, 27.26, 27.27, 27.37, 27.42, 27.36, 27.52, 27.56, 27.52, 27.5, 27.51, 27.53], [27.9, 27.9, 27.9, 27.62, 27.66, 27.76, 27.69, 27.59, 27.13, 27.15, 27.43, 27.31, 27.35, 27.33, 27.52, 27.57, 27.54, 27.53, 27.53, 27.54], [27.9, 27.9, 27.9, 27.9, 27.9, 27.9, 27.9, 27.9, 27.69, 27.2, 27.0, 27.27, 27.3, 27.3, 27.52, 27.58, 27.56, 27.55, 27.55, 27.55], [27.9, 27.9, 27.9, 27.9, 27.9, 27.9, 27.9, 27.9, 27.9, -999.0, 27.0, 27.7, 27.7, 27.28, 27.51, 27.59, 27.58, 26.95, 26.96, 26.96], [27.9, 27.9, 27.9, 27.9, 27.9, 27.9, 27.9, 27.9, 27.9, 27.9, -999.0, 27.7, 27.7, 26.98, 27.3, 27.11, 27.11, 27.02, 27.03, 27.04], [27.9, 27.9, 27.9, 27.9, 27.9, 27.9, 27.9, 27.9, 27.9, 27.9, -999.0, 26.6, 26.6, 26.6, 27.2, 27.04, 27.05, 26.95, 26.98, 26.99], [27.9, 27.9, 27.9, 27.9, 27.9, 27.9, 27.9, 27.8, 27.8, 27.8, 27.8, 27.34, 26.6, 26.6, 26.6, 26.97, 26.99, 26.9, 26.93, 26.95], [27.9, 27.9, 27.84, 27.84, 27.83, 27.8, 27.8, 27.8, 27.8, 27.8, 27.04, 27.13, 27.01, 26.92, 27.03, 26.78, 26.81, 26.76, 26.94, 26.97], [27.84, 27.84, 27.86, 27.86, 27.8, 27.8, 27.8, 27.8, 27.8, 27.8, 27.28, 27.14, 26.98, 26.83, 26.8, 26.73, 26.78, 26.82, 26.85, 26.86], [27.86, 27.86, 27.86, 27.86, 27.8, 27.8, 27.8, 27.8, 27.8, 27.5, 27.33, 27.15, 26.97, 26.81, 26.63, 26.72, 26.79, 26.83, 26.86, 26.88], [27.86, 27.86, 27.86, 27.8, 27.8, 27.8, 27.8, 27.8, 27.69, 27.57, 27.38, 27.23, 27.02, 26.88, 26.71, 26.76, 26.81, 26.85, 26.88, 26.89], [27.86, 27.86, 27.57, 27.58, 27.6, 27.62, 27.65, 27.73, 27.64, 27.52, 27.39, 27.26, 27.07, 26.97, 26.8, 26.83, 26.86, 26.89, 26.9, 26.91], [27.56, 27.56, 27.57, 27.63, 27.64, 27.65, 27.67, 27.69, 27.52, 27.46, 27.37, 27.28, 27.11, 26.85, 26.87, 26.89, 26.91, 26.93, 26.93, 26.93], [27.61, 27.62, 27.62, 27.62, 27.62, 27.63, 27.63, 27.73, 27.45, 27.41, 27.36, 27.3, 27.02, 26.9, 26.92, 26.94, 26.96, 26.97, 26.96, 26.96], [27.61, 27.61, 27.61, 27.76, 27.75, 27.74, 27.72, 27.7, 27.69, 27.68, 27.69, 27.44, 27.18, 26.93, 26.95, 26.99, 27.01, 27.01, 26.99, 26.97], [27.77, 27.77, 27.76, 27.76, 27.75, 27.73, 27.71, 27.67, 27.63, 27.62, 27.65, 27.53, 27.19, 27.15, 27.12, 27.01, 27.06, 27.02, 27.0, 26.98], [27.78, 27.77, 27.77, 27.76, 27.75, 27.73, 27.7, 27.66, 27.57, 27.5, 27.61, 27.55, 27.54, 27.16, 27.12, 27.09, 27.02, 27.01, 27.0, 26.98], [27.78, 27.78, 27.77, 27.77, 27.76, 27.74, 27.72, 27.68, 27.6, 27.53, 27.56, 27.6, 27.58, 27.16, 27.13, 27.22, 27.16, 27.15, 26.99, 26.98], [27.78, 27.78, 27.78, 27.77, 27.77, 27.76, 27.75, 27.73, 27.71, 27.72, 27.68, 27.68, 27.65, 27.46, 27.36, 27.28, 27.23, 27.21, 27.21, 27.23], [27.79, 27.79, 27.79, 27.79, 27.79, 27.79, 27.79, 27.8, 27.82, 27.81, 27.85, 27.79, 27.7, 27.61, 27.43, 27.35, 27.3, 27.27, 27.26, 27.26], [27.79, 27.8, 27.8, 27.8, 27.8, 27.81, 27.82, 27.85, 27.91, 27.96, 28.08, 27.89, 27.76, 27.66, 27.48, 27.4, 27.35, 27.32, 27.3, 27.3], [27.8, 27.8, 27.8, 27.81, 27.82, 27.83, 27.85, 27.88, 27.84, 27.95, 28.02, 27.9, 27.78, 27.69, 27.52, 27.45, 27.4, 27.36, 27.34, 27.33], [27.8, 27.81, 27.81, 27.82, 27.83, 27.84, 27.86, 27.89, 27.82, 27.88, 27.89, 27.84, 27.77, 27.69, 27.54, 27.48, 27.43, 27.39, 27.37, 27.36], [27.81, 27.81, 27.82, 27.82, 27.83, 27.85, 27.86, 27.75, 27.79, 27.81, 27.82, 27.79, 27.74, 27.69, 27.55, 27.5, 27.45, 27.42, 27.4, 27.38]]}]