gis_exercise/awsData/contour/wdir_2023091202.json
[{"header": {"refTime": "2023-09-12T02:00:00.000Z", "nx": 21, "ny": 33, "lo1": 113.509, "la1": 22.2235, "lo2": 113.5947, "la2": 22.1034, "dx": 0.0042850000000001385, "dy": 0.003753125000000024, "parameterCategory": 2, "parameterCategoryName": "Temperature", "parameterNumber": 2}, "data": [-1.33, -1.31, -1.28, -1.14, -1.1, -1.4, -1.32, -1.24, -1.23, -1.09, -1.23, -1.36, -1.74, -1.82, -2.19, -2.27, -2.84, -2.86, -2.87, -2.88, -1.34, -1.32, -1.3, -1.26, -1.11, -1.05, -1.26, -1.1, -1.0, -0.99, -1.22, -1.41, -1.82, -1.89, -2.25, -2.82, -2.85, -2.88, -2.89, -2.9, -1.36, -1.34, -1.32, -1.29, -1.14, -1.07, -0.96, -0.98, -0.53, -0.9, -1.26, -1.53, -1.94, -2.0, -2.79, -2.83, -2.87, -2.9, -2.92, -2.93, -1.38, -1.37, -1.36, -1.33, -1.29, -1.14, -1.05, -0.9, -0.75, -1.04, -1.39, -1.73, -2.15, -2.27, -2.78, -2.85, -2.91, -2.95, -2.96, -2.96, -1.41, -1.4, -1.39, -1.38, -1.37, -1.24, -1.2, -1.15, -1.1, -1.24, -1.52, -2.29, -2.5, -2.32, -2.79, -2.88, -2.96, -3.01, -3.01, -3.0, -1.43, -1.43, -1.43, -1.44, -1.45, -1.46, -1.37, -1.4, -1.38, -1.32, -1.97, -2.18, -2.36, -2.72, -2.79, -2.93, -3.06, -3.12, -3.08, -3.04, -2.38, -1.46, -1.47, -1.49, -1.51, -1.56, -1.81, -1.66, -1.68, -1.76, -1.66, -2.01, -2.69, -2.75, -2.8, -2.97, -3.2, -3.28, -3.33, -3.29, -2.38, -2.36, -2.33, -2.38, -2.37, -1.75, -1.82, -1.98, -2.17, -1.71, -1.36, -2.23, -2.41, -2.81, -3.07, -3.18, -3.3, -3.34, -3.28, -3.23, -2.39, -2.36, -2.32, -2.27, -2.29, -2.31, -2.39, -1.86, -2.28, -1.8, -2.06, -2.47, -2.88, -2.69, -3.1, -3.16, -3.23, -3.26, -3.24, -3.22, -2.85, -2.8, -2.73, -2.24, -2.13, -2.12, -2.33, -2.57, -2.52, -2.37, -2.32, -2.64, -3.0, -2.75, -3.12, -3.15, -3.18, -3.2, -3.21, -3.2, -2.86, -2.82, -2.75, -2.63, -2.37, -1.61, -2.58, -3.1, -2.98, -2.72, -2.94, -2.57, -2.69, -2.66, -3.12, -3.14, -3.16, -3.17, -3.18, -3.18, -2.89, -2.85, -2.8, -2.73, -2.6, -2.54, -2.93, -3.42, -3.62, -3.79, -3.08, -3.3, -3.26, -2.57, -3.12, -3.13, -3.14, -2.93, -2.93, -2.92, -2.92, -2.9, -2.88, -2.87, -2.9, -3.06, -3.31, -3.47, -3.57, -3.42, -3.75, -3.35, -3.29, -2.56, -2.52, -2.81, -2.81, -2.82, -2.83, -2.83, -2.95, -2.95, -2.96, -2.99, -3.07, -3.26, -3.55, -3.42, -3.42, -3.37, -3.74, -3.09, -2.96, -2.86, -2.37, -2.65, -2.67, -2.69, -2.72, -2.75, -2.99, -2.99, -3.02, -3.06, -3.14, -3.25, -3.35, -3.18, -3.07, -2.98, -2.89, -2.12, -2.79, -2.65, -2.57, -2.45, -2.51, -2.57, -2.62, -2.66, -3.01, -3.03, -2.14, -2.19, -2.26, -2.93, -2.9, -2.82, -2.73, -2.67, -1.99, -1.94, -1.88, -1.73, -1.73, -1.97, -2.02, -2.06, -2.1, -2.15, -2.04, -2.06, -2.07, -2.09, -2.72, -2.65, -2.53, -2.37, -2.27, -2.3, -1.77, -1.79, -1.76, -1.69, -1.44, -1.48, -1.47, -1.47, -1.46, -1.45, -2.01, -2.01, -2.0, -1.98, -2.53, -2.39, -2.16, -1.84, -1.68, -1.42, -1.54, -1.67, -1.68, -1.43, -1.5, -1.49, -1.47, -1.47, -1.46, -1.45, -1.97, -1.96, -1.93, -2.5, -2.38, -2.19, -1.89, -1.38, -0.83, -1.22, -1.38, -1.51, -1.33, -1.41, -1.49, -1.48, -1.47, -1.46, -1.46, -1.45, -1.93, -1.91, -2.35, -2.28, -2.18, -2.02, -1.77, -1.42, -1.02, -1.25, -1.46, -1.58, -1.33, -1.4, -1.48, -1.47, -1.47, -1.46, -1.45, -1.45, -2.43, -2.39, -2.35, -2.29, -2.2, -2.08, -1.92, -1.76, -1.4, -1.5, -1.62, -1.69, -1.33, -1.47, -1.47, -1.47, -1.47, -1.46, -1.45, -1.44, -2.43, -2.4, -2.36, -2.32, -2.26, -2.19, -2.12, -1.75, -1.74, -1.8, -1.84, -1.85, -2.2, -1.46, -1.47, -1.48, -1.48, -1.47, -1.44, -1.43, -2.43, -2.41, -2.39, -1.89, -1.9, -1.92, -1.96, -2.03, -2.12, -2.17, -2.16, -2.13, -2.12, -1.46, -1.47, -1.49, -1.53, -1.47, -1.43, -1.42, -1.91, -1.92, -1.93, -1.95, -1.99, -2.04, -2.13, -2.26, -2.43, -2.52, -2.42, -2.56, -2.16, -1.96, -1.79, -1.48, -1.66, -1.4, -1.38, -1.4, -1.94, -1.95, -1.97, -2.01, -2.05, -2.12, -2.24, -2.42, -2.72, -2.96, -2.62, -2.57, -2.42, -1.98, -1.79, -1.64, -1.34, -1.23, -1.34, -1.38, -1.96, -1.98, -2.0, -2.04, -2.09, -2.17, -2.27, -2.44, -2.71, -2.92, -2.73, -2.52, -2.39, -2.0, -1.82, -1.44, -1.38, -1.35, -1.35, -1.38, -1.98, -2.0, -2.02, -2.06, -2.11, -2.17, -2.25, -2.35, -2.46, -2.48, -2.5, -2.39, -2.33, -1.53, -1.49, -1.46, -1.42, -1.4, -1.41, -1.42, -1.99, -2.01, -2.03, -2.07, -2.1, -2.15, -2.2, -2.24, -2.24, -2.3, -2.21, -2.09, -2.05, -1.97, -1.51, -1.48, -1.45, -1.44, -1.43, -1.44, -2.0, -2.02, -2.04, -2.06, -2.09, -2.12, -2.14, -2.15, -2.1, -2.06, -1.85, -1.98, -2.0, -1.96, -1.53, -1.5, -1.48, -1.46, -1.46, -1.46, -2.0, -2.02, -2.04, -2.06, -2.08, -2.09, -2.1, -2.09, -2.08, -1.96, -1.89, -1.95, -1.98, -1.96, -1.54, -1.51, -1.49, -1.48, -1.47, -1.47, -2.0, -2.02, -2.03, -2.05, -2.06, -2.07, -2.07, -2.06, -2.06, -2.0, -1.97, -1.97, -1.97, -1.96, -1.55, -1.52, -1.51, -1.49, -1.49, -1.48, -2.0, -2.02, -2.03, -2.04, -2.05, -2.06, -2.06, -2.09, -2.06, -2.02, -2.0, -1.99, -1.98, -1.96, -1.55, -1.53, -1.52, -1.5, -1.5, -1.49]}, {"header": {"refTime": "2023-09-12T02:00:00.000Z", "nx": 21, "ny": 33, "lo1": 113.509, "la1": 22.2235, "lo2": 113.5947, "la2": 22.1034, "dx": 0.0042850000000001385, "dy": 0.003753125000000024, "parameterCategory": 2, "parameterCategoryName": "Temperature", "parameterNumber": 3}, "data": [0.38, 0.37, 0.36, 0.39, 0.37, 0.39, 0.35, 0.31, 0.3, 0.28, 0.35, 0.42, 0.64, 0.69, 1.02, 1.1, 1.57, 1.61, 1.63, 1.65, 0.39, 0.38, 0.37, 0.35, 0.37, 0.33, 0.32, 0.23, 0.18, 0.22, 0.34, 0.44, 0.67, 0.72, 1.05, 1.53, 1.59, 1.63, 1.66, 1.68, 0.4, 0.39, 0.38, 0.36, 0.39, 0.34, 0.27, 0.17, -0.06, 0.17, 0.36, 0.49, 0.73, 0.77, 1.46, 1.54, 1.62, 1.67, 1.7, 1.71, 0.41, 0.41, 0.4, 0.39, 0.37, 0.39, 0.33, 0.22, 0.13, 0.25, 0.43, 0.58, 0.8, 0.97, 1.44, 1.57, 1.67, 1.73, 1.76, 1.76, 0.42, 0.42, 0.42, 0.42, 0.41, 0.45, 0.42, 0.39, 0.37, 0.39, 0.52, 0.95, 0.93, 0.97, 1.45, 1.62, 1.75, 1.83, 1.83, 1.81, 0.44, 0.44, 0.44, 0.44, 0.45, 0.46, 0.53, 0.55, 0.55, 0.55, 0.94, 0.97, 0.97, 1.1, 1.5, 1.7, 1.89, 1.97, 1.93, 1.87, 0.95, 0.45, 0.46, 0.47, 0.48, 0.51, 0.76, 0.69, 0.71, 0.91, 0.9, 1.02, 1.19, 1.17, 1.57, 1.79, 2.09, 2.19, 1.99, 1.88, 0.95, 0.93, 0.92, 0.92, 0.92, 0.7, 0.75, 0.84, 0.96, 0.88, 0.76, 1.17, 1.24, 1.22, 1.65, 1.85, 2.11, 2.2, 2.06, 1.97, 0.95, 0.93, 0.91, 0.88, 0.87, 0.88, 0.94, 0.78, 1.01, 0.93, 1.0, 1.15, 1.2, 1.17, 1.6, 1.77, 1.94, 2.01, 1.98, 1.93, 1.14, 1.12, 1.08, 0.86, 0.79, 0.76, 0.89, 1.02, 1.12, 1.07, 1.07, 1.13, 1.18, 1.16, 1.58, 1.71, 1.82, 1.88, 1.89, 1.88, 1.15, 1.13, 1.09, 1.02, 0.89, 0.48, 0.99, 1.26, 1.22, 1.2, 1.19, 1.12, 1.14, 1.14, 1.57, 1.67, 1.75, 1.8, 1.83, 1.83, 1.16, 1.15, 1.12, 1.08, 1.01, 0.98, 1.19, 1.43, 1.52, 1.57, 1.26, 1.4, 1.38, 1.13, 1.58, 1.65, 1.71, 1.92, 1.94, 1.95, 1.18, 1.17, 1.17, 1.16, 1.18, 1.27, 1.41, 1.47, 1.51, 1.43, 1.53, 1.43, 1.4, 1.49, 1.51, 1.83, 1.87, 1.9, 1.92, 1.93, 1.2, 1.2, 1.21, 1.23, 1.27, 1.38, 1.56, 1.46, 1.44, 1.41, 1.54, 1.62, 1.63, 1.64, 1.58, 1.85, 1.88, 1.89, 1.91, 1.92, 1.22, 1.23, 1.24, 1.26, 1.31, 1.37, 1.43, 1.48, 1.45, 1.42, 1.4, 1.53, 1.68, 1.7, 1.72, 1.88, 1.89, 1.9, 1.91, 1.91, 1.23, 1.24, 1.01, 1.03, 1.07, 1.41, 1.4, 1.38, 1.35, 1.34, 1.45, 1.52, 1.6, 1.58, 1.63, 1.78, 1.75, 1.73, 2.01, 2.02, 0.98, 0.99, 1.0, 1.01, 1.35, 1.33, 1.3, 1.25, 1.22, 1.23, 1.39, 1.5, 1.62, 1.75, 1.81, 1.74, 1.65, 1.58, 1.53, 1.49, 0.97, 0.98, 0.99, 0.99, 1.3, 1.26, 1.19, 1.1, 1.06, 1.19, 1.32, 1.48, 1.63, 1.8, 1.97, 1.77, 1.65, 1.56, 1.51, 1.47, 0.97, 0.97, 0.98, 1.29, 1.26, 1.2, 1.12, 0.97, 0.87, 1.09, 0.94, 1.08, 1.6, 1.74, 1.79, 1.7, 1.59, 1.52, 1.47, 1.44, 0.97, 0.97, 0.78, 0.77, 0.76, 0.75, 0.74, 0.74, 0.77, 0.8, 0.88, 1.0, 1.56, 1.66, 1.63, 1.58, 1.51, 1.46, 1.42, 1.4, 0.75, 0.74, 0.73, 0.72, 0.7, 0.69, 0.67, 0.67, 0.72, 0.75, 0.8, 0.9, 1.53, 1.53, 1.51, 1.47, 1.43, 1.39, 1.37, 1.35, 0.71, 0.7, 0.68, 0.67, 0.64, 0.62, 0.59, 0.36, 0.62, 0.64, 0.69, 0.77, 1.17, 1.45, 1.42, 1.39, 1.36, 1.33, 1.31, 1.31, 0.68, 0.66, 0.64, 0.31, 0.31, 0.3, 0.28, 0.26, 0.22, 0.2, 0.21, 0.56, 0.64, 1.39, 1.36, 1.34, 1.34, 1.28, 1.25, 1.26, 0.31, 0.3, 0.3, 0.29, 0.28, 0.25, 0.22, 0.17, 0.1, 0.07, 0.11, 0.4, 0.6, 0.76, 0.9, 1.29, 1.45, 1.15, 1.16, 1.21, 0.3, 0.29, 0.28, 0.27, 0.25, 0.22, 0.18, 0.11, -0.01, -0.1, 0.03, 0.35, 0.53, 0.73, 0.87, 0.97, 1.08, 0.92, 1.11, 1.18, 0.29, 0.28, 0.27, 0.26, 0.24, 0.21, 0.17, 0.1, -0.0, -0.08, 0.16, 0.34, 0.5, 0.7, 0.81, 0.98, 0.96, 0.94, 1.13, 1.18, 0.28, 0.28, 0.27, 0.25, 0.23, 0.21, 0.18, 0.14, 0.1, 0.09, 0.27, 0.37, 0.48, 0.86, 0.91, 0.94, 0.95, 0.94, 0.95, 0.95, 0.28, 0.27, 0.26, 0.25, 0.24, 0.22, 0.2, 0.19, 0.19, 0.31, 0.35, 0.24, 0.24, 0.26, 0.87, 0.9, 0.92, 0.93, 0.94, 0.94, 0.28, 0.27, 0.26, 0.25, 0.24, 0.23, 0.23, 0.23, 0.25, 0.38, 0.36, 0.29, 0.27, 0.27, 0.83, 0.87, 0.9, 0.91, 0.92, 0.93, 0.28, 0.27, 0.26, 0.26, 0.25, 0.24, 0.24, 0.25, 0.25, 0.3, 0.34, 0.3, 0.28, 0.27, 0.81, 0.85, 0.88, 0.89, 0.91, 0.91, 0.28, 0.27, 0.27, 0.26, 0.26, 0.25, 0.26, 0.26, 0.25, 0.28, 0.29, 0.29, 0.28, 0.28, 0.8, 0.83, 0.86, 0.88, 0.89, 0.9, 0.28, 0.27, 0.27, 0.26, 0.26, 0.26, 0.26, 0.23, 0.25, 0.26, 0.27, 0.27, 0.27, 0.27, 0.79, 0.82, 0.85, 0.87, 0.88, 0.89]}, {"header": {"refTime": "2023-09-12T02:00:00.000Z", "nx": 21, "ny": 33, "lo1": 113.509, "la1": 22.2235, "lo2": 113.5947, "la2": 22.1034, "dx": 0.0042850000000001385, "dy": 0.003753125000000024, "parameterCategory": 0, "parameterCategoryName": "Temperature", "parameterNumber": 0}, "data": [[26.27, 26.26, 26.26, 26.01, 26.02, 26.27, 26.27, 26.28, 26.29, 26.2, 26.19, 26.19, 26.38, 26.38, 26.44, 26.44, 26.45, 26.45, 26.45, 26.45], [26.27, 26.26, 26.26, 26.26, 26.02, 26.04, 26.27, 26.28, 26.29, 26.21, 26.2, 26.2, 26.39, 26.39, 26.45, 26.45, 26.45, 26.45, 26.45, 26.45], [26.27, 26.27, 26.26, 26.26, 26.01, 26.04, 26.08, 26.28, 26.3, 26.22, 26.2, 26.21, 26.4, 26.4, 26.45, 26.45, 26.45, 26.45, 26.45, 26.45], [26.27, 26.27, 26.26, 26.26, 26.25, 26.02, 26.05, 26.1, 26.15, 26.19, 26.19, 26.24, 26.42, 26.26, 26.45, 26.45, 26.45, 26.45, 26.45, 26.45], [26.27, 26.27, 26.27, 26.26, 26.25, 25.99, 26.01, 26.02, 26.02, 26.12, 26.15, 26.27, 26.4, 26.29, 26.45, 26.45, 26.46, 26.46, 26.46, 26.46], [26.28, 26.28, 26.27, 26.26, 26.25, 26.24, 25.97, 25.96, 25.94, 25.89, 26.06, 26.2, 26.31, 26.43, 26.44, 26.45, 26.46, 26.47, 26.46, 26.46], [26.28, 26.28, 26.28, 26.27, 26.26, 26.24, 26.0, 25.94, 25.91, 25.83, 25.8, 26.09, 26.39, 26.4, 26.43, 26.45, 26.48, 26.48, 26.5, 26.5], [26.29, 26.29, 26.29, 26.29, 26.28, 26.08, 26.03, 25.98, 25.96, 25.8, 25.63, 26.05, 26.06, 26.4, 26.43, 26.4, 26.45, 26.46, 26.44, 26.42], [26.21, 26.22, 26.31, 26.32, 26.32, 26.3, 26.24, 26.01, 25.84, 25.85, 25.81, 25.93, 25.98, 25.91, 26.42, 26.4, 26.42, 26.43, 26.43, 26.42], [26.5, 26.5, 26.5, 26.27, 26.3, 26.39, 26.33, 26.24, 25.72, 25.74, 25.99, 25.85, 25.9, 25.87, 26.42, 26.39, 26.4, 26.41, 26.41, 26.41], [26.5, 26.5, 26.5, 26.5, 26.5, 26.5, 26.5, 26.5, 26.32, 25.83, 25.5, 25.8, 25.84, 25.84, 26.42, 26.38, 26.39, 26.4, 26.4, 26.4], [26.5, 26.5, 26.5, 26.5, 26.5, 26.5, 26.5, 26.5, 26.5, -999.0, 25.5, 26.3, 26.3, 25.82, 26.42, 26.37, 26.38, 25.87, 25.89, 25.89], [26.5, 26.5, 26.5, 26.5, 26.5, 26.5, 26.5, 26.5, 26.5, 26.5, -999.0, 26.3, 26.3, 25.71, 25.97, 26.1, 26.11, 25.97, 25.99, 26.0], [26.5, 26.5, 26.5, 26.5, 26.5, 26.5, 26.5, 26.5, 26.5, 26.5, -999.0, 25.4, 25.4, 25.4, 25.89, 26.01, 26.03, 25.89, 25.92, 25.94], [26.5, 26.5, 26.5, 26.5, 26.5, 26.5, 26.5, 26.5, 26.5, 26.5, 26.5, 26.08, 25.4, 25.4, 25.4, 25.9, 25.94, 25.81, 25.85, 25.88], [26.5, 26.5, 26.5, 26.5, 26.5, 26.5, 26.5, 26.5, 26.5, 26.5, 25.81, 25.89, 25.78, 25.69, 25.79, 25.66, 25.7, 25.63, 25.88, 25.91], [26.5, 26.5, 26.5, 26.5, 26.5, 26.5, 26.5, 26.5, 26.5, 26.5, 26.03, 25.89, 25.75, 25.61, 25.61, 25.58, 25.64, 25.69, 25.73, 25.75], [26.5, 26.5, 26.5, 26.5, 26.5, 26.5, 26.5, 26.5, 26.5, 26.22, 26.07, 25.91, 25.74, 25.62, 25.43, 25.56, 25.65, 25.71, 25.74, 25.77], [26.5, 26.5, 26.5, 26.5, 26.5, 26.5, 26.5, 26.5, 26.4, 26.29, 26.18, 26.05, 25.83, 25.69, 25.55, 25.61, 25.69, 25.74, 25.77, 25.79], [26.5, 26.5, 26.5, 26.5, 26.5, 26.5, 26.5, 26.5, 26.4, 26.31, 26.2, 26.09, 25.88, 25.8, 25.67, 25.7, 25.75, 25.79, 25.81, 25.82], [26.5, 26.5, 26.5, 26.5, 26.5, 26.5, 26.5, 26.5, 26.33, 26.28, 26.21, 26.13, 25.93, 25.74, 25.76, 25.79, 25.82, 25.84, 25.85, 25.85], [26.5, 26.5, 26.5, 26.5, 26.5, 26.5, 26.5, 26.48, 26.31, 26.28, 26.23, 26.17, 25.98, 25.8, 25.83, 25.86, 25.89, 25.9, 25.89, 25.87], [26.5, 26.5, 26.5, 26.47, 26.48, 26.48, 26.48, 26.48, 26.48, 26.48, 26.48, 26.39, 26.19, 25.84, 25.87, 25.92, 25.96, 25.95, 25.92, 25.9], [26.47, 26.47, 26.47, 26.47, 26.47, 26.48, 26.48, 26.48, 26.48, 26.48, 26.48, 26.38, 26.2, 26.15, 26.1, 25.95, 26.04, 25.97, 25.93, 25.91], [26.47, 26.47, 26.47, 26.47, 26.47, 26.47, 26.47, 26.48, 26.48, 26.49, 26.48, 26.39, 26.35, 26.15, 26.1, 26.06, 25.95, 25.93, 25.93, 25.91], [26.47, 26.47, 26.47, 26.47, 26.47, 26.47, 26.47, 26.47, 26.48, 26.49, 26.43, 26.39, 26.36, 26.16, 26.11, 26.06, 26.03, 26.02, 25.92, 25.91], [26.47, 26.47, 26.47, 26.47, 26.47, 26.47, 26.47, 26.47, 26.47, 26.47, 26.41, 26.39, 26.36, 26.14, 26.11, 26.08, 26.06, 26.05, 26.05, 26.06], [26.47, 26.47, 26.47, 26.46, 26.46, 26.46, 26.46, 26.46, 26.45, 26.4, 26.4, 26.36, 26.32, 26.28, 26.13, 26.1, 26.08, 26.07, 26.07, 26.07], [26.46, 26.46, 26.46, 26.46, 26.46, 26.46, 26.46, 26.45, 26.44, 26.4, 26.39, 26.36, 26.33, 26.29, 26.15, 26.12, 26.1, 26.09, 26.08, 26.08], [26.46, 26.46, 26.46, 26.46, 26.46, 26.46, 26.45, 26.45, 26.37, 26.38, 26.38, 26.36, 26.33, 26.3, 26.16, 26.14, 26.12, 26.1, 26.1, 26.09], [26.46, 26.46, 26.46, 26.46, 26.46, 26.46, 26.45, 26.45, 26.36, 26.36, 26.36, 26.35, 26.33, 26.3, 26.17, 26.15, 26.13, 26.12, 26.11, 26.1], [26.46, 26.46, 26.46, 26.46, 26.46, 26.45, 26.45, 26.35, 26.35, 26.35, 26.34, 26.33, 26.32, 26.3, 26.17, 26.15, 26.14, 26.13, 26.12, 26.11]]}]