gis_exercise/awsData/contour/wdir_2023090709.json
[{"header": {"refTime": "2023-09-07T09:00:00.000Z", "nx": 21, "ny": 33, "lo1": 113.509, "la1": 22.2235, "lo2": 113.5947, "la2": 22.1034, "dx": 0.0042850000000001385, "dy": 0.003753125000000024, "parameterCategory": 2, "parameterCategoryName": "Temperature", "parameterNumber": 2}, "data": [0.67, 0.67, 0.67, 0.73, 0.71, 0.67, 0.65, 0.62, 0.61, 0.49, 0.49, 0.5, 0.81, 0.84, 0.2, 0.16, 0.52, 0.49, 0.47, 0.46, 0.67, 0.67, 0.67, 0.67, 0.72, 0.7, 0.64, 0.6, 0.57, 0.48, 0.49, 0.5, 0.81, 0.83, 0.2, 0.54, 0.5, 0.46, 0.44, 0.43, 0.67, 0.67, 0.68, 0.67, 0.73, 0.71, 0.67, 0.58, 0.48, 0.48, 0.49, 0.5, 0.79, 0.82, 0.57, 0.52, 0.46, 0.42, 0.4, 0.39, 0.67, 0.68, 0.68, 0.68, 0.68, 0.73, 0.7, 0.64, 0.59, 0.49, 0.5, 0.5, 0.76, 0.83, 0.57, 0.49, 0.41, 0.35, 0.33, 0.34, 0.67, 0.68, 0.68, 0.69, 0.7, 0.77, 0.76, 0.74, 0.72, 0.5, 0.51, 0.78, 0.63, 0.81, 0.57, 0.45, 0.32, 0.25, 0.24, 0.28, 0.67, 0.67, 0.68, 0.69, 0.71, 0.74, 0.83, 0.84, 0.82, 0.78, 0.91, 0.88, 0.78, 1.13, 0.59, 0.39, 0.16, 0.07, 0.13, 0.21, 1.11, 0.67, 0.67, 0.69, 0.71, 0.75, 0.86, 0.95, 0.95, 1.08, 1.06, 1.09, 1.41, 1.37, 0.63, 0.32, -0.06, -0.21, 0.01, 0.16, 1.1, 1.08, 1.06, 0.82, 0.83, 0.76, 0.85, 1.01, 1.22, 1.03, 0.8, 1.56, 1.69, 1.55, 1.12, 0.69, 0.15, -0.04, 0.25, 0.44, 1.1, 1.07, 1.04, 1.0, 0.76, 0.79, 0.88, 0.9, 1.06, 1.11, 1.28, 1.57, 1.71, 1.64, 1.2, 0.85, 0.51, 0.36, 0.42, 0.53, 1.05, 1.03, 0.99, 0.97, 0.86, 0.64, 0.76, 0.9, 1.02, 0.97, 1.42, 1.58, 1.7, 1.63, 1.25, 0.98, 0.75, 0.62, 0.6, 0.63, 1.07, 1.04, 1.01, 0.94, 0.79, 0.37, 0.86, 1.05, 0.95, 1.0, 1.21, 1.54, 1.6, 1.59, 1.25, 1.06, 0.9, 0.79, 0.74, 0.73, 1.09, 1.07, 1.05, 1.01, 0.94, 0.91, 1.08, 1.14, 1.13, 1.45, 1.2, 1.62, 1.67, 1.56, 1.23, 1.1, 0.98, 0.53, 0.48, 0.46, 1.11, 1.11, 1.1, 1.11, 1.15, 1.28, 1.45, 1.28, 1.19, 1.19, 1.54, 1.58, 1.62, 1.47, 1.44, 0.7, 0.63, 0.57, 0.54, 0.51, 1.13, 1.14, 1.16, 1.19, 1.27, 1.46, 1.82, 1.45, 1.28, 1.23, 1.56, 1.17, 1.16, 1.14, 1.32, 0.69, 0.64, 0.6, 0.57, 0.55, 1.15, 1.17, 1.19, 1.23, 1.31, 1.42, 1.49, 1.51, 1.4, 1.34, 1.32, 0.83, 1.07, 1.03, 1.01, 0.66, 0.64, 0.61, 0.59, 0.57, 1.17, 1.18, 1.15, 1.19, 1.24, 1.46, 1.45, 1.4, 1.34, 1.3, 0.84, 0.81, 0.77, 0.88, 0.85, 0.8, 0.82, 0.83, 0.26, 0.24, 1.11, 1.12, 1.14, 1.17, 1.38, 1.37, 1.33, 1.28, 1.24, 1.23, 0.83, 0.79, 0.74, 0.68, 0.58, 0.48, 0.45, 0.43, 0.41, 0.4, 1.11, 1.12, 1.13, 1.14, 1.33, 1.29, 1.23, 1.15, 1.11, 1.03, 1.01, 0.78, 0.72, 0.59, 0.56, 0.49, 0.45, 0.42, 0.41, 0.39, 1.11, 1.11, 1.12, 1.31, 1.28, 1.24, 1.16, 1.04, 0.92, 0.98, 0.8, 0.76, 0.63, 0.6, 0.49, 0.46, 0.43, 0.41, 0.39, 0.38, 1.1, 1.1, 1.27, 1.25, 1.22, 1.18, 1.12, 1.04, 0.85, 0.84, 0.81, 0.78, 0.63, 0.61, 0.44, 0.43, 0.41, 0.39, 0.38, 0.37, 1.27, 1.26, 1.25, 1.23, 1.2, 1.16, 1.12, 1.08, 0.85, 0.84, 0.82, 0.8, 0.63, 0.41, 0.41, 0.4, 0.38, 0.37, 0.36, 0.36, 1.26, 1.24, 1.23, 1.21, 1.18, 1.15, 1.12, 0.98, 0.86, 0.85, 0.84, 0.82, 0.67, 0.39, 0.38, 0.37, 0.36, 0.35, 0.35, 0.34, 1.24, 1.23, 1.21, 1.02, 1.02, 1.01, 1.01, 1.01, 1.01, 1.01, 1.02, 0.82, 0.55, 0.37, 0.36, 0.36, 0.36, 0.34, 0.33, 0.33, 1.03, 1.03, 1.03, 1.03, 1.03, 1.02, 1.02, 1.02, 1.02, 1.02, 1.02, 0.94, 0.56, 0.49, 0.43, 0.34, 0.4, 0.3, 0.3, 0.31, 1.04, 1.04, 1.04, 1.04, 1.04, 1.04, 1.04, 1.03, 1.02, 1.0, 1.03, 0.96, 0.92, 0.5, 0.43, 0.37, 0.27, 0.22, 0.28, 0.31, 1.05, 1.05, 1.05, 1.05, 1.05, 1.05, 1.05, 1.05, 1.03, 1.02, 1.0, 0.99, 0.95, 0.5, 0.44, 0.43, 0.37, 0.34, 0.29, 0.31, 1.05, 1.05, 1.06, 1.06, 1.06, 1.06, 1.07, 1.07, 1.07, 1.08, 1.04, 1.03, 0.99, 0.65, 0.56, 0.49, 0.43, 0.41, 0.41, 0.43, 1.06, 1.06, 1.06, 1.07, 1.07, 1.08, 1.09, 1.1, 1.12, 1.11, 1.12, 1.03, 0.94, 0.85, 0.61, 0.54, 0.49, 0.47, 0.46, 0.46, 1.06, 1.06, 1.07, 1.07, 1.08, 1.09, 1.1, 1.12, 1.15, 1.18, 1.23, 1.09, 0.98, 0.89, 0.66, 0.59, 0.54, 0.51, 0.5, 0.49, 1.07, 1.07, 1.07, 1.08, 1.09, 1.1, 1.11, 1.13, 1.07, 1.14, 1.18, 1.09, 1.0, 0.91, 0.7, 0.63, 0.58, 0.55, 0.53, 0.52, 1.07, 1.07, 1.08, 1.08, 1.09, 1.1, 1.12, 1.13, 1.05, 1.08, 1.09, 1.05, 0.98, 0.92, 0.72, 0.66, 0.62, 0.58, 0.56, 0.55, 1.07, 1.08, 1.08, 1.09, 1.1, 1.1, 1.12, 1.0, 1.02, 1.03, 1.03, 1.0, 0.96, 0.91, 0.73, 0.68, 0.64, 0.61, 0.59, 0.57]}, {"header": {"refTime": "2023-09-07T09:00:00.000Z", "nx": 21, "ny": 33, "lo1": 113.509, "la1": 22.2235, "lo2": 113.5947, "la2": 22.1034, "dx": 0.0042850000000001385, "dy": 0.003753125000000024, "parameterCategory": 2, "parameterCategoryName": "Temperature", "parameterNumber": 3}, "data": [-0.65, -0.62, -0.6, -0.26, -0.23, -0.46, -0.41, -0.36, -0.34, -0.2, -0.28, -0.36, -0.39, -0.42, -0.75, -0.77, -0.83, -0.83, -0.83, -0.83, -0.66, -0.64, -0.61, -0.57, -0.24, -0.2, -0.37, -0.26, -0.19, -0.14, -0.27, -0.39, -0.44, -0.47, -0.78, -0.84, -0.84, -0.84, -0.84, -0.84, -0.68, -0.66, -0.64, -0.6, -0.26, -0.22, -0.15, -0.18, 0.12, -0.09, -0.3, -0.46, -0.53, -0.55, -0.86, -0.85, -0.85, -0.85, -0.85, -0.85, -0.71, -0.69, -0.67, -0.64, -0.6, -0.26, -0.21, -0.11, -0.02, -0.16, -0.38, -0.59, -0.69, -0.7, -0.87, -0.86, -0.86, -0.87, -0.87, -0.86, -0.74, -0.73, -0.72, -0.69, -0.66, -0.33, -0.31, -0.27, -0.24, -0.27, -0.45, -0.74, -1.0, -0.75, -0.86, -0.86, -0.88, -0.89, -0.89, -0.88, -0.77, -0.77, -0.76, -0.75, -0.74, -0.72, -0.42, -0.44, -0.42, -0.35, -0.43, -0.6, -0.79, -0.8, -0.82, -0.86, -0.91, -0.94, -0.92, -0.89, -0.83, -0.81, -0.81, -0.82, -0.82, -0.82, -0.9, -0.63, -0.63, -0.42, -0.25, -0.33, -0.57, -0.64, -0.76, -0.85, -0.97, -1.01, -1.07, -1.06, -0.83, -0.84, -0.86, -0.95, -0.96, -0.94, -0.93, -0.96, -0.95, -0.41, -0.15, -0.15, -0.17, -0.55, -0.61, -0.75, -0.91, -0.96, -0.88, -0.82, -0.82, -0.83, -0.86, -0.89, -0.98, -0.98, -0.96, -0.93, -0.69, -0.43, -0.23, -0.31, -0.48, -0.4, -0.62, -0.71, -0.81, -0.85, -0.83, -0.8, -0.54, -0.57, -0.61, -0.89, -0.95, -1.04, -0.96, -0.87, -0.52, -0.47, -0.3, -0.41, -0.57, -0.44, -0.63, -0.68, -0.74, -0.77, -0.78, -0.77, -0.53, -0.56, -0.59, -0.66, -0.8, -1.22, -0.71, -0.46, -0.66, -0.41, -0.38, -0.39, -0.43, -0.41, -0.63, -0.67, -0.7, -0.73, -0.74, -0.74, -0.52, -0.53, -0.56, -0.6, -0.66, -0.7, -0.51, -0.32, -0.26, -0.24, -0.36, -0.38, -0.4, -0.38, -0.63, -0.65, -0.68, -0.9, -0.91, -0.91, -0.5, -0.5, -0.51, -0.51, -0.49, -0.38, -0.23, -0.25, -0.25, -0.3, -0.28, -0.35, -0.37, -0.53, -0.53, -0.86, -0.87, -0.88, -0.89, -0.89, -0.48, -0.47, -0.46, -0.44, -0.38, -0.24, -0.0, -0.2, -0.27, -0.3, -0.26, -0.54, -0.58, -0.6, -0.55, -0.84, -0.85, -0.86, -0.87, -0.87, -0.46, -0.45, -0.43, -0.4, -0.35, -0.26, -0.2, -0.3, -0.38, -0.45, -0.49, -0.77, -0.58, -0.61, -0.62, -0.82, -0.83, -0.84, -0.85, -0.86, -0.44, -0.43, -0.8, -0.77, -0.72, -0.41, -0.43, -0.48, -0.55, -0.59, -0.85, -0.83, -0.8, -0.91, -0.88, -0.57, -0.55, -0.52, -0.57, -0.57, -0.85, -0.84, -0.83, -0.82, -0.53, -0.57, -0.63, -0.71, -0.77, -0.76, -0.94, -0.88, -0.83, -0.78, -0.72, -0.47, -0.39, -0.32, -0.27, -0.24, -0.87, -0.87, -0.87, -0.88, -0.63, -0.7, -0.82, -0.98, -1.06, -1.06, -0.95, -0.92, -0.84, -0.73, -0.71, -0.5, -0.38, -0.3, -0.25, -0.22, -0.89, -0.89, -0.9, -0.65, -0.71, -0.8, -0.96, -1.21, -1.45, -1.19, -1.07, -0.95, -0.79, -0.72, -0.51, -0.43, -0.33, -0.26, -0.22, -0.19, -0.91, -0.92, -0.65, -0.68, -0.74, -0.83, -0.96, -1.16, -1.34, -1.18, -1.04, -0.93, -0.77, -0.7, -0.36, -0.31, -0.24, -0.2, -0.17, -0.15, -0.61, -0.63, -0.65, -0.69, -0.73, -0.8, -0.88, -0.97, -1.11, -1.04, -0.96, -0.89, -0.74, -0.26, -0.24, -0.2, -0.15, -0.13, -0.11, -0.11, -0.61, -0.63, -0.65, -0.67, -0.7, -0.74, -0.78, -0.95, -0.93, -0.89, -0.85, -0.82, -0.26, -0.18, -0.15, -0.1, -0.06, -0.05, -0.06, -0.08, -0.61, -0.62, -0.63, -0.86, -0.86, -0.85, -0.83, -0.8, -0.76, -0.73, -0.73, -0.51, -0.01, -0.13, -0.08, -0.03, 0.02, 0.01, -0.02, -0.05, -0.84, -0.84, -0.83, -0.82, -0.81, -0.78, -0.74, -0.68, -0.59, -0.55, -0.6, -0.25, -0.02, 0.02, 0.04, 0.01, 0.1, 0.05, 0.0, -0.03, -0.83, -0.82, -0.81, -0.79, -0.77, -0.73, -0.68, -0.59, -0.45, -0.34, -0.49, -0.27, -0.25, 0.01, 0.04, 0.06, 0.04, 0.03, 0.01, -0.02, -0.81, -0.8, -0.79, -0.77, -0.74, -0.71, -0.65, -0.57, -0.45, -0.35, -0.29, -0.3, -0.28, 0.0, 0.03, -0.04, -0.0, 0.0, -0.01, -0.03, -0.8, -0.79, -0.77, -0.75, -0.73, -0.69, -0.65, -0.6, -0.55, -0.53, -0.37, -0.37, -0.33, -0.21, -0.14, -0.08, -0.05, -0.04, -0.04, -0.05, -0.79, -0.78, -0.76, -0.74, -0.72, -0.7, -0.67, -0.64, -0.63, -0.47, -0.49, -0.47, -0.41, -0.36, -0.19, -0.13, -0.09, -0.08, -0.07, -0.07, -0.78, -0.77, -0.76, -0.74, -0.72, -0.7, -0.68, -0.67, -0.67, -0.57, -0.67, -0.54, -0.45, -0.39, -0.23, -0.17, -0.13, -0.11, -0.1, -0.09, -0.78, -0.77, -0.75, -0.74, -0.73, -0.71, -0.7, -0.69, -0.51, -0.58, -0.63, -0.55, -0.47, -0.41, -0.26, -0.2, -0.16, -0.14, -0.12, -0.12, -0.77, -0.76, -0.75, -0.74, -0.73, -0.72, -0.71, -0.7, -0.49, -0.53, -0.54, -0.51, -0.46, -0.41, -0.27, -0.22, -0.19, -0.16, -0.15, -0.14, -0.77, -0.76, -0.75, -0.74, -0.73, -0.72, -0.72, -0.45, -0.47, -0.49, -0.49, -0.47, -0.44, -0.41, -0.28, -0.24, -0.21, -0.18, -0.16, -0.15]}, {"header": {"refTime": "2023-09-07T09:00:00.000Z", "nx": 21, "ny": 33, "lo1": 113.509, "la1": 22.2235, "lo2": 113.5947, "la2": 22.1034, "dx": 0.0042850000000001385, "dy": 0.003753125000000024, "parameterCategory": 0, "parameterCategoryName": "Temperature", "parameterNumber": 0}, "data": [[27.91, 27.9, 27.89, 27.62, 27.62, 27.84, 27.83, 27.83, 27.83, 27.84, 27.87, 27.91, 28.12, 28.15, 28.16, 28.17, 28.34, 28.34, 28.33, 28.33], [27.91, 27.9, 27.89, 27.87, 27.62, 27.63, 27.82, 27.8, 27.8, 27.82, 27.87, 27.92, 28.14, 28.17, 28.18, 28.34, 28.34, 28.33, 28.33, 28.33], [27.92, 27.91, 27.9, 27.88, 27.62, 27.63, 27.64, 27.78, 27.72, 27.8, 27.89, 27.96, 28.18, 28.2, 28.35, 28.34, 28.34, 28.33, 28.33, 28.33], [27.93, 27.93, 27.91, 27.89, 27.87, 27.62, 27.63, 27.65, 27.66, 27.82, 27.91, 28.03, 28.25, 28.2, 28.35, 28.34, 28.33, 28.33, 28.33, 28.33], [27.95, 27.94, 27.93, 27.91, 27.89, 27.61, 27.62, 27.62, 27.62, 27.84, 27.93, 28.2, 28.32, 28.23, 28.35, 28.34, 28.33, 28.33, 28.32, 28.32], [27.97, 27.96, 27.95, 27.94, 27.92, 27.88, 27.61, 27.6, 27.6, 27.59, 28.03, 28.15, 28.25, 28.37, 28.34, 28.33, 28.32, 28.32, 28.32, 28.32], [28.1, 27.99, 27.98, 27.97, 27.95, 27.91, 27.8, 27.59, 27.59, 27.69, 27.72, 28.06, 28.34, 28.35, 28.33, 28.33, 28.31, 28.31, 28.32, 28.32], [28.12, 28.12, 28.12, 28.12, 28.1, 27.92, 27.83, 27.71, 27.63, 27.66, 27.6, 28.05, 28.06, 28.35, 28.3, 28.3, 28.3, 28.3, 28.3, 28.3], [27.98, 28.0, 28.16, 28.17, 28.18, 28.14, 28.03, 27.79, 27.57, 27.71, 27.81, 27.93, 27.98, 27.91, 28.3, 28.3, 28.3, 28.3, 28.3, 28.3], [28.5, 28.5, 28.5, 28.08, 28.14, 28.3, 28.19, 28.03, 27.54, 27.55, 27.99, 27.85, 27.9, 27.87, 28.3, 28.3, 28.3, 28.3, 28.3, 28.3], [28.5, 28.5, 28.5, 28.5, 28.5, 28.5, 28.5, 28.5, 28.18, 27.57, 27.5, 27.8, 27.84, 27.84, 28.3, 28.3, 28.3, 28.3, 28.3, 28.3], [28.5, 28.5, 28.5, 28.5, 28.5, 28.5, 28.5, 28.5, 28.5, -999.0, 27.5, 28.3, 28.3, 27.82, 28.3, 28.3, 28.3, 28.07, 28.08, 28.08], [28.5, 28.5, 28.5, 28.5, 28.5, 28.5, 28.5, 28.5, 28.5, 28.5, -999.0, 28.3, 28.3, 28.04, 28.15, 28.15, 28.16, 28.11, 28.12, 28.12], [28.5, 28.5, 28.5, 28.5, 28.5, 28.5, 28.5, 28.5, 28.5, 28.5, -999.0, 27.9, 27.9, 27.9, 28.12, 28.12, 28.13, 28.08, 28.09, 28.1], [28.5, 28.5, 28.5, 28.5, 28.5, 28.5, 28.5, 28.7, 28.7, 28.7, 28.7, 28.39, 27.9, 27.9, 27.9, 28.08, 28.1, 28.05, 28.06, 28.08], [28.5, 28.5, 28.63, 28.63, 28.63, 28.7, 28.7, 28.7, 28.7, 28.7, 28.2, 28.25, 28.18, 28.11, 28.19, 28.23, 28.28, 28.19, 28.25, 28.27], [28.63, 28.63, 28.57, 28.57, 28.7, 28.7, 28.7, 28.7, 28.7, 28.7, 28.36, 28.26, 28.15, 28.06, 28.1, 28.17, 28.26, 28.34, 28.39, 28.43], [28.57, 28.57, 28.58, 28.58, 28.7, 28.7, 28.7, 28.7, 28.7, 28.5, 28.39, 28.27, 28.14, 28.1, 27.93, 28.14, 28.27, 28.36, 28.41, 28.45], [28.58, 28.58, 28.58, 28.7, 28.7, 28.7, 28.7, 28.7, 28.63, 28.54, 28.51, 28.41, 28.28, 28.17, 28.12, 28.21, 28.33, 28.4, 28.45, 28.48], [28.58, 28.58, 28.81, 28.81, 28.8, 28.79, 28.77, 28.73, 28.65, 28.6, 28.53, 28.45, 28.34, 28.28, 28.29, 28.35, 28.42, 28.47, 28.5, 28.52], [28.82, 28.82, 28.82, 28.78, 28.78, 28.77, 28.77, 28.76, 28.62, 28.6, 28.55, 28.49, 28.4, 28.4, 28.43, 28.47, 28.52, 28.55, 28.56, 28.57], [28.79, 28.79, 28.79, 28.79, 28.79, 28.79, 28.78, 28.8, 28.63, 28.62, 28.58, 28.53, 28.51, 28.49, 28.53, 28.58, 28.62, 28.63, 28.62, 28.61], [28.8, 28.8, 28.8, 28.82, 28.82, 28.82, 28.82, 28.83, 28.83, 28.84, 28.84, 28.81, 28.84, 28.55, 28.6, 28.65, 28.7, 28.7, 28.67, 28.65], [28.83, 28.83, 28.83, 28.83, 28.83, 28.83, 28.84, 28.85, 28.86, 28.86, 28.86, 28.88, 28.84, 28.83, 28.82, 28.7, 28.77, 28.75, 28.71, 28.67], [28.83, 28.83, 28.83, 28.84, 28.84, 28.84, 28.85, 28.86, 28.87, 28.89, 28.87, 28.88, 28.87, 28.83, 28.82, 28.81, 28.75, 28.76, 28.71, 28.68], [28.84, 28.84, 28.84, 28.84, 28.85, 28.85, 28.86, 28.87, 28.88, 28.89, 28.89, 28.88, 28.87, 28.83, 28.82, 28.82, 28.81, 28.81, 28.7, 28.67], [28.84, 28.84, 28.84, 28.85, 28.85, 28.85, 28.86, 28.87, 28.87, 28.88, 28.89, 28.88, 28.88, 28.84, 28.83, 28.82, 28.82, 28.81, 28.81, 28.82], [28.84, 28.84, 28.85, 28.85, 28.85, 28.86, 28.86, 28.87, 28.87, 28.89, 28.89, 28.89, 28.88, 28.87, 28.83, 28.83, 28.82, 28.82, 28.82, 28.82], [28.84, 28.85, 28.85, 28.85, 28.85, 28.86, 28.86, 28.87, 28.88, 28.89, 28.9, 28.89, 28.88, 28.87, 28.84, 28.83, 28.83, 28.82, 28.82, 28.82], [28.84, 28.85, 28.85, 28.85, 28.86, 28.86, 28.86, 28.87, 28.89, 28.89, 28.89, 28.89, 28.88, 28.87, 28.84, 28.83, 28.83, 28.83, 28.83, 28.82], [28.85, 28.85, 28.85, 28.85, 28.86, 28.86, 28.86, 28.87, 28.89, 28.89, 28.89, 28.88, 28.88, 28.88, 28.84, 28.84, 28.83, 28.83, 28.83, 28.83], [28.85, 28.85, 28.85, 28.85, 28.86, 28.86, 28.86, 28.88, 28.88, 28.88, 28.88, 28.88, 28.88, 28.87, 28.84, 28.84, 28.84, 28.83, 28.83, 28.83]]}]