gis_exercise/awsData/contour/wdir_2023091117.json
[{"header": {"refTime": "2023-09-11T17:00:00.000Z", "nx": 21, "ny": 33, "lo1": 113.509, "la1": 22.2235, "lo2": 113.5947, "la2": 22.1034, "dx": 0.0042850000000001385, "dy": 0.003753125000000024, "parameterCategory": 2, "parameterCategoryName": "Temperature", "parameterNumber": 2}, "data": [-1.22, -1.21, -1.19, -1.33, -1.29, -1.58, -1.51, -1.45, -1.44, -1.47, -1.63, -1.78, -2.14, -2.23, -3.7, -3.92, -4.68, -4.78, -4.87, -4.92, -1.22, -1.21, -1.2, -1.18, -1.3, -1.24, -1.45, -1.3, -1.21, -1.34, -1.61, -1.84, -2.23, -2.31, -3.78, -4.57, -4.74, -4.88, -4.97, -5.02, -1.23, -1.23, -1.22, -1.2, -1.32, -1.26, -1.16, -1.17, -0.74, -1.23, -1.66, -1.97, -2.37, -2.43, -4.35, -4.61, -4.84, -5.01, -5.11, -5.14, -1.25, -1.24, -1.24, -1.23, -1.21, -1.32, -1.23, -1.09, -0.96, -1.4, -1.82, -2.19, -2.61, -2.8, -4.33, -4.7, -5.02, -5.22, -5.31, -5.3, -1.26, -1.26, -1.26, -1.26, -1.25, -1.4, -1.37, -1.32, -1.3, -1.66, -1.98, -2.82, -3.04, -2.85, -4.34, -4.86, -5.31, -5.56, -5.58, -5.5, -1.27, -1.27, -1.28, -1.29, -1.3, -1.33, -1.51, -1.54, -1.54, -1.54, -2.51, -2.71, -2.89, -3.89, -4.44, -5.13, -5.8, -6.09, -5.93, -5.7, -2.43, -1.28, -1.29, -1.31, -1.33, -1.39, -1.75, -1.73, -1.76, -2.05, -2.06, -2.53, -3.93, -4.14, -4.55, -5.4, -6.49, -6.9, -6.95, -6.74, -2.44, -2.4, -2.35, -2.64, -2.61, -1.63, -1.73, -1.88, -2.09, -2.01, -1.87, -3.33, -3.65, -4.47, -5.89, -6.39, -6.99, -7.21, -6.89, -6.67, -2.45, -2.4, -2.34, -2.25, -2.5, -2.5, -2.62, -1.78, -2.68, -2.08, -3.44, -4.22, -5.37, -4.82, -5.96, -6.29, -6.63, -6.78, -6.71, -6.59, -3.55, -3.46, -3.33, -2.22, -2.03, -2.18, -2.58, -3.01, -3.3, -3.14, -4.02, -4.82, -5.82, -5.07, -6.04, -6.2, -6.4, -6.51, -6.53, -6.48, -3.57, -3.49, -3.36, -3.13, -2.65, -1.23, -3.08, -4.13, -3.93, -3.78, -5.25, -4.64, -4.94, -4.84, -6.05, -6.15, -6.27, -6.36, -6.39, -6.38, -3.61, -3.55, -3.45, -3.31, -3.07, -2.97, -3.73, -4.81, -5.27, -6.02, -5.38, -5.66, -5.68, -4.61, -6.04, -6.11, -6.19, -6.42, -6.42, -6.4, -3.67, -3.63, -3.59, -3.56, -3.6, -3.85, -4.3, -4.8, -5.12, -4.77, -6.06, -5.64, -5.63, -4.82, -4.74, -6.13, -6.14, -6.17, -6.2, -6.22, -3.73, -3.72, -3.73, -3.77, -3.9, -4.18, -4.56, -4.56, -4.68, -4.62, -5.98, -5.7, -5.6, -5.49, -4.54, -5.78, -5.83, -5.9, -5.97, -6.03, -3.79, -3.8, -3.83, -3.89, -4.02, -4.2, -4.36, -4.35, -4.28, -4.18, -4.07, -3.57, -5.3, -5.14, -5.03, -5.38, -5.49, -5.63, -5.75, -5.84, -3.84, -3.86, -2.43, -2.52, -2.63, -3.98, -3.95, -3.86, -3.76, -3.71, -3.31, -3.33, -3.35, -3.64, -3.67, -4.04, -4.08, -4.12, -4.28, -4.35, -2.3, -2.33, -2.36, -2.4, -3.71, -3.61, -3.44, -3.23, -3.1, -3.16, -2.97, -3.12, -3.23, -3.31, -2.98, -3.07, -2.96, -2.88, -2.81, -2.77, -2.27, -2.28, -2.28, -2.27, -3.45, -3.25, -2.92, -2.48, -2.25, -2.07, -2.38, -2.95, -3.14, -2.95, -3.33, -3.11, -2.95, -2.85, -2.78, -2.74, -2.23, -2.22, -2.21, -3.42, -3.25, -2.98, -2.54, -1.81, -1.06, -1.75, -1.8, -2.14, -2.52, -2.82, -3.13, -3.02, -2.89, -2.8, -2.74, -2.7, -2.19, -2.17, -2.46, -2.39, -2.27, -2.1, -1.84, -1.49, -1.17, -1.48, -1.81, -2.1, -2.42, -2.63, -2.93, -2.87, -2.78, -2.72, -2.68, -2.65, -2.5, -2.46, -2.41, -2.33, -2.23, -2.09, -1.93, -1.75, -1.53, -1.68, -1.88, -2.09, -2.34, -2.8, -2.78, -2.72, -2.67, -2.63, -2.61, -2.6, -2.47, -2.43, -2.37, -2.31, -2.23, -2.13, -2.03, -1.54, -1.77, -1.86, -1.98, -2.1, -2.78, -2.7, -2.66, -2.61, -2.57, -2.54, -2.54, -2.55, -2.44, -2.4, -2.36, -1.68, -1.68, -1.68, -1.7, -1.73, -1.77, -1.81, -1.82, -1.93, -2.33, -2.63, -2.58, -2.53, -2.49, -2.47, -2.47, -2.5, -1.72, -1.72, -1.73, -1.74, -1.75, -1.77, -1.81, -1.87, -1.96, -2.0, -1.96, -2.35, -2.33, -2.33, -2.34, -2.48, -2.49, -2.37, -2.41, -2.46, -1.75, -1.76, -1.77, -1.78, -1.8, -1.84, -1.89, -1.98, -2.1, -2.2, -2.08, -2.34, -2.36, -2.33, -2.33, -2.33, -2.34, -2.27, -2.38, -2.44, -1.77, -1.78, -1.8, -1.82, -1.85, -1.89, -1.94, -2.02, -2.13, -2.21, -2.32, -2.33, -2.34, -2.32, -2.32, -2.29, -2.27, -2.26, -2.4, -2.45, -1.79, -1.81, -1.82, -1.85, -1.88, -1.92, -1.96, -2.02, -2.08, -2.1, -2.3, -2.31, -2.32, -2.27, -2.27, -2.28, -2.27, -2.27, -2.27, -2.27, -1.81, -1.82, -1.84, -1.87, -1.9, -1.93, -1.97, -2.02, -2.06, -2.27, -2.26, -2.2, -2.2, -2.19, -2.27, -2.27, -2.27, -2.27, -2.27, -2.27, -1.82, -1.84, -1.86, -1.88, -1.91, -1.94, -1.98, -2.02, -2.06, -2.23, -2.18, -2.19, -2.19, -2.19, -2.26, -2.26, -2.27, -2.27, -2.27, -2.27, -1.83, -1.85, -1.87, -1.89, -1.92, -1.94, -1.98, -2.01, -2.2, -2.19, -2.19, -2.19, -2.19, -2.19, -2.25, -2.26, -2.26, -2.27, -2.27, -2.27, -1.84, -1.86, -1.87, -1.89, -1.92, -1.94, -1.97, -2.0, -2.2, -2.2, -2.19, -2.19, -2.19, -2.19, -2.25, -2.26, -2.26, -2.27, -2.27, -2.27, -1.85, -1.86, -1.88, -1.9, -1.92, -1.94, -1.96, -2.2, -2.2, -2.2, -2.19, -2.19, -2.19, -2.19, -2.25, -2.26, -2.26, -2.26, -2.27, -2.27]}, {"header": {"refTime": "2023-09-11T17:00:00.000Z", "nx": 21, "ny": 33, "lo1": 113.509, "la1": 22.2235, "lo2": 113.5947, "la2": 22.1034, "dx": 0.0042850000000001385, "dy": 0.003753125000000024, "parameterCategory": 2, "parameterCategoryName": "Temperature", "parameterNumber": 3}, "data": [0.01, 0.01, 0.01, 0.22, 0.22, -0.03, -0.02, -0.01, -0.01, 0.16, 0.15, 0.15, 0.08, 0.08, 0.66, 0.75, 0.95, 1.01, 1.06, 1.09, 0.0, 0.01, 0.01, 0.01, 0.21, 0.21, -0.01, 0.01, 0.02, 0.15, 0.15, 0.13, 0.06, 0.06, 0.65, 0.88, 0.98, 1.06, 1.11, 1.14, 0.0, 0.0, 0.01, 0.01, 0.21, 0.2, 0.19, 0.03, 0.08, 0.14, 0.14, 0.11, 0.04, 0.04, 0.74, 0.9, 1.03, 1.13, 1.19, 1.21, 0.0, 0.0, 0.0, 0.0, 0.01, 0.2, 0.19, 0.18, 0.17, 0.16, 0.14, 0.08, -0.01, 0.15, 0.72, 0.94, 1.13, 1.24, 1.29, 1.29, -0.0, -0.0, -0.0, -0.0, 0.0, 0.2, 0.2, 0.2, 0.22, 0.22, 0.17, 0.12, -0.07, 0.11, 0.73, 1.04, 1.28, 1.42, 1.43, 1.4, -0.0, -0.0, -0.0, -0.01, -0.01, -0.01, 0.19, 0.2, 0.23, 0.31, 0.38, 0.23, 0.08, 0.3, 0.82, 1.19, 1.54, 1.69, 1.62, 1.5, 0.13, -0.01, -0.01, -0.01, -0.01, -0.02, 0.15, 0.15, 0.18, 0.44, 0.56, 0.42, 0.48, 0.5, 0.93, 1.35, 1.9, 2.1, 1.91, 1.75, 0.13, 0.13, 0.12, 0.1, 0.09, 0.14, 0.13, 0.07, 0.03, 0.46, 0.7, 0.76, 0.78, 0.68, 1.46, 1.75, 2.09, 2.22, 2.03, 1.9, 0.14, 0.13, 0.12, 0.11, 0.09, 0.08, 0.08, 0.12, 0.24, 0.42, 0.88, 0.93, 1.1, 1.02, 1.44, 1.66, 1.87, 1.96, 1.92, 1.85, 0.32, 0.31, 0.29, 0.12, 0.1, 0.08, 0.1, 0.13, 0.36, 0.41, 0.94, 1.04, 1.19, 1.07, 1.44, 1.58, 1.72, 1.8, 1.81, 1.79, 0.32, 0.31, 0.3, 0.27, 0.2, 0.02, 0.25, 0.37, 0.25, 0.43, 0.95, 1.02, 1.06, 1.04, 1.44, 1.54, 1.63, 1.69, 1.72, 1.72, 0.33, 0.32, 0.31, 0.29, 0.26, 0.25, 0.34, 0.44, 0.47, 0.73, 0.9, 0.9, 0.94, 1.01, 1.44, 1.51, 1.58, 1.56, 1.58, 1.58, 0.34, 0.34, 0.33, 0.33, 0.34, 0.38, 0.45, 0.46, 0.47, 0.44, 0.8, 0.86, 0.9, 0.83, 0.81, 1.37, 1.41, 1.44, 1.47, 1.49, 0.35, 0.35, 0.35, 0.36, 0.39, 0.44, 0.53, 0.47, 0.45, 0.44, 0.78, 0.75, 0.76, 0.75, 0.73, 1.24, 1.28, 1.32, 1.36, 1.39, 0.36, 0.36, 0.37, 0.38, 0.4, 0.44, 0.46, 0.65, 0.67, 0.69, 0.7, 0.6, 0.69, 0.66, 0.65, 1.08, 1.14, 1.2, 1.26, 1.31, 0.36, 0.37, 0.52, 0.53, 0.55, 0.69, 0.7, 0.71, 0.73, 0.74, 0.65, 0.61, 0.55, 0.69, 0.65, 0.78, 0.85, 0.92, 1.26, 1.33, 0.54, 0.54, 0.55, 0.57, 0.73, 0.74, 0.76, 0.78, 0.8, 0.8, 0.68, 0.61, 0.54, 0.46, 0.55, 0.34, 0.35, 0.36, 0.36, 0.36, 0.55, 0.57, 0.58, 0.6, 0.76, 0.78, 0.82, 0.87, 0.9, 0.81, 0.73, 0.63, 0.53, 0.55, 0.33, 0.33, 0.35, 0.36, 0.37, 0.36, 0.57, 0.59, 0.6, 0.76, 0.78, 0.81, 0.86, 0.95, 1.01, 0.87, 0.54, 0.43, 0.77, 0.64, 0.33, 0.35, 0.37, 0.38, 0.38, 0.37, 0.59, 0.6, 0.46, 0.48, 0.51, 0.56, 0.64, 0.77, 0.81, 0.65, 0.49, 0.4, 0.85, 0.79, 0.37, 0.39, 0.4, 0.4, 0.39, 0.37, 0.41, 0.41, 0.42, 0.44, 0.46, 0.49, 0.54, 0.59, 0.56, 0.48, 0.4, 0.34, 0.93, 0.39, 0.41, 0.43, 0.44, 0.43, 0.4, 0.38, 0.38, 0.39, 0.39, 0.39, 0.4, 0.4, 0.41, 0.37, 0.34, 0.3, 0.26, 0.24, 0.47, 0.41, 0.45, 0.49, 0.52, 0.47, 0.41, 0.37, 0.36, 0.35, 0.35, 0.28, 0.28, 0.26, 0.24, 0.2, 0.14, 0.11, 0.11, 0.51, 0.06, 0.42, 0.47, 0.56, 0.69, 0.53, 0.38, 0.34, 0.27, 0.26, 0.26, 0.24, 0.22, 0.19, 0.13, 0.05, -0.05, -0.11, -0.04, 0.22, 0.03, 0.16, 0.29, 0.56, 1.11, 0.33, 0.26, 0.28, 0.25, 0.24, 0.23, 0.21, 0.18, 0.14, 0.07, -0.05, -0.23, -0.38, -0.17, 0.16, 0.38, 0.12, 0.22, 0.29, 0.15, -0.2, 0.14, 0.24, 0.24, 0.23, 0.21, 0.19, 0.16, 0.11, 0.04, -0.06, -0.22, -0.35, -0.07, 0.16, 0.35, 0.08, 0.15, 0.31, 0.18, 0.09, 0.16, 0.22, 0.23, 0.21, 0.2, 0.17, 0.15, 0.11, 0.06, -0.01, -0.07, -0.09, 0.08, 0.21, 0.35, 0.35, 0.33, 0.29, 0.24, 0.2, 0.21, 0.24, 0.22, 0.21, 0.19, 0.17, 0.15, 0.12, 0.09, 0.06, 0.06, 0.17, 0.22, -0.13, -0.23, -0.32, 0.33, 0.3, 0.27, 0.25, 0.25, 0.26, 0.21, 0.2, 0.19, 0.17, 0.15, 0.13, 0.12, 0.12, 0.14, 0.27, 0.21, -0.01, -0.16, -0.27, 0.33, 0.31, 0.29, 0.28, 0.28, 0.28, 0.21, 0.2, 0.19, 0.17, 0.16, 0.15, 0.14, 0.15, -0.07, 0.06, 0.14, 0.0, -0.13, -0.24, 0.33, 0.32, 0.3, 0.3, 0.29, 0.29, 0.21, 0.2, 0.19, 0.18, 0.17, 0.16, 0.16, 0.17, -0.09, -0.03, -0.01, -0.06, -0.15, -0.23, 0.33, 0.32, 0.31, 0.31, 0.3, 0.3, 0.21, 0.2, 0.19, 0.18, 0.18, 0.17, 0.17, -0.17, -0.13, -0.1, -0.09, -0.13, -0.18, -0.24, 0.33, 0.32, 0.32, 0.31, 0.31, 0.31]}, {"header": {"refTime": "2023-09-11T17:00:00.000Z", "nx": 21, "ny": 33, "lo1": 113.509, "la1": 22.2235, "lo2": 113.5947, "la2": 22.1034, "dx": 0.0042850000000001385, "dy": 0.003753125000000024, "parameterCategory": 0, "parameterCategoryName": "Temperature", "parameterNumber": 0}, "data": [[26.25, 26.24, 26.24, 26.0, 26.0, 26.24, 26.23, 26.23, 26.23, 26.17, 26.2, 26.22, 26.41, 26.43, 26.41, 26.4, 26.48, 26.47, 26.46, 26.46], [26.25, 26.25, 26.24, 26.23, 26.0, 26.01, 26.22, 26.2, 26.19, 26.16, 26.2, 26.24, 26.43, 26.45, 26.42, 26.49, 26.47, 26.46, 26.46, 26.45], [26.26, 26.25, 26.24, 26.23, 26.0, 26.01, 26.02, 26.18, 26.12, 26.15, 26.21, 26.27, 26.47, 26.48, 26.51, 26.49, 26.47, 26.45, 26.45, 26.44], [26.27, 26.26, 26.25, 26.24, 26.23, 26.01, 26.02, 26.03, 26.05, 26.16, 26.23, 26.33, 26.53, 26.43, 26.51, 26.48, 26.46, 26.44, 26.43, 26.43], [26.28, 26.27, 26.26, 26.25, 26.24, 26.0, 26.0, 26.01, 26.0, 26.15, 26.23, 26.45, 26.59, 26.47, 26.51, 26.47, 26.44, 26.42, 26.42, 26.42], [26.29, 26.28, 26.28, 26.27, 26.26, 26.24, 26.0, 25.99, 25.98, 25.94, 26.23, 26.37, 26.49, 26.6, 26.49, 26.45, 26.41, 26.39, 26.4, 26.41], [26.38, 26.3, 26.3, 26.29, 26.28, 26.26, 26.12, 26.0, 25.99, 25.97, 25.96, 26.25, 26.53, 26.55, 26.47, 26.42, 26.36, 26.34, 26.37, 26.4], [26.39, 26.39, 26.39, 26.39, 26.38, 26.2, 26.15, 26.1, 26.07, 25.95, 25.81, 26.18, 26.19, 26.55, 26.34, 26.35, 26.33, 26.32, 26.33, 26.34], [26.31, 26.32, 26.41, 26.42, 26.42, 26.4, 26.34, 26.13, 25.97, 25.99, 25.97, 26.07, 26.12, 26.06, 26.34, 26.35, 26.34, 26.33, 26.34, 26.34], [26.6, 26.6, 26.6, 26.37, 26.4, 26.49, 26.43, 26.34, 25.87, 25.89, 26.13, 26.01, 26.05, 26.03, 26.34, 26.36, 26.35, 26.34, 26.34, 26.35], [26.6, 26.6, 26.6, 26.6, 26.6, 26.6, 26.6, 26.6, 26.42, 25.96, 25.7, 25.97, 26.0, 26.0, 26.34, 26.36, 26.35, 26.35, 26.35, 26.35], [26.6, 26.6, 26.6, 26.6, 26.6, 26.6, 26.6, 26.6, 26.6, -999.0, 25.7, 26.4, 26.4, 25.98, 26.34, 26.36, 26.36, 25.73, 25.75, 25.75], [26.6, 26.6, 26.6, 26.6, 26.6, 26.6, 26.6, 26.6, 26.6, 26.6, -999.0, 26.4, 26.4, 25.68, 26.0, 25.94, 25.94, 25.82, 25.84, 25.85], [26.6, 26.6, 26.6, 26.6, 26.6, 26.6, 26.6, 26.6, 26.6, 26.6, -999.0, 25.3, 25.3, 25.3, 25.9, 25.85, 25.87, 25.74, 25.77, 25.79], [26.6, 26.6, 26.6, 26.6, 26.6, 26.6, 26.6, 26.7, 26.7, 26.7, 26.7, 26.16, 25.3, 25.3, 25.3, 25.76, 25.79, 25.67, 25.71, 25.74], [26.6, 26.6, 26.66, 26.66, 26.67, 26.7, 26.7, 26.7, 26.7, 26.7, 25.82, 25.92, 25.78, 25.67, 25.8, 25.52, 25.55, 25.49, 25.72, 25.75], [26.66, 26.66, 26.64, 26.64, 26.7, 26.7, 26.7, 26.7, 26.7, 26.7, 26.1, 25.92, 25.74, 25.57, 25.53, 25.49, 25.56, 25.61, 25.65, 25.68], [26.64, 26.64, 26.64, 26.64, 26.7, 26.7, 26.7, 26.7, 26.7, 26.34, 26.16, 25.95, 25.73, 25.55, 25.33, 25.47, 25.57, 25.63, 25.67, 25.7], [26.64, 26.64, 26.64, 26.7, 26.7, 26.7, 26.7, 26.7, 26.57, 26.43, 26.22, 26.04, 25.79, 25.62, 25.46, 25.53, 25.61, 25.66, 25.7, 25.72], [26.64, 26.64, 26.47, 26.48, 26.5, 26.52, 26.55, 26.63, 26.52, 26.39, 26.23, 26.08, 25.85, 25.74, 25.58, 25.62, 25.67, 25.71, 25.74, 25.75], [26.46, 26.46, 26.47, 26.53, 26.54, 26.55, 26.57, 26.59, 26.39, 26.32, 26.22, 26.11, 25.9, 25.66, 25.68, 25.71, 25.74, 25.77, 25.78, 25.78], [26.51, 26.52, 26.52, 26.52, 26.52, 26.53, 26.53, 26.49, 26.31, 26.27, 26.21, 26.14, 25.82, 25.72, 25.75, 25.78, 25.81, 25.82, 25.82, 25.81], [26.51, 26.51, 26.51, 26.45, 26.45, 26.45, 26.45, 26.44, 26.43, 26.42, 26.42, 26.31, 26.08, 25.77, 25.8, 25.84, 25.87, 25.87, 25.86, 25.84], [26.44, 26.44, 26.44, 26.44, 26.44, 26.43, 26.42, 26.41, 26.39, 26.38, 26.38, 26.2, 26.09, 26.05, 26.01, 25.87, 25.9, 25.92, 25.89, 25.86], [26.43, 26.43, 26.43, 26.43, 26.42, 26.41, 26.4, 26.38, 26.35, 26.33, 26.36, 26.21, 26.18, 26.05, 26.02, 25.99, 25.92, 25.94, 25.9, 25.87], [26.43, 26.43, 26.42, 26.42, 26.41, 26.4, 26.39, 26.37, 26.34, 26.33, 26.25, 26.22, 26.19, 26.06, 26.03, 26.01, 25.99, 25.99, 25.88, 25.86], [26.42, 26.42, 26.41, 26.41, 26.4, 26.39, 26.38, 26.36, 26.35, 26.34, 26.25, 26.23, 26.2, 26.08, 26.05, 26.02, 26.01, 26.01, 26.01, 26.01], [26.42, 26.41, 26.41, 26.4, 26.39, 26.39, 26.37, 26.36, 26.35, 26.26, 26.26, 26.26, 26.24, 26.21, 26.07, 26.04, 26.03, 26.02, 26.02, 26.02], [26.41, 26.41, 26.4, 26.4, 26.39, 26.38, 26.37, 26.36, 26.35, 26.27, 26.29, 26.26, 26.24, 26.22, 26.08, 26.06, 26.04, 26.04, 26.03, 26.03], [26.41, 26.41, 26.4, 26.4, 26.39, 26.38, 26.37, 26.36, 26.26, 26.27, 26.28, 26.26, 26.24, 26.22, 26.09, 26.07, 26.06, 26.05, 26.04, 26.04], [26.41, 26.4, 26.4, 26.39, 26.39, 26.38, 26.37, 26.36, 26.26, 26.26, 26.26, 26.25, 26.24, 26.23, 26.1, 26.08, 26.07, 26.06, 26.05, 26.05], [26.41, 26.4, 26.4, 26.39, 26.39, 26.38, 26.37, 26.25, 26.25, 26.25, 26.25, 26.25, 26.24, 26.22, 26.1, 26.09, 26.07, 26.06, 26.06, 26.05]]}]