gis_exercise/awsData/contour/wdir_2023090609.json
[{"header": {"refTime": "2023-09-06T09:00:00.000Z", "nx": 21, "ny": 33, "lo1": 113.509, "la1": 22.2235, "lo2": 113.5947, "la2": 22.1034, "dx": 0.0042850000000001385, "dy": 0.003753125000000024, "parameterCategory": 2, "parameterCategoryName": "Temperature", "parameterNumber": 2}, "data": [0.52, 0.52, 0.51, 0.69, 0.66, 0.74, 0.68, 0.63, 0.62, 0.51, 0.59, 0.66, 1.0, 1.05, 0.77, 0.78, 1.28, 1.27, 1.26, 1.25, 0.52, 0.52, 0.52, 0.51, 0.67, 0.62, 0.65, 0.54, 0.48, 0.45, 0.58, 0.68, 1.03, 1.09, 0.8, 1.29, 1.27, 1.25, 1.24, 1.24, 0.53, 0.53, 0.53, 0.52, 0.69, 0.64, 0.56, 0.47, 0.2, 0.4, 0.6, 0.74, 1.09, 1.13, 1.3, 1.28, 1.25, 1.23, 1.22, 1.22, 0.53, 0.53, 0.53, 0.54, 0.54, 0.69, 0.62, 0.5, 0.4, 0.49, 0.67, 0.83, 1.16, 1.31, 1.3, 1.26, 1.23, 1.2, 1.19, 1.2, 0.53, 0.53, 0.54, 0.55, 0.57, 0.76, 0.73, 0.69, 0.66, 0.61, 0.75, 1.28, 1.26, 1.31, 1.3, 1.25, 1.18, 1.15, 1.15, 1.17, 0.52, 0.53, 0.54, 0.56, 0.59, 0.64, 0.86, 0.88, 0.87, 0.84, 1.25, 1.3, 1.31, 1.77, 1.31, 1.22, 1.11, 1.07, 1.1, 1.14, 0.93, 0.52, 0.53, 0.55, 0.59, 0.67, 0.95, 1.08, 1.09, 1.25, 1.21, 1.37, 1.95, 1.97, 1.33, 1.19, 1.01, 0.94, 1.2, 1.31, 0.91, 0.89, 0.88, 0.93, 0.94, 0.77, 0.92, 1.16, 1.46, 1.2, 0.95, 1.84, 2.02, 2.15, 1.94, 1.64, 1.26, 1.12, 1.33, 1.47, 0.9, 0.87, 0.84, 0.8, 0.82, 0.86, 1.01, 0.99, 1.36, 1.29, 1.66, 2.05, 2.42, 2.25, 2.04, 1.77, 1.52, 1.41, 1.45, 1.53, 0.96, 0.92, 0.87, 0.74, 0.62, 0.6, 0.84, 1.1, 1.39, 1.32, 1.9, 2.2, 2.52, 2.3, 2.1, 1.88, 1.7, 1.61, 1.59, 1.61, 0.97, 0.93, 0.88, 0.79, 0.6, 0.05, 0.76, 1.14, 1.29, 1.42, 1.91, 2.13, 2.24, 2.21, 2.1, 1.94, 1.81, 1.73, 1.69, 1.68, 0.98, 0.96, 0.92, 0.87, 0.78, 0.73, 1.02, 1.38, 1.52, 1.97, 1.9, 2.32, 2.38, 2.13, 2.08, 1.97, 1.88, 1.79, 1.75, 1.73, 1.01, 1.0, 0.98, 0.97, 0.99, 1.11, 1.29, 1.41, 1.49, 1.38, 2.05, 2.26, 2.31, 2.36, 2.34, 1.96, 1.9, 1.84, 1.8, 1.78, 1.03, 1.03, 1.04, 1.06, 1.12, 1.25, 1.46, 1.37, 1.37, 1.34, 2.01, 2.2, 2.23, 2.24, 2.28, 1.96, 1.91, 1.87, 1.84, 1.82, 1.06, 1.06, 1.08, 1.11, 1.16, 1.25, 1.32, 1.49, 1.48, 1.47, 1.45, 1.58, 2.17, 2.17, 2.16, 1.95, 1.92, 1.89, 1.87, 1.85, 1.07, 1.09, 0.87, 0.9, 0.95, 1.44, 1.43, 1.42, 1.4, 1.39, 1.51, 1.56, 1.62, 1.92, 1.94, 2.12, 2.14, 2.16, 1.62, 1.6, 0.85, 0.86, 0.88, 0.91, 1.39, 1.38, 1.35, 1.32, 1.3, 1.31, 1.46, 1.54, 1.64, 1.73, 1.8, 1.79, 1.75, 1.72, 1.69, 1.67, 0.86, 0.87, 0.89, 0.9, 1.35, 1.32, 1.27, 1.2, 1.16, 1.25, 1.36, 1.52, 1.64, 1.78, 1.9, 1.81, 1.75, 1.71, 1.68, 1.66, 0.86, 0.87, 0.89, 1.35, 1.32, 1.28, 1.21, 1.09, 1.0, 1.18, 1.08, 1.19, 1.64, 1.75, 1.82, 1.78, 1.73, 1.69, 1.67, 1.65, 0.87, 0.88, 0.93, 0.92, 0.92, 0.91, 0.9, 0.9, 0.94, 0.97, 1.03, 1.13, 1.62, 1.7, 1.74, 1.72, 1.69, 1.66, 1.64, 1.63, 0.9, 0.9, 0.89, 0.88, 0.87, 0.86, 0.85, 0.85, 0.91, 0.93, 0.97, 1.05, 1.6, 1.69, 1.69, 1.67, 1.65, 1.63, 1.62, 1.61, 0.88, 0.87, 0.86, 0.85, 0.83, 0.81, 0.79, 0.64, 0.84, 0.85, 0.89, 0.96, 1.35, 1.66, 1.65, 1.64, 1.63, 1.61, 1.59, 1.58, 0.86, 0.85, 0.83, 0.61, 0.6, 0.59, 0.58, 0.56, 0.54, 0.52, 0.53, 0.86, 1.02, 1.63, 1.62, 1.62, 1.63, 1.59, 1.56, 1.56, 0.6, 0.6, 0.6, 0.59, 0.58, 0.56, 0.54, 0.5, 0.45, 0.42, 0.45, 0.74, 0.99, 1.14, 1.28, 1.6, 1.73, 1.5, 1.5, 1.53, 0.6, 0.59, 0.59, 0.58, 0.56, 0.54, 0.51, 0.46, 0.37, 0.29, 0.4, 0.7, 0.86, 1.12, 1.25, 1.35, 1.45, 1.34, 1.47, 1.51, 0.59, 0.59, 0.58, 0.57, 0.55, 0.53, 0.5, 0.45, 0.37, 0.31, 0.53, 0.69, 0.83, 1.09, 1.2, 1.35, 1.35, 1.34, 1.48, 1.51, 0.59, 0.58, 0.57, 0.57, 0.55, 0.54, 0.51, 0.48, 0.45, 0.45, 0.62, 0.71, 0.81, 1.21, 1.27, 1.31, 1.33, 1.33, 1.33, 1.33, 0.59, 0.58, 0.57, 0.57, 0.56, 0.54, 0.53, 0.52, 0.53, 0.65, 0.69, 0.61, 0.63, 0.67, 1.22, 1.27, 1.29, 1.31, 1.31, 1.31, 0.58, 0.58, 0.57, 0.57, 0.56, 0.56, 0.55, 0.56, 0.58, 0.7, 0.68, 0.65, 0.65, 0.67, 1.19, 1.23, 1.26, 1.28, 1.29, 1.3, 0.58, 0.58, 0.58, 0.57, 0.57, 0.57, 0.57, 0.58, 0.62, 0.65, 0.67, 0.66, 0.66, 0.67, 1.16, 1.21, 1.24, 1.26, 1.27, 1.28, 0.58, 0.58, 0.58, 0.57, 0.57, 0.57, 0.58, 0.58, 0.62, 0.64, 0.65, 0.65, 0.66, 0.67, 1.15, 1.19, 1.22, 1.24, 1.26, 1.27, 0.59, 0.58, 0.58, 0.58, 0.58, 0.58, 0.58, 0.61, 0.62, 0.64, 0.64, 0.65, 0.66, 0.67, 1.14, 1.18, 1.2, 1.23, 1.24, 1.25]}, {"header": {"refTime": "2023-09-06T09:00:00.000Z", "nx": 21, "ny": 33, "lo1": 113.509, "la1": 22.2235, "lo2": 113.5947, "la2": 22.1034, "dx": 0.0042850000000001385, "dy": 0.003753125000000024, "parameterCategory": 2, "parameterCategoryName": "Temperature", "parameterNumber": 3}, "data": [-0.81, -0.8, -0.78, -0.63, -0.62, -0.35, -0.34, -0.33, -0.32, -0.24, -0.21, -0.17, -0.27, -0.26, -0.81, -0.92, -1.23, -1.31, -1.37, -1.41, -0.82, -0.8, -0.79, -0.77, -0.62, -0.6, -0.36, -0.35, -0.34, -0.26, -0.2, -0.15, -0.23, -0.23, -0.79, -1.14, -1.26, -1.36, -1.43, -1.46, -0.83, -0.82, -0.8, -0.78, -0.63, -0.61, -0.57, -0.37, -0.38, -0.28, -0.19, -0.1, -0.17, -0.18, -0.96, -1.16, -1.32, -1.44, -1.51, -1.54, -0.84, -0.83, -0.82, -0.8, -0.78, -0.63, -0.6, -0.55, -0.51, -0.26, -0.16, -0.03, -0.06, -0.17, -0.93, -1.21, -1.43, -1.57, -1.63, -1.64, -0.86, -0.85, -0.84, -0.83, -0.81, -0.66, -0.64, -0.63, -0.62, -0.24, -0.14, -0.11, 0.17, -0.12, -0.95, -1.33, -1.62, -1.77, -1.8, -1.76, -0.87, -0.87, -0.87, -0.86, -0.85, -0.84, -0.7, -0.7, -0.7, -0.69, -0.44, -0.28, -0.07, -0.47, -1.08, -1.52, -1.92, -2.09, -2.0, -1.88, -1.27, -0.89, -0.9, -0.9, -0.89, -0.88, -0.94, -0.78, -0.79, -0.87, -0.86, -0.59, -0.8, -0.79, -1.25, -1.71, -2.32, -2.55, -2.29, -2.09, -1.27, -1.27, -1.26, -1.33, -1.31, -0.98, -0.96, -0.94, -0.94, -0.85, -0.75, -1.18, -1.26, -1.06, -1.99, -2.26, -2.59, -2.72, -2.53, -2.41, -1.28, -1.28, -1.27, -1.26, -1.32, -1.31, -1.29, -0.95, -1.06, -0.88, -1.12, -1.31, -1.52, -1.42, -1.96, -2.17, -2.38, -2.47, -2.43, -2.36, -1.58, -1.57, -1.55, -1.27, -1.26, -1.31, -1.34, -1.37, -1.23, -1.17, -1.24, -1.41, -1.59, -1.46, -1.95, -2.09, -2.23, -2.31, -2.32, -2.3, -1.59, -1.57, -1.55, -1.52, -1.44, -1.22, -1.52, -1.69, -1.57, -1.36, -1.56, -1.37, -1.43, -1.41, -1.95, -2.05, -2.14, -2.21, -2.23, -2.24, -1.59, -1.58, -1.57, -1.54, -1.51, -1.49, -1.61, -1.8, -1.89, -1.92, -1.63, -1.72, -1.7, -1.37, -1.95, -2.03, -2.09, -2.26, -2.28, -2.28, -1.6, -1.6, -1.59, -1.58, -1.59, -1.62, -1.69, -1.79, -1.86, -1.79, -1.9, -1.74, -1.72, -1.58, -1.58, -2.11, -2.15, -2.18, -2.21, -2.22, -1.61, -1.61, -1.61, -1.61, -1.63, -1.66, -1.7, -1.74, -1.77, -1.76, -1.89, -1.85, -1.83, -1.81, -1.58, -2.05, -2.08, -2.11, -2.14, -2.17, -1.62, -1.62, -1.62, -1.63, -1.65, -1.67, -1.69, -1.78, -1.79, -1.79, -1.79, -1.74, -1.8, -1.78, -1.77, -1.98, -2.01, -2.05, -2.09, -2.12, -1.63, -1.63, -1.5, -1.51, -1.52, -1.75, -1.75, -1.75, -1.75, -1.75, -1.72, -1.71, -1.7, -1.64, -1.64, -1.38, -1.33, -1.28, -1.54, -1.54, -1.49, -1.5, -1.5, -1.51, -1.74, -1.73, -1.72, -1.71, -1.71, -1.71, -1.69, -1.69, -1.67, -1.65, -1.43, -1.07, -0.88, -0.72, -0.62, -0.54, -1.5, -1.5, -1.51, -1.51, -1.72, -1.71, -1.69, -1.66, -1.65, -1.59, -1.6, -1.67, -1.66, -1.43, -1.58, -1.13, -0.86, -0.68, -0.57, -0.49, -1.5, -1.5, -1.51, -1.72, -1.71, -1.69, -1.66, -1.62, -1.55, -1.58, -1.26, -1.26, -1.31, -1.36, -1.17, -0.97, -0.75, -0.59, -0.49, -0.43, -1.5, -1.5, -1.16, -1.17, -1.19, -1.21, -1.26, -1.34, -1.37, -1.28, -1.21, -1.2, -1.24, -1.24, -0.82, -0.71, -0.56, -0.45, -0.38, -0.34, -1.11, -1.11, -1.12, -1.12, -1.12, -1.13, -1.16, -1.19, -1.18, -1.14, -1.1, -1.11, -1.16, -0.6, -0.55, -0.46, -0.36, -0.3, -0.26, -0.25, -1.08, -1.07, -1.07, -1.06, -1.05, -1.04, -1.03, -0.78, -0.98, -0.96, -0.96, -0.99, -0.57, -0.42, -0.35, -0.26, -0.18, -0.14, -0.14, -0.16, -1.05, -1.04, -1.02, -0.66, -0.66, -0.66, -0.64, -0.6, -0.56, -0.52, -0.52, -0.45, 0.15, -0.3, -0.21, -0.11, -0.04, -0.01, -0.03, -0.08, -0.63, -0.63, -0.62, -0.61, -0.6, -0.57, -0.53, -0.46, -0.37, -0.32, -0.37, -0.08, 0.15, 0.17, 0.17, -0.02, 0.01, 0.14, 0.06, -0.02, -0.61, -0.6, -0.59, -0.57, -0.55, -0.51, -0.45, -0.36, -0.21, -0.1, -0.25, -0.08, -0.1, 0.17, 0.19, 0.2, 0.17, 0.27, 0.1, 0.0, -0.59, -0.58, -0.56, -0.54, -0.51, -0.47, -0.41, -0.33, -0.2, -0.1, -0.06, -0.1, -0.12, 0.17, 0.19, 0.15, 0.21, 0.23, 0.07, -0.0, -0.57, -0.56, -0.54, -0.52, -0.49, -0.45, -0.4, -0.34, -0.28, -0.26, -0.13, -0.14, -0.14, 0.02, 0.07, 0.12, 0.16, 0.18, 0.17, 0.16, -0.56, -0.54, -0.53, -0.5, -0.48, -0.44, -0.41, -0.37, -0.34, -0.19, -0.21, -0.11, -0.04, 0.02, 0.04, 0.09, 0.12, 0.14, 0.14, 0.14, -0.55, -0.53, -0.52, -0.49, -0.47, -0.44, -0.41, -0.39, -0.37, -0.26, -0.29, -0.17, -0.08, -0.01, 0.01, 0.06, 0.09, 0.11, 0.12, 0.12, -0.54, -0.53, -0.51, -0.49, -0.47, -0.45, -0.42, -0.4, -0.14, -0.21, -0.25, -0.17, -0.09, -0.03, -0.01, 0.03, 0.06, 0.08, 0.09, 0.1, -0.53, -0.52, -0.51, -0.49, -0.47, -0.45, -0.43, -0.42, -0.13, -0.16, -0.17, -0.14, -0.08, -0.03, -0.02, 0.02, 0.04, 0.06, 0.08, 0.08, -0.53, -0.52, -0.5, -0.49, -0.47, -0.46, -0.44, -0.09, -0.1, -0.12, -0.12, -0.1, -0.07, -0.03, -0.03, 0.0, 0.03, 0.05, 0.06, 0.07]}, {"header": {"refTime": "2023-09-06T09:00:00.000Z", "nx": 21, "ny": 33, "lo1": 113.509, "la1": 22.2235, "lo2": 113.5947, "la2": 22.1034, "dx": 0.0042850000000001385, "dy": 0.003753125000000024, "parameterCategory": 0, "parameterCategoryName": "Temperature", "parameterNumber": 0}, "data": [[30.21, 30.21, 30.22, 30.09, 30.11, 30.41, 30.42, 30.43, 30.44, 30.48, 30.51, 30.54, 30.82, 30.85, 30.89, 30.9, 31.07, 31.07, 31.07, 31.07], [30.21, 30.21, 30.21, 30.22, 30.11, 30.13, 30.4, 30.42, 30.43, 30.47, 30.51, 30.56, 30.84, 30.87, 30.91, 31.07, 31.07, 31.07, 31.07, 31.07], [30.21, 30.21, 30.21, 30.21, 30.1, 30.12, 30.16, 30.4, 30.4, 30.46, 30.52, 30.6, 30.88, 30.9, 31.07, 31.07, 31.07, 31.08, 31.08, 31.08], [30.21, 30.21, 30.21, 30.2, 30.21, 30.1, 30.13, 30.19, 30.25, 30.46, 30.54, 30.66, 30.95, 30.84, 31.08, 31.08, 31.08, 31.08, 31.08, 31.08], [30.21, 30.2, 30.2, 30.2, 30.19, 30.06, 30.08, 30.1, 30.11, 30.45, 30.54, 30.85, 31.0, 30.88, 31.07, 31.08, 31.08, 31.08, 31.08, 31.08], [30.21, 30.2, 30.2, 30.19, 30.18, 30.16, 30.02, 30.01, 30.0, 30.0, 30.61, 30.77, 30.9, 31.07, 31.07, 31.08, 31.08, 31.08, 31.08, 31.08], [30.13, 30.21, 30.2, 30.19, 30.18, 30.15, 29.98, 29.94, 29.92, 30.08, 30.16, 30.66, 31.04, 31.05, 31.07, 31.08, 31.09, 31.09, 31.1, 31.1], [30.14, 30.15, 30.15, 30.14, 30.13, 30.05, 29.99, 29.91, 29.88, 30.05, 30.02, 30.66, 30.67, 31.05, 31.06, 31.05, 31.07, 31.08, 31.07, 31.06], [30.06, 30.07, 30.17, 30.18, 30.18, 30.16, 30.09, 29.96, 29.83, 30.1, 30.32, 30.48, 30.56, 30.46, 31.06, 31.05, 31.06, 31.07, 31.06, 31.06], [30.4, 30.4, 30.4, 30.12, 30.16, 30.26, 30.19, 30.09, 29.86, 29.85, 30.57, 30.38, 30.44, 30.42, 31.06, 31.04, 31.05, 31.06, 31.06, 31.05], [30.4, 30.4, 30.4, 30.4, 30.4, 30.4, 30.4, 30.4, 30.19, 29.83, 29.9, 30.32, 30.37, 30.37, 31.06, 31.04, 31.05, 31.05, 31.05, 31.05], [30.4, 30.4, 30.4, 30.4, 30.4, 30.4, 30.4, 30.4, 30.4, -999.0, 29.9, 31.0, 31.0, 30.34, 31.06, 31.04, 31.04, 30.3, 30.32, 30.33], [30.4, 30.4, 30.4, 30.4, 30.4, 30.4, 30.4, 30.4, 30.4, 30.4, -999.0, 31.0, 31.0, 30.15, 30.52, 30.59, 30.6, 30.43, 30.45, 30.47], [30.4, 30.4, 30.4, 30.4, 30.4, 30.4, 30.4, 30.4, 30.4, 30.4, -999.0, 29.7, 29.7, 29.7, 30.41, 30.47, 30.5, 30.32, 30.36, 30.39], [30.4, 30.4, 30.4, 30.4, 30.4, 30.4, 30.4, 30.5, 30.5, 30.5, 30.5, 30.19, 29.7, 29.7, 29.7, 30.34, 30.38, 30.22, 30.27, 30.31], [30.4, 30.4, 30.46, 30.46, 30.47, 30.5, 30.5, 30.5, 30.5, 30.5, 30.0, 30.05, 29.98, 29.91, 29.99, 29.77, 29.78, 29.76, 30.12, 30.15], [30.46, 30.46, 30.44, 30.44, 30.5, 30.5, 30.5, 30.5, 30.5, 30.5, 30.16, 30.06, 29.95, 29.86, 29.82, 29.76, 29.78, 29.8, 29.81, 29.82], [30.44, 30.44, 30.44, 30.44, 30.5, 30.5, 30.5, 30.5, 30.5, 30.3, 30.19, 30.07, 29.94, 29.83, 29.72, 29.75, 29.78, 29.8, 29.81, 29.82], [30.44, 30.44, 30.44, 30.5, 30.5, 30.5, 30.5, 30.5, 30.43, 30.34, 30.38, 30.29, 29.96, 29.86, 29.75, 29.77, 29.79, 29.81, 29.82, 29.83], [30.44, 30.44, 30.84, 30.83, 30.8, 30.77, 30.72, 30.6, 30.49, 30.47, 30.42, 30.34, 29.98, 29.92, 29.79, 29.8, 29.82, 29.83, 29.83, 29.84], [30.87, 30.86, 30.85, 30.75, 30.74, 30.72, 30.7, 30.67, 30.52, 30.5, 30.46, 30.4, 30.0, 29.81, 29.82, 29.83, 29.84, 29.84, 29.85, 29.85], [30.78, 30.78, 30.77, 30.77, 30.76, 30.76, 30.75, 30.67, 30.58, 30.56, 30.53, 30.48, 30.22, 29.83, 29.84, 29.85, 29.86, 29.86, 29.86, 29.86], [30.79, 30.79, 30.79, 30.67, 30.68, 30.69, 30.7, 30.72, 30.75, 30.76, 30.75, 30.61, 30.34, 29.84, 29.85, 29.87, 29.88, 29.88, 29.87, 29.87], [30.66, 30.66, 30.67, 30.67, 30.69, 30.7, 30.73, 30.77, 30.82, 30.85, 30.81, 30.61, 30.37, 30.24, 30.12, 29.88, 29.89, 29.89, 29.88, 29.87], [30.66, 30.66, 30.67, 30.68, 30.69, 30.71, 30.75, 30.8, 30.9, 30.98, 30.86, 30.63, 30.51, 30.26, 30.14, 30.04, 29.89, 29.89, 29.88, 29.87], [30.66, 30.66, 30.67, 30.68, 30.69, 30.71, 30.74, 30.79, 30.88, 30.96, 30.76, 30.61, 30.51, 30.28, 30.17, 29.96, 29.94, 29.94, 29.88, 29.87], [30.65, 30.66, 30.66, 30.67, 30.68, 30.69, 30.71, 30.74, 30.77, 30.76, 30.63, 30.55, 30.49, 30.04, 30.01, 29.98, 29.97, 29.96, 29.96, 29.96], [30.65, 30.65, 30.66, 30.66, 30.67, 30.67, 30.68, 30.67, 30.65, 30.54, 30.49, 30.48, 30.46, 30.42, 30.03, 30.0, 29.99, 29.98, 29.97, 29.98], [30.65, 30.65, 30.65, 30.65, 30.65, 30.65, 30.64, 30.62, 30.57, 30.42, 30.35, 30.42, 30.43, 30.41, 30.05, 30.02, 30.01, 29.99, 29.99, 29.99], [30.64, 30.65, 30.64, 30.64, 30.64, 30.63, 30.62, 30.59, 30.47, 30.41, 30.37, 30.4, 30.42, 30.41, 30.06, 30.04, 30.02, 30.01, 30.0, 30.0], [30.64, 30.64, 30.64, 30.64, 30.63, 30.62, 30.61, 30.58, 30.46, 30.43, 30.41, 30.42, 30.42, 30.41, 30.07, 30.05, 30.03, 30.02, 30.01, 30.01], [30.64, 30.64, 30.63, 30.63, 30.62, 30.61, 30.6, 30.48, 30.46, 30.44, 30.43, 30.42, 30.42, 30.41, 30.08, 30.06, 30.04, 30.03, 30.02, 30.02]]}]