gis_exercise/awsData/contour/wdir_2023091010.json
[{"header": {"refTime": "2023-09-10T10:00:00.000Z", "nx": 21, "ny": 33, "lo1": 113.509, "la1": 22.2235, "lo2": 113.5947, "la2": 22.1034, "dx": 0.0042850000000001385, "dy": 0.003753125000000024, "parameterCategory": 2, "parameterCategoryName": "Temperature", "parameterNumber": 2}, "data": [-1.97, -1.97, -1.97, -2.14, -2.12, -2.33, -2.29, -2.26, -2.26, -2.35, -2.45, -2.55, -2.77, -2.82, -4.08, -4.26, -4.75, -4.85, -4.92, -4.96, -1.98, -1.97, -1.97, -1.97, -2.12, -2.09, -2.25, -2.17, -2.13, -2.26, -2.44, -2.59, -2.82, -2.88, -4.13, -4.66, -4.81, -4.93, -5.0, -5.05, -1.98, -1.98, -1.98, -1.97, -2.13, -2.1, -2.05, -2.1, -1.86, -2.2, -2.47, -2.67, -2.92, -2.96, -4.48, -4.7, -4.9, -5.04, -5.13, -5.16, -1.98, -1.98, -1.98, -1.98, -1.98, -2.13, -2.09, -2.02, -1.96, -2.3, -2.57, -2.82, -3.08, -3.2, -4.45, -4.77, -5.05, -5.23, -5.3, -5.3, -1.98, -1.98, -1.99, -1.99, -1.99, -2.17, -2.15, -2.13, -2.12, -2.47, -2.68, -3.21, -3.36, -3.23, -4.47, -4.92, -5.3, -5.51, -5.54, -5.46, -1.98, -1.98, -1.99, -1.99, -2.01, -2.02, -2.21, -2.22, -2.24, -2.26, -3.0, -3.13, -3.26, -3.89, -4.55, -5.14, -5.73, -5.97, -5.84, -5.64, -3.09, -1.98, -1.99, -2.0, -2.01, -2.04, -2.26, -2.29, -2.32, -2.57, -2.63, -3.0, -3.9, -4.04, -4.64, -5.37, -6.32, -6.67, -6.57, -6.35, -3.1, -3.05, -3.0, -3.08, -3.05, -2.19, -2.24, -2.31, -2.43, -2.55, -2.56, -3.5, -3.7, -4.25, -5.48, -6.0, -6.62, -6.85, -6.51, -6.29, -3.12, -3.07, -3.0, -2.92, -2.97, -2.96, -3.03, -2.27, -3.07, -2.58, -3.59, -4.09, -4.83, -4.47, -5.5, -5.86, -6.23, -6.39, -6.32, -6.2, -4.2, -4.12, -3.99, -2.91, -2.72, -2.72, -3.05, -3.4, -3.69, -3.56, -3.97, -4.49, -5.14, -4.65, -5.53, -5.75, -5.97, -6.11, -6.13, -6.08, -4.23, -4.15, -4.02, -3.8, -3.33, -1.94, -3.72, -4.67, -4.25, -4.15, -5.09, -4.36, -4.56, -4.49, -5.54, -5.68, -5.83, -5.93, -5.98, -5.98, -4.28, -4.22, -4.13, -3.99, -3.76, -3.65, -4.36, -5.26, -5.63, -6.09, -5.26, -5.31, -5.27, -4.35, -5.54, -5.64, -5.74, -5.92, -5.94, -5.94, -4.34, -4.3, -4.27, -4.25, -4.3, -4.58, -5.04, -5.35, -5.54, -5.26, -6.06, -5.36, -5.29, -4.46, -4.41, -5.62, -5.66, -5.7, -5.74, -5.77, -4.4, -4.4, -4.41, -4.46, -4.61, -4.95, -5.47, -5.25, -5.25, -5.17, -6.04, -5.41, -5.27, -5.16, -4.27, -5.35, -5.41, -5.48, -5.55, -5.6, -4.46, -4.47, -4.51, -4.59, -4.73, -4.94, -5.12, -4.97, -4.82, -4.68, -4.55, -3.77, -5.05, -4.9, -4.8, -5.04, -5.14, -5.26, -5.36, -5.45, -4.5, -4.53, -3.15, -3.24, -3.36, -4.59, -4.55, -4.42, -4.28, -4.2, -3.52, -3.53, -3.53, -3.52, -3.56, -4.22, -4.31, -4.39, -4.79, -4.89, -3.0, -3.03, -3.06, -3.1, -4.27, -4.16, -3.98, -3.73, -3.58, -3.62, -3.18, -3.32, -3.41, -3.46, -3.32, -3.59, -3.62, -3.65, -3.67, -3.68, -2.95, -2.96, -2.96, -2.95, -3.98, -3.76, -3.4, -2.92, -2.67, -2.48, -2.78, -3.14, -3.32, -3.29, -3.47, -3.58, -3.63, -3.66, -3.68, -3.68, -2.9, -2.89, -2.87, -3.94, -3.75, -3.46, -2.98, -2.2, -1.41, -2.13, -2.74, -3.08, -3.02, -3.25, -3.57, -3.61, -3.65, -3.68, -3.69, -3.7, -2.86, -2.83, -4.0, -3.88, -3.71, -3.44, -3.02, -2.42, -1.87, -2.39, -2.88, -3.18, -3.01, -3.21, -3.65, -3.67, -3.7, -3.71, -3.71, -3.71, -4.15, -4.1, -4.02, -3.92, -3.79, -3.59, -3.33, -3.06, -2.67, -2.91, -3.19, -3.38, -3.04, -3.69, -3.7, -3.73, -3.75, -3.75, -3.74, -3.72, -4.17, -4.13, -4.08, -4.01, -3.93, -3.83, -3.73, -3.06, -3.37, -3.5, -3.61, -3.67, -4.75, -3.72, -3.75, -3.79, -3.82, -3.8, -3.76, -3.73, -4.21, -4.18, -4.15, -3.23, -3.27, -3.33, -3.42, -3.57, -3.75, -3.86, -3.82, -4.3, -4.74, -3.75, -3.79, -3.86, -3.94, -3.85, -3.76, -3.72, -3.23, -3.25, -3.29, -3.34, -3.42, -3.54, -3.73, -4.02, -4.39, -4.57, -4.32, -4.82, -4.79, -4.53, -4.31, -3.87, -4.21, -3.75, -3.7, -3.7, -3.27, -3.3, -3.35, -3.42, -3.52, -3.67, -3.92, -4.32, -4.98, -5.54, -4.73, -4.8, -4.58, -4.55, -4.31, -4.09, -3.64, -3.44, -3.63, -3.67, -3.3, -3.34, -3.39, -3.46, -3.57, -3.72, -3.95, -4.31, -4.92, -5.41, -5.04, -4.62, -4.44, -4.58, -4.34, -3.49, -3.5, -3.47, -3.63, -3.67, -3.32, -3.36, -3.41, -3.48, -3.57, -3.69, -3.85, -4.05, -4.27, -4.29, -4.4, -4.23, -4.2, -3.17, -3.31, -3.4, -3.44, -3.44, -3.45, -3.45, -3.33, -3.36, -3.41, -3.46, -3.53, -3.6, -3.68, -3.73, -3.68, -3.8, -3.56, -3.47, -3.56, -3.59, -3.21, -3.31, -3.36, -3.39, -3.41, -3.41, -3.33, -3.36, -3.4, -3.44, -3.48, -3.51, -3.52, -3.46, -3.27, -3.09, -2.49, -3.06, -3.36, -3.48, -3.13, -3.23, -3.3, -3.34, -3.36, -3.37, -3.33, -3.35, -3.38, -3.4, -3.42, -3.43, -3.4, -3.31, -3.34, -2.92, -2.67, -3.01, -3.28, -3.42, -3.07, -3.17, -3.24, -3.29, -3.32, -3.33, -3.32, -3.34, -3.36, -3.37, -3.38, -3.37, -3.33, -3.24, -3.35, -3.14, -3.05, -3.15, -3.3, -3.41, -3.04, -3.13, -3.2, -3.24, -3.28, -3.3, -3.31, -3.33, -3.34, -3.34, -3.34, -3.32, -3.29, -3.54, -3.42, -3.3, -3.25, -3.29, -3.36, -3.43, -3.03, -3.1, -3.17, -3.21, -3.25, -3.27]}, {"header": {"refTime": "2023-09-10T10:00:00.000Z", "nx": 21, "ny": 33, "lo1": 113.509, "la1": 22.2235, "lo2": 113.5947, "la2": 22.1034, "dx": 0.0042850000000001385, "dy": 0.003753125000000024, "parameterCategory": 2, "parameterCategoryName": "Temperature", "parameterNumber": 3}, "data": [-0.24, -0.24, -0.23, 0.17, 0.15, 0.25, 0.21, 0.18, 0.18, 0.3, 0.4, 0.5, 0.6, 0.65, 1.33, 1.43, 1.81, 1.85, 1.89, 1.91, -0.25, -0.24, -0.23, -0.23, 0.15, 0.11, 0.17, 0.1, 0.05, 0.22, 0.39, 0.53, 0.65, 0.7, 1.38, 1.77, 1.84, 1.89, 1.93, 1.95, -0.25, -0.24, -0.24, -0.23, 0.16, 0.12, 0.06, 0.03, -0.2, 0.15, 0.42, 0.61, 0.74, 0.77, 1.68, 1.79, 1.88, 1.95, 1.99, 2.01, -0.26, -0.25, -0.24, -0.23, -0.21, 0.15, 0.11, 0.02, -0.05, 0.26, 0.52, 0.74, 0.88, 1.06, 1.67, 1.82, 1.96, 2.05, 2.08, 2.08, -0.27, -0.26, -0.25, -0.23, -0.21, 0.2, 0.18, 0.15, 0.15, 0.45, 0.64, 1.07, 1.18, 1.08, 1.68, 1.89, 2.08, 2.19, 2.2, 2.16, -0.28, -0.27, -0.26, -0.25, -0.22, -0.18, 0.25, 0.26, 0.29, 0.33, 0.94, 1.02, 1.1, 1.31, 1.71, 2.0, 2.3, 2.42, 2.35, 2.25, 0.57, -0.29, -0.29, -0.27, -0.24, -0.19, 0.16, 0.33, 0.37, 0.62, 0.68, 0.91, 1.26, 1.33, 1.74, 2.11, 2.59, 2.77, 2.68, 2.56, 0.57, 0.53, 0.48, 0.47, 0.46, -0.01, 0.11, 0.26, 0.44, 0.62, 0.7, 1.03, 1.1, 1.38, 1.99, 2.3, 2.68, 2.82, 2.61, 2.48, 0.58, 0.53, 0.47, 0.38, 0.34, 0.36, 0.49, 0.16, 0.9, 0.62, 1.1, 1.28, 1.58, 1.44, 1.98, 2.21, 2.44, 2.54, 2.49, 2.42, 1.29, 1.21, 1.1, 0.34, 0.14, 0.06, 0.4, 0.77, 1.31, 1.25, 1.25, 1.45, 1.71, 1.51, 1.98, 2.13, 2.28, 2.36, 2.37, 2.35, 1.31, 1.24, 1.13, 0.93, 0.51, -0.73, 0.84, 1.66, 1.41, 1.61, 1.96, 1.4, 1.48, 1.45, 1.99, 2.09, 2.19, 2.25, 2.28, 2.28, 1.35, 1.3, 1.22, 1.1, 0.9, 0.8, 1.42, 2.15, 2.44, 2.71, 2.09, 2.0, 1.93, 1.39, 1.99, 2.06, 2.13, 2.02, 2.04, 2.03, 1.41, 1.38, 1.36, 1.34, 1.4, 1.66, 2.09, 2.27, 2.39, 2.17, 2.65, 2.06, 1.98, 1.18, 1.14, 1.79, 1.82, 1.86, 1.89, 1.91, 1.47, 1.47, 1.48, 1.54, 1.69, 2.02, 2.55, 2.25, 2.19, 2.11, 2.66, 1.87, 1.73, 1.61, 1.02, 1.59, 1.64, 1.69, 1.75, 1.79, 1.52, 1.54, 1.58, 1.65, 1.79, 1.99, 2.16, 2.65, 2.63, 2.6, 2.58, 1.67, 1.56, 1.41, 1.33, 1.37, 1.44, 1.53, 1.61, 1.67, 1.56, 1.59, 1.36, 1.44, 1.54, 2.58, 2.57, 2.55, 2.52, 2.51, 1.72, 1.54, 1.33, 0.98, 0.9, 1.09, 1.22, 1.34, 1.71, 1.81, 1.33, 1.36, 1.41, 1.47, 2.52, 2.5, 2.47, 2.42, 2.39, 2.4, 1.64, 1.45, 1.19, 0.89, 0.74, 0.9, 1.13, 1.31, 1.44, 1.53, 1.36, 1.39, 1.44, 1.5, 2.47, 2.43, 2.36, 2.27, 2.22, 1.75, 1.59, 1.4, 1.11, 0.74, 0.32, 0.83, 1.16, 1.37, 1.5, 1.59, 1.38, 1.42, 1.46, 2.46, 2.43, 2.37, 2.28, 2.14, 1.89, 1.76, 1.04, 0.82, 1.18, 0.92, 0.78, 1.02, 1.3, 1.49, 1.6, 1.67, 1.4, 1.44, 1.62, 1.62, 1.62, 1.64, 1.67, 1.73, 1.53, 1.26, 1.0, 0.8, 1.33, 1.2, 1.22, 1.35, 1.53, 1.66, 1.73, 1.77, 1.55, 1.54, 1.54, 1.53, 1.52, 1.52, 1.53, 1.54, 1.16, 1.04, 0.88, 0.75, 1.48, 1.49, 1.55, 1.67, 1.79, 1.86, 1.88, 1.88, 1.49, 1.48, 1.46, 1.44, 1.41, 1.38, 1.35, 0.96, 0.86, 0.79, 0.71, 0.65, 0.93, 1.7, 1.8, 1.94, 2.04, 2.06, 2.02, 1.98, 1.44, 1.42, 1.39, 0.83, 0.82, 0.81, 0.78, 0.73, 0.67, 0.62, 0.62, 1.22, 1.47, 1.85, 1.98, 2.15, 2.3, 2.25, 2.14, 2.06, 0.8, 0.79, 0.79, 0.77, 0.75, 0.71, 0.64, 0.54, 0.41, 0.35, 0.42, 0.76, 1.41, 1.7, 1.97, 2.25, 2.6, 2.31, 2.18, 2.1, 0.77, 0.76, 0.75, 0.72, 0.69, 0.63, 0.55, 0.41, 0.19, 0.01, 0.26, 0.68, 0.97, 1.66, 1.93, 2.14, 2.25, 2.16, 2.16, 2.1, 0.75, 0.74, 0.71, 0.69, 0.65, 0.59, 0.5, 0.38, 0.19, 0.04, 0.38, 0.66, 0.92, 1.61, 1.85, 2.15, 2.2, 2.19, 2.13, 2.09, 0.73, 0.71, 0.69, 0.66, 0.62, 0.57, 0.51, 0.43, 0.34, 0.32, 0.53, 0.7, 0.89, 1.81, 1.95, 2.05, 2.11, 2.13, 2.13, 2.12, 0.72, 0.7, 0.68, 0.65, 0.62, 0.58, 0.53, 0.49, 0.47, 0.59, 0.65, 0.61, 0.69, 0.8, 1.85, 1.96, 2.03, 2.06, 2.08, 2.08, 0.71, 0.69, 0.67, 0.64, 0.62, 0.59, 0.56, 0.54, 0.55, 0.67, 0.65, 0.65, 0.7, 0.79, 1.77, 1.88, 1.95, 2.0, 2.02, 2.03, 0.7, 0.68, 0.66, 0.64, 0.62, 0.6, 0.58, 0.57, 0.59, 0.63, 0.66, 0.67, 0.71, 0.78, 1.71, 1.81, 1.89, 1.94, 1.97, 1.99, 0.7, 0.68, 0.66, 0.65, 0.63, 0.61, 0.6, 0.59, 0.62, 0.64, 0.66, 0.68, 0.72, 0.78, 1.67, 1.77, 1.84, 1.89, 1.93, 1.95, 0.69, 0.68, 0.66, 0.65, 0.64, 0.62, 0.61, 0.63, 0.64, 0.65, 0.67, 0.7, 0.73, 0.78, 1.66, 1.74, 1.81, 1.86, 1.89, 1.92]}, {"header": {"refTime": "2023-09-10T10:00:00.000Z", "nx": 21, "ny": 33, "lo1": 113.509, "la1": 22.2235, "lo2": 113.5947, "la2": 22.1034, "dx": 0.0042850000000001385, "dy": 0.003753125000000024, "parameterCategory": 0, "parameterCategoryName": "Temperature", "parameterNumber": 0}, "data": [[25.89, 25.89, 25.89, 25.55, 25.57, 25.82, 25.83, 25.84, 25.85, 25.75, 25.74, 25.73, 25.99, 25.99, 25.86, 25.84, 25.88, 25.87, 25.87, 25.86], [25.9, 25.89, 25.89, 25.88, 25.57, 25.59, 25.83, 25.85, 25.86, 25.77, 25.75, 25.74, 25.99, 26.0, 25.86, 25.89, 25.88, 25.87, 25.86, 25.85], [25.9, 25.89, 25.89, 25.88, 25.56, 25.59, 25.63, 25.85, 25.89, 25.79, 25.75, 25.75, 25.99, 26.0, 25.91, 25.89, 25.87, 25.85, 25.84, 25.84], [25.9, 25.9, 25.89, 25.88, 25.87, 25.57, 25.6, 25.66, 25.72, 25.75, 25.73, 25.76, 26.0, 25.83, 25.91, 25.88, 25.85, 25.83, 25.83, 25.83], [25.91, 25.91, 25.9, 25.89, 25.87, 25.53, 25.55, 25.57, 25.57, 25.67, 25.68, 25.82, 25.93, 25.85, 25.91, 25.87, 25.83, 25.8, 25.8, 25.81], [25.92, 25.92, 25.91, 25.9, 25.88, 25.85, 25.5, 25.49, 25.46, 25.41, 25.64, 25.77, 25.87, 26.03, 25.91, 25.84, 25.78, 25.75, 25.77, 25.79], [25.94, 25.93, 25.93, 25.92, 25.9, 25.86, 25.57, 25.46, 25.42, 25.39, 25.38, 25.71, 26.06, 26.05, 25.9, 25.82, 25.71, 25.68, 25.67, 25.7], [25.96, 25.96, 25.96, 25.96, 25.94, 25.69, 25.61, 25.53, 25.48, 25.34, 25.17, 25.76, 25.77, 26.05, 25.79, 25.84, 25.73, 25.69, 25.75, 25.8], [25.84, 25.85, 26.0, 26.01, 26.01, 25.98, 25.88, 25.58, 25.34, 25.42, 25.42, 25.58, 25.66, 25.56, 25.8, 25.86, 25.8, 25.77, 25.79, 25.81], [26.3, 26.3, 26.3, 25.93, 25.98, 26.12, 26.02, 25.88, 25.22, 25.24, 25.67, 25.48, 25.54, 25.52, 25.8, 25.88, 25.84, 25.82, 25.82, 25.83], [26.3, 26.3, 26.3, 26.3, 26.3, 26.3, 26.3, 26.3, 26.02, 25.33, 25.0, 25.42, 25.47, 25.47, 25.79, 25.9, 25.87, 25.85, 25.85, 25.85], [26.3, 26.3, 26.3, 26.3, 26.3, 26.3, 26.3, 26.3, 26.3, -999.0, 25.0, 26.1, 26.1, 25.44, 25.79, 25.91, 25.9, 25.37, 25.38, 25.38], [26.3, 26.3, 26.3, 26.3, 26.3, 26.3, 26.3, 26.3, 26.3, 26.3, -999.0, 26.1, 26.1, 25.51, 25.77, 25.45, 25.46, 25.41, 25.42, 25.42], [26.3, 26.3, 26.3, 26.3, 26.3, 26.3, 26.3, 26.3, 26.3, 26.3, -999.0, 25.2, 25.2, 25.2, 25.69, 25.42, 25.43, 25.38, 25.39, 25.4], [26.3, 26.3, 26.3, 26.3, 26.3, 26.3, 26.3, 26.6, 26.6, 26.6, 26.6, 26.06, 25.2, 25.2, 25.2, 25.38, 25.4, 25.35, 25.36, 25.38], [26.3, 26.3, 26.49, 26.49, 26.5, 26.6, 26.6, 26.6, 26.6, 26.6, 25.72, 25.82, 25.68, 25.57, 25.7, 25.46, 25.5, 25.43, 25.49, 25.52], [26.49, 26.49, 26.41, 26.41, 26.6, 26.6, 26.6, 26.6, 26.6, 26.6, 26.0, 25.82, 25.64, 25.47, 25.45, 25.45, 25.54, 25.61, 25.66, 25.69], [26.41, 26.41, 26.42, 26.42, 26.6, 26.6, 26.6, 26.6, 26.6, 26.24, 26.06, 25.85, 25.63, 25.46, 25.24, 25.42, 25.55, 25.63, 25.68, 25.72], [26.41, 26.42, 26.42, 26.6, 26.6, 26.6, 26.6, 26.6, 26.47, 26.33, 26.12, 25.94, 25.71, 25.54, 25.4, 25.49, 25.6, 25.67, 25.72, 25.75], [26.42, 26.42, 26.37, 26.38, 26.4, 26.42, 26.45, 26.53, 26.42, 26.29, 26.13, 25.98, 25.77, 25.66, 25.57, 25.62, 25.68, 25.73, 25.77, 25.78], [26.36, 26.36, 26.37, 26.43, 26.44, 26.45, 26.47, 26.49, 26.29, 26.22, 26.12, 26.01, 25.83, 25.67, 25.69, 25.73, 25.77, 25.81, 25.82, 25.83], [26.41, 26.42, 26.42, 26.42, 26.42, 26.43, 26.43, 26.46, 26.21, 26.17, 26.11, 26.04, 25.75, 25.75, 25.78, 25.82, 25.86, 25.88, 25.88, 25.87], [26.41, 26.41, 26.41, 26.45, 26.45, 26.45, 26.44, 26.42, 26.41, 26.4, 26.41, 26.24, 26.1, 25.81, 25.85, 25.89, 25.92, 25.94, 25.93, 25.91], [26.46, 26.46, 26.45, 26.45, 26.44, 26.43, 26.41, 26.39, 26.36, 26.35, 26.37, 26.23, 26.1, 26.09, 26.07, 25.93, 25.94, 26.01, 25.97, 25.93], [26.46, 26.45, 26.45, 26.44, 26.43, 26.42, 26.4, 26.37, 26.31, 26.27, 26.34, 26.24, 26.22, 26.09, 26.07, 26.06, 26.02, 26.07, 25.99, 25.95], [26.45, 26.45, 26.45, 26.44, 26.43, 26.42, 26.4, 26.37, 26.32, 26.28, 26.26, 26.27, 26.25, 26.1, 26.08, 26.14, 26.13, 26.13, 25.98, 25.94], [26.45, 26.45, 26.45, 26.44, 26.44, 26.43, 26.41, 26.4, 26.38, 26.38, 26.32, 26.32, 26.29, 26.25, 26.2, 26.17, 26.15, 26.15, 26.15, 26.15], [26.45, 26.45, 26.45, 26.44, 26.44, 26.44, 26.43, 26.43, 26.44, 26.39, 26.41, 26.42, 26.39, 26.37, 26.23, 26.2, 26.18, 26.17, 26.16, 26.16], [26.45, 26.45, 26.45, 26.45, 26.45, 26.45, 26.45, 26.45, 26.48, 26.47, 26.55, 26.47, 26.42, 26.38, 26.26, 26.23, 26.2, 26.19, 26.18, 26.18], [26.46, 26.45, 26.45, 26.45, 26.45, 26.45, 26.46, 26.47, 26.44, 26.49, 26.52, 26.47, 26.43, 26.39, 26.28, 26.25, 26.22, 26.21, 26.2, 26.19], [26.46, 26.46, 26.46, 26.46, 26.46, 26.46, 26.47, 26.48, 26.44, 26.46, 26.47, 26.45, 26.42, 26.4, 26.29, 26.26, 26.24, 26.22, 26.21, 26.2], [26.46, 26.46, 26.46, 26.46, 26.46, 26.46, 26.47, 26.41, 26.42, 26.44, 26.44, 26.43, 26.41, 26.39, 26.29, 26.27, 26.25, 26.23, 26.22, 26.21]]}]