gis_exercise/awsData/contour/wdir_2023090502.json
[{"header": {"refTime": "2023-09-05T02:00:00.000Z", "nx": 21, "ny": 33, "lo1": 113.509, "la1": 22.2235, "lo2": 113.5947, "la2": 22.1034, "dx": 0.0042850000000001385, "dy": 0.003753125000000024, "parameterCategory": 2, "parameterCategoryName": "Temperature", "parameterNumber": 2}, "data": [0.57, 0.58, 0.58, 0.73, 0.71, 0.74, 0.71, 0.68, 0.67, 0.61, 0.65, 0.69, 0.79, 0.81, 0.91, 0.93, 1.14, 1.15, 1.15, 1.16, 0.57, 0.58, 0.58, 0.58, 0.72, 0.69, 0.69, 0.63, 0.59, 0.58, 0.65, 0.7, 0.81, 0.83, 0.92, 1.13, 1.14, 1.15, 1.16, 1.17, 0.57, 0.58, 0.58, 0.58, 0.73, 0.7, 0.65, 0.59, 0.44, 0.55, 0.66, 0.73, 0.84, 0.86, 1.11, 1.13, 1.15, 1.16, 1.17, 1.17, 0.57, 0.58, 0.58, 0.59, 0.59, 0.73, 0.69, 0.62, 0.56, 0.6, 0.7, 0.78, 0.88, 0.96, 1.11, 1.14, 1.16, 1.18, 1.19, 1.19, 0.57, 0.57, 0.58, 0.59, 0.6, 0.77, 0.76, 0.73, 0.72, 0.67, 0.74, 0.96, 0.97, 0.96, 1.11, 1.15, 1.18, 1.2, 1.21, 1.2, 0.56, 0.57, 0.58, 0.59, 0.61, 0.65, 0.83, 0.84, 0.84, 0.82, 0.93, 0.95, 0.97, 1.3, 1.12, 1.17, 1.22, 1.24, 1.23, 1.21, 0.9, 0.56, 0.57, 0.58, 0.61, 0.66, 0.83, 0.95, 0.96, 0.99, 0.94, 0.96, 1.36, 1.42, 1.14, 1.19, 1.27, 1.3, 1.46, 1.5, 0.89, 0.87, 0.86, 0.81, 0.82, 0.71, 0.81, 0.97, 1.15, 0.97, 0.85, 1.27, 1.36, 1.56, 1.65, 1.58, 1.47, 1.44, 1.49, 1.53, 0.88, 0.86, 0.83, 0.8, 0.74, 0.77, 0.87, 0.86, 1.14, 1.0, 1.3, 1.54, 1.88, 1.72, 1.72, 1.63, 1.55, 1.52, 1.53, 1.55, 0.95, 0.92, 0.88, 0.75, 0.66, 0.59, 0.75, 0.94, 1.17, 1.13, 1.48, 1.72, 2.02, 1.8, 1.76, 1.67, 1.61, 1.58, 1.57, 1.57, 0.96, 0.94, 0.89, 0.82, 0.66, 0.2, 0.78, 1.07, 1.09, 1.21, 1.64, 1.66, 1.76, 1.72, 1.77, 1.7, 1.65, 1.62, 1.6, 1.6, 0.98, 0.96, 0.93, 0.89, 0.81, 0.77, 1.0, 1.24, 1.33, 1.71, 1.63, 1.78, 1.82, 1.66, 1.76, 1.71, 1.67, 2.0, 1.98, 1.97, 1.0, 0.99, 0.99, 0.98, 1.0, 1.11, 1.28, 1.3, 1.32, 1.25, 1.79, 1.74, 1.77, 2.05, 2.05, 2.12, 2.08, 2.05, 2.03, 2.02, 1.02, 1.03, 1.03, 1.06, 1.12, 1.26, 1.49, 1.33, 1.28, 1.24, 1.77, 2.07, 2.14, 2.18, 2.09, 2.15, 2.13, 2.1, 2.07, 2.06, 1.04, 1.05, 1.07, 1.1, 1.16, 1.24, 1.31, 1.32, 1.27, 1.22, 1.19, 1.49, 2.15, 2.2, 2.22, 2.19, 2.17, 2.14, 2.11, 2.09, 1.06, 1.07, 0.79, 0.82, 0.87, 1.24, 1.23, 1.19, 1.14, 1.12, 1.36, 1.5, 1.65, 1.99, 2.06, 2.33, 2.31, 2.3, 1.99, 1.96, 0.75, 0.76, 0.78, 0.79, 1.15, 1.13, 1.08, 1.02, 0.98, 0.98, 1.3, 1.49, 1.71, 1.93, 2.1, 2.09, 1.98, 1.89, 1.83, 1.78, 0.74, 0.75, 0.76, 0.76, 1.08, 1.02, 0.94, 0.82, 0.76, 1.03, 1.25, 1.47, 1.73, 2.08, 2.36, 2.13, 1.97, 1.87, 1.8, 1.76, 0.73, 0.74, 0.74, 1.07, 1.02, 0.95, 0.84, 0.65, 0.53, 0.89, 1.16, 1.42, 1.76, 1.99, 2.15, 2.04, 1.91, 1.82, 1.76, 1.72, 0.73, 0.73, 1.07, 1.04, 0.99, 0.93, 0.83, 0.69, 0.69, 0.91, 1.16, 1.38, 1.69, 1.85, 1.95, 1.89, 1.81, 1.74, 1.7, 1.67, 1.09, 1.08, 1.06, 1.04, 1.0, 0.96, 0.89, 0.83, 0.94, 1.05, 1.21, 1.36, 1.64, 1.83, 1.8, 1.76, 1.7, 1.66, 1.63, 1.62, 1.09, 1.08, 1.07, 1.05, 1.03, 1.0, 0.97, 0.59, 1.11, 1.18, 1.26, 1.36, 1.93, 1.73, 1.7, 1.65, 1.62, 1.58, 1.56, 1.56, 1.1, 1.09, 1.08, 0.54, 0.56, 0.59, 0.63, 0.67, 0.72, 0.74, 0.71, 1.25, 1.39, 1.66, 1.62, 1.59, 1.58, 1.52, 1.49, 1.5, 0.5, 0.52, 0.53, 0.55, 0.57, 0.61, 0.67, 0.75, 0.86, 0.9, 0.82, 1.07, 1.39, 1.38, 1.39, 1.53, 1.68, 1.37, 1.4, 1.45, 0.5, 0.51, 0.52, 0.54, 0.57, 0.61, 0.68, 0.8, 1.01, 1.19, 0.91, 1.02, 1.03, 1.38, 1.37, 1.35, 1.3, 1.14, 1.34, 1.42, 0.49, 0.5, 0.51, 0.53, 0.55, 0.59, 0.65, 0.76, 0.96, 1.12, 1.01, 0.91, 0.93, 1.37, 1.35, 1.03, 1.06, 1.04, 1.36, 1.42, 0.48, 0.49, 0.5, 0.51, 0.52, 0.55, 0.58, 0.63, 0.68, 0.67, 0.73, 0.71, 0.78, 0.67, 0.82, 0.92, 0.98, 0.99, 1.0, 0.99, 0.47, 0.47, 0.48, 0.48, 0.49, 0.49, 0.49, 0.47, 0.4, 0.42, 0.31, 0.26, 0.36, 0.44, 0.71, 0.83, 0.89, 0.93, 0.94, 0.94, 0.46, 0.46, 0.46, 0.46, 0.45, 0.43, 0.4, 0.34, 0.21, 0.06, -0.28, 0.05, 0.25, 0.37, 0.63, 0.74, 0.82, 0.86, 0.89, 0.9, 0.45, 0.44, 0.44, 0.43, 0.42, 0.39, 0.35, 0.27, 0.18, -0.04, -0.18, 0.03, 0.21, 0.33, 0.57, 0.68, 0.75, 0.8, 0.84, 0.85, 0.44, 0.43, 0.42, 0.41, 0.39, 0.36, 0.31, 0.24, 0.2, 0.09, 0.05, 0.12, 0.23, 0.32, 0.53, 0.63, 0.7, 0.76, 0.79, 0.82, 0.43, 0.42, 0.41, 0.39, 0.37, 0.34, 0.3, 0.31, 0.25, 0.19, 0.17, 0.2, 0.27, 0.33, 0.52, 0.6, 0.67, 0.72, 0.76, 0.78]}, {"header": {"refTime": "2023-09-05T02:00:00.000Z", "nx": 21, "ny": 33, "lo1": 113.509, "la1": 22.2235, "lo2": 113.5947, "la2": 22.1034, "dx": 0.0042850000000001385, "dy": 0.003753125000000024, "parameterCategory": 2, "parameterCategoryName": "Temperature", "parameterNumber": 3}, "data": [-0.26, -0.25, -0.24, -0.3, -0.27, -0.42, -0.36, -0.3, -0.28, -0.12, -0.19, -0.27, -0.8, -0.86, -0.85, -0.91, -1.61, -1.63, -1.65, -1.66, -0.27, -0.26, -0.25, -0.24, -0.28, -0.23, -0.32, -0.2, -0.12, -0.05, -0.19, -0.3, -0.84, -0.9, -0.89, -1.59, -1.62, -1.64, -1.65, -1.66, -0.27, -0.27, -0.26, -0.25, -0.3, -0.25, -0.16, -0.12, 0.21, -0.0, -0.21, -0.37, -0.9, -0.95, -1.54, -1.59, -1.63, -1.65, -1.67, -1.68, -0.28, -0.28, -0.28, -0.28, -0.27, -0.31, -0.23, -0.11, 0.01, -0.08, -0.29, -0.48, -0.98, -1.1, -1.53, -1.6, -1.64, -1.67, -1.69, -1.69, -0.28, -0.29, -0.29, -0.3, -0.31, -0.39, -0.36, -0.31, -0.27, -0.21, -0.37, -1.06, -1.05, -1.11, -1.53, -1.62, -1.68, -1.7, -1.71, -1.71, -0.29, -0.29, -0.3, -0.32, -0.35, -0.39, -0.5, -0.52, -0.5, -0.44, -1.0, -1.09, -1.11, -1.54, -1.59, -1.67, -1.73, -1.75, -1.74, -1.73, -0.62, -0.29, -0.3, -0.33, -0.37, -0.44, -0.68, -0.75, -0.76, -0.96, -0.9, -1.19, -1.77, -1.74, -1.66, -1.71, -1.78, -1.81, -1.77, -1.75, -0.6, -0.59, -0.58, -0.87, -0.88, -0.52, -0.66, -0.91, -1.25, -0.88, -0.5, -1.65, -1.86, -1.89, -2.06, -2.01, -1.94, -1.92, -1.95, -1.98, -0.58, -0.56, -0.54, -0.52, -0.76, -0.8, -0.95, -0.74, -1.15, -1.02, -1.24, -1.69, -1.93, -1.81, -2.07, -2.03, -1.98, -1.97, -1.97, -1.99, -0.76, -0.72, -0.68, -0.45, -0.37, -0.53, -0.78, -1.07, -1.24, -1.12, -1.47, -1.72, -1.93, -1.81, -2.08, -2.04, -2.02, -2.0, -2.0, -2.0, -0.76, -0.73, -0.68, -0.6, -0.43, 0.08, -0.61, -1.05, -1.35, -1.32, -1.52, -1.66, -1.75, -1.74, -2.08, -2.05, -2.03, -2.02, -2.01, -2.01, -0.77, -0.75, -0.71, -0.65, -0.57, -0.53, -0.83, -1.35, -1.59, -1.78, -1.6, -2.11, -2.12, -1.68, -2.08, -2.06, -2.04, -1.84, -1.84, -1.83, -0.79, -0.77, -0.75, -0.73, -0.73, -0.79, -0.93, -1.27, -1.48, -1.31, -1.75, -2.11, -2.11, -1.94, -1.93, -1.83, -1.82, -1.82, -1.81, -1.81, -0.81, -0.8, -0.79, -0.8, -0.82, -0.87, -0.88, -1.07, -1.21, -1.21, -1.7, -1.9, -1.87, -1.85, -1.86, -1.78, -1.78, -1.78, -1.79, -1.79, -0.83, -0.82, -0.83, -0.84, -0.86, -0.9, -0.94, -1.1, -1.16, -1.17, -1.15, -1.33, -1.82, -1.78, -1.76, -1.72, -1.74, -1.75, -1.76, -1.77, -0.84, -0.85, -0.39, -0.41, -0.44, -1.01, -1.01, -1.01, -1.03, -1.04, -1.23, -1.26, -1.29, -1.35, -1.38, -1.49, -1.48, -1.47, -1.4, -1.4, -0.37, -0.38, -0.39, -0.4, -0.98, -0.95, -0.92, -0.89, -0.87, -0.9, -1.12, -1.2, -1.27, -1.33, -1.25, -1.19, -1.1, -1.03, -0.98, -0.95, -0.37, -0.38, -0.39, -0.4, -0.93, -0.88, -0.81, -0.72, -0.68, -0.66, -0.78, -1.15, -1.25, -1.24, -1.41, -1.22, -1.1, -1.02, -0.96, -0.93, -0.37, -0.38, -0.38, -0.93, -0.89, -0.83, -0.73, -0.57, -0.4, -0.59, -0.66, -0.8, -1.04, -1.17, -1.24, -1.15, -1.05, -0.97, -0.93, -0.9, -0.37, -0.38, -0.52, -0.51, -0.5, -0.48, -0.45, -0.41, -0.44, -0.53, -0.65, -0.77, -0.99, -1.07, -1.08, -1.03, -0.96, -0.91, -0.88, -0.86, -0.52, -0.52, -0.51, -0.5, -0.49, -0.47, -0.45, -0.43, -0.52, -0.57, -0.64, -0.73, -0.94, -0.98, -0.96, -0.92, -0.88, -0.84, -0.82, -0.82, -0.52, -0.51, -0.5, -0.49, -0.48, -0.47, -0.46, -0.29, -0.55, -0.58, -0.63, -0.69, -0.93, -0.9, -0.87, -0.83, -0.8, -0.78, -0.77, -0.77, -0.51, -0.5, -0.5, -0.26, -0.26, -0.27, -0.28, -0.28, -0.29, -0.29, -0.28, -0.51, -0.53, -0.84, -0.81, -0.77, -0.75, -0.72, -0.71, -0.73, -0.24, -0.24, -0.25, -0.25, -0.26, -0.26, -0.27, -0.29, -0.3, -0.31, -0.29, -0.41, -0.53, -0.55, -0.58, -0.73, -0.78, -0.63, -0.66, -0.7, -0.24, -0.24, -0.24, -0.24, -0.25, -0.26, -0.27, -0.29, -0.33, -0.36, -0.3, -0.38, -0.42, -0.54, -0.56, -0.57, -0.59, -0.5, -0.62, -0.68, -0.23, -0.23, -0.23, -0.24, -0.24, -0.24, -0.25, -0.27, -0.31, -0.34, -0.35, -0.35, -0.38, -0.54, -0.55, -0.47, -0.48, -0.47, -0.64, -0.68, -0.23, -0.23, -0.23, -0.23, -0.23, -0.23, -0.23, -0.24, -0.24, -0.24, -0.28, -0.29, -0.33, -0.35, -0.4, -0.44, -0.45, -0.46, -0.46, -0.46, -0.22, -0.22, -0.22, -0.22, -0.21, -0.21, -0.21, -0.19, -0.17, -0.19, -0.16, -0.12, -0.15, -0.17, -0.36, -0.4, -0.42, -0.43, -0.44, -0.44, -0.22, -0.21, -0.21, -0.21, -0.2, -0.2, -0.18, -0.16, -0.12, -0.09, 0.02, -0.07, -0.12, -0.15, -0.33, -0.37, -0.4, -0.41, -0.42, -0.43, -0.21, -0.21, -0.21, -0.2, -0.19, -0.18, -0.17, -0.14, -0.1, -0.04, -0.01, -0.06, -0.11, -0.14, -0.31, -0.35, -0.37, -0.39, -0.4, -0.41, -0.21, -0.2, -0.2, -0.19, -0.19, -0.18, -0.16, -0.14, -0.1, -0.08, -0.07, -0.09, -0.11, -0.14, -0.29, -0.33, -0.36, -0.38, -0.39, -0.4, -0.2, -0.2, -0.2, -0.19, -0.18, -0.17, -0.16, -0.13, -0.12, -0.1, -0.1, -0.11, -0.13, -0.14, -0.29, -0.32, -0.34, -0.36, -0.38, -0.39]}, {"header": {"refTime": "2023-09-05T02:00:00.000Z", "nx": 21, "ny": 33, "lo1": 113.509, "la1": 22.2235, "lo2": 113.5947, "la2": 22.1034, "dx": 0.0042850000000001385, "dy": 0.003753125000000024, "parameterCategory": 0, "parameterCategoryName": "Temperature", "parameterNumber": 0}, "data": [[29.81, 29.8, 29.8, 29.81, 29.79, 30.05, 30.01, 29.98, 29.98, 29.98, 30.07, 30.16, 30.42, 30.47, 30.5, 30.52, 30.85, 30.84, 30.84, 30.83], [29.81, 29.81, 29.8, 29.79, 29.8, 29.77, 29.97, 29.89, 29.85, 29.91, 30.07, 30.2, 30.48, 30.53, 30.55, 30.86, 30.85, 30.84, 30.83, 30.83], [29.82, 29.82, 29.81, 29.8, 29.81, 29.78, 29.74, 29.82, 29.58, 29.85, 30.1, 30.28, 30.57, 30.6, 30.88, 30.86, 30.84, 30.83, 30.82, 30.82], [29.83, 29.82, 29.82, 29.81, 29.8, 29.81, 29.77, 29.71, 29.66, 29.94, 30.19, 30.42, 30.72, 30.77, 30.89, 30.86, 30.83, 30.82, 30.81, 30.81], [29.83, 29.83, 29.83, 29.83, 29.83, 29.85, 29.83, 29.81, 29.8, 30.07, 30.27, 30.79, 30.97, 30.81, 30.89, 30.84, 30.82, 30.8, 30.8, 30.8], [29.84, 29.84, 29.84, 29.84, 29.85, 29.86, 29.9, 29.91, 29.91, 29.89, 30.53, 30.7, 30.84, 30.97, 30.87, 30.82, 30.79, 30.77, 30.78, 30.79], [29.98, 29.85, 29.85, 29.86, 29.87, 29.89, 30.02, 30.0, 30.01, 30.16, 30.16, 30.54, 30.87, 30.9, 30.84, 30.8, 30.75, 30.73, 30.77, 30.8], [29.97, 29.97, 29.97, 29.97, 29.98, 29.98, 30.02, 30.09, 30.2, 30.13, 30.02, 30.45, 30.46, 30.9, 30.7, 30.7, 30.7, 30.7, 30.7, 30.7], [30.03, 30.02, 29.95, 29.95, 29.94, 29.96, 30.01, 30.04, 30.1, 30.18, 30.21, 30.33, 30.38, 30.31, 30.7, 30.7, 30.7, 30.7, 30.7, 30.7], [29.8, 29.8, 29.8, 29.99, 29.96, 29.89, 29.94, 30.01, 30.03, 30.05, 30.39, 30.25, 30.3, 30.27, 30.7, 30.7, 30.7, 30.7, 30.7, 30.7], [29.8, 29.8, 29.8, 29.8, 29.8, 29.8, 29.8, 29.8, 29.94, 30.1, 29.9, 30.2, 30.24, 30.24, 30.7, 30.7, 30.7, 30.7, 30.7, 30.7], [29.8, 29.8, 29.8, 29.8, 29.8, 29.8, 29.8, 29.8, 29.8, -999.0, 29.9, 30.7, 30.7, 30.22, 30.7, 30.7, 30.7, 29.56, 29.59, 29.6], [29.8, 29.8, 29.8, 29.8, 29.8, 29.8, 29.8, 29.8, 29.8, 29.8, -999.0, 30.7, 30.7, 29.39, 29.97, 29.97, 29.99, 29.74, 29.78, 29.8], [29.8, 29.8, 29.8, 29.8, 29.8, 29.8, 29.8, 29.8, 29.8, 29.8, -999.0, 28.7, 28.7, 28.7, 29.8, 29.81, 29.84, 29.59, 29.64, 29.68], [29.8, 29.8, 29.8, 29.8, 29.8, 29.8, 29.8, 29.2, 29.2, 29.2, 29.2, 29.01, 28.7, 28.7, 28.7, 29.62, 29.68, 29.44, 29.52, 29.58], [29.8, 29.8, 29.42, 29.42, 29.4, 29.2, 29.2, 29.2, 29.2, 29.2, 28.89, 28.92, 28.87, 28.83, 28.88, 29.29, 29.38, 29.22, 29.65, 29.72], [29.41, 29.41, 29.59, 29.58, 29.2, 29.2, 29.2, 29.2, 29.2, 29.2, 28.98, 28.92, 28.86, 28.8, 28.94, 28.91, 28.98, 29.03, 29.07, 29.1], [29.59, 29.58, 29.57, 29.55, 29.2, 29.2, 29.2, 29.2, 29.2, 29.07, 29.01, 28.93, 28.85, 28.94, 28.74, 28.88, 28.99, 29.05, 29.09, 29.12], [29.57, 29.56, 29.55, 29.2, 29.2, 29.2, 29.2, 29.2, 29.16, 29.1, 29.09, 29.03, 29.13, 29.03, 28.87, 28.95, 29.04, 29.09, 29.13, 29.14], [29.57, 29.56, 29.31, 29.31, 29.3, 29.29, 29.27, 29.23, 29.18, 29.15, 29.11, 29.06, 29.21, 29.17, 29.02, 29.06, 29.12, 29.15, 29.17, 29.17], [29.32, 29.32, 29.32, 29.28, 29.28, 29.27, 29.27, 29.26, 29.17, 29.15, 29.13, 29.09, 29.29, 29.1, 29.13, 29.18, 29.22, 29.23, 29.22, 29.2], [29.29, 29.29, 29.29, 29.29, 29.29, 29.29, 29.28, 29.29, 29.18, 29.18, 29.15, 29.12, 29.44, 29.18, 29.22, 29.29, 29.33, 29.31, 29.26, 29.22], [29.3, 29.3, 29.3, 29.3, 29.3, 29.3, 29.3, 29.31, 29.31, 29.32, 29.32, 29.58, 29.4, 29.22, 29.29, 29.39, 29.51, 29.4, 29.28, 29.23], [29.3, 29.3, 29.3, 29.3, 29.31, 29.31, 29.32, 29.33, 29.34, 29.34, 29.34, 29.6, 29.4, 29.41, 29.43, 29.42, 29.85, 29.29, 29.22, 29.21], [29.3, 29.3, 29.31, 29.31, 29.31, 29.32, 29.32, 29.34, 29.36, 29.38, 29.35, 29.57, 29.64, 29.39, 29.39, 29.38, 29.17, 28.93, 29.14, 29.18], [29.3, 29.31, 29.31, 29.31, 29.31, 29.32, 29.33, 29.34, 29.36, 29.37, 29.48, 29.54, 29.61, 29.37, 29.36, 29.3, 29.22, 29.16, 29.14, 29.17], [29.31, 29.31, 29.31, 29.31, 29.32, 29.32, 29.33, 29.33, 29.34, 29.34, 29.47, 29.52, 29.58, 29.33, 29.32, 29.29, 29.26, 29.23, 29.24, 29.26], [29.31, 29.31, 29.31, 29.31, 29.32, 29.32, 29.32, 29.33, 29.33, 29.44, 29.43, 29.2, 29.14, 29.07, 29.31, 29.3, 29.28, 29.27, 29.27, 29.27], [29.31, 29.31, 29.31, 29.31, 29.32, 29.32, 29.32, 29.32, 29.32, 29.39, 29.27, 29.21, 29.15, 29.09, 29.31, 29.3, 29.29, 29.28, 29.28, 29.29], [29.31, 29.31, 29.31, 29.31, 29.31, 29.32, 29.32, 29.32, 29.22, 29.24, 29.25, 29.21, 29.15, 29.1, 29.31, 29.3, 29.3, 29.29, 29.29, 29.29], [29.31, 29.31, 29.31, 29.31, 29.31, 29.32, 29.32, 29.32, 29.2, 29.21, 29.21, 29.19, 29.15, 29.1, 29.31, 29.31, 29.3, 29.3, 29.3, 29.3], [29.31, 29.31, 29.31, 29.31, 29.31, 29.31, 29.31, 29.18, 29.19, 29.19, 29.18, 29.16, 29.13, 29.1, 29.31, 29.31, 29.31, 29.3, 29.3, 29.3]]}]