gis_exercise/awsData/contour/wdir_2023090501.json
[{"header": {"refTime": "2023-09-05T01:00:00.000Z", "nx": 21, "ny": 33, "lo1": 113.509, "la1": 22.2235, "lo2": 113.5947, "la2": 22.1034, "dx": 0.0042850000000001385, "dy": 0.003753125000000024, "parameterCategory": 2, "parameterCategoryName": "Temperature", "parameterNumber": 2}, "data": [0.39, 0.38, 0.38, 0.7, 0.67, 0.31, 0.28, 0.25, 0.23, 0.29, 0.32, 0.35, 0.13, 0.14, 0.1, 0.1, 0.22, 0.22, 0.23, 0.23, 0.39, 0.39, 0.38, 0.37, 0.67, 0.62, 0.27, 0.21, 0.18, 0.25, 0.31, 0.34, 0.13, 0.14, 0.1, 0.21, 0.22, 0.22, 0.23, 0.23, 0.39, 0.39, 0.39, 0.38, 0.69, 0.63, 0.54, 0.19, 0.06, 0.22, 0.31, 0.33, 0.13, 0.13, 0.2, 0.21, 0.22, 0.23, 0.23, 0.23, 0.4, 0.4, 0.4, 0.4, 0.39, 0.68, 0.61, 0.48, 0.36, 0.29, 0.35, 0.33, 0.12, 0.4, 0.2, 0.21, 0.22, 0.23, 0.23, 0.23, 0.4, 0.4, 0.41, 0.41, 0.42, 0.75, 0.72, 0.68, 0.67, 0.43, 0.43, 0.39, 0.19, 0.36, 0.2, 0.22, 0.23, 0.23, 0.23, 0.24, 0.4, 0.41, 0.41, 0.42, 0.44, 0.47, 0.83, 0.85, 0.88, 0.93, 0.67, 0.49, 0.32, 0.13, 0.22, 0.23, 0.23, 0.24, 0.24, 0.24, 0.5, 0.4, 0.41, 0.43, 0.45, 0.5, 0.93, 0.98, 1.03, 1.11, 1.1, 0.65, 0.19, 0.16, 0.24, 0.24, 0.24, 0.24, 0.16, 0.14, 0.49, 0.49, 0.49, 0.68, 0.69, 0.79, 0.89, 1.02, 1.11, 1.15, 1.27, 0.58, 0.45, 0.16, 0.2, 0.21, 0.22, 0.23, 0.22, 0.21, 0.47, 0.47, 0.46, 0.45, 0.61, 0.64, 0.74, 0.94, 1.19, 1.09, 0.75, 0.47, 0.24, 0.35, 0.17, 0.19, 0.21, 0.21, 0.21, 0.21, 0.46, 0.45, 0.43, 0.4, 0.36, 0.47, 0.62, 0.78, 1.2, 1.22, 0.59, 0.39, 0.19, 0.32, 0.16, 0.18, 0.2, 0.2, 0.2, 0.2, 0.46, 0.45, 0.43, 0.4, 0.33, 0.12, 0.42, 0.62, 0.88, 1.2, 0.76, 0.43, 0.36, 0.38, 0.16, 0.17, 0.19, 0.19, 0.2, 0.2, 0.47, 0.46, 0.44, 0.42, 0.38, 0.37, 0.5, 0.76, 0.89, 0.7, 0.8, 0.43, 0.37, 0.43, 0.16, 0.17, 0.18, 0.31, 0.32, 0.32, 0.47, 0.46, 0.45, 0.44, 0.44, 0.45, 0.5, 0.7, 0.83, 0.73, 0.58, 0.5, 0.43, 0.35, 0.37, 0.33, 0.34, 0.35, 0.35, 0.35, 0.48, 0.47, 0.47, 0.47, 0.47, 0.47, 0.42, 0.58, 0.67, 0.68, 0.58, 0.66, 0.62, 0.61, 0.44, 0.4, 0.4, 0.39, 0.39, 0.38, 0.49, 0.48, 0.48, 0.48, 0.49, 0.49, 0.5, 0.68, 0.74, 0.77, 0.78, 0.92, 0.67, 0.67, 0.67, 0.48, 0.46, 0.44, 0.42, 0.41, 0.49, 0.49, 0.39, 0.4, 0.4, 0.67, 0.67, 0.7, 0.73, 0.75, 0.91, 0.9, 0.9, 0.65, 0.66, 0.53, 0.49, 0.44, 0.49, 0.46, 0.4, 0.4, 0.41, 0.42, 0.7, 0.7, 0.7, 0.72, 0.73, 0.74, 0.88, 0.89, 0.88, 0.88, 0.76, 0.63, 0.55, 0.49, 0.44, 0.41, 0.41, 0.42, 0.43, 0.44, 0.71, 0.71, 0.72, 0.73, 0.74, 0.7, 0.71, 0.87, 0.88, 0.76, 0.85, 0.66, 0.55, 0.47, 0.42, 0.39, 0.42, 0.43, 0.44, 0.72, 0.72, 0.72, 0.73, 0.74, 0.74, 0.72, 0.75, 0.77, 0.69, 0.72, 0.68, 0.59, 0.5, 0.43, 0.39, 0.36, 0.43, 0.44, 0.59, 0.59, 0.6, 0.62, 0.65, 0.68, 0.74, 0.74, 0.75, 0.76, 0.65, 0.66, 0.53, 0.48, 0.42, 0.37, 0.34, 0.33, 0.58, 0.59, 0.59, 0.6, 0.61, 0.62, 0.64, 0.65, 0.73, 0.73, 0.73, 0.74, 0.61, 0.43, 0.41, 0.37, 0.33, 0.3, 0.29, 0.29, 0.59, 0.59, 0.59, 0.6, 0.61, 0.62, 0.63, 0.37, 0.71, 0.71, 0.72, 0.73, 0.52, 0.36, 0.32, 0.28, 0.25, 0.24, 0.24, 0.26, 0.59, 0.59, 0.6, 0.23, 0.25, 0.27, 0.29, 0.32, 0.33, 0.32, 0.28, 0.5, 0.28, 0.3, 0.26, 0.21, 0.17, 0.17, 0.2, 0.23, 0.16, 0.17, 0.18, 0.19, 0.21, 0.23, 0.25, 0.28, 0.32, 0.33, 0.28, 0.04, 0.29, 0.23, 0.18, 0.18, 0.11, 0.13, 0.17, 0.21, 0.14, 0.14, 0.15, 0.16, 0.16, 0.18, 0.2, 0.25, 0.35, 0.45, 0.28, 0.03, -0.04, 0.24, 0.19, 0.15, 0.14, 0.14, 0.17, 0.2, 0.12, 0.12, 0.12, 0.12, 0.12, 0.12, 0.14, 0.18, 0.29, 0.38, 0.11, -0.05, -0.11, 0.25, 0.2, -0.09, -0.03, -0.01, 0.18, 0.2, 0.09, 0.09, 0.08, 0.08, 0.07, 0.06, 0.06, 0.06, 0.07, 0.03, -0.14, -0.21, -0.21, -0.33, -0.23, -0.15, -0.1, -0.08, -0.08, -0.09, 0.07, 0.06, 0.05, 0.04, 0.02, -0.0, -0.04, -0.09, -0.17, -0.39, -0.48, -0.41, -0.32, -0.24, -0.29, -0.21, -0.16, -0.13, -0.13, -0.13, 0.05, 0.04, 0.02, 0.0, -0.02, -0.06, -0.12, -0.2, -0.36, -0.68, -0.9, -0.6, -0.42, -0.31, -0.35, -0.27, -0.22, -0.18, -0.17, -0.16, 0.03, 0.02, -0.0, -0.03, -0.06, -0.1, -0.17, -0.27, -0.49, -0.68, -0.8, -0.62, -0.45, -0.34, -0.39, -0.32, -0.26, -0.23, -0.21, -0.19, 0.01, -0.0, -0.02, -0.05, -0.08, -0.13, -0.19, -0.28, -0.47, -0.57, -0.6, -0.54, -0.44, -0.35, -0.42, -0.35, -0.3, -0.26, -0.24, -0.22, -0.0, -0.02, -0.04, -0.07, -0.1, -0.14, -0.2, -0.37, -0.43, -0.47, -0.49, -0.46, -0.4, -0.34, -0.43, -0.37, -0.32, -0.29, -0.26, -0.25]}, {"header": {"refTime": "2023-09-05T01:00:00.000Z", "nx": 21, "ny": 33, "lo1": 113.509, "la1": 22.2235, "lo2": 113.5947, "la2": 22.1034, "dx": 0.0042850000000001385, "dy": 0.003753125000000024, "parameterCategory": 2, "parameterCategoryName": "Temperature", "parameterNumber": 3}, "data": [-0.59, -0.59, -0.6, -1.0, -0.98, -0.82, -0.79, -0.76, -0.75, -0.83, -0.88, -0.92, -0.87, -0.89, -1.13, -1.18, -1.41, -1.43, -1.45, -1.46, -0.59, -0.59, -0.6, -0.6, -0.98, -0.94, -0.77, -0.72, -0.69, -0.78, -0.87, -0.93, -0.89, -0.91, -1.15, -1.39, -1.42, -1.45, -1.47, -1.48, -0.58, -0.59, -0.6, -0.6, -1.0, -0.95, -0.89, -0.69, -0.55, -0.74, -0.88, -0.95, -0.91, -0.93, -1.34, -1.39, -1.44, -1.48, -1.5, -1.51, -0.58, -0.58, -0.59, -0.6, -0.62, -0.99, -0.93, -0.84, -0.76, -0.82, -0.93, -0.99, -0.95, -1.16, -1.33, -1.41, -1.48, -1.52, -1.54, -1.54, -0.57, -0.58, -0.59, -0.6, -0.62, -1.04, -1.02, -0.99, -0.98, -0.95, -1.01, -1.15, -1.06, -1.14, -1.33, -1.44, -1.53, -1.58, -1.59, -1.57, -0.56, -0.56, -0.57, -0.59, -0.62, -0.66, -1.1, -1.12, -1.14, -1.18, -1.28, -1.2, -1.13, -1.31, -1.36, -1.5, -1.63, -1.68, -1.66, -1.61, -1.02, -0.54, -0.55, -0.57, -0.6, -0.66, -1.02, -1.2, -1.24, -1.4, -1.42, -1.28, -1.39, -1.43, -1.4, -1.56, -1.76, -1.84, -1.88, -1.85, -1.01, -0.98, -0.96, -1.08, -1.08, -0.85, -0.97, -1.14, -1.31, -1.41, -1.5, -1.51, -1.52, -1.55, -1.83, -1.88, -1.93, -1.95, -1.92, -1.9, -1.0, -0.97, -0.93, -0.87, -0.97, -1.0, -1.13, -1.03, -1.61, -1.39, -1.65, -1.7, -1.9, -1.81, -1.86, -1.88, -1.9, -1.91, -1.91, -1.9, -1.41, -1.36, -1.28, -0.82, -0.69, -0.72, -1.01, -1.32, -1.85, -1.83, -1.72, -1.84, -2.01, -1.87, -1.89, -1.88, -1.89, -1.9, -1.89, -1.89, -1.42, -1.38, -1.3, -1.17, -0.88, -0.05, -1.13, -1.73, -1.75, -2.03, -2.23, -1.81, -1.85, -1.83, -1.89, -1.88, -1.88, -1.89, -1.89, -1.88, -1.45, -1.41, -1.36, -1.27, -1.14, -1.07, -1.51, -2.1, -2.35, -2.54, -2.31, -2.14, -2.1, -1.8, -1.89, -1.88, -1.88, -2.0, -2.0, -1.99, -1.49, -1.47, -1.44, -1.43, -1.45, -1.61, -1.88, -2.12, -2.28, -2.09, -2.48, -2.18, -2.13, -1.8, -1.79, -2.0, -1.99, -1.99, -1.98, -1.98, -1.52, -1.52, -1.52, -1.55, -1.63, -1.82, -2.08, -2.02, -2.06, -2.02, -2.47, -2.31, -2.24, -2.2, -1.77, -1.96, -1.96, -1.96, -1.96, -1.97, -1.56, -1.56, -1.58, -1.63, -1.7, -1.82, -1.92, -2.09, -2.08, -2.05, -2.01, -1.82, -2.18, -2.13, -2.09, -1.92, -1.92, -1.93, -1.94, -1.95, -1.59, -1.6, -1.08, -1.13, -1.2, -1.96, -1.95, -1.92, -1.89, -1.87, -1.73, -1.73, -1.73, -1.63, -1.65, -1.76, -1.76, -1.76, -1.69, -1.69, -1.03, -1.05, -1.08, -1.11, -1.87, -1.83, -1.77, -1.7, -1.65, -1.67, -1.6, -1.65, -1.68, -1.69, -1.55, -1.3, -1.16, -1.04, -0.96, -0.9, -1.03, -1.05, -1.07, -1.08, -1.78, -1.7, -1.59, -1.43, -1.35, -1.26, -1.36, -1.58, -1.64, -1.55, -1.67, -1.34, -1.15, -1.01, -0.93, -0.87, -1.03, -1.04, -1.05, -1.77, -1.7, -1.61, -1.45, -1.19, -0.91, -1.15, -0.93, -1.04, -1.4, -1.5, -1.37, -1.23, -1.07, -0.95, -0.87, -0.82, -1.03, -1.03, -1.06, -1.04, -1.02, -0.98, -0.94, -0.88, -0.81, -0.84, -0.89, -0.98, -1.36, -1.43, -1.12, -1.05, -0.94, -0.86, -0.8, -0.76, -1.04, -1.03, -1.01, -0.99, -0.96, -0.92, -0.89, -0.85, -0.78, -0.8, -0.84, -0.9, -1.34, -0.96, -0.94, -0.88, -0.82, -0.76, -0.71, -0.69, -1.0, -0.98, -0.96, -0.94, -0.9, -0.86, -0.83, -0.39, -0.71, -0.72, -0.76, -0.82, -1.08, -0.84, -0.81, -0.77, -0.72, -0.66, -0.62, -0.61, -0.97, -0.95, -0.92, -0.3, -0.31, -0.31, -0.31, -0.3, -0.29, -0.27, -0.26, -0.65, -0.27, -0.75, -0.71, -0.7, -0.72, -0.6, -0.52, -0.53, -0.27, -0.27, -0.27, -0.27, -0.27, -0.26, -0.25, -0.23, -0.21, -0.19, -0.19, -0.35, -0.26, -0.3, -0.35, -0.62, -0.95, -0.35, -0.37, -0.45, -0.26, -0.25, -0.25, -0.25, -0.24, -0.23, -0.21, -0.18, -0.15, -0.13, -0.15, -0.31, -0.42, -0.27, -0.3, -0.31, -0.22, 0.08, -0.26, -0.4, -0.24, -0.24, -0.23, -0.22, -0.21, -0.2, -0.18, -0.15, -0.13, -0.11, -0.19, -0.26, -0.36, -0.25, -0.26, -0.19, -0.11, -0.05, -0.3, -0.4, -0.23, -0.22, -0.21, -0.2, -0.19, -0.17, -0.15, -0.13, -0.1, -0.09, -0.16, -0.21, -0.31, -0.13, -0.15, -0.15, -0.13, -0.11, -0.12, -0.14, -0.22, -0.21, -0.2, -0.19, -0.17, -0.15, -0.13, -0.1, -0.06, -0.08, -0.07, 0.18, 0.22, 0.27, -0.12, -0.13, -0.13, -0.13, -0.13, -0.14, -0.21, -0.2, -0.19, -0.17, -0.16, -0.13, -0.11, -0.07, -0.03, 0.0, 0.17, 0.19, 0.22, 0.26, -0.1, -0.12, -0.12, -0.13, -0.13, -0.14, -0.2, -0.19, -0.18, -0.16, -0.15, -0.12, -0.1, -0.06, 0.17, 0.17, 0.18, 0.19, 0.22, 0.26, -0.09, -0.11, -0.12, -0.12, -0.13, -0.14, -0.19, -0.18, -0.17, -0.16, -0.14, -0.12, -0.1, -0.07, 0.18, 0.19, 0.19, 0.2, 0.23, 0.25, -0.08, -0.1, -0.11, -0.12, -0.13, -0.13, -0.19, -0.18, -0.17, -0.15, -0.14, -0.12, -0.1, 0.19, 0.19, 0.2, 0.2, 0.22, 0.23, 0.25, -0.08, -0.09, -0.11, -0.12, -0.12, -0.13]}, {"header": {"refTime": "2023-09-05T01:00:00.000Z", "nx": 21, "ny": 33, "lo1": 113.509, "la1": 22.2235, "lo2": 113.5947, "la2": 22.1034, "dx": 0.0042850000000001385, "dy": 0.003753125000000024, "parameterCategory": 0, "parameterCategoryName": "Temperature", "parameterNumber": 0}, "data": [[29.9, 29.9, 29.91, 30.11, 30.09, 30.35, 30.31, 30.28, 30.28, 30.28, 30.37, 30.46, 30.72, 30.77, 30.63, 30.63, 30.94, 30.91, 30.9, 30.89], [29.9, 29.9, 29.91, 29.91, 30.1, 30.07, 30.27, 30.19, 30.15, 30.21, 30.37, 30.5, 30.78, 30.83, 30.68, 30.96, 30.93, 30.9, 30.88, 30.87], [29.9, 29.9, 29.91, 29.91, 30.11, 30.08, 30.04, 30.12, 29.88, 30.15, 30.4, 30.58, 30.87, 30.9, 31.01, 30.96, 30.91, 30.87, 30.85, 30.84], [29.89, 29.9, 29.91, 29.91, 29.92, 30.11, 30.07, 30.01, 29.96, 30.24, 30.49, 30.72, 31.02, 31.07, 31.02, 30.94, 30.88, 30.83, 30.82, 30.82], [29.89, 29.89, 29.9, 29.91, 29.93, 30.15, 30.13, 30.11, 30.1, 30.37, 30.57, 31.09, 31.27, 31.11, 31.02, 30.91, 30.82, 30.77, 30.77, 30.78], [29.88, 29.88, 29.89, 29.91, 29.93, 29.97, 30.2, 30.21, 30.21, 30.19, 30.83, 31.0, 31.14, 31.27, 30.98, 30.85, 30.73, 30.68, 30.7, 30.74], [29.89, 29.87, 29.87, 29.89, 29.91, 29.97, 30.15, 30.3, 30.31, 30.46, 30.46, 30.84, 31.17, 31.2, 30.94, 30.79, 30.61, 30.54, 30.58, 30.65], [29.87, 29.87, 29.86, 29.87, 29.89, 30.02, 30.12, 30.29, 30.5, 30.43, 30.32, 30.75, 30.76, 31.2, 30.62, 30.69, 30.56, 30.51, 30.58, 30.63], [30.03, 30.01, 29.82, 29.8, 29.8, 29.84, 29.97, 30.17, 30.4, 30.48, 30.51, 30.63, 30.68, 30.61, 30.64, 30.71, 30.64, 30.6, 30.62, 30.65], [29.4, 29.4, 29.4, 29.91, 29.84, 29.65, 29.78, 29.97, 30.33, 30.35, 30.69, 30.55, 30.6, 30.57, 30.64, 30.74, 30.69, 30.66, 30.66, 30.67], [29.4, 29.4, 29.4, 29.4, 29.4, 29.4, 29.4, 29.4, 29.79, 30.4, 30.2, 30.5, 30.54, 30.54, 30.63, 30.76, 30.72, 30.7, 30.7, 30.7], [29.4, 29.4, 29.4, 29.4, 29.4, 29.4, 29.4, 29.4, 29.4, -999.0, 30.2, 31.0, 31.0, 30.52, 30.63, 30.78, 30.76, 29.15, 29.18, 29.19], [29.4, 29.4, 29.4, 29.4, 29.4, 29.4, 29.4, 29.4, 29.4, 29.4, -999.0, 31.0, 31.0, 29.17, 29.98, 29.6, 29.62, 29.34, 29.38, 29.41], [29.4, 29.4, 29.4, 29.4, 29.4, 29.4, 29.4, 29.4, 29.4, 29.4, -999.0, 28.2, 28.2, 28.2, 29.74, 29.42, 29.45, 29.17, 29.23, 29.28], [29.4, 29.4, 29.4, 29.4, 29.4, 29.4, 29.4, 29.4, 29.4, 29.4, 29.4, 28.94, 28.2, 28.2, 28.2, 29.21, 29.27, 29.02, 29.1, 29.16], [29.4, 29.4, 29.4, 29.4, 29.4, 29.4, 29.4, 29.4, 29.4, 29.4, 28.64, 28.73, 28.61, 28.52, 28.63, 28.9, 29.0, 28.82, 29.29, 29.37], [29.4, 29.4, 29.4, 29.4, 29.4, 29.4, 29.4, 29.4, 29.4, 29.4, 28.88, 28.74, 28.58, 28.43, 28.56, 28.47, 28.56, 28.63, 28.68, 28.72], [29.4, 29.4, 29.4, 29.4, 29.4, 29.4, 29.4, 29.4, 29.4, 29.1, 28.93, 28.75, 28.57, 28.56, 28.25, 28.44, 28.57, 28.66, 28.71, 28.74], [29.4, 29.4, 29.4, 29.4, 29.4, 29.4, 29.4, 29.4, 29.29, 29.17, 29.07, 28.92, 28.87, 28.69, 28.42, 28.52, 28.64, 28.71, 28.75, 28.77], [29.4, 29.4, 29.46, 29.45, 29.45, 29.45, 29.44, 29.42, 29.3, 29.21, 29.1, 28.97, 28.98, 28.89, 28.61, 28.67, 28.74, 28.79, 28.81, 28.81], [29.46, 29.46, 29.46, 29.44, 29.44, 29.44, 29.43, 29.43, 29.24, 29.19, 29.12, 29.02, 29.09, 28.72, 28.75, 28.81, 28.86, 28.88, 28.87, 28.85], [29.45, 29.45, 29.45, 29.44, 29.44, 29.44, 29.44, 29.43, 29.23, 29.2, 29.15, 29.08, 29.23, 28.81, 28.87, 28.95, 29.01, 28.98, 28.93, 28.88], [29.45, 29.45, 29.45, 29.44, 29.44, 29.44, 29.44, 29.44, 29.45, 29.45, 29.45, 29.63, 29.26, 28.87, 28.95, 29.08, 29.21, 29.09, 28.95, 28.89], [29.44, 29.44, 29.44, 29.44, 29.44, 29.44, 29.45, 29.45, 29.46, 29.46, 29.46, 29.62, 29.26, 29.23, 29.21, 29.11, 29.6, 28.98, 28.89, 28.87], [29.44, 29.44, 29.44, 29.44, 29.44, 29.44, 29.45, 29.46, 29.47, 29.48, 29.47, 29.6, 29.65, 29.21, 29.17, 29.13, 28.84, 28.58, 28.8, 28.84], [29.44, 29.44, 29.44, 29.44, 29.44, 29.44, 29.45, 29.46, 29.47, 29.48, 29.55, 29.58, 29.63, 29.2, 29.15, 29.06, 28.95, 28.88, 28.8, 28.83], [29.44, 29.44, 29.44, 29.44, 29.44, 29.44, 29.45, 29.45, 29.45, 29.46, 29.54, 29.56, 29.61, 29.17, 29.13, 29.07, 29.01, 28.98, 28.99, 29.02], [29.44, 29.44, 29.44, 29.44, 29.44, 29.44, 29.44, 29.44, 29.44, 29.51, 29.5, 29.22, 29.13, 29.02, 29.14, 29.1, 29.06, 29.04, 29.03, 29.04], [29.44, 29.44, 29.44, 29.44, 29.44, 29.44, 29.44, 29.44, 29.43, 29.47, 29.35, 29.26, 29.16, 29.05, 29.16, 29.12, 29.09, 29.07, 29.06, 29.07], [29.44, 29.44, 29.44, 29.44, 29.44, 29.44, 29.44, 29.43, 29.26, 29.3, 29.32, 29.25, 29.16, 29.07, 29.17, 29.14, 29.12, 29.1, 29.09, 29.09], [29.44, 29.44, 29.44, 29.44, 29.44, 29.44, 29.43, 29.43, 29.24, 29.25, 29.25, 29.21, 29.15, 29.08, 29.18, 29.15, 29.13, 29.12, 29.11, 29.1], [29.44, 29.44, 29.44, 29.44, 29.43, 29.43, 29.43, 29.2, 29.21, 29.21, 29.2, 29.17, 29.13, 29.08, 29.19, 29.16, 29.15, 29.13, 29.12, 29.12]]}]