gis_exercise/awsData/contour/wdir_2023090707.json
[{"header": {"refTime": "2023-09-07T07:00:00.000Z", "nx": 21, "ny": 33, "lo1": 113.509, "la1": 22.2235, "lo2": 113.5947, "la2": 22.1034, "dx": 0.0042850000000001385, "dy": 0.003753125000000024, "parameterCategory": 2, "parameterCategoryName": "Temperature", "parameterNumber": 2}, "data": [0.99, 0.98, 0.96, 0.73, 0.72, 0.32, 0.31, 0.31, 0.28, 0.07, -0.02, -0.11, -0.2, -0.24, -0.44, -0.44, -0.47, -0.45, -0.44, -0.43, 1.0, 0.99, 0.97, 0.95, 0.73, 0.71, 0.34, 0.35, 0.34, 0.13, -0.02, -0.15, -0.26, -0.3, -0.48, -0.5, -0.47, -0.45, -0.44, -0.43, 1.01, 1.0, 0.99, 0.96, 0.74, 0.72, 0.68, 0.39, 0.45, 0.18, -0.05, -0.23, -0.37, -0.38, -0.55, -0.5, -0.47, -0.44, -0.43, -0.42, 1.02, 1.02, 1.01, 0.99, 0.96, 0.74, 0.71, 0.66, 0.61, 0.11, -0.13, -0.38, -0.55, -0.49, -0.56, -0.5, -0.46, -0.43, -0.42, -0.41, 1.04, 1.04, 1.03, 1.02, 1.0, 0.78, 0.77, 0.75, 0.72, 0.01, -0.19, -0.55, -0.9, -0.57, -0.55, -0.47, -0.43, -0.41, -0.4, -0.4, 1.06, 1.06, 1.05, 1.05, 1.05, 1.04, 0.84, 0.85, 0.83, 0.77, -0.12, -0.36, -0.62, -0.71, -0.49, -0.43, -0.4, -0.39, -0.39, -0.39, 1.26, 1.08, 1.08, 1.09, 1.09, 1.1, 1.1, 0.97, 0.96, 0.75, 0.62, -0.01, -0.43, -0.53, -0.4, -0.39, -0.37, -0.36, -0.56, -0.62, 1.25, 1.26, 1.26, 1.48, 1.47, 1.12, 1.13, 1.17, 1.17, 0.74, 0.54, 0.16, 0.09, -0.43, -0.29, -0.31, -0.33, -0.34, -0.33, -0.32, 1.25, 1.25, 1.26, 1.26, 1.46, 1.46, 1.47, 1.13, 1.22, 0.76, 0.1, -0.08, -0.37, -0.23, -0.34, -0.33, -0.33, -0.33, -0.33, -0.32, 1.44, 1.43, 1.42, 1.26, 1.27, 1.43, 1.48, 1.53, 1.32, 1.22, -0.04, -0.24, -0.49, -0.3, -0.37, -0.34, -0.33, -0.33, -0.33, -0.32, 1.43, 1.43, 1.42, 1.41, 1.38, 1.3, 1.44, 1.57, 1.67, 1.4, 0.47, -0.19, -0.27, -0.24, -0.37, -0.35, -0.34, -0.33, -0.33, -0.32, 1.43, 1.42, 1.42, 1.4, 1.39, 1.39, 1.46, 1.68, 1.79, 1.19, 0.67, 0.35, 0.2, -0.18, -0.37, -0.35, -0.34, 0.21, 0.23, 0.24, 1.43, 1.42, 1.41, 1.4, 1.39, 1.37, 1.37, 1.59, 1.72, 1.64, 0.95, 0.51, 0.35, 0.42, 0.5, 0.35, 0.37, 0.37, 0.36, 0.36, 1.43, 1.42, 1.42, 1.4, 1.38, 1.34, 1.21, 1.44, 1.56, 1.58, 0.98, 1.16, 1.12, 1.13, 0.75, 0.6, 0.58, 0.55, 0.51, 0.48, 1.43, 1.43, 1.42, 1.41, 1.39, 1.37, 1.36, 1.25, 1.28, 1.27, 1.25, 1.65, 1.33, 1.37, 1.4, 0.89, 0.82, 0.74, 0.66, 0.6, 1.43, 1.43, 0.97, 0.97, 0.97, 1.15, 1.15, 1.14, 1.14, 1.14, 1.51, 1.62, 1.74, 1.26, 1.37, 1.34, 1.22, 1.1, 1.12, 1.03, 0.95, 0.95, 0.94, 0.93, 1.1, 1.07, 1.03, 0.99, 0.97, 0.99, 1.42, 1.58, 1.77, 1.95, 1.88, 1.71, 1.49, 1.31, 1.19, 1.1, 0.93, 0.92, 0.91, 0.89, 1.04, 0.99, 0.91, 0.8, 0.75, 0.92, 1.13, 1.54, 1.77, 1.87, 2.26, 1.78, 1.47, 1.26, 1.13, 1.05, 0.91, 0.9, 0.88, 1.04, 1.0, 0.93, 0.82, 0.63, 0.49, 0.8, 0.92, 1.16, 1.45, 1.72, 1.82, 1.6, 1.34, 1.16, 1.04, 0.97, 0.9, 0.88, 0.59, 0.58, 0.56, 0.54, 0.5, 0.45, 0.54, 0.69, 0.88, 1.08, 1.32, 1.47, 1.42, 1.29, 1.12, 1.0, 0.92, 0.88, 0.59, 0.58, 0.57, 0.56, 0.54, 0.52, 0.49, 0.47, 0.65, 0.73, 0.85, 1.0, 1.2, 1.16, 1.11, 1.0, 0.89, 0.82, 0.78, 0.77, 0.57, 0.57, 0.55, 0.54, 0.52, 0.5, 0.48, 0.36, 0.68, 0.72, 0.81, 0.92, 1.06, 0.96, 0.88, 0.77, 0.68, 0.64, 0.64, 0.67, 0.56, 0.55, 0.54, 0.36, 0.36, 0.36, 0.36, 0.35, 0.35, 0.35, 0.35, 0.35, 0.25, 0.82, 0.71, 0.59, 0.5, 0.48, 0.52, 0.58, 0.37, 0.37, 0.37, 0.36, 0.36, 0.36, 0.35, 0.35, 0.34, 0.33, 0.34, 0.37, 0.25, 0.25, 0.25, 0.49, 0.41, 0.33, 0.42, 0.52, 0.37, 0.37, 0.37, 0.37, 0.36, 0.36, 0.35, 0.34, 0.32, 0.31, 0.33, 0.37, 0.39, 0.24, 0.24, 0.23, 0.31, 0.23, 0.39, 0.49, 0.37, 0.37, 0.37, 0.37, 0.37, 0.36, 0.36, 0.35, 0.33, 0.31, 0.35, 0.38, 0.39, 0.24, 0.23, 0.25, 0.22, 0.2, 0.43, 0.5, 0.37, 0.37, 0.37, 0.37, 0.37, 0.37, 0.36, 0.36, 0.36, 0.36, 0.38, 0.39, 0.4, 0.31, 0.29, 0.26, 0.24, 0.23, 0.23, 0.24, 0.37, 0.37, 0.37, 0.37, 0.37, 0.37, 0.37, 0.38, 0.38, 0.41, 0.42, 0.35, 0.32, 0.28, 0.3, 0.28, 0.26, 0.25, 0.25, 0.25, 0.37, 0.37, 0.37, 0.38, 0.38, 0.38, 0.38, 0.39, 0.4, 0.44, 0.44, 0.38, 0.33, 0.3, 0.31, 0.29, 0.28, 0.27, 0.26, 0.26, 0.38, 0.38, 0.38, 0.38, 0.38, 0.38, 0.39, 0.4, 0.37, 0.4, 0.42, 0.38, 0.34, 0.31, 0.32, 0.3, 0.29, 0.28, 0.27, 0.27, 0.38, 0.38, 0.38, 0.38, 0.38, 0.39, 0.39, 0.4, 0.36, 0.38, 0.38, 0.36, 0.33, 0.31, 0.33, 0.31, 0.3, 0.29, 0.28, 0.28, 0.38, 0.38, 0.38, 0.38, 0.38, 0.39, 0.39, 0.34, 0.35, 0.35, 0.35, 0.34, 0.33, 0.31, 0.33, 0.32, 0.3, 0.3, 0.29, 0.29]}, {"header": {"refTime": "2023-09-07T07:00:00.000Z", "nx": 21, "ny": 33, "lo1": 113.509, "la1": 22.2235, "lo2": 113.5947, "la2": 22.1034, "dx": 0.0042850000000001385, "dy": 0.003753125000000024, "parameterCategory": 2, "parameterCategoryName": "Temperature", "parameterNumber": 3}, "data": [-0.04, -0.04, -0.03, -0.02, -0.0, 0.06, 0.09, 0.12, 0.14, 0.29, 0.28, 0.27, 0.43, 0.44, -0.02, -0.06, 0.03, 0.0, -0.02, -0.03, -0.05, -0.04, -0.04, -0.02, -0.01, 0.02, 0.1, 0.16, 0.19, 0.3, 0.28, 0.27, 0.43, 0.44, -0.02, 0.05, 0.01, -0.02, -0.05, -0.06, -0.05, -0.05, -0.05, -0.04, -0.02, 0.01, 0.06, 0.18, 0.31, 0.3, 0.28, 0.26, 0.42, 0.43, 0.1, 0.04, -0.02, -0.06, -0.09, -0.09, -0.06, -0.06, -0.06, -0.05, -0.04, -0.03, 0.02, 0.09, 0.17, 0.29, 0.27, 0.26, 0.4, 0.37, 0.11, 0.02, -0.07, -0.12, -0.14, -0.14, -0.07, -0.07, -0.07, -0.07, -0.07, -0.08, -0.06, -0.03, -0.01, 0.26, 0.25, 0.35, 0.31, 0.36, 0.1, -0.03, -0.15, -0.21, -0.22, -0.19, -0.07, -0.07, -0.08, -0.09, -0.1, -0.12, -0.15, -0.16, -0.15, -0.1, 0.36, 0.37, 0.36, 0.24, 0.09, -0.09, -0.28, -0.36, -0.32, -0.25, -0.29, -0.08, -0.08, -0.09, -0.12, -0.16, -0.29, -0.31, -0.31, -0.03, 0.14, 0.44, 0.31, 0.24, 0.09, -0.16, -0.48, -0.6, -0.63, -0.57, -0.28, -0.27, -0.27, -0.32, -0.33, -0.2, -0.28, -0.43, -0.52, -0.04, 0.13, 0.38, 0.39, 0.18, -0.2, -0.37, -0.58, -0.66, -0.54, -0.47, -0.27, -0.26, -0.25, -0.23, -0.27, -0.29, -0.37, -0.33, -0.47, -0.03, 0.13, 0.11, -0.13, -0.01, -0.22, -0.33, -0.45, -0.51, -0.48, -0.44, -0.24, -0.22, -0.2, -0.19, -0.15, -0.16, -0.27, -0.4, -0.45, -0.38, 0.06, -0.07, -0.28, -0.1, -0.24, -0.3, -0.37, -0.41, -0.42, -0.4, -0.24, -0.23, -0.21, -0.17, -0.1, 0.12, -0.16, -0.32, -0.46, -0.44, -0.41, -0.03, -0.09, -0.06, -0.25, -0.28, -0.33, -0.36, -0.37, -0.37, -0.25, -0.24, -0.22, -0.2, -0.16, -0.15, -0.26, -0.42, -0.49, -0.57, -0.44, -0.22, -0.2, -0.02, -0.24, -0.27, -0.3, -0.7, -0.71, -0.71, -0.25, -0.25, -0.24, -0.24, -0.24, -0.28, -0.35, -0.42, -0.47, -0.42, -0.57, -0.23, -0.21, -0.19, -0.19, -0.68, -0.68, -0.69, -0.69, -0.7, -0.26, -0.26, -0.26, -0.27, -0.29, -0.33, -0.39, -0.39, -0.41, -0.4, -0.56, -0.61, -0.61, -0.61, -0.24, -0.67, -0.67, -0.68, -0.68, -0.69, -0.27, -0.27, -0.28, -0.29, -0.31, -0.34, -0.36, -0.36, -0.35, -0.34, -0.32, -0.38, -0.61, -0.61, -0.61, -0.65, -0.66, -0.67, -0.67, -0.68, -0.28, -0.28, -0.08, -0.09, -0.11, -0.31, -0.31, -0.29, -0.28, -0.27, -0.32, -0.36, -0.39, -0.44, -0.46, -0.59, -0.59, -0.59, -0.63, -0.64, -0.06, -0.06, -0.07, -0.07, -0.27, -0.26, -0.23, -0.2, -0.18, -0.19, -0.28, -0.34, -0.4, -0.46, -0.49, -0.49, -0.46, -0.44, -0.42, -0.41, -0.05, -0.05, -0.05, -0.05, -0.23, -0.2, -0.15, -0.09, -0.06, -0.1, -0.19, -0.31, -0.4, -0.48, -0.57, -0.5, -0.46, -0.43, -0.41, -0.4, -0.05, -0.05, -0.04, -0.23, -0.2, -0.16, -0.1, 0.01, 0.1, -0.04, -0.1, -0.2, -0.37, -0.45, -0.51, -0.48, -0.44, -0.42, -0.4, -0.39, -0.04, -0.04, -0.1, -0.09, -0.07, -0.04, -0.0, 0.05, 0.06, -0.01, -0.1, -0.18, -0.35, -0.41, -0.46, -0.44, -0.42, -0.4, -0.38, -0.37, -0.1, -0.1, -0.09, -0.08, -0.06, -0.04, -0.02, 0.01, -0.02, -0.05, -0.11, -0.16, -0.34, -0.42, -0.41, -0.4, -0.39, -0.37, -0.36, -0.36, -0.1, -0.09, -0.09, -0.08, -0.07, -0.05, -0.04, -0.05, -0.06, -0.08, -0.12, -0.15, -0.41, -0.39, -0.39, -0.38, -0.37, -0.36, -0.34, -0.34, -0.1, -0.09, -0.08, -0.1, -0.1, -0.09, -0.09, -0.09, -0.09, -0.1, -0.11, -0.14, -0.22, -0.37, -0.37, -0.36, -0.37, -0.34, -0.32, -0.32, -0.13, -0.13, -0.12, -0.12, -0.12, -0.12, -0.12, -0.12, -0.12, -0.12, -0.13, -0.31, -0.21, -0.24, -0.26, -0.35, -0.43, -0.28, -0.29, -0.3, -0.14, -0.14, -0.14, -0.14, -0.14, -0.14, -0.14, -0.14, -0.13, -0.12, -0.15, -0.31, -0.35, -0.23, -0.25, -0.26, -0.25, -0.18, -0.26, -0.29, -0.15, -0.15, -0.15, -0.15, -0.16, -0.16, -0.16, -0.16, -0.15, -0.14, -0.26, -0.32, -0.36, -0.22, -0.23, -0.3, -0.26, -0.24, -0.27, -0.29, -0.15, -0.16, -0.16, -0.17, -0.17, -0.18, -0.19, -0.2, -0.2, -0.21, -0.32, -0.35, -0.37, -0.36, -0.33, -0.31, -0.29, -0.28, -0.28, -0.29, -0.16, -0.17, -0.17, -0.18, -0.19, -0.2, -0.21, -0.23, -0.26, -0.37, -0.4, -0.32, -0.28, -0.24, -0.34, -0.32, -0.31, -0.3, -0.3, -0.3, -0.17, -0.18, -0.18, -0.19, -0.2, -0.22, -0.23, -0.26, -0.31, -0.44, -0.46, -0.37, -0.31, -0.26, -0.36, -0.34, -0.32, -0.31, -0.31, -0.31, -0.18, -0.18, -0.19, -0.2, -0.21, -0.23, -0.25, -0.28, -0.34, -0.4, -0.43, -0.37, -0.32, -0.28, -0.37, -0.35, -0.33, -0.33, -0.32, -0.32, -0.18, -0.19, -0.2, -0.21, -0.22, -0.23, -0.25, -0.28, -0.33, -0.36, -0.37, -0.34, -0.31, -0.28, -0.37, -0.35, -0.34, -0.33, -0.33, -0.33, -0.19, -0.19, -0.2, -0.21, -0.22, -0.24, -0.25, -0.3, -0.32, -0.33, -0.33, -0.32, -0.3, -0.28, -0.37, -0.36, -0.35, -0.34, -0.34, -0.33]}, {"header": {"refTime": "2023-09-07T07:00:00.000Z", "nx": 21, "ny": 33, "lo1": 113.509, "la1": 22.2235, "lo2": 113.5947, "la2": 22.1034, "dx": 0.0042850000000001385, "dy": 0.003753125000000024, "parameterCategory": 0, "parameterCategoryName": "Temperature", "parameterNumber": 0}, "data": [[27.85, 27.85, 27.84, 27.68, 27.68, 27.89, 27.88, 27.87, 27.87, 27.84, 27.87, 27.91, 28.07, 28.09, 28.05, 28.04, 28.14, 28.13, 28.12, 28.12], [27.85, 27.85, 27.84, 27.83, 27.68, 27.68, 27.86, 27.84, 27.82, 27.82, 27.87, 27.92, 28.1, 28.12, 28.07, 28.16, 28.14, 28.12, 28.11, 28.11], [27.86, 27.85, 27.85, 27.84, 27.68, 27.68, 27.68, 27.81, 27.73, 27.8, 27.89, 27.96, 28.14, 28.15, 28.18, 28.15, 28.13, 28.11, 28.1, 28.1], [27.87, 27.86, 27.85, 27.85, 27.83, 27.68, 27.68, 27.69, 27.69, 27.82, 27.91, 28.03, 28.21, 28.15, 28.19, 28.15, 28.11, 28.09, 28.09, 28.08], [27.87, 27.87, 27.86, 27.86, 27.85, 27.68, 27.69, 27.68, 27.68, 27.84, 27.93, 28.17, 28.3, 28.18, 28.18, 28.13, 28.09, 28.07, 28.06, 28.07], [27.88, 27.88, 27.88, 27.87, 27.86, 27.85, 27.69, 27.69, 27.68, 27.66, 27.97, 28.1, 28.21, 28.3, 28.16, 28.1, 28.05, 28.02, 28.03, 28.05], [27.97, 27.89, 27.89, 27.89, 27.88, 27.87, 27.8, 27.71, 27.7, 27.72, 27.71, 27.98, 28.23, 28.25, 28.14, 28.07, 27.99, 27.96, 27.99, 28.02], [27.97, 27.97, 27.97, 27.97, 27.97, 27.85, 27.82, 27.79, 27.78, 27.7, 27.59, 27.92, 27.92, 28.25, 27.97, 28.0, 27.95, 27.94, 27.96, 27.98], [27.93, 27.93, 27.99, 27.99, 27.99, 27.98, 27.94, 27.81, 27.7, 27.74, 27.73, 27.82, 27.86, 27.8, 27.98, 28.0, 27.98, 27.97, 27.97, 27.98], [28.1, 28.1, 28.1, 27.96, 27.98, 28.03, 28.0, 27.94, 27.63, 27.65, 27.86, 27.76, 27.8, 27.78, 27.98, 28.01, 28.0, 27.99, 27.99, 27.99], [28.1, 28.1, 28.1, 28.1, 28.1, 28.1, 28.1, 28.1, 27.99, 27.7, 27.5, 27.73, 27.76, 27.76, 27.98, 28.02, 28.01, 28.0, 28.0, 28.0], [28.1, 28.1, 28.1, 28.1, 28.1, 28.1, 28.1, 28.1, 28.1, -999.0, 27.5, 28.1, 28.1, 27.74, 27.98, 28.03, 28.02, 27.33, 27.35, 27.35], [28.1, 28.1, 28.1, 28.1, 28.1, 28.1, 28.1, 28.1, 28.1, 28.1, -999.0, 28.1, 28.1, 27.32, 27.66, 27.54, 27.54, 27.42, 27.44, 27.45], [28.1, 28.1, 28.1, 28.1, 28.1, 28.1, 28.1, 28.1, 28.1, 28.1, -999.0, 26.9, 26.9, 26.9, 27.56, 27.45, 27.47, 27.34, 27.37, 27.39], [28.1, 28.1, 28.1, 28.1, 28.1, 28.1, 28.1, 27.9, 27.9, 27.9, 27.9, 27.52, 26.9, 26.9, 26.9, 27.36, 27.39, 27.27, 27.31, 27.34], [28.1, 28.1, 27.97, 27.97, 27.97, 27.9, 27.9, 27.9, 27.9, 27.9, 27.27, 27.34, 27.25, 27.16, 27.26, 27.23, 27.28, 27.19, 27.4, 27.44], [27.97, 27.97, 28.03, 28.03, 27.9, 27.9, 27.9, 27.9, 27.9, 27.9, 27.47, 27.35, 27.22, 27.1, 27.12, 27.07, 27.13, 27.17, 27.21, 27.23], [28.03, 28.03, 28.02, 28.02, 27.9, 27.9, 27.9, 27.9, 27.9, 27.65, 27.51, 27.36, 27.21, 27.13, 26.93, 27.05, 27.13, 27.19, 27.22, 27.24], [28.02, 28.02, 28.02, 27.9, 27.9, 27.9, 27.9, 27.9, 27.81, 27.71, 27.59, 27.47, 27.34, 27.2, 27.04, 27.1, 27.17, 27.22, 27.25, 27.26], [28.02, 28.02, 27.84, 27.85, 27.85, 27.85, 27.86, 27.88, 27.79, 27.71, 27.61, 27.5, 27.4, 27.32, 27.15, 27.19, 27.23, 27.27, 27.28, 27.29], [27.84, 27.84, 27.84, 27.86, 27.86, 27.86, 27.87, 27.87, 27.72, 27.68, 27.61, 27.53, 27.46, 27.22, 27.24, 27.27, 27.3, 27.32, 27.32, 27.31], [27.85, 27.85, 27.85, 27.86, 27.86, 27.86, 27.86, 27.88, 27.69, 27.66, 27.62, 27.57, 27.48, 27.28, 27.31, 27.35, 27.38, 27.38, 27.36, 27.34], [27.85, 27.85, 27.85, 27.89, 27.89, 27.88, 27.88, 27.88, 27.87, 27.87, 27.87, 27.83, 27.59, 27.32, 27.36, 27.42, 27.48, 27.43, 27.38, 27.35], [27.89, 27.89, 27.89, 27.89, 27.89, 27.88, 27.88, 27.87, 27.86, 27.85, 27.86, 27.85, 27.6, 27.57, 27.54, 27.44, 27.62, 27.41, 27.37, 27.35], [27.89, 27.89, 27.89, 27.89, 27.89, 27.88, 27.88, 27.86, 27.84, 27.83, 27.85, 27.85, 27.86, 27.56, 27.53, 27.5, 27.37, 27.28, 27.34, 27.34], [27.89, 27.89, 27.89, 27.89, 27.89, 27.89, 27.88, 27.87, 27.85, 27.83, 27.85, 27.86, 27.87, 27.56, 27.53, 27.52, 27.46, 27.43, 27.34, 27.34], [27.9, 27.9, 27.89, 27.89, 27.89, 27.89, 27.89, 27.88, 27.88, 27.88, 27.88, 27.88, 27.88, 27.64, 27.59, 27.55, 27.51, 27.49, 27.49, 27.51], [27.9, 27.9, 27.9, 27.9, 27.9, 27.9, 27.9, 27.9, 27.91, 27.91, 27.92, 27.81, 27.75, 27.68, 27.62, 27.58, 27.55, 27.53, 27.52, 27.53], [27.9, 27.9, 27.9, 27.9, 27.9, 27.9, 27.91, 27.91, 27.93, 27.95, 27.95, 27.85, 27.77, 27.71, 27.65, 27.61, 27.58, 27.56, 27.55, 27.55], [27.9, 27.9, 27.9, 27.9, 27.9, 27.91, 27.91, 27.92, 27.84, 27.89, 27.92, 27.85, 27.78, 27.72, 27.67, 27.63, 27.6, 27.58, 27.57, 27.57], [27.9, 27.9, 27.9, 27.9, 27.91, 27.91, 27.91, 27.92, 27.82, 27.85, 27.85, 27.82, 27.77, 27.72, 27.68, 27.65, 27.62, 27.6, 27.59, 27.58], [27.9, 27.9, 27.9, 27.91, 27.91, 27.91, 27.92, 27.79, 27.8, 27.81, 27.81, 27.79, 27.76, 27.72, 27.69, 27.66, 27.63, 27.62, 27.6, 27.6]]}]