gis_exercise/awsData/contour/wdir_2023090317.json
[{"header": {"refTime": "2023-09-03T17:00:00.000Z", "nx": 21, "ny": 33, "lo1": 113.509, "la1": 22.2235, "lo2": 113.5947, "la2": 22.1034, "dx": 0.0042850000000001385, "dy": 0.003753125000000024, "parameterCategory": 2, "parameterCategoryName": "Temperature", "parameterNumber": 2}, "data": [-0.92, -0.89, -0.85, -0.51, -0.49, -0.56, -0.52, -0.48, -0.48, -0.57, -0.67, -0.77, -1.03, -1.08, -1.02, -1.05, -1.55, -1.55, -1.55, -1.55, -0.94, -0.91, -0.87, -0.82, -0.49, -0.45, -0.48, -0.39, -0.34, -0.48, -0.66, -0.8, -1.07, -1.13, -1.06, -1.55, -1.55, -1.55, -1.54, -1.54, -0.97, -0.94, -0.9, -0.85, -0.5, -0.46, -0.39, -0.32, -0.07, -0.41, -0.69, -0.87, -1.15, -1.2, -1.56, -1.55, -1.54, -1.54, -1.54, -1.54, -1.0, -0.98, -0.94, -0.9, -0.83, -0.5, -0.44, -0.34, -0.25, -0.53, -0.79, -1.0, -1.28, -1.48, -1.56, -1.55, -1.54, -1.53, -1.53, -1.53, -1.04, -1.02, -1.0, -0.96, -0.91, -0.55, -0.53, -0.5, -0.49, -0.72, -0.91, -1.47, -1.5, -1.49, -1.56, -1.54, -1.52, -1.51, -1.51, -1.52, -1.09, -1.08, -1.07, -1.04, -1.0, -0.94, -0.62, -0.64, -0.66, -0.69, -1.41, -1.47, -1.5, -1.74, -1.56, -1.53, -1.5, -1.49, -1.5, -1.51, -2.23, -1.14, -1.14, -1.14, -1.11, -1.06, -1.24, -0.74, -0.78, -1.13, -1.2, -1.47, -1.81, -1.82, -1.57, -1.53, -1.47, -1.45, -1.55, -1.59, -2.26, -2.24, -2.2, -2.19, -2.14, -1.4, -1.28, -1.09, -0.94, -1.1, -1.11, -1.69, -1.8, -1.9, -1.83, -1.72, -1.58, -1.53, -1.6, -1.66, -2.29, -2.28, -2.26, -2.22, -2.21, -2.16, -2.05, -1.22, -1.44, -1.14, -1.56, -1.79, -1.99, -1.89, -1.87, -1.77, -1.68, -1.64, -1.65, -1.68, -3.16, -3.13, -3.08, -2.29, -2.26, -2.26, -2.27, -2.26, -1.92, -1.83, -1.7, -1.86, -2.03, -1.92, -1.9, -1.82, -1.75, -1.71, -1.7, -1.71, -3.17, -3.14, -3.09, -3.0, -2.8, -2.24, -2.96, -3.34, -2.77, -2.29, -2.44, -1.83, -1.89, -1.87, -1.9, -1.84, -1.79, -1.76, -1.74, -1.74, -3.19, -3.17, -3.13, -3.08, -2.98, -2.94, -3.22, -3.57, -3.71, -3.56, -2.64, -2.65, -2.54, -1.83, -1.89, -1.85, -1.81, -1.83, -1.81, -1.81, -3.22, -3.21, -3.19, -3.19, -3.21, -3.33, -3.52, -3.62, -3.68, -3.58, -3.43, -2.75, -2.64, -2.04, -2.04, -1.91, -1.88, -1.86, -1.84, -1.83, -3.24, -3.24, -3.25, -3.27, -3.34, -3.49, -3.72, -3.6, -3.58, -3.54, -3.46, -2.82, -2.69, -2.61, -2.02, -1.92, -1.9, -1.88, -1.86, -1.85, -3.27, -3.28, -3.29, -3.33, -3.39, -3.48, -3.55, -3.44, -3.36, -3.29, -3.23, -2.57, -2.63, -2.54, -2.48, -1.92, -1.91, -1.89, -1.88, -1.87, -3.29, -3.3, -2.69, -2.73, -2.78, -3.27, -3.25, -3.19, -3.12, -3.08, -2.5, -2.44, -2.37, -1.96, -1.97, -2.18, -2.22, -2.25, -2.06, -2.06, -2.62, -2.63, -2.64, -2.66, -3.11, -3.07, -2.98, -2.87, -2.8, -2.81, -2.34, -2.33, -2.27, -2.18, -2.03, -1.9, -1.87, -1.85, -1.83, -1.82, -2.59, -2.59, -2.59, -2.58, -2.98, -2.88, -2.72, -2.49, -2.38, -2.15, -2.2, -2.24, -2.21, -2.02, -1.98, -1.91, -1.88, -1.85, -1.83, -1.81, -2.57, -2.56, -2.55, -2.96, -2.88, -2.74, -2.52, -2.17, -1.77, -2.01, -2.09, -2.14, -2.04, -2.04, -1.92, -1.89, -1.87, -1.84, -1.82, -1.81, -2.54, -2.53, -2.86, -2.81, -2.74, -2.62, -2.45, -2.2, -1.88, -2.03, -2.14, -2.2, -2.06, -2.09, -1.88, -1.87, -1.85, -1.83, -1.81, -1.79, -2.91, -2.89, -2.86, -2.81, -2.75, -2.67, -2.56, -2.44, -2.13, -2.2, -2.26, -2.29, -2.1, -1.86, -1.86, -1.86, -1.85, -1.83, -1.8, -1.78, -2.91, -2.89, -2.87, -2.83, -2.79, -2.74, -2.69, -2.19, -2.37, -2.4, -2.42, -2.41, -2.74, -1.84, -1.85, -1.87, -1.88, -1.84, -1.78, -1.75, -2.92, -2.9, -2.89, -2.18, -2.21, -2.24, -2.29, -2.36, -2.43, -2.46, -2.43, -2.78, -2.4, -1.82, -1.84, -1.9, -1.99, -1.86, -1.74, -1.72, -2.15, -2.16, -2.18, -2.21, -2.24, -2.3, -2.38, -2.5, -2.66, -2.73, -2.61, -2.73, -2.43, -2.25, -2.11, -1.88, -2.31, -1.67, -1.63, -1.66, -2.15, -2.17, -2.19, -2.22, -2.26, -2.32, -2.42, -2.6, -2.9, -3.15, -2.77, -2.71, -2.61, -2.25, -2.08, -1.92, -1.52, -1.23, -1.52, -1.62, -2.15, -2.17, -2.19, -2.21, -2.25, -2.31, -2.4, -2.56, -2.84, -3.07, -2.82, -2.6, -2.52, -2.26, -2.08, -1.54, -1.46, -1.4, -1.55, -1.61, -2.15, -2.16, -2.18, -2.2, -2.23, -2.27, -2.32, -2.4, -2.49, -2.48, -2.46, -2.37, -2.37, -1.46, -1.5, -1.5, -1.48, -1.46, -1.47, -1.49, -2.14, -2.15, -2.16, -2.17, -2.19, -2.2, -2.21, -2.21, -2.14, -2.1, -1.97, -1.72, -1.71, -1.64, -1.46, -1.48, -1.48, -1.47, -1.48, -1.49, -2.13, -2.13, -2.14, -2.14, -2.15, -2.14, -2.11, -2.05, -1.9, -1.69, -1.28, -1.52, -1.61, -1.6, -1.43, -1.45, -1.47, -1.47, -1.48, -1.48, -2.12, -2.12, -2.12, -2.12, -2.11, -2.09, -2.04, -1.96, -1.68, -1.48, -1.35, -1.49, -1.57, -1.59, -1.41, -1.44, -1.46, -1.47, -1.47, -1.48, -2.11, -2.11, -2.1, -2.09, -2.08, -2.05, -2.0, -1.93, -1.67, -1.56, -1.51, -1.54, -1.57, -1.58, -1.4, -1.43, -1.45, -1.46, -1.47, -1.47, -2.1, -2.09, -2.09, -2.07, -2.06, -2.03, -1.99, -1.74, -1.68, -1.62, -1.59, -1.58, -1.59, -1.59, -1.4, -1.42, -1.44, -1.45, -1.46, -1.47]}, {"header": {"refTime": "2023-09-03T17:00:00.000Z", "nx": 21, "ny": 33, "lo1": 113.509, "la1": 22.2235, "lo2": 113.5947, "la2": 22.1034, "dx": 0.0042850000000001385, "dy": 0.003753125000000024, "parameterCategory": 2, "parameterCategoryName": "Temperature", "parameterNumber": 3}, "data": [0.66, 0.66, 0.65, 0.63, 0.63, 0.82, 0.81, 0.8, 0.8, 0.82, 0.87, 0.91, 1.28, 1.32, 1.51, 1.57, 1.99, 2.01, 2.03, 2.04, 0.66, 0.66, 0.65, 0.65, 0.63, 0.62, 0.79, 0.76, 0.75, 0.79, 0.87, 0.93, 1.3, 1.34, 1.53, 1.96, 2.0, 2.03, 2.05, 2.06, 0.66, 0.66, 0.66, 0.65, 0.63, 0.63, 0.62, 0.73, 0.63, 0.76, 0.88, 0.98, 1.34, 1.38, 1.9, 1.97, 2.02, 2.05, 2.08, 2.09, 0.66, 0.66, 0.66, 0.66, 0.65, 0.63, 0.62, 0.62, 0.61, 0.8, 0.92, 1.05, 1.4, 1.42, 1.89, 1.98, 2.05, 2.1, 2.11, 2.12, 0.66, 0.66, 0.66, 0.66, 0.66, 0.63, 0.63, 0.63, 0.63, 0.85, 0.96, 1.4, 1.44, 1.43, 1.9, 2.02, 2.11, 2.16, 2.17, 2.15, 0.67, 0.67, 0.67, 0.66, 0.66, 0.66, 0.64, 0.64, 0.64, 0.63, 1.29, 1.39, 1.44, 1.76, 1.94, 2.08, 2.2, 2.26, 2.23, 2.19, 1.38, 0.67, 0.67, 0.67, 0.67, 0.67, 0.67, 0.65, 0.65, 0.91, 0.98, 1.4, 1.88, 1.88, 2.0, 2.14, 2.33, 2.4, 2.33, 2.27, 1.39, 1.36, 1.32, 1.28, 1.25, 0.68, 0.67, 0.67, 0.75, 0.86, 0.79, 1.7, 1.86, 1.97, 2.26, 2.34, 2.43, 2.46, 2.41, 2.38, 1.41, 1.38, 1.34, 1.29, 1.23, 1.22, 1.23, 0.67, 1.07, 0.94, 1.43, 1.77, 2.0, 1.89, 2.26, 2.31, 2.37, 2.39, 2.38, 2.36, 2.08, 2.04, 1.96, 1.3, 1.19, 1.13, 1.28, 1.44, 1.45, 1.37, 1.62, 1.83, 2.02, 1.91, 2.26, 2.29, 2.33, 2.35, 2.35, 2.35, 2.1, 2.06, 1.98, 1.85, 1.58, 0.78, 1.79, 2.31, 1.93, 1.74, 2.04, 1.78, 1.86, 1.85, 2.26, 2.28, 2.31, 2.32, 2.33, 2.33, 2.13, 2.1, 2.05, 1.97, 1.84, 1.77, 2.17, 2.62, 2.79, 2.91, 2.18, 2.44, 2.39, 1.79, 2.26, 2.28, 2.29, 2.45, 2.45, 2.45, 2.17, 2.15, 2.13, 2.13, 2.16, 2.34, 2.61, 2.71, 2.77, 2.64, 2.85, 2.49, 2.44, 2.26, 2.27, 2.43, 2.44, 2.45, 2.45, 2.45, 2.2, 2.2, 2.22, 2.25, 2.35, 2.57, 2.94, 2.71, 2.66, 2.6, 2.87, 2.65, 2.61, 2.58, 2.3, 2.44, 2.45, 2.45, 2.45, 2.45, 2.24, 2.25, 2.28, 2.33, 2.42, 2.55, 2.66, 3.02, 3.0, 2.99, 2.98, 2.78, 2.61, 2.59, 2.57, 2.46, 2.46, 2.46, 2.46, 2.46, 2.27, 2.28, 2.22, 2.27, 2.34, 2.99, 2.99, 2.98, 2.97, 2.96, 2.78, 2.75, 2.71, 2.52, 2.51, 2.6, 2.62, 2.64, 2.72, 2.74, 2.2, 2.23, 2.26, 2.3, 2.97, 2.96, 2.95, 2.93, 2.92, 2.92, 2.76, 2.73, 2.69, 2.63, 2.63, 2.58, 2.6, 2.61, 2.62, 2.63, 2.23, 2.25, 2.29, 2.33, 2.95, 2.93, 2.91, 2.87, 2.85, 2.77, 2.75, 2.71, 2.67, 2.63, 2.54, 2.57, 2.6, 2.62, 2.63, 2.64, 2.25, 2.28, 2.31, 2.94, 2.93, 2.91, 2.88, 2.82, 2.75, 2.76, 2.49, 2.45, 2.71, 2.67, 2.57, 2.59, 2.62, 2.63, 2.64, 2.64, 2.27, 2.29, 2.57, 2.58, 2.58, 2.59, 2.61, 2.64, 2.61, 2.52, 2.46, 2.42, 2.75, 2.73, 2.61, 2.63, 2.64, 2.65, 2.65, 2.65, 2.54, 2.54, 2.54, 2.54, 2.53, 2.53, 2.54, 2.55, 2.47, 2.43, 2.39, 2.37, 2.79, 2.64, 2.65, 2.67, 2.68, 2.68, 2.67, 2.66, 2.52, 2.51, 2.5, 2.49, 2.48, 2.47, 2.46, 2.03, 2.33, 2.31, 2.3, 2.31, 2.49, 2.66, 2.68, 2.71, 2.72, 2.71, 2.68, 2.66, 2.49, 2.48, 2.47, 1.85, 1.87, 1.88, 1.89, 1.88, 1.86, 1.84, 1.81, 2.42, 2.35, 2.68, 2.7, 2.75, 2.81, 2.74, 2.68, 2.66, 1.79, 1.79, 1.79, 1.8, 1.8, 1.8, 1.79, 1.77, 1.75, 1.73, 1.72, 1.84, 2.32, 2.44, 2.55, 2.75, 2.99, 2.67, 2.63, 2.64, 1.76, 1.75, 1.75, 1.75, 1.74, 1.73, 1.71, 1.69, 1.69, 1.69, 1.65, 1.77, 1.89, 2.41, 2.51, 2.59, 2.6, 2.46, 2.59, 2.62, 1.73, 1.72, 1.71, 1.7, 1.68, 1.66, 1.64, 1.63, 1.63, 1.65, 1.64, 1.68, 1.8, 2.39, 2.47, 2.37, 2.41, 2.4, 2.59, 2.61, 1.7, 1.69, 1.68, 1.66, 1.63, 1.61, 1.58, 1.54, 1.52, 1.48, 1.51, 1.56, 1.68, 1.98, 2.14, 2.25, 2.32, 2.34, 2.34, 2.33, 1.68, 1.66, 1.64, 1.62, 1.59, 1.56, 1.51, 1.45, 1.37, 1.31, 1.26, 1.21, 1.32, 1.42, 2.03, 2.15, 2.22, 2.26, 2.28, 2.28, 1.65, 1.64, 1.62, 1.59, 1.56, 1.51, 1.46, 1.38, 1.25, 1.09, 0.85, 1.08, 1.25, 1.36, 1.93, 2.06, 2.14, 2.19, 2.22, 2.23, 1.63, 1.62, 1.59, 1.56, 1.53, 1.48, 1.42, 1.34, 1.15, 1.01, 0.92, 1.07, 1.22, 1.33, 1.86, 1.98, 2.07, 2.13, 2.16, 2.18, 1.62, 1.6, 1.58, 1.55, 1.51, 1.47, 1.41, 1.34, 1.17, 1.11, 1.08, 1.14, 1.24, 1.32, 1.83, 1.93, 2.02, 2.07, 2.11, 2.14, 1.61, 1.59, 1.56, 1.54, 1.5, 1.46, 1.41, 1.26, 1.22, 1.18, 1.18, 1.21, 1.27, 1.33, 1.81, 1.9, 1.98, 2.03, 2.07, 2.1]}, {"header": {"refTime": "2023-09-03T17:00:00.000Z", "nx": 21, "ny": 33, "lo1": 113.509, "la1": 22.2235, "lo2": 113.5947, "la2": 22.1034, "dx": 0.0042850000000001385, "dy": 0.003753125000000024, "parameterCategory": 0, "parameterCategoryName": "Temperature", "parameterNumber": 0}, "data": [[30.35, 30.36, 30.36, 30.09, 30.11, 30.35, 30.37, 30.39, 30.4, 30.25, 30.2, 30.16, 30.47, 30.46, 30.15, 30.12, 30.12, 30.11, 30.09, 30.09], [30.35, 30.35, 30.36, 30.37, 30.11, 30.15, 30.39, 30.43, 30.45, 30.3, 30.22, 30.16, 30.45, 30.44, 30.14, 30.13, 30.11, 30.09, 30.08, 30.07], [30.34, 30.35, 30.35, 30.36, 30.1, 30.14, 30.21, 30.45, 30.56, 30.34, 30.21, 30.14, 30.42, 30.42, 30.16, 30.12, 30.09, 30.07, 30.05, 30.05], [30.34, 30.34, 30.34, 30.35, 30.36, 30.11, 30.16, 30.25, 30.34, 30.26, 30.15, 30.12, 30.37, 30.14, 30.16, 30.11, 30.06, 30.03, 30.02, 30.02], [30.34, 30.34, 30.34, 30.34, 30.34, 30.06, 30.09, 30.11, 30.11, 30.11, 30.06, 30.12, 30.17, 30.15, 30.16, 30.09, 30.01, 29.98, 29.97, 29.99], [30.33, 30.33, 30.33, 30.32, 30.32, 30.31, 30.01, 30.0, 29.96, 29.89, 29.99, 30.1, 30.17, 30.37, 30.16, 30.05, 29.93, 29.89, 29.91, 29.96], [30.22, 30.33, 30.32, 30.32, 30.3, 30.28, 29.92, 29.95, 29.9, 29.81, 29.79, 30.1, 30.48, 30.46, 30.16, 30.01, 29.82, 29.74, 29.71, 29.75], [30.23, 30.23, 30.23, 30.23, 30.22, 29.99, 29.96, 29.93, 29.96, 29.76, 29.52, 30.27, 30.28, 30.45, 30.01, 30.13, 29.89, 29.8, 29.94, 30.03], [30.17, 30.18, 30.25, 30.25, 30.26, 30.24, 30.19, 29.94, 29.78, 29.85, 29.84, 30.04, 30.14, 30.01, 30.04, 30.17, 30.03, 29.97, 30.01, 30.06], [30.4, 30.4, 30.4, 30.21, 30.24, 30.31, 30.26, 30.19, 29.6, 29.64, 30.15, 29.92, 29.99, 29.96, 30.04, 30.22, 30.13, 30.08, 30.08, 30.1], [30.4, 30.4, 30.4, 30.4, 30.4, 30.4, 30.4, 30.4, 30.26, 29.76, 29.3, 29.83, 29.9, 29.9, 30.03, 30.26, 30.19, 30.15, 30.14, 30.15], [30.4, 30.4, 30.4, 30.4, 30.4, 30.4, 30.4, 30.4, 30.4, -999.0, 29.3, 30.7, 30.7, 29.86, 30.02, 30.29, 30.25, 29.26, 29.27, 29.27], [30.4, 30.4, 30.4, 30.4, 30.4, 30.4, 30.4, 30.4, 30.4, 30.4, -999.0, 30.7, 30.7, 29.59, 30.08, 29.38, 29.39, 29.31, 29.32, 29.33], [30.4, 30.4, 30.4, 30.4, 30.4, 30.4, 30.4, 30.4, 30.4, 30.4, -999.0, 29.0, 29.0, 29.0, 29.93, 29.33, 29.34, 29.27, 29.28, 29.29], [30.4, 30.4, 30.4, 30.4, 30.4, 30.4, 30.4, 30.5, 30.5, 30.5, 30.5, 29.92, 29.0, 29.0, 29.0, 29.27, 29.29, 29.22, 29.24, 29.26], [30.4, 30.4, 30.46, 30.46, 30.47, 30.5, 30.5, 30.5, 30.5, 30.5, 29.56, 29.66, 29.52, 29.4, 29.53, 28.96, 28.96, 28.97, 29.13, 29.14], [30.46, 30.46, 30.44, 30.44, 30.5, 30.5, 30.5, 30.5, 30.5, 30.5, 29.85, 29.67, 29.47, 29.29, 29.17, 29.1, 29.13, 29.16, 29.18, 29.2], [30.44, 30.44, 30.44, 30.44, 30.5, 30.5, 30.5, 30.5, 30.5, 30.12, 29.92, 29.69, 29.46, 29.19, 29.02, 29.09, 29.13, 29.17, 29.19, 29.2], [30.44, 30.44, 30.44, 30.5, 30.5, 30.5, 30.5, 30.5, 30.37, 30.21, 29.94, 29.75, 29.39, 29.24, 29.08, 29.11, 29.15, 29.18, 29.2, 29.22], [30.44, 30.44, 30.1, 30.12, 30.15, 30.18, 30.24, 30.38, 30.28, 30.12, 29.94, 29.78, 29.43, 29.3, 29.14, 29.16, 29.18, 29.2, 29.22, 29.23], [30.07, 30.08, 30.1, 30.21, 30.23, 30.25, 30.27, 30.3, 30.1, 30.02, 29.91, 29.79, 29.44, 29.18, 29.18, 29.19, 29.21, 29.23, 29.24, 29.25], [30.17, 30.18, 30.18, 30.19, 30.19, 30.2, 30.2, 30.29, 29.99, 29.94, 29.88, 29.8, 29.23, 29.2, 29.21, 29.22, 29.22, 29.24, 29.26, 29.27], [30.16, 30.16, 30.16, 30.3, 30.29, 30.27, 30.26, 30.23, 30.2, 30.19, 30.2, 29.77, 29.5, 29.23, 29.23, 29.22, 29.2, 29.25, 29.29, 29.29], [30.31, 30.3, 30.3, 30.29, 30.27, 30.25, 30.22, 30.18, 30.12, 30.09, 30.13, 29.8, 29.51, 29.46, 29.4, 29.24, 29.09, 29.34, 29.35, 29.32], [30.31, 30.3, 30.29, 30.28, 30.27, 30.24, 30.2, 30.14, 30.03, 29.93, 30.08, 29.85, 29.78, 29.47, 29.42, 29.39, 29.4, 29.52, 29.39, 29.34], [30.31, 30.3, 30.29, 30.28, 30.27, 30.25, 30.21, 30.15, 30.05, 29.96, 29.92, 29.92, 29.85, 29.49, 29.45, 29.57, 29.55, 29.56, 29.38, 29.34], [30.31, 30.3, 30.3, 30.29, 30.28, 30.26, 30.24, 30.21, 30.18, 30.18, 30.04, 30.02, 29.94, 29.83, 29.73, 29.65, 29.61, 29.6, 29.6, 29.6], [30.31, 30.31, 30.3, 30.3, 30.29, 30.29, 30.28, 30.29, 30.31, 30.21, 30.25, 30.3, 30.23, 30.17, 29.8, 29.72, 29.67, 29.65, 29.64, 29.64], [30.32, 30.31, 30.31, 30.31, 30.31, 30.31, 30.32, 30.34, 30.4, 30.39, 30.59, 30.41, 30.29, 30.21, 29.87, 29.78, 29.73, 29.69, 29.68, 29.67], [30.32, 30.32, 30.32, 30.32, 30.32, 30.33, 30.35, 30.38, 30.35, 30.46, 30.53, 30.42, 30.31, 30.24, 29.91, 29.83, 29.78, 29.74, 29.71, 29.7], [30.32, 30.32, 30.33, 30.33, 30.33, 30.34, 30.36, 30.39, 30.33, 30.39, 30.41, 30.37, 30.3, 30.24, 29.94, 29.87, 29.81, 29.77, 29.75, 29.73], [30.33, 30.33, 30.33, 30.33, 30.34, 30.35, 30.37, 30.27, 30.3, 30.33, 30.34, 30.32, 30.28, 30.24, 29.95, 29.89, 29.84, 29.8, 29.77, 29.75]]}]