gis_exercise/awsData/contour/wdir_2023091012.json
[{"header": {"refTime": "2023-09-10T12:00:00.000Z", "nx": 21, "ny": 33, "lo1": 113.509, "la1": 22.2235, "lo2": 113.5947, "la2": 22.1034, "dx": 0.0042850000000001385, "dy": 0.003753125000000024, "parameterCategory": 2, "parameterCategoryName": "Temperature", "parameterNumber": 2}, "data": [-0.86, -0.88, -0.9, -1.29, -1.28, -1.61, -1.58, -1.55, -1.55, -1.44, -1.5, -1.57, -2.19, -2.25, -2.9, -3.04, -3.74, -3.81, -3.86, -3.89, -0.85, -0.87, -0.89, -0.92, -1.28, -1.27, -1.55, -1.48, -1.44, -1.4, -1.5, -1.6, -2.23, -2.29, -2.94, -3.66, -3.77, -3.86, -3.92, -3.95, -0.83, -0.85, -0.88, -0.91, -1.29, -1.28, -1.26, -1.42, -1.22, -1.36, -1.53, -1.67, -2.29, -2.34, -3.51, -3.68, -3.83, -3.93, -4.0, -4.02, -0.81, -0.83, -0.86, -0.89, -0.94, -1.29, -1.28, -1.24, -1.21, -1.41, -1.58, -1.79, -2.37, -2.36, -3.49, -3.73, -3.93, -4.06, -4.11, -4.11, -0.78, -0.8, -0.82, -0.86, -0.91, -1.32, -1.31, -1.3, -1.28, -1.46, -1.62, -2.33, -2.41, -2.38, -3.5, -3.83, -4.1, -4.24, -4.26, -4.22, -0.75, -0.76, -0.78, -0.81, -0.87, -0.95, -1.36, -1.37, -1.34, -1.29, -2.12, -2.3, -2.4, -3.19, -3.6, -4.0, -4.38, -4.54, -4.46, -4.34, -1.23, -0.71, -0.72, -0.74, -0.79, -0.89, -1.01, -1.47, -1.45, -1.71, -1.72, -2.31, -3.42, -3.47, -3.72, -4.18, -4.76, -4.98, -4.89, -4.75, -1.21, -1.17, -1.13, -1.73, -1.71, -0.74, -0.95, -1.3, -1.78, -1.62, -1.3, -3.05, -3.38, -3.74, -4.58, -4.81, -5.09, -5.19, -5.04, -4.94, -1.2, -1.15, -1.08, -1.0, -1.51, -1.55, -1.78, -1.06, -2.21, -1.76, -2.67, -3.41, -4.08, -3.76, -4.6, -4.75, -4.91, -4.99, -4.95, -4.9, -2.22, -2.12, -1.98, -0.91, -0.69, -1.03, -1.59, -2.21, -2.79, -2.59, -3.12, -3.67, -4.25, -3.86, -4.62, -4.71, -4.8, -4.86, -4.87, -4.85, -2.24, -2.14, -2.0, -1.75, -1.23, 0.33, -1.75, -2.99, -3.2, -3.24, -3.98, -3.54, -3.75, -3.7, -4.63, -4.68, -4.74, -4.79, -4.8, -4.8, -2.28, -2.2, -2.09, -1.93, -1.67, -1.56, -2.43, -3.81, -4.44, -4.84, -4.2, -4.72, -4.67, -3.55, -4.62, -4.66, -4.7, -4.5, -4.5, -4.49, -2.33, -2.29, -2.24, -2.19, -2.21, -2.44, -2.9, -3.7, -4.19, -3.73, -4.71, -4.76, -4.7, -3.79, -3.73, -4.29, -4.31, -4.33, -4.35, -4.36, -2.4, -2.38, -2.37, -2.4, -2.51, -2.74, -2.96, -3.25, -3.53, -3.49, -4.62, -4.48, -4.32, -4.19, -3.55, -4.06, -4.1, -4.15, -4.2, -4.23, -2.46, -2.46, -2.48, -2.53, -2.64, -2.79, -2.95, -3.45, -3.56, -3.56, -3.52, -3.25, -4.1, -3.93, -3.83, -3.8, -3.87, -3.96, -4.04, -4.11, -2.51, -2.53, -1.43, -1.5, -1.61, -3.22, -3.21, -3.21, -3.22, -3.24, -3.1, -3.03, -2.95, -2.78, -2.78, -3.3, -3.41, -3.51, -3.71, -3.79, -1.37, -1.4, -1.45, -1.5, -3.12, -3.05, -2.97, -2.87, -2.83, -2.89, -2.83, -2.84, -2.8, -2.71, -2.54, -2.75, -2.85, -2.93, -2.98, -3.02, -1.39, -1.42, -1.45, -1.49, -2.99, -2.87, -2.69, -2.45, -2.33, -1.95, -2.08, -2.7, -2.7, -2.52, -2.49, -2.72, -2.86, -2.95, -3.01, -3.04, -1.4, -1.42, -1.45, -2.99, -2.89, -2.73, -2.48, -2.06, -1.56, -1.83, -2.16, -2.3, -2.5, -2.56, -2.7, -2.81, -2.93, -3.01, -3.05, -3.08, -1.4, -1.42, -2.56, -2.51, -2.45, -2.35, -2.19, -1.96, -1.78, -2.01, -2.22, -2.35, -2.55, -2.64, -2.9, -2.96, -3.03, -3.09, -3.11, -3.12, -2.62, -2.6, -2.58, -2.54, -2.49, -2.42, -2.33, -2.23, -2.13, -2.23, -2.35, -2.43, -2.62, -3.01, -3.05, -3.1, -3.16, -3.18, -3.18, -3.16, -2.64, -2.63, -2.61, -2.59, -2.57, -2.53, -2.5, -2.07, -2.43, -2.49, -2.54, -2.56, -3.43, -3.11, -3.17, -3.24, -3.29, -3.28, -3.24, -3.2, -2.66, -2.66, -2.65, -2.04, -2.07, -2.11, -2.18, -2.26, -2.35, -2.39, -2.35, -3.17, -3.53, -3.17, -3.25, -3.36, -3.48, -3.39, -3.27, -3.21, -1.99, -2.01, -2.03, -2.06, -2.11, -2.18, -2.28, -2.44, -2.64, -2.72, -2.57, -3.04, -3.53, -3.51, -3.5, -3.4, -3.8, -3.31, -3.23, -3.21, -1.99, -2.01, -2.03, -2.07, -2.12, -2.2, -2.33, -2.55, -2.93, -3.25, -2.76, -2.97, -2.96, -3.5, -3.47, -3.44, -3.2, -3.0, -3.16, -3.19, -1.99, -2.0, -2.03, -2.06, -2.11, -2.18, -2.3, -2.5, -2.86, -3.15, -2.98, -2.79, -2.79, -3.49, -3.45, -2.92, -2.97, -2.96, -3.16, -3.17, -1.98, -1.99, -2.01, -2.04, -2.07, -2.12, -2.19, -2.29, -2.4, -2.38, -2.51, -2.46, -2.56, -2.36, -2.59, -2.76, -2.84, -2.87, -2.87, -2.86, -1.97, -1.98, -1.99, -2.0, -2.02, -2.04, -2.05, -2.03, -1.95, -2.01, -1.84, -1.78, -1.94, -2.07, -2.43, -2.6, -2.71, -2.77, -2.79, -2.79, -1.95, -1.96, -1.96, -1.97, -1.96, -1.95, -1.92, -1.83, -1.63, -1.43, -0.9, -1.44, -1.76, -1.95, -2.29, -2.47, -2.59, -2.66, -2.7, -2.72, -1.94, -1.94, -1.93, -1.93, -1.91, -1.88, -1.82, -1.71, -1.64, -1.29, -1.07, -1.4, -1.69, -1.89, -2.2, -2.37, -2.49, -2.57, -2.62, -2.65, -1.92, -1.92, -1.91, -1.9, -1.87, -1.84, -1.77, -1.67, -1.68, -1.5, -1.43, -1.55, -1.72, -1.87, -2.14, -2.3, -2.41, -2.5, -2.55, -2.59, -1.91, -1.9, -1.89, -1.87, -1.85, -1.81, -1.75, -1.86, -1.75, -1.66, -1.63, -1.69, -1.78, -1.89, -2.12, -2.25, -2.36, -2.44, -2.5, -2.54]}, {"header": {"refTime": "2023-09-10T12:00:00.000Z", "nx": 21, "ny": 33, "lo1": 113.509, "la1": 22.2235, "lo2": 113.5947, "la2": 22.1034, "dx": 0.0042850000000001385, "dy": 0.003753125000000024, "parameterCategory": 2, "parameterCategoryName": "Temperature", "parameterNumber": 3}, "data": [0.88, 0.85, 0.8, 0.49, 0.45, 0.6, 0.53, 0.46, 0.45, 0.49, 0.63, 0.77, 1.59, 1.7, 2.13, 2.29, 3.58, 3.65, 3.7, 3.74, 0.91, 0.87, 0.83, 0.76, 0.46, 0.39, 0.47, 0.32, 0.23, 0.36, 0.62, 0.82, 1.65, 1.76, 2.19, 3.49, 3.61, 3.69, 3.75, 3.79, 0.94, 0.91, 0.86, 0.81, 0.48, 0.41, 0.29, 0.21, -0.21, 0.26, 0.66, 0.93, 1.75, 1.85, 3.33, 3.51, 3.66, 3.76, 3.83, 3.85, 0.98, 0.95, 0.92, 0.87, 0.79, 0.47, 0.38, 0.22, 0.07, 0.43, 0.8, 1.12, 1.88, 2.21, 3.29, 3.55, 3.75, 3.87, 3.93, 3.94, 1.02, 1.01, 0.98, 0.94, 0.89, 0.57, 0.53, 0.48, 0.45, 0.7, 0.97, 2.14, 2.03, 2.2, 3.32, 3.65, 3.91, 4.04, 4.07, 4.04, 1.07, 1.07, 1.06, 1.04, 1.01, 0.96, 0.69, 0.72, 0.73, 0.74, 2.13, 2.22, 2.19, 2.89, 3.45, 3.83, 4.16, 4.31, 4.24, 4.14, 1.63, 1.13, 1.14, 1.14, 1.13, 1.11, 1.41, 0.92, 0.96, 1.7, 1.83, 2.45, 3.31, 3.27, 3.63, 4.01, 4.5, 4.69, 4.41, 4.23, 1.64, 1.65, 1.66, 2.19, 2.15, 1.52, 1.45, 1.35, 1.42, 1.6, 1.39, 3.26, 3.58, 3.55, 4.36, 4.54, 4.77, 4.86, 4.73, 4.65, 1.65, 1.66, 1.68, 1.69, 2.18, 2.15, 2.09, 1.41, 1.62, 1.75, 2.65, 3.33, 3.71, 3.53, 4.32, 4.47, 4.62, 4.68, 4.66, 4.61, 2.28, 2.27, 2.26, 1.72, 1.77, 2.18, 2.23, 2.26, 1.98, 1.88, 3.0, 3.39, 3.71, 3.53, 4.31, 4.42, 4.52, 4.57, 4.58, 4.57, 2.27, 2.26, 2.25, 2.23, 2.19, 2.06, 2.32, 2.6, 2.66, 2.25, 3.01, 3.3, 3.43, 3.42, 4.31, 4.38, 4.45, 4.5, 4.52, 4.52, 2.27, 2.25, 2.24, 2.21, 2.19, 2.19, 2.34, 2.83, 3.1, 3.2, 3.1, 3.91, 3.94, 3.33, 4.31, 4.37, 4.42, 3.59, 3.6, 3.59, 2.26, 2.25, 2.23, 2.2, 2.16, 2.1, 2.08, 2.61, 2.93, 2.73, 3.16, 3.88, 3.91, 3.09, 3.01, 3.27, 3.3, 3.35, 3.38, 3.41, 2.26, 2.24, 2.22, 2.19, 2.13, 2.0, 1.66, 2.23, 2.54, 2.58, 3.07, 2.94, 2.81, 2.69, 2.72, 2.96, 3.02, 3.09, 3.17, 3.22, 2.26, 2.24, 2.22, 2.19, 2.15, 2.08, 2.05, 2.21, 2.38, 2.44, 2.45, 2.15, 2.55, 2.39, 2.29, 2.6, 2.71, 2.84, 2.96, 3.05, 2.26, 2.25, 1.81, 1.79, 1.77, 2.16, 2.17, 2.23, 2.3, 2.35, 2.16, 2.0, 1.81, 1.73, 1.65, 2.19, 2.39, 2.58, 3.0, 3.16, 1.83, 1.82, 1.82, 1.81, 2.21, 2.19, 2.2, 2.21, 2.24, 2.28, 2.05, 1.89, 1.66, 1.39, 1.4, 1.87, 2.25, 2.55, 2.76, 2.9, 1.83, 1.83, 1.83, 1.83, 2.22, 2.2, 2.19, 2.17, 2.17, 1.67, 1.54, 1.82, 1.57, 1.4, 0.89, 1.75, 2.29, 2.63, 2.86, 3.0, 1.84, 1.84, 1.84, 2.23, 2.22, 2.2, 2.18, 2.13, 1.96, 1.75, 1.59, 1.43, 1.87, 1.62, 1.68, 2.07, 2.52, 2.82, 3.01, 3.13, 1.84, 1.84, 1.7, 1.72, 1.74, 1.77, 1.82, 1.89, 1.87, 1.74, 1.59, 1.46, 2.07, 1.99, 2.38, 2.6, 2.89, 3.1, 3.23, 3.29, 1.69, 1.69, 1.7, 1.71, 1.73, 1.76, 1.79, 1.82, 1.73, 1.66, 1.57, 1.47, 2.29, 2.82, 2.92, 3.11, 3.3, 3.42, 3.46, 3.47, 1.69, 1.69, 1.7, 1.71, 1.72, 1.73, 1.75, 1.76, 1.63, 1.6, 1.54, 1.48, 2.32, 3.17, 3.33, 3.54, 3.71, 3.75, 3.7, 3.63, 1.68, 1.69, 1.69, 1.71, 1.71, 1.71, 1.71, 1.7, 1.68, 1.67, 1.67, 2.54, 3.33, 3.42, 3.62, 3.88, 4.11, 4.05, 3.89, 3.76, 1.69, 1.69, 1.69, 1.69, 1.69, 1.68, 1.67, 1.65, 1.62, 1.6, 1.61, 2.32, 3.26, 3.59, 3.88, 4.05, 4.52, 4.18, 3.98, 3.84, 1.69, 1.68, 1.68, 1.67, 1.67, 1.65, 1.64, 1.61, 1.57, 1.54, 1.58, 2.21, 2.51, 3.54, 3.83, 4.06, 4.11, 4.04, 3.97, 3.86, 1.68, 1.67, 1.67, 1.66, 1.65, 1.64, 1.62, 1.59, 1.56, 1.53, 1.9, 2.14, 2.41, 3.49, 3.75, 3.93, 4.02, 4.03, 3.92, 3.84, 1.67, 1.66, 1.66, 1.65, 1.64, 1.63, 1.61, 1.59, 1.57, 1.56, 1.93, 2.08, 2.31, 3.35, 3.59, 3.77, 3.88, 3.92, 3.91, 3.89, 1.66, 1.66, 1.65, 1.64, 1.63, 1.62, 1.6, 1.59, 1.57, 1.84, 1.85, 1.86, 2.03, 2.21, 3.43, 3.61, 3.73, 3.79, 3.82, 3.81, 1.66, 1.65, 1.64, 1.64, 1.63, 1.61, 1.6, 1.58, 1.56, 1.75, 1.6, 1.79, 1.97, 2.15, 3.29, 3.48, 3.6, 3.68, 3.72, 3.74, 1.65, 1.65, 1.64, 1.63, 1.62, 1.61, 1.6, 1.58, 1.79, 1.71, 1.66, 1.8, 1.96, 2.12, 3.19, 3.37, 3.5, 3.58, 3.63, 3.66, 1.65, 1.64, 1.64, 1.63, 1.62, 1.61, 1.6, 1.59, 1.84, 1.8, 1.8, 1.87, 1.98, 2.11, 3.13, 3.3, 3.42, 3.5, 3.56, 3.6, 1.65, 1.64, 1.64, 1.63, 1.62, 1.61, 1.6, 1.91, 1.89, 1.88, 1.89, 1.94, 2.02, 2.11, 3.11, 3.25, 3.36, 3.44, 3.5, 3.54]}, {"header": {"refTime": "2023-09-10T12:00:00.000Z", "nx": 21, "ny": 33, "lo1": 113.509, "la1": 22.2235, "lo2": 113.5947, "la2": 22.1034, "dx": 0.0042850000000001385, "dy": 0.003753125000000024, "parameterCategory": 0, "parameterCategoryName": "Temperature", "parameterNumber": 0}, "data": [[25.26, 25.25, 25.25, 25.09, 25.1, 25.27, 25.27, 25.26, 25.27, 25.24, 25.26, 25.28, 25.41, 25.42, 25.34, 25.33, 25.37, 25.36, 25.35, 25.34], [25.26, 25.26, 25.25, 25.25, 25.1, 25.11, 25.26, 25.25, 25.25, 25.24, 25.26, 25.29, 25.42, 25.43, 25.35, 25.38, 25.36, 25.35, 25.34, 25.33], [25.26, 25.26, 25.25, 25.25, 25.1, 25.1, 25.12, 25.24, 25.21, 25.23, 25.27, 25.31, 25.44, 25.45, 25.41, 25.38, 25.35, 25.34, 25.33, 25.32], [25.27, 25.26, 25.26, 25.25, 25.24, 25.1, 25.11, 25.13, 25.15, 25.23, 25.28, 25.35, 25.48, 25.42, 25.41, 25.37, 25.34, 25.32, 25.31, 25.31], [25.27, 25.27, 25.27, 25.26, 25.25, 25.09, 25.09, 25.1, 25.1, 25.23, 25.28, 25.42, 25.53, 25.44, 25.41, 25.35, 25.31, 25.29, 25.28, 25.29], [25.28, 25.28, 25.27, 25.27, 25.26, 25.24, 25.08, 25.08, 25.07, 25.05, 25.28, 25.37, 25.46, 25.53, 25.39, 25.33, 25.26, 25.24, 25.25, 25.27], [25.32, 25.29, 25.29, 25.28, 25.27, 25.25, 25.15, 25.07, 25.06, 25.07, 25.07, 25.29, 25.49, 25.5, 25.37, 25.3, 25.2, 25.17, 25.19, 25.22], [25.33, 25.33, 25.33, 25.33, 25.32, 25.21, 25.17, 25.12, 25.09, 25.05, 24.97, 25.25, 25.25, 25.5, 25.21, 25.24, 25.18, 25.15, 25.19, 25.22], [25.27, 25.28, 25.35, 25.35, 25.36, 25.34, 25.29, 25.15, 25.04, 25.08, 25.09, 25.17, 25.2, 25.15, 25.22, 25.26, 25.22, 25.2, 25.21, 25.23], [25.5, 25.5, 25.5, 25.31, 25.34, 25.41, 25.36, 25.29, 24.99, 25.0, 25.2, 25.12, 25.15, 25.13, 25.22, 25.27, 25.24, 25.23, 25.23, 25.24], [25.5, 25.5, 25.5, 25.5, 25.5, 25.5, 25.5, 25.5, 25.36, 25.03, 24.9, 25.09, 25.11, 25.11, 25.22, 25.28, 25.26, 25.25, 25.25, 25.25], [25.5, 25.5, 25.5, 25.5, 25.5, 25.5, 25.5, 25.5, 25.5, -999.0, 24.9, 25.4, 25.4, 25.1, 25.21, 25.29, 25.28, 24.99, 24.99, 24.99], [25.5, 25.5, 25.5, 25.5, 25.5, 25.5, 25.5, 25.5, 25.5, 25.5, -999.0, 25.4, 25.4, 25.07, 25.22, 25.03, 25.03, 25.0, 25.01, 25.01], [25.5, 25.5, 25.5, 25.5, 25.5, 25.5, 25.5, 25.5, 25.5, 25.5, -999.0, 24.9, 24.9, 24.9, 25.17, 25.01, 25.01, 24.99, 24.99, 25.0], [25.5, 25.5, 25.5, 25.5, 25.5, 25.5, 25.5, 25.6, 25.6, 25.6, 25.6, 25.33, 24.9, 24.9, 24.9, 24.99, 25.0, 24.97, 24.98, 24.99], [25.5, 25.5, 25.56, 25.56, 25.57, 25.6, 25.6, 25.6, 25.6, 25.6, 25.16, 25.21, 25.14, 25.08, 25.15, 24.94, 24.94, 24.93, 24.98, 24.98], [25.56, 25.56, 25.54, 25.54, 25.6, 25.6, 25.6, 25.6, 25.6, 25.6, 25.3, 25.21, 25.12, 25.04, 24.99, 24.96, 24.98, 24.99, 25.01, 25.02], [25.54, 25.54, 25.54, 25.54, 25.6, 25.6, 25.6, 25.6, 25.6, 25.42, 25.33, 25.22, 25.11, 25.0, 24.91, 24.95, 24.98, 25.0, 25.01, 25.02], [25.54, 25.54, 25.54, 25.6, 25.6, 25.6, 25.6, 25.6, 25.54, 25.46, 25.34, 25.25, 25.11, 25.03, 24.95, 24.97, 24.99, 25.01, 25.02, 25.03], [25.54, 25.54, 25.43, 25.44, 25.45, 25.46, 25.49, 25.55, 25.5, 25.43, 25.34, 25.27, 25.13, 25.07, 24.98, 25.0, 25.01, 25.02, 25.03, 25.04], [25.42, 25.42, 25.43, 25.48, 25.48, 25.49, 25.5, 25.51, 25.42, 25.38, 25.33, 25.28, 25.15, 25.01, 25.01, 25.02, 25.03, 25.04, 25.04, 25.05], [25.46, 25.46, 25.46, 25.47, 25.47, 25.47, 25.47, 25.46, 25.37, 25.35, 25.32, 25.28, 25.06, 25.03, 25.03, 25.04, 25.05, 25.05, 25.06, 25.06], [25.45, 25.45, 25.45, 25.44, 25.44, 25.44, 25.43, 25.43, 25.42, 25.41, 25.41, 25.31, 25.17, 25.04, 25.05, 25.05, 25.05, 25.07, 25.07, 25.07], [25.44, 25.43, 25.43, 25.43, 25.43, 25.42, 25.41, 25.4, 25.38, 25.37, 25.38, 25.25, 25.18, 25.15, 25.13, 25.06, 25.04, 25.09, 25.09, 25.08], [25.43, 25.43, 25.43, 25.42, 25.42, 25.41, 25.4, 25.38, 25.35, 25.33, 25.36, 25.26, 25.24, 25.16, 25.14, 25.12, 25.1, 25.13, 25.1, 25.08], [25.43, 25.43, 25.42, 25.42, 25.41, 25.41, 25.39, 25.38, 25.35, 25.33, 25.29, 25.27, 25.25, 25.16, 25.14, 25.15, 25.14, 25.15, 25.09, 25.08], [25.42, 25.42, 25.42, 25.41, 25.41, 25.4, 25.39, 25.38, 25.37, 25.37, 25.3, 25.29, 25.27, 25.21, 25.18, 25.17, 25.16, 25.16, 25.15, 25.16], [25.42, 25.42, 25.42, 25.41, 25.41, 25.4, 25.39, 25.39, 25.38, 25.32, 25.33, 25.34, 25.33, 25.31, 25.2, 25.18, 25.17, 25.17, 25.16, 25.16], [25.42, 25.42, 25.41, 25.41, 25.41, 25.4, 25.4, 25.39, 25.39, 25.35, 25.38, 25.36, 25.34, 25.32, 25.22, 25.2, 25.18, 25.18, 25.17, 25.17], [25.42, 25.42, 25.41, 25.41, 25.41, 25.4, 25.4, 25.4, 25.35, 25.37, 25.37, 25.36, 25.34, 25.32, 25.23, 25.21, 25.19, 25.19, 25.18, 25.18], [25.42, 25.42, 25.41, 25.41, 25.41, 25.4, 25.4, 25.4, 25.35, 25.35, 25.36, 25.35, 25.34, 25.32, 25.23, 25.21, 25.2, 25.19, 25.19, 25.18], [25.42, 25.42, 25.41, 25.41, 25.41, 25.41, 25.4, 25.34, 25.34, 25.34, 25.34, 25.34, 25.33, 25.32, 25.23, 25.22, 25.21, 25.2, 25.19, 25.19]]}]