gis_exercise/awsData/contour/wdir_2023091317.json
[{"header": {"refTime": "2023-09-13T17:00:00.000Z", "nx": 21, "ny": 33, "lo1": 113.509, "la1": 22.2235, "lo2": 113.5947, "la2": 22.1034, "dx": 0.0042850000000001385, "dy": 0.003753125000000024, "parameterCategory": 2, "parameterCategoryName": "Temperature", "parameterNumber": 2}, "data": [-2.06, -2.04, -2.01, -1.58, -1.56, -2.15, -2.09, -2.04, -2.05, -1.97, -2.11, -2.25, -2.74, -2.81, -3.51, -3.61, -4.12, -4.15, -4.17, -4.19, -2.08, -2.05, -2.02, -1.98, -1.57, -1.54, -2.03, -1.91, -1.84, -1.87, -2.11, -2.31, -2.82, -2.9, -3.58, -4.09, -4.14, -4.18, -4.21, -4.22, -2.1, -2.08, -2.05, -2.01, -1.58, -1.56, -1.51, -1.8, -1.43, -1.79, -2.15, -2.45, -2.98, -3.03, -4.04, -4.11, -4.18, -4.23, -4.26, -4.27, -2.12, -2.11, -2.08, -2.05, -2.0, -1.58, -1.55, -1.49, -1.43, -1.9, -2.28, -2.69, -3.23, -3.19, -4.04, -4.14, -4.24, -4.31, -4.33, -4.32, -2.15, -2.14, -2.12, -2.1, -2.06, -1.63, -1.61, -1.59, -1.56, -2.06, -2.38, -3.23, -3.64, -3.28, -4.04, -4.19, -4.34, -4.42, -4.43, -4.39, -2.18, -2.18, -2.17, -2.16, -2.13, -2.1, -1.69, -1.7, -1.68, -1.62, -2.65, -3.02, -3.35, -3.78, -4.04, -4.27, -4.51, -4.61, -4.55, -4.46, -3.16, -2.22, -2.23, -2.23, -2.22, -2.19, -2.16, -1.84, -1.83, -1.94, -1.9, -2.66, -3.62, -3.71, -4.03, -4.35, -4.76, -4.91, -4.91, -4.82, -3.18, -3.16, -3.13, -3.3, -3.25, -2.27, -2.21, -2.16, -2.16, -1.88, -1.57, -2.81, -3.05, -3.72, -4.19, -4.47, -4.81, -4.93, -4.75, -4.63, -3.2, -3.18, -3.16, -3.12, -3.27, -3.24, -3.19, -2.18, -2.54, -1.99, -2.58, -3.14, -3.69, -3.43, -4.2, -4.4, -4.6, -4.68, -4.64, -4.58, -4.1, -4.06, -3.99, -3.16, -3.1, -3.22, -3.33, -3.44, -3.03, -2.85, -2.93, -3.37, -3.85, -3.51, -4.21, -4.33, -4.46, -4.53, -4.54, -4.52, -4.11, -4.07, -4.0, -3.89, -3.65, -2.94, -3.87, -4.41, -4.04, -3.41, -3.86, -3.27, -3.43, -3.39, -4.22, -4.3, -4.38, -4.43, -4.46, -4.46, -4.13, -4.1, -4.05, -3.98, -3.86, -3.8, -4.19, -4.76, -5.0, -5.05, -4.08, -4.35, -4.28, -3.27, -4.22, -4.27, -4.33, -4.32, -4.33, -4.33, -4.16, -4.14, -4.12, -4.1, -4.11, -4.24, -4.45, -4.74, -4.92, -4.73, -4.95, -4.42, -4.34, -3.53, -3.49, -4.14, -4.16, -4.18, -4.21, -4.22, -4.19, -4.18, -4.18, -4.2, -4.26, -4.39, -4.55, -4.59, -4.67, -4.65, -4.94, -4.35, -4.21, -4.09, -3.38, -3.96, -4.0, -4.04, -4.08, -4.12, -4.22, -4.22, -4.23, -4.26, -4.32, -4.4, -4.48, -4.25, -4.18, -4.09, -4.0, -3.32, -4.04, -3.9, -3.81, -3.76, -3.82, -3.9, -3.96, -4.02, -4.24, -4.25, -3.17, -3.22, -3.27, -3.97, -3.95, -3.87, -3.79, -3.74, -3.16, -3.12, -3.07, -2.84, -2.86, -3.41, -3.5, -3.59, -3.85, -3.93, -3.07, -3.08, -3.09, -3.1, -3.75, -3.68, -3.55, -3.38, -3.28, -3.31, -2.9, -2.94, -2.94, -2.9, -2.79, -2.95, -3.03, -3.08, -3.12, -3.14, -3.03, -3.02, -3.01, -2.98, -3.55, -3.4, -3.14, -2.79, -2.62, -2.35, -2.52, -2.81, -2.85, -2.76, -2.76, -2.93, -3.04, -3.1, -3.14, -3.16, -2.98, -2.97, -2.93, -3.53, -3.39, -3.18, -2.84, -2.28, -1.68, -2.12, -2.13, -2.31, -2.7, -2.79, -2.92, -3.0, -3.09, -3.14, -3.17, -3.19, -2.94, -2.92, -2.93, -2.87, -2.77, -2.63, -2.41, -2.1, -1.76, -1.97, -2.17, -2.32, -2.74, -2.86, -3.07, -3.11, -3.17, -3.2, -3.22, -3.22, -2.97, -2.94, -2.9, -2.84, -2.75, -2.64, -2.5, -2.35, -2.04, -2.14, -2.26, -2.36, -2.81, -3.15, -3.18, -3.23, -3.27, -3.28, -3.27, -3.25, -2.95, -2.92, -2.88, -2.83, -2.77, -2.69, -2.61, -2.07, -2.27, -2.32, -2.38, -2.43, -3.4, -3.23, -3.28, -3.34, -3.39, -3.37, -3.31, -3.27, -2.94, -2.91, -2.88, -2.11, -2.12, -2.14, -2.18, -2.22, -2.28, -2.32, -2.3, -2.97, -3.32, -3.27, -3.34, -3.45, -3.58, -3.46, -3.32, -3.27, -2.11, -2.12, -2.13, -2.14, -2.17, -2.21, -2.27, -2.36, -2.48, -2.54, -2.46, -3.08, -3.31, -3.36, -3.42, -3.48, -3.95, -3.33, -3.25, -3.24, -2.12, -2.13, -2.15, -2.17, -2.2, -2.25, -2.33, -2.45, -2.67, -2.85, -2.59, -3.01, -3.11, -3.33, -3.37, -3.39, -3.19, -2.93, -3.16, -3.21, -2.13, -2.14, -2.16, -2.18, -2.21, -2.26, -2.33, -2.45, -2.65, -2.8, -2.91, -2.91, -3.0, -3.31, -3.32, -3.09, -3.07, -3.03, -3.17, -3.2, -2.13, -2.15, -2.16, -2.18, -2.21, -2.25, -2.3, -2.36, -2.43, -2.44, -2.71, -2.74, -2.86, -2.78, -2.91, -2.99, -3.02, -3.02, -3.03, -3.03, -2.14, -2.15, -2.16, -2.18, -2.2, -2.22, -2.24, -2.25, -2.23, -2.46, -2.38, -2.2, -2.26, -2.29, -2.81, -2.9, -2.96, -2.98, -2.99, -3.0, -2.14, -2.14, -2.16, -2.17, -2.18, -2.19, -2.19, -2.17, -2.1, -2.17, -1.84, -2.06, -2.18, -2.25, -2.73, -2.83, -2.89, -2.93, -2.95, -2.96, -2.13, -2.14, -2.15, -2.15, -2.16, -2.16, -2.15, -2.11, -2.15, -2.0, -1.91, -2.04, -2.15, -2.22, -2.67, -2.77, -2.84, -2.88, -2.91, -2.93, -2.13, -2.14, -2.14, -2.14, -2.14, -2.14, -2.12, -2.09, -2.16, -2.08, -2.05, -2.1, -2.16, -2.22, -2.64, -2.73, -2.8, -2.84, -2.87, -2.9, -2.13, -2.13, -2.13, -2.13, -2.13, -2.12, -2.11, -2.23, -2.19, -2.15, -2.13, -2.15, -2.19, -2.22, -2.63, -2.7, -2.76, -2.81, -2.84, -2.87]}, {"header": {"refTime": "2023-09-13T17:00:00.000Z", "nx": 21, "ny": 33, "lo1": 113.509, "la1": 22.2235, "lo2": 113.5947, "la2": 22.1034, "dx": 0.0042850000000001385, "dy": 0.003753125000000024, "parameterCategory": 2, "parameterCategoryName": "Temperature", "parameterNumber": 3}, "data": [1.32, 1.32, 1.32, 1.14, 1.15, 1.25, 1.24, 1.24, 1.24, 1.12, 1.1, 1.09, 1.63, 1.65, 2.09, 2.21, 2.79, 2.86, 2.92, 2.96, 1.33, 1.32, 1.32, 1.32, 1.15, 1.16, 1.25, 1.25, 1.24, 1.14, 1.11, 1.09, 1.61, 1.64, 2.09, 2.7, 2.82, 2.91, 2.97, 3.01, 1.33, 1.33, 1.32, 1.32, 1.15, 1.16, 1.17, 1.25, 1.25, 1.15, 1.1, 1.08, 1.59, 1.62, 2.53, 2.72, 2.87, 2.98, 3.05, 3.08, 1.33, 1.33, 1.33, 1.32, 1.32, 1.15, 1.16, 1.18, 1.19, 1.12, 1.09, 1.08, 1.52, 1.48, 2.5, 2.76, 2.97, 3.1, 3.16, 3.17, 1.33, 1.33, 1.33, 1.33, 1.32, 1.15, 1.15, 1.16, 1.15, 1.06, 1.05, 1.42, 1.27, 1.46, 2.52, 2.87, 3.14, 3.28, 3.31, 3.27, 1.34, 1.34, 1.33, 1.33, 1.33, 1.33, 1.15, 1.15, 1.13, 1.08, 1.49, 1.52, 1.45, 2.06, 2.65, 3.05, 3.41, 3.57, 3.49, 3.38, 1.68, 1.34, 1.34, 1.34, 1.34, 1.34, 1.2, 1.18, 1.15, 1.39, 1.43, 1.76, 2.45, 2.41, 2.83, 3.24, 3.78, 3.98, 3.7, 3.51, 1.68, 1.67, 1.66, 1.72, 1.7, 1.22, 1.22, 1.24, 1.37, 1.3, 1.05, 2.49, 2.75, 2.68, 3.54, 3.76, 4.04, 4.14, 3.99, 3.89, 1.69, 1.68, 1.66, 1.64, 1.69, 1.68, 1.68, 1.22, 1.42, 1.44, 2.03, 2.58, 2.92, 2.76, 3.51, 3.69, 3.86, 3.93, 3.9, 3.85, 2.09, 2.07, 2.03, 1.65, 1.6, 1.64, 1.72, 1.81, 1.64, 1.54, 2.32, 2.65, 2.94, 2.77, 3.49, 3.62, 3.73, 3.8, 3.81, 3.79, 2.1, 2.08, 2.04, 1.98, 1.84, 1.44, 1.96, 2.25, 2.1, 1.81, 2.35, 2.58, 2.69, 2.68, 3.49, 3.58, 3.66, 3.72, 3.74, 3.74, 2.11, 2.09, 2.07, 2.03, 1.96, 1.93, 2.14, 2.43, 2.56, 2.8, 2.42, 3.05, 3.08, 2.6, 3.5, 3.56, 3.62, 2.98, 3.0, 2.99, 2.13, 2.12, 2.11, 2.1, 2.11, 2.19, 2.31, 2.44, 2.52, 2.43, 2.83, 3.03, 3.05, 2.4, 2.33, 2.69, 2.72, 2.77, 2.8, 2.83, 2.15, 2.14, 2.15, 2.16, 2.2, 2.28, 2.4, 2.38, 2.41, 2.39, 2.81, 2.28, 2.19, 2.09, 2.09, 2.42, 2.47, 2.54, 2.61, 2.66, 2.16, 2.17, 2.18, 2.2, 2.23, 2.29, 2.33, 2.36, 2.35, 2.32, 2.3, 1.6, 1.97, 1.84, 1.76, 2.1, 2.2, 2.32, 2.42, 2.51, 2.18, 2.18, 1.85, 1.87, 1.9, 2.28, 2.27, 2.25, 2.23, 2.21, 1.62, 1.49, 1.33, 1.3, 1.23, 1.69, 1.85, 2.01, 2.44, 2.58, 1.82, 1.83, 1.84, 1.85, 2.21, 2.19, 2.15, 2.1, 2.07, 2.08, 1.52, 1.39, 1.21, 1.0, 1.02, 1.24, 1.49, 1.69, 1.83, 1.92, 1.81, 1.82, 1.82, 1.82, 2.15, 2.1, 2.03, 1.92, 1.87, 1.5, 1.41, 1.34, 1.15, 1.02, 0.61, 1.16, 1.52, 1.75, 1.89, 1.98, 1.8, 1.81, 1.8, 2.14, 2.1, 2.04, 1.93, 1.76, 1.51, 1.48, 0.99, 0.86, 1.41, 1.2, 1.12, 1.38, 1.68, 1.88, 2.0, 2.07, 1.8, 1.8, 1.46, 1.46, 1.45, 1.44, 1.44, 1.45, 1.28, 1.12, 0.96, 0.85, 1.57, 1.51, 1.59, 1.74, 1.93, 2.07, 2.14, 2.18, 1.42, 1.42, 1.41, 1.39, 1.38, 1.36, 1.35, 1.35, 1.05, 0.98, 0.89, 0.81, 1.75, 1.88, 1.96, 2.09, 2.22, 2.29, 2.31, 2.29, 1.38, 1.37, 1.35, 1.33, 1.31, 1.28, 1.25, 0.95, 0.88, 0.83, 0.79, 0.75, 1.5, 2.12, 2.24, 2.4, 2.52, 2.53, 2.46, 2.4, 1.34, 1.32, 1.3, 0.88, 0.87, 0.86, 0.84, 0.81, 0.77, 0.74, 0.75, 1.56, 1.93, 2.29, 2.44, 2.65, 2.87, 2.75, 2.57, 2.47, 0.86, 0.86, 0.85, 0.84, 0.83, 0.8, 0.76, 0.7, 0.62, 0.58, 0.62, 1.28, 1.86, 2.17, 2.46, 2.76, 3.35, 2.73, 2.57, 2.49, 0.85, 0.84, 0.83, 0.81, 0.79, 0.76, 0.7, 0.62, 0.48, 0.37, 0.52, 1.17, 1.5, 2.12, 2.39, 2.6, 2.6, 2.37, 2.5, 2.47, 0.83, 0.83, 0.81, 0.8, 0.77, 0.73, 0.68, 0.6, 0.48, 0.38, 0.82, 1.13, 1.42, 2.05, 2.29, 2.53, 2.53, 2.5, 2.47, 2.45, 0.82, 0.81, 0.8, 0.78, 0.76, 0.73, 0.69, 0.64, 0.59, 0.58, 0.94, 1.13, 1.36, 2.15, 2.31, 2.42, 2.46, 2.47, 2.48, 2.48, 0.82, 0.81, 0.79, 0.78, 0.76, 0.74, 0.71, 0.69, 0.68, 0.94, 0.99, 0.82, 0.89, 0.97, 2.19, 2.31, 2.38, 2.41, 2.43, 2.43, 0.81, 0.8, 0.79, 0.78, 0.76, 0.75, 0.73, 0.73, 0.74, 0.96, 0.85, 0.85, 0.89, 0.96, 2.1, 2.22, 2.3, 2.35, 2.37, 2.39, 0.81, 0.8, 0.79, 0.78, 0.77, 0.76, 0.75, 0.75, 0.81, 0.83, 0.85, 0.86, 0.9, 0.95, 2.03, 2.15, 2.23, 2.29, 2.32, 2.34, 0.81, 0.8, 0.79, 0.78, 0.77, 0.76, 0.76, 0.76, 0.83, 0.84, 0.86, 0.88, 0.91, 0.95, 1.99, 2.1, 2.18, 2.24, 2.28, 2.3, 0.81, 0.8, 0.79, 0.78, 0.78, 0.77, 0.77, 0.83, 0.84, 0.85, 0.87, 0.89, 0.92, 0.95, 1.98, 2.07, 2.14, 2.2, 2.24, 2.27]}, {"header": {"refTime": "2023-09-13T17:00:00.000Z", "nx": 21, "ny": 33, "lo1": 113.509, "la1": 22.2235, "lo2": 113.5947, "la2": 22.1034, "dx": 0.0042850000000001385, "dy": 0.003753125000000024, "parameterCategory": 0, "parameterCategoryName": "Temperature", "parameterNumber": 0}, "data": [[28.18, 28.19, 28.19, 28.07, 28.09, 28.25, 28.26, 28.28, 28.29, 28.24, 28.22, 28.21, 28.41, 28.41, 28.13, 28.1, 28.13, 28.11, 28.1, 28.09], [28.18, 28.18, 28.19, 28.2, 28.09, 28.11, 28.27, 28.3, 28.31, 28.26, 28.23, 28.21, 28.4, 28.41, 28.13, 28.15, 28.12, 28.1, 28.08, 28.08], [28.18, 28.18, 28.18, 28.19, 28.08, 28.1, 28.15, 28.31, 28.38, 28.28, 28.23, 28.2, 28.4, 28.4, 28.18, 28.14, 28.1, 28.07, 28.06, 28.05], [28.17, 28.17, 28.18, 28.18, 28.19, 28.08, 28.12, 28.18, 28.23, 28.24, 28.2, 28.2, 28.38, 28.25, 28.18, 28.12, 28.07, 28.04, 28.02, 28.03], [28.17, 28.17, 28.17, 28.17, 28.17, 28.05, 28.06, 28.08, 28.09, 28.17, 28.16, 28.24, 28.28, 28.26, 28.18, 28.1, 28.02, 27.98, 27.98, 27.99], [28.16, 28.16, 28.16, 28.16, 28.15, 28.15, 28.01, 28.0, 27.98, 27.96, 28.15, 28.23, 28.27, 28.4, 28.17, 28.06, 27.94, 27.89, 27.92, 27.96], [28.07, 28.16, 28.16, 28.15, 28.14, 28.13, 27.92, 27.95, 27.92, 27.94, 27.97, 28.22, 28.47, 28.45, 28.17, 28.01, 27.82, 27.74, 27.73, 27.77], [28.07, 28.07, 28.07, 28.07, 28.07, 27.97, 27.94, 27.91, 27.92, 27.91, 27.82, 28.32, 28.33, 28.45, 27.97, 28.08, 27.86, 27.78, 27.91, 27.99], [28.03, 28.03, 28.09, 28.09, 28.09, 28.08, 28.04, 27.93, 27.84, 27.96, 28.05, 28.18, 28.24, 28.16, 28.0, 28.12, 27.99, 27.94, 27.97, 28.02], [28.2, 28.2, 28.2, 28.06, 28.08, 28.13, 28.1, 28.04, 27.79, 27.8, 28.25, 28.1, 28.14, 28.12, 28.0, 28.16, 28.08, 28.04, 28.04, 28.06], [28.2, 28.2, 28.2, 28.2, 28.2, 28.2, 28.2, 28.2, 28.09, 27.83, 27.7, 28.04, 28.08, 28.09, 27.99, 28.2, 28.14, 28.1, 28.09, 28.1], [28.2, 28.2, 28.2, 28.2, 28.2, 28.2, 28.2, 28.2, 28.2, -999.0, 27.7, 28.6, 28.6, 28.06, 27.98, 28.23, 28.19, 27.54, 27.54, 27.54], [28.2, 28.2, 28.2, 28.2, 28.2, 28.2, 28.2, 28.2, 28.2, 28.2, -999.0, 28.6, 28.6, 27.88, 28.2, 27.56, 27.56, 27.55, 27.55, 27.55], [28.2, 28.2, 28.2, 28.2, 28.2, 28.2, 28.2, 28.2, 28.2, 28.2, -999.0, 27.5, 27.5, 27.5, 28.1, 27.56, 27.56, 27.54, 27.55, 27.55], [28.2, 28.2, 28.2, 28.2, 28.2, 28.2, 28.2, 28.9, 28.9, 28.9, 28.9, 28.36, 27.5, 27.5, 27.5, 27.55, 27.55, 27.54, 27.54, 27.54], [28.2, 28.2, 28.64, 28.65, 28.66, 28.9, 28.9, 28.9, 28.9, 28.9, 28.02, 28.12, 27.98, 27.87, 28.0, 27.5, 27.5, 27.5, 27.53, 27.53], [28.65, 28.65, 28.45, 28.46, 28.9, 28.9, 28.9, 28.9, 28.9, 28.9, 28.3, 28.12, 27.94, 27.77, 27.67, 27.64, 27.69, 27.73, 27.76, 27.78], [28.45, 28.46, 28.47, 28.49, 28.9, 28.9, 28.9, 28.9, 28.9, 28.54, 28.36, 28.15, 27.93, 27.68, 27.52, 27.62, 27.69, 27.74, 27.77, 27.8], [28.46, 28.47, 28.49, 28.9, 28.9, 28.9, 28.9, 28.9, 28.77, 28.63, 28.46, 28.28, 27.88, 27.73, 27.61, 27.66, 27.72, 27.76, 27.79, 27.81], [28.47, 28.48, 28.79, 28.79, 28.8, 28.81, 28.83, 28.87, 28.75, 28.62, 28.48, 28.33, 27.92, 27.8, 27.7, 27.73, 27.76, 27.8, 27.82, 27.83], [28.78, 28.78, 28.78, 28.82, 28.82, 28.83, 28.83, 28.84, 28.64, 28.57, 28.48, 28.37, 27.94, 27.76, 27.77, 27.78, 27.81, 27.83, 27.85, 27.86], [28.81, 28.81, 28.81, 28.81, 28.81, 28.81, 28.82, 28.83, 28.58, 28.55, 28.49, 28.41, 27.89, 27.8, 27.81, 27.82, 27.84, 27.86, 27.88, 27.89], [28.8, 28.8, 28.8, 28.83, 28.83, 28.82, 28.82, 28.81, 28.8, 28.8, 28.8, 28.44, 28.24, 27.83, 27.84, 27.84, 27.82, 27.88, 27.92, 27.92], [28.83, 28.83, 28.83, 28.82, 28.82, 28.82, 28.81, 28.8, 28.78, 28.77, 28.78, 28.46, 28.26, 28.18, 28.09, 27.87, 27.71, 27.98, 27.98, 27.95], [28.83, 28.83, 28.82, 28.82, 28.82, 28.81, 28.8, 28.78, 28.76, 28.73, 28.77, 28.5, 28.39, 28.19, 28.12, 28.07, 28.05, 28.18, 28.03, 27.97], [28.83, 28.83, 28.82, 28.82, 28.82, 28.81, 28.8, 28.79, 28.76, 28.74, 28.61, 28.53, 28.44, 28.22, 28.16, 28.16, 28.16, 28.18, 28.02, 27.98], [28.83, 28.83, 28.82, 28.82, 28.82, 28.81, 28.81, 28.8, 28.79, 28.79, 28.63, 28.57, 28.49, 28.32, 28.25, 28.21, 28.19, 28.19, 28.19, 28.19], [28.83, 28.83, 28.82, 28.82, 28.82, 28.82, 28.82, 28.81, 28.82, 28.69, 28.7, 28.78, 28.75, 28.72, 28.31, 28.26, 28.23, 28.21, 28.21, 28.2], [28.83, 28.83, 28.83, 28.82, 28.82, 28.82, 28.82, 28.83, 28.84, 28.76, 28.87, 28.81, 28.77, 28.74, 28.35, 28.3, 28.26, 28.24, 28.23, 28.22], [28.83, 28.83, 28.83, 28.83, 28.83, 28.83, 28.83, 28.83, 28.8, 28.83, 28.85, 28.81, 28.78, 28.75, 28.38, 28.33, 28.29, 28.27, 28.25, 28.24], [28.83, 28.83, 28.83, 28.83, 28.83, 28.83, 28.83, 28.84, 28.79, 28.81, 28.81, 28.8, 28.77, 28.75, 28.4, 28.35, 28.31, 28.29, 28.27, 28.26], [28.83, 28.83, 28.83, 28.83, 28.83, 28.83, 28.83, 28.77, 28.78, 28.79, 28.79, 28.78, 28.76, 28.75, 28.4, 28.36, 28.33, 28.31, 28.29, 28.28]]}]