gis_exercise/awsData/contour/wdir_2023090710.json
[{"header": {"refTime": "2023-09-07T10:00:00.000Z", "nx": 21, "ny": 33, "lo1": 113.509, "la1": 22.2235, "lo2": 113.5947, "la2": 22.1034, "dx": 0.0042850000000001385, "dy": 0.003753125000000024, "parameterCategory": 2, "parameterCategoryName": "Temperature", "parameterNumber": 2}, "data": [0.6, 0.6, 0.59, 0.55, 0.54, 0.24, 0.24, 0.24, 0.22, 0.05, -0.02, -0.08, -0.47, -0.52, -0.65, -0.7, -1.13, -1.14, -1.15, -1.15, 0.6, 0.6, 0.6, 0.59, 0.54, 0.53, 0.26, 0.27, 0.27, 0.1, -0.01, -0.12, -0.51, -0.56, -0.69, -1.11, -1.13, -1.15, -1.16, -1.16, 0.61, 0.6, 0.6, 0.6, 0.55, 0.54, 0.51, 0.3, 0.36, 0.15, -0.04, -0.18, -0.58, -0.62, -1.09, -1.12, -1.14, -1.16, -1.17, -1.17, 0.61, 0.61, 0.61, 0.61, 0.6, 0.55, 0.53, 0.5, 0.47, 0.09, -0.1, -0.3, -0.69, -0.7, -1.08, -1.12, -1.16, -1.18, -1.19, -1.19, 0.61, 0.61, 0.61, 0.61, 0.62, 0.58, 0.57, 0.56, 0.54, 0.01, -0.15, -0.69, -0.82, -0.73, -1.09, -1.14, -1.19, -1.21, -1.21, -1.21, 0.61, 0.61, 0.62, 0.62, 0.63, 0.64, 0.62, 0.62, 0.61, 0.56, -0.48, -0.64, -0.75, -1.19, -1.1, -1.17, -1.23, -1.26, -1.24, -1.22, 1.04, 0.61, 0.62, 0.63, 0.64, 0.66, 0.69, 0.71, 0.7, 0.27, 0.1, -0.56, -1.25, -1.29, -1.13, -1.2, -1.29, -1.33, -1.43, -1.44, 1.04, 1.02, 1.0, 0.86, 0.86, 0.64, 0.69, 0.78, 0.77, 0.31, 0.22, -0.91, -1.11, -1.41, -1.54, -1.5, -1.46, -1.44, -1.47, -1.48, 1.04, 1.02, 1.0, 0.96, 0.82, 0.83, 0.88, 0.71, 0.87, 0.26, -0.69, -1.13, -1.54, -1.34, -1.58, -1.53, -1.5, -1.48, -1.48, -1.49, 1.16, 1.14, 1.1, 0.95, 0.87, 0.74, 0.83, 0.94, 0.93, 0.86, -0.96, -1.29, -1.64, -1.4, -1.62, -1.56, -1.53, -1.51, -1.5, -1.51, 1.17, 1.15, 1.12, 1.05, 0.92, 0.52, 1.0, 1.21, 1.07, 0.98, -0.23, -1.21, -1.34, -1.31, -1.62, -1.58, -1.55, -1.53, -1.52, -1.52, 1.19, 1.18, 1.15, 1.12, 1.05, 1.02, 1.19, 1.32, 1.35, 0.76, -0.03, -0.75, -0.94, -1.22, -1.61, -1.58, -1.56, -1.41, -1.39, -1.38, 1.21, 1.21, 1.2, 1.2, 1.23, 1.34, 1.49, 1.42, 1.38, 1.35, 0.52, -0.56, -0.75, -1.36, -1.33, -1.39, -1.37, -1.36, -1.35, -1.35, 1.23, 1.24, 1.25, 1.27, 1.34, 1.49, 1.76, 1.51, 1.41, 1.37, 0.62, -0.33, -0.49, -0.58, -1.23, -1.29, -1.29, -1.29, -1.3, -1.31, 1.25, 1.26, 1.28, 1.31, 1.37, 1.46, 1.52, 1.43, 1.33, 1.27, 1.22, 0.36, -0.44, -0.52, -0.57, -1.17, -1.19, -1.22, -1.25, -1.27, 1.26, 1.28, 0.99, 1.02, 1.07, 1.33, 1.32, 1.26, 1.19, 1.15, 0.37, 0.25, 0.12, -0.72, -0.73, -1.12, -1.19, -1.26, -1.14, -1.18, 0.94, 0.95, 0.96, 0.97, 1.21, 1.19, 1.13, 1.05, 0.99, 0.99, 0.29, 0.17, 0.01, -0.17, -0.63, -0.92, -1.04, -1.14, -1.2, -1.25, 0.92, 0.92, 0.93, 0.92, 1.12, 1.06, 0.95, 0.81, 0.73, 0.42, 0.35, 0.12, -0.05, -0.61, -0.6, -0.89, -1.05, -1.16, -1.23, -1.28, 0.9, 0.9, 0.89, 1.1, 1.05, 0.97, 0.83, 0.6, 0.32, 0.36, -0.03, -0.14, -0.58, -0.63, -0.86, -0.99, -1.13, -1.22, -1.28, -1.32, 0.89, 0.88, 0.73, 0.71, 0.67, 0.62, 0.54, 0.45, 0.16, 0.08, -0.02, -0.11, -0.61, -0.69, -1.08, -1.15, -1.24, -1.31, -1.35, -1.37, 0.72, 0.7, 0.68, 0.65, 0.62, 0.57, 0.52, 0.47, 0.08, 0.03, -0.03, -0.09, -0.66, -1.22, -1.25, -1.31, -1.37, -1.41, -1.42, -1.42, 0.69, 0.67, 0.64, 0.61, 0.58, 0.53, 0.49, 0.11, 0.03, 0.0, -0.04, -0.08, -0.8, -1.33, -1.38, -1.45, -1.5, -1.51, -1.5, -1.48, 0.66, 0.64, 0.61, 0.07, 0.07, 0.07, 0.07, 0.07, 0.06, 0.06, 0.05, -0.4, -1.08, -1.41, -1.47, -1.55, -1.62, -1.61, -1.56, -1.52, 0.05, 0.05, 0.05, 0.05, 0.05, 0.05, 0.05, 0.04, 0.03, 0.03, 0.03, -0.49, -1.04, -1.23, -1.4, -1.6, -1.74, -1.65, -1.59, -1.54, 0.05, 0.05, 0.04, 0.04, 0.04, 0.04, 0.03, 0.02, 0.01, 0.0, 0.01, -0.43, -0.6, -1.21, -1.38, -1.52, -1.63, -1.61, -1.58, -1.55, 0.04, 0.04, 0.04, 0.03, 0.03, 0.02, 0.01, 0.01, 0.0, -0.0, -0.26, -0.4, -0.55, -1.18, -1.33, -1.47, -1.53, -1.54, -1.57, -1.54, 0.03, 0.03, 0.03, 0.02, 0.02, 0.01, 0.0, -0.01, -0.02, -0.02, -0.3, -0.39, -0.51, -1.16, -1.29, -1.38, -1.45, -1.47, -1.47, -1.45, 0.03, 0.03, 0.02, 0.02, 0.01, 0.0, -0.01, -0.02, -0.04, -0.27, -0.29, -0.32, -0.42, -0.53, -1.2, -1.3, -1.37, -1.4, -1.41, -1.41, 0.02, 0.02, 0.02, 0.01, 0.0, -0.01, -0.02, -0.03, -0.06, -0.25, -0.2, -0.29, -0.39, -0.49, -1.12, -1.23, -1.3, -1.34, -1.36, -1.37, 0.02, 0.02, 0.01, 0.01, -0.0, -0.01, -0.02, -0.04, -0.28, -0.25, -0.23, -0.3, -0.39, -0.48, -1.07, -1.17, -1.24, -1.28, -1.31, -1.33, 0.02, 0.01, 0.01, 0.0, -0.01, -0.01, -0.03, -0.04, -0.31, -0.29, -0.3, -0.34, -0.4, -0.47, -1.04, -1.13, -1.19, -1.24, -1.27, -1.29, 0.02, 0.01, 0.01, 0.0, -0.01, -0.02, -0.02, -0.35, -0.34, -0.33, -0.34, -0.37, -0.42, -0.47, -1.03, -1.1, -1.16, -1.2, -1.24, -1.26]}, {"header": {"refTime": "2023-09-07T10:00:00.000Z", "nx": 21, "ny": 33, "lo1": 113.509, "la1": 22.2235, "lo2": 113.5947, "la2": 22.1034, "dx": 0.0042850000000001385, "dy": 0.003753125000000024, "parameterCategory": 2, "parameterCategoryName": "Temperature", "parameterNumber": 3}, "data": [-0.75, -0.73, -0.71, -0.32, -0.31, -0.0, 0.01, 0.03, 0.05, 0.36, 0.45, 0.53, 0.8, 0.84, 0.57, 0.54, 0.81, 0.78, 0.75, 0.74, -0.76, -0.75, -0.72, -0.69, -0.31, -0.29, -0.01, -0.0, 0.01, 0.3, 0.45, 0.57, 0.85, 0.89, 0.61, 0.85, 0.8, 0.75, 0.73, 0.71, -0.78, -0.76, -0.74, -0.71, -0.33, -0.31, -0.27, -0.03, -0.06, 0.25, 0.47, 0.65, 0.93, 0.96, 0.93, 0.84, 0.77, 0.72, 0.69, 0.67, -0.8, -0.79, -0.77, -0.75, -0.71, -0.33, -0.3, -0.25, -0.19, 0.33, 0.56, 0.78, 1.07, 1.11, 0.94, 0.82, 0.72, 0.66, 0.63, 0.63, -0.82, -0.81, -0.8, -0.79, -0.76, -0.38, -0.37, -0.34, -0.31, 0.44, 0.63, 1.12, 1.31, 1.15, 0.93, 0.77, 0.63, 0.56, 0.55, 0.57, -0.84, -0.84, -0.84, -0.83, -0.82, -0.81, -0.45, -0.46, -0.42, -0.32, 0.86, 1.03, 1.18, 1.16, 0.88, 0.68, 0.49, 0.41, 0.45, 0.52, -0.38, -0.87, -0.88, -0.88, -0.88, -0.89, -0.82, -0.62, -0.6, -0.09, 0.16, 0.88, 1.07, 1.06, 0.82, 0.6, 0.3, 0.19, 0.29, 0.38, -0.36, -0.4, -0.44, -0.57, -0.6, -0.86, -0.86, -0.91, -0.87, -0.1, 0.21, 0.75, 0.82, 0.97, 0.54, 0.39, 0.2, 0.13, 0.23, 0.3, -0.34, -0.38, -0.42, -0.49, -0.63, -0.64, -0.62, -0.86, -0.37, -0.1, 0.54, 0.67, 0.67, 0.67, 0.56, 0.44, 0.32, 0.27, 0.29, 0.33, 0.35, 0.3, 0.21, -0.48, -0.61, -0.74, -0.58, -0.4, 0.04, 0.07, 0.59, 0.62, 0.62, 0.64, 0.56, 0.48, 0.4, 0.36, 0.35, 0.37, 0.37, 0.32, 0.24, 0.09, -0.22, -1.12, 0.0, 0.56, 0.11, 0.33, 0.7, 0.62, 0.63, 0.63, 0.56, 0.5, 0.45, 0.42, 0.4, 0.4, 0.4, 0.37, 0.31, 0.22, 0.08, 0.0, 0.44, 0.88, 1.04, 1.22, 0.78, 0.93, 0.89, 0.63, 0.56, 0.52, 0.48, 0.14, 0.13, 0.12, 0.45, 0.43, 0.42, 0.41, 0.46, 0.67, 1.0, 1.02, 1.04, 0.92, 1.18, 0.96, 0.93, 0.51, 0.49, 0.16, 0.15, 0.13, 0.13, 0.12, 0.49, 0.5, 0.51, 0.56, 0.68, 0.96, 1.44, 1.09, 0.97, 0.9, 1.21, 0.65, 0.57, 0.51, 0.42, 0.13, 0.12, 0.12, 0.11, 0.11, 0.53, 0.55, 0.58, 0.64, 0.76, 0.93, 1.06, 1.04, 0.91, 0.82, 0.75, 0.14, 0.5, 0.43, 0.38, 0.09, 0.09, 0.1, 0.1, 0.1, 0.56, 0.59, 0.0, 0.07, 0.16, 0.86, 0.84, 0.75, 0.66, 0.6, 0.04, 0.03, 0.01, -0.15, -0.13, -0.04, -0.04, -0.04, -0.19, -0.19, -0.09, -0.06, -0.03, -0.0, 0.67, 0.62, 0.52, 0.39, 0.3, 0.31, -0.1, -0.07, -0.05, -0.06, -0.25, -0.27, -0.33, -0.37, -0.41, -0.43, -0.1, -0.09, -0.08, -0.07, 0.52, 0.41, 0.22, -0.03, -0.15, -0.27, -0.15, -0.14, -0.1, -0.26, -0.13, -0.25, -0.33, -0.39, -0.42, -0.44, -0.12, -0.12, -0.12, 0.49, 0.4, 0.25, 0.01, -0.39, -0.79, -0.44, -0.54, -0.42, -0.41, -0.31, -0.24, -0.3, -0.37, -0.41, -0.45, -0.47, -0.14, -0.15, 0.16, 0.1, 0.03, -0.08, -0.25, -0.48, -0.77, -0.65, -0.52, -0.42, -0.45, -0.38, -0.34, -0.38, -0.42, -0.46, -0.48, -0.49, 0.18, 0.15, 0.12, 0.07, -0.0, -0.09, -0.2, -0.31, -0.6, -0.54, -0.46, -0.4, -0.48, -0.41, -0.42, -0.45, -0.48, -0.5, -0.51, -0.52, 0.15, 0.13, 0.09, 0.05, -0.01, -0.07, -0.14, -0.51, -0.47, -0.43, -0.39, -0.36, -0.19, -0.46, -0.48, -0.51, -0.53, -0.55, -0.55, -0.55, 0.13, 0.11, 0.08, -0.43, -0.43, -0.43, -0.42, -0.4, -0.37, -0.35, -0.35, -0.41, -0.41, -0.5, -0.53, -0.55, -0.56, -0.58, -0.59, -0.57, -0.41, -0.41, -0.41, -0.4, -0.39, -0.38, -0.35, -0.31, -0.26, -0.23, -0.26, -0.19, -0.4, -0.47, -0.53, -0.58, -0.55, -0.64, -0.62, -0.59, -0.4, -0.4, -0.39, -0.38, -0.36, -0.34, -0.31, -0.25, -0.16, -0.09, -0.18, -0.17, -0.22, -0.47, -0.53, -0.59, -0.66, -0.71, -0.64, -0.61, -0.39, -0.38, -0.37, -0.36, -0.34, -0.32, -0.28, -0.23, -0.15, -0.1, -0.12, -0.18, -0.22, -0.46, -0.52, -0.61, -0.65, -0.66, -0.63, -0.61, -0.38, -0.37, -0.36, -0.35, -0.33, -0.31, -0.28, -0.24, -0.2, -0.19, -0.17, -0.19, -0.22, -0.52, -0.56, -0.59, -0.62, -0.63, -0.63, -0.62, -0.37, -0.36, -0.35, -0.34, -0.32, -0.3, -0.28, -0.26, -0.24, -0.19, -0.21, -0.27, -0.3, -0.35, -0.54, -0.57, -0.59, -0.6, -0.61, -0.6, -0.36, -0.36, -0.35, -0.33, -0.32, -0.3, -0.28, -0.27, -0.26, -0.23, -0.26, -0.27, -0.3, -0.34, -0.52, -0.55, -0.57, -0.58, -0.59, -0.59, -0.36, -0.35, -0.34, -0.33, -0.32, -0.3, -0.29, -0.28, -0.26, -0.26, -0.26, -0.28, -0.31, -0.34, -0.5, -0.53, -0.55, -0.56, -0.57, -0.58, -0.36, -0.35, -0.34, -0.33, -0.32, -0.31, -0.3, -0.29, -0.27, -0.27, -0.28, -0.29, -0.31, -0.34, -0.49, -0.52, -0.54, -0.55, -0.56, -0.57, -0.35, -0.35, -0.34, -0.33, -0.32, -0.31, -0.3, -0.28, -0.28, -0.28, -0.29, -0.3, -0.32, -0.34, -0.49, -0.51, -0.53, -0.54, -0.55, -0.56]}, {"header": {"refTime": "2023-09-07T10:00:00.000Z", "nx": 21, "ny": 33, "lo1": 113.509, "la1": 22.2235, "lo2": 113.5947, "la2": 22.1034, "dx": 0.0042850000000001385, "dy": 0.003753125000000024, "parameterCategory": 0, "parameterCategoryName": "Temperature", "parameterNumber": 0}, "data": [[28.28, 28.27, 28.26, 28.02, 28.02, 28.19, 28.19, 28.19, 28.19, 28.19, 28.21, 28.23, 28.39, 28.41, 28.31, 28.3, 28.4, 28.38, 28.37, 28.37], [28.28, 28.27, 28.26, 28.25, 28.02, 28.03, 28.18, 28.17, 28.16, 28.18, 28.21, 28.25, 28.41, 28.43, 28.32, 28.41, 28.39, 28.37, 28.37, 28.36], [28.29, 28.28, 28.27, 28.26, 28.02, 28.03, 28.04, 28.15, 28.12, 28.16, 28.22, 28.27, 28.44, 28.45, 28.43, 28.4, 28.38, 28.36, 28.35, 28.35], [28.3, 28.29, 28.28, 28.27, 28.25, 28.02, 28.03, 28.05, 28.06, 28.18, 28.24, 28.32, 28.48, 28.44, 28.44, 28.4, 28.36, 28.34, 28.33, 28.33], [28.31, 28.31, 28.3, 28.28, 28.26, 28.01, 28.02, 28.02, 28.02, 28.18, 28.25, 28.44, 28.54, 28.46, 28.43, 28.38, 28.33, 28.31, 28.3, 28.31], [28.33, 28.32, 28.32, 28.3, 28.28, 28.25, 28.01, 28.0, 28.0, 27.99, 28.3, 28.4, 28.48, 28.57, 28.42, 28.35, 28.28, 28.25, 28.27, 28.29], [28.44, 28.35, 28.34, 28.34, 28.32, 28.28, 28.18, 27.99, 27.99, 28.05, 28.07, 28.33, 28.54, 28.55, 28.4, 28.32, 28.22, 28.18, 28.19, 28.22], [28.46, 28.46, 28.46, 28.46, 28.44, 28.28, 28.2, 28.1, 28.02, 28.03, 27.98, 28.32, 28.32, 28.55, 28.25, 28.29, 28.2, 28.17, 28.22, 28.26], [28.34, 28.35, 28.5, 28.51, 28.51, 28.48, 28.38, 28.17, 27.97, 28.06, 28.13, 28.22, 28.26, 28.2, 28.26, 28.31, 28.26, 28.24, 28.25, 28.27], [28.8, 28.8, 28.8, 28.43, 28.48, 28.62, 28.52, 28.38, 27.94, 27.95, 28.26, 28.16, 28.2, 28.18, 28.26, 28.33, 28.29, 28.28, 28.28, 28.28], [28.8, 28.8, 28.8, 28.8, 28.8, 28.8, 28.8, 28.8, 28.52, 27.97, 27.9, 28.13, 28.16, 28.16, 28.26, 28.34, 28.31, 28.3, 28.3, 28.3], [28.8, 28.8, 28.8, 28.8, 28.8, 28.8, 28.8, 28.8, 28.8, -999.0, 27.9, 28.5, 28.5, 28.14, 28.25, 28.35, 28.34, 27.93, 27.93, 27.93], [28.8, 28.8, 28.8, 28.8, 28.8, 28.8, 28.8, 28.8, 28.8, 28.8, -999.0, 28.5, 28.5, 28.04, 28.24, 27.99, 27.99, 27.96, 27.96, 27.96], [28.8, 28.8, 28.8, 28.8, 28.8, 28.8, 28.8, 28.8, 28.8, 28.8, -999.0, 27.8, 27.8, 27.8, 28.18, 27.97, 27.97, 27.93, 27.94, 27.95], [28.8, 28.8, 28.8, 28.8, 28.8, 28.8, 28.8, 28.8, 28.8, 28.8, 28.8, 28.42, 27.8, 27.8, 27.8, 27.94, 27.95, 27.91, 27.92, 27.93], [28.8, 28.8, 28.8, 28.8, 28.8, 28.8, 28.8, 28.8, 28.8, 28.8, 28.17, 28.24, 28.15, 28.06, 28.16, 27.91, 27.93, 27.9, 27.96, 27.97], [28.8, 28.8, 28.8, 28.8, 28.8, 28.8, 28.8, 28.8, 28.8, 28.8, 28.37, 28.25, 28.12, 28.0, 27.95, 27.87, 27.9, 27.92, 27.94, 27.95], [28.8, 28.8, 28.8, 28.8, 28.8, 28.8, 28.8, 28.8, 28.8, 28.55, 28.41, 28.26, 28.11, 27.96, 27.82, 27.87, 27.9, 27.93, 27.94, 27.95], [28.8, 28.8, 28.8, 28.8, 28.8, 28.8, 28.8, 28.8, 28.71, 28.61, 28.49, 28.37, 28.13, 28.01, 27.86, 27.89, 27.92, 27.94, 27.95, 27.96], [28.8, 28.8, 28.74, 28.75, 28.75, 28.75, 28.76, 28.78, 28.69, 28.61, 28.51, 28.4, 28.17, 28.09, 27.91, 27.93, 27.95, 27.96, 27.97, 27.97], [28.74, 28.74, 28.74, 28.76, 28.76, 28.76, 28.77, 28.77, 28.62, 28.58, 28.51, 28.43, 28.19, 27.94, 27.95, 27.96, 27.98, 27.98, 27.99, 27.99], [28.75, 28.75, 28.75, 28.76, 28.76, 28.76, 28.76, 28.78, 28.59, 28.56, 28.52, 28.47, 28.19, 27.97, 27.98, 27.99, 28.01, 28.01, 28.0, 28.0], [28.75, 28.75, 28.75, 28.79, 28.79, 28.78, 28.78, 28.78, 28.77, 28.77, 28.77, 28.57, 28.29, 27.98, 28.0, 28.02, 28.04, 28.03, 28.02, 28.01], [28.79, 28.79, 28.79, 28.79, 28.79, 28.78, 28.78, 28.77, 28.76, 28.75, 28.76, 28.6, 28.31, 28.24, 28.18, 28.03, 28.07, 28.04, 28.02, 28.01], [28.79, 28.79, 28.79, 28.79, 28.79, 28.78, 28.78, 28.76, 28.74, 28.73, 28.75, 28.63, 28.58, 28.24, 28.18, 28.13, 28.03, 28.02, 28.02, 28.01], [28.79, 28.79, 28.79, 28.79, 28.79, 28.79, 28.78, 28.77, 28.75, 28.73, 28.68, 28.65, 28.6, 28.25, 28.19, 28.18, 28.13, 28.12, 28.01, 28.01], [28.8, 28.8, 28.79, 28.79, 28.79, 28.79, 28.79, 28.78, 28.78, 28.78, 28.7, 28.68, 28.64, 28.35, 28.28, 28.22, 28.18, 28.17, 28.17, 28.18], [28.8, 28.8, 28.8, 28.8, 28.8, 28.8, 28.8, 28.8, 28.81, 28.75, 28.76, 28.71, 28.65, 28.58, 28.33, 28.27, 28.23, 28.21, 28.2, 28.21], [28.8, 28.8, 28.8, 28.8, 28.8, 28.8, 28.81, 28.81, 28.83, 28.8, 28.85, 28.75, 28.67, 28.61, 28.37, 28.31, 28.27, 28.25, 28.24, 28.23], [28.8, 28.8, 28.8, 28.8, 28.8, 28.81, 28.81, 28.82, 28.74, 28.79, 28.82, 28.75, 28.68, 28.62, 28.4, 28.34, 28.3, 28.28, 28.26, 28.25], [28.8, 28.8, 28.8, 28.8, 28.81, 28.81, 28.81, 28.82, 28.72, 28.75, 28.75, 28.72, 28.67, 28.62, 28.42, 28.37, 28.33, 28.3, 28.29, 28.28], [28.8, 28.8, 28.8, 28.81, 28.81, 28.81, 28.82, 28.69, 28.7, 28.71, 28.71, 28.69, 28.66, 28.62, 28.42, 28.38, 28.35, 28.32, 28.31, 28.29]]}]