gis_exercise/awsData/contour/wdir_2023090418.json
[{"header": {"refTime": "2023-09-04T18:00:00.000Z", "nx": 21, "ny": 33, "lo1": 113.509, "la1": 22.2235, "lo2": 113.5947, "la2": 22.1034, "dx": 0.0042850000000001385, "dy": 0.003753125000000024, "parameterCategory": 2, "parameterCategoryName": "Temperature", "parameterNumber": 2}, "data": [1.36, 1.34, 1.32, 1.16, 1.15, 0.83, 0.83, 0.84, 0.83, 0.96, 0.95, 0.93, 0.87, 0.87, 0.78, 0.8, 0.96, 0.98, 0.99, 1.0, 1.37, 1.35, 1.33, 1.3, 1.14, 1.13, 0.84, 0.86, 0.86, 0.95, 0.94, 0.92, 0.85, 0.85, 0.77, 0.94, 0.97, 0.98, 1.0, 1.0, 1.39, 1.37, 1.35, 1.32, 1.15, 1.13, 1.1, 0.87, 0.91, 0.95, 0.93, 0.89, 0.81, 0.82, 0.9, 0.94, 0.97, 0.99, 1.0, 1.01, 1.41, 1.39, 1.37, 1.34, 1.3, 1.14, 1.12, 1.08, 1.05, 0.97, 0.93, 0.84, 0.73, 0.93, 0.89, 0.95, 0.98, 1.01, 1.02, 1.02, 1.43, 1.42, 1.4, 1.38, 1.34, 1.15, 1.14, 1.14, 1.15, 1.02, 0.96, 0.89, 0.63, 0.88, 0.9, 0.97, 1.01, 1.03, 1.04, 1.04, 1.46, 1.46, 1.44, 1.42, 1.39, 1.34, 1.17, 1.17, 1.2, 1.27, 1.22, 1.03, 0.83, 1.06, 0.94, 1.0, 1.04, 1.06, 1.06, 1.05, 1.79, 1.5, 1.49, 1.48, 1.45, 1.4, 1.51, 1.16, 1.19, 1.44, 1.53, 1.29, 1.29, 1.29, 1.01, 1.04, 1.08, 1.1, 1.18, 1.19, 1.81, 1.81, 1.81, 1.92, 1.88, 1.66, 1.53, 1.32, 1.11, 1.45, 1.65, 1.68, 1.68, 1.49, 1.61, 1.48, 1.32, 1.26, 1.35, 1.41, 1.83, 1.84, 1.85, 1.86, 1.97, 1.92, 1.81, 1.47, 1.44, 1.42, 1.78, 1.8, 1.92, 1.87, 1.66, 1.54, 1.44, 1.39, 1.41, 1.44, 2.24, 2.24, 2.24, 1.92, 1.97, 2.08, 1.99, 1.88, 1.68, 1.69, 1.82, 1.89, 1.99, 1.91, 1.69, 1.59, 1.52, 1.47, 1.46, 1.47, 2.23, 2.24, 2.24, 2.25, 2.26, 2.3, 2.27, 2.29, 2.05, 1.85, 2.13, 1.87, 1.9, 1.88, 1.7, 1.62, 1.56, 1.53, 1.51, 1.5, 2.23, 2.23, 2.23, 2.23, 2.24, 2.24, 2.24, 2.31, 2.35, 2.27, 2.17, 2.06, 2.04, 1.86, 1.69, 1.64, 1.59, 1.89, 1.87, 1.87, 2.23, 2.22, 2.22, 2.22, 2.21, 2.18, 2.15, 2.25, 2.32, 2.29, 2.24, 2.08, 2.05, 2.13, 2.15, 2.04, 2.01, 1.98, 1.95, 1.94, 2.22, 2.22, 2.21, 2.2, 2.18, 2.14, 2.04, 2.17, 2.24, 2.26, 2.23, 2.43, 2.44, 2.45, 2.22, 2.13, 2.09, 2.06, 2.03, 2.0, 2.22, 2.22, 2.21, 2.2, 2.18, 2.16, 2.14, 2.0, 2.0, 1.99, 1.97, 2.23, 2.48, 2.5, 2.51, 2.23, 2.18, 2.14, 2.1, 2.06, 2.22, 2.21, 1.91, 1.91, 1.9, 1.93, 1.93, 1.92, 1.91, 1.9, 2.13, 2.21, 2.29, 2.32, 2.37, 2.4, 2.35, 2.3, 1.99, 1.93, 1.9, 1.89, 1.88, 1.87, 1.89, 1.87, 1.84, 1.81, 1.79, 1.8, 2.07, 2.19, 2.32, 2.45, 2.42, 2.17, 1.98, 1.83, 1.72, 1.64, 1.88, 1.87, 1.86, 1.84, 1.85, 1.81, 1.75, 1.67, 1.63, 1.76, 1.91, 2.16, 2.32, 2.41, 2.67, 2.24, 1.97, 1.79, 1.67, 1.59, 1.86, 1.85, 1.83, 1.84, 1.81, 1.76, 1.68, 1.55, 1.45, 1.68, 1.8, 1.97, 2.13, 2.31, 2.28, 2.08, 1.85, 1.7, 1.59, 1.53, 1.85, 1.83, 1.64, 1.63, 1.61, 1.58, 1.54, 1.48, 1.52, 1.64, 1.79, 1.93, 2.05, 2.16, 1.93, 1.82, 1.68, 1.56, 1.49, 1.45, 1.65, 1.64, 1.63, 1.62, 1.6, 1.58, 1.55, 1.53, 1.64, 1.7, 1.79, 1.9, 1.97, 1.71, 1.67, 1.58, 1.48, 1.41, 1.37, 1.35, 1.64, 1.63, 1.63, 1.62, 1.6, 1.59, 1.57, 1.51, 1.7, 1.73, 1.79, 1.86, 1.99, 1.54, 1.47, 1.39, 1.32, 1.27, 1.25, 1.26, 1.64, 1.63, 1.62, 1.54, 1.54, 1.54, 1.54, 1.54, 1.55, 1.56, 1.56, 1.53, 1.17, 1.41, 1.34, 1.26, 1.22, 1.15, 1.13, 1.17, 1.55, 1.55, 1.55, 1.55, 1.55, 1.55, 1.56, 1.57, 1.58, 1.59, 1.58, 1.62, 1.18, 1.11, 1.05, 1.17, 1.29, 0.94, 1.0, 1.09, 1.55, 1.55, 1.55, 1.56, 1.56, 1.57, 1.57, 1.59, 1.6, 1.62, 1.6, 1.62, 1.62, 1.1, 1.03, 0.96, 0.85, 0.66, 0.92, 1.05, 1.56, 1.56, 1.56, 1.56, 1.57, 1.58, 1.58, 1.6, 1.61, 1.62, 1.63, 1.63, 1.62, 1.1, 1.03, 0.95, 0.85, 0.8, 0.96, 1.05, 1.56, 1.56, 1.57, 1.57, 1.58, 1.58, 1.59, 1.6, 1.61, 1.62, 1.64, 1.63, 1.63, 1.14, 1.06, 0.99, 0.93, 0.89, 0.9, 0.93, 1.56, 1.57, 1.57, 1.58, 1.58, 1.59, 1.6, 1.61, 1.62, 1.64, 1.65, 1.44, 1.33, 1.22, 1.11, 1.04, 0.99, 0.96, 0.95, 0.96, 1.57, 1.57, 1.57, 1.58, 1.59, 1.59, 1.6, 1.61, 1.62, 1.65, 1.61, 1.48, 1.37, 1.26, 1.15, 1.08, 1.04, 1.01, 0.99, 0.99, 1.57, 1.57, 1.58, 1.58, 1.59, 1.59, 1.6, 1.61, 1.48, 1.53, 1.57, 1.48, 1.38, 1.28, 1.17, 1.12, 1.07, 1.04, 1.03, 1.02, 1.57, 1.58, 1.58, 1.58, 1.59, 1.59, 1.6, 1.61, 1.45, 1.48, 1.48, 1.43, 1.36, 1.28, 1.19, 1.14, 1.1, 1.07, 1.06, 1.04, 1.57, 1.58, 1.58, 1.58, 1.59, 1.59, 1.6, 1.4, 1.42, 1.43, 1.42, 1.39, 1.34, 1.28, 1.2, 1.16, 1.12, 1.1, 1.08, 1.06]}, {"header": {"refTime": "2023-09-04T18:00:00.000Z", "nx": 21, "ny": 33, "lo1": 113.509, "la1": 22.2235, "lo2": 113.5947, "la2": 22.1034, "dx": 0.0042850000000001385, "dy": 0.003753125000000024, "parameterCategory": 2, "parameterCategoryName": "Temperature", "parameterNumber": 3}, "data": [-1.05, -1.04, -1.02, -0.95, -0.92, -0.8, -0.75, -0.7, -0.68, -0.46, -0.47, -0.48, -0.9, -0.93, -1.17, -1.27, -1.93, -1.99, -2.03, -2.06, -1.06, -1.05, -1.04, -1.01, -0.93, -0.88, -0.74, -0.66, -0.6, -0.45, -0.47, -0.48, -0.89, -0.93, -1.18, -1.85, -1.95, -2.02, -2.07, -2.1, -1.07, -1.06, -1.05, -1.03, -0.95, -0.9, -0.82, -0.62, -0.43, -0.44, -0.47, -0.48, -0.87, -0.91, -1.71, -1.86, -1.99, -2.08, -2.13, -2.15, -1.09, -1.08, -1.07, -1.06, -1.04, -0.95, -0.88, -0.77, -0.66, -0.46, -0.48, -0.48, -0.82, -0.96, -1.68, -1.9, -2.06, -2.16, -2.21, -2.22, -1.1, -1.1, -1.1, -1.1, -1.09, -1.03, -1.0, -0.96, -0.92, -0.5, -0.51, -0.89, -0.63, -0.92, -1.7, -1.98, -2.19, -2.3, -2.32, -2.3, -1.11, -1.11, -1.12, -1.13, -1.14, -1.17, -1.14, -1.16, -1.14, -1.07, -1.12, -1.04, -0.88, -1.48, -1.82, -2.13, -2.4, -2.51, -2.46, -2.38, -1.58, -1.13, -1.14, -1.15, -1.18, -1.23, -1.41, -1.38, -1.38, -1.52, -1.44, -1.37, -1.91, -1.88, -1.99, -2.28, -2.67, -2.82, -2.66, -2.54, -1.57, -1.56, -1.55, -1.67, -1.68, -1.32, -1.41, -1.6, -1.86, -1.44, -1.07, -2.15, -2.35, -2.19, -2.85, -2.92, -3.0, -3.03, -2.99, -2.96, -1.56, -1.54, -1.52, -1.5, -1.6, -1.62, -1.72, -1.47, -1.74, -1.57, -1.82, -2.27, -2.59, -2.44, -2.86, -2.91, -2.95, -2.97, -2.96, -2.95, -1.7, -1.68, -1.64, -1.45, -1.38, -1.44, -1.61, -1.81, -1.81, -1.7, -2.07, -2.36, -2.64, -2.46, -2.87, -2.89, -2.92, -2.94, -2.94, -2.93, -1.71, -1.68, -1.65, -1.58, -1.44, -1.02, -1.57, -1.89, -2.02, -1.88, -2.17, -2.3, -2.4, -2.38, -2.87, -2.88, -2.9, -2.91, -2.92, -2.92, -1.72, -1.7, -1.67, -1.63, -1.56, -1.53, -1.76, -2.1, -2.25, -2.49, -2.23, -2.7, -2.73, -2.31, -2.87, -2.88, -2.89, -2.78, -2.78, -2.78, -1.74, -1.73, -1.71, -1.7, -1.71, -1.78, -1.91, -2.09, -2.2, -2.09, -2.51, -2.68, -2.7, -2.56, -2.54, -2.71, -2.71, -2.72, -2.73, -2.73, -1.76, -1.75, -1.75, -1.76, -1.8, -1.87, -1.96, -2.0, -2.05, -2.03, -2.48, -2.53, -2.52, -2.5, -2.47, -2.62, -2.64, -2.65, -2.67, -2.68, -1.77, -1.77, -1.78, -1.8, -1.83, -1.88, -1.93, -2.16, -2.2, -2.22, -2.22, -2.23, -2.45, -2.42, -2.4, -2.53, -2.55, -2.59, -2.62, -2.64, -1.79, -1.79, -1.69, -1.71, -1.74, -2.15, -2.15, -2.17, -2.18, -2.19, -2.22, -2.2, -2.17, -2.25, -2.23, -2.27, -2.29, -2.31, -2.36, -2.39, -1.69, -1.7, -1.71, -1.73, -2.16, -2.15, -2.15, -2.16, -2.16, -2.17, -2.19, -2.17, -2.15, -2.12, -2.07, -2.11, -2.13, -2.15, -2.16, -2.17, -1.7, -1.72, -1.73, -1.76, -2.16, -2.15, -2.15, -2.14, -2.14, -2.06, -2.06, -2.16, -2.14, -2.07, -2.05, -2.1, -2.13, -2.15, -2.16, -2.17, -1.72, -1.73, -1.75, -2.16, -2.16, -2.15, -2.14, -2.13, -2.09, -2.07, -1.78, -1.76, -2.09, -2.08, -2.1, -2.12, -2.14, -2.16, -2.17, -2.18, -1.73, -1.74, -1.61, -1.63, -1.65, -1.69, -1.75, -1.85, -1.91, -1.8, -1.72, -1.7, -2.1, -2.09, -2.14, -2.15, -2.16, -2.18, -2.18, -2.19, -1.57, -1.57, -1.57, -1.58, -1.59, -1.61, -1.65, -1.69, -1.71, -1.66, -1.62, -1.61, -2.11, -2.16, -2.16, -2.17, -2.19, -2.19, -2.2, -2.2, -1.54, -1.53, -1.53, -1.53, -1.53, -1.52, -1.52, -1.47, -1.5, -1.48, -1.47, -1.5, -1.58, -2.18, -2.19, -2.2, -2.21, -2.21, -2.21, -2.21, -1.51, -1.5, -1.49, -1.41, -1.4, -1.38, -1.35, -1.31, -1.25, -1.22, -1.23, -1.41, -1.59, -2.19, -2.2, -2.21, -2.22, -2.23, -2.22, -2.22, -1.41, -1.4, -1.39, -1.38, -1.35, -1.31, -1.26, -1.17, -1.05, -1.0, -1.07, -1.21, -1.55, -1.75, -1.92, -2.22, -2.22, -2.24, -2.23, -2.22, -1.4, -1.39, -1.37, -1.35, -1.32, -1.27, -1.2, -1.07, -0.87, -0.7, -0.94, -1.18, -1.35, -1.72, -1.9, -2.04, -2.25, -2.26, -2.24, -2.23, -1.39, -1.37, -1.36, -1.33, -1.3, -1.26, -1.18, -1.07, -0.89, -0.74, -0.99, -1.21, -1.36, -1.69, -1.86, -2.17, -2.2, -2.21, -2.24, -2.23, -1.38, -1.37, -1.35, -1.33, -1.3, -1.26, -1.21, -1.15, -1.08, -1.07, -1.19, -1.3, -1.39, -2.07, -2.11, -2.15, -2.17, -2.18, -2.18, -2.17, -1.38, -1.36, -1.35, -1.33, -1.31, -1.29, -1.26, -1.25, -1.26, -1.34, -1.42, -1.44, -1.47, -1.52, -2.08, -2.12, -2.14, -2.15, -2.16, -2.16, -1.37, -1.36, -1.35, -1.34, -1.33, -1.32, -1.31, -1.33, -1.38, -1.52, -1.64, -1.53, -1.51, -1.53, -2.06, -2.09, -2.12, -2.13, -2.14, -2.14, -1.37, -1.37, -1.36, -1.35, -1.34, -1.34, -1.35, -1.37, -1.45, -1.55, -1.61, -1.55, -1.53, -1.54, -2.04, -2.07, -2.1, -2.11, -2.12, -2.13, -1.38, -1.37, -1.36, -1.36, -1.36, -1.36, -1.37, -1.39, -1.46, -1.51, -1.54, -1.54, -1.53, -1.54, -2.03, -2.06, -2.08, -2.1, -2.11, -2.11, -1.38, -1.37, -1.37, -1.37, -1.37, -1.37, -1.38, -1.43, -1.46, -1.49, -1.51, -1.52, -1.53, -1.54, -2.02, -2.05, -2.07, -2.08, -2.1, -2.1]}, {"header": {"refTime": "2023-09-04T18:00:00.000Z", "nx": 21, "ny": 33, "lo1": 113.509, "la1": 22.2235, "lo2": 113.5947, "la2": 22.1034, "dx": 0.0042850000000001385, "dy": 0.003753125000000024, "parameterCategory": 0, "parameterCategoryName": "Temperature", "parameterNumber": 0}, "data": [[33.17, 33.16, 33.15, 32.91, 32.91, 33.14, 33.12, 33.11, 33.11, 33.06, 33.1, 33.14, 33.48, 33.51, 33.52, 33.54, 33.85, 33.86, 33.86, 33.86], [33.18, 33.17, 33.16, 33.14, 32.91, 32.91, 33.1, 33.07, 33.05, 33.04, 33.1, 33.16, 33.51, 33.54, 33.54, 33.85, 33.85, 33.86, 33.86, 33.86], [33.19, 33.18, 33.17, 33.15, 32.91, 32.91, 32.91, 33.04, 32.94, 33.02, 33.12, 33.2, 33.55, 33.57, 33.83, 33.84, 33.85, 33.86, 33.86, 33.87], [33.2, 33.19, 33.18, 33.16, 33.14, 32.91, 32.91, 32.91, 32.9, 33.04, 33.15, 33.28, 33.61, 33.57, 33.83, 33.85, 33.86, 33.86, 33.87, 33.87], [33.21, 33.2, 33.2, 33.18, 33.17, 32.92, 32.92, 32.92, 32.91, 33.07, 33.17, 33.56, 33.65, 33.6, 33.83, 33.85, 33.86, 33.87, 33.87, 33.87], [33.22, 33.22, 33.22, 33.21, 33.19, 33.17, 32.93, 32.93, 32.92, 32.89, 33.4, 33.53, 33.61, 33.8, 33.85, 33.86, 33.87, 33.88, 33.88, 33.88], [33.38, 33.24, 33.24, 33.24, 33.23, 33.21, 33.12, 32.97, 32.96, 33.09, 33.11, 33.49, 33.87, 33.85, 33.86, 33.87, 33.89, 33.89, 33.86, 33.85], [33.39, 33.39, 33.39, 33.39, 33.38, 33.2, 33.15, 33.1, 33.11, 33.04, 32.88, 33.6, 33.61, 33.85, 33.94, 33.95, 33.93, 33.92, 33.93, 33.94], [33.31, 33.32, 33.41, 33.42, 33.42, 33.4, 33.34, 33.13, 32.97, 33.12, 33.2, 33.39, 33.48, 33.36, 33.94, 33.95, 33.94, 33.93, 33.94, 33.94], [33.6, 33.6, 33.6, 33.37, 33.4, 33.49, 33.43, 33.34, 32.87, 32.89, 33.49, 33.27, 33.34, 33.31, 33.94, 33.96, 33.95, 33.94, 33.94, 33.95], [33.6, 33.6, 33.6, 33.6, 33.6, 33.6, 33.6, 33.6, 33.42, 32.96, 32.7, 33.2, 33.25, 33.26, 33.94, 33.96, 33.95, 33.95, 33.95, 33.95], [33.6, 33.6, 33.6, 33.6, 33.6, 33.6, 33.6, 33.6, 33.6, -999.0, 32.7, 34.0, 34.0, 33.22, 33.94, 33.96, 33.96, 32.76, 32.79, 32.8], [33.6, 33.6, 33.6, 33.6, 33.6, 33.6, 33.6, 33.6, 33.6, 33.6, -999.0, 34.0, 34.0, 32.63, 33.23, 33.17, 33.19, 32.94, 32.98, 33.0], [33.6, 33.6, 33.6, 33.6, 33.6, 33.6, 33.6, 33.6, 33.6, 33.6, -999.0, 31.9, 31.9, 31.9, 33.05, 33.01, 33.04, 32.79, 32.84, 32.88], [33.6, 33.6, 33.6, 33.6, 33.6, 33.6, 33.6, 33.2, 33.2, 33.2, 33.2, 32.7, 31.9, 31.9, 31.9, 32.82, 32.88, 32.64, 32.72, 32.78], [33.6, 33.6, 33.35, 33.34, 33.34, 33.2, 33.2, 33.2, 33.2, 33.2, 32.38, 32.47, 32.35, 32.24, 32.36, 32.41, 32.49, 32.35, 32.8, 32.87], [33.34, 33.34, 33.46, 33.45, 33.2, 33.2, 33.2, 33.2, 33.2, 33.2, 32.64, 32.48, 32.31, 32.15, 32.21, 32.08, 32.14, 32.18, 32.22, 32.24], [33.46, 33.45, 33.45, 33.43, 33.2, 33.2, 33.2, 33.2, 33.2, 32.87, 32.7, 32.5, 32.3, 32.22, 31.95, 32.06, 32.15, 32.2, 32.23, 32.25], [33.45, 33.44, 33.43, 33.2, 33.2, 33.2, 33.2, 33.2, 33.08, 32.95, 32.9, 32.74, 32.51, 32.33, 32.05, 32.11, 32.19, 32.24, 32.26, 32.27], [33.44, 33.44, 33.43, 33.42, 33.4, 33.38, 33.35, 33.27, 33.12, 33.05, 32.94, 32.8, 32.6, 32.5, 32.17, 32.21, 32.26, 32.29, 32.3, 32.3], [33.44, 33.44, 33.43, 33.37, 33.36, 33.35, 33.33, 33.31, 33.09, 33.05, 32.98, 32.88, 32.69, 32.24, 32.27, 32.31, 32.34, 32.35, 32.34, 32.33], [33.39, 33.38, 33.38, 33.38, 33.38, 33.37, 33.37, 33.43, 33.12, 33.09, 33.04, 32.96, 32.9, 32.3, 32.35, 32.4, 32.44, 32.42, 32.38, 32.34], [33.39, 33.39, 33.39, 33.47, 33.47, 33.47, 33.47, 33.48, 33.49, 33.49, 33.5, 33.4, 32.91, 32.35, 32.4, 32.49, 32.6, 32.5, 32.39, 32.35], [33.49, 33.49, 33.49, 33.49, 33.49, 33.49, 33.5, 33.51, 33.53, 33.54, 33.54, 33.55, 32.93, 32.81, 32.73, 32.51, 32.9, 32.4, 32.33, 32.33], [33.5, 33.5, 33.5, 33.5, 33.51, 33.51, 33.53, 33.54, 33.56, 33.58, 33.56, 33.56, 33.54, 32.81, 32.71, 32.61, 32.29, 32.08, 32.26, 32.3], [33.5, 33.51, 33.51, 33.51, 33.52, 33.53, 33.54, 33.56, 33.58, 33.59, 33.59, 33.57, 33.55, 32.82, 32.7, 32.61, 32.47, 32.4, 32.27, 32.29], [33.51, 33.51, 33.52, 33.52, 33.53, 33.54, 33.55, 33.57, 33.58, 33.59, 33.6, 33.59, 33.57, 32.89, 32.77, 32.67, 32.58, 32.53, 32.54, 32.58], [33.52, 33.52, 33.53, 33.53, 33.54, 33.55, 33.56, 33.58, 33.6, 33.62, 33.63, 33.36, 33.22, 33.06, 32.84, 32.74, 32.67, 32.63, 32.62, 32.63], [33.52, 33.53, 33.53, 33.54, 33.55, 33.56, 33.57, 33.59, 33.61, 33.65, 33.61, 33.43, 33.27, 33.11, 32.9, 32.81, 32.74, 32.7, 32.68, 32.67], [33.53, 33.53, 33.54, 33.54, 33.55, 33.56, 33.58, 33.59, 33.42, 33.5, 33.55, 33.43, 33.28, 33.14, 32.95, 32.86, 32.79, 32.75, 32.73, 32.71], [33.53, 33.53, 33.54, 33.55, 33.56, 33.57, 33.58, 33.59, 33.39, 33.42, 33.43, 33.36, 33.26, 33.15, 32.97, 32.9, 32.84, 32.8, 32.77, 32.75], [33.53, 33.54, 33.54, 33.55, 33.56, 33.57, 33.58, 33.32, 33.34, 33.35, 33.34, 33.3, 33.23, 33.15, 32.98, 32.92, 32.87, 32.83, 32.8, 32.78]]}]