gis_exercise/awsData/contour/wdir_2023090311.json
[{"header": {"refTime": "2023-09-03T11:00:00.000Z", "nx": 21, "ny": 33, "lo1": 113.509, "la1": 22.2235, "lo2": 113.5947, "la2": 22.1034, "dx": 0.0042850000000001385, "dy": 0.003753125000000024, "parameterCategory": 2, "parameterCategoryName": "Temperature", "parameterNumber": 2}, "data": [-2.61, -2.62, -2.62, -2.84, -2.82, -2.95, -2.92, -2.9, -2.9, -2.91, -2.97, -3.03, -2.95, -2.97, -3.08, -3.08, -3.03, -3.01, -3.0, -2.99, -2.61, -2.62, -2.62, -2.63, -2.83, -2.8, -2.9, -2.84, -2.81, -2.86, -2.97, -3.06, -2.99, -3.01, -3.11, -3.05, -3.03, -3.01, -3.0, -2.99, -2.61, -2.61, -2.62, -2.63, -2.83, -2.81, -2.78, -2.8, -2.63, -2.82, -2.99, -3.11, -3.06, -3.06, -3.09, -3.05, -3.02, -3.0, -2.99, -2.98, -2.6, -2.61, -2.62, -2.63, -2.64, -2.83, -2.8, -2.75, -2.71, -2.89, -3.05, -3.2, -3.18, -3.21, -3.11, -3.05, -3.01, -2.98, -2.97, -2.97, -2.6, -2.6, -2.61, -2.62, -2.64, -2.86, -2.85, -2.83, -2.82, -2.99, -3.11, -3.25, -3.44, -3.25, -3.1, -3.03, -2.98, -2.96, -2.96, -2.95, -2.59, -2.59, -2.6, -2.61, -2.63, -2.67, -2.9, -2.91, -2.91, -2.91, -3.05, -3.15, -3.28, -3.45, -3.05, -2.99, -2.95, -2.93, -2.93, -2.94, -3.62, -2.58, -2.58, -2.59, -2.62, -2.66, -2.83, -2.98, -2.99, -2.92, -2.87, -2.93, -3.27, -3.39, -2.98, -2.95, -2.91, -2.89, -3.21, -3.31, -3.62, -3.58, -3.52, -3.42, -3.39, -2.71, -2.81, -2.94, -3.05, -2.93, -2.93, -2.94, -2.97, -3.4, -3.25, -3.15, -3.02, -2.98, -3.05, -3.1, -3.64, -3.59, -3.52, -3.42, -3.29, -3.3, -3.41, -2.85, -3.58, -2.91, -3.19, -3.3, -3.68, -3.5, -3.34, -3.22, -3.13, -3.08, -3.1, -3.12, -4.47, -4.39, -4.26, -3.39, -3.18, -3.03, -3.36, -3.71, -4.04, -3.93, -3.33, -3.55, -3.88, -3.61, -3.41, -3.29, -3.2, -3.16, -3.15, -3.15, -4.5, -4.42, -4.3, -4.08, -3.62, -2.27, -3.96, -4.83, -4.41, -4.39, -4.52, -3.5, -3.58, -3.54, -3.42, -3.32, -3.25, -3.21, -3.19, -3.18, -4.55, -4.49, -4.41, -4.27, -4.05, -3.95, -4.61, -5.34, -5.61, -5.75, -4.73, -4.36, -4.24, -3.48, -3.4, -3.33, -3.28, -3.67, -3.64, -3.63, -4.61, -4.58, -4.56, -4.55, -4.61, -4.92, -5.39, -5.5, -5.58, -5.37, -5.64, -4.48, -4.34, -3.71, -3.71, -3.82, -3.77, -3.73, -3.7, -3.68, -4.67, -4.68, -4.7, -4.76, -4.93, -5.32, -5.97, -5.54, -5.42, -5.33, -5.68, -4.92, -4.8, -4.71, -3.74, -3.84, -3.8, -3.77, -3.74, -3.72, -4.73, -4.75, -4.8, -4.89, -5.05, -5.28, -5.47, -5.36, -5.17, -5.01, -4.9, -4.12, -4.73, -4.63, -4.57, -3.87, -3.84, -3.81, -3.78, -3.76, -4.78, -4.81, -3.71, -3.81, -3.94, -5.03, -4.99, -4.86, -4.71, -4.62, -3.91, -3.93, -3.95, -3.64, -3.71, -3.85, -3.82, -3.78, -3.35, -3.3, -3.57, -3.6, -3.64, -3.68, -4.72, -4.63, -4.46, -4.24, -4.09, -4.11, -3.64, -3.77, -3.86, -3.93, -3.61, -3.66, -3.54, -3.44, -3.37, -3.33, -3.53, -3.54, -3.55, -3.54, -4.46, -4.26, -3.94, -3.51, -3.29, -3.18, -3.45, -3.63, -3.79, -3.59, -3.95, -3.7, -3.53, -3.42, -3.34, -3.3, -3.49, -3.48, -3.47, -4.41, -4.25, -3.99, -3.57, -2.87, -2.19, -2.86, -3.04, -3.33, -3.19, -3.45, -3.73, -3.6, -3.45, -3.35, -3.29, -3.25, -3.45, -3.43, -4.12, -4.02, -3.88, -3.66, -3.34, -2.87, -2.41, -2.76, -3.11, -3.36, -3.08, -3.25, -3.5, -3.42, -3.33, -3.26, -3.22, -3.2, -4.2, -4.15, -4.09, -4.0, -3.88, -3.72, -3.51, -3.29, -2.91, -3.07, -3.28, -3.45, -2.98, -3.35, -3.32, -3.26, -3.2, -3.16, -3.14, -3.14, -4.18, -4.14, -4.09, -4.02, -3.93, -3.83, -3.72, -2.76, -3.32, -3.41, -3.51, -3.58, -3.86, -3.24, -3.19, -3.12, -3.06, -3.05, -3.07, -3.09, -4.18, -4.14, -4.1, -2.74, -2.78, -2.84, -2.91, -3.02, -3.13, -3.19, -3.14, -3.41, -3.58, -3.16, -3.09, -3.01, -2.93, -2.95, -3.01, -3.05, -2.69, -2.71, -2.74, -2.78, -2.84, -2.93, -3.06, -3.26, -3.51, -3.62, -3.43, -3.36, -3.63, -3.41, -3.21, -2.95, -2.79, -2.91, -2.98, -3.02, -2.7, -2.72, -2.75, -2.8, -2.87, -2.97, -3.13, -3.41, -3.88, -4.29, -3.68, -3.37, -3.11, -3.44, -3.24, -3.07, -2.94, -2.96, -2.98, -3.02, -2.7, -2.72, -2.75, -2.79, -2.86, -2.95, -3.1, -3.35, -3.8, -4.16, -3.63, -3.21, -3.0, -3.47, -3.29, -2.58, -2.68, -2.71, -3.0, -3.03, -2.69, -2.71, -2.74, -2.77, -2.82, -2.88, -2.97, -3.1, -3.24, -3.22, -3.05, -2.86, -2.79, -2.2, -2.35, -2.48, -2.56, -2.6, -2.59, -2.57, -2.68, -2.69, -2.71, -2.73, -2.76, -2.78, -2.8, -2.79, -2.69, -2.52, -2.3, -2.45, -2.62, -2.73, -2.25, -2.38, -2.46, -2.51, -2.52, -2.51, -2.66, -2.67, -2.68, -2.69, -2.69, -2.68, -2.64, -2.54, -2.31, -1.89, -1.43, -2.05, -2.41, -2.61, -2.16, -2.29, -2.37, -2.43, -2.45, -2.46, -2.65, -2.65, -2.65, -2.65, -2.63, -2.6, -2.53, -2.4, -2.3, -1.88, -1.62, -2.0, -2.33, -2.53, -2.1, -2.22, -2.3, -2.36, -2.39, -2.41, -2.63, -2.63, -2.62, -2.61, -2.58, -2.54, -2.47, -2.35, -2.33, -2.13, -2.04, -2.17, -2.36, -2.52, -2.06, -2.17, -2.25, -2.3, -2.34, -2.37, -2.61, -2.61, -2.6, -2.58, -2.55, -2.51, -2.44, -2.54, -2.42, -2.31, -2.27, -2.32, -2.43, -2.54, -2.05, -2.14, -2.21, -2.26, -2.3, -2.33]}, {"header": {"refTime": "2023-09-03T11:00:00.000Z", "nx": 21, "ny": 33, "lo1": 113.509, "la1": 22.2235, "lo2": 113.5947, "la2": 22.1034, "dx": 0.0042850000000001385, "dy": 0.003753125000000024, "parameterCategory": 2, "parameterCategoryName": "Temperature", "parameterNumber": 3}, "data": [0.63, 0.62, 0.61, 0.61, 0.6, 0.37, 0.36, 0.36, 0.35, 0.35, 0.34, 0.32, 0.32, 0.32, -0.05, -0.07, 0.05, 0.04, 0.03, 0.03, 0.63, 0.63, 0.62, 0.61, 0.6, 0.58, 0.37, 0.36, 0.35, 0.35, 0.33, 0.31, 0.3, 0.3, -0.06, 0.06, 0.04, 0.03, 0.02, 0.01, 0.64, 0.63, 0.63, 0.61, 0.61, 0.59, 0.55, 0.37, 0.36, 0.35, 0.32, 0.28, 0.27, 0.28, 0.07, 0.05, 0.02, 0.0, -0.01, -0.01, 0.65, 0.64, 0.64, 0.63, 0.61, 0.6, 0.58, 0.53, 0.49, 0.36, 0.32, 0.24, 0.21, 0.34, 0.07, 0.03, -0.0, -0.03, -0.04, -0.03, 0.66, 0.65, 0.65, 0.64, 0.63, 0.63, 0.62, 0.6, 0.6, 0.38, 0.33, 0.3, 0.1, 0.29, 0.07, 0.02, -0.05, -0.08, -0.08, -0.06, 0.67, 0.67, 0.67, 0.66, 0.66, 0.65, 0.66, 0.67, 0.68, 0.69, 0.55, 0.41, 0.26, 0.45, 0.09, -0.01, -0.12, -0.17, -0.14, -0.1, 0.82, 0.68, 0.68, 0.68, 0.68, 0.68, 0.81, 0.72, 0.73, 0.83, 0.85, 0.62, 0.66, 0.65, 0.12, -0.04, -0.23, -0.31, -0.13, -0.04, 0.82, 0.82, 0.82, 1.03, 1.02, 0.81, 0.81, 0.8, 0.79, 0.83, 0.85, 0.95, 0.97, 0.81, 0.59, 0.31, -0.04, -0.16, 0.03, 0.15, 0.83, 0.83, 0.82, 0.82, 1.01, 1.01, 1.01, 0.8, 0.96, 0.83, 0.97, 1.02, 1.11, 1.07, 0.66, 0.42, 0.2, 0.1, 0.14, 0.21, 1.09, 1.08, 1.07, 0.83, 0.83, 0.98, 1.03, 1.09, 1.11, 1.09, 1.01, 1.07, 1.15, 1.09, 0.7, 0.52, 0.36, 0.28, 0.26, 0.28, 1.09, 1.08, 1.06, 1.04, 0.99, 0.84, 1.07, 1.24, 1.29, 1.23, 1.3, 1.06, 1.08, 1.07, 0.71, 0.57, 0.46, 0.39, 0.35, 0.35, 1.09, 1.08, 1.06, 1.05, 1.02, 1.01, 1.12, 1.37, 1.5, 1.44, 1.36, 1.3, 1.27, 1.05, 0.69, 0.6, 0.52, -0.02, -0.05, -0.07, 1.09, 1.08, 1.07, 1.06, 1.05, 1.05, 1.07, 1.29, 1.43, 1.34, 1.37, 1.34, 1.3, 0.53, 0.48, 0.04, -0.02, -0.05, -0.07, -0.09, 1.09, 1.09, 1.08, 1.07, 1.06, 1.04, 0.94, 1.14, 1.26, 1.27, 1.35, 0.82, 0.69, 0.58, 0.3, -0.07, -0.1, -0.11, -0.11, -0.11, 1.1, 1.09, 1.09, 1.08, 1.08, 1.06, 1.07, 1.34, 1.44, 1.49, 1.52, 0.86, 0.51, 0.37, 0.28, -0.21, -0.19, -0.18, -0.16, -0.15, 1.1, 1.1, 1.15, 1.15, 1.15, 1.38, 1.39, 1.44, 1.5, 1.53, 1.0, 0.77, 0.51, 0.16, 0.05, 0.04, 0.17, 0.29, -0.04, 0.02, 1.18, 1.19, 1.19, 1.2, 1.46, 1.47, 1.5, 1.55, 1.59, 1.6, 1.0, 0.71, 0.36, -0.03, -0.23, -0.48, -0.35, -0.25, -0.19, -0.14, 1.21, 1.22, 1.23, 1.26, 1.51, 1.55, 1.6, 1.68, 1.72, 1.16, 0.86, 0.7, 0.28, -0.21, -0.76, -0.52, -0.34, -0.22, -0.15, -0.11, 1.23, 1.25, 1.27, 1.53, 1.55, 1.6, 1.67, 1.78, 1.76, 1.32, 0.34, -0.05, 0.38, 0.01, -0.55, -0.41, -0.25, -0.15, -0.09, -0.06, 1.25, 1.27, 0.42, 0.47, 0.55, 0.67, 0.87, 1.19, 1.2, 0.71, 0.24, -0.1, 0.56, 0.35, -0.29, -0.21, -0.11, -0.04, -0.01, -0.01, 0.29, 0.31, 0.33, 0.36, 0.41, 0.49, 0.61, 0.74, 0.49, 0.27, -0.01, -0.23, 0.73, -0.14, -0.09, -0.01, 0.06, 0.09, 0.07, 0.05, 0.23, 0.23, 0.23, 0.24, 0.25, 0.26, 0.27, 0.04, -0.09, -0.22, -0.35, -0.44, -0.52, -0.01, 0.07, 0.18, 0.26, 0.23, 0.15, 0.09, 0.16, 0.15, 0.13, -0.22, -0.23, -0.26, -0.32, -0.42, -0.55, -0.65, -0.64, -0.02, -0.62, 0.08, 0.19, 0.35, 0.54, 0.38, 0.19, 0.11, -0.27, -0.28, -0.3, -0.33, -0.38, -0.46, -0.6, -0.81, -1.07, -1.2, -1.05, -0.86, -0.69, -0.37, -0.07, 0.4, 1.07, 0.23, 0.1, 0.08, -0.32, -0.34, -0.38, -0.43, -0.5, -0.61, -0.79, -1.07, -1.51, -1.88, -1.38, -0.96, -0.57, -0.44, -0.16, 0.05, 0.04, -0.31, -0.01, 0.04, -0.36, -0.4, -0.44, -0.5, -0.58, -0.69, -0.86, -1.12, -1.52, -1.83, -1.38, -0.94, -0.6, -0.51, -0.27, 0.16, 0.06, -0.02, -0.01, 0.02, -0.4, -0.43, -0.48, -0.54, -0.62, -0.72, -0.85, -1.01, -1.18, -1.23, -1.06, -0.82, -0.58, 0.06, 0.1, 0.11, 0.08, 0.06, 0.07, 0.09, -0.43, -0.46, -0.51, -0.56, -0.63, -0.71, -0.79, -0.87, -0.91, -0.86, -0.74, -1.08, -1.15, -1.18, 0.06, 0.08, 0.08, 0.07, 0.08, 0.09, -0.45, -0.48, -0.52, -0.57, -0.62, -0.68, -0.73, -0.76, -0.73, -0.62, -0.59, -0.88, -1.04, -1.12, 0.02, 0.05, 0.07, 0.07, 0.08, 0.09, -0.46, -0.49, -0.53, -0.57, -0.61, -0.65, -0.68, -0.69, -1.01, -0.81, -0.68, -0.86, -1.0, -1.09, -0.0, 0.03, 0.05, 0.07, 0.07, 0.08, -0.47, -0.5, -0.53, -0.56, -0.59, -0.62, -0.64, -0.65, -1.02, -0.92, -0.88, -0.93, -1.02, -1.08, -0.01, 0.02, 0.04, 0.06, 0.07, 0.08, -0.47, -0.5, -0.52, -0.55, -0.58, -0.6, -0.61, -1.12, -1.06, -1.01, -0.98, -1.0, -1.05, -1.09, -0.02, 0.01, 0.03, 0.05, 0.06, 0.07]}, {"header": {"refTime": "2023-09-03T11:00:00.000Z", "nx": 21, "ny": 33, "lo1": 113.509, "la1": 22.2235, "lo2": 113.5947, "la2": 22.1034, "dx": 0.0042850000000001385, "dy": 0.003753125000000024, "parameterCategory": 0, "parameterCategoryName": "Temperature", "parameterNumber": 0}, "data": [[29.53, 29.53, 29.54, 29.53, 29.55, 29.69, 29.71, 29.74, 29.75, 29.85, 29.85, 29.84, 29.96, 29.97, 29.71, 29.68, 29.68, 29.66, 29.64, 29.63], [29.52, 29.53, 29.54, 29.55, 29.54, 29.57, 29.72, 29.76, 29.79, 29.86, 29.85, 29.85, 29.97, 29.97, 29.71, 29.7, 29.67, 29.64, 29.62, 29.61], [29.52, 29.52, 29.53, 29.54, 29.53, 29.56, 29.61, 29.78, 29.87, 29.86, 29.85, 29.86, 29.97, 29.98, 29.75, 29.69, 29.65, 29.61, 29.6, 29.59], [29.51, 29.51, 29.52, 29.52, 29.53, 29.53, 29.57, 29.65, 29.72, 29.85, 29.85, 29.87, 29.98, 29.9, 29.75, 29.68, 29.61, 29.57, 29.56, 29.56], [29.5, 29.5, 29.5, 29.5, 29.5, 29.48, 29.5, 29.53, 29.55, 29.81, 29.83, 29.9, 29.96, 29.92, 29.75, 29.64, 29.56, 29.51, 29.5, 29.52], [29.5, 29.5, 29.49, 29.49, 29.48, 29.46, 29.42, 29.41, 29.41, 29.44, 29.81, 29.87, 29.93, 30.0, 29.73, 29.59, 29.46, 29.41, 29.44, 29.48], [29.33, 29.49, 29.48, 29.47, 29.46, 29.43, 29.28, 29.29, 29.28, 29.43, 29.53, 29.83, 30.0, 30.0, 29.7, 29.54, 29.33, 29.25, 29.27, 29.32], [29.34, 29.35, 29.35, 29.34, 29.33, 29.34, 29.28, 29.18, 29.11, 29.42, 29.52, 29.85, 29.85, 30.0, 29.44, 29.53, 29.34, 29.26, 29.38, 29.45], [29.26, 29.27, 29.37, 29.38, 29.38, 29.36, 29.29, 29.25, 29.16, 29.43, 29.69, 29.77, 29.8, 29.75, 29.46, 29.57, 29.45, 29.41, 29.43, 29.48], [29.6, 29.6, 29.6, 29.32, 29.36, 29.46, 29.39, 29.29, 29.28, 29.26, 29.8, 29.72, 29.75, 29.73, 29.46, 29.61, 29.53, 29.5, 29.49, 29.51], [29.6, 29.6, 29.6, 29.6, 29.6, 29.6, 29.6, 29.6, 29.39, 29.17, 29.5, 29.69, 29.71, 29.71, 29.45, 29.64, 29.58, 29.55, 29.54, 29.55], [29.6, 29.6, 29.6, 29.6, 29.6, 29.6, 29.6, 29.6, 29.6, -999.0, 29.5, 30.0, 30.0, 29.7, 29.44, 29.67, 29.63, 29.04, 29.04, 29.04], [29.6, 29.6, 29.6, 29.6, 29.6, 29.6, 29.6, 29.6, 29.6, 29.6, -999.0, 30.0, 30.0, 29.35, 29.63, 29.06, 29.06, 29.05, 29.05, 29.05], [29.6, 29.6, 29.6, 29.6, 29.6, 29.6, 29.6, 29.6, 29.6, 29.6, -999.0, 29.0, 29.0, 29.0, 29.55, 29.06, 29.06, 29.04, 29.05, 29.05], [29.6, 29.6, 29.6, 29.6, 29.6, 29.6, 29.6, 30.0, 30.0, 30.0, 30.0, 29.62, 29.0, 29.0, 29.0, 29.05, 29.05, 29.04, 29.04, 29.04], [29.6, 29.6, 29.85, 29.86, 29.86, 30.0, 30.0, 30.0, 30.0, 30.0, 29.37, 29.44, 29.35, 29.26, 29.36, 28.89, 28.87, 28.9, 28.94, 28.94], [29.86, 29.86, 29.74, 29.75, 30.0, 30.0, 30.0, 30.0, 30.0, 30.0, 29.57, 29.45, 29.32, 29.2, 29.09, 29.16, 29.22, 29.27, 29.31, 29.33], [29.74, 29.75, 29.75, 29.77, 30.0, 30.0, 30.0, 30.0, 30.0, 29.75, 29.61, 29.46, 29.31, 29.1, 29.01, 29.14, 29.23, 29.28, 29.32, 29.35], [29.75, 29.76, 29.77, 30.0, 30.0, 30.0, 30.0, 30.0, 29.91, 29.81, 29.67, 29.55, 29.22, 29.12, 29.13, 29.19, 29.26, 29.31, 29.34, 29.37], [29.76, 29.76, 29.89, 29.89, 29.9, 29.91, 29.93, 29.97, 29.88, 29.79, 29.69, 29.58, 29.23, 29.15, 29.23, 29.26, 29.3, 29.34, 29.37, 29.39], [29.88, 29.88, 29.88, 29.92, 29.92, 29.93, 29.93, 29.94, 29.8, 29.75, 29.68, 29.61, 29.23, 29.3, 29.3, 29.32, 29.35, 29.38, 29.41, 29.42], [29.91, 29.91, 29.91, 29.91, 29.91, 29.91, 29.92, 30.05, 29.75, 29.73, 29.68, 29.63, 29.17, 29.34, 29.35, 29.36, 29.37, 29.4, 29.44, 29.46], [29.9, 29.9, 29.9, 30.1, 30.09, 30.08, 30.07, 30.05, 30.04, 30.04, 30.05, 29.57, 29.64, 29.38, 29.38, 29.36, 29.32, 29.42, 29.5, 29.51], [30.13, 30.13, 30.12, 30.11, 30.1, 30.09, 30.07, 30.04, 30.01, 29.99, 30.03, 29.75, 29.65, 29.62, 29.57, 29.4, 29.09, 29.59, 29.6, 29.56], [30.14, 30.14, 30.13, 30.12, 30.12, 30.1, 30.08, 30.04, 29.96, 29.9, 30.01, 29.81, 29.72, 29.64, 29.61, 29.6, 29.7, 29.94, 29.68, 29.6], [30.15, 30.14, 30.14, 30.14, 30.13, 30.12, 30.1, 30.07, 29.99, 29.93, 29.89, 29.88, 29.8, 29.66, 29.65, 29.8, 29.84, 29.88, 29.66, 29.6], [30.16, 30.15, 30.15, 30.15, 30.15, 30.15, 30.14, 30.13, 30.12, 30.13, 30.02, 29.99, 29.89, 30.0, 29.92, 29.87, 29.86, 29.86, 29.86, 29.85], [30.16, 30.17, 30.17, 30.17, 30.17, 30.18, 30.19, 30.21, 30.25, 30.19, 30.23, 30.4, 30.38, 30.38, 29.98, 29.93, 29.9, 29.88, 29.88, 29.87], [30.17, 30.18, 30.18, 30.19, 30.19, 30.21, 30.23, 30.27, 30.34, 30.38, 30.62, 30.49, 30.43, 30.4, 30.03, 29.97, 29.93, 29.91, 29.9, 29.89], [30.18, 30.19, 30.19, 30.2, 30.21, 30.23, 30.26, 30.3, 30.43, 30.52, 30.58, 30.5, 30.44, 30.41, 30.07, 30.01, 29.97, 29.94, 29.92, 29.91], [30.19, 30.19, 30.2, 30.21, 30.22, 30.24, 30.27, 30.31, 30.43, 30.47, 30.49, 30.47, 30.44, 30.42, 30.09, 30.03, 29.99, 29.96, 29.94, 29.93], [30.19, 30.2, 30.21, 30.22, 30.23, 30.25, 30.28, 30.39, 30.42, 30.44, 30.45, 30.44, 30.43, 30.41, 30.1, 30.05, 30.01, 29.98, 29.96, 29.95]]}]