gis_exercise/awsData/contour/wdir_2023090410.json
[{"header": {"refTime": "2023-09-04T10:00:00.000Z", "nx": 21, "ny": 33, "lo1": 113.509, "la1": 22.2235, "lo2": 113.5947, "la2": 22.1034, "dx": 0.0042850000000001385, "dy": 0.003753125000000024, "parameterCategory": 2, "parameterCategoryName": "Temperature", "parameterNumber": 2}, "data": [-0.06, -0.09, -0.13, -0.38, -0.42, -0.19, -0.27, -0.35, -0.37, -0.45, -0.31, -0.17, 0.0, 0.07, -0.33, -0.37, -0.06, -0.12, -0.16, -0.19, -0.04, -0.07, -0.11, -0.16, -0.41, -0.48, -0.34, -0.5, -0.6, -0.57, -0.32, -0.12, 0.08, 0.15, -0.27, 0.0, -0.09, -0.16, -0.2, -0.23, -0.01, -0.04, -0.07, -0.12, -0.38, -0.45, -0.58, -0.62, -1.09, -0.66, -0.28, -0.0, 0.22, 0.26, 0.13, -0.01, -0.13, -0.22, -0.27, -0.29, 0.02, 0.0, -0.03, -0.07, -0.12, -0.38, -0.48, -0.65, -0.81, -0.51, -0.14, 0.2, 0.44, 0.61, 0.15, -0.05, -0.21, -0.31, -0.36, -0.36, 0.05, 0.04, 0.03, 0.01, -0.03, -0.28, -0.32, -0.38, -0.42, -0.27, 0.01, 0.64, 0.89, 0.66, 0.14, -0.13, -0.35, -0.47, -0.48, -0.45, 0.09, 0.09, 0.09, 0.08, 0.07, 0.06, -0.14, -0.11, -0.11, -0.15, 0.34, 0.52, 0.7, 0.56, 0.05, -0.27, -0.58, -0.7, -0.64, -0.54, 0.59, 0.14, 0.15, 0.16, 0.17, 0.19, 0.48, 0.16, 0.18, 0.2, 0.08, 0.28, 0.35, 0.36, -0.06, -0.42, -0.88, -1.06, -0.84, -0.68, 0.59, 0.59, 0.6, 0.56, 0.57, 0.49, 0.5, 0.56, 0.61, 0.18, -0.07, -0.02, -0.01, 0.2, -0.49, -0.74, -1.04, -1.15, -0.98, -0.87, 0.58, 0.59, 0.59, 0.6, 0.56, 0.57, 0.58, 0.51, 0.41, 0.22, -0.11, -0.09, -0.14, -0.12, -0.46, -0.65, -0.84, -0.92, -0.89, -0.83, 0.43, 0.44, 0.45, 0.59, 0.6, 0.57, 0.55, 0.53, 0.31, 0.25, -0.12, -0.14, -0.18, -0.14, -0.44, -0.58, -0.7, -0.78, -0.79, -0.77, 0.43, 0.44, 0.45, 0.47, 0.5, 0.61, 0.47, 0.38, 0.43, 0.25, -0.09, -0.13, -0.14, -0.13, -0.44, -0.54, -0.63, -0.68, -0.71, -0.71, 0.43, 0.43, 0.44, 0.45, 0.47, 0.48, 0.42, 0.32, 0.28, 0.14, -0.05, -0.01, -0.03, -0.13, -0.45, -0.52, -0.58, -0.67, -0.69, -0.7, 0.42, 0.43, 0.43, 0.43, 0.43, 0.42, 0.38, 0.33, 0.29, 0.33, 0.11, 0.01, -0.01, -0.09, -0.08, -0.53, -0.57, -0.6, -0.62, -0.64, 0.42, 0.42, 0.42, 0.42, 0.41, 0.39, 0.38, 0.36, 0.34, 0.34, 0.13, -0.02, -0.05, -0.06, -0.08, -0.47, -0.5, -0.54, -0.56, -0.59, 0.42, 0.41, 0.41, 0.41, 0.4, 0.39, 0.38, 0.55, 0.59, 0.63, 0.66, 0.51, -0.04, -0.05, -0.05, -0.4, -0.44, -0.48, -0.51, -0.54, 0.41, 0.41, 0.79, 0.78, 0.77, 0.65, 0.66, 0.7, 0.73, 0.75, 0.62, 0.54, 0.44, 0.25, 0.2, -0.16, -0.18, -0.19, -0.5, -0.53, 0.83, 0.83, 0.83, 0.84, 0.74, 0.77, 0.82, 0.88, 0.92, 0.91, 0.71, 0.57, 0.42, 0.26, 0.1, -0.45, -0.6, -0.71, -0.79, -0.85, 0.85, 0.86, 0.87, 0.89, 0.82, 0.87, 0.97, 1.1, 1.16, 1.01, 0.83, 0.61, 0.41, 0.13, -0.03, -0.4, -0.61, -0.74, -0.83, -0.89, 0.87, 0.89, 0.9, 0.83, 0.88, 0.95, 1.08, 1.29, 1.45, 1.14, 0.71, 0.48, 0.33, 0.17, -0.37, -0.52, -0.69, -0.81, -0.89, -0.94, 0.89, 0.91, 0.59, 0.62, 0.68, 0.77, 0.91, 1.11, 1.19, 0.92, 0.66, 0.46, 0.36, 0.22, -0.63, -0.71, -0.81, -0.9, -0.96, -1.0, 0.52, 0.54, 0.56, 0.59, 0.63, 0.69, 0.77, 0.86, 0.81, 0.69, 0.53, 0.4, 0.36, -0.79, -0.82, -0.88, -0.94, -1.0, -1.05, -1.07, 0.5, 0.51, 0.52, 0.54, 0.55, 0.58, 0.6, 0.82, 0.51, 0.44, 0.36, 0.3, -0.36, -0.92, -0.95, -1.0, -1.04, -1.1, -1.14, -1.15, 0.47, 0.48, 0.48, 0.78, 0.76, 0.73, 0.68, 0.61, 0.53, 0.49, 0.51, 0.08, -1.11, -1.01, -1.05, -1.07, -1.06, -1.17, -1.24, -1.23, 0.8, 0.78, 0.77, 0.74, 0.7, 0.65, 0.56, 0.43, 0.26, 0.18, 0.3, -0.03, -1.1, -1.18, -1.23, -1.15, -0.84, -1.41, -1.39, -1.31, 0.78, 0.77, 0.75, 0.72, 0.67, 0.6, 0.49, 0.31, -0.01, -0.27, 0.12, 0.01, 0.06, -1.19, -1.26, -1.34, -1.54, -1.82, -1.49, -1.36, 0.78, 0.76, 0.74, 0.71, 0.66, 0.59, 0.49, 0.32, 0.03, -0.2, -0.05, 0.12, 0.16, -1.19, -1.28, -1.04, -1.28, -1.38, -1.45, -1.36, 0.77, 0.76, 0.74, 0.71, 0.67, 0.62, 0.55, 0.46, 0.37, 0.37, 0.28, 0.34, 0.31, -0.38, -0.65, -0.88, -1.06, -1.14, -1.12, -1.06, 0.77, 0.76, 0.74, 0.72, 0.7, 0.67, 0.65, 0.64, 0.68, 0.61, 0.73, 0.32, 0.03, -0.26, -0.49, -0.71, -0.87, -0.95, -0.98, -0.96, 0.78, 0.77, 0.76, 0.74, 0.73, 0.73, 0.74, 0.78, 0.9, 1.0, 1.23, 0.65, 0.21, -0.11, -0.34, -0.56, -0.71, -0.8, -0.85, -0.86, 0.78, 0.78, 0.77, 0.76, 0.76, 0.77, 0.8, 0.86, 0.5, 0.84, 1.04, 0.66, 0.28, -0.03, -0.23, -0.43, -0.58, -0.68, -0.74, -0.77, 0.79, 0.79, 0.78, 0.78, 0.79, 0.81, 0.84, 0.89, 0.42, 0.59, 0.64, 0.48, 0.23, -0.01, -0.17, -0.35, -0.49, -0.58, -0.65, -0.69, 0.8, 0.8, 0.8, 0.8, 0.81, 0.83, 0.85, 0.21, 0.31, 0.39, 0.4, 0.3, 0.15, -0.03, -0.14, -0.29, -0.42, -0.51, -0.58, -0.62]}, {"header": {"refTime": "2023-09-04T10:00:00.000Z", "nx": 21, "ny": 33, "lo1": 113.509, "la1": 22.2235, "lo2": 113.5947, "la2": 22.1034, "dx": 0.0042850000000001385, "dy": 0.003753125000000024, "parameterCategory": 2, "parameterCategoryName": "Temperature", "parameterNumber": 3}, "data": [-1.75, -1.72, -1.69, -1.54, -1.52, -0.97, -0.96, -0.95, -0.94, -1.1, -1.09, -1.07, -1.33, -1.35, -1.9, -2.06, -2.91, -3.02, -3.11, -3.17, -1.76, -1.74, -1.7, -1.66, -1.52, -1.48, -0.97, -0.97, -0.96, -1.09, -1.08, -1.04, -1.29, -1.32, -1.88, -2.78, -2.95, -3.09, -3.19, -3.24, -1.79, -1.76, -1.73, -1.69, -1.53, -1.49, -1.42, -0.98, -1.0, -1.08, -1.06, -1.0, -1.21, -1.26, -2.51, -2.79, -3.03, -3.2, -3.3, -3.34, -1.82, -1.8, -1.77, -1.72, -1.67, -1.52, -1.46, -1.37, -1.28, -1.12, -1.07, -0.92, -1.05, -1.46, -2.46, -2.86, -3.18, -3.37, -3.46, -3.47, -1.85, -1.84, -1.81, -1.78, -1.73, -1.56, -1.54, -1.51, -1.52, -1.23, -1.12, -1.34, -0.73, -1.34, -2.49, -3.03, -3.43, -3.64, -3.68, -3.63, -1.89, -1.89, -1.87, -1.85, -1.8, -1.75, -1.61, -1.62, -1.67, -1.76, -2.02, -1.67, -1.24, -2.09, -2.7, -3.3, -3.83, -4.05, -3.95, -3.79, -2.32, -1.94, -1.94, -1.93, -1.9, -1.84, -2.13, -1.66, -1.72, -2.38, -2.59, -2.34, -2.81, -2.79, -3.0, -3.59, -4.36, -4.65, -4.42, -4.2, -2.34, -2.35, -2.35, -2.33, -2.3, -2.28, -2.15, -1.91, -1.76, -2.36, -2.55, -3.59, -3.78, -3.36, -4.62, -4.79, -4.98, -5.05, -4.95, -4.88, -2.36, -2.38, -2.39, -2.41, -2.4, -2.36, -2.22, -2.07, -1.91, -2.38, -3.47, -3.89, -4.36, -4.14, -4.64, -4.75, -4.86, -4.91, -4.89, -4.85, -2.59, -2.6, -2.62, -2.47, -2.54, -2.56, -2.41, -2.23, -2.05, -2.1, -3.74, -4.1, -4.5, -4.22, -4.67, -4.72, -4.79, -4.82, -4.83, -4.81, -2.58, -2.59, -2.61, -2.65, -2.71, -2.92, -2.66, -2.52, -2.26, -2.14, -3.39, -4.02, -4.15, -4.11, -4.67, -4.7, -4.74, -4.77, -4.78, -4.78, -2.58, -2.58, -2.6, -2.62, -2.65, -2.67, -2.56, -2.43, -2.38, -2.9, -3.26, -3.81, -3.96, -4.02, -4.67, -4.69, -4.72, -4.55, -4.54, -4.54, -2.57, -2.57, -2.58, -2.58, -2.57, -2.53, -2.46, -2.42, -2.39, -2.43, -3.11, -3.66, -3.8, -4.0, -3.96, -4.39, -4.4, -4.41, -4.43, -4.44, -2.56, -2.56, -2.56, -2.55, -2.53, -2.48, -2.4, -2.43, -2.43, -2.45, -3.05, -3.38, -3.46, -3.49, -3.81, -4.2, -4.23, -4.27, -4.3, -4.33, -2.55, -2.55, -2.54, -2.53, -2.51, -2.48, -2.45, -2.38, -2.38, -2.39, -2.39, -2.58, -3.34, -3.35, -3.35, -3.99, -4.05, -4.12, -4.18, -4.23, -2.54, -2.54, -2.6, -2.59, -2.57, -2.4, -2.4, -2.4, -2.41, -2.41, -2.57, -2.61, -2.66, -3.27, -3.25, -3.68, -3.78, -3.88, -4.01, -4.09, -2.61, -2.6, -2.6, -2.59, -2.41, -2.41, -2.42, -2.43, -2.44, -2.43, -2.59, -2.63, -2.69, -2.76, -3.07, -3.39, -3.57, -3.71, -3.8, -3.87, -2.6, -2.6, -2.59, -2.58, -2.42, -2.43, -2.44, -2.46, -2.47, -2.58, -2.62, -2.65, -2.71, -3.05, -2.93, -3.34, -3.59, -3.75, -3.85, -3.91, -2.6, -2.6, -2.59, -2.42, -2.43, -2.44, -2.46, -2.5, -2.55, -2.58, -2.64, -2.69, -3.14, -3.12, -3.3, -3.48, -3.69, -3.83, -3.92, -3.98, -2.6, -2.59, -2.48, -2.48, -2.49, -2.5, -2.51, -2.52, -2.58, -2.6, -2.64, -2.67, -3.21, -3.25, -3.63, -3.73, -3.86, -3.96, -4.02, -4.05, -2.48, -2.48, -2.49, -2.49, -2.49, -2.5, -2.5, -2.51, -2.59, -2.61, -2.63, -2.66, -3.3, -3.83, -3.88, -3.97, -4.06, -4.11, -4.13, -4.13, -2.48, -2.49, -2.49, -2.49, -2.49, -2.5, -2.5, -2.52, -2.6, -2.61, -2.62, -2.64, -3.38, -3.99, -4.07, -4.17, -4.25, -4.26, -4.24, -4.21, -2.49, -2.49, -2.49, -2.51, -2.51, -2.51, -2.51, -2.51, -2.51, -2.51, -2.51, -3.12, -3.81, -4.11, -4.2, -4.32, -4.43, -4.4, -4.33, -4.27, -2.5, -2.5, -2.51, -2.51, -2.51, -2.51, -2.51, -2.51, -2.51, -2.51, -2.51, -3.06, -3.76, -3.99, -4.19, -4.4, -4.63, -4.46, -4.37, -4.3, -2.5, -2.5, -2.5, -2.5, -2.5, -2.5, -2.5, -2.51, -2.51, -2.52, -2.51, -2.98, -3.18, -3.96, -4.16, -4.33, -4.43, -4.39, -4.36, -4.31, -2.5, -2.5, -2.5, -2.5, -2.5, -2.5, -2.5, -2.5, -2.51, -2.51, -2.77, -2.93, -3.11, -3.92, -4.11, -4.22, -4.3, -4.31, -4.34, -4.3, -2.5, -2.5, -2.5, -2.5, -2.5, -2.5, -2.5, -2.5, -2.5, -2.49, -2.77, -2.88, -3.03, -3.8, -3.97, -4.11, -4.19, -4.22, -4.22, -4.2, -2.5, -2.5, -2.5, -2.5, -2.49, -2.49, -2.49, -2.49, -2.48, -2.7, -2.7, -2.74, -2.87, -3.01, -3.85, -3.99, -4.08, -4.13, -4.14, -4.14, -2.5, -2.5, -2.5, -2.49, -2.49, -2.49, -2.49, -2.48, -2.47, -2.62, -2.51, -2.67, -2.82, -2.96, -3.75, -3.89, -3.98, -4.04, -4.07, -4.08, -2.5, -2.5, -2.49, -2.49, -2.49, -2.49, -2.48, -2.48, -2.68, -2.61, -2.57, -2.68, -2.81, -2.93, -3.68, -3.81, -3.91, -3.97, -4.01, -4.03, -2.5, -2.49, -2.49, -2.49, -2.49, -2.49, -2.48, -2.48, -2.72, -2.68, -2.68, -2.74, -2.83, -2.93, -3.64, -3.76, -3.84, -3.91, -3.95, -3.98, -2.49, -2.49, -2.49, -2.49, -2.49, -2.49, -2.48, -2.78, -2.76, -2.75, -2.76, -2.8, -2.86, -2.93, -3.62, -3.72, -3.8, -3.86, -3.91, -3.94]}, {"header": {"refTime": "2023-09-04T10:00:00.000Z", "nx": 21, "ny": 33, "lo1": 113.509, "la1": 22.2235, "lo2": 113.5947, "la2": 22.1034, "dx": 0.0042850000000001385, "dy": 0.003753125000000024, "parameterCategory": 0, "parameterCategoryName": "Temperature", "parameterNumber": 0}, "data": [[31.28, 31.29, 31.3, 31.28, 31.28, 31.5, 31.49, 31.48, 31.48, 31.36, 31.36, 31.37, 31.62, 31.63, 31.72, 31.75, 31.87, 31.88, 31.89, 31.89], [31.28, 31.28, 31.29, 31.3, 31.28, 31.29, 31.48, 31.47, 31.46, 31.37, 31.37, 31.38, 31.62, 31.64, 31.73, 31.86, 31.87, 31.89, 31.89, 31.9], [31.27, 31.28, 31.29, 31.3, 31.28, 31.29, 31.31, 31.46, 31.41, 31.37, 31.37, 31.4, 31.64, 31.65, 31.84, 31.86, 31.88, 31.9, 31.9, 31.91], [31.27, 31.27, 31.28, 31.29, 31.3, 31.29, 31.3, 31.32, 31.33, 31.35, 31.37, 31.43, 31.66, 31.55, 31.84, 31.87, 31.9, 31.91, 31.92, 31.92], [31.26, 31.26, 31.27, 31.28, 31.29, 31.28, 31.29, 31.29, 31.28, 31.31, 31.35, 31.54, 31.64, 31.57, 31.84, 31.88, 31.92, 31.94, 31.94, 31.94], [31.25, 31.25, 31.25, 31.26, 31.28, 31.3, 31.29, 31.29, 31.26, 31.2, 31.38, 31.5, 31.59, 31.73, 31.85, 31.91, 31.96, 31.98, 31.97, 31.95], [31.17, 31.23, 31.24, 31.24, 31.26, 31.28, 31.17, 31.31, 31.29, 31.24, 31.19, 31.44, 31.76, 31.75, 31.87, 31.93, 32.01, 32.04, 32.03, 32.0], [31.16, 31.15, 31.15, 31.16, 31.17, 31.11, 31.17, 31.29, 31.44, 31.19, 30.97, 31.49, 31.5, 31.75, 31.99, 31.96, 32.02, 32.05, 32.01, 31.98], [31.24, 31.23, 31.13, 31.12, 31.12, 31.14, 31.21, 31.2, 31.28, 31.27, 31.18, 31.33, 31.4, 31.31, 31.98, 31.94, 31.98, 32.0, 31.99, 31.97], [30.9, 30.9, 30.9, 31.18, 31.14, 31.04, 31.11, 31.21, 31.1, 31.14, 31.41, 31.24, 31.29, 31.27, 31.98, 31.93, 31.96, 31.97, 31.97, 31.96], [30.9, 30.9, 30.9, 30.9, 30.9, 30.9, 30.9, 30.9, 31.11, 31.26, 30.8, 31.18, 31.23, 31.23, 31.98, 31.92, 31.94, 31.95, 31.95, 31.95], [30.9, 30.9, 30.9, 30.9, 30.9, 30.9, 30.9, 30.9, 30.9, -999.0, 30.8, 31.8, 31.8, 31.2, 31.99, 31.91, 31.92, 32.1, 32.1, 32.1], [30.9, 30.9, 30.9, 30.9, 30.9, 30.9, 30.9, 30.9, 30.9, 30.9, -999.0, 31.8, 31.8, 32.0, 31.91, 32.1, 32.1, 32.1, 32.1, 32.1], [30.9, 30.9, 30.9, 30.9, 30.9, 30.9, 30.9, 30.9, 30.9, 30.9, -999.0, 32.1, 32.1, 32.1, 31.94, 32.1, 32.1, 32.1, 32.1, 32.1], [30.9, 30.9, 30.9, 30.9, 30.9, 30.9, 30.9, 31.6, 31.6, 31.6, 31.6, 31.79, 32.1, 32.1, 32.1, 32.1, 32.1, 32.1, 32.1, 32.1], [30.9, 30.9, 31.34, 31.35, 31.36, 31.6, 31.6, 31.6, 31.6, 31.6, 31.91, 31.88, 31.93, 31.97, 31.92, 31.48, 31.38, 31.55, 31.64, 31.6], [31.35, 31.35, 31.15, 31.16, 31.6, 31.6, 31.6, 31.6, 31.6, 31.6, 31.82, 31.88, 31.94, 32.0, 31.85, 31.74, 31.61, 31.51, 31.44, 31.39], [31.15, 31.16, 31.17, 31.19, 31.6, 31.6, 31.6, 31.6, 31.6, 31.73, 31.79, 31.87, 31.95, 31.85, 32.06, 31.78, 31.6, 31.48, 31.4, 31.36], [31.16, 31.17, 31.19, 31.6, 31.6, 31.6, 31.6, 31.6, 31.64, 31.7, 31.74, 31.81, 31.66, 31.76, 31.8, 31.67, 31.52, 31.41, 31.35, 31.31], [31.17, 31.18, 31.6, 31.6, 31.6, 31.6, 31.6, 31.6, 31.65, 31.69, 31.74, 31.79, 31.57, 31.6, 31.56, 31.48, 31.39, 31.32, 31.28, 31.26], [31.6, 31.6, 31.6, 31.6, 31.6, 31.6, 31.6, 31.6, 31.68, 31.7, 31.73, 31.77, 31.48, 31.41, 31.37, 31.3, 31.24, 31.2, 31.19, 31.2], [31.6, 31.6, 31.6, 31.6, 31.6, 31.6, 31.6, 31.5, 31.69, 31.7, 31.72, 31.75, 31.39, 31.29, 31.23, 31.15, 31.08, 31.08, 31.11, 31.15], [31.6, 31.6, 31.6, 31.45, 31.46, 31.46, 31.47, 31.48, 31.49, 31.48, 31.47, 31.28, 31.14, 31.2, 31.13, 31.02, 30.91, 30.97, 31.06, 31.11], [31.43, 31.43, 31.43, 31.44, 31.44, 31.45, 31.46, 31.47, 31.49, 31.5, 31.48, 31.16, 31.16, 31.08, 30.99, 30.96, 30.66, 30.98, 31.06, 31.1], [31.42, 31.42, 31.42, 31.43, 31.43, 31.44, 31.45, 31.47, 31.51, 31.54, 31.48, 31.18, 31.07, 31.09, 31.02, 30.97, 31.04, 31.16, 31.09, 31.11], [31.41, 31.41, 31.41, 31.41, 31.42, 31.42, 31.43, 31.44, 31.49, 31.52, 31.31, 31.18, 31.08, 31.12, 31.06, 30.93, 30.98, 31.01, 31.11, 31.12], [31.4, 31.4, 31.4, 31.4, 31.4, 31.4, 31.4, 31.4, 31.41, 31.39, 31.21, 31.14, 31.07, 30.94, 30.94, 30.94, 30.96, 30.97, 30.97, 30.96], [31.4, 31.39, 31.39, 31.39, 31.38, 31.38, 31.37, 31.35, 31.32, 31.15, 31.11, 31.24, 31.27, 31.29, 30.94, 30.95, 30.95, 30.96, 30.96, 30.95], [31.39, 31.39, 31.38, 31.38, 31.37, 31.36, 31.34, 31.31, 31.25, 31.07, 31.07, 31.17, 31.23, 31.27, 30.95, 30.95, 30.95, 30.95, 30.95, 30.95], [31.38, 31.38, 31.37, 31.37, 31.35, 31.34, 31.32, 31.29, 31.21, 31.14, 31.1, 31.16, 31.22, 31.26, 30.95, 30.95, 30.95, 30.95, 30.95, 30.95], [31.38, 31.37, 31.37, 31.36, 31.35, 31.33, 31.31, 31.28, 31.22, 31.18, 31.17, 31.19, 31.23, 31.26, 30.95, 30.95, 30.95, 30.95, 30.95, 30.95], [31.37, 31.37, 31.36, 31.35, 31.34, 31.33, 31.31, 31.25, 31.23, 31.21, 31.21, 31.22, 31.24, 31.26, 30.95, 30.95, 30.95, 30.95, 30.95, 30.95]]}]