gis_exercise/awsData/contour/wdir_2023091314.json
[{"header": {"refTime": "2023-09-13T14:00:00.000Z", "nx": 21, "ny": 33, "lo1": 113.509, "la1": 22.2235, "lo2": 113.5947, "la2": 22.1034, "dx": 0.0042850000000001385, "dy": 0.003753125000000024, "parameterCategory": 2, "parameterCategoryName": "Temperature", "parameterNumber": 2}, "data": [-2.07, -2.08, -2.09, -2.17, -2.16, -2.43, -2.39, -2.36, -2.34, -2.07, -2.1, -2.13, -2.43, -2.46, -2.79, -2.84, -3.06, -3.09, -3.1, -3.12, -2.07, -2.08, -2.09, -2.1, -2.17, -2.15, -2.37, -2.3, -2.25, -2.06, -2.1, -2.15, -2.46, -2.48, -2.81, -3.03, -3.07, -3.11, -3.13, -3.14, -2.06, -2.07, -2.09, -2.1, -2.18, -2.16, -2.13, -2.25, -2.06, -2.05, -2.11, -2.19, -2.5, -2.51, -2.98, -3.04, -3.1, -3.14, -3.16, -3.17, -2.05, -2.06, -2.08, -2.1, -2.12, -2.19, -2.16, -2.12, -2.07, -2.05, -2.13, -2.25, -2.56, -2.45, -2.98, -3.06, -3.14, -3.18, -3.2, -3.2, -2.04, -2.05, -2.07, -2.09, -2.12, -2.23, -2.22, -2.2, -2.16, -2.04, -2.13, -2.45, -2.6, -2.48, -2.98, -3.1, -3.2, -3.26, -3.27, -3.25, -2.02, -2.03, -2.04, -2.07, -2.11, -2.18, -2.3, -2.31, -2.26, -2.14, -2.21, -2.38, -2.51, -2.82, -3.01, -3.16, -3.31, -3.38, -3.34, -3.29, -3.07, -2.0, -2.01, -2.03, -2.08, -2.17, -2.17, -2.48, -2.44, -2.24, -2.07, -2.27, -2.83, -2.86, -3.03, -3.22, -3.47, -3.56, -3.52, -3.46, -3.07, -3.02, -2.96, -2.76, -2.76, -1.97, -2.15, -2.49, -2.85, -2.18, -1.72, -2.48, -2.64, -2.92, -3.24, -3.38, -3.54, -3.6, -3.51, -3.45, -3.07, -3.01, -2.92, -2.81, -2.6, -2.63, -2.83, -2.25, -3.0, -2.29, -2.28, -2.64, -2.94, -2.79, -3.24, -3.34, -3.44, -3.48, -3.46, -3.43, -3.68, -3.59, -3.45, -2.75, -2.48, -2.24, -2.65, -3.1, -3.32, -3.12, -2.49, -2.74, -3.0, -2.83, -3.24, -3.31, -3.37, -3.4, -3.41, -3.4, -3.71, -3.63, -3.5, -3.26, -2.75, -1.28, -3.11, -4.02, -3.73, -3.58, -3.4, -2.69, -2.78, -2.76, -3.25, -3.29, -3.33, -3.36, -3.37, -3.37, -3.77, -3.71, -3.62, -3.47, -3.23, -3.11, -3.82, -4.55, -4.81, -4.95, -3.64, -3.73, -3.61, -2.69, -3.25, -3.28, -3.3, -3.32, -3.33, -3.33, -3.84, -3.81, -3.79, -3.78, -3.85, -4.2, -4.73, -4.77, -4.8, -4.6, -4.84, -3.85, -3.72, -2.94, -2.93, -3.24, -3.25, -3.26, -3.27, -3.28, -3.91, -3.91, -3.94, -4.02, -4.22, -4.67, -5.44, -4.87, -4.69, -4.58, -4.9, -3.86, -3.7, -3.59, -2.89, -3.16, -3.18, -3.2, -3.22, -3.23, -3.97, -4.0, -4.05, -4.15, -4.34, -4.61, -4.82, -4.75, -4.53, -4.36, -4.24, -3.16, -3.6, -3.48, -3.4, -3.08, -3.1, -3.14, -3.17, -3.19, -4.02, -4.06, -3.03, -3.14, -3.28, -4.43, -4.39, -4.24, -4.08, -3.98, -2.99, -2.96, -2.91, -2.5, -2.54, -2.91, -2.94, -2.98, -3.11, -3.14, -2.88, -2.92, -2.96, -3.01, -4.11, -4.02, -3.85, -3.62, -3.47, -3.48, -2.73, -2.78, -2.79, -2.77, -2.56, -2.86, -2.93, -2.99, -3.03, -3.06, -2.85, -2.86, -2.88, -2.88, -3.84, -3.65, -3.33, -2.89, -2.67, -2.44, -2.64, -2.65, -2.71, -2.54, -2.64, -2.83, -2.94, -3.01, -3.05, -3.08, -2.81, -2.81, -2.8, -3.79, -3.63, -3.37, -2.95, -2.26, -1.55, -2.14, -2.24, -2.44, -2.39, -2.52, -2.82, -2.89, -2.98, -3.04, -3.08, -3.1, -2.77, -2.76, -3.6, -3.5, -3.35, -3.12, -2.78, -2.3, -1.74, -2.05, -2.33, -2.5, -2.38, -2.5, -2.95, -3.0, -3.05, -3.09, -3.12, -3.13, -3.68, -3.63, -3.57, -3.48, -3.35, -3.18, -2.96, -2.74, -2.21, -2.35, -2.51, -2.62, -2.39, -3.04, -3.06, -3.09, -3.13, -3.15, -3.17, -3.17, -3.66, -3.62, -3.56, -3.49, -3.4, -3.3, -3.19, -2.51, -2.63, -2.7, -2.77, -2.8, -3.42, -3.11, -3.14, -3.17, -3.2, -3.21, -3.21, -3.2, -3.66, -3.62, -3.58, -2.64, -2.66, -2.69, -2.74, -2.83, -2.93, -3.0, -2.98, -3.18, -3.74, -3.15, -3.19, -3.23, -3.26, -3.27, -3.25, -3.23, -2.65, -2.66, -2.68, -2.71, -2.76, -2.82, -2.93, -3.1, -3.31, -3.42, -3.28, -3.58, -3.76, -3.65, -3.54, -3.26, -3.3, -3.32, -3.28, -3.25, -2.68, -2.7, -2.73, -2.77, -2.82, -2.91, -3.05, -3.28, -3.66, -3.97, -3.52, -3.57, -3.44, -3.66, -3.56, -3.47, -3.32, -3.35, -3.3, -3.26, -2.7, -2.73, -2.76, -2.8, -2.86, -2.95, -3.08, -3.29, -3.64, -3.91, -3.71, -3.48, -3.37, -3.68, -3.58, -3.18, -3.24, -3.26, -3.28, -3.26, -2.72, -2.74, -2.77, -2.82, -2.87, -2.94, -3.04, -3.16, -3.29, -3.31, -3.38, -3.28, -3.25, -2.94, -3.04, -3.12, -3.17, -3.19, -3.19, -3.18, -2.73, -2.75, -2.78, -2.81, -2.86, -2.91, -2.96, -2.99, -2.98, -3.07, -2.95, -3.03, -3.13, -3.2, -2.98, -3.06, -3.11, -3.14, -3.15, -3.14, -2.73, -2.75, -2.78, -2.81, -2.83, -2.86, -2.88, -2.86, -2.77, -2.71, -2.44, -2.8, -3.01, -3.13, -2.92, -3.0, -3.05, -3.09, -3.1, -3.11, -2.74, -2.75, -2.77, -2.79, -2.81, -2.82, -2.82, -2.78, -2.94, -2.7, -2.56, -2.77, -2.97, -3.09, -2.88, -2.96, -3.01, -3.04, -3.07, -3.08, -2.73, -2.75, -2.76, -2.78, -2.79, -2.79, -2.78, -2.74, -2.97, -2.85, -2.8, -2.87, -2.98, -3.08, -2.86, -2.93, -2.98, -3.01, -3.03, -3.05, -2.73, -2.74, -2.75, -2.76, -2.77, -2.77, -2.75, -3.09, -3.01, -2.95, -2.93, -2.96, -3.03, -3.09, -2.85, -2.91, -2.95, -2.99, -3.01, -3.03]}, {"header": {"refTime": "2023-09-13T14:00:00.000Z", "nx": 21, "ny": 33, "lo1": 113.509, "la1": 22.2235, "lo2": 113.5947, "la2": 22.1034, "dx": 0.0042850000000001385, "dy": 0.003753125000000024, "parameterCategory": 2, "parameterCategoryName": "Temperature", "parameterNumber": 3}, "data": [0.39, 0.37, 0.35, 0.35, 0.33, 0.49, 0.45, 0.41, 0.41, 0.59, 0.72, 0.85, 1.37, 1.46, 1.76, 1.87, 2.76, 2.8, 2.83, 2.85, 0.4, 0.38, 0.36, 0.33, 0.33, 0.29, 0.4, 0.3, 0.25, 0.48, 0.71, 0.89, 1.43, 1.52, 1.82, 2.72, 2.78, 2.83, 2.86, 2.88, 0.42, 0.4, 0.38, 0.35, 0.34, 0.3, 0.23, 0.22, -0.07, 0.38, 0.75, 0.99, 1.54, 1.61, 2.62, 2.72, 2.81, 2.86, 2.9, 2.91, 0.43, 0.42, 0.41, 0.38, 0.35, 0.33, 0.28, 0.18, 0.1, 0.54, 0.88, 1.17, 1.69, 1.95, 2.61, 2.75, 2.86, 2.93, 2.96, 2.96, 0.46, 0.45, 0.44, 0.42, 0.39, 0.38, 0.36, 0.33, 0.33, 0.78, 1.03, 1.91, 1.91, 1.96, 2.62, 2.81, 2.95, 3.03, 3.04, 3.02, 0.48, 0.48, 0.47, 0.46, 0.45, 0.42, 0.44, 0.46, 0.49, 0.55, 1.83, 1.93, 1.96, 2.24, 2.69, 2.9, 3.1, 3.18, 3.14, 3.08, 0.9, 0.51, 0.51, 0.51, 0.5, 0.49, 0.78, 0.53, 0.57, 1.23, 1.41, 2.0, 2.42, 2.37, 2.78, 3.0, 3.29, 3.4, 3.15, 3.02, 0.91, 0.91, 0.9, 0.82, 0.81, 0.82, 0.78, 0.69, 0.73, 1.18, 1.23, 2.31, 2.48, 2.46, 2.92, 3.11, 3.34, 3.42, 3.29, 3.21, 0.92, 0.92, 0.92, 0.91, 0.84, 0.82, 0.78, 0.75, 0.74, 1.25, 1.9, 2.24, 2.35, 2.3, 2.87, 3.03, 3.18, 3.24, 3.22, 3.17, 1.03, 1.03, 1.03, 0.93, 0.93, 0.88, 0.84, 0.8, 0.81, 0.84, 2.05, 2.21, 2.3, 2.27, 2.83, 2.96, 3.07, 3.13, 3.14, 3.13, 1.04, 1.03, 1.03, 1.02, 1.01, 0.97, 1.01, 1.0, 0.84, 0.85, 1.49, 2.17, 2.22, 2.23, 2.83, 2.92, 3.0, 3.05, 3.08, 3.08, 1.04, 1.04, 1.04, 1.03, 1.03, 1.02, 1.03, 0.99, 0.97, 1.29, 1.42, 2.05, 2.15, 2.2, 2.84, 2.91, 2.96, 2.09, 2.11, 2.1, 1.04, 1.04, 1.04, 1.05, 1.06, 1.08, 1.1, 1.03, 0.99, 1.01, 1.41, 1.96, 2.06, 1.66, 1.58, 1.77, 1.81, 1.86, 1.9, 1.92, 1.05, 1.05, 1.05, 1.06, 1.07, 1.11, 1.19, 1.09, 1.04, 1.03, 1.39, 0.96, 0.92, 0.86, 1.31, 1.48, 1.54, 1.62, 1.69, 1.75, 1.05, 1.05, 1.06, 1.06, 1.08, 1.1, 1.11, 1.44, 1.48, 1.53, 1.58, 0.96, 0.72, 0.62, 0.56, 1.14, 1.25, 1.38, 1.49, 1.58, 1.05, 1.05, 1.58, 1.58, 1.59, 1.58, 1.59, 1.63, 1.68, 1.7, 1.16, 0.95, 0.71, 0.77, 0.63, 0.71, 0.88, 1.05, 1.53, 1.68, 1.63, 1.64, 1.65, 1.67, 1.69, 1.73, 1.79, 1.88, 1.93, 1.91, 1.27, 0.96, 0.61, 0.25, 0.28, 0.35, 0.65, 0.89, 1.06, 1.18, 1.67, 1.69, 1.71, 1.75, 1.79, 1.87, 2.0, 2.17, 2.26, 1.83, 1.47, 1.01, 0.57, 0.31, -0.4, 0.25, 0.69, 0.97, 1.14, 1.26, 1.71, 1.73, 1.76, 1.8, 1.87, 1.97, 2.14, 2.43, 2.6, 2.04, 1.38, 0.95, 1.05, 0.58, 0.19, 0.51, 0.87, 1.12, 1.27, 1.36, 1.74, 1.77, 1.6, 1.64, 1.71, 1.82, 1.99, 2.25, 2.23, 1.8, 1.35, 0.98, 1.28, 1.03, 0.77, 0.95, 1.18, 1.35, 1.45, 1.49, 1.52, 1.54, 1.57, 1.6, 1.66, 1.73, 1.84, 1.95, 1.7, 1.5, 1.22, 0.96, 1.51, 1.12, 1.21, 1.36, 1.52, 1.61, 1.64, 1.63, 1.5, 1.51, 1.53, 1.55, 1.57, 1.61, 1.64, 1.6, 1.32, 1.2, 1.05, 0.9, 0.87, 1.41, 1.54, 1.72, 1.86, 1.89, 1.83, 1.77, 1.47, 1.48, 1.48, 1.41, 1.4, 1.39, 1.37, 1.31, 1.23, 1.18, 1.17, 1.74, 1.6, 1.61, 1.78, 2.01, 2.23, 2.14, 1.97, 1.86, 1.36, 1.35, 1.34, 1.33, 1.3, 1.26, 1.19, 1.07, 0.93, 0.85, 0.92, 1.1, 1.55, 1.79, 2.02, 2.15, 2.66, 2.19, 2.02, 1.91, 1.32, 1.31, 1.29, 1.26, 1.22, 1.16, 1.06, 0.91, 0.67, 0.48, 0.73, 1.02, 1.29, 1.75, 1.97, 2.14, 2.1, 1.95, 1.98, 1.91, 1.29, 1.27, 1.24, 1.21, 1.16, 1.09, 1.0, 0.86, 0.65, 0.49, 0.75, 1.0, 1.24, 1.7, 1.89, 2.12, 2.12, 2.1, 1.94, 1.89, 1.26, 1.24, 1.21, 1.17, 1.12, 1.06, 0.98, 0.89, 0.79, 0.75, 0.87, 1.03, 1.2, 1.85, 1.96, 2.04, 2.07, 2.08, 2.08, 2.08, 1.24, 1.21, 1.19, 1.15, 1.1, 1.05, 0.99, 0.93, 0.89, 0.91, 0.96, 0.84, 0.88, 0.94, 1.88, 1.96, 2.01, 2.04, 2.05, 2.05, 1.22, 1.2, 1.17, 1.14, 1.1, 1.05, 1.01, 0.96, 0.94, 0.96, 0.91, 0.88, 0.89, 0.94, 1.81, 1.9, 1.96, 1.99, 2.01, 2.02, 1.21, 1.18, 1.16, 1.13, 1.09, 1.06, 1.02, 0.99, 0.83, 0.87, 0.9, 0.89, 0.9, 0.94, 1.77, 1.85, 1.91, 1.95, 1.97, 1.99, 1.2, 1.18, 1.15, 1.13, 1.1, 1.07, 1.04, 1.01, 0.85, 0.87, 0.88, 0.89, 0.91, 0.93, 1.74, 1.81, 1.87, 1.91, 1.94, 1.96, 1.19, 1.17, 1.15, 1.13, 1.1, 1.08, 1.05, 0.84, 0.85, 0.87, 0.88, 0.89, 0.91, 0.93, 1.73, 1.79, 1.84, 1.88, 1.91, 1.93]}, {"header": {"refTime": "2023-09-13T14:00:00.000Z", "nx": 21, "ny": 33, "lo1": 113.509, "la1": 22.2235, "lo2": 113.5947, "la2": 22.1034, "dx": 0.0042850000000001385, "dy": 0.003753125000000024, "parameterCategory": 0, "parameterCategoryName": "Temperature", "parameterNumber": 0}, "data": [[29.98, 29.98, 29.98, 29.81, 29.83, 30.04, 30.06, 30.08, 30.09, 30.13, 30.13, 30.14, 30.74, 30.77, 29.97, 29.92, 30.4, 30.36, 30.33, 30.32], [29.98, 29.98, 29.98, 29.98, 29.82, 29.86, 30.06, 30.1, 30.12, 30.14, 30.14, 30.14, 30.73, 30.77, 29.97, 30.42, 30.36, 30.32, 30.29, 30.28], [29.98, 29.98, 29.97, 29.98, 29.81, 29.84, 29.9, 30.11, 30.18, 30.15, 30.14, 30.16, 30.73, 30.77, 30.47, 30.39, 30.32, 30.26, 30.23, 30.23], [29.98, 29.97, 29.97, 29.97, 29.97, 29.81, 29.86, 29.93, 30.0, 30.13, 30.14, 30.18, 30.7, 30.63, 30.47, 30.36, 30.25, 30.18, 30.15, 30.16], [29.98, 29.97, 29.97, 29.96, 29.95, 29.77, 29.79, 29.81, 29.83, 30.08, 30.11, 30.57, 30.49, 30.63, 30.47, 30.3, 30.13, 30.04, 30.04, 30.08], [29.98, 29.98, 29.97, 29.96, 29.94, 29.91, 29.71, 29.7, 29.69, 29.69, 30.56, 30.64, 30.62, 30.97, 30.48, 30.22, 29.94, 29.82, 29.89, 30.0], [29.9, 29.98, 29.98, 29.96, 29.94, 29.9, 29.68, 29.6, 29.58, 30.02, 30.2, 30.82, 31.37, 31.27, 30.53, 30.14, 29.64, 29.46, 29.34, 29.42], [29.92, 29.92, 29.92, 29.92, 29.9, 29.79, 29.7, 29.57, 29.58, 29.94, 29.88, 31.33, 31.35, 31.25, 30.22, 30.54, 29.89, 29.65, 30.02, 30.27], [29.78, 29.8, 29.96, 29.97, 29.98, 29.94, 29.83, 29.66, 29.46, 30.06, 30.56, 30.93, 31.11, 30.87, 30.29, 30.66, 30.28, 30.12, 30.21, 30.36], [30.3, 30.3, 30.3, 29.88, 29.94, 30.1, 29.99, 29.83, 29.51, 29.5, 31.12, 30.7, 30.84, 30.77, 30.3, 30.79, 30.55, 30.42, 30.41, 30.47], [30.3, 30.3, 30.3, 30.3, 30.3, 30.3, 30.3, 30.3, 29.98, 29.47, 29.6, 30.55, 30.67, 30.67, 30.27, 30.89, 30.71, 30.61, 30.58, 30.6], [30.3, 30.3, 30.3, 30.3, 30.3, 30.3, 30.3, 30.3, 30.3, -999.0, 29.6, 32.1, 32.1, 30.6, 30.23, 30.99, 30.88, 29.38, 29.38, 29.38], [30.3, 30.3, 30.3, 30.3, 30.3, 30.3, 30.3, 30.3, 30.3, 30.3, -999.0, 32.1, 32.1, 30.47, 31.19, 29.28, 29.28, 29.34, 29.33, 29.33], [30.3, 30.3, 30.3, 30.3, 30.3, 30.3, 30.3, 30.3, 30.3, 30.3, -999.0, 29.6, 29.6, 29.6, 30.97, 29.32, 29.32, 29.38, 29.37, 29.35], [30.3, 30.3, 30.3, 30.3, 30.3, 30.3, 30.3, 31.5, 31.5, 31.5, 31.5, 30.77, 29.6, 29.6, 29.6, 29.37, 29.36, 29.41, 29.4, 29.38], [30.3, 30.3, 31.06, 31.07, 31.09, 31.5, 31.5, 31.5, 31.5, 31.5, 30.3, 30.44, 30.26, 30.1, 30.28, 29.31, 29.26, 29.34, 29.25, 29.23], [31.07, 31.08, 30.72, 30.74, 31.5, 31.5, 31.5, 31.5, 31.5, 31.5, 30.68, 30.45, 30.2, 29.97, 29.74, 29.55, 29.53, 29.51, 29.51, 29.5], [30.73, 30.74, 30.76, 30.8, 31.5, 31.5, 31.5, 31.5, 31.5, 31.02, 30.76, 30.48, 30.18, 29.76, 29.62, 29.55, 29.52, 29.51, 29.5, 29.5], [30.75, 30.77, 30.8, 31.5, 31.5, 31.5, 31.5, 31.5, 31.33, 31.13, 30.67, 30.43, 29.98, 29.8, 29.55, 29.53, 29.51, 29.5, 29.49, 29.49], [30.77, 30.79, 30.64, 30.68, 30.74, 30.82, 30.94, 31.25, 31.16, 30.91, 30.66, 30.44, 29.99, 29.83, 29.51, 29.5, 29.48, 29.48, 29.48, 29.48], [30.59, 30.61, 30.64, 30.88, 30.91, 30.95, 31.01, 31.07, 30.85, 30.74, 30.58, 30.43, 29.97, 29.49, 29.48, 29.46, 29.45, 29.45, 29.46, 29.47], [30.8, 30.81, 30.82, 30.83, 30.84, 30.85, 30.87, 30.86, 30.63, 30.56, 30.48, 30.39, 29.48, 29.47, 29.45, 29.42, 29.4, 29.42, 29.45, 29.47], [30.77, 30.77, 30.77, 30.78, 30.77, 30.76, 30.74, 30.7, 30.65, 30.62, 30.62, 30.13, 29.63, 29.45, 29.43, 29.37, 29.31, 29.38, 29.46, 29.48], [30.76, 30.76, 30.75, 30.74, 30.72, 30.69, 30.64, 30.57, 30.47, 30.43, 30.48, 29.9, 29.65, 29.58, 29.5, 29.37, 29.1, 29.47, 29.51, 29.5], [30.75, 30.74, 30.73, 30.71, 30.68, 30.64, 30.58, 30.48, 30.31, 30.18, 30.37, 29.96, 29.86, 29.6, 29.54, 29.5, 29.56, 29.72, 29.57, 29.53], [30.73, 30.72, 30.71, 30.69, 30.66, 30.62, 30.56, 30.46, 30.32, 30.2, 30.06, 30.03, 29.94, 29.62, 29.57, 29.68, 29.68, 29.7, 29.56, 29.53], [30.72, 30.71, 30.69, 30.67, 30.65, 30.61, 30.57, 30.51, 30.45, 30.44, 30.17, 30.13, 30.03, 29.94, 29.83, 29.76, 29.73, 29.72, 29.72, 29.72], [30.71, 30.7, 30.69, 30.67, 30.65, 30.62, 30.59, 30.57, 30.56, 30.32, 30.36, 30.46, 30.41, 30.36, 29.91, 29.83, 29.78, 29.76, 29.75, 29.75], [30.71, 30.7, 30.68, 30.67, 30.65, 30.63, 30.62, 30.61, 30.63, 30.5, 30.7, 30.55, 30.46, 30.39, 29.97, 29.89, 29.84, 29.81, 29.79, 29.78], [30.7, 30.69, 30.68, 30.67, 30.66, 30.65, 30.64, 30.64, 30.5, 30.6, 30.66, 30.56, 30.47, 30.41, 30.02, 29.94, 29.88, 29.85, 29.82, 29.81], [30.7, 30.69, 30.68, 30.67, 30.67, 30.66, 30.66, 30.66, 30.49, 30.54, 30.55, 30.52, 30.47, 30.42, 30.04, 29.97, 29.92, 29.88, 29.85, 29.84], [30.7, 30.7, 30.69, 30.68, 30.67, 30.67, 30.67, 30.44, 30.46, 30.49, 30.5, 30.48, 30.45, 30.41, 30.05, 29.99, 29.94, 29.91, 29.88, 29.86]]}]