gis_exercise/awsData/contour/wdir_2023090315.json
[{"header": {"refTime": "2023-09-03T15:00:00.000Z", "nx": 21, "ny": 33, "lo1": 113.509, "la1": 22.2235, "lo2": 113.5947, "la2": 22.1034, "dx": 0.0042850000000001385, "dy": 0.003753125000000024, "parameterCategory": 2, "parameterCategoryName": "Temperature", "parameterNumber": 2}, "data": [-2.29, -2.29, -2.3, -1.99, -2.0, -2.27, -2.27, -2.27, -2.27, -1.88, -1.81, -1.75, -2.07, -2.05, -2.36, -2.4, -2.39, -2.42, -2.45, -2.47, -2.28, -2.29, -2.3, -2.31, -2.01, -2.04, -2.28, -2.3, -2.3, -1.96, -1.83, -1.74, -2.04, -2.02, -2.34, -2.35, -2.4, -2.45, -2.48, -2.5, -2.28, -2.28, -2.29, -2.3, -2.01, -2.04, -2.09, -2.32, -2.37, -2.02, -1.81, -1.71, -2.0, -1.99, -2.27, -2.36, -2.43, -2.49, -2.52, -2.54, -2.27, -2.28, -2.29, -2.3, -2.31, -2.02, -2.06, -2.12, -2.18, -1.9, -1.74, -1.66, -1.92, -1.6, -2.25, -2.38, -2.49, -2.55, -2.58, -2.58, -2.26, -2.27, -2.27, -2.29, -2.3, -2.0, -2.02, -2.03, -2.0, -1.69, -1.61, -1.59, -1.66, -1.62, -2.26, -2.44, -2.58, -2.65, -2.66, -2.64, -2.25, -2.26, -2.26, -2.27, -2.29, -2.31, -2.0, -1.99, -1.92, -1.76, -1.43, -1.56, -1.64, -2.16, -2.31, -2.53, -2.73, -2.81, -2.77, -2.7, -3.28, -2.24, -2.24, -2.25, -2.26, -2.29, -1.89, -2.05, -1.98, -1.6, -1.41, -1.55, -2.29, -2.33, -2.38, -2.62, -2.93, -3.05, -3.04, -2.98, -3.3, -3.25, -3.19, -3.07, -3.04, -1.87, -1.93, -2.1, -2.29, -1.52, -0.99, -2.02, -2.24, -2.5, -2.94, -3.03, -3.14, -3.18, -3.12, -3.08, -3.32, -3.27, -3.19, -3.1, -2.96, -2.96, -3.04, -1.97, -2.6, -1.66, -1.79, -2.27, -2.73, -2.51, -2.97, -3.02, -3.08, -3.11, -3.09, -3.07, -4.25, -4.17, -4.04, -3.09, -2.88, -2.73, -3.03, -3.35, -3.1, -2.83, -2.08, -2.45, -2.85, -2.58, -2.99, -3.01, -3.04, -3.06, -3.06, -3.05, -4.28, -4.2, -4.08, -3.86, -3.39, -2.03, -3.74, -4.61, -4.1, -3.49, -3.37, -2.37, -2.5, -2.47, -3.0, -3.0, -3.02, -3.03, -3.04, -3.04, -4.33, -4.28, -4.19, -4.06, -3.83, -3.72, -4.39, -5.12, -5.4, -5.38, -3.71, -3.8, -3.64, -2.37, -2.99, -3.0, -3.01, -3.42, -3.42, -3.42, -4.39, -4.37, -4.34, -4.33, -4.4, -4.71, -5.19, -5.3, -5.37, -5.16, -5.2, -3.96, -3.79, -3.12, -3.13, -3.46, -3.45, -3.45, -3.44, -3.44, -4.46, -4.46, -4.49, -4.55, -4.73, -5.12, -5.79, -5.34, -5.22, -5.12, -5.27, -4.41, -4.27, -4.17, -3.2, -3.48, -3.48, -3.47, -3.46, -3.46, -4.52, -4.54, -4.59, -4.68, -4.84, -5.08, -5.27, -5.11, -4.9, -4.73, -4.61, -3.77, -4.23, -4.14, -4.08, -3.52, -3.51, -3.49, -3.48, -3.47, -4.57, -4.6, -3.42, -3.52, -3.65, -4.75, -4.71, -4.57, -4.4, -4.31, -3.55, -3.58, -3.6, -3.14, -3.21, -3.65, -3.65, -3.65, -3.61, -3.61, -3.26, -3.3, -3.33, -3.37, -4.42, -4.32, -4.14, -3.9, -3.74, -3.77, -3.26, -3.4, -3.51, -3.58, -3.42, -3.49, -3.42, -3.36, -3.32, -3.29, -3.22, -3.23, -3.23, -3.22, -4.14, -3.93, -3.58, -3.12, -2.88, -2.77, -3.07, -3.25, -3.44, -3.39, -3.65, -3.51, -3.41, -3.35, -3.3, -3.27, -3.17, -3.16, -3.14, -4.09, -3.92, -3.64, -3.18, -2.43, -1.7, -2.42, -2.81, -3.13, -3.07, -3.32, -3.53, -3.46, -3.38, -3.32, -3.28, -3.25, -3.13, -3.1, -4.04, -3.93, -3.77, -3.51, -3.13, -2.58, -2.04, -2.49, -2.91, -3.19, -3.02, -3.21, -3.4, -3.37, -3.32, -3.27, -3.24, -3.22, -4.16, -4.11, -4.04, -3.94, -3.8, -3.62, -3.37, -3.12, -2.7, -2.91, -3.15, -3.34, -3.0, -3.33, -3.32, -3.29, -3.26, -3.23, -3.2, -3.18, -4.16, -4.12, -4.06, -3.99, -3.9, -3.79, -3.69, -2.85, -3.27, -3.38, -3.49, -3.56, -4.33, -3.27, -3.26, -3.24, -3.23, -3.19, -3.15, -3.14, -4.17, -4.14, -4.1, -2.94, -2.97, -3.03, -3.12, -3.25, -3.4, -3.48, -3.44, -3.86, -3.96, -3.22, -3.21, -3.22, -3.26, -3.17, -3.1, -3.09, -2.91, -2.94, -2.97, -3.01, -3.08, -3.19, -3.35, -3.6, -3.91, -4.06, -3.84, -4.13, -4.01, -3.75, -3.52, -3.19, -3.46, -3.0, -3.0, -3.04, -2.94, -2.97, -3.01, -3.07, -3.15, -3.28, -3.49, -3.83, -4.4, -4.88, -4.17, -4.11, -3.9, -3.76, -3.52, -3.3, -2.89, -2.67, -2.92, -3.01, -2.96, -2.99, -3.03, -3.09, -3.17, -3.3, -3.49, -3.8, -4.33, -4.76, -4.34, -3.94, -3.76, -3.79, -3.55, -2.74, -2.72, -2.69, -2.94, -3.0, -2.96, -2.99, -3.03, -3.09, -3.16, -3.25, -3.38, -3.55, -3.73, -3.74, -3.74, -3.57, -3.54, -2.48, -2.58, -2.65, -2.68, -2.68, -2.69, -2.69, -2.96, -2.99, -3.02, -3.06, -3.11, -3.16, -3.21, -3.24, -3.16, -3.17, -2.95, -2.84, -2.91, -2.91, -2.5, -2.58, -2.62, -2.64, -2.65, -2.66, -2.96, -2.98, -3.0, -3.03, -3.05, -3.07, -3.06, -2.98, -2.78, -2.51, -1.94, -2.46, -2.72, -2.82, -2.43, -2.52, -2.57, -2.6, -2.62, -2.63, -2.95, -2.97, -2.98, -2.99, -3.0, -2.99, -2.94, -2.84, -2.72, -2.34, -2.1, -2.41, -2.65, -2.76, -2.39, -2.47, -2.52, -2.56, -2.59, -2.6, -2.94, -2.95, -2.96, -2.96, -2.95, -2.93, -2.88, -2.78, -2.73, -2.54, -2.45, -2.53, -2.66, -2.75, -2.36, -2.43, -2.49, -2.53, -2.56, -2.57, -2.93, -2.93, -2.94, -2.93, -2.92, -2.89, -2.84, -2.9, -2.78, -2.68, -2.63, -2.65, -2.71, -2.77, -2.35, -2.41, -2.46, -2.5, -2.53, -2.55]}, {"header": {"refTime": "2023-09-03T15:00:00.000Z", "nx": 21, "ny": 33, "lo1": 113.509, "la1": 22.2235, "lo2": 113.5947, "la2": 22.1034, "dx": 0.0042850000000001385, "dy": 0.003753125000000024, "parameterCategory": 2, "parameterCategoryName": "Temperature", "parameterNumber": 3}, "data": [0.79, 0.77, 0.74, 0.42, 0.41, 0.88, 0.84, 0.8, 0.81, 0.9, 1.04, 1.18, 1.92, 2.01, 2.33, 2.43, 3.32, 3.36, 3.38, 3.39, 0.81, 0.78, 0.76, 0.72, 0.41, 0.39, 0.78, 0.68, 0.63, 0.79, 1.04, 1.24, 1.99, 2.09, 2.4, 3.29, 3.34, 3.38, 3.4, 3.42, 0.83, 0.81, 0.78, 0.74, 0.42, 0.4, 0.36, 0.58, 0.28, 0.7, 1.08, 1.37, 2.13, 2.2, 3.22, 3.3, 3.36, 3.41, 3.44, 3.45, 0.85, 0.83, 0.81, 0.77, 0.73, 0.41, 0.39, 0.34, 0.29, 0.84, 1.22, 1.6, 2.33, 2.42, 3.21, 3.32, 3.41, 3.46, 3.49, 3.49, 0.88, 0.87, 0.85, 0.82, 0.78, 0.44, 0.43, 0.41, 0.41, 1.03, 1.34, 2.4, 2.6, 2.47, 3.22, 3.36, 3.48, 3.54, 3.55, 3.53, 0.91, 0.91, 0.9, 0.88, 0.84, 0.79, 0.48, 0.48, 0.49, 0.5, 2.05, 2.32, 2.51, 2.9, 3.26, 3.44, 3.6, 3.67, 3.64, 3.58, 1.9, 0.95, 0.95, 0.95, 0.92, 0.88, 0.91, 0.54, 0.55, 1.13, 1.28, 2.23, 3.0, 2.97, 3.33, 3.52, 3.77, 3.86, 3.67, 3.56, 1.93, 1.9, 1.87, 1.67, 1.63, 1.06, 0.95, 0.79, 0.78, 1.05, 0.92, 2.52, 2.79, 3.02, 3.39, 3.57, 3.78, 3.86, 3.74, 3.66, 1.96, 1.94, 1.92, 1.88, 1.69, 1.65, 1.55, 0.9, 1.01, 1.18, 1.96, 2.51, 2.77, 2.65, 3.35, 3.5, 3.64, 3.7, 3.67, 3.63, 2.6, 2.57, 2.52, 1.94, 1.9, 1.75, 1.74, 1.7, 1.36, 1.28, 2.23, 2.52, 2.73, 2.63, 3.32, 3.44, 3.53, 3.59, 3.6, 3.59, 2.61, 2.58, 2.54, 2.46, 2.3, 1.82, 2.39, 2.65, 2.05, 1.62, 2.22, 2.45, 2.55, 2.55, 3.32, 3.4, 3.47, 3.52, 3.54, 3.55, 2.63, 2.61, 2.59, 2.54, 2.46, 2.42, 2.63, 2.78, 2.81, 3.02, 2.31, 3.0, 3.01, 2.48, 3.33, 3.39, 3.44, 3.02, 3.04, 3.04, 2.66, 2.65, 2.65, 2.65, 2.68, 2.82, 3.0, 2.9, 2.85, 2.82, 3.05, 2.99, 3.0, 2.63, 2.59, 2.81, 2.85, 2.88, 2.91, 2.93, 2.68, 2.69, 2.7, 2.73, 2.82, 3.0, 3.34, 3.02, 2.89, 2.84, 3.08, 2.5, 2.45, 2.39, 2.46, 2.65, 2.7, 2.75, 2.79, 2.83, 2.7, 2.72, 2.74, 2.78, 2.85, 2.96, 3.04, 3.17, 3.1, 3.06, 3.04, 2.37, 2.33, 2.26, 2.21, 2.47, 2.54, 2.61, 2.68, 2.73, 2.72, 2.74, 2.74, 2.78, 2.83, 3.14, 3.14, 3.1, 3.06, 3.04, 2.43, 2.32, 2.2, 2.1, 2.05, 2.25, 2.35, 2.45, 2.82, 2.91, 2.72, 2.73, 2.75, 2.78, 3.09, 3.08, 3.06, 3.03, 3.0, 3.0, 2.41, 2.28, 2.12, 1.94, 1.96, 1.95, 2.08, 2.19, 2.26, 2.31, 2.73, 2.74, 2.76, 2.78, 3.06, 3.04, 3.0, 2.95, 2.92, 2.68, 2.56, 2.27, 2.08, 1.96, 1.62, 1.91, 2.1, 2.22, 2.3, 2.34, 2.73, 2.74, 2.76, 3.04, 3.03, 3.0, 2.96, 2.89, 2.77, 2.69, 2.06, 1.89, 2.31, 2.11, 1.88, 2.02, 2.18, 2.29, 2.36, 2.39, 2.73, 2.75, 2.47, 2.48, 2.49, 2.5, 2.53, 2.59, 2.45, 2.23, 2.01, 1.87, 2.43, 2.34, 2.14, 2.22, 2.33, 2.4, 2.43, 2.45, 2.41, 2.41, 2.4, 2.4, 2.39, 2.39, 2.4, 2.42, 2.12, 2.02, 1.9, 1.8, 2.56, 2.3, 2.35, 2.42, 2.5, 2.53, 2.52, 2.51, 2.36, 2.35, 2.33, 2.31, 2.29, 2.26, 2.24, 1.82, 1.85, 1.8, 1.74, 1.7, 2.03, 2.43, 2.51, 2.61, 2.68, 2.67, 2.61, 2.56, 2.31, 2.29, 2.27, 1.66, 1.66, 1.66, 1.64, 1.59, 1.53, 1.49, 1.48, 2.17, 2.1, 2.52, 2.62, 2.76, 2.92, 2.8, 2.65, 2.58, 1.62, 1.62, 1.61, 1.6, 1.58, 1.55, 1.49, 1.41, 1.3, 1.24, 1.29, 1.64, 2.04, 2.28, 2.51, 2.82, 3.32, 2.72, 2.61, 2.58, 1.59, 1.58, 1.57, 1.55, 1.52, 1.47, 1.4, 1.28, 1.1, 0.96, 1.15, 1.55, 1.83, 2.23, 2.44, 2.6, 2.58, 2.34, 2.53, 2.55, 1.57, 1.55, 1.53, 1.51, 1.47, 1.42, 1.34, 1.24, 1.08, 0.97, 1.26, 1.51, 1.75, 2.18, 2.36, 2.53, 2.51, 2.47, 2.52, 2.54, 1.54, 1.53, 1.5, 1.48, 1.44, 1.39, 1.33, 1.25, 1.18, 1.15, 1.35, 1.5, 1.7, 2.24, 2.36, 2.44, 2.46, 2.46, 2.47, 2.47, 1.52, 1.51, 1.48, 1.46, 1.42, 1.38, 1.33, 1.28, 1.24, 1.34, 1.37, 1.18, 1.22, 1.26, 2.27, 2.35, 2.4, 2.42, 2.44, 2.44, 1.51, 1.49, 1.47, 1.44, 1.41, 1.37, 1.34, 1.3, 1.27, 1.34, 1.21, 1.2, 1.22, 1.26, 2.19, 2.28, 2.34, 2.38, 2.4, 2.41, 1.5, 1.48, 1.46, 1.44, 1.41, 1.38, 1.35, 1.32, 1.18, 1.2, 1.21, 1.21, 1.23, 1.26, 2.14, 2.23, 2.29, 2.33, 2.36, 2.38, 1.49, 1.47, 1.45, 1.43, 1.41, 1.38, 1.36, 1.33, 1.19, 1.2, 1.21, 1.22, 1.23, 1.25, 2.11, 2.19, 2.25, 2.3, 2.33, 2.35, 1.49, 1.47, 1.45, 1.43, 1.41, 1.39, 1.37, 1.19, 1.19, 1.2, 1.21, 1.22, 1.24, 1.25, 2.1, 2.17, 2.23, 2.27, 2.3, 2.32]}, {"header": {"refTime": "2023-09-03T15:00:00.000Z", "nx": 21, "ny": 33, "lo1": 113.509, "la1": 22.2235, "lo2": 113.5947, "la2": 22.1034, "dx": 0.0042850000000001385, "dy": 0.003753125000000024, "parameterCategory": 0, "parameterCategoryName": "Temperature", "parameterNumber": 0}, "data": [[30.99, 30.99, 31.0, 31.14, 31.15, 31.0, 31.03, 31.05, 31.07, 31.3, 31.29, 31.28, 31.47, 31.48, 30.69, 30.63, 30.91, 30.87, 30.84, 30.83], [30.98, 30.99, 30.99, 31.0, 31.14, 31.15, 31.04, 31.09, 31.13, 31.3, 31.29, 31.27, 31.45, 31.47, 30.68, 30.93, 30.88, 30.83, 30.8, 30.78], [30.98, 30.98, 30.99, 30.99, 31.13, 31.14, 31.17, 31.12, 31.26, 31.3, 31.28, 31.26, 31.42, 31.44, 30.99, 30.91, 30.83, 30.77, 30.74, 30.73], [30.98, 30.98, 30.98, 30.98, 30.98, 31.12, 31.14, 31.18, 31.22, 31.31, 31.28, 31.23, 31.35, 31.48, 30.99, 30.87, 30.76, 30.68, 30.66, 30.66], [30.97, 30.97, 30.97, 30.96, 30.96, 31.09, 31.09, 31.11, 31.14, 31.33, 31.29, 31.43, 31.19, 31.44, 30.99, 30.81, 30.64, 30.54, 30.54, 30.58], [30.97, 30.97, 30.96, 30.95, 30.94, 30.92, 31.03, 31.02, 31.06, 31.15, 31.68, 31.56, 31.4, 31.5, 31.0, 30.73, 30.44, 30.32, 30.39, 30.5], [30.84, 30.97, 30.96, 30.95, 30.93, 30.89, 30.93, 30.88, 30.9, 31.41, 31.65, 31.84, 31.85, 31.77, 31.03, 30.64, 30.15, 29.96, 29.86, 29.95], [30.86, 30.86, 30.86, 30.86, 30.84, 31.0, 30.92, 30.75, 30.67, 31.4, 31.69, 32.25, 32.26, 31.75, 30.68, 30.99, 30.36, 30.13, 30.49, 30.73], [30.74, 30.75, 30.9, 30.91, 30.91, 30.88, 30.78, 30.88, 30.81, 31.4, 32.01, 32.13, 32.18, 32.11, 30.76, 31.11, 30.74, 30.59, 30.68, 30.81], [31.2, 31.2, 31.2, 30.83, 30.88, 31.02, 30.92, 30.78, 31.14, 31.07, 32.19, 32.05, 32.1, 32.07, 30.76, 31.23, 31.0, 30.87, 30.87, 30.92], [31.2, 31.2, 31.2, 31.2, 31.2, 31.2, 31.2, 31.2, 30.92, 30.84, 31.7, 32.0, 32.04, 32.04, 30.73, 31.33, 31.16, 31.06, 31.03, 31.05], [31.2, 31.2, 31.2, 31.2, 31.2, 31.2, 31.2, 31.2, 31.2, -999.0, 31.7, 32.5, 32.5, 32.02, 30.7, 31.43, 31.32, 29.71, 29.71, 29.71], [31.2, 31.2, 31.2, 31.2, 31.2, 31.2, 31.2, 31.2, 31.2, 31.2, -999.0, 32.5, 32.5, 30.74, 31.51, 29.67, 29.67, 29.7, 29.69, 29.69], [31.2, 31.2, 31.2, 31.2, 31.2, 31.2, 31.2, 31.2, 31.2, 31.2, -999.0, 29.8, 29.8, 29.8, 31.28, 29.69, 29.69, 29.71, 29.71, 29.7], [31.2, 31.2, 31.2, 31.2, 31.2, 31.2, 31.2, 32.0, 32.0, 32.0, 32.0, 31.15, 29.8, 29.8, 29.8, 29.71, 29.7, 29.73, 29.72, 29.71], [31.2, 31.2, 31.7, 31.71, 31.73, 32.0, 32.0, 32.0, 32.0, 32.0, 30.62, 30.77, 30.56, 30.38, 30.58, 29.62, 29.59, 29.64, 29.61, 29.6], [31.71, 31.72, 31.48, 31.5, 32.0, 32.0, 32.0, 32.0, 32.0, 32.0, 31.05, 30.78, 30.49, 30.23, 30.01, 29.91, 29.94, 29.97, 30.0, 30.02], [31.49, 31.5, 31.51, 31.53, 32.0, 32.0, 32.0, 32.0, 32.0, 31.44, 31.15, 30.82, 30.47, 30.03, 29.83, 29.89, 29.94, 29.98, 30.01, 30.03], [31.5, 31.51, 31.53, 32.0, 32.0, 32.0, 32.0, 32.0, 31.8, 31.57, 31.11, 30.82, 30.31, 30.09, 29.88, 29.92, 29.96, 29.99, 30.02, 30.04], [31.51, 31.53, 31.2, 31.24, 31.29, 31.37, 31.48, 31.77, 31.64, 31.38, 31.1, 30.85, 30.35, 30.16, 29.94, 29.96, 29.99, 30.01, 30.04, 30.06], [31.15, 31.17, 31.19, 31.42, 31.45, 31.49, 31.54, 31.6, 31.33, 31.2, 31.03, 30.86, 30.35, 29.98, 29.99, 29.99, 30.01, 30.03, 30.06, 30.08], [31.35, 31.35, 31.36, 31.37, 31.38, 31.4, 31.41, 31.41, 31.11, 31.04, 30.94, 30.84, 29.9, 30.01, 30.01, 30.01, 30.01, 30.04, 30.08, 30.1], [31.32, 31.32, 31.32, 31.34, 31.33, 31.32, 31.3, 31.26, 31.22, 31.19, 31.19, 30.67, 30.31, 30.04, 30.03, 30.0, 29.94, 30.04, 30.13, 30.14], [31.33, 31.32, 31.32, 31.3, 31.29, 31.26, 31.21, 31.14, 31.05, 31.01, 31.06, 30.48, 30.33, 30.27, 30.21, 30.02, 29.69, 30.2, 30.22, 30.19], [31.31, 31.3, 31.29, 31.28, 31.25, 31.21, 31.15, 31.06, 30.9, 30.77, 30.95, 30.54, 30.43, 30.29, 30.25, 30.22, 30.31, 30.55, 30.3, 30.22], [31.3, 31.29, 31.28, 31.26, 31.23, 31.19, 31.13, 31.05, 30.91, 30.79, 30.64, 30.61, 30.51, 30.32, 30.29, 30.42, 30.45, 30.49, 30.28, 30.23], [31.29, 31.28, 31.27, 31.25, 31.22, 31.19, 31.15, 31.09, 31.04, 31.02, 30.75, 30.71, 30.61, 30.63, 30.54, 30.49, 30.48, 30.48, 30.47, 30.47], [31.28, 31.27, 31.26, 31.24, 31.22, 31.2, 31.17, 31.15, 31.15, 30.91, 30.95, 31.12, 31.09, 31.08, 30.61, 30.55, 30.52, 30.5, 30.49, 30.49], [31.28, 31.27, 31.26, 31.24, 31.23, 31.21, 31.2, 31.2, 31.22, 31.09, 31.32, 31.2, 31.13, 31.1, 30.67, 30.6, 30.56, 30.54, 30.52, 30.51], [31.28, 31.27, 31.26, 31.25, 31.24, 31.23, 31.22, 31.23, 31.15, 31.23, 31.28, 31.21, 31.15, 31.11, 30.71, 30.64, 30.6, 30.57, 30.55, 30.53], [31.28, 31.27, 31.26, 31.25, 31.24, 31.24, 31.24, 31.24, 31.14, 31.18, 31.2, 31.18, 31.14, 31.12, 30.73, 30.67, 30.63, 30.59, 30.57, 30.56], [31.28, 31.27, 31.26, 31.26, 31.25, 31.25, 31.25, 31.1, 31.13, 31.15, 31.16, 31.15, 31.13, 31.11, 30.74, 30.69, 30.65, 30.62, 30.59, 30.58]]}]