gis_exercise/awsData/contour/wdir_2023091020.json
[{"header": {"refTime": "2023-09-10T20:00:00.000Z", "nx": 21, "ny": 33, "lo1": 113.509, "la1": 22.2235, "lo2": 113.5947, "la2": 22.1034, "dx": 0.0042850000000001385, "dy": 0.003753125000000024, "parameterCategory": 2, "parameterCategoryName": "Temperature", "parameterNumber": 2}, "data": [-1.53, -1.52, -1.51, -1.31, -1.31, -1.8, -1.77, -1.75, -1.75, -1.72, -1.81, -1.91, -2.42, -2.49, -2.93, -3.01, -3.5, -3.53, -3.55, -3.57, -1.53, -1.53, -1.52, -1.5, -1.31, -1.31, -1.73, -1.66, -1.63, -1.66, -1.81, -1.96, -2.48, -2.55, -2.99, -3.48, -3.52, -3.56, -3.58, -3.59, -1.54, -1.53, -1.52, -1.51, -1.31, -1.31, -1.31, -1.59, -1.37, -1.6, -1.85, -2.05, -2.59, -2.63, -3.42, -3.49, -3.55, -3.59, -3.62, -3.63, -1.55, -1.54, -1.53, -1.52, -1.51, -1.32, -1.31, -1.31, -1.3, -1.67, -1.93, -2.23, -2.76, -2.69, -3.42, -3.51, -3.6, -3.65, -3.67, -3.67, -1.56, -1.55, -1.55, -1.54, -1.53, -1.33, -1.33, -1.32, -1.31, -1.75, -1.99, -2.7, -2.98, -2.76, -3.42, -3.56, -3.67, -3.74, -3.74, -3.72, -1.57, -1.57, -1.56, -1.56, -1.55, -1.54, -1.34, -1.35, -1.33, -1.29, -2.28, -2.57, -2.8, -3.4, -3.44, -3.62, -3.8, -3.88, -3.84, -3.78, -2.59, -1.58, -1.58, -1.58, -1.58, -1.57, -1.49, -1.39, -1.38, -1.59, -1.62, -2.36, -3.4, -3.48, -3.46, -3.69, -3.99, -4.1, -4.2, -4.17, -2.61, -2.58, -2.53, -2.49, -2.45, -1.53, -1.51, -1.51, -1.59, -1.52, -1.3, -2.76, -3.04, -3.6, -3.97, -4.07, -4.18, -4.22, -4.16, -4.12, -2.64, -2.6, -2.55, -2.48, -2.43, -2.41, -2.41, -1.51, -2.01, -1.63, -2.5, -3.14, -3.77, -3.47, -4.02, -4.06, -4.12, -4.15, -4.13, -4.11, -3.59, -3.52, -3.43, -2.51, -2.38, -2.31, -2.5, -2.7, -2.53, -2.38, -2.9, -3.4, -3.95, -3.57, -4.06, -4.06, -4.09, -4.1, -4.1, -4.09, -3.61, -3.55, -3.45, -3.28, -2.93, -1.88, -3.2, -3.89, -3.37, -2.93, -3.69, -3.29, -3.47, -3.42, -4.07, -4.06, -4.07, -4.08, -4.08, -4.08, -3.64, -3.6, -3.53, -3.43, -3.26, -3.18, -3.7, -4.31, -4.54, -4.87, -3.87, -4.27, -4.24, -3.29, -4.06, -4.05, -4.06, -3.76, -3.75, -3.73, -3.69, -3.67, -3.65, -3.64, -3.68, -3.91, -4.27, -4.41, -4.5, -4.32, -4.85, -4.31, -4.26, -3.32, -3.26, -3.62, -3.61, -3.61, -3.62, -3.62, -3.74, -3.74, -3.75, -3.8, -3.93, -4.21, -4.67, -4.4, -4.34, -4.28, -4.86, -3.95, -3.79, -3.66, -3.05, -3.39, -3.41, -3.44, -3.48, -3.51, -3.78, -3.8, -3.83, -3.9, -4.01, -4.19, -4.33, -4.17, -4.02, -3.89, -3.79, -2.7, -3.55, -3.37, -3.26, -3.12, -3.19, -3.27, -3.34, -3.4, -3.82, -3.84, -2.82, -2.9, -2.99, -3.87, -3.84, -3.73, -3.6, -3.53, -2.57, -2.48, -2.38, -2.24, -2.23, -2.61, -2.7, -2.79, -2.78, -2.86, -2.7, -2.72, -2.75, -2.78, -3.61, -3.53, -3.38, -3.18, -3.06, -3.08, -2.31, -2.3, -2.22, -2.11, -1.85, -2.04, -2.13, -2.2, -2.24, -2.28, -2.66, -2.67, -2.67, -2.65, -3.38, -3.2, -2.92, -2.54, -2.34, -1.99, -2.1, -2.16, -2.12, -1.84, -1.81, -2.02, -2.14, -2.22, -2.27, -2.3, -2.62, -2.61, -2.59, -3.34, -3.2, -2.97, -2.59, -1.98, -1.31, -1.75, -1.67, -1.77, -1.83, -1.87, -2.0, -2.09, -2.19, -2.26, -2.3, -2.33, -2.58, -2.56, -2.87, -2.79, -2.68, -2.5, -2.24, -1.87, -1.38, -1.56, -1.72, -1.82, -1.86, -1.92, -2.16, -2.22, -2.28, -2.33, -2.35, -2.36, -2.92, -2.88, -2.83, -2.76, -2.66, -2.52, -2.35, -2.17, -1.67, -1.75, -1.84, -1.9, -1.91, -2.26, -2.29, -2.34, -2.38, -2.4, -2.41, -2.4, -2.9, -2.86, -2.81, -2.75, -2.67, -2.58, -2.49, -1.86, -1.93, -1.98, -2.01, -2.02, -2.61, -2.35, -2.39, -2.44, -2.49, -2.49, -2.46, -2.44, -2.88, -2.85, -2.81, -1.93, -1.94, -1.96, -2.0, -2.06, -2.12, -2.17, -2.15, -2.48, -2.8, -2.4, -2.46, -2.54, -2.62, -2.57, -2.5, -2.46, -1.93, -1.94, -1.95, -1.97, -2.0, -2.04, -2.12, -2.23, -2.37, -2.44, -2.34, -2.68, -2.81, -2.76, -2.72, -2.57, -2.8, -2.55, -2.49, -2.46, -1.94, -1.96, -1.97, -2.0, -2.04, -2.1, -2.19, -2.34, -2.59, -2.8, -2.5, -2.65, -2.62, -2.76, -2.71, -2.67, -2.49, -2.39, -2.46, -2.45, -1.95, -1.97, -1.99, -2.02, -2.06, -2.12, -2.2, -2.34, -2.57, -2.76, -2.69, -2.57, -2.55, -2.76, -2.71, -2.42, -2.43, -2.42, -2.45, -2.45, -1.96, -1.98, -2.0, -2.02, -2.06, -2.1, -2.16, -2.24, -2.33, -2.34, -2.45, -2.42, -2.44, -2.21, -2.3, -2.36, -2.39, -2.39, -2.4, -2.39, -1.97, -1.98, -2.0, -2.02, -2.04, -2.07, -2.1, -2.12, -2.1, -2.21, -2.13, -2.08, -2.14, -2.17, -2.23, -2.3, -2.34, -2.36, -2.37, -2.37, -1.97, -1.98, -1.99, -2.01, -2.02, -2.04, -2.04, -2.02, -1.95, -1.93, -1.68, -1.92, -2.06, -2.13, -2.18, -2.25, -2.29, -2.32, -2.33, -2.34, -1.97, -1.98, -1.99, -2.0, -2.0, -2.01, -2.0, -1.97, -2.02, -1.86, -1.75, -1.9, -2.02, -2.1, -2.15, -2.21, -2.26, -2.29, -2.31, -2.32, -1.96, -1.97, -1.98, -1.99, -1.99, -1.98, -1.97, -1.94, -2.03, -1.95, -1.91, -1.96, -2.03, -2.09, -2.12, -2.18, -2.23, -2.26, -2.28, -2.29, -1.96, -1.97, -1.97, -1.97, -1.97, -1.97, -1.96, -2.11, -2.06, -2.02, -2.0, -2.02, -2.06, -2.1, -2.12, -2.17, -2.21, -2.24, -2.26, -2.27]}, {"header": {"refTime": "2023-09-10T20:00:00.000Z", "nx": 21, "ny": 33, "lo1": 113.509, "la1": 22.2235, "lo2": 113.5947, "la2": 22.1034, "dx": 0.0042850000000001385, "dy": 0.003753125000000024, "parameterCategory": 2, "parameterCategoryName": "Temperature", "parameterNumber": 3}, "data": [0.28, 0.27, 0.26, 0.43, 0.4, 0.36, 0.32, 0.28, 0.27, 0.32, 0.4, 0.47, 0.93, 0.99, 1.52, 1.66, 2.52, 2.6, 2.65, 2.69, 0.28, 0.28, 0.27, 0.25, 0.4, 0.36, 0.28, 0.2, 0.15, 0.25, 0.39, 0.49, 0.96, 1.02, 1.55, 2.44, 2.55, 2.65, 2.71, 2.75, 0.29, 0.29, 0.28, 0.27, 0.42, 0.37, 0.29, 0.14, -0.08, 0.2, 0.41, 0.54, 1.0, 1.06, 2.27, 2.45, 2.61, 2.72, 2.79, 2.82, 0.3, 0.3, 0.29, 0.28, 0.27, 0.41, 0.35, 0.24, 0.14, 0.3, 0.49, 0.63, 1.04, 1.3, 2.23, 2.5, 2.71, 2.84, 2.9, 2.91, 0.31, 0.31, 0.31, 0.31, 0.3, 0.48, 0.45, 0.42, 0.4, 0.47, 0.6, 1.24, 1.07, 1.28, 2.26, 2.61, 2.89, 3.03, 3.06, 3.02, 0.31, 0.32, 0.32, 0.33, 0.34, 0.35, 0.55, 0.57, 0.59, 0.62, 1.38, 1.35, 1.25, 1.81, 2.38, 2.79, 3.17, 3.33, 3.25, 3.13, 1.04, 0.32, 0.33, 0.34, 0.36, 0.4, 0.73, 0.7, 0.73, 1.24, 1.35, 1.6, 2.17, 2.15, 2.55, 2.98, 3.55, 3.76, 3.51, 3.33, 1.04, 1.02, 0.99, 1.08, 1.06, 0.64, 0.7, 0.79, 0.98, 1.19, 1.13, 2.29, 2.5, 2.43, 3.3, 3.53, 3.82, 3.93, 3.77, 3.67, 1.05, 1.02, 0.98, 0.93, 0.99, 1.0, 1.07, 0.73, 1.23, 1.27, 1.98, 2.43, 2.76, 2.6, 3.28, 3.46, 3.64, 3.71, 3.68, 3.62, 1.6, 1.55, 1.47, 0.91, 0.79, 0.81, 1.04, 1.27, 1.54, 1.48, 2.23, 2.53, 2.81, 2.63, 3.27, 3.39, 3.51, 3.58, 3.59, 3.57, 1.61, 1.56, 1.49, 1.36, 1.09, 0.29, 1.32, 1.88, 1.74, 1.78, 2.4, 2.46, 2.57, 2.55, 3.27, 3.35, 3.43, 3.49, 3.51, 3.52, 1.63, 1.6, 1.55, 1.47, 1.34, 1.27, 1.69, 2.24, 2.46, 2.81, 2.47, 2.92, 2.93, 2.48, 3.27, 3.33, 3.39, 3.02, 3.03, 3.03, 1.67, 1.65, 1.63, 1.62, 1.64, 1.8, 2.06, 2.27, 2.4, 2.23, 2.82, 2.91, 2.92, 2.4, 2.35, 2.77, 2.81, 2.84, 2.87, 2.89, 1.7, 1.7, 1.71, 1.74, 1.82, 2.0, 2.27, 2.19, 2.21, 2.16, 2.79, 2.44, 2.36, 2.29, 2.18, 2.56, 2.61, 2.66, 2.72, 2.76, 1.74, 1.75, 1.77, 1.81, 1.88, 2.0, 2.1, 2.38, 2.39, 2.37, 2.35, 1.88, 2.19, 2.09, 2.03, 2.31, 2.39, 2.49, 2.57, 2.64, 1.76, 1.78, 1.48, 1.53, 1.59, 2.31, 2.3, 2.29, 2.28, 2.27, 1.87, 1.78, 1.67, 1.63, 1.59, 1.94, 2.06, 2.17, 2.53, 2.64, 1.45, 1.47, 1.5, 1.54, 2.26, 2.24, 2.21, 2.17, 2.15, 2.16, 1.79, 1.7, 1.57, 1.42, 1.42, 1.63, 1.82, 1.98, 2.08, 2.16, 1.47, 1.49, 1.51, 1.54, 2.21, 2.17, 2.11, 2.02, 1.98, 1.69, 1.64, 1.65, 1.52, 1.41, 1.13, 1.57, 1.84, 2.02, 2.13, 2.21, 1.48, 1.5, 1.52, 2.21, 2.17, 2.12, 2.03, 1.89, 1.69, 1.68, 1.23, 1.15, 1.68, 1.54, 1.53, 1.73, 1.96, 2.12, 2.22, 2.27, 1.49, 1.5, 1.51, 1.51, 1.51, 1.51, 1.52, 1.56, 1.46, 1.32, 1.19, 1.12, 1.79, 1.76, 1.9, 2.01, 2.16, 2.27, 2.33, 2.36, 1.46, 1.46, 1.45, 1.44, 1.43, 1.43, 1.43, 1.44, 1.24, 1.18, 1.11, 1.06, 1.92, 2.12, 2.18, 2.28, 2.38, 2.44, 2.45, 2.44, 1.42, 1.41, 1.4, 1.38, 1.36, 1.33, 1.31, 1.01, 1.05, 1.01, 0.99, 0.97, 1.56, 2.3, 2.39, 2.51, 2.6, 2.61, 2.57, 2.53, 1.38, 1.37, 1.34, 0.92, 0.91, 0.91, 0.89, 0.85, 0.81, 0.78, 0.78, 1.5, 1.93, 2.43, 2.55, 2.7, 2.85, 2.78, 2.66, 2.59, 0.89, 0.89, 0.89, 0.88, 0.86, 0.83, 0.79, 0.72, 0.64, 0.59, 0.64, 1.16, 1.87, 2.17, 2.45, 2.78, 3.16, 2.79, 2.68, 2.61, 0.88, 0.87, 0.86, 0.84, 0.82, 0.78, 0.72, 0.63, 0.49, 0.37, 0.53, 1.06, 1.36, 2.12, 2.39, 2.61, 2.72, 2.59, 2.64, 2.61, 0.86, 0.85, 0.84, 0.82, 0.79, 0.75, 0.69, 0.61, 0.48, 0.38, 0.75, 1.02, 1.28, 2.07, 2.31, 2.56, 2.61, 2.6, 2.62, 2.6, 0.85, 0.83, 0.82, 0.8, 0.77, 0.74, 0.69, 0.64, 0.58, 0.56, 0.85, 1.02, 1.23, 2.14, 2.31, 2.44, 2.51, 2.53, 2.53, 2.52, 0.84, 0.82, 0.81, 0.79, 0.76, 0.74, 0.71, 0.68, 0.66, 0.85, 0.89, 0.84, 0.94, 1.07, 2.19, 2.32, 2.41, 2.45, 2.46, 2.47, 0.83, 0.82, 0.8, 0.78, 0.76, 0.74, 0.72, 0.71, 0.7, 0.87, 0.78, 0.84, 0.93, 1.04, 2.09, 2.23, 2.32, 2.37, 2.4, 2.41, 0.82, 0.81, 0.8, 0.78, 0.77, 0.75, 0.73, 0.73, 0.81, 0.8, 0.81, 0.86, 0.93, 1.02, 2.02, 2.15, 2.24, 2.3, 2.34, 2.36, 0.82, 0.81, 0.8, 0.78, 0.77, 0.76, 0.75, 0.74, 0.84, 0.84, 0.85, 0.89, 0.95, 1.02, 1.98, 2.09, 2.18, 2.24, 2.29, 2.31, 0.82, 0.81, 0.8, 0.79, 0.77, 0.76, 0.76, 0.86, 0.86, 0.87, 0.89, 0.92, 0.96, 1.02, 1.96, 2.06, 2.14, 2.2, 2.24, 2.27]}, {"header": {"refTime": "2023-09-10T20:00:00.000Z", "nx": 21, "ny": 33, "lo1": 113.509, "la1": 22.2235, "lo2": 113.5947, "la2": 22.1034, "dx": 0.0042850000000001385, "dy": 0.003753125000000024, "parameterCategory": 0, "parameterCategoryName": "Temperature", "parameterNumber": 0}, "data": [[25.48, 25.47, 25.47, 25.23, 25.23, 25.46, 25.46, 25.45, 25.45, 25.37, 25.4, 25.42, 25.63, 25.65, 25.69, 25.7, 25.81, 25.81, 25.81, 25.81], [25.49, 25.48, 25.47, 25.46, 25.23, 25.24, 25.44, 25.42, 25.41, 25.36, 25.4, 25.44, 25.65, 25.67, 25.71, 25.81, 25.81, 25.81, 25.81, 25.81], [25.49, 25.48, 25.48, 25.46, 25.23, 25.24, 25.25, 25.4, 25.33, 25.35, 25.41, 25.47, 25.69, 25.7, 25.82, 25.81, 25.81, 25.81, 25.81, 25.8], [25.5, 25.49, 25.49, 25.47, 25.46, 25.24, 25.24, 25.25, 25.26, 25.36, 25.43, 25.53, 25.75, 25.66, 25.82, 25.81, 25.81, 25.81, 25.8, 25.8], [25.51, 25.5, 25.5, 25.49, 25.47, 25.23, 25.24, 25.24, 25.23, 25.35, 25.43, 25.67, 25.8, 25.69, 25.82, 25.81, 25.81, 25.8, 25.8, 25.8], [25.52, 25.52, 25.51, 25.51, 25.49, 25.48, 25.24, 25.24, 25.22, 25.18, 25.46, 25.6, 25.71, 25.83, 25.81, 25.81, 25.8, 25.8, 25.8, 25.8], [25.62, 25.53, 25.53, 25.53, 25.52, 25.5, 25.37, 25.26, 25.25, 25.23, 25.2, 25.49, 25.79, 25.8, 25.8, 25.8, 25.8, 25.8, 25.82, 25.82], [25.63, 25.63, 25.63, 25.63, 25.62, 25.44, 25.4, 25.37, 25.36, 25.2, 25.03, 25.45, 25.46, 25.8, 25.76, 25.75, 25.77, 25.78, 25.77, 25.76], [25.57, 25.58, 25.65, 25.65, 25.66, 25.64, 25.59, 25.39, 25.24, 25.25, 25.21, 25.33, 25.38, 25.31, 25.76, 25.75, 25.76, 25.77, 25.76, 25.76], [25.8, 25.8, 25.8, 25.61, 25.64, 25.71, 25.66, 25.59, 25.12, 25.14, 25.39, 25.25, 25.3, 25.27, 25.76, 25.74, 25.75, 25.76, 25.76, 25.75], [25.8, 25.8, 25.8, 25.8, 25.8, 25.8, 25.8, 25.8, 25.66, 25.23, 24.9, 25.2, 25.24, 25.24, 25.76, 25.74, 25.75, 25.75, 25.75, 25.75], [25.8, 25.8, 25.8, 25.8, 25.8, 25.8, 25.8, 25.8, 25.8, -999.0, 24.9, 25.7, 25.7, 25.22, 25.76, 25.74, 25.74, 25.23, 25.25, 25.25], [25.8, 25.8, 25.8, 25.8, 25.8, 25.8, 25.8, 25.8, 25.8, 25.8, -999.0, 25.7, 25.7, 25.11, 25.37, 25.44, 25.44, 25.32, 25.34, 25.35], [25.8, 25.8, 25.8, 25.8, 25.8, 25.8, 25.8, 25.8, 25.8, 25.8, -999.0, 24.8, 24.8, 24.8, 25.29, 25.35, 25.37, 25.24, 25.27, 25.29], [25.8, 25.8, 25.8, 25.8, 25.8, 25.8, 25.8, 25.9, 25.9, 25.9, 25.9, 25.48, 24.8, 24.8, 24.8, 25.26, 25.29, 25.17, 25.21, 25.24], [25.8, 25.8, 25.86, 25.86, 25.87, 25.9, 25.9, 25.9, 25.9, 25.9, 25.21, 25.29, 25.18, 25.09, 25.19, 25.09, 25.14, 25.06, 25.28, 25.31], [25.86, 25.86, 25.84, 25.84, 25.9, 25.9, 25.9, 25.9, 25.9, 25.9, 25.43, 25.29, 25.15, 25.01, 25.02, 25.02, 25.1, 25.16, 25.21, 25.24], [25.84, 25.84, 25.84, 25.84, 25.9, 25.9, 25.9, 25.9, 25.9, 25.62, 25.47, 25.31, 25.14, 25.03, 24.83, 25.0, 25.11, 25.18, 25.23, 25.26], [25.84, 25.84, 25.84, 25.9, 25.9, 25.9, 25.9, 25.9, 25.8, 25.69, 25.56, 25.43, 25.25, 25.1, 24.98, 25.06, 25.16, 25.22, 25.26, 25.29], [25.84, 25.84, 25.84, 25.85, 25.85, 25.85, 25.86, 25.88, 25.79, 25.69, 25.58, 25.46, 25.31, 25.22, 25.13, 25.17, 25.23, 25.28, 25.31, 25.32], [25.84, 25.84, 25.84, 25.86, 25.86, 25.86, 25.87, 25.87, 25.71, 25.66, 25.59, 25.5, 25.36, 25.22, 25.24, 25.28, 25.32, 25.35, 25.36, 25.36], [25.85, 25.85, 25.85, 25.86, 25.86, 25.86, 25.86, 25.92, 25.67, 25.64, 25.6, 25.54, 25.38, 25.29, 25.33, 25.37, 25.4, 25.41, 25.4, 25.39], [25.85, 25.85, 25.85, 25.94, 25.93, 25.93, 25.92, 25.92, 25.91, 25.91, 25.91, 25.78, 25.64, 25.35, 25.39, 25.44, 25.48, 25.47, 25.45, 25.42], [25.95, 25.95, 25.95, 25.94, 25.94, 25.93, 25.92, 25.91, 25.89, 25.89, 25.9, 25.85, 25.65, 25.62, 25.6, 25.47, 25.55, 25.51, 25.47, 25.44], [25.95, 25.95, 25.95, 25.95, 25.94, 25.94, 25.93, 25.91, 25.87, 25.84, 25.89, 25.86, 25.85, 25.63, 25.6, 25.58, 25.5, 25.5, 25.47, 25.44], [25.96, 25.96, 25.96, 25.95, 25.95, 25.95, 25.94, 25.92, 25.89, 25.86, 25.88, 25.89, 25.88, 25.63, 25.61, 25.65, 25.61, 25.6, 25.46, 25.44], [25.96, 25.96, 25.96, 25.96, 25.96, 25.96, 25.95, 25.95, 25.94, 25.95, 25.93, 25.93, 25.91, 25.78, 25.73, 25.68, 25.65, 25.64, 25.64, 25.65], [25.97, 25.97, 25.97, 25.97, 25.97, 25.97, 25.98, 25.98, 26.0, 26.0, 26.02, 25.98, 25.93, 25.88, 25.76, 25.72, 25.69, 25.67, 25.67, 25.67], [25.97, 25.97, 25.97, 25.97, 25.98, 25.98, 25.99, 26.01, 26.04, 26.08, 26.14, 26.04, 25.96, 25.9, 25.79, 25.75, 25.72, 25.7, 25.69, 25.69], [25.97, 25.97, 25.98, 25.98, 25.99, 25.99, 26.01, 26.02, 26.01, 26.07, 26.11, 26.04, 25.97, 25.92, 25.82, 25.77, 25.74, 25.72, 25.71, 25.71], [25.98, 25.98, 25.98, 25.99, 25.99, 26.0, 26.01, 26.03, 26.0, 26.03, 26.03, 26.01, 25.96, 25.92, 25.83, 25.79, 25.76, 25.74, 25.73, 25.72], [25.98, 25.98, 25.98, 25.99, 25.99, 26.0, 26.01, 25.96, 25.98, 25.99, 25.99, 25.98, 25.95, 25.92, 25.83, 25.8, 25.78, 25.76, 25.74, 25.74]]}]