gis_exercise/awsData/contour/wdir_2023090405.json
[{"header": {"refTime": "2023-09-04T05:00:00.000Z", "nx": 21, "ny": 33, "lo1": 113.509, "la1": 22.2235, "lo2": 113.5947, "la2": 22.1034, "dx": 0.0042850000000001385, "dy": 0.003753125000000024, "parameterCategory": 2, "parameterCategoryName": "Temperature", "parameterNumber": 2}, "data": [0.65, 0.64, 0.63, 0.49, 0.48, 0.35, 0.34, 0.33, 0.32, 0.26, 0.25, 0.23, 0.54, 0.55, 0.51, 0.56, 1.01, 1.04, 1.06, 1.08, 0.66, 0.65, 0.64, 0.62, 0.48, 0.46, 0.34, 0.33, 0.31, 0.26, 0.24, 0.23, 0.52, 0.54, 0.51, 0.96, 1.01, 1.05, 1.08, 1.09, 0.67, 0.66, 0.65, 0.63, 0.49, 0.47, 0.44, 0.33, 0.3, 0.27, 0.24, 0.21, 0.49, 0.51, 0.88, 0.96, 1.03, 1.07, 1.1, 1.12, 0.68, 0.67, 0.66, 0.65, 0.63, 0.49, 0.46, 0.42, 0.39, 0.26, 0.23, 0.18, 0.41, 0.51, 0.86, 0.98, 1.06, 1.11, 1.14, 1.14, 0.69, 0.69, 0.68, 0.67, 0.65, 0.51, 0.5, 0.49, 0.48, 0.27, 0.23, 0.45, 0.21, 0.47, 0.87, 1.02, 1.12, 1.17, 1.18, 1.18, 0.71, 0.71, 0.7, 0.7, 0.69, 0.68, 0.55, 0.55, 0.55, 0.53, 0.68, 0.59, 0.43, 0.85, 0.95, 1.1, 1.21, 1.26, 1.24, 1.21, 1.7, 0.73, 0.73, 0.73, 0.72, 0.72, 0.76, 0.62, 0.62, 0.84, 0.88, 0.88, 1.22, 1.18, 1.08, 1.18, 1.32, 1.37, 1.31, 1.26, 1.71, 1.68, 1.64, 1.32, 1.29, 0.79, 0.77, 0.76, 0.81, 0.8, 0.67, 1.48, 1.62, 1.42, 1.72, 1.66, 1.57, 1.54, 1.59, 1.62, 1.74, 1.71, 1.66, 1.6, 1.29, 1.28, 1.27, 0.77, 1.02, 0.87, 1.22, 1.52, 1.7, 1.62, 1.74, 1.68, 1.63, 1.61, 1.62, 1.63, 2.26, 2.22, 2.15, 1.62, 1.51, 1.24, 1.33, 1.42, 1.3, 1.21, 1.38, 1.56, 1.71, 1.62, 1.75, 1.71, 1.67, 1.65, 1.64, 1.65, 2.29, 2.25, 2.18, 2.06, 1.8, 1.06, 1.95, 2.33, 1.77, 1.52, 1.7, 1.52, 1.58, 1.57, 1.75, 1.72, 1.69, 1.67, 1.67, 1.66, 2.32, 2.29, 2.25, 2.18, 2.06, 2.0, 2.32, 2.53, 2.56, 2.71, 1.83, 2.08, 2.04, 1.53, 1.75, 1.73, 1.71, 1.99, 1.98, 1.98, 2.36, 2.35, 2.34, 2.35, 2.4, 2.61, 2.91, 2.73, 2.63, 2.59, 2.7, 2.12, 2.08, 2.15, 2.17, 2.09, 2.08, 2.07, 2.05, 2.04, 2.4, 2.41, 2.43, 2.48, 2.61, 2.91, 3.45, 2.93, 2.71, 2.64, 2.76, 2.45, 2.45, 2.46, 2.26, 2.19, 2.17, 2.15, 2.12, 2.1, 2.43, 2.45, 2.49, 2.55, 2.67, 2.85, 2.97, 2.69, 2.47, 2.32, 2.23, 1.97, 2.51, 2.53, 2.55, 2.3, 2.27, 2.23, 2.19, 2.16, 2.46, 2.48, 1.83, 1.9, 1.99, 2.46, 2.43, 2.3, 2.15, 2.06, 1.78, 1.92, 2.08, 2.09, 2.19, 2.65, 2.63, 2.61, 2.48, 2.45, 1.72, 1.74, 1.76, 1.78, 2.2, 2.14, 2.01, 1.83, 1.71, 1.71, 1.63, 1.86, 2.11, 2.36, 2.52, 2.68, 2.61, 2.56, 2.52, 2.49, 1.68, 1.68, 1.67, 1.66, 2.0, 1.86, 1.62, 1.29, 1.12, 1.38, 1.71, 1.79, 2.11, 2.49, 2.82, 2.7, 2.61, 2.54, 2.5, 2.47, 1.63, 1.62, 1.6, 1.96, 1.84, 1.65, 1.34, 0.83, 0.41, 1.08, 1.22, 1.58, 2.09, 2.39, 2.71, 2.65, 2.57, 2.51, 2.47, 2.45, 1.59, 1.57, 1.76, 1.68, 1.57, 1.41, 1.16, 0.82, 0.55, 0.88, 1.23, 1.53, 2.02, 2.24, 2.6, 2.56, 2.51, 2.47, 2.44, 2.42, 1.8, 1.76, 1.71, 1.64, 1.55, 1.42, 1.26, 1.09, 0.93, 1.09, 1.31, 1.52, 1.98, 2.52, 2.51, 2.48, 2.45, 2.42, 2.4, 2.39, 1.77, 1.74, 1.69, 1.63, 1.55, 1.47, 1.38, 0.7, 1.2, 1.29, 1.41, 1.54, 2.5, 2.46, 2.45, 2.43, 2.41, 2.38, 2.36, 2.35, 1.75, 1.72, 1.68, 0.73, 0.75, 0.77, 0.81, 0.87, 0.93, 0.96, 0.94, 1.57, 2.09, 2.42, 2.4, 2.4, 2.41, 2.35, 2.31, 2.31, 0.72, 0.73, 0.75, 0.76, 0.79, 0.84, 0.91, 1.01, 1.14, 1.2, 1.11, 1.63, 2.07, 2.12, 2.18, 2.36, 2.54, 2.23, 2.23, 2.27, 0.73, 0.74, 0.76, 0.79, 0.82, 0.87, 0.96, 1.1, 1.34, 1.55, 1.25, 1.57, 1.63, 2.11, 2.15, 2.17, 2.15, 2.0, 2.18, 2.24, 0.74, 0.75, 0.77, 0.79, 0.83, 0.88, 0.96, 1.09, 1.31, 1.49, 1.51, 1.46, 1.52, 2.09, 2.12, 1.87, 1.91, 1.9, 2.2, 2.24, 0.74, 0.75, 0.77, 0.79, 0.82, 0.86, 0.91, 0.98, 1.06, 1.06, 1.27, 1.28, 1.37, 1.46, 1.63, 1.75, 1.81, 1.84, 1.84, 1.83, 0.74, 0.75, 0.76, 0.78, 0.8, 0.82, 0.84, 0.85, 0.81, 0.98, 0.89, 0.85, 0.97, 1.07, 1.51, 1.64, 1.72, 1.76, 1.77, 1.77, 0.74, 0.75, 0.75, 0.76, 0.77, 0.78, 0.77, 0.74, 0.65, 0.65, 0.33, 0.65, 0.86, 0.99, 1.41, 1.54, 1.63, 1.68, 1.71, 1.72, 0.73, 0.74, 0.74, 0.75, 0.75, 0.74, 0.72, 0.68, 0.76, 0.56, 0.43, 0.63, 0.82, 0.95, 1.34, 1.46, 1.55, 1.61, 1.65, 1.67, 0.73, 0.73, 0.73, 0.73, 0.73, 0.72, 0.69, 0.65, 0.79, 0.69, 0.65, 0.73, 0.84, 0.94, 1.3, 1.41, 1.5, 1.56, 1.6, 1.63, 0.72, 0.72, 0.72, 0.72, 0.72, 0.7, 0.68, 0.9, 0.84, 0.79, 0.78, 0.81, 0.88, 0.95, 1.28, 1.38, 1.46, 1.51, 1.56, 1.59]}, {"header": {"refTime": "2023-09-04T05:00:00.000Z", "nx": 21, "ny": 33, "lo1": 113.509, "la1": 22.2235, "lo2": 113.5947, "la2": 22.1034, "dx": 0.0042850000000001385, "dy": 0.003753125000000024, "parameterCategory": 2, "parameterCategoryName": "Temperature", "parameterNumber": 3}, "data": [0.23, 0.23, 0.22, 0.07, 0.07, -0.03, -0.02, -0.02, -0.03, -0.1, -0.13, -0.17, -0.11, -0.12, -0.36, -0.38, -0.34, -0.35, -0.35, -0.35, 0.24, 0.23, 0.22, 0.21, 0.07, 0.07, -0.01, 0.0, 0.0, -0.07, -0.13, -0.18, -0.13, -0.14, -0.38, -0.34, -0.35, -0.36, -0.36, -0.36, 0.24, 0.24, 0.23, 0.22, 0.07, 0.07, 0.07, 0.02, 0.06, -0.05, -0.14, -0.21, -0.17, -0.17, -0.34, -0.35, -0.36, -0.37, -0.37, -0.37, 0.25, 0.24, 0.24, 0.23, 0.22, 0.07, 0.07, 0.07, 0.07, -0.08, -0.17, -0.26, -0.24, -0.25, -0.35, -0.36, -0.37, -0.39, -0.39, -0.39, 0.25, 0.25, 0.25, 0.24, 0.23, 0.07, 0.07, 0.07, 0.07, -0.14, -0.21, -0.28, -0.4, -0.27, -0.34, -0.37, -0.4, -0.41, -0.41, -0.4, 0.26, 0.26, 0.26, 0.25, 0.24, 0.23, 0.08, 0.08, 0.07, 0.05, -0.14, -0.21, -0.29, -0.22, -0.33, -0.38, -0.44, -0.46, -0.44, -0.42, 0.59, 0.27, 0.27, 0.27, 0.26, 0.25, 0.19, 0.1, 0.09, 0.07, 0.05, -0.06, -0.08, -0.11, -0.3, -0.39, -0.5, -0.54, -0.53, -0.5, 0.6, 0.59, 0.58, 0.28, 0.28, 0.23, 0.2, 0.17, 0.15, 0.05, -0.03, 0.1, 0.12, -0.04, -0.15, -0.28, -0.44, -0.49, -0.41, -0.35, 0.61, 0.6, 0.59, 0.58, 0.3, 0.29, 0.26, 0.19, 0.08, 0.08, 0.0, 0.04, 0.0, 0.02, -0.13, -0.23, -0.33, -0.37, -0.36, -0.33, 0.59, 0.58, 0.58, 0.59, 0.57, 0.35, 0.3, 0.24, 0.06, 0.04, 0.01, -0.0, -0.03, 0.0, -0.13, -0.2, -0.26, -0.3, -0.3, -0.29, 0.59, 0.59, 0.59, 0.58, 0.55, 0.49, 0.52, 0.45, 0.18, 0.04, -0.05, 0.0, -0.0, 0.0, -0.13, -0.18, -0.22, -0.25, -0.26, -0.27, 0.6, 0.6, 0.61, 0.6, 0.6, 0.59, 0.57, 0.38, 0.27, 0.28, -0.04, 0.04, 0.04, 0.01, -0.13, -0.17, -0.2, -0.41, -0.42, -0.43, 0.61, 0.62, 0.62, 0.64, 0.66, 0.73, 0.79, 0.52, 0.35, 0.44, 0.32, 0.05, 0.05, -0.1, -0.11, -0.38, -0.39, -0.41, -0.41, -0.42, 0.62, 0.63, 0.64, 0.66, 0.71, 0.82, 1.07, 0.72, 0.54, 0.51, 0.36, -0.15, -0.17, -0.2, -0.15, -0.39, -0.4, -0.4, -0.41, -0.41, 0.62, 0.63, 0.65, 0.67, 0.71, 0.78, 0.81, 0.62, 0.5, 0.43, 0.4, -0.15, -0.21, -0.23, -0.25, -0.4, -0.4, -0.41, -0.41, -0.41, 0.63, 0.64, 0.64, 0.65, 0.68, 0.58, 0.57, 0.51, 0.44, 0.4, -0.13, -0.17, -0.22, -0.29, -0.31, -0.37, -0.36, -0.35, -0.48, -0.48, 0.6, 0.6, 0.61, 0.61, 0.49, 0.48, 0.45, 0.39, 0.35, 0.33, -0.14, -0.18, -0.24, -0.31, -0.39, -0.31, -0.26, -0.22, -0.19, -0.17, 0.58, 0.58, 0.58, 0.57, 0.44, 0.4, 0.34, 0.26, 0.22, 0.14, 0.11, -0.19, -0.26, -0.39, -0.45, -0.33, -0.26, -0.21, -0.18, -0.16, 0.56, 0.56, 0.55, 0.42, 0.39, 0.35, 0.27, 0.15, 0.03, 0.09, -0.23, -0.29, -0.32, -0.37, -0.34, -0.29, -0.23, -0.19, -0.16, -0.14, 0.55, 0.54, 0.25, 0.23, 0.21, 0.18, 0.13, 0.08, -0.11, -0.18, -0.24, -0.29, -0.31, -0.34, -0.25, -0.23, -0.19, -0.16, -0.14, -0.12, 0.23, 0.22, 0.21, 0.19, 0.16, 0.13, 0.09, 0.06, -0.2, -0.23, -0.27, -0.31, -0.3, -0.2, -0.19, -0.17, -0.15, -0.12, -0.11, -0.1, 0.2, 0.19, 0.17, 0.14, 0.11, 0.08, 0.05, -0.34, -0.27, -0.29, -0.31, -0.33, -0.46, -0.15, -0.14, -0.13, -0.11, -0.09, -0.08, -0.07, 0.17, 0.16, 0.13, -0.42, -0.41, -0.41, -0.41, -0.41, -0.42, -0.43, -0.45, -0.34, -0.18, -0.12, -0.11, -0.11, -0.12, -0.07, -0.04, -0.04, -0.45, -0.45, -0.45, -0.44, -0.44, -0.45, -0.45, -0.46, -0.48, -0.49, -0.49, -0.58, -0.19, -0.14, -0.1, -0.08, -0.21, 0.02, 0.02, -0.01, -0.46, -0.46, -0.46, -0.47, -0.47, -0.48, -0.49, -0.5, -0.52, -0.52, -0.53, -0.59, -0.59, -0.14, -0.09, -0.04, 0.08, 0.19, 0.06, 0.01, -0.47, -0.48, -0.48, -0.49, -0.5, -0.51, -0.52, -0.53, -0.54, -0.54, -0.6, -0.62, -0.61, -0.14, -0.08, -0.09, -0.0, 0.04, 0.05, 0.01, -0.49, -0.49, -0.5, -0.51, -0.52, -0.53, -0.55, -0.56, -0.58, -0.59, -0.65, -0.65, -0.64, -0.29, -0.21, -0.13, -0.07, -0.05, -0.05, -0.07, -0.5, -0.5, -0.51, -0.52, -0.54, -0.55, -0.57, -0.6, -0.63, -0.71, -0.73, -0.58, -0.49, -0.39, -0.26, -0.19, -0.14, -0.11, -0.1, -0.11, -0.51, -0.51, -0.52, -0.54, -0.55, -0.57, -0.59, -0.63, -0.68, -0.78, -0.81, -0.66, -0.53, -0.43, -0.3, -0.23, -0.19, -0.16, -0.14, -0.14, -0.51, -0.52, -0.53, -0.55, -0.56, -0.58, -0.61, -0.64, -0.63, -0.71, -0.76, -0.66, -0.55, -0.45, -0.33, -0.27, -0.23, -0.19, -0.18, -0.17, -0.52, -0.53, -0.54, -0.55, -0.57, -0.59, -0.61, -0.64, -0.61, -0.64, -0.65, -0.61, -0.53, -0.46, -0.35, -0.3, -0.26, -0.22, -0.2, -0.19, -0.53, -0.53, -0.54, -0.56, -0.57, -0.59, -0.61, -0.55, -0.57, -0.59, -0.59, -0.56, -0.51, -0.45, -0.36, -0.31, -0.28, -0.25, -0.23, -0.21]}, {"header": {"refTime": "2023-09-04T05:00:00.000Z", "nx": 21, "ny": 33, "lo1": 113.509, "la1": 22.2235, "lo2": 113.5947, "la2": 22.1034, "dx": 0.0042850000000001385, "dy": 0.003753125000000024, "parameterCategory": 0, "parameterCategoryName": "Temperature", "parameterNumber": 0}, "data": [[27.83, 27.84, 27.84, 27.81, 27.81, 28.13, 28.11, 28.09, 28.1, 28.02, 28.07, 28.13, 28.4, 28.44, 28.51, 28.53, 28.72, 28.72, 28.71, 28.71], [27.83, 27.84, 27.84, 27.84, 27.81, 27.81, 28.09, 28.04, 28.02, 27.99, 28.08, 28.16, 28.44, 28.47, 28.54, 28.73, 28.72, 28.72, 28.71, 28.71], [27.83, 27.83, 27.84, 27.84, 27.82, 27.81, 27.81, 28.0, 27.85, 27.96, 28.09, 28.21, 28.51, 28.53, 28.74, 28.73, 28.72, 28.72, 28.71, 28.71], [27.83, 27.83, 27.84, 27.84, 27.85, 27.82, 27.82, 27.81, 27.8, 27.99, 28.14, 28.31, 28.61, 28.53, 28.74, 28.73, 28.72, 28.71, 28.71, 28.71], [27.83, 27.83, 27.83, 27.84, 27.85, 27.83, 27.83, 27.82, 27.81, 28.03, 28.16, 28.55, 28.75, 28.58, 28.74, 28.72, 28.71, 28.71, 28.71, 28.71], [27.82, 27.82, 27.83, 27.84, 27.85, 27.86, 27.85, 27.85, 27.83, 27.78, 28.25, 28.45, 28.62, 28.77, 28.73, 28.71, 28.71, 28.7, 28.7, 28.7], [27.82, 27.82, 27.82, 27.83, 27.84, 27.86, 27.82, 27.9, 27.89, 27.9, 27.87, 28.28, 28.67, 28.7, 28.7, 28.7, 28.7, 28.7, 28.74, 28.75], [27.81, 27.81, 27.81, 27.81, 27.82, 27.77, 27.82, 27.92, 28.06, 27.86, 27.67, 28.19, 28.2, 28.7, 28.63, 28.6, 28.65, 28.66, 28.64, 28.62], [27.89, 27.88, 27.79, 27.78, 27.78, 27.8, 27.86, 27.85, 27.91, 27.93, 27.88, 28.03, 28.1, 28.01, 28.62, 28.6, 28.62, 28.63, 28.63, 28.62], [27.6, 27.6, 27.6, 27.83, 27.8, 27.71, 27.77, 27.86, 27.76, 27.79, 28.11, 27.94, 27.99, 27.97, 28.62, 28.59, 28.6, 28.61, 28.61, 28.61], [27.6, 27.6, 27.6, 27.6, 27.6, 27.6, 27.6, 27.6, 27.78, 27.89, 27.5, 27.88, 27.93, 27.93, 28.62, 28.58, 28.59, 28.6, 28.6, 28.6], [27.6, 27.6, 27.6, 27.6, 27.6, 27.6, 27.6, 27.6, 27.6, -999.0, 27.5, 28.5, 28.5, 27.9, 28.62, 28.57, 28.58, 27.79, 27.81, 27.82], [27.6, 27.6, 27.6, 27.6, 27.6, 27.6, 27.6, 27.6, 27.6, 27.6, -999.0, 28.5, 28.5, 27.59, 27.99, 28.12, 28.13, 27.93, 27.96, 27.98], [27.6, 27.6, 27.6, 27.6, 27.6, 27.6, 27.6, 27.6, 27.6, 27.6, -999.0, 27.1, 27.1, 27.1, 27.87, 27.98, 28.01, 27.81, 27.85, 27.88], [27.6, 27.6, 27.6, 27.6, 27.6, 27.6, 27.6, 27.5, 27.5, 27.5, 27.5, 27.35, 27.1, 27.1, 27.1, 27.83, 27.88, 27.7, 27.75, 27.8], [27.6, 27.6, 27.54, 27.54, 27.53, 27.5, 27.5, 27.5, 27.5, 27.5, 27.25, 27.28, 27.24, 27.21, 27.24, 27.21, 27.23, 27.2, 27.6, 27.63], [27.54, 27.54, 27.56, 27.56, 27.5, 27.5, 27.5, 27.5, 27.5, 27.5, 27.33, 27.28, 27.23, 27.18, 27.18, 27.15, 27.16, 27.18, 27.18, 27.19], [27.56, 27.56, 27.56, 27.56, 27.5, 27.5, 27.5, 27.5, 27.5, 27.4, 27.34, 27.28, 27.22, 27.18, 27.11, 27.14, 27.17, 27.18, 27.19, 27.19], [27.56, 27.56, 27.56, 27.5, 27.5, 27.5, 27.5, 27.5, 27.46, 27.42, 27.37, 27.32, 27.26, 27.21, 27.14, 27.16, 27.18, 27.19, 27.2, 27.2], [27.56, 27.56, 27.44, 27.45, 27.45, 27.45, 27.46, 27.48, 27.45, 27.41, 27.37, 27.33, 27.29, 27.26, 27.17, 27.18, 27.19, 27.2, 27.21, 27.21], [27.44, 27.44, 27.44, 27.46, 27.46, 27.46, 27.47, 27.47, 27.41, 27.4, 27.37, 27.34, 27.31, 27.19, 27.2, 27.21, 27.21, 27.22, 27.22, 27.21], [27.45, 27.45, 27.45, 27.46, 27.46, 27.46, 27.46, 27.54, 27.39, 27.38, 27.37, 27.34, 27.29, 27.21, 27.22, 27.23, 27.24, 27.24, 27.23, 27.22], [27.45, 27.45, 27.45, 27.56, 27.56, 27.55, 27.54, 27.54, 27.53, 27.53, 27.54, 27.43, 27.31, 27.22, 27.23, 27.25, 27.27, 27.25, 27.23, 27.22], [27.58, 27.58, 27.57, 27.57, 27.56, 27.56, 27.55, 27.53, 27.51, 27.51, 27.53, 27.52, 27.31, 27.3, 27.29, 27.26, 27.33, 27.24, 27.22, 27.22], [27.58, 27.58, 27.58, 27.58, 27.57, 27.56, 27.55, 27.53, 27.49, 27.45, 27.51, 27.53, 27.54, 27.3, 27.28, 27.27, 27.22, 27.18, 27.21, 27.22], [27.59, 27.59, 27.59, 27.58, 27.58, 27.58, 27.57, 27.55, 27.51, 27.47, 27.53, 27.56, 27.57, 27.3, 27.28, 27.34, 27.3, 27.28, 27.21, 27.21], [27.59, 27.59, 27.59, 27.59, 27.59, 27.59, 27.59, 27.58, 27.57, 27.58, 27.6, 27.61, 27.6, 27.48, 27.42, 27.38, 27.34, 27.33, 27.33, 27.34], [27.6, 27.6, 27.6, 27.6, 27.61, 27.61, 27.61, 27.62, 27.65, 27.68, 27.7, 27.63, 27.58, 27.52, 27.46, 27.41, 27.38, 27.36, 27.36, 27.36], [27.6, 27.61, 27.61, 27.61, 27.62, 27.62, 27.64, 27.66, 27.7, 27.77, 27.83, 27.7, 27.61, 27.55, 27.49, 27.45, 27.41, 27.39, 27.39, 27.38], [27.61, 27.61, 27.61, 27.62, 27.63, 27.64, 27.65, 27.68, 27.67, 27.74, 27.79, 27.71, 27.63, 27.57, 27.51, 27.47, 27.44, 27.42, 27.41, 27.4], [27.61, 27.62, 27.62, 27.63, 27.63, 27.64, 27.66, 27.68, 27.66, 27.69, 27.7, 27.67, 27.62, 27.57, 27.53, 27.49, 27.46, 27.44, 27.43, 27.42], [27.62, 27.62, 27.62, 27.63, 27.64, 27.65, 27.66, 27.61, 27.63, 27.65, 27.65, 27.63, 27.6, 27.57, 27.53, 27.5, 27.48, 27.46, 27.44, 27.43]]}]