gis_exercise/awsData/contour/wdir_2023090200.json
[{"header": {"refTime": "2023-09-02T00:00:00.000Z", "nx": 21, "ny": 33, "lo1": 113.509, "la1": 22.2235, "lo2": 113.5947, "la2": 22.1034, "dx": 0.0042850000000001385, "dy": 0.003753125000000024, "parameterCategory": 2, "parameterCategoryName": "Temperature", "parameterNumber": 2}, "data": [-0.57, -0.58, -0.59, 0.58, 0.51, 0.57, 0.49, 0.42, 0.45, 1.55, 1.96, 2.34, 2.31, 2.48, -0.04, -0.33, 0.41, 0.15, -0.04, -0.17, -0.57, -0.58, -0.59, -0.6, 0.51, 0.39, 0.36, 0.17, 0.07, 1.19, 1.9, 2.46, 2.51, 2.68, 0.11, 0.69, 0.28, -0.05, -0.27, -0.39, -0.56, -0.57, -0.58, -0.59, 0.52, 0.41, 0.22, -0.05, -0.69, 0.9, 2.01, 2.74, 2.84, 2.96, 1.25, 0.61, 0.05, -0.35, -0.58, -0.67, -0.55, -0.56, -0.56, -0.58, -0.59, 0.48, 0.33, 0.08, -0.14, 1.4, 2.43, 3.22, 3.39, 4.32, 1.33, 0.42, -0.34, -0.82, -1.02, -1.03, -0.54, -0.54, -0.55, -0.55, -0.57, 0.58, 0.51, 0.46, 0.52, 2.26, 2.96, 4.39, 4.66, 4.37, 1.27, 0.02, -1.01, -1.57, -1.64, -1.47, -0.53, -0.53, -0.53, -0.53, -0.54, -0.54, 0.65, 0.69, 0.89, 1.3, 4.12, 4.23, 4.41, 2.9, 0.96, -0.61, -2.11, -2.74, -2.41, -1.92, -1.31, -0.51, -0.51, -0.51, -0.51, -0.5, 0.82, 0.65, 0.85, 2.43, 3.03, 3.9, 2.35, 2.16, 0.55, -1.27, -3.63, -4.51, -3.94, -3.31, -1.33, -1.29, -1.24, -0.43, -0.43, 0.69, 0.69, 0.49, 0.37, 2.53, 3.75, 2.27, 1.87, 1.43, -1.85, -3.05, -4.5, -5.03, -4.25, -3.72, -1.36, -1.32, -1.26, -1.19, -0.43, -0.42, -0.42, 0.66, 0.82, 2.32, 2.15, 1.19, -0.2, 0.47, -1.83, -2.7, -3.57, -3.96, -3.79, -3.51, -1.48, -1.44, -1.38, -1.2, -1.05, -0.41, -0.43, -0.45, 0.83, 1.23, 1.44, 0.46, -0.75, 0.16, -1.85, -2.41, -2.96, -3.28, -3.33, -3.23, -1.51, -1.48, -1.42, -1.32, -1.08, -0.42, -1.12, -1.27, -0.52, 0.79, 0.1, 0.69, 0.32, 0.45, -1.87, -2.24, -2.61, -2.87, -2.97, -2.98, -1.55, -1.54, -1.51, -1.45, -1.35, -1.29, -1.48, -1.27, -1.07, -1.78, -0.04, -0.44, -0.49, 0.72, -1.88, -2.14, -2.4, -3.39, -3.45, -3.46, -1.6, -1.6, -1.61, -1.64, -1.73, -2.01, -2.33, -1.68, -1.29, -1.42, -2.04, -0.39, -0.4, -0.19, -0.15, -2.82, -2.93, -3.04, -3.13, -3.18, -1.64, -1.66, -1.71, -1.79, -1.97, -2.4, -3.27, -2.22, -1.72, -1.6, -2.11, -1.1, -1.1, -1.08, -0.1, -2.46, -2.58, -2.71, -2.83, -2.93, -1.68, -1.71, -1.77, -1.86, -2.02, -2.27, -2.42, -1.52, -1.05, -0.75, -0.57, 0.63, -0.93, -0.88, -0.84, -2.05, -2.21, -2.4, -2.56, -2.69, -1.7, -1.74, -0.78, -0.87, -0.98, -1.14, -1.08, -0.82, -0.52, -0.33, 0.87, 0.75, 0.62, 0.11, 0.05, -0.04, -0.0, 0.04, -0.89, -0.96, -0.57, -0.58, -0.6, -0.61, -0.66, -0.55, -0.32, 0.01, 0.24, 0.26, 1.1, 0.87, 0.64, 0.42, 0.65, -0.78, -1.06, -1.29, -1.47, -1.6, -0.46, -0.45, -0.42, -0.35, -0.29, -0.04, 0.38, 0.95, 1.25, 1.05, 0.66, 0.98, 0.66, 0.68, 0.1, -0.68, -1.07, -1.34, -1.53, -1.66, -0.36, -0.32, -0.25, -0.21, -0.01, 0.33, 0.87, 1.76, 2.53, 1.54, 2.08, 1.71, 1.3, 0.9, -0.61, -0.88, -1.21, -1.45, -1.63, -1.76, -0.28, -0.21, 0.71, 0.82, 1.0, 1.25, 1.61, 2.08, 2.69, 2.44, 2.13, 1.81, 1.49, 1.26, -1.08, -1.21, -1.41, -1.6, -1.76, -1.88, 0.72, 0.78, 0.87, 0.99, 1.16, 1.36, 1.61, 1.86, 2.47, 2.34, 2.14, 1.91, 1.66, -1.38, -1.4, -1.47, -1.59, -1.76, -1.92, -2.03, 0.83, 0.9, 1.0, 1.12, 1.27, 1.44, 1.62, 2.57, 2.37, 2.29, 2.16, 2.0, 1.72, -1.6, -1.61, -1.59, -1.63, -1.85, -2.1, -2.22, 0.92, 1.0, 1.09, 2.41, 2.43, 2.46, 2.48, 2.49, 2.5, 2.49, 2.45, 2.77, -0.63, -1.78, -1.76, -1.58, -1.25, -1.87, -2.39, -2.46, 2.35, 2.36, 2.36, 2.38, 2.39, 2.4, 2.42, 2.44, 2.47, 2.48, 2.43, 2.29, -0.54, -1.07, -1.44, -1.75, 0.23, -2.88, -2.99, -2.76, 2.32, 2.33, 2.33, 2.34, 2.34, 2.35, 2.37, 2.41, 2.49, 2.57, 2.42, 2.26, 2.23, -1.1, -1.61, -2.11, -3.59, -5.03, -3.5, -2.99, 2.3, 2.3, 2.3, 2.29, 2.29, 2.29, 2.3, 2.34, 2.42, 2.51, 2.29, 2.18, 2.16, -1.11, -1.68, -2.52, -3.22, -3.61, -3.38, -3.02, 2.27, 2.27, 2.26, 2.25, 2.24, 2.23, 2.22, 2.22, 2.22, 2.19, 2.06, 2.02, 2.05, -1.5, -1.92, -2.34, -2.75, -2.96, -2.9, -2.73, 2.25, 2.24, 2.23, 2.21, 2.19, 2.17, 2.13, 2.08, 1.99, 1.81, 1.73, 0.17, -0.46, -1.22, -1.71, -2.09, -2.39, -2.56, -2.59, -2.54, 2.23, 2.22, 2.2, 2.18, 2.15, 2.11, 2.06, 1.97, 1.82, 1.53, 0.88, 0.31, -0.33, -1.0, -1.52, -1.86, -2.12, -2.28, -2.35, -2.35, 2.21, 2.19, 2.17, 2.15, 2.12, 2.07, 2.01, 1.91, 0.41, 0.59, 0.68, 0.25, -0.31, -0.88, -1.37, -1.67, -1.91, -2.06, -2.15, -2.19, 2.19, 2.18, 2.15, 2.13, 2.09, 2.05, 1.98, 1.9, 0.23, 0.31, 0.27, 0.01, -0.39, -0.85, -1.28, -1.54, -1.75, -1.9, -2.0, -2.05, 2.18, 2.16, 2.14, 2.11, 2.08, 2.03, 1.98, -0.0, 0.04, 0.05, -0.02, -0.22, -0.52, -0.87, -1.24, -1.46, -1.64, -1.78, -1.87, -1.94]}, {"header": {"refTime": "2023-09-02T00:00:00.000Z", "nx": 21, "ny": 33, "lo1": 113.509, "la1": 22.2235, "lo2": 113.5947, "la2": 22.1034, "dx": 0.0042850000000001385, "dy": 0.003753125000000024, "parameterCategory": 2, "parameterCategoryName": "Temperature", "parameterNumber": 3}, "data": [-9.1, -9.06, -9.0, -8.99, -8.92, -6.62, -6.63, -6.62, -6.54, -6.48, -6.2, -5.9, -6.46, -6.43, -10.42, -11.24, -13.68, -14.28, -14.72, -15.02, -9.13, -9.09, -9.03, -8.96, -8.93, -8.81, -6.75, -6.83, -6.83, -6.64, -6.17, -5.72, -6.19, -6.17, -10.27, -12.99, -13.93, -14.67, -15.17, -15.46, -9.17, -9.13, -9.08, -9.01, -8.96, -8.85, -8.65, -7.0, -7.38, -6.78, -6.06, -5.37, -5.71, -5.79, -11.64, -13.13, -14.39, -15.29, -15.81, -16.04, -9.22, -9.19, -9.15, -9.09, -9.0, -8.94, -8.79, -8.52, -8.28, -6.64, -5.82, -4.77, -4.79, -5.84, -11.39, -13.53, -15.2, -16.26, -16.72, -16.78, -9.27, -9.25, -9.23, -9.18, -9.12, -9.09, -9.02, -8.94, -8.92, -6.57, -5.75, -5.37, -2.96, -5.35, -11.56, -14.4, -16.61, -17.79, -17.96, -17.66, -9.33, -9.33, -9.32, -9.3, -9.26, -9.22, -9.26, -9.31, -9.38, -9.49, -8.16, -6.72, -4.97, -7.88, -12.53, -15.85, -18.88, -20.15, -19.53, -18.59, -12.23, -9.4, -9.41, -9.42, -9.41, -9.4, -10.14, -9.56, -9.66, -10.94, -11.24, -9.32, -10.59, -10.46, -13.85, -17.35, -21.94, -23.64, -21.65, -20.16, -12.28, -12.19, -12.08, -10.79, -10.75, -10.2, -10.14, -10.02, -10.11, -10.84, -10.89, -13.84, -14.4, -12.55, -19.59, -21.59, -24.05, -24.95, -23.61, -22.72, -12.34, -12.26, -12.14, -11.98, -10.76, -10.73, -10.69, -10.11, -10.51, -10.98, -13.5, -14.79, -16.23, -15.54, -19.36, -20.92, -22.44, -23.11, -22.83, -22.35, -13.24, -13.14, -12.98, -12.04, -11.74, -10.71, -10.82, -10.93, -10.99, -10.96, -14.35, -15.44, -16.69, -15.8, -19.28, -20.36, -21.36, -21.93, -22.02, -21.87, -13.3, -13.21, -13.06, -12.79, -12.2, -10.54, -12.43, -13.08, -11.49, -11.35, -14.25, -15.19, -15.6, -15.48, -19.29, -20.04, -20.73, -21.2, -21.4, -21.42, -13.38, -13.33, -13.24, -13.1, -12.83, -12.68, -13.31, -13.34, -13.18, -15.08, -14.09, -15.42, -15.7, -15.18, -19.34, -19.86, -20.36, -22.17, -22.32, -22.37, -13.48, -13.47, -13.48, -13.52, -13.68, -14.25, -14.98, -14.04, -13.49, -13.59, -15.69, -15.14, -15.39, -17.28, -17.32, -21.26, -21.53, -21.75, -21.92, -22.02, -13.58, -13.61, -13.69, -13.85, -14.21, -15.05, -16.68, -14.88, -14.07, -13.84, -15.73, -16.5, -16.9, -17.18, -17.53, -20.98, -21.2, -21.4, -21.58, -21.72, -13.66, -13.72, -13.83, -14.02, -14.34, -14.83, -15.16, -14.63, -14.0, -13.64, -13.44, -14.21, -17.08, -17.38, -17.56, -20.67, -20.88, -21.1, -21.3, -21.46, -13.72, -13.79, -13.09, -13.26, -13.49, -14.25, -14.18, -13.86, -13.49, -13.26, -13.69, -14.37, -15.15, -17.04, -17.33, -19.42, -19.5, -19.57, -21.81, -22.01, -12.84, -12.9, -12.96, -13.03, -13.7, -13.59, -13.34, -12.97, -12.7, -12.67, -13.56, -14.46, -15.53, -16.68, -18.27, -19.89, -20.17, -20.39, -20.55, -20.66, -12.77, -12.79, -12.81, -12.8, -13.3, -13.04, -12.59, -11.99, -11.67, -13.26, -14.3, -14.42, -15.71, -18.15, -18.99, -19.8, -20.2, -20.46, -20.62, -20.73, -12.7, -12.69, -12.66, -13.19, -12.99, -12.64, -12.07, -11.15, -10.66, -12.49, -12.55, -13.71, -17.01, -17.93, -19.74, -20.03, -20.37, -20.6, -20.74, -20.83, -12.63, -12.6, -12.42, -12.29, -12.1, -11.82, -11.42, -10.88, -10.74, -11.47, -12.39, -13.36, -16.88, -17.65, -20.26, -20.42, -20.64, -20.8, -20.9, -20.95, -12.41, -12.34, -12.23, -12.1, -11.91, -11.68, -11.4, -11.12, -11.33, -11.71, -12.31, -13.02, -16.89, -20.59, -20.66, -20.79, -20.93, -21.03, -21.07, -21.08, -12.28, -12.2, -12.09, -11.95, -11.78, -11.58, -11.38, -9.3, -11.53, -11.76, -12.16, -12.68, -16.92, -20.84, -20.95, -21.09, -21.21, -21.26, -21.25, -21.21, -12.18, -12.08, -11.97, -9.02, -9.07, -9.12, -9.18, -9.23, -9.27, -9.26, -9.2, -13.01, -17.43, -21.03, -21.16, -21.31, -21.44, -21.46, -21.4, -21.33, -8.89, -8.91, -8.94, -8.96, -9.0, -9.05, -9.11, -9.21, -9.32, -9.36, -9.23, -11.94, -17.17, -18.45, -19.57, -21.45, -21.57, -21.65, -21.52, -21.41, -8.85, -8.86, -8.88, -8.9, -8.93, -8.97, -9.04, -9.18, -9.44, -9.68, -9.27, -11.49, -12.45, -18.3, -19.46, -20.42, -21.67, -21.76, -21.57, -21.44, -8.81, -8.81, -8.82, -8.83, -8.84, -8.86, -8.92, -9.04, -9.31, -9.55, -10.49, -11.06, -11.93, -18.11, -19.19, -19.44, -20.19, -20.39, -21.52, -21.43, -8.76, -8.76, -8.75, -8.75, -8.74, -8.74, -8.74, -8.77, -8.81, -8.74, -10.02, -10.48, -11.33, -16.25, -17.57, -18.6, -19.28, -19.56, -19.53, -19.34, -8.72, -8.71, -8.69, -8.67, -8.64, -8.6, -8.54, -8.45, -8.27, -9.14, -8.97, -9.73, -10.82, -12.0, -16.71, -17.75, -18.44, -18.81, -18.93, -18.89, -8.68, -8.66, -8.63, -8.6, -8.55, -8.48, -8.37, -8.19, -7.87, -8.16, -7.23, -8.92, -10.32, -11.52, -15.96, -17.0, -17.71, -18.15, -18.37, -18.44, -8.64, -8.61, -8.58, -8.53, -8.47, -8.38, -8.25, -8.05, -9.18, -8.3, -7.79, -8.93, -10.17, -11.25, -15.42, -16.41, -17.12, -17.59, -17.87, -18.02, -8.61, -8.58, -8.54, -8.49, -8.42, -8.33, -8.2, -8.02, -9.46, -9.04, -8.96, -9.5, -10.33, -11.19, -15.12, -16.0, -16.66, -17.14, -17.45, -17.66, -8.58, -8.55, -8.5, -8.45, -8.38, -8.3, -8.19, -10.09, -9.84, -9.66, -9.7, -10.05, -10.6, -11.24, -14.99, -15.74, -16.34, -16.79, -17.12, -17.34]}, {"header": {"refTime": "2023-09-02T00:00:00.000Z", "nx": 21, "ny": 33, "lo1": 113.509, "la1": 22.2235, "lo2": 113.5947, "la2": 22.1034, "dx": 0.0042850000000001385, "dy": 0.003753125000000024, "parameterCategory": 0, "parameterCategoryName": "Temperature", "parameterNumber": 0}, "data": [[24.92, 24.93, 24.94, 24.87, 24.89, 25.16, 25.17, 25.18, 25.19, 25.17, 25.17, 25.18, 25.26, 25.26, 25.42, 25.42, 25.31, 25.31, 25.31, 25.31], [24.92, 24.92, 24.93, 24.95, 24.89, 24.91, 25.17, 25.18, 25.19, 25.17, 25.18, 25.2, 25.28, 25.28, 25.43, 25.32, 25.32, 25.31, 25.31, 25.31], [24.91, 24.92, 24.93, 24.94, 24.88, 24.9, 24.95, 25.18, 25.2, 25.17, 25.19, 25.22, 25.31, 25.3, 25.34, 25.33, 25.32, 25.32, 25.31, 25.31], [24.91, 24.91, 24.92, 24.92, 24.94, 24.88, 24.92, 24.98, 25.03, 25.16, 25.19, 25.26, 25.37, 25.2, 25.34, 25.33, 25.32, 25.32, 25.32, 25.31], [24.9, 24.9, 24.9, 24.91, 24.91, 24.85, 24.86, 24.88, 24.89, 25.11, 25.16, 25.23, 25.44, 25.24, 25.34, 25.33, 25.33, 25.33, 25.32, 25.32], [24.89, 24.89, 24.89, 24.89, 24.89, 24.89, 24.81, 24.8, 24.78, 24.76, 24.96, 25.12, 25.28, 25.33, 25.31, 25.32, 25.33, 25.34, 25.33, 25.32], [24.76, 24.88, 24.88, 24.87, 24.87, 24.86, 24.67, 24.75, 24.72, 24.63, 24.62, 24.91, 25.14, 25.19, 25.27, 25.31, 25.35, 25.37, 25.44, 25.45], [24.76, 24.76, 24.76, 24.76, 24.76, 24.69, 24.68, 24.68, 24.68, 24.61, 24.55, 24.71, 24.71, 25.2, 25.18, 25.11, 25.24, 25.29, 25.22, 25.17], [24.74, 24.74, 24.76, 24.76, 24.76, 24.76, 24.75, 24.68, 24.64, 24.64, 24.62, 24.66, 24.68, 24.65, 25.16, 25.09, 25.16, 25.2, 25.18, 25.15], [24.8, 24.8, 24.8, 24.75, 24.76, 24.78, 24.77, 24.75, 24.59, 24.6, 24.68, 24.63, 24.65, 24.64, 25.16, 25.06, 25.11, 25.14, 25.14, 25.13], [24.8, 24.8, 24.8, 24.8, 24.8, 24.8, 24.8, 24.8, 24.76, 24.63, 24.5, 24.61, 24.63, 24.63, 25.17, 25.04, 25.08, 25.1, 25.1, 25.1], [24.8, 24.8, 24.8, 24.8, 24.8, 24.8, 24.8, 24.8, 24.8, -999.0, 24.5, 24.8, 24.8, 24.62, 25.17, 25.02, 25.04, 24.89, 24.9, 24.9], [24.8, 24.8, 24.8, 24.8, 24.8, 24.8, 24.8, 24.8, 24.8, 24.8, -999.0, 24.8, 24.8, 24.6, 24.69, 25.07, 25.08, 24.97, 24.98, 24.99], [24.8, 24.8, 24.8, 24.8, 24.8, 24.8, 24.8, 24.8, 24.8, 24.8, -999.0, 24.5, 24.5, 24.5, 24.66, 25.0, 25.01, 24.9, 24.92, 24.94], [24.8, 24.8, 24.8, 24.8, 24.8, 24.8, 24.8, 25.1, 25.1, 25.1, 25.1, 24.87, 24.5, 24.5, 24.5, 24.91, 24.94, 24.84, 24.87, 24.89], [24.8, 24.8, 24.99, 24.99, 25.0, 25.1, 25.1, 25.1, 25.1, 25.1, 24.72, 24.77, 24.71, 24.66, 24.71, 24.72, 24.75, 24.69, 24.9, 24.93], [24.99, 24.99, 24.91, 24.91, 25.1, 25.1, 25.1, 25.1, 25.1, 25.1, 24.84, 24.77, 24.69, 24.62, 24.64, 24.69, 24.76, 24.81, 24.85, 24.88], [24.91, 24.91, 24.92, 24.92, 25.1, 25.1, 25.1, 25.1, 25.1, 24.95, 24.87, 24.78, 24.68, 24.64, 24.52, 24.67, 24.77, 24.83, 24.87, 24.9], [24.91, 24.92, 24.92, 25.1, 25.1, 25.1, 25.1, 25.1, 25.05, 24.98, 24.93, 24.85, 24.77, 24.69, 24.66, 24.73, 24.81, 24.86, 24.9, 24.92], [24.92, 24.92, 25.1, 25.1, 25.1, 25.1, 25.1, 25.1, 25.04, 25.0, 24.94, 24.88, 24.81, 24.77, 24.78, 24.82, 24.87, 24.91, 24.94, 24.95], [25.1, 25.1, 25.1, 25.1, 25.1, 25.1, 25.1, 25.1, 25.01, 24.98, 24.94, 24.9, 24.85, 24.86, 24.88, 24.91, 24.94, 24.97, 24.98, 24.98], [25.1, 25.1, 25.1, 25.1, 25.1, 25.1, 25.1, 25.05, 25.0, 24.98, 24.96, 24.92, 24.89, 24.92, 24.95, 24.98, 25.01, 25.02, 25.02, 25.01], [25.1, 25.1, 25.1, 25.02, 25.03, 25.03, 25.04, 25.04, 25.04, 25.04, 25.04, 25.1, 25.13, 24.97, 25.0, 25.04, 25.07, 25.07, 25.06, 25.04], [25.01, 25.01, 25.02, 25.02, 25.02, 25.03, 25.03, 25.04, 25.05, 25.05, 25.04, 25.03, 25.13, 25.13, 25.14, 25.07, 25.1, 25.12, 25.09, 25.06], [25.01, 25.01, 25.01, 25.01, 25.02, 25.02, 25.02, 25.03, 25.05, 25.07, 25.04, 25.02, 25.01, 25.13, 25.14, 25.14, 25.12, 25.14, 25.1, 25.07], [25.01, 25.01, 25.01, 25.01, 25.01, 25.01, 25.01, 25.02, 25.04, 25.06, 25.02, 25.0, 25.0, 25.13, 25.14, 25.1, 25.12, 25.13, 25.08, 25.06], [25.0, 25.0, 25.0, 25.0, 25.0, 25.0, 25.0, 25.0, 25.0, 25.0, 24.98, 24.97, 24.98, 25.03, 25.06, 25.08, 25.1, 25.1, 25.1, 25.1], [25.0, 25.0, 25.0, 24.99, 24.99, 24.99, 24.98, 24.97, 24.96, 24.93, 24.92, 24.95, 24.98, 25.01, 25.04, 25.06, 25.08, 25.09, 25.09, 25.09], [24.99, 24.99, 24.99, 24.99, 24.98, 24.98, 24.97, 24.95, 24.93, 24.88, 24.84, 24.91, 24.96, 24.99, 25.02, 25.04, 25.06, 25.07, 25.08, 25.08], [24.99, 24.99, 24.99, 24.98, 24.98, 24.97, 24.96, 24.94, 24.93, 24.89, 24.86, 24.91, 24.95, 24.98, 25.01, 25.03, 25.05, 25.06, 25.06, 25.07], [24.99, 24.99, 24.98, 24.98, 24.97, 24.97, 24.95, 24.94, 24.94, 24.92, 24.91, 24.93, 24.95, 24.98, 25.0, 25.02, 25.04, 25.05, 25.05, 25.06], [24.99, 24.98, 24.98, 24.98, 24.97, 24.96, 24.95, 24.96, 24.95, 24.94, 24.94, 24.95, 24.96, 24.98, 25.0, 25.01, 25.03, 25.04, 25.05, 25.05]]}]