gis_exercise/awsData/contour/wdir_2023091118.json
[{"header": {"refTime": "2023-09-11T18:00:00.000Z", "nx": 21, "ny": 33, "lo1": 113.509, "la1": 22.2235, "lo2": 113.5947, "la2": 22.1034, "dx": 0.0042850000000001385, "dy": 0.003753125000000024, "parameterCategory": 2, "parameterCategoryName": "Temperature", "parameterNumber": 2}, "data": [-1.69, -1.7, -1.71, -1.9, -1.89, -2.11, -2.08, -2.05, -2.04, -1.95, -2.0, -2.05, -2.34, -2.38, -3.82, -4.02, -4.47, -4.59, -4.68, -4.74, -1.69, -1.7, -1.71, -1.72, -1.89, -1.88, -2.05, -1.99, -1.95, -1.91, -2.0, -2.08, -2.37, -2.41, -3.85, -4.35, -4.54, -4.69, -4.79, -4.84, -1.68, -1.69, -1.7, -1.72, -1.9, -1.89, -1.85, -1.94, -1.76, -1.88, -2.02, -2.13, -2.43, -2.46, -4.11, -4.4, -4.65, -4.83, -4.94, -4.98, -1.67, -1.68, -1.7, -1.71, -1.73, -1.91, -1.88, -1.84, -1.8, -1.92, -2.06, -2.22, -2.51, -2.51, -4.08, -4.49, -4.84, -5.06, -5.15, -5.15, -1.66, -1.67, -1.68, -1.7, -1.73, -1.94, -1.93, -1.91, -1.89, -1.98, -2.1, -2.51, -2.62, -2.53, -4.1, -4.67, -5.15, -5.41, -5.44, -5.36, -1.65, -1.65, -1.66, -1.68, -1.72, -1.77, -1.98, -1.99, -1.97, -1.93, -2.32, -2.45, -2.56, -3.73, -4.22, -4.96, -5.67, -5.98, -5.81, -5.57, -3.05, -1.63, -1.63, -1.65, -1.69, -1.75, -1.85, -2.09, -2.09, -2.14, -2.1, -2.38, -3.89, -4.11, -4.36, -5.25, -6.4, -6.83, -6.93, -6.73, -3.06, -2.99, -2.91, -2.86, -2.83, -1.69, -1.83, -2.05, -2.33, -2.09, -1.87, -3.42, -3.77, -4.56, -6.07, -6.53, -7.05, -7.24, -6.96, -6.77, -3.08, -3.0, -2.9, -2.77, -2.68, -2.69, -2.85, -1.9, -2.97, -2.17, -3.57, -4.43, -5.71, -5.09, -6.18, -6.45, -6.74, -6.87, -6.81, -6.7, -4.32, -4.2, -4.02, -2.73, -2.43, -2.28, -2.77, -3.3, -3.66, -3.45, -4.22, -5.11, -6.23, -5.39, -6.28, -6.39, -6.55, -6.64, -6.65, -6.61, -4.36, -4.25, -4.07, -3.76, -3.09, -1.14, -3.61, -4.89, -4.35, -4.18, -5.7, -4.9, -5.24, -5.12, -6.3, -6.36, -6.44, -6.51, -6.54, -6.53, -4.43, -4.35, -4.22, -4.03, -3.71, -3.55, -4.52, -5.66, -6.1, -7.03, -5.88, -6.13, -6.13, -4.87, -6.28, -6.32, -6.38, -6.76, -6.74, -6.73, -4.51, -4.48, -4.44, -4.41, -4.5, -4.92, -5.59, -5.85, -6.03, -5.69, -7.11, -6.13, -6.09, -5.24, -5.16, -6.54, -6.53, -6.54, -6.56, -6.57, -4.61, -4.61, -4.63, -4.72, -4.96, -5.49, -6.35, -5.84, -5.73, -5.6, -7.08, -6.36, -6.25, -6.13, -4.98, -6.22, -6.25, -6.3, -6.36, -6.4, -4.69, -4.72, -4.78, -4.9, -5.12, -5.45, -5.71, -4.99, -4.62, -4.31, -4.06, -3.12, -5.94, -5.77, -5.67, -5.84, -5.94, -6.05, -6.16, -6.24, -4.76, -4.8, -2.3, -2.45, -2.64, -4.28, -4.2, -3.92, -3.62, -3.44, -2.57, -2.77, -2.99, -3.43, -3.58, -4.86, -4.95, -5.03, -5.06, -5.14, -2.01, -2.05, -2.08, -2.12, -3.63, -3.43, -3.07, -2.59, -2.29, -2.35, -1.98, -2.45, -2.89, -3.28, -3.27, -3.82, -3.75, -3.7, -3.66, -3.63, -1.89, -1.88, -1.85, -1.78, -3.07, -2.65, -1.96, -1.03, -0.55, -0.66, -1.43, -2.16, -2.79, -3.19, -3.89, -3.84, -3.75, -3.69, -3.65, -3.62, -1.76, -1.72, -1.64, -2.98, -2.63, -2.07, -1.16, 0.34, 1.74, 0.1, -0.41, -1.26, -2.29, -2.97, -3.85, -3.79, -3.72, -3.67, -3.63, -3.6, -1.65, -1.58, -2.04, -1.85, -1.55, -1.11, -0.44, 0.49, 1.27, 0.41, -0.49, -1.22, -2.15, -2.68, -3.75, -3.72, -3.67, -3.63, -3.6, -3.57, -2.19, -2.09, -1.96, -1.78, -1.53, -1.19, -0.76, -0.31, 0.18, -0.23, -0.78, -1.28, -2.09, -3.68, -3.67, -3.65, -3.63, -3.59, -3.56, -3.54, -2.14, -2.05, -1.93, -1.79, -1.6, -1.38, -1.16, -0.3, -0.64, -0.87, -1.16, -1.44, -3.83, -3.63, -3.62, -3.62, -3.61, -3.57, -3.52, -3.5, -2.12, -2.04, -1.95, -0.79, -0.78, -0.79, -0.84, -0.95, -1.11, -1.23, -1.26, -1.79, -3.29, -3.59, -3.59, -3.62, -3.67, -3.55, -3.46, -3.45, -0.93, -0.93, -0.95, -0.97, -1.02, -1.1, -1.25, -1.47, -1.76, -1.91, -1.79, -3.26, -3.28, -3.32, -3.38, -3.58, -3.95, -3.36, -3.34, -3.39, -1.02, -1.04, -1.08, -1.13, -1.22, -1.34, -1.54, -1.83, -2.28, -2.64, -2.19, -3.2, -3.31, -3.3, -3.33, -3.34, -3.22, -2.94, -3.24, -3.34, -1.1, -1.14, -1.19, -1.26, -1.36, -1.5, -1.7, -1.98, -2.36, -2.65, -3.09, -3.14, -3.24, -3.28, -3.29, -3.17, -3.11, -3.06, -3.27, -3.34, -1.17, -1.22, -1.28, -1.36, -1.47, -1.6, -1.78, -1.98, -2.18, -2.27, -3.01, -3.06, -3.16, -3.03, -3.09, -3.11, -3.11, -3.1, -3.1, -3.12, -1.23, -1.28, -1.35, -1.43, -1.53, -1.66, -1.81, -1.96, -2.1, -2.88, -2.85, -2.62, -2.62, -2.6, -3.03, -3.07, -3.09, -3.09, -3.1, -3.11, -1.28, -1.33, -1.4, -1.48, -1.58, -1.69, -1.81, -1.95, -2.08, -2.73, -2.51, -2.57, -2.59, -2.59, -2.99, -3.03, -3.06, -3.08, -3.09, -3.09, -1.31, -1.37, -1.43, -1.51, -1.6, -1.7, -1.81, -1.93, -2.61, -2.56, -2.53, -2.56, -2.58, -2.58, -2.96, -3.01, -3.04, -3.06, -3.07, -3.08, -1.34, -1.39, -1.46, -1.53, -1.61, -1.69, -1.79, -1.89, -2.61, -2.58, -2.57, -2.57, -2.58, -2.58, -2.95, -2.99, -3.02, -3.04, -3.06, -3.07, -1.36, -1.41, -1.47, -1.53, -1.6, -1.68, -1.76, -2.63, -2.61, -2.6, -2.59, -2.58, -2.59, -2.58, -2.94, -2.98, -3.01, -3.03, -3.04, -3.06]}, {"header": {"refTime": "2023-09-11T18:00:00.000Z", "nx": 21, "ny": 33, "lo1": 113.509, "la1": 22.2235, "lo2": 113.5947, "la2": 22.1034, "dx": 0.0042850000000001385, "dy": 0.003753125000000024, "parameterCategory": 2, "parameterCategoryName": "Temperature", "parameterNumber": 3}, "data": [-0.05, -0.05, -0.05, 0.24, 0.23, -0.17, -0.18, -0.18, -0.19, -0.09, -0.11, -0.13, -0.12, -0.12, -0.16, -0.12, 0.2, 0.23, 0.26, 0.27, -0.05, -0.05, -0.05, -0.05, 0.23, 0.2, -0.17, -0.17, -0.17, -0.1, -0.12, -0.15, -0.15, -0.15, -0.18, 0.16, 0.21, 0.25, 0.27, 0.29, -0.05, -0.05, -0.05, -0.04, 0.23, 0.2, 0.16, -0.15, -0.13, -0.1, -0.13, -0.19, -0.2, -0.19, 0.08, 0.16, 0.22, 0.27, 0.3, 0.31, -0.05, -0.05, -0.05, -0.04, -0.04, 0.23, 0.19, 0.13, 0.07, -0.08, -0.14, -0.25, -0.31, -0.06, 0.06, 0.17, 0.26, 0.31, 0.33, 0.34, -0.05, -0.05, -0.05, -0.04, -0.03, 0.26, 0.24, 0.22, 0.23, -0.02, -0.1, -0.12, -0.49, -0.13, 0.07, 0.22, 0.32, 0.37, 0.38, 0.37, -0.06, -0.06, -0.05, -0.04, -0.03, -0.02, 0.29, 0.3, 0.33, 0.39, 0.32, 0.08, -0.19, 0.14, 0.15, 0.29, 0.41, 0.45, 0.44, 0.41, 0.55, -0.06, -0.06, -0.05, -0.04, -0.01, 0.27, 0.33, 0.36, 0.67, 0.76, 0.46, 0.51, 0.49, 0.27, 0.38, 0.52, 0.57, 0.58, 0.55, 0.56, 0.53, 0.5, 0.44, 0.43, 0.19, 0.24, 0.28, 0.36, 0.67, 0.82, 1.03, 1.07, 0.76, 1.06, 0.96, 0.83, 0.78, 0.85, 0.9, 0.57, 0.54, 0.5, 0.44, 0.37, 0.38, 0.44, 0.26, 0.71, 0.66, 1.06, 1.15, 1.29, 1.22, 1.11, 1.01, 0.92, 0.88, 0.9, 0.92, 1.05, 1.0, 0.93, 0.43, 0.31, 0.22, 0.41, 0.61, 0.98, 0.98, 1.13, 1.23, 1.35, 1.26, 1.13, 1.05, 0.99, 0.95, 0.94, 0.95, 1.06, 1.02, 0.95, 0.83, 0.56, -0.21, 0.76, 1.25, 1.01, 1.19, 1.48, 1.2, 1.24, 1.23, 1.14, 1.07, 1.03, 0.99, 0.98, 0.98, 1.09, 1.06, 1.01, 0.93, 0.81, 0.75, 1.12, 1.54, 1.7, 1.89, 1.54, 1.5, 1.47, 1.2, 1.13, 1.08, 1.05, 0.71, 0.69, 0.68, 1.13, 1.11, 1.1, 1.09, 1.12, 1.3, 1.57, 1.63, 1.68, 1.56, 1.86, 1.53, 1.5, 0.85, 0.81, 0.69, 0.67, 0.65, 0.64, 0.64, 1.16, 1.16, 1.18, 1.21, 1.31, 1.53, 1.9, 1.66, 1.59, 1.54, 1.88, 1.19, 1.08, 0.98, 0.67, 0.58, 0.58, 0.58, 0.59, 0.6, 1.19, 1.21, 1.23, 1.28, 1.37, 1.51, 1.61, 1.44, 1.31, 1.2, 1.12, 0.32, 0.92, 0.8, 0.73, 0.45, 0.47, 0.5, 0.53, 0.55, 1.22, 1.24, 0.45, 0.51, 0.58, 1.21, 1.18, 1.09, 0.98, 0.92, 0.21, 0.16, 0.11, -0.02, -0.02, 0.68, 0.81, 0.94, 0.83, 0.9, 0.35, 0.37, 0.39, 0.41, 0.99, 0.93, 0.81, 0.65, 0.55, 0.57, 0.01, 0.03, 0.0, -0.05, 0.03, 0.24, 0.4, 0.52, 0.61, 0.66, 0.32, 0.32, 0.32, 0.3, 0.81, 0.67, 0.45, 0.14, -0.02, -0.24, -0.12, -0.07, -0.06, 0.0, -0.17, 0.19, 0.42, 0.56, 0.65, 0.7, 0.28, 0.27, 0.25, 0.78, 0.66, 0.48, 0.18, -0.31, -0.82, -0.44, -0.63, -0.53, 0.11, 0.1, 0.16, 0.33, 0.52, 0.65, 0.72, 0.76, 0.25, 0.23, 0.21, 0.15, 0.07, -0.06, -0.24, -0.5, -0.85, -0.74, -0.62, -0.53, 0.21, 0.29, 0.47, 0.57, 0.7, 0.78, 0.82, 0.83, 0.23, 0.2, 0.15, 0.1, 0.02, -0.08, -0.21, -0.33, -0.7, -0.65, -0.58, -0.51, 0.35, 0.66, 0.72, 0.81, 0.9, 0.93, 0.92, 0.9, 0.19, 0.16, 0.12, 0.06, -0.0, -0.08, -0.16, -0.48, -0.59, -0.56, -0.52, -0.49, 0.73, 0.82, 0.91, 1.04, 1.13, 1.1, 1.02, 0.95, 0.16, 0.13, 0.09, -0.36, -0.37, -0.37, -0.38, -0.37, -0.36, -0.34, -0.32, 0.33, 0.76, 0.92, 1.05, 1.24, 1.45, 1.27, 1.06, 0.97, -0.31, -0.31, -0.32, -0.32, -0.32, -0.31, -0.31, -0.29, -0.27, -0.25, -0.25, 0.68, 0.71, 0.9, 1.08, 1.3, 2.03, 1.12, 0.98, 0.95, -0.29, -0.29, -0.28, -0.28, -0.27, -0.26, -0.25, -0.23, -0.22, -0.21, -0.2, 0.59, 0.87, 0.85, 1.0, 1.11, 0.92, 0.55, 0.86, 0.91, -0.27, -0.26, -0.26, -0.25, -0.23, -0.22, -0.2, -0.18, -0.18, -0.18, 0.3, 0.56, 0.81, 0.79, 0.91, 1.06, 0.95, 0.87, 0.86, 0.89, -0.25, -0.24, -0.23, -0.22, -0.2, -0.18, -0.15, -0.13, -0.11, -0.08, 0.42, 0.58, 0.76, 0.94, 0.99, 1.0, 0.97, 0.95, 0.96, 0.98, -0.23, -0.22, -0.21, -0.19, -0.17, -0.14, -0.11, -0.07, -0.01, 0.44, 0.49, 0.14, 0.08, 0.03, 0.94, 0.96, 0.97, 0.96, 0.97, 0.98, -0.22, -0.2, -0.19, -0.17, -0.14, -0.11, -0.07, -0.02, 0.07, 0.48, 0.35, 0.22, 0.13, 0.07, 0.9, 0.94, 0.95, 0.96, 0.97, 0.98, -0.2, -0.19, -0.17, -0.15, -0.13, -0.09, -0.05, 0.01, 0.17, 0.26, 0.31, 0.22, 0.14, 0.08, 0.88, 0.91, 0.94, 0.95, 0.96, 0.97, -0.19, -0.18, -0.16, -0.14, -0.11, -0.08, -0.04, 0.01, 0.16, 0.2, 0.22, 0.18, 0.13, 0.09, 0.86, 0.9, 0.92, 0.94, 0.95, 0.96, -0.18, -0.17, -0.15, -0.13, -0.11, -0.08, -0.05, 0.11, 0.14, 0.16, 0.16, 0.15, 0.12, 0.08, 0.86, 0.89, 0.91, 0.93, 0.95, 0.96]}, {"header": {"refTime": "2023-09-11T18:00:00.000Z", "nx": 21, "ny": 33, "lo1": 113.509, "la1": 22.2235, "lo2": 113.5947, "la2": 22.1034, "dx": 0.0042850000000001385, "dy": 0.003753125000000024, "parameterCategory": 0, "parameterCategoryName": "Temperature", "parameterNumber": 0}, "data": [[25.9, 25.89, 25.89, 25.73, 25.74, 25.91, 25.92, 25.92, 25.93, 25.94, 25.96, 25.98, 26.13, 26.14, 26.21, 26.22, 26.31, 26.31, 26.31, 26.31], [25.9, 25.89, 25.89, 25.89, 25.74, 25.75, 25.91, 25.92, 25.92, 25.94, 25.96, 25.99, 26.14, 26.16, 26.22, 26.31, 26.31, 26.31, 26.32, 26.32], [25.9, 25.9, 25.89, 25.89, 25.74, 25.75, 25.77, 25.91, 25.9, 25.93, 25.97, 26.01, 26.17, 26.18, 26.3, 26.31, 26.31, 26.32, 26.32, 26.32], [25.9, 25.9, 25.89, 25.89, 25.88, 25.74, 25.76, 25.79, 25.82, 25.93, 25.98, 26.05, 26.2, 26.14, 26.3, 26.31, 26.32, 26.32, 26.33, 26.33], [25.91, 25.9, 25.9, 25.89, 25.88, 25.72, 25.73, 25.74, 25.74, 25.93, 25.98, 26.14, 26.24, 26.16, 26.3, 26.31, 26.33, 26.33, 26.33, 26.33], [25.91, 25.91, 25.91, 25.9, 25.88, 25.86, 25.7, 25.69, 25.69, 25.68, 26.0, 26.1, 26.18, 26.27, 26.3, 26.32, 26.34, 26.35, 26.34, 26.34], [25.93, 25.92, 25.92, 25.91, 25.9, 25.87, 25.75, 25.66, 25.65, 25.72, 25.75, 26.03, 26.24, 26.25, 26.3, 26.33, 26.36, 26.37, 26.38, 26.38], [25.94, 25.95, 25.95, 25.94, 25.93, 25.83, 25.77, 25.69, 25.63, 25.7, 25.67, 26.02, 26.02, 26.25, 26.33, 26.3, 26.35, 26.36, 26.34, 26.32], [25.86, 25.87, 25.97, 25.98, 25.98, 25.96, 25.89, 25.74, 25.6, 25.73, 25.83, 25.92, 25.96, 25.9, 26.32, 26.3, 26.32, 26.33, 26.33, 26.32], [26.2, 26.2, 26.2, 25.92, 25.96, 26.06, 25.99, 25.89, 25.6, 25.6, 25.96, 25.86, 25.9, 25.88, 26.32, 26.29, 26.3, 26.31, 26.31, 26.31], [26.2, 26.2, 26.2, 26.2, 26.2, 26.2, 26.2, 26.2, 25.99, 25.6, 25.6, 25.83, 25.86, 25.86, 26.32, 26.28, 26.29, 26.3, 26.3, 26.3], [26.2, 26.2, 26.2, 26.2, 26.2, 26.2, 26.2, 26.2, 26.2, -999.0, 25.6, 26.2, 26.2, 25.84, 26.32, 26.27, 26.28, 25.77, 25.79, 25.79], [26.2, 26.2, 26.2, 26.2, 26.2, 26.2, 26.2, 26.2, 26.2, 26.2, -999.0, 26.2, 26.2, 25.61, 25.87, 26.0, 26.01, 25.87, 25.89, 25.9], [26.2, 26.2, 26.2, 26.2, 26.2, 26.2, 26.2, 26.2, 26.2, 26.2, -999.0, 25.3, 25.3, 25.3, 25.79, 25.91, 25.93, 25.79, 25.82, 25.84], [26.2, 26.2, 26.2, 26.2, 26.2, 26.2, 26.2, 26.2, 26.2, 26.2, 26.2, 25.85, 25.3, 25.3, 25.3, 25.8, 25.84, 25.71, 25.75, 25.78], [26.2, 26.2, 26.2, 26.2, 26.2, 26.2, 26.2, 26.2, 26.2, 26.2, 25.63, 25.7, 25.61, 25.54, 25.62, 25.67, 25.72, 25.62, 25.86, 25.9], [26.2, 26.2, 26.2, 26.2, 26.2, 26.2, 26.2, 26.2, 26.2, 26.2, 25.81, 25.7, 25.58, 25.48, 25.52, 25.54, 25.62, 25.69, 25.74, 25.77], [26.2, 26.2, 26.2, 26.2, 26.2, 26.2, 26.2, 26.2, 26.2, 25.97, 25.85, 25.72, 25.58, 25.52, 25.33, 25.51, 25.63, 25.71, 25.76, 25.79], [26.2, 26.2, 26.2, 26.2, 26.2, 26.2, 26.2, 26.2, 26.12, 26.02, 25.94, 25.83, 25.73, 25.6, 25.5, 25.58, 25.69, 25.75, 25.8, 25.82], [26.2, 26.2, 26.2, 26.2, 26.2, 26.2, 26.2, 26.2, 26.12, 26.05, 25.96, 25.86, 25.79, 25.72, 25.66, 25.71, 25.77, 25.82, 25.84, 25.86], [26.2, 26.2, 26.2, 26.2, 26.2, 26.2, 26.2, 26.2, 26.06, 26.02, 25.97, 25.9, 25.85, 25.75, 25.78, 25.82, 25.87, 25.89, 25.9, 25.9], [26.2, 26.2, 26.2, 26.2, 26.2, 26.2, 26.2, 26.25, 26.04, 26.02, 25.98, 25.93, 25.91, 25.83, 25.87, 25.92, 25.96, 25.97, 25.95, 25.93], [26.2, 26.2, 26.2, 26.28, 26.27, 26.27, 26.26, 26.26, 26.26, 26.26, 26.26, 26.23, 26.14, 25.89, 25.94, 26.0, 26.06, 26.04, 25.99, 25.96], [26.29, 26.29, 26.28, 26.28, 26.28, 26.27, 26.27, 26.26, 26.25, 26.25, 26.26, 26.3, 26.15, 26.14, 26.13, 26.04, 26.18, 26.05, 26.0, 25.97], [26.29, 26.29, 26.29, 26.29, 26.28, 26.28, 26.28, 26.27, 26.25, 26.23, 26.26, 26.3, 26.32, 26.13, 26.13, 26.12, 26.02, 25.98, 25.99, 25.97], [26.29, 26.29, 26.29, 26.29, 26.29, 26.29, 26.29, 26.28, 26.26, 26.24, 26.29, 26.32, 26.33, 26.13, 26.12, 26.15, 26.12, 26.1, 25.98, 25.97], [26.3, 26.3, 26.3, 26.3, 26.3, 26.3, 26.3, 26.3, 26.3, 26.3, 26.33, 26.34, 26.34, 26.24, 26.21, 26.17, 26.15, 26.14, 26.14, 26.15], [26.3, 26.3, 26.3, 26.31, 26.31, 26.31, 26.32, 26.33, 26.34, 26.38, 26.39, 26.32, 26.28, 26.24, 26.23, 26.2, 26.17, 26.16, 26.16, 26.16], [26.31, 26.31, 26.31, 26.31, 26.32, 26.32, 26.33, 26.35, 26.37, 26.43, 26.45, 26.37, 26.31, 26.26, 26.25, 26.22, 26.2, 26.18, 26.18, 26.18], [26.31, 26.31, 26.31, 26.32, 26.32, 26.33, 26.34, 26.36, 26.35, 26.4, 26.42, 26.37, 26.31, 26.27, 26.26, 26.23, 26.21, 26.2, 26.19, 26.19], [26.31, 26.31, 26.32, 26.32, 26.33, 26.33, 26.35, 26.36, 26.34, 26.36, 26.37, 26.34, 26.31, 26.27, 26.27, 26.24, 26.23, 26.21, 26.2, 26.2], [26.31, 26.32, 26.32, 26.32, 26.33, 26.34, 26.35, 26.31, 26.32, 26.33, 26.33, 26.32, 26.3, 26.27, 26.27, 26.25, 26.24, 26.22, 26.21, 26.21]]}]