gis_exercise/awsData/contour/wdir_2023090203.json
[{"header": {"refTime": "2023-09-02T03:00:00.000Z", "nx": 21, "ny": 33, "lo1": 113.509, "la1": 22.2235, "lo2": 113.5947, "la2": 22.1034, "dx": 0.0042850000000001385, "dy": 0.003753125000000024, "parameterCategory": 2, "parameterCategoryName": "Temperature", "parameterNumber": 2}, "data": [-7.23, -7.23, -7.22, -7.72, -7.6, -9.15, -8.85, -8.57, -8.5, -7.49, -7.92, -8.34, -9.48, -9.7, -13.17, -13.62, -15.02, -15.21, -15.36, -15.45, -7.23, -7.24, -7.24, -7.22, -7.64, -7.44, -8.63, -8.03, -7.68, -7.19, -7.91, -8.54, -9.75, -9.96, -13.4, -14.85, -15.15, -15.4, -15.56, -15.64, -7.23, -7.25, -7.27, -7.27, -7.75, -7.54, -7.19, -7.6, -5.95, -6.93, -8.06, -8.95, -10.22, -10.36, -14.5, -14.95, -15.36, -15.67, -15.84, -15.9, -7.23, -7.26, -7.29, -7.33, -7.36, -7.77, -7.49, -7.0, -6.53, -7.3, -8.45, -9.66, -11.02, -10.93, -14.48, -15.12, -15.71, -16.09, -16.24, -16.22, -7.21, -7.25, -7.3, -7.39, -7.49, -8.11, -8.0, -7.8, -7.61, -7.8, -8.78, -11.09, -12.37, -11.21, -14.49, -15.42, -16.28, -16.75, -16.79, -16.61, -7.17, -7.21, -7.27, -7.39, -7.58, -7.86, -8.62, -8.71, -8.54, -8.09, -9.37, -10.42, -11.43, -13.12, -14.56, -15.89, -17.25, -17.82, -17.49, -17.01, -12.15, -7.13, -7.19, -7.3, -7.54, -7.97, -8.78, -9.78, -9.74, -8.93, -8.1, -9.24, -12.56, -13.02, -14.6, -16.36, -18.63, -19.48, -19.41, -18.93, -12.11, -11.9, -11.65, -11.21, -11.21, -7.8, -8.67, -10.24, -11.82, -8.72, -6.83, -9.98, -10.74, -13.22, -15.95, -17.38, -19.09, -19.72, -18.79, -18.17, -12.11, -11.84, -11.48, -11.01, -10.44, -10.63, -11.56, -9.13, -12.61, -9.11, -9.87, -11.66, -13.96, -12.86, -15.99, -16.99, -18.01, -18.46, -18.26, -17.92, -14.75, -14.36, -13.77, -10.68, -9.55, -8.77, -10.67, -12.78, -14.01, -13.12, -11.13, -12.8, -14.81, -13.33, -16.08, -16.68, -17.31, -17.67, -17.72, -17.6, -14.88, -14.52, -13.94, -12.91, -10.71, -4.32, -12.36, -16.45, -15.6, -15.15, -15.7, -12.41, -13.05, -12.85, -16.1, -16.49, -16.9, -17.19, -17.31, -17.31, -15.11, -14.85, -14.46, -13.82, -12.78, -12.26, -15.39, -18.88, -20.18, -21.55, -16.63, -16.79, -16.41, -12.38, -16.1, -16.38, -16.66, -18.35, -18.4, -18.41, -15.41, -15.29, -15.16, -15.11, -15.4, -16.86, -19.1, -19.65, -20.04, -19.05, -21.25, -17.15, -16.71, -14.39, -14.35, -17.79, -17.89, -17.99, -18.08, -18.13, -15.71, -15.73, -15.83, -16.14, -16.95, -18.79, -21.85, -19.84, -19.29, -18.83, -21.38, -18.64, -18.19, -17.86, -14.35, -17.4, -17.52, -17.65, -17.77, -17.87, -15.99, -16.09, -16.31, -16.73, -17.48, -18.6, -19.49, -19.68, -18.94, -18.34, -17.89, -14.97, -17.83, -17.45, -17.22, -16.96, -17.13, -17.31, -17.48, -17.62, -16.21, -16.36, -12.19, -12.64, -13.24, -18.42, -18.28, -17.75, -17.17, -16.82, -14.15, -14.27, -14.38, -13.59, -13.82, -15.08, -15.08, -15.08, -15.96, -16.06, -11.63, -11.78, -11.99, -12.22, -17.23, -16.88, -16.23, -15.36, -14.8, -14.89, -13.12, -13.65, -14.05, -14.35, -13.56, -13.95, -13.67, -13.45, -13.28, -13.17, -11.53, -11.62, -11.71, -11.76, -16.22, -15.47, -14.24, -12.57, -11.71, -11.36, -12.43, -13.12, -13.8, -13.47, -14.58, -14.05, -13.65, -13.39, -13.21, -13.1, -11.41, -11.44, -11.44, -16.05, -15.43, -14.43, -12.8, -10.12, -7.51, -10.11, -10.39, -11.52, -12.14, -13.09, -14.1, -13.82, -13.48, -13.25, -13.1, -13.0, -11.29, -11.27, -14.27, -13.92, -13.39, -12.61, -11.43, -9.78, -8.07, -9.31, -10.56, -11.53, -11.86, -12.55, -13.59, -13.43, -13.22, -13.06, -12.95, -12.88, -14.5, -14.33, -14.09, -13.76, -13.3, -12.7, -11.93, -11.14, -9.72, -10.29, -11.05, -11.71, -11.67, -13.27, -13.21, -13.08, -12.94, -12.84, -12.77, -12.74, -14.39, -14.22, -14.0, -13.73, -13.39, -12.99, -12.57, -9.41, -10.99, -11.33, -11.71, -12.05, -14.42, -13.02, -12.93, -12.81, -12.71, -12.63, -12.6, -12.6, -14.32, -14.17, -13.99, -9.57, -9.66, -9.78, -9.98, -10.26, -10.59, -10.77, -10.67, -12.08, -13.27, -12.83, -12.73, -12.63, -12.58, -12.45, -12.41, -12.47, -9.5, -9.56, -9.63, -9.73, -9.88, -10.11, -10.47, -11.01, -11.7, -12.02, -11.54, -12.53, -13.34, -13.0, -12.71, -12.49, -12.72, -12.13, -12.21, -12.35, -9.55, -9.62, -9.71, -9.83, -10.02, -10.3, -10.76, -11.5, -12.77, -13.84, -12.27, -12.44, -12.1, -13.02, -12.7, -12.42, -11.99, -11.67, -12.09, -12.28, -9.58, -9.65, -9.75, -9.88, -10.06, -10.33, -10.75, -11.44, -12.61, -13.56, -12.8, -12.01, -11.74, -13.05, -12.74, -11.1, -11.26, -11.26, -12.15, -12.29, -9.6, -9.66, -9.75, -9.86, -10.01, -10.21, -10.49, -10.86, -11.25, -11.26, -11.45, -11.14, -11.18, -9.97, -10.43, -10.78, -10.98, -11.05, -11.05, -11.01, -9.59, -9.65, -9.72, -9.8, -9.9, -10.01, -10.11, -10.14, -9.97, -10.11, -9.61, -9.65, -10.03, -10.29, -10.11, -10.47, -10.7, -10.82, -10.86, -10.86, -9.58, -9.62, -9.67, -9.72, -9.76, -9.79, -9.75, -9.57, -9.09, -8.55, -7.26, -8.7, -9.54, -10.0, -9.84, -10.2, -10.45, -10.6, -10.67, -10.71, -9.55, -9.58, -9.61, -9.63, -9.63, -9.6, -9.49, -9.24, -9.29, -8.31, -7.71, -8.59, -9.35, -9.83, -9.64, -9.99, -10.24, -10.41, -10.51, -10.57, -9.53, -9.54, -9.55, -9.55, -9.53, -9.47, -9.34, -9.11, -9.37, -8.88, -8.68, -8.98, -9.42, -9.79, -9.53, -9.85, -10.08, -10.25, -10.37, -10.44, -9.5, -9.5, -9.5, -9.49, -9.45, -9.38, -9.26, -9.85, -9.56, -9.31, -9.21, -9.34, -9.58, -9.84, -9.48, -9.75, -9.97, -10.13, -10.25, -10.33]}, {"header": {"refTime": "2023-09-02T03:00:00.000Z", "nx": 21, "ny": 33, "lo1": 113.509, "la1": 22.2235, "lo2": 113.5947, "la2": 22.1034, "dx": 0.0042850000000001385, "dy": 0.003753125000000024, "parameterCategory": 2, "parameterCategoryName": "Temperature", "parameterNumber": 3}, "data": [-2.61, -2.59, -2.56, -1.5, -1.52, -3.09, -3.02, -2.95, -2.97, -2.5, -2.69, -2.88, -3.95, -4.06, -4.97, -5.07, -5.54, -5.55, -5.56, -5.56, -2.63, -2.61, -2.58, -2.54, -1.53, -1.55, -2.92, -2.75, -2.66, -2.41, -2.71, -3.0, -4.11, -4.21, -5.09, -5.55, -5.57, -5.58, -5.59, -5.59, -2.65, -2.63, -2.6, -2.56, -1.54, -1.56, -1.6, -2.58, -2.05, -2.32, -2.78, -3.24, -4.37, -4.43, -5.56, -5.57, -5.6, -5.62, -5.63, -5.63, -2.68, -2.66, -2.63, -2.6, -2.55, -1.56, -1.59, -1.63, -1.66, -2.4, -2.93, -3.64, -4.82, -4.24, -5.58, -5.6, -5.64, -5.68, -5.69, -5.67, -2.71, -2.69, -2.68, -2.65, -2.61, -1.57, -1.58, -1.57, -1.52, -2.41, -2.96, -4.35, -5.42, -4.48, -5.56, -5.62, -5.71, -5.77, -5.76, -5.73, -2.74, -2.74, -2.73, -2.71, -2.68, -2.65, -1.61, -1.6, -1.49, -1.22, -2.86, -3.8, -4.66, -4.85, -5.49, -5.65, -5.84, -5.92, -5.87, -5.78, -2.82, -2.78, -2.78, -2.78, -2.77, -2.74, -2.09, -1.79, -1.69, -1.36, -1.11, -2.85, -4.28, -4.34, -5.37, -5.67, -6.04, -6.18, -5.92, -5.77, -2.83, -2.84, -2.86, -2.86, -2.86, -2.28, -2.21, -2.25, -2.4, -1.19, -0.2, -2.36, -2.77, -3.95, -4.28, -4.86, -5.59, -5.86, -5.46, -5.19, -2.83, -2.85, -2.88, -2.91, -2.92, -2.91, -2.83, -2.19, -1.74, -1.49, -1.53, -2.38, -2.8, -2.6, -4.15, -4.64, -5.1, -5.31, -5.22, -5.08, -2.62, -2.65, -2.69, -2.94, -3.03, -3.06, -2.91, -2.73, -1.57, -1.33, -1.95, -2.41, -2.76, -2.58, -4.08, -4.45, -4.77, -4.95, -4.98, -4.93, -2.61, -2.63, -2.68, -2.76, -2.93, -3.43, -2.8, -2.46, -2.5, -1.48, -1.65, -2.31, -2.46, -2.45, -4.08, -4.34, -4.57, -4.72, -4.79, -4.8, -2.59, -2.61, -2.64, -2.69, -2.77, -2.81, -2.56, -2.26, -2.15, -2.22, -1.71, -2.85, -2.92, -2.35, -4.11, -4.29, -4.45, -4.65, -4.71, -4.74, -2.57, -2.58, -2.59, -2.59, -2.57, -2.46, -2.29, -2.22, -2.17, -2.26, -2.31, -2.77, -2.85, -3.37, -3.38, -4.32, -4.42, -4.51, -4.57, -4.61, -2.54, -2.54, -2.54, -2.51, -2.45, -2.32, -2.11, -2.23, -2.25, -2.28, -2.29, -2.85, -2.95, -3.02, -3.42, -4.24, -4.32, -4.39, -4.46, -4.51, -2.52, -2.51, -2.5, -2.47, -2.41, -2.33, -2.26, -2.36, -2.43, -2.5, -2.55, -3.14, -3.02, -3.11, -3.16, -4.15, -4.22, -4.29, -4.36, -4.42, -2.5, -2.49, -3.02, -2.98, -2.93, -2.51, -2.53, -2.58, -2.64, -2.68, -3.2, -3.26, -3.32, -3.62, -3.62, -1.42, -1.01, -0.6, -1.15, -0.99, -3.08, -3.07, -3.06, -3.04, -2.64, -2.69, -2.76, -2.86, -2.92, -2.91, -3.33, -3.35, -3.41, -3.48, -2.38, -1.99, -1.4, -0.95, -0.63, -0.43, -3.1, -3.1, -3.1, -3.11, -2.76, -2.85, -2.99, -3.18, -3.28, -3.49, -3.44, -3.42, -3.46, -2.44, -3.48, -2.17, -1.32, -0.79, -0.47, -0.27, -3.12, -3.13, -3.14, -2.78, -2.85, -2.97, -3.16, -3.47, -3.81, -3.61, -4.05, -4.02, -1.59, -1.92, -2.28, -1.65, -0.93, -0.46, -0.2, -0.07, -3.14, -3.15, -3.58, -3.61, -3.64, -3.69, -3.75, -3.82, -4.02, -4.06, -4.09, -4.07, -1.1, -1.02, -1.12, -0.74, -0.28, 0.02, 0.15, 0.18, -3.62, -3.64, -3.66, -3.69, -3.73, -3.78, -3.83, -3.87, -4.13, -4.15, -4.16, -4.14, -0.49, -0.41, -0.19, 0.17, 0.5, 0.61, 0.55, 0.44, -3.67, -3.7, -3.73, -3.76, -3.81, -3.86, -3.92, -3.33, -4.26, -4.27, -4.26, -4.23, -0.3, 0.18, 0.55, 1.04, 1.39, 1.27, 0.91, 0.64, -3.72, -3.75, -3.79, -2.92, -2.99, -3.08, -3.18, -3.29, -3.38, -3.39, -3.27, -1.19, -0.54, 0.57, 1.06, 1.83, 2.7, 1.94, 1.05, 0.69, -2.71, -2.74, -2.78, -2.84, -2.91, -3.0, -3.13, -3.32, -3.55, -3.63, -3.39, -0.1, -0.74, 0.1, 0.93, 2.05, 5.1, 1.24, 0.67, 0.57, -2.65, -2.67, -2.7, -2.74, -2.8, -2.89, -3.04, -3.31, -3.83, -4.29, -3.53, -0.41, 0.87, -0.11, 0.59, 1.09, 0.39, -1.21, 0.14, 0.39, -2.58, -2.59, -2.61, -2.63, -2.67, -2.73, -2.85, -3.1, -3.61, -4.06, -1.75, -0.34, 0.78, -0.35, 0.2, 1.41, 0.81, 0.41, 0.14, 0.31, -2.51, -2.51, -2.51, -2.51, -2.51, -2.52, -2.56, -2.63, -2.72, -2.62, -0.69, 0.09, 0.84, 1.62, 1.53, 1.35, 1.08, 0.92, 0.98, 1.12, -2.45, -2.43, -2.41, -2.38, -2.35, -2.3, -2.22, -2.07, -1.78, -0.02, 0.38, -1.31, -1.8, -2.23, 1.5, 1.38, 1.24, 1.15, 1.15, 1.21, -2.38, -2.35, -2.31, -2.26, -2.19, -2.09, -1.92, -1.63, -1.09, 0.8, 0.76, -0.53, -1.38, -1.94, 1.5, 1.42, 1.34, 1.28, 1.27, 1.29, -2.32, -2.28, -2.23, -2.16, -2.07, -1.93, -1.72, -1.38, -0.96, -0.15, 0.35, -0.46, -1.22, -1.77, 1.51, 1.45, 1.4, 1.36, 1.35, 1.35, -2.27, -2.22, -2.16, -2.08, -1.97, -1.82, -1.61, -1.32, -1.08, -0.67, -0.53, -0.84, -1.3, -1.73, 1.52, 1.48, 1.44, 1.41, 1.4, 1.4, -2.22, -2.17, -2.1, -2.02, -1.91, -1.77, -1.59, -1.52, -1.28, -1.08, -1.03, -1.19, -1.47, -1.77, 1.52, 1.5, 1.47, 1.45, 1.44, 1.44]}, {"header": {"refTime": "2023-09-02T03:00:00.000Z", "nx": 21, "ny": 33, "lo1": 113.509, "la1": 22.2235, "lo2": 113.5947, "la2": 22.1034, "dx": 0.0042850000000001385, "dy": 0.003753125000000024, "parameterCategory": 0, "parameterCategoryName": "Temperature", "parameterNumber": 0}, "data": [[25.07, 25.07, 25.07, 24.92, 24.94, 25.07, 25.08, 25.1, 25.11, 25.1, 25.09, 25.09, 25.15, 25.15, 25.11, 25.1, 25.04, 25.03, 25.03, 25.02], [25.07, 25.07, 25.07, 25.07, 24.93, 24.96, 25.09, 25.11, 25.13, 25.12, 25.1, 25.09, 25.15, 25.15, 25.11, 25.05, 25.04, 25.03, 25.02, 25.02], [25.07, 25.07, 25.07, 25.07, 24.93, 24.95, 24.99, 25.12, 25.18, 25.13, 25.1, 25.09, 25.15, 25.15, 25.06, 25.05, 25.03, 25.02, 25.02, 25.01], [25.07, 25.07, 25.07, 25.07, 25.06, 24.93, 24.96, 25.01, 25.06, 25.1, 25.08, 25.09, 25.16, 25.06, 25.07, 25.04, 25.02, 25.01, 25.01, 25.01], [25.07, 25.07, 25.07, 25.06, 25.06, 24.9, 24.91, 24.93, 24.94, 25.05, 25.06, 25.06, 25.14, 25.07, 25.06, 25.03, 25.01, 25.0, 24.99, 25.0], [25.08, 25.07, 25.07, 25.06, 25.05, 25.03, 24.86, 24.85, 24.85, 24.84, 24.95, 25.02, 25.09, 25.13, 25.05, 25.02, 24.98, 24.97, 24.98, 24.99], [25.03, 25.08, 25.07, 25.07, 25.05, 25.02, 24.85, 24.79, 24.78, 24.76, 24.78, 24.95, 25.09, 25.1, 25.03, 25.0, 24.95, 24.93, 24.96, 24.97], [25.04, 25.05, 25.05, 25.04, 25.03, 24.93, 24.87, 24.79, 24.72, 24.75, 24.74, 24.91, 24.91, 25.1, 24.94, 24.95, 24.93, 24.92, 24.93, 24.94], [24.96, 24.97, 25.07, 25.08, 25.08, 25.06, 24.99, 24.84, 24.7, 24.76, 24.82, 24.86, 24.88, 24.85, 24.94, 24.95, 24.94, 24.93, 24.94, 24.94], [25.3, 25.3, 25.3, 25.02, 25.06, 25.16, 25.09, 24.99, 24.7, 24.7, 24.88, 24.83, 24.85, 24.84, 24.94, 24.96, 24.95, 24.94, 24.94, 24.95], [25.3, 25.3, 25.3, 25.3, 25.3, 25.3, 25.3, 25.3, 25.09, 24.7, 24.7, 24.81, 24.83, 24.83, 24.94, 24.96, 24.95, 24.95, 24.95, 24.95], [25.3, 25.3, 25.3, 25.3, 25.3, 25.3, 25.3, 25.3, 25.3, -999.0, 24.7, 25.0, 25.0, 24.82, 24.94, 24.96, 24.96, 24.67, 24.68, 24.68], [25.3, 25.3, 25.3, 25.3, 25.3, 25.3, 25.3, 25.3, 25.3, 25.3, -999.0, 25.0, 25.0, 24.67, 24.82, 24.75, 24.76, 24.71, 24.72, 24.72], [25.3, 25.3, 25.3, 25.3, 25.3, 25.3, 25.3, 25.3, 25.3, 25.3, -999.0, 24.5, 24.5, 24.5, 24.77, 24.72, 24.73, 24.68, 24.69, 24.7], [25.3, 25.3, 25.3, 25.3, 25.3, 25.3, 25.3, 25.3, 25.3, 25.3, 25.3, 24.99, 24.5, 24.5, 24.5, 24.68, 24.7, 24.65, 24.66, 24.68], [25.3, 25.3, 25.3, 25.3, 25.3, 25.3, 25.3, 25.3, 25.3, 25.3, 24.8, 24.85, 24.78, 24.71, 24.79, 24.61, 24.63, 24.6, 24.69, 24.7], [25.3, 25.3, 25.3, 25.3, 25.3, 25.3, 25.3, 25.3, 25.3, 25.3, 24.96, 24.86, 24.75, 24.66, 24.63, 24.6, 24.64, 24.67, 24.69, 24.7], [25.3, 25.3, 25.3, 25.3, 25.3, 25.3, 25.3, 25.3, 25.3, 25.1, 24.99, 24.87, 24.74, 24.64, 24.52, 24.59, 24.64, 24.68, 24.7, 24.71], [25.3, 25.3, 25.3, 25.3, 25.3, 25.3, 25.3, 25.3, 25.23, 25.14, 25.03, 24.93, 24.77, 24.68, 24.58, 24.62, 24.66, 24.69, 24.71, 24.73], [25.3, 25.3, 25.19, 25.19, 25.2, 25.21, 25.23, 25.27, 25.2, 25.13, 25.04, 24.95, 24.81, 24.74, 24.65, 24.67, 24.7, 24.72, 24.73, 24.74], [25.18, 25.18, 25.18, 25.22, 25.22, 25.23, 25.23, 25.24, 25.13, 25.09, 25.04, 24.97, 24.83, 24.69, 24.7, 24.72, 24.74, 24.75, 24.76, 24.76], [25.21, 25.21, 25.21, 25.21, 25.21, 25.21, 25.22, 25.23, 25.09, 25.07, 25.03, 24.99, 24.79, 24.73, 24.74, 24.76, 24.77, 24.78, 24.78, 24.78], [25.2, 25.2, 25.2, 25.23, 25.23, 25.22, 25.22, 25.21, 25.2, 25.2, 25.2, 25.08, 24.94, 24.75, 24.77, 24.79, 24.8, 24.81, 24.8, 24.79], [25.23, 25.23, 25.23, 25.22, 25.22, 25.22, 25.21, 25.2, 25.18, 25.17, 25.18, 25.08, 24.95, 24.92, 24.89, 24.8, 24.81, 24.83, 24.82, 24.8], [25.23, 25.23, 25.22, 25.22, 25.22, 25.21, 25.2, 25.18, 25.16, 25.13, 25.17, 25.09, 25.07, 24.92, 24.9, 24.88, 24.84, 24.85, 24.82, 24.81], [25.23, 25.23, 25.22, 25.22, 25.22, 25.21, 25.2, 25.19, 25.16, 25.14, 25.11, 25.11, 25.08, 24.93, 24.91, 24.92, 24.9, 24.9, 24.82, 24.81], [25.23, 25.23, 25.22, 25.22, 25.22, 25.21, 25.21, 25.2, 25.19, 25.19, 25.14, 25.13, 25.11, 25.01, 24.97, 24.95, 24.93, 24.92, 24.92, 24.93], [25.23, 25.23, 25.22, 25.22, 25.22, 25.22, 25.22, 25.21, 25.22, 25.18, 25.19, 25.18, 25.15, 25.12, 25.0, 24.97, 24.95, 24.94, 24.94, 24.94], [25.23, 25.23, 25.23, 25.22, 25.22, 25.22, 25.22, 25.23, 25.24, 25.22, 25.27, 25.21, 25.17, 25.14, 25.02, 24.99, 24.97, 24.96, 24.95, 24.95], [25.23, 25.23, 25.23, 25.23, 25.23, 25.23, 25.23, 25.23, 25.2, 25.23, 25.25, 25.21, 25.18, 25.15, 25.04, 25.01, 24.99, 24.97, 24.97, 24.96], [25.23, 25.23, 25.23, 25.23, 25.23, 25.23, 25.23, 25.24, 25.19, 25.21, 25.21, 25.2, 25.17, 25.15, 25.04, 25.02, 25.0, 24.99, 24.98, 24.97], [25.23, 25.23, 25.23, 25.23, 25.23, 25.23, 25.23, 25.17, 25.18, 25.19, 25.19, 25.18, 25.16, 25.15, 25.05, 25.03, 25.01, 25.0, 24.99, 24.98]]}]