gis_exercise/awsData/contour/wdir_2023090500.json
[{"header": {"refTime": "2023-09-05T00:00:00.000Z", "nx": 21, "ny": 33, "lo1": 113.509, "la1": 22.2235, "lo2": 113.5947, "la2": 22.1034, "dx": 0.0042850000000001385, "dy": 0.003753125000000024, "parameterCategory": 2, "parameterCategoryName": "Temperature", "parameterNumber": 2}, "data": [0.29, 0.29, 0.28, 0.55, 0.52, 0.19, 0.17, 0.15, 0.13, 0.18, 0.19, 0.2, -0.18, -0.19, 0.13, 0.15, 0.04, 0.06, 0.08, 0.08, 0.29, 0.29, 0.29, 0.28, 0.52, 0.48, 0.17, 0.13, 0.1, 0.15, 0.18, 0.19, -0.18, -0.19, 0.12, 0.02, 0.05, 0.08, 0.1, 0.1, 0.3, 0.29, 0.29, 0.29, 0.54, 0.49, 0.42, 0.11, 0.03, 0.13, 0.18, 0.18, -0.19, -0.2, -0.01, 0.03, 0.07, 0.11, 0.12, 0.13, 0.3, 0.3, 0.3, 0.3, 0.3, 0.53, 0.47, 0.37, 0.28, 0.18, 0.2, 0.16, -0.19, 0.02, -0.02, 0.05, 0.11, 0.15, 0.16, 0.16, 0.3, 0.3, 0.31, 0.31, 0.32, 0.59, 0.56, 0.53, 0.52, 0.28, 0.26, 0.03, -0.08, -0.01, -0.01, 0.08, 0.17, 0.21, 0.22, 0.2, 0.3, 0.3, 0.31, 0.32, 0.34, 0.36, 0.66, 0.67, 0.7, 0.73, 0.24, 0.08, -0.03, -0.28, -0.0, 0.13, 0.26, 0.32, 0.29, 0.24, 0.45, 0.3, 0.31, 0.32, 0.34, 0.38, 0.73, 0.77, 0.81, 0.72, 0.66, 0.13, -0.35, -0.33, 0.0, 0.18, 0.4, 0.48, 0.38, 0.3, 0.44, 0.44, 0.43, 0.77, 0.77, 0.62, 0.7, 0.8, 0.83, 0.77, 0.91, -0.07, -0.23, -0.36, -0.08, 0.11, 0.36, 0.45, 0.31, 0.23, 0.43, 0.42, 0.41, 0.4, 0.7, 0.71, 0.8, 0.73, 1.12, 0.68, 0.28, -0.06, -0.22, -0.15, -0.12, 0.04, 0.2, 0.26, 0.24, 0.19, 0.7, 0.68, 0.65, 0.36, 0.32, 0.54, 0.72, 0.93, 1.28, 1.27, 0.11, -0.07, -0.2, -0.13, -0.13, -0.02, 0.09, 0.14, 0.15, 0.14, 0.7, 0.68, 0.64, 0.58, 0.46, 0.08, 0.62, 0.99, 1.22, 1.41, 0.83, -0.03, -0.09, -0.09, -0.13, -0.05, 0.02, 0.07, 0.09, 0.09, 0.71, 0.69, 0.66, 0.62, 0.55, 0.53, 0.77, 1.25, 1.49, 1.12, 0.97, 0.3, 0.17, -0.04, -0.12, -0.07, -0.02, 0.74, 0.76, 0.78, 0.72, 0.71, 0.69, 0.67, 0.66, 0.68, 0.77, 1.14, 1.37, 1.2, 0.9, 0.44, 0.3, 0.34, 0.4, 0.79, 0.82, 0.83, 0.84, 0.84, 0.73, 0.72, 0.71, 0.71, 0.71, 0.71, 0.62, 0.9, 1.08, 1.09, 0.9, 1.24, 1.21, 1.22, 0.63, 0.96, 0.96, 0.94, 0.93, 0.91, 0.75, 0.74, 0.74, 0.74, 0.74, 0.75, 0.77, 1.0, 1.09, 1.13, 1.13, 1.66, 1.37, 1.4, 1.42, 1.15, 1.11, 1.07, 1.02, 0.99, 0.76, 0.76, 0.44, 0.45, 0.46, 0.95, 0.95, 0.99, 1.03, 1.05, 1.56, 1.63, 1.72, 1.34, 1.41, 1.3, 1.2, 1.09, 1.25, 1.18, 0.44, 0.45, 0.46, 0.47, 0.97, 0.96, 0.95, 0.95, 0.97, 0.99, 1.49, 1.61, 1.74, 1.87, 1.76, 1.55, 1.34, 1.18, 1.06, 0.98, 0.46, 0.46, 0.47, 0.49, 0.96, 0.95, 0.93, 0.9, 0.89, 0.99, 1.13, 1.58, 1.74, 1.75, 2.07, 1.61, 1.32, 1.13, 1.01, 0.93, 0.47, 0.48, 0.49, 0.97, 0.96, 0.94, 0.9, 0.85, 0.81, 0.95, 1.03, 1.19, 1.42, 1.62, 1.65, 1.44, 1.2, 1.03, 0.92, 0.85, 0.47, 0.48, 0.51, 0.52, 0.53, 0.55, 0.58, 0.63, 0.81, 0.88, 0.98, 1.12, 1.31, 1.41, 1.27, 1.15, 1.0, 0.88, 0.81, 0.77, 0.49, 0.49, 0.49, 0.5, 0.51, 0.52, 0.54, 0.56, 0.81, 0.85, 0.93, 1.03, 1.2, 1.03, 0.98, 0.88, 0.78, 0.71, 0.68, 0.67, 0.48, 0.48, 0.48, 0.48, 0.48, 0.49, 0.49, 0.21, 0.76, 0.78, 0.84, 0.93, 0.88, 0.85, 0.76, 0.66, 0.58, 0.54, 0.55, 0.57, 0.47, 0.47, 0.47, 0.05, 0.07, 0.08, 0.1, 0.1, 0.09, 0.08, 0.05, 0.35, 0.14, 0.71, 0.61, 0.5, 0.4, 0.39, 0.43, 0.49, -0.01, -0.0, 0.0, 0.01, 0.01, 0.02, 0.02, 0.03, 0.03, 0.02, -0.01, -0.14, 0.14, 0.14, 0.15, 0.4, 0.3, 0.26, 0.35, 0.43, -0.04, -0.03, -0.03, -0.03, -0.04, -0.04, -0.04, -0.03, 0.0, 0.04, -0.04, -0.17, -0.17, 0.14, 0.15, 0.15, 0.24, 0.18, 0.32, 0.41, -0.06, -0.06, -0.07, -0.08, -0.08, -0.09, -0.1, -0.09, -0.05, -0.01, -0.17, -0.24, -0.24, 0.14, 0.14, -0.04, 0.0, 0.01, 0.35, 0.42, -0.08, -0.09, -0.1, -0.11, -0.13, -0.15, -0.17, -0.19, -0.2, -0.23, -0.34, -0.36, -0.32, -0.29, -0.19, -0.11, -0.06, -0.04, -0.04, -0.06, -0.11, -0.12, -0.13, -0.15, -0.17, -0.2, -0.24, -0.29, -0.37, -0.53, -0.6, -0.57, -0.49, -0.42, -0.26, -0.18, -0.12, -0.1, -0.09, -0.09, -0.13, -0.14, -0.16, -0.18, -0.21, -0.25, -0.3, -0.38, -0.5, -0.75, -0.94, -0.71, -0.56, -0.47, -0.31, -0.23, -0.18, -0.15, -0.13, -0.12, -0.14, -0.16, -0.18, -0.21, -0.24, -0.28, -0.34, -0.42, -0.63, -0.78, -0.87, -0.72, -0.59, -0.5, -0.36, -0.28, -0.23, -0.19, -0.17, -0.15, -0.16, -0.18, -0.2, -0.22, -0.26, -0.3, -0.35, -0.43, -0.61, -0.68, -0.71, -0.66, -0.58, -0.5, -0.38, -0.31, -0.26, -0.22, -0.2, -0.18, -0.17, -0.19, -0.21, -0.24, -0.27, -0.31, -0.36, -0.53, -0.58, -0.61, -0.62, -0.6, -0.55, -0.5, -0.39, -0.33, -0.29, -0.25, -0.22, -0.21]}, {"header": {"refTime": "2023-09-05T00:00:00.000Z", "nx": 21, "ny": 33, "lo1": 113.509, "la1": 22.2235, "lo2": 113.5947, "la2": 22.1034, "dx": 0.0042850000000001385, "dy": 0.003753125000000024, "parameterCategory": 2, "parameterCategoryName": "Temperature", "parameterNumber": 3}, "data": [-0.28, -0.28, -0.28, -0.84, -0.8, -0.44, -0.4, -0.37, -0.35, -0.56, -0.64, -0.7, -0.09, -0.09, -0.85, -0.92, -0.77, -0.8, -0.83, -0.84, -0.28, -0.29, -0.28, -0.28, -0.8, -0.74, -0.38, -0.31, -0.26, -0.48, -0.62, -0.71, -0.12, -0.12, -0.87, -0.74, -0.8, -0.84, -0.87, -0.88, -0.29, -0.29, -0.29, -0.29, -0.82, -0.75, -0.64, -0.26, -0.06, -0.42, -0.63, -0.74, -0.17, -0.16, -0.69, -0.76, -0.84, -0.89, -0.92, -0.93, -0.29, -0.29, -0.29, -0.3, -0.3, -0.81, -0.72, -0.57, -0.43, -0.54, -0.72, -0.78, -0.27, -0.62, -0.69, -0.8, -0.9, -0.98, -1.0, -0.99, -0.28, -0.29, -0.3, -0.31, -0.32, -0.88, -0.85, -0.8, -0.8, -0.78, -0.86, -0.67, -0.66, -0.6, -0.69, -0.85, -1.02, -1.11, -1.11, -1.07, -0.28, -0.28, -0.29, -0.31, -0.34, -0.38, -0.97, -1.0, -1.05, -1.16, -0.8, -0.65, -0.6, -0.29, -0.68, -0.93, -1.2, -1.32, -1.25, -1.15, -0.48, -0.27, -0.28, -0.3, -0.33, -0.39, -1.0, -1.11, -1.18, -1.15, -1.13, -0.55, -0.04, -0.13, -0.65, -1.02, -1.48, -1.66, -1.58, -1.47, -0.46, -0.45, -0.44, -0.73, -0.74, -0.81, -0.93, -1.07, -1.09, -1.26, -1.61, -0.19, 0.04, -0.06, -0.59, -0.97, -1.44, -1.61, -1.36, -1.18, -0.44, -0.43, -0.41, -0.38, -0.64, -0.67, -0.79, -0.98, -1.47, -1.09, -0.87, -0.41, -0.37, -0.39, -0.56, -0.85, -1.14, -1.26, -1.21, -1.12, -0.66, -0.63, -0.58, -0.33, -0.25, -0.42, -0.66, -0.92, -1.62, -1.66, -0.69, -0.54, -0.52, -0.47, -0.56, -0.75, -0.93, -1.04, -1.06, -1.03, -0.66, -0.63, -0.59, -0.51, -0.34, 0.15, -0.52, -0.95, -1.21, -1.71, -1.46, -0.57, -0.53, -0.5, -0.56, -0.69, -0.82, -0.9, -0.94, -0.94, -0.67, -0.65, -0.61, -0.56, -0.48, -0.44, -0.73, -1.24, -1.48, -1.36, -1.51, -0.63, -0.53, -0.53, -0.57, -0.66, -0.75, -1.47, -1.5, -1.51, -0.69, -0.67, -0.65, -0.63, -0.63, -0.69, -0.82, -1.16, -1.37, -1.2, -1.22, -0.72, -0.61, -0.52, -0.55, -1.38, -1.42, -1.46, -1.48, -1.49, -0.71, -0.7, -0.69, -0.69, -0.72, -0.76, -0.76, -0.96, -1.1, -1.1, -1.21, -1.42, -1.38, -1.37, -0.69, -1.42, -1.44, -1.46, -1.47, -1.48, -0.73, -0.72, -0.73, -0.74, -0.76, -0.79, -0.83, -1.07, -1.14, -1.17, -1.16, -1.46, -1.44, -1.44, -1.44, -1.46, -1.47, -1.47, -1.48, -1.48, -0.74, -0.74, -0.41, -0.42, -0.45, -1.01, -1.01, -1.03, -1.06, -1.08, -1.38, -1.42, -1.46, -1.24, -1.28, -1.2, -1.13, -1.07, -1.36, -1.35, -0.4, -0.41, -0.42, -0.44, -1.01, -0.99, -0.98, -0.97, -0.97, -0.99, -1.3, -1.38, -1.45, -1.53, -1.39, -1.21, -1.05, -0.92, -0.83, -0.77, -0.41, -0.42, -0.44, -0.45, -0.99, -0.96, -0.93, -0.88, -0.86, -0.87, -0.98, -1.34, -1.44, -1.38, -1.62, -1.26, -1.03, -0.89, -0.79, -0.73, -0.42, -0.43, -0.45, -0.99, -0.97, -0.94, -0.88, -0.79, -0.7, -0.83, -0.83, -0.95, -1.13, -1.28, -1.29, -1.13, -0.94, -0.81, -0.72, -0.67, -0.43, -0.44, -0.5, -0.51, -0.51, -0.52, -0.54, -0.57, -0.68, -0.72, -0.79, -0.88, -1.05, -1.12, -1.0, -0.91, -0.78, -0.69, -0.64, -0.6, -0.48, -0.48, -0.48, -0.48, -0.49, -0.49, -0.5, -0.51, -0.66, -0.68, -0.73, -0.81, -0.96, -0.81, -0.77, -0.7, -0.62, -0.56, -0.54, -0.53, -0.47, -0.47, -0.46, -0.46, -0.46, -0.45, -0.45, -0.28, -0.6, -0.62, -0.66, -0.72, -0.67, -0.67, -0.6, -0.52, -0.46, -0.43, -0.44, -0.46, -0.45, -0.45, -0.44, -0.2, -0.21, -0.21, -0.21, -0.2, -0.18, -0.17, -0.16, -0.27, -0.09, -0.56, -0.49, -0.4, -0.32, -0.31, -0.35, -0.39, -0.18, -0.18, -0.18, -0.18, -0.17, -0.17, -0.16, -0.14, -0.11, -0.1, -0.1, -0.02, -0.09, -0.1, -0.12, -0.32, -0.25, -0.21, -0.28, -0.35, -0.16, -0.16, -0.16, -0.15, -0.14, -0.13, -0.12, -0.09, -0.06, -0.04, -0.06, -0.0, -0.02, -0.1, -0.11, -0.12, -0.2, -0.15, -0.26, -0.33, -0.15, -0.14, -0.14, -0.13, -0.12, -0.1, -0.09, -0.06, -0.04, -0.02, 0.02, 0.01, -0.0, -0.09, -0.1, -0.07, -0.08, -0.07, -0.28, -0.33, -0.14, -0.13, -0.12, -0.11, -0.1, -0.08, -0.06, -0.04, -0.02, -0.0, 0.05, 0.04, 0.02, -0.01, -0.03, -0.05, -0.06, -0.06, -0.06, -0.06, -0.13, -0.12, -0.11, -0.1, -0.08, -0.07, -0.04, -0.02, 0.01, 0.09, 0.1, 0.11, 0.1, 0.08, -0.01, -0.03, -0.05, -0.05, -0.06, -0.06, -0.12, -0.11, -0.1, -0.09, -0.07, -0.05, -0.03, 0.0, 0.04, 0.13, 0.18, 0.14, 0.11, 0.09, 0.0, -0.02, -0.03, -0.04, -0.05, -0.05, -0.11, -0.1, -0.09, -0.08, -0.06, -0.04, -0.02, 0.01, 0.13, 0.15, 0.17, 0.14, 0.12, 0.1, 0.01, -0.01, -0.02, -0.03, -0.04, -0.04, -0.1, -0.1, -0.08, -0.07, -0.06, -0.04, -0.02, 0.01, 0.12, 0.14, 0.14, 0.13, 0.11, 0.1, 0.02, 0.0, -0.01, -0.02, -0.03, -0.03, -0.1, -0.09, -0.08, -0.07, -0.06, -0.04, -0.02, 0.11, 0.11, 0.12, 0.12, 0.12, 0.11, 0.1, 0.02, 0.01, -0.01, -0.02, -0.02, -0.03]}, {"header": {"refTime": "2023-09-05T00:00:00.000Z", "nx": 21, "ny": 33, "lo1": 113.509, "la1": 22.2235, "lo2": 113.5947, "la2": 22.1034, "dx": 0.0042850000000001385, "dy": 0.003753125000000024, "parameterCategory": 0, "parameterCategoryName": "Temperature", "parameterNumber": 0}, "data": [[29.79, 29.79, 29.78, 30.11, 30.08, 30.3, 30.24, 30.19, 30.18, 30.27, 30.41, 30.54, 30.47, 30.52, 30.78, 30.79, 30.9, 30.88, 30.87, 30.86], [29.79, 29.79, 29.79, 29.78, 30.08, 30.03, 30.18, 30.07, 30.0, 30.16, 30.39, 30.59, 30.55, 30.6, 30.84, 30.93, 30.9, 30.88, 30.86, 30.85], [29.79, 29.79, 29.79, 29.79, 30.1, 30.05, 29.97, 29.97, 29.62, 30.06, 30.44, 30.7, 30.69, 30.71, 30.98, 30.93, 30.9, 30.87, 30.86, 30.84], [29.79, 29.79, 29.8, 29.8, 29.8, 30.09, 30.03, 29.91, 29.81, 30.21, 30.57, 30.89, 30.93, 31.07, 31.0, 30.93, 30.88, 30.86, 30.84, 30.84], [29.79, 29.79, 29.8, 29.81, 29.82, 30.16, 30.13, 30.1, 30.08, 30.45, 30.72, 31.14, 31.45, 31.13, 30.99, 30.9, 30.86, 30.84, 30.83, 30.83], [29.78, 29.79, 29.8, 29.81, 29.84, 29.88, 30.24, 30.26, 30.28, 30.3, 30.79, 30.96, 31.18, 31.1, 30.92, 30.86, 30.83, 30.82, 30.82, 30.82], [29.88, 29.78, 29.78, 29.8, 29.84, 29.9, 30.27, 30.4, 30.43, 30.46, 30.42, 30.61, 30.67, 30.78, 30.81, 30.81, 30.81, 30.8, 30.97, 31.02], [29.86, 29.85, 29.85, 29.85, 29.88, 30.11, 30.23, 30.41, 30.56, 30.49, 30.52, 30.12, 30.11, 30.8, 30.46, 30.37, 30.56, 30.64, 30.52, 30.45], [30.04, 30.03, 29.8, 29.78, 29.77, 29.82, 29.98, 30.29, 30.6, 30.45, 30.33, 30.23, 30.18, 30.24, 30.44, 30.33, 30.45, 30.49, 30.47, 30.42], [29.3, 29.3, 29.3, 29.91, 29.82, 29.6, 29.75, 29.98, 30.6, 30.6, 30.17, 30.29, 30.25, 30.27, 30.44, 30.29, 30.37, 30.4, 30.41, 30.39], [29.3, 29.3, 29.3, 29.3, 29.3, 29.3, 29.3, 29.3, 29.76, 30.6, 30.6, 30.33, 30.3, 30.3, 30.45, 30.26, 30.32, 30.35, 30.36, 30.35], [29.3, 29.3, 29.3, 29.3, 29.3, 29.3, 29.3, 29.3, 29.3, -999.0, 30.6, 29.9, 29.9, 30.32, 30.46, 30.23, 30.27, 29.95, 29.97, 29.97], [29.3, 29.3, 29.3, 29.3, 29.3, 29.3, 29.3, 29.3, 29.3, 29.3, -999.0, 29.9, 29.9, 29.51, 29.68, 30.25, 30.27, 30.08, 30.11, 30.12], [29.3, 29.3, 29.3, 29.3, 29.3, 29.3, 29.3, 29.3, 29.3, 29.3, -999.0, 29.3, 29.3, 29.3, 29.63, 30.13, 30.15, 29.96, 30.0, 30.04], [29.3, 29.3, 29.3, 29.3, 29.3, 29.3, 29.3, 29.5, 29.5, 29.5, 29.5, 29.42, 29.3, 29.3, 29.3, 29.99, 30.03, 29.86, 29.91, 29.96], [29.3, 29.3, 29.43, 29.43, 29.43, 29.5, 29.5, 29.5, 29.5, 29.5, 29.37, 29.39, 29.37, 29.35, 29.37, 29.52, 29.55, 29.49, 29.85, 29.89], [29.43, 29.43, 29.37, 29.37, 29.5, 29.5, 29.5, 29.5, 29.5, 29.5, 29.41, 29.39, 29.36, 29.34, 29.39, 29.27, 29.25, 29.24, 29.23, 29.23], [29.37, 29.37, 29.38, 29.38, 29.5, 29.5, 29.5, 29.5, 29.5, 29.45, 29.42, 29.39, 29.36, 29.39, 29.31, 29.27, 29.26, 29.24, 29.23, 29.22], [29.38, 29.38, 29.38, 29.5, 29.5, 29.5, 29.5, 29.5, 29.48, 29.46, 29.52, 29.49, 29.46, 29.42, 29.28, 29.27, 29.25, 29.24, 29.23, 29.22], [29.38, 29.38, 29.73, 29.72, 29.7, 29.68, 29.65, 29.57, 29.53, 29.54, 29.53, 29.52, 29.49, 29.48, 29.26, 29.26, 29.25, 29.24, 29.22, 29.21], [29.74, 29.74, 29.73, 29.67, 29.66, 29.65, 29.63, 29.61, 29.56, 29.57, 29.56, 29.55, 29.53, 29.25, 29.25, 29.26, 29.25, 29.24, 29.22, 29.21], [29.69, 29.68, 29.68, 29.68, 29.68, 29.67, 29.67, 29.69, 29.61, 29.61, 29.6, 29.58, 29.69, 29.24, 29.25, 29.27, 29.27, 29.25, 29.21, 29.19], [29.69, 29.69, 29.69, 29.72, 29.72, 29.72, 29.73, 29.74, 29.75, 29.76, 29.76, 29.78, 29.46, 29.23, 29.25, 29.29, 29.35, 29.26, 29.19, 29.17], [29.73, 29.73, 29.73, 29.73, 29.74, 29.74, 29.76, 29.77, 29.79, 29.81, 29.8, 29.88, 29.47, 29.4, 29.35, 29.28, 29.57, 29.14, 29.11, 29.13], [29.74, 29.74, 29.74, 29.74, 29.75, 29.76, 29.77, 29.8, 29.83, 29.86, 29.82, 29.87, 29.87, 29.39, 29.32, 29.26, 29.04, 28.85, 29.05, 29.11], [29.74, 29.74, 29.75, 29.75, 29.76, 29.77, 29.78, 29.81, 29.84, 29.86, 29.87, 29.87, 29.87, 29.39, 29.31, 29.22, 29.12, 29.06, 29.06, 29.1], [29.74, 29.75, 29.75, 29.76, 29.77, 29.78, 29.79, 29.8, 29.82, 29.82, 29.86, 29.86, 29.86, 29.38, 29.31, 29.25, 29.19, 29.16, 29.17, 29.19], [29.75, 29.75, 29.76, 29.76, 29.77, 29.78, 29.79, 29.8, 29.8, 29.84, 29.84, 29.62, 29.53, 29.42, 29.35, 29.29, 29.24, 29.22, 29.21, 29.22], [29.75, 29.75, 29.76, 29.76, 29.77, 29.78, 29.78, 29.79, 29.8, 29.83, 29.75, 29.66, 29.56, 29.45, 29.38, 29.32, 29.29, 29.26, 29.25, 29.25], [29.75, 29.76, 29.76, 29.77, 29.77, 29.78, 29.78, 29.79, 29.66, 29.7, 29.72, 29.65, 29.56, 29.47, 29.4, 29.35, 29.32, 29.29, 29.28, 29.27], [29.75, 29.76, 29.76, 29.77, 29.77, 29.78, 29.78, 29.78, 29.64, 29.65, 29.65, 29.61, 29.55, 29.48, 29.42, 29.37, 29.34, 29.32, 29.3, 29.29], [29.76, 29.76, 29.76, 29.77, 29.77, 29.77, 29.78, 29.6, 29.61, 29.61, 29.6, 29.57, 29.53, 29.48, 29.42, 29.39, 29.36, 29.34, 29.32, 29.31]]}]