gis_exercise/awsData/contour/wdir_2023091007.json
[{"header": {"refTime": "2023-09-10T07:00:00.000Z", "nx": 21, "ny": 33, "lo1": 113.509, "la1": 22.2235, "lo2": 113.5947, "la2": 22.1034, "dx": 0.0042850000000001385, "dy": 0.003753125000000024, "parameterCategory": 2, "parameterCategoryName": "Temperature", "parameterNumber": 2}, "data": [-1.59, -1.59, -1.58, -1.49, -1.47, -2.09, -2.03, -1.98, -1.98, -1.85, -1.98, -2.11, -2.69, -2.77, -3.65, -3.79, -4.38, -4.43, -4.47, -4.5, -1.6, -1.59, -1.59, -1.58, -1.48, -1.46, -1.97, -1.85, -1.79, -1.76, -1.98, -2.18, -2.78, -2.85, -3.73, -4.33, -4.41, -4.48, -4.53, -4.55, -1.6, -1.6, -1.59, -1.59, -1.49, -1.47, -1.43, -1.74, -1.38, -1.69, -2.03, -2.31, -2.92, -2.98, -4.23, -4.35, -4.47, -4.55, -4.6, -4.62, -1.6, -1.6, -1.6, -1.6, -1.6, -1.5, -1.47, -1.41, -1.36, -1.79, -2.14, -2.53, -3.16, -3.08, -4.22, -4.4, -4.56, -4.67, -4.71, -4.7, -1.61, -1.61, -1.61, -1.62, -1.62, -1.54, -1.53, -1.5, -1.47, -1.91, -2.23, -3.11, -3.5, -3.17, -4.22, -4.48, -4.71, -4.84, -4.85, -4.81, -1.61, -1.61, -1.62, -1.63, -1.64, -1.67, -1.6, -1.61, -1.58, -1.5, -2.54, -2.91, -3.24, -3.71, -4.26, -4.61, -4.97, -5.13, -5.04, -4.92, -2.07, -1.61, -1.62, -1.63, -1.65, -1.7, -1.71, -1.76, -1.74, -1.84, -1.79, -2.59, -3.61, -3.68, -4.29, -4.75, -5.34, -5.56, -5.41, -5.25, -2.06, -2.05, -2.03, -2.24, -2.23, -1.63, -1.71, -1.89, -2.14, -1.76, -1.37, -2.8, -3.08, -3.71, -4.46, -4.87, -5.39, -5.57, -5.3, -5.11, -2.06, -2.04, -2.01, -1.97, -2.15, -2.16, -2.26, -1.76, -2.18, -1.9, -2.47, -3.09, -3.64, -3.37, -4.42, -4.74, -5.05, -5.19, -5.13, -5.03, -2.48, -2.45, -2.39, -1.94, -1.85, -1.96, -2.19, -2.43, -2.41, -2.26, -2.84, -3.29, -3.76, -3.45, -4.41, -4.63, -4.83, -4.95, -4.97, -4.93, -2.49, -2.45, -2.4, -2.29, -2.07, -1.43, -2.28, -2.79, -2.83, -2.59, -3.19, -3.19, -3.36, -3.32, -4.42, -4.57, -4.7, -4.8, -4.84, -4.84, -2.51, -2.48, -2.44, -2.37, -2.26, -2.21, -2.57, -3.12, -3.36, -3.7, -3.29, -3.84, -3.86, -3.2, -4.43, -4.53, -4.63, -4.34, -4.36, -4.36, -2.54, -2.52, -2.5, -2.48, -2.49, -2.59, -2.79, -3.08, -3.27, -3.09, -3.72, -3.82, -3.83, -3.23, -3.17, -3.99, -4.04, -4.1, -4.14, -4.17, -2.56, -2.56, -2.56, -2.57, -2.62, -2.72, -2.85, -2.93, -3.02, -3.0, -3.67, -3.39, -3.3, -3.21, -2.97, -3.71, -3.77, -3.86, -3.93, -3.99, -2.59, -2.59, -2.6, -2.63, -2.67, -2.74, -2.81, -2.75, -2.72, -2.67, -2.61, -2.18, -3.09, -2.97, -2.9, -3.38, -3.49, -3.61, -3.73, -3.82, -2.61, -2.62, -1.8, -1.84, -1.89, -2.54, -2.53, -2.48, -2.43, -2.41, -2.06, -2.03, -1.98, -2.08, -2.07, -2.52, -2.61, -2.7, -3.21, -3.32, -1.74, -1.75, -1.76, -1.77, -2.4, -2.34, -2.25, -2.14, -2.07, -2.1, -1.86, -1.89, -1.89, -1.85, -1.77, -1.98, -2.06, -2.13, -2.17, -2.2, -1.71, -1.71, -1.71, -1.7, -2.26, -2.15, -1.97, -1.72, -1.6, -1.39, -1.51, -1.79, -1.82, -1.76, -1.75, -1.95, -2.07, -2.15, -2.19, -2.22, -1.69, -1.68, -1.66, -2.24, -2.15, -2.0, -1.76, -1.35, -0.92, -1.23, -1.37, -1.51, -1.72, -1.78, -1.93, -2.02, -2.12, -2.19, -2.23, -2.25, -1.66, -1.65, -1.94, -1.89, -1.81, -1.7, -1.54, -1.3, -1.06, -1.24, -1.42, -1.54, -1.75, -1.84, -2.1, -2.15, -2.21, -2.26, -2.28, -2.29, -1.98, -1.96, -1.93, -1.89, -1.83, -1.74, -1.64, -1.53, -1.33, -1.42, -1.52, -1.6, -1.81, -2.19, -2.22, -2.27, -2.31, -2.33, -2.33, -2.32, -1.98, -1.96, -1.94, -1.9, -1.86, -1.82, -1.77, -1.53, -1.57, -1.62, -1.66, -1.69, -2.42, -2.28, -2.32, -2.38, -2.43, -2.42, -2.38, -2.36, -1.99, -1.97, -1.95, -1.62, -1.63, -1.64, -1.67, -1.71, -1.77, -1.8, -1.8, -2.15, -2.54, -2.33, -2.39, -2.48, -2.57, -2.5, -2.41, -2.37, -1.64, -1.65, -1.65, -1.67, -1.69, -1.72, -1.78, -1.87, -1.98, -2.03, -1.97, -2.43, -2.53, -2.54, -2.56, -2.51, -2.8, -2.46, -2.39, -2.37, -1.66, -1.67, -1.68, -1.7, -1.73, -1.78, -1.85, -1.97, -2.16, -2.31, -2.1, -2.4, -2.43, -2.53, -2.53, -2.53, -2.38, -2.24, -2.35, -2.36, -1.68, -1.69, -1.71, -1.73, -1.76, -1.81, -1.88, -1.99, -2.16, -2.29, -2.36, -2.34, -2.37, -2.52, -2.51, -2.35, -2.34, -2.32, -2.34, -2.35, -1.69, -1.7, -1.72, -1.74, -1.78, -1.82, -1.87, -1.94, -2.01, -2.02, -2.23, -2.24, -2.3, -2.19, -2.26, -2.3, -2.32, -2.32, -2.32, -2.32, -1.7, -1.71, -1.73, -1.75, -1.78, -1.81, -1.84, -1.87, -1.88, -2.08, -2.03, -1.93, -1.96, -1.98, -2.21, -2.25, -2.28, -2.3, -2.3, -2.3, -1.71, -1.72, -1.73, -1.75, -1.77, -1.79, -1.81, -1.82, -1.8, -1.9, -1.71, -1.84, -1.92, -1.95, -2.16, -2.22, -2.25, -2.27, -2.28, -2.29, -1.71, -1.72, -1.74, -1.75, -1.77, -1.78, -1.79, -1.79, -1.9, -1.81, -1.75, -1.83, -1.9, -1.94, -2.13, -2.18, -2.22, -2.24, -2.26, -2.27, -1.71, -1.72, -1.73, -1.75, -1.76, -1.77, -1.77, -1.77, -1.91, -1.86, -1.84, -1.87, -1.9, -1.93, -2.12, -2.16, -2.2, -2.22, -2.24, -2.25, -1.71, -1.72, -1.73, -1.74, -1.75, -1.76, -1.76, -1.95, -1.92, -1.9, -1.89, -1.9, -1.92, -1.94, -2.11, -2.15, -2.18, -2.21, -2.22, -2.24]}, {"header": {"refTime": "2023-09-10T07:00:00.000Z", "nx": 21, "ny": 33, "lo1": 113.509, "la1": 22.2235, "lo2": 113.5947, "la2": 22.1034, "dx": 0.0042850000000001385, "dy": 0.003753125000000024, "parameterCategory": 2, "parameterCategoryName": "Temperature", "parameterNumber": 3}, "data": [0.06, 0.05, 0.05, 0.35, 0.31, 0.35, 0.3, 0.25, 0.24, 0.31, 0.42, 0.53, 1.08, 1.16, 2.03, 2.22, 3.25, 3.35, 3.42, 3.47, 0.06, 0.06, 0.05, 0.04, 0.32, 0.26, 0.25, 0.14, 0.08, 0.21, 0.41, 0.57, 1.12, 1.2, 2.08, 3.13, 3.29, 3.41, 3.5, 3.55, 0.06, 0.06, 0.06, 0.05, 0.34, 0.28, 0.18, 0.06, -0.25, 0.13, 0.44, 0.65, 1.2, 1.27, 2.91, 3.16, 3.37, 3.52, 3.61, 3.65, 0.07, 0.07, 0.07, 0.07, 0.06, 0.33, 0.25, 0.12, -0.0, 0.27, 0.56, 0.79, 1.29, 1.59, 2.88, 3.23, 3.51, 3.69, 3.77, 3.78, 0.07, 0.08, 0.08, 0.09, 0.1, 0.41, 0.37, 0.33, 0.32, 0.49, 0.7, 1.53, 1.42, 1.57, 2.9, 3.38, 3.76, 3.96, 3.99, 3.93, 0.07, 0.08, 0.09, 0.1, 0.12, 0.16, 0.5, 0.52, 0.54, 0.57, 1.59, 1.61, 1.56, 2.14, 3.05, 3.62, 4.15, 4.38, 4.26, 4.09, 1.05, 0.07, 0.08, 0.1, 0.13, 0.19, 0.61, 0.67, 0.72, 1.3, 1.42, 1.81, 2.47, 2.46, 3.24, 3.87, 4.69, 4.99, 4.6, 4.32, 1.05, 1.01, 0.96, 0.89, 0.88, 0.46, 0.57, 0.73, 1.02, 1.24, 1.16, 2.49, 2.72, 2.71, 3.93, 4.38, 4.93, 5.13, 4.83, 4.63, 1.05, 1.01, 0.95, 0.87, 0.77, 0.79, 0.92, 0.62, 1.26, 1.33, 2.12, 2.63, 2.99, 2.82, 3.86, 4.22, 4.56, 4.72, 4.65, 4.55, 1.63, 1.56, 1.46, 0.83, 0.64, 0.52, 0.82, 1.15, 1.59, 1.52, 2.4, 2.73, 3.04, 2.85, 3.83, 4.09, 4.32, 4.45, 4.47, 4.44, 1.65, 1.59, 1.49, 1.31, 0.92, -0.19, 1.21, 1.93, 1.69, 1.83, 2.53, 2.66, 2.77, 2.76, 3.83, 4.01, 4.17, 4.28, 4.33, 4.33, 1.69, 1.64, 1.58, 1.46, 1.28, 1.19, 1.74, 2.35, 2.58, 3.09, 2.6, 3.13, 3.15, 2.67, 3.84, 3.97, 4.09, 3.52, 3.55, 3.55, 1.74, 1.72, 1.7, 1.69, 1.74, 1.99, 2.38, 2.48, 2.55, 2.38, 3.13, 3.11, 3.13, 2.4, 2.33, 3.09, 3.16, 3.23, 3.29, 3.33, 1.79, 1.8, 1.81, 1.87, 2.01, 2.33, 2.86, 2.51, 2.42, 2.34, 3.12, 2.38, 2.27, 2.17, 2.08, 2.76, 2.84, 2.94, 3.04, 3.11, 1.84, 1.86, 1.9, 1.97, 2.1, 2.29, 2.45, 2.74, 2.67, 2.61, 2.57, 1.65, 2.04, 1.9, 1.8, 2.37, 2.51, 2.66, 2.8, 2.91, 1.88, 1.91, 1.55, 1.63, 1.73, 2.63, 2.61, 2.56, 2.51, 2.48, 1.66, 1.51, 1.35, 1.29, 1.22, 1.64, 1.81, 1.97, 2.67, 2.83, 1.5, 1.53, 1.57, 1.62, 2.52, 2.49, 2.43, 2.35, 2.29, 2.3, 1.55, 1.41, 1.21, 0.98, 0.95, 1.2, 1.46, 1.67, 1.81, 1.91, 1.51, 1.54, 1.57, 1.61, 2.42, 2.36, 2.24, 2.09, 2.01, 1.61, 1.52, 1.35, 1.14, 0.95, 0.54, 1.12, 1.49, 1.73, 1.88, 1.98, 1.52, 1.54, 1.56, 2.41, 2.35, 2.26, 2.11, 1.87, 1.55, 1.56, 1.11, 0.98, 1.33, 1.13, 1.07, 1.34, 1.65, 1.86, 1.99, 2.07, 1.52, 1.54, 1.88, 1.86, 1.82, 1.78, 1.72, 1.64, 1.36, 1.24, 1.11, 1.0, 1.49, 1.43, 1.56, 1.72, 1.91, 2.06, 2.14, 2.18, 1.86, 1.84, 1.82, 1.8, 1.76, 1.72, 1.68, 1.63, 1.22, 1.17, 1.09, 1.01, 1.67, 1.86, 1.94, 2.07, 2.21, 2.29, 2.3, 2.3, 1.82, 1.8, 1.78, 1.75, 1.71, 1.67, 1.63, 1.2, 1.14, 1.1, 1.06, 1.01, 1.65, 2.11, 2.23, 2.39, 2.51, 2.52, 2.47, 2.41, 1.79, 1.77, 1.74, 1.13, 1.14, 1.14, 1.14, 1.13, 1.12, 1.1, 1.1, 1.84, 2.22, 2.28, 2.43, 2.64, 2.84, 2.75, 2.59, 2.49, 1.11, 1.11, 1.11, 1.11, 1.11, 1.1, 1.09, 1.08, 1.05, 1.04, 1.05, 1.59, 2.17, 2.4, 2.61, 2.75, 3.26, 2.77, 2.61, 2.52, 1.1, 1.1, 1.09, 1.09, 1.08, 1.07, 1.06, 1.04, 1.01, 0.99, 1.01, 1.5, 1.74, 2.36, 2.56, 2.71, 2.66, 2.49, 2.56, 2.52, 1.09, 1.08, 1.08, 1.07, 1.06, 1.05, 1.03, 1.01, 0.99, 0.98, 1.25, 1.43, 1.64, 2.31, 2.48, 2.56, 2.59, 2.57, 2.53, 2.5, 1.08, 1.07, 1.07, 1.06, 1.05, 1.03, 1.02, 1.0, 0.98, 0.97, 1.24, 1.37, 1.55, 2.15, 2.32, 2.44, 2.5, 2.52, 2.52, 2.51, 1.07, 1.06, 1.05, 1.04, 1.03, 1.02, 1.0, 0.98, 0.95, 1.14, 1.14, 1.04, 1.14, 1.24, 2.2, 2.33, 2.41, 2.45, 2.46, 2.46, 1.06, 1.05, 1.05, 1.04, 1.02, 1.01, 0.99, 0.96, 0.93, 1.04, 0.86, 0.99, 1.1, 1.2, 2.1, 2.23, 2.32, 2.37, 2.4, 2.41, 1.05, 1.05, 1.04, 1.03, 1.02, 1.0, 0.98, 0.96, 1.0, 0.94, 0.9, 0.99, 1.09, 1.18, 2.03, 2.15, 2.24, 2.3, 2.34, 2.36, 1.05, 1.04, 1.03, 1.02, 1.01, 1.0, 0.98, 0.96, 1.02, 0.99, 0.99, 1.03, 1.1, 1.17, 1.98, 2.1, 2.19, 2.25, 2.29, 2.32, 1.05, 1.04, 1.03, 1.02, 1.01, 1.0, 0.98, 1.07, 1.06, 1.04, 1.05, 1.08, 1.13, 1.18, 1.97, 2.07, 2.15, 2.21, 2.25, 2.28]}, {"header": {"refTime": "2023-09-10T07:00:00.000Z", "nx": 21, "ny": 33, "lo1": 113.509, "la1": 22.2235, "lo2": 113.5947, "la2": 22.1034, "dx": 0.0042850000000001385, "dy": 0.003753125000000024, "parameterCategory": 0, "parameterCategoryName": "Temperature", "parameterNumber": 0}, "data": [[24.66, 24.65, 24.65, 24.47, 24.47, 24.64, 24.64, 24.64, 24.65, 24.6, 24.61, 24.62, 24.79, 24.8, 24.72, 24.72, 24.79, 24.79, 24.78, 24.78], [24.66, 24.66, 24.65, 24.65, 24.47, 24.48, 24.64, 24.63, 24.63, 24.6, 24.61, 24.63, 24.8, 24.81, 24.73, 24.8, 24.79, 24.78, 24.77, 24.77], [24.66, 24.66, 24.65, 24.65, 24.47, 24.48, 24.5, 24.63, 24.61, 24.6, 24.62, 24.64, 24.82, 24.83, 24.82, 24.8, 24.78, 24.77, 24.77, 24.76], [24.67, 24.66, 24.66, 24.65, 24.64, 24.48, 24.49, 24.51, 24.53, 24.59, 24.62, 24.67, 24.84, 24.76, 24.82, 24.79, 24.77, 24.76, 24.75, 24.75], [24.67, 24.67, 24.67, 24.66, 24.65, 24.46, 24.47, 24.48, 24.47, 24.57, 24.61, 24.76, 24.84, 24.78, 24.82, 24.78, 24.75, 24.74, 24.73, 24.74], [24.68, 24.68, 24.67, 24.67, 24.66, 24.64, 24.46, 24.45, 24.44, 24.41, 24.63, 24.72, 24.8, 24.9, 24.81, 24.76, 24.72, 24.7, 24.71, 24.73], [24.72, 24.69, 24.69, 24.68, 24.67, 24.65, 24.52, 24.45, 24.43, 24.44, 24.44, 24.67, 24.9, 24.9, 24.8, 24.75, 24.68, 24.65, 24.66, 24.67], [24.73, 24.73, 24.73, 24.73, 24.72, 24.58, 24.55, 24.5, 24.49, 24.41, 24.31, 24.68, 24.69, 24.9, 24.71, 24.74, 24.68, 24.65, 24.69, 24.72], [24.67, 24.68, 24.75, 24.75, 24.76, 24.74, 24.69, 24.53, 24.4, 24.46, 24.47, 24.57, 24.62, 24.56, 24.72, 24.76, 24.72, 24.7, 24.71, 24.73], [24.9, 24.9, 24.9, 24.71, 24.74, 24.81, 24.76, 24.69, 24.33, 24.35, 24.63, 24.51, 24.55, 24.53, 24.72, 24.77, 24.74, 24.73, 24.73, 24.74], [24.9, 24.9, 24.9, 24.9, 24.9, 24.9, 24.9, 24.9, 24.76, 24.4, 24.2, 24.47, 24.5, 24.5, 24.72, 24.78, 24.76, 24.75, 24.75, 24.75], [24.9, 24.9, 24.9, 24.9, 24.9, 24.9, 24.9, 24.9, 24.9, -999.0, 24.2, 24.9, 24.9, 24.48, 24.71, 24.79, 24.78, 24.26, 24.27, 24.27], [24.9, 24.9, 24.9, 24.9, 24.9, 24.9, 24.9, 24.9, 24.9, 24.9, -999.0, 24.9, 24.9, 24.31, 24.57, 24.38, 24.39, 24.31, 24.32, 24.33], [24.9, 24.9, 24.9, 24.9, 24.9, 24.9, 24.9, 24.9, 24.9, 24.9, -999.0, 24.0, 24.0, 24.0, 24.49, 24.33, 24.34, 24.27, 24.28, 24.29], [24.9, 24.9, 24.9, 24.9, 24.9, 24.9, 24.9, 24.7, 24.7, 24.7, 24.7, 24.43, 24.0, 24.0, 24.0, 24.27, 24.29, 24.22, 24.24, 24.26], [24.9, 24.9, 24.77, 24.77, 24.77, 24.7, 24.7, 24.7, 24.7, 24.7, 24.26, 24.31, 24.24, 24.18, 24.25, 24.22, 24.25, 24.19, 24.32, 24.34], [24.77, 24.77, 24.83, 24.83, 24.7, 24.7, 24.7, 24.7, 24.7, 24.7, 24.4, 24.31, 24.22, 24.14, 24.15, 24.14, 24.18, 24.22, 24.25, 24.27], [24.83, 24.83, 24.82, 24.82, 24.7, 24.7, 24.7, 24.7, 24.7, 24.52, 24.43, 24.32, 24.21, 24.16, 24.02, 24.12, 24.19, 24.23, 24.26, 24.28], [24.82, 24.82, 24.82, 24.7, 24.7, 24.7, 24.7, 24.7, 24.64, 24.56, 24.52, 24.43, 24.3, 24.21, 24.11, 24.16, 24.22, 24.26, 24.28, 24.29], [24.82, 24.82, 24.76, 24.75, 24.75, 24.75, 24.74, 24.72, 24.65, 24.6, 24.53, 24.46, 24.34, 24.29, 24.2, 24.23, 24.27, 24.29, 24.31, 24.31], [24.76, 24.76, 24.76, 24.74, 24.74, 24.74, 24.73, 24.73, 24.61, 24.59, 24.55, 24.49, 24.38, 24.26, 24.27, 24.3, 24.32, 24.33, 24.34, 24.34], [24.75, 24.75, 24.75, 24.74, 24.74, 24.74, 24.74, 24.77, 24.61, 24.6, 24.57, 24.53, 24.45, 24.3, 24.32, 24.35, 24.38, 24.38, 24.37, 24.36], [24.75, 24.75, 24.75, 24.79, 24.79, 24.78, 24.78, 24.78, 24.79, 24.79, 24.79, 24.72, 24.59, 24.33, 24.36, 24.4, 24.44, 24.42, 24.39, 24.37], [24.79, 24.79, 24.79, 24.79, 24.79, 24.79, 24.79, 24.79, 24.8, 24.8, 24.8, 24.78, 24.59, 24.56, 24.53, 24.42, 24.52, 24.42, 24.39, 24.38], [24.8, 24.8, 24.8, 24.8, 24.8, 24.8, 24.8, 24.8, 24.8, 24.8, 24.81, 24.78, 24.77, 24.56, 24.52, 24.49, 24.4, 24.37, 24.38, 24.38], [24.8, 24.8, 24.8, 24.8, 24.8, 24.81, 24.81, 24.81, 24.81, 24.81, 24.8, 24.79, 24.78, 24.56, 24.53, 24.51, 24.48, 24.46, 24.38, 24.37], [24.8, 24.8, 24.8, 24.81, 24.81, 24.81, 24.81, 24.82, 24.82, 24.82, 24.81, 24.81, 24.79, 24.61, 24.57, 24.54, 24.51, 24.5, 24.5, 24.51], [24.8, 24.81, 24.81, 24.81, 24.81, 24.82, 24.82, 24.83, 24.83, 24.84, 24.84, 24.78, 24.74, 24.7, 24.59, 24.56, 24.54, 24.53, 24.52, 24.52], [24.81, 24.81, 24.81, 24.81, 24.82, 24.82, 24.83, 24.83, 24.85, 24.86, 24.87, 24.81, 24.76, 24.71, 24.62, 24.58, 24.56, 24.55, 24.54, 24.54], [24.81, 24.81, 24.81, 24.82, 24.82, 24.82, 24.83, 24.84, 24.8, 24.83, 24.85, 24.81, 24.76, 24.72, 24.63, 24.6, 24.58, 24.57, 24.56, 24.55], [24.81, 24.81, 24.81, 24.82, 24.82, 24.82, 24.83, 24.84, 24.79, 24.81, 24.81, 24.79, 24.76, 24.72, 24.64, 24.61, 24.59, 24.58, 24.57, 24.56], [24.81, 24.81, 24.82, 24.82, 24.82, 24.83, 24.83, 24.77, 24.78, 24.78, 24.78, 24.77, 24.75, 24.72, 24.65, 24.62, 24.6, 24.59, 24.58, 24.57]]}]