gis_exercise/awsData/contour/wdir_2023090916.json
[{"header": {"refTime": "2023-09-09T16:00:00.000Z", "nx": 21, "ny": 33, "lo1": 113.509, "la1": 22.2235, "lo2": 113.5947, "la2": 22.1034, "dx": 0.0042850000000001385, "dy": 0.003753125000000024, "parameterCategory": 2, "parameterCategoryName": "Temperature", "parameterNumber": 2}, "data": [0.29, 0.29, 0.3, -0.22, -0.17, -0.68, -0.58, -0.48, -0.49, -0.71, -0.99, -1.26, -1.88, -2.03, -3.16, -3.36, -4.53, -4.6, -4.65, -4.68, 0.29, 0.29, 0.29, 0.31, -0.17, -0.09, -0.47, -0.25, -0.13, -0.48, -0.97, -1.37, -2.03, -2.18, -3.29, -4.46, -4.57, -4.66, -4.72, -4.75, 0.28, 0.28, 0.28, 0.29, -0.2, -0.12, 0.03, -0.05, 0.61, -0.3, -1.05, -1.59, -2.29, -2.39, -4.33, -4.49, -4.64, -4.75, -4.81, -4.83, 0.28, 0.27, 0.27, 0.27, 0.27, -0.19, -0.08, 0.12, 0.3, -0.6, -1.33, -1.99, -2.7, -3.05, -4.32, -4.55, -4.76, -4.89, -4.95, -4.94, 0.28, 0.27, 0.26, 0.25, 0.23, -0.3, -0.25, -0.19, -0.17, -1.06, -1.62, -3.08, -3.45, -3.14, -4.33, -4.66, -4.96, -5.12, -5.13, -5.07, 0.28, 0.27, 0.26, 0.23, 0.2, 0.15, -0.44, -0.47, -0.51, -0.57, -2.55, -2.89, -3.2, -4.11, -4.37, -4.83, -5.28, -5.48, -5.37, -5.21, -0.4, 0.28, 0.26, 0.24, 0.19, 0.1, -0.56, -0.68, -0.75, -1.47, -1.61, -2.59, -4.07, -4.25, -4.42, -5.0, -5.75, -6.03, -6.16, -6.05, -0.38, -0.36, -0.33, -1.0, -0.99, -0.32, -0.49, -0.73, -1.09, -1.41, -1.4, -3.22, -3.58, -4.48, -5.41, -5.74, -6.12, -6.26, -6.05, -5.92, -0.37, -0.33, -0.28, -0.22, -0.82, -0.85, -1.04, -0.57, -1.61, -1.49, -3.12, -3.97, -5.03, -4.52, -5.49, -5.68, -5.89, -5.99, -5.94, -5.87, -1.3, -1.22, -1.11, -0.15, 0.01, -0.41, -0.9, -1.42, -2.16, -2.07, -3.71, -4.49, -5.41, -4.74, -5.56, -5.64, -5.75, -5.82, -5.83, -5.8, -1.31, -1.24, -1.12, -0.92, -0.5, 0.76, -0.95, -2.03, -2.31, -2.57, -4.33, -4.31, -4.6, -4.51, -5.57, -5.61, -5.68, -5.73, -5.75, -5.74, -1.34, -1.28, -1.19, -1.05, -0.84, -0.75, -1.49, -2.76, -3.35, -4.24, -4.37, -4.97, -5.06, -4.3, -5.56, -5.59, -5.63, -5.08, -5.06, -5.04, -1.38, -1.34, -1.3, -1.25, -1.25, -1.41, -1.75, -2.58, -3.09, -2.65, -4.31, -4.88, -4.94, -3.9, -3.77, -4.72, -4.72, -4.74, -4.77, -4.79, -1.43, -1.41, -1.4, -1.41, -1.47, -1.59, -1.63, -2.08, -2.42, -2.41, -4.15, -4.13, -4.0, -3.85, -3.35, -4.23, -4.29, -4.37, -4.46, -4.53, -1.48, -1.48, -1.48, -1.51, -1.58, -1.67, -1.78, -2.45, -2.65, -2.72, -2.72, -2.36, -3.56, -3.34, -3.19, -3.66, -3.81, -3.99, -4.15, -4.28, -1.52, -1.53, -0.83, -0.87, -0.94, -2.34, -2.35, -2.41, -2.49, -2.54, -2.34, -2.16, -1.94, -2.23, -2.13, -2.64, -2.86, -3.07, -3.24, -3.41, -0.83, -0.85, -0.89, -0.94, -2.36, -2.34, -2.32, -2.31, -2.33, -2.38, -2.15, -1.99, -1.76, -1.47, -1.32, -1.64, -1.93, -2.15, -2.31, -2.42, -0.87, -0.9, -0.94, -0.99, -2.34, -2.3, -2.24, -2.16, -2.13, -1.54, -1.44, -1.89, -1.65, -1.31, -0.9, -1.55, -1.96, -2.22, -2.38, -2.49, -0.9, -0.93, -0.98, -2.36, -2.32, -2.26, -2.17, -2.02, -1.72, -1.59, -1.92, -1.82, -1.7, -1.5, -1.49, -1.79, -2.13, -2.36, -2.51, -2.59, -0.93, -0.96, -2.32, -2.3, -2.28, -2.24, -2.18, -2.07, -1.94, -2.01, -2.02, -1.94, -1.87, -1.8, -2.03, -2.2, -2.42, -2.58, -2.67, -2.71, -2.38, -2.38, -2.38, -2.38, -2.37, -2.35, -2.32, -2.28, -2.16, -2.18, -2.17, -2.1, -2.05, -2.36, -2.45, -2.59, -2.74, -2.83, -2.85, -2.85, -2.43, -2.44, -2.45, -2.46, -2.47, -2.49, -2.5, -2.52, -2.42, -2.43, -2.39, -2.3, -2.95, -2.63, -2.76, -2.93, -3.06, -3.08, -3.03, -2.97, -2.48, -2.49, -2.52, -2.54, -2.56, -2.6, -2.65, -2.72, -2.81, -2.85, -2.82, -3.41, -3.74, -2.82, -2.98, -3.2, -3.41, -3.32, -3.16, -3.06, -2.51, -2.53, -2.54, -2.57, -2.61, -2.67, -2.77, -2.91, -3.08, -3.17, -3.04, -3.45, -3.75, -3.7, -3.68, -3.33, -3.82, -3.37, -3.2, -3.1, -2.52, -2.54, -2.56, -2.59, -2.64, -2.71, -2.83, -3.03, -3.36, -3.64, -3.22, -3.4, -3.38, -3.7, -3.65, -3.61, -3.28, -3.13, -3.16, -3.1, -2.53, -2.54, -2.57, -2.6, -2.65, -2.71, -2.82, -3.0, -3.31, -3.56, -3.43, -3.27, -3.25, -3.69, -3.64, -3.2, -3.23, -3.21, -3.13, -3.09, -2.53, -2.54, -2.56, -2.59, -2.63, -2.68, -2.74, -2.84, -2.94, -2.94, -3.06, -3.01, -3.08, -2.82, -2.98, -3.09, -3.15, -3.16, -3.17, -3.16, -2.52, -2.53, -2.55, -2.57, -2.59, -2.62, -2.64, -2.64, -2.58, -2.67, -2.54, -2.47, -2.58, -2.66, -2.86, -2.98, -3.06, -3.09, -3.11, -3.11, -2.51, -2.52, -2.53, -2.54, -2.55, -2.55, -2.54, -2.48, -2.34, -2.22, -1.81, -2.21, -2.44, -2.57, -2.77, -2.89, -2.97, -3.02, -3.05, -3.06, -2.51, -2.51, -2.52, -2.52, -2.51, -2.5, -2.46, -2.39, -2.37, -2.1, -1.93, -2.18, -2.39, -2.53, -2.7, -2.82, -2.9, -2.96, -3.0, -3.02, -2.5, -2.5, -2.5, -2.5, -2.48, -2.46, -2.42, -2.35, -2.39, -2.26, -2.2, -2.29, -2.41, -2.52, -2.66, -2.77, -2.85, -2.91, -2.95, -2.97, -2.49, -2.49, -2.48, -2.48, -2.46, -2.44, -2.4, -2.53, -2.45, -2.38, -2.35, -2.39, -2.46, -2.53, -2.65, -2.74, -2.81, -2.87, -2.91, -2.94]}, {"header": {"refTime": "2023-09-09T16:00:00.000Z", "nx": 21, "ny": 33, "lo1": 113.509, "la1": 22.2235, "lo2": 113.5947, "la2": 22.1034, "dx": 0.0042850000000001385, "dy": 0.003753125000000024, "parameterCategory": 2, "parameterCategoryName": "Temperature", "parameterNumber": 3}, "data": [0.79, 0.78, 0.76, 0.67, 0.65, 0.76, 0.73, 0.71, 0.71, 0.85, 0.94, 1.02, 2.14, 2.25, 2.69, 2.9, 4.48, 4.59, 4.67, 4.73, 0.8, 0.79, 0.77, 0.74, 0.65, 0.62, 0.7, 0.64, 0.6, 0.77, 0.93, 1.05, 2.17, 2.28, 2.74, 4.35, 4.52, 4.65, 4.74, 4.8, 0.82, 0.8, 0.78, 0.76, 0.66, 0.63, 0.59, 0.58, 0.39, 0.71, 0.95, 1.12, 2.21, 2.32, 4.08, 4.36, 4.59, 4.75, 4.84, 4.89, 0.83, 0.82, 0.8, 0.78, 0.75, 0.65, 0.62, 0.55, 0.5, 0.81, 1.04, 1.24, 2.22, 2.5, 4.03, 4.43, 4.72, 4.91, 4.99, 5.01, 0.86, 0.85, 0.83, 0.81, 0.79, 0.68, 0.67, 0.65, 0.65, 0.98, 1.15, 2.36, 2.04, 2.45, 4.07, 4.58, 4.96, 5.16, 5.19, 5.15, 0.88, 0.88, 0.87, 0.85, 0.83, 0.8, 0.72, 0.73, 0.75, 0.8, 2.56, 2.58, 2.41, 3.58, 4.29, 4.85, 5.33, 5.53, 5.44, 5.3, 1.64, 0.91, 0.91, 0.9, 0.89, 0.86, 1.03, 0.77, 0.8, 1.89, 2.21, 3.09, 4.36, 4.28, 4.6, 5.12, 5.81, 6.07, 5.72, 5.48, 1.66, 1.64, 1.62, 2.11, 2.05, 1.11, 1.04, 0.92, 1.07, 1.75, 1.66, 4.52, 5.01, 4.81, 6.0, 6.16, 6.35, 6.42, 6.31, 6.24, 1.69, 1.67, 1.65, 1.62, 2.06, 2.02, 1.98, 1.01, 1.6, 1.96, 3.63, 4.66, 5.27, 4.98, 5.98, 6.1, 6.22, 6.27, 6.25, 6.21, 2.88, 2.83, 2.76, 1.66, 1.61, 1.97, 2.15, 2.33, 2.28, 2.17, 4.17, 4.77, 5.29, 4.99, 5.97, 6.06, 6.14, 6.18, 6.19, 6.18, 2.89, 2.84, 2.76, 2.63, 2.36, 1.53, 2.67, 3.4, 3.15, 2.8, 4.21, 4.63, 4.85, 4.82, 5.98, 6.03, 6.09, 6.13, 6.14, 6.14, 2.91, 2.86, 2.8, 2.71, 2.57, 2.52, 3.01, 3.9, 4.31, 4.74, 4.34, 5.55, 5.59, 4.68, 5.98, 6.02, 6.06, 5.36, 5.36, 5.36, 2.93, 2.9, 2.87, 2.84, 2.83, 2.92, 3.14, 3.75, 4.12, 3.81, 4.72, 5.5, 5.55, 4.92, 4.84, 5.09, 5.11, 5.15, 5.17, 5.2, 2.96, 2.95, 2.94, 2.94, 2.97, 3.02, 3.0, 3.37, 3.64, 3.63, 4.62, 4.69, 4.61, 4.51, 4.58, 4.81, 4.86, 4.92, 4.99, 5.04, 2.99, 2.99, 2.99, 3.0, 3.04, 3.08, 3.15, 3.49, 3.62, 3.65, 3.64, 3.55, 4.37, 4.25, 4.16, 4.49, 4.59, 4.7, 4.8, 4.88, 3.02, 3.02, 2.34, 2.37, 2.41, 3.36, 3.36, 3.4, 3.43, 3.46, 3.47, 3.4, 3.32, 3.42, 3.4, 3.98, 4.13, 4.27, 4.58, 4.7, 2.32, 2.34, 2.36, 2.38, 3.34, 3.31, 3.28, 3.24, 3.24, 3.28, 3.3, 3.28, 3.22, 3.12, 3.14, 3.27, 3.41, 3.51, 3.59, 3.64, 2.34, 2.35, 2.37, 2.39, 3.29, 3.24, 3.15, 3.04, 2.98, 2.68, 2.72, 3.19, 3.15, 3.13, 2.92, 3.23, 3.43, 3.55, 3.63, 3.67, 2.34, 2.36, 2.37, 3.3, 3.25, 3.18, 3.05, 2.85, 2.57, 2.65, 2.62, 2.66, 3.28, 3.24, 3.21, 3.35, 3.52, 3.63, 3.69, 3.72, 2.35, 2.36, 2.63, 2.62, 2.62, 2.61, 2.59, 2.57, 2.56, 2.58, 2.61, 2.64, 3.38, 3.43, 3.47, 3.56, 3.67, 3.74, 3.77, 3.78, 2.63, 2.62, 2.62, 2.61, 2.6, 2.59, 2.58, 2.57, 2.56, 2.58, 2.6, 2.62, 3.52, 3.64, 3.69, 3.77, 3.85, 3.87, 3.86, 3.84, 2.62, 2.61, 2.61, 2.6, 2.59, 2.58, 2.57, 2.18, 2.56, 2.56, 2.58, 2.6, 3.6, 3.77, 3.86, 3.97, 4.05, 4.02, 3.94, 3.88, 2.61, 2.6, 2.6, 2.04, 2.06, 2.08, 2.1, 2.13, 2.14, 2.13, 2.1, 3.29, 3.55, 3.86, 3.98, 4.15, 4.35, 4.18, 3.98, 3.9, 1.97, 1.98, 1.99, 2.0, 2.02, 2.04, 2.06, 2.09, 2.14, 2.15, 2.09, 2.77, 3.5, 3.71, 3.92, 4.2, 4.89, 4.02, 3.89, 3.87, 1.95, 1.95, 1.96, 1.96, 1.97, 1.99, 2.02, 2.07, 2.17, 2.27, 2.1, 2.64, 2.89, 3.66, 3.84, 3.97, 3.83, 3.47, 3.77, 3.83, 1.92, 1.92, 1.93, 1.93, 1.93, 1.94, 1.95, 2.0, 2.11, 2.21, 2.38, 2.48, 2.72, 3.6, 3.74, 3.55, 3.57, 3.52, 3.77, 3.81, 1.9, 1.9, 1.89, 1.89, 1.88, 1.87, 1.87, 1.87, 1.88, 1.85, 2.15, 2.26, 2.51, 2.9, 3.17, 3.35, 3.44, 3.46, 3.47, 3.46, 1.88, 1.87, 1.86, 1.85, 1.83, 1.81, 1.78, 1.73, 1.64, 1.8, 1.72, 1.51, 1.65, 1.79, 2.97, 3.17, 3.29, 3.35, 3.38, 3.38, 1.86, 1.85, 1.83, 1.81, 1.79, 1.75, 1.7, 1.61, 1.46, 1.41, 0.94, 1.3, 1.54, 1.7, 2.81, 3.02, 3.15, 3.24, 3.28, 3.3, 1.84, 1.82, 1.81, 1.78, 1.75, 1.71, 1.64, 1.55, 1.41, 1.19, 1.05, 1.28, 1.5, 1.66, 2.69, 2.9, 3.04, 3.13, 3.19, 3.23, 1.82, 1.81, 1.79, 1.76, 1.73, 1.68, 1.62, 1.53, 1.44, 1.34, 1.3, 1.39, 1.52, 1.64, 2.63, 2.81, 2.95, 3.05, 3.11, 3.16, 1.81, 1.79, 1.77, 1.74, 1.71, 1.67, 1.61, 1.57, 1.5, 1.45, 1.44, 1.49, 1.57, 1.66, 2.6, 2.76, 2.89, 2.98, 3.05, 3.1]}, {"header": {"refTime": "2023-09-09T16:00:00.000Z", "nx": 21, "ny": 33, "lo1": 113.509, "la1": 22.2235, "lo2": 113.5947, "la2": 22.1034, "dx": 0.0042850000000001385, "dy": 0.003753125000000024, "parameterCategory": 0, "parameterCategoryName": "Temperature", "parameterNumber": 0}, "data": [[26.14, 26.13, 26.12, 25.83, 25.83, 26.09, 26.08, 26.07, 26.07, 25.95, 25.98, 26.0, 26.26, 26.28, 26.26, 26.27, 26.4, 26.4, 26.39, 26.39], [26.15, 26.14, 26.13, 26.11, 25.84, 25.84, 26.06, 26.04, 26.02, 25.95, 25.98, 26.02, 26.28, 26.3, 26.28, 26.41, 26.4, 26.39, 26.39, 26.39], [26.15, 26.15, 26.14, 26.12, 25.84, 25.84, 25.85, 26.01, 25.93, 25.94, 25.99, 26.05, 26.31, 26.33, 26.42, 26.41, 26.4, 26.39, 26.39, 26.38], [26.16, 26.16, 26.15, 26.14, 26.12, 25.84, 25.85, 25.86, 25.86, 25.94, 26.01, 26.11, 26.37, 26.26, 26.42, 26.4, 26.39, 26.38, 26.38, 26.38], [26.18, 26.17, 26.16, 26.15, 26.14, 25.84, 25.85, 25.85, 25.83, 25.93, 26.0, 26.27, 26.4, 26.29, 26.42, 26.4, 26.38, 26.37, 26.37, 26.37], [26.19, 26.19, 26.18, 26.17, 26.16, 26.15, 25.86, 25.85, 25.83, 25.77, 26.05, 26.2, 26.32, 26.47, 26.41, 26.39, 26.36, 26.35, 26.36, 26.36], [26.32, 26.2, 26.2, 26.2, 26.19, 26.18, 26.02, 25.9, 25.87, 25.84, 25.79, 26.1, 26.44, 26.45, 26.4, 26.37, 26.34, 26.33, 26.34, 26.35], [26.33, 26.33, 26.33, 26.33, 26.32, 26.09, 26.06, 26.03, 26.04, 25.79, 25.57, 26.09, 26.1, 26.45, 26.34, 26.35, 26.33, 26.32, 26.33, 26.34], [26.27, 26.28, 26.35, 26.35, 26.36, 26.34, 26.29, 26.04, 25.88, 25.87, 25.78, 25.93, 26.0, 25.91, 26.34, 26.35, 26.34, 26.33, 26.34, 26.34], [26.5, 26.5, 26.5, 26.31, 26.34, 26.41, 26.36, 26.29, 25.7, 25.74, 26.01, 25.84, 25.89, 25.87, 26.34, 26.36, 26.35, 26.34, 26.34, 26.35], [26.5, 26.5, 26.5, 26.5, 26.5, 26.5, 26.5, 26.5, 26.36, 25.86, 25.4, 25.78, 25.83, 25.83, 26.34, 26.36, 26.35, 26.35, 26.35, 26.35], [26.5, 26.5, 26.5, 26.5, 26.5, 26.5, 26.5, 26.5, 26.5, -999.0, 25.4, 26.4, 26.4, 25.8, 26.34, 26.36, 26.36, 25.73, 25.75, 25.75], [26.5, 26.5, 26.5, 26.5, 26.5, 26.5, 26.5, 26.5, 26.5, 26.5, -999.0, 26.4, 26.4, 25.68, 26.0, 25.94, 25.94, 25.82, 25.84, 25.85], [26.5, 26.5, 26.5, 26.5, 26.5, 26.5, 26.5, 26.5, 26.5, 26.5, -999.0, 25.3, 25.3, 25.3, 25.9, 25.85, 25.87, 25.74, 25.77, 25.79], [26.5, 26.5, 26.5, 26.5, 26.5, 26.5, 26.5, 26.6, 26.6, 26.6, 26.6, 26.1, 25.3, 25.3, 25.3, 25.76, 25.79, 25.67, 25.71, 25.74], [26.5, 26.5, 26.56, 26.56, 26.57, 26.6, 26.6, 26.6, 26.6, 26.6, 25.78, 25.87, 25.75, 25.64, 25.76, 25.56, 25.6, 25.53, 25.75, 25.78], [26.56, 26.56, 26.54, 26.54, 26.6, 26.6, 26.6, 26.6, 26.6, 26.6, 26.04, 25.88, 25.71, 25.55, 25.53, 25.51, 25.58, 25.64, 25.68, 25.71], [26.54, 26.54, 26.54, 26.54, 26.6, 26.6, 26.6, 26.6, 26.6, 26.27, 26.1, 25.9, 25.7, 25.55, 25.33, 25.48, 25.59, 25.66, 25.7, 25.73], [26.54, 26.54, 26.54, 26.6, 26.6, 26.6, 26.6, 26.6, 26.48, 26.35, 26.23, 26.06, 25.78, 25.62, 25.47, 25.54, 25.63, 25.69, 25.73, 25.75], [26.54, 26.54, 26.6, 26.6, 26.6, 26.6, 26.6, 26.6, 26.48, 26.38, 26.25, 26.11, 25.84, 25.74, 25.61, 25.65, 25.7, 25.75, 25.77, 25.78], [26.6, 26.6, 26.6, 26.6, 26.6, 26.6, 26.6, 26.6, 26.4, 26.35, 26.26, 26.16, 25.9, 25.69, 25.71, 25.74, 25.78, 25.81, 25.82, 25.82], [26.6, 26.6, 26.6, 26.6, 26.6, 26.6, 26.6, 26.65, 26.37, 26.34, 26.29, 26.21, 25.95, 25.76, 25.79, 25.83, 25.86, 25.87, 25.86, 25.85], [26.6, 26.6, 26.6, 26.68, 26.67, 26.67, 26.66, 26.66, 26.66, 26.66, 26.66, 26.44, 26.22, 25.81, 25.84, 25.89, 25.92, 25.92, 25.9, 25.88], [26.69, 26.69, 26.68, 26.68, 26.68, 26.67, 26.67, 26.66, 26.65, 26.65, 26.66, 26.53, 26.24, 26.17, 26.11, 25.92, 25.98, 25.96, 25.93, 25.9], [26.69, 26.69, 26.69, 26.69, 26.68, 26.68, 26.68, 26.67, 26.65, 26.63, 26.66, 26.55, 26.5, 26.18, 26.12, 26.07, 25.96, 25.97, 25.93, 25.9], [26.69, 26.69, 26.69, 26.69, 26.69, 26.69, 26.69, 26.68, 26.66, 26.64, 26.6, 26.58, 26.54, 26.19, 26.13, 26.14, 26.09, 26.08, 25.92, 25.9], [26.7, 26.7, 26.7, 26.7, 26.7, 26.7, 26.7, 26.7, 26.7, 26.7, 26.64, 26.62, 26.58, 26.32, 26.25, 26.19, 26.15, 26.13, 26.13, 26.14], [26.7, 26.7, 26.7, 26.71, 26.71, 26.71, 26.72, 26.73, 26.74, 26.71, 26.72, 26.68, 26.62, 26.55, 26.3, 26.24, 26.2, 26.17, 26.17, 26.17], [26.71, 26.71, 26.71, 26.71, 26.72, 26.72, 26.73, 26.75, 26.77, 26.78, 26.84, 26.73, 26.65, 26.58, 26.34, 26.28, 26.24, 26.21, 26.2, 26.2], [26.71, 26.71, 26.71, 26.72, 26.72, 26.73, 26.74, 26.76, 26.71, 26.77, 26.8, 26.73, 26.66, 26.59, 26.37, 26.31, 26.27, 26.24, 26.23, 26.22], [26.71, 26.71, 26.72, 26.72, 26.73, 26.73, 26.75, 26.76, 26.7, 26.72, 26.73, 26.7, 26.65, 26.6, 26.39, 26.34, 26.3, 26.27, 26.25, 26.24], [26.71, 26.72, 26.72, 26.72, 26.73, 26.74, 26.75, 26.66, 26.67, 26.69, 26.68, 26.66, 26.63, 26.59, 26.4, 26.35, 26.32, 26.29, 26.27, 26.26]]}]