gis_exercise/awsData/contour/wdir_2023091113.json
[{"header": {"refTime": "2023-09-11T13:00:00.000Z", "nx": 21, "ny": 33, "lo1": 113.509, "la1": 22.2235, "lo2": 113.5947, "la2": 22.1034, "dx": 0.0042850000000001385, "dy": 0.003753125000000024, "parameterCategory": 2, "parameterCategoryName": "Temperature", "parameterNumber": 2}, "data": [-1.02, -1.05, -1.08, -1.59, -1.58, -2.01, -1.96, -1.92, -1.92, -1.79, -1.87, -1.96, -2.4, -2.45, -3.21, -3.33, -3.79, -3.84, -3.88, -3.9, -1.0, -1.03, -1.06, -1.1, -1.59, -1.57, -1.92, -1.83, -1.78, -1.73, -1.88, -2.0, -2.45, -2.51, -3.26, -3.73, -3.82, -3.88, -3.93, -3.95, -0.98, -1.01, -1.04, -1.09, -1.6, -1.58, -1.55, -1.76, -1.49, -1.68, -1.91, -2.09, -2.55, -2.59, -3.63, -3.76, -3.87, -3.95, -4.0, -4.02, -0.95, -0.98, -1.01, -1.06, -1.12, -1.6, -1.58, -1.53, -1.49, -1.75, -1.98, -2.25, -2.7, -2.64, -3.62, -3.8, -3.96, -4.06, -4.1, -4.1, -0.92, -0.94, -0.97, -1.02, -1.08, -1.64, -1.63, -1.61, -1.58, -1.82, -2.04, -2.66, -2.91, -2.7, -3.63, -3.88, -4.1, -4.23, -4.24, -4.19, -0.87, -0.88, -0.91, -0.95, -1.03, -1.13, -1.69, -1.7, -1.67, -1.6, -2.28, -2.53, -2.75, -3.2, -3.67, -4.01, -4.35, -4.49, -4.41, -4.3, -2.03, -0.82, -0.83, -0.86, -0.93, -1.06, -1.22, -1.83, -1.81, -1.86, -1.8, -2.33, -3.17, -3.24, -3.72, -4.14, -4.69, -4.9, -4.77, -4.63, -2.02, -1.95, -1.87, -1.73, -1.72, -0.87, -1.15, -1.61, -2.14, -1.79, -1.46, -2.61, -2.84, -3.31, -4.02, -4.37, -4.79, -4.95, -4.72, -4.57, -2.02, -1.93, -1.81, -1.66, -1.47, -1.53, -1.84, -1.3, -2.51, -1.9, -2.38, -2.89, -3.38, -3.15, -4.01, -4.26, -4.52, -4.64, -4.59, -4.5, -2.91, -2.78, -2.59, -1.55, -1.18, -0.92, -1.55, -2.25, -3.0, -2.8, -2.7, -3.09, -3.51, -3.22, -4.01, -4.18, -4.34, -4.44, -4.45, -4.42, -2.95, -2.83, -2.64, -2.3, -1.57, 0.55, -2.12, -3.48, -3.19, -3.38, -3.67, -3.0, -3.15, -3.11, -4.01, -4.12, -4.24, -4.31, -4.35, -4.35, -3.03, -2.94, -2.81, -2.6, -2.26, -2.08, -3.13, -4.28, -4.72, -5.21, -3.91, -4.13, -4.04, -3.01, -4.01, -4.1, -4.17, -4.15, -4.17, -4.17, -3.13, -3.09, -3.05, -3.03, -3.13, -3.61, -4.35, -4.54, -4.67, -4.34, -5.12, -4.23, -4.12, -3.23, -3.19, -3.92, -3.95, -3.99, -4.03, -4.05, -3.23, -3.23, -3.27, -3.37, -3.64, -4.25, -5.26, -4.6, -4.42, -4.27, -5.16, -4.13, -3.97, -3.84, -3.09, -3.73, -3.78, -3.84, -3.89, -3.93, -3.32, -3.36, -3.43, -3.56, -3.81, -4.19, -4.48, -4.59, -4.35, -4.16, -4.02, -2.89, -3.8, -3.65, -3.55, -3.52, -3.59, -3.68, -3.75, -3.82, -3.4, -3.44, -2.12, -2.27, -2.47, -4.19, -4.14, -3.97, -3.79, -3.68, -2.66, -2.65, -2.63, -2.35, -2.4, -2.83, -2.86, -2.9, -3.25, -3.3, -1.94, -1.99, -2.06, -2.14, -3.81, -3.7, -3.49, -3.22, -3.04, -3.07, -2.33, -2.44, -2.49, -2.51, -2.23, -2.27, -2.2, -2.14, -2.1, -2.07, -1.91, -1.95, -1.98, -2.0, -3.49, -3.25, -2.86, -2.33, -2.06, -1.83, -2.11, -2.27, -2.4, -2.2, -2.43, -2.29, -2.2, -2.13, -2.08, -2.05, -1.88, -1.89, -1.9, -3.43, -3.24, -2.92, -2.4, -1.55, -0.7, -1.45, -1.62, -1.92, -1.91, -2.14, -2.31, -2.24, -2.16, -2.1, -2.06, -2.03, -1.84, -1.84, -3.08, -2.96, -2.79, -2.52, -2.12, -1.55, -0.94, -1.33, -1.72, -1.97, -1.87, -2.04, -2.19, -2.15, -2.1, -2.06, -2.02, -2.0, -3.18, -3.12, -3.05, -2.94, -2.79, -2.59, -2.33, -2.06, -1.52, -1.7, -1.93, -2.1, -1.85, -2.11, -2.1, -2.08, -2.04, -2.01, -1.98, -1.96, -3.16, -3.11, -3.04, -2.96, -2.85, -2.73, -2.6, -1.85, -2.02, -2.12, -2.22, -2.28, -3.02, -2.05, -2.04, -2.03, -2.01, -1.97, -1.94, -1.92, -3.16, -3.11, -3.06, -2.03, -2.04, -2.08, -2.13, -2.23, -2.35, -2.43, -2.41, -2.56, -2.62, -2.01, -2.0, -2.01, -2.05, -1.95, -1.88, -1.87, -2.05, -2.07, -2.09, -2.12, -2.16, -2.24, -2.36, -2.55, -2.79, -2.91, -2.76, -3.11, -2.66, -2.43, -2.24, -1.97, -2.26, -1.78, -1.77, -1.82, -2.09, -2.11, -2.14, -2.19, -2.25, -2.35, -2.51, -2.77, -3.18, -3.53, -3.04, -3.11, -2.95, -2.44, -2.23, -2.04, -1.67, -1.44, -1.69, -1.78, -2.12, -2.15, -2.18, -2.23, -2.3, -2.41, -2.56, -2.79, -3.17, -3.47, -3.27, -3.02, -2.89, -2.47, -2.25, -1.73, -1.64, -1.59, -1.71, -1.78, -2.14, -2.17, -2.21, -2.26, -2.32, -2.41, -2.52, -2.66, -2.81, -2.84, -2.94, -2.82, -2.78, -1.76, -1.75, -1.72, -1.68, -1.66, -1.67, -1.69, -2.16, -2.19, -2.22, -2.27, -2.32, -2.38, -2.44, -2.5, -2.5, -2.63, -2.5, -2.3, -2.26, -2.17, -1.74, -1.73, -1.71, -1.69, -1.69, -1.7, -2.17, -2.2, -2.23, -2.26, -2.3, -2.34, -2.36, -2.36, -2.29, -2.27, -1.93, -2.13, -2.18, -2.15, -1.74, -1.73, -1.72, -1.71, -1.71, -1.71, -2.18, -2.2, -2.22, -2.25, -2.28, -2.3, -2.3, -2.28, -2.27, -2.1, -1.99, -2.09, -2.14, -2.13, -1.75, -1.74, -1.73, -1.72, -1.72, -1.72, -2.18, -2.2, -2.22, -2.24, -2.25, -2.27, -2.26, -2.24, -2.25, -2.16, -2.11, -2.13, -2.14, -2.13, -1.75, -1.74, -1.74, -1.73, -1.73, -1.73, -2.18, -2.19, -2.21, -2.22, -2.24, -2.24, -2.24, -2.31, -2.26, -2.2, -2.17, -2.16, -2.15, -2.14, -1.75, -1.74, -1.74, -1.74, -1.73, -1.73]}, {"header": {"refTime": "2023-09-11T13:00:00.000Z", "nx": 21, "ny": 33, "lo1": 113.509, "la1": 22.2235, "lo2": 113.5947, "la2": 22.1034, "dx": 0.0042850000000001385, "dy": 0.003753125000000024, "parameterCategory": 2, "parameterCategoryName": "Temperature", "parameterNumber": 3}, "data": [0.69, 0.67, 0.65, 0.5, 0.47, 0.46, 0.42, 0.38, 0.36, 0.32, 0.38, 0.44, 0.83, 0.88, 1.0, 1.08, 1.73, 1.76, 1.79, 1.81, 0.71, 0.69, 0.66, 0.63, 0.48, 0.43, 0.39, 0.31, 0.25, 0.27, 0.37, 0.46, 0.85, 0.9, 1.03, 1.69, 1.74, 1.78, 1.81, 1.83, 0.72, 0.71, 0.68, 0.65, 0.5, 0.45, 0.37, 0.25, 0.03, 0.22, 0.39, 0.5, 0.88, 0.93, 1.6, 1.69, 1.76, 1.81, 1.84, 1.85, 0.74, 0.73, 0.71, 0.69, 0.65, 0.49, 0.43, 0.33, 0.23, 0.3, 0.45, 0.57, 0.92, 1.11, 1.58, 1.71, 1.8, 1.86, 1.88, 1.89, 0.77, 0.76, 0.75, 0.73, 0.71, 0.56, 0.53, 0.5, 0.48, 0.43, 0.53, 1.06, 0.94, 1.09, 1.6, 1.76, 1.87, 1.93, 1.95, 1.93, 0.79, 0.79, 0.79, 0.78, 0.77, 0.76, 0.64, 0.66, 0.66, 0.65, 1.15, 1.14, 1.08, 1.38, 1.67, 1.84, 1.99, 2.05, 2.02, 1.98, 1.3, 0.82, 0.83, 0.84, 0.84, 0.84, 1.04, 0.82, 0.84, 1.14, 1.17, 1.33, 1.64, 1.59, 1.77, 1.93, 2.13, 2.21, 2.04, 1.95, 1.3, 1.29, 1.29, 1.45, 1.43, 1.06, 1.06, 1.07, 1.15, 1.09, 0.92, 1.74, 1.87, 1.74, 2.11, 2.17, 2.26, 2.29, 2.24, 2.21, 1.3, 1.3, 1.29, 1.28, 1.42, 1.42, 1.42, 1.06, 1.23, 1.18, 1.41, 1.7, 1.8, 1.75, 2.08, 2.14, 2.2, 2.22, 2.22, 2.2, 1.63, 1.61, 1.59, 1.29, 1.27, 1.38, 1.45, 1.52, 1.41, 1.33, 1.54, 1.68, 1.76, 1.73, 2.07, 2.12, 2.16, 2.18, 2.19, 2.18, 1.63, 1.61, 1.59, 1.55, 1.46, 1.21, 1.56, 1.79, 1.75, 1.54, 1.65, 1.65, 1.69, 1.69, 2.07, 2.1, 2.13, 2.15, 2.16, 2.16, 1.63, 1.62, 1.6, 1.57, 1.53, 1.51, 1.67, 1.94, 2.07, 2.05, 1.74, 2.07, 2.04, 1.66, 2.07, 2.1, 2.12, 1.85, 1.86, 1.86, 1.64, 1.63, 1.62, 1.61, 1.61, 1.64, 1.7, 1.89, 2.01, 1.92, 1.99, 2.09, 2.07, 1.71, 1.69, 1.74, 1.76, 1.78, 1.79, 1.8, 1.65, 1.65, 1.64, 1.64, 1.65, 1.67, 1.65, 1.78, 1.86, 1.86, 1.97, 1.8, 1.73, 1.68, 1.61, 1.66, 1.68, 1.71, 1.73, 1.75, 1.66, 1.66, 1.66, 1.66, 1.67, 1.69, 1.71, 1.92, 1.98, 2.01, 2.02, 1.8, 1.66, 1.6, 1.56, 1.57, 1.6, 1.64, 1.67, 1.7, 1.67, 1.67, 1.61, 1.61, 1.63, 1.92, 1.92, 1.95, 1.98, 2.0, 1.85, 1.75, 1.65, 1.45, 1.41, 1.41, 1.45, 1.49, 1.67, 1.71, 1.62, 1.62, 1.63, 1.65, 1.95, 1.95, 1.97, 1.98, 2.0, 2.01, 1.82, 1.72, 1.58, 1.43, 1.31, 1.15, 1.16, 1.18, 1.18, 1.19, 1.64, 1.64, 1.66, 1.67, 1.97, 1.98, 1.99, 2.02, 2.03, 1.79, 1.68, 1.7, 1.54, 1.32, 1.13, 1.14, 1.17, 1.18, 1.19, 1.19, 1.65, 1.66, 1.68, 1.98, 1.99, 2.0, 2.01, 2.04, 2.01, 1.85, 1.37, 1.23, 1.53, 1.4, 1.14, 1.16, 1.18, 1.2, 1.2, 1.2, 1.66, 1.67, 1.31, 1.33, 1.37, 1.43, 1.53, 1.69, 1.73, 1.51, 1.31, 1.18, 1.59, 1.51, 1.18, 1.19, 1.21, 1.21, 1.21, 1.21, 1.24, 1.25, 1.26, 1.27, 1.3, 1.33, 1.39, 1.45, 1.39, 1.29, 1.17, 1.09, 1.64, 1.2, 1.21, 1.23, 1.24, 1.24, 1.22, 1.21, 1.2, 1.2, 1.2, 1.2, 1.2, 1.21, 1.21, 0.98, 1.08, 1.03, 0.98, 0.96, 0.96, 1.22, 1.25, 1.28, 1.29, 1.27, 1.23, 1.21, 1.16, 1.15, 1.14, 0.8, 0.8, 0.79, 0.77, 0.72, 0.65, 0.6, 0.59, 1.04, 0.72, 1.24, 1.27, 1.32, 1.4, 1.31, 1.22, 1.2, 0.75, 0.75, 0.74, 0.73, 0.71, 0.67, 0.61, 0.51, 0.38, 0.32, 0.38, 0.46, 0.69, 0.86, 1.02, 1.33, 1.64, 1.2, 1.16, 1.17, 0.72, 0.71, 0.69, 0.67, 0.63, 0.58, 0.49, 0.36, 0.16, -0.0, 0.21, 0.4, 0.6, 0.82, 0.97, 1.08, 1.11, 0.91, 1.1, 1.14, 0.69, 0.67, 0.65, 0.62, 0.58, 0.52, 0.44, 0.32, 0.14, 0.01, 0.19, 0.38, 0.56, 0.78, 0.91, 1.06, 1.03, 1.0, 1.1, 1.14, 0.66, 0.64, 0.62, 0.59, 0.54, 0.49, 0.42, 0.33, 0.25, 0.22, 0.28, 0.39, 0.53, 0.9, 0.96, 1.0, 1.01, 1.01, 1.01, 1.02, 0.64, 0.62, 0.59, 0.56, 0.52, 0.47, 0.42, 0.36, 0.32, 0.3, 0.34, 0.18, 0.19, 0.2, 0.91, 0.96, 0.98, 0.99, 1.0, 1.0, 0.62, 0.6, 0.58, 0.55, 0.51, 0.47, 0.43, 0.39, 0.35, 0.34, 0.27, 0.22, 0.21, 0.21, 0.87, 0.92, 0.95, 0.97, 0.98, 0.99, 0.61, 0.59, 0.57, 0.54, 0.51, 0.47, 0.44, 0.41, 0.19, 0.23, 0.26, 0.23, 0.22, 0.21, 0.84, 0.89, 0.92, 0.94, 0.96, 0.97, 0.6, 0.58, 0.56, 0.54, 0.51, 0.48, 0.45, 0.42, 0.19, 0.21, 0.23, 0.22, 0.22, 0.22, 0.82, 0.87, 0.9, 0.92, 0.94, 0.95, 0.6, 0.58, 0.56, 0.54, 0.51, 0.49, 0.46, 0.18, 0.19, 0.2, 0.21, 0.21, 0.21, 0.21, 0.81, 0.85, 0.88, 0.91, 0.93, 0.94]}, {"header": {"refTime": "2023-09-11T13:00:00.000Z", "nx": 21, "ny": 33, "lo1": 113.509, "la1": 22.2235, "lo2": 113.5947, "la2": 22.1034, "dx": 0.0042850000000001385, "dy": 0.003753125000000024, "parameterCategory": 0, "parameterCategoryName": "Temperature", "parameterNumber": 0}, "data": [[26.57, 26.56, 26.56, 26.36, 26.37, 26.59, 26.6, 26.6, 26.61, 26.56, 26.56, 26.57, 26.74, 26.75, 26.7, 26.69, 26.7, 26.7, 26.69, 26.68], [26.57, 26.56, 26.56, 26.56, 26.37, 26.39, 26.59, 26.6, 26.61, 26.57, 26.57, 26.58, 26.75, 26.76, 26.7, 26.71, 26.7, 26.69, 26.68, 26.68], [26.57, 26.57, 26.56, 26.56, 26.36, 26.38, 26.41, 26.6, 26.6, 26.57, 26.57, 26.6, 26.77, 26.78, 26.74, 26.71, 26.69, 26.68, 26.67, 26.67], [26.57, 26.57, 26.56, 26.56, 26.55, 26.37, 26.39, 26.44, 26.48, 26.55, 26.57, 26.63, 26.8, 26.68, 26.74, 26.71, 26.68, 26.66, 26.66, 26.66], [26.57, 26.57, 26.57, 26.56, 26.55, 26.34, 26.36, 26.37, 26.37, 26.51, 26.55, 26.69, 26.81, 26.71, 26.74, 26.69, 26.66, 26.64, 26.64, 26.64], [26.58, 26.58, 26.57, 26.56, 26.55, 26.54, 26.32, 26.31, 26.3, 26.26, 26.5, 26.62, 26.73, 26.83, 26.72, 26.67, 26.62, 26.6, 26.61, 26.63], [26.58, 26.58, 26.58, 26.57, 26.56, 26.54, 26.35, 26.28, 26.26, 26.24, 26.24, 26.52, 26.79, 26.8, 26.7, 26.65, 26.58, 26.55, 26.57, 26.6], [26.59, 26.59, 26.59, 26.59, 26.58, 26.42, 26.37, 26.32, 26.29, 26.21, 26.11, 26.48, 26.49, 26.8, 26.57, 26.6, 26.55, 26.54, 26.56, 26.58], [26.51, 26.52, 26.61, 26.62, 26.62, 26.6, 26.54, 26.35, 26.2, 26.26, 26.27, 26.37, 26.42, 26.36, 26.58, 26.6, 26.58, 26.57, 26.57, 26.58], [26.8, 26.8, 26.8, 26.57, 26.6, 26.69, 26.63, 26.54, 26.13, 26.15, 26.43, 26.31, 26.35, 26.33, 26.58, 26.61, 26.6, 26.59, 26.59, 26.59], [26.8, 26.8, 26.8, 26.8, 26.8, 26.8, 26.8, 26.8, 26.62, 26.2, 26.0, 26.27, 26.3, 26.3, 26.58, 26.62, 26.61, 26.6, 26.6, 26.6], [26.8, 26.8, 26.8, 26.8, 26.8, 26.8, 26.8, 26.8, 26.8, -999.0, 26.0, 26.7, 26.7, 26.28, 26.58, 26.63, 26.62, 26.27, 26.28, 26.28], [26.8, 26.8, 26.8, 26.8, 26.8, 26.8, 26.8, 26.8, 26.8, 26.8, -999.0, 26.7, 26.7, 26.31, 26.48, 26.35, 26.36, 26.31, 26.32, 26.32], [26.8, 26.8, 26.8, 26.8, 26.8, 26.8, 26.8, 26.8, 26.8, 26.8, -999.0, 26.1, 26.1, 26.1, 26.43, 26.32, 26.33, 26.28, 26.29, 26.3], [26.8, 26.8, 26.8, 26.8, 26.8, 26.8, 26.8, 26.8, 26.8, 26.8, 26.8, 26.53, 26.1, 26.1, 26.1, 26.28, 26.3, 26.25, 26.26, 26.28], [26.8, 26.8, 26.8, 26.8, 26.8, 26.8, 26.8, 26.8, 26.8, 26.8, 26.36, 26.41, 26.34, 26.28, 26.35, 26.28, 26.31, 26.26, 26.34, 26.36], [26.8, 26.8, 26.8, 26.8, 26.8, 26.8, 26.8, 26.8, 26.8, 26.8, 26.5, 26.41, 26.32, 26.24, 26.24, 26.28, 26.34, 26.39, 26.42, 26.45], [26.8, 26.8, 26.8, 26.8, 26.8, 26.8, 26.8, 26.8, 26.8, 26.62, 26.53, 26.42, 26.31, 26.25, 26.12, 26.26, 26.34, 26.4, 26.44, 26.46], [26.8, 26.8, 26.8, 26.8, 26.8, 26.8, 26.8, 26.8, 26.74, 26.66, 26.62, 26.53, 26.38, 26.29, 26.24, 26.31, 26.38, 26.43, 26.47, 26.49], [26.8, 26.8, 26.86, 26.85, 26.85, 26.85, 26.84, 26.82, 26.75, 26.7, 26.63, 26.56, 26.42, 26.37, 26.36, 26.39, 26.44, 26.48, 26.5, 26.51], [26.86, 26.86, 26.86, 26.84, 26.84, 26.84, 26.83, 26.83, 26.71, 26.69, 26.65, 26.59, 26.45, 26.43, 26.45, 26.47, 26.51, 26.53, 26.54, 26.54], [26.85, 26.85, 26.85, 26.84, 26.84, 26.84, 26.84, 26.9, 26.71, 26.7, 26.67, 26.63, 26.52, 26.49, 26.51, 26.54, 26.57, 26.58, 26.58, 26.57], [26.85, 26.85, 26.85, 26.94, 26.93, 26.93, 26.93, 26.92, 26.92, 26.93, 26.93, 26.79, 26.77, 26.53, 26.56, 26.59, 26.61, 26.62, 26.61, 26.6], [26.95, 26.95, 26.95, 26.95, 26.94, 26.94, 26.94, 26.94, 26.93, 26.93, 26.94, 26.9, 26.78, 26.75, 26.73, 26.62, 26.63, 26.67, 26.64, 26.62], [26.96, 26.96, 26.96, 26.96, 26.95, 26.95, 26.95, 26.95, 26.93, 26.92, 26.95, 26.92, 26.89, 26.76, 26.74, 26.72, 26.68, 26.71, 26.66, 26.63], [26.96, 26.96, 26.96, 26.96, 26.97, 26.97, 26.97, 26.96, 26.95, 26.93, 26.94, 26.94, 26.92, 26.76, 26.74, 26.78, 26.77, 26.77, 26.65, 26.62], [26.97, 26.97, 26.97, 26.97, 26.98, 26.98, 26.98, 26.98, 26.98, 26.99, 26.98, 26.97, 26.95, 26.88, 26.84, 26.81, 26.79, 26.78, 26.78, 26.79], [26.97, 26.97, 26.98, 26.98, 26.99, 26.99, 27.0, 27.01, 27.03, 27.04, 27.05, 27.05, 27.02, 26.99, 26.87, 26.83, 26.81, 26.8, 26.8, 26.8], [26.98, 26.98, 26.98, 26.99, 26.99, 27.0, 27.01, 27.03, 27.06, 27.1, 27.16, 27.09, 27.04, 27.01, 26.89, 26.86, 26.84, 26.82, 26.82, 26.81], [26.98, 26.98, 26.99, 26.99, 27.0, 27.01, 27.02, 27.04, 27.07, 27.11, 27.14, 27.09, 27.05, 27.02, 26.91, 26.88, 26.85, 26.84, 26.83, 26.83], [26.98, 26.99, 26.99, 27.0, 27.01, 27.01, 27.03, 27.04, 27.06, 27.08, 27.09, 27.07, 27.05, 27.02, 26.92, 26.89, 26.87, 26.85, 26.84, 26.84], [26.99, 26.99, 27.0, 27.0, 27.01, 27.02, 27.03, 27.04, 27.05, 27.06, 27.06, 27.05, 27.04, 27.02, 26.92, 26.9, 26.88, 26.86, 26.85, 26.85]]}]