gis_exercise/awsData/contour/wdir_2023090702.json
[{"header": {"refTime": "2023-09-07T02:00:00.000Z", "nx": 21, "ny": 33, "lo1": 113.509, "la1": 22.2235, "lo2": 113.5947, "la2": 22.1034, "dx": 0.0042850000000001385, "dy": 0.003753125000000024, "parameterCategory": 2, "parameterCategoryName": "Temperature", "parameterNumber": 2}, "data": [0.53, 0.53, 0.53, 0.45, 0.45, 0.22, 0.23, 0.23, 0.22, 0.04, -0.05, -0.13, -0.42, -0.47, -0.73, -0.79, -1.21, -1.23, -1.24, -1.25, 0.53, 0.53, 0.53, 0.53, 0.45, 0.45, 0.26, 0.29, 0.3, 0.11, -0.04, -0.16, -0.47, -0.52, -0.77, -1.19, -1.22, -1.25, -1.26, -1.27, 0.53, 0.53, 0.53, 0.53, 0.45, 0.45, 0.46, 0.33, 0.45, 0.16, -0.07, -0.23, -0.55, -0.58, -1.16, -1.2, -1.24, -1.27, -1.28, -1.29, 0.52, 0.53, 0.53, 0.53, 0.53, 0.46, 0.46, 0.46, 0.47, 0.08, -0.15, -0.36, -0.67, -0.75, -1.15, -1.22, -1.27, -1.3, -1.32, -1.32, 0.52, 0.52, 0.53, 0.53, 0.54, 0.46, 0.46, 0.46, 0.45, -0.05, -0.23, -0.75, -0.87, -0.78, -1.16, -1.24, -1.32, -1.36, -1.36, -1.35, 0.52, 0.52, 0.52, 0.53, 0.54, 0.55, 0.47, 0.47, 0.45, 0.4, -0.56, -0.69, -0.8, -0.86, -1.17, -1.29, -1.4, -1.44, -1.42, -1.38, 0.67, 0.52, 0.52, 0.52, 0.53, 0.55, 0.46, 0.52, 0.5, 0.09, -0.07, -0.61, -0.84, -0.83, -1.19, -1.33, -1.51, -1.58, -1.41, -1.33, 0.67, 0.66, 0.65, 0.71, 0.71, 0.43, 0.47, 0.55, 0.55, 0.11, -0.02, -0.61, -0.69, -0.79, -1.04, -1.21, -1.44, -1.52, -1.4, -1.32, 0.67, 0.66, 0.64, 0.63, 0.67, 0.68, 0.72, 0.49, 0.64, 0.08, -0.38, -0.55, -0.58, -0.56, -0.99, -1.14, -1.29, -1.35, -1.32, -1.28, 0.82, 0.81, 0.78, 0.61, 0.57, 0.6, 0.69, 0.78, 0.72, 0.65, -0.45, -0.51, -0.53, -0.54, -0.96, -1.08, -1.18, -1.24, -1.25, -1.24, 0.83, 0.81, 0.79, 0.74, 0.65, 0.39, 0.73, 0.93, 0.93, 0.79, 0.24, -0.5, -0.52, -0.52, -0.95, -1.04, -1.12, -1.17, -1.19, -1.19, 0.83, 0.82, 0.8, 0.78, 0.73, 0.71, 0.86, 1.06, 1.14, 0.85, 0.38, -0.08, -0.19, -0.51, -0.96, -1.03, -1.08, -0.86, -0.88, -0.89, 0.84, 0.84, 0.83, 0.83, 0.83, 0.88, 0.96, 1.06, 1.11, 1.05, 0.71, 0.03, -0.09, -0.48, -0.46, -0.69, -0.73, -0.77, -0.79, -0.81, 0.86, 0.85, 0.86, 0.86, 0.89, 0.94, 1.01, 1.01, 1.03, 1.02, 0.74, 0.33, 0.24, 0.18, -0.4, -0.6, -0.64, -0.68, -0.71, -0.74, 0.87, 0.87, 0.87, 0.89, 0.91, 0.94, 0.98, 0.84, 0.8, 0.76, 0.72, 0.35, 0.24, 0.19, 0.16, -0.5, -0.54, -0.59, -0.64, -0.67, 0.88, 0.88, 0.42, 0.44, 0.46, 0.72, 0.71, 0.67, 0.63, 0.6, 0.29, 0.26, 0.23, -0.17, -0.15, -0.09, -0.1, -0.11, -0.43, -0.47, 0.38, 0.38, 0.38, 0.38, 0.62, 0.58, 0.53, 0.45, 0.4, 0.42, 0.17, 0.18, 0.16, 0.13, -0.03, 0.15, 0.19, 0.22, 0.24, 0.26, 0.35, 0.35, 0.34, 0.33, 0.53, 0.46, 0.34, 0.19, 0.11, -0.03, 0.04, 0.12, 0.12, -0.03, 0.02, 0.13, 0.19, 0.23, 0.25, 0.27, 0.33, 0.32, 0.31, 0.51, 0.46, 0.36, 0.21, -0.04, -0.31, -0.12, -0.24, -0.19, -0.1, -0.05, 0.12, 0.16, 0.21, 0.25, 0.27, 0.29, 0.31, 0.3, 0.12, 0.1, 0.06, 0.0, -0.08, -0.18, -0.34, -0.29, -0.24, -0.19, -0.11, -0.07, 0.19, 0.22, 0.24, 0.27, 0.29, 0.3, 0.13, 0.11, 0.09, 0.07, 0.03, -0.01, -0.07, -0.12, -0.29, -0.27, -0.23, -0.2, -0.12, 0.24, 0.25, 0.26, 0.28, 0.3, 0.31, 0.32, 0.11, 0.09, 0.07, 0.04, 0.01, -0.02, -0.06, -0.39, -0.26, -0.24, -0.22, -0.2, -0.06, 0.27, 0.28, 0.29, 0.3, 0.32, 0.34, 0.35, 0.09, 0.07, 0.05, -0.41, -0.4, -0.39, -0.38, -0.37, -0.36, -0.36, -0.37, -0.22, 0.18, 0.3, 0.31, 0.3, 0.28, 0.34, 0.37, 0.37, -0.42, -0.42, -0.41, -0.41, -0.4, -0.39, -0.38, -0.36, -0.34, -0.33, -0.35, -0.28, 0.17, 0.24, 0.28, 0.32, 0.17, 0.43, 0.43, 0.4, -0.42, -0.42, -0.42, -0.41, -0.4, -0.4, -0.38, -0.35, -0.31, -0.27, -0.33, -0.3, -0.29, 0.24, 0.3, 0.35, 0.49, 0.61, 0.47, 0.42, -0.42, -0.42, -0.42, -0.42, -0.41, -0.4, -0.39, -0.37, -0.32, -0.28, -0.31, -0.33, -0.32, 0.23, 0.3, 0.28, 0.38, 0.42, 0.46, 0.43, -0.43, -0.43, -0.42, -0.42, -0.42, -0.42, -0.41, -0.4, -0.39, -0.4, -0.38, -0.38, -0.36, 0.04, 0.14, 0.23, 0.3, 0.33, 0.32, 0.3, -0.43, -0.43, -0.43, -0.43, -0.43, -0.43, -0.44, -0.44, -0.46, -0.46, -0.49, -0.32, -0.21, -0.09, 0.08, 0.16, 0.22, 0.26, 0.26, 0.26, -0.43, -0.44, -0.44, -0.44, -0.44, -0.45, -0.46, -0.48, -0.51, -0.55, -0.59, -0.41, -0.26, -0.14, 0.02, 0.1, 0.16, 0.2, 0.21, 0.22, -0.44, -0.44, -0.44, -0.45, -0.45, -0.46, -0.47, -0.49, -0.38, -0.47, -0.53, -0.41, -0.28, -0.17, -0.02, 0.06, 0.11, 0.15, 0.17, 0.18, -0.44, -0.44, -0.45, -0.45, -0.46, -0.47, -0.48, -0.5, -0.35, -0.39, -0.4, -0.35, -0.26, -0.17, -0.04, 0.03, 0.08, 0.11, 0.14, 0.15, -0.44, -0.45, -0.45, -0.46, -0.46, -0.47, -0.48, -0.28, -0.31, -0.33, -0.33, -0.29, -0.23, -0.17, -0.05, 0.01, 0.05, 0.09, 0.11, 0.13]}, {"header": {"refTime": "2023-09-07T02:00:00.000Z", "nx": 21, "ny": 33, "lo1": 113.509, "la1": 22.2235, "lo2": 113.5947, "la2": 22.1034, "dx": 0.0042850000000001385, "dy": 0.003753125000000024, "parameterCategory": 2, "parameterCategoryName": "Temperature", "parameterNumber": 3}, "data": [0.88, 0.86, 0.84, 0.63, 0.61, 0.78, 0.75, 0.72, 0.71, 0.66, 0.72, 0.78, 1.29, 1.35, 1.78, 1.89, 2.57, 2.63, 2.67, 2.7, 0.89, 0.87, 0.85, 0.83, 0.62, 0.59, 0.72, 0.65, 0.61, 0.62, 0.72, 0.81, 1.32, 1.38, 1.82, 2.51, 2.6, 2.67, 2.71, 2.74, 0.9, 0.89, 0.87, 0.84, 0.63, 0.6, 0.56, 0.6, 0.41, 0.58, 0.74, 0.86, 1.37, 1.42, 2.38, 2.52, 2.64, 2.73, 2.78, 2.8, 0.92, 0.91, 0.89, 0.87, 0.84, 0.63, 0.59, 0.54, 0.48, 0.64, 0.8, 0.96, 1.43, 1.51, 2.36, 2.56, 2.72, 2.82, 2.86, 2.87, 0.94, 0.93, 0.92, 0.9, 0.88, 0.66, 0.65, 0.63, 0.61, 0.72, 0.85, 1.47, 1.45, 1.51, 2.38, 2.64, 2.85, 2.96, 2.98, 2.95, 0.96, 0.95, 0.95, 0.94, 0.93, 0.91, 0.72, 0.73, 0.72, 0.69, 1.41, 1.5, 1.51, 1.79, 2.47, 2.78, 3.07, 3.19, 3.13, 3.04, 1.33, 0.98, 0.98, 0.99, 0.98, 0.97, 1.03, 0.83, 0.83, 1.14, 1.19, 1.59, 2.0, 1.94, 2.59, 2.92, 3.36, 3.52, 3.15, 2.96, 1.34, 1.34, 1.33, 1.34, 1.33, 1.07, 1.05, 1.03, 1.11, 1.07, 0.86, 1.92, 2.1, 2.03, 2.71, 3.01, 3.38, 3.52, 3.32, 3.18, 1.35, 1.34, 1.34, 1.34, 1.34, 1.33, 1.31, 1.04, 1.05, 1.19, 1.46, 1.82, 1.9, 1.86, 2.62, 2.88, 3.13, 3.23, 3.19, 3.12, 1.51, 1.5, 1.49, 1.35, 1.35, 1.36, 1.35, 1.35, 1.13, 1.08, 1.61, 1.76, 1.82, 1.82, 2.57, 2.78, 2.95, 3.04, 3.06, 3.04, 1.51, 1.5, 1.5, 1.48, 1.45, 1.36, 1.48, 1.54, 1.44, 1.2, 1.4, 1.73, 1.77, 1.78, 2.56, 2.71, 2.84, 2.92, 2.96, 2.97, 1.51, 1.51, 1.5, 1.49, 1.48, 1.47, 1.52, 1.58, 1.61, 1.68, 1.44, 1.98, 1.99, 1.75, 2.58, 2.69, 2.78, 2.65, 2.68, 2.7, 1.52, 1.51, 1.51, 1.51, 1.51, 1.53, 1.56, 1.59, 1.6, 1.58, 1.69, 1.96, 1.98, 2.03, 2.03, 2.42, 2.48, 2.54, 2.58, 2.6, 1.52, 1.52, 1.52, 1.52, 1.53, 1.55, 1.58, 1.58, 1.58, 1.57, 1.68, 1.75, 1.76, 1.77, 2.0, 2.34, 2.39, 2.45, 2.49, 2.53, 1.52, 1.53, 1.53, 1.53, 1.54, 1.55, 1.56, 1.42, 1.38, 1.35, 1.32, 1.4, 1.76, 1.77, 1.78, 2.25, 2.31, 2.36, 2.41, 2.46, 1.53, 1.53, 1.23, 1.24, 1.25, 1.34, 1.33, 1.3, 1.27, 1.25, 1.31, 1.37, 1.44, 1.55, 1.59, 1.7, 1.68, 1.66, 2.16, 2.19, 1.2, 1.2, 1.2, 1.2, 1.27, 1.24, 1.2, 1.15, 1.12, 1.12, 1.24, 1.35, 1.46, 1.57, 1.59, 1.67, 1.63, 1.59, 1.57, 1.55, 1.18, 1.18, 1.17, 1.15, 1.2, 1.16, 1.08, 0.97, 0.92, 1.03, 1.16, 1.32, 1.46, 1.58, 1.77, 1.69, 1.62, 1.58, 1.56, 1.54, 1.17, 1.16, 1.14, 1.19, 1.15, 1.09, 0.99, 0.82, 0.68, 0.92, 1.13, 1.3, 1.36, 1.5, 1.7, 1.65, 1.59, 1.56, 1.54, 1.52, 1.15, 1.14, 1.21, 1.19, 1.15, 1.09, 1.0, 0.87, 0.81, 0.98, 1.15, 1.29, 1.3, 1.4, 1.61, 1.58, 1.55, 1.52, 1.51, 1.5, 1.24, 1.23, 1.22, 1.19, 1.16, 1.12, 1.06, 1.0, 1.03, 1.1, 1.21, 1.3, 1.25, 1.56, 1.54, 1.52, 1.5, 1.48, 1.48, 1.48, 1.25, 1.24, 1.23, 1.21, 1.19, 1.17, 1.15, 0.87, 1.19, 1.23, 1.29, 1.34, 1.57, 1.52, 1.49, 1.47, 1.44, 1.44, 1.45, 1.47, 1.25, 1.25, 1.24, 0.85, 0.87, 0.89, 0.92, 0.96, 1.01, 1.03, 1.01, 1.23, 1.49, 1.49, 1.46, 1.42, 1.38, 1.4, 1.44, 1.45, 0.82, 0.83, 0.84, 0.86, 0.88, 0.92, 0.97, 1.05, 1.15, 1.19, 1.12, 1.16, 1.5, 1.46, 1.42, 1.4, 1.29, 1.41, 1.44, 1.45, 0.82, 0.83, 0.84, 0.86, 0.89, 0.93, 0.99, 1.1, 1.29, 1.46, 1.21, 1.15, 1.08, 1.47, 1.43, 1.41, 1.43, 1.47, 1.45, 1.45, 0.82, 0.83, 0.84, 0.86, 0.88, 0.92, 0.98, 1.08, 1.26, 1.4, 1.22, 1.07, 1.02, 1.47, 1.45, 1.19, 1.26, 1.29, 1.45, 1.46, 0.81, 0.82, 0.83, 0.84, 0.86, 0.88, 0.92, 0.97, 1.02, 1.01, 0.98, 0.92, 0.92, 0.91, 1.02, 1.12, 1.18, 1.21, 1.2, 1.18, 0.81, 0.81, 0.82, 0.82, 0.83, 0.84, 0.84, 0.83, 0.79, 0.74, 0.65, 0.76, 0.88, 0.98, 0.95, 1.04, 1.1, 1.14, 1.15, 1.14, 0.8, 0.8, 0.8, 0.8, 0.8, 0.8, 0.78, 0.73, 0.62, 0.46, 0.26, 0.57, 0.77, 0.91, 0.89, 0.98, 1.04, 1.08, 1.1, 1.1, 0.79, 0.79, 0.79, 0.78, 0.78, 0.76, 0.73, 0.67, 0.68, 0.48, 0.36, 0.55, 0.74, 0.87, 0.84, 0.93, 0.99, 1.03, 1.05, 1.07, 0.78, 0.78, 0.78, 0.77, 0.76, 0.73, 0.7, 0.65, 0.71, 0.61, 0.57, 0.64, 0.76, 0.86, 0.81, 0.89, 0.95, 0.99, 1.02, 1.03, 0.78, 0.77, 0.77, 0.76, 0.74, 0.72, 0.69, 0.81, 0.76, 0.71, 0.69, 0.73, 0.8, 0.87, 0.8, 0.87, 0.92, 0.96, 0.99, 1.01]}, {"header": {"refTime": "2023-09-07T02:00:00.000Z", "nx": 21, "ny": 33, "lo1": 113.509, "la1": 22.2235, "lo2": 113.5947, "la2": 22.1034, "dx": 0.0042850000000001385, "dy": 0.003753125000000024, "parameterCategory": 0, "parameterCategoryName": "Temperature", "parameterNumber": 0}, "data": [[28.52, 28.51, 28.5, 28.29, 28.29, 28.5, 28.48, 28.47, 28.46, 28.3, 28.32, 28.33, 28.41, 28.42, 28.41, 28.39, 28.33, 28.31, 28.3, 28.3], [28.52, 28.51, 28.51, 28.5, 28.29, 28.29, 28.47, 28.44, 28.42, 28.3, 28.32, 28.34, 28.43, 28.43, 28.42, 28.34, 28.32, 28.31, 28.3, 28.29], [28.52, 28.52, 28.51, 28.51, 28.3, 28.3, 28.3, 28.42, 28.33, 28.3, 28.33, 28.37, 28.45, 28.45, 28.38, 28.34, 28.31, 28.3, 28.28, 28.28], [28.53, 28.53, 28.52, 28.52, 28.51, 28.3, 28.3, 28.3, 28.29, 28.3, 28.33, 28.4, 28.51, 28.39, 28.38, 28.34, 28.3, 28.28, 28.27, 28.26], [28.53, 28.53, 28.53, 28.53, 28.52, 28.31, 28.31, 28.31, 28.29, 28.27, 28.32, 28.41, 28.57, 28.42, 28.38, 28.32, 28.27, 28.25, 28.25, 28.25], [28.54, 28.54, 28.54, 28.54, 28.54, 28.54, 28.34, 28.34, 28.31, 28.24, 28.19, 28.32, 28.45, 28.5, 28.35, 28.28, 28.23, 28.21, 28.22, 28.23], [28.64, 28.55, 28.55, 28.55, 28.56, 28.56, 28.45, 28.41, 28.39, 28.17, 28.05, 28.16, 28.36, 28.39, 28.3, 28.25, 28.18, 28.15, 28.21, 28.25], [28.64, 28.64, 28.64, 28.64, 28.64, 28.46, 28.47, 28.52, 28.56, 28.15, 27.91, 28.01, 28.01, 28.4, 28.1, 28.1, 28.1, 28.1, 28.1, 28.1], [28.66, 28.66, 28.64, 28.64, 28.64, 28.64, 28.65, 28.48, 28.41, 28.19, 27.92, 27.96, 27.98, 27.95, 28.1, 28.1, 28.1, 28.1, 28.1, 28.1], [28.6, 28.6, 28.6, 28.65, 28.64, 28.62, 28.63, 28.65, 28.19, 28.24, 27.98, 27.93, 27.95, 27.94, 28.1, 28.1, 28.1, 28.1, 28.1, 28.1], [28.6, 28.6, 28.6, 28.6, 28.6, 28.6, 28.6, 28.6, 28.64, 28.39, 27.8, 27.91, 27.93, 27.93, 28.1, 28.1, 28.1, 28.1, 28.1, 28.1], [28.6, 28.6, 28.6, 28.6, 28.6, 28.6, 28.6, 28.6, 28.6, -999.0, 27.8, 28.1, 28.1, 27.92, 28.1, 28.1, 28.1, 27.53, 27.55, 27.55], [28.6, 28.6, 28.6, 28.6, 28.6, 28.6, 28.6, 28.6, 28.6, 28.6, -999.0, 28.1, 28.1, 27.45, 27.73, 27.74, 27.74, 27.62, 27.64, 27.65], [28.6, 28.6, 28.6, 28.6, 28.6, 28.6, 28.6, 28.6, 28.6, 28.6, -999.0, 27.1, 27.1, 27.1, 27.65, 27.65, 27.67, 27.54, 27.57, 27.59], [28.6, 28.6, 28.6, 28.6, 28.6, 28.6, 28.6, 28.1, 28.1, 28.1, 28.1, 27.72, 27.1, 27.1, 27.1, 27.56, 27.59, 27.47, 27.51, 27.54], [28.6, 28.6, 28.29, 28.28, 28.27, 28.1, 28.1, 28.1, 28.1, 28.1, 27.47, 27.54, 27.45, 27.36, 27.46, 27.32, 27.35, 27.29, 27.52, 27.55], [28.28, 28.28, 28.42, 28.42, 28.1, 28.1, 28.1, 28.1, 28.1, 28.1, 27.67, 27.55, 27.42, 27.3, 27.29, 27.14, 27.15, 27.16, 27.16, 27.17], [28.42, 28.42, 28.41, 28.39, 28.1, 28.1, 28.1, 28.1, 28.1, 27.85, 27.71, 27.56, 27.41, 27.3, 27.13, 27.13, 27.15, 27.16, 27.17, 27.17], [28.41, 28.4, 28.39, 28.1, 28.1, 28.1, 28.1, 28.1, 28.01, 27.91, 27.7, 27.57, 27.48, 27.36, 27.13, 27.15, 27.16, 27.17, 27.18, 27.18], [28.4, 28.4, 27.76, 27.77, 27.8, 27.83, 27.88, 28.0, 27.94, 27.82, 27.7, 27.59, 27.53, 27.45, 27.16, 27.17, 27.18, 27.19, 27.18, 27.18], [27.73, 27.74, 27.75, 27.85, 27.86, 27.88, 27.9, 27.93, 27.8, 27.75, 27.67, 27.59, 27.58, 27.18, 27.19, 27.2, 27.21, 27.2, 27.19, 27.19], [27.82, 27.82, 27.83, 27.83, 27.84, 27.84, 27.85, 27.79, 27.71, 27.68, 27.63, 27.59, 27.42, 27.19, 27.21, 27.23, 27.24, 27.23, 27.2, 27.19], [27.81, 27.81, 27.81, 27.73, 27.73, 27.73, 27.73, 27.72, 27.7, 27.69, 27.68, 27.73, 27.33, 27.2, 27.22, 27.26, 27.31, 27.25, 27.2, 27.18], [27.71, 27.71, 27.71, 27.71, 27.7, 27.7, 27.68, 27.66, 27.63, 27.61, 27.63, 27.55, 27.33, 27.31, 27.29, 27.26, 27.47, 27.18, 27.15, 27.16], [27.7, 27.7, 27.7, 27.69, 27.68, 27.67, 27.65, 27.62, 27.58, 27.54, 27.58, 27.54, 27.56, 27.3, 27.28, 27.25, 27.12, 26.99, 27.11, 27.14], [27.69, 27.69, 27.68, 27.68, 27.66, 27.65, 27.63, 27.6, 27.57, 27.54, 27.52, 27.54, 27.55, 27.3, 27.27, 27.23, 27.17, 27.13, 27.12, 27.14], [27.68, 27.68, 27.67, 27.66, 27.65, 27.64, 27.62, 27.6, 27.58, 27.56, 27.53, 27.54, 27.55, 27.3, 27.27, 27.24, 27.2, 27.19, 27.19, 27.21], [27.68, 27.67, 27.66, 27.65, 27.64, 27.63, 27.61, 27.59, 27.58, 27.52, 27.52, 27.38, 27.33, 27.27, 27.29, 27.26, 27.23, 27.22, 27.22, 27.22], [27.67, 27.66, 27.66, 27.65, 27.64, 27.62, 27.61, 27.59, 27.57, 27.51, 27.47, 27.41, 27.35, 27.29, 27.3, 27.28, 27.25, 27.24, 27.24, 27.24], [27.67, 27.66, 27.65, 27.64, 27.63, 27.62, 27.61, 27.59, 27.41, 27.43, 27.45, 27.4, 27.35, 27.3, 27.31, 27.29, 27.27, 27.26, 27.25, 27.25], [27.66, 27.66, 27.65, 27.64, 27.63, 27.62, 27.61, 27.59, 27.39, 27.4, 27.4, 27.38, 27.34, 27.3, 27.32, 27.3, 27.28, 27.27, 27.26, 27.26], [27.66, 27.65, 27.65, 27.64, 27.63, 27.62, 27.61, 27.37, 27.37, 27.38, 27.37, 27.36, 27.33, 27.3, 27.32, 27.31, 27.29, 27.28, 27.27, 27.27]]}]