gis_exercise/awsData/contour/wdir_2023090114.json
[{"header": {"refTime": "2023-09-01T14:00:00.000Z", "nx": 21, "ny": 33, "lo1": 113.509, "la1": 22.2235, "lo2": 113.5947, "la2": 22.1034, "dx": 0.0042850000000001385, "dy": 0.003753125000000024, "parameterCategory": 2, "parameterCategoryName": "Temperature", "parameterNumber": 2}, "data": [1.03, 0.99, 0.94, 1.51, 1.41, 0.98, 0.84, 0.72, 0.68, 1.06, 1.32, 1.57, 1.44, 1.56, 1.66, 1.73, 2.66, 2.66, 2.66, 2.66, 1.05, 1.02, 0.97, 0.9, 1.42, 1.25, 0.75, 0.48, 0.33, 0.81, 1.27, 1.62, 1.55, 1.66, 1.75, 2.66, 2.66, 2.66, 2.66, 2.66, 1.09, 1.06, 1.02, 0.96, 1.47, 1.3, 1.0, 0.3, -0.42, 0.6, 1.34, 1.78, 1.73, 1.81, 2.65, 2.66, 2.66, 2.66, 2.66, 2.66, 1.12, 1.11, 1.08, 1.03, 0.96, 1.44, 1.21, 0.81, 0.44, 0.97, 1.62, 2.04, 2.01, 2.89, 2.65, 2.66, 2.66, 2.66, 2.66, 2.66, 1.17, 1.16, 1.15, 1.13, 1.09, 1.66, 1.56, 1.44, 1.42, 1.62, 2.02, 2.89, 2.75, 2.86, 2.65, 2.66, 2.66, 2.66, 2.67, 2.66, 1.21, 1.21, 1.22, 1.22, 1.23, 1.25, 1.92, 1.99, 2.09, 2.27, 3.13, 2.96, 2.83, 2.97, 2.65, 2.66, 2.67, 2.67, 2.67, 2.67, 1.99, 1.27, 1.28, 1.31, 1.35, 1.43, 2.7, 2.37, 2.52, 3.25, 3.35, 3.06, 3.01, 3.08, 2.65, 2.66, 2.67, 2.68, 2.93, 3.0, 1.97, 1.97, 1.96, 2.58, 2.58, 2.51, 2.63, 2.74, 2.84, 3.31, 3.67, 3.26, 3.19, 3.23, 3.22, 3.08, 2.91, 2.84, 2.94, 3.0, 1.95, 1.94, 1.93, 1.91, 2.47, 2.49, 2.62, 2.67, 3.32, 3.21, 3.65, 3.56, 3.78, 3.67, 3.31, 3.16, 3.04, 2.98, 3.0, 3.04, 2.4, 2.37, 2.32, 1.86, 1.8, 2.22, 2.51, 2.82, 3.6, 3.65, 3.67, 3.76, 3.95, 3.77, 3.37, 3.24, 3.14, 3.08, 3.07, 3.08, 2.4, 2.36, 2.31, 2.22, 2.05, 1.51, 2.3, 2.88, 3.29, 3.81, 4.23, 3.73, 3.77, 3.74, 3.38, 3.28, 3.2, 3.15, 3.12, 3.12, 2.4, 2.37, 2.33, 2.26, 2.17, 2.14, 2.51, 3.3, 3.69, 3.81, 4.25, 3.86, 3.84, 3.71, 3.36, 3.29, 3.23, 3.16, 3.13, 3.11, 2.41, 2.39, 2.36, 2.32, 2.3, 2.31, 2.42, 3.08, 3.48, 3.19, 3.71, 3.89, 3.85, 3.29, 3.26, 3.23, 3.18, 3.15, 3.12, 3.11, 2.43, 2.41, 2.39, 2.37, 2.36, 2.31, 2.09, 2.64, 2.98, 3.0, 3.62, 3.83, 3.74, 3.66, 3.15, 3.15, 3.12, 3.11, 3.1, 3.09, 2.45, 2.44, 2.42, 2.42, 2.41, 2.39, 2.41, 2.77, 2.96, 3.03, 3.04, 3.17, 3.59, 3.49, 3.42, 3.04, 3.05, 3.06, 3.07, 3.07, 2.46, 2.46, 1.92, 1.93, 1.94, 2.7, 2.71, 2.78, 2.85, 2.91, 3.12, 3.05, 2.97, 2.89, 2.87, 3.62, 3.78, 3.95, 3.66, 3.74, 1.93, 1.94, 1.95, 1.96, 2.75, 2.73, 2.73, 2.74, 2.76, 2.81, 2.99, 2.95, 2.88, 2.78, 2.98, 2.91, 3.04, 3.13, 3.19, 3.23, 1.95, 1.96, 1.98, 2.0, 2.75, 2.73, 2.7, 2.67, 2.66, 2.37, 2.37, 2.88, 2.82, 2.95, 2.61, 2.87, 3.06, 3.17, 3.23, 3.27, 1.97, 1.98, 2.0, 2.77, 2.75, 2.72, 2.67, 2.59, 2.44, 2.4, 2.62, 2.64, 3.24, 3.13, 2.85, 2.99, 3.15, 3.25, 3.3, 3.31, 1.98, 2.0, 2.48, 2.49, 2.49, 2.5, 2.5, 2.5, 2.55, 2.6, 2.65, 2.66, 3.4, 3.43, 3.12, 3.21, 3.31, 3.36, 3.38, 3.37, 2.51, 2.51, 2.52, 2.52, 2.53, 2.54, 2.55, 2.55, 2.65, 2.67, 2.69, 2.7, 3.6, 3.27, 3.34, 3.43, 3.51, 3.51, 3.47, 3.42, 2.53, 2.54, 2.55, 2.56, 2.57, 2.59, 2.61, 2.93, 2.74, 2.75, 2.76, 2.75, 4.02, 3.41, 3.52, 3.67, 3.77, 3.69, 3.54, 3.44, 2.55, 2.56, 2.58, 3.03, 3.03, 3.02, 3.02, 3.03, 3.04, 3.06, 3.07, 3.85, 3.58, 3.5, 3.65, 3.9, 4.22, 3.89, 3.54, 3.42, 3.07, 3.07, 3.07, 3.07, 3.07, 3.07, 3.08, 3.1, 3.12, 3.14, 3.14, 4.13, 3.55, 3.64, 3.77, 3.94, 5.18, 3.51, 3.32, 3.33, 3.09, 3.09, 3.1, 3.1, 3.11, 3.12, 3.13, 3.15, 3.18, 3.19, 3.19, 4.03, 4.33, 3.58, 3.65, 3.66, 3.14, 2.42, 3.08, 3.24, 3.11, 3.11, 3.12, 3.13, 3.14, 3.16, 3.18, 3.19, 3.21, 3.21, 3.71, 3.99, 4.25, 3.52, 3.53, 3.53, 3.26, 3.08, 3.1, 3.21, 3.13, 3.13, 3.14, 3.15, 3.17, 3.19, 3.21, 3.24, 3.26, 3.28, 3.81, 3.98, 4.19, 3.64, 3.59, 3.51, 3.39, 3.31, 3.34, 3.4, 3.14, 3.15, 3.16, 3.18, 3.19, 3.22, 3.25, 3.28, 3.33, 3.8, 3.83, 3.1, 2.9, 2.68, 3.58, 3.53, 3.46, 3.42, 3.42, 3.44, 3.15, 3.16, 3.18, 3.19, 3.21, 3.24, 3.27, 3.32, 3.39, 3.79, 3.52, 3.23, 2.99, 2.77, 3.59, 3.55, 3.51, 3.48, 3.47, 3.48, 3.16, 3.18, 3.19, 3.21, 3.23, 3.26, 3.29, 3.34, 3.2, 3.34, 3.43, 3.23, 3.01, 2.82, 3.59, 3.56, 3.54, 3.52, 3.51, 3.51, 3.17, 3.19, 3.2, 3.22, 3.24, 3.26, 3.3, 3.34, 3.15, 3.21, 3.23, 3.13, 2.98, 2.83, 3.6, 3.58, 3.56, 3.54, 3.54, 3.53, 3.18, 3.19, 3.21, 3.22, 3.24, 3.27, 3.29, 3.04, 3.08, 3.11, 3.1, 3.03, 2.93, 2.82, 3.6, 3.59, 3.57, 3.56, 3.55, 3.55]}, {"header": {"refTime": "2023-09-01T14:00:00.000Z", "nx": 21, "ny": 33, "lo1": 113.509, "la1": 22.2235, "lo2": 113.5947, "la2": 22.1034, "dx": 0.0042850000000001385, "dy": 0.003753125000000024, "parameterCategory": 2, "parameterCategoryName": "Temperature", "parameterNumber": 3}, "data": [-4.54, -4.5, -4.44, -3.51, -3.51, -2.83, -2.86, -2.88, -2.85, -2.69, -2.54, -2.38, -2.8, -2.78, -3.61, -3.84, -4.64, -4.82, -4.95, -5.04, -4.57, -4.53, -4.47, -4.4, -3.51, -3.51, -2.92, -2.99, -3.01, -2.8, -2.54, -2.31, -2.68, -2.66, -3.54, -4.43, -4.71, -4.92, -5.07, -5.16, -4.61, -4.57, -4.51, -4.44, -3.52, -3.51, -3.5, -3.08, -3.34, -2.89, -2.49, -2.16, -2.47, -2.49, -4.02, -4.46, -4.83, -5.09, -5.25, -5.32, -4.66, -4.63, -4.57, -4.5, -4.4, -3.52, -3.51, -3.49, -3.47, -2.76, -2.35, -1.9, -2.08, -2.26, -3.93, -4.57, -5.06, -5.36, -5.5, -5.52, -4.72, -4.7, -4.65, -4.59, -4.49, -3.53, -3.53, -3.52, -3.51, -2.59, -2.23, -2.07, -1.21, -2.09, -3.99, -4.83, -5.45, -5.79, -5.84, -5.77, -4.8, -4.78, -4.75, -4.7, -4.62, -4.49, -3.55, -3.55, -3.54, -3.52, -3.01, -2.56, -1.95, -3.37, -4.31, -5.25, -6.09, -6.44, -6.27, -6.02, -5.49, -4.88, -4.88, -4.85, -4.78, -4.65, -4.43, -3.59, -3.59, -3.95, -4.03, -3.53, -4.48, -4.45, -4.77, -5.7, -6.92, -7.38, -7.04, -6.7, -5.53, -5.54, -5.54, -6.29, -6.19, -4.83, -4.54, -4.12, -3.8, -3.87, -3.7, -5.52, -5.87, -5.34, -7.31, -7.58, -7.9, -8.01, -7.84, -7.73, -5.57, -5.6, -5.63, -5.67, -6.38, -6.27, -5.99, -4.4, -4.48, -3.99, -5.23, -6.03, -6.85, -6.46, -7.35, -7.52, -7.71, -7.79, -7.75, -7.68, -6.94, -6.94, -6.94, -5.81, -5.96, -6.59, -6.47, -6.29, -5.26, -5.06, -5.74, -6.38, -7.1, -6.6, -7.39, -7.48, -7.58, -7.65, -7.65, -7.63, -6.93, -6.92, -6.91, -6.91, -6.9, -6.85, -7.05, -7.36, -7.01, -5.84, -6.88, -6.24, -6.47, -6.41, -7.4, -7.45, -7.52, -7.56, -7.58, -7.58, -6.91, -6.9, -6.88, -6.87, -6.85, -6.86, -7.01, -7.63, -7.98, -7.83, -7.13, -7.57, -7.51, -6.24, -7.4, -7.43, -7.47, -7.39, -7.39, -7.38, -6.9, -6.88, -6.86, -6.82, -6.76, -6.64, -6.56, -7.3, -7.74, -7.49, -7.67, -7.63, -7.55, -6.52, -6.46, -7.19, -7.2, -7.21, -7.23, -7.25, -6.89, -6.87, -6.83, -6.78, -6.69, -6.46, -5.91, -6.76, -7.21, -7.28, -7.57, -7.47, -7.29, -7.15, -6.28, -6.94, -6.98, -7.02, -7.07, -7.11, -6.88, -6.86, -6.83, -6.78, -6.69, -6.57, -6.51, -6.55, -6.76, -6.83, -6.83, -6.59, -7.04, -6.85, -6.74, -6.65, -6.73, -6.83, -6.91, -6.98, -6.88, -6.86, -6.05, -6.02, -5.99, -6.43, -6.43, -6.5, -6.58, -6.64, -6.54, -6.39, -6.2, -5.93, -5.87, -6.03, -6.13, -6.22, -6.36, -6.44, -6.06, -6.05, -6.03, -6.01, -6.45, -6.42, -6.4, -6.39, -6.4, -6.46, -6.35, -6.22, -6.02, -5.78, -5.43, -5.56, -5.68, -5.78, -5.85, -5.9, -6.05, -6.03, -6.02, -6.0, -6.42, -6.38, -6.31, -6.22, -6.19, -5.64, -5.57, -6.11, -5.92, -5.43, -5.25, -5.52, -5.7, -5.81, -5.88, -5.93, -6.04, -6.02, -6.01, -6.44, -6.4, -6.33, -6.24, -6.07, -5.76, -5.67, -4.97, -4.87, -5.61, -5.51, -5.5, -5.62, -5.77, -5.87, -5.93, -5.97, -6.03, -6.02, -4.76, -4.79, -4.84, -4.92, -5.05, -5.26, -5.35, -5.08, -4.86, -4.76, -5.68, -5.63, -5.73, -5.8, -5.89, -5.96, -6.0, -6.02, -4.65, -4.66, -4.67, -4.68, -4.71, -4.75, -4.82, -4.91, -4.87, -4.75, -4.63, -4.58, -5.75, -5.87, -5.9, -5.96, -6.03, -6.06, -6.08, -6.08, -4.58, -4.58, -4.57, -4.57, -4.56, -4.55, -4.54, -4.29, -4.42, -4.35, -4.32, -4.34, -4.65, -5.98, -6.03, -6.1, -6.16, -6.17, -6.16, -6.13, -4.52, -4.5, -4.48, -4.11, -4.09, -4.06, -4.01, -3.92, -3.8, -3.73, -3.74, -4.41, -4.85, -6.06, -6.13, -6.21, -6.28, -6.27, -6.22, -6.18, -4.07, -4.06, -4.04, -4.02, -3.97, -3.9, -3.78, -3.6, -3.38, -3.26, -3.4, -3.78, -4.76, -5.21, -5.61, -6.27, -6.41, -6.31, -6.25, -6.2, -4.04, -4.02, -3.99, -3.94, -3.88, -3.78, -3.63, -3.39, -3.0, -2.67, -3.13, -3.68, -4.09, -5.16, -5.57, -5.9, -6.29, -6.27, -6.25, -6.21, -4.0, -3.98, -3.94, -3.9, -3.83, -3.73, -3.58, -3.36, -3.0, -2.73, -3.25, -3.7, -4.06, -5.08, -5.46, -6.05, -6.14, -6.15, -6.23, -6.2, -3.98, -3.95, -3.92, -3.87, -3.8, -3.72, -3.61, -3.47, -3.33, -3.3, -3.57, -3.82, -4.07, -5.61, -5.79, -5.93, -6.02, -6.05, -6.05, -6.03, -3.96, -3.93, -3.9, -3.86, -3.8, -3.74, -3.68, -3.62, -3.61, -3.77, -3.89, -3.94, -4.06, -4.23, -5.67, -5.81, -5.9, -5.95, -5.97, -5.97, -3.95, -3.92, -3.89, -3.86, -3.82, -3.78, -3.75, -3.74, -3.79, -4.01, -4.13, -4.05, -4.1, -4.22, -5.57, -5.71, -5.8, -5.86, -5.89, -5.91, -3.94, -3.92, -3.89, -3.87, -3.84, -3.81, -3.8, -3.81, -3.93, -4.04, -4.11, -4.09, -4.12, -4.21, -5.49, -5.63, -5.72, -5.79, -5.83, -5.85, -3.94, -3.92, -3.9, -3.88, -3.86, -3.84, -3.84, -3.85, -3.96, -4.02, -4.07, -4.09, -4.14, -4.21, -5.45, -5.57, -5.66, -5.73, -5.77, -5.8, -3.94, -3.92, -3.9, -3.89, -3.87, -3.86, -3.86, -3.95, -3.99, -4.03, -4.07, -4.1, -4.15, -4.21, -5.43, -5.53, -5.62, -5.68, -5.72, -5.76]}, {"header": {"refTime": "2023-09-01T14:00:00.000Z", "nx": 21, "ny": 33, "lo1": 113.509, "la1": 22.2235, "lo2": 113.5947, "la2": 22.1034, "dx": 0.0042850000000001385, "dy": 0.003753125000000024, "parameterCategory": 0, "parameterCategoryName": "Temperature", "parameterNumber": 0}, "data": [[29.92, 29.91, 29.9, 29.64, 29.65, 29.89, 29.89, 29.89, 29.89, 29.83, 29.85, 29.87, 30.17, 30.19, 30.06, 30.06, 30.25, 30.24, 30.23, 30.23], [29.92, 29.92, 29.91, 29.9, 29.65, 29.66, 29.88, 29.87, 29.86, 29.83, 29.85, 29.88, 30.18, 30.2, 30.08, 30.25, 30.24, 30.23, 30.23, 30.22], [29.93, 29.92, 29.91, 29.9, 29.65, 29.66, 29.68, 29.85, 29.82, 29.82, 29.86, 29.91, 30.21, 30.22, 30.27, 30.25, 30.23, 30.22, 30.21, 30.21], [29.93, 29.93, 29.92, 29.91, 29.9, 29.65, 29.67, 29.69, 29.72, 29.82, 29.87, 29.96, 30.24, 30.15, 30.27, 30.24, 30.22, 30.2, 30.2, 30.2], [29.94, 29.94, 29.93, 29.92, 29.91, 29.64, 29.65, 29.65, 29.65, 29.8, 29.86, 30.14, 30.24, 30.17, 30.27, 30.23, 30.2, 30.18, 30.18, 30.18], [29.95, 29.95, 29.95, 29.94, 29.92, 29.9, 29.63, 29.63, 29.61, 29.57, 29.97, 30.1, 30.19, 30.37, 30.27, 30.21, 30.16, 30.13, 30.15, 30.17], [30.03, 29.97, 29.96, 29.96, 29.94, 29.92, 29.75, 29.62, 29.6, 29.67, 29.68, 30.05, 30.41, 30.4, 30.27, 30.19, 30.1, 30.07, 30.06, 30.07], [30.04, 30.05, 30.05, 30.04, 30.03, 29.84, 29.78, 29.72, 29.7, 29.63, 29.47, 30.13, 30.14, 30.4, 30.19, 30.24, 30.13, 30.09, 30.15, 30.2], [29.96, 29.97, 30.07, 30.08, 30.08, 30.06, 29.99, 29.76, 29.57, 29.7, 29.76, 29.94, 30.02, 29.91, 30.2, 30.26, 30.2, 30.17, 30.19, 30.21], [30.3, 30.3, 30.3, 30.02, 30.06, 30.16, 30.09, 29.99, 29.47, 29.49, 30.03, 29.83, 29.89, 29.86, 30.2, 30.28, 30.24, 30.22, 30.22, 30.23], [30.3, 30.3, 30.3, 30.3, 30.3, 30.3, 30.3, 30.3, 30.09, 29.56, 29.3, 29.76, 29.81, 29.81, 30.19, 30.3, 30.27, 30.25, 30.25, 30.25], [30.3, 30.3, 30.3, 30.3, 30.3, 30.3, 30.3, 30.3, 30.3, -999.0, 29.3, 30.5, 30.5, 29.78, 30.19, 30.31, 30.3, 29.2, 29.22, 29.23], [30.3, 30.3, 30.3, 30.3, 30.3, 30.3, 30.3, 30.3, 30.3, 30.3, -999.0, 30.5, 30.5, 29.26, 29.81, 29.49, 29.5, 29.33, 29.35, 29.37], [30.3, 30.3, 30.3, 30.3, 30.3, 30.3, 30.3, 30.3, 30.3, 30.3, -999.0, 28.6, 28.6, 28.6, 29.64, 29.37, 29.4, 29.22, 29.26, 29.29], [30.3, 30.3, 30.3, 30.3, 30.3, 30.3, 30.3, 30.2, 30.2, 30.2, 30.2, 29.59, 28.6, 28.6, 28.6, 29.24, 29.28, 29.12, 29.17, 29.21], [30.3, 30.3, 30.24, 30.24, 30.23, 30.2, 30.2, 30.2, 30.2, 30.2, 29.19, 29.31, 29.15, 29.02, 29.17, 29.04, 29.11, 28.99, 29.29, 29.34], [30.24, 30.24, 30.26, 30.26, 30.2, 30.2, 30.2, 30.2, 30.2, 30.2, 29.51, 29.31, 29.1, 28.91, 28.92, 28.84, 28.93, 29.0, 29.04, 29.07], [30.26, 30.26, 30.26, 30.26, 30.2, 30.2, 30.2, 30.2, 30.2, 29.79, 29.58, 29.34, 29.09, 28.94, 28.65, 28.82, 28.94, 29.02, 29.07, 29.1], [30.26, 30.26, 30.26, 30.2, 30.2, 30.2, 30.2, 30.2, 30.06, 29.89, 29.76, 29.56, 29.26, 29.05, 28.8, 28.89, 28.99, 29.06, 29.1, 29.13], [30.26, 30.26, 30.26, 30.25, 30.25, 30.25, 30.24, 30.22, 30.06, 29.94, 29.79, 29.62, 29.35, 29.22, 28.96, 29.01, 29.08, 29.13, 29.15, 29.16], [30.26, 30.26, 30.26, 30.24, 30.24, 30.24, 30.23, 30.23, 29.98, 29.91, 29.81, 29.69, 29.43, 29.06, 29.09, 29.14, 29.18, 29.2, 29.21, 29.2], [30.25, 30.25, 30.25, 30.24, 30.24, 30.24, 30.24, 30.23, 29.96, 29.92, 29.85, 29.76, 29.54, 29.14, 29.19, 29.24, 29.29, 29.29, 29.26, 29.24], [30.25, 30.25, 30.25, 30.24, 30.24, 30.24, 30.24, 30.24, 30.25, 30.25, 30.25, 30.14, 29.75, 29.2, 29.26, 29.33, 29.41, 29.36, 29.29, 29.26], [30.24, 30.24, 30.24, 30.24, 30.24, 30.24, 30.25, 30.25, 30.26, 30.26, 30.26, 30.15, 29.77, 29.67, 29.6, 29.37, 29.59, 29.35, 29.29, 29.26], [30.24, 30.24, 30.24, 30.24, 30.24, 30.24, 30.25, 30.26, 30.27, 30.28, 30.27, 30.17, 30.12, 29.68, 29.59, 29.51, 29.29, 29.2, 29.26, 29.26], [30.24, 30.24, 30.24, 30.24, 30.24, 30.24, 30.25, 30.26, 30.27, 30.28, 30.21, 30.17, 30.13, 29.68, 29.6, 29.51, 29.43, 29.4, 29.25, 29.25], [30.24, 30.24, 30.24, 30.24, 30.24, 30.24, 30.25, 30.25, 30.25, 30.26, 30.2, 30.17, 30.14, 29.68, 29.61, 29.55, 29.49, 29.47, 29.48, 29.49], [30.24, 30.24, 30.24, 30.24, 30.24, 30.24, 30.24, 30.24, 30.24, 30.19, 30.19, 30.05, 29.97, 29.88, 29.65, 29.59, 29.55, 29.52, 29.52, 29.52], [30.24, 30.24, 30.24, 30.24, 30.24, 30.24, 30.24, 30.24, 30.23, 30.19, 30.16, 30.08, 29.99, 29.91, 29.69, 29.63, 29.59, 29.57, 29.55, 29.55], [30.24, 30.24, 30.24, 30.24, 30.24, 30.24, 30.24, 30.23, 30.09, 30.12, 30.13, 30.07, 30.0, 29.92, 29.72, 29.67, 29.63, 29.6, 29.58, 29.58], [30.24, 30.24, 30.24, 30.24, 30.24, 30.24, 30.23, 30.23, 30.06, 30.08, 30.07, 30.04, 29.99, 29.93, 29.74, 29.69, 29.65, 29.63, 29.61, 29.6], [30.24, 30.24, 30.24, 30.24, 30.23, 30.23, 30.23, 30.03, 30.04, 30.04, 30.03, 30.01, 29.97, 29.93, 29.74, 29.7, 29.67, 29.65, 29.63, 29.62]]}]