gis_exercise/awsData/contour/wdir_2023090613.json
[{"header": {"refTime": "2023-09-06T13:00:00.000Z", "nx": 21, "ny": 33, "lo1": 113.509, "la1": 22.2235, "lo2": 113.5947, "la2": 22.1034, "dx": 0.0042850000000001385, "dy": 0.003753125000000024, "parameterCategory": 2, "parameterCategoryName": "Temperature", "parameterNumber": 2}, "data": [-2.33, -2.33, -2.33, -2.2, -2.21, -2.62, -2.61, -2.61, -2.62, -2.56, -2.61, -2.66, -2.8, -2.82, -3.23, -3.26, -3.23, -3.23, -3.24, -3.24, -2.32, -2.33, -2.33, -2.33, -2.21, -2.23, -2.59, -2.56, -2.55, -2.54, -2.62, -2.69, -2.84, -2.86, -3.26, -3.23, -3.24, -3.25, -3.25, -3.25, -2.32, -2.32, -2.33, -2.33, -2.21, -2.22, -2.25, -2.53, -2.43, -2.51, -2.63, -2.75, -2.91, -2.92, -3.23, -3.24, -3.26, -3.27, -3.27, -3.27, -2.32, -2.32, -2.32, -2.33, -2.33, -2.21, -2.23, -2.26, -2.29, -2.53, -2.67, -2.86, -3.05, -2.88, -3.24, -3.25, -3.28, -3.3, -3.3, -3.3, -2.32, -2.32, -2.32, -2.32, -2.32, -2.2, -2.21, -2.22, -2.21, -2.54, -2.68, -2.93, -3.26, -2.95, -3.23, -3.27, -3.31, -3.34, -3.34, -3.32, -2.32, -2.32, -2.32, -2.32, -2.32, -2.32, -2.19, -2.18, -2.16, -2.12, -2.5, -2.75, -3.01, -3.3, -3.2, -3.28, -3.38, -3.42, -3.39, -3.35, -3.14, -2.32, -2.32, -2.31, -2.31, -2.31, -2.16, -2.18, -2.16, -2.04, -1.99, -2.42, -3.09, -3.21, -3.15, -3.29, -3.48, -3.55, -3.74, -3.75, -3.16, -3.12, -3.07, -2.88, -2.85, -2.17, -2.17, -2.19, -2.21, -2.02, -1.88, -2.46, -2.6, -3.21, -3.35, -3.45, -3.56, -3.6, -3.54, -3.5, -3.18, -3.14, -3.09, -3.03, -2.83, -2.82, -2.83, -2.17, -2.56, -2.05, -2.52, -2.85, -3.34, -3.1, -3.41, -3.45, -3.5, -3.53, -3.51, -3.49, -3.87, -3.81, -3.73, -3.04, -2.91, -2.73, -2.88, -3.04, -2.94, -2.81, -2.77, -3.11, -3.54, -3.21, -3.45, -3.45, -3.47, -3.48, -3.48, -3.47, -3.89, -3.84, -3.76, -3.61, -3.29, -2.38, -3.51, -4.05, -3.53, -3.23, -3.64, -3.03, -3.16, -3.11, -3.46, -3.45, -3.45, -3.46, -3.46, -3.46, -3.92, -3.89, -3.83, -3.75, -3.6, -3.52, -3.95, -4.36, -4.49, -4.72, -3.79, -3.78, -3.73, -3.02, -3.45, -3.44, -3.44, -3.12, -3.11, -3.09, -3.97, -3.95, -3.94, -3.94, -3.99, -4.22, -4.55, -4.52, -4.51, -4.4, -4.71, -3.84, -3.77, -2.67, -2.6, -2.98, -2.96, -2.96, -2.97, -2.98, -4.01, -4.02, -4.04, -4.09, -4.22, -4.52, -5.05, -4.63, -4.48, -4.4, -4.74, -3.45, -3.27, -3.11, -2.38, -2.73, -2.75, -2.79, -2.82, -2.86, -4.06, -4.07, -4.11, -4.18, -4.3, -4.48, -4.62, -4.02, -3.74, -3.53, -3.38, -1.89, -2.99, -2.8, -2.67, -2.44, -2.51, -2.6, -2.67, -2.74, -4.09, -4.11, -2.74, -2.82, -2.91, -3.6, -3.55, -3.37, -3.16, -3.04, -1.69, -1.62, -1.53, -1.36, -1.36, -1.99, -2.11, -2.22, -2.21, -2.29, -2.55, -2.57, -2.59, -2.59, -3.2, -3.08, -2.86, -2.57, -2.38, -2.4, -1.35, -1.39, -1.36, -1.28, -1.05, -1.57, -1.77, -1.92, -2.03, -2.11, -2.47, -2.46, -2.43, -2.38, -2.86, -2.61, -2.2, -1.64, -1.35, -0.99, -1.21, -1.21, -1.24, -1.02, -1.03, -1.51, -1.79, -1.97, -2.08, -2.16, -2.39, -2.35, -2.29, -2.8, -2.59, -2.26, -1.72, -0.83, 0.09, -0.62, -0.48, -0.68, -0.95, -1.05, -1.47, -1.67, -1.9, -2.06, -2.16, -2.22, -2.31, -2.26, -2.17, -2.05, -1.88, -1.62, -1.23, -0.69, 0.01, -0.28, -0.55, -0.73, -0.99, -1.12, -1.83, -1.95, -2.09, -2.2, -2.27, -2.31, -2.24, -2.18, -2.1, -1.99, -1.84, -1.63, -1.38, -1.12, -0.42, -0.55, -0.7, -0.82, -1.06, -2.06, -2.11, -2.2, -2.3, -2.36, -2.39, -2.4, -2.19, -2.14, -2.06, -1.97, -1.85, -1.71, -1.57, -0.86, -0.78, -0.85, -0.92, -0.96, -2.0, -2.24, -2.31, -2.41, -2.5, -2.53, -2.51, -2.49, -2.16, -2.11, -2.05, -1.07, -1.07, -1.08, -1.11, -1.17, -1.25, -1.31, -1.32, -1.61, -2.65, -2.36, -2.46, -2.57, -2.67, -2.67, -2.62, -2.56, -1.13, -1.14, -1.14, -1.16, -1.18, -1.23, -1.3, -1.42, -1.56, -1.64, -1.57, -2.26, -2.63, -2.7, -2.76, -2.66, -2.8, -2.78, -2.69, -2.61, -1.17, -1.19, -1.2, -1.23, -1.27, -1.34, -1.44, -1.59, -1.82, -2.01, -1.77, -2.23, -2.27, -2.7, -2.76, -2.81, -2.78, -2.82, -2.71, -2.63, -1.21, -1.23, -1.25, -1.29, -1.34, -1.41, -1.51, -1.65, -1.85, -2.01, -2.18, -2.18, -2.22, -2.69, -2.74, -2.7, -2.76, -2.78, -2.68, -2.62, -1.24, -1.26, -1.29, -1.33, -1.38, -1.45, -1.53, -1.63, -1.73, -1.77, -2.1, -2.12, -2.17, -2.45, -2.56, -2.64, -2.69, -2.71, -2.71, -2.7, -1.26, -1.29, -1.32, -1.36, -1.41, -1.46, -1.53, -1.6, -1.65, -2.0, -1.97, -2.04, -2.13, -2.22, -2.49, -2.57, -2.62, -2.65, -2.66, -2.66, -1.28, -1.31, -1.34, -1.38, -1.42, -1.47, -1.52, -1.57, -1.61, -1.88, -1.78, -1.95, -2.07, -2.17, -2.43, -2.51, -2.57, -2.6, -2.62, -2.62, -1.3, -1.32, -1.35, -1.39, -1.42, -1.47, -1.51, -1.55, -1.99, -1.89, -1.83, -1.95, -2.06, -2.15, -2.39, -2.47, -2.52, -2.56, -2.58, -2.59, -1.31, -1.33, -1.36, -1.39, -1.42, -1.46, -1.5, -1.53, -2.01, -1.96, -1.95, -2.0, -2.07, -2.14, -2.37, -2.43, -2.49, -2.52, -2.55, -2.56, -1.32, -1.34, -1.36, -1.39, -1.42, -1.45, -1.48, -2.07, -2.04, -2.02, -2.02, -2.05, -2.1, -2.15, -2.36, -2.41, -2.46, -2.5, -2.52, -2.54]}, {"header": {"refTime": "2023-09-06T13:00:00.000Z", "nx": 21, "ny": 33, "lo1": 113.509, "la1": 22.2235, "lo2": 113.5947, "la2": 22.1034, "dx": 0.0042850000000001385, "dy": 0.003753125000000024, "parameterCategory": 2, "parameterCategoryName": "Temperature", "parameterNumber": 3}, "data": [0.17, 0.17, 0.18, 0.16, 0.16, 0.03, 0.03, 0.04, 0.03, -0.1, -0.16, -0.22, -0.5, -0.54, -0.51, -0.54, -0.92, -0.93, -0.93, -0.93, 0.17, 0.17, 0.18, 0.18, 0.16, 0.17, 0.05, 0.07, 0.08, -0.06, -0.16, -0.24, -0.53, -0.57, -0.54, -0.92, -0.92, -0.93, -0.93, -0.93, 0.17, 0.17, 0.17, 0.18, 0.16, 0.17, 0.17, 0.1, 0.18, -0.02, -0.18, -0.29, -0.58, -0.61, -0.91, -0.92, -0.92, -0.93, -0.93, -0.93, 0.16, 0.16, 0.17, 0.18, 0.18, 0.17, 0.17, 0.18, 0.18, -0.08, -0.23, -0.37, -0.65, -0.73, -0.9, -0.92, -0.92, -0.93, -0.93, -0.93, 0.16, 0.16, 0.16, 0.17, 0.18, 0.17, 0.17, 0.17, 0.16, -0.17, -0.29, -0.71, -0.74, -0.74, -0.9, -0.92, -0.93, -0.93, -0.93, -0.93, 0.15, 0.15, 0.16, 0.16, 0.17, 0.19, 0.18, 0.18, 0.16, 0.12, -0.64, -0.71, -0.75, -0.76, -0.92, -0.93, -0.93, -0.93, -0.93, -0.93, 0.21, 0.14, 0.14, 0.15, 0.16, 0.18, 0.12, 0.21, 0.19, -0.18, -0.32, -0.72, -0.82, -0.77, -0.94, -0.94, -0.93, -0.93, -0.79, -0.75, 0.21, 0.2, 0.2, 0.14, 0.15, 0.08, 0.12, 0.2, 0.21, -0.15, -0.24, -0.75, -0.81, -0.74, -0.77, -0.8, -0.86, -0.88, -0.85, -0.83, 0.21, 0.2, 0.19, 0.17, 0.12, 0.13, 0.17, 0.14, 0.2, -0.19, -0.46, -0.58, -0.49, -0.54, -0.73, -0.77, -0.81, -0.83, -0.83, -0.82, 0.18, 0.17, 0.15, 0.16, 0.12, 0.06, 0.12, 0.18, 0.18, 0.14, -0.48, -0.47, -0.39, -0.48, -0.69, -0.75, -0.78, -0.8, -0.81, -0.8, 0.18, 0.17, 0.16, 0.13, 0.08, -0.07, 0.11, 0.19, 0.2, 0.17, -0.05, -0.48, -0.47, -0.49, -0.69, -0.73, -0.76, -0.78, -0.79, -0.79, 0.19, 0.18, 0.17, 0.16, 0.13, 0.12, 0.19, 0.23, 0.24, 0.2, -0.01, -0.35, -0.39, -0.5, -0.7, -0.73, -0.75, -0.67, -0.68, -0.69, 0.19, 0.19, 0.19, 0.19, 0.2, 0.24, 0.3, 0.27, 0.25, 0.24, 0.17, -0.31, -0.36, -0.67, -0.68, -0.63, -0.65, -0.66, -0.67, -0.68, 0.2, 0.2, 0.21, 0.22, 0.24, 0.3, 0.41, 0.31, 0.27, 0.25, 0.19, -0.21, -0.27, -0.32, -0.71, -0.65, -0.66, -0.67, -0.67, -0.68, 0.21, 0.21, 0.22, 0.23, 0.26, 0.29, 0.32, -0.06, -0.17, -0.26, -0.32, -0.76, -0.33, -0.38, -0.42, -0.67, -0.68, -0.68, -0.68, -0.68, 0.21, 0.22, -0.38, -0.36, -0.34, -0.24, -0.26, -0.33, -0.42, -0.47, -0.87, -0.86, -0.85, -0.92, -0.9, -0.31, -0.23, -0.15, -0.27, -0.23, -0.45, -0.45, -0.46, -0.47, -0.41, -0.46, -0.55, -0.67, -0.75, -0.74, -1.02, -0.94, -0.89, -0.85, -0.71, -0.51, -0.41, -0.33, -0.27, -0.24, -0.5, -0.51, -0.53, -0.57, -0.55, -0.66, -0.83, -1.06, -1.19, -1.23, -1.09, -1.02, -0.93, -0.73, -0.78, -0.54, -0.39, -0.3, -0.25, -0.21, -0.54, -0.57, -0.6, -0.58, -0.66, -0.8, -1.03, -1.41, -1.77, -1.41, -1.17, -1.01, -0.74, -0.68, -0.56, -0.45, -0.33, -0.25, -0.2, -0.18, -0.58, -0.61, -0.51, -0.57, -0.65, -0.79, -0.99, -1.29, -1.58, -1.34, -1.11, -0.97, -0.68, -0.58, -0.36, -0.29, -0.21, -0.16, -0.14, -0.13, -0.44, -0.47, -0.5, -0.55, -0.63, -0.72, -0.85, -0.99, -1.21, -1.1, -0.97, -0.88, -0.59, -0.24, -0.2, -0.14, -0.08, -0.06, -0.07, -0.09, -0.43, -0.46, -0.48, -0.52, -0.57, -0.62, -0.67, -0.74, -0.89, -0.83, -0.78, -0.75, 0.26, -0.13, -0.07, 0.02, 0.08, 0.05, -0.01, -0.06, -0.42, -0.44, -0.46, -0.53, -0.53, -0.53, -0.51, -0.46, -0.4, -0.34, -0.33, -0.05, 0.28, -0.07, 0.02, 0.15, 0.3, 0.17, 0.02, -0.05, -0.47, -0.46, -0.46, -0.45, -0.43, -0.39, -0.33, -0.24, -0.12, -0.05, -0.1, 0.59, 0.28, 0.27, 0.27, 0.19, 0.72, 0.05, -0.05, -0.07, -0.43, -0.42, -0.4, -0.38, -0.34, -0.29, -0.21, -0.08, 0.1, 0.25, 0.07, 0.56, 0.63, 0.25, 0.23, 0.19, -0.1, -0.38, -0.14, -0.1, -0.39, -0.37, -0.35, -0.32, -0.28, -0.22, -0.14, -0.02, 0.14, 0.26, 0.49, 0.53, 0.6, 0.23, 0.19, 0.1, -0.01, -0.08, -0.14, -0.11, -0.36, -0.34, -0.31, -0.28, -0.23, -0.17, -0.1, -0.01, 0.07, 0.11, 0.46, 0.5, 0.56, 0.16, 0.13, 0.09, 0.04, 0.01, 0.02, 0.05, -0.33, -0.31, -0.28, -0.25, -0.2, -0.15, -0.08, -0.02, 0.05, 0.41, 0.4, 0.11, 0.03, -0.07, 0.14, 0.11, 0.08, 0.06, 0.06, 0.07, -0.31, -0.29, -0.26, -0.22, -0.18, -0.13, -0.08, -0.02, 0.05, 0.35, 0.21, 0.13, 0.05, -0.04, 0.14, 0.12, 0.1, 0.09, 0.08, 0.09, -0.3, -0.27, -0.24, -0.21, -0.17, -0.13, -0.08, -0.02, 0.14, 0.17, 0.18, 0.12, 0.05, -0.02, 0.15, 0.13, 0.12, 0.1, 0.1, 0.1, -0.28, -0.26, -0.23, -0.2, -0.17, -0.13, -0.09, -0.04, 0.12, 0.13, 0.13, 0.09, 0.04, -0.02, 0.15, 0.14, 0.13, 0.12, 0.11, 0.11, -0.27, -0.25, -0.23, -0.2, -0.17, -0.13, -0.1, 0.09, 0.1, 0.1, 0.09, 0.06, 0.02, -0.02, 0.15, 0.14, 0.13, 0.13, 0.12, 0.12]}, {"header": {"refTime": "2023-09-06T13:00:00.000Z", "nx": 21, "ny": 33, "lo1": 113.509, "la1": 22.2235, "lo2": 113.5947, "la2": 22.1034, "dx": 0.0042850000000001385, "dy": 0.003753125000000024, "parameterCategory": 0, "parameterCategoryName": "Temperature", "parameterNumber": 0}, "data": [[31.16, 31.15, 31.15, 31.01, 31.02, 31.07, 31.08, 31.08, 31.08, 31.11, 31.11, 31.11, 31.31, 31.32, 30.97, 30.95, 31.11, 31.09, 31.08, 31.07], [31.16, 31.15, 31.15, 31.14, 31.02, 31.03, 31.08, 31.08, 31.09, 31.11, 31.11, 31.12, 31.31, 31.32, 30.97, 31.13, 31.1, 31.08, 31.06, 31.05], [31.16, 31.16, 31.15, 31.14, 31.02, 31.02, 31.03, 31.08, 31.1, 31.1, 31.11, 31.12, 31.31, 31.32, 31.16, 31.12, 31.08, 31.05, 31.03, 31.03], [31.17, 31.16, 31.16, 31.15, 31.14, 31.02, 31.03, 31.04, 31.06, 31.1, 31.11, 31.13, 31.3, 31.3, 31.16, 31.1, 31.04, 31.01, 30.99, 31.0], [31.18, 31.17, 31.17, 31.16, 31.14, 31.0, 31.01, 31.01, 31.02, 31.1, 31.11, 31.28, 31.24, 31.29, 31.16, 31.07, 30.99, 30.94, 30.94, 30.96], [31.18, 31.18, 31.18, 31.17, 31.15, 31.13, 30.99, 30.99, 30.99, 30.99, 31.29, 31.3, 31.29, 31.4, 31.16, 31.03, 30.89, 30.84, 30.87, 30.92], [31.23, 31.19, 31.19, 31.19, 31.17, 31.14, 31.08, 30.96, 30.96, 31.12, 31.18, 31.38, 31.54, 31.51, 31.16, 30.98, 30.75, 30.67, 30.63, 30.67], [31.24, 31.25, 31.25, 31.24, 31.23, 31.15, 31.09, 31.01, 30.96, 31.1, 31.09, 31.55, 31.56, 31.5, 30.98, 31.12, 30.84, 30.74, 30.9, 31.01], [31.16, 31.17, 31.27, 31.28, 31.28, 31.26, 31.19, 31.06, 30.93, 31.13, 31.31, 31.43, 31.48, 31.41, 31.02, 31.18, 31.01, 30.94, 30.98, 31.04], [31.5, 31.5, 31.5, 31.22, 31.26, 31.36, 31.29, 31.19, 30.96, 30.95, 31.49, 31.35, 31.4, 31.37, 31.02, 31.23, 31.13, 31.07, 31.07, 31.09], [31.5, 31.5, 31.5, 31.5, 31.5, 31.5, 31.5, 31.5, 31.29, 30.93, 31.0, 31.3, 31.34, 31.34, 31.0, 31.27, 31.2, 31.15, 31.14, 31.15], [31.5, 31.5, 31.5, 31.5, 31.5, 31.5, 31.5, 31.5, 31.5, -999.0, 31.0, 31.8, 31.8, 31.32, 30.99, 31.32, 31.27, 31.18, 31.17, 31.16], [31.5, 31.5, 31.5, 31.5, 31.5, 31.5, 31.5, 31.5, 31.5, 31.5, -999.0, 31.8, 31.8, 31.73, 31.76, 30.94, 30.93, 31.08, 31.05, 31.04], [31.5, 31.5, 31.5, 31.5, 31.5, 31.5, 31.5, 31.5, 31.5, 31.5, -999.0, 31.7, 31.7, 31.7, 31.75, 31.04, 31.02, 31.17, 31.14, 31.11], [31.5, 31.5, 31.5, 31.5, 31.5, 31.5, 31.5, 31.6, 31.6, 31.6, 31.6, 31.64, 31.7, 31.7, 31.7, 31.15, 31.11, 31.25, 31.21, 31.17], [31.5, 31.5, 31.56, 31.56, 31.57, 31.6, 31.6, 31.6, 31.6, 31.6, 31.66, 31.66, 31.67, 31.67, 31.66, 31.22, 31.15, 31.28, 31.03, 30.99], [31.56, 31.56, 31.54, 31.54, 31.6, 31.6, 31.6, 31.6, 31.6, 31.6, 31.64, 31.66, 31.67, 31.68, 31.54, 31.48, 31.41, 31.35, 31.31, 31.28], [31.54, 31.54, 31.54, 31.54, 31.6, 31.6, 31.6, 31.6, 31.6, 31.63, 31.64, 31.65, 31.67, 31.55, 31.68, 31.51, 31.4, 31.33, 31.29, 31.26], [31.54, 31.54, 31.54, 31.6, 31.6, 31.6, 31.6, 31.6, 31.61, 31.62, 31.67, 31.68, 31.44, 31.49, 31.52, 31.44, 31.35, 31.29, 31.25, 31.23], [31.54, 31.54, 31.71, 31.71, 31.7, 31.69, 31.67, 31.63, 31.63, 31.65, 31.67, 31.68, 31.38, 31.38, 31.37, 31.33, 31.27, 31.23, 31.21, 31.2], [31.72, 31.72, 31.72, 31.68, 31.68, 31.67, 31.67, 31.66, 31.66, 31.67, 31.68, 31.69, 31.31, 31.28, 31.26, 31.21, 31.17, 31.16, 31.16, 31.17], [31.69, 31.69, 31.69, 31.69, 31.69, 31.69, 31.68, 31.76, 31.69, 31.69, 31.7, 31.7, 31.32, 31.21, 31.17, 31.11, 31.07, 31.08, 31.11, 31.14], [31.7, 31.7, 31.7, 31.8, 31.8, 31.79, 31.79, 31.79, 31.79, 31.8, 31.8, 31.37, 31.27, 31.16, 31.1, 31.02, 30.93, 31.0, 31.09, 31.13], [31.82, 31.81, 31.81, 31.81, 31.81, 31.81, 31.81, 31.81, 31.81, 31.81, 31.82, 31.53, 31.3, 31.2, 31.1, 30.99, 30.69, 31.05, 31.12, 31.13], [31.82, 31.82, 31.82, 31.82, 31.82, 31.83, 31.83, 31.83, 31.82, 31.81, 31.83, 31.58, 31.46, 31.22, 31.14, 31.08, 31.13, 31.28, 31.16, 31.15], [31.83, 31.83, 31.83, 31.83, 31.84, 31.84, 31.84, 31.84, 31.84, 31.83, 31.71, 31.63, 31.52, 31.25, 31.18, 31.19, 31.2, 31.22, 31.17, 31.16], [31.84, 31.84, 31.84, 31.85, 31.85, 31.86, 31.86, 31.87, 31.87, 31.88, 31.74, 31.68, 31.58, 31.4, 31.31, 31.26, 31.23, 31.23, 31.23, 31.23], [31.84, 31.85, 31.85, 31.85, 31.86, 31.87, 31.88, 31.89, 31.92, 31.82, 31.84, 31.94, 31.9, 31.87, 31.37, 31.31, 31.28, 31.26, 31.25, 31.25], [31.85, 31.85, 31.86, 31.86, 31.87, 31.88, 31.9, 31.92, 31.95, 31.92, 32.05, 31.98, 31.93, 31.88, 31.43, 31.36, 31.32, 31.29, 31.28, 31.27], [31.85, 31.86, 31.86, 31.87, 31.88, 31.89, 31.91, 31.93, 31.96, 32.0, 32.03, 31.98, 31.93, 31.89, 31.46, 31.4, 31.36, 31.33, 31.31, 31.3], [31.86, 31.86, 31.87, 31.87, 31.88, 31.89, 31.91, 31.93, 31.95, 31.97, 31.98, 31.96, 31.93, 31.9, 31.49, 31.43, 31.38, 31.35, 31.33, 31.32], [31.86, 31.86, 31.87, 31.88, 31.89, 31.9, 31.91, 31.92, 31.94, 31.95, 31.95, 31.94, 31.92, 31.9, 31.49, 31.44, 31.4, 31.37, 31.35, 31.34]]}]