gis_exercise/awsData/contour/wdir_2023083103.json
[{"header": {"refTime": "2023-08-31T03:00:00.000Z", "nx": 21, "ny": 33, "lo1": 113.509, "la1": 22.2235, "lo2": 113.5947, "la2": 22.1034, "dx": 0.0042850000000001385, "dy": 0.003753125000000024, "parameterCategory": 2, "parameterCategoryName": "Temperature", "parameterNumber": 2}, "data": [0.07, 0.07, 0.06, 0.41, 0.39, 0.28, 0.26, 0.25, 0.26, 0.61, 0.7, 0.79, 0.58, 0.61, 0.36, 0.32, 0.4, 0.36, 0.33, 0.32, 0.07, 0.07, 0.06, 0.06, 0.39, 0.36, 0.24, 0.2, 0.19, 0.52, 0.68, 0.81, 0.62, 0.65, 0.39, 0.45, 0.39, 0.34, 0.31, 0.29, 0.07, 0.07, 0.07, 0.06, 0.39, 0.36, 0.31, 0.16, 0.04, 0.45, 0.71, 0.86, 0.69, 0.71, 0.53, 0.44, 0.36, 0.3, 0.26, 0.25, 0.08, 0.07, 0.07, 0.07, 0.06, 0.37, 0.34, 0.27, 0.21, 0.58, 0.81, 0.96, 0.82, 1.1, 0.55, 0.41, 0.3, 0.23, 0.21, 0.2, 0.08, 0.08, 0.08, 0.07, 0.06, 0.4, 0.38, 0.37, 0.39, 0.8, 0.94, 1.12, 1.15, 1.1, 0.54, 0.35, 0.21, 0.14, 0.12, 0.14, 0.09, 0.08, 0.08, 0.08, 0.07, 0.06, 0.41, 0.42, 0.48, 0.62, 1.14, 1.1, 1.1, 0.85, 0.48, 0.26, 0.06, -0.02, 0.02, 0.08, 0.02, 0.09, 0.09, 0.09, 0.08, 0.07, 0.46, 0.38, 0.44, 0.82, 0.99, 1.02, 0.7, 0.72, 0.4, 0.17, -0.14, -0.25, -0.07, 0.04, 0.03, 0.03, 0.04, -0.08, -0.08, 0.45, 0.42, 0.32, 0.21, 0.88, 1.33, 0.74, 0.62, 0.62, 0.16, -0.01, -0.22, -0.29, -0.18, -0.1, 0.03, 0.03, 0.04, 0.05, -0.05, -0.05, -0.08, 0.4, 0.29, 0.77, 0.97, 0.72, 0.58, 0.65, 0.19, 0.06, -0.08, -0.14, -0.11, -0.07, -0.18, -0.16, -0.14, 0.06, 0.09, 0.01, -0.07, -0.15, 0.2, 0.35, 0.84, 0.7, 0.58, 0.65, 0.21, 0.11, 0.02, -0.03, -0.04, -0.03, -0.18, -0.16, -0.14, -0.1, -0.03, 0.21, -0.11, -0.31, -0.33, 0.11, 0.4, 0.73, 0.68, 0.69, 0.21, 0.14, 0.07, 0.03, 0.01, 0.01, -0.18, -0.17, -0.16, -0.13, -0.09, -0.07, -0.21, -0.44, -0.55, -0.37, 0.25, 0.09, 0.16, 0.72, 0.21, 0.15, 0.11, -0.03, -0.04, -0.05, -0.19, -0.18, -0.18, -0.17, -0.17, -0.2, -0.26, -0.41, -0.5, -0.42, -0.26, 0.02, 0.09, 0.34, 0.33, 0.05, 0.02, 0.0, -0.02, -0.03, -0.2, -0.2, -0.2, -0.2, -0.21, -0.23, -0.25, -0.32, -0.38, -0.38, -0.27, -0.11, -0.05, -0.01, 0.3, 0.06, 0.04, 0.02, 0.01, -0.01, -0.21, -0.21, -0.21, -0.22, -0.23, -0.25, -0.27, -0.31, -0.33, -0.33, -0.32, -0.18, -0.05, -0.02, 0.0, 0.06, 0.05, 0.03, 0.02, 0.01, -0.22, -0.22, 0.02, 0.01, -0.0, -0.26, -0.26, -0.26, -0.25, -0.26, -0.16, -0.13, -0.1, 0.17, 0.17, 0.44, 0.5, 0.55, 0.36, 0.38, 0.04, 0.03, 0.03, 0.02, -0.23, -0.22, -0.2, -0.18, -0.16, -0.18, -0.1, -0.08, -0.06, -0.01, 0.27, -0.03, -0.07, -0.1, -0.13, -0.15, 0.04, 0.04, 0.03, 0.03, -0.2, -0.18, -0.13, -0.08, -0.05, 0.06, 0.05, -0.05, -0.03, 0.26, 0.11, -0.01, -0.06, -0.1, -0.14, -0.16, 0.04, 0.04, 0.04, -0.2, -0.18, -0.14, -0.08, 0.01, 0.13, 0.09, 0.16, 0.15, 0.38, 0.33, 0.0, -0.03, -0.08, -0.11, -0.15, -0.18, 0.04, 0.04, 0.06, 0.06, 0.07, 0.09, 0.1, 0.12, 0.16, 0.16, 0.16, 0.16, 0.45, 0.45, -0.05, -0.07, -0.09, -0.13, -0.16, -0.19, 0.06, 0.07, 0.07, 0.08, 0.09, 0.1, 0.11, 0.12, 0.17, 0.17, 0.17, 0.17, 0.53, -0.09, -0.08, -0.08, -0.09, -0.13, -0.18, -0.22, 0.07, 0.08, 0.08, 0.09, 0.1, 0.11, 0.12, -0.05, 0.19, 0.19, 0.18, 0.18, 0.64, -0.12, -0.09, -0.06, -0.04, -0.12, -0.21, -0.26, 0.08, 0.09, 0.09, -0.15, -0.14, -0.12, -0.09, -0.07, -0.05, -0.05, -0.08, 0.59, -0.07, -0.14, -0.1, 0.0, 0.15, -0.08, -0.28, -0.33, -0.21, -0.2, -0.19, -0.18, -0.16, -0.14, -0.11, -0.08, -0.03, -0.01, -0.07, 0.23, -0.07, -0.11, -0.11, -0.03, 0.73, -0.41, -0.48, -0.42, -0.22, -0.22, -0.21, -0.2, -0.19, -0.17, -0.14, -0.09, 0.02, 0.12, -0.04, 0.16, 0.25, -0.14, -0.19, -0.26, -0.66, -1.18, -0.66, -0.49, -0.24, -0.24, -0.23, -0.23, -0.22, -0.21, -0.19, -0.14, -0.03, 0.07, 0.06, 0.05, 0.14, -0.16, -0.25, -0.6, -0.74, -0.86, -0.62, -0.51, -0.26, -0.26, -0.26, -0.26, -0.26, -0.26, -0.26, -0.25, -0.23, -0.26, -0.16, -0.13, -0.01, -0.7, -0.66, -0.66, -0.7, -0.74, -0.72, -0.69, -0.27, -0.28, -0.28, -0.29, -0.3, -0.32, -0.34, -0.38, -0.45, -0.43, -0.5, -0.96, -1.03, -1.13, -0.71, -0.69, -0.7, -0.71, -0.7, -0.69, -0.29, -0.3, -0.31, -0.32, -0.34, -0.37, -0.41, -0.48, -0.61, -0.73, -1.15, -1.06, -1.07, -1.13, -0.75, -0.72, -0.71, -0.7, -0.7, -0.68, -0.3, -0.31, -0.33, -0.35, -0.37, -0.4, -0.46, -0.54, -0.96, -1.06, -1.13, -1.09, -1.09, -1.13, -0.78, -0.74, -0.72, -0.71, -0.7, -0.69, -0.32, -0.33, -0.34, -0.36, -0.39, -0.43, -0.48, -0.55, -0.99, -1.04, -1.07, -1.08, -1.09, -1.13, -0.79, -0.76, -0.73, -0.72, -0.7, -0.69, -0.33, -0.34, -0.36, -0.38, -0.41, -0.44, -0.48, -0.96, -1.0, -1.03, -1.05, -1.07, -1.1, -1.13, -0.79, -0.76, -0.74, -0.72, -0.71, -0.7]}, {"header": {"refTime": "2023-08-31T03:00:00.000Z", "nx": 21, "ny": 33, "lo1": 113.509, "la1": 22.2235, "lo2": 113.5947, "la2": 22.1034, "dx": 0.0042850000000001385, "dy": 0.003753125000000024, "parameterCategory": 2, "parameterCategoryName": "Temperature", "parameterNumber": 3}, "data": [-2.65, -2.63, -2.6, -2.64, -2.6, -1.84, -1.82, -1.79, -1.76, -1.82, -1.79, -1.74, -1.89, -1.9, -2.67, -2.87, -3.72, -3.86, -3.97, -4.04, -2.67, -2.65, -2.62, -2.58, -2.6, -2.54, -1.84, -1.81, -1.78, -1.82, -1.77, -1.7, -1.83, -1.85, -2.64, -3.55, -3.78, -3.95, -4.07, -4.13, -2.69, -2.67, -2.64, -2.61, -2.62, -2.56, -2.44, -1.83, -1.8, -1.82, -1.75, -1.63, -1.72, -1.76, -3.23, -3.58, -3.88, -4.09, -4.21, -4.26, -2.72, -2.7, -2.68, -2.65, -2.6, -2.61, -2.52, -2.37, -2.23, -1.85, -1.73, -1.5, -1.51, -1.99, -3.17, -3.67, -4.06, -4.31, -4.41, -4.43, -2.74, -2.73, -2.72, -2.7, -2.67, -2.7, -2.66, -2.61, -2.6, -1.95, -1.79, -1.85, -1.11, -1.84, -3.21, -3.88, -4.38, -4.65, -4.69, -4.63, -2.77, -2.77, -2.77, -2.76, -2.75, -2.73, -2.8, -2.82, -2.86, -2.93, -2.71, -2.26, -1.72, -2.7, -3.46, -4.22, -4.89, -5.18, -5.04, -4.84, -3.57, -2.81, -2.82, -2.82, -2.82, -2.82, -3.27, -2.97, -3.03, -3.54, -3.65, -3.04, -3.52, -3.52, -3.8, -4.57, -5.58, -5.95, -5.69, -5.42, -3.58, -3.57, -3.55, -3.71, -3.68, -3.28, -3.26, -3.21, -3.22, -3.53, -3.61, -4.5, -4.67, -4.2, -5.79, -6.04, -6.33, -6.44, -6.28, -6.18, -3.6, -3.58, -3.56, -3.54, -3.68, -3.66, -3.65, -3.25, -3.59, -3.55, -4.5, -4.93, -5.5, -5.23, -5.82, -5.98, -6.15, -6.23, -6.19, -6.14, -4.19, -4.16, -4.11, -3.55, -3.5, -3.61, -3.72, -3.83, -3.94, -3.9, -4.81, -5.22, -5.72, -5.35, -5.86, -5.94, -6.04, -6.1, -6.1, -6.08, -4.2, -4.17, -4.12, -4.04, -3.86, -3.34, -4.03, -4.44, -4.26, -4.19, -5.2, -5.13, -5.28, -5.23, -5.87, -5.92, -5.98, -6.02, -6.04, -6.03, -4.21, -4.19, -4.15, -4.1, -4.01, -3.97, -4.26, -4.71, -4.9, -5.34, -5.22, -5.48, -5.52, -5.12, -5.86, -5.9, -5.94, -6.13, -6.13, -6.13, -4.23, -4.22, -4.2, -4.19, -4.2, -4.28, -4.44, -4.68, -4.83, -4.68, -5.4, -5.43, -5.46, -5.36, -5.33, -6.01, -6.02, -6.03, -6.04, -6.05, -4.26, -4.25, -4.25, -4.26, -4.3, -4.38, -4.48, -4.55, -4.63, -4.61, -5.34, -5.55, -5.55, -5.54, -5.26, -5.87, -5.89, -5.92, -5.95, -5.97, -4.28, -4.28, -4.29, -4.31, -4.34, -4.4, -4.46, -4.44, -4.43, -4.39, -4.35, -4.47, -5.45, -5.42, -5.4, -5.71, -5.76, -5.81, -5.86, -5.9, -4.29, -4.3, -3.69, -3.72, -3.76, -4.29, -4.28, -4.25, -4.21, -4.2, -4.32, -4.4, -4.49, -4.82, -4.86, -5.51, -5.59, -5.67, -5.8, -5.86, -3.64, -3.65, -3.66, -3.67, -4.18, -4.14, -4.08, -4.0, -3.95, -3.97, -4.19, -4.33, -4.48, -4.63, -4.85, -5.38, -5.56, -5.69, -5.79, -5.86, -3.63, -3.63, -3.63, -3.62, -4.08, -4.0, -3.87, -3.69, -3.6, -3.68, -3.9, -4.26, -4.47, -4.82, -4.9, -5.33, -5.57, -5.73, -5.83, -5.9, -3.61, -3.61, -3.6, -4.07, -4.0, -3.89, -3.72, -3.42, -3.16, -3.53, -3.71, -3.95, -4.67, -4.82, -5.29, -5.47, -5.68, -5.82, -5.9, -5.96, -3.59, -3.59, -3.73, -3.7, -3.65, -3.58, -3.47, -3.32, -3.27, -3.48, -3.71, -3.91, -4.69, -4.85, -5.61, -5.71, -5.84, -5.94, -6.0, -6.03, -3.76, -3.74, -3.72, -3.69, -3.65, -3.59, -3.52, -3.45, -3.5, -3.6, -3.75, -3.89, -4.75, -5.81, -5.86, -5.94, -6.03, -6.08, -6.11, -6.11, -3.75, -3.73, -3.71, -3.69, -3.66, -3.62, -3.59, -2.67, -3.65, -3.71, -3.79, -3.88, -5.08, -5.97, -6.04, -6.13, -6.2, -6.23, -6.22, -6.19, -3.74, -3.73, -3.71, -2.4, -2.45, -2.51, -2.59, -2.66, -2.73, -2.74, -2.66, -4.31, -5.56, -6.08, -6.17, -6.27, -6.35, -6.36, -6.31, -6.26, -2.26, -2.28, -2.31, -2.35, -2.4, -2.47, -2.56, -2.7, -2.86, -2.93, -2.76, -3.4, -5.5, -5.79, -6.04, -6.35, -6.47, -6.45, -6.37, -6.3, -2.22, -2.24, -2.26, -2.29, -2.33, -2.4, -2.51, -2.7, -3.07, -3.4, -2.86, -3.23, -3.39, -5.75, -6.01, -6.23, -6.45, -6.48, -6.39, -6.32, -2.18, -2.19, -2.2, -2.22, -2.24, -2.29, -2.38, -2.56, -2.92, -3.24, -3.07, -2.94, -3.09, -5.71, -5.95, -5.45, -5.79, -5.88, -6.36, -6.31, -2.13, -2.13, -2.13, -2.13, -2.14, -2.15, -2.18, -2.23, -2.3, -2.24, -2.41, -2.43, -2.7, -3.97, -4.58, -5.06, -5.37, -5.5, -5.48, -5.4, -2.09, -2.08, -2.07, -2.05, -2.03, -2.0, -1.94, -1.85, -1.65, -1.64, -1.4, -1.76, -2.28, -2.8, -4.18, -4.66, -4.98, -5.15, -5.2, -5.19, -2.04, -2.02, -2.0, -1.97, -1.92, -1.85, -1.74, -1.54, -1.17, -0.75, -0.01, -1.13, -1.93, -2.52, -3.83, -4.31, -4.64, -4.84, -4.95, -4.98, -2.0, -1.98, -1.94, -1.9, -1.83, -1.74, -1.6, -1.37, -1.43, -0.77, -0.37, -1.09, -1.81, -2.36, -3.58, -4.04, -4.37, -4.58, -4.72, -4.79, -1.96, -1.93, -1.89, -1.84, -1.77, -1.67, -1.53, -1.33, -1.56, -1.24, -1.14, -1.44, -1.89, -2.33, -3.44, -3.85, -4.16, -4.38, -4.52, -4.62, -1.93, -1.9, -1.86, -1.8, -1.73, -1.63, -1.51, -1.96, -1.77, -1.61, -1.59, -1.76, -2.05, -2.36, -3.38, -3.73, -4.0, -4.21, -4.37, -4.47]}, {"header": {"refTime": "2023-08-31T03:00:00.000Z", "nx": 21, "ny": 33, "lo1": 113.509, "la1": 22.2235, "lo2": 113.5947, "la2": 22.1034, "dx": 0.0042850000000001385, "dy": 0.003753125000000024, "parameterCategory": 0, "parameterCategoryName": "Temperature", "parameterNumber": 0}, "data": [[27.46, 27.46, 27.45, 27.27, 27.28, 27.52, 27.51, 27.51, 27.51, 27.43, 27.45, 27.47, 27.67, 27.69, 27.64, 27.63, 27.7, 27.7, 27.69, 27.68], [27.46, 27.46, 27.46, 27.45, 27.28, 27.29, 27.5, 27.49, 27.48, 27.43, 27.45, 27.48, 27.69, 27.7, 27.65, 27.71, 27.7, 27.69, 27.68, 27.68], [27.46, 27.46, 27.46, 27.45, 27.28, 27.29, 27.3, 27.47, 27.42, 27.42, 27.46, 27.51, 27.72, 27.73, 27.74, 27.71, 27.69, 27.68, 27.67, 27.67], [27.47, 27.46, 27.46, 27.46, 27.45, 27.28, 27.29, 27.31, 27.33, 27.42, 27.47, 27.56, 27.77, 27.66, 27.74, 27.71, 27.68, 27.66, 27.66, 27.66], [27.47, 27.47, 27.47, 27.46, 27.46, 27.27, 27.28, 27.28, 27.28, 27.4, 27.46, 27.67, 27.8, 27.69, 27.74, 27.69, 27.66, 27.64, 27.64, 27.64], [27.47, 27.47, 27.47, 27.47, 27.46, 27.46, 27.27, 27.27, 27.25, 27.2, 27.46, 27.6, 27.71, 27.83, 27.72, 27.67, 27.62, 27.6, 27.61, 27.63], [27.51, 27.48, 27.48, 27.48, 27.47, 27.46, 27.32, 27.28, 27.26, 27.23, 27.2, 27.49, 27.79, 27.8, 27.7, 27.65, 27.58, 27.55, 27.57, 27.6], [27.51, 27.52, 27.52, 27.51, 27.51, 27.36, 27.34, 27.34, 27.36, 27.2, 27.03, 27.45, 27.46, 27.8, 27.57, 27.6, 27.55, 27.54, 27.56, 27.58], [27.49, 27.49, 27.52, 27.53, 27.53, 27.52, 27.5, 27.34, 27.24, 27.25, 27.21, 27.33, 27.38, 27.31, 27.58, 27.6, 27.58, 27.57, 27.57, 27.58], [27.6, 27.6, 27.6, 27.51, 27.52, 27.55, 27.53, 27.5, 27.12, 27.14, 27.39, 27.25, 27.3, 27.27, 27.58, 27.61, 27.6, 27.59, 27.59, 27.59], [27.6, 27.6, 27.6, 27.6, 27.6, 27.6, 27.6, 27.6, 27.53, 27.23, 26.9, 27.2, 27.24, 27.24, 27.58, 27.62, 27.61, 27.6, 27.6, 27.6], [27.6, 27.6, 27.6, 27.6, 27.6, 27.6, 27.6, 27.6, 27.6, -999.0, 26.9, 27.7, 27.7, 27.22, 27.58, 27.63, 27.62, 26.53, 26.56, 26.56], [27.6, 27.6, 27.6, 27.6, 27.6, 27.6, 27.6, 27.6, 27.6, 27.6, -999.0, 27.7, 27.7, 26.46, 27.01, 26.88, 26.89, 26.68, 26.71, 26.73], [27.6, 27.6, 27.6, 27.6, 27.6, 27.6, 27.6, 27.6, 27.6, 27.6, -999.0, 25.8, 25.8, 25.8, 26.84, 26.74, 26.77, 26.55, 26.6, 26.63], [27.6, 27.6, 27.6, 27.6, 27.6, 27.6, 27.6, 27.6, 27.6, 27.6, 27.6, 26.91, 25.8, 25.8, 25.8, 26.58, 26.63, 26.43, 26.49, 26.54], [27.6, 27.6, 27.6, 27.6, 27.6, 27.6, 27.6, 27.6, 27.6, 27.6, 26.47, 26.6, 26.42, 26.27, 26.44, 26.35, 26.43, 26.29, 26.65, 26.71], [27.6, 27.6, 27.6, 27.6, 27.6, 27.6, 27.6, 27.6, 27.6, 27.6, 26.83, 26.6, 26.37, 26.15, 26.18, 26.16, 26.29, 26.39, 26.46, 26.51], [27.6, 27.6, 27.6, 27.6, 27.6, 27.6, 27.6, 27.6, 27.6, 27.14, 26.9, 26.63, 26.35, 26.2, 25.86, 26.12, 26.3, 26.42, 26.49, 26.54], [27.6, 27.6, 27.6, 27.6, 27.6, 27.6, 27.6, 27.6, 27.44, 27.25, 27.1, 26.88, 26.56, 26.33, 26.09, 26.23, 26.38, 26.48, 26.54, 26.58], [27.6, 27.6, 27.66, 27.65, 27.65, 27.65, 27.64, 27.62, 27.44, 27.31, 27.14, 26.95, 26.67, 26.53, 26.33, 26.41, 26.51, 26.58, 26.62, 26.64], [27.66, 27.66, 27.66, 27.64, 27.64, 27.64, 27.63, 27.63, 27.34, 27.27, 27.16, 27.02, 26.77, 26.48, 26.52, 26.58, 26.65, 26.69, 26.7, 26.7], [27.65, 27.65, 27.65, 27.64, 27.64, 27.64, 27.64, 27.69, 27.32, 27.28, 27.2, 27.1, 26.9, 26.6, 26.66, 26.73, 26.79, 26.8, 26.78, 26.75], [27.65, 27.65, 27.65, 27.71, 27.71, 27.71, 27.7, 27.7, 27.7, 27.71, 27.71, 27.57, 27.27, 26.68, 26.76, 26.85, 26.94, 26.91, 26.84, 26.79], [27.72, 27.72, 27.72, 27.72, 27.72, 27.72, 27.72, 27.72, 27.71, 27.72, 27.72, 27.65, 27.28, 27.21, 27.15, 26.91, 27.13, 26.93, 26.85, 26.81], [27.73, 27.73, 27.73, 27.73, 27.73, 27.73, 27.73, 27.72, 27.72, 27.71, 27.73, 27.67, 27.64, 27.22, 27.15, 27.09, 26.89, 26.82, 26.84, 26.81], [27.73, 27.73, 27.73, 27.73, 27.73, 27.74, 27.74, 27.73, 27.73, 27.72, 27.7, 27.69, 27.66, 27.22, 27.15, 27.12, 27.06, 27.03, 26.82, 26.8], [27.73, 27.74, 27.74, 27.74, 27.74, 27.74, 27.75, 27.75, 27.75, 27.76, 27.73, 27.71, 27.68, 27.32, 27.24, 27.17, 27.12, 27.1, 27.1, 27.12], [27.74, 27.74, 27.74, 27.75, 27.75, 27.75, 27.76, 27.77, 27.78, 27.77, 27.78, 27.66, 27.58, 27.49, 27.29, 27.22, 27.18, 27.15, 27.14, 27.15], [27.74, 27.74, 27.75, 27.75, 27.75, 27.76, 27.77, 27.78, 27.8, 27.82, 27.84, 27.72, 27.62, 27.53, 27.33, 27.27, 27.22, 27.2, 27.18, 27.18], [27.74, 27.75, 27.75, 27.75, 27.76, 27.77, 27.78, 27.79, 27.7, 27.76, 27.8, 27.72, 27.63, 27.54, 27.36, 27.3, 27.26, 27.23, 27.21, 27.21], [27.75, 27.75, 27.75, 27.76, 27.76, 27.77, 27.78, 27.79, 27.68, 27.71, 27.71, 27.67, 27.61, 27.55, 27.38, 27.33, 27.29, 27.26, 27.24, 27.23], [27.75, 27.75, 27.76, 27.76, 27.76, 27.77, 27.78, 27.64, 27.65, 27.67, 27.66, 27.64, 27.59, 27.55, 27.39, 27.35, 27.31, 27.28, 27.26, 27.25]]}]