gis_exercise/awsData/contour/wdir_2023090202.json
[{"header": {"refTime": "2023-09-02T02:00:00.000Z", "nx": 21, "ny": 33, "lo1": 113.509, "la1": 22.2235, "lo2": 113.5947, "la2": 22.1034, "dx": 0.0042850000000001385, "dy": 0.003753125000000024, "parameterCategory": 2, "parameterCategoryName": "Temperature", "parameterNumber": 2}, "data": [-5.92, -5.93, -5.96, -6.47, -6.42, -6.93, -6.81, -6.7, -6.66, -6.08, -6.19, -6.3, -7.27, -7.36, -10.91, -11.44, -12.81, -13.13, -13.36, -13.52, -5.9, -5.93, -5.95, -5.98, -6.44, -6.36, -6.74, -6.52, -6.38, -6.01, -6.19, -6.35, -7.33, -7.43, -10.98, -12.48, -12.98, -13.37, -13.64, -13.78, -5.89, -5.91, -5.95, -5.98, -6.49, -6.41, -6.27, -6.37, -5.78, -5.94, -6.23, -6.47, -7.44, -7.52, -11.83, -12.59, -13.26, -13.75, -14.02, -14.13, -5.86, -5.89, -5.93, -5.98, -6.04, -6.5, -6.39, -6.2, -6.01, -6.02, -6.32, -6.67, -7.59, -7.56, -11.74, -12.83, -13.74, -14.33, -14.57, -14.57, -5.82, -5.85, -5.9, -5.97, -6.06, -6.64, -6.6, -6.52, -6.42, -6.12, -6.39, -7.52, -7.68, -7.61, -11.8, -13.3, -14.56, -15.25, -15.33, -15.11, -5.77, -5.8, -5.84, -5.92, -6.04, -6.22, -6.86, -6.89, -6.8, -6.56, -7.15, -7.46, -7.64, -9.76, -12.15, -14.07, -15.92, -16.7, -16.28, -15.67, -10.35, -5.72, -5.74, -5.81, -5.95, -6.21, -6.54, -7.38, -7.34, -7.22, -6.92, -7.43, -10.21, -10.49, -12.58, -14.85, -17.8, -18.89, -18.25, -17.47, -10.36, -10.15, -9.89, -10.35, -10.23, -5.92, -6.45, -7.38, -8.43, -7.05, -6.0, -9.38, -10.1, -11.28, -15.29, -16.86, -18.77, -19.47, -18.43, -17.74, -10.41, -10.17, -9.83, -9.39, -9.66, -9.72, -10.35, -6.73, -10.63, -7.35, -9.12, -10.82, -12.9, -11.9, -15.26, -16.4, -17.55, -18.06, -17.84, -17.46, -14.85, -14.44, -13.83, -9.22, -8.23, -8.19, -10.01, -11.99, -13.1, -12.27, -10.29, -11.82, -13.62, -12.31, -15.29, -16.03, -16.75, -17.17, -17.23, -17.1, -14.98, -14.59, -13.97, -12.89, -10.61, -3.9, -12.5, -17.13, -15.81, -15.01, -15.77, -11.46, -12.04, -11.86, -15.32, -15.8, -16.29, -16.62, -16.76, -16.77, -15.2, -14.91, -14.48, -13.8, -12.69, -12.17, -15.61, -19.99, -21.77, -22.33, -17.01, -16.83, -16.24, -11.44, -15.33, -15.67, -16.01, -16.71, -16.78, -16.79, -15.48, -15.34, -15.18, -15.08, -15.31, -16.67, -18.91, -20.39, -21.34, -19.99, -21.59, -17.42, -16.75, -12.46, -12.35, -15.82, -15.97, -16.13, -16.25, -16.33, -15.79, -15.78, -15.84, -16.1, -16.82, -18.46, -20.97, -19.92, -19.9, -19.52, -21.68, -17.88, -17.05, -16.43, -12.08, -15.16, -15.35, -15.55, -15.75, -15.9, -16.07, -16.15, -16.33, -16.71, -17.39, -18.4, -19.26, -17.77, -16.88, -16.04, -15.32, -11.27, -16.38, -15.67, -15.24, -14.41, -14.68, -14.99, -15.27, -15.49, -16.3, -16.43, -8.59, -9.05, -9.65, -15.6, -15.38, -14.64, -13.83, -13.36, -9.79, -9.97, -10.14, -8.6, -9.0, -12.94, -13.26, -13.58, -15.1, -15.42, -7.74, -7.87, -8.01, -8.14, -13.75, -13.16, -12.1, -10.71, -9.84, -10.06, -7.91, -8.82, -9.52, -10.02, -9.56, -12.3, -12.88, -13.34, -13.67, -13.9, -7.42, -7.42, -7.38, -7.22, -12.11, -10.86, -8.82, -6.06, -4.65, -3.85, -5.72, -7.86, -9.05, -9.35, -10.5, -12.11, -12.94, -13.48, -13.82, -14.04, -7.09, -6.99, -6.8, -11.87, -10.82, -9.15, -6.43, -1.96, 2.47, -1.82, -3.51, -5.55, -7.66, -9.09, -11.99, -12.6, -13.3, -13.78, -14.07, -14.25, -6.79, -6.62, -9.51, -8.92, -8.03, -6.69, -4.67, -1.78, 0.89, -1.53, -3.93, -5.69, -7.56, -8.83, -13.09, -13.44, -13.88, -14.21, -14.4, -14.5, -10.04, -9.76, -9.38, -8.84, -8.1, -7.09, -5.79, -4.44, -2.47, -3.59, -5.03, -6.21, -7.71, -13.77, -13.93, -14.23, -14.53, -14.71, -14.77, -14.77, -9.98, -9.73, -9.4, -8.98, -8.47, -7.86, -7.24, -3.82, -5.19, -5.83, -6.52, -7.07, -14.17, -14.32, -14.57, -14.9, -15.17, -15.22, -15.14, -15.03, -9.98, -9.77, -9.53, -4.84, -4.92, -5.08, -5.38, -5.88, -6.51, -6.93, -6.87, -9.87, -15.83, -14.7, -15.02, -15.44, -15.82, -15.7, -15.43, -15.22, -5.01, -5.08, -5.18, -5.34, -5.58, -5.98, -6.62, -7.61, -8.86, -9.48, -8.74, -12.89, -15.8, -15.93, -16.06, -15.7, -16.52, -15.87, -15.55, -15.33, -5.22, -5.34, -5.5, -5.73, -6.08, -6.61, -7.44, -8.77, -10.94, -12.73, -10.23, -12.62, -12.62, -15.9, -16.01, -16.09, -15.74, -15.56, -15.51, -15.35, -5.4, -5.54, -5.74, -6.0, -6.38, -6.92, -7.72, -8.95, -10.9, -12.44, -12.63, -12.01, -12.04, -15.87, -15.95, -14.33, -14.8, -14.9, -15.43, -15.32, -5.54, -5.69, -5.89, -6.16, -6.51, -6.97, -7.57, -8.32, -9.11, -9.27, -11.03, -10.88, -11.23, -11.9, -12.9, -13.67, -14.15, -14.34, -14.32, -14.21, -5.64, -5.79, -5.98, -6.22, -6.5, -6.84, -7.2, -7.51, -7.56, -9.28, -8.69, -9.07, -9.9, -10.65, -12.23, -13.02, -13.53, -13.8, -13.89, -13.87, -5.7, -5.84, -6.01, -6.21, -6.43, -6.65, -6.83, -6.86, -6.57, -7.27, -5.57, -7.75, -9.19, -10.15, -11.65, -12.44, -12.98, -13.31, -13.47, -13.54, -5.74, -5.87, -6.01, -6.17, -6.33, -6.46, -6.53, -6.46, -8.47, -7.1, -6.26, -7.64, -8.93, -9.87, -11.24, -12.0, -12.53, -12.89, -13.11, -13.23, -5.76, -5.87, -5.99, -6.11, -6.22, -6.31, -6.33, -6.26, -8.67, -7.99, -7.75, -8.28, -9.07, -9.8, -11.0, -11.68, -12.19, -12.55, -12.79, -12.95, -5.76, -5.86, -5.96, -6.05, -6.13, -6.19, -6.2, -9.43, -9.02, -8.69, -8.6, -8.87, -9.35, -9.87, -10.9, -11.48, -11.94, -12.29, -12.54, -12.71]}, {"header": {"refTime": "2023-09-02T02:00:00.000Z", "nx": 21, "ny": 33, "lo1": 113.509, "la1": 22.2235, "lo2": 113.5947, "la2": 22.1034, "dx": 0.0042850000000001385, "dy": 0.003753125000000024, "parameterCategory": 2, "parameterCategoryName": "Temperature", "parameterNumber": 3}, "data": [-4.55, -4.54, -4.51, -4.03, -4.03, -4.54, -4.51, -4.48, -4.48, -4.34, -4.41, -4.48, -5.4, -5.47, -7.03, -7.3, -8.32, -8.48, -8.59, -8.67, -4.56, -4.55, -4.53, -4.5, -4.03, -4.03, -4.47, -4.4, -4.37, -4.3, -4.41, -4.53, -5.44, -5.52, -7.08, -8.16, -8.4, -8.59, -8.72, -8.79, -4.58, -4.56, -4.54, -4.51, -4.03, -4.04, -4.04, -4.34, -4.13, -4.26, -4.44, -4.61, -5.51, -5.58, -7.83, -8.21, -8.53, -8.77, -8.9, -8.95, -4.6, -4.58, -4.57, -4.54, -4.5, -4.04, -4.04, -4.04, -4.04, -4.3, -4.5, -4.76, -5.61, -5.52, -7.78, -8.32, -8.76, -9.04, -9.16, -9.16, -4.62, -4.61, -4.6, -4.58, -4.54, -4.05, -4.05, -4.05, -4.03, -4.33, -4.53, -5.48, -5.59, -5.56, -7.82, -8.55, -9.15, -9.47, -9.51, -9.41, -4.64, -4.64, -4.63, -4.62, -4.6, -4.56, -4.08, -4.08, -4.04, -3.96, -5.17, -5.44, -5.59, -6.26, -8.01, -8.92, -9.78, -10.14, -9.96, -9.67, -5.54, -4.67, -4.68, -4.67, -4.65, -4.62, -4.42, -4.16, -4.13, -4.5, -4.55, -5.46, -6.54, -6.5, -8.26, -9.3, -10.66, -11.16, -10.34, -9.83, -5.56, -5.54, -5.51, -5.47, -5.43, -4.54, -4.47, -4.41, -4.52, -4.37, -3.94, -6.1, -6.48, -6.67, -8.61, -9.56, -10.74, -11.17, -10.53, -10.1, -5.59, -5.57, -5.54, -5.5, -5.46, -5.43, -5.37, -4.44, -4.66, -4.58, -5.34, -6.14, -6.55, -6.35, -8.42, -9.2, -9.95, -10.28, -10.14, -9.91, -6.33, -6.29, -6.24, -5.55, -5.49, -5.45, -5.51, -5.56, -5.06, -4.88, -5.74, -6.18, -6.53, -6.34, -8.31, -8.9, -9.41, -9.7, -9.75, -9.68, -6.34, -6.31, -6.25, -6.15, -5.94, -5.32, -6.1, -6.51, -6.03, -5.37, -5.93, -6.08, -6.23, -6.22, -8.31, -8.73, -9.09, -9.33, -9.44, -9.46, -6.37, -6.34, -6.3, -6.24, -6.14, -6.09, -6.4, -6.75, -6.89, -7.07, -6.1, -7.01, -6.99, -6.12, -8.35, -8.64, -8.91, -9.45, -9.55, -9.59, -6.39, -6.38, -6.37, -6.36, -6.39, -6.53, -6.74, -6.82, -6.87, -6.76, -7.05, -7.02, -7.01, -7.36, -7.39, -8.96, -9.12, -9.26, -9.35, -9.41, -6.42, -6.42, -6.43, -6.46, -6.54, -6.71, -6.99, -6.82, -6.78, -6.74, -7.06, -7.4, -7.45, -7.51, -7.51, -8.87, -8.99, -9.11, -9.2, -9.27, -6.45, -6.46, -6.48, -6.52, -6.59, -6.7, -6.78, -6.43, -6.28, -6.16, -6.06, -6.5, -7.57, -7.63, -7.68, -8.78, -8.88, -8.99, -9.08, -9.16, -6.47, -6.49, -5.52, -5.57, -5.63, -6.15, -6.12, -6.01, -5.89, -5.82, -6.18, -6.45, -6.77, -7.02, -7.19, -6.85, -6.61, -6.36, -7.52, -7.48, -5.4, -5.41, -5.42, -5.43, -5.9, -5.82, -5.68, -5.49, -5.37, -5.39, -5.97, -6.39, -6.86, -7.34, -7.01, -7.27, -6.91, -6.62, -6.43, -6.3, -5.35, -5.34, -5.33, -5.29, -5.68, -5.51, -5.25, -4.88, -4.7, -5.2, -5.74, -6.3, -6.89, -6.99, -8.12, -7.38, -6.86, -6.53, -6.33, -6.2, -5.3, -5.27, -5.24, -5.64, -5.51, -5.29, -4.93, -4.35, -3.91, -4.83, -6.28, -6.94, -5.82, -6.53, -7.45, -7.06, -6.62, -6.33, -6.17, -6.08, -5.25, -5.22, -6.73, -6.61, -6.43, -6.15, -5.71, -5.05, -4.79, -5.64, -6.46, -7.03, -5.43, -5.79, -6.74, -6.51, -6.23, -6.04, -5.95, -5.92, -6.95, -6.9, -6.84, -6.75, -6.62, -6.43, -6.17, -5.88, -6.01, -6.4, -6.89, -7.26, -5.03, -6.31, -6.18, -5.97, -5.77, -5.69, -5.71, -5.76, -7.03, -7.01, -6.97, -6.93, -6.88, -6.82, -6.75, -5.89, -7.03, -7.25, -7.47, -7.63, -7.11, -5.95, -5.74, -5.46, -5.26, -5.31, -5.49, -5.63, -7.12, -7.12, -7.13, -5.93, -6.02, -6.14, -6.32, -6.57, -6.85, -7.0, -6.89, -6.37, -7.08, -5.71, -5.43, -5.01, -4.55, -4.92, -5.37, -5.57, -5.83, -5.88, -5.95, -6.04, -6.18, -6.38, -6.7, -7.18, -7.78, -8.06, -7.62, -6.57, -7.24, -6.52, -5.85, -4.87, -3.33, -5.22, -5.53, -5.61, -5.86, -5.92, -5.99, -6.1, -6.27, -6.52, -6.91, -7.57, -8.7, -9.66, -8.23, -6.71, -5.75, -6.66, -6.05, -5.58, -5.63, -6.4, -5.78, -5.69, -5.87, -5.93, -6.01, -6.11, -6.27, -6.5, -6.87, -7.47, -8.52, -9.38, -7.71, -6.45, -5.62, -6.82, -6.3, -4.68, -5.1, -5.33, -5.79, -5.73, -5.87, -5.92, -5.98, -6.07, -6.2, -6.36, -6.59, -6.9, -7.24, -7.22, -6.37, -5.74, -5.29, -4.03, -4.3, -4.57, -4.81, -4.94, -4.91, -4.81, -5.85, -5.89, -5.94, -6.0, -6.07, -6.15, -6.21, -6.21, -6.0, -5.26, -4.77, -5.75, -6.21, -6.57, -4.17, -4.41, -4.59, -4.7, -4.72, -4.68, -5.82, -5.85, -5.88, -5.91, -5.93, -5.92, -5.86, -5.65, -5.14, -3.96, -3.3, -4.79, -5.71, -6.25, -4.04, -4.26, -4.42, -4.52, -4.57, -4.57, -5.79, -5.8, -5.81, -5.81, -5.8, -5.74, -5.6, -5.33, -5.36, -4.38, -3.77, -4.69, -5.52, -6.07, -3.94, -4.14, -4.29, -4.39, -4.44, -4.47, -5.75, -5.76, -5.75, -5.73, -5.69, -5.61, -5.46, -5.21, -5.47, -4.97, -4.78, -5.11, -5.6, -6.03, -3.88, -4.06, -4.19, -4.28, -4.35, -4.38, -5.72, -5.71, -5.7, -5.67, -5.62, -5.53, -5.39, -5.97, -5.68, -5.43, -5.35, -5.5, -5.78, -6.07, -3.86, -4.0, -4.12, -4.21, -4.27, -4.31]}, {"header": {"refTime": "2023-09-02T02:00:00.000Z", "nx": 21, "ny": 33, "lo1": 113.509, "la1": 22.2235, "lo2": 113.5947, "la2": 22.1034, "dx": 0.0042850000000001385, "dy": 0.003753125000000024, "parameterCategory": 0, "parameterCategoryName": "Temperature", "parameterNumber": 0}, "data": [[25.23, 25.22, 25.22, 25.01, 25.02, 25.21, 25.22, 25.22, 25.23, 25.22, 25.24, 25.25, 25.36, 25.37, 25.34, 25.33, 25.31, 25.3, 25.3, 25.29], [25.23, 25.22, 25.22, 25.21, 25.02, 25.03, 25.21, 25.22, 25.22, 25.22, 25.24, 25.27, 25.37, 25.38, 25.35, 25.33, 25.31, 25.3, 25.29, 25.28], [25.23, 25.23, 25.22, 25.21, 25.01, 25.03, 25.05, 25.21, 25.2, 25.22, 25.25, 25.29, 25.4, 25.4, 25.36, 25.33, 25.3, 25.29, 25.28, 25.27], [25.24, 25.23, 25.22, 25.22, 25.21, 25.01, 25.03, 25.07, 25.1, 25.21, 25.26, 25.33, 25.44, 25.35, 25.36, 25.32, 25.29, 25.27, 25.26, 25.26], [25.24, 25.24, 25.23, 25.22, 25.21, 24.99, 25.0, 25.01, 25.02, 25.2, 25.25, 25.37, 25.5, 25.38, 25.36, 25.3, 25.27, 25.25, 25.24, 25.25], [25.25, 25.25, 25.24, 25.23, 25.22, 25.19, 24.97, 24.97, 24.96, 24.94, 25.18, 25.3, 25.4, 25.47, 25.34, 25.28, 25.23, 25.21, 25.22, 25.23], [25.29, 25.26, 25.26, 25.25, 25.23, 25.2, 25.05, 24.93, 24.92, 24.91, 24.92, 25.17, 25.37, 25.4, 25.3, 25.25, 25.18, 25.15, 25.19, 25.22], [25.3, 25.3, 25.31, 25.3, 25.29, 25.14, 25.08, 24.98, 24.91, 24.9, 24.85, 25.08, 25.08, 25.4, 25.14, 25.15, 25.13, 25.12, 25.13, 25.14], [25.2, 25.21, 25.33, 25.34, 25.35, 25.32, 25.24, 25.04, 24.87, 24.92, 24.95, 25.01, 25.04, 25.0, 25.14, 25.15, 25.14, 25.13, 25.14, 25.14], [25.6, 25.6, 25.6, 25.27, 25.32, 25.44, 25.36, 25.24, 24.84, 24.85, 25.04, 24.98, 25.0, 24.99, 25.14, 25.16, 25.15, 25.14, 25.14, 25.15], [25.6, 25.6, 25.6, 25.6, 25.6, 25.6, 25.6, 25.6, 25.35, 24.87, 24.8, 24.95, 24.97, 24.97, 25.14, 25.16, 25.15, 25.15, 25.15, 25.15], [25.6, 25.6, 25.6, 25.6, 25.6, 25.6, 25.6, 25.6, 25.6, -999.0, 24.8, 25.2, 25.2, 24.96, 25.14, 25.16, 25.16, 24.93, 24.93, 24.93], [25.6, 25.6, 25.6, 25.6, 25.6, 25.6, 25.6, 25.6, 25.6, 25.6, -999.0, 25.2, 25.2, 24.94, 25.05, 24.99, 24.99, 24.96, 24.96, 24.96], [25.6, 25.6, 25.6, 25.6, 25.6, 25.6, 25.6, 25.6, 25.6, 25.6, -999.0, 24.8, 24.8, 24.8, 25.02, 24.97, 24.97, 24.93, 24.94, 24.95], [25.6, 25.6, 25.6, 25.6, 25.6, 25.6, 25.6, 25.5, 25.5, 25.5, 25.5, 25.23, 24.8, 24.8, 24.8, 24.94, 24.95, 24.91, 24.92, 24.93], [25.6, 25.6, 25.54, 25.54, 25.53, 25.5, 25.5, 25.5, 25.5, 25.5, 25.06, 25.11, 25.04, 24.98, 25.05, 24.87, 24.88, 24.86, 24.93, 24.94], [25.54, 25.54, 25.56, 25.56, 25.5, 25.5, 25.5, 25.5, 25.5, 25.5, 25.2, 25.11, 25.02, 24.94, 24.91, 24.87, 24.9, 24.92, 24.93, 24.95], [25.56, 25.56, 25.56, 25.56, 25.5, 25.5, 25.5, 25.5, 25.5, 25.32, 25.23, 25.12, 25.01, 24.91, 24.82, 24.86, 24.9, 24.93, 24.94, 24.95], [25.56, 25.56, 25.56, 25.5, 25.5, 25.5, 25.5, 25.5, 25.44, 25.36, 25.26, 25.17, 25.03, 24.95, 24.86, 24.89, 24.92, 24.94, 24.95, 24.96], [25.56, 25.56, 25.39, 25.39, 25.4, 25.41, 25.43, 25.47, 25.41, 25.34, 25.27, 25.19, 25.05, 25.0, 24.91, 24.92, 24.94, 24.96, 24.97, 24.97], [25.38, 25.38, 25.38, 25.42, 25.42, 25.43, 25.43, 25.44, 25.34, 25.31, 25.26, 25.21, 25.07, 24.94, 24.94, 24.96, 24.97, 24.98, 24.98, 24.98], [25.41, 25.41, 25.41, 25.41, 25.41, 25.41, 25.42, 25.38, 25.31, 25.29, 25.26, 25.22, 25.03, 24.96, 24.97, 24.98, 24.99, 25.0, 25.0, 25.0], [25.4, 25.4, 25.4, 25.35, 25.35, 25.35, 25.35, 25.35, 25.35, 25.34, 25.34, 25.28, 25.14, 24.98, 24.99, 25.0, 25.01, 25.02, 25.01, 25.01], [25.34, 25.34, 25.34, 25.34, 25.34, 25.34, 25.34, 25.33, 25.33, 25.32, 25.32, 25.2, 25.15, 25.12, 25.09, 25.01, 25.01, 25.04, 25.03, 25.02], [25.34, 25.34, 25.34, 25.33, 25.33, 25.33, 25.32, 25.32, 25.31, 25.3, 25.31, 25.21, 25.18, 25.12, 25.1, 25.08, 25.04, 25.06, 25.03, 25.02], [25.33, 25.33, 25.33, 25.33, 25.32, 25.32, 25.31, 25.31, 25.3, 25.3, 25.24, 25.21, 25.19, 25.13, 25.11, 25.07, 25.07, 25.07, 25.03, 25.02], [25.33, 25.33, 25.32, 25.32, 25.32, 25.31, 25.31, 25.3, 25.29, 25.29, 25.22, 25.21, 25.19, 25.1, 25.09, 25.08, 25.08, 25.08, 25.08, 25.08], [25.33, 25.32, 25.32, 25.32, 25.31, 25.31, 25.3, 25.29, 25.28, 25.21, 25.21, 25.21, 25.21, 25.2, 25.1, 25.09, 25.09, 25.08, 25.08, 25.08], [25.32, 25.32, 25.32, 25.31, 25.31, 25.3, 25.29, 25.28, 25.27, 25.2, 25.2, 25.21, 25.21, 25.2, 25.11, 25.1, 25.09, 25.09, 25.09, 25.09], [25.32, 25.32, 25.31, 25.31, 25.3, 25.3, 25.29, 25.28, 25.22, 25.21, 25.21, 25.21, 25.21, 25.2, 25.11, 25.1, 25.1, 25.09, 25.09, 25.09], [25.32, 25.31, 25.31, 25.31, 25.3, 25.29, 25.29, 25.28, 25.21, 25.21, 25.21, 25.21, 25.2, 25.2, 25.12, 25.11, 25.1, 25.1, 25.09, 25.09], [25.32, 25.31, 25.31, 25.31, 25.3, 25.29, 25.29, 25.21, 25.21, 25.21, 25.21, 25.21, 25.2, 25.2, 25.12, 25.11, 25.1, 25.1, 25.1, 25.09]]}]