gis_exercise/awsData/contour/wdir_2023090516.json
[{"header": {"refTime": "2023-09-05T16:00:00.000Z", "nx": 21, "ny": 33, "lo1": 113.509, "la1": 22.2235, "lo2": 113.5947, "la2": 22.1034, "dx": 0.0042850000000001385, "dy": 0.003753125000000024, "parameterCategory": 2, "parameterCategoryName": "Temperature", "parameterNumber": 2}, "data": [0.69, 0.67, 0.65, 0.74, 0.71, 0.61, 0.57, 0.52, 0.51, 0.58, 0.67, 0.75, 0.65, 0.69, 0.22, 0.16, 0.3, 0.25, 0.21, 0.18, 0.7, 0.69, 0.67, 0.64, 0.71, 0.66, 0.53, 0.44, 0.38, 0.5, 0.65, 0.77, 0.69, 0.73, 0.24, 0.35, 0.27, 0.21, 0.17, 0.14, 0.71, 0.7, 0.68, 0.66, 0.73, 0.67, 0.58, 0.37, 0.12, 0.43, 0.67, 0.82, 0.76, 0.78, 0.46, 0.34, 0.23, 0.15, 0.11, 0.09, 0.73, 0.72, 0.71, 0.69, 0.66, 0.72, 0.65, 0.51, 0.39, 0.55, 0.76, 0.91, 0.87, 1.12, 0.47, 0.3, 0.15, 0.06, 0.02, 0.02, 0.75, 0.74, 0.74, 0.73, 0.71, 0.8, 0.77, 0.73, 0.71, 0.75, 0.89, 1.13, 1.15, 1.12, 0.46, 0.22, 0.03, -0.08, -0.09, -0.06, 0.77, 0.77, 0.77, 0.77, 0.77, 0.77, 0.89, 0.91, 0.94, 0.98, 1.14, 1.11, 1.12, 0.92, 0.4, 0.1, -0.18, -0.3, -0.24, -0.15, 1.23, 0.79, 0.8, 0.81, 0.82, 0.84, 1.21, 1.06, 1.11, 1.22, 1.2, 1.07, 0.83, 0.82, 0.32, -0.02, -0.47, -0.64, -0.42, -0.26, 1.23, 1.22, 1.21, 0.92, 0.94, 1.17, 1.2, 1.24, 1.24, 1.24, 1.3, 0.86, 0.78, 0.74, 0.11, -0.18, -0.54, -0.67, -0.48, -0.35, 1.23, 1.22, 1.21, 1.19, 0.92, 0.93, 0.96, 1.21, 1.15, 1.2, 0.97, 0.79, 0.65, 0.72, 0.15, -0.08, -0.3, -0.4, -0.36, -0.29, 1.01, 1.01, 1.0, 1.18, 1.14, 0.91, 0.91, 0.9, 1.03, 1.07, 0.87, 0.75, 0.62, 0.7, 0.18, 0.01, -0.14, -0.23, -0.24, -0.22, 1.02, 1.02, 1.02, 1.01, 0.99, 0.95, 0.95, 0.87, 0.77, 0.93, 0.74, 0.77, 0.73, 0.74, 0.18, 0.06, -0.05, -0.12, -0.15, -0.15, 1.03, 1.03, 1.03, 1.03, 1.03, 1.02, 0.99, 0.79, 0.68, 0.72, 0.69, 0.54, 0.54, 0.77, 0.17, 0.08, 0.01, -0.28, -0.31, -0.32, 1.03, 1.04, 1.05, 1.06, 1.09, 1.14, 1.19, 0.93, 0.76, 0.85, 0.76, 0.54, 0.54, 0.38, 0.36, -0.16, -0.21, -0.24, -0.27, -0.28, 1.04, 1.05, 1.06, 1.08, 1.13, 1.23, 1.46, 1.13, 0.95, 0.92, 0.8, 0.29, 0.26, 0.24, 0.3, -0.15, -0.19, -0.21, -0.24, -0.25, 1.05, 1.05, 1.07, 1.09, 1.13, 1.19, 1.22, 1.32, 1.26, 1.25, 1.26, 0.68, 0.21, 0.18, 0.16, -0.15, -0.17, -0.19, -0.21, -0.23, 1.05, 1.06, 1.49, 1.5, 1.52, 1.4, 1.4, 1.39, 1.37, 1.36, 0.82, 0.7, 0.56, 0.44, 0.37, -0.08, -0.08, -0.09, -0.46, -0.48, 1.49, 1.5, 1.51, 1.53, 1.42, 1.44, 1.47, 1.49, 1.5, 1.48, 0.91, 0.73, 0.52, 0.31, 0.08, -0.47, -0.6, -0.7, -0.78, -0.83, 1.51, 1.52, 1.54, 1.56, 1.46, 1.5, 1.55, 1.63, 1.67, 1.47, 1.25, 0.77, 0.51, 0.11, -0.09, -0.43, -0.61, -0.73, -0.81, -0.86, 1.53, 1.54, 1.56, 1.46, 1.49, 1.54, 1.62, 1.76, 1.85, 1.56, 0.93, 0.66, 0.37, 0.16, -0.4, -0.53, -0.68, -0.79, -0.86, -0.91, 1.54, 1.55, 1.21, 1.24, 1.27, 1.33, 1.43, 1.58, 1.51, 1.2, 0.89, 0.65, 0.41, 0.23, -0.63, -0.7, -0.8, -0.88, -0.93, -0.96, 1.14, 1.15, 1.16, 1.17, 1.19, 1.23, 1.28, 1.35, 1.09, 0.95, 0.76, 0.6, 0.41, -0.78, -0.8, -0.86, -0.92, -0.97, -1.01, -1.02, 1.1, 1.1, 1.1, 1.1, 1.1, 1.1, 1.1, 0.87, 0.77, 0.69, 0.59, 0.51, -0.33, -0.89, -0.93, -0.97, -1.01, -1.06, -1.09, -1.09, 1.06, 1.05, 1.04, 0.7, 0.7, 0.69, 0.66, 0.61, 0.54, 0.49, 0.49, 0.27, -0.96, -0.97, -1.01, -1.04, -1.04, -1.13, -1.18, -1.16, 0.66, 0.65, 0.65, 0.63, 0.61, 0.57, 0.5, 0.4, 0.27, 0.2, 0.27, -0.24, -0.95, -1.04, -1.12, -1.11, -0.89, -1.32, -1.29, -1.23, 0.63, 0.61, 0.6, 0.57, 0.54, 0.48, 0.39, 0.26, 0.04, -0.13, 0.1, -0.22, -0.23, -1.05, -1.14, -1.23, -1.42, -1.64, -1.37, -1.27, 0.6, 0.58, 0.56, 0.53, 0.49, 0.42, 0.34, 0.21, 0.03, -0.12, -0.21, -0.18, -0.19, -1.04, -1.15, -1.14, -1.3, -1.37, -1.34, -1.27, 0.57, 0.55, 0.53, 0.5, 0.45, 0.4, 0.33, 0.24, 0.15, 0.12, -0.12, -0.11, -0.14, -0.77, -0.93, -1.06, -1.17, -1.22, -1.21, -1.17, 0.55, 0.53, 0.51, 0.48, 0.44, 0.39, 0.34, 0.28, 0.25, -0.01, 0.03, -0.25, -0.43, -0.61, -0.84, -0.96, -1.06, -1.11, -1.12, -1.11, 0.54, 0.52, 0.49, 0.46, 0.43, 0.39, 0.35, 0.32, 0.3, 0.12, 0.16, -0.12, -0.34, -0.53, -0.75, -0.88, -0.96, -1.02, -1.04, -1.05, 0.53, 0.51, 0.48, 0.46, 0.43, 0.4, 0.37, 0.34, -0.16, -0.02, 0.07, -0.12, -0.32, -0.49, -0.69, -0.81, -0.89, -0.95, -0.98, -1.0, 0.52, 0.5, 0.48, 0.46, 0.43, 0.41, 0.38, 0.36, -0.21, -0.14, -0.13, -0.21, -0.34, -0.48, -0.66, -0.76, -0.84, -0.89, -0.93, -0.95, 0.51, 0.5, 0.48, 0.46, 0.44, 0.41, 0.39, -0.31, -0.27, -0.24, -0.25, -0.3, -0.39, -0.49, -0.64, -0.73, -0.8, -0.85, -0.89, -0.91]}, {"header": {"refTime": "2023-09-05T16:00:00.000Z", "nx": 21, "ny": 33, "lo1": 113.509, "la1": 22.2235, "lo2": 113.5947, "la2": 22.1034, "dx": 0.0042850000000001385, "dy": 0.003753125000000024, "parameterCategory": 2, "parameterCategoryName": "Temperature", "parameterNumber": 3}, "data": [-2.19, -2.18, -2.16, -1.91, -1.89, -1.52, -1.52, -1.51, -1.49, -1.36, -1.29, -1.22, -1.57, -1.57, -1.73, -1.84, -2.43, -2.51, -2.57, -2.61, -2.2, -2.19, -2.17, -2.14, -1.9, -1.88, -1.54, -1.56, -1.55, -1.41, -1.29, -1.18, -1.51, -1.51, -1.7, -2.32, -2.45, -2.55, -2.61, -2.66, -2.22, -2.2, -2.18, -2.16, -1.91, -1.89, -1.86, -1.59, -1.67, -1.46, -1.27, -1.11, -1.4, -1.42, -2.12, -2.33, -2.5, -2.62, -2.69, -2.72, -2.23, -2.22, -2.21, -2.18, -2.15, -1.91, -1.88, -1.84, -1.8, -1.4, -1.2, -0.98, -1.18, -1.32, -2.08, -2.38, -2.59, -2.73, -2.79, -2.81, -2.25, -2.24, -2.23, -2.22, -2.19, -1.94, -1.93, -1.91, -1.9, -1.33, -1.15, -1.21, -0.69, -1.22, -2.11, -2.49, -2.76, -2.9, -2.93, -2.91, -2.27, -2.27, -2.26, -2.25, -2.24, -2.22, -1.98, -1.98, -1.97, -1.95, -1.76, -1.5, -1.15, -1.83, -2.29, -2.69, -3.02, -3.17, -3.11, -3.01, -2.67, -2.3, -2.3, -2.3, -2.29, -2.27, -2.28, -2.06, -2.06, -2.32, -2.35, -2.1, -2.49, -2.42, -2.54, -2.89, -3.36, -3.54, -3.3, -3.14, -2.68, -2.67, -2.67, -2.55, -2.54, -2.35, -2.31, -2.26, -2.3, -2.26, -2.07, -3.14, -3.33, -2.87, -3.72, -3.76, -3.82, -3.84, -3.81, -3.79, -2.69, -2.68, -2.68, -2.68, -2.57, -2.56, -2.51, -2.29, -2.21, -2.35, -2.81, -3.22, -3.48, -3.35, -3.72, -3.75, -3.78, -3.8, -3.79, -3.78, -2.77, -2.77, -2.77, -2.7, -2.7, -2.62, -2.57, -2.52, -2.25, -2.2, -3.03, -3.28, -3.5, -3.37, -3.72, -3.74, -3.76, -3.77, -3.78, -3.77, -2.78, -2.78, -2.77, -2.77, -2.76, -2.74, -2.75, -2.72, -2.53, -2.28, -2.79, -3.22, -3.31, -3.3, -3.72, -3.74, -3.75, -3.76, -3.76, -3.76, -2.78, -2.78, -2.78, -2.78, -2.78, -2.77, -2.77, -2.69, -2.65, -2.92, -2.77, -3.33, -3.4, -3.23, -3.72, -3.73, -3.74, -3.69, -3.69, -3.69, -2.78, -2.78, -2.79, -2.79, -2.8, -2.82, -2.85, -2.74, -2.68, -2.71, -3.02, -3.26, -3.33, -3.56, -3.55, -3.65, -3.65, -3.65, -3.66, -3.66, -2.78, -2.79, -2.79, -2.8, -2.82, -2.86, -2.95, -2.82, -2.75, -2.74, -3.01, -3.17, -3.23, -3.26, -3.51, -3.6, -3.61, -3.62, -3.63, -3.64, -2.79, -2.79, -2.8, -2.8, -2.82, -2.84, -2.85, -2.89, -2.87, -2.87, -2.87, -2.99, -3.22, -3.25, -3.26, -3.55, -3.57, -3.58, -3.6, -3.61, -2.79, -2.79, -2.96, -2.96, -2.97, -2.92, -2.93, -2.92, -2.91, -2.91, -3.0, -3.03, -3.08, -3.36, -3.36, -3.62, -3.67, -3.72, -3.8, -3.83, -2.96, -2.96, -2.97, -2.97, -2.93, -2.94, -2.95, -2.96, -2.96, -2.96, -3.04, -3.07, -3.11, -3.17, -3.42, -3.45, -3.51, -3.55, -3.58, -3.59, -2.97, -2.97, -2.98, -2.98, -2.95, -2.96, -2.98, -3.01, -3.03, -3.14, -3.16, -3.09, -3.14, -3.41, -3.32, -3.44, -3.51, -3.56, -3.59, -3.61, -2.97, -2.98, -2.98, -2.95, -2.96, -2.98, -3.01, -3.06, -3.14, -3.14, -2.69, -2.69, -3.48, -3.46, -3.43, -3.49, -3.55, -3.59, -3.62, -3.63, -2.98, -2.98, -2.37, -2.39, -2.43, -2.49, -2.58, -2.74, -2.86, -2.7, -2.6, -2.59, -3.53, -3.55, -3.53, -3.57, -3.61, -3.64, -3.65, -3.65, -2.29, -2.3, -2.3, -2.32, -2.33, -2.37, -2.42, -2.48, -2.54, -2.48, -2.42, -2.43, -3.6, -3.6, -3.62, -3.66, -3.69, -3.7, -3.69, -3.67, -2.24, -2.24, -2.23, -2.23, -2.22, -2.21, -2.21, -1.84, -2.21, -2.18, -2.18, -2.23, -2.79, -3.65, -3.69, -3.74, -3.78, -3.76, -3.72, -3.69, -2.19, -2.18, -2.16, -1.62, -1.62, -1.61, -1.59, -1.54, -1.46, -1.4, -1.39, -2.34, -2.59, -3.69, -3.74, -3.82, -3.92, -3.83, -3.73, -3.69, -1.56, -1.56, -1.55, -1.54, -1.51, -1.47, -1.4, -1.29, -1.15, -1.07, -1.14, -1.6, -2.51, -2.88, -3.22, -3.84, -4.2, -3.74, -3.67, -3.67, -1.52, -1.51, -1.49, -1.46, -1.42, -1.36, -1.27, -1.12, -0.89, -0.71, -0.95, -1.48, -1.85, -2.82, -3.16, -3.42, -3.63, -3.44, -3.61, -3.65, -1.48, -1.46, -1.44, -1.4, -1.36, -1.29, -1.19, -1.06, -0.86, -0.72, -1.09, -1.42, -1.75, -2.75, -3.05, -3.32, -3.38, -3.36, -3.61, -3.64, -1.45, -1.43, -1.4, -1.36, -1.31, -1.25, -1.17, -1.07, -0.97, -0.93, -1.19, -1.4, -1.66, -2.77, -2.99, -3.16, -3.25, -3.28, -3.28, -3.26, -1.43, -1.4, -1.37, -1.33, -1.28, -1.23, -1.16, -1.09, -1.03, -1.16, -1.19, -1.11, -1.25, -1.41, -2.83, -3.01, -3.12, -3.17, -3.19, -3.19, -1.41, -1.38, -1.35, -1.31, -1.27, -1.22, -1.16, -1.11, -1.06, -1.13, -0.99, -1.09, -1.22, -1.37, -2.7, -2.88, -2.99, -3.07, -3.1, -3.12, -1.39, -1.36, -1.33, -1.3, -1.26, -1.22, -1.17, -1.13, -1.07, -1.04, -1.03, -1.11, -1.22, -1.34, -2.6, -2.77, -2.89, -2.98, -3.02, -3.05, -1.38, -1.35, -1.33, -1.3, -1.26, -1.22, -1.18, -1.15, -1.1, -1.09, -1.1, -1.16, -1.24, -1.34, -2.55, -2.7, -2.82, -2.9, -2.96, -2.99, -1.37, -1.35, -1.32, -1.29, -1.26, -1.23, -1.2, -1.15, -1.14, -1.14, -1.16, -1.2, -1.27, -1.34, -2.52, -2.66, -2.76, -2.84, -2.9, -2.94]}, {"header": {"refTime": "2023-09-05T16:00:00.000Z", "nx": 21, "ny": 33, "lo1": 113.509, "la1": 22.2235, "lo2": 113.5947, "la2": 22.1034, "dx": 0.0042850000000001385, "dy": 0.003753125000000024, "parameterCategory": 0, "parameterCategoryName": "Temperature", "parameterNumber": 0}, "data": [[32.52, 32.51, 32.5, 32.29, 32.3, 32.51, 32.51, 32.51, 32.51, 32.49, 32.52, 32.55, 32.83, 32.85, 32.82, 32.83, 33.05, 33.05, 33.05, 33.05], [32.52, 32.52, 32.51, 32.5, 32.3, 32.31, 32.5, 32.48, 32.48, 32.48, 32.52, 32.56, 32.85, 32.87, 32.84, 33.05, 33.05, 33.05, 33.05, 33.05], [32.53, 32.52, 32.51, 32.5, 32.3, 32.3, 32.32, 32.47, 32.42, 32.47, 32.53, 32.6, 32.88, 32.9, 33.05, 33.05, 33.05, 33.05, 33.05, 33.05], [32.53, 32.53, 32.52, 32.51, 32.5, 32.3, 32.31, 32.33, 32.35, 32.48, 32.55, 32.65, 32.92, 32.87, 33.05, 33.05, 33.05, 33.05, 33.05, 33.05], [32.54, 32.54, 32.53, 32.52, 32.51, 32.29, 32.29, 32.3, 32.3, 32.48, 32.56, 32.86, 32.95, 32.89, 33.05, 33.05, 33.04, 33.04, 33.04, 33.04], [32.55, 32.55, 32.55, 32.54, 32.52, 32.5, 32.28, 32.28, 32.27, 32.25, 32.71, 32.83, 32.91, 33.07, 33.06, 33.05, 33.04, 33.03, 33.04, 33.04], [32.63, 32.57, 32.56, 32.56, 32.54, 32.52, 32.4, 32.27, 32.26, 32.38, 32.42, 32.78, 33.11, 33.1, 33.07, 33.05, 33.02, 33.02, 33.0, 33.0], [32.64, 32.65, 32.65, 32.64, 32.63, 32.48, 32.42, 32.35, 32.33, 32.35, 32.25, 32.86, 32.87, 33.1, 33.07, 33.1, 33.05, 33.04, 33.06, 33.08], [32.56, 32.57, 32.67, 32.68, 32.68, 32.66, 32.59, 32.4, 32.24, 32.41, 32.52, 32.68, 32.76, 32.66, 33.08, 33.1, 33.08, 33.07, 33.07, 33.08], [32.9, 32.9, 32.9, 32.62, 32.66, 32.76, 32.69, 32.59, 32.19, 32.2, 32.77, 32.58, 32.64, 32.62, 33.08, 33.11, 33.1, 33.09, 33.09, 33.09], [32.9, 32.9, 32.9, 32.9, 32.9, 32.9, 32.9, 32.9, 32.69, 32.23, 32.1, 32.52, 32.57, 32.57, 33.08, 33.12, 33.11, 33.1, 33.1, 33.1], [32.9, 32.9, 32.9, 32.9, 32.9, 32.9, 32.9, 32.9, 32.9, -999.0, 32.1, 33.2, 33.2, 32.54, 33.08, 33.13, 33.12, 31.98, 32.0, 32.01], [32.9, 32.9, 32.9, 32.9, 32.9, 32.9, 32.9, 32.9, 32.9, 32.9, -999.0, 33.2, 33.2, 31.89, 32.47, 32.34, 32.36, 32.14, 32.17, 32.19], [32.9, 32.9, 32.9, 32.9, 32.9, 32.9, 32.9, 32.9, 32.9, 32.9, -999.0, 31.2, 31.2, 31.2, 32.3, 32.19, 32.22, 32.0, 32.05, 32.08], [32.9, 32.9, 32.9, 32.9, 32.9, 32.9, 32.9, 32.4, 32.4, 32.4, 32.4, 31.94, 31.2, 31.2, 31.2, 32.02, 32.08, 31.87, 31.93, 31.99], [32.9, 32.9, 32.59, 32.58, 32.57, 32.4, 32.4, 32.4, 32.4, 32.4, 31.64, 31.73, 31.61, 31.52, 31.63, 31.38, 31.41, 31.36, 31.8, 31.85], [32.58, 32.58, 32.72, 32.72, 32.4, 32.4, 32.4, 32.4, 32.4, 32.4, 31.88, 31.74, 31.58, 31.43, 31.4, 31.47, 31.57, 31.65, 31.71, 31.75], [32.72, 32.72, 32.71, 32.69, 32.4, 32.4, 32.4, 32.4, 32.4, 32.1, 31.93, 31.75, 31.57, 31.41, 31.23, 31.44, 31.58, 31.67, 31.73, 31.77], [32.71, 32.7, 32.69, 32.4, 32.4, 32.4, 32.4, 32.4, 32.29, 32.17, 32.07, 31.92, 31.62, 31.48, 31.42, 31.52, 31.64, 31.72, 31.77, 31.8], [32.7, 32.7, 32.46, 32.45, 32.45, 32.45, 32.44, 32.42, 32.3, 32.21, 32.1, 31.97, 31.67, 31.57, 31.6, 31.65, 31.73, 31.78, 31.82, 31.85], [32.46, 32.46, 32.46, 32.44, 32.44, 32.44, 32.43, 32.43, 32.24, 32.19, 32.12, 32.02, 31.71, 31.71, 31.73, 31.77, 31.82, 31.86, 31.88, 31.89], [32.45, 32.45, 32.45, 32.44, 32.44, 32.44, 32.44, 32.43, 32.23, 32.2, 32.15, 32.08, 31.78, 31.8, 31.83, 31.87, 31.9, 31.93, 31.94, 31.94], [32.45, 32.45, 32.45, 32.44, 32.44, 32.44, 32.44, 32.44, 32.45, 32.45, 32.45, 32.26, 32.26, 31.86, 31.9, 31.93, 31.94, 31.99, 32.01, 31.99], [32.44, 32.44, 32.44, 32.44, 32.44, 32.44, 32.45, 32.45, 32.46, 32.46, 32.46, 32.28, 32.27, 32.23, 32.18, 31.98, 31.87, 32.11, 32.08, 32.03], [32.44, 32.44, 32.44, 32.44, 32.44, 32.44, 32.45, 32.46, 32.47, 32.48, 32.47, 32.3, 32.23, 32.24, 32.2, 32.18, 32.16, 32.29, 32.13, 32.06], [32.44, 32.44, 32.44, 32.44, 32.44, 32.44, 32.45, 32.46, 32.47, 32.48, 32.38, 32.31, 32.25, 32.26, 32.23, 32.21, 32.24, 32.26, 32.11, 32.06], [32.44, 32.44, 32.44, 32.44, 32.44, 32.44, 32.45, 32.45, 32.45, 32.46, 32.36, 32.32, 32.27, 32.24, 32.23, 32.22, 32.23, 32.24, 32.23, 32.23], [32.44, 32.44, 32.44, 32.44, 32.44, 32.44, 32.44, 32.44, 32.44, 32.36, 32.36, 32.46, 32.47, 32.49, 32.24, 32.23, 32.23, 32.23, 32.23, 32.23], [32.44, 32.44, 32.44, 32.44, 32.44, 32.44, 32.44, 32.44, 32.43, 32.37, 32.42, 32.44, 32.46, 32.48, 32.25, 32.24, 32.24, 32.23, 32.23, 32.23], [32.44, 32.44, 32.44, 32.44, 32.44, 32.44, 32.44, 32.43, 32.45, 32.43, 32.43, 32.44, 32.46, 32.48, 32.26, 32.25, 32.24, 32.24, 32.23, 32.23], [32.44, 32.44, 32.44, 32.44, 32.44, 32.44, 32.43, 32.43, 32.45, 32.45, 32.44, 32.45, 32.46, 32.48, 32.27, 32.25, 32.25, 32.24, 32.24, 32.23], [32.44, 32.44, 32.44, 32.44, 32.43, 32.43, 32.43, 32.46, 32.46, 32.46, 32.46, 32.46, 32.47, 32.48, 32.27, 32.26, 32.25, 32.24, 32.24, 32.24]]}]