gis_exercise/awsData/contour/wdir_2023090406.json
[{"header": {"refTime": "2023-09-04T06:00:00.000Z", "nx": 21, "ny": 33, "lo1": 113.509, "la1": 22.2235, "lo2": 113.5947, "la2": 22.1034, "dx": 0.0042850000000001385, "dy": 0.003753125000000024, "parameterCategory": 2, "parameterCategoryName": "Temperature", "parameterNumber": 2}, "data": [0.63, 0.62, 0.61, 0.92, 0.88, 0.8, 0.74, 0.69, 0.67, 0.67, 0.76, 0.85, 0.93, 0.97, 1.11, 1.15, 1.56, 1.57, 1.58, 1.59, 0.63, 0.63, 0.62, 0.61, 0.88, 0.82, 0.7, 0.59, 0.52, 0.58, 0.75, 0.87, 0.97, 1.01, 1.14, 1.55, 1.57, 1.58, 1.59, 1.6, 0.64, 0.64, 0.63, 0.63, 0.91, 0.84, 0.73, 0.51, 0.2, 0.52, 0.77, 0.93, 1.03, 1.07, 1.52, 1.55, 1.58, 1.59, 1.6, 1.61, 0.65, 0.65, 0.65, 0.65, 0.64, 0.9, 0.81, 0.65, 0.51, 0.64, 0.87, 1.03, 1.14, 1.4, 1.52, 1.56, 1.59, 1.61, 1.62, 1.62, 0.65, 0.65, 0.66, 0.67, 0.68, 0.99, 0.96, 0.91, 0.88, 0.84, 0.99, 1.39, 1.36, 1.39, 1.52, 1.58, 1.62, 1.64, 1.65, 1.64, 0.65, 0.66, 0.67, 0.68, 0.71, 0.76, 1.11, 1.14, 1.16, 1.16, 1.42, 1.41, 1.39, 1.57, 1.54, 1.61, 1.67, 1.69, 1.68, 1.66, 1.27, 0.65, 0.66, 0.69, 0.73, 0.8, 1.26, 1.34, 1.38, 1.54, 1.5, 1.44, 1.63, 1.66, 1.56, 1.63, 1.73, 1.77, 1.83, 1.83, 1.25, 1.23, 1.21, 1.2, 1.21, 1.07, 1.21, 1.44, 1.67, 1.54, 1.46, 1.63, 1.67, 1.75, 1.88, 1.87, 1.86, 1.85, 1.86, 1.87, 1.24, 1.21, 1.17, 1.12, 1.09, 1.12, 1.28, 1.29, 1.74, 1.55, 1.67, 1.78, 1.97, 1.88, 1.91, 1.89, 1.87, 1.87, 1.87, 1.87, 1.4, 1.36, 1.29, 1.06, 0.92, 0.85, 1.11, 1.39, 1.83, 1.78, 1.76, 1.88, 2.05, 1.92, 1.93, 1.9, 1.89, 1.88, 1.88, 1.87, 1.42, 1.38, 1.31, 1.2, 0.96, 0.25, 1.14, 1.61, 1.66, 1.9, 2.04, 1.86, 1.9, 1.89, 1.94, 1.91, 1.9, 1.89, 1.88, 1.88, 1.44, 1.41, 1.37, 1.3, 1.18, 1.13, 1.48, 1.88, 2.04, 2.29, 2.08, 2.07, 2.06, 1.85, 1.93, 1.91, 1.9, 2.37, 2.37, 2.37, 1.47, 1.46, 1.44, 1.44, 1.47, 1.62, 1.86, 1.96, 2.02, 1.9, 2.29, 2.08, 2.07, 2.35, 2.38, 2.49, 2.47, 2.45, 2.44, 2.43, 1.51, 1.51, 1.52, 1.55, 1.63, 1.83, 2.14, 1.95, 1.91, 1.87, 2.29, 2.59, 2.63, 2.67, 2.49, 2.59, 2.56, 2.54, 2.51, 2.49, 1.54, 1.55, 1.57, 1.61, 1.69, 1.81, 1.91, 1.88, 1.79, 1.72, 1.66, 2.03, 2.71, 2.77, 2.8, 2.7, 2.66, 2.62, 2.58, 2.55, 1.56, 1.58, 1.01, 1.06, 1.12, 1.71, 1.69, 1.63, 1.56, 1.52, 1.83, 2.01, 2.22, 2.42, 2.53, 3.0, 2.97, 2.94, 2.79, 2.75, 0.94, 0.95, 0.97, 1.0, 1.56, 1.52, 1.43, 1.32, 1.25, 1.27, 1.7, 1.98, 2.29, 2.61, 2.85, 2.94, 2.83, 2.74, 2.67, 2.62, 0.92, 0.93, 0.93, 0.93, 1.43, 1.33, 1.18, 0.96, 0.85, 1.2, 1.55, 1.92, 2.31, 2.82, 3.21, 2.98, 2.82, 2.71, 2.64, 2.59, 0.9, 0.9, 0.89, 1.41, 1.33, 1.2, 0.99, 0.64, 0.4, 0.97, 1.35, 1.76, 2.34, 2.69, 3.01, 2.89, 2.75, 2.66, 2.59, 2.55, 0.88, 0.88, 1.29, 1.24, 1.17, 1.06, 0.9, 0.66, 0.62, 0.97, 1.36, 1.7, 2.25, 2.5, 2.8, 2.74, 2.65, 2.58, 2.53, 2.5, 1.34, 1.31, 1.28, 1.24, 1.18, 1.1, 0.99, 0.88, 1.02, 1.19, 1.43, 1.67, 2.19, 2.67, 2.65, 2.6, 2.54, 2.49, 2.46, 2.45, 1.33, 1.31, 1.29, 1.25, 1.21, 1.16, 1.11, 0.78, 1.28, 1.38, 1.52, 1.67, 2.66, 2.57, 2.53, 2.5, 2.46, 2.42, 2.39, 2.38, 1.33, 1.32, 1.3, 0.84, 0.85, 0.87, 0.9, 0.95, 1.0, 1.04, 1.03, 1.59, 2.04, 2.49, 2.46, 2.43, 2.43, 2.35, 2.31, 2.32, 0.84, 0.85, 0.86, 0.88, 0.9, 0.94, 1.0, 1.09, 1.21, 1.26, 1.19, 1.74, 2.02, 2.07, 2.13, 2.37, 2.57, 2.18, 2.2, 2.26, 0.86, 0.87, 0.88, 0.9, 0.94, 0.98, 1.06, 1.18, 1.39, 1.56, 1.31, 1.69, 1.76, 2.05, 2.09, 2.11, 2.09, 1.89, 2.13, 2.23, 0.87, 0.88, 0.9, 0.92, 0.95, 1.0, 1.07, 1.19, 1.37, 1.52, 1.61, 1.6, 1.67, 2.03, 2.06, 1.86, 1.87, 1.84, 2.16, 2.23, 0.88, 0.89, 0.9, 0.93, 0.95, 0.99, 1.04, 1.11, 1.18, 1.18, 1.43, 1.45, 1.55, 1.56, 1.68, 1.77, 1.81, 1.82, 1.82, 1.82, 0.88, 0.89, 0.9, 0.92, 0.94, 0.97, 0.99, 1.01, 1.0, 1.2, 1.14, 1.03, 1.1, 1.16, 1.59, 1.68, 1.74, 1.77, 1.78, 1.78, 0.88, 0.89, 0.9, 0.91, 0.93, 0.94, 0.94, 0.93, 0.87, 0.95, 0.67, 0.89, 1.03, 1.11, 1.51, 1.61, 1.67, 1.71, 1.73, 1.74, 0.88, 0.89, 0.9, 0.91, 0.91, 0.92, 0.91, 0.88, 0.97, 0.83, 0.74, 0.88, 1.0, 1.08, 1.46, 1.55, 1.62, 1.66, 1.69, 1.71, 0.88, 0.88, 0.89, 0.9, 0.9, 0.9, 0.89, 0.86, 0.99, 0.92, 0.89, 0.94, 1.01, 1.07, 1.43, 1.51, 1.58, 1.62, 1.65, 1.68, 0.88, 0.88, 0.88, 0.89, 0.89, 0.88, 0.87, 1.06, 1.02, 0.98, 0.97, 0.99, 1.04, 1.08, 1.41, 1.49, 1.55, 1.59, 1.62, 1.65]}, {"header": {"refTime": "2023-09-04T06:00:00.000Z", "nx": 21, "ny": 33, "lo1": 113.509, "la1": 22.2235, "lo2": 113.5947, "la2": 22.1034, "dx": 0.0042850000000001385, "dy": 0.003753125000000024, "parameterCategory": 2, "parameterCategoryName": "Temperature", "parameterNumber": 3}, "data": [-0.73, -0.72, -0.7, -0.84, -0.79, -0.58, -0.53, -0.48, -0.46, -0.5, -0.58, -0.65, -0.81, -0.86, -0.75, -0.78, -1.36, -1.37, -1.37, -1.38, -0.74, -0.73, -0.71, -0.68, -0.8, -0.73, -0.5, -0.39, -0.33, -0.42, -0.56, -0.66, -0.84, -0.89, -0.77, -1.34, -1.35, -1.37, -1.37, -1.38, -0.76, -0.75, -0.73, -0.7, -0.83, -0.75, -0.63, -0.33, -0.06, -0.36, -0.58, -0.7, -0.87, -0.92, -1.31, -1.33, -1.35, -1.37, -1.38, -1.38, -0.78, -0.77, -0.76, -0.74, -0.71, -0.82, -0.72, -0.56, -0.41, -0.47, -0.66, -0.77, -0.92, -1.26, -1.29, -1.34, -1.36, -1.37, -1.38, -1.39, -0.8, -0.79, -0.79, -0.78, -0.77, -0.91, -0.87, -0.82, -0.8, -0.68, -0.79, -1.22, -1.03, -1.22, -1.3, -1.35, -1.37, -1.38, -1.39, -1.39, -0.81, -0.82, -0.82, -0.82, -0.83, -0.84, -1.03, -1.05, -1.08, -1.11, -1.43, -1.33, -1.19, -1.38, -1.34, -1.37, -1.38, -1.39, -1.39, -1.4, -0.73, -0.84, -0.85, -0.86, -0.88, -0.92, -1.37, -1.25, -1.3, -1.63, -1.65, -1.54, -1.61, -1.57, -1.41, -1.4, -1.39, -1.39, -1.39, -1.39, -0.71, -0.73, -0.75, -1.39, -1.39, -1.29, -1.35, -1.44, -1.57, -1.61, -1.59, -1.87, -1.91, -1.72, -1.78, -1.67, -1.54, -1.49, -1.56, -1.61, -0.69, -0.7, -0.72, -0.75, -1.33, -1.35, -1.41, -1.38, -1.63, -1.64, -1.77, -1.86, -1.9, -1.88, -1.8, -1.71, -1.63, -1.59, -1.61, -1.63, -0.81, -0.81, -0.82, -0.71, -0.75, -1.22, -1.35, -1.49, -1.71, -1.7, -1.81, -1.86, -1.9, -1.88, -1.81, -1.74, -1.69, -1.66, -1.65, -1.66, -0.8, -0.79, -0.8, -0.8, -0.83, -0.88, -0.93, -1.12, -1.66, -1.78, -1.86, -1.85, -1.87, -1.87, -1.81, -1.76, -1.72, -1.7, -1.69, -1.68, -0.78, -0.77, -0.77, -0.76, -0.76, -0.78, -0.86, -1.31, -1.57, -1.47, -1.89, -1.99, -1.98, -1.86, -1.8, -1.77, -1.74, -1.76, -1.75, -1.75, -0.77, -0.75, -0.73, -0.71, -0.65, -0.54, -0.44, -1.03, -1.38, -1.19, -1.37, -2.0, -1.99, -2.01, -2.01, -1.83, -1.81, -1.8, -1.79, -1.78, -0.75, -0.73, -0.71, -0.66, -0.57, -0.36, 0.12, -0.59, -0.96, -1.03, -1.28, -2.04, -2.04, -2.04, -2.03, -1.87, -1.85, -1.83, -1.82, -1.81, -0.75, -0.72, -0.7, -0.65, -0.57, -0.46, -0.4, -0.45, -0.63, -0.71, -0.72, -1.53, -2.05, -2.06, -2.06, -1.91, -1.89, -1.87, -1.85, -1.83, -0.74, -0.72, -0.16, -0.14, -0.1, -0.38, -0.39, -0.45, -0.53, -0.58, -1.39, -1.48, -1.59, -1.67, -1.73, -1.86, -1.81, -1.77, -1.59, -1.55, -0.18, -0.17, -0.16, -0.13, -0.42, -0.41, -0.4, -0.41, -0.44, -0.48, -1.27, -1.44, -1.61, -1.78, -1.75, -1.62, -1.45, -1.31, -1.21, -1.13, -0.18, -0.17, -0.15, -0.14, -0.42, -0.4, -0.38, -0.34, -0.33, -0.43, -0.63, -1.38, -1.61, -1.73, -2.07, -1.68, -1.43, -1.27, -1.16, -1.09, -0.17, -0.16, -0.15, -0.44, -0.42, -0.39, -0.35, -0.27, -0.2, -0.39, -0.8, -1.05, -1.35, -1.6, -1.72, -1.54, -1.33, -1.18, -1.09, -1.03, -0.17, -0.16, -0.09, -0.1, -0.1, -0.11, -0.13, -0.13, -0.38, -0.56, -0.78, -0.99, -1.25, -1.41, -1.39, -1.29, -1.16, -1.06, -0.99, -0.95, -0.11, -0.11, -0.12, -0.13, -0.14, -0.15, -0.16, -0.17, -0.56, -0.65, -0.79, -0.94, -1.16, -1.19, -1.15, -1.07, -0.98, -0.92, -0.88, -0.87, -0.13, -0.13, -0.14, -0.15, -0.17, -0.18, -0.2, -0.47, -0.66, -0.71, -0.8, -0.9, -1.23, -1.03, -0.97, -0.89, -0.82, -0.78, -0.77, -0.78, -0.14, -0.15, -0.16, -0.55, -0.54, -0.54, -0.53, -0.54, -0.54, -0.56, -0.57, -0.54, -0.51, -0.91, -0.84, -0.76, -0.71, -0.66, -0.66, -0.7, -0.58, -0.58, -0.58, -0.58, -0.57, -0.58, -0.58, -0.59, -0.6, -0.61, -0.61, -0.8, -0.51, -0.49, -0.49, -0.68, -0.72, -0.5, -0.56, -0.64, -0.59, -0.6, -0.6, -0.6, -0.6, -0.61, -0.62, -0.62, -0.63, -0.63, -0.64, -0.8, -0.83, -0.49, -0.47, -0.45, -0.44, -0.3, -0.51, -0.61, -0.61, -0.61, -0.62, -0.62, -0.63, -0.64, -0.65, -0.66, -0.65, -0.65, -0.76, -0.82, -0.84, -0.48, -0.46, -0.5, -0.42, -0.39, -0.54, -0.61, -0.62, -0.63, -0.63, -0.64, -0.65, -0.66, -0.68, -0.69, -0.71, -0.72, -0.83, -0.86, -0.87, -0.65, -0.59, -0.53, -0.48, -0.46, -0.46, -0.48, -0.63, -0.64, -0.65, -0.66, -0.67, -0.69, -0.71, -0.74, -0.77, -0.9, -0.93, -0.78, -0.7, -0.61, -0.62, -0.57, -0.53, -0.51, -0.5, -0.51, -0.64, -0.65, -0.66, -0.67, -0.69, -0.71, -0.73, -0.77, -0.83, -0.97, -1.0, -0.85, -0.74, -0.65, -0.65, -0.6, -0.57, -0.54, -0.53, -0.53, -0.65, -0.66, -0.67, -0.68, -0.7, -0.72, -0.75, -0.79, -0.82, -0.9, -0.95, -0.85, -0.75, -0.67, -0.68, -0.63, -0.6, -0.57, -0.56, -0.55, -0.66, -0.67, -0.68, -0.69, -0.71, -0.73, -0.76, -0.79, -0.8, -0.84, -0.85, -0.81, -0.74, -0.68, -0.69, -0.65, -0.62, -0.6, -0.58, -0.57, -0.66, -0.67, -0.68, -0.7, -0.71, -0.73, -0.75, -0.75, -0.77, -0.79, -0.79, -0.76, -0.72, -0.67, -0.7, -0.66, -0.64, -0.61, -0.6, -0.59]}, {"header": {"refTime": "2023-09-04T06:00:00.000Z", "nx": 21, "ny": 33, "lo1": 113.509, "la1": 22.2235, "lo2": 113.5947, "la2": 22.1034, "dx": 0.0042850000000001385, "dy": 0.003753125000000024, "parameterCategory": 0, "parameterCategoryName": "Temperature", "parameterNumber": 0}, "data": [[27.73, 27.72, 27.71, 27.51, 27.51, 27.78, 27.76, 27.74, 27.74, 27.75, 27.82, 27.89, 28.13, 28.17, 28.19, 28.21, 28.45, 28.44, 28.44, 28.43], [27.74, 27.73, 27.72, 27.7, 27.51, 27.5, 27.73, 27.67, 27.65, 27.7, 27.82, 27.92, 28.18, 28.21, 28.23, 28.46, 28.45, 28.44, 28.43, 28.43], [27.75, 27.74, 27.73, 27.71, 27.51, 27.51, 27.49, 27.62, 27.46, 27.65, 27.84, 27.99, 28.25, 28.28, 28.48, 28.46, 28.44, 28.43, 28.42, 28.42], [27.76, 27.75, 27.74, 27.73, 27.7, 27.52, 27.5, 27.48, 27.46, 27.72, 27.91, 28.1, 28.37, 28.37, 28.49, 28.46, 28.43, 28.42, 28.41, 28.41], [27.78, 27.77, 27.76, 27.75, 27.73, 27.53, 27.52, 27.52, 27.51, 27.8, 27.96, 28.39, 28.57, 28.41, 28.49, 28.44, 28.42, 28.4, 28.4, 28.4], [27.79, 27.79, 27.79, 27.78, 27.76, 27.74, 27.55, 27.56, 27.55, 27.54, 28.13, 28.3, 28.44, 28.57, 28.47, 28.42, 28.39, 28.37, 28.38, 28.39], [27.98, 27.81, 27.82, 27.81, 27.8, 27.78, 27.77, 27.6, 27.6, 27.73, 27.74, 28.14, 28.47, 28.5, 28.44, 28.4, 28.35, 28.33, 28.37, 28.4], [27.99, 27.99, 27.99, 27.99, 27.98, 27.84, 27.8, 27.74, 27.71, 27.7, 27.61, 28.05, 28.06, 28.5, 28.3, 28.3, 28.3, 28.3, 28.3, 28.3], [27.91, 27.92, 28.01, 28.02, 28.02, 28.0, 27.94, 27.78, 27.64, 27.74, 27.81, 27.93, 27.98, 27.91, 28.3, 28.3, 28.3, 28.3, 28.3, 28.3], [28.2, 28.2, 28.2, 27.97, 28.0, 28.09, 28.03, 27.94, 27.59, 27.6, 27.99, 27.85, 27.9, 27.87, 28.3, 28.3, 28.3, 28.3, 28.3, 28.3], [28.2, 28.2, 28.2, 28.2, 28.2, 28.2, 28.2, 28.2, 28.02, 27.63, 27.5, 27.8, 27.84, 27.84, 28.3, 28.3, 28.3, 28.3, 28.3, 28.3], [28.2, 28.2, 28.2, 28.2, 28.2, 28.2, 28.2, 28.2, 28.2, -999.0, 27.5, 28.3, 28.3, 27.82, 28.3, 28.3, 28.3, 27.45, 27.47, 27.47], [28.2, 28.2, 28.2, 28.2, 28.2, 28.2, 28.2, 28.2, 28.2, 28.2, -999.0, 28.3, 28.3, 27.32, 27.75, 27.75, 27.77, 27.58, 27.61, 27.62], [28.2, 28.2, 28.2, 28.2, 28.2, 28.2, 28.2, 28.2, 28.2, 28.2, -999.0, 26.8, 26.8, 26.8, 27.62, 27.63, 27.65, 27.46, 27.5, 27.54], [28.2, 28.2, 28.2, 28.2, 28.2, 28.2, 28.2, 27.3, 27.3, 27.3, 27.3, 27.11, 26.8, 26.8, 26.8, 27.49, 27.53, 27.36, 27.41, 27.46], [28.2, 28.2, 27.63, 27.62, 27.61, 27.3, 27.3, 27.3, 27.3, 27.3, 26.99, 27.02, 26.97, 26.93, 26.98, 27.09, 27.14, 27.06, 27.41, 27.45], [27.62, 27.62, 27.88, 27.87, 27.3, 27.3, 27.3, 27.3, 27.3, 27.3, 27.08, 27.02, 26.96, 26.9, 26.95, 26.94, 26.99, 27.02, 27.05, 27.07], [27.88, 27.87, 27.85, 27.83, 27.3, 27.3, 27.3, 27.3, 27.3, 27.17, 27.11, 27.03, 26.95, 26.95, 26.82, 26.92, 26.99, 27.04, 27.06, 27.08], [27.86, 27.85, 27.83, 27.3, 27.3, 27.3, 27.3, 27.3, 27.26, 27.2, 27.16, 27.09, 27.08, 27.0, 26.91, 26.97, 27.02, 27.06, 27.09, 27.1], [27.85, 27.83, 27.3, 27.3, 27.3, 27.3, 27.3, 27.3, 27.25, 27.21, 27.16, 27.11, 27.13, 27.09, 27.01, 27.04, 27.08, 27.1, 27.11, 27.12], [27.3, 27.3, 27.3, 27.3, 27.3, 27.3, 27.3, 27.3, 27.22, 27.2, 27.17, 27.13, 27.17, 27.07, 27.08, 27.11, 27.14, 27.15, 27.15, 27.14], [27.3, 27.3, 27.3, 27.3, 27.3, 27.3, 27.3, 27.37, 27.21, 27.2, 27.18, 27.15, 27.22, 27.11, 27.14, 27.17, 27.2, 27.2, 27.18, 27.16], [27.3, 27.3, 27.3, 27.4, 27.4, 27.39, 27.39, 27.38, 27.38, 27.38, 27.38, 27.38, 27.28, 27.15, 27.18, 27.23, 27.29, 27.25, 27.19, 27.17], [27.42, 27.41, 27.41, 27.41, 27.4, 27.4, 27.39, 27.38, 27.37, 27.37, 27.38, 27.47, 27.28, 27.28, 27.29, 27.25, 27.43, 27.22, 27.18, 27.17], [27.42, 27.42, 27.42, 27.42, 27.41, 27.41, 27.4, 27.39, 27.36, 27.34, 27.38, 27.47, 27.5, 27.27, 27.27, 27.27, 27.17, 27.09, 27.15, 27.16], [27.43, 27.43, 27.42, 27.42, 27.42, 27.42, 27.42, 27.4, 27.38, 27.35, 27.44, 27.49, 27.51, 27.27, 27.26, 27.3, 27.25, 27.22, 27.15, 27.15], [27.43, 27.43, 27.43, 27.43, 27.43, 27.44, 27.44, 27.43, 27.43, 27.44, 27.5, 27.52, 27.53, 27.41, 27.37, 27.33, 27.29, 27.28, 27.28, 27.29], [27.44, 27.44, 27.44, 27.44, 27.45, 27.45, 27.46, 27.47, 27.49, 27.55, 27.57, 27.46, 27.41, 27.35, 27.39, 27.35, 27.33, 27.31, 27.31, 27.31], [27.44, 27.44, 27.45, 27.45, 27.46, 27.46, 27.48, 27.49, 27.53, 27.62, 27.63, 27.52, 27.44, 27.38, 27.41, 27.38, 27.35, 27.34, 27.33, 27.33], [27.44, 27.45, 27.45, 27.46, 27.46, 27.47, 27.49, 27.51, 27.5, 27.56, 27.6, 27.53, 27.45, 27.39, 27.43, 27.4, 27.37, 27.36, 27.35, 27.34], [27.45, 27.45, 27.46, 27.46, 27.47, 27.48, 27.49, 27.51, 27.48, 27.51, 27.52, 27.49, 27.44, 27.4, 27.44, 27.41, 27.39, 27.37, 27.36, 27.36], [27.45, 27.45, 27.46, 27.47, 27.47, 27.48, 27.49, 27.44, 27.46, 27.48, 27.48, 27.46, 27.43, 27.39, 27.44, 27.42, 27.4, 27.38, 27.37, 27.37]]}]