gis_exercise/awsData/contour/wdir_2023090816.json
[{"header": {"refTime": "2023-09-08T16:00:00.000Z", "nx": 21, "ny": 33, "lo1": 113.509, "la1": 22.2235, "lo2": 113.5947, "la2": 22.1034, "dx": 0.0042850000000001385, "dy": 0.003753125000000024, "parameterCategory": 2, "parameterCategoryName": "Temperature", "parameterNumber": 2}, "data": [-2.39, -2.39, -2.4, -2.26, -2.27, -2.09, -2.1, -2.09, -2.07, -1.68, -1.57, -1.45, -1.53, -1.49, -2.57, -2.72, -2.76, -2.88, -2.98, -3.04, -2.38, -2.39, -2.4, -2.4, -2.27, -2.28, -2.13, -2.15, -2.15, -1.78, -1.58, -1.41, -1.46, -1.42, -2.52, -2.63, -2.82, -2.97, -3.08, -3.13, -2.38, -2.39, -2.39, -2.4, -2.28, -2.28, -2.29, -2.2, -2.31, -1.86, -1.54, -1.32, -1.35, -1.33, -2.36, -2.66, -2.92, -3.11, -3.22, -3.26, -2.37, -2.38, -2.39, -2.4, -2.42, -2.29, -2.3, -2.3, -2.3, -1.73, -1.43, -1.17, -1.15, -1.0, -2.32, -2.75, -3.1, -3.33, -3.42, -3.43, -2.36, -2.37, -2.38, -2.4, -2.42, -2.3, -2.31, -2.3, -2.27, -1.52, -1.29, -0.95, -0.71, -0.95, -2.35, -2.93, -3.41, -3.66, -3.7, -3.62, -2.35, -2.36, -2.37, -2.38, -2.41, -2.45, -2.34, -2.34, -2.28, -2.15, -1.2, -1.08, -0.92, -1.42, -2.51, -3.23, -3.91, -4.19, -4.04, -3.83, -3.33, -2.34, -2.34, -2.36, -2.39, -2.44, -2.25, -2.46, -2.41, -1.99, -1.78, -1.35, -1.75, -1.76, -2.73, -3.54, -4.59, -4.98, -4.54, -4.21, -3.34, -3.29, -3.24, -3.04, -3.03, -2.15, -2.26, -2.5, -2.73, -1.95, -1.49, -2.0, -2.13, -2.05, -3.57, -4.16, -4.88, -5.15, -4.76, -4.49, -3.35, -3.3, -3.22, -3.13, -2.92, -2.93, -3.06, -2.33, -2.93, -2.04, -1.95, -2.25, -2.6, -2.43, -3.5, -3.96, -4.41, -4.61, -4.52, -4.38, -4.0, -3.92, -3.81, -3.09, -2.88, -2.65, -2.97, -3.31, -3.27, -3.05, -2.15, -2.41, -2.72, -2.5, -3.47, -3.79, -4.09, -4.26, -4.29, -4.24, -4.03, -3.96, -3.84, -3.64, -3.2, -1.92, -3.51, -4.29, -3.9, -3.55, -3.3, -2.35, -2.45, -2.42, -3.47, -3.7, -3.9, -4.04, -4.1, -4.11, -4.08, -4.03, -3.95, -3.83, -3.62, -3.51, -4.12, -4.74, -4.95, -4.98, -3.57, -3.48, -3.34, -2.35, -3.49, -3.65, -3.79, -4.19, -4.23, -4.25, -4.14, -4.12, -4.1, -4.09, -4.16, -4.47, -4.93, -4.94, -4.96, -4.79, -4.84, -3.62, -3.46, -2.76, -2.76, -3.89, -3.97, -4.04, -4.09, -4.12, -4.2, -4.21, -4.23, -4.3, -4.48, -4.88, -5.57, -5.05, -4.88, -4.78, -4.91, -3.93, -3.78, -3.68, -2.78, -3.77, -3.84, -3.91, -3.97, -4.02, -4.26, -4.28, -4.33, -4.42, -4.58, -4.83, -5.01, -4.7, -4.44, -4.25, -4.11, -3.12, -3.72, -3.61, -3.55, -3.65, -3.72, -3.8, -3.87, -3.92, -4.3, -4.34, -3.1, -3.2, -3.33, -4.32, -4.27, -4.1, -3.91, -3.8, -2.88, -2.91, -2.93, -2.53, -2.6, -2.88, -2.86, -2.83, -3.48, -3.52, -2.93, -2.96, -2.99, -3.03, -3.95, -3.84, -3.64, -3.37, -3.2, -3.22, -2.58, -2.73, -2.83, -2.91, -2.62, -2.69, -2.59, -2.5, -2.44, -2.4, -2.87, -2.88, -2.87, -2.85, -3.63, -3.41, -3.03, -2.52, -2.26, -2.15, -2.45, -2.57, -2.76, -2.6, -2.94, -2.73, -2.58, -2.48, -2.41, -2.37, -2.81, -2.79, -2.76, -3.58, -3.39, -3.09, -2.59, -1.78, -0.99, -1.76, -1.75, -2.07, -2.19, -2.48, -2.75, -2.64, -2.51, -2.42, -2.37, -2.33, -2.75, -2.72, -3.0, -2.89, -2.73, -2.49, -2.14, -1.65, -1.1, -1.44, -1.79, -2.06, -2.1, -2.29, -2.55, -2.49, -2.41, -2.35, -2.31, -2.29, -3.06, -3.0, -2.93, -2.83, -2.69, -2.5, -2.27, -2.03, -1.55, -1.71, -1.92, -2.11, -2.03, -2.43, -2.4, -2.35, -2.3, -2.26, -2.24, -2.23, -3.01, -2.96, -2.89, -2.8, -2.7, -2.57, -2.44, -1.48, -1.9, -1.99, -2.09, -2.19, -2.75, -2.33, -2.29, -2.24, -2.2, -2.18, -2.17, -2.18, -2.99, -2.94, -2.88, -1.54, -1.56, -1.59, -1.64, -1.71, -1.8, -1.85, -1.82, -2.09, -2.37, -2.26, -2.21, -2.16, -2.12, -2.1, -2.11, -2.14, -1.52, -1.54, -1.55, -1.58, -1.62, -1.68, -1.77, -1.92, -2.09, -2.18, -2.06, -2.26, -2.39, -2.27, -2.18, -2.11, -2.11, -2.01, -2.05, -2.1, -1.54, -1.56, -1.58, -1.61, -1.66, -1.74, -1.85, -2.05, -2.38, -2.65, -2.25, -2.25, -2.13, -2.28, -2.18, -2.09, -1.99, -1.92, -2.03, -2.08, -1.55, -1.57, -1.59, -1.63, -1.68, -1.75, -1.86, -2.04, -2.34, -2.58, -2.37, -2.15, -2.05, -2.3, -2.2, -1.77, -1.81, -1.81, -2.05, -2.09, -1.56, -1.57, -1.6, -1.63, -1.67, -1.72, -1.8, -1.89, -2.0, -2.0, -2.03, -1.94, -1.92, -1.54, -1.64, -1.71, -1.75, -1.77, -1.77, -1.76, -1.56, -1.57, -1.59, -1.61, -1.64, -1.67, -1.7, -1.72, -1.68, -1.7, -1.58, -1.59, -1.68, -1.73, -1.57, -1.64, -1.69, -1.72, -1.73, -1.73, -1.55, -1.57, -1.58, -1.6, -1.61, -1.62, -1.61, -1.57, -1.46, -1.32, -1.02, -1.36, -1.56, -1.66, -1.51, -1.59, -1.64, -1.67, -1.69, -1.69, -1.55, -1.56, -1.57, -1.57, -1.58, -1.57, -1.55, -1.49, -1.51, -1.27, -1.12, -1.33, -1.51, -1.62, -1.47, -1.55, -1.6, -1.63, -1.65, -1.66, -1.54, -1.55, -1.55, -1.56, -1.55, -1.54, -1.51, -1.46, -1.53, -1.41, -1.36, -1.43, -1.53, -1.61, -1.45, -1.52, -1.56, -1.6, -1.62, -1.64, -1.54, -1.54, -1.54, -1.54, -1.53, -1.52, -1.49, -1.64, -1.57, -1.51, -1.48, -1.51, -1.57, -1.62, -1.44, -1.5, -1.54, -1.57, -1.6, -1.62]}, {"header": {"refTime": "2023-09-08T16:00:00.000Z", "nx": 21, "ny": 33, "lo1": 113.509, "la1": 22.2235, "lo2": 113.5947, "la2": 22.1034, "dx": 0.0042850000000001385, "dy": 0.003753125000000024, "parameterCategory": 2, "parameterCategoryName": "Temperature", "parameterNumber": 3}, "data": [-0.82, -0.81, -0.8, -0.6, -0.6, -0.81, -0.78, -0.76, -0.76, -0.75, -0.8, -0.86, -1.44, -1.49, -2.1, -2.23, -2.97, -3.04, -3.1, -3.13, -0.83, -0.82, -0.8, -0.78, -0.6, -0.59, -0.76, -0.71, -0.68, -0.7, -0.8, -0.89, -1.46, -1.52, -2.13, -2.89, -3.0, -3.09, -3.15, -3.19, -0.84, -0.83, -0.82, -0.8, -0.6, -0.59, -0.57, -0.66, -0.51, -0.67, -0.82, -0.94, -1.51, -1.56, -2.73, -2.91, -3.06, -3.17, -3.24, -3.26, -0.85, -0.84, -0.83, -0.82, -0.79, -0.61, -0.59, -0.56, -0.53, -0.72, -0.88, -1.04, -1.56, -1.62, -2.7, -2.96, -3.16, -3.29, -3.35, -3.36, -0.87, -0.86, -0.85, -0.84, -0.82, -0.62, -0.62, -0.61, -0.6, -0.79, -0.92, -1.57, -1.55, -1.62, -2.72, -3.07, -3.34, -3.49, -3.51, -3.47, -0.88, -0.88, -0.88, -0.87, -0.86, -0.84, -0.65, -0.66, -0.65, -0.64, -1.5, -1.6, -1.63, -1.93, -2.83, -3.24, -3.62, -3.79, -3.7, -3.58, -1.25, -0.91, -0.91, -0.9, -0.9, -0.88, -0.88, -0.71, -0.71, -1.1, -1.19, -1.71, -2.16, -2.09, -2.98, -3.42, -4.01, -4.23, -3.75, -3.49, -1.26, -1.25, -1.25, -1.27, -1.25, -0.94, -0.91, -0.86, -0.93, -1.03, -0.85, -2.07, -2.26, -2.19, -3.08, -3.5, -4.03, -4.22, -3.93, -3.74, -1.27, -1.27, -1.26, -1.25, -1.27, -1.26, -1.22, -0.89, -0.95, -1.15, -1.54, -1.94, -2.01, -1.98, -2.96, -3.33, -3.67, -3.82, -3.76, -3.65, -1.54, -1.53, -1.52, -1.27, -1.27, -1.29, -1.29, -1.29, -1.09, -1.04, -1.71, -1.86, -1.92, -1.92, -2.89, -3.18, -3.42, -3.55, -3.58, -3.55, -1.55, -1.54, -1.52, -1.5, -1.44, -1.28, -1.49, -1.61, -1.45, -1.21, -1.48, -1.83, -1.87, -1.89, -2.89, -3.09, -3.27, -3.38, -3.44, -3.45, -1.55, -1.54, -1.53, -1.52, -1.49, -1.48, -1.56, -1.68, -1.73, -1.81, -1.53, -2.13, -2.15, -1.86, -2.91, -3.06, -3.18, -2.49, -2.53, -2.54, -1.56, -1.55, -1.55, -1.55, -1.55, -1.58, -1.63, -1.69, -1.72, -1.68, -1.81, -2.11, -2.14, -1.58, -1.52, -2.06, -2.14, -2.23, -2.29, -2.34, -1.56, -1.56, -1.56, -1.57, -1.59, -1.62, -1.67, -1.66, -1.67, -1.66, -1.8, -1.28, -1.19, -1.11, -1.31, -1.78, -1.87, -1.98, -2.07, -2.14, -1.57, -1.57, -1.58, -1.58, -1.6, -1.62, -1.64, -1.67, -1.66, -1.65, -1.65, -1.0, -1.03, -0.92, -0.85, -1.47, -1.59, -1.73, -1.86, -1.96, -1.58, -1.58, -1.46, -1.47, -1.48, -1.63, -1.63, -1.63, -1.62, -1.62, -1.06, -0.92, -0.75, -0.61, -0.54, -0.26, -0.28, -0.31, -1.06, -1.15, -1.45, -1.45, -1.46, -1.46, -1.61, -1.61, -1.59, -1.57, -1.56, -1.57, -1.02, -0.85, -0.64, -0.41, -0.04, 0.02, -0.01, -0.03, -0.05, -0.06, -1.45, -1.45, -1.45, -1.46, -1.59, -1.58, -1.55, -1.51, -1.49, -1.13, -0.98, -0.82, -0.58, -0.06, 0.08, 0.03, -0.01, -0.04, -0.06, -0.07, -1.45, -1.45, -1.45, -1.59, -1.58, -1.55, -1.52, -1.46, -1.32, -1.17, -0.81, -0.62, -0.26, -0.11, 0.04, 0.01, -0.02, -0.05, -0.07, -0.08, -1.45, -1.45, -1.27, -1.28, -1.28, -1.28, -1.29, -1.31, -1.15, -0.99, -0.81, -0.65, -0.28, -0.16, -0.01, -0.02, -0.04, -0.06, -0.08, -0.09, -1.25, -1.25, -1.25, -1.24, -1.24, -1.24, -1.24, -1.25, -0.97, -0.89, -0.78, -0.67, -0.29, -0.04, -0.04, -0.05, -0.06, -0.08, -0.1, -0.11, -1.23, -1.23, -1.22, -1.21, -1.2, -1.19, -1.18, -0.85, -0.85, -0.81, -0.74, -0.67, -0.06, -0.06, -0.07, -0.07, -0.07, -0.09, -0.12, -0.13, -1.21, -1.21, -1.2, -0.72, -0.73, -0.74, -0.75, -0.75, -0.74, -0.72, -0.7, -0.6, -0.34, -0.08, -0.08, -0.07, -0.03, -0.1, -0.15, -0.15, -0.67, -0.67, -0.68, -0.68, -0.68, -0.68, -0.68, -0.67, -0.66, -0.64, -0.63, -0.2, -0.36, -0.3, -0.24, -0.08, 0.11, -0.2, -0.21, -0.18, -0.65, -0.65, -0.65, -0.64, -0.64, -0.63, -0.62, -0.61, -0.61, -0.62, -0.59, -0.22, -0.12, -0.32, -0.27, -0.24, -0.26, -0.41, -0.26, -0.2, -0.63, -0.62, -0.62, -0.61, -0.6, -0.58, -0.57, -0.56, -0.57, -0.59, -0.33, -0.2, -0.11, -0.33, -0.3, -0.17, -0.23, -0.27, -0.24, -0.21, -0.61, -0.6, -0.59, -0.58, -0.56, -0.54, -0.52, -0.5, -0.48, -0.45, -0.2, -0.14, -0.09, -0.08, -0.11, -0.15, -0.19, -0.21, -0.2, -0.19, -0.59, -0.58, -0.57, -0.55, -0.53, -0.5, -0.47, -0.42, -0.36, -0.1, -0.06, -0.22, -0.28, -0.34, -0.1, -0.13, -0.16, -0.17, -0.18, -0.17, -0.57, -0.56, -0.54, -0.52, -0.5, -0.47, -0.43, -0.36, -0.27, 0.01, 0.05, -0.12, -0.23, -0.3, -0.08, -0.11, -0.13, -0.15, -0.15, -0.15, -0.56, -0.54, -0.53, -0.51, -0.48, -0.44, -0.4, -0.33, -0.17, -0.07, -0.0, -0.11, -0.21, -0.28, -0.07, -0.09, -0.11, -0.13, -0.14, -0.14, -0.55, -0.53, -0.51, -0.49, -0.46, -0.43, -0.39, -0.33, -0.19, -0.13, -0.12, -0.16, -0.22, -0.28, -0.06, -0.08, -0.1, -0.11, -0.12, -0.13, -0.54, -0.52, -0.5, -0.48, -0.46, -0.43, -0.39, -0.24, -0.21, -0.19, -0.18, -0.2, -0.24, -0.28, -0.05, -0.07, -0.09, -0.1, -0.11, -0.12]}, {"header": {"refTime": "2023-09-08T16:00:00.000Z", "nx": 21, "ny": 33, "lo1": 113.509, "la1": 22.2235, "lo2": 113.5947, "la2": 22.1034, "dx": 0.0042850000000001385, "dy": 0.003753125000000024, "parameterCategory": 0, "parameterCategoryName": "Temperature", "parameterNumber": 0}, "data": [[25.54, 25.53, 25.52, 25.28, 25.28, 25.49, 25.48, 25.47, 25.47, 25.39, 25.42, 25.45, 25.63, 25.65, 25.66, 25.67, 25.78, 25.77, 25.77, 25.77], [25.55, 25.54, 25.53, 25.51, 25.28, 25.28, 25.46, 25.44, 25.42, 25.38, 25.42, 25.46, 25.65, 25.67, 25.68, 25.78, 25.77, 25.77, 25.77, 25.76], [25.55, 25.55, 25.54, 25.52, 25.29, 25.29, 25.29, 25.41, 25.33, 25.37, 25.43, 25.5, 25.69, 25.7, 25.79, 25.78, 25.77, 25.77, 25.76, 25.76], [25.56, 25.56, 25.55, 25.54, 25.52, 25.29, 25.29, 25.29, 25.29, 25.38, 25.45, 25.55, 25.75, 25.68, 25.79, 25.78, 25.77, 25.76, 25.76, 25.75], [25.58, 25.57, 25.56, 25.55, 25.54, 25.29, 25.3, 25.29, 25.28, 25.38, 25.46, 25.69, 25.81, 25.71, 25.79, 25.77, 25.76, 25.75, 25.75, 25.75], [25.59, 25.59, 25.58, 25.57, 25.56, 25.55, 25.31, 25.31, 25.29, 25.25, 25.5, 25.62, 25.73, 25.83, 25.78, 25.76, 25.74, 25.74, 25.74, 25.74], [25.72, 25.6, 25.6, 25.6, 25.59, 25.58, 25.47, 25.34, 25.33, 25.31, 25.28, 25.52, 25.79, 25.8, 25.77, 25.75, 25.73, 25.72, 25.74, 25.75], [25.73, 25.73, 25.73, 25.73, 25.72, 25.54, 25.5, 25.47, 25.46, 25.28, 25.12, 25.48, 25.49, 25.8, 25.7, 25.7, 25.7, 25.7, 25.7, 25.7], [25.67, 25.68, 25.75, 25.75, 25.76, 25.74, 25.69, 25.49, 25.34, 25.33, 25.27, 25.37, 25.42, 25.36, 25.7, 25.7, 25.7, 25.7, 25.7, 25.7], [25.9, 25.9, 25.9, 25.71, 25.74, 25.81, 25.76, 25.69, 25.22, 25.24, 25.43, 25.31, 25.35, 25.33, 25.7, 25.7, 25.7, 25.7, 25.7, 25.7], [25.9, 25.9, 25.9, 25.9, 25.9, 25.9, 25.9, 25.9, 25.76, 25.33, 25.0, 25.27, 25.3, 25.3, 25.7, 25.7, 25.7, 25.7, 25.7, 25.7], [25.9, 25.9, 25.9, 25.9, 25.9, 25.9, 25.9, 25.9, 25.9, -999.0, 25.0, 25.7, 25.7, 25.28, 25.7, 25.7, 25.7, 24.96, 24.98, 24.98], [25.9, 25.9, 25.9, 25.9, 25.9, 25.9, 25.9, 25.9, 25.9, 25.9, -999.0, 25.7, 25.7, 24.85, 25.22, 25.23, 25.24, 25.08, 25.1, 25.11], [25.9, 25.9, 25.9, 25.9, 25.9, 25.9, 25.9, 25.9, 25.9, 25.9, -999.0, 24.4, 24.4, 24.4, 25.11, 25.12, 25.14, 24.98, 25.01, 25.04], [25.9, 25.9, 25.9, 25.9, 25.9, 25.9, 25.9, 25.7, 25.7, 25.7, 25.7, 25.2, 24.4, 24.4, 24.4, 25.0, 25.03, 24.88, 24.93, 24.97], [25.9, 25.9, 25.77, 25.77, 25.77, 25.7, 25.7, 25.7, 25.7, 25.7, 24.88, 24.97, 24.85, 24.74, 24.86, 24.88, 24.95, 24.82, 25.09, 25.14], [25.77, 25.77, 25.83, 25.83, 25.7, 25.7, 25.7, 25.7, 25.7, 25.7, 25.14, 24.98, 24.81, 24.65, 24.7, 24.73, 24.85, 24.94, 25.0, 25.05], [25.83, 25.83, 25.82, 25.82, 25.7, 25.7, 25.7, 25.7, 25.7, 25.37, 25.2, 25.0, 24.8, 24.71, 24.44, 24.69, 24.86, 24.96, 25.03, 25.08], [25.82, 25.82, 25.82, 25.7, 25.7, 25.7, 25.7, 25.7, 25.58, 25.45, 25.34, 25.18, 24.99, 24.81, 24.67, 24.79, 24.93, 25.02, 25.08, 25.12], [25.82, 25.82, 25.76, 25.75, 25.75, 25.75, 25.74, 25.72, 25.59, 25.49, 25.37, 25.24, 25.08, 24.98, 24.89, 24.96, 25.04, 25.11, 25.15, 25.17], [25.76, 25.76, 25.76, 25.74, 25.74, 25.74, 25.73, 25.73, 25.52, 25.47, 25.39, 25.29, 25.16, 25.02, 25.05, 25.11, 25.17, 25.21, 25.22, 25.22], [25.75, 25.75, 25.75, 25.74, 25.74, 25.74, 25.74, 25.8, 25.51, 25.48, 25.42, 25.35, 25.27, 25.13, 25.18, 25.25, 25.3, 25.31, 25.29, 25.27], [25.75, 25.75, 25.75, 25.84, 25.83, 25.83, 25.83, 25.82, 25.82, 25.83, 25.83, 25.74, 25.62, 25.21, 25.27, 25.35, 25.43, 25.41, 25.35, 25.31], [25.85, 25.85, 25.85, 25.85, 25.84, 25.84, 25.84, 25.84, 25.83, 25.83, 25.84, 25.85, 25.62, 25.59, 25.57, 25.41, 25.58, 25.44, 25.37, 25.33], [25.86, 25.86, 25.86, 25.86, 25.85, 25.85, 25.85, 25.85, 25.83, 25.82, 25.85, 25.86, 25.86, 25.59, 25.57, 25.54, 25.41, 25.37, 25.36, 25.33], [25.86, 25.86, 25.86, 25.86, 25.87, 25.87, 25.87, 25.86, 25.85, 25.83, 25.86, 25.88, 25.87, 25.6, 25.57, 25.58, 25.54, 25.52, 25.35, 25.33], [25.87, 25.87, 25.87, 25.87, 25.88, 25.88, 25.88, 25.88, 25.88, 25.89, 25.91, 25.91, 25.9, 25.71, 25.66, 25.61, 25.58, 25.56, 25.57, 25.58], [25.87, 25.87, 25.88, 25.88, 25.89, 25.89, 25.9, 25.91, 25.93, 25.96, 25.97, 25.89, 25.84, 25.78, 25.69, 25.65, 25.62, 25.6, 25.6, 25.6], [25.88, 25.88, 25.88, 25.89, 25.89, 25.9, 25.91, 25.93, 25.96, 26.01, 26.04, 25.94, 25.87, 25.8, 25.72, 25.68, 25.65, 25.63, 25.62, 25.62], [25.88, 25.88, 25.89, 25.89, 25.9, 25.91, 25.92, 25.94, 25.92, 25.98, 26.01, 25.95, 25.88, 25.82, 25.74, 25.7, 25.67, 25.65, 25.64, 25.64], [25.88, 25.89, 25.89, 25.9, 25.91, 25.91, 25.93, 25.94, 25.91, 25.94, 25.94, 25.91, 25.87, 25.82, 25.75, 25.72, 25.69, 25.67, 25.66, 25.65], [25.89, 25.89, 25.9, 25.9, 25.91, 25.92, 25.93, 25.87, 25.89, 25.9, 25.9, 25.88, 25.85, 25.82, 25.76, 25.73, 25.71, 25.69, 25.67, 25.67]]}]