gis_exercise/awsData/contour/wdir_2023091115.json
[{"header": {"refTime": "2023-09-11T15:00:00.000Z", "nx": 21, "ny": 33, "lo1": 113.509, "la1": 22.2235, "lo2": 113.5947, "la2": 22.1034, "dx": 0.0042850000000001385, "dy": 0.003753125000000024, "parameterCategory": 2, "parameterCategoryName": "Temperature", "parameterNumber": 2}, "data": [-1.9, -1.91, -1.93, -2.21, -2.21, -2.35, -2.34, -2.32, -2.32, -2.2, -2.22, -2.23, -2.29, -2.3, -3.32, -3.44, -3.52, -3.6, -3.66, -3.69, -1.89, -1.91, -1.93, -1.95, -2.21, -2.2, -2.33, -2.29, -2.28, -2.2, -2.22, -2.24, -2.3, -2.31, -3.33, -3.45, -3.57, -3.66, -3.73, -3.76, -1.88, -1.89, -1.91, -1.94, -2.21, -2.21, -2.2, -2.27, -2.19, -2.19, -2.22, -2.26, -2.33, -2.33, -3.3, -3.48, -3.64, -3.76, -3.83, -3.85, -1.86, -1.87, -1.89, -1.92, -1.96, -2.22, -2.21, -2.2, -2.18, -2.19, -2.24, -2.3, -2.38, -2.3, -3.28, -3.54, -3.76, -3.91, -3.97, -3.96, -1.83, -1.85, -1.87, -1.9, -1.94, -2.23, -2.23, -2.22, -2.21, -2.19, -2.23, -2.32, -2.44, -2.33, -3.3, -3.66, -3.97, -4.14, -4.16, -4.1, -1.81, -1.81, -1.83, -1.86, -1.9, -1.96, -2.26, -2.26, -2.24, -2.19, -2.16, -2.25, -2.35, -3.01, -3.36, -3.84, -4.32, -4.52, -4.41, -4.24, -2.47, -1.77, -1.78, -1.8, -1.84, -1.91, -1.96, -2.33, -2.31, -2.15, -2.06, -2.14, -3.02, -3.17, -3.42, -4.03, -4.8, -5.09, -5.16, -5.02, -2.46, -2.42, -2.37, -2.45, -2.44, -1.76, -1.93, -2.19, -2.46, -2.14, -1.96, -2.66, -2.84, -3.42, -4.4, -4.75, -5.17, -5.32, -5.09, -4.94, -2.46, -2.41, -2.34, -2.25, -2.28, -2.32, -2.5, -2.01, -2.82, -2.17, -2.87, -3.33, -4.13, -3.75, -4.46, -4.68, -4.92, -5.02, -4.97, -4.89, -3.16, -3.08, -2.95, -2.19, -1.97, -1.94, -2.34, -2.79, -3.21, -3.06, -3.25, -3.78, -4.48, -3.94, -4.53, -4.63, -4.76, -4.84, -4.85, -4.82, -3.18, -3.11, -2.98, -2.77, -2.31, -0.98, -2.69, -3.6, -3.47, -3.51, -4.3, -3.65, -3.86, -3.78, -4.54, -4.6, -4.67, -4.73, -4.75, -4.75, -3.23, -3.17, -3.08, -2.95, -2.73, -2.63, -3.31, -4.16, -4.5, -5.08, -4.42, -4.43, -4.42, -3.63, -4.53, -4.57, -4.62, -4.66, -4.65, -4.64, -3.28, -3.26, -3.23, -3.21, -3.25, -3.53, -3.98, -4.25, -4.42, -4.16, -5.09, -4.45, -4.41, -3.51, -3.44, -4.43, -4.43, -4.45, -4.47, -4.49, -3.35, -3.34, -3.36, -3.41, -3.56, -3.89, -4.41, -4.17, -4.15, -4.08, -5.06, -4.37, -4.23, -4.11, -3.24, -4.14, -4.17, -4.23, -4.28, -4.33, -3.4, -3.42, -3.46, -3.53, -3.67, -3.88, -4.05, -3.83, -3.67, -3.51, -3.38, -2.48, -3.95, -3.78, -3.67, -3.79, -3.89, -4.0, -4.1, -4.18, -3.45, -3.47, -2.06, -2.15, -2.27, -3.44, -3.4, -3.26, -3.11, -3.02, -2.23, -2.23, -2.22, -2.31, -2.34, -2.98, -3.08, -3.17, -3.29, -3.38, -1.9, -1.93, -1.96, -1.99, -3.1, -2.99, -2.8, -2.54, -2.38, -2.42, -1.89, -2.01, -2.08, -2.11, -1.93, -2.13, -2.14, -2.15, -2.15, -2.15, -1.85, -1.85, -1.85, -1.83, -2.8, -2.57, -2.2, -1.7, -1.44, -1.21, -1.51, -1.83, -1.98, -1.9, -2.07, -2.13, -2.14, -2.15, -2.15, -2.15, -1.79, -1.78, -1.75, -2.75, -2.56, -2.26, -1.77, -0.95, -0.12, -0.85, -0.88, -1.19, -1.64, -1.86, -2.13, -2.14, -2.15, -2.16, -2.16, -2.16, -1.74, -1.71, -2.0, -1.91, -1.76, -1.54, -1.21, -0.75, -0.25, -0.59, -0.92, -1.19, -1.63, -1.82, -2.16, -2.17, -2.18, -2.18, -2.17, -2.16, -2.06, -2.01, -1.95, -1.85, -1.72, -1.55, -1.34, -1.12, -0.69, -0.85, -1.05, -1.23, -1.65, -2.17, -2.18, -2.2, -2.21, -2.2, -2.18, -2.16, -2.03, -1.98, -1.92, -1.84, -1.74, -1.62, -1.5, -0.79, -1.03, -1.12, -1.22, -1.32, -2.44, -2.19, -2.21, -2.24, -2.26, -2.23, -2.19, -2.16, -2.0, -1.96, -1.91, -0.92, -0.93, -0.95, -0.98, -1.04, -1.12, -1.17, -1.16, -1.7, -2.19, -2.2, -2.23, -2.3, -2.38, -2.27, -2.17, -2.14, -0.94, -0.95, -0.96, -0.98, -1.01, -1.06, -1.13, -1.25, -1.4, -1.47, -1.39, -2.07, -2.18, -2.2, -2.23, -2.29, -2.68, -2.13, -2.09, -2.1, -0.97, -0.98, -1.0, -1.03, -1.07, -1.13, -1.23, -1.39, -1.65, -1.86, -1.57, -2.02, -2.08, -2.18, -2.19, -2.18, -2.01, -1.77, -2.0, -2.07, -0.99, -1.01, -1.03, -1.06, -1.11, -1.18, -1.27, -1.42, -1.65, -1.83, -1.95, -1.93, -1.99, -2.16, -2.15, -1.93, -1.9, -1.86, -2.01, -2.06, -1.01, -1.03, -1.05, -1.08, -1.13, -1.18, -1.26, -1.35, -1.44, -1.46, -1.77, -1.79, -1.88, -1.7, -1.8, -1.85, -1.87, -1.87, -1.87, -1.88, -1.02, -1.04, -1.06, -1.09, -1.13, -1.17, -1.22, -1.25, -1.26, -1.55, -1.49, -1.31, -1.34, -1.35, -1.72, -1.79, -1.82, -1.84, -1.85, -1.86, -1.03, -1.05, -1.07, -1.09, -1.12, -1.15, -1.17, -1.18, -1.15, -1.3, -1.02, -1.19, -1.28, -1.32, -1.66, -1.73, -1.78, -1.81, -1.82, -1.83, -1.04, -1.05, -1.07, -1.09, -1.11, -1.13, -1.14, -1.14, -1.27, -1.15, -1.07, -1.17, -1.26, -1.3, -1.62, -1.69, -1.74, -1.77, -1.79, -1.81, -1.04, -1.05, -1.07, -1.08, -1.1, -1.11, -1.12, -1.11, -1.28, -1.21, -1.19, -1.22, -1.26, -1.3, -1.6, -1.66, -1.71, -1.74, -1.77, -1.78, -1.04, -1.05, -1.07, -1.08, -1.09, -1.1, -1.1, -1.33, -1.3, -1.26, -1.25, -1.26, -1.28, -1.3, -1.59, -1.64, -1.69, -1.72, -1.75, -1.76]}, {"header": {"refTime": "2023-09-11T15:00:00.000Z", "nx": 21, "ny": 33, "lo1": 113.509, "la1": 22.2235, "lo2": 113.5947, "la2": 22.1034, "dx": 0.0042850000000001385, "dy": 0.003753125000000024, "parameterCategory": 2, "parameterCategoryName": "Temperature", "parameterNumber": 3}, "data": [0.25, 0.24, 0.22, 0.24, 0.2, 0.22, 0.17, 0.12, 0.11, 0.13, 0.23, 0.31, 0.39, 0.43, 0.45, 0.47, 0.79, 0.78, 0.78, 0.78, 0.26, 0.25, 0.23, 0.2, 0.21, 0.16, 0.13, 0.03, -0.03, 0.05, 0.21, 0.34, 0.43, 0.47, 0.49, 0.79, 0.79, 0.78, 0.77, 0.77, 0.28, 0.27, 0.25, 0.22, 0.23, 0.17, 0.08, -0.05, -0.33, -0.01, 0.24, 0.4, 0.51, 0.54, 0.81, 0.79, 0.78, 0.77, 0.77, 0.77, 0.3, 0.29, 0.27, 0.25, 0.22, 0.22, 0.15, 0.03, -0.09, 0.1, 0.33, 0.52, 0.63, 0.83, 0.81, 0.79, 0.78, 0.77, 0.76, 0.76, 0.31, 0.31, 0.3, 0.29, 0.28, 0.3, 0.27, 0.23, 0.21, 0.29, 0.45, 0.84, 0.89, 0.84, 0.81, 0.78, 0.77, 0.76, 0.75, 0.76, 0.33, 0.33, 0.33, 0.33, 0.33, 0.33, 0.39, 0.41, 0.42, 0.44, 0.78, 0.81, 0.85, 0.92, 0.8, 0.77, 0.75, 0.74, 0.74, 0.75, 0.75, 0.36, 0.36, 0.37, 0.38, 0.41, 0.72, 0.57, 0.6, 0.74, 0.72, 0.76, 0.89, 0.92, 0.78, 0.76, 0.73, 0.72, 0.8, 0.84, 0.75, 0.74, 0.74, 0.76, 0.76, 0.68, 0.71, 0.76, 0.81, 0.74, 0.7, 0.79, 0.82, 0.93, 0.87, 0.82, 0.77, 0.74, 0.78, 0.8, 0.74, 0.74, 0.73, 0.72, 0.73, 0.74, 0.77, 0.73, 0.84, 0.75, 0.82, 0.88, 0.99, 0.94, 0.9, 0.85, 0.81, 0.79, 0.8, 0.81, 0.81, 0.8, 0.78, 0.7, 0.67, 0.68, 0.74, 0.81, 0.87, 0.85, 0.87, 0.94, 1.04, 0.97, 0.91, 0.87, 0.84, 0.82, 0.82, 0.82, 0.81, 0.8, 0.79, 0.76, 0.7, 0.53, 0.75, 0.87, 0.89, 0.9, 1.0, 0.93, 0.95, 0.94, 0.92, 0.88, 0.86, 0.84, 0.84, 0.83, 0.82, 0.81, 0.8, 0.78, 0.76, 0.74, 0.83, 0.95, 1.0, 1.08, 1.01, 1.02, 1.02, 0.92, 0.91, 0.89, 0.87, 0.62, 0.61, 0.6, 0.83, 0.82, 0.82, 0.82, 0.82, 0.85, 0.91, 0.96, 0.98, 0.95, 1.08, 1.02, 1.02, 0.65, 0.62, 0.59, 0.58, 0.57, 0.57, 0.56, 0.83, 0.83, 0.84, 0.84, 0.86, 0.9, 0.96, 0.94, 0.94, 0.93, 1.08, 0.75, 0.7, 0.65, 0.52, 0.5, 0.5, 0.51, 0.52, 0.53, 0.84, 0.84, 0.85, 0.86, 0.87, 0.9, 0.92, 1.07, 1.09, 1.1, 1.11, 0.7, 0.59, 0.52, 0.48, 0.39, 0.41, 0.44, 0.46, 0.48, 0.85, 0.85, 0.91, 0.92, 0.93, 1.08, 1.09, 1.1, 1.11, 1.12, 0.77, 0.66, 0.52, 0.42, 0.36, 0.54, 0.64, 0.75, 0.71, 0.77, 0.92, 0.92, 0.93, 0.94, 1.11, 1.11, 1.12, 1.14, 1.15, 1.15, 0.77, 0.63, 0.45, 0.26, 0.28, 0.3, 0.46, 0.59, 0.67, 0.73, 0.93, 0.94, 0.95, 0.97, 1.12, 1.14, 1.15, 1.18, 1.2, 0.93, 0.78, 0.63, 0.42, 0.29, -0.08, 0.25, 0.48, 0.63, 0.72, 0.77, 0.94, 0.95, 0.97, 1.13, 1.14, 1.15, 1.18, 1.22, 1.2, 1.0, 0.39, 0.19, 0.67, 0.44, 0.22, 0.39, 0.58, 0.71, 0.79, 0.83, 0.95, 0.96, 0.48, 0.51, 0.55, 0.61, 0.71, 0.87, 0.86, 0.59, 0.33, 0.15, 0.8, 0.69, 0.53, 0.62, 0.75, 0.83, 0.88, 0.9, 0.4, 0.41, 0.42, 0.44, 0.46, 0.49, 0.55, 0.62, 0.45, 0.33, 0.18, 0.07, 0.93, 0.71, 0.76, 0.85, 0.93, 0.98, 0.98, 0.97, 0.36, 0.36, 0.36, 0.35, 0.35, 0.35, 0.35, 0.18, 0.11, 0.04, -0.03, -0.07, 0.22, 0.87, 0.95, 1.05, 1.14, 1.13, 1.08, 1.03, 0.31, 0.3, 0.29, 0.04, 0.03, 0.01, -0.03, -0.09, -0.17, -0.23, -0.22, 0.38, 0.39, 0.97, 1.08, 1.23, 1.38, 1.28, 1.14, 1.07, 0.01, 0.0, -0.01, -0.03, -0.06, -0.11, -0.19, -0.32, -0.48, -0.56, -0.47, -0.1, 0.33, 0.63, 0.91, 1.29, 1.75, 1.23, 1.12, 1.07, -0.02, -0.03, -0.05, -0.08, -0.13, -0.19, -0.3, -0.47, -0.75, -0.98, -0.66, -0.19, 0.14, 0.58, 0.84, 1.05, 1.12, 0.92, 1.06, 1.06, -0.04, -0.06, -0.08, -0.12, -0.17, -0.24, -0.34, -0.5, -0.75, -0.95, -0.53, -0.19, 0.1, 0.52, 0.75, 1.11, 1.09, 1.05, 1.04, 1.04, -0.06, -0.08, -0.11, -0.14, -0.19, -0.25, -0.33, -0.42, -0.53, -0.55, -0.31, -0.11, 0.09, 0.88, 0.97, 1.03, 1.05, 1.05, 1.06, 1.06, -0.07, -0.09, -0.12, -0.15, -0.19, -0.23, -0.28, -0.32, -0.33, -0.19, -0.1, -0.27, -0.26, -0.21, 0.9, 0.97, 1.0, 1.02, 1.03, 1.04, -0.08, -0.1, -0.12, -0.15, -0.18, -0.21, -0.24, -0.24, -0.21, -0.04, -0.04, -0.17, -0.21, -0.2, 0.84, 0.91, 0.96, 0.98, 1.0, 1.01, -0.09, -0.11, -0.12, -0.15, -0.17, -0.19, -0.2, -0.2, -0.25, -0.14, -0.07, -0.14, -0.19, -0.19, 0.79, 0.87, 0.92, 0.95, 0.97, 0.98, -0.09, -0.11, -0.12, -0.14, -0.16, -0.17, -0.18, -0.17, -0.25, -0.19, -0.16, -0.17, -0.19, -0.18, 0.77, 0.84, 0.89, 0.92, 0.94, 0.96, -0.09, -0.11, -0.12, -0.13, -0.15, -0.15, -0.16, -0.28, -0.25, -0.22, -0.2, -0.19, -0.19, -0.19, 0.76, 0.82, 0.86, 0.9, 0.92, 0.94]}, {"header": {"refTime": "2023-09-11T15:00:00.000Z", "nx": 21, "ny": 33, "lo1": 113.509, "la1": 22.2235, "lo2": 113.5947, "la2": 22.1034, "dx": 0.0042850000000001385, "dy": 0.003753125000000024, "parameterCategory": 0, "parameterCategoryName": "Temperature", "parameterNumber": 0}, "data": [[26.54, 26.54, 26.53, 26.36, 26.37, 26.61, 26.62, 26.62, 26.63, 26.59, 26.6, 26.61, 26.81, 26.82, 26.77, 26.76, 26.8, 26.8, 26.79, 26.78], [26.54, 26.53, 26.53, 26.53, 26.37, 26.39, 26.61, 26.62, 26.62, 26.59, 26.6, 26.62, 26.82, 26.83, 26.78, 26.81, 26.8, 26.79, 26.78, 26.78], [26.54, 26.53, 26.53, 26.53, 26.36, 26.38, 26.41, 26.61, 26.6, 26.59, 26.61, 26.64, 26.84, 26.85, 26.84, 26.81, 26.79, 26.78, 26.77, 26.77], [26.54, 26.54, 26.53, 26.53, 26.53, 26.37, 26.39, 26.44, 26.48, 26.58, 26.61, 26.68, 26.88, 26.76, 26.84, 26.81, 26.78, 26.76, 26.76, 26.76], [26.54, 26.54, 26.53, 26.53, 26.52, 26.34, 26.36, 26.37, 26.37, 26.54, 26.59, 26.77, 26.9, 26.79, 26.84, 26.79, 26.76, 26.74, 26.74, 26.74], [26.54, 26.54, 26.54, 26.53, 26.52, 26.51, 26.32, 26.31, 26.3, 26.26, 26.56, 26.7, 26.81, 26.93, 26.82, 26.77, 26.72, 26.7, 26.71, 26.73], [26.52, 26.54, 26.54, 26.54, 26.53, 26.51, 26.32, 26.28, 26.26, 26.26, 26.26, 26.59, 26.89, 26.9, 26.8, 26.75, 26.68, 26.65, 26.67, 26.7], [26.53, 26.53, 26.53, 26.53, 26.52, 26.38, 26.35, 26.3, 26.3, 26.23, 26.12, 26.55, 26.56, 26.9, 26.67, 26.7, 26.65, 26.64, 26.66, 26.68], [26.47, 26.48, 26.55, 26.55, 26.56, 26.54, 26.49, 26.33, 26.2, 26.28, 26.31, 26.43, 26.48, 26.41, 26.68, 26.7, 26.68, 26.67, 26.67, 26.68], [26.7, 26.7, 26.7, 26.51, 26.54, 26.61, 26.56, 26.49, 26.13, 26.15, 26.49, 26.35, 26.4, 26.37, 26.68, 26.71, 26.7, 26.69, 26.69, 26.69], [26.7, 26.7, 26.7, 26.7, 26.7, 26.7, 26.7, 26.7, 26.56, 26.2, 26.0, 26.3, 26.34, 26.34, 26.68, 26.72, 26.71, 26.7, 26.7, 26.7], [26.7, 26.7, 26.7, 26.7, 26.7, 26.7, 26.7, 26.7, 26.7, -999.0, 26.0, 26.8, 26.8, 26.32, 26.68, 26.73, 26.72, 26.2, 26.21, 26.21], [26.7, 26.7, 26.7, 26.7, 26.7, 26.7, 26.7, 26.7, 26.7, 26.7, -999.0, 26.8, 26.8, 26.21, 26.47, 26.35, 26.35, 26.26, 26.28, 26.28], [26.7, 26.7, 26.7, 26.7, 26.7, 26.7, 26.7, 26.7, 26.7, 26.7, -999.0, 25.9, 25.9, 25.9, 26.39, 26.29, 26.3, 26.21, 26.23, 26.24], [26.7, 26.7, 26.7, 26.7, 26.7, 26.7, 26.7, 26.9, 26.9, 26.9, 26.9, 26.52, 25.9, 25.9, 25.9, 26.22, 26.24, 26.16, 26.19, 26.21], [26.7, 26.7, 26.83, 26.83, 26.83, 26.9, 26.9, 26.9, 26.9, 26.9, 26.27, 26.34, 26.25, 26.16, 26.26, 26.05, 26.07, 26.03, 26.19, 26.21], [26.83, 26.83, 26.77, 26.77, 26.9, 26.9, 26.9, 26.9, 26.9, 26.9, 26.47, 26.35, 26.22, 26.1, 26.06, 26.06, 26.12, 26.16, 26.2, 26.22], [26.77, 26.77, 26.78, 26.78, 26.9, 26.9, 26.9, 26.9, 26.9, 26.65, 26.51, 26.36, 26.21, 26.07, 25.92, 26.04, 26.12, 26.18, 26.21, 26.23], [26.78, 26.78, 26.78, 26.9, 26.9, 26.9, 26.9, 26.9, 26.81, 26.71, 26.54, 26.41, 26.25, 26.13, 26.03, 26.09, 26.16, 26.2, 26.23, 26.25], [26.78, 26.78, 26.67, 26.68, 26.7, 26.72, 26.75, 26.83, 26.76, 26.66, 26.54, 26.43, 26.29, 26.21, 26.13, 26.17, 26.21, 26.24, 26.26, 26.28], [26.66, 26.66, 26.67, 26.73, 26.74, 26.75, 26.77, 26.79, 26.65, 26.6, 26.53, 26.45, 26.32, 26.2, 26.21, 26.24, 26.27, 26.29, 26.3, 26.3], [26.71, 26.72, 26.72, 26.72, 26.72, 26.73, 26.73, 26.76, 26.58, 26.55, 26.51, 26.46, 26.22, 26.25, 26.27, 26.3, 26.32, 26.33, 26.34, 26.33], [26.71, 26.71, 26.71, 26.75, 26.75, 26.75, 26.74, 26.72, 26.71, 26.7, 26.71, 26.57, 26.46, 26.29, 26.31, 26.34, 26.35, 26.37, 26.37, 26.36], [26.76, 26.76, 26.75, 26.75, 26.74, 26.73, 26.71, 26.69, 26.66, 26.65, 26.67, 26.55, 26.47, 26.46, 26.45, 26.37, 26.35, 26.42, 26.4, 26.38], [26.76, 26.75, 26.75, 26.74, 26.73, 26.72, 26.7, 26.67, 26.61, 26.57, 26.64, 26.56, 26.55, 26.46, 26.45, 26.45, 26.44, 26.49, 26.42, 26.39], [26.75, 26.75, 26.75, 26.74, 26.73, 26.72, 26.7, 26.67, 26.62, 26.58, 26.58, 26.59, 26.58, 26.46, 26.46, 26.52, 26.52, 26.52, 26.41, 26.39], [26.75, 26.75, 26.75, 26.74, 26.74, 26.73, 26.71, 26.7, 26.68, 26.68, 26.63, 26.63, 26.61, 26.61, 26.58, 26.55, 26.54, 26.53, 26.53, 26.53], [26.75, 26.75, 26.75, 26.74, 26.74, 26.74, 26.73, 26.73, 26.74, 26.7, 26.72, 26.74, 26.71, 26.69, 26.6, 26.57, 26.56, 26.55, 26.55, 26.55], [26.75, 26.75, 26.75, 26.75, 26.75, 26.75, 26.75, 26.75, 26.78, 26.78, 26.85, 26.78, 26.74, 26.71, 26.62, 26.59, 26.58, 26.56, 26.56, 26.56], [26.76, 26.75, 26.75, 26.75, 26.75, 26.75, 26.76, 26.77, 26.76, 26.8, 26.83, 26.79, 26.75, 26.72, 26.64, 26.61, 26.59, 26.58, 26.57, 26.57], [26.76, 26.76, 26.76, 26.76, 26.76, 26.76, 26.77, 26.78, 26.75, 26.77, 26.78, 26.77, 26.74, 26.72, 26.65, 26.62, 26.6, 26.59, 26.58, 26.58], [26.76, 26.76, 26.76, 26.76, 26.76, 26.76, 26.77, 26.73, 26.74, 26.75, 26.76, 26.75, 26.73, 26.72, 26.65, 26.63, 26.61, 26.6, 26.59, 26.58]]}]