gis_exercise/awsData/contour/wdir_2023090206.json
[{"header": {"refTime": "2023-09-02T06:00:00.000Z", "nx": 21, "ny": 33, "lo1": 113.509, "la1": 22.2235, "lo2": 113.5947, "la2": 22.1034, "dx": 0.0042850000000001385, "dy": 0.003753125000000024, "parameterCategory": 2, "parameterCategoryName": "Temperature", "parameterNumber": 2}, "data": [-6.75, -6.73, -6.7, -6.98, -6.87, -8.04, -7.8, -7.57, -7.52, -7.01, -7.42, -7.83, -8.65, -8.85, -11.74, -12.12, -13.41, -13.57, -13.69, -13.76, -6.76, -6.75, -6.73, -6.68, -6.9, -6.73, -7.6, -7.11, -6.82, -6.7, -7.4, -8.0, -8.9, -9.09, -11.95, -13.27, -13.52, -13.72, -13.85, -13.92, -6.78, -6.78, -6.76, -6.74, -6.98, -6.8, -6.5, -6.74, -5.35, -6.44, -7.54, -8.37, -9.32, -9.45, -12.99, -13.36, -13.69, -13.95, -14.08, -14.13, -6.8, -6.8, -6.81, -6.81, -6.79, -6.99, -6.74, -6.32, -5.92, -6.83, -7.92, -9.0, -10.04, -10.19, -12.98, -13.5, -13.97, -14.29, -14.41, -14.39, -6.81, -6.83, -6.85, -6.89, -6.92, -7.27, -7.17, -7.01, -6.88, -7.4, -8.29, -10.32, -11.34, -10.41, -12.99, -13.74, -14.44, -14.83, -14.86, -14.71, -6.81, -6.84, -6.87, -6.94, -7.04, -7.2, -7.67, -7.74, -7.67, -7.42, -8.98, -9.78, -10.58, -12.27, -13.04, -14.12, -15.23, -15.7, -15.43, -15.04, -11.1, -6.82, -6.86, -6.94, -7.09, -7.35, -8.17, -8.54, -8.55, -8.29, -7.8, -8.82, -11.83, -12.3, -13.06, -14.5, -16.37, -17.06, -17.33, -17.03, -11.09, -10.93, -10.73, -10.73, -10.67, -7.58, -8.1, -9.04, -10.01, -8.16, -7.02, -9.72, -10.37, -12.63, -14.83, -15.83, -17.01, -17.45, -16.81, -16.38, -11.12, -10.92, -10.64, -10.29, -10.17, -10.26, -10.85, -8.38, -11.25, -8.4, -9.91, -11.49, -13.78, -12.68, -14.97, -15.62, -16.29, -16.59, -16.45, -16.22, -13.96, -13.64, -13.17, -10.11, -9.28, -8.96, -10.4, -11.97, -12.8, -12.11, -11.09, -12.69, -14.69, -13.2, -15.12, -15.45, -15.84, -16.07, -16.09, -16.01, -14.06, -13.76, -13.29, -12.47, -10.71, -5.59, -12.1, -15.51, -14.6, -14.01, -15.35, -12.32, -12.93, -12.72, -15.16, -15.35, -15.58, -15.75, -15.82, -15.81, -14.23, -14.02, -13.69, -13.18, -12.34, -11.93, -14.51, -17.58, -18.78, -19.97, -16.12, -16.1, -15.8, -12.27, -15.13, -15.27, -15.43, -16.76, -16.76, -16.75, -14.46, -14.36, -14.25, -14.19, -14.39, -15.5, -17.25, -18.04, -18.56, -17.65, -19.71, -16.38, -16.02, -13.67, -13.59, -16.39, -16.41, -16.45, -16.49, -16.52, -14.7, -14.7, -14.76, -14.99, -15.59, -16.95, -19.14, -17.93, -17.71, -17.38, -19.75, -17.55, -17.13, -16.79, -13.47, -15.97, -16.04, -16.13, -16.21, -16.29, -14.92, -14.99, -15.15, -15.46, -16.02, -16.86, -17.54, -17.08, -16.45, -15.9, -15.45, -13.0, -16.67, -16.27, -16.02, -15.49, -15.63, -15.79, -15.94, -16.06, -15.1, -15.21, -10.59, -10.94, -11.41, -15.76, -15.62, -15.14, -14.6, -14.28, -12.08, -12.26, -12.43, -11.99, -12.24, -13.91, -13.98, -14.03, -14.29, -14.39, -10.04, -10.15, -10.29, -10.43, -14.59, -14.23, -13.57, -12.7, -12.15, -12.27, -10.97, -11.59, -12.1, -12.5, -11.86, -12.19, -11.86, -11.6, -11.41, -11.27, -9.88, -9.92, -9.94, -9.9, -13.57, -12.8, -11.54, -9.83, -8.96, -8.65, -9.85, -11.02, -11.84, -11.75, -12.92, -12.3, -11.84, -11.54, -11.33, -11.2, -9.71, -9.69, -9.61, -13.41, -12.77, -11.74, -10.06, -7.31, -4.63, -7.36, -7.58, -8.86, -10.31, -11.37, -12.37, -12.04, -11.66, -11.39, -11.21, -11.08, -9.55, -9.48, -10.9, -10.56, -10.06, -9.31, -8.19, -6.63, -5.11, -6.36, -7.67, -8.76, -10.04, -10.83, -11.79, -11.61, -11.37, -11.17, -11.03, -10.94, -11.09, -10.92, -10.69, -10.37, -9.93, -9.34, -8.6, -7.85, -6.66, -7.26, -8.06, -8.82, -9.88, -11.42, -11.36, -11.23, -11.08, -10.94, -10.84, -10.78, -10.96, -10.79, -10.57, -10.29, -9.95, -9.55, -9.14, -6.19, -7.79, -8.14, -8.57, -9.01, -12.2, -11.14, -11.06, -10.96, -10.86, -10.73, -10.63, -10.61, -10.87, -10.71, -10.52, -6.4, -6.46, -6.56, -6.71, -6.93, -7.2, -7.36, -7.29, -9.13, -10.4, -10.93, -10.84, -10.81, -10.86, -10.57, -10.39, -10.42, -6.39, -6.42, -6.48, -6.56, -6.67, -6.86, -7.15, -7.58, -8.14, -8.4, -8.03, -9.71, -10.41, -10.33, -10.3, -10.63, -11.38, -10.01, -10.05, -10.24, -6.44, -6.49, -6.56, -6.67, -6.82, -7.05, -7.41, -8.01, -9.02, -9.86, -8.63, -9.55, -9.56, -10.29, -10.2, -10.09, -9.69, -9.01, -9.81, -10.12, -6.48, -6.54, -6.61, -6.72, -6.88, -7.1, -7.44, -7.99, -8.92, -9.66, -9.53, -9.17, -9.21, -10.27, -10.14, -8.96, -8.98, -8.89, -9.89, -10.11, -6.5, -6.56, -6.63, -6.73, -6.86, -7.04, -7.27, -7.58, -7.91, -7.93, -8.57, -8.48, -8.71, -7.93, -8.35, -8.64, -8.78, -8.81, -8.82, -8.81, -6.51, -6.56, -6.63, -6.7, -6.8, -6.9, -7.0, -7.06, -6.97, -7.5, -7.15, -6.8, -7.06, -7.22, -8.04, -8.36, -8.55, -8.64, -8.68, -8.69, -6.51, -6.55, -6.6, -6.66, -6.71, -6.75, -6.75, -6.65, -6.33, -6.29, -5.1, -6.12, -6.71, -7.01, -7.78, -8.11, -8.33, -8.46, -8.53, -8.56, -6.5, -6.54, -6.57, -6.6, -6.62, -6.62, -6.56, -6.41, -6.55, -5.85, -5.42, -6.04, -6.57, -6.9, -7.59, -7.92, -8.14, -8.29, -8.39, -8.44, -6.49, -6.51, -6.53, -6.55, -6.55, -6.52, -6.45, -6.31, -6.61, -6.25, -6.11, -6.31, -6.62, -6.87, -7.49, -7.78, -8.0, -8.16, -8.26, -8.33, -6.47, -6.49, -6.5, -6.5, -6.49, -6.46, -6.39, -6.95, -6.74, -6.55, -6.48, -6.57, -6.73, -6.9, -7.44, -7.7, -7.9, -8.05, -8.16, -8.24]}, {"header": {"refTime": "2023-09-02T06:00:00.000Z", "nx": 21, "ny": 33, "lo1": 113.509, "la1": 22.2235, "lo2": 113.5947, "la2": 22.1034, "dx": 0.0042850000000001385, "dy": 0.003753125000000024, "parameterCategory": 2, "parameterCategoryName": "Temperature", "parameterNumber": 3}, "data": [-1.62, -1.58, -1.53, -0.25, -0.26, -1.41, -1.34, -1.29, -1.29, -0.83, -0.95, -1.08, -1.97, -2.05, -2.3, -2.33, -2.72, -2.7, -2.69, -2.68, -1.65, -1.61, -1.56, -1.49, -0.27, -0.28, -1.27, -1.13, -1.06, -0.77, -0.97, -1.17, -2.08, -2.16, -2.39, -2.75, -2.72, -2.7, -2.68, -2.67, -1.69, -1.65, -1.6, -1.53, -0.28, -0.29, -0.3, -1.0, -0.58, -0.72, -1.02, -1.34, -2.26, -2.31, -2.8, -2.75, -2.71, -2.69, -2.67, -2.66, -1.73, -1.7, -1.66, -1.6, -1.51, -0.3, -0.31, -0.32, -0.32, -0.76, -1.12, -1.62, -2.57, -2.12, -2.82, -2.75, -2.7, -2.68, -2.66, -2.65, -1.79, -1.76, -1.73, -1.68, -1.61, -0.32, -0.33, -0.31, -0.26, -0.74, -1.12, -2.18, -2.93, -2.29, -2.81, -2.72, -2.68, -2.65, -2.65, -2.64, -1.85, -1.84, -1.82, -1.78, -1.73, -1.65, -0.38, -0.38, -0.28, -0.04, -1.12, -1.81, -2.42, -2.6, -2.74, -2.68, -2.64, -2.63, -2.63, -2.63, -1.99, -1.92, -1.92, -1.91, -1.87, -1.8, -1.19, -0.58, -0.5, -0.18, 0.06, -1.17, -2.25, -2.26, -2.64, -2.63, -2.61, -2.6, -2.52, -2.5, -2.0, -2.03, -2.06, -2.01, -2.0, -1.51, -1.34, -1.22, -1.17, -0.04, 0.86, -0.89, -1.22, -2.0, -1.87, -2.06, -2.3, -2.39, -2.26, -2.17, -2.02, -2.05, -2.11, -2.17, -2.15, -2.1, -1.92, -1.27, -0.51, -0.3, -0.15, -0.83, -1.1, -0.97, -1.81, -1.98, -2.14, -2.2, -2.18, -2.13, -1.71, -1.77, -1.85, -2.24, -2.41, -2.45, -2.11, -1.74, -0.29, -0.08, -0.47, -0.81, -1.04, -0.94, -1.77, -1.91, -2.02, -2.08, -2.09, -2.08, -1.69, -1.75, -1.83, -1.98, -2.3, -3.24, -2.04, -1.4, -1.34, -0.16, -0.13, -0.73, -0.85, -0.85, -1.77, -1.87, -1.95, -2.01, -2.03, -2.03, -1.66, -1.7, -1.76, -1.86, -2.01, -2.08, -1.61, -1.01, -0.77, -0.63, -0.18, -1.14, -1.2, -0.77, -1.78, -1.85, -1.91, -2.35, -2.38, -2.39, -1.62, -1.64, -1.66, -1.68, -1.64, -1.45, -1.14, -0.95, -0.82, -1.01, -0.7, -1.08, -1.15, -2.01, -2.06, -2.33, -2.37, -2.4, -2.41, -2.42, -1.58, -1.58, -1.57, -1.53, -1.43, -1.2, -0.83, -1.0, -1.01, -1.07, -0.7, -1.5, -1.65, -1.78, -2.22, -2.44, -2.46, -2.46, -2.46, -2.46, -1.54, -1.53, -1.5, -1.45, -1.35, -1.21, -1.09, -1.03, -1.11, -1.18, -1.24, -2.17, -1.84, -2.0, -2.09, -2.58, -2.56, -2.54, -2.52, -2.5, -1.51, -1.49, -2.19, -2.12, -2.04, -1.23, -1.25, -1.31, -1.38, -1.42, -2.23, -2.35, -2.49, -2.8, -2.84, -0.92, -0.52, -0.12, -0.16, 0.05, -2.26, -2.24, -2.21, -2.18, -1.39, -1.44, -1.54, -1.66, -1.74, -1.71, -2.41, -2.49, -2.64, -2.83, -2.04, -1.58, -0.98, -0.53, -0.21, 0.01, -2.28, -2.27, -2.25, -2.25, -1.54, -1.65, -1.83, -2.07, -2.2, -2.6, -2.6, -2.59, -2.73, -2.09, -3.08, -1.76, -0.91, -0.37, -0.04, 0.16, -2.29, -2.29, -2.29, -1.56, -1.65, -1.8, -2.04, -2.44, -2.91, -2.72, -3.0, -3.03, -1.25, -1.6, -1.87, -1.24, -0.52, -0.05, 0.22, 0.37, -2.31, -2.31, -2.12, -2.17, -2.23, -2.32, -2.46, -2.64, -2.98, -2.97, -2.98, -3.0, -0.8, -0.76, -0.71, -0.34, 0.11, 0.42, 0.57, 0.62, -2.11, -2.14, -2.17, -2.21, -2.27, -2.34, -2.44, -2.53, -2.94, -2.94, -2.94, -2.96, -0.24, -0.01, 0.2, 0.55, 0.87, 1.0, 0.96, 0.88, -2.14, -2.17, -2.2, -2.24, -2.29, -2.35, -2.41, -2.04, -2.89, -2.89, -2.9, -2.92, 0.4, 0.57, 0.92, 1.38, 1.71, 1.62, 1.33, 1.09, -2.17, -2.19, -2.23, -1.67, -1.72, -1.78, -1.84, -1.89, -1.91, -1.89, -1.81, -0.05, 0.62, 0.97, 1.42, 2.11, 2.87, 2.26, 1.51, 1.18, -1.51, -1.53, -1.55, -1.58, -1.62, -1.66, -1.72, -1.79, -1.89, -1.91, -1.78, 0.95, 0.47, 1.08, 1.69, 2.35, 4.91, 1.75, 1.23, 1.11, -1.45, -1.46, -1.47, -1.49, -1.51, -1.54, -1.6, -1.72, -1.96, -2.19, -1.78, 0.7, 1.66, 0.92, 1.42, 1.76, 1.06, -0.23, 0.81, 0.97, -1.39, -1.39, -1.39, -1.39, -1.39, -1.4, -1.44, -1.55, -1.8, -2.03, -0.3, 0.71, 1.55, 0.74, 1.12, 1.88, 1.41, 1.09, 0.8, 0.9, -1.33, -1.32, -1.31, -1.29, -1.27, -1.25, -1.23, -1.24, -1.26, -1.17, 0.39, 0.96, 1.54, 1.95, 1.92, 1.8, 1.61, 1.48, 1.53, 1.64, -1.27, -1.25, -1.23, -1.19, -1.15, -1.09, -1.01, -0.88, -0.66, 0.77, 1.03, -0.32, -0.67, -1.0, 1.86, 1.8, 1.71, 1.65, 1.65, 1.7, -1.22, -1.19, -1.15, -1.1, -1.04, -0.94, -0.81, -0.59, -0.21, 1.24, 1.07, 0.2, -0.39, -0.79, 1.84, 1.81, 1.77, 1.73, 1.73, 1.75, -1.17, -1.14, -1.09, -1.03, -0.95, -0.84, -0.68, -0.43, -0.08, 0.46, 0.79, 0.24, -0.29, -0.68, 1.83, 1.82, 1.8, 1.78, 1.78, 1.79, -1.13, -1.09, -1.04, -0.97, -0.89, -0.77, -0.62, -0.4, -0.16, 0.1, 0.2, -0.02, -0.35, -0.65, 1.83, 1.83, 1.82, 1.81, 1.81, 1.81, -1.1, -1.06, -1.0, -0.93, -0.85, -0.74, -0.61, -0.47, -0.31, -0.18, -0.15, -0.26, -0.46, -0.68, 1.83, 1.83, 1.83, 1.83, 1.83, 1.83]}, {"header": {"refTime": "2023-09-02T06:00:00.000Z", "nx": 21, "ny": 33, "lo1": 113.509, "la1": 22.2235, "lo2": 113.5947, "la2": 22.1034, "dx": 0.0042850000000001385, "dy": 0.003753125000000024, "parameterCategory": 0, "parameterCategoryName": "Temperature", "parameterNumber": 0}, "data": [[25.6, 25.59, 25.59, 25.52, 25.53, 25.62, 25.62, 25.62, 25.63, 25.69, 25.72, 25.74, 25.72, 25.73, 25.7, 25.69, 25.68, 25.67, 25.66, 25.66], [25.6, 25.6, 25.59, 25.59, 25.52, 25.53, 25.61, 25.62, 25.62, 25.68, 25.71, 25.75, 25.73, 25.74, 25.7, 25.69, 25.67, 25.66, 25.66, 25.65], [25.6, 25.6, 25.59, 25.59, 25.52, 25.53, 25.54, 25.61, 25.6, 25.66, 25.72, 25.77, 25.75, 25.75, 25.71, 25.69, 25.67, 25.65, 25.65, 25.64], [25.6, 25.6, 25.6, 25.59, 25.59, 25.52, 25.53, 25.55, 25.57, 25.68, 25.74, 25.8, 25.78, 25.81, 25.71, 25.68, 25.66, 25.64, 25.63, 25.63], [25.61, 25.6, 25.6, 25.59, 25.59, 25.51, 25.51, 25.52, 25.52, 25.77, 25.77, 25.79, 25.87, 25.82, 25.71, 25.67, 25.64, 25.62, 25.62, 25.62], [25.61, 25.61, 25.6, 25.6, 25.59, 25.58, 25.49, 25.48, 25.51, 25.52, 25.72, 25.8, 25.83, 25.8, 25.69, 25.65, 25.61, 25.59, 25.6, 25.61], [25.62, 25.61, 25.61, 25.61, 25.6, 25.58, 25.6, 25.48, 25.47, 25.5, 25.48, 25.76, 25.73, 25.75, 25.67, 25.62, 25.56, 25.54, 25.57, 25.6], [25.63, 25.63, 25.63, 25.63, 25.62, 25.6, 25.55, 25.51, 25.42, 25.49, 25.49, 25.6, 25.6, 25.75, 25.54, 25.55, 25.53, 25.52, 25.53, 25.54], [25.57, 25.58, 25.65, 25.65, 25.66, 25.64, 25.59, 25.52, 25.4, 25.51, 25.6, 25.6, 25.6, 25.6, 25.54, 25.55, 25.54, 25.53, 25.54, 25.54], [25.8, 25.8, 25.8, 25.61, 25.64, 25.71, 25.66, 25.59, 25.4, 25.4, 25.6, 25.6, 25.6, 25.6, 25.54, 25.56, 25.55, 25.54, 25.54, 25.55], [25.8, 25.8, 25.8, 25.8, 25.8, 25.8, 25.8, 25.8, 25.66, 25.4, -999.0, 25.6, 25.6, 25.6, 25.54, 25.56, 25.55, 25.55, 25.55, 25.55], [25.8, 25.8, 25.8, 25.8, 25.8, 25.8, 25.8, 25.8, 25.8, -999.0, -999.0, 25.6, 25.6, 25.6, 25.54, 25.56, 25.56, 25.1, 25.11, 25.11], [25.8, 25.8, 25.8, 25.8, 25.8, 25.8, 25.8, 25.8, 25.8, 25.8, -999.0, 25.6, 25.6, 25.08, 25.31, 25.25, 25.25, 25.16, 25.18, 25.18], [25.8, 25.8, 25.8, 25.8, 25.8, 25.8, 25.8, 25.8, 25.8, 25.8, -999.0, 24.8, 24.8, 24.8, 25.24, 25.19, 25.2, 25.11, 25.13, 25.14], [25.8, 25.8, 25.8, 25.8, 25.8, 25.8, 25.8, 25.7, 25.7, 25.7, 25.7, 25.35, 24.8, 24.8, 24.8, 25.12, 25.14, 25.06, 25.09, 25.11], [25.8, 25.8, 25.74, 25.74, 25.73, 25.7, 25.7, 25.7, 25.7, 25.7, 25.13, 25.2, 25.11, 25.04, 25.12, 24.95, 24.97, 24.93, 25.09, 25.11], [25.74, 25.74, 25.76, 25.76, 25.7, 25.7, 25.7, 25.7, 25.7, 25.7, 25.31, 25.2, 25.08, 24.98, 24.95, 24.9, 24.94, 24.97, 24.99, 25.01], [25.76, 25.76, 25.76, 25.76, 25.7, 25.7, 25.7, 25.7, 25.7, 25.47, 25.35, 25.22, 25.08, 24.96, 24.82, 24.89, 24.95, 24.98, 25.0, 25.01], [25.76, 25.76, 25.76, 25.7, 25.7, 25.7, 25.7, 25.7, 25.62, 25.52, 25.37, 25.25, 25.12, 25.01, 24.89, 24.92, 24.97, 25.0, 25.02, 25.03], [25.76, 25.76, 25.47, 25.48, 25.5, 25.52, 25.55, 25.63, 25.57, 25.48, 25.37, 25.27, 25.16, 25.09, 24.95, 24.98, 25.0, 25.02, 25.04, 25.04], [25.46, 25.46, 25.47, 25.53, 25.54, 25.55, 25.57, 25.59, 25.47, 25.42, 25.35, 25.28, 25.19, 25.0, 25.01, 25.03, 25.04, 25.06, 25.06, 25.06], [25.51, 25.52, 25.52, 25.52, 25.52, 25.53, 25.53, 25.51, 25.4, 25.37, 25.33, 25.29, 25.09, 25.03, 25.05, 25.07, 25.08, 25.09, 25.08, 25.08], [25.51, 25.51, 25.51, 25.48, 25.48, 25.48, 25.47, 25.46, 25.45, 25.44, 25.44, 25.39, 25.21, 25.06, 25.08, 25.1, 25.12, 25.12, 25.1, 25.09], [25.47, 25.47, 25.47, 25.47, 25.46, 25.46, 25.44, 25.43, 25.41, 25.39, 25.4, 25.3, 25.21, 25.19, 25.18, 25.12, 25.17, 25.13, 25.11, 25.1], [25.46, 25.46, 25.46, 25.46, 25.45, 25.44, 25.43, 25.4, 25.37, 25.34, 25.38, 25.31, 25.3, 25.2, 25.18, 25.17, 25.12, 25.11, 25.11, 25.1], [25.46, 25.46, 25.45, 25.45, 25.44, 25.43, 25.42, 25.39, 25.36, 25.34, 25.31, 25.31, 25.31, 25.2, 25.18, 25.19, 25.17, 25.16, 25.1, 25.1], [25.46, 25.45, 25.45, 25.44, 25.43, 25.42, 25.41, 25.4, 25.38, 25.38, 25.33, 25.32, 25.32, 25.24, 25.22, 25.2, 25.19, 25.18, 25.18, 25.19], [25.45, 25.45, 25.44, 25.44, 25.43, 25.42, 25.41, 25.4, 25.4, 25.35, 25.35, 25.33, 25.31, 25.28, 25.23, 25.21, 25.2, 25.19, 25.19, 25.19], [25.45, 25.45, 25.44, 25.44, 25.43, 25.42, 25.42, 25.41, 25.4, 25.37, 25.38, 25.34, 25.32, 25.29, 25.24, 25.23, 25.21, 25.21, 25.2, 25.2], [25.45, 25.44, 25.44, 25.43, 25.43, 25.42, 25.42, 25.41, 25.34, 25.36, 25.37, 25.34, 25.32, 25.3, 25.25, 25.24, 25.22, 25.22, 25.21, 25.21], [25.45, 25.44, 25.44, 25.43, 25.43, 25.42, 25.42, 25.42, 25.33, 25.34, 25.34, 25.33, 25.32, 25.3, 25.26, 25.24, 25.23, 25.22, 25.22, 25.21], [25.44, 25.44, 25.44, 25.43, 25.43, 25.43, 25.42, 25.32, 25.32, 25.33, 25.33, 25.32, 25.31, 25.3, 25.26, 25.25, 25.24, 25.23, 25.22, 25.22]]}]