gis_exercise/awsData/contour/wdir_2023091208.json
[{"header": {"refTime": "2023-09-12T08:00:00.000Z", "nx": 21, "ny": 33, "lo1": 113.509, "la1": 22.2235, "lo2": 113.5947, "la2": 22.1034, "dx": 0.0042850000000001385, "dy": 0.003753125000000024, "parameterCategory": 2, "parameterCategoryName": "Temperature", "parameterNumber": 2}, "data": [-1.43, -1.43, -1.43, -1.5, -1.49, -1.7, -1.67, -1.64, -1.63, -1.46, -1.5, -1.54, -1.75, -1.77, -2.54, -2.64, -2.88, -2.94, -2.98, -3.01, -1.42, -1.43, -1.43, -1.44, -1.5, -1.48, -1.65, -1.58, -1.54, -1.44, -1.5, -1.56, -1.78, -1.8, -2.56, -2.82, -2.92, -2.99, -3.04, -3.06, -1.42, -1.43, -1.43, -1.44, -1.51, -1.49, -1.46, -1.54, -1.36, -1.42, -1.52, -1.6, -1.82, -1.84, -2.71, -2.85, -2.97, -3.06, -3.11, -3.13, -1.42, -1.42, -1.43, -1.44, -1.45, -1.52, -1.49, -1.44, -1.4, -1.44, -1.55, -1.68, -1.9, -1.85, -2.7, -2.89, -3.06, -3.17, -3.22, -3.21, -1.41, -1.42, -1.43, -1.44, -1.46, -1.55, -1.54, -1.52, -1.49, -1.47, -1.57, -1.86, -1.99, -1.88, -2.71, -2.98, -3.22, -3.35, -3.36, -3.32, -1.4, -1.4, -1.41, -1.43, -1.46, -1.51, -1.61, -1.62, -1.59, -1.52, -1.66, -1.79, -1.9, -2.33, -2.76, -3.12, -3.48, -3.63, -3.55, -3.43, -2.35, -1.39, -1.39, -1.41, -1.44, -1.51, -1.56, -1.75, -1.73, -1.62, -1.51, -1.68, -2.33, -2.41, -2.81, -3.26, -3.84, -4.06, -3.98, -3.83, -2.35, -2.31, -2.26, -2.15, -2.14, -1.42, -1.54, -1.78, -2.02, -1.58, -1.28, -1.99, -2.15, -2.53, -3.29, -3.61, -4.01, -4.16, -3.94, -3.8, -2.36, -2.31, -2.24, -2.15, -2.02, -2.04, -2.18, -1.61, -2.28, -1.65, -1.96, -2.33, -2.81, -2.58, -3.29, -3.52, -3.76, -3.86, -3.82, -3.74, -3.01, -2.93, -2.82, -2.1, -1.89, -1.73, -2.07, -2.44, -2.63, -2.47, -2.22, -2.57, -2.98, -2.68, -3.3, -3.45, -3.59, -3.68, -3.69, -3.67, -3.04, -2.97, -2.85, -2.65, -2.21, -0.94, -2.53, -3.34, -3.05, -2.91, -3.14, -2.49, -2.62, -2.58, -3.31, -3.4, -3.5, -3.57, -3.6, -3.6, -3.08, -3.03, -2.95, -2.83, -2.62, -2.52, -3.14, -3.82, -4.07, -4.35, -3.33, -3.38, -3.31, -2.48, -3.31, -3.37, -3.44, -3.77, -3.78, -3.78, -3.14, -3.12, -3.1, -3.09, -3.15, -3.44, -3.88, -3.98, -4.05, -3.86, -4.29, -3.45, -3.36, -2.87, -2.86, -3.62, -3.65, -3.68, -3.7, -3.71, -3.2, -3.21, -3.23, -3.29, -3.45, -3.82, -4.44, -4.03, -3.91, -3.82, -4.32, -3.72, -3.63, -3.56, -2.86, -3.53, -3.56, -3.59, -3.62, -3.65, -3.26, -3.28, -3.32, -3.41, -3.56, -3.78, -3.96, -3.61, -3.38, -3.18, -3.04, -2.41, -3.55, -3.47, -3.42, -3.42, -3.46, -3.51, -3.55, -3.59, -3.3, -3.33, -1.96, -2.05, -2.18, -3.2, -3.16, -2.99, -2.8, -2.69, -2.11, -2.22, -2.33, -2.27, -2.37, -2.95, -2.95, -2.95, -3.19, -3.21, -1.78, -1.81, -1.84, -1.87, -2.82, -2.71, -2.5, -2.22, -2.04, -2.07, -1.78, -2.04, -2.28, -2.49, -2.41, -2.72, -2.67, -2.63, -2.59, -2.57, -1.72, -1.72, -1.71, -1.68, -2.5, -2.26, -1.86, -1.32, -1.05, -1.1, -1.54, -1.87, -2.22, -2.37, -2.81, -2.74, -2.66, -2.61, -2.58, -2.56, -1.65, -1.63, -1.59, -2.44, -2.24, -1.92, -1.39, -0.53, 0.27, -0.67, -1.05, -1.52, -1.83, -2.22, -2.75, -2.7, -2.63, -2.59, -2.56, -2.54, -1.59, -1.55, -2.13, -2.01, -1.83, -1.55, -1.14, -0.56, -0.06, -0.59, -1.12, -1.53, -1.72, -2.01, -2.65, -2.62, -2.58, -2.55, -2.53, -2.52, -2.23, -2.17, -2.09, -1.99, -1.83, -1.63, -1.36, -1.09, -0.76, -1.01, -1.33, -1.61, -1.66, -2.59, -2.58, -2.55, -2.52, -2.5, -2.49, -2.49, -2.21, -2.16, -2.1, -2.01, -1.9, -1.78, -1.65, -0.95, -1.31, -1.45, -1.61, -1.76, -2.85, -2.54, -2.52, -2.5, -2.48, -2.46, -2.46, -2.46, -2.21, -2.17, -2.12, -1.16, -1.17, -1.2, -1.26, -1.36, -1.48, -1.56, -1.56, -1.85, -2.66, -2.5, -2.48, -2.46, -2.44, -2.43, -2.43, -2.44, -1.19, -1.21, -1.23, -1.26, -1.3, -1.38, -1.51, -1.7, -1.95, -2.07, -1.92, -2.48, -2.68, -2.59, -2.51, -2.43, -2.44, -2.38, -2.4, -2.42, -1.24, -1.26, -1.29, -1.34, -1.4, -1.51, -1.67, -1.93, -2.36, -2.7, -2.22, -2.47, -2.37, -2.6, -2.52, -2.45, -2.36, -2.32, -2.38, -2.41, -1.27, -1.3, -1.34, -1.39, -1.47, -1.57, -1.73, -1.97, -2.35, -2.65, -2.57, -2.37, -2.29, -2.61, -2.53, -2.15, -2.2, -2.2, -2.39, -2.41, -1.3, -1.33, -1.37, -1.42, -1.49, -1.58, -1.7, -1.85, -2.01, -2.04, -2.25, -2.17, -2.17, -1.9, -2.0, -2.08, -2.13, -2.15, -2.15, -2.14, -1.32, -1.35, -1.39, -1.44, -1.49, -1.56, -1.63, -1.7, -1.71, -1.95, -1.83, -1.87, -1.96, -2.03, -1.93, -2.01, -2.07, -2.09, -2.1, -2.1, -1.33, -1.36, -1.4, -1.44, -1.48, -1.53, -1.56, -1.57, -1.52, -1.59, -1.31, -1.65, -1.85, -1.96, -1.87, -1.95, -2.01, -2.04, -2.06, -2.07, -1.34, -1.37, -1.4, -1.43, -1.46, -1.49, -1.51, -1.5, -1.78, -1.55, -1.41, -1.62, -1.8, -1.92, -1.83, -1.91, -1.96, -2.0, -2.02, -2.03, -1.35, -1.37, -1.39, -1.42, -1.44, -1.46, -1.47, -1.46, -1.8, -1.69, -1.64, -1.71, -1.82, -1.91, -1.8, -1.87, -1.93, -1.96, -1.99, -2.01, -1.35, -1.37, -1.39, -1.41, -1.43, -1.44, -1.44, -1.92, -1.85, -1.79, -1.77, -1.8, -1.86, -1.92, -1.79, -1.85, -1.9, -1.94, -1.96, -1.98]}, {"header": {"refTime": "2023-09-12T08:00:00.000Z", "nx": 21, "ny": 33, "lo1": 113.509, "la1": 22.2235, "lo2": 113.5947, "la2": 22.1034, "dx": 0.0042850000000001385, "dy": 0.003753125000000024, "parameterCategory": 2, "parameterCategoryName": "Temperature", "parameterNumber": 3}, "data": [-0.43, -0.41, -0.39, 0.04, 0.05, 0.11, 0.11, 0.13, 0.14, 0.32, 0.36, 0.39, 0.39, 0.4, 0.61, 0.64, 0.71, 0.72, 0.73, 0.73, -0.44, -0.42, -0.4, -0.37, 0.04, 0.05, 0.11, 0.12, 0.13, 0.29, 0.35, 0.41, 0.41, 0.42, 0.63, 0.7, 0.72, 0.73, 0.74, 0.74, -0.45, -0.44, -0.42, -0.39, 0.04, 0.04, 0.06, 0.11, 0.12, 0.27, 0.37, 0.43, 0.44, 0.45, 0.69, 0.71, 0.73, 0.75, 0.75, 0.76, -0.47, -0.46, -0.44, -0.41, -0.38, 0.03, 0.04, 0.06, 0.08, 0.31, 0.4, 0.48, 0.5, 0.55, 0.69, 0.72, 0.75, 0.77, 0.77, 0.77, -0.5, -0.49, -0.47, -0.45, -0.42, 0.01, 0.01, 0.03, 0.05, 0.37, 0.44, 0.57, 0.63, 0.57, 0.69, 0.73, 0.78, 0.8, 0.8, 0.79, -0.52, -0.52, -0.51, -0.5, -0.47, -0.44, -0.02, -0.03, -0.0, 0.06, 0.5, 0.53, 0.58, 0.47, 0.69, 0.76, 0.83, 0.86, 0.84, 0.81, -0.58, -0.55, -0.55, -0.55, -0.54, -0.51, -0.38, -0.11, -0.1, 0.13, 0.25, 0.46, 0.39, 0.38, 0.68, 0.78, 0.9, 0.95, 0.83, 0.78, -0.59, -0.6, -0.61, -0.53, -0.53, -0.49, -0.43, -0.37, -0.28, 0.14, 0.37, 0.31, 0.29, 0.32, 0.46, 0.61, 0.81, 0.88, 0.77, 0.7, -0.59, -0.61, -0.63, -0.66, -0.59, -0.58, -0.5, -0.4, -0.05, 0.11, 0.32, 0.26, 0.19, 0.22, 0.42, 0.55, 0.68, 0.73, 0.71, 0.67, -0.37, -0.4, -0.44, -0.68, -0.76, -0.73, -0.57, -0.4, 0.09, 0.13, 0.28, 0.22, 0.16, 0.21, 0.4, 0.5, 0.59, 0.63, 0.64, 0.63, -0.36, -0.39, -0.43, -0.5, -0.65, -1.09, -0.52, -0.19, -0.17, 0.19, 0.29, 0.24, 0.22, 0.22, 0.4, 0.47, 0.53, 0.57, 0.59, 0.6, -0.35, -0.37, -0.4, -0.44, -0.52, -0.55, -0.32, 0.01, 0.15, 0.23, 0.3, 0.24, 0.22, 0.24, 0.4, 0.46, 0.5, 0.35, 0.37, 0.37, -0.33, -0.34, -0.35, -0.36, -0.35, -0.27, -0.13, 0.02, 0.11, 0.0, 0.19, 0.26, 0.24, 0.02, 0.01, 0.22, 0.25, 0.27, 0.3, 0.31, -0.31, -0.31, -0.31, -0.3, -0.26, -0.17, -0.04, -0.05, -0.02, -0.04, 0.19, 0.07, 0.02, -0.01, -0.04, 0.14, 0.17, 0.2, 0.23, 0.25, -0.29, -0.29, -0.28, -0.26, -0.22, -0.16, -0.11, -0.07, -0.08, -0.1, -0.13, -0.27, -0.02, -0.06, -0.08, 0.06, 0.1, 0.14, 0.17, 0.2, -0.28, -0.27, -0.63, -0.61, -0.57, -0.16, -0.17, -0.19, -0.21, -0.22, -0.33, -0.33, -0.33, -0.4, -0.38, -0.17, -0.14, -0.11, 0.16, 0.2, -0.67, -0.66, -0.65, -0.63, -0.23, -0.25, -0.29, -0.35, -0.38, -0.36, -0.42, -0.39, -0.37, -0.36, -0.36, -0.35, -0.35, -0.34, -0.35, -0.35, -0.67, -0.67, -0.66, -0.66, -0.29, -0.34, -0.42, -0.54, -0.59, -0.65, -0.58, -0.43, -0.39, -0.37, -0.35, -0.35, -0.34, -0.34, -0.34, -0.35, -0.68, -0.68, -0.68, -0.3, -0.34, -0.41, -0.52, -0.7, -0.89, -0.73, -0.78, -0.7, -0.42, -0.37, -0.35, -0.34, -0.34, -0.34, -0.34, -0.34, -0.69, -0.69, -0.64, -0.65, -0.68, -0.71, -0.77, -0.83, -0.91, -0.85, -0.79, -0.73, -0.41, -0.36, -0.34, -0.33, -0.33, -0.33, -0.34, -0.34, -0.64, -0.64, -0.66, -0.68, -0.7, -0.73, -0.77, -0.8, -0.86, -0.83, -0.79, -0.75, -0.39, -0.33, -0.33, -0.32, -0.32, -0.32, -0.33, -0.35, -0.65, -0.66, -0.68, -0.69, -0.71, -0.74, -0.76, -0.81, -0.84, -0.83, -0.8, -0.76, -0.35, -0.33, -0.31, -0.3, -0.29, -0.31, -0.33, -0.35, -0.66, -0.68, -0.69, -0.75, -0.76, -0.77, -0.78, -0.79, -0.79, -0.79, -0.78, -0.63, -0.54, -0.33, -0.31, -0.27, -0.22, -0.28, -0.35, -0.36, -0.72, -0.73, -0.73, -0.74, -0.74, -0.75, -0.76, -0.77, -0.79, -0.8, -0.77, -0.45, -0.56, -0.49, -0.42, -0.27, -0.04, -0.37, -0.4, -0.39, -0.71, -0.72, -0.72, -0.72, -0.72, -0.73, -0.74, -0.76, -0.81, -0.85, -0.78, -0.48, -0.36, -0.51, -0.45, -0.41, -0.45, -0.59, -0.45, -0.41, -0.7, -0.7, -0.7, -0.7, -0.71, -0.71, -0.71, -0.73, -0.78, -0.82, -0.59, -0.46, -0.37, -0.53, -0.48, -0.36, -0.42, -0.46, -0.44, -0.41, -0.69, -0.69, -0.69, -0.69, -0.68, -0.68, -0.68, -0.68, -0.68, -0.67, -0.48, -0.41, -0.35, -0.3, -0.32, -0.35, -0.38, -0.4, -0.4, -0.38, -0.68, -0.68, -0.68, -0.67, -0.66, -0.65, -0.64, -0.62, -0.58, -0.4, -0.36, -0.51, -0.57, -0.62, -0.32, -0.34, -0.36, -0.37, -0.37, -0.37, -0.68, -0.67, -0.66, -0.66, -0.64, -0.63, -0.61, -0.57, -0.5, -0.3, -0.28, -0.43, -0.52, -0.59, -0.31, -0.33, -0.34, -0.35, -0.36, -0.36, -0.67, -0.66, -0.65, -0.64, -0.63, -0.61, -0.58, -0.54, -0.47, -0.38, -0.33, -0.42, -0.51, -0.57, -0.3, -0.32, -0.33, -0.34, -0.34, -0.35, -0.66, -0.65, -0.64, -0.63, -0.62, -0.6, -0.57, -0.54, -0.49, -0.44, -0.43, -0.46, -0.52, -0.56, -0.3, -0.31, -0.32, -0.33, -0.34, -0.34, -0.65, -0.65, -0.64, -0.63, -0.61, -0.59, -0.57, -0.54, -0.51, -0.49, -0.48, -0.5, -0.53, -0.57, -0.3, -0.31, -0.32, -0.32, -0.33, -0.33]}, {"header": {"refTime": "2023-09-12T08:00:00.000Z", "nx": 21, "ny": 33, "lo1": 113.509, "la1": 22.2235, "lo2": 113.5947, "la2": 22.1034, "dx": 0.0042850000000001385, "dy": 0.003753125000000024, "parameterCategory": 0, "parameterCategoryName": "Temperature", "parameterNumber": 0}, "data": [[26.98, 26.98, 26.99, 26.84, 26.86, 27.09, 27.1, 27.12, 27.14, 27.16, 27.16, 27.17, 27.32, 27.33, 27.21, 27.19, 27.17, 27.15, 27.14, 27.13], [26.98, 26.98, 26.98, 26.99, 26.85, 26.88, 27.1, 27.13, 27.15, 27.17, 27.17, 27.18, 27.33, 27.34, 27.22, 27.19, 27.16, 27.14, 27.13, 27.12], [26.98, 26.98, 26.98, 26.98, 26.84, 26.87, 26.92, 27.13, 27.19, 27.17, 27.17, 27.2, 27.35, 27.35, 27.23, 27.19, 27.15, 27.13, 27.11, 27.11], [26.97, 26.97, 26.97, 26.97, 26.97, 26.85, 26.89, 26.95, 27.02, 27.15, 27.17, 27.23, 27.38, 27.25, 27.23, 27.17, 27.13, 27.1, 27.09, 27.09], [26.97, 26.97, 26.97, 26.96, 26.96, 26.8, 26.82, 26.84, 26.85, 27.11, 27.15, 27.27, 27.4, 27.28, 27.23, 27.15, 27.09, 27.06, 27.05, 27.06], [26.97, 26.97, 26.97, 26.96, 26.94, 26.92, 26.75, 26.74, 26.73, 26.73, 27.07, 27.2, 27.31, 27.4, 27.2, 27.11, 27.03, 26.99, 27.01, 27.04], [26.89, 26.97, 26.97, 26.96, 26.94, 26.91, 26.7, 26.65, 26.64, 26.68, 26.73, 27.08, 27.33, 27.35, 27.17, 27.07, 26.94, 26.89, 26.93, 26.97], [26.9, 26.9, 26.91, 26.9, 26.89, 26.79, 26.72, 26.62, 26.55, 26.67, 26.66, 27.02, 27.02, 27.35, 26.95, 26.99, 26.9, 26.87, 26.92, 26.96], [26.8, 26.81, 26.93, 26.94, 26.95, 26.92, 26.84, 26.69, 26.53, 26.69, 26.83, 26.92, 26.96, 26.9, 26.96, 27.01, 26.96, 26.94, 26.95, 26.97], [27.2, 27.2, 27.2, 26.87, 26.92, 27.04, 26.96, 26.84, 26.56, 26.55, 26.96, 26.86, 26.9, 26.88, 26.96, 27.03, 26.99, 26.98, 26.98, 26.98], [27.2, 27.2, 27.2, 27.2, 27.2, 27.2, 27.2, 27.2, 26.95, 26.53, 26.6, 26.83, 26.86, 26.86, 26.96, 27.04, 27.01, 27.0, 27.0, 27.0], [27.2, 27.2, 27.2, 27.2, 27.2, 27.2, 27.2, 27.2, 27.2, -999.0, 26.6, 27.2, 27.2, 26.84, 26.95, 27.05, 27.04, 26.4, 26.41, 26.41], [27.2, 27.2, 27.2, 27.2, 27.2, 27.2, 27.2, 27.2, 27.2, 27.2, -999.0, 27.2, 27.2, 26.48, 26.8, 26.55, 26.55, 26.46, 26.48, 26.48], [27.2, 27.2, 27.2, 27.2, 27.2, 27.2, 27.2, 27.2, 27.2, 27.2, -999.0, 26.1, 26.1, 26.1, 26.7, 26.49, 26.5, 26.41, 26.43, 26.44], [27.2, 27.2, 27.2, 27.2, 27.2, 27.2, 27.2, 27.2, 27.2, 27.2, 27.2, 26.78, 26.1, 26.1, 26.1, 26.42, 26.44, 26.36, 26.39, 26.41], [27.2, 27.2, 27.2, 27.2, 27.2, 27.2, 27.2, 27.2, 27.2, 27.2, 26.51, 26.59, 26.48, 26.39, 26.49, 26.36, 26.4, 26.33, 26.47, 26.5], [27.2, 27.2, 27.2, 27.2, 27.2, 27.2, 27.2, 27.2, 27.2, 27.2, 26.73, 26.59, 26.45, 26.31, 26.31, 26.38, 26.48, 26.55, 26.61, 26.65], [27.2, 27.2, 27.2, 27.2, 27.2, 27.2, 27.2, 27.2, 27.2, 26.92, 26.77, 26.61, 26.44, 26.32, 26.13, 26.35, 26.49, 26.58, 26.64, 26.67], [27.2, 27.2, 27.2, 27.2, 27.2, 27.2, 27.2, 27.2, 27.1, 26.99, 26.88, 26.75, 26.53, 26.39, 26.33, 26.43, 26.54, 26.62, 26.68, 26.71], [27.2, 27.2, 27.2, 27.2, 27.2, 27.2, 27.2, 27.2, 27.1, 27.01, 26.9, 26.79, 26.58, 26.5, 26.51, 26.56, 26.64, 26.69, 26.73, 26.75], [27.2, 27.2, 27.2, 27.2, 27.2, 27.2, 27.2, 27.2, 27.03, 26.98, 26.91, 26.83, 26.63, 26.62, 26.64, 26.69, 26.74, 26.77, 26.79, 26.8], [27.2, 27.2, 27.2, 27.2, 27.2, 27.2, 27.2, 27.18, 27.01, 26.98, 26.93, 26.87, 26.68, 26.71, 26.74, 26.79, 26.83, 26.85, 26.85, 26.85], [27.2, 27.2, 27.2, 27.17, 27.18, 27.18, 27.18, 27.18, 27.18, 27.18, 27.18, 27.09, 27.1, 26.77, 26.81, 26.86, 26.89, 26.91, 26.91, 26.89], [27.17, 27.17, 27.17, 27.17, 27.17, 27.18, 27.18, 27.18, 27.18, 27.18, 27.18, 27.08, 27.1, 27.08, 27.06, 26.91, 26.88, 27.0, 26.97, 26.92], [27.17, 27.17, 27.17, 27.17, 27.17, 27.17, 27.17, 27.18, 27.18, 27.19, 27.18, 27.09, 27.05, 27.09, 27.07, 27.06, 27.03, 27.11, 27.0, 26.94], [27.17, 27.17, 27.17, 27.17, 27.17, 27.17, 27.17, 27.17, 27.18, 27.19, 27.13, 27.09, 27.06, 27.09, 27.08, 27.07, 27.09, 27.1, 26.98, 26.94], [27.17, 27.17, 27.17, 27.17, 27.17, 27.17, 27.17, 27.17, 27.17, 27.17, 27.11, 27.09, 27.06, 27.07, 27.07, 27.07, 27.08, 27.09, 27.08, 27.08], [27.17, 27.17, 27.17, 27.16, 27.16, 27.16, 27.16, 27.16, 27.15, 27.1, 27.1, 27.16, 27.17, 27.19, 27.07, 27.07, 27.08, 27.08, 27.08, 27.08], [27.16, 27.16, 27.16, 27.16, 27.16, 27.16, 27.16, 27.15, 27.14, 27.1, 27.12, 27.14, 27.16, 27.18, 27.07, 27.07, 27.08, 27.08, 27.08, 27.08], [27.16, 27.16, 27.16, 27.16, 27.16, 27.16, 27.15, 27.15, 27.15, 27.13, 27.13, 27.14, 27.16, 27.18, 27.08, 27.07, 27.07, 27.07, 27.07, 27.07], [27.16, 27.16, 27.16, 27.16, 27.16, 27.16, 27.15, 27.15, 27.15, 27.15, 27.14, 27.15, 27.16, 27.18, 27.08, 27.08, 27.07, 27.07, 27.07, 27.07], [27.16, 27.16, 27.16, 27.16, 27.16, 27.15, 27.15, 27.16, 27.16, 27.16, 27.16, 27.16, 27.17, 27.18, 27.08, 27.08, 27.07, 27.07, 27.07, 27.07]]}]