gis_exercise/awsData/contour/wdir_2023083105.json
[{"header": {"refTime": "2023-08-31T05:00:00.000Z", "nx": 21, "ny": 33, "lo1": 113.509, "la1": 22.2235, "lo2": 113.5947, "la2": 22.1034, "dx": 0.0042850000000001385, "dy": 0.003753125000000024, "parameterCategory": 2, "parameterCategoryName": "Temperature", "parameterNumber": 2}, "data": [-0.09, -0.07, -0.05, 0.8, 0.77, 0.63, 0.61, 0.58, 0.59, 0.94, 1.06, 1.16, 0.99, 1.03, 0.75, 0.72, 0.91, 0.87, 0.84, 0.82, -0.1, -0.08, -0.06, -0.04, 0.77, 0.72, 0.57, 0.51, 0.48, 0.83, 1.04, 1.19, 1.04, 1.08, 0.79, 0.96, 0.89, 0.85, 0.81, 0.8, -0.11, -0.1, -0.07, -0.05, 0.78, 0.73, 0.65, 0.45, 0.26, 0.75, 1.07, 1.26, 1.13, 1.15, 1.04, 0.95, 0.86, 0.8, 0.77, 0.76, -0.13, -0.12, -0.09, -0.07, -0.03, 0.76, 0.7, 0.6, 0.51, 0.9, 1.19, 1.38, 1.27, 1.62, 1.06, 0.92, 0.81, 0.74, 0.71, 0.71, -0.15, -0.14, -0.12, -0.09, -0.05, 0.81, 0.78, 0.76, 0.77, 1.18, 1.36, 1.64, 1.66, 1.62, 1.05, 0.86, 0.71, 0.63, 0.62, 0.65, -0.18, -0.18, -0.16, -0.13, -0.09, -0.03, 0.84, 0.86, 0.93, 1.07, 1.68, 1.63, 1.62, 1.32, 0.99, 0.77, 0.56, 0.47, 0.52, 0.58, -0.52, -0.22, -0.21, -0.19, -0.15, -0.08, 0.53, 0.86, 0.94, 1.38, 1.55, 1.57, 1.19, 1.19, 0.91, 0.67, 0.35, 0.23, 0.37, 0.48, -0.55, -0.55, -0.54, -0.51, -0.47, 0.27, 0.43, 0.6, 0.77, 1.43, 1.87, 1.26, 1.13, 1.08, 0.61, 0.44, 0.24, 0.17, 0.28, 0.35, -0.57, -0.58, -0.59, -0.61, -0.58, -0.53, -0.38, 0.5, 0.74, 1.33, 1.46, 1.18, 0.98, 1.08, 0.63, 0.5, 0.37, 0.32, 0.34, 0.38, -0.96, -0.97, -0.98, -0.68, -0.74, -0.76, -0.61, -0.42, 0.55, 0.73, 1.31, 1.13, 0.95, 1.06, 0.64, 0.55, 0.46, 0.42, 0.41, 0.42, -0.96, -0.97, -0.98, -0.99, -1.03, -1.13, -1.0, -0.92, -0.54, 0.39, 0.65, 1.17, 1.1, 1.11, 0.64, 0.57, 0.52, 0.48, 0.46, 0.46, -0.96, -0.96, -0.97, -0.98, -1.0, -1.01, -0.95, -0.88, -0.85, -0.49, 0.46, 0.35, 0.45, 1.16, 0.63, 0.59, 0.55, 0.16, 0.14, 0.13, -0.95, -0.96, -0.96, -0.96, -0.96, -0.94, -0.91, -0.88, -0.85, -0.88, -0.38, 0.26, 0.36, 0.53, 0.5, 0.17, 0.15, 0.13, 0.13, 0.12, -0.95, -0.95, -0.95, -0.95, -0.94, -0.92, -0.89, -0.89, -0.88, -0.89, -0.42, -0.15, -0.09, -0.07, 0.4, 0.12, 0.11, 0.1, 0.1, 0.1, -0.95, -0.95, -0.94, -0.94, -0.93, -0.92, -0.9, -0.43, -0.33, -0.25, -0.19, 0.01, -0.14, -0.13, -0.12, 0.05, 0.06, 0.07, 0.08, 0.09, -0.94, -0.94, -0.35, -0.35, -0.35, -0.26, -0.24, -0.17, -0.09, -0.05, 0.15, 0.09, 0.03, 0.27, 0.21, 0.19, 0.26, 0.32, 0.19, 0.22, -0.28, -0.27, -0.26, -0.23, -0.1, -0.05, 0.03, 0.15, 0.22, 0.21, 0.28, 0.16, 0.04, -0.07, 0.08, -0.29, -0.3, -0.31, -0.32, -0.33, -0.23, -0.2, -0.17, -0.12, 0.03, 0.13, 0.3, 0.52, 0.64, 0.58, 0.39, 0.23, 0.06, 0.09, -0.22, -0.29, -0.3, -0.31, -0.32, -0.33, -0.18, -0.14, -0.1, 0.06, 0.14, 0.27, 0.49, 0.85, 1.17, 0.77, 0.62, 0.4, 0.44, 0.22, -0.28, -0.29, -0.29, -0.3, -0.32, -0.33, -0.13, -0.09, 0.22, 0.27, 0.35, 0.46, 0.62, 0.86, 1.04, 0.82, 0.59, 0.41, 0.54, 0.41, -0.28, -0.28, -0.28, -0.29, -0.31, -0.33, 0.18, 0.21, 0.24, 0.29, 0.35, 0.43, 0.54, 0.65, 0.76, 0.66, 0.52, 0.39, 0.63, -0.29, -0.27, -0.26, -0.25, -0.28, -0.31, -0.34, 0.19, 0.22, 0.24, 0.28, 0.32, 0.38, 0.43, 0.72, 0.55, 0.49, 0.41, 0.34, 0.24, -0.28, -0.25, -0.21, -0.19, -0.24, -0.32, -0.36, 0.2, 0.22, 0.24, 0.63, 0.62, 0.61, 0.59, 0.56, 0.51, 0.48, 0.48, 0.66, -0.24, -0.28, -0.24, -0.14, -0.01, -0.19, -0.36, -0.41, 0.61, 0.61, 0.6, 0.59, 0.57, 0.54, 0.5, 0.43, 0.33, 0.29, 0.34, 0.38, -0.25, -0.26, -0.24, -0.16, 0.46, -0.44, -0.51, -0.47, 0.59, 0.59, 0.57, 0.56, 0.53, 0.49, 0.43, 0.34, 0.18, 0.05, 0.23, 0.35, 0.48, -0.28, -0.3, -0.34, -0.65, -1.06, -0.65, -0.53, 0.58, 0.57, 0.55, 0.53, 0.51, 0.47, 0.41, 0.32, 0.18, 0.07, 0.22, 0.36, 0.47, -0.31, -0.35, -0.32, -0.52, -0.63, -0.63, -0.54, 0.57, 0.56, 0.54, 0.52, 0.49, 0.46, 0.41, 0.36, 0.3, 0.28, 0.33, 0.41, 0.48, -0.06, -0.17, -0.28, -0.39, -0.45, -0.44, -0.39, 0.56, 0.55, 0.53, 0.51, 0.49, 0.46, 0.43, 0.41, 0.4, 0.4, 0.45, -0.0, -0.18, -0.38, -0.12, -0.22, -0.3, -0.34, -0.35, -0.34, 0.55, 0.54, 0.53, 0.51, 0.49, 0.47, 0.46, 0.45, 0.46, 0.5, 0.43, 0.14, -0.1, -0.3, -0.07, -0.16, -0.23, -0.27, -0.29, -0.29, 0.55, 0.54, 0.53, 0.51, 0.5, 0.48, 0.48, 0.47, 0.09, 0.24, 0.33, 0.14, -0.07, -0.25, -0.03, -0.11, -0.17, -0.21, -0.24, -0.24, 0.55, 0.54, 0.53, 0.51, 0.5, 0.49, 0.49, 0.49, 0.04, 0.12, 0.13, 0.04, -0.1, -0.24, -0.01, -0.08, -0.13, -0.17, -0.2, -0.21, 0.54, 0.54, 0.53, 0.52, 0.51, 0.5, 0.5, -0.06, -0.02, 0.01, 0.01, -0.05, -0.14, -0.25, -0.0, -0.06, -0.1, -0.14, -0.16, -0.18]}, {"header": {"refTime": "2023-08-31T05:00:00.000Z", "nx": 21, "ny": 33, "lo1": 113.509, "la1": 22.2235, "lo2": 113.5947, "la2": 22.1034, "dx": 0.0042850000000001385, "dy": 0.003753125000000024, "parameterCategory": 2, "parameterCategoryName": "Temperature", "parameterNumber": 3}, "data": [-2.4, -2.35, -2.29, -1.97, -1.91, -1.29, -1.23, -1.18, -1.15, -1.29, -1.34, -1.38, -1.51, -1.56, -2.38, -2.57, -3.52, -3.64, -3.73, -3.79, -2.43, -2.38, -2.32, -2.24, -1.92, -1.82, -1.22, -1.12, -1.05, -1.21, -1.32, -1.37, -1.5, -1.55, -2.39, -3.38, -3.57, -3.72, -3.82, -3.88, -2.48, -2.43, -2.37, -2.29, -1.95, -1.85, -1.69, -1.08, -0.85, -1.16, -1.32, -1.37, -1.48, -1.54, -3.1, -3.4, -3.66, -3.84, -3.95, -4.0, -2.53, -2.5, -2.44, -2.37, -2.27, -1.93, -1.8, -1.59, -1.38, -1.28, -1.39, -1.36, -1.41, -1.99, -3.05, -3.48, -3.83, -4.04, -4.13, -4.15, -2.6, -2.57, -2.54, -2.48, -2.4, -2.05, -2.0, -1.93, -1.92, -1.54, -1.54, -1.89, -1.33, -1.88, -3.08, -3.66, -4.11, -4.35, -4.39, -4.33, -2.67, -2.66, -2.64, -2.61, -2.55, -2.47, -2.2, -2.23, -2.29, -2.38, -2.56, -2.2, -1.79, -2.62, -3.28, -3.96, -4.57, -4.83, -4.7, -4.51, -3.81, -2.76, -2.76, -2.76, -2.73, -2.67, -3.2, -2.44, -2.53, -3.13, -3.25, -2.79, -3.25, -3.27, -3.56, -4.27, -5.19, -5.53, -5.33, -5.09, -3.84, -3.83, -3.82, -3.6, -3.57, -3.39, -3.24, -2.99, -2.77, -3.13, -3.27, -3.97, -4.12, -3.83, -5.24, -5.51, -5.83, -5.94, -5.77, -5.66, -3.87, -3.87, -3.87, -3.87, -3.68, -3.63, -3.48, -3.16, -2.99, -3.13, -4.06, -4.42, -4.97, -4.71, -5.28, -5.45, -5.63, -5.71, -5.67, -5.61, -4.19, -4.19, -4.19, -3.95, -3.98, -3.85, -3.7, -3.51, -3.17, -3.19, -4.33, -4.72, -5.2, -4.84, -5.31, -5.4, -5.51, -5.57, -5.58, -5.56, -4.19, -4.19, -4.2, -4.2, -4.21, -4.25, -4.17, -4.07, -3.58, -3.3, -4.42, -4.63, -4.78, -4.72, -5.32, -5.38, -5.44, -5.49, -5.51, -5.5, -4.19, -4.2, -4.2, -4.21, -4.22, -4.22, -4.17, -3.99, -3.9, -4.37, -4.34, -4.62, -4.72, -4.61, -5.32, -5.35, -5.4, -5.88, -5.88, -5.88, -4.2, -4.2, -4.21, -4.22, -4.23, -4.26, -4.27, -4.08, -3.96, -4.03, -4.57, -4.51, -4.6, -5.08, -5.07, -5.81, -5.81, -5.82, -5.83, -5.84, -4.2, -4.2, -4.21, -4.22, -4.25, -4.3, -4.43, -4.22, -4.1, -4.08, -4.55, -4.91, -5.02, -5.09, -5.09, -5.74, -5.75, -5.77, -5.79, -5.8, -4.2, -4.2, -4.21, -4.22, -4.24, -4.27, -4.28, -3.93, -3.8, -3.72, -3.67, -3.98, -5.02, -5.09, -5.12, -5.67, -5.69, -5.72, -5.74, -5.76, -4.2, -4.2, -3.92, -3.93, -3.95, -3.82, -3.8, -3.73, -3.65, -3.6, -3.83, -4.01, -4.23, -4.88, -4.95, -5.68, -5.74, -5.8, -5.91, -5.95, -3.87, -3.86, -3.86, -3.85, -3.69, -3.66, -3.59, -3.5, -3.44, -3.44, -3.78, -4.03, -4.32, -4.64, -5.14, -5.64, -5.76, -5.85, -5.92, -5.97, -3.83, -3.82, -3.8, -3.77, -3.59, -3.52, -3.4, -3.24, -3.16, -3.57, -3.86, -4.01, -4.37, -5.1, -5.27, -5.6, -5.77, -5.88, -5.95, -6.0, -3.79, -3.77, -3.74, -3.56, -3.51, -3.42, -3.26, -3.02, -2.89, -3.37, -3.54, -3.88, -4.83, -5.07, -5.57, -5.7, -5.84, -5.94, -6.0, -6.04, -3.76, -3.74, -3.45, -3.41, -3.36, -3.28, -3.16, -3.0, -2.99, -3.23, -3.52, -3.8, -4.82, -5.04, -5.8, -5.87, -5.97, -6.03, -6.07, -6.09, -3.46, -3.44, -3.42, -3.38, -3.34, -3.27, -3.2, -3.12, -3.23, -3.35, -3.53, -3.73, -4.86, -5.94, -5.98, -6.04, -6.1, -6.14, -6.15, -6.15, -3.44, -3.42, -3.4, -3.37, -3.33, -3.28, -3.24, -2.74, -3.35, -3.43, -3.54, -3.68, -5.09, -6.06, -6.11, -6.18, -6.24, -6.25, -6.22, -6.2, -3.43, -3.41, -3.39, -2.68, -2.7, -2.72, -2.74, -2.78, -2.81, -2.82, -2.79, -4.01, -5.29, -6.14, -6.2, -6.29, -6.38, -6.35, -6.28, -6.24, -2.65, -2.65, -2.66, -2.68, -2.7, -2.72, -2.76, -2.82, -2.89, -2.92, -2.86, -3.76, -5.21, -5.56, -5.87, -6.35, -6.54, -6.37, -6.3, -6.26, -2.64, -2.65, -2.65, -2.67, -2.69, -2.71, -2.76, -2.84, -2.99, -3.11, -2.91, -3.62, -3.9, -5.52, -5.83, -6.08, -6.34, -6.28, -6.29, -6.26, -2.63, -2.63, -2.64, -2.65, -2.67, -2.69, -2.73, -2.8, -2.94, -3.06, -3.33, -3.47, -3.73, -5.46, -5.74, -5.73, -5.92, -5.96, -6.27, -6.25, -2.62, -2.62, -2.63, -2.63, -2.64, -2.65, -2.67, -2.7, -2.74, -2.72, -3.14, -3.27, -3.52, -4.78, -5.17, -5.47, -5.66, -5.74, -5.73, -5.68, -2.61, -2.61, -2.61, -2.61, -2.61, -2.61, -2.6, -2.58, -2.52, -2.82, -2.75, -2.89, -3.2, -3.52, -4.91, -5.22, -5.42, -5.52, -5.56, -5.55, -2.6, -2.59, -2.59, -2.59, -2.58, -2.56, -2.53, -2.48, -2.37, -2.46, -2.1, -2.63, -3.04, -3.38, -4.69, -5.0, -5.2, -5.33, -5.4, -5.42, -2.59, -2.58, -2.58, -2.57, -2.55, -2.53, -2.49, -2.42, -2.73, -2.44, -2.27, -2.62, -2.99, -3.3, -4.53, -4.82, -5.03, -5.17, -5.25, -5.3, -2.58, -2.57, -2.56, -2.55, -2.53, -2.5, -2.46, -2.41, -2.81, -2.67, -2.64, -2.8, -3.04, -3.28, -4.44, -4.7, -4.9, -5.04, -5.13, -5.19, -2.57, -2.56, -2.55, -2.54, -2.52, -2.49, -2.46, -3.0, -2.92, -2.86, -2.86, -2.96, -3.12, -3.3, -4.4, -4.62, -4.8, -4.93, -5.03, -5.1]}, {"header": {"refTime": "2023-08-31T05:00:00.000Z", "nx": 21, "ny": 33, "lo1": 113.509, "la1": 22.2235, "lo2": 113.5947, "la2": 22.1034, "dx": 0.0042850000000001385, "dy": 0.003753125000000024, "parameterCategory": 0, "parameterCategoryName": "Temperature", "parameterNumber": 0}, "data": [[26.98, 26.97, 26.97, 26.84, 26.84, 27.01, 27.0, 26.99, 26.99, 27.05, 27.11, 27.17, 27.26, 27.29, 27.25, 27.25, 27.4, 27.4, 27.39, 27.38], [26.99, 26.98, 26.97, 26.96, 26.84, 26.83, 26.98, 26.95, 26.94, 27.01, 27.11, 27.19, 27.29, 27.31, 27.27, 27.41, 27.4, 27.39, 27.38, 27.38], [26.99, 26.98, 26.98, 26.96, 26.84, 26.84, 26.83, 26.92, 26.83, 26.97, 27.13, 27.24, 27.33, 27.35, 27.44, 27.41, 27.39, 27.38, 27.37, 27.37], [27.0, 26.99, 26.99, 26.97, 26.96, 26.84, 26.83, 26.82, 26.82, 27.03, 27.19, 27.33, 27.41, 27.54, 27.44, 27.41, 27.38, 27.36, 27.36, 27.36], [27.01, 27.0, 27.0, 26.99, 26.97, 26.85, 26.84, 26.84, 26.84, 27.25, 27.26, 27.53, 27.58, 27.55, 27.44, 27.39, 27.36, 27.34, 27.34, 27.34], [27.02, 27.02, 27.01, 27.01, 26.99, 26.98, 26.86, 26.86, 26.85, 26.84, 27.48, 27.53, 27.55, 27.53, 27.42, 27.37, 27.32, 27.3, 27.31, 27.33], [27.12, 27.03, 27.03, 27.03, 27.02, 27.0, 27.1, 26.86, 26.87, 27.16, 27.1, 27.51, 27.49, 27.5, 27.4, 27.35, 27.28, 27.25, 27.27, 27.3], [27.13, 27.13, 27.13, 27.13, 27.12, 27.1, 27.05, 27.01, 26.96, 27.13, 27.12, 27.4, 27.4, 27.5, 27.27, 27.3, 27.25, 27.24, 27.26, 27.28], [27.07, 27.08, 27.15, 27.15, 27.16, 27.14, 27.09, 27.02, 26.9, 27.16, 27.4, 27.4, 27.4, 27.4, 27.28, 27.3, 27.28, 27.27, 27.27, 27.28], [27.3, 27.3, 27.3, 27.11, 27.14, 27.21, 27.16, 27.09, 26.9, 26.9, 27.4, 27.4, 27.4, 27.4, 27.28, 27.31, 27.3, 27.29, 27.29, 27.29], [27.3, 27.3, 27.3, 27.3, 27.3, 27.3, 27.3, 27.3, 27.16, 26.9, -999.0, 27.4, 27.4, 27.4, 27.28, 27.32, 27.31, 27.3, 27.3, 27.3], [27.3, 27.3, 27.3, 27.3, 27.3, 27.3, 27.3, 27.3, 27.3, -999.0, -999.0, 27.4, 27.4, 27.4, 27.28, 27.33, 27.32, 26.18, 26.2, 26.21], [27.3, 27.3, 27.3, 27.3, 27.3, 27.3, 27.3, 27.3, 27.3, 27.3, -999.0, 27.4, 27.4, 26.09, 26.67, 26.54, 26.56, 26.34, 26.37, 26.39], [27.3, 27.3, 27.3, 27.3, 27.3, 27.3, 27.3, 27.3, 27.3, 27.3, -999.0, 25.4, 25.4, 25.4, 26.5, 26.39, 26.42, 26.2, 26.25, 26.28], [27.3, 27.3, 27.3, 27.3, 27.3, 27.3, 27.3, 27.2, 27.2, 27.2, 27.2, 26.51, 25.4, 25.4, 25.4, 26.22, 26.28, 26.07, 26.13, 26.19], [27.3, 27.3, 27.24, 27.24, 27.23, 27.2, 27.2, 27.2, 27.2, 27.2, 26.07, 26.2, 26.02, 25.87, 26.04, 26.02, 26.12, 25.95, 26.33, 26.4], [27.24, 27.24, 27.26, 27.26, 27.2, 27.2, 27.2, 27.2, 27.2, 27.2, 26.43, 26.2, 25.97, 25.75, 25.8, 25.8, 25.95, 26.06, 26.14, 26.2], [27.26, 27.26, 27.26, 27.26, 27.2, 27.2, 27.2, 27.2, 27.2, 26.74, 26.5, 26.23, 25.95, 25.82, 25.46, 25.76, 25.96, 26.09, 26.18, 26.23], [27.26, 27.26, 27.26, 27.2, 27.2, 27.2, 27.2, 27.2, 27.04, 26.85, 26.72, 26.5, 26.2, 25.96, 25.73, 25.88, 26.05, 26.17, 26.24, 26.28], [27.26, 27.26, 27.31, 27.31, 27.3, 27.29, 27.27, 27.23, 27.05, 26.93, 26.76, 26.57, 26.32, 26.18, 26.0, 26.09, 26.19, 26.27, 26.32, 26.34], [27.32, 27.32, 27.32, 27.28, 27.28, 27.27, 27.27, 27.26, 26.97, 26.9, 26.79, 26.65, 26.43, 26.17, 26.21, 26.28, 26.36, 26.4, 26.41, 26.41], [27.29, 27.29, 27.29, 27.29, 27.29, 27.29, 27.28, 27.32, 26.96, 26.92, 26.84, 26.74, 26.6, 26.3, 26.37, 26.45, 26.52, 26.53, 26.5, 26.47], [27.3, 27.3, 27.3, 27.35, 27.35, 27.35, 27.35, 27.35, 27.35, 27.36, 27.36, 27.26, 27.0, 26.4, 26.48, 26.59, 26.69, 26.65, 26.57, 26.51], [27.36, 27.36, 27.36, 27.36, 27.36, 27.36, 27.36, 27.37, 27.37, 27.38, 27.38, 27.35, 27.02, 26.95, 26.9, 26.65, 26.9, 26.67, 26.58, 26.54], [27.36, 27.36, 27.36, 27.37, 27.37, 27.37, 27.38, 27.38, 27.39, 27.4, 27.39, 27.36, 27.34, 26.95, 26.89, 26.83, 26.62, 26.55, 26.56, 26.54], [27.37, 27.37, 27.37, 27.37, 27.38, 27.38, 27.39, 27.39, 27.4, 27.4, 27.39, 27.37, 27.35, 26.96, 26.89, 26.85, 26.78, 26.75, 26.55, 26.53], [27.37, 27.37, 27.38, 27.38, 27.38, 27.39, 27.39, 27.4, 27.41, 27.41, 27.4, 27.39, 27.37, 27.02, 26.95, 26.89, 26.84, 26.82, 26.82, 26.84], [27.37, 27.38, 27.38, 27.38, 27.39, 27.39, 27.4, 27.41, 27.42, 27.42, 27.43, 27.31, 27.23, 27.15, 26.99, 26.93, 26.89, 26.87, 26.86, 26.87], [27.38, 27.38, 27.38, 27.39, 27.39, 27.4, 27.41, 27.42, 27.43, 27.45, 27.45, 27.35, 27.26, 27.18, 27.02, 26.97, 26.93, 26.91, 26.9, 26.89], [27.38, 27.38, 27.39, 27.39, 27.4, 27.4, 27.41, 27.42, 27.34, 27.39, 27.42, 27.35, 27.27, 27.2, 27.05, 27.0, 26.96, 26.94, 26.92, 26.92], [27.38, 27.39, 27.39, 27.39, 27.4, 27.41, 27.41, 27.42, 27.32, 27.34, 27.35, 27.31, 27.26, 27.2, 27.07, 27.02, 26.99, 26.96, 26.95, 26.94], [27.38, 27.39, 27.39, 27.39, 27.4, 27.41, 27.41, 27.28, 27.3, 27.31, 27.3, 27.28, 27.24, 27.2, 27.07, 27.04, 27.0, 26.98, 26.97, 26.95]]}]