gis_exercise/awsData/contour/wdir_2023090514.json
[{"header": {"refTime": "2023-09-05T14:00:00.000Z", "nx": 21, "ny": 33, "lo1": 113.509, "la1": 22.2235, "lo2": 113.5947, "la2": 22.1034, "dx": 0.0042850000000001385, "dy": 0.003753125000000024, "parameterCategory": 2, "parameterCategoryName": "Temperature", "parameterNumber": 2}, "data": [0.09, 0.09, 0.08, 0.21, 0.19, 0.03, 0.03, 0.02, 0.02, 0.25, 0.29, 0.33, 0.15, 0.16, -0.59, -0.69, -0.73, -0.8, -0.85, -0.88, 0.1, 0.09, 0.08, 0.07, 0.19, 0.17, 0.02, 0.0, -0.01, 0.2, 0.28, 0.34, 0.17, 0.18, -0.59, -0.65, -0.76, -0.85, -0.91, -0.94, 0.1, 0.1, 0.09, 0.07, 0.19, 0.17, 0.14, -0.02, -0.07, 0.16, 0.29, 0.36, 0.19, 0.2, -0.51, -0.68, -0.83, -0.93, -0.99, -1.02, 0.11, 0.11, 0.1, 0.08, 0.07, 0.18, 0.16, 0.11, 0.07, 0.23, 0.34, 0.39, 0.24, 0.45, -0.49, -0.73, -0.93, -1.06, -1.12, -1.12, 0.12, 0.12, 0.11, 0.1, 0.08, 0.2, 0.19, 0.18, 0.2, 0.37, 0.42, 0.46, 0.41, 0.43, -0.51, -0.84, -1.11, -1.26, -1.28, -1.23, 0.13, 0.13, 0.13, 0.12, 0.1, 0.08, 0.21, 0.22, 0.26, 0.36, 0.55, 0.47, 0.42, -0.23, -0.58, -1.0, -1.41, -1.58, -1.49, -1.36, 0.76, 0.15, 0.15, 0.14, 0.13, 0.11, 0.35, 0.19, 0.24, 0.47, 0.58, 0.49, -0.36, -0.46, -0.68, -1.18, -1.83, -2.07, -2.06, -1.93, 0.78, 0.76, 0.74, 0.83, 0.8, 0.39, 0.34, 0.22, 0.08, 0.52, 0.83, -0.11, -0.32, -0.71, -1.58, -1.85, -2.17, -2.28, -2.11, -2.0, 0.8, 0.79, 0.76, 0.73, 0.81, 0.78, 0.74, 0.31, 0.69, 0.44, -0.1, -0.6, -1.27, -0.95, -1.62, -1.79, -1.97, -2.05, -2.02, -1.95, 1.56, 1.52, 1.46, 0.76, 0.7, 0.76, 0.86, 0.96, 1.13, 1.12, -0.46, -0.94, -1.52, -1.09, -1.66, -1.75, -1.85, -1.91, -1.92, -1.9, 1.57, 1.53, 1.47, 1.37, 1.16, 0.53, 1.35, 1.8, 1.46, 1.44, 0.27, -0.83, -1.01, -0.95, -1.67, -1.72, -1.78, -1.83, -1.85, -1.85, 1.58, 1.56, 1.52, 1.45, 1.35, 1.3, 1.63, 2.09, 2.29, 1.44, 0.57, -0.14, -0.41, -0.82, -1.67, -1.7, -1.74, -2.12, -2.12, -2.11, 1.61, 1.59, 1.58, 1.57, 1.58, 1.7, 1.9, 2.1, 2.23, 2.08, 1.05, 0.12, -0.14, -1.28, -1.26, -2.02, -2.03, -2.04, -2.04, -2.05, 1.64, 1.63, 1.64, 1.66, 1.72, 1.85, 2.03, 2.01, 2.05, 2.02, 1.14, -0.11, -0.38, -0.55, -1.23, -1.91, -1.93, -1.95, -1.97, -1.99, 1.66, 1.67, 1.68, 1.71, 1.77, 1.85, 1.93, 2.03, 2.02, 1.99, 1.96, 0.78, -0.39, -0.56, -0.65, -1.78, -1.82, -1.86, -1.9, -1.93, 1.68, 1.69, 1.25, 1.28, 1.33, 1.92, 1.91, 1.88, 1.86, 1.84, 0.84, 0.6, 0.32, -0.96, -1.01, -1.69, -1.77, -1.84, -1.95, -2.01, 1.21, 1.22, 1.24, 1.26, 1.84, 1.81, 1.76, 1.69, 1.66, 1.67, 0.71, 0.45, 0.11, -0.28, -1.08, -1.58, -1.73, -1.85, -1.94, -2.0, 1.2, 1.21, 1.22, 1.23, 1.76, 1.7, 1.6, 1.46, 1.39, 0.74, 0.54, 0.37, -0.0, -1.04, -1.14, -1.53, -1.75, -1.89, -1.98, -2.04, 1.2, 1.21, 1.21, 1.75, 1.7, 1.62, 1.48, 1.26, 0.9, 0.75, -0.18, -0.46, -0.87, -1.04, -1.5, -1.66, -1.84, -1.97, -2.05, -2.09, 1.19, 1.2, 0.56, 0.56, 0.57, 0.58, 0.61, 0.69, 0.43, 0.09, -0.24, -0.48, -0.89, -1.06, -1.79, -1.88, -1.99, -2.08, -2.13, -2.16, 0.47, 0.46, 0.46, 0.44, 0.43, 0.43, 0.43, 0.45, -0.04, -0.2, -0.4, -0.56, -0.94, -1.97, -2.01, -2.08, -2.16, -2.21, -2.23, -2.23, 0.4, 0.38, 0.35, 0.32, 0.29, 0.25, 0.21, -0.38, -0.42, -0.51, -0.61, -0.68, -1.89, -2.11, -2.17, -2.26, -2.33, -2.34, -2.32, -2.3, 0.33, 0.3, 0.26, -0.59, -0.59, -0.6, -0.63, -0.69, -0.77, -0.84, -0.84, -1.27, -2.33, -2.21, -2.29, -2.39, -2.49, -2.47, -2.4, -2.35, -0.64, -0.65, -0.66, -0.67, -0.7, -0.75, -0.83, -0.95, -1.1, -1.18, -1.1, -1.88, -2.31, -2.4, -2.47, -2.46, -2.65, -2.52, -2.44, -2.38, -0.68, -0.7, -0.72, -0.75, -0.79, -0.86, -0.96, -1.12, -1.37, -1.58, -1.31, -1.84, -1.91, -2.38, -2.46, -2.52, -2.5, -2.47, -2.44, -2.39, -0.72, -0.74, -0.76, -0.8, -0.85, -0.92, -1.03, -1.18, -1.4, -1.56, -1.77, -1.78, -1.85, -2.37, -2.44, -2.37, -2.43, -2.43, -2.42, -2.38, -0.75, -0.77, -0.8, -0.84, -0.89, -0.96, -1.04, -1.15, -1.25, -1.29, -1.66, -1.69, -1.77, -2.07, -2.19, -2.29, -2.35, -2.37, -2.37, -2.35, -0.77, -0.8, -0.83, -0.87, -0.91, -0.97, -1.04, -1.1, -1.15, -1.53, -1.49, -1.52, -1.61, -1.71, -2.11, -2.21, -2.27, -2.3, -2.31, -2.31, -0.79, -0.82, -0.85, -0.88, -0.92, -0.97, -1.02, -1.07, -1.1, -1.37, -1.22, -1.41, -1.55, -1.66, -2.04, -2.13, -2.2, -2.24, -2.26, -2.27, -0.8, -0.83, -0.86, -0.89, -0.93, -0.96, -1.0, -1.04, -1.46, -1.35, -1.28, -1.41, -1.53, -1.63, -1.98, -2.08, -2.15, -2.19, -2.22, -2.23, -0.81, -0.84, -0.86, -0.89, -0.92, -0.96, -0.99, -1.02, -1.49, -1.43, -1.41, -1.47, -1.55, -1.63, -1.95, -2.04, -2.1, -2.15, -2.18, -2.2, -0.82, -0.84, -0.87, -0.89, -0.92, -0.95, -0.97, -1.55, -1.52, -1.5, -1.49, -1.52, -1.58, -1.63, -1.94, -2.01, -2.07, -2.11, -2.15, -2.17]}, {"header": {"refTime": "2023-09-05T14:00:00.000Z", "nx": 21, "ny": 33, "lo1": 113.509, "la1": 22.2235, "lo2": 113.5947, "la2": 22.1034, "dx": 0.0042850000000001385, "dy": 0.003753125000000024, "parameterCategory": 2, "parameterCategoryName": "Temperature", "parameterNumber": 3}, "data": [-2.16, -2.17, -2.17, -2.13, -2.15, -1.25, -1.32, -1.38, -1.37, -1.35, -1.13, -0.92, -1.03, -0.96, -1.46, -1.62, -2.06, -2.21, -2.32, -2.4, -2.16, -2.16, -2.17, -2.17, -2.14, -2.16, -1.41, -1.57, -1.65, -1.5, -1.14, -0.82, -0.87, -0.82, -1.36, -1.88, -2.11, -2.29, -2.42, -2.5, -2.16, -2.16, -2.16, -2.16, -2.13, -2.15, -2.19, -1.72, -2.22, -1.63, -1.06, -0.61, -0.6, -0.59, -1.52, -1.9, -2.21, -2.43, -2.56, -2.63, -2.16, -2.16, -2.16, -2.15, -2.15, -2.13, -2.16, -2.21, -2.27, -1.45, -0.87, -0.25, -0.11, -0.28, -1.44, -1.99, -2.4, -2.65, -2.77, -2.79, -2.16, -2.16, -2.15, -2.15, -2.14, -2.09, -2.1, -2.12, -2.14, -1.21, -0.7, -0.09, 0.88, -0.08, -1.49, -2.2, -2.72, -3.0, -3.05, -2.99, -2.16, -2.16, -2.15, -2.14, -2.12, -2.1, -2.03, -2.03, -2.04, -2.08, -1.23, -0.63, 0.07, -0.84, -1.79, -2.57, -3.24, -3.52, -3.4, -3.2, -2.06, -2.16, -2.16, -2.14, -2.12, -2.08, -1.99, -1.91, -1.91, -2.27, -2.43, -1.68, -1.88, -1.78, -2.21, -2.95, -3.92, -4.28, -3.82, -3.5, -2.07, -2.07, -2.07, -2.32, -2.29, -2.08, -2.0, -1.85, -1.78, -2.24, -2.36, -3.26, -3.41, -2.51, -4.16, -4.39, -4.66, -4.76, -4.61, -4.51, -2.08, -2.09, -2.1, -2.11, -2.34, -2.31, -2.24, -1.95, -2.02, -2.28, -3.08, -3.42, -3.72, -3.58, -4.14, -4.31, -4.48, -4.56, -4.53, -4.47, -2.47, -2.47, -2.47, -2.15, -2.19, -2.4, -2.37, -2.33, -2.26, -2.27, -3.28, -3.53, -3.79, -3.62, -4.14, -4.26, -4.36, -4.43, -4.44, -4.42, -2.47, -2.46, -2.46, -2.46, -2.46, -2.46, -2.51, -2.61, -2.54, -2.43, -3.22, -3.47, -3.57, -3.55, -4.14, -4.22, -4.3, -4.35, -4.37, -4.37, -2.46, -2.46, -2.45, -2.45, -2.44, -2.45, -2.49, -2.69, -2.81, -3.03, -3.2, -3.59, -3.65, -3.48, -4.15, -4.2, -4.25, -4.33, -4.34, -4.34, -2.46, -2.45, -2.44, -2.43, -2.41, -2.37, -2.34, -2.58, -2.73, -2.65, -3.07, -3.54, -3.59, -3.74, -3.73, -4.19, -4.22, -4.24, -4.26, -4.28, -2.45, -2.45, -2.43, -2.42, -2.39, -2.31, -2.12, -2.41, -2.55, -2.58, -3.01, -3.54, -3.58, -3.6, -3.7, -4.11, -4.14, -4.17, -4.19, -4.22, -2.45, -2.44, -2.43, -2.41, -2.39, -2.34, -2.32, -1.79, -1.75, -1.67, -1.6, -2.11, -3.55, -3.57, -3.58, -4.01, -4.05, -4.09, -4.13, -4.16, -2.45, -2.44, -1.39, -1.39, -1.39, -1.53, -1.51, -1.45, -1.38, -1.34, -1.81, -2.03, -2.28, -2.75, -2.88, -3.34, -3.29, -3.24, -3.43, -3.43, -1.31, -1.3, -1.28, -1.25, -1.34, -1.27, -1.15, -1.0, -0.91, -0.95, -1.58, -1.94, -2.33, -2.73, -2.82, -3.02, -2.85, -2.71, -2.61, -2.54, -1.24, -1.22, -1.17, -1.11, -1.16, -1.02, -0.78, -0.47, -0.31, -0.67, -1.14, -1.84, -2.34, -2.78, -3.42, -3.08, -2.83, -2.67, -2.57, -2.5, -1.18, -1.14, -1.08, -1.14, -1.02, -0.82, -0.51, 0.01, 0.42, -0.36, -0.96, -1.51, -2.04, -2.55, -3.12, -2.94, -2.73, -2.58, -2.49, -2.44, -1.13, -1.08, -0.86, -0.79, -0.69, -0.54, -0.31, 0.02, 0.07, -0.43, -0.97, -1.44, -1.86, -2.2, -2.79, -2.69, -2.56, -2.46, -2.4, -2.37, -0.93, -0.9, -0.86, -0.8, -0.72, -0.61, -0.46, -0.31, -0.52, -0.76, -1.09, -1.43, -1.72, -2.59, -2.54, -2.46, -2.37, -2.31, -2.29, -2.28, -0.94, -0.91, -0.88, -0.84, -0.78, -0.72, -0.66, -0.43, -0.92, -1.06, -1.25, -1.45, -2.42, -2.43, -2.35, -2.26, -2.19, -2.16, -2.18, -2.21, -0.95, -0.93, -0.91, -0.6, -0.6, -0.62, -0.65, -0.71, -0.79, -0.84, -0.85, -1.06, -1.85, -2.31, -2.22, -2.11, -2.02, -2.03, -2.09, -2.14, -0.64, -0.64, -0.65, -0.67, -0.7, -0.75, -0.82, -0.94, -1.1, -1.17, -1.09, -1.58, -1.85, -1.85, -1.85, -2.03, -1.87, -1.94, -2.03, -2.1, -0.67, -0.68, -0.7, -0.73, -0.77, -0.84, -0.94, -1.1, -1.36, -1.57, -1.28, -1.57, -1.55, -1.85, -1.85, -1.85, -1.96, -1.95, -2.02, -2.09, -0.7, -0.72, -0.74, -0.78, -0.83, -0.9, -1.0, -1.14, -1.37, -1.54, -1.59, -1.52, -1.5, -1.85, -1.85, -1.7, -1.76, -1.77, -2.05, -2.09, -0.72, -0.74, -0.77, -0.81, -0.86, -0.92, -1.0, -1.09, -1.19, -1.22, -1.44, -1.42, -1.44, -1.5, -1.58, -1.65, -1.7, -1.72, -1.71, -1.7, -0.74, -0.76, -0.79, -0.83, -0.87, -0.92, -0.97, -1.03, -1.06, -1.29, -1.24, -1.31, -1.38, -1.46, -1.53, -1.6, -1.64, -1.67, -1.67, -1.67, -0.76, -0.78, -0.8, -0.83, -0.87, -0.91, -0.95, -0.97, -0.98, -1.12, -0.99, -1.19, -1.32, -1.41, -1.48, -1.55, -1.59, -1.62, -1.64, -1.64, -0.77, -0.79, -0.81, -0.84, -0.87, -0.9, -0.92, -0.94, -1.25, -1.13, -1.05, -1.18, -1.3, -1.38, -1.45, -1.51, -1.56, -1.59, -1.6, -1.61, -0.77, -0.79, -0.81, -0.84, -0.86, -0.88, -0.9, -0.92, -1.27, -1.21, -1.19, -1.23, -1.31, -1.38, -1.43, -1.48, -1.53, -1.56, -1.58, -1.59, -0.78, -0.79, -0.81, -0.83, -0.85, -0.87, -0.89, -1.34, -1.3, -1.27, -1.26, -1.29, -1.33, -1.38, -1.42, -1.47, -1.51, -1.53, -1.56, -1.57]}, {"header": {"refTime": "2023-09-05T14:00:00.000Z", "nx": 21, "ny": 33, "lo1": 113.509, "la1": 22.2235, "lo2": 113.5947, "la2": 22.1034, "dx": 0.0042850000000001385, "dy": 0.003753125000000024, "parameterCategory": 0, "parameterCategoryName": "Temperature", "parameterNumber": 0}, "data": [[32.9, 32.89, 32.88, 32.53, 32.54, 32.91, 32.89, 32.87, 32.87, 32.74, 32.78, 32.82, 33.24, 33.27, 33.21, 33.22, 33.49, 33.49, 33.48, 33.48], [32.91, 32.9, 32.89, 32.87, 32.54, 32.54, 32.87, 32.82, 32.8, 32.72, 32.78, 32.85, 33.27, 33.3, 33.24, 33.5, 33.49, 33.48, 33.47, 33.47], [32.92, 32.91, 32.9, 32.88, 32.54, 32.55, 32.55, 32.78, 32.65, 32.7, 32.8, 32.9, 33.32, 33.35, 33.52, 33.5, 33.48, 33.47, 33.47, 33.46], [32.93, 32.92, 32.91, 32.9, 32.88, 32.55, 32.55, 32.56, 32.56, 32.71, 32.83, 33.0, 33.41, 33.28, 33.52, 33.49, 33.47, 33.46, 33.45, 33.45], [32.94, 32.94, 32.93, 32.92, 32.9, 32.55, 32.56, 32.55, 32.54, 32.71, 32.84, 33.29, 33.47, 33.33, 33.52, 33.48, 33.45, 33.44, 33.43, 33.44], [32.96, 32.96, 32.95, 32.94, 32.93, 32.91, 32.57, 32.57, 32.54, 32.47, 32.99, 33.2, 33.37, 33.6, 33.51, 33.46, 33.42, 33.4, 33.41, 33.43], [33.12, 32.97, 32.98, 32.97, 32.97, 32.95, 32.77, 32.63, 32.6, 32.62, 32.58, 33.07, 33.6, 33.6, 33.5, 33.45, 33.38, 33.35, 33.36, 33.37], [33.13, 33.13, 33.13, 33.13, 33.12, 32.85, 32.81, 32.8, 32.84, 32.56, 32.26, 33.11, 33.12, 33.6, 33.41, 33.44, 33.38, 33.35, 33.39, 33.42], [33.07, 33.08, 33.15, 33.15, 33.16, 33.14, 33.09, 32.8, 32.61, 32.67, 32.61, 32.85, 32.97, 32.81, 33.42, 33.46, 33.42, 33.4, 33.41, 33.43], [33.3, 33.3, 33.3, 33.11, 33.14, 33.21, 33.16, 33.09, 32.39, 32.44, 32.97, 32.71, 32.79, 32.75, 33.42, 33.47, 33.44, 33.43, 33.43, 33.44], [33.3, 33.3, 33.3, 33.3, 33.3, 33.3, 33.3, 33.3, 33.16, 32.59, 32.0, 32.61, 32.68, 32.69, 33.42, 33.48, 33.46, 33.45, 33.45, 33.45], [33.3, 33.3, 33.3, 33.3, 33.3, 33.3, 33.3, 33.3, 33.3, -999.0, 32.0, 33.6, 33.6, 32.64, 33.41, 33.49, 33.48, 32.39, 32.41, 32.42], [33.3, 33.3, 33.3, 33.3, 33.3, 33.3, 33.3, 33.3, 33.3, 33.3, -999.0, 33.6, 33.6, 32.36, 32.91, 32.72, 32.73, 32.53, 32.56, 32.58], [33.3, 33.3, 33.3, 33.3, 33.3, 33.3, 33.3, 33.3, 33.3, 33.3, -999.0, 31.7, 31.7, 31.7, 32.74, 32.58, 32.61, 32.41, 32.45, 32.48], [33.3, 33.3, 33.3, 33.3, 33.3, 33.3, 33.3, 33.1, 33.1, 33.1, 33.1, 32.56, 31.7, 31.7, 31.7, 32.43, 32.48, 32.3, 32.35, 32.4], [33.3, 33.3, 33.17, 33.17, 33.17, 33.1, 33.1, 33.1, 33.1, 33.1, 32.22, 32.32, 32.18, 32.07, 32.2, 31.59, 31.57, 31.6, 32.03, 32.06], [33.17, 33.17, 33.23, 33.23, 33.1, 33.1, 33.1, 33.1, 33.1, 33.1, 32.5, 32.32, 32.14, 31.97, 31.83, 31.82, 31.87, 31.9, 31.93, 31.95], [33.23, 33.23, 33.22, 33.22, 33.1, 33.1, 33.1, 33.1, 33.1, 32.74, 32.56, 32.35, 32.13, 31.85, 31.72, 31.81, 31.87, 31.91, 31.94, 31.96], [33.22, 33.22, 33.22, 33.1, 33.1, 33.1, 33.1, 33.1, 32.97, 32.83, 32.57, 32.39, 32.03, 31.89, 31.8, 31.84, 31.89, 31.93, 31.95, 31.97], [33.22, 33.22, 32.7, 32.72, 32.75, 32.78, 32.84, 32.98, 32.89, 32.74, 32.57, 32.41, 32.05, 31.94, 31.87, 31.89, 31.92, 31.95, 31.98, 31.99], [32.67, 32.68, 32.7, 32.81, 32.83, 32.85, 32.87, 32.9, 32.72, 32.64, 32.54, 32.43, 32.05, 31.92, 31.92, 31.94, 31.95, 31.98, 32.0, 32.02], [32.77, 32.78, 32.78, 32.79, 32.79, 32.8, 32.8, 32.88, 32.6, 32.56, 32.5, 32.43, 31.83, 31.95, 31.96, 31.96, 31.97, 32.0, 32.03, 32.04], [32.76, 32.76, 32.76, 32.87, 32.86, 32.85, 32.84, 32.81, 32.79, 32.77, 32.78, 32.34, 32.21, 31.98, 31.98, 31.96, 31.92, 32.0, 32.07, 32.08], [32.88, 32.88, 32.87, 32.86, 32.85, 32.83, 32.8, 32.75, 32.7, 32.67, 32.71, 32.35, 32.23, 32.19, 32.14, 31.99, 31.72, 32.14, 32.16, 32.12], [32.88, 32.87, 32.86, 32.85, 32.84, 32.82, 32.78, 32.72, 32.61, 32.52, 32.66, 32.4, 32.33, 32.2, 32.17, 32.16, 32.24, 32.43, 32.22, 32.15], [32.88, 32.87, 32.86, 32.85, 32.84, 32.82, 32.78, 32.73, 32.63, 32.55, 32.48, 32.46, 32.39, 32.22, 32.21, 32.34, 32.36, 32.39, 32.21, 32.16], [32.88, 32.87, 32.86, 32.86, 32.85, 32.83, 32.81, 32.78, 32.75, 32.75, 32.59, 32.56, 32.48, 32.53, 32.45, 32.4, 32.39, 32.39, 32.38, 32.38], [32.88, 32.87, 32.87, 32.86, 32.86, 32.85, 32.84, 32.84, 32.86, 32.74, 32.78, 32.92, 32.89, 32.88, 32.51, 32.46, 32.43, 32.41, 32.4, 32.4], [32.88, 32.88, 32.87, 32.87, 32.87, 32.87, 32.88, 32.89, 32.94, 32.91, 33.12, 33.0, 32.93, 32.9, 32.56, 32.5, 32.46, 32.44, 32.43, 32.42], [32.88, 32.88, 32.88, 32.88, 32.88, 32.89, 32.9, 32.92, 32.95, 33.03, 33.08, 33.01, 32.95, 32.91, 32.6, 32.54, 32.5, 32.47, 32.45, 32.44], [32.89, 32.89, 32.89, 32.89, 32.89, 32.9, 32.91, 32.94, 32.94, 32.98, 33.0, 32.98, 32.94, 32.92, 32.62, 32.56, 32.52, 32.49, 32.47, 32.46], [32.89, 32.89, 32.89, 32.89, 32.9, 32.91, 32.92, 32.9, 32.93, 32.95, 32.96, 32.95, 32.93, 32.91, 32.62, 32.58, 32.54, 32.51, 32.49, 32.48]]}]