gis_exercise/awsData/contour/wdir_2023091415.json
[{"header": {"refTime": "2023-09-14T15:00:00.000Z", "nx": 21, "ny": 33, "lo1": 113.509, "la1": 22.2235, "lo2": 113.5947, "la2": 22.1034, "dx": 0.0042850000000001385, "dy": 0.003753125000000024, "parameterCategory": 2, "parameterCategoryName": "Temperature", "parameterNumber": 2}, "data": [-1.16, -1.14, -1.13, -0.98, -0.96, -0.97, -0.92, -0.88, -0.86, -0.7, -0.73, -0.77, -0.76, -0.77, -0.65, -0.63, -0.66, -0.64, -0.63, -0.62, -1.17, -1.16, -1.14, -1.11, -0.96, -0.92, -0.9, -0.82, -0.77, -0.67, -0.73, -0.78, -0.78, -0.79, -0.66, -0.68, -0.65, -0.63, -0.62, -0.61, -1.18, -1.17, -1.16, -1.13, -0.98, -0.94, -0.87, -0.78, -0.57, -0.65, -0.74, -0.8, -0.81, -0.82, -0.72, -0.68, -0.64, -0.61, -0.6, -0.59, -1.2, -1.19, -1.18, -1.16, -1.14, -0.98, -0.93, -0.83, -0.74, -0.69, -0.77, -0.85, -0.86, -0.92, -0.73, -0.67, -0.61, -0.58, -0.57, -0.57, -1.21, -1.21, -1.21, -1.2, -1.19, -1.05, -1.03, -0.99, -0.96, -0.75, -0.81, -0.93, -0.98, -0.93, -0.73, -0.64, -0.57, -0.53, -0.53, -0.54, -1.23, -1.23, -1.23, -1.24, -1.24, -1.25, -1.14, -1.16, -1.14, -1.08, -0.87, -0.9, -0.94, -0.97, -0.7, -0.6, -0.5, -0.46, -0.48, -0.51, -2.18, -1.25, -1.26, -1.27, -1.29, -1.32, -1.44, -1.34, -1.35, -1.15, -0.99, -0.83, -0.91, -0.94, -0.66, -0.55, -0.4, -0.35, -0.5, -0.58, -2.19, -2.16, -2.12, -1.95, -1.94, -1.41, -1.45, -1.57, -1.65, -1.14, -0.9, -0.82, -0.82, -0.94, -0.71, -0.59, -0.43, -0.37, -0.46, -0.52, -2.2, -2.16, -2.12, -2.06, -1.88, -1.89, -1.95, -1.49, -1.81, -1.16, -0.88, -0.9, -0.98, -0.94, -0.75, -0.64, -0.54, -0.49, -0.51, -0.54, -2.59, -2.55, -2.48, -2.05, -1.92, -1.75, -1.91, -2.09, -2.01, -1.88, -0.91, -0.96, -1.03, -0.97, -0.78, -0.69, -0.61, -0.57, -0.57, -0.57, -2.61, -2.57, -2.5, -2.38, -2.12, -1.38, -2.3, -2.73, -2.43, -2.18, -1.74, -0.94, -0.96, -0.95, -0.78, -0.71, -0.66, -0.62, -0.61, -0.6, -2.64, -2.61, -2.57, -2.5, -2.37, -2.31, -2.66, -2.98, -3.08, -2.92, -1.93, -1.66, -1.53, -0.94, -0.77, -0.73, -0.68, -0.73, -0.71, -0.71, -2.68, -2.67, -2.66, -2.66, -2.7, -2.89, -3.17, -3.12, -3.1, -3.02, -2.79, -1.79, -1.65, -0.97, -0.97, -0.82, -0.79, -0.77, -0.75, -0.74, -2.72, -2.72, -2.74, -2.78, -2.89, -3.15, -3.59, -3.22, -3.09, -3.02, -2.86, -1.89, -1.75, -1.65, -0.96, -0.84, -0.82, -0.8, -0.78, -0.77, -2.75, -2.77, -2.8, -2.85, -2.95, -3.11, -3.22, -3.14, -3.0, -2.9, -2.83, -1.85, -1.69, -1.58, -1.52, -0.86, -0.84, -0.82, -0.81, -0.79, -2.78, -2.8, -2.28, -2.34, -2.42, -2.97, -2.94, -2.86, -2.76, -2.7, -1.81, -1.71, -1.6, -1.07, -1.06, -1.0, -1.0, -0.99, -0.76, -0.74, -2.2, -2.22, -2.24, -2.27, -2.79, -2.74, -2.64, -2.52, -2.43, -2.44, -1.67, -1.6, -1.48, -1.33, -1.0, -0.94, -0.93, -0.92, -0.91, -0.91, -2.18, -2.19, -2.19, -2.19, -2.64, -2.53, -2.36, -2.12, -2.0, -1.7, -1.7, -1.52, -1.41, -1.0, -0.98, -0.95, -0.93, -0.92, -0.91, -0.9, -2.16, -2.15, -2.15, -2.61, -2.52, -2.38, -2.15, -1.78, -1.36, -1.57, -1.34, -1.31, -1.03, -1.01, -0.95, -0.94, -0.92, -0.91, -0.9, -0.9, -2.13, -2.12, -2.33, -2.28, -2.21, -2.1, -1.93, -1.71, -1.32, -1.36, -1.37, -1.36, -1.04, -1.01, -0.93, -0.92, -0.91, -0.9, -0.9, -0.89, -2.35, -2.33, -2.29, -2.24, -2.18, -2.09, -1.98, -1.87, -1.42, -1.43, -1.44, -1.42, -1.03, -0.91, -0.91, -0.9, -0.9, -0.89, -0.89, -0.89, -2.33, -2.3, -2.27, -2.22, -2.17, -2.11, -2.04, -1.57, -1.53, -1.53, -1.52, -1.49, -1.33, -0.9, -0.9, -0.89, -0.88, -0.88, -0.88, -0.88, -2.31, -2.28, -2.25, -1.59, -1.6, -1.61, -1.63, -1.66, -1.69, -1.71, -1.7, -1.55, -1.34, -0.89, -0.89, -0.88, -0.87, -0.87, -0.87, -0.88, -1.58, -1.59, -1.6, -1.61, -1.62, -1.64, -1.68, -1.73, -1.8, -1.83, -1.79, -1.63, -1.37, -1.23, -1.1, -0.87, -0.87, -0.86, -0.87, -0.87, -1.59, -1.6, -1.6, -1.62, -1.64, -1.66, -1.71, -1.78, -1.91, -2.01, -1.86, -1.65, -1.53, -1.24, -1.11, -1.01, -0.86, -0.85, -0.86, -0.87, -1.59, -1.6, -1.61, -1.62, -1.64, -1.67, -1.71, -1.78, -1.89, -1.99, -1.79, -1.63, -1.52, -1.26, -1.14, -0.92, -0.9, -0.89, -0.87, -0.87, -1.59, -1.6, -1.61, -1.62, -1.64, -1.66, -1.69, -1.72, -1.76, -1.76, -1.65, -1.57, -1.5, -1.01, -0.97, -0.94, -0.92, -0.92, -0.92, -0.92, -1.59, -1.6, -1.61, -1.62, -1.63, -1.64, -1.65, -1.65, -1.64, -1.55, -1.5, -1.48, -1.46, -1.41, -1.0, -0.97, -0.95, -0.94, -0.93, -0.94, -1.59, -1.6, -1.6, -1.61, -1.61, -1.62, -1.61, -1.6, -1.55, -1.43, -1.35, -1.42, -1.43, -1.41, -1.02, -0.99, -0.97, -0.96, -0.95, -0.95, -1.59, -1.59, -1.6, -1.6, -1.6, -1.6, -1.59, -1.57, -1.47, -1.41, -1.37, -1.4, -1.42, -1.4, -1.03, -1.01, -0.99, -0.97, -0.96, -0.96, -1.59, -1.59, -1.59, -1.59, -1.59, -1.59, -1.57, -1.55, -1.46, -1.43, -1.41, -1.41, -1.41, -1.4, -1.04, -1.02, -1.0, -0.99, -0.98, -0.97, -1.59, -1.59, -1.59, -1.59, -1.58, -1.58, -1.57, -1.48, -1.46, -1.44, -1.43, -1.42, -1.42, -1.41, -1.05, -1.03, -1.01, -1.0, -0.99, -0.98]}, {"header": {"refTime": "2023-09-14T15:00:00.000Z", "nx": 21, "ny": 33, "lo1": 113.509, "la1": 22.2235, "lo2": 113.5947, "la2": 22.1034, "dx": 0.0042850000000001385, "dy": 0.003753125000000024, "parameterCategory": 2, "parameterCategoryName": "Temperature", "parameterNumber": 3}, "data": [0.19, 0.17, 0.16, 0.1, 0.08, 0.25, 0.21, 0.17, 0.17, 0.19, 0.29, 0.38, 0.69, 0.74, 0.8, 0.84, 1.31, 1.31, 1.31, 1.31, 0.2, 0.18, 0.17, 0.14, 0.08, 0.04, 0.17, 0.09, 0.04, 0.12, 0.28, 0.42, 0.74, 0.79, 0.85, 1.3, 1.31, 1.31, 1.32, 1.32, 0.21, 0.2, 0.18, 0.16, 0.09, 0.06, -0.0, 0.01, -0.24, 0.06, 0.31, 0.49, 0.82, 0.86, 1.29, 1.3, 1.31, 1.32, 1.32, 1.32, 0.22, 0.21, 0.2, 0.19, 0.16, 0.09, 0.04, -0.04, -0.11, 0.16, 0.4, 0.63, 0.95, 1.07, 1.29, 1.31, 1.31, 1.32, 1.32, 1.32, 0.24, 0.23, 0.23, 0.22, 0.2, 0.14, 0.12, 0.09, 0.08, 0.31, 0.5, 1.07, 1.16, 1.1, 1.29, 1.31, 1.32, 1.33, 1.33, 1.33, 0.26, 0.26, 0.25, 0.25, 0.25, 0.24, 0.2, 0.21, 0.22, 0.22, 0.91, 1.03, 1.11, 1.23, 1.3, 1.32, 1.34, 1.34, 1.34, 1.33, 0.44, 0.28, 0.28, 0.29, 0.29, 0.3, 0.47, 0.32, 0.34, 0.59, 0.63, 0.97, 1.24, 1.23, 1.31, 1.33, 1.35, 1.36, 1.31, 1.3, 0.44, 0.44, 0.45, 0.55, 0.55, 0.47, 0.48, 0.49, 0.55, 0.56, 0.47, 1.04, 1.13, 1.23, 1.27, 1.3, 1.33, 1.35, 1.33, 1.31, 0.44, 0.44, 0.44, 0.45, 0.55, 0.55, 0.55, 0.48, 0.5, 0.62, 0.82, 1.01, 1.09, 1.05, 1.26, 1.28, 1.31, 1.32, 1.32, 1.31, 0.48, 0.48, 0.48, 0.45, 0.46, 0.54, 0.55, 0.57, 0.53, 0.5, 0.91, 1.0, 1.06, 1.04, 1.25, 1.27, 1.29, 1.3, 1.3, 1.3, 0.48, 0.48, 0.48, 0.48, 0.49, 0.5, 0.5, 0.53, 0.6, 0.54, 0.74, 0.98, 1.01, 1.01, 1.25, 1.26, 1.28, 1.29, 1.29, 1.29, 0.47, 0.47, 0.47, 0.47, 0.47, 0.48, 0.49, 0.56, 0.6, 0.68, 0.74, 1.04, 1.07, 0.99, 1.25, 1.26, 1.27, 1.05, 1.06, 1.06, 0.47, 0.47, 0.47, 0.46, 0.45, 0.43, 0.41, 0.51, 0.57, 0.54, 0.69, 1.01, 1.04, 0.99, 0.98, 0.99, 0.99, 1.0, 1.01, 1.02, 0.47, 0.47, 0.46, 0.45, 0.44, 0.4, 0.31, 0.44, 0.5, 0.51, 0.67, 0.77, 0.77, 0.76, 0.92, 0.92, 0.94, 0.95, 0.97, 0.98, 0.47, 0.46, 0.46, 0.45, 0.44, 0.42, 0.4, 0.41, 0.45, 0.46, 0.46, 0.53, 0.73, 0.71, 0.7, 0.85, 0.88, 0.9, 0.93, 0.95, 0.47, 0.46, 0.37, 0.37, 0.36, 0.4, 0.41, 0.42, 0.43, 0.44, 0.52, 0.52, 0.51, 0.6, 0.59, 0.57, 0.57, 0.57, 0.65, 0.66, 0.38, 0.38, 0.37, 0.37, 0.41, 0.41, 0.41, 0.41, 0.42, 0.43, 0.5, 0.5, 0.51, 0.5, 0.45, 0.34, 0.28, 0.23, 0.2, 0.17, 0.38, 0.37, 0.37, 0.37, 0.41, 0.41, 0.41, 0.41, 0.41, 0.38, 0.39, 0.49, 0.5, 0.45, 0.49, 0.35, 0.27, 0.22, 0.18, 0.16, 0.38, 0.37, 0.37, 0.42, 0.42, 0.41, 0.41, 0.4, 0.38, 0.38, 0.27, 0.27, 0.41, 0.43, 0.37, 0.31, 0.24, 0.19, 0.16, 0.14, 0.38, 0.38, 0.12, 0.13, 0.15, 0.17, 0.2, 0.25, 0.3, 0.26, 0.24, 0.24, 0.4, 0.41, 0.26, 0.23, 0.19, 0.15, 0.13, 0.11, 0.1, 0.1, 0.11, 0.11, 0.12, 0.13, 0.15, 0.17, 0.21, 0.19, 0.18, 0.19, 0.38, 0.19, 0.18, 0.16, 0.13, 0.11, 0.09, 0.09, 0.09, 0.09, 0.09, 0.09, 0.09, 0.09, 0.09, 0.06, 0.11, 0.11, 0.11, 0.13, 0.1, 0.14, 0.13, 0.1, 0.08, 0.06, 0.06, 0.06, 0.07, 0.07, 0.07, 0.03, 0.03, 0.02, 0.01, -0.02, -0.04, -0.06, -0.06, -0.02, -0.19, 0.11, 0.08, 0.07, 0.06, 0.03, 0.02, 0.03, 0.03, 0.03, 0.02, 0.02, 0.0, -0.01, -0.04, -0.09, -0.14, -0.17, -0.13, -0.12, -0.2, -0.15, -0.11, 0.04, 0.1, -0.04, -0.03, 0.0, 0.02, 0.02, 0.01, 0.0, -0.01, -0.04, -0.07, -0.13, -0.23, -0.31, -0.19, -0.13, -0.07, -0.16, -0.13, -0.1, -0.08, -0.15, -0.06, -0.01, 0.02, 0.01, 0.0, -0.01, -0.02, -0.05, -0.08, -0.13, -0.22, -0.29, -0.2, -0.11, -0.06, -0.18, -0.15, -0.04, -0.08, -0.1, -0.04, -0.01, 0.01, 0.01, 0.0, -0.01, -0.02, -0.04, -0.07, -0.1, -0.13, -0.14, -0.11, -0.07, -0.04, 0.01, -0.01, -0.03, -0.05, -0.07, -0.06, -0.05, 0.01, 0.01, -0.0, -0.01, -0.02, -0.03, -0.04, -0.05, -0.05, -0.04, -0.0, -0.09, -0.12, -0.16, 0.0, -0.02, -0.04, -0.04, -0.05, -0.04, 0.01, 0.01, 0.0, -0.01, -0.01, -0.02, -0.02, -0.02, 0.01, 0.05, 0.09, -0.02, -0.09, -0.13, 0.01, -0.01, -0.02, -0.03, -0.03, -0.03, 0.01, 0.01, 0.0, -0.0, -0.01, -0.01, -0.01, 0.0, -0.06, 0.01, 0.06, -0.01, -0.08, -0.12, 0.02, 0.0, -0.01, -0.02, -0.02, -0.02, 0.01, 0.01, 0.0, 0.0, -0.0, -0.0, 0.0, 0.01, -0.07, -0.03, -0.02, -0.04, -0.08, -0.12, 0.02, 0.01, -0.0, -0.01, -0.01, -0.02, 0.01, 0.01, 0.01, 0.01, 0.0, 0.01, 0.01, -0.1, -0.08, -0.07, -0.06, -0.07, -0.09, -0.12, 0.03, 0.01, 0.0, -0.0, -0.01, -0.01]}, {"header": {"refTime": "2023-09-14T15:00:00.000Z", "nx": 21, "ny": 33, "lo1": 113.509, "la1": 22.2235, "lo2": 113.5947, "la2": 22.1034, "dx": 0.0042850000000001385, "dy": 0.003753125000000024, "parameterCategory": 0, "parameterCategoryName": "Temperature", "parameterNumber": 0}, "data": [[27.12, 27.12, 27.11, 26.83, 26.84, 26.95, 26.96, 26.98, 26.98, 26.93, 26.91, 26.89, 27.0, 26.99, 26.93, 26.92, 26.89, 26.89, 26.89, 26.89], [27.13, 27.12, 27.11, 27.11, 26.84, 26.86, 26.97, 27.0, 27.01, 26.96, 26.92, 26.89, 26.99, 26.98, 26.93, 26.89, 26.89, 26.89, 26.88, 26.88], [27.13, 27.13, 27.12, 27.11, 26.83, 26.85, 26.89, 27.01, 27.08, 26.98, 26.91, 26.88, 26.98, 26.97, 26.9, 26.89, 26.89, 26.88, 26.88, 26.88], [27.14, 27.13, 27.12, 27.11, 27.1, 26.84, 26.87, 26.92, 26.96, 26.94, 26.89, 26.87, 26.96, 26.84, 26.9, 26.89, 26.88, 26.88, 26.87, 26.87], [27.15, 27.14, 27.13, 27.12, 27.1, 26.81, 26.82, 26.84, 26.84, 26.87, 26.84, 26.84, 26.88, 26.85, 26.9, 26.89, 26.87, 26.87, 26.87, 26.87], [27.16, 27.15, 27.15, 27.13, 27.11, 27.08, 26.78, 26.77, 26.76, 26.73, 26.77, 26.83, 26.86, 26.93, 26.9, 26.88, 26.86, 26.85, 26.86, 26.86], [27.2, 27.17, 27.17, 27.16, 27.13, 27.09, 26.87, 26.73, 26.71, 26.67, 26.67, 26.81, 26.96, 26.95, 26.9, 26.87, 26.84, 26.83, 26.82, 26.82], [27.22, 27.22, 27.22, 27.22, 27.2, 27.0, 26.91, 26.79, 26.69, 26.65, 26.57, 26.85, 26.85, 26.95, 26.87, 26.9, 26.85, 26.84, 26.86, 26.88], [27.08, 27.1, 27.26, 27.27, 27.28, 27.24, 27.13, 26.87, 26.64, 26.68, 26.69, 26.77, 26.8, 26.75, 26.88, 26.9, 26.88, 26.87, 26.87, 26.88], [27.6, 27.6, 27.6, 27.18, 27.24, 27.4, 27.29, 27.13, 26.59, 26.6, 26.8, 26.72, 26.75, 26.73, 26.88, 26.91, 26.9, 26.89, 26.89, 26.89], [27.6, 27.6, 27.6, 27.6, 27.6, 27.6, 27.6, 27.6, 27.28, 26.63, 26.5, 26.69, 26.71, 26.71, 26.88, 26.92, 26.91, 26.9, 26.9, 26.9], [27.6, 27.6, 27.6, 27.6, 27.6, 27.6, 27.6, 27.6, 27.6, -999.0, 26.5, 27.0, 27.0, 26.7, 26.88, 26.93, 26.92, 26.4, 26.41, 26.41], [27.6, 27.6, 27.6, 27.6, 27.6, 27.6, 27.6, 27.6, 27.6, 27.6, -999.0, 27.0, 27.0, 26.41, 26.67, 26.55, 26.55, 26.46, 26.48, 26.48], [27.6, 27.6, 27.6, 27.6, 27.6, 27.6, 27.6, 27.6, 27.6, 27.6, -999.0, 26.1, 26.1, 26.1, 26.59, 26.49, 26.5, 26.41, 26.43, 26.44], [27.6, 27.6, 27.6, 27.6, 27.6, 27.6, 27.6, 27.6, 27.6, 27.6, 27.6, 27.02, 26.1, 26.1, 26.1, 26.42, 26.44, 26.36, 26.39, 26.41], [27.6, 27.6, 27.6, 27.6, 27.6, 27.6, 27.6, 27.6, 27.6, 27.6, 26.66, 26.76, 26.62, 26.5, 26.63, 26.14, 26.14, 26.13, 26.31, 26.32], [27.6, 27.6, 27.6, 27.6, 27.6, 27.6, 27.6, 27.6, 27.6, 27.6, 26.95, 26.77, 26.57, 26.39, 26.29, 26.26, 26.31, 26.36, 26.39, 26.41], [27.6, 27.6, 27.6, 27.6, 27.6, 27.6, 27.6, 27.6, 27.6, 27.22, 27.02, 26.79, 26.56, 26.31, 26.13, 26.24, 26.32, 26.37, 26.4, 26.43], [27.6, 27.6, 27.6, 27.6, 27.6, 27.6, 27.6, 27.6, 27.47, 27.31, 27.19, 27.0, 26.53, 26.37, 26.23, 26.28, 26.35, 26.39, 26.42, 26.45], [27.6, 27.6, 27.66, 27.65, 27.65, 27.65, 27.64, 27.62, 27.47, 27.36, 27.22, 27.06, 26.57, 26.45, 26.32, 26.35, 26.4, 26.43, 26.45, 26.47], [27.66, 27.66, 27.66, 27.64, 27.64, 27.64, 27.63, 27.63, 27.39, 27.33, 27.24, 27.12, 26.59, 26.39, 26.4, 26.42, 26.45, 26.47, 26.49, 26.5], [27.65, 27.65, 27.65, 27.64, 27.64, 27.64, 27.64, 27.62, 27.37, 27.34, 27.28, 27.19, 26.65, 26.44, 26.45, 26.47, 26.48, 26.51, 26.52, 26.53], [27.65, 27.65, 27.65, 27.61, 27.61, 27.62, 27.62, 27.62, 27.63, 27.63, 27.63, 27.28, 27.02, 26.47, 26.49, 26.49, 26.48, 26.53, 26.56, 26.56], [27.61, 27.61, 27.61, 27.61, 27.61, 27.62, 27.62, 27.63, 27.64, 27.65, 27.64, 27.28, 27.05, 26.93, 26.81, 26.52, 26.39, 26.63, 26.62, 26.59], [27.61, 27.61, 27.61, 27.61, 27.61, 27.62, 27.62, 27.64, 27.66, 27.67, 27.65, 27.33, 27.19, 26.95, 26.84, 26.76, 26.69, 26.81, 26.67, 26.61], [27.61, 27.61, 27.61, 27.61, 27.61, 27.61, 27.62, 27.63, 27.65, 27.67, 27.47, 27.35, 27.23, 26.98, 26.88, 26.8, 26.8, 26.82, 26.65, 26.61], [27.6, 27.6, 27.61, 27.61, 27.61, 27.61, 27.61, 27.62, 27.62, 27.62, 27.43, 27.35, 27.26, 26.96, 26.89, 26.85, 26.83, 26.83, 26.82, 26.82], [27.6, 27.6, 27.6, 27.6, 27.6, 27.6, 27.6, 27.6, 27.59, 27.44, 27.42, 27.5, 27.48, 27.44, 26.94, 26.89, 26.86, 26.85, 26.84, 26.84], [27.6, 27.6, 27.6, 27.6, 27.6, 27.6, 27.59, 27.59, 27.57, 27.44, 27.5, 27.49, 27.47, 27.45, 26.98, 26.93, 26.9, 26.88, 26.87, 26.86], [27.6, 27.6, 27.6, 27.6, 27.6, 27.59, 27.59, 27.58, 27.51, 27.5, 27.5, 27.49, 27.47, 27.45, 27.01, 26.96, 26.92, 26.9, 26.89, 26.88], [27.6, 27.6, 27.6, 27.6, 27.59, 27.59, 27.59, 27.58, 27.5, 27.5, 27.49, 27.48, 27.47, 27.45, 27.02, 26.98, 26.95, 26.92, 26.91, 26.89], [27.6, 27.6, 27.6, 27.59, 27.59, 27.59, 27.58, 27.49, 27.49, 27.49, 27.49, 27.48, 27.47, 27.45, 27.03, 26.99, 26.96, 26.94, 26.92, 26.91]]}]