gis_exercise/awsData/contour/wdir_2023083120.json
[{"header": {"refTime": "2023-08-31T20:00:00.000Z", "nx": 21, "ny": 33, "lo1": 113.509, "la1": 22.2235, "lo2": 113.5947, "la2": 22.1034, "dx": 0.0042850000000001385, "dy": 0.003753125000000024, "parameterCategory": 2, "parameterCategoryName": "Temperature", "parameterNumber": 2}, "data": [-0.1, -0.1, -0.11, 0.39, 0.36, 0.2, 0.16, 0.12, 0.11, 0.44, 0.57, 0.7, 0.45, 0.5, 0.09, 0.04, 0.19, 0.13, 0.09, 0.06, -0.1, -0.1, -0.11, -0.11, 0.36, 0.29, 0.11, 0.02, -0.03, 0.31, 0.55, 0.73, 0.51, 0.56, 0.13, 0.25, 0.16, 0.09, 0.04, 0.02, -0.09, -0.09, -0.1, -0.11, 0.37, 0.31, 0.2, -0.06, -0.32, 0.21, 0.58, 0.81, 0.62, 0.64, 0.37, 0.24, 0.12, 0.03, -0.02, -0.04, -0.09, -0.09, -0.09, -0.09, -0.1, 0.36, 0.27, 0.13, -0.0, 0.4, 0.72, 0.95, 0.79, 1.18, 0.4, 0.2, 0.04, -0.06, -0.11, -0.11, -0.08, -0.08, -0.08, -0.08, -0.08, 0.42, 0.39, 0.35, 0.36, 0.71, 0.92, 1.21, 1.25, 1.18, 0.38, 0.11, -0.1, -0.21, -0.23, -0.2, -0.08, -0.08, -0.07, -0.06, -0.05, -0.04, 0.5, 0.52, 0.59, 0.72, 1.23, 1.18, 1.18, 0.73, 0.3, -0.02, -0.32, -0.45, -0.38, -0.29, -0.22, -0.07, -0.07, -0.06, -0.04, -0.01, 0.6, 0.59, 0.67, 1.03, 1.15, 1.08, 0.53, 0.52, 0.19, -0.16, -0.62, -0.79, -0.62, -0.48, -0.23, -0.22, -0.21, -0.18, -0.16, 0.48, 0.54, 0.57, 0.57, 1.1, 1.5, 0.6, 0.42, 0.34, -0.34, -0.55, -0.81, -0.91, -0.77, -0.67, -0.25, -0.24, -0.23, -0.22, -0.2, -0.17, -0.12, 0.56, 0.55, 0.98, 0.84, 0.45, 0.13, 0.28, -0.32, -0.48, -0.64, -0.71, -0.68, -0.63, -0.62, -0.6, -0.58, -0.25, -0.24, -0.23, -0.22, -0.2, 0.37, 0.52, 0.61, 0.34, 0.06, 0.24, -0.32, -0.43, -0.53, -0.59, -0.6, -0.58, -0.62, -0.61, -0.59, -0.55, -0.48, -0.26, -0.53, -0.68, -0.41, 0.21, 0.13, 0.4, 0.3, 0.32, -0.32, -0.39, -0.46, -0.51, -0.53, -0.54, -0.63, -0.62, -0.61, -0.59, -0.55, -0.53, -0.64, -0.76, -0.81, -0.77, -0.01, -0.29, -0.25, 0.39, -0.32, -0.37, -0.43, -0.63, -0.65, -0.65, -0.64, -0.64, -0.63, -0.63, -0.64, -0.69, -0.77, -0.79, -0.8, -0.77, -0.73, -0.34, -0.29, -0.09, -0.1, -0.54, -0.56, -0.59, -0.6, -0.61, -0.65, -0.65, -0.65, -0.67, -0.69, -0.76, -0.86, -0.79, -0.78, -0.76, -0.74, -0.51, -0.47, -0.45, -0.11, -0.5, -0.53, -0.55, -0.57, -0.58, -0.66, -0.66, -0.67, -0.69, -0.71, -0.75, -0.78, -0.59, -0.52, -0.47, -0.43, -0.2, -0.46, -0.43, -0.41, -0.46, -0.49, -0.51, -0.53, -0.55, -0.67, -0.67, -0.24, -0.26, -0.29, -0.47, -0.46, -0.41, -0.35, -0.32, -0.11, -0.14, -0.16, -0.07, -0.1, -0.08, -0.04, -0.01, -0.2, -0.19, -0.19, -0.2, -0.2, -0.2, -0.35, -0.32, -0.26, -0.17, -0.12, -0.13, -0.01, -0.08, -0.13, -0.18, -0.03, -0.24, -0.23, -0.23, -0.23, -0.23, -0.17, -0.16, -0.15, -0.13, -0.26, -0.18, -0.06, 0.1, 0.18, 0.19, 0.07, -0.03, -0.11, -0.02, -0.23, -0.24, -0.23, -0.22, -0.22, -0.22, -0.14, -0.13, -0.11, -0.24, -0.18, -0.08, 0.08, 0.34, 0.58, 0.32, 0.44, 0.32, 0.2, 0.06, -0.24, -0.23, -0.22, -0.21, -0.22, -0.22, -0.12, -0.1, 0.2, 0.23, 0.27, 0.32, 0.4, 0.51, 0.63, 0.56, 0.46, 0.36, 0.27, 0.19, -0.21, -0.2, -0.2, -0.2, -0.21, -0.22, 0.21, 0.22, 0.24, 0.27, 0.31, 0.36, 0.42, 0.47, 0.58, 0.54, 0.48, 0.41, 0.33, -0.2, -0.19, -0.17, -0.17, -0.18, -0.2, -0.22, 0.24, 0.25, 0.28, 0.31, 0.34, 0.38, 0.43, 0.8, 0.57, 0.55, 0.5, 0.45, 0.42, -0.19, -0.16, -0.13, -0.11, -0.14, -0.2, -0.23, 0.26, 0.28, 0.3, 0.84, 0.83, 0.83, 0.82, 0.82, 0.82, 0.82, 0.83, 0.77, 0.18, -0.18, -0.15, -0.08, 0.01, -0.1, -0.22, -0.25, 0.85, 0.85, 0.85, 0.84, 0.84, 0.84, 0.84, 0.83, 0.83, 0.83, 0.84, 0.87, 0.2, 0.1, 0.04, -0.08, 0.33, -0.26, -0.31, -0.29, 0.85, 0.85, 0.85, 0.85, 0.85, 0.85, 0.85, 0.84, 0.83, 0.81, 0.84, 0.87, 0.88, 0.1, 0.0, -0.09, -0.39, -0.66, -0.4, -0.33, 0.86, 0.86, 0.86, 0.86, 0.86, 0.86, 0.86, 0.85, 0.84, 0.82, 0.87, 0.89, 0.89, 0.09, -0.01, -0.07, -0.23, -0.31, -0.39, -0.33, 0.86, 0.87, 0.87, 0.87, 0.87, 0.87, 0.88, 0.88, 0.88, 0.88, 0.91, 0.92, 0.91, 0.24, 0.11, -0.01, -0.11, -0.16, -0.15, -0.11, 0.87, 0.87, 0.87, 0.88, 0.88, 0.89, 0.89, 0.9, 0.92, 0.96, 0.98, 0.66, 0.49, 0.31, 0.18, 0.07, -0.01, -0.06, -0.07, -0.06, 0.87, 0.88, 0.88, 0.88, 0.89, 0.9, 0.91, 0.93, 0.96, 1.01, 0.98, 0.76, 0.56, 0.38, 0.24, 0.14, 0.07, 0.02, -0.0, -0.0, 0.88, 0.88, 0.88, 0.89, 0.9, 0.91, 0.92, 0.94, 0.73, 0.84, 0.9, 0.75, 0.58, 0.42, 0.29, 0.2, 0.13, 0.08, 0.05, 0.04, 0.88, 0.88, 0.89, 0.89, 0.9, 0.91, 0.92, 0.94, 0.69, 0.74, 0.75, 0.67, 0.55, 0.43, 0.32, 0.24, 0.17, 0.13, 0.1, 0.08, 0.88, 0.89, 0.89, 0.9, 0.9, 0.91, 0.92, 0.6, 0.64, 0.66, 0.65, 0.6, 0.51, 0.42, 0.33, 0.26, 0.21, 0.16, 0.13, 0.11]}, {"header": {"refTime": "2023-08-31T20:00:00.000Z", "nx": 21, "ny": 33, "lo1": 113.509, "la1": 22.2235, "lo2": 113.5947, "la2": 22.1034, "dx": 0.0042850000000001385, "dy": 0.003753125000000024, "parameterCategory": 2, "parameterCategoryName": "Temperature", "parameterNumber": 3}, "data": [-2.56, -2.55, -2.54, -2.74, -2.72, -1.89, -1.91, -1.93, -1.9, -1.98, -1.88, -1.77, -1.86, -1.84, -3.01, -3.25, -3.97, -4.16, -4.29, -4.39, -2.56, -2.55, -2.55, -2.54, -2.72, -2.69, -1.96, -2.01, -2.03, -2.04, -1.87, -1.7, -1.77, -1.75, -2.95, -3.76, -4.05, -4.27, -4.43, -4.52, -2.56, -2.56, -2.55, -2.55, -2.73, -2.7, -2.65, -2.09, -2.29, -2.09, -1.83, -1.58, -1.6, -1.62, -3.34, -3.8, -4.19, -4.46, -4.62, -4.7, -2.57, -2.57, -2.56, -2.55, -2.54, -2.72, -2.68, -2.62, -2.56, -2.04, -1.74, -1.36, -1.27, -1.64, -3.26, -3.92, -4.44, -4.76, -4.9, -4.92, -2.58, -2.57, -2.57, -2.57, -2.56, -2.75, -2.73, -2.72, -2.72, -2.01, -1.72, -1.49, -0.66, -1.47, -3.31, -4.19, -4.86, -5.23, -5.28, -5.19, -2.58, -2.58, -2.58, -2.58, -2.58, -2.57, -2.78, -2.79, -2.82, -2.9, -2.47, -1.95, -1.34, -2.28, -3.62, -4.64, -5.56, -5.95, -5.76, -5.47, -2.88, -2.59, -2.59, -2.59, -2.59, -2.6, -2.88, -2.8, -2.85, -3.34, -3.5, -2.83, -3.17, -3.13, -4.04, -5.1, -6.49, -7.01, -6.44, -6.01, -2.88, -2.88, -2.86, -2.78, -2.77, -2.86, -2.86, -2.82, -2.85, -3.32, -3.49, -4.32, -4.47, -3.83, -5.98, -6.53, -7.21, -7.46, -7.09, -6.85, -2.89, -2.88, -2.87, -2.85, -2.77, -2.77, -2.77, -2.85, -2.95, -3.34, -4.29, -4.65, -5.12, -4.89, -5.94, -6.36, -6.77, -6.96, -6.88, -6.75, -3.01, -3.0, -2.98, -2.86, -2.83, -2.76, -2.78, -2.8, -3.03, -3.08, -4.54, -4.88, -5.28, -4.99, -5.92, -6.21, -6.48, -6.63, -6.66, -6.61, -3.01, -3.0, -2.99, -2.96, -2.89, -2.71, -2.93, -3.02, -2.88, -3.07, -4.24, -4.8, -4.93, -4.89, -5.93, -6.12, -6.31, -6.43, -6.49, -6.49, -3.02, -3.01, -3.0, -2.99, -2.96, -2.94, -3.02, -3.07, -3.07, -3.74, -4.1, -4.54, -4.69, -4.8, -5.94, -6.08, -6.21, -6.52, -6.56, -6.57, -3.03, -3.03, -3.03, -3.03, -3.04, -3.1, -3.17, -3.12, -3.09, -3.08, -3.96, -4.4, -4.54, -5.12, -5.11, -6.23, -6.3, -6.36, -6.41, -6.44, -3.04, -3.04, -3.05, -3.06, -3.1, -3.17, -3.31, -3.18, -3.12, -3.1, -3.91, -4.55, -4.7, -4.78, -5.08, -6.07, -6.14, -6.21, -6.27, -6.31, -3.05, -3.06, -3.06, -3.08, -3.11, -3.16, -3.19, -3.06, -2.99, -2.95, -2.91, -3.51, -4.69, -4.77, -4.81, -5.89, -5.97, -6.06, -6.14, -6.2, -3.06, -3.06, -2.83, -2.85, -2.87, -2.98, -2.97, -2.93, -2.88, -2.86, -3.35, -3.56, -3.79, -4.59, -4.66, -5.02, -5.0, -4.99, -5.54, -5.58, -2.79, -2.79, -2.8, -2.8, -2.9, -2.88, -2.83, -2.77, -2.73, -2.74, -3.31, -3.58, -3.91, -4.26, -4.56, -4.78, -4.7, -4.64, -4.6, -4.57, -2.77, -2.77, -2.77, -2.76, -2.83, -2.78, -2.7, -2.59, -2.54, -3.0, -3.3, -3.57, -3.96, -4.53, -4.93, -4.8, -4.69, -4.62, -4.58, -4.55, -2.76, -2.75, -2.74, -2.82, -2.78, -2.71, -2.61, -2.43, -2.38, -2.83, -2.76, -3.1, -4.07, -4.39, -4.82, -4.74, -4.65, -4.58, -4.55, -4.52, -2.74, -2.73, -2.23, -2.22, -2.21, -2.19, -2.17, -2.16, -2.31, -2.45, -2.66, -2.94, -3.96, -4.19, -4.67, -4.63, -4.57, -4.53, -4.5, -4.49, -2.19, -2.18, -2.17, -2.15, -2.13, -2.11, -2.09, -2.07, -2.32, -2.4, -2.55, -2.77, -3.88, -4.58, -4.56, -4.52, -4.49, -4.46, -4.46, -4.46, -2.14, -2.13, -2.11, -2.08, -2.05, -2.01, -1.98, -1.45, -2.22, -2.27, -2.38, -2.56, -3.38, -4.51, -4.48, -4.44, -4.4, -4.39, -4.41, -4.42, -2.1, -2.08, -2.05, -1.29, -1.3, -1.3, -1.3, -1.29, -1.25, -1.22, -1.21, -2.13, -3.02, -4.46, -4.42, -4.37, -4.31, -4.33, -4.37, -4.4, -1.24, -1.24, -1.24, -1.24, -1.23, -1.22, -1.2, -1.16, -1.11, -1.08, -1.09, -1.59, -2.95, -3.31, -3.63, -4.33, -4.21, -4.31, -4.36, -4.39, -1.21, -1.21, -1.2, -1.19, -1.18, -1.15, -1.12, -1.07, -1.0, -0.96, -1.0, -1.48, -1.76, -3.27, -3.6, -3.88, -4.34, -4.37, -4.37, -4.38, -1.19, -1.18, -1.17, -1.15, -1.13, -1.1, -1.06, -1.02, -0.97, -0.93, -1.19, -1.39, -1.64, -3.22, -3.53, -3.7, -3.89, -3.95, -4.37, -4.39, -1.16, -1.15, -1.14, -1.12, -1.09, -1.06, -1.02, -0.97, -0.93, -0.9, -1.15, -1.29, -1.52, -2.92, -3.24, -3.5, -3.67, -3.74, -3.73, -3.68, -1.14, -1.13, -1.11, -1.09, -1.06, -1.02, -0.98, -0.93, -0.87, -1.0, -0.99, -1.19, -1.46, -1.76, -3.03, -3.29, -3.46, -3.55, -3.58, -3.57, -1.12, -1.11, -1.09, -1.06, -1.03, -1.0, -0.95, -0.89, -0.81, -0.84, -0.68, -1.04, -1.36, -1.65, -2.85, -3.11, -3.28, -3.39, -3.44, -3.46, -1.11, -1.09, -1.07, -1.05, -1.02, -0.98, -0.94, -0.88, -1.07, -0.9, -0.8, -1.05, -1.33, -1.59, -2.72, -2.96, -3.13, -3.25, -3.32, -3.36, -1.1, -1.08, -1.06, -1.04, -1.01, -0.97, -0.93, -0.88, -1.14, -1.06, -1.05, -1.17, -1.37, -1.57, -2.64, -2.86, -3.02, -3.14, -3.22, -3.27, -1.09, -1.07, -1.05, -1.03, -1.0, -0.97, -0.94, -1.28, -1.23, -1.2, -1.21, -1.3, -1.43, -1.59, -2.61, -2.8, -2.94, -3.05, -3.13, -3.19]}, {"header": {"refTime": "2023-08-31T20:00:00.000Z", "nx": 21, "ny": 33, "lo1": 113.509, "la1": 22.2235, "lo2": 113.5947, "la2": 22.1034, "dx": 0.0042850000000001385, "dy": 0.003753125000000024, "parameterCategory": 0, "parameterCategoryName": "Temperature", "parameterNumber": 0}, "data": [[30.01, 30.0, 29.99, 29.75, 29.75, 29.96, 29.96, 29.95, 29.95, 29.89, 29.92, 29.95, 30.13, 30.15, 29.99, 29.97, 30.06, 30.04, 30.03, 30.02], [30.02, 30.01, 30.0, 29.98, 29.76, 29.76, 29.94, 29.92, 29.91, 29.88, 29.92, 29.96, 30.15, 30.17, 30.01, 30.08, 30.05, 30.03, 30.01, 30.01], [30.02, 30.02, 30.01, 29.99, 29.76, 29.76, 29.76, 29.9, 29.83, 29.87, 29.93, 30.0, 30.19, 30.2, 30.12, 30.08, 30.04, 30.01, 29.99, 29.99], [30.03, 30.03, 30.02, 30.0, 29.99, 29.76, 29.76, 29.77, 29.77, 29.88, 29.95, 30.05, 30.25, 30.18, 30.13, 30.06, 30.01, 29.98, 29.96, 29.96], [30.04, 30.04, 30.03, 30.02, 30.0, 29.76, 29.76, 29.76, 29.75, 29.88, 29.96, 30.19, 30.31, 30.21, 30.12, 30.04, 29.96, 29.92, 29.92, 29.93], [30.06, 30.05, 30.05, 30.04, 30.03, 30.01, 29.76, 29.76, 29.75, 29.72, 30.0, 30.12, 30.23, 30.33, 30.1, 29.99, 29.89, 29.84, 29.86, 29.9], [30.18, 30.07, 30.07, 30.07, 30.05, 30.03, 29.92, 29.79, 29.77, 29.77, 29.76, 30.02, 30.29, 30.3, 30.07, 29.94, 29.78, 29.72, 29.75, 29.8], [30.19, 30.19, 30.19, 30.19, 30.18, 30.0, 29.95, 29.9, 29.87, 29.75, 29.61, 29.98, 29.99, 30.3, 29.82, 29.89, 29.76, 29.71, 29.78, 29.83], [30.11, 30.12, 30.21, 30.22, 30.22, 30.2, 30.14, 29.93, 29.77, 29.79, 29.77, 29.87, 29.92, 29.86, 29.84, 29.91, 29.84, 29.8, 29.82, 29.85], [30.4, 30.4, 30.4, 30.17, 30.2, 30.29, 30.23, 30.14, 29.67, 29.69, 29.93, 29.81, 29.85, 29.83, 29.84, 29.94, 29.89, 29.86, 29.86, 29.87], [30.4, 30.4, 30.4, 30.4, 30.4, 30.4, 30.4, 30.4, 30.22, 29.76, 29.5, 29.77, 29.8, 29.8, 29.83, 29.96, 29.92, 29.9, 29.9, 29.9], [30.4, 30.4, 30.4, 30.4, 30.4, 30.4, 30.4, 30.4, 30.4, -999.0, 29.5, 30.2, 30.2, 29.78, 29.83, 29.98, 29.96, 28.86, 28.88, 28.88], [30.4, 30.4, 30.4, 30.4, 30.4, 30.4, 30.4, 30.4, 30.4, 30.4, -999.0, 30.2, 30.2, 28.96, 29.51, 29.13, 29.14, 28.98, 29.0, 29.01], [30.4, 30.4, 30.4, 30.4, 30.4, 30.4, 30.4, 30.4, 30.4, 30.4, -999.0, 28.3, 28.3, 28.3, 29.34, 29.02, 29.04, 28.88, 28.91, 28.94], [30.4, 30.4, 30.4, 30.4, 30.4, 30.4, 30.4, 30.2, 30.2, 30.2, 30.2, 29.47, 28.3, 28.3, 28.3, 28.9, 28.93, 28.78, 28.83, 28.87], [30.4, 30.4, 30.27, 30.27, 30.27, 30.2, 30.2, 30.2, 30.2, 30.2, 29.0, 29.14, 28.96, 28.8, 28.98, 28.96, 29.06, 28.88, 29.13, 29.19], [30.27, 30.27, 30.33, 30.33, 30.2, 30.2, 30.2, 30.2, 30.2, 30.2, 29.38, 29.15, 28.9, 28.67, 28.73, 28.64, 28.75, 28.85, 28.91, 28.96], [30.33, 30.33, 30.32, 30.32, 30.2, 30.2, 30.2, 30.2, 30.2, 29.72, 29.46, 29.18, 28.88, 28.74, 28.36, 28.6, 28.77, 28.88, 28.94, 28.99], [30.32, 30.32, 30.32, 30.2, 30.2, 30.2, 30.2, 30.2, 30.03, 29.83, 29.6, 29.36, 29.15, 28.89, 28.58, 28.7, 28.84, 28.94, 28.99, 29.03], [30.32, 30.32, 30.03, 30.04, 30.05, 30.06, 30.09, 30.15, 29.99, 29.82, 29.62, 29.42, 29.27, 29.12, 28.8, 28.88, 28.97, 29.03, 29.06, 29.08], [30.02, 30.02, 30.03, 30.08, 30.08, 30.09, 30.1, 30.11, 29.83, 29.75, 29.62, 29.47, 29.38, 28.94, 28.98, 29.05, 29.11, 29.14, 29.14, 29.13], [30.06, 30.06, 30.06, 30.07, 30.07, 30.07, 30.07, 30.04, 29.76, 29.71, 29.63, 29.53, 29.4, 29.06, 29.12, 29.2, 29.26, 29.26, 29.21, 29.18], [30.05, 30.05, 30.05, 30.02, 30.02, 30.02, 30.01, 30.01, 30.0, 29.99, 29.99, 30.04, 29.61, 29.14, 29.21, 29.33, 29.45, 29.37, 29.26, 29.2], [30.01, 30.01, 30.01, 30.0, 30.0, 30.0, 29.99, 29.98, 29.97, 29.96, 29.96, 29.95, 29.62, 29.57, 29.55, 29.38, 29.75, 29.32, 29.24, 29.2], [30.0, 30.0, 30.0, 30.0, 29.99, 29.98, 29.97, 29.96, 29.94, 29.92, 29.94, 29.94, 29.96, 29.57, 29.52, 29.48, 29.23, 29.06, 29.18, 29.19], [30.0, 29.99, 29.99, 29.99, 29.98, 29.97, 29.96, 29.95, 29.93, 29.92, 29.92, 29.94, 29.95, 29.56, 29.51, 29.45, 29.36, 29.31, 29.18, 29.18], [29.99, 29.99, 29.99, 29.98, 29.98, 29.97, 29.96, 29.95, 29.94, 29.93, 29.93, 29.94, 29.95, 29.58, 29.52, 29.47, 29.42, 29.39, 29.4, 29.42], [29.99, 29.99, 29.98, 29.98, 29.97, 29.96, 29.96, 29.95, 29.94, 29.92, 29.92, 29.72, 29.64, 29.55, 29.55, 29.5, 29.46, 29.44, 29.44, 29.45], [29.99, 29.98, 29.98, 29.97, 29.97, 29.96, 29.95, 29.94, 29.93, 29.91, 29.85, 29.76, 29.67, 29.58, 29.57, 29.53, 29.5, 29.48, 29.47, 29.47], [29.98, 29.98, 29.98, 29.97, 29.97, 29.96, 29.95, 29.94, 29.76, 29.8, 29.82, 29.75, 29.67, 29.6, 29.59, 29.55, 29.52, 29.5, 29.49, 29.49], [29.98, 29.98, 29.97, 29.97, 29.97, 29.96, 29.95, 29.95, 29.74, 29.75, 29.75, 29.72, 29.66, 29.6, 29.6, 29.57, 29.54, 29.52, 29.51, 29.51], [29.98, 29.98, 29.97, 29.97, 29.97, 29.96, 29.96, 29.7, 29.71, 29.72, 29.71, 29.68, 29.64, 29.6, 29.61, 29.58, 29.56, 29.54, 29.53, 29.52]]}]