gis_exercise/awsData/contour/wdir_2023090310.json
[{"header": {"refTime": "2023-09-03T10:00:00.000Z", "nx": 21, "ny": 33, "lo1": 113.509, "la1": 22.2235, "lo2": 113.5947, "la2": 22.1034, "dx": 0.0042850000000001385, "dy": 0.003753125000000024, "parameterCategory": 2, "parameterCategoryName": "Temperature", "parameterNumber": 2}, "data": [-2.26, -2.26, -2.27, -2.09, -2.1, -2.41, -2.4, -2.39, -2.39, -2.22, -2.22, -2.23, -2.44, -2.45, -3.15, -3.23, -3.29, -3.34, -3.37, -3.4, -2.26, -2.26, -2.26, -2.27, -2.1, -2.11, -2.39, -2.37, -2.36, -2.23, -2.23, -2.25, -2.46, -2.47, -3.16, -3.24, -3.32, -3.38, -3.42, -3.44, -2.26, -2.26, -2.26, -2.27, -2.1, -2.11, -2.14, -2.36, -2.3, -2.23, -2.24, -2.27, -2.49, -2.49, -3.15, -3.26, -3.37, -3.44, -3.48, -3.5, -2.26, -2.26, -2.26, -2.26, -2.27, -2.11, -2.13, -2.15, -2.18, -2.21, -2.24, -2.32, -2.54, -2.34, -3.14, -3.3, -3.45, -3.54, -3.58, -3.57, -2.25, -2.25, -2.26, -2.26, -2.27, -2.1, -2.11, -2.11, -2.1, -2.15, -2.2, -2.36, -2.56, -2.39, -3.15, -3.38, -3.58, -3.69, -3.7, -3.66, -2.25, -2.25, -2.25, -2.26, -2.26, -2.27, -2.1, -2.1, -2.06, -1.97, -2.08, -2.26, -2.42, -2.82, -3.18, -3.49, -3.81, -3.94, -3.87, -3.76, -3.1, -2.24, -2.24, -2.25, -2.25, -2.27, -2.07, -2.13, -2.1, -1.91, -1.81, -2.09, -2.77, -2.85, -3.22, -3.61, -4.12, -4.31, -4.26, -4.14, -3.11, -3.08, -3.03, -2.93, -2.9, -2.05, -2.08, -2.17, -2.27, -1.87, -1.58, -2.34, -2.5, -2.94, -3.58, -3.89, -4.25, -4.39, -4.19, -4.06, -3.13, -3.09, -3.04, -2.97, -2.85, -2.84, -2.89, -2.1, -2.59, -1.94, -2.27, -2.66, -3.13, -2.91, -3.59, -3.8, -4.02, -4.12, -4.08, -4.0, -3.89, -3.83, -3.73, -2.97, -2.81, -2.69, -2.91, -3.14, -3.0, -2.83, -2.54, -2.89, -3.29, -3.0, -3.6, -3.73, -3.87, -3.95, -3.96, -3.93, -3.92, -3.86, -3.76, -3.59, -3.24, -2.19, -3.5, -4.16, -3.72, -3.32, -3.54, -2.81, -2.94, -2.9, -3.61, -3.69, -3.78, -3.85, -3.87, -3.87, -3.96, -3.91, -3.85, -3.74, -3.57, -3.49, -4.0, -4.55, -4.75, -4.88, -3.75, -3.8, -3.71, -2.8, -3.61, -3.67, -3.73, -4.28, -4.29, -4.3, -4.0, -3.98, -3.97, -3.96, -4.01, -4.25, -4.62, -4.69, -4.74, -4.58, -4.8, -3.89, -3.78, -3.47, -3.48, -4.2, -4.23, -4.25, -4.26, -4.27, -4.05, -4.06, -4.07, -4.13, -4.26, -4.57, -5.08, -4.73, -4.63, -4.55, -4.84, -4.41, -4.34, -4.3, -3.55, -4.19, -4.21, -4.22, -4.24, -4.25, -4.1, -4.12, -4.15, -4.22, -4.35, -4.54, -4.68, -4.66, -4.52, -4.41, -4.33, -3.91, -4.33, -4.29, -4.26, -4.17, -4.19, -4.21, -4.22, -4.23, -4.14, -4.16, -3.42, -3.5, -3.6, -4.43, -4.41, -4.31, -4.2, -4.14, -3.75, -3.8, -3.86, -3.67, -3.73, -3.94, -3.91, -3.89, -4.07, -4.07, -3.32, -3.34, -3.38, -3.41, -4.22, -4.15, -4.04, -3.88, -3.78, -3.79, -3.57, -3.7, -3.82, -3.92, -3.8, -3.86, -3.78, -3.71, -3.67, -3.63, -3.3, -3.31, -3.32, -3.32, -4.03, -3.9, -3.68, -3.38, -3.22, -3.24, -3.46, -3.61, -3.78, -3.79, -4.06, -3.89, -3.77, -3.69, -3.64, -3.61, -3.27, -3.27, -3.27, -4.0, -3.89, -3.71, -3.42, -2.94, -2.49, -3.0, -3.18, -3.43, -3.47, -3.69, -3.91, -3.82, -3.72, -3.65, -3.61, -3.58, -3.25, -3.24, -3.84, -3.77, -3.67, -3.52, -3.29, -2.96, -2.66, -2.94, -3.22, -3.44, -3.4, -3.55, -3.75, -3.7, -3.64, -3.59, -3.56, -3.55, -3.89, -3.86, -3.82, -3.76, -3.67, -3.56, -3.41, -3.25, -3.04, -3.17, -3.34, -3.49, -3.34, -3.66, -3.64, -3.6, -3.56, -3.53, -3.51, -3.51, -3.88, -3.86, -3.82, -3.77, -3.71, -3.64, -3.57, -2.43, -3.34, -3.42, -3.5, -3.57, -3.99, -3.58, -3.55, -3.51, -3.48, -3.46, -3.46, -3.47, -3.88, -3.86, -3.83, -2.22, -2.28, -2.35, -2.45, -2.56, -2.67, -2.7, -2.62, -3.51, -3.71, -3.53, -3.49, -3.45, -3.42, -3.4, -3.41, -3.43, -2.09, -2.12, -2.15, -2.2, -2.27, -2.36, -2.5, -2.7, -2.95, -3.06, -2.83, -2.82, -3.73, -3.61, -3.51, -3.41, -3.4, -3.34, -3.37, -3.41, -2.06, -2.08, -2.12, -2.16, -2.23, -2.33, -2.49, -2.78, -3.3, -3.75, -3.03, -2.76, -2.59, -3.63, -3.52, -3.43, -3.32, -3.27, -3.35, -3.39, -2.03, -2.05, -2.07, -2.11, -2.16, -2.24, -2.38, -2.64, -3.14, -3.56, -2.94, -2.5, -2.36, -3.64, -3.54, -2.64, -2.83, -2.87, -3.37, -3.4, -1.99, -2.0, -2.01, -2.03, -2.06, -2.1, -2.17, -2.27, -2.39, -2.33, -2.14, -1.98, -2.02, -1.77, -2.13, -2.41, -2.59, -2.66, -2.65, -2.61, -1.95, -1.95, -1.95, -1.95, -1.94, -1.93, -1.9, -1.82, -1.62, -1.33, -1.04, -1.23, -1.55, -1.82, -1.89, -2.18, -2.36, -2.46, -2.49, -2.49, -1.91, -1.9, -1.88, -1.86, -1.83, -1.77, -1.67, -1.46, -1.07, -0.4, 0.34, -0.63, -1.23, -1.61, -1.69, -1.97, -2.17, -2.28, -2.34, -2.36, -1.87, -1.85, -1.83, -1.79, -1.73, -1.65, -1.5, -1.27, -0.98, -0.35, 0.04, -0.57, -1.11, -1.49, -1.54, -1.81, -2.0, -2.13, -2.21, -2.25, -1.83, -1.81, -1.77, -1.73, -1.66, -1.56, -1.42, -1.21, -1.05, -0.74, -0.62, -0.84, -1.17, -1.46, -1.46, -1.7, -1.88, -2.01, -2.1, -2.15, -1.8, -1.77, -1.73, -1.68, -1.61, -1.52, -1.39, -1.38, -1.2, -1.04, -0.99, -1.09, -1.29, -1.49, -1.42, -1.63, -1.79, -1.92, -2.0, -2.07]}, {"header": {"refTime": "2023-09-03T10:00:00.000Z", "nx": 21, "ny": 33, "lo1": 113.509, "la1": 22.2235, "lo2": 113.5947, "la2": 22.1034, "dx": 0.0042850000000001385, "dy": 0.003753125000000024, "parameterCategory": 2, "parameterCategoryName": "Temperature", "parameterNumber": 3}, "data": [0.29, 0.3, 0.3, 0.48, 0.47, 0.16, 0.16, 0.16, 0.15, 0.08, 0.03, -0.02, 0.01, -0.0, -0.31, -0.32, -0.17, -0.16, -0.16, -0.15, 0.29, 0.3, 0.3, 0.31, 0.47, 0.46, 0.18, 0.19, 0.18, 0.11, 0.03, -0.05, -0.03, -0.04, -0.34, -0.19, -0.18, -0.17, -0.16, -0.16, 0.29, 0.29, 0.3, 0.31, 0.48, 0.46, 0.43, 0.21, 0.26, 0.13, 0.01, -0.1, -0.1, -0.1, -0.22, -0.19, -0.18, -0.17, -0.17, -0.16, 0.28, 0.29, 0.3, 0.31, 0.32, 0.48, 0.46, 0.42, 0.38, 0.1, -0.03, -0.19, -0.23, -0.12, -0.23, -0.2, -0.19, -0.18, -0.18, -0.17, 0.28, 0.28, 0.29, 0.3, 0.32, 0.5, 0.49, 0.48, 0.47, 0.07, -0.06, -0.18, -0.48, -0.18, -0.22, -0.19, -0.19, -0.19, -0.19, -0.17, 0.27, 0.27, 0.28, 0.29, 0.31, 0.34, 0.54, 0.54, 0.54, 0.53, 0.18, -0.01, -0.23, -0.19, -0.17, -0.17, -0.2, -0.22, -0.2, -0.18, 0.15, 0.26, 0.26, 0.27, 0.29, 0.33, 0.46, 0.6, 0.61, 0.66, 0.65, 0.31, 0.09, 0.01, -0.09, -0.15, -0.24, -0.27, -0.36, -0.37, 0.14, 0.14, 0.14, -0.09, -0.06, 0.35, 0.44, 0.57, 0.71, 0.65, 0.59, 0.58, 0.56, 0.13, 0.13, 0.0, -0.15, -0.2, -0.12, -0.07, 0.12, 0.12, 0.11, 0.11, -0.11, -0.08, -0.0, 0.48, 0.37, 0.67, 0.45, 0.4, 0.22, 0.31, 0.12, 0.04, -0.05, -0.09, -0.07, -0.04, -0.38, -0.37, -0.36, 0.07, 0.04, -0.15, -0.14, -0.13, 0.08, 0.13, 0.38, 0.28, 0.12, 0.25, 0.11, 0.06, 0.01, -0.02, -0.03, -0.02, -0.38, -0.37, -0.36, -0.34, -0.29, -0.16, -0.37, -0.55, -0.42, -0.14, -0.24, 0.31, 0.26, 0.28, 0.1, 0.07, 0.04, 0.02, 0.01, 0.01, -0.38, -0.37, -0.36, -0.34, -0.32, -0.31, -0.42, -0.69, -0.83, -0.65, -0.36, -0.16, -0.09, 0.32, 0.11, 0.08, 0.06, -0.22, -0.22, -0.22, -0.38, -0.37, -0.36, -0.35, -0.34, -0.32, -0.34, -0.59, -0.74, -0.64, -0.55, -0.22, -0.14, 0.15, 0.14, -0.2, -0.2, -0.21, -0.21, -0.21, -0.38, -0.38, -0.37, -0.36, -0.34, -0.3, -0.18, -0.42, -0.56, -0.57, -0.53, -0.5, -0.44, -0.4, 0.11, -0.19, -0.19, -0.2, -0.2, -0.21, -0.39, -0.38, -0.37, -0.37, -0.35, -0.33, -0.33, -0.83, -0.99, -1.09, -1.15, -1.13, -0.42, -0.37, -0.35, -0.18, -0.19, -0.19, -0.2, -0.2, -0.39, -0.39, -0.75, -0.74, -0.73, -0.96, -0.99, -1.08, -1.18, -1.24, -1.27, -1.13, -0.96, -0.62, -0.55, 0.29, 0.37, 0.45, 0.46, 0.5, -0.82, -0.82, -0.83, -0.85, -1.13, -1.17, -1.25, -1.36, -1.44, -1.45, -1.34, -1.14, -0.9, -0.65, -0.15, 0.07, 0.14, 0.19, 0.23, 0.25, -0.87, -0.89, -0.92, -0.96, -1.26, -1.35, -1.49, -1.69, -1.8, -1.49, -1.23, -1.17, -0.88, -0.19, -0.14, 0.05, 0.15, 0.22, 0.25, 0.27, -0.92, -0.95, -0.99, -1.29, -1.36, -1.47, -1.66, -1.97, -2.19, -1.7, -1.56, -1.27, -0.34, -0.16, 0.04, 0.12, 0.21, 0.26, 0.29, 0.3, -0.96, -0.99, -1.36, -1.41, -1.48, -1.58, -1.74, -1.96, -2.08, -1.84, -1.56, -1.32, -0.29, -0.09, 0.19, 0.24, 0.3, 0.33, 0.34, 0.33, -1.33, -1.36, -1.39, -1.43, -1.5, -1.58, -1.68, -1.79, -1.81, -1.69, -1.52, -1.34, -0.2, 0.28, 0.32, 0.37, 0.41, 0.42, 0.39, 0.36, -1.35, -1.38, -1.41, -1.44, -1.49, -1.55, -1.61, -1.57, -1.63, -1.56, -1.46, -1.35, 0.22, 0.36, 0.42, 0.51, 0.57, 0.52, 0.43, 0.37, -1.36, -1.39, -1.41, -1.34, -1.37, -1.39, -1.4, -1.41, -1.39, -1.36, -1.33, -0.72, -0.13, 0.41, 0.5, 0.65, 0.84, 0.64, 0.42, 0.35, -1.25, -1.26, -1.27, -1.28, -1.29, -1.29, -1.29, -1.29, -1.28, -1.27, -1.23, -0.06, -0.19, 0.04, 0.27, 0.67, 1.42, 0.41, 0.29, 0.3, -1.22, -1.22, -1.22, -1.21, -1.21, -1.2, -1.2, -1.2, -1.23, -1.27, -1.17, -0.15, 0.2, -0.01, 0.18, 0.31, 0.18, -0.26, 0.14, 0.24, -1.18, -1.17, -1.16, -1.15, -1.14, -1.12, -1.11, -1.11, -1.15, -1.2, -0.51, -0.14, 0.16, -0.08, 0.07, 0.38, 0.23, 0.12, 0.16, 0.23, -1.14, -1.13, -1.12, -1.1, -1.07, -1.04, -1.01, -0.98, -0.95, -0.91, -0.24, -0.04, 0.17, 0.4, 0.39, 0.35, 0.29, 0.25, 0.26, 0.3, -1.11, -1.09, -1.07, -1.05, -1.01, -0.97, -0.91, -0.83, -0.72, -0.09, 0.01, -0.43, -0.55, -0.65, 0.37, 0.35, 0.32, 0.3, 0.3, 0.32, -1.08, -1.06, -1.03, -1.0, -0.96, -0.9, -0.83, -0.72, -0.54, 0.11, 0.08, -0.24, -0.45, -0.58, 0.36, 0.35, 0.34, 0.33, 0.33, 0.34, -1.06, -1.03, -1.0, -0.97, -0.92, -0.86, -0.77, -0.65, -0.35, -0.15, -0.02, -0.22, -0.41, -0.54, 0.36, 0.36, 0.35, 0.35, 0.34, 0.35, -1.03, -1.01, -0.98, -0.94, -0.89, -0.83, -0.75, -0.65, -0.37, -0.28, -0.24, -0.31, -0.43, -0.53, 0.36, 0.36, 0.36, 0.35, 0.35, 0.36, -1.02, -0.99, -0.96, -0.92, -0.88, -0.82, -0.75, -0.48, -0.43, -0.38, -0.36, -0.4, -0.47, -0.54, 0.36, 0.36, 0.36, 0.36, 0.36, 0.36]}, {"header": {"refTime": "2023-09-03T10:00:00.000Z", "nx": 21, "ny": 33, "lo1": 113.509, "la1": 22.2235, "lo2": 113.5947, "la2": 22.1034, "dx": 0.0042850000000001385, "dy": 0.003753125000000024, "parameterCategory": 0, "parameterCategoryName": "Temperature", "parameterNumber": 0}, "data": [[28.68, 28.7, 28.72, 28.66, 28.69, 28.99, 29.02, 29.06, 29.08, 29.09, 29.07, 29.05, 29.16, 29.15, 28.96, 28.91, 28.71, 28.69, 28.66, 28.65], [28.67, 28.69, 28.7, 28.73, 28.69, 28.74, 29.03, 29.09, 29.13, 29.12, 29.08, 29.06, 29.16, 29.15, 28.96, 28.74, 28.7, 28.67, 28.64, 28.63], [28.66, 28.67, 28.69, 28.71, 28.67, 28.72, 28.81, 29.12, 29.26, 29.14, 29.08, 29.06, 29.16, 29.15, 28.81, 28.74, 28.68, 28.64, 28.61, 28.6], [28.65, 28.65, 28.67, 28.68, 28.71, 28.67, 28.75, 28.87, 28.98, 29.09, 29.05, 29.07, 29.18, 28.95, 28.82, 28.72, 28.64, 28.59, 28.57, 28.57], [28.63, 28.63, 28.64, 28.65, 28.66, 28.6, 28.63, 28.67, 28.69, 28.98, 28.98, 28.97, 29.16, 28.99, 28.81, 28.68, 28.58, 28.52, 28.52, 28.53], [28.62, 28.61, 28.61, 28.61, 28.61, 28.6, 28.51, 28.5, 28.48, 28.46, 28.71, 28.87, 29.02, 29.1, 28.77, 28.61, 28.47, 28.41, 28.44, 28.49], [28.32, 28.59, 28.59, 28.58, 28.56, 28.54, 28.23, 28.35, 28.31, 28.26, 28.31, 28.69, 28.96, 28.99, 28.7, 28.54, 28.33, 28.25, 28.32, 28.4], [28.33, 28.33, 28.33, 28.33, 28.32, 28.27, 28.24, 28.18, 28.15, 28.25, 28.25, 28.55, 28.55, 29.0, 28.32, 28.39, 28.26, 28.21, 28.28, 28.33], [28.27, 28.28, 28.35, 28.35, 28.36, 28.34, 28.29, 28.22, 28.13, 28.27, 28.39, 28.47, 28.5, 28.45, 28.34, 28.41, 28.34, 28.3, 28.32, 28.35], [28.5, 28.5, 28.5, 28.31, 28.34, 28.41, 28.36, 28.29, 28.16, 28.15, 28.5, 28.42, 28.45, 28.43, 28.34, 28.44, 28.39, 28.36, 28.36, 28.37], [28.5, 28.5, 28.5, 28.5, 28.5, 28.5, 28.5, 28.5, 28.36, 28.13, 28.2, 28.39, 28.41, 28.41, 28.33, 28.46, 28.42, 28.4, 28.4, 28.4], [28.5, 28.5, 28.5, 28.5, 28.5, 28.5, 28.5, 28.5, 28.5, -999.0, 28.2, 28.7, 28.7, 28.4, 28.33, 28.48, 28.46, 27.87, 27.88, 27.88], [28.5, 28.5, 28.5, 28.5, 28.5, 28.5, 28.5, 28.5, 28.5, 28.5, -999.0, 28.7, 28.7, 28.05, 28.33, 27.95, 27.96, 27.91, 27.92, 27.92], [28.5, 28.5, 28.5, 28.5, 28.5, 28.5, 28.5, 28.5, 28.5, 28.5, -999.0, 27.7, 27.7, 27.7, 28.25, 27.92, 27.93, 27.88, 27.89, 27.9], [28.5, 28.5, 28.5, 28.5, 28.5, 28.5, 28.5, 28.8, 28.8, 28.8, 28.8, 28.38, 27.7, 27.7, 27.7, 27.88, 27.9, 27.85, 27.86, 27.88], [28.5, 28.5, 28.69, 28.69, 28.7, 28.8, 28.8, 28.8, 28.8, 28.8, 28.11, 28.19, 28.08, 27.99, 28.09, 27.88, 27.91, 27.86, 27.94, 27.96], [28.69, 28.69, 28.61, 28.61, 28.8, 28.8, 28.8, 28.8, 28.8, 28.8, 28.33, 28.19, 28.05, 27.91, 27.89, 28.12, 28.26, 28.38, 28.47, 28.53], [28.61, 28.61, 28.62, 28.62, 28.8, 28.8, 28.8, 28.8, 28.8, 28.52, 28.37, 28.21, 28.04, 27.9, 27.73, 28.07, 28.28, 28.41, 28.5, 28.57], [28.61, 28.62, 28.62, 28.8, 28.8, 28.8, 28.8, 28.8, 28.7, 28.59, 28.65, 28.52, 28.09, 27.96, 28.04, 28.18, 28.36, 28.48, 28.56, 28.62], [28.62, 28.62, 29.31, 29.29, 29.26, 29.21, 29.14, 28.95, 28.8, 28.77, 28.7, 28.59, 28.14, 28.05, 28.3, 28.38, 28.49, 28.58, 28.64, 28.68], [29.35, 29.34, 29.32, 29.17, 29.15, 29.13, 29.09, 29.06, 28.84, 28.82, 28.77, 28.69, 28.18, 28.47, 28.5, 28.56, 28.63, 28.69, 28.73, 28.75], [29.22, 29.22, 29.21, 29.2, 29.2, 29.19, 29.18, 29.2, 28.93, 28.92, 28.87, 28.8, 28.51, 28.6, 28.64, 28.69, 28.74, 28.79, 28.82, 28.83], [29.24, 29.24, 29.24, 29.25, 29.26, 29.26, 29.27, 29.3, 29.32, 29.34, 29.34, 29.04, 29.32, 28.69, 28.74, 28.77, 28.76, 28.87, 28.93, 28.91], [29.27, 29.27, 29.27, 29.28, 29.29, 29.31, 29.33, 29.38, 29.43, 29.46, 29.43, 29.23, 29.34, 29.26, 29.18, 28.84, 28.58, 29.09, 29.07, 28.99], [29.28, 29.28, 29.29, 29.3, 29.31, 29.34, 29.37, 29.43, 29.52, 29.6, 29.5, 29.27, 29.13, 29.29, 29.23, 29.19, 29.21, 29.47, 29.16, 29.03], [29.29, 29.29, 29.3, 29.31, 29.33, 29.35, 29.39, 29.44, 29.53, 29.59, 29.42, 29.28, 29.16, 29.31, 29.27, 29.21, 29.29, 29.35, 29.12, 29.03], [29.29, 29.3, 29.31, 29.32, 29.34, 29.36, 29.39, 29.42, 29.46, 29.47, 29.35, 29.27, 29.18, 29.21, 29.21, 29.23, 29.26, 29.28, 29.27, 29.25], [29.3, 29.31, 29.32, 29.33, 29.34, 29.36, 29.38, 29.39, 29.4, 29.33, 29.3, 29.54, 29.59, 29.65, 29.22, 29.23, 29.24, 29.25, 29.25, 29.24], [29.3, 29.31, 29.32, 29.33, 29.34, 29.35, 29.36, 29.37, 29.37, 29.3, 29.37, 29.48, 29.56, 29.62, 29.23, 29.23, 29.24, 29.24, 29.24, 29.24], [29.31, 29.31, 29.32, 29.33, 29.34, 29.35, 29.35, 29.36, 29.5, 29.44, 29.4, 29.47, 29.55, 29.61, 29.23, 29.23, 29.23, 29.23, 29.23, 29.23], [29.31, 29.31, 29.32, 29.33, 29.33, 29.34, 29.35, 29.35, 29.52, 29.49, 29.48, 29.51, 29.56, 29.6, 29.23, 29.23, 29.23, 29.23, 29.23, 29.23], [29.31, 29.31, 29.32, 29.33, 29.33, 29.34, 29.34, 29.56, 29.54, 29.52, 29.52, 29.54, 29.57, 29.61, 29.23, 29.23, 29.23, 29.23, 29.23, 29.22]]}]