gis_exercise/awsData/contour/wdir_2023091400.json
[{"header": {"refTime": "2023-09-14T00:00:00.000Z", "nx": 21, "ny": 33, "lo1": 113.509, "la1": 22.2235, "lo2": 113.5947, "la2": 22.1034, "dx": 0.0042850000000001385, "dy": 0.003753125000000024, "parameterCategory": 2, "parameterCategoryName": "Temperature", "parameterNumber": 2}, "data": [-2.12, -2.13, -2.13, -2.24, -2.23, -2.37, -2.35, -2.33, -2.32, -2.24, -2.27, -2.3, -2.58, -2.61, -3.38, -3.5, -3.88, -3.95, -4.0, -4.03, -2.12, -2.12, -2.13, -2.14, -2.23, -2.22, -2.33, -2.29, -2.26, -2.22, -2.27, -2.32, -2.6, -2.63, -3.4, -3.8, -3.91, -4.0, -4.06, -4.09, -2.12, -2.12, -2.13, -2.14, -2.24, -2.23, -2.21, -2.26, -2.14, -2.2, -2.28, -2.35, -2.63, -2.65, -3.65, -3.82, -3.97, -4.08, -4.15, -4.17, -2.11, -2.12, -2.12, -2.13, -2.15, -2.24, -2.22, -2.19, -2.17, -2.23, -2.31, -2.4, -2.67, -2.67, -3.63, -3.88, -4.08, -4.21, -4.27, -4.27, -2.1, -2.11, -2.12, -2.13, -2.15, -2.26, -2.26, -2.24, -2.23, -2.26, -2.33, -2.65, -2.69, -2.68, -3.65, -3.98, -4.26, -4.42, -4.43, -4.39, -2.09, -2.1, -2.1, -2.12, -2.14, -2.17, -2.3, -2.3, -2.29, -2.25, -2.57, -2.65, -2.69, -3.32, -3.73, -4.16, -4.56, -4.74, -4.65, -4.51, -3.44, -2.08, -2.09, -2.1, -2.12, -2.16, -2.22, -2.37, -2.37, -2.45, -2.43, -2.65, -3.47, -3.55, -3.83, -4.33, -4.98, -5.22, -5.17, -5.02, -3.46, -3.4, -3.32, -3.1, -3.07, -2.12, -2.21, -2.36, -2.57, -2.41, -2.22, -3.25, -3.46, -3.79, -4.68, -4.96, -5.29, -5.42, -5.24, -5.11, -3.48, -3.42, -3.32, -3.2, -2.97, -2.97, -3.08, -2.25, -3.09, -2.48, -3.18, -3.68, -4.29, -4.0, -4.7, -4.89, -5.09, -5.17, -5.13, -5.07, -4.54, -4.43, -4.28, -3.18, -2.92, -2.67, -3.05, -3.45, -3.68, -3.51, -3.52, -3.97, -4.51, -4.12, -4.73, -4.84, -4.95, -5.02, -5.03, -5.01, -4.57, -4.48, -4.33, -4.06, -3.48, -1.8, -3.9, -4.94, -4.31, -4.12, -4.66, -3.87, -4.04, -3.99, -4.74, -4.81, -4.88, -4.93, -4.95, -4.95, -4.64, -4.57, -4.47, -4.3, -4.03, -3.89, -4.7, -5.54, -5.85, -6.24, -4.9, -5.0, -4.91, -3.86, -4.74, -4.78, -4.83, -4.97, -4.97, -4.97, -4.71, -4.68, -4.66, -4.64, -4.73, -5.12, -5.72, -5.78, -5.84, -5.6, -6.19, -5.09, -4.98, -4.12, -4.09, -4.81, -4.83, -4.85, -4.86, -4.87, -4.8, -4.8, -4.83, -4.92, -5.14, -5.65, -6.52, -5.89, -5.7, -5.57, -6.23, -5.17, -5.01, -4.89, -4.0, -4.65, -4.68, -4.71, -4.75, -4.78, -4.87, -4.9, -4.96, -5.07, -5.28, -5.59, -5.83, -5.13, -4.75, -4.45, -4.23, -3.06, -4.84, -4.69, -4.6, -4.46, -4.51, -4.58, -4.64, -4.69, -4.93, -4.97, -2.88, -3.02, -3.19, -4.51, -4.44, -4.18, -3.88, -3.71, -2.62, -2.75, -2.89, -2.81, -2.95, -3.74, -3.76, -3.76, -3.89, -3.92, -2.61, -2.65, -2.68, -2.71, -3.92, -3.75, -3.43, -3.0, -2.71, -2.76, -2.12, -2.47, -2.78, -3.04, -2.83, -3.2, -3.09, -3.0, -2.94, -2.9, -2.5, -2.5, -2.47, -2.41, -3.42, -3.05, -2.44, -1.61, -1.19, -1.2, -1.81, -2.22, -2.68, -2.78, -3.41, -3.23, -3.08, -2.98, -2.91, -2.87, -2.39, -2.35, -2.28, -3.33, -3.03, -2.53, -1.73, -0.4, 0.84, -0.54, -0.91, -1.57, -2.01, -2.57, -3.25, -3.14, -3.02, -2.93, -2.87, -2.83, -2.29, -2.22, -2.67, -2.49, -2.22, -1.82, -1.21, -0.35, 0.45, -0.27, -1.0, -1.57, -1.87, -2.27, -3.06, -3.0, -2.92, -2.85, -2.81, -2.79, -2.81, -2.72, -2.6, -2.43, -2.2, -1.89, -1.5, -1.09, -0.5, -0.84, -1.28, -1.67, -1.77, -2.93, -2.91, -2.86, -2.81, -2.77, -2.74, -2.73, -2.77, -2.68, -2.58, -2.44, -2.27, -2.08, -1.87, -0.82, -1.24, -1.43, -1.65, -1.86, -3.35, -2.84, -2.8, -2.76, -2.72, -2.69, -2.68, -2.68, -2.75, -2.67, -2.59, -1.14, -1.15, -1.18, -1.25, -1.37, -1.54, -1.65, -1.65, -1.94, -2.92, -2.77, -2.72, -2.68, -2.66, -2.62, -2.61, -2.63, -1.21, -1.22, -1.24, -1.28, -1.34, -1.44, -1.59, -1.84, -2.15, -2.31, -2.14, -2.93, -2.95, -2.82, -2.71, -2.63, -2.7, -2.5, -2.53, -2.59, -1.27, -1.3, -1.34, -1.4, -1.48, -1.62, -1.83, -2.15, -2.68, -3.11, -2.52, -2.91, -2.8, -2.83, -2.71, -2.61, -2.45, -2.34, -2.49, -2.56, -1.33, -1.36, -1.41, -1.48, -1.58, -1.72, -1.92, -2.23, -2.7, -3.06, -3.03, -2.81, -2.72, -2.84, -2.72, -2.29, -2.3, -2.28, -2.51, -2.56, -1.37, -1.41, -1.47, -1.54, -1.63, -1.75, -1.91, -2.11, -2.31, -2.37, -2.69, -2.6, -2.59, -2.1, -2.18, -2.23, -2.26, -2.26, -2.26, -2.26, -1.4, -1.45, -1.5, -1.57, -1.65, -1.75, -1.85, -1.95, -2.0, -2.37, -2.25, -2.21, -2.27, -2.29, -2.12, -2.18, -2.21, -2.23, -2.24, -2.24, -1.43, -1.47, -1.52, -1.58, -1.65, -1.72, -1.78, -1.83, -1.81, -1.99, -1.68, -1.99, -2.16, -2.23, -2.07, -2.13, -2.17, -2.2, -2.21, -2.22, -1.45, -1.48, -1.53, -1.58, -1.63, -1.68, -1.73, -1.75, -2.13, -1.91, -1.77, -1.96, -2.11, -2.2, -2.04, -2.1, -2.14, -2.17, -2.18, -2.19, -1.46, -1.49, -1.53, -1.57, -1.62, -1.65, -1.68, -1.7, -2.15, -2.03, -1.98, -2.04, -2.13, -2.19, -2.02, -2.07, -2.11, -2.14, -2.16, -2.17, -1.46, -1.49, -1.53, -1.56, -1.6, -1.63, -1.65, -2.25, -2.18, -2.12, -2.09, -2.11, -2.16, -2.2, -2.01, -2.06, -2.09, -2.12, -2.14, -2.15]}, {"header": {"refTime": "2023-09-14T00:00:00.000Z", "nx": 21, "ny": 33, "lo1": 113.509, "la1": 22.2235, "lo2": 113.5947, "la2": 22.1034, "dx": 0.0042850000000001385, "dy": 0.003753125000000024, "parameterCategory": 2, "parameterCategoryName": "Temperature", "parameterNumber": 3}, "data": [-0.07, -0.06, -0.05, 0.26, 0.25, 0.04, 0.04, 0.04, 0.04, 0.16, 0.17, 0.18, 0.38, 0.4, 0.31, 0.35, 0.8, 0.83, 0.84, 0.86, -0.07, -0.06, -0.06, -0.05, 0.25, 0.23, 0.04, 0.04, 0.04, 0.14, 0.16, 0.17, 0.36, 0.39, 0.31, 0.77, 0.8, 0.83, 0.86, 0.87, -0.07, -0.07, -0.06, -0.05, 0.25, 0.23, 0.21, 0.04, 0.04, 0.13, 0.16, 0.16, 0.34, 0.37, 0.7, 0.76, 0.82, 0.85, 0.87, 0.88, -0.08, -0.08, -0.07, -0.06, -0.05, 0.24, 0.22, 0.19, 0.15, 0.16, 0.18, 0.15, 0.29, 0.49, 0.68, 0.78, 0.84, 0.88, 0.9, 0.9, -0.09, -0.08, -0.08, -0.07, -0.05, 0.26, 0.25, 0.24, 0.25, 0.23, 0.22, 0.43, 0.17, 0.44, 0.69, 0.81, 0.88, 0.92, 0.93, 0.93, -0.1, -0.1, -0.09, -0.08, -0.07, -0.05, 0.27, 0.28, 0.31, 0.36, 0.72, 0.58, 0.4, 0.6, 0.77, 0.87, 0.94, 0.97, 0.97, 0.95, 0.37, -0.11, -0.11, -0.1, -0.09, -0.06, 0.16, 0.27, 0.3, 0.72, 0.87, 0.89, 0.92, 0.85, 0.87, 0.93, 1.02, 1.05, 0.91, 0.86, 0.37, 0.35, 0.32, 0.22, 0.22, 0.08, 0.13, 0.17, 0.29, 0.7, 0.83, 1.29, 1.35, 1.02, 1.25, 1.21, 1.16, 1.14, 1.17, 1.19, 0.38, 0.35, 0.31, 0.26, 0.16, 0.17, 0.23, 0.15, 0.54, 0.72, 1.08, 1.19, 1.17, 1.18, 1.23, 1.21, 1.19, 1.18, 1.18, 1.19, 0.75, 0.71, 0.65, 0.25, 0.14, 0.03, 0.19, 0.37, 0.75, 0.76, 1.11, 1.13, 1.11, 1.15, 1.22, 1.21, 1.2, 1.19, 1.19, 1.2, 0.77, 0.73, 0.67, 0.56, 0.33, -0.35, 0.49, 0.91, 0.7, 0.91, 1.1, 1.13, 1.13, 1.14, 1.22, 1.22, 1.21, 1.21, 1.2, 1.21, 0.79, 0.77, 0.73, 0.66, 0.55, 0.49, 0.82, 1.15, 1.27, 1.43, 1.15, 1.32, 1.3, 1.14, 1.22, 1.22, 1.22, 0.78, 0.78, 0.78, 0.83, 0.81, 0.8, 0.8, 0.83, 0.99, 1.24, 1.25, 1.27, 1.18, 1.41, 1.34, 1.32, 0.89, 0.87, 0.71, 0.71, 0.72, 0.72, 0.73, 0.86, 0.86, 0.87, 0.91, 1.0, 1.21, 1.57, 1.3, 1.22, 1.17, 1.43, 0.89, 0.82, 0.75, 0.75, 0.62, 0.63, 0.65, 0.67, 0.68, 0.89, 0.9, 0.93, 0.97, 1.06, 1.18, 1.28, 1.21, 1.1, 1.01, 0.95, 0.35, 0.72, 0.64, 0.59, 0.51, 0.54, 0.58, 0.61, 0.63, 0.91, 0.93, 0.4, 0.45, 0.51, 1.04, 1.02, 0.95, 0.86, 0.81, 0.27, 0.24, 0.21, 0.09, 0.09, 0.54, 0.62, 0.7, 0.79, 0.85, 0.32, 0.34, 0.36, 0.38, 0.88, 0.83, 0.75, 0.63, 0.55, 0.56, 0.14, 0.15, 0.14, 0.1, 0.14, 0.23, 0.31, 0.37, 0.41, 0.43, 0.3, 0.31, 0.31, 0.31, 0.74, 0.64, 0.48, 0.26, 0.14, 0.0, 0.09, 0.08, 0.09, 0.12, 0.02, 0.2, 0.32, 0.39, 0.43, 0.45, 0.28, 0.28, 0.27, 0.72, 0.64, 0.5, 0.29, -0.07, -0.43, -0.15, -0.36, -0.29, 0.18, 0.18, 0.19, 0.27, 0.37, 0.43, 0.47, 0.48, 0.26, 0.25, 0.25, 0.21, 0.15, 0.06, -0.07, -0.24, -0.49, -0.43, -0.36, -0.3, 0.24, 0.3, 0.35, 0.4, 0.46, 0.5, 0.51, 0.52, 0.25, 0.23, 0.2, 0.16, 0.1, 0.03, -0.06, -0.15, -0.43, -0.4, -0.35, -0.31, 0.33, 0.44, 0.48, 0.53, 0.57, 0.58, 0.57, 0.55, 0.22, 0.19, 0.16, 0.12, 0.07, 0.01, -0.05, -0.33, -0.38, -0.37, -0.34, -0.31, 0.49, 0.52, 0.58, 0.65, 0.7, 0.68, 0.62, 0.57, 0.19, 0.16, 0.13, -0.25, -0.26, -0.27, -0.28, -0.28, -0.28, -0.27, -0.26, 0.18, 0.37, 0.58, 0.65, 0.77, 0.91, 0.78, 0.63, 0.57, -0.22, -0.22, -0.23, -0.23, -0.24, -0.24, -0.25, -0.25, -0.26, -0.26, -0.24, 0.38, 0.34, 0.47, 0.6, 0.8, 1.31, 0.64, 0.55, 0.55, -0.21, -0.21, -0.21, -0.21, -0.21, -0.21, -0.22, -0.23, -0.25, -0.28, -0.23, 0.32, 0.52, 0.43, 0.54, 0.62, 0.49, 0.21, 0.46, 0.51, -0.2, -0.19, -0.19, -0.19, -0.19, -0.19, -0.19, -0.19, -0.22, -0.25, 0.1, 0.31, 0.49, 0.39, 0.48, 0.61, 0.52, 0.45, 0.46, 0.5, -0.18, -0.18, -0.18, -0.17, -0.16, -0.16, -0.15, -0.14, -0.14, -0.12, 0.22, 0.34, 0.47, 0.57, 0.59, 0.58, 0.54, 0.52, 0.53, 0.55, -0.17, -0.17, -0.16, -0.15, -0.14, -0.13, -0.11, -0.09, -0.05, 0.26, 0.31, 0.03, -0.03, -0.08, 0.56, 0.56, 0.55, 0.55, 0.55, 0.56, -0.16, -0.16, -0.15, -0.14, -0.12, -0.1, -0.08, -0.04, 0.03, 0.32, 0.25, 0.11, 0.02, -0.05, 0.54, 0.55, 0.55, 0.55, 0.56, 0.56, -0.15, -0.15, -0.14, -0.12, -0.11, -0.09, -0.06, -0.01, 0.07, 0.15, 0.21, 0.12, 0.03, -0.03, 0.53, 0.54, 0.55, 0.56, 0.56, 0.56, -0.15, -0.14, -0.13, -0.11, -0.1, -0.08, -0.05, -0.01, 0.05, 0.1, 0.11, 0.08, 0.02, -0.03, 0.53, 0.54, 0.55, 0.55, 0.56, 0.56, -0.14, -0.13, -0.12, -0.11, -0.09, -0.07, -0.05, 0.0, 0.03, 0.05, 0.05, 0.04, 0.0, -0.03, 0.53, 0.54, 0.55, 0.55, 0.56, 0.56]}, {"header": {"refTime": "2023-09-14T00:00:00.000Z", "nx": 21, "ny": 33, "lo1": 113.509, "la1": 22.2235, "lo2": 113.5947, "la2": 22.1034, "dx": 0.0042850000000001385, "dy": 0.003753125000000024, "parameterCategory": 0, "parameterCategoryName": "Temperature", "parameterNumber": 0}, "data": [[27.5, 27.49, 27.49, 27.31, 27.32, 27.52, 27.52, 27.52, 27.53, 27.48, 27.49, 27.49, 27.62, 27.63, 27.62, 27.62, 27.61, 27.61, 27.6, 27.6], [27.5, 27.5, 27.49, 27.49, 27.32, 27.34, 27.51, 27.52, 27.52, 27.48, 27.49, 27.5, 27.63, 27.64, 27.63, 27.62, 27.61, 27.6, 27.6, 27.59], [27.5, 27.5, 27.49, 27.49, 27.32, 27.33, 27.36, 27.51, 27.5, 27.48, 27.5, 27.52, 27.65, 27.65, 27.64, 27.62, 27.61, 27.6, 27.59, 27.59], [27.5, 27.5, 27.5, 27.49, 27.49, 27.32, 27.34, 27.37, 27.4, 27.47, 27.5, 27.55, 27.68, 27.57, 27.64, 27.62, 27.6, 27.59, 27.58, 27.58], [27.51, 27.5, 27.5, 27.49, 27.49, 27.3, 27.31, 27.32, 27.32, 27.44, 27.48, 27.59, 27.71, 27.6, 27.64, 27.61, 27.59, 27.58, 27.57, 27.57], [27.51, 27.51, 27.5, 27.5, 27.49, 27.48, 27.29, 27.28, 27.27, 27.24, 27.41, 27.52, 27.62, 27.7, 27.62, 27.59, 27.57, 27.55, 27.56, 27.57], [27.52, 27.51, 27.51, 27.51, 27.5, 27.48, 27.32, 27.27, 27.25, 27.2, 27.19, 27.41, 27.63, 27.65, 27.6, 27.58, 27.54, 27.53, 27.56, 27.57], [27.53, 27.53, 27.53, 27.53, 27.52, 27.38, 27.35, 27.3, 27.28, 27.18, 27.08, 27.35, 27.35, 27.65, 27.5, 27.5, 27.5, 27.5, 27.5, 27.5], [27.47, 27.48, 27.55, 27.55, 27.56, 27.54, 27.49, 27.33, 27.2, 27.21, 27.19, 27.27, 27.3, 27.25, 27.5, 27.5, 27.5, 27.5, 27.5, 27.5], [27.7, 27.7, 27.7, 27.51, 27.54, 27.61, 27.56, 27.49, 27.13, 27.15, 27.3, 27.22, 27.25, 27.23, 27.5, 27.5, 27.5, 27.5, 27.5, 27.5], [27.7, 27.7, 27.7, 27.7, 27.7, 27.7, 27.7, 27.7, 27.56, 27.2, 27.0, 27.19, 27.21, 27.21, 27.5, 27.5, 27.5, 27.5, 27.5, 27.5], [27.7, 27.7, 27.7, 27.7, 27.7, 27.7, 27.7, 27.7, 27.7, -999.0, 27.0, 27.5, 27.5, 27.2, 27.5, 27.5, 27.5, 26.93, 26.95, 26.95], [27.7, 27.7, 27.7, 27.7, 27.7, 27.7, 27.7, 27.7, 27.7, 27.7, -999.0, 27.5, 27.5, 26.85, 27.13, 27.14, 27.14, 27.02, 27.04, 27.05], [27.7, 27.7, 27.7, 27.7, 27.7, 27.7, 27.7, 27.7, 27.7, 27.7, -999.0, 26.5, 26.5, 26.5, 27.05, 27.05, 27.07, 26.94, 26.97, 26.99], [27.7, 27.7, 27.7, 27.7, 27.7, 27.7, 27.7, 27.7, 27.7, 27.7, 27.7, 27.24, 26.5, 26.5, 26.5, 26.96, 26.99, 26.87, 26.91, 26.94], [27.7, 27.7, 27.7, 27.7, 27.7, 27.7, 27.7, 27.7, 27.7, 27.7, 26.94, 27.03, 26.91, 26.82, 26.93, 26.87, 26.92, 26.82, 27.03, 27.07], [27.7, 27.7, 27.7, 27.7, 27.7, 27.7, 27.7, 27.7, 27.7, 27.7, 27.18, 27.04, 26.88, 26.73, 26.75, 26.75, 26.84, 26.91, 26.96, 27.0], [27.7, 27.7, 27.7, 27.7, 27.7, 27.7, 27.7, 27.7, 27.7, 27.4, 27.23, 27.05, 26.87, 26.76, 26.54, 26.73, 26.85, 26.94, 26.99, 27.02], [27.7, 27.7, 27.7, 27.7, 27.7, 27.7, 27.7, 27.7, 27.59, 27.47, 27.34, 27.19, 27.01, 26.85, 26.71, 26.8, 26.91, 26.98, 27.03, 27.05], [27.7, 27.7, 27.64, 27.65, 27.65, 27.65, 27.66, 27.68, 27.58, 27.48, 27.35, 27.23, 27.08, 26.99, 26.88, 26.93, 27.0, 27.05, 27.08, 27.09], [27.64, 27.64, 27.64, 27.66, 27.66, 27.66, 27.67, 27.67, 27.49, 27.44, 27.36, 27.27, 27.15, 26.98, 27.01, 27.05, 27.1, 27.12, 27.13, 27.13], [27.65, 27.65, 27.65, 27.66, 27.66, 27.66, 27.66, 27.68, 27.46, 27.42, 27.37, 27.31, 27.18, 27.06, 27.1, 27.15, 27.19, 27.2, 27.19, 27.17], [27.65, 27.65, 27.65, 27.69, 27.69, 27.68, 27.68, 27.68, 27.67, 27.67, 27.67, 27.6, 27.45, 27.12, 27.17, 27.24, 27.3, 27.28, 27.23, 27.2], [27.69, 27.69, 27.69, 27.69, 27.69, 27.68, 27.68, 27.67, 27.66, 27.65, 27.66, 27.63, 27.45, 27.43, 27.41, 27.28, 27.41, 27.3, 27.25, 27.22], [27.69, 27.69, 27.69, 27.69, 27.69, 27.68, 27.68, 27.66, 27.64, 27.63, 27.65, 27.63, 27.63, 27.43, 27.4, 27.38, 27.28, 27.25, 27.24, 27.22], [27.69, 27.69, 27.69, 27.69, 27.69, 27.69, 27.68, 27.67, 27.65, 27.63, 27.64, 27.64, 27.64, 27.43, 27.4, 27.41, 27.38, 27.36, 27.23, 27.22], [27.7, 27.7, 27.69, 27.69, 27.69, 27.69, 27.69, 27.68, 27.68, 27.68, 27.67, 27.67, 27.66, 27.51, 27.47, 27.44, 27.41, 27.4, 27.4, 27.41], [27.7, 27.7, 27.7, 27.7, 27.7, 27.7, 27.7, 27.7, 27.71, 27.7, 27.71, 27.65, 27.61, 27.57, 27.49, 27.46, 27.44, 27.43, 27.42, 27.42], [27.7, 27.7, 27.7, 27.7, 27.7, 27.7, 27.71, 27.71, 27.73, 27.74, 27.76, 27.69, 27.63, 27.59, 27.52, 27.48, 27.46, 27.45, 27.44, 27.44], [27.7, 27.7, 27.7, 27.7, 27.7, 27.71, 27.71, 27.72, 27.67, 27.71, 27.74, 27.69, 27.64, 27.6, 27.53, 27.5, 27.48, 27.47, 27.46, 27.45], [27.7, 27.7, 27.7, 27.7, 27.71, 27.71, 27.71, 27.72, 27.66, 27.68, 27.69, 27.67, 27.63, 27.6, 27.54, 27.51, 27.49, 27.48, 27.47, 27.46], [27.7, 27.7, 27.7, 27.71, 27.71, 27.71, 27.72, 27.64, 27.65, 27.66, 27.66, 27.64, 27.62, 27.6, 27.55, 27.52, 27.5, 27.49, 27.48, 27.47]]}]