gis_exercise/awsData/contour/wdir_2023090817.json
[{"header": {"refTime": "2023-09-08T17:00:00.000Z", "nx": 21, "ny": 33, "lo1": 113.509, "la1": 22.2235, "lo2": 113.5947, "la2": 22.1034, "dx": 0.0042850000000001385, "dy": 0.003753125000000024, "parameterCategory": 2, "parameterCategoryName": "Temperature", "parameterNumber": 2}, "data": [-1.72, -1.73, -1.74, -1.84, -1.84, -2.03, -2.0, -1.97, -1.96, -1.71, -1.72, -1.74, -1.88, -1.89, -2.62, -2.71, -2.81, -2.87, -2.91, -2.93, -1.71, -1.72, -1.73, -1.75, -1.84, -1.83, -1.98, -1.92, -1.89, -1.71, -1.73, -1.75, -1.9, -1.91, -2.64, -2.76, -2.85, -2.91, -2.96, -2.98, -1.71, -1.72, -1.73, -1.74, -1.85, -1.84, -1.81, -1.89, -1.74, -1.71, -1.74, -1.78, -1.93, -1.93, -2.66, -2.78, -2.9, -2.98, -3.03, -3.04, -1.69, -1.71, -1.72, -1.74, -1.76, -1.86, -1.84, -1.8, -1.76, -1.7, -1.74, -1.82, -1.97, -1.87, -2.64, -2.83, -2.98, -3.09, -3.13, -3.13, -1.68, -1.69, -1.71, -1.73, -1.76, -1.9, -1.89, -1.87, -1.84, -1.68, -1.73, -1.88, -2.02, -1.9, -2.65, -2.91, -3.13, -3.25, -3.26, -3.22, -1.66, -1.67, -1.68, -1.71, -1.75, -1.81, -1.95, -1.96, -1.92, -1.82, -1.69, -1.81, -1.92, -2.22, -2.7, -3.04, -3.38, -3.52, -3.44, -3.32, -2.58, -1.64, -1.65, -1.67, -1.71, -1.79, -1.81, -2.11, -2.08, -1.81, -1.64, -1.69, -2.19, -2.25, -2.74, -3.17, -3.72, -3.92, -3.79, -3.65, -2.57, -2.53, -2.47, -2.32, -2.32, -1.61, -1.78, -2.09, -2.4, -1.77, -1.4, -1.89, -2.0, -2.32, -3.04, -3.39, -3.82, -3.97, -3.74, -3.59, -2.57, -2.52, -2.44, -2.34, -2.17, -2.2, -2.39, -1.88, -2.58, -1.84, -1.86, -2.14, -2.5, -2.33, -3.02, -3.28, -3.54, -3.66, -3.61, -3.52, -3.13, -3.05, -2.93, -2.28, -2.04, -1.83, -2.21, -2.64, -2.88, -2.7, -2.06, -2.32, -2.63, -2.4, -3.02, -3.19, -3.36, -3.45, -3.47, -3.44, -3.16, -3.09, -2.96, -2.75, -2.29, -0.94, -2.62, -3.46, -3.22, -3.12, -3.03, -2.26, -2.36, -2.33, -3.02, -3.14, -3.25, -3.33, -3.36, -3.36, -3.21, -3.16, -3.08, -2.94, -2.72, -2.61, -3.26, -3.95, -4.2, -4.37, -3.24, -3.19, -3.08, -2.25, -3.03, -3.11, -3.19, -3.54, -3.57, -3.57, -3.28, -3.25, -3.23, -3.22, -3.29, -3.6, -4.08, -4.14, -4.19, -4.0, -4.28, -3.29, -3.17, -2.65, -2.65, -3.39, -3.43, -3.47, -3.49, -3.51, -3.34, -3.35, -3.37, -3.44, -3.62, -4.02, -4.71, -4.22, -4.07, -3.97, -4.33, -3.61, -3.5, -3.42, -2.67, -3.33, -3.36, -3.4, -3.43, -3.45, -3.4, -3.42, -3.47, -3.56, -3.73, -3.97, -4.17, -4.16, -3.98, -3.84, -3.74, -3.01, -3.45, -3.36, -3.32, -3.26, -3.29, -3.33, -3.37, -3.4, -3.45, -3.48, -2.6, -2.7, -2.83, -3.89, -3.86, -3.73, -3.6, -3.51, -2.84, -2.85, -2.87, -2.58, -2.63, -2.89, -2.89, -2.89, -3.21, -3.23, -2.47, -2.51, -2.55, -2.6, -3.62, -3.54, -3.4, -3.21, -3.08, -3.1, -2.62, -2.72, -2.79, -2.84, -2.66, -2.73, -2.68, -2.63, -2.6, -2.58, -2.45, -2.47, -2.49, -2.49, -3.4, -3.23, -2.96, -2.59, -2.4, -2.31, -2.53, -2.61, -2.73, -2.65, -2.85, -2.75, -2.67, -2.62, -2.59, -2.56, -2.42, -2.43, -2.42, -3.36, -3.22, -3.0, -2.64, -2.05, -1.48, -2.04, -2.06, -2.28, -2.39, -2.58, -2.76, -2.71, -2.64, -2.6, -2.57, -2.55, -2.39, -2.39, -2.99, -2.91, -2.8, -2.62, -2.36, -1.99, -1.59, -1.84, -2.1, -2.29, -2.35, -2.48, -2.66, -2.63, -2.59, -2.56, -2.54, -2.52, -3.04, -3.0, -2.95, -2.88, -2.77, -2.64, -2.47, -2.29, -1.93, -2.05, -2.21, -2.34, -2.32, -2.6, -2.59, -2.57, -2.54, -2.52, -2.5, -2.49, -3.02, -2.98, -2.93, -2.87, -2.79, -2.7, -2.61, -1.83, -2.21, -2.28, -2.35, -2.42, -2.92, -2.55, -2.54, -2.52, -2.5, -2.48, -2.47, -2.47, -3.0, -2.97, -2.92, -1.84, -1.86, -1.89, -1.94, -2.01, -2.08, -2.12, -2.09, -2.47, -2.67, -2.52, -2.5, -2.49, -2.49, -2.45, -2.43, -2.44, -1.81, -1.82, -1.84, -1.87, -1.9, -1.96, -2.04, -2.17, -2.33, -2.4, -2.28, -2.48, -2.68, -2.6, -2.53, -2.46, -2.56, -2.37, -2.38, -2.41, -1.82, -1.83, -1.85, -1.88, -1.92, -1.99, -2.09, -2.27, -2.57, -2.82, -2.44, -2.46, -2.38, -2.6, -2.52, -2.45, -2.32, -2.23, -2.34, -2.39, -1.82, -1.83, -1.86, -1.88, -1.92, -1.99, -2.08, -2.24, -2.52, -2.75, -2.54, -2.34, -2.28, -2.61, -2.53, -2.11, -2.14, -2.14, -2.36, -2.39, -1.82, -1.83, -1.85, -1.87, -1.9, -1.95, -2.01, -2.09, -2.18, -2.17, -2.19, -2.12, -2.13, -1.81, -1.94, -2.02, -2.07, -2.09, -2.09, -2.08, -1.81, -1.82, -1.84, -1.85, -1.87, -1.89, -1.91, -1.9, -1.85, -1.85, -1.72, -1.71, -1.81, -1.87, -1.85, -1.94, -2.0, -2.03, -2.04, -2.04, -1.8, -1.81, -1.82, -1.83, -1.83, -1.83, -1.81, -1.75, -1.62, -1.44, -1.1, -1.47, -1.68, -1.8, -1.78, -1.87, -1.94, -1.98, -2.0, -2.01, -1.8, -1.8, -1.8, -1.8, -1.8, -1.78, -1.74, -1.67, -1.62, -1.37, -1.22, -1.44, -1.64, -1.76, -1.73, -1.82, -1.88, -1.93, -1.95, -1.97, -1.79, -1.79, -1.79, -1.78, -1.77, -1.74, -1.7, -1.64, -1.64, -1.52, -1.47, -1.54, -1.65, -1.75, -1.7, -1.78, -1.84, -1.89, -1.92, -1.94, -1.78, -1.78, -1.77, -1.76, -1.75, -1.72, -1.69, -1.76, -1.69, -1.63, -1.6, -1.63, -1.69, -1.76, -1.69, -1.76, -1.81, -1.86, -1.89, -1.91]}, {"header": {"refTime": "2023-09-08T17:00:00.000Z", "nx": 21, "ny": 33, "lo1": 113.509, "la1": 22.2235, "lo2": 113.5947, "la2": 22.1034, "dx": 0.0042850000000001385, "dy": 0.003753125000000024, "parameterCategory": 2, "parameterCategoryName": "Temperature", "parameterNumber": 3}, "data": [-0.27, -0.26, -0.25, 0.06, 0.05, 0.08, 0.07, 0.06, 0.06, 0.17, 0.22, 0.26, 0.24, 0.26, 0.74, 0.8, 0.93, 0.96, 0.98, 1.0, -0.27, -0.26, -0.25, -0.24, 0.05, 0.03, 0.05, 0.03, 0.01, 0.13, 0.21, 0.28, 0.27, 0.29, 0.76, 0.9, 0.95, 0.99, 1.01, 1.03, -0.28, -0.27, -0.26, -0.25, 0.05, 0.04, 0.01, -0.0, -0.09, 0.09, 0.23, 0.31, 0.31, 0.32, 0.85, 0.92, 0.98, 1.03, 1.06, 1.06, -0.29, -0.28, -0.27, -0.26, -0.24, 0.05, 0.03, -0.0, -0.03, 0.15, 0.28, 0.38, 0.39, 0.47, 0.84, 0.94, 1.03, 1.09, 1.11, 1.11, -0.3, -0.29, -0.28, -0.27, -0.25, 0.06, 0.05, 0.04, 0.05, 0.25, 0.34, 0.49, 0.55, 0.49, 0.85, 0.99, 1.12, 1.19, 1.2, 1.17, -0.31, -0.31, -0.3, -0.29, -0.27, -0.24, 0.07, 0.07, 0.09, 0.13, 0.42, 0.45, 0.5, 0.41, 0.86, 1.06, 1.26, 1.35, 1.3, 1.23, -0.27, -0.33, -0.32, -0.32, -0.3, -0.27, -0.08, 0.08, 0.1, 0.23, 0.28, 0.38, 0.32, 0.33, 0.88, 1.14, 1.47, 1.59, 1.39, 1.27, -0.27, -0.28, -0.29, -0.32, -0.31, -0.18, -0.11, -0.03, 0.06, 0.25, 0.36, 0.24, 0.22, 0.27, 0.7, 1.01, 1.38, 1.52, 1.32, 1.18, -0.28, -0.29, -0.31, -0.33, -0.36, -0.35, -0.27, -0.08, 0.11, 0.22, 0.29, 0.23, 0.2, 0.22, 0.64, 0.89, 1.13, 1.24, 1.19, 1.12, -0.28, -0.3, -0.32, -0.36, -0.42, -0.47, -0.36, -0.24, 0.12, 0.15, 0.26, 0.23, 0.2, 0.21, 0.61, 0.79, 0.96, 1.05, 1.07, 1.04, -0.28, -0.29, -0.32, -0.36, -0.45, -0.71, -0.38, -0.22, -0.17, 0.12, 0.19, 0.23, 0.22, 0.22, 0.61, 0.74, 0.86, 0.93, 0.97, 0.97, -0.27, -0.28, -0.29, -0.32, -0.36, -0.38, -0.26, -0.12, -0.08, 0.05, 0.16, 0.12, 0.13, 0.23, 0.62, 0.71, 0.8, 0.89, 0.92, 0.93, -0.25, -0.26, -0.26, -0.27, -0.25, -0.19, -0.1, -0.09, -0.08, -0.11, 0.07, 0.11, 0.12, 0.21, 0.21, 0.71, 0.77, 0.81, 0.84, 0.86, -0.24, -0.24, -0.24, -0.22, -0.19, -0.11, 0.03, -0.07, -0.1, -0.12, 0.07, 0.14, 0.16, 0.17, 0.23, 0.66, 0.7, 0.74, 0.78, 0.8, -0.23, -0.23, -0.22, -0.2, -0.17, -0.12, -0.08, -0.12, -0.17, -0.2, -0.23, -0.15, 0.17, 0.19, 0.2, 0.6, 0.64, 0.68, 0.72, 0.75, -0.22, -0.21, -0.45, -0.43, -0.4, -0.19, -0.2, -0.23, -0.27, -0.29, -0.22, -0.16, -0.08, 0.03, 0.06, 0.56, 0.61, 0.66, 1.13, 1.19, -0.48, -0.47, -0.46, -0.46, -0.26, -0.28, -0.32, -0.37, -0.4, -0.4, -0.28, -0.17, -0.06, 0.06, 0.34, 0.48, 0.55, 0.59, 0.63, 0.65, -0.49, -0.49, -0.49, -0.49, -0.32, -0.36, -0.43, -0.53, -0.58, -0.45, -0.31, -0.2, -0.05, 0.32, 0.31, 0.46, 0.56, 0.61, 0.64, 0.66, -0.5, -0.5, -0.51, -0.33, -0.36, -0.42, -0.51, -0.66, -0.78, -0.54, -0.45, -0.3, 0.27, 0.35, 0.45, 0.52, 0.6, 0.65, 0.67, 0.69, -0.51, -0.51, -0.43, -0.45, -0.48, -0.52, -0.59, -0.68, -0.72, -0.59, -0.45, -0.32, 0.3, 0.41, 0.58, 0.62, 0.67, 0.7, 0.71, 0.71, -0.42, -0.43, -0.44, -0.46, -0.49, -0.52, -0.56, -0.61, -0.58, -0.52, -0.43, -0.34, 0.37, 0.66, 0.68, 0.73, 0.76, 0.77, 0.76, 0.74, -0.42, -0.43, -0.45, -0.46, -0.48, -0.51, -0.53, -0.6, -0.5, -0.46, -0.41, -0.35, 0.58, 0.72, 0.77, 0.83, 0.87, 0.85, 0.79, 0.76, -0.43, -0.44, -0.45, -0.55, -0.55, -0.55, -0.55, -0.54, -0.53, -0.52, -0.51, 0.07, 0.44, 0.76, 0.83, 0.93, 1.05, 0.93, 0.8, 0.75, -0.53, -0.53, -0.53, -0.53, -0.52, -0.52, -0.51, -0.49, -0.47, -0.46, -0.47, 0.2, 0.4, 0.55, 0.7, 0.95, 1.41, 0.81, 0.73, 0.73, -0.52, -0.52, -0.51, -0.51, -0.5, -0.49, -0.48, -0.46, -0.43, -0.41, -0.43, 0.13, 0.34, 0.52, 0.65, 0.74, 0.67, 0.41, 0.64, 0.69, -0.51, -0.5, -0.5, -0.49, -0.49, -0.47, -0.46, -0.44, -0.42, -0.41, -0.08, 0.09, 0.27, 0.48, 0.58, 0.65, 0.6, 0.55, 0.65, 0.68, -0.5, -0.49, -0.49, -0.48, -0.47, -0.46, -0.44, -0.43, -0.41, -0.4, -0.05, 0.06, 0.21, 0.45, 0.53, 0.58, 0.58, 0.58, 0.58, 0.59, -0.49, -0.49, -0.48, -0.47, -0.46, -0.45, -0.43, -0.41, -0.39, -0.09, -0.07, -0.29, -0.28, -0.27, 0.47, 0.52, 0.55, 0.56, 0.57, 0.58, -0.49, -0.48, -0.47, -0.46, -0.45, -0.44, -0.42, -0.4, -0.37, -0.13, -0.27, -0.28, -0.28, -0.27, 0.41, 0.48, 0.51, 0.53, 0.55, 0.56, -0.48, -0.47, -0.47, -0.46, -0.45, -0.43, -0.42, -0.4, -0.29, -0.28, -0.27, -0.28, -0.28, -0.27, 0.38, 0.44, 0.48, 0.51, 0.53, 0.54, -0.48, -0.47, -0.46, -0.45, -0.44, -0.43, -0.42, -0.4, -0.29, -0.28, -0.28, -0.28, -0.28, -0.27, 0.36, 0.41, 0.45, 0.48, 0.5, 0.52, -0.47, -0.47, -0.46, -0.45, -0.44, -0.43, -0.42, -0.29, -0.28, -0.28, -0.28, -0.28, -0.28, -0.27, 0.35, 0.4, 0.44, 0.46, 0.49, 0.5]}, {"header": {"refTime": "2023-09-08T17:00:00.000Z", "nx": 21, "ny": 33, "lo1": 113.509, "la1": 22.2235, "lo2": 113.5947, "la2": 22.1034, "dx": 0.0042850000000001385, "dy": 0.003753125000000024, "parameterCategory": 0, "parameterCategoryName": "Temperature", "parameterNumber": 0}, "data": [[25.63, 25.62, 25.61, 25.23, 25.24, 25.56, 25.55, 25.53, 25.53, 25.39, 25.42, 25.45, 25.74, 25.76, 25.89, 25.91, 26.05, 26.06, 26.06, 26.06], [25.64, 25.63, 25.62, 25.6, 25.24, 25.24, 25.53, 25.49, 25.47, 25.37, 25.42, 25.47, 25.76, 25.79, 25.91, 26.05, 26.06, 26.06, 26.06, 26.07], [25.65, 25.64, 25.63, 25.61, 25.24, 25.25, 25.25, 25.45, 25.34, 25.36, 25.44, 25.52, 25.81, 25.83, 26.05, 26.06, 26.06, 26.07, 26.07, 26.07], [25.66, 25.65, 25.64, 25.63, 25.6, 25.25, 25.25, 25.26, 25.26, 25.37, 25.46, 25.59, 25.89, 25.76, 26.05, 26.06, 26.07, 26.08, 26.08, 26.08], [25.68, 25.67, 25.66, 25.65, 25.63, 25.25, 25.26, 25.25, 25.24, 25.35, 25.45, 25.77, 25.96, 25.8, 26.05, 26.07, 26.08, 26.09, 26.09, 26.09], [25.69, 25.69, 25.69, 25.68, 25.66, 25.64, 25.27, 25.27, 25.24, 25.17, 25.48, 25.67, 25.83, 26.0, 26.05, 26.07, 26.1, 26.12, 26.11, 26.1], [25.88, 25.71, 25.72, 25.71, 25.7, 25.68, 25.5, 25.33, 25.3, 25.22, 25.16, 25.52, 25.93, 25.95, 26.03, 26.08, 26.14, 26.16, 26.18, 26.18], [25.89, 25.89, 25.89, 25.89, 25.88, 25.59, 25.54, 25.51, 25.51, 25.18, 24.9, 25.46, 25.47, 25.95, 26.05, 26.01, 26.1, 26.13, 26.08, 26.04], [25.81, 25.82, 25.91, 25.92, 25.92, 25.9, 25.84, 25.52, 25.31, 25.26, 25.12, 25.28, 25.36, 25.26, 26.04, 25.99, 26.04, 26.06, 26.05, 26.03], [26.1, 26.1, 26.1, 25.87, 25.9, 25.99, 25.93, 25.84, 25.09, 25.14, 25.37, 25.18, 25.24, 25.22, 26.04, 25.97, 26.01, 26.02, 26.02, 26.02], [26.1, 26.1, 26.1, 26.1, 26.1, 26.1, 26.1, 26.1, 25.92, 25.29, 24.7, 25.12, 25.17, 25.17, 26.04, 25.96, 25.99, 26.0, 26.0, 26.0], [26.1, 26.1, 26.1, 26.1, 26.1, 26.1, 26.1, 26.1, 26.1, -999.0, 24.7, 25.8, 25.8, 25.14, 26.05, 25.95, 25.96, 25.23, 25.26, 25.26], [26.1, 26.1, 26.1, 26.1, 26.1, 26.1, 26.1, 26.1, 26.1, 26.1, -999.0, 25.8, 25.8, 24.95, 25.32, 25.58, 25.59, 25.38, 25.41, 25.43], [26.1, 26.1, 26.1, 26.1, 26.1, 26.1, 26.1, 26.1, 26.1, 26.1, -999.0, 24.5, 24.5, 24.5, 25.21, 25.44, 25.47, 25.25, 25.3, 25.33], [26.1, 26.1, 26.1, 26.1, 26.1, 26.1, 26.1, 25.7, 25.7, 25.7, 25.7, 25.24, 24.5, 24.5, 24.5, 25.28, 25.33, 25.13, 25.19, 25.24], [26.1, 26.1, 25.85, 25.84, 25.84, 25.7, 25.7, 25.7, 25.7, 25.7, 24.94, 25.03, 24.91, 24.82, 24.93, 25.01, 25.09, 24.95, 25.32, 25.38], [25.84, 25.84, 25.96, 25.95, 25.7, 25.7, 25.7, 25.7, 25.7, 25.7, 25.18, 25.04, 24.88, 24.73, 24.8, 24.77, 24.87, 24.95, 25.0, 25.03], [25.96, 25.95, 25.95, 25.93, 25.7, 25.7, 25.7, 25.7, 25.7, 25.4, 25.23, 25.05, 24.87, 24.81, 24.54, 24.74, 24.88, 24.97, 25.02, 25.06], [25.95, 25.94, 25.93, 25.7, 25.7, 25.7, 25.7, 25.7, 25.59, 25.47, 25.35, 25.2, 25.08, 24.91, 24.73, 24.83, 24.94, 25.02, 25.07, 25.09], [25.94, 25.94, 25.7, 25.7, 25.7, 25.7, 25.7, 25.7, 25.59, 25.49, 25.38, 25.25, 25.17, 25.08, 24.91, 24.97, 25.04, 25.09, 25.12, 25.13], [25.7, 25.7, 25.7, 25.7, 25.7, 25.7, 25.7, 25.7, 25.51, 25.47, 25.39, 25.3, 25.26, 25.02, 25.05, 25.11, 25.16, 25.18, 25.18, 25.18], [25.7, 25.7, 25.7, 25.7, 25.7, 25.7, 25.7, 25.75, 25.49, 25.46, 25.41, 25.34, 25.34, 25.12, 25.16, 25.23, 25.28, 25.28, 25.24, 25.22], [25.7, 25.7, 25.7, 25.78, 25.77, 25.77, 25.76, 25.76, 25.76, 25.76, 25.76, 25.75, 25.53, 25.18, 25.24, 25.33, 25.42, 25.37, 25.28, 25.24], [25.79, 25.79, 25.78, 25.78, 25.78, 25.77, 25.77, 25.76, 25.75, 25.75, 25.76, 25.82, 25.53, 25.51, 25.49, 25.37, 25.65, 25.34, 25.27, 25.24], [25.79, 25.79, 25.79, 25.79, 25.78, 25.78, 25.78, 25.77, 25.75, 25.73, 25.76, 25.82, 25.85, 25.5, 25.48, 25.45, 25.27, 25.16, 25.23, 25.23], [25.79, 25.79, 25.79, 25.79, 25.79, 25.79, 25.79, 25.78, 25.76, 25.74, 25.8, 25.83, 25.85, 25.5, 25.47, 25.47, 25.4, 25.36, 25.23, 25.23], [25.8, 25.8, 25.8, 25.8, 25.8, 25.8, 25.8, 25.8, 25.8, 25.8, 25.84, 25.86, 25.87, 25.61, 25.55, 25.5, 25.45, 25.43, 25.44, 25.45], [25.8, 25.8, 25.8, 25.81, 25.81, 25.81, 25.82, 25.83, 25.84, 25.89, 25.9, 25.75, 25.67, 25.59, 25.59, 25.54, 25.5, 25.48, 25.47, 25.48], [25.81, 25.81, 25.81, 25.81, 25.82, 25.82, 25.83, 25.85, 25.87, 25.93, 25.93, 25.81, 25.71, 25.62, 25.61, 25.57, 25.53, 25.51, 25.5, 25.5], [25.81, 25.81, 25.81, 25.82, 25.82, 25.83, 25.84, 25.86, 25.79, 25.85, 25.89, 25.81, 25.72, 25.64, 25.64, 25.59, 25.56, 25.54, 25.53, 25.52], [25.81, 25.81, 25.82, 25.82, 25.83, 25.83, 25.85, 25.86, 25.77, 25.8, 25.81, 25.77, 25.71, 25.65, 25.65, 25.61, 25.58, 25.56, 25.55, 25.54], [25.81, 25.82, 25.82, 25.82, 25.83, 25.84, 25.85, 25.72, 25.74, 25.76, 25.75, 25.73, 25.69, 25.64, 25.66, 25.62, 25.6, 25.58, 25.56, 25.56]]}]