gis_exercise/awsData/contour/wdir_2023091206.json
[{"header": {"refTime": "2023-09-12T06:00:00.000Z", "nx": 21, "ny": 33, "lo1": 113.509, "la1": 22.2235, "lo2": 113.5947, "la2": 22.1034, "dx": 0.0042850000000001385, "dy": 0.003753125000000024, "parameterCategory": 2, "parameterCategoryName": "Temperature", "parameterNumber": 2}, "data": [-0.89, -0.89, -0.9, -1.21, -1.18, -1.43, -1.38, -1.32, -1.31, -1.23, -1.33, -1.44, -1.74, -1.8, -2.3, -2.38, -2.84, -2.88, -2.9, -2.91, -0.88, -0.89, -0.9, -0.9, -1.19, -1.14, -1.33, -1.21, -1.14, -1.15, -1.33, -1.48, -1.8, -1.86, -2.35, -2.81, -2.86, -2.9, -2.93, -2.94, -0.88, -0.89, -0.9, -0.91, -1.21, -1.16, -1.08, -1.12, -0.78, -1.08, -1.36, -1.57, -1.9, -1.94, -2.75, -2.83, -2.89, -2.94, -2.97, -2.98, -0.87, -0.88, -0.9, -0.91, -0.93, -1.21, -1.14, -1.04, -0.94, -1.18, -1.46, -1.73, -2.06, -2.15, -2.75, -2.85, -2.95, -3.01, -3.03, -3.03, -0.86, -0.87, -0.89, -0.91, -0.94, -1.28, -1.25, -1.21, -1.18, -1.34, -1.56, -2.16, -2.34, -2.19, -2.75, -2.9, -3.03, -3.11, -3.11, -3.09, -0.85, -0.86, -0.87, -0.9, -0.94, -1.01, -1.37, -1.39, -1.38, -1.34, -1.9, -2.07, -2.22, -2.63, -2.77, -2.98, -3.18, -3.27, -3.22, -3.15, -1.45, -0.83, -0.84, -0.87, -0.92, -1.01, -1.3, -1.57, -1.59, -1.67, -1.61, -1.93, -2.61, -2.69, -2.8, -3.05, -3.39, -3.51, -3.55, -3.5, -1.43, -1.4, -1.37, -1.79, -1.79, -1.07, -1.26, -1.58, -1.94, -1.63, -1.39, -2.2, -2.38, -2.78, -3.2, -3.36, -3.54, -3.61, -3.51, -3.44, -1.42, -1.38, -1.32, -1.25, -1.61, -1.65, -1.86, -1.36, -2.27, -1.7, -2.12, -2.52, -2.98, -2.76, -3.23, -3.33, -3.43, -3.48, -3.45, -3.42, -2.15, -2.07, -1.96, -1.17, -0.98, -1.21, -1.67, -2.18, -2.68, -2.52, -2.39, -2.73, -3.14, -2.85, -3.26, -3.3, -3.36, -3.39, -3.4, -3.38, -2.16, -2.09, -1.97, -1.77, -1.35, -0.1, -1.76, -2.74, -2.93, -3.0, -3.29, -2.65, -2.78, -2.75, -3.26, -3.29, -3.32, -3.35, -3.36, -3.35, -2.2, -2.14, -2.05, -1.92, -1.71, -1.62, -2.32, -3.38, -3.86, -4.07, -3.49, -3.58, -3.5, -2.65, -3.26, -3.27, -3.3, -3.12, -3.11, -3.1, -2.24, -2.21, -2.17, -2.13, -2.15, -2.35, -2.73, -3.31, -3.68, -3.32, -3.92, -3.66, -3.57, -2.59, -2.54, -2.97, -2.97, -2.98, -2.99, -3.0, -2.29, -2.28, -2.28, -2.31, -2.4, -2.6, -2.82, -3.0, -3.19, -3.15, -3.88, -3.43, -3.25, -3.11, -2.38, -2.78, -2.8, -2.84, -2.87, -2.9, -2.34, -2.35, -2.37, -2.41, -2.5, -2.64, -2.77, -3.03, -3.07, -3.05, -2.99, -2.42, -3.04, -2.87, -2.76, -2.55, -2.61, -2.68, -2.75, -2.8, -2.39, -2.4, -1.38, -1.44, -1.53, -2.8, -2.78, -2.76, -2.74, -2.73, -2.3, -2.2, -2.08, -1.78, -1.77, -1.96, -2.02, -2.07, -2.14, -2.19, -1.31, -1.33, -1.36, -1.4, -2.66, -2.6, -2.5, -2.39, -2.33, -2.37, -2.04, -2.01, -1.92, -1.79, -1.41, -1.48, -1.5, -1.51, -1.52, -1.53, -1.3, -1.32, -1.34, -1.36, -2.52, -2.39, -2.2, -1.93, -1.8, -1.38, -1.46, -1.88, -1.82, -1.4, -1.43, -1.48, -1.5, -1.52, -1.53, -1.53, -1.3, -1.31, -1.32, -2.51, -2.4, -2.24, -1.97, -1.52, -1.0, -1.25, -1.31, -1.4, -1.35, -1.4, -1.48, -1.49, -1.51, -1.53, -1.53, -1.54, -1.29, -1.29, -1.93, -1.89, -1.82, -1.72, -1.57, -1.35, -1.09, -1.23, -1.36, -1.43, -1.35, -1.4, -1.51, -1.52, -1.53, -1.54, -1.54, -1.55, -1.97, -1.95, -1.92, -1.88, -1.83, -1.75, -1.65, -1.55, -1.31, -1.38, -1.45, -1.49, -1.36, -1.53, -1.54, -1.55, -1.56, -1.56, -1.56, -1.55, -1.97, -1.95, -1.93, -1.9, -1.86, -1.81, -1.76, -1.44, -1.51, -1.55, -1.57, -1.58, -1.86, -1.55, -1.56, -1.57, -1.58, -1.58, -1.57, -1.56, -1.97, -1.96, -1.94, -1.48, -1.49, -1.51, -1.54, -1.59, -1.64, -1.67, -1.66, -1.79, -1.89, -1.56, -1.57, -1.6, -1.62, -1.6, -1.57, -1.56, -1.48, -1.49, -1.5, -1.51, -1.54, -1.57, -1.63, -1.71, -1.82, -1.87, -1.8, -1.92, -1.91, -1.82, -1.75, -1.6, -1.7, -1.57, -1.56, -1.55, -1.49, -1.5, -1.52, -1.54, -1.56, -1.61, -1.68, -1.8, -2.0, -2.16, -1.92, -1.92, -1.85, -1.83, -1.75, -1.68, -1.54, -1.49, -1.54, -1.55, -1.5, -1.51, -1.53, -1.55, -1.58, -1.62, -1.69, -1.8, -1.98, -2.12, -2.0, -1.87, -1.81, -1.84, -1.76, -1.51, -1.51, -1.5, -1.54, -1.54, -1.5, -1.52, -1.53, -1.55, -1.58, -1.61, -1.66, -1.72, -1.78, -1.79, -1.8, -1.75, -1.74, -1.42, -1.45, -1.48, -1.49, -1.49, -1.49, -1.49, -1.51, -1.52, -1.53, -1.55, -1.56, -1.58, -1.61, -1.62, -1.6, -1.62, -1.55, -1.53, -1.56, -1.56, -1.43, -1.45, -1.47, -1.48, -1.48, -1.48, -1.51, -1.52, -1.53, -1.54, -1.55, -1.56, -1.56, -1.54, -1.48, -1.41, -1.23, -1.41, -1.49, -1.53, -1.4, -1.43, -1.45, -1.46, -1.47, -1.47, -1.51, -1.51, -1.52, -1.53, -1.53, -1.53, -1.52, -1.49, -1.49, -1.36, -1.29, -1.39, -1.47, -1.51, -1.39, -1.42, -1.44, -1.45, -1.46, -1.46, -1.5, -1.51, -1.51, -1.52, -1.52, -1.51, -1.5, -1.47, -1.49, -1.43, -1.4, -1.43, -1.48, -1.51, -1.38, -1.4, -1.42, -1.44, -1.45, -1.45, -1.5, -1.5, -1.51, -1.51, -1.51, -1.5, -1.49, -1.55, -1.51, -1.48, -1.46, -1.47, -1.49, -1.51, -1.37, -1.4, -1.41, -1.43, -1.44, -1.44]}, {"header": {"refTime": "2023-09-12T06:00:00.000Z", "nx": 21, "ny": 33, "lo1": 113.509, "la1": 22.2235, "lo2": 113.5947, "la2": 22.1034, "dx": 0.0042850000000001385, "dy": 0.003753125000000024, "parameterCategory": 2, "parameterCategoryName": "Temperature", "parameterNumber": 3}, "data": [0.4, 0.38, 0.36, 0.26, 0.23, 0.13, 0.1, 0.07, 0.06, 0.11, 0.16, 0.21, 0.33, 0.36, 0.49, 0.54, 0.92, 0.94, 0.95, 0.97, 0.41, 0.39, 0.37, 0.34, 0.24, 0.2, 0.08, 0.03, -0.01, 0.07, 0.15, 0.22, 0.35, 0.38, 0.51, 0.89, 0.92, 0.95, 0.97, 0.98, 0.42, 0.41, 0.39, 0.36, 0.25, 0.21, 0.14, -0.01, -0.17, 0.03, 0.17, 0.25, 0.37, 0.4, 0.84, 0.89, 0.94, 0.97, 0.99, 1.0, 0.44, 0.43, 0.41, 0.39, 0.35, 0.24, 0.19, 0.1, 0.02, 0.1, 0.22, 0.3, 0.4, 0.6, 0.83, 0.91, 0.97, 1.01, 1.02, 1.03, 0.47, 0.46, 0.45, 0.43, 0.4, 0.29, 0.27, 0.24, 0.23, 0.23, 0.3, 0.58, 0.48, 0.58, 0.83, 0.94, 1.02, 1.06, 1.07, 1.06, 0.49, 0.49, 0.48, 0.47, 0.46, 0.43, 0.35, 0.37, 0.38, 0.41, 0.69, 0.64, 0.57, 0.63, 0.87, 0.99, 1.1, 1.14, 1.12, 1.09, 0.99, 0.52, 0.53, 0.53, 0.52, 0.51, 0.72, 0.46, 0.49, 0.73, 0.77, 0.76, 0.76, 0.73, 0.93, 1.05, 1.2, 1.26, 1.12, 1.05, 1.0, 1.0, 0.99, 0.86, 0.85, 0.77, 0.73, 0.66, 0.62, 0.72, 0.73, 0.9, 0.93, 0.79, 1.04, 1.13, 1.24, 1.28, 1.22, 1.18, 1.01, 1.01, 1.0, 1.0, 0.88, 0.87, 0.83, 0.71, 0.68, 0.73, 0.81, 0.85, 0.82, 0.83, 1.01, 1.09, 1.16, 1.19, 1.18, 1.16, 1.14, 1.13, 1.13, 1.02, 1.01, 0.92, 0.89, 0.85, 0.75, 0.75, 0.81, 0.81, 0.78, 0.81, 0.99, 1.06, 1.11, 1.14, 1.14, 1.14, 1.14, 1.14, 1.13, 1.12, 1.09, 1.01, 1.09, 1.1, 0.9, 0.8, 0.81, 0.81, 0.81, 0.82, 0.99, 1.04, 1.08, 1.1, 1.11, 1.12, 1.15, 1.15, 1.14, 1.14, 1.12, 1.12, 1.14, 1.1, 1.06, 1.05, 0.83, 0.9, 0.89, 0.82, 1.0, 1.03, 1.06, 1.09, 1.1, 1.11, 1.15, 1.16, 1.16, 1.16, 1.17, 1.21, 1.25, 1.16, 1.1, 1.12, 1.04, 0.91, 0.9, 0.93, 0.94, 1.04, 1.06, 1.07, 1.09, 1.09, 1.16, 1.16, 1.17, 1.18, 1.21, 1.27, 1.39, 1.24, 1.16, 1.15, 1.07, 0.93, 0.93, 0.94, 0.96, 1.04, 1.06, 1.07, 1.08, 1.08, 1.16, 1.17, 1.18, 1.19, 1.21, 1.25, 1.27, 1.22, 1.17, 1.15, 1.13, 1.02, 0.96, 0.96, 0.97, 1.05, 1.06, 1.07, 1.07, 1.08, 1.17, 1.17, 1.17, 1.18, 1.2, 1.21, 1.2, 1.18, 1.15, 1.13, 1.01, 1.02, 1.03, 0.99, 0.99, 1.25, 1.29, 1.32, 1.52, 1.55, 1.16, 1.16, 1.16, 1.17, 1.17, 1.17, 1.15, 1.13, 1.11, 1.11, 1.01, 1.02, 1.04, 1.05, 1.22, 1.32, 1.4, 1.47, 1.51, 1.55, 1.15, 1.15, 1.15, 1.15, 1.15, 1.13, 1.11, 1.08, 1.06, 1.09, 1.11, 1.02, 1.04, 1.21, 1.1, 1.29, 1.41, 1.49, 1.54, 1.57, 1.15, 1.15, 1.14, 1.14, 1.13, 1.11, 1.08, 1.03, 1.0, 1.06, 1.06, 1.07, 1.29, 1.26, 1.28, 1.37, 1.47, 1.53, 1.57, 1.6, 1.14, 1.14, 1.21, 1.2, 1.18, 1.16, 1.12, 1.07, 1.01, 1.04, 1.06, 1.08, 1.34, 1.36, 1.44, 1.49, 1.55, 1.6, 1.62, 1.63, 1.22, 1.21, 1.2, 1.19, 1.18, 1.16, 1.14, 1.12, 1.06, 1.07, 1.08, 1.09, 1.41, 1.54, 1.57, 1.61, 1.66, 1.68, 1.68, 1.67, 1.21, 1.21, 1.2, 1.19, 1.19, 1.17, 1.16, 1.02, 1.09, 1.1, 1.11, 1.11, 1.56, 1.62, 1.66, 1.72, 1.77, 1.76, 1.73, 1.7, 1.21, 1.21, 1.2, 1.0, 1.01, 1.02, 1.03, 1.04, 1.05, 1.06, 1.05, 1.48, 1.66, 1.67, 1.73, 1.82, 1.91, 1.84, 1.76, 1.72, 0.99, 0.99, 1.0, 1.0, 1.01, 1.02, 1.04, 1.06, 1.09, 1.11, 1.08, 1.4, 1.64, 1.72, 1.79, 1.85, 2.13, 1.8, 1.74, 1.72, 0.99, 0.99, 0.99, 1.0, 1.01, 1.02, 1.04, 1.07, 1.14, 1.19, 1.11, 1.35, 1.44, 1.7, 1.76, 1.8, 1.73, 1.6, 1.7, 1.71, 0.98, 0.99, 0.99, 0.99, 1.0, 1.01, 1.03, 1.06, 1.12, 1.17, 1.25, 1.29, 1.38, 1.68, 1.73, 1.66, 1.66, 1.64, 1.69, 1.7, 0.98, 0.98, 0.98, 0.99, 0.99, 1.0, 1.01, 1.02, 1.04, 1.03, 1.17, 1.21, 1.3, 1.43, 1.52, 1.59, 1.62, 1.62, 1.63, 1.62, 0.98, 0.98, 0.98, 0.98, 0.98, 0.98, 0.98, 0.97, 0.95, 1.05, 1.02, 0.94, 0.99, 1.04, 1.46, 1.52, 1.57, 1.59, 1.59, 1.6, 0.97, 0.97, 0.97, 0.97, 0.97, 0.96, 0.95, 0.93, 0.89, 0.91, 0.75, 0.87, 0.95, 1.01, 1.4, 1.47, 1.52, 1.55, 1.56, 1.57, 0.97, 0.97, 0.96, 0.96, 0.96, 0.95, 0.93, 0.91, 0.91, 0.83, 0.79, 0.86, 0.94, 0.99, 1.36, 1.43, 1.48, 1.51, 1.53, 1.54, 0.96, 0.96, 0.96, 0.96, 0.95, 0.94, 0.92, 0.9, 0.92, 0.88, 0.87, 0.9, 0.95, 0.99, 1.34, 1.4, 1.45, 1.48, 1.5, 1.52, 0.96, 0.96, 0.96, 0.95, 0.94, 0.93, 0.92, 0.96, 0.94, 0.92, 0.92, 0.93, 0.96, 0.99, 1.33, 1.38, 1.42, 1.46, 1.48, 1.5]}, {"header": {"refTime": "2023-09-12T06:00:00.000Z", "nx": 21, "ny": 33, "lo1": 113.509, "la1": 22.2235, "lo2": 113.5947, "la2": 22.1034, "dx": 0.0042850000000001385, "dy": 0.003753125000000024, "parameterCategory": 0, "parameterCategoryName": "Temperature", "parameterNumber": 0}, "data": [[26.17, 26.16, 26.16, 25.96, 25.97, 26.19, 26.2, 26.2, 26.21, 26.16, 26.16, 26.17, 26.34, 26.35, 26.35, 26.35, 26.38, 26.37, 26.37, 26.37], [26.17, 26.16, 26.16, 26.16, 25.97, 25.99, 26.19, 26.2, 26.21, 26.17, 26.17, 26.18, 26.35, 26.36, 26.36, 26.38, 26.37, 26.37, 26.37, 26.36], [26.17, 26.17, 26.16, 26.16, 25.96, 25.98, 26.01, 26.2, 26.2, 26.17, 26.17, 26.2, 26.37, 26.38, 26.39, 26.38, 26.37, 26.37, 26.36, 26.36], [26.17, 26.17, 26.16, 26.16, 26.15, 25.97, 25.99, 26.04, 26.08, 26.15, 26.17, 26.23, 26.4, 26.28, 26.39, 26.38, 26.37, 26.36, 26.36, 26.35], [26.17, 26.17, 26.17, 26.16, 26.15, 25.94, 25.96, 25.97, 25.97, 26.11, 26.15, 26.29, 26.41, 26.31, 26.39, 26.37, 26.36, 26.35, 26.35, 26.35], [26.18, 26.18, 26.17, 26.16, 26.15, 26.14, 25.92, 25.91, 25.9, 25.86, 26.1, 26.22, 26.33, 26.43, 26.38, 26.36, 26.34, 26.34, 26.34, 26.34], [26.18, 26.18, 26.18, 26.17, 26.16, 26.14, 25.95, 25.88, 25.86, 25.84, 25.84, 26.12, 26.39, 26.4, 26.37, 26.35, 26.33, 26.32, 26.34, 26.35], [26.19, 26.19, 26.19, 26.19, 26.18, 26.02, 25.97, 25.92, 25.89, 25.81, 25.71, 26.08, 26.09, 26.4, 26.3, 26.3, 26.3, 26.3, 26.3, 26.3], [26.11, 26.12, 26.21, 26.22, 26.22, 26.2, 26.14, 25.95, 25.8, 25.86, 25.87, 25.97, 26.02, 25.96, 26.3, 26.3, 26.3, 26.3, 26.3, 26.3], [26.4, 26.4, 26.4, 26.17, 26.2, 26.29, 26.23, 26.14, 25.73, 25.75, 26.03, 25.91, 25.95, 25.93, 26.3, 26.3, 26.3, 26.3, 26.3, 26.3], [26.4, 26.4, 26.4, 26.4, 26.4, 26.4, 26.4, 26.4, 26.22, 25.8, 25.6, 25.87, 25.9, 25.9, 26.3, 26.3, 26.3, 26.3, 26.3, 26.3], [26.4, 26.4, 26.4, 26.4, 26.4, 26.4, 26.4, 26.4, 26.4, -999.0, 25.6, 26.3, 26.3, 25.88, 26.3, 26.3, 26.3, 25.79, 25.8, 25.8], [26.4, 26.4, 26.4, 26.4, 26.4, 26.4, 26.4, 26.4, 26.4, 26.4, -999.0, 26.3, 26.3, 25.71, 25.97, 25.97, 25.98, 25.87, 25.88, 25.89], [26.4, 26.4, 26.4, 26.4, 26.4, 26.4, 26.4, 26.4, 26.4, 26.4, -999.0, 25.4, 25.4, 25.4, 25.89, 25.9, 25.91, 25.8, 25.82, 25.84], [26.4, 26.4, 26.4, 26.4, 26.4, 26.4, 26.4, 26.6, 26.6, 26.6, 26.6, 26.14, 25.4, 25.4, 25.4, 25.81, 25.84, 25.74, 25.77, 25.79], [26.4, 26.4, 26.53, 26.53, 26.53, 26.6, 26.6, 26.6, 26.6, 26.6, 25.84, 25.93, 25.81, 25.72, 25.83, 25.66, 25.7, 25.63, 25.82, 25.85], [26.53, 26.53, 26.47, 26.47, 26.6, 26.6, 26.6, 26.6, 26.6, 26.6, 26.08, 25.94, 25.78, 25.63, 25.62, 25.59, 25.66, 25.72, 25.75, 25.78], [26.47, 26.47, 26.48, 26.48, 26.6, 26.6, 26.6, 26.6, 26.6, 26.3, 26.13, 25.95, 25.77, 25.63, 25.43, 25.57, 25.67, 25.73, 25.77, 25.8], [26.48, 26.48, 26.48, 26.6, 26.6, 26.6, 26.6, 26.6, 26.49, 26.37, 26.22, 26.07, 25.86, 25.71, 25.56, 25.63, 25.71, 25.77, 25.8, 25.82], [26.48, 26.48, 26.49, 26.49, 26.5, 26.51, 26.53, 26.57, 26.47, 26.36, 26.23, 26.1, 25.91, 25.82, 25.69, 25.73, 25.78, 25.82, 25.84, 25.85], [26.48, 26.48, 26.48, 26.52, 26.52, 26.53, 26.53, 26.54, 26.37, 26.31, 26.23, 26.14, 25.96, 25.76, 25.78, 25.82, 25.85, 25.87, 25.88, 25.88], [26.51, 26.51, 26.51, 26.51, 26.51, 26.51, 26.52, 26.51, 26.32, 26.29, 26.24, 26.17, 25.95, 25.83, 25.86, 25.89, 25.92, 25.93, 25.92, 25.91], [26.5, 26.5, 26.5, 26.5, 26.5, 26.5, 26.5, 26.49, 26.49, 26.48, 26.48, 26.38, 26.18, 25.87, 25.91, 25.95, 25.99, 25.99, 25.96, 25.94], [26.5, 26.5, 26.5, 26.5, 26.49, 26.49, 26.48, 26.47, 26.46, 26.46, 26.46, 26.35, 26.19, 26.15, 26.12, 25.98, 26.06, 26.01, 25.98, 25.95], [26.5, 26.5, 26.49, 26.49, 26.49, 26.48, 26.48, 26.46, 26.44, 26.42, 26.45, 26.36, 26.34, 26.16, 26.12, 26.09, 26.01, 26.0, 25.98, 25.96], [26.5, 26.49, 26.49, 26.49, 26.49, 26.48, 26.47, 26.46, 26.44, 26.43, 26.39, 26.37, 26.35, 26.16, 26.13, 26.12, 26.09, 26.08, 25.97, 25.95], [26.49, 26.49, 26.49, 26.49, 26.48, 26.48, 26.47, 26.47, 26.46, 26.46, 26.4, 26.39, 26.37, 26.21, 26.17, 26.14, 26.12, 26.11, 26.11, 26.12], [26.49, 26.49, 26.49, 26.49, 26.48, 26.48, 26.48, 26.47, 26.47, 26.42, 26.43, 26.4, 26.36, 26.32, 26.2, 26.17, 26.14, 26.13, 26.13, 26.13], [26.49, 26.49, 26.49, 26.49, 26.48, 26.48, 26.48, 26.48, 26.48, 26.45, 26.47, 26.42, 26.38, 26.34, 26.22, 26.19, 26.17, 26.15, 26.15, 26.14], [26.49, 26.49, 26.49, 26.49, 26.49, 26.48, 26.48, 26.48, 26.41, 26.44, 26.46, 26.42, 26.38, 26.35, 26.23, 26.2, 26.18, 26.17, 26.16, 26.16], [26.49, 26.49, 26.49, 26.49, 26.49, 26.48, 26.48, 26.48, 26.4, 26.42, 26.42, 26.4, 26.38, 26.35, 26.24, 26.22, 26.2, 26.18, 26.17, 26.17], [26.49, 26.49, 26.49, 26.49, 26.49, 26.49, 26.49, 26.39, 26.39, 26.4, 26.4, 26.39, 26.37, 26.35, 26.25, 26.22, 26.21, 26.19, 26.18, 26.18]]}]