gis_exercise/awsData/contour/wdir_2023090416.json
[{"header": {"refTime": "2023-09-04T16:00:00.000Z", "nx": 21, "ny": 33, "lo1": 113.509, "la1": 22.2235, "lo2": 113.5947, "la2": 22.1034, "dx": 0.0042850000000001385, "dy": 0.003753125000000024, "parameterCategory": 2, "parameterCategoryName": "Temperature", "parameterNumber": 2}, "data": [-1.96, -1.96, -1.97, -1.86, -1.87, -1.48, -1.5, -1.52, -1.5, -1.2, -1.05, -0.9, -0.75, -0.68, -1.1, -1.16, -0.95, -1.02, -1.08, -1.11, -1.95, -1.96, -1.96, -1.97, -1.87, -1.88, -1.55, -1.62, -1.65, -1.32, -1.06, -0.84, -0.66, -0.59, -1.03, -0.87, -0.98, -1.07, -1.13, -1.17, -1.95, -1.95, -1.96, -1.97, -1.87, -1.88, -1.9, -1.71, -1.94, -1.42, -1.01, -0.71, -0.5, -0.46, -0.71, -0.89, -1.04, -1.14, -1.21, -1.23, -1.94, -1.95, -1.95, -1.96, -1.98, -1.88, -1.89, -1.92, -1.94, -1.27, -0.86, -0.48, -0.24, -0.13, -0.68, -0.93, -1.13, -1.26, -1.32, -1.32, -1.93, -1.94, -1.94, -1.95, -1.97, -1.87, -1.88, -1.88, -1.87, -1.03, -0.71, -0.07, 0.29, -0.05, -0.7, -1.04, -1.3, -1.44, -1.46, -1.43, -1.92, -1.93, -1.93, -1.94, -1.96, -1.98, -1.88, -1.88, -1.84, -1.75, -0.52, -0.27, 0.0, -0.53, -0.82, -1.21, -1.57, -1.72, -1.65, -1.54, -2.45, -1.91, -1.92, -1.92, -1.94, -1.96, -1.79, -1.93, -1.89, -1.48, -1.32, -0.63, -0.9, -0.95, -0.98, -1.39, -1.94, -2.14, -2.11, -1.99, -2.45, -2.43, -2.39, -2.51, -2.49, -1.73, -1.79, -1.93, -2.02, -1.47, -1.22, -1.38, -1.45, -1.32, -2.14, -2.25, -2.38, -2.43, -2.36, -2.31, -2.46, -2.43, -2.39, -2.33, -2.42, -2.42, -2.5, -1.83, -2.33, -1.5, -1.55, -1.75, -2.16, -1.96, -2.19, -2.24, -2.31, -2.34, -2.32, -2.3, -3.1, -3.05, -2.97, -2.32, -2.19, -2.23, -2.47, -2.72, -2.67, -2.51, -1.73, -1.99, -2.35, -2.07, -2.23, -2.24, -2.27, -2.29, -2.29, -2.28, -3.11, -3.06, -2.98, -2.84, -2.54, -1.67, -2.8, -3.42, -3.26, -2.95, -2.91, -1.93, -2.03, -1.99, -2.24, -2.24, -2.25, -2.26, -2.26, -2.26, -3.14, -3.1, -3.05, -2.96, -2.81, -2.74, -3.2, -3.82, -4.07, -4.04, -3.13, -2.86, -2.75, -1.91, -2.23, -2.23, -2.23, -2.22, -2.21, -2.2, -3.18, -3.16, -3.14, -3.12, -3.15, -3.32, -3.6, -3.84, -4.0, -3.81, -3.9, -2.98, -2.84, -1.77, -1.73, -2.14, -2.13, -2.13, -2.13, -2.13, -3.22, -3.21, -3.22, -3.25, -3.34, -3.54, -3.82, -3.75, -3.77, -3.73, -3.91, -2.95, -2.75, -2.59, -1.61, -1.99, -2.0, -2.02, -2.04, -2.06, -3.25, -3.26, -3.28, -3.33, -3.41, -3.54, -3.64, -3.09, -2.91, -2.75, -2.6, -1.53, -2.55, -2.36, -2.25, -1.81, -1.86, -1.91, -1.95, -1.99, -3.28, -3.3, -1.7, -1.77, -1.85, -2.66, -2.61, -2.46, -2.3, -2.21, -1.26, -1.24, -1.2, -0.85, -0.9, -1.33, -1.36, -1.39, -1.34, -1.37, -1.54, -1.55, -1.55, -1.55, -2.28, -2.16, -1.95, -1.67, -1.5, -1.54, -0.88, -0.99, -1.04, -1.04, -0.66, -1.17, -1.25, -1.31, -1.36, -1.4, -1.45, -1.43, -1.4, -1.34, -1.95, -1.7, -1.29, -0.74, -0.45, -0.15, -0.45, -0.79, -0.92, -0.63, -0.9, -1.14, -1.25, -1.33, -1.38, -1.42, -1.37, -1.33, -1.27, -1.9, -1.69, -1.36, -0.81, 0.09, 1.01, 0.24, 0.17, -0.14, -0.29, -0.54, -1.12, -1.2, -1.3, -1.37, -1.41, -1.44, -1.29, -1.24, -1.16, -1.04, -0.88, -0.63, -0.25, 0.27, 0.84, 0.48, 0.11, -0.16, -0.23, -0.42, -1.26, -1.31, -1.37, -1.42, -1.45, -1.48, -1.23, -1.18, -1.1, -1.0, -0.85, -0.66, -0.42, -0.17, 0.34, 0.17, -0.05, -0.24, -0.2, -1.35, -1.37, -1.4, -1.43, -1.47, -1.5, -1.52, -1.2, -1.15, -1.08, -0.99, -0.88, -0.76, -0.63, -0.26, -0.07, -0.17, -0.28, -0.36, -1.12, -1.42, -1.44, -1.45, -1.48, -1.52, -1.55, -1.57, -1.18, -1.13, -1.08, -0.59, -0.57, -0.56, -0.58, -0.62, -0.69, -0.76, -0.8, -0.51, -1.64, -1.47, -1.49, -1.48, -1.45, -1.55, -1.62, -1.62, -0.7, -0.69, -0.7, -0.7, -0.72, -0.75, -0.81, -0.9, -1.03, -1.1, -1.07, -1.54, -1.64, -1.65, -1.64, -1.53, -1.24, -1.72, -1.73, -1.67, -0.76, -0.77, -0.78, -0.8, -0.84, -0.9, -0.98, -1.1, -1.28, -1.4, -1.27, -1.58, -1.53, -1.67, -1.68, -1.7, -1.84, -2.07, -1.81, -1.71, -0.81, -0.83, -0.86, -0.89, -0.94, -1.01, -1.1, -1.22, -1.35, -1.44, -1.63, -1.63, -1.58, -1.68, -1.71, -1.85, -1.91, -1.96, -1.78, -1.72, -0.86, -0.89, -0.92, -0.97, -1.02, -1.1, -1.19, -1.29, -1.39, -1.45, -1.72, -1.7, -1.65, -1.91, -1.89, -1.88, -1.9, -1.91, -1.91, -1.89, -0.9, -0.93, -0.97, -1.02, -1.09, -1.16, -1.26, -1.36, -1.49, -1.84, -1.87, -2.07, -2.09, -2.13, -1.92, -1.9, -1.9, -1.9, -1.9, -1.89, -0.94, -0.97, -1.02, -1.07, -1.13, -1.21, -1.31, -1.43, -1.58, -1.98, -2.16, -2.12, -2.11, -2.13, -1.94, -1.92, -1.91, -1.9, -1.9, -1.9, -0.97, -1.01, -1.05, -1.1, -1.17, -1.24, -1.34, -1.45, -2.07, -2.12, -2.15, -2.13, -2.12, -2.14, -1.95, -1.93, -1.92, -1.91, -1.9, -1.9, -0.99, -1.03, -1.07, -1.12, -1.18, -1.26, -1.34, -1.44, -2.08, -2.11, -2.12, -2.12, -2.12, -2.14, -1.96, -1.94, -1.93, -1.92, -1.91, -1.9, -1.01, -1.05, -1.09, -1.14, -1.19, -1.25, -1.33, -2.07, -2.08, -2.1, -2.11, -2.12, -2.12, -2.13, -1.96, -1.94, -1.93, -1.92, -1.91, -1.91]}, {"header": {"refTime": "2023-09-04T16:00:00.000Z", "nx": 21, "ny": 33, "lo1": 113.509, "la1": 22.2235, "lo2": 113.5947, "la2": 22.1034, "dx": 0.0042850000000001385, "dy": 0.003753125000000024, "parameterCategory": 2, "parameterCategoryName": "Temperature", "parameterNumber": 3}, "data": [-1.56, -1.54, -1.52, -1.45, -1.44, -1.11, -1.1, -1.09, -1.08, -1.16, -1.16, -1.15, -1.32, -1.34, -1.98, -2.12, -2.69, -2.78, -2.85, -2.9, -1.57, -1.55, -1.53, -1.51, -1.44, -1.41, -1.11, -1.1, -1.09, -1.15, -1.15, -1.14, -1.3, -1.32, -1.97, -2.58, -2.73, -2.84, -2.92, -2.97, -1.58, -1.57, -1.55, -1.52, -1.44, -1.41, -1.36, -1.1, -1.08, -1.14, -1.14, -1.11, -1.26, -1.29, -2.37, -2.6, -2.8, -2.94, -3.02, -3.06, -1.6, -1.59, -1.57, -1.55, -1.51, -1.44, -1.4, -1.33, -1.27, -1.17, -1.15, -1.07, -1.17, -1.42, -2.33, -2.66, -2.93, -3.09, -3.16, -3.17, -1.62, -1.61, -1.6, -1.58, -1.55, -1.47, -1.46, -1.44, -1.44, -1.24, -1.19, -1.34, -0.99, -1.35, -2.36, -2.8, -3.15, -3.33, -3.36, -3.31, -1.64, -1.64, -1.63, -1.62, -1.6, -1.57, -1.51, -1.52, -1.55, -1.6, -1.75, -1.55, -1.29, -1.92, -2.51, -3.03, -3.5, -3.7, -3.6, -3.46, -1.93, -1.67, -1.67, -1.67, -1.65, -1.63, -1.82, -1.57, -1.6, -1.98, -2.09, -1.94, -2.37, -2.38, -2.72, -3.26, -3.98, -4.25, -4.04, -3.84, -1.94, -1.94, -1.94, -1.91, -1.9, -1.89, -1.83, -1.72, -1.67, -1.97, -2.04, -2.8, -2.95, -2.77, -3.87, -4.11, -4.41, -4.52, -4.36, -4.25, -1.95, -1.95, -1.96, -1.96, -1.95, -1.93, -1.87, -1.8, -1.73, -1.99, -2.75, -3.09, -3.5, -3.31, -3.87, -4.05, -4.22, -4.3, -4.27, -4.21, -2.05, -2.06, -2.07, -1.99, -2.02, -2.02, -1.95, -1.87, -1.79, -1.82, -2.98, -3.29, -3.65, -3.39, -3.89, -3.99, -4.1, -4.17, -4.17, -4.15, -2.05, -2.06, -2.06, -2.08, -2.1, -2.18, -2.08, -2.02, -1.89, -1.84, -2.78, -3.22, -3.33, -3.3, -3.89, -3.96, -4.03, -4.08, -4.1, -4.1, -2.05, -2.05, -2.06, -2.07, -2.08, -2.08, -2.04, -1.98, -1.96, -2.41, -2.68, -3.07, -3.19, -3.21, -3.89, -3.94, -3.99, -4.31, -4.32, -4.33, -2.05, -2.05, -2.05, -2.05, -2.05, -2.04, -2.01, -1.99, -1.97, -1.99, -2.58, -2.96, -3.07, -3.63, -3.63, -4.22, -4.24, -4.26, -4.27, -4.28, -2.04, -2.04, -2.04, -2.04, -2.04, -2.02, -2.0, -2.0, -1.99, -2.0, -2.53, -3.2, -3.33, -3.41, -3.64, -4.17, -4.19, -4.21, -4.23, -4.24, -2.04, -2.04, -2.04, -2.04, -2.03, -2.02, -2.01, -1.35, -1.21, -1.09, -1.0, -1.66, -3.35, -3.43, -3.48, -4.1, -4.13, -4.16, -4.18, -4.2, -2.04, -2.04, -1.15, -1.16, -1.16, -1.1, -1.07, -0.97, -0.86, -0.79, -1.34, -1.65, -2.0, -2.8, -2.95, -3.81, -3.81, -3.8, -3.96, -3.97, -1.05, -1.04, -1.02, -0.99, -0.87, -0.8, -0.67, -0.5, -0.39, -0.41, -1.15, -1.61, -2.13, -2.67, -3.15, -3.63, -3.58, -3.53, -3.5, -3.48, -0.98, -0.95, -0.9, -0.83, -0.67, -0.52, -0.28, 0.05, 0.22, -0.39, -0.96, -1.53, -2.18, -3.09, -3.69, -3.65, -3.57, -3.52, -3.49, -3.47, -0.91, -0.86, -0.8, -0.63, -0.51, -0.31, 0.01, 0.54, 0.9, -0.02, -0.95, -1.62, -2.34, -2.89, -3.66, -3.61, -3.54, -3.5, -3.47, -3.45, -0.85, -0.79, -0.93, -0.84, -0.71, -0.51, -0.2, 0.26, 0.35, -0.31, -1.01, -1.58, -2.2, -2.62, -3.56, -3.53, -3.49, -3.46, -3.44, -3.42, -1.05, -1.01, -0.96, -0.89, -0.79, -0.64, -0.45, -0.24, -0.48, -0.8, -1.22, -1.62, -2.13, -3.5, -3.49, -3.46, -3.44, -3.42, -3.4, -3.4, -1.08, -1.05, -1.01, -0.97, -0.91, -0.84, -0.77, -0.38, -1.1, -1.28, -1.51, -1.73, -3.41, -3.45, -3.43, -3.41, -3.39, -3.38, -3.37, -3.37, -1.11, -1.1, -1.08, -0.55, -0.58, -0.62, -0.69, -0.81, -0.95, -1.04, -1.01, -1.83, -3.14, -3.42, -3.4, -3.38, -3.37, -3.34, -3.33, -3.34, -0.57, -0.59, -0.61, -0.65, -0.71, -0.8, -0.95, -1.17, -1.46, -1.6, -1.42, -2.32, -3.13, -3.17, -3.21, -3.35, -3.4, -3.28, -3.29, -3.32, -0.61, -0.63, -0.67, -0.72, -0.8, -0.92, -1.11, -1.41, -1.92, -2.34, -1.74, -2.25, -2.25, -3.16, -3.2, -3.22, -3.25, -3.18, -3.27, -3.31, -0.64, -0.67, -0.71, -0.77, -0.85, -0.97, -1.15, -1.43, -1.89, -2.26, -2.24, -2.08, -2.09, -3.15, -3.18, -2.75, -2.88, -2.9, -3.28, -3.31, -0.66, -0.69, -0.73, -0.79, -0.86, -0.96, -1.09, -1.25, -1.43, -1.45, -1.81, -1.77, -1.87, -2.08, -2.35, -2.56, -2.7, -2.75, -2.74, -2.71, -0.67, -0.7, -0.74, -0.79, -0.84, -0.91, -0.98, -1.03, -1.01, -1.34, -1.18, -1.29, -1.52, -1.72, -2.17, -2.39, -2.53, -2.6, -2.62, -2.62, -0.68, -0.71, -0.74, -0.77, -0.81, -0.85, -0.87, -0.84, -0.73, -0.79, -0.33, -0.93, -1.32, -1.59, -2.01, -2.23, -2.37, -2.46, -2.51, -2.53, -0.68, -0.7, -0.73, -0.75, -0.78, -0.79, -0.78, -0.74, -1.12, -0.75, -0.52, -0.9, -1.25, -1.51, -1.9, -2.1, -2.25, -2.35, -2.41, -2.44, -0.68, -0.7, -0.72, -0.73, -0.75, -0.75, -0.73, -0.69, -1.18, -0.99, -0.93, -1.07, -1.29, -1.49, -1.83, -2.02, -2.16, -2.26, -2.32, -2.37, -0.67, -0.69, -0.7, -0.72, -0.72, -0.72, -0.7, -1.38, -1.28, -1.18, -1.16, -1.24, -1.37, -1.51, -1.8, -1.96, -2.09, -2.18, -2.25, -2.3]}, {"header": {"refTime": "2023-09-04T16:00:00.000Z", "nx": 21, "ny": 33, "lo1": 113.509, "la1": 22.2235, "lo2": 113.5947, "la2": 22.1034, "dx": 0.0042850000000001385, "dy": 0.003753125000000024, "parameterCategory": 0, "parameterCategoryName": "Temperature", "parameterNumber": 0}, "data": [[33.62, 33.61, 33.61, 33.35, 33.35, 33.57, 33.57, 33.56, 33.57, 33.46, 33.46, 33.47, 33.76, 33.78, 33.71, 33.72, 33.88, 33.88, 33.88, 33.88], [33.62, 33.62, 33.61, 33.6, 33.35, 33.37, 33.56, 33.55, 33.55, 33.47, 33.47, 33.48, 33.77, 33.79, 33.72, 33.88, 33.88, 33.88, 33.88, 33.88], [33.63, 33.62, 33.62, 33.61, 33.35, 33.36, 33.38, 33.54, 33.51, 33.47, 33.47, 33.5, 33.78, 33.8, 33.88, 33.88, 33.88, 33.87, 33.87, 33.87], [33.63, 33.63, 33.62, 33.61, 33.6, 33.36, 33.37, 33.4, 33.42, 33.45, 33.47, 33.53, 33.8, 33.69, 33.87, 33.87, 33.87, 33.87, 33.87, 33.87], [33.64, 33.64, 33.63, 33.62, 33.61, 33.35, 33.36, 33.36, 33.35, 33.41, 33.45, 33.68, 33.76, 33.71, 33.88, 33.87, 33.87, 33.86, 33.86, 33.87], [33.65, 33.65, 33.64, 33.64, 33.63, 33.61, 33.35, 33.34, 33.32, 33.27, 33.54, 33.65, 33.73, 33.9, 33.88, 33.87, 33.86, 33.85, 33.85, 33.86], [33.72, 33.66, 33.66, 33.65, 33.65, 33.63, 33.45, 33.36, 33.33, 33.34, 33.32, 33.62, 33.97, 33.95, 33.9, 33.87, 33.84, 33.82, 33.8, 33.8], [33.73, 33.73, 33.73, 33.73, 33.72, 33.52, 33.48, 33.45, 33.47, 33.29, 33.09, 33.73, 33.74, 33.95, 33.91, 33.94, 33.88, 33.85, 33.89, 33.92], [33.67, 33.68, 33.75, 33.75, 33.76, 33.74, 33.69, 33.46, 33.31, 33.37, 33.36, 33.54, 33.62, 33.51, 33.92, 33.96, 33.92, 33.9, 33.91, 33.93], [33.9, 33.9, 33.9, 33.71, 33.74, 33.81, 33.76, 33.69, 33.16, 33.19, 33.63, 33.43, 33.49, 33.46, 33.92, 33.97, 33.94, 33.93, 33.93, 33.94], [33.9, 33.9, 33.9, 33.9, 33.9, 33.9, 33.9, 33.9, 33.76, 33.29, 32.9, 33.36, 33.41, 33.41, 33.92, 33.98, 33.96, 33.95, 33.95, 33.95], [33.9, 33.9, 33.9, 33.9, 33.9, 33.9, 33.9, 33.9, 33.9, -999.0, 32.9, 34.1, 34.1, 33.38, 33.91, 33.99, 33.98, 33.97, 33.97, 33.97], [33.9, 33.9, 33.9, 33.9, 33.9, 33.9, 33.9, 33.9, 33.9, 33.9, -999.0, 34.1, 34.1, 34.1, 34.1, 33.91, 33.91, 33.94, 33.94, 33.94], [33.9, 33.9, 33.9, 33.9, 33.9, 33.9, 33.9, 33.9, 33.9, 33.9, -999.0, 34.1, 34.1, 34.1, 34.1, 33.93, 33.93, 33.97, 33.96, 33.95], [33.9, 33.9, 33.9, 33.9, 33.9, 33.9, 33.9, 34.2, 34.2, 34.2, 34.2, 34.16, 34.1, 34.1, 34.1, 33.96, 33.95, 33.99, 33.98, 33.97], [33.9, 33.9, 34.09, 34.09, 34.1, 34.2, 34.2, 34.2, 34.2, 34.2, 34.14, 34.14, 34.13, 34.13, 34.14, 33.73, 33.68, 33.78, 33.75, 33.72], [34.09, 34.09, 34.01, 34.01, 34.2, 34.2, 34.2, 34.2, 34.2, 34.2, 34.16, 34.14, 34.13, 34.12, 34.0, 33.83, 33.74, 33.66, 33.61, 33.57], [34.01, 34.01, 34.02, 34.02, 34.2, 34.2, 34.2, 34.2, 34.2, 34.17, 34.16, 34.15, 34.13, 34.01, 34.08, 33.86, 33.73, 33.64, 33.58, 33.55], [34.01, 34.02, 34.02, 34.2, 34.2, 34.2, 34.2, 34.2, 34.19, 34.18, 34.08, 34.06, 33.95, 33.97, 33.88, 33.78, 33.67, 33.59, 33.54, 33.52], [34.02, 34.02, 33.91, 33.93, 33.95, 33.97, 34.01, 34.12, 34.14, 34.1, 34.06, 34.05, 33.91, 33.89, 33.7, 33.65, 33.58, 33.52, 33.49, 33.48], [33.9, 33.9, 33.91, 33.99, 34.0, 34.02, 34.04, 34.06, 34.07, 34.05, 34.03, 34.02, 33.86, 33.59, 33.57, 33.52, 33.47, 33.44, 33.43, 33.43], [33.97, 33.97, 33.97, 33.98, 33.98, 33.98, 33.99, 34.18, 34.0, 33.99, 33.99, 33.99, 33.65, 33.51, 33.47, 33.41, 33.37, 33.36, 33.37, 33.39], [33.96, 33.96, 33.96, 34.25, 34.23, 34.21, 34.19, 34.16, 34.13, 34.13, 34.15, 33.69, 33.38, 33.44, 33.39, 33.33, 33.27, 33.29, 33.32, 33.36], [34.28, 34.27, 34.27, 34.25, 34.24, 34.21, 34.18, 34.13, 34.06, 34.04, 34.1, 33.9, 33.39, 33.34, 33.29, 33.29, 33.17, 33.25, 33.3, 33.34], [34.29, 34.28, 34.28, 34.26, 34.25, 34.22, 34.18, 34.11, 33.98, 33.87, 34.05, 33.95, 33.92, 33.35, 33.3, 33.26, 33.27, 33.28, 33.3, 33.33], [34.3, 34.3, 34.29, 34.28, 34.27, 34.25, 34.21, 34.15, 34.02, 33.91, 33.98, 34.03, 34.0, 33.36, 33.31, 33.49, 33.41, 33.4, 33.32, 33.34], [34.31, 34.31, 34.31, 34.3, 34.3, 34.29, 34.27, 34.25, 34.22, 34.23, 34.18, 34.18, 34.12, 33.88, 33.72, 33.6, 33.52, 33.49, 33.49, 33.51], [34.32, 34.32, 34.32, 34.32, 34.33, 34.33, 34.34, 34.36, 34.42, 34.41, 34.49, 34.42, 34.29, 34.16, 33.83, 33.7, 33.62, 33.58, 33.56, 33.56], [34.33, 34.34, 34.34, 34.35, 34.36, 34.37, 34.4, 34.46, 34.56, 34.68, 34.91, 34.6, 34.39, 34.24, 33.92, 33.79, 33.71, 33.65, 33.63, 33.62], [34.34, 34.35, 34.36, 34.37, 34.38, 34.41, 34.45, 34.51, 34.51, 34.7, 34.81, 34.61, 34.42, 34.28, 33.98, 33.86, 33.78, 33.72, 33.69, 33.67], [34.35, 34.36, 34.37, 34.38, 34.4, 34.43, 34.47, 34.52, 34.47, 34.57, 34.6, 34.52, 34.4, 34.29, 34.02, 33.91, 33.83, 33.78, 33.74, 33.71], [34.36, 34.37, 34.38, 34.4, 34.41, 34.44, 34.47, 34.37, 34.42, 34.47, 34.48, 34.43, 34.36, 34.28, 34.04, 33.95, 33.87, 33.82, 33.78, 33.75]]}]