gis_exercise/awsData/contour/wdir_2023090821.json
[{"header": {"refTime": "2023-09-08T21:00:00.000Z", "nx": 21, "ny": 33, "lo1": 113.509, "la1": 22.2235, "lo2": 113.5947, "la2": 22.1034, "dx": 0.0042850000000001385, "dy": 0.003753125000000024, "parameterCategory": 2, "parameterCategoryName": "Temperature", "parameterNumber": 2}, "data": [-1.45, -1.43, -1.41, -1.36, -1.34, -1.63, -1.58, -1.53, -1.54, -1.68, -1.82, -1.96, -2.4, -2.48, -4.49, -4.79, -5.68, -5.84, -5.96, -6.04, -1.46, -1.44, -1.42, -1.39, -1.34, -1.3, -1.52, -1.41, -1.36, -1.56, -1.81, -2.02, -2.48, -2.56, -4.56, -5.51, -5.77, -5.97, -6.11, -6.18, -1.48, -1.46, -1.44, -1.41, -1.36, -1.32, -1.25, -1.31, -0.99, -1.46, -1.86, -2.14, -2.61, -2.67, -5.19, -5.58, -5.92, -6.17, -6.32, -6.37, -1.49, -1.48, -1.47, -1.44, -1.41, -1.35, -1.3, -1.21, -1.12, -1.62, -2.0, -2.35, -2.81, -3.0, -5.14, -5.7, -6.18, -6.48, -6.6, -6.6, -1.52, -1.51, -1.5, -1.48, -1.45, -1.4, -1.38, -1.35, -1.34, -1.86, -2.15, -3.0, -3.16, -3.04, -5.17, -5.95, -6.61, -6.97, -7.0, -6.89, -1.54, -1.54, -1.53, -1.52, -1.51, -1.49, -1.46, -1.47, -1.5, -1.54, -2.75, -2.93, -3.07, -3.84, -5.33, -6.34, -7.32, -7.74, -7.51, -7.18, -2.96, -1.57, -1.57, -1.57, -1.57, -1.55, -1.8, -1.56, -1.6, -2.08, -2.2, -2.82, -3.93, -4.05, -5.53, -6.74, -8.32, -8.9, -8.41, -7.95, -2.99, -2.94, -2.89, -2.9, -2.85, -1.84, -1.8, -1.74, -1.77, -2.04, -2.04, -3.46, -3.74, -4.31, -6.42, -7.41, -8.62, -9.06, -8.4, -7.96, -3.03, -2.98, -2.92, -2.83, -2.83, -2.8, -2.79, -1.78, -2.48, -2.1, -3.38, -4.04, -4.86, -4.47, -6.34, -7.09, -7.83, -8.16, -8.02, -7.78, -4.29, -4.21, -4.09, -2.87, -2.71, -2.68, -2.92, -3.17, -3.2, -3.07, -3.84, -4.44, -5.15, -4.63, -6.31, -6.83, -7.31, -7.58, -7.63, -7.55, -4.32, -4.24, -4.12, -3.91, -3.45, -2.12, -3.82, -4.72, -4.06, -3.74, -4.9, -4.3, -4.53, -4.46, -6.32, -6.67, -7.0, -7.23, -7.33, -7.33, -4.36, -4.31, -4.22, -4.09, -3.87, -3.76, -4.44, -5.27, -5.59, -6.08, -5.08, -5.36, -5.33, -4.29, -6.34, -6.59, -6.82, -7.35, -7.41, -7.43, -4.42, -4.39, -4.36, -4.35, -4.4, -4.68, -5.13, -5.37, -5.53, -5.28, -6.07, -5.39, -5.34, -4.86, -4.83, -6.82, -6.94, -7.05, -7.13, -7.19, -4.48, -4.48, -4.5, -4.55, -4.7, -5.05, -5.59, -5.31, -5.28, -5.2, -6.06, -5.71, -5.63, -5.57, -4.78, -6.53, -6.65, -6.77, -6.88, -6.97, -4.54, -4.56, -4.6, -4.67, -4.82, -5.03, -5.2, -5.03, -4.86, -4.71, -4.58, -4.15, -5.5, -5.41, -5.35, -6.21, -6.35, -6.51, -6.65, -6.77, -4.59, -4.61, -3.29, -3.38, -3.5, -4.65, -4.61, -4.48, -4.34, -4.25, -3.86, -3.96, -4.07, -4.19, -4.28, -4.71, -4.7, -4.69, -5.69, -5.78, -3.14, -3.17, -3.2, -3.23, -4.33, -4.23, -4.04, -3.8, -3.65, -3.68, -3.55, -3.79, -4.01, -4.22, -4.05, -4.11, -3.95, -3.82, -3.73, -3.66, -3.09, -3.1, -3.1, -3.08, -4.04, -3.83, -3.47, -3.0, -2.75, -2.79, -3.19, -3.63, -3.96, -4.01, -4.5, -4.17, -3.94, -3.79, -3.69, -3.62, -3.04, -3.03, -3.0, -4.0, -3.82, -3.53, -3.06, -2.29, -1.56, -2.41, -2.51, -2.95, -3.45, -3.84, -4.2, -4.03, -3.84, -3.71, -3.62, -3.57, -2.99, -2.97, -3.21, -3.12, -2.98, -2.78, -2.48, -2.06, -1.71, -2.09, -2.52, -2.89, -3.32, -3.59, -3.9, -3.81, -3.69, -3.59, -3.53, -3.5, -3.26, -3.21, -3.15, -3.06, -2.94, -2.78, -2.58, -2.37, -2.15, -2.34, -2.6, -2.87, -3.22, -3.72, -3.68, -3.6, -3.52, -3.46, -3.43, -3.42, -3.22, -3.17, -3.11, -3.03, -2.94, -2.82, -2.71, -1.75, -2.45, -2.56, -2.71, -2.88, -3.74, -3.57, -3.51, -3.44, -3.38, -3.34, -3.33, -3.34, -3.19, -3.14, -3.09, -1.75, -1.77, -1.81, -1.86, -1.92, -2.0, -2.03, -2.0, -2.63, -3.05, -3.46, -3.4, -3.33, -3.28, -3.23, -3.23, -3.26, -1.72, -1.73, -1.75, -1.78, -1.81, -1.87, -1.95, -2.08, -2.24, -2.31, -2.19, -2.59, -3.05, -3.05, -3.05, -3.25, -3.31, -3.07, -3.13, -3.2, -1.72, -1.74, -1.76, -1.79, -1.83, -1.9, -2.0, -2.17, -2.48, -2.73, -2.35, -2.53, -2.53, -3.04, -3.03, -3.02, -3.01, -2.87, -3.07, -3.17, -1.72, -1.74, -1.76, -1.79, -1.83, -1.89, -1.98, -2.14, -2.42, -2.65, -2.54, -2.4, -2.4, -3.03, -3.02, -2.63, -2.69, -2.69, -3.11, -3.18, -1.72, -1.73, -1.75, -1.77, -1.8, -1.85, -1.9, -1.98, -2.07, -2.07, -2.19, -2.15, -2.23, -2.17, -2.36, -2.5, -2.58, -2.61, -2.61, -2.59, -1.71, -1.72, -1.74, -1.75, -1.77, -1.78, -1.8, -1.79, -1.73, -1.81, -1.68, -1.67, -1.82, -1.93, -2.23, -2.38, -2.47, -2.52, -2.53, -2.53, -1.71, -1.71, -1.72, -1.72, -1.73, -1.72, -1.7, -1.64, -1.49, -1.37, -0.98, -1.41, -1.67, -1.84, -2.12, -2.27, -2.37, -2.43, -2.46, -2.47, -1.7, -1.7, -1.7, -1.7, -1.69, -1.67, -1.63, -1.55, -1.56, -1.28, -1.11, -1.38, -1.62, -1.79, -2.04, -2.18, -2.28, -2.35, -2.39, -2.42, -1.68, -1.68, -1.68, -1.67, -1.66, -1.63, -1.59, -1.52, -1.6, -1.46, -1.4, -1.5, -1.65, -1.77, -2.0, -2.13, -2.22, -2.29, -2.33, -2.36, -1.68, -1.67, -1.67, -1.66, -1.64, -1.61, -1.57, -1.74, -1.66, -1.59, -1.57, -1.61, -1.7, -1.79, -1.98, -2.09, -2.17, -2.24, -2.29, -2.32]}, {"header": {"refTime": "2023-09-08T21:00:00.000Z", "nx": 21, "ny": 33, "lo1": 113.509, "la1": 22.2235, "lo2": 113.5947, "la2": 22.1034, "dx": 0.0042850000000001385, "dy": 0.003753125000000024, "parameterCategory": 2, "parameterCategoryName": "Temperature", "parameterNumber": 3}, "data": [0.48, 0.5, 0.52, 0.79, 0.8, 0.82, 0.84, 0.85, 0.86, 0.94, 0.94, 0.94, 1.32, 1.34, 1.72, 1.82, 2.32, 2.38, 2.42, 2.46, 0.47, 0.49, 0.51, 0.53, 0.8, 0.81, 0.84, 0.87, 0.89, 0.95, 0.94, 0.94, 1.31, 1.33, 1.73, 2.24, 2.34, 2.42, 2.47, 2.5, 0.46, 0.47, 0.49, 0.52, 0.79, 0.8, 0.83, 0.88, 0.95, 0.95, 0.94, 0.94, 1.29, 1.32, 2.1, 2.25, 2.39, 2.48, 2.53, 2.56, 0.44, 0.45, 0.47, 0.49, 0.52, 0.79, 0.81, 0.84, 0.88, 0.94, 0.94, 0.93, 1.24, 1.28, 2.07, 2.3, 2.47, 2.58, 2.63, 2.63, 0.42, 0.43, 0.44, 0.46, 0.48, 0.76, 0.77, 0.78, 0.8, 0.93, 0.93, 1.22, 1.07, 1.25, 2.09, 2.39, 2.61, 2.73, 2.75, 2.72, 0.4, 0.4, 0.41, 0.42, 0.44, 0.46, 0.73, 0.72, 0.73, 0.76, 1.33, 1.32, 1.23, 1.71, 2.2, 2.54, 2.84, 2.97, 2.91, 2.82, 0.94, 0.37, 0.37, 0.37, 0.38, 0.4, 0.42, 0.64, 0.65, 1.04, 1.2, 1.54, 2.02, 2.0, 2.34, 2.69, 3.15, 3.32, 3.1, 2.94, 0.95, 0.91, 0.87, 0.87, 0.84, 0.34, 0.39, 0.44, 0.61, 1.0, 1.04, 2.12, 2.31, 2.22, 2.95, 3.14, 3.38, 3.46, 3.33, 3.25, 0.96, 0.92, 0.87, 0.8, 0.77, 0.77, 0.84, 0.41, 1.02, 1.06, 1.81, 2.21, 2.46, 2.34, 2.92, 3.07, 3.22, 3.29, 3.26, 3.21, 1.72, 1.65, 1.55, 0.79, 0.63, 0.58, 0.83, 1.1, 1.45, 1.4, 2.03, 2.27, 2.49, 2.36, 2.91, 3.02, 3.11, 3.17, 3.18, 3.16, 1.74, 1.68, 1.58, 1.41, 1.05, -0.01, 1.33, 2.04, 1.71, 1.77, 2.32, 2.21, 2.3, 2.29, 2.91, 2.98, 3.05, 3.1, 3.12, 3.12, 1.77, 1.73, 1.66, 1.56, 1.38, 1.3, 1.83, 2.46, 2.71, 3.01, 2.44, 2.79, 2.77, 2.23, 2.91, 2.97, 3.02, 2.51, 2.52, 2.52, 1.82, 1.8, 1.78, 1.76, 1.8, 2.03, 2.39, 2.56, 2.67, 2.48, 2.98, 2.82, 2.79, 2.01, 1.95, 2.27, 2.3, 2.33, 2.36, 2.38, 1.87, 1.87, 1.88, 1.93, 2.05, 2.33, 2.78, 2.53, 2.49, 2.42, 2.98, 2.23, 2.1, 1.99, 1.75, 2.04, 2.09, 2.15, 2.2, 2.24, 1.91, 1.93, 1.96, 2.02, 2.14, 2.31, 2.45, 2.75, 2.71, 2.67, 2.63, 1.74, 1.9, 1.76, 1.67, 1.78, 1.86, 1.96, 2.05, 2.12, 1.95, 1.97, 1.59, 1.66, 1.75, 2.64, 2.63, 2.59, 2.55, 2.53, 1.76, 1.6, 1.42, 1.18, 1.12, 1.31, 1.42, 1.53, 1.86, 1.96, 1.54, 1.57, 1.61, 1.66, 2.55, 2.52, 2.46, 2.39, 2.35, 2.36, 1.65, 1.49, 1.28, 1.03, 0.84, 0.56, 0.58, 0.6, 0.61, 0.61, 1.56, 1.58, 1.61, 1.65, 2.47, 2.4, 2.3, 2.16, 2.09, 1.65, 1.55, 1.43, 1.2, 0.85, 0.54, 0.55, 0.59, 0.61, 0.62, 0.62, 1.57, 1.59, 1.61, 2.45, 2.4, 2.31, 2.18, 1.95, 1.63, 1.62, 0.94, 0.78, 1.16, 0.98, 0.55, 0.58, 0.62, 0.64, 0.64, 0.63, 1.57, 1.59, 1.54, 1.54, 1.53, 1.51, 1.51, 1.52, 1.3, 1.09, 0.89, 0.76, 1.28, 1.19, 0.62, 0.64, 0.67, 0.67, 0.66, 0.64, 1.48, 1.47, 1.46, 1.44, 1.42, 1.4, 1.38, 1.38, 1.0, 0.9, 0.78, 0.7, 1.4, 0.66, 0.68, 0.72, 0.74, 0.72, 0.68, 0.65, 1.42, 1.4, 1.38, 1.35, 1.31, 1.27, 1.23, 0.68, 0.74, 0.69, 0.64, 0.6, 0.89, 0.69, 0.74, 0.81, 0.85, 0.79, 0.7, 0.64, 1.37, 1.34, 1.3, 0.53, 0.53, 0.52, 0.5, 0.47, 0.41, 0.37, 0.36, 1.02, 0.38, 0.71, 0.78, 0.91, 1.09, 0.87, 0.66, 0.6, 0.48, 0.48, 0.47, 0.46, 0.45, 0.42, 0.37, 0.29, 0.19, 0.14, 0.18, 0.49, 0.34, 0.48, 0.62, 0.91, 1.67, 0.6, 0.5, 0.53, 0.45, 0.44, 0.43, 0.41, 0.38, 0.34, 0.27, 0.17, 0.01, -0.11, 0.05, 0.4, 0.65, 0.43, 0.53, 0.59, 0.36, -0.12, 0.34, 0.47, 0.42, 0.41, 0.39, 0.37, 0.33, 0.29, 0.22, 0.12, -0.01, -0.11, 0.14, 0.36, 0.58, 0.38, 0.44, 0.48, 0.33, 0.23, 0.36, 0.45, 0.4, 0.39, 0.36, 0.34, 0.3, 0.26, 0.2, 0.13, 0.06, 0.03, 0.2, 0.34, 0.52, 0.41, 0.44, 0.43, 0.38, 0.34, 0.36, 0.39, 0.38, 0.36, 0.34, 0.31, 0.28, 0.24, 0.19, 0.14, 0.1, 0.17, 0.19, -0.25, -0.34, -0.43, 0.4, 0.4, 0.39, 0.38, 0.38, 0.4, 0.37, 0.35, 0.33, 0.3, 0.27, 0.23, 0.19, 0.15, 0.11, 0.15, -0.06, -0.19, -0.3, -0.4, 0.37, 0.39, 0.39, 0.39, 0.4, 0.41, 0.36, 0.34, 0.32, 0.29, 0.26, 0.23, 0.2, 0.16, -0.21, -0.14, -0.1, -0.19, -0.29, -0.37, 0.35, 0.37, 0.38, 0.39, 0.4, 0.41, 0.35, 0.33, 0.31, 0.29, 0.26, 0.23, 0.2, 0.17, -0.23, -0.2, -0.19, -0.24, -0.3, -0.37, 0.34, 0.36, 0.38, 0.39, 0.4, 0.41, 0.34, 0.32, 0.31, 0.29, 0.26, 0.24, 0.21, -0.28, -0.26, -0.25, -0.25, -0.28, -0.32, -0.37, 0.34, 0.36, 0.37, 0.39, 0.4, 0.4]}, {"header": {"refTime": "2023-09-08T21:00:00.000Z", "nx": 21, "ny": 33, "lo1": 113.509, "la1": 22.2235, "lo2": 113.5947, "la2": 22.1034, "dx": 0.0042850000000001385, "dy": 0.003753125000000024, "parameterCategory": 0, "parameterCategoryName": "Temperature", "parameterNumber": 0}, "data": [[25.52, 25.51, 25.51, 25.27, 25.28, 25.49, 25.49, 25.48, 25.49, 25.4, 25.42, 25.43, 25.63, 25.64, 25.71, 25.72, 25.81, 25.81, 25.81, 25.81], [25.52, 25.52, 25.51, 25.5, 25.28, 25.29, 25.48, 25.47, 25.46, 25.4, 25.42, 25.44, 25.64, 25.66, 25.72, 25.81, 25.81, 25.81, 25.82, 25.82], [25.53, 25.52, 25.52, 25.51, 25.28, 25.29, 25.3, 25.45, 25.41, 25.4, 25.43, 25.47, 25.67, 25.68, 25.8, 25.81, 25.81, 25.82, 25.82, 25.82], [25.53, 25.53, 25.52, 25.51, 25.5, 25.28, 25.29, 25.31, 25.33, 25.4, 25.43, 25.5, 25.7, 25.6, 25.8, 25.81, 25.82, 25.82, 25.83, 25.83], [25.54, 25.54, 25.53, 25.52, 25.51, 25.27, 25.28, 25.28, 25.28, 25.37, 25.42, 25.6, 25.72, 25.63, 25.8, 25.81, 25.83, 25.83, 25.83, 25.83], [25.55, 25.55, 25.54, 25.54, 25.53, 25.51, 25.27, 25.27, 25.25, 25.2, 25.43, 25.55, 25.65, 25.77, 25.8, 25.82, 25.84, 25.85, 25.84, 25.84], [25.62, 25.56, 25.56, 25.55, 25.55, 25.53, 25.37, 25.28, 25.26, 25.23, 25.2, 25.46, 25.74, 25.75, 25.8, 25.83, 25.86, 25.87, 25.88, 25.88], [25.63, 25.63, 25.63, 25.63, 25.62, 25.44, 25.4, 25.37, 25.36, 25.2, 25.03, 25.45, 25.46, 25.75, 25.83, 25.8, 25.85, 25.86, 25.84, 25.82], [25.57, 25.58, 25.65, 25.65, 25.66, 25.64, 25.59, 25.39, 25.24, 25.25, 25.21, 25.33, 25.38, 25.31, 25.82, 25.8, 25.82, 25.83, 25.83, 25.82], [25.8, 25.8, 25.8, 25.61, 25.64, 25.71, 25.66, 25.59, 25.12, 25.14, 25.39, 25.25, 25.3, 25.27, 25.82, 25.79, 25.8, 25.81, 25.81, 25.81], [25.8, 25.8, 25.8, 25.8, 25.8, 25.8, 25.8, 25.8, 25.66, 25.23, 24.9, 25.2, 25.24, 25.24, 25.82, 25.78, 25.79, 25.8, 25.8, 25.8], [25.8, 25.8, 25.8, 25.8, 25.8, 25.8, 25.8, 25.8, 25.8, -999.0, 24.9, 25.7, 25.7, 25.22, 25.82, 25.77, 25.78, 25.27, 25.29, 25.29], [25.8, 25.8, 25.8, 25.8, 25.8, 25.8, 25.8, 25.8, 25.8, 25.8, -999.0, 25.7, 25.7, 25.11, 25.37, 25.5, 25.51, 25.37, 25.39, 25.4], [25.8, 25.8, 25.8, 25.8, 25.8, 25.8, 25.8, 25.8, 25.8, 25.8, -999.0, 24.8, 24.8, 24.8, 25.29, 25.41, 25.43, 25.29, 25.32, 25.34], [25.8, 25.8, 25.8, 25.8, 25.8, 25.8, 25.8, 25.8, 25.8, 25.8, 25.8, 25.42, 24.8, 24.8, 24.8, 25.3, 25.34, 25.21, 25.25, 25.28], [25.8, 25.8, 25.8, 25.8, 25.8, 25.8, 25.8, 25.8, 25.8, 25.8, 25.17, 25.24, 25.15, 25.06, 25.16, 25.24, 25.31, 25.19, 25.41, 25.46], [25.8, 25.8, 25.8, 25.8, 25.8, 25.8, 25.8, 25.8, 25.8, 25.8, 25.37, 25.25, 25.12, 25.0, 25.05, 25.07, 25.17, 25.24, 25.29, 25.33], [25.8, 25.8, 25.8, 25.8, 25.8, 25.8, 25.8, 25.8, 25.8, 25.55, 25.41, 25.26, 25.11, 25.06, 24.84, 25.04, 25.18, 25.26, 25.32, 25.36], [25.8, 25.8, 25.8, 25.8, 25.8, 25.8, 25.8, 25.8, 25.71, 25.61, 25.51, 25.39, 25.29, 25.15, 25.02, 25.12, 25.24, 25.31, 25.36, 25.39], [25.8, 25.8, 25.8, 25.8, 25.8, 25.8, 25.8, 25.8, 25.71, 25.63, 25.53, 25.43, 25.37, 25.29, 25.2, 25.26, 25.33, 25.39, 25.42, 25.43], [25.8, 25.8, 25.8, 25.8, 25.8, 25.8, 25.8, 25.8, 25.64, 25.6, 25.54, 25.46, 25.44, 25.31, 25.34, 25.39, 25.44, 25.47, 25.48, 25.47], [25.8, 25.8, 25.8, 25.8, 25.8, 25.8, 25.8, 25.85, 25.63, 25.6, 25.56, 25.5, 25.51, 25.4, 25.45, 25.51, 25.55, 25.56, 25.54, 25.51], [25.8, 25.8, 25.8, 25.88, 25.87, 25.87, 25.86, 25.86, 25.86, 25.86, 25.86, 25.85, 25.75, 25.47, 25.52, 25.6, 25.68, 25.64, 25.58, 25.54], [25.89, 25.89, 25.88, 25.88, 25.88, 25.87, 25.87, 25.86, 25.85, 25.85, 25.86, 25.92, 25.75, 25.74, 25.74, 25.64, 25.84, 25.64, 25.59, 25.55], [25.89, 25.89, 25.89, 25.89, 25.88, 25.88, 25.88, 25.87, 25.85, 25.83, 25.86, 25.92, 25.95, 25.74, 25.73, 25.72, 25.6, 25.54, 25.57, 25.55], [25.89, 25.89, 25.89, 25.89, 25.89, 25.89, 25.89, 25.88, 25.86, 25.84, 25.9, 25.93, 25.95, 25.73, 25.72, 25.75, 25.7, 25.68, 25.56, 25.54], [25.9, 25.9, 25.9, 25.9, 25.9, 25.9, 25.9, 25.9, 25.9, 25.9, 25.94, 25.96, 25.97, 25.84, 25.8, 25.77, 25.74, 25.72, 25.73, 25.74], [25.9, 25.9, 25.9, 25.91, 25.91, 25.91, 25.92, 25.93, 25.94, 25.99, 26.0, 25.91, 25.86, 25.81, 25.82, 25.79, 25.77, 25.75, 25.75, 25.75], [25.91, 25.91, 25.91, 25.91, 25.92, 25.92, 25.93, 25.95, 25.97, 26.03, 26.05, 25.96, 25.89, 25.83, 25.84, 25.81, 25.79, 25.78, 25.77, 25.77], [25.91, 25.91, 25.91, 25.92, 25.92, 25.93, 25.94, 25.96, 25.94, 25.99, 26.02, 25.96, 25.9, 25.84, 25.86, 25.83, 25.81, 25.8, 25.79, 25.78], [25.91, 25.91, 25.92, 25.92, 25.93, 25.93, 25.95, 25.96, 25.92, 25.95, 25.95, 25.93, 25.89, 25.85, 25.87, 25.84, 25.82, 25.81, 25.8, 25.8], [25.91, 25.92, 25.92, 25.92, 25.93, 25.94, 25.95, 25.89, 25.9, 25.92, 25.92, 25.9, 25.87, 25.84, 25.87, 25.85, 25.83, 25.82, 25.81, 25.8]]}]