gis_exercise/awsData/contour/wdir_2023091107.json
[{"header": {"refTime": "2023-09-11T07:00:00.000Z", "nx": 21, "ny": 33, "lo1": 113.509, "la1": 22.2235, "lo2": 113.5947, "la2": 22.1034, "dx": 0.0042850000000001385, "dy": 0.003753125000000024, "parameterCategory": 2, "parameterCategoryName": "Temperature", "parameterNumber": 2}, "data": [-1.94, -1.95, -1.95, -1.88, -1.89, -2.17, -2.16, -2.15, -2.15, -1.99, -2.0, -2.01, -2.11, -2.11, -3.13, -3.25, -3.24, -3.31, -3.37, -3.4, -1.94, -1.94, -1.95, -1.96, -1.89, -1.91, -2.15, -2.13, -2.12, -2.0, -2.01, -2.02, -2.12, -2.13, -3.15, -3.18, -3.29, -3.38, -3.43, -3.47, -1.93, -1.94, -1.95, -1.96, -1.89, -1.91, -1.92, -2.12, -2.06, -2.01, -2.01, -2.04, -2.15, -2.15, -3.04, -3.21, -3.36, -3.47, -3.53, -3.55, -1.92, -1.93, -1.94, -1.95, -1.96, -1.9, -1.92, -1.94, -1.96, -1.99, -2.01, -2.08, -2.21, -2.03, -3.03, -3.27, -3.48, -3.61, -3.66, -3.66, -1.92, -1.92, -1.93, -1.94, -1.95, -1.9, -1.9, -1.91, -1.89, -1.93, -1.98, -2.06, -2.27, -2.07, -3.04, -3.37, -3.67, -3.84, -3.85, -3.79, -1.91, -1.91, -1.91, -1.92, -1.94, -1.96, -1.9, -1.9, -1.86, -1.79, -1.78, -1.95, -2.11, -2.78, -3.09, -3.54, -4.0, -4.19, -4.09, -3.93, -2.66, -1.89, -1.9, -1.9, -1.92, -1.94, -1.79, -1.93, -1.9, -1.66, -1.55, -1.75, -2.73, -2.9, -3.13, -3.72, -4.47, -4.75, -4.84, -4.72, -2.67, -2.64, -2.59, -2.63, -2.61, -1.74, -1.8, -1.92, -2.04, -1.64, -1.4, -2.23, -2.43, -3.11, -4.04, -4.39, -4.81, -4.96, -4.73, -4.58, -2.69, -2.65, -2.59, -2.52, -2.53, -2.53, -2.61, -1.83, -2.44, -1.68, -2.4, -2.91, -3.76, -3.35, -4.11, -4.33, -4.56, -4.66, -4.61, -4.53, -3.51, -3.44, -3.34, -2.5, -2.34, -2.32, -2.59, -2.89, -2.89, -2.72, -2.81, -3.38, -4.11, -3.55, -4.17, -4.27, -4.4, -4.48, -4.49, -4.46, -3.53, -3.47, -3.37, -3.18, -2.8, -1.67, -3.11, -3.88, -3.56, -3.25, -4.02, -3.24, -3.47, -3.38, -4.18, -4.24, -4.32, -4.37, -4.4, -4.39, -3.57, -3.52, -3.45, -3.34, -3.15, -3.06, -3.64, -4.35, -4.64, -5.07, -4.18, -4.2, -4.17, -3.22, -4.17, -4.21, -4.26, -4.69, -4.68, -4.67, -3.62, -3.6, -3.57, -3.56, -3.6, -3.83, -4.21, -4.43, -4.57, -4.36, -5.06, -4.24, -4.17, -3.56, -3.52, -4.55, -4.55, -4.56, -4.57, -4.58, -3.67, -3.67, -3.68, -3.73, -3.86, -4.14, -4.59, -4.38, -4.35, -4.29, -5.05, -4.57, -4.48, -4.39, -3.45, -4.36, -4.39, -4.42, -4.45, -4.48, -3.72, -3.74, -3.77, -3.83, -3.95, -4.13, -4.27, -3.85, -3.66, -3.48, -3.34, -2.75, -4.3, -4.19, -4.12, -4.15, -4.21, -4.28, -4.34, -4.39, -3.76, -3.78, -2.25, -2.33, -2.43, -3.42, -3.38, -3.23, -3.05, -2.96, -2.42, -2.52, -2.63, -2.76, -2.85, -3.4, -3.41, -3.42, -3.46, -3.49, -2.08, -2.1, -2.12, -2.13, -3.05, -2.93, -2.72, -2.44, -2.26, -2.3, -2.06, -2.32, -2.55, -2.75, -2.58, -2.78, -2.67, -2.58, -2.52, -2.47, -2.0, -2.0, -1.98, -1.94, -2.72, -2.47, -2.06, -1.51, -1.23, -1.23, -1.67, -2.14, -2.48, -2.54, -3.03, -2.82, -2.66, -2.56, -2.49, -2.44, -1.93, -1.9, -1.86, -2.67, -2.46, -2.13, -1.58, -0.69, 0.15, -0.79, -1.04, -1.52, -1.95, -2.37, -2.84, -2.73, -2.6, -2.5, -2.44, -2.41, -1.87, -1.82, -1.99, -1.88, -1.71, -1.46, -1.08, -0.55, -0.09, -0.57, -1.08, -1.49, -1.83, -2.13, -2.64, -2.57, -2.49, -2.42, -2.38, -2.36, -2.07, -2.02, -1.94, -1.84, -1.69, -1.5, -1.25, -1.0, -0.7, -0.93, -1.24, -1.52, -1.75, -2.51, -2.48, -2.43, -2.38, -2.34, -2.31, -2.3, -2.04, -1.99, -1.92, -1.83, -1.73, -1.6, -1.47, -0.74, -1.14, -1.28, -1.44, -1.6, -2.65, -2.41, -2.37, -2.32, -2.28, -2.25, -2.24, -2.25, -2.02, -1.98, -1.92, -0.91, -0.92, -0.94, -0.99, -1.06, -1.16, -1.22, -1.22, -1.53, -2.19, -2.33, -2.29, -2.24, -2.21, -2.18, -2.17, -2.2, -0.95, -0.96, -0.97, -0.99, -1.03, -1.09, -1.18, -1.33, -1.52, -1.62, -1.51, -2.06, -2.2, -2.15, -2.12, -2.19, -2.23, -2.07, -2.1, -2.16, -0.98, -1.0, -1.02, -1.06, -1.11, -1.19, -1.32, -1.52, -1.84, -2.1, -1.74, -2.04, -2.0, -2.15, -2.11, -2.07, -2.02, -1.93, -2.07, -2.13, -1.01, -1.03, -1.06, -1.1, -1.16, -1.25, -1.37, -1.55, -1.84, -2.06, -2.07, -1.96, -1.94, -2.15, -2.11, -1.84, -1.86, -1.85, -2.09, -2.14, -1.04, -1.06, -1.09, -1.13, -1.19, -1.26, -1.35, -1.47, -1.59, -1.62, -1.85, -1.81, -1.84, -1.64, -1.72, -1.78, -1.81, -1.82, -1.82, -1.82, -1.05, -1.08, -1.11, -1.15, -1.19, -1.25, -1.31, -1.36, -1.38, -1.62, -1.54, -1.52, -1.58, -1.62, -1.66, -1.73, -1.77, -1.79, -1.79, -1.8, -1.07, -1.09, -1.12, -1.15, -1.19, -1.23, -1.26, -1.28, -1.25, -1.36, -1.13, -1.36, -1.5, -1.57, -1.61, -1.68, -1.72, -1.75, -1.76, -1.77, -1.07, -1.1, -1.12, -1.15, -1.18, -1.2, -1.22, -1.22, -1.46, -1.3, -1.2, -1.34, -1.47, -1.54, -1.58, -1.64, -1.69, -1.72, -1.73, -1.74, -1.08, -1.1, -1.12, -1.14, -1.16, -1.18, -1.19, -1.19, -1.47, -1.39, -1.36, -1.41, -1.48, -1.54, -1.56, -1.62, -1.66, -1.69, -1.71, -1.72, -1.08, -1.1, -1.12, -1.13, -1.15, -1.17, -1.17, -1.55, -1.5, -1.46, -1.44, -1.46, -1.5, -1.54, -1.55, -1.6, -1.64, -1.67, -1.69, -1.7]}, {"header": {"refTime": "2023-09-11T07:00:00.000Z", "nx": 21, "ny": 33, "lo1": 113.509, "la1": 22.2235, "lo2": 113.5947, "la2": 22.1034, "dx": 0.0042850000000001385, "dy": 0.003753125000000024, "parameterCategory": 2, "parameterCategoryName": "Temperature", "parameterNumber": 3}, "data": [0.14, 0.12, 0.1, 0.05, 0.02, -0.0, -0.04, -0.07, -0.08, 0.0, 0.08, 0.15, 0.28, 0.33, 0.63, 0.7, 1.11, 1.14, 1.16, 1.18, 0.15, 0.13, 0.11, 0.08, 0.03, -0.01, -0.07, -0.14, -0.18, -0.07, 0.07, 0.17, 0.32, 0.36, 0.66, 1.08, 1.13, 1.16, 1.19, 1.2, 0.16, 0.15, 0.13, 0.1, 0.04, -0.0, -0.07, -0.2, -0.4, -0.12, 0.09, 0.22, 0.37, 0.41, 1.02, 1.09, 1.15, 1.2, 1.22, 1.23, 0.18, 0.17, 0.15, 0.13, 0.09, 0.03, -0.02, -0.12, -0.21, -0.03, 0.17, 0.31, 0.46, 0.66, 1.01, 1.11, 1.2, 1.25, 1.27, 1.27, 0.2, 0.2, 0.18, 0.17, 0.14, 0.09, 0.06, 0.03, 0.03, 0.14, 0.27, 0.65, 0.63, 0.66, 1.02, 1.16, 1.27, 1.33, 1.33, 1.32, 0.23, 0.22, 0.22, 0.21, 0.2, 0.18, 0.15, 0.17, 0.19, 0.22, 0.67, 0.67, 0.66, 0.8, 1.06, 1.23, 1.39, 1.45, 1.42, 1.37, 0.72, 0.26, 0.26, 0.26, 0.26, 0.25, 0.5, 0.27, 0.3, 0.57, 0.62, 0.71, 0.87, 0.87, 1.1, 1.3, 1.55, 1.64, 1.54, 1.46, 0.73, 0.72, 0.71, 0.63, 0.62, 0.53, 0.5, 0.46, 0.43, 0.56, 0.59, 0.87, 0.92, 0.94, 1.3, 1.44, 1.61, 1.68, 1.58, 1.52, 0.74, 0.73, 0.73, 0.71, 0.64, 0.63, 0.6, 0.49, 0.52, 0.57, 0.82, 0.94, 1.05, 0.99, 1.28, 1.39, 1.5, 1.55, 1.53, 1.49, 0.89, 0.88, 0.87, 0.73, 0.71, 0.65, 0.65, 0.64, 0.61, 0.6, 0.89, 0.98, 1.08, 1.01, 1.27, 1.35, 1.42, 1.46, 1.47, 1.46, 0.89, 0.89, 0.88, 0.85, 0.81, 0.68, 0.83, 0.89, 0.72, 0.67, 0.92, 0.96, 0.99, 0.99, 1.28, 1.33, 1.38, 1.41, 1.43, 1.43, 0.9, 0.9, 0.89, 0.88, 0.86, 0.84, 0.9, 0.92, 0.91, 1.03, 0.92, 1.03, 1.04, 0.96, 1.28, 1.32, 1.35, 1.13, 1.14, 1.14, 0.91, 0.91, 0.91, 0.91, 0.92, 0.96, 1.02, 0.96, 0.93, 0.93, 1.07, 1.01, 1.03, 0.76, 0.73, 0.99, 1.01, 1.03, 1.05, 1.06, 0.91, 0.92, 0.92, 0.93, 0.96, 1.02, 1.13, 1.01, 0.96, 0.95, 1.07, 0.74, 0.7, 0.66, 0.63, 0.86, 0.89, 0.93, 0.96, 0.98, 0.92, 0.93, 0.93, 0.95, 0.97, 1.0, 1.03, 0.64, 0.52, 0.43, 0.36, -0.05, 0.61, 0.55, 0.52, 0.72, 0.77, 0.82, 0.87, 0.91, 0.93, 0.93, 0.34, 0.36, 0.38, 0.46, 0.44, 0.36, 0.27, 0.22, -0.16, -0.14, -0.11, -0.02, 0.0, 0.52, 0.59, 0.67, 0.89, 0.95, 0.27, 0.26, 0.26, 0.25, 0.29, 0.24, 0.14, 0.02, -0.07, -0.05, -0.3, -0.22, -0.15, -0.09, 0.02, 0.2, 0.27, 0.32, 0.36, 0.38, 0.22, 0.2, 0.18, 0.14, 0.14, 0.03, -0.14, -0.38, -0.5, -0.52, -0.36, -0.29, -0.18, -0.0, 0.01, 0.18, 0.28, 0.34, 0.38, 0.4, 0.17, 0.15, 0.11, 0.11, 0.03, -0.12, -0.35, -0.73, -1.09, -0.7, -0.76, -0.59, -0.07, 0.02, 0.17, 0.24, 0.33, 0.38, 0.41, 0.43, 0.13, 0.1, -0.25, -0.29, -0.36, -0.47, -0.62, -0.83, -1.06, -0.91, -0.75, -0.61, -0.04, 0.07, 0.3, 0.35, 0.4, 0.44, 0.45, 0.46, -0.23, -0.25, -0.29, -0.33, -0.4, -0.48, -0.58, -0.69, -0.89, -0.81, -0.71, -0.62, 0.02, 0.39, 0.42, 0.46, 0.5, 0.51, 0.5, 0.49, -0.25, -0.28, -0.31, -0.36, -0.41, -0.47, -0.53, -0.73, -0.76, -0.72, -0.67, -0.61, 0.33, 0.46, 0.51, 0.57, 0.61, 0.59, 0.54, 0.51, -0.27, -0.3, -0.33, -0.6, -0.61, -0.62, -0.63, -0.62, -0.61, -0.59, -0.57, -0.18, 0.25, 0.51, 0.57, 0.67, 0.78, 0.68, 0.56, 0.51, -0.55, -0.56, -0.56, -0.56, -0.56, -0.56, -0.55, -0.54, -0.52, -0.51, -0.5, 0.19, 0.22, 0.36, 0.49, 0.69, 1.1, 0.57, 0.5, 0.49, -0.53, -0.53, -0.53, -0.52, -0.52, -0.51, -0.5, -0.48, -0.47, -0.47, -0.45, 0.14, 0.33, 0.33, 0.44, 0.52, 0.46, 0.24, 0.43, 0.47, -0.51, -0.51, -0.5, -0.49, -0.48, -0.46, -0.44, -0.43, -0.43, -0.44, -0.06, 0.13, 0.3, 0.29, 0.38, 0.53, 0.47, 0.42, 0.43, 0.46, -0.49, -0.48, -0.47, -0.46, -0.44, -0.42, -0.4, -0.37, -0.35, -0.32, 0.06, 0.17, 0.29, 0.48, 0.5, 0.5, 0.48, 0.47, 0.47, 0.49, -0.47, -0.46, -0.45, -0.43, -0.41, -0.38, -0.35, -0.31, -0.25, 0.11, 0.16, -0.06, -0.09, -0.13, 0.48, 0.49, 0.48, 0.48, 0.48, 0.49, -0.46, -0.44, -0.43, -0.41, -0.38, -0.35, -0.31, -0.25, -0.16, 0.19, 0.15, 0.02, -0.05, -0.1, 0.46, 0.47, 0.48, 0.48, 0.49, 0.49, -0.44, -0.43, -0.41, -0.39, -0.36, -0.33, -0.29, -0.23, -0.02, 0.06, 0.11, 0.03, -0.04, -0.08, 0.44, 0.46, 0.47, 0.48, 0.48, 0.49, -0.43, -0.42, -0.4, -0.38, -0.35, -0.32, -0.28, -0.23, -0.03, 0.01, 0.02, -0.0, -0.04, -0.08, 0.44, 0.46, 0.47, 0.48, 0.48, 0.49, -0.42, -0.41, -0.39, -0.37, -0.35, -0.32, -0.28, -0.07, -0.05, -0.03, -0.02, -0.04, -0.06, -0.08, 0.44, 0.45, 0.46, 0.47, 0.48, 0.48]}, {"header": {"refTime": "2023-09-11T07:00:00.000Z", "nx": 21, "ny": 33, "lo1": 113.509, "la1": 22.2235, "lo2": 113.5947, "la2": 22.1034, "dx": 0.0042850000000001385, "dy": 0.003753125000000024, "parameterCategory": 0, "parameterCategoryName": "Temperature", "parameterNumber": 0}, "data": [[26.25, 26.24, 26.24, 25.97, 25.98, 26.19, 26.19, 26.18, 26.19, 26.1, 26.12, 26.13, 26.31, 26.32, 26.35, 26.36, 26.41, 26.41, 26.41, 26.41], [26.25, 26.25, 26.24, 26.23, 25.98, 25.99, 26.18, 26.17, 26.16, 26.1, 26.12, 26.14, 26.32, 26.33, 26.36, 26.41, 26.41, 26.41, 26.41, 26.41], [26.26, 26.25, 26.24, 26.23, 25.98, 25.99, 26.0, 26.15, 26.11, 26.1, 26.13, 26.17, 26.34, 26.35, 26.42, 26.41, 26.41, 26.41, 26.41, 26.4], [26.27, 26.26, 26.25, 26.24, 26.23, 25.98, 25.99, 26.01, 26.03, 26.1, 26.13, 26.2, 26.38, 26.28, 26.42, 26.41, 26.41, 26.41, 26.4, 26.4], [26.28, 26.27, 26.26, 26.25, 26.24, 25.97, 25.98, 25.98, 25.98, 26.07, 26.12, 26.29, 26.41, 26.31, 26.42, 26.41, 26.41, 26.4, 26.4, 26.4], [26.29, 26.28, 26.28, 26.27, 26.26, 26.24, 25.97, 25.97, 25.95, 25.9, 26.1, 26.22, 26.33, 26.43, 26.41, 26.41, 26.4, 26.4, 26.4, 26.4], [26.38, 26.3, 26.3, 26.29, 26.28, 26.26, 26.1, 25.98, 25.96, 25.91, 25.88, 26.12, 26.39, 26.4, 26.4, 26.4, 26.4, 26.4, 26.42, 26.42], [26.39, 26.39, 26.39, 26.39, 26.38, 26.18, 26.13, 26.08, 26.06, 25.88, 25.72, 26.08, 26.09, 26.4, 26.36, 26.35, 26.37, 26.38, 26.37, 26.36], [26.31, 26.32, 26.41, 26.42, 26.42, 26.4, 26.34, 26.11, 25.94, 25.93, 25.87, 25.97, 26.02, 25.96, 26.36, 26.35, 26.36, 26.37, 26.36, 26.36], [26.6, 26.6, 26.6, 26.37, 26.4, 26.49, 26.43, 26.34, 25.82, 25.84, 26.03, 25.91, 25.95, 25.93, 26.36, 26.34, 26.35, 26.36, 26.36, 26.35], [26.6, 26.6, 26.6, 26.6, 26.6, 26.6, 26.6, 26.6, 26.42, 25.93, 25.6, 25.87, 25.9, 25.9, 26.36, 26.34, 26.35, 26.35, 26.35, 26.35], [26.6, 26.6, 26.6, 26.6, 26.6, 26.6, 26.6, 26.6, 26.6, -999.0, 25.6, 26.3, 26.3, 25.88, 26.36, 26.34, 26.34, 25.89, 25.9, 25.9], [26.6, 26.6, 26.6, 26.6, 26.6, 26.6, 26.6, 26.6, 26.6, 26.6, -999.0, 26.3, 26.3, 25.78, 26.01, 26.07, 26.08, 25.97, 25.98, 25.99], [26.6, 26.6, 26.6, 26.6, 26.6, 26.6, 26.6, 26.6, 26.6, 26.6, -999.0, 25.5, 25.5, 25.5, 25.94, 26.0, 26.01, 25.9, 25.92, 25.94], [26.6, 26.6, 26.6, 26.6, 26.6, 26.6, 26.6, 26.6, 26.6, 26.6, 26.6, 26.18, 25.5, 25.5, 25.5, 25.91, 25.94, 25.84, 25.87, 25.89], [26.6, 26.6, 26.6, 26.6, 26.6, 26.6, 26.6, 26.6, 26.6, 26.6, 25.91, 25.99, 25.88, 25.79, 25.89, 25.87, 25.92, 25.82, 26.01, 26.04], [26.6, 26.6, 26.6, 26.6, 26.6, 26.6, 26.6, 26.6, 26.6, 26.6, 26.13, 25.99, 25.85, 25.71, 25.74, 25.75, 25.84, 25.91, 25.96, 26.0], [26.6, 26.6, 26.6, 26.6, 26.6, 26.6, 26.6, 26.6, 26.6, 26.32, 26.17, 26.01, 25.84, 25.75, 25.54, 25.73, 25.85, 25.94, 25.99, 26.02], [26.6, 26.6, 26.6, 26.6, 26.6, 26.6, 26.6, 26.6, 26.5, 26.39, 26.28, 26.15, 25.98, 25.83, 25.71, 25.8, 25.91, 25.98, 26.03, 26.05], [26.6, 26.6, 26.6, 26.6, 26.6, 26.6, 26.6, 26.6, 26.5, 26.41, 26.3, 26.19, 26.05, 25.97, 25.88, 25.93, 26.0, 26.05, 26.08, 26.09], [26.6, 26.6, 26.6, 26.6, 26.6, 26.6, 26.6, 26.6, 26.43, 26.38, 26.31, 26.23, 26.12, 25.98, 26.01, 26.05, 26.1, 26.12, 26.13, 26.13], [26.6, 26.6, 26.6, 26.6, 26.6, 26.6, 26.6, 26.62, 26.41, 26.38, 26.33, 26.27, 26.18, 26.06, 26.1, 26.15, 26.19, 26.2, 26.19, 26.17], [26.6, 26.6, 26.6, 26.63, 26.62, 26.62, 26.62, 26.62, 26.62, 26.62, 26.62, 26.57, 26.45, 26.12, 26.17, 26.24, 26.3, 26.28, 26.23, 26.2], [26.63, 26.63, 26.63, 26.63, 26.63, 26.62, 26.62, 26.62, 26.62, 26.62, 26.62, 26.6, 26.45, 26.43, 26.41, 26.28, 26.41, 26.3, 26.25, 26.22], [26.63, 26.63, 26.63, 26.63, 26.63, 26.63, 26.63, 26.62, 26.62, 26.61, 26.62, 26.61, 26.6, 26.43, 26.4, 26.38, 26.28, 26.25, 26.24, 26.22], [26.63, 26.63, 26.63, 26.63, 26.63, 26.63, 26.63, 26.63, 26.62, 26.61, 26.61, 26.61, 26.61, 26.43, 26.4, 26.4, 26.37, 26.35, 26.23, 26.22], [26.63, 26.63, 26.63, 26.63, 26.63, 26.63, 26.63, 26.63, 26.63, 26.63, 26.63, 26.62, 26.62, 26.47, 26.44, 26.42, 26.39, 26.38, 26.39, 26.39], [26.63, 26.63, 26.63, 26.64, 26.64, 26.64, 26.64, 26.64, 26.65, 26.65, 26.65, 26.6, 26.56, 26.52, 26.46, 26.44, 26.42, 26.41, 26.4, 26.41], [26.64, 26.64, 26.64, 26.64, 26.64, 26.64, 26.64, 26.65, 26.66, 26.67, 26.67, 26.62, 26.58, 26.54, 26.48, 26.45, 26.44, 26.42, 26.42, 26.42], [26.64, 26.64, 26.64, 26.64, 26.64, 26.64, 26.65, 26.65, 26.61, 26.64, 26.66, 26.62, 26.58, 26.55, 26.49, 26.47, 26.45, 26.44, 26.43, 26.43], [26.64, 26.64, 26.64, 26.64, 26.64, 26.64, 26.65, 26.65, 26.6, 26.62, 26.62, 26.6, 26.58, 26.55, 26.5, 26.48, 26.46, 26.45, 26.44, 26.44], [26.64, 26.64, 26.64, 26.64, 26.64, 26.65, 26.65, 26.59, 26.59, 26.6, 26.6, 26.59, 26.57, 26.55, 26.5, 26.48, 26.47, 26.46, 26.45, 26.45]]}]