gis_exercise/awsData/contour/wdir_2023091306.json
[{"header": {"refTime": "2023-09-13T06:00:00.000Z", "nx": 21, "ny": 33, "lo1": 113.509, "la1": 22.2235, "lo2": 113.5947, "la2": 22.1034, "dx": 0.0042850000000001385, "dy": 0.003753125000000024, "parameterCategory": 2, "parameterCategoryName": "Temperature", "parameterNumber": 2}, "data": [-1.51, -1.51, -1.5, -1.69, -1.66, -1.88, -1.82, -1.76, -1.75, -1.74, -1.87, -1.99, -2.38, -2.45, -3.56, -3.75, -4.48, -4.57, -4.63, -4.68, -1.52, -1.51, -1.51, -1.5, -1.67, -1.61, -1.76, -1.63, -1.56, -1.64, -1.86, -2.04, -2.44, -2.52, -3.62, -4.38, -4.52, -4.64, -4.71, -4.76, -1.52, -1.52, -1.52, -1.51, -1.69, -1.63, -1.54, -1.53, -1.16, -1.55, -1.89, -2.14, -2.55, -2.61, -4.2, -4.42, -4.61, -4.75, -4.83, -4.86, -1.53, -1.53, -1.53, -1.53, -1.52, -1.69, -1.61, -1.48, -1.37, -1.69, -2.02, -2.32, -2.73, -2.9, -4.17, -4.49, -4.75, -4.92, -4.99, -4.99, -1.53, -1.54, -1.54, -1.55, -1.56, -1.76, -1.73, -1.69, -1.66, -1.9, -2.15, -2.9, -3.02, -2.93, -4.19, -4.62, -4.99, -5.19, -5.21, -5.14, -1.54, -1.54, -1.55, -1.56, -1.59, -1.63, -1.87, -1.89, -1.89, -1.88, -2.7, -2.85, -2.96, -3.67, -4.28, -4.84, -5.38, -5.61, -5.49, -5.31, -2.24, -1.54, -1.55, -1.57, -1.6, -1.67, -2.0, -2.07, -2.1, -2.38, -2.38, -2.77, -3.77, -3.88, -4.39, -5.06, -5.93, -6.25, -6.15, -5.94, -2.23, -2.2, -2.17, -2.97, -2.93, -1.85, -1.97, -2.17, -2.44, -2.33, -2.16, -3.38, -3.64, -4.13, -5.29, -5.73, -6.26, -6.45, -6.16, -5.97, -2.22, -2.19, -2.15, -2.09, -2.8, -2.81, -2.95, -2.04, -3.08, -2.41, -3.31, -3.91, -4.66, -4.3, -5.3, -5.61, -5.92, -6.06, -6.0, -5.9, -3.42, -3.34, -3.23, -2.04, -1.9, -2.42, -2.89, -3.4, -3.76, -3.58, -3.73, -4.27, -4.92, -4.45, -5.33, -5.51, -5.71, -5.82, -5.83, -5.8, -3.43, -3.35, -3.23, -3.02, -2.59, -1.28, -3.08, -4.23, -4.43, -4.29, -5.03, -4.15, -4.35, -4.29, -5.34, -5.46, -5.58, -5.67, -5.71, -5.71, -3.46, -3.39, -3.3, -3.15, -2.93, -2.84, -3.63, -5.02, -5.67, -5.87, -5.28, -5.42, -5.33, -4.14, -5.34, -5.42, -5.51, -5.54, -5.55, -5.55, -3.5, -3.46, -3.4, -3.35, -3.34, -3.49, -3.84, -4.79, -5.38, -4.89, -5.67, -5.51, -5.4, -4.27, -4.21, -5.25, -5.28, -5.32, -5.36, -5.38, -3.55, -3.53, -3.51, -3.51, -3.56, -3.66, -3.63, -4.21, -4.62, -4.61, -5.57, -5.43, -5.24, -5.08, -4.05, -4.98, -5.03, -5.1, -5.17, -5.22, -3.6, -3.59, -3.6, -3.62, -3.67, -3.75, -3.86, -4.05, -4.16, -4.15, -4.08, -3.82, -4.98, -4.78, -4.66, -4.66, -4.76, -4.88, -4.98, -5.06, -3.64, -3.65, -2.06, -2.12, -2.19, -3.7, -3.69, -3.68, -3.67, -3.68, -3.57, -3.53, -3.47, -3.23, -3.26, -3.76, -3.83, -3.9, -4.24, -4.32, -1.98, -2.0, -2.02, -2.04, -3.54, -3.45, -3.32, -3.17, -3.09, -3.17, -3.19, -3.28, -3.29, -3.26, -2.91, -3.01, -2.98, -2.95, -2.93, -2.92, -1.96, -1.97, -1.97, -1.97, -3.34, -3.17, -2.9, -2.53, -2.35, -1.94, -2.19, -3.08, -3.17, -2.89, -3.07, -3.02, -2.98, -2.95, -2.93, -2.91, -1.93, -1.93, -1.92, -3.34, -3.19, -2.96, -2.58, -1.95, -1.25, -1.73, -1.83, -2.1, -2.64, -2.84, -3.03, -3.0, -2.96, -2.94, -2.92, -2.9, -1.91, -1.9, -2.14, -2.09, -2.02, -1.91, -1.74, -1.51, -1.35, -1.58, -1.83, -2.06, -2.61, -2.78, -2.98, -2.97, -2.95, -2.92, -2.9, -2.89, -2.17, -2.15, -2.11, -2.06, -2.0, -1.91, -1.8, -1.69, -1.61, -1.72, -1.88, -2.04, -2.61, -2.95, -2.95, -2.94, -2.93, -2.91, -2.89, -2.87, -2.15, -2.13, -2.09, -2.05, -2.0, -1.94, -1.88, -1.59, -1.79, -1.85, -1.94, -2.04, -2.97, -2.93, -2.93, -2.94, -2.94, -2.91, -2.87, -2.84, -2.14, -2.11, -2.09, -1.69, -1.69, -1.69, -1.7, -1.72, -1.75, -1.78, -1.78, -2.22, -2.57, -2.91, -2.92, -2.96, -3.02, -2.92, -2.83, -2.81, -1.72, -1.72, -1.72, -1.73, -1.74, -1.75, -1.78, -1.83, -1.88, -1.91, -1.89, -2.5, -2.54, -2.63, -2.71, -2.94, -3.28, -2.76, -2.73, -2.76, -1.74, -1.74, -1.75, -1.76, -1.78, -1.8, -1.84, -1.9, -1.98, -2.05, -1.97, -2.44, -2.58, -2.6, -2.67, -2.71, -2.64, -2.4, -2.65, -2.73, -1.76, -1.76, -1.77, -1.79, -1.81, -1.84, -1.87, -1.93, -2.0, -2.06, -2.3, -2.41, -2.53, -2.57, -2.62, -2.62, -2.56, -2.52, -2.67, -2.72, -1.77, -1.78, -1.79, -1.81, -1.83, -1.86, -1.89, -1.93, -1.97, -1.99, -2.3, -2.37, -2.48, -2.5, -2.55, -2.57, -2.56, -2.55, -2.56, -2.57, -1.78, -1.79, -1.81, -1.82, -1.84, -1.87, -1.9, -1.93, -1.96, -2.25, -2.25, -2.04, -2.03, -2.01, -2.51, -2.54, -2.55, -2.55, -2.56, -2.56, -1.79, -1.8, -1.82, -1.83, -1.85, -1.88, -1.9, -1.93, -1.96, -2.19, -2.05, -2.04, -2.03, -2.02, -2.47, -2.51, -2.53, -2.54, -2.55, -2.55, -1.8, -1.81, -1.82, -1.84, -1.86, -1.88, -1.9, -1.93, -2.05, -2.05, -2.05, -2.04, -2.03, -2.02, -2.45, -2.49, -2.51, -2.53, -2.54, -2.54, -1.81, -1.82, -1.83, -1.84, -1.86, -1.88, -1.9, -1.92, -2.04, -2.04, -2.04, -2.04, -2.03, -2.02, -2.44, -2.47, -2.5, -2.51, -2.53, -2.53, -1.81, -1.82, -1.83, -1.84, -1.86, -1.88, -1.89, -2.04, -2.04, -2.04, -2.04, -2.03, -2.03, -2.02, -2.43, -2.46, -2.49, -2.5, -2.52, -2.53]}, {"header": {"refTime": "2023-09-13T06:00:00.000Z", "nx": 21, "ny": 33, "lo1": 113.509, "la1": 22.2235, "lo2": 113.5947, "la2": 22.1034, "dx": 0.0042850000000001385, "dy": 0.003753125000000024, "parameterCategory": 2, "parameterCategoryName": "Temperature", "parameterNumber": 3}, "data": [0.49, 0.48, 0.48, 0.51, 0.5, 0.79, 0.77, 0.75, 0.76, 0.86, 0.95, 1.04, 1.38, 1.44, 1.44, 1.46, 1.87, 1.86, 1.85, 1.85, 0.49, 0.48, 0.48, 0.47, 0.5, 0.49, 0.73, 0.68, 0.65, 0.79, 0.95, 1.08, 1.43, 1.49, 1.48, 1.87, 1.86, 1.85, 1.85, 1.84, 0.49, 0.49, 0.48, 0.48, 0.5, 0.49, 0.48, 0.62, 0.44, 0.73, 0.98, 1.16, 1.53, 1.57, 1.89, 1.87, 1.86, 1.85, 1.84, 1.84, 0.49, 0.49, 0.49, 0.48, 0.48, 0.5, 0.49, 0.46, 0.44, 0.82, 1.06, 1.31, 1.67, 1.72, 1.89, 1.87, 1.85, 1.84, 1.83, 1.83, 0.5, 0.5, 0.49, 0.49, 0.49, 0.51, 0.51, 0.5, 0.5, 0.94, 1.15, 1.73, 1.9, 1.76, 1.89, 1.86, 1.83, 1.82, 1.82, 1.82, 0.5, 0.5, 0.5, 0.5, 0.5, 0.49, 0.52, 0.53, 0.54, 0.56, 1.47, 1.65, 1.79, 1.89, 1.88, 1.84, 1.81, 1.79, 1.8, 1.81, 0.82, 0.51, 0.51, 0.51, 0.51, 0.5, 0.59, 0.54, 0.55, 0.87, 0.97, 1.52, 1.84, 1.84, 1.86, 1.82, 1.77, 1.75, 1.74, 1.75, 0.83, 0.82, 0.8, 0.63, 0.62, 0.59, 0.58, 0.57, 0.62, 0.84, 0.84, 1.52, 1.62, 1.79, 1.72, 1.72, 1.72, 1.72, 1.72, 1.72, 0.84, 0.83, 0.81, 0.79, 0.63, 0.62, 0.62, 0.58, 0.63, 0.89, 1.26, 1.48, 1.56, 1.52, 1.71, 1.71, 1.71, 1.71, 1.71, 1.71, 0.93, 0.92, 0.9, 0.8, 0.76, 0.62, 0.63, 0.64, 0.68, 0.69, 1.36, 1.47, 1.53, 1.51, 1.7, 1.71, 1.71, 1.71, 1.71, 1.71, 0.94, 0.93, 0.91, 0.88, 0.81, 0.61, 0.83, 0.91, 0.7, 0.72, 1.08, 1.44, 1.48, 1.48, 1.7, 1.7, 1.71, 1.71, 1.71, 1.71, 0.95, 0.95, 0.94, 0.92, 0.89, 0.87, 0.94, 0.93, 0.9, 1.15, 1.05, 1.43, 1.48, 1.46, 1.7, 1.7, 1.71, 1.26, 1.26, 1.26, 0.96, 0.96, 0.97, 0.97, 0.99, 1.06, 1.15, 1.02, 0.95, 0.97, 1.22, 1.38, 1.43, 1.26, 1.22, 1.16, 1.17, 1.18, 1.19, 1.19, 0.98, 0.98, 0.99, 1.01, 1.06, 1.17, 1.38, 1.14, 1.03, 1.0, 1.23, 0.9, 0.88, 0.85, 1.09, 1.04, 1.06, 1.09, 1.11, 1.13, 0.99, 1.0, 1.01, 1.03, 1.07, 1.14, 1.18, 1.38, 1.35, 1.35, 1.37, 0.93, 0.78, 0.74, 0.72, 0.9, 0.94, 0.99, 1.03, 1.07, 0.99, 1.0, 1.32, 1.34, 1.36, 1.44, 1.44, 1.45, 1.45, 1.44, 1.04, 0.94, 0.82, 0.85, 0.78, 0.92, 1.02, 1.12, 1.25, 1.32, 1.33, 1.34, 1.36, 1.38, 1.47, 1.49, 1.51, 1.54, 1.55, 1.54, 1.11, 0.95, 0.78, 0.59, 0.69, 0.7, 0.87, 1.0, 1.09, 1.16, 1.36, 1.37, 1.39, 1.42, 1.51, 1.54, 1.59, 1.66, 1.69, 1.5, 1.32, 0.98, 0.76, 0.69, 0.29, 0.64, 0.89, 1.04, 1.14, 1.2, 1.38, 1.39, 1.41, 1.51, 1.54, 1.58, 1.65, 1.77, 1.84, 1.59, 1.29, 1.06, 1.12, 0.86, 0.61, 0.79, 0.99, 1.13, 1.21, 1.26, 1.39, 1.41, 1.56, 1.57, 1.6, 1.63, 1.68, 1.76, 1.69, 1.5, 1.29, 1.1, 1.26, 1.13, 0.93, 1.04, 1.16, 1.26, 1.31, 1.33, 1.54, 1.54, 1.55, 1.56, 1.58, 1.6, 1.63, 1.66, 1.47, 1.38, 1.25, 1.12, 1.4, 1.13, 1.18, 1.28, 1.36, 1.41, 1.42, 1.41, 1.53, 1.53, 1.53, 1.54, 1.55, 1.56, 1.56, 1.49, 1.34, 1.28, 1.21, 1.12, 1.26, 1.29, 1.38, 1.49, 1.57, 1.57, 1.52, 1.47, 1.52, 1.52, 1.52, 1.41, 1.41, 1.41, 1.4, 1.39, 1.37, 1.35, 1.34, 1.73, 1.57, 1.41, 1.51, 1.66, 1.82, 1.73, 1.59, 1.52, 1.38, 1.38, 1.38, 1.37, 1.37, 1.36, 1.34, 1.31, 1.27, 1.24, 1.26, 1.44, 1.54, 1.63, 1.73, 1.74, 2.18, 1.7, 1.58, 1.53, 1.36, 1.36, 1.35, 1.35, 1.34, 1.32, 1.29, 1.25, 1.19, 1.15, 1.2, 1.4, 1.53, 1.61, 1.69, 1.74, 1.59, 1.41, 1.52, 1.52, 1.35, 1.34, 1.34, 1.32, 1.31, 1.29, 1.26, 1.22, 1.17, 1.14, 1.26, 1.36, 1.48, 1.58, 1.64, 1.65, 1.62, 1.58, 1.51, 1.5, 1.34, 1.33, 1.32, 1.31, 1.29, 1.27, 1.24, 1.21, 1.18, 1.17, 1.26, 1.33, 1.43, 1.53, 1.58, 1.61, 1.61, 1.6, 1.61, 1.61, 1.33, 1.32, 1.31, 1.29, 1.28, 1.25, 1.23, 1.2, 1.18, 1.22, 1.22, 1.05, 1.05, 1.05, 1.53, 1.57, 1.59, 1.59, 1.6, 1.6, 1.32, 1.31, 1.3, 1.28, 1.27, 1.25, 1.22, 1.2, 1.16, 1.17, 1.05, 1.05, 1.05, 1.05, 1.5, 1.54, 1.56, 1.58, 1.59, 1.59, 1.31, 1.3, 1.29, 1.28, 1.26, 1.24, 1.22, 1.19, 1.05, 1.05, 1.05, 1.05, 1.05, 1.05, 1.47, 1.51, 1.54, 1.56, 1.57, 1.58, 1.3, 1.29, 1.28, 1.27, 1.26, 1.24, 1.22, 1.2, 1.05, 1.05, 1.05, 1.05, 1.05, 1.05, 1.46, 1.5, 1.52, 1.54, 1.56, 1.57, 1.3, 1.29, 1.28, 1.27, 1.26, 1.24, 1.22, 1.05, 1.05, 1.05, 1.05, 1.05, 1.05, 1.05, 1.45, 1.49, 1.51, 1.53, 1.55, 1.56]}, {"header": {"refTime": "2023-09-13T06:00:00.000Z", "nx": 21, "ny": 33, "lo1": 113.509, "la1": 22.2235, "lo2": 113.5947, "la2": 22.1034, "dx": 0.0042850000000001385, "dy": 0.003753125000000024, "parameterCategory": 0, "parameterCategoryName": "Temperature", "parameterNumber": 0}, "data": [[26.62, 26.61, 26.6, 26.39, 26.4, 26.59, 26.59, 26.59, 26.59, 26.57, 26.59, 26.61, 26.79, 26.81, 26.79, 26.8, 26.9, 26.9, 26.89, 26.89], [26.62, 26.62, 26.61, 26.6, 26.4, 26.41, 26.58, 26.57, 26.56, 26.56, 26.59, 26.63, 26.81, 26.83, 26.81, 26.91, 26.9, 26.89, 26.89, 26.89], [26.63, 26.62, 26.61, 26.6, 26.4, 26.4, 26.42, 26.55, 26.52, 26.55, 26.6, 26.65, 26.84, 26.85, 26.92, 26.91, 26.9, 26.89, 26.89, 26.88], [26.63, 26.63, 26.62, 26.61, 26.6, 26.4, 26.41, 26.43, 26.45, 26.56, 26.62, 26.7, 26.88, 26.82, 26.92, 26.9, 26.89, 26.88, 26.88, 26.88], [26.64, 26.64, 26.63, 26.62, 26.61, 26.39, 26.39, 26.4, 26.4, 26.55, 26.62, 26.82, 26.93, 26.84, 26.92, 26.9, 26.88, 26.87, 26.87, 26.87], [26.65, 26.65, 26.65, 26.64, 26.62, 26.6, 26.38, 26.38, 26.37, 26.35, 26.67, 26.77, 26.86, 26.97, 26.91, 26.89, 26.86, 26.85, 26.86, 26.86], [26.73, 26.67, 26.66, 26.66, 26.64, 26.62, 26.5, 26.37, 26.36, 26.41, 26.42, 26.7, 26.94, 26.95, 26.9, 26.87, 26.84, 26.83, 26.84, 26.85], [26.74, 26.75, 26.75, 26.74, 26.73, 26.58, 26.52, 26.45, 26.41, 26.38, 26.3, 26.68, 26.69, 26.95, 26.84, 26.85, 26.83, 26.82, 26.83, 26.84], [26.66, 26.67, 26.77, 26.78, 26.78, 26.76, 26.69, 26.5, 26.34, 26.42, 26.47, 26.57, 26.62, 26.56, 26.84, 26.85, 26.84, 26.83, 26.84, 26.84], [27.0, 27.0, 27.0, 26.72, 26.76, 26.86, 26.79, 26.69, 26.29, 26.3, 26.63, 26.51, 26.55, 26.53, 26.84, 26.86, 26.85, 26.84, 26.84, 26.85], [27.0, 27.0, 27.0, 27.0, 27.0, 27.0, 27.0, 27.0, 26.79, 26.33, 26.2, 26.47, 26.5, 26.5, 26.84, 26.86, 26.85, 26.85, 26.85, 26.85], [27.0, 27.0, 27.0, 27.0, 27.0, 27.0, 27.0, 27.0, 27.0, -999.0, 26.2, 26.9, 26.9, 26.48, 26.84, 26.86, 26.86, 26.35, 26.36, 26.36], [27.0, 27.0, 27.0, 27.0, 27.0, 27.0, 27.0, 27.0, 27.0, 27.0, -999.0, 26.9, 26.9, 26.31, 26.57, 26.51, 26.51, 26.42, 26.43, 26.44], [27.0, 27.0, 27.0, 27.0, 27.0, 27.0, 27.0, 27.0, 27.0, 27.0, -999.0, 26.0, 26.0, 26.0, 26.49, 26.44, 26.45, 26.35, 26.38, 26.39], [27.0, 27.0, 27.0, 27.0, 27.0, 27.0, 27.0, 27.1, 27.1, 27.1, 27.1, 26.68, 26.0, 26.0, 26.0, 26.37, 26.39, 26.3, 26.33, 26.35], [27.0, 27.0, 27.06, 27.06, 27.07, 27.1, 27.1, 27.1, 27.1, 27.1, 26.41, 26.49, 26.38, 26.29, 26.39, 26.37, 26.42, 26.32, 26.48, 26.51], [27.06, 27.06, 27.04, 27.04, 27.1, 27.1, 27.1, 27.1, 27.1, 27.1, 26.63, 26.49, 26.35, 26.21, 26.24, 26.27, 26.36, 26.44, 26.49, 26.53], [27.04, 27.04, 27.04, 27.04, 27.1, 27.1, 27.1, 27.1, 27.1, 26.82, 26.67, 26.51, 26.34, 26.25, 26.04, 26.24, 26.37, 26.46, 26.52, 26.55], [27.04, 27.04, 27.04, 27.1, 27.1, 27.1, 27.1, 27.1, 27.0, 26.89, 26.8, 26.67, 26.48, 26.33, 26.22, 26.32, 26.43, 26.51, 26.56, 26.58], [27.04, 27.04, 27.16, 27.15, 27.15, 27.15, 27.14, 27.12, 27.01, 26.93, 26.82, 26.71, 26.55, 26.47, 26.4, 26.45, 26.52, 26.58, 26.61, 26.62], [27.16, 27.16, 27.16, 27.14, 27.14, 27.14, 27.13, 27.13, 26.95, 26.91, 26.84, 26.76, 26.62, 26.51, 26.53, 26.58, 26.63, 26.66, 26.67, 26.67], [27.15, 27.15, 27.15, 27.14, 27.14, 27.14, 27.14, 27.17, 26.94, 26.92, 26.87, 26.81, 26.71, 26.59, 26.63, 26.69, 26.73, 26.74, 26.73, 26.71], [27.15, 27.15, 27.15, 27.19, 27.19, 27.18, 27.18, 27.18, 27.19, 27.19, 27.19, 27.12, 27.01, 26.66, 26.71, 26.77, 26.83, 26.81, 26.78, 26.74], [27.19, 27.19, 27.19, 27.19, 27.19, 27.19, 27.19, 27.19, 27.2, 27.2, 27.2, 27.18, 27.02, 26.99, 26.96, 26.81, 26.93, 26.85, 26.8, 26.76], [27.2, 27.2, 27.2, 27.2, 27.2, 27.2, 27.2, 27.2, 27.2, 27.2, 27.21, 27.18, 27.17, 26.99, 26.96, 26.94, 26.83, 26.82, 26.8, 26.77], [27.2, 27.2, 27.2, 27.2, 27.2, 27.21, 27.21, 27.21, 27.21, 27.21, 27.2, 27.19, 27.18, 26.99, 26.97, 26.96, 26.93, 26.92, 26.78, 26.76], [27.2, 27.2, 27.2, 27.21, 27.21, 27.21, 27.21, 27.22, 27.22, 27.22, 27.21, 27.21, 27.19, 27.04, 27.01, 26.98, 26.96, 26.95, 26.95, 26.96], [27.2, 27.21, 27.21, 27.21, 27.21, 27.22, 27.22, 27.23, 27.23, 27.24, 27.24, 27.2, 27.16, 27.12, 27.03, 27.0, 26.98, 26.97, 26.97, 26.97], [27.21, 27.21, 27.21, 27.21, 27.22, 27.22, 27.23, 27.23, 27.25, 27.26, 27.27, 27.22, 27.18, 27.14, 27.05, 27.02, 27.0, 26.99, 26.98, 26.98], [27.21, 27.21, 27.21, 27.22, 27.22, 27.22, 27.23, 27.24, 27.21, 27.24, 27.26, 27.22, 27.18, 27.15, 27.06, 27.04, 27.02, 27.0, 27.0, 26.99], [27.21, 27.21, 27.21, 27.22, 27.22, 27.22, 27.23, 27.24, 27.2, 27.22, 27.22, 27.2, 27.18, 27.15, 27.07, 27.05, 27.03, 27.02, 27.01, 27.0], [27.21, 27.21, 27.22, 27.22, 27.22, 27.23, 27.23, 27.19, 27.19, 27.2, 27.2, 27.19, 27.17, 27.15, 27.07, 27.05, 27.04, 27.03, 27.02, 27.01]]}]