gis_exercise/awsData/contour/wdir_2023090220.json
[{"header": {"refTime": "2023-09-02T20:00:00.000Z", "nx": 21, "ny": 33, "lo1": 113.509, "la1": 22.2235, "lo2": 113.5947, "la2": 22.1034, "dx": 0.0042850000000001385, "dy": 0.003753125000000024, "parameterCategory": 2, "parameterCategoryName": "Temperature", "parameterNumber": 2}, "data": [-2.61, -2.61, -2.61, -3.37, -3.33, -3.24, -3.19, -3.14, -3.14, -3.6, -3.8, -3.98, -4.06, -4.15, -6.1, -6.39, -7.31, -7.47, -7.58, -7.66, -2.61, -2.61, -2.62, -2.61, -3.33, -3.25, -3.13, -3.01, -2.94, -3.43, -3.77, -4.03, -4.14, -4.23, -6.18, -7.15, -7.4, -7.59, -7.72, -7.79, -2.61, -2.62, -2.62, -2.62, -3.35, -3.27, -3.14, -2.9, -2.53, -3.29, -3.82, -4.15, -4.29, -4.35, -6.84, -7.21, -7.54, -7.79, -7.92, -7.97, -2.61, -2.62, -2.62, -2.63, -2.63, -3.32, -3.22, -3.06, -2.9, -3.54, -4.02, -4.37, -4.51, -5.04, -6.8, -7.34, -7.79, -8.08, -8.2, -8.2, -2.61, -2.61, -2.62, -2.63, -2.65, -3.4, -3.36, -3.32, -3.33, -3.96, -4.28, -5.04, -5.04, -5.04, -6.83, -7.57, -8.2, -8.55, -8.58, -8.47, -2.6, -2.61, -2.62, -2.63, -2.65, -2.69, -3.48, -3.51, -3.6, -3.78, -5.06, -5.04, -5.04, -6.24, -6.98, -7.95, -8.89, -9.29, -9.07, -8.75, -5.29, -2.6, -2.61, -2.62, -2.65, -2.7, -3.48, -3.57, -3.67, -4.47, -4.74, -5.04, -6.4, -6.67, -7.16, -8.33, -9.85, -10.41, -10.48, -10.19, -5.33, -5.22, -5.08, -5.07, -4.98, -3.29, -3.4, -3.46, -3.6, -4.51, -4.99, -6.15, -6.41, -7.21, -9.19, -9.84, -10.61, -10.89, -10.48, -10.2, -5.39, -5.27, -5.1, -4.88, -4.81, -4.79, -4.94, -3.43, -5.37, -4.44, -6.65, -7.36, -8.75, -8.08, -9.3, -9.71, -10.15, -10.34, -10.25, -10.1, -7.97, -7.77, -7.46, -4.87, -4.4, -4.24, -5.0, -5.8, -6.85, -6.69, -7.27, -8.17, -9.39, -8.44, -9.41, -9.61, -9.86, -10.0, -10.02, -9.96, -8.04, -7.84, -7.54, -7.0, -5.85, -2.49, -6.76, -9.0, -7.81, -7.94, -9.86, -7.96, -8.31, -8.17, -9.44, -9.55, -9.69, -9.8, -9.84, -9.84, -8.15, -8.01, -7.8, -7.46, -6.91, -6.64, -8.34, -10.37, -11.16, -12.11, -10.24, -9.87, -9.72, -7.91, -9.42, -9.5, -9.6, -10.36, -10.35, -10.34, -8.3, -8.23, -8.16, -8.12, -8.25, -8.97, -10.12, -10.66, -11.01, -10.41, -12.0, -10.02, -9.82, -8.29, -8.22, -10.09, -10.1, -10.12, -10.14, -10.16, -8.46, -8.46, -8.5, -8.65, -9.04, -9.92, -11.34, -10.57, -10.44, -10.23, -12.01, -10.64, -10.38, -10.17, -8.09, -9.76, -9.8, -9.87, -9.93, -9.98, -8.6, -8.65, -8.75, -8.95, -9.32, -9.86, -10.31, -9.41, -8.87, -8.4, -8.02, -6.46, -10.04, -9.77, -9.6, -9.38, -9.48, -9.61, -9.72, -9.81, -8.72, -8.79, -4.87, -5.11, -5.42, -8.3, -8.18, -7.77, -7.31, -7.04, -5.62, -5.89, -6.18, -6.22, -6.47, -8.24, -8.31, -8.38, -8.52, -8.6, -4.41, -4.48, -4.55, -4.62, -7.3, -7.0, -6.44, -5.71, -5.24, -5.34, -4.69, -5.37, -5.98, -6.53, -6.32, -7.01, -6.85, -6.72, -6.62, -6.55, -4.24, -4.24, -4.21, -4.12, -6.44, -5.79, -4.73, -3.29, -2.55, -2.59, -3.75, -4.9, -5.81, -6.21, -7.31, -7.07, -6.84, -6.69, -6.58, -6.51, -4.06, -4.0, -3.9, -6.31, -5.77, -4.9, -3.49, -1.16, 1.03, -1.45, -2.23, -3.5, -4.82, -5.86, -7.11, -6.94, -6.75, -6.61, -6.52, -6.46, -3.9, -3.8, -4.83, -4.53, -4.07, -3.39, -2.37, -0.92, 0.3, -1.0, -2.36, -3.45, -4.59, -5.38, -6.82, -6.73, -6.61, -6.51, -6.44, -6.39, -5.06, -4.92, -4.71, -4.43, -4.05, -3.53, -2.86, -2.18, -1.38, -2.0, -2.83, -3.58, -4.47, -6.64, -6.61, -6.55, -6.47, -6.4, -6.34, -6.31, -4.99, -4.86, -4.68, -4.45, -4.17, -3.84, -3.5, -1.69, -2.65, -3.01, -3.44, -3.85, -7.18, -6.5, -6.46, -6.42, -6.38, -6.3, -6.24, -6.21, -4.96, -4.84, -4.7, -2.21, -2.24, -2.3, -2.42, -2.63, -2.9, -3.09, -3.08, -4.24, -6.19, -6.39, -6.36, -6.36, -6.41, -6.23, -6.11, -6.11, -2.32, -2.35, -2.39, -2.45, -2.55, -2.72, -2.99, -3.42, -3.95, -4.22, -3.92, -5.81, -6.19, -6.13, -6.11, -6.27, -6.78, -5.9, -5.9, -6.0, -2.43, -2.47, -2.54, -2.64, -2.79, -3.02, -3.38, -3.95, -4.86, -5.61, -4.58, -5.71, -5.72, -6.11, -6.05, -5.98, -5.7, -5.27, -5.75, -5.93, -2.52, -2.58, -2.66, -2.78, -2.95, -3.19, -3.54, -4.06, -4.87, -5.51, -5.7, -5.48, -5.5, -6.1, -6.01, -5.29, -5.29, -5.23, -5.8, -5.93, -2.59, -2.66, -2.75, -2.87, -3.03, -3.24, -3.51, -3.84, -4.19, -4.28, -5.11, -5.06, -5.19, -4.67, -4.93, -5.1, -5.17, -5.19, -5.19, -5.19, -2.64, -2.72, -2.8, -2.92, -3.05, -3.21, -3.39, -3.55, -3.62, -4.46, -4.24, -4.01, -4.16, -4.24, -4.74, -4.92, -5.03, -5.09, -5.11, -5.12, -2.68, -2.75, -2.83, -2.93, -3.04, -3.16, -3.26, -3.32, -3.27, -3.72, -2.98, -3.6, -3.95, -4.12, -4.58, -4.78, -4.91, -4.98, -5.03, -5.05, -2.71, -2.77, -2.85, -2.93, -3.01, -3.1, -3.16, -3.18, -3.86, -3.44, -3.18, -3.55, -3.86, -4.05, -4.47, -4.66, -4.8, -4.89, -4.94, -4.98, -2.73, -2.78, -2.85, -2.91, -2.98, -3.04, -3.08, -3.09, -3.89, -3.68, -3.59, -3.71, -3.89, -4.04, -4.41, -4.58, -4.71, -4.8, -4.87, -4.91, -2.73, -2.78, -2.84, -2.89, -2.95, -2.99, -3.02, -4.09, -3.97, -3.86, -3.81, -3.86, -3.96, -4.06, -4.38, -4.53, -4.65, -4.74, -4.81, -4.85]}, {"header": {"refTime": "2023-09-02T20:00:00.000Z", "nx": 21, "ny": 33, "lo1": 113.509, "la1": 22.2235, "lo2": 113.5947, "la2": 22.1034, "dx": 0.0042850000000001385, "dy": 0.003753125000000024, "parameterCategory": 2, "parameterCategoryName": "Temperature", "parameterNumber": 3}, "data": [-0.35, -0.32, -0.27, 0.53, 0.54, -0.1, -0.05, -0.0, -0.0, 0.2, 0.08, -0.03, -0.08, -0.12, 0.11, 0.2, 0.46, 0.54, 0.6, 0.65, -0.37, -0.34, -0.29, -0.24, 0.53, 0.55, 0.01, 0.12, 0.19, 0.27, 0.08, -0.09, -0.17, -0.2, 0.05, 0.36, 0.49, 0.59, 0.66, 0.7, -0.4, -0.37, -0.33, -0.27, 0.52, 0.53, 0.56, 0.22, 0.57, 0.33, 0.04, -0.21, -0.33, -0.33, 0.16, 0.37, 0.54, 0.66, 0.73, 0.77, -0.44, -0.42, -0.38, -0.33, -0.25, 0.51, 0.53, 0.57, 0.61, 0.25, -0.06, -0.43, -0.61, -0.4, 0.11, 0.42, 0.64, 0.78, 0.84, 0.86, -0.49, -0.47, -0.44, -0.4, -0.34, 0.47, 0.48, 0.5, 0.54, 0.17, -0.12, -0.51, -1.14, -0.53, 0.14, 0.53, 0.82, 0.97, 0.99, 0.97, -0.54, -0.53, -0.52, -0.49, -0.44, -0.38, 0.41, 0.4, 0.45, 0.56, 0.25, -0.17, -0.63, -0.13, 0.31, 0.73, 1.1, 1.25, 1.18, 1.08, -0.01, -0.6, -0.6, -0.59, -0.56, -0.51, -0.28, 0.25, 0.28, 0.71, 0.94, 0.49, 0.48, 0.44, 0.55, 0.94, 1.46, 1.65, 1.45, 1.29, -0.01, -0.06, -0.12, -0.31, -0.33, -0.51, -0.37, -0.23, -0.03, 0.73, 1.09, 1.41, 1.45, 0.88, 1.78, 1.85, 1.93, 1.96, 1.92, 1.89, 0.0, -0.06, -0.14, -0.24, -0.46, -0.43, -0.28, -0.31, 0.53, 0.69, 1.43, 1.54, 1.71, 1.63, 1.79, 1.83, 1.88, 1.9, 1.89, 1.87, 0.7, 0.62, 0.48, -0.29, -0.54, -0.77, -0.4, 0.0, 0.95, 0.98, 1.52, 1.63, 1.77, 1.67, 1.8, 1.82, 1.85, 1.86, 1.87, 1.86, 0.74, 0.65, 0.53, 0.29, -0.2, -1.63, 0.15, 1.04, 0.66, 1.24, 1.82, 1.6, 1.65, 1.63, 1.8, 1.81, 1.83, 1.84, 1.85, 1.85, 0.79, 0.73, 0.64, 0.5, 0.27, 0.15, 0.84, 1.55, 1.8, 2.29, 1.88, 1.87, 1.85, 1.6, 1.8, 1.81, 1.82, 1.29, 1.28, 1.27, 0.86, 0.83, 0.81, 0.8, 0.87, 1.21, 1.73, 1.76, 1.8, 1.61, 2.29, 1.89, 1.86, 1.02, 0.95, 1.12, 1.12, 1.13, 1.15, 1.16, 0.93, 0.93, 0.96, 1.03, 1.23, 1.67, 2.42, 1.87, 1.69, 1.58, 2.32, 1.3, 1.16, 1.04, 0.74, 0.89, 0.92, 0.96, 1.0, 1.04, 0.99, 1.02, 1.07, 1.17, 1.35, 1.61, 1.82, 1.57, 1.31, 1.12, 0.98, -0.21, 0.93, 0.78, 0.68, 0.63, 0.7, 0.79, 0.86, 0.92, 1.04, 1.08, -0.19, -0.08, 0.06, 1.18, 1.13, 0.96, 0.77, 0.66, -0.43, -0.44, -0.47, -0.53, -0.5, 0.84, 1.07, 1.29, 1.49, 1.64, -0.36, -0.33, -0.29, -0.25, 0.8, 0.69, 0.49, 0.22, 0.04, 0.06, -0.74, -0.64, -0.6, -0.59, -0.29, 0.01, 0.24, 0.42, 0.54, 0.62, -0.42, -0.41, -0.41, -0.42, 0.48, 0.25, -0.13, -0.65, -0.92, -1.14, -0.87, -0.81, -0.69, -0.34, -0.59, -0.06, 0.28, 0.49, 0.61, 0.68, -0.48, -0.49, -0.51, 0.43, 0.24, -0.07, -0.58, -1.41, -2.24, -1.51, -1.58, -1.32, -0.23, -0.18, -0.1, 0.15, 0.44, 0.62, 0.72, 0.77, -0.53, -0.56, -0.17, -0.28, -0.44, -0.68, -1.04, -1.55, -2.15, -1.84, -1.53, -1.3, -0.05, 0.14, 0.37, 0.52, 0.7, 0.81, 0.86, 0.86, -0.11, -0.16, -0.24, -0.34, -0.48, -0.67, -0.91, -1.15, -1.72, -1.57, -1.39, -1.24, 0.2, 0.65, 0.74, 0.89, 1.02, 1.06, 1.02, 0.96, -0.15, -0.2, -0.27, -0.36, -0.47, -0.6, -0.73, -1.22, -1.37, -1.29, -1.2, -1.13, 1.22, 0.88, 1.04, 1.25, 1.4, 1.33, 1.16, 1.03, -0.18, -0.23, -0.29, -0.95, -0.96, -0.97, -0.96, -0.92, -0.86, -0.8, -0.77, 0.41, 0.98, 1.04, 1.25, 1.6, 1.99, 1.62, 1.2, 1.04, -0.86, -0.86, -0.86, -0.85, -0.84, -0.81, -0.76, -0.68, -0.57, -0.51, -0.54, 1.18, 0.92, 1.14, 1.39, 1.68, 3.14, 1.24, 0.99, 0.96, -0.81, -0.8, -0.79, -0.77, -0.74, -0.69, -0.61, -0.51, -0.36, -0.24, -0.37, 1.03, 1.46, 1.06, 1.24, 1.34, 0.82, 0.02, 0.72, 0.87, -0.76, -0.75, -0.73, -0.69, -0.65, -0.59, -0.51, -0.42, -0.29, -0.21, 0.58, 0.96, 1.34, 0.97, 1.08, 1.14, 0.89, 0.71, 0.73, 0.83, -0.72, -0.7, -0.67, -0.63, -0.58, -0.52, -0.45, -0.36, -0.27, -0.22, 0.68, 0.92, 1.23, 1.04, 1.08, 1.06, 0.97, 0.91, 0.93, 0.99, -0.69, -0.66, -0.63, -0.59, -0.53, -0.47, -0.39, -0.3, -0.2, 0.63, 0.67, -0.1, -0.25, -0.41, 1.01, 1.02, 0.99, 0.97, 0.98, 1.01, -0.66, -0.63, -0.59, -0.55, -0.5, -0.43, -0.35, -0.26, -0.13, 0.59, 0.24, 0.01, -0.18, -0.34, 0.96, 0.99, 0.99, 0.99, 1.0, 1.02, -0.63, -0.6, -0.57, -0.52, -0.47, -0.41, -0.33, -0.24, -0.02, 0.09, 0.16, 0.01, -0.16, -0.31, 0.93, 0.96, 0.98, 1.0, 1.01, 1.02, -0.61, -0.58, -0.55, -0.51, -0.46, -0.4, -0.33, -0.25, -0.06, -0.01, 0.0, -0.07, -0.18, -0.3, 0.91, 0.95, 0.98, 0.99, 1.01, 1.02, -0.6, -0.57, -0.54, -0.5, -0.45, -0.4, -0.34, -0.15, -0.11, -0.09, -0.1, -0.14, -0.22, -0.31, 0.91, 0.94, 0.97, 0.99, 1.0, 1.02]}, {"header": {"refTime": "2023-09-02T20:00:00.000Z", "nx": 21, "ny": 33, "lo1": 113.509, "la1": 22.2235, "lo2": 113.5947, "la2": 22.1034, "dx": 0.0042850000000001385, "dy": 0.003753125000000024, "parameterCategory": 0, "parameterCategoryName": "Temperature", "parameterNumber": 0}, "data": [[26.84, 26.84, 26.83, 26.63, 26.64, 26.85, 26.85, 26.86, 26.87, 26.79, 26.78, 26.78, 26.94, 26.94, 26.91, 26.91, 26.9, 26.9, 26.89, 26.89], [26.84, 26.83, 26.83, 26.83, 26.64, 26.66, 26.85, 26.86, 26.87, 26.81, 26.79, 26.78, 26.94, 26.95, 26.92, 26.91, 26.9, 26.89, 26.89, 26.89], [26.84, 26.83, 26.83, 26.83, 26.64, 26.66, 26.69, 26.87, 26.89, 26.82, 26.79, 26.79, 26.95, 26.95, 26.92, 26.91, 26.9, 26.89, 26.89, 26.88], [26.84, 26.84, 26.83, 26.83, 26.83, 26.64, 26.67, 26.72, 26.76, 26.79, 26.78, 26.8, 26.96, 26.82, 26.92, 26.9, 26.89, 26.88, 26.88, 26.88], [26.84, 26.84, 26.83, 26.83, 26.82, 26.62, 26.63, 26.64, 26.64, 26.72, 26.74, 26.82, 26.93, 26.84, 26.92, 26.9, 26.88, 26.87, 26.87, 26.87], [26.84, 26.84, 26.84, 26.83, 26.82, 26.81, 26.59, 26.59, 26.57, 26.52, 26.67, 26.77, 26.86, 26.97, 26.91, 26.89, 26.86, 26.85, 26.86, 26.86], [26.82, 26.84, 26.84, 26.84, 26.83, 26.81, 26.6, 26.56, 26.53, 26.47, 26.46, 26.7, 26.94, 26.95, 26.9, 26.87, 26.84, 26.83, 26.84, 26.85], [26.83, 26.83, 26.83, 26.83, 26.82, 26.66, 26.62, 26.59, 26.57, 26.45, 26.31, 26.68, 26.69, 26.95, 26.84, 26.85, 26.83, 26.82, 26.83, 26.84], [26.77, 26.78, 26.85, 26.85, 26.86, 26.84, 26.79, 26.61, 26.47, 26.49, 26.47, 26.57, 26.62, 26.56, 26.84, 26.85, 26.84, 26.83, 26.84, 26.84], [27.0, 27.0, 27.0, 26.81, 26.84, 26.91, 26.86, 26.79, 26.37, 26.39, 26.63, 26.51, 26.55, 26.53, 26.84, 26.86, 26.85, 26.84, 26.84, 26.85], [27.0, 27.0, 27.0, 27.0, 27.0, 27.0, 27.0, 27.0, 26.86, 26.46, 26.2, 26.47, 26.5, 26.5, 26.84, 26.86, 26.85, 26.85, 26.85, 26.85], [27.0, 27.0, 27.0, 27.0, 27.0, 27.0, 27.0, 27.0, 27.0, -999.0, 26.2, 26.9, 26.9, 26.48, 26.84, 26.86, 26.86, 26.12, 26.13, 26.14], [27.0, 27.0, 27.0, 27.0, 27.0, 27.0, 27.0, 27.0, 27.0, 27.0, -999.0, 26.9, 26.9, 26.05, 26.42, 26.36, 26.37, 26.22, 26.25, 26.26], [27.0, 27.0, 27.0, 27.0, 27.0, 27.0, 27.0, 27.0, 27.0, 27.0, -999.0, 25.6, 25.6, 25.6, 26.31, 26.26, 26.28, 26.13, 26.16, 26.19], [27.0, 27.0, 27.0, 27.0, 27.0, 27.0, 27.0, 26.8, 26.8, 26.8, 26.8, 26.34, 25.6, 25.6, 25.6, 26.15, 26.19, 26.05, 26.09, 26.13], [27.0, 27.0, 26.87, 26.87, 26.87, 26.8, 26.8, 26.8, 26.8, 26.8, 26.04, 26.13, 26.01, 25.92, 26.03, 25.93, 25.98, 25.89, 26.16, 26.2], [26.87, 26.87, 26.93, 26.93, 26.8, 26.8, 26.8, 26.8, 26.8, 26.8, 26.28, 26.14, 25.98, 25.83, 25.84, 25.82, 25.9, 25.97, 26.01, 26.04], [26.93, 26.93, 26.92, 26.92, 26.8, 26.8, 26.8, 26.8, 26.8, 26.5, 26.33, 26.15, 25.97, 25.85, 25.64, 25.8, 25.91, 25.98, 26.03, 26.06], [26.92, 26.92, 26.92, 26.8, 26.8, 26.8, 26.8, 26.8, 26.69, 26.57, 26.44, 26.29, 26.09, 25.94, 25.78, 25.87, 25.96, 26.02, 26.06, 26.09], [26.92, 26.92, 26.74, 26.75, 26.75, 26.75, 26.76, 26.78, 26.68, 26.58, 26.45, 26.33, 26.16, 26.07, 25.93, 25.98, 26.04, 26.08, 26.11, 26.12], [26.74, 26.74, 26.74, 26.76, 26.76, 26.76, 26.77, 26.77, 26.59, 26.54, 26.46, 26.37, 26.22, 26.02, 26.05, 26.09, 26.13, 26.15, 26.16, 26.16], [26.75, 26.75, 26.75, 26.76, 26.76, 26.76, 26.76, 26.8, 26.56, 26.52, 26.47, 26.41, 26.25, 26.1, 26.13, 26.18, 26.22, 26.22, 26.21, 26.19], [26.75, 26.75, 26.75, 26.81, 26.81, 26.81, 26.8, 26.8, 26.79, 26.79, 26.79, 26.68, 26.49, 26.15, 26.19, 26.25, 26.31, 26.29, 26.25, 26.22], [26.82, 26.82, 26.82, 26.82, 26.81, 26.81, 26.8, 26.79, 26.78, 26.77, 26.78, 26.73, 26.49, 26.46, 26.43, 26.29, 26.41, 26.31, 26.26, 26.23], [26.82, 26.82, 26.82, 26.82, 26.82, 26.81, 26.8, 26.79, 26.76, 26.74, 26.77, 26.74, 26.72, 26.46, 26.42, 26.39, 26.28, 26.25, 26.25, 26.23], [26.83, 26.83, 26.82, 26.82, 26.82, 26.82, 26.81, 26.79, 26.77, 26.75, 26.75, 26.76, 26.75, 26.46, 26.43, 26.44, 26.4, 26.38, 26.24, 26.23], [26.83, 26.83, 26.83, 26.83, 26.83, 26.82, 26.82, 26.82, 26.81, 26.81, 26.79, 26.79, 26.77, 26.58, 26.52, 26.48, 26.44, 26.43, 26.43, 26.44], [26.83, 26.83, 26.83, 26.83, 26.83, 26.83, 26.84, 26.84, 26.85, 26.85, 26.86, 26.79, 26.74, 26.68, 26.56, 26.51, 26.48, 26.46, 26.46, 26.46], [26.83, 26.83, 26.84, 26.84, 26.84, 26.84, 26.85, 26.86, 26.88, 26.9, 26.94, 26.84, 26.77, 26.7, 26.59, 26.55, 26.51, 26.49, 26.49, 26.48], [26.84, 26.84, 26.84, 26.84, 26.84, 26.85, 26.86, 26.87, 26.82, 26.88, 26.91, 26.85, 26.78, 26.72, 26.61, 26.57, 26.54, 26.52, 26.51, 26.5], [26.84, 26.84, 26.84, 26.84, 26.85, 26.85, 26.86, 26.88, 26.81, 26.84, 26.84, 26.81, 26.77, 26.72, 26.63, 26.59, 26.56, 26.54, 26.53, 26.52], [26.84, 26.84, 26.84, 26.85, 26.85, 26.86, 26.86, 26.77, 26.79, 26.8, 26.8, 26.78, 26.75, 26.72, 26.63, 26.6, 26.58, 26.56, 26.54, 26.53]]}]