gis_exercise/awsData/contour/wdir_2023091106.json
[{"header": {"refTime": "2023-09-11T06:00:00.000Z", "nx": 21, "ny": 33, "lo1": 113.509, "la1": 22.2235, "lo2": 113.5947, "la2": 22.1034, "dx": 0.0042850000000001385, "dy": 0.003753125000000024, "parameterCategory": 2, "parameterCategoryName": "Temperature", "parameterNumber": 2}, "data": [-1.22, -1.22, -1.23, -1.25, -1.26, -1.78, -1.76, -1.74, -1.76, -1.86, -1.98, -2.1, -2.56, -2.63, -3.85, -4.02, -4.57, -4.65, -4.72, -4.75, -1.22, -1.22, -1.23, -1.23, -1.25, -1.26, -1.71, -1.65, -1.63, -1.78, -1.98, -2.16, -2.63, -2.7, -3.91, -4.49, -4.62, -4.73, -4.79, -4.83, -1.22, -1.22, -1.22, -1.23, -1.25, -1.26, -1.26, -1.58, -1.37, -1.71, -2.02, -2.28, -2.76, -2.81, -4.33, -4.53, -4.7, -4.83, -4.91, -4.93, -1.22, -1.22, -1.22, -1.22, -1.23, -1.25, -1.26, -1.26, -1.27, -1.81, -2.13, -2.48, -2.98, -2.94, -4.31, -4.59, -4.84, -5.0, -5.06, -5.06, -1.22, -1.22, -1.22, -1.22, -1.22, -1.25, -1.25, -1.25, -1.26, -1.94, -2.22, -2.97, -3.31, -3.02, -4.33, -4.72, -5.07, -5.26, -5.28, -5.21, -1.22, -1.22, -1.22, -1.22, -1.22, -1.22, -1.24, -1.24, -1.24, -1.25, -2.49, -2.8, -3.08, -3.8, -4.39, -4.92, -5.46, -5.68, -5.56, -5.37, -1.88, -1.21, -1.21, -1.21, -1.21, -1.21, -1.21, -1.22, -1.22, -1.55, -1.66, -2.52, -3.73, -3.88, -4.45, -5.13, -6.0, -6.32, -6.25, -6.05, -1.9, -1.87, -1.83, -1.96, -1.92, -1.21, -1.21, -1.2, -1.28, -1.5, -1.47, -2.98, -3.28, -4.04, -5.14, -5.64, -6.25, -6.47, -6.14, -5.92, -1.92, -1.89, -1.85, -1.79, -1.89, -1.88, -1.89, -1.2, -1.74, -1.58, -2.87, -3.57, -4.41, -4.0, -5.16, -5.51, -5.87, -6.02, -5.95, -5.84, -2.8, -2.74, -2.66, -1.81, -1.7, -1.76, -1.96, -2.17, -2.24, -2.15, -3.34, -3.97, -4.7, -4.17, -5.19, -5.4, -5.62, -5.75, -5.76, -5.72, -2.82, -2.76, -2.68, -2.53, -2.21, -1.29, -2.49, -3.15, -2.81, -2.62, -3.96, -3.82, -4.06, -3.99, -5.2, -5.33, -5.48, -5.58, -5.62, -5.62, -2.84, -2.8, -2.74, -2.65, -2.49, -2.42, -2.91, -3.57, -3.85, -4.48, -4.03, -4.5, -4.55, -3.82, -5.2, -5.29, -5.39, -5.48, -5.5, -5.49, -2.88, -2.86, -2.84, -2.82, -2.85, -3.02, -3.32, -3.59, -3.77, -3.56, -4.56, -4.45, -4.48, -4.06, -4.0, -5.17, -5.21, -5.25, -5.29, -5.32, -2.92, -2.92, -2.93, -2.96, -3.05, -3.25, -3.55, -3.48, -3.52, -3.47, -4.5, -4.38, -4.34, -4.28, -3.84, -4.88, -4.94, -5.02, -5.09, -5.14, -2.96, -2.97, -2.99, -3.04, -3.13, -3.25, -3.37, -3.44, -3.4, -3.34, -3.28, -2.99, -4.13, -4.04, -3.98, -4.55, -4.66, -4.78, -4.89, -4.98, -2.99, -3.01, -2.26, -2.31, -2.39, -3.24, -3.23, -3.18, -3.12, -3.09, -2.85, -2.87, -2.88, -3.19, -3.19, -3.4, -3.44, -3.48, -3.84, -3.91, -2.18, -2.2, -2.23, -2.26, -3.09, -3.04, -2.95, -2.83, -2.76, -2.79, -2.67, -2.75, -2.81, -2.85, -2.68, -2.64, -2.55, -2.48, -2.43, -2.39, -2.17, -2.18, -2.19, -2.2, -2.95, -2.84, -2.67, -2.42, -2.3, -2.21, -2.38, -2.66, -2.77, -2.67, -2.87, -2.67, -2.55, -2.46, -2.41, -2.37, -2.16, -2.16, -2.16, -2.94, -2.84, -2.7, -2.46, -2.06, -1.66, -2.03, -2.1, -2.28, -2.44, -2.6, -2.69, -2.6, -2.5, -2.42, -2.37, -2.34, -2.14, -2.14, -2.5, -2.45, -2.39, -2.29, -2.14, -1.93, -1.74, -1.92, -2.11, -2.27, -2.38, -2.5, -2.53, -2.48, -2.41, -2.36, -2.33, -2.3, -2.52, -2.5, -2.47, -2.43, -2.37, -2.29, -2.2, -2.1, -1.97, -2.05, -2.17, -2.28, -2.35, -2.43, -2.41, -2.37, -2.33, -2.29, -2.27, -2.26, -2.51, -2.49, -2.46, -2.42, -2.38, -2.33, -2.28, -1.82, -2.13, -2.18, -2.24, -2.3, -2.67, -2.35, -2.32, -2.29, -2.26, -2.23, -2.21, -2.21, -2.5, -2.48, -2.46, -1.82, -1.83, -1.85, -1.88, -1.92, -1.96, -1.98, -1.96, -2.24, -2.25, -2.29, -2.26, -2.24, -2.23, -2.18, -2.15, -2.17, -1.8, -1.8, -1.81, -1.83, -1.85, -1.88, -1.93, -2.0, -2.1, -2.14, -2.07, -2.22, -2.26, -2.2, -2.16, -2.19, -2.3, -2.06, -2.08, -2.13, -1.8, -1.81, -1.82, -1.84, -1.86, -1.9, -1.96, -2.06, -2.23, -2.38, -2.16, -2.2, -2.16, -2.2, -2.15, -2.1, -2.0, -1.87, -2.03, -2.1, -1.8, -1.81, -1.82, -1.84, -1.86, -1.89, -1.95, -2.04, -2.2, -2.34, -2.23, -2.12, -2.1, -2.2, -2.15, -1.88, -1.87, -1.86, -2.05, -2.1, -1.8, -1.8, -1.81, -1.83, -1.84, -1.87, -1.9, -1.95, -2.0, -1.99, -2.02, -1.99, -2.01, -1.73, -1.79, -1.83, -1.85, -1.85, -1.85, -1.85, -1.79, -1.8, -1.81, -1.81, -1.82, -1.83, -1.84, -1.84, -1.8, -1.81, -1.73, -1.66, -1.7, -1.71, -1.74, -1.79, -1.81, -1.83, -1.83, -1.84, -1.79, -1.79, -1.79, -1.8, -1.8, -1.8, -1.78, -1.75, -1.66, -1.56, -1.33, -1.53, -1.63, -1.68, -1.7, -1.75, -1.78, -1.8, -1.81, -1.82, -1.78, -1.78, -1.78, -1.78, -1.78, -1.77, -1.74, -1.69, -1.62, -1.48, -1.39, -1.51, -1.6, -1.65, -1.67, -1.72, -1.76, -1.78, -1.79, -1.8, -1.78, -1.77, -1.77, -1.77, -1.76, -1.74, -1.72, -1.68, -1.62, -1.55, -1.52, -1.56, -1.61, -1.65, -1.66, -1.7, -1.73, -1.76, -1.77, -1.78, -1.77, -1.77, -1.76, -1.76, -1.75, -1.73, -1.71, -1.69, -1.65, -1.61, -1.59, -1.6, -1.63, -1.66, -1.65, -1.69, -1.72, -1.74, -1.76, -1.77]}, {"header": {"refTime": "2023-09-11T06:00:00.000Z", "nx": 21, "ny": 33, "lo1": 113.509, "la1": 22.2235, "lo2": 113.5947, "la2": 22.1034, "dx": 0.0042850000000001385, "dy": 0.003753125000000024, "parameterCategory": 2, "parameterCategoryName": "Temperature", "parameterNumber": 3}, "data": [-0.11, -0.12, -0.14, 0.18, 0.13, -0.11, -0.17, -0.22, -0.23, -0.02, 0.09, 0.2, 0.85, 0.94, 0.21, 0.24, 1.48, 1.48, 1.48, 1.48, -0.1, -0.11, -0.13, -0.15, 0.14, 0.06, -0.21, -0.31, -0.37, -0.13, 0.07, 0.22, 0.87, 0.97, 0.25, 1.46, 1.46, 1.45, 1.45, 1.46, -0.08, -0.1, -0.11, -0.13, 0.16, 0.09, -0.04, -0.39, -0.68, -0.22, 0.1, 0.28, 0.91, 1.01, 1.43, 1.44, 1.43, 1.42, 1.42, 1.43, -0.07, -0.08, -0.09, -0.1, -0.13, 0.15, 0.05, -0.13, -0.29, -0.05, 0.22, 0.38, 0.93, 1.46, 1.41, 1.42, 1.4, 1.38, 1.38, 1.39, -0.05, -0.06, -0.06, -0.07, -0.08, 0.24, 0.2, 0.15, 0.14, 0.24, 0.4, 1.34, 0.92, 1.38, 1.42, 1.41, 1.35, 1.31, 1.32, 1.35, -0.04, -0.03, -0.03, -0.03, -0.03, -0.02, 0.35, 0.37, 0.43, 0.53, 1.75, 1.59, 1.32, 1.74, 1.51, 1.41, 1.25, 1.18, 1.24, 1.31, 0.6, -0.02, -0.01, 0.0, 0.02, 0.05, 0.65, 0.52, 0.59, 1.57, 1.83, 2.12, 2.34, 2.2, 1.67, 1.41, 1.09, 0.97, 0.93, 0.99, 0.6, 0.58, 0.56, 0.77, 0.75, 0.56, 0.61, 0.64, 0.85, 1.51, 1.6, 2.88, 3.06, 2.49, 2.27, 1.85, 1.34, 1.15, 1.43, 1.62, 0.6, 0.58, 0.55, 0.52, 0.7, 0.7, 0.76, 0.62, 1.08, 1.6, 2.28, 2.63, 2.58, 2.6, 2.3, 1.99, 1.67, 1.54, 1.59, 1.7, 1.07, 1.04, 0.98, 0.5, 0.43, 0.55, 0.73, 0.94, 1.37, 1.38, 2.39, 2.47, 2.42, 2.51, 2.3, 2.09, 1.89, 1.78, 1.76, 1.79, 1.08, 1.04, 0.99, 0.89, 0.69, 0.1, 0.89, 1.36, 1.34, 1.57, 2.0, 2.46, 2.47, 2.5, 2.3, 2.16, 2.02, 1.93, 1.89, 1.88, 1.1, 1.07, 1.03, 0.96, 0.86, 0.82, 1.15, 1.67, 1.9, 2.08, 2.04, 2.68, 2.69, 2.49, 2.29, 2.19, 2.1, 1.04, 1.01, 1.0, 1.12, 1.1, 1.08, 1.07, 1.07, 1.17, 1.35, 1.63, 1.81, 1.64, 2.04, 2.67, 2.69, 2.07, 2.01, 1.08, 1.03, 1.0, 0.98, 0.97, 1.14, 1.14, 1.14, 1.15, 1.19, 1.29, 1.39, 1.48, 1.57, 1.55, 2.0, 1.64, 1.54, 1.45, 1.77, 0.96, 0.95, 0.94, 0.94, 0.94, 1.17, 1.17, 1.18, 1.2, 1.24, 1.3, 1.37, 1.44, 1.45, 1.43, 1.39, 0.92, 1.37, 1.25, 1.17, 0.83, 0.84, 0.86, 0.88, 0.9, 1.19, 1.19, 0.62, 0.66, 0.7, 1.31, 1.3, 1.28, 1.26, 1.25, 0.86, 0.78, 0.68, 0.58, 0.55, 0.9, 1.0, 1.1, 0.81, 0.86, 0.58, 0.59, 0.61, 0.62, 1.22, 1.19, 1.13, 1.06, 1.02, 1.05, 0.72, 0.67, 0.57, 0.45, 0.36, 0.55, 0.69, 0.79, 0.87, 0.92, 0.58, 0.58, 0.59, 0.59, 1.14, 1.07, 0.95, 0.8, 0.72, 0.42, 0.43, 0.59, 0.51, 0.35, 0.18, 0.5, 0.7, 0.83, 0.91, 0.96, 0.57, 0.57, 0.57, 1.13, 1.07, 0.97, 0.82, 0.56, 0.24, 0.35, 0.18, 0.18, 0.5, 0.44, 0.48, 0.62, 0.79, 0.9, 0.97, 1.01, 0.56, 0.56, 0.59, 0.57, 0.54, 0.5, 0.43, 0.35, 0.18, 0.19, 0.18, 0.18, 0.58, 0.58, 0.74, 0.82, 0.93, 1.01, 1.05, 1.07, 0.59, 0.58, 0.56, 0.54, 0.51, 0.48, 0.43, 0.39, 0.19, 0.19, 0.19, 0.18, 0.67, 0.9, 0.94, 1.02, 1.09, 1.13, 1.14, 1.13, 0.57, 0.56, 0.54, 0.52, 0.49, 0.46, 0.43, 0.25, 0.19, 0.19, 0.19, 0.19, 0.77, 1.03, 1.1, 1.19, 1.26, 1.26, 1.22, 1.19, 0.56, 0.54, 0.52, 0.28, 0.28, 0.27, 0.27, 0.27, 0.27, 0.27, 0.27, 0.68, 1.02, 1.13, 1.21, 1.33, 1.45, 1.39, 1.28, 1.23, 0.29, 0.29, 0.29, 0.29, 0.29, 0.28, 0.28, 0.27, 0.27, 0.27, 0.28, 0.74, 0.99, 1.13, 1.27, 1.39, 1.72, 1.37, 1.28, 1.24, 0.3, 0.3, 0.3, 0.29, 0.29, 0.29, 0.29, 0.28, 0.26, 0.25, 0.28, 0.68, 0.85, 1.11, 1.23, 1.33, 1.3, 1.17, 1.24, 1.23, 0.3, 0.3, 0.3, 0.3, 0.3, 0.3, 0.3, 0.29, 0.28, 0.26, 0.51, 0.66, 0.81, 1.08, 1.18, 1.29, 1.28, 1.26, 1.23, 1.22, 0.31, 0.31, 0.31, 0.31, 0.31, 0.31, 0.31, 0.31, 0.31, 0.32, 0.57, 0.66, 0.77, 1.12, 1.19, 1.23, 1.25, 1.26, 1.26, 1.26, 0.31, 0.31, 0.31, 0.32, 0.32, 0.32, 0.33, 0.34, 0.35, 0.56, 0.58, 0.48, 0.51, 0.54, 1.13, 1.19, 1.22, 1.23, 1.24, 1.24, 0.31, 0.31, 0.32, 0.32, 0.33, 0.33, 0.34, 0.36, 0.38, 0.57, 0.5, 0.5, 0.51, 0.54, 1.09, 1.14, 1.18, 1.2, 1.21, 1.22, 0.32, 0.32, 0.32, 0.33, 0.33, 0.34, 0.35, 0.37, 0.48, 0.49, 0.5, 0.5, 0.51, 0.53, 1.06, 1.11, 1.15, 1.17, 1.19, 1.2, 0.32, 0.32, 0.33, 0.33, 0.34, 0.34, 0.36, 0.37, 0.49, 0.49, 0.5, 0.51, 0.52, 0.53, 1.04, 1.09, 1.12, 1.15, 1.17, 1.18, 0.32, 0.32, 0.33, 0.33, 0.34, 0.35, 0.36, 0.49, 0.49, 0.5, 0.5, 0.51, 0.52, 0.53, 1.03, 1.07, 1.11, 1.13, 1.15, 1.17]}, {"header": {"refTime": "2023-09-11T06:00:00.000Z", "nx": 21, "ny": 33, "lo1": 113.509, "la1": 22.2235, "lo2": 113.5947, "la2": 22.1034, "dx": 0.0042850000000001385, "dy": 0.003753125000000024, "parameterCategory": 0, "parameterCategoryName": "Temperature", "parameterNumber": 0}, "data": [[26.03, 26.02, 26.02, 25.79, 25.8, 25.97, 25.98, 25.98, 25.98, 25.91, 25.9, 25.9, 26.04, 26.04, 26.04, 26.04, 26.04, 26.04, 26.03, 26.03], [26.03, 26.03, 26.02, 26.02, 25.8, 25.81, 25.98, 25.98, 25.99, 25.92, 25.91, 25.91, 26.04, 26.05, 26.04, 26.04, 26.04, 26.03, 26.03, 26.03], [26.03, 26.03, 26.02, 26.02, 25.79, 25.81, 25.84, 25.98, 26.0, 25.93, 25.91, 25.91, 26.05, 26.05, 26.05, 26.04, 26.04, 26.03, 26.03, 26.03], [26.04, 26.03, 26.03, 26.02, 26.01, 25.8, 25.82, 25.86, 25.89, 25.91, 25.9, 25.93, 26.06, 25.94, 26.05, 26.04, 26.03, 26.03, 26.03, 26.03], [26.04, 26.04, 26.03, 26.03, 26.01, 25.78, 25.79, 25.8, 25.8, 25.85, 25.87, 25.94, 26.04, 25.96, 26.05, 26.04, 26.03, 26.03, 26.02, 26.02], [26.05, 26.04, 26.04, 26.03, 26.02, 26.0, 25.76, 25.76, 25.74, 25.7, 25.8, 25.9, 25.98, 26.07, 26.04, 26.03, 26.02, 26.02, 26.02, 26.02], [26.08, 26.05, 26.05, 26.05, 26.03, 26.01, 25.82, 25.74, 25.72, 25.65, 25.63, 25.83, 26.04, 26.05, 26.03, 26.03, 26.01, 26.01, 26.02, 26.02], [26.09, 26.09, 26.09, 26.09, 26.08, 25.9, 25.85, 25.8, 25.77, 25.63, 25.5, 25.82, 25.82, 26.05, 26.0, 26.0, 26.0, 26.0, 26.0, 26.0], [26.01, 26.02, 26.11, 26.12, 26.12, 26.1, 26.04, 25.83, 25.67, 25.67, 25.63, 25.72, 25.76, 25.7, 26.0, 26.0, 26.0, 26.0, 26.0, 26.0], [26.3, 26.3, 26.3, 26.07, 26.1, 26.19, 26.13, 26.04, 25.57, 25.59, 25.76, 25.66, 25.7, 25.68, 26.0, 26.0, 26.0, 26.0, 26.0, 26.0], [26.3, 26.3, 26.3, 26.3, 26.3, 26.3, 26.3, 26.3, 26.12, 25.66, 25.4, 25.63, 25.66, 25.66, 26.0, 26.0, 26.0, 26.0, 26.0, 26.0], [26.3, 26.3, 26.3, 26.3, 26.3, 26.3, 26.3, 26.3, 26.3, -999.0, 25.4, 26.0, 26.0, 25.64, 26.0, 26.0, 26.0, 25.55, 25.56, 25.56], [26.3, 26.3, 26.3, 26.3, 26.3, 26.3, 26.3, 26.3, 26.3, 26.3, -999.0, 26.0, 26.0, 25.48, 25.71, 25.71, 25.71, 25.62, 25.63, 25.64], [26.3, 26.3, 26.3, 26.3, 26.3, 26.3, 26.3, 26.3, 26.3, 26.3, -999.0, 25.2, 25.2, 25.2, 25.64, 25.64, 25.65, 25.55, 25.58, 25.59], [26.3, 26.3, 26.3, 26.3, 26.3, 26.3, 26.3, 26.6, 26.6, 26.6, 26.6, 26.06, 25.2, 25.2, 25.2, 25.57, 25.59, 25.5, 25.53, 25.55], [26.3, 26.3, 26.49, 26.49, 26.5, 26.6, 26.6, 26.6, 26.6, 26.6, 25.72, 25.82, 25.68, 25.57, 25.7, 25.57, 25.62, 25.52, 25.68, 25.71], [26.49, 26.49, 26.41, 26.41, 26.6, 26.6, 26.6, 26.6, 26.6, 26.6, 26.0, 25.82, 25.64, 25.47, 25.48, 25.47, 25.56, 25.64, 25.69, 25.73], [26.41, 26.41, 26.42, 26.42, 26.6, 26.6, 26.6, 26.6, 26.6, 26.24, 26.06, 25.85, 25.63, 25.49, 25.24, 25.44, 25.57, 25.66, 25.72, 25.75], [26.41, 26.42, 26.42, 26.6, 26.6, 26.6, 26.6, 26.6, 26.47, 26.33, 26.18, 26.0, 25.76, 25.58, 25.42, 25.52, 25.63, 25.71, 25.76, 25.78], [26.42, 26.42, 26.54, 26.55, 26.55, 26.55, 26.56, 26.58, 26.46, 26.34, 26.2, 26.05, 25.84, 25.73, 25.6, 25.65, 25.72, 25.78, 25.81, 25.82], [26.54, 26.54, 26.54, 26.56, 26.56, 26.56, 26.57, 26.57, 26.36, 26.3, 26.21, 26.1, 25.91, 25.71, 25.73, 25.78, 25.83, 25.86, 25.87, 25.87], [26.55, 26.55, 26.55, 26.56, 26.56, 26.56, 26.56, 26.55, 26.32, 26.28, 26.22, 26.15, 25.94, 25.79, 25.83, 25.89, 25.93, 25.94, 25.93, 25.91], [26.55, 26.55, 26.55, 26.54, 26.54, 26.54, 26.54, 26.54, 26.53, 26.53, 26.53, 26.45, 26.25, 25.86, 25.91, 25.97, 26.03, 26.01, 25.98, 25.94], [26.54, 26.54, 26.54, 26.53, 26.53, 26.53, 26.53, 26.53, 26.52, 26.52, 26.52, 26.43, 26.26, 26.22, 26.18, 26.01, 26.13, 26.05, 26.0, 25.96], [26.53, 26.53, 26.53, 26.53, 26.53, 26.53, 26.52, 26.52, 26.51, 26.51, 26.51, 26.44, 26.41, 26.22, 26.18, 26.15, 26.03, 26.02, 26.0, 25.97], [26.53, 26.53, 26.53, 26.53, 26.53, 26.52, 26.52, 26.52, 26.51, 26.51, 26.46, 26.44, 26.42, 26.23, 26.19, 26.16, 26.13, 26.12, 25.98, 25.96], [26.53, 26.53, 26.53, 26.53, 26.53, 26.52, 26.52, 26.52, 26.51, 26.51, 26.46, 26.45, 26.43, 26.24, 26.21, 26.18, 26.16, 26.15, 26.15, 26.16], [26.53, 26.53, 26.53, 26.53, 26.52, 26.52, 26.52, 26.52, 26.51, 26.47, 26.47, 26.43, 26.39, 26.35, 26.23, 26.2, 26.18, 26.17, 26.17, 26.17], [26.53, 26.53, 26.53, 26.52, 26.52, 26.52, 26.52, 26.51, 26.51, 26.48, 26.48, 26.44, 26.4, 26.37, 26.25, 26.22, 26.2, 26.19, 26.18, 26.18], [26.53, 26.53, 26.53, 26.52, 26.52, 26.52, 26.52, 26.51, 26.44, 26.46, 26.47, 26.44, 26.41, 26.37, 26.26, 26.24, 26.22, 26.2, 26.2, 26.19], [26.53, 26.53, 26.52, 26.52, 26.52, 26.52, 26.52, 26.52, 26.43, 26.44, 26.44, 26.42, 26.4, 26.38, 26.27, 26.25, 26.23, 26.22, 26.21, 26.2], [26.53, 26.53, 26.52, 26.52, 26.52, 26.52, 26.52, 26.42, 26.42, 26.42, 26.42, 26.41, 26.39, 26.37, 26.27, 26.25, 26.24, 26.23, 26.22, 26.21]]}]