gis_exercise/awsData/contour/wdir_2023090905.json
[{"header": {"refTime": "2023-09-09T05:00:00.000Z", "nx": 21, "ny": 33, "lo1": 113.509, "la1": 22.2235, "lo2": 113.5947, "la2": 22.1034, "dx": 0.0042850000000001385, "dy": 0.003753125000000024, "parameterCategory": 2, "parameterCategoryName": "Temperature", "parameterNumber": 2}, "data": [-2.51, -2.49, -2.46, -2.03, -2.02, -2.63, -2.58, -2.54, -2.55, -2.56, -2.71, -2.86, -3.48, -3.57, -4.65, -4.81, -5.55, -5.62, -5.67, -5.71, -2.52, -2.5, -2.47, -2.43, -2.02, -2.0, -2.52, -2.41, -2.35, -2.45, -2.7, -2.93, -3.57, -3.66, -4.73, -5.48, -5.59, -5.68, -5.74, -5.78, -2.54, -2.52, -2.49, -2.46, -2.03, -2.01, -1.98, -2.3, -1.95, -2.36, -2.76, -3.07, -3.73, -3.79, -5.33, -5.51, -5.66, -5.78, -5.84, -5.86, -2.57, -2.55, -2.53, -2.49, -2.44, -2.03, -2.0, -1.96, -1.93, -2.49, -2.89, -3.32, -3.99, -3.97, -5.32, -5.57, -5.78, -5.92, -5.98, -5.97, -2.6, -2.59, -2.57, -2.54, -2.5, -2.06, -2.05, -2.03, -2.02, -2.66, -3.01, -3.99, -4.37, -4.06, -5.33, -5.68, -5.98, -6.15, -6.17, -6.11, -2.64, -2.63, -2.62, -2.6, -2.57, -2.52, -2.1, -2.1, -2.09, -2.06, -3.44, -3.81, -4.12, -4.8, -5.39, -5.85, -6.32, -6.51, -6.41, -6.25, -4.42, -2.68, -2.68, -2.67, -2.65, -2.61, -2.56, -2.19, -2.19, -2.51, -2.57, -3.51, -4.75, -4.86, -5.44, -6.03, -6.79, -7.07, -6.95, -6.77, -4.46, -4.41, -4.34, -3.9, -3.84, -2.71, -2.61, -2.48, -2.45, -2.44, -2.22, -3.93, -4.26, -4.97, -5.95, -6.41, -6.96, -7.17, -6.87, -6.66, -4.52, -4.47, -4.4, -4.3, -3.88, -3.83, -3.75, -2.56, -3.0, -2.56, -3.64, -4.38, -5.13, -4.77, -5.94, -6.27, -6.61, -6.76, -6.69, -6.58, -5.71, -5.63, -5.51, -4.37, -4.2, -3.85, -3.96, -4.07, -3.64, -3.46, -4.11, -4.7, -5.34, -4.89, -5.95, -6.16, -6.37, -6.5, -6.51, -6.48, -5.74, -5.67, -5.55, -5.35, -4.9, -3.61, -5.18, -5.88, -4.82, -4.14, -5.06, -4.56, -4.78, -4.72, -5.96, -6.1, -6.24, -6.34, -6.38, -6.38, -5.79, -5.75, -5.67, -5.55, -5.34, -5.23, -5.81, -6.27, -6.39, -6.82, -5.28, -5.74, -5.69, -4.57, -5.96, -6.06, -6.16, -6.23, -6.25, -6.25, -5.86, -5.84, -5.83, -5.83, -5.92, -6.26, -6.75, -6.56, -6.46, -6.36, -6.86, -5.78, -5.72, -4.98, -4.93, -5.95, -5.99, -6.04, -6.07, -6.1, -5.93, -5.94, -5.97, -6.06, -6.26, -6.73, -7.58, -6.82, -6.53, -6.4, -6.92, -5.74, -5.62, -5.51, -4.81, -5.71, -5.77, -5.84, -5.9, -5.95, -5.98, -6.02, -6.07, -6.18, -6.37, -6.65, -6.85, -6.33, -5.97, -5.72, -5.55, -4.22, -5.43, -5.29, -5.21, -5.44, -5.53, -5.64, -5.73, -5.81, -6.03, -6.07, -4.75, -4.86, -5.0, -5.89, -5.84, -5.62, -5.37, -5.21, -3.97, -4.0, -4.02, -3.99, -4.05, -4.61, -4.66, -4.71, -5.13, -5.2, -4.54, -4.57, -4.61, -4.64, -5.44, -5.32, -5.08, -4.75, -4.54, -4.55, -3.65, -3.8, -3.92, -4.0, -3.83, -3.8, -3.69, -3.61, -3.55, -3.5, -4.46, -4.46, -4.45, -4.41, -5.06, -4.8, -4.36, -3.76, -3.45, -3.34, -3.68, -3.64, -3.83, -3.8, -4.05, -3.83, -3.69, -3.59, -3.52, -3.47, -4.38, -4.36, -4.31, -4.99, -4.77, -4.42, -3.84, -2.89, -1.98, -2.89, -2.73, -3.07, -3.47, -3.73, -3.86, -3.76, -3.63, -3.55, -3.48, -3.44, -4.31, -4.26, -4.32, -4.2, -4.01, -3.73, -3.31, -2.74, -2.05, -2.41, -2.77, -3.06, -3.43, -3.64, -3.68, -3.63, -3.55, -3.48, -3.43, -3.39, -4.38, -4.32, -4.23, -4.11, -3.94, -3.72, -3.44, -3.16, -2.51, -2.68, -2.9, -3.1, -3.42, -3.56, -3.55, -3.52, -3.47, -3.42, -3.37, -3.34, -4.32, -4.26, -4.17, -4.06, -3.93, -3.77, -3.61, -2.47, -2.87, -2.97, -3.08, -3.19, -4.2, -3.48, -3.47, -3.45, -3.43, -3.37, -3.3, -3.28, -4.28, -4.21, -4.14, -2.55, -2.57, -2.6, -2.65, -2.72, -2.8, -2.85, -2.83, -3.42, -3.45, -3.41, -3.4, -3.43, -3.51, -3.34, -3.21, -3.2, -2.55, -2.56, -2.58, -2.6, -2.64, -2.7, -2.79, -2.93, -3.1, -3.19, -3.07, -3.64, -3.46, -3.38, -3.33, -3.37, -3.89, -3.05, -3.04, -3.11, -2.57, -2.59, -2.61, -2.64, -2.69, -2.76, -2.88, -3.07, -3.38, -3.65, -3.27, -3.58, -3.6, -3.36, -3.27, -3.18, -2.86, -2.47, -2.9, -3.05, -2.58, -2.6, -2.63, -2.66, -2.71, -2.78, -2.89, -3.07, -3.36, -3.59, -3.57, -3.46, -3.48, -3.35, -3.24, -2.81, -2.72, -2.64, -2.93, -3.04, -2.59, -2.61, -2.64, -2.67, -2.71, -2.77, -2.84, -2.94, -3.05, -3.05, -3.27, -3.25, -3.33, -2.65, -2.72, -2.75, -2.73, -2.71, -2.72, -2.74, -2.6, -2.61, -2.64, -2.66, -2.69, -2.73, -2.76, -2.78, -2.76, -2.95, -2.84, -2.52, -2.51, -2.45, -2.66, -2.7, -2.71, -2.71, -2.72, -2.73, -2.6, -2.61, -2.63, -2.65, -2.67, -2.68, -2.68, -2.66, -2.57, -2.57, -2.15, -2.36, -2.43, -2.43, -2.61, -2.66, -2.68, -2.7, -2.71, -2.72, -2.6, -2.61, -2.62, -2.63, -2.64, -2.64, -2.63, -2.58, -2.49, -2.32, -2.21, -2.33, -2.4, -2.41, -2.57, -2.63, -2.66, -2.68, -2.7, -2.71, -2.59, -2.6, -2.61, -2.62, -2.62, -2.61, -2.59, -2.55, -2.48, -2.39, -2.35, -2.37, -2.4, -2.41, -2.56, -2.61, -2.64, -2.66, -2.68, -2.7, -2.59, -2.59, -2.6, -2.6, -2.6, -2.59, -2.57, -2.54, -2.49, -2.44, -2.41, -2.41, -2.41, -2.41, -2.55, -2.59, -2.63, -2.65, -2.67, -2.68]}, {"header": {"refTime": "2023-09-09T05:00:00.000Z", "nx": 21, "ny": 33, "lo1": 113.509, "la1": 22.2235, "lo2": 113.5947, "la2": 22.1034, "dx": 0.0042850000000001385, "dy": 0.003753125000000024, "parameterCategory": 2, "parameterCategoryName": "Temperature", "parameterNumber": 3}, "data": [0.16, 0.14, 0.13, 0.38, 0.33, 0.53, 0.46, 0.39, 0.38, 0.55, 0.74, 0.91, 1.36, 1.46, 2.13, 2.27, 3.2, 3.25, 3.29, 3.32, 0.17, 0.16, 0.14, 0.11, 0.34, 0.27, 0.39, 0.23, 0.14, 0.39, 0.72, 0.98, 1.45, 1.55, 2.21, 3.14, 3.23, 3.29, 3.34, 3.36, 0.18, 0.17, 0.16, 0.13, 0.36, 0.29, 0.17, 0.1, -0.36, 0.26, 0.77, 1.12, 1.6, 1.68, 3.04, 3.16, 3.28, 3.36, 3.4, 3.42, 0.19, 0.19, 0.18, 0.16, 0.14, 0.35, 0.25, 0.09, -0.07, 0.48, 0.96, 1.36, 1.84, 2.18, 3.02, 3.2, 3.36, 3.45, 3.5, 3.5, 0.21, 0.21, 0.2, 0.2, 0.19, 0.45, 0.4, 0.35, 0.34, 0.82, 1.17, 2.18, 2.29, 2.21, 3.03, 3.28, 3.49, 3.61, 3.62, 3.59, 0.22, 0.23, 0.23, 0.24, 0.25, 0.26, 0.56, 0.59, 0.62, 0.68, 1.99, 2.13, 2.23, 2.6, 3.09, 3.41, 3.72, 3.85, 3.78, 3.68, 1.75, 0.24, 0.25, 0.26, 0.29, 0.33, 0.85, 0.76, 0.82, 1.41, 1.53, 2.07, 2.66, 2.69, 3.16, 3.54, 4.04, 4.22, 4.05, 3.9, 1.76, 1.71, 1.64, 1.29, 1.26, 0.74, 0.81, 0.91, 1.1, 1.37, 1.38, 2.36, 2.54, 2.78, 3.46, 3.76, 4.14, 4.27, 4.07, 3.94, 1.78, 1.72, 1.64, 1.54, 1.18, 1.19, 1.28, 0.85, 1.5, 1.43, 2.15, 2.53, 2.87, 2.71, 3.43, 3.66, 3.89, 4.0, 3.95, 3.88, 2.54, 2.46, 2.33, 1.52, 1.29, 0.95, 1.24, 1.54, 1.93, 1.86, 2.38, 2.65, 2.94, 2.75, 3.42, 3.58, 3.73, 3.82, 3.83, 3.81, 2.57, 2.5, 2.37, 2.15, 1.68, 0.31, 1.99, 2.78, 2.17, 2.25, 2.81, 2.59, 2.69, 2.67, 3.42, 3.53, 3.63, 3.71, 3.74, 3.74, 2.63, 2.58, 2.5, 2.36, 2.14, 2.03, 2.66, 3.21, 3.38, 3.84, 2.93, 3.2, 3.17, 2.6, 3.43, 3.5, 3.58, 3.3, 3.32, 3.32, 2.7, 2.68, 2.66, 2.66, 2.74, 3.09, 3.61, 3.49, 3.43, 3.3, 3.86, 3.23, 3.2, 2.51, 2.46, 3.04, 3.08, 3.12, 3.15, 3.18, 2.77, 2.78, 2.81, 2.89, 3.1, 3.57, 4.41, 3.7, 3.44, 3.32, 3.91, 2.86, 2.74, 2.65, 2.31, 2.82, 2.87, 2.94, 2.99, 3.04, 2.83, 2.86, 2.92, 3.02, 3.21, 3.5, 3.71, 4.0, 3.83, 3.72, 3.66, 2.47, 2.57, 2.45, 2.37, 2.57, 2.66, 2.75, 2.84, 2.91, 2.88, 2.92, 2.65, 2.76, 2.89, 3.87, 3.85, 3.76, 3.65, 3.59, 2.49, 2.35, 2.19, 1.97, 1.91, 2.66, 2.87, 3.08, 3.58, 3.73, 2.57, 2.61, 2.67, 2.74, 3.71, 3.67, 3.59, 3.48, 3.39, 3.39, 2.4, 2.26, 2.06, 1.83, 2.04, 2.57, 3.0, 3.35, 3.59, 3.76, 2.59, 2.62, 2.66, 2.71, 3.58, 3.49, 3.35, 3.16, 3.05, 2.7, 2.61, 2.21, 1.99, 2.03, 1.44, 2.43, 3.05, 3.45, 3.71, 3.87, 2.59, 2.62, 2.65, 3.55, 3.48, 3.37, 3.18, 2.88, 2.53, 2.61, 2.06, 1.91, 2.57, 2.29, 2.34, 2.8, 3.32, 3.67, 3.89, 4.02, 2.59, 2.61, 3.11, 3.08, 3.02, 2.95, 2.84, 2.71, 2.31, 2.19, 2.06, 1.94, 2.81, 2.75, 3.16, 3.42, 3.75, 4.0, 4.14, 4.21, 3.09, 3.07, 3.04, 3.0, 2.95, 2.88, 2.81, 2.73, 2.19, 2.13, 2.05, 1.96, 3.09, 3.67, 3.8, 4.02, 4.25, 4.38, 4.42, 4.41, 3.05, 3.02, 2.98, 2.94, 2.89, 2.83, 2.76, 2.15, 2.11, 2.08, 2.03, 1.97, 3.2, 4.08, 4.28, 4.54, 4.74, 4.77, 4.69, 4.6, 3.0, 2.97, 2.94, 2.07, 2.07, 2.08, 2.09, 2.09, 2.08, 2.07, 2.06, 3.33, 4.23, 4.37, 4.62, 4.95, 5.26, 5.14, 4.9, 4.74, 2.03, 2.04, 2.04, 2.04, 2.04, 2.05, 2.04, 2.04, 2.04, 2.03, 2.02, 3.0, 4.15, 4.54, 4.9, 5.14, 5.89, 5.21, 4.96, 4.8, 2.02, 2.02, 2.02, 2.02, 2.02, 2.01, 2.01, 2.01, 2.01, 2.02, 1.99, 2.84, 3.23, 4.47, 4.82, 5.09, 5.07, 4.86, 4.9, 4.81, 2.01, 2.01, 2.0, 2.0, 1.99, 1.98, 1.98, 1.97, 1.99, 2.0, 2.44, 2.72, 3.07, 4.4, 4.7, 4.82, 4.91, 4.89, 4.85, 4.78, 1.99, 1.99, 1.98, 1.98, 1.97, 1.96, 1.94, 1.93, 1.92, 1.9, 2.39, 2.59, 2.9, 4.04, 4.36, 4.59, 4.72, 4.77, 4.77, 4.74, 1.98, 1.98, 1.97, 1.96, 1.95, 1.93, 1.91, 1.88, 1.84, 2.19, 2.18, 2.1, 2.3, 2.52, 4.14, 4.38, 4.53, 4.61, 4.64, 4.64, 1.97, 1.97, 1.96, 1.94, 1.93, 1.91, 1.88, 1.84, 1.78, 1.98, 1.66, 1.96, 2.21, 2.44, 3.95, 4.2, 4.37, 4.47, 4.52, 4.54, 1.96, 1.96, 1.94, 1.93, 1.91, 1.89, 1.86, 1.82, 2.0, 1.85, 1.76, 1.96, 2.19, 2.39, 3.81, 4.05, 4.22, 4.34, 4.41, 4.45, 1.96, 1.95, 1.94, 1.92, 1.91, 1.88, 1.86, 1.82, 2.05, 1.98, 1.97, 2.07, 2.22, 2.37, 3.73, 3.95, 4.12, 4.23, 4.31, 4.36, 1.95, 1.94, 1.93, 1.92, 1.9, 1.88, 1.86, 2.16, 2.12, 2.09, 2.1, 2.16, 2.27, 2.38, 3.7, 3.89, 4.04, 4.15, 4.23, 4.29]}, {"header": {"refTime": "2023-09-09T05:00:00.000Z", "nx": 21, "ny": 33, "lo1": 113.509, "la1": 22.2235, "lo2": 113.5947, "la2": 22.1034, "dx": 0.0042850000000001385, "dy": 0.003753125000000024, "parameterCategory": 0, "parameterCategoryName": "Temperature", "parameterNumber": 0}, "data": [[25.98, 25.97, 25.97, 25.7, 25.71, 25.96, 25.96, 25.95, 25.95, 25.85, 25.88, 25.9, 26.16, 26.18, 26.19, 26.2, 26.34, 26.34, 26.33, 26.33], [25.99, 25.98, 25.97, 25.96, 25.71, 25.71, 25.94, 25.92, 25.91, 25.85, 25.88, 25.92, 26.18, 26.2, 26.21, 26.34, 26.34, 26.33, 26.33, 26.33], [25.99, 25.98, 25.98, 25.96, 25.71, 25.71, 25.73, 25.9, 25.83, 25.84, 25.89, 25.95, 26.21, 26.23, 26.35, 26.34, 26.34, 26.33, 26.33, 26.33], [26.0, 25.99, 25.99, 25.97, 25.96, 25.71, 25.72, 25.73, 25.75, 25.84, 25.91, 26.01, 26.27, 26.16, 26.35, 26.34, 26.33, 26.33, 26.33, 26.33], [26.01, 26.0, 26.0, 25.99, 25.97, 25.71, 25.71, 25.71, 25.71, 25.83, 25.9, 26.17, 26.3, 26.19, 26.35, 26.34, 26.33, 26.33, 26.32, 26.32], [26.02, 26.02, 26.01, 26.01, 25.99, 25.98, 25.71, 25.71, 25.69, 25.64, 25.95, 26.1, 26.22, 26.37, 26.34, 26.33, 26.32, 26.32, 26.32, 26.32], [26.12, 26.03, 26.03, 26.03, 26.02, 26.0, 25.85, 25.74, 25.72, 25.7, 25.67, 26.0, 26.34, 26.35, 26.33, 26.33, 26.31, 26.31, 26.32, 26.32], [26.13, 26.13, 26.13, 26.13, 26.12, 25.92, 25.88, 25.85, 25.86, 25.66, 25.47, 25.99, 26.0, 26.35, 26.3, 26.3, 26.3, 26.3, 26.3, 26.3], [26.07, 26.08, 26.15, 26.15, 26.16, 26.14, 26.09, 25.86, 25.71, 25.73, 25.68, 25.83, 25.9, 25.81, 26.3, 26.3, 26.3, 26.3, 26.3, 26.3], [26.3, 26.3, 26.3, 26.11, 26.14, 26.21, 26.16, 26.09, 25.56, 25.59, 25.91, 25.74, 25.79, 25.77, 26.3, 26.3, 26.3, 26.3, 26.3, 26.3], [26.3, 26.3, 26.3, 26.3, 26.3, 26.3, 26.3, 26.3, 26.16, 25.69, 25.3, 25.68, 25.73, 25.73, 26.3, 26.3, 26.3, 26.3, 26.3, 26.3], [26.3, 26.3, 26.3, 26.3, 26.3, 26.3, 26.3, 26.3, 26.3, -999.0, 25.3, 26.3, 26.3, 25.7, 26.3, 26.3, 26.3, 25.67, 25.69, 25.69], [26.3, 26.3, 26.3, 26.3, 26.3, 26.3, 26.3, 26.3, 26.3, 26.3, -999.0, 26.3, 26.3, 25.58, 25.9, 25.9, 25.91, 25.77, 25.79, 25.8], [26.3, 26.3, 26.3, 26.3, 26.3, 26.3, 26.3, 26.3, 26.3, 26.3, -999.0, 25.2, 25.2, 25.2, 25.8, 25.81, 25.83, 25.69, 25.72, 25.74], [26.3, 26.3, 26.3, 26.3, 26.3, 26.3, 26.3, 26.2, 26.2, 26.2, 26.2, 25.82, 25.2, 25.2, 25.2, 25.7, 25.74, 25.61, 25.65, 25.68], [26.3, 26.3, 26.24, 26.24, 26.23, 26.2, 26.2, 26.2, 26.2, 26.2, 25.57, 25.64, 25.55, 25.46, 25.56, 25.09, 25.07, 25.1, 25.4, 25.42], [26.24, 26.24, 26.26, 26.26, 26.2, 26.2, 26.2, 26.2, 26.2, 26.2, 25.77, 25.65, 25.52, 25.4, 25.29, 25.11, 25.08, 25.05, 25.04, 25.02], [26.26, 26.26, 26.26, 26.26, 26.2, 26.2, 26.2, 26.2, 26.2, 25.95, 25.81, 25.66, 25.51, 25.3, 25.21, 25.12, 25.08, 25.05, 25.03, 25.02], [26.26, 26.26, 26.26, 26.2, 26.2, 26.2, 26.2, 26.2, 26.11, 26.01, 25.84, 25.71, 25.42, 25.32, 25.13, 25.1, 25.06, 25.03, 25.02, 25.01], [26.26, 26.26, 25.97, 25.98, 26.0, 26.02, 26.05, 26.13, 26.06, 25.96, 25.84, 25.73, 25.43, 25.35, 25.07, 25.05, 25.03, 25.01, 25.0, 24.99], [25.96, 25.96, 25.97, 26.03, 26.04, 26.05, 26.07, 26.09, 25.95, 25.9, 25.83, 25.75, 25.43, 25.03, 25.02, 25.01, 24.99, 24.98, 24.98, 24.98], [26.01, 26.02, 26.02, 26.02, 26.02, 26.03, 26.03, 25.92, 25.88, 25.85, 25.81, 25.76, 25.3, 25.0, 24.99, 24.97, 24.96, 24.96, 24.96, 24.96], [26.01, 26.01, 26.01, 25.85, 25.86, 25.86, 25.87, 25.86, 25.86, 25.85, 25.84, 25.68, 25.23, 24.98, 24.97, 24.95, 24.93, 24.93, 24.94, 24.95], [25.83, 25.83, 25.83, 25.83, 25.83, 25.83, 25.83, 25.82, 25.81, 25.81, 25.8, 25.48, 25.25, 25.15, 25.07, 24.93, 24.91, 24.92, 24.93, 24.94], [25.81, 25.81, 25.81, 25.81, 25.81, 25.8, 25.8, 25.79, 25.79, 25.79, 25.78, 25.5, 25.41, 25.17, 25.08, 25.0, 24.92, 24.91, 24.93, 24.94], [25.8, 25.8, 25.8, 25.79, 25.79, 25.78, 25.77, 25.76, 25.77, 25.77, 25.59, 25.5, 25.42, 25.18, 25.1, 24.98, 24.95, 24.95, 24.93, 24.94], [25.79, 25.79, 25.78, 25.78, 25.77, 25.76, 25.74, 25.73, 25.72, 25.71, 25.53, 25.47, 25.42, 25.08, 25.04, 25.0, 24.98, 24.97, 24.97, 24.98], [25.78, 25.78, 25.77, 25.76, 25.75, 25.74, 25.72, 25.69, 25.66, 25.49, 25.46, 25.44, 25.41, 25.37, 25.06, 25.03, 25.01, 25.0, 24.99, 24.99], [25.77, 25.77, 25.76, 25.75, 25.74, 25.72, 25.7, 25.66, 25.62, 25.44, 25.41, 25.42, 25.41, 25.38, 25.09, 25.05, 25.03, 25.02, 25.01, 25.01], [25.77, 25.76, 25.75, 25.74, 25.72, 25.71, 25.68, 25.65, 25.45, 25.43, 25.42, 25.42, 25.4, 25.38, 25.11, 25.07, 25.05, 25.04, 25.03, 25.02], [25.76, 25.75, 25.74, 25.73, 25.72, 25.7, 25.68, 25.65, 25.44, 25.43, 25.42, 25.41, 25.4, 25.38, 25.12, 25.09, 25.07, 25.05, 25.04, 25.03], [25.76, 25.75, 25.74, 25.73, 25.71, 25.7, 25.68, 25.44, 25.43, 25.43, 25.42, 25.41, 25.4, 25.38, 25.12, 25.1, 25.08, 25.06, 25.05, 25.04]]}]