gis_exercise/awsData/contour/wdir_2023090510.json
[{"header": {"refTime": "2023-09-05T10:00:00.000Z", "nx": 21, "ny": 33, "lo1": 113.509, "la1": 22.2235, "lo2": 113.5947, "la2": 22.1034, "dx": 0.0042850000000001385, "dy": 0.003753125000000024, "parameterCategory": 2, "parameterCategoryName": "Temperature", "parameterNumber": 2}, "data": [1.32, 1.28, 1.22, 1.04, 0.97, 0.85, 0.74, 0.65, 0.62, 0.66, 0.83, 0.99, 0.8, 0.87, 0.99, 1.0, 1.32, 1.3, 1.29, 1.28, 1.35, 1.31, 1.25, 1.18, 0.98, 0.87, 0.67, 0.47, 0.35, 0.51, 0.8, 1.03, 0.88, 0.94, 1.05, 1.35, 1.32, 1.3, 1.28, 1.27, 1.4, 1.36, 1.31, 1.23, 1.03, 0.91, 0.71, 0.34, -0.21, 0.38, 0.85, 1.14, 1.02, 1.06, 1.39, 1.35, 1.31, 1.29, 1.27, 1.26, 1.44, 1.42, 1.37, 1.31, 1.22, 1.01, 0.86, 0.59, 0.33, 0.6, 1.02, 1.33, 1.25, 1.68, 1.4, 1.34, 1.3, 1.27, 1.26, 1.25, 1.5, 1.48, 1.46, 1.42, 1.36, 1.17, 1.11, 1.02, 0.98, 0.98, 1.25, 1.72, 1.81, 1.69, 1.4, 1.32, 1.27, 1.24, 1.23, 1.23, 1.56, 1.56, 1.55, 1.53, 1.51, 1.48, 1.38, 1.42, 1.45, 1.48, 1.66, 1.65, 1.7, 1.41, 1.35, 1.27, 1.22, 1.2, 1.21, 1.22, 2.24, 1.63, 1.64, 1.66, 1.66, 1.67, 2.3, 1.76, 1.83, 1.9, 1.78, 1.5, 1.19, 1.22, 1.27, 1.23, 1.17, 1.15, 1.2, 1.23, 2.24, 2.25, 2.26, 2.37, 2.37, 2.33, 2.31, 2.3, 2.21, 1.94, 1.92, 1.13, 1.0, 1.09, 0.93, 0.98, 1.04, 1.06, 1.03, 1.01, 2.24, 2.25, 2.26, 2.27, 2.38, 2.38, 2.37, 2.31, 2.24, 1.88, 1.4, 1.14, 1.01, 1.07, 0.93, 0.97, 1.0, 1.02, 1.01, 1.0, 2.2, 2.21, 2.23, 2.28, 2.31, 2.41, 2.38, 2.35, 2.22, 2.2, 1.27, 1.13, 1.03, 1.08, 0.93, 0.95, 0.98, 0.99, 0.99, 0.99, 2.2, 2.21, 2.22, 2.25, 2.31, 2.47, 2.28, 2.21, 2.31, 2.2, 1.69, 1.16, 1.12, 1.12, 0.93, 0.95, 0.96, 0.97, 0.98, 0.98, 2.19, 2.2, 2.2, 2.22, 2.24, 2.26, 2.2, 2.18, 2.2, 1.85, 1.75, 1.28, 1.2, 1.15, 0.93, 0.94, 0.95, 1.61, 1.62, 1.63, 2.18, 2.18, 2.18, 2.18, 2.16, 2.11, 2.04, 2.12, 2.17, 2.16, 1.74, 1.36, 1.28, 1.54, 1.6, 1.73, 1.74, 1.73, 1.72, 1.72, 2.17, 2.17, 2.16, 2.15, 2.11, 2.03, 1.88, 2.04, 2.12, 2.14, 1.75, 2.08, 2.1, 2.14, 1.81, 1.91, 1.89, 1.86, 1.83, 1.81, 2.16, 2.16, 2.15, 2.13, 2.1, 2.05, 2.02, 1.79, 1.79, 1.77, 1.75, 2.23, 2.26, 2.32, 2.36, 2.12, 2.07, 2.0, 1.95, 1.9, 2.16, 2.15, 1.82, 1.81, 1.79, 1.71, 1.71, 1.69, 1.68, 1.67, 2.1, 2.23, 2.39, 2.27, 2.36, 2.79, 2.76, 2.74, 2.74, 2.71, 1.8, 1.79, 1.78, 1.76, 1.66, 1.64, 1.61, 1.57, 1.54, 1.55, 2.03, 2.23, 2.45, 2.68, 2.96, 2.84, 2.73, 2.64, 2.57, 2.52, 1.77, 1.76, 1.74, 1.71, 1.61, 1.57, 1.5, 1.41, 1.37, 1.64, 1.86, 2.2, 2.47, 2.93, 3.14, 2.88, 2.72, 2.62, 2.54, 2.49, 1.75, 1.73, 1.71, 1.61, 1.57, 1.52, 1.43, 1.28, 1.19, 1.52, 1.73, 1.99, 2.66, 2.87, 2.91, 2.8, 2.66, 2.57, 2.5, 2.45, 1.73, 1.71, 1.39, 1.38, 1.35, 1.32, 1.27, 1.2, 1.29, 1.48, 1.7, 1.92, 2.63, 2.8, 2.71, 2.65, 2.57, 2.5, 2.44, 2.4, 1.4, 1.39, 1.38, 1.37, 1.35, 1.32, 1.29, 1.26, 1.46, 1.56, 1.7, 1.86, 2.62, 2.59, 2.57, 2.53, 2.48, 2.42, 2.37, 2.34, 1.39, 1.39, 1.38, 1.36, 1.35, 1.33, 1.31, 1.36, 1.54, 1.6, 1.69, 1.8, 2.71, 2.49, 2.48, 2.46, 2.43, 2.37, 2.3, 2.27, 1.39, 1.38, 1.37, 1.45, 1.44, 1.43, 1.43, 1.42, 1.42, 1.43, 1.45, 1.86, 1.83, 2.42, 2.41, 2.44, 2.51, 2.33, 2.2, 2.19, 1.49, 1.49, 1.48, 1.48, 1.48, 1.47, 1.47, 1.46, 1.45, 1.46, 1.48, 2.11, 1.81, 1.9, 2.01, 2.37, 2.9, 2.03, 2.02, 2.1, 1.51, 1.51, 1.51, 1.5, 1.5, 1.5, 1.5, 1.49, 1.46, 1.43, 1.49, 2.06, 2.26, 1.86, 1.94, 1.98, 1.83, 1.43, 1.87, 2.03, 1.52, 1.52, 1.53, 1.53, 1.53, 1.54, 1.54, 1.53, 1.5, 1.46, 1.84, 2.05, 2.23, 1.82, 1.87, 1.97, 1.81, 1.72, 1.91, 2.02, 1.54, 1.54, 1.55, 1.55, 1.56, 1.57, 1.58, 1.59, 1.59, 1.61, 1.97, 2.09, 2.22, 2.05, 2.02, 1.96, 1.89, 1.85, 1.86, 1.9, 1.55, 1.56, 1.56, 1.57, 1.59, 1.6, 1.63, 1.66, 1.7, 2.03, 2.08, 1.67, 1.55, 1.43, 2.02, 1.98, 1.94, 1.91, 1.91, 1.93, 1.56, 1.57, 1.58, 1.59, 1.61, 1.63, 1.66, 1.71, 1.79, 2.11, 2.02, 1.8, 1.62, 1.49, 2.03, 2.0, 1.97, 1.95, 1.95, 1.95, 1.57, 1.58, 1.59, 1.61, 1.63, 1.65, 1.69, 1.74, 1.74, 1.87, 1.95, 1.8, 1.65, 1.52, 2.04, 2.01, 1.99, 1.98, 1.97, 1.97, 1.58, 1.59, 1.6, 1.62, 1.64, 1.67, 1.7, 1.74, 1.71, 1.78, 1.79, 1.73, 1.63, 1.53, 2.04, 2.02, 2.01, 1.99, 1.99, 1.98, 1.59, 1.6, 1.61, 1.63, 1.65, 1.67, 1.7, 1.63, 1.67, 1.7, 1.7, 1.66, 1.59, 1.52, 2.04, 2.03, 2.02, 2.01, 2.0, 2.0]}, {"header": {"refTime": "2023-09-05T10:00:00.000Z", "nx": 21, "ny": 33, "lo1": 113.509, "la1": 22.2235, "lo2": 113.5947, "la2": 22.1034, "dx": 0.0042850000000001385, "dy": 0.003753125000000024, "parameterCategory": 2, "parameterCategoryName": "Temperature", "parameterNumber": 3}, "data": [-1.72, -1.71, -1.69, -1.48, -1.46, -0.92, -0.92, -0.92, -0.89, -0.78, -0.7, -0.61, -1.06, -1.06, -1.72, -1.91, -2.79, -2.93, -3.04, -3.11, -1.74, -1.72, -1.7, -1.67, -1.46, -1.44, -0.95, -0.97, -0.96, -0.83, -0.69, -0.56, -0.98, -0.99, -1.67, -2.61, -2.84, -3.01, -3.13, -3.21, -1.75, -1.74, -1.72, -1.69, -1.48, -1.45, -1.4, -1.01, -1.1, -0.88, -0.66, -0.47, -0.84, -0.88, -2.28, -2.64, -2.94, -3.15, -3.28, -3.33, -1.77, -1.76, -1.74, -1.72, -1.68, -1.47, -1.44, -1.37, -1.31, -0.82, -0.59, -0.31, -0.57, -0.81, -2.21, -2.73, -3.12, -3.37, -3.48, -3.5, -1.79, -1.79, -1.77, -1.75, -1.73, -1.52, -1.5, -1.48, -1.46, -0.77, -0.55, -0.65, 0.05, -0.68, -2.25, -2.93, -3.44, -3.71, -3.75, -3.69, -1.82, -1.82, -1.81, -1.8, -1.78, -1.76, -1.57, -1.58, -1.58, -1.57, -1.41, -1.06, -0.57, -1.69, -2.52, -3.28, -3.95, -4.23, -4.1, -3.9, -2.41, -1.85, -1.85, -1.85, -1.84, -1.83, -1.92, -1.68, -1.69, -2.11, -2.2, -1.86, -2.61, -2.56, -2.9, -3.64, -4.62, -4.98, -4.63, -4.34, -2.42, -2.41, -2.4, -2.68, -2.65, -1.99, -1.95, -1.9, -1.96, -2.04, -1.87, -3.46, -3.75, -3.26, -4.85, -5.09, -5.36, -5.46, -5.31, -5.21, -2.43, -2.43, -2.41, -2.4, -2.66, -2.63, -2.6, -1.93, -2.24, -2.16, -3.12, -3.78, -4.37, -4.08, -4.87, -5.03, -5.19, -5.26, -5.23, -5.17, -3.12, -3.09, -3.05, -2.42, -2.4, -2.61, -2.71, -2.8, -2.62, -2.52, -3.52, -4.0, -4.51, -4.17, -4.88, -4.98, -5.08, -5.13, -5.14, -5.12, -3.12, -3.09, -3.05, -2.98, -2.82, -2.36, -3.0, -3.41, -3.28, -2.92, -3.85, -3.89, -4.07, -4.03, -4.89, -4.95, -5.01, -5.06, -5.08, -5.08, -3.13, -3.11, -3.07, -3.02, -2.95, -2.91, -3.2, -3.7, -3.94, -4.26, -3.94, -4.53, -4.56, -3.9, -4.89, -4.93, -4.97, -4.83, -4.83, -4.82, -3.15, -3.13, -3.11, -3.09, -3.09, -3.14, -3.26, -3.61, -3.83, -3.65, -4.27, -4.5, -4.52, -4.14, -4.09, -4.63, -4.65, -4.67, -4.69, -4.71, -3.16, -3.16, -3.15, -3.15, -3.16, -3.19, -3.17, -3.39, -3.55, -3.55, -4.21, -4.26, -4.21, -4.16, -3.94, -4.44, -4.47, -4.52, -4.56, -4.6, -3.18, -3.18, -3.18, -3.19, -3.2, -3.23, -3.26, -3.46, -3.53, -3.55, -3.54, -3.48, -4.05, -3.97, -3.92, -4.2, -4.27, -4.35, -4.43, -4.49, -3.2, -3.2, -2.8, -2.82, -2.84, -3.38, -3.38, -3.4, -3.43, -3.44, -3.43, -3.39, -3.34, -3.46, -3.44, -3.52, -3.56, -3.6, -3.78, -3.84, -2.79, -2.8, -2.81, -2.83, -3.37, -3.35, -3.33, -3.31, -3.31, -3.34, -3.33, -3.32, -3.27, -3.21, -3.06, -3.1, -3.11, -3.12, -3.13, -3.14, -2.8, -2.81, -2.82, -2.83, -3.34, -3.31, -3.26, -3.2, -3.17, -2.98, -3.0, -3.26, -3.23, -3.05, -3.06, -3.09, -3.11, -3.12, -3.13, -3.14, -2.81, -2.81, -2.82, -3.35, -3.32, -3.28, -3.21, -3.09, -2.93, -2.97, -2.75, -2.76, -3.05, -3.06, -3.09, -3.1, -3.12, -3.13, -3.14, -3.14, -2.81, -2.82, -2.69, -2.69, -2.7, -2.71, -2.74, -2.79, -2.81, -2.75, -2.71, -2.72, -3.05, -3.06, -3.12, -3.12, -3.13, -3.14, -3.15, -3.15, -2.65, -2.65, -2.65, -2.65, -2.65, -2.66, -2.67, -2.69, -2.68, -2.66, -2.64, -2.65, -3.05, -3.13, -3.14, -3.14, -3.15, -3.15, -3.16, -3.16, -2.63, -2.63, -2.62, -2.61, -2.6, -2.59, -2.58, -2.37, -2.55, -2.54, -2.54, -2.57, -2.71, -3.15, -3.15, -3.16, -3.17, -3.17, -3.16, -3.16, -2.61, -2.6, -2.59, -2.28, -2.28, -2.28, -2.27, -2.25, -2.22, -2.19, -2.19, -2.52, -2.69, -3.15, -3.16, -3.17, -3.18, -3.18, -3.17, -3.17, -2.25, -2.25, -2.24, -2.24, -2.23, -2.22, -2.19, -2.14, -2.09, -2.06, -2.08, -2.2, -2.66, -2.81, -2.94, -3.18, -3.2, -3.18, -3.17, -3.17, -2.23, -2.23, -2.22, -2.21, -2.19, -2.17, -2.13, -2.08, -1.99, -1.92, -2.01, -2.16, -2.28, -2.79, -2.92, -3.03, -3.18, -3.18, -3.17, -3.17, -2.21, -2.21, -2.2, -2.18, -2.16, -2.14, -2.1, -2.05, -1.97, -1.92, -2.03, -2.13, -2.24, -2.77, -2.89, -3.0, -3.06, -3.07, -3.17, -3.17, -2.2, -2.19, -2.18, -2.16, -2.14, -2.12, -2.08, -2.05, -2.01, -1.99, -2.05, -2.12, -2.21, -2.74, -2.85, -2.93, -2.98, -3.01, -3.0, -2.99, -2.19, -2.18, -2.17, -2.15, -2.13, -2.11, -2.08, -2.05, -2.02, -2.03, -2.04, -2.09, -2.17, -2.27, -2.78, -2.86, -2.92, -2.95, -2.96, -2.95, -2.18, -2.17, -2.16, -2.14, -2.12, -2.1, -2.07, -2.05, -2.02, -2.02, -1.98, -2.06, -2.15, -2.24, -2.72, -2.8, -2.86, -2.89, -2.91, -2.92, -2.17, -2.16, -2.15, -2.13, -2.12, -2.1, -2.08, -2.05, -2.06, -2.03, -2.01, -2.07, -2.15, -2.22, -2.68, -2.76, -2.81, -2.85, -2.87, -2.88, -2.17, -2.16, -2.14, -2.13, -2.12, -2.1, -2.08, -2.06, -2.08, -2.07, -2.07, -2.1, -2.16, -2.22, -2.65, -2.72, -2.78, -2.81, -2.84, -2.86, -2.16, -2.15, -2.14, -2.13, -2.12, -2.1, -2.08, -2.11, -2.11, -2.1, -2.11, -2.14, -2.18, -2.22, -2.64, -2.7, -2.75, -2.79, -2.81, -2.83]}, {"header": {"refTime": "2023-09-05T10:00:00.000Z", "nx": 21, "ny": 33, "lo1": 113.509, "la1": 22.2235, "lo2": 113.5947, "la2": 22.1034, "dx": 0.0042850000000001385, "dy": 0.003753125000000024, "parameterCategory": 0, "parameterCategoryName": "Temperature", "parameterNumber": 0}, "data": [[31.32, 31.33, 31.34, 31.4, 31.41, 31.59, 31.59, 31.6, 31.62, 31.76, 31.79, 31.83, 32.06, 32.09, 32.01, 32.02, 32.33, 32.34, 32.34, 32.34], [31.32, 31.32, 31.33, 31.35, 31.41, 31.43, 31.59, 31.6, 31.61, 31.73, 31.79, 31.85, 32.08, 32.1, 32.02, 32.32, 32.33, 32.33, 32.34, 32.34], [31.31, 31.32, 31.33, 31.34, 31.4, 31.42, 31.46, 31.59, 31.6, 31.71, 31.8, 31.88, 32.1, 32.12, 32.31, 32.32, 32.33, 32.33, 32.34, 32.34], [31.31, 31.31, 31.32, 31.32, 31.34, 31.4, 31.43, 31.48, 31.52, 31.74, 31.84, 31.93, 32.12, 32.27, 32.31, 32.32, 32.33, 32.33, 32.34, 32.34], [31.3, 31.3, 31.3, 31.31, 31.31, 31.37, 31.38, 31.4, 31.41, 31.88, 31.89, 32.32, 32.16, 32.25, 32.31, 32.33, 32.33, 32.33, 32.33, 32.34], [31.29, 31.29, 31.29, 31.29, 31.29, 31.29, 31.32, 31.31, 31.37, 31.4, 32.46, 32.31, 32.24, 32.3, 32.33, 32.33, 32.33, 32.33, 32.33, 32.34], [31.16, 31.28, 31.28, 31.27, 31.27, 31.26, 31.15, 31.29, 31.27, 31.92, 31.74, 32.38, 32.44, 32.41, 32.36, 32.35, 32.32, 32.32, 32.26, 32.25], [31.16, 31.16, 31.16, 31.16, 31.16, 31.15, 31.14, 31.13, 31.28, 31.85, 31.79, 32.7, 32.7, 32.4, 32.45, 32.49, 32.4, 32.37, 32.42, 32.46], [31.14, 31.14, 31.16, 31.16, 31.16, 31.16, 31.15, 31.13, 31.1, 31.95, 32.7, 32.7, 32.7, 32.7, 32.46, 32.51, 32.46, 32.44, 32.45, 32.47], [31.2, 31.2, 31.2, 31.15, 31.16, 31.18, 31.17, 31.15, 31.1, 31.1, 32.7, 32.7, 32.7, 32.7, 32.46, 32.53, 32.49, 32.48, 32.48, 32.48], [31.2, 31.2, 31.2, 31.2, 31.2, 31.2, 31.2, 31.2, 31.16, 31.1, -999.0, 32.7, 32.7, 32.7, 32.46, 32.54, 32.51, 32.5, 32.5, 32.5], [31.2, 31.2, 31.2, 31.2, 31.2, 31.2, 31.2, 31.2, 31.2, -999.0, -999.0, 32.7, 32.7, 32.7, 32.45, 32.55, 32.54, 31.22, 31.25, 31.25], [31.2, 31.2, 31.2, 31.2, 31.2, 31.2, 31.2, 31.2, 31.2, 31.2, -999.0, 32.7, 32.7, 31.2, 31.86, 31.61, 31.62, 31.39, 31.42, 31.44], [31.2, 31.2, 31.2, 31.2, 31.2, 31.2, 31.2, 31.2, 31.2, 31.2, -999.0, 30.4, 30.4, 30.4, 31.66, 31.45, 31.48, 31.24, 31.29, 31.33], [31.2, 31.2, 31.2, 31.2, 31.2, 31.2, 31.2, 31.8, 31.8, 31.8, 31.8, 31.26, 30.4, 30.4, 30.4, 31.27, 31.33, 31.11, 31.18, 31.23], [31.2, 31.2, 31.58, 31.58, 31.6, 31.8, 31.8, 31.8, 31.8, 31.8, 30.92, 31.02, 30.88, 30.77, 30.9, 30.58, 30.61, 30.56, 31.03, 31.07], [31.59, 31.59, 31.41, 31.42, 31.8, 31.8, 31.8, 31.8, 31.8, 31.8, 31.2, 31.02, 30.84, 30.67, 30.62, 30.65, 30.73, 30.8, 30.85, 30.89], [31.41, 31.42, 31.43, 31.45, 31.8, 31.8, 31.8, 31.8, 31.8, 31.44, 31.26, 31.05, 30.83, 30.64, 30.43, 30.62, 30.74, 30.82, 30.88, 30.91], [31.43, 31.44, 31.45, 31.8, 31.8, 31.8, 31.8, 31.8, 31.67, 31.53, 31.42, 31.24, 30.87, 30.71, 30.6, 30.69, 30.79, 30.86, 30.91, 30.94], [31.43, 31.44, 31.86, 31.85, 31.85, 31.85, 31.84, 31.82, 31.68, 31.58, 31.44, 31.3, 30.93, 30.82, 30.76, 30.81, 30.87, 30.93, 30.96, 30.98], [31.86, 31.86, 31.86, 31.84, 31.84, 31.84, 31.83, 31.83, 31.61, 31.55, 31.46, 31.36, 30.97, 30.86, 30.88, 30.92, 30.96, 30.99, 31.01, 31.02], [31.85, 31.85, 31.85, 31.84, 31.84, 31.84, 31.84, 31.76, 31.59, 31.56, 31.5, 31.42, 31.05, 30.94, 30.97, 31.0, 31.03, 31.06, 31.07, 31.07], [31.85, 31.85, 31.85, 31.74, 31.74, 31.75, 31.76, 31.76, 31.77, 31.77, 31.76, 31.61, 31.48, 30.99, 31.03, 31.06, 31.07, 31.11, 31.12, 31.11], [31.72, 31.72, 31.73, 31.73, 31.74, 31.74, 31.75, 31.77, 31.79, 31.79, 31.77, 31.53, 31.5, 31.42, 31.35, 31.1, 31.03, 31.21, 31.19, 31.14], [31.72, 31.72, 31.72, 31.72, 31.73, 31.74, 31.75, 31.77, 31.81, 31.85, 31.79, 31.55, 31.46, 31.43, 31.37, 31.32, 31.25, 31.35, 31.22, 31.16], [31.71, 31.71, 31.71, 31.72, 31.72, 31.72, 31.73, 31.75, 31.79, 31.83, 31.65, 31.55, 31.46, 31.45, 31.39, 31.29, 31.31, 31.33, 31.2, 31.16], [31.71, 31.71, 31.71, 31.71, 31.71, 31.71, 31.71, 31.72, 31.73, 31.72, 31.57, 31.51, 31.46, 31.31, 31.3, 31.3, 31.31, 31.31, 31.31, 31.3], [31.7, 31.7, 31.7, 31.7, 31.69, 31.69, 31.69, 31.68, 31.65, 31.52, 31.49, 31.58, 31.6, 31.61, 31.31, 31.3, 31.3, 31.31, 31.31, 31.3], [31.7, 31.69, 31.69, 31.69, 31.68, 31.68, 31.66, 31.64, 31.6, 31.46, 31.45, 31.53, 31.57, 31.59, 31.31, 31.31, 31.31, 31.31, 31.3, 31.3], [31.69, 31.69, 31.69, 31.68, 31.67, 31.66, 31.65, 31.62, 31.56, 31.51, 31.47, 31.52, 31.56, 31.58, 31.32, 31.31, 31.31, 31.31, 31.3, 31.3], [31.69, 31.68, 31.68, 31.67, 31.67, 31.66, 31.64, 31.62, 31.56, 31.54, 31.53, 31.54, 31.56, 31.58, 31.32, 31.32, 31.31, 31.31, 31.31, 31.3], [31.68, 31.68, 31.68, 31.67, 31.66, 31.65, 31.64, 31.59, 31.57, 31.56, 31.55, 31.56, 31.57, 31.58, 31.32, 31.32, 31.31, 31.31, 31.31, 31.3]]}]