gis_exercise/awsData/contour/wdir_2023090413.json
[{"header": {"refTime": "2023-09-04T13:00:00.000Z", "nx": 21, "ny": 33, "lo1": 113.509, "la1": 22.2235, "lo2": 113.5947, "la2": 22.1034, "dx": 0.0042850000000001385, "dy": 0.003753125000000024, "parameterCategory": 2, "parameterCategoryName": "Temperature", "parameterNumber": 2}, "data": [-0.85, -0.86, -0.86, -0.84, -0.85, -0.89, -0.9, -0.91, -0.91, -0.93, -0.93, -0.93, -0.94, -0.94, -1.56, -1.64, -1.68, -1.73, -1.77, -1.8, -0.85, -0.85, -0.86, -0.86, -0.85, -0.86, -0.9, -0.92, -0.93, -0.94, -0.93, -0.93, -0.94, -0.94, -1.57, -1.63, -1.71, -1.78, -1.82, -1.84, -0.85, -0.85, -0.85, -0.86, -0.84, -0.85, -0.87, -0.93, -0.97, -0.95, -0.93, -0.92, -0.94, -0.94, -1.53, -1.65, -1.76, -1.84, -1.88, -1.9, -0.85, -0.85, -0.85, -0.85, -0.85, -0.84, -0.86, -0.88, -0.91, -0.94, -0.92, -0.92, -0.94, -0.9, -1.52, -1.69, -1.84, -1.94, -1.98, -1.97, -0.85, -0.85, -0.84, -0.84, -0.85, -0.83, -0.83, -0.84, -0.85, -0.92, -0.91, -0.9, -0.93, -0.91, -1.52, -1.77, -1.98, -2.09, -2.1, -2.06, -0.84, -0.84, -0.84, -0.84, -0.84, -0.83, -0.8, -0.8, -0.8, -0.8, -0.87, -0.89, -0.91, -1.36, -1.57, -1.89, -2.2, -2.33, -2.26, -2.16, -1.68, -0.84, -0.84, -0.84, -0.83, -0.82, -0.76, -0.76, -0.75, -0.77, -0.79, -0.87, -1.42, -1.52, -1.63, -2.02, -2.52, -2.71, -2.76, -2.67, -1.7, -1.67, -1.62, -1.8, -1.75, -0.78, -0.76, -0.73, -0.7, -0.77, -0.8, -1.28, -1.39, -1.71, -2.36, -2.56, -2.8, -2.88, -2.75, -2.67, -1.73, -1.7, -1.64, -1.58, -1.72, -1.69, -1.69, -0.75, -1.43, -0.77, -1.42, -1.72, -2.24, -1.99, -2.41, -2.53, -2.66, -2.71, -2.69, -2.64, -2.91, -2.84, -2.73, -1.6, -1.47, -1.56, -1.81, -2.06, -2.09, -1.96, -1.67, -2.01, -2.47, -2.12, -2.45, -2.5, -2.57, -2.61, -2.62, -2.6, -2.93, -2.86, -2.75, -2.56, -2.16, -0.99, -2.51, -3.36, -2.9, -2.59, -3.02, -1.93, -2.07, -2.02, -2.46, -2.48, -2.52, -2.55, -2.57, -2.56, -2.96, -2.91, -2.83, -2.71, -2.52, -2.43, -3.05, -3.9, -4.26, -4.3, -3.28, -3.05, -2.92, -1.92, -2.45, -2.47, -2.49, -2.57, -2.56, -2.55, -3.01, -2.98, -2.95, -2.93, -2.96, -3.18, -3.56, -3.92, -4.15, -3.88, -4.14, -3.18, -3.03, -1.88, -1.84, -2.44, -2.44, -2.45, -2.46, -2.46, -3.06, -3.06, -3.06, -3.1, -3.21, -3.47, -3.82, -3.76, -3.82, -3.77, -4.15, -3.21, -3.0, -2.84, -1.72, -2.27, -2.29, -2.32, -2.35, -2.37, -3.11, -3.12, -3.15, -3.21, -3.31, -3.47, -3.61, -3.14, -2.96, -2.79, -2.63, -1.59, -2.79, -2.59, -2.47, -2.07, -2.12, -2.18, -2.24, -2.29, -3.15, -3.17, -1.37, -1.45, -1.55, -2.65, -2.61, -2.45, -2.28, -2.18, -1.28, -1.27, -1.25, -0.9, -0.96, -1.49, -1.53, -1.56, -1.58, -1.62, -1.19, -1.2, -1.22, -1.23, -2.25, -2.12, -1.89, -1.58, -1.39, -1.45, -0.85, -1.0, -1.08, -1.11, -0.73, -1.31, -1.39, -1.46, -1.51, -1.54, -1.1, -1.09, -1.07, -1.01, -1.89, -1.61, -1.16, -0.55, -0.24, 0.06, -0.3, -0.77, -0.96, -0.69, -1.03, -1.28, -1.4, -1.47, -1.53, -1.56, -1.02, -0.99, -0.93, -1.84, -1.61, -1.24, -0.64, 0.36, 1.37, 0.49, 0.12, -0.28, -0.28, -0.59, -1.26, -1.34, -1.44, -1.51, -1.56, -1.59, -0.95, -0.9, -1.33, -1.2, -1.01, -0.71, -0.26, 0.39, 1.02, 0.5, 0.01, -0.33, -0.21, -0.44, -1.41, -1.45, -1.51, -1.56, -1.6, -1.63, -1.46, -1.4, -1.31, -1.19, -1.03, -0.81, -0.52, -0.22, 0.27, 0.04, -0.25, -0.48, -0.17, -1.5, -1.51, -1.54, -1.58, -1.62, -1.65, -1.67, -1.45, -1.39, -1.32, -1.24, -1.12, -0.99, -0.86, -0.37, -0.35, -0.48, -0.61, -0.7, -1.62, -1.57, -1.59, -1.6, -1.63, -1.67, -1.7, -1.72, -1.45, -1.41, -1.36, -0.71, -0.71, -0.73, -0.78, -0.88, -1.01, -1.11, -1.12, -0.97, -2.19, -1.62, -1.64, -1.63, -1.6, -1.7, -1.77, -1.77, -0.79, -0.8, -0.82, -0.84, -0.89, -0.97, -1.09, -1.3, -1.55, -1.68, -1.55, -2.03, -2.22, -2.11, -2.0, -1.68, -1.4, -1.88, -1.88, -1.83, -0.86, -0.88, -0.91, -0.96, -1.03, -1.14, -1.31, -1.58, -2.0, -2.33, -1.89, -2.07, -1.89, -2.14, -2.04, -1.98, -1.99, -2.22, -1.96, -1.86, -0.91, -0.95, -0.99, -1.05, -1.14, -1.25, -1.42, -1.67, -2.04, -2.31, -2.25, -2.04, -1.89, -2.17, -2.1, -1.88, -1.98, -2.04, -1.93, -1.87, -0.96, -1.0, -1.05, -1.11, -1.2, -1.31, -1.45, -1.62, -1.79, -1.85, -2.05, -1.94, -1.85, -1.77, -1.81, -1.87, -1.92, -1.95, -1.94, -1.91, -1.0, -1.04, -1.09, -1.16, -1.23, -1.33, -1.43, -1.54, -1.62, -1.9, -1.83, -2.08, -2.17, -2.25, -1.8, -1.84, -1.88, -1.9, -1.9, -1.89, -1.03, -1.07, -1.12, -1.18, -1.25, -1.33, -1.41, -1.48, -1.52, -1.73, -1.68, -1.93, -2.09, -2.2, -1.78, -1.81, -1.84, -1.86, -1.87, -1.87, -1.05, -1.09, -1.14, -1.19, -1.25, -1.32, -1.38, -1.43, -2.01, -1.85, -1.76, -1.91, -2.06, -2.16, -1.76, -1.8, -1.82, -1.84, -1.85, -1.85, -1.07, -1.11, -1.15, -1.2, -1.25, -1.3, -1.35, -1.4, -2.03, -1.95, -1.93, -1.98, -2.08, -2.16, -1.75, -1.78, -1.8, -1.82, -1.83, -1.83, -1.08, -1.12, -1.15, -1.2, -1.24, -1.28, -1.32, -2.12, -2.07, -2.03, -2.02, -2.05, -2.11, -2.17, -1.75, -1.77, -1.79, -1.81, -1.82, -1.82]}, {"header": {"refTime": "2023-09-04T13:00:00.000Z", "nx": 21, "ny": 33, "lo1": 113.509, "la1": 22.2235, "lo2": 113.5947, "la2": 22.1034, "dx": 0.0042850000000001385, "dy": 0.003753125000000024, "parameterCategory": 2, "parameterCategoryName": "Temperature", "parameterNumber": 3}, "data": [-2.4, -2.38, -2.35, -1.86, -1.85, -1.75, -1.73, -1.71, -1.69, -1.49, -1.46, -1.43, -1.74, -1.75, -2.38, -2.51, -2.96, -3.04, -3.11, -3.15, -2.42, -2.39, -2.36, -2.32, -1.85, -1.83, -1.73, -1.7, -1.68, -1.51, -1.46, -1.42, -1.72, -1.73, -2.37, -2.86, -2.99, -3.1, -3.17, -3.22, -2.44, -2.42, -2.39, -2.35, -1.86, -1.84, -1.81, -1.7, -1.64, -1.52, -1.45, -1.4, -1.68, -1.7, -2.66, -2.88, -3.06, -3.19, -3.27, -3.3, -2.46, -2.45, -2.42, -2.39, -2.34, -1.87, -1.84, -1.79, -1.74, -1.5, -1.43, -1.36, -1.59, -1.62, -2.63, -2.94, -3.18, -3.33, -3.4, -3.41, -2.49, -2.48, -2.47, -2.44, -2.4, -1.91, -1.89, -1.87, -1.85, -1.46, -1.4, -1.56, -1.35, -1.58, -2.65, -3.06, -3.39, -3.56, -3.58, -3.54, -2.53, -2.53, -2.52, -2.5, -2.47, -2.44, -1.97, -1.97, -1.95, -1.88, -1.76, -1.69, -1.55, -2.22, -2.79, -3.27, -3.72, -3.91, -3.81, -3.67, -2.72, -2.57, -2.57, -2.57, -2.56, -2.53, -2.45, -2.11, -2.09, -2.12, -2.05, -1.96, -2.61, -2.62, -2.97, -3.49, -4.17, -4.42, -4.23, -4.04, -2.73, -2.74, -2.75, -2.74, -2.73, -2.58, -2.5, -2.44, -2.42, -2.06, -1.74, -2.77, -2.98, -2.96, -3.98, -4.24, -4.55, -4.66, -4.49, -4.38, -2.73, -2.75, -2.77, -2.8, -2.8, -2.78, -2.7, -2.47, -2.17, -2.16, -2.58, -3.05, -3.52, -3.3, -3.98, -4.17, -4.35, -4.43, -4.4, -4.34, -2.62, -2.64, -2.67, -2.83, -2.9, -2.92, -2.78, -2.63, -2.09, -2.02, -2.88, -3.25, -3.65, -3.37, -3.99, -4.11, -4.22, -4.29, -4.3, -4.28, -2.61, -2.63, -2.67, -2.73, -2.86, -3.25, -2.75, -2.49, -2.46, -2.03, -2.7, -3.16, -3.3, -3.27, -4.0, -4.07, -4.15, -4.2, -4.22, -4.22, -2.59, -2.61, -2.64, -2.67, -2.74, -2.77, -2.57, -2.33, -2.23, -2.55, -2.63, -3.18, -3.29, -3.17, -4.0, -4.05, -4.11, -4.21, -4.22, -4.22, -2.58, -2.59, -2.59, -2.6, -2.58, -2.5, -2.37, -2.3, -2.25, -2.33, -2.72, -3.07, -3.18, -3.5, -3.48, -4.06, -4.09, -4.11, -4.13, -4.14, -2.56, -2.56, -2.56, -2.54, -2.5, -2.4, -2.24, -2.32, -2.33, -2.35, -2.67, -3.08, -3.17, -3.22, -3.42, -3.95, -3.97, -4.01, -4.04, -4.07, -2.54, -2.54, -2.53, -2.5, -2.46, -2.4, -2.35, -1.77, -1.68, -1.61, -1.56, -1.91, -3.13, -3.17, -3.19, -3.81, -3.85, -3.91, -3.96, -4.0, -2.53, -2.52, -1.99, -1.97, -1.95, -1.62, -1.6, -1.54, -1.47, -1.43, -1.72, -1.9, -2.1, -2.73, -2.81, -3.48, -3.52, -3.57, -3.79, -3.84, -1.93, -1.92, -1.89, -1.85, -1.48, -1.44, -1.36, -1.26, -1.19, -1.2, -1.61, -1.87, -2.17, -2.48, -2.85, -3.28, -3.33, -3.38, -3.41, -3.43, -1.87, -1.84, -1.8, -1.74, -1.36, -1.27, -1.13, -0.93, -0.83, -1.18, -1.51, -1.83, -2.2, -2.82, -3.08, -3.26, -3.34, -3.39, -3.42, -3.44, -1.82, -1.78, -1.72, -1.34, -1.27, -1.15, -0.96, -0.64, -0.42, -0.96, -1.66, -2.05, -2.45, -2.74, -3.25, -3.31, -3.37, -3.42, -3.45, -3.46, -1.77, -1.73, -1.76, -1.7, -1.61, -1.47, -1.25, -0.93, -0.84, -1.28, -1.72, -2.06, -2.41, -2.65, -3.36, -3.39, -3.43, -3.46, -3.48, -3.49, -1.85, -1.83, -1.8, -1.75, -1.68, -1.59, -1.46, -1.31, -1.43, -1.64, -1.91, -2.13, -2.41, -3.42, -3.44, -3.47, -3.5, -3.51, -3.51, -3.51, -1.89, -1.87, -1.85, -1.83, -1.79, -1.75, -1.71, -1.4, -1.9, -2.02, -2.15, -2.27, -3.5, -3.47, -3.5, -3.54, -3.56, -3.56, -3.55, -3.53, -1.92, -1.92, -1.91, -1.49, -1.52, -1.56, -1.63, -1.73, -1.85, -1.91, -1.88, -2.64, -3.61, -3.51, -3.54, -3.59, -3.64, -3.61, -3.57, -3.55, -1.47, -1.49, -1.52, -1.55, -1.6, -1.69, -1.82, -2.01, -2.26, -2.37, -2.21, -2.86, -3.61, -3.62, -3.64, -3.62, -3.75, -3.61, -3.57, -3.55, -1.5, -1.52, -1.55, -1.6, -1.66, -1.77, -1.93, -2.2, -2.65, -3.03, -2.47, -2.8, -2.77, -3.62, -3.63, -3.64, -3.58, -3.53, -3.56, -3.55, -1.51, -1.54, -1.57, -1.62, -1.69, -1.78, -1.94, -2.18, -2.6, -2.93, -2.82, -2.63, -2.62, -3.61, -3.62, -3.15, -3.28, -3.31, -3.55, -3.55, -1.52, -1.54, -1.58, -1.62, -1.67, -1.75, -1.85, -1.99, -2.13, -2.14, -2.37, -2.32, -2.4, -2.52, -2.78, -2.98, -3.11, -3.16, -3.15, -3.12, -1.52, -1.54, -1.57, -1.6, -1.64, -1.69, -1.73, -1.75, -1.7, -1.89, -1.73, -1.83, -2.05, -2.25, -2.6, -2.81, -2.94, -3.02, -3.04, -3.03, -1.52, -1.54, -1.56, -1.58, -1.6, -1.61, -1.61, -1.56, -1.4, -1.33, -0.87, -1.47, -1.86, -2.11, -2.45, -2.66, -2.8, -2.89, -2.93, -2.95, -1.51, -1.53, -1.54, -1.55, -1.56, -1.55, -1.52, -1.44, -1.67, -1.29, -1.06, -1.44, -1.79, -2.04, -2.34, -2.54, -2.68, -2.78, -2.83, -2.86, -1.51, -1.51, -1.52, -1.53, -1.52, -1.51, -1.47, -1.4, -1.72, -1.53, -1.47, -1.61, -1.82, -2.02, -2.28, -2.46, -2.59, -2.69, -2.75, -2.79, -1.5, -1.5, -1.51, -1.5, -1.5, -1.48, -1.44, -1.93, -1.82, -1.72, -1.7, -1.77, -1.9, -2.04, -2.25, -2.41, -2.53, -2.62, -2.68, -2.73]}, {"header": {"refTime": "2023-09-04T13:00:00.000Z", "nx": 21, "ny": 33, "lo1": 113.509, "la1": 22.2235, "lo2": 113.5947, "la2": 22.1034, "dx": 0.0042850000000001385, "dy": 0.003753125000000024, "parameterCategory": 0, "parameterCategoryName": "Temperature", "parameterNumber": 0}, "data": [[33.34, 33.34, 33.35, 33.27, 33.28, 33.45, 33.44, 33.44, 33.44, 33.35, 33.36, 33.36, 33.55, 33.56, 33.4, 33.38, 33.45, 33.44, 33.43, 33.42], [33.34, 33.34, 33.34, 33.35, 33.28, 33.29, 33.44, 33.43, 33.43, 33.36, 33.36, 33.37, 33.56, 33.57, 33.4, 33.46, 33.44, 33.43, 33.42, 33.41], [33.34, 33.34, 33.34, 33.35, 33.28, 33.29, 33.3, 33.43, 33.41, 33.37, 33.36, 33.38, 33.57, 33.57, 33.48, 33.46, 33.43, 33.41, 33.4, 33.4], [33.33, 33.34, 33.34, 33.34, 33.35, 33.28, 33.29, 33.31, 33.33, 33.35, 33.36, 33.4, 33.58, 33.48, 33.49, 33.45, 33.41, 33.39, 33.38, 33.38], [33.33, 33.33, 33.33, 33.34, 33.34, 33.27, 33.28, 33.28, 33.28, 33.31, 33.34, 33.48, 33.55, 33.5, 33.49, 33.43, 33.38, 33.35, 33.35, 33.36], [33.33, 33.33, 33.33, 33.33, 33.34, 33.34, 33.27, 33.27, 33.25, 33.2, 33.36, 33.45, 33.52, 33.63, 33.48, 33.4, 33.32, 33.29, 33.31, 33.33], [33.29, 33.32, 33.32, 33.32, 33.33, 33.34, 33.22, 33.28, 33.26, 33.23, 33.2, 33.41, 33.66, 33.65, 33.47, 33.37, 33.24, 33.19, 33.19, 33.22], [33.29, 33.28, 33.28, 33.29, 33.29, 33.21, 33.23, 33.28, 33.36, 33.2, 33.03, 33.45, 33.46, 33.65, 33.32, 33.39, 33.26, 33.21, 33.28, 33.33], [33.31, 33.31, 33.28, 33.27, 33.27, 33.28, 33.3, 33.24, 33.24, 33.25, 33.21, 33.33, 33.38, 33.31, 33.34, 33.41, 33.34, 33.3, 33.32, 33.35], [33.2, 33.2, 33.2, 33.29, 33.28, 33.25, 33.27, 33.3, 33.12, 33.14, 33.39, 33.25, 33.3, 33.27, 33.34, 33.44, 33.39, 33.36, 33.36, 33.37], [33.2, 33.2, 33.2, 33.2, 33.2, 33.2, 33.2, 33.2, 33.27, 33.23, 32.9, 33.2, 33.24, 33.24, 33.33, 33.46, 33.42, 33.4, 33.4, 33.4], [33.2, 33.2, 33.2, 33.2, 33.2, 33.2, 33.2, 33.2, 33.2, -999.0, 32.9, 33.7, 33.7, 33.22, 33.33, 33.48, 33.46, 33.55, 33.54, 33.54], [33.2, 33.2, 33.2, 33.2, 33.2, 33.2, 33.2, 33.2, 33.2, 33.2, -999.0, 33.7, 33.7, 33.83, 33.77, 33.39, 33.39, 33.48, 33.47, 33.46], [33.2, 33.2, 33.2, 33.2, 33.2, 33.2, 33.2, 33.2, 33.2, 33.2, -999.0, 33.9, 33.9, 33.9, 33.79, 33.46, 33.45, 33.55, 33.52, 33.51], [33.2, 33.2, 33.2, 33.2, 33.2, 33.2, 33.2, 33.8, 33.8, 33.8, 33.8, 33.84, 33.9, 33.9, 33.9, 33.53, 33.51, 33.6, 33.57, 33.55], [33.2, 33.2, 33.58, 33.58, 33.6, 33.8, 33.8, 33.8, 33.8, 33.8, 33.86, 33.86, 33.87, 33.87, 33.86, 33.06, 32.93, 33.15, 33.06, 33.01], [33.59, 33.59, 33.41, 33.42, 33.8, 33.8, 33.8, 33.8, 33.8, 33.8, 33.84, 33.86, 33.87, 33.88, 33.63, 33.46, 33.3, 33.18, 33.1, 33.04], [33.41, 33.42, 33.43, 33.45, 33.8, 33.8, 33.8, 33.8, 33.8, 33.83, 33.84, 33.85, 33.87, 33.64, 33.86, 33.51, 33.28, 33.14, 33.05, 33.0], [33.43, 33.44, 33.45, 33.8, 33.8, 33.8, 33.8, 33.8, 33.81, 33.82, 33.59, 33.59, 33.46, 33.54, 33.54, 33.37, 33.19, 33.06, 32.99, 32.94], [33.43, 33.44, 33.06, 33.09, 33.14, 33.21, 33.32, 33.59, 33.67, 33.59, 33.54, 33.54, 33.36, 33.35, 33.24, 33.14, 33.03, 32.94, 32.9, 32.88], [33.01, 33.03, 33.05, 33.26, 33.29, 33.33, 33.38, 33.43, 33.51, 33.48, 33.46, 33.46, 33.24, 33.06, 33.01, 32.92, 32.84, 32.8, 32.8, 32.81], [33.19, 33.2, 33.21, 33.22, 33.23, 33.24, 33.25, 33.37, 33.35, 33.34, 33.34, 33.36, 32.71, 32.91, 32.83, 32.72, 32.64, 32.65, 32.7, 32.75], [33.17, 33.17, 33.17, 33.35, 33.34, 33.32, 33.29, 33.25, 33.2, 33.17, 33.19, 32.65, 32.44, 32.8, 32.7, 32.55, 32.4, 32.5, 32.64, 32.71], [33.37, 33.36, 33.35, 33.33, 33.31, 33.27, 33.22, 33.14, 33.04, 32.99, 33.06, 32.63, 32.44, 32.43, 32.4, 32.49, 32.03, 32.55, 32.66, 32.7], [33.36, 33.35, 33.34, 33.32, 33.29, 33.25, 33.18, 33.07, 32.88, 32.72, 32.96, 32.68, 32.63, 32.44, 32.43, 32.43, 32.66, 32.86, 32.72, 32.72], [33.36, 33.35, 33.33, 33.31, 33.29, 33.25, 33.19, 33.08, 32.91, 32.77, 32.74, 32.78, 32.72, 32.46, 32.46, 32.7, 32.72, 32.75, 32.74, 32.73], [33.36, 33.35, 33.34, 33.32, 33.3, 33.27, 33.23, 33.18, 33.12, 33.12, 32.94, 32.93, 32.84, 32.97, 32.86, 32.79, 32.76, 32.76, 32.75, 32.75], [33.36, 33.35, 33.34, 33.33, 33.32, 33.3, 33.29, 33.29, 33.32, 33.18, 33.26, 33.4, 33.34, 33.31, 32.95, 32.86, 32.82, 32.8, 32.79, 32.78], [33.36, 33.36, 33.35, 33.34, 33.34, 33.34, 33.35, 33.38, 33.46, 33.46, 33.76, 33.54, 33.42, 33.36, 33.02, 32.93, 32.87, 32.84, 32.82, 32.81], [33.37, 33.36, 33.36, 33.36, 33.36, 33.37, 33.39, 33.43, 33.45, 33.6, 33.69, 33.56, 33.45, 33.38, 33.06, 32.98, 32.92, 32.88, 32.86, 32.84], [33.37, 33.37, 33.37, 33.37, 33.38, 33.39, 33.41, 33.45, 33.44, 33.51, 33.54, 33.5, 33.44, 33.39, 33.09, 33.01, 32.96, 32.92, 32.89, 32.87], [33.38, 33.38, 33.38, 33.38, 33.39, 33.4, 33.42, 33.37, 33.41, 33.45, 33.47, 33.45, 33.41, 33.38, 33.1, 33.04, 32.98, 32.94, 32.92, 32.9]]}]