gis_exercise/awsData/contour/wdir_2023090621.json
[{"header": {"refTime": "2023-09-06T21:00:00.000Z", "nx": 21, "ny": 33, "lo1": 113.509, "la1": 22.2235, "lo2": 113.5947, "la2": 22.1034, "dx": 0.0042850000000001385, "dy": 0.003753125000000024, "parameterCategory": 2, "parameterCategoryName": "Temperature", "parameterNumber": 2}, "data": [-0.12, -0.12, -0.12, -0.11, -0.12, -0.28, -0.29, -0.3, -0.32, -0.52, -0.57, -0.62, -0.73, -0.76, -0.61, -0.6, -0.73, -0.71, -0.69, -0.68, -0.12, -0.12, -0.12, -0.12, -0.12, -0.13, -0.27, -0.29, -0.3, -0.49, -0.57, -0.64, -0.76, -0.78, -0.64, -0.75, -0.72, -0.69, -0.68, -0.67, -0.12, -0.12, -0.11, -0.11, -0.11, -0.12, -0.15, -0.27, -0.27, -0.46, -0.59, -0.69, -0.81, -0.83, -0.79, -0.74, -0.7, -0.67, -0.65, -0.65, -0.12, -0.12, -0.11, -0.11, -0.1, -0.1, -0.12, -0.16, -0.19, -0.5, -0.63, -0.76, -0.89, -0.92, -0.8, -0.73, -0.67, -0.64, -0.62, -0.62, -0.13, -0.12, -0.11, -0.1, -0.09, -0.07, -0.08, -0.1, -0.12, -0.58, -0.68, -0.93, -1.04, -0.94, -0.8, -0.7, -0.63, -0.59, -0.58, -0.59, -0.13, -0.13, -0.12, -0.11, -0.09, -0.06, -0.03, -0.02, -0.05, -0.11, -0.79, -0.88, -0.96, -0.94, -0.77, -0.65, -0.55, -0.5, -0.53, -0.56, -0.25, -0.14, -0.13, -0.12, -0.1, -0.05, -0.04, 0.09, 0.07, -0.23, -0.39, -0.79, -0.87, -0.88, -0.73, -0.6, -0.44, -0.38, -0.45, -0.51, -0.26, -0.26, -0.25, -0.11, -0.1, -0.14, -0.04, 0.13, 0.27, -0.24, -0.46, -0.7, -0.72, -0.82, -0.58, -0.49, -0.39, -0.35, -0.41, -0.45, -0.28, -0.28, -0.28, -0.28, -0.16, -0.13, -0.04, 0.01, 0.1, -0.22, -0.62, -0.68, -0.68, -0.68, -0.59, -0.52, -0.46, -0.43, -0.44, -0.46, -0.45, -0.45, -0.46, -0.33, -0.35, -0.27, -0.17, -0.05, -0.0, -0.06, -0.64, -0.66, -0.66, -0.67, -0.6, -0.55, -0.5, -0.48, -0.48, -0.48, -0.45, -0.45, -0.46, -0.47, -0.48, -0.52, -0.44, -0.37, -0.07, -0.07, -0.43, -0.66, -0.66, -0.66, -0.6, -0.56, -0.53, -0.51, -0.5, -0.5, -0.45, -0.46, -0.46, -0.47, -0.48, -0.48, -0.43, -0.31, -0.24, -0.35, -0.39, -0.53, -0.56, -0.66, -0.59, -0.57, -0.55, -0.41, -0.4, -0.4, -0.45, -0.46, -0.46, -0.47, -0.48, -0.49, -0.49, -0.36, -0.28, -0.33, -0.41, -0.5, -0.53, -0.61, -0.6, -0.44, -0.42, -0.41, -0.41, -0.4, -0.45, -0.46, -0.46, -0.47, -0.48, -0.51, -0.59, -0.45, -0.38, -0.37, -0.42, -0.36, -0.38, -0.39, -0.57, -0.43, -0.42, -0.41, -0.41, -0.41, -0.45, -0.46, -0.46, -0.47, -0.48, -0.49, -0.5, -0.55, -0.53, -0.53, -0.54, -0.46, -0.37, -0.38, -0.38, -0.41, -0.41, -0.41, -0.41, -0.41, -0.45, -0.45, -0.7, -0.7, -0.71, -0.6, -0.6, -0.6, -0.6, -0.6, -0.51, -0.49, -0.47, -0.55, -0.53, -0.3, -0.28, -0.26, -0.15, -0.14, -0.71, -0.71, -0.72, -0.72, -0.63, -0.64, -0.66, -0.68, -0.69, -0.68, -0.57, -0.52, -0.48, -0.43, -0.36, -0.13, -0.05, 0.02, 0.06, 0.1, -0.72, -0.73, -0.73, -0.74, -0.65, -0.68, -0.72, -0.78, -0.8, -0.8, -0.73, -0.55, -0.48, -0.37, -0.36, -0.15, -0.04, 0.04, 0.09, 0.12, -0.73, -0.74, -0.75, -0.66, -0.68, -0.71, -0.77, -0.86, -0.96, -0.84, -0.65, -0.57, -0.42, -0.37, -0.17, -0.09, 0.01, 0.08, 0.12, 0.15, -0.74, -0.75, -0.64, -0.66, -0.68, -0.71, -0.76, -0.83, -0.85, -0.74, -0.63, -0.56, -0.4, -0.35, -0.02, 0.03, 0.09, 0.13, 0.16, 0.18, -0.62, -0.62, -0.63, -0.64, -0.65, -0.67, -0.7, -0.73, -0.7, -0.65, -0.58, -0.53, -0.38, 0.07, 0.09, 0.13, 0.17, 0.2, 0.21, 0.22, -0.61, -0.61, -0.61, -0.62, -0.62, -0.63, -0.63, -0.53, -0.57, -0.55, -0.52, -0.49, -0.07, 0.15, 0.18, 0.22, 0.25, 0.27, 0.27, 0.26, -0.59, -0.59, -0.59, -0.44, -0.45, -0.45, -0.44, -0.43, -0.4, -0.38, -0.38, -0.27, 0.22, 0.2, 0.24, 0.28, 0.31, 0.32, 0.31, 0.29, -0.42, -0.42, -0.41, -0.41, -0.41, -0.39, -0.37, -0.34, -0.3, -0.28, -0.29, -0.0, 0.21, 0.26, 0.31, 0.32, 0.33, 0.39, 0.35, 0.32, -0.4, -0.4, -0.39, -0.38, -0.37, -0.35, -0.33, -0.28, -0.22, -0.18, -0.23, -0.01, 0.03, 0.26, 0.31, 0.36, 0.4, 0.44, 0.37, 0.33, -0.38, -0.38, -0.37, -0.36, -0.34, -0.32, -0.29, -0.26, -0.21, -0.17, -0.05, -0.02, 0.02, 0.25, 0.3, 0.36, 0.39, 0.4, 0.35, 0.33, -0.37, -0.36, -0.35, -0.34, -0.32, -0.3, -0.27, -0.24, -0.21, -0.19, -0.04, -0.02, 0.01, 0.25, 0.3, 0.33, 0.36, 0.37, 0.37, 0.36, -0.36, -0.35, -0.34, -0.33, -0.31, -0.29, -0.26, -0.23, -0.2, -0.04, -0.04, 0.01, 0.05, 0.1, 0.27, 0.3, 0.33, 0.34, 0.35, 0.34, -0.35, -0.34, -0.33, -0.31, -0.3, -0.28, -0.25, -0.22, -0.19, -0.04, -0.04, 0.0, 0.04, 0.09, 0.25, 0.28, 0.3, 0.32, 0.33, 0.33, -0.34, -0.33, -0.32, -0.31, -0.29, -0.27, -0.25, -0.22, -0.0, -0.02, -0.02, 0.0, 0.04, 0.08, 0.23, 0.26, 0.28, 0.3, 0.31, 0.31, -0.34, -0.33, -0.32, -0.3, -0.29, -0.27, -0.25, -0.22, 0.01, 0.0, 0.0, 0.02, 0.05, 0.08, 0.22, 0.25, 0.27, 0.28, 0.3, 0.3, -0.33, -0.32, -0.31, -0.3, -0.29, -0.27, -0.25, 0.02, 0.02, 0.02, 0.02, 0.04, 0.06, 0.08, 0.22, 0.24, 0.26, 0.27, 0.28, 0.29]}, {"header": {"refTime": "2023-09-06T21:00:00.000Z", "nx": 21, "ny": 33, "lo1": 113.509, "la1": 22.2235, "lo2": 113.5947, "la2": 22.1034, "dx": 0.0042850000000001385, "dy": 0.003753125000000024, "parameterCategory": 2, "parameterCategoryName": "Temperature", "parameterNumber": 3}, "data": [0.58, 0.56, 0.54, 0.32, 0.3, 0.42, 0.38, 0.33, 0.32, 0.24, 0.31, 0.38, 0.76, 0.81, 0.8, 0.84, 1.36, 1.37, 1.38, 1.39, 0.6, 0.58, 0.55, 0.52, 0.3, 0.27, 0.34, 0.25, 0.2, 0.19, 0.3, 0.4, 0.79, 0.85, 0.83, 1.35, 1.37, 1.38, 1.39, 1.39, 0.61, 0.6, 0.58, 0.54, 0.32, 0.28, 0.22, 0.19, -0.06, 0.14, 0.33, 0.46, 0.85, 0.89, 1.32, 1.35, 1.37, 1.38, 1.39, 1.4, 0.63, 0.62, 0.6, 0.58, 0.54, 0.32, 0.27, 0.18, 0.09, 0.21, 0.39, 0.56, 0.93, 1.04, 1.31, 1.35, 1.38, 1.39, 1.4, 1.4, 0.66, 0.65, 0.64, 0.62, 0.6, 0.38, 0.36, 0.32, 0.3, 0.33, 0.47, 1.01, 1.02, 1.04, 1.32, 1.37, 1.39, 1.41, 1.41, 1.41, 0.68, 0.68, 0.68, 0.67, 0.66, 0.65, 0.46, 0.48, 0.47, 0.43, 0.94, 1.02, 1.05, 1.2, 1.35, 1.39, 1.42, 1.43, 1.43, 1.42, 0.93, 0.71, 0.72, 0.72, 0.73, 0.73, 0.85, 0.63, 0.64, 0.84, 0.82, 1.07, 1.32, 1.27, 1.4, 1.42, 1.45, 1.46, 1.33, 1.29, 0.93, 0.93, 0.94, 0.88, 0.89, 0.88, 0.87, 0.89, 0.97, 0.78, 0.55, 1.24, 1.36, 1.31, 1.4, 1.42, 1.44, 1.45, 1.44, 1.43, 0.93, 0.93, 0.94, 0.95, 0.9, 0.9, 0.89, 0.88, 0.72, 0.87, 0.9, 1.13, 1.14, 1.14, 1.37, 1.4, 1.42, 1.43, 1.43, 1.42, 0.75, 0.76, 0.78, 0.95, 0.97, 0.94, 0.89, 0.83, 0.61, 0.58, 0.99, 1.06, 1.06, 1.09, 1.35, 1.38, 1.4, 1.41, 1.42, 1.42, 0.75, 0.76, 0.78, 0.81, 0.87, 1.06, 0.81, 0.67, 0.7, 0.54, 0.6, 1.05, 1.07, 1.08, 1.35, 1.37, 1.39, 1.4, 1.41, 1.41, 0.75, 0.75, 0.77, 0.79, 0.82, 0.83, 0.73, 0.57, 0.5, 0.57, 0.57, 1.02, 1.06, 1.06, 1.35, 1.37, 1.38, 1.21, 1.22, 1.22, 0.74, 0.74, 0.75, 0.75, 0.75, 0.72, 0.66, 0.58, 0.53, 0.58, 0.63, 0.97, 1.03, 1.23, 1.23, 1.16, 1.17, 1.19, 1.2, 1.2, 0.73, 0.73, 0.73, 0.73, 0.71, 0.68, 0.64, 0.62, 0.6, 0.61, 0.62, 0.78, 0.82, 0.85, 1.21, 1.14, 1.16, 1.17, 1.18, 1.18, 0.72, 0.72, 0.72, 0.71, 0.7, 0.68, 0.66, 0.65, 0.65, 0.66, 0.68, 0.83, 0.84, 0.87, 0.89, 1.13, 1.14, 1.15, 1.16, 1.17, 0.72, 0.71, 0.91, 0.9, 0.89, 0.7, 0.7, 0.71, 0.72, 0.73, 0.85, 0.87, 0.9, 1.05, 1.05, 1.04, 1.04, 1.04, 1.16, 1.17, 0.93, 0.92, 0.92, 0.92, 0.73, 0.74, 0.77, 0.79, 0.81, 0.8, 0.9, 0.91, 0.93, 0.96, 1.05, 1.08, 1.09, 1.1, 1.11, 1.12, 0.93, 0.93, 0.93, 0.93, 0.76, 0.79, 0.83, 0.89, 0.92, 1.0, 0.99, 0.94, 0.95, 1.05, 1.04, 1.07, 1.09, 1.1, 1.11, 1.12, 0.94, 0.94, 0.94, 0.77, 0.79, 0.82, 0.88, 0.98, 1.09, 1.03, 1.15, 1.14, 1.06, 1.06, 1.07, 1.08, 1.1, 1.11, 1.12, 1.12, 0.94, 0.94, 1.03, 1.04, 1.05, 1.06, 1.07, 1.09, 1.14, 1.15, 1.16, 1.15, 1.07, 1.06, 1.09, 1.1, 1.11, 1.12, 1.13, 1.13, 1.04, 1.05, 1.05, 1.06, 1.07, 1.08, 1.09, 1.11, 1.17, 1.17, 1.18, 1.17, 1.07, 1.11, 1.11, 1.12, 1.12, 1.13, 1.13, 1.14, 1.06, 1.06, 1.07, 1.08, 1.09, 1.11, 1.12, 1.03, 1.2, 1.2, 1.2, 1.19, 1.16, 1.12, 1.12, 1.13, 1.13, 1.14, 1.14, 1.14, 1.07, 1.08, 1.09, 0.96, 0.97, 0.99, 1.01, 1.03, 1.05, 1.06, 1.03, 1.22, 1.25, 1.13, 1.13, 1.13, 1.13, 1.14, 1.15, 1.15, 0.92, 0.92, 0.93, 0.94, 0.96, 0.98, 1.0, 1.04, 1.09, 1.11, 1.06, 0.98, 1.26, 1.23, 1.21, 1.14, 1.11, 1.17, 1.17, 1.16, 0.91, 0.91, 0.92, 0.93, 0.94, 0.96, 0.99, 1.05, 1.16, 1.25, 1.09, 0.97, 0.92, 1.24, 1.21, 1.2, 1.18, 1.21, 1.18, 1.16, 0.89, 0.9, 0.9, 0.91, 0.91, 0.93, 0.95, 1.01, 1.11, 1.21, 1.03, 0.91, 0.87, 1.24, 1.22, 1.01, 1.07, 1.09, 1.17, 1.17, 0.88, 0.88, 0.88, 0.88, 0.88, 0.89, 0.9, 0.91, 0.93, 0.92, 0.83, 0.78, 0.79, 0.78, 0.88, 0.95, 1.01, 1.03, 1.02, 1.01, 0.87, 0.87, 0.86, 0.86, 0.85, 0.84, 0.83, 0.8, 0.75, 0.63, 0.56, 0.65, 0.74, 0.82, 0.82, 0.89, 0.94, 0.97, 0.98, 0.98, 0.85, 0.85, 0.84, 0.83, 0.82, 0.8, 0.77, 0.71, 0.61, 0.41, 0.24, 0.5, 0.66, 0.76, 0.77, 0.84, 0.89, 0.92, 0.94, 0.94, 0.84, 0.84, 0.83, 0.81, 0.8, 0.77, 0.73, 0.66, 0.58, 0.42, 0.32, 0.48, 0.63, 0.73, 0.73, 0.8, 0.85, 0.88, 0.9, 0.91, 0.83, 0.82, 0.81, 0.8, 0.78, 0.75, 0.71, 0.65, 0.6, 0.52, 0.49, 0.55, 0.64, 0.72, 0.71, 0.77, 0.82, 0.85, 0.87, 0.89, 0.82, 0.81, 0.8, 0.79, 0.77, 0.74, 0.7, 0.69, 0.64, 0.6, 0.59, 0.62, 0.68, 0.73, 0.7, 0.75, 0.79, 0.82, 0.85, 0.86]}, {"header": {"refTime": "2023-09-06T21:00:00.000Z", "nx": 21, "ny": 33, "lo1": 113.509, "la1": 22.2235, "lo2": 113.5947, "la2": 22.1034, "dx": 0.0042850000000001385, "dy": 0.003753125000000024, "parameterCategory": 0, "parameterCategoryName": "Temperature", "parameterNumber": 0}, "data": [[28.77, 28.74, 28.69, 28.1, 28.06, 28.46, 28.36, 28.27, 28.24, 27.85, 27.96, 28.08, 28.45, 28.51, 28.65, 28.68, 29.04, 29.04, 29.03, 29.02], [28.8, 28.77, 28.72, 28.66, 28.07, 28.0, 28.3, 28.11, 27.99, 27.77, 27.96, 28.13, 28.52, 28.58, 28.71, 29.06, 29.04, 29.03, 29.03, 29.02], [28.83, 28.8, 28.76, 28.7, 28.11, 28.04, 27.92, 27.98, 27.47, 27.7, 28.0, 28.24, 28.64, 28.68, 29.08, 29.06, 29.04, 29.03, 29.02, 29.02], [28.87, 28.85, 28.82, 28.77, 28.7, 28.12, 28.02, 27.85, 27.69, 27.8, 28.1, 28.42, 28.84, 28.82, 29.09, 29.06, 29.04, 29.03, 29.02, 29.02], [28.91, 28.9, 28.88, 28.86, 28.82, 28.24, 28.2, 28.13, 28.06, 27.93, 28.19, 28.85, 29.17, 28.89, 29.08, 29.05, 29.03, 29.02, 29.01, 29.01], [28.96, 28.96, 28.96, 28.95, 28.94, 28.94, 28.41, 28.44, 28.38, 28.22, 28.42, 28.69, 28.95, 29.13, 29.05, 29.03, 29.01, 29.01, 29.01, 29.01], [29.68, 29.01, 29.03, 29.04, 29.06, 29.1, 29.17, 28.82, 28.8, 28.49, 28.19, 28.42, 28.94, 28.99, 29.0, 29.0, 29.0, 29.0, 29.07, 29.1], [29.67, 29.67, 29.67, 29.67, 29.68, 29.18, 29.22, 29.39, 29.54, 28.42, 27.74, 28.23, 28.24, 29.0, 28.85, 28.81, 28.9, 28.93, 28.88, 28.84], [29.73, 29.72, 29.65, 29.65, 29.64, 29.66, 29.71, 29.26, 29.1, 28.56, 27.86, 28.04, 28.12, 28.01, 28.84, 28.79, 28.84, 28.86, 28.85, 28.83], [29.5, 29.5, 29.5, 29.69, 29.66, 29.59, 29.64, 29.71, 28.48, 28.62, 28.13, 27.93, 27.99, 27.96, 28.84, 28.77, 28.81, 28.82, 28.82, 28.82], [29.5, 29.5, 29.5, 29.5, 29.5, 29.5, 29.5, 29.5, 29.64, 29.05, 27.4, 27.86, 27.91, 27.91, 28.84, 28.76, 28.79, 28.8, 28.8, 28.8], [29.5, 29.5, 29.5, 29.5, 29.5, 29.5, 29.5, 29.5, 29.5, -999.0, 27.4, 28.6, 28.6, 27.88, 28.85, 28.75, 28.76, 28.32, 28.33, 28.34], [29.5, 29.5, 29.5, 29.5, 29.5, 29.5, 29.5, 29.5, 29.5, 29.5, -999.0, 28.6, 28.6, 28.08, 28.31, 28.56, 28.57, 28.42, 28.45, 28.46], [29.5, 29.5, 29.5, 29.5, 29.5, 29.5, 29.5, 29.5, 29.5, 29.5, -999.0, 27.8, 27.8, 27.8, 28.24, 28.46, 28.48, 28.33, 28.36, 28.39], [29.5, 29.5, 29.5, 29.5, 29.5, 29.5, 29.5, 29.0, 29.0, 29.0, 29.0, 28.54, 27.8, 27.8, 27.8, 28.35, 28.39, 28.25, 28.29, 28.33], [29.5, 29.5, 29.19, 29.18, 29.17, 29.0, 29.0, 29.0, 29.0, 29.0, 28.24, 28.33, 28.21, 28.12, 28.23, 28.02, 28.05, 27.99, 28.27, 28.31], [29.18, 29.18, 29.32, 29.32, 29.0, 29.0, 29.0, 29.0, 29.0, 29.0, 28.48, 28.34, 28.18, 28.03, 28.01, 27.85, 27.87, 27.88, 27.89, 27.9], [29.32, 29.32, 29.31, 29.29, 29.0, 29.0, 29.0, 29.0, 29.0, 28.7, 28.53, 28.35, 28.17, 28.02, 27.83, 27.85, 27.87, 27.89, 27.9, 27.9], [29.31, 29.3, 29.29, 29.0, 29.0, 29.0, 29.0, 29.0, 28.89, 28.77, 28.45, 28.29, 28.24, 28.09, 27.84, 27.86, 27.89, 27.9, 27.9, 27.91], [29.3, 29.3, 28.37, 28.4, 28.44, 28.5, 28.59, 28.82, 28.77, 28.6, 28.43, 28.3, 28.29, 28.2, 27.88, 27.89, 27.91, 27.92, 27.92, 27.91], [28.33, 28.35, 28.37, 28.55, 28.57, 28.6, 28.64, 28.69, 28.55, 28.48, 28.37, 28.28, 28.34, 27.9, 27.91, 27.93, 27.94, 27.94, 27.93, 27.92], [28.49, 28.49, 28.5, 28.51, 28.52, 28.53, 28.54, 28.53, 28.4, 28.35, 28.3, 28.25, 28.02, 27.92, 27.94, 27.96, 27.97, 27.96, 27.94, 27.92], [28.47, 28.47, 28.47, 28.47, 28.47, 28.46, 28.44, 28.42, 28.38, 28.36, 28.36, 28.36, 27.95, 27.93, 27.96, 28.0, 28.04, 27.99, 27.94, 27.92], [28.46, 28.46, 28.45, 28.45, 28.43, 28.41, 28.37, 28.32, 28.25, 28.21, 28.26, 28.17, 27.94, 27.96, 27.97, 28.0, 28.19, 27.93, 27.9, 27.91], [28.45, 28.45, 28.44, 28.42, 28.4, 28.37, 28.33, 28.25, 28.13, 28.03, 28.17, 28.17, 28.22, 27.95, 27.96, 27.96, 27.87, 27.76, 27.86, 27.89], [28.44, 28.43, 28.42, 28.41, 28.39, 28.36, 28.31, 28.24, 28.13, 28.05, 28.11, 28.19, 28.23, 27.94, 27.94, 28.02, 27.95, 27.91, 27.87, 27.89], [28.43, 28.42, 28.41, 28.4, 28.38, 28.35, 28.32, 28.28, 28.23, 28.22, 28.2, 28.24, 28.26, 28.14, 28.09, 28.04, 28.0, 27.98, 27.98, 28.0], [28.43, 28.42, 28.41, 28.4, 28.38, 28.36, 28.34, 28.32, 28.32, 28.28, 28.32, 28.17, 28.1, 28.03, 28.12, 28.07, 28.04, 28.02, 28.02, 28.02], [28.42, 28.42, 28.41, 28.4, 28.38, 28.37, 28.36, 28.36, 28.37, 28.38, 28.41, 28.26, 28.15, 28.07, 28.15, 28.1, 28.07, 28.05, 28.05, 28.04], [28.42, 28.41, 28.41, 28.4, 28.39, 28.38, 28.38, 28.38, 28.22, 28.31, 28.36, 28.26, 28.17, 28.09, 28.17, 28.13, 28.1, 28.08, 28.07, 28.06], [28.42, 28.41, 28.41, 28.4, 28.39, 28.39, 28.39, 28.39, 28.2, 28.24, 28.26, 28.22, 28.15, 28.1, 28.18, 28.14, 28.12, 28.1, 28.09, 28.08], [28.42, 28.41, 28.41, 28.4, 28.4, 28.4, 28.39, 28.15, 28.17, 28.19, 28.2, 28.17, 28.13, 28.09, 28.18, 28.15, 28.13, 28.11, 28.1, 28.09]]}]