gis_exercise/awsData/contour/wdir_2023090218.json
[{"header": {"refTime": "2023-09-02T18:00:00.000Z", "nx": 21, "ny": 33, "lo1": 113.509, "la1": 22.2235, "lo2": 113.5947, "la2": 22.1034, "dx": 0.0042850000000001385, "dy": 0.003753125000000024, "parameterCategory": 2, "parameterCategoryName": "Temperature", "parameterNumber": 2}, "data": [-3.21, -3.21, -3.2, -3.41, -3.39, -3.84, -3.78, -3.72, -3.72, -3.8, -3.97, -4.14, -4.2, -4.26, -6.28, -6.51, -6.84, -6.96, -7.04, -7.1, -3.21, -3.21, -3.21, -3.2, -3.39, -3.35, -3.71, -3.57, -3.5, -3.67, -3.96, -4.21, -4.3, -4.36, -6.36, -6.74, -6.92, -7.07, -7.16, -7.21, -3.22, -3.22, -3.21, -3.21, -3.41, -3.36, -3.29, -3.45, -3.04, -3.56, -4.02, -4.36, -4.48, -4.51, -6.53, -6.8, -7.04, -7.23, -7.33, -7.36, -3.22, -3.22, -3.22, -3.22, -3.22, -3.4, -3.35, -3.25, -3.16, -3.73, -4.18, -4.61, -4.8, -4.87, -6.52, -6.9, -7.25, -7.48, -7.56, -7.55, -3.22, -3.22, -3.23, -3.24, -3.24, -3.46, -3.44, -3.4, -3.39, -3.98, -4.34, -4.96, -5.44, -4.97, -6.53, -7.08, -7.59, -7.87, -7.89, -7.78, -3.22, -3.22, -3.23, -3.24, -3.26, -3.29, -3.53, -3.55, -3.56, -3.57, -4.38, -4.69, -5.05, -5.51, -6.57, -7.36, -8.16, -8.5, -8.31, -8.02, -5.53, -3.22, -3.23, -3.24, -3.27, -3.32, -3.61, -3.67, -3.7, -3.74, -3.7, -4.18, -5.15, -5.38, -6.59, -7.64, -8.98, -9.48, -9.29, -8.96, -5.56, -5.46, -5.35, -4.98, -4.92, -3.48, -3.58, -3.72, -3.85, -3.75, -3.72, -4.26, -4.41, -5.41, -7.05, -7.98, -9.12, -9.53, -8.92, -8.5, -5.61, -5.5, -5.36, -5.18, -4.79, -4.78, -4.91, -3.62, -4.92, -3.74, -4.6, -5.02, -5.87, -5.46, -7.01, -7.7, -8.39, -8.69, -8.56, -8.34, -7.35, -7.19, -6.96, -5.17, -4.77, -4.37, -4.92, -5.5, -5.89, -5.67, -4.98, -5.53, -6.28, -5.69, -7.03, -7.47, -7.91, -8.16, -8.2, -8.12, -7.41, -7.26, -7.03, -6.61, -5.72, -3.13, -6.36, -7.96, -6.87, -6.63, -7.21, -5.4, -5.61, -5.53, -7.04, -7.34, -7.63, -7.83, -7.92, -7.92, -7.51, -7.4, -7.24, -6.99, -6.57, -6.36, -7.6, -8.89, -9.34, -9.75, -7.6, -7.14, -6.93, -5.36, -7.05, -7.26, -7.47, -8.54, -8.59, -8.61, -7.63, -7.58, -7.54, -7.52, -7.66, -8.27, -9.2, -9.27, -9.34, -8.98, -9.59, -7.34, -7.1, -6.1, -6.11, -8.17, -8.27, -8.35, -8.41, -8.45, -7.75, -7.76, -7.81, -7.95, -8.3, -9.09, -10.45, -9.46, -9.14, -8.94, -9.69, -8.29, -8.09, -7.95, -6.18, -8.0, -8.09, -8.17, -8.25, -8.31, -7.87, -7.91, -8.01, -8.19, -8.51, -8.99, -9.37, -8.66, -8.15, -7.75, -7.46, -6.03, -7.98, -7.82, -7.73, -7.82, -7.91, -8.01, -8.1, -8.18, -7.96, -8.02, -5.37, -5.57, -5.83, -7.86, -7.76, -7.41, -7.02, -6.79, -5.45, -5.65, -5.87, -5.55, -5.76, -7.13, -7.16, -7.2, -8.01, -8.09, -5.01, -5.07, -5.14, -5.2, -7.08, -6.86, -6.44, -5.88, -5.51, -5.56, -4.81, -5.3, -5.75, -6.15, -6.14, -6.63, -6.55, -6.48, -6.43, -6.39, -4.89, -4.89, -4.88, -4.82, -6.43, -5.95, -5.16, -4.08, -3.53, -3.63, -4.46, -4.98, -5.64, -6.05, -6.76, -6.66, -6.55, -6.47, -6.41, -6.37, -4.75, -4.72, -4.64, -6.31, -5.92, -5.27, -4.23, -2.51, -0.92, -2.76, -3.56, -4.48, -5.13, -5.84, -6.68, -6.6, -6.51, -6.43, -6.38, -6.34, -4.63, -4.56, -5.93, -5.68, -5.31, -4.75, -3.9, -2.68, -1.61, -2.67, -3.73, -4.52, -5.0, -5.56, -6.54, -6.5, -6.44, -6.39, -6.34, -6.31, -6.16, -6.04, -5.88, -5.65, -5.34, -4.92, -4.38, -3.81, -3.07, -3.56, -4.2, -4.73, -4.96, -6.45, -6.45, -6.43, -6.39, -6.34, -6.29, -6.26, -6.13, -6.03, -5.89, -5.72, -5.5, -5.25, -4.99, -3.3, -4.23, -4.51, -4.82, -5.08, -7.61, -6.39, -6.39, -6.39, -6.38, -6.31, -6.24, -6.21, -6.13, -6.05, -5.95, -3.61, -3.66, -3.75, -3.9, -4.14, -4.42, -4.59, -4.54, -5.74, -6.95, -6.33, -6.34, -6.39, -6.49, -6.31, -6.15, -6.13, -3.62, -3.66, -3.71, -3.79, -3.91, -4.1, -4.4, -4.86, -5.43, -5.71, -5.34, -6.64, -6.99, -6.75, -6.57, -6.34, -6.92, -6.01, -5.98, -6.05, -3.69, -3.74, -3.82, -3.93, -4.09, -4.33, -4.71, -5.33, -6.36, -7.22, -5.99, -6.55, -6.38, -6.76, -6.53, -6.32, -5.8, -5.38, -5.83, -5.98, -3.75, -3.81, -3.89, -4.01, -4.17, -4.41, -4.77, -5.34, -6.29, -7.04, -6.73, -6.24, -6.11, -6.77, -6.53, -5.35, -5.38, -5.33, -5.87, -5.97, -3.78, -3.85, -3.93, -4.04, -4.18, -4.37, -4.63, -4.96, -5.31, -5.35, -5.8, -5.62, -5.69, -4.61, -4.91, -5.12, -5.22, -5.25, -5.26, -5.25, -3.81, -3.86, -3.94, -4.03, -4.14, -4.26, -4.39, -4.47, -4.41, -4.84, -4.5, -4.31, -4.51, -4.63, -4.69, -4.92, -5.06, -5.12, -5.15, -5.16, -3.81, -3.87, -3.93, -3.99, -4.06, -4.12, -4.15, -4.09, -3.82, -3.74, -2.74, -3.68, -4.19, -4.44, -4.5, -4.74, -4.9, -4.99, -5.04, -5.07, -3.81, -3.86, -3.9, -3.95, -3.99, -4.0, -3.98, -3.86, -4.09, -3.44, -3.03, -3.6, -4.07, -4.34, -4.37, -4.6, -4.77, -4.87, -4.94, -4.98, -3.81, -3.84, -3.87, -3.9, -3.92, -3.91, -3.87, -3.75, -4.13, -3.8, -3.66, -3.84, -4.11, -4.32, -4.3, -4.51, -4.66, -4.78, -4.85, -4.9, -3.8, -3.82, -3.84, -3.86, -3.87, -3.85, -3.8, -4.43, -4.24, -4.07, -4.0, -4.07, -4.21, -4.35, -4.27, -4.45, -4.59, -4.7, -4.78, -4.83]}, {"header": {"refTime": "2023-09-02T18:00:00.000Z", "nx": 21, "ny": 33, "lo1": 113.509, "la1": 22.2235, "lo2": 113.5947, "la2": 22.1034, "dx": 0.0042850000000001385, "dy": 0.003753125000000024, "parameterCategory": 2, "parameterCategoryName": "Temperature", "parameterNumber": 3}, "data": [-0.35, -0.34, -0.32, 0.15, 0.15, -0.5, -0.47, -0.45, -0.46, -0.38, -0.48, -0.59, -0.96, -1.01, -1.34, -1.36, -1.53, -1.53, -1.52, -1.51, -0.37, -0.35, -0.33, -0.3, 0.15, 0.14, -0.42, -0.35, -0.32, -0.32, -0.49, -0.65, -1.03, -1.08, -1.39, -1.55, -1.54, -1.53, -1.52, -1.52, -0.38, -0.36, -0.34, -0.32, 0.14, 0.14, 0.13, -0.27, -0.04, -0.26, -0.53, -0.76, -1.17, -1.19, -1.59, -1.56, -1.54, -1.53, -1.53, -1.52, -0.4, -0.38, -0.37, -0.34, -0.31, 0.14, 0.13, 0.12, 0.11, -0.33, -0.62, -0.96, -1.4, -1.21, -1.6, -1.56, -1.55, -1.54, -1.53, -1.53, -0.42, -0.41, -0.39, -0.37, -0.34, 0.14, 0.13, 0.13, 0.15, -0.39, -0.66, -1.27, -1.76, -1.32, -1.59, -1.55, -1.55, -1.55, -1.54, -1.53, -0.44, -0.44, -0.43, -0.41, -0.38, -0.34, 0.13, 0.13, 0.16, 0.23, -0.63, -1.02, -1.4, -1.18, -1.54, -1.53, -1.55, -1.56, -1.55, -1.54, 0.07, -0.47, -0.47, -0.46, -0.44, -0.4, -0.18, 0.09, 0.11, 0.15, 0.2, -0.57, -0.83, -0.83, -1.45, -1.51, -1.58, -1.61, -1.4, -1.33, 0.07, 0.04, -0.0, -0.35, -0.35, -0.33, -0.23, -0.13, -0.07, 0.2, 0.45, -0.05, -0.13, -0.53, -0.54, -0.83, -1.21, -1.35, -1.14, -1.0, 0.08, 0.04, -0.02, -0.09, -0.43, -0.41, -0.31, -0.19, 0.22, 0.12, 0.28, 0.13, 0.22, 0.18, -0.44, -0.7, -0.95, -1.06, -1.01, -0.94, 0.32, 0.27, 0.2, -0.12, -0.29, -0.6, -0.41, -0.2, 0.36, 0.4, 0.25, 0.25, 0.34, 0.24, -0.37, -0.59, -0.77, -0.86, -0.88, -0.86, 0.35, 0.3, 0.23, 0.09, -0.2, -1.04, -0.03, 0.4, 0.07, 0.46, 0.62, 0.25, 0.26, 0.24, -0.37, -0.53, -0.66, -0.74, -0.78, -0.79, 0.38, 0.35, 0.31, 0.23, 0.09, 0.02, 0.38, 0.62, 0.66, 0.95, 0.63, 0.28, 0.25, 0.23, -0.39, -0.5, -0.6, -0.71, -0.76, -0.77, 0.43, 0.42, 0.41, 0.42, 0.48, 0.72, 1.05, 0.85, 0.73, 0.69, 0.99, 0.3, 0.27, -0.16, -0.19, -0.55, -0.62, -0.67, -0.71, -0.73, 0.47, 0.48, 0.51, 0.57, 0.71, 1.04, 1.66, 1.07, 0.83, 0.74, 1.04, 0.23, 0.16, 0.09, -0.26, -0.57, -0.61, -0.65, -0.68, -0.7, 0.51, 0.53, 0.58, 0.65, 0.78, 0.98, 1.12, 1.73, 1.68, 1.69, 1.71, 0.8, 0.05, -0.03, -0.08, -0.6, -0.62, -0.64, -0.66, -0.68, 0.54, 0.57, 1.19, 1.25, 1.33, 1.85, 1.86, 1.86, 1.86, 1.86, 1.02, 0.8, 0.54, 0.27, 0.14, 0.55, 0.77, 0.98, 0.59, 0.67, 1.21, 1.24, 1.29, 1.36, 1.91, 1.94, 1.99, 2.04, 2.07, 2.04, 1.14, 0.81, 0.45, 0.07, 0.33, 0.06, 0.34, 0.55, 0.69, 0.79, 1.27, 1.31, 1.37, 1.45, 1.98, 2.04, 2.14, 2.27, 2.33, 1.91, 1.54, 0.86, 0.41, 0.35, -0.56, -0.02, 0.37, 0.62, 0.77, 0.86, 1.32, 1.37, 1.44, 1.98, 2.03, 2.12, 2.25, 2.47, 2.6, 2.09, 1.21, 0.75, 1.27, 0.72, -0.07, 0.22, 0.56, 0.77, 0.9, 0.96, 1.37, 1.42, 1.68, 1.72, 1.77, 1.87, 2.01, 2.25, 2.13, 1.66, 1.17, 0.77, 1.6, 1.34, 0.47, 0.65, 0.86, 1.0, 1.06, 1.07, 1.59, 1.6, 1.62, 1.64, 1.68, 1.74, 1.82, 1.92, 1.53, 1.3, 1.0, 0.73, 1.93, 0.8, 0.91, 1.08, 1.23, 1.28, 1.25, 1.19, 1.54, 1.54, 1.55, 1.55, 1.56, 1.57, 1.58, 1.44, 1.08, 0.95, 0.79, 0.64, 1.23, 1.08, 1.25, 1.48, 1.65, 1.59, 1.41, 1.28, 1.49, 1.48, 1.47, 1.25, 1.24, 1.22, 1.18, 1.11, 1.01, 0.94, 0.94, 2.0, 1.12, 1.26, 1.49, 1.86, 2.27, 1.91, 1.48, 1.31, 1.21, 1.2, 1.19, 1.17, 1.13, 1.07, 0.98, 0.83, 0.64, 0.54, 0.65, 1.35, 1.05, 1.33, 1.62, 1.96, 3.44, 1.56, 1.28, 1.24, 1.18, 1.16, 1.14, 1.1, 1.05, 0.97, 0.84, 0.64, 0.32, 0.06, 0.42, 1.21, 1.7, 1.24, 1.47, 1.61, 1.14, 0.36, 1.02, 1.15, 1.15, 1.12, 1.09, 1.05, 0.99, 0.91, 0.79, 0.6, 0.31, 0.09, 0.69, 1.17, 1.6, 1.15, 1.3, 1.54, 1.28, 1.09, 1.03, 1.12, 1.12, 1.1, 1.06, 1.02, 0.96, 0.89, 0.8, 0.68, 0.56, 0.53, 0.94, 1.22, 1.55, 1.52, 1.53, 1.48, 1.38, 1.31, 1.33, 1.4, 1.1, 1.08, 1.04, 1.0, 0.96, 0.9, 0.84, 0.78, 0.76, 1.02, 1.12, 0.33, 0.15, -0.04, 1.48, 1.47, 1.42, 1.39, 1.4, 1.43, 1.09, 1.06, 1.03, 1.0, 0.96, 0.92, 0.88, 0.86, 0.88, 1.14, 0.91, 0.53, 0.26, 0.06, 1.45, 1.46, 1.44, 1.43, 1.43, 1.45, 1.08, 1.05, 1.03, 1.0, 0.97, 0.94, 0.92, 0.91, 0.44, 0.66, 0.79, 0.54, 0.3, 0.11, 1.44, 1.45, 1.45, 1.45, 1.45, 1.46, 1.07, 1.05, 1.03, 1.01, 0.98, 0.96, 0.95, 0.94, 0.39, 0.5, 0.53, 0.43, 0.27, 0.12, 1.43, 1.45, 1.45, 1.46, 1.46, 1.47, 1.07, 1.05, 1.03, 1.01, 0.99, 0.98, 0.97, 0.26, 0.32, 0.37, 0.38, 0.32, 0.22, 0.11, 1.43, 1.45, 1.46, 1.46, 1.47, 1.48]}, {"header": {"refTime": "2023-09-02T18:00:00.000Z", "nx": 21, "ny": 33, "lo1": 113.509, "la1": 22.2235, "lo2": 113.5947, "la2": 22.1034, "dx": 0.0042850000000001385, "dy": 0.003753125000000024, "parameterCategory": 0, "parameterCategoryName": "Temperature", "parameterNumber": 0}, "data": [[27.01, 27.01, 27.01, 26.86, 26.87, 27.05, 27.05, 27.06, 27.07, 27.01, 27.0, 27.0, 27.16, 27.17, 27.11, 27.11, 27.13, 27.12, 27.12, 27.12], [27.0, 27.01, 27.01, 27.01, 26.87, 26.89, 27.05, 27.06, 27.07, 27.02, 27.01, 27.01, 27.17, 27.17, 27.12, 27.13, 27.13, 27.12, 27.12, 27.11], [27.0, 27.0, 27.0, 27.01, 26.86, 26.88, 26.91, 27.07, 27.09, 27.03, 27.01, 27.01, 27.17, 27.18, 27.14, 27.13, 27.12, 27.11, 27.11, 27.11], [27.0, 27.0, 27.0, 27.0, 27.0, 26.87, 26.89, 26.94, 26.98, 27.01, 27.0, 27.03, 27.18, 27.06, 27.14, 27.13, 27.11, 27.11, 27.1, 27.1], [27.0, 27.0, 27.0, 27.0, 27.0, 26.84, 26.86, 26.87, 26.87, 26.95, 26.97, 27.06, 27.14, 27.08, 27.14, 27.12, 27.1, 27.09, 27.09, 27.09], [27.0, 27.0, 27.0, 27.0, 26.99, 26.98, 26.82, 26.81, 26.8, 26.76, 26.93, 27.02, 27.1, 27.2, 27.14, 27.11, 27.08, 27.07, 27.07, 27.08], [26.97, 27.0, 27.0, 27.0, 26.99, 26.97, 26.8, 26.78, 26.76, 26.74, 26.74, 26.97, 27.2, 27.2, 27.13, 27.1, 27.05, 27.03, 27.04, 27.05], [26.97, 26.97, 26.97, 26.97, 26.97, 26.85, 26.82, 26.79, 26.79, 26.71, 26.61, 26.98, 26.99, 27.2, 27.07, 27.1, 27.05, 27.04, 27.06, 27.08], [26.93, 26.93, 26.99, 26.99, 26.99, 26.98, 26.94, 26.81, 26.7, 26.76, 26.77, 26.87, 26.92, 26.86, 27.08, 27.1, 27.08, 27.07, 27.07, 27.08], [27.1, 27.1, 27.1, 26.96, 26.98, 27.03, 27.0, 26.94, 26.63, 26.65, 26.93, 26.81, 26.85, 26.83, 27.08, 27.11, 27.1, 27.09, 27.09, 27.09], [27.1, 27.1, 27.1, 27.1, 27.1, 27.1, 27.1, 27.1, 26.99, 26.7, 26.5, 26.77, 26.8, 26.8, 27.08, 27.12, 27.11, 27.1, 27.1, 27.1], [27.1, 27.1, 27.1, 27.1, 27.1, 27.1, 27.1, 27.1, 27.1, -999.0, 26.5, 27.2, 27.2, 26.78, 27.08, 27.13, 27.12, 26.37, 26.39, 26.39], [27.1, 27.1, 27.1, 27.1, 27.1, 27.1, 27.1, 27.1, 27.1, 27.1, -999.0, 27.2, 27.2, 26.35, 26.72, 26.6, 26.61, 26.47, 26.49, 26.5], [27.1, 27.1, 27.1, 27.1, 27.1, 27.1, 27.1, 27.1, 27.1, 27.1, -999.0, 25.9, 25.9, 25.9, 26.61, 26.51, 26.53, 26.39, 26.42, 26.44], [27.1, 27.1, 27.1, 27.1, 27.1, 27.1, 27.1, 27.1, 27.1, 27.1, 27.1, 26.64, 25.9, 25.9, 25.9, 26.4, 26.44, 26.31, 26.35, 26.38], [27.1, 27.1, 27.1, 27.1, 27.1, 27.1, 27.1, 27.1, 27.1, 27.1, 26.34, 26.43, 26.31, 26.22, 26.33, 26.23, 26.28, 26.19, 26.43, 26.47], [27.1, 27.1, 27.1, 27.1, 27.1, 27.1, 27.1, 27.1, 27.1, 27.1, 26.58, 26.44, 26.28, 26.13, 26.14, 26.12, 26.2, 26.27, 26.31, 26.34], [27.1, 27.1, 27.1, 27.1, 27.1, 27.1, 27.1, 27.1, 27.1, 26.8, 26.63, 26.45, 26.27, 26.15, 25.94, 26.1, 26.21, 26.28, 26.33, 26.36], [27.1, 27.1, 27.1, 27.1, 27.1, 27.1, 27.1, 27.1, 26.99, 26.87, 26.74, 26.59, 26.39, 26.24, 26.08, 26.17, 26.26, 26.32, 26.36, 26.39], [27.1, 27.1, 27.04, 27.05, 27.05, 27.05, 27.06, 27.08, 26.98, 26.88, 26.75, 26.63, 26.46, 26.37, 26.23, 26.28, 26.34, 26.38, 26.41, 26.42], [27.04, 27.04, 27.04, 27.06, 27.06, 27.06, 27.07, 27.07, 26.89, 26.84, 26.76, 26.67, 26.52, 26.32, 26.35, 26.39, 26.43, 26.45, 26.46, 26.46], [27.05, 27.05, 27.05, 27.06, 27.06, 27.06, 27.06, 27.07, 26.86, 26.82, 26.77, 26.71, 26.55, 26.4, 26.43, 26.48, 26.52, 26.52, 26.51, 26.49], [27.05, 27.05, 27.05, 27.06, 27.06, 27.06, 27.06, 27.06, 27.05, 27.05, 27.05, 26.98, 26.79, 26.45, 26.49, 26.55, 26.61, 26.59, 26.55, 26.52], [27.06, 27.06, 27.06, 27.06, 27.06, 27.06, 27.05, 27.05, 27.04, 27.04, 27.04, 26.98, 26.79, 26.76, 26.73, 26.59, 26.71, 26.61, 26.56, 26.53], [27.06, 27.06, 27.06, 27.06, 27.06, 27.06, 27.05, 27.04, 27.03, 27.02, 27.03, 26.98, 26.97, 26.76, 26.72, 26.69, 26.58, 26.55, 26.55, 26.53], [27.06, 27.06, 27.06, 27.06, 27.06, 27.06, 27.05, 27.04, 27.03, 27.02, 27.0, 26.99, 26.98, 26.76, 26.73, 26.71, 26.68, 26.66, 26.54, 26.53], [27.06, 27.06, 27.06, 27.06, 27.06, 27.06, 27.05, 27.05, 27.05, 27.04, 27.01, 27.01, 26.99, 26.81, 26.77, 26.74, 26.71, 26.7, 26.7, 26.71], [27.06, 27.06, 27.06, 27.06, 27.06, 27.06, 27.06, 27.06, 27.06, 27.04, 27.04, 26.98, 26.94, 26.9, 26.79, 26.76, 26.74, 26.73, 26.72, 26.72], [27.06, 27.06, 27.06, 27.06, 27.06, 27.06, 27.06, 27.06, 27.07, 27.06, 27.07, 27.01, 26.96, 26.91, 26.82, 26.78, 26.76, 26.75, 26.74, 26.74], [27.06, 27.06, 27.06, 27.06, 27.06, 27.06, 27.06, 27.07, 27.0, 27.03, 27.05, 27.01, 26.96, 26.92, 26.83, 26.8, 26.78, 26.77, 26.76, 26.75], [27.06, 27.06, 27.06, 27.06, 27.06, 27.06, 27.07, 27.07, 26.99, 27.01, 27.01, 26.99, 26.96, 26.92, 26.84, 26.81, 26.79, 26.78, 26.77, 26.76], [27.06, 27.06, 27.06, 27.06, 27.07, 27.07, 27.07, 26.97, 26.98, 26.98, 26.98, 26.97, 26.95, 26.92, 26.85, 26.82, 26.8, 26.79, 26.78, 26.77]]}]