gis_exercise/awsData/contour/wdir_2023090711.json
[{"header": {"refTime": "2023-09-07T11:00:00.000Z", "nx": 21, "ny": 33, "lo1": 113.509, "la1": 22.2235, "lo2": 113.5947, "la2": 22.1034, "dx": 0.0042850000000001385, "dy": 0.003753125000000024, "parameterCategory": 2, "parameterCategoryName": "Temperature", "parameterNumber": 2}, "data": [0.21, 0.23, 0.25, 0.11, 0.15, -0.13, -0.06, 0.01, 0.01, -0.15, -0.34, -0.52, -0.94, -1.04, -1.26, -1.33, -2.11, -2.12, -2.13, -2.13, 0.2, 0.22, 0.24, 0.26, 0.14, 0.21, 0.02, 0.17, 0.25, 0.0, -0.32, -0.59, -1.04, -1.14, -1.34, -2.11, -2.12, -2.13, -2.13, -2.14, 0.19, 0.2, 0.22, 0.24, 0.12, 0.19, 0.3, 0.3, 0.74, 0.13, -0.38, -0.73, -1.2, -1.28, -2.09, -2.11, -2.13, -2.14, -2.14, -2.15, 0.17, 0.18, 0.19, 0.21, 0.24, 0.13, 0.22, 0.36, 0.5, -0.08, -0.56, -0.99, -1.46, -1.74, -2.09, -2.12, -2.14, -2.15, -2.16, -2.16, 0.15, 0.16, 0.16, 0.17, 0.19, 0.05, 0.09, 0.13, 0.15, -0.4, -0.77, -1.75, -1.94, -1.79, -2.09, -2.13, -2.16, -2.18, -2.18, -2.17, 0.13, 0.13, 0.13, 0.13, 0.13, 0.13, -0.05, -0.07, -0.1, -0.15, -1.47, -1.66, -1.82, -2.02, -2.1, -2.15, -2.2, -2.22, -2.21, -2.19, 0.05, 0.11, 0.1, 0.09, 0.08, 0.05, -0.37, -0.22, -0.28, -0.81, -0.92, -1.52, -1.98, -2.0, -2.09, -2.16, -2.25, -2.28, -2.27, -2.24, 0.06, 0.05, 0.04, -0.35, -0.35, -0.32, -0.36, -0.4, -0.52, -0.77, -0.78, -1.6, -1.74, -1.99, -2.1, -2.17, -2.25, -2.28, -2.23, -2.2, 0.07, 0.07, 0.06, 0.04, -0.31, -0.32, -0.36, -0.37, -0.55, -0.83, -1.37, -1.67, -1.87, -1.77, -2.09, -2.14, -2.19, -2.22, -2.21, -2.19, -0.03, -0.03, -0.03, 0.06, 0.04, -0.24, -0.32, -0.42, -0.62, -0.62, -1.53, -1.72, -1.88, -1.78, -2.09, -2.13, -2.16, -2.18, -2.18, -2.17, -0.02, -0.02, -0.02, -0.02, -0.02, -0.03, -0.09, -0.23, -0.54, -0.67, -1.25, -1.67, -1.74, -1.73, -2.09, -2.12, -2.14, -2.15, -2.16, -2.16, -0.01, -0.01, -0.0, 0.01, 0.01, 0.0, -0.06, -0.35, -0.52, -0.75, -1.2, -1.64, -1.72, -1.68, -2.09, -2.11, -2.13, -2.12, -2.12, -2.12, -0.0, 0.0, 0.02, 0.03, 0.06, 0.13, 0.18, -0.18, -0.4, -0.28, -0.79, -1.57, -1.65, -1.94, -1.93, -2.07, -2.08, -2.09, -2.1, -2.1, 0.0, 0.01, 0.03, 0.06, 0.11, 0.23, 0.51, 0.08, -0.14, -0.18, -0.7, -1.53, -1.6, -1.64, -1.92, -2.04, -2.05, -2.06, -2.07, -2.08, 0.01, 0.02, 0.03, 0.06, 0.1, 0.17, 0.2, 0.12, -0.0, -0.06, -0.07, -0.9, -1.6, -1.64, -1.67, -2.0, -2.01, -2.03, -2.04, -2.06, 0.01, 0.02, 0.3, 0.32, 0.34, 0.14, 0.14, 0.09, 0.04, 0.0, -0.78, -0.91, -1.06, -1.45, -1.51, -1.8, -1.79, -1.78, -1.85, -1.85, 0.28, 0.29, 0.3, 0.3, 0.1, 0.11, 0.1, 0.08, 0.06, 0.04, -0.73, -0.91, -1.12, -1.34, -1.53, -1.58, -1.5, -1.43, -1.39, -1.35, 0.28, 0.28, 0.29, 0.29, 0.09, 0.09, 0.09, 0.09, 0.09, -0.15, -0.34, -0.89, -1.15, -1.51, -1.76, -1.6, -1.49, -1.42, -1.37, -1.33, 0.28, 0.28, 0.28, 0.08, 0.08, 0.09, 0.09, 0.11, 0.08, -0.11, -0.69, -0.94, -1.21, -1.42, -1.62, -1.54, -1.45, -1.38, -1.34, -1.31, 0.27, 0.27, -0.08, -0.07, -0.07, -0.06, -0.04, 0.0, -0.2, -0.45, -0.7, -0.92, -1.14, -1.3, -1.48, -1.43, -1.37, -1.32, -1.29, -1.27, -0.12, -0.12, -0.13, -0.13, -0.14, -0.14, -0.13, -0.12, -0.5, -0.62, -0.77, -0.93, -1.1, -1.39, -1.37, -1.34, -1.3, -1.26, -1.24, -1.23, -0.16, -0.17, -0.18, -0.19, -0.21, -0.23, -0.25, -0.53, -0.72, -0.78, -0.87, -0.96, -1.53, -1.32, -1.29, -1.26, -1.23, -1.21, -1.19, -1.19, -0.19, -0.21, -0.23, -0.64, -0.64, -0.64, -0.66, -0.69, -0.74, -0.77, -0.77, -0.92, -1.14, -1.26, -1.24, -1.22, -1.21, -1.16, -1.14, -1.15, -0.66, -0.66, -0.67, -0.68, -0.69, -0.72, -0.76, -0.82, -0.91, -0.95, -0.91, -1.23, -1.14, -1.12, -1.11, -1.18, -1.28, -1.06, -1.07, -1.11, -0.68, -0.69, -0.7, -0.71, -0.74, -0.77, -0.83, -0.91, -1.05, -1.16, -1.01, -1.21, -1.22, -1.12, -1.09, -1.07, -1.0, -0.88, -1.03, -1.09, -0.7, -0.71, -0.72, -0.74, -0.77, -0.81, -0.86, -0.94, -1.06, -1.15, -1.21, -1.19, -1.19, -1.11, -1.08, -0.98, -0.95, -0.92, -1.05, -1.09, -0.71, -0.73, -0.74, -0.76, -0.79, -0.82, -0.87, -0.92, -0.97, -0.99, -1.14, -1.14, -1.16, -0.96, -0.97, -0.97, -0.96, -0.95, -0.95, -0.96, -0.72, -0.74, -0.75, -0.77, -0.8, -0.83, -0.86, -0.89, -0.91, -1.07, -1.05, -0.95, -0.93, -0.91, -0.96, -0.96, -0.96, -0.96, -0.96, -0.96, -0.73, -0.75, -0.76, -0.78, -0.8, -0.82, -0.85, -0.87, -0.88, -0.99, -0.88, -0.92, -0.92, -0.91, -0.95, -0.96, -0.96, -0.96, -0.96, -0.96, -0.74, -0.75, -0.77, -0.78, -0.8, -0.82, -0.84, -0.85, -0.94, -0.91, -0.89, -0.91, -0.91, -0.91, -0.95, -0.95, -0.96, -0.96, -0.96, -0.96, -0.75, -0.76, -0.77, -0.78, -0.8, -0.81, -0.83, -0.84, -0.94, -0.92, -0.91, -0.91, -0.91, -0.91, -0.94, -0.95, -0.95, -0.96, -0.96, -0.96, -0.75, -0.76, -0.77, -0.78, -0.79, -0.81, -0.82, -0.95, -0.94, -0.93, -0.92, -0.92, -0.91, -0.91, -0.94, -0.95, -0.95, -0.96, -0.96, -0.96]}, {"header": {"refTime": "2023-09-07T11:00:00.000Z", "nx": 21, "ny": 33, "lo1": 113.509, "la1": 22.2235, "lo2": 113.5947, "la2": 22.1034, "dx": 0.0042850000000001385, "dy": 0.003753125000000024, "parameterCategory": 2, "parameterCategoryName": "Temperature", "parameterNumber": 3}, "data": [-0.11, -0.12, -0.12, -0.18, -0.17, -0.12, -0.1, -0.07, -0.05, 0.17, 0.19, 0.21, 0.25, 0.27, 0.03, 0.0, 0.06, 0.04, 0.02, 0.01, -0.11, -0.12, -0.12, -0.12, -0.17, -0.15, -0.1, -0.06, -0.03, 0.16, 0.19, 0.22, 0.26, 0.27, 0.03, 0.08, 0.05, 0.02, 0.0, -0.01, -0.11, -0.12, -0.12, -0.13, -0.19, -0.17, -0.13, -0.05, 0.04, 0.14, 0.2, 0.23, 0.28, 0.29, 0.12, 0.07, 0.03, -0.01, -0.02, -0.03, -0.11, -0.11, -0.12, -0.13, -0.14, -0.19, -0.16, -0.11, -0.06, 0.17, 0.22, 0.26, 0.31, 0.34, 0.13, 0.05, -0.01, -0.04, -0.06, -0.06, -0.1, -0.11, -0.12, -0.13, -0.15, -0.23, -0.22, -0.2, -0.17, 0.2, 0.24, 0.34, 0.35, 0.34, 0.12, 0.02, -0.06, -0.11, -0.11, -0.1, -0.09, -0.1, -0.11, -0.13, -0.16, -0.2, -0.3, -0.31, -0.28, -0.2, 0.32, 0.33, 0.35, 0.31, 0.1, -0.03, -0.15, -0.2, -0.18, -0.13, 0.15, -0.08, -0.09, -0.1, -0.14, -0.21, -0.27, -0.46, -0.44, -0.13, 0.05, 0.32, 0.31, 0.3, 0.08, -0.08, -0.28, -0.35, -0.27, -0.21, 0.18, 0.17, 0.16, 0.17, 0.13, -0.12, -0.25, -0.5, -0.71, -0.12, 0.16, 0.29, 0.29, 0.27, 0.0, -0.13, -0.3, -0.36, -0.27, -0.21, 0.2, 0.21, 0.2, 0.2, 0.22, 0.17, 0.04, -0.32, -0.28, -0.15, 0.24, 0.24, 0.2, 0.22, 0.02, -0.09, -0.19, -0.24, -0.22, -0.18, 0.75, 0.74, 0.73, 0.27, 0.29, 0.33, 0.25, 0.15, 0.04, 0.07, 0.23, 0.21, 0.17, 0.2, 0.03, -0.05, -0.12, -0.15, -0.16, -0.15, 0.75, 0.74, 0.73, 0.7, 0.66, 0.51, 0.7, 0.8, 0.41, 0.26, 0.44, 0.21, 0.21, 0.21, 0.03, -0.02, -0.07, -0.1, -0.12, -0.12, 0.75, 0.75, 0.74, 0.72, 0.7, 0.69, 0.77, 0.87, 0.92, 0.78, 0.51, 0.45, 0.4, 0.22, 0.02, -0.01, -0.05, -0.16, -0.17, -0.18, 0.76, 0.76, 0.75, 0.75, 0.75, 0.78, 0.83, 0.87, 0.9, 0.87, 0.71, 0.5, 0.45, 0.16, 0.16, -0.1, -0.12, -0.13, -0.15, -0.15, 0.77, 0.77, 0.77, 0.77, 0.78, 0.81, 0.85, 0.85, 0.86, 0.85, 0.72, 0.43, 0.36, 0.32, 0.14, -0.08, -0.1, -0.11, -0.12, -0.13, 0.77, 0.77, 0.78, 0.78, 0.8, 0.81, 0.83, 0.83, 0.83, 0.81, 0.8, 0.5, 0.34, 0.29, 0.26, -0.06, -0.08, -0.09, -0.11, -0.12, 0.78, 0.78, 0.64, 0.65, 0.66, 0.8, 0.79, 0.78, 0.78, 0.77, 0.51, 0.45, 0.38, 0.14, 0.13, -0.18, -0.22, -0.26, -0.45, -0.48, 0.63, 0.63, 0.63, 0.64, 0.77, 0.76, 0.74, 0.72, 0.71, 0.72, 0.47, 0.41, 0.33, 0.24, -0.05, -0.15, -0.22, -0.27, -0.3, -0.33, 0.63, 0.63, 0.63, 0.63, 0.75, 0.73, 0.69, 0.65, 0.63, 0.47, 0.42, 0.39, 0.3, -0.04, 0.02, -0.13, -0.23, -0.28, -0.32, -0.34, 0.62, 0.62, 0.62, 0.74, 0.73, 0.7, 0.66, 0.58, 0.48, 0.46, 0.4, 0.35, -0.07, -0.08, -0.12, -0.19, -0.27, -0.32, -0.35, -0.36, 0.62, 0.62, 0.68, 0.67, 0.66, 0.64, 0.61, 0.57, 0.47, 0.45, 0.42, 0.37, -0.11, -0.16, -0.25, -0.29, -0.34, -0.37, -0.39, -0.39, 0.69, 0.68, 0.68, 0.67, 0.66, 0.65, 0.63, 0.61, 0.47, 0.46, 0.44, 0.41, -0.17, -0.33, -0.35, -0.39, -0.42, -0.44, -0.43, -0.42, 0.69, 0.68, 0.68, 0.67, 0.66, 0.66, 0.65, 0.54, 0.5, 0.49, 0.47, 0.44, -0.13, -0.39, -0.43, -0.48, -0.52, -0.51, -0.47, -0.44, 0.69, 0.68, 0.68, 0.53, 0.53, 0.54, 0.55, 0.56, 0.57, 0.58, 0.57, 0.15, -0.1, -0.43, -0.48, -0.57, -0.66, -0.58, -0.49, -0.45, 0.52, 0.52, 0.52, 0.53, 0.53, 0.54, 0.56, 0.58, 0.61, 0.62, 0.6, 0.15, -0.06, -0.22, -0.36, -0.59, -0.9, -0.51, -0.45, -0.44, 0.52, 0.52, 0.52, 0.53, 0.53, 0.55, 0.56, 0.59, 0.64, 0.69, 0.62, 0.2, 0.02, -0.19, -0.32, -0.42, -0.42, -0.26, -0.4, -0.42, 0.52, 0.52, 0.52, 0.52, 0.53, 0.54, 0.56, 0.58, 0.63, 0.67, 0.39, 0.22, 0.06, -0.15, -0.27, -0.41, -0.38, -0.35, -0.4, -0.41, 0.51, 0.51, 0.52, 0.52, 0.52, 0.53, 0.54, 0.55, 0.56, 0.56, 0.31, 0.21, 0.08, -0.26, -0.32, -0.35, -0.36, -0.36, -0.36, -0.37, 0.51, 0.51, 0.51, 0.51, 0.51, 0.52, 0.52, 0.51, 0.5, 0.29, 0.26, 0.39, 0.38, 0.37, -0.27, -0.31, -0.33, -0.34, -0.35, -0.36, 0.51, 0.51, 0.51, 0.51, 0.51, 0.5, 0.5, 0.48, 0.45, 0.26, 0.31, 0.36, 0.37, 0.36, -0.23, -0.28, -0.31, -0.32, -0.33, -0.34, 0.5, 0.5, 0.5, 0.5, 0.5, 0.49, 0.48, 0.46, 0.39, 0.35, 0.32, 0.35, 0.36, 0.36, -0.2, -0.25, -0.28, -0.3, -0.31, -0.32, 0.5, 0.5, 0.5, 0.5, 0.49, 0.48, 0.47, 0.46, 0.38, 0.36, 0.35, 0.36, 0.36, 0.36, -0.19, -0.23, -0.26, -0.28, -0.3, -0.31, 0.5, 0.5, 0.5, 0.49, 0.49, 0.48, 0.47, 0.39, 0.38, 0.37, 0.36, 0.36, 0.36, 0.36, -0.18, -0.22, -0.25, -0.27, -0.28, -0.3]}, {"header": {"refTime": "2023-09-07T11:00:00.000Z", "nx": 21, "ny": 33, "lo1": 113.509, "la1": 22.2235, "lo2": 113.5947, "la2": 22.1034, "dx": 0.0042850000000001385, "dy": 0.003753125000000024, "parameterCategory": 0, "parameterCategoryName": "Temperature", "parameterNumber": 0}, "data": [[28.37, 28.35, 28.34, 27.86, 27.88, 28.12, 28.12, 28.12, 28.12, 28.0, 27.99, 27.99, 28.18, 28.18, 28.13, 28.11, 28.1, 28.1, 28.09, 28.08], [28.38, 28.36, 28.35, 28.33, 27.88, 27.89, 28.12, 28.12, 28.12, 28.01, 28.0, 28.0, 28.19, 28.19, 28.13, 28.11, 28.1, 28.09, 28.08, 28.08], [28.39, 28.37, 28.36, 28.34, 27.87, 27.89, 27.92, 28.11, 28.1, 28.02, 28.0, 28.01, 28.2, 28.2, 28.14, 28.11, 28.09, 28.08, 28.07, 28.07], [28.4, 28.39, 28.37, 28.35, 28.32, 27.88, 27.9, 27.94, 27.98, 27.99, 27.99, 28.04, 28.22, 28.06, 28.14, 28.11, 28.08, 28.06, 28.06, 28.06], [28.42, 28.41, 28.4, 28.37, 28.35, 27.86, 27.87, 27.88, 27.87, 27.92, 27.95, 28.07, 28.2, 28.09, 28.14, 28.09, 28.06, 28.04, 28.04, 28.04], [28.44, 28.43, 28.42, 28.41, 28.38, 28.34, 27.85, 27.85, 27.82, 27.75, 27.86, 28.0, 28.11, 28.23, 28.12, 28.07, 28.02, 28.0, 28.01, 28.03], [28.61, 28.46, 28.46, 28.45, 28.43, 28.38, 28.1, 27.85, 27.82, 27.7, 27.64, 27.89, 28.19, 28.2, 28.1, 28.05, 27.98, 27.95, 27.97, 28.0], [28.63, 28.63, 28.64, 28.63, 28.61, 28.26, 28.15, 28.03, 27.93, 27.66, 27.45, 27.85, 27.86, 28.2, 27.97, 28.0, 27.95, 27.94, 27.96, 27.98], [28.47, 28.49, 28.68, 28.7, 28.7, 28.66, 28.53, 28.11, 27.78, 27.72, 27.61, 27.73, 27.78, 27.71, 27.98, 28.0, 27.98, 27.97, 27.97, 27.98], [29.1, 29.1, 29.1, 28.59, 28.66, 28.85, 28.72, 28.53, 27.6, 27.64, 27.79, 27.65, 27.7, 27.67, 27.98, 28.01, 28.0, 27.99, 27.99, 27.99], [29.1, 29.1, 29.1, 29.1, 29.1, 29.1, 29.1, 29.1, 28.71, 27.76, 27.3, 27.6, 27.64, 27.64, 27.98, 28.02, 28.01, 28.0, 28.0, 28.0], [29.1, 29.1, 29.1, 29.1, 29.1, 29.1, 29.1, 29.1, 29.1, -999.0, 27.3, 28.1, 28.1, 27.62, 27.98, 28.03, 28.02, 27.39, 27.4, 27.4], [29.1, 29.1, 29.1, 29.1, 29.1, 29.1, 29.1, 29.1, 29.1, 29.1, -999.0, 28.1, 28.1, 27.38, 27.7, 27.57, 27.58, 27.47, 27.48, 27.49], [29.1, 29.1, 29.1, 29.1, 29.1, 29.1, 29.1, 29.1, 29.1, 29.1, -999.0, 27.0, 27.0, 27.0, 27.6, 27.5, 27.51, 27.4, 27.42, 27.44], [29.1, 29.1, 29.1, 29.1, 29.1, 29.1, 29.1, 29.0, 29.0, 29.0, 29.0, 28.23, 27.0, 27.0, 27.0, 27.41, 27.44, 27.34, 27.37, 27.39], [29.1, 29.1, 29.04, 29.04, 29.03, 29.0, 29.0, 29.0, 29.0, 29.0, 27.74, 27.88, 27.69, 27.53, 27.71, 27.18, 27.21, 27.16, 27.37, 27.4], [29.04, 29.04, 29.06, 29.06, 29.0, 29.0, 29.0, 29.0, 29.0, 29.0, 28.14, 27.89, 27.63, 27.39, 27.29, 27.15, 27.2, 27.24, 27.27, 27.29], [29.06, 29.06, 29.06, 29.06, 29.0, 29.0, 29.0, 29.0, 29.0, 28.49, 28.22, 27.92, 27.61, 27.32, 27.04, 27.13, 27.21, 27.25, 27.28, 27.31], [29.06, 29.06, 29.06, 29.0, 29.0, 29.0, 29.0, 29.0, 28.82, 28.61, 28.31, 28.06, 27.64, 27.41, 27.12, 27.17, 27.24, 27.28, 27.31, 27.32], [29.06, 29.06, 28.66, 28.67, 28.7, 28.73, 28.78, 28.9, 28.75, 28.55, 28.33, 28.11, 27.71, 27.55, 27.22, 27.25, 27.29, 27.32, 27.34, 27.35], [28.63, 28.64, 28.65, 28.75, 28.76, 28.78, 28.8, 28.83, 28.55, 28.45, 28.31, 28.16, 27.76, 27.28, 27.29, 27.32, 27.34, 27.36, 27.37, 27.37], [28.72, 28.72, 28.73, 28.73, 28.74, 28.74, 28.75, 28.67, 28.44, 28.38, 28.29, 28.19, 27.62, 27.33, 27.35, 27.38, 27.4, 27.41, 27.4, 27.39], [28.71, 28.71, 28.71, 28.6, 28.61, 28.61, 28.61, 28.6, 28.58, 28.57, 28.56, 28.34, 27.83, 27.36, 27.39, 27.42, 27.45, 27.45, 27.43, 27.41], [28.58, 28.58, 28.58, 28.58, 28.58, 28.57, 28.56, 28.54, 28.51, 28.5, 28.51, 28.15, 27.85, 27.75, 27.67, 27.44, 27.48, 27.47, 27.45, 27.43], [28.57, 28.57, 28.57, 28.56, 28.55, 28.54, 28.52, 28.5, 28.46, 28.43, 28.46, 28.18, 28.1, 27.77, 27.68, 27.6, 27.47, 27.48, 27.45, 27.43], [28.56, 28.56, 28.55, 28.54, 28.53, 28.52, 28.5, 28.48, 28.45, 28.43, 28.27, 28.19, 28.12, 27.78, 27.7, 27.62, 27.58, 27.57, 27.44, 27.43], [28.55, 28.55, 28.54, 28.53, 28.52, 28.5, 28.48, 28.46, 28.44, 28.43, 28.25, 28.2, 28.14, 27.79, 27.72, 27.67, 27.63, 27.62, 27.62, 27.63], [28.54, 28.54, 28.53, 28.52, 28.51, 28.49, 28.47, 28.45, 28.43, 28.25, 28.25, 28.21, 28.16, 28.1, 27.76, 27.71, 27.67, 27.65, 27.65, 27.65], [28.54, 28.53, 28.52, 28.51, 28.5, 28.48, 28.46, 28.44, 28.41, 28.26, 28.28, 28.23, 28.17, 28.11, 27.8, 27.75, 27.71, 27.69, 27.68, 27.67], [28.53, 28.52, 28.51, 28.5, 28.49, 28.48, 28.46, 28.44, 28.23, 28.25, 28.26, 28.22, 28.17, 28.12, 27.83, 27.78, 27.74, 27.72, 27.7, 27.69], [28.53, 28.52, 28.51, 28.5, 28.49, 28.47, 28.46, 28.44, 28.22, 28.23, 28.22, 28.2, 28.17, 28.13, 27.84, 27.8, 27.77, 27.74, 27.72, 27.71], [28.52, 28.52, 28.51, 28.5, 28.49, 28.48, 28.46, 28.2, 28.2, 28.2, 28.2, 28.18, 28.16, 28.13, 27.85, 27.81, 27.78, 27.76, 27.74, 27.73]]}]