gis_exercise/awsData/contour/wdir_2023091405.json
[{"header": {"refTime": "2023-09-14T05:00:00.000Z", "nx": 21, "ny": 33, "lo1": 113.509, "la1": 22.2235, "lo2": 113.5947, "la2": 22.1034, "dx": 0.0042850000000001385, "dy": 0.003753125000000024, "parameterCategory": 2, "parameterCategoryName": "Temperature", "parameterNumber": 2}, "data": [-0.9, -0.89, -0.88, -0.83, -0.81, -0.88, -0.84, -0.8, -0.79, -0.68, -0.73, -0.77, -0.97, -1.0, -1.26, -1.32, -1.63, -1.65, -1.67, -1.68, -0.91, -0.9, -0.89, -0.87, -0.81, -0.78, -0.81, -0.74, -0.69, -0.64, -0.72, -0.79, -0.99, -1.02, -1.28, -1.6, -1.64, -1.67, -1.69, -1.7, -0.92, -0.91, -0.9, -0.88, -0.83, -0.79, -0.73, -0.69, -0.49, -0.61, -0.74, -0.83, -1.03, -1.05, -1.55, -1.61, -1.66, -1.7, -1.72, -1.73, -0.92, -0.92, -0.91, -0.91, -0.89, -0.83, -0.78, -0.7, -0.62, -0.66, -0.79, -0.9, -1.09, -1.16, -1.54, -1.63, -1.7, -1.74, -1.76, -1.76, -0.93, -0.93, -0.93, -0.93, -0.93, -0.88, -0.86, -0.83, -0.81, -0.74, -0.84, -1.15, -1.18, -1.17, -1.55, -1.66, -1.76, -1.81, -1.82, -1.8, -0.94, -0.95, -0.95, -0.95, -0.96, -0.98, -0.96, -0.97, -0.96, -0.92, -1.09, -1.14, -1.17, -1.45, -1.58, -1.72, -1.86, -1.92, -1.89, -1.85, -1.24, -0.96, -0.96, -0.97, -0.99, -1.02, -1.16, -1.12, -1.13, -1.14, -1.07, -1.14, -1.52, -1.55, -1.62, -1.79, -2.01, -2.09, -2.08, -2.03, -1.23, -1.22, -1.22, -1.55, -1.54, -1.1, -1.16, -1.28, -1.41, -1.11, -0.9, -1.4, -1.51, -1.65, -1.96, -2.04, -2.13, -2.17, -2.12, -2.08, -1.22, -1.22, -1.2, -1.19, -1.48, -1.49, -1.56, -1.19, -1.52, -1.17, -1.32, -1.56, -1.82, -1.7, -1.97, -2.02, -2.08, -2.1, -2.09, -2.07, -1.56, -1.54, -1.51, -1.17, -1.12, -1.34, -1.51, -1.69, -1.71, -1.6, -1.48, -1.68, -1.9, -1.74, -1.98, -2.01, -2.04, -2.06, -2.06, -2.05, -1.56, -1.54, -1.5, -1.44, -1.32, -0.93, -1.48, -1.85, -2.01, -1.86, -1.96, -1.63, -1.71, -1.69, -1.99, -2.0, -2.02, -2.03, -2.04, -2.04, -1.57, -1.55, -1.52, -1.48, -1.41, -1.39, -1.63, -2.11, -2.34, -2.34, -2.07, -2.16, -2.12, -1.63, -1.98, -1.99, -2.01, -1.97, -1.97, -1.96, -1.58, -1.57, -1.55, -1.53, -1.52, -1.55, -1.64, -2.0, -2.22, -2.05, -2.25, -2.2, -2.15, -1.7, -1.68, -1.9, -1.9, -1.91, -1.91, -1.92, -1.59, -1.58, -1.57, -1.57, -1.57, -1.57, -1.5, -1.77, -1.94, -1.95, -2.21, -2.14, -2.06, -1.99, -1.61, -1.82, -1.83, -1.85, -1.86, -1.87, -1.61, -1.6, -1.6, -1.6, -1.6, -1.61, -1.64, -1.68, -1.73, -1.74, -1.71, -1.61, -1.97, -1.89, -1.84, -1.72, -1.75, -1.78, -1.81, -1.83, -1.62, -1.62, -1.04, -1.05, -1.07, -1.56, -1.55, -1.56, -1.56, -1.57, -1.52, -1.49, -1.46, -1.32, -1.32, -1.38, -1.39, -1.39, -1.41, -1.42, -1.01, -1.02, -1.02, -1.02, -1.51, -1.47, -1.43, -1.38, -1.36, -1.39, -1.38, -1.4, -1.38, -1.35, -1.13, -1.07, -1.0, -0.96, -0.92, -0.89, -1.0, -1.0, -1.0, -1.0, -1.44, -1.38, -1.29, -1.16, -1.1, -0.92, -0.99, -1.33, -1.34, -1.13, -1.23, -1.09, -1.0, -0.94, -0.9, -0.88, -0.99, -0.99, -0.98, -1.44, -1.39, -1.31, -1.18, -0.97, -0.72, -0.86, -0.75, -0.82, -1.02, -1.09, -1.1, -1.04, -0.96, -0.91, -0.88, -0.86, -0.98, -0.98, -0.8, -0.79, -0.78, -0.75, -0.73, -0.7, -0.66, -0.69, -0.73, -0.79, -0.99, -1.04, -0.99, -0.95, -0.91, -0.87, -0.84, -0.83, -0.79, -0.78, -0.77, -0.76, -0.74, -0.72, -0.7, -0.68, -0.65, -0.67, -0.7, -0.74, -0.96, -0.92, -0.9, -0.88, -0.84, -0.82, -0.81, -0.8, -0.77, -0.76, -0.74, -0.73, -0.71, -0.69, -0.67, -0.64, -0.62, -0.63, -0.65, -0.69, -0.82, -0.86, -0.84, -0.82, -0.79, -0.77, -0.77, -0.77, -0.75, -0.74, -0.72, -0.69, -0.68, -0.66, -0.64, -0.62, -0.6, -0.6, -0.61, -0.55, -0.51, -0.82, -0.8, -0.77, -0.77, -0.74, -0.73, -0.74, -0.72, -0.71, -0.71, -0.7, -0.68, -0.66, -0.64, -0.6, -0.55, -0.53, -0.58, -0.7, -0.5, -0.55, -0.59, -0.74, -0.8, -0.66, -0.68, -0.71, -0.72, -0.72, -0.71, -0.7, -0.69, -0.67, -0.64, -0.59, -0.49, -0.4, -0.54, -0.7, -0.77, -0.54, -0.57, -0.6, -0.63, -0.56, -0.65, -0.7, -0.73, -0.73, -0.72, -0.72, -0.71, -0.69, -0.67, -0.62, -0.52, -0.44, -0.62, -0.74, -0.8, -0.52, -0.55, -0.73, -0.68, -0.65, -0.67, -0.7, -0.74, -0.74, -0.74, -0.73, -0.73, -0.72, -0.71, -0.69, -0.67, -0.68, -0.78, -0.84, -0.86, -0.89, -0.83, -0.77, -0.73, -0.71, -0.71, -0.73, -0.75, -0.75, -0.75, -0.75, -0.75, -0.76, -0.76, -0.78, -0.82, -0.93, -0.99, -0.89, -0.81, -0.75, -0.86, -0.81, -0.77, -0.75, -0.75, -0.75, -0.76, -0.76, -0.76, -0.77, -0.78, -0.79, -0.81, -0.86, -0.94, -1.11, -1.22, -1.01, -0.88, -0.79, -0.9, -0.85, -0.81, -0.79, -0.78, -0.78, -0.77, -0.77, -0.78, -0.78, -0.8, -0.82, -0.85, -0.9, -0.94, -1.08, -1.16, -1.03, -0.91, -0.82, -0.93, -0.88, -0.84, -0.82, -0.8, -0.8, -0.77, -0.78, -0.79, -0.8, -0.81, -0.83, -0.86, -0.91, -0.93, -0.99, -1.02, -0.97, -0.89, -0.83, -0.94, -0.9, -0.86, -0.84, -0.83, -0.82, -0.78, -0.79, -0.8, -0.81, -0.82, -0.84, -0.87, -0.85, -0.89, -0.93, -0.93, -0.91, -0.87, -0.82, -0.95, -0.91, -0.88, -0.86, -0.84, -0.83]}, {"header": {"refTime": "2023-09-14T05:00:00.000Z", "nx": 21, "ny": 33, "lo1": 113.509, "la1": 22.2235, "lo2": 113.5947, "la2": 22.1034, "dx": 0.0042850000000001385, "dy": 0.003753125000000024, "parameterCategory": 2, "parameterCategoryName": "Temperature", "parameterNumber": 3}, "data": [-0.08, -0.09, -0.09, -0.02, -0.03, -0.07, -0.09, -0.1, -0.11, -0.07, -0.04, -0.01, 0.23, 0.25, 0.29, 0.34, 0.74, 0.76, 0.78, 0.79, -0.08, -0.08, -0.09, -0.1, -0.03, -0.05, -0.1, -0.13, -0.15, -0.1, -0.04, 0.0, 0.23, 0.26, 0.3, 0.71, 0.75, 0.77, 0.79, 0.8, -0.08, -0.08, -0.08, -0.09, -0.03, -0.05, -0.08, -0.15, -0.24, -0.12, -0.03, 0.02, 0.25, 0.28, 0.66, 0.72, 0.76, 0.79, 0.81, 0.82, -0.07, -0.07, -0.08, -0.08, -0.09, -0.03, -0.06, -0.1, -0.15, -0.08, -0.0, 0.05, 0.26, 0.38, 0.65, 0.73, 0.78, 0.82, 0.83, 0.84, -0.07, -0.07, -0.07, -0.07, -0.07, -0.0, -0.02, -0.03, -0.03, -0.0, 0.05, 0.35, 0.24, 0.37, 0.66, 0.76, 0.82, 0.86, 0.87, 0.86, -0.06, -0.06, -0.06, -0.06, -0.06, -0.06, 0.03, 0.03, 0.04, 0.06, 0.44, 0.42, 0.35, 0.6, 0.71, 0.81, 0.89, 0.92, 0.91, 0.89, 0.16, -0.06, -0.06, -0.05, -0.05, -0.04, 0.11, 0.08, 0.1, 0.37, 0.44, 0.56, 0.79, 0.77, 0.78, 0.86, 0.97, 1.01, 0.95, 0.91, 0.16, 0.15, 0.14, 0.24, 0.23, 0.08, 0.1, 0.12, 0.2, 0.34, 0.33, 0.89, 0.99, 0.9, 1.11, 1.11, 1.1, 1.1, 1.1, 1.11, 0.16, 0.15, 0.14, 0.13, 0.21, 0.21, 0.23, 0.11, 0.29, 0.38, 0.71, 0.91, 1.02, 0.97, 1.12, 1.11, 1.11, 1.11, 1.11, 1.11, 0.37, 0.35, 0.33, 0.12, 0.09, 0.15, 0.22, 0.31, 0.41, 0.39, 0.82, 0.93, 1.02, 0.97, 1.12, 1.11, 1.11, 1.11, 1.11, 1.11, 0.37, 0.36, 0.33, 0.29, 0.21, -0.04, 0.29, 0.49, 0.48, 0.5, 0.79, 0.9, 0.94, 0.94, 1.12, 1.11, 1.11, 1.11, 1.11, 1.11, 0.38, 0.36, 0.35, 0.32, 0.28, 0.26, 0.4, 0.62, 0.72, 0.85, 0.8, 1.05, 1.07, 0.91, 1.12, 1.11, 1.11, 1.08, 1.08, 1.08, 0.39, 0.38, 0.37, 0.36, 0.37, 0.4, 0.48, 0.6, 0.68, 0.61, 0.85, 1.04, 1.05, 1.09, 1.09, 1.08, 1.08, 1.08, 1.08, 1.08, 0.4, 0.39, 0.39, 0.4, 0.41, 0.45, 0.49, 0.53, 0.58, 0.57, 0.83, 1.01, 1.02, 1.02, 1.08, 1.07, 1.07, 1.07, 1.07, 1.07, 0.41, 0.41, 0.41, 0.42, 0.43, 0.46, 0.48, 0.47, 0.47, 0.45, 0.43, 0.6, 1.01, 1.01, 1.02, 1.06, 1.06, 1.07, 1.07, 1.07, 0.41, 0.42, 0.1, 0.12, 0.13, 0.39, 0.39, 0.37, 0.36, 0.35, 0.51, 0.58, 0.65, 0.77, 0.8, 1.11, 1.13, 1.15, 1.15, 1.16, 0.08, 0.08, 0.09, 0.09, 0.34, 0.32, 0.29, 0.25, 0.22, 0.23, 0.44, 0.55, 0.66, 0.78, 0.9, 1.09, 1.12, 1.15, 1.16, 1.18, 0.07, 0.07, 0.07, 0.07, 0.29, 0.25, 0.18, 0.09, 0.05, 0.15, 0.29, 0.52, 0.66, 0.89, 0.99, 1.08, 1.13, 1.16, 1.17, 1.18, 0.06, 0.06, 0.05, 0.29, 0.25, 0.19, 0.1, -0.04, -0.17, 0.06, 0.25, 0.42, 0.74, 0.86, 1.08, 1.11, 1.15, 1.17, 1.19, 1.19, 0.05, 0.05, 0.2, 0.18, 0.15, 0.11, 0.05, -0.05, -0.05, 0.09, 0.26, 0.4, 0.73, 0.83, 1.14, 1.15, 1.18, 1.19, 1.2, 1.21, 0.22, 0.22, 0.2, 0.19, 0.17, 0.13, 0.09, 0.05, 0.12, 0.19, 0.29, 0.39, 0.73, 1.17, 1.18, 1.2, 1.21, 1.22, 1.22, 1.22, 0.23, 0.22, 0.21, 0.2, 0.19, 0.17, 0.15, 0.12, 0.24, 0.29, 0.34, 0.4, 0.99, 1.2, 1.22, 1.24, 1.25, 1.25, 1.24, 1.23, 0.23, 0.23, 0.22, 0.19, 0.19, 0.19, 0.2, 0.21, 0.24, 0.25, 0.26, 0.54, 1.02, 1.22, 1.24, 1.27, 1.3, 1.28, 1.25, 1.24, 0.2, 0.2, 0.21, 0.21, 0.22, 0.23, 0.25, 0.29, 0.33, 0.35, 0.33, 0.71, 1.0, 1.08, 1.16, 1.28, 1.36, 1.27, 1.25, 1.24, 0.21, 0.22, 0.22, 0.23, 0.24, 0.26, 0.29, 0.34, 0.41, 0.46, 0.39, 0.68, 0.76, 1.07, 1.15, 1.21, 1.25, 1.22, 1.24, 1.24, 0.22, 0.23, 0.24, 0.25, 0.26, 0.28, 0.31, 0.35, 0.41, 0.46, 0.6, 0.65, 0.72, 1.06, 1.12, 1.14, 1.17, 1.18, 1.24, 1.24, 0.23, 0.24, 0.25, 0.26, 0.28, 0.29, 0.32, 0.35, 0.38, 0.39, 0.58, 0.62, 0.69, 0.96, 1.04, 1.09, 1.13, 1.14, 1.14, 1.13, 0.24, 0.25, 0.26, 0.27, 0.28, 0.3, 0.32, 0.34, 0.35, 0.53, 0.52, 0.53, 0.58, 0.64, 0.98, 1.04, 1.08, 1.1, 1.11, 1.11, 0.25, 0.25, 0.26, 0.27, 0.29, 0.3, 0.32, 0.33, 0.34, 0.48, 0.41, 0.49, 0.56, 0.62, 0.94, 1.0, 1.04, 1.06, 1.08, 1.08, 0.25, 0.26, 0.27, 0.28, 0.29, 0.3, 0.31, 0.33, 0.5, 0.46, 0.43, 0.49, 0.55, 0.6, 0.91, 0.96, 1.0, 1.03, 1.05, 1.06, 0.25, 0.26, 0.27, 0.28, 0.29, 0.3, 0.31, 0.32, 0.52, 0.5, 0.49, 0.52, 0.56, 0.6, 0.89, 0.94, 0.98, 1.01, 1.03, 1.04, 0.26, 0.26, 0.27, 0.28, 0.29, 0.3, 0.3, 0.55, 0.53, 0.53, 0.53, 0.54, 0.57, 0.6, 0.88, 0.92, 0.96, 0.99, 1.01, 1.02]}, {"header": {"refTime": "2023-09-14T05:00:00.000Z", "nx": 21, "ny": 33, "lo1": 113.509, "la1": 22.2235, "lo2": 113.5947, "la2": 22.1034, "dx": 0.0042850000000001385, "dy": 0.003753125000000024, "parameterCategory": 0, "parameterCategoryName": "Temperature", "parameterNumber": 0}, "data": [[26.51, 26.51, 26.5, 26.29, 26.29, 26.56, 26.55, 26.53, 26.53, 26.42, 26.46, 26.5, 26.76, 26.79, 26.77, 26.78, 26.94, 26.93, 26.93, 26.92], [26.52, 26.51, 26.5, 26.49, 26.29, 26.29, 26.53, 26.49, 26.47, 26.41, 26.46, 26.52, 26.79, 26.81, 26.8, 26.95, 26.94, 26.93, 26.92, 26.92], [26.52, 26.52, 26.51, 26.5, 26.29, 26.29, 26.29, 26.45, 26.34, 26.39, 26.48, 26.56, 26.83, 26.85, 26.96, 26.95, 26.93, 26.92, 26.92, 26.91], [26.53, 26.53, 26.52, 26.51, 26.5, 26.3, 26.3, 26.29, 26.29, 26.41, 26.51, 26.64, 26.91, 26.82, 26.97, 26.94, 26.92, 26.91, 26.91, 26.91], [26.54, 26.53, 26.53, 26.52, 26.52, 26.3, 26.31, 26.3, 26.29, 26.41, 26.51, 26.83, 26.99, 26.86, 26.96, 26.93, 26.91, 26.9, 26.89, 26.9], [26.55, 26.55, 26.54, 26.54, 26.54, 26.53, 26.32, 26.32, 26.3, 26.24, 26.59, 26.75, 26.88, 27.03, 26.95, 26.92, 26.88, 26.87, 26.88, 26.89], [26.66, 26.56, 26.56, 26.56, 26.56, 26.55, 26.45, 26.38, 26.36, 26.34, 26.29, 26.62, 26.99, 27.0, 26.93, 26.9, 26.85, 26.83, 26.86, 26.87], [26.66, 26.66, 26.66, 26.66, 26.66, 26.48, 26.47, 26.49, 26.54, 26.29, 26.07, 26.59, 26.6, 27.0, 26.84, 26.85, 26.83, 26.82, 26.83, 26.84], [26.64, 26.64, 26.66, 26.66, 26.66, 26.66, 26.65, 26.47, 26.38, 26.37, 26.28, 26.43, 26.5, 26.41, 26.84, 26.85, 26.84, 26.83, 26.84, 26.84], [26.7, 26.7, 26.7, 26.65, 26.66, 26.68, 26.67, 26.65, 26.2, 26.24, 26.51, 26.34, 26.39, 26.37, 26.84, 26.86, 26.85, 26.84, 26.84, 26.85], [26.7, 26.7, 26.7, 26.7, 26.7, 26.7, 26.7, 26.7, 26.66, 26.36, 25.9, 26.28, 26.33, 26.33, 26.84, 26.86, 26.85, 26.85, 26.85, 26.85], [26.7, 26.7, 26.7, 26.7, 26.7, 26.7, 26.7, 26.7, 26.7, -999.0, 25.9, 26.9, 26.9, 26.3, 26.84, 26.86, 26.86, 26.29, 26.3, 26.3], [26.7, 26.7, 26.7, 26.7, 26.7, 26.7, 26.7, 26.7, 26.7, 26.7, -999.0, 26.9, 26.9, 26.25, 26.53, 26.47, 26.48, 26.37, 26.38, 26.39], [26.7, 26.7, 26.7, 26.7, 26.7, 26.7, 26.7, 26.7, 26.7, 26.7, -999.0, 25.9, 25.9, 25.9, 26.45, 26.4, 26.41, 26.3, 26.32, 26.34], [26.7, 26.7, 26.7, 26.7, 26.7, 26.7, 26.7, 26.8, 26.8, 26.8, 26.8, 26.45, 25.9, 25.9, 25.9, 26.31, 26.34, 26.24, 26.27, 26.29], [26.7, 26.7, 26.76, 26.76, 26.77, 26.8, 26.8, 26.8, 26.8, 26.8, 26.23, 26.3, 26.21, 26.14, 26.22, 26.16, 26.2, 26.13, 26.32, 26.35], [26.76, 26.76, 26.74, 26.74, 26.8, 26.8, 26.8, 26.8, 26.8, 26.8, 26.41, 26.3, 26.18, 26.08, 26.09, 26.08, 26.14, 26.19, 26.23, 26.25], [26.74, 26.74, 26.74, 26.74, 26.8, 26.8, 26.8, 26.8, 26.8, 26.57, 26.45, 26.32, 26.18, 26.09, 25.93, 26.06, 26.15, 26.21, 26.24, 26.27], [26.74, 26.74, 26.74, 26.8, 26.8, 26.8, 26.8, 26.8, 26.72, 26.62, 26.54, 26.43, 26.27, 26.16, 26.05, 26.11, 26.19, 26.24, 26.27, 26.29], [26.74, 26.74, 26.8, 26.8, 26.8, 26.8, 26.8, 26.8, 26.72, 26.65, 26.56, 26.46, 26.32, 26.25, 26.17, 26.2, 26.25, 26.29, 26.31, 26.32], [26.8, 26.8, 26.8, 26.8, 26.8, 26.8, 26.8, 26.8, 26.66, 26.62, 26.57, 26.5, 26.37, 26.24, 26.26, 26.29, 26.32, 26.34, 26.35, 26.35], [26.8, 26.8, 26.8, 26.8, 26.8, 26.8, 26.8, 26.83, 26.64, 26.62, 26.58, 26.53, 26.42, 26.3, 26.33, 26.36, 26.39, 26.4, 26.39, 26.37], [26.8, 26.8, 26.8, 26.85, 26.85, 26.85, 26.84, 26.84, 26.84, 26.84, 26.84, 26.75, 26.61, 26.34, 26.37, 26.42, 26.46, 26.45, 26.42, 26.4], [26.86, 26.86, 26.86, 26.85, 26.85, 26.85, 26.85, 26.84, 26.84, 26.83, 26.84, 26.8, 26.62, 26.59, 26.56, 26.45, 26.54, 26.47, 26.43, 26.41], [26.86, 26.86, 26.86, 26.86, 26.86, 26.85, 26.85, 26.84, 26.83, 26.82, 26.84, 26.81, 26.8, 26.59, 26.56, 26.54, 26.45, 26.43, 26.43, 26.41], [26.86, 26.86, 26.86, 26.86, 26.86, 26.86, 26.86, 26.85, 26.84, 26.83, 26.83, 26.83, 26.81, 26.59, 26.57, 26.57, 26.54, 26.53, 26.42, 26.41], [26.87, 26.87, 26.87, 26.87, 26.87, 26.87, 26.87, 26.87, 26.86, 26.87, 26.85, 26.85, 26.83, 26.68, 26.63, 26.6, 26.57, 26.56, 26.56, 26.57], [26.87, 26.87, 26.87, 26.87, 26.87, 26.87, 26.88, 26.88, 26.89, 26.89, 26.9, 26.85, 26.81, 26.77, 26.66, 26.63, 26.6, 26.59, 26.59, 26.59], [26.87, 26.87, 26.87, 26.87, 26.88, 26.88, 26.89, 26.9, 26.92, 26.93, 26.96, 26.89, 26.83, 26.79, 26.69, 26.65, 26.63, 26.61, 26.6, 26.6], [26.87, 26.87, 26.88, 26.88, 26.88, 26.89, 26.89, 26.9, 26.87, 26.91, 26.94, 26.89, 26.84, 26.8, 26.7, 26.67, 26.65, 26.63, 26.62, 26.62], [26.87, 26.88, 26.88, 26.88, 26.88, 26.89, 26.9, 26.91, 26.86, 26.88, 26.89, 26.87, 26.83, 26.8, 26.71, 26.68, 26.66, 26.65, 26.64, 26.63], [26.88, 26.88, 26.88, 26.88, 26.89, 26.89, 26.9, 26.84, 26.85, 26.86, 26.86, 26.84, 26.82, 26.8, 26.72, 26.69, 26.67, 26.66, 26.65, 26.64]]}]