gis_exercise/awsData/contour/wdir_2023091411.json
[{"header": {"refTime": "2023-09-14T11:00:00.000Z", "nx": 21, "ny": 33, "lo1": 113.509, "la1": 22.2235, "lo2": 113.5947, "la2": 22.1034, "dx": 0.0042850000000001385, "dy": 0.003753125000000024, "parameterCategory": 2, "parameterCategoryName": "Temperature", "parameterNumber": 2}, "data": [-1.83, -1.82, -1.81, -1.83, -1.81, -1.87, -1.83, -1.79, -1.78, -1.66, -1.7, -1.75, -2.05, -2.09, -2.28, -2.35, -2.79, -2.82, -2.84, -2.85, -1.83, -1.83, -1.82, -1.81, -1.82, -1.78, -1.81, -1.73, -1.68, -1.62, -1.7, -1.77, -2.07, -2.11, -2.31, -2.76, -2.8, -2.84, -2.86, -2.87, -1.84, -1.84, -1.83, -1.82, -1.83, -1.8, -1.73, -1.68, -1.47, -1.59, -1.72, -1.8, -2.11, -2.14, -2.69, -2.76, -2.82, -2.87, -2.89, -2.9, -1.85, -1.84, -1.84, -1.84, -1.83, -1.83, -1.78, -1.7, -1.61, -1.64, -1.76, -1.87, -2.15, -2.24, -2.68, -2.78, -2.86, -2.91, -2.93, -2.94, -1.85, -1.85, -1.85, -1.86, -1.86, -1.89, -1.87, -1.84, -1.81, -1.72, -1.81, -2.22, -2.19, -2.24, -2.69, -2.82, -2.93, -2.98, -2.99, -2.98, -1.85, -1.86, -1.86, -1.87, -1.89, -1.92, -1.97, -1.99, -1.97, -1.93, -2.2, -2.24, -2.24, -2.69, -2.74, -2.89, -3.03, -3.09, -3.06, -3.02, -2.67, -1.86, -1.87, -1.88, -1.91, -1.96, -2.12, -2.15, -2.15, -2.25, -2.19, -2.31, -2.86, -2.88, -2.81, -2.96, -3.17, -3.25, -3.28, -3.24, -2.67, -2.64, -2.61, -2.52, -2.52, -2.02, -2.11, -2.27, -2.48, -2.2, -1.95, -2.77, -2.94, -3.06, -3.38, -3.39, -3.4, -3.4, -3.39, -3.39, -2.68, -2.64, -2.59, -2.53, -2.43, -2.45, -2.55, -2.16, -2.6, -2.28, -2.61, -2.98, -3.34, -3.17, -3.42, -3.41, -3.4, -3.4, -3.4, -3.4, -3.1, -3.05, -2.97, -2.5, -2.35, -2.23, -2.47, -2.72, -2.83, -2.71, -2.84, -3.13, -3.44, -3.22, -3.45, -3.42, -3.41, -3.4, -3.4, -3.4, -3.12, -3.07, -2.99, -2.85, -2.56, -1.7, -2.77, -3.32, -3.12, -3.01, -3.3, -3.06, -3.17, -3.14, -3.45, -3.43, -3.41, -3.41, -3.4, -3.4, -3.15, -3.12, -3.06, -2.98, -2.84, -2.77, -3.19, -3.64, -3.8, -4.07, -3.41, -3.65, -3.63, -3.06, -3.44, -3.43, -3.42, -3.11, -3.1, -3.09, -3.19, -3.17, -3.16, -3.15, -3.19, -3.39, -3.7, -3.75, -3.79, -3.66, -4.07, -3.68, -3.64, -2.97, -2.92, -3.03, -3.02, -3.02, -3.02, -3.02, -3.23, -3.23, -3.25, -3.29, -3.4, -3.66, -4.09, -3.79, -3.7, -3.64, -4.08, -3.34, -3.23, -3.13, -2.77, -2.88, -2.89, -2.91, -2.93, -2.95, -3.27, -3.28, -3.31, -3.37, -3.48, -3.63, -3.75, -3.53, -3.37, -3.24, -3.14, -2.28, -3.05, -2.93, -2.85, -2.7, -2.74, -2.79, -2.84, -2.87, -3.3, -3.32, -2.42, -2.49, -2.57, -3.26, -3.23, -3.12, -2.99, -2.92, -2.14, -2.1, -2.06, -1.98, -1.99, -2.32, -2.38, -2.43, -2.37, -2.41, -2.31, -2.32, -2.34, -2.37, -3.01, -2.93, -2.8, -2.61, -2.49, -2.51, -1.91, -1.95, -1.95, -1.92, -1.73, -1.83, -1.84, -1.85, -1.86, -1.86, -2.26, -2.27, -2.26, -2.24, -2.79, -2.63, -2.37, -2.02, -1.83, -1.63, -1.78, -1.84, -1.88, -1.71, -1.79, -1.83, -1.85, -1.85, -1.86, -1.86, -2.22, -2.21, -2.18, -2.76, -2.62, -2.41, -2.07, -1.5, -0.91, -1.38, -1.04, -1.18, -1.6, -1.7, -1.83, -1.84, -1.85, -1.86, -1.87, -1.86, -2.18, -2.16, -1.92, -1.86, -1.76, -1.63, -1.44, -1.18, -0.81, -0.91, -1.03, -1.15, -1.59, -1.69, -1.85, -1.86, -1.87, -1.87, -1.87, -1.87, -1.91, -1.88, -1.83, -1.77, -1.68, -1.57, -1.44, -1.31, -0.9, -0.95, -1.03, -1.12, -1.61, -1.87, -1.88, -1.89, -1.89, -1.89, -1.88, -1.87, -1.86, -1.82, -1.77, -1.7, -1.62, -1.53, -1.44, -0.8, -0.95, -0.98, -1.03, -1.09, -1.69, -1.88, -1.9, -1.91, -1.93, -1.91, -1.89, -1.87, -1.81, -1.77, -1.72, -0.83, -0.83, -0.83, -0.83, -0.83, -0.84, -0.84, -0.84, -1.22, -1.53, -1.89, -1.91, -1.95, -1.99, -1.94, -1.88, -1.86, -0.84, -0.84, -0.84, -0.84, -0.84, -0.84, -0.85, -0.85, -0.86, -0.86, -0.86, -1.28, -1.51, -1.63, -1.74, -1.95, -2.15, -1.87, -1.84, -1.85, -0.84, -0.84, -0.85, -0.85, -0.85, -0.85, -0.86, -0.87, -0.88, -0.88, -0.88, -1.23, -1.36, -1.6, -1.7, -1.78, -1.8, -1.68, -1.8, -1.83, -0.85, -0.85, -0.85, -0.85, -0.86, -0.86, -0.87, -0.88, -0.88, -0.89, -1.09, -1.2, -1.32, -1.58, -1.66, -1.73, -1.72, -1.7, -1.8, -1.83, -0.85, -0.85, -0.86, -0.86, -0.86, -0.87, -0.88, -0.88, -0.89, -0.9, -1.11, -1.18, -1.28, -1.56, -1.63, -1.67, -1.69, -1.69, -1.7, -1.7, -0.86, -0.86, -0.86, -0.87, -0.87, -0.88, -0.88, -0.89, -0.9, -1.09, -1.09, -1.01, -1.04, -1.07, -1.57, -1.62, -1.65, -1.67, -1.68, -1.68, -0.86, -0.86, -0.86, -0.87, -0.87, -0.88, -0.89, -0.9, -0.91, -1.06, -0.98, -1.0, -1.03, -1.06, -1.53, -1.58, -1.62, -1.64, -1.65, -1.66, -0.86, -0.86, -0.87, -0.87, -0.88, -0.88, -0.89, -0.9, -1.0, -0.99, -0.99, -1.01, -1.03, -1.06, -1.5, -1.55, -1.59, -1.61, -1.63, -1.64, -0.86, -0.87, -0.87, -0.87, -0.88, -0.88, -0.89, -0.9, -1.01, -1.0, -1.01, -1.02, -1.03, -1.05, -1.48, -1.53, -1.57, -1.59, -1.61, -1.62, -0.86, -0.87, -0.87, -0.88, -0.88, -0.89, -0.89, -1.02, -1.02, -1.01, -1.02, -1.03, -1.04, -1.06, -1.47, -1.52, -1.55, -1.57, -1.59, -1.61]}, {"header": {"refTime": "2023-09-14T11:00:00.000Z", "nx": 21, "ny": 33, "lo1": 113.509, "la1": 22.2235, "lo2": 113.5947, "la2": 22.1034, "dx": 0.0042850000000001385, "dy": 0.003753125000000024, "parameterCategory": 2, "parameterCategoryName": "Temperature", "parameterNumber": 3}, "data": [0.61, 0.6, 0.58, 0.55, 0.53, 0.66, 0.61, 0.57, 0.56, 0.54, 0.63, 0.71, 0.93, 0.98, 1.27, 1.33, 1.74, 1.76, 1.77, 1.78, 0.62, 0.61, 0.59, 0.57, 0.53, 0.49, 0.57, 0.48, 0.42, 0.47, 0.62, 0.74, 0.98, 1.03, 1.31, 1.72, 1.75, 1.77, 1.79, 1.8, 0.63, 0.62, 0.61, 0.59, 0.55, 0.51, 0.43, 0.41, 0.14, 0.41, 0.64, 0.81, 1.05, 1.09, 1.68, 1.73, 1.77, 1.8, 1.82, 1.82, 0.65, 0.64, 0.63, 0.61, 0.59, 0.54, 0.49, 0.39, 0.3, 0.5, 0.73, 0.93, 1.18, 1.3, 1.67, 1.74, 1.8, 1.84, 1.85, 1.85, 0.66, 0.66, 0.65, 0.65, 0.63, 0.6, 0.58, 0.55, 0.53, 0.65, 0.83, 1.3, 1.39, 1.32, 1.68, 1.77, 1.86, 1.9, 1.9, 1.89, 0.68, 0.68, 0.68, 0.68, 0.68, 0.68, 0.68, 0.7, 0.7, 0.69, 1.17, 1.26, 1.34, 1.42, 1.69, 1.82, 1.95, 2.0, 1.97, 1.93, 0.83, 0.7, 0.7, 0.71, 0.72, 0.74, 0.95, 0.84, 0.86, 1.01, 0.99, 1.2, 1.4, 1.4, 1.72, 1.87, 2.07, 2.15, 2.02, 1.94, 0.82, 0.82, 0.83, 0.83, 0.84, 0.92, 0.95, 1.02, 1.11, 0.98, 0.85, 1.22, 1.29, 1.39, 1.66, 1.83, 2.04, 2.12, 2.0, 1.93, 0.81, 0.81, 0.82, 0.82, 0.82, 0.83, 0.87, 0.97, 0.92, 1.03, 1.08, 1.22, 1.29, 1.26, 1.63, 1.77, 1.9, 1.96, 1.93, 1.89, 0.63, 0.63, 0.64, 0.8, 0.8, 0.8, 0.81, 0.82, 0.82, 0.81, 1.15, 1.22, 1.28, 1.25, 1.61, 1.71, 1.8, 1.85, 1.86, 1.85, 0.63, 0.63, 0.64, 0.66, 0.69, 0.78, 0.66, 0.6, 0.72, 0.74, 0.88, 1.21, 1.23, 1.23, 1.6, 1.68, 1.75, 1.79, 1.81, 1.81, 0.62, 0.63, 0.63, 0.64, 0.66, 0.67, 0.62, 0.56, 0.54, 0.68, 0.84, 1.1, 1.15, 1.21, 1.61, 1.66, 1.71, 1.35, 1.36, 1.36, 0.62, 0.62, 0.62, 0.63, 0.62, 0.6, 0.57, 0.55, 0.54, 0.56, 0.74, 1.05, 1.1, 0.94, 0.91, 1.15, 1.18, 1.22, 1.24, 1.26, 0.62, 0.62, 0.61, 0.61, 0.6, 0.58, 0.54, 0.56, 0.56, 0.57, 0.73, 0.61, 0.59, 0.57, 0.78, 1.0, 1.04, 1.08, 1.13, 1.16, 0.61, 0.61, 0.61, 0.6, 0.59, 0.58, 0.57, 0.75, 0.8, 0.85, 0.88, 0.66, 0.5, 0.46, 0.43, 0.82, 0.88, 0.95, 1.02, 1.07, 0.61, 0.61, 0.95, 0.94, 0.93, 0.85, 0.86, 0.9, 0.94, 0.96, 0.79, 0.68, 0.55, 0.61, 0.53, 0.53, 0.61, 0.7, 1.02, 1.1, 0.99, 0.99, 0.99, 1.0, 0.94, 0.97, 1.01, 1.08, 1.12, 1.11, 0.86, 0.7, 0.51, 0.32, 0.35, 0.35, 0.5, 0.61, 0.69, 0.75, 1.02, 1.02, 1.04, 1.06, 1.01, 1.07, 1.17, 1.29, 1.36, 1.15, 0.95, 0.73, 0.5, 0.36, -0.0, 0.3, 0.51, 0.65, 0.73, 0.79, 1.04, 1.05, 1.07, 1.03, 1.07, 1.15, 1.28, 1.48, 1.63, 1.29, 1.04, 0.8, 0.75, 0.5, 0.28, 0.43, 0.6, 0.72, 0.8, 0.84, 1.06, 1.08, 1.06, 1.09, 1.13, 1.2, 1.3, 1.45, 1.48, 1.26, 1.03, 0.83, 0.87, 0.73, 0.55, 0.64, 0.75, 0.83, 0.88, 0.9, 1.03, 1.04, 1.06, 1.08, 1.12, 1.17, 1.23, 1.3, 1.22, 1.12, 0.98, 0.83, 0.98, 0.72, 0.76, 0.84, 0.91, 0.96, 0.97, 0.97, 1.02, 1.04, 1.05, 1.07, 1.09, 1.12, 1.15, 1.16, 1.05, 0.99, 0.91, 0.82, 0.72, 0.86, 0.93, 1.01, 1.08, 1.09, 1.06, 1.03, 1.02, 1.03, 1.04, 1.05, 1.05, 1.05, 1.05, 1.03, 1.0, 0.97, 0.96, 1.25, 1.08, 0.96, 1.04, 1.15, 1.25, 1.21, 1.13, 1.08, 1.01, 1.01, 1.01, 1.0, 1.0, 0.98, 0.96, 0.92, 0.87, 0.84, 0.86, 0.86, 1.06, 1.14, 1.22, 1.21, 1.46, 1.24, 1.15, 1.1, 0.99, 0.98, 0.98, 0.97, 0.95, 0.93, 0.89, 0.84, 0.77, 0.71, 0.78, 0.83, 0.92, 1.13, 1.2, 1.25, 1.19, 1.12, 1.13, 1.1, 0.97, 0.96, 0.95, 0.94, 0.92, 0.89, 0.85, 0.8, 0.74, 0.7, 0.74, 0.8, 0.88, 1.11, 1.17, 1.18, 1.19, 1.18, 1.11, 1.09, 0.95, 0.94, 0.93, 0.91, 0.89, 0.86, 0.82, 0.79, 0.75, 0.72, 0.72, 0.77, 0.84, 1.03, 1.09, 1.14, 1.16, 1.16, 1.16, 1.16, 0.94, 0.92, 0.91, 0.89, 0.87, 0.84, 0.81, 0.77, 0.73, 0.68, 0.67, 0.62, 0.65, 0.69, 1.05, 1.09, 1.12, 1.14, 1.14, 1.14, 0.92, 0.91, 0.89, 0.88, 0.85, 0.82, 0.79, 0.75, 0.7, 0.63, 0.55, 0.6, 0.64, 0.67, 1.01, 1.06, 1.09, 1.11, 1.12, 1.13, 0.91, 0.9, 0.88, 0.86, 0.84, 0.82, 0.78, 0.75, 0.61, 0.58, 0.56, 0.6, 0.63, 0.67, 0.98, 1.03, 1.06, 1.09, 1.1, 1.11, 0.9, 0.89, 0.88, 0.86, 0.84, 0.81, 0.78, 0.75, 0.61, 0.6, 0.6, 0.61, 0.64, 0.66, 0.97, 1.01, 1.04, 1.07, 1.08, 1.09, 0.9, 0.89, 0.87, 0.85, 0.84, 0.81, 0.79, 0.63, 0.63, 0.62, 0.62, 0.63, 0.65, 0.67, 0.96, 1.0, 1.03, 1.05, 1.07, 1.08]}, {"header": {"refTime": "2023-09-14T11:00:00.000Z", "nx": 21, "ny": 33, "lo1": 113.509, "la1": 22.2235, "lo2": 113.5947, "la2": 22.1034, "dx": 0.0042850000000001385, "dy": 0.003753125000000024, "parameterCategory": 0, "parameterCategoryName": "Temperature", "parameterNumber": 0}, "data": [[27.39, 27.39, 27.39, 27.13, 27.14, 27.5, 27.51, 27.51, 27.52, 27.51, 27.55, 27.59, 27.88, 27.9, 27.74, 27.73, 27.84, 27.81, 27.8, 27.79], [27.4, 27.39, 27.39, 27.38, 27.14, 27.16, 27.49, 27.48, 27.49, 27.5, 27.55, 27.61, 27.91, 27.93, 27.77, 27.86, 27.83, 27.8, 27.78, 27.77], [27.4, 27.39, 27.39, 27.38, 27.13, 27.15, 27.19, 27.46, 27.42, 27.48, 27.57, 27.66, 27.96, 27.98, 27.91, 27.86, 27.81, 27.77, 27.75, 27.74], [27.4, 27.4, 27.39, 27.38, 27.37, 27.14, 27.17, 27.22, 27.26, 27.49, 27.6, 27.75, 28.05, 27.91, 27.92, 27.84, 27.78, 27.73, 27.72, 27.72], [27.41, 27.41, 27.4, 27.39, 27.37, 27.11, 27.12, 27.14, 27.14, 27.48, 27.6, 27.93, 28.14, 27.96, 27.92, 27.81, 27.72, 27.67, 27.67, 27.68], [27.42, 27.42, 27.41, 27.4, 27.38, 27.35, 27.08, 27.07, 27.06, 27.03, 27.62, 27.82, 28.0, 28.17, 27.88, 27.75, 27.63, 27.58, 27.6, 27.64], [27.44, 27.43, 27.43, 27.42, 27.4, 27.36, 27.15, 27.03, 27.01, 27.08, 27.12, 27.64, 28.07, 28.1, 27.84, 27.69, 27.51, 27.44, 27.48, 27.55], [27.46, 27.46, 27.46, 27.46, 27.44, 27.26, 27.18, 27.08, 27.03, 27.05, 26.95, 27.56, 27.57, 28.1, 27.52, 27.59, 27.46, 27.41, 27.48, 27.53], [27.34, 27.35, 27.5, 27.51, 27.51, 27.48, 27.38, 27.15, 26.94, 27.11, 27.22, 27.38, 27.46, 27.36, 27.54, 27.61, 27.54, 27.5, 27.52, 27.55], [27.8, 27.8, 27.8, 27.43, 27.48, 27.62, 27.52, 27.38, 26.89, 26.9, 27.47, 27.28, 27.34, 27.32, 27.54, 27.64, 27.59, 27.56, 27.56, 27.57], [27.8, 27.8, 27.8, 27.8, 27.8, 27.8, 27.8, 27.8, 27.52, 26.93, 26.8, 27.22, 27.27, 27.27, 27.53, 27.66, 27.62, 27.6, 27.6, 27.6], [27.8, 27.8, 27.8, 27.8, 27.8, 27.8, 27.8, 27.8, 27.8, -999.0, 26.8, 27.9, 27.9, 27.24, 27.53, 27.68, 27.66, 27.24, 27.24, 27.24], [27.8, 27.8, 27.8, 27.8, 27.8, 27.8, 27.8, 27.8, 27.8, 27.8, -999.0, 27.9, 27.9, 27.44, 27.64, 27.26, 27.26, 27.25, 27.25, 27.25], [27.8, 27.8, 27.8, 27.8, 27.8, 27.8, 27.8, 27.8, 27.8, 27.8, -999.0, 27.2, 27.2, 27.2, 27.58, 27.26, 27.26, 27.24, 27.25, 27.25], [27.8, 27.8, 27.8, 27.8, 27.8, 27.8, 27.8, 28.2, 28.2, 28.2, 28.2, 27.82, 27.2, 27.2, 27.2, 27.25, 27.25, 27.24, 27.24, 27.24], [27.8, 27.8, 28.05, 28.06, 28.06, 28.2, 28.2, 28.2, 28.2, 28.2, 27.57, 27.64, 27.55, 27.46, 27.56, 27.27, 27.28, 27.26, 27.28, 27.29], [28.06, 28.06, 27.94, 27.95, 28.2, 28.2, 28.2, 28.2, 28.2, 28.2, 27.77, 27.65, 27.52, 27.4, 27.34, 27.46, 27.55, 27.62, 27.67, 27.71], [27.94, 27.95, 27.95, 27.97, 28.2, 28.2, 28.2, 28.2, 28.2, 27.95, 27.81, 27.66, 27.51, 27.35, 27.22, 27.43, 27.55, 27.64, 27.7, 27.74], [27.95, 27.96, 27.97, 28.2, 28.2, 28.2, 28.2, 28.2, 28.11, 28.01, 27.91, 27.79, 27.51, 27.4, 27.41, 27.5, 27.6, 27.68, 27.73, 27.77], [27.96, 27.96, 28.2, 28.2, 28.2, 28.2, 28.2, 28.2, 28.11, 28.03, 27.93, 27.83, 27.54, 27.46, 27.57, 27.62, 27.69, 27.74, 27.78, 27.81], [28.2, 28.2, 28.2, 28.2, 28.2, 28.2, 28.2, 28.2, 28.04, 28.0, 27.94, 27.86, 27.57, 27.67, 27.69, 27.72, 27.77, 27.81, 27.84, 27.85], [28.2, 28.2, 28.2, 28.2, 28.2, 28.2, 28.2, 28.2, 28.03, 28.0, 27.96, 27.9, 27.59, 27.75, 27.77, 27.8, 27.83, 27.87, 27.89, 27.9], [28.2, 28.2, 28.2, 28.2, 28.2, 28.2, 28.2, 28.2, 28.2, 28.2, 28.2, 27.99, 28.11, 27.81, 27.83, 27.85, 27.83, 27.91, 27.96, 27.95], [28.2, 28.2, 28.2, 28.2, 28.2, 28.2, 28.2, 28.2, 28.2, 28.2, 28.2, 28.0, 28.12, 28.1, 28.07, 27.89, 27.69, 28.07, 28.06, 28.0], [28.2, 28.2, 28.2, 28.2, 28.2, 28.2, 28.2, 28.2, 28.2, 28.2, 28.2, 28.03, 27.96, 28.11, 28.1, 28.09, 28.16, 28.34, 28.12, 28.04], [28.2, 28.2, 28.2, 28.2, 28.2, 28.2, 28.2, 28.2, 28.2, 28.2, 28.1, 28.05, 27.98, 28.13, 28.12, 28.14, 28.2, 28.25, 28.1, 28.04], [28.2, 28.2, 28.2, 28.2, 28.2, 28.2, 28.2, 28.2, 28.2, 28.2, 28.1, 28.06, 28.01, 28.14, 28.14, 28.15, 28.18, 28.19, 28.19, 28.17], [28.2, 28.2, 28.2, 28.2, 28.2, 28.2, 28.2, 28.2, 28.2, 28.12, 28.12, 28.29, 28.33, 28.38, 28.15, 28.16, 28.17, 28.17, 28.17, 28.17], [28.2, 28.2, 28.2, 28.2, 28.2, 28.2, 28.2, 28.2, 28.2, 28.14, 28.22, 28.27, 28.32, 28.36, 28.15, 28.16, 28.16, 28.16, 28.16, 28.16], [28.2, 28.2, 28.2, 28.2, 28.2, 28.2, 28.2, 28.2, 28.27, 28.25, 28.24, 28.27, 28.31, 28.35, 28.16, 28.16, 28.16, 28.16, 28.16, 28.16], [28.2, 28.2, 28.2, 28.2, 28.2, 28.2, 28.2, 28.2, 28.28, 28.27, 28.27, 28.29, 28.32, 28.35, 28.16, 28.16, 28.16, 28.16, 28.16, 28.15], [28.2, 28.2, 28.2, 28.2, 28.2, 28.2, 28.2, 28.3, 28.29, 28.29, 28.3, 28.31, 28.33, 28.35, 28.16, 28.15, 28.15, 28.15, 28.15, 28.15]]}]