gis_exercise/awsData/contour/wdir_2023090306.json
[{"header": {"refTime": "2023-09-03T06:00:00.000Z", "nx": 21, "ny": 33, "lo1": 113.509, "la1": 22.2235, "lo2": 113.5947, "la2": 22.1034, "dx": 0.0042850000000001385, "dy": 0.003753125000000024, "parameterCategory": 2, "parameterCategoryName": "Temperature", "parameterNumber": 2}, "data": [-1.49, -1.48, -1.47, -1.55, -1.52, -1.1, -1.06, -1.03, -0.99, -0.8, -0.76, -0.72, -0.75, -0.75, -1.17, -1.27, -1.62, -1.69, -1.75, -1.79, -1.5, -1.49, -1.48, -1.46, -1.53, -1.47, -1.07, -1.02, -0.97, -0.81, -0.75, -0.69, -0.71, -0.71, -1.15, -1.53, -1.65, -1.74, -1.8, -1.84, -1.51, -1.5, -1.49, -1.48, -1.55, -1.49, -1.4, -1.02, -0.92, -0.83, -0.74, -0.64, -0.65, -0.66, -1.36, -1.55, -1.7, -1.81, -1.88, -1.91, -1.51, -1.51, -1.51, -1.51, -1.49, -1.55, -1.47, -1.34, -1.22, -0.82, -0.71, -0.56, -0.51, -0.72, -1.33, -1.59, -1.8, -1.93, -1.99, -2.0, -1.52, -1.52, -1.53, -1.53, -1.54, -1.63, -1.6, -1.55, -1.52, -0.83, -0.72, -0.65, -0.27, -0.64, -1.35, -1.7, -1.97, -2.11, -2.14, -2.1, -1.53, -1.53, -1.54, -1.56, -1.58, -1.61, -1.75, -1.77, -1.76, -1.71, -1.1, -0.86, -0.58, -1.19, -1.48, -1.88, -2.24, -2.4, -2.32, -2.21, -2.84, -1.54, -1.55, -1.57, -1.6, -1.67, -1.94, -1.98, -2.0, -1.95, -1.83, -1.26, -1.62, -1.65, -1.66, -2.07, -2.61, -2.81, -2.77, -2.65, -2.84, -2.79, -2.73, -2.84, -2.81, -1.8, -1.93, -2.15, -2.36, -1.93, -1.69, -2.1, -2.21, -2.05, -2.89, -2.98, -3.08, -3.12, -3.07, -3.03, -2.85, -2.79, -2.72, -2.62, -2.68, -2.7, -2.84, -1.99, -2.89, -1.97, -2.18, -2.45, -2.88, -2.68, -2.94, -2.98, -3.03, -3.05, -3.04, -3.02, -3.88, -3.78, -3.64, -2.58, -2.35, -2.34, -2.76, -3.22, -3.46, -3.26, -2.39, -2.69, -3.07, -2.78, -2.98, -2.98, -3.0, -3.01, -3.01, -3.0, -3.9, -3.81, -3.67, -3.42, -2.89, -1.34, -3.33, -4.4, -4.11, -3.9, -3.86, -2.62, -2.73, -2.69, -2.99, -2.98, -2.98, -2.99, -2.99, -2.99, -3.95, -3.89, -3.79, -3.63, -3.38, -3.25, -4.05, -5.07, -5.48, -5.49, -4.18, -3.92, -3.74, -2.61, -2.98, -2.97, -2.97, -3.66, -3.66, -3.66, -4.02, -3.99, -3.95, -3.93, -3.98, -4.3, -4.81, -5.16, -5.38, -5.07, -5.28, -4.08, -3.89, -3.32, -3.35, -3.76, -3.74, -3.73, -3.72, -3.71, -4.09, -4.09, -4.1, -4.16, -4.33, -4.71, -5.28, -5.05, -5.04, -4.96, -5.31, -4.83, -4.7, -4.61, -3.47, -3.83, -3.82, -3.79, -3.77, -3.76, -4.16, -4.18, -4.22, -4.3, -4.46, -4.7, -4.89, -4.58, -4.38, -4.19, -4.03, -3.62, -4.7, -4.62, -4.57, -3.92, -3.89, -3.86, -3.83, -3.8, -4.21, -4.24, -2.47, -2.57, -2.71, -4.09, -4.04, -3.88, -3.69, -3.59, -3.22, -3.38, -3.56, -3.21, -3.37, -3.93, -3.86, -3.79, -3.62, -3.57, -2.28, -2.31, -2.34, -2.37, -3.67, -3.54, -3.3, -2.99, -2.79, -2.84, -2.81, -3.16, -3.49, -3.8, -3.61, -3.98, -3.84, -3.74, -3.66, -3.61, -2.21, -2.21, -2.2, -2.17, -3.3, -3.02, -2.56, -1.94, -1.62, -1.72, -2.29, -2.95, -3.43, -3.56, -4.26, -4.02, -3.83, -3.7, -3.62, -3.57, -2.13, -2.11, -2.07, -3.25, -3.01, -2.64, -2.03, -1.02, -0.08, -1.22, -1.65, -2.28, -2.76, -3.32, -4.05, -3.91, -3.74, -3.63, -3.57, -3.53, -2.07, -2.03, -2.54, -2.41, -2.22, -1.93, -1.5, -0.88, -0.43, -1.05, -1.7, -2.23, -2.57, -2.95, -3.79, -3.71, -3.61, -3.53, -3.49, -3.47, -2.64, -2.58, -2.49, -2.38, -2.21, -1.99, -1.71, -1.42, -1.2, -1.49, -1.89, -2.26, -2.43, -3.63, -3.59, -3.52, -3.45, -3.41, -3.4, -3.4, -2.61, -2.56, -2.48, -2.39, -2.27, -2.13, -1.99, -0.97, -1.76, -1.93, -2.14, -2.35, -3.52, -3.51, -3.44, -3.36, -3.3, -3.29, -3.32, -3.35, -2.6, -2.55, -2.49, -1.08, -1.11, -1.15, -1.23, -1.34, -1.47, -1.55, -1.52, -2.07, -3.17, -3.42, -3.34, -3.23, -3.13, -3.18, -3.25, -3.3, -1.07, -1.09, -1.12, -1.15, -1.21, -1.3, -1.44, -1.66, -1.93, -2.06, -1.88, -2.39, -3.17, -3.14, -3.1, -3.17, -2.93, -3.15, -3.23, -3.28, -1.1, -1.12, -1.16, -1.21, -1.28, -1.4, -1.58, -1.87, -2.37, -2.78, -2.18, -2.35, -2.25, -3.15, -3.12, -3.1, -3.2, -3.27, -3.25, -3.28, -1.12, -1.15, -1.18, -1.24, -1.31, -1.42, -1.59, -1.86, -2.32, -2.68, -2.47, -2.19, -2.11, -3.16, -3.14, -2.64, -2.81, -2.87, -3.27, -3.29, -1.13, -1.16, -1.19, -1.24, -1.31, -1.39, -1.51, -1.66, -1.82, -1.83, -1.98, -1.88, -1.9, -2.02, -2.28, -2.48, -2.62, -2.68, -2.68, -2.63, -1.13, -1.16, -1.19, -1.23, -1.27, -1.33, -1.38, -1.41, -1.36, -1.5, -1.32, -1.56, -1.81, -2.03, -2.11, -2.32, -2.46, -2.53, -2.55, -2.54, -1.13, -1.15, -1.18, -1.21, -1.23, -1.25, -1.25, -1.2, -1.05, -0.93, -0.52, -1.17, -1.59, -1.88, -1.97, -2.17, -2.31, -2.4, -2.44, -2.45, -1.13, -1.15, -1.16, -1.18, -1.19, -1.19, -1.16, -1.09, -1.38, -0.97, -0.72, -1.13, -1.52, -1.8, -1.86, -2.06, -2.19, -2.29, -2.34, -2.37, -1.12, -1.13, -1.14, -1.15, -1.15, -1.14, -1.1, -1.04, -1.44, -1.24, -1.17, -1.32, -1.56, -1.78, -1.81, -1.98, -2.11, -2.2, -2.26, -2.3, -1.11, -1.12, -1.13, -1.13, -1.13, -1.11, -1.08, -1.66, -1.54, -1.44, -1.42, -1.5, -1.64, -1.8, -1.78, -1.93, -2.04, -2.13, -2.19, -2.24]}, {"header": {"refTime": "2023-09-03T06:00:00.000Z", "nx": 21, "ny": 33, "lo1": 113.509, "la1": 22.2235, "lo2": 113.5947, "la2": 22.1034, "dx": 0.0042850000000001385, "dy": 0.003753125000000024, "parameterCategory": 2, "parameterCategoryName": "Temperature", "parameterNumber": 3}, "data": [-0.04, -0.04, -0.05, 0.01, 0.01, -0.11, -0.11, -0.11, -0.11, -0.07, -0.08, -0.09, -0.26, -0.27, -0.67, -0.73, -0.9, -0.94, -0.97, -0.98, -0.04, -0.04, -0.05, -0.05, 0.01, 0.0, -0.11, -0.1, -0.1, -0.07, -0.08, -0.1, -0.27, -0.28, -0.68, -0.86, -0.92, -0.97, -1.0, -1.01, -0.04, -0.04, -0.04, -0.05, 0.01, 0.0, -0.01, -0.09, -0.07, -0.07, -0.09, -0.11, -0.28, -0.29, -0.79, -0.88, -0.95, -1.01, -1.04, -1.05, -0.04, -0.04, -0.04, -0.04, -0.05, 0.0, -0.0, -0.01, -0.03, -0.07, -0.09, -0.13, -0.29, -0.25, -0.78, -0.9, -1.01, -1.08, -1.11, -1.11, -0.04, -0.04, -0.04, -0.04, -0.04, 0.01, 0.01, 0.0, 0.01, -0.05, -0.08, -0.24, -0.28, -0.26, -0.78, -0.96, -1.1, -1.18, -1.19, -1.17, -0.04, -0.04, -0.04, -0.04, -0.04, -0.04, 0.01, 0.01, 0.02, 0.04, -0.16, -0.22, -0.26, -0.5, -0.82, -1.05, -1.26, -1.35, -1.3, -1.23, -0.1, -0.04, -0.04, -0.04, -0.04, -0.04, 0.02, 0.01, 0.02, -0.02, -0.03, -0.21, -0.55, -0.57, -0.88, -1.14, -1.48, -1.6, -1.49, -1.38, -0.11, -0.1, -0.1, -0.13, -0.13, 0.02, 0.02, 0.0, -0.04, 0.0, 0.1, -0.42, -0.52, -0.64, -1.11, -1.31, -1.56, -1.65, -1.51, -1.42, -0.11, -0.1, -0.1, -0.09, -0.12, -0.12, -0.12, 0.01, -0.05, -0.04, -0.32, -0.54, -0.74, -0.64, -1.09, -1.25, -1.4, -1.46, -1.44, -1.39, -0.21, -0.21, -0.2, -0.09, -0.08, -0.1, -0.13, -0.16, -0.11, -0.07, -0.45, -0.62, -0.8, -0.67, -1.09, -1.19, -1.29, -1.35, -1.36, -1.34, -0.22, -0.21, -0.2, -0.18, -0.14, -0.03, -0.18, -0.27, -0.24, -0.15, -0.47, -0.58, -0.64, -0.63, -1.09, -1.16, -1.23, -1.27, -1.29, -1.3, -0.22, -0.21, -0.21, -0.2, -0.18, -0.17, -0.23, -0.32, -0.36, -0.53, -0.47, -0.7, -0.73, -0.58, -1.09, -1.14, -1.19, -1.39, -1.4, -1.41, -0.22, -0.22, -0.22, -0.21, -0.22, -0.24, -0.27, -0.32, -0.35, -0.32, -0.57, -0.67, -0.7, -0.89, -0.9, -1.3, -1.33, -1.35, -1.36, -1.37, -0.23, -0.23, -0.23, -0.23, -0.24, -0.26, -0.28, -0.29, -0.31, -0.3, -0.55, -0.82, -0.87, -0.9, -0.92, -1.28, -1.3, -1.32, -1.33, -1.35, -0.23, -0.23, -0.24, -0.24, -0.25, -0.26, -0.27, -0.01, 0.06, 0.11, 0.16, -0.13, -0.88, -0.92, -0.93, -1.24, -1.26, -1.29, -1.3, -1.32, -0.24, -0.24, 0.27, 0.26, 0.25, 0.13, 0.15, 0.2, 0.25, 0.28, 0.04, -0.11, -0.27, -0.55, -0.63, -0.59, -0.49, -0.4, -0.54, -0.5, 0.33, 0.33, 0.33, 0.34, 0.26, 0.29, 0.36, 0.45, 0.51, 0.5, 0.15, -0.07, -0.32, -0.57, -0.48, -0.78, -0.67, -0.58, -0.53, -0.49, 0.36, 0.37, 0.39, 0.42, 0.36, 0.44, 0.57, 0.75, 0.84, 0.58, 0.3, -0.02, -0.34, -0.47, -1.0, -0.81, -0.65, -0.55, -0.5, -0.46, 0.39, 0.41, 0.44, 0.38, 0.45, 0.55, 0.73, 1.02, 1.23, 0.77, 0.33, 0.0, 0.1, -0.25, -0.83, -0.71, -0.58, -0.49, -0.44, -0.42, 0.42, 0.44, 0.32, 0.36, 0.43, 0.53, 0.69, 0.92, 0.97, 0.65, 0.31, 0.02, 0.27, 0.08, -0.61, -0.53, -0.45, -0.4, -0.38, -0.38, 0.26, 0.28, 0.31, 0.34, 0.4, 0.47, 0.57, 0.67, 0.57, 0.41, 0.2, 0.01, 0.45, -0.47, -0.43, -0.35, -0.29, -0.28, -0.3, -0.33, 0.25, 0.27, 0.28, 0.31, 0.34, 0.38, 0.41, 0.4, 0.27, 0.18, 0.07, -0.05, -0.05, -0.36, -0.28, -0.18, -0.1, -0.14, -0.24, -0.3, 0.24, 0.24, 0.25, 0.21, 0.22, 0.21, 0.2, 0.16, 0.11, 0.06, 0.05, 0.59, -0.23, -0.29, -0.18, -0.0, 0.2, 0.0, -0.22, -0.31, 0.16, 0.16, 0.15, 0.14, 0.13, 0.1, 0.05, -0.03, -0.13, -0.19, -0.14, -0.01, -0.25, -0.17, -0.08, 0.03, 0.82, -0.21, -0.35, -0.35, 0.12, 0.11, 0.1, 0.08, 0.05, 0.01, -0.06, -0.16, -0.32, -0.44, -0.29, -0.09, 0.11, -0.21, -0.15, -0.13, -0.45, -0.88, -0.49, -0.41, 0.09, 0.08, 0.06, 0.03, -0.0, -0.05, -0.12, -0.22, -0.35, -0.45, -0.29, -0.13, 0.05, -0.25, -0.23, -0.25, -0.4, -0.5, -0.48, -0.42, 0.06, 0.05, 0.02, -0.01, -0.04, -0.09, -0.16, -0.23, -0.3, -0.34, -0.26, -0.15, -0.01, -0.26, -0.25, -0.28, -0.34, -0.38, -0.36, -0.33, 0.04, 0.02, -0.0, -0.03, -0.07, -0.12, -0.17, -0.23, -0.29, -0.31, -0.29, -0.72, -0.82, -0.93, -0.28, -0.29, -0.31, -0.33, -0.33, -0.31, 0.02, 0.0, -0.02, -0.05, -0.09, -0.13, -0.18, -0.24, -0.3, -0.35, -0.55, -0.67, -0.79, -0.89, -0.3, -0.3, -0.3, -0.31, -0.31, -0.3, 0.01, -0.01, -0.04, -0.07, -0.1, -0.14, -0.18, -0.23, -0.68, -0.62, -0.59, -0.68, -0.78, -0.87, -0.31, -0.3, -0.3, -0.3, -0.3, -0.29, -0.0, -0.02, -0.05, -0.07, -0.11, -0.14, -0.18, -0.22, -0.71, -0.68, -0.68, -0.72, -0.79, -0.86, -0.31, -0.3, -0.3, -0.3, -0.29, -0.29, -0.01, -0.03, -0.05, -0.08, -0.11, -0.14, -0.17, -0.75, -0.74, -0.73, -0.73, -0.76, -0.81, -0.87, -0.31, -0.3, -0.3, -0.29, -0.29, -0.29]}, {"header": {"refTime": "2023-09-03T06:00:00.000Z", "nx": 21, "ny": 33, "lo1": 113.509, "la1": 22.2235, "lo2": 113.5947, "la2": 22.1034, "dx": 0.0042850000000001385, "dy": 0.003753125000000024, "parameterCategory": 0, "parameterCategoryName": "Temperature", "parameterNumber": 0}, "data": [[26.91, 26.9, 26.89, 26.63, 26.63, 26.8, 26.79, 26.78, 26.78, 26.7, 26.71, 26.72, 26.89, 26.9, 26.94, 26.95, 27.04, 27.04, 27.04, 27.04], [26.92, 26.91, 26.9, 26.88, 26.63, 26.64, 26.78, 26.77, 26.76, 26.7, 26.71, 26.73, 26.9, 26.91, 26.95, 27.03, 27.04, 27.04, 27.04, 27.04], [26.92, 26.92, 26.91, 26.89, 26.63, 26.64, 26.65, 26.76, 26.71, 26.7, 26.72, 26.74, 26.92, 26.93, 27.03, 27.03, 27.04, 27.04, 27.04, 27.05], [26.93, 26.93, 26.92, 26.9, 26.89, 26.64, 26.64, 26.65, 26.66, 26.69, 26.72, 26.77, 26.94, 26.86, 27.03, 27.04, 27.04, 27.05, 27.05, 27.05], [26.94, 26.94, 26.93, 26.92, 26.9, 26.63, 26.64, 26.64, 26.63, 26.67, 26.71, 26.86, 26.94, 26.88, 27.03, 27.04, 27.05, 27.05, 27.06, 27.05], [26.96, 26.95, 26.95, 26.94, 26.93, 26.91, 26.64, 26.64, 26.62, 26.58, 26.73, 26.82, 26.9, 27.0, 27.03, 27.05, 27.06, 27.07, 27.06, 27.06], [27.08, 26.97, 26.97, 26.97, 26.95, 26.93, 26.8, 26.66, 26.65, 26.61, 26.58, 26.77, 27.0, 27.0, 27.03, 27.05, 27.07, 27.08, 27.08, 27.08], [27.09, 27.09, 27.09, 27.09, 27.08, 26.88, 26.83, 26.78, 26.76, 26.58, 26.42, 26.78, 26.79, 27.0, 27.06, 27.05, 27.07, 27.08, 27.07, 27.06], [27.01, 27.02, 27.11, 27.12, 27.12, 27.1, 27.04, 26.81, 26.64, 26.63, 26.57, 26.67, 26.72, 26.66, 27.06, 27.05, 27.06, 27.07, 27.06, 27.06], [27.3, 27.3, 27.3, 27.07, 27.1, 27.19, 27.13, 27.04, 26.52, 26.54, 26.73, 26.61, 26.65, 26.63, 27.06, 27.04, 27.05, 27.06, 27.06, 27.05], [27.3, 27.3, 27.3, 27.3, 27.3, 27.3, 27.3, 27.3, 27.12, 26.63, 26.3, 26.57, 26.6, 26.6, 27.06, 27.04, 27.05, 27.05, 27.05, 27.05], [27.3, 27.3, 27.3, 27.3, 27.3, 27.3, 27.3, 27.3, 27.3, -999.0, 26.3, 27.0, 27.0, 26.58, 27.06, 27.04, 27.04, 26.42, 26.43, 26.44], [27.3, 27.3, 27.3, 27.3, 27.3, 27.3, 27.3, 27.3, 27.3, 27.3, -999.0, 27.0, 27.0, 26.28, 26.6, 26.66, 26.67, 26.52, 26.55, 26.56], [27.3, 27.3, 27.3, 27.3, 27.3, 27.3, 27.3, 27.3, 27.3, 27.3, -999.0, 25.9, 25.9, 25.9, 26.5, 26.56, 26.58, 26.43, 26.46, 26.49], [27.3, 27.3, 27.3, 27.3, 27.3, 27.3, 27.3, 27.1, 27.1, 27.1, 27.1, 26.64, 25.9, 25.9, 25.9, 26.45, 26.49, 26.35, 26.39, 26.43], [27.3, 27.3, 27.17, 27.17, 27.17, 27.1, 27.1, 27.1, 27.1, 27.1, 26.34, 26.43, 26.31, 26.22, 26.33, 26.3, 26.36, 26.26, 26.51, 26.55], [27.17, 27.17, 27.23, 27.23, 27.1, 27.1, 27.1, 27.1, 27.1, 27.1, 26.58, 26.44, 26.28, 26.13, 26.17, 26.08, 26.15, 26.2, 26.24, 26.26], [27.23, 27.23, 27.22, 27.22, 27.1, 27.1, 27.1, 27.1, 27.1, 26.8, 26.63, 26.45, 26.27, 26.17, 25.94, 26.06, 26.16, 26.22, 26.25, 26.28], [27.22, 27.22, 27.22, 27.1, 27.1, 27.1, 27.1, 27.1, 26.99, 26.87, 26.7, 26.55, 26.43, 26.27, 26.05, 26.12, 26.2, 26.25, 26.28, 26.3], [27.22, 27.22, 26.93, 26.94, 26.95, 26.96, 26.99, 27.05, 26.95, 26.84, 26.71, 26.58, 26.5, 26.41, 26.18, 26.22, 26.27, 26.3, 26.32, 26.33], [26.92, 26.92, 26.93, 26.98, 26.98, 26.99, 27.0, 27.01, 26.84, 26.79, 26.7, 26.61, 26.57, 26.26, 26.28, 26.32, 26.35, 26.37, 26.36, 26.36], [26.96, 26.96, 26.96, 26.97, 26.97, 26.97, 26.97, 27.0, 26.78, 26.75, 26.7, 26.63, 26.54, 26.32, 26.36, 26.4, 26.44, 26.43, 26.4, 26.38], [26.95, 26.95, 26.95, 26.99, 26.99, 26.98, 26.98, 26.97, 26.96, 26.95, 26.95, 26.94, 26.63, 26.36, 26.41, 26.48, 26.56, 26.5, 26.42, 26.39], [26.99, 26.99, 26.99, 26.99, 26.98, 26.97, 26.96, 26.94, 26.92, 26.91, 26.93, 26.92, 26.63, 26.61, 26.59, 26.51, 26.76, 26.46, 26.4, 26.39], [26.99, 26.99, 26.99, 26.98, 26.98, 26.97, 26.95, 26.93, 26.88, 26.85, 26.9, 26.92, 26.95, 26.6, 26.58, 26.55, 26.39, 26.27, 26.36, 26.38], [26.99, 26.99, 26.99, 26.98, 26.97, 26.97, 26.95, 26.93, 26.89, 26.86, 26.9, 26.93, 26.95, 26.6, 26.57, 26.57, 26.5, 26.46, 26.36, 26.37], [26.99, 26.99, 26.99, 26.98, 26.98, 26.97, 26.96, 26.95, 26.94, 26.93, 26.94, 26.96, 26.97, 26.71, 26.65, 26.6, 26.55, 26.53, 26.54, 26.55], [26.99, 26.99, 26.99, 26.98, 26.98, 26.98, 26.97, 26.97, 26.98, 26.99, 27.0, 26.85, 26.77, 26.69, 26.69, 26.64, 26.6, 26.58, 26.57, 26.58], [26.99, 26.99, 26.99, 26.99, 26.98, 26.98, 26.99, 26.99, 27.01, 27.03, 27.03, 26.91, 26.81, 26.72, 26.71, 26.67, 26.63, 26.61, 26.6, 26.6], [26.99, 26.99, 26.99, 26.99, 26.99, 26.99, 26.99, 27.0, 26.89, 26.95, 26.99, 26.91, 26.82, 26.74, 26.74, 26.69, 26.66, 26.64, 26.63, 26.62], [26.99, 26.99, 26.99, 26.99, 26.99, 26.99, 27.0, 27.01, 26.87, 26.9, 26.91, 26.87, 26.81, 26.75, 26.75, 26.71, 26.68, 26.66, 26.65, 26.64], [26.99, 26.99, 26.99, 26.99, 27.0, 27.0, 27.0, 26.82, 26.84, 26.86, 26.85, 26.83, 26.79, 26.74, 26.76, 26.72, 26.7, 26.68, 26.66, 26.66]]}]