gis_exercise/awsData/contour/wdir_2023090716.json
[{"header": {"refTime": "2023-09-07T16:00:00.000Z", "nx": 21, "ny": 33, "lo1": 113.509, "la1": 22.2235, "lo2": 113.5947, "la2": 22.1034, "dx": 0.0042850000000001385, "dy": 0.003753125000000024, "parameterCategory": 2, "parameterCategoryName": "Temperature", "parameterNumber": 2}, "data": [-0.18, -0.19, -0.19, -0.71, -0.67, -0.79, -0.72, -0.65, -0.64, -0.7, -0.84, -0.98, -1.03, -1.09, -1.79, -1.88, -2.28, -2.31, -2.34, -2.35, -0.18, -0.19, -0.19, -0.19, -0.68, -0.61, -0.66, -0.52, -0.43, -0.58, -0.83, -1.03, -1.1, -1.16, -1.85, -2.25, -2.3, -2.35, -2.38, -2.39, -0.18, -0.19, -0.19, -0.2, -0.7, -0.63, -0.51, -0.41, -0.0, -0.48, -0.87, -1.14, -1.23, -1.27, -2.19, -2.27, -2.34, -2.4, -2.43, -2.44, -0.17, -0.18, -0.2, -0.21, -0.22, -0.7, -0.6, -0.44, -0.29, -0.64, -1.02, -1.33, -1.45, -1.69, -2.19, -2.3, -2.41, -2.48, -2.5, -2.5, -0.17, -0.18, -0.19, -0.22, -0.25, -0.79, -0.75, -0.7, -0.67, -0.92, -1.19, -1.73, -1.92, -1.73, -2.19, -2.36, -2.51, -2.6, -2.6, -2.57, -0.15, -0.16, -0.18, -0.21, -0.26, -0.33, -0.91, -0.94, -0.96, -0.98, -1.51, -1.62, -1.76, -1.84, -2.2, -2.44, -2.69, -2.8, -2.73, -2.64, -1.35, -0.14, -0.15, -0.18, -0.24, -0.34, -0.87, -1.14, -1.18, -1.32, -1.28, -1.42, -1.67, -1.75, -2.19, -2.52, -2.95, -3.1, -3.03, -2.92, -1.34, -1.29, -1.22, -1.1, -1.1, -0.59, -0.81, -1.12, -1.43, -1.33, -1.3, -1.35, -1.38, -1.72, -2.22, -2.55, -2.94, -3.09, -2.87, -2.73, -1.34, -1.27, -1.18, -1.07, -0.91, -0.95, -1.18, -0.91, -1.84, -1.32, -1.49, -1.57, -1.81, -1.7, -2.2, -2.45, -2.69, -2.79, -2.75, -2.67, -2.01, -1.91, -1.76, -0.98, -0.7, -0.49, -0.97, -1.49, -2.22, -2.13, -1.58, -1.72, -1.93, -1.76, -2.2, -2.36, -2.52, -2.61, -2.62, -2.59, -2.04, -1.95, -1.81, -1.55, -1.0, 0.61, -1.41, -2.43, -2.2, -2.51, -2.51, -1.69, -1.75, -1.72, -2.2, -2.31, -2.42, -2.49, -2.52, -2.52, -2.1, -2.04, -1.94, -1.78, -1.52, -1.39, -2.17, -3.03, -3.35, -3.6, -2.69, -2.42, -2.31, -1.68, -2.21, -2.29, -2.36, -2.68, -2.7, -2.71, -2.18, -2.15, -2.12, -2.1, -2.18, -2.55, -3.11, -3.23, -3.33, -3.08, -3.49, -2.53, -2.41, -1.85, -1.85, -2.54, -2.58, -2.61, -2.64, -2.65, -2.25, -2.26, -2.28, -2.36, -2.57, -3.03, -3.81, -3.29, -3.15, -3.03, -3.54, -2.82, -2.71, -2.63, -1.87, -2.48, -2.51, -2.55, -2.58, -2.6, -2.32, -2.35, -2.4, -2.51, -2.7, -2.99, -3.21, -3.26, -3.06, -2.91, -2.8, -2.08, -2.65, -2.57, -2.51, -2.41, -2.45, -2.49, -2.52, -2.55, -2.38, -2.42, -1.38, -1.5, -1.65, -2.94, -2.9, -2.77, -2.62, -2.53, -1.87, -1.91, -1.94, -1.65, -1.71, -2.23, -2.26, -2.29, -2.61, -2.65, -1.24, -1.28, -1.33, -1.39, -2.64, -2.55, -2.39, -2.17, -2.03, -2.05, -1.62, -1.75, -1.86, -1.94, -1.88, -2.2, -2.25, -2.28, -2.31, -2.33, -1.22, -1.24, -1.26, -1.27, -2.39, -2.2, -1.89, -1.47, -1.26, -1.18, -1.46, -1.62, -1.8, -1.85, -2.04, -2.18, -2.25, -2.3, -2.32, -2.34, -1.19, -1.19, -1.19, -2.34, -2.19, -1.94, -1.53, -0.86, -0.21, -0.87, -1.18, -1.48, -1.6, -1.81, -2.17, -2.22, -2.28, -2.32, -2.34, -2.36, -1.16, -1.15, -2.25, -2.16, -2.01, -1.79, -1.45, -0.96, -0.49, -0.89, -1.26, -1.52, -1.58, -1.76, -2.27, -2.3, -2.33, -2.36, -2.37, -2.38, -2.35, -2.31, -2.24, -2.16, -2.03, -1.87, -1.65, -1.43, -1.07, -1.25, -1.47, -1.64, -1.59, -2.32, -2.34, -2.36, -2.39, -2.4, -2.4, -2.4, -2.35, -2.31, -2.26, -2.19, -2.11, -2.01, -1.92, -1.45, -1.55, -1.65, -1.75, -1.82, -2.74, -2.37, -2.39, -2.43, -2.45, -2.45, -2.43, -2.42, -2.36, -2.33, -2.29, -1.65, -1.67, -1.69, -1.74, -1.83, -1.94, -2.01, -2.01, -2.23, -2.86, -2.4, -2.43, -2.48, -2.53, -2.5, -2.45, -2.43, -1.7, -1.71, -1.72, -1.75, -1.79, -1.86, -1.97, -2.14, -2.36, -2.47, -2.35, -2.86, -2.88, -2.79, -2.7, -2.5, -2.65, -2.48, -2.44, -2.43, -1.74, -1.76, -1.78, -1.82, -1.89, -1.98, -2.12, -2.36, -2.73, -3.04, -2.61, -2.85, -2.76, -2.79, -2.7, -2.62, -2.44, -2.38, -2.42, -2.42, -1.77, -1.8, -1.83, -1.88, -1.95, -2.04, -2.19, -2.4, -2.73, -2.99, -2.94, -2.77, -2.7, -2.8, -2.71, -2.38, -2.39, -2.38, -2.42, -2.42, -1.8, -1.83, -1.87, -1.91, -1.98, -2.06, -2.17, -2.31, -2.45, -2.48, -2.68, -2.61, -2.6, -2.23, -2.3, -2.34, -2.36, -2.37, -2.37, -2.36, -1.82, -1.85, -1.89, -1.93, -1.98, -2.05, -2.12, -2.18, -2.21, -2.44, -2.34, -2.32, -2.37, -2.39, -2.25, -2.3, -2.33, -2.34, -2.35, -2.35, -1.84, -1.86, -1.9, -1.93, -1.98, -2.02, -2.06, -2.08, -2.06, -2.15, -1.91, -2.15, -2.28, -2.34, -2.22, -2.26, -2.29, -2.31, -2.32, -2.33, -1.85, -1.87, -1.9, -1.93, -1.97, -2.0, -2.02, -2.02, -2.26, -2.09, -1.99, -2.13, -2.25, -2.32, -2.19, -2.24, -2.27, -2.29, -2.3, -2.31, -1.85, -1.87, -1.9, -1.93, -1.95, -1.97, -1.99, -1.99, -2.27, -2.19, -2.15, -2.19, -2.26, -2.31, -2.17, -2.22, -2.25, -2.27, -2.28, -2.29, -1.85, -1.87, -1.9, -1.92, -1.94, -1.95, -1.96, -2.35, -2.3, -2.25, -2.23, -2.25, -2.28, -2.32, -2.17, -2.2, -2.23, -2.25, -2.27, -2.28]}, {"header": {"refTime": "2023-09-07T16:00:00.000Z", "nx": 21, "ny": 33, "lo1": 113.509, "la1": 22.2235, "lo2": 113.5947, "la2": 22.1034, "dx": 0.0042850000000001385, "dy": 0.003753125000000024, "parameterCategory": 2, "parameterCategoryName": "Temperature", "parameterNumber": 3}, "data": [0.39, 0.39, 0.39, 0.04, 0.08, 0.01, 0.07, 0.12, 0.13, 0.09, -0.03, -0.14, -0.33, -0.39, -0.66, -0.72, -1.21, -1.23, -1.24, -1.25, 0.38, 0.39, 0.39, 0.39, 0.07, 0.13, 0.11, 0.24, 0.31, 0.19, -0.02, -0.18, -0.39, -0.45, -0.71, -1.2, -1.22, -1.24, -1.26, -1.26, 0.38, 0.38, 0.38, 0.38, 0.05, 0.11, 0.22, 0.33, 0.67, 0.27, -0.05, -0.27, -0.49, -0.53, -1.17, -1.2, -1.24, -1.26, -1.28, -1.28, 0.38, 0.38, 0.37, 0.37, 0.37, 0.06, 0.14, 0.28, 0.41, 0.13, -0.17, -0.42, -0.64, -0.88, -1.16, -1.22, -1.26, -1.29, -1.31, -1.31, 0.38, 0.38, 0.37, 0.35, 0.34, -0.02, 0.01, 0.06, 0.08, -0.1, -0.31, -0.88, -0.96, -0.9, -1.17, -1.24, -1.31, -1.34, -1.35, -1.34, 0.39, 0.38, 0.37, 0.35, 0.32, 0.27, -0.13, -0.15, -0.17, -0.19, -0.78, -0.85, -0.91, -0.93, -1.18, -1.28, -1.38, -1.42, -1.4, -1.37, -0.04, 0.39, 0.38, 0.36, 0.32, 0.24, -0.2, -0.33, -0.37, -0.61, -0.61, -0.79, -0.91, -0.91, -1.19, -1.32, -1.48, -1.55, -1.43, -1.36, -0.02, -0.01, 0.01, 0.1, 0.08, -0.0, -0.15, -0.37, -0.62, -0.6, -0.54, -0.77, -0.81, -0.88, -1.1, -1.25, -1.44, -1.51, -1.41, -1.34, -0.01, 0.02, 0.05, 0.09, 0.2, 0.15, 0.0, -0.22, -0.55, -0.62, -0.68, -0.76, -0.78, -0.77, -1.07, -1.19, -1.31, -1.37, -1.35, -1.31, 0.06, 0.09, 0.13, 0.16, 0.28, 0.4, 0.19, -0.04, -0.51, -0.51, -0.71, -0.75, -0.77, -0.76, -1.05, -1.14, -1.23, -1.27, -1.28, -1.27, 0.04, 0.07, 0.12, 0.2, 0.38, 0.89, 0.26, -0.04, -0.15, -0.49, -0.57, -0.74, -0.75, -0.75, -1.05, -1.12, -1.18, -1.22, -1.23, -1.24, 0.02, 0.04, 0.08, 0.12, 0.21, 0.25, 0.01, -0.22, -0.29, -0.56, -0.55, -0.7, -0.72, -0.75, -1.05, -1.1, -1.15, -1.04, -1.06, -1.06, 0.0, 0.01, 0.02, 0.02, -0.01, -0.14, -0.32, -0.31, -0.3, -0.24, -0.6, -0.68, -0.7, -0.7, -0.69, -0.92, -0.95, -0.97, -0.99, -1.0, -0.03, -0.03, -0.04, -0.07, -0.14, -0.31, -0.6, -0.37, -0.29, -0.24, -0.6, -0.53, -0.53, -0.53, -0.66, -0.85, -0.88, -0.91, -0.93, -0.95, -0.05, -0.06, -0.08, -0.12, -0.18, -0.28, -0.36, -0.78, -0.79, -0.81, -0.83, -0.72, -0.51, -0.51, -0.5, -0.78, -0.81, -0.85, -0.88, -0.91, -0.07, -0.08, -0.4, -0.43, -0.48, -0.85, -0.86, -0.87, -0.89, -0.9, -0.8, -0.75, -0.69, -0.71, -0.67, -0.05, 0.02, 0.09, -0.09, -0.07, -0.42, -0.44, -0.47, -0.51, -0.9, -0.92, -0.96, -1.0, -1.02, -1.01, -0.87, -0.78, -0.68, -0.59, -0.27, -0.06, 0.06, 0.16, 0.22, 0.26, -0.46, -0.49, -0.52, -0.57, -0.95, -1.0, -1.06, -1.15, -1.19, -1.12, -1.0, -0.81, -0.68, -0.29, -0.38, -0.09, 0.08, 0.19, 0.25, 0.29, -0.5, -0.53, -0.57, -0.96, -1.0, -1.05, -1.14, -1.28, -1.41, -1.2, -1.1, -0.96, -0.28, -0.23, -0.12, 0.01, 0.16, 0.25, 0.31, 0.34, -0.53, -0.56, -1.12, -1.14, -1.16, -1.2, -1.26, -1.33, -1.34, -1.23, -1.1, -0.98, -0.2, -0.1, 0.12, 0.2, 0.29, 0.35, 0.38, 0.39, -1.11, -1.12, -1.13, -1.15, -1.17, -1.19, -1.23, -1.27, -1.22, -1.17, -1.09, -1.0, -0.1, 0.26, 0.31, 0.38, 0.45, 0.47, 0.46, 0.44, -1.12, -1.12, -1.13, -1.15, -1.16, -1.18, -1.2, -1.01, -1.15, -1.11, -1.07, -1.01, 0.14, 0.38, 0.46, 0.56, 0.63, 0.6, 0.53, 0.48, -1.12, -1.13, -1.13, -0.85, -0.87, -0.89, -0.9, -0.92, -0.92, -0.9, -0.87, -0.39, 0.1, 0.46, 0.56, 0.71, 0.88, 0.74, 0.57, 0.49, -0.78, -0.79, -0.8, -0.8, -0.82, -0.83, -0.84, -0.86, -0.88, -0.88, -0.84, 0.06, 0.05, 0.26, 0.46, 0.76, 1.35, 0.61, 0.49, 0.47, -0.75, -0.76, -0.76, -0.76, -0.77, -0.77, -0.78, -0.81, -0.88, -0.94, -0.82, -0.01, 0.28, 0.21, 0.39, 0.53, 0.44, 0.14, 0.39, 0.44, -0.73, -0.73, -0.72, -0.72, -0.72, -0.71, -0.72, -0.74, -0.82, -0.89, -0.32, 0.0, 0.26, 0.16, 0.31, 0.61, 0.5, 0.43, 0.39, 0.42, -0.7, -0.7, -0.69, -0.68, -0.67, -0.65, -0.64, -0.63, -0.63, -0.59, -0.08, 0.1, 0.27, 0.6, 0.6, 0.58, 0.54, 0.51, 0.53, 0.55, -0.68, -0.67, -0.66, -0.64, -0.62, -0.59, -0.55, -0.5, -0.41, 0.08, 0.17, -0.15, -0.23, -0.29, 0.58, 0.58, 0.56, 0.55, 0.55, 0.56, -0.66, -0.64, -0.63, -0.6, -0.58, -0.54, -0.48, -0.39, -0.25, 0.26, 0.27, 0.01, -0.14, -0.24, 0.57, 0.57, 0.57, 0.56, 0.56, 0.57, -0.64, -0.62, -0.6, -0.58, -0.54, -0.5, -0.43, -0.34, -0.09, 0.08, 0.19, 0.03, -0.11, -0.21, 0.56, 0.57, 0.57, 0.57, 0.57, 0.57, -0.62, -0.6, -0.58, -0.55, -0.52, -0.47, -0.41, -0.33, -0.1, -0.02, 0.01, -0.04, -0.13, -0.2, 0.56, 0.57, 0.57, 0.57, 0.57, 0.58, -0.61, -0.59, -0.57, -0.54, -0.51, -0.46, -0.41, -0.19, -0.14, -0.1, -0.08, -0.11, -0.16, -0.21, 0.56, 0.57, 0.57, 0.57, 0.58, 0.58]}, {"header": {"refTime": "2023-09-07T16:00:00.000Z", "nx": 21, "ny": 33, "lo1": 113.509, "la1": 22.2235, "lo2": 113.5947, "la2": 22.1034, "dx": 0.0042850000000001385, "dy": 0.003753125000000024, "parameterCategory": 0, "parameterCategoryName": "Temperature", "parameterNumber": 0}, "data": [[26.82, 26.81, 26.8, 26.54, 26.55, 26.81, 26.81, 26.81, 26.81, 26.75, 26.78, 26.8, 27.06, 27.08, 27.15, 27.16, 27.31, 27.31, 27.31, 27.31], [26.82, 26.82, 26.81, 26.8, 26.55, 26.56, 26.8, 26.78, 26.78, 26.75, 26.78, 26.82, 27.08, 27.1, 27.16, 27.31, 27.31, 27.31, 27.32, 27.32], [26.83, 26.82, 26.81, 26.8, 26.55, 26.56, 26.58, 26.77, 26.72, 26.74, 26.79, 26.85, 27.11, 27.13, 27.3, 27.31, 27.31, 27.32, 27.32, 27.32], [26.83, 26.83, 26.82, 26.81, 26.8, 26.55, 26.57, 26.59, 26.62, 26.74, 26.81, 26.91, 27.17, 27.06, 27.3, 27.31, 27.32, 27.32, 27.33, 27.33], [26.84, 26.84, 26.83, 26.82, 26.81, 26.54, 26.55, 26.55, 26.55, 26.73, 26.8, 27.07, 27.2, 27.09, 27.3, 27.31, 27.33, 27.33, 27.33, 27.33], [26.85, 26.85, 26.85, 26.84, 26.82, 26.8, 26.53, 26.53, 26.51, 26.47, 26.85, 27.0, 27.12, 27.27, 27.3, 27.32, 27.34, 27.35, 27.34, 27.34], [26.93, 26.87, 26.86, 26.86, 26.84, 26.82, 26.65, 26.52, 26.5, 26.53, 26.53, 26.9, 27.24, 27.25, 27.3, 27.33, 27.36, 27.37, 27.38, 27.38], [26.94, 26.95, 26.95, 26.94, 26.93, 26.74, 26.68, 26.62, 26.59, 26.5, 26.35, 26.89, 26.9, 27.25, 27.33, 27.3, 27.35, 27.36, 27.34, 27.32], [26.86, 26.87, 26.97, 26.98, 26.98, 26.96, 26.89, 26.66, 26.47, 26.56, 26.58, 26.73, 26.8, 26.71, 27.32, 27.3, 27.32, 27.33, 27.33, 27.32], [27.2, 27.2, 27.2, 26.92, 26.96, 27.06, 26.99, 26.89, 26.37, 26.39, 26.81, 26.64, 26.69, 26.67, 27.32, 27.29, 27.3, 27.31, 27.31, 27.31], [27.2, 27.2, 27.2, 27.2, 27.2, 27.2, 27.2, 27.2, 26.99, 26.46, 26.2, 26.58, 26.63, 26.63, 27.32, 27.28, 27.29, 27.3, 27.3, 27.3], [27.2, 27.2, 27.2, 27.2, 27.2, 27.2, 27.2, 27.2, 27.2, -999.0, 26.2, 27.2, 27.2, 26.6, 27.32, 27.27, 27.28, 26.89, 26.9, 26.9], [27.2, 27.2, 27.2, 27.2, 27.2, 27.2, 27.2, 27.2, 27.2, 27.2, -999.0, 27.2, 27.2, 26.74, 26.94, 27.07, 27.08, 26.97, 26.98, 26.99], [27.2, 27.2, 27.2, 27.2, 27.2, 27.2, 27.2, 27.2, 27.2, 27.2, -999.0, 26.5, 26.5, 26.5, 26.88, 27.0, 27.01, 26.9, 26.92, 26.94], [27.2, 27.2, 27.2, 27.2, 27.2, 27.2, 27.2, 27.1, 27.1, 27.1, 27.1, 26.87, 26.5, 26.5, 26.5, 26.91, 26.94, 26.84, 26.87, 26.89], [27.2, 27.2, 27.14, 27.14, 27.13, 27.1, 27.1, 27.1, 27.1, 27.1, 26.72, 26.77, 26.71, 26.66, 26.71, 26.87, 26.92, 26.82, 27.01, 27.04], [27.14, 27.14, 27.16, 27.16, 27.1, 27.1, 27.1, 27.1, 27.1, 27.1, 26.84, 26.77, 26.69, 26.62, 26.68, 26.78, 26.88, 26.96, 27.02, 27.06], [27.16, 27.16, 27.16, 27.16, 27.1, 27.1, 27.1, 27.1, 27.1, 26.95, 26.87, 26.78, 26.68, 26.69, 26.53, 26.75, 26.89, 26.98, 27.04, 27.08], [27.16, 27.16, 27.16, 27.1, 27.1, 27.1, 27.1, 27.1, 27.05, 26.98, 27.06, 26.99, 26.85, 26.75, 26.73, 26.83, 26.95, 27.03, 27.08, 27.12], [27.16, 27.16, 27.5, 27.48, 27.45, 27.42, 27.36, 27.22, 27.12, 27.12, 27.09, 27.04, 26.9, 26.86, 26.92, 26.97, 27.05, 27.11, 27.14, 27.16], [27.53, 27.52, 27.5, 27.39, 27.37, 27.35, 27.33, 27.3, 27.17, 27.17, 27.14, 27.1, 26.96, 27.03, 27.06, 27.11, 27.16, 27.19, 27.2, 27.2], [27.43, 27.42, 27.42, 27.41, 27.41, 27.4, 27.4, 27.59, 27.25, 27.24, 27.22, 27.17, 27.24, 27.12, 27.17, 27.22, 27.26, 27.28, 27.27, 27.25], [27.44, 27.44, 27.44, 27.71, 27.7, 27.69, 27.68, 27.69, 27.7, 27.72, 27.74, 27.51, 27.58, 27.19, 27.24, 27.3, 27.36, 27.35, 27.32, 27.29], [27.75, 27.75, 27.75, 27.75, 27.74, 27.75, 27.75, 27.76, 27.78, 27.79, 27.8, 27.9, 27.59, 27.55, 27.52, 27.35, 27.45, 27.4, 27.35, 27.31], [27.78, 27.78, 27.78, 27.78, 27.79, 27.79, 27.8, 27.82, 27.82, 27.82, 27.84, 27.92, 27.91, 27.56, 27.52, 27.49, 27.39, 27.39, 27.35, 27.32], [27.8, 27.8, 27.81, 27.81, 27.82, 27.84, 27.85, 27.86, 27.86, 27.85, 27.94, 27.97, 27.95, 27.56, 27.53, 27.61, 27.55, 27.54, 27.34, 27.31], [27.81, 27.82, 27.83, 27.84, 27.86, 27.88, 27.9, 27.92, 27.94, 27.96, 28.04, 28.04, 28.01, 27.82, 27.74, 27.66, 27.62, 27.6, 27.6, 27.61], [27.83, 27.84, 27.85, 27.87, 27.89, 27.91, 27.94, 27.98, 28.04, 28.16, 28.19, 28.13, 28.05, 27.97, 27.79, 27.72, 27.67, 27.65, 27.64, 27.64], [27.85, 27.86, 27.87, 27.89, 27.91, 27.94, 27.98, 28.04, 28.12, 28.29, 28.4, 28.23, 28.1, 28.01, 27.84, 27.77, 27.72, 27.69, 27.68, 27.67], [27.86, 27.87, 27.89, 27.91, 27.93, 27.96, 28.01, 28.06, 28.18, 28.28, 28.34, 28.23, 28.12, 28.04, 27.88, 27.81, 27.77, 27.73, 27.71, 27.7], [27.87, 27.88, 27.9, 27.92, 27.94, 27.97, 28.01, 28.06, 28.16, 28.21, 28.23, 28.18, 28.11, 28.04, 27.9, 27.84, 27.8, 27.76, 27.74, 27.73], [27.88, 27.89, 27.91, 27.93, 27.95, 27.98, 28.01, 28.1, 28.13, 28.15, 28.16, 28.13, 28.09, 28.04, 27.91, 27.86, 27.82, 27.79, 27.77, 27.75]]}]