gis_exercise/awsData/contour/wdir_2023090713.json
[{"header": {"refTime": "2023-09-07T13:00:00.000Z", "nx": 21, "ny": 33, "lo1": 113.509, "la1": 22.2235, "lo2": 113.5947, "la2": 22.1034, "dx": 0.0042850000000001385, "dy": 0.003753125000000024, "parameterCategory": 2, "parameterCategoryName": "Temperature", "parameterNumber": 2}, "data": [-1.35, -1.33, -1.31, -1.15, -1.12, -1.14, -1.1, -1.06, -1.04, -0.93, -0.98, -1.03, -1.2, -1.23, -1.32, -1.36, -1.67, -1.69, -1.7, -1.7, -1.36, -1.35, -1.32, -1.29, -1.13, -1.09, -1.07, -0.99, -0.94, -0.89, -0.98, -1.04, -1.22, -1.25, -1.35, -1.66, -1.68, -1.69, -1.71, -1.71, -1.38, -1.36, -1.34, -1.32, -1.15, -1.11, -1.03, -0.94, -0.72, -0.86, -0.99, -1.08, -1.26, -1.28, -1.63, -1.66, -1.69, -1.71, -1.72, -1.72, -1.39, -1.38, -1.37, -1.35, -1.32, -1.15, -1.09, -0.99, -0.9, -0.91, -1.04, -1.14, -1.31, -1.42, -1.62, -1.67, -1.71, -1.73, -1.74, -1.74, -1.41, -1.41, -1.4, -1.39, -1.37, -1.21, -1.19, -1.15, -1.13, -1.01, -1.1, -1.41, -1.4, -1.42, -1.63, -1.69, -1.73, -1.76, -1.76, -1.76, -1.44, -1.44, -1.44, -1.43, -1.43, -1.43, -1.3, -1.32, -1.31, -1.27, -1.39, -1.42, -1.42, -1.63, -1.65, -1.72, -1.78, -1.81, -1.8, -1.78, -2.18, -1.46, -1.47, -1.48, -1.49, -1.5, -1.66, -1.49, -1.5, -1.52, -1.45, -1.44, -1.71, -1.72, -1.68, -1.75, -1.84, -1.88, -1.89, -1.88, -2.19, -2.17, -2.15, -2.05, -2.04, -1.65, -1.67, -1.74, -1.81, -1.5, -1.29, -1.66, -1.74, -1.8, -1.94, -1.94, -1.95, -1.95, -1.95, -1.95, -2.2, -2.18, -2.15, -2.12, -2.02, -2.02, -2.04, -1.69, -1.88, -1.55, -1.57, -1.75, -1.92, -1.84, -1.96, -1.95, -1.95, -1.95, -1.95, -1.95, -2.48, -2.45, -2.41, -2.11, -2.04, -1.94, -2.04, -2.14, -2.02, -1.93, -1.68, -1.82, -1.96, -1.86, -1.97, -1.96, -1.95, -1.95, -1.95, -1.95, -2.49, -2.47, -2.42, -2.35, -2.19, -1.73, -2.3, -2.57, -2.37, -2.14, -2.11, -1.79, -1.84, -1.83, -1.97, -1.96, -1.95, -1.95, -1.95, -1.95, -2.51, -2.49, -2.46, -2.42, -2.34, -2.31, -2.52, -2.73, -2.79, -2.81, -2.21, -2.26, -2.21, -1.79, -1.97, -1.96, -1.96, -1.81, -1.8, -1.8, -2.53, -2.53, -2.52, -2.52, -2.54, -2.66, -2.83, -2.81, -2.8, -2.75, -2.77, -2.31, -2.26, -1.74, -1.72, -1.77, -1.76, -1.76, -1.76, -1.76, -2.56, -2.56, -2.57, -2.6, -2.66, -2.81, -3.08, -2.87, -2.79, -2.75, -2.8, -2.16, -2.06, -1.99, -1.65, -1.7, -1.7, -1.71, -1.72, -1.73, -2.58, -2.59, -2.6, -2.64, -2.7, -2.79, -2.86, -2.58, -2.44, -2.34, -2.26, -1.56, -1.96, -1.88, -1.82, -1.61, -1.63, -1.66, -1.68, -1.7, -2.59, -2.61, -1.94, -1.98, -2.03, -2.37, -2.35, -2.26, -2.16, -2.1, -1.46, -1.43, -1.4, -1.22, -1.23, -1.47, -1.51, -1.54, -1.52, -1.55, -1.85, -1.85, -1.86, -1.87, -2.17, -2.12, -2.01, -1.87, -1.77, -1.79, -1.29, -1.32, -1.31, -1.28, -1.15, -1.24, -1.25, -1.27, -1.28, -1.28, -1.81, -1.8, -1.79, -1.76, -2.01, -1.89, -1.69, -1.41, -1.27, -1.11, -1.23, -1.23, -1.26, -1.14, -1.18, -1.23, -1.26, -1.27, -1.28, -1.29, -1.76, -1.75, -1.72, -1.98, -1.88, -1.72, -1.45, -1.01, -0.57, -0.93, -0.77, -0.88, -1.06, -1.13, -1.23, -1.25, -1.27, -1.28, -1.29, -1.29, -1.73, -1.7, -1.54, -1.48, -1.4, -1.29, -1.11, -0.88, -0.56, -0.67, -0.79, -0.88, -1.06, -1.13, -1.27, -1.28, -1.29, -1.3, -1.3, -1.3, -1.55, -1.53, -1.49, -1.43, -1.36, -1.27, -1.15, -1.04, -0.71, -0.76, -0.83, -0.89, -1.08, -1.29, -1.3, -1.31, -1.32, -1.32, -1.31, -1.31, -1.52, -1.49, -1.45, -1.41, -1.35, -1.28, -1.2, -0.83, -0.82, -0.85, -0.89, -0.92, -1.36, -1.31, -1.32, -1.34, -1.35, -1.34, -1.32, -1.31, -1.5, -1.47, -1.43, -0.91, -0.91, -0.91, -0.91, -0.93, -0.95, -0.97, -0.97, -1.1, -1.3, -1.32, -1.34, -1.37, -1.41, -1.37, -1.33, -1.31, -0.94, -0.94, -0.94, -0.94, -0.95, -0.96, -0.98, -1.0, -1.04, -1.06, -1.05, -1.35, -1.3, -1.32, -1.34, -1.38, -1.53, -1.32, -1.3, -1.3, -0.95, -0.96, -0.96, -0.97, -0.98, -1.0, -1.02, -1.06, -1.11, -1.16, -1.11, -1.33, -1.38, -1.31, -1.33, -1.33, -1.28, -1.19, -1.27, -1.29, -0.97, -0.97, -0.98, -0.99, -1.01, -1.02, -1.05, -1.09, -1.13, -1.16, -1.28, -1.32, -1.36, -1.3, -1.31, -1.32, -1.29, -1.26, -1.27, -1.28, -0.98, -0.99, -1.0, -1.01, -1.02, -1.04, -1.07, -1.1, -1.13, -1.14, -1.3, -1.32, -1.35, -1.32, -1.32, -1.31, -1.3, -1.29, -1.29, -1.3, -0.99, -1.0, -1.01, -1.02, -1.04, -1.06, -1.08, -1.11, -1.14, -1.3, -1.3, -1.21, -1.19, -1.17, -1.31, -1.31, -1.3, -1.3, -1.3, -1.3, -1.0, -1.01, -1.02, -1.03, -1.05, -1.07, -1.09, -1.12, -1.15, -1.3, -1.26, -1.23, -1.2, -1.18, -1.31, -1.31, -1.31, -1.31, -1.31, -1.31, -1.01, -1.02, -1.03, -1.04, -1.06, -1.07, -1.1, -1.12, -1.22, -1.24, -1.25, -1.23, -1.21, -1.19, -1.31, -1.31, -1.31, -1.31, -1.31, -1.31, -1.01, -1.02, -1.03, -1.04, -1.06, -1.08, -1.1, -1.12, -1.22, -1.23, -1.23, -1.22, -1.2, -1.19, -1.31, -1.31, -1.31, -1.31, -1.31, -1.31, -1.02, -1.03, -1.04, -1.05, -1.06, -1.08, -1.09, -1.21, -1.21, -1.22, -1.21, -1.21, -1.2, -1.19, -1.31, -1.31, -1.31, -1.31, -1.31, -1.31]}, {"header": {"refTime": "2023-09-07T13:00:00.000Z", "nx": 21, "ny": 33, "lo1": 113.509, "la1": 22.2235, "lo2": 113.5947, "la2": 22.1034, "dx": 0.0042850000000001385, "dy": 0.003753125000000024, "parameterCategory": 2, "parameterCategoryName": "Temperature", "parameterNumber": 3}, "data": [0.11, 0.08, 0.05, -0.28, -0.3, -0.07, -0.11, -0.15, -0.15, -0.0, 0.13, 0.26, 0.43, 0.49, 0.59, 0.61, 0.97, 0.96, 0.95, 0.94, 0.14, 0.11, 0.07, 0.02, -0.3, -0.34, -0.16, -0.26, -0.32, -0.12, 0.12, 0.31, 0.5, 0.56, 0.65, 0.99, 0.97, 0.95, 0.94, 0.93, 0.16, 0.13, 0.1, 0.05, -0.29, -0.33, -0.39, -0.35, -0.66, -0.21, 0.16, 0.42, 0.63, 0.67, 1.03, 0.99, 0.96, 0.94, 0.93, 0.92, 0.2, 0.17, 0.14, 0.09, 0.03, -0.29, -0.35, -0.43, -0.52, -0.06, 0.3, 0.61, 0.84, 1.01, 1.04, 0.98, 0.95, 0.93, 0.92, 0.91, 0.24, 0.22, 0.19, 0.15, 0.1, -0.24, -0.27, -0.29, -0.3, 0.17, 0.44, 1.04, 1.27, 1.06, 1.03, 0.97, 0.92, 0.9, 0.9, 0.9, 0.28, 0.27, 0.26, 0.23, 0.19, 0.13, -0.19, -0.17, -0.15, -0.1, 0.76, 0.92, 1.09, 1.0, 0.99, 0.93, 0.89, 0.87, 0.87, 0.88, 0.56, 0.34, 0.34, 0.33, 0.3, 0.24, 0.41, -0.09, -0.06, 0.23, 0.3, 0.7, 0.81, 0.83, 0.93, 0.89, 0.84, 0.82, 0.83, 0.84, 0.58, 0.59, 0.61, 0.63, 0.61, 0.59, 0.45, 0.24, 0.04, 0.23, 0.3, 0.46, 0.48, 0.7, 0.57, 0.63, 0.7, 0.73, 0.69, 0.66, 0.59, 0.62, 0.65, 0.68, 0.71, 0.68, 0.54, 0.38, 0.08, 0.23, 0.39, 0.43, 0.42, 0.43, 0.55, 0.6, 0.65, 0.67, 0.66, 0.65, 0.64, 0.67, 0.71, 0.74, 0.84, 0.91, 0.71, 0.49, 0.1, 0.12, 0.4, 0.41, 0.4, 0.42, 0.54, 0.58, 0.62, 0.63, 0.64, 0.63, 0.63, 0.66, 0.7, 0.77, 0.92, 1.37, 0.81, 0.52, 0.38, 0.12, 0.26, 0.41, 0.41, 0.41, 0.54, 0.57, 0.59, 0.61, 0.62, 0.62, 0.61, 0.63, 0.66, 0.7, 0.78, 0.81, 0.59, 0.35, 0.25, 0.15, 0.24, 0.35, 0.36, 0.41, 0.54, 0.56, 0.58, 0.5, 0.5, 0.5, 0.59, 0.6, 0.61, 0.61, 0.59, 0.49, 0.33, 0.29, 0.26, 0.33, 0.17, 0.33, 0.35, 0.38, 0.37, 0.44, 0.45, 0.46, 0.47, 0.48, 0.57, 0.57, 0.56, 0.54, 0.49, 0.36, 0.14, 0.28, 0.32, 0.35, 0.16, 0.22, 0.23, 0.23, 0.35, 0.41, 0.42, 0.43, 0.44, 0.45, 0.55, 0.54, 0.53, 0.5, 0.45, 0.37, 0.31, 0.27, 0.32, 0.36, 0.39, 0.43, 0.22, 0.22, 0.22, 0.37, 0.39, 0.4, 0.42, 0.43, 0.54, 0.53, 0.79, 0.76, 0.72, 0.35, 0.36, 0.4, 0.43, 0.46, 0.5, 0.46, 0.41, 0.43, 0.39, 0.42, 0.45, 0.49, 0.63, 0.66, 0.83, 0.82, 0.8, 0.79, 0.43, 0.45, 0.5, 0.55, 0.59, 0.58, 0.57, 0.49, 0.41, 0.34, 0.42, 0.3, 0.34, 0.36, 0.38, 0.4, 0.83, 0.83, 0.82, 0.81, 0.5, 0.54, 0.62, 0.73, 0.79, 0.73, 0.62, 0.52, 0.42, 0.42, 0.22, 0.29, 0.34, 0.38, 0.39, 0.41, 0.84, 0.84, 0.84, 0.51, 0.55, 0.61, 0.72, 0.89, 1.04, 0.82, 0.56, 0.43, 0.64, 0.5, 0.28, 0.32, 0.37, 0.4, 0.41, 0.42, 0.85, 0.85, 0.34, 0.37, 0.42, 0.49, 0.6, 0.76, 0.87, 0.69, 0.52, 0.41, 0.7, 0.63, 0.36, 0.38, 0.41, 0.43, 0.44, 0.44, 0.29, 0.31, 0.32, 0.35, 0.38, 0.43, 0.5, 0.57, 0.61, 0.53, 0.43, 0.35, 0.77, 0.4, 0.42, 0.45, 0.47, 0.47, 0.46, 0.45, 0.28, 0.29, 0.3, 0.31, 0.33, 0.35, 0.38, 0.41, 0.39, 0.34, 0.3, 0.27, 0.3, 0.44, 0.47, 0.51, 0.54, 0.52, 0.49, 0.46, 0.26, 0.27, 0.27, 0.31, 0.31, 0.3, 0.28, 0.24, 0.19, 0.15, 0.16, 0.44, 0.17, 0.47, 0.51, 0.58, 0.66, 0.58, 0.49, 0.46, 0.29, 0.29, 0.28, 0.27, 0.25, 0.22, 0.17, 0.09, -0.0, -0.05, 0.0, 0.11, 0.15, 0.27, 0.39, 0.59, 0.9, 0.49, 0.44, 0.44, 0.27, 0.27, 0.25, 0.23, 0.21, 0.16, 0.1, -0.0, -0.17, -0.31, -0.12, 0.07, 0.24, 0.24, 0.35, 0.42, 0.39, 0.22, 0.38, 0.41, 0.26, 0.25, 0.23, 0.21, 0.18, 0.13, 0.07, -0.03, -0.17, -0.29, -0.1, 0.07, 0.22, 0.21, 0.3, 0.45, 0.4, 0.36, 0.38, 0.41, 0.24, 0.23, 0.21, 0.19, 0.16, 0.12, 0.07, 0.01, -0.05, -0.07, 0.02, 0.11, 0.22, 0.41, 0.43, 0.43, 0.41, 0.4, 0.4, 0.41, 0.23, 0.22, 0.2, 0.18, 0.16, 0.13, 0.09, 0.06, 0.05, 0.08, 0.13, -0.05, -0.08, -0.11, 0.41, 0.41, 0.41, 0.41, 0.41, 0.42, 0.23, 0.21, 0.2, 0.18, 0.16, 0.14, 0.12, 0.1, 0.11, 0.16, 0.15, 0.03, -0.04, -0.08, 0.39, 0.4, 0.41, 0.41, 0.41, 0.42, 0.22, 0.21, 0.19, 0.18, 0.16, 0.15, 0.13, 0.13, -0.02, 0.06, 0.11, 0.04, -0.03, -0.07, 0.39, 0.4, 0.4, 0.41, 0.41, 0.42, 0.22, 0.21, 0.19, 0.18, 0.17, 0.16, 0.15, 0.14, -0.02, 0.02, 0.03, 0.01, -0.03, -0.06, 0.38, 0.39, 0.4, 0.41, 0.41, 0.41, 0.22, 0.21, 0.2, 0.18, 0.17, 0.16, 0.16, -0.06, -0.04, -0.02, -0.01, -0.02, -0.05, -0.07, 0.38, 0.39, 0.4, 0.4, 0.41, 0.41]}, {"header": {"refTime": "2023-09-07T13:00:00.000Z", "nx": 21, "ny": 33, "lo1": 113.509, "la1": 22.2235, "lo2": 113.5947, "la2": 22.1034, "dx": 0.0042850000000001385, "dy": 0.003753125000000024, "parameterCategory": 0, "parameterCategoryName": "Temperature", "parameterNumber": 0}, "data": [[28.37, 28.37, 28.37, 28.21, 28.22, 28.39, 28.4, 28.4, 28.41, 28.35, 28.36, 28.36, 28.46, 28.46, 28.34, 28.32, 28.27, 28.25, 28.24, 28.23], [28.37, 28.37, 28.37, 28.36, 28.22, 28.24, 28.39, 28.4, 28.4, 28.36, 28.36, 28.37, 28.46, 28.47, 28.34, 28.29, 28.26, 28.24, 28.23, 28.22], [28.37, 28.37, 28.37, 28.36, 28.22, 28.23, 28.26, 28.4, 28.4, 28.37, 28.36, 28.38, 28.48, 28.48, 28.33, 28.29, 28.25, 28.23, 28.21, 28.21], [28.37, 28.37, 28.37, 28.36, 28.36, 28.22, 28.24, 28.27, 28.3, 28.35, 28.36, 28.4, 28.5, 28.39, 28.33, 28.27, 28.23, 28.2, 28.19, 28.19], [28.37, 28.37, 28.37, 28.36, 28.36, 28.2, 28.21, 28.22, 28.22, 28.31, 28.34, 28.4, 28.52, 28.42, 28.33, 28.25, 28.19, 28.16, 28.15, 28.16], [28.37, 28.37, 28.37, 28.36, 28.36, 28.35, 28.19, 28.18, 28.17, 28.14, 28.25, 28.35, 28.44, 28.5, 28.3, 28.21, 28.13, 28.09, 28.11, 28.14], [28.37, 28.38, 28.37, 28.37, 28.36, 28.35, 28.2, 28.17, 28.15, 28.08, 28.06, 28.25, 28.43, 28.45, 28.27, 28.17, 28.04, 27.99, 28.03, 28.07], [28.37, 28.37, 28.37, 28.37, 28.37, 28.25, 28.22, 28.19, 28.17, 28.06, 27.97, 28.18, 28.18, 28.45, 28.05, 28.09, 28.0, 27.97, 28.02, 28.06], [28.33, 28.33, 28.39, 28.39, 28.39, 28.38, 28.34, 28.21, 28.1, 28.09, 28.05, 28.11, 28.14, 28.1, 28.06, 28.11, 28.06, 28.04, 28.05, 28.07], [28.5, 28.5, 28.5, 28.36, 28.38, 28.43, 28.4, 28.34, 28.03, 28.05, 28.14, 28.08, 28.1, 28.09, 28.06, 28.13, 28.09, 28.08, 28.08, 28.08], [28.5, 28.5, 28.5, 28.5, 28.5, 28.5, 28.5, 28.5, 28.39, 28.1, 27.9, 28.05, 28.07, 28.07, 28.06, 28.14, 28.11, 28.1, 28.1, 28.1], [28.5, 28.5, 28.5, 28.5, 28.5, 28.5, 28.5, 28.5, 28.5, -999.0, 27.9, 28.3, 28.3, 28.06, 28.05, 28.15, 28.14, 27.9, 27.9, 27.9], [28.5, 28.5, 28.5, 28.5, 28.5, 28.5, 28.5, 28.5, 28.5, 28.5, -999.0, 28.3, 28.3, 28.04, 28.15, 27.9, 27.9, 27.9, 27.9, 27.9], [28.5, 28.5, 28.5, 28.5, 28.5, 28.5, 28.5, 28.5, 28.5, 28.5, -999.0, 27.9, 27.9, 27.9, 28.12, 27.9, 27.9, 27.9, 27.9, 27.9], [28.5, 28.5, 28.5, 28.5, 28.5, 28.5, 28.5, 29.3, 29.3, 29.3, 29.3, 28.76, 27.9, 27.9, 27.9, 27.9, 27.9, 27.9, 27.9, 27.9], [28.5, 28.5, 29.0, 29.01, 29.03, 29.3, 29.3, 29.3, 29.3, 29.3, 28.42, 28.52, 28.38, 28.27, 28.4, 27.9, 27.9, 27.9, 27.9, 27.9], [29.01, 29.02, 28.78, 28.8, 29.3, 29.3, 29.3, 29.3, 29.3, 29.3, 28.7, 28.52, 28.34, 28.17, 28.07, 28.04, 28.09, 28.13, 28.16, 28.18], [28.79, 28.8, 28.81, 28.83, 29.3, 29.3, 29.3, 29.3, 29.3, 28.94, 28.76, 28.55, 28.33, 28.08, 27.92, 28.02, 28.09, 28.14, 28.17, 28.2], [28.8, 28.81, 28.83, 29.3, 29.3, 29.3, 29.3, 29.3, 29.17, 29.03, 28.88, 28.7, 28.28, 28.13, 28.01, 28.06, 28.12, 28.16, 28.19, 28.21], [28.81, 28.83, 29.24, 29.25, 29.25, 29.25, 29.26, 29.28, 29.16, 29.04, 28.9, 28.75, 28.32, 28.2, 28.1, 28.13, 28.16, 28.2, 28.22, 28.23], [29.24, 29.24, 29.24, 29.26, 29.26, 29.26, 29.27, 29.27, 29.06, 29.0, 28.91, 28.8, 28.34, 28.16, 28.17, 28.18, 28.21, 28.23, 28.25, 28.26], [29.25, 29.25, 29.25, 29.26, 29.26, 29.26, 29.26, 29.23, 29.02, 28.98, 28.92, 28.85, 28.32, 28.2, 28.21, 28.22, 28.24, 28.26, 28.28, 28.29], [29.25, 29.25, 29.25, 29.21, 29.21, 29.22, 29.22, 29.22, 29.21, 29.21, 29.21, 28.89, 28.68, 28.23, 28.24, 28.24, 28.22, 28.28, 28.32, 28.32], [29.21, 29.21, 29.21, 29.21, 29.21, 29.21, 29.21, 29.21, 29.2, 29.2, 29.2, 28.86, 28.7, 28.6, 28.51, 28.27, 28.11, 28.38, 28.38, 28.35], [29.2, 29.2, 29.2, 29.2, 29.2, 29.2, 29.2, 29.2, 29.2, 29.2, 29.19, 28.9, 28.78, 28.62, 28.54, 28.48, 28.45, 28.58, 28.43, 28.37], [29.2, 29.2, 29.2, 29.2, 29.2, 29.19, 29.19, 29.19, 29.19, 29.19, 29.02, 28.92, 28.81, 28.65, 28.58, 28.53, 28.54, 28.56, 28.42, 28.38], [29.2, 29.2, 29.2, 29.19, 29.19, 29.19, 29.19, 29.18, 29.18, 29.18, 28.99, 28.93, 28.85, 28.65, 28.6, 28.57, 28.56, 28.56, 28.56, 28.55], [29.2, 29.19, 29.19, 29.19, 29.19, 29.18, 29.18, 29.17, 29.17, 29.01, 29.0, 29.1, 29.09, 29.07, 28.64, 28.6, 28.58, 28.57, 28.57, 28.57], [29.19, 29.19, 29.19, 29.19, 29.18, 29.18, 29.17, 29.17, 29.15, 29.03, 29.1, 29.1, 29.09, 29.07, 28.67, 28.63, 28.61, 28.59, 28.59, 28.58], [29.19, 29.19, 29.19, 29.18, 29.18, 29.18, 29.17, 29.16, 29.1, 29.1, 29.1, 29.09, 29.09, 29.08, 28.7, 28.66, 28.63, 28.61, 28.6, 28.59], [29.19, 29.19, 29.19, 29.18, 29.18, 29.18, 29.17, 29.16, 29.1, 29.1, 29.1, 29.09, 29.09, 29.08, 28.71, 28.67, 28.65, 28.63, 28.62, 28.61], [29.19, 29.19, 29.18, 29.18, 29.18, 29.17, 29.17, 29.1, 29.1, 29.09, 29.09, 29.09, 29.08, 29.08, 28.72, 28.68, 28.66, 28.64, 28.63, 28.62]]}]