gis_exercise/awsData/contour/wdir_2023090721.json
[{"header": {"refTime": "2023-09-07T21:00:00.000Z", "nx": 21, "ny": 33, "lo1": 113.509, "la1": 22.2235, "lo2": 113.5947, "la2": 22.1034, "dx": 0.0042850000000001385, "dy": 0.003753125000000024, "parameterCategory": 2, "parameterCategoryName": "Temperature", "parameterNumber": 2}, "data": [-0.14, -0.14, -0.14, -0.22, -0.21, -0.23, -0.21, -0.2, -0.19, -0.19, -0.23, -0.26, -0.43, -0.45, -0.61, -0.65, -0.94, -0.96, -0.98, -0.99, -0.14, -0.14, -0.14, -0.14, -0.21, -0.19, -0.2, -0.16, -0.14, -0.16, -0.22, -0.27, -0.44, -0.47, -0.62, -0.92, -0.95, -0.97, -0.99, -1.0, -0.15, -0.15, -0.15, -0.14, -0.22, -0.2, -0.17, -0.14, -0.03, -0.14, -0.23, -0.29, -0.47, -0.49, -0.87, -0.92, -0.96, -1.0, -1.01, -1.02, -0.15, -0.15, -0.15, -0.15, -0.15, -0.22, -0.19, -0.15, -0.11, -0.18, -0.27, -0.34, -0.5, -0.57, -0.86, -0.94, -0.99, -1.03, -1.04, -1.05, -0.15, -0.15, -0.15, -0.15, -0.16, -0.24, -0.23, -0.22, -0.21, -0.24, -0.3, -0.56, -0.53, -0.57, -0.87, -0.97, -1.04, -1.08, -1.09, -1.08, -0.15, -0.15, -0.15, -0.16, -0.17, -0.18, -0.27, -0.28, -0.28, -0.28, -0.56, -0.58, -0.57, -0.8, -0.9, -1.02, -1.12, -1.16, -1.14, -1.11, -0.17, -0.15, -0.15, -0.16, -0.17, -0.19, -0.31, -0.34, -0.35, -0.5, -0.52, -0.63, -0.91, -0.91, -0.95, -1.07, -1.22, -1.28, -1.26, -1.22, -0.16, -0.16, -0.16, -0.11, -0.12, -0.26, -0.3, -0.36, -0.46, -0.48, -0.42, -0.88, -0.97, -1.01, -1.25, -1.29, -1.34, -1.36, -1.33, -1.31, -0.15, -0.15, -0.15, -0.15, -0.09, -0.11, -0.15, -0.32, -0.31, -0.51, -0.79, -0.98, -1.15, -1.07, -1.26, -1.28, -1.31, -1.32, -1.32, -1.31, 0.02, 0.02, 0.02, -0.13, -0.11, -0.06, -0.08, -0.11, -0.22, -0.23, -0.9, -1.05, -1.2, -1.1, -1.27, -1.28, -1.29, -1.3, -1.3, -1.3, 0.02, 0.02, 0.01, 0.01, 0.01, -0.01, 0.02, 0.05, -0.03, -0.14, -0.57, -1.01, -1.07, -1.05, -1.27, -1.27, -1.28, -1.29, -1.29, -1.29, 0.02, 0.02, 0.01, 0.01, 0.01, 0.01, 0.03, 0.08, 0.11, -0.22, -0.48, -0.8, -0.89, -1.02, -1.27, -1.27, -1.28, -1.3, -1.29, -1.29, 0.02, 0.02, 0.01, 0.01, 0.01, 0.0, -0.0, 0.06, 0.09, 0.07, -0.35, -0.71, -0.8, -1.16, -1.15, -1.27, -1.27, -1.27, -1.28, -1.28, 0.02, 0.01, 0.01, 0.01, 0.0, -0.01, -0.05, 0.01, 0.05, 0.05, -0.32, -0.69, -0.78, -0.83, -1.13, -1.24, -1.24, -1.25, -1.26, -1.26, 0.02, 0.02, 0.01, 0.01, 0.01, -0.0, -0.0, -0.18, -0.21, -0.24, -0.26, -0.61, -0.78, -0.83, -0.86, -1.2, -1.21, -1.22, -1.23, -1.24, 0.02, 0.02, -0.32, -0.32, -0.31, -0.27, -0.28, -0.3, -0.33, -0.34, -0.64, -0.68, -0.73, -1.1, -1.09, -1.22, -1.24, -1.27, -1.3, -1.32, -0.35, -0.35, -0.36, -0.36, -0.34, -0.36, -0.4, -0.45, -0.48, -0.47, -0.72, -0.75, -0.79, -0.86, -1.09, -1.07, -1.09, -1.11, -1.12, -1.12, -0.37, -0.38, -0.39, -0.41, -0.4, -0.45, -0.53, -0.63, -0.69, -0.84, -0.83, -0.79, -0.83, -1.09, -1.03, -1.07, -1.09, -1.11, -1.12, -1.13, -0.39, -0.4, -0.42, -0.41, -0.45, -0.51, -0.62, -0.79, -0.99, -0.9, -0.83, -0.82, -1.14, -1.12, -1.06, -1.08, -1.11, -1.12, -1.13, -1.13, -0.41, -0.42, -0.42, -0.45, -0.49, -0.54, -0.63, -0.76, -0.92, -0.85, -0.79, -0.78, -1.17, -1.17, -1.1, -1.12, -1.13, -1.14, -1.14, -1.14, -0.39, -0.4, -0.42, -0.44, -0.47, -0.51, -0.57, -0.62, -0.78, -0.75, -0.72, -0.72, -1.21, -1.13, -1.14, -1.15, -1.17, -1.17, -1.16, -1.15, -0.39, -0.4, -0.41, -0.42, -0.44, -0.46, -0.48, -0.5, -0.64, -0.63, -0.63, -0.64, -0.88, -1.15, -1.17, -1.19, -1.21, -1.2, -1.17, -1.15, -0.38, -0.39, -0.39, -0.41, -0.41, -0.41, -0.4, -0.38, -0.35, -0.32, -0.32, -0.73, -0.74, -1.16, -1.19, -1.23, -1.29, -1.23, -1.17, -1.15, -0.39, -0.39, -0.38, -0.38, -0.37, -0.35, -0.32, -0.28, -0.22, -0.19, -0.21, -0.42, -0.71, -0.86, -0.99, -1.24, -1.45, -1.16, -1.13, -1.13, -0.37, -0.37, -0.36, -0.35, -0.33, -0.31, -0.27, -0.21, -0.11, -0.04, -0.14, -0.37, -0.52, -0.83, -0.95, -1.05, -1.1, -0.97, -1.09, -1.12, -0.36, -0.35, -0.34, -0.32, -0.3, -0.28, -0.24, -0.18, -0.1, -0.04, -0.2, -0.34, -0.48, -0.8, -0.91, -1.0, -1.0, -0.99, -1.09, -1.11, -0.34, -0.33, -0.32, -0.31, -0.28, -0.26, -0.22, -0.18, -0.14, -0.13, -0.24, -0.33, -0.44, -0.8, -0.89, -0.94, -0.97, -0.97, -0.97, -0.97, -0.33, -0.32, -0.31, -0.29, -0.27, -0.25, -0.22, -0.19, -0.17, -0.22, -0.24, -0.16, -0.19, -0.24, -0.82, -0.89, -0.92, -0.94, -0.95, -0.95, -0.32, -0.31, -0.3, -0.28, -0.27, -0.25, -0.22, -0.2, -0.18, -0.21, -0.13, -0.16, -0.19, -0.23, -0.77, -0.84, -0.88, -0.9, -0.92, -0.92, -0.32, -0.31, -0.29, -0.28, -0.26, -0.25, -0.23, -0.21, -0.14, -0.14, -0.14, -0.16, -0.19, -0.22, -0.74, -0.8, -0.84, -0.87, -0.89, -0.9, -0.31, -0.3, -0.29, -0.28, -0.26, -0.25, -0.23, -0.21, -0.15, -0.15, -0.16, -0.17, -0.19, -0.22, -0.72, -0.77, -0.82, -0.85, -0.87, -0.88, -0.31, -0.3, -0.29, -0.28, -0.26, -0.25, -0.24, -0.16, -0.16, -0.17, -0.17, -0.18, -0.2, -0.22, -0.71, -0.76, -0.8, -0.83, -0.85, -0.86]}, {"header": {"refTime": "2023-09-07T21:00:00.000Z", "nx": 21, "ny": 33, "lo1": 113.509, "la1": 22.2235, "lo2": 113.5947, "la2": 22.1034, "dx": 0.0042850000000001385, "dy": 0.003753125000000024, "parameterCategory": 2, "parameterCategoryName": "Temperature", "parameterNumber": 3}, "data": [0.49, 0.48, 0.47, 0.35, 0.33, 0.4, 0.37, 0.34, 0.32, 0.2, 0.24, 0.27, 0.61, 0.65, 1.11, 1.21, 1.71, 1.76, 1.8, 1.83, 0.5, 0.49, 0.48, 0.46, 0.34, 0.31, 0.35, 0.28, 0.24, 0.17, 0.23, 0.29, 0.63, 0.67, 1.13, 1.64, 1.73, 1.8, 1.85, 1.87, 0.51, 0.5, 0.49, 0.48, 0.35, 0.32, 0.27, 0.24, 0.06, 0.15, 0.24, 0.32, 0.65, 0.69, 1.52, 1.66, 1.77, 1.86, 1.91, 1.93, 0.52, 0.52, 0.51, 0.5, 0.48, 0.36, 0.31, 0.24, 0.17, 0.18, 0.28, 0.37, 0.68, 0.75, 1.5, 1.7, 1.85, 1.95, 1.99, 2.0, 0.54, 0.53, 0.53, 0.52, 0.52, 0.4, 0.39, 0.36, 0.34, 0.24, 0.32, 0.72, 0.67, 0.75, 1.52, 1.78, 1.99, 2.1, 2.11, 2.08, 0.55, 0.55, 0.55, 0.55, 0.56, 0.56, 0.48, 0.49, 0.47, 0.42, 0.71, 0.75, 0.74, 1.12, 1.6, 1.91, 2.2, 2.33, 2.26, 2.17, 0.93, 0.56, 0.57, 0.58, 0.59, 0.61, 0.7, 0.63, 0.63, 0.74, 0.7, 0.85, 1.32, 1.31, 1.71, 2.05, 2.5, 2.66, 2.46, 2.31, 0.93, 0.92, 0.91, 0.7, 0.71, 0.67, 0.71, 0.8, 0.95, 0.69, 0.43, 1.27, 1.43, 1.47, 2.13, 2.36, 2.65, 2.75, 2.6, 2.49, 0.92, 0.91, 0.9, 0.88, 0.68, 0.7, 0.73, 0.73, 0.7, 0.78, 1.03, 1.37, 1.62, 1.5, 2.1, 2.28, 2.46, 2.54, 2.51, 2.45, 0.78, 0.77, 0.76, 0.87, 0.83, 0.65, 0.68, 0.7, 0.61, 0.56, 1.22, 1.44, 1.66, 1.52, 2.09, 2.22, 2.33, 2.4, 2.41, 2.4, 0.79, 0.78, 0.77, 0.76, 0.72, 0.61, 0.71, 0.7, 0.63, 0.55, 0.94, 1.39, 1.47, 1.46, 2.09, 2.18, 2.26, 2.32, 2.34, 2.34, 0.8, 0.79, 0.79, 0.78, 0.77, 0.76, 0.77, 0.68, 0.61, 0.97, 0.89, 1.37, 1.45, 1.4, 2.1, 2.16, 2.22, 2.44, 2.46, 2.46, 0.8, 0.81, 0.81, 0.82, 0.84, 0.9, 0.96, 0.78, 0.67, 0.72, 1.11, 1.29, 1.37, 1.89, 1.89, 2.34, 2.37, 2.4, 2.42, 2.43, 0.81, 0.82, 0.83, 0.85, 0.89, 0.98, 1.19, 0.92, 0.79, 0.77, 1.11, 1.45, 1.56, 1.63, 1.93, 2.31, 2.34, 2.36, 2.38, 2.4, 0.82, 0.83, 0.84, 0.86, 0.9, 0.95, 0.98, 1.01, 0.94, 0.92, 0.91, 1.26, 1.61, 1.69, 1.74, 2.29, 2.31, 2.34, 2.36, 2.37, 0.82, 0.83, 1.01, 1.03, 1.05, 1.03, 1.02, 1.0, 0.97, 0.96, 1.22, 1.34, 1.47, 1.9, 1.93, 2.14, 2.14, 2.14, 2.4, 2.42, 1.0, 1.01, 1.02, 1.03, 1.01, 1.02, 1.01, 1.01, 1.0, 0.99, 1.27, 1.4, 1.57, 1.76, 2.05, 2.05, 2.01, 1.97, 1.94, 1.92, 1.01, 1.01, 1.02, 1.03, 1.01, 1.01, 1.02, 1.03, 1.03, 1.35, 1.46, 1.43, 1.62, 2.04, 2.16, 2.07, 2.0, 1.96, 1.93, 1.91, 1.01, 1.02, 1.02, 1.0, 1.01, 1.01, 1.02, 1.04, 1.14, 1.29, 1.47, 1.61, 1.89, 2.0, 2.08, 2.03, 1.98, 1.94, 1.92, 1.9, 1.01, 1.02, 1.27, 1.26, 1.25, 1.23, 1.21, 1.17, 1.23, 1.34, 1.47, 1.59, 1.86, 1.95, 2.0, 1.97, 1.94, 1.91, 1.89, 1.88, 1.28, 1.27, 1.27, 1.27, 1.26, 1.25, 1.23, 1.21, 1.35, 1.4, 1.48, 1.57, 1.85, 1.95, 1.94, 1.93, 1.91, 1.88, 1.87, 1.86, 1.28, 1.28, 1.28, 1.28, 1.27, 1.27, 1.26, 1.06, 1.42, 1.45, 1.5, 1.56, 1.97, 1.91, 1.9, 1.89, 1.88, 1.86, 1.84, 1.83, 1.29, 1.29, 1.29, 1.0, 1.01, 1.03, 1.05, 1.08, 1.1, 1.11, 1.09, 1.57, 1.66, 1.88, 1.88, 1.88, 1.9, 1.84, 1.8, 1.8, 0.96, 0.97, 0.98, 0.99, 1.0, 1.03, 1.06, 1.1, 1.16, 1.18, 1.13, 1.34, 1.65, 1.69, 1.73, 1.86, 2.02, 1.74, 1.74, 1.77, 0.95, 0.96, 0.97, 0.98, 0.99, 1.01, 1.05, 1.12, 1.24, 1.34, 1.17, 1.3, 1.34, 1.68, 1.7, 1.72, 1.68, 1.55, 1.69, 1.75, 0.94, 0.95, 0.95, 0.96, 0.97, 0.99, 1.02, 1.08, 1.2, 1.3, 1.25, 1.21, 1.25, 1.66, 1.68, 1.47, 1.5, 1.49, 1.71, 1.75, 0.93, 0.93, 0.93, 0.94, 0.94, 0.95, 0.96, 0.98, 1.01, 0.99, 1.06, 1.06, 1.14, 1.16, 1.29, 1.38, 1.43, 1.44, 1.44, 1.44, 0.92, 0.92, 0.92, 0.91, 0.91, 0.91, 0.89, 0.87, 0.82, 0.83, 0.76, 0.71, 0.79, 0.86, 1.2, 1.3, 1.36, 1.39, 1.4, 1.4, 0.91, 0.9, 0.9, 0.89, 0.88, 0.86, 0.83, 0.78, 0.68, 0.57, 0.31, 0.56, 0.71, 0.81, 1.12, 1.22, 1.29, 1.33, 1.35, 1.36, 0.9, 0.89, 0.88, 0.87, 0.86, 0.83, 0.79, 0.73, 0.64, 0.49, 0.39, 0.54, 0.68, 0.78, 1.07, 1.17, 1.23, 1.28, 1.31, 1.32, 0.89, 0.88, 0.87, 0.86, 0.84, 0.81, 0.77, 0.72, 0.66, 0.58, 0.56, 0.61, 0.7, 0.77, 1.04, 1.13, 1.19, 1.24, 1.27, 1.29, 0.88, 0.87, 0.86, 0.84, 0.83, 0.8, 0.77, 0.75, 0.7, 0.66, 0.65, 0.68, 0.73, 0.78, 1.03, 1.1, 1.16, 1.21, 1.24, 1.26]}, {"header": {"refTime": "2023-09-07T21:00:00.000Z", "nx": 21, "ny": 33, "lo1": 113.509, "la1": 22.2235, "lo2": 113.5947, "la2": 22.1034, "dx": 0.0042850000000001385, "dy": 0.003753125000000024, "parameterCategory": 0, "parameterCategoryName": "Temperature", "parameterNumber": 0}, "data": [[26.34, 26.33, 26.32, 26.07, 26.07, 26.29, 26.27, 26.25, 26.25, 26.12, 26.15, 26.18, 26.37, 26.39, 26.46, 26.47, 26.58, 26.58, 26.58, 26.58], [26.34, 26.33, 26.32, 26.31, 26.07, 26.06, 26.25, 26.21, 26.18, 26.1, 26.15, 26.2, 26.4, 26.42, 26.48, 26.59, 26.58, 26.58, 26.58, 26.58], [26.35, 26.34, 26.33, 26.32, 26.08, 26.07, 26.06, 26.17, 26.04, 26.09, 26.17, 26.24, 26.44, 26.45, 26.59, 26.59, 26.59, 26.58, 26.58, 26.58], [26.36, 26.35, 26.35, 26.33, 26.31, 26.08, 26.07, 26.05, 26.03, 26.1, 26.19, 26.3, 26.51, 26.43, 26.6, 26.59, 26.59, 26.58, 26.58, 26.58], [26.37, 26.37, 26.36, 26.35, 26.34, 26.1, 26.1, 26.09, 26.07, 26.11, 26.2, 26.45, 26.59, 26.47, 26.6, 26.59, 26.58, 26.58, 26.58, 26.58], [26.38, 26.38, 26.38, 26.38, 26.37, 26.36, 26.13, 26.14, 26.11, 26.05, 26.23, 26.37, 26.49, 26.6, 26.58, 26.58, 26.59, 26.59, 26.58, 26.58], [26.56, 26.4, 26.4, 26.4, 26.4, 26.4, 26.32, 26.22, 26.2, 26.11, 26.03, 26.25, 26.53, 26.55, 26.57, 26.58, 26.59, 26.59, 26.62, 26.62], [26.56, 26.56, 26.56, 26.56, 26.56, 26.36, 26.35, 26.37, 26.4, 26.08, 25.85, 26.18, 26.19, 26.55, 26.53, 26.5, 26.55, 26.56, 26.54, 26.52], [26.54, 26.54, 26.56, 26.56, 26.56, 26.56, 26.55, 26.35, 26.25, 26.14, 25.97, 26.07, 26.12, 26.06, 26.52, 26.5, 26.52, 26.53, 26.53, 26.52], [26.6, 26.6, 26.6, 26.55, 26.56, 26.58, 26.57, 26.55, 26.05, 26.09, 26.13, 26.01, 26.05, 26.03, 26.52, 26.49, 26.5, 26.51, 26.51, 26.51], [26.6, 26.6, 26.6, 26.6, 26.6, 26.6, 26.6, 26.6, 26.56, 26.23, 25.7, 25.97, 26.0, 26.0, 26.52, 26.48, 26.49, 26.5, 26.5, 26.5], [26.6, 26.6, 26.6, 26.6, 26.6, 26.6, 26.6, 26.6, 26.6, -999.0, 25.7, 26.4, 26.4, 25.98, 26.52, 26.47, 26.48, 26.15, 26.16, 26.16], [26.6, 26.6, 26.6, 26.6, 26.6, 26.6, 26.6, 26.6, 26.6, 26.6, -999.0, 26.4, 26.4, 26.01, 26.18, 26.31, 26.31, 26.22, 26.23, 26.24], [26.6, 26.6, 26.6, 26.6, 26.6, 26.6, 26.6, 26.6, 26.6, 26.6, -999.0, 25.8, 25.8, 25.8, 26.13, 26.24, 26.25, 26.15, 26.18, 26.19], [26.6, 26.6, 26.6, 26.6, 26.6, 26.6, 26.6, 26.7, 26.7, 26.7, 26.7, 26.35, 25.8, 25.8, 25.8, 26.17, 26.19, 26.1, 26.13, 26.15], [26.6, 26.6, 26.66, 26.66, 26.67, 26.7, 26.7, 26.7, 26.7, 26.7, 26.13, 26.2, 26.11, 26.04, 26.12, 26.02, 26.05, 25.99, 26.17, 26.2], [26.66, 26.66, 26.64, 26.64, 26.7, 26.7, 26.7, 26.7, 26.7, 26.7, 26.31, 26.2, 26.08, 25.98, 25.97, 25.96, 26.02, 26.07, 26.1, 26.12], [26.64, 26.64, 26.64, 26.64, 26.7, 26.7, 26.7, 26.7, 26.7, 26.47, 26.35, 26.22, 26.08, 25.98, 25.83, 25.95, 26.03, 26.08, 26.11, 26.14], [26.64, 26.64, 26.64, 26.7, 26.7, 26.7, 26.7, 26.7, 26.62, 26.52, 26.4, 26.29, 26.16, 26.04, 25.93, 25.99, 26.06, 26.11, 26.14, 26.16], [26.64, 26.64, 26.59, 26.59, 26.6, 26.61, 26.63, 26.67, 26.59, 26.51, 26.41, 26.32, 26.2, 26.13, 26.04, 26.08, 26.12, 26.15, 26.17, 26.18], [26.58, 26.58, 26.58, 26.62, 26.62, 26.63, 26.63, 26.64, 26.51, 26.47, 26.41, 26.34, 26.24, 26.11, 26.12, 26.15, 26.18, 26.2, 26.21, 26.21], [26.61, 26.61, 26.61, 26.61, 26.61, 26.61, 26.62, 26.68, 26.47, 26.45, 26.41, 26.36, 26.22, 26.16, 26.19, 26.22, 26.24, 26.25, 26.24, 26.23], [26.6, 26.6, 26.6, 26.7, 26.7, 26.69, 26.68, 26.67, 26.66, 26.66, 26.67, 26.53, 26.41, 26.2, 26.23, 26.27, 26.3, 26.3, 26.27, 26.25], [26.72, 26.71, 26.71, 26.7, 26.7, 26.69, 26.68, 26.66, 26.63, 26.63, 26.65, 26.6, 26.41, 26.39, 26.38, 26.3, 26.36, 26.32, 26.29, 26.27], [26.72, 26.72, 26.71, 26.71, 26.7, 26.69, 26.68, 26.65, 26.6, 26.56, 26.63, 26.61, 26.61, 26.4, 26.38, 26.37, 26.31, 26.3, 26.29, 26.27], [26.72, 26.72, 26.72, 26.71, 26.71, 26.7, 26.69, 26.66, 26.62, 26.58, 26.61, 26.64, 26.64, 26.4, 26.38, 26.45, 26.41, 26.4, 26.28, 26.27], [26.72, 26.72, 26.72, 26.72, 26.72, 26.71, 26.71, 26.7, 26.69, 26.69, 26.69, 26.69, 26.68, 26.58, 26.53, 26.48, 26.45, 26.44, 26.44, 26.45], [26.73, 26.73, 26.73, 26.73, 26.73, 26.73, 26.73, 26.74, 26.76, 26.77, 26.79, 26.75, 26.7, 26.65, 26.56, 26.52, 26.49, 26.47, 26.47, 26.47], [26.73, 26.73, 26.73, 26.74, 26.74, 26.75, 26.75, 26.77, 26.81, 26.86, 26.93, 26.81, 26.73, 26.68, 26.59, 26.55, 26.52, 26.5, 26.49, 26.49], [26.74, 26.74, 26.74, 26.74, 26.75, 26.76, 26.77, 26.79, 26.78, 26.85, 26.89, 26.82, 26.75, 26.69, 26.62, 26.57, 26.54, 26.52, 26.51, 26.51], [26.74, 26.74, 26.74, 26.75, 26.76, 26.76, 26.78, 26.8, 26.77, 26.8, 26.81, 26.78, 26.74, 26.7, 26.63, 26.59, 26.56, 26.54, 26.53, 26.52], [26.74, 26.74, 26.75, 26.75, 26.76, 26.77, 26.78, 26.73, 26.75, 26.77, 26.77, 26.75, 26.72, 26.69, 26.63, 26.6, 26.58, 26.56, 26.54, 26.54]]}]