gis_exercise/awsData/contour/wdir_2023090323.json
[{"header": {"refTime": "2023-09-03T23:00:00.000Z", "nx": 21, "ny": 33, "lo1": 113.509, "la1": 22.2235, "lo2": 113.5947, "la2": 22.1034, "dx": 0.0042850000000001385, "dy": 0.003753125000000024, "parameterCategory": 2, "parameterCategoryName": "Temperature", "parameterNumber": 2}, "data": [0.69, 0.69, 0.68, 0.52, 0.53, 0.5, 0.52, 0.53, 0.53, 0.52, 0.49, 0.46, 0.85, 0.86, 0.96, 1.03, 1.46, 1.51, 1.54, 1.57, 0.69, 0.69, 0.68, 0.68, 0.53, 0.54, 0.53, 0.56, 0.57, 0.54, 0.49, 0.45, 0.82, 0.84, 0.95, 1.41, 1.48, 1.53, 1.57, 1.6, 0.69, 0.69, 0.68, 0.68, 0.52, 0.54, 0.56, 0.58, 0.66, 0.56, 0.48, 0.43, 0.78, 0.8, 1.29, 1.41, 1.51, 1.57, 1.61, 1.63, 0.7, 0.69, 0.69, 0.68, 0.67, 0.52, 0.54, 0.57, 0.6, 0.53, 0.45, 0.39, 0.69, 0.69, 1.27, 1.44, 1.56, 1.64, 1.67, 1.68, 0.7, 0.7, 0.69, 0.68, 0.67, 0.51, 0.51, 0.52, 0.53, 0.47, 0.42, 0.62, 0.42, 0.66, 1.28, 1.5, 1.66, 1.74, 1.75, 1.74, 0.71, 0.71, 0.7, 0.69, 0.68, 0.66, 0.48, 0.48, 0.47, 0.47, 0.8, 0.75, 0.63, 1.08, 1.38, 1.61, 1.81, 1.89, 1.85, 1.8, 1.23, 0.72, 0.72, 0.71, 0.69, 0.66, 0.54, 0.44, 0.43, 0.72, 0.82, 1.03, 1.45, 1.4, 1.53, 1.73, 2.0, 2.1, 1.93, 1.83, 1.25, 1.23, 1.21, 1.12, 1.1, 0.62, 0.56, 0.47, 0.48, 0.67, 0.59, 1.65, 1.83, 1.64, 2.13, 2.17, 2.23, 2.25, 2.22, 2.2, 1.28, 1.26, 1.24, 1.21, 1.12, 1.1, 1.04, 0.53, 0.71, 0.75, 1.29, 1.66, 1.85, 1.76, 2.12, 2.15, 2.19, 2.21, 2.2, 2.19, 1.82, 1.79, 1.75, 1.24, 1.19, 1.13, 1.16, 1.19, 1.01, 0.95, 1.48, 1.68, 1.84, 1.75, 2.11, 2.14, 2.16, 2.18, 2.18, 2.18, 1.83, 1.8, 1.76, 1.69, 1.53, 1.06, 1.64, 1.92, 1.52, 1.24, 1.62, 1.63, 1.7, 1.7, 2.11, 2.13, 2.15, 2.16, 2.17, 2.17, 1.85, 1.83, 1.8, 1.76, 1.68, 1.64, 1.86, 2.09, 2.16, 2.28, 1.71, 2.12, 2.1, 1.65, 2.11, 2.13, 2.14, 2.3, 2.31, 2.31, 1.87, 1.86, 1.85, 1.85, 1.88, 1.99, 2.16, 2.16, 2.17, 2.11, 2.27, 2.13, 2.12, 2.22, 2.24, 2.31, 2.32, 2.32, 2.33, 2.33, 1.89, 1.89, 1.9, 1.93, 1.99, 2.14, 2.39, 2.2, 2.14, 2.1, 2.28, 2.3, 2.32, 2.33, 2.29, 2.35, 2.35, 2.35, 2.35, 2.34, 1.91, 1.92, 1.94, 1.97, 2.03, 2.12, 2.19, 2.02, 1.91, 1.83, 1.77, 1.84, 2.36, 2.38, 2.4, 2.4, 2.39, 2.38, 2.37, 2.36, 1.93, 1.94, 1.41, 1.45, 1.5, 1.86, 1.84, 1.77, 1.69, 1.64, 1.68, 1.8, 1.95, 2.02, 2.11, 2.57, 2.56, 2.56, 2.62, 2.62, 1.34, 1.35, 1.36, 1.37, 1.7, 1.66, 1.57, 1.46, 1.38, 1.4, 1.56, 1.76, 1.98, 2.2, 2.4, 2.57, 2.54, 2.52, 2.5, 2.49, 1.31, 1.31, 1.31, 1.29, 1.57, 1.47, 1.31, 1.1, 0.99, 1.21, 1.48, 1.71, 1.99, 2.37, 2.61, 2.58, 2.54, 2.52, 2.5, 2.48, 1.29, 1.28, 1.26, 1.55, 1.47, 1.34, 1.13, 0.79, 0.51, 1.0, 1.23, 1.54, 2.05, 2.29, 2.59, 2.56, 2.53, 2.51, 2.49, 2.48, 1.26, 1.24, 1.4, 1.35, 1.28, 1.17, 1.01, 0.78, 0.67, 0.94, 1.24, 1.5, 2.0, 2.19, 2.54, 2.53, 2.51, 2.49, 2.47, 2.46, 1.44, 1.41, 1.38, 1.34, 1.28, 1.2, 1.09, 0.98, 0.99, 1.12, 1.31, 1.49, 1.98, 2.51, 2.51, 2.5, 2.49, 2.48, 2.46, 2.45, 1.43, 1.41, 1.38, 1.34, 1.3, 1.25, 1.19, 0.73, 1.21, 1.28, 1.39, 1.5, 2.42, 2.49, 2.49, 2.49, 2.49, 2.47, 2.44, 2.43, 1.42, 1.4, 1.38, 0.74, 0.75, 0.78, 0.81, 0.86, 0.91, 0.94, 0.92, 1.6, 2.14, 2.47, 2.47, 2.49, 2.52, 2.46, 2.41, 2.41, 0.72, 0.73, 0.74, 0.76, 0.78, 0.82, 0.88, 0.97, 1.09, 1.14, 1.06, 1.58, 2.12, 2.2, 2.28, 2.47, 2.67, 2.37, 2.35, 2.38, 0.72, 0.73, 0.75, 0.77, 0.8, 0.85, 0.92, 1.05, 1.26, 1.44, 1.17, 1.51, 1.59, 2.18, 2.25, 2.3, 2.3, 2.16, 2.31, 2.36, 0.72, 0.73, 0.75, 0.77, 0.8, 0.84, 0.91, 1.03, 1.23, 1.39, 1.43, 1.39, 1.47, 2.16, 2.21, 1.99, 2.05, 2.04, 2.32, 2.35, 0.72, 0.73, 0.74, 0.76, 0.78, 0.82, 0.86, 0.92, 0.98, 0.98, 1.19, 1.21, 1.32, 1.53, 1.72, 1.86, 1.93, 1.96, 1.96, 1.95, 0.72, 0.73, 0.74, 0.75, 0.76, 0.77, 0.78, 0.78, 0.74, 0.9, 0.81, 0.79, 0.92, 1.05, 1.59, 1.73, 1.82, 1.87, 1.89, 1.89, 0.71, 0.72, 0.72, 0.73, 0.73, 0.73, 0.72, 0.68, 0.58, 0.57, 0.24, 0.59, 0.81, 0.97, 1.47, 1.62, 1.72, 1.78, 1.81, 1.83, 0.71, 0.71, 0.71, 0.71, 0.71, 0.69, 0.67, 0.61, 0.7, 0.48, 0.35, 0.57, 0.77, 0.92, 1.39, 1.54, 1.64, 1.7, 1.75, 1.77, 0.7, 0.7, 0.7, 0.69, 0.69, 0.67, 0.64, 0.59, 0.73, 0.62, 0.59, 0.67, 0.8, 0.91, 1.35, 1.48, 1.57, 1.64, 1.69, 1.72, 0.69, 0.69, 0.69, 0.68, 0.67, 0.65, 0.63, 0.85, 0.78, 0.73, 0.72, 0.76, 0.84, 0.92, 1.33, 1.44, 1.53, 1.59, 1.64, 1.67]}, {"header": {"refTime": "2023-09-03T23:00:00.000Z", "nx": 21, "ny": 33, "lo1": 113.509, "la1": 22.2235, "lo2": 113.5947, "la2": 22.1034, "dx": 0.0042850000000001385, "dy": 0.003753125000000024, "parameterCategory": 2, "parameterCategoryName": "Temperature", "parameterNumber": 3}, "data": [0.3, 0.31, 0.31, 0.23, 0.25, 0.06, 0.09, 0.13, 0.13, 0.11, 0.03, -0.06, -0.18, -0.22, 0.27, 0.34, 0.19, 0.25, 0.3, 0.32, 0.3, 0.3, 0.31, 0.32, 0.25, 0.27, 0.13, 0.21, 0.25, 0.18, 0.03, -0.09, -0.23, -0.27, 0.24, 0.13, 0.22, 0.29, 0.34, 0.37, 0.29, 0.3, 0.3, 0.31, 0.23, 0.26, 0.31, 0.27, 0.5, 0.24, 0.01, -0.16, -0.31, -0.34, 0.01, 0.15, 0.27, 0.36, 0.41, 0.43, 0.29, 0.29, 0.29, 0.3, 0.3, 0.24, 0.28, 0.34, 0.4, 0.15, -0.08, -0.29, -0.46, -0.53, -0.01, 0.19, 0.35, 0.46, 0.5, 0.51, 0.29, 0.29, 0.28, 0.28, 0.28, 0.2, 0.21, 0.23, 0.25, 0.01, -0.16, -0.55, -0.73, -0.57, -0.0, 0.28, 0.5, 0.62, 0.64, 0.6, 0.28, 0.28, 0.28, 0.27, 0.26, 0.25, 0.14, 0.13, 0.13, 0.13, -0.33, -0.46, -0.6, -0.34, 0.08, 0.42, 0.73, 0.87, 0.8, 0.7, 0.14, 0.28, 0.27, 0.27, 0.25, 0.22, 0.05, 0.04, 0.03, -0.06, -0.04, -0.28, -0.17, -0.14, 0.18, 0.56, 1.06, 1.24, 1.11, 0.97, 0.15, 0.15, 0.15, 0.07, 0.07, 0.11, 0.06, -0.03, -0.12, -0.05, 0.02, 0.07, 0.1, 0.04, 0.75, 0.98, 1.27, 1.37, 1.22, 1.11, 0.16, 0.16, 0.17, 0.18, 0.11, 0.1, 0.04, 0.03, -0.11, -0.06, 0.2, 0.27, 0.48, 0.38, 0.74, 0.92, 1.09, 1.16, 1.13, 1.07, 0.13, 0.14, 0.16, 0.2, 0.23, 0.19, 0.11, 0.01, -0.12, -0.1, 0.28, 0.41, 0.59, 0.44, 0.75, 0.86, 0.97, 1.03, 1.04, 1.02, 0.13, 0.14, 0.16, 0.18, 0.24, 0.4, 0.18, 0.05, -0.06, -0.13, 0.27, 0.38, 0.43, 0.41, 0.75, 0.83, 0.9, 0.95, 0.97, 0.97, 0.13, 0.14, 0.15, 0.17, 0.19, 0.2, 0.11, -0.04, -0.11, 0.07, 0.21, 0.24, 0.29, 0.37, 0.75, 0.81, 0.86, 1.19, 1.2, 1.21, 0.12, 0.13, 0.13, 0.14, 0.14, 0.12, 0.07, -0.02, -0.08, -0.03, 0.17, 0.19, 0.23, 0.58, 0.58, 1.11, 1.14, 1.16, 1.17, 1.18, 0.12, 0.12, 0.12, 0.12, 0.11, 0.09, 0.08, 0.03, -0.01, -0.0, 0.16, 0.47, 0.54, 0.59, 0.62, 1.09, 1.11, 1.12, 1.14, 1.15, 0.11, 0.11, 0.11, 0.11, 0.1, 0.08, 0.07, -0.04, -0.07, -0.08, -0.08, 0.23, 0.57, 0.62, 0.66, 1.06, 1.08, 1.1, 1.11, 1.13, 0.11, 0.11, 0.15, 0.15, 0.14, -0.04, -0.04, -0.05, -0.06, -0.07, 0.18, 0.27, 0.38, 0.7, 0.73, 0.75, 0.72, 0.69, 0.86, 0.85, 0.15, 0.14, 0.14, 0.13, -0.05, -0.05, -0.05, -0.06, -0.06, -0.07, 0.2, 0.31, 0.44, 0.59, 0.7, 0.72, 0.66, 0.6, 0.57, 0.54, 0.14, 0.13, 0.13, 0.12, -0.05, -0.05, -0.06, -0.06, -0.06, 0.17, 0.27, 0.32, 0.48, 0.69, 0.88, 0.74, 0.65, 0.59, 0.55, 0.53, 0.13, 0.13, 0.12, -0.06, -0.06, -0.06, -0.06, -0.06, -0.01, 0.12, 0.21, 0.33, 0.49, 0.62, 0.76, 0.69, 0.61, 0.55, 0.52, 0.5, 0.13, 0.12, -0.02, -0.02, -0.03, -0.03, -0.04, -0.05, 0.03, 0.1, 0.2, 0.3, 0.43, 0.5, 0.63, 0.59, 0.54, 0.5, 0.48, 0.47, -0.02, -0.02, -0.02, -0.03, -0.03, -0.04, -0.04, -0.04, 0.08, 0.12, 0.18, 0.26, 0.37, 0.55, 0.53, 0.5, 0.46, 0.45, 0.44, 0.44, -0.02, -0.03, -0.03, -0.03, -0.03, -0.04, -0.04, -0.1, 0.1, 0.12, 0.16, 0.22, 0.31, 0.49, 0.46, 0.42, 0.39, 0.38, 0.4, 0.42, -0.03, -0.03, -0.03, -0.11, -0.1, -0.1, -0.1, -0.1, -0.1, -0.1, -0.1, -0.04, 0.14, 0.45, 0.41, 0.35, 0.3, 0.33, 0.37, 0.4, -0.11, -0.11, -0.11, -0.11, -0.11, -0.11, -0.11, -0.1, -0.1, -0.1, -0.11, -0.08, 0.13, 0.17, 0.2, 0.32, 0.18, 0.33, 0.37, 0.39, -0.11, -0.11, -0.11, -0.11, -0.11, -0.11, -0.11, -0.11, -0.1, -0.1, -0.11, -0.09, -0.08, 0.17, 0.2, 0.24, 0.36, 0.41, 0.38, 0.39, -0.11, -0.11, -0.11, -0.11, -0.12, -0.12, -0.11, -0.11, -0.11, -0.1, -0.1, -0.1, -0.09, 0.17, 0.2, 0.22, 0.27, 0.29, 0.39, 0.4, -0.12, -0.12, -0.12, -0.12, -0.12, -0.12, -0.12, -0.12, -0.12, -0.12, -0.11, -0.11, -0.1, 0.12, 0.16, 0.2, 0.23, 0.24, 0.24, 0.23, -0.12, -0.12, -0.12, -0.12, -0.12, -0.12, -0.13, -0.13, -0.14, -0.13, -0.14, -0.06, -0.01, 0.05, 0.13, 0.17, 0.2, 0.21, 0.22, 0.21, -0.12, -0.12, -0.12, -0.12, -0.13, -0.13, -0.13, -0.14, -0.15, -0.16, -0.16, -0.09, -0.03, 0.02, 0.11, 0.15, 0.17, 0.19, 0.19, 0.2, -0.12, -0.12, -0.12, -0.13, -0.13, -0.13, -0.14, -0.14, -0.08, -0.12, -0.14, -0.09, -0.04, 0.01, 0.09, 0.13, 0.15, 0.17, 0.18, 0.18, -0.12, -0.12, -0.12, -0.13, -0.13, -0.13, -0.14, -0.14, -0.07, -0.09, -0.09, -0.06, -0.03, 0.01, 0.08, 0.11, 0.13, 0.15, 0.16, 0.17, -0.12, -0.12, -0.13, -0.13, -0.13, -0.13, -0.14, -0.04, -0.05, -0.06, -0.06, -0.04, -0.02, 0.01, 0.08, 0.1, 0.12, 0.14, 0.15, 0.16]}, {"header": {"refTime": "2023-09-03T23:00:00.000Z", "nx": 21, "ny": 33, "lo1": 113.509, "la1": 22.2235, "lo2": 113.5947, "la2": 22.1034, "dx": 0.0042850000000001385, "dy": 0.003753125000000024, "parameterCategory": 0, "parameterCategoryName": "Temperature", "parameterNumber": 0}, "data": [[28.57, 28.57, 28.57, 28.52, 28.53, 28.76, 28.75, 28.75, 28.75, 28.72, 28.75, 28.78, 29.07, 29.1, 29.06, 29.07, 29.29, 29.29, 29.29, 29.29], [28.57, 28.57, 28.57, 28.57, 28.53, 28.53, 28.74, 28.72, 28.71, 28.7, 28.75, 28.8, 29.09, 29.12, 29.08, 29.29, 29.29, 29.29, 29.28, 29.28], [28.57, 28.57, 28.57, 28.57, 28.53, 28.53, 28.54, 28.7, 28.63, 28.69, 28.77, 28.84, 29.13, 29.15, 29.3, 29.29, 29.29, 29.28, 29.28, 29.28], [28.57, 28.57, 28.57, 28.57, 28.57, 28.53, 28.54, 28.55, 28.56, 28.7, 28.79, 28.9, 29.19, 29.13, 29.3, 29.29, 29.28, 29.28, 29.27, 29.27], [28.56, 28.57, 28.57, 28.57, 28.57, 28.52, 28.53, 28.53, 28.53, 28.71, 28.8, 29.12, 29.23, 29.15, 29.3, 29.29, 29.27, 29.27, 29.27, 29.27], [28.56, 28.56, 28.56, 28.57, 28.57, 28.57, 28.52, 28.52, 28.51, 28.48, 28.94, 29.07, 29.17, 29.33, 29.3, 29.28, 29.26, 29.25, 29.26, 29.26], [28.54, 28.56, 28.56, 28.56, 28.56, 28.57, 28.5, 28.53, 28.52, 28.62, 28.64, 29.01, 29.36, 29.35, 29.3, 29.27, 29.24, 29.23, 29.22, 29.22], [28.54, 28.54, 28.54, 28.54, 28.54, 28.49, 28.5, 28.53, 28.61, 28.58, 28.45, 29.06, 29.07, 29.35, 29.27, 29.3, 29.25, 29.24, 29.26, 29.28], [28.56, 28.56, 28.54, 28.54, 28.54, 28.54, 28.55, 28.51, 28.5, 28.64, 28.72, 28.88, 28.96, 28.86, 29.28, 29.3, 29.28, 29.27, 29.27, 29.28], [28.5, 28.5, 28.5, 28.55, 28.54, 28.52, 28.53, 28.55, 28.43, 28.45, 28.97, 28.78, 28.84, 28.82, 29.28, 29.31, 29.3, 29.29, 29.29, 29.29], [28.5, 28.5, 28.5, 28.5, 28.5, 28.5, 28.5, 28.5, 28.54, 28.5, 28.3, 28.72, 28.77, 28.77, 29.28, 29.32, 29.31, 29.3, 29.3, 29.3], [28.5, 28.5, 28.5, 28.5, 28.5, 28.5, 28.5, 28.5, 28.5, -999.0, 28.3, 29.4, 29.4, 28.74, 29.28, 29.33, 29.32, 28.52, 28.53, 28.54], [28.5, 28.5, 28.5, 28.5, 28.5, 28.5, 28.5, 28.5, 28.5, 28.5, -999.0, 29.4, 29.4, 28.49, 28.89, 28.76, 28.77, 28.62, 28.65, 28.66], [28.5, 28.5, 28.5, 28.5, 28.5, 28.5, 28.5, 28.5, 28.5, 28.5, -999.0, 28.0, 28.0, 28.0, 28.77, 28.66, 28.68, 28.53, 28.56, 28.59], [28.5, 28.5, 28.5, 28.5, 28.5, 28.5, 28.5, 28.2, 28.2, 28.2, 28.2, 28.12, 28.0, 28.0, 28.0, 28.55, 28.59, 28.45, 28.49, 28.53], [28.5, 28.5, 28.31, 28.31, 28.3, 28.2, 28.2, 28.2, 28.2, 28.2, 28.07, 28.09, 28.07, 28.05, 28.07, 28.07, 28.08, 28.06, 28.37, 28.39], [28.31, 28.31, 28.39, 28.39, 28.2, 28.2, 28.2, 28.2, 28.2, 28.2, 28.11, 28.09, 28.06, 28.04, 28.05, 27.93, 27.91, 27.89, 27.87, 27.86], [28.39, 28.39, 28.38, 28.38, 28.2, 28.2, 28.2, 28.2, 28.2, 28.15, 28.12, 28.09, 28.06, 28.05, 28.01, 27.94, 27.91, 27.88, 27.87, 27.86], [28.39, 28.38, 28.38, 28.2, 28.2, 28.2, 28.2, 28.2, 28.18, 28.16, 28.14, 28.12, 28.09, 28.06, 27.95, 27.92, 27.9, 27.87, 27.86, 27.85], [28.38, 28.38, 28.2, 28.2, 28.2, 28.2, 28.2, 28.2, 28.18, 28.17, 28.15, 28.13, 28.1, 28.09, 27.91, 27.89, 27.88, 27.86, 27.85, 27.84], [28.2, 28.2, 28.2, 28.2, 28.2, 28.2, 28.2, 28.2, 28.17, 28.16, 28.15, 28.13, 28.12, 27.88, 27.88, 27.87, 27.86, 27.85, 27.83, 27.82], [28.2, 28.2, 28.2, 28.2, 28.2, 28.2, 28.2, 28.2, 28.17, 28.16, 28.15, 28.14, 28.13, 27.86, 27.86, 27.86, 27.86, 27.84, 27.82, 27.81], [28.2, 28.2, 28.2, 28.2, 28.2, 28.2, 28.2, 28.2, 28.2, 28.2, 28.2, 28.2, 27.93, 27.84, 27.85, 27.86, 27.89, 27.84, 27.79, 27.79], [28.2, 28.2, 28.2, 28.2, 28.2, 28.2, 28.2, 28.2, 28.2, 28.2, 28.2, 28.2, 27.94, 27.9, 27.87, 27.85, 28.0, 27.75, 27.74, 27.76], [28.2, 28.2, 28.2, 28.2, 28.2, 28.2, 28.2, 28.2, 28.2, 28.2, 28.2, 28.2, 28.2, 27.9, 27.85, 27.81, 27.7, 27.58, 27.7, 27.75], [28.2, 28.2, 28.2, 28.2, 28.2, 28.2, 28.2, 28.2, 28.2, 28.2, 28.2, 28.2, 28.2, 27.89, 27.85, 27.8, 27.74, 27.7, 27.71, 27.74], [28.2, 28.2, 28.2, 28.2, 28.2, 28.2, 28.2, 28.2, 28.2, 28.2, 28.2, 28.2, 28.2, 27.91, 27.86, 27.82, 27.78, 27.76, 27.77, 27.78], [28.2, 28.2, 28.2, 28.2, 28.2, 28.2, 28.2, 28.2, 28.2, 28.2, 28.2, 28.07, 28.01, 27.94, 27.89, 27.85, 27.82, 27.8, 27.8, 27.8], [28.2, 28.2, 28.2, 28.2, 28.2, 28.2, 28.2, 28.2, 28.2, 28.2, 28.17, 28.09, 28.03, 27.96, 27.91, 27.87, 27.85, 27.83, 27.82, 27.82], [28.2, 28.2, 28.2, 28.2, 28.2, 28.2, 28.2, 28.2, 28.09, 28.12, 28.14, 28.09, 28.03, 27.97, 27.93, 27.89, 27.87, 27.85, 27.84, 27.84], [28.2, 28.2, 28.2, 28.2, 28.2, 28.2, 28.2, 28.2, 28.08, 28.09, 28.09, 28.06, 28.02, 27.98, 27.94, 27.91, 27.88, 27.87, 27.86, 27.85], [28.2, 28.2, 28.2, 28.2, 28.2, 28.2, 28.2, 28.05, 28.06, 28.06, 28.06, 28.04, 28.01, 27.97, 27.94, 27.92, 27.9, 27.88, 27.87, 27.86]]}]