gis_exercise/awsData/contour/wdir_2023091017.json
[{"header": {"refTime": "2023-09-10T17:00:00.000Z", "nx": 21, "ny": 33, "lo1": 113.509, "la1": 22.2235, "lo2": 113.5947, "la2": 22.1034, "dx": 0.0042850000000001385, "dy": 0.003753125000000024, "parameterCategory": 2, "parameterCategoryName": "Temperature", "parameterNumber": 2}, "data": [-0.6, -0.61, -0.61, -0.97, -0.93, -1.4, -1.31, -1.23, -1.21, -0.96, -1.1, -1.23, -1.94, -2.04, -2.24, -2.31, -3.12, -3.14, -3.15, -3.16, -0.59, -0.6, -0.61, -0.62, -0.94, -0.88, -1.24, -1.07, -0.96, -0.86, -1.09, -1.3, -2.02, -2.11, -2.3, -3.1, -3.13, -3.15, -3.16, -3.17, -0.59, -0.6, -0.61, -0.63, -0.97, -0.91, -0.81, -0.94, -0.44, -0.78, -1.14, -1.42, -2.16, -2.23, -3.06, -3.11, -3.14, -3.17, -3.18, -3.19, -0.57, -0.59, -0.61, -0.64, -0.66, -0.98, -0.9, -0.75, -0.62, -0.9, -1.27, -1.65, -2.36, -2.41, -3.06, -3.12, -3.16, -3.19, -3.21, -3.21, -0.56, -0.57, -0.6, -0.63, -0.68, -1.08, -1.04, -0.99, -0.93, -1.07, -1.38, -2.4, -2.63, -2.47, -3.06, -3.14, -3.21, -3.24, -3.24, -3.23, -0.53, -0.55, -0.57, -0.61, -0.69, -0.79, -1.22, -1.25, -1.21, -1.09, -2.0, -2.3, -2.51, -3.0, -3.09, -3.18, -3.27, -3.31, -3.29, -3.26, -1.09, -0.5, -0.52, -0.56, -0.64, -0.79, -1.1, -1.55, -1.54, -1.67, -1.55, -2.16, -3.07, -3.08, -3.12, -3.23, -3.36, -3.41, -3.39, -3.36, -1.05, -1.02, -0.99, -1.32, -1.34, -0.74, -1.04, -1.57, -2.21, -1.56, -0.99, -2.52, -2.8, -3.15, -3.35, -3.4, -3.45, -3.47, -3.44, -3.42, -1.02, -0.97, -0.91, -0.82, -1.09, -1.16, -1.49, -1.2, -2.13, -1.75, -2.01, -2.63, -3.03, -2.84, -3.36, -3.39, -3.42, -3.43, -3.42, -3.41, -1.39, -1.31, -1.19, -0.69, -0.45, -0.58, -1.13, -1.75, -2.33, -2.13, -2.34, -2.72, -3.06, -2.86, -3.36, -3.38, -3.4, -3.41, -3.41, -3.4, -1.41, -1.33, -1.21, -1.0, -0.56, 0.74, -0.97, -1.95, -2.34, -2.5, -2.69, -2.63, -2.77, -2.75, -3.36, -3.37, -3.38, -3.39, -3.39, -3.39, -1.45, -1.39, -1.3, -1.16, -0.95, -0.85, -1.56, -2.57, -3.01, -3.39, -2.85, -3.46, -3.43, -2.66, -3.36, -3.37, -3.38, -3.03, -3.03, -3.02, -1.5, -1.46, -1.43, -1.4, -1.43, -1.65, -2.06, -2.55, -2.86, -2.53, -3.31, -3.48, -3.45, -2.87, -2.83, -2.92, -2.92, -2.93, -2.94, -2.95, -1.55, -1.55, -1.55, -1.58, -1.69, -1.94, -2.27, -2.31, -2.43, -2.38, -3.26, -3.1, -3.0, -2.91, -2.69, -2.78, -2.8, -2.82, -2.85, -2.87, -1.61, -1.61, -1.64, -1.7, -1.8, -1.96, -2.11, -2.55, -2.6, -2.59, -2.55, -2.31, -2.85, -2.75, -2.68, -2.61, -2.66, -2.71, -2.76, -2.8, -1.65, -1.67, -0.97, -1.04, -1.14, -2.39, -2.38, -2.38, -2.37, -2.37, -2.21, -2.16, -2.11, -2.0, -2.0, -2.24, -2.29, -2.34, -2.41, -2.45, -0.93, -0.96, -1.0, -1.05, -2.31, -2.27, -2.21, -2.13, -2.1, -2.13, -2.03, -2.04, -2.01, -1.96, -1.79, -1.93, -1.97, -2.01, -2.03, -2.05, -0.95, -0.98, -1.01, -1.05, -2.22, -2.14, -2.01, -1.83, -1.75, -1.51, -1.59, -1.95, -1.95, -1.78, -1.8, -1.91, -1.98, -2.02, -2.05, -2.06, -0.96, -0.98, -1.01, -2.21, -2.14, -2.04, -1.86, -1.57, -1.22, -1.42, -1.5, -1.59, -1.73, -1.78, -1.9, -1.95, -2.01, -2.04, -2.06, -2.08, -0.97, -0.99, -1.79, -1.76, -1.72, -1.66, -1.56, -1.43, -1.3, -1.41, -1.52, -1.6, -1.73, -1.79, -1.99, -2.02, -2.05, -2.08, -2.09, -2.1, -1.81, -1.8, -1.78, -1.76, -1.72, -1.68, -1.62, -1.55, -1.46, -1.51, -1.57, -1.63, -1.76, -2.04, -2.06, -2.08, -2.1, -2.12, -2.12, -2.12, -1.81, -1.8, -1.79, -1.77, -1.74, -1.72, -1.69, -1.31, -1.59, -1.62, -1.65, -1.67, -2.08, -2.09, -2.11, -2.14, -2.16, -2.16, -2.15, -2.14, -1.81, -1.8, -1.79, -1.26, -1.28, -1.31, -1.34, -1.38, -1.42, -1.44, -1.41, -1.88, -2.18, -2.12, -2.14, -2.18, -2.22, -2.2, -2.17, -2.15, -1.23, -1.24, -1.25, -1.26, -1.29, -1.32, -1.37, -1.45, -1.54, -1.59, -1.51, -1.71, -2.17, -2.19, -2.21, -2.2, -2.31, -2.2, -2.17, -2.15, -1.22, -1.23, -1.24, -1.26, -1.28, -1.32, -1.38, -1.49, -1.68, -1.84, -1.59, -1.67, -1.67, -2.19, -2.2, -2.21, -2.17, -2.13, -2.16, -2.15, -1.21, -1.22, -1.23, -1.25, -1.27, -1.3, -1.36, -1.45, -1.63, -1.78, -1.67, -1.57, -1.57, -2.18, -2.19, -1.92, -2.0, -2.01, -2.15, -2.15, -1.2, -1.21, -1.22, -1.23, -1.24, -1.26, -1.29, -1.33, -1.38, -1.36, -1.41, -1.38, -1.44, -1.53, -1.69, -1.82, -1.89, -1.92, -1.92, -1.9, -1.19, -1.2, -1.2, -1.2, -1.2, -1.21, -1.2, -1.18, -1.12, -1.12, -1.03, -1.08, -1.21, -1.33, -1.59, -1.71, -1.79, -1.84, -1.85, -1.85, -1.18, -1.18, -1.18, -1.18, -1.17, -1.15, -1.13, -1.06, -0.94, -0.79, -0.51, -0.87, -1.1, -1.25, -1.49, -1.62, -1.71, -1.76, -1.78, -1.8, -1.17, -1.17, -1.16, -1.15, -1.14, -1.11, -1.07, -1.0, -0.98, -0.76, -0.62, -0.85, -1.05, -1.2, -1.43, -1.55, -1.63, -1.69, -1.73, -1.74, -1.16, -1.15, -1.15, -1.13, -1.11, -1.09, -1.04, -0.98, -1.01, -0.9, -0.86, -0.95, -1.08, -1.19, -1.39, -1.5, -1.58, -1.64, -1.68, -1.7, -1.15, -1.14, -1.13, -1.12, -1.1, -1.07, -1.03, -1.14, -1.07, -1.02, -1.0, -1.05, -1.12, -1.2, -1.37, -1.46, -1.54, -1.59, -1.63, -1.66]}, {"header": {"refTime": "2023-09-10T17:00:00.000Z", "nx": 21, "ny": 33, "lo1": 113.509, "la1": 22.2235, "lo2": 113.5947, "la2": 22.1034, "dx": 0.0042850000000001385, "dy": 0.003753125000000024, "parameterCategory": 2, "parameterCategoryName": "Temperature", "parameterNumber": 3}, "data": [0.57, 0.56, 0.54, 0.6, 0.56, 0.92, 0.85, 0.78, 0.77, 0.75, 0.91, 1.07, 1.84, 1.95, 2.32, 2.44, 3.52, 3.57, 3.6, 3.62, 0.58, 0.57, 0.55, 0.53, 0.57, 0.51, 0.78, 0.62, 0.53, 0.62, 0.9, 1.13, 1.92, 2.03, 2.4, 3.47, 3.54, 3.6, 3.63, 3.65, 0.59, 0.59, 0.57, 0.55, 0.6, 0.54, 0.43, 0.49, 0.04, 0.52, 0.95, 1.27, 2.06, 2.15, 3.37, 3.48, 3.57, 3.64, 3.68, 3.7, 0.61, 0.6, 0.59, 0.58, 0.56, 0.59, 0.51, 0.37, 0.24, 0.68, 1.11, 1.5, 2.26, 2.46, 3.36, 3.51, 3.63, 3.71, 3.74, 3.75, 0.62, 0.62, 0.62, 0.62, 0.61, 0.68, 0.65, 0.6, 0.57, 0.93, 1.27, 2.43, 2.54, 2.5, 3.37, 3.58, 3.74, 3.82, 3.84, 3.81, 0.63, 0.64, 0.64, 0.65, 0.67, 0.69, 0.8, 0.82, 0.82, 0.8, 2.18, 2.4, 2.52, 3.04, 3.44, 3.68, 3.9, 3.99, 3.95, 3.88, 1.11, 0.65, 0.66, 0.68, 0.7, 0.76, 1.08, 1.03, 1.06, 1.59, 1.65, 2.4, 3.24, 3.22, 3.54, 3.79, 4.12, 4.25, 4.06, 3.94, 1.1, 1.09, 1.08, 1.43, 1.42, 0.97, 1.06, 1.23, 1.53, 1.49, 1.21, 2.87, 3.17, 3.35, 3.86, 4.03, 4.24, 4.32, 4.2, 4.13, 1.09, 1.08, 1.06, 1.03, 1.33, 1.35, 1.45, 1.11, 1.57, 1.65, 2.31, 2.93, 3.27, 3.11, 3.83, 3.97, 4.1, 4.16, 4.14, 4.1, 1.49, 1.45, 1.4, 0.99, 0.92, 1.13, 1.37, 1.62, 1.79, 1.69, 2.63, 2.98, 3.27, 3.1, 3.81, 3.92, 4.01, 4.06, 4.07, 4.05, 1.49, 1.46, 1.41, 1.32, 1.13, 0.57, 1.34, 1.83, 2.02, 1.96, 2.56, 2.9, 3.02, 3.01, 3.81, 3.89, 3.95, 3.99, 4.01, 4.01, 1.5, 1.48, 1.43, 1.37, 1.28, 1.24, 1.58, 2.17, 2.45, 2.76, 2.62, 3.39, 3.42, 2.92, 3.82, 3.87, 3.92, 3.46, 3.47, 3.47, 1.52, 1.5, 1.48, 1.46, 1.45, 1.52, 1.67, 2.07, 2.32, 2.12, 2.75, 3.35, 3.39, 3.04, 2.99, 3.24, 3.27, 3.3, 3.33, 3.35, 1.54, 1.53, 1.53, 1.53, 1.55, 1.59, 1.58, 1.83, 2.0, 2.0, 2.69, 2.81, 2.76, 2.71, 2.82, 3.05, 3.09, 3.14, 3.19, 3.23, 1.56, 1.56, 1.56, 1.57, 1.6, 1.63, 1.68, 2.03, 2.13, 2.18, 2.18, 2.21, 2.62, 2.55, 2.5, 2.83, 2.9, 2.99, 3.06, 3.12, 1.58, 1.58, 1.3, 1.32, 1.34, 1.99, 1.99, 2.03, 2.08, 2.11, 2.19, 2.14, 2.07, 2.14, 2.12, 2.35, 2.43, 2.51, 2.81, 2.89, 1.3, 1.32, 1.33, 1.36, 2.02, 2.01, 2.01, 2.02, 2.03, 2.06, 2.11, 2.07, 2.01, 1.93, 1.9, 1.97, 2.05, 2.11, 2.16, 2.19, 1.33, 1.34, 1.36, 1.39, 2.02, 2.01, 2.0, 1.99, 1.98, 1.78, 1.76, 2.03, 1.97, 1.9, 1.76, 1.94, 2.06, 2.13, 2.18, 2.21, 1.35, 1.36, 1.39, 2.03, 2.02, 2.01, 1.99, 1.95, 1.86, 1.81, 1.78, 1.76, 2.02, 1.96, 1.93, 2.01, 2.11, 2.18, 2.22, 2.24, 1.36, 1.38, 1.68, 1.69, 1.7, 1.72, 1.75, 1.79, 1.84, 1.8, 1.77, 1.76, 2.08, 2.07, 2.09, 2.14, 2.2, 2.24, 2.26, 2.27, 1.67, 1.67, 1.68, 1.69, 1.7, 1.71, 1.73, 1.75, 1.79, 1.77, 1.76, 1.74, 2.15, 2.18, 2.21, 2.26, 2.3, 2.32, 2.32, 2.31, 1.67, 1.67, 1.68, 1.68, 1.69, 1.7, 1.71, 1.54, 1.74, 1.74, 1.73, 1.73, 2.11, 2.26, 2.31, 2.36, 2.41, 2.4, 2.37, 2.34, 1.67, 1.67, 1.68, 1.42, 1.44, 1.45, 1.47, 1.47, 1.47, 1.46, 1.44, 2.06, 2.17, 2.32, 2.37, 2.46, 2.55, 2.48, 2.4, 2.36, 1.38, 1.38, 1.39, 1.4, 1.4, 1.41, 1.42, 1.43, 1.44, 1.45, 1.42, 1.68, 2.14, 2.26, 2.36, 2.49, 2.79, 2.44, 2.37, 2.35, 1.36, 1.36, 1.36, 1.37, 1.37, 1.37, 1.38, 1.4, 1.44, 1.49, 1.4, 1.61, 1.72, 2.23, 2.33, 2.4, 2.36, 2.22, 2.33, 2.34, 1.34, 1.34, 1.34, 1.34, 1.33, 1.33, 1.33, 1.35, 1.4, 1.45, 1.49, 1.52, 1.63, 2.21, 2.29, 2.17, 2.21, 2.2, 2.32, 2.33, 1.32, 1.32, 1.31, 1.31, 1.3, 1.29, 1.28, 1.27, 1.27, 1.24, 1.34, 1.39, 1.51, 1.79, 1.94, 2.06, 2.12, 2.14, 2.14, 2.13, 1.31, 1.3, 1.29, 1.28, 1.26, 1.24, 1.22, 1.18, 1.12, 1.14, 1.09, 1.04, 1.14, 1.24, 1.83, 1.95, 2.03, 2.07, 2.08, 2.08, 1.29, 1.28, 1.27, 1.25, 1.23, 1.21, 1.17, 1.11, 1.0, 0.92, 0.67, 0.9, 1.06, 1.18, 1.74, 1.86, 1.94, 1.99, 2.02, 2.03, 1.28, 1.27, 1.25, 1.23, 1.21, 1.18, 1.13, 1.07, 0.97, 0.83, 0.74, 0.89, 1.04, 1.15, 1.67, 1.79, 1.87, 1.93, 1.97, 1.98, 1.27, 1.25, 1.24, 1.22, 1.19, 1.16, 1.12, 1.06, 1.0, 0.93, 0.9, 0.96, 1.05, 1.14, 1.63, 1.74, 1.82, 1.88, 1.92, 1.94, 1.26, 1.24, 1.23, 1.21, 1.18, 1.15, 1.12, 1.08, 1.04, 1.0, 1.0, 1.03, 1.09, 1.15, 1.62, 1.71, 1.78, 1.84, 1.88, 1.91]}, {"header": {"refTime": "2023-09-10T17:00:00.000Z", "nx": 21, "ny": 33, "lo1": 113.509, "la1": 22.2235, "lo2": 113.5947, "la2": 22.1034, "dx": 0.0042850000000001385, "dy": 0.003753125000000024, "parameterCategory": 0, "parameterCategoryName": "Temperature", "parameterNumber": 0}, "data": [[25.6, 25.59, 25.59, 25.28, 25.3, 25.57, 25.57, 25.58, 25.59, 25.48, 25.47, 25.47, 25.73, 25.73, 25.68, 25.68, 25.73, 25.72, 25.72, 25.72], [25.6, 25.59, 25.59, 25.59, 25.29, 25.32, 25.57, 25.58, 25.59, 25.49, 25.48, 25.48, 25.73, 25.74, 25.69, 25.73, 25.73, 25.72, 25.72, 25.71], [25.6, 25.6, 25.59, 25.59, 25.29, 25.31, 25.36, 25.58, 25.6, 25.51, 25.48, 25.49, 25.74, 25.75, 25.74, 25.73, 25.72, 25.71, 25.71, 25.71], [25.6, 25.6, 25.59, 25.59, 25.58, 25.3, 25.33, 25.38, 25.44, 25.47, 25.47, 25.52, 25.76, 25.58, 25.74, 25.73, 25.71, 25.71, 25.7, 25.7], [25.61, 25.6, 25.6, 25.59, 25.58, 25.27, 25.28, 25.3, 25.29, 25.39, 25.42, 25.58, 25.71, 25.61, 25.74, 25.72, 25.7, 25.69, 25.69, 25.69], [25.61, 25.61, 25.61, 25.6, 25.58, 25.56, 25.24, 25.23, 25.2, 25.15, 25.38, 25.52, 25.64, 25.8, 25.74, 25.71, 25.68, 25.67, 25.67, 25.68], [25.63, 25.62, 25.62, 25.61, 25.6, 25.57, 25.3, 25.21, 25.18, 25.12, 25.1, 25.44, 25.8, 25.8, 25.73, 25.7, 25.65, 25.63, 25.64, 25.65], [25.64, 25.65, 25.65, 25.64, 25.63, 25.39, 25.33, 25.28, 25.26, 25.08, 24.88, 25.46, 25.47, 25.8, 25.67, 25.7, 25.65, 25.64, 25.66, 25.68], [25.56, 25.57, 25.67, 25.68, 25.68, 25.66, 25.59, 25.31, 25.11, 25.15, 25.12, 25.28, 25.36, 25.26, 25.68, 25.7, 25.68, 25.67, 25.67, 25.68], [25.9, 25.9, 25.9, 25.62, 25.66, 25.76, 25.69, 25.59, 24.96, 24.99, 25.37, 25.18, 25.24, 25.22, 25.68, 25.71, 25.7, 25.69, 25.69, 25.69], [25.9, 25.9, 25.9, 25.9, 25.9, 25.9, 25.9, 25.9, 25.69, 25.09, 24.7, 25.12, 25.17, 25.17, 25.68, 25.72, 25.71, 25.7, 25.7, 25.7], [25.9, 25.9, 25.9, 25.9, 25.9, 25.9, 25.9, 25.9, 25.9, -999.0, 24.7, 25.8, 25.8, 25.14, 25.68, 25.73, 25.72, 25.03, 25.05, 25.05], [25.9, 25.9, 25.9, 25.9, 25.9, 25.9, 25.9, 25.9, 25.9, 25.9, -999.0, 25.8, 25.8, 25.02, 25.36, 25.24, 25.24, 25.12, 25.14, 25.15], [25.9, 25.9, 25.9, 25.9, 25.9, 25.9, 25.9, 25.9, 25.9, 25.9, -999.0, 24.6, 24.6, 24.6, 25.26, 25.15, 25.17, 25.04, 25.07, 25.09], [25.9, 25.9, 25.9, 25.9, 25.9, 25.9, 25.9, 25.8, 25.8, 25.8, 25.8, 25.34, 24.6, 24.6, 24.6, 25.06, 25.09, 24.97, 25.01, 25.04], [25.9, 25.9, 25.84, 25.84, 25.83, 25.8, 25.8, 25.8, 25.8, 25.8, 25.04, 25.13, 25.01, 24.92, 25.03, 24.82, 24.85, 24.79, 25.02, 25.05], [25.84, 25.84, 25.86, 25.86, 25.8, 25.8, 25.8, 25.8, 25.8, 25.8, 25.28, 25.14, 24.98, 24.83, 24.81, 24.78, 24.84, 24.89, 24.93, 24.95], [25.86, 25.86, 25.86, 25.86, 25.8, 25.8, 25.8, 25.8, 25.8, 25.5, 25.33, 25.15, 24.97, 24.82, 24.63, 24.76, 24.85, 24.9, 24.94, 24.97], [25.86, 25.86, 25.86, 25.8, 25.8, 25.8, 25.8, 25.8, 25.69, 25.57, 25.44, 25.29, 25.04, 24.89, 24.74, 24.81, 24.88, 24.94, 24.97, 24.99], [25.86, 25.86, 25.74, 25.75, 25.75, 25.75, 25.76, 25.78, 25.68, 25.58, 25.45, 25.33, 25.09, 25.0, 24.86, 24.9, 24.95, 24.98, 25.0, 25.01], [25.74, 25.74, 25.74, 25.76, 25.76, 25.76, 25.77, 25.77, 25.59, 25.54, 25.46, 25.37, 25.14, 24.93, 24.95, 24.98, 25.01, 25.03, 25.04, 25.04], [25.75, 25.75, 25.75, 25.76, 25.76, 25.76, 25.76, 25.82, 25.56, 25.52, 25.47, 25.41, 25.15, 24.99, 25.02, 25.05, 25.08, 25.09, 25.08, 25.07], [25.75, 25.75, 25.75, 25.84, 25.83, 25.83, 25.82, 25.82, 25.81, 25.81, 25.81, 25.6, 25.39, 25.03, 25.06, 25.1, 25.14, 25.13, 25.12, 25.1], [25.85, 25.85, 25.85, 25.84, 25.84, 25.83, 25.82, 25.81, 25.79, 25.79, 25.8, 25.68, 25.4, 25.34, 25.29, 25.13, 25.18, 25.17, 25.14, 25.11], [25.85, 25.85, 25.85, 25.85, 25.84, 25.84, 25.83, 25.81, 25.77, 25.74, 25.79, 25.7, 25.66, 25.35, 25.3, 25.26, 25.17, 25.17, 25.14, 25.12], [25.86, 25.86, 25.86, 25.85, 25.85, 25.85, 25.84, 25.82, 25.79, 25.76, 25.74, 25.73, 25.7, 25.36, 25.31, 25.34, 25.29, 25.28, 25.13, 25.12], [25.86, 25.86, 25.86, 25.86, 25.86, 25.86, 25.85, 25.85, 25.84, 25.85, 25.8, 25.78, 25.74, 25.52, 25.45, 25.39, 25.35, 25.33, 25.33, 25.34], [25.87, 25.87, 25.87, 25.87, 25.87, 25.87, 25.88, 25.88, 25.9, 25.87, 25.89, 25.85, 25.79, 25.72, 25.5, 25.44, 25.4, 25.37, 25.37, 25.37], [25.87, 25.87, 25.87, 25.87, 25.88, 25.88, 25.89, 25.91, 25.94, 25.96, 26.03, 25.91, 25.82, 25.75, 25.54, 25.48, 25.44, 25.41, 25.4, 25.4], [25.87, 25.87, 25.88, 25.88, 25.89, 25.89, 25.91, 25.92, 25.89, 25.95, 25.99, 25.91, 25.83, 25.77, 25.57, 25.51, 25.47, 25.44, 25.43, 25.42], [25.88, 25.88, 25.88, 25.89, 25.89, 25.9, 25.91, 25.93, 25.87, 25.9, 25.91, 25.88, 25.82, 25.77, 25.59, 25.54, 25.5, 25.47, 25.45, 25.44], [25.88, 25.88, 25.88, 25.89, 25.89, 25.9, 25.91, 25.83, 25.85, 25.86, 25.86, 25.84, 25.81, 25.77, 25.6, 25.55, 25.52, 25.49, 25.47, 25.46]]}]