gis_exercise/awsData/contour/wdir_2023090314.json
[{"header": {"refTime": "2023-09-03T14:00:00.000Z", "nx": 21, "ny": 33, "lo1": 113.509, "la1": 22.2235, "lo2": 113.5947, "la2": 22.1034, "dx": 0.0042850000000001385, "dy": 0.003753125000000024, "parameterCategory": 2, "parameterCategoryName": "Temperature", "parameterNumber": 2}, "data": [-2.73, -2.72, -2.7, -2.49, -2.46, -2.68, -2.62, -2.56, -2.53, -2.17, -2.21, -2.26, -2.5, -2.52, -2.94, -3.0, -3.22, -3.24, -3.26, -3.28, -2.74, -2.73, -2.72, -2.69, -2.48, -2.43, -2.59, -2.47, -2.39, -2.15, -2.22, -2.28, -2.53, -2.55, -2.96, -3.19, -3.23, -3.27, -3.29, -3.3, -2.75, -2.74, -2.73, -2.71, -2.5, -2.46, -2.38, -2.4, -2.1, -2.12, -2.23, -2.33, -2.58, -2.59, -3.13, -3.2, -3.26, -3.3, -3.33, -3.34, -2.76, -2.76, -2.76, -2.75, -2.73, -2.51, -2.45, -2.34, -2.24, -2.15, -2.27, -2.4, -2.66, -2.6, -3.13, -3.22, -3.31, -3.36, -3.38, -3.38, -2.77, -2.78, -2.78, -2.78, -2.78, -2.59, -2.57, -2.52, -2.47, -2.18, -2.29, -2.61, -2.76, -2.63, -3.13, -3.27, -3.38, -3.45, -3.45, -3.43, -2.78, -2.79, -2.8, -2.81, -2.84, -2.87, -2.72, -2.74, -2.68, -2.54, -2.38, -2.53, -2.66, -2.89, -3.15, -3.33, -3.51, -3.59, -3.55, -3.49, -3.87, -2.8, -2.81, -2.83, -2.87, -2.94, -2.99, -3.02, -2.99, -2.66, -2.4, -2.41, -2.86, -2.89, -3.18, -3.4, -3.7, -3.8, -3.73, -3.64, -3.87, -3.83, -3.79, -3.75, -3.74, -2.87, -3.0, -3.28, -3.55, -2.6, -2.04, -2.54, -2.66, -2.92, -3.29, -3.49, -3.73, -3.82, -3.69, -3.6, -3.87, -3.83, -3.76, -3.69, -3.62, -3.64, -3.79, -3.08, -3.64, -2.71, -2.4, -2.67, -2.92, -2.8, -3.28, -3.43, -3.58, -3.64, -3.61, -3.57, -4.41, -4.34, -4.24, -3.64, -3.45, -3.34, -3.66, -4.02, -3.92, -3.68, -2.56, -2.77, -2.98, -2.83, -3.28, -3.38, -3.47, -3.53, -3.53, -3.52, -4.43, -4.37, -4.27, -4.09, -3.71, -2.6, -4.0, -4.72, -4.55, -4.15, -3.65, -2.72, -2.79, -2.78, -3.28, -3.35, -3.41, -3.46, -3.48, -3.48, -4.47, -4.43, -4.36, -4.25, -4.06, -3.98, -4.53, -5.16, -5.4, -5.27, -3.94, -3.87, -3.71, -2.72, -3.28, -3.33, -3.38, -3.54, -3.56, -3.56, -4.52, -4.5, -4.48, -4.47, -4.52, -4.76, -5.15, -5.28, -5.37, -5.18, -5.08, -4.03, -3.86, -3.05, -3.05, -3.45, -3.48, -3.5, -3.51, -3.52, -4.58, -4.58, -4.59, -4.64, -4.78, -5.09, -5.6, -5.28, -5.21, -5.13, -5.14, -4.2, -4.03, -3.91, -3.06, -3.41, -3.43, -3.45, -3.47, -3.49, -4.62, -4.64, -4.68, -4.75, -4.87, -5.06, -5.21, -4.86, -4.65, -4.48, -4.34, -3.41, -3.96, -3.83, -3.76, -3.37, -3.39, -3.42, -3.44, -3.46, -4.66, -4.69, -3.35, -3.44, -3.54, -4.47, -4.43, -4.28, -4.11, -4.01, -3.17, -3.18, -3.18, -2.68, -2.75, -3.27, -3.29, -3.32, -3.53, -3.55, -3.19, -3.22, -3.24, -3.26, -4.12, -4.01, -3.82, -3.56, -3.39, -3.42, -2.84, -2.97, -3.06, -3.11, -2.93, -3.22, -3.25, -3.27, -3.29, -3.3, -3.13, -3.13, -3.12, -3.08, -3.82, -3.59, -3.22, -2.72, -2.46, -2.28, -2.58, -2.81, -2.97, -2.9, -3.11, -3.21, -3.25, -3.28, -3.3, -3.31, -3.07, -3.04, -3.0, -3.77, -3.58, -3.28, -2.78, -1.97, -1.17, -1.92, -2.17, -2.49, -2.61, -2.84, -3.21, -3.24, -3.27, -3.3, -3.31, -3.32, -3.01, -2.97, -3.46, -3.35, -3.18, -2.93, -2.54, -2.0, -1.44, -1.86, -2.26, -2.54, -2.57, -2.77, -3.26, -3.28, -3.3, -3.32, -3.33, -3.33, -3.56, -3.51, -3.43, -3.33, -3.19, -3.0, -2.76, -2.5, -2.04, -2.23, -2.47, -2.65, -2.57, -3.3, -3.31, -3.33, -3.34, -3.35, -3.35, -3.34, -3.55, -3.5, -3.44, -3.36, -3.26, -3.15, -3.03, -2.19, -2.55, -2.66, -2.76, -2.84, -3.77, -3.33, -3.35, -3.37, -3.39, -3.38, -3.36, -3.35, -3.55, -3.51, -3.46, -2.29, -2.32, -2.37, -2.44, -2.55, -2.68, -2.75, -2.72, -3.22, -3.83, -3.35, -3.37, -3.41, -3.45, -3.41, -3.37, -3.35, -2.28, -2.3, -2.33, -2.37, -2.42, -2.51, -2.65, -2.86, -3.13, -3.26, -3.08, -3.53, -3.85, -3.73, -3.63, -3.42, -3.57, -3.38, -3.35, -3.35, -2.31, -2.34, -2.37, -2.42, -2.49, -2.6, -2.78, -3.07, -3.55, -3.96, -3.37, -3.5, -3.37, -3.74, -3.63, -3.54, -3.34, -3.26, -3.33, -3.34, -2.33, -2.36, -2.4, -2.45, -2.52, -2.63, -2.8, -3.06, -3.51, -3.86, -3.63, -3.35, -3.25, -3.75, -3.65, -3.08, -3.14, -3.15, -3.33, -3.33, -2.34, -2.37, -2.4, -2.45, -2.51, -2.6, -2.71, -2.86, -3.02, -3.03, -3.15, -3.04, -3.05, -2.66, -2.83, -2.96, -3.04, -3.06, -3.06, -3.05, -2.35, -2.37, -2.4, -2.44, -2.48, -2.53, -2.58, -2.61, -2.57, -2.68, -2.5, -2.54, -2.68, -2.78, -2.72, -2.85, -2.93, -2.98, -2.99, -2.99, -2.35, -2.37, -2.39, -2.42, -2.44, -2.46, -2.46, -2.41, -2.26, -2.13, -1.68, -2.2, -2.5, -2.68, -2.62, -2.75, -2.84, -2.9, -2.92, -2.94, -2.34, -2.36, -2.37, -2.39, -2.4, -2.4, -2.37, -2.3, -2.41, -2.06, -1.84, -2.16, -2.44, -2.61, -2.55, -2.67, -2.77, -2.83, -2.86, -2.88, -2.33, -2.35, -2.36, -2.36, -2.36, -2.35, -2.32, -2.25, -2.44, -2.26, -2.19, -2.3, -2.46, -2.6, -2.51, -2.62, -2.71, -2.77, -2.81, -2.84, -2.33, -2.33, -2.34, -2.34, -2.34, -2.32, -2.29, -2.61, -2.51, -2.42, -2.39, -2.43, -2.52, -2.62, -2.49, -2.59, -2.67, -2.72, -2.77, -2.8]}, {"header": {"refTime": "2023-09-03T14:00:00.000Z", "nx": 21, "ny": 33, "lo1": 113.509, "la1": 22.2235, "lo2": 113.5947, "la2": 22.1034, "dx": 0.0042850000000001385, "dy": 0.003753125000000024, "parameterCategory": 2, "parameterCategoryName": "Temperature", "parameterNumber": 3}, "data": [0.59, 0.57, 0.55, 0.45, 0.43, 0.66, 0.63, 0.6, 0.6, 0.75, 0.86, 0.98, 1.35, 1.42, 1.76, 1.84, 2.45, 2.47, 2.49, 2.51, 0.6, 0.59, 0.56, 0.54, 0.43, 0.41, 0.58, 0.5, 0.47, 0.65, 0.85, 1.02, 1.41, 1.48, 1.81, 2.42, 2.46, 2.49, 2.52, 2.53, 0.62, 0.6, 0.58, 0.55, 0.44, 0.41, 0.37, 0.43, 0.19, 0.58, 0.89, 1.11, 1.51, 1.56, 2.36, 2.43, 2.48, 2.52, 2.55, 2.56, 0.63, 0.62, 0.6, 0.58, 0.54, 0.44, 0.4, 0.34, 0.28, 0.7, 1.0, 1.28, 1.67, 1.83, 2.35, 2.45, 2.52, 2.57, 2.59, 2.59, 0.66, 0.65, 0.63, 0.61, 0.58, 0.47, 0.45, 0.43, 0.43, 0.89, 1.13, 1.82, 1.94, 1.86, 2.36, 2.49, 2.59, 2.65, 2.66, 2.64, 0.68, 0.68, 0.67, 0.66, 0.63, 0.6, 0.5, 0.51, 0.54, 0.58, 1.63, 1.77, 1.88, 2.1, 2.39, 2.55, 2.71, 2.77, 2.74, 2.69, 1.38, 0.71, 0.71, 0.71, 0.69, 0.66, 0.83, 0.56, 0.59, 1.04, 1.17, 1.71, 2.13, 2.13, 2.43, 2.62, 2.87, 2.96, 2.84, 2.75, 1.4, 1.38, 1.36, 1.39, 1.36, 0.91, 0.84, 0.72, 0.68, 1.0, 1.05, 1.87, 2.0, 2.16, 2.51, 2.68, 2.89, 2.97, 2.85, 2.78, 1.42, 1.41, 1.39, 1.36, 1.39, 1.36, 1.3, 0.8, 1.02, 1.05, 1.63, 1.91, 2.1, 2.01, 2.48, 2.62, 2.75, 2.81, 2.78, 2.74, 2.03, 2.0, 1.96, 1.4, 1.37, 1.39, 1.43, 1.46, 1.37, 1.32, 1.78, 1.95, 2.11, 2.02, 2.47, 2.57, 2.66, 2.71, 2.71, 2.7, 2.03, 2.01, 1.97, 1.9, 1.75, 1.31, 1.88, 2.18, 1.84, 1.62, 2.02, 1.91, 1.97, 1.97, 2.47, 2.54, 2.6, 2.64, 2.66, 2.66, 2.05, 2.03, 2.0, 1.96, 1.88, 1.85, 2.08, 2.37, 2.5, 2.56, 2.12, 2.38, 2.35, 1.92, 2.47, 2.52, 2.57, 2.3, 2.31, 2.31, 2.07, 2.06, 2.05, 2.04, 2.05, 2.14, 2.28, 2.39, 2.46, 2.37, 2.52, 2.4, 2.37, 1.87, 1.84, 2.12, 2.15, 2.18, 2.2, 2.21, 2.09, 2.09, 2.09, 2.11, 2.15, 2.25, 2.41, 2.35, 2.36, 2.34, 2.52, 2.08, 1.99, 1.92, 1.73, 1.98, 2.02, 2.06, 2.1, 2.13, 2.11, 2.11, 2.12, 2.15, 2.19, 2.25, 2.31, 2.79, 2.86, 2.91, 2.95, 2.42, 1.87, 1.78, 1.73, 1.82, 1.88, 1.94, 2.0, 2.04, 2.12, 2.13, 2.45, 2.47, 2.5, 2.88, 2.9, 2.94, 2.99, 3.02, 2.58, 2.39, 2.16, 1.87, 1.76, 1.58, 1.66, 1.74, 2.03, 2.1, 2.49, 2.5, 2.52, 2.56, 2.98, 3.01, 3.06, 3.13, 3.17, 3.17, 2.64, 2.37, 2.06, 1.72, 1.54, 1.34, 1.45, 1.54, 1.6, 1.65, 2.53, 2.56, 2.59, 2.64, 3.06, 3.12, 3.21, 3.34, 3.4, 2.98, 2.67, 2.39, 2.01, 1.57, 1.1, 1.3, 1.47, 1.57, 1.63, 1.67, 2.57, 2.61, 2.65, 3.07, 3.12, 3.2, 3.32, 3.52, 3.62, 3.15, 2.54, 2.17, 2.09, 1.74, 1.28, 1.4, 1.54, 1.63, 1.68, 1.71, 2.61, 2.65, 2.68, 2.73, 2.79, 2.89, 3.04, 3.28, 3.27, 2.9, 2.5, 2.19, 2.23, 2.01, 1.5, 1.57, 1.65, 1.72, 1.75, 1.76, 2.61, 2.63, 2.65, 2.68, 2.73, 2.8, 2.89, 2.99, 2.79, 2.61, 2.37, 2.15, 2.35, 1.63, 1.67, 1.73, 1.79, 1.82, 1.82, 1.81, 2.59, 2.6, 2.61, 2.62, 2.65, 2.67, 2.7, 2.49, 2.42, 2.32, 2.2, 2.08, 1.65, 1.74, 1.8, 1.88, 1.93, 1.93, 1.89, 1.86, 2.56, 2.56, 2.56, 2.24, 2.25, 2.25, 2.23, 2.19, 2.12, 2.06, 2.04, 2.41, 1.81, 1.82, 1.89, 2.0, 2.11, 2.04, 1.93, 1.88, 2.16, 2.16, 2.16, 2.15, 2.13, 2.1, 2.04, 1.95, 1.83, 1.76, 1.81, 1.62, 1.78, 1.88, 1.97, 2.05, 2.39, 2.0, 1.92, 1.88, 2.12, 2.11, 2.09, 2.07, 2.03, 1.98, 1.9, 1.78, 1.6, 1.46, 1.63, 1.57, 1.69, 1.86, 1.94, 2.0, 1.91, 1.76, 1.87, 1.87, 2.08, 2.06, 2.04, 2.0, 1.96, 1.9, 1.81, 1.7, 1.55, 1.45, 1.44, 1.54, 1.65, 1.83, 1.9, 1.91, 1.89, 1.87, 1.86, 1.86, 2.04, 2.02, 1.99, 1.95, 1.9, 1.84, 1.76, 1.67, 1.58, 1.54, 1.44, 1.5, 1.6, 1.76, 1.82, 1.86, 1.87, 1.87, 1.88, 1.88, 2.01, 1.98, 1.95, 1.91, 1.86, 1.8, 1.73, 1.65, 1.57, 1.39, 1.39, 1.27, 1.28, 1.3, 1.77, 1.82, 1.84, 1.85, 1.86, 1.86, 1.98, 1.95, 1.92, 1.88, 1.83, 1.77, 1.71, 1.63, 1.53, 1.33, 1.22, 1.25, 1.27, 1.29, 1.73, 1.78, 1.81, 1.83, 1.84, 1.85, 1.96, 1.93, 1.9, 1.86, 1.81, 1.76, 1.7, 1.62, 1.26, 1.24, 1.23, 1.25, 1.27, 1.29, 1.7, 1.75, 1.78, 1.81, 1.82, 1.83, 1.95, 1.92, 1.89, 1.85, 1.81, 1.76, 1.7, 1.64, 1.26, 1.25, 1.25, 1.26, 1.27, 1.29, 1.69, 1.73, 1.76, 1.79, 1.8, 1.81, 1.93, 1.91, 1.88, 1.84, 1.8, 1.76, 1.71, 1.27, 1.27, 1.26, 1.26, 1.27, 1.28, 1.29, 1.68, 1.72, 1.75, 1.77, 1.79, 1.8]}, {"header": {"refTime": "2023-09-03T14:00:00.000Z", "nx": 21, "ny": 33, "lo1": 113.509, "la1": 22.2235, "lo2": 113.5947, "la2": 22.1034, "dx": 0.0042850000000001385, "dy": 0.003753125000000024, "parameterCategory": 0, "parameterCategoryName": "Temperature", "parameterNumber": 0}, "data": [[30.49, 30.5, 30.52, 30.6, 30.63, 30.76, 30.81, 30.85, 30.88, 31.03, 31.01, 30.99, 31.24, 31.24, 30.54, 30.47, 30.55, 30.5, 30.47, 30.45], [30.48, 30.49, 30.51, 30.54, 30.62, 30.67, 30.82, 30.91, 30.96, 31.06, 31.02, 30.99, 31.23, 31.24, 30.54, 30.59, 30.52, 30.46, 30.43, 30.41], [30.47, 30.48, 30.49, 30.52, 30.6, 30.65, 30.74, 30.94, 31.14, 31.08, 31.01, 30.98, 31.21, 31.22, 30.67, 30.57, 30.47, 30.4, 30.36, 30.35], [30.45, 30.46, 30.47, 30.48, 30.51, 30.6, 30.67, 30.79, 30.9, 31.04, 30.99, 30.97, 31.18, 31.08, 30.68, 30.53, 30.4, 30.31, 30.28, 30.28], [30.43, 30.44, 30.44, 30.45, 30.46, 30.52, 30.55, 30.6, 30.63, 30.97, 30.94, 31.06, 31.03, 31.08, 30.67, 30.46, 30.27, 30.16, 30.15, 30.19], [30.42, 30.42, 30.41, 30.41, 30.4, 30.39, 30.42, 30.4, 30.41, 30.46, 31.04, 31.08, 31.08, 31.23, 30.65, 30.35, 30.05, 29.93, 30.0, 30.1], [30.09, 30.4, 30.39, 30.38, 30.35, 30.31, 30.1, 30.19, 30.18, 30.51, 30.71, 31.15, 31.4, 31.36, 30.63, 30.25, 29.75, 29.56, 29.53, 29.65], [30.1, 30.1, 30.11, 30.1, 30.09, 30.17, 30.1, 29.96, 29.92, 30.48, 30.66, 31.36, 31.37, 31.35, 30.13, 30.4, 29.86, 29.66, 29.97, 30.18], [30.0, 30.01, 30.13, 30.14, 30.15, 30.12, 30.04, 30.06, 29.99, 30.51, 31.02, 31.18, 31.26, 31.16, 30.2, 30.5, 30.18, 30.05, 30.13, 30.25], [30.4, 30.4, 30.4, 30.07, 30.12, 30.24, 30.16, 30.04, 30.21, 30.16, 31.27, 31.08, 31.14, 31.12, 30.2, 30.61, 30.41, 30.3, 30.29, 30.34], [30.4, 30.4, 30.4, 30.4, 30.4, 30.4, 30.4, 30.4, 30.15, 30.01, 30.6, 31.02, 31.07, 31.07, 30.17, 30.69, 30.54, 30.46, 30.44, 30.45], [30.4, 30.4, 30.4, 30.4, 30.4, 30.4, 30.4, 30.4, 30.4, -999.0, 30.6, 31.7, 31.7, 31.04, 30.15, 30.77, 30.69, 29.6, 29.59, 29.59], [30.4, 30.4, 30.4, 30.4, 30.4, 30.4, 30.4, 30.4, 30.4, 30.4, -999.0, 31.7, 31.7, 30.52, 31.04, 29.45, 29.45, 29.54, 29.52, 29.52], [30.4, 30.4, 30.4, 30.4, 30.4, 30.4, 30.4, 30.4, 30.4, 30.4, -999.0, 29.9, 29.9, 29.9, 30.89, 29.51, 29.5, 29.59, 29.57, 29.56], [30.4, 30.4, 30.4, 30.4, 30.4, 30.4, 30.4, 31.3, 31.3, 31.3, 31.3, 30.76, 29.9, 29.9, 29.9, 29.58, 29.56, 29.64, 29.61, 29.59], [30.4, 30.4, 30.97, 30.98, 30.99, 31.3, 31.3, 31.3, 31.3, 31.3, 30.42, 30.52, 30.38, 30.27, 30.4, 29.72, 29.69, 29.74, 29.58, 29.56], [30.98, 30.98, 30.72, 30.73, 31.3, 31.3, 31.3, 31.3, 31.3, 31.3, 30.7, 30.52, 30.34, 30.17, 30.01, 29.98, 30.01, 30.03, 30.05, 30.06], [30.72, 30.73, 30.75, 30.77, 31.3, 31.3, 31.3, 31.3, 31.3, 30.94, 30.76, 30.55, 30.33, 30.03, 29.91, 29.97, 30.01, 30.03, 30.05, 30.07], [30.74, 30.75, 30.77, 31.3, 31.3, 31.3, 31.3, 31.3, 31.17, 31.03, 30.75, 30.57, 30.19, 30.06, 29.96, 29.99, 30.02, 30.04, 30.06, 30.08], [30.75, 30.77, 30.84, 30.87, 30.89, 30.94, 31.0, 31.17, 31.08, 30.92, 30.74, 30.59, 30.21, 30.09, 30.0, 30.02, 30.04, 30.06, 30.07, 30.09], [30.81, 30.82, 30.84, 30.97, 30.99, 31.01, 31.04, 31.07, 30.89, 30.82, 30.71, 30.6, 30.2, 30.03, 30.03, 30.04, 30.05, 30.07, 30.09, 30.1], [30.93, 30.93, 30.94, 30.94, 30.95, 30.96, 30.96, 31.13, 30.77, 30.72, 30.66, 30.6, 29.94, 30.05, 30.05, 30.04, 30.04, 30.07, 30.11, 30.13], [30.91, 30.91, 30.91, 31.16, 31.15, 31.13, 31.1, 31.07, 31.03, 31.02, 31.04, 30.45, 30.28, 30.07, 30.06, 30.03, 29.97, 30.06, 30.14, 30.16], [31.19, 31.18, 31.17, 31.16, 31.14, 31.11, 31.07, 31.01, 30.93, 30.9, 30.96, 30.58, 30.29, 30.25, 30.2, 30.05, 29.75, 30.2, 30.22, 30.2], [31.19, 31.18, 31.17, 31.16, 31.14, 31.11, 31.06, 30.97, 30.82, 30.69, 30.89, 30.64, 30.57, 30.27, 30.23, 30.21, 30.3, 30.51, 30.3, 30.23], [31.2, 31.19, 31.18, 31.17, 31.15, 31.12, 31.08, 31.0, 30.85, 30.73, 30.72, 30.74, 30.66, 30.29, 30.27, 30.49, 30.49, 30.51, 30.28, 30.23], [31.2, 31.2, 31.19, 31.18, 31.17, 31.15, 31.13, 31.1, 31.05, 31.06, 30.92, 30.9, 30.8, 30.81, 30.68, 30.59, 30.55, 30.54, 30.54, 30.54], [31.21, 31.21, 31.2, 31.2, 31.2, 31.2, 31.2, 31.21, 31.26, 31.16, 31.24, 31.35, 31.28, 31.22, 30.78, 30.68, 30.62, 30.59, 30.58, 30.58], [31.22, 31.22, 31.22, 31.22, 31.23, 31.24, 31.26, 31.3, 31.4, 31.44, 31.74, 31.51, 31.36, 31.28, 30.86, 30.75, 30.69, 30.65, 30.63, 30.61], [31.23, 31.23, 31.23, 31.24, 31.25, 31.27, 31.3, 31.35, 31.41, 31.57, 31.67, 31.52, 31.39, 31.3, 30.92, 30.81, 30.74, 30.7, 30.67, 30.65], [31.24, 31.24, 31.24, 31.25, 31.27, 31.29, 31.32, 31.37, 31.4, 31.48, 31.51, 31.46, 31.38, 31.31, 30.95, 30.86, 30.79, 30.74, 30.71, 30.69], [31.24, 31.25, 31.25, 31.26, 31.28, 31.3, 31.33, 31.32, 31.36, 31.4, 31.42, 31.39, 31.35, 31.3, 30.96, 30.88, 30.82, 30.77, 30.74, 30.72]]}]