gis_exercise/awsData/contour/wdir_2023090822.json
[{"header": {"refTime": "2023-09-08T22:00:00.000Z", "nx": 21, "ny": 33, "lo1": 113.509, "la1": 22.2235, "lo2": 113.5947, "la2": 22.1034, "dx": 0.0042850000000001385, "dy": 0.003753125000000024, "parameterCategory": 2, "parameterCategoryName": "Temperature", "parameterNumber": 2}, "data": [-1.97, -1.96, -1.95, -2.15, -2.11, -2.18, -2.11, -2.04, -2.03, -2.03, -2.15, -2.27, -2.74, -2.82, -4.49, -4.77, -5.78, -5.93, -6.05, -6.12, -1.98, -1.97, -1.96, -1.94, -2.12, -2.05, -2.06, -1.92, -1.83, -1.92, -2.14, -2.31, -2.79, -2.87, -4.55, -5.61, -5.86, -6.05, -6.18, -6.25, -1.99, -1.99, -1.98, -1.96, -2.14, -2.07, -1.95, -1.82, -1.43, -1.84, -2.18, -2.4, -2.88, -2.95, -5.29, -5.66, -5.99, -6.23, -6.37, -6.42, -2.0, -2.0, -2.0, -1.99, -1.97, -2.14, -2.04, -1.88, -1.73, -1.98, -2.3, -2.56, -3.01, -3.3, -5.24, -5.78, -6.23, -6.51, -6.63, -6.64, -2.01, -2.02, -2.02, -2.02, -2.02, -2.23, -2.2, -2.14, -2.11, -2.22, -2.45, -3.26, -3.22, -3.3, -5.27, -6.01, -6.62, -6.96, -7.0, -6.89, -2.02, -2.03, -2.04, -2.05, -2.07, -2.1, -2.36, -2.39, -2.4, -2.4, -3.24, -3.3, -3.29, -4.6, -5.45, -6.39, -7.28, -7.66, -7.46, -7.16, -3.73, -2.03, -2.05, -2.07, -2.1, -2.17, -2.6, -2.61, -2.65, -3.07, -3.1, -3.4, -4.95, -5.13, -5.69, -6.77, -8.18, -8.71, -8.61, -8.3, -3.74, -3.68, -3.6, -3.61, -3.57, -2.45, -2.57, -2.76, -3.04, -3.01, -2.84, -4.68, -5.07, -5.68, -7.61, -8.21, -8.91, -9.16, -8.78, -8.53, -3.76, -3.69, -3.59, -3.46, -3.43, -3.44, -3.59, -2.63, -3.71, -3.1, -4.71, -5.64, -6.92, -6.31, -7.68, -8.07, -8.48, -8.66, -8.57, -8.43, -5.06, -4.94, -4.76, -3.43, -3.14, -3.05, -3.53, -4.05, -4.44, -4.25, -5.38, -6.29, -7.41, -6.58, -7.76, -7.97, -8.2, -8.34, -8.36, -8.31, -5.09, -4.98, -4.81, -4.5, -3.84, -1.93, -4.36, -5.65, -5.13, -4.99, -6.68, -6.08, -6.43, -6.31, -7.78, -7.9, -8.05, -8.15, -8.2, -8.19, -5.16, -5.08, -4.96, -4.76, -4.45, -4.3, -5.26, -6.43, -6.89, -7.87, -6.84, -7.26, -7.29, -6.06, -7.76, -7.85, -7.95, -8.19, -8.19, -8.18, -5.25, -5.21, -5.16, -5.14, -5.22, -5.63, -6.28, -6.59, -6.8, -6.45, -7.97, -7.24, -7.23, -6.37, -6.29, -7.84, -7.86, -7.9, -7.94, -7.96, -5.33, -5.33, -5.36, -5.44, -5.66, -6.17, -6.97, -6.54, -6.47, -6.34, -7.92, -7.28, -7.17, -7.05, -6.06, -7.46, -7.52, -7.6, -7.68, -7.75, -5.42, -5.44, -5.5, -5.61, -5.82, -6.13, -6.39, -6.19, -5.95, -5.74, -5.57, -4.68, -6.85, -6.67, -6.56, -7.01, -7.14, -7.29, -7.43, -7.54, -5.48, -5.52, -3.73, -3.87, -4.04, -5.68, -5.63, -5.44, -5.24, -5.12, -4.32, -4.4, -4.47, -4.84, -4.91, -6.03, -6.18, -6.32, -6.64, -6.77, -3.53, -3.57, -3.62, -3.67, -5.23, -5.09, -4.84, -4.51, -4.3, -4.34, -3.89, -4.14, -4.35, -4.53, -4.56, -4.84, -4.86, -4.87, -4.87, -4.87, -3.46, -3.48, -3.48, -3.46, -4.84, -4.54, -4.06, -3.41, -3.07, -2.97, -3.45, -3.93, -4.26, -4.5, -4.76, -4.84, -4.86, -4.88, -4.88, -4.87, -3.4, -3.39, -3.36, -4.78, -4.53, -4.14, -3.49, -2.44, -1.41, -2.47, -2.69, -3.2, -4.1, -4.46, -4.84, -4.86, -4.89, -4.89, -4.89, -4.88, -3.33, -3.3, -3.97, -3.84, -3.64, -3.34, -2.89, -2.26, -1.67, -2.2, -2.74, -3.18, -4.1, -4.42, -4.89, -4.91, -4.92, -4.92, -4.91, -4.89, -4.06, -4.0, -3.91, -3.78, -3.61, -3.38, -3.09, -2.79, -2.35, -2.6, -2.93, -3.23, -4.15, -4.91, -4.94, -4.97, -4.99, -4.97, -4.92, -4.89, -4.03, -3.96, -3.88, -3.78, -3.65, -3.5, -3.34, -2.47, -2.86, -3.01, -3.18, -3.34, -5.35, -4.94, -4.99, -5.06, -5.09, -5.03, -4.93, -4.87, -4.0, -3.95, -3.88, -2.67, -2.68, -2.71, -2.76, -2.84, -2.96, -3.03, -3.03, -4.05, -4.79, -4.96, -5.02, -5.16, -5.34, -5.11, -4.89, -4.83, -2.71, -2.72, -2.74, -2.77, -2.81, -2.88, -2.99, -3.16, -3.38, -3.49, -3.36, -4.63, -4.76, -4.84, -4.94, -5.15, -5.96, -4.81, -4.71, -4.75, -2.75, -2.77, -2.8, -2.84, -2.9, -3.0, -3.14, -3.37, -3.75, -4.06, -3.63, -4.52, -4.71, -4.8, -4.85, -4.87, -4.55, -4.04, -4.54, -4.68, -2.79, -2.81, -2.85, -2.9, -2.97, -3.06, -3.2, -3.42, -3.75, -4.01, -4.33, -4.38, -4.55, -4.75, -4.77, -4.46, -4.37, -4.27, -4.56, -4.66, -2.82, -2.85, -2.88, -2.93, -3.0, -3.08, -3.19, -3.32, -3.46, -3.5, -4.09, -4.17, -4.36, -4.1, -4.25, -4.33, -4.34, -4.32, -4.34, -4.36, -2.84, -2.87, -2.9, -2.95, -3.0, -3.07, -3.14, -3.2, -3.22, -3.76, -3.68, -3.28, -3.3, -3.29, -4.12, -4.23, -4.28, -4.3, -4.31, -4.33, -2.85, -2.88, -2.91, -2.95, -3.0, -3.04, -3.08, -3.1, -3.07, -3.39, -2.91, -3.12, -3.22, -3.25, -4.02, -4.14, -4.21, -4.25, -4.27, -4.29, -2.86, -2.89, -2.92, -2.95, -2.98, -3.01, -3.04, -3.04, -3.23, -3.07, -2.97, -3.1, -3.19, -3.23, -3.96, -4.07, -4.15, -4.2, -4.23, -4.25, -2.87, -2.89, -2.92, -2.94, -2.97, -2.99, -3.0, -3.0, -3.23, -3.15, -3.12, -3.15, -3.2, -3.23, -3.92, -4.02, -4.1, -4.16, -4.19, -4.22, -2.87, -2.89, -2.91, -2.93, -2.95, -2.97, -2.98, -3.3, -3.25, -3.21, -3.19, -3.19, -3.22, -3.23, -3.9, -3.99, -4.07, -4.12, -4.16, -4.19]}, {"header": {"refTime": "2023-09-08T22:00:00.000Z", "nx": 21, "ny": 33, "lo1": 113.509, "la1": 22.2235, "lo2": 113.5947, "la2": 22.1034, "dx": 0.0042850000000001385, "dy": 0.003753125000000024, "parameterCategory": 2, "parameterCategoryName": "Temperature", "parameterNumber": 3}, "data": [0.46, 0.45, 0.43, 0.65, 0.62, 0.65, 0.61, 0.57, 0.57, 0.82, 0.95, 1.08, 1.29, 1.35, 1.76, 1.85, 2.48, 2.52, 2.54, 2.56, 0.47, 0.46, 0.44, 0.42, 0.62, 0.57, 0.56, 0.48, 0.43, 0.71, 0.94, 1.11, 1.34, 1.41, 1.81, 2.44, 2.5, 2.54, 2.57, 2.59, 0.48, 0.47, 0.45, 0.44, 0.63, 0.59, 0.51, 0.4, 0.14, 0.62, 0.97, 1.2, 1.44, 1.5, 2.37, 2.46, 2.53, 2.58, 2.61, 2.62, 0.49, 0.48, 0.47, 0.46, 0.43, 0.62, 0.56, 0.45, 0.36, 0.78, 1.1, 1.36, 1.59, 1.91, 2.36, 2.48, 2.58, 2.64, 2.67, 2.67, 0.5, 0.5, 0.49, 0.48, 0.47, 0.67, 0.65, 0.62, 0.62, 1.04, 1.27, 1.9, 1.91, 1.91, 2.37, 2.53, 2.67, 2.74, 2.75, 2.73, 0.52, 0.51, 0.51, 0.51, 0.5, 0.5, 0.73, 0.75, 0.8, 0.89, 1.87, 1.9, 1.91, 1.97, 2.41, 2.62, 2.81, 2.89, 2.85, 2.79, 1.31, 0.53, 0.54, 0.54, 0.54, 0.54, 0.95, 0.8, 0.86, 1.41, 1.58, 1.91, 2.01, 2.0, 2.46, 2.7, 3.01, 3.13, 2.91, 2.79, 1.32, 1.3, 1.27, 1.27, 1.24, 0.93, 0.92, 0.87, 0.89, 1.41, 1.63, 1.97, 2.02, 2.01, 2.45, 2.69, 2.99, 3.1, 2.94, 2.83, 1.34, 1.32, 1.28, 1.24, 1.22, 1.21, 1.22, 0.92, 1.33, 1.41, 1.86, 1.94, 1.96, 1.95, 2.4, 2.6, 2.79, 2.88, 2.84, 2.78, 1.97, 1.93, 1.86, 1.25, 1.16, 1.13, 1.27, 1.41, 1.7, 1.7, 1.89, 1.93, 1.94, 1.94, 2.37, 2.52, 2.65, 2.73, 2.74, 2.72, 1.98, 1.94, 1.88, 1.76, 1.52, 0.81, 1.71, 2.19, 1.87, 1.97, 2.18, 1.92, 1.93, 1.93, 2.36, 2.47, 2.57, 2.63, 2.66, 2.67, 2.01, 1.98, 1.93, 1.86, 1.75, 1.69, 2.05, 2.48, 2.65, 2.69, 2.28, 2.3, 2.24, 1.93, 2.38, 2.45, 2.52, 2.08, 2.1, 2.11, 2.04, 2.03, 2.01, 2.0, 2.03, 2.18, 2.42, 2.54, 2.62, 2.49, 2.61, 2.36, 2.3, 1.52, 1.48, 1.82, 1.87, 1.91, 1.95, 1.97, 2.07, 2.07, 2.08, 2.11, 2.2, 2.38, 2.68, 2.52, 2.49, 2.45, 2.63, 1.85, 1.71, 1.59, 1.33, 1.63, 1.69, 1.75, 1.8, 1.85, 2.1, 2.11, 2.14, 2.18, 2.25, 2.37, 2.46, 2.81, 2.81, 2.81, 2.81, 1.92, 1.55, 1.41, 1.33, 1.42, 1.5, 1.59, 1.67, 1.73, 2.13, 2.14, 2.09, 2.13, 2.19, 2.79, 2.79, 2.79, 2.79, 2.79, 2.02, 1.81, 1.57, 1.14, 1.05, 1.37, 1.53, 1.69, 2.2, 2.33, 2.08, 2.1, 2.13, 2.17, 2.78, 2.78, 2.77, 2.76, 2.76, 2.76, 1.99, 1.74, 1.43, 1.08, 1.05, 1.03, 1.28, 1.47, 1.6, 1.69, 2.1, 2.13, 2.16, 2.2, 2.77, 2.76, 2.75, 2.73, 2.72, 2.21, 1.97, 1.71, 1.35, 1.06, 0.44, 0.96, 1.31, 1.53, 1.67, 1.76, 2.13, 2.15, 2.18, 2.77, 2.76, 2.75, 2.73, 2.7, 2.55, 2.28, 1.59, 1.29, 1.68, 1.32, 0.91, 1.17, 1.47, 1.66, 1.78, 1.84, 2.14, 2.17, 2.12, 2.14, 2.16, 2.2, 2.26, 2.37, 2.2, 1.88, 1.56, 1.3, 1.91, 1.74, 1.38, 1.54, 1.72, 1.85, 1.92, 1.95, 2.06, 2.06, 2.07, 2.07, 2.08, 2.1, 2.13, 2.17, 1.79, 1.65, 1.45, 1.27, 2.14, 1.68, 1.76, 1.89, 2.03, 2.08, 2.08, 2.06, 2.02, 2.01, 2.0, 1.99, 1.98, 1.97, 1.96, 1.61, 1.49, 1.41, 1.3, 1.2, 1.67, 1.91, 2.05, 2.22, 2.35, 2.33, 2.23, 2.15, 1.98, 1.96, 1.94, 1.44, 1.44, 1.44, 1.42, 1.38, 1.31, 1.27, 1.26, 2.15, 1.91, 2.08, 2.25, 2.5, 2.77, 2.58, 2.32, 2.2, 1.39, 1.39, 1.38, 1.37, 1.35, 1.32, 1.27, 1.18, 1.07, 1.01, 1.06, 1.56, 1.85, 2.1, 2.35, 2.6, 3.46, 2.45, 2.25, 2.19, 1.36, 1.35, 1.34, 1.32, 1.28, 1.24, 1.16, 1.05, 0.87, 0.73, 0.91, 1.44, 1.78, 2.04, 2.26, 2.41, 2.22, 1.82, 2.12, 2.15, 1.33, 1.32, 1.3, 1.27, 1.23, 1.18, 1.1, 1.0, 0.84, 0.73, 1.09, 1.38, 1.68, 1.98, 2.15, 2.28, 2.21, 2.12, 2.11, 2.13, 1.31, 1.29, 1.27, 1.23, 1.2, 1.14, 1.08, 1.0, 0.93, 0.89, 1.16, 1.35, 1.59, 1.99, 2.11, 2.18, 2.18, 2.17, 2.18, 2.2, 1.29, 1.27, 1.24, 1.21, 1.17, 1.13, 1.07, 1.02, 0.97, 1.12, 1.15, 0.8, 0.8, 0.8, 2.01, 2.09, 2.13, 2.15, 2.16, 2.17, 1.27, 1.25, 1.22, 1.19, 1.16, 1.12, 1.08, 1.03, 0.99, 1.08, 0.87, 0.83, 0.81, 0.81, 1.93, 2.02, 2.08, 2.11, 2.13, 2.14, 1.26, 1.24, 1.21, 1.19, 1.15, 1.12, 1.08, 1.04, 0.81, 0.84, 0.86, 0.83, 0.82, 0.81, 1.87, 1.96, 2.03, 2.07, 2.1, 2.11, 1.25, 1.23, 1.21, 1.18, 1.15, 1.12, 1.09, 1.06, 0.81, 0.82, 0.83, 0.82, 0.82, 0.81, 1.84, 1.93, 1.99, 2.03, 2.06, 2.09, 1.24, 1.22, 1.2, 1.18, 1.16, 1.13, 1.1, 0.79, 0.8, 0.81, 0.82, 0.82, 0.81, 0.81, 1.83, 1.9, 1.96, 2.0, 2.04, 2.06]}, {"header": {"refTime": "2023-09-08T22:00:00.000Z", "nx": 21, "ny": 33, "lo1": 113.509, "la1": 22.2235, "lo2": 113.5947, "la2": 22.1034, "dx": 0.0042850000000001385, "dy": 0.003753125000000024, "parameterCategory": 0, "parameterCategoryName": "Temperature", "parameterNumber": 0}, "data": [[25.87, 25.86, 25.85, 25.48, 25.48, 25.81, 25.8, 25.79, 25.79, 25.64, 25.67, 25.69, 26.05, 26.07, 26.15, 26.17, 26.37, 26.38, 26.38, 26.38], [25.88, 25.87, 25.86, 25.84, 25.49, 25.5, 25.78, 25.75, 25.74, 25.64, 25.67, 25.71, 26.07, 26.09, 26.17, 26.37, 26.37, 26.38, 26.38, 26.39], [25.89, 25.88, 25.87, 25.85, 25.49, 25.5, 25.51, 25.73, 25.63, 25.63, 25.68, 25.75, 26.11, 26.13, 26.36, 26.37, 26.38, 26.39, 26.39, 26.39], [25.9, 25.89, 25.88, 25.86, 25.84, 25.5, 25.51, 25.52, 25.53, 25.63, 25.7, 25.82, 26.17, 26.02, 26.36, 26.37, 26.39, 26.39, 26.4, 26.4], [25.91, 25.9, 25.9, 25.88, 25.87, 25.49, 25.5, 25.5, 25.48, 25.6, 25.69, 26.03, 26.19, 26.06, 26.36, 26.38, 26.4, 26.41, 26.41, 26.41], [25.92, 25.92, 25.92, 25.91, 25.89, 25.87, 25.5, 25.5, 25.47, 25.39, 25.76, 25.95, 26.09, 26.3, 26.36, 26.39, 26.42, 26.43, 26.43, 26.42], [26.08, 25.94, 25.94, 25.94, 25.93, 25.91, 25.7, 25.55, 25.52, 25.48, 25.43, 25.84, 26.3, 26.3, 26.37, 26.4, 26.45, 26.47, 26.46, 26.45], [26.09, 26.09, 26.09, 26.09, 26.08, 25.79, 25.74, 25.71, 25.73, 25.43, 25.14, 25.87, 25.88, 26.3, 26.43, 26.4, 26.45, 26.46, 26.44, 26.42], [26.01, 26.02, 26.11, 26.12, 26.12, 26.1, 26.04, 25.72, 25.51, 25.52, 25.44, 25.64, 25.74, 25.61, 26.42, 26.4, 26.42, 26.43, 26.43, 26.42], [26.3, 26.3, 26.3, 26.07, 26.1, 26.19, 26.13, 26.04, 25.29, 25.34, 25.75, 25.52, 25.59, 25.56, 26.42, 26.39, 26.4, 26.41, 26.41, 26.41], [26.3, 26.3, 26.3, 26.3, 26.3, 26.3, 26.3, 26.3, 26.12, 25.49, 24.9, 25.43, 25.5, 25.5, 26.42, 26.38, 26.39, 26.4, 26.4, 26.4], [26.3, 26.3, 26.3, 26.3, 26.3, 26.3, 26.3, 26.3, 26.3, -999.0, 24.9, 26.3, 26.3, 25.46, 26.42, 26.37, 26.38, 25.65, 25.67, 25.67], [26.3, 26.3, 26.3, 26.3, 26.3, 26.3, 26.3, 26.3, 26.3, 26.3, -999.0, 26.3, 26.3, 25.45, 25.82, 25.95, 25.97, 25.78, 25.81, 25.82], [26.3, 26.3, 26.3, 26.3, 26.3, 26.3, 26.3, 26.3, 26.3, 26.3, -999.0, 25.0, 25.0, 25.0, 25.71, 25.83, 25.85, 25.66, 25.7, 25.74], [26.3, 26.3, 26.3, 26.3, 26.3, 26.3, 26.3, 26.2, 26.2, 26.2, 26.2, 25.74, 25.0, 25.0, 25.0, 25.69, 25.73, 25.56, 25.61, 25.66], [26.3, 26.3, 26.24, 26.24, 26.23, 26.2, 26.2, 26.2, 26.2, 26.2, 25.44, 25.53, 25.41, 25.32, 25.43, 25.48, 25.55, 25.42, 25.74, 25.8], [26.24, 26.24, 26.26, 26.26, 26.2, 26.2, 26.2, 26.2, 26.2, 26.2, 25.68, 25.54, 25.38, 25.23, 25.29, 25.3, 25.41, 25.49, 25.55, 25.59], [26.26, 26.26, 26.26, 26.26, 26.2, 26.2, 26.2, 26.2, 26.2, 25.9, 25.73, 25.55, 25.37, 25.3, 25.04, 25.27, 25.42, 25.52, 25.58, 25.62], [26.26, 26.26, 26.26, 26.2, 26.2, 26.2, 26.2, 26.2, 26.09, 25.97, 25.85, 25.7, 25.56, 25.4, 25.25, 25.36, 25.48, 25.57, 25.62, 25.65], [26.26, 26.26, 26.2, 26.2, 26.2, 26.2, 26.2, 26.2, 26.09, 25.99, 25.88, 25.75, 25.65, 25.56, 25.45, 25.51, 25.59, 25.65, 25.68, 25.7], [26.2, 26.2, 26.2, 26.2, 26.2, 26.2, 26.2, 26.2, 26.01, 25.97, 25.89, 25.8, 25.73, 25.57, 25.6, 25.66, 25.71, 25.74, 25.75, 25.75], [26.2, 26.2, 26.2, 26.2, 26.2, 26.2, 26.2, 26.23, 25.99, 25.96, 25.91, 25.84, 25.81, 25.67, 25.72, 25.78, 25.83, 25.84, 25.82, 25.79], [26.2, 26.2, 26.2, 26.25, 26.25, 26.25, 26.24, 26.24, 26.24, 26.24, 26.24, 26.23, 26.09, 25.74, 25.8, 25.89, 25.97, 25.93, 25.86, 25.82], [26.26, 26.26, 26.26, 26.25, 26.25, 26.25, 26.25, 26.24, 26.24, 26.23, 26.24, 26.27, 26.09, 26.07, 26.06, 25.93, 26.13, 25.94, 25.87, 25.84], [26.26, 26.26, 26.26, 26.26, 26.26, 26.25, 26.25, 26.24, 26.23, 26.22, 26.24, 26.27, 26.29, 26.07, 26.05, 26.03, 25.9, 25.83, 25.86, 25.84], [26.26, 26.26, 26.26, 26.26, 26.26, 26.26, 26.26, 26.25, 26.24, 26.23, 26.26, 26.28, 26.29, 26.07, 26.04, 26.05, 26.0, 25.98, 25.84, 25.83], [26.27, 26.27, 26.27, 26.27, 26.27, 26.27, 26.27, 26.27, 26.26, 26.27, 26.29, 26.3, 26.3, 26.14, 26.1, 26.07, 26.04, 26.02, 26.03, 26.04], [26.27, 26.27, 26.27, 26.27, 26.27, 26.27, 26.28, 26.28, 26.29, 26.32, 26.33, 26.24, 26.19, 26.14, 26.12, 26.09, 26.07, 26.05, 26.05, 26.05], [26.27, 26.27, 26.27, 26.27, 26.28, 26.28, 26.29, 26.3, 26.32, 26.35, 26.36, 26.28, 26.21, 26.16, 26.14, 26.11, 26.09, 26.08, 26.07, 26.07], [26.27, 26.27, 26.28, 26.28, 26.28, 26.29, 26.29, 26.3, 26.26, 26.3, 26.33, 26.28, 26.22, 26.17, 26.16, 26.13, 26.11, 26.1, 26.09, 26.08], [26.27, 26.28, 26.28, 26.28, 26.28, 26.29, 26.3, 26.31, 26.25, 26.27, 26.27, 26.25, 26.21, 26.17, 26.17, 26.14, 26.12, 26.11, 26.1, 26.1], [26.28, 26.28, 26.28, 26.28, 26.29, 26.29, 26.3, 26.22, 26.23, 26.24, 26.24, 26.23, 26.2, 26.17, 26.17, 26.15, 26.13, 26.12, 26.11, 26.1]]}]