gis_exercise/awsData/contour/wdir_2023090216.json
[{"header": {"refTime": "2023-09-02T16:00:00.000Z", "nx": 21, "ny": 33, "lo1": 113.509, "la1": 22.2235, "lo2": 113.5947, "la2": 22.1034, "dx": 0.0042850000000001385, "dy": 0.003753125000000024, "parameterCategory": 2, "parameterCategoryName": "Temperature", "parameterNumber": 2}, "data": [-3.43, -3.43, -3.42, -3.82, -3.78, -4.31, -4.21, -4.13, -4.12, -4.23, -4.47, -4.71, -4.9, -5.01, -6.86, -7.08, -7.68, -7.78, -7.85, -7.9, -3.44, -3.43, -3.43, -3.42, -3.78, -3.71, -4.11, -3.9, -3.79, -4.03, -4.45, -4.8, -5.05, -5.15, -6.98, -7.6, -7.76, -7.88, -7.96, -8.0, -3.44, -3.44, -3.44, -3.43, -3.81, -3.74, -3.61, -3.73, -3.11, -3.87, -4.53, -5.01, -5.29, -5.35, -7.43, -7.65, -7.86, -8.02, -8.1, -8.13, -3.44, -3.45, -3.45, -3.45, -3.45, -3.8, -3.7, -3.53, -3.36, -4.12, -4.77, -5.36, -5.71, -5.91, -7.43, -7.74, -8.04, -8.23, -8.31, -8.3, -3.44, -3.45, -3.46, -3.47, -3.49, -3.91, -3.87, -3.81, -3.78, -4.51, -5.01, -6.0, -6.55, -6.02, -7.43, -7.9, -8.33, -8.57, -8.59, -8.49, -3.44, -3.45, -3.46, -3.49, -3.52, -3.58, -4.04, -4.07, -4.09, -4.1, -5.32, -5.7, -6.11, -7.16, -7.45, -8.13, -8.83, -9.12, -8.95, -8.7, -5.33, -3.44, -3.45, -3.48, -3.53, -3.62, -4.15, -4.29, -4.34, -4.53, -4.49, -5.13, -6.85, -7.2, -7.45, -8.36, -9.54, -9.98, -10.31, -10.16, -5.33, -5.26, -5.16, -5.38, -5.34, -3.92, -4.1, -4.37, -4.65, -4.52, -4.45, -5.71, -6.02, -7.46, -8.82, -9.39, -10.05, -10.3, -9.94, -9.7, -5.35, -5.27, -5.15, -4.99, -5.13, -5.15, -5.37, -4.18, -5.68, -4.53, -6.17, -7.0, -8.52, -7.79, -8.96, -9.29, -9.66, -9.83, -9.74, -9.61, -7.06, -6.91, -6.69, -4.93, -4.57, -4.6, -5.27, -5.99, -6.64, -6.41, -6.87, -7.87, -9.2, -8.17, -9.09, -9.23, -9.42, -9.54, -9.55, -9.5, -7.11, -6.96, -6.74, -6.34, -5.5, -3.03, -6.2, -7.93, -7.44, -7.38, -9.08, -7.64, -8.03, -7.88, -9.12, -9.18, -9.29, -9.37, -9.4, -9.39, -7.19, -7.08, -6.92, -6.67, -6.26, -6.07, -7.35, -9.0, -9.68, -10.64, -9.34, -9.23, -9.17, -7.59, -9.09, -9.14, -9.21, -10.23, -10.21, -10.2, -7.29, -7.24, -7.18, -7.14, -7.22, -7.71, -8.53, -9.12, -9.5, -8.99, -10.63, -9.28, -9.17, -8.33, -8.28, -10.08, -10.06, -10.07, -10.07, -10.08, -7.4, -7.4, -7.42, -7.51, -7.77, -8.36, -9.24, -8.91, -8.94, -8.8, -10.57, -10.18, -10.05, -9.93, -8.21, -9.82, -9.84, -9.88, -9.92, -9.96, -7.51, -7.54, -7.6, -7.73, -7.98, -8.34, -8.65, -8.52, -8.3, -8.07, -7.86, -7.31, -9.79, -9.64, -9.53, -9.53, -9.6, -9.69, -9.77, -9.83, -7.59, -7.64, -5.3, -5.46, -5.67, -7.88, -7.82, -7.62, -7.4, -7.27, -6.8, -6.98, -7.17, -7.46, -7.6, -9.03, -9.15, -9.26, -9.26, -9.34, -5.05, -5.1, -5.16, -5.23, -7.36, -7.18, -6.88, -6.48, -6.23, -6.3, -6.24, -6.67, -7.07, -7.43, -7.54, -7.88, -7.81, -7.75, -7.7, -7.66, -4.98, -5.0, -5.01, -4.99, -6.89, -6.52, -5.93, -5.13, -4.72, -4.77, -5.48, -6.39, -6.97, -7.46, -8.0, -7.9, -7.81, -7.74, -7.69, -7.65, -4.9, -4.89, -4.86, -6.82, -6.51, -6.03, -5.23, -3.93, -2.7, -4.13, -5.01, -5.82, -6.73, -7.33, -7.92, -7.86, -7.78, -7.72, -7.66, -7.62, -4.83, -4.8, -6.32, -6.14, -5.88, -5.48, -4.86, -3.98, -3.35, -4.24, -5.14, -5.83, -6.66, -7.16, -7.82, -7.79, -7.74, -7.69, -7.63, -7.59, -6.5, -6.42, -6.31, -6.15, -5.94, -5.64, -5.25, -4.84, -4.54, -4.96, -5.5, -5.97, -6.67, -7.74, -7.75, -7.75, -7.72, -7.66, -7.6, -7.55, -6.51, -6.44, -6.35, -6.23, -6.09, -5.92, -5.75, -4.54, -5.48, -5.72, -5.99, -6.23, -8.82, -7.7, -7.72, -7.75, -7.76, -7.67, -7.55, -7.49, -6.53, -6.47, -6.41, -4.74, -4.79, -4.87, -4.99, -5.19, -5.42, -5.56, -5.5, -7.02, -7.9, -7.65, -7.69, -7.81, -7.98, -7.7, -7.45, -7.4, -4.73, -4.76, -4.81, -4.87, -4.98, -5.13, -5.38, -5.75, -6.23, -6.45, -6.14, -7.58, -7.92, -7.8, -7.74, -7.75, -8.69, -7.28, -7.2, -7.28, -4.78, -4.82, -4.88, -4.97, -5.1, -5.3, -5.61, -6.13, -6.99, -7.7, -6.66, -7.44, -7.45, -7.77, -7.65, -7.52, -6.96, -6.31, -6.97, -7.19, -4.82, -4.86, -4.93, -5.03, -5.16, -5.35, -5.65, -6.12, -6.9, -7.54, -7.43, -7.12, -7.15, -7.75, -7.6, -6.56, -6.52, -6.42, -7.02, -7.17, -4.84, -4.89, -4.95, -5.04, -5.15, -5.3, -5.51, -5.77, -6.05, -6.08, -6.62, -6.55, -6.73, -5.8, -6.11, -6.32, -6.39, -6.4, -6.42, -6.42, -4.85, -4.89, -4.95, -5.02, -5.1, -5.19, -5.28, -5.34, -5.26, -5.73, -5.43, -5.03, -5.19, -5.26, -5.87, -6.1, -6.23, -6.3, -6.33, -6.34, -4.85, -4.89, -4.93, -4.98, -5.03, -5.06, -5.07, -4.99, -4.73, -4.71, -3.68, -4.48, -4.91, -5.1, -5.67, -5.92, -6.08, -6.17, -6.22, -6.25, -4.84, -4.87, -4.9, -4.93, -4.95, -4.95, -4.91, -4.79, -4.84, -4.28, -3.93, -4.41, -4.8, -5.02, -5.53, -5.78, -5.94, -6.05, -6.12, -6.17, -4.83, -4.85, -4.87, -4.89, -4.89, -4.87, -4.82, -4.7, -4.87, -4.59, -4.46, -4.61, -4.83, -5.0, -5.46, -5.68, -5.84, -5.95, -6.03, -6.09, -4.82, -4.83, -4.85, -4.85, -4.84, -4.82, -4.76, -5.13, -4.96, -4.81, -4.75, -4.8, -4.91, -5.02, -5.43, -5.61, -5.76, -5.88, -5.96, -6.02]}, {"header": {"refTime": "2023-09-02T16:00:00.000Z", "nx": 21, "ny": 33, "lo1": 113.509, "la1": 22.2235, "lo2": 113.5947, "la2": 22.1034, "dx": 0.0042850000000001385, "dy": 0.003753125000000024, "parameterCategory": 2, "parameterCategoryName": "Temperature", "parameterNumber": 3}, "data": [-0.36, -0.35, -0.34, 0.18, 0.17, -0.54, -0.52, -0.51, -0.52, -0.28, -0.34, -0.4, -0.82, -0.86, -1.09, -1.1, -1.14, -1.13, -1.12, -1.12, -0.37, -0.36, -0.35, -0.33, 0.17, 0.14, -0.49, -0.44, -0.42, -0.26, -0.35, -0.45, -0.88, -0.91, -1.13, -1.17, -1.15, -1.13, -1.12, -1.12, -0.37, -0.36, -0.35, -0.34, 0.17, 0.14, 0.1, -0.38, -0.21, -0.24, -0.38, -0.53, -0.98, -0.99, -1.21, -1.17, -1.15, -1.13, -1.12, -1.11, -0.38, -0.37, -0.37, -0.35, -0.34, 0.15, 0.12, 0.07, 0.03, -0.24, -0.42, -0.69, -1.16, -0.82, -1.22, -1.17, -1.14, -1.13, -1.12, -1.11, -0.39, -0.39, -0.38, -0.37, -0.35, 0.17, 0.16, 0.15, 0.17, -0.19, -0.39, -0.88, -1.37, -0.93, -1.21, -1.15, -1.13, -1.12, -1.11, -1.11, -0.4, -0.4, -0.4, -0.39, -0.37, -0.35, 0.17, 0.18, 0.24, 0.37, -0.2, -0.62, -1.02, -1.02, -1.16, -1.13, -1.12, -1.12, -1.11, -1.11, 0.1, -0.42, -0.42, -0.42, -0.4, -0.38, 0.01, 0.13, 0.19, 0.44, 0.57, -0.17, -0.72, -0.74, -1.07, -1.09, -1.12, -1.12, -1.06, -1.04, 0.11, 0.08, 0.05, -0.12, -0.13, -0.09, -0.05, -0.05, -0.08, 0.51, 0.96, 0.14, -0.01, -0.53, -0.47, -0.65, -0.87, -0.95, -0.83, -0.75, 0.12, 0.09, 0.05, -0.01, -0.19, -0.18, -0.12, -0.03, 0.39, 0.38, 0.49, 0.18, 0.05, 0.11, -0.42, -0.57, -0.72, -0.78, -0.76, -0.71, 0.51, 0.47, 0.4, -0.02, -0.15, -0.32, -0.15, 0.02, 0.63, 0.71, 0.34, 0.19, 0.09, 0.13, -0.39, -0.51, -0.61, -0.67, -0.68, -0.67, 0.53, 0.49, 0.42, 0.3, 0.05, -0.68, 0.22, 0.65, 0.35, 0.8, 0.75, 0.22, 0.17, 0.17, -0.39, -0.48, -0.55, -0.6, -0.62, -0.63, 0.56, 0.53, 0.49, 0.42, 0.3, 0.24, 0.58, 0.89, 0.99, 1.02, 0.8, 0.26, 0.19, 0.21, -0.4, -0.46, -0.52, -0.66, -0.68, -0.69, 0.6, 0.58, 0.57, 0.57, 0.62, 0.8, 1.07, 1.03, 1.01, 0.93, 0.96, 0.33, 0.26, -0.3, -0.32, -0.58, -0.62, -0.64, -0.66, -0.67, 0.63, 0.64, 0.65, 0.7, 0.81, 1.05, 1.49, 1.13, 1.0, 0.94, 1.01, 0.23, 0.12, 0.04, -0.37, -0.6, -0.62, -0.64, -0.65, -0.66, 0.67, 0.68, 0.71, 0.77, 0.87, 1.02, 1.13, 1.71, 1.72, 1.74, 1.77, 0.93, 0.03, -0.06, -0.11, -0.61, -0.63, -0.64, -0.64, -0.65, 0.69, 0.71, 1.18, 1.22, 1.29, 1.82, 1.83, 1.85, 1.87, 1.88, 1.13, 0.9, 0.64, 0.16, 0.04, 0.54, 0.76, 0.98, 0.86, 0.96, 1.2, 1.23, 1.27, 1.33, 1.89, 1.92, 1.96, 2.02, 2.05, 2.04, 1.22, 0.9, 0.52, 0.12, 0.39, 0.1, 0.38, 0.6, 0.75, 0.85, 1.26, 1.3, 1.35, 1.42, 1.96, 2.02, 2.11, 2.23, 2.29, 1.81, 1.45, 0.93, 0.47, 0.4, -0.54, 0.02, 0.42, 0.68, 0.83, 0.92, 1.31, 1.35, 1.41, 1.97, 2.02, 2.09, 2.21, 2.42, 2.51, 2.0, 1.14, 0.69, 1.34, 0.79, -0.03, 0.27, 0.61, 0.84, 0.96, 1.02, 1.35, 1.4, 1.51, 1.56, 1.62, 1.72, 1.88, 2.13, 2.04, 1.57, 1.09, 0.7, 1.68, 1.43, 0.53, 0.71, 0.93, 1.07, 1.13, 1.14, 1.42, 1.44, 1.46, 1.48, 1.53, 1.59, 1.68, 1.79, 1.44, 1.22, 0.92, 0.66, 2.04, 0.87, 0.98, 1.16, 1.31, 1.36, 1.32, 1.26, 1.38, 1.38, 1.39, 1.4, 1.41, 1.42, 1.44, 1.25, 0.98, 0.85, 0.7, 0.56, 1.33, 1.15, 1.34, 1.59, 1.76, 1.69, 1.49, 1.35, 1.33, 1.32, 1.31, 1.03, 1.03, 1.01, 0.97, 0.9, 0.81, 0.74, 0.73, 2.03, 1.13, 1.34, 1.59, 1.99, 2.44, 2.03, 1.55, 1.37, 0.98, 0.97, 0.96, 0.94, 0.9, 0.85, 0.76, 0.61, 0.43, 0.34, 0.43, 1.26, 1.04, 1.36, 1.68, 2.09, 3.73, 1.62, 1.32, 1.29, 0.93, 0.92, 0.89, 0.86, 0.81, 0.73, 0.61, 0.42, 0.11, -0.13, 0.2, 1.08, 1.62, 1.26, 1.51, 1.67, 1.15, 0.27, 1.03, 1.19, 0.9, 0.87, 0.84, 0.8, 0.74, 0.66, 0.54, 0.36, 0.09, -0.11, 0.52, 1.02, 1.5, 1.15, 1.33, 1.51, 1.24, 1.03, 1.04, 1.15, 0.87, 0.84, 0.81, 0.76, 0.7, 0.63, 0.53, 0.41, 0.29, 0.25, 0.72, 1.02, 1.4, 1.39, 1.44, 1.42, 1.32, 1.25, 1.28, 1.35, 0.84, 0.81, 0.78, 0.74, 0.68, 0.62, 0.55, 0.48, 0.44, 0.73, 0.81, -0.05, -0.22, -0.39, 1.36, 1.37, 1.35, 1.32, 1.33, 1.36, 0.82, 0.8, 0.76, 0.72, 0.68, 0.63, 0.58, 0.54, 0.52, 0.76, 0.43, 0.11, -0.12, -0.31, 1.3, 1.33, 1.34, 1.35, 1.35, 1.37, 0.81, 0.78, 0.75, 0.72, 0.68, 0.64, 0.6, 0.58, 0.04, 0.22, 0.33, 0.12, -0.09, -0.26, 1.26, 1.31, 1.33, 1.35, 1.36, 1.37, 0.8, 0.78, 0.75, 0.72, 0.69, 0.66, 0.63, 0.61, 0.0, 0.09, 0.11, 0.02, -0.12, -0.25, 1.24, 1.29, 1.32, 1.34, 1.36, 1.37, 0.79, 0.77, 0.75, 0.72, 0.7, 0.67, 0.65, -0.11, -0.06, -0.02, -0.02, -0.07, -0.16, -0.26, 1.24, 1.28, 1.31, 1.33, 1.35, 1.37]}, {"header": {"refTime": "2023-09-02T16:00:00.000Z", "nx": 21, "ny": 33, "lo1": 113.509, "la1": 22.2235, "lo2": 113.5947, "la2": 22.1034, "dx": 0.0042850000000001385, "dy": 0.003753125000000024, "parameterCategory": 0, "parameterCategoryName": "Temperature", "parameterNumber": 0}, "data": [[27.07, 27.08, 27.08, 26.9, 26.92, 27.19, 27.2, 27.2, 27.21, 27.17, 27.17, 27.18, 27.43, 27.44, 27.34, 27.33, 27.4, 27.38, 27.37, 27.37], [27.07, 27.07, 27.08, 27.08, 26.91, 26.94, 27.19, 27.2, 27.21, 27.17, 27.18, 27.2, 27.44, 27.46, 27.35, 27.41, 27.39, 27.37, 27.37, 27.36], [27.07, 27.07, 27.07, 27.07, 26.91, 26.93, 26.97, 27.19, 27.2, 27.17, 27.19, 27.22, 27.47, 27.48, 27.43, 27.4, 27.38, 27.36, 27.35, 27.35], [27.07, 27.07, 27.07, 27.07, 27.07, 26.91, 26.94, 27.0, 27.05, 27.16, 27.19, 27.26, 27.5, 27.36, 27.44, 27.4, 27.36, 27.34, 27.33, 27.33], [27.07, 27.07, 27.07, 27.06, 27.06, 26.88, 26.9, 26.91, 26.91, 27.11, 27.16, 27.37, 27.5, 27.39, 27.43, 27.38, 27.33, 27.31, 27.3, 27.31], [27.07, 27.07, 27.07, 27.06, 27.05, 27.04, 26.85, 26.84, 26.83, 26.79, 27.15, 27.3, 27.42, 27.57, 27.42, 27.35, 27.28, 27.25, 27.27, 27.29], [27.02, 27.07, 27.07, 27.06, 27.05, 27.03, 26.82, 26.8, 26.78, 26.8, 26.81, 27.2, 27.54, 27.55, 27.4, 27.32, 27.22, 27.18, 27.19, 27.22], [27.03, 27.03, 27.03, 27.03, 27.02, 26.88, 26.85, 26.8, 26.81, 26.76, 26.64, 27.19, 27.2, 27.55, 27.25, 27.29, 27.2, 27.17, 27.22, 27.26], [26.97, 26.98, 27.05, 27.05, 27.06, 27.04, 26.99, 26.83, 26.7, 26.82, 26.88, 27.03, 27.1, 27.01, 27.26, 27.31, 27.26, 27.24, 27.25, 27.27], [27.2, 27.2, 27.2, 27.01, 27.04, 27.11, 27.06, 26.99, 26.63, 26.65, 27.11, 26.94, 26.99, 26.97, 27.26, 27.33, 27.29, 27.28, 27.28, 27.28], [27.2, 27.2, 27.2, 27.2, 27.2, 27.2, 27.2, 27.2, 27.06, 26.7, 26.5, 26.88, 26.93, 26.93, 27.26, 27.34, 27.31, 27.3, 27.3, 27.3], [27.2, 27.2, 27.2, 27.2, 27.2, 27.2, 27.2, 27.2, 27.2, -999.0, 26.5, 27.5, 27.5, 26.9, 27.25, 27.35, 27.34, 26.42, 26.43, 26.44], [27.2, 27.2, 27.2, 27.2, 27.2, 27.2, 27.2, 27.2, 27.2, 27.2, -999.0, 27.5, 27.5, 26.46, 26.91, 26.66, 26.67, 26.52, 26.55, 26.56], [27.2, 27.2, 27.2, 27.2, 27.2, 27.2, 27.2, 27.2, 27.2, 27.2, -999.0, 25.9, 25.9, 25.9, 26.78, 26.56, 26.58, 26.43, 26.46, 26.49], [27.2, 27.2, 27.2, 27.2, 27.2, 27.2, 27.2, 27.0, 27.0, 27.0, 27.0, 26.58, 25.9, 25.9, 25.9, 26.45, 26.49, 26.35, 26.39, 26.43], [27.2, 27.2, 27.07, 27.07, 27.07, 27.0, 27.0, 27.0, 27.0, 27.0, 26.31, 26.39, 26.28, 26.19, 26.29, 26.27, 26.32, 26.22, 26.48, 26.53], [27.07, 27.07, 27.13, 27.13, 27.0, 27.0, 27.0, 27.0, 27.0, 27.0, 26.53, 26.39, 26.25, 26.11, 26.14, 26.13, 26.21, 26.27, 26.31, 26.34], [27.13, 27.13, 27.12, 27.12, 27.0, 27.0, 27.0, 27.0, 27.0, 26.72, 26.57, 26.41, 26.24, 26.15, 25.94, 26.1, 26.21, 26.29, 26.33, 26.36], [27.12, 27.12, 27.12, 27.0, 27.0, 27.0, 27.0, 27.0, 26.9, 26.79, 26.66, 26.53, 26.38, 26.23, 26.09, 26.17, 26.26, 26.33, 26.37, 26.39], [27.12, 27.12, 26.94, 26.95, 26.95, 26.95, 26.96, 26.98, 26.89, 26.79, 26.68, 26.56, 26.45, 26.37, 26.24, 26.28, 26.34, 26.39, 26.41, 26.42], [26.94, 26.94, 26.94, 26.96, 26.96, 26.96, 26.97, 26.97, 26.81, 26.76, 26.69, 26.6, 26.52, 26.33, 26.35, 26.39, 26.43, 26.46, 26.46, 26.46], [26.95, 26.95, 26.95, 26.96, 26.96, 26.96, 26.96, 26.97, 26.77, 26.74, 26.7, 26.64, 26.55, 26.4, 26.44, 26.49, 26.53, 26.53, 26.51, 26.49], [26.95, 26.95, 26.95, 26.96, 26.96, 26.96, 26.96, 26.96, 26.95, 26.95, 26.95, 26.93, 26.75, 26.46, 26.5, 26.57, 26.63, 26.6, 26.55, 26.52], [26.96, 26.96, 26.96, 26.96, 26.96, 26.96, 26.95, 26.95, 26.94, 26.94, 26.94, 26.92, 26.76, 26.73, 26.72, 26.6, 26.76, 26.6, 26.55, 26.53], [26.96, 26.96, 26.96, 26.96, 26.96, 26.96, 26.95, 26.94, 26.93, 26.92, 26.93, 26.93, 26.93, 26.73, 26.71, 26.69, 26.57, 26.51, 26.54, 26.53], [26.96, 26.96, 26.96, 26.96, 26.96, 26.96, 26.95, 26.94, 26.93, 26.92, 26.93, 26.93, 26.93, 26.73, 26.7, 26.69, 26.65, 26.63, 26.53, 26.52], [26.96, 26.96, 26.96, 26.96, 26.96, 26.96, 26.95, 26.95, 26.95, 26.94, 26.94, 26.94, 26.94, 26.77, 26.74, 26.71, 26.68, 26.67, 26.68, 26.68], [26.96, 26.96, 26.96, 26.96, 26.96, 26.96, 26.96, 26.96, 26.96, 26.96, 26.96, 26.88, 26.84, 26.8, 26.76, 26.73, 26.71, 26.7, 26.7, 26.7], [26.96, 26.96, 26.96, 26.96, 26.96, 26.96, 26.96, 26.96, 26.97, 26.97, 26.97, 26.91, 26.86, 26.81, 26.78, 26.75, 26.73, 26.72, 26.71, 26.71], [26.96, 26.96, 26.96, 26.96, 26.96, 26.96, 26.96, 26.97, 26.9, 26.93, 26.95, 26.91, 26.86, 26.82, 26.79, 26.76, 26.75, 26.73, 26.73, 26.72], [26.96, 26.96, 26.96, 26.96, 26.96, 26.96, 26.97, 26.97, 26.89, 26.91, 26.91, 26.89, 26.86, 26.82, 26.8, 26.77, 26.76, 26.75, 26.74, 26.73], [26.96, 26.96, 26.96, 26.96, 26.97, 26.97, 26.97, 26.87, 26.88, 26.88, 26.88, 26.87, 26.85, 26.82, 26.8, 26.78, 26.77, 26.76, 26.75, 26.74]]}]