gis_exercise/awsData/contour/wdir_2023090914.json
[{"header": {"refTime": "2023-09-09T14:00:00.000Z", "nx": 21, "ny": 33, "lo1": 113.509, "la1": 22.2235, "lo2": 113.5947, "la2": 22.1034, "dx": 0.0042850000000001385, "dy": 0.003753125000000024, "parameterCategory": 2, "parameterCategoryName": "Temperature", "parameterNumber": 2}, "data": [-2.19, -2.17, -2.16, -2.01, -2.0, -2.34, -2.29, -2.25, -2.25, -2.17, -2.26, -2.36, -3.04, -3.11, -4.52, -4.76, -5.69, -5.82, -5.92, -5.98, -2.19, -2.18, -2.17, -2.15, -2.0, -1.98, -2.25, -2.15, -2.1, -2.1, -2.26, -2.4, -3.09, -3.16, -4.57, -5.54, -5.75, -5.92, -6.03, -6.09, -2.2, -2.19, -2.18, -2.16, -2.02, -1.99, -1.94, -2.07, -1.8, -2.04, -2.29, -2.49, -3.17, -3.24, -5.27, -5.59, -5.87, -6.07, -6.19, -6.23, -2.22, -2.21, -2.2, -2.19, -2.16, -2.02, -1.98, -1.92, -1.85, -2.13, -2.38, -2.64, -3.29, -3.34, -5.22, -5.69, -6.07, -6.31, -6.41, -6.42, -2.23, -2.23, -2.22, -2.21, -2.2, -2.06, -2.05, -2.02, -2.0, -2.24, -2.46, -3.31, -3.4, -3.37, -5.25, -5.88, -6.41, -6.69, -6.72, -6.64, -2.24, -2.24, -2.24, -2.24, -2.24, -2.24, -2.13, -2.14, -2.12, -2.07, -3.1, -3.29, -3.39, -4.43, -5.41, -6.21, -6.96, -7.28, -7.11, -6.86, -3.41, -2.26, -2.26, -2.27, -2.28, -2.3, -2.36, -2.27, -2.26, -2.62, -2.66, -3.3, -4.7, -4.8, -5.62, -6.53, -7.73, -8.17, -7.89, -7.56, -3.43, -3.39, -3.34, -3.57, -3.52, -2.35, -2.37, -2.44, -2.63, -2.53, -2.22, -4.27, -4.67, -5.16, -6.82, -7.43, -8.17, -8.44, -8.04, -7.77, -3.45, -3.41, -3.35, -3.27, -3.46, -3.45, -3.49, -2.39, -3.16, -2.68, -3.94, -4.84, -5.77, -5.32, -6.81, -7.25, -7.69, -7.89, -7.81, -7.66, -4.66, -4.57, -4.45, -3.28, -3.12, -3.24, -3.55, -3.88, -3.83, -3.62, -4.51, -5.23, -6.04, -5.48, -6.82, -7.1, -7.38, -7.55, -7.57, -7.52, -4.68, -4.6, -4.48, -4.26, -3.81, -2.49, -4.21, -5.18, -4.8, -4.35, -5.51, -5.07, -5.34, -5.27, -6.83, -7.02, -7.2, -7.33, -7.39, -7.39, -4.72, -4.66, -4.57, -4.43, -4.21, -4.11, -4.82, -5.8, -6.22, -6.72, -5.72, -6.32, -6.3, -5.07, -6.83, -6.97, -7.1, -6.72, -6.74, -6.73, -4.77, -4.74, -4.7, -4.67, -4.71, -4.95, -5.38, -5.81, -6.09, -5.77, -6.7, -6.34, -6.3, -5.03, -4.93, -6.22, -6.28, -6.35, -6.41, -6.45, -4.83, -4.82, -4.83, -4.87, -4.99, -5.27, -5.65, -5.61, -5.7, -5.64, -6.65, -5.76, -5.56, -5.38, -4.61, -5.77, -5.87, -5.98, -6.09, -6.18, -4.88, -4.89, -4.92, -4.99, -5.1, -5.28, -5.44, -5.45, -5.39, -5.29, -5.19, -4.04, -5.19, -4.95, -4.8, -5.25, -5.42, -5.61, -5.78, -5.92, -4.93, -4.95, -3.69, -3.77, -3.88, -5.13, -5.1, -5.02, -4.93, -4.88, -3.9, -3.76, -3.59, -3.48, -3.44, -3.79, -3.92, -4.03, -4.65, -4.8, -3.58, -3.6, -3.63, -3.67, -4.88, -4.79, -4.64, -4.45, -4.34, -4.38, -3.59, -3.52, -3.37, -3.17, -2.74, -2.83, -2.89, -2.93, -2.97, -2.99, -3.55, -3.56, -3.56, -3.56, -4.65, -4.47, -4.18, -3.78, -3.58, -3.03, -3.11, -3.35, -3.24, -2.73, -2.67, -2.81, -2.89, -2.95, -2.98, -3.0, -3.51, -3.51, -3.5, -4.62, -4.47, -4.23, -3.83, -3.18, -2.44, -2.81, -2.63, -2.7, -2.77, -2.77, -2.8, -2.86, -2.94, -2.98, -3.01, -3.02, -3.48, -3.47, -3.8, -3.73, -3.62, -3.47, -3.23, -2.91, -2.44, -2.57, -2.68, -2.73, -2.81, -2.85, -2.92, -2.96, -3.0, -3.03, -3.05, -3.05, -3.84, -3.8, -3.75, -3.68, -3.59, -3.47, -3.31, -3.16, -2.65, -2.7, -2.77, -2.8, -2.87, -2.99, -3.01, -3.05, -3.08, -3.09, -3.09, -3.08, -3.8, -3.77, -3.72, -3.66, -3.59, -3.5, -3.42, -2.52, -2.84, -2.87, -2.89, -2.89, -3.4, -3.05, -3.09, -3.14, -3.18, -3.16, -3.12, -3.1, -3.78, -3.75, -3.71, -2.44, -2.47, -2.51, -2.56, -2.63, -2.69, -2.72, -2.68, -3.33, -3.42, -3.09, -3.14, -3.22, -3.32, -3.23, -3.14, -3.1, -2.38, -2.4, -2.42, -2.44, -2.48, -2.54, -2.62, -2.73, -2.88, -2.95, -2.82, -3.07, -3.42, -3.38, -3.35, -3.25, -3.57, -3.16, -3.1, -3.09, -2.37, -2.39, -2.41, -2.44, -2.48, -2.54, -2.63, -2.8, -3.1, -3.35, -2.95, -3.01, -2.98, -3.37, -3.33, -3.28, -3.06, -2.89, -3.04, -3.07, -2.36, -2.38, -2.39, -2.42, -2.45, -2.5, -2.59, -2.74, -3.02, -3.26, -3.04, -2.86, -2.84, -3.37, -3.31, -2.83, -2.87, -2.85, -3.04, -3.06, -2.35, -2.36, -2.37, -2.38, -2.4, -2.43, -2.48, -2.55, -2.62, -2.6, -2.63, -2.57, -2.64, -2.38, -2.57, -2.7, -2.77, -2.79, -2.79, -2.78, -2.33, -2.34, -2.34, -2.35, -2.35, -2.35, -2.35, -2.32, -2.22, -2.19, -2.04, -1.98, -2.11, -2.2, -2.44, -2.58, -2.66, -2.71, -2.72, -2.72, -2.31, -2.31, -2.31, -2.31, -2.29, -2.27, -2.23, -2.13, -1.94, -1.68, -1.22, -1.68, -1.95, -2.11, -2.33, -2.47, -2.57, -2.62, -2.65, -2.67, -2.3, -2.29, -2.28, -2.27, -2.25, -2.21, -2.14, -2.03, -1.86, -1.56, -1.36, -1.65, -1.89, -2.05, -2.25, -2.39, -2.49, -2.55, -2.59, -2.61, -2.28, -2.27, -2.26, -2.24, -2.21, -2.16, -2.1, -2.0, -1.89, -1.74, -1.68, -1.77, -1.92, -2.04, -2.2, -2.33, -2.42, -2.49, -2.53, -2.56, -2.26, -2.25, -2.24, -2.22, -2.18, -2.14, -2.08, -2.05, -1.95, -1.87, -1.85, -1.89, -1.97, -2.05, -2.19, -2.29, -2.38, -2.44, -2.49, -2.52]}, {"header": {"refTime": "2023-09-09T14:00:00.000Z", "nx": 21, "ny": 33, "lo1": 113.509, "la1": 22.2235, "lo2": 113.5947, "la2": 22.1034, "dx": 0.0042850000000001385, "dy": 0.003753125000000024, "parameterCategory": 2, "parameterCategoryName": "Temperature", "parameterNumber": 3}, "data": [0.55, 0.53, 0.52, 0.58, 0.55, 0.57, 0.52, 0.48, 0.47, 0.56, 0.66, 0.75, 1.06, 1.12, 1.72, 1.84, 2.53, 2.59, 2.64, 2.67, 0.56, 0.54, 0.53, 0.5, 0.56, 0.51, 0.48, 0.39, 0.34, 0.47, 0.64, 0.78, 1.1, 1.16, 1.76, 2.46, 2.56, 2.63, 2.69, 2.72, 0.57, 0.56, 0.54, 0.52, 0.57, 0.52, 0.44, 0.32, 0.06, 0.4, 0.67, 0.85, 1.17, 1.22, 2.33, 2.48, 2.61, 2.7, 2.76, 2.78, 0.58, 0.58, 0.56, 0.55, 0.52, 0.57, 0.5, 0.39, 0.28, 0.52, 0.77, 0.97, 1.26, 1.52, 2.31, 2.52, 2.7, 2.81, 2.86, 2.86, 0.6, 0.6, 0.59, 0.58, 0.56, 0.63, 0.6, 0.57, 0.56, 0.72, 0.9, 1.49, 1.44, 1.51, 2.32, 2.61, 2.85, 2.98, 3.0, 2.96, 0.62, 0.62, 0.62, 0.62, 0.61, 0.61, 0.71, 0.73, 0.75, 0.79, 1.51, 1.53, 1.51, 1.86, 2.4, 2.76, 3.1, 3.25, 3.17, 3.06, 1.67, 0.64, 0.64, 0.65, 0.66, 0.67, 1.0, 0.85, 0.89, 1.3, 1.38, 1.62, 2.03, 2.04, 2.51, 2.92, 3.45, 3.64, 3.42, 3.25, 1.68, 1.65, 1.61, 1.43, 1.41, 0.97, 0.99, 1.01, 1.09, 1.27, 1.27, 2.01, 2.14, 2.19, 2.95, 3.24, 3.6, 3.73, 3.54, 3.41, 1.7, 1.67, 1.62, 1.55, 1.38, 1.37, 1.4, 0.99, 1.4, 1.32, 1.85, 2.14, 2.4, 2.28, 2.92, 3.14, 3.37, 3.46, 3.42, 3.35, 2.29, 2.24, 2.16, 1.56, 1.43, 1.26, 1.42, 1.59, 1.74, 1.68, 2.02, 2.24, 2.46, 2.31, 2.9, 3.06, 3.21, 3.29, 3.3, 3.28, 2.31, 2.26, 2.19, 2.05, 1.75, 0.89, 1.95, 2.47, 2.04, 1.99, 2.39, 2.19, 2.27, 2.25, 2.9, 3.01, 3.12, 3.18, 3.21, 3.22, 2.35, 2.31, 2.26, 2.18, 2.04, 1.97, 2.37, 2.76, 2.89, 3.14, 2.49, 2.69, 2.66, 2.19, 2.91, 2.99, 3.06, 3.02, 3.04, 3.04, 2.39, 2.37, 2.36, 2.36, 2.4, 2.62, 2.93, 2.91, 2.9, 2.8, 3.13, 2.71, 2.68, 2.29, 2.27, 2.81, 2.85, 2.89, 2.92, 2.94, 2.43, 2.43, 2.45, 2.5, 2.62, 2.9, 3.39, 3.0, 2.87, 2.8, 3.16, 2.6, 2.53, 2.48, 2.2, 2.68, 2.73, 2.77, 2.82, 2.85, 2.47, 2.48, 2.52, 2.58, 2.69, 2.86, 2.99, 3.37, 3.32, 3.3, 3.29, 2.65, 2.44, 2.38, 2.33, 2.54, 2.59, 2.66, 2.72, 2.77, 2.5, 2.52, 2.59, 2.64, 2.73, 3.36, 3.36, 3.34, 3.31, 3.29, 2.72, 2.61, 2.47, 2.28, 2.22, 2.6, 2.73, 2.86, 3.3, 3.4, 2.57, 2.59, 2.63, 2.68, 3.33, 3.33, 3.32, 3.3, 3.29, 3.28, 2.72, 2.58, 2.4, 2.2, 2.34, 2.47, 2.71, 2.9, 3.03, 3.12, 2.6, 2.63, 2.66, 2.71, 3.31, 3.31, 3.29, 3.27, 3.25, 2.99, 2.85, 2.57, 2.36, 2.34, 1.87, 2.39, 2.74, 2.96, 3.09, 3.18, 2.62, 2.65, 2.69, 3.31, 3.3, 3.29, 3.27, 3.24, 3.15, 3.02, 2.52, 2.33, 2.79, 2.54, 2.35, 2.6, 2.89, 3.08, 3.2, 3.26, 2.64, 2.67, 2.93, 2.94, 2.94, 2.96, 2.99, 3.04, 2.9, 2.7, 2.49, 2.33, 2.97, 2.87, 2.81, 2.95, 3.13, 3.26, 3.33, 3.37, 2.89, 2.88, 2.88, 2.88, 2.88, 2.88, 2.89, 2.91, 2.63, 2.54, 2.41, 2.3, 3.16, 3.09, 3.16, 3.29, 3.42, 3.48, 3.49, 3.47, 2.85, 2.84, 2.83, 2.82, 2.81, 2.79, 2.77, 2.29, 2.43, 2.37, 2.31, 2.25, 2.86, 3.32, 3.44, 3.59, 3.71, 3.71, 3.64, 3.57, 2.82, 2.8, 2.79, 2.09, 2.1, 2.11, 2.11, 2.1, 2.07, 2.03, 2.0, 3.07, 3.22, 3.48, 3.63, 3.85, 4.07, 3.93, 3.74, 3.63, 2.02, 2.02, 2.02, 2.02, 2.02, 2.01, 1.99, 1.95, 1.9, 1.87, 1.87, 2.38, 3.16, 3.43, 3.69, 3.95, 4.6, 3.88, 3.71, 3.64, 1.98, 1.98, 1.97, 1.96, 1.95, 1.92, 1.89, 1.85, 1.79, 1.76, 1.77, 2.25, 2.55, 3.38, 3.61, 3.79, 3.73, 3.45, 3.63, 3.62, 1.95, 1.94, 1.92, 1.91, 1.88, 1.85, 1.81, 1.77, 1.74, 1.72, 1.95, 2.14, 2.4, 3.32, 3.52, 3.51, 3.55, 3.51, 3.61, 3.6, 1.92, 1.9, 1.88, 1.86, 1.83, 1.79, 1.75, 1.7, 1.65, 1.61, 1.85, 2.0, 2.24, 2.91, 3.16, 3.33, 3.42, 3.44, 3.45, 3.44, 1.89, 1.87, 1.85, 1.82, 1.78, 1.74, 1.69, 1.62, 1.53, 1.63, 1.6, 1.45, 1.59, 1.73, 2.98, 3.17, 3.28, 3.34, 3.36, 3.36, 1.86, 1.84, 1.82, 1.79, 1.75, 1.7, 1.64, 1.56, 1.43, 1.39, 1.06, 1.32, 1.51, 1.66, 2.83, 3.03, 3.15, 3.23, 3.27, 3.29, 1.84, 1.82, 1.8, 1.76, 1.72, 1.67, 1.61, 1.52, 1.37, 1.23, 1.15, 1.31, 1.48, 1.62, 2.73, 2.91, 3.04, 3.13, 3.19, 3.22, 1.83, 1.81, 1.78, 1.75, 1.71, 1.66, 1.6, 1.53, 1.41, 1.34, 1.32, 1.39, 1.5, 1.62, 2.67, 2.84, 2.96, 3.05, 3.11, 3.15, 1.82, 1.79, 1.77, 1.74, 1.7, 1.66, 1.6, 1.5, 1.46, 1.43, 1.43, 1.47, 1.54, 1.62, 2.64, 2.79, 2.9, 2.99, 3.05, 3.1]}, {"header": {"refTime": "2023-09-09T14:00:00.000Z", "nx": 21, "ny": 33, "lo1": 113.509, "la1": 22.2235, "lo2": 113.5947, "la2": 22.1034, "dx": 0.0042850000000001385, "dy": 0.003753125000000024, "parameterCategory": 0, "parameterCategoryName": "Temperature", "parameterNumber": 0}, "data": [[25.57, 25.58, 25.58, 25.43, 25.44, 25.62, 25.63, 25.64, 25.65, 25.61, 25.6, 25.6, 25.76, 25.77, 25.74, 25.74, 25.76, 25.76, 25.76, 25.76], [25.57, 25.57, 25.58, 25.58, 25.44, 25.46, 25.63, 25.65, 25.66, 25.62, 25.61, 25.61, 25.77, 25.77, 25.74, 25.77, 25.76, 25.76, 25.76, 25.76], [25.57, 25.57, 25.57, 25.57, 25.43, 25.45, 25.49, 25.65, 25.69, 25.63, 25.61, 25.61, 25.77, 25.78, 25.77, 25.77, 25.76, 25.76, 25.76, 25.75], [25.57, 25.57, 25.57, 25.57, 25.57, 25.44, 25.47, 25.52, 25.56, 25.61, 25.6, 25.63, 25.78, 25.66, 25.77, 25.76, 25.76, 25.75, 25.75, 25.75], [25.57, 25.57, 25.57, 25.56, 25.56, 25.41, 25.42, 25.44, 25.44, 25.55, 25.57, 25.66, 25.74, 25.68, 25.77, 25.76, 25.75, 25.75, 25.74, 25.75], [25.57, 25.57, 25.57, 25.56, 25.55, 25.54, 25.38, 25.37, 25.36, 25.33, 25.53, 25.62, 25.7, 25.8, 25.77, 25.75, 25.74, 25.73, 25.74, 25.74], [25.52, 25.57, 25.57, 25.56, 25.55, 25.53, 25.35, 25.33, 25.31, 25.31, 25.32, 25.57, 25.8, 25.8, 25.77, 25.75, 25.73, 25.72, 25.72, 25.72], [25.53, 25.53, 25.53, 25.53, 25.52, 25.41, 25.37, 25.32, 25.31, 25.28, 25.2, 25.58, 25.59, 25.8, 25.74, 25.75, 25.73, 25.72, 25.73, 25.74], [25.47, 25.48, 25.55, 25.55, 25.56, 25.54, 25.49, 25.35, 25.24, 25.32, 25.37, 25.47, 25.52, 25.46, 25.74, 25.75, 25.74, 25.73, 25.74, 25.74], [25.7, 25.7, 25.7, 25.51, 25.54, 25.61, 25.56, 25.49, 25.19, 25.2, 25.53, 25.41, 25.45, 25.43, 25.74, 25.76, 25.75, 25.74, 25.74, 25.75], [25.7, 25.7, 25.7, 25.7, 25.7, 25.7, 25.7, 25.7, 25.56, 25.23, 25.1, 25.37, 25.4, 25.4, 25.74, 25.76, 25.75, 25.75, 25.75, 25.75], [25.7, 25.7, 25.7, 25.7, 25.7, 25.7, 25.7, 25.7, 25.7, -999.0, 25.1, 25.8, 25.8, 25.38, 25.74, 25.76, 25.76, 25.36, 25.37, 25.37], [25.7, 25.7, 25.7, 25.7, 25.7, 25.7, 25.7, 25.7, 25.7, 25.7, -999.0, 25.8, 25.8, 25.34, 25.54, 25.48, 25.49, 25.41, 25.42, 25.43], [25.7, 25.7, 25.7, 25.7, 25.7, 25.7, 25.7, 25.7, 25.7, 25.7, -999.0, 25.1, 25.1, 25.1, 25.48, 25.43, 25.44, 25.37, 25.38, 25.39], [25.7, 25.7, 25.7, 25.7, 25.7, 25.7, 25.7, 25.9, 25.9, 25.9, 25.9, 25.59, 25.1, 25.1, 25.1, 25.37, 25.39, 25.32, 25.34, 25.36], [25.7, 25.7, 25.83, 25.83, 25.83, 25.9, 25.9, 25.9, 25.9, 25.9, 25.4, 25.45, 25.38, 25.31, 25.39, 25.28, 25.31, 25.26, 25.39, 25.41], [25.83, 25.83, 25.77, 25.77, 25.9, 25.9, 25.9, 25.9, 25.9, 25.9, 25.56, 25.46, 25.35, 25.26, 25.25, 25.25, 25.3, 25.34, 25.37, 25.39], [25.77, 25.77, 25.78, 25.78, 25.9, 25.9, 25.9, 25.9, 25.9, 25.7, 25.59, 25.47, 25.34, 25.26, 25.12, 25.23, 25.31, 25.35, 25.38, 25.41], [25.78, 25.78, 25.78, 25.9, 25.9, 25.9, 25.9, 25.9, 25.83, 25.74, 25.69, 25.59, 25.41, 25.31, 25.22, 25.27, 25.34, 25.38, 25.41, 25.42], [25.78, 25.78, 25.96, 25.95, 25.95, 25.95, 25.94, 25.92, 25.84, 25.78, 25.71, 25.62, 25.45, 25.39, 25.32, 25.35, 25.39, 25.42, 25.44, 25.45], [25.96, 25.96, 25.96, 25.94, 25.94, 25.94, 25.93, 25.93, 25.8, 25.77, 25.72, 25.66, 25.49, 25.38, 25.39, 25.42, 25.44, 25.46, 25.47, 25.47], [25.95, 25.95, 25.95, 25.94, 25.94, 25.94, 25.94, 26.0, 25.8, 25.78, 25.74, 25.7, 25.55, 25.43, 25.45, 25.48, 25.5, 25.51, 25.5, 25.49], [25.95, 25.95, 25.95, 26.04, 26.03, 26.03, 26.03, 26.02, 26.02, 26.03, 26.03, 25.87, 25.75, 25.46, 25.49, 25.52, 25.55, 25.55, 25.53, 25.51], [26.05, 26.05, 26.05, 26.05, 26.04, 26.04, 26.04, 26.04, 26.03, 26.03, 26.04, 25.98, 25.76, 25.71, 25.67, 25.54, 25.58, 25.57, 25.55, 25.53], [26.06, 26.06, 26.06, 26.06, 26.05, 26.05, 26.05, 26.05, 26.03, 26.02, 26.05, 26.0, 25.96, 25.72, 25.68, 25.65, 25.57, 25.58, 25.55, 25.53], [26.06, 26.06, 26.06, 26.06, 26.07, 26.07, 26.07, 26.06, 26.05, 26.03, 26.03, 26.02, 25.99, 25.73, 25.69, 25.71, 25.67, 25.67, 25.54, 25.53], [26.07, 26.07, 26.07, 26.07, 26.08, 26.08, 26.08, 26.08, 26.08, 26.09, 26.07, 26.06, 26.02, 25.85, 25.79, 25.74, 25.71, 25.7, 25.7, 25.71], [26.07, 26.07, 26.08, 26.08, 26.09, 26.09, 26.1, 26.11, 26.13, 26.13, 26.14, 26.11, 26.06, 26.01, 25.83, 25.78, 25.75, 25.74, 25.73, 25.73], [26.08, 26.08, 26.08, 26.09, 26.09, 26.1, 26.11, 26.13, 26.16, 26.19, 26.25, 26.16, 26.09, 26.03, 25.86, 25.82, 25.78, 25.77, 25.76, 25.75], [26.08, 26.08, 26.09, 26.09, 26.1, 26.11, 26.12, 26.14, 26.14, 26.19, 26.22, 26.16, 26.1, 26.04, 25.89, 25.84, 25.81, 25.79, 25.78, 25.77], [26.08, 26.09, 26.09, 26.1, 26.11, 26.11, 26.13, 26.14, 26.12, 26.15, 26.15, 26.13, 26.09, 26.05, 25.9, 25.86, 25.83, 25.81, 25.8, 25.79], [26.09, 26.09, 26.1, 26.1, 26.11, 26.12, 26.13, 26.09, 26.1, 26.12, 26.12, 26.1, 26.07, 26.04, 25.91, 25.87, 25.85, 25.83, 25.81, 25.8]]}]