gis_exercise/awsData/contour/wdir_2023090718.json
[{"header": {"refTime": "2023-09-07T18:00:00.000Z", "nx": 21, "ny": 33, "lo1": 113.509, "la1": 22.2235, "lo2": 113.5947, "la2": 22.1034, "dx": 0.0042850000000001385, "dy": 0.003753125000000024, "parameterCategory": 2, "parameterCategoryName": "Temperature", "parameterNumber": 2}, "data": [-1.07, -1.05, -1.02, -0.7, -0.67, -0.77, -0.72, -0.67, -0.65, -0.47, -0.53, -0.58, -0.95, -0.99, -1.11, -1.17, -1.67, -1.69, -1.71, -1.72, -1.08, -1.06, -1.03, -0.99, -0.68, -0.64, -0.69, -0.59, -0.53, -0.43, -0.52, -0.6, -0.97, -1.02, -1.14, -1.64, -1.67, -1.7, -1.72, -1.73, -1.11, -1.09, -1.06, -1.02, -0.7, -0.66, -0.58, -0.53, -0.26, -0.39, -0.54, -0.65, -1.01, -1.05, -1.58, -1.64, -1.69, -1.72, -1.74, -1.75, -1.13, -1.12, -1.1, -1.07, -1.02, -0.7, -0.64, -0.54, -0.44, -0.45, -0.59, -0.73, -1.07, -1.15, -1.57, -1.65, -1.72, -1.76, -1.78, -1.78, -1.16, -1.15, -1.14, -1.12, -1.09, -0.77, -0.75, -0.71, -0.67, -0.53, -0.65, -1.13, -1.11, -1.16, -1.58, -1.69, -1.77, -1.81, -1.82, -1.81, -1.19, -1.19, -1.18, -1.18, -1.17, -1.16, -0.88, -0.9, -0.87, -0.8, -1.08, -1.15, -1.16, -1.68, -1.62, -1.74, -1.85, -1.89, -1.87, -1.84, -2.11, -1.22, -1.23, -1.24, -1.24, -1.25, -1.35, -1.1, -1.1, -1.17, -1.08, -1.21, -1.87, -1.9, -1.69, -1.8, -1.95, -2.01, -2.1, -2.09, -2.12, -2.1, -2.07, -2.16, -2.13, -1.38, -1.38, -1.44, -1.53, -1.11, -0.76, -1.74, -1.94, -2.11, -2.35, -2.3, -2.22, -2.19, -2.23, -2.26, -2.13, -2.11, -2.08, -2.04, -2.11, -2.1, -2.11, -1.39, -1.71, -1.21, -1.54, -1.99, -2.41, -2.21, -2.41, -2.34, -2.28, -2.25, -2.26, -2.28, -2.72, -2.68, -2.63, -2.05, -1.97, -2.01, -2.15, -2.3, -2.03, -1.86, -1.82, -2.16, -2.53, -2.27, -2.45, -2.37, -2.32, -2.3, -2.29, -2.29, -2.73, -2.7, -2.64, -2.53, -2.32, -1.68, -2.5, -2.96, -2.74, -2.28, -2.52, -2.08, -2.21, -2.18, -2.45, -2.39, -2.35, -2.33, -2.32, -2.31, -2.75, -2.72, -2.68, -2.62, -2.51, -2.46, -2.8, -3.25, -3.44, -3.51, -2.7, -2.94, -2.88, -2.09, -2.44, -2.4, -2.37, -2.48, -2.46, -2.45, -2.78, -2.76, -2.75, -2.74, -2.76, -2.88, -3.09, -3.27, -3.39, -3.24, -3.44, -2.99, -2.92, -2.5, -2.49, -2.54, -2.51, -2.49, -2.47, -2.46, -2.81, -2.81, -2.81, -2.83, -2.89, -3.04, -3.24, -3.19, -3.22, -3.19, -3.44, -3.12, -3.04, -2.98, -2.46, -2.52, -2.5, -2.49, -2.48, -2.47, -2.83, -2.84, -2.86, -2.89, -2.95, -3.04, -3.12, -3.01, -2.94, -2.87, -2.81, -2.46, -2.97, -2.9, -2.85, -2.49, -2.48, -2.48, -2.48, -2.47, -2.86, -2.87, -2.12, -2.16, -2.22, -2.81, -2.79, -2.73, -2.66, -2.62, -2.32, -2.33, -2.34, -2.21, -2.25, -2.34, -2.33, -2.31, -2.06, -2.04, -2.05, -2.06, -2.07, -2.08, -2.64, -2.59, -2.49, -2.37, -2.29, -2.32, -2.14, -2.22, -2.28, -2.32, -2.1, -2.04, -1.92, -1.83, -1.76, -1.72, -2.02, -2.02, -2.02, -2.0, -2.5, -2.38, -2.2, -1.95, -1.82, -1.73, -1.9, -2.13, -2.24, -2.09, -2.33, -2.07, -1.91, -1.8, -1.73, -1.69, -1.99, -1.98, -1.96, -2.48, -2.38, -2.23, -1.98, -1.57, -1.16, -1.55, -1.66, -1.84, -1.83, -2.0, -2.1, -1.98, -1.84, -1.75, -1.69, -1.65, -1.96, -1.95, -2.16, -2.11, -2.03, -1.92, -1.75, -1.5, -1.28, -1.48, -1.69, -1.85, -1.76, -1.87, -1.89, -1.82, -1.73, -1.67, -1.62, -1.6, -2.2, -2.17, -2.14, -2.09, -2.03, -1.94, -1.83, -1.72, -1.55, -1.65, -1.77, -1.88, -1.7, -1.75, -1.73, -1.67, -1.61, -1.57, -1.55, -1.54, -2.19, -2.16, -2.13, -2.1, -2.05, -2.0, -1.94, -1.59, -1.76, -1.82, -1.88, -1.93, -2.13, -1.65, -1.61, -1.55, -1.51, -1.48, -1.48, -1.49, -2.18, -2.16, -2.14, -1.66, -1.67, -1.68, -1.7, -1.74, -1.79, -1.83, -1.82, -1.78, -1.72, -1.57, -1.52, -1.47, -1.43, -1.4, -1.41, -1.44, -1.66, -1.67, -1.68, -1.69, -1.71, -1.75, -1.8, -1.88, -1.98, -2.03, -1.96, -1.99, -1.74, -1.61, -1.5, -1.41, -1.42, -1.3, -1.35, -1.4, -1.68, -1.69, -1.7, -1.72, -1.75, -1.79, -1.86, -1.96, -2.14, -2.29, -2.08, -2.01, -1.9, -1.62, -1.5, -1.4, -1.27, -1.2, -1.32, -1.38, -1.69, -1.7, -1.72, -1.74, -1.77, -1.81, -1.87, -1.97, -2.13, -2.26, -2.12, -1.98, -1.89, -1.64, -1.52, -1.28, -1.24, -1.22, -1.34, -1.38, -1.7, -1.71, -1.73, -1.74, -1.77, -1.81, -1.85, -1.91, -1.97, -1.98, -1.96, -1.89, -1.85, -1.33, -1.31, -1.29, -1.27, -1.25, -1.26, -1.27, -1.7, -1.72, -1.73, -1.75, -1.77, -1.79, -1.82, -1.83, -1.83, -1.83, -1.78, -1.71, -1.69, -1.64, -1.32, -1.3, -1.28, -1.28, -1.27, -1.28, -1.71, -1.72, -1.73, -1.74, -1.76, -1.77, -1.78, -1.77, -1.74, -1.68, -1.55, -1.64, -1.65, -1.63, -1.33, -1.31, -1.3, -1.29, -1.29, -1.29, -1.71, -1.72, -1.73, -1.74, -1.75, -1.75, -1.75, -1.74, -1.7, -1.63, -1.58, -1.62, -1.64, -1.63, -1.34, -1.32, -1.31, -1.3, -1.3, -1.3, -1.71, -1.72, -1.72, -1.73, -1.74, -1.74, -1.73, -1.72, -1.69, -1.65, -1.63, -1.63, -1.64, -1.63, -1.35, -1.33, -1.32, -1.31, -1.31, -1.3, -1.71, -1.71, -1.72, -1.72, -1.73, -1.73, -1.72, -1.71, -1.69, -1.67, -1.65, -1.65, -1.64, -1.63, -1.35, -1.34, -1.33, -1.32, -1.31, -1.31]}, {"header": {"refTime": "2023-09-07T18:00:00.000Z", "nx": 21, "ny": 33, "lo1": 113.509, "la1": 22.2235, "lo2": 113.5947, "la2": 22.1034, "dx": 0.0042850000000001385, "dy": 0.003753125000000024, "parameterCategory": 2, "parameterCategoryName": "Temperature", "parameterNumber": 3}, "data": [0.5, 0.48, 0.47, 0.32, 0.3, 0.4, 0.36, 0.33, 0.31, 0.23, 0.29, 0.35, 0.78, 0.83, 1.06, 1.14, 1.75, 1.79, 1.82, 1.84, 0.51, 0.5, 0.48, 0.45, 0.31, 0.27, 0.34, 0.26, 0.21, 0.19, 0.29, 0.37, 0.81, 0.86, 1.09, 1.71, 1.76, 1.81, 1.84, 1.86, 0.52, 0.51, 0.49, 0.47, 0.32, 0.29, 0.23, 0.2, -0.02, 0.15, 0.31, 0.42, 0.85, 0.9, 1.62, 1.71, 1.79, 1.85, 1.88, 1.89, 0.54, 0.53, 0.52, 0.5, 0.47, 0.32, 0.28, 0.19, 0.12, 0.21, 0.36, 0.51, 0.9, 1.01, 1.6, 1.74, 1.84, 1.91, 1.93, 1.94, 0.55, 0.55, 0.54, 0.53, 0.52, 0.38, 0.36, 0.33, 0.3, 0.31, 0.43, 0.98, 0.93, 1.01, 1.61, 1.79, 1.92, 2.0, 2.01, 1.99, 0.57, 0.57, 0.57, 0.57, 0.57, 0.56, 0.45, 0.46, 0.45, 0.42, 0.95, 1.01, 1.01, 1.53, 1.68, 1.88, 2.06, 2.13, 2.1, 2.05, 0.94, 0.6, 0.6, 0.61, 0.61, 0.63, 0.75, 0.61, 0.61, 0.85, 0.86, 1.12, 1.77, 1.77, 1.78, 1.98, 2.24, 2.34, 2.3, 2.24, 0.94, 0.94, 0.93, 0.89, 0.9, 0.75, 0.76, 0.81, 0.94, 0.79, 0.56, 1.68, 1.89, 1.98, 2.4, 2.44, 2.48, 2.49, 2.47, 2.46, 0.94, 0.93, 0.93, 0.92, 0.88, 0.89, 0.9, 0.77, 0.79, 0.89, 1.4, 1.86, 2.23, 2.05, 2.42, 2.44, 2.46, 2.47, 2.46, 2.45, 0.96, 0.95, 0.94, 0.91, 0.89, 0.86, 0.89, 0.92, 0.79, 0.74, 1.66, 1.98, 2.31, 2.1, 2.44, 2.44, 2.45, 2.45, 2.45, 2.45, 0.96, 0.95, 0.95, 0.93, 0.9, 0.8, 0.92, 0.97, 0.94, 0.8, 1.45, 1.91, 2.03, 2.0, 2.44, 2.44, 2.44, 2.44, 2.44, 2.44, 0.96, 0.96, 0.95, 0.95, 0.93, 0.92, 0.96, 0.99, 1.0, 1.41, 1.4, 1.98, 2.08, 1.92, 2.44, 2.44, 2.44, 2.02, 2.01, 2.0, 0.97, 0.97, 0.97, 0.97, 0.97, 1.0, 1.04, 1.02, 1.01, 1.0, 1.54, 1.89, 1.98, 1.82, 1.77, 1.9, 1.89, 1.9, 1.9, 1.91, 0.97, 0.98, 0.98, 0.98, 1.0, 1.04, 1.11, 1.04, 1.02, 1.01, 1.5, 1.4, 1.4, 1.38, 1.58, 1.71, 1.73, 1.76, 1.79, 1.82, 0.98, 0.98, 0.99, 0.99, 1.01, 1.03, 1.05, 0.85, 0.79, 0.74, 0.7, 0.45, 1.25, 1.2, 1.17, 1.49, 1.55, 1.61, 1.67, 1.72, 0.98, 0.99, 0.66, 0.67, 0.68, 0.75, 0.74, 0.7, 0.65, 0.62, 0.39, 0.4, 0.4, 0.76, 0.75, 0.82, 0.85, 0.88, 0.87, 0.91, 0.62, 0.62, 0.62, 0.61, 0.66, 0.63, 0.58, 0.51, 0.47, 0.47, 0.31, 0.35, 0.38, 0.4, 0.31, 0.31, 0.27, 0.23, 0.21, 0.2, 0.59, 0.59, 0.58, 0.56, 0.58, 0.52, 0.42, 0.3, 0.23, 0.2, 0.28, 0.31, 0.36, 0.3, 0.4, 0.32, 0.26, 0.23, 0.2, 0.19, 0.57, 0.56, 0.54, 0.56, 0.52, 0.44, 0.31, 0.11, -0.1, 0.1, 0.33, 0.42, 0.19, 0.26, 0.33, 0.29, 0.24, 0.21, 0.19, 0.17, 0.55, 0.53, 0.76, 0.72, 0.66, 0.58, 0.45, 0.25, 0.07, 0.24, 0.39, 0.47, 0.16, 0.21, 0.25, 0.23, 0.2, 0.18, 0.16, 0.16, 0.81, 0.79, 0.77, 0.74, 0.7, 0.64, 0.56, 0.47, 0.34, 0.42, 0.5, 0.55, 0.14, 0.21, 0.2, 0.18, 0.16, 0.15, 0.14, 0.14, 0.82, 0.81, 0.8, 0.78, 0.76, 0.73, 0.7, 0.63, 0.59, 0.63, 0.66, 0.66, 0.72, 0.17, 0.16, 0.14, 0.12, 0.11, 0.12, 0.12, 0.84, 0.83, 0.83, 0.75, 0.75, 0.76, 0.79, 0.83, 0.89, 0.93, 0.93, 0.71, 0.65, 0.15, 0.13, 0.11, 0.09, 0.09, 0.09, 0.1, 0.77, 0.77, 0.78, 0.8, 0.82, 0.85, 0.91, 1.0, 1.12, 1.17, 1.11, 1.07, 0.68, 0.5, 0.35, 0.09, 0.07, 0.06, 0.08, 0.09, 0.79, 0.8, 0.82, 0.84, 0.87, 0.92, 0.99, 1.11, 1.31, 1.47, 1.25, 1.11, 0.95, 0.53, 0.36, 0.23, 0.05, 0.04, 0.07, 0.09, 0.81, 0.82, 0.84, 0.87, 0.9, 0.95, 1.03, 1.14, 1.31, 1.45, 1.27, 1.1, 0.96, 0.55, 0.4, 0.16, 0.12, 0.1, 0.08, 0.09, 0.83, 0.84, 0.86, 0.89, 0.92, 0.96, 1.02, 1.09, 1.17, 1.18, 1.13, 1.04, 0.95, 0.32, 0.25, 0.2, 0.16, 0.15, 0.15, 0.16, 0.84, 0.85, 0.87, 0.9, 0.92, 0.96, 1.0, 1.03, 1.04, 1.04, 0.99, 0.96, 0.91, 0.83, 0.3, 0.24, 0.21, 0.19, 0.18, 0.18, 0.85, 0.86, 0.88, 0.9, 0.92, 0.95, 0.97, 0.98, 0.97, 0.93, 0.87, 0.9, 0.89, 0.84, 0.33, 0.28, 0.24, 0.22, 0.21, 0.21, 0.85, 0.86, 0.88, 0.9, 0.92, 0.93, 0.95, 0.95, 0.96, 0.91, 0.88, 0.89, 0.88, 0.84, 0.36, 0.31, 0.27, 0.25, 0.24, 0.23, 0.85, 0.87, 0.88, 0.89, 0.91, 0.92, 0.93, 0.93, 0.94, 0.92, 0.9, 0.89, 0.87, 0.84, 0.38, 0.33, 0.3, 0.27, 0.26, 0.25, 0.86, 0.87, 0.88, 0.89, 0.9, 0.91, 0.92, 0.95, 0.93, 0.92, 0.9, 0.89, 0.87, 0.84, 0.38, 0.35, 0.31, 0.29, 0.28, 0.26]}, {"header": {"refTime": "2023-09-07T18:00:00.000Z", "nx": 21, "ny": 33, "lo1": 113.509, "la1": 22.2235, "lo2": 113.5947, "la2": 22.1034, "dx": 0.0042850000000001385, "dy": 0.003753125000000024, "parameterCategory": 0, "parameterCategoryName": "Temperature", "parameterNumber": 0}, "data": [[26.28, 26.28, 26.27, 26.08, 26.08, 26.34, 26.32, 26.31, 26.31, 26.24, 26.28, 26.32, 26.56, 26.59, 26.63, 26.64, 26.81, 26.81, 26.81, 26.81], [26.29, 26.28, 26.27, 26.26, 26.08, 26.08, 26.3, 26.27, 26.25, 26.22, 26.28, 26.34, 26.59, 26.61, 26.65, 26.81, 26.81, 26.81, 26.81, 26.81], [26.29, 26.29, 26.28, 26.27, 26.09, 26.09, 26.09, 26.24, 26.14, 26.2, 26.3, 26.38, 26.63, 26.65, 26.82, 26.81, 26.81, 26.81, 26.81, 26.8], [26.3, 26.29, 26.29, 26.28, 26.27, 26.09, 26.09, 26.09, 26.09, 26.23, 26.33, 26.46, 26.71, 26.64, 26.82, 26.81, 26.81, 26.81, 26.8, 26.8], [26.3, 26.3, 26.3, 26.29, 26.28, 26.09, 26.1, 26.09, 26.08, 26.24, 26.34, 26.65, 26.79, 26.67, 26.82, 26.81, 26.81, 26.8, 26.8, 26.8], [26.31, 26.31, 26.31, 26.31, 26.3, 26.29, 26.11, 26.11, 26.09, 26.05, 26.42, 26.57, 26.7, 26.83, 26.81, 26.81, 26.8, 26.8, 26.8, 26.8], [26.41, 26.32, 26.32, 26.32, 26.32, 26.31, 26.22, 26.14, 26.13, 26.15, 26.13, 26.46, 26.79, 26.8, 26.8, 26.8, 26.8, 26.8, 26.82, 26.82], [26.41, 26.42, 26.42, 26.41, 26.41, 26.26, 26.24, 26.24, 26.27, 26.11, 25.95, 26.42, 26.43, 26.8, 26.76, 26.75, 26.77, 26.78, 26.77, 26.76], [26.39, 26.39, 26.42, 26.43, 26.43, 26.42, 26.4, 26.24, 26.14, 26.17, 26.15, 26.28, 26.34, 26.26, 26.76, 26.75, 26.76, 26.77, 26.76, 26.76], [26.5, 26.5, 26.5, 26.41, 26.42, 26.45, 26.43, 26.4, 26.02, 26.04, 26.35, 26.2, 26.24, 26.22, 26.76, 26.74, 26.75, 26.76, 26.76, 26.75], [26.5, 26.5, 26.5, 26.5, 26.5, 26.5, 26.5, 26.5, 26.43, 26.13, 25.8, 26.14, 26.18, 26.19, 26.76, 26.74, 26.75, 26.75, 26.75, 26.75], [26.5, 26.5, 26.5, 26.5, 26.5, 26.5, 26.5, 26.5, 26.5, -999.0, 25.8, 26.7, 26.7, 26.16, 26.76, 26.74, 26.74, 26.06, 26.08, 26.08], [26.5, 26.5, 26.5, 26.5, 26.5, 26.5, 26.5, 26.5, 26.5, 26.5, -999.0, 26.7, 26.7, 25.92, 26.26, 26.33, 26.34, 26.18, 26.2, 26.21], [26.5, 26.5, 26.5, 26.5, 26.5, 26.5, 26.5, 26.5, 26.5, 26.5, -999.0, 25.5, 25.5, 25.5, 26.16, 26.22, 26.24, 26.08, 26.11, 26.14], [26.5, 26.5, 26.5, 26.5, 26.5, 26.5, 26.5, 26.5, 26.5, 26.5, 26.5, 26.12, 25.5, 25.5, 25.5, 26.1, 26.13, 25.98, 26.03, 26.07], [26.5, 26.5, 26.5, 26.5, 26.5, 26.5, 26.5, 26.5, 26.5, 26.5, 25.87, 25.94, 25.85, 25.76, 25.86, 25.9, 25.96, 25.86, 26.14, 26.18], [26.5, 26.5, 26.5, 26.5, 26.5, 26.5, 26.5, 26.5, 26.5, 26.5, 26.07, 25.95, 25.82, 25.7, 25.74, 25.78, 25.88, 25.96, 26.02, 26.06], [26.5, 26.5, 26.5, 26.5, 26.5, 26.5, 26.5, 26.5, 26.5, 26.25, 26.11, 25.96, 25.81, 25.75, 25.54, 25.75, 25.89, 25.99, 26.04, 26.08], [26.5, 26.5, 26.5, 26.5, 26.5, 26.5, 26.5, 26.5, 26.41, 26.31, 26.21, 26.09, 25.97, 25.83, 25.73, 25.84, 25.95, 26.04, 26.09, 26.12], [26.5, 26.5, 26.5, 26.5, 26.5, 26.5, 26.5, 26.5, 26.41, 26.33, 26.23, 26.13, 26.04, 25.97, 25.92, 25.98, 26.05, 26.11, 26.14, 26.16], [26.5, 26.5, 26.5, 26.5, 26.5, 26.5, 26.5, 26.5, 26.34, 26.3, 26.24, 26.16, 26.11, 26.04, 26.06, 26.11, 26.17, 26.2, 26.21, 26.21], [26.5, 26.5, 26.5, 26.5, 26.5, 26.5, 26.5, 26.53, 26.33, 26.3, 26.26, 26.2, 26.18, 26.13, 26.17, 26.23, 26.27, 26.28, 26.27, 26.25], [26.5, 26.5, 26.5, 26.55, 26.55, 26.55, 26.54, 26.54, 26.54, 26.54, 26.54, 26.53, 26.47, 26.2, 26.25, 26.32, 26.38, 26.37, 26.32, 26.28], [26.56, 26.56, 26.56, 26.55, 26.55, 26.55, 26.55, 26.54, 26.54, 26.53, 26.54, 26.57, 26.47, 26.47, 26.47, 26.37, 26.5, 26.39, 26.34, 26.3], [26.56, 26.56, 26.56, 26.56, 26.56, 26.55, 26.55, 26.54, 26.53, 26.52, 26.54, 26.57, 26.59, 26.47, 26.46, 26.46, 26.37, 26.35, 26.33, 26.31], [26.56, 26.56, 26.56, 26.56, 26.56, 26.56, 26.56, 26.55, 26.54, 26.53, 26.56, 26.58, 26.59, 26.47, 26.46, 26.48, 26.46, 26.44, 26.32, 26.3], [26.57, 26.57, 26.57, 26.57, 26.57, 26.57, 26.57, 26.57, 26.56, 26.57, 26.59, 26.6, 26.6, 26.54, 26.52, 26.49, 26.48, 26.47, 26.47, 26.48], [26.57, 26.57, 26.57, 26.57, 26.57, 26.57, 26.58, 26.58, 26.59, 26.62, 26.63, 26.58, 26.55, 26.52, 26.53, 26.51, 26.49, 26.49, 26.48, 26.49], [26.57, 26.57, 26.57, 26.57, 26.58, 26.58, 26.59, 26.6, 26.62, 26.65, 26.67, 26.61, 26.57, 26.54, 26.54, 26.52, 26.51, 26.5, 26.5, 26.5], [26.57, 26.57, 26.58, 26.58, 26.58, 26.59, 26.59, 26.6, 26.6, 26.63, 26.65, 26.61, 26.58, 26.55, 26.55, 26.53, 26.52, 26.51, 26.51, 26.5], [26.57, 26.58, 26.58, 26.58, 26.58, 26.59, 26.6, 26.61, 26.59, 26.61, 26.61, 26.6, 26.57, 26.55, 26.55, 26.54, 26.53, 26.52, 26.51, 26.51], [26.58, 26.58, 26.58, 26.58, 26.59, 26.59, 26.6, 26.57, 26.58, 26.59, 26.59, 26.58, 26.56, 26.55, 26.56, 26.54, 26.53, 26.53, 26.52, 26.52]]}]