gis_exercise/awsData/contour/wdir_2023090108.json
[{"header": {"refTime": "2023-09-01T08:00:00.000Z", "nx": 21, "ny": 33, "lo1": 113.509, "la1": 22.2235, "lo2": 113.5947, "la2": 22.1034, "dx": 0.0042850000000001385, "dy": 0.003753125000000024, "parameterCategory": 2, "parameterCategoryName": "Temperature", "parameterNumber": 2}, "data": [0.63, 0.62, 0.6, 0.88, 0.84, 0.95, 0.87, 0.81, 0.8, 0.96, 1.13, 1.29, 1.59, 1.68, 1.58, 1.61, 2.31, 2.3, 2.29, 2.28, 0.64, 0.63, 0.61, 0.59, 0.84, 0.77, 0.81, 0.66, 0.57, 0.81, 1.11, 1.35, 1.67, 1.76, 1.65, 2.33, 2.3, 2.29, 2.27, 2.27, 0.65, 0.64, 0.63, 0.61, 0.87, 0.79, 0.67, 0.54, 0.1, 0.69, 1.16, 1.47, 1.81, 1.88, 2.35, 2.32, 2.29, 2.27, 2.26, 2.25, 0.67, 0.66, 0.65, 0.64, 0.62, 0.86, 0.76, 0.58, 0.43, 0.9, 1.33, 1.69, 2.03, 2.38, 2.36, 2.31, 2.27, 2.24, 2.23, 2.23, 0.68, 0.68, 0.68, 0.67, 0.67, 0.95, 0.91, 0.86, 0.84, 1.23, 1.54, 2.38, 2.46, 2.4, 2.36, 2.29, 2.23, 2.2, 2.2, 2.21, 0.69, 0.7, 0.7, 0.71, 0.72, 0.74, 1.07, 1.1, 1.14, 1.19, 2.24, 2.34, 2.42, 2.36, 2.34, 2.25, 2.17, 2.13, 2.15, 2.18, 1.04, 0.71, 0.72, 0.73, 0.76, 0.81, 1.34, 1.27, 1.34, 1.83, 1.92, 2.28, 2.34, 2.31, 2.33, 2.22, 2.08, 2.03, 1.99, 2.0, 1.03, 1.02, 1.02, 1.3, 1.3, 1.22, 1.31, 1.41, 1.58, 1.81, 1.86, 2.19, 2.23, 2.24, 2.06, 2.02, 1.98, 1.96, 1.99, 2.0, 1.02, 1.01, 1.0, 0.98, 1.23, 1.25, 1.34, 1.34, 1.7, 1.84, 1.99, 2.05, 1.96, 2.0, 2.04, 2.02, 2.0, 1.99, 2.0, 2.01, 1.23, 1.2, 1.17, 0.94, 0.89, 1.07, 1.25, 1.44, 1.83, 1.83, 1.99, 1.96, 1.88, 1.96, 2.02, 2.02, 2.01, 2.01, 2.01, 2.01, 1.23, 1.2, 1.17, 1.11, 1.0, 0.64, 1.14, 1.47, 1.69, 1.93, 1.92, 1.97, 1.95, 1.97, 2.01, 2.02, 2.02, 2.02, 2.02, 2.02, 1.23, 1.21, 1.19, 1.15, 1.09, 1.06, 1.29, 1.71, 1.91, 1.9, 1.97, 2.12, 2.09, 1.98, 2.02, 2.02, 2.02, 1.97, 1.98, 1.98, 1.24, 1.23, 1.21, 1.2, 1.19, 1.22, 1.31, 1.62, 1.81, 1.66, 1.81, 2.14, 2.12, 2.14, 2.15, 1.99, 2.0, 2.0, 2.0, 2.0, 1.26, 1.25, 1.24, 1.24, 1.24, 1.25, 1.2, 1.42, 1.57, 1.57, 1.78, 2.11, 2.11, 2.11, 2.18, 2.04, 2.03, 2.03, 2.03, 2.02, 1.27, 1.26, 1.26, 1.27, 1.27, 1.28, 1.31, 1.54, 1.63, 1.67, 1.67, 2.06, 2.15, 2.16, 2.16, 2.09, 2.08, 2.06, 2.05, 2.04, 1.28, 1.28, 1.05, 1.06, 1.08, 1.52, 1.52, 1.55, 1.59, 1.61, 2.0, 2.05, 2.1, 2.03, 2.07, 2.85, 2.95, 3.06, 3.19, 3.25, 1.06, 1.07, 1.08, 1.09, 1.54, 1.53, 1.53, 1.54, 1.56, 1.58, 1.95, 2.03, 2.11, 2.19, 2.63, 2.59, 2.68, 2.74, 2.78, 2.8, 1.08, 1.08, 1.1, 1.11, 1.54, 1.54, 1.53, 1.52, 1.52, 1.57, 1.66, 2.0, 2.11, 2.6, 2.39, 2.57, 2.69, 2.77, 2.8, 2.82, 1.09, 1.1, 1.11, 1.55, 1.55, 1.54, 1.52, 1.5, 1.48, 1.56, 1.86, 1.98, 2.73, 2.72, 2.56, 2.65, 2.76, 2.82, 2.85, 2.85, 1.1, 1.11, 1.57, 1.57, 1.57, 1.56, 1.55, 1.53, 1.63, 1.75, 1.87, 1.98, 2.86, 2.95, 2.74, 2.8, 2.87, 2.91, 2.9, 2.89, 1.6, 1.6, 1.6, 1.6, 1.61, 1.61, 1.6, 1.6, 1.78, 1.84, 1.92, 1.99, 3.02, 2.85, 2.9, 2.97, 3.02, 3.02, 2.97, 2.92, 1.62, 1.62, 1.63, 1.64, 1.65, 1.66, 1.67, 2.08, 1.9, 1.93, 1.97, 2.01, 3.43, 2.94, 3.04, 3.16, 3.24, 3.16, 3.02, 2.92, 1.64, 1.65, 1.66, 2.24, 2.23, 2.21, 2.2, 2.2, 2.21, 2.23, 2.26, 2.97, 2.85, 3.0, 3.13, 3.36, 3.64, 3.32, 2.99, 2.89, 2.31, 2.3, 2.3, 2.29, 2.29, 2.28, 2.29, 2.29, 2.3, 2.31, 2.33, 3.43, 2.81, 2.94, 3.1, 3.37, 4.55, 2.93, 2.76, 2.79, 2.34, 2.34, 2.34, 2.34, 2.34, 2.35, 2.36, 2.36, 2.34, 2.32, 2.38, 3.33, 3.67, 2.88, 2.98, 3.02, 2.57, 1.86, 2.53, 2.7, 2.36, 2.37, 2.37, 2.38, 2.39, 2.41, 2.42, 2.42, 2.4, 2.36, 2.98, 3.32, 3.61, 2.82, 2.86, 2.98, 2.7, 2.52, 2.55, 2.67, 2.39, 2.4, 2.41, 2.42, 2.44, 2.47, 2.49, 2.51, 2.53, 2.57, 3.18, 3.37, 3.59, 3.15, 3.08, 2.98, 2.84, 2.77, 2.79, 2.86, 2.41, 2.43, 2.44, 2.46, 2.49, 2.52, 2.56, 2.62, 2.7, 3.26, 3.33, 2.6, 2.38, 2.14, 3.09, 3.01, 2.93, 2.89, 2.88, 2.91, 2.43, 2.45, 2.47, 2.49, 2.52, 2.57, 2.62, 2.7, 2.83, 3.37, 3.19, 2.8, 2.5, 2.25, 3.11, 3.05, 3.0, 2.96, 2.95, 2.96, 2.45, 2.47, 2.49, 2.52, 2.55, 2.6, 2.66, 2.74, 2.72, 2.93, 3.06, 2.8, 2.53, 2.31, 3.13, 3.08, 3.04, 3.01, 2.99, 2.99, 2.47, 2.49, 2.51, 2.54, 2.57, 2.62, 2.67, 2.75, 2.66, 2.77, 2.79, 2.68, 2.5, 2.32, 3.14, 3.1, 3.07, 3.04, 3.03, 3.02, 2.48, 2.5, 2.52, 2.55, 2.58, 2.62, 2.67, 2.52, 2.58, 2.63, 2.63, 2.56, 2.44, 2.31, 3.15, 3.12, 3.09, 3.07, 3.05, 3.05]}, {"header": {"refTime": "2023-09-01T08:00:00.000Z", "nx": 21, "ny": 33, "lo1": 113.509, "la1": 22.2235, "lo2": 113.5947, "la2": 22.1034, "dx": 0.0042850000000001385, "dy": 0.003753125000000024, "parameterCategory": 2, "parameterCategoryName": "Temperature", "parameterNumber": 3}, "data": [-2.9, -2.89, -2.87, -2.42, -2.42, -2.16, -2.19, -2.21, -2.2, -2.1, -2.0, -1.91, -2.19, -2.18, -3.11, -3.28, -3.72, -3.85, -3.95, -4.02, -2.91, -2.9, -2.88, -2.85, -2.42, -2.44, -2.22, -2.28, -2.31, -2.17, -2.01, -1.87, -2.13, -2.11, -3.07, -3.57, -3.78, -3.94, -4.05, -4.12, -2.93, -2.91, -2.89, -2.86, -2.42, -2.44, -2.46, -2.34, -2.53, -2.23, -1.98, -1.79, -2.01, -2.02, -3.27, -3.6, -3.88, -4.08, -4.2, -4.25, -2.94, -2.93, -2.91, -2.88, -2.85, -2.42, -2.44, -2.48, -2.51, -2.14, -1.89, -1.65, -1.8, -1.8, -3.22, -3.69, -4.07, -4.3, -4.4, -4.42, -2.97, -2.95, -2.94, -2.91, -2.87, -2.41, -2.42, -2.42, -2.42, -2.0, -1.8, -1.71, -1.3, -1.73, -3.25, -3.89, -4.38, -4.65, -4.68, -4.62, -2.99, -2.99, -2.97, -2.95, -2.91, -2.86, -2.39, -2.38, -2.37, -2.35, -2.14, -1.94, -1.66, -2.4, -3.46, -4.21, -4.89, -5.18, -5.04, -4.82, -3.49, -3.02, -3.02, -3.01, -2.97, -2.91, -2.69, -2.36, -2.35, -2.51, -2.56, -2.42, -2.97, -2.95, -3.75, -4.54, -5.58, -5.97, -5.52, -5.18, -3.52, -3.51, -3.5, -3.69, -3.64, -2.88, -2.74, -2.55, -2.42, -2.46, -2.33, -3.44, -3.64, -3.39, -4.97, -5.44, -6.03, -6.24, -5.93, -5.71, -3.55, -3.55, -3.55, -3.54, -3.72, -3.67, -3.54, -2.68, -2.78, -2.54, -3.21, -3.67, -4.09, -3.89, -4.91, -5.28, -5.65, -5.81, -5.74, -5.62, -4.32, -4.3, -4.28, -3.61, -3.64, -3.8, -3.77, -3.72, -3.21, -3.1, -3.49, -3.83, -4.19, -3.95, -4.89, -5.15, -5.39, -5.52, -5.55, -5.51, -4.32, -4.3, -4.28, -4.23, -4.14, -3.88, -4.25, -4.51, -4.14, -3.54, -4.07, -3.75, -3.88, -3.85, -4.9, -5.07, -5.24, -5.35, -5.4, -5.4, -4.32, -4.31, -4.29, -4.26, -4.21, -4.2, -4.36, -4.68, -4.84, -4.83, -4.22, -4.52, -4.48, -3.76, -4.91, -5.03, -5.15, -5.46, -5.49, -5.5, -4.33, -4.32, -4.31, -4.3, -4.29, -4.31, -4.38, -4.62, -4.76, -4.65, -4.76, -4.55, -4.51, -4.29, -4.29, -5.21, -5.28, -5.33, -5.38, -5.4, -4.34, -4.33, -4.33, -4.33, -4.33, -4.34, -4.3, -4.47, -4.58, -4.58, -4.74, -4.77, -4.73, -4.7, -4.3, -5.11, -5.17, -5.22, -5.27, -5.31, -4.35, -4.35, -4.35, -4.35, -4.35, -4.36, -4.38, -4.55, -4.62, -4.65, -4.65, -4.68, -4.7, -4.67, -4.64, -5.0, -5.06, -5.12, -5.18, -5.23, -4.36, -4.36, -4.18, -4.19, -4.2, -4.53, -4.53, -4.56, -4.59, -4.61, -4.66, -4.63, -4.6, -4.48, -4.48, -4.47, -4.47, -4.48, -5.01, -5.05, -4.19, -4.19, -4.2, -4.21, -4.55, -4.54, -4.54, -4.55, -4.56, -4.57, -4.62, -4.6, -4.56, -4.52, -4.42, -4.42, -4.43, -4.43, -4.43, -4.43, -4.2, -4.2, -4.21, -4.23, -4.55, -4.55, -4.54, -4.53, -4.53, -4.41, -4.41, -4.57, -4.54, -4.42, -4.42, -4.42, -4.43, -4.43, -4.43, -4.43, -4.21, -4.21, -4.23, -4.56, -4.55, -4.54, -4.53, -4.51, -4.46, -4.43, -4.02, -3.99, -4.43, -4.42, -4.42, -4.42, -4.43, -4.43, -4.43, -4.43, -4.21, -4.22, -3.76, -3.78, -3.81, -3.87, -3.96, -4.1, -4.2, -4.05, -3.94, -3.91, -4.43, -4.42, -4.43, -4.43, -4.43, -4.43, -4.43, -4.43, -3.69, -3.69, -3.7, -3.71, -3.73, -3.76, -3.81, -3.87, -3.91, -3.84, -3.78, -3.78, -4.43, -4.43, -4.43, -4.43, -4.43, -4.43, -4.43, -4.43, -3.64, -3.64, -3.64, -3.63, -3.63, -3.63, -3.62, -3.58, -3.61, -3.58, -3.57, -3.61, -3.66, -4.43, -4.43, -4.43, -4.43, -4.43, -4.44, -4.44, -3.6, -3.59, -3.57, -3.51, -3.49, -3.46, -3.42, -3.35, -3.27, -3.22, -3.24, -3.41, -3.58, -4.43, -4.43, -4.43, -4.43, -4.43, -4.44, -4.44, -3.51, -3.5, -3.48, -3.46, -3.43, -3.37, -3.28, -3.15, -2.98, -2.9, -3.01, -3.16, -3.53, -3.78, -4.0, -4.43, -4.42, -4.44, -4.44, -4.44, -3.49, -3.48, -3.46, -3.43, -3.38, -3.31, -3.2, -3.02, -2.71, -2.46, -2.83, -3.12, -3.36, -3.75, -3.98, -4.17, -4.45, -4.46, -4.45, -4.44, -3.48, -3.46, -3.44, -3.41, -3.36, -3.29, -3.19, -3.02, -2.74, -2.52, -2.88, -3.18, -3.38, -3.71, -3.93, -4.39, -4.41, -4.42, -4.45, -4.44, -3.47, -3.46, -3.43, -3.4, -3.36, -3.31, -3.24, -3.14, -3.04, -3.03, -3.18, -3.33, -3.45, -4.31, -4.34, -4.37, -4.39, -4.39, -4.39, -4.39, -3.47, -3.45, -3.43, -3.41, -3.38, -3.35, -3.31, -3.29, -3.32, -3.42, -3.53, -3.55, -3.56, -3.61, -4.32, -4.35, -4.36, -4.37, -4.38, -4.37, -3.47, -3.45, -3.44, -3.42, -3.4, -3.39, -3.39, -3.42, -3.51, -3.71, -3.91, -3.71, -3.64, -3.64, -4.3, -4.33, -4.34, -4.36, -4.36, -4.36, -3.47, -3.46, -3.45, -3.44, -3.43, -3.43, -3.44, -3.49, -3.58, -3.75, -3.85, -3.74, -3.67, -3.66, -4.29, -4.31, -4.33, -4.34, -4.35, -4.35, -3.47, -3.47, -3.46, -3.45, -3.45, -3.46, -3.48, -3.52, -3.59, -3.68, -3.72, -3.7, -3.67, -3.66, -4.28, -4.3, -4.32, -4.33, -4.34, -4.34, -3.48, -3.47, -3.47, -3.47, -3.47, -3.48, -3.5, -3.53, -3.58, -3.63, -3.66, -3.66, -3.65, -3.65, -4.28, -4.29, -4.31, -4.32, -4.33, -4.33]}, {"header": {"refTime": "2023-09-01T08:00:00.000Z", "nx": 21, "ny": 33, "lo1": 113.509, "la1": 22.2235, "lo2": 113.5947, "la2": 22.1034, "dx": 0.0042850000000001385, "dy": 0.003753125000000024, "parameterCategory": 0, "parameterCategoryName": "Temperature", "parameterNumber": 0}, "data": [[27.62, 27.61, 27.61, 27.42, 27.43, 27.62, 27.61, 27.61, 27.61, 27.57, 27.59, 27.61, 27.84, 27.86, 27.74, 27.73, 27.88, 27.87, 27.87, 27.86], [27.62, 27.62, 27.61, 27.6, 27.43, 27.43, 27.6, 27.59, 27.58, 27.56, 27.59, 27.63, 27.86, 27.88, 27.75, 27.89, 27.88, 27.87, 27.86, 27.85], [27.63, 27.62, 27.62, 27.61, 27.43, 27.43, 27.44, 27.57, 27.52, 27.55, 27.6, 27.65, 27.88, 27.9, 27.91, 27.89, 27.87, 27.85, 27.84, 27.84], [27.63, 27.63, 27.62, 27.61, 27.6, 27.43, 27.44, 27.45, 27.46, 27.56, 27.62, 27.7, 27.92, 27.87, 27.91, 27.88, 27.85, 27.83, 27.83, 27.83], [27.64, 27.64, 27.63, 27.62, 27.61, 27.42, 27.43, 27.43, 27.43, 27.55, 27.62, 27.86, 27.95, 27.89, 27.91, 27.87, 27.83, 27.8, 27.8, 27.81], [27.65, 27.65, 27.64, 27.64, 27.63, 27.61, 27.42, 27.42, 27.41, 27.38, 27.72, 27.82, 27.9, 28.03, 27.91, 27.84, 27.78, 27.75, 27.77, 27.79], [27.72, 27.66, 27.66, 27.65, 27.65, 27.63, 27.52, 27.43, 27.42, 27.48, 27.49, 27.78, 28.06, 28.05, 27.9, 27.82, 27.71, 27.68, 27.67, 27.7], [27.73, 27.73, 27.73, 27.73, 27.72, 27.58, 27.55, 27.5, 27.5, 27.45, 27.33, 27.82, 27.83, 28.05, 27.79, 27.84, 27.73, 27.69, 27.75, 27.8], [27.67, 27.68, 27.75, 27.75, 27.76, 27.74, 27.69, 27.53, 27.4, 27.5, 27.55, 27.68, 27.74, 27.66, 27.8, 27.86, 27.8, 27.77, 27.79, 27.81], [27.9, 27.9, 27.9, 27.71, 27.74, 27.81, 27.76, 27.69, 27.33, 27.35, 27.75, 27.6, 27.64, 27.62, 27.8, 27.88, 27.84, 27.82, 27.82, 27.83], [27.9, 27.9, 27.9, 27.9, 27.9, 27.9, 27.9, 27.9, 27.76, 27.4, 27.2, 27.54, 27.58, 27.59, 27.79, 27.9, 27.87, 27.85, 27.85, 27.85], [27.9, 27.9, 27.9, 27.9, 27.9, 27.9, 27.9, 27.9, 27.9, -999.0, 27.2, 28.1, 28.1, 27.56, 27.79, 27.91, 27.9, 27.03, 27.05, 27.05], [27.9, 27.9, 27.9, 27.9, 27.9, 27.9, 27.9, 27.9, 27.9, 27.9, -999.0, 28.1, 28.1, 27.12, 27.55, 27.24, 27.24, 27.12, 27.14, 27.15], [27.9, 27.9, 27.9, 27.9, 27.9, 27.9, 27.9, 27.9, 27.9, 27.9, -999.0, 26.6, 26.6, 26.6, 27.42, 27.15, 27.17, 27.04, 27.07, 27.09], [27.9, 27.9, 27.9, 27.9, 27.9, 27.9, 27.9, 28.0, 28.0, 28.0, 28.0, 27.46, 26.6, 26.6, 26.6, 27.06, 27.09, 26.97, 27.01, 27.04], [27.9, 27.9, 27.96, 27.96, 27.97, 28.0, 28.0, 28.0, 28.0, 28.0, 27.12, 27.22, 27.08, 26.97, 27.1, 26.97, 27.02, 26.92, 27.13, 27.17], [27.96, 27.96, 27.94, 27.94, 28.0, 28.0, 28.0, 28.0, 28.0, 28.0, 27.4, 27.22, 27.04, 26.87, 26.88, 26.83, 26.91, 26.97, 27.01, 27.04], [27.94, 27.94, 27.94, 27.94, 28.0, 28.0, 28.0, 28.0, 28.0, 27.64, 27.46, 27.25, 27.03, 26.89, 26.64, 26.8, 26.91, 26.99, 27.03, 27.06], [27.94, 27.94, 27.94, 28.0, 28.0, 28.0, 28.0, 28.0, 27.87, 27.73, 27.58, 27.4, 27.16, 26.98, 26.79, 26.87, 26.96, 27.03, 27.07, 27.09], [27.94, 27.94, 27.94, 27.95, 27.95, 27.95, 27.96, 27.98, 27.86, 27.74, 27.6, 27.45, 27.24, 27.13, 26.94, 26.98, 27.04, 27.09, 27.11, 27.12], [27.94, 27.94, 27.94, 27.96, 27.96, 27.96, 27.97, 27.97, 27.76, 27.7, 27.61, 27.5, 27.31, 27.03, 27.05, 27.09, 27.13, 27.16, 27.16, 27.16], [27.95, 27.95, 27.95, 27.96, 27.96, 27.96, 27.96, 27.97, 27.72, 27.68, 27.62, 27.55, 27.34, 27.1, 27.14, 27.19, 27.23, 27.23, 27.21, 27.19], [27.95, 27.95, 27.95, 27.96, 27.96, 27.96, 27.96, 27.96, 27.95, 27.95, 27.95, 27.85, 27.56, 27.16, 27.2, 27.27, 27.33, 27.3, 27.25, 27.22], [27.96, 27.96, 27.96, 27.96, 27.96, 27.96, 27.95, 27.95, 27.94, 27.94, 27.94, 27.85, 27.57, 27.52, 27.47, 27.3, 27.46, 27.3, 27.25, 27.23], [27.96, 27.96, 27.96, 27.96, 27.96, 27.96, 27.95, 27.94, 27.93, 27.92, 27.93, 27.86, 27.84, 27.52, 27.47, 27.42, 27.27, 27.21, 27.24, 27.23], [27.96, 27.96, 27.96, 27.96, 27.96, 27.96, 27.95, 27.94, 27.93, 27.92, 27.89, 27.87, 27.85, 27.52, 27.47, 27.44, 27.39, 27.36, 27.23, 27.22], [27.96, 27.96, 27.96, 27.96, 27.96, 27.96, 27.95, 27.95, 27.95, 27.94, 27.9, 27.89, 27.87, 27.58, 27.52, 27.47, 27.43, 27.42, 27.42, 27.43], [27.96, 27.96, 27.96, 27.96, 27.96, 27.96, 27.96, 27.96, 27.96, 27.92, 27.93, 27.84, 27.78, 27.71, 27.56, 27.51, 27.48, 27.46, 27.45, 27.45], [27.96, 27.96, 27.96, 27.96, 27.96, 27.96, 27.96, 27.96, 27.97, 27.95, 27.96, 27.87, 27.8, 27.73, 27.59, 27.54, 27.51, 27.49, 27.48, 27.48], [27.96, 27.96, 27.96, 27.96, 27.96, 27.96, 27.96, 27.97, 27.87, 27.91, 27.93, 27.87, 27.81, 27.75, 27.61, 27.57, 27.54, 27.52, 27.5, 27.5], [27.96, 27.96, 27.96, 27.96, 27.96, 27.96, 27.97, 27.97, 27.85, 27.87, 27.87, 27.84, 27.8, 27.75, 27.63, 27.59, 27.56, 27.54, 27.52, 27.51], [27.96, 27.96, 27.96, 27.96, 27.97, 27.97, 27.97, 27.82, 27.83, 27.84, 27.83, 27.81, 27.78, 27.75, 27.63, 27.6, 27.57, 27.55, 27.54, 27.53]]}]