gis_exercise/awsData/contour/wdir_2023090700.json
[{"header": {"refTime": "2023-09-07T00:00:00.000Z", "nx": 21, "ny": 33, "lo1": 113.509, "la1": 22.2235, "lo2": 113.5947, "la2": 22.1034, "dx": 0.0042850000000001385, "dy": 0.003753125000000024, "parameterCategory": 2, "parameterCategoryName": "Temperature", "parameterNumber": 2}, "data": [-0.55, -0.55, -0.55, -0.8, -0.76, -0.59, -0.55, -0.51, -0.49, -0.39, -0.42, -0.45, -0.37, -0.39, -0.52, -0.55, -0.68, -0.7, -0.71, -0.72, -0.56, -0.56, -0.55, -0.55, -0.77, -0.72, -0.53, -0.45, -0.4, -0.36, -0.41, -0.45, -0.38, -0.39, -0.53, -0.67, -0.69, -0.71, -0.72, -0.73, -0.56, -0.56, -0.56, -0.56, -0.79, -0.74, -0.65, -0.41, -0.22, -0.33, -0.42, -0.46, -0.4, -0.41, -0.64, -0.67, -0.7, -0.72, -0.74, -0.74, -0.56, -0.56, -0.57, -0.57, -0.57, -0.79, -0.72, -0.59, -0.48, -0.38, -0.46, -0.48, -0.42, -0.58, -0.64, -0.68, -0.72, -0.75, -0.76, -0.76, -0.56, -0.56, -0.57, -0.59, -0.6, -0.87, -0.84, -0.8, -0.77, -0.48, -0.52, -0.58, -0.5, -0.57, -0.64, -0.7, -0.76, -0.78, -0.79, -0.78, -0.55, -0.56, -0.57, -0.59, -0.62, -0.67, -0.97, -0.99, -0.99, -0.97, -0.69, -0.62, -0.55, -0.69, -0.66, -0.74, -0.81, -0.84, -0.83, -0.8, -0.39, -0.55, -0.56, -0.58, -0.62, -0.7, -1.03, -1.18, -1.2, -1.12, -1.01, -0.68, -0.75, -0.78, -0.68, -0.77, -0.89, -0.93, -1.0, -1.0, -0.36, -0.37, -0.38, -1.06, -1.07, -0.85, -1.0, -1.25, -1.46, -1.12, -1.0, -0.86, -0.86, -0.88, -1.04, -1.04, -1.03, -1.03, -1.03, -1.04, -0.33, -0.33, -0.33, -0.33, -0.94, -0.98, -1.14, -1.08, -1.55, -1.12, -1.01, -1.03, -1.19, -1.12, -1.08, -1.06, -1.04, -1.04, -1.04, -1.04, -0.49, -0.47, -0.45, -0.26, -0.23, -0.69, -0.96, -1.27, -1.65, -1.57, -1.06, -1.15, -1.29, -1.17, -1.11, -1.07, -1.06, -1.05, -1.05, -1.05, -0.48, -0.46, -0.43, -0.39, -0.3, -0.01, -0.49, -0.92, -1.56, -1.73, -1.61, -1.13, -1.16, -1.14, -1.11, -1.08, -1.07, -1.06, -1.05, -1.05, -0.48, -0.45, -0.43, -0.39, -0.33, -0.32, -0.58, -1.25, -1.61, -1.5, -1.7, -1.49, -1.43, -1.12, -1.1, -1.08, -1.07, -0.63, -0.61, -0.6, -0.47, -0.45, -0.43, -0.39, -0.35, -0.3, -0.32, -0.99, -1.39, -1.13, -1.34, -1.54, -1.48, -0.5, -0.44, -0.52, -0.51, -0.51, -0.51, -0.51, -0.48, -0.46, -0.43, -0.4, -0.35, -0.22, 0.15, -0.52, -0.9, -0.94, -1.26, -1.06, -0.9, -0.75, -0.25, -0.33, -0.34, -0.37, -0.4, -0.42, -0.48, -0.47, -0.45, -0.42, -0.37, -0.31, -0.29, -0.49, -0.68, -0.75, -0.75, -0.44, -0.67, -0.49, -0.38, -0.11, -0.16, -0.22, -0.28, -0.33, -0.49, -0.48, 0.16, 0.17, 0.18, -0.4, -0.4, -0.47, -0.54, -0.6, -0.43, -0.25, -0.05, 0.28, 0.35, 0.55, 0.51, 0.48, 0.56, 0.53, 0.15, 0.15, 0.15, 0.16, -0.43, -0.41, -0.4, -0.4, -0.42, -0.47, -0.26, -0.11, 0.12, 0.39, 0.92, 1.1, 1.13, 1.15, 1.17, 1.18, 0.14, 0.15, 0.15, 0.15, -0.42, -0.39, -0.35, -0.29, -0.27, 0.28, 0.39, -0.02, 0.22, 0.91, 1.0, 1.09, 1.13, 1.16, 1.18, 1.19, 0.14, 0.14, 0.14, -0.44, -0.41, -0.37, -0.3, -0.18, 0.07, 0.22, 0.27, 0.4, 0.78, 0.88, 1.08, 1.11, 1.15, 1.18, 1.19, 1.2, 0.14, 0.14, 0.1, 0.1, 0.09, 0.08, 0.06, 0.04, 0.09, 0.16, 0.25, 0.36, 0.77, 0.85, 1.14, 1.16, 1.18, 1.2, 1.21, 1.22, 0.1, 0.1, 0.09, 0.09, 0.08, 0.07, 0.05, 0.04, 0.14, 0.17, 0.24, 0.31, 0.77, 1.18, 1.18, 1.2, 1.22, 1.23, 1.23, 1.23, 0.09, 0.09, 0.08, 0.07, 0.07, 0.06, 0.04, -0.2, 0.14, 0.17, 0.21, 0.27, 0.74, 1.2, 1.22, 1.23, 1.25, 1.25, 1.25, 1.25, 0.09, 0.08, 0.07, -0.28, -0.27, -0.26, -0.25, -0.23, -0.23, -0.23, -0.25, 0.3, 0.79, 1.23, 1.24, 1.26, 1.27, 1.28, 1.27, 1.26, -0.32, -0.31, -0.31, -0.3, -0.29, -0.28, -0.27, -0.25, -0.23, -0.23, -0.26, 0.03, 0.76, 0.91, 1.05, 1.27, 1.29, 1.29, 1.28, 1.27, -0.33, -0.33, -0.32, -0.32, -0.32, -0.31, -0.3, -0.27, -0.21, -0.16, -0.25, -0.03, 0.07, 0.9, 1.03, 1.15, 1.3, 1.3, 1.28, 1.27, -0.34, -0.34, -0.34, -0.34, -0.34, -0.34, -0.33, -0.31, -0.25, -0.2, -0.15, -0.11, -0.01, 0.87, 1.0, 0.96, 1.07, 1.1, 1.28, 1.27, -0.36, -0.36, -0.36, -0.36, -0.37, -0.37, -0.37, -0.37, -0.37, -0.39, -0.27, -0.22, -0.11, 0.49, 0.68, 0.84, 0.94, 0.98, 0.97, 0.95, -0.37, -0.37, -0.38, -0.38, -0.39, -0.41, -0.42, -0.45, -0.5, -0.45, -0.49, -0.38, -0.22, -0.05, 0.55, 0.71, 0.81, 0.87, 0.88, 0.88, -0.38, -0.39, -0.39, -0.4, -0.42, -0.44, -0.47, -0.51, -0.6, -0.65, -0.82, -0.53, -0.31, -0.13, 0.44, 0.6, 0.7, 0.77, 0.8, 0.81, -0.39, -0.4, -0.41, -0.42, -0.44, -0.46, -0.5, -0.55, -0.47, -0.63, -0.73, -0.54, -0.34, -0.17, 0.36, 0.51, 0.62, 0.68, 0.73, 0.75, -0.4, -0.41, -0.42, -0.43, -0.45, -0.48, -0.51, -0.56, -0.43, -0.51, -0.53, -0.44, -0.31, -0.18, 0.32, 0.45, 0.55, 0.62, 0.67, 0.7, -0.41, -0.41, -0.43, -0.44, -0.46, -0.48, -0.51, -0.32, -0.37, -0.41, -0.41, -0.35, -0.27, -0.17, 0.3, 0.41, 0.5, 0.57, 0.62, 0.65]}, {"header": {"refTime": "2023-09-07T00:00:00.000Z", "nx": 21, "ny": 33, "lo1": 113.509, "la1": 22.2235, "lo2": 113.5947, "la2": 22.1034, "dx": 0.0042850000000001385, "dy": 0.003753125000000024, "parameterCategory": 2, "parameterCategoryName": "Temperature", "parameterNumber": 3}, "data": [-0.21, -0.2, -0.2, -0.11, -0.11, 0.01, 0.0, -0.0, 0.0, 0.08, 0.11, 0.15, 0.2, 0.22, 0.01, -0.02, 0.01, -0.02, -0.04, -0.05, -0.21, -0.21, -0.2, -0.2, -0.11, -0.11, -0.01, -0.03, -0.03, 0.05, 0.11, 0.17, 0.22, 0.24, 0.02, 0.04, -0.0, -0.03, -0.06, -0.07, -0.21, -0.21, -0.21, -0.2, -0.11, -0.11, -0.12, -0.05, -0.1, 0.02, 0.12, 0.2, 0.27, 0.27, 0.1, 0.04, -0.02, -0.06, -0.09, -0.1, -0.21, -0.21, -0.21, -0.21, -0.2, -0.12, -0.12, -0.12, -0.12, 0.06, 0.16, 0.26, 0.33, 0.35, 0.11, 0.02, -0.06, -0.11, -0.13, -0.13, -0.22, -0.22, -0.21, -0.21, -0.21, -0.12, -0.12, -0.12, -0.11, 0.11, 0.2, 0.36, 0.47, 0.37, 0.11, -0.02, -0.13, -0.18, -0.19, -0.18, -0.22, -0.22, -0.22, -0.22, -0.22, -0.21, -0.12, -0.12, -0.12, -0.09, 0.23, 0.31, 0.39, 0.47, 0.07, -0.09, -0.24, -0.3, -0.27, -0.22, 0.01, -0.23, -0.23, -0.23, -0.22, -0.22, -0.18, -0.14, -0.14, -0.04, 0.01, 0.21, 0.4, 0.44, 0.01, -0.16, -0.39, -0.47, -0.24, -0.13, 0.01, 0.0, -0.01, -0.3, -0.3, -0.19, -0.19, -0.19, -0.17, -0.04, 0.02, 0.21, 0.25, 0.44, 0.09, -0.1, -0.34, -0.43, -0.3, -0.21, 0.02, 0.01, -0.01, -0.03, -0.3, -0.3, -0.29, -0.18, -0.19, -0.04, 0.24, 0.33, 0.48, 0.41, 0.16, -0.02, -0.17, -0.24, -0.22, -0.17, -0.02, -0.03, -0.04, -0.03, -0.08, -0.3, -0.3, -0.3, -0.21, -0.18, 0.31, 0.41, 0.54, 0.45, 0.19, 0.06, -0.06, -0.12, -0.13, -0.12, -0.01, -0.02, -0.03, -0.06, -0.12, -0.29, -0.12, -0.12, -0.33, -0.23, 0.16, 0.39, 0.43, 0.42, 0.2, 0.1, 0.01, -0.04, -0.07, -0.07, 0.0, -0.0, -0.01, -0.02, -0.04, -0.06, -0.03, -0.14, -0.23, 0.1, 0.09, 0.22, 0.28, 0.39, 0.19, 0.12, 0.05, 0.31, 0.29, 0.28, 0.02, 0.02, 0.02, 0.04, 0.06, 0.15, 0.24, -0.0, -0.15, -0.09, 0.22, 0.16, 0.22, 0.71, 0.72, 0.5, 0.45, 0.41, 0.38, 0.37, 0.03, 0.04, 0.05, 0.08, 0.13, 0.27, 0.55, 0.19, 0.02, -0.02, 0.24, 0.45, 0.55, 0.63, 0.79, 0.59, 0.55, 0.51, 0.47, 0.44, 0.04, 0.05, 0.07, 0.1, 0.15, 0.22, 0.27, 0.23, 0.13, 0.09, 0.07, 0.31, 0.62, 0.7, 0.75, 0.7, 0.65, 0.6, 0.55, 0.51, 0.04, 0.06, 0.18, 0.21, 0.24, 0.23, 0.22, 0.18, 0.13, 0.1, 0.26, 0.38, 0.52, 0.88, 0.93, 0.94, 0.89, 0.84, 0.44, 0.38, 0.16, 0.17, 0.18, 0.19, 0.18, 0.18, 0.16, 0.13, 0.1, 0.09, 0.29, 0.43, 0.61, 0.81, 0.97, 0.99, 0.9, 0.83, 0.78, 0.74, 0.16, 0.16, 0.17, 0.18, 0.15, 0.14, 0.12, 0.08, 0.07, 0.39, 0.53, 0.46, 0.66, 0.96, 1.2, 1.02, 0.89, 0.81, 0.75, 0.72, 0.16, 0.16, 0.16, 0.14, 0.13, 0.11, 0.09, 0.05, 0.09, 0.31, 0.49, 0.65, 0.69, 0.86, 1.03, 0.94, 0.83, 0.76, 0.72, 0.69, 0.15, 0.15, 0.42, 0.4, 0.38, 0.34, 0.28, 0.19, 0.19, 0.33, 0.49, 0.63, 0.62, 0.71, 0.86, 0.81, 0.74, 0.69, 0.66, 0.65, 0.44, 0.43, 0.42, 0.41, 0.38, 0.36, 0.32, 0.28, 0.36, 0.42, 0.52, 0.62, 0.54, 0.76, 0.73, 0.69, 0.64, 0.61, 0.61, 0.61, 0.44, 0.43, 0.43, 0.42, 0.4, 0.39, 0.37, 0.26, 0.47, 0.51, 0.56, 0.62, 0.7, 0.67, 0.63, 0.58, 0.53, 0.53, 0.55, 0.57, 0.44, 0.44, 0.43, 0.28, 0.29, 0.3, 0.31, 0.33, 0.35, 0.37, 0.36, 0.33, 0.5, 0.61, 0.56, 0.49, 0.41, 0.45, 0.51, 0.55, 0.28, 0.29, 0.29, 0.3, 0.31, 0.32, 0.35, 0.39, 0.44, 0.46, 0.43, 0.4, 0.51, 0.47, 0.43, 0.45, 0.26, 0.45, 0.51, 0.54, 0.29, 0.29, 0.3, 0.31, 0.32, 0.34, 0.38, 0.43, 0.52, 0.59, 0.48, 0.41, 0.35, 0.48, 0.45, 0.42, 0.49, 0.56, 0.53, 0.54, 0.29, 0.3, 0.3, 0.31, 0.33, 0.35, 0.38, 0.43, 0.51, 0.58, 0.48, 0.39, 0.34, 0.49, 0.46, 0.37, 0.41, 0.43, 0.54, 0.55, 0.29, 0.3, 0.31, 0.32, 0.33, 0.34, 0.36, 0.39, 0.42, 0.42, 0.39, 0.35, 0.32, 0.3, 0.33, 0.36, 0.38, 0.39, 0.39, 0.38, 0.3, 0.3, 0.31, 0.31, 0.32, 0.33, 0.34, 0.35, 0.34, 0.32, 0.28, 0.38, 0.42, 0.46, 0.31, 0.34, 0.36, 0.37, 0.37, 0.37, 0.3, 0.3, 0.3, 0.31, 0.31, 0.32, 0.32, 0.31, 0.28, 0.23, 0.19, 0.31, 0.38, 0.43, 0.3, 0.32, 0.34, 0.35, 0.35, 0.36, 0.3, 0.3, 0.3, 0.3, 0.31, 0.31, 0.3, 0.29, 0.35, 0.27, 0.23, 0.3, 0.37, 0.42, 0.29, 0.31, 0.33, 0.34, 0.34, 0.34, 0.29, 0.3, 0.3, 0.3, 0.3, 0.3, 0.29, 0.28, 0.36, 0.32, 0.31, 0.34, 0.38, 0.42, 0.28, 0.3, 0.32, 0.33, 0.33, 0.34, 0.29, 0.29, 0.3, 0.3, 0.3, 0.29, 0.29, 0.4, 0.38, 0.36, 0.35, 0.37, 0.39, 0.42, 0.28, 0.3, 0.31, 0.32, 0.32, 0.33]}, {"header": {"refTime": "2023-09-07T00:00:00.000Z", "nx": 21, "ny": 33, "lo1": 113.509, "la1": 22.2235, "lo2": 113.5947, "la2": 22.1034, "dx": 0.0042850000000001385, "dy": 0.003753125000000024, "parameterCategory": 0, "parameterCategoryName": "Temperature", "parameterNumber": 0}, "data": [[27.97, 27.95, 27.92, 27.54, 27.52, 27.88, 27.84, 27.8, 27.8, 27.7, 27.79, 27.87, 28.13, 28.17, 28.22, 28.23, 28.44, 28.42, 28.41, 28.4], [27.98, 27.96, 27.94, 27.9, 27.53, 27.51, 27.8, 27.71, 27.66, 27.65, 27.79, 27.91, 28.18, 28.23, 28.26, 28.46, 28.43, 28.41, 28.4, 28.39], [28.0, 27.98, 27.96, 27.92, 27.54, 27.52, 27.48, 27.64, 27.39, 27.6, 27.82, 28.0, 28.28, 28.3, 28.5, 28.46, 28.43, 28.4, 28.39, 28.38], [28.02, 28.01, 27.99, 27.96, 27.92, 27.54, 27.51, 27.46, 27.42, 27.67, 27.89, 28.14, 28.44, 28.4, 28.51, 28.45, 28.41, 28.38, 28.37, 28.37], [28.05, 28.04, 28.03, 28.0, 27.97, 27.58, 27.57, 27.55, 27.53, 27.76, 27.96, 28.43, 28.7, 28.46, 28.5, 28.43, 28.38, 28.35, 28.35, 28.35], [28.08, 28.08, 28.07, 28.06, 28.03, 28.0, 27.63, 27.64, 27.62, 27.57, 28.07, 28.29, 28.51, 28.63, 28.46, 28.39, 28.33, 28.31, 28.32, 28.33], [28.43, 28.11, 28.12, 28.12, 28.1, 28.08, 28.05, 27.76, 27.75, 27.73, 27.66, 28.05, 28.44, 28.49, 28.4, 28.35, 28.28, 28.25, 28.33, 28.37], [28.44, 28.45, 28.45, 28.44, 28.43, 28.15, 28.09, 28.04, 28.01, 27.69, 27.46, 27.85, 27.86, 28.5, 28.16, 28.15, 28.17, 28.18, 28.17, 28.16], [28.36, 28.37, 28.47, 28.48, 28.48, 28.46, 28.39, 28.07, 27.85, 27.76, 27.61, 27.73, 27.78, 27.71, 28.16, 28.15, 28.16, 28.17, 28.16, 28.16], [28.7, 28.7, 28.7, 28.42, 28.46, 28.56, 28.49, 28.39, 27.65, 27.69, 27.79, 27.65, 27.7, 27.67, 28.16, 28.14, 28.15, 28.16, 28.16, 28.15], [28.7, 28.7, 28.7, 28.7, 28.7, 28.7, 28.7, 28.7, 28.49, 27.83, 27.3, 27.6, 27.64, 27.64, 28.16, 28.14, 28.15, 28.15, 28.15, 28.15], [28.7, 28.7, 28.7, 28.7, 28.7, 28.7, 28.7, 28.7, 28.7, -999.0, 27.3, 28.1, 28.1, 27.62, 28.16, 28.14, 28.14, 27.69, 27.7, 27.7], [28.7, 28.7, 28.7, 28.7, 28.7, 28.7, 28.7, 28.7, 28.7, 28.7, -999.0, 28.1, 28.1, 27.58, 27.81, 27.87, 27.88, 27.77, 27.78, 27.79], [28.7, 28.7, 28.7, 28.7, 28.7, 28.7, 28.7, 28.7, 28.7, 28.7, -999.0, 27.3, 27.3, 27.3, 27.74, 27.8, 27.81, 27.7, 27.72, 27.74], [28.7, 28.7, 28.7, 28.7, 28.7, 28.7, 28.7, 28.0, 28.0, 28.0, 28.0, 27.73, 27.3, 27.3, 27.3, 27.71, 27.74, 27.64, 27.67, 27.69], [28.7, 28.7, 28.26, 28.25, 28.24, 28.0, 28.0, 28.0, 28.0, 28.0, 27.56, 27.61, 27.54, 27.48, 27.55, 27.56, 27.6, 27.53, 27.72, 27.75], [28.25, 28.25, 28.45, 28.44, 28.0, 28.0, 28.0, 28.0, 28.0, 28.0, 27.7, 27.61, 27.52, 27.44, 27.46, 27.32, 27.33, 27.34, 27.34, 27.34], [28.45, 28.44, 28.43, 28.41, 28.0, 28.0, 28.0, 28.0, 28.0, 27.82, 27.73, 27.62, 27.51, 27.47, 27.32, 27.32, 27.34, 27.34, 27.34, 27.34], [28.44, 28.43, 28.41, 28.0, 28.0, 28.0, 28.0, 28.0, 27.94, 27.86, 27.67, 27.58, 27.62, 27.52, 27.32, 27.33, 27.34, 27.35, 27.35, 27.35], [28.43, 28.42, 27.6, 27.62, 27.65, 27.68, 27.74, 27.88, 27.86, 27.76, 27.66, 27.58, 27.66, 27.61, 27.34, 27.35, 27.36, 27.36, 27.36, 27.35], [27.57, 27.58, 27.6, 27.71, 27.73, 27.75, 27.77, 27.8, 27.73, 27.68, 27.62, 27.56, 27.71, 27.36, 27.36, 27.38, 27.38, 27.38, 27.36, 27.35], [27.67, 27.68, 27.68, 27.69, 27.69, 27.7, 27.7, 27.64, 27.63, 27.6, 27.57, 27.54, 27.52, 27.37, 27.38, 27.41, 27.42, 27.4, 27.37, 27.35], [27.66, 27.66, 27.66, 27.57, 27.57, 27.57, 27.56, 27.55, 27.53, 27.52, 27.51, 27.69, 27.36, 27.37, 27.4, 27.44, 27.5, 27.43, 27.36, 27.33], [27.55, 27.55, 27.55, 27.54, 27.54, 27.53, 27.51, 27.49, 27.45, 27.43, 27.45, 27.47, 27.35, 27.37, 27.39, 27.44, 27.7, 27.33, 27.3, 27.31], [27.54, 27.53, 27.53, 27.52, 27.51, 27.5, 27.47, 27.44, 27.39, 27.35, 27.4, 27.45, 27.51, 27.35, 27.36, 27.36, 27.25, 27.08, 27.24, 27.29], [27.52, 27.52, 27.51, 27.5, 27.49, 27.47, 27.45, 27.42, 27.38, 27.35, 27.38, 27.43, 27.49, 27.34, 27.34, 27.32, 27.26, 27.22, 27.25, 27.28], [27.51, 27.51, 27.5, 27.49, 27.48, 27.46, 27.44, 27.41, 27.39, 27.38, 27.39, 27.42, 27.47, 27.33, 27.32, 27.31, 27.28, 27.27, 27.27, 27.29], [27.51, 27.5, 27.49, 27.48, 27.47, 27.45, 27.43, 27.41, 27.39, 27.37, 27.37, 27.21, 27.17, 27.12, 27.32, 27.31, 27.3, 27.29, 27.29, 27.3], [27.5, 27.49, 27.48, 27.47, 27.46, 27.44, 27.43, 27.4, 27.38, 27.35, 27.28, 27.23, 27.18, 27.14, 27.32, 27.31, 27.31, 27.3, 27.3, 27.3], [27.49, 27.49, 27.48, 27.47, 27.45, 27.44, 27.42, 27.4, 27.23, 27.25, 27.26, 27.23, 27.19, 27.15, 27.32, 27.31, 27.31, 27.31, 27.31, 27.31], [27.49, 27.48, 27.47, 27.46, 27.45, 27.44, 27.42, 27.41, 27.22, 27.23, 27.23, 27.21, 27.18, 27.15, 27.32, 27.31, 27.31, 27.31, 27.31, 27.31], [27.49, 27.48, 27.47, 27.46, 27.45, 27.44, 27.43, 27.2, 27.21, 27.21, 27.2, 27.19, 27.17, 27.15, 27.32, 27.32, 27.31, 27.31, 27.31, 27.31]]}]