gis_exercise/awsData/contour/wdir_2023091303.json
[{"header": {"refTime": "2023-09-13T03:00:00.000Z", "nx": 21, "ny": 33, "lo1": 113.509, "la1": 22.2235, "lo2": 113.5947, "la2": 22.1034, "dx": 0.0042850000000001385, "dy": 0.003753125000000024, "parameterCategory": 2, "parameterCategoryName": "Temperature", "parameterNumber": 2}, "data": [-2.03, -2.03, -2.02, -1.89, -1.88, -1.96, -1.93, -1.91, -1.89, -1.68, -1.68, -1.69, -1.99, -2.0, -2.5, -2.6, -2.94, -2.99, -3.03, -3.06, -2.04, -2.03, -2.03, -2.02, -1.88, -1.87, -1.92, -1.87, -1.84, -1.68, -1.69, -1.69, -1.99, -2.01, -2.51, -2.87, -2.96, -3.03, -3.08, -3.11, -2.04, -2.04, -2.04, -2.03, -1.9, -1.88, -1.85, -1.85, -1.73, -1.68, -1.69, -1.7, -1.99, -2.01, -2.75, -2.89, -3.01, -3.1, -3.14, -3.17, -2.05, -2.05, -2.05, -2.04, -2.03, -1.9, -1.88, -1.83, -1.78, -1.68, -1.69, -1.72, -1.98, -1.95, -2.73, -2.93, -3.09, -3.19, -3.24, -3.24, -2.05, -2.05, -2.06, -2.06, -2.06, -1.94, -1.93, -1.91, -1.88, -1.66, -1.68, -1.92, -1.89, -1.95, -2.74, -3.01, -3.23, -3.35, -3.36, -3.33, -2.06, -2.06, -2.07, -2.07, -2.08, -2.1, -2.0, -2.01, -1.98, -1.89, -1.91, -1.95, -1.95, -2.55, -2.82, -3.15, -3.46, -3.59, -3.52, -3.42, -2.73, -2.06, -2.07, -2.08, -2.1, -2.14, -2.12, -2.15, -2.13, -2.07, -1.97, -2.03, -2.75, -2.8, -2.93, -3.29, -3.77, -3.95, -3.91, -3.81, -2.73, -2.71, -2.68, -2.7, -2.69, -2.07, -2.13, -2.28, -2.47, -2.01, -1.66, -2.64, -2.85, -3.05, -3.73, -3.89, -4.07, -4.14, -4.04, -3.98, -2.73, -2.71, -2.67, -2.62, -2.62, -2.63, -2.71, -2.17, -2.57, -2.11, -2.5, -2.97, -3.49, -3.24, -3.76, -3.86, -3.96, -4.01, -3.99, -3.95, -3.2, -3.15, -3.08, -2.59, -2.48, -2.45, -2.66, -2.88, -2.82, -2.66, -2.81, -3.2, -3.65, -3.33, -3.79, -3.84, -3.89, -3.93, -3.93, -3.92, -3.21, -3.17, -3.1, -2.98, -2.72, -1.96, -2.93, -3.44, -3.29, -3.01, -3.42, -3.11, -3.26, -3.22, -3.8, -3.82, -3.86, -3.88, -3.89, -3.89, -3.24, -3.2, -3.16, -3.08, -2.96, -2.9, -3.28, -3.75, -3.94, -4.21, -3.54, -3.82, -3.8, -3.11, -3.79, -3.81, -3.83, -3.78, -3.77, -3.77, -3.27, -3.25, -3.24, -3.23, -3.25, -3.41, -3.67, -3.81, -3.9, -3.76, -4.21, -3.83, -3.8, -3.25, -3.21, -3.66, -3.66, -3.67, -3.68, -3.68, -3.3, -3.3, -3.31, -3.34, -3.43, -3.62, -3.92, -3.77, -3.75, -3.71, -4.2, -3.72, -3.64, -3.56, -3.09, -3.5, -3.52, -3.55, -3.58, -3.6, -3.34, -3.35, -3.37, -3.41, -3.49, -3.61, -3.71, -3.5, -3.39, -3.28, -3.19, -2.61, -3.48, -3.38, -3.31, -3.31, -3.36, -3.42, -3.48, -3.52, -3.36, -3.38, -2.47, -2.52, -2.59, -3.25, -3.22, -3.13, -3.03, -2.97, -2.45, -2.45, -2.45, -2.46, -2.48, -2.85, -2.9, -2.94, -3.0, -3.04, -2.37, -2.38, -2.4, -2.41, -3.02, -2.95, -2.83, -2.66, -2.55, -2.58, -2.23, -2.31, -2.37, -2.39, -2.26, -2.27, -2.22, -2.19, -2.16, -2.14, -2.33, -2.33, -2.32, -2.3, -2.83, -2.68, -2.44, -2.11, -1.94, -1.81, -2.0, -2.2, -2.3, -2.24, -2.38, -2.29, -2.22, -2.18, -2.15, -2.13, -2.29, -2.27, -2.25, -2.8, -2.67, -2.48, -2.15, -1.62, -1.09, -1.57, -1.55, -1.76, -2.05, -2.2, -2.3, -2.25, -2.2, -2.16, -2.13, -2.11, -2.25, -2.23, -2.27, -2.21, -2.11, -1.97, -1.76, -1.47, -1.15, -1.36, -1.57, -1.75, -2.03, -2.16, -2.22, -2.2, -2.16, -2.13, -2.11, -2.09, -2.3, -2.27, -2.23, -2.17, -2.08, -1.97, -1.83, -1.69, -1.42, -1.51, -1.64, -1.76, -2.03, -2.17, -2.17, -2.15, -2.13, -2.11, -2.08, -2.06, -2.28, -2.24, -2.2, -2.15, -2.08, -2.01, -1.93, -1.45, -1.61, -1.67, -1.74, -1.8, -2.46, -2.13, -2.13, -2.13, -2.13, -2.09, -2.05, -2.03, -2.26, -2.23, -2.19, -1.52, -1.53, -1.54, -1.56, -1.59, -1.63, -1.66, -1.66, -1.97, -2.06, -2.1, -2.11, -2.13, -2.18, -2.09, -2.0, -1.99, -1.54, -1.54, -1.55, -1.56, -1.57, -1.6, -1.64, -1.71, -1.79, -1.84, -1.79, -2.19, -2.06, -2.04, -2.04, -2.1, -2.41, -1.93, -1.91, -1.95, -1.55, -1.56, -1.57, -1.59, -1.61, -1.65, -1.7, -1.79, -1.93, -2.05, -1.89, -2.15, -2.2, -2.03, -2.01, -1.98, -1.82, -1.59, -1.83, -1.91, -1.57, -1.58, -1.59, -1.61, -1.63, -1.67, -1.72, -1.81, -1.93, -2.03, -2.11, -2.11, -2.15, -2.02, -1.98, -1.83, -1.77, -1.72, -1.85, -1.91, -1.58, -1.59, -1.6, -1.62, -1.64, -1.68, -1.72, -1.77, -1.82, -1.84, -2.02, -2.03, -2.08, -1.78, -1.8, -1.8, -1.78, -1.77, -1.77, -1.79, -1.58, -1.6, -1.61, -1.63, -1.65, -1.67, -1.7, -1.72, -1.73, -1.9, -1.86, -1.67, -1.64, -1.59, -1.78, -1.78, -1.78, -1.78, -1.78, -1.79, -1.59, -1.6, -1.61, -1.63, -1.64, -1.66, -1.67, -1.68, -1.67, -1.76, -1.58, -1.62, -1.62, -1.59, -1.76, -1.77, -1.78, -1.78, -1.78, -1.79, -1.59, -1.6, -1.61, -1.63, -1.64, -1.65, -1.66, -1.66, -1.66, -1.62, -1.59, -1.61, -1.61, -1.59, -1.75, -1.76, -1.77, -1.78, -1.78, -1.79, -1.6, -1.6, -1.61, -1.62, -1.63, -1.64, -1.64, -1.64, -1.65, -1.63, -1.62, -1.61, -1.61, -1.59, -1.74, -1.76, -1.77, -1.77, -1.78, -1.79, -1.6, -1.6, -1.61, -1.62, -1.63, -1.63, -1.64, -1.66, -1.65, -1.64, -1.62, -1.62, -1.61, -1.59, -1.74, -1.75, -1.76, -1.77, -1.78, -1.78]}, {"header": {"refTime": "2023-09-13T03:00:00.000Z", "nx": 21, "ny": 33, "lo1": 113.509, "la1": 22.2235, "lo2": 113.5947, "la2": 22.1034, "dx": 0.0042850000000001385, "dy": 0.003753125000000024, "parameterCategory": 2, "parameterCategoryName": "Temperature", "parameterNumber": 3}, "data": [0.19, 0.19, 0.18, 0.32, 0.29, 0.32, 0.28, 0.24, 0.23, 0.28, 0.36, 0.43, 0.75, 0.8, 0.82, 0.87, 1.44, 1.45, 1.46, 1.47, 0.2, 0.19, 0.18, 0.17, 0.29, 0.25, 0.24, 0.16, 0.11, 0.2, 0.35, 0.46, 0.78, 0.84, 0.85, 1.42, 1.44, 1.46, 1.47, 1.48, 0.2, 0.2, 0.19, 0.18, 0.31, 0.27, 0.19, 0.1, -0.13, 0.15, 0.37, 0.52, 0.84, 0.88, 1.38, 1.42, 1.45, 1.47, 1.48, 1.49, 0.21, 0.21, 0.21, 0.2, 0.19, 0.3, 0.25, 0.15, 0.06, 0.24, 0.45, 0.62, 0.92, 1.12, 1.37, 1.42, 1.46, 1.48, 1.5, 1.5, 0.22, 0.22, 0.22, 0.22, 0.22, 0.36, 0.34, 0.3, 0.29, 0.41, 0.55, 1.09, 1.04, 1.11, 1.38, 1.44, 1.49, 1.51, 1.52, 1.51, 0.23, 0.23, 0.23, 0.24, 0.25, 0.26, 0.43, 0.45, 0.46, 0.48, 1.1, 1.13, 1.11, 1.33, 1.41, 1.48, 1.53, 1.55, 1.54, 1.53, 0.62, 0.24, 0.24, 0.25, 0.27, 0.3, 0.59, 0.56, 0.59, 0.94, 1.0, 1.22, 1.49, 1.46, 1.47, 1.52, 1.58, 1.6, 1.54, 1.52, 0.62, 0.6, 0.59, 0.66, 0.65, 0.51, 0.57, 0.65, 0.8, 0.91, 0.85, 1.5, 1.6, 1.56, 1.7, 1.68, 1.67, 1.66, 1.67, 1.68, 0.61, 0.6, 0.58, 0.55, 0.6, 0.61, 0.68, 0.59, 0.86, 0.96, 1.26, 1.49, 1.59, 1.54, 1.69, 1.69, 1.68, 1.67, 1.67, 1.68, 0.81, 0.79, 0.75, 0.53, 0.47, 0.49, 0.62, 0.77, 0.98, 0.95, 1.37, 1.49, 1.57, 1.53, 1.69, 1.69, 1.68, 1.68, 1.68, 1.68, 0.82, 0.79, 0.76, 0.69, 0.56, 0.17, 0.68, 0.96, 0.97, 1.06, 1.31, 1.46, 1.5, 1.5, 1.69, 1.69, 1.69, 1.68, 1.68, 1.68, 0.83, 0.81, 0.79, 0.75, 0.68, 0.65, 0.86, 1.14, 1.26, 1.43, 1.34, 1.63, 1.64, 1.47, 1.69, 1.69, 1.69, 1.19, 1.18, 1.18, 0.84, 0.84, 0.83, 0.82, 0.83, 0.9, 1.03, 1.15, 1.22, 1.13, 1.43, 1.62, 1.63, 1.19, 1.15, 1.08, 1.08, 1.09, 1.1, 1.1, 0.86, 0.86, 0.86, 0.88, 0.91, 1.0, 1.12, 1.1, 1.12, 1.1, 1.42, 1.08, 1.01, 0.95, 0.99, 0.94, 0.96, 0.98, 1.01, 1.03, 0.88, 0.88, 0.89, 0.91, 0.95, 1.0, 1.05, 1.41, 1.47, 1.51, 1.53, 1.08, 0.88, 0.79, 0.74, 0.77, 0.82, 0.87, 0.92, 0.96, 0.89, 0.9, 1.06, 1.08, 1.11, 1.47, 1.48, 1.51, 1.54, 1.57, 1.2, 1.04, 0.86, 0.73, 0.65, 0.74, 0.86, 0.97, 1.07, 1.15, 1.09, 1.1, 1.12, 1.15, 1.53, 1.54, 1.58, 1.62, 1.65, 1.65, 1.22, 1.02, 0.77, 0.51, 0.48, 0.52, 0.72, 0.87, 0.98, 1.06, 1.12, 1.14, 1.17, 1.21, 1.58, 1.61, 1.67, 1.74, 1.79, 1.43, 1.21, 1.02, 0.73, 0.49, 0.04, 0.46, 0.74, 0.92, 1.03, 1.1, 1.15, 1.18, 1.21, 1.59, 1.62, 1.66, 1.73, 1.85, 1.89, 1.56, 1.23, 0.96, 0.97, 0.68, 0.42, 0.62, 0.86, 1.02, 1.12, 1.17, 1.18, 1.2, 1.44, 1.47, 1.5, 1.55, 1.64, 1.76, 1.71, 1.48, 1.23, 1.0, 1.13, 0.97, 0.79, 0.91, 1.06, 1.17, 1.23, 1.26, 1.41, 1.42, 1.44, 1.46, 1.48, 1.52, 1.57, 1.63, 1.45, 1.34, 1.18, 1.02, 1.28, 1.02, 1.08, 1.18, 1.28, 1.34, 1.35, 1.35, 1.41, 1.41, 1.42, 1.44, 1.45, 1.47, 1.49, 1.42, 1.27, 1.21, 1.12, 1.02, 1.07, 1.21, 1.3, 1.42, 1.51, 1.52, 1.48, 1.43, 1.4, 1.4, 1.41, 1.3, 1.3, 1.31, 1.3, 1.29, 1.26, 1.23, 1.22, 1.65, 1.51, 1.34, 1.45, 1.61, 1.77, 1.69, 1.57, 1.49, 1.26, 1.26, 1.26, 1.26, 1.25, 1.24, 1.22, 1.18, 1.13, 1.11, 1.12, 1.25, 1.49, 1.6, 1.7, 1.7, 2.09, 1.7, 1.58, 1.51, 1.24, 1.23, 1.23, 1.22, 1.21, 1.18, 1.15, 1.11, 1.04, 0.99, 1.05, 1.2, 1.33, 1.57, 1.66, 1.73, 1.62, 1.48, 1.54, 1.51, 1.22, 1.21, 1.2, 1.19, 1.17, 1.14, 1.11, 1.07, 1.01, 0.98, 1.06, 1.15, 1.27, 1.55, 1.62, 1.63, 1.62, 1.6, 1.52, 1.5, 1.2, 1.19, 1.18, 1.16, 1.14, 1.11, 1.08, 1.04, 1.0, 0.98, 1.04, 1.11, 1.21, 1.42, 1.51, 1.56, 1.58, 1.59, 1.59, 1.59, 1.18, 1.17, 1.16, 1.14, 1.12, 1.09, 1.05, 1.02, 0.97, 0.97, 0.96, 0.86, 0.89, 0.93, 1.44, 1.5, 1.54, 1.56, 1.57, 1.57, 1.17, 1.16, 1.14, 1.12, 1.1, 1.07, 1.04, 0.99, 0.94, 0.89, 0.76, 0.82, 0.87, 0.91, 1.39, 1.46, 1.5, 1.52, 1.54, 1.54, 1.16, 1.15, 1.13, 1.11, 1.09, 1.06, 1.03, 0.98, 0.84, 0.8, 0.78, 0.82, 0.86, 0.9, 1.35, 1.42, 1.46, 1.49, 1.51, 1.52, 1.15, 1.14, 1.12, 1.1, 1.08, 1.06, 1.03, 0.99, 0.84, 0.83, 0.82, 0.84, 0.87, 0.9, 1.33, 1.39, 1.43, 1.46, 1.49, 1.5, 1.15, 1.13, 1.12, 1.1, 1.08, 1.06, 1.03, 0.87, 0.86, 0.85, 0.85, 0.86, 0.88, 0.9, 1.32, 1.37, 1.41, 1.44, 1.47, 1.48]}, {"header": {"refTime": "2023-09-13T03:00:00.000Z", "nx": 21, "ny": 33, "lo1": 113.509, "la1": 22.2235, "lo2": 113.5947, "la2": 22.1034, "dx": 0.0042850000000001385, "dy": 0.003753125000000024, "parameterCategory": 0, "parameterCategoryName": "Temperature", "parameterNumber": 0}, "data": [[26.87, 26.86, 26.86, 26.61, 26.62, 26.91, 26.92, 26.92, 26.93, 26.85, 26.85, 26.86, 27.08, 27.09, 27.07, 27.06, 27.08, 27.07, 27.06, 27.06], [26.87, 26.86, 26.86, 26.86, 26.62, 26.64, 26.91, 26.92, 26.92, 26.85, 26.86, 26.88, 27.1, 27.11, 27.08, 27.09, 27.07, 27.06, 27.06, 27.05], [26.87, 26.87, 26.86, 26.86, 26.61, 26.64, 26.68, 26.91, 26.9, 26.86, 26.87, 26.9, 27.12, 27.13, 27.11, 27.09, 27.07, 27.05, 27.05, 27.04], [26.87, 26.87, 26.86, 26.86, 26.85, 26.62, 26.65, 26.7, 26.75, 26.84, 26.86, 26.94, 27.16, 26.99, 27.11, 27.08, 27.06, 27.04, 27.03, 27.03], [26.87, 26.87, 26.87, 26.86, 26.85, 26.59, 26.61, 26.62, 26.62, 26.78, 26.83, 27.01, 27.18, 27.03, 27.11, 27.07, 27.04, 27.02, 27.02, 27.02], [26.88, 26.88, 26.87, 26.86, 26.85, 26.84, 26.57, 26.56, 26.54, 26.49, 26.76, 26.92, 27.06, 27.2, 27.09, 27.05, 27.01, 26.99, 27.0, 27.01], [26.88, 26.88, 26.88, 26.87, 26.86, 26.84, 26.6, 26.54, 26.51, 26.45, 26.43, 26.78, 27.13, 27.15, 27.07, 27.02, 26.96, 26.94, 26.97, 27.0], [26.89, 26.89, 26.89, 26.89, 26.88, 26.68, 26.63, 26.58, 26.57, 26.41, 26.25, 26.72, 26.73, 27.15, 26.94, 26.95, 26.93, 26.92, 26.93, 26.94], [26.81, 26.82, 26.91, 26.92, 26.92, 26.9, 26.84, 26.61, 26.44, 26.47, 26.45, 26.58, 26.64, 26.56, 26.94, 26.95, 26.94, 26.93, 26.94, 26.94], [27.1, 27.1, 27.1, 26.87, 26.9, 26.99, 26.93, 26.84, 26.32, 26.34, 26.65, 26.5, 26.54, 26.52, 26.94, 26.96, 26.95, 26.94, 26.94, 26.95], [27.1, 27.1, 27.1, 27.1, 27.1, 27.1, 27.1, 27.1, 26.92, 26.43, 26.1, 26.44, 26.48, 26.49, 26.94, 26.96, 26.95, 26.95, 26.95, 26.95], [27.1, 27.1, 27.1, 27.1, 27.1, 27.1, 27.1, 27.1, 27.1, -999.0, 26.1, 27.0, 27.0, 26.46, 26.94, 26.96, 26.96, 26.39, 26.4, 26.4], [27.1, 27.1, 27.1, 27.1, 27.1, 27.1, 27.1, 27.1, 27.1, 27.1, -999.0, 27.0, 27.0, 26.35, 26.63, 26.57, 26.58, 26.47, 26.48, 26.49], [27.1, 27.1, 27.1, 27.1, 27.1, 27.1, 27.1, 27.1, 27.1, 27.1, -999.0, 26.0, 26.0, 26.0, 26.55, 26.5, 26.51, 26.4, 26.42, 26.44], [27.1, 27.1, 27.1, 27.1, 27.1, 27.1, 27.1, 27.2, 27.2, 27.2, 27.2, 26.74, 26.0, 26.0, 26.0, 26.41, 26.44, 26.34, 26.37, 26.39], [27.1, 27.1, 27.16, 27.16, 27.17, 27.2, 27.2, 27.2, 27.2, 27.2, 26.44, 26.53, 26.41, 26.32, 26.43, 26.26, 26.3, 26.23, 26.42, 26.45], [27.16, 27.16, 27.14, 27.14, 27.2, 27.2, 27.2, 27.2, 27.2, 27.2, 26.68, 26.54, 26.38, 26.23, 26.22, 26.21, 26.28, 26.34, 26.38, 26.41], [27.14, 27.14, 27.14, 27.14, 27.2, 27.2, 27.2, 27.2, 27.2, 26.9, 26.73, 26.55, 26.37, 26.23, 26.03, 26.18, 26.29, 26.36, 26.4, 26.43], [27.14, 27.14, 27.14, 27.2, 27.2, 27.2, 27.2, 27.2, 27.09, 26.97, 26.84, 26.69, 26.46, 26.31, 26.17, 26.24, 26.33, 26.39, 26.43, 26.45], [27.14, 27.14, 27.14, 27.15, 27.15, 27.15, 27.16, 27.18, 27.08, 26.98, 26.85, 26.73, 26.51, 26.42, 26.31, 26.35, 26.4, 26.45, 26.47, 26.48], [27.14, 27.14, 27.14, 27.16, 27.16, 27.16, 27.17, 27.17, 26.99, 26.94, 26.86, 26.77, 26.56, 26.39, 26.41, 26.44, 26.48, 26.51, 26.52, 26.52], [27.15, 27.15, 27.15, 27.16, 27.16, 27.16, 27.16, 27.17, 26.96, 26.92, 26.87, 26.81, 26.58, 26.46, 26.49, 26.53, 26.56, 26.57, 26.56, 26.55], [27.15, 27.15, 27.15, 27.16, 27.16, 27.16, 27.16, 27.16, 27.15, 27.15, 27.15, 27.02, 26.85, 26.51, 26.54, 26.59, 26.62, 26.62, 26.6, 26.58], [27.16, 27.16, 27.16, 27.16, 27.16, 27.16, 27.15, 27.15, 27.14, 27.14, 27.14, 27.03, 26.86, 26.81, 26.77, 26.62, 26.68, 26.66, 26.63, 26.6], [27.16, 27.16, 27.16, 27.16, 27.16, 27.16, 27.15, 27.14, 27.13, 27.12, 27.13, 27.04, 27.01, 26.82, 26.78, 26.75, 26.66, 26.67, 26.63, 26.6], [27.16, 27.16, 27.16, 27.16, 27.16, 27.16, 27.15, 27.14, 27.13, 27.12, 27.08, 27.06, 27.02, 26.83, 26.79, 26.78, 26.75, 26.75, 26.62, 26.6], [27.16, 27.16, 27.16, 27.16, 27.16, 27.16, 27.15, 27.15, 27.15, 27.14, 27.09, 27.07, 27.04, 26.88, 26.84, 26.8, 26.78, 26.77, 26.77, 26.78], [27.16, 27.16, 27.16, 27.16, 27.16, 27.16, 27.16, 27.16, 27.16, 27.11, 27.12, 27.1, 27.06, 27.02, 26.86, 26.83, 26.81, 26.8, 26.79, 26.79], [27.16, 27.16, 27.16, 27.16, 27.16, 27.16, 27.16, 27.16, 27.17, 27.14, 27.17, 27.12, 27.08, 27.04, 26.89, 26.85, 26.83, 26.82, 26.81, 26.81], [27.16, 27.16, 27.16, 27.16, 27.16, 27.16, 27.16, 27.17, 27.11, 27.14, 27.16, 27.12, 27.08, 27.05, 26.91, 26.87, 26.85, 26.84, 26.83, 26.82], [27.16, 27.16, 27.16, 27.16, 27.16, 27.16, 27.17, 27.17, 27.1, 27.12, 27.12, 27.1, 27.08, 27.05, 26.92, 26.89, 26.87, 26.85, 26.84, 26.83], [27.16, 27.16, 27.16, 27.16, 27.17, 27.17, 27.17, 27.09, 27.09, 27.1, 27.1, 27.09, 27.07, 27.05, 26.92, 26.9, 26.88, 26.86, 26.85, 26.84]]}]