gis_exercise/awsData/contour/wdir_2023090814.json
[{"header": {"refTime": "2023-09-08T14:00:00.000Z", "nx": 21, "ny": 33, "lo1": 113.509, "la1": 22.2235, "lo2": 113.5947, "la2": 22.1034, "dx": 0.0042850000000001385, "dy": 0.003753125000000024, "parameterCategory": 2, "parameterCategoryName": "Temperature", "parameterNumber": 2}, "data": [-1.01, -1.01, -1.01, -1.01, -0.99, -0.87, -0.84, -0.81, -0.78, -0.47, -0.44, -0.4, -0.46, -0.45, -0.99, -1.07, -1.19, -1.25, -1.3, -1.33, -1.01, -1.01, -1.01, -1.01, -1.0, -0.97, -0.84, -0.79, -0.76, -0.5, -0.44, -0.38, -0.43, -0.42, -0.97, -1.12, -1.22, -1.3, -1.35, -1.38, -1.01, -1.02, -1.02, -1.02, -1.02, -0.99, -0.93, -0.79, -0.7, -0.53, -0.43, -0.35, -0.39, -0.39, -0.99, -1.14, -1.27, -1.36, -1.42, -1.44, -1.01, -1.02, -1.02, -1.03, -1.03, -1.02, -0.98, -0.91, -0.84, -0.49, -0.39, -0.3, -0.31, -0.3, -0.97, -1.18, -1.36, -1.47, -1.52, -1.52, -1.01, -1.02, -1.03, -1.04, -1.06, -1.08, -1.06, -1.03, -0.99, -0.43, -0.35, -0.27, -0.15, -0.28, -0.98, -1.28, -1.51, -1.64, -1.66, -1.62, -1.0, -1.01, -1.02, -1.04, -1.07, -1.12, -1.17, -1.18, -1.14, -1.04, -0.41, -0.35, -0.26, -0.67, -1.06, -1.43, -1.76, -1.91, -1.83, -1.72, -1.98, -1.0, -1.01, -1.03, -1.07, -1.14, -1.21, -1.38, -1.36, -1.05, -0.85, -0.49, -0.87, -0.91, -1.18, -1.58, -2.11, -2.3, -2.2, -2.07, -1.97, -1.93, -1.88, -1.81, -1.81, -1.05, -1.2, -1.48, -1.75, -1.02, -0.63, -0.98, -1.08, -1.13, -1.88, -2.1, -2.37, -2.47, -2.32, -2.23, -1.98, -1.93, -1.86, -1.77, -1.67, -1.7, -1.87, -1.28, -1.94, -1.09, -1.0, -1.25, -1.6, -1.43, -1.89, -2.05, -2.2, -2.27, -2.24, -2.19, -2.55, -2.47, -2.36, -1.71, -1.5, -1.37, -1.72, -2.11, -2.24, -2.04, -1.19, -1.43, -1.74, -1.51, -1.91, -2.0, -2.09, -2.15, -2.16, -2.14, -2.57, -2.5, -2.39, -2.19, -1.77, -0.54, -2.09, -2.88, -2.68, -2.48, -2.28, -1.37, -1.47, -1.44, -1.91, -1.97, -2.03, -2.08, -2.09, -2.09, -2.62, -2.57, -2.49, -2.37, -2.17, -2.07, -2.68, -3.36, -3.62, -3.67, -2.52, -2.37, -2.25, -1.37, -1.91, -1.95, -1.99, -2.47, -2.48, -2.49, -2.68, -2.65, -2.63, -2.62, -2.67, -2.95, -3.38, -3.5, -3.59, -3.39, -3.54, -2.5, -2.36, -1.87, -1.88, -2.44, -2.45, -2.46, -2.47, -2.48, -2.73, -2.74, -2.75, -2.81, -2.97, -3.32, -3.9, -3.53, -3.43, -3.34, -3.59, -2.98, -2.87, -2.8, -1.95, -2.44, -2.45, -2.46, -2.46, -2.47, -2.79, -2.81, -2.85, -2.93, -3.07, -3.28, -3.45, -3.22, -3.03, -2.86, -2.74, -2.16, -2.85, -2.78, -2.74, -2.44, -2.45, -2.45, -2.46, -2.46, -2.83, -2.86, -1.65, -1.74, -1.86, -2.87, -2.83, -2.69, -2.53, -2.43, -1.9, -1.98, -2.07, -1.78, -1.88, -2.46, -2.47, -2.47, -2.6, -2.61, -1.5, -1.52, -1.56, -1.59, -2.54, -2.44, -2.26, -2.02, -1.86, -1.89, -1.61, -1.82, -2.0, -2.17, -2.14, -2.54, -2.57, -2.6, -2.62, -2.63, -1.45, -1.45, -1.45, -1.43, -2.26, -2.05, -1.7, -1.24, -1.0, -1.01, -1.37, -1.67, -1.95, -2.1, -2.41, -2.53, -2.58, -2.61, -2.62, -2.63, -1.39, -1.38, -1.35, -2.21, -2.04, -1.76, -1.3, -0.55, 0.15, -0.64, -0.75, -1.14, -1.7, -2.01, -2.53, -2.56, -2.6, -2.62, -2.64, -2.65, -1.35, -1.32, -1.61, -1.52, -1.38, -1.16, -0.85, -0.41, -0.0, -0.38, -0.77, -1.11, -1.63, -1.88, -2.58, -2.6, -2.63, -2.64, -2.65, -2.66, -1.67, -1.62, -1.56, -1.47, -1.34, -1.18, -0.97, -0.76, -0.46, -0.64, -0.89, -1.12, -1.61, -2.62, -2.63, -2.64, -2.66, -2.67, -2.67, -2.67, -1.63, -1.59, -1.53, -1.45, -1.35, -1.24, -1.13, -0.48, -0.8, -0.9, -1.03, -1.17, -2.31, -2.65, -2.66, -2.68, -2.69, -2.69, -2.69, -2.69, -1.61, -1.57, -1.51, -0.62, -0.63, -0.64, -0.67, -0.72, -0.79, -0.84, -0.84, -1.33, -2.36, -2.67, -2.68, -2.7, -2.72, -2.72, -2.71, -2.7, -0.66, -0.66, -0.67, -0.69, -0.71, -0.75, -0.82, -0.92, -1.06, -1.13, -1.05, -1.74, -2.34, -2.45, -2.55, -2.72, -2.74, -2.73, -2.72, -2.7, -0.68, -0.7, -0.71, -0.74, -0.78, -0.83, -0.92, -1.06, -1.28, -1.47, -1.22, -1.69, -1.77, -2.44, -2.54, -2.63, -2.73, -2.73, -2.72, -2.71, -0.71, -0.72, -0.75, -0.78, -0.82, -0.88, -0.97, -1.09, -1.29, -1.45, -1.61, -1.62, -1.7, -2.42, -2.52, -2.45, -2.54, -2.56, -2.71, -2.71, -0.73, -0.75, -0.77, -0.8, -0.84, -0.9, -0.96, -1.05, -1.13, -1.16, -1.48, -1.51, -1.6, -2.05, -2.22, -2.35, -2.43, -2.46, -2.46, -2.44, -0.74, -0.76, -0.79, -0.82, -0.85, -0.89, -0.94, -0.99, -1.01, -1.32, -1.27, -1.36, -1.5, -1.64, -2.11, -2.24, -2.33, -2.37, -2.39, -2.38, -0.76, -0.77, -0.8, -0.82, -0.85, -0.88, -0.91, -0.94, -0.93, -1.13, -0.96, -1.22, -1.42, -1.57, -2.02, -2.15, -2.24, -2.29, -2.32, -2.33, -0.76, -0.78, -0.8, -0.82, -0.85, -0.87, -0.89, -0.9, -1.28, -1.13, -1.04, -1.22, -1.39, -1.53, -1.95, -2.07, -2.16, -2.22, -2.26, -2.27, -0.77, -0.78, -0.8, -0.82, -0.84, -0.86, -0.87, -0.88, -1.32, -1.24, -1.22, -1.3, -1.41, -1.52, -1.91, -2.02, -2.1, -2.16, -2.2, -2.23, -0.77, -0.79, -0.8, -0.82, -0.83, -0.85, -0.86, -1.41, -1.37, -1.33, -1.33, -1.38, -1.45, -1.53, -1.9, -1.99, -2.06, -2.12, -2.16, -2.19]}, {"header": {"refTime": "2023-09-08T14:00:00.000Z", "nx": 21, "ny": 33, "lo1": 113.509, "la1": 22.2235, "lo2": 113.5947, "la2": 22.1034, "dx": 0.0042850000000001385, "dy": 0.003753125000000024, "parameterCategory": 2, "parameterCategoryName": "Temperature", "parameterNumber": 3}, "data": [-0.42, -0.41, -0.41, -0.55, -0.53, -0.41, -0.4, -0.38, -0.37, -0.45, -0.49, -0.52, -0.75, -0.78, -1.19, -1.29, -1.82, -1.87, -1.92, -1.94, -0.42, -0.42, -0.41, -0.4, -0.53, -0.5, -0.38, -0.35, -0.33, -0.41, -0.48, -0.53, -0.75, -0.79, -1.2, -1.75, -1.84, -1.91, -1.96, -1.99, -0.42, -0.42, -0.42, -0.41, -0.54, -0.51, -0.46, -0.32, -0.23, -0.38, -0.49, -0.54, -0.76, -0.8, -1.62, -1.76, -1.88, -1.97, -2.02, -2.04, -0.43, -0.43, -0.42, -0.42, -0.41, -0.53, -0.49, -0.43, -0.37, -0.44, -0.53, -0.58, -0.76, -0.96, -1.59, -1.8, -1.96, -2.06, -2.11, -2.11, -0.43, -0.43, -0.43, -0.43, -0.43, -0.57, -0.55, -0.53, -0.53, -0.54, -0.59, -0.91, -0.74, -0.93, -1.61, -1.88, -2.1, -2.21, -2.23, -2.2, -0.44, -0.44, -0.44, -0.44, -0.45, -0.45, -0.61, -0.62, -0.64, -0.67, -1.09, -1.01, -0.9, -1.15, -1.7, -2.02, -2.31, -2.44, -2.38, -2.29, -0.72, -0.44, -0.45, -0.45, -0.46, -0.47, -0.7, -0.67, -0.7, -1.05, -1.15, -1.22, -1.39, -1.36, -1.83, -2.17, -2.61, -2.77, -2.5, -2.33, -0.72, -0.72, -0.7, -0.76, -0.76, -0.66, -0.68, -0.7, -0.79, -1.03, -1.07, -1.6, -1.68, -1.51, -2.19, -2.43, -2.73, -2.85, -2.68, -2.57, -0.73, -0.72, -0.7, -0.68, -0.73, -0.73, -0.76, -0.69, -0.9, -1.06, -1.42, -1.59, -1.67, -1.63, -2.14, -2.34, -2.53, -2.62, -2.58, -2.53, -0.94, -0.92, -0.9, -0.67, -0.63, -0.66, -0.75, -0.84, -1.03, -1.03, -1.5, -1.59, -1.66, -1.63, -2.11, -2.26, -2.4, -2.47, -2.48, -2.46, -0.95, -0.93, -0.9, -0.85, -0.75, -0.45, -0.84, -1.06, -1.03, -1.12, -1.42, -1.57, -1.6, -1.6, -2.11, -2.22, -2.31, -2.38, -2.4, -2.41, -0.96, -0.94, -0.92, -0.89, -0.84, -0.82, -0.98, -1.21, -1.3, -1.46, -1.43, -1.68, -1.69, -1.58, -2.12, -2.2, -2.27, -2.05, -2.07, -2.08, -0.97, -0.96, -0.95, -0.95, -0.95, -1.01, -1.1, -1.21, -1.27, -1.2, -1.47, -1.66, -1.68, -1.5, -1.47, -1.84, -1.88, -1.93, -1.96, -1.98, -0.98, -0.98, -0.98, -0.99, -1.02, -1.08, -1.16, -1.16, -1.18, -1.17, -1.45, -1.37, -1.34, -1.32, -1.39, -1.71, -1.76, -1.81, -1.85, -1.89, -0.99, -1.0, -1.0, -1.02, -1.04, -1.08, -1.12, -1.16, -1.16, -1.14, -1.13, -1.0, -1.28, -1.24, -1.22, -1.57, -1.63, -1.69, -1.75, -1.8, -1.0, -1.01, -0.78, -0.8, -0.82, -1.1, -1.1, -1.09, -1.07, -1.07, -0.96, -0.95, -0.94, -0.97, -0.97, -0.96, -0.96, -0.96, -1.33, -1.37, -0.76, -0.76, -0.77, -0.78, -1.06, -1.05, -1.02, -0.99, -0.97, -0.98, -0.91, -0.91, -0.91, -0.89, -0.78, -0.88, -0.89, -0.9, -0.9, -0.91, -0.76, -0.76, -0.77, -0.77, -1.02, -0.99, -0.94, -0.87, -0.84, -0.77, -0.8, -0.88, -0.89, -0.78, -0.84, -0.87, -0.89, -0.9, -0.91, -0.91, -0.75, -0.76, -0.76, -1.02, -0.99, -0.95, -0.88, -0.77, -0.64, -0.73, -0.72, -0.75, -0.71, -0.75, -0.87, -0.88, -0.89, -0.9, -0.91, -0.92, -0.75, -0.75, -0.86, -0.85, -0.83, -0.8, -0.77, -0.71, -0.65, -0.69, -0.72, -0.75, -0.69, -0.71, -0.88, -0.89, -0.9, -0.9, -0.91, -0.92, -0.86, -0.86, -0.85, -0.84, -0.82, -0.8, -0.78, -0.75, -0.7, -0.71, -0.73, -0.75, -0.67, -0.9, -0.89, -0.89, -0.9, -0.91, -0.92, -0.93, -0.86, -0.85, -0.84, -0.83, -0.82, -0.81, -0.79, -0.65, -0.73, -0.74, -0.75, -0.76, -0.73, -0.9, -0.9, -0.89, -0.89, -0.9, -0.93, -0.94, -0.85, -0.85, -0.84, -0.63, -0.64, -0.64, -0.65, -0.66, -0.67, -0.68, -0.67, -0.67, -0.9, -0.91, -0.9, -0.88, -0.84, -0.89, -0.94, -0.95, -0.62, -0.63, -0.63, -0.63, -0.64, -0.65, -0.66, -0.68, -0.7, -0.71, -0.69, -0.64, -0.9, -0.91, -0.91, -0.88, -0.7, -0.98, -0.99, -0.98, -0.62, -0.63, -0.63, -0.63, -0.64, -0.65, -0.66, -0.69, -0.74, -0.78, -0.71, -0.64, -0.6, -0.92, -0.93, -0.94, -1.04, -1.16, -1.04, -1.0, -0.62, -0.62, -0.63, -0.63, -0.64, -0.64, -0.66, -0.68, -0.72, -0.76, -0.68, -0.63, -0.59, -0.92, -0.94, -0.9, -0.97, -1.01, -1.03, -1.0, -0.62, -0.62, -0.62, -0.62, -0.63, -0.63, -0.64, -0.65, -0.66, -0.66, -0.61, -0.59, -0.57, -0.77, -0.82, -0.88, -0.92, -0.94, -0.94, -0.92, -0.62, -0.62, -0.62, -0.62, -0.62, -0.62, -0.62, -0.61, -0.6, -0.56, -0.53, -0.68, -0.76, -0.83, -0.79, -0.84, -0.88, -0.9, -0.9, -0.9, -0.61, -0.61, -0.61, -0.61, -0.61, -0.61, -0.6, -0.58, -0.55, -0.49, -0.47, -0.61, -0.71, -0.8, -0.76, -0.81, -0.84, -0.86, -0.87, -0.87, -0.61, -0.61, -0.61, -0.61, -0.6, -0.6, -0.59, -0.57, -0.64, -0.56, -0.52, -0.61, -0.7, -0.78, -0.74, -0.78, -0.82, -0.84, -0.85, -0.85, -0.61, -0.61, -0.6, -0.6, -0.6, -0.59, -0.58, -0.56, -0.66, -0.62, -0.61, -0.65, -0.71, -0.77, -0.73, -0.77, -0.8, -0.82, -0.83, -0.84, -0.61, -0.6, -0.6, -0.6, -0.59, -0.59, -0.58, -0.71, -0.69, -0.67, -0.67, -0.69, -0.73, -0.78, -0.73, -0.76, -0.78, -0.8, -0.81, -0.82]}, {"header": {"refTime": "2023-09-08T14:00:00.000Z", "nx": 21, "ny": 33, "lo1": 113.509, "la1": 22.2235, "lo2": 113.5947, "la2": 22.1034, "dx": 0.0042850000000001385, "dy": 0.003753125000000024, "parameterCategory": 0, "parameterCategoryName": "Temperature", "parameterNumber": 0}, "data": [[24.95, 24.93, 24.91, 24.64, 24.62, 24.76, 24.74, 24.71, 24.71, 24.68, 24.75, 24.82, 25.0, 25.03, 25.06, 25.08, 25.36, 25.36, 25.37, 25.37], [24.96, 24.94, 24.92, 24.89, 24.63, 24.6, 24.71, 24.66, 24.63, 24.63, 24.74, 24.84, 25.03, 25.06, 25.08, 25.36, 25.36, 25.37, 25.37, 25.37], [24.97, 24.96, 24.94, 24.91, 24.64, 24.61, 24.57, 24.61, 24.45, 24.59, 24.77, 24.9, 25.07, 25.1, 25.35, 25.36, 25.36, 25.37, 25.37, 25.37], [24.99, 24.98, 24.96, 24.94, 24.9, 24.64, 24.6, 24.55, 24.5, 24.65, 24.83, 25.0, 25.15, 25.33, 25.35, 25.36, 25.37, 25.37, 25.37, 25.37], [25.01, 25.01, 24.99, 24.97, 24.94, 24.68, 24.67, 24.64, 24.63, 24.91, 24.92, 25.34, 25.31, 25.33, 25.35, 25.36, 25.37, 25.37, 25.38, 25.38], [25.04, 25.04, 25.03, 25.02, 25.0, 24.97, 24.74, 24.75, 24.67, 24.63, 25.36, 25.33, 25.32, 25.33, 25.36, 25.37, 25.38, 25.38, 25.38, 25.38], [25.33, 25.07, 25.07, 25.07, 25.06, 25.04, 25.3, 24.77, 24.79, 25.2, 25.16, 25.35, 25.36, 25.35, 25.37, 25.37, 25.39, 25.39, 25.38, 25.38], [25.34, 25.35, 25.35, 25.34, 25.33, 25.29, 25.22, 25.17, 25.05, 25.19, 25.17, 25.4, 25.4, 25.35, 25.4, 25.4, 25.4, 25.4, 25.4, 25.4], [25.26, 25.27, 25.37, 25.38, 25.38, 25.36, 25.29, 25.18, 25.0, 25.21, 25.4, 25.4, 25.4, 25.4, 25.4, 25.4, 25.4, 25.4, 25.4, 25.4], [25.6, 25.6, 25.6, 25.32, 25.36, 25.46, 25.39, 25.29, 25.0, 25.0, 25.4, 25.4, 25.4, 25.4, 25.4, 25.4, 25.4, 25.4, 25.4, 25.4], [25.6, 25.6, 25.6, 25.6, 25.6, 25.6, 25.6, 25.6, 25.39, 25.0, -999.0, 25.4, 25.4, 25.4, 25.4, 25.4, 25.4, 25.4, 25.4, 25.4], [25.6, 25.6, 25.6, 25.6, 25.6, 25.6, 25.6, 25.6, 25.6, -999.0, -999.0, 25.4, 25.4, 25.4, 25.4, 25.4, 25.4, 24.95, 24.96, 24.96], [25.6, 25.6, 25.6, 25.6, 25.6, 25.6, 25.6, 25.6, 25.6, 25.6, -999.0, 25.4, 25.4, 24.88, 25.11, 25.11, 25.11, 25.02, 25.03, 25.04], [25.6, 25.6, 25.6, 25.6, 25.6, 25.6, 25.6, 25.6, 25.6, 25.6, -999.0, 24.6, 24.6, 24.6, 25.04, 25.04, 25.05, 24.95, 24.98, 24.99], [25.6, 25.6, 25.6, 25.6, 25.6, 25.6, 25.6, 25.4, 25.4, 25.4, 25.4, 25.09, 24.6, 24.6, 24.6, 24.97, 24.99, 24.9, 24.93, 24.95], [25.6, 25.6, 25.47, 25.47, 25.47, 25.4, 25.4, 25.4, 25.4, 25.4, 24.9, 24.95, 24.88, 24.81, 24.89, 24.82, 24.85, 24.79, 24.97, 25.0], [25.47, 25.47, 25.53, 25.53, 25.4, 25.4, 25.4, 25.4, 25.4, 25.4, 25.06, 24.96, 24.85, 24.76, 24.76, 24.79, 24.86, 24.91, 24.95, 24.98], [25.53, 25.53, 25.52, 25.52, 25.4, 25.4, 25.4, 25.4, 25.4, 25.2, 25.09, 24.97, 24.84, 24.77, 24.62, 24.77, 24.87, 24.93, 24.97, 25.0], [25.52, 25.52, 25.52, 25.4, 25.4, 25.4, 25.4, 25.4, 25.33, 25.24, 25.19, 25.09, 24.93, 24.82, 24.76, 24.83, 24.91, 24.96, 25.0, 25.02], [25.52, 25.52, 25.46, 25.45, 25.45, 25.45, 25.44, 25.42, 25.34, 25.28, 25.21, 25.12, 24.97, 24.91, 24.88, 24.92, 24.97, 25.01, 25.04, 25.05], [25.46, 25.46, 25.46, 25.44, 25.44, 25.44, 25.43, 25.43, 25.3, 25.27, 25.22, 25.16, 25.01, 24.96, 24.98, 25.01, 25.04, 25.07, 25.08, 25.08], [25.45, 25.45, 25.45, 25.44, 25.44, 25.44, 25.44, 25.45, 25.3, 25.28, 25.24, 25.2, 25.09, 25.02, 25.05, 25.08, 25.11, 25.12, 25.12, 25.11], [25.45, 25.45, 25.45, 25.46, 25.46, 25.46, 25.46, 25.46, 25.47, 25.47, 25.47, 25.39, 25.34, 25.07, 25.1, 25.14, 25.17, 25.17, 25.16, 25.14], [25.46, 25.46, 25.46, 25.47, 25.47, 25.47, 25.47, 25.47, 25.48, 25.48, 25.48, 25.43, 25.35, 25.32, 25.29, 25.17, 25.2, 25.22, 25.19, 25.16], [25.47, 25.47, 25.47, 25.47, 25.47, 25.47, 25.48, 25.48, 25.49, 25.49, 25.49, 25.44, 25.41, 25.32, 25.3, 25.28, 25.22, 25.24, 25.2, 25.17], [25.47, 25.47, 25.47, 25.47, 25.47, 25.48, 25.48, 25.48, 25.49, 25.49, 25.46, 25.44, 25.42, 25.33, 25.31, 25.29, 25.28, 25.28, 25.18, 25.16], [25.47, 25.47, 25.47, 25.47, 25.47, 25.48, 25.48, 25.48, 25.49, 25.49, 25.46, 25.45, 25.43, 25.34, 25.32, 25.3, 25.3, 25.29, 25.29, 25.29], [25.47, 25.47, 25.47, 25.47, 25.48, 25.48, 25.48, 25.48, 25.49, 25.47, 25.47, 25.47, 25.46, 25.44, 25.33, 25.32, 25.31, 25.3, 25.3, 25.3], [25.47, 25.47, 25.47, 25.48, 25.48, 25.48, 25.48, 25.49, 25.49, 25.48, 25.49, 25.48, 25.46, 25.45, 25.35, 25.33, 25.32, 25.31, 25.31, 25.31], [25.47, 25.47, 25.47, 25.48, 25.48, 25.48, 25.48, 25.49, 25.48, 25.48, 25.49, 25.48, 25.46, 25.45, 25.35, 25.34, 25.33, 25.32, 25.32, 25.31], [25.47, 25.47, 25.48, 25.48, 25.48, 25.48, 25.48, 25.48, 25.47, 25.48, 25.48, 25.47, 25.46, 25.45, 25.36, 25.34, 25.33, 25.33, 25.32, 25.32], [25.47, 25.47, 25.48, 25.48, 25.48, 25.48, 25.48, 25.47, 25.47, 25.47, 25.47, 25.46, 25.46, 25.45, 25.36, 25.35, 25.34, 25.33, 25.33, 25.32]]}]