gis_exercise/awsData/contour/wdir_2023090810.json
[{"header": {"refTime": "2023-09-08T10:00:00.000Z", "nx": 21, "ny": 33, "lo1": 113.509, "la1": 22.2235, "lo2": 113.5947, "la2": 22.1034, "dx": 0.0042850000000001385, "dy": 0.003753125000000024, "parameterCategory": 2, "parameterCategoryName": "Temperature", "parameterNumber": 2}, "data": [-1.35, -1.39, -1.45, -2.4, -2.39, -2.71, -2.66, -2.63, -2.62, -2.44, -2.5, -2.56, -2.83, -2.87, -4.35, -4.55, -4.91, -5.02, -5.1, -5.16, -1.32, -1.37, -1.42, -1.5, -2.4, -2.38, -2.63, -2.55, -2.5, -2.4, -2.5, -2.6, -2.88, -2.91, -4.39, -4.8, -4.97, -5.11, -5.21, -5.26, -1.28, -1.33, -1.39, -1.47, -2.41, -2.39, -2.35, -2.49, -2.25, -2.37, -2.53, -2.66, -2.95, -2.97, -4.58, -4.84, -5.08, -5.25, -5.35, -5.39, -1.23, -1.27, -1.33, -1.41, -1.52, -2.41, -2.38, -2.33, -2.28, -2.41, -2.58, -2.77, -3.07, -3.0, -4.55, -4.93, -5.26, -5.47, -5.56, -5.55, -1.16, -1.2, -1.25, -1.33, -1.45, -2.45, -2.44, -2.42, -2.39, -2.46, -2.61, -3.02, -3.24, -3.05, -4.57, -5.1, -5.56, -5.81, -5.84, -5.75, -1.08, -1.1, -1.14, -1.21, -1.33, -1.51, -2.52, -2.53, -2.5, -2.41, -2.71, -2.91, -3.09, -3.97, -4.66, -5.37, -6.07, -6.36, -6.2, -5.96, -2.34, -0.98, -1.0, -1.05, -1.16, -1.37, -1.65, -2.67, -2.66, -2.55, -2.43, -2.72, -3.98, -4.17, -4.77, -5.65, -6.78, -7.2, -7.14, -6.9, -2.31, -2.22, -2.11, -2.09, -2.09, -1.07, -1.52, -2.23, -2.98, -2.5, -2.16, -3.4, -3.69, -4.45, -5.91, -6.5, -7.19, -7.45, -7.07, -6.82, -2.29, -2.17, -2.01, -1.81, -1.71, -1.81, -2.29, -1.75, -3.52, -2.58, -3.5, -4.2, -5.22, -4.73, -5.95, -6.35, -6.76, -6.94, -6.86, -6.72, -3.42, -3.25, -2.98, -1.62, -1.11, -0.87, -1.81, -2.85, -4.15, -3.92, -4.02, -4.73, -5.62, -4.95, -6.0, -6.23, -6.48, -6.62, -6.64, -6.59, -3.48, -3.31, -3.05, -2.58, -1.58, 1.33, -2.36, -4.29, -4.14, -4.64, -5.55, -4.57, -4.84, -4.74, -6.02, -6.16, -6.32, -6.43, -6.48, -6.47, -3.58, -3.46, -3.28, -2.99, -2.51, -2.28, -3.73, -5.45, -6.11, -7.11, -5.8, -5.9, -5.84, -4.54, -6.01, -6.11, -6.22, -6.68, -6.69, -6.69, -3.71, -3.65, -3.59, -3.56, -3.68, -4.31, -5.31, -5.73, -6.0, -5.49, -7.08, -5.97, -5.87, -4.98, -4.93, -6.39, -6.43, -6.47, -6.5, -6.53, -3.85, -3.85, -3.89, -4.02, -4.36, -5.15, -6.42, -5.69, -5.54, -5.35, -7.07, -6.29, -6.15, -6.02, -4.83, -6.13, -6.18, -6.25, -6.32, -6.37, -3.97, -4.02, -4.11, -4.28, -4.61, -5.09, -5.48, -5.51, -5.2, -4.93, -4.72, -3.79, -5.92, -5.76, -5.65, -5.82, -5.92, -6.03, -6.13, -6.22, -4.08, -4.14, -1.97, -2.16, -2.43, -4.88, -4.81, -4.57, -4.31, -4.16, -3.32, -3.46, -3.62, -3.72, -3.85, -4.88, -4.94, -4.99, -5.33, -5.41, -1.7, -1.77, -1.85, -1.95, -4.31, -4.14, -3.83, -3.41, -3.15, -3.2, -2.8, -3.17, -3.5, -3.8, -3.69, -3.97, -3.85, -3.76, -3.69, -3.64, -1.64, -1.68, -1.71, -1.72, -3.83, -3.46, -2.86, -2.04, -1.63, -1.63, -2.28, -2.9, -3.4, -3.62, -4.21, -4.01, -3.85, -3.74, -3.66, -3.61, -1.58, -1.59, -1.57, -3.75, -3.44, -2.95, -2.15, -0.84, 0.4, -0.99, -1.35, -2.05, -2.88, -3.44, -4.04, -3.92, -3.79, -3.69, -3.62, -3.57, -1.52, -1.5, -2.83, -2.66, -2.41, -2.03, -1.46, -0.66, 0.03, -0.67, -1.42, -2.02, -2.76, -3.19, -3.83, -3.77, -3.69, -3.61, -3.56, -3.52, -2.95, -2.87, -2.75, -2.59, -2.38, -2.09, -1.72, -1.34, -0.87, -1.2, -1.66, -2.07, -2.7, -3.7, -3.69, -3.65, -3.59, -3.54, -3.49, -3.46, -2.9, -2.82, -2.72, -2.59, -2.43, -2.24, -2.05, -1.07, -1.54, -1.74, -1.97, -2.21, -4.14, -3.61, -3.59, -3.57, -3.54, -3.47, -3.41, -3.39, -2.88, -2.81, -2.73, -1.39, -1.4, -1.42, -1.48, -1.58, -1.72, -1.82, -1.83, -2.47, -3.34, -3.53, -3.51, -3.53, -3.59, -3.43, -3.31, -3.31, -1.47, -1.48, -1.49, -1.52, -1.57, -1.65, -1.79, -2.0, -2.27, -2.41, -2.26, -3.41, -3.34, -3.31, -3.31, -3.47, -3.94, -3.15, -3.14, -3.22, -1.53, -1.55, -1.58, -1.63, -1.71, -1.83, -2.0, -2.29, -2.73, -3.1, -2.61, -3.35, -3.4, -3.29, -3.26, -3.21, -2.97, -2.6, -3.01, -3.16, -1.58, -1.61, -1.66, -1.72, -1.81, -1.93, -2.1, -2.36, -2.76, -3.06, -3.28, -3.24, -3.3, -3.27, -3.22, -2.89, -2.81, -2.74, -3.05, -3.15, -1.62, -1.66, -1.71, -1.78, -1.86, -1.97, -2.11, -2.29, -2.46, -2.52, -3.05, -3.06, -3.16, -2.7, -2.78, -2.81, -2.8, -2.79, -2.8, -2.82, -1.66, -1.7, -1.75, -1.81, -1.89, -1.98, -2.08, -2.18, -2.24, -2.77, -2.69, -2.39, -2.39, -2.35, -2.7, -2.76, -2.78, -2.78, -2.79, -2.8, -1.69, -1.72, -1.77, -1.83, -1.89, -1.96, -2.03, -2.09, -2.1, -2.46, -2.08, -2.25, -2.32, -2.33, -2.65, -2.71, -2.74, -2.76, -2.78, -2.79, -1.7, -1.74, -1.78, -1.83, -1.89, -1.94, -1.99, -2.03, -2.36, -2.22, -2.13, -2.23, -2.3, -2.31, -2.61, -2.67, -2.71, -2.74, -2.76, -2.77, -1.72, -1.75, -1.79, -1.83, -1.88, -1.92, -1.96, -1.99, -2.35, -2.28, -2.25, -2.27, -2.3, -2.31, -2.59, -2.65, -2.69, -2.72, -2.74, -2.75, -1.73, -1.76, -1.79, -1.83, -1.87, -1.9, -1.93, -2.41, -2.37, -2.33, -2.3, -2.3, -2.31, -2.32, -2.58, -2.63, -2.67, -2.7, -2.72, -2.74]}, {"header": {"refTime": "2023-09-08T10:00:00.000Z", "nx": 21, "ny": 33, "lo1": 113.509, "la1": 22.2235, "lo2": 113.5947, "la2": 22.1034, "dx": 0.0042850000000001385, "dy": 0.003753125000000024, "parameterCategory": 2, "parameterCategoryName": "Temperature", "parameterNumber": 3}, "data": [0.31, 0.3, 0.28, 0.5, 0.46, 0.17, 0.12, 0.07, 0.04, 0.0, 0.05, 0.08, 0.2, 0.23, 0.22, 0.27, 0.76, 0.79, 0.81, 0.82, 0.32, 0.31, 0.3, 0.27, 0.46, 0.4, 0.1, 0.0, -0.06, -0.05, 0.03, 0.09, 0.2, 0.24, 0.23, 0.73, 0.77, 0.8, 0.82, 0.83, 0.33, 0.32, 0.31, 0.29, 0.49, 0.42, 0.3, -0.04, -0.27, -0.09, 0.04, 0.1, 0.21, 0.25, 0.67, 0.73, 0.78, 0.82, 0.84, 0.85, 0.34, 0.33, 0.33, 0.32, 0.31, 0.48, 0.39, 0.23, 0.08, -0.01, 0.09, 0.12, 0.2, 0.51, 0.65, 0.74, 0.81, 0.85, 0.86, 0.87, 0.35, 0.35, 0.35, 0.35, 0.35, 0.58, 0.54, 0.49, 0.46, 0.15, 0.18, 0.46, 0.2, 0.46, 0.66, 0.78, 0.85, 0.89, 0.9, 0.9, 0.35, 0.36, 0.37, 0.38, 0.4, 0.43, 0.7, 0.73, 0.74, 0.75, 0.75, 0.6, 0.42, 0.7, 0.72, 0.84, 0.92, 0.96, 0.95, 0.92, 1.02, 0.37, 0.38, 0.4, 0.43, 0.49, 0.93, 0.94, 0.98, 1.18, 1.15, 0.87, 0.99, 0.97, 0.82, 0.9, 1.01, 1.05, 1.04, 1.02, 1.01, 0.99, 0.97, 1.04, 1.04, 0.78, 0.9, 1.09, 1.29, 1.17, 1.07, 1.33, 1.39, 1.18, 1.41, 1.34, 1.24, 1.21, 1.26, 1.29, 1.01, 0.98, 0.94, 0.9, 0.94, 0.97, 1.09, 0.96, 1.42, 1.19, 1.29, 1.41, 1.54, 1.48, 1.44, 1.37, 1.31, 1.28, 1.29, 1.31, 1.28, 1.24, 1.18, 0.85, 0.73, 0.72, 0.97, 1.24, 1.57, 1.51, 1.37, 1.47, 1.58, 1.5, 1.46, 1.4, 1.36, 1.33, 1.33, 1.33, 1.3, 1.26, 1.19, 1.08, 0.84, 0.15, 1.04, 1.53, 1.56, 1.69, 1.72, 1.45, 1.48, 1.47, 1.46, 1.42, 1.39, 1.36, 1.35, 1.35, 1.32, 1.29, 1.24, 1.17, 1.06, 1.0, 1.36, 1.83, 2.02, 2.14, 1.8, 1.82, 1.78, 1.45, 1.46, 1.43, 1.4, 1.03, 1.02, 1.01, 1.35, 1.33, 1.32, 1.3, 1.33, 1.47, 1.7, 1.86, 1.97, 1.83, 2.08, 1.86, 1.81, 1.14, 1.1, 1.0, 0.98, 0.97, 0.97, 0.97, 1.38, 1.38, 1.38, 1.41, 1.48, 1.65, 1.9, 1.81, 1.81, 1.77, 2.08, 1.48, 1.36, 1.27, 0.96, 0.88, 0.88, 0.89, 0.9, 0.92, 1.41, 1.42, 1.44, 1.47, 1.54, 1.64, 1.73, 2.06, 2.08, 2.08, 2.08, 1.38, 1.21, 1.09, 1.02, 0.75, 0.77, 0.81, 0.84, 0.86, 1.43, 1.45, 1.32, 1.36, 1.42, 2.03, 2.03, 2.04, 2.04, 2.04, 1.45, 1.28, 1.08, 0.78, 0.7, 0.89, 1.01, 1.13, 1.07, 1.14, 1.31, 1.33, 1.36, 1.39, 2.02, 2.02, 2.01, 1.99, 1.99, 2.0, 1.4, 1.21, 0.96, 0.68, 0.58, 0.48, 0.62, 0.73, 0.8, 0.85, 1.34, 1.36, 1.38, 1.42, 2.01, 1.99, 1.97, 1.94, 1.93, 1.5, 1.32, 1.17, 0.89, 0.59, 0.15, 0.43, 0.64, 0.76, 0.84, 0.89, 1.35, 1.38, 1.4, 2.01, 2.0, 1.98, 1.95, 1.9, 1.75, 1.55, 0.9, 0.66, 1.03, 0.77, 0.41, 0.56, 0.73, 0.84, 0.91, 0.94, 1.37, 1.39, 1.26, 1.27, 1.3, 1.34, 1.4, 1.52, 1.4, 1.13, 0.85, 0.65, 1.19, 1.06, 0.68, 0.77, 0.88, 0.95, 0.99, 1.0, 1.19, 1.19, 1.19, 1.2, 1.21, 1.23, 1.26, 1.3, 1.02, 0.89, 0.72, 0.59, 1.34, 0.85, 0.9, 0.99, 1.06, 1.09, 1.08, 1.06, 1.14, 1.14, 1.13, 1.12, 1.11, 1.09, 1.08, 0.8, 0.7, 0.63, 0.55, 0.49, 0.75, 0.99, 1.08, 1.19, 1.27, 1.24, 1.17, 1.11, 1.1, 1.08, 1.06, 0.65, 0.65, 0.63, 0.6, 0.55, 0.48, 0.43, 0.43, 1.06, 0.75, 1.09, 1.2, 1.37, 1.56, 1.4, 1.21, 1.13, 0.62, 0.61, 0.6, 0.59, 0.56, 0.52, 0.45, 0.35, 0.21, 0.15, 0.22, 0.56, 0.7, 0.92, 1.13, 1.42, 2.07, 1.26, 1.13, 1.11, 0.59, 0.58, 0.56, 0.54, 0.5, 0.44, 0.35, 0.21, -0.01, -0.2, 0.05, 0.47, 0.77, 0.87, 1.05, 1.19, 1.08, 0.75, 1.03, 1.07, 0.56, 0.55, 0.53, 0.5, 0.45, 0.39, 0.31, 0.18, -0.02, -0.18, 0.17, 0.46, 0.72, 0.81, 0.96, 1.17, 1.09, 1.01, 1.02, 1.05, 0.54, 0.53, 0.5, 0.47, 0.43, 0.38, 0.31, 0.22, 0.13, 0.11, 0.32, 0.49, 0.68, 1.03, 1.09, 1.11, 1.09, 1.08, 1.09, 1.1, 0.53, 0.51, 0.49, 0.46, 0.42, 0.38, 0.33, 0.28, 0.26, 0.37, 0.43, 0.12, 0.08, 0.06, 1.03, 1.07, 1.08, 1.08, 1.09, 1.1, 0.52, 0.5, 0.48, 0.45, 0.42, 0.39, 0.35, 0.33, 0.33, 0.45, 0.36, 0.21, 0.13, 0.09, 0.99, 1.03, 1.06, 1.07, 1.08, 1.09, 0.51, 0.49, 0.47, 0.45, 0.42, 0.4, 0.38, 0.36, 0.16, 0.25, 0.31, 0.22, 0.15, 0.1, 0.96, 1.01, 1.04, 1.05, 1.07, 1.08, 0.5, 0.49, 0.47, 0.45, 0.43, 0.41, 0.39, 0.39, 0.15, 0.2, 0.22, 0.19, 0.14, 0.11, 0.94, 0.99, 1.02, 1.04, 1.06, 1.07, 0.5, 0.49, 0.47, 0.45, 0.44, 0.42, 0.41, 0.1, 0.13, 0.15, 0.16, 0.15, 0.13, 0.1, 0.94, 0.98, 1.01, 1.03, 1.04, 1.06]}, {"header": {"refTime": "2023-09-08T10:00:00.000Z", "nx": 21, "ny": 33, "lo1": 113.509, "la1": 22.2235, "lo2": 113.5947, "la2": 22.1034, "dx": 0.0042850000000001385, "dy": 0.003753125000000024, "parameterCategory": 0, "parameterCategoryName": "Temperature", "parameterNumber": 0}, "data": [[25.26, 25.25, 25.25, 25.14, 25.15, 25.24, 25.24, 25.24, 25.25, 25.26, 25.27, 25.28, 25.42, 25.43, 25.44, 25.45, 25.56, 25.56, 25.57, 25.57], [25.26, 25.26, 25.25, 25.25, 25.15, 25.15, 25.24, 25.23, 25.23, 25.25, 25.27, 25.29, 25.42, 25.44, 25.45, 25.56, 25.56, 25.57, 25.57, 25.57], [25.26, 25.26, 25.25, 25.25, 25.15, 25.15, 25.16, 25.23, 25.21, 25.24, 25.28, 25.31, 25.44, 25.45, 25.55, 25.56, 25.56, 25.57, 25.57, 25.57], [25.27, 25.26, 25.26, 25.25, 25.24, 25.15, 25.15, 25.16, 25.17, 25.25, 25.29, 25.34, 25.46, 25.44, 25.55, 25.56, 25.57, 25.57, 25.57, 25.57], [25.27, 25.27, 25.27, 25.26, 25.25, 25.14, 25.14, 25.15, 25.15, 25.26, 25.29, 25.44, 25.48, 25.45, 25.55, 25.56, 25.57, 25.57, 25.58, 25.58], [25.28, 25.28, 25.27, 25.27, 25.26, 25.24, 25.13, 25.13, 25.13, 25.13, 25.37, 25.43, 25.46, 25.53, 25.56, 25.57, 25.58, 25.58, 25.58, 25.58], [25.32, 25.29, 25.29, 25.28, 25.27, 25.25, 25.2, 25.12, 25.12, 25.2, 25.23, 25.41, 25.56, 25.55, 25.57, 25.57, 25.59, 25.59, 25.58, 25.58], [25.33, 25.33, 25.33, 25.33, 25.32, 25.25, 25.21, 25.16, 25.13, 25.18, 25.16, 25.45, 25.45, 25.55, 25.6, 25.6, 25.6, 25.6, 25.6, 25.6], [25.27, 25.28, 25.35, 25.35, 25.36, 25.34, 25.29, 25.2, 25.1, 25.21, 25.29, 25.37, 25.4, 25.35, 25.6, 25.6, 25.6, 25.6, 25.6, 25.6], [25.5, 25.5, 25.5, 25.31, 25.34, 25.41, 25.36, 25.29, 25.1, 25.1, 25.4, 25.32, 25.35, 25.33, 25.6, 25.6, 25.6, 25.6, 25.6, 25.6], [25.5, 25.5, 25.5, 25.5, 25.5, 25.5, 25.5, 25.5, 25.36, 25.1, 25.1, 25.29, 25.31, 25.31, 25.6, 25.6, 25.6, 25.6, 25.6, 25.6], [25.5, 25.5, 25.5, 25.5, 25.5, 25.5, 25.5, 25.5, 25.5, -999.0, 25.1, 25.6, 25.6, 25.3, 25.6, 25.6, 25.6, 25.15, 25.16, 25.16], [25.5, 25.5, 25.5, 25.5, 25.5, 25.5, 25.5, 25.5, 25.5, 25.5, -999.0, 25.6, 25.6, 25.08, 25.31, 25.31, 25.31, 25.22, 25.23, 25.24], [25.5, 25.5, 25.5, 25.5, 25.5, 25.5, 25.5, 25.5, 25.5, 25.5, -999.0, 24.8, 24.8, 24.8, 25.24, 25.24, 25.25, 25.15, 25.18, 25.19], [25.5, 25.5, 25.5, 25.5, 25.5, 25.5, 25.5, 25.6, 25.6, 25.6, 25.6, 25.29, 24.8, 24.8, 24.8, 25.17, 25.19, 25.1, 25.13, 25.15], [25.5, 25.5, 25.56, 25.56, 25.57, 25.6, 25.6, 25.6, 25.6, 25.6, 25.1, 25.15, 25.08, 25.01, 25.09, 24.98, 25.01, 24.96, 25.14, 25.17], [25.56, 25.56, 25.54, 25.54, 25.6, 25.6, 25.6, 25.6, 25.6, 25.6, 25.26, 25.16, 25.05, 24.96, 24.95, 24.95, 25.0, 25.04, 25.07, 25.09], [25.54, 25.54, 25.54, 25.54, 25.6, 25.6, 25.6, 25.6, 25.6, 25.4, 25.29, 25.17, 25.04, 24.96, 24.82, 24.93, 25.01, 25.05, 25.08, 25.11], [25.54, 25.54, 25.54, 25.6, 25.6, 25.6, 25.6, 25.6, 25.53, 25.44, 25.37, 25.27, 25.11, 25.01, 24.92, 24.97, 25.04, 25.08, 25.11, 25.12], [25.54, 25.54, 25.6, 25.6, 25.6, 25.6, 25.6, 25.6, 25.52, 25.46, 25.38, 25.3, 25.15, 25.09, 25.02, 25.05, 25.09, 25.12, 25.14, 25.15], [25.6, 25.6, 25.6, 25.6, 25.6, 25.6, 25.6, 25.6, 25.48, 25.44, 25.39, 25.33, 25.19, 25.08, 25.09, 25.12, 25.14, 25.16, 25.17, 25.17], [25.6, 25.6, 25.6, 25.6, 25.6, 25.6, 25.6, 25.6, 25.46, 25.44, 25.41, 25.36, 25.22, 25.13, 25.15, 25.18, 25.2, 25.21, 25.2, 25.19], [25.6, 25.6, 25.6, 25.6, 25.6, 25.6, 25.6, 25.6, 25.6, 25.6, 25.6, 25.52, 25.41, 25.16, 25.19, 25.22, 25.25, 25.25, 25.23, 25.21], [25.6, 25.6, 25.6, 25.6, 25.6, 25.6, 25.6, 25.6, 25.6, 25.6, 25.6, 25.53, 25.42, 25.38, 25.36, 25.24, 25.28, 25.27, 25.25, 25.23], [25.6, 25.6, 25.6, 25.6, 25.6, 25.6, 25.6, 25.6, 25.6, 25.6, 25.6, 25.54, 25.51, 25.39, 25.36, 25.33, 25.27, 25.28, 25.25, 25.23], [25.6, 25.6, 25.6, 25.6, 25.6, 25.6, 25.6, 25.6, 25.6, 25.6, 25.56, 25.54, 25.52, 25.39, 25.37, 25.35, 25.33, 25.33, 25.24, 25.23], [25.6, 25.6, 25.6, 25.6, 25.6, 25.6, 25.6, 25.6, 25.6, 25.6, 25.56, 25.55, 25.53, 25.41, 25.38, 25.36, 25.35, 25.34, 25.34, 25.35], [25.6, 25.6, 25.6, 25.6, 25.6, 25.6, 25.6, 25.6, 25.6, 25.57, 25.57, 25.56, 25.54, 25.51, 25.4, 25.38, 25.37, 25.36, 25.36, 25.36], [25.6, 25.6, 25.6, 25.6, 25.6, 25.6, 25.6, 25.6, 25.6, 25.58, 25.59, 25.56, 25.54, 25.52, 25.41, 25.39, 25.38, 25.37, 25.37, 25.37], [25.6, 25.6, 25.6, 25.6, 25.6, 25.6, 25.6, 25.6, 25.56, 25.57, 25.58, 25.56, 25.54, 25.52, 25.42, 25.4, 25.39, 25.38, 25.38, 25.37], [25.6, 25.6, 25.6, 25.6, 25.6, 25.6, 25.6, 25.6, 25.56, 25.56, 25.56, 25.55, 25.54, 25.53, 25.43, 25.41, 25.4, 25.39, 25.38, 25.38], [25.6, 25.6, 25.6, 25.6, 25.6, 25.6, 25.6, 25.55, 25.55, 25.55, 25.55, 25.55, 25.54, 25.52, 25.43, 25.42, 25.41, 25.4, 25.39, 25.39]]}]