gis_exercise/awsData/contour/wdir_2023090122.json
[{"header": {"refTime": "2023-09-01T22:00:00.000Z", "nx": 21, "ny": 33, "lo1": 113.509, "la1": 22.2235, "lo2": 113.5947, "la2": 22.1034, "dx": 0.0042850000000001385, "dy": 0.003753125000000024, "parameterCategory": 2, "parameterCategoryName": "Temperature", "parameterNumber": 2}, "data": [1.24, 1.18, 1.09, 1.97, 1.82, 1.14, 0.96, 0.79, 0.76, 1.75, 2.21, 2.64, 2.42, 2.62, 3.29, 3.47, 5.11, 5.15, 5.18, 5.2, 1.29, 1.23, 1.14, 1.03, 1.83, 1.58, 0.8, 0.43, 0.22, 1.31, 2.13, 2.74, 2.6, 2.81, 3.45, 5.07, 5.13, 5.18, 5.22, 5.23, 1.35, 1.29, 1.22, 1.11, 1.9, 1.64, 1.21, 0.15, -0.9, 0.96, 2.25, 3.01, 2.93, 3.08, 4.99, 5.09, 5.17, 5.23, 5.27, 5.28, 1.42, 1.38, 1.32, 1.23, 1.1, 1.84, 1.5, 0.92, 0.39, 1.6, 2.74, 3.48, 3.43, 4.95, 4.99, 5.12, 5.24, 5.31, 5.34, 5.34, 1.5, 1.47, 1.44, 1.38, 1.3, 2.14, 1.99, 1.83, 1.83, 2.73, 3.43, 4.96, 4.73, 4.9, 4.99, 5.18, 5.34, 5.43, 5.44, 5.41, 1.58, 1.58, 1.57, 1.55, 1.52, 1.48, 2.47, 2.56, 2.78, 3.21, 5.34, 5.06, 4.85, 5.25, 5.02, 5.27, 5.52, 5.62, 5.57, 5.48, 2.88, 1.69, 1.71, 1.73, 1.74, 1.76, 3.79, 2.95, 3.23, 4.89, 5.34, 5.2, 5.32, 5.49, 5.06, 5.37, 5.77, 5.92, 6.27, 6.28, 2.88, 2.88, 2.88, 3.16, 3.15, 3.7, 3.68, 3.49, 3.3, 5.02, 6.1, 5.67, 5.6, 5.8, 6.28, 6.28, 6.25, 6.24, 6.26, 6.27, 2.89, 2.88, 2.88, 2.88, 3.14, 3.13, 3.13, 3.65, 4.04, 4.78, 6.42, 6.37, 6.95, 6.67, 6.43, 6.35, 6.3, 6.28, 6.28, 6.29, 3.27, 3.26, 3.24, 2.89, 2.89, 3.1, 3.17, 3.24, 4.31, 4.59, 6.56, 6.83, 7.34, 6.89, 6.54, 6.42, 6.35, 6.32, 6.31, 6.3, 3.27, 3.25, 3.23, 3.2, 3.13, 2.92, 3.24, 3.49, 3.52, 4.48, 6.45, 6.76, 6.88, 6.8, 6.56, 6.45, 6.39, 6.35, 6.33, 6.32, 3.27, 3.26, 3.24, 3.21, 3.17, 3.16, 3.32, 3.67, 3.84, 4.76, 6.15, 5.91, 6.1, 6.71, 6.53, 6.46, 6.4, 7.06, 7.02, 7.0, 3.27, 3.26, 3.25, 3.23, 3.22, 3.22, 3.26, 3.56, 3.75, 3.62, 5.02, 5.72, 5.89, 6.72, 6.71, 7.2, 7.14, 7.09, 7.05, 7.03, 3.28, 3.27, 3.26, 3.25, 3.24, 3.21, 3.08, 3.36, 3.51, 3.53, 4.88, 6.31, 6.52, 6.64, 6.71, 7.17, 7.13, 7.1, 7.07, 7.05, 3.29, 3.28, 3.27, 3.27, 3.26, 3.24, 3.25, 3.64, 3.78, 3.86, 3.9, 5.27, 6.5, 6.62, 6.68, 7.13, 7.11, 7.09, 7.08, 7.06, 3.29, 3.29, 3.39, 3.38, 3.38, 3.71, 3.72, 3.79, 3.87, 3.92, 5.16, 5.38, 5.63, 6.7, 6.76, 8.51, 8.78, 9.05, 8.73, 8.85, 3.43, 3.44, 3.45, 3.46, 3.82, 3.84, 3.89, 3.96, 4.01, 4.02, 5.2, 5.46, 5.79, 6.15, 7.46, 7.44, 7.62, 7.75, 7.83, 7.88, 3.47, 3.48, 3.5, 3.54, 3.9, 3.94, 4.03, 4.14, 4.2, 4.71, 4.94, 5.49, 5.87, 7.39, 7.02, 7.4, 7.66, 7.81, 7.89, 7.93, 3.5, 3.52, 3.55, 3.92, 3.96, 4.02, 4.13, 4.3, 4.56, 4.71, 5.38, 5.68, 7.59, 7.63, 7.37, 7.57, 7.8, 7.93, 7.98, 7.99, 3.53, 3.55, 4.25, 4.27, 4.3, 4.34, 4.39, 4.45, 4.85, 5.09, 5.36, 5.62, 7.83, 8.07, 7.76, 7.89, 8.03, 8.1, 8.1, 8.06, 4.28, 4.3, 4.31, 4.34, 4.37, 4.41, 4.45, 4.49, 5.1, 5.22, 5.39, 5.58, 8.18, 7.98, 8.09, 8.24, 8.35, 8.34, 8.23, 8.13, 4.32, 4.34, 4.37, 4.4, 4.44, 4.48, 4.52, 5.16, 5.25, 5.32, 5.42, 5.55, 8.74, 8.18, 8.37, 8.63, 8.79, 8.63, 8.34, 8.14, 4.36, 4.39, 4.42, 5.33, 5.31, 5.3, 5.29, 5.29, 5.3, 5.32, 5.35, 7.44, 7.47, 8.31, 8.57, 9.04, 9.63, 8.96, 8.28, 8.06, 5.4, 5.39, 5.38, 5.38, 5.37, 5.37, 5.37, 5.38, 5.39, 5.4, 5.42, 7.81, 7.36, 7.79, 8.25, 9.08, 11.52, 8.16, 7.81, 7.87, 5.42, 5.42, 5.42, 5.43, 5.43, 5.44, 5.44, 5.45, 5.43, 5.41, 5.47, 7.55, 8.35, 7.64, 7.97, 8.18, 7.41, 5.94, 7.32, 7.68, 5.45, 5.46, 5.46, 5.47, 5.48, 5.5, 5.51, 5.51, 5.49, 5.46, 6.71, 7.42, 8.14, 7.48, 7.69, 7.86, 7.4, 7.07, 7.37, 7.62, 5.48, 5.49, 5.5, 5.51, 5.53, 5.55, 5.58, 5.6, 5.62, 5.66, 6.94, 7.38, 7.95, 7.67, 7.75, 7.71, 7.55, 7.43, 7.48, 7.59, 5.5, 5.51, 5.53, 5.55, 5.58, 5.61, 5.65, 5.71, 5.79, 6.88, 6.97, 5.58, 5.3, 5.01, 7.62, 7.64, 7.59, 7.55, 7.57, 7.62, 5.52, 5.54, 5.56, 5.58, 5.61, 5.65, 5.71, 5.79, 5.92, 6.85, 6.24, 5.8, 5.44, 5.13, 7.53, 7.58, 7.59, 7.59, 7.61, 7.64, 5.54, 5.56, 5.58, 5.61, 5.64, 5.69, 5.75, 5.83, 5.72, 5.96, 6.1, 5.8, 5.48, 5.2, 7.48, 7.55, 7.58, 7.6, 7.62, 7.64, 5.56, 5.57, 5.6, 5.63, 5.66, 5.7, 5.76, 5.84, 5.65, 5.76, 5.79, 5.65, 5.44, 5.22, 7.45, 7.52, 7.56, 7.59, 7.62, 7.64, 5.57, 5.59, 5.61, 5.64, 5.67, 5.71, 5.76, 5.48, 5.55, 5.6, 5.59, 5.51, 5.37, 5.21, 7.45, 7.51, 7.55, 7.59, 7.61, 7.64]}, {"header": {"refTime": "2023-09-01T22:00:00.000Z", "nx": 21, "ny": 33, "lo1": 113.509, "la1": 22.2235, "lo2": 113.5947, "la2": 22.1034, "dx": 0.0042850000000001385, "dy": 0.003753125000000024, "parameterCategory": 2, "parameterCategoryName": "Temperature", "parameterNumber": 3}, "data": [-7.38, -7.32, -7.24, -6.41, -6.36, -4.55, -4.57, -4.57, -4.5, -4.31, -4.03, -3.75, -4.08, -4.03, -6.95, -7.54, -9.17, -9.62, -9.95, -10.18, -7.43, -7.36, -7.28, -7.17, -6.37, -6.29, -4.68, -4.76, -4.77, -4.47, -4.01, -3.59, -3.85, -3.81, -6.81, -8.65, -9.36, -9.91, -10.29, -10.51, -7.49, -7.43, -7.35, -7.24, -6.4, -6.32, -6.19, -4.92, -5.3, -4.62, -3.91, -3.28, -3.43, -3.47, -7.63, -8.75, -9.7, -10.37, -10.76, -10.94, -7.56, -7.51, -7.44, -7.34, -7.2, -6.39, -6.28, -6.1, -5.94, -4.45, -3.67, -2.74, -2.65, -3.34, -7.44, -9.05, -10.31, -11.1, -11.44, -11.49, -7.64, -7.61, -7.55, -7.47, -7.36, -6.49, -6.45, -6.39, -6.37, -4.28, -3.55, -2.98, -1.1, -2.96, -7.57, -9.71, -11.36, -12.24, -12.38, -12.15, -7.74, -7.73, -7.7, -7.64, -7.55, -7.42, -6.62, -6.65, -6.68, -6.71, -5.18, -4.03, -2.66, -5.49, -8.31, -10.79, -13.06, -14.01, -13.55, -12.84, -8.77, -7.86, -7.86, -7.84, -7.78, -7.67, -7.91, -6.86, -6.92, -7.62, -7.75, -6.06, -7.66, -7.7, -9.31, -11.93, -15.35, -16.62, -15.62, -14.66, -8.81, -8.82, -8.83, -9.66, -9.57, -8.28, -8.01, -7.61, -7.32, -7.54, -7.43, -10.09, -10.64, -9.57, -14.81, -15.99, -17.42, -17.94, -17.17, -16.65, -8.85, -8.87, -8.91, -8.95, -9.73, -9.63, -9.37, -7.88, -8.03, -7.66, -10.1, -11.41, -13.19, -12.34, -14.83, -15.67, -16.52, -16.89, -16.72, -16.44, -10.21, -10.2, -10.2, -9.08, -9.22, -9.91, -9.82, -9.68, -8.8, -8.63, -11.05, -12.32, -13.87, -12.72, -14.89, -15.4, -15.93, -16.23, -16.27, -16.18, -10.19, -10.18, -10.17, -10.17, -10.16, -10.1, -10.32, -10.67, -10.42, -9.39, -12.15, -12.02, -12.51, -12.35, -14.91, -15.25, -15.59, -15.83, -15.93, -15.93, -10.17, -10.16, -10.14, -10.12, -10.11, -10.12, -10.29, -10.98, -11.37, -12.19, -12.18, -13.03, -13.19, -11.99, -14.91, -15.15, -15.39, -16.4, -16.44, -16.45, -10.16, -10.14, -10.11, -10.07, -10.01, -9.87, -9.79, -10.61, -11.1, -10.82, -12.36, -12.87, -12.98, -13.11, -13.05, -15.84, -15.93, -16.03, -16.11, -16.16, -10.15, -10.12, -10.09, -10.03, -9.93, -9.67, -9.06, -10.01, -10.51, -10.59, -12.14, -13.56, -13.65, -13.67, -12.93, -15.42, -15.53, -15.66, -15.78, -15.88, -10.14, -10.12, -10.08, -10.02, -9.93, -9.8, -9.73, -10.21, -10.53, -10.69, -10.75, -11.99, -13.44, -13.42, -13.41, -14.93, -15.11, -15.3, -15.48, -15.62, -10.14, -10.12, -9.84, -9.81, -9.76, -10.25, -10.27, -10.41, -10.58, -10.69, -11.91, -11.99, -12.07, -12.99, -12.98, -13.38, -13.47, -13.56, -14.41, -14.56, -9.92, -9.92, -9.91, -9.9, -10.43, -10.44, -10.51, -10.62, -10.71, -10.76, -11.86, -11.97, -12.1, -12.23, -12.43, -12.71, -12.78, -12.84, -12.88, -12.91, -9.96, -9.97, -9.98, -10.0, -10.54, -10.59, -10.69, -10.82, -10.9, -10.98, -11.08, -11.95, -12.11, -12.42, -12.5, -12.69, -12.79, -12.86, -12.9, -12.93, -10.0, -10.01, -10.04, -10.58, -10.62, -10.69, -10.8, -10.98, -11.15, -11.07, -10.34, -10.45, -12.28, -12.4, -12.67, -12.75, -12.83, -12.89, -12.93, -12.95, -10.03, -10.05, -8.56, -8.66, -8.8, -9.02, -9.38, -9.93, -10.59, -10.27, -10.09, -10.16, -12.28, -12.39, -12.81, -12.85, -12.9, -12.94, -12.97, -12.98, -8.36, -8.4, -8.45, -8.51, -8.61, -8.76, -8.97, -9.2, -9.84, -9.72, -9.64, -9.73, -12.31, -12.89, -12.91, -12.95, -12.98, -13.01, -13.01, -13.02, -8.28, -8.29, -8.31, -8.33, -8.36, -8.4, -8.44, -8.28, -9.03, -8.97, -9.01, -9.19, -10.13, -12.96, -12.99, -13.03, -13.06, -13.07, -13.06, -13.05, -8.18, -8.17, -8.16, -7.89, -7.87, -7.83, -7.73, -7.57, -7.36, -7.21, -7.22, -8.78, -9.98, -13.0, -13.04, -13.09, -13.13, -13.12, -13.1, -13.07, -7.82, -7.8, -7.77, -7.72, -7.64, -7.51, -7.29, -6.97, -6.55, -6.35, -6.58, -7.45, -9.78, -10.73, -11.57, -13.12, -13.19, -13.15, -13.12, -13.09, -7.74, -7.7, -7.65, -7.57, -7.46, -7.28, -7.0, -6.56, -5.85, -5.27, -6.08, -7.23, -8.06, -10.62, -11.48, -12.18, -13.15, -13.15, -13.12, -13.1, -7.67, -7.62, -7.56, -7.47, -7.34, -7.16, -6.89, -6.48, -5.85, -5.36, -6.36, -7.22, -7.94, -10.47, -11.27, -12.36, -12.61, -12.68, -13.11, -13.09, -7.62, -7.57, -7.5, -7.4, -7.28, -7.12, -6.92, -6.66, -6.4, -6.33, -6.9, -7.39, -7.91, -11.24, -11.7, -12.06, -12.3, -12.4, -12.38, -12.32, -7.58, -7.52, -7.46, -7.37, -7.27, -7.15, -7.02, -6.9, -6.85, -7.18, -7.38, -7.58, -7.91, -8.37, -11.4, -11.77, -12.01, -12.13, -12.17, -12.16, -7.55, -7.5, -7.44, -7.36, -7.28, -7.2, -7.12, -7.08, -7.14, -7.52, -7.67, -7.71, -7.94, -8.29, -11.14, -11.5, -11.75, -11.9, -11.98, -12.01, -7.53, -7.48, -7.43, -7.37, -7.31, -7.25, -7.21, -7.2, -7.5, -7.61, -7.69, -7.77, -7.97, -8.25, -10.95, -11.3, -11.54, -11.71, -11.81, -11.86, -7.52, -7.48, -7.43, -7.38, -7.33, -7.29, -7.27, -7.27, -7.6, -7.67, -7.74, -7.84, -8.01, -8.24, -10.84, -11.15, -11.38, -11.55, -11.66, -11.73, -7.52, -7.48, -7.44, -7.4, -7.36, -7.33, -7.31, -7.65, -7.68, -7.74, -7.81, -7.91, -8.06, -8.24, -10.79, -11.06, -11.27, -11.43, -11.54, -11.62]}, {"header": {"refTime": "2023-09-01T22:00:00.000Z", "nx": 21, "ny": 33, "lo1": 113.509, "la1": 22.2235, "lo2": 113.5947, "la2": 22.1034, "dx": 0.0042850000000001385, "dy": 0.003753125000000024, "parameterCategory": 0, "parameterCategoryName": "Temperature", "parameterNumber": 0}, "data": [[26.26, 26.25, 26.23, 25.83, 25.83, 26.14, 26.12, 26.11, 26.11, 26.01, 26.04, 26.07, 26.24, 26.26, 26.32, 26.31, 26.33, 26.32, 26.32, 26.31], [26.27, 26.26, 26.24, 26.22, 25.84, 25.84, 26.1, 26.07, 26.05, 25.99, 26.04, 26.1, 26.27, 26.29, 26.34, 26.35, 26.33, 26.32, 26.31, 26.31], [26.28, 26.27, 26.25, 26.23, 25.84, 25.84, 25.85, 26.04, 25.94, 25.98, 26.06, 26.14, 26.32, 26.33, 26.38, 26.35, 26.33, 26.31, 26.3, 26.3], [26.3, 26.29, 26.27, 26.25, 26.22, 25.84, 25.85, 25.86, 25.86, 25.99, 26.08, 26.21, 26.41, 26.28, 26.39, 26.35, 26.32, 26.3, 26.29, 26.29], [26.32, 26.31, 26.3, 26.28, 26.25, 25.84, 25.85, 25.85, 25.83, 25.98, 26.08, 26.31, 26.53, 26.33, 26.38, 26.33, 26.3, 26.28, 26.28, 26.28], [26.34, 26.33, 26.33, 26.31, 26.29, 26.26, 25.86, 25.85, 25.83, 25.77, 26.01, 26.19, 26.37, 26.47, 26.35, 26.31, 26.27, 26.26, 26.26, 26.27], [26.54, 26.36, 26.36, 26.35, 26.34, 26.3, 26.12, 25.9, 25.87, 25.76, 25.69, 25.99, 26.3, 26.34, 26.3, 26.28, 26.24, 26.23, 26.29, 26.32], [26.56, 26.56, 26.56, 26.56, 26.54, 26.24, 26.17, 26.09, 26.01, 25.73, 25.53, 25.82, 25.82, 26.35, 26.13, 26.1, 26.15, 26.16, 26.14, 26.12], [26.44, 26.45, 26.6, 26.61, 26.61, 26.58, 26.48, 26.14, 25.88, 25.78, 25.63, 25.72, 25.76, 25.7, 26.12, 26.1, 26.12, 26.13, 26.13, 26.12], [26.9, 26.9, 26.9, 26.53, 26.58, 26.72, 26.62, 26.48, 25.7, 25.74, 25.76, 25.66, 25.7, 25.68, 26.12, 26.09, 26.1, 26.11, 26.11, 26.11], [26.9, 26.9, 26.9, 26.9, 26.9, 26.9, 26.9, 26.9, 26.62, 25.86, 25.4, 25.63, 25.66, 25.66, 26.12, 26.08, 26.09, 26.1, 26.1, 26.1], [26.9, 26.9, 26.9, 26.9, 26.9, 26.9, 26.9, 26.9, 26.9, -999.0, 25.4, 26.0, 26.0, 25.64, 26.12, 26.07, 26.08, 25.4, 25.42, 25.43], [26.9, 26.9, 26.9, 26.9, 26.9, 26.9, 26.9, 26.9, 26.9, 26.9, -999.0, 26.0, 26.0, 25.22, 25.56, 25.69, 25.7, 25.53, 25.55, 25.57], [26.9, 26.9, 26.9, 26.9, 26.9, 26.9, 26.9, 26.9, 26.9, 26.9, -999.0, 24.8, 24.8, 24.8, 25.46, 25.57, 25.6, 25.42, 25.46, 25.49], [26.9, 26.9, 26.9, 26.9, 26.9, 26.9, 26.9, 26.6, 26.6, 26.6, 26.6, 25.91, 24.8, 24.8, 24.8, 25.44, 25.48, 25.32, 25.37, 25.41], [26.9, 26.9, 26.71, 26.71, 26.7, 26.6, 26.6, 26.6, 26.6, 26.6, 25.47, 25.6, 25.42, 25.27, 25.44, 25.06, 25.1, 25.03, 25.35, 25.39], [26.71, 26.71, 26.79, 26.79, 26.6, 26.6, 26.6, 26.6, 26.6, 26.6, 25.83, 25.6, 25.37, 25.15, 25.09, 24.94, 24.99, 25.02, 25.05, 25.07], [26.79, 26.79, 26.78, 26.78, 26.6, 26.6, 26.6, 26.6, 26.6, 26.14, 25.9, 25.63, 25.35, 25.11, 24.84, 24.92, 24.99, 25.03, 25.06, 25.08], [26.79, 26.78, 26.78, 26.6, 26.6, 26.6, 26.6, 26.6, 26.44, 26.25, 26.06, 25.84, 25.42, 25.21, 24.91, 24.96, 25.02, 25.06, 25.08, 25.1], [26.78, 26.78, 26.54, 26.55, 26.55, 26.55, 26.56, 26.58, 26.42, 26.27, 26.09, 25.9, 25.49, 25.35, 25.0, 25.03, 25.07, 25.1, 25.11, 25.12], [26.54, 26.54, 26.54, 26.56, 26.56, 26.56, 26.57, 26.57, 26.3, 26.22, 26.1, 25.97, 25.55, 25.06, 25.08, 25.1, 25.13, 25.14, 25.14, 25.14], [26.55, 26.55, 26.55, 26.56, 26.56, 26.56, 26.56, 26.64, 26.25, 26.21, 26.13, 26.03, 25.58, 25.11, 25.13, 25.16, 25.19, 25.19, 25.17, 25.16], [26.55, 26.55, 26.55, 26.66, 26.66, 26.65, 26.64, 26.64, 26.63, 26.63, 26.64, 26.27, 25.72, 25.14, 25.17, 25.22, 25.26, 25.23, 25.19, 25.17], [26.68, 26.68, 26.67, 26.67, 26.66, 26.66, 26.65, 26.63, 26.61, 26.61, 26.63, 26.38, 25.75, 25.62, 25.5, 25.24, 25.37, 25.22, 25.19, 25.17], [26.68, 26.68, 26.68, 26.68, 26.67, 26.66, 26.65, 26.63, 26.59, 26.55, 26.61, 26.42, 26.34, 25.63, 25.51, 25.4, 25.19, 25.13, 25.17, 25.17], [26.69, 26.69, 26.69, 26.68, 26.68, 26.68, 26.67, 26.65, 26.61, 26.57, 26.5, 26.47, 26.39, 25.64, 25.53, 25.51, 25.4, 25.36, 25.16, 25.16], [26.69, 26.69, 26.69, 26.69, 26.69, 26.69, 26.69, 26.68, 26.67, 26.68, 26.57, 26.54, 26.46, 25.87, 25.72, 25.6, 25.51, 25.48, 25.48, 25.51], [26.7, 26.7, 26.7, 26.7, 26.71, 26.71, 26.71, 26.72, 26.75, 26.68, 26.7, 26.56, 26.42, 26.27, 25.82, 25.7, 25.61, 25.57, 25.56, 25.56], [26.7, 26.71, 26.71, 26.71, 26.72, 26.72, 26.74, 26.76, 26.8, 26.79, 26.88, 26.66, 26.48, 26.33, 25.9, 25.78, 25.7, 25.65, 25.62, 25.62], [26.71, 26.71, 26.71, 26.72, 26.73, 26.74, 26.75, 26.78, 26.63, 26.74, 26.81, 26.66, 26.5, 26.36, 25.96, 25.85, 25.77, 25.71, 25.68, 25.66], [26.71, 26.72, 26.72, 26.73, 26.73, 26.74, 26.76, 26.78, 26.59, 26.65, 26.66, 26.59, 26.48, 26.37, 26.0, 25.9, 25.82, 25.77, 25.73, 25.71], [26.72, 26.72, 26.72, 26.73, 26.74, 26.75, 26.76, 26.51, 26.54, 26.57, 26.56, 26.52, 26.45, 26.37, 26.01, 25.93, 25.86, 25.81, 25.77, 25.74]]}]