gis_exercise/awsData/contour/wdir_2023091319.json
[{"header": {"refTime": "2023-09-13T19:00:00.000Z", "nx": 21, "ny": 33, "lo1": 113.509, "la1": 22.2235, "lo2": 113.5947, "la2": 22.1034, "dx": 0.0042850000000001385, "dy": 0.003753125000000024, "parameterCategory": 2, "parameterCategoryName": "Temperature", "parameterNumber": 2}, "data": [-1.61, -1.61, -1.6, -1.85, -1.83, -1.98, -1.94, -1.91, -1.91, -2.01, -2.12, -2.22, -2.53, -2.59, -3.42, -3.56, -4.18, -4.25, -4.31, -4.34, -1.61, -1.61, -1.61, -1.6, -1.83, -1.79, -1.9, -1.82, -1.78, -1.93, -2.11, -2.25, -2.58, -2.64, -3.47, -4.11, -4.22, -4.31, -4.37, -4.4, -1.61, -1.61, -1.61, -1.61, -1.84, -1.8, -1.75, -1.75, -1.51, -1.86, -2.14, -2.33, -2.67, -2.72, -3.97, -4.14, -4.28, -4.39, -4.45, -4.48, -1.61, -1.61, -1.61, -1.62, -1.62, -1.83, -1.79, -1.71, -1.64, -1.97, -2.24, -2.48, -2.8, -2.98, -3.95, -4.19, -4.39, -4.52, -4.58, -4.58, -1.61, -1.61, -1.62, -1.62, -1.63, -1.88, -1.86, -1.83, -1.83, -2.15, -2.36, -2.97, -3.03, -2.99, -3.96, -4.29, -4.57, -4.73, -4.74, -4.7, -1.61, -1.61, -1.62, -1.62, -1.64, -1.66, -1.93, -1.94, -1.96, -1.99, -2.84, -2.94, -3.01, -3.44, -4.04, -4.46, -4.88, -5.05, -4.96, -4.82, -2.62, -1.61, -1.61, -1.62, -1.64, -1.67, -1.95, -2.01, -2.04, -2.43, -2.52, -2.91, -3.53, -3.58, -4.13, -4.64, -5.3, -5.54, -5.35, -5.16, -2.63, -2.59, -2.53, -2.48, -2.45, -1.85, -1.92, -2.01, -2.18, -2.4, -2.41, -3.3, -3.46, -3.72, -4.62, -5.0, -5.47, -5.64, -5.38, -5.21, -2.64, -2.6, -2.53, -2.45, -2.37, -2.37, -2.46, -1.95, -2.64, -2.44, -3.18, -3.56, -3.98, -3.78, -4.59, -4.88, -5.17, -5.29, -5.24, -5.15, -3.46, -3.38, -3.27, -2.43, -2.25, -2.14, -2.43, -2.75, -3.1, -3.02, -3.43, -3.75, -4.11, -3.86, -4.59, -4.78, -4.97, -5.07, -5.09, -5.06, -3.48, -3.41, -3.3, -3.1, -2.68, -1.46, -3.01, -3.8, -3.41, -3.45, -4.05, -3.68, -3.8, -3.76, -4.59, -4.72, -4.85, -4.93, -4.97, -4.97, -3.53, -3.48, -3.4, -3.28, -3.08, -2.98, -3.59, -4.28, -4.55, -4.91, -4.18, -4.37, -4.33, -3.68, -4.6, -4.69, -4.78, -4.78, -4.8, -4.81, -3.58, -3.56, -3.54, -3.52, -3.58, -3.85, -4.27, -4.41, -4.51, -4.31, -4.89, -4.4, -4.35, -3.78, -3.75, -4.53, -4.57, -4.62, -4.66, -4.68, -3.64, -3.64, -3.66, -3.72, -3.87, -4.21, -4.77, -4.42, -4.34, -4.26, -4.9, -4.31, -4.22, -4.13, -3.66, -4.35, -4.4, -4.46, -4.51, -4.56, -3.69, -3.71, -3.75, -3.83, -3.97, -4.18, -4.35, -4.28, -4.12, -3.99, -3.89, -3.21, -4.08, -3.98, -3.91, -4.14, -4.21, -4.3, -4.38, -4.44, -3.74, -3.76, -2.77, -2.86, -2.97, -3.98, -3.95, -3.84, -3.71, -3.63, -3.02, -3.04, -3.06, -3.0, -3.04, -3.44, -3.47, -3.51, -3.91, -3.97, -2.64, -2.67, -2.71, -2.75, -3.72, -3.64, -3.49, -3.29, -3.16, -3.19, -2.78, -2.89, -2.97, -3.03, -2.89, -2.97, -2.92, -2.89, -2.86, -2.84, -2.61, -2.62, -2.63, -2.63, -3.49, -3.31, -3.03, -2.65, -2.45, -2.34, -2.58, -2.77, -2.91, -2.86, -3.06, -2.98, -2.92, -2.88, -2.85, -2.83, -2.58, -2.57, -2.56, -3.45, -3.31, -3.08, -2.7, -2.09, -1.48, -2.06, -2.23, -2.48, -2.61, -2.8, -2.99, -2.95, -2.9, -2.86, -2.84, -2.82, -2.54, -2.53, -3.16, -3.07, -2.95, -2.76, -2.48, -2.07, -1.67, -1.98, -2.28, -2.5, -2.57, -2.73, -2.92, -2.9, -2.87, -2.84, -2.82, -2.8, -3.23, -3.19, -3.13, -3.05, -2.95, -2.81, -2.62, -2.43, -2.11, -2.25, -2.43, -2.58, -2.56, -2.87, -2.87, -2.85, -2.84, -2.81, -2.79, -2.78, -3.21, -3.17, -3.13, -3.07, -2.99, -2.9, -2.81, -2.2, -2.46, -2.54, -2.63, -2.69, -3.39, -2.84, -2.83, -2.83, -2.82, -2.79, -2.77, -2.75, -3.21, -3.18, -3.14, -2.29, -2.31, -2.34, -2.39, -2.46, -2.55, -2.6, -2.58, -2.91, -3.1, -2.81, -2.81, -2.83, -2.86, -2.79, -2.73, -2.72, -2.3, -2.31, -2.32, -2.35, -2.39, -2.45, -2.54, -2.68, -2.86, -2.95, -2.83, -3.18, -3.12, -3.01, -2.92, -2.8, -3.03, -2.66, -2.65, -2.68, -2.32, -2.33, -2.36, -2.39, -2.44, -2.52, -2.63, -2.83, -3.15, -3.43, -3.04, -3.15, -3.08, -3.01, -2.9, -2.8, -2.58, -2.4, -2.59, -2.65, -2.33, -2.35, -2.38, -2.41, -2.47, -2.54, -2.65, -2.83, -3.13, -3.37, -3.23, -3.06, -3.0, -3.02, -2.9, -2.49, -2.47, -2.44, -2.61, -2.65, -2.34, -2.36, -2.39, -2.42, -2.47, -2.53, -2.61, -2.71, -2.82, -2.83, -2.93, -2.87, -2.87, -2.34, -2.4, -2.44, -2.45, -2.45, -2.45, -2.46, -2.35, -2.37, -2.39, -2.42, -2.45, -2.49, -2.53, -2.55, -2.53, -2.63, -2.52, -2.41, -2.44, -2.44, -2.35, -2.4, -2.42, -2.43, -2.44, -2.44, -2.35, -2.37, -2.39, -2.41, -2.43, -2.44, -2.45, -2.43, -2.34, -2.29, -1.97, -2.22, -2.35, -2.39, -2.31, -2.36, -2.39, -2.41, -2.42, -2.43, -2.35, -2.36, -2.38, -2.39, -2.4, -2.41, -2.39, -2.35, -2.35, -2.16, -2.04, -2.2, -2.31, -2.37, -2.28, -2.33, -2.37, -2.39, -2.4, -2.41, -2.35, -2.36, -2.37, -2.38, -2.38, -2.38, -2.36, -2.32, -2.36, -2.26, -2.22, -2.26, -2.32, -2.36, -2.27, -2.31, -2.34, -2.37, -2.38, -2.39, -2.34, -2.35, -2.36, -2.36, -2.36, -2.36, -2.34, -2.44, -2.38, -2.33, -2.31, -2.32, -2.34, -2.37, -2.26, -2.3, -2.33, -2.35, -2.37, -2.38]}, {"header": {"refTime": "2023-09-13T19:00:00.000Z", "nx": 21, "ny": 33, "lo1": 113.509, "la1": 22.2235, "lo2": 113.5947, "la2": 22.1034, "dx": 0.0042850000000001385, "dy": 0.003753125000000024, "parameterCategory": 2, "parameterCategoryName": "Temperature", "parameterNumber": 3}, "data": [-0.3, -0.31, -0.32, -0.07, -0.1, 0.26, 0.2, 0.14, 0.15, 0.33, 0.52, 0.71, 1.19, 1.29, 1.61, 1.7, 2.5, 2.52, 2.53, 2.53, -0.3, -0.31, -0.31, -0.33, -0.1, -0.15, 0.12, -0.02, -0.09, 0.18, 0.51, 0.78, 1.29, 1.39, 1.7, 2.49, 2.51, 2.53, 2.54, 2.55, -0.29, -0.3, -0.3, -0.32, -0.08, -0.13, -0.22, -0.15, -0.57, 0.05, 0.57, 0.94, 1.46, 1.54, 2.47, 2.5, 2.53, 2.55, 2.56, 2.56, -0.29, -0.29, -0.29, -0.3, -0.31, -0.09, -0.16, -0.28, -0.39, 0.26, 0.75, 1.21, 1.74, 1.98, 2.47, 2.51, 2.55, 2.58, 2.59, 2.59, -0.28, -0.28, -0.28, -0.28, -0.28, -0.02, -0.05, -0.09, -0.1, 0.57, 0.96, 2.0, 2.23, 2.04, 2.47, 2.53, 2.59, 2.62, 2.63, 2.61, -0.27, -0.27, -0.26, -0.26, -0.25, -0.23, 0.06, 0.08, 0.11, 0.16, 1.64, 1.88, 2.08, 2.21, 2.47, 2.56, 2.66, 2.7, 2.68, 2.64, 0.35, -0.26, -0.26, -0.24, -0.23, -0.19, 0.22, 0.19, 0.24, 0.81, 0.95, 1.69, 2.14, 2.14, 2.47, 2.6, 2.76, 2.82, 2.69, 2.62, 0.35, 0.33, 0.3, 0.5, 0.48, 0.12, 0.18, 0.26, 0.44, 0.77, 0.8, 1.68, 1.82, 2.07, 2.28, 2.45, 2.67, 2.75, 2.63, 2.55, 0.35, 0.33, 0.29, 0.25, 0.41, 0.42, 0.5, 0.21, 0.74, 0.83, 1.37, 1.66, 1.79, 1.73, 2.23, 2.38, 2.52, 2.59, 2.56, 2.52, 0.91, 0.86, 0.8, 0.23, 0.13, 0.23, 0.46, 0.7, 1.06, 1.03, 1.51, 1.66, 1.77, 1.72, 2.21, 2.32, 2.42, 2.48, 2.49, 2.47, 0.92, 0.88, 0.81, 0.69, 0.43, -0.32, 0.67, 1.24, 1.19, 1.31, 1.66, 1.63, 1.68, 1.68, 2.21, 2.29, 2.36, 2.41, 2.43, 2.43, 0.94, 0.91, 0.86, 0.78, 0.65, 0.6, 1.01, 1.61, 1.87, 2.02, 1.75, 2.07, 2.04, 1.64, 2.22, 2.27, 2.33, 1.89, 1.9, 1.91, 0.97, 0.95, 0.93, 0.91, 0.93, 1.06, 1.29, 1.59, 1.78, 1.58, 1.96, 2.09, 2.07, 1.48, 1.44, 1.67, 1.71, 1.74, 1.77, 1.79, 1.0, 1.0, 1.0, 1.02, 1.08, 1.22, 1.39, 1.44, 1.52, 1.49, 1.93, 1.59, 1.49, 1.4, 1.29, 1.5, 1.55, 1.6, 1.64, 1.68, 1.03, 1.04, 1.05, 1.08, 1.14, 1.23, 1.32, 1.68, 1.74, 1.76, 1.75, 1.32, 1.35, 1.24, 1.17, 1.3, 1.37, 1.45, 1.52, 1.58, 1.06, 1.07, 0.82, 0.85, 0.91, 1.64, 1.64, 1.65, 1.67, 1.68, 1.34, 1.22, 1.08, 0.85, 0.8, 0.98, 1.07, 1.16, 1.52, 1.61, 0.81, 0.83, 0.85, 0.89, 1.63, 1.62, 1.61, 1.6, 1.6, 1.61, 1.27, 1.14, 0.97, 0.77, 0.66, 0.76, 0.92, 1.04, 1.13, 1.19, 0.83, 0.85, 0.88, 0.92, 1.62, 1.59, 1.56, 1.52, 1.5, 1.15, 1.05, 1.1, 0.91, 0.66, 0.37, 0.72, 0.94, 1.08, 1.17, 1.23, 0.85, 0.87, 0.9, 1.62, 1.6, 1.57, 1.53, 1.45, 1.3, 1.18, 0.83, 0.7, 0.95, 0.78, 0.69, 0.85, 1.03, 1.16, 1.24, 1.28, 0.87, 0.89, 1.06, 1.07, 1.08, 1.1, 1.13, 1.19, 1.12, 0.97, 0.81, 0.7, 1.05, 0.98, 0.98, 1.07, 1.19, 1.28, 1.32, 1.35, 1.02, 1.03, 1.03, 1.03, 1.03, 1.04, 1.06, 1.08, 0.91, 0.84, 0.75, 0.67, 1.16, 1.16, 1.2, 1.29, 1.37, 1.41, 1.42, 1.42, 1.0, 1.0, 0.99, 0.99, 0.98, 0.97, 0.97, 0.82, 0.75, 0.71, 0.67, 0.63, 0.89, 1.31, 1.38, 1.47, 1.55, 1.55, 1.52, 1.48, 0.98, 0.97, 0.96, 0.75, 0.75, 0.74, 0.73, 0.7, 0.66, 0.64, 0.64, 1.07, 1.22, 1.41, 1.5, 1.62, 1.74, 1.69, 1.59, 1.53, 0.73, 0.73, 0.73, 0.72, 0.7, 0.68, 0.65, 0.6, 0.53, 0.49, 0.53, 0.81, 1.18, 1.36, 1.53, 1.69, 1.99, 1.7, 1.61, 1.55, 0.72, 0.71, 0.7, 0.69, 0.67, 0.64, 0.6, 0.53, 0.41, 0.32, 0.45, 0.75, 0.94, 1.33, 1.49, 1.62, 1.64, 1.54, 1.58, 1.55, 0.71, 0.7, 0.69, 0.67, 0.65, 0.62, 0.58, 0.51, 0.41, 0.33, 0.56, 0.74, 0.9, 1.3, 1.44, 1.6, 1.61, 1.6, 1.56, 1.54, 0.7, 0.69, 0.67, 0.66, 0.64, 0.61, 0.58, 0.53, 0.49, 0.48, 0.64, 0.75, 0.87, 1.38, 1.47, 1.53, 1.56, 1.57, 1.57, 1.57, 0.69, 0.68, 0.67, 0.65, 0.63, 0.61, 0.59, 0.56, 0.55, 0.65, 0.69, 0.62, 0.66, 0.72, 1.4, 1.47, 1.51, 1.53, 1.54, 1.54, 0.68, 0.67, 0.66, 0.65, 0.63, 0.62, 0.6, 0.59, 0.59, 0.68, 0.64, 0.64, 0.67, 0.71, 1.35, 1.42, 1.47, 1.49, 1.51, 1.52, 0.68, 0.67, 0.66, 0.65, 0.63, 0.62, 0.61, 0.61, 0.61, 0.63, 0.64, 0.65, 0.67, 0.71, 1.31, 1.38, 1.43, 1.46, 1.48, 1.49, 0.67, 0.67, 0.66, 0.65, 0.64, 0.63, 0.62, 0.62, 0.62, 0.63, 0.64, 0.66, 0.68, 0.7, 1.29, 1.35, 1.4, 1.43, 1.45, 1.47, 0.67, 0.67, 0.66, 0.65, 0.64, 0.63, 0.63, 0.63, 0.63, 0.64, 0.65, 0.66, 0.68, 0.7, 1.28, 1.33, 1.38, 1.41, 1.43, 1.45]}, {"header": {"refTime": "2023-09-13T19:00:00.000Z", "nx": 21, "ny": 33, "lo1": 113.509, "la1": 22.2235, "lo2": 113.5947, "la2": 22.1034, "dx": 0.0042850000000001385, "dy": 0.003753125000000024, "parameterCategory": 0, "parameterCategoryName": "Temperature", "parameterNumber": 0}, "data": [[27.73, 27.73, 27.72, 27.52, 27.52, 27.81, 27.81, 27.81, 27.81, 27.74, 27.76, 27.78, 27.99, 28.0, 27.92, 27.91, 27.94, 27.93, 27.92, 27.91], [27.73, 27.73, 27.72, 27.72, 27.53, 27.54, 27.8, 27.78, 27.78, 27.73, 27.76, 27.8, 28.01, 28.02, 27.93, 27.96, 27.94, 27.92, 27.9, 27.9], [27.73, 27.73, 27.73, 27.72, 27.52, 27.54, 27.56, 27.77, 27.72, 27.72, 27.77, 27.83, 28.04, 28.05, 28.0, 27.96, 27.93, 27.9, 27.89, 27.88], [27.73, 27.73, 27.73, 27.72, 27.72, 27.53, 27.55, 27.58, 27.6, 27.72, 27.78, 27.89, 28.11, 27.97, 28.01, 27.95, 27.9, 27.88, 27.86, 27.86], [27.74, 27.74, 27.73, 27.73, 27.72, 27.51, 27.52, 27.53, 27.52, 27.7, 27.77, 27.99, 28.17, 28.01, 28.0, 27.93, 27.87, 27.84, 27.83, 27.84], [27.74, 27.74, 27.74, 27.73, 27.73, 27.72, 27.5, 27.5, 27.48, 27.43, 27.73, 27.9, 28.04, 28.17, 27.97, 27.89, 27.81, 27.78, 27.79, 27.82], [27.77, 27.75, 27.75, 27.74, 27.74, 27.72, 27.55, 27.5, 27.48, 27.43, 27.4, 27.74, 28.07, 28.1, 27.94, 27.85, 27.73, 27.69, 27.73, 27.77], [27.77, 27.77, 27.77, 27.77, 27.77, 27.6, 27.57, 27.55, 27.56, 27.4, 27.23, 27.65, 27.66, 28.1, 27.71, 27.74, 27.68, 27.65, 27.69, 27.72], [27.73, 27.73, 27.79, 27.79, 27.79, 27.78, 27.74, 27.56, 27.44, 27.45, 27.41, 27.53, 27.58, 27.51, 27.72, 27.76, 27.72, 27.7, 27.71, 27.73], [27.9, 27.9, 27.9, 27.76, 27.78, 27.83, 27.8, 27.74, 27.32, 27.34, 27.59, 27.45, 27.5, 27.47, 27.72, 27.77, 27.74, 27.73, 27.73, 27.74], [27.9, 27.9, 27.9, 27.9, 27.9, 27.9, 27.9, 27.9, 27.79, 27.43, 27.1, 27.4, 27.44, 27.44, 27.72, 27.78, 27.76, 27.75, 27.75, 27.75], [27.9, 27.9, 27.9, 27.9, 27.9, 27.9, 27.9, 27.9, 27.9, -999.0, 27.1, 27.9, 27.9, 27.42, 27.71, 27.79, 27.78, 27.03, 27.05, 27.05], [27.9, 27.9, 27.9, 27.9, 27.9, 27.9, 27.9, 27.9, 27.9, 27.9, -999.0, 27.9, 27.9, 27.05, 27.42, 27.24, 27.24, 27.12, 27.14, 27.15], [27.9, 27.9, 27.9, 27.9, 27.9, 27.9, 27.9, 27.9, 27.9, 27.9, -999.0, 26.6, 26.6, 26.6, 27.31, 27.15, 27.17, 27.04, 27.07, 27.09], [27.9, 27.9, 27.9, 27.9, 27.9, 27.9, 27.9, 28.0, 28.0, 28.0, 28.0, 27.46, 26.6, 26.6, 26.6, 27.06, 27.09, 26.97, 27.01, 27.04], [27.9, 27.9, 27.96, 27.96, 27.97, 28.0, 28.0, 28.0, 28.0, 28.0, 27.12, 27.22, 27.08, 26.97, 27.1, 26.97, 27.02, 26.92, 27.13, 27.17], [27.96, 27.96, 27.94, 27.94, 28.0, 28.0, 28.0, 28.0, 28.0, 28.0, 27.4, 27.22, 27.04, 26.87, 26.88, 26.87, 26.96, 27.04, 27.09, 27.13], [27.94, 27.94, 27.94, 27.94, 28.0, 28.0, 28.0, 28.0, 28.0, 27.64, 27.46, 27.25, 27.03, 26.89, 26.64, 26.84, 26.97, 27.06, 27.12, 27.15], [27.94, 27.94, 27.94, 28.0, 28.0, 28.0, 28.0, 28.0, 27.87, 27.73, 27.54, 27.36, 27.16, 26.98, 26.82, 26.92, 27.03, 27.11, 27.16, 27.18], [27.94, 27.94, 27.83, 27.84, 27.85, 27.86, 27.89, 27.95, 27.84, 27.71, 27.56, 27.41, 27.24, 27.13, 27.0, 27.05, 27.12, 27.18, 27.21, 27.22], [27.82, 27.82, 27.83, 27.88, 27.88, 27.89, 27.9, 27.91, 27.71, 27.65, 27.55, 27.44, 27.31, 27.11, 27.13, 27.18, 27.23, 27.26, 27.27, 27.27], [27.86, 27.86, 27.86, 27.87, 27.87, 27.87, 27.87, 27.95, 27.65, 27.61, 27.55, 27.47, 27.28, 27.19, 27.23, 27.29, 27.33, 27.34, 27.33, 27.31], [27.85, 27.85, 27.85, 27.97, 27.96, 27.95, 27.94, 27.93, 27.91, 27.91, 27.92, 27.76, 27.58, 27.26, 27.31, 27.37, 27.43, 27.41, 27.38, 27.34], [27.98, 27.98, 27.97, 27.97, 27.96, 27.95, 27.93, 27.91, 27.87, 27.86, 27.89, 27.83, 27.58, 27.56, 27.54, 27.41, 27.53, 27.45, 27.4, 27.36], [27.98, 27.98, 27.97, 27.97, 27.96, 27.95, 27.93, 27.89, 27.83, 27.78, 27.86, 27.84, 27.84, 27.56, 27.54, 27.53, 27.43, 27.42, 27.4, 27.37], [27.98, 27.98, 27.98, 27.97, 27.97, 27.96, 27.94, 27.91, 27.85, 27.8, 27.84, 27.87, 27.87, 27.56, 27.54, 27.62, 27.57, 27.56, 27.38, 27.36], [27.99, 27.99, 27.98, 27.98, 27.98, 27.97, 27.96, 27.95, 27.93, 27.94, 27.93, 27.93, 27.92, 27.79, 27.72, 27.66, 27.62, 27.6, 27.61, 27.62], [27.99, 27.99, 27.99, 27.99, 27.99, 27.99, 27.99, 28.0, 28.02, 28.02, 28.05, 27.99, 27.92, 27.86, 27.76, 27.7, 27.67, 27.65, 27.64, 27.64], [28.0, 28.0, 28.0, 28.0, 28.0, 28.01, 28.02, 28.04, 28.08, 28.13, 28.21, 28.07, 27.97, 27.9, 27.8, 27.74, 27.71, 27.68, 27.67, 27.67], [28.0, 28.0, 28.0, 28.01, 28.01, 28.02, 28.03, 28.06, 28.03, 28.12, 28.17, 28.08, 27.99, 27.92, 27.83, 27.78, 27.74, 27.71, 27.7, 27.69], [28.0, 28.01, 28.01, 28.01, 28.02, 28.03, 28.04, 28.07, 28.01, 28.06, 28.07, 28.03, 27.97, 27.92, 27.84, 27.8, 27.76, 27.74, 27.72, 27.71], [28.01, 28.01, 28.01, 28.02, 28.02, 28.03, 28.05, 27.96, 27.99, 28.01, 28.01, 27.99, 27.96, 27.92, 27.85, 27.81, 27.78, 27.76, 27.74, 27.73]]}]