gis_exercise/awsData/contour/wdir_2023090522.json
[{"header": {"refTime": "2023-09-05T22:00:00.000Z", "nx": 21, "ny": 33, "lo1": 113.509, "la1": 22.2235, "lo2": 113.5947, "la2": 22.1034, "dx": 0.0042850000000001385, "dy": 0.003753125000000024, "parameterCategory": 2, "parameterCategoryName": "Temperature", "parameterNumber": 2}, "data": [0.95, 0.94, 0.93, 0.76, 0.75, 0.61, 0.6, 0.58, 0.57, 0.4, 0.37, 0.34, 0.5, 0.5, 0.4, 0.42, 0.63, 0.65, 0.66, 0.67, 0.96, 0.95, 0.94, 0.92, 0.75, 0.74, 0.61, 0.59, 0.57, 0.43, 0.37, 0.32, 0.47, 0.47, 0.38, 0.6, 0.63, 0.65, 0.67, 0.68, 0.96, 0.96, 0.95, 0.93, 0.76, 0.74, 0.72, 0.6, 0.58, 0.45, 0.36, 0.29, 0.43, 0.44, 0.55, 0.6, 0.64, 0.66, 0.68, 0.69, 0.97, 0.97, 0.96, 0.95, 0.93, 0.76, 0.74, 0.7, 0.67, 0.42, 0.33, 0.23, 0.34, 0.37, 0.53, 0.61, 0.65, 0.68, 0.7, 0.7, 0.98, 0.98, 0.98, 0.97, 0.96, 0.79, 0.78, 0.77, 0.75, 0.38, 0.3, 0.32, 0.12, 0.33, 0.54, 0.63, 0.69, 0.71, 0.72, 0.72, 1.0, 1.0, 1.0, 0.99, 0.99, 0.99, 0.84, 0.84, 0.82, 0.77, 0.52, 0.43, 0.3, 0.57, 0.6, 0.68, 0.73, 0.75, 0.75, 0.74, 1.75, 1.01, 1.01, 1.02, 1.02, 1.03, 1.02, 0.94, 0.93, 0.91, 0.84, 0.67, 0.83, 0.8, 0.69, 0.73, 0.78, 0.8, 0.77, 0.75, 1.76, 1.74, 1.71, 1.66, 1.64, 1.03, 1.04, 1.09, 1.17, 0.87, 0.64, 1.08, 1.16, 0.97, 1.13, 1.06, 0.96, 0.92, 0.98, 1.01, 1.78, 1.75, 1.72, 1.67, 1.61, 1.61, 1.63, 1.05, 1.38, 0.93, 0.91, 1.09, 1.17, 1.13, 1.15, 1.08, 1.02, 1.0, 1.01, 1.03, 2.32, 2.28, 2.21, 1.67, 1.57, 1.51, 1.66, 1.81, 1.67, 1.54, 1.0, 1.09, 1.17, 1.13, 1.16, 1.11, 1.07, 1.04, 1.04, 1.05, 2.33, 2.29, 2.23, 2.12, 1.88, 1.18, 2.06, 2.51, 2.22, 1.9, 1.65, 1.07, 1.1, 1.1, 1.16, 1.12, 1.09, 1.07, 1.07, 1.06, 2.36, 2.33, 2.29, 2.22, 2.1, 2.05, 2.39, 2.78, 2.93, 2.78, 1.86, 1.85, 1.74, 1.08, 1.15, 1.13, 1.11, 1.44, 1.44, 1.44, 2.39, 2.38, 2.36, 2.36, 2.39, 2.54, 2.79, 2.86, 2.91, 2.8, 2.63, 1.96, 1.85, 1.65, 1.68, 1.57, 1.56, 1.54, 1.53, 1.52, 2.42, 2.42, 2.43, 2.47, 2.55, 2.75, 3.08, 2.87, 2.82, 2.77, 2.68, 2.37, 2.31, 2.28, 1.8, 1.7, 1.68, 1.65, 1.62, 1.59, 2.45, 2.46, 2.49, 2.53, 2.61, 2.73, 2.83, 2.65, 2.53, 2.43, 2.35, 2.14, 2.38, 2.36, 2.35, 1.85, 1.8, 1.75, 1.7, 1.66, 2.48, 2.49, 1.74, 1.79, 1.86, 2.43, 2.41, 2.32, 2.22, 2.16, 1.96, 2.04, 2.13, 1.83, 1.92, 1.95, 1.86, 1.77, 1.59, 1.52, 1.64, 1.66, 1.67, 1.69, 2.23, 2.17, 2.06, 1.91, 1.81, 1.83, 1.78, 1.95, 2.12, 2.28, 2.09, 1.99, 1.78, 1.62, 1.5, 1.42, 1.61, 1.61, 1.61, 1.59, 2.05, 1.92, 1.71, 1.42, 1.27, 1.36, 1.63, 1.86, 2.1, 2.07, 2.5, 2.05, 1.76, 1.57, 1.45, 1.37, 1.57, 1.56, 1.54, 2.03, 1.92, 1.74, 1.46, 1.0, 0.58, 1.12, 0.86, 1.14, 1.6, 1.9, 2.1, 1.88, 1.64, 1.47, 1.36, 1.29, 1.54, 1.52, 1.11, 1.06, 1.0, 0.91, 0.78, 0.62, 0.47, 0.61, 0.8, 1.03, 1.46, 1.64, 1.71, 1.59, 1.43, 1.32, 1.24, 1.2, 1.08, 1.05, 1.02, 0.97, 0.9, 0.82, 0.73, 0.64, 0.53, 0.61, 0.74, 0.91, 1.33, 1.47, 1.42, 1.32, 1.21, 1.14, 1.11, 1.11, 1.02, 0.99, 0.94, 0.89, 0.82, 0.75, 0.67, 0.03, 0.5, 0.54, 0.64, 0.78, 1.01, 1.28, 1.2, 1.09, 1.0, 0.97, 0.98, 1.01, 0.97, 0.93, 0.88, -0.01, -0.01, -0.02, -0.02, -0.04, -0.05, -0.07, -0.07, 0.13, 0.27, 1.14, 1.04, 0.91, 0.81, 0.81, 0.87, 0.93, -0.03, -0.03, -0.03, -0.03, -0.04, -0.05, -0.07, -0.09, -0.13, -0.15, -0.13, -0.03, 0.25, 0.34, 0.43, 0.82, 0.66, 0.7, 0.8, 0.88, -0.03, -0.04, -0.04, -0.05, -0.06, -0.07, -0.1, -0.13, -0.19, -0.23, -0.17, -0.06, 0.02, 0.33, 0.42, 0.49, 0.7, 0.68, 0.78, 0.86, -0.04, -0.05, -0.05, -0.06, -0.07, -0.09, -0.11, -0.14, -0.19, -0.23, -0.14, -0.07, 0.0, 0.32, 0.4, 0.48, 0.52, 0.52, 0.82, 0.87, -0.05, -0.05, -0.06, -0.07, -0.08, -0.1, -0.12, -0.14, -0.16, -0.17, -0.11, -0.07, -0.01, 0.33, 0.4, 0.44, 0.47, 0.49, 0.49, 0.48, -0.05, -0.06, -0.07, -0.08, -0.09, -0.1, -0.11, -0.13, -0.14, -0.11, -0.1, -0.07, -0.03, 0.03, 0.36, 0.4, 0.44, 0.45, 0.46, 0.46, -0.06, -0.06, -0.07, -0.08, -0.09, -0.1, -0.11, -0.12, -0.13, -0.11, -0.12, -0.08, -0.03, 0.02, 0.32, 0.37, 0.4, 0.42, 0.43, 0.44, -0.06, -0.07, -0.07, -0.08, -0.09, -0.1, -0.11, -0.11, -0.09, -0.1, -0.1, -0.07, -0.03, 0.01, 0.3, 0.34, 0.37, 0.4, 0.41, 0.42, -0.06, -0.07, -0.07, -0.08, -0.09, -0.1, -0.1, -0.11, -0.08, -0.08, -0.08, -0.06, -0.03, 0.01, 0.28, 0.32, 0.35, 0.37, 0.39, 0.4, -0.07, -0.07, -0.08, -0.08, -0.09, -0.09, -0.1, -0.06, -0.06, -0.06, -0.06, -0.04, -0.02, 0.01, 0.27, 0.31, 0.34, 0.36, 0.37, 0.38]}, {"header": {"refTime": "2023-09-05T22:00:00.000Z", "nx": 21, "ny": 33, "lo1": 113.509, "la1": 22.2235, "lo2": 113.5947, "la2": 22.1034, "dx": 0.0042850000000001385, "dy": 0.003753125000000024, "parameterCategory": 2, "parameterCategoryName": "Temperature", "parameterNumber": 3}, "data": [0.42, 0.41, 0.4, 0.09, 0.11, -0.19, -0.15, -0.12, -0.12, -0.09, -0.19, -0.28, -0.56, -0.61, -0.94, -0.99, -1.34, -1.35, -1.36, -1.37, 0.43, 0.42, 0.41, 0.39, 0.1, 0.13, -0.11, -0.03, 0.02, -0.02, -0.18, -0.32, -0.62, -0.67, -0.98, -1.33, -1.35, -1.37, -1.38, -1.38, 0.44, 0.42, 0.41, 0.39, 0.09, 0.12, 0.16, 0.05, 0.3, 0.04, -0.22, -0.41, -0.71, -0.75, -1.31, -1.34, -1.37, -1.39, -1.4, -1.4, 0.45, 0.44, 0.42, 0.4, 0.38, 0.09, 0.13, 0.19, 0.24, -0.05, -0.3, -0.56, -0.87, -0.9, -1.31, -1.35, -1.39, -1.42, -1.43, -1.43, 0.46, 0.45, 0.44, 0.41, 0.38, 0.05, 0.07, 0.09, 0.11, -0.18, -0.39, -0.92, -1.14, -0.95, -1.31, -1.37, -1.44, -1.47, -1.47, -1.46, 0.48, 0.47, 0.46, 0.44, 0.4, 0.34, 0.0, -0.01, -0.0, 0.02, -0.62, -0.81, -0.99, -0.97, -1.31, -1.4, -1.51, -1.55, -1.53, -1.49, 0.86, 0.5, 0.5, 0.48, 0.44, 0.36, 0.17, -0.11, -0.12, -0.23, -0.21, -0.63, -0.86, -0.85, -1.3, -1.44, -1.62, -1.68, -1.51, -1.43, 0.89, 0.88, 0.87, 0.74, 0.7, 0.37, 0.21, -0.04, -0.33, -0.2, -0.04, -0.48, -0.55, -0.75, -0.96, -1.19, -1.47, -1.58, -1.42, -1.32, 0.92, 0.92, 0.92, 0.92, 0.81, 0.76, 0.61, 0.13, 0.03, -0.25, -0.27, -0.41, -0.43, -0.42, -0.9, -1.1, -1.28, -1.36, -1.33, -1.27, 1.37, 1.37, 1.37, 1.0, 1.03, 0.97, 0.84, 0.68, 0.29, 0.27, -0.33, -0.37, -0.38, -0.4, -0.86, -1.02, -1.14, -1.22, -1.23, -1.21, 1.38, 1.37, 1.37, 1.36, 1.34, 1.29, 1.34, 1.33, 0.85, 0.48, 0.29, -0.36, -0.38, -0.39, -0.86, -0.97, -1.07, -1.13, -1.16, -1.16, 1.38, 1.38, 1.38, 1.38, 1.37, 1.36, 1.37, 1.32, 1.29, 0.98, 0.41, 0.01, -0.09, -0.38, -0.87, -0.95, -1.02, -0.96, -0.98, -0.99, 1.39, 1.39, 1.39, 1.39, 1.4, 1.43, 1.47, 1.37, 1.32, 1.34, 0.88, 0.11, 0.0, -0.48, -0.48, -0.8, -0.84, -0.88, -0.91, -0.93, 1.39, 1.39, 1.4, 1.41, 1.43, 1.48, 1.58, 1.45, 1.38, 1.37, 0.93, 0.24, 0.14, 0.07, -0.47, -0.74, -0.78, -0.82, -0.85, -0.87, 1.39, 1.4, 1.4, 1.41, 1.43, 1.46, 1.48, 1.27, 1.19, 1.14, 1.11, 0.41, 0.1, 0.03, -0.02, -0.68, -0.72, -0.76, -0.79, -0.82, 1.4, 1.4, 1.17, 1.19, 1.2, 1.19, 1.18, 1.14, 1.08, 1.05, 0.42, 0.33, 0.22, -0.21, -0.23, -0.29, -0.27, -0.26, -0.63, -0.65, 1.14, 1.14, 1.14, 1.13, 1.1, 1.08, 1.04, 0.97, 0.93, 0.93, 0.36, 0.26, 0.13, -0.02, -0.23, -0.13, -0.05, 0.01, 0.06, 0.09, 1.11, 1.11, 1.1, 1.08, 1.03, 0.98, 0.9, 0.79, 0.73, 0.48, 0.42, 0.23, 0.08, -0.22, -0.34, -0.16, -0.05, 0.03, 0.08, 0.11, 1.09, 1.08, 1.06, 1.02, 0.98, 0.91, 0.8, 0.63, 0.41, 0.44, 0.35, 0.26, -0.09, -0.18, -0.18, -0.1, -0.0, 0.07, 0.11, 0.14, 1.07, 1.06, 1.06, 1.03, 0.99, 0.92, 0.83, 0.68, 0.42, 0.42, 0.4, 0.33, -0.05, -0.11, -0.03, 0.01, 0.07, 0.12, 0.15, 0.17, 1.09, 1.07, 1.06, 1.03, 0.99, 0.95, 0.88, 0.82, 0.5, 0.49, 0.47, 0.41, -0.02, 0.06, 0.08, 0.11, 0.15, 0.18, 0.2, 0.21, 1.09, 1.07, 1.06, 1.04, 1.01, 0.99, 0.96, 0.7, 0.6, 0.6, 0.57, 0.51, 0.33, 0.13, 0.16, 0.19, 0.22, 0.24, 0.25, 0.25, 1.09, 1.08, 1.07, 0.71, 0.72, 0.74, 0.76, 0.79, 0.83, 0.85, 0.84, 0.73, 0.76, 0.19, 0.21, 0.24, 0.25, 0.29, 0.31, 0.29, 0.7, 0.71, 0.71, 0.73, 0.74, 0.77, 0.81, 0.87, 0.95, 0.99, 0.93, 0.77, 0.79, 0.68, 0.57, 0.28, 0.19, 0.39, 0.37, 0.33, 0.7, 0.71, 0.72, 0.74, 0.76, 0.79, 0.84, 0.93, 1.07, 1.2, 1.01, 0.79, 0.66, 0.69, 0.6, 0.52, 0.44, 0.55, 0.41, 0.35, 0.71, 0.71, 0.72, 0.74, 0.76, 0.79, 0.84, 0.92, 1.05, 1.16, 0.93, 0.76, 0.64, 0.72, 0.63, 0.42, 0.46, 0.49, 0.39, 0.35, 0.71, 0.71, 0.72, 0.73, 0.75, 0.77, 0.8, 0.84, 0.89, 0.89, 0.76, 0.67, 0.61, 0.37, 0.39, 0.41, 0.43, 0.45, 0.44, 0.43, 0.7, 0.71, 0.72, 0.72, 0.73, 0.75, 0.75, 0.76, 0.73, 0.63, 0.56, 0.67, 0.72, 0.75, 0.38, 0.4, 0.42, 0.43, 0.43, 0.42, 0.7, 0.7, 0.71, 0.71, 0.72, 0.72, 0.71, 0.68, 0.62, 0.46, 0.38, 0.56, 0.66, 0.72, 0.38, 0.39, 0.4, 0.41, 0.41, 0.41, 0.7, 0.7, 0.7, 0.7, 0.7, 0.69, 0.68, 0.64, 0.63, 0.51, 0.44, 0.55, 0.64, 0.7, 0.37, 0.38, 0.39, 0.4, 0.4, 0.41, 0.69, 0.69, 0.69, 0.69, 0.69, 0.68, 0.66, 0.63, 0.64, 0.58, 0.56, 0.59, 0.65, 0.69, 0.37, 0.38, 0.39, 0.39, 0.4, 0.4, 0.69, 0.69, 0.69, 0.68, 0.68, 0.67, 0.65, 0.7, 0.66, 0.63, 0.62, 0.64, 0.67, 0.7, 0.36, 0.37, 0.38, 0.39, 0.39, 0.39]}, {"header": {"refTime": "2023-09-05T22:00:00.000Z", "nx": 21, "ny": 33, "lo1": 113.509, "la1": 22.2235, "lo2": 113.5947, "la2": 22.1034, "dx": 0.0042850000000001385, "dy": 0.003753125000000024, "parameterCategory": 0, "parameterCategoryName": "Temperature", "parameterNumber": 0}, "data": [[30.67, 30.68, 30.68, 30.79, 30.78, 30.99, 30.97, 30.95, 30.95, 30.93, 30.98, 31.02, 31.27, 31.31, 31.3, 31.32, 31.56, 31.56, 31.56, 31.56], [30.67, 30.68, 30.68, 30.69, 30.79, 30.78, 30.95, 30.91, 30.88, 30.89, 30.97, 31.05, 31.3, 31.33, 31.33, 31.57, 31.56, 31.56, 31.56, 31.56], [30.67, 30.67, 30.68, 30.69, 30.79, 30.78, 30.77, 30.87, 30.74, 30.87, 30.99, 31.09, 31.35, 31.38, 31.57, 31.57, 31.56, 31.56, 31.56, 31.55], [30.66, 30.67, 30.68, 30.68, 30.69, 30.79, 30.78, 30.76, 30.74, 30.91, 31.03, 31.17, 31.43, 31.42, 31.57, 31.56, 31.56, 31.55, 31.55, 31.55], [30.66, 30.66, 30.67, 30.68, 30.69, 30.8, 30.8, 30.79, 30.78, 30.96, 31.07, 31.42, 31.53, 31.45, 31.57, 31.56, 31.55, 31.55, 31.54, 31.55], [30.65, 30.65, 30.66, 30.67, 30.68, 30.71, 30.83, 30.83, 30.82, 30.8, 31.25, 31.37, 31.47, 31.6, 31.57, 31.55, 31.54, 31.53, 31.54, 31.54], [30.61, 30.64, 30.64, 30.65, 30.67, 30.7, 30.75, 30.87, 30.87, 30.98, 30.99, 31.3, 31.6, 31.6, 31.57, 31.55, 31.53, 31.52, 31.52, 31.52], [30.6, 30.6, 30.59, 30.6, 30.61, 30.67, 30.73, 30.84, 31.0, 30.95, 30.83, 31.32, 31.33, 31.6, 31.54, 31.55, 31.53, 31.52, 31.53, 31.54], [30.7, 30.69, 30.57, 30.56, 30.55, 30.58, 30.66, 30.77, 30.9, 31.0, 31.05, 31.18, 31.24, 31.16, 31.54, 31.55, 31.54, 31.53, 31.54, 31.54], [30.3, 30.3, 30.3, 30.63, 30.58, 30.46, 30.54, 30.66, 30.83, 30.85, 31.25, 31.1, 31.14, 31.12, 31.54, 31.56, 31.55, 31.54, 31.54, 31.55], [30.3, 30.3, 30.3, 30.3, 30.3, 30.3, 30.3, 30.3, 30.55, 30.9, 30.7, 31.04, 31.08, 31.09, 31.54, 31.56, 31.55, 31.55, 31.55, 31.55], [30.3, 30.3, 30.3, 30.3, 30.3, 30.3, 30.3, 30.3, 30.3, -999.0, 30.7, 31.6, 31.6, 31.06, 31.54, 31.56, 31.56, 30.59, 30.61, 30.62], [30.3, 30.3, 30.3, 30.3, 30.3, 30.3, 30.3, 30.3, 30.3, 30.3, -999.0, 31.6, 31.6, 30.49, 30.98, 30.92, 30.93, 30.73, 30.76, 30.78], [30.3, 30.3, 30.3, 30.3, 30.3, 30.3, 30.3, 30.3, 30.3, 30.3, -999.0, 29.9, 29.9, 29.9, 30.83, 30.78, 30.81, 30.61, 30.65, 30.68], [30.3, 30.3, 30.3, 30.3, 30.3, 30.3, 30.3, 30.3, 30.3, 30.3, 30.3, 30.15, 29.9, 29.9, 29.9, 30.63, 30.68, 30.5, 30.55, 30.6], [30.3, 30.3, 30.3, 30.3, 30.3, 30.3, 30.3, 30.3, 30.3, 30.3, 30.05, 30.08, 30.04, 30.01, 30.04, 30.19, 30.24, 30.16, 30.53, 30.58], [30.3, 30.3, 30.3, 30.3, 30.3, 30.3, 30.3, 30.3, 30.3, 30.3, 30.13, 30.08, 30.03, 29.98, 30.04, 29.87, 29.86, 29.85, 29.84, 29.83], [30.3, 30.3, 30.3, 30.3, 30.3, 30.3, 30.3, 30.3, 30.3, 30.2, 30.14, 30.08, 30.02, 30.04, 29.92, 29.87, 29.86, 29.85, 29.84, 29.83], [30.3, 30.3, 30.3, 30.3, 30.3, 30.3, 30.3, 30.3, 30.26, 30.22, 30.07, 30.02, 30.15, 30.09, 29.88, 29.87, 29.86, 29.85, 29.83, 29.82], [30.3, 30.3, 29.96, 29.97, 30.0, 30.03, 30.08, 30.2, 30.2, 30.13, 30.06, 30.01, 30.2, 30.17, 29.87, 29.86, 29.86, 29.85, 29.83, 29.82], [29.93, 29.94, 29.95, 30.05, 30.06, 30.08, 30.1, 30.13, 30.1, 30.07, 30.03, 29.99, 30.24, 29.86, 29.86, 29.87, 29.87, 29.85, 29.83, 29.81], [30.02, 30.02, 30.03, 30.03, 30.04, 30.04, 30.05, 30.14, 30.01, 30.0, 29.98, 29.97, 30.09, 29.85, 29.87, 29.89, 29.9, 29.86, 29.82, 29.79], [30.01, 30.01, 30.01, 30.16, 30.15, 30.14, 30.12, 30.1, 30.07, 30.06, 30.07, 30.14, 29.77, 29.85, 29.87, 29.92, 30.0, 29.89, 29.79, 29.77], [30.17, 30.17, 30.16, 30.15, 30.14, 30.12, 30.09, 30.05, 30.0, 29.97, 30.01, 30.17, 29.76, 29.78, 29.81, 29.91, 30.28, 29.74, 29.7, 29.72], [30.17, 30.17, 30.16, 30.15, 30.14, 30.11, 30.08, 30.02, 29.92, 29.83, 29.96, 30.15, 30.26, 29.76, 29.77, 29.77, 29.61, 29.37, 29.61, 29.69], [30.18, 30.17, 30.16, 30.15, 30.14, 30.12, 30.09, 30.04, 29.94, 29.86, 30.05, 30.18, 30.27, 29.74, 29.74, 29.84, 29.71, 29.64, 29.63, 29.68], [30.18, 30.17, 30.17, 30.16, 30.15, 30.14, 30.12, 30.1, 30.07, 30.07, 30.19, 30.25, 30.3, 30.05, 29.96, 29.88, 29.8, 29.76, 29.77, 29.81], [30.18, 30.18, 30.18, 30.17, 30.17, 30.17, 30.16, 30.17, 30.2, 30.3, 30.35, 30.07, 29.94, 29.81, 30.01, 29.93, 29.87, 29.84, 29.83, 29.84], [30.19, 30.19, 30.18, 30.18, 30.19, 30.19, 30.2, 30.23, 30.29, 30.43, 30.45, 30.2, 30.02, 29.87, 30.05, 29.98, 29.93, 29.9, 29.88, 29.88], [30.19, 30.19, 30.19, 30.2, 30.2, 30.21, 30.23, 30.26, 30.14, 30.29, 30.37, 30.21, 30.04, 29.91, 30.08, 30.02, 29.97, 29.94, 29.92, 29.91], [30.2, 30.2, 30.2, 30.2, 30.21, 30.22, 30.24, 30.27, 30.11, 30.18, 30.2, 30.13, 30.02, 29.92, 30.1, 30.04, 30.0, 29.97, 29.95, 29.94], [30.2, 30.2, 30.21, 30.21, 30.22, 30.23, 30.25, 30.02, 30.06, 30.09, 30.1, 30.06, 29.99, 29.91, 30.11, 30.06, 30.02, 30.0, 29.98, 29.96]]}]