gis_exercise/awsData/contour/wdir_2023090720.json
[{"header": {"refTime": "2023-09-07T20:00:00.000Z", "nx": 21, "ny": 33, "lo1": 113.509, "la1": 22.2235, "lo2": 113.5947, "la2": 22.1034, "dx": 0.0042850000000001385, "dy": 0.003753125000000024, "parameterCategory": 2, "parameterCategoryName": "Temperature", "parameterNumber": 2}, "data": [-0.25, -0.26, -0.26, -0.52, -0.5, -0.53, -0.5, -0.47, -0.46, -0.43, -0.47, -0.52, -0.69, -0.72, -0.8, -0.83, -1.14, -1.15, -1.15, -1.16, -0.25, -0.26, -0.26, -0.27, -0.51, -0.48, -0.48, -0.42, -0.38, -0.38, -0.47, -0.54, -0.71, -0.74, -0.82, -1.12, -1.14, -1.15, -1.16, -1.17, -0.25, -0.25, -0.26, -0.27, -0.52, -0.49, -0.43, -0.37, -0.2, -0.35, -0.48, -0.57, -0.75, -0.77, -1.1, -1.12, -1.15, -1.16, -1.17, -1.18, -0.24, -0.25, -0.26, -0.27, -0.28, -0.52, -0.47, -0.4, -0.33, -0.41, -0.53, -0.63, -0.8, -0.9, -1.09, -1.13, -1.16, -1.18, -1.19, -1.19, -0.23, -0.24, -0.25, -0.27, -0.29, -0.56, -0.54, -0.52, -0.5, -0.5, -0.59, -0.89, -0.89, -0.91, -1.09, -1.15, -1.19, -1.21, -1.21, -1.21, -0.22, -0.23, -0.24, -0.26, -0.29, -0.33, -0.62, -0.63, -0.63, -0.62, -0.87, -0.9, -0.91, -1.09, -1.12, -1.17, -1.23, -1.25, -1.24, -1.22, -0.27, -0.21, -0.22, -0.23, -0.27, -0.33, -0.55, -0.74, -0.76, -0.87, -0.85, -0.93, -1.16, -1.17, -1.14, -1.2, -1.28, -1.31, -1.31, -1.3, -0.26, -0.25, -0.24, -0.51, -0.52, -0.39, -0.52, -0.72, -0.96, -0.84, -0.73, -1.12, -1.19, -1.24, -1.36, -1.36, -1.36, -1.36, -1.36, -1.36, -0.24, -0.22, -0.21, -0.18, -0.42, -0.45, -0.58, -0.58, -0.97, -0.88, -1.02, -1.19, -1.33, -1.26, -1.37, -1.37, -1.37, -1.36, -1.36, -1.36, -0.35, -0.33, -0.29, -0.12, -0.05, -0.21, -0.43, -0.68, -1.04, -1.0, -1.12, -1.24, -1.36, -1.28, -1.38, -1.37, -1.37, -1.37, -1.37, -1.36, -0.36, -0.33, -0.29, -0.22, -0.08, 0.34, -0.24, -0.62, -0.91, -1.1, -1.24, -1.21, -1.25, -1.25, -1.38, -1.38, -1.37, -1.37, -1.37, -1.37, -0.37, -0.35, -0.31, -0.27, -0.2, -0.17, -0.42, -0.87, -1.08, -1.22, -1.27, -1.41, -1.41, -1.21, -1.38, -1.38, -1.37, -1.16, -1.15, -1.15, -0.38, -0.37, -0.35, -0.33, -0.33, -0.38, -0.49, -0.8, -0.98, -0.83, -1.19, -1.41, -1.41, -1.1, -1.08, -1.1, -1.1, -1.1, -1.1, -1.11, -0.4, -0.39, -0.38, -0.38, -0.4, -0.43, -0.42, -0.61, -0.74, -0.74, -1.15, -1.18, -1.13, -1.08, -0.99, -1.02, -1.03, -1.04, -1.05, -1.06, -0.41, -0.41, -0.41, -0.42, -0.44, -0.46, -0.5, -0.85, -0.95, -1.0, -1.02, -0.99, -1.04, -0.98, -0.94, -0.92, -0.94, -0.97, -1.0, -1.02, -0.43, -0.43, -0.34, -0.35, -0.37, -0.86, -0.87, -0.91, -0.96, -0.99, -1.02, -0.94, -0.86, -0.79, -0.76, -0.51, -0.51, -0.5, -0.46, -0.47, -0.36, -0.37, -0.39, -0.41, -0.91, -0.92, -0.94, -0.97, -1.0, -1.01, -0.99, -0.91, -0.8, -0.68, -0.42, -0.13, -0.03, 0.05, 0.1, 0.15, -0.39, -0.4, -0.43, -0.46, -0.95, -0.96, -0.99, -1.02, -1.05, -0.84, -0.75, -0.89, -0.77, -0.44, -0.42, -0.17, -0.02, 0.07, 0.13, 0.17, -0.41, -0.43, -0.46, -0.96, -0.97, -0.99, -1.02, -1.07, -1.06, -0.9, -0.73, -0.63, -0.48, -0.43, -0.19, -0.08, 0.03, 0.12, 0.17, 0.2, -0.43, -0.46, -0.59, -0.61, -0.64, -0.69, -0.77, -0.88, -0.95, -0.82, -0.7, -0.62, -0.47, -0.41, -0.0, 0.05, 0.13, 0.19, 0.23, 0.25, -0.56, -0.57, -0.58, -0.6, -0.62, -0.66, -0.7, -0.75, -0.77, -0.71, -0.64, -0.58, -0.44, 0.11, 0.14, 0.18, 0.23, 0.27, 0.29, 0.3, -0.55, -0.56, -0.57, -0.58, -0.59, -0.61, -0.62, -0.41, -0.62, -0.59, -0.56, -0.53, -0.07, 0.2, 0.24, 0.29, 0.33, 0.35, 0.35, 0.34, -0.54, -0.55, -0.55, -0.23, -0.24, -0.25, -0.26, -0.26, -0.24, -0.21, -0.18, -0.28, 0.32, 0.27, 0.31, 0.36, 0.39, 0.42, 0.41, 0.39, -0.16, -0.17, -0.17, -0.17, -0.17, -0.17, -0.16, -0.14, -0.12, -0.1, -0.08, 0.27, 0.31, 0.37, 0.42, 0.41, 0.39, 0.51, 0.47, 0.42, -0.13, -0.13, -0.13, -0.12, -0.11, -0.1, -0.08, -0.06, -0.05, -0.04, -0.02, 0.28, 0.32, 0.37, 0.43, 0.48, 0.54, 0.61, 0.5, 0.44, -0.1, -0.1, -0.09, -0.07, -0.06, -0.04, -0.01, 0.01, 0.01, -0.0, 0.23, 0.32, 0.36, 0.36, 0.42, 0.62, 0.62, 0.63, 0.48, 0.44, -0.08, -0.06, -0.05, -0.03, -0.01, 0.02, 0.05, 0.09, 0.12, 0.15, 0.37, 0.41, 0.41, 0.68, 0.65, 0.64, 0.63, 0.63, 0.63, 0.63, -0.05, -0.04, -0.02, 0.0, 0.03, 0.07, 0.12, 0.17, 0.25, 0.51, 0.56, 0.6, 0.59, 0.59, 0.67, 0.65, 0.64, 0.64, 0.64, 0.64, -0.03, -0.01, 0.01, 0.04, 0.07, 0.11, 0.17, 0.25, 0.37, 0.67, 0.81, 0.69, 0.63, 0.61, 0.69, 0.67, 0.66, 0.65, 0.65, 0.64, -0.01, 0.01, 0.03, 0.06, 0.1, 0.14, 0.2, 0.28, 0.63, 0.72, 0.77, 0.7, 0.65, 0.62, 0.7, 0.68, 0.67, 0.66, 0.65, 0.65, 0.0, 0.02, 0.05, 0.08, 0.11, 0.16, 0.21, 0.28, 0.62, 0.67, 0.69, 0.67, 0.64, 0.62, 0.71, 0.69, 0.68, 0.67, 0.66, 0.66, 0.02, 0.04, 0.06, 0.09, 0.12, 0.16, 0.21, 0.59, 0.61, 0.64, 0.65, 0.64, 0.63, 0.62, 0.71, 0.69, 0.68, 0.67, 0.67, 0.66]}, {"header": {"refTime": "2023-09-07T20:00:00.000Z", "nx": 21, "ny": 33, "lo1": 113.509, "la1": 22.2235, "lo2": 113.5947, "la2": 22.1034, "dx": 0.0042850000000001385, "dy": 0.003753125000000024, "parameterCategory": 2, "parameterCategoryName": "Temperature", "parameterNumber": 3}, "data": [0.68, 0.67, 0.65, 0.49, 0.48, 0.77, 0.74, 0.71, 0.71, 0.69, 0.78, 0.86, 1.52, 1.59, 1.84, 1.93, 2.73, 2.77, 2.8, 2.82, 0.69, 0.68, 0.66, 0.64, 0.49, 0.47, 0.7, 0.63, 0.59, 0.63, 0.78, 0.9, 1.56, 1.64, 1.88, 2.69, 2.75, 2.8, 2.83, 2.85, 0.7, 0.69, 0.67, 0.65, 0.49, 0.47, 0.44, 0.56, 0.34, 0.58, 0.8, 0.98, 1.64, 1.7, 2.59, 2.69, 2.78, 2.83, 2.87, 2.89, 0.71, 0.7, 0.69, 0.67, 0.65, 0.49, 0.47, 0.42, 0.38, 0.66, 0.88, 1.11, 1.73, 1.81, 2.57, 2.72, 2.83, 2.9, 2.93, 2.93, 0.72, 0.72, 0.71, 0.7, 0.68, 0.52, 0.51, 0.5, 0.48, 0.76, 0.96, 1.77, 1.8, 1.82, 2.59, 2.77, 2.92, 2.99, 3.0, 2.99, 0.74, 0.74, 0.74, 0.73, 0.72, 0.71, 0.57, 0.57, 0.57, 0.55, 1.61, 1.77, 1.84, 2.22, 2.66, 2.87, 3.06, 3.14, 3.1, 3.04, 1.04, 0.76, 0.76, 0.76, 0.76, 0.76, 0.8, 0.65, 0.66, 1.1, 1.19, 1.83, 2.44, 2.38, 2.76, 2.97, 3.25, 3.35, 3.09, 2.97, 1.04, 1.04, 1.03, 1.09, 1.08, 0.84, 0.82, 0.81, 0.93, 1.01, 0.8, 2.23, 2.47, 2.48, 2.94, 3.1, 3.3, 3.38, 3.27, 3.19, 1.04, 1.04, 1.04, 1.04, 1.09, 1.08, 1.07, 0.81, 0.87, 1.15, 1.67, 2.15, 2.32, 2.24, 2.89, 3.03, 3.16, 3.22, 3.2, 3.16, 1.23, 1.22, 1.21, 1.04, 1.04, 1.09, 1.1, 1.12, 0.97, 0.91, 1.89, 2.11, 2.25, 2.2, 2.85, 2.97, 3.06, 3.12, 3.13, 3.12, 1.23, 1.22, 1.21, 1.19, 1.16, 1.04, 1.2, 1.29, 1.24, 1.04, 1.51, 2.06, 2.14, 2.14, 2.85, 2.93, 3.01, 3.05, 3.07, 3.08, 1.23, 1.23, 1.22, 1.21, 1.19, 1.18, 1.25, 1.36, 1.41, 1.63, 1.52, 2.27, 2.32, 2.09, 2.86, 2.92, 2.97, 2.79, 2.81, 2.82, 1.23, 1.23, 1.23, 1.22, 1.22, 1.24, 1.27, 1.34, 1.39, 1.35, 1.68, 2.21, 2.27, 2.48, 2.47, 2.65, 2.68, 2.72, 2.74, 2.76, 1.24, 1.24, 1.24, 1.24, 1.24, 1.25, 1.25, 1.3, 1.33, 1.33, 1.65, 1.97, 2.02, 2.05, 2.43, 2.58, 2.62, 2.65, 2.68, 2.7, 1.24, 1.24, 1.24, 1.25, 1.25, 1.26, 1.27, 1.3, 1.32, 1.32, 1.31, 1.63, 2.02, 2.05, 2.07, 2.51, 2.55, 2.59, 2.62, 2.65, 1.25, 1.25, 1.14, 1.15, 1.16, 1.28, 1.28, 1.28, 1.29, 1.29, 1.58, 1.65, 1.73, 1.98, 2.01, 1.9, 1.85, 1.8, 2.07, 2.07, 1.14, 1.14, 1.14, 1.15, 1.27, 1.27, 1.26, 1.25, 1.25, 1.26, 1.56, 1.66, 1.77, 1.9, 1.85, 1.74, 1.6, 1.48, 1.4, 1.34, 1.14, 1.14, 1.14, 1.15, 1.26, 1.25, 1.24, 1.22, 1.21, 1.36, 1.47, 1.65, 1.79, 1.85, 2.11, 1.79, 1.58, 1.45, 1.36, 1.31, 1.14, 1.14, 1.14, 1.27, 1.26, 1.24, 1.22, 1.19, 1.18, 1.32, 1.42, 1.55, 1.58, 1.74, 1.82, 1.67, 1.49, 1.37, 1.3, 1.26, 1.14, 1.14, 1.16, 1.16, 1.16, 1.15, 1.15, 1.14, 1.22, 1.3, 1.4, 1.51, 1.49, 1.56, 1.54, 1.46, 1.35, 1.26, 1.22, 1.19, 1.16, 1.16, 1.16, 1.15, 1.15, 1.15, 1.14, 1.14, 1.28, 1.32, 1.39, 1.47, 1.39, 1.37, 1.33, 1.26, 1.18, 1.14, 1.12, 1.12, 1.16, 1.15, 1.15, 1.15, 1.15, 1.14, 1.14, 0.91, 1.3, 1.32, 1.37, 1.43, 1.29, 1.24, 1.17, 1.09, 1.02, 1.01, 1.03, 1.06, 1.15, 1.15, 1.15, 0.81, 0.83, 0.84, 0.86, 0.88, 0.89, 0.88, 0.86, 0.95, 0.88, 1.14, 1.06, 0.95, 0.86, 0.89, 0.96, 1.01, 0.77, 0.78, 0.78, 0.79, 0.8, 0.82, 0.83, 0.86, 0.89, 0.9, 0.86, 0.66, 0.89, 0.85, 0.81, 0.89, 0.67, 0.85, 0.93, 0.99, 0.75, 0.76, 0.76, 0.77, 0.78, 0.79, 0.81, 0.84, 0.92, 0.99, 0.87, 0.66, 0.59, 0.86, 0.83, 0.8, 0.89, 0.94, 0.94, 0.98, 0.74, 0.74, 0.74, 0.74, 0.74, 0.75, 0.76, 0.8, 0.88, 0.95, 0.73, 0.61, 0.55, 0.87, 0.84, 0.65, 0.71, 0.74, 0.96, 0.99, 0.72, 0.72, 0.72, 0.72, 0.71, 0.71, 0.71, 0.71, 0.72, 0.7, 0.56, 0.5, 0.49, 0.47, 0.54, 0.61, 0.65, 0.68, 0.67, 0.66, 0.71, 0.7, 0.7, 0.69, 0.68, 0.66, 0.64, 0.61, 0.55, 0.39, 0.32, 0.43, 0.52, 0.59, 0.5, 0.56, 0.6, 0.63, 0.63, 0.63, 0.7, 0.69, 0.68, 0.67, 0.65, 0.62, 0.59, 0.53, 0.43, 0.19, 0.07, 0.29, 0.44, 0.54, 0.46, 0.52, 0.56, 0.58, 0.6, 0.6, 0.68, 0.67, 0.66, 0.65, 0.62, 0.59, 0.55, 0.49, 0.37, 0.23, 0.14, 0.28, 0.41, 0.51, 0.43, 0.48, 0.52, 0.55, 0.57, 0.57, 0.67, 0.66, 0.65, 0.63, 0.61, 0.58, 0.53, 0.48, 0.39, 0.32, 0.29, 0.35, 0.43, 0.5, 0.41, 0.46, 0.5, 0.52, 0.54, 0.55, 0.66, 0.65, 0.64, 0.62, 0.6, 0.57, 0.53, 0.47, 0.43, 0.39, 0.38, 0.41, 0.46, 0.51, 0.4, 0.44, 0.48, 0.5, 0.52, 0.53]}, {"header": {"refTime": "2023-09-07T20:00:00.000Z", "nx": 21, "ny": 33, "lo1": 113.509, "la1": 22.2235, "lo2": 113.5947, "la2": 22.1034, "dx": 0.0042850000000001385, "dy": 0.003753125000000024, "parameterCategory": 0, "parameterCategoryName": "Temperature", "parameterNumber": 0}, "data": [[26.04, 26.03, 26.02, 25.71, 25.71, 25.85, 25.85, 25.84, 25.84, 25.68, 25.67, 25.66, 25.8, 25.8, 25.83, 25.83, 25.84, 25.84, 25.84, 25.84], [26.05, 26.04, 26.03, 26.01, 25.71, 25.72, 25.84, 25.83, 25.83, 25.7, 25.68, 25.67, 25.8, 25.8, 25.83, 25.83, 25.84, 25.84, 25.84, 25.84], [26.05, 26.05, 26.04, 26.02, 25.71, 25.72, 25.73, 25.83, 25.81, 25.71, 25.68, 25.67, 25.8, 25.8, 25.83, 25.83, 25.84, 25.84, 25.84, 25.85], [26.06, 26.06, 26.05, 26.04, 26.02, 25.72, 25.73, 25.74, 25.75, 25.68, 25.66, 25.67, 25.8, 25.68, 25.83, 25.84, 25.84, 25.85, 25.85, 25.85], [26.08, 26.07, 26.06, 26.05, 26.04, 25.72, 25.72, 25.72, 25.71, 25.62, 25.63, 25.68, 25.75, 25.7, 25.83, 25.84, 25.85, 25.85, 25.86, 25.85], [26.09, 26.09, 26.08, 26.07, 26.06, 26.05, 25.73, 25.73, 25.7, 25.63, 25.57, 25.65, 25.71, 25.8, 25.83, 25.85, 25.86, 25.87, 25.86, 25.86], [26.22, 26.1, 26.1, 26.1, 26.09, 26.08, 25.9, 25.77, 25.75, 25.59, 25.51, 25.6, 25.8, 25.8, 25.83, 25.85, 25.87, 25.88, 25.88, 25.88], [26.23, 26.23, 26.23, 26.23, 26.22, 25.97, 25.93, 25.91, 25.9, 25.56, 25.33, 25.62, 25.62, 25.8, 25.86, 25.85, 25.87, 25.88, 25.87, 25.86], [26.17, 26.18, 26.25, 26.25, 26.26, 26.24, 26.19, 25.92, 25.75, 25.62, 25.43, 25.52, 25.56, 25.5, 25.86, 25.85, 25.86, 25.87, 25.86, 25.86], [26.4, 26.4, 26.4, 26.21, 26.24, 26.31, 26.26, 26.19, 25.55, 25.59, 25.56, 25.46, 25.5, 25.48, 25.86, 25.84, 25.85, 25.86, 25.86, 25.85], [26.4, 26.4, 26.4, 26.4, 26.4, 26.4, 26.4, 26.4, 26.26, 25.73, 25.2, 25.43, 25.46, 25.46, 25.86, 25.84, 25.85, 25.85, 25.85, 25.85], [26.4, 26.4, 26.4, 26.4, 26.4, 26.4, 26.4, 26.4, 26.4, -999.0, 25.2, 25.8, 25.8, 25.44, 25.86, 25.84, 25.84, 25.45, 25.46, 25.46], [26.4, 26.4, 26.4, 26.4, 26.4, 26.4, 26.4, 26.4, 26.4, 26.4, -999.0, 25.8, 25.8, 25.34, 25.54, 25.61, 25.61, 25.52, 25.53, 25.54], [26.4, 26.4, 26.4, 26.4, 26.4, 26.4, 26.4, 26.4, 26.4, 26.4, -999.0, 25.1, 25.1, 25.1, 25.48, 25.54, 25.55, 25.45, 25.48, 25.49], [26.4, 26.4, 26.4, 26.4, 26.4, 26.4, 26.4, 26.3, 26.3, 26.3, 26.3, 25.84, 25.1, 25.1, 25.1, 25.47, 25.49, 25.4, 25.43, 25.45], [26.4, 26.4, 26.34, 26.34, 26.33, 26.3, 26.3, 26.3, 26.3, 26.3, 25.54, 25.63, 25.51, 25.42, 25.53, 25.32, 25.35, 25.29, 25.47, 25.5], [26.34, 26.34, 26.36, 26.36, 26.3, 26.3, 26.3, 26.3, 26.3, 26.3, 25.78, 25.64, 25.48, 25.33, 25.31, 25.28, 25.34, 25.39, 25.43, 25.45], [26.36, 26.36, 26.36, 26.36, 26.3, 26.3, 26.3, 26.3, 26.3, 26.0, 25.83, 25.65, 25.47, 25.32, 25.13, 25.26, 25.35, 25.4, 25.44, 25.47], [26.36, 26.36, 26.36, 26.3, 26.3, 26.3, 26.3, 26.3, 26.19, 26.07, 25.94, 25.79, 25.54, 25.39, 25.24, 25.31, 25.38, 25.44, 25.47, 25.49], [26.36, 26.36, 26.24, 26.25, 26.25, 26.25, 26.26, 26.28, 26.18, 26.08, 25.95, 25.83, 25.59, 25.5, 25.36, 25.4, 25.45, 25.48, 25.5, 25.51], [26.24, 26.24, 26.24, 26.26, 26.26, 26.26, 26.27, 26.27, 26.09, 26.04, 25.96, 25.87, 25.64, 25.43, 25.45, 25.48, 25.51, 25.53, 25.54, 25.54], [26.25, 26.25, 26.25, 26.26, 26.26, 26.26, 26.26, 26.34, 26.06, 26.02, 25.97, 25.91, 25.65, 25.49, 25.52, 25.55, 25.58, 25.59, 25.58, 25.57], [26.25, 26.25, 26.25, 26.36, 26.36, 26.35, 26.34, 26.34, 26.33, 26.33, 26.34, 26.1, 25.89, 25.53, 25.56, 25.6, 25.64, 25.63, 25.62, 25.6], [26.38, 26.38, 26.37, 26.37, 26.36, 26.36, 26.35, 26.33, 26.31, 26.31, 26.33, 26.2, 25.9, 25.84, 25.79, 25.63, 25.68, 25.67, 25.64, 25.61], [26.38, 26.38, 26.38, 26.38, 26.37, 26.36, 26.35, 26.33, 26.29, 26.25, 26.31, 26.23, 26.19, 25.85, 25.8, 25.76, 25.67, 25.67, 25.64, 25.62], [26.39, 26.39, 26.39, 26.38, 26.38, 26.38, 26.37, 26.35, 26.31, 26.27, 26.26, 26.26, 26.23, 25.86, 25.81, 25.85, 25.81, 25.79, 25.63, 25.62], [26.39, 26.39, 26.39, 26.39, 26.39, 26.39, 26.39, 26.38, 26.37, 26.38, 26.34, 26.32, 26.28, 26.06, 25.97, 25.91, 25.86, 25.85, 25.85, 25.86], [26.4, 26.4, 26.4, 26.4, 26.41, 26.41, 26.41, 26.42, 26.45, 26.43, 26.45, 26.4, 26.33, 26.26, 26.03, 25.96, 25.92, 25.89, 25.89, 25.89], [26.4, 26.41, 26.41, 26.41, 26.42, 26.42, 26.44, 26.46, 26.5, 26.53, 26.62, 26.48, 26.38, 26.3, 26.08, 26.01, 25.96, 25.94, 25.92, 25.92], [26.41, 26.41, 26.41, 26.42, 26.43, 26.44, 26.45, 26.48, 26.45, 26.53, 26.57, 26.48, 26.39, 26.32, 26.11, 26.05, 26.0, 25.97, 25.95, 25.94], [26.41, 26.42, 26.42, 26.43, 26.43, 26.44, 26.46, 26.48, 26.43, 26.47, 26.48, 26.44, 26.38, 26.32, 26.13, 26.07, 26.03, 26.0, 25.98, 25.97], [26.42, 26.42, 26.42, 26.43, 26.44, 26.45, 26.46, 26.38, 26.4, 26.42, 26.42, 26.4, 26.36, 26.32, 26.14, 26.09, 26.05, 26.02, 26.0, 25.99]]}]