gis_exercise/awsData/contour/wdir_2023090620.json
[{"header": {"refTime": "2023-09-06T20:00:00.000Z", "nx": 21, "ny": 33, "lo1": 113.509, "la1": 22.2235, "lo2": 113.5947, "la2": 22.1034, "dx": 0.0042850000000001385, "dy": 0.003753125000000024, "parameterCategory": 2, "parameterCategoryName": "Temperature", "parameterNumber": 2}, "data": [-0.92, -0.93, -0.93, -1.03, -1.02, -0.88, -0.88, -0.88, -0.87, -0.88, -0.87, -0.86, -0.75, -0.75, -0.88, -0.9, -0.88, -0.89, -0.91, -0.91, -0.92, -0.92, -0.93, -0.93, -1.02, -1.01, -0.89, -0.89, -0.88, -0.88, -0.87, -0.85, -0.74, -0.74, -0.88, -0.86, -0.89, -0.91, -0.92, -0.93, -0.92, -0.92, -0.93, -0.93, -1.02, -1.01, -1.0, -0.89, -0.9, -0.89, -0.86, -0.83, -0.73, -0.72, -0.83, -0.87, -0.9, -0.92, -0.94, -0.94, -0.92, -0.92, -0.93, -0.93, -0.93, -1.02, -1.01, -0.99, -0.96, -0.89, -0.86, -0.81, -0.7, -0.76, -0.83, -0.88, -0.92, -0.95, -0.96, -0.96, -0.92, -0.92, -0.92, -0.93, -0.93, -1.03, -1.03, -1.02, -1.02, -0.9, -0.86, -0.75, -0.67, -0.74, -0.83, -0.9, -0.96, -0.99, -0.99, -0.98, -0.92, -0.92, -0.92, -0.92, -0.93, -0.94, -1.05, -1.05, -1.06, -1.07, -0.87, -0.79, -0.73, -0.86, -0.85, -0.94, -1.02, -1.06, -1.04, -1.01, -0.89, -0.91, -0.92, -0.92, -0.93, -0.94, -1.03, -1.07, -1.08, -1.06, -1.05, -0.86, -0.92, -0.95, -0.87, -0.97, -1.1, -1.15, -1.21, -1.2, -0.88, -0.88, -0.88, -1.05, -1.05, -0.99, -1.02, -1.06, -1.08, -1.08, -1.11, -1.03, -1.03, -1.05, -1.22, -1.23, -1.24, -1.24, -1.24, -1.24, -0.88, -0.87, -0.87, -0.87, -1.02, -1.03, -1.06, -1.03, -1.18, -1.05, -1.18, -1.19, -1.35, -1.27, -1.26, -1.25, -1.24, -1.24, -1.24, -1.24, -0.97, -0.97, -0.96, -0.86, -0.85, -0.96, -1.03, -1.11, -1.24, -1.23, -1.22, -1.3, -1.44, -1.32, -1.28, -1.26, -1.25, -1.25, -1.24, -1.24, -0.97, -0.96, -0.95, -0.94, -0.9, -0.79, -0.96, -1.09, -1.22, -1.28, -1.45, -1.28, -1.32, -1.3, -1.29, -1.26, -1.25, -1.25, -1.24, -1.24, -0.97, -0.97, -0.96, -0.94, -0.92, -0.92, -1.0, -1.19, -1.29, -1.36, -1.46, -1.35, -1.35, -1.27, -1.28, -1.27, -1.26, -1.41, -1.4, -1.4, -0.97, -0.97, -0.96, -0.95, -0.94, -0.94, -0.96, -1.13, -1.24, -1.17, -1.35, -1.35, -1.35, -1.31, -1.3, -1.44, -1.42, -1.41, -1.41, -1.4, -0.98, -0.97, -0.97, -0.96, -0.95, -0.93, -0.86, -1.01, -1.11, -1.12, -1.32, -1.5, -1.5, -1.49, -1.3, -1.43, -1.42, -1.41, -1.41, -1.4, -0.98, -0.98, -0.97, -0.97, -0.96, -0.95, -0.95, -1.01, -1.06, -1.07, -1.07, -1.25, -1.48, -1.47, -1.46, -1.41, -1.41, -1.41, -1.41, -1.4, -0.98, -0.98, -0.8, -0.8, -0.81, -0.99, -0.99, -1.0, -1.02, -1.03, -1.21, -1.23, -1.25, -1.31, -1.32, -1.31, -1.3, -1.28, -1.17, -1.16, -0.81, -0.81, -0.81, -0.81, -0.99, -0.98, -0.98, -0.98, -0.98, -0.99, -1.17, -1.21, -1.25, -1.28, -1.23, -1.1, -1.01, -0.94, -0.88, -0.85, -0.81, -0.81, -0.81, -0.81, -0.98, -0.97, -0.96, -0.94, -0.93, -0.94, -0.99, -1.19, -1.24, -1.22, -1.33, -1.13, -1.0, -0.92, -0.86, -0.83, -0.81, -0.81, -0.81, -0.99, -0.98, -0.96, -0.94, -0.9, -0.86, -0.92, -0.87, -0.92, -1.11, -1.18, -1.15, -1.05, -0.95, -0.87, -0.83, -0.8, -0.81, -0.81, -0.65, -0.65, -0.66, -0.68, -0.7, -0.74, -0.82, -0.81, -0.83, -0.88, -1.07, -1.11, -0.98, -0.93, -0.86, -0.81, -0.78, -0.76, -0.63, -0.63, -0.63, -0.64, -0.64, -0.65, -0.66, -0.68, -0.77, -0.77, -0.79, -0.82, -1.04, -0.88, -0.86, -0.82, -0.77, -0.74, -0.72, -0.71, -0.62, -0.62, -0.61, -0.61, -0.61, -0.61, -0.61, -0.55, -0.69, -0.7, -0.72, -0.76, -0.79, -0.8, -0.77, -0.73, -0.69, -0.67, -0.66, -0.67, -0.61, -0.6, -0.6, -0.51, -0.51, -0.51, -0.5, -0.48, -0.46, -0.45, -0.45, -0.53, -0.38, -0.74, -0.7, -0.67, -0.65, -0.61, -0.61, -0.63, -0.51, -0.5, -0.5, -0.5, -0.49, -0.47, -0.45, -0.42, -0.38, -0.36, -0.39, -0.41, -0.37, -0.41, -0.45, -0.62, -0.67, -0.52, -0.55, -0.59, -0.5, -0.49, -0.49, -0.48, -0.47, -0.45, -0.43, -0.38, -0.31, -0.26, -0.34, -0.39, -0.45, -0.4, -0.43, -0.45, -0.48, -0.4, -0.52, -0.57, -0.49, -0.49, -0.48, -0.47, -0.46, -0.44, -0.41, -0.37, -0.31, -0.27, -0.33, -0.4, -0.45, -0.39, -0.41, -0.47, -0.44, -0.42, -0.54, -0.58, -0.49, -0.48, -0.47, -0.46, -0.45, -0.44, -0.42, -0.39, -0.37, -0.36, -0.38, -0.42, -0.45, -0.48, -0.48, -0.47, -0.46, -0.45, -0.45, -0.46, -0.48, -0.48, -0.47, -0.46, -0.45, -0.44, -0.43, -0.41, -0.41, -0.41, -0.43, -0.35, -0.33, -0.31, -0.48, -0.47, -0.46, -0.46, -0.46, -0.46, -0.48, -0.47, -0.47, -0.46, -0.45, -0.44, -0.44, -0.43, -0.44, -0.45, -0.45, -0.39, -0.35, -0.32, -0.48, -0.47, -0.47, -0.47, -0.46, -0.47, -0.48, -0.47, -0.47, -0.46, -0.45, -0.45, -0.44, -0.44, -0.37, -0.41, -0.43, -0.39, -0.36, -0.33, -0.48, -0.48, -0.47, -0.47, -0.47, -0.47, -0.48, -0.47, -0.47, -0.46, -0.46, -0.45, -0.45, -0.45, -0.37, -0.39, -0.39, -0.38, -0.35, -0.33, -0.48, -0.48, -0.47, -0.47, -0.47, -0.47, -0.47, -0.47, -0.47, -0.46, -0.46, -0.46, -0.45, -0.34, -0.36, -0.37, -0.37, -0.36, -0.35, -0.33, -0.48, -0.48, -0.48, -0.47, -0.47, -0.47]}, {"header": {"refTime": "2023-09-06T20:00:00.000Z", "nx": 21, "ny": 33, "lo1": 113.509, "la1": 22.2235, "lo2": 113.5947, "la2": 22.1034, "dx": 0.0042850000000001385, "dy": 0.003753125000000024, "parameterCategory": 2, "parameterCategoryName": "Temperature", "parameterNumber": 3}, "data": [0.14, 0.11, 0.08, -0.24, -0.26, -0.17, -0.2, -0.23, -0.23, -0.09, -0.0, 0.09, 0.34, 0.39, 0.32, 0.34, 0.8, 0.8, 0.8, 0.8, 0.16, 0.13, 0.09, 0.05, -0.26, -0.29, -0.23, -0.3, -0.34, -0.17, -0.01, 0.12, 0.38, 0.43, 0.36, 0.81, 0.8, 0.8, 0.79, 0.79, 0.18, 0.15, 0.12, 0.07, -0.25, -0.28, -0.33, -0.36, -0.56, -0.24, 0.02, 0.19, 0.46, 0.5, 0.81, 0.8, 0.79, 0.79, 0.78, 0.78, 0.21, 0.19, 0.16, 0.11, 0.05, -0.26, -0.3, -0.37, -0.43, -0.13, 0.11, 0.31, 0.57, 0.75, 0.81, 0.8, 0.79, 0.78, 0.77, 0.77, 0.25, 0.23, 0.21, 0.17, 0.12, -0.22, -0.24, -0.26, -0.26, 0.04, 0.22, 0.74, 0.77, 0.76, 0.81, 0.79, 0.77, 0.76, 0.76, 0.76, 0.29, 0.28, 0.27, 0.24, 0.2, 0.13, -0.18, -0.17, -0.14, -0.1, 0.67, 0.73, 0.77, 0.77, 0.82, 0.78, 0.75, 0.73, 0.74, 0.75, 0.84, 0.34, 0.34, 0.33, 0.3, 0.24, 0.37, -0.11, -0.08, 0.3, 0.41, 0.73, 0.8, 0.76, 0.82, 0.77, 0.71, 0.68, 0.61, 0.61, 0.87, 0.87, 0.86, 0.82, 0.79, 0.55, 0.41, 0.18, -0.0, 0.28, 0.35, 0.73, 0.78, 0.74, 0.67, 0.66, 0.65, 0.64, 0.65, 0.65, 0.89, 0.9, 0.91, 0.92, 0.89, 0.85, 0.71, 0.33, 0.19, 0.31, 0.52, 0.6, 0.53, 0.57, 0.65, 0.65, 0.65, 0.65, 0.65, 0.65, 1.22, 1.23, 1.24, 0.99, 1.04, 1.05, 0.91, 0.74, 0.38, 0.37, 0.53, 0.52, 0.46, 0.53, 0.63, 0.64, 0.65, 0.65, 0.65, 0.65, 1.22, 1.23, 1.24, 1.25, 1.29, 1.39, 1.26, 1.18, 0.84, 0.51, 0.55, 0.52, 0.52, 0.53, 0.63, 0.64, 0.65, 0.65, 0.65, 0.65, 1.22, 1.22, 1.23, 1.24, 1.26, 1.26, 1.21, 1.13, 1.09, 0.91, 0.61, 0.75, 0.72, 0.54, 0.63, 0.64, 0.65, 0.46, 0.47, 0.47, 1.21, 1.22, 1.22, 1.22, 1.22, 1.2, 1.17, 1.13, 1.11, 1.13, 0.86, 0.78, 0.75, 0.55, 0.55, 0.43, 0.44, 0.45, 0.45, 0.46, 1.21, 1.21, 1.21, 1.21, 1.2, 1.18, 1.15, 1.15, 1.14, 1.14, 0.88, 0.61, 0.56, 0.53, 0.53, 0.42, 0.43, 0.44, 0.44, 0.45, 1.2, 1.2, 1.2, 1.2, 1.19, 1.18, 1.17, 0.96, 0.91, 0.88, 0.86, 0.59, 0.55, 0.52, 0.5, 0.41, 0.42, 0.43, 0.43, 0.44, 1.2, 1.2, 1.0, 1.0, 0.99, 0.9, 0.89, 0.86, 0.83, 0.81, 0.57, 0.54, 0.52, 0.35, 0.35, 0.25, 0.23, 0.22, 0.28, 0.28, 0.98, 0.97, 0.97, 0.95, 0.84, 0.82, 0.79, 0.75, 0.72, 0.73, 0.52, 0.51, 0.48, 0.45, 0.3, 0.21, 0.16, 0.12, 0.09, 0.07, 0.96, 0.95, 0.93, 0.91, 0.79, 0.76, 0.7, 0.62, 0.58, 0.5, 0.51, 0.48, 0.46, 0.3, 0.35, 0.23, 0.16, 0.11, 0.08, 0.06, 0.94, 0.92, 0.9, 0.78, 0.75, 0.71, 0.63, 0.5, 0.37, 0.45, 0.55, 0.56, 0.25, 0.27, 0.24, 0.19, 0.12, 0.08, 0.05, 0.04, 0.92, 0.9, 0.91, 0.89, 0.85, 0.8, 0.72, 0.6, 0.46, 0.53, 0.59, 0.61, 0.23, 0.23, 0.14, 0.11, 0.07, 0.04, 0.03, 0.02, 0.94, 0.93, 0.92, 0.9, 0.88, 0.84, 0.79, 0.73, 0.6, 0.63, 0.66, 0.67, 0.2, 0.08, 0.07, 0.04, 0.02, -0.0, -0.01, -0.01, 0.95, 0.95, 0.94, 0.93, 0.91, 0.9, 0.88, 0.73, 0.75, 0.77, 0.77, 0.75, 0.55, 0.03, 0.01, -0.02, -0.04, -0.05, -0.04, -0.03, 0.96, 0.96, 0.96, 0.75, 0.76, 0.78, 0.8, 0.84, 0.88, 0.91, 0.89, 0.7, 0.46, -0.0, -0.03, -0.06, -0.1, -0.09, -0.07, -0.05, 0.74, 0.75, 0.76, 0.77, 0.79, 0.82, 0.87, 0.94, 1.03, 1.07, 1.01, 0.79, 0.5, 0.32, 0.16, -0.09, -0.15, -0.11, -0.08, -0.06, 0.75, 0.76, 0.77, 0.79, 0.81, 0.85, 0.91, 1.0, 1.16, 1.3, 1.1, 0.82, 0.66, 0.34, 0.18, 0.05, -0.1, -0.09, -0.08, -0.06, 0.76, 0.76, 0.78, 0.79, 0.82, 0.85, 0.91, 0.99, 1.14, 1.26, 1.0, 0.8, 0.65, 0.37, 0.22, -0.06, -0.08, -0.08, -0.07, -0.06, 0.76, 0.77, 0.78, 0.79, 0.81, 0.84, 0.87, 0.92, 0.97, 0.97, 0.82, 0.71, 0.62, 0.04, -0.0, -0.03, -0.05, -0.06, -0.06, -0.05, 0.76, 0.76, 0.77, 0.78, 0.8, 0.81, 0.82, 0.83, 0.81, 0.68, 0.62, 0.62, 0.6, 0.56, 0.02, -0.01, -0.03, -0.04, -0.04, -0.04, 0.75, 0.76, 0.77, 0.77, 0.78, 0.78, 0.78, 0.76, 0.7, 0.52, 0.43, 0.53, 0.56, 0.55, 0.05, 0.01, -0.01, -0.02, -0.03, -0.03, 0.75, 0.76, 0.76, 0.76, 0.76, 0.76, 0.75, 0.71, 0.6, 0.51, 0.46, 0.51, 0.54, 0.54, 0.06, 0.03, 0.01, -0.0, -0.01, -0.02, 0.75, 0.75, 0.75, 0.75, 0.75, 0.74, 0.73, 0.7, 0.6, 0.55, 0.52, 0.53, 0.54, 0.54, 0.07, 0.05, 0.03, 0.01, 0.0, -0.01, 0.74, 0.75, 0.75, 0.74, 0.74, 0.73, 0.72, 0.63, 0.6, 0.57, 0.55, 0.55, 0.55, 0.54, 0.08, 0.05, 0.03, 0.02, 0.01, 0.0]}, {"header": {"refTime": "2023-09-06T20:00:00.000Z", "nx": 21, "ny": 33, "lo1": 113.509, "la1": 22.2235, "lo2": 113.5947, "la2": 22.1034, "dx": 0.0042850000000001385, "dy": 0.003753125000000024, "parameterCategory": 0, "parameterCategoryName": "Temperature", "parameterNumber": 0}, "data": [[28.07, 28.04, 27.99, 27.42, 27.38, 27.73, 27.65, 27.57, 27.55, 27.35, 27.48, 27.6, 27.91, 27.97, 28.24, 28.28, 28.69, 28.69, 28.69, 28.69], [28.1, 28.06, 28.02, 27.95, 27.4, 27.34, 27.59, 27.42, 27.33, 27.26, 27.47, 27.66, 27.98, 28.05, 28.3, 28.69, 28.69, 28.69, 28.69, 28.69], [28.13, 28.1, 28.06, 28.0, 27.43, 27.36, 27.26, 27.3, 26.85, 27.18, 27.51, 27.77, 28.11, 28.15, 28.69, 28.69, 28.7, 28.7, 28.7, 28.7], [28.18, 28.15, 28.11, 28.06, 27.98, 27.43, 27.34, 27.2, 27.06, 27.3, 27.63, 27.96, 28.32, 28.38, 28.7, 28.7, 28.71, 28.72, 28.72, 28.71], [28.22, 28.21, 28.18, 28.15, 28.09, 27.53, 27.49, 27.44, 27.39, 27.47, 27.75, 28.41, 28.69, 28.44, 28.7, 28.7, 28.72, 28.74, 28.73, 28.72], [28.28, 28.27, 28.26, 28.25, 28.22, 28.18, 27.67, 27.69, 27.66, 27.57, 28.03, 28.27, 28.49, 28.63, 28.67, 28.71, 28.75, 28.77, 28.76, 28.74], [28.98, 28.34, 28.35, 28.35, 28.35, 28.34, 28.45, 27.97, 27.97, 27.89, 27.72, 28.02, 28.44, 28.49, 28.64, 28.71, 28.8, 28.83, 28.9, 28.9], [28.99, 28.99, 28.99, 28.99, 28.98, 28.55, 28.5, 28.5, 28.5, 27.84, 27.42, 27.82, 27.83, 28.5, 28.6, 28.52, 28.69, 28.75, 28.65, 28.59], [28.91, 28.92, 29.01, 29.02, 29.02, 29.0, 28.94, 28.49, 28.22, 27.93, 27.55, 27.68, 27.74, 27.66, 28.58, 28.48, 28.59, 28.63, 28.6, 28.57], [29.2, 29.2, 29.2, 28.97, 29.0, 29.09, 29.03, 28.94, 27.85, 27.93, 27.75, 27.6, 27.64, 27.62, 28.58, 28.45, 28.51, 28.55, 28.55, 28.53], [29.2, 29.2, 29.2, 29.2, 29.2, 29.2, 29.2, 29.2, 29.02, 28.19, 27.2, 27.54, 27.58, 27.59, 28.59, 28.42, 28.47, 28.5, 28.5, 28.5], [29.2, 29.2, 29.2, 29.2, 29.2, 29.2, 29.2, 29.2, 29.2, -999.0, 27.2, 28.1, 28.1, 27.56, 28.6, 28.4, 28.42, 28.22, 28.23, 28.24], [29.2, 29.2, 29.2, 29.2, 29.2, 29.2, 29.2, 29.2, 29.2, 29.2, -999.0, 28.1, 28.1, 27.84, 27.95, 28.46, 28.47, 28.32, 28.35, 28.36], [29.2, 29.2, 29.2, 29.2, 29.2, 29.2, 29.2, 29.2, 29.2, 29.2, -999.0, 27.7, 27.7, 27.7, 27.92, 28.36, 28.38, 28.23, 28.26, 28.29], [29.2, 29.2, 29.2, 29.2, 29.2, 29.2, 29.2, 29.4, 29.4, 29.4, 29.4, 28.75, 27.7, 27.7, 27.7, 28.25, 28.29, 28.15, 28.19, 28.23], [29.2, 29.2, 29.33, 29.33, 29.33, 29.4, 29.4, 29.4, 29.4, 29.4, 28.33, 28.45, 28.29, 28.15, 28.31, 27.96, 28.0, 27.93, 28.2, 28.24], [29.33, 29.33, 29.27, 29.27, 29.4, 29.4, 29.4, 29.4, 29.4, 29.4, 28.67, 28.46, 28.24, 28.03, 27.98, 27.81, 27.85, 27.88, 27.9, 27.91], [29.27, 29.27, 29.28, 29.28, 29.4, 29.4, 29.4, 29.4, 29.4, 28.97, 28.74, 28.48, 28.22, 28.0, 27.74, 27.8, 27.85, 27.89, 27.91, 27.92], [29.28, 29.28, 29.28, 29.4, 29.4, 29.4, 29.4, 29.4, 29.25, 29.07, 28.63, 28.41, 28.29, 28.09, 27.79, 27.83, 27.88, 27.91, 27.92, 27.93], [29.28, 29.28, 28.54, 28.58, 28.64, 28.72, 28.84, 29.15, 29.07, 28.85, 28.61, 28.42, 28.36, 28.23, 27.86, 27.89, 27.92, 27.94, 27.95, 27.95], [28.49, 28.51, 28.54, 28.78, 28.81, 28.85, 28.91, 28.97, 28.78, 28.68, 28.53, 28.4, 28.42, 27.91, 27.92, 27.95, 27.97, 27.97, 27.97, 27.97], [28.7, 28.71, 28.72, 28.73, 28.74, 28.75, 28.77, 28.69, 28.57, 28.5, 28.43, 28.35, 27.99, 27.95, 27.97, 28.0, 28.02, 28.02, 28.0, 27.98], [28.67, 28.67, 28.67, 28.58, 28.58, 28.57, 28.55, 28.52, 28.48, 28.44, 28.44, 28.47, 28.01, 27.97, 28.0, 28.05, 28.1, 28.06, 28.01, 27.99], [28.55, 28.54, 28.54, 28.53, 28.52, 28.49, 28.45, 28.38, 28.3, 28.26, 28.3, 28.12, 28.0, 28.02, 28.05, 28.06, 28.23, 28.02, 27.99, 27.98], [28.53, 28.52, 28.51, 28.49, 28.47, 28.43, 28.38, 28.29, 28.15, 28.04, 28.19, 28.11, 28.16, 28.01, 28.03, 28.04, 27.98, 27.89, 27.96, 27.97], [28.51, 28.5, 28.48, 28.46, 28.43, 28.4, 28.34, 28.26, 28.14, 28.05, 28.06, 28.12, 28.17, 28.01, 28.02, 28.07, 28.03, 28.01, 27.96, 27.97], [28.49, 28.48, 28.46, 28.44, 28.41, 28.38, 28.33, 28.28, 28.22, 28.2, 28.12, 28.16, 28.18, 28.14, 28.11, 28.08, 28.06, 28.05, 28.05, 28.06], [28.48, 28.46, 28.45, 28.43, 28.4, 28.37, 28.34, 28.3, 28.27, 28.17, 28.2, 28.09, 28.05, 28.01, 28.12, 28.1, 28.08, 28.07, 28.07, 28.07], [28.47, 28.45, 28.44, 28.42, 28.4, 28.37, 28.34, 28.32, 28.3, 28.23, 28.24, 28.15, 28.08, 28.03, 28.14, 28.12, 28.1, 28.09, 28.08, 28.08], [28.46, 28.45, 28.43, 28.41, 28.39, 28.37, 28.35, 28.33, 28.12, 28.18, 28.21, 28.15, 28.09, 28.04, 28.15, 28.13, 28.11, 28.1, 28.1, 28.09], [28.46, 28.44, 28.43, 28.41, 28.4, 28.38, 28.36, 28.35, 28.11, 28.14, 28.15, 28.12, 28.08, 28.05, 28.15, 28.13, 28.12, 28.11, 28.11, 28.1], [28.45, 28.44, 28.43, 28.41, 28.4, 28.38, 28.37, 28.08, 28.09, 28.11, 28.11, 28.09, 28.07, 28.04, 28.15, 28.14, 28.13, 28.12, 28.11, 28.11]]}]