gis_exercise/awsData/contour/wdir_2023090402.json
[{"header": {"refTime": "2023-09-04T02:00:00.000Z", "nx": 21, "ny": 33, "lo1": 113.509, "la1": 22.2235, "lo2": 113.5947, "la2": 22.1034, "dx": 0.0042850000000001385, "dy": 0.003753125000000024, "parameterCategory": 2, "parameterCategoryName": "Temperature", "parameterNumber": 2}, "data": [0.58, 0.58, 0.59, 0.95, 0.93, 0.83, 0.81, 0.79, 0.78, 0.85, 0.89, 0.93, 1.0, 1.03, 1.03, 1.06, 1.35, 1.36, 1.37, 1.37, 0.58, 0.58, 0.59, 0.6, 0.94, 0.91, 0.79, 0.75, 0.72, 0.81, 0.88, 0.93, 1.02, 1.04, 1.04, 1.34, 1.35, 1.37, 1.37, 1.38, 0.57, 0.58, 0.59, 0.6, 0.94, 0.91, 0.86, 0.72, 0.61, 0.78, 0.89, 0.96, 1.04, 1.06, 1.31, 1.34, 1.36, 1.37, 1.38, 1.39, 0.56, 0.57, 0.58, 0.59, 0.61, 0.94, 0.9, 0.83, 0.76, 0.84, 0.94, 0.99, 1.06, 1.24, 1.31, 1.34, 1.37, 1.38, 1.39, 1.39, 0.55, 0.56, 0.57, 0.59, 0.61, 0.98, 0.96, 0.94, 0.93, 0.95, 1.0, 1.22, 1.12, 1.22, 1.31, 1.36, 1.39, 1.4, 1.41, 1.4, 0.54, 0.55, 0.56, 0.57, 0.6, 0.64, 1.02, 1.03, 1.05, 1.09, 1.33, 1.27, 1.2, 1.28, 1.34, 1.38, 1.41, 1.43, 1.42, 1.42, 0.92, 0.53, 0.53, 0.55, 0.57, 0.63, 0.92, 1.09, 1.12, 1.35, 1.4, 1.38, 1.39, 1.37, 1.37, 1.41, 1.45, 1.46, 1.42, 1.4, 0.91, 0.89, 0.87, 0.9, 0.9, 0.77, 0.87, 1.02, 1.19, 1.35, 1.4, 1.53, 1.54, 1.43, 1.53, 1.52, 1.51, 1.5, 1.51, 1.51, 0.91, 0.88, 0.85, 0.8, 0.81, 0.83, 0.95, 0.92, 1.39, 1.35, 1.48, 1.51, 1.51, 1.51, 1.53, 1.52, 1.51, 1.51, 1.51, 1.52, 1.2, 1.16, 1.09, 0.75, 0.63, 0.61, 0.83, 1.09, 1.55, 1.54, 1.49, 1.5, 1.5, 1.51, 1.52, 1.52, 1.52, 1.52, 1.52, 1.52, 1.21, 1.17, 1.11, 1.0, 0.76, 0.06, 0.95, 1.42, 1.41, 1.68, 1.69, 1.5, 1.5, 1.5, 1.52, 1.52, 1.52, 1.52, 1.52, 1.52, 1.23, 1.2, 1.16, 1.09, 0.98, 0.92, 1.27, 1.71, 1.89, 1.99, 1.76, 1.73, 1.69, 1.5, 1.52, 1.52, 1.52, 1.79, 1.8, 1.8, 1.26, 1.25, 1.23, 1.22, 1.25, 1.39, 1.63, 1.76, 1.85, 1.72, 1.93, 1.77, 1.73, 1.85, 1.87, 1.86, 1.86, 1.86, 1.85, 1.85, 1.3, 1.3, 1.3, 1.33, 1.41, 1.59, 1.86, 1.73, 1.71, 1.67, 1.94, 2.08, 2.09, 2.1, 1.97, 1.96, 1.94, 1.93, 1.91, 1.9, 1.33, 1.33, 1.35, 1.39, 1.47, 1.58, 1.67, 1.66, 1.59, 1.53, 1.48, 1.7, 2.16, 2.19, 2.21, 2.06, 2.03, 2.0, 1.97, 1.94, 1.35, 1.36, 0.79, 0.83, 0.89, 1.5, 1.48, 1.43, 1.36, 1.33, 1.52, 1.66, 1.82, 1.83, 1.92, 2.47, 2.46, 2.46, 2.45, 2.44, 0.72, 0.74, 0.76, 0.78, 1.36, 1.31, 1.24, 1.13, 1.07, 1.08, 1.39, 1.61, 1.86, 2.1, 2.34, 2.65, 2.67, 2.69, 2.7, 2.7, 0.71, 0.71, 0.72, 0.72, 1.24, 1.14, 0.99, 0.79, 0.68, 0.92, 1.21, 1.55, 1.86, 2.31, 2.56, 2.65, 2.68, 2.69, 2.7, 2.71, 0.69, 0.69, 0.68, 1.22, 1.14, 1.02, 0.81, 0.48, 0.22, 0.72, 0.94, 1.28, 1.98, 2.24, 2.64, 2.67, 2.69, 2.71, 2.71, 2.72, 0.67, 0.67, 0.93, 0.89, 0.83, 0.74, 0.6, 0.41, 0.36, 0.63, 0.93, 1.22, 1.93, 2.15, 2.68, 2.7, 2.71, 2.72, 2.73, 2.73, 0.96, 0.94, 0.91, 0.87, 0.82, 0.75, 0.66, 0.57, 0.65, 0.78, 0.97, 1.17, 1.93, 2.71, 2.72, 2.73, 2.74, 2.74, 2.74, 2.73, 0.95, 0.93, 0.9, 0.87, 0.83, 0.78, 0.73, 0.33, 0.83, 0.91, 1.02, 1.15, 2.25, 2.73, 2.74, 2.76, 2.78, 2.77, 2.75, 2.74, 0.94, 0.92, 0.9, 0.33, 0.34, 0.36, 0.39, 0.42, 0.46, 0.48, 0.47, 1.28, 2.15, 2.74, 2.76, 2.79, 2.83, 2.79, 2.75, 2.74, 0.32, 0.32, 0.33, 0.35, 0.37, 0.4, 0.44, 0.51, 0.59, 0.63, 0.57, 1.24, 2.11, 2.3, 2.47, 2.8, 2.95, 2.75, 2.73, 2.73, 0.32, 0.33, 0.34, 0.36, 0.38, 0.41, 0.47, 0.56, 0.72, 0.86, 0.66, 1.15, 1.31, 2.27, 2.44, 2.58, 2.71, 2.63, 2.7, 2.72, 0.32, 0.33, 0.34, 0.36, 0.38, 0.41, 0.46, 0.55, 0.7, 0.82, 0.99, 1.04, 1.19, 2.24, 2.39, 2.31, 2.42, 2.43, 2.71, 2.72, 0.32, 0.33, 0.34, 0.35, 0.37, 0.39, 0.42, 0.47, 0.51, 0.51, 0.82, 0.88, 1.05, 1.71, 1.96, 2.14, 2.26, 2.3, 2.3, 2.27, 0.32, 0.32, 0.33, 0.34, 0.35, 0.36, 0.37, 0.37, 0.34, 0.57, 0.51, 0.56, 0.75, 0.94, 1.79, 1.98, 2.11, 2.17, 2.19, 2.19, 0.31, 0.32, 0.32, 0.33, 0.33, 0.33, 0.32, 0.29, 0.21, 0.29, 0.01, 0.37, 0.64, 0.85, 1.65, 1.84, 1.97, 2.05, 2.09, 2.11, 0.31, 0.31, 0.31, 0.31, 0.31, 0.3, 0.28, 0.24, 0.45, 0.25, 0.13, 0.36, 0.6, 0.8, 1.54, 1.73, 1.86, 1.95, 2.0, 2.03, 0.3, 0.3, 0.3, 0.3, 0.29, 0.28, 0.26, 0.22, 0.5, 0.4, 0.37, 0.48, 0.63, 0.78, 1.49, 1.65, 1.78, 1.87, 1.93, 1.96, 0.3, 0.3, 0.3, 0.29, 0.28, 0.27, 0.25, 0.63, 0.57, 0.53, 0.52, 0.58, 0.68, 0.8, 1.46, 1.6, 1.72, 1.8, 1.86, 1.91]}, {"header": {"refTime": "2023-09-04T02:00:00.000Z", "nx": 21, "ny": 33, "lo1": 113.509, "la1": 22.2235, "lo2": 113.5947, "la2": 22.1034, "dx": 0.0042850000000001385, "dy": 0.003753125000000024, "parameterCategory": 2, "parameterCategoryName": "Temperature", "parameterNumber": 3}, "data": [-0.33, -0.32, -0.31, -0.49, -0.46, -0.48, -0.43, -0.38, -0.36, -0.32, -0.41, -0.49, -0.5, -0.54, -0.55, -0.56, -0.77, -0.75, -0.75, -0.74, -0.33, -0.33, -0.32, -0.3, -0.46, -0.41, -0.39, -0.28, -0.22, -0.25, -0.39, -0.51, -0.54, -0.58, -0.59, -0.78, -0.76, -0.75, -0.74, -0.73, -0.34, -0.33, -0.33, -0.32, -0.49, -0.43, -0.33, -0.21, 0.09, -0.19, -0.42, -0.57, -0.62, -0.64, -0.81, -0.78, -0.76, -0.74, -0.73, -0.73, -0.34, -0.34, -0.34, -0.34, -0.33, -0.48, -0.41, -0.28, -0.15, -0.29, -0.51, -0.68, -0.74, -0.91, -0.82, -0.77, -0.74, -0.73, -0.72, -0.71, -0.35, -0.35, -0.36, -0.36, -0.37, -0.56, -0.53, -0.49, -0.46, -0.46, -0.61, -0.92, -1.01, -0.92, -0.81, -0.76, -0.72, -0.7, -0.7, -0.7, -0.35, -0.36, -0.36, -0.38, -0.4, -0.44, -0.67, -0.69, -0.69, -0.68, -0.83, -0.87, -0.94, -0.7, -0.78, -0.73, -0.69, -0.67, -0.67, -0.69, -0.3, -0.36, -0.37, -0.38, -0.42, -0.48, -0.82, -0.88, -0.9, -0.9, -0.82, -0.78, -0.58, -0.56, -0.75, -0.7, -0.64, -0.62, -0.54, -0.53, -0.27, -0.28, -0.29, -0.34, -0.37, -0.67, -0.79, -0.99, -1.17, -0.9, -0.79, -0.5, -0.44, -0.44, -0.33, -0.39, -0.47, -0.5, -0.46, -0.43, -0.25, -0.25, -0.25, -0.25, -0.29, -0.33, -0.45, -0.86, -0.87, -0.91, -0.49, -0.35, -0.17, -0.26, -0.29, -0.35, -0.41, -0.44, -0.43, -0.41, 0.19, 0.18, 0.17, -0.19, -0.17, -0.19, -0.27, -0.37, -0.62, -0.63, -0.39, -0.26, -0.09, -0.21, -0.26, -0.32, -0.37, -0.39, -0.4, -0.39, 0.19, 0.19, 0.18, 0.16, 0.12, 0.01, 0.14, 0.21, -0.17, -0.44, -0.09, -0.29, -0.24, -0.25, -0.26, -0.3, -0.34, -0.36, -0.37, -0.38, 0.2, 0.19, 0.19, 0.18, 0.16, 0.15, 0.2, 0.24, 0.25, 0.27, -0.04, -0.02, -0.03, -0.29, -0.26, -0.3, -0.32, -0.15, -0.16, -0.17, 0.2, 0.2, 0.2, 0.2, 0.21, 0.24, 0.28, 0.26, 0.26, 0.25, 0.27, -0.0, -0.02, -0.07, -0.07, -0.07, -0.09, -0.11, -0.13, -0.14, 0.21, 0.21, 0.21, 0.22, 0.24, 0.28, 0.35, 0.29, 0.26, 0.25, 0.27, 0.19, 0.18, 0.18, -0.04, -0.04, -0.06, -0.08, -0.1, -0.11, 0.21, 0.22, 0.22, 0.23, 0.25, 0.27, 0.29, 0.28, 0.25, 0.24, 0.23, 0.14, 0.18, 0.17, 0.17, -0.01, -0.03, -0.05, -0.07, -0.08, 0.22, 0.22, 0.15, 0.16, 0.17, 0.25, 0.25, 0.23, 0.22, 0.21, 0.13, 0.13, 0.13, 0.11, 0.12, 0.1, 0.09, 0.08, -0.11, -0.13, 0.14, 0.14, 0.15, 0.15, 0.22, 0.22, 0.2, 0.18, 0.17, 0.17, 0.11, 0.12, 0.13, 0.13, 0.09, 0.15, 0.16, 0.16, 0.17, 0.17, 0.14, 0.14, 0.14, 0.14, 0.2, 0.19, 0.16, 0.13, 0.11, 0.1, 0.12, 0.11, 0.12, 0.09, 0.13, 0.15, 0.16, 0.16, 0.17, 0.17, 0.13, 0.13, 0.13, 0.2, 0.18, 0.16, 0.13, 0.08, 0.03, 0.08, -0.02, -0.01, 0.05, 0.08, 0.15, 0.15, 0.16, 0.17, 0.17, 0.17, 0.13, 0.13, 0.04, 0.03, 0.03, 0.02, 0.01, 0.0, -0.02, -0.03, -0.03, -0.02, 0.04, 0.05, 0.16, 0.16, 0.16, 0.17, 0.17, 0.18, 0.03, 0.02, 0.02, 0.01, 0.01, -0.0, -0.01, -0.02, -0.05, -0.06, -0.06, -0.05, 0.03, 0.16, 0.16, 0.16, 0.16, 0.17, 0.17, 0.18, 0.01, 0.01, 0.0, -0.0, -0.01, -0.03, -0.04, -0.12, -0.09, -0.09, -0.09, -0.07, -0.09, 0.16, 0.16, 0.16, 0.15, 0.16, 0.18, 0.19, 0.0, -0.0, -0.01, -0.12, -0.13, -0.13, -0.14, -0.15, -0.16, -0.17, -0.16, -0.17, -0.0, 0.17, 0.16, 0.15, 0.12, 0.16, 0.19, 0.2, -0.12, -0.12, -0.13, -0.13, -0.14, -0.14, -0.16, -0.17, -0.2, -0.21, -0.19, -0.2, -0.01, 0.04, 0.08, 0.15, 0.03, 0.21, 0.22, 0.21, -0.12, -0.13, -0.13, -0.13, -0.14, -0.15, -0.17, -0.19, -0.24, -0.27, -0.22, -0.2, -0.17, 0.04, 0.09, 0.14, 0.25, 0.33, 0.25, 0.22, -0.13, -0.13, -0.13, -0.14, -0.14, -0.15, -0.17, -0.19, -0.23, -0.26, -0.22, -0.19, -0.17, 0.04, 0.09, 0.18, 0.22, 0.25, 0.24, 0.23, -0.13, -0.13, -0.13, -0.14, -0.14, -0.15, -0.16, -0.17, -0.19, -0.19, -0.18, -0.16, -0.15, 0.12, 0.15, 0.17, 0.2, 0.21, 0.2, 0.2, -0.13, -0.13, -0.13, -0.13, -0.14, -0.14, -0.15, -0.15, -0.14, -0.14, -0.12, -0.03, 0.0, 0.05, 0.14, 0.16, 0.18, 0.19, 0.19, 0.18, -0.13, -0.13, -0.13, -0.13, -0.13, -0.14, -0.14, -0.13, -0.12, -0.09, -0.03, -0.02, 0.0, 0.04, 0.12, 0.14, 0.16, 0.17, 0.17, 0.17, -0.13, -0.13, -0.13, -0.13, -0.13, -0.13, -0.13, -0.12, -0.04, -0.03, -0.03, -0.02, 0.0, 0.03, 0.12, 0.13, 0.15, 0.16, 0.16, 0.16, -0.13, -0.13, -0.13, -0.13, -0.13, -0.13, -0.12, -0.12, -0.03, -0.03, -0.02, -0.01, 0.01, 0.03, 0.11, 0.13, 0.14, 0.15, 0.15, 0.16, -0.12, -0.13, -0.13, -0.13, -0.12, -0.12, -0.12, -0.03, -0.02, -0.02, -0.01, -0.0, 0.01, 0.03, 0.11, 0.12, 0.13, 0.14, 0.15, 0.15]}, {"header": {"refTime": "2023-09-04T02:00:00.000Z", "nx": 21, "ny": 33, "lo1": 113.509, "la1": 22.2235, "lo2": 113.5947, "la2": 22.1034, "dx": 0.0042850000000001385, "dy": 0.003753125000000024, "parameterCategory": 0, "parameterCategoryName": "Temperature", "parameterNumber": 0}, "data": [[27.94, 27.95, 27.95, 28.03, 28.03, 28.28, 28.27, 28.25, 28.26, 28.28, 28.34, 28.39, 28.63, 28.66, 28.74, 28.76, 28.98, 28.98, 28.98, 28.98], [27.94, 27.94, 27.95, 27.95, 28.03, 28.03, 28.24, 28.2, 28.19, 28.24, 28.34, 28.42, 28.67, 28.7, 28.77, 28.99, 28.98, 28.98, 28.98, 28.98], [27.94, 27.94, 27.95, 27.95, 28.03, 28.03, 28.02, 28.16, 28.04, 28.2, 28.36, 28.48, 28.73, 28.75, 28.99, 28.99, 28.99, 28.98, 28.98, 28.98], [27.93, 27.94, 27.94, 27.95, 27.96, 28.03, 28.03, 28.02, 28.01, 28.25, 28.41, 28.58, 28.83, 28.81, 29.0, 28.99, 28.99, 28.98, 28.98, 28.98], [27.93, 27.93, 27.93, 27.94, 27.95, 28.03, 28.03, 28.03, 28.03, 28.31, 28.45, 28.83, 28.99, 28.85, 29.0, 28.99, 28.98, 28.98, 28.98, 28.98], [27.92, 27.92, 27.93, 27.93, 27.94, 27.96, 28.04, 28.04, 28.04, 28.03, 28.6, 28.75, 28.88, 29.0, 28.98, 28.98, 28.99, 28.99, 28.98, 28.98], [27.88, 27.91, 27.91, 27.92, 27.93, 27.95, 27.97, 28.06, 28.06, 28.19, 28.22, 28.62, 28.93, 28.95, 28.97, 28.98, 28.99, 28.99, 29.02, 29.02], [27.87, 27.87, 27.87, 27.87, 27.88, 27.93, 27.96, 28.02, 28.13, 28.16, 28.1, 28.55, 28.56, 28.95, 28.93, 28.9, 28.95, 28.96, 28.94, 28.92], [27.93, 27.92, 27.85, 27.85, 27.84, 27.86, 27.91, 27.98, 28.07, 28.21, 28.31, 28.43, 28.48, 28.41, 28.92, 28.9, 28.92, 28.93, 28.93, 28.92], [27.7, 27.7, 27.7, 27.89, 27.86, 27.79, 27.84, 27.91, 28.04, 28.05, 28.49, 28.35, 28.4, 28.37, 28.92, 28.89, 28.9, 28.91, 28.91, 28.91], [27.7, 27.7, 27.7, 27.7, 27.7, 27.7, 27.7, 27.7, 27.84, 28.07, 28.0, 28.3, 28.34, 28.34, 28.92, 28.88, 28.89, 28.9, 28.9, 28.9], [27.7, 27.7, 27.7, 27.7, 27.7, 27.7, 27.7, 27.7, 27.7, -999.0, 28.0, 28.8, 28.8, 28.32, 28.92, 28.87, 28.88, 28.2, 28.22, 28.23], [27.7, 27.7, 27.7, 27.7, 27.7, 27.7, 27.7, 27.7, 27.7, 27.7, -999.0, 28.8, 28.8, 28.02, 28.36, 28.49, 28.5, 28.33, 28.35, 28.37], [27.7, 27.7, 27.7, 27.7, 27.7, 27.7, 27.7, 27.7, 27.7, 27.7, -999.0, 27.6, 27.6, 27.6, 28.26, 28.37, 28.4, 28.22, 28.26, 28.29], [27.7, 27.7, 27.7, 27.7, 27.7, 27.7, 27.7, 27.3, 27.3, 27.3, 27.3, 27.42, 27.6, 27.6, 27.6, 28.24, 28.28, 28.12, 28.17, 28.21], [27.7, 27.7, 27.45, 27.44, 27.44, 27.3, 27.3, 27.3, 27.3, 27.3, 27.49, 27.47, 27.5, 27.52, 27.49, 27.6, 27.6, 27.6, 27.96, 27.99], [27.44, 27.44, 27.56, 27.55, 27.3, 27.3, 27.3, 27.3, 27.3, 27.3, 27.43, 27.47, 27.51, 27.54, 27.56, 27.53, 27.5, 27.48, 27.47, 27.46], [27.56, 27.55, 27.55, 27.53, 27.3, 27.3, 27.3, 27.3, 27.3, 27.38, 27.42, 27.46, 27.51, 27.56, 27.59, 27.54, 27.5, 27.48, 27.46, 27.45], [27.55, 27.54, 27.53, 27.3, 27.3, 27.3, 27.3, 27.3, 27.33, 27.36, 27.42, 27.46, 27.52, 27.55, 27.54, 27.52, 27.49, 27.47, 27.45, 27.44], [27.54, 27.54, 27.41, 27.41, 27.4, 27.39, 27.37, 27.33, 27.35, 27.39, 27.43, 27.46, 27.51, 27.53, 27.5, 27.49, 27.47, 27.45, 27.44, 27.43], [27.42, 27.42, 27.42, 27.38, 27.38, 27.37, 27.37, 27.36, 27.39, 27.41, 27.43, 27.46, 27.51, 27.47, 27.47, 27.46, 27.45, 27.43, 27.43, 27.42], [27.39, 27.39, 27.39, 27.39, 27.39, 27.39, 27.38, 27.49, 27.42, 27.43, 27.45, 27.46, 27.57, 27.45, 27.44, 27.44, 27.43, 27.42, 27.41, 27.41], [27.4, 27.4, 27.4, 27.55, 27.54, 27.54, 27.53, 27.53, 27.53, 27.53, 27.54, 27.47, 27.41, 27.43, 27.43, 27.43, 27.44, 27.41, 27.39, 27.39], [27.57, 27.57, 27.57, 27.57, 27.56, 27.56, 27.56, 27.55, 27.55, 27.55, 27.56, 27.65, 27.42, 27.4, 27.4, 27.42, 27.49, 27.36, 27.36, 27.37], [27.58, 27.58, 27.58, 27.58, 27.58, 27.58, 27.58, 27.57, 27.55, 27.53, 27.57, 27.66, 27.67, 27.4, 27.39, 27.37, 27.33, 27.26, 27.33, 27.36], [27.59, 27.59, 27.6, 27.6, 27.6, 27.6, 27.6, 27.6, 27.57, 27.55, 27.64, 27.68, 27.69, 27.4, 27.38, 27.44, 27.39, 27.36, 27.34, 27.36], [27.6, 27.6, 27.61, 27.61, 27.62, 27.62, 27.63, 27.63, 27.64, 27.65, 27.71, 27.73, 27.72, 27.58, 27.52, 27.47, 27.43, 27.42, 27.42, 27.43], [27.61, 27.61, 27.62, 27.63, 27.63, 27.64, 27.66, 27.68, 27.71, 27.79, 27.81, 27.72, 27.65, 27.59, 27.56, 27.51, 27.48, 27.46, 27.45, 27.45], [27.62, 27.62, 27.63, 27.64, 27.65, 27.66, 27.68, 27.71, 27.76, 27.87, 27.92, 27.79, 27.7, 27.62, 27.59, 27.54, 27.51, 27.49, 27.48, 27.48], [27.63, 27.63, 27.64, 27.65, 27.66, 27.68, 27.7, 27.73, 27.76, 27.83, 27.88, 27.79, 27.71, 27.64, 27.61, 27.57, 27.54, 27.52, 27.5, 27.5], [27.63, 27.64, 27.65, 27.66, 27.67, 27.68, 27.71, 27.74, 27.74, 27.78, 27.79, 27.75, 27.7, 27.65, 27.63, 27.59, 27.56, 27.54, 27.52, 27.51], [27.64, 27.64, 27.65, 27.66, 27.67, 27.69, 27.71, 27.69, 27.72, 27.73, 27.74, 27.72, 27.68, 27.64, 27.63, 27.6, 27.57, 27.55, 27.54, 27.53]]}]