gis_exercise/awsData/contour/wdir_2023091408.json
[{"header": {"refTime": "2023-09-14T08:00:00.000Z", "nx": 21, "ny": 33, "lo1": 113.509, "la1": 22.2235, "lo2": 113.5947, "la2": 22.1034, "dx": 0.0042850000000001385, "dy": 0.003753125000000024, "parameterCategory": 2, "parameterCategoryName": "Temperature", "parameterNumber": 2}, "data": [-1.18, -1.18, -1.16, -0.97, -0.95, -1.27, -1.22, -1.18, -1.17, -0.95, -1.01, -1.07, -1.4, -1.44, -1.45, -1.46, -1.72, -1.72, -1.71, -1.71, -1.19, -1.18, -1.17, -1.15, -0.96, -0.94, -1.19, -1.1, -1.04, -0.91, -1.01, -1.1, -1.44, -1.48, -1.48, -1.73, -1.72, -1.71, -1.71, -1.7, -1.2, -1.19, -1.18, -1.17, -0.98, -0.95, -0.91, -1.03, -0.78, -0.88, -1.03, -1.16, -1.51, -1.53, -1.75, -1.73, -1.72, -1.71, -1.7, -1.7, -1.21, -1.2, -1.2, -1.19, -1.17, -0.98, -0.95, -0.89, -0.83, -0.92, -1.08, -1.27, -1.61, -1.55, -1.75, -1.73, -1.71, -1.7, -1.69, -1.69, -1.22, -1.22, -1.22, -1.21, -1.21, -1.03, -1.02, -0.99, -0.95, -0.96, -1.11, -1.56, -1.75, -1.59, -1.75, -1.72, -1.69, -1.68, -1.68, -1.68, -1.23, -1.23, -1.23, -1.24, -1.25, -1.27, -1.11, -1.12, -1.08, -0.98, -1.27, -1.47, -1.63, -1.89, -1.73, -1.7, -1.67, -1.66, -1.67, -1.67, -2.0, -1.24, -1.24, -1.26, -1.28, -1.31, -1.3, -1.29, -1.27, -1.16, -1.02, -1.32, -1.86, -1.89, -1.72, -1.68, -1.64, -1.63, -1.74, -1.78, -2.0, -1.98, -1.95, -1.9, -1.89, -1.25, -1.32, -1.48, -1.66, -1.1, -0.69, -1.46, -1.61, -1.91, -1.83, -1.77, -1.69, -1.66, -1.71, -1.74, -2.01, -1.98, -1.94, -1.89, -1.83, -1.84, -1.91, -1.36, -1.72, -1.2, -1.24, -1.59, -1.86, -1.73, -1.87, -1.81, -1.75, -1.73, -1.74, -1.75, -2.44, -2.39, -2.32, -1.86, -1.74, -1.66, -1.86, -2.08, -1.94, -1.78, -1.44, -1.68, -1.91, -1.76, -1.89, -1.83, -1.79, -1.77, -1.76, -1.77, -2.45, -2.41, -2.34, -2.22, -1.96, -1.2, -2.16, -2.65, -2.46, -2.13, -2.06, -1.62, -1.71, -1.69, -1.89, -1.85, -1.82, -1.8, -1.79, -1.79, -2.48, -2.45, -2.4, -2.33, -2.2, -2.14, -2.52, -2.94, -3.09, -3.13, -2.24, -2.41, -2.34, -1.63, -1.89, -1.86, -1.83, -1.62, -1.61, -1.6, -2.52, -2.5, -2.49, -2.48, -2.51, -2.68, -2.95, -3.02, -3.08, -2.95, -3.05, -2.49, -2.41, -1.69, -1.66, -1.61, -1.59, -1.58, -1.57, -1.57, -2.55, -2.55, -2.56, -2.6, -2.7, -2.91, -3.27, -3.04, -2.98, -2.93, -3.08, -2.28, -2.15, -2.05, -1.56, -1.53, -1.53, -1.53, -1.53, -1.54, -2.58, -2.6, -2.62, -2.67, -2.76, -2.89, -2.99, -2.77, -2.63, -2.51, -2.42, -1.55, -2.02, -1.89, -1.82, -1.43, -1.45, -1.47, -1.49, -1.51, -2.61, -2.63, -1.76, -1.82, -1.89, -2.52, -2.49, -2.39, -2.27, -2.21, -1.43, -1.38, -1.32, -1.03, -1.04, -1.24, -1.27, -1.3, -1.17, -1.18, -1.66, -1.67, -1.69, -1.7, -2.28, -2.21, -2.08, -1.91, -1.8, -1.82, -1.22, -1.23, -1.2, -1.14, -0.87, -0.81, -0.76, -0.71, -0.68, -0.66, -1.61, -1.61, -1.61, -1.59, -2.08, -1.93, -1.69, -1.36, -1.19, -0.94, -1.06, -1.12, -1.12, -0.86, -0.94, -0.83, -0.75, -0.7, -0.67, -0.65, -1.57, -1.56, -1.53, -2.05, -1.93, -1.73, -1.4, -0.87, -0.31, -0.72, -0.52, -0.63, -0.75, -0.84, -0.84, -0.79, -0.73, -0.68, -0.65, -0.63, -1.54, -1.51, -1.44, -1.38, -1.29, -1.15, -0.95, -0.67, -0.29, -0.41, -0.54, -0.63, -0.74, -0.81, -0.75, -0.72, -0.68, -0.65, -0.62, -0.61, -1.46, -1.43, -1.38, -1.32, -1.24, -1.13, -0.99, -0.85, -0.45, -0.51, -0.59, -0.65, -0.74, -0.69, -0.68, -0.67, -0.64, -0.62, -0.59, -0.58, -1.42, -1.39, -1.34, -1.29, -1.22, -1.13, -1.05, -0.53, -0.58, -0.62, -0.65, -0.69, -1.03, -0.65, -0.64, -0.63, -0.62, -0.59, -0.56, -0.55, -1.39, -1.36, -1.32, -0.59, -0.59, -0.6, -0.61, -0.63, -0.66, -0.68, -0.68, -0.78, -0.67, -0.61, -0.61, -0.62, -0.66, -0.58, -0.51, -0.51, -0.61, -0.61, -0.61, -0.62, -0.63, -0.64, -0.67, -0.71, -0.77, -0.79, -0.76, -0.97, -0.68, -0.63, -0.59, -0.59, -0.83, -0.44, -0.43, -0.47, -0.62, -0.62, -0.63, -0.64, -0.66, -0.68, -0.71, -0.77, -0.86, -0.93, -0.83, -0.96, -0.97, -0.62, -0.57, -0.52, -0.35, -0.16, -0.37, -0.44, -0.63, -0.64, -0.64, -0.66, -0.67, -0.7, -0.73, -0.78, -0.86, -0.92, -0.96, -0.94, -0.95, -0.62, -0.56, -0.44, -0.36, -0.32, -0.39, -0.44, -0.64, -0.65, -0.66, -0.67, -0.69, -0.71, -0.74, -0.77, -0.81, -0.82, -0.91, -0.91, -0.92, -0.52, -0.49, -0.45, -0.41, -0.39, -0.39, -0.41, -0.65, -0.65, -0.66, -0.68, -0.69, -0.71, -0.73, -0.75, -0.76, -0.86, -0.84, -0.66, -0.59, -0.51, -0.5, -0.47, -0.44, -0.43, -0.42, -0.43, -0.65, -0.66, -0.67, -0.68, -0.69, -0.71, -0.72, -0.73, -0.73, -0.8, -0.7, -0.66, -0.6, -0.53, -0.52, -0.49, -0.47, -0.45, -0.45, -0.45, -0.65, -0.66, -0.67, -0.68, -0.69, -0.7, -0.71, -0.72, -0.68, -0.68, -0.68, -0.65, -0.6, -0.54, -0.53, -0.5, -0.48, -0.47, -0.46, -0.46, -0.66, -0.66, -0.67, -0.68, -0.69, -0.7, -0.71, -0.71, -0.66, -0.66, -0.65, -0.63, -0.59, -0.54, -0.53, -0.51, -0.5, -0.49, -0.48, -0.47, -0.66, -0.66, -0.67, -0.68, -0.69, -0.69, -0.7, -0.64, -0.64, -0.64, -0.63, -0.61, -0.58, -0.54, -0.54, -0.52, -0.51, -0.5, -0.49, -0.48]}, {"header": {"refTime": "2023-09-14T08:00:00.000Z", "nx": 21, "ny": 33, "lo1": 113.509, "la1": 22.2235, "lo2": 113.5947, "la2": 22.1034, "dx": 0.0042850000000001385, "dy": 0.003753125000000024, "parameterCategory": 2, "parameterCategoryName": "Temperature", "parameterNumber": 3}, "data": [0.22, 0.21, 0.19, 0.21, 0.18, 0.28, 0.23, 0.18, 0.17, 0.18, 0.28, 0.37, 0.82, 0.89, 1.21, 1.31, 2.06, 2.11, 2.14, 2.16, 0.23, 0.22, 0.2, 0.18, 0.18, 0.14, 0.18, 0.08, 0.02, 0.09, 0.26, 0.4, 0.86, 0.93, 1.25, 2.01, 2.08, 2.13, 2.17, 2.19, 0.24, 0.23, 0.22, 0.2, 0.2, 0.15, 0.07, 0.0, -0.29, 0.03, 0.29, 0.48, 0.94, 1.0, 1.92, 2.02, 2.11, 2.18, 2.22, 2.23, 0.26, 0.25, 0.24, 0.22, 0.2, 0.2, 0.13, 0.02, -0.09, 0.14, 0.39, 0.61, 1.04, 1.24, 1.9, 2.05, 2.17, 2.25, 2.28, 2.28, 0.27, 0.27, 0.27, 0.26, 0.25, 0.27, 0.24, 0.2, 0.18, 0.32, 0.5, 1.21, 1.18, 1.25, 1.91, 2.11, 2.27, 2.35, 2.37, 2.35, 0.29, 0.29, 0.29, 0.29, 0.3, 0.3, 0.35, 0.37, 0.38, 0.38, 1.18, 1.24, 1.24, 1.68, 1.98, 2.22, 2.43, 2.52, 2.48, 2.41, 0.64, 0.31, 0.32, 0.33, 0.34, 0.37, 0.64, 0.53, 0.55, 0.95, 1.0, 1.34, 1.89, 1.89, 2.08, 2.33, 2.65, 2.77, 2.64, 2.54, 0.63, 0.63, 0.63, 0.87, 0.86, 0.59, 0.63, 0.7, 0.86, 0.89, 0.75, 1.81, 2.0, 2.06, 2.55, 2.68, 2.82, 2.88, 2.8, 2.74, 0.63, 0.62, 0.62, 0.61, 0.82, 0.83, 0.87, 0.65, 0.91, 0.98, 1.51, 1.92, 2.21, 2.07, 2.55, 2.64, 2.73, 2.77, 2.75, 2.72, 0.89, 0.87, 0.85, 0.59, 0.56, 0.72, 0.84, 0.98, 1.06, 1.0, 1.73, 2.0, 2.25, 2.09, 2.55, 2.61, 2.66, 2.7, 2.7, 2.69, 0.89, 0.87, 0.85, 0.8, 0.71, 0.42, 0.82, 1.1, 1.22, 1.17, 1.7, 1.94, 2.03, 2.02, 2.55, 2.59, 2.63, 2.65, 2.67, 2.67, 0.9, 0.88, 0.86, 0.83, 0.78, 0.76, 0.94, 1.3, 1.47, 1.72, 1.72, 2.2, 2.24, 1.95, 2.55, 2.58, 2.61, 2.56, 2.56, 2.56, 0.9, 0.89, 0.88, 0.86, 0.86, 0.88, 0.95, 1.22, 1.39, 1.26, 1.74, 2.16, 2.2, 2.23, 2.22, 2.46, 2.48, 2.49, 2.5, 2.51, 0.91, 0.91, 0.9, 0.9, 0.9, 0.9, 0.84, 1.05, 1.17, 1.18, 1.68, 2.06, 2.08, 2.09, 2.17, 2.39, 2.41, 2.43, 2.45, 2.47, 0.92, 0.92, 0.92, 0.92, 0.92, 0.93, 0.95, 1.13, 1.2, 1.23, 1.23, 1.59, 2.04, 2.04, 2.04, 2.3, 2.33, 2.37, 2.4, 2.42, 0.93, 0.93, 0.72, 0.72, 0.73, 1.1, 1.1, 1.13, 1.16, 1.18, 1.53, 1.57, 1.62, 1.83, 1.85, 2.01, 2.03, 2.04, 2.17, 2.19, 0.72, 0.73, 0.73, 0.74, 1.12, 1.11, 1.11, 1.11, 1.12, 1.14, 1.48, 1.55, 1.63, 1.71, 1.77, 1.89, 1.9, 1.9, 1.9, 1.91, 0.73, 0.74, 0.75, 0.76, 1.12, 1.11, 1.1, 1.08, 1.08, 1.13, 1.22, 1.53, 1.63, 1.76, 1.86, 1.89, 1.9, 1.9, 1.91, 1.91, 0.74, 0.75, 0.76, 1.12, 1.11, 1.1, 1.08, 1.05, 1.02, 1.11, 1.24, 1.35, 1.63, 1.73, 1.89, 1.89, 1.9, 1.9, 1.91, 1.91, 0.75, 0.76, 0.92, 0.92, 0.92, 0.93, 0.95, 0.96, 1.07, 1.14, 1.22, 1.31, 1.61, 1.68, 1.9, 1.9, 1.9, 1.91, 1.91, 1.91, 0.91, 0.92, 0.92, 0.92, 0.93, 0.94, 0.94, 0.95, 1.12, 1.16, 1.21, 1.28, 1.6, 1.9, 1.9, 1.91, 1.91, 1.91, 1.91, 1.92, 0.92, 0.92, 0.92, 0.93, 0.93, 0.94, 0.94, 0.87, 1.13, 1.15, 1.19, 1.24, 1.58, 1.91, 1.91, 1.91, 1.91, 1.92, 1.92, 1.92, 0.92, 0.92, 0.92, 0.82, 0.83, 0.84, 0.85, 0.85, 0.86, 0.86, 0.84, 1.21, 1.57, 1.91, 1.91, 1.92, 1.91, 1.92, 1.92, 1.92, 0.8, 0.8, 0.81, 0.81, 0.82, 0.82, 0.83, 0.84, 0.86, 0.86, 0.84, 1.04, 1.55, 1.65, 1.75, 1.92, 1.91, 1.93, 1.93, 1.93, 0.79, 0.8, 0.8, 0.8, 0.8, 0.81, 0.82, 0.83, 0.87, 0.9, 0.85, 1.0, 1.07, 1.64, 1.74, 1.82, 1.94, 1.95, 1.93, 1.93, 0.79, 0.79, 0.79, 0.79, 0.79, 0.79, 0.8, 0.81, 0.85, 0.88, 0.92, 0.95, 1.02, 1.63, 1.72, 1.7, 1.78, 1.8, 1.93, 1.93, 0.78, 0.78, 0.77, 0.77, 0.77, 0.77, 0.77, 0.77, 0.77, 0.76, 0.84, 0.87, 0.95, 1.38, 1.51, 1.61, 1.68, 1.71, 1.71, 1.69, 0.77, 0.77, 0.76, 0.76, 0.75, 0.75, 0.74, 0.72, 0.69, 0.73, 0.7, 0.78, 0.9, 1.02, 1.42, 1.53, 1.6, 1.64, 1.65, 1.64, 0.76, 0.76, 0.75, 0.75, 0.74, 0.73, 0.71, 0.68, 0.63, 0.6, 0.49, 0.68, 0.84, 0.96, 1.35, 1.45, 1.52, 1.57, 1.59, 1.6, 0.76, 0.75, 0.75, 0.74, 0.73, 0.71, 0.69, 0.66, 0.72, 0.62, 0.55, 0.68, 0.82, 0.93, 1.29, 1.39, 1.46, 1.51, 1.54, 1.56, 0.75, 0.75, 0.74, 0.73, 0.72, 0.7, 0.68, 0.65, 0.75, 0.7, 0.69, 0.75, 0.84, 0.93, 1.26, 1.35, 1.42, 1.47, 1.5, 1.52, 0.75, 0.74, 0.73, 0.72, 0.71, 0.7, 0.68, 0.82, 0.79, 0.77, 0.77, 0.81, 0.87, 0.93, 1.25, 1.33, 1.39, 1.43, 1.46, 1.49]}, {"header": {"refTime": "2023-09-14T08:00:00.000Z", "nx": 21, "ny": 33, "lo1": 113.509, "la1": 22.2235, "lo2": 113.5947, "la2": 22.1034, "dx": 0.0042850000000001385, "dy": 0.003753125000000024, "parameterCategory": 0, "parameterCategoryName": "Temperature", "parameterNumber": 0}, "data": [[27.16, 27.15, 27.15, 26.92, 26.92, 27.19, 27.19, 27.19, 27.19, 27.11, 27.13, 27.14, 27.39, 27.41, 27.36, 27.36, 27.47, 27.46, 27.45, 27.45], [27.16, 27.16, 27.15, 27.15, 26.93, 26.94, 27.18, 27.17, 27.16, 27.11, 27.13, 27.16, 27.41, 27.43, 27.38, 27.47, 27.46, 27.45, 27.45, 27.45], [27.16, 27.16, 27.15, 27.15, 26.92, 26.94, 26.96, 27.15, 27.12, 27.11, 27.14, 27.19, 27.44, 27.45, 27.49, 27.47, 27.46, 27.45, 27.44, 27.44], [27.17, 27.16, 27.16, 27.15, 27.14, 26.93, 26.95, 26.98, 27.0, 27.1, 27.15, 27.24, 27.48, 27.36, 27.49, 27.47, 27.45, 27.43, 27.43, 27.43], [27.17, 27.17, 27.17, 27.16, 27.15, 26.91, 26.92, 26.93, 26.92, 27.07, 27.13, 27.37, 27.5, 27.39, 27.49, 27.46, 27.43, 27.42, 27.41, 27.42], [27.18, 27.18, 27.17, 27.17, 27.16, 27.14, 26.9, 26.9, 26.88, 26.83, 27.15, 27.3, 27.42, 27.57, 27.48, 27.44, 27.4, 27.39, 27.39, 27.41], [27.22, 27.19, 27.19, 27.18, 27.17, 27.15, 26.97, 26.9, 26.88, 26.87, 26.85, 27.2, 27.54, 27.55, 27.47, 27.42, 27.36, 27.34, 27.36, 27.37], [27.23, 27.23, 27.23, 27.23, 27.22, 27.04, 27.0, 26.97, 26.97, 26.83, 26.66, 27.19, 27.2, 27.55, 27.37, 27.4, 27.35, 27.34, 27.36, 27.38], [27.17, 27.18, 27.25, 27.25, 27.26, 27.24, 27.19, 26.99, 26.84, 26.89, 26.88, 27.03, 27.1, 27.01, 27.38, 27.4, 27.38, 27.37, 27.37, 27.38], [27.4, 27.4, 27.4, 27.21, 27.24, 27.31, 27.26, 27.19, 26.72, 26.74, 27.11, 26.94, 26.99, 26.97, 27.38, 27.41, 27.4, 27.39, 27.39, 27.39], [27.4, 27.4, 27.4, 27.4, 27.4, 27.4, 27.4, 27.4, 27.26, 26.83, 26.5, 26.88, 26.93, 26.93, 27.38, 27.42, 27.41, 27.4, 27.4, 27.4], [27.4, 27.4, 27.4, 27.4, 27.4, 27.4, 27.4, 27.4, 27.4, -999.0, 26.5, 27.5, 27.5, 26.9, 27.38, 27.43, 27.42, 26.79, 26.8, 26.8], [27.4, 27.4, 27.4, 27.4, 27.4, 27.4, 27.4, 27.4, 27.4, 27.4, -999.0, 27.5, 27.5, 26.78, 27.1, 26.97, 26.98, 26.87, 26.88, 26.89], [27.4, 27.4, 27.4, 27.4, 27.4, 27.4, 27.4, 27.4, 27.4, 27.4, -999.0, 26.4, 26.4, 26.4, 27.0, 26.9, 26.91, 26.8, 26.82, 26.84], [27.4, 27.4, 27.4, 27.4, 27.4, 27.4, 27.4, 27.3, 27.3, 27.3, 27.3, 26.95, 26.4, 26.4, 26.4, 26.81, 26.84, 26.74, 26.77, 26.79], [27.4, 27.4, 27.34, 27.34, 27.33, 27.3, 27.3, 27.3, 27.3, 27.3, 26.73, 26.8, 26.71, 26.64, 26.72, 26.62, 26.65, 26.59, 26.8, 26.83], [27.34, 27.34, 27.36, 27.36, 27.3, 27.3, 27.3, 27.3, 27.3, 27.3, 26.91, 26.8, 26.68, 26.58, 26.57, 26.58, 26.64, 26.69, 26.73, 26.75], [27.36, 27.36, 27.36, 27.36, 27.3, 27.3, 27.3, 27.3, 27.3, 27.07, 26.95, 26.82, 26.68, 26.58, 26.43, 26.56, 26.65, 26.7, 26.74, 26.77], [27.36, 27.36, 27.36, 27.3, 27.3, 27.3, 27.3, 27.3, 27.22, 27.12, 27.04, 26.93, 26.76, 26.64, 26.54, 26.61, 26.68, 26.74, 26.77, 26.79], [27.36, 27.36, 27.3, 27.3, 27.3, 27.3, 27.3, 27.3, 27.22, 27.15, 27.06, 26.96, 26.8, 26.73, 26.66, 26.7, 26.75, 26.78, 26.8, 26.81], [27.3, 27.3, 27.3, 27.3, 27.3, 27.3, 27.3, 27.3, 27.16, 27.12, 27.07, 27.0, 26.84, 26.73, 26.75, 26.78, 26.81, 26.83, 26.84, 26.84], [27.3, 27.3, 27.3, 27.3, 27.3, 27.3, 27.3, 27.37, 27.14, 27.12, 27.08, 27.03, 26.89, 26.79, 26.82, 26.85, 26.88, 26.89, 26.88, 26.87], [27.3, 27.3, 27.3, 27.4, 27.4, 27.39, 27.39, 27.38, 27.38, 27.38, 27.38, 27.22, 27.11, 26.83, 26.86, 26.9, 26.94, 26.93, 26.92, 26.9], [27.42, 27.41, 27.41, 27.41, 27.4, 27.4, 27.39, 27.38, 27.37, 27.37, 27.38, 27.33, 27.12, 27.08, 27.06, 26.93, 26.98, 26.97, 26.94, 26.91], [27.42, 27.42, 27.42, 27.42, 27.41, 27.41, 27.4, 27.39, 27.36, 27.34, 27.38, 27.34, 27.32, 27.09, 27.06, 27.03, 26.97, 26.97, 26.94, 26.92], [27.43, 27.43, 27.42, 27.42, 27.42, 27.42, 27.42, 27.4, 27.38, 27.35, 27.36, 27.37, 27.35, 27.09, 27.07, 27.11, 27.07, 27.07, 26.93, 26.92], [27.43, 27.43, 27.43, 27.43, 27.43, 27.44, 27.44, 27.43, 27.43, 27.44, 27.42, 27.42, 27.39, 27.25, 27.19, 27.14, 27.11, 27.1, 27.1, 27.11], [27.44, 27.44, 27.44, 27.44, 27.45, 27.45, 27.46, 27.47, 27.49, 27.49, 27.51, 27.48, 27.43, 27.38, 27.23, 27.18, 27.15, 27.14, 27.13, 27.13], [27.44, 27.44, 27.45, 27.45, 27.46, 27.46, 27.48, 27.49, 27.53, 27.57, 27.64, 27.54, 27.46, 27.4, 27.26, 27.22, 27.18, 27.17, 27.16, 27.15], [27.44, 27.45, 27.45, 27.46, 27.46, 27.47, 27.49, 27.51, 27.51, 27.57, 27.61, 27.54, 27.47, 27.42, 27.29, 27.24, 27.21, 27.19, 27.18, 27.17], [27.45, 27.45, 27.46, 27.46, 27.47, 27.48, 27.49, 27.51, 27.5, 27.53, 27.53, 27.51, 27.46, 27.42, 27.3, 27.26, 27.23, 27.21, 27.2, 27.19], [27.45, 27.45, 27.46, 27.47, 27.47, 27.48, 27.49, 27.46, 27.48, 27.49, 27.49, 27.48, 27.45, 27.42, 27.31, 27.27, 27.25, 27.23, 27.21, 27.2]]}]