gis_exercise/awsData/contour/wdir_2023091307.json
[{"header": {"refTime": "2023-09-13T07:00:00.000Z", "nx": 21, "ny": 33, "lo1": 113.509, "la1": 22.2235, "lo2": 113.5947, "la2": 22.1034, "dx": 0.0042850000000001385, "dy": 0.003753125000000024, "parameterCategory": 2, "parameterCategoryName": "Temperature", "parameterNumber": 2}, "data": [-0.69, -0.71, -0.74, -1.16, -1.16, -1.64, -1.61, -1.59, -1.59, -1.52, -1.6, -1.69, -2.08, -2.12, -2.66, -2.73, -3.05, -3.08, -3.1, -3.11, -0.67, -0.7, -0.73, -0.77, -1.17, -1.16, -1.57, -1.51, -1.48, -1.47, -1.61, -1.73, -2.13, -2.18, -2.71, -3.03, -3.07, -3.11, -3.13, -3.14, -0.65, -0.68, -0.71, -0.75, -1.17, -1.17, -1.17, -1.44, -1.24, -1.43, -1.64, -1.82, -2.23, -2.26, -2.98, -3.04, -3.1, -3.15, -3.17, -3.18, -0.62, -0.65, -0.68, -0.72, -0.77, -1.17, -1.17, -1.17, -1.16, -1.48, -1.71, -1.97, -2.39, -2.29, -2.98, -3.07, -3.15, -3.21, -3.23, -3.22, -0.59, -0.61, -0.63, -0.68, -0.73, -1.18, -1.18, -1.18, -1.16, -1.54, -1.75, -2.31, -2.63, -2.36, -2.98, -3.11, -3.23, -3.3, -3.31, -3.28, -0.55, -0.56, -0.58, -0.61, -0.67, -0.75, -1.2, -1.2, -1.18, -1.12, -1.87, -2.16, -2.41, -2.86, -2.99, -3.18, -3.37, -3.46, -3.41, -3.34, -0.91, -0.5, -0.51, -0.53, -0.58, -0.68, -0.74, -1.26, -1.24, -1.29, -1.27, -1.89, -2.77, -2.85, -2.99, -3.24, -3.58, -3.7, -3.75, -3.7, -0.9, -0.86, -0.82, -0.84, -0.85, -0.47, -0.69, -1.02, -1.44, -1.24, -1.01, -2.12, -2.34, -2.91, -3.29, -3.47, -3.69, -3.76, -3.65, -3.57, -0.88, -0.84, -0.77, -0.69, -0.67, -0.72, -0.95, -0.79, -1.53, -1.33, -1.95, -2.46, -3.0, -2.74, -3.32, -3.43, -3.56, -3.61, -3.59, -3.54, -1.25, -1.18, -1.08, -0.6, -0.38, -0.3, -0.71, -1.16, -1.73, -1.63, -2.28, -2.69, -3.16, -2.83, -3.35, -3.41, -3.47, -3.52, -3.52, -3.51, -1.28, -1.21, -1.1, -0.91, -0.51, 0.66, -0.83, -1.61, -1.65, -1.89, -2.59, -2.6, -2.75, -2.71, -3.35, -3.39, -3.43, -3.46, -3.47, -3.47, -1.32, -1.27, -1.19, -1.08, -0.88, -0.79, -1.38, -2.09, -2.36, -2.99, -2.64, -3.05, -3.09, -2.6, -3.35, -3.37, -3.4, -3.35, -3.34, -3.34, -1.37, -1.34, -1.32, -1.3, -1.35, -1.6, -2.0, -2.19, -2.31, -2.1, -3.06, -3.01, -3.04, -2.76, -2.72, -3.21, -3.22, -3.23, -3.24, -3.25, -1.42, -1.42, -1.44, -1.49, -1.62, -1.93, -2.43, -2.16, -2.11, -2.04, -3.03, -2.88, -2.85, -2.81, -2.6, -3.04, -3.07, -3.1, -3.13, -3.16, -1.47, -1.49, -1.52, -1.59, -1.72, -1.91, -2.07, -2.49, -2.47, -2.44, -2.41, -2.14, -2.71, -2.65, -2.61, -2.85, -2.9, -2.97, -3.02, -3.07, -1.51, -1.54, -1.25, -1.32, -1.42, -2.41, -2.4, -2.37, -2.35, -2.33, -2.1, -2.08, -2.05, -2.23, -2.21, -2.44, -2.5, -2.56, -2.66, -2.72, -1.21, -1.24, -1.28, -1.34, -2.34, -2.31, -2.27, -2.22, -2.19, -2.2, -2.02, -2.02, -2.0, -1.97, -1.95, -1.88, -1.88, -1.87, -1.87, -1.86, -1.23, -1.27, -1.31, -1.35, -2.28, -2.23, -2.15, -2.04, -1.98, -1.88, -1.92, -1.98, -1.97, -1.95, -1.9, -1.88, -1.88, -1.87, -1.87, -1.86, -1.25, -1.28, -1.32, -2.27, -2.23, -2.16, -2.05, -1.88, -1.69, -1.81, -1.9, -1.94, -1.97, -1.98, -1.88, -1.88, -1.88, -1.88, -1.87, -1.86, -1.27, -1.29, -2.25, -2.22, -2.18, -2.13, -2.04, -1.91, -1.77, -1.86, -1.94, -1.97, -2.01, -2.03, -1.89, -1.89, -1.89, -1.88, -1.87, -1.86, -2.28, -2.27, -2.25, -2.23, -2.2, -2.16, -2.1, -2.04, -1.92, -1.96, -2.0, -2.02, -2.05, -1.89, -1.9, -1.91, -1.91, -1.89, -1.87, -1.86, -2.28, -2.27, -2.26, -2.25, -2.23, -2.21, -2.18, -1.82, -2.06, -2.08, -2.1, -2.09, -2.44, -1.89, -1.91, -1.93, -1.95, -1.92, -1.87, -1.84, -2.29, -2.28, -2.28, -1.75, -1.78, -1.81, -1.84, -1.89, -1.94, -1.96, -1.93, -2.41, -2.18, -1.89, -1.92, -1.97, -2.05, -1.95, -1.84, -1.82, -1.71, -1.72, -1.73, -1.75, -1.78, -1.82, -1.88, -1.97, -2.08, -2.13, -2.04, -2.19, -2.2, -2.11, -2.06, -1.97, -2.34, -1.8, -1.76, -1.78, -1.7, -1.71, -1.72, -1.74, -1.77, -1.82, -1.89, -2.02, -2.24, -2.43, -2.13, -2.15, -2.12, -2.11, -2.02, -1.94, -1.67, -1.43, -1.67, -1.74, -1.69, -1.7, -1.71, -1.73, -1.75, -1.79, -1.86, -1.97, -2.18, -2.36, -2.18, -2.04, -2.02, -2.1, -2.01, -1.59, -1.56, -1.51, -1.69, -1.74, -1.68, -1.68, -1.69, -1.7, -1.72, -1.74, -1.77, -1.82, -1.88, -1.86, -1.86, -1.82, -1.87, -1.37, -1.46, -1.51, -1.53, -1.52, -1.53, -1.54, -1.66, -1.67, -1.67, -1.67, -1.68, -1.68, -1.67, -1.65, -1.57, -1.53, -1.41, -1.25, -1.28, -1.28, -1.38, -1.45, -1.48, -1.5, -1.51, -1.51, -1.65, -1.65, -1.65, -1.64, -1.63, -1.61, -1.58, -1.5, -1.35, -1.14, -0.76, -1.04, -1.18, -1.23, -1.32, -1.4, -1.44, -1.47, -1.48, -1.49, -1.64, -1.63, -1.62, -1.61, -1.59, -1.56, -1.51, -1.42, -1.18, -0.98, -0.85, -1.01, -1.14, -1.21, -1.28, -1.35, -1.4, -1.43, -1.45, -1.47, -1.62, -1.62, -1.6, -1.59, -1.57, -1.53, -1.48, -1.4, -1.19, -1.08, -1.04, -1.08, -1.15, -1.2, -1.26, -1.32, -1.37, -1.41, -1.43, -1.44, -1.61, -1.6, -1.59, -1.57, -1.55, -1.51, -1.47, -1.28, -1.22, -1.16, -1.13, -1.15, -1.18, -1.21, -1.25, -1.31, -1.35, -1.38, -1.41, -1.42]}, {"header": {"refTime": "2023-09-13T07:00:00.000Z", "nx": 21, "ny": 33, "lo1": 113.509, "la1": 22.2235, "lo2": 113.5947, "la2": 22.1034, "dx": 0.0042850000000001385, "dy": 0.003753125000000024, "parameterCategory": 2, "parameterCategoryName": "Temperature", "parameterNumber": 3}, "data": [-0.09, -0.09, -0.08, 0.38, 0.35, 0.35, 0.29, 0.25, 0.23, 0.23, 0.32, 0.39, 0.77, 0.83, 1.18, 1.29, 2.0, 2.05, 2.09, 2.11, -0.1, -0.09, -0.08, -0.07, 0.36, 0.3, 0.26, 0.16, 0.1, 0.16, 0.3, 0.42, 0.8, 0.86, 1.22, 1.94, 2.02, 2.08, 2.12, 2.15, -0.1, -0.09, -0.08, -0.07, 0.38, 0.32, 0.23, 0.09, -0.18, 0.1, 0.33, 0.48, 0.86, 0.91, 1.83, 1.95, 2.06, 2.13, 2.18, 2.19, -0.11, -0.1, -0.09, -0.07, -0.05, 0.37, 0.3, 0.17, 0.06, 0.2, 0.41, 0.58, 0.93, 1.16, 1.81, 1.99, 2.12, 2.21, 2.25, 2.25, -0.12, -0.11, -0.1, -0.07, -0.04, 0.44, 0.42, 0.37, 0.35, 0.37, 0.52, 1.12, 1.02, 1.15, 1.82, 2.06, 2.24, 2.34, 2.35, 2.33, -0.14, -0.13, -0.12, -0.09, -0.04, 0.03, 0.54, 0.56, 0.57, 0.58, 1.18, 1.18, 1.13, 1.62, 1.91, 2.18, 2.42, 2.53, 2.48, 2.4, 0.66, -0.16, -0.15, -0.12, -0.07, 0.03, 0.44, 0.73, 0.76, 1.11, 1.15, 1.34, 1.88, 1.88, 2.02, 2.3, 2.67, 2.81, 2.71, 2.61, 0.64, 0.61, 0.56, 0.77, 0.76, 0.18, 0.38, 0.68, 1.06, 1.07, 0.94, 1.9, 2.08, 2.1, 2.67, 2.78, 2.92, 2.97, 2.9, 2.85, 0.64, 0.59, 0.52, 0.43, 0.58, 0.62, 0.84, 0.48, 1.41, 1.14, 1.68, 2.07, 2.41, 2.25, 2.68, 2.76, 2.84, 2.87, 2.85, 2.83, 1.35, 1.26, 1.14, 0.35, 0.12, 0.18, 0.64, 1.15, 1.81, 1.7, 1.91, 2.2, 2.49, 2.29, 2.69, 2.73, 2.78, 2.81, 2.81, 2.8, 1.37, 1.29, 1.16, 0.94, 0.47, -0.92, 0.88, 1.87, 1.89, 2.12, 2.49, 2.13, 2.23, 2.21, 2.69, 2.72, 2.75, 2.77, 2.78, 2.78, 1.41, 1.35, 1.26, 1.12, 0.89, 0.78, 1.51, 2.5, 2.91, 3.24, 2.65, 2.89, 2.83, 2.14, 2.69, 2.71, 2.73, 2.63, 2.63, 2.62, 1.47, 1.44, 1.4, 1.38, 1.42, 1.68, 2.13, 2.54, 2.79, 2.48, 3.14, 2.94, 2.88, 2.28, 2.26, 2.53, 2.53, 2.54, 2.55, 2.56, 1.53, 1.53, 1.54, 1.58, 1.72, 2.03, 2.47, 2.37, 2.42, 2.35, 3.12, 2.8, 2.7, 2.61, 2.17, 2.41, 2.43, 2.46, 2.48, 2.5, 1.59, 1.6, 1.64, 1.71, 1.84, 2.03, 2.2, 2.83, 2.88, 2.89, 2.87, 2.49, 2.57, 2.47, 2.41, 2.28, 2.32, 2.37, 2.41, 2.44, 1.64, 1.66, 1.3, 1.38, 1.48, 2.75, 2.75, 2.76, 2.77, 2.77, 2.47, 2.38, 2.26, 2.0, 1.97, 2.21, 2.3, 2.38, 2.5, 2.56, 1.28, 1.31, 1.36, 1.43, 2.72, 2.7, 2.67, 2.64, 2.63, 2.65, 2.37, 2.28, 2.15, 2.0, 1.9, 1.92, 2.02, 2.1, 2.15, 2.19, 1.32, 1.36, 1.41, 1.47, 2.68, 2.64, 2.58, 2.5, 2.46, 2.14, 2.1, 2.23, 2.09, 1.9, 1.68, 1.89, 2.04, 2.13, 2.18, 2.22, 1.35, 1.39, 1.44, 2.68, 2.65, 2.6, 2.51, 2.37, 2.16, 2.14, 1.89, 1.82, 2.1, 2.0, 1.88, 1.98, 2.1, 2.18, 2.23, 2.25, 1.38, 1.42, 2.13, 2.13, 2.12, 2.12, 2.12, 2.12, 2.04, 1.95, 1.87, 1.81, 2.19, 2.16, 2.07, 2.13, 2.21, 2.26, 2.29, 2.29, 2.11, 2.11, 2.1, 2.09, 2.09, 2.08, 2.08, 2.07, 1.92, 1.88, 1.84, 1.8, 2.29, 2.19, 2.22, 2.28, 2.33, 2.36, 2.35, 2.34, 2.09, 2.08, 2.07, 2.06, 2.05, 2.04, 2.02, 1.59, 1.83, 1.81, 1.79, 1.77, 2.16, 2.29, 2.34, 2.42, 2.48, 2.46, 2.41, 2.37, 2.07, 2.06, 2.05, 1.42, 1.44, 1.46, 1.47, 1.48, 1.47, 1.45, 1.42, 2.2, 2.2, 2.35, 2.43, 2.54, 2.67, 2.57, 2.44, 2.39, 1.36, 1.36, 1.37, 1.38, 1.38, 1.39, 1.4, 1.4, 1.41, 1.4, 1.37, 1.65, 2.17, 2.3, 2.42, 2.58, 3.0, 2.49, 2.4, 2.38, 1.33, 1.33, 1.33, 1.33, 1.33, 1.33, 1.33, 1.34, 1.38, 1.43, 1.33, 1.56, 1.71, 2.27, 2.38, 2.46, 2.37, 2.16, 2.33, 2.36, 1.3, 1.3, 1.29, 1.29, 1.28, 1.27, 1.27, 1.27, 1.32, 1.38, 1.41, 1.45, 1.59, 2.23, 2.32, 2.16, 2.19, 2.17, 2.33, 2.35, 1.28, 1.27, 1.26, 1.25, 1.23, 1.21, 1.19, 1.17, 1.16, 1.13, 1.23, 1.29, 1.44, 1.71, 1.9, 2.03, 2.09, 2.11, 2.12, 2.11, 1.25, 1.24, 1.23, 1.21, 1.18, 1.15, 1.11, 1.06, 0.97, 0.97, 0.91, 0.8, 0.92, 1.02, 1.76, 1.9, 1.99, 2.03, 2.05, 2.05, 1.23, 1.22, 1.2, 1.17, 1.14, 1.1, 1.05, 0.96, 0.83, 0.69, 0.37, 0.64, 0.83, 0.95, 1.65, 1.79, 1.89, 1.95, 1.98, 2.0, 1.21, 1.2, 1.17, 1.15, 1.11, 1.07, 1.0, 0.91, 0.73, 0.56, 0.45, 0.63, 0.79, 0.92, 1.57, 1.71, 1.81, 1.88, 1.92, 1.94, 1.2, 1.18, 1.16, 1.13, 1.09, 1.05, 0.99, 0.91, 0.75, 0.67, 0.64, 0.71, 0.81, 0.91, 1.52, 1.65, 1.75, 1.81, 1.86, 1.89, 1.18, 1.16, 1.14, 1.11, 1.08, 1.04, 0.99, 0.85, 0.8, 0.76, 0.75, 0.79, 0.85, 0.92, 1.5, 1.61, 1.7, 1.77, 1.81, 1.85]}, {"header": {"refTime": "2023-09-13T07:00:00.000Z", "nx": 21, "ny": 33, "lo1": 113.509, "la1": 22.2235, "lo2": 113.5947, "la2": 22.1034, "dx": 0.0042850000000001385, "dy": 0.003753125000000024, "parameterCategory": 0, "parameterCategoryName": "Temperature", "parameterNumber": 0}, "data": [[26.89, 26.89, 26.88, 26.7, 26.7, 26.92, 26.91, 26.91, 26.91, 26.85, 26.87, 26.89, 27.07, 27.09, 27.06, 27.06, 27.14, 27.13, 27.13, 27.12], [26.89, 26.89, 26.88, 26.88, 26.7, 26.71, 26.9, 26.89, 26.88, 26.84, 26.87, 26.9, 27.09, 27.1, 27.08, 27.15, 27.14, 27.13, 27.12, 27.12], [26.9, 26.89, 26.89, 26.88, 26.7, 26.71, 26.72, 26.87, 26.82, 26.83, 26.88, 26.93, 27.12, 27.13, 27.16, 27.15, 27.13, 27.12, 27.12, 27.11], [26.9, 26.9, 26.89, 26.89, 26.88, 26.71, 26.72, 26.73, 26.75, 26.84, 26.89, 26.98, 27.17, 27.08, 27.17, 27.14, 27.12, 27.11, 27.11, 27.11], [26.91, 26.9, 26.9, 26.89, 26.88, 26.7, 26.7, 26.71, 26.7, 26.83, 26.89, 27.09, 27.21, 27.11, 27.16, 27.13, 27.11, 27.1, 27.09, 27.1], [26.91, 26.91, 26.91, 26.9, 26.89, 26.88, 26.7, 26.69, 26.68, 26.64, 26.9, 27.02, 27.13, 27.23, 27.15, 27.12, 27.08, 27.07, 27.08, 27.09], [26.97, 26.92, 26.92, 26.92, 26.91, 26.9, 26.77, 26.7, 26.69, 26.67, 26.66, 26.92, 27.19, 27.2, 27.13, 27.1, 27.05, 27.03, 27.06, 27.07], [26.97, 26.97, 26.97, 26.97, 26.97, 26.82, 26.79, 26.77, 26.77, 26.65, 26.51, 26.88, 26.89, 27.2, 27.04, 27.05, 27.03, 27.02, 27.03, 27.04], [26.93, 26.93, 26.99, 26.99, 26.99, 26.98, 26.94, 26.78, 26.67, 26.69, 26.67, 26.77, 26.82, 26.76, 27.04, 27.05, 27.04, 27.03, 27.04, 27.04], [27.1, 27.1, 27.1, 26.96, 26.98, 27.03, 27.0, 26.94, 26.57, 26.59, 26.83, 26.71, 26.75, 26.73, 27.04, 27.06, 27.05, 27.04, 27.04, 27.05], [27.1, 27.1, 27.1, 27.1, 27.1, 27.1, 27.1, 27.1, 26.99, 26.66, 26.4, 26.67, 26.7, 26.7, 27.04, 27.06, 27.05, 27.05, 27.05, 27.05], [27.1, 27.1, 27.1, 27.1, 27.1, 27.1, 27.1, 27.1, 27.1, -999.0, 26.4, 27.1, 27.1, 26.68, 27.04, 27.06, 27.06, 26.49, 26.5, 26.5], [27.1, 27.1, 27.1, 27.1, 27.1, 27.1, 27.1, 27.1, 27.1, 27.1, -999.0, 27.1, 27.1, 26.45, 26.73, 26.67, 26.68, 26.57, 26.58, 26.59], [27.1, 27.1, 27.1, 27.1, 27.1, 27.1, 27.1, 27.1, 27.1, 27.1, -999.0, 26.1, 26.1, 26.1, 26.65, 26.6, 26.61, 26.5, 26.52, 26.54], [27.1, 27.1, 27.1, 27.1, 27.1, 27.1, 27.1, 27.2, 27.2, 27.2, 27.2, 26.78, 26.1, 26.1, 26.1, 26.51, 26.54, 26.44, 26.47, 26.49], [27.1, 27.1, 27.16, 27.16, 27.17, 27.2, 27.2, 27.2, 27.2, 27.2, 26.51, 26.59, 26.48, 26.39, 26.49, 26.43, 26.48, 26.39, 26.58, 26.61], [27.16, 27.16, 27.14, 27.14, 27.2, 27.2, 27.2, 27.2, 27.2, 27.2, 26.73, 26.59, 26.45, 26.31, 26.33, 26.35, 26.44, 26.51, 26.56, 26.6], [27.14, 27.14, 27.14, 27.14, 27.2, 27.2, 27.2, 27.2, 27.2, 26.92, 26.77, 26.61, 26.44, 26.34, 26.13, 26.32, 26.45, 26.53, 26.59, 26.62], [27.14, 27.14, 27.14, 27.2, 27.2, 27.2, 27.2, 27.2, 27.1, 26.99, 26.86, 26.73, 26.56, 26.42, 26.31, 26.4, 26.5, 26.58, 26.62, 26.65], [27.14, 27.14, 27.14, 27.15, 27.15, 27.15, 27.16, 27.18, 27.09, 26.99, 26.88, 26.76, 26.63, 26.54, 26.47, 26.52, 26.59, 26.64, 26.67, 26.69], [27.14, 27.14, 27.14, 27.16, 27.16, 27.16, 27.17, 27.17, 27.01, 26.96, 26.89, 26.8, 26.69, 26.58, 26.6, 26.64, 26.69, 26.72, 26.73, 26.73], [27.15, 27.15, 27.15, 27.16, 27.16, 27.16, 27.16, 27.15, 26.97, 26.94, 26.9, 26.84, 26.71, 26.66, 26.7, 26.74, 26.78, 26.79, 26.78, 26.77], [27.15, 27.15, 27.15, 27.14, 27.14, 27.14, 27.14, 27.14, 27.13, 27.13, 27.13, 27.1, 27.01, 26.72, 26.76, 26.82, 26.87, 26.86, 26.83, 26.8], [27.14, 27.14, 27.14, 27.13, 27.13, 27.13, 27.13, 27.13, 27.12, 27.12, 27.12, 27.08, 27.01, 26.99, 26.98, 26.86, 26.95, 26.9, 26.86, 26.82], [27.13, 27.13, 27.13, 27.13, 27.13, 27.13, 27.12, 27.12, 27.11, 27.11, 27.11, 27.08, 27.07, 27.0, 26.98, 26.97, 26.89, 26.89, 26.86, 26.83], [27.13, 27.13, 27.13, 27.13, 27.13, 27.12, 27.12, 27.12, 27.11, 27.11, 27.09, 27.08, 27.07, 27.0, 26.98, 26.97, 26.96, 26.95, 26.85, 26.83], [27.13, 27.13, 27.13, 27.13, 27.13, 27.12, 27.12, 27.12, 27.11, 27.11, 27.09, 27.08, 27.08, 27.0, 26.99, 26.98, 26.97, 26.97, 26.97, 26.97], [27.13, 27.13, 27.13, 27.13, 27.12, 27.12, 27.12, 27.12, 27.11, 27.09, 27.09, 27.07, 27.06, 27.04, 27.0, 26.99, 26.98, 26.98, 26.97, 26.97], [27.13, 27.13, 27.13, 27.12, 27.12, 27.12, 27.12, 27.11, 27.11, 27.09, 27.09, 27.08, 27.06, 27.05, 27.01, 26.99, 26.99, 26.98, 26.98, 26.98], [27.13, 27.13, 27.13, 27.12, 27.12, 27.12, 27.12, 27.11, 27.08, 27.08, 27.09, 27.08, 27.06, 27.05, 27.01, 27.0, 26.99, 26.99, 26.99, 26.98], [27.13, 27.13, 27.12, 27.12, 27.12, 27.12, 27.12, 27.12, 27.07, 27.08, 27.08, 27.07, 27.06, 27.05, 27.01, 27.0, 27.0, 26.99, 26.99, 26.99], [27.13, 27.13, 27.12, 27.12, 27.12, 27.12, 27.12, 27.07, 27.07, 27.07, 27.07, 27.06, 27.06, 27.05, 27.02, 27.01, 27.0, 27.0, 26.99, 26.99]]}]