gis_exercise/awsData/contour/wdir_2023090703.json
[{"header": {"refTime": "2023-09-07T03:00:00.000Z", "nx": 21, "ny": 33, "lo1": 113.509, "la1": 22.2235, "lo2": 113.5947, "la2": 22.1034, "dx": 0.0042850000000001385, "dy": 0.003753125000000024, "parameterCategory": 2, "parameterCategoryName": "Temperature", "parameterNumber": 2}, "data": [1.5, 1.48, 1.46, 1.12, 1.1, 1.2, 1.17, 1.14, 1.12, 0.9, 0.91, 0.93, 1.6, 1.65, 1.65, 1.73, 2.49, 2.53, 2.57, 2.59, 1.51, 1.49, 1.47, 1.44, 1.11, 1.09, 1.16, 1.09, 1.05, 0.89, 0.91, 0.94, 1.6, 1.65, 1.66, 2.43, 2.5, 2.55, 2.59, 2.61, 1.52, 1.51, 1.49, 1.46, 1.13, 1.1, 1.06, 1.06, 0.9, 0.88, 0.92, 0.95, 1.6, 1.65, 2.32, 2.43, 2.52, 2.59, 2.62, 2.64, 1.54, 1.53, 1.52, 1.5, 1.46, 1.13, 1.1, 1.04, 0.98, 0.89, 0.93, 0.99, 1.56, 1.6, 2.29, 2.46, 2.57, 2.64, 2.67, 2.68, 1.56, 1.56, 1.55, 1.53, 1.51, 1.18, 1.16, 1.14, 1.11, 0.89, 0.93, 1.52, 1.35, 1.57, 2.31, 2.52, 2.65, 2.72, 2.74, 2.73, 1.58, 1.58, 1.58, 1.58, 1.57, 1.56, 1.25, 1.26, 1.23, 1.14, 1.59, 1.63, 1.55, 2.06, 2.42, 2.62, 2.78, 2.85, 2.82, 2.78, 2.13, 1.61, 1.62, 1.62, 1.63, 1.63, 1.6, 1.42, 1.41, 1.64, 1.61, 1.91, 2.49, 2.4, 2.58, 2.73, 2.94, 3.02, 2.77, 2.66, 2.13, 2.12, 2.11, 1.95, 1.95, 1.63, 1.63, 1.69, 1.87, 1.53, 1.09, 2.58, 2.84, 2.62, 3.06, 3.09, 3.12, 3.14, 3.12, 3.1, 2.14, 2.13, 2.12, 2.1, 1.94, 1.94, 1.95, 1.64, 1.62, 1.71, 1.94, 2.46, 2.62, 2.55, 3.02, 3.06, 3.09, 3.1, 3.1, 3.09, 2.19, 2.18, 2.16, 2.1, 2.06, 1.93, 1.95, 1.96, 1.62, 1.51, 2.17, 2.4, 2.53, 2.49, 3.0, 3.04, 3.07, 3.08, 3.09, 3.08, 2.19, 2.18, 2.17, 2.14, 2.08, 1.91, 2.1, 2.15, 1.99, 1.64, 1.84, 2.35, 2.43, 2.44, 2.99, 3.03, 3.05, 3.07, 3.07, 3.08, 2.2, 2.2, 2.19, 2.17, 2.15, 2.13, 2.19, 2.17, 2.14, 2.32, 1.88, 2.67, 2.71, 2.39, 3.0, 3.02, 3.04, 2.69, 2.7, 2.7, 2.21, 2.21, 2.21, 2.22, 2.24, 2.3, 2.38, 2.25, 2.18, 2.2, 2.38, 2.63, 2.68, 2.69, 2.67, 2.6, 2.61, 2.63, 2.65, 2.65, 2.22, 2.23, 2.24, 2.26, 2.3, 2.39, 2.59, 2.36, 2.26, 2.23, 2.39, 2.24, 2.25, 2.26, 2.6, 2.53, 2.55, 2.57, 2.59, 2.61, 2.23, 2.24, 2.25, 2.27, 2.31, 2.37, 2.4, 2.06, 1.93, 1.84, 1.77, 1.59, 2.22, 2.22, 2.22, 2.46, 2.48, 2.52, 2.55, 2.57, 2.24, 2.25, 1.8, 1.82, 1.85, 1.91, 1.89, 1.81, 1.72, 1.66, 1.46, 1.54, 1.64, 1.83, 1.88, 2.04, 2.02, 2.0, 2.14, 2.15, 1.72, 1.73, 1.73, 1.72, 1.75, 1.71, 1.62, 1.51, 1.43, 1.43, 1.36, 1.5, 1.65, 1.8, 1.79, 1.77, 1.66, 1.57, 1.51, 1.46, 1.68, 1.67, 1.66, 1.63, 1.62, 1.52, 1.37, 1.16, 1.05, 1.19, 1.39, 1.45, 1.65, 1.78, 2.04, 1.81, 1.65, 1.55, 1.48, 1.43, 1.65, 1.63, 1.6, 1.59, 1.52, 1.39, 1.19, 0.86, 0.58, 1.0, 0.88, 1.09, 1.47, 1.68, 1.83, 1.72, 1.58, 1.49, 1.43, 1.4, 1.61, 1.59, 1.14, 1.1, 1.05, 0.96, 0.84, 0.69, 0.54, 0.68, 0.85, 1.02, 1.4, 1.53, 1.63, 1.56, 1.48, 1.41, 1.37, 1.35, 1.14, 1.11, 1.08, 1.04, 0.99, 0.92, 0.84, 0.75, 0.65, 0.72, 0.83, 0.96, 1.33, 1.5, 1.47, 1.42, 1.36, 1.32, 1.3, 1.3, 1.1, 1.07, 1.04, 1.0, 0.95, 0.89, 0.83, 0.3, 0.68, 0.72, 0.8, 0.89, 1.27, 1.4, 1.36, 1.31, 1.26, 1.24, 1.23, 1.24, 1.06, 1.04, 1.0, 0.27, 0.27, 0.28, 0.29, 0.29, 0.3, 0.3, 0.29, 0.62, 0.79, 1.32, 1.28, 1.23, 1.19, 1.16, 1.17, 1.19, 0.25, 0.25, 0.26, 0.26, 0.26, 0.27, 0.28, 0.29, 0.3, 0.31, 0.29, 0.49, 0.77, 0.85, 0.91, 1.17, 1.19, 1.06, 1.1, 1.15, 0.25, 0.25, 0.25, 0.25, 0.25, 0.26, 0.27, 0.28, 0.32, 0.35, 0.29, 0.45, 0.52, 0.83, 0.9, 0.95, 1.03, 0.95, 1.07, 1.13, 0.24, 0.24, 0.24, 0.24, 0.24, 0.25, 0.25, 0.27, 0.3, 0.33, 0.38, 0.41, 0.47, 0.82, 0.87, 0.83, 0.86, 0.86, 1.09, 1.14, 0.23, 0.23, 0.23, 0.23, 0.23, 0.23, 0.23, 0.23, 0.24, 0.23, 0.31, 0.35, 0.41, 0.62, 0.71, 0.77, 0.81, 0.82, 0.82, 0.81, 0.23, 0.23, 0.22, 0.22, 0.22, 0.21, 0.2, 0.19, 0.17, 0.22, 0.2, 0.18, 0.24, 0.3, 0.65, 0.71, 0.76, 0.78, 0.79, 0.79, 0.22, 0.22, 0.22, 0.21, 0.2, 0.2, 0.18, 0.16, 0.12, 0.11, -0.01, 0.11, 0.2, 0.27, 0.59, 0.66, 0.71, 0.74, 0.75, 0.76, 0.22, 0.21, 0.21, 0.2, 0.2, 0.18, 0.17, 0.14, 0.14, 0.07, 0.03, 0.11, 0.19, 0.25, 0.56, 0.62, 0.67, 0.7, 0.72, 0.73, 0.21, 0.21, 0.2, 0.2, 0.19, 0.18, 0.16, 0.14, 0.16, 0.12, 0.11, 0.15, 0.2, 0.25, 0.53, 0.59, 0.64, 0.67, 0.69, 0.71, 0.21, 0.21, 0.2, 0.19, 0.18, 0.17, 0.16, 0.2, 0.18, 0.16, 0.16, 0.18, 0.21, 0.25, 0.53, 0.58, 0.62, 0.65, 0.67, 0.69]}, {"header": {"refTime": "2023-09-07T03:00:00.000Z", "nx": 21, "ny": 33, "lo1": 113.509, "la1": 22.2235, "lo2": 113.5947, "la2": 22.1034, "dx": 0.0042850000000001385, "dy": 0.003753125000000024, "parameterCategory": 2, "parameterCategoryName": "Temperature", "parameterNumber": 3}, "data": [-0.18, -0.17, -0.16, -0.12, -0.1, -0.24, -0.19, -0.15, -0.13, 0.08, 0.03, -0.01, 0.08, 0.07, 0.0, 0.02, 0.15, 0.18, 0.19, 0.2, -0.18, -0.18, -0.17, -0.16, -0.11, -0.07, -0.17, -0.07, -0.02, 0.11, 0.04, -0.03, 0.04, 0.04, -0.02, 0.13, 0.16, 0.18, 0.2, 0.21, -0.19, -0.18, -0.18, -0.17, -0.13, -0.09, -0.02, -0.02, 0.23, 0.14, 0.02, -0.07, -0.01, -0.01, 0.07, 0.12, 0.17, 0.2, 0.22, 0.23, -0.19, -0.19, -0.19, -0.19, -0.18, -0.13, -0.08, 0.01, 0.1, 0.1, -0.02, -0.15, -0.12, -0.09, 0.05, 0.13, 0.19, 0.22, 0.24, 0.24, -0.2, -0.2, -0.21, -0.21, -0.22, -0.19, -0.17, -0.14, -0.1, 0.05, -0.06, -0.14, -0.35, -0.13, 0.06, 0.16, 0.23, 0.26, 0.27, 0.27, -0.2, -0.21, -0.21, -0.23, -0.25, -0.28, -0.29, -0.3, -0.27, -0.19, 0.1, -0.02, -0.17, -0.12, 0.12, 0.21, 0.28, 0.31, 0.3, 0.29, -0.21, -0.21, -0.22, -0.23, -0.27, -0.33, -0.44, -0.5, -0.49, -0.12, 0.1, 0.23, 0.1, 0.03, 0.21, 0.27, 0.35, 0.38, 0.2, 0.13, -0.19, -0.19, -0.2, -0.47, -0.49, -0.32, -0.43, -0.66, -0.82, -0.12, 0.18, 0.44, 0.45, 0.12, 0.33, 0.36, 0.4, 0.41, 0.39, 0.37, -0.17, -0.16, -0.16, -0.16, -0.4, -0.43, -0.55, -0.5, -0.67, -0.13, 0.27, 0.27, 0.13, 0.2, 0.29, 0.33, 0.36, 0.38, 0.37, 0.37, -0.06, -0.05, -0.05, -0.1, -0.08, -0.25, -0.4, -0.57, -0.6, -0.51, 0.23, 0.16, 0.04, 0.15, 0.26, 0.31, 0.34, 0.35, 0.36, 0.35, -0.06, -0.05, -0.04, -0.02, 0.01, 0.12, -0.06, -0.23, -0.62, -0.57, -0.25, 0.18, 0.15, 0.17, 0.26, 0.29, 0.32, 0.33, 0.34, 0.34, -0.06, -0.05, -0.04, -0.02, -0.0, 0.0, -0.1, -0.36, -0.5, -0.39, -0.31, -0.1, -0.05, 0.19, 0.27, 0.29, 0.31, 0.06, 0.07, 0.07, -0.06, -0.05, -0.04, -0.02, -0.01, 0.01, 0.01, -0.25, -0.41, -0.31, -0.31, -0.14, -0.09, 0.07, 0.06, -0.02, 0.0, 0.02, 0.03, 0.04, -0.06, -0.05, -0.04, -0.03, -0.01, 0.05, 0.19, -0.07, -0.22, -0.24, -0.29, -0.42, -0.39, -0.37, 0.02, -0.05, -0.03, -0.01, 0.0, 0.01, -0.06, -0.05, -0.04, -0.03, -0.02, 0.01, 0.02, -0.06, -0.14, -0.17, -0.17, -0.33, -0.38, -0.36, -0.34, -0.08, -0.06, -0.04, -0.03, -0.01, -0.06, -0.06, 0.19, 0.19, 0.19, -0.03, -0.03, -0.06, -0.09, -0.11, -0.29, -0.28, -0.28, -0.16, -0.18, -0.15, -0.13, -0.11, 0.06, 0.09, 0.18, 0.18, 0.18, 0.18, -0.04, -0.04, -0.03, -0.03, -0.04, -0.06, -0.23, -0.25, -0.26, -0.26, -0.16, 0.01, 0.1, 0.18, 0.23, 0.27, 0.18, 0.18, 0.18, 0.18, -0.04, -0.03, -0.02, 0.0, 0.01, 0.07, 0.03, -0.22, -0.24, -0.15, -0.24, -0.02, 0.11, 0.2, 0.25, 0.29, 0.18, 0.18, 0.18, -0.05, -0.04, -0.02, 0.0, 0.04, 0.1, 0.07, 0.0, -0.04, -0.06, -0.12, -0.04, 0.05, 0.16, 0.24, 0.29, 0.32, 0.18, 0.17, 0.16, 0.16, 0.15, 0.15, 0.14, 0.13, 0.07, 0.04, 0.01, -0.03, -0.03, -0.06, 0.13, 0.18, 0.25, 0.31, 0.34, 0.37, 0.16, 0.16, 0.16, 0.15, 0.15, 0.14, 0.14, 0.13, 0.05, 0.03, 0.01, -0.02, -0.0, 0.24, 0.26, 0.3, 0.34, 0.38, 0.4, 0.41, 0.16, 0.15, 0.15, 0.15, 0.15, 0.14, 0.14, 0.02, 0.04, 0.03, 0.01, -0.01, 0.02, 0.32, 0.35, 0.39, 0.42, 0.45, 0.46, 0.46, 0.15, 0.15, 0.15, -0.02, -0.02, -0.01, -0.0, 0.0, 0.01, 0.0, -0.01, 0.14, 0.43, 0.38, 0.41, 0.45, 0.46, 0.5, 0.52, 0.5, -0.04, -0.04, -0.04, -0.03, -0.03, -0.02, -0.02, -0.01, 0.01, 0.01, -0.01, 0.01, 0.42, 0.48, 0.52, 0.49, 0.4, 0.62, 0.59, 0.54, -0.05, -0.05, -0.05, -0.04, -0.04, -0.04, -0.03, -0.01, 0.02, 0.05, -0.0, -0.01, 0.0, 0.48, 0.53, 0.58, 0.67, 0.78, 0.63, 0.57, -0.05, -0.05, -0.05, -0.05, -0.05, -0.05, -0.05, -0.03, 0.0, 0.03, -0.01, -0.03, -0.03, 0.48, 0.53, 0.51, 0.6, 0.64, 0.61, 0.57, -0.06, -0.06, -0.06, -0.06, -0.07, -0.07, -0.07, -0.07, -0.06, -0.07, -0.08, -0.08, -0.06, 0.28, 0.38, 0.46, 0.52, 0.55, 0.55, 0.52, -0.07, -0.07, -0.07, -0.08, -0.08, -0.09, -0.09, -0.11, -0.13, -0.16, -0.19, -0.03, 0.07, 0.18, 0.32, 0.4, 0.46, 0.49, 0.49, 0.49, -0.07, -0.08, -0.08, -0.09, -0.09, -0.1, -0.12, -0.14, -0.18, -0.25, -0.29, -0.12, 0.02, 0.13, 0.27, 0.35, 0.4, 0.43, 0.45, 0.45, -0.08, -0.08, -0.09, -0.09, -0.1, -0.11, -0.13, -0.16, -0.09, -0.18, -0.24, -0.12, -0.0, 0.1, 0.23, 0.3, 0.36, 0.39, 0.41, 0.42, -0.08, -0.09, -0.09, -0.1, -0.11, -0.12, -0.14, -0.16, -0.06, -0.11, -0.12, -0.07, 0.01, 0.1, 0.21, 0.27, 0.32, 0.36, 0.38, 0.39, -0.09, -0.09, -0.1, -0.1, -0.11, -0.13, -0.14, 0.0, -0.03, -0.05, -0.04, -0.01, 0.04, 0.1, 0.2, 0.26, 0.3, 0.33, 0.35, 0.37]}, {"header": {"refTime": "2023-09-07T03:00:00.000Z", "nx": 21, "ny": 33, "lo1": 113.509, "la1": 22.2235, "lo2": 113.5947, "la2": 22.1034, "dx": 0.0042850000000001385, "dy": 0.003753125000000024, "parameterCategory": 0, "parameterCategoryName": "Temperature", "parameterNumber": 0}, "data": [[28.19, 28.18, 28.18, 27.97, 27.97, 28.31, 28.3, 28.29, 28.3, 28.28, 28.32, 28.37, 28.59, 28.62, 28.66, 28.66, 28.76, 28.75, 28.74, 28.74], [28.19, 28.19, 28.18, 28.17, 27.97, 27.98, 28.28, 28.25, 28.24, 28.25, 28.32, 28.4, 28.63, 28.65, 28.68, 28.78, 28.76, 28.75, 28.74, 28.73], [28.2, 28.19, 28.18, 28.18, 27.97, 27.98, 28.0, 28.22, 28.13, 28.23, 28.34, 28.45, 28.69, 28.7, 28.8, 28.78, 28.75, 28.74, 28.73, 28.72], [28.2, 28.2, 28.19, 28.18, 28.17, 27.98, 27.99, 28.01, 28.03, 28.25, 28.38, 28.54, 28.79, 28.69, 28.81, 28.77, 28.74, 28.73, 28.72, 28.71], [28.21, 28.2, 28.2, 28.19, 28.18, 27.96, 27.97, 27.98, 27.97, 28.27, 28.39, 28.71, 28.93, 28.74, 28.81, 28.76, 28.72, 28.7, 28.7, 28.7], [28.22, 28.21, 28.21, 28.2, 28.19, 28.17, 27.96, 27.95, 27.94, 27.91, 28.4, 28.59, 28.78, 28.9, 28.78, 28.73, 28.69, 28.68, 28.68, 28.69], [28.28, 28.23, 28.22, 28.22, 28.21, 28.19, 28.05, 27.95, 27.93, 27.96, 27.96, 28.4, 28.76, 28.79, 28.74, 28.7, 28.65, 28.64, 28.69, 28.72], [28.29, 28.29, 28.29, 28.29, 28.28, 28.12, 28.07, 28.02, 28.0, 27.93, 27.82, 28.25, 28.26, 28.8, 28.56, 28.55, 28.57, 28.58, 28.57, 28.56], [28.21, 28.22, 28.31, 28.32, 28.32, 28.3, 28.24, 28.05, 27.9, 27.98, 28.01, 28.13, 28.18, 28.11, 28.56, 28.55, 28.56, 28.57, 28.56, 28.56], [28.5, 28.5, 28.5, 28.27, 28.3, 28.39, 28.33, 28.24, 27.83, 27.85, 28.19, 28.05, 28.1, 28.07, 28.56, 28.54, 28.55, 28.56, 28.56, 28.55], [28.5, 28.5, 28.5, 28.5, 28.5, 28.5, 28.5, 28.5, 28.32, 27.9, 27.7, 28.0, 28.04, 28.04, 28.56, 28.54, 28.55, 28.55, 28.55, 28.55], [28.5, 28.5, 28.5, 28.5, 28.5, 28.5, 28.5, 28.5, 28.5, -999.0, 27.7, 28.5, 28.5, 28.02, 28.56, 28.54, 28.54, 27.75, 27.77, 27.77], [28.5, 28.5, 28.5, 28.5, 28.5, 28.5, 28.5, 28.5, 28.5, 28.5, -999.0, 28.5, 28.5, 27.59, 27.99, 28.05, 28.07, 27.88, 27.91, 27.92], [28.5, 28.5, 28.5, 28.5, 28.5, 28.5, 28.5, 28.5, 28.5, 28.5, -999.0, 27.1, 27.1, 27.1, 27.87, 27.93, 27.95, 27.76, 27.8, 27.84], [28.5, 28.5, 28.5, 28.5, 28.5, 28.5, 28.5, 28.0, 28.0, 28.0, 28.0, 27.65, 27.1, 27.1, 27.1, 27.79, 27.83, 27.66, 27.71, 27.76], [28.5, 28.5, 28.19, 28.18, 28.17, 28.0, 28.0, 28.0, 28.0, 28.0, 27.43, 27.5, 27.41, 27.34, 27.42, 27.32, 27.35, 27.29, 27.65, 27.69], [28.18, 28.18, 28.32, 28.32, 28.0, 28.0, 28.0, 28.0, 28.0, 28.0, 27.61, 27.5, 27.38, 27.28, 27.27, 27.17, 27.19, 27.21, 27.22, 27.22], [28.32, 28.32, 28.31, 28.29, 28.0, 28.0, 28.0, 28.0, 28.0, 27.77, 27.65, 27.52, 27.38, 27.28, 27.13, 27.16, 27.19, 27.21, 27.22, 27.23], [28.31, 28.3, 28.29, 28.0, 28.0, 28.0, 28.0, 28.0, 27.92, 27.82, 27.7, 27.59, 27.46, 27.34, 27.15, 27.18, 27.21, 27.22, 27.23, 27.24], [28.3, 28.3, 27.89, 27.89, 27.9, 27.91, 27.93, 27.97, 27.89, 27.81, 27.71, 27.62, 27.5, 27.43, 27.2, 27.22, 27.23, 27.24, 27.25, 27.25], [27.88, 27.88, 27.88, 27.92, 27.92, 27.93, 27.93, 27.94, 27.81, 27.77, 27.71, 27.64, 27.54, 27.23, 27.24, 27.25, 27.27, 27.27, 27.26, 27.26], [27.91, 27.91, 27.91, 27.91, 27.91, 27.91, 27.92, 27.9, 27.77, 27.75, 27.71, 27.66, 27.52, 27.25, 27.27, 27.29, 27.31, 27.3, 27.28, 27.26], [27.9, 27.9, 27.9, 27.88, 27.88, 27.88, 27.88, 27.87, 27.87, 27.86, 27.86, 27.83, 27.5, 27.27, 27.29, 27.33, 27.38, 27.33, 27.28, 27.26], [27.87, 27.87, 27.87, 27.87, 27.87, 27.87, 27.86, 27.85, 27.84, 27.84, 27.84, 27.78, 27.51, 27.46, 27.42, 27.34, 27.51, 27.28, 27.25, 27.25], [27.87, 27.87, 27.87, 27.86, 27.86, 27.86, 27.85, 27.84, 27.83, 27.81, 27.83, 27.78, 27.77, 27.46, 27.41, 27.37, 27.23, 27.13, 27.22, 27.24], [27.86, 27.86, 27.86, 27.86, 27.85, 27.85, 27.84, 27.83, 27.82, 27.81, 27.79, 27.78, 27.77, 27.46, 27.41, 27.36, 27.3, 27.27, 27.22, 27.23], [27.86, 27.86, 27.86, 27.85, 27.85, 27.85, 27.84, 27.83, 27.83, 27.82, 27.79, 27.78, 27.78, 27.48, 27.43, 27.38, 27.35, 27.33, 27.33, 27.35], [27.86, 27.86, 27.85, 27.85, 27.85, 27.84, 27.84, 27.83, 27.83, 27.79, 27.79, 27.67, 27.61, 27.54, 27.45, 27.41, 27.38, 27.37, 27.36, 27.37], [27.86, 27.85, 27.85, 27.85, 27.85, 27.84, 27.84, 27.83, 27.82, 27.79, 27.77, 27.69, 27.63, 27.56, 27.48, 27.44, 27.41, 27.39, 27.39, 27.39], [27.86, 27.85, 27.85, 27.85, 27.84, 27.84, 27.84, 27.83, 27.69, 27.72, 27.74, 27.69, 27.63, 27.57, 27.5, 27.46, 27.44, 27.42, 27.41, 27.4], [27.85, 27.85, 27.85, 27.85, 27.84, 27.84, 27.84, 27.83, 27.68, 27.69, 27.69, 27.66, 27.62, 27.58, 27.51, 27.48, 27.45, 27.44, 27.42, 27.42], [27.85, 27.85, 27.85, 27.85, 27.84, 27.84, 27.84, 27.65, 27.66, 27.66, 27.66, 27.64, 27.61, 27.57, 27.51, 27.49, 27.47, 27.45, 27.44, 27.43]]}]