gis_exercise/awsData/contour/wdir_2023091209.json
[{"header": {"refTime": "2023-09-12T09:00:00.000Z", "nx": 21, "ny": 33, "lo1": 113.509, "la1": 22.2235, "lo2": 113.5947, "la2": 22.1034, "dx": 0.0042850000000001385, "dy": 0.003753125000000024, "parameterCategory": 2, "parameterCategoryName": "Temperature", "parameterNumber": 2}, "data": [-1.57, -1.56, -1.54, -1.36, -1.35, -1.69, -1.66, -1.63, -1.63, -1.55, -1.63, -1.7, -2.16, -2.21, -2.69, -2.78, -3.27, -3.31, -3.34, -3.36, -1.57, -1.56, -1.55, -1.53, -1.35, -1.34, -1.62, -1.55, -1.51, -1.5, -1.63, -1.74, -2.2, -2.26, -2.73, -3.23, -3.29, -3.34, -3.37, -3.39, -1.58, -1.57, -1.56, -1.55, -1.36, -1.35, -1.32, -1.49, -1.27, -1.46, -1.65, -1.82, -2.28, -2.32, -3.15, -3.25, -3.33, -3.39, -3.42, -3.44, -1.59, -1.59, -1.58, -1.56, -1.55, -1.36, -1.34, -1.31, -1.27, -1.52, -1.72, -1.95, -2.4, -2.39, -3.14, -3.28, -3.39, -3.46, -3.49, -3.49, -1.6, -1.6, -1.59, -1.59, -1.57, -1.39, -1.38, -1.37, -1.35, -1.59, -1.78, -2.38, -2.55, -2.43, -3.15, -3.33, -3.49, -3.57, -3.58, -3.56, -1.62, -1.62, -1.61, -1.61, -1.61, -1.6, -1.43, -1.44, -1.42, -1.38, -2.11, -2.31, -2.46, -2.96, -3.19, -3.43, -3.66, -3.75, -3.7, -3.63, -2.41, -1.63, -1.63, -1.64, -1.64, -1.64, -1.63, -1.53, -1.52, -1.69, -1.68, -2.2, -3.02, -3.07, -3.24, -3.53, -3.89, -4.03, -4.0, -3.91, -2.43, -2.4, -2.37, -2.44, -2.41, -1.65, -1.65, -1.68, -1.78, -1.62, -1.38, -2.59, -2.83, -3.19, -3.68, -3.85, -4.05, -4.13, -4.02, -3.94, -2.44, -2.42, -2.38, -2.33, -2.38, -2.37, -2.38, -1.66, -2.07, -1.73, -2.33, -2.85, -3.33, -3.1, -3.7, -3.81, -3.93, -3.98, -3.96, -3.92, -3.17, -3.12, -3.05, -2.34, -2.25, -2.27, -2.44, -2.61, -2.47, -2.33, -2.65, -3.04, -3.45, -3.17, -3.71, -3.78, -3.85, -3.89, -3.89, -3.88, -3.18, -3.14, -3.07, -2.94, -2.67, -1.87, -2.9, -3.45, -3.15, -2.78, -3.28, -2.95, -3.09, -3.06, -3.72, -3.76, -3.8, -3.83, -3.85, -3.85, -3.21, -3.18, -3.12, -3.04, -2.91, -2.85, -3.26, -3.8, -4.02, -4.22, -3.44, -3.79, -3.75, -2.96, -3.71, -3.74, -3.77, -3.6, -3.6, -3.6, -3.24, -3.23, -3.21, -3.19, -3.22, -3.38, -3.64, -3.84, -3.96, -3.8, -4.17, -3.82, -3.78, -3.08, -3.04, -3.45, -3.46, -3.48, -3.49, -3.5, -3.28, -3.28, -3.28, -3.31, -3.4, -3.58, -3.86, -3.76, -3.78, -3.73, -4.16, -3.59, -3.48, -3.38, -2.9, -3.28, -3.3, -3.34, -3.38, -3.41, -3.31, -3.32, -3.34, -3.38, -3.46, -3.58, -3.68, -3.56, -3.47, -3.39, -3.31, -2.63, -3.31, -3.18, -3.1, -3.08, -3.13, -3.2, -3.26, -3.31, -3.34, -3.35, -2.48, -2.54, -2.61, -3.32, -3.3, -3.22, -3.14, -3.09, -2.5, -2.46, -2.4, -2.28, -2.28, -2.58, -2.64, -2.69, -2.83, -2.88, -2.39, -2.41, -2.43, -2.44, -3.13, -3.06, -2.95, -2.8, -2.71, -2.73, -2.29, -2.31, -2.29, -2.24, -2.04, -2.2, -2.24, -2.27, -2.3, -2.31, -2.36, -2.36, -2.36, -2.35, -2.95, -2.81, -2.59, -2.29, -2.14, -1.9, -2.03, -2.2, -2.22, -2.03, -2.07, -2.19, -2.25, -2.28, -2.31, -2.32, -2.33, -2.32, -2.3, -2.92, -2.81, -2.63, -2.33, -1.85, -1.33, -1.71, -1.44, -1.56, -1.94, -2.02, -2.18, -2.22, -2.27, -2.31, -2.33, -2.34, -2.3, -2.28, -2.11, -2.06, -1.99, -1.89, -1.74, -1.54, -1.25, -1.33, -1.43, -1.53, -1.94, -2.02, -2.26, -2.28, -2.32, -2.34, -2.35, -2.36, -2.11, -2.08, -2.05, -2.0, -1.93, -1.84, -1.74, -1.63, -1.33, -1.37, -1.43, -1.5, -1.96, -2.31, -2.32, -2.34, -2.37, -2.38, -2.38, -2.37, -2.07, -2.03, -1.99, -1.94, -1.88, -1.81, -1.74, -1.25, -1.36, -1.39, -1.43, -1.48, -2.03, -2.35, -2.37, -2.4, -2.42, -2.42, -2.4, -2.39, -2.03, -1.99, -1.95, -1.28, -1.27, -1.27, -1.27, -1.27, -1.27, -1.28, -1.28, -1.63, -2.05, -2.38, -2.4, -2.45, -2.49, -2.46, -2.42, -2.4, -1.29, -1.28, -1.28, -1.28, -1.28, -1.28, -1.28, -1.29, -1.29, -1.29, -1.3, -1.68, -2.02, -2.15, -2.27, -2.46, -2.59, -2.44, -2.41, -2.4, -1.29, -1.29, -1.29, -1.29, -1.29, -1.29, -1.3, -1.3, -1.3, -1.3, -1.3, -1.64, -1.77, -2.13, -2.25, -2.34, -2.41, -2.35, -2.39, -2.4, -1.29, -1.29, -1.3, -1.3, -1.3, -1.3, -1.31, -1.31, -1.31, -1.31, -1.5, -1.62, -1.73, -2.11, -2.21, -2.3, -2.33, -2.33, -2.39, -2.39, -1.3, -1.3, -1.3, -1.3, -1.31, -1.31, -1.32, -1.32, -1.32, -1.33, -1.53, -1.6, -1.7, -2.1, -2.18, -2.25, -2.28, -2.29, -2.29, -2.29, -1.3, -1.3, -1.31, -1.31, -1.31, -1.32, -1.32, -1.33, -1.34, -1.52, -1.53, -1.51, -1.56, -1.63, -2.13, -2.19, -2.23, -2.25, -2.26, -2.26, -1.3, -1.31, -1.31, -1.31, -1.32, -1.32, -1.33, -1.34, -1.36, -1.51, -1.46, -1.5, -1.55, -1.61, -2.08, -2.14, -2.19, -2.21, -2.23, -2.23, -1.31, -1.31, -1.31, -1.32, -1.32, -1.33, -1.34, -1.35, -1.49, -1.48, -1.47, -1.51, -1.55, -1.6, -2.04, -2.1, -2.15, -2.18, -2.2, -2.21, -1.31, -1.31, -1.32, -1.32, -1.32, -1.33, -1.34, -1.35, -1.51, -1.5, -1.51, -1.53, -1.56, -1.6, -2.02, -2.08, -2.12, -2.15, -2.17, -2.19, -1.31, -1.31, -1.32, -1.32, -1.33, -1.33, -1.34, -1.53, -1.52, -1.52, -1.53, -1.55, -1.57, -1.6, -2.01, -2.06, -2.1, -2.13, -2.15, -2.17]}, {"header": {"refTime": "2023-09-12T09:00:00.000Z", "nx": 21, "ny": 33, "lo1": 113.509, "la1": 22.2235, "lo2": 113.5947, "la2": 22.1034, "dx": 0.0042850000000001385, "dy": 0.003753125000000024, "parameterCategory": 2, "parameterCategoryName": "Temperature", "parameterNumber": 3}, "data": [0.67, 0.65, 0.63, 0.53, 0.5, 0.63, 0.57, 0.52, 0.51, 0.49, 0.6, 0.71, 1.06, 1.12, 1.17, 1.22, 1.8, 1.81, 1.82, 1.82, 0.68, 0.67, 0.64, 0.61, 0.5, 0.45, 0.53, 0.41, 0.34, 0.4, 0.59, 0.75, 1.11, 1.18, 1.22, 1.79, 1.8, 1.81, 1.82, 1.82, 0.7, 0.69, 0.66, 0.63, 0.53, 0.47, 0.38, 0.32, -0.01, 0.33, 0.62, 0.83, 1.2, 1.25, 1.78, 1.79, 1.81, 1.82, 1.82, 1.83, 0.72, 0.71, 0.69, 0.67, 0.63, 0.52, 0.45, 0.32, 0.2, 0.45, 0.73, 0.98, 1.34, 1.52, 1.77, 1.8, 1.82, 1.83, 1.83, 1.83, 0.75, 0.74, 0.73, 0.72, 0.69, 0.6, 0.57, 0.52, 0.5, 0.64, 0.85, 1.51, 1.57, 1.54, 1.77, 1.81, 1.83, 1.84, 1.84, 1.84, 0.77, 0.77, 0.77, 0.77, 0.76, 0.76, 0.7, 0.72, 0.72, 0.71, 1.4, 1.49, 1.55, 1.73, 1.79, 1.82, 1.85, 1.86, 1.86, 1.85, 1.31, 0.8, 0.81, 0.82, 0.83, 0.84, 1.11, 0.9, 0.93, 1.19, 1.2, 1.48, 1.8, 1.78, 1.82, 1.84, 1.88, 1.89, 1.84, 1.83, 1.31, 1.3, 1.29, 1.2, 1.21, 1.09, 1.11, 1.16, 1.25, 1.15, 0.99, 1.64, 1.75, 1.81, 1.88, 1.89, 1.9, 1.9, 1.9, 1.89, 1.31, 1.3, 1.29, 1.28, 1.19, 1.2, 1.21, 1.12, 1.16, 1.22, 1.39, 1.62, 1.73, 1.68, 1.88, 1.88, 1.89, 1.9, 1.89, 1.89, 1.34, 1.33, 1.31, 1.27, 1.24, 1.16, 1.19, 1.23, 1.17, 1.13, 1.5, 1.62, 1.71, 1.67, 1.87, 1.88, 1.89, 1.89, 1.89, 1.89, 1.34, 1.33, 1.32, 1.3, 1.24, 1.1, 1.27, 1.34, 1.26, 1.18, 1.35, 1.6, 1.64, 1.64, 1.87, 1.88, 1.88, 1.89, 1.89, 1.89, 1.35, 1.34, 1.34, 1.32, 1.3, 1.29, 1.35, 1.37, 1.36, 1.52, 1.36, 1.7, 1.73, 1.61, 1.87, 1.88, 1.88, 1.43, 1.43, 1.43, 1.36, 1.36, 1.36, 1.36, 1.37, 1.42, 1.48, 1.42, 1.38, 1.38, 1.56, 1.67, 1.7, 1.4, 1.36, 1.32, 1.33, 1.34, 1.35, 1.36, 1.37, 1.37, 1.37, 1.39, 1.42, 1.49, 1.62, 1.48, 1.42, 1.4, 1.56, 1.18, 1.14, 1.09, 1.22, 1.19, 1.21, 1.24, 1.26, 1.28, 1.37, 1.38, 1.39, 1.4, 1.43, 1.47, 1.5, 1.57, 1.55, 1.54, 1.54, 1.05, 1.02, 0.96, 0.92, 1.04, 1.08, 1.13, 1.18, 1.22, 1.38, 1.38, 1.47, 1.49, 1.5, 1.58, 1.58, 1.57, 1.56, 1.56, 1.12, 1.02, 0.9, 0.88, 0.82, 0.85, 0.92, 0.99, 1.09, 1.15, 1.47, 1.48, 1.49, 1.5, 1.58, 1.58, 1.58, 1.58, 1.58, 1.58, 1.13, 1.0, 0.84, 0.66, 0.61, 0.63, 0.75, 0.84, 0.91, 0.95, 1.48, 1.49, 1.49, 1.51, 1.58, 1.59, 1.59, 1.6, 1.6, 1.37, 1.24, 1.0, 0.81, 0.62, 0.34, 0.59, 0.76, 0.87, 0.94, 0.98, 1.49, 1.49, 1.5, 1.58, 1.58, 1.59, 1.6, 1.61, 1.58, 1.42, 1.04, 0.87, 0.91, 0.73, 0.57, 0.69, 0.83, 0.93, 0.99, 1.02, 1.49, 1.5, 1.35, 1.36, 1.37, 1.39, 1.43, 1.48, 1.39, 1.21, 1.03, 0.88, 1.01, 0.9, 0.79, 0.86, 0.95, 1.02, 1.06, 1.08, 1.32, 1.32, 1.32, 1.32, 1.33, 1.34, 1.36, 1.38, 1.17, 1.08, 0.97, 0.87, 1.1, 0.93, 0.96, 1.03, 1.09, 1.12, 1.13, 1.13, 1.29, 1.29, 1.29, 1.28, 1.28, 1.27, 1.27, 1.09, 1.0, 0.96, 0.9, 0.84, 0.82, 1.04, 1.1, 1.17, 1.22, 1.23, 1.21, 1.18, 1.27, 1.26, 1.25, 1.0, 1.0, 0.99, 0.98, 0.96, 0.93, 0.9, 0.9, 1.16, 1.1, 1.12, 1.19, 1.28, 1.36, 1.33, 1.26, 1.22, 0.97, 0.97, 0.97, 0.96, 0.95, 0.93, 0.9, 0.86, 0.8, 0.77, 0.79, 0.86, 1.07, 1.18, 1.27, 1.33, 1.53, 1.35, 1.28, 1.24, 0.95, 0.95, 0.94, 0.93, 0.91, 0.89, 0.85, 0.79, 0.69, 0.62, 0.71, 0.82, 0.93, 1.16, 1.25, 1.32, 1.31, 1.25, 1.26, 1.24, 0.94, 0.93, 0.92, 0.9, 0.88, 0.86, 0.82, 0.76, 0.68, 0.62, 0.71, 0.81, 0.9, 1.14, 1.22, 1.3, 1.3, 1.29, 1.25, 1.23, 0.92, 0.91, 0.9, 0.89, 0.87, 0.84, 0.8, 0.76, 0.72, 0.71, 0.74, 0.8, 0.88, 1.16, 1.22, 1.25, 1.27, 1.28, 1.28, 1.28, 0.91, 0.9, 0.89, 0.87, 0.85, 0.83, 0.8, 0.77, 0.75, 0.74, 0.75, 0.71, 0.74, 0.78, 1.17, 1.22, 1.24, 1.26, 1.26, 1.26, 0.9, 0.89, 0.88, 0.86, 0.85, 0.82, 0.8, 0.78, 0.75, 0.74, 0.7, 0.72, 0.74, 0.77, 1.14, 1.18, 1.21, 1.23, 1.24, 1.24, 0.9, 0.89, 0.87, 0.86, 0.84, 0.82, 0.8, 0.78, 0.7, 0.71, 0.71, 0.72, 0.74, 0.76, 1.12, 1.16, 1.19, 1.21, 1.22, 1.23, 0.89, 0.88, 0.87, 0.86, 0.84, 0.83, 0.81, 0.79, 0.71, 0.71, 0.72, 0.73, 0.74, 0.76, 1.1, 1.14, 1.17, 1.19, 1.2, 1.21, 0.89, 0.88, 0.87, 0.86, 0.84, 0.83, 0.82, 0.72, 0.72, 0.72, 0.73, 0.74, 0.75, 0.76, 1.1, 1.13, 1.16, 1.18, 1.19, 1.2]}, {"header": {"refTime": "2023-09-12T09:00:00.000Z", "nx": 21, "ny": 33, "lo1": 113.509, "la1": 22.2235, "lo2": 113.5947, "la2": 22.1034, "dx": 0.0042850000000001385, "dy": 0.003753125000000024, "parameterCategory": 0, "parameterCategoryName": "Temperature", "parameterNumber": 0}, "data": [[27.21, 27.21, 27.21, 27.16, 27.17, 27.31, 27.32, 27.32, 27.33, 27.36, 27.38, 27.4, 27.55, 27.57, 27.32, 27.3, 27.38, 27.36, 27.34, 27.33], [27.2, 27.21, 27.21, 27.21, 27.17, 27.18, 27.31, 27.32, 27.32, 27.35, 27.38, 27.41, 27.57, 27.58, 27.33, 27.4, 27.37, 27.34, 27.32, 27.31], [27.2, 27.2, 27.2, 27.21, 27.16, 27.17, 27.19, 27.31, 27.3, 27.35, 27.39, 27.43, 27.59, 27.6, 27.45, 27.39, 27.35, 27.31, 27.3, 27.29], [27.2, 27.2, 27.2, 27.2, 27.2, 27.16, 27.18, 27.2, 27.23, 27.35, 27.4, 27.47, 27.62, 27.58, 27.45, 27.38, 27.31, 27.27, 27.26, 27.26], [27.2, 27.2, 27.2, 27.2, 27.2, 27.14, 27.15, 27.16, 27.17, 27.36, 27.41, 27.58, 27.65, 27.6, 27.45, 27.34, 27.26, 27.21, 27.2, 27.22], [27.2, 27.2, 27.2, 27.2, 27.19, 27.18, 27.12, 27.12, 27.12, 27.12, 27.47, 27.55, 27.61, 27.7, 27.43, 27.29, 27.16, 27.11, 27.14, 27.18], [27.17, 27.2, 27.2, 27.2, 27.19, 27.17, 27.1, 27.08, 27.07, 27.18, 27.23, 27.5, 27.7, 27.7, 27.4, 27.24, 27.03, 26.95, 26.97, 27.02], [27.17, 27.17, 27.17, 27.17, 27.17, 27.14, 27.11, 27.06, 27.05, 27.17, 27.16, 27.52, 27.52, 27.7, 27.14, 27.23, 27.04, 26.96, 27.08, 27.15], [27.13, 27.13, 27.19, 27.19, 27.19, 27.18, 27.14, 27.09, 27.03, 27.19, 27.33, 27.42, 27.46, 27.4, 27.16, 27.27, 27.15, 27.11, 27.13, 27.18], [27.3, 27.3, 27.3, 27.16, 27.18, 27.23, 27.2, 27.14, 27.06, 27.05, 27.46, 27.36, 27.4, 27.38, 27.16, 27.31, 27.23, 27.2, 27.19, 27.21], [27.3, 27.3, 27.3, 27.3, 27.3, 27.3, 27.3, 27.3, 27.19, 27.03, 27.1, 27.33, 27.36, 27.36, 27.15, 27.34, 27.28, 27.25, 27.24, 27.25], [27.3, 27.3, 27.3, 27.3, 27.3, 27.3, 27.3, 27.3, 27.3, -999.0, 27.1, 27.7, 27.7, 27.34, 27.14, 27.37, 27.33, 26.86, 26.86, 26.86], [27.3, 27.3, 27.3, 27.3, 27.3, 27.3, 27.3, 27.3, 27.3, 27.3, -999.0, 27.7, 27.7, 27.18, 27.41, 26.84, 26.84, 26.85, 26.85, 26.85], [27.3, 27.3, 27.3, 27.3, 27.3, 27.3, 27.3, 27.3, 27.3, 27.3, -999.0, 26.9, 26.9, 26.9, 27.34, 26.84, 26.84, 26.86, 26.85, 26.85], [27.3, 27.3, 27.3, 27.3, 27.3, 27.3, 27.3, 27.6, 27.6, 27.6, 27.6, 27.33, 26.9, 26.9, 26.9, 26.85, 26.85, 26.86, 26.86, 26.86], [27.3, 27.3, 27.49, 27.49, 27.5, 27.6, 27.6, 27.6, 27.6, 27.6, 27.16, 27.21, 27.14, 27.08, 27.15, 26.79, 26.77, 26.8, 26.79, 26.78], [27.49, 27.49, 27.41, 27.41, 27.6, 27.6, 27.6, 27.6, 27.6, 27.6, 27.3, 27.21, 27.12, 27.04, 26.95, 26.91, 26.91, 26.92, 26.92, 26.92], [27.41, 27.41, 27.42, 27.42, 27.6, 27.6, 27.6, 27.6, 27.6, 27.42, 27.33, 27.22, 27.11, 26.96, 26.91, 26.91, 26.91, 26.92, 26.92, 26.92], [27.41, 27.42, 27.42, 27.6, 27.6, 27.6, 27.6, 27.6, 27.54, 27.46, 27.38, 27.29, 27.04, 26.97, 26.91, 26.91, 26.91, 26.92, 26.92, 26.92], [27.42, 27.42, 27.54, 27.55, 27.55, 27.55, 27.56, 27.58, 27.52, 27.46, 27.39, 27.31, 27.04, 26.98, 26.91, 26.91, 26.91, 26.92, 26.92, 26.93], [27.54, 27.54, 27.54, 27.56, 27.56, 27.56, 27.57, 27.57, 27.47, 27.44, 27.39, 27.34, 27.04, 26.91, 26.91, 26.91, 26.91, 26.91, 26.92, 26.93], [27.55, 27.55, 27.55, 27.56, 27.56, 27.56, 27.56, 27.57, 27.44, 27.42, 27.39, 27.36, 27.0, 26.91, 26.91, 26.9, 26.9, 26.91, 26.93, 26.93], [27.55, 27.55, 27.55, 27.56, 27.56, 27.56, 27.56, 27.56, 27.55, 27.55, 27.55, 27.29, 27.14, 26.92, 26.91, 26.89, 26.86, 26.9, 26.94, 26.95], [27.56, 27.56, 27.56, 27.56, 27.56, 27.56, 27.55, 27.55, 27.54, 27.54, 27.54, 27.3, 27.16, 27.09, 27.03, 26.89, 26.76, 26.96, 26.97, 26.96], [27.56, 27.56, 27.56, 27.56, 27.56, 27.56, 27.55, 27.54, 27.53, 27.52, 27.53, 27.33, 27.26, 27.1, 27.05, 27.0, 27.0, 27.09, 27.0, 26.97], [27.56, 27.56, 27.56, 27.56, 27.56, 27.56, 27.55, 27.54, 27.53, 27.52, 27.42, 27.36, 27.29, 27.12, 27.07, 27.06, 27.07, 27.08, 26.99, 26.98], [27.56, 27.56, 27.56, 27.56, 27.56, 27.56, 27.55, 27.55, 27.55, 27.54, 27.43, 27.38, 27.32, 27.18, 27.13, 27.1, 27.09, 27.08, 27.08, 27.08], [27.56, 27.56, 27.56, 27.56, 27.56, 27.56, 27.56, 27.56, 27.56, 27.46, 27.47, 27.53, 27.51, 27.48, 27.17, 27.13, 27.11, 27.1, 27.1, 27.1], [27.56, 27.56, 27.56, 27.56, 27.56, 27.56, 27.56, 27.56, 27.57, 27.51, 27.58, 27.54, 27.52, 27.49, 27.2, 27.16, 27.14, 27.12, 27.12, 27.11], [27.56, 27.56, 27.56, 27.56, 27.56, 27.56, 27.56, 27.57, 27.54, 27.56, 27.57, 27.54, 27.52, 27.5, 27.22, 27.19, 27.16, 27.14, 27.13, 27.12], [27.56, 27.56, 27.56, 27.56, 27.56, 27.56, 27.57, 27.57, 27.53, 27.54, 27.54, 27.53, 27.52, 27.5, 27.24, 27.2, 27.18, 27.16, 27.15, 27.14], [27.56, 27.56, 27.56, 27.56, 27.57, 27.57, 27.57, 27.52, 27.52, 27.53, 27.53, 27.52, 27.51, 27.5, 27.24, 27.21, 27.19, 27.17, 27.16, 27.15]]}]