gis_exercise/awsData/contour/wdir_2023090909.json
[{"header": {"refTime": "2023-09-09T09:00:00.000Z", "nx": 21, "ny": 33, "lo1": 113.509, "la1": 22.2235, "lo2": 113.5947, "la2": 22.1034, "dx": 0.0042850000000001385, "dy": 0.003753125000000024, "parameterCategory": 2, "parameterCategoryName": "Temperature", "parameterNumber": 2}, "data": [-2.22, -2.23, -2.24, -2.38, -2.38, -2.68, -2.67, -2.65, -2.66, -2.59, -2.63, -2.68, -2.94, -2.97, -4.55, -4.75, -5.1, -5.22, -5.31, -5.37, -2.22, -2.23, -2.24, -2.25, -2.38, -2.38, -2.64, -2.61, -2.59, -2.56, -2.63, -2.71, -2.98, -3.01, -4.58, -4.97, -5.17, -5.32, -5.42, -5.48, -2.21, -2.22, -2.23, -2.25, -2.38, -2.38, -2.38, -2.57, -2.44, -2.53, -2.65, -2.76, -3.03, -3.05, -4.73, -5.02, -5.28, -5.47, -5.58, -5.62, -2.2, -2.2, -2.22, -2.24, -2.26, -2.39, -2.39, -2.39, -2.39, -2.56, -2.69, -2.85, -3.13, -3.05, -4.7, -5.12, -5.48, -5.71, -5.8, -5.8, -2.18, -2.19, -2.2, -2.22, -2.24, -2.39, -2.39, -2.39, -2.38, -2.59, -2.71, -3.06, -3.25, -3.09, -4.72, -5.31, -5.81, -6.08, -6.11, -6.02, -2.16, -2.17, -2.18, -2.19, -2.22, -2.26, -2.4, -2.4, -2.38, -2.34, -2.78, -2.96, -3.12, -4.06, -4.83, -5.6, -6.36, -6.67, -6.5, -6.24, -3.5, -2.14, -2.15, -2.16, -2.18, -2.23, -2.22, -2.44, -2.43, -2.44, -2.42, -2.81, -4.11, -4.3, -4.96, -5.9, -7.12, -7.58, -7.5, -7.23, -3.51, -3.45, -3.37, -3.41, -3.36, -2.1, -2.2, -2.36, -2.58, -2.4, -2.22, -3.56, -3.86, -4.62, -6.21, -6.83, -7.58, -7.85, -7.45, -7.18, -3.54, -3.46, -3.37, -3.24, -3.24, -3.24, -3.36, -2.25, -3.34, -2.47, -3.66, -4.39, -5.46, -4.94, -6.25, -6.67, -7.11, -7.31, -7.22, -7.07, -4.95, -4.83, -4.65, -3.22, -2.94, -2.87, -3.34, -3.85, -4.13, -3.91, -4.21, -4.95, -5.88, -5.18, -6.3, -6.55, -6.81, -6.97, -6.99, -6.93, -4.98, -4.87, -4.69, -4.38, -3.71, -1.76, -4.25, -5.57, -4.99, -4.73, -5.85, -4.78, -5.06, -4.96, -6.31, -6.47, -6.64, -6.76, -6.81, -6.81, -5.05, -4.97, -4.84, -4.65, -4.33, -4.17, -5.16, -6.37, -6.85, -7.47, -6.11, -6.2, -6.13, -4.76, -6.31, -6.42, -6.54, -6.83, -6.84, -6.84, -5.14, -5.1, -5.05, -5.03, -5.1, -5.51, -6.17, -6.52, -6.75, -6.39, -7.42, -6.28, -6.17, -5.0, -4.94, -6.48, -6.52, -6.56, -6.6, -6.63, -5.23, -5.23, -5.25, -5.33, -5.55, -6.05, -6.85, -6.45, -6.39, -6.27, -7.41, -6.41, -6.22, -6.06, -4.76, -6.14, -6.21, -6.29, -6.37, -6.43, -5.31, -5.34, -5.39, -5.51, -5.71, -6.03, -6.28, -6.16, -5.94, -5.74, -5.58, -4.38, -5.92, -5.71, -5.58, -5.75, -5.87, -6.01, -6.14, -6.24, -5.38, -5.42, -3.67, -3.81, -3.98, -5.67, -5.61, -5.44, -5.25, -5.14, -4.08, -4.06, -4.03, -3.94, -3.98, -4.53, -4.6, -4.66, -5.05, -5.14, -3.47, -3.52, -3.57, -3.62, -5.24, -5.1, -4.86, -4.54, -4.34, -4.39, -3.65, -3.79, -3.85, -3.87, -3.49, -3.62, -3.56, -3.51, -3.47, -3.44, -3.42, -3.43, -3.44, -3.43, -4.86, -4.58, -4.11, -3.48, -3.16, -2.85, -3.2, -3.56, -3.73, -3.46, -3.75, -3.64, -3.56, -3.5, -3.46, -3.43, -3.36, -3.35, -3.33, -4.81, -4.57, -4.19, -3.57, -2.55, -1.51, -2.41, -2.39, -2.75, -3.08, -3.37, -3.66, -3.6, -3.52, -3.47, -3.43, -3.41, -3.3, -3.28, -3.84, -3.72, -3.54, -3.26, -2.85, -2.28, -1.65, -2.04, -2.44, -2.75, -3.02, -3.24, -3.55, -3.52, -3.47, -3.43, -3.4, -3.38, -3.91, -3.85, -3.76, -3.65, -3.49, -3.27, -3.0, -2.73, -2.17, -2.35, -2.59, -2.8, -2.99, -3.48, -3.47, -3.45, -3.42, -3.39, -3.37, -3.35, -3.86, -3.8, -3.72, -3.62, -3.5, -3.35, -3.2, -2.21, -2.57, -2.67, -2.79, -2.9, -3.87, -3.43, -3.42, -3.41, -3.39, -3.36, -3.33, -3.31, -3.83, -3.77, -3.71, -2.32, -2.34, -2.36, -2.41, -2.49, -2.58, -2.64, -2.63, -3.08, -3.47, -3.39, -3.38, -3.39, -3.42, -3.34, -3.27, -3.27, -2.33, -2.34, -2.36, -2.38, -2.42, -2.49, -2.58, -2.73, -2.92, -3.02, -2.9, -3.42, -3.48, -3.41, -3.36, -3.36, -3.61, -3.19, -3.18, -3.22, -2.36, -2.37, -2.4, -2.43, -2.49, -2.57, -2.69, -2.9, -3.23, -3.51, -3.11, -3.38, -3.35, -3.41, -3.34, -3.27, -3.09, -2.89, -3.11, -3.19, -2.38, -2.4, -2.42, -2.46, -2.52, -2.6, -2.72, -2.91, -3.21, -3.46, -3.41, -3.27, -3.26, -3.4, -3.33, -2.95, -2.94, -2.91, -3.13, -3.19, -2.39, -2.41, -2.44, -2.48, -2.53, -2.59, -2.68, -2.79, -2.9, -2.92, -3.12, -3.08, -3.12, -2.72, -2.82, -2.88, -2.9, -2.9, -2.91, -2.91, -2.4, -2.42, -2.45, -2.48, -2.51, -2.56, -2.6, -2.64, -2.62, -2.81, -2.71, -2.58, -2.63, -2.65, -2.75, -2.81, -2.85, -2.87, -2.88, -2.88, -2.4, -2.42, -2.44, -2.47, -2.49, -2.52, -2.53, -2.52, -2.44, -2.46, -2.12, -2.39, -2.53, -2.6, -2.69, -2.76, -2.81, -2.83, -2.85, -2.86, -2.41, -2.42, -2.44, -2.46, -2.47, -2.48, -2.48, -2.45, -2.52, -2.32, -2.2, -2.37, -2.5, -2.57, -2.65, -2.72, -2.77, -2.8, -2.82, -2.83, -2.41, -2.42, -2.43, -2.44, -2.45, -2.45, -2.44, -2.41, -2.53, -2.43, -2.39, -2.43, -2.51, -2.56, -2.62, -2.69, -2.74, -2.77, -2.79, -2.81, -2.4, -2.41, -2.42, -2.43, -2.43, -2.43, -2.42, -2.62, -2.56, -2.5, -2.48, -2.5, -2.53, -2.57, -2.61, -2.67, -2.71, -2.75, -2.77, -2.79]}, {"header": {"refTime": "2023-09-09T09:00:00.000Z", "nx": 21, "ny": 33, "lo1": 113.509, "la1": 22.2235, "lo2": 113.5947, "la2": 22.1034, "dx": 0.0042850000000001385, "dy": 0.003753125000000024, "parameterCategory": 2, "parameterCategoryName": "Temperature", "parameterNumber": 3}, "data": [0.21, 0.21, 0.2, 0.45, 0.43, 0.27, 0.24, 0.2, 0.19, 0.16, 0.19, 0.22, 0.31, 0.34, 0.5, 0.55, 0.9, 0.93, 0.95, 0.96, 0.21, 0.21, 0.21, 0.2, 0.43, 0.39, 0.22, 0.16, 0.12, 0.12, 0.18, 0.22, 0.32, 0.34, 0.51, 0.87, 0.91, 0.95, 0.97, 0.98, 0.21, 0.21, 0.21, 0.21, 0.45, 0.4, 0.33, 0.13, -0.03, 0.1, 0.19, 0.24, 0.33, 0.35, 0.8, 0.87, 0.93, 0.97, 1.0, 1.01, 0.21, 0.21, 0.22, 0.22, 0.22, 0.44, 0.38, 0.28, 0.19, 0.15, 0.23, 0.26, 0.33, 0.52, 0.79, 0.89, 0.97, 1.02, 1.04, 1.04, 0.21, 0.21, 0.22, 0.23, 0.25, 0.51, 0.48, 0.45, 0.43, 0.25, 0.29, 0.49, 0.35, 0.49, 0.79, 0.93, 1.03, 1.09, 1.1, 1.08, 0.21, 0.21, 0.22, 0.24, 0.26, 0.3, 0.59, 0.6, 0.61, 0.61, 0.65, 0.57, 0.47, 0.63, 0.85, 1.0, 1.14, 1.19, 1.17, 1.12, 0.77, 0.2, 0.21, 0.23, 0.26, 0.32, 0.63, 0.74, 0.77, 0.9, 0.88, 0.73, 0.8, 0.78, 0.92, 1.07, 1.27, 1.35, 1.25, 1.18, 0.76, 0.73, 0.71, 0.68, 0.69, 0.47, 0.59, 0.78, 0.98, 0.88, 0.81, 0.99, 1.03, 0.9, 1.22, 1.3, 1.39, 1.42, 1.37, 1.34, 0.75, 0.72, 0.68, 0.63, 0.59, 0.61, 0.74, 0.65, 1.09, 0.9, 0.94, 1.02, 1.08, 1.05, 1.21, 1.27, 1.33, 1.35, 1.34, 1.32, 1.0, 0.96, 0.89, 0.58, 0.45, 0.37, 0.61, 0.87, 1.23, 1.18, 0.98, 1.04, 1.09, 1.05, 1.21, 1.25, 1.29, 1.31, 1.31, 1.31, 1.02, 0.98, 0.91, 0.79, 0.54, -0.18, 0.74, 1.21, 1.18, 1.34, 1.28, 1.02, 1.04, 1.04, 1.21, 1.24, 1.26, 1.28, 1.29, 1.29, 1.04, 1.01, 0.97, 0.9, 0.78, 0.72, 1.08, 1.49, 1.65, 1.75, 1.37, 1.36, 1.31, 1.03, 1.21, 1.23, 1.25, 0.94, 0.95, 0.94, 1.08, 1.06, 1.05, 1.04, 1.07, 1.23, 1.49, 1.57, 1.63, 1.51, 1.7, 1.4, 1.35, 0.74, 0.71, 0.82, 0.84, 0.85, 0.86, 0.87, 1.11, 1.11, 1.12, 1.16, 1.25, 1.45, 1.78, 1.58, 1.53, 1.48, 1.72, 1.07, 0.96, 0.87, 0.6, 0.7, 0.73, 0.75, 0.78, 0.8, 1.14, 1.15, 1.18, 1.22, 1.31, 1.43, 1.53, 1.82, 1.8, 1.79, 1.77, 1.04, 0.83, 0.72, 0.66, 0.56, 0.61, 0.66, 0.7, 0.74, 1.17, 1.18, 1.08, 1.13, 1.19, 1.79, 1.78, 1.77, 1.75, 1.74, 1.1, 0.95, 0.77, 0.46, 0.39, 0.71, 0.84, 0.97, 1.17, 1.26, 1.06, 1.08, 1.11, 1.15, 1.75, 1.74, 1.72, 1.7, 1.68, 1.69, 1.06, 0.88, 0.66, 0.41, 0.41, 0.59, 0.84, 1.04, 1.18, 1.28, 1.08, 1.1, 1.13, 1.16, 1.72, 1.7, 1.67, 1.62, 1.59, 1.21, 1.06, 0.85, 0.6, 0.42, -0.05, 0.51, 0.87, 1.1, 1.25, 1.34, 1.1, 1.12, 1.14, 1.72, 1.7, 1.67, 1.63, 1.55, 1.39, 1.24, 0.68, 0.47, 0.88, 0.61, 0.46, 0.72, 1.03, 1.23, 1.36, 1.43, 1.11, 1.13, 1.15, 1.15, 1.16, 1.18, 1.21, 1.27, 1.11, 0.88, 0.65, 0.47, 1.05, 0.94, 0.94, 1.09, 1.28, 1.42, 1.5, 1.54, 1.1, 1.1, 1.09, 1.09, 1.09, 1.09, 1.1, 1.12, 0.81, 0.7, 0.56, 0.44, 1.24, 1.24, 1.31, 1.44, 1.58, 1.65, 1.67, 1.66, 1.06, 1.05, 1.04, 1.02, 1.01, 0.99, 0.97, 0.71, 0.57, 0.51, 0.44, 0.38, 0.87, 1.48, 1.6, 1.75, 1.87, 1.88, 1.82, 1.76, 1.02, 1.0, 0.98, 0.61, 0.6, 0.59, 0.57, 0.53, 0.48, 0.45, 0.45, 1.14, 1.38, 1.64, 1.79, 2.0, 2.2, 2.1, 1.94, 1.84, 0.59, 0.58, 0.57, 0.56, 0.54, 0.51, 0.46, 0.38, 0.29, 0.23, 0.29, 0.78, 1.32, 1.6, 1.86, 2.11, 2.63, 2.11, 1.95, 1.87, 0.57, 0.56, 0.54, 0.53, 0.5, 0.46, 0.39, 0.29, 0.12, -0.02, 0.17, 0.69, 0.99, 1.55, 1.8, 2.0, 2.0, 1.82, 1.9, 1.86, 0.55, 0.54, 0.52, 0.5, 0.47, 0.42, 0.36, 0.26, 0.11, -0.0, 0.37, 0.66, 0.93, 1.5, 1.71, 1.96, 1.97, 1.94, 1.87, 1.85, 0.54, 0.52, 0.51, 0.48, 0.45, 0.41, 0.36, 0.3, 0.24, 0.22, 0.5, 0.67, 0.88, 1.63, 1.77, 1.86, 1.9, 1.91, 1.92, 1.91, 0.52, 0.51, 0.49, 0.47, 0.45, 0.42, 0.38, 0.35, 0.34, 0.53, 0.58, 0.44, 0.5, 0.58, 1.67, 1.77, 1.83, 1.86, 1.87, 1.88, 0.52, 0.5, 0.49, 0.47, 0.45, 0.43, 0.41, 0.39, 0.4, 0.57, 0.49, 0.48, 0.51, 0.57, 1.59, 1.69, 1.76, 1.8, 1.82, 1.84, 0.51, 0.5, 0.49, 0.47, 0.45, 0.44, 0.42, 0.42, 0.43, 0.47, 0.49, 0.49, 0.52, 0.56, 1.53, 1.63, 1.7, 1.75, 1.78, 1.8, 0.51, 0.5, 0.49, 0.47, 0.46, 0.45, 0.44, 0.44, 0.45, 0.47, 0.48, 0.5, 0.52, 0.56, 1.49, 1.59, 1.66, 1.71, 1.74, 1.76, 0.51, 0.5, 0.49, 0.48, 0.47, 0.46, 0.45, 0.45, 0.46, 0.47, 0.49, 0.51, 0.53, 0.56, 1.48, 1.56, 1.62, 1.67, 1.71, 1.73]}, {"header": {"refTime": "2023-09-09T09:00:00.000Z", "nx": 21, "ny": 33, "lo1": 113.509, "la1": 22.2235, "lo2": 113.5947, "la2": 22.1034, "dx": 0.0042850000000001385, "dy": 0.003753125000000024, "parameterCategory": 0, "parameterCategoryName": "Temperature", "parameterNumber": 0}, "data": [[25.66, 25.65, 25.65, 25.39, 25.4, 25.62, 25.62, 25.62, 25.63, 25.56, 25.56, 25.57, 25.77, 25.78, 25.78, 25.78, 25.84, 25.84, 25.83, 25.83], [25.66, 25.65, 25.65, 25.64, 25.4, 25.41, 25.61, 25.62, 25.62, 25.57, 25.57, 25.58, 25.78, 25.79, 25.79, 25.84, 25.84, 25.83, 25.83, 25.83], [25.66, 25.66, 25.65, 25.64, 25.39, 25.41, 25.44, 25.61, 25.6, 25.57, 25.57, 25.6, 25.79, 25.8, 25.85, 25.84, 25.84, 25.83, 25.83, 25.83], [25.67, 25.66, 25.66, 25.65, 25.64, 25.4, 25.42, 25.46, 25.49, 25.55, 25.57, 25.63, 25.82, 25.7, 25.85, 25.84, 25.83, 25.83, 25.83, 25.83], [25.68, 25.67, 25.67, 25.66, 25.64, 25.38, 25.39, 25.4, 25.4, 25.51, 25.55, 25.7, 25.82, 25.73, 25.85, 25.84, 25.83, 25.83, 25.82, 25.82], [25.68, 25.68, 25.68, 25.67, 25.65, 25.63, 25.36, 25.36, 25.34, 25.3, 25.53, 25.65, 25.75, 25.87, 25.84, 25.83, 25.82, 25.82, 25.82, 25.82], [25.73, 25.69, 25.69, 25.69, 25.67, 25.64, 25.45, 25.34, 25.32, 25.29, 25.28, 25.56, 25.84, 25.85, 25.83, 25.83, 25.81, 25.81, 25.82, 25.82], [25.74, 25.75, 25.75, 25.74, 25.73, 25.54, 25.48, 25.42, 25.38, 25.26, 25.13, 25.55, 25.56, 25.85, 25.8, 25.8, 25.8, 25.8, 25.8, 25.8], [25.66, 25.67, 25.77, 25.78, 25.78, 25.76, 25.69, 25.46, 25.27, 25.32, 25.31, 25.43, 25.48, 25.41, 25.8, 25.8, 25.8, 25.8, 25.8, 25.8], [26.0, 26.0, 26.0, 25.72, 25.76, 25.86, 25.79, 25.69, 25.17, 25.19, 25.49, 25.35, 25.4, 25.37, 25.8, 25.8, 25.8, 25.8, 25.8, 25.8], [26.0, 26.0, 26.0, 26.0, 26.0, 26.0, 26.0, 26.0, 25.79, 25.26, 25.0, 25.3, 25.34, 25.34, 25.8, 25.8, 25.8, 25.8, 25.8, 25.8], [26.0, 26.0, 26.0, 26.0, 26.0, 26.0, 26.0, 26.0, 26.0, -999.0, 25.0, 25.8, 25.8, 25.32, 25.8, 25.8, 25.8, 25.17, 25.19, 25.19], [26.0, 26.0, 26.0, 26.0, 26.0, 26.0, 26.0, 26.0, 26.0, 26.0, -999.0, 25.8, 25.8, 25.08, 25.4, 25.4, 25.41, 25.27, 25.29, 25.3], [26.0, 26.0, 26.0, 26.0, 26.0, 26.0, 26.0, 26.0, 26.0, 26.0, -999.0, 24.7, 24.7, 24.7, 25.3, 25.31, 25.33, 25.19, 25.22, 25.24], [26.0, 26.0, 26.0, 26.0, 26.0, 26.0, 26.0, 25.9, 25.9, 25.9, 25.9, 25.44, 24.7, 24.7, 24.7, 25.2, 25.24, 25.11, 25.15, 25.18], [26.0, 26.0, 25.94, 25.94, 25.93, 25.9, 25.9, 25.9, 25.9, 25.9, 25.14, 25.23, 25.11, 25.02, 25.13, 24.96, 25.0, 24.93, 25.18, 25.21], [25.94, 25.94, 25.96, 25.96, 25.9, 25.9, 25.9, 25.9, 25.9, 25.9, 25.38, 25.24, 25.08, 24.93, 24.92, 24.89, 24.96, 25.02, 25.05, 25.08], [25.96, 25.96, 25.96, 25.96, 25.9, 25.9, 25.9, 25.9, 25.9, 25.6, 25.43, 25.25, 25.07, 24.93, 24.73, 24.87, 24.97, 25.03, 25.07, 25.1], [25.96, 25.96, 25.96, 25.9, 25.9, 25.9, 25.9, 25.9, 25.79, 25.67, 25.55, 25.4, 25.16, 25.01, 24.86, 24.93, 25.01, 25.07, 25.1, 25.12], [25.96, 25.96, 25.9, 25.9, 25.9, 25.9, 25.9, 25.9, 25.79, 25.69, 25.58, 25.45, 25.21, 25.12, 24.99, 25.03, 25.08, 25.12, 25.14, 25.15], [25.9, 25.9, 25.9, 25.9, 25.9, 25.9, 25.9, 25.9, 25.71, 25.67, 25.59, 25.5, 25.26, 25.06, 25.08, 25.12, 25.15, 25.17, 25.18, 25.18], [25.9, 25.9, 25.9, 25.9, 25.9, 25.9, 25.9, 25.88, 25.69, 25.66, 25.61, 25.54, 25.31, 25.13, 25.16, 25.19, 25.22, 25.23, 25.22, 25.21], [25.9, 25.9, 25.9, 25.87, 25.88, 25.88, 25.88, 25.88, 25.88, 25.88, 25.88, 25.77, 25.56, 25.17, 25.21, 25.25, 25.29, 25.29, 25.26, 25.24], [25.87, 25.87, 25.87, 25.87, 25.87, 25.88, 25.88, 25.88, 25.88, 25.88, 25.88, 25.75, 25.57, 25.51, 25.46, 25.28, 25.36, 25.31, 25.28, 25.25], [25.87, 25.87, 25.87, 25.87, 25.87, 25.87, 25.87, 25.88, 25.88, 25.89, 25.88, 25.77, 25.72, 25.51, 25.46, 25.42, 25.31, 25.3, 25.28, 25.26], [25.87, 25.87, 25.87, 25.87, 25.87, 25.87, 25.87, 25.87, 25.88, 25.89, 25.81, 25.77, 25.73, 25.52, 25.47, 25.42, 25.39, 25.38, 25.27, 25.25], [25.87, 25.87, 25.87, 25.87, 25.87, 25.87, 25.87, 25.87, 25.87, 25.87, 25.8, 25.77, 25.74, 25.51, 25.47, 25.44, 25.42, 25.41, 25.41, 25.42], [25.87, 25.87, 25.87, 25.86, 25.86, 25.86, 25.86, 25.86, 25.85, 25.79, 25.79, 25.76, 25.72, 25.68, 25.5, 25.47, 25.44, 25.43, 25.43, 25.43], [25.86, 25.86, 25.86, 25.86, 25.86, 25.86, 25.86, 25.85, 25.84, 25.79, 25.79, 25.76, 25.73, 25.69, 25.52, 25.49, 25.47, 25.45, 25.45, 25.44], [25.86, 25.86, 25.86, 25.86, 25.86, 25.86, 25.85, 25.85, 25.77, 25.78, 25.78, 25.76, 25.73, 25.7, 25.53, 25.5, 25.48, 25.47, 25.46, 25.46], [25.86, 25.86, 25.86, 25.86, 25.86, 25.86, 25.85, 25.85, 25.76, 25.76, 25.76, 25.75, 25.73, 25.7, 25.54, 25.52, 25.5, 25.48, 25.47, 25.47], [25.86, 25.86, 25.86, 25.86, 25.86, 25.85, 25.85, 25.75, 25.75, 25.75, 25.74, 25.73, 25.72, 25.7, 25.55, 25.52, 25.51, 25.49, 25.48, 25.48]]}]