gis_exercise/awsData/contour/wdir_2023091105.json
[{"header": {"refTime": "2023-09-11T05:00:00.000Z", "nx": 21, "ny": 33, "lo1": 113.509, "la1": 22.2235, "lo2": 113.5947, "la2": 22.1034, "dx": 0.0042850000000001385, "dy": 0.003753125000000024, "parameterCategory": 2, "parameterCategoryName": "Temperature", "parameterNumber": 2}, "data": [-1.89, -1.89, -1.9, -2.09, -2.07, -2.32, -2.29, -2.25, -2.25, -2.2, -2.27, -2.35, -2.59, -2.63, -3.72, -3.86, -4.25, -4.33, -4.39, -4.43, -1.89, -1.89, -1.9, -1.9, -2.08, -2.05, -2.25, -2.17, -2.13, -2.14, -2.27, -2.39, -2.64, -2.68, -3.76, -4.17, -4.3, -4.4, -4.46, -4.5, -1.88, -1.89, -1.9, -1.9, -2.09, -2.06, -2.02, -2.11, -1.88, -2.09, -2.3, -2.46, -2.72, -2.75, -4.02, -4.2, -4.37, -4.5, -4.57, -4.59, -1.88, -1.88, -1.89, -1.9, -1.92, -2.09, -2.05, -2.0, -1.94, -2.16, -2.37, -2.58, -2.85, -2.87, -4.0, -4.27, -4.5, -4.65, -4.71, -4.71, -1.87, -1.87, -1.89, -1.9, -1.92, -2.13, -2.11, -2.09, -2.07, -2.26, -2.44, -2.89, -3.07, -2.91, -4.01, -4.39, -4.72, -4.9, -4.92, -4.85, -1.86, -1.86, -1.87, -1.89, -1.92, -1.96, -2.18, -2.19, -2.18, -2.15, -2.63, -2.8, -2.94, -3.56, -4.08, -4.58, -5.08, -5.29, -5.17, -5.0, -3.15, -1.84, -1.85, -1.87, -1.9, -1.96, -2.11, -2.3, -2.3, -2.36, -2.32, -2.64, -3.55, -3.68, -4.15, -4.78, -5.59, -5.89, -5.83, -5.66, -3.15, -3.09, -3.02, -2.8, -2.78, -1.96, -2.08, -2.28, -2.52, -2.33, -2.16, -3.1, -3.31, -3.87, -4.92, -5.35, -5.86, -6.05, -5.77, -5.59, -3.17, -3.1, -3.01, -2.9, -2.66, -2.67, -2.81, -2.14, -2.98, -2.38, -3.15, -3.65, -4.37, -4.03, -4.94, -5.24, -5.54, -5.68, -5.61, -5.51, -4.08, -3.98, -3.83, -2.86, -2.59, -2.34, -2.73, -3.15, -3.48, -3.32, -3.52, -4.03, -4.66, -4.19, -4.97, -5.15, -5.33, -5.44, -5.45, -5.42, -4.12, -4.02, -3.88, -3.61, -3.06, -1.43, -3.46, -4.46, -3.94, -3.86, -4.59, -3.91, -4.1, -4.04, -4.98, -5.09, -5.21, -5.29, -5.33, -5.33, -4.18, -4.11, -4.01, -3.85, -3.59, -3.46, -4.23, -5.04, -5.33, -5.89, -4.77, -4.87, -4.82, -3.9, -4.98, -5.06, -5.14, -5.34, -5.35, -5.34, -4.25, -4.22, -4.2, -4.19, -4.27, -4.65, -5.24, -5.28, -5.33, -5.1, -5.9, -4.91, -4.84, -4.09, -4.05, -5.09, -5.12, -5.16, -5.19, -5.21, -4.33, -4.34, -4.37, -4.45, -4.67, -5.17, -6.02, -5.4, -5.2, -5.08, -5.93, -5.0, -4.88, -4.77, -3.93, -4.87, -4.91, -4.97, -5.03, -5.07, -4.4, -4.43, -4.49, -4.6, -4.81, -5.11, -5.34, -4.9, -4.57, -4.32, -4.14, -3.07, -4.68, -4.54, -4.46, -4.6, -4.69, -4.78, -4.87, -4.94, -4.46, -4.5, -2.83, -2.95, -3.12, -4.39, -4.33, -4.11, -3.86, -3.72, -2.73, -2.82, -2.91, -2.96, -3.05, -3.69, -3.72, -3.75, -4.01, -4.07, -2.6, -2.64, -2.68, -2.72, -3.9, -3.76, -3.5, -3.14, -2.91, -2.94, -2.33, -2.58, -2.8, -2.99, -2.8, -3.01, -2.91, -2.82, -2.76, -2.72, -2.52, -2.53, -2.52, -2.48, -3.49, -3.19, -2.69, -2.01, -1.66, -1.63, -2.11, -2.38, -2.72, -2.75, -3.23, -3.04, -2.9, -2.8, -2.74, -2.7, -2.44, -2.42, -2.37, -3.42, -3.17, -2.76, -2.1, -1.02, 0.0, -1.1, -1.22, -1.73, -2.18, -2.6, -3.06, -2.96, -2.84, -2.75, -2.7, -2.66, -2.36, -2.32, -2.69, -2.55, -2.34, -2.02, -1.55, -0.88, -0.22, -0.74, -1.28, -1.71, -2.07, -2.38, -2.88, -2.82, -2.75, -2.69, -2.64, -2.62, -2.78, -2.71, -2.61, -2.48, -2.29, -2.05, -1.74, -1.42, -0.89, -1.13, -1.46, -1.76, -2.0, -2.76, -2.74, -2.7, -2.65, -2.61, -2.58, -2.57, -2.73, -2.66, -2.57, -2.46, -2.32, -2.15, -1.98, -0.93, -1.39, -1.53, -1.7, -1.87, -3.07, -2.67, -2.65, -2.61, -2.57, -2.54, -2.52, -2.51, -2.7, -2.64, -2.56, -1.1, -1.12, -1.15, -1.2, -1.29, -1.41, -1.48, -1.47, -1.92, -2.56, -2.61, -2.57, -2.55, -2.55, -2.48, -2.45, -2.46, -1.13, -1.14, -1.16, -1.19, -1.23, -1.31, -1.42, -1.6, -1.83, -1.94, -1.8, -2.44, -2.58, -2.51, -2.47, -2.5, -2.67, -2.33, -2.36, -2.41, -1.17, -1.19, -1.22, -1.26, -1.32, -1.42, -1.57, -1.81, -2.2, -2.53, -2.07, -2.4, -2.36, -2.51, -2.45, -2.39, -2.26, -2.09, -2.29, -2.38, -1.2, -1.22, -1.26, -1.3, -1.37, -1.47, -1.61, -1.83, -2.19, -2.47, -2.44, -2.29, -2.27, -2.51, -2.44, -2.06, -2.06, -2.04, -2.32, -2.38, -1.22, -1.25, -1.28, -1.33, -1.39, -1.47, -1.58, -1.71, -1.85, -1.88, -2.14, -2.09, -2.12, -1.79, -1.9, -1.98, -2.01, -2.02, -2.02, -2.02, -1.23, -1.26, -1.29, -1.34, -1.39, -1.44, -1.51, -1.56, -1.56, -1.82, -1.7, -1.63, -1.69, -1.73, -1.82, -1.9, -1.95, -1.98, -1.99, -1.99, -1.24, -1.27, -1.3, -1.33, -1.37, -1.41, -1.43, -1.44, -1.37, -1.45, -1.11, -1.42, -1.59, -1.67, -1.76, -1.84, -1.9, -1.93, -1.95, -1.96, -1.25, -1.27, -1.3, -1.32, -1.35, -1.37, -1.38, -1.36, -1.55, -1.34, -1.2, -1.39, -1.55, -1.64, -1.71, -1.79, -1.85, -1.89, -1.91, -1.93, -1.25, -1.27, -1.29, -1.31, -1.33, -1.34, -1.34, -1.32, -1.56, -1.46, -1.41, -1.47, -1.56, -1.63, -1.68, -1.76, -1.81, -1.85, -1.88, -1.9, -1.25, -1.27, -1.28, -1.3, -1.31, -1.32, -1.32, -1.67, -1.6, -1.55, -1.52, -1.55, -1.59, -1.64, -1.67, -1.74, -1.79, -1.82, -1.85, -1.87]}, {"header": {"refTime": "2023-09-11T05:00:00.000Z", "nx": 21, "ny": 33, "lo1": 113.509, "la1": 22.2235, "lo2": 113.5947, "la2": 22.1034, "dx": 0.0042850000000001385, "dy": 0.003753125000000024, "parameterCategory": 2, "parameterCategoryName": "Temperature", "parameterNumber": 3}, "data": [-0.1, -0.09, -0.08, 0.34, 0.33, 0.14, 0.13, 0.12, 0.11, 0.21, 0.23, 0.26, 0.34, 0.36, 0.43, 0.47, 0.81, 0.84, 0.85, 0.87, -0.11, -0.1, -0.09, -0.07, 0.33, 0.3, 0.12, 0.1, 0.08, 0.18, 0.22, 0.25, 0.34, 0.36, 0.44, 0.78, 0.82, 0.85, 0.87, 0.88, -0.12, -0.11, -0.09, -0.08, 0.33, 0.31, 0.26, 0.08, 0.02, 0.15, 0.23, 0.26, 0.34, 0.36, 0.72, 0.78, 0.83, 0.87, 0.89, 0.9, -0.13, -0.12, -0.1, -0.09, -0.07, 0.33, 0.29, 0.23, 0.17, 0.2, 0.26, 0.27, 0.32, 0.52, 0.71, 0.8, 0.86, 0.9, 0.92, 0.93, -0.14, -0.13, -0.12, -0.1, -0.08, 0.36, 0.34, 0.33, 0.33, 0.3, 0.32, 0.49, 0.31, 0.49, 0.72, 0.83, 0.91, 0.96, 0.97, 0.96, -0.16, -0.15, -0.14, -0.12, -0.09, -0.05, 0.39, 0.4, 0.43, 0.47, 0.69, 0.59, 0.46, 0.59, 0.77, 0.89, 1.0, 1.04, 1.02, 0.99, 0.18, -0.18, -0.17, -0.16, -0.13, -0.08, 0.23, 0.44, 0.47, 0.76, 0.84, 0.78, 0.77, 0.74, 0.84, 0.95, 1.1, 1.15, 1.05, 0.99, 0.17, 0.15, 0.12, 0.07, 0.08, 0.06, 0.17, 0.32, 0.5, 0.75, 0.85, 1.03, 1.06, 0.86, 1.12, 1.16, 1.2, 1.22, 1.2, 1.18, 0.17, 0.14, 0.1, 0.05, -0.02, 0.01, 0.13, 0.23, 0.65, 0.75, 0.97, 1.01, 1.01, 1.01, 1.11, 1.14, 1.17, 1.19, 1.18, 1.17, 0.36, 0.32, 0.26, 0.0, -0.12, -0.21, 0.0, 0.24, 0.77, 0.78, 0.98, 1.0, 1.0, 1.01, 1.1, 1.13, 1.15, 1.16, 1.16, 1.16, 0.38, 0.34, 0.28, 0.17, -0.05, -0.71, 0.12, 0.53, 0.5, 0.86, 1.0, 1.0, 1.0, 1.0, 1.1, 1.12, 1.14, 1.15, 1.15, 1.15, 0.4, 0.37, 0.33, 0.27, 0.16, 0.11, 0.43, 0.78, 0.91, 1.12, 1.01, 1.07, 1.06, 1.0, 1.1, 1.12, 1.13, 0.88, 0.88, 0.88, 0.43, 0.42, 0.41, 0.4, 0.43, 0.58, 0.82, 0.87, 0.9, 0.8, 1.12, 1.08, 1.07, 0.79, 0.77, 0.8, 0.81, 0.82, 0.83, 0.83, 0.46, 0.46, 0.48, 0.51, 0.59, 0.79, 1.11, 0.89, 0.83, 0.78, 1.13, 0.8, 0.75, 0.71, 0.69, 0.72, 0.73, 0.75, 0.77, 0.79, 0.49, 0.5, 0.53, 0.57, 0.65, 0.76, 0.86, 1.28, 1.28, 1.3, 1.31, 0.92, 0.68, 0.63, 0.6, 0.63, 0.65, 0.69, 0.72, 0.74, 0.51, 0.53, 0.69, 0.73, 0.79, 1.31, 1.31, 1.32, 1.33, 1.34, 1.01, 0.9, 0.78, 0.64, 0.59, 0.62, 0.69, 0.76, 0.89, 0.94, 0.7, 0.72, 0.75, 0.79, 1.34, 1.35, 1.36, 1.38, 1.4, 1.39, 1.03, 0.89, 0.72, 0.55, 0.52, 0.35, 0.41, 0.46, 0.49, 0.52, 0.73, 0.76, 0.8, 0.84, 1.36, 1.38, 1.41, 1.45, 1.48, 1.25, 1.1, 0.9, 0.7, 0.53, 0.22, 0.33, 0.42, 0.48, 0.51, 0.53, 0.77, 0.8, 0.83, 1.36, 1.38, 1.41, 1.45, 1.52, 1.53, 1.32, 0.81, 0.62, 0.85, 0.65, 0.32, 0.39, 0.47, 0.52, 0.54, 0.55, 0.79, 0.82, 0.92, 0.95, 0.98, 1.04, 1.13, 1.27, 1.25, 1.01, 0.77, 0.6, 0.96, 0.85, 0.45, 0.49, 0.54, 0.57, 0.58, 0.58, 0.86, 0.87, 0.88, 0.89, 0.91, 0.95, 1.0, 1.06, 0.9, 0.79, 0.65, 0.53, 1.05, 0.53, 0.55, 0.59, 0.63, 0.64, 0.62, 0.61, 0.83, 0.83, 0.83, 0.83, 0.83, 0.83, 0.83, 0.61, 0.62, 0.55, 0.49, 0.44, 0.47, 0.59, 0.64, 0.7, 0.74, 0.72, 0.66, 0.62, 0.79, 0.79, 0.78, 0.45, 0.45, 0.44, 0.42, 0.38, 0.32, 0.27, 0.26, 0.73, 0.32, 0.63, 0.69, 0.8, 0.92, 0.8, 0.67, 0.62, 0.41, 0.4, 0.4, 0.38, 0.36, 0.33, 0.27, 0.18, 0.07, 0.01, 0.07, 0.19, 0.29, 0.44, 0.58, 0.82, 1.27, 0.67, 0.6, 0.59, 0.37, 0.37, 0.35, 0.33, 0.3, 0.25, 0.17, 0.05, -0.13, -0.28, -0.09, 0.13, 0.33, 0.4, 0.53, 0.62, 0.54, 0.29, 0.51, 0.56, 0.35, 0.33, 0.31, 0.29, 0.25, 0.19, 0.12, 0.01, -0.15, -0.27, -0.08, 0.11, 0.29, 0.36, 0.46, 0.58, 0.52, 0.46, 0.52, 0.55, 0.32, 0.31, 0.28, 0.25, 0.22, 0.16, 0.1, 0.02, -0.05, -0.08, 0.0, 0.12, 0.26, 0.46, 0.51, 0.53, 0.52, 0.5, 0.51, 0.53, 0.31, 0.29, 0.26, 0.23, 0.2, 0.15, 0.1, 0.05, 0.01, 0.02, 0.05, -0.18, -0.21, -0.22, 0.47, 0.49, 0.5, 0.51, 0.51, 0.52, 0.29, 0.27, 0.25, 0.22, 0.19, 0.15, 0.11, 0.07, 0.04, 0.04, -0.05, -0.13, -0.18, -0.21, 0.43, 0.47, 0.49, 0.5, 0.51, 0.51, 0.28, 0.26, 0.24, 0.21, 0.18, 0.15, 0.12, 0.09, -0.16, -0.11, -0.08, -0.13, -0.17, -0.2, 0.41, 0.44, 0.47, 0.48, 0.49, 0.5, 0.27, 0.25, 0.23, 0.21, 0.18, 0.16, 0.13, 0.1, -0.17, -0.14, -0.13, -0.15, -0.17, -0.2, 0.39, 0.43, 0.45, 0.47, 0.48, 0.49, 0.26, 0.25, 0.23, 0.21, 0.19, 0.16, 0.14, -0.19, -0.18, -0.17, -0.16, -0.17, -0.18, -0.2, 0.39, 0.42, 0.44, 0.46, 0.47, 0.48]}, {"header": {"refTime": "2023-09-11T05:00:00.000Z", "nx": 21, "ny": 33, "lo1": 113.509, "la1": 22.2235, "lo2": 113.5947, "la2": 22.1034, "dx": 0.0042850000000001385, "dy": 0.003753125000000024, "parameterCategory": 0, "parameterCategoryName": "Temperature", "parameterNumber": 0}, "data": [[26.23, 26.22, 26.22, 26.01, 26.02, 26.19, 26.2, 26.2, 26.21, 26.15, 26.16, 26.16, 26.3, 26.31, 26.28, 26.28, 26.3, 26.3, 26.29, 26.29], [26.23, 26.23, 26.22, 26.22, 26.02, 26.04, 26.19, 26.2, 26.2, 26.16, 26.16, 26.17, 26.31, 26.32, 26.29, 26.31, 26.3, 26.29, 26.29, 26.29], [26.23, 26.23, 26.22, 26.22, 26.02, 26.03, 26.06, 26.2, 26.2, 26.17, 26.16, 26.18, 26.32, 26.33, 26.32, 26.31, 26.3, 26.29, 26.29, 26.28], [26.24, 26.23, 26.23, 26.22, 26.21, 26.02, 26.04, 26.07, 26.1, 26.15, 26.16, 26.2, 26.34, 26.24, 26.32, 26.3, 26.29, 26.28, 26.28, 26.28], [26.24, 26.24, 26.23, 26.23, 26.21, 26.0, 26.01, 26.02, 26.02, 26.11, 26.14, 26.24, 26.34, 26.26, 26.32, 26.3, 26.28, 26.27, 26.27, 26.27], [26.25, 26.24, 26.24, 26.23, 26.22, 26.2, 25.99, 25.98, 25.97, 25.94, 26.1, 26.2, 26.28, 26.37, 26.31, 26.29, 26.26, 26.25, 26.26, 26.26], [26.28, 26.25, 26.25, 26.25, 26.23, 26.21, 26.05, 25.97, 25.95, 25.92, 25.91, 26.13, 26.34, 26.35, 26.3, 26.27, 26.24, 26.23, 26.24, 26.25], [26.29, 26.29, 26.29, 26.29, 26.28, 26.12, 26.07, 26.02, 25.98, 25.9, 25.79, 26.12, 26.12, 26.35, 26.24, 26.25, 26.23, 26.22, 26.23, 26.24], [26.21, 26.22, 26.31, 26.32, 26.32, 26.3, 26.24, 26.05, 25.9, 25.94, 25.93, 26.02, 26.06, 26.0, 26.24, 26.25, 26.24, 26.23, 26.24, 26.24], [26.5, 26.5, 26.5, 26.27, 26.3, 26.39, 26.33, 26.24, 25.83, 25.85, 26.06, 25.96, 26.0, 25.98, 26.24, 26.26, 26.25, 26.24, 26.24, 26.25], [26.5, 26.5, 26.5, 26.5, 26.5, 26.5, 26.5, 26.5, 26.32, 25.9, 25.7, 25.93, 25.96, 25.96, 26.24, 26.26, 26.25, 26.25, 26.25, 26.25], [26.5, 26.5, 26.5, 26.5, 26.5, 26.5, 26.5, 26.5, 26.5, -999.0, 25.7, 26.3, 26.3, 25.94, 26.24, 26.26, 26.26, 25.75, 25.76, 25.76], [26.5, 26.5, 26.5, 26.5, 26.5, 26.5, 26.5, 26.5, 26.5, 26.5, -999.0, 26.3, 26.3, 25.71, 25.97, 25.91, 25.91, 25.82, 25.83, 25.84], [26.5, 26.5, 26.5, 26.5, 26.5, 26.5, 26.5, 26.5, 26.5, 26.5, -999.0, 25.4, 25.4, 25.4, 25.89, 25.84, 25.85, 25.75, 25.78, 25.79], [26.5, 26.5, 26.5, 26.5, 26.5, 26.5, 26.5, 26.5, 26.5, 26.5, 26.5, 26.08, 25.4, 25.4, 25.4, 25.77, 25.79, 25.7, 25.73, 25.75], [26.5, 26.5, 26.5, 26.5, 26.5, 26.5, 26.5, 26.5, 26.5, 26.5, 25.81, 25.89, 25.78, 25.69, 25.79, 25.77, 25.82, 25.72, 25.88, 25.91], [26.5, 26.5, 26.5, 26.5, 26.5, 26.5, 26.5, 26.5, 26.5, 26.5, 26.03, 25.89, 25.75, 25.61, 25.64, 25.64, 25.72, 25.79, 25.84, 25.87], [26.5, 26.5, 26.5, 26.5, 26.5, 26.5, 26.5, 26.5, 26.5, 26.22, 26.07, 25.91, 25.74, 25.65, 25.44, 25.61, 25.73, 25.81, 25.86, 25.89], [26.5, 26.5, 26.5, 26.5, 26.5, 26.5, 26.5, 26.5, 26.4, 26.29, 26.15, 26.01, 25.88, 25.73, 25.6, 25.68, 25.79, 25.85, 25.9, 25.92], [26.5, 26.5, 26.39, 26.39, 26.4, 26.41, 26.43, 26.47, 26.37, 26.28, 26.16, 26.04, 25.95, 25.87, 25.76, 25.81, 25.87, 25.92, 25.94, 25.96], [26.38, 26.38, 26.38, 26.42, 26.42, 26.43, 26.43, 26.44, 26.28, 26.23, 26.16, 26.07, 26.02, 25.85, 25.88, 25.92, 25.97, 25.99, 26.0, 26.0], [26.41, 26.41, 26.41, 26.41, 26.41, 26.41, 26.42, 26.41, 26.24, 26.21, 26.16, 26.1, 26.01, 25.93, 25.97, 26.02, 26.06, 26.07, 26.05, 26.03], [26.4, 26.4, 26.4, 26.4, 26.4, 26.4, 26.4, 26.39, 26.39, 26.38, 26.38, 26.39, 26.24, 25.99, 26.04, 26.1, 26.16, 26.14, 26.09, 26.06], [26.4, 26.4, 26.4, 26.4, 26.39, 26.39, 26.38, 26.37, 26.36, 26.36, 26.36, 26.35, 26.25, 26.24, 26.23, 26.14, 26.28, 26.15, 26.1, 26.07], [26.4, 26.4, 26.39, 26.39, 26.39, 26.38, 26.38, 26.36, 26.34, 26.32, 26.35, 26.35, 26.36, 26.23, 26.23, 26.22, 26.12, 26.08, 26.09, 26.07], [26.4, 26.39, 26.39, 26.39, 26.39, 26.38, 26.37, 26.36, 26.34, 26.33, 26.34, 26.35, 26.36, 26.23, 26.22, 26.22, 26.19, 26.18, 26.08, 26.07], [26.39, 26.39, 26.39, 26.39, 26.38, 26.38, 26.37, 26.37, 26.36, 26.36, 26.35, 26.36, 26.36, 26.27, 26.25, 26.23, 26.21, 26.21, 26.21, 26.22], [26.39, 26.39, 26.39, 26.39, 26.38, 26.38, 26.38, 26.37, 26.37, 26.37, 26.37, 26.31, 26.28, 26.25, 26.26, 26.24, 26.23, 26.22, 26.22, 26.22], [26.39, 26.39, 26.39, 26.39, 26.38, 26.38, 26.38, 26.38, 26.38, 26.38, 26.38, 26.33, 26.3, 26.27, 26.27, 26.25, 26.24, 26.24, 26.23, 26.23], [26.39, 26.39, 26.39, 26.39, 26.39, 26.38, 26.38, 26.38, 26.33, 26.35, 26.36, 26.33, 26.3, 26.27, 26.28, 26.26, 26.25, 26.25, 26.24, 26.24], [26.39, 26.39, 26.39, 26.39, 26.39, 26.38, 26.38, 26.38, 26.32, 26.33, 26.33, 26.32, 26.3, 26.27, 26.28, 26.27, 26.26, 26.25, 26.25, 26.25], [26.39, 26.39, 26.39, 26.39, 26.39, 26.39, 26.39, 26.3, 26.31, 26.31, 26.31, 26.3, 26.29, 26.27, 26.28, 26.27, 26.27, 26.26, 26.25, 26.25]]}]