gis_exercise/awsData/contour/wdir_2023090904.json
[{"header": {"refTime": "2023-09-09T04:00:00.000Z", "nx": 21, "ny": 33, "lo1": 113.509, "la1": 22.2235, "lo2": 113.5947, "la2": 22.1034, "dx": 0.0042850000000001385, "dy": 0.003753125000000024, "parameterCategory": 2, "parameterCategoryName": "Temperature", "parameterNumber": 2}, "data": [-2.02, -2.01, -2.0, -1.98, -1.97, -2.25, -2.22, -2.19, -2.19, -2.24, -2.35, -2.45, -3.09, -3.17, -3.91, -4.07, -4.96, -5.04, -5.09, -5.13, -2.02, -2.01, -2.0, -1.99, -1.97, -1.95, -2.18, -2.1, -2.05, -2.16, -2.34, -2.49, -3.14, -3.22, -3.96, -4.87, -5.0, -5.09, -5.16, -5.19, -2.03, -2.02, -2.01, -2.0, -1.98, -1.96, -1.92, -2.02, -1.78, -2.1, -2.38, -2.59, -3.23, -3.3, -4.7, -4.9, -5.06, -5.18, -5.25, -5.27, -2.04, -2.03, -2.03, -2.02, -2.0, -1.98, -1.95, -1.89, -1.84, -2.2, -2.48, -2.74, -3.35, -3.48, -4.68, -4.95, -5.17, -5.31, -5.37, -5.38, -2.05, -2.05, -2.04, -2.04, -2.03, -2.01, -2.0, -1.98, -1.97, -2.35, -2.57, -3.44, -3.49, -3.5, -4.7, -5.07, -5.36, -5.52, -5.55, -5.5, -2.06, -2.06, -2.06, -2.06, -2.05, -2.05, -2.05, -2.06, -2.07, -2.07, -3.28, -3.43, -3.51, -4.57, -4.8, -5.25, -5.68, -5.86, -5.77, -5.63, -3.13, -2.07, -2.07, -2.08, -2.08, -2.09, -2.22, -2.13, -2.15, -2.67, -2.8, -3.48, -4.87, -4.97, -4.94, -5.45, -6.11, -6.35, -6.42, -6.31, -3.15, -3.11, -3.06, -3.29, -3.24, -2.21, -2.22, -2.23, -2.38, -2.59, -2.47, -4.49, -4.88, -5.37, -6.3, -6.45, -6.63, -6.69, -6.6, -6.53, -3.17, -3.13, -3.08, -3.0, -3.19, -3.17, -3.2, -2.22, -2.97, -2.71, -4.22, -5.11, -6.07, -5.61, -6.38, -6.45, -6.53, -6.57, -6.55, -6.52, -4.37, -4.3, -4.18, -3.02, -2.87, -2.99, -3.28, -3.58, -3.65, -3.5, -4.8, -5.54, -6.37, -5.78, -6.45, -6.45, -6.48, -6.51, -6.51, -6.49, -4.39, -4.32, -4.2, -4.0, -3.57, -2.31, -3.95, -4.88, -4.47, -4.17, -5.63, -5.37, -5.64, -5.57, -6.46, -6.45, -6.46, -6.47, -6.47, -6.47, -4.43, -4.37, -4.29, -4.16, -3.95, -3.86, -4.53, -5.47, -5.87, -6.51, -5.77, -6.4, -6.43, -5.37, -6.45, -6.44, -6.44, -5.92, -5.9, -5.87, -4.48, -4.45, -4.42, -4.39, -4.42, -4.66, -5.06, -5.48, -5.74, -5.44, -6.55, -6.38, -6.38, -5.22, -5.11, -5.69, -5.67, -5.67, -5.68, -5.69, -4.54, -4.53, -4.54, -4.58, -4.69, -4.95, -5.32, -5.28, -5.37, -5.31, -6.48, -5.74, -5.57, -5.4, -4.76, -5.31, -5.34, -5.39, -5.45, -5.51, -4.59, -4.6, -4.63, -4.69, -4.8, -4.97, -5.11, -5.1, -5.03, -4.93, -4.84, -3.8, -5.18, -4.95, -4.81, -4.86, -4.97, -5.1, -5.22, -5.32, -4.63, -4.65, -3.41, -3.48, -3.58, -4.78, -4.75, -4.66, -4.57, -4.52, -3.65, -3.54, -3.4, -3.48, -3.44, -3.86, -4.0, -4.12, -4.08, -4.18, -3.29, -3.31, -3.34, -3.38, -4.53, -4.44, -4.29, -4.1, -3.99, -4.03, -3.34, -3.31, -3.2, -3.04, -2.69, -2.72, -2.75, -2.78, -2.79, -2.8, -3.26, -3.27, -3.27, -3.27, -4.3, -4.12, -3.83, -3.43, -3.23, -2.75, -2.87, -3.14, -3.08, -2.67, -2.64, -2.71, -2.76, -2.79, -2.8, -2.81, -3.22, -3.22, -3.21, -4.27, -4.12, -3.88, -3.49, -2.84, -2.11, -2.53, -2.38, -2.48, -2.67, -2.71, -2.71, -2.75, -2.79, -2.81, -2.82, -2.82, -3.19, -3.18, -3.45, -3.38, -3.28, -3.12, -2.89, -2.57, -2.13, -2.28, -2.42, -2.51, -2.71, -2.77, -2.78, -2.8, -2.83, -2.84, -2.84, -2.84, -3.49, -3.45, -3.4, -3.33, -3.24, -3.12, -2.97, -2.81, -2.35, -2.42, -2.5, -2.56, -2.76, -2.82, -2.84, -2.87, -2.89, -2.88, -2.87, -2.85, -3.45, -3.42, -3.37, -3.31, -3.24, -3.15, -3.06, -2.47, -2.54, -2.58, -2.62, -2.64, -3.28, -2.86, -2.89, -2.94, -2.97, -2.94, -2.88, -2.85, -3.43, -3.4, -3.36, -2.53, -2.54, -2.55, -2.58, -2.62, -2.67, -2.7, -2.69, -3.08, -3.1, -2.88, -2.93, -3.01, -3.12, -3.0, -2.87, -2.84, -2.53, -2.54, -2.55, -2.56, -2.58, -2.61, -2.67, -2.74, -2.84, -2.89, -2.83, -3.23, -3.1, -3.07, -3.06, -3.02, -3.46, -2.85, -2.79, -2.8, -2.55, -2.56, -2.57, -2.59, -2.61, -2.66, -2.72, -2.83, -3.0, -3.14, -2.94, -3.2, -3.23, -3.05, -3.02, -2.97, -2.72, -2.45, -2.7, -2.77, -2.56, -2.57, -2.58, -2.6, -2.63, -2.67, -2.73, -2.83, -2.99, -3.12, -3.16, -3.13, -3.17, -3.04, -2.99, -2.76, -2.69, -2.63, -2.71, -2.76, -2.56, -2.58, -2.59, -2.61, -2.63, -2.67, -2.71, -2.77, -2.83, -2.84, -3.01, -3.02, -3.08, -2.68, -2.72, -2.72, -2.7, -2.69, -2.69, -2.71, -2.57, -2.58, -2.59, -2.61, -2.63, -2.65, -2.67, -2.69, -2.68, -2.84, -2.78, -2.55, -2.53, -2.48, -2.68, -2.7, -2.7, -2.7, -2.7, -2.71, -2.57, -2.58, -2.59, -2.6, -2.62, -2.63, -2.63, -2.63, -2.59, -2.64, -2.39, -2.47, -2.49, -2.47, -2.65, -2.68, -2.69, -2.7, -2.7, -2.71, -2.57, -2.58, -2.59, -2.6, -2.6, -2.61, -2.61, -2.59, -2.54, -2.46, -2.41, -2.45, -2.47, -2.47, -2.63, -2.66, -2.68, -2.69, -2.7, -2.7, -2.57, -2.58, -2.58, -2.59, -2.59, -2.59, -2.59, -2.57, -2.53, -2.49, -2.47, -2.47, -2.47, -2.46, -2.62, -2.65, -2.67, -2.68, -2.69, -2.7, -2.57, -2.57, -2.58, -2.58, -2.59, -2.58, -2.58, -2.55, -2.53, -2.5, -2.49, -2.48, -2.48, -2.47, -2.62, -2.64, -2.66, -2.67, -2.68, -2.69]}, {"header": {"refTime": "2023-09-09T04:00:00.000Z", "nx": 21, "ny": 33, "lo1": 113.509, "la1": 22.2235, "lo2": 113.5947, "la2": 22.1034, "dx": 0.0042850000000001385, "dy": 0.003753125000000024, "parameterCategory": 2, "parameterCategoryName": "Temperature", "parameterNumber": 3}, "data": [0.19, 0.2, 0.21, 0.78, 0.75, 0.77, 0.73, 0.68, 0.67, 0.71, 0.8, 0.88, 1.44, 1.52, 1.62, 1.71, 2.63, 2.67, 2.7, 2.72, 0.18, 0.19, 0.21, 0.22, 0.75, 0.7, 0.69, 0.6, 0.54, 0.63, 0.79, 0.91, 1.48, 1.55, 1.66, 2.57, 2.64, 2.69, 2.72, 2.74, 0.17, 0.18, 0.2, 0.22, 0.77, 0.72, 0.64, 0.53, 0.27, 0.57, 0.81, 0.97, 1.53, 1.6, 2.47, 2.58, 2.66, 2.72, 2.76, 2.77, 0.15, 0.17, 0.19, 0.22, 0.25, 0.76, 0.7, 0.58, 0.48, 0.68, 0.9, 1.08, 1.59, 1.84, 2.45, 2.6, 2.71, 2.78, 2.81, 2.82, 0.14, 0.15, 0.17, 0.2, 0.24, 0.83, 0.8, 0.77, 0.75, 0.85, 1.01, 1.78, 1.63, 1.82, 2.46, 2.66, 2.79, 2.86, 2.88, 2.86, 0.11, 0.12, 0.14, 0.17, 0.22, 0.3, 0.91, 0.93, 0.95, 0.96, 1.87, 1.88, 1.8, 2.34, 2.56, 2.76, 2.92, 2.99, 2.96, 2.92, 0.88, 0.08, 0.09, 0.12, 0.18, 0.28, 0.71, 1.07, 1.1, 1.65, 1.76, 2.12, 2.71, 2.66, 2.69, 2.86, 3.08, 3.17, 3.05, 2.97, 0.87, 0.83, 0.78, 0.78, 0.78, 0.42, 0.63, 0.95, 1.41, 1.58, 1.46, 2.78, 3.01, 2.91, 3.33, 3.33, 3.33, 3.33, 3.33, 3.33, 0.86, 0.81, 0.73, 0.63, 0.6, 0.65, 0.88, 0.74, 1.6, 1.69, 2.35, 2.83, 3.11, 2.98, 3.34, 3.33, 3.33, 3.33, 3.33, 3.33, 1.38, 1.3, 1.18, 0.55, 0.3, 0.2, 0.65, 1.14, 1.9, 1.83, 2.6, 2.88, 3.11, 2.98, 3.34, 3.34, 3.33, 3.33, 3.33, 3.33, 1.41, 1.33, 1.21, 0.99, 0.52, -0.85, 0.89, 1.8, 1.75, 2.13, 2.67, 2.81, 2.91, 2.9, 3.34, 3.34, 3.34, 3.33, 3.33, 3.33, 1.46, 1.4, 1.32, 1.18, 0.95, 0.84, 1.53, 2.35, 2.67, 3.19, 2.75, 3.3, 3.31, 2.83, 3.34, 3.34, 3.34, 2.89, 2.88, 2.87, 1.52, 1.49, 1.46, 1.45, 1.5, 1.8, 2.27, 2.47, 2.61, 2.37, 3.2, 3.29, 3.3, 2.84, 2.8, 2.78, 2.78, 2.79, 2.79, 2.8, 1.58, 1.58, 1.6, 1.66, 1.82, 2.19, 2.78, 2.45, 2.38, 2.3, 3.19, 2.8, 2.73, 2.66, 2.64, 2.64, 2.65, 2.68, 2.7, 2.73, 1.64, 1.66, 1.7, 1.79, 1.94, 2.16, 2.35, 3.03, 3.03, 3.03, 3.03, 2.53, 2.59, 2.5, 2.44, 2.47, 2.51, 2.57, 2.61, 2.65, 1.69, 1.72, 1.66, 1.74, 1.86, 3.01, 3.0, 3.0, 3.0, 3.0, 2.58, 2.46, 2.33, 2.24, 2.18, 2.49, 2.61, 2.73, 2.83, 2.91, 1.65, 1.69, 1.74, 1.82, 2.99, 2.99, 2.98, 2.97, 2.96, 2.97, 2.54, 2.41, 2.24, 2.05, 2.09, 2.21, 2.41, 2.56, 2.67, 2.75, 1.7, 1.74, 1.8, 1.88, 2.98, 2.97, 2.95, 2.92, 2.91, 2.62, 2.5, 2.39, 2.2, 2.09, 1.71, 2.14, 2.43, 2.61, 2.72, 2.8, 1.74, 1.79, 1.85, 2.98, 2.97, 2.95, 2.93, 2.88, 2.77, 2.65, 2.46, 2.31, 2.46, 2.25, 2.11, 2.31, 2.55, 2.71, 2.81, 2.86, 1.78, 1.82, 2.85, 2.85, 2.84, 2.84, 2.83, 2.83, 2.7, 2.6, 2.48, 2.35, 2.6, 2.52, 2.48, 2.6, 2.76, 2.86, 2.92, 2.95, 2.85, 2.84, 2.84, 2.84, 2.84, 2.83, 2.83, 2.82, 2.61, 2.56, 2.48, 2.39, 2.76, 2.72, 2.78, 2.88, 2.99, 3.04, 3.05, 3.04, 2.84, 2.84, 2.84, 2.83, 2.83, 2.82, 2.82, 2.49, 2.57, 2.54, 2.49, 2.43, 2.86, 2.91, 3.0, 3.13, 3.23, 3.23, 3.17, 3.12, 2.84, 2.83, 2.83, 2.36, 2.38, 2.4, 2.42, 2.44, 2.45, 2.45, 2.42, 3.18, 3.24, 3.04, 3.16, 3.34, 3.52, 3.41, 3.26, 3.17, 2.3, 2.31, 2.32, 2.33, 2.35, 2.36, 2.39, 2.42, 2.45, 2.46, 2.41, 2.74, 3.22, 3.32, 3.42, 3.42, 3.93, 3.38, 3.25, 3.19, 2.28, 2.29, 2.29, 2.3, 2.31, 2.32, 2.34, 2.39, 2.48, 2.57, 2.42, 2.66, 2.78, 3.29, 3.38, 3.43, 3.26, 3.06, 3.18, 3.17, 2.26, 2.26, 2.26, 2.26, 2.27, 2.27, 2.29, 2.33, 2.43, 2.52, 2.53, 2.54, 2.66, 3.26, 3.32, 3.12, 3.14, 3.12, 3.17, 3.16, 2.24, 2.24, 2.23, 2.23, 2.22, 2.22, 2.21, 2.22, 2.23, 2.2, 2.31, 2.36, 2.5, 2.67, 2.85, 2.98, 3.05, 3.06, 3.07, 3.06, 2.22, 2.22, 2.21, 2.19, 2.18, 2.16, 2.13, 2.09, 2.01, 2.03, 1.95, 1.84, 1.95, 2.05, 2.72, 2.86, 2.94, 2.98, 3.0, 3.01, 2.2, 2.19, 2.18, 2.16, 2.14, 2.11, 2.06, 1.98, 1.84, 1.71, 1.37, 1.66, 1.86, 1.98, 2.61, 2.75, 2.85, 2.9, 2.93, 2.95, 2.19, 2.17, 2.16, 2.14, 2.11, 2.07, 2.01, 1.92, 1.76, 1.58, 1.46, 1.65, 1.82, 1.95, 2.53, 2.67, 2.77, 2.83, 2.87, 2.9, 2.17, 2.16, 2.14, 2.12, 2.08, 2.04, 1.99, 1.91, 1.79, 1.7, 1.66, 1.73, 1.84, 1.94, 2.49, 2.61, 2.71, 2.77, 2.82, 2.85, 2.16, 2.14, 2.13, 2.1, 2.07, 2.03, 1.98, 1.89, 1.84, 1.79, 1.78, 1.81, 1.88, 1.95, 2.47, 2.58, 2.66, 2.73, 2.77, 2.81]}, {"header": {"refTime": "2023-09-09T04:00:00.000Z", "nx": 21, "ny": 33, "lo1": 113.509, "la1": 22.2235, "lo2": 113.5947, "la2": 22.1034, "dx": 0.0042850000000001385, "dy": 0.003753125000000024, "parameterCategory": 0, "parameterCategoryName": "Temperature", "parameterNumber": 0}, "data": [[25.97, 25.97, 25.97, 25.74, 25.75, 26.04, 26.04, 26.04, 26.05, 25.95, 25.95, 25.96, 26.25, 26.27, 26.34, 26.35, 26.47, 26.48, 26.48, 26.48], [25.97, 25.97, 25.97, 25.96, 25.75, 25.77, 26.03, 26.03, 26.04, 25.95, 25.96, 25.98, 26.27, 26.28, 26.35, 26.47, 26.47, 26.48, 26.48, 26.49], [25.97, 25.97, 25.97, 25.96, 25.74, 25.76, 25.8, 26.02, 26.01, 25.96, 25.97, 26.0, 26.29, 26.3, 26.46, 26.47, 26.48, 26.49, 26.49, 26.49], [25.97, 25.97, 25.97, 25.96, 25.96, 25.75, 25.78, 25.82, 25.86, 25.94, 25.96, 26.04, 26.32, 26.16, 26.46, 26.47, 26.49, 26.49, 26.5, 26.5], [25.97, 25.97, 25.97, 25.96, 25.96, 25.73, 25.74, 25.75, 25.75, 25.88, 25.93, 26.16, 26.31, 26.2, 26.46, 26.48, 26.5, 26.51, 26.51, 26.51], [25.97, 25.97, 25.97, 25.96, 25.96, 25.95, 25.71, 25.7, 25.68, 25.62, 25.94, 26.1, 26.22, 26.4, 26.46, 26.49, 26.52, 26.53, 26.53, 26.52], [25.97, 25.98, 25.97, 25.97, 25.96, 25.95, 25.72, 25.69, 25.66, 25.64, 25.62, 26.0, 26.4, 26.4, 26.47, 26.5, 26.55, 26.57, 26.56, 26.55], [25.97, 25.97, 25.97, 25.97, 25.97, 25.78, 25.75, 25.74, 25.77, 25.59, 25.39, 26.03, 26.04, 26.4, 26.53, 26.5, 26.55, 26.56, 26.54, 26.52], [25.93, 25.93, 25.99, 25.99, 25.99, 25.98, 25.94, 25.74, 25.61, 25.67, 25.66, 25.84, 25.92, 25.81, 26.52, 26.5, 26.52, 26.53, 26.53, 26.52], [26.1, 26.1, 26.1, 25.96, 25.98, 26.03, 26.0, 25.94, 25.46, 25.49, 25.93, 25.73, 25.79, 25.76, 26.52, 26.49, 26.5, 26.51, 26.51, 26.51], [26.1, 26.1, 26.1, 26.1, 26.1, 26.1, 26.1, 26.1, 25.99, 25.59, 25.2, 25.66, 25.71, 25.71, 26.52, 26.48, 26.49, 26.5, 26.5, 26.5], [26.1, 26.1, 26.1, 26.1, 26.1, 26.1, 26.1, 26.1, 26.1, -999.0, 25.2, 26.4, 26.4, 25.68, 26.52, 26.47, 26.48, 25.8, 25.82, 25.83], [26.1, 26.1, 26.1, 26.1, 26.1, 26.1, 26.1, 26.1, 26.1, 26.1, -999.0, 26.4, 26.4, 25.62, 25.96, 26.09, 26.1, 25.93, 25.95, 25.97], [26.1, 26.1, 26.1, 26.1, 26.1, 26.1, 26.1, 26.1, 26.1, 26.1, -999.0, 25.2, 25.2, 25.2, 25.86, 25.97, 26.0, 25.82, 25.86, 25.89], [26.1, 26.1, 26.1, 26.1, 26.1, 26.1, 26.1, 26.2, 26.2, 26.2, 26.2, 25.82, 25.2, 25.2, 25.2, 25.84, 25.88, 25.72, 25.77, 25.81], [26.1, 26.1, 26.16, 26.16, 26.17, 26.2, 26.2, 26.2, 26.2, 26.2, 25.57, 25.64, 25.55, 25.46, 25.56, 25.46, 25.5, 25.43, 25.75, 25.79], [26.16, 26.16, 26.14, 26.14, 26.2, 26.2, 26.2, 26.2, 26.2, 26.2, 25.77, 25.65, 25.52, 25.4, 25.4, 25.39, 25.46, 25.52, 25.55, 25.58], [26.14, 26.14, 26.14, 26.14, 26.2, 26.2, 26.2, 26.2, 26.2, 25.95, 25.81, 25.66, 25.51, 25.41, 25.23, 25.37, 25.47, 25.53, 25.57, 25.6], [26.14, 26.14, 26.14, 26.2, 26.2, 26.2, 26.2, 26.2, 26.11, 26.01, 25.91, 25.79, 25.6, 25.47, 25.36, 25.43, 25.51, 25.57, 25.6, 25.62], [26.14, 26.14, 26.2, 26.2, 26.2, 26.2, 26.2, 26.2, 26.11, 26.03, 25.93, 25.83, 25.65, 25.58, 25.49, 25.53, 25.58, 25.62, 25.64, 25.65], [26.2, 26.2, 26.2, 26.2, 26.2, 26.2, 26.2, 26.2, 26.04, 26.0, 25.94, 25.86, 25.7, 25.56, 25.58, 25.62, 25.65, 25.67, 25.68, 25.68], [26.2, 26.2, 26.2, 26.2, 26.2, 26.2, 26.2, 26.2, 26.03, 26.0, 25.96, 25.9, 25.75, 25.63, 25.66, 25.69, 25.72, 25.73, 25.72, 25.71], [26.2, 26.2, 26.2, 26.2, 26.2, 26.2, 26.2, 26.2, 26.2, 26.2, 26.2, 26.12, 25.98, 25.67, 25.71, 25.75, 25.79, 25.79, 25.76, 25.74], [26.2, 26.2, 26.2, 26.2, 26.2, 26.2, 26.2, 26.2, 26.2, 26.2, 26.2, 26.13, 25.99, 25.95, 25.92, 25.78, 25.86, 25.81, 25.78, 25.75], [26.2, 26.2, 26.2, 26.2, 26.2, 26.2, 26.2, 26.2, 26.2, 26.2, 26.2, 26.14, 26.11, 25.96, 25.92, 25.89, 25.81, 25.8, 25.78, 25.76], [26.2, 26.2, 26.2, 26.2, 26.2, 26.2, 26.2, 26.2, 26.2, 26.2, 26.16, 26.14, 26.12, 25.96, 25.93, 25.9, 25.88, 25.87, 25.77, 25.75], [26.2, 26.2, 26.2, 26.2, 26.2, 26.2, 26.2, 26.2, 26.2, 26.2, 26.16, 26.15, 26.13, 25.97, 25.94, 25.92, 25.9, 25.9, 25.9, 25.9], [26.2, 26.2, 26.2, 26.2, 26.2, 26.2, 26.2, 26.2, 26.2, 26.17, 26.17, 26.14, 26.11, 26.08, 25.96, 25.94, 25.92, 25.91, 25.91, 25.91], [26.2, 26.2, 26.2, 26.2, 26.2, 26.2, 26.2, 26.2, 26.2, 26.18, 26.18, 26.15, 26.12, 26.09, 25.98, 25.96, 25.94, 25.93, 25.92, 25.92], [26.2, 26.2, 26.2, 26.2, 26.2, 26.2, 26.2, 26.2, 26.15, 26.17, 26.17, 26.15, 26.12, 26.1, 25.99, 25.97, 25.95, 25.94, 25.94, 25.93], [26.2, 26.2, 26.2, 26.2, 26.2, 26.2, 26.2, 26.2, 26.15, 26.15, 26.15, 26.14, 26.12, 26.1, 26.0, 25.98, 25.96, 25.95, 25.95, 25.94], [26.2, 26.2, 26.2, 26.2, 26.2, 26.2, 26.2, 26.13, 26.14, 26.14, 26.14, 26.13, 26.11, 26.1, 26.0, 25.99, 25.97, 25.96, 25.95, 25.95]]}]