gis_exercise/awsData/contour/wdir.json
[{"header": {"refTime": "2023-09-14T16:33:00.000Z", "nx": 21, "ny": 33, "lo1": 113.509, "la1": 22.2235, "lo2": 113.5947, "la2": 22.1034, "dx": 0.0042850000000001385, "dy": 0.003753125000000024, "parameterCategory": 2, "parameterCategoryName": "Temperature", "parameterNumber": 2}, "data": [-0.73, -0.71, -0.68, -0.45, -0.42, -0.43, -0.38, -0.34, -0.32, -0.24, -0.3, -0.36, -0.48, -0.51, -0.83, -0.89, -1.21, -1.24, -1.26, -1.27, -0.75, -0.73, -0.7, -0.66, -0.43, -0.38, -0.35, -0.26, -0.21, -0.19, -0.29, -0.37, -0.5, -0.54, -0.85, -1.18, -1.22, -1.26, -1.28, -1.29, -0.77, -0.75, -0.72, -0.69, -0.45, -0.4, -0.32, -0.21, 0.03, -0.15, -0.31, -0.41, -0.55, -0.57, -1.12, -1.19, -1.25, -1.29, -1.31, -1.32, -0.79, -0.78, -0.76, -0.73, -0.68, -0.45, -0.38, -0.27, -0.17, -0.22, -0.37, -0.49, -0.62, -0.75, -1.11, -1.21, -1.29, -1.34, -1.36, -1.36, -0.82, -0.81, -0.8, -0.78, -0.75, -0.51, -0.49, -0.45, -0.42, -0.34, -0.44, -0.74, -0.75, -0.75, -1.12, -1.25, -1.36, -1.42, -1.43, -1.41, -0.85, -0.85, -0.84, -0.84, -0.82, -0.8, -0.61, -0.62, -0.62, -0.59, -0.72, -0.74, -0.75, -0.87, -1.15, -1.32, -1.48, -1.55, -1.51, -1.46, -1.55, -0.89, -0.89, -0.9, -0.9, -0.9, -1.07, -0.79, -0.81, -0.84, -0.77, -0.75, -0.9, -0.91, -1.19, -1.39, -1.64, -1.74, -1.62, -1.54, -1.56, -1.55, -1.53, -1.48, -1.47, -1.1, -1.09, -1.09, -1.09, -0.82, -0.66, -0.86, -0.91, -0.95, -1.31, -1.47, -1.68, -1.76, -1.64, -1.57, -1.57, -1.56, -1.54, -1.52, -1.47, -1.47, -1.45, -1.08, -1.18, -0.86, -0.81, -0.91, -1.01, -0.96, -1.28, -1.42, -1.54, -1.6, -1.58, -1.54, -1.84, -1.82, -1.79, -1.53, -1.5, -1.46, -1.49, -1.53, -1.32, -1.24, -0.87, -0.95, -1.03, -0.97, -1.27, -1.37, -1.45, -1.5, -1.51, -1.5, -1.84, -1.83, -1.8, -1.76, -1.66, -1.37, -1.73, -1.9, -1.71, -1.44, -1.29, -0.93, -0.96, -0.95, -1.27, -1.34, -1.4, -1.44, -1.46, -1.46, -1.86, -1.84, -1.83, -1.8, -1.75, -1.73, -1.86, -2.0, -2.05, -1.95, -1.41, -1.38, -1.32, -0.93, -1.28, -1.32, -1.37, -1.41, -1.42, -1.42, -1.87, -1.86, -1.86, -1.86, -1.87, -1.94, -2.04, -2.05, -2.05, -2.02, -1.88, -1.44, -1.37, -1.01, -1.0, -1.31, -1.33, -1.35, -1.37, -1.38, -1.88, -1.88, -1.89, -1.9, -1.94, -2.03, -2.19, -2.07, -2.03, -2.01, -1.91, -1.46, -1.38, -1.33, -0.99, -1.26, -1.28, -1.3, -1.32, -1.34, -1.9, -1.9, -1.91, -1.93, -1.97, -2.02, -2.06, -1.93, -1.86, -1.8, -1.76, -1.29, -1.34, -1.28, -1.25, -1.2, -1.23, -1.26, -1.28, -1.3, -1.91, -1.91, -1.54, -1.56, -1.59, -1.81, -1.8, -1.75, -1.7, -1.67, -1.25, -1.21, -1.17, -0.93, -0.93, -0.89, -0.88, -0.86, -1.06, -1.07, -1.49, -1.5, -1.5, -1.51, -1.71, -1.68, -1.62, -1.54, -1.49, -1.49, -1.15, -1.14, -1.11, -1.06, -0.85, -0.69, -0.6, -0.54, -0.49, -0.45, -1.47, -1.47, -1.46, -1.45, -1.62, -1.55, -1.44, -1.29, -1.21, -1.07, -1.11, -1.09, -1.07, -0.85, -0.92, -0.72, -0.6, -0.52, -0.47, -0.43, -1.45, -1.44, -1.43, -1.6, -1.54, -1.45, -1.31, -1.07, -0.81, -0.98, -0.72, -0.74, -0.79, -0.82, -0.73, -0.65, -0.55, -0.48, -0.43, -0.4, -1.43, -1.42, -1.14, -1.11, -1.08, -1.03, -0.96, -0.88, -0.71, -0.7, -0.71, -0.72, -0.77, -0.78, -0.58, -0.53, -0.47, -0.42, -0.39, -0.37, -1.12, -1.11, -1.09, -1.06, -1.03, -0.99, -0.94, -0.89, -0.68, -0.68, -0.68, -0.7, -0.74, -0.48, -0.47, -0.43, -0.39, -0.36, -0.34, -0.33, -1.09, -1.07, -1.05, -1.02, -0.99, -0.95, -0.9, -0.54, -0.64, -0.64, -0.65, -0.67, -0.61, -0.41, -0.38, -0.35, -0.32, -0.29, -0.28, -0.28, -1.06, -1.04, -1.02, -0.51, -0.51, -0.51, -0.51, -0.5, -0.49, -0.49, -0.48, -0.51, -0.22, -0.35, -0.32, -0.29, -0.28, -0.24, -0.23, -0.24, -0.49, -0.49, -0.49, -0.49, -0.49, -0.49, -0.48, -0.47, -0.45, -0.45, -0.45, -0.4, -0.23, -0.2, -0.19, -0.25, -0.33, -0.14, -0.17, -0.21, -0.49, -0.49, -0.49, -0.48, -0.48, -0.47, -0.46, -0.45, -0.43, -0.41, -0.43, -0.39, -0.4, -0.2, -0.17, -0.15, -0.1, 0.0, -0.13, -0.19, -0.48, -0.48, -0.48, -0.47, -0.47, -0.46, -0.45, -0.43, -0.42, -0.41, -0.39, -0.39, -0.39, -0.2, -0.17, -0.13, -0.08, -0.06, -0.15, -0.19, -0.48, -0.47, -0.47, -0.46, -0.46, -0.45, -0.44, -0.43, -0.42, -0.41, -0.38, -0.38, -0.39, -0.19, -0.16, -0.14, -0.11, -0.1, -0.1, -0.11, -0.47, -0.47, -0.46, -0.46, -0.45, -0.44, -0.43, -0.42, -0.41, -0.37, -0.37, -0.27, -0.23, -0.18, -0.17, -0.15, -0.13, -0.12, -0.12, -0.12, -0.47, -0.46, -0.46, -0.45, -0.45, -0.44, -0.43, -0.42, -0.4, -0.36, -0.32, -0.28, -0.24, -0.19, -0.19, -0.16, -0.15, -0.14, -0.14, -0.14, -0.47, -0.46, -0.46, -0.45, -0.44, -0.44, -0.43, -0.41, -0.28, -0.3, -0.31, -0.28, -0.24, -0.2, -0.19, -0.18, -0.16, -0.15, -0.15, -0.15, -0.46, -0.46, -0.45, -0.45, -0.44, -0.43, -0.43, -0.42, -0.27, -0.28, -0.28, -0.26, -0.23, -0.2, -0.2, -0.18, -0.17, -0.16, -0.16, -0.15, -0.46, -0.46, -0.45, -0.45, -0.44, -0.43, -0.43, -0.25, -0.26, -0.26, -0.26, -0.24, -0.23, -0.2, -0.2, -0.19, -0.18, -0.17, -0.16, -0.16]}, {"header": {"refTime": "2023-09-14T16:33:00.000Z", "nx": 21, "ny": 33, "lo1": 113.509, "la1": 22.2235, "lo2": 113.5947, "la2": 22.1034, "dx": 0.0042850000000001385, "dy": 0.003753125000000024, "parameterCategory": 2, "parameterCategoryName": "Temperature", "parameterNumber": 3}, "data": [0.42, 0.42, 0.42, 0.38, 0.39, 0.69, 0.69, 0.69, 0.7, 0.72, 0.76, 0.79, 1.31, 1.35, 1.49, 1.55, 2.04, 2.06, 2.08, 2.1, 0.41, 0.42, 0.42, 0.43, 0.39, 0.41, 0.67, 0.67, 0.67, 0.7, 0.76, 0.82, 1.33, 1.37, 1.52, 2.01, 2.05, 2.08, 2.1, 2.11, 0.41, 0.41, 0.42, 0.42, 0.38, 0.4, 0.43, 0.65, 0.61, 0.68, 0.77, 0.86, 1.37, 1.41, 1.94, 2.01, 2.06, 2.1, 2.12, 2.14, 0.41, 0.41, 0.41, 0.41, 0.42, 0.38, 0.41, 0.45, 0.48, 0.7, 0.8, 0.94, 1.42, 1.36, 1.93, 2.03, 2.1, 2.14, 2.16, 2.16, 0.4, 0.4, 0.4, 0.41, 0.41, 0.36, 0.37, 0.38, 0.39, 0.71, 0.81, 1.33, 1.39, 1.38, 1.94, 2.06, 2.15, 2.2, 2.21, 2.2, 0.4, 0.4, 0.4, 0.4, 0.39, 0.39, 0.34, 0.33, 0.32, 0.31, 1.16, 1.31, 1.39, 1.7, 1.99, 2.13, 2.24, 2.29, 2.27, 2.24, 0.6, 0.39, 0.39, 0.39, 0.38, 0.37, 0.26, 0.29, 0.27, 0.6, 0.71, 1.33, 1.85, 1.81, 2.06, 2.19, 2.36, 2.43, 2.26, 2.17, 0.6, 0.59, 0.58, 0.61, 0.59, 0.28, 0.26, 0.24, 0.34, 0.53, 0.43, 1.63, 1.82, 1.88, 2.17, 2.27, 2.4, 2.45, 2.38, 2.33, 0.61, 0.6, 0.59, 0.57, 0.59, 0.58, 0.57, 0.26, 0.43, 0.64, 1.17, 1.57, 1.72, 1.65, 2.13, 2.23, 2.31, 2.35, 2.34, 2.31, 0.97, 0.95, 0.92, 0.58, 0.54, 0.56, 0.62, 0.68, 0.63, 0.59, 1.36, 1.54, 1.67, 1.62, 2.11, 2.19, 2.25, 2.28, 2.29, 2.28, 0.97, 0.95, 0.92, 0.87, 0.75, 0.42, 0.85, 1.09, 0.92, 0.78, 1.2, 1.5, 1.57, 1.57, 2.11, 2.17, 2.21, 2.24, 2.26, 2.26, 0.98, 0.97, 0.95, 0.91, 0.86, 0.83, 1.01, 1.24, 1.33, 1.5, 1.24, 1.81, 1.83, 1.53, 2.12, 2.16, 2.19, 2.03, 2.04, 2.05, 1.0, 0.99, 0.98, 0.98, 0.99, 1.05, 1.17, 1.25, 1.3, 1.23, 1.52, 1.79, 1.81, 1.83, 1.83, 1.93, 1.95, 1.97, 1.99, 2.0, 1.01, 1.01, 1.02, 1.03, 1.06, 1.14, 1.26, 1.22, 1.22, 1.21, 1.5, 1.59, 1.6, 1.6, 1.79, 1.88, 1.9, 1.92, 1.95, 1.96, 1.03, 1.03, 1.04, 1.06, 1.09, 1.14, 1.18, 1.38, 1.4, 1.41, 1.41, 1.49, 1.59, 1.59, 1.59, 1.82, 1.85, 1.88, 1.9, 1.93, 1.04, 1.05, 1.04, 1.06, 1.08, 1.38, 1.38, 1.39, 1.4, 1.41, 1.48, 1.49, 1.5, 1.56, 1.56, 1.51, 1.5, 1.49, 1.69, 1.7, 1.04, 1.05, 1.06, 1.08, 1.39, 1.39, 1.4, 1.4, 1.41, 1.41, 1.48, 1.49, 1.5, 1.52, 1.48, 1.39, 1.34, 1.3, 1.27, 1.25, 1.06, 1.07, 1.08, 1.1, 1.4, 1.4, 1.4, 1.41, 1.41, 1.42, 1.43, 1.49, 1.5, 1.48, 1.53, 1.41, 1.34, 1.29, 1.26, 1.23, 1.07, 1.08, 1.1, 1.4, 1.4, 1.4, 1.41, 1.42, 1.42, 1.43, 1.41, 1.42, 1.43, 1.46, 1.42, 1.37, 1.3, 1.26, 1.23, 1.22, 1.08, 1.09, 1.31, 1.31, 1.32, 1.33, 1.34, 1.37, 1.4, 1.4, 1.39, 1.4, 1.41, 1.42, 1.32, 1.29, 1.25, 1.22, 1.2, 1.19, 1.3, 1.3, 1.3, 1.3, 1.31, 1.32, 1.32, 1.34, 1.38, 1.37, 1.37, 1.38, 1.39, 1.26, 1.25, 1.22, 1.2, 1.18, 1.17, 1.17, 1.29, 1.29, 1.29, 1.3, 1.3, 1.3, 1.3, 1.11, 1.34, 1.34, 1.34, 1.36, 1.27, 1.21, 1.19, 1.17, 1.15, 1.14, 1.14, 1.14, 1.29, 1.29, 1.29, 1.01, 1.02, 1.04, 1.05, 1.06, 1.06, 1.05, 1.03, 1.21, 1.07, 1.18, 1.16, 1.13, 1.11, 1.1, 1.11, 1.12, 0.97, 0.98, 0.98, 0.99, 0.99, 1.0, 1.01, 1.02, 1.03, 1.03, 1.0, 0.9, 1.08, 1.07, 1.06, 1.1, 1.09, 1.06, 1.08, 1.11, 0.95, 0.96, 0.96, 0.96, 0.96, 0.96, 0.97, 0.99, 1.03, 1.07, 0.99, 0.88, 0.86, 1.07, 1.06, 1.05, 1.05, 1.03, 1.07, 1.1, 0.94, 0.94, 0.94, 0.93, 0.93, 0.93, 0.93, 0.94, 0.99, 1.03, 0.9, 0.83, 0.82, 1.07, 1.06, 0.91, 0.94, 0.95, 1.08, 1.1, 0.92, 0.92, 0.91, 0.91, 0.9, 0.89, 0.88, 0.87, 0.87, 0.85, 0.76, 0.74, 0.76, 0.74, 0.81, 0.86, 0.89, 0.91, 0.91, 0.9, 0.91, 0.9, 0.89, 0.88, 0.87, 0.85, 0.83, 0.79, 0.74, 0.62, 0.57, 0.6, 0.65, 0.7, 0.76, 0.82, 0.85, 0.87, 0.88, 0.88, 0.89, 0.89, 0.87, 0.86, 0.84, 0.82, 0.78, 0.73, 0.64, 0.46, 0.32, 0.49, 0.6, 0.67, 0.72, 0.78, 0.81, 0.84, 0.85, 0.85, 0.88, 0.87, 0.86, 0.84, 0.82, 0.79, 0.75, 0.69, 0.55, 0.44, 0.37, 0.48, 0.58, 0.64, 0.7, 0.75, 0.78, 0.81, 0.82, 0.83, 0.87, 0.86, 0.85, 0.83, 0.81, 0.78, 0.74, 0.69, 0.56, 0.51, 0.49, 0.53, 0.59, 0.64, 0.68, 0.73, 0.76, 0.79, 0.8, 0.81, 0.86, 0.85, 0.84, 0.82, 0.8, 0.77, 0.74, 0.62, 0.59, 0.56, 0.56, 0.57, 0.61, 0.65, 0.67, 0.71, 0.74, 0.77, 0.78, 0.8]}, {"header": {"refTime": "2023-09-14T16:33:00.000Z", "nx": 21, "ny": 33, "lo1": 113.509, "la1": 22.2235, "lo2": 113.5947, "la2": 22.1034, "dx": 0.0042850000000001385, "dy": 0.003753125000000024, "parameterCategory": 0, "parameterCategoryName": "Temperature", "parameterNumber": 0}, "data": [[27.55, 27.55, 27.55, 27.35, 27.37, 27.62, 27.63, 27.64, 27.64, 27.51, 27.49, 27.47, 27.7, 27.7, 27.67, 27.67, 27.66, 27.66, 27.66, 27.66], [27.54, 27.55, 27.55, 27.56, 27.37, 27.4, 27.63, 27.65, 27.66, 27.54, 27.5, 27.48, 27.7, 27.7, 27.67, 27.67, 27.66, 27.66, 27.66, 27.66], [27.54, 27.54, 27.55, 27.55, 27.36, 27.39, 27.44, 27.65, 27.69, 27.56, 27.5, 27.48, 27.7, 27.7, 27.67, 27.67, 27.66, 27.66, 27.66, 27.65], [27.54, 27.54, 27.54, 27.55, 27.55, 27.37, 27.41, 27.47, 27.52, 27.51, 27.47, 27.49, 27.7, 27.5, 27.67, 27.66, 27.66, 27.65, 27.65, 27.65], [27.53, 27.53, 27.53, 27.54, 27.54, 27.34, 27.36, 27.37, 27.37, 27.41, 27.41, 27.5, 27.62, 27.53, 27.67, 27.66, 27.65, 27.65, 27.64, 27.65], [27.53, 27.53, 27.53, 27.53, 27.53, 27.53, 27.32, 27.31, 27.27, 27.21, 27.32, 27.45, 27.55, 27.7, 27.67, 27.65, 27.64, 27.63, 27.64, 27.64], [27.46, 27.52, 27.52, 27.52, 27.52, 27.51, 27.25, 27.29, 27.25, 27.14, 27.09, 27.37, 27.7, 27.7, 27.67, 27.65, 27.63, 27.62, 27.62, 27.62], [27.46, 27.46, 27.46, 27.46, 27.46, 27.28, 27.27, 27.29, 27.34, 27.09, 26.87, 27.39, 27.4, 27.7, 27.64, 27.65, 27.63, 27.62, 27.63, 27.64], [27.44, 27.44, 27.46, 27.46, 27.46, 27.46, 27.45, 27.27, 27.18, 27.17, 27.08, 27.23, 27.3, 27.21, 27.64, 27.65, 27.64, 27.63, 27.64, 27.64], [27.5, 27.5, 27.5, 27.45, 27.46, 27.48, 27.47, 27.45, 27.0, 27.04, 27.31, 27.14, 27.19, 27.17, 27.64, 27.66, 27.65, 27.64, 27.64, 27.65], [27.5, 27.5, 27.5, 27.5, 27.5, 27.5, 27.5, 27.5, 27.46, 27.16, 26.7, 27.08, 27.13, 27.13, 27.64, 27.66, 27.65, 27.65, 27.65, 27.65], [27.5, 27.5, 27.5, 27.5, 27.5, 27.5, 27.5, 27.5, 27.5, -999.0, 26.7, 27.7, 27.7, 27.1, 27.64, 27.66, 27.66, 27.03, 27.05, 27.05], [27.5, 27.5, 27.5, 27.5, 27.5, 27.5, 27.5, 27.5, 27.5, 27.5, -999.0, 27.7, 27.7, 26.98, 27.3, 27.24, 27.24, 27.12, 27.14, 27.15], [27.5, 27.5, 27.5, 27.5, 27.5, 27.5, 27.5, 27.5, 27.5, 27.5, -999.0, 26.6, 26.6, 26.6, 27.2, 27.15, 27.17, 27.04, 27.07, 27.09], [27.5, 27.5, 27.5, 27.5, 27.5, 27.5, 27.5, 27.7, 27.7, 27.7, 27.7, 27.28, 26.6, 26.6, 26.6, 27.06, 27.09, 26.97, 27.01, 27.04], [27.5, 27.5, 27.63, 27.63, 27.63, 27.7, 27.7, 27.7, 27.7, 27.7, 27.01, 27.09, 26.98, 26.89, 26.99, 26.67, 26.68, 26.66, 26.91, 26.94], [27.63, 27.63, 27.57, 27.57, 27.7, 27.7, 27.7, 27.7, 27.7, 27.7, 27.23, 27.09, 26.95, 26.81, 26.75, 26.69, 26.72, 26.74, 26.76, 26.77], [27.57, 27.57, 27.58, 27.58, 27.7, 27.7, 27.7, 27.7, 27.7, 27.42, 27.27, 27.11, 26.94, 26.77, 26.62, 26.68, 26.72, 26.75, 26.77, 26.78], [27.58, 27.58, 27.58, 27.7, 27.7, 27.7, 27.7, 27.7, 27.6, 27.49, 27.33, 27.19, 26.94, 26.81, 26.67, 26.7, 26.74, 26.76, 26.78, 26.79], [27.58, 27.58, 27.53, 27.54, 27.55, 27.56, 27.59, 27.65, 27.56, 27.46, 27.34, 27.22, 26.97, 26.88, 26.73, 26.74, 26.77, 26.79, 26.8, 26.81], [27.52, 27.52, 27.53, 27.58, 27.58, 27.59, 27.6, 27.61, 27.46, 27.41, 27.33, 27.24, 27.0, 26.76, 26.77, 26.78, 26.8, 26.81, 26.82, 26.82], [27.56, 27.56, 27.56, 27.57, 27.57, 27.57, 27.57, 27.65, 27.4, 27.37, 27.32, 27.26, 26.92, 26.79, 26.8, 26.81, 26.83, 26.83, 26.84, 26.84], [27.55, 27.55, 27.55, 27.67, 27.66, 27.65, 27.64, 27.63, 27.61, 27.61, 27.62, 27.33, 27.08, 26.81, 26.82, 26.84, 26.84, 26.85, 26.86, 26.85], [27.68, 27.68, 27.67, 27.67, 27.66, 27.65, 27.63, 27.61, 27.57, 27.56, 27.59, 27.4, 27.09, 27.04, 26.99, 26.85, 26.84, 26.89, 26.88, 26.86], [27.68, 27.68, 27.67, 27.67, 27.66, 27.65, 27.63, 27.59, 27.53, 27.48, 27.56, 27.43, 27.39, 27.05, 27.0, 26.96, 26.9, 26.93, 26.89, 26.87], [27.68, 27.68, 27.68, 27.67, 27.67, 27.66, 27.64, 27.61, 27.55, 27.5, 27.48, 27.48, 27.44, 27.06, 27.01, 27.07, 27.03, 27.02, 26.88, 26.87], [27.69, 27.69, 27.68, 27.68, 27.68, 27.67, 27.66, 27.65, 27.63, 27.64, 27.56, 27.55, 27.5, 27.29, 27.2, 27.13, 27.09, 27.07, 27.07, 27.08], [27.69, 27.69, 27.69, 27.69, 27.69, 27.69, 27.69, 27.7, 27.72, 27.67, 27.7, 27.67, 27.6, 27.53, 27.26, 27.19, 27.15, 27.12, 27.11, 27.11], [27.7, 27.7, 27.7, 27.7, 27.7, 27.71, 27.72, 27.74, 27.78, 27.79, 27.91, 27.76, 27.65, 27.57, 27.32, 27.24, 27.2, 27.17, 27.15, 27.14], [27.7, 27.7, 27.7, 27.71, 27.71, 27.72, 27.73, 27.76, 27.72, 27.81, 27.86, 27.76, 27.67, 27.59, 27.35, 27.29, 27.24, 27.2, 27.18, 27.17], [27.7, 27.71, 27.71, 27.71, 27.72, 27.73, 27.74, 27.77, 27.7, 27.74, 27.76, 27.72, 27.65, 27.6, 27.38, 27.31, 27.27, 27.23, 27.21, 27.2], [27.71, 27.71, 27.71, 27.72, 27.72, 27.73, 27.75, 27.65, 27.67, 27.69, 27.7, 27.67, 27.63, 27.59, 27.39, 27.33, 27.29, 27.26, 27.24, 27.22]]}]