gis_exercise/awsData/contour/wdir_2023083119.json
[{"header": {"refTime": "2023-08-31T19:00:00.000Z", "nx": 21, "ny": 33, "lo1": 113.509, "la1": 22.2235, "lo2": 113.5947, "la2": 22.1034, "dx": 0.0042850000000001385, "dy": 0.003753125000000024, "parameterCategory": 2, "parameterCategoryName": "Temperature", "parameterNumber": 2}, "data": [0.34, 0.34, 0.33, 0.61, 0.58, 0.27, 0.24, 0.21, 0.19, 0.24, 0.27, 0.3, 0.31, 0.33, 0.32, 0.35, 0.72, 0.74, 0.75, 0.76, 0.35, 0.34, 0.34, 0.33, 0.59, 0.53, 0.23, 0.17, 0.13, 0.2, 0.26, 0.29, 0.3, 0.33, 0.32, 0.69, 0.72, 0.74, 0.76, 0.77, 0.35, 0.35, 0.35, 0.34, 0.6, 0.55, 0.46, 0.14, -0.0, 0.17, 0.26, 0.3, 0.3, 0.33, 0.64, 0.69, 0.73, 0.76, 0.78, 0.79, 0.36, 0.36, 0.36, 0.35, 0.35, 0.6, 0.52, 0.4, 0.29, 0.23, 0.3, 0.3, 0.28, 0.57, 0.62, 0.7, 0.75, 0.78, 0.8, 0.8, 0.36, 0.36, 0.37, 0.37, 0.38, 0.67, 0.64, 0.6, 0.59, 0.37, 0.38, 0.53, 0.28, 0.52, 0.63, 0.73, 0.79, 0.82, 0.83, 0.83, 0.36, 0.37, 0.37, 0.39, 0.4, 0.43, 0.75, 0.77, 0.8, 0.83, 0.83, 0.66, 0.48, 0.67, 0.68, 0.77, 0.85, 0.88, 0.87, 0.85, 0.56, 0.37, 0.38, 0.39, 0.42, 0.46, 0.87, 0.9, 0.94, 1.17, 1.19, 0.91, 0.9, 0.89, 0.76, 0.83, 0.92, 0.95, 0.96, 0.94, 0.55, 0.54, 0.54, 0.76, 0.77, 0.74, 0.83, 0.95, 1.09, 1.17, 1.22, 1.27, 1.28, 1.07, 1.26, 1.2, 1.12, 1.09, 1.13, 1.16, 0.54, 0.53, 0.51, 0.5, 0.69, 0.71, 0.81, 0.87, 1.19, 1.17, 1.31, 1.34, 1.42, 1.38, 1.29, 1.23, 1.17, 1.15, 1.16, 1.17, 0.66, 0.64, 0.61, 0.45, 0.4, 0.54, 0.7, 0.89, 1.27, 1.27, 1.34, 1.39, 1.45, 1.4, 1.3, 1.25, 1.21, 1.19, 1.19, 1.19, 0.66, 0.64, 0.61, 0.56, 0.45, 0.12, 0.57, 0.87, 1.09, 1.33, 1.46, 1.37, 1.39, 1.39, 1.31, 1.27, 1.24, 1.22, 1.21, 1.21, 0.67, 0.65, 0.63, 0.59, 0.53, 0.51, 0.71, 1.07, 1.24, 1.34, 1.47, 1.45, 1.45, 1.37, 1.3, 1.28, 1.25, 1.46, 1.45, 1.45, 0.68, 0.66, 0.65, 0.64, 0.63, 0.67, 0.75, 1.0, 1.16, 1.03, 1.31, 1.45, 1.45, 1.58, 1.6, 1.55, 1.53, 1.52, 1.5, 1.5, 0.69, 0.68, 0.68, 0.68, 0.69, 0.7, 0.68, 0.85, 0.96, 0.96, 1.27, 1.69, 1.71, 1.73, 1.65, 1.61, 1.59, 1.57, 1.55, 1.54, 0.7, 0.7, 0.7, 0.7, 0.71, 0.73, 0.76, 1.03, 1.11, 1.15, 1.17, 1.63, 1.75, 1.78, 1.79, 1.68, 1.65, 1.62, 1.6, 1.57, 0.71, 0.71, 0.63, 0.64, 0.65, 1.04, 1.04, 1.08, 1.12, 1.15, 1.58, 1.64, 1.7, 1.76, 1.79, 2.06, 2.08, 2.1, 1.97, 1.96, 0.65, 0.65, 0.67, 0.68, 1.08, 1.08, 1.1, 1.12, 1.14, 1.16, 1.57, 1.64, 1.73, 1.82, 2.01, 1.94, 1.92, 1.89, 1.88, 1.86, 0.67, 0.68, 0.7, 0.72, 1.1, 1.12, 1.14, 1.16, 1.18, 1.28, 1.35, 1.64, 1.74, 2.0, 2.01, 1.95, 1.92, 1.89, 1.87, 1.86, 0.69, 0.7, 0.72, 1.12, 1.12, 1.14, 1.16, 1.2, 1.25, 1.29, 1.46, 1.55, 1.94, 2.0, 1.96, 1.94, 1.91, 1.88, 1.86, 1.85, 0.7, 0.72, 1.04, 1.05, 1.06, 1.08, 1.12, 1.16, 1.31, 1.37, 1.44, 1.52, 1.95, 2.02, 1.92, 1.91, 1.89, 1.87, 1.85, 1.84, 1.04, 1.04, 1.05, 1.06, 1.08, 1.09, 1.12, 1.14, 1.35, 1.38, 1.43, 1.49, 1.98, 1.9, 1.9, 1.9, 1.89, 1.87, 1.84, 1.82, 1.05, 1.05, 1.06, 1.07, 1.08, 1.1, 1.12, 1.25, 1.36, 1.38, 1.42, 1.46, 1.99, 1.88, 1.89, 1.91, 1.91, 1.87, 1.82, 1.8, 1.05, 1.06, 1.07, 1.26, 1.26, 1.26, 1.26, 1.25, 1.25, 1.25, 1.25, 1.63, 1.57, 1.86, 1.88, 1.93, 2.01, 1.89, 1.78, 1.76, 1.27, 1.27, 1.27, 1.27, 1.26, 1.26, 1.26, 1.25, 1.25, 1.24, 1.25, 1.64, 1.55, 1.62, 1.7, 1.91, 2.31, 1.71, 1.68, 1.71, 1.27, 1.27, 1.27, 1.27, 1.27, 1.26, 1.26, 1.25, 1.24, 1.22, 1.25, 1.59, 1.73, 1.6, 1.65, 1.69, 1.58, 1.3, 1.58, 1.67, 1.27, 1.27, 1.27, 1.27, 1.27, 1.27, 1.26, 1.26, 1.24, 1.23, 1.44, 1.56, 1.69, 1.57, 1.6, 1.63, 1.54, 1.48, 1.6, 1.66, 1.27, 1.27, 1.27, 1.27, 1.27, 1.27, 1.27, 1.27, 1.27, 1.27, 1.48, 1.55, 1.66, 1.59, 1.61, 1.6, 1.57, 1.55, 1.56, 1.58, 1.28, 1.28, 1.28, 1.28, 1.28, 1.28, 1.28, 1.28, 1.29, 1.46, 1.48, 1.22, 1.17, 1.12, 1.58, 1.59, 1.58, 1.57, 1.57, 1.58, 1.28, 1.28, 1.28, 1.28, 1.28, 1.28, 1.29, 1.3, 1.31, 1.45, 1.34, 1.26, 1.19, 1.14, 1.57, 1.58, 1.58, 1.58, 1.58, 1.59, 1.28, 1.28, 1.28, 1.28, 1.28, 1.29, 1.29, 1.3, 1.25, 1.29, 1.31, 1.26, 1.2, 1.15, 1.56, 1.57, 1.58, 1.58, 1.58, 1.59, 1.28, 1.28, 1.28, 1.28, 1.29, 1.29, 1.3, 1.3, 1.23, 1.25, 1.26, 1.23, 1.19, 1.16, 1.55, 1.57, 1.57, 1.58, 1.58, 1.59, 1.28, 1.28, 1.28, 1.29, 1.29, 1.29, 1.3, 1.21, 1.22, 1.22, 1.22, 1.21, 1.18, 1.15, 1.55, 1.56, 1.57, 1.58, 1.58, 1.59]}, {"header": {"refTime": "2023-08-31T19:00:00.000Z", "nx": 21, "ny": 33, "lo1": 113.509, "la1": 22.2235, "lo2": 113.5947, "la2": 22.1034, "dx": 0.0042850000000001385, "dy": 0.003753125000000024, "parameterCategory": 2, "parameterCategoryName": "Temperature", "parameterNumber": 3}, "data": [-1.33, -1.3, -1.25, -0.81, -0.77, -0.66, -0.61, -0.56, -0.54, -0.5, -0.56, -0.62, -1.0, -1.05, -1.41, -1.53, -2.28, -2.34, -2.39, -2.42, -1.36, -1.32, -1.28, -1.21, -0.78, -0.72, -0.58, -0.48, -0.42, -0.44, -0.55, -0.64, -1.01, -1.07, -1.44, -2.21, -2.3, -2.38, -2.43, -2.46, -1.39, -1.36, -1.32, -1.25, -0.8, -0.74, -0.64, -0.43, -0.17, -0.39, -0.57, -0.67, -1.04, -1.1, -2.07, -2.22, -2.35, -2.44, -2.49, -2.52, -1.44, -1.41, -1.37, -1.31, -1.24, -0.79, -0.71, -0.58, -0.45, -0.48, -0.63, -0.74, -1.06, -1.32, -2.04, -2.26, -2.43, -2.53, -2.58, -2.59, -1.48, -1.47, -1.44, -1.4, -1.34, -0.88, -0.84, -0.8, -0.77, -0.63, -0.73, -1.26, -1.07, -1.29, -2.06, -2.35, -2.57, -2.68, -2.7, -2.67, -1.54, -1.53, -1.52, -1.5, -1.45, -1.4, -0.99, -1.01, -1.02, -1.01, -1.44, -1.38, -1.26, -1.88, -2.17, -2.49, -2.79, -2.91, -2.85, -2.76, -2.43, -1.61, -1.61, -1.61, -1.59, -1.55, -1.75, -1.2, -1.23, -1.57, -1.59, -1.64, -2.25, -2.25, -2.32, -2.65, -3.08, -3.24, -3.16, -3.05, -2.45, -2.45, -2.44, -2.53, -2.49, -1.91, -1.8, -1.66, -1.58, -1.52, -1.35, -2.4, -2.6, -2.57, -3.25, -3.34, -3.44, -3.47, -3.42, -3.38, -2.48, -2.48, -2.48, -2.47, -2.56, -2.52, -2.42, -1.75, -1.79, -1.6, -2.19, -2.64, -3.06, -2.86, -3.28, -3.32, -3.38, -3.4, -3.39, -3.37, -3.01, -3.0, -2.98, -2.52, -2.54, -2.63, -2.59, -2.54, -2.08, -1.99, -2.47, -2.81, -3.17, -2.92, -3.3, -3.32, -3.34, -3.36, -3.36, -3.35, -3.01, -3.0, -2.98, -2.96, -2.9, -2.72, -2.96, -3.12, -2.82, -2.31, -2.85, -2.73, -2.85, -2.82, -3.3, -3.31, -3.32, -3.34, -3.34, -3.34, -3.02, -3.01, -2.99, -2.97, -2.94, -2.93, -3.04, -3.23, -3.31, -3.41, -2.95, -3.29, -3.29, -2.73, -3.3, -3.3, -3.31, -3.2, -3.19, -3.18, -3.02, -3.02, -3.01, -3.0, -3.0, -3.02, -3.07, -3.2, -3.27, -3.21, -3.41, -3.29, -3.28, -2.87, -2.84, -3.11, -3.1, -3.11, -3.11, -3.12, -3.03, -3.03, -3.02, -3.02, -3.03, -3.05, -3.05, -3.12, -3.17, -3.17, -3.39, -3.13, -3.07, -3.01, -2.73, -2.98, -2.99, -3.01, -3.04, -3.05, -3.04, -3.03, -3.04, -3.04, -3.05, -3.06, -3.07, -2.66, -2.58, -2.5, -2.43, -2.08, -2.94, -2.86, -2.81, -2.83, -2.87, -2.91, -2.96, -2.99, -3.04, -3.04, -2.19, -2.21, -2.23, -2.44, -2.42, -2.35, -2.27, -2.22, -1.92, -1.95, -1.98, -2.05, -2.08, -2.5, -2.54, -2.59, -2.6, -2.64, -2.11, -2.11, -2.1, -2.08, -2.25, -2.19, -2.08, -1.94, -1.86, -1.88, -1.72, -1.83, -1.92, -1.99, -1.94, -2.2, -2.23, -2.26, -2.29, -2.3, -2.06, -2.04, -2.01, -1.97, -2.09, -1.96, -1.75, -1.47, -1.32, -1.26, -1.46, -1.73, -1.87, -1.92, -2.07, -2.18, -2.24, -2.27, -2.3, -2.31, -2.01, -1.98, -1.93, -2.06, -1.95, -1.78, -1.5, -1.04, -0.59, -1.05, -0.89, -1.1, -1.71, -1.88, -2.18, -2.22, -2.26, -2.29, -2.31, -2.32, -1.96, -1.93, -1.28, -1.24, -1.17, -1.07, -0.93, -0.74, -0.55, -0.69, -0.87, -1.04, -1.69, -1.83, -2.25, -2.27, -2.3, -2.32, -2.34, -2.34, -1.28, -1.25, -1.22, -1.17, -1.11, -1.02, -0.93, -0.83, -0.67, -0.74, -0.85, -0.99, -1.69, -2.29, -2.31, -2.33, -2.35, -2.36, -2.36, -2.36, -1.23, -1.21, -1.17, -1.12, -1.06, -0.99, -0.92, -0.55, -0.72, -0.76, -0.83, -0.93, -1.73, -2.33, -2.35, -2.37, -2.39, -2.39, -2.38, -2.37, -1.2, -1.17, -1.13, -0.62, -0.61, -0.6, -0.59, -0.58, -0.58, -0.58, -0.6, -1.01, -1.73, -2.36, -2.38, -2.41, -2.44, -2.43, -2.4, -2.39, -0.64, -0.64, -0.64, -0.63, -0.63, -0.62, -0.61, -0.6, -0.59, -0.58, -0.6, -1.17, -1.68, -1.9, -2.09, -2.43, -2.52, -2.43, -2.4, -2.39, -0.65, -0.65, -0.65, -0.65, -0.64, -0.64, -0.63, -0.61, -0.58, -0.54, -0.61, -1.12, -1.31, -1.87, -2.07, -2.23, -2.41, -2.37, -2.39, -2.39, -0.66, -0.66, -0.66, -0.66, -0.66, -0.66, -0.66, -0.64, -0.6, -0.57, -0.91, -1.11, -1.28, -1.84, -2.02, -2.25, -2.29, -2.3, -2.39, -2.38, -0.67, -0.67, -0.68, -0.68, -0.68, -0.69, -0.69, -0.69, -0.69, -0.7, -1.02, -1.14, -1.26, -1.99, -2.09, -2.18, -2.23, -2.25, -2.24, -2.23, -0.68, -0.69, -0.69, -0.7, -0.7, -0.72, -0.73, -0.75, -0.79, -1.07, -1.11, -1.13, -1.2, -1.3, -2.02, -2.11, -2.16, -2.19, -2.2, -2.2, -0.69, -0.7, -0.7, -0.71, -0.72, -0.74, -0.76, -0.8, -0.86, -1.13, -1.14, -1.15, -1.2, -1.28, -1.96, -2.04, -2.1, -2.14, -2.15, -2.16, -0.7, -0.71, -0.71, -0.72, -0.74, -0.76, -0.78, -0.82, -1.11, -1.13, -1.15, -1.17, -1.21, -1.27, -1.91, -2.0, -2.05, -2.09, -2.11, -2.13, -0.71, -0.71, -0.72, -0.73, -0.75, -0.77, -0.79, -0.83, -1.13, -1.15, -1.16, -1.18, -1.22, -1.27, -1.89, -1.96, -2.02, -2.06, -2.08, -2.1, -0.71, -0.72, -0.73, -0.74, -0.75, -0.77, -0.79, -1.14, -1.15, -1.16, -1.18, -1.2, -1.23, -1.27, -1.88, -1.94, -1.99, -2.03, -2.05, -2.07]}, {"header": {"refTime": "2023-08-31T19:00:00.000Z", "nx": 21, "ny": 33, "lo1": 113.509, "la1": 22.2235, "lo2": 113.5947, "la2": 22.1034, "dx": 0.0042850000000001385, "dy": 0.003753125000000024, "parameterCategory": 0, "parameterCategoryName": "Temperature", "parameterNumber": 0}, "data": [[29.75, 29.74, 29.74, 29.6, 29.6, 29.88, 29.86, 29.85, 29.86, 29.9, 29.97, 30.03, 30.24, 30.28, 30.38, 30.4, 30.59, 30.59, 30.59, 30.59], [29.75, 29.75, 29.74, 29.73, 29.6, 29.6, 29.84, 29.8, 29.79, 29.86, 29.97, 30.06, 30.29, 30.32, 30.41, 30.6, 30.6, 30.59, 30.59, 30.59], [29.76, 29.75, 29.74, 29.73, 29.6, 29.6, 29.6, 29.76, 29.64, 29.82, 29.99, 30.12, 30.36, 30.38, 30.62, 30.6, 30.6, 30.59, 30.59, 30.59], [29.77, 29.76, 29.75, 29.74, 29.73, 29.6, 29.6, 29.6, 29.6, 29.87, 30.05, 30.23, 30.47, 30.45, 30.62, 30.6, 30.59, 30.59, 30.59, 30.58], [29.78, 29.77, 29.76, 29.75, 29.74, 29.6, 29.6, 29.6, 29.6, 29.94, 30.09, 30.47, 30.66, 30.49, 30.62, 30.6, 30.59, 30.59, 30.59, 30.58], [29.79, 29.78, 29.78, 29.77, 29.76, 29.74, 29.6, 29.6, 29.6, 29.6, 30.2, 30.37, 30.52, 30.63, 30.6, 30.59, 30.59, 30.59, 30.59, 30.58], [29.88, 29.8, 29.8, 29.79, 29.78, 29.76, 29.73, 29.6, 29.6, 29.74, 29.78, 30.2, 30.52, 30.54, 30.57, 30.58, 30.59, 30.59, 30.64, 30.65], [29.89, 29.89, 29.89, 29.89, 29.88, 29.79, 29.74, 29.67, 29.64, 29.71, 29.68, 30.08, 30.09, 30.55, 30.49, 30.46, 30.52, 30.55, 30.51, 30.48], [29.81, 29.82, 29.91, 29.92, 29.92, 29.9, 29.84, 29.72, 29.6, 29.75, 29.87, 29.97, 30.02, 29.96, 30.48, 30.44, 30.48, 30.5, 30.49, 30.47], [30.1, 30.1, 30.1, 29.87, 29.9, 29.99, 29.93, 29.84, 29.6, 29.6, 30.03, 29.91, 29.95, 29.93, 30.48, 30.43, 30.46, 30.47, 30.47, 30.46], [30.1, 30.1, 30.1, 30.1, 30.1, 30.1, 30.1, 30.1, 29.92, 29.6, 29.6, 29.87, 29.9, 29.9, 30.48, 30.42, 30.44, 30.45, 30.45, 30.45], [30.1, 30.1, 30.1, 30.1, 30.1, 30.1, 30.1, 30.1, 30.1, -999.0, 29.6, 30.3, 30.3, 29.88, 30.49, 30.41, 30.42, 29.35, 29.38, 29.39], [30.1, 30.1, 30.1, 30.1, 30.1, 30.1, 30.1, 30.1, 30.1, 30.1, -999.0, 30.3, 30.3, 29.06, 29.61, 29.8, 29.82, 29.54, 29.58, 29.61], [30.1, 30.1, 30.1, 30.1, 30.1, 30.1, 30.1, 30.1, 30.1, 30.1, -999.0, 28.4, 28.4, 28.4, 29.44, 29.62, 29.65, 29.37, 29.43, 29.48], [30.1, 30.1, 30.1, 30.1, 30.1, 30.1, 30.1, 29.5, 29.5, 29.5, 29.5, 29.08, 28.4, 28.4, 28.4, 29.41, 29.47, 29.22, 29.3, 29.36], [30.1, 30.1, 29.72, 29.72, 29.7, 29.5, 29.5, 29.5, 29.5, 29.5, 28.81, 28.89, 28.78, 28.69, 28.79, 29.02, 29.12, 28.95, 29.43, 29.51], [29.71, 29.71, 29.89, 29.88, 29.5, 29.5, 29.5, 29.5, 29.5, 29.5, 29.03, 28.89, 28.75, 28.61, 28.72, 28.72, 28.83, 28.92, 28.98, 29.03], [29.89, 29.88, 29.87, 29.85, 29.5, 29.5, 29.5, 29.5, 29.5, 29.22, 29.07, 28.91, 28.74, 28.73, 28.45, 28.69, 28.85, 28.95, 29.01, 29.05], [29.87, 29.86, 29.85, 29.5, 29.5, 29.5, 29.5, 29.5, 29.4, 29.29, 29.13, 28.99, 29.01, 28.84, 28.66, 28.78, 28.92, 29.01, 29.06, 29.09], [29.87, 29.86, 29.33, 29.34, 29.35, 29.36, 29.39, 29.45, 29.36, 29.26, 29.14, 29.02, 29.11, 29.03, 28.88, 28.95, 29.04, 29.1, 29.13, 29.14], [29.32, 29.32, 29.33, 29.38, 29.38, 29.39, 29.4, 29.41, 29.26, 29.21, 29.13, 29.04, 29.21, 29.01, 29.05, 29.11, 29.17, 29.2, 29.2, 29.19], [29.36, 29.36, 29.36, 29.37, 29.37, 29.37, 29.37, 29.33, 29.2, 29.17, 29.12, 29.06, 29.2, 29.12, 29.18, 29.26, 29.32, 29.31, 29.27, 29.24], [29.35, 29.35, 29.35, 29.29, 29.29, 29.29, 29.29, 29.29, 29.28, 29.27, 29.27, 29.53, 29.38, 29.2, 29.27, 29.38, 29.5, 29.42, 29.31, 29.26], [29.28, 29.28, 29.28, 29.28, 29.28, 29.27, 29.27, 29.26, 29.25, 29.24, 29.24, 29.4, 29.37, 29.41, 29.45, 29.43, 29.77, 29.38, 29.29, 29.26], [29.27, 29.27, 29.27, 29.27, 29.26, 29.26, 29.25, 29.24, 29.22, 29.21, 29.22, 29.37, 29.44, 29.39, 29.42, 29.44, 29.29, 29.14, 29.25, 29.25], [29.26, 29.26, 29.26, 29.26, 29.25, 29.24, 29.24, 29.23, 29.21, 29.21, 29.28, 29.34, 29.41, 29.38, 29.39, 29.37, 29.33, 29.29, 29.24, 29.24], [29.26, 29.26, 29.25, 29.25, 29.24, 29.23, 29.23, 29.22, 29.21, 29.2, 29.27, 29.32, 29.38, 29.32, 29.34, 29.35, 29.33, 29.32, 29.33, 29.34], [29.25, 29.25, 29.25, 29.24, 29.23, 29.23, 29.22, 29.2, 29.19, 29.24, 29.23, 29.09, 29.07, 29.04, 29.32, 29.33, 29.33, 29.33, 29.33, 29.34], [29.25, 29.25, 29.24, 29.24, 29.23, 29.22, 29.21, 29.2, 29.18, 29.19, 29.1, 29.09, 29.07, 29.05, 29.3, 29.32, 29.33, 29.33, 29.33, 29.34], [29.25, 29.24, 29.24, 29.23, 29.23, 29.22, 29.21, 29.19, 29.09, 29.09, 29.09, 29.08, 29.07, 29.05, 29.29, 29.31, 29.32, 29.33, 29.33, 29.33], [29.24, 29.24, 29.24, 29.23, 29.22, 29.21, 29.21, 29.19, 29.09, 29.09, 29.08, 29.08, 29.07, 29.05, 29.29, 29.3, 29.31, 29.32, 29.33, 29.33], [29.24, 29.24, 29.23, 29.23, 29.22, 29.21, 29.21, 29.08, 29.08, 29.08, 29.08, 29.07, 29.06, 29.05, 29.28, 29.3, 29.31, 29.32, 29.32, 29.33]]}]