gis_exercise/awsData/contour/wdir_2023091309.json
[{"header": {"refTime": "2023-09-13T09:00:00.000Z", "nx": 21, "ny": 33, "lo1": 113.509, "la1": 22.2235, "lo2": 113.5947, "la2": 22.1034, "dx": 0.0042850000000001385, "dy": 0.003753125000000024, "parameterCategory": 2, "parameterCategoryName": "Temperature", "parameterNumber": 2}, "data": [-1.07, -1.09, -1.12, -1.82, -1.8, -1.91, -1.88, -1.85, -1.85, -1.84, -1.91, -1.97, -2.06, -2.09, -2.68, -2.76, -3.0, -3.04, -3.07, -3.09, -1.05, -1.08, -1.11, -1.15, -1.81, -1.78, -1.85, -1.79, -1.75, -1.79, -1.9, -1.99, -2.09, -2.12, -2.71, -2.96, -3.03, -3.08, -3.11, -3.13, -1.03, -1.06, -1.09, -1.14, -1.82, -1.79, -1.74, -1.74, -1.56, -1.75, -1.92, -2.04, -2.15, -2.17, -2.89, -2.98, -3.07, -3.13, -3.16, -3.17, -1.0, -1.02, -1.06, -1.11, -1.17, -1.82, -1.78, -1.72, -1.66, -1.82, -1.98, -2.13, -2.25, -2.32, -2.88, -3.01, -3.13, -3.21, -3.24, -3.24, -0.96, -0.98, -1.01, -1.06, -1.13, -1.85, -1.84, -1.82, -1.8, -1.92, -2.05, -2.34, -2.44, -2.35, -2.88, -3.07, -3.24, -3.33, -3.34, -3.31, -0.92, -0.93, -0.95, -1.0, -1.07, -1.17, -1.9, -1.91, -1.92, -1.91, -2.21, -2.28, -2.36, -2.52, -2.91, -3.17, -3.43, -3.54, -3.48, -3.39, -1.6, -0.86, -0.87, -0.9, -0.97, -1.09, -1.42, -2.0, -2.02, -2.08, -2.06, -2.19, -2.47, -2.51, -2.94, -3.27, -3.69, -3.85, -3.73, -3.61, -1.58, -1.53, -1.47, -1.42, -1.43, -1.06, -1.33, -1.73, -2.16, -2.07, -2.0, -2.26, -2.32, -2.54, -3.08, -3.37, -3.73, -3.86, -3.67, -3.54, -1.57, -1.5, -1.41, -1.29, -1.2, -1.27, -1.55, -1.46, -2.45, -2.08, -2.28, -2.43, -2.64, -2.54, -3.06, -3.28, -3.5, -3.59, -3.55, -3.48, -2.09, -2.0, -1.85, -1.18, -0.89, -0.73, -1.25, -1.84, -2.75, -2.67, -2.39, -2.54, -2.73, -2.59, -3.05, -3.2, -3.34, -3.42, -3.44, -3.41, -2.13, -2.03, -1.89, -1.63, -1.08, 0.51, -1.5, -2.54, -2.5, -2.98, -3.05, -2.51, -2.56, -2.54, -3.05, -3.15, -3.25, -3.32, -3.35, -3.35, -2.18, -2.12, -2.02, -1.86, -1.6, -1.47, -2.26, -3.17, -3.52, -3.86, -3.19, -3.1, -3.03, -2.5, -3.06, -3.13, -3.2, -3.21, -3.23, -3.23, -2.25, -2.22, -2.19, -2.17, -2.24, -2.6, -3.15, -3.34, -3.47, -3.2, -3.78, -3.18, -3.09, -2.46, -2.44, -3.02, -3.06, -3.09, -3.12, -3.14, -2.33, -2.33, -2.35, -2.43, -2.62, -3.07, -3.79, -3.35, -3.24, -3.13, -3.81, -3.13, -3.01, -2.92, -2.38, -2.89, -2.93, -2.98, -3.02, -3.05, -2.4, -2.42, -2.47, -2.57, -2.76, -3.03, -3.25, -3.47, -3.34, -3.23, -3.14, -2.4, -2.9, -2.8, -2.73, -2.74, -2.8, -2.86, -2.92, -2.97, -2.45, -2.49, -1.65, -1.76, -1.9, -3.22, -3.19, -3.09, -2.99, -2.92, -2.26, -2.24, -2.21, -1.96, -1.99, -2.35, -2.39, -2.43, -2.77, -2.83, -1.54, -1.58, -1.63, -1.7, -2.99, -2.92, -2.79, -2.63, -2.52, -2.54, -2.05, -2.1, -2.11, -2.09, -1.95, -2.09, -2.12, -2.14, -2.15, -2.16, -1.54, -1.56, -1.6, -1.63, -2.79, -2.65, -2.4, -2.08, -1.91, -1.72, -1.88, -1.99, -2.04, -1.94, -2.0, -2.08, -2.12, -2.15, -2.16, -2.17, -1.52, -1.54, -1.56, -2.76, -2.64, -2.44, -2.12, -1.59, -1.05, -1.5, -1.61, -1.78, -1.82, -1.93, -2.08, -2.11, -2.14, -2.16, -2.18, -2.18, -1.51, -1.52, -2.54, -2.47, -2.36, -2.2, -1.95, -1.6, -1.21, -1.45, -1.67, -1.82, -1.83, -1.93, -2.13, -2.15, -2.18, -2.19, -2.19, -2.19, -2.61, -2.57, -2.53, -2.46, -2.37, -2.25, -2.09, -1.92, -1.57, -1.68, -1.81, -1.9, -1.85, -2.17, -2.18, -2.2, -2.22, -2.22, -2.21, -2.2, -2.6, -2.57, -2.53, -2.48, -2.41, -2.34, -2.26, -1.81, -1.89, -1.95, -2.0, -2.03, -2.64, -2.2, -2.22, -2.25, -2.27, -2.26, -2.23, -2.21, -2.6, -2.57, -2.54, -1.92, -1.93, -1.95, -1.99, -2.05, -2.13, -2.18, -2.17, -2.39, -2.62, -2.22, -2.25, -2.3, -2.36, -2.3, -2.23, -2.21, -1.93, -1.94, -1.95, -1.97, -2.01, -2.06, -2.13, -2.26, -2.41, -2.49, -2.39, -2.72, -2.64, -2.55, -2.47, -2.31, -2.53, -2.23, -2.2, -2.2, -1.96, -1.97, -1.99, -2.02, -2.06, -2.13, -2.23, -2.4, -2.67, -2.89, -2.57, -2.71, -2.65, -2.55, -2.46, -2.38, -2.17, -2.04, -2.15, -2.18, -1.97, -1.99, -2.02, -2.05, -2.09, -2.16, -2.26, -2.41, -2.66, -2.85, -2.78, -2.64, -2.59, -2.56, -2.46, -2.16, -2.13, -2.11, -2.16, -2.18, -1.99, -2.01, -2.03, -2.06, -2.1, -2.16, -2.23, -2.32, -2.42, -2.44, -2.55, -2.5, -2.5, -2.06, -2.1, -2.12, -2.13, -2.12, -2.13, -2.13, -2.0, -2.02, -2.04, -2.07, -2.1, -2.14, -2.18, -2.21, -2.21, -2.34, -2.26, -2.16, -2.18, -2.16, -2.07, -2.1, -2.11, -2.11, -2.12, -2.12, -2.01, -2.02, -2.04, -2.06, -2.09, -2.11, -2.13, -2.12, -2.07, -2.08, -1.85, -2.03, -2.11, -2.13, -2.04, -2.07, -2.09, -2.1, -2.11, -2.11, -2.01, -2.02, -2.04, -2.05, -2.07, -2.08, -2.09, -2.07, -2.12, -1.99, -1.9, -2.01, -2.08, -2.12, -2.03, -2.06, -2.08, -2.09, -2.1, -2.1, -2.01, -2.02, -2.03, -2.05, -2.06, -2.06, -2.06, -2.04, -2.12, -2.06, -2.02, -2.05, -2.09, -2.11, -2.02, -2.04, -2.06, -2.08, -2.09, -2.09, -2.01, -2.02, -2.03, -2.04, -2.04, -2.05, -2.04, -2.18, -2.14, -2.1, -2.08, -2.09, -2.11, -2.12, -2.01, -2.04, -2.06, -2.07, -2.08, -2.09]}, {"header": {"refTime": "2023-09-13T09:00:00.000Z", "nx": 21, "ny": 33, "lo1": 113.509, "la1": 22.2235, "lo2": 113.5947, "la2": 22.1034, "dx": 0.0042850000000001385, "dy": 0.003753125000000024, "parameterCategory": 2, "parameterCategoryName": "Temperature", "parameterNumber": 3}, "data": [-0.15, -0.14, -0.14, 0.12, 0.11, 0.29, 0.26, 0.24, 0.24, 0.31, 0.39, 0.47, 0.79, 0.84, 0.79, 0.81, 1.25, 1.24, 1.24, 1.24, -0.15, -0.15, -0.14, -0.13, 0.11, 0.09, 0.23, 0.17, 0.14, 0.25, 0.39, 0.5, 0.83, 0.88, 0.82, 1.25, 1.24, 1.24, 1.24, 1.24, -0.16, -0.15, -0.14, -0.13, 0.12, 0.09, 0.06, 0.11, -0.07, 0.19, 0.41, 0.57, 0.9, 0.94, 1.25, 1.25, 1.24, 1.23, 1.23, 1.23, -0.16, -0.16, -0.15, -0.14, -0.13, 0.11, 0.08, 0.04, -0.0, 0.28, 0.49, 0.69, 1.01, 1.11, 1.25, 1.24, 1.23, 1.23, 1.22, 1.22, -0.17, -0.17, -0.16, -0.15, -0.13, 0.14, 0.13, 0.11, 0.11, 0.41, 0.57, 1.11, 1.18, 1.13, 1.25, 1.24, 1.22, 1.21, 1.21, 1.22, -0.18, -0.18, -0.17, -0.16, -0.14, -0.11, 0.17, 0.18, 0.19, 0.2, 0.96, 1.07, 1.15, 1.31, 1.26, 1.23, 1.2, 1.19, 1.2, 1.21, -0.06, -0.19, -0.19, -0.18, -0.16, -0.12, 0.08, 0.22, 0.24, 0.55, 0.63, 1.04, 1.35, 1.34, 1.26, 1.22, 1.17, 1.15, 1.17, 1.18, -0.06, -0.07, -0.08, 0.05, 0.05, -0.04, 0.04, 0.16, 0.35, 0.52, 0.5, 1.16, 1.27, 1.36, 1.31, 1.26, 1.19, 1.17, 1.2, 1.23, -0.07, -0.09, -0.11, -0.13, -0.02, 0.0, 0.09, 0.08, 0.41, 0.57, 0.93, 1.16, 1.27, 1.22, 1.31, 1.27, 1.23, 1.22, 1.22, 1.24, 0.11, 0.08, 0.05, -0.17, -0.24, -0.17, 0.0, 0.19, 0.52, 0.51, 1.04, 1.16, 1.25, 1.21, 1.32, 1.29, 1.26, 1.25, 1.24, 1.25, 0.11, 0.09, 0.05, -0.02, -0.16, -0.57, -0.02, 0.3, 0.41, 0.6, 0.92, 1.14, 1.18, 1.18, 1.32, 1.3, 1.28, 1.27, 1.26, 1.26, 0.13, 0.11, 0.08, 0.03, -0.04, -0.07, 0.16, 0.52, 0.67, 0.89, 0.93, 1.25, 1.28, 1.15, 1.32, 1.3, 1.29, 1.05, 1.04, 1.04, 0.14, 0.13, 0.12, 0.11, 0.11, 0.18, 0.31, 0.5, 0.61, 0.5, 0.9, 1.23, 1.25, 1.16, 1.14, 1.03, 1.02, 1.02, 1.02, 1.02, 0.16, 0.15, 0.15, 0.16, 0.2, 0.26, 0.35, 0.39, 0.45, 0.44, 0.87, 0.98, 0.97, 0.95, 1.07, 0.98, 0.98, 0.98, 0.99, 0.99, 0.18, 0.18, 0.18, 0.2, 0.23, 0.28, 0.32, 0.79, 0.88, 0.94, 0.98, 1.05, 0.92, 0.89, 0.88, 0.92, 0.93, 0.94, 0.96, 0.97, 0.19, 0.19, 0.41, 0.43, 0.45, 0.87, 0.88, 0.93, 0.99, 1.03, 1.12, 1.05, 0.98, 0.99, 0.95, 0.97, 1.03, 1.08, 1.07, 1.1, 0.45, 0.46, 0.49, 0.52, 0.96, 0.99, 1.03, 1.1, 1.15, 1.15, 1.16, 1.06, 0.96, 0.84, 0.88, 0.82, 0.89, 0.94, 0.98, 1.01, 0.5, 0.52, 0.55, 0.6, 1.04, 1.09, 1.17, 1.29, 1.35, 1.22, 1.09, 1.08, 0.95, 0.88, 0.65, 0.79, 0.9, 0.96, 1.0, 1.02, 0.54, 0.56, 0.61, 1.06, 1.1, 1.16, 1.27, 1.45, 1.59, 1.33, 1.11, 0.96, 1.13, 0.98, 0.78, 0.86, 0.94, 1.0, 1.03, 1.05, 0.57, 0.6, 0.84, 0.88, 0.93, 1.01, 1.13, 1.31, 1.43, 1.25, 1.07, 0.94, 1.2, 1.12, 0.92, 0.96, 1.02, 1.05, 1.07, 1.08, 0.8, 0.82, 0.84, 0.87, 0.91, 0.96, 1.04, 1.12, 1.18, 1.09, 0.98, 0.9, 1.28, 1.0, 1.03, 1.07, 1.1, 1.12, 1.12, 1.11, 0.79, 0.81, 0.82, 0.84, 0.87, 0.89, 0.92, 1.02, 0.96, 0.92, 0.87, 0.83, 0.85, 1.07, 1.11, 1.16, 1.2, 1.19, 1.16, 1.14, 0.78, 0.79, 0.8, 0.92, 0.91, 0.91, 0.89, 0.85, 0.8, 0.77, 0.77, 1.05, 0.88, 1.12, 1.17, 1.25, 1.33, 1.27, 1.19, 1.15, 0.9, 0.89, 0.89, 0.88, 0.86, 0.83, 0.78, 0.71, 0.62, 0.57, 0.62, 0.73, 0.85, 0.98, 1.1, 1.27, 1.54, 1.22, 1.16, 1.15, 0.88, 0.87, 0.86, 0.84, 0.81, 0.78, 0.71, 0.62, 0.46, 0.33, 0.51, 0.69, 0.84, 0.96, 1.07, 1.16, 1.15, 1.03, 1.12, 1.13, 0.86, 0.85, 0.84, 0.81, 0.79, 0.74, 0.68, 0.59, 0.46, 0.35, 0.52, 0.68, 0.82, 0.93, 1.02, 1.18, 1.15, 1.12, 1.12, 1.13, 0.85, 0.84, 0.82, 0.8, 0.77, 0.73, 0.69, 0.63, 0.57, 0.55, 0.63, 0.72, 0.82, 1.1, 1.13, 1.15, 1.15, 1.14, 1.15, 1.15, 0.84, 0.82, 0.81, 0.79, 0.76, 0.73, 0.7, 0.67, 0.66, 0.68, 0.72, 0.61, 0.6, 0.6, 1.1, 1.13, 1.13, 1.14, 1.14, 1.15, 0.83, 0.82, 0.8, 0.78, 0.76, 0.74, 0.72, 0.71, 0.71, 0.75, 0.75, 0.66, 0.63, 0.61, 1.08, 1.11, 1.12, 1.13, 1.13, 1.14, 0.82, 0.81, 0.8, 0.78, 0.77, 0.75, 0.74, 0.73, 0.62, 0.68, 0.72, 0.67, 0.64, 0.62, 1.07, 1.09, 1.11, 1.12, 1.13, 1.13, 0.82, 0.81, 0.8, 0.79, 0.77, 0.76, 0.75, 0.75, 0.62, 0.65, 0.67, 0.65, 0.63, 0.62, 1.06, 1.08, 1.1, 1.11, 1.12, 1.12, 0.82, 0.81, 0.8, 0.79, 0.78, 0.77, 0.76, 0.6, 0.61, 0.63, 0.64, 0.64, 0.63, 0.62, 1.06, 1.08, 1.09, 1.1, 1.11, 1.12]}, {"header": {"refTime": "2023-09-13T09:00:00.000Z", "nx": 21, "ny": 33, "lo1": 113.509, "la1": 22.2235, "lo2": 113.5947, "la2": 22.1034, "dx": 0.0042850000000001385, "dy": 0.003753125000000024, "parameterCategory": 0, "parameterCategoryName": "Temperature", "parameterNumber": 0}, "data": [[27.26, 27.26, 27.26, 27.03, 27.04, 27.29, 27.3, 27.3, 27.31, 27.29, 27.3, 27.31, 27.53, 27.54, 27.47, 27.46, 27.53, 27.52, 27.51, 27.51], [27.27, 27.26, 27.26, 27.26, 27.04, 27.06, 27.29, 27.3, 27.31, 27.29, 27.3, 27.32, 27.54, 27.56, 27.48, 27.54, 27.53, 27.51, 27.51, 27.5], [27.27, 27.26, 27.26, 27.25, 27.03, 27.05, 27.09, 27.29, 27.3, 27.29, 27.31, 27.34, 27.57, 27.58, 27.56, 27.54, 27.52, 27.5, 27.5, 27.49], [27.27, 27.27, 27.26, 27.26, 27.25, 27.04, 27.07, 27.12, 27.16, 27.28, 27.31, 27.38, 27.6, 27.48, 27.56, 27.53, 27.5, 27.49, 27.48, 27.48], [27.28, 27.27, 27.27, 27.26, 27.25, 27.01, 27.02, 27.04, 27.04, 27.24, 27.29, 27.48, 27.61, 27.51, 27.56, 27.52, 27.48, 27.46, 27.46, 27.46], [27.28, 27.28, 27.27, 27.26, 27.25, 27.23, 26.98, 26.97, 26.96, 26.93, 27.29, 27.42, 27.53, 27.67, 27.55, 27.49, 27.44, 27.42, 27.43, 27.45], [27.29, 27.29, 27.29, 27.28, 27.26, 27.23, 27.02, 26.93, 26.91, 26.94, 26.97, 27.33, 27.64, 27.65, 27.53, 27.47, 27.39, 27.36, 27.37, 27.4], [27.3, 27.3, 27.31, 27.3, 27.29, 27.12, 27.05, 26.97, 26.92, 26.91, 26.82, 27.32, 27.33, 27.65, 27.41, 27.44, 27.38, 27.35, 27.39, 27.42], [27.2, 27.21, 27.33, 27.34, 27.35, 27.32, 27.24, 27.02, 26.84, 26.96, 27.05, 27.18, 27.24, 27.16, 27.42, 27.46, 27.42, 27.4, 27.41, 27.43], [27.6, 27.6, 27.6, 27.27, 27.32, 27.44, 27.36, 27.24, 26.79, 26.8, 27.25, 27.1, 27.14, 27.12, 27.42, 27.47, 27.44, 27.43, 27.43, 27.44], [27.6, 27.6, 27.6, 27.6, 27.6, 27.6, 27.6, 27.6, 27.35, 26.83, 26.7, 27.04, 27.08, 27.09, 27.42, 27.48, 27.46, 27.45, 27.45, 27.45], [27.6, 27.6, 27.6, 27.6, 27.6, 27.6, 27.6, 27.6, 27.6, -999.0, 26.7, 27.6, 27.6, 27.06, 27.41, 27.49, 27.48, 27.13, 27.13, 27.13], [27.6, 27.6, 27.6, 27.6, 27.6, 27.6, 27.6, 27.6, 27.6, 27.6, -999.0, 27.6, 27.6, 27.21, 27.38, 27.19, 27.19, 27.16, 27.16, 27.16], [27.6, 27.6, 27.6, 27.6, 27.6, 27.6, 27.6, 27.6, 27.6, 27.6, -999.0, 27.0, 27.0, 27.0, 27.33, 27.17, 27.17, 27.13, 27.14, 27.15], [27.6, 27.6, 27.6, 27.6, 27.6, 27.6, 27.6, 28.0, 28.0, 28.0, 28.0, 27.62, 27.0, 27.0, 27.0, 27.14, 27.15, 27.11, 27.12, 27.13], [27.6, 27.6, 27.85, 27.86, 27.86, 28.0, 28.0, 28.0, 28.0, 28.0, 27.37, 27.44, 27.35, 27.26, 27.36, 27.15, 27.17, 27.13, 27.19, 27.2], [27.86, 27.86, 27.74, 27.75, 28.0, 28.0, 28.0, 28.0, 28.0, 28.0, 27.57, 27.45, 27.32, 27.2, 27.16, 27.19, 27.26, 27.31, 27.35, 27.38], [27.74, 27.75, 27.75, 27.77, 28.0, 28.0, 28.0, 28.0, 28.0, 27.75, 27.61, 27.46, 27.31, 27.17, 27.02, 27.17, 27.26, 27.32, 27.36, 27.39], [27.75, 27.76, 27.77, 28.0, 28.0, 28.0, 28.0, 28.0, 27.91, 27.81, 27.66, 27.53, 27.35, 27.23, 27.15, 27.22, 27.3, 27.36, 27.39, 27.41], [27.76, 27.76, 27.83, 27.84, 27.85, 27.86, 27.89, 27.95, 27.87, 27.78, 27.66, 27.56, 27.39, 27.31, 27.28, 27.31, 27.36, 27.4, 27.43, 27.44], [27.82, 27.82, 27.83, 27.88, 27.88, 27.89, 27.9, 27.91, 27.77, 27.73, 27.65, 27.58, 27.42, 27.35, 27.37, 27.4, 27.43, 27.45, 27.47, 27.48], [27.86, 27.86, 27.86, 27.87, 27.87, 27.87, 27.87, 27.84, 27.72, 27.69, 27.65, 27.59, 27.36, 27.41, 27.43, 27.46, 27.49, 27.5, 27.51, 27.51], [27.85, 27.85, 27.85, 27.82, 27.82, 27.82, 27.81, 27.81, 27.8, 27.79, 27.79, 27.71, 27.66, 27.46, 27.48, 27.51, 27.52, 27.55, 27.55, 27.54], [27.81, 27.81, 27.81, 27.8, 27.8, 27.8, 27.79, 27.78, 27.77, 27.76, 27.76, 27.63, 27.66, 27.65, 27.64, 27.54, 27.49, 27.62, 27.6, 27.57], [27.8, 27.8, 27.8, 27.8, 27.79, 27.78, 27.77, 27.76, 27.74, 27.72, 27.74, 27.64, 27.61, 27.66, 27.65, 27.65, 27.65, 27.72, 27.63, 27.58], [27.8, 27.79, 27.79, 27.79, 27.78, 27.77, 27.76, 27.75, 27.73, 27.72, 27.66, 27.64, 27.62, 27.66, 27.66, 27.67, 27.69, 27.7, 27.61, 27.58], [27.79, 27.79, 27.79, 27.78, 27.78, 27.77, 27.76, 27.75, 27.74, 27.73, 27.66, 27.65, 27.63, 27.67, 27.67, 27.67, 27.68, 27.69, 27.68, 27.68], [27.79, 27.79, 27.78, 27.78, 27.77, 27.76, 27.76, 27.75, 27.74, 27.67, 27.67, 27.73, 27.74, 27.76, 27.67, 27.67, 27.68, 27.68, 27.68, 27.68], [27.79, 27.78, 27.78, 27.77, 27.77, 27.76, 27.75, 27.74, 27.73, 27.68, 27.71, 27.72, 27.74, 27.75, 27.67, 27.67, 27.68, 27.68, 27.68, 27.68], [27.78, 27.78, 27.78, 27.77, 27.77, 27.76, 27.75, 27.74, 27.72, 27.72, 27.71, 27.72, 27.74, 27.75, 27.68, 27.67, 27.67, 27.67, 27.67, 27.67], [27.78, 27.78, 27.77, 27.77, 27.77, 27.76, 27.75, 27.75, 27.73, 27.72, 27.72, 27.73, 27.74, 27.75, 27.68, 27.68, 27.67, 27.67, 27.67, 27.67], [27.78, 27.78, 27.77, 27.77, 27.77, 27.76, 27.76, 27.73, 27.73, 27.73, 27.73, 27.74, 27.74, 27.75, 27.68, 27.68, 27.67, 27.67, 27.67, 27.67]]}]