gis_exercise/awsData/contour/wdir_2023091406.json
[{"header": {"refTime": "2023-09-14T06:00:00.000Z", "nx": 21, "ny": 33, "lo1": 113.509, "la1": 22.2235, "lo2": 113.5947, "la2": 22.1034, "dx": 0.0042850000000001385, "dy": 0.003753125000000024, "parameterCategory": 2, "parameterCategoryName": "Temperature", "parameterNumber": 2}, "data": [-0.5, -0.51, -0.52, -0.79, -0.77, -0.82, -0.78, -0.73, -0.72, -0.5, -0.52, -0.55, -0.72, -0.74, -1.48, -1.59, -1.89, -1.96, -2.01, -2.04, -0.5, -0.51, -0.52, -0.53, -0.77, -0.74, -0.76, -0.68, -0.63, -0.48, -0.52, -0.56, -0.73, -0.75, -1.5, -1.82, -1.92, -2.01, -2.06, -2.09, -0.49, -0.5, -0.52, -0.53, -0.79, -0.76, -0.7, -0.64, -0.44, -0.47, -0.53, -0.58, -0.75, -0.77, -1.68, -1.84, -1.98, -2.09, -2.15, -2.17, -0.48, -0.49, -0.51, -0.53, -0.56, -0.8, -0.75, -0.66, -0.58, -0.49, -0.55, -0.61, -0.78, -0.8, -1.66, -1.89, -2.09, -2.21, -2.26, -2.26, -0.46, -0.48, -0.5, -0.52, -0.56, -0.86, -0.84, -0.8, -0.77, -0.52, -0.57, -0.79, -0.8, -0.81, -1.67, -1.99, -2.26, -2.4, -2.42, -2.38, -0.44, -0.45, -0.47, -0.5, -0.55, -0.63, -0.95, -0.96, -0.93, -0.85, -0.75, -0.79, -0.81, -1.16, -1.75, -2.15, -2.55, -2.71, -2.62, -2.49, -0.97, -0.42, -0.43, -0.46, -0.52, -0.62, -0.81, -1.15, -1.15, -1.01, -0.86, -0.81, -1.26, -1.3, -1.84, -2.32, -2.94, -3.17, -2.97, -2.79, -0.95, -0.92, -0.89, -0.94, -0.95, -0.55, -0.77, -1.14, -1.52, -0.97, -0.63, -1.15, -1.27, -1.43, -2.29, -2.65, -3.1, -3.26, -3.02, -2.85, -0.94, -0.89, -0.83, -0.76, -0.77, -0.83, -1.06, -0.88, -1.53, -1.04, -1.09, -1.37, -1.7, -1.54, -2.26, -2.53, -2.81, -2.93, -2.88, -2.79, -1.19, -1.13, -1.03, -0.67, -0.47, -0.42, -0.8, -1.24, -1.66, -1.53, -1.28, -1.52, -1.8, -1.6, -2.25, -2.44, -2.61, -2.72, -2.73, -2.7, -1.21, -1.15, -1.05, -0.89, -0.54, 0.5, -0.82, -1.52, -1.65, -1.77, -1.83, -1.47, -1.56, -1.53, -2.25, -2.38, -2.5, -2.58, -2.62, -2.62, -1.24, -1.2, -1.13, -1.03, -0.86, -0.78, -1.3, -1.95, -2.21, -2.48, -1.94, -2.04, -2.0, -1.46, -2.26, -2.35, -2.44, -2.18, -2.2, -2.2, -1.29, -1.27, -1.24, -1.23, -1.27, -1.48, -1.83, -2.03, -2.15, -1.96, -2.44, -2.08, -2.03, -1.23, -1.18, -1.88, -1.93, -1.98, -2.02, -2.04, -1.34, -1.34, -1.35, -1.39, -1.51, -1.77, -2.18, -1.98, -1.95, -1.89, -2.44, -1.72, -1.58, -1.47, -1.01, -1.64, -1.7, -1.77, -1.84, -1.89, -1.38, -1.39, -1.42, -1.48, -1.59, -1.76, -1.89, -1.99, -1.91, -1.84, -1.77, -0.92, -1.38, -1.24, -1.15, -1.36, -1.45, -1.56, -1.66, -1.74, -1.42, -1.44, -0.75, -0.81, -0.9, -1.79, -1.77, -1.71, -1.64, -1.6, -0.85, -0.75, -0.62, -0.42, -0.4, -0.65, -0.74, -0.82, -1.27, -1.37, -0.67, -0.69, -0.72, -0.76, -1.63, -1.58, -1.48, -1.36, -1.28, -1.3, -0.67, -0.61, -0.49, -0.33, -0.11, -0.2, -0.29, -0.36, -0.4, -0.44, -0.66, -0.67, -0.69, -0.7, -1.48, -1.37, -1.19, -0.94, -0.82, -0.46, -0.48, -0.51, -0.4, -0.11, 0.02, -0.18, -0.3, -0.38, -0.43, -0.46, -0.64, -0.65, -0.65, -1.46, -1.37, -1.22, -0.98, -0.58, -0.12, -0.33, -0.03, -0.03, -0.21, -0.17, -0.16, -0.25, -0.36, -0.42, -0.47, -0.49, -0.63, -0.63, -0.83, -0.79, -0.73, -0.64, -0.51, -0.34, -0.02, -0.03, -0.04, -0.04, -0.27, -0.27, -0.33, -0.38, -0.45, -0.49, -0.52, -0.53, -0.83, -0.81, -0.78, -0.74, -0.68, -0.61, -0.52, -0.43, -0.05, -0.05, -0.06, -0.05, -0.34, -0.43, -0.46, -0.5, -0.55, -0.57, -0.57, -0.56, -0.8, -0.77, -0.74, -0.7, -0.65, -0.59, -0.53, -0.28, -0.08, -0.08, -0.08, -0.07, -0.47, -0.51, -0.56, -0.62, -0.66, -0.66, -0.63, -0.6, -0.77, -0.74, -0.71, -0.37, -0.36, -0.35, -0.34, -0.33, -0.33, -0.34, -0.35, -0.44, -0.59, -0.57, -0.63, -0.71, -0.8, -0.74, -0.66, -0.62, -0.41, -0.41, -0.4, -0.4, -0.39, -0.38, -0.37, -0.36, -0.35, -0.35, -0.37, -0.72, -0.57, -0.64, -0.7, -0.75, -1.03, -0.7, -0.64, -0.62, -0.43, -0.43, -0.43, -0.42, -0.42, -0.42, -0.41, -0.39, -0.34, -0.3, -0.38, -0.7, -0.81, -0.62, -0.67, -0.71, -0.63, -0.51, -0.6, -0.61, -0.44, -0.44, -0.45, -0.45, -0.45, -0.45, -0.45, -0.43, -0.38, -0.34, -0.59, -0.73, -0.82, -0.6, -0.64, -0.8, -0.73, -0.69, -0.59, -0.6, -0.46, -0.46, -0.47, -0.47, -0.48, -0.49, -0.49, -0.5, -0.5, -0.52, -0.73, -0.8, -0.85, -0.89, -0.85, -0.81, -0.78, -0.76, -0.76, -0.78, -0.47, -0.48, -0.49, -0.5, -0.51, -0.52, -0.55, -0.58, -0.63, -0.84, -0.9, -0.74, -0.67, -0.61, -0.87, -0.84, -0.81, -0.79, -0.79, -0.8, -0.49, -0.49, -0.5, -0.52, -0.53, -0.56, -0.59, -0.64, -0.73, -0.98, -1.03, -0.85, -0.73, -0.65, -0.89, -0.86, -0.84, -0.82, -0.81, -0.81, -0.5, -0.51, -0.52, -0.53, -0.55, -0.58, -0.62, -0.68, -0.79, -0.9, -0.97, -0.86, -0.75, -0.67, -0.91, -0.88, -0.86, -0.84, -0.83, -0.83, -0.51, -0.52, -0.53, -0.55, -0.57, -0.6, -0.63, -0.68, -0.77, -0.83, -0.85, -0.8, -0.74, -0.68, -0.91, -0.89, -0.87, -0.86, -0.85, -0.84, -0.51, -0.53, -0.54, -0.56, -0.58, -0.6, -0.63, -0.71, -0.74, -0.77, -0.78, -0.75, -0.72, -0.67, -0.92, -0.9, -0.88, -0.87, -0.86, -0.85]}, {"header": {"refTime": "2023-09-14T06:00:00.000Z", "nx": 21, "ny": 33, "lo1": 113.509, "la1": 22.2235, "lo2": 113.5947, "la2": 22.1034, "dx": 0.0042850000000001385, "dy": 0.003753125000000024, "parameterCategory": 2, "parameterCategoryName": "Temperature", "parameterNumber": 3}, "data": [-0.07, -0.07, -0.08, 0.02, 0.0, -0.15, -0.17, -0.18, -0.18, -0.08, -0.05, -0.02, 0.07, 0.1, 0.7, 0.81, 1.22, 1.29, 1.34, 1.37, -0.06, -0.07, -0.08, -0.09, 0.0, -0.02, -0.17, -0.2, -0.22, -0.12, -0.06, -0.02, 0.08, 0.1, 0.71, 1.15, 1.25, 1.34, 1.39, 1.42, -0.06, -0.06, -0.07, -0.08, 0.01, -0.02, -0.06, -0.22, -0.3, -0.15, -0.05, -0.01, 0.09, 0.11, 1.0, 1.17, 1.31, 1.41, 1.47, 1.49, -0.05, -0.05, -0.06, -0.07, -0.08, 0.0, -0.03, -0.09, -0.15, -0.09, -0.02, 0.01, 0.09, 0.28, 0.98, 1.21, 1.4, 1.53, 1.58, 1.58, -0.04, -0.04, -0.05, -0.05, -0.06, 0.03, 0.02, 0.0, 0.0, 0.01, 0.04, 0.25, 0.1, 0.25, 1.0, 1.31, 1.57, 1.71, 1.73, 1.69, -0.03, -0.03, -0.03, -0.04, -0.04, -0.04, 0.07, 0.08, 0.1, 0.15, 0.43, 0.34, 0.23, 0.33, 1.09, 1.48, 1.84, 1.99, 1.91, 1.8, -0.08, -0.02, -0.02, -0.02, -0.02, -0.01, 0.21, 0.12, 0.15, 0.44, 0.53, 0.51, 0.5, 0.46, 1.21, 1.64, 2.21, 2.42, 2.05, 1.83, -0.09, -0.08, -0.07, -0.06, -0.06, 0.2, 0.19, 0.17, 0.18, 0.44, 0.54, 0.72, 0.74, 0.56, 1.39, 1.77, 2.26, 2.43, 2.17, 1.99, -0.09, -0.08, -0.07, -0.06, -0.05, -0.05, -0.05, 0.19, 0.1, 0.44, 0.64, 0.68, 0.66, 0.67, 1.3, 1.63, 1.93, 2.07, 2.01, 1.92, -0.27, -0.26, -0.24, -0.06, -0.03, -0.02, -0.06, -0.11, -0.0, 0.06, 0.65, 0.65, 0.64, 0.66, 1.25, 1.5, 1.71, 1.83, 1.85, 1.82, -0.28, -0.27, -0.25, -0.21, -0.14, 0.08, -0.19, -0.34, -0.24, -0.08, 0.2, 0.65, 0.65, 0.66, 1.25, 1.43, 1.58, 1.68, 1.73, 1.73, -0.29, -0.28, -0.26, -0.24, -0.21, -0.19, -0.3, -0.43, -0.48, -0.31, 0.1, 0.31, 0.38, 0.66, 1.27, 1.39, 1.5, 1.68, 1.72, 1.74, -0.3, -0.29, -0.29, -0.29, -0.29, -0.34, -0.42, -0.45, -0.47, -0.43, -0.23, 0.24, 0.32, 0.85, 0.86, 1.47, 1.54, 1.6, 1.64, 1.66, -0.31, -0.31, -0.31, -0.32, -0.35, -0.41, -0.5, -0.45, -0.43, -0.42, -0.25, 0.33, 0.44, 0.51, 0.91, 1.44, 1.49, 1.53, 1.57, 1.6, -0.32, -0.32, -0.33, -0.34, -0.36, -0.4, -0.43, -0.44, -0.42, -0.41, -0.39, 0.23, 0.51, 0.6, 0.65, 1.4, 1.44, 1.48, 1.52, 1.56, -0.32, -0.33, -0.18, -0.2, -0.22, -0.4, -0.4, -0.38, -0.36, -0.35, 0.19, 0.31, 0.46, 0.82, 0.87, 1.16, 1.16, 1.17, 1.75, 1.79, -0.16, -0.17, -0.18, -0.18, -0.36, -0.35, -0.33, -0.3, -0.28, -0.29, 0.24, 0.38, 0.55, 0.76, 1.11, 1.27, 1.29, 1.31, 1.32, 1.33, -0.16, -0.16, -0.17, -0.17, -0.33, -0.31, -0.26, -0.21, -0.18, 0.14, 0.25, 0.41, 0.61, 1.09, 1.19, 1.26, 1.29, 1.32, 1.33, 1.34, -0.16, -0.16, -0.16, -0.33, -0.3, -0.27, -0.22, -0.13, 0.03, 0.12, 0.45, 0.6, 0.95, 1.07, 1.26, 1.28, 1.31, 1.33, 1.34, 1.34, -0.15, -0.15, -0.03, -0.02, -0.02, -0.01, 0.0, 0.01, 0.17, 0.3, 0.45, 0.58, 0.94, 1.04, 1.3, 1.32, 1.34, 1.35, 1.35, 1.35, -0.01, -0.0, 0.0, 0.01, 0.02, 0.03, 0.04, 0.05, 0.32, 0.38, 0.47, 0.56, 0.95, 1.33, 1.34, 1.35, 1.37, 1.37, 1.37, 1.37, 0.01, 0.02, 0.03, 0.04, 0.05, 0.07, 0.09, 0.26, 0.41, 0.44, 0.5, 0.56, 1.13, 1.35, 1.37, 1.39, 1.4, 1.4, 1.38, 1.37, 0.03, 0.04, 0.05, 0.29, 0.3, 0.3, 0.3, 0.32, 0.33, 0.35, 0.35, 0.68, 1.11, 1.37, 1.39, 1.42, 1.45, 1.42, 1.39, 1.38, 0.3, 0.31, 0.31, 0.31, 0.32, 0.33, 0.34, 0.37, 0.4, 0.42, 0.4, 0.78, 1.08, 1.18, 1.27, 1.43, 1.54, 1.4, 1.38, 1.37, 0.31, 0.31, 0.32, 0.32, 0.33, 0.35, 0.37, 0.4, 0.45, 0.5, 0.44, 0.74, 0.83, 1.17, 1.25, 1.32, 1.37, 1.31, 1.36, 1.37, 0.32, 0.32, 0.33, 0.33, 0.34, 0.36, 0.38, 0.41, 0.46, 0.49, 0.64, 0.71, 0.79, 1.15, 1.22, 1.25, 1.27, 1.27, 1.36, 1.36, 0.32, 0.33, 0.33, 0.34, 0.35, 0.37, 0.38, 0.4, 0.42, 0.43, 0.62, 0.67, 0.75, 1.04, 1.13, 1.19, 1.22, 1.24, 1.24, 1.23, 0.33, 0.33, 0.34, 0.35, 0.36, 0.37, 0.38, 0.39, 0.4, 0.56, 0.56, 0.54, 0.6, 0.66, 1.07, 1.13, 1.17, 1.2, 1.2, 1.2, 0.33, 0.34, 0.34, 0.35, 0.36, 0.37, 0.37, 0.38, 0.38, 0.5, 0.42, 0.5, 0.57, 0.64, 1.02, 1.08, 1.13, 1.16, 1.17, 1.18, 0.33, 0.34, 0.34, 0.35, 0.36, 0.36, 0.37, 0.37, 0.52, 0.47, 0.45, 0.5, 0.57, 0.62, 0.98, 1.05, 1.09, 1.12, 1.14, 1.15, 0.34, 0.34, 0.34, 0.35, 0.36, 0.36, 0.37, 0.37, 0.53, 0.51, 0.51, 0.53, 0.57, 0.62, 0.96, 1.02, 1.06, 1.09, 1.11, 1.13, 0.34, 0.34, 0.34, 0.35, 0.35, 0.36, 0.36, 0.56, 0.55, 0.54, 0.54, 0.56, 0.59, 0.62, 0.95, 1.0, 1.04, 1.07, 1.09, 1.11]}, {"header": {"refTime": "2023-09-14T06:00:00.000Z", "nx": 21, "ny": 33, "lo1": 113.509, "la1": 22.2235, "lo2": 113.5947, "la2": 22.1034, "dx": 0.0042850000000001385, "dy": 0.003753125000000024, "parameterCategory": 0, "parameterCategoryName": "Temperature", "parameterNumber": 0}, "data": [[26.57, 26.56, 26.55, 26.34, 26.34, 26.56, 26.55, 26.53, 26.53, 26.46, 26.5, 26.54, 26.76, 26.79, 26.83, 26.84, 27.01, 27.01, 27.01, 27.01], [26.58, 26.57, 26.56, 26.55, 26.34, 26.33, 26.53, 26.49, 26.47, 26.44, 26.5, 26.56, 26.79, 26.81, 26.85, 27.01, 27.01, 27.01, 27.01, 27.01], [26.59, 26.58, 26.57, 26.55, 26.34, 26.34, 26.33, 26.45, 26.34, 26.42, 26.52, 26.6, 26.83, 26.85, 27.02, 27.01, 27.01, 27.01, 27.01, 27.0], [26.6, 26.59, 26.58, 26.57, 26.55, 26.34, 26.34, 26.33, 26.32, 26.44, 26.55, 26.68, 26.91, 26.86, 27.02, 27.01, 27.01, 27.01, 27.0, 27.0], [26.61, 26.6, 26.6, 26.59, 26.57, 26.35, 26.35, 26.35, 26.34, 26.47, 26.57, 26.87, 27.0, 26.89, 27.02, 27.01, 27.01, 27.0, 27.0, 27.0], [26.62, 26.62, 26.62, 26.61, 26.6, 26.58, 26.37, 26.38, 26.36, 26.32, 26.66, 26.8, 26.91, 27.03, 27.01, 27.01, 27.0, 27.0, 27.0, 27.0], [26.77, 26.64, 26.64, 26.63, 26.63, 26.62, 26.55, 26.43, 26.41, 26.43, 26.4, 26.69, 26.99, 27.0, 27.0, 27.0, 27.0, 27.0, 27.02, 27.02], [26.77, 26.77, 26.77, 26.77, 26.77, 26.6, 26.57, 26.55, 26.56, 26.4, 26.23, 26.65, 26.66, 27.0, 26.96, 26.95, 26.97, 26.98, 26.97, 26.96], [26.73, 26.73, 26.79, 26.79, 26.79, 26.78, 26.74, 26.56, 26.44, 26.45, 26.41, 26.53, 26.58, 26.51, 26.96, 26.95, 26.96, 26.97, 26.96, 26.96], [26.9, 26.9, 26.9, 26.76, 26.78, 26.83, 26.8, 26.74, 26.32, 26.34, 26.59, 26.45, 26.5, 26.47, 26.96, 26.94, 26.95, 26.96, 26.96, 26.95], [26.9, 26.9, 26.9, 26.9, 26.9, 26.9, 26.9, 26.9, 26.79, 26.43, 26.1, 26.4, 26.44, 26.44, 26.96, 26.94, 26.95, 26.95, 26.95, 26.95], [26.9, 26.9, 26.9, 26.9, 26.9, 26.9, 26.9, 26.9, 26.9, -999.0, 26.1, 26.9, 26.9, 26.42, 26.96, 26.94, 26.94, 26.49, 26.5, 26.5], [26.9, 26.9, 26.9, 26.9, 26.9, 26.9, 26.9, 26.9, 26.9, 26.9, -999.0, 26.9, 26.9, 26.38, 26.61, 26.67, 26.68, 26.57, 26.58, 26.59], [26.9, 26.9, 26.9, 26.9, 26.9, 26.9, 26.9, 26.9, 26.9, 26.9, -999.0, 26.1, 26.1, 26.1, 26.54, 26.6, 26.61, 26.5, 26.52, 26.54], [26.9, 26.9, 26.9, 26.9, 26.9, 26.9, 26.9, 26.9, 26.9, 26.9, 26.9, 26.59, 26.1, 26.1, 26.1, 26.51, 26.54, 26.44, 26.47, 26.49], [26.9, 26.9, 26.9, 26.9, 26.9, 26.9, 26.9, 26.9, 26.9, 26.9, 26.4, 26.45, 26.38, 26.31, 26.39, 26.36, 26.4, 26.33, 26.52, 26.55], [26.9, 26.9, 26.9, 26.9, 26.9, 26.9, 26.9, 26.9, 26.9, 26.9, 26.56, 26.46, 26.35, 26.26, 26.27, 26.28, 26.34, 26.39, 26.43, 26.45], [26.9, 26.9, 26.9, 26.9, 26.9, 26.9, 26.9, 26.9, 26.9, 26.7, 26.59, 26.47, 26.34, 26.28, 26.13, 26.26, 26.35, 26.41, 26.44, 26.47], [26.9, 26.9, 26.9, 26.9, 26.9, 26.9, 26.9, 26.9, 26.83, 26.74, 26.67, 26.57, 26.45, 26.34, 26.25, 26.31, 26.39, 26.44, 26.47, 26.49], [26.9, 26.9, 26.9, 26.9, 26.9, 26.9, 26.9, 26.9, 26.82, 26.76, 26.68, 26.6, 26.49, 26.43, 26.37, 26.4, 26.45, 26.49, 26.51, 26.52], [26.9, 26.9, 26.9, 26.9, 26.9, 26.9, 26.9, 26.9, 26.78, 26.74, 26.69, 26.63, 26.54, 26.44, 26.46, 26.49, 26.52, 26.54, 26.55, 26.55], [26.9, 26.9, 26.9, 26.9, 26.9, 26.9, 26.9, 26.97, 26.76, 26.74, 26.71, 26.66, 26.58, 26.5, 26.53, 26.56, 26.59, 26.6, 26.59, 26.57], [26.9, 26.9, 26.9, 27.0, 27.0, 26.99, 26.99, 26.98, 26.98, 26.98, 26.98, 26.87, 26.78, 26.54, 26.57, 26.62, 26.66, 26.65, 26.62, 26.6], [27.02, 27.01, 27.01, 27.01, 27.0, 27.0, 26.99, 26.98, 26.97, 26.97, 26.98, 26.98, 26.78, 26.76, 26.74, 26.65, 26.74, 26.67, 26.63, 26.61], [27.02, 27.02, 27.02, 27.02, 27.01, 27.01, 27.0, 26.99, 26.96, 26.94, 26.98, 26.99, 26.98, 26.76, 26.74, 26.73, 26.65, 26.63, 26.63, 26.61], [27.03, 27.03, 27.02, 27.02, 27.02, 27.02, 27.02, 27.0, 26.98, 26.95, 26.99, 27.01, 27.01, 26.76, 26.74, 26.79, 26.75, 26.74, 26.62, 26.61], [27.03, 27.03, 27.03, 27.03, 27.03, 27.04, 27.04, 27.03, 27.03, 27.04, 27.05, 27.05, 27.04, 26.91, 26.86, 26.82, 26.79, 26.78, 26.78, 26.79], [27.04, 27.04, 27.04, 27.04, 27.05, 27.05, 27.06, 27.07, 27.09, 27.11, 27.13, 27.08, 27.03, 26.98, 26.89, 26.85, 26.82, 26.81, 26.8, 26.81], [27.04, 27.04, 27.05, 27.05, 27.06, 27.06, 27.08, 27.09, 27.13, 27.19, 27.24, 27.14, 27.06, 27.0, 26.92, 26.88, 26.85, 26.84, 26.83, 26.82], [27.04, 27.05, 27.05, 27.06, 27.06, 27.07, 27.09, 27.11, 27.11, 27.17, 27.21, 27.14, 27.07, 27.02, 26.94, 26.91, 26.88, 26.86, 26.85, 26.84], [27.05, 27.05, 27.06, 27.06, 27.07, 27.08, 27.09, 27.11, 27.1, 27.13, 27.13, 27.11, 27.06, 27.02, 26.96, 26.92, 26.9, 26.88, 26.86, 26.86], [27.05, 27.05, 27.06, 27.07, 27.07, 27.08, 27.09, 27.06, 27.08, 27.09, 27.09, 27.08, 27.05, 27.02, 26.96, 26.93, 26.91, 26.89, 26.88, 26.87]]}]