gis_exercise/awsData/contour/wdir_2023090910.json
[{"header": {"refTime": "2023-09-09T10:00:00.000Z", "nx": 21, "ny": 33, "lo1": 113.509, "la1": 22.2235, "lo2": 113.5947, "la2": 22.1034, "dx": 0.0042850000000001385, "dy": 0.003753125000000024, "parameterCategory": 2, "parameterCategoryName": "Temperature", "parameterNumber": 2}, "data": [-1.93, -1.91, -1.89, -1.65, -1.63, -2.12, -2.05, -1.99, -1.99, -1.93, -2.07, -2.22, -2.84, -2.93, -3.56, -3.68, -4.45, -4.49, -4.53, -4.55, -1.94, -1.93, -1.9, -1.87, -1.64, -1.6, -1.99, -1.85, -1.78, -1.82, -2.07, -2.28, -2.92, -3.02, -3.63, -4.4, -4.47, -4.53, -4.57, -4.59, -1.96, -1.94, -1.92, -1.89, -1.65, -1.62, -1.55, -1.74, -1.34, -1.73, -2.12, -2.41, -3.07, -3.14, -4.31, -4.42, -4.52, -4.59, -4.62, -4.64, -1.98, -1.97, -1.95, -1.93, -1.89, -1.66, -1.6, -1.51, -1.42, -1.87, -2.25, -2.65, -3.29, -3.35, -4.3, -4.46, -4.59, -4.67, -4.71, -4.7, -2.0, -2.0, -1.99, -1.97, -1.95, -1.72, -1.69, -1.66, -1.63, -2.05, -2.38, -3.35, -3.62, -3.41, -4.31, -4.52, -4.71, -4.81, -4.82, -4.78, -2.03, -2.03, -2.02, -2.02, -2.01, -2.0, -1.8, -1.82, -1.8, -1.75, -2.93, -3.23, -3.46, -4.05, -4.35, -4.63, -4.91, -5.02, -4.96, -4.87, -3.16, -2.06, -2.06, -2.07, -2.07, -2.08, -2.19, -1.99, -1.99, -2.28, -2.29, -3.04, -4.08, -4.14, -4.4, -4.74, -5.18, -5.35, -5.3, -5.2, -3.17, -3.14, -3.1, -3.38, -3.34, -2.21, -2.21, -2.25, -2.39, -2.2, -1.89, -3.45, -3.75, -4.26, -4.84, -5.07, -5.34, -5.44, -5.29, -5.19, -3.19, -3.16, -3.12, -3.05, -3.3, -3.28, -3.3, -2.22, -2.88, -2.34, -3.1, -3.76, -4.34, -4.06, -4.84, -5.01, -5.17, -5.24, -5.21, -5.15, -4.31, -4.24, -4.14, -3.07, -2.94, -3.11, -3.38, -3.66, -3.5, -3.3, -3.49, -3.98, -4.48, -4.14, -4.86, -4.96, -5.06, -5.11, -5.12, -5.1, -4.33, -4.26, -4.16, -3.98, -3.6, -2.48, -3.95, -4.8, -4.49, -3.98, -4.5, -3.87, -4.04, -4.0, -4.87, -4.93, -4.99, -5.04, -5.06, -5.06, -4.36, -4.31, -4.23, -4.12, -3.93, -3.85, -4.46, -5.35, -5.74, -5.85, -4.77, -5.15, -5.06, -3.88, -4.86, -4.91, -4.95, -4.64, -4.64, -4.64, -4.4, -4.37, -4.34, -4.31, -4.34, -4.53, -4.87, -5.32, -5.61, -5.31, -5.71, -5.24, -5.14, -3.95, -3.89, -4.41, -4.43, -4.46, -4.48, -4.5, -4.45, -4.44, -4.44, -4.47, -4.57, -4.77, -5.03, -5.1, -5.22, -5.18, -5.69, -4.86, -4.65, -4.48, -3.69, -4.17, -4.21, -4.26, -4.32, -4.36, -4.5, -4.5, -4.52, -4.57, -4.66, -4.79, -4.92, -4.85, -4.8, -4.71, -4.62, -3.64, -4.39, -4.19, -4.06, -3.89, -3.97, -4.07, -4.15, -4.23, -4.53, -4.55, -3.28, -3.34, -3.43, -4.53, -4.5, -4.43, -4.35, -4.3, -3.48, -3.37, -3.23, -2.86, -2.85, -3.3, -3.4, -3.5, -3.73, -3.82, -3.17, -3.19, -3.21, -3.23, -4.29, -4.21, -4.06, -3.88, -3.77, -3.81, -3.17, -3.14, -3.04, -2.88, -2.55, -2.65, -2.71, -2.75, -2.79, -2.81, -3.13, -3.13, -3.13, -3.12, -4.07, -3.89, -3.61, -3.22, -3.02, -2.53, -2.65, -2.97, -2.91, -2.54, -2.49, -2.63, -2.72, -2.77, -2.8, -2.82, -3.09, -3.08, -3.06, -4.05, -3.89, -3.66, -3.27, -2.63, -1.91, -2.32, -2.12, -2.23, -2.54, -2.58, -2.62, -2.69, -2.76, -2.81, -2.83, -2.84, -3.06, -3.04, -3.11, -3.05, -2.95, -2.8, -2.59, -2.3, -1.89, -2.02, -2.15, -2.24, -2.59, -2.66, -2.74, -2.78, -2.83, -2.86, -2.87, -2.87, -3.13, -3.1, -3.05, -2.99, -2.9, -2.79, -2.65, -2.5, -2.08, -2.14, -2.21, -2.27, -2.66, -2.82, -2.84, -2.88, -2.92, -2.93, -2.91, -2.89, -3.1, -3.06, -3.02, -2.96, -2.89, -2.8, -2.72, -2.23, -2.22, -2.26, -2.29, -2.32, -3.07, -2.88, -2.93, -2.99, -3.03, -3.0, -2.95, -2.91, -3.07, -3.04, -2.99, -2.31, -2.31, -2.32, -2.33, -2.35, -2.38, -2.41, -2.41, -2.79, -2.97, -2.92, -2.98, -3.08, -3.2, -3.08, -2.96, -2.91, -2.34, -2.34, -2.34, -2.35, -2.36, -2.37, -2.4, -2.45, -2.51, -2.54, -2.51, -3.04, -2.95, -3.0, -3.05, -3.1, -3.55, -2.96, -2.88, -2.88, -2.35, -2.36, -2.36, -2.38, -2.39, -2.42, -2.46, -2.52, -2.61, -2.69, -2.59, -2.99, -3.1, -2.97, -3.0, -3.01, -2.83, -2.57, -2.8, -2.85, -2.37, -2.37, -2.38, -2.4, -2.42, -2.45, -2.49, -2.54, -2.63, -2.69, -2.88, -2.95, -3.05, -2.95, -2.96, -2.9, -2.83, -2.77, -2.81, -2.84, -2.38, -2.39, -2.4, -2.42, -2.44, -2.46, -2.5, -2.54, -2.58, -2.59, -2.85, -2.91, -3.0, -2.85, -2.87, -2.87, -2.85, -2.83, -2.84, -2.85, -2.39, -2.4, -2.41, -2.43, -2.45, -2.47, -2.5, -2.52, -2.54, -2.79, -2.78, -2.54, -2.51, -2.46, -2.84, -2.85, -2.85, -2.85, -2.85, -2.86, -2.4, -2.41, -2.42, -2.43, -2.45, -2.47, -2.49, -2.51, -2.53, -2.71, -2.56, -2.54, -2.51, -2.47, -2.82, -2.84, -2.84, -2.85, -2.85, -2.86, -2.4, -2.41, -2.42, -2.44, -2.45, -2.47, -2.49, -2.5, -2.55, -2.55, -2.55, -2.53, -2.51, -2.48, -2.8, -2.82, -2.84, -2.84, -2.85, -2.85, -2.41, -2.42, -2.43, -2.44, -2.45, -2.47, -2.48, -2.5, -2.54, -2.54, -2.54, -2.52, -2.5, -2.48, -2.8, -2.82, -2.83, -2.84, -2.85, -2.85, -2.41, -2.42, -2.43, -2.44, -2.45, -2.46, -2.48, -2.53, -2.53, -2.53, -2.52, -2.51, -2.5, -2.48, -2.8, -2.81, -2.82, -2.83, -2.84, -2.85]}, {"header": {"refTime": "2023-09-09T10:00:00.000Z", "nx": 21, "ny": 33, "lo1": 113.509, "la1": 22.2235, "lo2": 113.5947, "la2": 22.1034, "dx": 0.0042850000000001385, "dy": 0.003753125000000024, "parameterCategory": 2, "parameterCategoryName": "Temperature", "parameterNumber": 3}, "data": [0.37, 0.36, 0.34, 0.47, 0.44, 0.61, 0.56, 0.51, 0.51, 0.56, 0.68, 0.79, 1.23, 1.3, 1.92, 2.05, 2.81, 2.87, 2.91, 2.94, 0.37, 0.36, 0.35, 0.34, 0.44, 0.4, 0.51, 0.4, 0.34, 0.46, 0.67, 0.83, 1.28, 1.36, 1.98, 2.75, 2.84, 2.91, 2.96, 2.99, 0.38, 0.37, 0.36, 0.35, 0.46, 0.41, 0.33, 0.32, 0.0, 0.38, 0.7, 0.93, 1.38, 1.44, 2.62, 2.77, 2.89, 2.98, 3.03, 3.05, 0.39, 0.39, 0.38, 0.37, 0.36, 0.45, 0.39, 0.28, 0.18, 0.51, 0.82, 1.09, 1.52, 1.72, 2.6, 2.81, 2.98, 3.09, 3.13, 3.13, 0.4, 0.4, 0.4, 0.4, 0.39, 0.52, 0.49, 0.46, 0.44, 0.72, 0.95, 1.71, 1.75, 1.74, 2.62, 2.9, 3.13, 3.25, 3.27, 3.23, 0.41, 0.41, 0.41, 0.42, 0.43, 0.44, 0.6, 0.62, 0.63, 0.64, 1.58, 1.69, 1.75, 2.21, 2.69, 3.04, 3.37, 3.51, 3.44, 3.33, 1.35, 0.42, 0.42, 0.44, 0.45, 0.49, 0.79, 0.75, 0.78, 1.19, 1.26, 1.7, 2.35, 2.37, 2.79, 3.19, 3.7, 3.89, 3.73, 3.57, 1.35, 1.32, 1.28, 1.41, 1.38, 0.71, 0.77, 0.86, 1.04, 1.14, 1.05, 2.13, 2.32, 2.52, 3.25, 3.53, 3.87, 3.99, 3.81, 3.69, 1.37, 1.33, 1.28, 1.21, 1.31, 1.31, 1.38, 0.8, 1.44, 1.22, 1.89, 2.32, 2.7, 2.52, 3.23, 3.44, 3.65, 3.74, 3.7, 3.64, 2.17, 2.1, 2.01, 1.2, 1.05, 1.09, 1.37, 1.67, 1.9, 1.79, 2.15, 2.46, 2.79, 2.57, 3.23, 3.37, 3.5, 3.58, 3.59, 3.57, 2.19, 2.12, 2.03, 1.86, 1.49, 0.43, 1.8, 2.56, 2.32, 2.24, 2.73, 2.39, 2.5, 2.48, 3.23, 3.33, 3.42, 3.48, 3.51, 3.51, 2.22, 2.17, 2.1, 2.0, 1.82, 1.74, 2.29, 3.03, 3.34, 3.57, 2.89, 3.17, 3.12, 2.4, 3.24, 3.3, 3.37, 3.0, 3.01, 3.01, 2.27, 2.24, 2.21, 2.2, 2.23, 2.43, 2.78, 3.07, 3.25, 3.02, 3.5, 3.22, 3.16, 2.25, 2.19, 2.73, 2.76, 2.8, 2.84, 2.86, 2.31, 2.31, 2.32, 2.35, 2.46, 2.7, 3.06, 2.96, 2.99, 2.93, 3.49, 2.76, 2.6, 2.47, 2.0, 2.49, 2.54, 2.6, 2.66, 2.71, 2.36, 2.37, 2.39, 2.45, 2.55, 2.7, 2.83, 3.34, 3.38, 3.38, 3.38, 2.5, 2.39, 2.22, 2.12, 2.2, 2.3, 2.4, 2.49, 2.57, 2.39, 2.41, 2.19, 2.25, 2.33, 3.29, 3.29, 3.3, 3.31, 3.31, 2.58, 2.36, 2.11, 1.75, 1.65, 1.85, 2.0, 2.14, 2.54, 2.67, 2.18, 2.2, 2.25, 2.3, 3.28, 3.26, 3.25, 3.23, 3.23, 3.24, 2.5, 2.25, 1.94, 1.58, 1.4, 1.38, 1.59, 1.74, 1.86, 1.93, 2.21, 2.24, 2.29, 2.34, 3.25, 3.23, 3.2, 3.15, 3.12, 2.56, 2.34, 2.2, 1.85, 1.41, 0.89, 1.32, 1.61, 1.79, 1.91, 1.98, 2.24, 2.27, 2.32, 3.26, 3.24, 3.2, 3.15, 3.07, 2.86, 2.62, 1.93, 1.65, 1.95, 1.63, 1.28, 1.49, 1.74, 1.9, 2.0, 2.05, 2.26, 2.3, 2.44, 2.45, 2.47, 2.5, 2.57, 2.67, 2.51, 2.2, 1.89, 1.65, 2.13, 1.97, 1.67, 1.79, 1.95, 2.06, 2.12, 2.14, 2.37, 2.37, 2.38, 2.38, 2.38, 2.4, 2.43, 2.47, 2.11, 1.97, 1.78, 1.61, 2.32, 1.91, 1.98, 2.09, 2.2, 2.25, 2.25, 2.23, 2.33, 2.32, 2.31, 2.3, 2.29, 2.27, 2.26, 1.89, 1.8, 1.72, 1.62, 1.54, 1.79, 2.11, 2.21, 2.35, 2.46, 2.45, 2.38, 2.31, 2.28, 2.27, 2.25, 1.71, 1.71, 1.7, 1.68, 1.64, 1.58, 1.53, 1.52, 2.24, 2.04, 2.24, 2.38, 2.58, 2.78, 2.64, 2.45, 2.36, 1.66, 1.65, 1.65, 1.64, 1.62, 1.59, 1.53, 1.44, 1.33, 1.27, 1.32, 1.64, 1.99, 2.21, 2.43, 2.66, 3.29, 2.57, 2.42, 2.36, 1.62, 1.61, 1.6, 1.58, 1.55, 1.5, 1.42, 1.3, 1.12, 0.98, 1.16, 1.55, 1.83, 2.17, 2.36, 2.51, 2.41, 2.13, 2.33, 2.34, 1.59, 1.58, 1.56, 1.53, 1.49, 1.44, 1.36, 1.25, 1.1, 0.98, 1.26, 1.5, 1.75, 2.11, 2.28, 2.41, 2.37, 2.32, 2.31, 2.32, 1.57, 1.55, 1.53, 1.5, 1.46, 1.4, 1.34, 1.26, 1.18, 1.15, 1.33, 1.48, 1.68, 2.14, 2.25, 2.32, 2.34, 2.33, 2.34, 2.35, 1.55, 1.53, 1.5, 1.47, 1.43, 1.39, 1.33, 1.27, 1.23, 1.3, 1.33, 1.09, 1.11, 1.15, 2.16, 2.24, 2.28, 2.3, 2.31, 2.32, 1.53, 1.51, 1.48, 1.45, 1.42, 1.38, 1.33, 1.29, 1.24, 1.28, 1.12, 1.11, 1.12, 1.14, 2.08, 2.17, 2.23, 2.26, 2.28, 2.29, 1.52, 1.5, 1.47, 1.44, 1.41, 1.38, 1.34, 1.3, 1.09, 1.11, 1.12, 1.12, 1.13, 1.14, 2.03, 2.12, 2.18, 2.22, 2.25, 2.26, 1.51, 1.49, 1.46, 1.44, 1.41, 1.38, 1.35, 1.31, 1.1, 1.11, 1.11, 1.12, 1.13, 1.14, 2.0, 2.08, 2.14, 2.18, 2.21, 2.23, 1.5, 1.48, 1.46, 1.44, 1.41, 1.39, 1.36, 1.1, 1.1, 1.11, 1.11, 1.12, 1.13, 1.14, 1.99, 2.06, 2.12, 2.16, 2.19, 2.21]}, {"header": {"refTime": "2023-09-09T10:00:00.000Z", "nx": 21, "ny": 33, "lo1": 113.509, "la1": 22.2235, "lo2": 113.5947, "la2": 22.1034, "dx": 0.0042850000000001385, "dy": 0.003753125000000024, "parameterCategory": 0, "parameterCategoryName": "Temperature", "parameterNumber": 0}, "data": [[26.1, 26.1, 26.1, 25.85, 25.87, 26.1, 26.11, 26.12, 26.13, 26.03, 26.01, 26.0, 26.2, 26.2, 26.14, 26.14, 26.13, 26.12, 26.12, 26.12], [26.1, 26.1, 26.1, 26.1, 25.87, 25.89, 26.11, 26.13, 26.14, 26.05, 26.02, 26.0, 26.2, 26.2, 26.14, 26.13, 26.13, 26.12, 26.12, 26.11], [26.1, 26.1, 26.1, 26.1, 25.86, 25.89, 25.93, 26.14, 26.19, 26.07, 26.02, 26.0, 26.2, 26.2, 26.14, 26.13, 26.12, 26.11, 26.11, 26.11], [26.1, 26.1, 26.1, 26.1, 26.1, 25.87, 25.9, 25.96, 26.02, 26.03, 25.99, 26.01, 26.2, 26.02, 26.14, 26.13, 26.11, 26.11, 26.1, 26.1], [26.11, 26.1, 26.1, 26.1, 26.09, 25.83, 25.85, 25.87, 25.87, 25.94, 25.94, 26.02, 26.13, 26.05, 26.14, 26.12, 26.1, 26.09, 26.09, 26.09], [26.11, 26.11, 26.1, 26.1, 26.09, 26.07, 25.8, 25.79, 25.76, 25.71, 25.85, 25.97, 26.07, 26.2, 26.14, 26.11, 26.08, 26.07, 26.07, 26.08], [26.08, 26.11, 26.11, 26.1, 26.09, 26.06, 25.8, 25.76, 25.72, 25.65, 25.63, 25.9, 26.2, 26.2, 26.13, 26.1, 26.05, 26.03, 26.04, 26.05], [26.09, 26.09, 26.09, 26.09, 26.08, 25.88, 25.83, 25.78, 25.77, 25.61, 25.45, 25.92, 25.93, 26.2, 26.07, 26.1, 26.05, 26.04, 26.06, 26.08], [26.01, 26.02, 26.11, 26.12, 26.12, 26.1, 26.04, 25.81, 25.64, 25.67, 25.65, 25.78, 25.84, 25.76, 26.08, 26.1, 26.08, 26.07, 26.07, 26.08], [26.3, 26.3, 26.3, 26.07, 26.1, 26.19, 26.13, 26.04, 25.52, 25.54, 25.85, 25.7, 25.74, 25.72, 26.08, 26.11, 26.1, 26.09, 26.09, 26.09], [26.3, 26.3, 26.3, 26.3, 26.3, 26.3, 26.3, 26.3, 26.12, 25.63, 25.3, 25.64, 25.68, 25.69, 26.08, 26.12, 26.11, 26.1, 26.1, 26.1], [26.3, 26.3, 26.3, 26.3, 26.3, 26.3, 26.3, 26.3, 26.3, -999.0, 25.3, 26.2, 26.2, 25.66, 26.08, 26.13, 26.12, 25.66, 25.67, 25.67], [26.3, 26.3, 26.3, 26.3, 26.3, 26.3, 26.3, 26.3, 26.3, 26.3, -999.0, 26.2, 26.2, 25.68, 25.91, 25.78, 25.79, 25.71, 25.72, 25.73], [26.3, 26.3, 26.3, 26.3, 26.3, 26.3, 26.3, 26.3, 26.3, 26.3, -999.0, 25.4, 25.4, 25.4, 25.84, 25.73, 25.74, 25.67, 25.68, 25.69], [26.3, 26.3, 26.3, 26.3, 26.3, 26.3, 26.3, 26.4, 26.4, 26.4, 26.4, 26.02, 25.4, 25.4, 25.4, 25.67, 25.69, 25.62, 25.64, 25.66], [26.3, 26.3, 26.36, 26.36, 26.37, 26.4, 26.4, 26.4, 26.4, 26.4, 25.77, 25.84, 25.75, 25.66, 25.76, 25.55, 25.57, 25.53, 25.66, 25.68], [26.36, 26.36, 26.34, 26.34, 26.4, 26.4, 26.4, 26.4, 26.4, 26.4, 25.97, 25.85, 25.72, 25.6, 25.56, 25.59, 25.66, 25.71, 25.75, 25.78], [26.34, 26.34, 26.34, 26.34, 26.4, 26.4, 26.4, 26.4, 26.4, 26.15, 26.01, 25.86, 25.71, 25.57, 25.42, 25.57, 25.66, 25.72, 25.76, 25.79], [26.34, 26.34, 26.34, 26.4, 26.4, 26.4, 26.4, 26.4, 26.31, 26.21, 26.15, 26.03, 25.75, 25.63, 25.55, 25.62, 25.7, 25.76, 25.79, 25.81], [26.34, 26.34, 26.51, 26.51, 26.5, 26.49, 26.47, 26.43, 26.33, 26.26, 26.17, 26.07, 25.79, 25.71, 25.68, 25.71, 25.76, 25.8, 25.83, 25.84], [26.52, 26.52, 26.52, 26.48, 26.48, 26.47, 26.47, 26.46, 26.29, 26.26, 26.2, 26.12, 25.82, 25.75, 25.77, 25.8, 25.83, 25.85, 25.87, 25.88], [26.49, 26.49, 26.49, 26.49, 26.49, 26.49, 26.48, 26.47, 26.3, 26.28, 26.23, 26.17, 25.92, 25.81, 25.83, 25.86, 25.89, 25.9, 25.91, 25.91], [26.5, 26.5, 26.5, 26.47, 26.47, 26.48, 26.48, 26.49, 26.5, 26.5, 26.5, 26.33, 26.24, 25.86, 25.88, 25.91, 25.92, 25.95, 25.95, 25.94], [26.47, 26.47, 26.47, 26.48, 26.48, 26.48, 26.49, 26.5, 26.52, 26.53, 26.52, 26.35, 26.26, 26.19, 26.13, 25.94, 25.89, 26.02, 26.0, 25.97], [26.47, 26.47, 26.48, 26.48, 26.48, 26.49, 26.5, 26.52, 26.54, 26.57, 26.53, 26.38, 26.3, 26.21, 26.15, 26.11, 26.05, 26.12, 26.03, 25.98], [26.47, 26.47, 26.48, 26.48, 26.48, 26.49, 26.5, 26.51, 26.54, 26.56, 26.45, 26.38, 26.32, 26.22, 26.17, 26.11, 26.12, 26.13, 26.01, 25.98], [26.47, 26.47, 26.48, 26.48, 26.48, 26.49, 26.49, 26.5, 26.51, 26.51, 26.42, 26.38, 26.33, 26.18, 26.15, 26.13, 26.13, 26.13, 26.13, 26.13], [26.47, 26.47, 26.48, 26.48, 26.48, 26.48, 26.48, 26.49, 26.48, 26.41, 26.39, 26.44, 26.44, 26.43, 26.17, 26.15, 26.14, 26.14, 26.13, 26.13], [26.47, 26.47, 26.47, 26.48, 26.48, 26.48, 26.48, 26.47, 26.46, 26.39, 26.41, 26.43, 26.43, 26.43, 26.19, 26.17, 26.15, 26.15, 26.14, 26.14], [26.47, 26.47, 26.47, 26.47, 26.47, 26.47, 26.47, 26.47, 26.44, 26.43, 26.42, 26.43, 26.43, 26.43, 26.2, 26.18, 26.17, 26.16, 26.15, 26.15], [26.47, 26.47, 26.47, 26.47, 26.47, 26.47, 26.47, 26.46, 26.44, 26.43, 26.43, 26.43, 26.43, 26.43, 26.21, 26.19, 26.17, 26.16, 26.16, 26.15], [26.47, 26.47, 26.47, 26.47, 26.47, 26.47, 26.47, 26.44, 26.44, 26.44, 26.43, 26.43, 26.43, 26.43, 26.21, 26.19, 26.18, 26.17, 26.16, 26.16]]}]