gis_exercise/awsData/contour/wdir_2023091001.json
[{"header": {"refTime": "2023-09-10T01:00:00.000Z", "nx": 21, "ny": 33, "lo1": 113.509, "la1": 22.2235, "lo2": 113.5947, "la2": 22.1034, "dx": 0.0042850000000001385, "dy": 0.003753125000000024, "parameterCategory": 2, "parameterCategoryName": "Temperature", "parameterNumber": 2}, "data": [-2.39, -2.38, -2.36, -2.29, -2.27, -2.59, -2.53, -2.48, -2.47, -2.39, -2.5, -2.61, -3.09, -3.16, -4.38, -4.57, -5.29, -5.39, -5.47, -5.51, -2.4, -2.39, -2.37, -2.35, -2.27, -2.23, -2.48, -2.36, -2.29, -2.3, -2.49, -2.66, -3.15, -3.22, -4.43, -5.19, -5.35, -5.47, -5.55, -5.6, -2.41, -2.4, -2.39, -2.37, -2.29, -2.25, -2.18, -2.26, -1.92, -2.23, -2.53, -2.76, -3.26, -3.31, -4.99, -5.23, -5.44, -5.59, -5.68, -5.71, -2.42, -2.42, -2.41, -2.4, -2.37, -2.29, -2.24, -2.14, -2.04, -2.34, -2.64, -2.93, -3.42, -3.5, -4.96, -5.3, -5.59, -5.78, -5.86, -5.86, -2.44, -2.43, -2.43, -2.43, -2.42, -2.36, -2.34, -2.3, -2.27, -2.49, -2.74, -3.5, -3.67, -3.54, -4.98, -5.45, -5.86, -6.07, -6.1, -6.03, -2.45, -2.45, -2.45, -2.46, -2.47, -2.48, -2.45, -2.47, -2.45, -2.41, -3.22, -3.42, -3.57, -4.55, -5.08, -5.69, -6.29, -6.54, -6.41, -6.21, -3.75, -2.46, -2.47, -2.48, -2.5, -2.54, -2.71, -2.64, -2.65, -2.85, -2.83, -3.32, -4.68, -4.84, -5.2, -5.94, -6.9, -7.25, -7.24, -7.05, -3.76, -3.72, -3.66, -3.63, -3.59, -2.65, -2.71, -2.83, -3.03, -2.79, -2.51, -4.15, -4.5, -5.17, -6.44, -6.86, -7.36, -7.54, -7.27, -7.09, -3.78, -3.73, -3.66, -3.57, -3.51, -3.51, -3.59, -2.74, -3.44, -2.9, -4.07, -4.88, -5.9, -5.41, -6.49, -6.77, -7.05, -7.18, -7.12, -7.02, -4.72, -4.64, -4.52, -3.56, -3.37, -3.28, -3.59, -3.92, -3.95, -3.77, -4.63, -5.38, -6.27, -5.62, -6.55, -6.7, -6.86, -6.96, -6.97, -6.93, -4.75, -4.68, -4.55, -4.34, -3.89, -2.56, -4.24, -5.11, -4.67, -4.36, -5.61, -5.21, -5.49, -5.4, -6.57, -6.65, -6.75, -6.83, -6.85, -6.85, -4.8, -4.74, -4.66, -4.53, -4.31, -4.2, -4.87, -5.64, -5.94, -6.66, -5.74, -6.19, -6.21, -5.19, -6.56, -6.62, -6.69, -6.65, -6.65, -6.64, -4.86, -4.83, -4.8, -4.79, -4.84, -5.13, -5.59, -5.77, -5.89, -5.66, -6.74, -6.17, -6.17, -5.32, -5.24, -6.36, -6.37, -6.4, -6.43, -6.45, -4.92, -4.92, -4.94, -5.0, -5.16, -5.52, -6.1, -5.76, -5.69, -5.6, -6.71, -5.98, -5.87, -5.74, -5.0, -6.01, -6.06, -6.13, -6.2, -6.26, -4.98, -5.0, -5.04, -5.12, -5.27, -5.49, -5.67, -4.78, -4.44, -4.16, -3.93, -2.97, -5.56, -5.39, -5.28, -5.6, -5.72, -5.85, -5.97, -6.07, -5.02, -5.05, -2.76, -2.87, -3.0, -4.13, -4.06, -3.81, -3.53, -3.36, -2.48, -2.64, -2.81, -3.22, -3.34, -4.59, -4.7, -4.81, -5.02, -5.12, -2.5, -2.52, -2.53, -2.54, -3.54, -3.36, -3.03, -2.59, -2.31, -2.37, -1.94, -2.34, -2.71, -3.03, -3.04, -3.68, -3.71, -3.74, -3.75, -3.76, -2.37, -2.34, -2.3, -2.21, -3.03, -2.64, -2.02, -1.17, -0.73, -0.77, -1.45, -2.07, -2.61, -2.97, -3.52, -3.68, -3.72, -3.75, -3.76, -3.77, -2.24, -2.18, -2.09, -2.94, -2.62, -2.11, -1.28, 0.09, 1.37, -0.09, -0.94, -1.7, -2.24, -2.82, -3.67, -3.71, -3.74, -3.77, -3.78, -3.78, -2.12, -2.04, -2.71, -2.51, -2.21, -1.76, -1.08, -0.1, 0.71, -0.2, -1.1, -1.76, -2.15, -2.62, -3.74, -3.76, -3.78, -3.8, -3.8, -3.79, -2.91, -2.82, -2.69, -2.52, -2.27, -1.94, -1.51, -1.05, -0.55, -0.97, -1.51, -1.95, -2.14, -3.78, -3.79, -3.82, -3.83, -3.83, -3.82, -3.81, -2.91, -2.83, -2.73, -2.6, -2.44, -2.25, -2.06, -1.29, -1.57, -1.81, -2.07, -2.27, -4.5, -3.81, -3.84, -3.88, -3.9, -3.88, -3.84, -3.81, -2.93, -2.87, -2.8, -1.78, -1.79, -1.83, -1.92, -2.09, -2.32, -2.48, -2.48, -2.97, -4.42, -3.83, -3.87, -3.94, -4.03, -3.93, -3.83, -3.8, -1.89, -1.91, -1.94, -1.98, -2.06, -2.2, -2.42, -2.76, -3.19, -3.41, -3.18, -4.45, -4.45, -4.3, -4.19, -3.95, -4.3, -3.82, -3.77, -3.78, -1.98, -2.02, -2.08, -2.16, -2.28, -2.46, -2.75, -3.21, -3.93, -4.52, -3.72, -4.42, -4.32, -4.31, -4.17, -4.04, -3.72, -3.51, -3.7, -3.75, -2.06, -2.12, -2.19, -2.29, -2.42, -2.62, -2.9, -3.32, -3.97, -4.46, -4.53, -4.29, -4.21, -4.31, -4.17, -3.62, -3.6, -3.57, -3.71, -3.74, -2.13, -2.19, -2.27, -2.37, -2.51, -2.68, -2.91, -3.18, -3.47, -3.55, -4.11, -4.02, -4.03, -3.37, -3.47, -3.54, -3.56, -3.57, -3.57, -3.57, -2.19, -2.25, -2.33, -2.42, -2.54, -2.68, -2.84, -2.99, -3.08, -3.69, -3.54, -3.41, -3.47, -3.48, -3.4, -3.47, -3.51, -3.53, -3.54, -3.55, -2.23, -2.29, -2.36, -2.45, -2.55, -2.66, -2.76, -2.84, -2.85, -3.21, -2.77, -3.15, -3.34, -3.42, -3.33, -3.41, -3.46, -3.49, -3.51, -3.52, -2.25, -2.31, -2.38, -2.45, -2.54, -2.62, -2.69, -2.74, -3.33, -3.06, -2.89, -3.11, -3.29, -3.38, -3.29, -3.36, -3.42, -3.45, -3.48, -3.49, -2.27, -2.33, -2.38, -2.45, -2.52, -2.58, -2.64, -2.67, -3.34, -3.2, -3.14, -3.2, -3.3, -3.37, -3.26, -3.33, -3.38, -3.42, -3.45, -3.46, -2.28, -2.33, -2.38, -2.44, -2.49, -2.55, -2.59, -3.46, -3.38, -3.3, -3.27, -3.29, -3.34, -3.38, -3.25, -3.31, -3.36, -3.4, -3.42, -3.44]}, {"header": {"refTime": "2023-09-10T01:00:00.000Z", "nx": 21, "ny": 33, "lo1": 113.509, "la1": 22.2235, "lo2": 113.5947, "la2": 22.1034, "dx": 0.0042850000000001385, "dy": 0.003753125000000024, "parameterCategory": 2, "parameterCategoryName": "Temperature", "parameterNumber": 3}, "data": [0.09, 0.09, 0.09, 0.52, 0.49, 0.62, 0.58, 0.53, 0.53, 0.64, 0.77, 0.88, 1.25, 1.32, 1.18, 1.21, 1.85, 1.84, 1.83, 1.83, 0.08, 0.09, 0.09, 0.1, 0.49, 0.44, 0.53, 0.43, 0.37, 0.54, 0.75, 0.92, 1.31, 1.38, 1.24, 1.85, 1.84, 1.83, 1.82, 1.82, 0.08, 0.09, 0.09, 0.1, 0.51, 0.46, 0.38, 0.34, 0.04, 0.46, 0.79, 1.02, 1.41, 1.47, 1.86, 1.85, 1.83, 1.82, 1.81, 1.81, 0.08, 0.08, 0.09, 0.1, 0.11, 0.5, 0.44, 0.33, 0.23, 0.6, 0.91, 1.18, 1.56, 1.79, 1.86, 1.84, 1.81, 1.8, 1.79, 1.79, 0.07, 0.07, 0.09, 0.1, 0.12, 0.56, 0.53, 0.5, 0.49, 0.82, 1.05, 1.77, 1.82, 1.8, 1.86, 1.82, 1.79, 1.76, 1.76, 1.77, 0.06, 0.06, 0.07, 0.09, 0.13, 0.17, 0.63, 0.65, 0.67, 0.71, 1.67, 1.76, 1.81, 2.02, 1.87, 1.81, 1.74, 1.71, 1.73, 1.75, 0.68, 0.04, 0.05, 0.07, 0.11, 0.17, 0.57, 0.76, 0.8, 1.25, 1.35, 1.76, 2.1, 2.08, 1.88, 1.79, 1.67, 1.63, 1.69, 1.73, 0.67, 0.64, 0.61, 0.65, 0.65, 0.38, 0.52, 0.71, 0.99, 1.21, 1.21, 1.95, 2.07, 2.13, 2.0, 1.88, 1.73, 1.67, 1.75, 1.81, 0.67, 0.63, 0.58, 0.51, 0.52, 0.55, 0.7, 0.59, 1.21, 1.27, 1.7, 1.95, 2.08, 2.02, 2.02, 1.92, 1.83, 1.79, 1.8, 1.83, 1.11, 1.05, 0.96, 0.46, 0.29, 0.25, 0.56, 0.9, 1.47, 1.43, 1.82, 1.96, 2.07, 2.01, 2.03, 1.96, 1.9, 1.86, 1.85, 1.86, 1.13, 1.07, 0.98, 0.83, 0.49, -0.47, 0.76, 1.42, 1.37, 1.66, 1.95, 1.93, 1.98, 1.97, 2.04, 1.98, 1.94, 1.91, 1.89, 1.89, 1.16, 1.12, 1.06, 0.96, 0.8, 0.72, 1.21, 1.82, 2.06, 2.34, 2.02, 2.29, 2.27, 1.94, 2.03, 1.99, 1.96, 1.38, 1.36, 1.35, 1.2, 1.18, 1.16, 1.14, 1.18, 1.38, 1.71, 1.89, 2.01, 1.83, 2.31, 2.31, 2.29, 1.61, 1.56, 1.32, 1.3, 1.29, 1.29, 1.29, 1.24, 1.24, 1.25, 1.29, 1.4, 1.65, 2.04, 1.85, 1.83, 1.77, 2.31, 1.71, 1.59, 1.49, 1.38, 1.18, 1.18, 1.2, 1.21, 1.23, 1.29, 1.3, 1.33, 1.38, 1.48, 1.64, 1.76, 2.01, 1.97, 1.93, 1.89, 1.17, 1.42, 1.3, 1.22, 1.01, 1.05, 1.09, 1.13, 1.16, 1.32, 1.34, 0.91, 0.97, 1.05, 1.89, 1.87, 1.84, 1.8, 1.78, 1.15, 1.04, 0.9, 0.72, 0.67, 1.29, 1.46, 1.62, 1.6, 1.7, 0.86, 0.88, 0.92, 0.96, 1.79, 1.75, 1.7, 1.62, 1.58, 1.59, 1.03, 0.93, 0.78, 0.6, 0.69, 1.01, 1.3, 1.53, 1.69, 1.8, 0.87, 0.89, 0.91, 0.94, 1.7, 1.63, 1.52, 1.37, 1.29, 0.94, 0.9, 0.87, 0.71, 0.68, 0.27, 0.92, 1.33, 1.6, 1.77, 1.87, 0.87, 0.89, 0.9, 1.69, 1.63, 1.54, 1.39, 1.14, 0.83, 0.89, 0.47, 0.39, 1.05, 0.87, 0.86, 1.17, 1.51, 1.75, 1.89, 1.97, 0.87, 0.88, 1.03, 1.02, 0.99, 0.95, 0.91, 0.86, 0.64, 0.55, 0.45, 0.38, 1.23, 1.2, 1.41, 1.59, 1.81, 1.97, 2.06, 2.1, 1.0, 0.99, 0.98, 0.95, 0.92, 0.89, 0.85, 0.82, 0.51, 0.47, 0.41, 0.36, 1.44, 1.75, 1.84, 2.0, 2.15, 2.23, 2.24, 2.23, 0.97, 0.95, 0.93, 0.9, 0.86, 0.83, 0.79, 0.5, 0.4, 0.38, 0.35, 0.33, 1.37, 2.03, 2.17, 2.35, 2.5, 2.5, 2.42, 2.35, 0.93, 0.91, 0.88, 0.47, 0.47, 0.46, 0.44, 0.42, 0.39, 0.37, 0.38, 1.3, 1.88, 2.22, 2.4, 2.65, 2.9, 2.76, 2.55, 2.43, 0.47, 0.47, 0.46, 0.46, 0.44, 0.43, 0.4, 0.35, 0.29, 0.27, 0.31, 1.17, 1.8, 2.14, 2.45, 2.77, 3.46, 2.73, 2.54, 2.45, 0.47, 0.46, 0.46, 0.45, 0.43, 0.41, 0.37, 0.31, 0.2, 0.12, 0.24, 1.05, 1.42, 2.08, 2.37, 2.6, 2.58, 2.31, 2.46, 2.44, 0.46, 0.46, 0.45, 0.44, 0.42, 0.4, 0.37, 0.31, 0.21, 0.14, 0.66, 1.0, 1.33, 2.01, 2.26, 2.52, 2.52, 2.48, 2.44, 2.42, 0.46, 0.46, 0.45, 0.44, 0.42, 0.41, 0.38, 0.35, 0.32, 0.32, 0.79, 1.0, 1.25, 2.1, 2.28, 2.39, 2.44, 2.45, 2.46, 2.46, 0.46, 0.46, 0.45, 0.44, 0.43, 0.42, 0.41, 0.4, 0.41, 0.78, 0.83, 0.63, 0.7, 0.79, 2.15, 2.28, 2.35, 2.39, 2.4, 2.41, 0.46, 0.46, 0.45, 0.45, 0.44, 0.44, 0.44, 0.45, 0.48, 0.8, 0.66, 0.66, 0.71, 0.78, 2.04, 2.18, 2.26, 2.31, 2.34, 2.36, 0.46, 0.46, 0.45, 0.45, 0.45, 0.45, 0.46, 0.47, 0.62, 0.64, 0.66, 0.67, 0.71, 0.77, 1.97, 2.1, 2.19, 2.25, 2.29, 2.31, 0.46, 0.46, 0.46, 0.46, 0.46, 0.46, 0.47, 0.48, 0.64, 0.65, 0.67, 0.69, 0.72, 0.76, 1.92, 2.04, 2.13, 2.19, 2.24, 2.27, 0.46, 0.46, 0.46, 0.46, 0.46, 0.47, 0.47, 0.65, 0.65, 0.67, 0.68, 0.7, 0.73, 0.77, 1.91, 2.01, 2.09, 2.15, 2.2, 2.23]}, {"header": {"refTime": "2023-09-10T01:00:00.000Z", "nx": 21, "ny": 33, "lo1": 113.509, "la1": 22.2235, "lo2": 113.5947, "la2": 22.1034, "dx": 0.0042850000000001385, "dy": 0.003753125000000024, "parameterCategory": 0, "parameterCategoryName": "Temperature", "parameterNumber": 0}, "data": [[26.49, 26.48, 26.47, 26.19, 26.2, 26.44, 26.44, 26.44, 26.45, 26.39, 26.4, 26.41, 26.63, 26.64, 26.62, 26.62, 26.7, 26.7, 26.69, 26.69], [26.49, 26.48, 26.48, 26.47, 26.2, 26.21, 26.43, 26.43, 26.44, 26.39, 26.4, 26.42, 26.64, 26.66, 26.63, 26.71, 26.7, 26.69, 26.69, 26.69], [26.5, 26.49, 26.48, 26.47, 26.19, 26.21, 26.24, 26.42, 26.41, 26.39, 26.41, 26.44, 26.67, 26.68, 26.72, 26.71, 26.7, 26.69, 26.69, 26.68], [26.5, 26.5, 26.49, 26.48, 26.46, 26.2, 26.22, 26.26, 26.29, 26.38, 26.41, 26.48, 26.7, 26.58, 26.72, 26.7, 26.69, 26.68, 26.68, 26.68], [26.51, 26.51, 26.5, 26.49, 26.47, 26.18, 26.19, 26.2, 26.2, 26.34, 26.39, 26.58, 26.71, 26.61, 26.72, 26.7, 26.68, 26.67, 26.67, 26.67], [26.52, 26.52, 26.51, 26.5, 26.48, 26.46, 26.16, 26.16, 26.14, 26.1, 26.39, 26.52, 26.63, 26.77, 26.71, 26.69, 26.66, 26.65, 26.66, 26.66], [26.59, 26.53, 26.53, 26.52, 26.51, 26.48, 26.27, 26.14, 26.12, 26.11, 26.11, 26.43, 26.74, 26.75, 26.7, 26.67, 26.64, 26.63, 26.64, 26.65], [26.6, 26.6, 26.61, 26.6, 26.59, 26.37, 26.31, 26.23, 26.18, 26.08, 25.94, 26.42, 26.43, 26.75, 26.64, 26.65, 26.63, 26.62, 26.63, 26.64], [26.5, 26.51, 26.63, 26.64, 26.65, 26.62, 26.54, 26.28, 26.07, 26.14, 26.15, 26.28, 26.34, 26.26, 26.64, 26.65, 26.64, 26.63, 26.64, 26.64], [26.9, 26.9, 26.9, 26.57, 26.62, 26.74, 26.66, 26.54, 25.97, 25.99, 26.35, 26.2, 26.24, 26.22, 26.64, 26.66, 26.65, 26.64, 26.64, 26.65], [26.9, 26.9, 26.9, 26.9, 26.9, 26.9, 26.9, 26.9, 26.65, 26.06, 25.8, 26.14, 26.18, 26.19, 26.64, 26.66, 26.65, 26.65, 26.65, 26.65], [26.9, 26.9, 26.9, 26.9, 26.9, 26.9, 26.9, 26.9, 26.9, -999.0, 25.8, 26.7, 26.7, 26.16, 26.64, 26.66, 26.66, 26.03, 26.05, 26.05], [26.9, 26.9, 26.9, 26.9, 26.9, 26.9, 26.9, 26.9, 26.9, 26.9, -999.0, 26.7, 26.7, 25.98, 26.3, 26.24, 26.24, 26.12, 26.14, 26.15], [26.9, 26.9, 26.9, 26.9, 26.9, 26.9, 26.9, 26.9, 26.9, 26.9, -999.0, 25.6, 25.6, 25.6, 26.2, 26.15, 26.17, 26.04, 26.07, 26.09], [26.9, 26.9, 26.9, 26.9, 26.9, 26.9, 26.9, 26.7, 26.7, 26.7, 26.7, 26.28, 25.6, 25.6, 25.6, 26.06, 26.09, 25.97, 26.01, 26.04], [26.9, 26.9, 26.77, 26.77, 26.77, 26.7, 26.7, 26.7, 26.7, 26.7, 26.01, 26.09, 25.98, 25.89, 25.99, 26.0, 26.06, 25.96, 26.16, 26.2], [26.77, 26.77, 26.83, 26.83, 26.7, 26.7, 26.7, 26.7, 26.7, 26.7, 26.23, 26.09, 25.95, 25.81, 25.85, 25.87, 25.96, 26.04, 26.09, 26.13], [26.83, 26.83, 26.82, 26.82, 26.7, 26.7, 26.7, 26.7, 26.7, 26.42, 26.27, 26.11, 25.94, 25.86, 25.64, 25.84, 25.97, 26.06, 26.12, 26.15], [26.82, 26.82, 26.82, 26.7, 26.7, 26.7, 26.7, 26.7, 26.6, 26.49, 26.4, 26.27, 26.1, 25.95, 25.82, 25.92, 26.03, 26.11, 26.16, 26.19], [26.82, 26.82, 26.76, 26.75, 26.75, 26.75, 26.74, 26.72, 26.61, 26.53, 26.42, 26.31, 26.17, 26.09, 26.0, 26.06, 26.13, 26.18, 26.21, 26.23], [26.76, 26.76, 26.76, 26.74, 26.74, 26.74, 26.73, 26.73, 26.55, 26.51, 26.44, 26.36, 26.24, 26.11, 26.14, 26.19, 26.23, 26.26, 26.27, 26.27], [26.75, 26.75, 26.75, 26.74, 26.74, 26.74, 26.74, 26.73, 26.54, 26.52, 26.47, 26.41, 26.34, 26.2, 26.24, 26.3, 26.34, 26.35, 26.33, 26.31], [26.75, 26.75, 26.75, 26.74, 26.74, 26.74, 26.74, 26.74, 26.75, 26.75, 26.75, 26.74, 26.62, 26.26, 26.32, 26.39, 26.45, 26.43, 26.38, 26.34], [26.74, 26.74, 26.74, 26.74, 26.74, 26.74, 26.75, 26.75, 26.76, 26.76, 26.76, 26.75, 26.62, 26.59, 26.57, 26.43, 26.58, 26.45, 26.39, 26.36], [26.74, 26.74, 26.74, 26.74, 26.74, 26.74, 26.75, 26.76, 26.77, 26.78, 26.77, 26.75, 26.74, 26.59, 26.57, 26.54, 26.42, 26.38, 26.38, 26.36], [26.74, 26.74, 26.74, 26.74, 26.74, 26.74, 26.75, 26.76, 26.77, 26.78, 26.76, 26.75, 26.74, 26.6, 26.57, 26.52, 26.49, 26.48, 26.37, 26.35], [26.74, 26.74, 26.74, 26.74, 26.74, 26.74, 26.75, 26.75, 26.75, 26.76, 26.75, 26.74, 26.74, 26.57, 26.55, 26.53, 26.51, 26.51, 26.51, 26.52], [26.74, 26.74, 26.74, 26.74, 26.74, 26.74, 26.74, 26.74, 26.74, 26.73, 26.73, 26.67, 26.64, 26.61, 26.56, 26.54, 26.53, 26.52, 26.52, 26.52], [26.74, 26.74, 26.74, 26.74, 26.74, 26.74, 26.74, 26.74, 26.73, 26.72, 26.69, 26.67, 26.65, 26.62, 26.57, 26.55, 26.54, 26.54, 26.53, 26.53], [26.74, 26.74, 26.74, 26.74, 26.74, 26.74, 26.74, 26.73, 26.68, 26.68, 26.69, 26.67, 26.65, 26.63, 26.58, 26.56, 26.55, 26.55, 26.54, 26.54], [26.74, 26.74, 26.74, 26.74, 26.74, 26.74, 26.73, 26.73, 26.67, 26.67, 26.67, 26.66, 26.65, 26.63, 26.58, 26.57, 26.56, 26.55, 26.55, 26.55], [26.74, 26.74, 26.74, 26.74, 26.73, 26.73, 26.73, 26.66, 26.66, 26.66, 26.66, 26.65, 26.64, 26.63, 26.58, 26.57, 26.57, 26.56, 26.55, 26.55]]}]