gis_exercise/awsData/contour/wdir_2023091003.json
[{"header": {"refTime": "2023-09-10T03:00:00.000Z", "nx": 21, "ny": 33, "lo1": 113.509, "la1": 22.2235, "lo2": 113.5947, "la2": 22.1034, "dx": 0.0042850000000001385, "dy": 0.003753125000000024, "parameterCategory": 2, "parameterCategoryName": "Temperature", "parameterNumber": 2}, "data": [0.07, 0.06, 0.05, -0.62, -0.59, -0.88, -0.82, -0.77, -0.78, -1.01, -1.18, -1.36, -1.95, -2.06, -4.01, -4.33, -5.5, -5.67, -5.79, -5.87, 0.08, 0.07, 0.05, 0.03, -0.59, -0.55, -0.75, -0.63, -0.57, -0.86, -1.17, -1.42, -2.04, -2.15, -4.1, -5.32, -5.59, -5.8, -5.94, -6.01, 0.09, 0.08, 0.06, 0.04, -0.61, -0.56, -0.48, -0.52, -0.14, -0.74, -1.22, -1.56, -2.19, -2.27, -4.98, -5.38, -5.74, -6.0, -6.14, -6.2, 0.11, 0.09, 0.07, 0.05, 0.02, -0.6, -0.53, -0.42, -0.32, -0.94, -1.4, -1.81, -2.41, -2.7, -4.93, -5.51, -6.0, -6.31, -6.44, -6.44, 0.13, 0.11, 0.09, 0.07, 0.03, -0.66, -0.63, -0.6, -0.59, -1.24, -1.59, -2.68, -2.79, -2.73, -4.97, -5.76, -6.43, -6.8, -6.84, -6.72, 0.15, 0.14, 0.12, 0.1, 0.05, -0.02, -0.72, -0.74, -0.78, -0.85, -2.47, -2.64, -2.76, -3.53, -5.15, -6.17, -7.15, -7.57, -7.35, -7.02, -1.0, 0.18, 0.17, 0.15, 0.1, 0.01, -0.5, -0.82, -0.87, -1.62, -1.83, -2.61, -3.71, -3.79, -5.37, -6.58, -8.16, -8.74, -8.14, -7.65, -1.0, -0.94, -0.87, -0.99, -0.96, -0.23, -0.42, -0.65, -1.04, -1.57, -1.63, -3.31, -3.62, -4.05, -6.2, -7.2, -8.43, -8.87, -8.21, -7.76, -1.01, -0.94, -0.84, -0.71, -0.78, -0.81, -1.02, -0.5, -1.69, -1.64, -3.06, -3.76, -4.48, -4.13, -6.09, -6.87, -7.62, -7.96, -7.82, -7.58, -2.14, -2.03, -1.85, -0.65, -0.36, -0.33, -0.87, -1.46, -2.35, -2.26, -3.5, -4.07, -4.69, -4.25, -6.04, -6.59, -7.08, -7.37, -7.41, -7.34, -2.18, -2.07, -1.89, -1.59, -0.94, 0.95, -1.48, -2.78, -2.49, -2.83, -4.13, -3.94, -4.15, -4.09, -6.05, -6.42, -6.77, -7.0, -7.11, -7.11, -2.24, -2.16, -2.04, -1.85, -1.53, -1.39, -2.36, -3.58, -4.07, -4.88, -4.25, -4.76, -4.78, -3.94, -6.07, -6.34, -6.58, -6.66, -6.73, -6.75, -2.32, -2.28, -2.24, -2.21, -2.28, -2.66, -3.29, -3.7, -3.96, -3.58, -4.9, -4.75, -4.75, -4.19, -4.13, -6.02, -6.16, -6.29, -6.38, -6.45, -2.41, -2.4, -2.42, -2.5, -2.7, -3.17, -3.89, -3.57, -3.56, -3.45, -4.86, -4.58, -4.5, -4.42, -3.97, -5.64, -5.78, -5.93, -6.06, -6.17, -2.49, -2.51, -2.56, -2.67, -2.86, -3.15, -3.39, -3.72, -3.62, -3.52, -3.42, -3.0, -4.31, -4.19, -4.12, -5.21, -5.39, -5.58, -5.77, -5.91, -2.55, -2.59, -1.47, -1.59, -1.75, -3.41, -3.38, -3.29, -3.19, -3.13, -2.78, -2.82, -2.86, -3.04, -3.08, -3.62, -3.68, -3.74, -4.92, -5.07, -1.35, -1.4, -1.46, -1.53, -3.16, -3.08, -2.93, -2.75, -2.63, -2.67, -2.5, -2.66, -2.78, -2.88, -2.79, -2.95, -2.93, -2.91, -2.89, -2.88, -1.35, -1.38, -1.42, -1.45, -2.94, -2.77, -2.48, -2.1, -1.91, -1.82, -2.11, -2.52, -2.72, -2.76, -2.99, -2.96, -2.93, -2.9, -2.89, -2.87, -1.34, -1.36, -1.38, -2.91, -2.76, -2.53, -2.15, -1.53, -0.92, -1.54, -1.91, -2.23, -2.45, -2.69, -2.97, -2.95, -2.92, -2.9, -2.88, -2.86, -1.32, -1.34, -2.65, -2.56, -2.44, -2.25, -1.96, -1.54, -1.21, -1.59, -1.97, -2.25, -2.41, -2.61, -2.93, -2.92, -2.9, -2.88, -2.87, -2.85, -2.73, -2.69, -2.64, -2.57, -2.47, -2.33, -2.14, -1.95, -1.74, -1.92, -2.15, -2.34, -2.4, -2.9, -2.9, -2.9, -2.89, -2.87, -2.85, -2.84, -2.73, -2.7, -2.66, -2.61, -2.54, -2.46, -2.38, -1.94, -2.18, -2.28, -2.39, -2.48, -3.41, -2.88, -2.89, -2.9, -2.9, -2.87, -2.84, -2.82, -2.75, -2.72, -2.69, -2.09, -2.1, -2.13, -2.18, -2.26, -2.37, -2.43, -2.42, -2.77, -3.16, -2.87, -2.88, -2.91, -2.95, -2.87, -2.8, -2.79, -2.11, -2.12, -2.14, -2.16, -2.21, -2.27, -2.38, -2.54, -2.75, -2.85, -2.72, -3.23, -3.18, -3.08, -3.0, -2.89, -3.15, -2.75, -2.73, -2.75, -2.14, -2.16, -2.19, -2.22, -2.28, -2.37, -2.5, -2.72, -3.09, -3.38, -2.96, -3.2, -3.14, -3.08, -2.98, -2.89, -2.66, -2.47, -2.66, -2.73, -2.17, -2.19, -2.22, -2.26, -2.33, -2.41, -2.54, -2.75, -3.07, -3.33, -3.26, -3.11, -3.06, -3.08, -2.98, -2.59, -2.56, -2.53, -2.68, -2.72, -2.19, -2.21, -2.24, -2.29, -2.34, -2.41, -2.51, -2.63, -2.76, -2.78, -2.98, -2.92, -2.93, -2.43, -2.49, -2.53, -2.54, -2.54, -2.54, -2.55, -2.2, -2.22, -2.25, -2.29, -2.34, -2.39, -2.44, -2.49, -2.49, -2.68, -2.58, -2.45, -2.48, -2.48, -2.44, -2.49, -2.51, -2.52, -2.53, -2.53, -2.21, -2.23, -2.26, -2.29, -2.32, -2.35, -2.37, -2.37, -2.31, -2.35, -2.03, -2.27, -2.39, -2.43, -2.4, -2.45, -2.48, -2.5, -2.51, -2.52, -2.21, -2.23, -2.25, -2.28, -2.3, -2.32, -2.32, -2.3, -2.4, -2.22, -2.1, -2.25, -2.36, -2.41, -2.37, -2.42, -2.45, -2.48, -2.49, -2.5, -2.21, -2.23, -2.25, -2.27, -2.28, -2.29, -2.29, -2.27, -2.4, -2.31, -2.27, -2.31, -2.36, -2.4, -2.35, -2.4, -2.43, -2.46, -2.47, -2.48, -2.21, -2.23, -2.24, -2.25, -2.26, -2.27, -2.26, -2.48, -2.43, -2.38, -2.35, -2.36, -2.39, -2.41, -2.34, -2.38, -2.42, -2.44, -2.46, -2.47]}, {"header": {"refTime": "2023-09-10T03:00:00.000Z", "nx": 21, "ny": 33, "lo1": 113.509, "la1": 22.2235, "lo2": 113.5947, "la2": 22.1034, "dx": 0.0042850000000001385, "dy": 0.003753125000000024, "parameterCategory": 2, "parameterCategoryName": "Temperature", "parameterNumber": 3}, "data": [0.11, 0.11, 0.1, 0.43, 0.39, 0.76, 0.68, 0.62, 0.61, 0.68, 0.86, 1.03, 1.96, 2.08, 2.51, 2.67, 4.0, 4.05, 4.1, 4.13, 0.11, 0.11, 0.11, 0.1, 0.4, 0.34, 0.61, 0.45, 0.37, 0.53, 0.84, 1.1, 2.04, 2.17, 2.6, 3.93, 4.02, 4.09, 4.14, 4.17, 0.12, 0.12, 0.12, 0.11, 0.42, 0.36, 0.26, 0.32, -0.14, 0.42, 0.9, 1.24, 2.19, 2.3, 3.79, 3.94, 4.06, 4.15, 4.2, 4.23, 0.12, 0.12, 0.13, 0.13, 0.13, 0.41, 0.33, 0.2, 0.07, 0.6, 1.07, 1.5, 2.4, 2.66, 3.76, 3.97, 4.14, 4.24, 4.29, 4.3, 0.12, 0.12, 0.13, 0.14, 0.16, 0.5, 0.46, 0.42, 0.39, 0.89, 1.25, 2.61, 2.66, 2.69, 3.78, 4.06, 4.28, 4.39, 4.41, 4.38, 0.11, 0.12, 0.13, 0.15, 0.18, 0.23, 0.6, 0.62, 0.64, 0.64, 2.39, 2.61, 2.7, 3.41, 3.88, 4.21, 4.49, 4.62, 4.56, 4.47, 1.22, 0.11, 0.12, 0.14, 0.18, 0.26, 0.68, 0.8, 0.84, 1.61, 1.77, 2.69, 3.72, 3.69, 4.03, 4.36, 4.78, 4.94, 4.72, 4.57, 1.22, 1.17, 1.12, 1.02, 1.01, 0.48, 0.63, 0.86, 1.28, 1.5, 1.29, 3.39, 3.75, 3.91, 4.59, 4.77, 4.99, 5.07, 4.95, 4.87, 1.22, 1.17, 1.09, 1.0, 0.88, 0.9, 1.07, 0.7, 1.46, 1.68, 2.71, 3.48, 3.92, 3.71, 4.56, 4.71, 4.85, 4.91, 4.88, 4.84, 1.87, 1.78, 1.66, 0.94, 0.72, 0.56, 0.93, 1.34, 1.82, 1.72, 3.11, 3.55, 3.93, 3.72, 4.55, 4.65, 4.75, 4.8, 4.81, 4.8, 1.89, 1.82, 1.7, 1.48, 1.02, -0.31, 1.37, 2.22, 1.96, 2.1, 3.02, 3.45, 3.61, 3.59, 4.55, 4.62, 4.69, 4.73, 4.75, 4.75, 1.94, 1.89, 1.8, 1.67, 1.45, 1.35, 2.0, 2.73, 3.0, 3.68, 3.09, 4.04, 4.09, 3.49, 4.56, 4.61, 4.65, 3.83, 3.84, 3.83, 2.0, 1.98, 1.95, 1.94, 2.0, 2.3, 2.77, 2.89, 2.97, 2.76, 3.75, 3.98, 4.04, 3.34, 3.26, 3.52, 3.55, 3.59, 3.62, 3.65, 2.07, 2.07, 2.09, 2.15, 2.32, 2.71, 3.35, 2.93, 2.81, 2.72, 3.74, 3.04, 2.94, 2.84, 2.96, 3.21, 3.26, 3.34, 3.41, 3.47, 2.12, 2.15, 2.19, 2.28, 2.43, 2.67, 2.85, 3.09, 2.98, 2.89, 2.82, 1.91, 2.69, 2.54, 2.45, 2.84, 2.95, 3.08, 3.2, 3.29, 2.17, 2.2, 1.62, 1.71, 1.83, 2.91, 2.89, 2.81, 2.72, 2.67, 1.86, 1.76, 1.65, 1.74, 1.69, 2.01, 2.13, 2.24, 2.59, 2.7, 1.53, 1.57, 1.61, 1.67, 2.73, 2.68, 2.59, 2.46, 2.38, 2.39, 1.7, 1.64, 1.53, 1.38, 1.24, 1.33, 1.44, 1.52, 1.57, 1.61, 1.54, 1.56, 1.59, 1.63, 2.58, 2.48, 2.3, 2.05, 1.93, 1.61, 1.63, 1.55, 1.45, 1.23, 1.07, 1.3, 1.45, 1.54, 1.6, 1.63, 1.53, 1.55, 1.57, 2.56, 2.47, 2.32, 2.09, 1.7, 1.26, 1.48, 0.96, 0.94, 1.37, 1.31, 1.28, 1.39, 1.51, 1.6, 1.64, 1.67, 1.53, 1.54, 1.73, 1.7, 1.64, 1.57, 1.47, 1.35, 1.04, 0.98, 0.93, 0.92, 1.44, 1.44, 1.48, 1.54, 1.62, 1.68, 1.7, 1.71, 1.7, 1.68, 1.65, 1.61, 1.55, 1.48, 1.41, 1.34, 0.93, 0.91, 0.88, 0.87, 1.53, 1.6, 1.64, 1.69, 1.75, 1.77, 1.77, 1.76, 1.64, 1.61, 1.58, 1.53, 1.47, 1.4, 1.33, 0.79, 0.83, 0.82, 0.81, 0.82, 1.34, 1.7, 1.76, 1.83, 1.88, 1.88, 1.83, 1.8, 1.59, 1.56, 1.51, 0.75, 0.74, 0.74, 0.73, 0.71, 0.68, 0.66, 0.66, 1.19, 1.4, 1.77, 1.84, 1.95, 2.06, 1.98, 1.87, 1.82, 0.74, 0.74, 0.73, 0.72, 0.72, 0.7, 0.67, 0.63, 0.58, 0.56, 0.59, 1.02, 1.36, 1.55, 1.73, 1.99, 2.35, 1.92, 1.84, 1.82, 0.73, 0.72, 0.72, 0.71, 0.69, 0.67, 0.64, 0.59, 0.5, 0.43, 0.53, 0.95, 1.17, 1.52, 1.69, 1.82, 1.83, 1.65, 1.79, 1.8, 0.72, 0.72, 0.71, 0.7, 0.68, 0.66, 0.63, 0.58, 0.5, 0.44, 0.72, 0.92, 1.12, 1.48, 1.62, 1.77, 1.76, 1.74, 1.78, 1.79, 0.72, 0.71, 0.7, 0.69, 0.67, 0.66, 0.63, 0.6, 0.57, 0.56, 0.8, 0.92, 1.07, 1.54, 1.64, 1.7, 1.72, 1.73, 1.73, 1.73, 0.71, 0.7, 0.7, 0.69, 0.67, 0.66, 0.64, 0.63, 0.63, 0.8, 0.83, 0.7, 0.73, 0.78, 1.57, 1.64, 1.68, 1.69, 1.7, 1.71, 0.71, 0.7, 0.69, 0.69, 0.68, 0.67, 0.66, 0.66, 0.66, 0.81, 0.73, 0.72, 0.74, 0.77, 1.51, 1.58, 1.63, 1.66, 1.67, 1.68, 0.71, 0.7, 0.69, 0.69, 0.68, 0.67, 0.67, 0.67, 0.7, 0.72, 0.73, 0.73, 0.75, 0.77, 1.47, 1.54, 1.59, 1.62, 1.64, 1.65, 0.7, 0.7, 0.69, 0.69, 0.68, 0.68, 0.68, 0.68, 0.71, 0.72, 0.73, 0.74, 0.75, 0.77, 1.44, 1.51, 1.56, 1.59, 1.61, 1.63, 0.7, 0.7, 0.7, 0.69, 0.69, 0.68, 0.68, 0.71, 0.71, 0.72, 0.73, 0.74, 0.75, 0.77, 1.43, 1.49, 1.53, 1.57, 1.59, 1.61]}, {"header": {"refTime": "2023-09-10T03:00:00.000Z", "nx": 21, "ny": 33, "lo1": 113.509, "la1": 22.2235, "lo2": 113.5947, "la2": 22.1034, "dx": 0.0042850000000001385, "dy": 0.003753125000000024, "parameterCategory": 0, "parameterCategoryName": "Temperature", "parameterNumber": 0}, "data": [[25.46, 25.45, 25.45, 25.32, 25.32, 25.4, 25.4, 25.4, 25.4, 25.39, 25.39, 25.39, 25.49, 25.49, 25.53, 25.54, 25.6, 25.6, 25.61, 25.61], [25.46, 25.46, 25.45, 25.45, 25.32, 25.33, 25.4, 25.4, 25.4, 25.39, 25.39, 25.39, 25.49, 25.5, 25.53, 25.59, 25.6, 25.61, 25.61, 25.61], [25.46, 25.46, 25.45, 25.45, 25.32, 25.33, 25.34, 25.4, 25.4, 25.39, 25.39, 25.4, 25.49, 25.5, 25.58, 25.59, 25.6, 25.61, 25.61, 25.62], [25.47, 25.46, 25.46, 25.45, 25.44, 25.32, 25.33, 25.35, 25.36, 25.38, 25.39, 25.41, 25.5, 25.46, 25.58, 25.6, 25.61, 25.62, 25.62, 25.62], [25.47, 25.47, 25.47, 25.46, 25.45, 25.31, 25.32, 25.32, 25.32, 25.37, 25.38, 25.46, 25.49, 25.47, 25.58, 25.6, 25.62, 25.63, 25.63, 25.63], [25.48, 25.48, 25.47, 25.47, 25.46, 25.44, 25.31, 25.3, 25.3, 25.29, 25.41, 25.45, 25.48, 25.53, 25.59, 25.61, 25.64, 25.65, 25.64, 25.64], [25.52, 25.49, 25.49, 25.48, 25.47, 25.45, 25.37, 25.29, 25.29, 25.31, 25.32, 25.44, 25.56, 25.55, 25.6, 25.63, 25.66, 25.67, 25.66, 25.65], [25.53, 25.53, 25.53, 25.53, 25.52, 25.43, 25.39, 25.34, 25.31, 25.3, 25.25, 25.48, 25.48, 25.55, 25.66, 25.65, 25.67, 25.68, 25.67, 25.66], [25.47, 25.48, 25.55, 25.55, 25.56, 25.54, 25.49, 25.37, 25.27, 25.32, 25.35, 25.41, 25.44, 25.4, 25.66, 25.65, 25.66, 25.67, 25.66, 25.66], [25.7, 25.7, 25.7, 25.51, 25.54, 25.61, 25.56, 25.49, 25.24, 25.25, 25.44, 25.38, 25.4, 25.39, 25.66, 25.64, 25.65, 25.66, 25.66, 25.65], [25.7, 25.7, 25.7, 25.7, 25.7, 25.7, 25.7, 25.7, 25.56, 25.27, 25.2, 25.35, 25.37, 25.37, 25.66, 25.64, 25.65, 25.65, 25.65, 25.65], [25.7, 25.7, 25.7, 25.7, 25.7, 25.7, 25.7, 25.7, 25.7, -999.0, 25.2, 25.6, 25.6, 25.36, 25.66, 25.64, 25.64, 25.42, 25.42, 25.42], [25.7, 25.7, 25.7, 25.7, 25.7, 25.7, 25.7, 25.7, 25.7, 25.7, -999.0, 25.6, 25.6, 25.34, 25.45, 25.52, 25.52, 25.46, 25.47, 25.47], [25.7, 25.7, 25.7, 25.7, 25.7, 25.7, 25.7, 25.7, 25.7, 25.7, -999.0, 25.2, 25.2, 25.2, 25.42, 25.48, 25.48, 25.42, 25.43, 25.45], [25.7, 25.7, 25.7, 25.7, 25.7, 25.7, 25.7, 25.7, 25.7, 25.7, 25.7, 25.51, 25.2, 25.2, 25.2, 25.43, 25.44, 25.39, 25.4, 25.42], [25.7, 25.7, 25.7, 25.7, 25.7, 25.7, 25.7, 25.7, 25.7, 25.7, 25.39, 25.42, 25.37, 25.33, 25.38, 25.35, 25.37, 25.33, 25.44, 25.46], [25.7, 25.7, 25.7, 25.7, 25.7, 25.7, 25.7, 25.7, 25.7, 25.7, 25.48, 25.42, 25.36, 25.3, 25.3, 25.28, 25.3, 25.32, 25.34, 25.35], [25.7, 25.7, 25.7, 25.7, 25.7, 25.7, 25.7, 25.7, 25.7, 25.57, 25.51, 25.43, 25.35, 25.31, 25.22, 25.27, 25.31, 25.33, 25.35, 25.36], [25.7, 25.7, 25.7, 25.7, 25.7, 25.7, 25.7, 25.7, 25.66, 25.6, 25.54, 25.47, 25.41, 25.34, 25.26, 25.29, 25.32, 25.34, 25.36, 25.36], [25.7, 25.7, 25.64, 25.65, 25.65, 25.65, 25.66, 25.68, 25.64, 25.6, 25.54, 25.49, 25.44, 25.4, 25.31, 25.33, 25.35, 25.37, 25.37, 25.38], [25.64, 25.64, 25.64, 25.66, 25.66, 25.66, 25.67, 25.67, 25.6, 25.58, 25.54, 25.5, 25.47, 25.35, 25.35, 25.37, 25.38, 25.39, 25.39, 25.39], [25.65, 25.65, 25.65, 25.66, 25.66, 25.66, 25.66, 25.68, 25.58, 25.56, 25.54, 25.52, 25.46, 25.37, 25.39, 25.4, 25.42, 25.42, 25.41, 25.4], [25.65, 25.65, 25.65, 25.69, 25.69, 25.68, 25.68, 25.68, 25.67, 25.67, 25.67, 25.63, 25.51, 25.39, 25.41, 25.43, 25.46, 25.44, 25.42, 25.41], [25.69, 25.69, 25.69, 25.69, 25.69, 25.68, 25.68, 25.67, 25.66, 25.65, 25.66, 25.65, 25.51, 25.5, 25.49, 25.44, 25.52, 25.43, 25.41, 25.41], [25.69, 25.69, 25.69, 25.69, 25.69, 25.68, 25.68, 25.66, 25.64, 25.63, 25.65, 25.65, 25.66, 25.5, 25.48, 25.47, 25.41, 25.38, 25.4, 25.4], [25.69, 25.69, 25.69, 25.69, 25.69, 25.69, 25.68, 25.67, 25.65, 25.63, 25.65, 25.66, 25.67, 25.5, 25.48, 25.5, 25.47, 25.45, 25.4, 25.4], [25.7, 25.7, 25.69, 25.69, 25.69, 25.69, 25.69, 25.68, 25.68, 25.68, 25.68, 25.68, 25.68, 25.57, 25.54, 25.52, 25.49, 25.48, 25.49, 25.49], [25.7, 25.7, 25.7, 25.7, 25.7, 25.7, 25.7, 25.7, 25.71, 25.71, 25.72, 25.67, 25.63, 25.59, 25.56, 25.54, 25.52, 25.51, 25.5, 25.51], [25.7, 25.7, 25.7, 25.7, 25.7, 25.7, 25.71, 25.71, 25.73, 25.75, 25.76, 25.7, 25.65, 25.61, 25.58, 25.55, 25.54, 25.52, 25.52, 25.52], [25.7, 25.7, 25.7, 25.7, 25.7, 25.71, 25.71, 25.72, 25.69, 25.72, 25.74, 25.7, 25.66, 25.62, 25.59, 25.57, 25.55, 25.54, 25.53, 25.53], [25.7, 25.7, 25.7, 25.7, 25.71, 25.71, 25.71, 25.72, 25.68, 25.69, 25.7, 25.68, 25.65, 25.62, 25.6, 25.58, 25.56, 25.55, 25.54, 25.54], [25.7, 25.7, 25.7, 25.71, 25.71, 25.71, 25.72, 25.65, 25.66, 25.67, 25.67, 25.66, 25.64, 25.62, 25.6, 25.58, 25.57, 25.56, 25.55, 25.55]]}]