gis_exercise/awsData/contour/wdir_2023090212.json
[{"header": {"refTime": "2023-09-02T12:00:00.000Z", "nx": 21, "ny": 33, "lo1": 113.509, "la1": 22.2235, "lo2": 113.5947, "la2": 22.1034, "dx": 0.0042850000000001385, "dy": 0.003753125000000024, "parameterCategory": 2, "parameterCategoryName": "Temperature", "parameterNumber": 2}, "data": [-3.59, -3.59, -3.58, -4.0, -3.94, -4.65, -4.52, -4.4, -4.38, -4.33, -4.62, -4.9, -5.05, -5.17, -7.83, -8.14, -8.72, -8.86, -8.96, -9.03, -3.59, -3.59, -3.59, -3.57, -3.96, -3.86, -4.39, -4.11, -3.96, -4.11, -4.6, -5.01, -5.23, -5.34, -7.97, -8.6, -8.82, -9.0, -9.12, -9.18, -3.6, -3.6, -3.6, -3.6, -4.0, -3.9, -3.73, -3.89, -3.08, -3.92, -4.69, -5.26, -5.53, -5.59, -8.35, -8.67, -8.98, -9.2, -9.33, -9.36, -3.6, -3.61, -3.62, -3.62, -3.62, -3.99, -3.86, -3.62, -3.4, -4.21, -4.97, -5.69, -6.05, -6.2, -8.34, -8.8, -9.23, -9.52, -9.62, -9.6, -3.6, -3.61, -3.63, -3.65, -3.68, -4.14, -4.08, -4.0, -3.95, -4.64, -5.24, -6.33, -7.1, -6.36, -8.35, -9.02, -9.66, -10.01, -10.03, -9.89, -3.59, -3.61, -3.63, -3.67, -3.73, -3.82, -4.34, -4.38, -4.37, -4.32, -5.41, -5.91, -6.48, -7.64, -8.38, -9.36, -10.38, -10.81, -10.56, -10.19, -6.52, -3.59, -3.61, -3.65, -3.73, -3.88, -4.48, -4.74, -4.78, -4.69, -4.49, -5.12, -7.15, -7.59, -8.37, -9.7, -11.41, -12.05, -12.29, -12.01, -6.53, -6.41, -6.26, -6.22, -6.16, -4.13, -4.42, -4.89, -5.33, -4.68, -4.37, -5.64, -5.99, -7.83, -9.83, -10.79, -11.94, -12.36, -11.74, -11.32, -6.56, -6.42, -6.23, -5.98, -5.86, -5.9, -6.23, -4.56, -6.6, -4.7, -6.27, -7.22, -9.03, -8.16, -9.95, -10.58, -11.24, -11.53, -11.39, -11.17, -8.8, -8.58, -8.24, -5.89, -5.33, -5.09, -6.04, -7.06, -7.84, -7.47, -7.09, -8.27, -9.86, -8.63, -10.08, -10.41, -10.79, -11.02, -11.04, -10.96, -8.87, -8.66, -8.33, -7.75, -6.5, -2.88, -7.48, -9.88, -9.0, -8.8, -10.34, -8.0, -8.46, -8.27, -10.11, -10.31, -10.54, -10.71, -10.78, -10.77, -8.99, -8.84, -8.61, -8.25, -7.66, -7.37, -9.18, -11.33, -12.17, -13.22, -10.8, -10.4, -10.22, -7.93, -10.09, -10.23, -10.39, -11.88, -11.89, -11.88, -9.16, -9.08, -9.01, -8.97, -9.11, -9.9, -11.15, -11.67, -12.02, -11.39, -13.11, -10.57, -10.33, -8.97, -8.92, -11.58, -11.61, -11.64, -11.68, -11.7, -9.33, -9.33, -9.37, -9.54, -9.96, -10.94, -12.51, -11.62, -11.44, -11.2, -13.13, -11.89, -11.66, -11.47, -8.91, -11.27, -11.33, -11.4, -11.47, -11.53, -9.48, -9.53, -9.65, -9.87, -10.27, -10.87, -11.35, -10.1, -9.44, -8.88, -8.43, -7.04, -11.36, -11.13, -10.98, -10.91, -11.02, -11.15, -11.26, -11.36, -9.61, -9.69, -5.1, -5.37, -5.71, -8.79, -8.65, -8.15, -7.6, -7.28, -5.99, -6.43, -6.9, -7.13, -7.49, -9.87, -9.94, -10.01, -10.33, -10.42, -4.56, -4.63, -4.7, -4.76, -7.61, -7.25, -6.6, -5.73, -5.17, -5.29, -4.92, -5.86, -6.76, -7.61, -7.68, -8.55, -8.33, -8.16, -8.03, -7.93, -4.34, -4.33, -4.28, -4.16, -6.59, -5.83, -4.57, -2.88, -2.0, -2.35, -3.86, -5.32, -6.6, -7.52, -8.94, -8.62, -8.32, -8.11, -7.98, -7.88, -4.12, -4.04, -3.9, -6.43, -5.79, -4.77, -3.11, -0.37, 2.15, -0.95, -2.05, -3.72, -5.73, -7.08, -8.67, -8.45, -8.2, -8.02, -7.89, -7.81, -3.92, -3.79, -4.79, -4.43, -3.89, -3.08, -1.86, -0.13, 1.21, -0.45, -2.2, -3.63, -5.44, -6.48, -8.29, -8.18, -8.02, -7.88, -7.78, -7.71, -5.07, -4.9, -4.65, -4.32, -3.86, -3.24, -2.45, -1.64, -0.89, -1.68, -2.74, -3.73, -5.3, -8.05, -8.02, -7.95, -7.85, -7.74, -7.66, -7.6, -4.99, -4.83, -4.62, -4.35, -4.01, -3.62, -3.22, -1.39, -2.43, -2.89, -3.46, -4.01, -8.57, -7.87, -7.83, -7.79, -7.74, -7.62, -7.52, -7.48, -4.96, -4.82, -4.65, -2.16, -2.17, -2.22, -2.33, -2.56, -2.88, -3.11, -3.13, -4.55, -7.08, -7.73, -7.7, -7.73, -7.83, -7.55, -7.34, -7.33, -2.35, -2.37, -2.41, -2.47, -2.58, -2.76, -3.06, -3.53, -4.13, -4.44, -4.13, -6.84, -7.06, -7.1, -7.18, -7.61, -8.45, -7.04, -7.03, -7.17, -2.5, -2.55, -2.63, -2.74, -2.91, -3.17, -3.56, -4.19, -5.17, -5.96, -4.91, -6.7, -6.88, -7.05, -7.07, -7.05, -6.72, -6.05, -6.79, -7.06, -2.63, -2.7, -2.8, -2.94, -3.14, -3.42, -3.81, -4.39, -5.25, -5.9, -6.52, -6.49, -6.65, -7.01, -6.98, -6.42, -6.32, -6.2, -6.86, -7.05, -2.74, -2.82, -2.94, -3.09, -3.28, -3.54, -3.86, -4.26, -4.66, -4.79, -6.08, -6.13, -6.36, -5.87, -6.09, -6.23, -6.25, -6.24, -6.26, -6.28, -2.82, -2.92, -3.03, -3.18, -3.36, -3.57, -3.81, -4.06, -4.22, -5.53, -5.37, -4.89, -4.96, -4.97, -5.91, -6.07, -6.15, -6.19, -6.21, -6.23, -2.89, -2.99, -3.1, -3.23, -3.39, -3.56, -3.74, -3.9, -3.99, -4.91, -4.18, -4.6, -4.81, -4.89, -5.76, -5.94, -6.05, -6.11, -6.15, -6.17, -2.94, -3.03, -3.14, -3.26, -3.39, -3.53, -3.67, -3.79, -4.8, -4.5, -4.31, -4.56, -4.75, -4.85, -5.66, -5.84, -5.95, -6.03, -6.08, -6.11, -2.98, -3.06, -3.16, -3.26, -3.38, -3.49, -3.61, -3.7, -4.81, -4.66, -4.59, -4.66, -4.76, -4.84, -5.6, -5.76, -5.88, -5.96, -6.02, -6.06, -3.0, -3.08, -3.16, -3.26, -3.35, -3.45, -3.54, -4.94, -4.85, -4.77, -4.73, -4.75, -4.8, -4.85, -5.58, -5.72, -5.83, -5.91, -5.97, -6.01]}, {"header": {"refTime": "2023-09-02T12:00:00.000Z", "nx": 21, "ny": 33, "lo1": 113.509, "la1": 22.2235, "lo2": 113.5947, "la2": 22.1034, "dx": 0.0042850000000001385, "dy": 0.003753125000000024, "parameterCategory": 2, "parameterCategoryName": "Temperature", "parameterNumber": 3}, "data": [-1.08, -1.04, -0.99, 0.2, 0.19, -0.78, -0.74, -0.7, -0.7, -0.34, -0.44, -0.54, -0.91, -0.95, -1.05, -1.01, -0.83, -0.77, -0.73, -0.7, -1.1, -1.06, -1.02, -0.95, 0.18, 0.17, -0.68, -0.58, -0.52, -0.3, -0.46, -0.62, -1.0, -1.04, -1.11, -0.9, -0.82, -0.75, -0.7, -0.67, -1.13, -1.1, -1.05, -0.99, 0.18, 0.16, 0.13, -0.48, -0.16, -0.26, -0.5, -0.75, -1.16, -1.17, -1.04, -0.9, -0.79, -0.71, -0.66, -0.64, -1.18, -1.15, -1.1, -1.04, -0.96, 0.16, 0.14, 0.11, 0.09, -0.28, -0.57, -0.98, -1.46, -1.01, -1.08, -0.87, -0.73, -0.64, -0.6, -0.59, -1.23, -1.21, -1.17, -1.12, -1.05, 0.15, 0.14, 0.15, 0.19, -0.25, -0.57, -1.12, -1.91, -1.18, -1.06, -0.8, -0.63, -0.54, -0.52, -0.53, -1.29, -1.28, -1.25, -1.22, -1.16, -1.07, 0.12, 0.13, 0.21, 0.4, -0.11, -0.71, -1.31, -1.14, -0.92, -0.67, -0.47, -0.39, -0.42, -0.47, -0.94, -1.36, -1.35, -1.34, -1.29, -1.2, -0.63, -0.01, 0.07, 0.61, 0.88, 0.05, -0.55, -0.62, -0.71, -0.52, -0.28, -0.18, -0.33, -0.42, -0.95, -1.0, -1.05, -1.21, -1.2, -0.97, -0.76, -0.57, -0.35, 0.68, 1.32, 0.74, 0.61, -0.24, 0.29, 0.22, 0.12, 0.08, 0.13, 0.17, -0.96, -1.02, -1.1, -1.2, -1.38, -1.33, -1.11, -0.68, 0.21, 0.55, 0.99, 0.72, 0.57, 0.64, 0.31, 0.24, 0.18, 0.16, 0.17, 0.19, -0.5, -0.59, -0.71, -1.28, -1.53, -1.75, -1.34, -0.88, 0.5, 0.64, 0.85, 0.7, 0.57, 0.64, 0.32, 0.27, 0.23, 0.2, 0.2, 0.21, -0.47, -0.55, -0.67, -0.89, -1.35, -2.7, -1.02, -0.18, -0.34, 0.7, 0.97, 0.73, 0.68, 0.68, 0.32, 0.28, 0.25, 0.23, 0.22, 0.22, -0.42, -0.48, -0.56, -0.69, -0.91, -1.02, -0.37, 0.31, 0.55, 0.94, 0.96, 0.59, 0.56, 0.72, 0.32, 0.29, 0.27, -0.13, -0.14, -0.14, -0.36, -0.39, -0.41, -0.42, -0.35, -0.03, 0.45, 0.5, 0.55, 0.36, 0.92, 0.62, 0.59, 0.02, -0.01, -0.17, -0.18, -0.18, -0.19, -0.19, -0.3, -0.29, -0.27, -0.2, -0.02, 0.39, 1.09, 0.59, 0.43, 0.33, 0.95, 0.22, 0.12, 0.04, -0.14, -0.27, -0.26, -0.25, -0.24, -0.23, -0.24, -0.21, -0.16, -0.07, 0.09, 0.34, 0.54, 1.17, 1.12, 1.1, 1.09, 0.26, -0.01, -0.11, -0.17, -0.38, -0.36, -0.33, -0.3, -0.28, -0.19, -0.16, -0.1, -0.01, 0.11, 1.16, 1.15, 1.13, 1.11, 1.09, 0.36, 0.19, 0.0, -0.28, -0.35, 0.49, 0.73, 0.97, 1.05, 1.19, -0.13, -0.08, -0.02, 0.06, 1.13, 1.12, 1.11, 1.09, 1.07, 1.07, 0.34, 0.14, -0.1, -0.38, -0.01, -0.04, 0.29, 0.54, 0.71, 0.82, -0.07, -0.03, 0.03, 0.11, 1.11, 1.09, 1.07, 1.05, 1.03, 0.65, 0.46, 0.13, -0.16, -0.02, -0.82, -0.14, 0.33, 0.62, 0.8, 0.91, -0.03, 0.01, 0.07, 1.1, 1.09, 1.08, 1.05, 1.01, 0.89, 0.7, -0.0, -0.26, 0.73, 0.33, -0.19, 0.15, 0.54, 0.8, 0.95, 1.02, -0.0, 0.05, 0.5, 0.51, 0.53, 0.55, 0.61, 0.7, 0.53, 0.25, -0.04, -0.27, 1.05, 0.93, 0.44, 0.65, 0.9, 1.07, 1.14, 1.16, 0.43, 0.43, 0.43, 0.43, 0.43, 0.44, 0.47, 0.5, 0.14, 0.01, -0.17, -0.31, 1.41, 0.83, 0.95, 1.15, 1.33, 1.39, 1.36, 1.3, 0.38, 0.37, 0.36, 0.35, 0.33, 0.31, 0.29, 0.31, -0.16, -0.24, -0.33, -0.4, 1.01, 1.15, 1.35, 1.62, 1.82, 1.75, 1.55, 1.41, 0.33, 0.32, 0.29, 0.32, 0.29, 0.25, 0.19, 0.12, 0.03, -0.01, 0.02, 1.18, 0.92, 1.37, 1.63, 2.05, 2.52, 2.11, 1.64, 1.44, 0.36, 0.34, 0.32, 0.29, 0.25, 0.18, 0.09, -0.06, -0.24, -0.33, -0.19, 1.12, 0.82, 1.23, 1.65, 2.18, 3.82, 1.74, 1.43, 1.38, 0.35, 0.33, 0.31, 0.28, 0.23, 0.15, 0.03, -0.17, -0.52, -0.82, -0.37, 0.95, 1.6, 1.12, 1.47, 1.7, 1.28, 0.42, 1.15, 1.28, 0.35, 0.33, 0.31, 0.28, 0.23, 0.16, 0.05, -0.13, -0.46, -0.73, 0.28, 0.96, 1.53, 1.01, 1.27, 1.78, 1.47, 1.26, 1.15, 1.24, 0.36, 0.34, 0.32, 0.3, 0.26, 0.21, 0.15, 0.05, -0.05, -0.04, 0.74, 1.13, 1.52, 1.82, 1.81, 1.73, 1.6, 1.52, 1.55, 1.62, 0.36, 0.35, 0.34, 0.32, 0.31, 0.29, 0.27, 0.28, 0.35, 1.0, 1.18, 0.29, 0.05, -0.16, 1.77, 1.73, 1.67, 1.63, 1.63, 1.66, 0.38, 0.37, 0.36, 0.36, 0.35, 0.36, 0.39, 0.46, 0.63, 1.32, 1.21, 0.63, 0.24, -0.02, 1.75, 1.73, 1.71, 1.69, 1.68, 1.7, 0.39, 0.39, 0.39, 0.39, 0.4, 0.42, 0.47, 0.57, 0.45, 0.81, 1.03, 0.66, 0.31, 0.05, 1.74, 1.74, 1.73, 1.72, 1.71, 1.72, 0.4, 0.4, 0.41, 0.42, 0.43, 0.46, 0.52, 0.6, 0.39, 0.57, 0.63, 0.49, 0.27, 0.07, 1.74, 1.74, 1.74, 1.73, 1.73, 1.74, 0.41, 0.42, 0.42, 0.44, 0.46, 0.49, 0.54, 0.19, 0.29, 0.38, 0.4, 0.33, 0.2, 0.05, 1.74, 1.75, 1.75, 1.74, 1.75, 1.75]}, {"header": {"refTime": "2023-09-02T12:00:00.000Z", "nx": 21, "ny": 33, "lo1": 113.509, "la1": 22.2235, "lo2": 113.5947, "la2": 22.1034, "dx": 0.0042850000000001385, "dy": 0.003753125000000024, "parameterCategory": 0, "parameterCategoryName": "Temperature", "parameterNumber": 0}, "data": [[26.1, 26.09, 26.09, 25.89, 25.9, 26.12, 26.12, 26.12, 26.13, 26.06, 26.06, 26.07, 26.27, 26.28, 26.22, 26.22, 26.27, 26.26, 26.25, 26.25], [26.1, 26.1, 26.09, 26.09, 25.9, 25.91, 26.11, 26.12, 26.12, 26.07, 26.07, 26.08, 26.28, 26.29, 26.23, 26.27, 26.26, 26.25, 26.25, 26.25], [26.1, 26.1, 26.09, 26.09, 25.89, 25.91, 25.94, 26.11, 26.1, 26.07, 26.07, 26.1, 26.29, 26.3, 26.29, 26.27, 26.26, 26.25, 26.24, 26.24], [26.1, 26.1, 26.1, 26.09, 26.09, 25.9, 25.92, 25.96, 25.99, 26.05, 26.07, 26.13, 26.32, 26.2, 26.29, 26.27, 26.25, 26.23, 26.23, 26.23], [26.11, 26.1, 26.1, 26.09, 26.09, 25.88, 25.89, 25.9, 25.9, 26.01, 26.05, 26.2, 26.32, 26.23, 26.29, 26.26, 26.23, 26.22, 26.21, 26.22], [26.11, 26.11, 26.1, 26.1, 26.09, 26.08, 25.86, 25.86, 25.84, 25.8, 26.03, 26.15, 26.25, 26.37, 26.28, 26.24, 26.2, 26.19, 26.19, 26.21], [26.12, 26.11, 26.11, 26.11, 26.1, 26.08, 25.9, 25.84, 25.82, 25.79, 25.78, 26.06, 26.34, 26.35, 26.27, 26.22, 26.16, 26.14, 26.16, 26.17], [26.13, 26.13, 26.13, 26.13, 26.12, 25.96, 25.92, 25.89, 25.88, 25.76, 25.63, 26.05, 26.06, 26.35, 26.17, 26.2, 26.15, 26.14, 26.16, 26.18], [26.07, 26.08, 26.15, 26.15, 26.16, 26.14, 26.09, 25.91, 25.77, 25.82, 25.81, 25.93, 25.98, 25.91, 26.18, 26.2, 26.18, 26.17, 26.17, 26.18], [26.3, 26.3, 26.3, 26.11, 26.14, 26.21, 26.16, 26.09, 25.67, 25.69, 25.99, 25.85, 25.9, 25.87, 26.18, 26.21, 26.2, 26.19, 26.19, 26.19], [26.3, 26.3, 26.3, 26.3, 26.3, 26.3, 26.3, 26.3, 26.16, 25.76, 25.5, 25.8, 25.84, 25.84, 26.18, 26.22, 26.21, 26.2, 26.2, 26.2], [26.3, 26.3, 26.3, 26.3, 26.3, 26.3, 26.3, 26.3, 26.3, -999.0, 25.5, 26.3, 26.3, 25.82, 26.18, 26.23, 26.22, 25.59, 25.6, 25.6], [26.3, 26.3, 26.3, 26.3, 26.3, 26.3, 26.3, 26.3, 26.3, 26.3, -999.0, 26.3, 26.3, 25.58, 25.9, 25.77, 25.78, 25.67, 25.68, 25.69], [26.3, 26.3, 26.3, 26.3, 26.3, 26.3, 26.3, 26.3, 26.3, 26.3, -999.0, 25.2, 25.2, 25.2, 25.8, 25.7, 25.71, 25.6, 25.62, 25.64], [26.3, 26.3, 26.3, 26.3, 26.3, 26.3, 26.3, 26.2, 26.2, 26.2, 26.2, 25.82, 25.2, 25.2, 25.2, 25.61, 25.64, 25.54, 25.57, 25.59], [26.3, 26.3, 26.24, 26.24, 26.23, 26.2, 26.2, 26.2, 26.2, 26.2, 25.57, 25.64, 25.55, 25.46, 25.56, 25.49, 25.54, 25.46, 25.65, 25.68], [26.24, 26.24, 26.26, 26.26, 26.2, 26.2, 26.2, 26.2, 26.2, 26.2, 25.77, 25.65, 25.52, 25.4, 25.41, 25.42, 25.5, 25.56, 25.61, 25.64], [26.26, 26.26, 26.26, 26.26, 26.2, 26.2, 26.2, 26.2, 26.2, 25.95, 25.81, 25.66, 25.51, 25.42, 25.23, 25.4, 25.51, 25.58, 25.63, 25.66], [26.26, 26.26, 26.26, 26.2, 26.2, 26.2, 26.2, 26.2, 26.11, 26.01, 25.91, 25.79, 25.62, 25.49, 25.38, 25.46, 25.56, 25.62, 25.66, 25.69], [26.26, 26.26, 26.2, 26.2, 26.2, 26.2, 26.2, 26.2, 26.11, 26.03, 25.93, 25.83, 25.68, 25.6, 25.53, 25.57, 25.63, 25.68, 25.71, 25.72], [26.2, 26.2, 26.2, 26.2, 26.2, 26.2, 26.2, 26.2, 26.04, 26.0, 25.94, 25.86, 25.73, 25.62, 25.64, 25.68, 25.72, 25.75, 25.76, 25.76], [26.2, 26.2, 26.2, 26.2, 26.2, 26.2, 26.2, 26.18, 26.03, 26.0, 25.96, 25.9, 25.78, 25.69, 25.73, 25.77, 25.8, 25.81, 25.8, 25.79], [26.2, 26.2, 26.2, 26.17, 26.18, 26.18, 26.18, 26.18, 26.18, 26.18, 26.18, 26.15, 26.04, 25.75, 25.79, 25.84, 25.88, 25.87, 25.85, 25.82], [26.17, 26.17, 26.17, 26.17, 26.17, 26.18, 26.18, 26.18, 26.18, 26.18, 26.18, 26.13, 26.05, 26.02, 26.0, 25.87, 25.95, 25.91, 25.87, 25.84], [26.17, 26.17, 26.17, 26.17, 26.17, 26.17, 26.17, 26.18, 26.18, 26.19, 26.18, 26.13, 26.11, 26.03, 26.0, 25.98, 25.9, 25.9, 25.87, 25.84], [26.17, 26.17, 26.17, 26.17, 26.17, 26.17, 26.17, 26.17, 26.18, 26.19, 26.15, 26.13, 26.11, 26.03, 26.01, 25.97, 25.96, 25.95, 25.86, 25.84], [26.17, 26.17, 26.17, 26.17, 26.17, 26.17, 26.17, 26.17, 26.17, 26.17, 26.13, 26.12, 26.11, 26.0, 25.99, 25.98, 25.97, 25.97, 25.97, 25.97], [26.17, 26.17, 26.17, 26.16, 26.16, 26.16, 26.16, 26.16, 26.15, 26.12, 26.12, 26.1, 26.09, 26.07, 26.0, 25.99, 25.98, 25.98, 25.97, 25.97], [26.16, 26.16, 26.16, 26.16, 26.16, 26.16, 26.16, 26.15, 26.14, 26.11, 26.1, 26.1, 26.09, 26.07, 26.01, 25.99, 25.99, 25.98, 25.98, 25.98], [26.16, 26.16, 26.16, 26.16, 26.16, 26.16, 26.15, 26.15, 26.1, 26.1, 26.1, 26.09, 26.09, 26.08, 26.01, 26.0, 25.99, 25.99, 25.99, 25.98], [26.16, 26.16, 26.16, 26.16, 26.16, 26.16, 26.15, 26.15, 26.1, 26.1, 26.1, 26.09, 26.09, 26.08, 26.01, 26.0, 26.0, 25.99, 25.99, 25.99], [26.16, 26.16, 26.16, 26.16, 26.16, 26.15, 26.15, 26.1, 26.1, 26.09, 26.09, 26.09, 26.08, 26.08, 26.02, 26.01, 26.0, 26.0, 25.99, 25.99]]}]