gis_exercise/awsData/contour/wdir_2023090806.json
[{"header": {"refTime": "2023-09-08T06:00:00.000Z", "nx": 21, "ny": 33, "lo1": 113.509, "la1": 22.2235, "lo2": 113.5947, "la2": 22.1034, "dx": 0.0042850000000001385, "dy": 0.003753125000000024, "parameterCategory": 2, "parameterCategoryName": "Temperature", "parameterNumber": 2}, "data": [-1.98, -1.96, -1.95, -1.8, -1.79, -2.13, -2.09, -2.06, -2.07, -2.1, -2.2, -2.3, -3.04, -3.12, -4.64, -4.91, -5.95, -6.1, -6.21, -6.28, -1.98, -1.97, -1.96, -1.94, -1.79, -1.77, -2.05, -1.97, -1.93, -2.02, -2.2, -2.35, -3.09, -3.18, -4.7, -5.8, -6.03, -6.21, -6.33, -6.4, -2.0, -1.98, -1.97, -1.95, -1.8, -1.78, -1.75, -1.9, -1.66, -1.96, -2.23, -2.44, -3.18, -3.25, -5.48, -5.84, -6.15, -6.38, -6.51, -6.56, -2.01, -2.0, -1.99, -1.97, -1.95, -1.8, -1.77, -1.73, -1.69, -2.05, -2.33, -2.6, -3.3, -3.39, -5.44, -5.95, -6.37, -6.64, -6.75, -6.76, -2.02, -2.02, -2.01, -2.0, -1.98, -1.83, -1.81, -1.8, -1.79, -2.19, -2.41, -3.35, -3.4, -3.41, -5.47, -6.17, -6.75, -7.06, -7.1, -7.0, -2.04, -2.04, -2.04, -2.03, -2.02, -2.0, -1.86, -1.87, -1.87, -1.86, -3.16, -3.34, -3.43, -4.3, -5.65, -6.53, -7.36, -7.71, -7.53, -7.25, -3.0, -2.06, -2.06, -2.06, -2.06, -2.05, -2.1, -1.93, -1.94, -2.49, -2.62, -3.4, -4.6, -4.64, -5.88, -6.89, -8.2, -8.69, -8.16, -7.75, -3.02, -2.99, -2.95, -3.41, -3.35, -2.15, -2.12, -2.08, -2.2, -2.4, -2.22, -4.25, -4.62, -4.94, -6.79, -7.56, -8.51, -8.86, -8.34, -8.0, -3.05, -3.02, -2.98, -2.92, -3.33, -3.3, -3.29, -2.11, -2.86, -2.54, -3.79, -4.6, -5.31, -4.97, -6.7, -7.3, -7.89, -8.15, -8.04, -7.85, -4.4, -4.33, -4.23, -2.95, -2.85, -3.16, -3.43, -3.7, -3.63, -3.45, -4.27, -4.86, -5.46, -5.06, -6.66, -7.08, -7.47, -7.69, -7.73, -7.67, -4.41, -4.34, -4.24, -4.05, -3.66, -2.51, -4.06, -5.0, -4.68, -4.21, -5.18, -4.72, -4.94, -4.89, -6.66, -6.96, -7.22, -7.41, -7.49, -7.49, -4.44, -4.39, -4.31, -4.18, -3.99, -3.91, -4.57, -5.62, -6.1, -6.34, -5.44, -6.03, -5.97, -4.74, -6.68, -6.89, -7.08, -6.73, -6.78, -6.79, -4.49, -4.45, -4.41, -4.38, -4.38, -4.55, -4.89, -5.52, -5.91, -5.55, -6.21, -6.09, -6.01, -4.78, -4.71, -6.14, -6.24, -6.35, -6.43, -6.49, -4.53, -4.52, -4.51, -4.53, -4.6, -4.76, -4.9, -5.16, -5.39, -5.36, -6.15, -5.53, -5.32, -5.14, -4.45, -5.72, -5.84, -5.98, -6.11, -6.21, -4.58, -4.58, -4.59, -4.63, -4.7, -4.81, -4.92, -4.8, -4.79, -4.7, -4.6, -3.8, -5.02, -4.79, -4.65, -5.24, -5.41, -5.61, -5.8, -5.95, -4.62, -4.63, -3.05, -3.11, -3.19, -4.42, -4.39, -4.32, -4.25, -4.21, -3.57, -3.49, -3.4, -3.18, -3.19, -3.82, -3.93, -4.05, -5.04, -5.2, -2.93, -2.95, -2.97, -2.98, -4.16, -4.06, -3.89, -3.69, -3.57, -3.63, -3.19, -3.23, -3.2, -3.11, -2.81, -3.08, -3.17, -3.24, -3.29, -3.32, -2.88, -2.88, -2.87, -2.85, -3.91, -3.7, -3.37, -2.92, -2.69, -2.24, -2.46, -3.03, -3.07, -2.78, -2.83, -3.06, -3.19, -3.27, -3.32, -3.35, -2.84, -2.82, -2.79, -3.88, -3.71, -3.43, -2.98, -2.24, -1.42, -1.97, -2.05, -2.28, -2.66, -2.79, -3.04, -3.14, -3.24, -3.31, -3.35, -3.38, -2.79, -2.77, -2.99, -2.91, -2.79, -2.61, -2.34, -1.96, -1.56, -1.83, -2.1, -2.29, -2.69, -2.83, -3.21, -3.27, -3.34, -3.39, -3.41, -3.41, -3.04, -3.0, -2.95, -2.88, -2.78, -2.64, -2.46, -2.28, -1.94, -2.06, -2.22, -2.35, -2.75, -3.32, -3.35, -3.4, -3.45, -3.47, -3.47, -3.45, -3.02, -2.99, -2.94, -2.88, -2.8, -2.72, -2.62, -1.93, -2.24, -2.32, -2.39, -2.45, -3.53, -3.41, -3.46, -3.53, -3.58, -3.57, -3.52, -3.48, -3.01, -2.98, -2.94, -1.97, -1.99, -2.02, -2.07, -2.14, -2.22, -2.27, -2.24, -3.0, -3.58, -3.47, -3.53, -3.64, -3.75, -3.66, -3.55, -3.5, -1.96, -1.97, -1.99, -2.01, -2.05, -2.11, -2.2, -2.33, -2.5, -2.58, -2.46, -3.1, -3.57, -3.61, -3.66, -3.67, -4.06, -3.58, -3.51, -3.49, -1.97, -1.99, -2.01, -2.04, -2.09, -2.16, -2.27, -2.45, -2.76, -3.02, -2.64, -3.02, -3.08, -3.59, -3.62, -3.64, -3.48, -3.29, -3.44, -3.47, -1.98, -2.0, -2.02, -2.05, -2.1, -2.16, -2.27, -2.43, -2.72, -2.95, -2.96, -2.89, -2.95, -3.57, -3.59, -3.24, -3.28, -3.26, -3.44, -3.46, -1.98, -2.0, -2.02, -2.05, -2.09, -2.14, -2.2, -2.29, -2.39, -2.39, -2.65, -2.65, -2.76, -2.77, -2.96, -3.1, -3.18, -3.2, -3.2, -3.19, -1.98, -2.0, -2.01, -2.03, -2.06, -2.09, -2.11, -2.12, -2.08, -2.28, -2.17, -2.09, -2.22, -2.32, -2.82, -2.97, -3.06, -3.11, -3.13, -3.13, -1.98, -1.99, -2.0, -2.01, -2.03, -2.03, -2.02, -1.98, -1.87, -1.86, -1.45, -1.84, -2.09, -2.24, -2.71, -2.86, -2.96, -3.02, -3.06, -3.07, -1.97, -1.98, -1.99, -1.99, -2.0, -1.99, -1.96, -1.9, -1.98, -1.73, -1.57, -1.82, -2.04, -2.19, -2.62, -2.77, -2.88, -2.95, -2.99, -3.01, -1.97, -1.97, -1.97, -1.98, -1.97, -1.96, -1.92, -1.87, -2.01, -1.89, -1.84, -1.93, -2.06, -2.18, -2.58, -2.71, -2.81, -2.88, -2.93, -2.96, -1.96, -1.96, -1.96, -1.96, -1.95, -1.93, -1.91, -2.15, -2.07, -2.01, -1.99, -2.03, -2.11, -2.19, -2.56, -2.67, -2.76, -2.83, -2.88, -2.92]}, {"header": {"refTime": "2023-09-08T06:00:00.000Z", "nx": 21, "ny": 33, "lo1": 113.509, "la1": 22.2235, "lo2": 113.5947, "la2": 22.1034, "dx": 0.0042850000000001385, "dy": 0.003753125000000024, "parameterCategory": 2, "parameterCategoryName": "Temperature", "parameterNumber": 3}, "data": [0.22, 0.23, 0.23, 0.57, 0.56, 0.51, 0.49, 0.48, 0.49, 0.71, 0.77, 0.84, 1.32, 1.38, 2.36, 2.57, 3.51, 3.62, 3.71, 3.77, 0.22, 0.22, 0.23, 0.23, 0.56, 0.53, 0.48, 0.45, 0.43, 0.64, 0.76, 0.85, 1.34, 1.4, 2.39, 3.37, 3.56, 3.71, 3.81, 3.86, 0.22, 0.22, 0.23, 0.23, 0.56, 0.54, 0.5, 0.41, 0.31, 0.59, 0.78, 0.89, 1.37, 1.43, 3.11, 3.4, 3.65, 3.83, 3.94, 3.98, 0.21, 0.22, 0.22, 0.23, 0.23, 0.55, 0.52, 0.47, 0.43, 0.68, 0.85, 0.97, 1.39, 1.65, 3.07, 3.49, 3.82, 4.03, 4.12, 4.13, 0.21, 0.21, 0.22, 0.22, 0.23, 0.57, 0.56, 0.55, 0.56, 0.84, 0.94, 1.58, 1.36, 1.61, 3.1, 3.66, 4.11, 4.35, 4.38, 4.31, 0.2, 0.2, 0.21, 0.21, 0.22, 0.24, 0.58, 0.59, 0.63, 0.71, 1.76, 1.71, 1.58, 2.27, 3.27, 3.95, 4.57, 4.84, 4.7, 4.5, 1.2, 0.2, 0.2, 0.2, 0.21, 0.23, 0.52, 0.58, 0.62, 1.35, 1.6, 2.01, 2.69, 2.68, 3.51, 4.24, 5.2, 5.56, 5.14, 4.82, 1.22, 1.17, 1.12, 1.19, 1.14, 0.44, 0.48, 0.48, 0.63, 1.3, 1.46, 2.85, 3.08, 3.02, 4.45, 4.94, 5.54, 5.76, 5.44, 5.22, 1.24, 1.19, 1.13, 1.04, 1.08, 1.07, 1.12, 0.49, 1.3, 1.36, 2.54, 3.06, 3.49, 3.28, 4.39, 4.77, 5.15, 5.31, 5.24, 5.12, 2.36, 2.27, 2.15, 1.04, 0.86, 0.85, 1.16, 1.49, 1.94, 1.89, 2.84, 3.21, 3.58, 3.34, 4.36, 4.63, 4.88, 5.02, 5.04, 5.01, 2.38, 2.3, 2.18, 1.96, 1.49, 0.13, 1.87, 2.81, 2.34, 2.42, 3.34, 3.12, 3.26, 3.23, 4.36, 4.55, 4.72, 4.84, 4.89, 4.9, 2.43, 2.37, 2.28, 2.14, 1.92, 1.81, 2.51, 3.39, 3.74, 4.17, 3.48, 3.89, 3.87, 3.14, 4.38, 4.51, 4.63, 4.21, 4.24, 4.25, 2.49, 2.46, 2.42, 2.4, 2.45, 2.73, 3.19, 3.48, 3.66, 3.39, 4.13, 3.92, 3.89, 2.97, 2.91, 3.79, 3.86, 3.93, 3.99, 4.03, 2.55, 2.55, 2.56, 2.61, 2.76, 3.1, 3.63, 3.39, 3.38, 3.3, 4.12, 3.35, 3.2, 3.07, 2.68, 3.47, 3.56, 3.65, 3.75, 3.82, 2.61, 2.62, 2.66, 2.74, 2.88, 3.09, 3.26, 3.63, 3.59, 3.54, 3.49, 2.56, 2.96, 2.79, 2.69, 3.1, 3.23, 3.38, 3.51, 3.62, 2.65, 2.68, 2.08, 2.16, 2.27, 3.47, 3.45, 3.41, 3.36, 3.33, 2.53, 2.38, 2.2, 1.99, 1.93, 2.27, 2.41, 2.54, 3.23, 3.37, 2.01, 2.05, 2.09, 2.15, 3.34, 3.29, 3.22, 3.12, 3.06, 3.08, 2.37, 2.24, 2.04, 1.8, 1.62, 1.67, 1.82, 1.93, 2.01, 2.06, 2.02, 2.05, 2.09, 2.13, 3.22, 3.13, 2.98, 2.78, 2.67, 2.21, 2.15, 2.15, 1.95, 1.62, 1.32, 1.63, 1.83, 1.96, 2.05, 2.09, 2.03, 2.06, 2.08, 3.21, 3.13, 3.0, 2.8, 2.47, 2.05, 2.13, 1.35, 1.24, 1.91, 1.76, 1.6, 1.75, 1.93, 2.04, 2.11, 2.15, 2.04, 2.05, 1.95, 1.94, 1.93, 1.9, 1.89, 1.9, 1.66, 1.46, 1.28, 1.18, 2.03, 1.98, 1.88, 1.97, 2.08, 2.16, 2.19, 2.21, 1.88, 1.86, 1.85, 1.82, 1.79, 1.76, 1.73, 1.72, 1.33, 1.24, 1.13, 1.08, 2.16, 2.05, 2.1, 2.18, 2.26, 2.29, 2.29, 2.27, 1.8, 1.78, 1.74, 1.7, 1.65, 1.6, 1.54, 0.85, 1.02, 0.97, 0.94, 0.93, 1.52, 2.19, 2.27, 2.38, 2.46, 2.44, 2.38, 2.32, 1.73, 1.69, 1.65, 0.66, 0.66, 0.65, 0.63, 0.58, 0.51, 0.46, 0.45, 1.41, 1.54, 2.29, 2.39, 2.55, 2.72, 2.59, 2.42, 2.35, 0.6, 0.6, 0.59, 0.58, 0.56, 0.52, 0.46, 0.36, 0.24, 0.17, 0.23, 0.76, 1.47, 1.81, 2.13, 2.61, 3.17, 2.49, 2.37, 2.34, 0.57, 0.56, 0.54, 0.52, 0.48, 0.43, 0.34, 0.21, 0.01, -0.15, 0.06, 0.63, 1.0, 1.75, 2.05, 2.28, 2.34, 2.07, 2.28, 2.31, 0.54, 0.52, 0.5, 0.47, 0.42, 0.36, 0.28, 0.16, -0.02, -0.15, 0.25, 0.57, 0.9, 1.68, 1.94, 2.16, 2.17, 2.14, 2.28, 2.3, 0.51, 0.49, 0.46, 0.43, 0.38, 0.33, 0.26, 0.17, 0.08, 0.05, 0.34, 0.54, 0.81, 1.69, 1.89, 2.02, 2.08, 2.1, 2.1, 2.1, 0.49, 0.46, 0.44, 0.4, 0.36, 0.31, 0.25, 0.19, 0.14, 0.3, 0.34, 0.16, 0.24, 0.35, 1.74, 1.89, 1.97, 2.02, 2.04, 2.04, 0.47, 0.45, 0.42, 0.39, 0.35, 0.3, 0.26, 0.21, 0.17, 0.27, 0.1, 0.15, 0.23, 0.33, 1.62, 1.77, 1.87, 1.93, 1.97, 1.98, 0.45, 0.43, 0.41, 0.38, 0.34, 0.3, 0.27, 0.23, 0.13, 0.12, 0.12, 0.17, 0.23, 0.31, 1.54, 1.69, 1.79, 1.86, 1.9, 1.93, 0.44, 0.42, 0.4, 0.37, 0.34, 0.31, 0.28, 0.24, 0.15, 0.15, 0.16, 0.19, 0.25, 0.31, 1.49, 1.62, 1.72, 1.79, 1.84, 1.88, 0.44, 0.42, 0.4, 0.37, 0.34, 0.32, 0.29, 0.18, 0.18, 0.18, 0.19, 0.22, 0.26, 0.31, 1.47, 1.59, 1.68, 1.75, 1.8, 1.83]}, {"header": {"refTime": "2023-09-08T06:00:00.000Z", "nx": 21, "ny": 33, "lo1": 113.509, "la1": 22.2235, "lo2": 113.5947, "la2": 22.1034, "dx": 0.0042850000000001385, "dy": 0.003753125000000024, "parameterCategory": 0, "parameterCategoryName": "Temperature", "parameterNumber": 0}, "data": [[25.17, 25.17, 25.17, 25.12, 25.12, 25.27, 25.27, 25.26, 25.27, 25.26, 25.28, 25.3, 25.38, 25.39, 25.42, 25.42, 25.45, 25.44, 25.44, 25.44], [25.17, 25.17, 25.17, 25.17, 25.12, 25.13, 25.26, 25.25, 25.25, 25.25, 25.28, 25.31, 25.4, 25.41, 25.43, 25.45, 25.45, 25.44, 25.44, 25.44], [25.17, 25.17, 25.17, 25.17, 25.12, 25.13, 25.14, 25.24, 25.21, 25.25, 25.29, 25.33, 25.42, 25.43, 25.47, 25.46, 25.45, 25.44, 25.44, 25.43], [25.17, 25.17, 25.17, 25.17, 25.17, 25.12, 25.13, 25.15, 25.16, 25.25, 25.3, 25.37, 25.46, 25.41, 25.47, 25.45, 25.44, 25.44, 25.43, 25.43], [25.17, 25.17, 25.17, 25.17, 25.17, 25.11, 25.12, 25.12, 25.12, 25.26, 25.31, 25.42, 25.53, 25.44, 25.47, 25.45, 25.44, 25.43, 25.43, 25.43], [25.17, 25.17, 25.17, 25.17, 25.16, 25.16, 25.11, 25.1, 25.1, 25.09, 25.29, 25.37, 25.45, 25.5, 25.45, 25.44, 25.43, 25.42, 25.42, 25.42], [25.16, 25.17, 25.17, 25.17, 25.16, 25.16, 25.1, 25.09, 25.09, 25.09, 25.1, 25.28, 25.43, 25.45, 25.44, 25.43, 25.41, 25.41, 25.44, 25.45], [25.16, 25.16, 25.16, 25.16, 25.16, 25.12, 25.11, 25.1, 25.1, 25.08, 25.04, 25.21, 25.21, 25.45, 25.36, 25.35, 25.37, 25.38, 25.37, 25.36], [25.14, 25.14, 25.16, 25.16, 25.16, 25.16, 25.15, 25.1, 25.07, 25.1, 25.12, 25.16, 25.18, 25.15, 25.36, 25.35, 25.36, 25.37, 25.36, 25.36], [25.2, 25.2, 25.2, 25.15, 25.16, 25.18, 25.17, 25.15, 25.04, 25.05, 25.18, 25.13, 25.15, 25.14, 25.36, 25.34, 25.35, 25.36, 25.36, 25.35], [25.2, 25.2, 25.2, 25.2, 25.2, 25.2, 25.2, 25.2, 25.16, 25.07, 25.0, 25.11, 25.13, 25.13, 25.36, 25.34, 25.35, 25.35, 25.35, 25.35], [25.2, 25.2, 25.2, 25.2, 25.2, 25.2, 25.2, 25.2, 25.2, -999.0, 25.0, 25.3, 25.3, 25.12, 25.36, 25.34, 25.34, 24.89, 24.9, 24.9], [25.2, 25.2, 25.2, 25.2, 25.2, 25.2, 25.2, 25.2, 25.2, 25.2, -999.0, 25.3, 25.3, 24.78, 25.01, 25.07, 25.08, 24.97, 24.98, 24.99], [25.2, 25.2, 25.2, 25.2, 25.2, 25.2, 25.2, 25.2, 25.2, 25.2, -999.0, 24.5, 24.5, 24.5, 24.94, 25.0, 25.01, 24.9, 24.92, 24.94], [25.2, 25.2, 25.2, 25.2, 25.2, 25.2, 25.2, 25.1, 25.1, 25.1, 25.1, 24.87, 24.5, 24.5, 24.5, 24.91, 24.94, 24.84, 24.87, 24.89], [25.2, 25.2, 25.14, 25.14, 25.13, 25.1, 25.1, 25.1, 25.1, 25.1, 24.72, 24.77, 24.71, 24.66, 24.71, 24.65, 24.67, 24.63, 24.84, 24.87], [25.14, 25.14, 25.16, 25.16, 25.1, 25.1, 25.1, 25.1, 25.1, 25.1, 24.84, 24.77, 24.69, 24.62, 24.62, 24.59, 24.62, 24.65, 24.66, 24.68], [25.16, 25.16, 25.16, 25.16, 25.1, 25.1, 25.1, 25.1, 25.1, 24.95, 24.87, 24.78, 24.68, 24.62, 24.52, 24.58, 24.63, 24.65, 24.67, 24.69], [25.16, 25.16, 25.16, 25.1, 25.1, 25.1, 25.1, 25.1, 25.05, 24.98, 24.93, 24.85, 24.74, 24.66, 24.57, 24.61, 24.65, 24.67, 24.69, 24.7], [25.16, 25.16, 25.1, 25.1, 25.1, 25.1, 25.1, 25.1, 25.04, 25.0, 24.94, 24.88, 24.77, 24.72, 24.63, 24.65, 24.68, 24.7, 24.71, 24.71], [25.1, 25.1, 25.1, 25.1, 25.1, 25.1, 25.1, 25.1, 25.01, 24.98, 24.94, 24.9, 24.8, 24.67, 24.68, 24.7, 24.71, 24.72, 24.73, 24.72], [25.1, 25.1, 25.1, 25.1, 25.1, 25.1, 25.1, 25.1, 25.0, 24.98, 24.96, 24.92, 24.82, 24.7, 24.72, 24.74, 24.75, 24.75, 24.75, 24.74], [25.1, 25.1, 25.1, 25.1, 25.1, 25.1, 25.1, 25.1, 25.1, 25.1, 25.1, 25.05, 24.91, 24.72, 24.74, 24.77, 24.79, 24.78, 24.76, 24.75], [25.1, 25.1, 25.1, 25.1, 25.1, 25.1, 25.1, 25.1, 25.1, 25.1, 25.1, 25.05, 24.92, 24.89, 24.86, 24.78, 24.85, 24.78, 24.76, 24.75], [25.1, 25.1, 25.1, 25.1, 25.1, 25.1, 25.1, 25.1, 25.1, 25.1, 25.1, 25.06, 25.04, 24.89, 24.86, 24.84, 24.77, 24.75, 24.76, 24.75], [25.1, 25.1, 25.1, 25.1, 25.1, 25.1, 25.1, 25.1, 25.1, 25.1, 25.08, 25.06, 25.05, 24.89, 24.87, 24.84, 24.82, 24.81, 24.75, 24.75], [25.1, 25.1, 25.1, 25.1, 25.1, 25.1, 25.1, 25.1, 25.1, 25.1, 25.07, 25.06, 25.05, 24.91, 24.88, 24.86, 24.84, 24.83, 24.83, 24.84], [25.1, 25.1, 25.1, 25.1, 25.1, 25.1, 25.1, 25.1, 25.1, 25.08, 25.08, 25.04, 25.01, 24.98, 24.9, 24.87, 24.86, 24.85, 24.85, 24.85], [25.1, 25.1, 25.1, 25.1, 25.1, 25.1, 25.1, 25.1, 25.1, 25.09, 25.08, 25.05, 25.02, 24.99, 24.91, 24.89, 24.87, 24.87, 24.86, 24.86], [25.1, 25.1, 25.1, 25.1, 25.1, 25.1, 25.1, 25.1, 25.05, 25.07, 25.07, 25.05, 25.02, 25.0, 24.92, 24.9, 24.89, 24.88, 24.87, 24.87], [25.1, 25.1, 25.1, 25.1, 25.1, 25.1, 25.1, 25.1, 25.05, 25.05, 25.05, 25.04, 25.02, 25.0, 24.93, 24.91, 24.9, 24.89, 24.88, 24.88], [25.1, 25.1, 25.1, 25.1, 25.1, 25.1, 25.1, 25.03, 25.04, 25.04, 25.04, 25.03, 25.01, 25.0, 24.93, 24.92, 24.9, 24.89, 24.89, 24.88]]}]