gis_exercise/awsData/contour/wdir_2023090616.json
[{"header": {"refTime": "2023-09-06T16:00:00.000Z", "nx": 21, "ny": 33, "lo1": 113.509, "la1": 22.2235, "lo2": 113.5947, "la2": 22.1034, "dx": 0.0042850000000001385, "dy": 0.003753125000000024, "parameterCategory": 2, "parameterCategoryName": "Temperature", "parameterNumber": 2}, "data": [-1.67, -1.66, -1.65, -1.56, -1.54, -1.81, -1.75, -1.7, -1.68, -1.51, -1.6, -1.68, -1.82, -1.86, -2.3, -2.35, -2.53, -2.54, -2.55, -2.56, -1.68, -1.67, -1.66, -1.64, -1.55, -1.51, -1.71, -1.59, -1.53, -1.45, -1.59, -1.72, -1.87, -1.91, -2.34, -2.52, -2.54, -2.56, -2.57, -2.58, -1.69, -1.68, -1.67, -1.66, -1.57, -1.53, -1.46, -1.51, -1.2, -1.4, -1.62, -1.79, -1.96, -1.98, -2.5, -2.53, -2.56, -2.59, -2.6, -2.6, -1.7, -1.7, -1.69, -1.68, -1.66, -1.57, -1.51, -1.42, -1.32, -1.48, -1.7, -1.93, -2.12, -2.12, -2.5, -2.55, -2.59, -2.63, -2.64, -2.63, -1.71, -1.71, -1.71, -1.71, -1.71, -1.64, -1.61, -1.58, -1.54, -1.58, -1.77, -2.16, -2.41, -2.17, -2.5, -2.57, -2.65, -2.69, -2.69, -2.67, -1.72, -1.72, -1.73, -1.74, -1.75, -1.78, -1.73, -1.75, -1.73, -1.65, -1.84, -2.02, -2.22, -2.39, -2.49, -2.61, -2.74, -2.79, -2.76, -2.71, -2.64, -1.73, -1.74, -1.75, -1.78, -1.83, -1.96, -1.95, -1.95, -1.78, -1.62, -1.78, -2.23, -2.31, -2.46, -2.64, -2.87, -2.96, -3.01, -2.98, -2.64, -2.6, -2.57, -2.51, -2.5, -1.87, -1.96, -2.15, -2.31, -1.75, -1.43, -1.77, -1.86, -2.29, -2.53, -2.7, -2.89, -2.97, -2.86, -2.79, -2.64, -2.6, -2.55, -2.49, -2.41, -2.43, -2.53, -2.01, -2.48, -1.8, -1.79, -2.02, -2.33, -2.18, -2.54, -2.66, -2.77, -2.82, -2.8, -2.76, -3.12, -3.06, -2.98, -2.46, -2.31, -2.21, -2.45, -2.72, -2.73, -2.57, -1.96, -2.18, -2.46, -2.25, -2.56, -2.62, -2.69, -2.73, -2.74, -2.72, -3.14, -3.08, -3.0, -2.85, -2.54, -1.64, -2.78, -3.36, -3.16, -2.93, -2.84, -2.13, -2.22, -2.19, -2.57, -2.61, -2.65, -2.68, -2.69, -2.69, -3.17, -3.13, -3.07, -2.98, -2.84, -2.76, -3.21, -3.71, -3.89, -3.94, -3.02, -2.93, -2.84, -2.12, -2.56, -2.59, -2.62, -2.34, -2.33, -2.33, -3.21, -3.19, -3.17, -3.17, -3.21, -3.41, -3.73, -3.81, -3.87, -3.73, -3.85, -3.02, -2.92, -1.81, -1.76, -2.16, -2.17, -2.18, -2.2, -2.21, -3.25, -3.25, -3.27, -3.31, -3.43, -3.69, -4.12, -3.84, -3.76, -3.7, -3.88, -2.69, -2.49, -2.33, -1.58, -1.95, -1.98, -2.02, -2.06, -2.1, -3.29, -3.31, -3.34, -3.4, -3.5, -3.66, -3.79, -3.29, -3.07, -2.89, -2.75, -1.41, -2.26, -2.06, -1.94, -1.7, -1.77, -1.85, -1.93, -1.99, -3.32, -3.34, -1.98, -2.05, -2.15, -2.89, -2.85, -2.69, -2.52, -2.41, -1.21, -1.14, -1.04, -0.69, -0.71, -1.34, -1.45, -1.55, -1.72, -1.81, -1.82, -1.83, -1.85, -1.86, -2.53, -2.42, -2.22, -1.95, -1.78, -1.81, -0.88, -0.9, -0.86, -0.77, -0.56, -1.03, -1.21, -1.36, -1.46, -1.54, -1.74, -1.73, -1.71, -1.66, -2.22, -1.98, -1.6, -1.08, -0.82, -0.44, -0.64, -0.73, -0.74, -0.53, -0.51, -0.97, -1.23, -1.4, -1.51, -1.58, -1.67, -1.64, -1.58, -2.16, -1.97, -1.66, -1.15, -0.32, 0.55, -0.1, -0.26, -0.46, -0.48, -0.57, -0.93, -1.12, -1.34, -1.5, -1.59, -1.65, -1.6, -1.55, -1.91, -1.79, -1.61, -1.35, -0.95, -0.37, 0.31, -0.05, -0.37, -0.56, -0.53, -0.65, -1.28, -1.39, -1.53, -1.63, -1.69, -1.73, -2.01, -1.96, -1.88, -1.78, -1.63, -1.43, -1.18, -0.91, -0.27, -0.43, -0.62, -0.72, -0.62, -1.49, -1.54, -1.64, -1.73, -1.79, -1.81, -1.81, -2.0, -1.96, -1.89, -1.81, -1.71, -1.59, -1.47, -0.88, -0.79, -0.88, -0.95, -0.96, -1.98, -1.67, -1.75, -1.85, -1.93, -1.95, -1.93, -1.89, -2.01, -1.97, -1.92, -1.12, -1.13, -1.16, -1.21, -1.31, -1.43, -1.52, -1.52, -1.77, -2.59, -1.79, -1.89, -2.02, -2.13, -2.1, -2.02, -1.96, -1.17, -1.18, -1.2, -1.23, -1.28, -1.35, -1.47, -1.67, -1.91, -2.03, -1.89, -2.5, -2.6, -2.51, -2.44, -2.1, -2.33, -2.17, -2.07, -2.0, -1.22, -1.24, -1.27, -1.32, -1.38, -1.49, -1.65, -1.91, -2.32, -2.66, -2.19, -2.49, -2.4, -2.52, -2.44, -2.37, -2.13, -2.1, -2.06, -2.01, -1.26, -1.29, -1.33, -1.38, -1.46, -1.56, -1.72, -1.96, -2.33, -2.61, -2.58, -2.41, -2.34, -2.53, -2.45, -2.11, -2.14, -2.13, -2.04, -2.0, -1.29, -1.32, -1.37, -1.42, -1.49, -1.59, -1.71, -1.86, -2.02, -2.06, -2.31, -2.23, -2.23, -1.92, -2.0, -2.06, -2.09, -2.1, -2.1, -2.09, -1.32, -1.35, -1.39, -1.44, -1.5, -1.58, -1.66, -1.73, -1.76, -2.04, -1.94, -1.94, -2.01, -2.05, -1.94, -2.0, -2.04, -2.06, -2.07, -2.07, -1.34, -1.37, -1.4, -1.45, -1.5, -1.55, -1.6, -1.63, -1.6, -1.73, -1.48, -1.76, -1.91, -1.99, -1.9, -1.96, -2.0, -2.02, -2.04, -2.04, -1.35, -1.38, -1.41, -1.45, -1.49, -1.52, -1.55, -1.56, -1.87, -1.68, -1.57, -1.73, -1.88, -1.96, -1.86, -1.92, -1.96, -1.99, -2.01, -2.02, -1.35, -1.38, -1.41, -1.44, -1.47, -1.5, -1.52, -1.52, -1.89, -1.79, -1.75, -1.81, -1.89, -1.95, -1.84, -1.9, -1.94, -1.97, -1.99, -2.0, -1.36, -1.38, -1.41, -1.43, -1.46, -1.48, -1.49, -1.98, -1.92, -1.87, -1.85, -1.87, -1.92, -1.96, -1.84, -1.88, -1.92, -1.95, -1.97, -1.98]}, {"header": {"refTime": "2023-09-06T16:00:00.000Z", "nx": 21, "ny": 33, "lo1": 113.509, "la1": 22.2235, "lo2": 113.5947, "la2": 22.1034, "dx": 0.0042850000000001385, "dy": 0.003753125000000024, "parameterCategory": 2, "parameterCategoryName": "Temperature", "parameterNumber": 3}, "data": [-0.17, -0.16, -0.16, -0.07, -0.07, -0.07, -0.07, -0.08, -0.08, -0.08, -0.07, -0.06, 0.07, 0.08, -0.23, -0.25, -0.1, -0.12, -0.13, -0.14, -0.17, -0.17, -0.16, -0.16, -0.07, -0.07, -0.08, -0.09, -0.09, -0.09, -0.07, -0.06, 0.07, 0.09, -0.23, -0.09, -0.12, -0.14, -0.15, -0.16, -0.17, -0.17, -0.16, -0.16, -0.07, -0.07, -0.08, -0.1, -0.12, -0.09, -0.07, -0.05, 0.07, 0.09, -0.06, -0.1, -0.13, -0.16, -0.18, -0.18, -0.18, -0.17, -0.17, -0.16, -0.16, -0.07, -0.07, -0.09, -0.1, -0.08, -0.06, -0.04, 0.07, 0.11, -0.06, -0.11, -0.17, -0.2, -0.21, -0.21, -0.18, -0.18, -0.17, -0.17, -0.16, -0.06, -0.06, -0.07, -0.07, -0.06, -0.05, 0.09, 0.04, 0.1, -0.06, -0.14, -0.22, -0.26, -0.26, -0.25, -0.18, -0.18, -0.18, -0.17, -0.16, -0.15, -0.05, -0.05, -0.05, -0.05, 0.13, 0.12, 0.1, 0.07, -0.06, -0.18, -0.31, -0.36, -0.33, -0.28, -0.22, -0.19, -0.19, -0.19, -0.18, -0.16, -0.1, -0.03, -0.03, 0.09, 0.11, 0.19, 0.15, 0.11, -0.06, -0.22, -0.43, -0.51, -0.51, -0.46, -0.22, -0.22, -0.22, -0.17, -0.16, -0.15, -0.11, -0.06, 0.03, 0.07, 0.04, 0.22, 0.24, 0.1, -0.14, -0.29, -0.46, -0.52, -0.43, -0.37, -0.23, -0.23, -0.24, -0.24, -0.19, -0.18, -0.14, -0.1, -0.01, 0.1, 0.06, 0.08, -0.04, 0.02, -0.15, -0.25, -0.35, -0.4, -0.38, -0.34, -0.23, -0.24, -0.25, -0.26, -0.28, -0.25, -0.19, -0.13, -0.01, -0.01, 0.03, -0.02, -0.12, -0.03, -0.15, -0.22, -0.28, -0.32, -0.32, -0.31, -0.23, -0.24, -0.25, -0.26, -0.29, -0.38, -0.26, -0.18, -0.09, -0.01, -0.12, -0.0, -0.03, -0.01, -0.16, -0.2, -0.24, -0.27, -0.28, -0.28, -0.23, -0.23, -0.24, -0.25, -0.27, -0.27, -0.22, -0.12, -0.08, -0.12, -0.11, 0.02, 0.01, 0.01, -0.15, -0.18, -0.21, -0.64, -0.64, -0.65, -0.23, -0.23, -0.23, -0.24, -0.24, -0.23, -0.2, -0.14, -0.1, -0.13, -0.15, 0.02, 0.02, -0.26, -0.28, -0.64, -0.65, -0.66, -0.66, -0.66, -0.22, -0.22, -0.23, -0.23, -0.22, -0.22, -0.22, -0.18, -0.15, -0.15, -0.15, -0.39, -0.44, -0.48, -0.37, -0.68, -0.68, -0.68, -0.68, -0.68, -0.22, -0.22, -0.22, -0.22, -0.21, -0.21, -0.2, -0.39, -0.43, -0.46, -0.5, -0.77, -0.5, -0.55, -0.59, -0.73, -0.72, -0.71, -0.7, -0.7, -0.22, -0.22, -0.62, -0.61, -0.6, -0.5, -0.51, -0.54, -0.57, -0.59, -0.83, -0.85, -0.87, -0.94, -0.94, -0.86, -0.85, -0.84, -0.92, -0.91, -0.65, -0.66, -0.66, -0.67, -0.58, -0.61, -0.66, -0.73, -0.77, -0.75, -0.93, -0.91, -0.91, -0.93, -1.05, -1.06, -1.08, -1.1, -1.12, -1.13, -0.68, -0.69, -0.7, -0.72, -0.66, -0.72, -0.82, -0.95, -1.02, -1.11, -1.05, -0.96, -0.94, -1.05, -0.99, -1.05, -1.08, -1.11, -1.13, -1.14, -0.7, -0.72, -0.74, -0.67, -0.72, -0.8, -0.93, -1.15, -1.37, -1.2, -1.19, -1.13, -1.12, -1.07, -1.04, -1.07, -1.1, -1.12, -1.14, -1.15, -0.72, -0.74, -0.87, -0.89, -0.93, -0.99, -1.08, -1.2, -1.34, -1.26, -1.18, -1.12, -1.14, -1.1, -1.09, -1.1, -1.12, -1.14, -1.15, -1.16, -0.85, -0.86, -0.88, -0.9, -0.94, -0.98, -1.04, -1.1, -1.22, -1.19, -1.14, -1.1, -1.15, -1.12, -1.12, -1.14, -1.15, -1.16, -1.17, -1.17, -0.86, -0.87, -0.88, -0.9, -0.93, -0.96, -0.99, -0.99, -1.13, -1.11, -1.09, -1.07, -0.94, -1.14, -1.15, -1.16, -1.17, -1.18, -1.18, -1.19, -0.86, -0.87, -0.88, -0.87, -0.88, -0.89, -0.89, -0.89, -0.88, -0.86, -0.84, -1.05, -1.06, -1.16, -1.17, -1.17, -1.17, -1.19, -1.2, -1.2, -0.82, -0.83, -0.83, -0.83, -0.83, -0.83, -0.83, -0.82, -0.8, -0.79, -0.78, -0.68, -1.05, -1.1, -1.14, -1.19, -1.13, -1.23, -1.23, -1.22, -0.81, -0.8, -0.8, -0.8, -0.79, -0.79, -0.78, -0.76, -0.76, -0.76, -0.74, -0.66, -0.67, -1.1, -1.15, -1.18, -1.26, -1.31, -1.25, -1.22, -0.79, -0.78, -0.78, -0.77, -0.76, -0.74, -0.73, -0.72, -0.72, -0.73, -0.64, -0.62, -0.63, -1.1, -1.14, -1.08, -1.15, -1.18, -1.24, -1.22, -0.77, -0.76, -0.75, -0.74, -0.73, -0.71, -0.69, -0.66, -0.65, -0.62, -0.55, -0.55, -0.58, -0.84, -0.94, -1.02, -1.08, -1.1, -1.1, -1.08, -0.75, -0.74, -0.73, -0.72, -0.7, -0.67, -0.64, -0.6, -0.55, -0.44, -0.4, -0.5, -0.6, -0.69, -0.88, -0.96, -1.01, -1.04, -1.05, -1.04, -0.74, -0.73, -0.71, -0.69, -0.67, -0.64, -0.61, -0.55, -0.47, -0.31, -0.22, -0.4, -0.54, -0.65, -0.82, -0.9, -0.96, -0.99, -1.0, -1.01, -0.72, -0.71, -0.7, -0.68, -0.65, -0.62, -0.58, -0.53, -0.45, -0.34, -0.28, -0.4, -0.52, -0.62, -0.78, -0.86, -0.91, -0.95, -0.97, -0.98, -0.71, -0.7, -0.69, -0.67, -0.64, -0.61, -0.58, -0.53, -0.47, -0.42, -0.41, -0.46, -0.54, -0.61, -0.76, -0.83, -0.88, -0.91, -0.93, -0.95, -0.71, -0.69, -0.68, -0.66, -0.64, -0.61, -0.58, -0.54, -0.51, -0.48, -0.48, -0.51, -0.56, -0.62, -0.75, -0.81, -0.85, -0.88, -0.91, -0.93]}, {"header": {"refTime": "2023-09-06T16:00:00.000Z", "nx": 21, "ny": 33, "lo1": 113.509, "la1": 22.2235, "lo2": 113.5947, "la2": 22.1034, "dx": 0.0042850000000001385, "dy": 0.003753125000000024, "parameterCategory": 0, "parameterCategoryName": "Temperature", "parameterNumber": 0}, "data": [[30.1, 30.09, 30.07, 29.75, 29.75, 30.06, 30.04, 30.03, 30.04, 29.99, 30.04, 30.09, 30.44, 30.47, 30.3, 30.29, 30.55, 30.53, 30.52, 30.51], [30.11, 30.1, 30.08, 30.06, 29.76, 29.76, 30.02, 29.99, 29.97, 29.97, 30.04, 30.12, 30.47, 30.5, 30.33, 30.57, 30.54, 30.52, 30.51, 30.5], [30.12, 30.11, 30.09, 30.07, 29.76, 29.76, 29.76, 29.95, 29.84, 29.94, 30.06, 30.17, 30.52, 30.55, 30.6, 30.56, 30.53, 30.5, 30.49, 30.48], [30.13, 30.12, 30.11, 30.09, 30.06, 29.76, 29.76, 29.77, 29.77, 29.97, 30.1, 30.26, 30.61, 30.54, 30.61, 30.55, 30.5, 30.47, 30.46, 30.46], [30.15, 30.14, 30.13, 30.11, 30.09, 29.76, 29.76, 29.76, 29.75, 30.0, 30.12, 30.55, 30.7, 30.58, 30.6, 30.52, 30.46, 30.42, 30.41, 30.43], [30.17, 30.16, 30.16, 30.14, 30.12, 30.09, 29.76, 29.76, 29.75, 29.72, 30.3, 30.47, 30.61, 30.8, 30.59, 30.48, 30.38, 30.34, 30.36, 30.4], [30.34, 30.19, 30.19, 30.18, 30.16, 30.13, 30.0, 29.79, 29.77, 29.89, 29.91, 30.37, 30.8, 30.8, 30.57, 30.44, 30.28, 30.22, 30.23, 30.27], [30.36, 30.36, 30.36, 30.36, 30.34, 30.11, 30.04, 29.94, 29.91, 29.84, 29.68, 30.4, 30.41, 30.8, 30.36, 30.44, 30.28, 30.23, 30.32, 30.37], [30.24, 30.25, 30.4, 30.41, 30.41, 30.38, 30.28, 30.0, 29.77, 29.92, 30.0, 30.19, 30.28, 30.16, 30.38, 30.46, 30.38, 30.34, 30.36, 30.39], [30.7, 30.7, 30.7, 30.33, 30.38, 30.52, 30.42, 30.28, 29.67, 29.69, 30.29, 30.07, 30.14, 30.11, 30.38, 30.49, 30.44, 30.41, 30.41, 30.42], [30.7, 30.7, 30.7, 30.7, 30.7, 30.7, 30.7, 30.7, 30.42, 29.76, 29.5, 30.0, 30.05, 30.06, 30.37, 30.52, 30.48, 30.45, 30.45, 30.45], [30.7, 30.7, 30.7, 30.7, 30.7, 30.7, 30.7, 30.7, 30.7, -999.0, 29.5, 30.8, 30.8, 30.02, 30.36, 30.54, 30.52, 29.99, 29.99, 29.99], [30.7, 30.7, 30.7, 30.7, 30.7, 30.7, 30.7, 30.7, 30.7, 30.7, -999.0, 30.8, 30.8, 30.21, 30.47, 30.03, 30.03, 30.0, 30.01, 30.01], [30.7, 30.7, 30.7, 30.7, 30.7, 30.7, 30.7, 30.7, 30.7, 30.7, -999.0, 29.9, 29.9, 29.9, 30.39, 30.01, 30.01, 29.99, 29.99, 30.0], [30.7, 30.7, 30.7, 30.7, 30.7, 30.7, 30.7, 31.0, 31.0, 31.0, 31.0, 30.58, 29.9, 29.9, 29.9, 29.99, 30.0, 29.97, 29.98, 29.99], [30.7, 30.7, 30.89, 30.89, 30.9, 31.0, 31.0, 31.0, 31.0, 31.0, 30.31, 30.39, 30.28, 30.19, 30.29, 30.05, 30.07, 30.03, 30.06, 30.07], [30.89, 30.89, 30.81, 30.81, 31.0, 31.0, 31.0, 31.0, 31.0, 31.0, 30.53, 30.39, 30.25, 30.11, 30.08, 30.22, 30.33, 30.42, 30.48, 30.53], [30.81, 30.81, 30.82, 30.82, 31.0, 31.0, 31.0, 31.0, 31.0, 30.72, 30.57, 30.41, 30.24, 30.09, 29.93, 30.18, 30.34, 30.44, 30.51, 30.56], [30.81, 30.82, 30.82, 31.0, 31.0, 31.0, 31.0, 31.0, 30.9, 30.79, 30.66, 30.53, 30.27, 30.14, 30.15, 30.27, 30.4, 30.49, 30.56, 30.6], [30.82, 30.82, 30.94, 30.95, 30.95, 30.95, 30.96, 30.98, 30.89, 30.79, 30.68, 30.56, 30.32, 30.23, 30.36, 30.42, 30.5, 30.57, 30.62, 30.64], [30.94, 30.94, 30.94, 30.96, 30.96, 30.96, 30.97, 30.97, 30.81, 30.76, 30.69, 30.6, 30.35, 30.48, 30.51, 30.55, 30.61, 30.65, 30.68, 30.7], [30.95, 30.95, 30.95, 30.96, 30.96, 30.96, 30.96, 31.04, 30.77, 30.74, 30.7, 30.64, 30.35, 30.58, 30.61, 30.65, 30.69, 30.73, 30.75, 30.76], [30.95, 30.95, 30.95, 31.06, 31.06, 31.05, 31.04, 31.04, 31.03, 31.03, 31.04, 30.77, 30.94, 30.66, 30.69, 30.71, 30.71, 30.79, 30.83, 30.82], [31.08, 31.08, 31.07, 31.07, 31.06, 31.06, 31.05, 31.03, 31.01, 31.01, 31.03, 30.88, 30.94, 30.94, 30.93, 30.77, 30.58, 30.96, 30.93, 30.87], [31.08, 31.08, 31.08, 31.08, 31.07, 31.06, 31.05, 31.03, 30.99, 30.95, 31.01, 30.91, 30.86, 30.95, 30.96, 30.97, 31.04, 31.23, 31.0, 30.91], [31.09, 31.09, 31.09, 31.08, 31.08, 31.08, 31.07, 31.05, 31.01, 30.97, 30.95, 30.94, 30.9, 30.96, 30.98, 31.09, 31.14, 31.17, 30.98, 30.91], [31.09, 31.09, 31.09, 31.09, 31.09, 31.09, 31.09, 31.08, 31.07, 31.08, 31.02, 31.01, 30.96, 31.15, 31.12, 31.12, 31.13, 31.14, 31.13, 31.12], [31.1, 31.1, 31.1, 31.1, 31.11, 31.11, 31.11, 31.12, 31.15, 31.12, 31.14, 31.3, 31.31, 31.34, 31.15, 31.13, 31.13, 31.13, 31.13, 31.12], [31.1, 31.11, 31.11, 31.11, 31.12, 31.12, 31.14, 31.16, 31.2, 31.22, 31.37, 31.33, 31.33, 31.34, 31.17, 31.15, 31.14, 31.13, 31.13, 31.13], [31.11, 31.11, 31.11, 31.12, 31.13, 31.14, 31.15, 31.18, 31.3, 31.34, 31.36, 31.34, 31.34, 31.34, 31.18, 31.16, 31.15, 31.14, 31.13, 31.13], [31.11, 31.12, 31.12, 31.13, 31.13, 31.14, 31.16, 31.18, 31.31, 31.32, 31.34, 31.34, 31.34, 31.34, 31.19, 31.17, 31.15, 31.15, 31.14, 31.13], [31.12, 31.12, 31.12, 31.13, 31.14, 31.15, 31.16, 31.3, 31.31, 31.32, 31.33, 31.33, 31.34, 31.34, 31.19, 31.17, 31.16, 31.15, 31.14, 31.14]]}]