gis_exercise/awsData/contour/wdir_2023091207.json
[{"header": {"refTime": "2023-09-12T07:00:00.000Z", "nx": 21, "ny": 33, "lo1": 113.509, "la1": 22.2235, "lo2": 113.5947, "la2": 22.1034, "dx": 0.0042850000000001385, "dy": 0.003753125000000024, "parameterCategory": 2, "parameterCategoryName": "Temperature", "parameterNumber": 2}, "data": [-1.17, -1.17, -1.18, -1.26, -1.26, -1.4, -1.39, -1.37, -1.37, -1.26, -1.27, -1.29, -1.37, -1.38, -2.12, -2.21, -2.29, -2.35, -2.39, -2.41, -1.16, -1.17, -1.18, -1.19, -1.26, -1.25, -1.38, -1.35, -1.33, -1.25, -1.28, -1.3, -1.39, -1.39, -2.13, -2.24, -2.33, -2.39, -2.44, -2.46, -1.16, -1.17, -1.18, -1.19, -1.26, -1.26, -1.25, -1.33, -1.25, -1.25, -1.28, -1.32, -1.41, -1.41, -2.13, -2.26, -2.38, -2.46, -2.51, -2.53, -1.15, -1.16, -1.17, -1.18, -1.2, -1.27, -1.26, -1.25, -1.24, -1.25, -1.29, -1.35, -1.45, -1.38, -2.12, -2.31, -2.47, -2.57, -2.61, -2.61, -1.14, -1.15, -1.16, -1.17, -1.19, -1.28, -1.28, -1.27, -1.26, -1.24, -1.29, -1.4, -1.5, -1.41, -2.13, -2.39, -2.62, -2.74, -2.75, -2.71, -1.13, -1.13, -1.14, -1.16, -1.18, -1.21, -1.3, -1.3, -1.28, -1.24, -1.25, -1.34, -1.43, -1.85, -2.17, -2.52, -2.86, -3.01, -2.93, -2.81, -1.61, -1.12, -1.12, -1.13, -1.15, -1.19, -1.19, -1.36, -1.35, -1.22, -1.15, -1.24, -1.84, -1.94, -2.22, -2.65, -3.21, -3.42, -3.41, -3.29, -1.61, -1.59, -1.56, -1.65, -1.64, -1.09, -1.18, -1.33, -1.49, -1.21, -1.03, -1.56, -1.69, -2.08, -2.79, -3.08, -3.42, -3.55, -3.36, -3.24, -1.61, -1.58, -1.54, -1.49, -1.56, -1.57, -1.67, -1.22, -1.74, -1.24, -1.65, -1.97, -2.48, -2.23, -2.82, -3.01, -3.21, -3.3, -3.26, -3.19, -2.14, -2.09, -2.01, -1.45, -1.32, -1.34, -1.6, -1.88, -2.04, -1.92, -1.9, -2.25, -2.69, -2.35, -2.84, -2.95, -3.07, -3.14, -3.15, -3.13, -2.16, -2.11, -2.03, -1.89, -1.6, -0.74, -1.85, -2.45, -2.36, -2.26, -2.68, -2.16, -2.3, -2.25, -2.85, -2.92, -2.99, -3.05, -3.07, -3.07, -2.19, -2.15, -2.09, -2.0, -1.86, -1.8, -2.24, -2.83, -3.08, -3.35, -2.8, -2.81, -2.78, -2.15, -2.85, -2.9, -2.95, -3.24, -3.25, -3.24, -2.22, -2.2, -2.18, -2.17, -2.19, -2.36, -2.64, -2.87, -3.01, -2.83, -3.32, -2.85, -2.8, -2.4, -2.38, -3.12, -3.13, -3.15, -3.16, -3.17, -2.26, -2.26, -2.26, -2.29, -2.38, -2.58, -2.87, -2.78, -2.8, -2.76, -3.3, -3.08, -3.01, -2.96, -2.34, -3.0, -3.02, -3.05, -3.08, -3.1, -2.3, -2.3, -2.33, -2.37, -2.45, -2.58, -2.68, -2.6, -2.52, -2.44, -2.36, -2.07, -2.91, -2.84, -2.8, -2.87, -2.91, -2.96, -3.0, -3.04, -2.33, -2.34, -1.45, -1.51, -1.58, -2.36, -2.34, -2.26, -2.18, -2.14, -1.89, -1.94, -1.99, -2.01, -2.06, -2.37, -2.38, -2.39, -2.53, -2.56, -1.36, -1.38, -1.4, -1.42, -2.17, -2.1, -1.99, -1.84, -1.75, -1.77, -1.68, -1.82, -1.93, -2.03, -1.92, -1.96, -1.88, -1.81, -1.77, -1.73, -1.33, -1.34, -1.34, -1.33, -1.99, -1.85, -1.63, -1.33, -1.18, -1.15, -1.39, -1.71, -1.89, -1.9, -2.16, -1.99, -1.87, -1.8, -1.74, -1.71, -1.3, -1.3, -1.28, -1.96, -1.85, -1.67, -1.37, -0.88, -0.41, -0.92, -1.04, -1.3, -1.58, -1.81, -2.01, -1.92, -1.83, -1.76, -1.71, -1.68, -1.27, -1.26, -1.5, -1.45, -1.36, -1.23, -1.03, -0.76, -0.53, -0.79, -1.06, -1.28, -1.52, -1.68, -1.86, -1.81, -1.75, -1.7, -1.67, -1.65, -1.54, -1.51, -1.47, -1.42, -1.34, -1.24, -1.12, -0.99, -0.84, -0.97, -1.13, -1.29, -1.48, -1.76, -1.75, -1.71, -1.67, -1.64, -1.62, -1.6, -1.52, -1.5, -1.46, -1.41, -1.36, -1.29, -1.22, -0.68, -1.07, -1.14, -1.23, -1.32, -1.92, -1.69, -1.67, -1.64, -1.61, -1.58, -1.56, -1.56, -1.51, -1.49, -1.46, -0.7, -0.72, -0.74, -0.77, -0.82, -0.88, -0.91, -0.89, -1.29, -1.51, -1.64, -1.61, -1.59, -1.59, -1.53, -1.51, -1.52, -0.69, -0.7, -0.71, -0.73, -0.75, -0.79, -0.86, -0.95, -1.06, -1.12, -1.04, -1.33, -1.51, -1.49, -1.47, -1.55, -1.67, -1.42, -1.43, -1.48, -0.7, -0.71, -0.72, -0.74, -0.78, -0.82, -0.9, -1.03, -1.24, -1.43, -1.16, -1.3, -1.29, -1.48, -1.46, -1.43, -1.36, -1.22, -1.39, -1.45, -0.7, -0.71, -0.73, -0.75, -0.78, -0.83, -0.9, -1.01, -1.21, -1.38, -1.31, -1.21, -1.21, -1.48, -1.45, -1.17, -1.18, -1.17, -1.41, -1.45, -0.7, -0.71, -0.73, -0.75, -0.77, -0.8, -0.85, -0.91, -0.98, -0.98, -1.07, -1.05, -1.09, -0.92, -1.02, -1.09, -1.13, -1.14, -1.14, -1.14, -0.7, -0.71, -0.72, -0.73, -0.75, -0.77, -0.78, -0.79, -0.75, -0.82, -0.74, -0.69, -0.75, -0.8, -0.95, -1.03, -1.07, -1.1, -1.11, -1.11, -0.7, -0.7, -0.71, -0.72, -0.72, -0.73, -0.72, -0.68, -0.6, -0.54, -0.27, -0.52, -0.67, -0.75, -0.89, -0.97, -1.02, -1.05, -1.07, -1.08, -0.69, -0.7, -0.7, -0.7, -0.7, -0.69, -0.67, -0.63, -0.62, -0.45, -0.34, -0.5, -0.63, -0.72, -0.84, -0.92, -0.98, -1.01, -1.03, -1.05, -0.69, -0.69, -0.69, -0.69, -0.68, -0.67, -0.65, -0.6, -0.64, -0.55, -0.52, -0.57, -0.65, -0.71, -0.82, -0.89, -0.94, -0.98, -1.0, -1.02, -0.68, -0.68, -0.68, -0.68, -0.67, -0.66, -0.63, -0.72, -0.67, -0.63, -0.61, -0.63, -0.67, -0.72, -0.81, -0.87, -0.92, -0.95, -0.98, -1.0]}, {"header": {"refTime": "2023-09-12T07:00:00.000Z", "nx": 21, "ny": 33, "lo1": 113.509, "la1": 22.2235, "lo2": 113.5947, "la2": 22.1034, "dx": 0.0042850000000001385, "dy": 0.003753125000000024, "parameterCategory": 2, "parameterCategoryName": "Temperature", "parameterNumber": 3}, "data": [-0.17, -0.17, -0.18, 0.01, -0.01, -0.22, -0.24, -0.26, -0.27, -0.19, -0.16, -0.14, -0.1, -0.08, 0.19, 0.26, 0.6, 0.64, 0.67, 0.69, -0.17, -0.17, -0.18, -0.19, -0.01, -0.04, -0.25, -0.29, -0.32, -0.23, -0.17, -0.14, -0.1, -0.08, 0.2, 0.56, 0.62, 0.67, 0.7, 0.72, -0.16, -0.17, -0.17, -0.18, 0.0, -0.03, -0.09, -0.31, -0.41, -0.26, -0.17, -0.13, -0.1, -0.07, 0.47, 0.57, 0.65, 0.71, 0.74, 0.76, -0.16, -0.16, -0.16, -0.17, -0.17, -0.0, -0.05, -0.13, -0.21, -0.2, -0.13, -0.12, -0.1, 0.12, 0.45, 0.59, 0.7, 0.77, 0.8, 0.8, -0.15, -0.15, -0.15, -0.15, -0.15, 0.04, 0.02, -0.0, -0.01, -0.09, -0.06, 0.09, -0.08, 0.09, 0.46, 0.65, 0.79, 0.87, 0.88, 0.86, -0.15, -0.15, -0.14, -0.14, -0.13, -0.12, 0.09, 0.11, 0.13, 0.18, 0.31, 0.19, 0.06, 0.13, 0.53, 0.74, 0.94, 1.02, 0.98, 0.92, 0.1, -0.14, -0.14, -0.13, -0.12, -0.1, 0.2, 0.18, 0.22, 0.46, 0.51, 0.37, 0.29, 0.26, 0.61, 0.84, 1.14, 1.25, 1.05, 0.93, 0.1, 0.09, 0.08, 0.0, 0.01, 0.13, 0.17, 0.22, 0.28, 0.46, 0.54, 0.57, 0.56, 0.35, 0.82, 0.99, 1.21, 1.29, 1.17, 1.09, 0.09, 0.08, 0.07, 0.06, -0.02, -0.01, 0.03, 0.19, 0.3, 0.45, 0.54, 0.53, 0.49, 0.51, 0.78, 0.92, 1.06, 1.12, 1.1, 1.06, 0.07, 0.06, 0.04, 0.04, -0.0, -0.08, -0.02, 0.04, 0.29, 0.32, 0.53, 0.5, 0.47, 0.5, 0.75, 0.86, 0.96, 1.01, 1.02, 1.01, 0.07, 0.06, 0.05, 0.02, -0.04, -0.21, -0.01, 0.08, 0.06, 0.27, 0.36, 0.51, 0.5, 0.5, 0.75, 0.83, 0.9, 0.95, 0.97, 0.97, 0.08, 0.07, 0.06, 0.05, 0.02, 0.0, 0.08, 0.12, 0.12, 0.25, 0.33, 0.38, 0.4, 0.51, 0.76, 0.81, 0.87, 0.76, 0.77, 0.78, 0.09, 0.09, 0.09, 0.09, 0.1, 0.15, 0.22, 0.17, 0.14, 0.14, 0.28, 0.36, 0.38, 0.37, 0.37, 0.62, 0.65, 0.68, 0.7, 0.72, 0.1, 0.1, 0.11, 0.12, 0.15, 0.22, 0.35, 0.22, 0.17, 0.15, 0.29, 0.2, 0.21, 0.21, 0.33, 0.55, 0.58, 0.61, 0.64, 0.66, 0.11, 0.11, 0.12, 0.14, 0.16, 0.21, 0.23, 0.27, 0.23, 0.22, 0.21, 0.1, 0.19, 0.18, 0.18, 0.47, 0.51, 0.55, 0.58, 0.61, 0.11, 0.12, 0.12, 0.13, 0.15, 0.26, 0.25, 0.24, 0.22, 0.21, 0.1, 0.1, 0.09, 0.15, 0.14, 0.4, 0.46, 0.51, 0.83, 0.88, 0.11, 0.11, 0.12, 0.13, 0.23, 0.23, 0.22, 0.2, 0.19, 0.19, 0.1, 0.09, 0.09, 0.09, 0.24, 0.29, 0.37, 0.42, 0.46, 0.49, 0.11, 0.11, 0.12, 0.13, 0.22, 0.21, 0.19, 0.17, 0.16, 0.16, 0.16, 0.09, 0.09, 0.23, 0.1, 0.27, 0.38, 0.44, 0.49, 0.51, 0.11, 0.11, 0.12, 0.21, 0.2, 0.19, 0.17, 0.14, 0.11, 0.14, -0.05, -0.06, 0.34, 0.3, 0.25, 0.33, 0.43, 0.48, 0.52, 0.54, 0.11, 0.11, -0.0, -0.0, 0.0, 0.0, 0.01, 0.03, 0.01, -0.04, -0.07, -0.08, 0.4, 0.41, 0.4, 0.45, 0.51, 0.55, 0.56, 0.57, -0.02, -0.03, -0.03, -0.03, -0.04, -0.04, -0.04, -0.03, -0.08, -0.1, -0.12, -0.12, 0.48, 0.49, 0.52, 0.56, 0.6, 0.62, 0.61, 0.6, -0.04, -0.05, -0.06, -0.06, -0.07, -0.08, -0.1, -0.18, -0.17, -0.18, -0.19, -0.18, 0.3, 0.57, 0.61, 0.67, 0.71, 0.7, 0.66, 0.63, -0.06, -0.07, -0.08, -0.19, -0.2, -0.21, -0.22, -0.25, -0.27, -0.29, -0.28, 0.14, 0.27, 0.62, 0.68, 0.77, 0.87, 0.78, 0.68, 0.64, -0.19, -0.2, -0.2, -0.21, -0.22, -0.24, -0.27, -0.31, -0.36, -0.39, -0.35, 0.05, 0.23, 0.4, 0.56, 0.8, 1.15, 0.71, 0.64, 0.62, -0.2, -0.2, -0.21, -0.22, -0.23, -0.26, -0.29, -0.35, -0.45, -0.53, -0.41, -0.01, 0.19, 0.37, 0.51, 0.62, 0.61, 0.43, 0.58, 0.61, -0.2, -0.21, -0.21, -0.22, -0.24, -0.26, -0.29, -0.35, -0.44, -0.51, -0.22, -0.02, 0.16, 0.33, 0.45, 0.62, 0.58, 0.55, 0.58, 0.6, -0.2, -0.21, -0.21, -0.22, -0.24, -0.25, -0.28, -0.31, -0.34, -0.34, -0.11, 0.01, 0.14, 0.49, 0.55, 0.57, 0.57, 0.57, 0.57, 0.58, -0.2, -0.21, -0.21, -0.22, -0.23, -0.24, -0.25, -0.25, -0.24, -0.06, -0.02, -0.18, -0.19, -0.18, 0.5, 0.54, 0.55, 0.56, 0.57, 0.57, -0.2, -0.21, -0.21, -0.22, -0.22, -0.22, -0.22, -0.21, -0.18, -0.0, -0.04, -0.12, -0.16, -0.17, 0.46, 0.51, 0.53, 0.54, 0.55, 0.56, -0.2, -0.2, -0.21, -0.21, -0.21, -0.21, -0.2, -0.19, -0.16, -0.1, -0.07, -0.11, -0.14, -0.16, 0.44, 0.48, 0.51, 0.53, 0.54, 0.55, -0.2, -0.2, -0.2, -0.2, -0.2, -0.2, -0.19, -0.18, -0.16, -0.13, -0.12, -0.13, -0.15, -0.16, 0.43, 0.46, 0.49, 0.51, 0.52, 0.53, -0.2, -0.2, -0.2, -0.2, -0.2, -0.19, -0.19, -0.19, -0.17, -0.15, -0.14, -0.15, -0.15, -0.16, 0.42, 0.45, 0.48, 0.5, 0.51, 0.52]}, {"header": {"refTime": "2023-09-12T07:00:00.000Z", "nx": 21, "ny": 33, "lo1": 113.509, "la1": 22.2235, "lo2": 113.5947, "la2": 22.1034, "dx": 0.0042850000000001385, "dy": 0.003753125000000024, "parameterCategory": 0, "parameterCategoryName": "Temperature", "parameterNumber": 0}, "data": [[26.25, 26.24, 26.24, 26.0, 26.0, 26.19, 26.19, 26.18, 26.19, 26.12, 26.14, 26.15, 26.33, 26.34, 26.32, 26.32, 26.4, 26.4, 26.39, 26.39], [26.25, 26.25, 26.24, 26.23, 26.0, 26.01, 26.18, 26.17, 26.16, 26.12, 26.14, 26.17, 26.34, 26.36, 26.33, 26.41, 26.4, 26.39, 26.39, 26.39], [26.26, 26.25, 26.24, 26.23, 26.0, 26.01, 26.02, 26.15, 26.11, 26.12, 26.15, 26.19, 26.37, 26.38, 26.42, 26.41, 26.4, 26.39, 26.39, 26.38], [26.27, 26.26, 26.25, 26.24, 26.23, 26.01, 26.02, 26.03, 26.05, 26.11, 26.16, 26.23, 26.4, 26.32, 26.42, 26.4, 26.39, 26.38, 26.38, 26.38], [26.28, 26.27, 26.26, 26.25, 26.24, 26.0, 26.0, 26.01, 26.0, 26.1, 26.15, 26.32, 26.43, 26.34, 26.42, 26.4, 26.38, 26.37, 26.37, 26.37], [26.29, 26.28, 26.28, 26.27, 26.26, 26.24, 26.0, 25.99, 25.98, 25.94, 26.17, 26.27, 26.36, 26.47, 26.41, 26.39, 26.36, 26.35, 26.36, 26.36], [26.38, 26.3, 26.3, 26.29, 26.28, 26.26, 26.12, 26.0, 25.99, 25.97, 25.96, 26.2, 26.44, 26.45, 26.4, 26.37, 26.34, 26.33, 26.34, 26.35], [26.39, 26.39, 26.39, 26.39, 26.38, 26.2, 26.15, 26.1, 26.07, 25.95, 25.81, 26.18, 26.19, 26.45, 26.34, 26.35, 26.33, 26.32, 26.33, 26.34], [26.31, 26.32, 26.41, 26.42, 26.42, 26.4, 26.34, 26.13, 25.97, 25.99, 25.97, 26.07, 26.12, 26.06, 26.34, 26.35, 26.34, 26.33, 26.34, 26.34], [26.6, 26.6, 26.6, 26.37, 26.4, 26.49, 26.43, 26.34, 25.87, 25.89, 26.13, 26.01, 26.05, 26.03, 26.34, 26.36, 26.35, 26.34, 26.34, 26.35], [26.6, 26.6, 26.6, 26.6, 26.6, 26.6, 26.6, 26.6, 26.42, 25.96, 25.7, 25.97, 26.0, 26.0, 26.34, 26.36, 26.35, 26.35, 26.35, 26.35], [26.6, 26.6, 26.6, 26.6, 26.6, 26.6, 26.6, 26.6, 26.6, -999.0, 25.7, 26.4, 26.4, 25.98, 26.34, 26.36, 26.36, 25.85, 25.86, 25.86], [26.6, 26.6, 26.6, 26.6, 26.6, 26.6, 26.6, 26.6, 26.6, 26.6, -999.0, 26.4, 26.4, 25.81, 26.07, 26.01, 26.01, 25.92, 25.93, 25.94], [26.6, 26.6, 26.6, 26.6, 26.6, 26.6, 26.6, 26.6, 26.6, 26.6, -999.0, 25.5, 25.5, 25.5, 25.99, 25.94, 25.95, 25.85, 25.88, 25.89], [26.6, 26.6, 26.6, 26.6, 26.6, 26.6, 26.6, 26.7, 26.7, 26.7, 26.7, 26.24, 25.5, 25.5, 25.5, 25.87, 25.89, 25.8, 25.83, 25.85], [26.6, 26.6, 26.66, 26.66, 26.67, 26.7, 26.7, 26.7, 26.7, 26.7, 25.94, 26.03, 25.91, 25.82, 25.93, 25.83, 25.88, 25.79, 25.95, 25.99], [26.66, 26.66, 26.64, 26.64, 26.7, 26.7, 26.7, 26.7, 26.7, 26.7, 26.18, 26.04, 25.88, 25.73, 25.74, 25.74, 25.82, 25.89, 25.94, 25.97], [26.64, 26.64, 26.64, 26.64, 26.7, 26.7, 26.7, 26.7, 26.7, 26.4, 26.23, 26.05, 25.87, 25.75, 25.54, 25.71, 25.83, 25.91, 25.96, 25.99], [26.64, 26.64, 26.64, 26.7, 26.7, 26.7, 26.7, 26.7, 26.59, 26.47, 26.34, 26.19, 25.99, 25.84, 25.69, 25.78, 25.88, 25.95, 25.99, 26.02], [26.64, 26.64, 26.64, 26.65, 26.65, 26.65, 26.66, 26.68, 26.58, 26.48, 26.35, 26.23, 26.06, 25.97, 25.85, 25.9, 25.97, 26.01, 26.04, 26.06], [26.64, 26.64, 26.64, 26.66, 26.66, 26.66, 26.67, 26.67, 26.49, 26.44, 26.36, 26.27, 26.12, 25.95, 25.97, 26.02, 26.06, 26.08, 26.09, 26.09], [26.65, 26.65, 26.65, 26.66, 26.66, 26.66, 26.66, 26.67, 26.46, 26.42, 26.37, 26.31, 26.15, 26.03, 26.06, 26.11, 26.15, 26.16, 26.15, 26.13], [26.65, 26.65, 26.65, 26.66, 26.66, 26.66, 26.66, 26.66, 26.65, 26.65, 26.65, 26.58, 26.41, 26.08, 26.13, 26.19, 26.24, 26.23, 26.19, 26.16], [26.66, 26.66, 26.66, 26.66, 26.66, 26.66, 26.65, 26.65, 26.64, 26.64, 26.64, 26.58, 26.42, 26.39, 26.36, 26.22, 26.33, 26.25, 26.21, 26.18], [26.66, 26.66, 26.66, 26.66, 26.66, 26.66, 26.65, 26.64, 26.63, 26.62, 26.63, 26.58, 26.57, 26.39, 26.36, 26.34, 26.24, 26.22, 26.21, 26.18], [26.66, 26.66, 26.66, 26.66, 26.66, 26.66, 26.65, 26.64, 26.63, 26.62, 26.6, 26.59, 26.58, 26.39, 26.37, 26.36, 26.33, 26.32, 26.2, 26.18], [26.66, 26.66, 26.66, 26.66, 26.66, 26.66, 26.65, 26.65, 26.65, 26.64, 26.61, 26.61, 26.59, 26.44, 26.41, 26.38, 26.36, 26.35, 26.35, 26.36], [26.66, 26.66, 26.66, 26.66, 26.66, 26.66, 26.66, 26.66, 26.66, 26.64, 26.64, 26.6, 26.56, 26.52, 26.43, 26.4, 26.38, 26.37, 26.37, 26.37], [26.66, 26.66, 26.66, 26.66, 26.66, 26.66, 26.66, 26.66, 26.67, 26.66, 26.67, 26.62, 26.58, 26.54, 26.45, 26.42, 26.4, 26.39, 26.38, 26.38], [26.66, 26.66, 26.66, 26.66, 26.66, 26.66, 26.66, 26.67, 26.61, 26.64, 26.66, 26.62, 26.58, 26.55, 26.46, 26.44, 26.42, 26.4, 26.4, 26.39], [26.66, 26.66, 26.66, 26.66, 26.66, 26.66, 26.67, 26.67, 26.6, 26.62, 26.62, 26.6, 26.58, 26.55, 26.47, 26.45, 26.43, 26.42, 26.41, 26.4], [26.66, 26.66, 26.66, 26.66, 26.67, 26.67, 26.67, 26.59, 26.59, 26.6, 26.6, 26.59, 26.57, 26.55, 26.47, 26.45, 26.44, 26.43, 26.42, 26.41]]}]