gis_exercise/awsData/contour/wdir_2023090615.json
[{"header": {"refTime": "2023-09-06T15:00:00.000Z", "nx": 21, "ny": 33, "lo1": 113.509, "la1": 22.2235, "lo2": 113.5947, "la2": 22.1034, "dx": 0.0042850000000001385, "dy": 0.003753125000000024, "parameterCategory": 2, "parameterCategoryName": "Temperature", "parameterNumber": 2}, "data": [-1.93, -1.92, -1.91, -1.83, -1.81, -2.02, -1.97, -1.93, -1.92, -1.77, -1.83, -1.89, -2.07, -2.1, -2.16, -2.17, -2.35, -2.34, -2.34, -2.34, -1.93, -1.93, -1.92, -1.9, -1.81, -1.78, -1.94, -1.85, -1.8, -1.73, -1.83, -1.92, -2.11, -2.14, -2.19, -2.36, -2.35, -2.34, -2.34, -2.33, -1.94, -1.94, -1.93, -1.92, -1.83, -1.8, -1.75, -1.79, -1.55, -1.69, -1.85, -1.98, -2.17, -2.19, -2.38, -2.36, -2.35, -2.34, -2.33, -2.33, -1.95, -1.95, -1.94, -1.94, -1.92, -1.83, -1.79, -1.72, -1.65, -1.75, -1.91, -2.08, -2.28, -2.28, -2.38, -2.36, -2.34, -2.33, -2.33, -2.33, -1.96, -1.96, -1.96, -1.96, -1.96, -1.88, -1.87, -1.84, -1.81, -1.82, -1.96, -2.29, -2.46, -2.31, -2.38, -2.35, -2.33, -2.32, -2.32, -2.32, -1.96, -1.97, -1.97, -1.98, -1.99, -2.01, -1.96, -1.97, -1.95, -1.89, -2.07, -2.21, -2.34, -2.53, -2.36, -2.33, -2.32, -2.31, -2.31, -2.31, -2.83, -1.97, -1.98, -1.99, -2.01, -2.05, -2.14, -2.13, -2.13, -2.02, -1.91, -2.06, -2.46, -2.51, -2.33, -2.32, -2.3, -2.29, -2.43, -2.47, -2.83, -2.8, -2.77, -2.63, -2.62, -2.07, -2.14, -2.29, -2.43, -1.99, -1.72, -2.13, -2.23, -2.52, -2.45, -2.41, -2.35, -2.33, -2.36, -2.39, -2.84, -2.81, -2.76, -2.7, -2.55, -2.56, -2.64, -2.18, -2.57, -2.05, -2.08, -2.3, -2.55, -2.43, -2.49, -2.44, -2.4, -2.38, -2.39, -2.4, -3.27, -3.22, -3.14, -2.67, -2.53, -2.38, -2.59, -2.81, -2.8, -2.66, -2.23, -2.42, -2.63, -2.48, -2.52, -2.47, -2.43, -2.41, -2.41, -2.41, -3.29, -3.24, -3.17, -3.03, -2.75, -1.91, -2.95, -3.45, -3.19, -2.98, -2.91, -2.37, -2.44, -2.42, -2.53, -2.48, -2.45, -2.44, -2.43, -2.42, -3.32, -3.29, -3.24, -3.16, -3.02, -2.95, -3.35, -3.74, -3.88, -3.95, -3.07, -3.07, -2.99, -2.37, -2.52, -2.49, -2.47, -2.66, -2.65, -2.64, -3.36, -3.35, -3.33, -3.33, -3.37, -3.57, -3.87, -3.88, -3.88, -3.78, -3.88, -3.14, -3.06, -2.69, -2.69, -2.73, -2.71, -2.69, -2.68, -2.67, -3.4, -3.4, -3.42, -3.47, -3.58, -3.84, -4.3, -3.95, -3.84, -3.77, -3.92, -3.37, -3.29, -3.24, -2.71, -2.75, -2.74, -2.72, -2.71, -2.7, -3.44, -3.45, -3.48, -3.54, -3.65, -3.81, -3.93, -3.23, -2.95, -2.74, -2.58, -2.03, -3.26, -3.21, -3.17, -2.78, -2.76, -2.74, -2.73, -2.72, -3.47, -3.49, -1.97, -2.04, -2.13, -2.78, -2.73, -2.54, -2.33, -2.2, -1.68, -1.84, -2.03, -1.97, -2.11, -2.9, -2.9, -2.9, -2.73, -2.72, -1.78, -1.79, -1.8, -1.8, -2.35, -2.23, -2.0, -1.69, -1.48, -1.51, -1.32, -1.66, -1.99, -2.31, -2.36, -2.81, -2.78, -2.76, -2.74, -2.73, -1.68, -1.66, -1.63, -1.56, -1.99, -1.72, -1.28, -0.69, -0.38, -0.56, -1.09, -1.49, -1.95, -2.31, -2.82, -2.82, -2.78, -2.76, -2.74, -2.72, -1.59, -1.54, -1.47, -1.93, -1.71, -1.35, -0.77, 0.18, 1.04, -0.06, -0.37, -0.95, -1.67, -2.15, -2.83, -2.8, -2.77, -2.74, -2.73, -2.71, -1.5, -1.44, -1.38, -1.25, -1.06, -0.77, -0.34, 0.26, 0.75, 0.19, -0.41, -0.91, -1.56, -1.93, -2.78, -2.76, -2.74, -2.72, -2.71, -2.7, -1.47, -1.41, -1.32, -1.2, -1.04, -0.81, -0.53, -0.25, 0.05, -0.22, -0.59, -0.93, -1.51, -2.75, -2.74, -2.73, -2.72, -2.7, -2.69, -2.69, -1.43, -1.37, -1.29, -1.2, -1.07, -0.93, -0.78, -0.12, -0.47, -0.62, -0.82, -1.02, -2.57, -2.72, -2.72, -2.71, -2.7, -2.69, -2.68, -2.67, -1.41, -1.36, -1.3, -0.39, -0.39, -0.4, -0.44, -0.51, -0.61, -0.69, -0.7, -1.15, -2.36, -2.7, -2.7, -2.7, -2.7, -2.67, -2.65, -2.65, -0.46, -0.47, -0.48, -0.5, -0.53, -0.58, -0.68, -0.83, -1.02, -1.12, -1.02, -1.96, -2.34, -2.42, -2.5, -2.68, -2.77, -2.62, -2.62, -2.64, -0.51, -0.53, -0.55, -0.59, -0.64, -0.72, -0.85, -1.05, -1.35, -1.6, -1.28, -1.91, -1.98, -2.41, -2.48, -2.53, -2.58, -2.51, -2.59, -2.62, -0.56, -0.58, -0.61, -0.66, -0.72, -0.81, -0.94, -1.12, -1.39, -1.59, -1.83, -1.85, -1.92, -2.39, -2.45, -2.37, -2.42, -2.42, -2.6, -2.62, -0.59, -0.62, -0.66, -0.71, -0.78, -0.86, -0.97, -1.09, -1.22, -1.27, -1.73, -1.75, -1.83, -2.08, -2.2, -2.29, -2.34, -2.36, -2.36, -2.35, -0.63, -0.66, -0.7, -0.75, -0.81, -0.88, -0.96, -1.05, -1.12, -1.58, -1.54, -1.54, -1.63, -1.72, -2.12, -2.21, -2.27, -2.3, -2.31, -2.31, -0.65, -0.68, -0.72, -0.77, -0.82, -0.89, -0.95, -1.01, -1.06, -1.41, -1.25, -1.44, -1.57, -1.67, -2.05, -2.14, -2.21, -2.24, -2.27, -2.27, -0.67, -0.7, -0.74, -0.78, -0.83, -0.88, -0.94, -0.99, -1.49, -1.38, -1.31, -1.43, -1.55, -1.64, -2.0, -2.09, -2.15, -2.2, -2.22, -2.24, -0.68, -0.71, -0.75, -0.79, -0.83, -0.87, -0.92, -0.96, -1.51, -1.45, -1.44, -1.49, -1.56, -1.64, -1.97, -2.05, -2.11, -2.16, -2.18, -2.2, -0.69, -0.72, -0.75, -0.79, -0.82, -0.86, -0.9, -1.58, -1.54, -1.52, -1.51, -1.54, -1.59, -1.64, -1.96, -2.03, -2.08, -2.12, -2.15, -2.18]}, {"header": {"refTime": "2023-09-06T15:00:00.000Z", "nx": 21, "ny": 33, "lo1": 113.509, "la1": 22.2235, "lo2": 113.5947, "la2": 22.1034, "dx": 0.0042850000000001385, "dy": 0.003753125000000024, "parameterCategory": 2, "parameterCategoryName": "Temperature", "parameterNumber": 3}, "data": [0.46, 0.44, 0.41, 0.05, 0.03, 0.13, 0.1, 0.07, 0.07, 0.09, 0.16, 0.23, 0.36, 0.39, 0.45, 0.47, 0.72, 0.72, 0.72, 0.72, 0.48, 0.46, 0.42, 0.38, 0.04, 0.01, 0.07, 0.01, -0.03, 0.04, 0.16, 0.25, 0.39, 0.43, 0.48, 0.73, 0.72, 0.72, 0.72, 0.72, 0.5, 0.48, 0.45, 0.41, 0.05, 0.02, -0.03, -0.04, -0.22, -0.01, 0.18, 0.3, 0.45, 0.48, 0.73, 0.73, 0.72, 0.72, 0.72, 0.72, 0.53, 0.51, 0.48, 0.44, 0.39, 0.04, 0.01, -0.06, -0.12, 0.07, 0.24, 0.4, 0.55, 0.65, 0.73, 0.73, 0.73, 0.72, 0.72, 0.72, 0.56, 0.55, 0.53, 0.5, 0.45, 0.08, 0.07, 0.05, 0.04, 0.19, 0.32, 0.65, 0.73, 0.66, 0.73, 0.73, 0.73, 0.73, 0.73, 0.72, 0.6, 0.6, 0.59, 0.56, 0.53, 0.48, 0.13, 0.14, 0.15, 0.15, 0.54, 0.61, 0.68, 0.69, 0.72, 0.72, 0.73, 0.73, 0.73, 0.72, 0.79, 0.65, 0.65, 0.64, 0.62, 0.57, 0.64, 0.22, 0.24, 0.37, 0.38, 0.55, 0.65, 0.65, 0.71, 0.72, 0.73, 0.73, 0.72, 0.71, 0.81, 0.82, 0.83, 0.84, 0.83, 0.79, 0.68, 0.52, 0.37, 0.36, 0.32, 0.51, 0.54, 0.62, 0.62, 0.65, 0.69, 0.71, 0.69, 0.67, 0.81, 0.84, 0.86, 0.89, 0.91, 0.88, 0.77, 0.62, 0.31, 0.38, 0.43, 0.5, 0.52, 0.51, 0.61, 0.64, 0.67, 0.68, 0.67, 0.66, 0.78, 0.81, 0.85, 0.94, 1.04, 1.08, 0.91, 0.71, 0.29, 0.29, 0.46, 0.49, 0.51, 0.5, 0.6, 0.63, 0.65, 0.66, 0.66, 0.66, 0.77, 0.8, 0.84, 0.91, 1.06, 1.5, 0.94, 0.65, 0.56, 0.27, 0.35, 0.49, 0.49, 0.5, 0.6, 0.62, 0.63, 0.64, 0.65, 0.65, 0.75, 0.77, 0.8, 0.85, 0.92, 0.95, 0.73, 0.48, 0.38, 0.28, 0.33, 0.45, 0.47, 0.49, 0.61, 0.62, 0.63, 0.52, 0.53, 0.53, 0.73, 0.74, 0.75, 0.76, 0.74, 0.64, 0.49, 0.43, 0.39, 0.47, 0.31, 0.43, 0.45, 0.45, 0.44, 0.48, 0.49, 0.49, 0.5, 0.5, 0.71, 0.71, 0.71, 0.69, 0.63, 0.51, 0.31, 0.43, 0.46, 0.49, 0.3, 0.31, 0.32, 0.32, 0.41, 0.44, 0.45, 0.46, 0.47, 0.48, 0.7, 0.69, 0.67, 0.65, 0.6, 0.52, 0.46, 0.32, 0.33, 0.35, 0.36, 0.35, 0.3, 0.29, 0.29, 0.4, 0.42, 0.43, 0.45, 0.46, 0.68, 0.67, 0.78, 0.76, 0.72, 0.35, 0.36, 0.37, 0.38, 0.39, 0.38, 0.36, 0.33, 0.37, 0.35, 0.17, 0.15, 0.14, 0.19, 0.19, 0.8, 0.79, 0.77, 0.75, 0.38, 0.39, 0.41, 0.44, 0.45, 0.45, 0.41, 0.37, 0.33, 0.29, 0.2, -0.1, -0.21, -0.3, -0.36, -0.4, 0.79, 0.78, 0.77, 0.75, 0.41, 0.43, 0.47, 0.51, 0.54, 0.5, 0.45, 0.39, 0.33, 0.21, 0.2, -0.07, -0.22, -0.32, -0.39, -0.43, 0.79, 0.78, 0.76, 0.42, 0.43, 0.46, 0.51, 0.58, 0.65, 0.54, 0.31, 0.24, 0.24, 0.2, -0.04, -0.15, -0.28, -0.37, -0.43, -0.47, 0.78, 0.77, 0.19, 0.21, 0.24, 0.28, 0.35, 0.45, 0.5, 0.39, 0.28, 0.21, 0.22, 0.18, -0.24, -0.3, -0.38, -0.45, -0.49, -0.51, 0.16, 0.16, 0.17, 0.18, 0.2, 0.23, 0.27, 0.31, 0.32, 0.26, 0.2, 0.16, 0.2, -0.36, -0.39, -0.43, -0.49, -0.53, -0.56, -0.57, 0.14, 0.14, 0.15, 0.15, 0.15, 0.16, 0.17, 0.2, 0.15, 0.12, 0.09, 0.09, -0.23, -0.46, -0.49, -0.54, -0.58, -0.61, -0.62, -0.62, 0.12, 0.12, 0.12, 0.15, 0.14, 0.13, 0.11, 0.07, 0.03, -0.0, 0.01, -0.15, -0.73, -0.53, -0.57, -0.6, -0.62, -0.67, -0.69, -0.68, 0.15, 0.14, 0.14, 0.12, 0.11, 0.08, 0.03, -0.04, -0.13, -0.17, -0.11, -0.28, -0.73, -0.75, -0.76, -0.66, -0.55, -0.81, -0.78, -0.72, 0.14, 0.13, 0.12, 0.1, 0.08, 0.04, -0.02, -0.11, -0.27, -0.4, -0.21, -0.27, -0.24, -0.76, -0.78, -0.81, -0.87, -1.01, -0.83, -0.75, 0.13, 0.12, 0.11, 0.09, 0.07, 0.03, -0.03, -0.11, -0.26, -0.38, -0.31, -0.23, -0.2, -0.76, -0.79, -0.68, -0.79, -0.83, -0.8, -0.75, 0.13, 0.12, 0.1, 0.09, 0.06, 0.04, -0.0, -0.05, -0.11, -0.11, -0.17, -0.13, -0.14, -0.41, -0.52, -0.62, -0.69, -0.73, -0.72, -0.7, 0.12, 0.11, 0.1, 0.09, 0.07, 0.05, 0.03, 0.02, 0.03, -0.02, 0.03, -0.15, -0.28, -0.41, -0.46, -0.55, -0.61, -0.65, -0.66, -0.65, 0.12, 0.11, 0.1, 0.09, 0.08, 0.07, 0.07, 0.08, 0.12, 0.15, 0.24, -0.01, -0.2, -0.34, -0.39, -0.48, -0.55, -0.59, -0.61, -0.61, 0.12, 0.12, 0.11, 0.1, 0.1, 0.09, 0.1, 0.12, -0.08, 0.07, 0.16, -0.01, -0.17, -0.3, -0.35, -0.43, -0.5, -0.54, -0.56, -0.57, 0.12, 0.12, 0.11, 0.11, 0.11, 0.11, 0.12, 0.13, -0.11, -0.04, -0.02, -0.09, -0.19, -0.3, -0.33, -0.4, -0.46, -0.5, -0.52, -0.54, 0.12, 0.12, 0.12, 0.12, 0.11, 0.12, 0.13, -0.2, -0.16, -0.12, -0.12, -0.16, -0.23, -0.3, -0.31, -0.38, -0.43, -0.47, -0.49, -0.51]}, {"header": {"refTime": "2023-09-06T15:00:00.000Z", "nx": 21, "ny": 33, "lo1": 113.509, "la1": 22.2235, "lo2": 113.5947, "la2": 22.1034, "dx": 0.0042850000000001385, "dy": 0.003753125000000024, "parameterCategory": 0, "parameterCategoryName": "Temperature", "parameterNumber": 0}, "data": [[30.39, 30.37, 30.35, 30.16, 30.14, 30.26, 30.24, 30.21, 30.21, 30.19, 30.24, 30.29, 30.52, 30.56, 30.36, 30.35, 30.64, 30.63, 30.61, 30.61], [30.4, 30.38, 30.36, 30.34, 30.15, 30.12, 30.21, 30.16, 30.13, 30.14, 30.24, 30.31, 30.55, 30.58, 30.38, 30.65, 30.63, 30.61, 30.6, 30.59], [30.41, 30.4, 30.38, 30.36, 30.15, 30.13, 30.1, 30.11, 29.95, 30.11, 30.25, 30.36, 30.6, 30.62, 30.68, 30.65, 30.62, 30.59, 30.58, 30.58], [30.43, 30.42, 30.4, 30.38, 30.35, 30.15, 30.12, 30.07, 30.03, 30.16, 30.3, 30.44, 30.67, 30.73, 30.68, 30.63, 30.59, 30.56, 30.55, 30.55], [30.44, 30.44, 30.43, 30.41, 30.39, 30.19, 30.17, 30.16, 30.14, 30.24, 30.36, 30.72, 30.77, 30.74, 30.68, 30.61, 30.55, 30.51, 30.51, 30.52], [30.47, 30.46, 30.46, 30.45, 30.43, 30.41, 30.23, 30.24, 30.23, 30.22, 30.62, 30.7, 30.75, 30.87, 30.67, 30.58, 30.48, 30.44, 30.46, 30.49], [30.72, 30.49, 30.49, 30.49, 30.49, 30.47, 30.52, 30.32, 30.32, 30.46, 30.46, 30.68, 30.91, 30.9, 30.67, 30.54, 30.38, 30.32, 30.31, 30.35], [30.73, 30.73, 30.73, 30.73, 30.72, 30.58, 30.55, 30.5, 30.5, 30.43, 30.32, 30.75, 30.76, 30.9, 30.5, 30.58, 30.41, 30.35, 30.45, 30.51], [30.67, 30.68, 30.75, 30.75, 30.76, 30.74, 30.69, 30.53, 30.4, 30.48, 30.51, 30.63, 30.68, 30.61, 30.52, 30.62, 30.51, 30.47, 30.5, 30.53], [30.9, 30.9, 30.9, 30.71, 30.74, 30.81, 30.76, 30.69, 30.33, 30.35, 30.69, 30.55, 30.6, 30.57, 30.52, 30.65, 30.59, 30.55, 30.55, 30.57], [30.9, 30.9, 30.9, 30.9, 30.9, 30.9, 30.9, 30.9, 30.76, 30.4, 30.2, 30.5, 30.54, 30.54, 30.51, 30.68, 30.63, 30.6, 30.6, 30.6], [30.9, 30.9, 30.9, 30.9, 30.9, 30.9, 30.9, 30.9, 30.9, -999.0, 30.2, 31.0, 31.0, 30.52, 30.5, 30.7, 30.68, 29.97, 29.98, 29.98], [30.9, 30.9, 30.9, 30.9, 30.9, 30.9, 30.9, 30.9, 30.9, 30.9, -999.0, 31.0, 31.0, 30.22, 30.56, 30.05, 30.06, 30.01, 30.02, 30.02], [30.9, 30.9, 30.9, 30.9, 30.9, 30.9, 30.9, 30.9, 30.9, 30.9, -999.0, 29.8, 29.8, 29.8, 30.46, 30.02, 30.03, 29.98, 29.99, 30.0], [30.9, 30.9, 30.9, 30.9, 30.9, 30.9, 30.9, 32.0, 32.0, 32.0, 32.0, 31.15, 29.8, 29.8, 29.8, 29.98, 30.0, 29.95, 29.96, 29.98], [30.9, 30.9, 31.59, 31.6, 31.63, 32.0, 32.0, 32.0, 32.0, 32.0, 30.62, 30.77, 30.56, 30.38, 30.58, 30.13, 30.18, 30.09, 30.15, 30.17], [31.61, 31.61, 31.29, 31.31, 32.0, 32.0, 32.0, 32.0, 32.0, 32.0, 31.05, 30.78, 30.49, 30.23, 30.16, 30.36, 30.56, 30.72, 30.84, 30.92], [31.29, 31.31, 31.33, 31.35, 32.0, 32.0, 32.0, 32.0, 32.0, 31.44, 31.15, 30.82, 30.47, 30.18, 29.85, 30.3, 30.58, 30.76, 30.89, 30.97], [31.31, 31.33, 31.36, 32.0, 32.0, 32.0, 32.0, 32.0, 31.8, 31.57, 31.46, 31.19, 30.57, 30.3, 30.25, 30.46, 30.69, 30.86, 30.97, 31.04], [31.33, 31.35, 32.29, 32.27, 32.25, 32.23, 32.19, 32.08, 31.85, 31.71, 31.52, 31.29, 30.66, 30.48, 30.61, 30.73, 30.87, 30.99, 31.07, 31.12], [32.3, 32.3, 32.29, 32.21, 32.2, 32.18, 32.16, 32.14, 31.78, 31.7, 31.57, 31.4, 30.73, 30.84, 30.88, 30.97, 31.07, 31.15, 31.2, 31.22], [32.23, 32.23, 32.23, 32.22, 32.22, 32.22, 32.21, 32.37, 31.8, 31.75, 31.66, 31.52, 30.97, 31.02, 31.08, 31.15, 31.22, 31.29, 31.32, 31.32], [32.24, 32.24, 32.24, 32.46, 32.45, 32.44, 32.44, 32.44, 32.45, 32.46, 32.48, 31.88, 31.99, 31.15, 31.22, 31.27, 31.29, 31.4, 31.46, 31.43], [32.5, 32.49, 32.49, 32.49, 32.49, 32.49, 32.49, 32.49, 32.5, 32.51, 32.52, 32.21, 32.01, 31.91, 31.81, 31.37, 31.11, 31.67, 31.62, 31.52], [32.51, 32.51, 32.51, 32.52, 32.52, 32.52, 32.53, 32.53, 32.53, 32.52, 32.55, 32.28, 32.13, 31.94, 31.86, 31.81, 31.8, 32.09, 31.73, 31.57], [32.53, 32.53, 32.53, 32.54, 32.55, 32.56, 32.57, 32.57, 32.56, 32.55, 32.43, 32.35, 32.21, 31.98, 31.92, 32.0, 32.03, 32.08, 31.68, 31.57], [32.54, 32.55, 32.55, 32.56, 32.57, 32.59, 32.6, 32.62, 32.63, 32.65, 32.51, 32.44, 32.31, 32.24, 32.14, 32.08, 32.06, 32.07, 32.06, 32.05], [32.56, 32.56, 32.57, 32.58, 32.6, 32.62, 32.64, 32.67, 32.72, 32.65, 32.68, 32.88, 32.85, 32.84, 32.22, 32.15, 32.11, 32.09, 32.08, 32.08], [32.57, 32.58, 32.59, 32.6, 32.62, 32.64, 32.67, 32.72, 32.79, 32.81, 33.04, 32.94, 32.89, 32.86, 32.28, 32.21, 32.16, 32.13, 32.11, 32.1], [32.58, 32.59, 32.6, 32.62, 32.63, 32.66, 32.69, 32.74, 32.9, 32.97, 33.01, 32.95, 32.9, 32.87, 32.33, 32.25, 32.2, 32.16, 32.14, 32.13], [32.59, 32.6, 32.61, 32.63, 32.65, 32.67, 32.7, 32.74, 32.9, 32.93, 32.94, 32.92, 32.89, 32.87, 32.35, 32.28, 32.23, 32.19, 32.17, 32.15], [32.59, 32.6, 32.62, 32.63, 32.65, 32.67, 32.7, 32.86, 32.88, 32.9, 32.91, 32.9, 32.88, 32.87, 32.36, 32.3, 32.25, 32.22, 32.19, 32.17]]}]