gis_exercise/awsData/contour/wdir_2023090119.json
[{"header": {"refTime": "2023-09-01T19:00:00.000Z", "nx": 21, "ny": 33, "lo1": 113.509, "la1": 22.2235, "lo2": 113.5947, "la2": 22.1034, "dx": 0.0042850000000001385, "dy": 0.003753125000000024, "parameterCategory": 2, "parameterCategoryName": "Temperature", "parameterNumber": 2}, "data": [1.06, 1.02, 0.97, 1.62, 1.51, 1.15, 1.03, 0.92, 0.9, 1.59, 1.92, 2.22, 2.03, 2.17, 2.8, 2.93, 3.96, 3.99, 4.01, 4.02, 1.09, 1.05, 1.0, 0.93, 1.52, 1.35, 0.92, 0.66, 0.52, 1.28, 1.86, 2.3, 2.17, 2.31, 2.92, 3.94, 3.98, 4.02, 4.04, 4.05, 1.12, 1.09, 1.04, 0.98, 1.57, 1.4, 1.11, 0.46, -0.28, 1.03, 1.95, 2.5, 2.42, 2.52, 3.89, 3.96, 4.02, 4.06, 4.08, 4.09, 1.17, 1.14, 1.1, 1.05, 0.97, 1.53, 1.3, 0.92, 0.57, 1.48, 2.3, 2.85, 2.81, 3.8, 3.89, 3.98, 4.07, 4.12, 4.14, 4.14, 1.21, 1.2, 1.18, 1.15, 1.1, 1.72, 1.63, 1.52, 1.52, 2.26, 2.77, 3.83, 3.79, 3.79, 3.89, 4.02, 4.15, 4.22, 4.22, 4.2, 1.27, 1.27, 1.26, 1.25, 1.24, 1.22, 1.94, 2.0, 2.16, 2.44, 3.96, 3.84, 3.78, 4.09, 3.9, 4.09, 4.29, 4.38, 4.33, 4.26, 2.39, 1.33, 1.35, 1.36, 1.37, 1.39, 2.76, 2.25, 2.45, 3.52, 3.81, 3.8, 4.03, 4.19, 3.89, 4.16, 4.5, 4.62, 4.93, 4.95, 2.4, 2.38, 2.37, 2.95, 2.91, 2.68, 2.69, 2.58, 2.46, 3.61, 4.36, 4.07, 4.03, 4.38, 4.75, 4.8, 4.84, 4.85, 4.83, 4.82, 2.41, 2.39, 2.37, 2.34, 2.87, 2.85, 2.88, 2.67, 3.43, 3.44, 4.68, 4.69, 5.22, 4.96, 4.87, 4.84, 4.84, 4.84, 4.83, 4.82, 3.39, 3.34, 3.27, 2.34, 2.29, 2.69, 2.94, 3.2, 4.04, 4.14, 4.82, 5.09, 5.56, 5.16, 4.96, 4.88, 4.85, 4.84, 4.83, 4.82, 3.39, 3.35, 3.27, 3.14, 2.88, 2.09, 3.2, 3.94, 3.95, 4.46, 5.68, 5.02, 5.14, 5.07, 4.98, 4.9, 4.87, 4.85, 4.84, 4.83, 3.41, 3.37, 3.31, 3.22, 3.08, 3.03, 3.53, 4.45, 4.9, 5.28, 5.69, 5.22, 5.22, 4.98, 4.95, 4.9, 4.87, 5.41, 5.38, 5.36, 3.43, 3.4, 3.37, 3.33, 3.32, 3.39, 3.59, 4.27, 4.68, 4.36, 5.24, 5.22, 5.2, 5.0, 4.98, 5.49, 5.45, 5.41, 5.39, 5.37, 3.46, 3.44, 3.43, 3.42, 3.44, 3.46, 3.37, 3.84, 4.15, 4.16, 5.13, 5.74, 5.72, 5.7, 4.97, 5.44, 5.41, 5.4, 5.38, 5.37, 3.49, 3.48, 3.48, 3.49, 3.51, 3.54, 3.59, 4.14, 4.33, 4.41, 4.43, 4.99, 5.63, 5.59, 5.56, 5.38, 5.37, 5.37, 5.37, 5.37, 3.52, 3.51, 3.06, 3.09, 3.12, 4.09, 4.1, 4.17, 4.26, 4.31, 4.9, 4.93, 4.95, 5.12, 5.14, 6.06, 6.22, 6.37, 6.11, 6.18, 3.09, 3.1, 3.12, 3.15, 4.15, 4.14, 4.15, 4.17, 4.21, 4.25, 4.8, 4.87, 4.93, 4.98, 5.39, 5.13, 5.16, 5.17, 5.17, 5.16, 3.12, 3.14, 3.17, 3.21, 4.17, 4.16, 4.15, 4.15, 4.15, 4.09, 4.19, 4.81, 4.91, 5.36, 5.12, 5.14, 5.17, 5.18, 5.18, 5.17, 3.15, 3.18, 3.21, 4.19, 4.18, 4.17, 4.15, 4.11, 4.05, 4.1, 4.33, 4.46, 5.51, 5.5, 5.14, 5.17, 5.21, 5.21, 5.2, 5.18, 3.18, 3.21, 3.77, 3.79, 3.81, 3.84, 3.88, 3.94, 4.14, 4.22, 4.32, 4.42, 5.65, 5.76, 5.22, 5.25, 5.27, 5.26, 5.23, 5.19, 3.78, 3.78, 3.79, 3.81, 3.83, 3.85, 3.88, 3.91, 4.2, 4.24, 4.3, 4.38, 5.85, 5.26, 5.3, 5.36, 5.38, 5.34, 5.26, 5.18, 3.79, 3.8, 3.81, 3.82, 3.84, 3.86, 3.88, 4.0, 4.21, 4.24, 4.28, 4.34, 6.0, 5.3, 5.39, 5.51, 5.58, 5.46, 5.26, 5.15, 3.8, 3.81, 3.82, 3.98, 3.99, 3.99, 3.99, 3.99, 3.99, 3.99, 3.99, 5.36, 4.85, 5.32, 5.45, 5.71, 6.06, 5.61, 5.17, 5.06, 3.98, 3.98, 3.98, 3.98, 3.98, 3.98, 3.99, 3.99, 3.99, 3.99, 3.99, 5.22, 4.79, 4.98, 5.2, 5.69, 7.28, 5.01, 4.82, 4.9, 3.97, 3.98, 3.98, 3.98, 3.98, 3.98, 3.98, 3.99, 4.0, 4.0, 3.99, 5.05, 5.49, 4.89, 5.02, 5.08, 4.5, 3.49, 4.48, 4.76, 3.97, 3.97, 3.97, 3.97, 3.97, 3.97, 3.97, 3.98, 3.99, 4.0, 4.58, 4.93, 5.33, 4.8, 4.86, 4.76, 4.44, 4.22, 4.53, 4.73, 3.97, 3.97, 3.97, 3.97, 3.97, 3.97, 3.96, 3.96, 3.97, 3.96, 4.59, 4.83, 5.17, 4.64, 4.69, 4.66, 4.54, 4.47, 4.5, 4.57, 3.97, 3.97, 3.97, 3.96, 3.96, 3.96, 3.96, 3.95, 3.94, 4.43, 4.44, 3.5, 3.32, 3.1, 4.6, 4.61, 4.58, 4.55, 4.56, 4.59, 3.96, 3.96, 3.96, 3.96, 3.96, 3.95, 3.95, 3.94, 3.92, 4.27, 3.75, 3.56, 3.37, 3.17, 4.54, 4.57, 4.58, 4.58, 4.59, 4.61, 3.96, 3.96, 3.96, 3.96, 3.95, 3.95, 3.94, 3.93, 3.57, 3.65, 3.69, 3.55, 3.38, 3.21, 4.5, 4.55, 4.57, 4.58, 4.6, 4.61, 3.96, 3.96, 3.96, 3.95, 3.95, 3.95, 3.94, 3.93, 3.52, 3.56, 3.55, 3.47, 3.35, 3.22, 4.49, 4.53, 4.56, 4.58, 4.6, 4.61, 3.96, 3.96, 3.96, 3.95, 3.95, 3.94, 3.94, 3.44, 3.47, 3.47, 3.46, 3.4, 3.31, 3.21, 4.48, 4.52, 4.55, 4.58, 4.59, 4.61]}, {"header": {"refTime": "2023-09-01T19:00:00.000Z", "nx": 21, "ny": 33, "lo1": 113.509, "la1": 22.2235, "lo2": 113.5947, "la2": 22.1034, "dx": 0.0042850000000001385, "dy": 0.003753125000000024, "parameterCategory": 2, "parameterCategoryName": "Temperature", "parameterNumber": 3}, "data": [-4.96, -4.91, -4.84, -4.49, -4.44, -3.07, -3.06, -3.05, -3.0, -3.09, -2.97, -2.85, -3.05, -3.05, -4.78, -5.17, -6.54, -6.82, -7.03, -7.18, -4.99, -4.94, -4.88, -4.79, -4.44, -4.35, -3.12, -3.12, -3.11, -3.12, -2.95, -2.76, -2.92, -2.93, -4.71, -6.21, -6.65, -7.0, -7.24, -7.38, -5.04, -4.99, -4.93, -4.84, -4.47, -4.38, -4.22, -3.19, -3.3, -3.16, -2.9, -2.6, -2.69, -2.74, -5.56, -6.27, -6.86, -7.29, -7.54, -7.65, -5.1, -5.06, -5.0, -4.92, -4.81, -4.45, -4.33, -4.12, -3.94, -3.16, -2.82, -2.31, -2.24, -2.98, -5.43, -6.45, -7.24, -7.74, -7.96, -7.99, -5.16, -5.14, -5.1, -5.03, -4.94, -4.56, -4.51, -4.45, -4.44, -3.24, -2.85, -2.73, -1.39, -2.71, -5.52, -6.87, -7.9, -8.45, -8.54, -8.4, -5.24, -5.23, -5.21, -5.17, -5.1, -5.01, -4.69, -4.72, -4.79, -4.9, -4.31, -3.47, -2.49, -4.25, -6.0, -7.55, -8.96, -9.55, -9.26, -8.83, -6.54, -5.33, -5.34, -5.32, -5.28, -5.21, -5.72, -4.89, -4.98, -5.82, -6.03, -4.89, -5.73, -5.72, -6.66, -8.27, -10.37, -11.16, -10.52, -9.91, -6.58, -6.57, -6.55, -7.51, -7.41, -5.96, -5.76, -5.44, -5.2, -5.79, -5.97, -7.51, -7.82, -6.95, -10.22, -10.9, -11.72, -12.02, -11.58, -11.28, -6.62, -6.62, -6.61, -6.61, -7.49, -7.4, -7.24, -5.66, -6.37, -5.82, -7.55, -8.29, -9.32, -8.83, -10.24, -10.72, -11.21, -11.42, -11.33, -11.16, -8.47, -8.42, -8.35, -6.7, -6.73, -7.48, -7.62, -7.74, -7.44, -7.29, -8.09, -8.82, -9.72, -9.05, -10.28, -10.57, -10.87, -11.04, -11.07, -11.01, -8.47, -8.42, -8.34, -8.2, -7.93, -7.1, -8.33, -9.24, -8.94, -8.24, -9.72, -8.65, -8.93, -8.84, -10.29, -10.48, -10.68, -10.81, -10.87, -10.87, -8.48, -8.43, -8.36, -8.26, -8.12, -8.07, -8.65, -9.91, -10.53, -10.62, -10.01, -10.14, -10.05, -8.63, -10.29, -10.43, -10.56, -10.85, -10.87, -10.87, -8.5, -8.46, -8.41, -8.35, -8.31, -8.32, -8.48, -9.55, -10.2, -9.73, -10.43, -10.22, -10.1, -8.93, -8.87, -10.47, -10.52, -10.58, -10.63, -10.66, -8.52, -8.49, -8.46, -8.43, -8.39, -8.31, -7.93, -8.84, -9.38, -9.43, -10.29, -10.35, -10.15, -9.99, -8.7, -10.13, -10.2, -10.3, -10.38, -10.45, -8.54, -8.53, -8.51, -8.49, -8.47, -8.44, -8.46, -9.31, -9.68, -9.85, -9.9, -9.81, -9.87, -9.66, -9.52, -9.74, -9.87, -10.01, -10.15, -10.25, -8.57, -8.56, -8.09, -8.1, -8.11, -9.31, -9.34, -9.49, -9.66, -9.78, -9.87, -9.62, -9.32, -8.93, -8.82, -8.58, -8.66, -8.74, -9.25, -9.35, -8.16, -8.17, -8.19, -8.23, -9.49, -9.49, -9.55, -9.64, -9.73, -9.79, -9.74, -9.47, -9.11, -8.7, -8.14, -7.95, -8.0, -8.04, -8.07, -8.09, -8.22, -8.25, -8.29, -8.35, -9.58, -9.61, -9.68, -9.78, -9.84, -9.09, -8.83, -9.39, -8.99, -8.16, -7.85, -7.93, -8.0, -8.05, -8.08, -8.1, -8.28, -8.32, -8.37, -9.63, -9.65, -9.69, -9.77, -9.88, -9.79, -9.3, -8.1, -7.77, -8.53, -8.27, -7.92, -7.97, -8.04, -8.08, -8.1, -8.12, -8.33, -8.37, -7.36, -7.46, -7.6, -7.82, -8.17, -8.72, -9.04, -8.44, -7.9, -7.6, -8.61, -8.43, -8.02, -8.05, -8.09, -8.12, -8.13, -8.14, -7.16, -7.19, -7.24, -7.3, -7.4, -7.54, -7.75, -7.98, -8.05, -7.79, -7.48, -7.3, -8.67, -8.08, -8.09, -8.12, -8.15, -8.16, -8.17, -8.17, -7.07, -7.08, -7.09, -7.12, -7.14, -7.18, -7.21, -6.84, -7.16, -7.01, -6.9, -6.88, -6.49, -8.13, -8.15, -8.18, -8.21, -8.21, -8.2, -8.19, -6.97, -6.96, -6.94, -6.37, -6.36, -6.32, -6.24, -6.09, -5.88, -5.73, -5.72, -6.56, -6.39, -8.16, -8.19, -8.24, -8.28, -8.26, -8.22, -8.2, -6.25, -6.24, -6.21, -6.17, -6.1, -5.98, -5.77, -5.46, -5.06, -4.86, -5.07, -5.03, -6.27, -6.84, -7.34, -8.26, -8.37, -8.26, -8.23, -8.21, -6.16, -6.13, -6.08, -6.0, -5.89, -5.72, -5.46, -5.04, -4.38, -3.84, -4.56, -4.9, -5.41, -6.77, -7.28, -7.7, -8.24, -8.2, -8.21, -8.21, -6.08, -6.03, -5.97, -5.88, -5.75, -5.57, -5.3, -4.92, -4.34, -3.89, -4.37, -4.92, -5.36, -6.68, -7.15, -7.86, -7.97, -8.0, -8.21, -8.2, -6.02, -5.96, -5.89, -5.79, -5.66, -5.5, -5.29, -5.03, -4.77, -4.68, -4.75, -5.06, -5.37, -7.29, -7.52, -7.7, -7.82, -7.86, -7.86, -7.83, -5.96, -5.9, -5.83, -5.74, -5.62, -5.49, -5.34, -5.19, -5.1, -4.98, -5.12, -5.18, -5.34, -5.57, -7.37, -7.55, -7.67, -7.73, -7.75, -7.75, -5.92, -5.86, -5.79, -5.71, -5.61, -5.51, -5.4, -5.31, -5.29, -5.26, -5.39, -5.31, -5.38, -5.54, -7.23, -7.42, -7.54, -7.62, -7.66, -7.67, -5.89, -5.84, -5.77, -5.7, -5.62, -5.53, -5.46, -5.4, -5.16, -5.29, -5.37, -5.36, -5.41, -5.53, -7.13, -7.31, -7.44, -7.52, -7.57, -7.6, -5.87, -5.82, -5.76, -5.7, -5.63, -5.56, -5.5, -5.46, -5.21, -5.28, -5.33, -5.37, -5.43, -5.53, -7.08, -7.24, -7.36, -7.44, -7.5, -7.53, -5.86, -5.81, -5.76, -5.71, -5.65, -5.6, -5.55, -5.2, -5.24, -5.29, -5.34, -5.38, -5.45, -5.53, -7.06, -7.19, -7.3, -7.38, -7.44, -7.48]}, {"header": {"refTime": "2023-09-01T19:00:00.000Z", "nx": 21, "ny": 33, "lo1": 113.509, "la1": 22.2235, "lo2": 113.5947, "la2": 22.1034, "dx": 0.0042850000000001385, "dy": 0.003753125000000024, "parameterCategory": 0, "parameterCategoryName": "Temperature", "parameterNumber": 0}, "data": [[26.11, 26.1, 26.09, 25.83, 25.83, 26.16, 26.14, 26.13, 26.14, 26.08, 26.12, 26.17, 26.42, 26.44, 26.48, 26.49, 26.62, 26.62, 26.61, 26.6], [26.12, 26.11, 26.1, 26.08, 25.83, 25.84, 26.12, 26.09, 26.07, 26.05, 26.12, 26.2, 26.45, 26.48, 26.51, 26.64, 26.62, 26.61, 26.6, 26.6], [26.12, 26.12, 26.11, 26.09, 25.83, 25.84, 25.85, 26.05, 25.94, 26.03, 26.14, 26.25, 26.51, 26.53, 26.66, 26.64, 26.62, 26.61, 26.6, 26.59], [26.13, 26.13, 26.12, 26.1, 26.09, 25.84, 25.84, 25.85, 25.86, 26.05, 26.18, 26.34, 26.61, 26.51, 26.66, 26.63, 26.61, 26.6, 26.59, 26.59], [26.14, 26.14, 26.13, 26.12, 26.1, 25.83, 25.84, 25.84, 25.83, 26.07, 26.19, 26.53, 26.74, 26.56, 26.66, 26.62, 26.59, 26.58, 26.58, 26.58], [26.16, 26.15, 26.15, 26.14, 26.13, 26.11, 25.84, 25.84, 25.82, 25.78, 26.23, 26.42, 26.6, 26.73, 26.64, 26.6, 26.57, 26.56, 26.56, 26.57], [26.28, 26.17, 26.17, 26.17, 26.15, 26.13, 26.0, 25.86, 25.85, 25.85, 25.83, 26.24, 26.62, 26.64, 26.6, 26.58, 26.54, 26.53, 26.57, 26.6], [26.29, 26.29, 26.29, 26.29, 26.28, 26.08, 26.03, 25.98, 25.97, 25.81, 25.65, 26.12, 26.13, 26.65, 26.46, 26.45, 26.47, 26.48, 26.47, 26.46], [26.21, 26.22, 26.31, 26.32, 26.32, 26.3, 26.24, 26.01, 25.84, 25.87, 25.85, 25.98, 26.04, 25.96, 26.46, 26.45, 26.46, 26.47, 26.46, 26.46], [26.5, 26.5, 26.5, 26.27, 26.3, 26.39, 26.33, 26.24, 25.72, 25.74, 26.05, 25.9, 25.94, 25.92, 26.46, 26.44, 26.45, 26.46, 26.46, 26.45], [26.5, 26.5, 26.5, 26.5, 26.5, 26.5, 26.5, 26.5, 26.32, 25.83, 25.5, 25.84, 25.88, 25.89, 26.46, 26.44, 26.45, 26.45, 26.45, 26.45], [26.5, 26.5, 26.5, 26.5, 26.5, 26.5, 26.5, 26.5, 26.5, -999.0, 25.5, 26.4, 26.4, 25.86, 26.46, 26.44, 26.44, 25.59, 25.61, 25.62], [26.5, 26.5, 26.5, 26.5, 26.5, 26.5, 26.5, 26.5, 26.5, 26.5, -999.0, 26.4, 26.4, 25.42, 25.85, 25.92, 25.93, 25.73, 25.76, 25.78], [26.5, 26.5, 26.5, 26.5, 26.5, 26.5, 26.5, 26.5, 26.5, 26.5, -999.0, 24.9, 24.9, 24.9, 25.72, 25.78, 25.81, 25.61, 25.65, 25.68], [26.5, 26.5, 26.5, 26.5, 26.5, 26.5, 26.5, 26.4, 26.4, 26.4, 26.4, 25.82, 24.9, 24.9, 24.9, 25.63, 25.68, 25.5, 25.55, 25.6], [26.5, 26.5, 26.44, 26.44, 26.43, 26.4, 26.4, 26.4, 26.4, 26.4, 25.46, 25.56, 25.42, 25.3, 25.43, 25.45, 25.53, 25.39, 25.72, 25.78], [26.44, 26.44, 26.46, 26.46, 26.4, 26.4, 26.4, 26.4, 26.4, 26.4, 25.75, 25.57, 25.37, 25.19, 25.25, 25.13, 25.22, 25.28, 25.32, 25.35], [26.46, 26.46, 26.46, 26.46, 26.4, 26.4, 26.4, 26.4, 26.4, 26.02, 25.82, 25.59, 25.36, 25.26, 24.95, 25.11, 25.23, 25.3, 25.35, 25.37], [26.46, 26.46, 26.46, 26.4, 26.4, 26.4, 26.4, 26.4, 26.27, 26.11, 26.0, 25.82, 25.58, 25.38, 25.09, 25.18, 25.28, 25.34, 25.38, 25.4], [26.46, 26.46, 26.51, 26.51, 26.5, 26.49, 26.47, 26.43, 26.28, 26.18, 26.04, 25.88, 25.68, 25.57, 25.25, 25.3, 25.37, 25.41, 25.43, 25.44], [26.52, 26.52, 26.52, 26.48, 26.48, 26.47, 26.47, 26.46, 26.21, 26.16, 26.07, 25.95, 25.78, 25.35, 25.38, 25.43, 25.47, 25.49, 25.48, 25.47], [26.49, 26.49, 26.49, 26.49, 26.49, 26.49, 26.48, 26.52, 26.21, 26.18, 26.11, 26.02, 25.93, 25.43, 25.48, 25.54, 25.59, 25.58, 25.53, 25.5], [26.5, 26.5, 26.5, 26.55, 26.55, 26.55, 26.55, 26.55, 26.55, 26.56, 26.56, 26.49, 26.03, 25.48, 25.55, 25.65, 25.75, 25.66, 25.56, 25.51], [26.56, 26.56, 26.56, 26.56, 26.56, 26.56, 26.56, 26.57, 26.57, 26.58, 26.58, 26.58, 26.05, 25.95, 25.88, 25.68, 26.04, 25.59, 25.52, 25.5], [26.56, 26.56, 26.56, 26.57, 26.57, 26.57, 26.58, 26.58, 26.59, 26.6, 26.59, 26.58, 26.57, 25.95, 25.86, 25.78, 25.49, 25.31, 25.46, 25.48], [26.57, 26.57, 26.57, 26.57, 26.58, 26.58, 26.59, 26.59, 26.6, 26.6, 26.6, 26.59, 26.58, 25.95, 25.86, 25.78, 25.66, 25.6, 25.46, 25.47], [26.57, 26.57, 26.58, 26.58, 26.58, 26.59, 26.59, 26.6, 26.61, 26.61, 26.61, 26.61, 26.59, 26.02, 25.92, 25.83, 25.75, 25.72, 25.73, 25.75], [26.57, 26.58, 26.58, 26.58, 26.59, 26.59, 26.6, 26.61, 26.62, 26.64, 26.64, 26.41, 26.28, 26.14, 25.98, 25.89, 25.83, 25.79, 25.79, 25.8], [26.58, 26.58, 26.58, 26.59, 26.59, 26.6, 26.61, 26.62, 26.63, 26.66, 26.62, 26.47, 26.33, 26.19, 26.03, 25.95, 25.89, 25.85, 25.84, 25.84], [26.58, 26.58, 26.59, 26.59, 26.6, 26.6, 26.61, 26.62, 26.46, 26.53, 26.57, 26.46, 26.34, 26.22, 26.07, 25.99, 25.94, 25.9, 25.88, 25.87], [26.58, 26.59, 26.59, 26.59, 26.6, 26.61, 26.61, 26.62, 26.43, 26.46, 26.46, 26.41, 26.32, 26.23, 26.09, 26.02, 25.97, 25.94, 25.92, 25.9], [26.58, 26.59, 26.59, 26.59, 26.6, 26.61, 26.61, 26.37, 26.39, 26.4, 26.39, 26.35, 26.29, 26.22, 26.1, 26.04, 26.0, 25.97, 25.94, 25.93]]}]