gis_exercise/awsData/contour/wdir_2023090515.json
[{"header": {"refTime": "2023-09-05T15:00:00.000Z", "nx": 21, "ny": 33, "lo1": 113.509, "la1": 22.2235, "lo2": 113.5947, "la2": 22.1034, "dx": 0.0042850000000001385, "dy": 0.003753125000000024, "parameterCategory": 2, "parameterCategoryName": "Temperature", "parameterNumber": 2}, "data": [-0.49, -0.5, -0.52, -0.35, -0.39, -0.19, -0.25, -0.31, -0.31, -0.12, 0.04, 0.2, -0.24, -0.2, -0.73, -0.87, -1.22, -1.33, -1.42, -1.48, -0.48, -0.49, -0.51, -0.54, -0.39, -0.44, -0.32, -0.44, -0.51, -0.26, 0.03, 0.26, -0.14, -0.11, -0.67, -1.08, -1.26, -1.4, -1.5, -1.56, -0.47, -0.48, -0.5, -0.52, -0.37, -0.43, -0.52, -0.55, -0.93, -0.37, 0.08, 0.38, 0.03, 0.03, -0.81, -1.1, -1.34, -1.51, -1.61, -1.66, -0.46, -0.46, -0.47, -0.49, -0.52, -0.38, -0.45, -0.58, -0.7, -0.18, 0.24, 0.6, 0.35, 0.52, -0.75, -1.17, -1.49, -1.69, -1.78, -1.8, -0.44, -0.44, -0.45, -0.46, -0.47, -0.31, -0.34, -0.38, -0.39, 0.11, 0.43, 0.64, 1.1, 0.61, -0.79, -1.34, -1.75, -1.97, -2.01, -1.96, -0.42, -0.42, -0.42, -0.42, -0.42, -0.42, -0.22, -0.2, -0.17, -0.11, 0.19, 0.37, 0.68, -0.36, -1.0, -1.62, -2.17, -2.4, -2.29, -2.12, -0.19, -0.4, -0.4, -0.39, -0.38, -0.36, 0.05, -0.09, -0.03, -0.15, -0.22, -0.19, -1.09, -1.07, -1.3, -1.91, -2.72, -3.02, -2.78, -2.55, -0.19, -0.19, -0.19, -1.28, -1.23, 0.0, 0.03, 0.05, -0.06, -0.07, 0.16, -1.55, -1.87, -1.64, -2.94, -3.12, -3.34, -3.42, -3.3, -3.22, -0.2, -0.2, -0.2, -0.2, -1.2, -1.17, -1.17, 0.04, -0.69, -0.2, -1.18, -1.88, -2.51, -2.21, -2.96, -3.08, -3.21, -3.26, -3.24, -3.19, -1.49, -1.45, -1.39, -0.21, -0.22, -1.03, -1.3, -1.57, -1.44, -1.24, -1.6, -2.12, -2.66, -2.3, -2.98, -3.05, -3.12, -3.17, -3.17, -3.15, -1.48, -1.43, -1.36, -1.25, -1.03, -0.34, -1.41, -2.27, -2.53, -2.0, -2.68, -2.0, -2.19, -2.15, -2.99, -3.03, -3.07, -3.11, -3.12, -3.12, -1.48, -1.43, -1.37, -1.29, -1.16, -1.13, -1.66, -2.92, -3.56, -3.44, -2.97, -3.38, -3.28, -2.01, -2.98, -3.01, -3.04, -2.98, -2.98, -2.97, -1.49, -1.45, -1.4, -1.34, -1.28, -1.25, -1.35, -2.5, -3.19, -2.72, -3.17, -3.48, -3.36, -2.4, -2.36, -2.84, -2.85, -2.86, -2.87, -2.88, -1.5, -1.47, -1.43, -1.39, -1.33, -1.17, -0.65, -1.72, -2.33, -2.39, -3.03, -3.37, -3.2, -3.06, -2.24, -2.68, -2.7, -2.73, -2.77, -2.79, -1.52, -1.5, -1.47, -1.44, -1.39, -1.31, -1.31, -1.25, -1.46, -1.49, -1.43, -1.73, -3.01, -2.84, -2.74, -2.49, -2.54, -2.6, -2.66, -2.71, -1.54, -1.53, 0.28, 0.27, 0.26, -0.89, -0.88, -0.91, -0.95, -0.99, -1.4, -1.44, -1.47, -1.23, -1.31, -2.26, -2.36, -2.45, -2.59, -2.67, 0.34, 0.34, 0.35, 0.37, -0.76, -0.67, -0.54, -0.41, -0.36, -0.45, -0.98, -1.18, -1.33, -1.43, -1.36, -1.98, -2.14, -2.26, -2.34, -2.4, 0.38, 0.4, 0.42, 0.47, -0.58, -0.41, -0.14, 0.23, 0.4, 0.67, 0.31, -0.97, -1.22, -1.31, -1.52, -1.93, -2.15, -2.29, -2.38, -2.44, 0.42, 0.45, 0.49, -0.59, -0.43, -0.2, 0.17, 0.8, 1.49, 0.9, 0.2, -0.23, -0.99, -1.28, -1.9, -2.06, -2.25, -2.37, -2.45, -2.5, 0.46, 0.49, 0.21, 0.27, 0.36, 0.49, 0.7, 1.02, 1.08, 0.62, 0.15, -0.22, -0.98, -1.26, -2.19, -2.29, -2.4, -2.49, -2.54, -2.56, 0.12, 0.14, 0.18, 0.22, 0.29, 0.38, 0.51, 0.65, 0.48, 0.27, -0.02, -0.27, -1.04, -2.38, -2.42, -2.5, -2.58, -2.63, -2.64, -2.63, 0.09, 0.11, 0.13, 0.15, 0.19, 0.23, 0.27, 0.0, 0.03, -0.1, -0.24, -0.38, -2.11, -2.52, -2.59, -2.69, -2.76, -2.77, -2.73, -2.7, 0.06, 0.06, 0.07, -0.34, -0.32, -0.32, -0.33, -0.38, -0.46, -0.54, -0.57, -1.03, -2.44, -2.62, -2.71, -2.84, -2.95, -2.9, -2.81, -2.75, -0.45, -0.44, -0.45, -0.46, -0.47, -0.51, -0.58, -0.69, -0.83, -0.91, -0.87, -2.04, -2.4, -2.58, -2.74, -2.9, -3.2, -2.91, -2.82, -2.77, -0.51, -0.52, -0.54, -0.56, -0.6, -0.67, -0.76, -0.9, -1.1, -1.26, -1.09, -1.99, -2.17, -2.55, -2.71, -2.83, -2.86, -2.76, -2.79, -2.77, -0.56, -0.58, -0.61, -0.65, -0.71, -0.78, -0.88, -1.02, -1.18, -1.29, -1.79, -1.97, -2.13, -2.52, -2.66, -2.82, -2.83, -2.82, -2.78, -2.76, -0.61, -0.64, -0.68, -0.73, -0.79, -0.87, -0.97, -1.08, -1.19, -1.25, -1.88, -1.98, -2.11, -2.61, -2.69, -2.76, -2.79, -2.79, -2.8, -2.79, -0.66, -0.69, -0.73, -0.78, -0.85, -0.93, -1.03, -1.14, -1.26, -1.89, -1.93, -1.86, -1.9, -1.96, -2.63, -2.7, -2.74, -2.76, -2.76, -2.77, -0.69, -0.73, -0.77, -0.83, -0.89, -0.97, -1.07, -1.19, -1.33, -1.92, -1.88, -1.88, -1.91, -1.95, -2.58, -2.65, -2.69, -2.72, -2.73, -2.74, -0.72, -0.76, -0.81, -0.86, -0.92, -1.0, -1.09, -1.2, -1.85, -1.87, -1.88, -1.89, -1.91, -1.95, -2.54, -2.61, -2.65, -2.68, -2.7, -2.71, -0.75, -0.78, -0.83, -0.88, -0.94, -1.01, -1.09, -1.19, -1.86, -1.88, -1.89, -1.9, -1.92, -1.94, -2.52, -2.58, -2.62, -2.66, -2.68, -2.69, -0.76, -0.8, -0.84, -0.89, -0.95, -1.01, -1.08, -1.87, -1.87, -1.88, -1.89, -1.91, -1.92, -1.94, -2.51, -2.56, -2.6, -2.63, -2.66, -2.67]}, {"header": {"refTime": "2023-09-05T15:00:00.000Z", "nx": 21, "ny": 33, "lo1": 113.509, "la1": 22.2235, "lo2": 113.5947, "la2": 22.1034, "dx": 0.0042850000000001385, "dy": 0.003753125000000024, "parameterCategory": 2, "parameterCategoryName": "Temperature", "parameterNumber": 3}, "data": [-2.05, -2.04, -2.02, -1.89, -1.88, -1.49, -1.48, -1.46, -1.44, -1.25, -1.18, -1.1, -1.35, -1.34, -2.19, -2.37, -2.9, -3.03, -3.13, -3.19, -2.05, -2.05, -2.03, -2.01, -1.88, -1.85, -1.5, -1.49, -1.48, -1.3, -1.18, -1.07, -1.29, -1.28, -2.16, -2.76, -2.96, -3.12, -3.23, -3.29, -2.06, -2.06, -2.04, -2.03, -1.89, -1.87, -1.82, -1.52, -1.55, -1.34, -1.15, -0.99, -1.18, -1.2, -2.46, -2.78, -3.06, -3.25, -3.36, -3.41, -2.08, -2.07, -2.06, -2.05, -2.03, -1.9, -1.86, -1.79, -1.73, -1.28, -1.09, -0.87, -0.98, -1.11, -2.41, -2.87, -3.23, -3.46, -3.56, -3.57, -2.09, -2.09, -2.08, -2.08, -2.07, -1.94, -1.93, -1.9, -1.88, -1.22, -1.04, -1.01, -0.54, -1.02, -2.45, -3.06, -3.53, -3.79, -3.83, -3.76, -2.1, -2.1, -2.1, -2.1, -2.1, -2.11, -2.0, -2.02, -2.0, -1.95, -1.53, -1.28, -0.95, -1.8, -2.66, -3.37, -4.02, -4.3, -4.16, -3.96, -2.08, -2.12, -2.12, -2.13, -2.14, -2.16, -2.23, -2.15, -2.15, -2.24, -2.2, -1.81, -2.42, -2.42, -2.94, -3.7, -4.68, -5.05, -4.73, -4.44, -2.07, -2.08, -2.09, -2.27, -2.28, -2.21, -2.24, -2.32, -2.44, -2.19, -1.94, -2.97, -3.18, -2.93, -4.44, -4.8, -5.24, -5.4, -5.17, -5.01, -2.06, -2.07, -2.08, -2.1, -2.26, -2.27, -2.3, -2.26, -2.23, -2.28, -2.84, -3.32, -3.85, -3.6, -4.43, -4.7, -4.96, -5.08, -5.03, -4.94, -1.95, -1.95, -1.97, -2.08, -2.1, -2.23, -2.25, -2.28, -2.16, -2.11, -3.15, -3.56, -4.02, -3.69, -4.44, -4.61, -4.78, -4.87, -4.89, -4.86, -1.94, -1.95, -1.96, -1.98, -2.03, -2.17, -2.02, -1.99, -2.23, -2.12, -2.96, -3.46, -3.62, -3.57, -4.45, -4.56, -4.67, -4.75, -4.78, -4.78, -1.93, -1.93, -1.94, -1.95, -1.97, -1.99, -1.95, -1.99, -2.03, -2.51, -2.86, -3.41, -3.54, -3.46, -4.45, -4.53, -4.61, -4.95, -4.97, -4.97, -1.92, -1.92, -1.92, -1.91, -1.89, -1.83, -1.77, -1.9, -1.98, -1.96, -2.68, -3.28, -3.4, -3.98, -3.97, -4.79, -4.82, -4.85, -4.88, -4.89, -1.91, -1.91, -1.9, -1.88, -1.84, -1.75, -1.57, -1.79, -1.89, -1.92, -2.59, -3.51, -3.65, -3.73, -3.97, -4.69, -4.72, -4.76, -4.8, -4.82, -1.9, -1.9, -1.89, -1.87, -1.83, -1.78, -1.75, -1.3, -1.26, -1.21, -1.16, -2.05, -3.65, -3.73, -3.78, -4.58, -4.62, -4.67, -4.72, -4.76, -1.9, -1.89, -1.17, -1.16, -1.15, -1.12, -1.11, -1.06, -1.01, -0.98, -1.77, -2.06, -2.38, -3.21, -3.34, -4.0, -3.99, -3.97, -4.25, -4.27, -1.11, -1.1, -1.08, -1.05, -0.99, -0.94, -0.86, -0.75, -0.69, -0.71, -1.63, -2.04, -2.51, -3.0, -3.39, -3.75, -3.66, -3.59, -3.54, -3.5, -1.06, -1.04, -1.0, -0.95, -0.86, -0.76, -0.6, -0.38, -0.27, -0.83, -1.32, -1.98, -2.56, -3.34, -3.93, -3.78, -3.65, -3.57, -3.51, -3.48, -1.01, -0.98, -0.93, -0.84, -0.76, -0.63, -0.41, -0.05, 0.16, -0.56, -1.48, -2.07, -2.64, -3.14, -3.8, -3.71, -3.6, -3.52, -3.48, -3.45, -0.97, -0.93, -1.14, -1.08, -0.99, -0.85, -0.63, -0.3, -0.35, -0.92, -1.53, -2.03, -2.5, -2.86, -3.63, -3.58, -3.51, -3.46, -3.43, -3.41, -1.24, -1.22, -1.18, -1.14, -1.07, -0.97, -0.84, -0.7, -1.06, -1.34, -1.71, -2.06, -2.4, -3.53, -3.5, -3.46, -3.41, -3.38, -3.37, -3.36, -1.28, -1.26, -1.24, -1.22, -1.19, -1.15, -1.11, -0.83, -1.59, -1.75, -1.95, -2.14, -3.45, -3.44, -3.41, -3.36, -3.32, -3.31, -3.31, -3.32, -1.32, -1.31, -1.31, -0.92, -0.95, -0.99, -1.06, -1.17, -1.29, -1.37, -1.33, -2.07, -3.12, -3.38, -3.34, -3.29, -3.25, -3.24, -3.26, -3.29, -0.9, -0.92, -0.95, -0.99, -1.04, -1.13, -1.26, -1.47, -1.73, -1.85, -1.67, -2.32, -3.12, -3.12, -3.13, -3.24, -3.2, -3.18, -3.22, -3.26, -0.93, -0.95, -0.99, -1.03, -1.1, -1.21, -1.38, -1.66, -2.14, -2.54, -1.96, -2.26, -2.21, -3.12, -3.13, -3.13, -3.17, -3.15, -3.21, -3.25, -0.94, -0.97, -1.01, -1.06, -1.13, -1.23, -1.39, -1.65, -2.09, -2.44, -2.3, -2.09, -2.06, -3.12, -3.12, -2.64, -2.78, -2.82, -3.22, -3.25, -0.95, -0.98, -1.01, -1.06, -1.12, -1.2, -1.31, -1.45, -1.6, -1.61, -1.83, -1.76, -1.84, -1.98, -2.25, -2.46, -2.6, -2.66, -2.65, -2.61, -0.96, -0.98, -1.01, -1.04, -1.08, -1.13, -1.18, -1.2, -1.15, -1.33, -1.16, -1.31, -1.55, -1.76, -2.07, -2.29, -2.43, -2.5, -2.53, -2.52, -0.95, -0.97, -0.99, -1.02, -1.04, -1.06, -1.05, -1.0, -0.84, -0.76, -0.3, -0.93, -1.34, -1.62, -1.92, -2.13, -2.28, -2.37, -2.41, -2.43, -0.95, -0.96, -0.98, -0.99, -1.0, -0.99, -0.96, -0.88, -1.14, -0.74, -0.5, -0.89, -1.27, -1.54, -1.8, -2.01, -2.15, -2.25, -2.31, -2.34, -0.94, -0.95, -0.96, -0.96, -0.96, -0.95, -0.91, -0.84, -1.19, -1.0, -0.93, -1.08, -1.31, -1.52, -1.74, -1.92, -2.06, -2.16, -2.23, -2.27, -0.93, -0.94, -0.94, -0.94, -0.93, -0.92, -0.88, -1.41, -1.3, -1.2, -1.17, -1.25, -1.39, -1.54, -1.71, -1.87, -1.99, -2.09, -2.16, -2.2]}, {"header": {"refTime": "2023-09-05T15:00:00.000Z", "nx": 21, "ny": 33, "lo1": 113.509, "la1": 22.2235, "lo2": 113.5947, "la2": 22.1034, "dx": 0.0042850000000001385, "dy": 0.003753125000000024, "parameterCategory": 0, "parameterCategoryName": "Temperature", "parameterNumber": 0}, "data": [[32.5, 32.49, 32.47, 32.12, 32.13, 32.27, 32.27, 32.26, 32.27, 32.22, 32.23, 32.24, 32.25, 32.25, 32.24, 32.22, 32.13, 32.11, 32.1, 32.1], [32.51, 32.49, 32.48, 32.46, 32.13, 32.13, 32.26, 32.25, 32.25, 32.22, 32.23, 32.25, 32.26, 32.26, 32.25, 32.14, 32.12, 32.11, 32.1, 32.09], [32.52, 32.51, 32.49, 32.47, 32.13, 32.13, 32.14, 32.24, 32.21, 32.21, 32.24, 32.27, 32.28, 32.28, 32.18, 32.14, 32.11, 32.1, 32.08, 32.08], [32.53, 32.52, 32.51, 32.48, 32.46, 32.13, 32.14, 32.15, 32.16, 32.21, 32.24, 32.29, 32.32, 32.24, 32.18, 32.14, 32.1, 32.08, 32.07, 32.06], [32.55, 32.54, 32.53, 32.51, 32.48, 32.12, 32.13, 32.13, 32.13, 32.2, 32.24, 32.27, 32.4, 32.27, 32.18, 32.12, 32.07, 32.05, 32.05, 32.05], [32.57, 32.57, 32.56, 32.54, 32.52, 32.48, 32.12, 32.12, 32.11, 32.08, 32.11, 32.19, 32.29, 32.3, 32.15, 32.08, 32.03, 32.01, 32.02, 32.03], [32.75, 32.6, 32.6, 32.59, 32.56, 32.52, 32.37, 32.13, 32.12, 32.0, 31.96, 32.06, 32.16, 32.19, 32.1, 32.05, 31.98, 31.95, 32.01, 32.05], [32.77, 32.78, 32.78, 32.77, 32.75, 32.51, 32.42, 32.29, 32.15, 32.0, 31.92, 31.9, 31.9, 32.2, 31.9, 31.9, 31.9, 31.9, 31.9, 31.9], [32.63, 32.64, 32.82, 32.83, 32.84, 32.8, 32.68, 32.37, 32.1, 32.01, 31.9, 31.9, 31.9, 31.9, 31.9, 31.9, 31.9, 31.9, 31.9, 31.9], [33.2, 33.2, 33.2, 32.73, 32.8, 32.97, 32.85, 32.68, 32.03, 32.05, 31.9, 31.9, 31.9, 31.9, 31.9, 31.9, 31.9, 31.9, 31.9, 31.9], [33.2, 33.2, 33.2, 33.2, 33.2, 33.2, 33.2, 33.2, 32.85, 32.1, 31.9, 31.9, 31.9, 31.9, 31.9, 31.9, 31.9, 31.9, 31.9, 31.9], [33.2, 33.2, 33.2, 33.2, 33.2, 33.2, 33.2, 33.2, 33.2, -999.0, 31.9, 31.9, 31.9, 31.9, 31.9, 31.9, 31.9, 30.54, 30.57, 30.58], [33.2, 33.2, 33.2, 33.2, 33.2, 33.2, 33.2, 33.2, 33.2, 33.2, -999.0, 31.9, 31.9, 30.33, 31.02, 31.03, 31.04, 30.75, 30.79, 30.82], [33.2, 33.2, 33.2, 33.2, 33.2, 33.2, 33.2, 33.2, 33.2, 33.2, -999.0, 29.5, 29.5, 29.5, 30.82, 30.83, 30.86, 30.56, 30.63, 30.68], [33.2, 33.2, 33.2, 33.2, 33.2, 33.2, 33.2, 31.5, 31.5, 31.5, 31.5, 30.73, 29.5, 29.5, 29.5, 30.6, 30.67, 30.39, 30.48, 30.55], [33.2, 33.2, 32.13, 32.11, 32.08, 31.5, 31.5, 31.5, 31.5, 31.5, 30.24, 30.38, 30.19, 30.03, 30.21, 29.83, 29.88, 29.79, 30.37, 30.43], [32.11, 32.1, 32.6, 32.57, 31.5, 31.5, 31.5, 31.5, 31.5, 31.5, 30.64, 30.39, 30.13, 29.89, 29.84, 29.67, 29.73, 29.77, 29.81, 29.83], [32.59, 32.57, 32.54, 32.5, 31.5, 31.5, 31.5, 31.5, 31.5, 30.99, 30.72, 30.42, 30.11, 29.86, 29.55, 29.65, 29.73, 29.79, 29.82, 29.84], [32.56, 32.53, 32.49, 31.5, 31.5, 31.5, 31.5, 31.5, 31.32, 31.11, 30.92, 30.67, 30.21, 29.97, 29.64, 29.7, 29.77, 29.82, 29.85, 29.86], [32.54, 32.51, 31.5, 31.5, 31.5, 31.5, 31.5, 31.5, 31.31, 31.16, 30.96, 30.75, 30.3, 30.14, 29.75, 29.79, 29.83, 29.87, 29.88, 29.89], [31.5, 31.5, 31.5, 31.5, 31.5, 31.5, 31.5, 31.5, 31.19, 31.11, 30.98, 30.83, 30.37, 29.82, 29.84, 29.87, 29.9, 29.92, 29.92, 29.91], [31.5, 31.5, 31.5, 31.5, 31.5, 31.5, 31.5, 31.62, 31.15, 31.1, 31.02, 30.9, 30.44, 29.88, 29.91, 29.95, 29.98, 29.98, 29.96, 29.94], [31.5, 31.5, 31.5, 31.68, 31.67, 31.66, 31.65, 31.64, 31.63, 31.63, 31.65, 31.21, 30.6, 29.92, 29.96, 30.02, 30.08, 30.03, 29.98, 29.95], [31.7, 31.7, 31.69, 31.69, 31.68, 31.67, 31.66, 31.65, 31.63, 31.62, 31.65, 31.4, 30.63, 30.48, 30.35, 30.04, 30.22, 30.01, 29.97, 29.95], [31.71, 31.71, 31.71, 31.7, 31.7, 31.69, 31.68, 31.66, 31.61, 31.57, 31.64, 31.45, 31.37, 30.49, 30.35, 30.23, 29.97, 29.88, 29.94, 29.94], [31.72, 31.72, 31.72, 31.72, 31.72, 31.71, 31.7, 31.68, 31.63, 31.59, 31.54, 31.51, 31.43, 30.51, 30.37, 30.36, 30.23, 30.18, 29.94, 29.94], [31.73, 31.73, 31.73, 31.73, 31.73, 31.74, 31.74, 31.73, 31.73, 31.74, 31.64, 31.6, 31.51, 30.82, 30.63, 30.48, 30.37, 30.32, 30.33, 30.36], [31.74, 31.74, 31.74, 31.75, 31.75, 31.76, 31.77, 31.79, 31.83, 31.78, 31.81, 31.62, 31.45, 31.26, 30.75, 30.6, 30.49, 30.44, 30.42, 30.43], [31.75, 31.75, 31.75, 31.76, 31.77, 31.79, 31.81, 31.84, 31.9, 31.93, 32.04, 31.76, 31.53, 31.34, 30.85, 30.7, 30.6, 30.54, 30.51, 30.5], [31.75, 31.76, 31.76, 31.77, 31.79, 31.8, 31.83, 31.87, 31.71, 31.86, 31.95, 31.76, 31.56, 31.39, 30.93, 30.79, 30.69, 30.62, 30.58, 30.56], [31.76, 31.77, 31.77, 31.78, 31.8, 31.81, 31.84, 31.87, 31.67, 31.74, 31.76, 31.67, 31.53, 31.4, 30.97, 30.85, 30.75, 30.68, 30.64, 30.61], [31.76, 31.77, 31.78, 31.79, 31.8, 31.82, 31.84, 31.57, 31.61, 31.64, 31.63, 31.58, 31.49, 31.39, 30.99, 30.88, 30.8, 30.73, 30.69, 30.66]]}]