gis_exercise/awsData/contour/wdir_2023090912.json
[{"header": {"refTime": "2023-09-09T12:00:00.000Z", "nx": 21, "ny": 33, "lo1": 113.509, "la1": 22.2235, "lo2": 113.5947, "la2": 22.1034, "dx": 0.0042850000000001385, "dy": 0.003753125000000024, "parameterCategory": 2, "parameterCategoryName": "Temperature", "parameterNumber": 2}, "data": [-2.83, -2.84, -2.85, -3.14, -3.13, -3.39, -3.35, -3.33, -3.33, -3.37, -3.47, -3.56, -3.88, -3.93, -5.33, -5.54, -6.1, -6.21, -6.3, -6.35, -2.83, -2.84, -2.85, -2.86, -3.13, -3.11, -3.32, -3.24, -3.21, -3.3, -3.46, -3.6, -3.93, -3.99, -5.38, -5.99, -6.17, -6.3, -6.4, -6.45, -2.82, -2.83, -2.84, -2.85, -3.14, -3.12, -3.08, -3.18, -2.96, -3.24, -3.49, -3.68, -4.02, -4.06, -5.77, -6.03, -6.27, -6.44, -6.54, -6.58, -2.81, -2.82, -2.83, -2.85, -2.87, -3.14, -3.11, -3.06, -3.01, -3.33, -3.58, -3.82, -4.16, -4.23, -5.74, -6.12, -6.44, -6.65, -6.74, -6.74, -2.8, -2.81, -2.82, -2.84, -2.86, -3.16, -3.15, -3.14, -3.13, -3.47, -3.67, -4.24, -4.39, -4.27, -5.76, -6.29, -6.74, -6.99, -7.01, -6.93, -2.79, -2.79, -2.8, -2.82, -2.85, -2.89, -3.2, -3.21, -3.21, -3.22, -4.0, -4.16, -4.29, -5.12, -5.86, -6.56, -7.23, -7.52, -7.36, -7.14, -4.51, -2.77, -2.77, -2.79, -2.82, -2.87, -3.06, -3.27, -3.28, -3.54, -3.59, -4.05, -5.19, -5.34, -5.99, -6.83, -7.92, -8.32, -8.21, -7.95, -4.52, -4.45, -4.35, -4.06, -4.01, -2.91, -3.03, -3.2, -3.43, -3.51, -3.44, -4.73, -5.0, -5.62, -7.06, -7.63, -8.31, -8.56, -8.19, -7.94, -4.56, -4.47, -4.35, -4.2, -3.88, -3.88, -4.03, -3.08, -4.19, -3.56, -4.76, -5.41, -6.31, -5.88, -7.08, -7.48, -7.88, -8.06, -7.98, -7.84, -5.92, -5.79, -5.59, -4.17, -3.83, -3.5, -3.98, -4.5, -4.96, -4.79, -5.23, -5.87, -6.66, -6.08, -7.11, -7.35, -7.6, -7.74, -7.76, -7.72, -5.97, -5.85, -5.65, -5.3, -4.56, -2.39, -5.09, -6.44, -5.61, -5.53, -6.61, -5.72, -5.97, -5.89, -7.13, -7.28, -7.44, -7.55, -7.6, -7.6, -6.05, -5.97, -5.83, -5.62, -5.27, -5.09, -6.13, -7.22, -7.6, -8.32, -6.84, -6.98, -6.91, -5.71, -7.12, -7.23, -7.35, -7.51, -7.53, -7.52, -6.16, -6.12, -6.08, -6.07, -6.18, -6.69, -7.47, -7.53, -7.6, -7.3, -8.32, -7.04, -6.95, -5.89, -5.82, -7.17, -7.21, -7.26, -7.3, -7.33, -6.26, -6.27, -6.31, -6.42, -6.71, -7.38, -8.51, -7.68, -7.43, -7.26, -8.36, -7.07, -6.89, -6.74, -5.65, -6.86, -6.92, -7.0, -7.08, -7.14, -6.36, -6.4, -6.47, -6.62, -6.89, -7.3, -7.61, -6.87, -6.41, -6.05, -5.79, -4.3, -6.62, -6.43, -6.3, -6.49, -6.61, -6.74, -6.86, -6.96, -6.43, -6.49, -4.04, -4.21, -4.43, -6.14, -6.05, -5.74, -5.38, -5.17, -3.79, -3.93, -4.07, -4.14, -4.28, -5.65, -5.77, -5.89, -6.33, -6.46, -3.72, -3.77, -3.82, -3.86, -5.43, -5.23, -4.85, -4.34, -4.0, -4.05, -3.21, -3.59, -3.93, -4.21, -4.22, -4.79, -4.82, -4.85, -4.86, -4.87, -3.6, -3.6, -3.57, -3.51, -4.84, -4.4, -3.68, -2.7, -2.2, -2.17, -2.87, -3.3, -3.81, -4.14, -4.63, -4.78, -4.83, -4.86, -4.87, -4.88, -3.47, -3.43, -3.35, -4.73, -4.37, -3.79, -2.83, -1.27, 0.21, -1.4, -1.76, -2.51, -3.47, -4.02, -4.78, -4.82, -4.86, -4.89, -4.89, -4.89, -3.36, -3.29, -3.92, -3.71, -3.39, -2.91, -2.19, -1.18, -0.22, -1.03, -1.87, -2.52, -3.4, -3.88, -4.86, -4.88, -4.91, -4.92, -4.92, -4.91, -4.07, -3.97, -3.83, -3.63, -3.36, -2.99, -2.53, -2.05, -1.3, -1.69, -2.19, -2.63, -3.43, -4.9, -4.93, -4.96, -4.98, -4.98, -4.95, -4.92, -4.02, -3.92, -3.79, -3.63, -3.43, -3.2, -2.96, -1.73, -2.15, -2.37, -2.62, -2.85, -5.36, -4.94, -4.99, -5.05, -5.09, -5.04, -4.97, -4.92, -3.99, -3.91, -3.8, -2.12, -2.13, -2.16, -2.24, -2.37, -2.56, -2.69, -2.69, -3.63, -5.02, -4.97, -5.03, -5.15, -5.3, -5.12, -4.94, -4.89, -2.21, -2.22, -2.25, -2.29, -2.35, -2.46, -2.64, -2.91, -3.26, -3.44, -3.25, -4.78, -5.01, -5.03, -5.07, -5.15, -5.8, -4.9, -4.81, -4.83, -2.28, -2.31, -2.36, -2.43, -2.52, -2.67, -2.91, -3.28, -3.86, -4.34, -3.69, -4.69, -4.79, -5.0, -5.01, -4.99, -4.7, -4.3, -4.68, -4.78, -2.35, -2.39, -2.45, -2.53, -2.64, -2.8, -3.03, -3.37, -3.89, -4.29, -4.59, -4.54, -4.64, -4.97, -4.95, -4.55, -4.51, -4.44, -4.7, -4.77, -2.4, -2.45, -2.52, -2.6, -2.71, -2.85, -3.03, -3.26, -3.49, -3.55, -4.26, -4.29, -4.43, -4.14, -4.31, -4.41, -4.44, -4.44, -4.45, -4.46, -2.45, -2.5, -2.56, -2.64, -2.74, -2.85, -2.98, -3.1, -3.17, -3.87, -3.75, -3.47, -3.54, -3.57, -4.18, -4.3, -4.36, -4.39, -4.41, -4.42, -2.48, -2.53, -2.59, -2.66, -2.74, -2.83, -2.91, -2.97, -2.98, -3.42, -2.92, -3.25, -3.43, -3.51, -4.07, -4.2, -4.28, -4.33, -4.36, -4.37, -2.5, -2.55, -2.6, -2.66, -2.73, -2.8, -2.86, -2.89, -3.4, -3.17, -3.02, -3.22, -3.38, -3.47, -3.99, -4.12, -4.21, -4.27, -4.31, -4.33, -2.52, -2.56, -2.61, -2.66, -2.71, -2.77, -2.81, -2.84, -3.41, -3.29, -3.24, -3.3, -3.39, -3.46, -3.95, -4.07, -4.16, -4.22, -4.26, -4.29, -2.53, -2.56, -2.61, -2.65, -2.7, -2.74, -2.77, -3.52, -3.45, -3.39, -3.36, -3.38, -3.43, -3.47, -3.93, -4.04, -4.12, -4.18, -4.22, -4.25]}, {"header": {"refTime": "2023-09-09T12:00:00.000Z", "nx": 21, "ny": 33, "lo1": 113.509, "la1": 22.2235, "lo2": 113.5947, "la2": 22.1034, "dx": 0.0042850000000001385, "dy": 0.003753125000000024, "parameterCategory": 2, "parameterCategoryName": "Temperature", "parameterNumber": 3}, "data": [0.17, 0.18, 0.19, 0.53, 0.52, 0.3, 0.3, 0.3, 0.3, 0.45, 0.46, 0.47, 0.47, 0.48, 0.84, 0.91, 1.19, 1.24, 1.27, 1.29, 0.17, 0.17, 0.18, 0.19, 0.52, 0.5, 0.3, 0.3, 0.3, 0.43, 0.45, 0.46, 0.46, 0.47, 0.84, 1.14, 1.21, 1.27, 1.31, 1.33, 0.16, 0.17, 0.18, 0.19, 0.52, 0.51, 0.48, 0.3, 0.3, 0.41, 0.45, 0.46, 0.45, 0.46, 1.03, 1.15, 1.25, 1.32, 1.36, 1.38, 0.16, 0.16, 0.17, 0.18, 0.19, 0.52, 0.49, 0.46, 0.42, 0.45, 0.47, 0.44, 0.42, 0.61, 1.01, 1.18, 1.31, 1.4, 1.43, 1.44, 0.15, 0.15, 0.16, 0.17, 0.18, 0.53, 0.52, 0.51, 0.52, 0.53, 0.52, 0.58, 0.39, 0.57, 1.02, 1.25, 1.43, 1.52, 1.53, 1.51, 0.14, 0.14, 0.14, 0.15, 0.17, 0.19, 0.54, 0.55, 0.58, 0.65, 0.81, 0.68, 0.54, 0.72, 1.1, 1.36, 1.61, 1.71, 1.66, 1.58, 0.82, 0.12, 0.12, 0.13, 0.14, 0.17, 0.42, 0.53, 0.57, 0.86, 0.97, 0.88, 0.9, 0.9, 1.19, 1.48, 1.86, 2.0, 1.84, 1.72, 0.83, 0.79, 0.75, 0.65, 0.63, 0.33, 0.38, 0.42, 0.49, 0.87, 1.07, 1.18, 1.2, 1.05, 1.61, 1.79, 2.01, 2.09, 1.97, 1.89, 0.84, 0.8, 0.75, 0.68, 0.57, 0.57, 0.64, 0.4, 0.93, 0.85, 1.22, 1.26, 1.35, 1.31, 1.59, 1.73, 1.87, 1.93, 1.9, 1.86, 1.45, 1.39, 1.3, 0.67, 0.52, 0.4, 0.62, 0.85, 1.28, 1.28, 1.26, 1.32, 1.4, 1.34, 1.59, 1.68, 1.77, 1.82, 1.83, 1.82, 1.47, 1.42, 1.33, 1.18, 0.85, -0.1, 1.09, 1.69, 1.35, 1.54, 1.73, 1.3, 1.33, 1.32, 1.59, 1.65, 1.72, 1.76, 1.78, 1.78, 1.5, 1.47, 1.41, 1.31, 1.16, 1.08, 1.54, 2.04, 2.22, 2.36, 1.84, 1.71, 1.64, 1.3, 1.59, 1.64, 1.68, 1.33, 1.34, 1.34, 1.55, 1.53, 1.51, 1.51, 1.55, 1.77, 2.11, 2.17, 2.21, 2.07, 2.3, 1.77, 1.7, 0.85, 0.81, 1.13, 1.15, 1.18, 1.21, 1.22, 1.59, 1.6, 1.61, 1.66, 1.79, 2.07, 2.55, 2.22, 2.12, 2.05, 2.33, 1.36, 1.21, 1.08, 0.65, 0.94, 0.98, 1.03, 1.07, 1.11, 1.64, 1.65, 1.69, 1.75, 1.87, 2.04, 2.17, 2.57, 2.53, 2.51, 2.5, 1.4, 1.03, 0.88, 0.79, 0.73, 0.8, 0.88, 0.95, 1.01, 1.67, 1.69, 1.64, 1.7, 1.79, 2.54, 2.54, 2.51, 2.49, 2.47, 1.51, 1.29, 1.02, 0.58, 0.47, 0.81, 0.99, 1.16, 1.51, 1.63, 1.62, 1.64, 1.69, 1.74, 2.5, 2.49, 2.47, 2.44, 2.43, 2.42, 1.47, 1.2, 0.86, 0.48, 0.45, 0.34, 0.57, 0.75, 0.87, 0.96, 1.65, 1.68, 1.72, 1.76, 2.47, 2.45, 2.41, 2.37, 2.34, 1.79, 1.54, 1.17, 0.78, 0.46, -0.21, 0.26, 0.6, 0.81, 0.94, 1.02, 1.67, 1.7, 1.74, 2.46, 2.45, 2.42, 2.37, 2.3, 2.11, 1.85, 0.96, 0.63, 1.13, 0.73, 0.22, 0.47, 0.75, 0.94, 1.04, 1.1, 1.69, 1.72, 1.64, 1.65, 1.67, 1.7, 1.76, 1.88, 1.65, 1.29, 0.91, 0.62, 1.37, 1.19, 0.68, 0.82, 1.0, 1.12, 1.18, 1.2, 1.55, 1.55, 1.55, 1.55, 1.55, 1.56, 1.59, 1.63, 1.16, 0.99, 0.76, 0.57, 1.62, 0.95, 1.04, 1.17, 1.3, 1.35, 1.33, 1.3, 1.49, 1.48, 1.46, 1.44, 1.42, 1.4, 1.37, 0.87, 0.78, 0.68, 0.57, 0.47, 0.96, 1.18, 1.32, 1.5, 1.63, 1.6, 1.48, 1.38, 1.43, 1.41, 1.38, 0.65, 0.65, 0.64, 0.62, 0.56, 0.48, 0.42, 0.41, 1.44, 1.02, 1.34, 1.52, 1.79, 2.09, 1.85, 1.55, 1.42, 0.59, 0.59, 0.58, 0.56, 0.54, 0.5, 0.42, 0.31, 0.16, 0.09, 0.16, 0.7, 0.95, 1.25, 1.53, 1.88, 2.9, 1.64, 1.44, 1.39, 0.55, 0.54, 0.52, 0.49, 0.45, 0.39, 0.29, 0.14, -0.1, -0.28, -0.04, 0.56, 0.97, 1.17, 1.42, 1.59, 1.37, 0.86, 1.27, 1.34, 0.51, 0.49, 0.47, 0.43, 0.38, 0.31, 0.22, 0.08, -0.13, -0.28, 0.14, 0.5, 0.86, 1.1, 1.29, 1.45, 1.34, 1.23, 1.27, 1.31, 0.48, 0.46, 0.43, 0.39, 0.34, 0.27, 0.19, 0.09, -0.01, -0.05, 0.25, 0.47, 0.76, 1.15, 1.28, 1.34, 1.33, 1.3, 1.32, 1.34, 0.46, 0.43, 0.4, 0.36, 0.31, 0.25, 0.19, 0.12, 0.06, 0.22, 0.26, -0.2, -0.22, -0.24, 1.17, 1.25, 1.28, 1.29, 1.31, 1.32, 0.43, 0.41, 0.38, 0.34, 0.3, 0.25, 0.19, 0.14, 0.09, 0.19, -0.06, -0.14, -0.19, -0.22, 1.08, 1.17, 1.23, 1.26, 1.28, 1.3, 0.42, 0.39, 0.36, 0.33, 0.29, 0.25, 0.2, 0.16, -0.18, -0.12, -0.08, -0.14, -0.18, -0.21, 1.02, 1.12, 1.18, 1.22, 1.25, 1.27, 0.41, 0.38, 0.36, 0.32, 0.29, 0.25, 0.22, 0.18, -0.18, -0.15, -0.14, -0.16, -0.19, -0.21, 0.99, 1.08, 1.14, 1.19, 1.22, 1.24, 0.4, 0.38, 0.35, 0.32, 0.29, 0.26, 0.23, -0.21, -0.19, -0.18, -0.17, -0.18, -0.2, -0.21, 0.98, 1.05, 1.11, 1.16, 1.19, 1.22]}, {"header": {"refTime": "2023-09-09T12:00:00.000Z", "nx": 21, "ny": 33, "lo1": 113.509, "la1": 22.2235, "lo2": 113.5947, "la2": 22.1034, "dx": 0.0042850000000001385, "dy": 0.003753125000000024, "parameterCategory": 0, "parameterCategoryName": "Temperature", "parameterNumber": 0}, "data": [[25.89, 25.88, 25.88, 25.64, 25.65, 25.87, 25.87, 25.86, 25.87, 25.8, 25.82, 25.83, 26.03, 26.04, 26.02, 26.02, 26.1, 26.1, 26.09, 26.09], [25.89, 25.89, 25.88, 25.87, 25.65, 25.66, 25.86, 25.85, 25.85, 25.8, 25.82, 25.84, 26.04, 26.06, 26.03, 26.11, 26.1, 26.09, 26.09, 26.09], [25.9, 25.89, 25.88, 25.88, 25.65, 25.66, 25.68, 25.84, 25.81, 25.8, 25.83, 25.87, 26.07, 26.08, 26.12, 26.11, 26.1, 26.09, 26.09, 26.08], [25.9, 25.9, 25.89, 25.88, 25.87, 25.65, 25.67, 25.69, 25.72, 25.8, 25.83, 25.9, 26.1, 26.0, 26.12, 26.1, 26.09, 26.08, 26.08, 26.08], [25.91, 25.9, 25.9, 25.89, 25.88, 25.64, 25.65, 25.65, 25.65, 25.77, 25.82, 26.0, 26.12, 26.03, 26.12, 26.1, 26.08, 26.07, 26.07, 26.07], [25.92, 25.91, 25.91, 25.9, 25.89, 25.87, 25.63, 25.63, 25.61, 25.57, 25.83, 25.95, 26.05, 26.17, 26.11, 26.09, 26.06, 26.05, 26.06, 26.06], [25.98, 25.93, 25.92, 25.92, 25.91, 25.89, 25.72, 25.62, 25.6, 25.59, 25.58, 25.86, 26.14, 26.15, 26.1, 26.07, 26.04, 26.03, 26.04, 26.05], [25.99, 25.99, 25.99, 25.99, 25.98, 25.8, 25.75, 25.7, 25.68, 25.56, 25.43, 25.85, 25.86, 26.15, 26.04, 26.05, 26.03, 26.02, 26.03, 26.04], [25.91, 25.92, 26.01, 26.02, 26.02, 26.0, 25.94, 25.73, 25.57, 25.62, 25.61, 25.73, 25.78, 25.71, 26.04, 26.05, 26.04, 26.03, 26.04, 26.04], [26.2, 26.2, 26.2, 25.97, 26.0, 26.09, 26.03, 25.94, 25.47, 25.49, 25.79, 25.65, 25.7, 25.67, 26.04, 26.06, 26.05, 26.04, 26.04, 26.05], [26.2, 26.2, 26.2, 26.2, 26.2, 26.2, 26.2, 26.2, 26.02, 25.56, 25.3, 25.6, 25.64, 25.64, 26.04, 26.06, 26.05, 26.05, 26.05, 26.05], [26.2, 26.2, 26.2, 26.2, 26.2, 26.2, 26.2, 26.2, 26.2, -999.0, 25.3, 26.1, 26.1, 25.62, 26.04, 26.06, 26.06, 25.43, 25.45, 25.45], [26.2, 26.2, 26.2, 26.2, 26.2, 26.2, 26.2, 26.2, 26.2, 26.2, -999.0, 26.1, 26.1, 25.38, 25.7, 25.64, 25.64, 25.52, 25.54, 25.55], [26.2, 26.2, 26.2, 26.2, 26.2, 26.2, 26.2, 26.2, 26.2, 26.2, -999.0, 25.0, 25.0, 25.0, 25.6, 25.55, 25.57, 25.44, 25.47, 25.49], [26.2, 26.2, 26.2, 26.2, 26.2, 26.2, 26.2, 26.1, 26.1, 26.1, 26.1, 25.68, 25.0, 25.0, 25.0, 25.46, 25.49, 25.37, 25.41, 25.44], [26.2, 26.2, 26.14, 26.14, 26.13, 26.1, 26.1, 26.1, 26.1, 26.1, 25.41, 25.49, 25.38, 25.29, 25.39, 25.29, 25.34, 25.26, 25.48, 25.51], [26.14, 26.14, 26.16, 26.16, 26.1, 26.1, 26.1, 26.1, 26.1, 26.1, 25.63, 25.49, 25.35, 25.21, 25.22, 25.22, 25.3, 25.36, 25.41, 25.44], [26.16, 26.16, 26.16, 26.16, 26.1, 26.1, 26.1, 26.1, 26.1, 25.82, 25.67, 25.51, 25.34, 25.23, 25.03, 25.2, 25.31, 25.38, 25.43, 25.46], [26.16, 26.16, 26.16, 26.1, 26.1, 26.1, 26.1, 26.1, 26.0, 25.89, 25.78, 25.65, 25.45, 25.3, 25.18, 25.26, 25.36, 25.42, 25.46, 25.49], [26.16, 26.16, 26.1, 26.1, 26.1, 26.1, 26.1, 26.1, 26.0, 25.91, 25.8, 25.69, 25.51, 25.42, 25.33, 25.37, 25.43, 25.48, 25.51, 25.52], [26.1, 26.1, 26.1, 26.1, 26.1, 26.1, 26.1, 26.1, 25.93, 25.88, 25.81, 25.73, 25.56, 25.42, 25.44, 25.48, 25.52, 25.55, 25.56, 25.56], [26.1, 26.1, 26.1, 26.1, 26.1, 26.1, 26.1, 26.12, 25.91, 25.88, 25.83, 25.77, 25.61, 25.49, 25.53, 25.57, 25.6, 25.61, 25.6, 25.59], [26.1, 26.1, 26.1, 26.13, 26.12, 26.12, 26.12, 26.12, 26.12, 26.12, 26.12, 26.02, 25.88, 25.55, 25.59, 25.64, 25.68, 25.67, 25.65, 25.62], [26.13, 26.13, 26.13, 26.13, 26.13, 26.12, 26.12, 26.12, 26.12, 26.12, 26.12, 26.05, 25.89, 25.85, 25.82, 25.67, 25.75, 25.71, 25.67, 25.64], [26.13, 26.13, 26.13, 26.13, 26.13, 26.13, 26.13, 26.12, 26.12, 26.11, 26.12, 26.06, 26.04, 25.86, 25.82, 25.79, 25.7, 25.7, 25.67, 25.64], [26.13, 26.13, 26.13, 26.13, 26.13, 26.13, 26.13, 26.13, 26.12, 26.11, 26.09, 26.07, 26.05, 25.86, 25.83, 25.82, 25.79, 25.78, 25.66, 25.64], [26.13, 26.13, 26.13, 26.13, 26.13, 26.13, 26.13, 26.13, 26.13, 26.13, 26.1, 26.09, 26.07, 25.91, 25.87, 25.84, 25.82, 25.81, 25.81, 25.82], [26.13, 26.13, 26.13, 26.14, 26.14, 26.14, 26.14, 26.14, 26.15, 26.12, 26.13, 26.1, 26.06, 26.02, 25.9, 25.87, 25.84, 25.83, 25.83, 25.83], [26.14, 26.14, 26.14, 26.14, 26.14, 26.14, 26.14, 26.15, 26.16, 26.15, 26.17, 26.12, 26.08, 26.04, 25.92, 25.89, 25.87, 25.85, 25.85, 25.84], [26.14, 26.14, 26.14, 26.14, 26.14, 26.14, 26.15, 26.15, 26.11, 26.14, 26.16, 26.12, 26.08, 26.05, 25.93, 25.9, 25.88, 25.87, 25.86, 25.86], [26.14, 26.14, 26.14, 26.14, 26.14, 26.14, 26.15, 26.15, 26.1, 26.12, 26.12, 26.1, 26.08, 26.05, 25.94, 25.92, 25.9, 25.88, 25.87, 25.87], [26.14, 26.14, 26.14, 26.14, 26.14, 26.15, 26.15, 26.09, 26.09, 26.1, 26.1, 26.09, 26.07, 26.05, 25.95, 25.92, 25.91, 25.89, 25.88, 25.88]]}]