gis_exercise/awsData/contour/wdir_2023091114.json
[{"header": {"refTime": "2023-09-11T14:00:00.000Z", "nx": 21, "ny": 33, "lo1": 113.509, "la1": 22.2235, "lo2": 113.5947, "la2": 22.1034, "dx": 0.0042850000000001385, "dy": 0.003753125000000024, "parameterCategory": 2, "parameterCategoryName": "Temperature", "parameterNumber": 2}, "data": [-2.1, -2.1, -2.11, -2.26, -2.25, -2.28, -2.26, -2.24, -2.24, -2.19, -2.21, -2.22, -2.26, -2.26, -3.67, -3.86, -4.08, -4.19, -4.28, -4.33, -2.1, -2.1, -2.11, -2.11, -2.25, -2.24, -2.25, -2.22, -2.2, -2.17, -2.2, -2.23, -2.27, -2.27, -3.69, -3.96, -4.14, -4.29, -4.38, -4.44, -2.09, -2.1, -2.11, -2.11, -2.26, -2.25, -2.22, -2.2, -2.11, -2.16, -2.21, -2.25, -2.28, -2.29, -3.73, -4.0, -4.25, -4.43, -4.53, -4.57, -2.09, -2.09, -2.1, -2.11, -2.12, -2.26, -2.24, -2.2, -2.17, -2.18, -2.23, -2.27, -2.31, -2.33, -3.7, -4.09, -4.43, -4.65, -4.74, -4.74, -2.08, -2.09, -2.1, -2.11, -2.12, -2.28, -2.28, -2.26, -2.25, -2.21, -2.25, -2.34, -2.36, -2.34, -3.72, -4.27, -4.74, -5.0, -5.02, -4.94, -2.07, -2.08, -2.08, -2.1, -2.12, -2.15, -2.32, -2.32, -2.32, -2.3, -2.3, -2.32, -2.34, -3.07, -3.83, -4.55, -5.25, -5.55, -5.39, -5.15, -3.44, -2.06, -2.07, -2.08, -2.1, -2.14, -2.24, -2.39, -2.39, -2.35, -2.31, -2.3, -3.16, -3.32, -3.96, -4.83, -5.96, -6.38, -6.28, -6.02, -3.45, -3.39, -3.31, -3.03, -3.0, -2.14, -2.22, -2.36, -2.5, -2.35, -2.26, -2.96, -3.13, -3.63, -5.12, -5.7, -6.39, -6.64, -6.27, -6.02, -3.48, -3.41, -3.32, -3.2, -2.9, -2.9, -3.01, -2.27, -3.07, -2.36, -3.2, -3.67, -4.5, -4.1, -5.15, -5.55, -5.96, -6.14, -6.05, -5.92, -4.48, -4.38, -4.22, -3.18, -2.91, -2.61, -2.97, -3.36, -3.63, -3.48, -3.59, -4.14, -4.87, -4.31, -5.19, -5.43, -5.67, -5.82, -5.84, -5.79, -4.51, -4.42, -4.27, -4.01, -3.44, -1.8, -3.84, -4.83, -4.17, -4.05, -4.9, -4.01, -4.23, -4.14, -5.21, -5.35, -5.51, -5.63, -5.67, -5.67, -4.58, -4.51, -4.41, -4.25, -3.98, -3.85, -4.63, -5.4, -5.67, -6.26, -5.08, -4.99, -4.94, -3.99, -5.2, -5.31, -5.42, -5.63, -5.64, -5.64, -4.66, -4.63, -4.6, -4.59, -4.68, -5.08, -5.68, -5.67, -5.68, -5.48, -6.29, -5.04, -4.96, -3.97, -3.9, -5.29, -5.33, -5.38, -5.42, -5.45, -4.74, -4.74, -4.78, -4.87, -5.1, -5.62, -6.53, -5.83, -5.6, -5.46, -6.32, -5.1, -4.94, -4.8, -3.73, -4.97, -5.04, -5.12, -5.19, -5.26, -4.81, -4.84, -4.9, -5.02, -5.23, -5.55, -5.79, -5.4, -5.07, -4.82, -4.65, -3.21, -4.67, -4.48, -4.37, -4.61, -4.72, -4.86, -4.98, -5.08, -4.87, -4.91, -3.37, -3.5, -3.67, -4.92, -4.87, -4.65, -4.4, -4.26, -2.94, -2.94, -2.92, -2.9, -2.94, -3.62, -3.71, -3.8, -4.21, -4.32, -3.15, -3.19, -3.23, -3.28, -4.45, -4.32, -4.07, -3.72, -3.5, -3.53, -2.56, -2.7, -2.77, -2.8, -2.6, -2.85, -2.88, -2.89, -2.91, -2.91, -3.08, -3.09, -3.08, -3.06, -4.06, -3.77, -3.29, -2.65, -2.32, -2.09, -2.43, -2.5, -2.67, -2.56, -2.76, -2.85, -2.88, -2.9, -2.91, -2.92, -3.0, -2.98, -2.94, -3.98, -3.75, -3.36, -2.74, -1.71, -0.69, -1.62, -1.63, -1.98, -2.27, -2.52, -2.84, -2.87, -2.9, -2.92, -2.93, -2.93, -2.93, -2.89, -3.4, -3.26, -3.06, -2.74, -2.28, -1.62, -0.87, -1.29, -1.71, -2.01, -2.25, -2.47, -2.9, -2.91, -2.93, -2.94, -2.94, -2.94, -3.49, -3.42, -3.33, -3.2, -3.02, -2.78, -2.47, -2.16, -1.47, -1.67, -1.91, -2.11, -2.27, -2.93, -2.94, -2.96, -2.98, -2.98, -2.96, -2.94, -3.45, -3.38, -3.3, -3.19, -3.05, -2.89, -2.73, -1.74, -1.96, -2.07, -2.19, -2.28, -3.44, -2.95, -2.98, -3.02, -3.04, -3.02, -2.97, -2.95, -3.42, -3.36, -3.29, -1.93, -1.94, -1.97, -2.03, -2.12, -2.23, -2.31, -2.3, -2.75, -3.31, -2.97, -3.01, -3.07, -3.16, -3.06, -2.96, -2.93, -1.96, -1.97, -1.99, -2.02, -2.06, -2.14, -2.25, -2.43, -2.66, -2.77, -2.64, -3.3, -3.32, -3.25, -3.19, -3.08, -3.43, -2.95, -2.9, -2.91, -2.0, -2.02, -2.05, -2.09, -2.15, -2.25, -2.4, -2.64, -3.04, -3.36, -2.91, -3.27, -3.24, -3.24, -3.17, -3.09, -2.84, -2.63, -2.83, -2.88, -2.03, -2.06, -2.09, -2.14, -2.21, -2.31, -2.45, -2.67, -3.03, -3.31, -3.3, -3.16, -3.14, -3.24, -3.16, -2.77, -2.74, -2.7, -2.83, -2.87, -2.05, -2.08, -2.12, -2.17, -2.23, -2.31, -2.42, -2.56, -2.7, -2.73, -3.01, -2.96, -3.0, -2.55, -2.64, -2.69, -2.71, -2.71, -2.71, -2.72, -2.07, -2.1, -2.13, -2.18, -2.23, -2.29, -2.36, -2.41, -2.42, -2.7, -2.59, -2.45, -2.48, -2.49, -2.57, -2.64, -2.67, -2.68, -2.69, -2.7, -2.08, -2.11, -2.14, -2.18, -2.22, -2.26, -2.29, -2.29, -2.24, -2.34, -1.99, -2.26, -2.39, -2.44, -2.52, -2.58, -2.63, -2.65, -2.67, -2.67, -2.09, -2.11, -2.14, -2.17, -2.2, -2.22, -2.23, -2.22, -2.39, -2.19, -2.07, -2.23, -2.35, -2.41, -2.48, -2.54, -2.59, -2.62, -2.64, -2.65, -2.09, -2.11, -2.14, -2.16, -2.18, -2.19, -2.2, -2.18, -2.39, -2.29, -2.25, -2.29, -2.36, -2.41, -2.46, -2.52, -2.56, -2.59, -2.62, -2.63, -2.09, -2.11, -2.13, -2.15, -2.16, -2.17, -2.17, -2.48, -2.42, -2.37, -2.34, -2.36, -2.39, -2.42, -2.45, -2.5, -2.54, -2.57, -2.6, -2.61]}, {"header": {"refTime": "2023-09-11T14:00:00.000Z", "nx": 21, "ny": 33, "lo1": 113.509, "la1": 22.2235, "lo2": 113.5947, "la2": 22.1034, "dx": 0.0042850000000001385, "dy": 0.003753125000000024, "parameterCategory": 2, "parameterCategoryName": "Temperature", "parameterNumber": 3}, "data": [0.46, 0.44, 0.42, 0.38, 0.35, 0.39, 0.34, 0.3, 0.29, 0.35, 0.46, 0.55, 0.65, 0.69, 1.04, 1.1, 1.47, 1.49, 1.51, 1.52, 0.47, 0.46, 0.43, 0.4, 0.35, 0.3, 0.3, 0.2, 0.14, 0.26, 0.44, 0.58, 0.7, 0.74, 1.08, 1.46, 1.49, 1.51, 1.53, 1.54, 0.49, 0.47, 0.45, 0.42, 0.37, 0.32, 0.23, 0.12, -0.16, 0.19, 0.47, 0.66, 0.78, 0.82, 1.42, 1.46, 1.51, 1.54, 1.56, 1.56, 0.51, 0.5, 0.48, 0.46, 0.42, 0.36, 0.29, 0.17, 0.06, 0.31, 0.58, 0.79, 0.92, 1.13, 1.42, 1.48, 1.54, 1.58, 1.59, 1.59, 0.53, 0.53, 0.52, 0.5, 0.48, 0.43, 0.4, 0.36, 0.35, 0.52, 0.7, 1.14, 1.21, 1.14, 1.42, 1.51, 1.6, 1.64, 1.65, 1.63, 0.56, 0.56, 0.56, 0.55, 0.54, 0.53, 0.52, 0.54, 0.56, 0.58, 1.05, 1.1, 1.16, 1.3, 1.43, 1.56, 1.69, 1.75, 1.72, 1.67, 1.11, 0.59, 0.6, 0.6, 0.6, 0.61, 0.9, 0.67, 0.71, 0.91, 0.91, 1.03, 1.27, 1.31, 1.44, 1.61, 1.83, 1.91, 1.91, 1.86, 1.12, 1.11, 1.1, 1.09, 1.09, 0.91, 0.9, 0.89, 0.89, 0.91, 0.91, 1.11, 1.16, 1.35, 1.62, 1.74, 1.89, 1.94, 1.86, 1.81, 1.12, 1.11, 1.1, 1.09, 1.08, 1.08, 1.07, 0.9, 1.01, 0.91, 1.16, 1.28, 1.48, 1.38, 1.62, 1.71, 1.8, 1.84, 1.82, 1.79, 1.33, 1.32, 1.3, 1.1, 1.07, 1.06, 1.1, 1.14, 1.13, 1.11, 1.26, 1.39, 1.57, 1.43, 1.64, 1.68, 1.74, 1.77, 1.77, 1.76, 1.34, 1.33, 1.31, 1.27, 1.19, 0.97, 1.25, 1.4, 1.29, 1.22, 1.49, 1.36, 1.41, 1.39, 1.64, 1.67, 1.7, 1.73, 1.74, 1.74, 1.35, 1.34, 1.32, 1.3, 1.26, 1.25, 1.36, 1.49, 1.54, 1.67, 1.51, 1.53, 1.53, 1.35, 1.64, 1.66, 1.68, 1.51, 1.51, 1.51, 1.36, 1.35, 1.35, 1.34, 1.35, 1.4, 1.48, 1.51, 1.53, 1.49, 1.68, 1.53, 1.53, 1.13, 1.09, 1.39, 1.4, 1.41, 1.42, 1.43, 1.37, 1.37, 1.37, 1.38, 1.41, 1.46, 1.56, 1.51, 1.5, 1.48, 1.68, 1.31, 1.25, 1.19, 0.98, 1.25, 1.27, 1.3, 1.33, 1.35, 1.38, 1.38, 1.39, 1.4, 1.42, 1.46, 1.49, 1.62, 1.63, 1.63, 1.64, 1.16, 1.12, 1.05, 1.0, 1.09, 1.14, 1.19, 1.24, 1.28, 1.38, 1.39, 1.41, 1.42, 1.44, 1.63, 1.63, 1.63, 1.64, 1.64, 1.23, 1.12, 0.98, 0.9, 0.84, 1.02, 1.12, 1.22, 1.38, 1.45, 1.41, 1.42, 1.43, 1.44, 1.63, 1.64, 1.64, 1.64, 1.65, 1.65, 1.23, 1.08, 0.9, 0.71, 0.71, 0.76, 0.92, 1.05, 1.14, 1.2, 1.42, 1.43, 1.44, 1.46, 1.64, 1.64, 1.65, 1.66, 1.66, 1.38, 1.24, 1.07, 0.87, 0.72, 0.36, 0.71, 0.94, 1.09, 1.19, 1.25, 1.43, 1.44, 1.45, 1.64, 1.64, 1.65, 1.66, 1.67, 1.62, 1.44, 0.99, 0.81, 1.09, 0.87, 0.68, 0.85, 1.04, 1.18, 1.26, 1.3, 1.44, 1.45, 1.23, 1.25, 1.27, 1.3, 1.36, 1.45, 1.38, 1.17, 0.97, 0.81, 1.22, 1.11, 0.99, 1.09, 1.21, 1.3, 1.35, 1.37, 1.19, 1.19, 1.19, 1.2, 1.21, 1.23, 1.26, 1.3, 1.1, 1.01, 0.88, 0.77, 1.35, 1.18, 1.23, 1.32, 1.41, 1.45, 1.46, 1.45, 1.16, 1.16, 1.15, 1.15, 1.15, 1.14, 1.14, 0.95, 0.88, 0.83, 0.77, 0.71, 0.97, 1.34, 1.42, 1.53, 1.61, 1.61, 1.56, 1.51, 1.13, 1.12, 1.11, 0.84, 0.84, 0.83, 0.82, 0.78, 0.74, 0.7, 0.7, 1.23, 1.23, 1.45, 1.55, 1.7, 1.85, 1.76, 1.63, 1.56, 0.81, 0.81, 0.8, 0.8, 0.78, 0.75, 0.71, 0.64, 0.55, 0.51, 0.55, 0.85, 1.19, 1.38, 1.57, 1.77, 2.19, 1.73, 1.62, 1.57, 0.79, 0.78, 0.77, 0.76, 0.73, 0.69, 0.64, 0.54, 0.4, 0.28, 0.44, 0.77, 1.0, 1.35, 1.52, 1.65, 1.63, 1.46, 1.57, 1.56, 0.77, 0.76, 0.75, 0.73, 0.7, 0.66, 0.6, 0.51, 0.39, 0.29, 0.54, 0.75, 0.95, 1.31, 1.45, 1.61, 1.6, 1.57, 1.55, 1.54, 0.76, 0.74, 0.73, 0.71, 0.68, 0.64, 0.59, 0.53, 0.48, 0.46, 0.62, 0.75, 0.91, 1.38, 1.48, 1.54, 1.56, 1.57, 1.57, 1.57, 0.74, 0.73, 0.71, 0.69, 0.67, 0.63, 0.6, 0.56, 0.54, 0.63, 0.66, 0.53, 0.56, 0.6, 1.41, 1.47, 1.51, 1.53, 1.54, 1.55, 0.73, 0.72, 0.7, 0.68, 0.66, 0.64, 0.61, 0.59, 0.57, 0.65, 0.57, 0.55, 0.57, 0.6, 1.35, 1.42, 1.47, 1.49, 1.51, 1.52, 0.73, 0.71, 0.7, 0.68, 0.66, 0.64, 0.62, 0.6, 0.52, 0.55, 0.56, 0.56, 0.57, 0.59, 1.3, 1.38, 1.43, 1.46, 1.48, 1.49, 0.72, 0.71, 0.7, 0.68, 0.66, 0.65, 0.63, 0.62, 0.53, 0.55, 0.56, 0.56, 0.57, 0.59, 1.28, 1.35, 1.4, 1.43, 1.45, 1.47, 0.72, 0.71, 0.69, 0.68, 0.67, 0.65, 0.64, 0.53, 0.54, 0.55, 0.56, 0.57, 0.58, 0.59, 1.27, 1.33, 1.37, 1.41, 1.43, 1.45]}, {"header": {"refTime": "2023-09-11T14:00:00.000Z", "nx": 21, "ny": 33, "lo1": 113.509, "la1": 22.2235, "lo2": 113.5947, "la2": 22.1034, "dx": 0.0042850000000001385, "dy": 0.003753125000000024, "parameterCategory": 0, "parameterCategoryName": "Temperature", "parameterNumber": 0}, "data": [[26.65, 26.64, 26.64, 26.37, 26.38, 26.66, 26.65, 26.65, 26.65, 26.58, 26.61, 26.64, 26.9, 26.92, 26.85, 26.84, 26.97, 26.96, 26.95, 26.94], [26.65, 26.65, 26.64, 26.63, 26.38, 26.39, 26.64, 26.62, 26.61, 26.57, 26.61, 26.66, 26.92, 26.94, 26.87, 26.98, 26.96, 26.95, 26.94, 26.93], [26.66, 26.65, 26.64, 26.63, 26.38, 26.39, 26.4, 26.6, 26.53, 26.56, 26.62, 26.7, 26.96, 26.98, 27.01, 26.98, 26.95, 26.94, 26.93, 26.92], [26.67, 26.66, 26.65, 26.64, 26.63, 26.38, 26.39, 26.41, 26.43, 26.56, 26.64, 26.76, 27.03, 26.92, 27.01, 26.97, 26.94, 26.92, 26.91, 26.91], [26.68, 26.67, 26.66, 26.65, 26.64, 26.37, 26.38, 26.38, 26.38, 26.55, 26.64, 26.93, 27.09, 26.96, 27.01, 26.95, 26.91, 26.89, 26.88, 26.89], [26.69, 26.68, 26.68, 26.67, 26.66, 26.64, 26.37, 26.37, 26.35, 26.3, 26.69, 26.85, 26.98, 27.13, 26.99, 26.93, 26.86, 26.84, 26.85, 26.87], [26.78, 26.7, 26.7, 26.69, 26.68, 26.66, 26.5, 26.38, 26.36, 26.37, 26.35, 26.72, 27.09, 27.1, 26.97, 26.9, 26.8, 26.77, 26.79, 26.82], [26.79, 26.79, 26.79, 26.79, 26.78, 26.58, 26.53, 26.48, 26.47, 26.33, 26.16, 26.69, 26.7, 27.1, 26.81, 26.84, 26.78, 26.75, 26.79, 26.82], [26.71, 26.72, 26.81, 26.82, 26.82, 26.8, 26.74, 26.51, 26.34, 26.39, 26.38, 26.53, 26.6, 26.51, 26.82, 26.86, 26.82, 26.8, 26.81, 26.83], [27.0, 27.0, 27.0, 26.77, 26.8, 26.89, 26.83, 26.74, 26.22, 26.24, 26.61, 26.44, 26.49, 26.47, 26.82, 26.87, 26.84, 26.83, 26.83, 26.84], [27.0, 27.0, 27.0, 27.0, 27.0, 27.0, 27.0, 27.0, 26.82, 26.33, 26.0, 26.38, 26.43, 26.43, 26.82, 26.88, 26.86, 26.85, 26.85, 26.85], [27.0, 27.0, 27.0, 27.0, 27.0, 27.0, 27.0, 27.0, 27.0, -999.0, 26.0, 27.0, 27.0, 26.4, 26.81, 26.89, 26.88, 26.42, 26.42, 26.42], [27.0, 27.0, 27.0, 27.0, 27.0, 27.0, 27.0, 27.0, 27.0, 27.0, -999.0, 27.0, 27.0, 26.48, 26.71, 26.52, 26.52, 26.46, 26.47, 26.47], [27.0, 27.0, 27.0, 27.0, 27.0, 27.0, 27.0, 27.0, 27.0, 27.0, -999.0, 26.2, 26.2, 26.2, 26.64, 26.48, 26.48, 26.42, 26.43, 26.45], [27.0, 27.0, 27.0, 27.0, 27.0, 27.0, 27.0, 27.3, 27.3, 27.3, 27.3, 26.88, 26.2, 26.2, 26.2, 26.43, 26.44, 26.39, 26.4, 26.42], [27.0, 27.0, 27.19, 27.19, 27.2, 27.3, 27.3, 27.3, 27.3, 27.3, 26.61, 26.69, 26.58, 26.49, 26.59, 26.38, 26.41, 26.36, 26.47, 26.48], [27.19, 27.19, 27.11, 27.11, 27.3, 27.3, 27.3, 27.3, 27.3, 27.3, 26.83, 26.69, 26.55, 26.41, 26.39, 26.38, 26.44, 26.49, 26.52, 26.55], [27.11, 27.11, 27.12, 27.12, 27.3, 27.3, 27.3, 27.3, 27.3, 27.02, 26.87, 26.71, 26.54, 26.4, 26.23, 26.36, 26.44, 26.5, 26.54, 26.56], [27.11, 27.12, 27.12, 27.3, 27.3, 27.3, 27.3, 27.3, 27.2, 27.09, 26.93, 26.79, 26.59, 26.46, 26.34, 26.41, 26.48, 26.53, 26.57, 26.59], [27.12, 27.12, 27.13, 27.14, 27.15, 27.16, 27.19, 27.25, 27.16, 27.06, 26.94, 26.82, 26.64, 26.55, 26.46, 26.49, 26.54, 26.58, 26.6, 26.61], [27.12, 27.12, 27.13, 27.18, 27.18, 27.19, 27.2, 27.21, 27.06, 27.01, 26.93, 26.84, 26.68, 26.53, 26.55, 26.57, 26.61, 26.63, 26.64, 26.64], [27.16, 27.16, 27.16, 27.17, 27.17, 27.17, 27.17, 27.18, 27.0, 26.97, 26.92, 26.86, 26.62, 26.59, 26.61, 26.64, 26.67, 26.68, 26.68, 26.67], [27.15, 27.15, 27.15, 27.17, 27.16, 27.16, 27.16, 27.15, 27.14, 27.13, 27.13, 27.01, 26.87, 26.63, 26.66, 26.69, 26.71, 26.72, 26.71, 26.7], [27.16, 27.16, 27.16, 27.16, 27.15, 27.15, 27.14, 27.12, 27.1, 27.09, 27.1, 26.98, 26.88, 26.85, 26.83, 26.72, 26.73, 26.77, 26.74, 26.72], [27.16, 27.16, 27.16, 27.15, 27.15, 27.14, 27.13, 27.1, 27.07, 27.04, 27.08, 26.99, 26.97, 26.86, 26.84, 26.82, 26.78, 26.81, 26.76, 26.73], [27.16, 27.16, 27.15, 27.15, 27.14, 27.14, 27.12, 27.1, 27.07, 27.05, 27.01, 27.01, 26.98, 26.86, 26.84, 26.86, 26.86, 26.86, 26.75, 26.72], [27.16, 27.16, 27.15, 27.15, 27.14, 27.14, 27.13, 27.11, 27.1, 27.1, 27.04, 27.03, 27.01, 26.94, 26.91, 26.89, 26.87, 26.87, 26.87, 26.87], [27.16, 27.15, 27.15, 27.15, 27.14, 27.14, 27.13, 27.13, 27.13, 27.08, 27.09, 27.1, 27.07, 27.05, 26.93, 26.91, 26.89, 26.89, 26.88, 26.88], [27.16, 27.15, 27.15, 27.15, 27.15, 27.14, 27.14, 27.14, 27.15, 27.12, 27.17, 27.12, 27.09, 27.07, 26.95, 26.93, 26.91, 26.9, 26.89, 26.89], [27.16, 27.15, 27.15, 27.15, 27.15, 27.15, 27.15, 27.15, 27.11, 27.14, 27.16, 27.13, 27.1, 27.07, 26.97, 26.94, 26.92, 26.91, 26.91, 26.9], [27.16, 27.15, 27.15, 27.15, 27.15, 27.15, 27.15, 27.15, 27.1, 27.12, 27.12, 27.11, 27.09, 27.07, 26.97, 26.95, 26.94, 26.92, 26.92, 26.91], [27.16, 27.15, 27.15, 27.15, 27.15, 27.15, 27.15, 27.09, 27.1, 27.1, 27.1, 27.1, 27.09, 27.07, 26.98, 26.96, 26.94, 26.93, 26.92, 26.92]]}]