gis_exercise/awsData/contour/wdir_2023090421.json
[{"header": {"refTime": "2023-09-04T21:00:00.000Z", "nx": 21, "ny": 33, "lo1": 113.509, "la1": 22.2235, "lo2": 113.5947, "la2": 22.1034, "dx": 0.0042850000000001385, "dy": 0.003753125000000024, "parameterCategory": 2, "parameterCategoryName": "Temperature", "parameterNumber": 2}, "data": [0.8, 0.8, 0.79, 0.83, 0.81, 0.67, 0.65, 0.63, 0.61, 0.53, 0.53, 0.52, 0.75, 0.77, 0.66, 0.69, 1.07, 1.09, 1.1, 1.12, 0.81, 0.8, 0.8, 0.79, 0.82, 0.79, 0.65, 0.61, 0.59, 0.53, 0.53, 0.52, 0.74, 0.75, 0.66, 1.04, 1.07, 1.09, 1.11, 1.12, 0.81, 0.81, 0.8, 0.8, 0.83, 0.8, 0.76, 0.61, 0.54, 0.53, 0.52, 0.51, 0.71, 0.73, 0.98, 1.04, 1.08, 1.11, 1.13, 1.14, 0.82, 0.81, 0.81, 0.81, 0.8, 0.83, 0.79, 0.73, 0.67, 0.54, 0.52, 0.49, 0.65, 0.77, 0.96, 1.04, 1.1, 1.13, 1.14, 1.15, 0.82, 0.82, 0.82, 0.82, 0.82, 0.86, 0.85, 0.83, 0.81, 0.56, 0.54, 0.71, 0.5, 0.73, 0.97, 1.07, 1.13, 1.16, 1.17, 1.17, 0.82, 0.83, 0.83, 0.83, 0.84, 0.86, 0.92, 0.93, 0.92, 0.9, 0.93, 0.84, 0.69, 0.94, 1.04, 1.12, 1.18, 1.2, 1.2, 1.19, 1.25, 0.83, 0.83, 0.84, 0.86, 0.89, 1.02, 1.03, 1.04, 1.18, 1.18, 1.1, 1.23, 1.18, 1.13, 1.18, 1.24, 1.26, 1.17, 1.13, 1.25, 1.23, 1.22, 1.24, 1.24, 0.95, 1.01, 1.11, 1.25, 1.15, 1.0, 1.51, 1.59, 1.34, 1.53, 1.46, 1.39, 1.36, 1.4, 1.43, 1.25, 1.23, 1.21, 1.18, 1.19, 1.2, 1.26, 1.04, 1.32, 1.21, 1.28, 1.45, 1.49, 1.47, 1.52, 1.48, 1.44, 1.42, 1.43, 1.44, 1.51, 1.48, 1.44, 1.16, 1.08, 1.07, 1.21, 1.36, 1.46, 1.39, 1.35, 1.42, 1.45, 1.45, 1.52, 1.49, 1.47, 1.45, 1.45, 1.45, 1.52, 1.49, 1.45, 1.37, 1.21, 0.74, 1.34, 1.66, 1.61, 1.57, 1.51, 1.41, 1.43, 1.43, 1.52, 1.5, 1.48, 1.47, 1.47, 1.47, 1.53, 1.51, 1.48, 1.43, 1.36, 1.32, 1.56, 1.86, 1.98, 1.99, 1.61, 1.78, 1.74, 1.42, 1.52, 1.51, 1.5, 1.57, 1.57, 1.57, 1.55, 1.54, 1.53, 1.52, 1.54, 1.64, 1.8, 1.89, 1.96, 1.86, 1.93, 1.82, 1.78, 1.75, 1.77, 1.63, 1.62, 1.62, 1.61, 1.6, 1.57, 1.57, 1.58, 1.6, 1.65, 1.77, 1.95, 1.87, 1.86, 1.83, 1.94, 1.93, 1.91, 1.91, 1.81, 1.69, 1.68, 1.66, 1.65, 1.64, 1.59, 1.6, 1.61, 1.64, 1.69, 1.76, 1.82, 1.74, 1.68, 1.63, 1.58, 1.61, 1.95, 1.95, 1.95, 1.76, 1.74, 1.71, 1.69, 1.67, 1.61, 1.62, 1.11, 1.14, 1.18, 1.6, 1.58, 1.54, 1.48, 1.45, 1.48, 1.56, 1.65, 1.59, 1.66, 2.09, 2.1, 2.11, 2.07, 2.06, 1.05, 1.06, 1.07, 1.08, 1.48, 1.44, 1.37, 1.28, 1.22, 1.23, 1.36, 1.51, 1.66, 1.81, 1.96, 2.16, 2.17, 2.18, 2.19, 2.19, 1.03, 1.03, 1.03, 1.02, 1.37, 1.29, 1.15, 0.97, 0.88, 1.0, 1.21, 1.45, 1.66, 1.94, 2.09, 2.15, 2.17, 2.19, 2.19, 2.2, 1.01, 1.01, 1.0, 1.35, 1.28, 1.17, 1.0, 0.7, 0.45, 0.83, 1.07, 1.32, 1.72, 1.9, 2.15, 2.17, 2.19, 2.2, 2.2, 2.2, 0.99, 0.98, 1.24, 1.2, 1.14, 1.05, 0.91, 0.71, 0.61, 0.84, 1.09, 1.3, 1.7, 1.85, 2.18, 2.19, 2.21, 2.21, 2.21, 2.21, 1.28, 1.26, 1.24, 1.2, 1.15, 1.08, 1.0, 0.9, 0.9, 1.01, 1.17, 1.31, 1.71, 2.2, 2.21, 2.22, 2.23, 2.23, 2.22, 2.21, 1.28, 1.26, 1.24, 1.22, 1.18, 1.14, 1.1, 0.68, 1.12, 1.18, 1.26, 1.34, 2.18, 2.22, 2.23, 2.26, 2.27, 2.26, 2.23, 2.22, 1.28, 1.27, 1.26, 0.66, 0.68, 0.71, 0.75, 0.8, 0.86, 0.89, 0.86, 1.56, 2.06, 2.23, 2.25, 2.29, 2.34, 2.28, 2.23, 2.21, 0.63, 0.64, 0.66, 0.68, 0.71, 0.75, 0.82, 0.92, 1.04, 1.1, 1.0, 1.47, 2.05, 2.11, 2.18, 2.29, 2.5, 2.22, 2.19, 2.19, 0.63, 0.65, 0.66, 0.68, 0.72, 0.77, 0.85, 0.99, 1.23, 1.43, 1.12, 1.4, 1.45, 2.1, 2.15, 2.19, 2.16, 2.03, 2.15, 2.18, 0.63, 0.64, 0.66, 0.68, 0.71, 0.76, 0.83, 0.96, 1.18, 1.37, 1.34, 1.27, 1.33, 2.08, 2.12, 1.83, 1.91, 1.91, 2.15, 2.17, 0.63, 0.64, 0.65, 0.66, 0.69, 0.72, 0.76, 0.82, 0.89, 0.88, 1.05, 1.06, 1.16, 1.34, 1.54, 1.69, 1.78, 1.82, 1.81, 1.8, 0.62, 0.63, 0.63, 0.64, 0.65, 0.66, 0.67, 0.66, 0.61, 0.72, 0.61, 0.61, 0.77, 0.91, 1.4, 1.56, 1.66, 1.71, 1.73, 1.73, 0.61, 0.61, 0.62, 0.62, 0.62, 0.61, 0.59, 0.53, 0.41, 0.33, -0.03, 0.37, 0.64, 0.81, 1.28, 1.44, 1.55, 1.61, 1.65, 1.66, 0.6, 0.6, 0.6, 0.6, 0.59, 0.57, 0.53, 0.46, 0.51, 0.25, 0.1, 0.35, 0.59, 0.76, 1.19, 1.35, 1.46, 1.53, 1.58, 1.6, 0.59, 0.59, 0.58, 0.58, 0.56, 0.54, 0.5, 0.43, 0.54, 0.42, 0.37, 0.47, 0.62, 0.75, 1.14, 1.28, 1.39, 1.46, 1.51, 1.55, 0.58, 0.58, 0.57, 0.56, 0.54, 0.52, 0.48, 0.68, 0.61, 0.54, 0.53, 0.58, 0.67, 0.76, 1.12, 1.24, 1.34, 1.41, 1.46, 1.5]}, {"header": {"refTime": "2023-09-04T21:00:00.000Z", "nx": 21, "ny": 33, "lo1": 113.509, "la1": 22.2235, "lo2": 113.5947, "la2": 22.1034, "dx": 0.0042850000000001385, "dy": 0.003753125000000024, "parameterCategory": 2, "parameterCategoryName": "Temperature", "parameterNumber": 3}, "data": [-0.23, -0.22, -0.2, -0.23, -0.2, -0.25, -0.2, -0.16, -0.14, -0.04, -0.1, -0.16, -0.52, -0.56, -1.0, -1.11, -1.7, -1.75, -1.79, -1.82, -0.23, -0.23, -0.21, -0.2, -0.21, -0.16, -0.17, -0.08, -0.02, 0.01, -0.1, -0.18, -0.54, -0.59, -1.03, -1.64, -1.72, -1.79, -1.83, -1.86, -0.24, -0.24, -0.23, -0.21, -0.23, -0.18, -0.11, -0.02, 0.22, 0.05, -0.11, -0.22, -0.58, -0.63, -1.52, -1.65, -1.76, -1.84, -1.89, -1.91, -0.25, -0.25, -0.24, -0.23, -0.22, -0.22, -0.16, -0.06, 0.04, -0.02, -0.17, -0.3, -0.63, -0.77, -1.5, -1.69, -1.84, -1.93, -1.97, -1.98, -0.26, -0.26, -0.26, -0.26, -0.26, -0.29, -0.27, -0.23, -0.2, -0.13, -0.24, -0.74, -0.68, -0.77, -1.51, -1.76, -1.96, -2.07, -2.09, -2.06, -0.27, -0.27, -0.28, -0.28, -0.3, -0.32, -0.38, -0.4, -0.39, -0.35, -0.74, -0.78, -0.76, -1.11, -1.59, -1.89, -2.17, -2.29, -2.23, -2.14, -0.52, -0.28, -0.29, -0.3, -0.33, -0.37, -0.58, -0.57, -0.59, -0.77, -0.74, -0.89, -1.3, -1.29, -1.7, -2.03, -2.45, -2.61, -2.39, -2.24, -0.51, -0.51, -0.5, -0.41, -0.43, -0.49, -0.57, -0.73, -0.94, -0.72, -0.47, -1.28, -1.43, -1.43, -2.08, -2.3, -2.59, -2.69, -2.54, -2.43, -0.5, -0.49, -0.48, -0.47, -0.37, -0.4, -0.48, -0.62, -0.66, -0.8, -1.02, -1.34, -1.55, -1.45, -2.04, -2.22, -2.4, -2.48, -2.44, -2.39, -0.28, -0.27, -0.26, -0.43, -0.38, -0.29, -0.36, -0.45, -0.52, -0.49, -1.2, -1.39, -1.57, -1.46, -2.02, -2.15, -2.27, -2.34, -2.35, -2.33, -0.28, -0.28, -0.27, -0.25, -0.22, -0.12, -0.22, -0.25, -0.37, -0.43, -0.81, -1.35, -1.42, -1.41, -2.02, -2.11, -2.2, -2.25, -2.28, -2.28, -0.29, -0.28, -0.28, -0.27, -0.26, -0.25, -0.28, -0.26, -0.24, -0.62, -0.73, -1.24, -1.33, -1.36, -2.03, -2.09, -2.15, -2.27, -2.29, -2.3, -0.29, -0.29, -0.29, -0.3, -0.31, -0.35, -0.39, -0.31, -0.26, -0.28, -0.75, -1.15, -1.24, -1.74, -1.74, -2.15, -2.18, -2.21, -2.23, -2.25, -0.3, -0.3, -0.31, -0.32, -0.34, -0.4, -0.52, -0.38, -0.32, -0.3, -0.73, -1.19, -1.3, -1.37, -1.75, -2.11, -2.13, -2.16, -2.19, -2.21, -0.3, -0.31, -0.32, -0.33, -0.35, -0.38, -0.41, -0.37, -0.33, -0.3, -0.29, -0.76, -1.34, -1.42, -1.46, -2.06, -2.09, -2.12, -2.15, -2.17, -0.31, -0.31, -0.3, -0.31, -0.32, -0.36, -0.35, -0.33, -0.3, -0.29, -0.68, -0.82, -0.99, -1.46, -1.52, -1.62, -1.58, -1.54, -1.8, -1.8, -0.28, -0.29, -0.29, -0.3, -0.32, -0.32, -0.3, -0.28, -0.26, -0.26, -0.68, -0.86, -1.08, -1.32, -1.5, -1.34, -1.16, -1.03, -0.92, -0.85, -0.28, -0.28, -0.28, -0.28, -0.3, -0.28, -0.26, -0.23, -0.21, -0.56, -0.74, -0.87, -1.13, -1.49, -1.79, -1.4, -1.15, -0.99, -0.88, -0.81, -0.28, -0.27, -0.27, -0.29, -0.28, -0.26, -0.23, -0.18, -0.21, -0.47, -0.69, -0.9, -1.15, -1.37, -1.43, -1.26, -1.05, -0.9, -0.81, -0.75, -0.27, -0.27, -0.38, -0.37, -0.35, -0.33, -0.29, -0.23, -0.32, -0.48, -0.67, -0.85, -1.06, -1.2, -1.11, -1.01, -0.88, -0.78, -0.71, -0.67, -0.39, -0.38, -0.38, -0.37, -0.35, -0.34, -0.31, -0.29, -0.48, -0.56, -0.68, -0.81, -0.98, -0.91, -0.87, -0.79, -0.71, -0.64, -0.6, -0.59, -0.39, -0.39, -0.38, -0.37, -0.36, -0.35, -0.34, -0.26, -0.56, -0.61, -0.68, -0.78, -1.04, -0.75, -0.69, -0.62, -0.55, -0.51, -0.49, -0.5, -0.39, -0.39, -0.38, -0.26, -0.27, -0.27, -0.28, -0.3, -0.31, -0.32, -0.31, -0.44, -0.3, -0.64, -0.57, -0.49, -0.45, -0.39, -0.39, -0.42, -0.26, -0.26, -0.27, -0.27, -0.28, -0.29, -0.31, -0.33, -0.36, -0.38, -0.35, -0.46, -0.31, -0.27, -0.25, -0.41, -0.49, -0.22, -0.28, -0.36, -0.26, -0.27, -0.27, -0.28, -0.28, -0.3, -0.32, -0.35, -0.41, -0.46, -0.39, -0.45, -0.46, -0.27, -0.23, -0.2, -0.15, 0.01, -0.21, -0.32, -0.27, -0.27, -0.27, -0.28, -0.29, -0.3, -0.32, -0.35, -0.4, -0.45, -0.44, -0.42, -0.43, -0.26, -0.22, -0.11, -0.06, -0.03, -0.25, -0.33, -0.27, -0.27, -0.27, -0.28, -0.28, -0.29, -0.31, -0.32, -0.34, -0.34, -0.38, -0.38, -0.4, -0.13, -0.12, -0.11, -0.08, -0.07, -0.08, -0.09, -0.27, -0.27, -0.27, -0.28, -0.28, -0.28, -0.29, -0.29, -0.28, -0.32, -0.29, -0.16, -0.13, -0.08, -0.12, -0.11, -0.1, -0.09, -0.09, -0.1, -0.26, -0.27, -0.27, -0.27, -0.27, -0.27, -0.27, -0.26, -0.24, -0.24, -0.13, -0.14, -0.12, -0.09, -0.12, -0.11, -0.1, -0.1, -0.1, -0.1, -0.26, -0.27, -0.27, -0.27, -0.27, -0.27, -0.26, -0.25, -0.17, -0.15, -0.13, -0.13, -0.12, -0.09, -0.12, -0.11, -0.11, -0.11, -0.11, -0.11, -0.26, -0.26, -0.26, -0.26, -0.26, -0.26, -0.25, -0.24, -0.16, -0.15, -0.14, -0.13, -0.11, -0.09, -0.12, -0.12, -0.11, -0.11, -0.11, -0.11, -0.26, -0.26, -0.26, -0.26, -0.26, -0.26, -0.25, -0.16, -0.15, -0.14, -0.13, -0.12, -0.11, -0.09, -0.12, -0.12, -0.11, -0.11, -0.11, -0.11]}, {"header": {"refTime": "2023-09-04T21:00:00.000Z", "nx": 21, "ny": 33, "lo1": 113.509, "la1": 22.2235, "lo2": 113.5947, "la2": 22.1034, "dx": 0.0042850000000001385, "dy": 0.003753125000000024, "parameterCategory": 0, "parameterCategoryName": "Temperature", "parameterNumber": 0}, "data": [[32.11, 32.11, 32.1, 32.01, 32.01, 32.21, 32.19, 32.17, 32.18, 32.22, 32.28, 32.34, 32.58, 32.61, 32.67, 32.69, 32.97, 32.97, 32.97, 32.97], [32.12, 32.11, 32.1, 32.09, 32.01, 32.0, 32.16, 32.12, 32.1, 32.17, 32.28, 32.37, 32.61, 32.65, 32.7, 32.97, 32.97, 32.97, 32.97, 32.97], [32.12, 32.12, 32.11, 32.1, 32.01, 32.0, 31.98, 32.08, 31.95, 32.13, 32.3, 32.42, 32.67, 32.7, 32.97, 32.97, 32.97, 32.98, 32.98, 32.98], [32.13, 32.13, 32.12, 32.11, 32.09, 32.01, 32.0, 31.98, 31.96, 32.19, 32.35, 32.52, 32.77, 32.8, 32.98, 32.98, 32.98, 32.98, 32.98, 32.98], [32.14, 32.14, 32.13, 32.12, 32.11, 32.02, 32.02, 32.01, 32.01, 32.27, 32.41, 32.8, 32.92, 32.83, 32.97, 32.98, 32.98, 32.98, 32.98, 32.98], [32.15, 32.15, 32.15, 32.14, 32.13, 32.12, 32.04, 32.04, 32.04, 32.05, 32.63, 32.75, 32.85, 32.97, 32.97, 32.98, 32.98, 32.98, 32.98, 32.98], [32.27, 32.16, 32.16, 32.16, 32.16, 32.14, 32.18, 32.06, 32.07, 32.26, 32.3, 32.66, 32.94, 32.95, 32.97, 32.98, 32.99, 32.99, 33.0, 33.0], [32.27, 32.27, 32.27, 32.27, 32.27, 32.21, 32.19, 32.14, 32.15, 32.23, 32.19, 32.65, 32.66, 32.95, 32.96, 32.95, 32.97, 32.98, 32.97, 32.96], [32.23, 32.23, 32.29, 32.29, 32.29, 32.28, 32.24, 32.17, 32.1, 32.27, 32.41, 32.53, 32.58, 32.51, 32.96, 32.95, 32.96, 32.97, 32.96, 32.96], [32.4, 32.4, 32.4, 32.26, 32.28, 32.33, 32.3, 32.24, 32.1, 32.1, 32.59, 32.45, 32.5, 32.47, 32.96, 32.94, 32.95, 32.96, 32.96, 32.95], [32.4, 32.4, 32.4, 32.4, 32.4, 32.4, 32.4, 32.4, 32.29, 32.1, 32.1, 32.4, 32.44, 32.44, 32.96, 32.94, 32.95, 32.95, 32.95, 32.95], [32.4, 32.4, 32.4, 32.4, 32.4, 32.4, 32.4, 32.4, 32.4, -999.0, 32.1, 32.9, 32.9, 32.42, 32.96, 32.94, 32.94, 31.81, 31.84, 31.84], [32.4, 32.4, 32.4, 32.4, 32.4, 32.4, 32.4, 32.4, 32.4, 32.4, -999.0, 32.9, 32.9, 31.59, 32.17, 32.24, 32.25, 31.99, 32.03, 32.05], [32.4, 32.4, 32.4, 32.4, 32.4, 32.4, 32.4, 32.4, 32.4, 32.4, -999.0, 30.9, 30.9, 30.9, 32.0, 32.06, 32.09, 31.83, 31.89, 31.93], [32.4, 32.4, 32.4, 32.4, 32.4, 32.4, 32.4, 31.5, 31.5, 31.5, 31.5, 31.27, 30.9, 30.9, 30.9, 31.86, 31.92, 31.68, 31.76, 31.82], [32.4, 32.4, 31.83, 31.82, 31.81, 31.5, 31.5, 31.5, 31.5, 31.5, 31.12, 31.17, 31.11, 31.06, 31.11, 31.23, 31.28, 31.19, 31.69, 31.75], [31.82, 31.82, 32.08, 32.07, 31.5, 31.5, 31.5, 31.5, 31.5, 31.5, 31.24, 31.17, 31.09, 31.02, 31.07, 31.03, 31.07, 31.1, 31.13, 31.14], [32.08, 32.07, 32.05, 32.03, 31.5, 31.5, 31.5, 31.5, 31.5, 31.35, 31.27, 31.18, 31.08, 31.07, 30.93, 31.01, 31.08, 31.12, 31.14, 31.15], [32.06, 32.05, 32.03, 31.5, 31.5, 31.5, 31.5, 31.5, 31.45, 31.38, 31.27, 31.19, 31.23, 31.14, 31.0, 31.05, 31.11, 31.14, 31.16, 31.17], [32.05, 32.03, 31.33, 31.34, 31.35, 31.36, 31.39, 31.45, 31.41, 31.34, 31.27, 31.21, 31.28, 31.24, 31.09, 31.12, 31.15, 31.18, 31.19, 31.19], [31.32, 31.32, 31.33, 31.38, 31.38, 31.39, 31.4, 31.41, 31.34, 31.3, 31.26, 31.21, 31.33, 31.14, 31.16, 31.19, 31.21, 31.22, 31.22, 31.21], [31.36, 31.36, 31.36, 31.37, 31.37, 31.37, 31.37, 31.38, 31.29, 31.27, 31.24, 31.21, 31.29, 31.19, 31.22, 31.25, 31.28, 31.27, 31.24, 31.22], [31.35, 31.35, 31.35, 31.37, 31.36, 31.36, 31.36, 31.35, 31.34, 31.33, 31.33, 31.45, 31.28, 31.22, 31.25, 31.31, 31.38, 31.32, 31.25, 31.23], [31.36, 31.36, 31.36, 31.36, 31.35, 31.35, 31.34, 31.32, 31.3, 31.29, 31.3, 31.4, 31.28, 31.29, 31.32, 31.33, 31.56, 31.27, 31.22, 31.22], [31.36, 31.36, 31.36, 31.35, 31.35, 31.34, 31.33, 31.3, 31.27, 31.24, 31.28, 31.38, 31.44, 31.28, 31.3, 31.3, 31.2, 31.08, 31.18, 31.2], [31.36, 31.36, 31.35, 31.35, 31.34, 31.34, 31.32, 31.3, 31.27, 31.25, 31.32, 31.38, 31.43, 31.27, 31.28, 31.3, 31.24, 31.21, 31.18, 31.2], [31.36, 31.36, 31.35, 31.35, 31.34, 31.34, 31.33, 31.31, 31.3, 31.3, 31.36, 31.39, 31.43, 31.33, 31.32, 31.3, 31.27, 31.26, 31.26, 31.27], [31.36, 31.35, 31.35, 31.35, 31.34, 31.34, 31.33, 31.33, 31.33, 31.37, 31.38, 31.25, 31.21, 31.17, 31.32, 31.31, 31.29, 31.28, 31.28, 31.28], [31.36, 31.35, 31.35, 31.35, 31.35, 31.34, 31.34, 31.34, 31.35, 31.39, 31.36, 31.29, 31.23, 31.19, 31.33, 31.31, 31.3, 31.29, 31.29, 31.29], [31.36, 31.35, 31.35, 31.35, 31.35, 31.35, 31.35, 31.35, 31.27, 31.31, 31.34, 31.29, 31.24, 31.2, 31.33, 31.32, 31.31, 31.3, 31.3, 31.3], [31.36, 31.35, 31.35, 31.35, 31.35, 31.35, 31.35, 31.35, 31.26, 31.28, 31.29, 31.27, 31.23, 31.2, 31.33, 31.32, 31.32, 31.31, 31.31, 31.31], [31.36, 31.35, 31.35, 31.35, 31.35, 31.35, 31.35, 31.24, 31.25, 31.26, 31.26, 31.24, 31.22, 31.2, 31.34, 31.33, 31.32, 31.32, 31.31, 31.31]]}]