gis_exercise/awsData/contour/wdir_2023090906.json
[{"header": {"refTime": "2023-09-09T06:00:00.000Z", "nx": 21, "ny": 33, "lo1": 113.509, "la1": 22.2235, "lo2": 113.5947, "la2": 22.1034, "dx": 0.0042850000000001385, "dy": 0.003753125000000024, "parameterCategory": 2, "parameterCategoryName": "Temperature", "parameterNumber": 2}, "data": [-1.24, -1.24, -1.24, -1.22, -1.2, -1.5, -1.45, -1.41, -1.4, -1.19, -1.25, -1.32, -1.92, -1.98, -2.36, -2.46, -3.13, -3.18, -3.21, -3.24, -1.25, -1.24, -1.24, -1.23, -1.21, -1.18, -1.42, -1.32, -1.26, -1.14, -1.25, -1.35, -1.96, -2.02, -2.4, -3.08, -3.15, -3.21, -3.25, -3.27, -1.25, -1.25, -1.25, -1.25, -1.22, -1.19, -1.14, -1.25, -0.98, -1.1, -1.28, -1.42, -2.02, -2.07, -2.98, -3.09, -3.19, -3.26, -3.3, -3.32, -1.25, -1.25, -1.26, -1.26, -1.26, -1.23, -1.19, -1.11, -1.05, -1.16, -1.34, -1.54, -2.11, -2.1, -2.96, -3.12, -3.25, -3.33, -3.37, -3.37, -1.25, -1.25, -1.26, -1.27, -1.28, -1.28, -1.27, -1.24, -1.2, -1.22, -1.38, -2.07, -2.15, -2.13, -2.97, -3.19, -3.36, -3.46, -3.47, -3.44, -1.25, -1.25, -1.26, -1.28, -1.3, -1.34, -1.37, -1.38, -1.34, -1.25, -1.88, -2.05, -2.15, -2.79, -3.04, -3.3, -3.54, -3.64, -3.59, -3.52, -1.28, -1.25, -1.25, -1.27, -1.31, -1.37, -1.44, -1.56, -1.55, -1.67, -1.61, -2.07, -3.0, -3.02, -3.14, -3.42, -3.78, -3.92, -3.86, -3.77, -1.26, -1.26, -1.26, -1.04, -1.08, -1.31, -1.43, -1.68, -2.02, -1.58, -1.13, -2.67, -2.97, -3.23, -3.77, -3.89, -4.02, -4.07, -4.0, -3.95, -1.24, -1.23, -1.22, -1.21, -1.0, -1.05, -1.17, -1.5, -1.41, -1.74, -2.26, -2.91, -3.42, -3.17, -3.79, -3.86, -3.94, -3.98, -3.96, -3.93, -0.67, -0.68, -0.68, -1.15, -1.1, -0.91, -0.97, -1.05, -1.07, -1.03, -2.63, -3.07, -3.51, -3.23, -3.81, -3.84, -3.89, -3.92, -3.92, -3.91, -0.67, -0.68, -0.69, -0.7, -0.72, -0.79, -0.66, -0.53, -0.75, -0.83, -1.78, -2.97, -3.13, -3.1, -3.81, -3.83, -3.86, -3.88, -3.89, -3.89, -0.68, -0.68, -0.69, -0.7, -0.71, -0.72, -0.64, -0.43, -0.31, -1.15, -1.57, -2.58, -2.8, -2.99, -3.81, -3.82, -3.84, -3.57, -3.56, -3.55, -0.68, -0.69, -0.69, -0.71, -0.72, -0.75, -0.75, -0.52, -0.38, -0.47, -1.48, -2.36, -2.58, -3.18, -3.13, -3.42, -3.43, -3.44, -3.45, -3.46, -0.68, -0.69, -0.69, -0.71, -0.73, -0.78, -0.93, -0.68, -0.55, -0.53, -1.42, -1.95, -2.12, -2.21, -2.98, -3.24, -3.27, -3.3, -3.34, -3.37, -0.68, -0.68, -0.69, -0.71, -0.72, -0.75, -0.76, -0.87, -0.84, -0.85, -0.87, -1.26, -2.04, -2.11, -2.15, -3.04, -3.09, -3.16, -3.22, -3.27, -0.68, -0.68, -1.14, -1.15, -1.15, -0.97, -0.98, -0.98, -0.98, -0.98, -1.29, -1.37, -1.47, -2.38, -2.36, -2.43, -2.47, -2.5, -2.58, -2.62, -1.16, -1.17, -1.18, -1.19, -1.02, -1.05, -1.08, -1.13, -1.15, -1.13, -1.4, -1.47, -1.57, -1.7, -1.98, -1.81, -1.74, -1.69, -1.65, -1.62, -1.18, -1.19, -1.21, -1.22, -1.08, -1.13, -1.21, -1.31, -1.36, -1.65, -1.67, -1.53, -1.63, -1.98, -2.01, -1.84, -1.74, -1.67, -1.63, -1.6, -1.2, -1.21, -1.23, -1.08, -1.12, -1.19, -1.3, -1.48, -1.72, -1.68, -1.96, -2.0, -1.94, -1.97, -1.85, -1.78, -1.7, -1.64, -1.6, -1.58, -1.22, -1.23, -1.71, -1.71, -1.72, -1.73, -1.75, -1.75, -1.85, -1.92, -1.98, -2.01, -1.93, -1.95, -1.73, -1.69, -1.64, -1.6, -1.57, -1.55, -1.73, -1.74, -1.74, -1.75, -1.77, -1.78, -1.8, -1.8, -1.96, -1.99, -2.02, -2.04, -1.93, -1.65, -1.64, -1.62, -1.58, -1.55, -1.53, -1.51, -1.76, -1.77, -1.78, -1.79, -1.81, -1.84, -1.86, -1.89, -2.06, -2.07, -2.09, -2.09, -2.17, -1.59, -1.58, -1.56, -1.54, -1.51, -1.48, -1.47, -1.78, -1.8, -1.81, -1.86, -1.87, -1.89, -1.92, -1.95, -1.98, -1.99, -1.97, -2.14, -1.77, -1.55, -1.53, -1.54, -1.56, -1.48, -1.43, -1.43, -1.83, -1.84, -1.85, -1.86, -1.88, -1.91, -1.95, -2.0, -2.08, -2.11, -2.05, -2.03, -1.8, -1.68, -1.59, -1.5, -1.72, -1.34, -1.34, -1.38, -1.83, -1.83, -1.84, -1.86, -1.88, -1.91, -1.95, -2.04, -2.18, -2.31, -2.11, -2.02, -1.96, -1.68, -1.57, -1.47, -1.25, -1.06, -1.27, -1.35, -1.82, -1.83, -1.84, -1.85, -1.87, -1.89, -1.93, -2.01, -2.15, -2.26, -2.09, -1.96, -1.91, -1.69, -1.57, -1.26, -1.2, -1.16, -1.29, -1.35, -1.82, -1.82, -1.83, -1.83, -1.84, -1.86, -1.88, -1.92, -1.95, -1.94, -1.89, -1.83, -1.83, -1.25, -1.25, -1.24, -1.22, -1.21, -1.21, -1.23, -1.81, -1.81, -1.81, -1.82, -1.82, -1.82, -1.82, -1.8, -1.76, -1.69, -1.61, -1.46, -1.43, -1.38, -1.24, -1.24, -1.23, -1.22, -1.23, -1.23, -1.8, -1.8, -1.8, -1.8, -1.79, -1.78, -1.76, -1.71, -1.62, -1.46, -1.23, -1.35, -1.38, -1.37, -1.23, -1.23, -1.23, -1.23, -1.23, -1.24, -1.79, -1.79, -1.79, -1.78, -1.77, -1.75, -1.72, -1.66, -1.44, -1.33, -1.26, -1.33, -1.36, -1.36, -1.23, -1.23, -1.23, -1.23, -1.23, -1.24, -1.78, -1.78, -1.77, -1.76, -1.75, -1.73, -1.7, -1.65, -1.43, -1.37, -1.34, -1.35, -1.36, -1.36, -1.22, -1.23, -1.23, -1.23, -1.24, -1.24, -1.78, -1.77, -1.76, -1.75, -1.74, -1.72, -1.69, -1.46, -1.43, -1.4, -1.38, -1.37, -1.37, -1.36, -1.22, -1.23, -1.23, -1.23, -1.24, -1.24]}, {"header": {"refTime": "2023-09-09T06:00:00.000Z", "nx": 21, "ny": 33, "lo1": 113.509, "la1": 22.2235, "lo2": 113.5947, "la2": 22.1034, "dx": 0.0042850000000001385, "dy": 0.003753125000000024, "parameterCategory": 2, "parameterCategoryName": "Temperature", "parameterNumber": 3}, "data": [0.09, 0.09, 0.08, 0.27, 0.25, 0.4, 0.36, 0.32, 0.32, 0.39, 0.49, 0.59, 1.29, 1.37, 2.07, 2.24, 3.32, 3.41, 3.48, 3.52, 0.09, 0.09, 0.09, 0.08, 0.25, 0.22, 0.32, 0.23, 0.19, 0.31, 0.48, 0.62, 1.33, 1.42, 2.11, 3.22, 3.36, 3.47, 3.55, 3.59, 0.1, 0.1, 0.09, 0.09, 0.27, 0.23, 0.17, 0.16, -0.08, 0.24, 0.51, 0.7, 1.4, 1.48, 3.01, 3.24, 3.43, 3.56, 3.64, 3.68, 0.1, 0.1, 0.1, 0.1, 0.09, 0.26, 0.21, 0.13, 0.05, 0.35, 0.61, 0.84, 1.48, 1.7, 2.97, 3.3, 3.55, 3.71, 3.78, 3.79, 0.1, 0.1, 0.11, 0.11, 0.11, 0.31, 0.29, 0.26, 0.25, 0.52, 0.72, 1.63, 1.53, 1.69, 3.0, 3.43, 3.77, 3.95, 3.97, 3.93, 0.1, 0.1, 0.11, 0.12, 0.13, 0.15, 0.37, 0.38, 0.4, 0.42, 1.63, 1.71, 1.68, 2.47, 3.14, 3.65, 4.12, 4.31, 4.21, 4.07, 0.83, 0.1, 0.11, 0.12, 0.14, 0.17, 0.44, 0.47, 0.5, 1.16, 1.32, 1.92, 2.88, 2.87, 3.34, 3.88, 4.58, 4.84, 4.57, 4.35, 0.83, 0.8, 0.77, 0.79, 0.77, 0.35, 0.41, 0.51, 0.77, 1.07, 0.96, 2.8, 3.13, 3.2, 4.27, 4.57, 4.93, 5.06, 4.86, 4.73, 0.84, 0.81, 0.76, 0.7, 0.7, 0.71, 0.79, 0.45, 0.96, 1.2, 2.32, 3.02, 3.56, 3.3, 4.25, 4.47, 4.69, 4.79, 4.75, 4.68, 1.4, 1.34, 1.26, 0.68, 0.55, 0.51, 0.74, 0.99, 1.28, 1.21, 2.72, 3.19, 3.64, 3.35, 4.24, 4.39, 4.54, 4.62, 4.63, 4.61, 1.41, 1.36, 1.28, 1.14, 0.84, -0.03, 1.08, 1.67, 1.47, 1.51, 2.63, 3.08, 3.25, 3.22, 4.25, 4.35, 4.45, 4.51, 4.54, 4.54, 1.44, 1.41, 1.35, 1.26, 1.12, 1.05, 1.49, 2.03, 2.24, 2.9, 2.64, 3.47, 3.55, 3.1, 4.25, 4.32, 4.39, 3.79, 3.8, 3.8, 1.48, 1.46, 1.44, 1.43, 1.47, 1.65, 1.95, 2.1, 2.2, 2.04, 3.01, 3.38, 3.47, 2.98, 2.9, 3.45, 3.49, 3.54, 3.58, 3.6, 1.52, 1.52, 1.53, 1.57, 1.67, 1.9, 2.26, 2.07, 2.04, 1.99, 2.97, 2.63, 2.58, 2.51, 2.63, 3.13, 3.19, 3.27, 3.35, 3.41, 1.56, 1.57, 1.6, 1.65, 1.74, 1.88, 2.0, 2.51, 2.54, 2.55, 2.56, 2.01, 2.34, 2.23, 2.16, 2.76, 2.87, 3.01, 3.13, 3.23, 1.59, 1.61, 1.66, 1.71, 1.78, 2.52, 2.53, 2.54, 2.55, 2.56, 2.1, 1.95, 1.78, 1.95, 1.85, 2.09, 2.25, 2.41, 2.84, 2.98, 1.66, 1.69, 1.73, 1.78, 2.54, 2.55, 2.56, 2.57, 2.58, 2.58, 2.09, 1.91, 1.68, 1.43, 1.43, 1.66, 1.93, 2.15, 2.3, 2.4, 1.71, 1.74, 1.78, 1.84, 2.56, 2.57, 2.58, 2.61, 2.62, 2.26, 2.07, 1.9, 1.63, 1.44, 0.97, 1.58, 1.96, 2.21, 2.37, 2.47, 1.74, 1.78, 1.82, 2.56, 2.57, 2.58, 2.6, 2.64, 2.59, 2.34, 1.95, 1.71, 1.91, 1.63, 1.52, 1.8, 2.12, 2.35, 2.48, 2.57, 1.77, 1.81, 2.26, 2.28, 2.3, 2.33, 2.39, 2.48, 2.38, 2.17, 1.94, 1.74, 2.08, 1.94, 2.03, 2.19, 2.39, 2.55, 2.64, 2.68, 2.23, 2.23, 2.24, 2.25, 2.26, 2.28, 2.32, 2.35, 2.13, 2.02, 1.88, 1.74, 2.25, 2.34, 2.42, 2.55, 2.69, 2.78, 2.81, 2.81, 2.21, 2.21, 2.21, 2.21, 2.22, 2.22, 2.22, 1.95, 1.94, 1.88, 1.81, 1.72, 2.02, 2.6, 2.71, 2.86, 2.98, 3.01, 2.98, 2.93, 2.19, 2.19, 2.18, 1.78, 1.79, 1.8, 1.8, 1.79, 1.76, 1.73, 1.71, 2.45, 2.75, 2.77, 2.92, 3.1, 3.27, 3.23, 3.11, 3.02, 1.72, 1.72, 1.73, 1.73, 1.72, 1.72, 1.7, 1.67, 1.63, 1.6, 1.6, 1.89, 2.7, 2.92, 3.12, 3.23, 3.57, 3.32, 3.18, 3.08, 1.69, 1.69, 1.68, 1.68, 1.66, 1.65, 1.62, 1.58, 1.54, 1.51, 1.53, 1.81, 2.0, 2.89, 3.09, 3.25, 3.27, 3.22, 3.17, 3.09, 1.67, 1.66, 1.65, 1.63, 1.61, 1.59, 1.56, 1.52, 1.49, 1.48, 1.6, 1.72, 1.9, 2.85, 3.03, 3.05, 3.15, 3.16, 3.13, 3.07, 1.64, 1.63, 1.61, 1.59, 1.57, 1.54, 1.5, 1.46, 1.43, 1.39, 1.52, 1.61, 1.78, 2.52, 2.74, 2.91, 3.01, 3.05, 3.04, 3.02, 1.62, 1.6, 1.58, 1.56, 1.53, 1.5, 1.45, 1.4, 1.33, 1.36, 1.33, 1.36, 1.52, 1.7, 2.59, 2.76, 2.87, 2.93, 2.95, 2.95, 1.6, 1.58, 1.56, 1.54, 1.5, 1.46, 1.41, 1.34, 1.25, 1.17, 0.97, 1.23, 1.45, 1.63, 2.46, 2.64, 2.75, 2.83, 2.86, 2.88, 1.58, 1.56, 1.54, 1.52, 1.48, 1.44, 1.39, 1.32, 1.28, 1.14, 1.06, 1.23, 1.42, 1.58, 2.37, 2.54, 2.66, 2.73, 2.78, 2.81, 1.57, 1.55, 1.53, 1.5, 1.47, 1.43, 1.38, 1.32, 1.32, 1.25, 1.24, 1.32, 1.45, 1.57, 2.32, 2.47, 2.58, 2.66, 2.71, 2.75, 1.56, 1.54, 1.52, 1.49, 1.46, 1.43, 1.39, 1.42, 1.38, 1.35, 1.35, 1.4, 1.49, 1.58, 2.3, 2.43, 2.53, 2.6, 2.66, 2.7]}, {"header": {"refTime": "2023-09-09T06:00:00.000Z", "nx": 21, "ny": 33, "lo1": 113.509, "la1": 22.2235, "lo2": 113.5947, "la2": 22.1034, "dx": 0.0042850000000001385, "dy": 0.003753125000000024, "parameterCategory": 0, "parameterCategoryName": "Temperature", "parameterNumber": 0}, "data": [[24.75, 24.75, 24.74, 24.48, 24.49, 24.65, 24.65, 24.66, 24.67, 24.63, 24.62, 24.62, 24.74, 24.74, 24.71, 24.71, 24.7, 24.7, 24.69, 24.69], [24.76, 24.75, 24.75, 24.74, 24.49, 24.51, 24.65, 24.66, 24.67, 24.64, 24.63, 24.63, 24.74, 24.75, 24.72, 24.71, 24.7, 24.69, 24.69, 24.69], [24.76, 24.76, 24.75, 24.74, 24.49, 24.5, 24.53, 24.67, 24.69, 24.65, 24.63, 24.63, 24.75, 24.75, 24.72, 24.71, 24.7, 24.69, 24.69, 24.68], [24.77, 24.76, 24.76, 24.74, 24.73, 24.49, 24.51, 24.55, 24.59, 24.63, 24.62, 24.65, 24.76, 24.66, 24.72, 24.7, 24.69, 24.68, 24.68, 24.68], [24.78, 24.77, 24.76, 24.75, 24.74, 24.47, 24.48, 24.49, 24.49, 24.58, 24.6, 24.66, 24.74, 24.68, 24.72, 24.7, 24.68, 24.67, 24.67, 24.67], [24.79, 24.79, 24.78, 24.77, 24.75, 24.72, 24.45, 24.44, 24.43, 24.4, 24.54, 24.62, 24.69, 24.77, 24.71, 24.69, 24.66, 24.65, 24.66, 24.66], [24.84, 24.8, 24.8, 24.79, 24.77, 24.73, 24.55, 24.41, 24.39, 24.37, 24.37, 24.56, 24.74, 24.75, 24.7, 24.67, 24.64, 24.63, 24.64, 24.65], [24.86, 24.86, 24.86, 24.86, 24.84, 24.66, 24.58, 24.48, 24.39, 24.35, 24.27, 24.55, 24.55, 24.75, 24.64, 24.65, 24.63, 24.62, 24.63, 24.64], [24.74, 24.75, 24.9, 24.91, 24.91, 24.88, 24.78, 24.55, 24.34, 24.38, 24.39, 24.47, 24.5, 24.45, 24.64, 24.65, 24.64, 24.63, 24.64, 24.64], [25.2, 25.2, 25.2, 24.83, 24.88, 25.02, 24.92, 24.78, 24.29, 24.3, 24.5, 24.42, 24.45, 24.43, 24.64, 24.66, 24.65, 24.64, 24.64, 24.65], [25.2, 25.2, 25.2, 25.2, 25.2, 25.2, 25.2, 25.2, 24.92, 24.33, 24.2, 24.39, 24.41, 24.41, 24.64, 24.66, 24.65, 24.65, 24.65, 24.65], [25.2, 25.2, 25.2, 25.2, 25.2, 25.2, 25.2, 25.2, 25.2, -999.0, 24.2, 24.7, 24.7, 24.4, 24.64, 24.66, 24.66, 24.15, 24.16, 24.16], [25.2, 25.2, 25.2, 25.2, 25.2, 25.2, 25.2, 25.2, 25.2, 25.2, -999.0, 24.7, 24.7, 24.11, 24.37, 24.31, 24.31, 24.22, 24.23, 24.24], [25.2, 25.2, 25.2, 25.2, 25.2, 25.2, 25.2, 25.2, 25.2, 25.2, -999.0, 23.8, 23.8, 23.8, 24.29, 24.24, 24.25, 24.15, 24.18, 24.19], [25.2, 25.2, 25.2, 25.2, 25.2, 25.2, 25.2, 24.6, 24.6, 24.6, 24.6, 24.29, 23.8, 23.8, 23.8, 24.17, 24.19, 24.1, 24.13, 24.15], [25.2, 25.2, 24.82, 24.82, 24.8, 24.6, 24.6, 24.6, 24.6, 24.6, 24.1, 24.15, 24.08, 24.01, 24.09, 23.87, 23.88, 23.86, 24.06, 24.08], [24.81, 24.81, 24.99, 24.98, 24.6, 24.6, 24.6, 24.6, 24.6, 24.6, 24.26, 24.16, 24.05, 23.96, 23.92, 23.87, 23.9, 23.92, 23.93, 23.95], [24.99, 24.98, 24.97, 24.95, 24.6, 24.6, 24.6, 24.6, 24.6, 24.4, 24.29, 24.17, 24.04, 23.93, 23.82, 23.86, 23.9, 23.93, 23.94, 23.95], [24.97, 24.96, 24.95, 24.6, 24.6, 24.6, 24.6, 24.6, 24.53, 24.44, 24.41, 24.31, 24.06, 23.96, 23.86, 23.89, 23.92, 23.94, 23.95, 23.96], [24.97, 24.96, 24.71, 24.71, 24.7, 24.69, 24.67, 24.63, 24.55, 24.5, 24.43, 24.35, 24.08, 24.02, 23.91, 23.92, 23.94, 23.96, 23.97, 23.97], [24.72, 24.72, 24.72, 24.68, 24.68, 24.67, 24.67, 24.66, 24.52, 24.5, 24.45, 24.39, 24.1, 23.94, 23.94, 23.96, 23.97, 23.98, 23.98, 23.98], [24.69, 24.69, 24.69, 24.69, 24.69, 24.69, 24.68, 24.67, 24.53, 24.52, 24.48, 24.43, 24.19, 23.96, 23.97, 23.98, 23.99, 24.0, 24.0, 24.0], [24.7, 24.7, 24.7, 24.67, 24.67, 24.68, 24.68, 24.69, 24.7, 24.7, 24.7, 24.53, 24.33, 23.98, 23.99, 24.0, 24.01, 24.02, 24.01, 24.01], [24.67, 24.67, 24.67, 24.68, 24.68, 24.68, 24.69, 24.7, 24.72, 24.73, 24.72, 24.55, 24.34, 24.26, 24.19, 24.01, 24.01, 24.04, 24.03, 24.02], [24.67, 24.67, 24.68, 24.68, 24.68, 24.69, 24.7, 24.72, 24.74, 24.77, 24.73, 24.58, 24.5, 24.27, 24.2, 24.14, 24.04, 24.06, 24.03, 24.02], [24.67, 24.67, 24.68, 24.68, 24.68, 24.69, 24.7, 24.71, 24.74, 24.76, 24.65, 24.58, 24.52, 24.28, 24.22, 24.14, 24.11, 24.11, 24.03, 24.02], [24.67, 24.67, 24.68, 24.68, 24.68, 24.69, 24.69, 24.7, 24.71, 24.71, 24.62, 24.58, 24.53, 24.25, 24.2, 24.17, 24.14, 24.14, 24.14, 24.14], [24.67, 24.67, 24.68, 24.68, 24.68, 24.68, 24.68, 24.69, 24.68, 24.61, 24.59, 24.59, 24.55, 24.51, 24.23, 24.2, 24.17, 24.16, 24.16, 24.16], [24.67, 24.67, 24.67, 24.68, 24.68, 24.68, 24.68, 24.67, 24.66, 24.59, 24.6, 24.58, 24.56, 24.52, 24.26, 24.22, 24.2, 24.18, 24.18, 24.17], [24.67, 24.67, 24.67, 24.67, 24.67, 24.67, 24.67, 24.67, 24.6, 24.59, 24.59, 24.58, 24.55, 24.53, 24.28, 24.24, 24.22, 24.2, 24.19, 24.19], [24.67, 24.67, 24.67, 24.67, 24.67, 24.67, 24.67, 24.66, 24.59, 24.58, 24.58, 24.57, 24.55, 24.53, 24.29, 24.26, 24.23, 24.22, 24.21, 24.2], [24.67, 24.67, 24.67, 24.67, 24.67, 24.67, 24.67, 24.58, 24.58, 24.57, 24.57, 24.56, 24.54, 24.53, 24.29, 24.27, 24.25, 24.23, 24.22, 24.21]]}]