gis_exercise/awsData/contour/wdir_2023091223.json
[{"header": {"refTime": "2023-09-12T23:00:00.000Z", "nx": 21, "ny": 33, "lo1": 113.509, "la1": 22.2235, "lo2": 113.5947, "la2": 22.1034, "dx": 0.0042850000000001385, "dy": 0.003753125000000024, "parameterCategory": 2, "parameterCategoryName": "Temperature", "parameterNumber": 2}, "data": [-1.75, -1.75, -1.74, -1.75, -1.73, -1.94, -1.9, -1.86, -1.86, -1.82, -1.9, -1.98, -2.45, -2.51, -3.28, -3.42, -4.1, -4.18, -4.23, -4.27, -1.76, -1.75, -1.74, -1.73, -1.73, -1.7, -1.86, -1.78, -1.73, -1.76, -1.9, -2.01, -2.49, -2.55, -3.32, -4.02, -4.14, -4.23, -4.3, -4.33, -1.76, -1.76, -1.75, -1.74, -1.75, -1.72, -1.67, -1.71, -1.48, -1.7, -1.92, -2.08, -2.56, -2.61, -3.86, -4.04, -4.2, -4.32, -4.38, -4.41, -1.77, -1.77, -1.76, -1.76, -1.75, -1.75, -1.71, -1.64, -1.57, -1.78, -2.0, -2.21, -2.66, -2.75, -3.84, -4.1, -4.31, -4.45, -4.51, -4.51, -1.78, -1.78, -1.78, -1.78, -1.77, -1.79, -1.77, -1.75, -1.73, -1.9, -2.07, -2.72, -2.77, -2.76, -3.86, -4.21, -4.5, -4.66, -4.68, -4.63, -1.78, -1.78, -1.79, -1.79, -1.8, -1.82, -1.85, -1.86, -1.86, -1.83, -2.59, -2.71, -2.78, -3.39, -3.95, -4.39, -4.81, -4.99, -4.9, -4.76, -3.06, -1.79, -1.79, -1.8, -1.82, -1.85, -1.99, -1.98, -1.99, -2.27, -2.3, -2.73, -3.57, -3.62, -4.07, -4.58, -5.24, -5.49, -5.32, -5.14, -3.07, -3.03, -2.96, -2.74, -2.71, -1.93, -1.99, -2.09, -2.27, -2.21, -2.01, -3.31, -3.56, -3.84, -4.77, -5.09, -5.49, -5.64, -5.42, -5.28, -3.1, -3.04, -2.97, -2.88, -2.64, -2.64, -2.71, -2.02, -2.64, -2.31, -3.06, -3.62, -4.15, -3.9, -4.76, -5.0, -5.24, -5.34, -5.3, -5.22, -3.94, -3.86, -3.74, -2.87, -2.66, -2.43, -2.71, -3.0, -3.1, -2.96, -3.41, -3.83, -4.3, -3.98, -4.76, -4.92, -5.07, -5.16, -5.17, -5.14, -3.97, -3.89, -3.78, -3.57, -3.11, -1.81, -3.43, -4.22, -3.67, -3.46, -4.09, -3.74, -3.89, -3.86, -4.77, -4.87, -4.97, -5.04, -5.07, -5.07, -4.02, -3.97, -3.89, -3.76, -3.55, -3.44, -4.06, -4.68, -4.89, -5.32, -4.25, -4.62, -4.58, -3.74, -4.77, -4.84, -4.91, -4.67, -4.69, -4.68, -4.08, -4.06, -4.04, -4.03, -4.1, -4.42, -4.89, -4.89, -4.9, -4.74, -5.32, -4.65, -4.6, -3.76, -3.7, -4.4, -4.43, -4.47, -4.5, -4.53, -4.14, -4.15, -4.18, -4.25, -4.43, -4.84, -5.56, -5.01, -4.83, -4.73, -5.35, -4.31, -4.17, -4.04, -3.52, -4.14, -4.2, -4.26, -4.32, -4.37, -4.2, -4.23, -4.28, -4.37, -4.54, -4.79, -4.98, -4.65, -4.39, -4.19, -4.05, -2.84, -3.95, -3.79, -3.69, -3.85, -3.95, -4.05, -4.15, -4.23, -4.25, -4.28, -3.03, -3.13, -3.26, -4.27, -4.22, -4.04, -3.85, -3.73, -2.62, -2.61, -2.58, -2.51, -2.54, -3.08, -3.16, -3.24, -3.58, -3.67, -2.85, -2.88, -2.91, -2.95, -3.88, -3.78, -3.57, -3.29, -3.11, -3.13, -2.31, -2.41, -2.45, -2.46, -2.27, -2.49, -2.52, -2.54, -2.56, -2.57, -2.79, -2.8, -2.79, -2.77, -3.56, -3.33, -2.94, -2.42, -2.15, -1.94, -2.2, -2.25, -2.36, -2.25, -2.38, -2.48, -2.52, -2.55, -2.57, -2.57, -2.73, -2.71, -2.68, -3.51, -3.31, -3.0, -2.49, -1.66, -0.83, -1.57, -1.55, -1.81, -2.04, -2.22, -2.47, -2.51, -2.55, -2.57, -2.58, -2.59, -2.67, -2.64, -3.01, -2.9, -2.73, -2.48, -2.11, -1.58, -0.96, -1.29, -1.61, -1.84, -2.03, -2.2, -2.54, -2.56, -2.58, -2.6, -2.6, -2.6, -3.09, -3.03, -2.95, -2.85, -2.7, -2.51, -2.26, -2.01, -1.43, -1.58, -1.78, -1.93, -2.06, -2.58, -2.59, -2.61, -2.63, -2.63, -2.62, -2.61, -3.05, -2.99, -2.92, -2.84, -2.73, -2.6, -2.46, -1.66, -1.82, -1.91, -1.99, -2.06, -3.0, -2.61, -2.64, -2.67, -2.69, -2.68, -2.64, -2.62, -3.03, -2.98, -2.92, -1.8, -1.82, -1.84, -1.88, -1.95, -2.05, -2.11, -2.1, -2.48, -2.92, -2.63, -2.67, -2.73, -2.8, -2.72, -2.64, -2.61, -1.83, -1.84, -1.85, -1.87, -1.91, -1.97, -2.06, -2.21, -2.39, -2.48, -2.37, -2.91, -2.93, -2.88, -2.84, -2.74, -3.03, -2.63, -2.59, -2.59, -1.86, -1.87, -1.9, -1.93, -1.98, -2.06, -2.18, -2.37, -2.69, -2.95, -2.58, -2.88, -2.86, -2.87, -2.81, -2.76, -2.54, -2.37, -2.53, -2.57, -1.88, -1.9, -1.93, -1.97, -2.02, -2.1, -2.22, -2.4, -2.68, -2.91, -2.9, -2.79, -2.78, -2.87, -2.8, -2.49, -2.47, -2.44, -2.53, -2.56, -1.9, -1.92, -1.95, -1.99, -2.04, -2.11, -2.19, -2.3, -2.42, -2.44, -2.66, -2.63, -2.66, -2.31, -2.38, -2.43, -2.44, -2.44, -2.45, -2.45, -1.91, -1.94, -1.96, -2.0, -2.04, -2.09, -2.14, -2.18, -2.19, -2.41, -2.32, -2.2, -2.24, -2.24, -2.32, -2.38, -2.41, -2.42, -2.43, -2.43, -1.92, -1.94, -1.97, -2.0, -2.03, -2.06, -2.08, -2.09, -2.04, -2.12, -1.83, -2.05, -2.16, -2.2, -2.28, -2.33, -2.37, -2.39, -2.4, -2.41, -1.93, -1.95, -1.97, -1.99, -2.01, -2.03, -2.04, -2.03, -2.15, -2.0, -1.9, -2.03, -2.13, -2.18, -2.24, -2.3, -2.34, -2.36, -2.38, -2.39, -1.93, -1.95, -1.96, -1.98, -2.0, -2.01, -2.01, -2.0, -2.16, -2.08, -2.04, -2.08, -2.14, -2.18, -2.23, -2.28, -2.32, -2.34, -2.36, -2.37, -1.93, -1.94, -1.96, -1.97, -1.98, -1.99, -1.99, -2.23, -2.18, -2.14, -2.12, -2.13, -2.16, -2.18, -2.22, -2.26, -2.3, -2.32, -2.34, -2.36]}, {"header": {"refTime": "2023-09-12T23:00:00.000Z", "nx": 21, "ny": 33, "lo1": 113.509, "la1": 22.2235, "lo2": 113.5947, "la2": 22.1034, "dx": 0.0042850000000001385, "dy": 0.003753125000000024, "parameterCategory": 2, "parameterCategoryName": "Temperature", "parameterNumber": 3}, "data": [0.02, 0.02, 0.02, 0.24, 0.22, 0.22, 0.2, 0.17, 0.17, 0.25, 0.32, 0.38, 0.69, 0.74, 1.16, 1.26, 1.86, 1.91, 1.95, 1.97, 0.02, 0.02, 0.02, 0.02, 0.22, 0.19, 0.17, 0.12, 0.08, 0.19, 0.31, 0.4, 0.71, 0.76, 1.18, 1.8, 1.88, 1.94, 1.99, 2.01, 0.02, 0.02, 0.02, 0.02, 0.23, 0.2, 0.15, 0.07, -0.09, 0.15, 0.33, 0.45, 0.76, 0.8, 1.68, 1.81, 1.92, 2.0, 2.04, 2.06, 0.02, 0.02, 0.03, 0.03, 0.03, 0.23, 0.19, 0.12, 0.05, 0.23, 0.4, 0.52, 0.81, 1.0, 1.66, 1.85, 1.99, 2.08, 2.12, 2.13, 0.02, 0.02, 0.03, 0.03, 0.04, 0.27, 0.25, 0.23, 0.22, 0.37, 0.48, 0.96, 0.88, 0.99, 1.68, 1.92, 2.12, 2.22, 2.23, 2.21, 0.02, 0.02, 0.03, 0.04, 0.05, 0.07, 0.31, 0.32, 0.34, 0.38, 1.02, 1.02, 0.97, 1.22, 1.76, 2.05, 2.32, 2.43, 2.37, 2.29, 0.41, 0.02, 0.02, 0.03, 0.05, 0.08, 0.34, 0.39, 0.42, 0.81, 0.91, 1.15, 1.41, 1.38, 1.86, 2.18, 2.59, 2.74, 2.47, 2.32, 0.41, 0.39, 0.38, 0.47, 0.46, 0.25, 0.31, 0.39, 0.54, 0.78, 0.79, 1.47, 1.58, 1.49, 2.12, 2.36, 2.67, 2.79, 2.62, 2.51, 0.41, 0.39, 0.36, 0.33, 0.4, 0.41, 0.48, 0.34, 0.72, 0.83, 1.23, 1.45, 1.55, 1.5, 2.06, 2.27, 2.47, 2.55, 2.52, 2.46, 0.76, 0.72, 0.67, 0.31, 0.22, 0.26, 0.43, 0.62, 0.92, 0.9, 1.34, 1.45, 1.53, 1.49, 2.03, 2.19, 2.32, 2.4, 2.41, 2.4, 0.77, 0.73, 0.68, 0.59, 0.4, -0.16, 0.57, 0.98, 0.94, 1.07, 1.36, 1.42, 1.46, 1.46, 2.03, 2.14, 2.24, 2.3, 2.33, 2.34, 0.78, 0.76, 0.72, 0.67, 0.57, 0.53, 0.83, 1.23, 1.4, 1.58, 1.41, 1.68, 1.68, 1.44, 2.04, 2.12, 2.19, 1.74, 1.76, 1.76, 0.81, 0.79, 0.78, 0.77, 0.78, 0.89, 1.07, 1.24, 1.35, 1.22, 1.55, 1.69, 1.68, 1.16, 1.12, 1.47, 1.52, 1.56, 1.6, 1.62, 0.83, 0.83, 0.83, 0.85, 0.9, 1.02, 1.19, 1.17, 1.2, 1.17, 1.54, 1.15, 1.06, 0.98, 0.96, 1.27, 1.33, 1.39, 1.45, 1.49, 0.86, 0.86, 0.87, 0.9, 0.95, 1.03, 1.09, 1.38, 1.41, 1.41, 1.41, 0.92, 0.92, 0.82, 0.76, 1.05, 1.13, 1.22, 1.3, 1.37, 0.87, 0.88, 0.77, 0.8, 0.84, 1.35, 1.36, 1.36, 1.37, 1.38, 0.97, 0.84, 0.69, 0.53, 0.47, 0.73, 0.85, 0.96, 1.44, 1.55, 0.76, 0.78, 0.8, 0.83, 1.35, 1.35, 1.34, 1.34, 1.34, 1.35, 0.93, 0.78, 0.59, 0.38, 0.36, 0.43, 0.62, 0.76, 0.86, 0.93, 0.78, 0.8, 0.82, 0.85, 1.35, 1.34, 1.32, 1.3, 1.29, 0.96, 0.82, 0.75, 0.54, 0.36, -0.02, 0.38, 0.64, 0.81, 0.91, 0.98, 0.8, 0.82, 0.84, 1.35, 1.34, 1.33, 1.3, 1.27, 1.16, 1.0, 0.6, 0.43, 0.74, 0.53, 0.34, 0.53, 0.75, 0.9, 0.99, 1.04, 0.81, 0.83, 0.88, 0.89, 0.9, 0.93, 0.97, 1.04, 0.95, 0.77, 0.58, 0.43, 0.89, 0.79, 0.69, 0.8, 0.94, 1.04, 1.09, 1.12, 0.84, 0.84, 0.84, 0.85, 0.85, 0.87, 0.89, 0.91, 0.71, 0.63, 0.51, 0.41, 1.04, 0.91, 0.96, 1.06, 1.16, 1.21, 1.21, 1.2, 0.82, 0.81, 0.81, 0.8, 0.8, 0.79, 0.79, 0.61, 0.53, 0.48, 0.42, 0.37, 0.76, 1.08, 1.17, 1.29, 1.39, 1.38, 1.33, 1.27, 0.79, 0.78, 0.77, 0.51, 0.51, 0.51, 0.49, 0.47, 0.43, 0.4, 0.4, 1.0, 1.03, 1.2, 1.32, 1.49, 1.66, 1.55, 1.4, 1.32, 0.49, 0.48, 0.48, 0.47, 0.46, 0.44, 0.4, 0.35, 0.28, 0.24, 0.28, 0.66, 0.99, 1.19, 1.38, 1.56, 2.07, 1.51, 1.38, 1.33, 0.47, 0.46, 0.45, 0.44, 0.42, 0.39, 0.34, 0.27, 0.15, 0.06, 0.18, 0.58, 0.82, 1.15, 1.32, 1.45, 1.39, 1.18, 1.32, 1.31, 0.45, 0.44, 0.43, 0.41, 0.39, 0.36, 0.31, 0.24, 0.14, 0.07, 0.33, 0.54, 0.75, 1.1, 1.25, 1.38, 1.36, 1.32, 1.3, 1.3, 0.44, 0.43, 0.41, 0.4, 0.37, 0.34, 0.3, 0.26, 0.21, 0.19, 0.4, 0.53, 0.7, 1.13, 1.24, 1.3, 1.32, 1.32, 1.33, 1.33, 0.43, 0.42, 0.4, 0.38, 0.36, 0.34, 0.31, 0.28, 0.25, 0.38, 0.41, 0.24, 0.26, 0.3, 1.16, 1.23, 1.27, 1.29, 1.3, 1.31, 0.42, 0.41, 0.39, 0.38, 0.36, 0.33, 0.31, 0.29, 0.28, 0.37, 0.26, 0.25, 0.27, 0.3, 1.09, 1.17, 1.22, 1.25, 1.27, 1.28, 0.41, 0.4, 0.39, 0.37, 0.36, 0.34, 0.32, 0.3, 0.23, 0.25, 0.26, 0.26, 0.27, 0.29, 1.05, 1.12, 1.18, 1.21, 1.24, 1.25, 0.41, 0.4, 0.38, 0.37, 0.36, 0.34, 0.33, 0.31, 0.24, 0.25, 0.26, 0.26, 0.28, 0.29, 1.02, 1.09, 1.14, 1.18, 1.21, 1.22, 0.4, 0.39, 0.38, 0.37, 0.36, 0.35, 0.33, 0.24, 0.25, 0.25, 0.26, 0.27, 0.28, 0.29, 1.01, 1.07, 1.12, 1.16, 1.18, 1.2]}, {"header": {"refTime": "2023-09-12T23:00:00.000Z", "nx": 21, "ny": 33, "lo1": 113.509, "la1": 22.2235, "lo2": 113.5947, "la2": 22.1034, "dx": 0.0042850000000001385, "dy": 0.003753125000000024, "parameterCategory": 0, "parameterCategoryName": "Temperature", "parameterNumber": 0}, "data": [[26.77, 26.76, 26.76, 26.48, 26.5, 26.79, 26.8, 26.8, 26.81, 26.7, 26.7, 26.7, 26.92, 26.93, 26.95, 26.95, 26.95, 26.94, 26.94, 26.94], [26.77, 26.76, 26.76, 26.76, 26.49, 26.52, 26.79, 26.8, 26.81, 26.72, 26.71, 26.72, 26.93, 26.94, 26.96, 26.95, 26.95, 26.94, 26.94, 26.94], [26.77, 26.77, 26.76, 26.76, 26.49, 26.51, 26.56, 26.8, 26.8, 26.73, 26.71, 26.73, 26.95, 26.95, 26.97, 26.96, 26.95, 26.94, 26.94, 26.93], [26.77, 26.77, 26.76, 26.76, 26.75, 26.5, 26.53, 26.58, 26.64, 26.7, 26.7, 26.77, 26.98, 26.79, 26.97, 26.95, 26.94, 26.94, 26.93, 26.93], [26.77, 26.77, 26.77, 26.76, 26.75, 26.47, 26.48, 26.5, 26.49, 26.62, 26.66, 26.81, 26.98, 26.83, 26.97, 26.95, 26.94, 26.93, 26.93, 26.93], [26.78, 26.78, 26.77, 26.76, 26.75, 26.74, 26.44, 26.43, 26.4, 26.35, 26.56, 26.72, 26.86, 27.0, 26.95, 26.94, 26.93, 26.92, 26.92, 26.92], [26.78, 26.78, 26.78, 26.77, 26.76, 26.74, 26.47, 26.41, 26.38, 26.28, 26.25, 26.58, 26.93, 26.95, 26.94, 26.93, 26.91, 26.91, 26.94, 26.95], [26.79, 26.79, 26.79, 26.79, 26.78, 26.55, 26.51, 26.46, 26.45, 26.24, 26.05, 26.52, 26.53, 26.95, 26.86, 26.85, 26.87, 26.88, 26.87, 26.86], [26.71, 26.72, 26.81, 26.82, 26.82, 26.8, 26.74, 26.49, 26.31, 26.31, 26.25, 26.38, 26.44, 26.36, 26.86, 26.85, 26.86, 26.87, 26.86, 26.86], [27.0, 27.0, 27.0, 26.77, 26.8, 26.89, 26.83, 26.74, 26.16, 26.19, 26.45, 26.3, 26.34, 26.32, 26.86, 26.84, 26.85, 26.86, 26.86, 26.85], [27.0, 27.0, 27.0, 27.0, 27.0, 27.0, 27.0, 27.0, 26.82, 26.29, 25.9, 26.24, 26.28, 26.29, 26.86, 26.84, 26.85, 26.85, 26.85, 26.85], [27.0, 27.0, 27.0, 27.0, 27.0, 27.0, 27.0, 27.0, 27.0, -999.0, 25.9, 26.8, 26.8, 26.26, 26.86, 26.84, 26.84, 26.27, 26.29, 26.29], [27.0, 27.0, 27.0, 27.0, 27.0, 27.0, 27.0, 27.0, 27.0, 27.0, -999.0, 26.8, 26.8, 26.15, 26.43, 26.5, 26.51, 26.37, 26.39, 26.4], [27.0, 27.0, 27.0, 27.0, 27.0, 27.0, 27.0, 27.0, 27.0, 27.0, -999.0, 25.8, 25.8, 25.8, 26.35, 26.41, 26.43, 26.29, 26.32, 26.34], [27.0, 27.0, 27.0, 27.0, 27.0, 27.0, 27.0, 27.1, 27.1, 27.1, 27.1, 26.6, 25.8, 25.8, 25.8, 26.3, 26.34, 26.21, 26.25, 26.28], [27.0, 27.0, 27.06, 27.06, 27.07, 27.1, 27.1, 27.1, 27.1, 27.1, 26.28, 26.37, 26.25, 26.14, 26.26, 26.17, 26.22, 26.12, 26.36, 26.4], [27.06, 27.06, 27.04, 27.04, 27.1, 27.1, 27.1, 27.1, 27.1, 27.1, 26.54, 26.38, 26.21, 26.05, 26.07, 26.05, 26.14, 26.21, 26.26, 26.3], [27.04, 27.04, 27.04, 27.04, 27.1, 27.1, 27.1, 27.1, 27.1, 26.77, 26.6, 26.4, 26.2, 26.08, 25.84, 26.03, 26.15, 26.24, 26.29, 26.32], [27.04, 27.04, 27.04, 27.1, 27.1, 27.1, 27.1, 27.1, 26.98, 26.85, 26.71, 26.54, 26.34, 26.17, 26.01, 26.1, 26.21, 26.28, 26.33, 26.35], [27.04, 27.04, 27.04, 27.05, 27.05, 27.05, 27.06, 27.08, 26.97, 26.86, 26.73, 26.59, 26.41, 26.31, 26.18, 26.23, 26.3, 26.35, 26.38, 26.39], [27.04, 27.04, 27.04, 27.06, 27.06, 27.06, 27.07, 27.07, 26.87, 26.82, 26.73, 26.63, 26.48, 26.28, 26.31, 26.35, 26.4, 26.42, 26.43, 26.43], [27.05, 27.05, 27.05, 27.06, 27.06, 27.06, 27.06, 27.08, 26.84, 26.8, 26.75, 26.68, 26.51, 26.36, 26.4, 26.45, 26.49, 26.5, 26.49, 26.47], [27.05, 27.05, 27.05, 27.09, 27.09, 27.08, 27.08, 27.08, 27.07, 27.07, 27.07, 26.98, 26.79, 26.42, 26.47, 26.54, 26.6, 26.58, 26.53, 26.5], [27.09, 27.09, 27.09, 27.09, 27.09, 27.08, 27.08, 27.07, 27.06, 27.05, 27.06, 27.0, 26.79, 26.76, 26.73, 26.58, 26.71, 26.6, 26.55, 26.52], [27.09, 27.09, 27.09, 27.09, 27.09, 27.08, 27.08, 27.06, 27.04, 27.03, 27.05, 27.01, 27.0, 26.76, 26.72, 26.69, 26.58, 26.55, 26.54, 26.52], [27.09, 27.09, 27.09, 27.09, 27.09, 27.09, 27.08, 27.07, 27.05, 27.03, 27.03, 27.03, 27.01, 26.76, 26.73, 26.73, 26.69, 26.67, 26.53, 26.52], [27.1, 27.1, 27.09, 27.09, 27.09, 27.09, 27.09, 27.08, 27.08, 27.08, 27.05, 27.05, 27.03, 26.85, 26.8, 26.76, 26.73, 26.71, 26.72, 26.72], [27.1, 27.1, 27.1, 27.1, 27.1, 27.1, 27.1, 27.1, 27.11, 27.09, 27.1, 27.04, 26.99, 26.94, 26.83, 26.79, 26.76, 26.74, 26.74, 26.74], [27.1, 27.1, 27.1, 27.1, 27.1, 27.1, 27.11, 27.11, 27.13, 27.13, 27.16, 27.08, 27.01, 26.96, 26.85, 26.82, 26.79, 26.77, 26.76, 26.76], [27.1, 27.1, 27.1, 27.1, 27.1, 27.11, 27.11, 27.12, 27.06, 27.1, 27.13, 27.08, 27.02, 26.97, 26.87, 26.84, 26.81, 26.79, 26.78, 26.78], [27.1, 27.1, 27.1, 27.1, 27.11, 27.11, 27.11, 27.12, 27.05, 27.07, 27.07, 27.05, 27.01, 26.97, 26.88, 26.85, 26.83, 26.81, 26.8, 26.79], [27.1, 27.1, 27.1, 27.11, 27.11, 27.11, 27.12, 27.02, 27.03, 27.04, 27.04, 27.03, 27.0, 26.97, 26.89, 26.86, 26.84, 26.82, 26.81, 26.8]]}]