gis_exercise/awsData/contour/wdir_2023090921.json
[{"header": {"refTime": "2023-09-09T21:00:00.000Z", "nx": 21, "ny": 33, "lo1": 113.509, "la1": 22.2235, "lo2": 113.5947, "la2": 22.1034, "dx": 0.0042850000000001385, "dy": 0.003753125000000024, "parameterCategory": 2, "parameterCategoryName": "Temperature", "parameterNumber": 2}, "data": [-0.7, -0.69, -0.67, -0.69, -0.65, -0.92, -0.85, -0.79, -0.77, -0.69, -0.82, -0.95, -1.49, -1.57, -2.43, -2.59, -3.43, -3.51, -3.56, -3.6, -0.71, -0.7, -0.69, -0.66, -0.66, -0.6, -0.79, -0.65, -0.57, -0.59, -0.81, -1.0, -1.55, -1.64, -2.49, -3.35, -3.47, -3.56, -3.63, -3.66, -0.73, -0.72, -0.7, -0.68, -0.69, -0.63, -0.53, -0.54, -0.13, -0.5, -0.85, -1.1, -1.67, -1.73, -3.19, -3.37, -3.54, -3.65, -3.72, -3.75, -0.74, -0.73, -0.73, -0.71, -0.69, -0.68, -0.6, -0.47, -0.34, -0.64, -0.98, -1.29, -1.84, -2.0, -3.17, -3.43, -3.65, -3.79, -3.85, -3.85, -0.75, -0.75, -0.75, -0.75, -0.75, -0.77, -0.74, -0.69, -0.66, -0.84, -1.11, -1.98, -2.09, -2.03, -3.18, -3.55, -3.85, -4.01, -4.03, -3.98, -0.76, -0.77, -0.77, -0.78, -0.8, -0.82, -0.89, -0.91, -0.9, -0.86, -1.76, -1.94, -2.05, -2.62, -3.27, -3.73, -4.17, -4.35, -4.26, -4.11, -0.92, -0.78, -0.79, -0.81, -0.84, -0.89, -1.17, -1.14, -1.15, -1.44, -1.43, -1.9, -2.76, -2.8, -3.39, -3.92, -4.61, -4.87, -4.64, -4.44, -0.9, -0.91, -0.91, -1.93, -1.91, -1.07, -1.16, -1.35, -1.61, -1.37, -1.07, -2.4, -2.66, -2.97, -3.93, -4.32, -4.8, -4.98, -4.72, -4.54, -0.89, -0.88, -0.88, -0.88, -1.81, -1.82, -1.93, -1.22, -1.93, -1.49, -2.1, -2.67, -3.17, -2.93, -3.9, -4.2, -4.49, -4.62, -4.57, -4.47, -1.67, -1.63, -1.58, -0.83, -0.81, -1.53, -1.87, -2.24, -2.38, -2.21, -2.44, -2.85, -3.28, -2.99, -3.89, -4.09, -4.28, -4.39, -4.41, -4.38, -1.66, -1.62, -1.56, -1.47, -1.28, -0.68, -1.61, -2.38, -2.94, -2.74, -3.19, -2.76, -2.91, -2.88, -3.9, -4.03, -4.16, -4.25, -4.29, -4.29, -1.66, -1.62, -1.56, -1.49, -1.38, -1.35, -1.82, -2.95, -3.53, -3.51, -3.39, -3.76, -3.7, -2.77, -3.9, -4.0, -4.09, -3.84, -3.86, -3.86, -1.66, -1.63, -1.58, -1.53, -1.47, -1.43, -1.51, -2.56, -3.2, -2.77, -3.3, -3.81, -3.74, -2.81, -2.75, -3.52, -3.57, -3.62, -3.66, -3.69, -1.68, -1.65, -1.61, -1.57, -1.5, -1.34, -0.85, -1.84, -2.41, -2.47, -3.16, -3.45, -3.29, -3.15, -2.57, -3.26, -3.32, -3.4, -3.47, -3.52, -1.69, -1.67, -1.64, -1.61, -1.56, -1.48, -1.48, -1.59, -1.83, -1.89, -1.86, -2.06, -3.07, -2.9, -2.8, -2.96, -3.06, -3.18, -3.28, -3.37, -1.71, -1.69, -0.32, -0.32, -0.32, -1.34, -1.34, -1.4, -1.47, -1.52, -1.85, -1.82, -1.77, -1.58, -1.61, -2.25, -2.34, -2.44, -2.92, -3.03, -0.3, -0.29, -0.29, -0.28, -1.3, -1.23, -1.16, -1.09, -1.08, -1.15, -1.53, -1.6, -1.62, -1.6, -1.44, -1.75, -1.85, -1.92, -1.97, -2.01, -0.28, -0.27, -0.26, -0.24, -1.2, -1.08, -0.91, -0.68, -0.58, -0.22, -0.41, -1.44, -1.52, -1.41, -1.47, -1.72, -1.86, -1.95, -2.0, -2.03, -0.26, -0.25, -0.23, -1.21, -1.11, -0.96, -0.72, -0.31, 0.19, -0.11, -0.63, -0.87, -1.27, -1.42, -1.7, -1.8, -1.92, -2.0, -2.04, -2.07, -0.24, -0.23, -0.58, -0.55, -0.5, -0.43, -0.31, -0.13, -0.11, -0.4, -0.68, -0.88, -1.3, -1.45, -1.89, -1.95, -2.02, -2.08, -2.1, -2.11, -0.65, -0.64, -0.62, -0.6, -0.57, -0.52, -0.45, -0.37, -0.51, -0.64, -0.81, -0.94, -1.36, -2.0, -2.04, -2.09, -2.14, -2.17, -2.17, -2.15, -0.68, -0.68, -0.67, -0.66, -0.65, -0.64, -0.63, -0.87, -0.82, -0.9, -0.98, -1.04, -2.15, -2.1, -2.15, -2.22, -2.28, -2.27, -2.23, -2.19, -0.71, -0.72, -0.72, -1.09, -1.08, -1.09, -1.1, -1.14, -1.21, -1.26, -1.27, -1.6, -2.25, -2.16, -2.23, -2.34, -2.45, -2.37, -2.26, -2.21, -1.15, -1.15, -1.16, -1.17, -1.19, -1.22, -1.27, -1.36, -1.47, -1.53, -1.49, -2.24, -2.24, -2.29, -2.35, -2.38, -2.73, -2.31, -2.23, -2.2, -1.19, -1.2, -1.22, -1.24, -1.27, -1.32, -1.39, -1.51, -1.68, -1.81, -1.65, -2.2, -2.3, -2.28, -2.32, -2.35, -2.21, -2.04, -2.17, -2.19, -1.23, -1.24, -1.26, -1.29, -1.34, -1.39, -1.47, -1.58, -1.72, -1.82, -2.1, -2.17, -2.26, -2.26, -2.28, -2.28, -2.23, -2.19, -2.17, -2.18, -1.26, -1.28, -1.3, -1.34, -1.38, -1.44, -1.51, -1.59, -1.67, -1.71, -2.1, -2.15, -2.22, -2.21, -2.24, -2.25, -2.24, -2.23, -2.23, -2.24, -1.29, -1.31, -1.34, -1.37, -1.42, -1.47, -1.53, -1.6, -1.67, -2.06, -2.06, -1.9, -1.88, -1.86, -2.21, -2.23, -2.23, -2.23, -2.23, -2.24, -1.31, -1.33, -1.36, -1.4, -1.44, -1.49, -1.55, -1.61, -1.68, -2.02, -1.92, -1.9, -1.89, -1.87, -2.19, -2.21, -2.22, -2.23, -2.23, -2.23, -1.32, -1.35, -1.38, -1.41, -1.45, -1.5, -1.55, -1.61, -1.91, -1.91, -1.91, -1.9, -1.89, -1.87, -2.17, -2.2, -2.21, -2.22, -2.22, -2.23, -1.34, -1.36, -1.39, -1.42, -1.46, -1.5, -1.54, -1.59, -1.9, -1.9, -1.9, -1.9, -1.89, -1.87, -2.17, -2.19, -2.2, -2.21, -2.22, -2.22, -1.35, -1.37, -1.4, -1.43, -1.46, -1.49, -1.53, -1.9, -1.9, -1.9, -1.9, -1.89, -1.88, -1.87, -2.16, -2.18, -2.2, -2.21, -2.21, -2.22]}, {"header": {"refTime": "2023-09-09T21:00:00.000Z", "nx": 21, "ny": 33, "lo1": 113.509, "la1": 22.2235, "lo2": 113.5947, "la2": 22.1034, "dx": 0.0042850000000001385, "dy": 0.003753125000000024, "parameterCategory": 2, "parameterCategoryName": "Temperature", "parameterNumber": 3}, "data": [0.69, 0.66, 0.63, 0.37, 0.33, 0.65, 0.57, 0.5, 0.49, 0.46, 0.62, 0.78, 1.76, 1.88, 2.34, 2.51, 3.89, 3.96, 4.01, 4.05, 0.71, 0.68, 0.65, 0.6, 0.34, 0.27, 0.5, 0.34, 0.25, 0.34, 0.61, 0.84, 1.83, 1.96, 2.41, 3.8, 3.91, 4.0, 4.06, 4.1, 0.74, 0.71, 0.68, 0.63, 0.36, 0.3, 0.19, 0.22, -0.24, 0.23, 0.66, 0.97, 1.96, 2.06, 3.63, 3.81, 3.96, 4.07, 4.13, 4.16, 0.77, 0.75, 0.72, 0.68, 0.63, 0.36, 0.27, 0.12, -0.02, 0.4, 0.81, 1.2, 2.12, 2.37, 3.6, 3.86, 4.06, 4.18, 4.24, 4.25, 0.8, 0.79, 0.78, 0.75, 0.71, 0.45, 0.42, 0.36, 0.33, 0.65, 0.98, 2.3, 2.29, 2.39, 3.62, 3.96, 4.22, 4.35, 4.38, 4.35, 0.84, 0.84, 0.84, 0.83, 0.81, 0.79, 0.57, 0.6, 0.6, 0.58, 2.16, 2.35, 2.39, 3.18, 3.75, 4.14, 4.48, 4.62, 4.55, 4.45, 1.34, 0.89, 0.9, 0.9, 0.91, 0.91, 1.17, 0.82, 0.85, 1.56, 1.68, 2.51, 3.58, 3.54, 3.93, 4.32, 4.82, 5.01, 4.72, 4.54, 1.34, 1.34, 1.34, 2.11, 2.07, 1.21, 1.19, 1.2, 1.39, 1.44, 1.11, 3.34, 3.73, 3.81, 4.62, 4.82, 5.07, 5.17, 5.03, 4.94, 1.34, 1.34, 1.35, 1.36, 2.06, 2.04, 2.03, 1.19, 1.63, 1.64, 2.59, 3.42, 3.87, 3.65, 4.59, 4.75, 4.91, 4.98, 4.95, 4.9, 2.15, 2.13, 2.1, 1.36, 1.38, 1.95, 2.12, 2.29, 2.1, 1.94, 3.01, 3.48, 3.87, 3.65, 4.57, 4.69, 4.79, 4.86, 4.87, 4.85, 2.14, 2.12, 2.08, 2.02, 1.9, 1.51, 2.14, 2.67, 2.89, 2.46, 3.2, 3.38, 3.54, 3.53, 4.57, 4.65, 4.73, 4.78, 4.8, 4.8, 2.14, 2.11, 2.08, 2.03, 1.96, 1.94, 2.26, 3.08, 3.51, 3.58, 3.36, 4.29, 4.29, 3.41, 4.57, 4.63, 4.69, 4.12, 4.14, 4.14, 2.14, 2.12, 2.09, 2.05, 2.0, 1.96, 1.99, 2.78, 3.25, 2.94, 3.47, 4.29, 4.29, 3.62, 3.56, 3.86, 3.9, 3.93, 3.97, 3.99, 2.15, 2.13, 2.1, 2.06, 2.01, 1.87, 1.47, 2.23, 2.67, 2.72, 3.35, 3.63, 3.53, 3.43, 3.36, 3.63, 3.68, 3.74, 3.8, 3.85, 2.16, 2.14, 2.12, 2.09, 2.04, 1.98, 1.96, 2.07, 2.26, 2.31, 2.3, 2.48, 3.34, 3.21, 3.13, 3.36, 3.45, 3.55, 3.64, 3.71, 2.17, 2.16, 1.19, 1.19, 1.18, 1.9, 1.9, 1.95, 2.01, 2.06, 2.34, 2.31, 2.27, 2.24, 2.25, 2.76, 2.85, 2.94, 3.31, 3.4, 1.18, 1.18, 1.17, 1.16, 1.88, 1.84, 1.8, 1.76, 1.75, 1.81, 2.11, 2.16, 2.16, 2.13, 2.05, 2.27, 2.36, 2.43, 2.48, 2.51, 1.17, 1.16, 1.15, 1.14, 1.82, 1.75, 1.64, 1.49, 1.43, 1.16, 1.28, 2.04, 2.09, 2.03, 2.03, 2.25, 2.37, 2.45, 2.5, 2.53, 1.16, 1.15, 1.14, 1.84, 1.77, 1.67, 1.51, 1.25, 0.92, 1.09, 1.08, 1.22, 1.98, 2.06, 2.23, 2.32, 2.43, 2.5, 2.54, 2.56, 1.15, 1.14, 0.81, 0.81, 0.8, 0.8, 0.8, 0.81, 0.89, 0.95, 1.04, 1.16, 2.01, 2.11, 2.4, 2.46, 2.53, 2.57, 2.59, 2.6, 0.79, 0.79, 0.78, 0.78, 0.77, 0.77, 0.77, 0.77, 0.9, 0.93, 0.99, 1.08, 2.07, 2.51, 2.54, 2.59, 2.64, 2.66, 2.65, 2.64, 0.77, 0.77, 0.76, 0.75, 0.74, 0.73, 0.72, 0.6, 0.85, 0.87, 0.92, 0.99, 1.94, 2.59, 2.64, 2.71, 2.76, 2.75, 2.71, 2.67, 0.76, 0.75, 0.74, 0.56, 0.56, 0.56, 0.55, 0.54, 0.52, 0.51, 0.51, 1.31, 1.92, 2.65, 2.72, 2.82, 2.92, 2.84, 2.74, 2.69, 0.56, 0.56, 0.55, 0.55, 0.54, 0.53, 0.51, 0.49, 0.45, 0.43, 0.45, 1.15, 1.85, 2.15, 2.41, 2.85, 3.2, 2.78, 2.7, 2.68, 0.55, 0.55, 0.54, 0.54, 0.53, 0.51, 0.49, 0.45, 0.39, 0.34, 0.41, 1.05, 1.34, 2.1, 2.36, 2.56, 2.68, 2.51, 2.65, 2.67, 0.55, 0.54, 0.54, 0.53, 0.52, 0.5, 0.48, 0.45, 0.39, 0.35, 0.74, 0.99, 1.26, 2.04, 2.27, 2.46, 2.5, 2.49, 2.64, 2.66, 0.54, 0.54, 0.53, 0.52, 0.51, 0.5, 0.48, 0.46, 0.44, 0.43, 0.8, 0.97, 1.18, 2.02, 2.2, 2.33, 2.4, 2.42, 2.42, 2.41, 0.54, 0.53, 0.53, 0.52, 0.51, 0.5, 0.49, 0.48, 0.48, 0.76, 0.79, 0.7, 0.81, 0.93, 2.07, 2.21, 2.3, 2.34, 2.36, 2.36, 0.54, 0.53, 0.53, 0.52, 0.51, 0.51, 0.5, 0.5, 0.5, 0.72, 0.59, 0.68, 0.78, 0.9, 1.96, 2.1, 2.2, 2.26, 2.29, 2.3, 0.53, 0.53, 0.53, 0.52, 0.52, 0.51, 0.51, 0.51, 0.66, 0.64, 0.62, 0.69, 0.78, 0.88, 1.88, 2.02, 2.12, 2.18, 2.22, 2.25, 0.53, 0.53, 0.53, 0.52, 0.52, 0.51, 0.51, 0.51, 0.69, 0.68, 0.69, 0.73, 0.8, 0.87, 1.84, 1.96, 2.06, 2.12, 2.17, 2.2, 0.53, 0.53, 0.53, 0.52, 0.52, 0.52, 0.52, 0.73, 0.72, 0.72, 0.74, 0.77, 0.82, 0.87, 1.82, 1.93, 2.01, 2.08, 2.12, 2.16]}, {"header": {"refTime": "2023-09-09T21:00:00.000Z", "nx": 21, "ny": 33, "lo1": 113.509, "la1": 22.2235, "lo2": 113.5947, "la2": 22.1034, "dx": 0.0042850000000001385, "dy": 0.003753125000000024, "parameterCategory": 0, "parameterCategoryName": "Temperature", "parameterNumber": 0}, "data": [[25.67, 25.66, 25.65, 25.33, 25.34, 25.66, 25.65, 25.63, 25.63, 25.49, 25.52, 25.55, 25.86, 25.89, 26.02, 26.04, 26.22, 26.22, 26.23, 26.23], [25.68, 25.67, 25.66, 25.65, 25.34, 25.34, 25.63, 25.59, 25.57, 25.47, 25.52, 25.57, 25.89, 25.91, 26.04, 26.21, 26.22, 26.23, 26.23, 26.23], [25.69, 25.68, 25.67, 25.65, 25.34, 25.35, 25.35, 25.55, 25.44, 25.46, 25.54, 25.62, 25.93, 25.95, 26.21, 26.22, 26.23, 26.24, 26.24, 26.24], [25.7, 25.69, 25.68, 25.67, 25.65, 25.35, 25.35, 25.36, 25.36, 25.47, 25.56, 25.69, 26.01, 25.88, 26.21, 26.22, 26.24, 26.25, 26.25, 26.25], [25.71, 25.7, 25.7, 25.69, 25.67, 25.35, 25.36, 25.35, 25.34, 25.45, 25.55, 25.89, 26.07, 25.92, 26.21, 26.23, 26.25, 26.27, 26.27, 26.26], [25.72, 25.72, 25.72, 25.71, 25.7, 25.68, 25.37, 25.37, 25.34, 25.27, 25.61, 25.8, 25.95, 26.13, 26.2, 26.24, 26.28, 26.3, 26.29, 26.27], [25.87, 25.74, 25.74, 25.73, 25.73, 25.72, 25.55, 25.43, 25.4, 25.34, 25.28, 25.66, 26.09, 26.1, 26.2, 26.25, 26.32, 26.35, 26.36, 26.35], [25.87, 25.87, 25.87, 25.87, 25.87, 25.61, 25.58, 25.58, 25.62, 25.29, 25.01, 25.63, 25.64, 26.1, 26.25, 26.21, 26.3, 26.33, 26.28, 26.24], [25.83, 25.83, 25.89, 25.89, 25.89, 25.88, 25.84, 25.57, 25.41, 25.38, 25.26, 25.44, 25.52, 25.41, 26.24, 26.19, 26.24, 26.26, 26.25, 26.23], [26.0, 26.0, 26.0, 25.86, 25.88, 25.93, 25.9, 25.84, 25.19, 25.24, 25.53, 25.33, 25.39, 25.36, 26.24, 26.17, 26.21, 26.22, 26.22, 26.22], [26.0, 26.0, 26.0, 26.0, 26.0, 26.0, 26.0, 26.0, 25.89, 25.39, 24.8, 25.26, 25.31, 25.31, 26.24, 26.16, 26.19, 26.2, 26.2, 26.2], [26.0, 26.0, 26.0, 26.0, 26.0, 26.0, 26.0, 26.0, 26.0, -999.0, 24.8, 26.0, 26.0, 25.28, 26.25, 26.15, 26.16, 25.55, 25.57, 25.57], [26.0, 26.0, 26.0, 26.0, 26.0, 26.0, 26.0, 26.0, 26.0, 26.0, -999.0, 26.0, 26.0, 25.28, 25.6, 25.85, 25.87, 25.68, 25.71, 25.72], [26.0, 26.0, 26.0, 26.0, 26.0, 26.0, 26.0, 26.0, 26.0, 26.0, -999.0, 24.9, 24.9, 24.9, 25.5, 25.73, 25.75, 25.56, 25.6, 25.64], [26.0, 26.0, 26.0, 26.0, 26.0, 26.0, 26.0, 26.0, 26.0, 26.0, 26.0, 25.58, 24.9, 24.9, 24.9, 25.59, 25.63, 25.46, 25.51, 25.56], [26.0, 26.0, 26.0, 26.0, 26.0, 26.0, 26.0, 26.0, 26.0, 26.0, 25.31, 25.39, 25.28, 25.19, 25.29, 25.27, 25.32, 25.22, 25.56, 25.61], [26.0, 26.0, 26.0, 26.0, 26.0, 26.0, 26.0, 26.0, 26.0, 26.0, 25.53, 25.39, 25.25, 25.11, 25.14, 25.15, 25.24, 25.31, 25.36, 25.4], [26.0, 26.0, 26.0, 26.0, 26.0, 26.0, 26.0, 26.0, 26.0, 25.72, 25.57, 25.41, 25.24, 25.15, 24.94, 25.13, 25.25, 25.34, 25.39, 25.42], [26.0, 26.0, 26.0, 26.0, 26.0, 26.0, 26.0, 26.0, 25.9, 25.79, 25.7, 25.57, 25.38, 25.23, 25.11, 25.2, 25.31, 25.38, 25.43, 25.45], [26.0, 26.0, 26.06, 26.05, 26.05, 26.05, 26.04, 26.02, 25.91, 25.83, 25.72, 25.61, 25.45, 25.37, 25.28, 25.33, 25.4, 25.45, 25.48, 25.49], [26.06, 26.06, 26.06, 26.04, 26.04, 26.04, 26.03, 26.03, 25.85, 25.81, 25.74, 25.66, 25.52, 25.38, 25.41, 25.45, 25.5, 25.52, 25.53, 25.53], [26.05, 26.05, 26.05, 26.04, 26.04, 26.04, 26.04, 26.12, 25.84, 25.82, 25.77, 25.71, 25.61, 25.46, 25.5, 25.55, 25.59, 25.6, 25.59, 25.57], [26.05, 26.05, 26.05, 26.16, 26.16, 26.15, 26.15, 26.14, 26.14, 26.15, 26.15, 26.02, 25.89, 25.52, 25.57, 25.64, 25.7, 25.68, 25.63, 25.6], [26.18, 26.18, 26.18, 26.17, 26.17, 26.17, 26.16, 26.16, 26.15, 26.15, 26.16, 26.15, 25.89, 25.86, 25.83, 25.68, 25.81, 25.7, 25.65, 25.62], [26.19, 26.19, 26.19, 26.18, 26.18, 26.18, 26.18, 26.17, 26.15, 26.13, 26.17, 26.16, 26.15, 25.86, 25.82, 25.79, 25.68, 25.65, 25.64, 25.62], [26.19, 26.19, 26.19, 26.2, 26.2, 26.2, 26.19, 26.19, 26.17, 26.15, 26.18, 26.19, 26.18, 25.86, 25.83, 25.86, 25.81, 25.79, 25.63, 25.62], [26.2, 26.2, 26.2, 26.21, 26.21, 26.21, 26.22, 26.22, 26.22, 26.23, 26.23, 26.23, 26.21, 26.02, 25.95, 25.9, 25.86, 25.84, 25.84, 25.86], [26.21, 26.21, 26.21, 26.22, 26.22, 26.23, 26.24, 26.25, 26.27, 26.3, 26.32, 26.25, 26.19, 26.12, 25.99, 25.94, 25.9, 25.88, 25.88, 25.88], [26.21, 26.22, 26.22, 26.23, 26.23, 26.24, 26.26, 26.28, 26.32, 26.38, 26.43, 26.31, 26.22, 26.15, 26.03, 25.98, 25.94, 25.92, 25.91, 25.9], [26.22, 26.22, 26.23, 26.23, 26.24, 26.25, 26.27, 26.29, 26.29, 26.35, 26.39, 26.31, 26.23, 26.17, 26.06, 26.01, 25.97, 25.95, 25.93, 25.93], [26.22, 26.23, 26.23, 26.24, 26.25, 26.26, 26.28, 26.3, 26.27, 26.3, 26.31, 26.28, 26.22, 26.17, 26.07, 26.03, 25.99, 25.97, 25.95, 25.94], [26.22, 26.23, 26.24, 26.24, 26.25, 26.26, 26.28, 26.23, 26.25, 26.26, 26.26, 26.24, 26.21, 26.17, 26.08, 26.04, 26.01, 25.99, 25.97, 25.96]]}]