gis_exercise/awsData/contour/wdir_2023091312.json
[{"header": {"refTime": "2023-09-13T12:00:00.000Z", "nx": 21, "ny": 33, "lo1": 113.509, "la1": 22.2235, "lo2": 113.5947, "la2": 22.1034, "dx": 0.0042850000000001385, "dy": 0.003753125000000024, "parameterCategory": 2, "parameterCategoryName": "Temperature", "parameterNumber": 2}, "data": [-2.0, -2.0, -2.01, -1.97, -1.98, -2.37, -2.35, -2.34, -2.34, -2.2, -2.24, -2.28, -2.48, -2.49, -3.48, -3.6, -3.69, -3.75, -3.8, -3.82, -1.99, -2.0, -2.01, -2.02, -1.98, -1.99, -2.33, -2.3, -2.28, -2.19, -2.24, -2.3, -2.51, -2.53, -3.51, -3.63, -3.73, -3.81, -3.86, -3.88, -1.99, -1.99, -2.0, -2.01, -1.98, -1.99, -2.0, -2.26, -2.14, -2.17, -2.26, -2.36, -2.57, -2.58, -3.52, -3.66, -3.79, -3.89, -3.94, -3.96, -1.98, -1.99, -2.0, -2.01, -2.02, -1.99, -2.0, -2.01, -2.03, -2.18, -2.29, -2.45, -2.68, -2.5, -3.51, -3.71, -3.9, -4.02, -4.07, -4.06, -1.97, -1.98, -1.98, -2.0, -2.01, -1.99, -1.99, -1.99, -1.98, -2.16, -2.28, -2.54, -2.83, -2.57, -3.51, -3.81, -4.08, -4.22, -4.24, -4.18, -1.96, -1.96, -1.97, -1.98, -2.0, -2.03, -1.99, -1.99, -1.96, -1.88, -2.15, -2.38, -2.62, -2.91, -3.55, -3.96, -4.37, -4.55, -4.45, -4.31, -2.97, -1.95, -1.95, -1.96, -1.97, -2.01, -1.87, -2.04, -2.01, -1.83, -1.74, -2.11, -2.76, -2.85, -3.57, -4.11, -4.8, -5.06, -4.88, -4.69, -2.98, -2.93, -2.87, -2.71, -2.69, -1.8, -1.88, -2.02, -2.18, -1.79, -1.53, -2.19, -2.34, -2.86, -3.72, -4.22, -4.83, -5.06, -4.72, -4.5, -3.0, -2.95, -2.87, -2.78, -2.6, -2.61, -2.69, -1.92, -2.57, -1.86, -2.15, -2.5, -2.93, -2.73, -3.68, -4.06, -4.44, -4.6, -4.53, -4.41, -3.85, -3.76, -3.64, -2.76, -2.55, -2.37, -2.67, -2.99, -3.03, -2.85, -2.39, -2.71, -3.09, -2.81, -3.67, -3.93, -4.17, -4.31, -4.33, -4.29, -3.88, -3.8, -3.68, -3.46, -3.01, -1.67, -3.34, -4.17, -3.68, -3.39, -3.51, -2.64, -2.76, -2.72, -3.68, -3.85, -4.02, -4.13, -4.18, -4.18, -3.92, -3.87, -3.79, -3.66, -3.44, -3.33, -3.98, -4.66, -4.9, -5.04, -3.75, -3.71, -3.6, -2.63, -3.68, -3.81, -3.93, -4.36, -4.4, -4.41, -3.99, -3.96, -3.94, -3.93, -4.0, -4.31, -4.78, -4.84, -4.89, -4.7, -4.94, -3.83, -3.7, -3.11, -3.11, -4.13, -4.19, -4.25, -4.29, -4.31, -4.05, -4.06, -4.08, -4.15, -4.32, -4.73, -5.41, -4.92, -4.77, -4.67, -4.99, -4.2, -4.08, -3.99, -3.14, -4.04, -4.09, -4.14, -4.19, -4.23, -4.11, -4.13, -4.18, -4.27, -4.43, -4.68, -4.87, -4.82, -4.63, -4.48, -4.37, -3.57, -4.02, -3.93, -3.87, -3.93, -3.99, -4.05, -4.1, -4.15, -4.16, -4.19, -3.25, -3.34, -3.47, -4.52, -4.49, -4.36, -4.22, -4.13, -3.39, -3.4, -3.41, -3.08, -3.13, -3.48, -3.49, -3.51, -4.02, -4.06, -3.11, -3.15, -3.19, -3.23, -4.24, -4.16, -4.01, -3.8, -3.67, -3.69, -3.16, -3.26, -3.32, -3.36, -3.21, -3.32, -3.29, -3.27, -3.26, -3.25, -3.08, -3.1, -3.11, -3.12, -4.0, -3.83, -3.54, -3.15, -2.95, -2.83, -3.05, -3.14, -3.26, -3.19, -3.36, -3.33, -3.29, -3.27, -3.26, -3.24, -3.05, -3.05, -3.04, -3.96, -3.82, -3.58, -3.2, -2.58, -1.97, -2.54, -2.69, -2.92, -2.96, -3.14, -3.33, -3.31, -3.28, -3.26, -3.25, -3.24, -3.02, -3.01, -3.75, -3.66, -3.53, -3.33, -3.03, -2.61, -2.15, -2.46, -2.75, -2.96, -2.93, -3.07, -3.29, -3.28, -3.27, -3.25, -3.24, -3.23, -3.83, -3.78, -3.73, -3.65, -3.53, -3.38, -3.19, -2.99, -2.6, -2.74, -2.91, -3.04, -2.92, -3.27, -3.27, -3.26, -3.25, -3.24, -3.22, -3.21, -3.81, -3.77, -3.72, -3.66, -3.58, -3.49, -3.39, -2.66, -2.97, -3.05, -3.13, -3.18, -3.81, -3.25, -3.25, -3.25, -3.25, -3.23, -3.21, -3.2, -3.81, -3.78, -3.74, -2.72, -2.75, -2.78, -2.84, -2.93, -3.03, -3.08, -3.05, -3.42, -3.64, -3.23, -3.24, -3.26, -3.29, -3.23, -3.18, -3.18, -2.71, -2.72, -2.74, -2.77, -2.82, -2.89, -3.0, -3.16, -3.36, -3.46, -3.32, -3.59, -3.67, -3.53, -3.42, -3.24, -3.42, -3.14, -3.13, -3.15, -2.72, -2.74, -2.77, -2.81, -2.86, -2.95, -3.09, -3.31, -3.69, -4.0, -3.54, -3.57, -3.46, -3.54, -3.41, -3.3, -3.08, -2.95, -3.08, -3.13, -2.74, -2.76, -2.78, -2.82, -2.88, -2.96, -3.09, -3.29, -3.64, -3.92, -3.69, -3.45, -3.36, -3.55, -3.43, -2.92, -2.93, -2.92, -3.09, -3.13, -2.74, -2.76, -2.79, -2.82, -2.87, -2.93, -3.01, -3.13, -3.25, -3.25, -3.3, -3.2, -3.2, -2.67, -2.77, -2.84, -2.88, -2.89, -2.89, -2.89, -2.74, -2.76, -2.78, -2.81, -2.84, -2.87, -2.91, -2.92, -2.87, -2.91, -2.77, -2.72, -2.8, -2.83, -2.7, -2.77, -2.82, -2.85, -2.86, -2.86, -2.74, -2.75, -2.77, -2.78, -2.8, -2.81, -2.8, -2.75, -2.62, -2.46, -2.08, -2.46, -2.67, -2.76, -2.63, -2.71, -2.77, -2.8, -2.82, -2.83, -2.73, -2.74, -2.75, -2.76, -2.76, -2.76, -2.73, -2.66, -2.63, -2.36, -2.2, -2.43, -2.61, -2.72, -2.59, -2.67, -2.72, -2.76, -2.78, -2.8, -2.73, -2.73, -2.74, -2.74, -2.73, -2.72, -2.68, -2.62, -2.65, -2.51, -2.45, -2.52, -2.63, -2.71, -2.56, -2.63, -2.69, -2.73, -2.75, -2.77, -2.72, -2.72, -2.72, -2.72, -2.71, -2.69, -2.66, -2.77, -2.69, -2.62, -2.59, -2.61, -2.67, -2.72, -2.55, -2.61, -2.66, -2.7, -2.73, -2.74]}, {"header": {"refTime": "2023-09-13T12:00:00.000Z", "nx": 21, "ny": 33, "lo1": 113.509, "la1": 22.2235, "lo2": 113.5947, "la2": 22.1034, "dx": 0.0042850000000001385, "dy": 0.003753125000000024, "parameterCategory": 2, "parameterCategoryName": "Temperature", "parameterNumber": 3}, "data": [0.31, 0.3, 0.29, 0.39, 0.36, 0.59, 0.54, 0.5, 0.5, 0.6, 0.72, 0.84, 1.37, 1.46, 1.41, 1.46, 2.24, 2.24, 2.25, 2.25, 0.31, 0.31, 0.3, 0.28, 0.37, 0.33, 0.49, 0.4, 0.35, 0.5, 0.71, 0.89, 1.43, 1.52, 1.46, 2.22, 2.23, 2.24, 2.25, 2.25, 0.32, 0.31, 0.31, 0.29, 0.38, 0.34, 0.28, 0.31, 0.03, 0.42, 0.75, 0.98, 1.53, 1.6, 2.2, 2.22, 2.23, 2.24, 2.25, 2.25, 0.33, 0.33, 0.32, 0.31, 0.29, 0.37, 0.32, 0.24, 0.16, 0.55, 0.87, 1.16, 1.68, 1.87, 2.19, 2.22, 2.24, 2.25, 2.25, 2.26, 0.34, 0.34, 0.33, 0.33, 0.32, 0.42, 0.4, 0.38, 0.37, 0.75, 1.0, 1.84, 1.89, 1.89, 2.2, 2.23, 2.24, 2.25, 2.25, 2.26, 0.35, 0.35, 0.35, 0.35, 0.36, 0.36, 0.48, 0.5, 0.51, 0.54, 1.7, 1.83, 1.9, 2.22, 2.23, 2.25, 2.25, 2.25, 2.26, 2.26, 0.69, 0.36, 0.36, 0.37, 0.38, 0.4, 0.65, 0.59, 0.62, 1.15, 1.27, 1.86, 2.37, 2.34, 2.27, 2.27, 2.26, 2.25, 2.23, 2.22, 0.69, 0.68, 0.67, 0.65, 0.65, 0.61, 0.64, 0.68, 0.83, 1.09, 1.03, 2.17, 2.36, 2.43, 2.47, 2.41, 2.33, 2.31, 2.35, 2.37, 0.69, 0.68, 0.67, 0.65, 0.62, 0.63, 0.66, 0.65, 0.79, 1.18, 1.77, 2.16, 2.34, 2.25, 2.47, 2.43, 2.38, 2.36, 2.37, 2.39, 0.78, 0.77, 0.75, 0.64, 0.6, 0.56, 0.63, 0.7, 0.84, 0.84, 1.96, 2.16, 2.31, 2.24, 2.47, 2.44, 2.41, 2.4, 2.39, 2.4, 0.79, 0.78, 0.75, 0.72, 0.64, 0.41, 0.7, 0.84, 0.8, 0.88, 1.5, 2.12, 2.19, 2.18, 2.47, 2.45, 2.43, 2.42, 2.41, 2.41, 0.8, 0.79, 0.77, 0.75, 0.71, 0.69, 0.81, 0.92, 0.96, 1.35, 1.45, 2.08, 2.17, 2.14, 2.47, 2.46, 2.44, 1.61, 1.6, 1.58, 0.81, 0.8, 0.8, 0.8, 0.81, 0.86, 0.95, 0.96, 0.96, 0.93, 1.46, 2.0, 2.09, 1.7, 1.63, 1.45, 1.44, 1.45, 1.46, 1.47, 0.82, 0.82, 0.82, 0.84, 0.87, 0.94, 1.06, 0.97, 0.94, 0.93, 1.43, 1.09, 1.05, 0.99, 1.36, 1.22, 1.25, 1.28, 1.32, 1.36, 0.83, 0.83, 0.84, 0.86, 0.89, 0.93, 0.96, 1.3, 1.34, 1.38, 1.41, 0.88, 0.85, 0.76, 0.7, 0.96, 1.03, 1.11, 1.18, 1.24, 0.84, 0.84, 1.18, 1.2, 1.21, 1.39, 1.4, 1.43, 1.47, 1.49, 1.03, 0.86, 0.66, 0.76, 0.64, 0.65, 0.79, 0.92, 0.99, 1.09, 1.22, 1.23, 1.24, 1.27, 1.47, 1.49, 1.54, 1.6, 1.63, 1.63, 1.1, 0.85, 0.57, 0.27, 0.23, -0.0, 0.12, 0.22, 0.28, 0.33, 1.25, 1.27, 1.29, 1.33, 1.54, 1.59, 1.68, 1.79, 1.85, 1.48, 1.2, 0.88, 0.53, 0.25, -0.27, -0.04, 0.14, 0.25, 0.32, 0.36, 1.28, 1.31, 1.34, 1.55, 1.59, 1.66, 1.78, 1.96, 2.06, 1.64, 1.3, 0.96, 0.8, 0.45, -0.06, 0.07, 0.22, 0.32, 0.37, 0.4, 1.31, 1.34, 1.58, 1.61, 1.65, 1.71, 1.8, 1.94, 1.88, 1.61, 1.3, 1.02, 0.97, 0.77, 0.18, 0.26, 0.35, 0.42, 0.45, 0.45, 1.55, 1.56, 1.58, 1.6, 1.64, 1.68, 1.74, 1.8, 1.59, 1.46, 1.26, 1.06, 1.12, 0.33, 0.37, 0.45, 0.52, 0.54, 0.53, 0.51, 1.55, 1.56, 1.57, 1.59, 1.61, 1.64, 1.66, 1.7, 1.41, 1.33, 1.22, 1.09, 0.93, 0.45, 0.53, 0.63, 0.7, 0.68, 0.6, 0.55, 1.55, 1.55, 1.56, 1.6, 1.6, 1.6, 1.59, 1.58, 1.55, 1.52, 1.52, 1.74, 0.97, 0.53, 0.63, 0.79, 0.97, 0.82, 0.64, 0.56, 1.57, 1.57, 1.57, 1.57, 1.56, 1.54, 1.52, 1.48, 1.43, 1.4, 1.42, 1.42, 0.97, 0.95, 0.95, 0.84, 1.46, 0.68, 0.56, 0.54, 1.55, 1.55, 1.54, 1.53, 1.52, 1.5, 1.46, 1.41, 1.33, 1.27, 1.34, 1.4, 1.48, 0.93, 0.9, 0.85, 0.5, 0.18, 0.45, 0.5, 1.54, 1.53, 1.52, 1.51, 1.49, 1.46, 1.43, 1.38, 1.31, 1.26, 1.31, 1.38, 1.45, 0.91, 0.86, 0.79, 0.64, 0.55, 0.45, 0.49, 1.52, 1.52, 1.5, 1.49, 1.47, 1.44, 1.41, 1.37, 1.34, 1.32, 1.32, 1.37, 1.43, 0.93, 0.87, 0.8, 0.73, 0.68, 0.7, 0.73, 1.51, 1.5, 1.49, 1.47, 1.45, 1.43, 1.4, 1.37, 1.34, 1.3, 1.31, 0.95, 0.83, 0.69, 0.89, 0.83, 0.78, 0.75, 0.75, 0.76, 1.5, 1.49, 1.48, 1.46, 1.44, 1.42, 1.4, 1.37, 1.33, 1.29, 1.16, 1.01, 0.87, 0.74, 0.91, 0.86, 0.83, 0.8, 0.79, 0.79, 1.49, 1.48, 1.47, 1.46, 1.44, 1.42, 1.39, 1.37, 1.01, 1.07, 1.11, 1.01, 0.88, 0.77, 0.93, 0.89, 0.86, 0.83, 0.82, 0.82, 1.49, 1.48, 1.47, 1.45, 1.44, 1.42, 1.4, 1.37, 0.97, 1.0, 1.01, 0.95, 0.87, 0.78, 0.94, 0.91, 0.88, 0.86, 0.85, 0.84, 1.48, 1.47, 1.46, 1.45, 1.44, 1.42, 1.4, 0.92, 0.94, 0.95, 0.94, 0.9, 0.84, 0.77, 0.95, 0.92, 0.9, 0.88, 0.86, 0.86]}, {"header": {"refTime": "2023-09-13T12:00:00.000Z", "nx": 21, "ny": 33, "lo1": 113.509, "la1": 22.2235, "lo2": 113.5947, "la2": 22.1034, "dx": 0.0042850000000001385, "dy": 0.003753125000000024, "parameterCategory": 0, "parameterCategoryName": "Temperature", "parameterNumber": 0}, "data": [[29.21, 29.2, 29.2, 29.39, 29.37, 29.06, 29.04, 29.02, 29.01, 29.09, 29.1, 29.11, 29.22, 29.24, 28.57, 28.54, 28.91, 28.88, 28.87, 28.86], [29.21, 29.21, 29.2, 29.19, 29.37, 29.33, 29.04, 29.0, 28.98, 29.06, 29.09, 29.1, 29.21, 29.23, 28.57, 28.92, 28.89, 28.85, 28.83, 28.82], [29.22, 29.22, 29.21, 29.2, 29.38, 29.34, 29.27, 28.99, 28.92, 29.04, 29.09, 29.1, 29.19, 29.22, 28.96, 28.9, 28.85, 28.81, 28.79, 28.78], [29.23, 29.22, 29.22, 29.21, 29.2, 29.37, 29.32, 29.23, 29.15, 29.09, 29.12, 29.08, 29.13, 29.4, 28.95, 28.88, 28.8, 28.74, 28.72, 28.73], [29.23, 29.23, 29.23, 29.23, 29.23, 29.42, 29.4, 29.37, 29.37, 29.19, 29.18, 29.34, 29.04, 29.34, 28.95, 28.84, 28.71, 28.64, 28.64, 28.67], [29.24, 29.24, 29.24, 29.24, 29.25, 29.26, 29.48, 29.49, 29.52, 29.57, 29.7, 29.51, 29.29, 29.33, 28.98, 28.78, 28.56, 28.46, 28.52, 28.61], [29.38, 29.25, 29.25, 29.26, 29.27, 29.29, 29.6, 29.56, 29.6, 29.94, 30.02, 29.84, 29.71, 29.62, 29.03, 28.72, 28.33, 28.19, 28.07, 28.12], [29.37, 29.37, 29.37, 29.37, 29.38, 29.54, 29.58, 29.61, 29.69, 29.93, 30.02, 30.28, 30.28, 29.6, 28.83, 29.1, 28.56, 28.36, 28.67, 28.88], [29.43, 29.42, 29.35, 29.35, 29.34, 29.36, 29.41, 29.59, 29.73, 29.94, 30.15, 30.21, 30.24, 30.2, 28.9, 29.2, 28.88, 28.75, 28.83, 28.95], [29.2, 29.2, 29.2, 29.39, 29.36, 29.29, 29.34, 29.41, 29.83, 29.81, 30.24, 30.18, 30.2, 30.19, 28.9, 29.31, 29.11, 29.0, 28.99, 29.04], [29.2, 29.2, 29.2, 29.2, 29.2, 29.2, 29.2, 29.2, 29.34, 29.74, 30.0, 30.15, 30.17, 30.17, 28.87, 29.39, 29.24, 29.16, 29.14, 29.15], [29.2, 29.2, 29.2, 29.2, 29.2, 29.2, 29.2, 29.2, 29.2, -999.0, 30.0, 30.4, 30.4, 30.16, 28.85, 29.47, 29.39, 28.87, 28.84, 28.84], [29.2, 29.2, 29.2, 29.2, 29.2, 29.2, 29.2, 29.2, 29.2, 29.2, -999.0, 30.4, 30.4, 29.88, 30.11, 28.52, 28.51, 28.72, 28.69, 28.67], [29.2, 29.2, 29.2, 29.2, 29.2, 29.2, 29.2, 29.2, 29.2, 29.2, -999.0, 29.6, 29.6, 29.6, 30.04, 28.66, 28.63, 28.85, 28.8, 28.77], [29.2, 29.2, 29.2, 29.2, 29.2, 29.2, 29.2, 29.8, 29.8, 29.8, 29.8, 29.72, 29.6, 29.6, 29.6, 28.82, 28.77, 28.97, 28.91, 28.86], [29.2, 29.2, 29.58, 29.58, 29.6, 29.8, 29.8, 29.8, 29.8, 29.8, 29.67, 29.69, 29.67, 29.65, 29.67, 29.09, 29.01, 29.15, 28.78, 28.72], [29.59, 29.59, 29.41, 29.42, 29.8, 29.8, 29.8, 29.8, 29.8, 29.8, 29.71, 29.69, 29.66, 29.64, 29.47, 29.61, 29.61, 29.62, 29.62, 29.63], [29.41, 29.42, 29.43, 29.45, 29.8, 29.8, 29.8, 29.8, 29.8, 29.75, 29.72, 29.69, 29.66, 29.48, 29.58, 29.6, 29.61, 29.61, 29.62, 29.63], [29.43, 29.44, 29.45, 29.8, 29.8, 29.8, 29.8, 29.8, 29.78, 29.76, 29.61, 29.58, 29.4, 29.42, 29.6, 29.6, 29.6, 29.61, 29.62, 29.63], [29.43, 29.44, 29.4, 29.42, 29.45, 29.48, 29.54, 29.68, 29.7, 29.64, 29.59, 29.56, 29.35, 29.32, 29.59, 29.59, 29.59, 29.6, 29.62, 29.63], [29.37, 29.38, 29.4, 29.51, 29.53, 29.55, 29.57, 29.6, 29.6, 29.58, 29.55, 29.53, 29.28, 29.59, 29.58, 29.56, 29.56, 29.58, 29.61, 29.64], [29.47, 29.48, 29.48, 29.49, 29.49, 29.5, 29.5, 29.61, 29.51, 29.5, 29.49, 29.49, 28.99, 29.59, 29.56, 29.52, 29.5, 29.54, 29.62, 29.66], [29.46, 29.46, 29.46, 29.62, 29.61, 29.6, 29.58, 29.55, 29.52, 29.51, 29.52, 29.07, 29.42, 29.59, 29.54, 29.45, 29.33, 29.5, 29.66, 29.7], [29.64, 29.63, 29.62, 29.61, 29.6, 29.58, 29.55, 29.5, 29.44, 29.41, 29.46, 29.13, 29.42, 29.46, 29.47, 29.47, 28.87, 29.73, 29.79, 29.76], [29.64, 29.63, 29.62, 29.61, 29.6, 29.57, 29.53, 29.46, 29.34, 29.24, 29.4, 29.18, 29.11, 29.48, 29.53, 29.59, 29.92, 30.3, 29.93, 29.82], [29.64, 29.63, 29.63, 29.62, 29.6, 29.58, 29.54, 29.48, 29.37, 29.28, 29.24, 29.25, 29.19, 29.5, 29.57, 29.82, 29.94, 30.03, 29.9, 29.83], [29.64, 29.64, 29.63, 29.62, 29.61, 29.6, 29.58, 29.55, 29.51, 29.52, 29.38, 29.36, 29.28, 29.85, 29.84, 29.85, 29.9, 29.93, 29.92, 29.89], [29.65, 29.64, 29.64, 29.63, 29.63, 29.62, 29.62, 29.63, 29.66, 29.56, 29.61, 29.97, 30.03, 30.13, 29.87, 29.87, 29.88, 29.89, 29.89, 29.88], [29.65, 29.65, 29.65, 29.65, 29.65, 29.65, 29.66, 29.69, 29.76, 29.77, 30.06, 30.02, 30.05, 30.12, 29.88, 29.88, 29.88, 29.88, 29.88, 29.87], [29.66, 29.66, 29.66, 29.66, 29.66, 29.67, 29.69, 29.73, 29.96, 30.01, 30.05, 30.04, 30.06, 30.11, 29.9, 29.88, 29.88, 29.88, 29.87, 29.87], [29.66, 29.66, 29.66, 29.67, 29.68, 29.69, 29.71, 29.74, 29.98, 30.01, 30.03, 30.05, 30.07, 30.11, 29.9, 29.89, 29.88, 29.88, 29.87, 29.87], [29.66, 29.67, 29.67, 29.68, 29.68, 29.7, 29.72, 29.98, 29.99, 30.01, 30.03, 30.05, 30.08, 30.11, 29.9, 29.89, 29.88, 29.88, 29.87, 29.87]]}]