gis_exercise/awsData/contour/wdir_2023083123.json
[{"header": {"refTime": "2023-08-31T23:00:00.000Z", "nx": 21, "ny": 33, "lo1": 113.509, "la1": 22.2235, "lo2": 113.5947, "la2": 22.1034, "dx": 0.0042850000000001385, "dy": 0.003753125000000024, "parameterCategory": 2, "parameterCategoryName": "Temperature", "parameterNumber": 2}, "data": [0.27, 0.26, 0.25, 0.67, 0.63, 0.21, 0.17, 0.14, 0.12, 0.26, 0.31, 0.35, 0.34, 0.37, 0.45, 0.52, 1.01, 1.05, 1.07, 1.09, 0.27, 0.27, 0.26, 0.25, 0.63, 0.57, 0.16, 0.09, 0.05, 0.2, 0.29, 0.34, 0.34, 0.37, 0.46, 0.97, 1.02, 1.07, 1.1, 1.11, 0.28, 0.27, 0.27, 0.26, 0.65, 0.59, 0.48, 0.06, -0.1, 0.15, 0.29, 0.35, 0.34, 0.37, 0.88, 0.97, 1.05, 1.1, 1.13, 1.14, 0.28, 0.28, 0.28, 0.28, 0.27, 0.64, 0.55, 0.4, 0.27, 0.25, 0.35, 0.35, 0.31, 0.72, 0.86, 0.99, 1.09, 1.14, 1.17, 1.18, 0.28, 0.29, 0.29, 0.3, 0.3, 0.72, 0.68, 0.64, 0.63, 0.45, 0.47, 0.67, 0.34, 0.65, 0.88, 1.04, 1.16, 1.22, 1.23, 1.22, 0.29, 0.29, 0.3, 0.31, 0.33, 0.36, 0.81, 0.84, 0.88, 0.96, 1.08, 0.85, 0.6, 0.85, 0.95, 1.13, 1.27, 1.33, 1.31, 1.27, 0.56, 0.29, 0.3, 0.31, 0.34, 0.39, 0.94, 0.97, 1.03, 1.42, 1.51, 1.18, 1.15, 1.14, 1.06, 1.22, 1.42, 1.49, 1.46, 1.41, 0.54, 0.54, 0.53, 0.7, 0.71, 0.79, 0.89, 1.0, 1.13, 1.44, 1.61, 1.65, 1.65, 1.37, 1.73, 1.71, 1.68, 1.67, 1.68, 1.7, 0.53, 0.52, 0.5, 0.48, 0.63, 0.65, 0.75, 0.93, 1.28, 1.41, 1.72, 1.75, 1.85, 1.8, 1.76, 1.73, 1.7, 1.69, 1.7, 1.7, 0.65, 0.63, 0.59, 0.44, 0.37, 0.46, 0.64, 0.84, 1.37, 1.4, 1.76, 1.82, 1.91, 1.84, 1.78, 1.75, 1.72, 1.71, 1.71, 1.71, 0.65, 0.63, 0.6, 0.54, 0.41, 0.04, 0.54, 0.85, 1.03, 1.42, 1.76, 1.81, 1.83, 1.82, 1.78, 1.76, 1.74, 1.73, 1.72, 1.72, 0.66, 0.65, 0.62, 0.58, 0.52, 0.49, 0.7, 1.05, 1.21, 1.45, 1.73, 1.73, 1.76, 1.8, 1.78, 1.76, 1.74, 1.75, 1.74, 1.73, 0.68, 0.67, 0.65, 0.64, 0.64, 0.7, 0.8, 1.02, 1.15, 1.03, 1.47, 1.7, 1.73, 1.74, 1.73, 1.76, 1.75, 1.74, 1.73, 1.73, 0.69, 0.69, 0.68, 0.69, 0.71, 0.76, 0.8, 0.89, 0.97, 0.97, 1.43, 1.7, 1.71, 1.71, 1.71, 1.74, 1.73, 1.73, 1.73, 1.72, 0.71, 0.71, 0.71, 0.72, 0.74, 0.78, 0.81, 1.03, 1.08, 1.11, 1.11, 1.36, 1.68, 1.68, 1.67, 1.7, 1.71, 1.71, 1.71, 1.72, 0.72, 0.72, 0.57, 0.59, 0.61, 1.01, 1.01, 1.03, 1.05, 1.07, 1.31, 1.34, 1.38, 1.52, 1.54, 2.01, 2.08, 2.16, 2.11, 2.15, 0.58, 0.58, 0.6, 0.61, 1.02, 1.02, 1.02, 1.02, 1.03, 1.04, 1.28, 1.33, 1.38, 1.44, 1.7, 1.58, 1.58, 1.59, 1.59, 1.58, 0.59, 0.6, 0.62, 0.63, 1.02, 1.02, 1.01, 1.0, 1.0, 1.03, 1.09, 1.31, 1.38, 1.68, 1.57, 1.58, 1.59, 1.6, 1.59, 1.58, 0.6, 0.62, 0.63, 1.03, 1.02, 1.01, 1.0, 0.98, 0.96, 1.02, 1.13, 1.21, 1.74, 1.74, 1.58, 1.59, 1.61, 1.61, 1.6, 1.59, 0.61, 0.63, 0.92, 0.92, 0.92, 0.93, 0.93, 0.93, 1.01, 1.06, 1.13, 1.19, 1.8, 1.86, 1.61, 1.63, 1.64, 1.63, 1.61, 1.59, 0.92, 0.92, 0.93, 0.93, 0.93, 0.93, 0.94, 0.94, 1.06, 1.09, 1.13, 1.18, 1.9, 1.63, 1.65, 1.68, 1.69, 1.67, 1.62, 1.59, 0.93, 0.93, 0.93, 0.93, 0.94, 0.94, 0.95, 1.08, 1.08, 1.1, 1.13, 1.16, 2.01, 1.65, 1.69, 1.75, 1.79, 1.72, 1.63, 1.57, 0.93, 0.93, 0.94, 1.13, 1.13, 1.12, 1.11, 1.11, 1.11, 1.11, 1.12, 1.66, 1.43, 1.66, 1.72, 1.85, 2.02, 1.8, 1.58, 1.52, 1.15, 1.15, 1.15, 1.15, 1.14, 1.14, 1.13, 1.12, 1.12, 1.11, 1.13, 1.78, 1.4, 1.49, 1.6, 1.84, 2.62, 1.5, 1.4, 1.44, 1.16, 1.16, 1.16, 1.16, 1.16, 1.15, 1.15, 1.14, 1.11, 1.09, 1.13, 1.71, 1.93, 1.45, 1.51, 1.54, 1.24, 0.74, 1.23, 1.37, 1.17, 1.17, 1.17, 1.17, 1.17, 1.17, 1.17, 1.16, 1.13, 1.11, 1.47, 1.68, 1.88, 1.4, 1.43, 1.47, 1.28, 1.16, 1.26, 1.36, 1.18, 1.18, 1.18, 1.19, 1.19, 1.19, 1.2, 1.2, 1.2, 1.21, 1.56, 1.69, 1.85, 1.54, 1.51, 1.45, 1.37, 1.32, 1.34, 1.38, 1.19, 1.19, 1.19, 1.2, 1.21, 1.21, 1.23, 1.24, 1.27, 1.58, 1.61, 1.11, 0.97, 0.83, 1.5, 1.46, 1.42, 1.39, 1.39, 1.41, 1.19, 1.2, 1.2, 1.21, 1.22, 1.23, 1.25, 1.28, 1.33, 1.6, 1.43, 1.22, 1.04, 0.89, 1.5, 1.48, 1.45, 1.43, 1.43, 1.43, 1.2, 1.2, 1.21, 1.22, 1.23, 1.24, 1.27, 1.3, 1.18, 1.3, 1.36, 1.22, 1.06, 0.92, 1.51, 1.49, 1.47, 1.46, 1.45, 1.45, 1.21, 1.21, 1.22, 1.23, 1.24, 1.25, 1.27, 1.3, 1.15, 1.2, 1.21, 1.14, 1.04, 0.93, 1.51, 1.5, 1.48, 1.47, 1.47, 1.47, 1.21, 1.22, 1.22, 1.23, 1.24, 1.26, 1.27, 1.07, 1.1, 1.12, 1.12, 1.07, 1.0, 0.92, 1.51, 1.5, 1.49, 1.49, 1.48, 1.48]}, {"header": {"refTime": "2023-08-31T23:00:00.000Z", "nx": 21, "ny": 33, "lo1": 113.509, "la1": 22.2235, "lo2": 113.5947, "la2": 22.1034, "dx": 0.0042850000000001385, "dy": 0.003753125000000024, "parameterCategory": 2, "parameterCategoryName": "Temperature", "parameterNumber": 3}, "data": [-1.33, -1.29, -1.25, -0.81, -0.78, -0.69, -0.64, -0.59, -0.57, -0.51, -0.57, -0.62, -1.05, -1.11, -1.94, -2.12, -2.97, -3.07, -3.15, -3.2, -1.35, -1.32, -1.27, -1.21, -0.78, -0.73, -0.61, -0.51, -0.45, -0.45, -0.56, -0.64, -1.07, -1.13, -1.97, -2.85, -3.01, -3.14, -3.23, -3.28, -1.38, -1.35, -1.31, -1.25, -0.81, -0.75, -0.65, -0.46, -0.21, -0.41, -0.57, -0.67, -1.09, -1.15, -2.62, -2.88, -3.1, -3.25, -3.34, -3.38, -1.42, -1.4, -1.36, -1.31, -1.23, -0.8, -0.72, -0.59, -0.47, -0.49, -0.64, -0.73, -1.11, -1.35, -2.58, -2.95, -3.24, -3.42, -3.5, -3.51, -1.47, -1.45, -1.43, -1.39, -1.33, -0.88, -0.85, -0.81, -0.78, -0.63, -0.72, -1.29, -1.08, -1.31, -2.61, -3.1, -3.49, -3.7, -3.73, -3.67, -1.52, -1.52, -1.5, -1.48, -1.44, -1.39, -0.99, -1.01, -1.01, -1.0, -1.46, -1.41, -1.29, -2.03, -2.76, -3.35, -3.89, -4.12, -4.01, -3.83, -2.6, -1.58, -1.59, -1.59, -1.57, -1.53, -1.72, -1.2, -1.23, -1.58, -1.6, -1.69, -2.44, -2.46, -2.97, -3.61, -4.44, -4.75, -4.49, -4.25, -2.62, -2.6, -2.58, -2.36, -2.33, -1.86, -1.77, -1.65, -1.6, -1.52, -1.32, -2.58, -2.82, -2.83, -4.06, -4.42, -4.84, -5.0, -4.77, -4.61, -2.64, -2.63, -2.62, -2.6, -2.39, -2.36, -2.27, -1.72, -1.69, -1.62, -2.34, -2.89, -3.42, -3.17, -4.05, -4.31, -4.57, -4.68, -4.63, -4.55, -3.04, -3.02, -3.0, -2.65, -2.63, -2.47, -2.42, -2.35, -1.9, -1.81, -2.68, -3.11, -3.57, -3.25, -4.06, -4.22, -4.39, -4.48, -4.5, -4.47, -3.05, -3.03, -3.01, -2.97, -2.88, -2.62, -2.91, -3.01, -2.53, -2.06, -2.86, -3.01, -3.17, -3.13, -4.06, -4.17, -4.28, -4.36, -4.39, -4.39, -3.06, -3.05, -3.04, -3.02, -2.98, -2.95, -3.05, -3.04, -3.01, -3.39, -2.89, -3.4, -3.46, -3.02, -4.06, -4.14, -4.22, -4.27, -4.29, -4.29, -3.07, -3.07, -3.08, -3.08, -3.11, -3.2, -3.31, -3.16, -3.06, -3.08, -3.52, -3.34, -3.39, -3.32, -3.29, -4.05, -4.08, -4.12, -4.15, -4.17, -3.09, -3.1, -3.11, -3.13, -3.19, -3.32, -3.58, -3.29, -3.16, -3.12, -3.51, -3.28, -3.29, -3.28, -3.2, -3.87, -3.92, -3.97, -4.02, -4.06, -3.1, -3.11, -3.13, -3.16, -3.21, -3.29, -3.34, -3.2, -3.08, -3.01, -2.98, -2.64, -3.19, -3.17, -3.15, -3.68, -3.75, -3.82, -3.9, -3.96, -3.11, -3.12, -2.94, -2.97, -3.0, -3.12, -3.1, -3.04, -2.97, -2.93, -2.6, -2.61, -2.62, -2.9, -2.89, -3.1, -3.15, -3.19, -3.54, -3.6, -2.89, -2.9, -2.91, -2.92, -3.01, -2.98, -2.93, -2.86, -2.81, -2.8, -2.55, -2.58, -2.61, -2.64, -2.69, -2.89, -2.96, -3.02, -3.06, -3.09, -2.87, -2.87, -2.87, -2.86, -2.93, -2.87, -2.78, -2.66, -2.59, -2.61, -2.67, -2.56, -2.6, -2.69, -2.69, -2.86, -2.97, -3.03, -3.07, -3.1, -2.86, -2.85, -2.84, -2.91, -2.86, -2.79, -2.67, -2.48, -2.31, -2.51, -2.18, -2.24, -2.66, -2.69, -2.85, -2.92, -3.01, -3.07, -3.1, -3.13, -2.84, -2.83, -2.47, -2.45, -2.42, -2.39, -2.34, -2.28, -2.16, -2.14, -2.15, -2.19, -2.67, -2.72, -2.98, -3.02, -3.08, -3.12, -3.14, -3.16, -2.44, -2.43, -2.41, -2.38, -2.35, -2.32, -2.28, -2.24, -2.08, -2.08, -2.09, -2.12, -2.7, -3.06, -3.08, -3.12, -3.15, -3.18, -3.19, -3.19, -2.4, -2.38, -2.35, -2.32, -2.29, -2.24, -2.2, -1.74, -1.98, -1.98, -2.0, -2.04, -2.43, -3.13, -3.16, -3.19, -3.22, -3.23, -3.23, -3.23, -2.36, -2.33, -2.3, -1.65, -1.66, -1.66, -1.65, -1.64, -1.61, -1.59, -1.59, -2.1, -2.62, -3.18, -3.21, -3.25, -3.28, -3.29, -3.27, -3.26, -1.62, -1.62, -1.62, -1.62, -1.61, -1.6, -1.58, -1.55, -1.51, -1.49, -1.51, -1.79, -2.57, -2.79, -2.99, -3.28, -3.3, -3.34, -3.31, -3.28, -1.61, -1.6, -1.6, -1.59, -1.58, -1.56, -1.54, -1.5, -1.44, -1.39, -1.44, -1.73, -1.9, -2.77, -2.97, -3.14, -3.35, -3.38, -3.32, -3.29, -1.59, -1.59, -1.58, -1.57, -1.55, -1.53, -1.5, -1.47, -1.42, -1.39, -1.55, -1.69, -1.84, -2.74, -2.92, -3.06, -3.16, -3.2, -3.31, -3.29, -1.58, -1.57, -1.56, -1.55, -1.53, -1.51, -1.48, -1.45, -1.42, -1.41, -1.55, -1.64, -1.78, -2.62, -2.8, -2.94, -3.04, -3.08, -3.07, -3.05, -1.57, -1.56, -1.55, -1.53, -1.52, -1.5, -1.47, -1.44, -1.41, -1.49, -1.49, -1.61, -1.76, -1.93, -2.68, -2.83, -2.92, -2.97, -2.99, -2.98, -1.56, -1.55, -1.54, -1.52, -1.51, -1.48, -1.46, -1.43, -1.39, -1.42, -1.35, -1.54, -1.71, -1.87, -2.58, -2.72, -2.82, -2.88, -2.91, -2.92, -1.55, -1.54, -1.53, -1.52, -1.5, -1.48, -1.46, -1.43, -1.54, -1.46, -1.41, -1.54, -1.7, -1.84, -2.51, -2.64, -2.74, -2.8, -2.84, -2.86, -1.55, -1.54, -1.52, -1.51, -1.49, -1.48, -1.46, -1.43, -1.58, -1.54, -1.54, -1.61, -1.72, -1.83, -2.46, -2.58, -2.68, -2.74, -2.78, -2.81, -1.54, -1.53, -1.52, -1.51, -1.49, -1.48, -1.46, -1.65, -1.63, -1.62, -1.63, -1.68, -1.75, -1.84, -2.45, -2.55, -2.63, -2.69, -2.74, -2.77]}, {"header": {"refTime": "2023-08-31T23:00:00.000Z", "nx": 21, "ny": 33, "lo1": 113.509, "la1": 22.2235, "lo2": 113.5947, "la2": 22.1034, "dx": 0.0042850000000001385, "dy": 0.003753125000000024, "parameterCategory": 0, "parameterCategoryName": "Temperature", "parameterNumber": 0}, "data": [[27.13, 27.11, 27.08, 26.85, 26.82, 27.19, 27.14, 27.09, 27.09, 27.14, 27.28, 27.42, 27.79, 27.86, 27.88, 27.9, 28.39, 28.37, 28.36, 28.35], [27.15, 27.12, 27.1, 27.06, 26.83, 26.79, 27.08, 26.97, 26.9, 27.03, 27.27, 27.48, 27.86, 27.94, 27.94, 28.41, 28.39, 28.37, 28.35, 28.35], [27.17, 27.15, 27.12, 27.08, 26.84, 26.81, 26.74, 26.86, 26.52, 26.94, 27.32, 27.6, 28.0, 28.05, 28.45, 28.41, 28.38, 28.35, 28.34, 28.33], [27.19, 27.17, 27.15, 27.12, 27.07, 26.84, 26.79, 26.7, 26.62, 27.08, 27.45, 27.81, 28.22, 28.33, 28.46, 28.4, 28.36, 28.33, 28.32, 28.32], [27.22, 27.21, 27.19, 27.17, 27.13, 26.89, 26.87, 26.84, 26.83, 27.29, 27.59, 28.35, 28.61, 28.39, 28.45, 28.38, 28.32, 28.3, 28.29, 28.3], [27.25, 27.25, 27.24, 27.22, 27.2, 27.17, 26.96, 26.97, 26.98, 26.98, 27.98, 28.22, 28.43, 28.6, 28.42, 28.34, 28.27, 28.24, 28.26, 28.27], [27.63, 27.29, 27.29, 27.29, 27.28, 27.26, 27.4, 27.08, 27.11, 27.38, 27.42, 28.0, 28.46, 28.49, 28.37, 28.3, 28.2, 28.17, 28.23, 28.27], [27.64, 27.65, 27.65, 27.64, 27.63, 27.48, 27.42, 27.35, 27.33, 27.35, 27.25, 27.86, 27.87, 28.5, 28.14, 28.15, 28.13, 28.12, 28.13, 28.14], [27.56, 27.57, 27.67, 27.68, 27.68, 27.66, 27.59, 27.4, 27.24, 27.41, 27.52, 27.68, 27.76, 27.66, 28.14, 28.15, 28.14, 28.13, 28.14, 28.14], [27.9, 27.9, 27.9, 27.62, 27.66, 27.76, 27.69, 27.59, 27.19, 27.2, 27.77, 27.58, 27.64, 27.62, 28.14, 28.16, 28.15, 28.14, 28.14, 28.15], [27.9, 27.9, 27.9, 27.9, 27.9, 27.9, 27.9, 27.9, 27.69, 27.23, 27.1, 27.52, 27.57, 27.57, 28.14, 28.16, 28.15, 28.15, 28.15, 28.15], [27.9, 27.9, 27.9, 27.9, 27.9, 27.9, 27.9, 27.9, 27.9, -999.0, 27.1, 28.2, 28.2, 27.54, 28.14, 28.16, 28.16, 26.85, 26.88, 26.89], [27.9, 27.9, 27.9, 27.9, 27.9, 27.9, 27.9, 27.9, 27.9, 27.9, -999.0, 28.2, 28.2, 26.7, 27.36, 27.3, 27.32, 27.04, 27.08, 27.11], [27.9, 27.9, 27.9, 27.9, 27.9, 27.9, 27.9, 27.9, 27.9, 27.9, -999.0, 25.9, 25.9, 25.9, 27.16, 27.12, 27.15, 26.87, 26.93, 26.98], [27.9, 27.9, 27.9, 27.9, 27.9, 27.9, 27.9, 27.4, 27.4, 27.4, 27.4, 26.82, 25.9, 25.9, 25.9, 26.91, 26.97, 26.72, 26.8, 26.86], [27.9, 27.9, 27.59, 27.58, 27.57, 27.4, 27.4, 27.4, 27.4, 27.4, 26.46, 26.56, 26.42, 26.3, 26.43, 26.78, 26.91, 26.68, 27.13, 27.21], [27.58, 27.58, 27.72, 27.72, 27.4, 27.4, 27.4, 27.4, 27.4, 27.4, 26.75, 26.57, 26.37, 26.19, 26.35, 26.32, 26.46, 26.57, 26.65, 26.71], [27.72, 27.72, 27.71, 27.69, 27.4, 27.4, 27.4, 27.4, 27.4, 27.02, 26.82, 26.59, 26.36, 26.35, 25.97, 26.27, 26.48, 26.61, 26.69, 26.74], [27.71, 27.7, 27.69, 27.4, 27.4, 27.4, 27.4, 27.4, 27.27, 27.11, 27.02, 26.84, 26.75, 26.51, 26.24, 26.4, 26.57, 26.69, 26.76, 26.8], [27.7, 27.7, 27.57, 27.56, 27.55, 27.54, 27.51, 27.45, 27.29, 27.19, 27.06, 26.91, 26.88, 26.77, 26.52, 26.61, 26.73, 26.8, 26.84, 26.86], [27.58, 27.58, 27.57, 27.52, 27.52, 27.51, 27.5, 27.49, 27.24, 27.18, 27.1, 26.98, 27.02, 26.7, 26.75, 26.83, 26.91, 26.94, 26.94, 26.92], [27.54, 27.54, 27.54, 27.53, 27.53, 27.53, 27.53, 27.63, 27.25, 27.21, 27.15, 27.06, 27.25, 26.84, 26.92, 27.02, 27.1, 27.09, 27.03, 26.98], [27.55, 27.55, 27.55, 27.69, 27.68, 27.68, 27.67, 27.67, 27.68, 27.68, 27.69, 27.77, 27.46, 26.94, 27.04, 27.19, 27.36, 27.24, 27.08, 27.01], [27.71, 27.71, 27.71, 27.7, 27.7, 27.7, 27.7, 27.7, 27.71, 27.71, 27.72, 27.95, 27.46, 27.43, 27.41, 27.25, 27.78, 27.15, 27.04, 27.0], [27.72, 27.72, 27.72, 27.72, 27.72, 27.72, 27.73, 27.73, 27.72, 27.72, 27.74, 27.94, 27.99, 27.41, 27.37, 27.33, 27.01, 26.76, 26.95, 26.98], [27.73, 27.73, 27.73, 27.74, 27.74, 27.75, 27.75, 27.75, 27.74, 27.73, 27.87, 27.94, 28.0, 27.4, 27.35, 27.34, 27.2, 27.13, 26.95, 26.96], [27.74, 27.74, 27.75, 27.75, 27.76, 27.77, 27.78, 27.78, 27.79, 27.8, 27.94, 27.97, 28.01, 27.55, 27.46, 27.38, 27.29, 27.25, 27.26, 27.3], [27.75, 27.75, 27.76, 27.76, 27.77, 27.79, 27.8, 27.82, 27.85, 27.98, 28.01, 27.7, 27.57, 27.43, 27.5, 27.43, 27.37, 27.33, 27.33, 27.34], [27.75, 27.76, 27.77, 27.78, 27.79, 27.8, 27.82, 27.85, 27.9, 28.04, 27.99, 27.79, 27.63, 27.48, 27.55, 27.48, 27.42, 27.39, 27.38, 27.37], [27.76, 27.77, 27.78, 27.78, 27.8, 27.81, 27.83, 27.87, 27.77, 27.87, 27.93, 27.79, 27.65, 27.52, 27.58, 27.51, 27.47, 27.43, 27.42, 27.41], [27.77, 27.77, 27.78, 27.79, 27.8, 27.82, 27.84, 27.87, 27.73, 27.78, 27.79, 27.73, 27.63, 27.52, 27.6, 27.54, 27.5, 27.47, 27.45, 27.44], [27.77, 27.78, 27.79, 27.8, 27.81, 27.82, 27.84, 27.66, 27.69, 27.71, 27.7, 27.66, 27.59, 27.52, 27.61, 27.56, 27.52, 27.49, 27.47, 27.46]]}]