gis_exercise/awsData/contour/wdir_2023091016.json
[{"header": {"refTime": "2023-09-10T16:00:00.000Z", "nx": 21, "ny": 33, "lo1": 113.509, "la1": 22.2235, "lo2": 113.5947, "la2": 22.1034, "dx": 0.0042850000000001385, "dy": 0.003753125000000024, "parameterCategory": 2, "parameterCategoryName": "Temperature", "parameterNumber": 2}, "data": [-1.63, -1.63, -1.62, -1.39, -1.39, -1.77, -1.75, -1.73, -1.74, -1.66, -1.72, -1.77, -2.19, -2.23, -2.38, -2.41, -2.74, -2.75, -2.76, -2.77, -1.64, -1.63, -1.62, -1.61, -1.39, -1.4, -1.72, -1.68, -1.66, -1.63, -1.72, -1.8, -2.23, -2.27, -2.41, -2.74, -2.75, -2.76, -2.77, -2.77, -1.64, -1.64, -1.63, -1.62, -1.4, -1.4, -1.41, -1.64, -1.51, -1.61, -1.74, -1.86, -2.29, -2.32, -2.72, -2.74, -2.76, -2.77, -2.78, -2.79, -1.65, -1.64, -1.64, -1.63, -1.62, -1.4, -1.41, -1.41, -1.42, -1.64, -1.78, -1.97, -2.39, -2.29, -2.71, -2.75, -2.77, -2.79, -2.8, -2.8, -1.66, -1.65, -1.65, -1.64, -1.63, -1.4, -1.4, -1.4, -1.39, -1.66, -1.8, -2.29, -2.48, -2.34, -2.72, -2.76, -2.8, -2.82, -2.82, -2.82, -1.67, -1.66, -1.66, -1.66, -1.65, -1.64, -1.41, -1.41, -1.38, -1.33, -1.99, -2.2, -2.37, -2.8, -2.72, -2.78, -2.84, -2.86, -2.85, -2.83, -2.35, -1.68, -1.68, -1.67, -1.67, -1.66, -1.53, -1.44, -1.42, -1.53, -1.53, -2.07, -2.83, -2.87, -2.74, -2.81, -2.9, -2.93, -3.03, -3.04, -2.36, -2.34, -2.31, -2.51, -2.47, -1.58, -1.55, -1.54, -1.6, -1.47, -1.24, -2.38, -2.6, -2.95, -3.07, -3.05, -3.03, -3.02, -3.03, -3.04, -2.38, -2.36, -2.33, -2.29, -2.46, -2.44, -2.43, -1.54, -2.0, -1.56, -2.12, -2.6, -3.01, -2.81, -3.11, -3.08, -3.05, -3.04, -3.05, -3.05, -3.27, -3.22, -3.15, -2.31, -2.23, -2.36, -2.53, -2.7, -2.49, -2.34, -2.4, -2.75, -3.11, -2.87, -3.14, -3.1, -3.07, -3.06, -3.06, -3.06, -3.28, -3.24, -3.16, -3.03, -2.76, -1.95, -3.02, -3.63, -3.33, -2.88, -3.21, -2.67, -2.8, -2.77, -3.14, -3.11, -3.09, -3.07, -3.07, -3.06, -3.31, -3.27, -3.22, -3.13, -3.0, -2.94, -3.38, -4.03, -4.31, -4.32, -3.44, -3.69, -3.6, -2.68, -3.13, -3.11, -3.09, -2.95, -2.94, -2.93, -3.34, -3.32, -3.29, -3.27, -3.29, -3.43, -3.68, -4.0, -4.21, -4.0, -4.2, -3.77, -3.68, -2.87, -2.84, -2.92, -2.9, -2.89, -2.89, -2.89, -3.37, -3.37, -3.37, -3.39, -3.45, -3.6, -3.79, -3.84, -3.93, -3.9, -4.19, -3.62, -3.47, -3.36, -2.73, -2.82, -2.82, -2.83, -2.84, -2.85, -3.41, -3.41, -3.43, -3.46, -3.52, -3.62, -3.71, -3.7, -3.67, -3.62, -3.55, -2.91, -3.32, -3.19, -3.1, -2.7, -2.73, -2.76, -2.78, -2.8, -3.43, -3.44, -2.58, -2.63, -2.69, -3.48, -3.46, -3.42, -3.36, -3.34, -2.8, -2.73, -2.63, -2.31, -2.31, -2.5, -2.54, -2.58, -2.47, -2.5, -2.51, -2.52, -2.54, -2.56, -3.33, -3.27, -3.17, -3.05, -2.98, -3.01, -2.59, -2.57, -2.5, -2.4, -2.11, -2.09, -2.08, -2.07, -2.07, -2.06, -2.48, -2.49, -2.49, -2.49, -3.18, -3.06, -2.87, -2.61, -2.47, -2.14, -2.23, -2.46, -2.42, -2.1, -2.12, -2.1, -2.08, -2.07, -2.07, -2.06, -2.46, -2.46, -2.45, -3.16, -3.06, -2.9, -2.64, -2.21, -1.73, -2.0, -1.65, -1.72, -2.06, -2.1, -2.1, -2.09, -2.08, -2.07, -2.06, -2.06, -2.44, -2.43, -2.2, -2.16, -2.11, -2.04, -1.94, -1.82, -1.59, -1.6, -1.63, -1.68, -2.07, -2.11, -2.09, -2.08, -2.08, -2.07, -2.06, -2.05, -2.18, -2.16, -2.13, -2.09, -2.04, -1.98, -1.9, -1.83, -1.56, -1.57, -1.59, -1.63, -2.08, -2.08, -2.08, -2.08, -2.08, -2.07, -2.06, -2.04, -2.13, -2.1, -2.07, -2.03, -1.98, -1.92, -1.85, -1.24, -1.51, -1.52, -1.54, -1.58, -1.94, -2.07, -2.08, -2.09, -2.1, -2.08, -2.05, -2.03, -2.09, -2.06, -2.02, -1.15, -1.15, -1.16, -1.17, -1.17, -1.16, -1.15, -1.13, -1.64, -1.69, -2.07, -2.08, -2.11, -2.16, -2.09, -2.03, -2.02, -1.11, -1.11, -1.12, -1.12, -1.12, -1.12, -1.12, -1.12, -1.11, -1.1, -1.09, -1.33, -1.67, -1.78, -1.88, -2.1, -2.33, -1.99, -1.97, -1.99, -1.09, -1.09, -1.09, -1.09, -1.09, -1.08, -1.08, -1.08, -1.08, -1.09, -1.06, -1.27, -1.39, -1.75, -1.85, -1.91, -1.92, -1.77, -1.92, -1.97, -1.08, -1.08, -1.07, -1.07, -1.06, -1.05, -1.04, -1.04, -1.05, -1.07, -1.14, -1.21, -1.32, -1.73, -1.8, -1.75, -1.77, -1.75, -1.93, -1.96, -1.06, -1.06, -1.05, -1.04, -1.03, -1.02, -1.01, -0.99, -0.98, -0.96, -1.06, -1.12, -1.23, -1.47, -1.58, -1.67, -1.71, -1.72, -1.72, -1.72, -1.05, -1.04, -1.04, -1.02, -1.01, -0.99, -0.97, -0.94, -0.89, -0.93, -0.9, -0.83, -0.89, -0.95, -1.5, -1.59, -1.64, -1.67, -1.68, -1.68, -1.04, -1.03, -1.02, -1.01, -0.99, -0.97, -0.94, -0.89, -0.82, -0.78, -0.6, -0.74, -0.85, -0.92, -1.43, -1.52, -1.58, -1.62, -1.64, -1.65, -1.03, -1.02, -1.01, -0.99, -0.97, -0.95, -0.92, -0.87, -0.78, -0.7, -0.65, -0.74, -0.83, -0.9, -1.38, -1.47, -1.53, -1.57, -1.6, -1.61, -1.02, -1.01, -1.0, -0.98, -0.96, -0.94, -0.91, -0.87, -0.8, -0.76, -0.74, -0.78, -0.84, -0.9, -1.35, -1.43, -1.49, -1.53, -1.56, -1.58, -1.01, -1.0, -0.99, -0.98, -0.96, -0.94, -0.91, -0.85, -0.83, -0.81, -0.8, -0.82, -0.86, -0.9, -1.34, -1.41, -1.46, -1.5, -1.53, -1.55]}, {"header": {"refTime": "2023-09-10T16:00:00.000Z", "nx": 21, "ny": 33, "lo1": 113.509, "la1": 22.2235, "lo2": 113.5947, "la2": 22.1034, "dx": 0.0042850000000001385, "dy": 0.003753125000000024, "parameterCategory": 2, "parameterCategoryName": "Temperature", "parameterNumber": 3}, "data": [0.39, 0.37, 0.35, 0.32, 0.28, 0.38, 0.33, 0.28, 0.26, 0.26, 0.37, 0.46, 0.87, 0.94, 1.34, 1.45, 2.17, 2.21, 2.25, 2.27, 0.4, 0.39, 0.36, 0.33, 0.29, 0.24, 0.28, 0.17, 0.1, 0.17, 0.35, 0.5, 0.92, 0.99, 1.39, 2.12, 2.19, 2.24, 2.28, 2.3, 0.42, 0.4, 0.38, 0.36, 0.31, 0.26, 0.16, 0.09, -0.23, 0.1, 0.38, 0.58, 1.0, 1.06, 2.02, 2.13, 2.22, 2.29, 2.33, 2.35, 0.44, 0.43, 0.41, 0.39, 0.36, 0.31, 0.23, 0.11, -0.01, 0.22, 0.49, 0.72, 1.11, 1.32, 2.0, 2.16, 2.29, 2.37, 2.4, 2.41, 0.46, 0.45, 0.44, 0.43, 0.41, 0.38, 0.35, 0.31, 0.29, 0.41, 0.61, 1.3, 1.29, 1.33, 2.01, 2.23, 2.4, 2.49, 2.5, 2.48, 0.48, 0.48, 0.48, 0.48, 0.48, 0.48, 0.48, 0.5, 0.51, 0.51, 1.24, 1.31, 1.33, 1.65, 2.08, 2.34, 2.57, 2.67, 2.62, 2.55, 1.01, 0.5, 0.51, 0.52, 0.53, 0.55, 0.84, 0.67, 0.7, 1.04, 1.07, 1.37, 1.81, 1.79, 2.17, 2.45, 2.81, 2.95, 2.75, 2.62, 1.01, 1.0, 0.99, 1.17, 1.16, 0.8, 0.84, 0.9, 1.03, 1.0, 0.84, 1.71, 1.86, 1.9, 2.45, 2.66, 2.91, 3.01, 2.87, 2.77, 1.01, 1.0, 0.99, 0.97, 1.12, 1.13, 1.16, 0.85, 1.13, 1.08, 1.43, 1.76, 1.95, 1.86, 2.42, 2.58, 2.74, 2.81, 2.79, 2.74, 1.35, 1.32, 1.29, 0.96, 0.91, 1.02, 1.15, 1.29, 1.31, 1.24, 1.6, 1.79, 1.96, 1.86, 2.4, 2.52, 2.63, 2.69, 2.7, 2.68, 1.35, 1.33, 1.29, 1.23, 1.1, 0.72, 1.24, 1.56, 1.57, 1.46, 1.73, 1.75, 1.82, 1.81, 2.4, 2.48, 2.56, 2.61, 2.63, 2.64, 1.36, 1.34, 1.32, 1.27, 1.21, 1.18, 1.4, 1.77, 1.94, 2.05, 1.81, 2.15, 2.14, 1.76, 2.41, 2.47, 2.52, 2.31, 2.33, 2.33, 1.37, 1.36, 1.35, 1.34, 1.34, 1.39, 1.5, 1.73, 1.87, 1.74, 2.01, 2.16, 2.15, 1.82, 1.79, 2.13, 2.17, 2.2, 2.23, 2.24, 1.39, 1.38, 1.38, 1.39, 1.41, 1.45, 1.48, 1.59, 1.68, 1.68, 1.98, 1.89, 1.83, 1.79, 1.7, 2.0, 2.04, 2.09, 2.12, 2.16, 1.4, 1.4, 1.41, 1.42, 1.44, 1.47, 1.51, 1.91, 2.0, 2.05, 2.08, 1.93, 1.75, 1.68, 1.65, 1.86, 1.91, 1.97, 2.03, 2.08, 1.42, 1.42, 1.51, 1.52, 1.54, 1.95, 1.96, 2.01, 2.07, 2.1, 2.0, 1.89, 1.77, 1.63, 1.58, 1.73, 1.82, 1.91, 2.26, 2.35, 1.54, 1.55, 1.57, 1.59, 2.03, 2.05, 2.08, 2.13, 2.17, 2.18, 2.01, 1.87, 1.7, 1.52, 1.54, 1.61, 1.79, 1.92, 2.02, 2.08, 1.58, 1.59, 1.62, 1.66, 2.09, 2.12, 2.18, 2.26, 2.31, 2.04, 1.88, 1.87, 1.67, 1.55, 1.19, 1.56, 1.81, 1.96, 2.06, 2.13, 1.61, 1.63, 1.66, 2.1, 2.13, 2.18, 2.25, 2.37, 2.43, 2.15, 1.9, 1.71, 1.91, 1.69, 1.53, 1.71, 1.91, 2.05, 2.14, 2.19, 1.63, 1.66, 1.85, 1.88, 1.92, 1.98, 2.08, 2.22, 2.27, 2.08, 1.88, 1.72, 2.04, 1.93, 1.85, 1.95, 2.09, 2.18, 2.23, 2.26, 1.81, 1.82, 1.84, 1.86, 1.9, 1.94, 2.0, 2.07, 2.03, 1.94, 1.82, 1.71, 2.17, 2.05, 2.1, 2.19, 2.28, 2.33, 2.34, 2.34, 1.81, 1.82, 1.83, 1.84, 1.86, 1.89, 1.91, 1.77, 1.84, 1.79, 1.73, 1.67, 1.87, 2.21, 2.3, 2.4, 2.48, 2.49, 2.45, 2.41, 1.8, 1.8, 1.81, 1.6, 1.61, 1.62, 1.62, 1.61, 1.58, 1.55, 1.52, 2.19, 2.22, 2.33, 2.43, 2.57, 2.71, 2.64, 2.53, 2.46, 1.54, 1.54, 1.54, 1.54, 1.54, 1.53, 1.51, 1.48, 1.43, 1.41, 1.41, 1.61, 2.19, 2.36, 2.51, 2.65, 3.0, 2.64, 2.54, 2.48, 1.51, 1.5, 1.5, 1.49, 1.48, 1.46, 1.43, 1.39, 1.34, 1.31, 1.32, 1.54, 1.7, 2.33, 2.48, 2.59, 2.57, 2.44, 2.5, 2.48, 1.48, 1.47, 1.46, 1.44, 1.42, 1.4, 1.36, 1.32, 1.29, 1.28, 1.36, 1.46, 1.61, 2.29, 2.42, 2.4, 2.45, 2.44, 2.48, 2.46, 1.45, 1.44, 1.42, 1.4, 1.38, 1.34, 1.31, 1.26, 1.22, 1.19, 1.27, 1.36, 1.5, 1.98, 2.15, 2.28, 2.35, 2.37, 2.37, 2.36, 1.43, 1.41, 1.39, 1.37, 1.34, 1.3, 1.26, 1.2, 1.13, 1.12, 1.09, 1.04, 1.15, 1.27, 2.03, 2.16, 2.25, 2.29, 2.3, 2.31, 1.41, 1.39, 1.37, 1.34, 1.31, 1.27, 1.22, 1.15, 1.04, 0.94, 0.73, 0.94, 1.09, 1.21, 1.93, 2.06, 2.15, 2.21, 2.24, 2.25, 1.39, 1.37, 1.35, 1.32, 1.29, 1.24, 1.19, 1.12, 0.98, 0.87, 0.8, 0.93, 1.07, 1.18, 1.86, 1.99, 2.08, 2.14, 2.18, 2.2, 1.38, 1.36, 1.33, 1.31, 1.27, 1.23, 1.18, 1.12, 1.01, 0.95, 0.94, 1.0, 1.09, 1.18, 1.82, 1.93, 2.02, 2.08, 2.13, 2.15, 1.37, 1.35, 1.32, 1.3, 1.27, 1.23, 1.19, 1.08, 1.05, 1.02, 1.02, 1.06, 1.12, 1.18, 1.8, 1.9, 1.98, 2.04, 2.08, 2.11]}, {"header": {"refTime": "2023-09-10T16:00:00.000Z", "nx": 21, "ny": 33, "lo1": 113.509, "la1": 22.2235, "lo2": 113.5947, "la2": 22.1034, "dx": 0.0042850000000001385, "dy": 0.003753125000000024, "parameterCategory": 0, "parameterCategoryName": "Temperature", "parameterNumber": 0}, "data": [[25.43, 25.43, 25.42, 25.14, 25.15, 25.44, 25.44, 25.44, 25.45, 25.3, 25.3, 25.3, 25.57, 25.58, 25.52, 25.52, 25.57, 25.56, 25.55, 25.55], [25.43, 25.43, 25.42, 25.42, 25.15, 25.17, 25.44, 25.43, 25.43, 25.32, 25.31, 25.32, 25.58, 25.59, 25.53, 25.57, 25.56, 25.55, 25.55, 25.55], [25.43, 25.43, 25.43, 25.42, 25.15, 25.17, 25.2, 25.43, 25.41, 25.33, 25.31, 25.33, 25.59, 25.6, 25.59, 25.57, 25.56, 25.55, 25.54, 25.54], [25.43, 25.43, 25.43, 25.42, 25.42, 25.16, 25.18, 25.23, 25.26, 25.3, 25.3, 25.37, 25.62, 25.44, 25.59, 25.57, 25.55, 25.53, 25.53, 25.53], [25.44, 25.44, 25.43, 25.43, 25.42, 25.14, 25.15, 25.16, 25.15, 25.22, 25.26, 25.45, 25.6, 25.48, 25.59, 25.56, 25.53, 25.52, 25.51, 25.52], [25.44, 25.44, 25.44, 25.43, 25.43, 25.42, 25.13, 25.12, 25.09, 25.01, 25.21, 25.37, 25.5, 25.67, 25.58, 25.54, 25.5, 25.49, 25.49, 25.51], [25.47, 25.45, 25.45, 25.44, 25.44, 25.42, 25.17, 25.13, 25.09, 24.99, 24.94, 25.26, 25.64, 25.65, 25.57, 25.52, 25.46, 25.44, 25.46, 25.47], [25.47, 25.47, 25.47, 25.47, 25.47, 25.23, 25.2, 25.2, 25.23, 24.94, 24.69, 25.26, 25.27, 25.65, 25.47, 25.5, 25.45, 25.44, 25.46, 25.48], [25.43, 25.43, 25.49, 25.49, 25.49, 25.48, 25.44, 25.2, 25.05, 25.02, 24.92, 25.08, 25.16, 25.06, 25.48, 25.5, 25.48, 25.47, 25.47, 25.48], [25.6, 25.6, 25.6, 25.46, 25.48, 25.53, 25.5, 25.44, 24.85, 24.89, 25.17, 24.98, 25.04, 25.02, 25.48, 25.51, 25.5, 25.49, 25.49, 25.49], [25.6, 25.6, 25.6, 25.6, 25.6, 25.6, 25.6, 25.6, 25.49, 25.03, 24.5, 24.92, 24.97, 24.97, 25.48, 25.52, 25.51, 25.5, 25.5, 25.5], [25.6, 25.6, 25.6, 25.6, 25.6, 25.6, 25.6, 25.6, 25.6, -999.0, 24.5, 25.6, 25.6, 24.94, 25.48, 25.53, 25.52, 24.89, 24.9, 24.9], [25.6, 25.6, 25.6, 25.6, 25.6, 25.6, 25.6, 25.6, 25.6, 25.6, -999.0, 25.6, 25.6, 24.88, 25.2, 25.07, 25.08, 24.97, 24.98, 24.99], [25.6, 25.6, 25.6, 25.6, 25.6, 25.6, 25.6, 25.6, 25.6, 25.6, -999.0, 24.5, 24.5, 24.5, 25.1, 25.0, 25.01, 24.9, 24.92, 24.94], [25.6, 25.6, 25.6, 25.6, 25.6, 25.6, 25.6, 25.7, 25.7, 25.7, 25.7, 25.24, 24.5, 24.5, 24.5, 24.91, 24.94, 24.84, 24.87, 24.89], [25.6, 25.6, 25.66, 25.66, 25.67, 25.7, 25.7, 25.7, 25.7, 25.7, 24.94, 25.03, 24.91, 24.82, 24.93, 24.65, 24.67, 24.63, 24.84, 24.87], [25.66, 25.66, 25.64, 25.64, 25.7, 25.7, 25.7, 25.7, 25.7, 25.7, 25.18, 25.04, 24.88, 24.73, 24.69, 24.62, 24.66, 24.69, 24.72, 24.73], [25.64, 25.64, 25.64, 25.64, 25.7, 25.7, 25.7, 25.7, 25.7, 25.4, 25.23, 25.05, 24.87, 24.7, 24.53, 24.6, 24.66, 24.7, 24.73, 24.74], [25.64, 25.64, 25.64, 25.7, 25.7, 25.7, 25.7, 25.7, 25.59, 25.47, 25.32, 25.17, 24.9, 24.76, 24.6, 24.64, 24.69, 24.72, 24.75, 24.76], [25.64, 25.64, 25.59, 25.59, 25.6, 25.61, 25.63, 25.67, 25.57, 25.46, 25.33, 25.2, 24.95, 24.85, 24.67, 24.7, 24.73, 24.75, 24.77, 24.78], [25.58, 25.58, 25.58, 25.62, 25.62, 25.63, 25.63, 25.64, 25.47, 25.41, 25.33, 25.24, 24.98, 24.72, 24.73, 24.75, 24.78, 24.79, 24.8, 24.8], [25.61, 25.61, 25.61, 25.61, 25.61, 25.61, 25.62, 25.67, 25.42, 25.39, 25.34, 25.27, 24.95, 24.76, 24.78, 24.8, 24.82, 24.82, 24.82, 24.82], [25.6, 25.6, 25.6, 25.68, 25.67, 25.67, 25.66, 25.65, 25.64, 25.64, 25.65, 25.4, 25.12, 24.79, 24.81, 24.84, 24.86, 24.86, 24.84, 24.83], [25.69, 25.68, 25.68, 25.68, 25.67, 25.67, 25.65, 25.64, 25.62, 25.61, 25.63, 25.45, 25.14, 25.07, 25.01, 24.85, 24.89, 24.88, 24.86, 24.84], [25.69, 25.69, 25.68, 25.68, 25.67, 25.67, 25.65, 25.63, 25.59, 25.55, 25.61, 25.48, 25.43, 25.08, 25.02, 24.97, 24.88, 24.88, 24.86, 24.85], [25.69, 25.69, 25.69, 25.68, 25.68, 25.67, 25.66, 25.64, 25.6, 25.56, 25.53, 25.51, 25.47, 25.09, 25.03, 25.05, 25.01, 24.99, 24.85, 24.84], [25.69, 25.69, 25.69, 25.69, 25.68, 25.68, 25.67, 25.67, 25.65, 25.66, 25.58, 25.56, 25.52, 25.26, 25.17, 25.11, 25.06, 25.05, 25.05, 25.06], [25.69, 25.69, 25.69, 25.69, 25.69, 25.69, 25.69, 25.7, 25.71, 25.66, 25.68, 25.63, 25.56, 25.49, 25.23, 25.16, 25.12, 25.09, 25.09, 25.09], [25.7, 25.7, 25.7, 25.7, 25.7, 25.7, 25.71, 25.72, 25.75, 25.75, 25.83, 25.7, 25.6, 25.52, 25.28, 25.21, 25.16, 25.14, 25.12, 25.12], [25.7, 25.7, 25.7, 25.7, 25.71, 25.71, 25.72, 25.74, 25.67, 25.74, 25.79, 25.7, 25.61, 25.54, 25.31, 25.25, 25.2, 25.17, 25.15, 25.14], [25.7, 25.7, 25.71, 25.71, 25.71, 25.72, 25.73, 25.74, 25.66, 25.69, 25.7, 25.66, 25.6, 25.55, 25.33, 25.27, 25.23, 25.2, 25.18, 25.17], [25.7, 25.71, 25.71, 25.71, 25.72, 25.72, 25.73, 25.61, 25.63, 25.64, 25.64, 25.62, 25.59, 25.54, 25.34, 25.29, 25.25, 25.22, 25.2, 25.19]]}]