gis_exercise/awsData/contour/wdir_2023091318.json
[{"header": {"refTime": "2023-09-13T18:00:00.000Z", "nx": 21, "ny": 33, "lo1": 113.509, "la1": 22.2235, "lo2": 113.5947, "la2": 22.1034, "dx": 0.0042850000000001385, "dy": 0.003753125000000024, "parameterCategory": 2, "parameterCategoryName": "Temperature", "parameterNumber": 2}, "data": [-1.94, -1.93, -1.91, -1.53, -1.53, -1.74, -1.71, -1.69, -1.68, -1.52, -1.55, -1.58, -1.86, -1.88, -2.66, -2.77, -3.07, -3.14, -3.19, -3.22, -1.95, -1.94, -1.92, -1.89, -1.53, -1.52, -1.69, -1.64, -1.61, -1.5, -1.55, -1.6, -1.88, -1.9, -2.68, -3.0, -3.11, -3.19, -3.24, -3.27, -1.97, -1.96, -1.94, -1.91, -1.54, -1.53, -1.51, -1.6, -1.46, -1.49, -1.56, -1.63, -1.91, -1.93, -2.87, -3.03, -3.17, -3.27, -3.33, -3.35, -1.99, -1.98, -1.96, -1.94, -1.9, -1.54, -1.53, -1.5, -1.47, -1.5, -1.59, -1.69, -1.97, -1.9, -2.85, -3.08, -3.27, -3.39, -3.44, -3.44, -2.01, -2.0, -1.99, -1.97, -1.95, -1.57, -1.56, -1.55, -1.53, -1.51, -1.59, -1.9, -2.01, -1.93, -2.87, -3.18, -3.44, -3.58, -3.6, -3.55, -2.03, -2.03, -2.02, -2.01, -2.0, -1.98, -1.61, -1.62, -1.59, -1.52, -1.73, -1.85, -1.95, -2.5, -2.93, -3.34, -3.73, -3.89, -3.8, -3.67, -2.7, -2.06, -2.06, -2.06, -2.05, -2.04, -1.94, -1.73, -1.71, -1.65, -1.57, -1.79, -2.57, -2.65, -3.01, -3.5, -4.12, -4.35, -4.28, -4.13, -2.71, -2.7, -2.68, -2.94, -2.9, -2.02, -1.98, -1.97, -1.98, -1.6, -1.31, -2.25, -2.46, -2.84, -3.67, -3.98, -4.36, -4.5, -4.29, -4.16, -2.73, -2.72, -2.7, -2.67, -2.91, -2.88, -2.86, -1.97, -2.3, -1.68, -2.17, -2.64, -3.21, -2.94, -3.68, -3.9, -4.12, -4.22, -4.18, -4.1, -3.5, -3.46, -3.41, -2.7, -2.65, -2.84, -2.96, -3.08, -2.73, -2.55, -2.49, -2.91, -3.4, -3.05, -3.7, -3.83, -3.97, -4.05, -4.06, -4.03, -3.5, -3.47, -3.41, -3.32, -3.12, -2.54, -3.33, -3.82, -3.62, -3.05, -3.46, -2.81, -2.97, -2.92, -3.71, -3.79, -3.88, -3.94, -3.97, -3.97, -3.52, -3.49, -3.45, -3.38, -3.29, -3.25, -3.58, -4.14, -4.4, -4.43, -3.65, -3.79, -3.73, -2.81, -3.71, -3.77, -3.83, -3.86, -3.86, -3.86, -3.54, -3.52, -3.5, -3.48, -3.48, -3.56, -3.73, -4.07, -4.29, -4.1, -4.33, -3.86, -3.78, -2.95, -2.91, -3.65, -3.67, -3.7, -3.73, -3.74, -3.56, -3.55, -3.55, -3.56, -3.59, -3.66, -3.71, -3.87, -4.01, -4.0, -4.31, -3.81, -3.67, -3.55, -2.79, -3.46, -3.5, -3.54, -3.59, -3.63, -3.58, -3.58, -3.59, -3.61, -3.64, -3.69, -3.74, -3.6, -3.58, -3.52, -3.45, -2.85, -3.48, -3.33, -3.24, -3.23, -3.3, -3.38, -3.46, -3.52, -3.6, -3.61, -2.65, -2.68, -2.72, -3.36, -3.34, -3.29, -3.24, -3.22, -2.73, -2.66, -2.57, -2.35, -2.35, -2.54, -2.58, -2.62, -2.85, -2.91, -2.58, -2.58, -2.59, -2.59, -3.2, -3.13, -3.03, -2.9, -2.83, -2.86, -2.49, -2.49, -2.44, -2.35, -2.03, -2.08, -2.08, -2.07, -2.06, -2.06, -2.54, -2.54, -2.53, -2.5, -3.04, -2.91, -2.71, -2.43, -2.29, -1.96, -2.07, -2.37, -2.35, -2.02, -2.09, -2.09, -2.08, -2.07, -2.06, -2.06, -2.51, -2.49, -2.47, -3.02, -2.92, -2.74, -2.47, -2.01, -1.49, -1.8, -1.92, -2.03, -1.93, -2.0, -2.09, -2.08, -2.07, -2.07, -2.06, -2.06, -2.48, -2.45, -2.64, -2.59, -2.5, -2.38, -2.19, -1.93, -1.63, -1.81, -1.97, -2.07, -1.91, -1.98, -2.08, -2.07, -2.07, -2.06, -2.06, -2.05, -2.69, -2.67, -2.63, -2.58, -2.52, -2.43, -2.31, -2.18, -1.92, -2.0, -2.09, -2.15, -1.91, -2.07, -2.07, -2.07, -2.07, -2.06, -2.05, -2.05, -2.69, -2.67, -2.64, -2.6, -2.56, -2.51, -2.45, -2.19, -2.17, -2.22, -2.25, -2.27, -2.54, -2.06, -2.06, -2.07, -2.07, -2.06, -2.05, -2.04, -2.69, -2.68, -2.66, -2.31, -2.32, -2.33, -2.36, -2.4, -2.46, -2.51, -2.5, -2.45, -2.5, -2.06, -2.06, -2.07, -2.09, -2.06, -2.04, -2.03, -2.33, -2.34, -2.35, -2.36, -2.38, -2.42, -2.48, -2.58, -2.7, -2.76, -2.69, -2.81, -2.52, -2.39, -2.28, -2.07, -2.16, -2.02, -2.01, -2.02, -2.36, -2.37, -2.38, -2.4, -2.44, -2.49, -2.57, -2.69, -2.9, -3.06, -2.83, -2.83, -2.72, -2.4, -2.28, -2.17, -1.99, -1.92, -1.99, -2.01, -2.38, -2.39, -2.41, -2.43, -2.47, -2.52, -2.6, -2.72, -2.9, -3.04, -2.94, -2.8, -2.71, -2.42, -2.3, -2.06, -2.02, -2.0, -1.99, -2.01, -2.39, -2.41, -2.43, -2.45, -2.49, -2.53, -2.59, -2.67, -2.74, -2.76, -2.79, -2.73, -2.68, -2.15, -2.11, -2.08, -2.06, -2.04, -2.05, -2.06, -2.4, -2.42, -2.44, -2.46, -2.49, -2.53, -2.57, -2.6, -2.62, -2.68, -2.63, -2.56, -2.52, -2.46, -2.13, -2.1, -2.08, -2.07, -2.07, -2.07, -2.41, -2.43, -2.44, -2.47, -2.49, -2.52, -2.54, -2.55, -2.54, -2.55, -2.43, -2.49, -2.5, -2.46, -2.15, -2.12, -2.1, -2.09, -2.08, -2.08, -2.42, -2.43, -2.45, -2.47, -2.48, -2.5, -2.52, -2.52, -2.55, -2.49, -2.45, -2.48, -2.48, -2.46, -2.16, -2.14, -2.12, -2.11, -2.1, -2.1, -2.42, -2.43, -2.45, -2.46, -2.48, -2.49, -2.5, -2.5, -2.54, -2.51, -2.49, -2.48, -2.48, -2.46, -2.17, -2.15, -2.13, -2.12, -2.11, -2.11, -2.42, -2.43, -2.45, -2.46, -2.47, -2.48, -2.49, -2.55, -2.54, -2.52, -2.5, -2.49, -2.48, -2.46, -2.17, -2.15, -2.14, -2.13, -2.12, -2.11]}, {"header": {"refTime": "2023-09-13T18:00:00.000Z", "nx": 21, "ny": 33, "lo1": 113.509, "la1": 22.2235, "lo2": 113.5947, "la2": 22.1034, "dx": 0.0042850000000001385, "dy": 0.003753125000000024, "parameterCategory": 2, "parameterCategoryName": "Temperature", "parameterNumber": 3}, "data": [0.19, 0.16, 0.14, 0.01, -0.01, 0.16, 0.11, 0.07, 0.08, 0.25, 0.38, 0.51, 1.03, 1.12, 1.26, 1.34, 2.2, 2.23, 2.25, 2.26, 0.2, 0.18, 0.15, 0.11, -0.01, -0.05, 0.06, -0.03, -0.08, 0.13, 0.36, 0.55, 1.09, 1.18, 1.31, 2.17, 2.21, 2.24, 2.26, 2.28, 0.22, 0.2, 0.17, 0.14, 0.0, -0.04, -0.11, -0.12, -0.41, 0.04, 0.4, 0.65, 1.2, 1.27, 2.11, 2.18, 2.23, 2.26, 2.29, 2.3, 0.24, 0.23, 0.2, 0.17, 0.12, -0.01, -0.06, -0.16, -0.24, 0.19, 0.54, 0.83, 1.35, 1.6, 2.1, 2.19, 2.26, 2.3, 2.32, 2.32, 0.27, 0.26, 0.25, 0.22, 0.18, 0.04, 0.02, -0.01, -0.01, 0.43, 0.69, 1.57, 1.58, 1.61, 2.11, 2.23, 2.31, 2.35, 2.36, 2.35, 0.31, 0.3, 0.29, 0.28, 0.25, 0.21, 0.1, 0.12, 0.15, 0.21, 1.48, 1.58, 1.62, 2.09, 2.16, 2.29, 2.39, 2.44, 2.42, 2.39, 1.12, 0.35, 0.35, 0.34, 0.33, 0.3, 0.55, 0.19, 0.24, 0.88, 1.06, 1.65, 2.29, 2.29, 2.23, 2.35, 2.5, 2.56, 2.54, 2.51, 1.14, 1.12, 1.1, 1.11, 1.08, 0.64, 0.56, 0.43, 0.4, 0.83, 0.86, 2.13, 2.34, 2.46, 2.72, 2.71, 2.69, 2.68, 2.69, 2.7, 1.16, 1.15, 1.13, 1.11, 1.12, 1.08, 1.01, 0.52, 0.71, 0.9, 1.79, 2.25, 2.59, 2.43, 2.74, 2.72, 2.7, 2.7, 2.7, 2.7, 1.77, 1.74, 1.71, 1.15, 1.13, 1.14, 1.16, 1.17, 1.06, 1.02, 2.05, 2.35, 2.63, 2.45, 2.76, 2.73, 2.72, 2.71, 2.71, 2.71, 1.78, 1.75, 1.71, 1.65, 1.51, 1.09, 1.62, 1.91, 1.53, 1.31, 2.1, 2.28, 2.39, 2.37, 2.76, 2.74, 2.73, 2.72, 2.71, 2.71, 1.79, 1.77, 1.75, 1.7, 1.64, 1.6, 1.81, 2.08, 2.19, 2.47, 2.14, 2.66, 2.69, 2.29, 2.75, 2.74, 2.73, 2.22, 2.21, 2.2, 1.81, 1.8, 1.79, 1.78, 1.8, 1.88, 2.02, 2.11, 2.16, 2.08, 2.51, 2.63, 2.66, 2.16, 2.1, 2.11, 2.1, 2.1, 2.11, 2.11, 1.83, 1.83, 1.83, 1.85, 1.89, 2.0, 2.16, 2.08, 2.08, 2.05, 2.49, 2.07, 2.0, 1.92, 1.9, 1.92, 1.94, 1.97, 1.99, 2.02, 1.84, 1.85, 1.86, 1.88, 1.93, 1.99, 2.04, 2.26, 2.27, 2.28, 2.28, 1.71, 1.81, 1.71, 1.65, 1.71, 1.76, 1.82, 1.88, 1.93, 1.86, 1.87, 1.84, 1.87, 1.9, 2.26, 2.26, 2.26, 2.27, 2.27, 1.78, 1.64, 1.48, 1.45, 1.37, 1.53, 1.65, 1.76, 1.79, 1.87, 1.84, 1.85, 1.87, 1.89, 2.26, 2.26, 2.26, 2.26, 2.26, 2.26, 1.76, 1.59, 1.38, 1.15, 1.09, 1.21, 1.41, 1.57, 1.68, 1.76, 1.86, 1.87, 1.89, 1.91, 2.26, 2.26, 2.25, 2.25, 2.25, 1.9, 1.74, 1.57, 1.33, 1.09, 0.71, 1.15, 1.43, 1.62, 1.74, 1.81, 1.87, 1.89, 1.9, 2.26, 2.26, 2.25, 2.25, 2.24, 2.16, 1.96, 1.52, 1.31, 1.49, 1.25, 1.11, 1.32, 1.56, 1.72, 1.82, 1.88, 1.88, 1.9, 1.86, 1.87, 1.88, 1.91, 1.96, 2.03, 1.93, 1.72, 1.5, 1.32, 1.62, 1.5, 1.49, 1.6, 1.76, 1.87, 1.93, 1.97, 1.82, 1.82, 1.82, 1.83, 1.83, 1.85, 1.87, 1.9, 1.67, 1.57, 1.43, 1.31, 1.76, 1.72, 1.78, 1.88, 1.98, 2.04, 2.06, 2.06, 1.79, 1.79, 1.78, 1.78, 1.78, 1.77, 1.77, 1.51, 1.47, 1.41, 1.34, 1.27, 1.45, 1.91, 2.0, 2.11, 2.2, 2.22, 2.19, 2.15, 1.76, 1.76, 1.75, 1.37, 1.37, 1.38, 1.37, 1.35, 1.31, 1.28, 1.27, 1.81, 1.94, 2.04, 2.15, 2.3, 2.43, 2.39, 2.29, 2.21, 1.33, 1.33, 1.32, 1.32, 1.31, 1.29, 1.26, 1.22, 1.15, 1.12, 1.14, 1.35, 1.9, 2.09, 2.26, 2.39, 2.69, 2.43, 2.32, 2.25, 1.3, 1.3, 1.29, 1.28, 1.26, 1.23, 1.19, 1.13, 1.03, 0.96, 1.05, 1.29, 1.46, 2.06, 2.23, 2.36, 2.38, 2.31, 2.3, 2.25, 1.28, 1.27, 1.26, 1.24, 1.22, 1.18, 1.14, 1.08, 1.01, 0.95, 1.1, 1.24, 1.4, 2.03, 2.18, 2.26, 2.31, 2.31, 2.28, 2.24, 1.26, 1.25, 1.23, 1.21, 1.18, 1.15, 1.11, 1.06, 1.02, 0.99, 1.1, 1.19, 1.33, 1.91, 2.06, 2.16, 2.22, 2.25, 2.24, 2.23, 1.24, 1.23, 1.21, 1.19, 1.16, 1.13, 1.09, 1.04, 1.0, 1.03, 1.03, 1.01, 1.11, 1.21, 1.96, 2.07, 2.14, 2.17, 2.19, 2.19, 1.23, 1.21, 1.19, 1.17, 1.14, 1.11, 1.07, 1.03, 0.97, 0.95, 0.84, 0.96, 1.07, 1.18, 1.87, 1.98, 2.06, 2.11, 2.13, 2.14, 1.22, 1.2, 1.18, 1.16, 1.13, 1.1, 1.07, 1.02, 0.97, 0.91, 0.88, 0.96, 1.06, 1.15, 1.81, 1.92, 2.0, 2.05, 2.08, 2.1, 1.21, 1.19, 1.17, 1.15, 1.13, 1.1, 1.07, 1.03, 0.99, 0.97, 0.96, 1.01, 1.08, 1.15, 1.77, 1.87, 1.95, 2.0, 2.03, 2.06, 1.2, 1.18, 1.17, 1.15, 1.13, 1.1, 1.08, 1.04, 1.02, 1.01, 1.02, 1.05, 1.1, 1.15, 1.76, 1.84, 1.91, 1.96, 2.0, 2.02]}, {"header": {"refTime": "2023-09-13T18:00:00.000Z", "nx": 21, "ny": 33, "lo1": 113.509, "la1": 22.2235, "lo2": 113.5947, "la2": 22.1034, "dx": 0.0042850000000001385, "dy": 0.003753125000000024, "parameterCategory": 0, "parameterCategoryName": "Temperature", "parameterNumber": 0}, "data": [[27.91, 27.92, 27.92, 27.8, 27.82, 28.09, 28.1, 28.1, 28.11, 28.07, 28.07, 28.08, 28.35, 28.37, 28.15, 28.13, 28.22, 28.2, 28.18, 28.17], [27.91, 27.92, 27.92, 27.93, 27.81, 27.84, 28.09, 28.1, 28.11, 28.07, 28.08, 28.1, 28.37, 28.38, 28.16, 28.24, 28.21, 28.18, 28.17, 28.16], [27.91, 27.91, 27.92, 27.92, 27.81, 27.83, 27.87, 28.09, 28.1, 28.07, 28.09, 28.12, 28.39, 28.4, 28.27, 28.23, 28.19, 28.16, 28.14, 28.13], [27.9, 27.91, 27.91, 27.91, 27.92, 27.81, 27.84, 27.9, 27.95, 28.06, 28.09, 28.16, 28.42, 28.28, 28.28, 28.21, 28.16, 28.12, 28.11, 28.11], [27.9, 27.9, 27.9, 27.9, 27.91, 27.78, 27.8, 27.81, 27.81, 28.01, 28.06, 28.28, 28.41, 28.31, 28.28, 28.18, 28.11, 28.06, 28.06, 28.07], [27.9, 27.9, 27.89, 27.89, 27.89, 27.89, 27.75, 27.74, 27.73, 27.69, 28.08, 28.22, 28.34, 28.5, 28.26, 28.14, 28.02, 27.97, 28.0, 28.04], [27.81, 27.89, 27.89, 27.89, 27.88, 27.87, 27.67, 27.7, 27.68, 27.72, 27.74, 28.14, 28.5, 28.5, 28.23, 28.09, 27.9, 27.84, 27.85, 27.9], [27.81, 27.82, 27.82, 27.81, 27.81, 27.71, 27.69, 27.67, 27.71, 27.68, 27.55, 28.16, 28.17, 28.5, 28.0, 28.08, 27.91, 27.85, 27.95, 28.01], [27.79, 27.79, 27.82, 27.83, 27.83, 27.82, 27.8, 27.68, 27.6, 27.74, 27.82, 27.98, 28.06, 27.96, 28.02, 28.12, 28.01, 27.97, 28.0, 28.03], [27.9, 27.9, 27.9, 27.81, 27.82, 27.85, 27.83, 27.8, 27.53, 27.55, 28.07, 27.88, 27.94, 27.92, 28.02, 28.15, 28.09, 28.05, 28.05, 28.07], [27.9, 27.9, 27.9, 27.9, 27.9, 27.9, 27.9, 27.9, 27.83, 27.6, 27.4, 27.82, 27.87, 27.87, 28.01, 28.18, 28.13, 28.1, 28.1, 28.1], [27.9, 27.9, 27.9, 27.9, 27.9, 27.9, 27.9, 27.9, 27.9, -999.0, 27.4, 28.5, 28.5, 27.84, 28.0, 28.2, 28.18, 27.3, 27.31, 27.31], [27.9, 27.9, 27.9, 27.9, 27.9, 27.9, 27.9, 27.9, 27.9, 27.9, -999.0, 28.5, 28.5, 27.52, 27.95, 27.45, 27.45, 27.36, 27.38, 27.38], [27.9, 27.9, 27.9, 27.9, 27.9, 27.9, 27.9, 27.9, 27.9, 27.9, -999.0, 27.0, 27.0, 27.0, 27.82, 27.39, 27.4, 27.31, 27.33, 27.34], [27.9, 27.9, 27.9, 27.9, 27.9, 27.9, 27.9, 28.2, 28.2, 28.2, 28.2, 27.74, 27.0, 27.0, 27.0, 27.32, 27.34, 27.26, 27.29, 27.31], [27.9, 27.9, 28.09, 28.09, 28.1, 28.2, 28.2, 28.2, 28.2, 28.2, 27.44, 27.53, 27.41, 27.32, 27.43, 27.18, 27.21, 27.16, 27.32, 27.34], [28.09, 28.09, 28.01, 28.01, 28.2, 28.2, 28.2, 28.2, 28.2, 28.2, 27.68, 27.54, 27.38, 27.23, 27.2, 27.16, 27.22, 27.26, 27.3, 27.32], [28.01, 28.01, 28.02, 28.02, 28.2, 28.2, 28.2, 28.2, 28.2, 27.9, 27.73, 27.55, 27.37, 27.21, 27.03, 27.14, 27.23, 27.28, 27.31, 27.33], [28.01, 28.02, 28.02, 28.2, 28.2, 28.2, 28.2, 28.2, 28.09, 27.97, 27.8, 27.65, 27.42, 27.28, 27.13, 27.19, 27.26, 27.31, 27.34, 27.35], [28.02, 28.02, 28.03, 28.04, 28.05, 28.06, 28.09, 28.15, 28.05, 27.94, 27.81, 27.68, 27.47, 27.37, 27.24, 27.27, 27.31, 27.35, 27.37, 27.38], [28.02, 28.02, 28.03, 28.08, 28.08, 28.09, 28.1, 28.11, 27.94, 27.89, 27.8, 27.71, 27.51, 27.3, 27.32, 27.35, 27.38, 27.39, 27.4, 27.41], [28.06, 28.06, 28.06, 28.07, 28.07, 28.07, 28.07, 28.11, 27.88, 27.85, 27.8, 27.73, 27.45, 27.36, 27.38, 27.41, 27.43, 27.44, 27.44, 27.43], [28.05, 28.05, 28.05, 28.12, 28.11, 28.11, 28.1, 28.09, 28.08, 28.07, 28.08, 27.88, 27.68, 27.39, 27.42, 27.45, 27.48, 27.48, 27.47, 27.46], [28.12, 28.12, 28.12, 28.11, 28.11, 28.1, 28.08, 28.06, 28.04, 28.03, 28.05, 27.9, 27.69, 27.65, 27.61, 27.48, 27.51, 27.52, 27.5, 27.47], [28.12, 28.12, 28.12, 28.11, 28.1, 28.09, 28.08, 28.05, 28.0, 27.96, 28.02, 27.92, 27.89, 27.65, 27.62, 27.59, 27.53, 27.54, 27.5, 27.48], [28.12, 28.12, 28.12, 28.11, 28.11, 28.1, 28.08, 28.05, 28.01, 27.97, 27.95, 27.95, 27.92, 27.66, 27.63, 27.67, 27.64, 27.63, 27.5, 27.48], [28.12, 28.12, 28.12, 28.11, 28.11, 28.1, 28.09, 28.08, 28.07, 28.07, 28.01, 28.0, 27.96, 27.82, 27.76, 27.71, 27.68, 27.66, 27.67, 27.67], [28.12, 28.12, 28.12, 28.12, 28.12, 28.11, 28.11, 28.11, 28.12, 28.08, 28.1, 28.08, 28.03, 27.98, 27.8, 27.75, 27.72, 27.7, 27.69, 27.69], [28.13, 28.12, 28.12, 28.12, 28.12, 28.12, 28.13, 28.14, 28.16, 28.16, 28.24, 28.14, 28.06, 28.0, 27.83, 27.78, 27.75, 27.73, 27.72, 27.72], [28.13, 28.13, 28.13, 28.13, 28.13, 28.13, 28.14, 28.15, 28.11, 28.17, 28.21, 28.14, 28.07, 28.02, 27.86, 27.81, 27.78, 27.76, 27.74, 27.74], [28.13, 28.13, 28.13, 28.13, 28.13, 28.14, 28.15, 28.16, 28.1, 28.13, 28.13, 28.11, 28.06, 28.02, 27.87, 27.83, 27.8, 27.78, 27.76, 27.75], [28.13, 28.13, 28.13, 28.14, 28.14, 28.14, 28.15, 28.06, 28.08, 28.09, 28.09, 28.08, 28.05, 28.02, 27.88, 27.84, 27.82, 27.79, 27.78, 27.77]]}]